  366         A         R         N         D         C         Q         E         G         H         I         L         K         M         F         P         S         T         W         Y         V         X    
  1 M   1 0.0000000 0.0000000 0.0000000 0.0000000 0.0000000 0.0739547 0.0000000 0.0000000 0.0000000 0.0000000 0.0136661 0.0000000 0.0031657 0.0000000 0.0000000 0.0000000 0.0000000 0.0000000 0.0000000 0.0039908 0.9052227
  2 G   2 0.0008735 0.0037719 0.0018632 0.0000000 0.0000000 0.0000000 0.0000000 0.1980969 0.0000000 0.0000000 0.0000000 0.0000000 0.0000000 0.0000000 0.0000000 0.0046512 0.0010673 0.0000000 0.0000000 0.0007885 0.7888875
  3 P   3 0.0039817 0.0086546 0.0172527 0.0035612 0.0000000 0.0350957 0.0024708 0.0198890 0.0097557 0.0037203 0.0158988 0.0024045 0.0000000 0.0000000 0.1598402 0.0832461 0.0097202 0.0000000 0.0052254 0.0000000 0.6192828
  4 V   4 0.0110165 0.1444250 0.0000000 0.0000000 0.0012071 0.0067065 0.0000000 0.0133976 0.0025869 0.0000000 0.0000000 0.2872099 0.0083626 0.0022885 0.0026921 0.0037985 0.0042769 0.0005460 0.0067680 0.0210360 0.4836819
  5 W   5 0.0000000 0.0000000 0.0000000 0.0000000 0.0000000 0.0000000 0.0000000 0.0000000 0.0000000 0.0011500 0.0012043 0.0000000 0.0000000 0.0047203 0.0000000 0.0000000 0.0012700 0.5644928 0.0000000 0.0000000 0.4271627
  6 R   6 0.0105949 0.0801250 0.0606789 0.0763571 0.0000000 0.0320103 0.0453605 0.0195540 0.0198864 0.0022089 0.0054882 0.0640318 0.0030609 0.0026442 0.0412503 0.0590044 0.0519522 0.0000000 0.0172927 0.0023484 0.4061508
  7 K   7 0.0000000 0.0454356 0.0238300 0.0122401 0.0000000 0.0203973 0.0095425 0.0024353 0.0766863 0.0018561 0.0000000 0.3433439 0.0017106 0.0000000 0.0024470 0.0132553 0.0239255 0.0000000 0.0043361 0.0188083 0.3997500
  8 H   8 0.0031858 0.0992692 0.0993072 0.0118645 0.0000000 0.0177835 0.0056171 0.0040046 0.0347730 0.0007321 0.0100325 0.1055383 0.0053181 0.0194047 0.0086900 0.0369073 0.1281462 0.0005728 0.0103092 0.0031425 0.3954014
  9 Y   9 0.0103204 0.0108489 0.1458048 0.1032541 0.0000000 0.0222678 0.0243607 0.0000000 0.1023552 0.0128744 0.0146441 0.0278555 0.0035770 0.0062526 0.0037206 0.0184026 0.0660402 0.0000000 0.0081411 0.0298683 0.3894116
 10 I  10 0.0000000 0.0000000 0.0000000 0.0000000 0.0000000 0.0000000 0.0000000 0.0000000 0.0000000 0.1492346 0.4179523 0.0000000 0.0011706 0.0000000 0.0000000 0.0000000 0.0000000 0.0000000 0.0000000 0.0435971 0.3880454
 11 T  11 0.0000000 0.0062020 0.0040854 0.0000000 0.0000000 0.0014928 0.0000000 0.0000000 0.0000000 0.0010155 0.0025015 0.0320259 0.0000000 0.0070861 0.0000000 0.0518548 0.5025942 0.0000000 0.0014542 0.0045037 0.3851840
 12 Y  12 0.0000000 0.0000000 0.0000000 0.0000000 0.0000000 0.0000000 0.0000000 0.0000000 0.0012071 0.0000000 0.0000000 0.0000000 0.0000000 0.0424125 0.0000000 0.0000000 0.0000000 0.1439855 0.4267545 0.0000000 0.3856405
 13 R  13 0.0358380 0.2926047 0.0116210 0.0022956 0.0070255 0.0094671 0.0012775 0.0166675 0.0071798 0.0000000 0.0000000 0.0698747 0.0008113 0.0138263 0.0000000 0.1216730 0.0066305 0.0068865 0.0167206 0.0008696 0.3787309
 14 I  14 0.0007381 0.0008860 0.0000000 0.0000000 0.0072565 0.0000000 0.0000000 0.0000000 0.0000000 0.3573706 0.1082801 0.0000000 0.0067157 0.0727818 0.0000000 0.0000000 0.0005155 0.0000000 0.0028344 0.0642775 0.3783438
 15 N  15 0.0264218 0.0412376 0.0205479 0.0149542 0.0000000 0.0409218 0.0491364 0.0112815 0.0124047 0.0348456 0.1237304 0.0339514 0.0179307 0.0154849 0.0053728 0.0572154 0.0178970 0.0007550 0.0096631 0.0866005 0.3796473
 16 N  16 0.0095165 0.0267214 0.2952472 0.0079742 0.0014622 0.0125006 0.0079921 0.0458358 0.0021741 0.0000000 0.0000000 0.0425476 0.0000000 0.0000000 0.0126089 0.0882724 0.0465348 0.0000000 0.0004932 0.0019933 0.3981257
 17 Y  17 0.0028658 0.0037063 0.0041640 0.0264598 0.0006338 0.0101606 0.0093209 0.0121803 0.0189000 0.0026834 0.0299994 0.0025501 0.0034366 0.0908892 0.0021848 0.0224248 0.0316508 0.0280523 0.2869259 0.0152558 0.3955553
 18 T  18 0.0112577 0.0000000 0.0167139 0.0000000 0.0010317 0.0000000 0.0000000 0.0080183 0.0027842 0.0037680 0.0049836 0.0000000 0.0011903 0.0012457 0.1938602 0.1025778 0.2534070 0.0026169 0.0031083 0.0071693 0.3862670
 19 P  19 0.0123823 0.0458482 0.0376536 0.0155767 0.0009004 0.0367279 0.0243775 0.0070637 0.0061472 0.0034091 0.0105229 0.0205056 0.0021468 0.0007532 0.2159872 0.1106264 0.0382930 0.0152778 0.0031523 0.0082609 0.3843874
 20 D  20 0.0053753 0.0340379 0.0484220 0.2388127 0.0007207 0.0610300 0.0051825 0.0297625 0.0236118 0.0000000 0.0017112 0.0583418 0.0000000 0.0033157 0.0018727 0.0355659 0.0356092 0.0013793 0.0250919 0.0059915 0.3841655
 21 M  21 0.0083071 0.0000000 0.0041448 0.0000000 0.0000000 0.0060921 0.0019717 0.0012271 0.0009866 0.0413283 0.3788821 0.0025249 0.0997349 0.0100774 0.0031505 0.0007522 0.0021480 0.0023015 0.0148195 0.0507897 0.3707618
 22 N  22 0.0314084 0.0179064 0.0413431 0.0670737 0.0000000 0.0031708 0.0224670 0.0792372 0.0027433 0.0048009 0.0126735 0.0191404 0.0005006 0.0020258 0.1183560 0.1550948 0.0436113 0.0000000 0.0009579 0.0084427 0.3690461
 23 R  23 0.0420634 0.1400680 0.0096394 0.0133203 0.0000000 0.0540905 0.0722916 0.0099230 0.0171860 0.0176275 0.0177573 0.0651333 0.0058690 0.0026292 0.0792281 0.0245410 0.0256682 0.0065356 0.0068256 0.0212190 0.3683838
 24 E  24 0.1135181 0.0157189 0.0404627 0.0903667 0.0000000 0.0259690 0.0906014 0.0297364 0.0173781 0.0015331 0.0111057 0.0150862 0.0012926 0.0039919 0.0194620 0.0976228 0.0204785 0.0000000 0.0220109 0.0134446 0.3702203
 25 D  25 0.0616886 0.0196294 0.0129112 0.1223120 0.0000000 0.0555220 0.1445817 0.0065734 0.0089593 0.0133426 0.0201146 0.0176663 0.0048055 0.0012804 0.0038711 0.0207721 0.0689301 0.0000000 0.0019012 0.0462486 0.3688899
 26 V  26 0.0244641 0.0031338 0.0000000 0.0000000 0.0000000 0.0460903 0.0040454 0.0000000 0.0000000 0.0799590 0.0189161 0.0000000 0.0141596 0.0041668 0.0000000 0.0141609 0.0755666 0.0000000 0.0028777 0.3436297 0.3688301
 27 D  27 0.0113348 0.2297206 0.0088419 0.1602162 0.0000000 0.0224753 0.0581153 0.0030870 0.0186060 0.0024979 0.0102213 0.0551244 0.0055226 0.0082374 0.0000000 0.0091210 0.0082667 0.0033652 0.0076700 0.0085379 0.3690385
 28 Y  28 0.0636594 0.0931259 0.0444534 0.0973267 0.0000000 0.0339942 0.0629404 0.0200646 0.0062621 0.0016035 0.0085476 0.0547215 0.0031682 0.0104935 0.0015608 0.0599612 0.0392033 0.0008724 0.0239677 0.0041194 0.3699542
 29 A  29 0.2681823 0.0000000 0.0014667 0.0078701 0.0012654 0.0033593 0.0619458 0.0174221 0.0000000 0.0539955 0.0662836 0.0000000 0.0079350 0.0051840 0.0016985 0.0157320 0.0527371 0.0000000 0.0000000 0.0670192 0.3679035
 30 I  30 0.0181048 0.0000000 0.0000000 0.0000000 0.0039201 0.0000000 0.0000000 0.0024470 0.0000000 0.2352464 0.1034622 0.0000000 0.0565553 0.1048423 0.0000000 0.0000000 0.0133309 0.0000000 0.0014621 0.0947196 0.3659094
 31 R  31 0.1224008 0.1522516 0.0158546 0.0140865 0.0000000 0.0672729 0.0729741 0.0105279 0.0318666 0.0018492 0.0137041 0.0390559 0.0000000 0.0046587 0.0000000 0.0372051 0.0216595 0.0016640 0.0264711 0.0032769 0.3632204
 32 K  32 0.0434058 0.1704736 0.0180849 0.0231158 0.0000000 0.0520308 0.0444541 0.0019688 0.0113477 0.0065885 0.0249506 0.1546560 0.0084564 0.0045730 0.0000000 0.0192000 0.0221027 0.0014621 0.0284245 0.0014845 0.3632204
 33 A  33 0.6061979 0.0000000 0.0000000 0.0000000 0.0000000 0.0000000 0.0000000 0.0079047 0.0000000 0.0014845 0.0000000 0.0000000 0.0036821 0.0000000 0.0000000 0.0127877 0.0022303 0.0000000 0.0000000 0.0040160 0.3616967
 34 F  34 0.0115560 0.0000000 0.0000000 0.0000000 0.0000000 0.0010099 0.0000000 0.0000000 0.0000000 0.0103021 0.1576188 0.0000000 0.0031214 0.4410484 0.0000000 0.0012097 0.0011496 0.0037470 0.0033762 0.0041640 0.3616967
 35 Q  35 0.0535780 0.0814078 0.0282449 0.0648670 0.0012700 0.1172501 0.0332573 0.0365546 0.0088620 0.0000000 0.0021122 0.1456724 0.0107397 0.0000000 0.0000000 0.0406694 0.0119480 0.0009963 0.0026571 0.0004704 0.3594432
 36 V  36 0.0461176 0.0360137 0.0000000 0.0081229 0.0000000 0.0251302 0.0201300 0.0000000 0.0043983 0.0298455 0.0919173 0.0262404 0.0622665 0.0038427 0.0000000 0.0051196 0.0168865 0.0022602 0.0154203 0.2468452 0.3594432
 37 W  37 0.0000000 0.0017951 0.0000000 0.0000000 0.0000000 0.0000000 0.0000000 0.0000000 0.0000000 0.0029258 0.0000000 0.0000000 0.0000000 0.0050762 0.0000000 0.0000000 0.0000000 0.6301121 0.0022326 0.0000000 0.3578581
 38 S  38 0.0890422 0.0050250 0.0000000 0.0130540 0.0000000 0.0450811 0.0877958 0.0147133 0.0000000 0.0000000 0.0000000 0.0042133 0.0011031 0.0000000 0.0000000 0.3656167 0.0129936 0.0000000 0.0000000 0.0020973 0.3592645
 39 N  39 0.0443247 0.0370129 0.0751546 0.1771953 0.0000000 0.0257093 0.0971385 0.0145297 0.0065641 0.0072886 0.0019651 0.0696637 0.0057393 0.0000000 0.0017934 0.0558374 0.0103332 0.0000000 0.0014539 0.0119654 0.3563310
 40 V  40 0.0713540 0.0011057 0.0195364 0.0027064 0.0000000 0.0096457 0.0210682 0.0023379 0.0180625 0.0247978 0.0108034 0.0036552 0.0000000 0.0047781 0.0050152 0.0027362 0.0086172 0.0000000 0.0316751 0.3997765 0.3623287
 41 T  41 0.0749428 0.0000000 0.0000000 0.0000000 0.0000000 0.0000000 0.0000000 0.0054339 0.0000000 0.0414197 0.0106159 0.0019933 0.0040451 0.0011769 0.0000000 0.1678926 0.3183727 0.0000000 0.0000000 0.0176395 0.3564677
 42 P  42 0.0238823 0.0154691 0.0653718 0.0360791 0.0000000 0.0059984 0.0013077 0.0298479 0.0079780 0.0019933 0.0067172 0.0291192 0.0083958 0.0000000 0.3624956 0.0276279 0.0170998 0.0000000 0.0014208 0.0027285 0.3564677
 43 L  43 0.0006376 0.0026169 0.0000000 0.0000000 0.0000000 0.0000000 0.0000000 0.0000000 0.0000000 0.0298947 0.5476815 0.0000000 0.0046249 0.0326371 0.0024914 0.0000000 0.0000000 0.0048947 0.0011769 0.0242323 0.3491119
 44 K  44 0.0070057 0.0764820 0.0673963 0.0406839 0.0000000 0.0185720 0.0324623 0.0034135 0.0027409 0.0088262 0.0049690 0.0587855 0.0033386 0.0006129 0.0007067 0.0573565 0.2474394 0.0039478 0.0013524 0.0172225 0.3466860
 45 F  45 0.0000000 0.0000000 0.0000000 0.0000000 0.0011706 0.0000000 0.0000000 0.0000000 0.0000000 0.0162673 0.0071043 0.0000000 0.0000000 0.6259969 0.0020662 0.0010392 0.0000000 0.0000000 0.0000000 0.0000000 0.3463555
 46 S  46 0.0091614 0.1086229 0.0120616 0.0056905 0.0022395 0.0524665 0.0418414 0.0024777 0.0272083 0.0188282 0.0156927 0.0296549 0.0026186 0.0046945 0.0000000 0.0495167 0.1766958 0.0124184 0.0108173 0.0663172 0.3509760
 47 K  47 0.0116855 0.1360142 0.0034966 0.0064017 0.0000000 0.0471637 0.3447801 0.0023178 0.0043171 0.0000000 0.0034859 0.0635233 0.0028690 0.0029118 0.0077976 0.0097046 0.0000000 0.0011772 0.0051809 0.0000000 0.3471730
 48 I  48 0.0494717 0.0096298 0.0033917 0.0133378 0.0000000 0.0010558 0.0033457 0.0000000 0.0000000 0.1104691 0.0577036 0.0218294 0.0063064 0.0036462 0.0034225 0.0230843 0.0660192 0.0009244 0.0102378 0.2638165 0.3523083
 49 N  49 0.0637043 0.0299116 0.0625276 0.0318040 0.0000000 0.0294918 0.0166968 0.0217356 0.0412395 0.0032953 0.0102935 0.0337453 0.0064298 0.0175636 0.0657367 0.0808057 0.0574797 0.0021914 0.0677839 0.0088208 0.3487429
 50 T  50 0.0357705 0.0236644 0.0281314 0.1299368 0.0000000 0.0139729 0.0614933 0.0389280 0.0098115 0.0027391 0.0089293 0.0278215 0.0026312 0.0070141 0.0133164 0.1408940 0.0487249 0.0049311 0.0370125 0.0172000 0.3470771
 51 G  51 0.0346312 0.0151189 0.0391585 0.0509047 0.0000000 0.0328376 0.0570202 0.2440327 0.0139559 0.0014152 0.0078624 0.0139037 0.0000000 0.0000000 0.0263085 0.0611351 0.0334250 0.0013641 0.0076384 0.0104799 0.3488081
 52 M  52 0.0250409 0.0442027 0.0426640 0.0732507 0.0000000 0.0440965 0.1482070 0.0158421 0.0073931 0.0206022 0.0041186 0.0378663 0.0038532 0.0004766 0.0611593 0.0458600 0.0448974 0.0078487 0.0098724 0.0110726 0.3516759
 53 A  53 0.4444488 0.0000000 0.0055712 0.0038588 0.0014158 0.0000000 0.0041027 0.0266701 0.0071807 0.0031358 0.0000000 0.0000000 0.0000000 0.0000000 0.0549177 0.0402711 0.0032073 0.0000000 0.0000000 0.0538431 0.3513768
 54 D  54 0.0113758 0.0000000 0.0416010 0.5408131 0.0000000 0.0009963 0.0058686 0.0029743 0.0218615 0.0007177 0.0028747 0.0034820 0.0093936 0.0000000 0.0019864 0.0029696 0.0019922 0.0000000 0.0000000 0.0036240 0.3474694
 55 I  55 0.0006982 0.0026703 0.0000000 0.0039447 0.0000000 0.0050828 0.0010767 0.0022445 0.0000000 0.5558131 0.0357070 0.0000000 0.0074837 0.0056159 0.0038459 0.0020638 0.0046538 0.0000000 0.0022536 0.0216301 0.3452158
 56 L  56 0.0017410 0.0864388 0.0221122 0.0271148 0.0000000 0.0511724 0.0530605 0.0057267 0.0033567 0.0270832 0.0523011 0.0676116 0.1442247 0.0054763 0.0000000 0.0085655 0.0513369 0.0000000 0.0071599 0.0417935 0.3437242
 57 V  57 0.0010767 0.0040303 0.0014916 0.0026234 0.0006626 0.0000000 0.0024914 0.0024267 0.0000000 0.4166225 0.0740099 0.0000000 0.0089019 0.0169241 0.0058923 0.0027294 0.0039010 0.0000000 0.0014588 0.1110333 0.3437242
 58 V  58 0.0506662 0.0468305 0.0199602 0.0550074 0.0013911 0.0164096 0.0124758 0.0781660 0.0037409 0.0210463 0.0524863 0.0314379 0.0070790 0.0399562 0.0014443 0.1664748 0.0248702 0.0000000 0.0122710 0.0130200 0.3452662
 59 F  59 0.0091323 0.0018053 0.0000000 0.0081368 0.0000000 0.0010112 0.0021800 0.0099191 0.0011031 0.0025028 0.0033515 0.0072027 0.0000000 0.5777464 0.0036240 0.0035372 0.0046315 0.0131347 0.0057152 0.0000000 0.3452662
 60 A  60 0.1714626 0.0203045 0.0107770 0.0094155 0.0000000 0.0046042 0.0354247 0.1180633 0.0449586 0.0070076 0.0137331 0.0076152 0.0011325 0.0335032 0.0083807 0.0316522 0.0291227 0.0063367 0.0474833 0.0492411 0.3497812
 61 R  61 0.0345139 0.1801984 0.0329914 0.0077721 0.0000000 0.0335723 0.0309197 0.0265655 0.0110433 0.0107120 0.0047266 0.0373581 0.0028044 0.0052547 0.0160775 0.1147122 0.0552463 0.0040691 0.0164216 0.0301697 0.3448711
 62 G  62 0.0361266 0.0913665 0.0179264 0.0006489 0.0000000 0.0210955 0.0206824 0.2923532 0.0035634 0.0102480 0.0183186 0.0321886 0.0072281 0.0130788 0.0036771 0.0264777 0.0112253 0.0144867 0.0288411 0.0043525 0.3461146
 63 A  63 0.0365404 0.0286628 0.0558718 0.1845524 0.0000000 0.0139516 0.1021580 0.0123787 0.0129739 0.0024556 0.0063881 0.0126569 0.0031185 0.0627502 0.0040735 0.0337447 0.0184835 0.0150456 0.0339264 0.0166642 0.3436032
 64 H  64 0.0035477 0.0034953 0.0016381 0.0033915 0.0000000 0.0033616 0.0000000 0.0132326 0.5789380 0.0000000 0.0055176 0.0013400 0.0012505 0.0024914 0.0028861 0.0142836 0.0044586 0.0077792 0.0015436 0.0000000 0.3508447
 65 G  65 0.0143398 0.0156884 0.0630665 0.0186875 0.0000000 0.0200549 0.0090000 0.4110825 0.0022562 0.0022717 0.0024675 0.0139473 0.0000000 0.0009702 0.0010908 0.0280675 0.0246917 0.0027163 0.0267976 0.0000000 0.3428037
 66 D  66 0.0000000 0.0174625 0.0007322 0.5081950 0.0678976 0.0000000 0.0063011 0.0007762 0.0038028 0.0061955 0.0022536 0.0027191 0.0025302 0.0000000 0.0079315 0.0037870 0.0088013 0.0055895 0.0045834 0.0077871 0.3426545
 67 D  67 0.0239685 0.0240935 0.0550712 0.0118599 0.0307840 0.0075813 0.0109704 0.1859463 0.0056294 0.0080058 0.0130067 0.0116827 0.0037945 0.0553223 0.0713512 0.1113933 0.0075852 0.0048701 0.0148021 0.0128100 0.3294717
 68 H  68 0.0128574 0.0388583 0.0634354 0.0279287 0.0092306 0.0162940 0.0341579 0.0089205 0.0228645 0.0164745 0.0260420 0.0074198 0.0032344 0.0378370 0.0180359 0.0875887 0.0152182 0.0202646 0.1951392 0.0090720 0.3291264
 69 A  69 0.0598321 0.0136179 0.0170900 0.0165221 0.0244123 0.0027036 0.0040798 0.0075732 0.0091918 0.0088420 0.0173073 0.0134186 0.0029258 0.0039018 0.3657597 0.0523485 0.0171860 0.0032697 0.0088240 0.0251972 0.3259966
 70 F  70 0.0044746 0.0144559 0.0032697 0.0034855 0.0000000 0.0016283 0.0059876 0.0039689 0.0022536 0.0066163 0.0080420 0.0101068 0.0027041 0.5839158 0.0055693 0.0104841 0.0052099 0.0000000 0.0052733 0.0032292 0.3193251
 71 D  71 0.0024470 0.0105239 0.0062574 0.5570109 0.0000000 0.0120916 0.0010076 0.0062051 0.0024293 0.0021719 0.0198621 0.0101195 0.0013047 0.0176224 0.0060948 0.0063608 0.0050581 0.0026664 0.0121216 0.0019864 0.3166587
 72 G  72 0.0081450 0.0093967 0.0042986 0.0156143 0.0064383 0.0036240 0.0091538 0.5819287 0.0000000 0.0017286 0.0013971 0.0030331 0.0016158 0.0058584 0.0063975 0.0045938 0.0093170 0.0028044 0.0027828 0.0061255 0.3157465
 73 K  73 0.0176008 0.0441904 0.0075598 0.0140160 0.0030453 0.0255351 0.0526374 0.0108350 0.0026956 0.0045701 0.0232996 0.0764851 0.0023948 0.0093952 0.3013425 0.0299843 0.0223627 0.0027492 0.0068488 0.0233266 0.3191256
 74 G  74 0.0142299 0.0095029 0.0403460 0.0483014 0.0026703 0.0080407 0.0212208 0.3988468 0.0093615 0.0022536 0.0314680 0.0085932 0.0074029 0.0055571 0.0068634 0.0248981 0.0199864 0.0087624 0.0093032 0.0037768 0.3186146
 75 G  75 0.0054738 0.0256990 0.0583529 0.0168310 0.0000000 0.0425385 0.0086865 0.4139622 0.0080822 0.0063806 0.0020001 0.0285819 0.0025946 0.0009437 0.0026169 0.0089082 0.0142883 0.0019922 0.0222610 0.0102961 0.3195104
 76 I  76 0.0278328 0.0024801 0.0123233 0.0065435 0.0000000 0.0096545 0.0428308 0.0185628 0.0031293 0.1031424 0.0488662 0.0139208 0.0008613 0.0467575 0.0046047 0.0175528 0.1665473 0.0000000 0.0045295 0.1632443 0.3066158
 77 L  77 0.0116870 0.0048306 0.0000000 0.0021480 0.0019584 0.0052958 0.0078255 0.0024801 0.0000000 0.0229892 0.5289728 0.0023508 0.0025580 0.0217578 0.0027828 0.0108046 0.0163817 0.0000000 0.0081585 0.0390020 0.3080165
 78 A  78 0.5749988 0.0068442 0.0000000 0.0026664 0.0104385 0.0026169 0.0110302 0.0434595 0.0000000 0.0032697 0.0038306 0.0038076 0.0036542 0.0094493 0.0014239 0.0106072 0.0000000 0.0000000 0.0013531 0.0039339 0.3066158
 79 H  79 0.0062904 0.0000000 0.0037025 0.0064724 0.0000000 0.0051147 0.0051740 0.0016948 0.5918271 0.0140625 0.0027191 0.0005009 0.0000000 0.0056446 0.0107824 0.0095071 0.0138225 0.0068540 0.0025432 0.0019384 0.3113495
 80 A  80 0.5923466 0.0032759 0.0000000 0.0054375 0.0066219 0.0019584 0.0024914 0.0197656 0.0000000 0.0000000 0.0010386 0.0029794 0.0000000 0.0046819 0.0018744 0.0213416 0.0176252 0.0000000 0.0026169 0.0023508 0.3135941
 81 F  81 0.0112761 0.0000000 0.0050369 0.0194091 0.0013531 0.0011068 0.0144696 0.0042290 0.0007416 0.0125831 0.0061926 0.0046082 0.0029050 0.4032551 0.0045944 0.0091222 0.0145220 0.0199003 0.1459295 0.0060782 0.3126872
 82 G  82 0.0728545 0.0147465 0.0000000 0.0093868 0.0020224 0.0260912 0.0026933 0.0284486 0.0065764 0.0209417 0.0378732 0.0014208 0.0067130 0.2259228 0.0788053 0.0394151 0.0163199 0.0032697 0.0903712 0.0040526 0.3120750
 83 P  83 0.0160108 0.0131049 0.0057343 0.0023508 0.0000000 0.0033684 0.0035571 0.0054730 0.0047359 0.0000000 0.0071922 0.0027672 0.0020973 0.0000000 0.5867460 0.0089629 0.0015045 0.0000000 0.0033488 0.0000000 0.3330458
 84 G  84 0.0112930 0.0234218 0.0346398 0.0190211 0.0021253 0.0165318 0.0347374 0.2395586 0.0089676 0.0065987 0.0075561 0.0189614 0.0058810 0.0073939 0.0656003 0.0400675 0.0260347 0.0082184 0.0081801 0.0151555 0.4000561
 85 S  85 0.0168774 0.0260732 0.0778703 0.0445730 0.0018116 0.0164178 0.0452347 0.0119582 0.0341442 0.0062439 0.0134973 0.0166366 0.0009525 0.0161906 0.1168605 0.0529713 0.0446978 0.0006721 0.0415678 0.0056324 0.4091167
 86 G  86 0.0098998 0.0114022 0.0170481 0.0430105 0.0026664 0.0017334 0.0115435 0.3066572 0.0268429 0.0031663 0.0104631 0.0025499 0.0038948 0.0046034 0.0387330 0.0193813 0.0124886 0.0009525 0.0019433 0.0029732 0.4680467
 87 I  87 0.0094469 0.0614607 0.0083865 0.0137608 0.0308558 0.0127082 0.0556622 0.0051518 0.0138133 0.1658187 0.0644999 0.0146456 0.0161720 0.0121775 0.0060942 0.0136059 0.0340588 0.0045020 0.0159533 0.0308472 0.4103787
 88 G  88 0.0652744 0.0177666 0.0212359 0.0419000 0.0078202 0.0269180 0.0285490 0.2393859 0.0047864 0.0064254 0.0408804 0.0180667 0.0024801 0.0082594 0.0093163 0.0459857 0.0039259 0.0045891 0.0074823 0.0113445 0.3876077
 89 G  89 0.0225204 0.0024801 0.0072391 0.0046801 0.0000000 0.0018920 0.0000000 0.5839036 0.0022750 0.0012110 0.0110899 0.0074811 0.0000000 0.0000000 0.0036211 0.0172271 0.0349745 0.0000000 0.0036240 0.0060795 0.2897017
 90 D  90 0.0000000 0.0475251 0.0112310 0.4199082 0.0000000 0.0143861 0.0672917 0.0186590 0.0117072 0.0076014 0.0071295 0.0042669 0.0086143 0.0010908 0.0043106 0.0178977 0.0479441 0.0016827 0.0000000 0.0159975 0.2927563
 91 A  91 0.1768151 0.0019584 0.0022750 0.0030913 0.0055918 0.0061574 0.0013443 0.0033766 0.0000000 0.1378779 0.0546134 0.0046240 0.0083552 0.0387545 0.0000000 0.0341870 0.1021167 0.0027672 0.0026664 0.1337095 0.2797185
 92 H  92 0.0055142 0.0078959 0.0204401 0.0075245 0.0063833 0.0046195 0.0027672 0.0016827 0.5851515 0.0045143 0.0052004 0.0000000 0.0000000 0.0296744 0.0051336 0.0153889 0.0018047 0.0112903 0.0032318 0.0085606 0.2732221
 93 F  93 0.0000000 0.0016827 0.0022750 0.0022445 0.0000000 0.0027828 0.0000000 0.0036240 0.0000000 0.0176526 0.0593999 0.0023137 0.0047103 0.5697831 0.0000000 0.0057492 0.0023508 0.0000000 0.0459052 0.0065607 0.2729655
 94 D  94 0.0048320 0.0035419 0.0452681 0.6002513 0.0000000 0.0138368 0.0036100 0.0134260 0.0061467 0.0000000 0.0000000 0.0213704 0.0000000 0.0000000 0.0027828 0.0028044 0.0009130 0.0000000 0.0014239 0.0089720 0.2708207
 95 E  95 0.0930500 0.0145068 0.0285565 0.2254760 0.0010392 0.0116915 0.1527824 0.0506886 0.0000000 0.0024463 0.0161523 0.0213713 0.0113395 0.0039471 0.0092531 0.0495594 0.0171188 0.0000000 0.0134838 0.0074822 0.2700553
 96 D  96 0.0878883 0.0030371 0.0136806 0.4103917 0.0000000 0.0071987 0.0702315 0.0130369 0.0113899 0.0013971 0.0056886 0.0130601 0.0000000 0.0022750 0.0023508 0.0579520 0.0176309 0.0000000 0.0042293 0.0062701 0.2722915
 97 E  97 0.0058070 0.0223261 0.0036763 0.0059615 0.0043822 0.0120784 0.5652772 0.0013443 0.0203551 0.0033172 0.0014007 0.0205116 0.0013047 0.0054174 0.0109813 0.0055270 0.0090437 0.0024801 0.0203363 0.0041561 0.2743158
 98 F  98 0.0169662 0.0538981 0.0690481 0.0165812 0.0000000 0.0305385 0.0139743 0.0072918 0.0455392 0.0327190 0.0513310 0.0785830 0.0117672 0.0419693 0.0585976 0.0216317 0.1215576 0.0016871 0.0410254 0.0144161 0.2708773
 99 W  99 0.0018053 0.0016827 0.0070284 0.0032697 0.0000000 0.0000000 0.0027592 0.0000000 0.0038261 0.0000000 0.0031834 0.0048609 0.0000000 0.0976626 0.0000000 0.0019584 0.0125544 0.5664163 0.0253549 0.0000000 0.2676379
100 T 100 0.0102861 0.0026664 0.0311037 0.0128015 0.0014622 0.0037534 0.0112884 0.0463243 0.0035697 0.0148712 0.0127271 0.0182715 0.0024494 0.0164405 0.0000000 0.1128173 0.3860042 0.0032770 0.0046367 0.0405552 0.2646943
101 T 101 0.0246416 0.0110887 0.0493830 0.0401927 0.0095654 0.0205737 0.0527432 0.0354280 0.0216499 0.0694556 0.0518685 0.0523974 0.0141467 0.0755839 0.0347566 0.0365636 0.0396020 0.0141380 0.0284108 0.0465186 0.2712921
102 H 102 0.0165615 0.0516221 0.0943173 0.0989180 0.0287816 0.0114219 0.0314827 0.1219626 0.0071499 0.0076819 0.0107023 0.0222621 0.0041988 0.0246475 0.0492375 0.0742672 0.0446418 0.0057964 0.0131705 0.0110510 0.2701253
103 S 103 0.0293173 0.0292033 0.0636833 0.0736710 0.0023807 0.0221913 0.0478152 0.0376034 0.0263830 0.0080633 0.0134265 0.0205176 0.0049454 0.0203408 0.0850750 0.1579305 0.0491496 0.0007483 0.0295657 0.0094501 0.2685386
104 G 104 0.0344552 0.0804515 0.0421431 0.0745636 0.0000000 0.0507459 0.0545539 0.0592897 0.0311861 0.0115444 0.0128366 0.0480758 0.0181361 0.0103523 0.0229795 0.0559537 0.0417334 0.0209281 0.0272798 0.0316741 0.2711175
105 G 105 0.0345218 0.0141503 0.0309581 0.0089159 0.0007583 0.0146946 0.0091741 0.4458245 0.0066307 0.0041671 0.0205623 0.0227750 0.0015420 0.0000000 0.0454275 0.0121062 0.0256905 0.0000000 0.0033643 0.0272424 0.2714944
106 T 106 0.0287989 0.0332626 0.0556051 0.0093038 0.0000000 0.0000000 0.0117934 0.0152600 0.0052909 0.0840332 0.0193149 0.0219265 0.0222428 0.0381534 0.0132644 0.0174973 0.1895517 0.0011068 0.0828799 0.0833829 0.2673315
107 N 107 0.0149226 0.0100473 0.2660546 0.1905068 0.0041662 0.0143894 0.0174140 0.0007322 0.0086177 0.0060150 0.0012457 0.0036350 0.0007381 0.0091908 0.0095431 0.1122493 0.0224681 0.0071563 0.0148175 0.0168132 0.2692770
108 L 108 0.0093127 0.0112539 0.0018975 0.0108452 0.0000000 0.0056332 0.0000000 0.0079328 0.0004473 0.0231282 0.5457738 0.0172342 0.0017935 0.0708400 0.0057465 0.0013944 0.0015385 0.0017855 0.0147999 0.0071189 0.2615241
109 F 109 0.0057459 0.0350249 0.0029286 0.0115578 0.0000000 0.0045106 0.0451746 0.0013108 0.0029024 0.0105389 0.1302079 0.0131133 0.0052023 0.3355048 0.0097104 0.0164931 0.0007005 0.0051867 0.0735053 0.0331774 0.2575037
110 L 110 0.0592018 0.0127699 0.0342470 0.0143079 0.0007275 0.0744926 0.0178358 0.0298883 0.0246849 0.0439606 0.1633444 0.0288188 0.0127049 0.0054742 0.0074906 0.0683861 0.0585705 0.0386958 0.0225978 0.0247098 0.2570908
111 T 111 0.0219871 0.0156580 0.0278417 0.0028044 0.0000000 0.0066715 0.0085099 0.0074197 0.0000000 0.0323013 0.0063570 0.0017378 0.0085554 0.0029616 0.0000000 0.0010481 0.0536969 0.0000000 0.0036240 0.5394905 0.2593353
112 A 112 0.5562432 0.0031834 0.0000000 0.0023639 0.0000000 0.0000000 0.0060845 0.0069400 0.0000000 0.0106563 0.0533747 0.0017855 0.0087378 0.0133952 0.0077460 0.0163758 0.0209233 0.0000000 0.0046964 0.0297574 0.2577368
113 V 113 0.2980936 0.0068942 0.0007482 0.0149950 0.0023807 0.0035505 0.0175196 0.0043311 0.0015986 0.0371924 0.0802290 0.0028614 0.0199316 0.0180004 0.0019180 0.0009785 0.0463468 0.0110696 0.0018975 0.1754678 0.2539954
114 H 114 0.0052473 0.0100789 0.0052846 0.0019180 0.0023807 0.0062558 0.0000000 0.0287112 0.6465090 0.0014648 0.0000000 0.0152104 0.0000000 0.0031370 0.0143900 0.0026125 0.0000000 0.0000000 0.0000000 0.0028044 0.2539954
115 A 115 0.0330374 0.0000000 0.0000000 0.0023725 0.0014648 0.0135770 0.6745291 0.0031834 0.0000000 0.0036240 0.0000000 0.0000000 0.0032224 0.0000000 0.0036830 0.0000000 0.0059635 0.0022245 0.0000000 0.0040183 0.2491000
116 I 116 0.0114464 0.0000000 0.0000000 0.0023807 0.0000000 0.0013419 0.0033684 0.0039528 0.0018975 0.2414198 0.1523188 0.0000000 0.0162111 0.2510122 0.0022216 0.0085865 0.0095981 0.0000000 0.0088344 0.0341071 0.2513026
117 G 117 0.0061806 0.0000000 0.0066262 0.0183110 0.0273312 0.0019161 0.0000000 0.6608775 0.0000000 0.0000000 0.0019180 0.0133885 0.0000000 0.0023807 0.0088362 0.0000000 0.0027672 0.0000000 0.0020973 0.0013419 0.2460275
118 H 118 0.0042277 0.0045400 0.0175127 0.0221342 0.0000000 0.0095826 0.0078389 0.0013419 0.6518075 0.0000000 0.0062468 0.0074335 0.0031984 0.0032697 0.0076137 0.0073228 0.0000000 0.0000000 0.0019297 0.0000000 0.2439998
119 S 119 0.2358780 0.0042148 0.0127195 0.0000000 0.0169939 0.0022245 0.0017903 0.0058076 0.0049945 0.0241447 0.0400000 0.0000000 0.0107571 0.0261004 0.0080044 0.2405688 0.0588513 0.0068833 0.0102890 0.0508269 0.2389511
120 L 120 0.0000000 0.0033889 0.0027672 0.0012072 0.0033684 0.0053102 0.0000000 0.0068073 0.0120727 0.0389122 0.6020676 0.0000000 0.0114077 0.0040749 0.0560221 0.0027915 0.0093175 0.0000000 0.0000000 0.0061270 0.2343573
121 G 121 0.0136735 0.0043963 0.0161702 0.0048690 0.0086146 0.0013663 0.0041007 0.6637980 0.0104892 0.0027828 0.0042937 0.0052659 0.0000000 0.0120670 0.0000000 0.0104833 0.0032697 0.0014477 0.0004683 0.0000000 0.2324439
122 L 122 0.0028784 0.0051479 0.0022445 0.0015986 0.0084448 0.0049496 0.0009964 0.0025978 0.0023639 0.0199206 0.6583703 0.0046196 0.0108445 0.0112570 0.0100058 0.0031834 0.0013910 0.0000000 0.0063723 0.0181604 0.2246530
123 G 123 0.0673945 0.0164358 0.0050493 0.0675296 0.0000000 0.0280188 0.1203100 0.1668778 0.0153344 0.0036652 0.0104326 0.0225216 0.0156643 0.0324048 0.0349377 0.1147475 0.0276029 0.0051419 0.0168974 0.0072668 0.2217671
124 H 124 0.0032026 0.0163293 0.0069776 0.0047767 0.0014694 0.0015278 0.0095401 0.0073293 0.6518558 0.0067031 0.0048172 0.0101280 0.0057115 0.0033684 0.0028614 0.0112135 0.0097126 0.0042601 0.0095984 0.0065842 0.2220328
125 S 125 0.0187191 0.0078065 0.0085070 0.0050601 0.0042601 0.0043168 0.0098510 0.0181297 0.0070513 0.0331672 0.0037025 0.0013910 0.0013793 0.0017967 0.0189267 0.5453664 0.0470495 0.0053098 0.0103257 0.0265451 0.2213383
126 S 126 0.0420523 0.0529493 0.0963614 0.0827556 0.0000000 0.0376581 0.0202002 0.0186076 0.0205377 0.0049765 0.0151675 0.0174594 0.0041361 0.0270194 0.0430769 0.2063482 0.0599400 0.0029075 0.0246545 0.0045489 0.2186429
127 D 127 0.0742471 0.0400515 0.0697830 0.2003985 0.0122037 0.0261430 0.0373621 0.0091865 0.0151423 0.0211966 0.0063518 0.0132184 0.0007005 0.0133461 0.0053934 0.0384466 0.0098328 0.0057030 0.0232541 0.1627840 0.2152549
128 P 128 0.0513435 0.0733663 0.0181946 0.0134283 0.0017903 0.0533501 0.0656134 0.0240426 0.0238787 0.0232389 0.0120373 0.0595917 0.0035037 0.0180529 0.2093747 0.0498075 0.0401451 0.0029831 0.0271680 0.0138346 0.2152549
129 K 129 0.0181292 0.0351990 0.0887380 0.0891906 0.0000000 0.0347187 0.0752534 0.1499686 0.0134171 0.0062774 0.0156615 0.0415601 0.0072582 0.0235302 0.0172719 0.0924098 0.0541464 0.0000000 0.0086465 0.0111819 0.2174417
130 A 130 0.4101683 0.0206531 0.0100417 0.0078989 0.0030943 0.0075710 0.0137046 0.0136851 0.0011128 0.0000000 0.0081716 0.0023318 0.0031165 0.0000000 0.0060770 0.2456798 0.0184046 0.0000000 0.0018975 0.0085927 0.2177986
131 V 131 0.0091064 0.0000000 0.0105019 0.0237202 0.0012369 0.0013663 0.0011322 0.0164023 0.0018975 0.2216884 0.2899852 0.0032717 0.0226165 0.0112612 0.0122285 0.0105547 0.0124143 0.0000000 0.0141114 0.1115409 0.2249635
132 M 132 0.0097762 0.0086810 0.0087083 0.0205345 0.0000000 0.0102937 0.0073162 0.0107980 0.0274099 0.0047302 0.0055278 0.0068862 0.6040445 0.0060143 0.0101974 0.0100728 0.0061134 0.0036994 0.0050222 0.0080771 0.2260967
133 F 133 0.1282482 0.0361899 0.0257195 0.0042422 0.0106490 0.0351830 0.0173494 0.0123828 0.0311586 0.0075668 0.0109334 0.0122644 0.0046796 0.1267349 0.0068481 0.0341796 0.0040429 0.0145933 0.2411021 0.0062425 0.2296899
134 P 134 0.0494054 0.0053692 0.0000000 0.0073516 0.0047097 0.0043338 0.0058569 0.0188659 0.0097575 0.0023304 0.0180553 0.0176867 0.0000000 0.0091694 0.5598616 0.0183607 0.0154344 0.0000000 0.0234206 0.0013013 0.2287296
135 T 135 0.0139340 0.0175492 0.0573251 0.0142763 0.0150132 0.0077441 0.0197987 0.0144895 0.0184497 0.0404213 0.0178715 0.0180891 0.0367949 0.1231498 0.0075064 0.0462874 0.0739223 0.0501788 0.1299659 0.0453905 0.2318424
136 Y 136 0.0147476 0.0079672 0.0173707 0.0244150 0.0073571 0.0075359 0.0118933 0.0124564 0.0228053 0.0247538 0.0124970 0.0109833 0.0012157 0.0424566 0.0075188 0.0073622 0.0232914 0.0008113 0.4925369 0.0151626 0.2348617
137 K 137 0.0449035 0.0699491 0.0479469 0.0169571 0.0040883 0.1281257 0.0167217 0.0177787 0.0334869 0.0277787 0.0359251 0.0875174 0.0117969 0.0113233 0.0267964 0.0698900 0.0715691 0.0080604 0.0151404 0.0236383 0.2306062
138 Y 138 0.0210701 0.0185602 0.0288686 0.0250491 0.0019297 0.0080923 0.0091983 0.2163198 0.0100752 0.0064401 0.0100115 0.0142983 0.0042522 0.0703339 0.0858658 0.0327127 0.0183555 0.0273308 0.1617970 0.0088619 0.2205771
139 V 139 0.0172810 0.0620289 0.0266056 0.0235639 0.0049490 0.0342166 0.0113490 0.0392666 0.0239942 0.0263006 0.0325853 0.0145898 0.0418053 0.0353064 0.0505494 0.0643029 0.0832749 0.0020745 0.1235515 0.0485362 0.2338684
140 D 140 0.0246533 0.0273392 0.0483364 0.1549034 0.0065137 0.0316934 0.0813397 0.0251147 0.0375262 0.0215991 0.0239610 0.0500979 0.0125967 0.0290499 0.0098845 0.0316241 0.0471971 0.0000000 0.0421496 0.0464406 0.2479797
141 I 141 0.0109263 0.0264142 0.0160834 0.0406980 0.0000000 0.0313123 0.0094813 0.0788685 0.0024400 0.0164913 0.0238568 0.0288485 0.0060725 0.0238827 0.2388832 0.0466326 0.1036770 0.0104710 0.0166112 0.0182322 0.2501171
142 N 142 0.0271591 0.0449297 0.0826396 0.0919149 0.0027207 0.0260829 0.0923937 0.0551598 0.0383755 0.0017423 0.0293506 0.0762050 0.0021703 0.0250762 0.0211171 0.0844927 0.0075828 0.0018498 0.0220898 0.0116068 0.2553407
143 T 143 0.0169338 0.0383292 0.0867632 0.0767769 0.0040201 0.0165874 0.0311638 0.0546359 0.0183131 0.0270656 0.0220762 0.0893984 0.0072133 0.0353192 0.0530857 0.0348762 0.0681051 0.0000000 0.0074444 0.0304594 0.2814329
144 F 144 0.0247256 0.0344999 0.0158691 0.0409261 0.0036131 0.0255783 0.0086404 0.0369675 0.0229610 0.0345702 0.0758551 0.0389150 0.0159786 0.1342063 0.0449524 0.0159963 0.0316011 0.0120364 0.0729300 0.0288496 0.2803282
145 R 145 0.0232645 0.0612845 0.0196042 0.0501537 0.0042371 0.0526089 0.0259962 0.0241548 0.0526997 0.0241795 0.0820028 0.0463433 0.0065363 0.0204936 0.0448589 0.0673884 0.0453041 0.0000000 0.0274334 0.0461886 0.2752673
146 L 146 0.0204188 0.0259771 0.0033495 0.0617360 0.0000000 0.0095794 0.0217076 0.0385453 0.0088716 0.0362968 0.2213425 0.0184249 0.0125139 0.0424005 0.0638894 0.0247419 0.0211264 0.0099197 0.0559996 0.0335125 0.2696465
147 S 147 0.0313939 0.0283692 0.0185002 0.0881481 0.0000000 0.0316456 0.0210778 0.0459235 0.0405144 0.0418506 0.0351753 0.0213134 0.0131576 0.0084140 0.1231132 0.0855471 0.0437882 0.0000000 0.0341590 0.0144334 0.2734754
148 A 148 0.0403878 0.0287340 0.0147662 0.1142254 0.0017903 0.1170340 0.0551226 0.0104870 0.0121503 0.0379089 0.0373653 0.0440229 0.0062204 0.0243736 0.0573631 0.0282856 0.0426054 0.0079591 0.0283885 0.0210221 0.2697875
149 D 149 0.0236192 0.0343775 0.0284222 0.2715913 0.0089183 0.0379770 0.0242950 0.0412925 0.0126818 0.0309731 0.0312279 0.0233104 0.0021417 0.0117495 0.0337469 0.0397756 0.0370907 0.0011924 0.0122141 0.0299991 0.2634038
150 D 150 0.0329096 0.0208179 0.0258421 0.2693463 0.0023263 0.0298471 0.0346176 0.0271347 0.0027788 0.0234622 0.0509351 0.0357943 0.0021214 0.0306021 0.0546054 0.0344839 0.0429915 0.0000000 0.0079663 0.0168880 0.2545293
151 I 151 0.0326015 0.0428969 0.0189570 0.0499466 0.0085443 0.0168633 0.0355765 0.0550564 0.0178507 0.1245747 0.0603126 0.0301348 0.0113854 0.0020792 0.0251134 0.0352386 0.0540094 0.0000000 0.0274420 0.0959318 0.2554851
152 R 152 0.0145105 0.0583281 0.0504016 0.0641717 0.0042955 0.0496218 0.0287930 0.0771417 0.0174316 0.0412033 0.0469089 0.0448263 0.0132955 0.0181938 0.0566280 0.0471565 0.0325243 0.0169336 0.0343812 0.0259886 0.2572645
153 G 153 0.0523230 0.0626736 0.0105433 0.0545628 0.0009323 0.0324944 0.0249875 0.2389721 0.0177294 0.0453609 0.0219330 0.0208222 0.0058167 0.0074803 0.0142685 0.0431610 0.0415667 0.0126530 0.0225944 0.0179071 0.2512179
154 I 154 0.0378140 0.0269223 0.0226219 0.0296340 0.0011753 0.0349747 0.0252690 0.0223347 0.0042916 0.2055585 0.0735831 0.0318344 0.0120762 0.0151053 0.0698863 0.0201713 0.0384102 0.0170216 0.0410464 0.0236429 0.2466265
155 Q 155 0.0309459 0.0236575 0.0147792 0.0280033 0.0013839 0.1970578 0.0392437 0.0381362 0.0194879 0.0181489 0.0344911 0.0442281 0.0042990 0.0347269 0.0363850 0.0517671 0.0403808 0.0151971 0.0630367 0.0223326 0.2423112
156 S 156 0.0560200 0.0272119 0.0295613 0.0501978 0.0000000 0.0578615 0.0493958 0.0403892 0.0252207 0.0351261 0.0537873 0.0382798 0.0121707 0.0156454 0.0556440 0.0810795 0.0524861 0.0090631 0.0478299 0.0203926 0.2426375
157 L 157 0.0284267 0.0343997 0.0151673 0.0223844 0.0056587 0.0302869 0.0402987 0.0493300 0.0164210 0.0684434 0.1706568 0.0329277 0.0155868 0.0136595 0.0646513 0.0358545 0.0414104 0.0010434 0.0483131 0.0232767 0.2418029
158 Y 158 0.0352138 0.0429248 0.0122211 0.0310860 0.0147022 0.0259030 0.0253340 0.0590782 0.0115365 0.0103353 0.0242011 0.0495709 0.0085396 0.0191681 0.0711941 0.0238193 0.0485189 0.0000000 0.2167286 0.0270704 0.2428542
159 G 159 0.0613440 0.0376039 0.0251925 0.0274117 0.0024708 0.0174254 0.0405142 0.2161216 0.0077952 0.0205197 0.0485175 0.0249804 0.0068892 0.0295126 0.0676561 0.0368901 0.0388683 0.0015465 0.0238295 0.0167810 0.2481299
160 D 160 0.0338961 0.0379080 0.0359836 0.0442948 0.0150156 0.0242171 0.0521033 0.0371253 0.0085376 0.0335763 0.0189391 0.0581680 0.0131787 0.0223729 0.1295270 0.0509771 0.0572496 0.0093005 0.0460980 0.0186010 0.2529303
161 P 161 0.0396577 0.0509333 0.0352968 0.0358718 0.0055752 0.0359427 0.0501494 0.0585844 0.0098901 0.0173605 0.0327489 0.0537705 0.0137695 0.0229597 0.1305100 0.0418854 0.0524879 0.0174796 0.0204768 0.0161496 0.2585004
162 K 162 0.0199499 0.0481868 0.0334606 0.0391884 0.0043079 0.0137099 0.0503379 0.0519420 0.0185358 0.0272489 0.0229584 0.0678160 0.0199502 0.0058862 0.0952675 0.0420794 0.0695235 0.0153677 0.0210845 0.0469461 0.2862525
163 E 163 0.0274566 0.0495533 0.0304263 0.0314061 0.0168077 0.0371679 0.0351471 0.0562622 0.0281796 0.0188127 0.0367656 0.0557492 0.0051949 0.0265729 0.0789199 0.0520899 0.0607621 0.0063347 0.0298637 0.0272830 0.2892446
164 N 164 0.0284518 0.0510440 0.0337939 0.0375516 0.0136917 0.0275887 0.0206031 0.0454543 0.0341864 0.0289152 0.0295401 0.0309210 0.0069052 0.0234091 0.1390536 0.0425690 0.0676663 0.0095920 0.0372601 0.0199421 0.2718610
165 Q 165 0.0247386 0.0419295 0.0360841 0.0397253 0.0080651 0.0266819 0.0314259 0.0677284 0.0294498 0.0390557 0.0251361 0.0468752 0.0120528 0.0141964 0.1141685 0.0420089 0.0699979 0.0094966 0.0162892 0.0321282 0.2727658
166 R 166 0.0433353 0.0437992 0.0498583 0.0382813 0.0025103 0.0218979 0.0436743 0.0496595 0.0222692 0.0107880 0.0466886 0.0273432 0.0106078 0.0170601 0.1202257 0.0521813 0.0633081 0.0077566 0.0374282 0.0251137 0.2662132
167 L 167 0.0262390 0.0469661 0.0282828 0.0415822 0.0292939 0.0224876 0.0278381 0.0474484 0.0220979 0.0504756 0.0199644 0.0336018 0.0107300 0.0212945 0.1193131 0.0492317 0.0705803 0.0253399 0.0131994 0.0289889 0.2650445
168 P 168 0.0271291 0.0443510 0.0542996 0.0458335 0.0121093 0.0515807 0.0451352 0.0404562 0.0145796 0.0209361 0.0236859 0.0344560 0.0049166 0.0040250 0.1071058 0.0613605 0.0766752 0.0131696 0.0185893 0.0381883 0.2614175
169 N 169 0.0382012 0.0421987 0.0372596 0.0202359 0.0055745 0.0278162 0.0333344 0.0492615 0.0337547 0.0046942 0.0206912 0.0347310 0.0054656 0.0083195 0.1841711 0.0546371 0.0807712 0.0077428 0.0191681 0.0321034 0.2598682
170 P 170 0.0317946 0.0402793 0.0202618 0.0318893 0.0101169 0.0256376 0.0420639 0.0442755 0.0346451 0.0273429 0.0409928 0.0395496 0.0232708 0.0242339 0.1211953 0.0442327 0.0851698 0.0114528 0.0078880 0.0322167 0.2614907
171 D 171 0.0403560 0.0406643 0.0229543 0.0379181 0.0092290 0.0200488 0.0446877 0.0794924 0.0328492 0.0159204 0.0311242 0.0239246 0.0013900 0.0423722 0.1422590 0.0666907 0.0661152 0.0000000 0.0107451 0.0100639 0.2611949
172 N 172 0.0317956 0.0363153 0.0334441 0.0618061 0.0000000 0.0218908 0.0396710 0.0364795 0.0314018 0.0234336 0.0400550 0.0323876 0.0081754 0.0131214 0.1515599 0.0624239 0.0625585 0.0085176 0.0087439 0.0346807 0.2615383
173 S 173 0.0257214 0.0435969 0.0223476 0.0625397 0.0012054 0.0311209 0.0514593 0.0575920 0.0141045 0.0196827 0.0129659 0.0299372 0.0011138 0.0076481 0.1172433 0.0819843 0.1064730 0.0132139 0.0111915 0.0303325 0.2585262
174 E 174 0.0472768 0.0398499 0.0486573 0.0429119 0.0057616 0.0262072 0.0424232 0.0429843 0.0204162 0.0222049 0.0418931 0.0334458 0.0055628 0.0097355 0.1083339 0.0224218 0.1026828 0.0081380 0.0100121 0.0593559 0.2597250
175 P 175 0.0511210 0.0291938 0.0188435 0.0357318 0.0123295 0.0186439 0.0243070 0.0462010 0.0202300 0.0271513 0.0220035 0.0159538 0.0215042 0.0531642 0.1490795 0.0540554 0.0710572 0.0060861 0.0256056 0.0373996 0.2603379
176 A 176 0.0464135 0.0538226 0.0405237 0.0802854 0.0178502 0.0343048 0.0704823 0.0248145 0.0175527 0.0181833 0.0306096 0.0467815 0.0074778 0.0102432 0.0905358 0.0302040 0.0579617 0.0055320 0.0054220 0.0527391 0.2582605
177 L 177 0.0522395 0.0345895 0.0301217 0.0607065 0.0360981 0.0232775 0.0419846 0.0226068 0.0253042 0.0250391 0.0460895 0.0486629 0.0074758 0.0121460 0.1452722 0.0307578 0.0387209 0.0228608 0.0170538 0.0210207 0.2579721
178 C 178 0.0378404 0.0266497 0.0472489 0.0838058 0.1731031 0.0202501 0.0259551 0.0302621 0.0175316 0.0391461 0.0279529 0.0251421 0.0042217 0.0110745 0.0575789 0.0330271 0.0405696 0.0080546 0.0177208 0.0156133 0.2572516
179 D 179 0.0389078 0.0623639 0.0322682 0.1036346 0.0817470 0.0171944 0.0174371 0.0317847 0.0108576 0.0466155 0.0170936 0.0284445 0.0095110 0.0328773 0.0571467 0.0797161 0.0508446 0.0010134 0.0070044 0.0186275 0.2549100
180 P 180 0.0243100 0.0450783 0.0205407 0.0412597 0.1387022 0.0218972 0.0258003 0.0509644 0.0202857 0.0256020 0.0238148 0.0366209 0.0045632 0.0081509 0.1015797 0.0593879 0.0551227 0.0092340 0.0157364 0.0188120 0.2525370
