  366         A         R         N         D         C         Q         E         G         H         I         L         K         M         F         P         S         T         W         Y         V    
  1 M   1 0.0000000 0.0000000 0.0000000 0.0000000 0.0000000 0.7800762 0.0000000 0.0000000 0.0000000 0.0000000 0.1421068 0.0000000 0.0349296 0.0000000 0.0000000 0.0000000 0.0000000 0.0000000 0.0000000 0.0428875
  2 G   2 0.0043420 0.0175676 0.0088713 0.0000000 0.0000000 0.0000000 0.0000000 0.9378556 0.0000000 0.0000000 0.0000000 0.0000000 0.0000000 0.0000000 0.0000000 0.0228843 0.0049342 0.0000000 0.0000000 0.0035450
  3 P   3 0.0099609 0.0237515 0.0450315 0.0093581 0.0000000 0.0926227 0.0067002 0.0530823 0.0258228 0.0099892 0.0430117 0.0065765 0.0000000 0.0000000 0.4105572 0.2235594 0.0261396 0.0000000 0.0138364 0.0000000
  4 V   4 0.0217074 0.2773599 0.0000000 0.0000000 0.0029478 0.0130965 0.0000000 0.0267933 0.0050044 0.0000000 0.0000000 0.5551575 0.0169241 0.0046063 0.0054071 0.0066588 0.0080625 0.0009404 0.0133865 0.0419474
  5 W   5 0.0000000 0.0000000 0.0000000 0.0000000 0.0000000 0.0000000 0.0000000 0.0000000 0.0000000 0.0020621 0.0022712 0.0000000 0.0000000 0.0084942 0.0000000 0.0000000 0.0022662 0.9849063 0.0000000 0.0000000
  6 R   6 0.0172183 0.1402768 0.1024363 0.1262165 0.0000000 0.0543049 0.0774816 0.0334872 0.0322723 0.0036989 0.0090110 0.1105789 0.0049449 0.0045877 0.0651587 0.0995363 0.0853613 0.0000000 0.0295755 0.0038528
  7 K   7 0.0000000 0.0732724 0.0399381 0.0202551 0.0000000 0.0346834 0.0165229 0.0039504 0.1246622 0.0031696 0.0000000 0.5779400 0.0027963 0.0000000 0.0041573 0.0200799 0.0390010 0.0000000 0.0072954 0.0322761
  8 H   8 0.0049574 0.1653804 0.1642746 0.0187115 0.0000000 0.0288131 0.0095092 0.0063131 0.0566913 0.0011265 0.0165307 0.1757999 0.0081180 0.0315202 0.0140527 0.0618882 0.2135190 0.0008439 0.0169178 0.0050326
  9 Y   9 0.0159843 0.0179396 0.2408119 0.1682030 0.0000000 0.0354205 0.0399920 0.0000000 0.1708508 0.0205297 0.0242923 0.0461248 0.0058615 0.0104308 0.0060632 0.0295681 0.1072293 0.0000000 0.0132027 0.0474957
 10 I  10 0.0000000 0.0000000 0.0000000 0.0000000 0.0000000 0.0000000 0.0000000 0.0000000 0.0000000 0.2443520 0.6839922 0.0000000 0.0020522 0.0000000 0.0000000 0.0000000 0.0000000 0.0000000 0.0000000 0.0696035
 11 T  11 0.0000000 0.0094385 0.0067587 0.0000000 0.0000000 0.0022515 0.0000000 0.0000000 0.0000000 0.0015938 0.0042019 0.0511529 0.0000000 0.0118143 0.0000000 0.0859942 0.8167667 0.0000000 0.0024443 0.0075832
 12 Y  12 0.0000000 0.0000000 0.0000000 0.0000000 0.0000000 0.0000000 0.0000000 0.0000000 0.0024751 0.0000000 0.0000000 0.0000000 0.0000000 0.0727564 0.0000000 0.0000000 0.0000000 0.2386897 0.6860787 0.0000000
 13 R  13 0.0515970 0.4779043 0.0190516 0.0036670 0.0117017 0.0151598 0.0021190 0.0258747 0.0109850 0.0000000 0.0000000 0.1129946 0.0012249 0.0227104 0.0000000 0.1974723 0.0103064 0.0096011 0.0264445 0.0011856
 14 I  14 0.0011112 0.0013279 0.0000000 0.0000000 0.0116050 0.0000000 0.0000000 0.0000000 0.0000000 0.5781225 0.1762353 0.0000000 0.0108374 0.1114267 0.0000000 0.0000000 0.0007363 0.0000000 0.0044540 0.1041436
 15 N  15 0.0422360 0.0688102 0.0338750 0.0233752 0.0000000 0.0661400 0.0794635 0.0181875 0.0200516 0.0551343 0.1999465 0.0543936 0.0289438 0.0253439 0.0089162 0.0898126 0.0279411 0.0012491 0.0157620 0.1404178
 16 N  16 0.0148037 0.0452662 0.4945586 0.0127295 0.0032041 0.0202034 0.0131745 0.0757629 0.0035237 0.0000000 0.0000000 0.0709753 0.0000000 0.0000000 0.0193067 0.1446731 0.0777345 0.0000000 0.0007118 0.0033721
 17 Y  17 0.0047329 0.0059845 0.0071024 0.0450419 0.0010738 0.0165732 0.0154470 0.0197259 0.0303860 0.0042758 0.0515456 0.0042324 0.0050664 0.1522813 0.0035883 0.0358631 0.0508827 0.0473906 0.4735704 0.0252359
 18 T  18 0.0174543 0.0000000 0.0273101 0.0000000 0.0016393 0.0000000 0.0000000 0.0119577 0.0041947 0.0052963 0.0079278 0.0000000 0.0019976 0.0019588 0.3190774 0.1638175 0.4161460 0.0044286 0.0050923 0.0117017
 19 P  19 0.0195426 0.0742666 0.0617276 0.0238948 0.0013928 0.0594093 0.0385038 0.0106779 0.0094295 0.0056722 0.0171547 0.0334406 0.0035344 0.0011278 0.3547151 0.1809732 0.0608330 0.0253010 0.0051426 0.0132603
 20 D  20 0.0089823 0.0558325 0.0764180 0.3852105 0.0012058 0.1007924 0.0080700 0.0481901 0.0383391 0.0000000 0.0028622 0.0968991 0.0000000 0.0054150 0.0031054 0.0581528 0.0591001 0.0022870 0.0399164 0.0092213
 21 M  21 0.0126659 0.0000000 0.0060148 0.0000000 0.0000000 0.0091379 0.0028522 0.0016284 0.0014988 0.0634432 0.6036618 0.0041124 0.1608217 0.0163685 0.0046524 0.0011313 0.0035017 0.0034080 0.0236644 0.0814367
 22 N  22 0.0495861 0.0288261 0.0656414 0.1016414 0.0000000 0.0051830 0.0362206 0.1283993 0.0048428 0.0074992 0.0182366 0.0304297 0.0006913 0.0031724 0.1870327 0.2471075 0.0705354 0.0000000 0.0014687 0.0134860
 23 R  23 0.0660317 0.2219847 0.0150680 0.0202473 0.0000000 0.0879929 0.1154720 0.0151891 0.0274384 0.0279796 0.0273896 0.1040278 0.0084814 0.0043207 0.1262587 0.0379772 0.0394992 0.0105380 0.0107643 0.0333395
 24 E  24 0.1804607 0.0246120 0.0648202 0.1420758 0.0000000 0.0418436 0.1440516 0.0475902 0.0292539 0.0020055 0.0174822 0.0238576 0.0019969 0.0056994 0.0311040 0.1540164 0.0324405 0.0000000 0.0363359 0.0203536
 25 D  25 0.0986936 0.0313066 0.0201530 0.1956509 0.0000000 0.0896214 0.2291212 0.0103477 0.0148507 0.0207244 0.0316078 0.0274375 0.0082161 0.0020775 0.0057046 0.0333782 0.1080376 0.0000000 0.0027344 0.0703367
 26 V  26 0.0399709 0.0050289 0.0000000 0.0000000 0.0000000 0.0728304 0.0061712 0.0000000 0.0000000 0.1222310 0.0281917 0.0000000 0.0223802 0.0066694 0.0000000 0.0231808 0.1195745 0.0000000 0.0045845 0.5491864
 27 D  27 0.0182517 0.3670498 0.0133868 0.2517582 0.0000000 0.0358185 0.0930438 0.0045423 0.0304843 0.0039502 0.0160999 0.0852290 0.0088022 0.0135707 0.0000000 0.0134437 0.0129753 0.0054102 0.0125547 0.0136287
 28 Y  28 0.1009208 0.1468002 0.0705965 0.1510054 0.0000000 0.0527289 0.1015290 0.0321289 0.0099565 0.0024694 0.0134317 0.0878676 0.0048735 0.0169341 0.0024207 0.0955192 0.0639548 0.0014140 0.0389939 0.0064549
 29 A  29 0.4275524 0.0000000 0.0023927 0.0127752 0.0020207 0.0052364 0.0986068 0.0274172 0.0000000 0.0848194 0.1065087 0.0000000 0.0122295 0.0084009 0.0026207 0.0249451 0.0835019 0.0000000 0.0000000 0.1009726
 30 I  30 0.0290488 0.0000000 0.0000000 0.0000000 0.0055254 0.0000000 0.0000000 0.0039401 0.0000000 0.3757172 0.1661033 0.0000000 0.0912726 0.1565328 0.0000000 0.0000000 0.0208412 0.0000000 0.0023971 0.1486217
 31 R  31 0.1858678 0.2414266 0.0252961 0.0222347 0.0000000 0.1057154 0.1172515 0.0162441 0.0520166 0.0028729 0.0216270 0.0607884 0.0000000 0.0073795 0.0000000 0.0566545 0.0341586 0.0025856 0.0427690 0.0051115
 32 K  32 0.0689593 0.2602155 0.0282601 0.0357220 0.0000000 0.0834211 0.0702158 0.0029250 0.0186183 0.0104566 0.0396779 0.2455873 0.0133156 0.0070790 0.0000000 0.0291979 0.0348734 0.0023878 0.0466633 0.0024240
 33 A  33 0.9493752 0.0000000 0.0000000 0.0000000 0.0000000 0.0000000 0.0000000 0.0125381 0.0000000 0.0024184 0.0000000 0.0000000 0.0059842 0.0000000 0.0000000 0.0196935 0.0035621 0.0000000 0.0000000 0.0064286
 34 F  34 0.0183888 0.0000000 0.0000000 0.0000000 0.0000000 0.0016374 0.0000000 0.0000000 0.0000000 0.0161769 0.2482662 0.0000000 0.0048077 0.6893676 0.0000000 0.0019143 0.0018127 0.0061531 0.0053232 0.0061522
 35 Q  35 0.0799420 0.1285933 0.0429826 0.1018622 0.0020290 0.1833947 0.0536218 0.0565523 0.0140317 0.0000000 0.0030638 0.2304161 0.0167918 0.0000000 0.0000000 0.0619975 0.0185489 0.0015016 0.0040411 0.0006299
 36 V  36 0.0731337 0.0513949 0.0000000 0.0137201 0.0000000 0.0389915 0.0312466 0.0000000 0.0067556 0.0470077 0.1429460 0.0399240 0.0961100 0.0064843 0.0000000 0.0077030 0.0269415 0.0036248 0.0250580 0.3889581
 37 W  37 0.0000000 0.0029894 0.0000000 0.0000000 0.0000000 0.0000000 0.0000000 0.0000000 0.0000000 0.0047392 0.0000000 0.0000000 0.0000000 0.0081433 0.0000000 0.0000000 0.0000000 0.9804455 0.0036826 0.0000000
 38 S  38 0.1342101 0.0079382 0.0000000 0.0204475 0.0000000 0.0703979 0.1393887 0.0236879 0.0000000 0.0000000 0.0000000 0.0065598 0.0016754 0.0000000 0.0000000 0.5711995 0.0211356 0.0000000 0.0000000 0.0033594
 39 N  39 0.0672396 0.0571557 0.1174525 0.2756722 0.0000000 0.0397346 0.1513676 0.0234403 0.0103783 0.0119997 0.0030180 0.1088778 0.0087036 0.0000000 0.0027541 0.0851644 0.0155744 0.0000000 0.0021309 0.0193362
 40 V  40 0.1133117 0.0017142 0.0300218 0.0043474 0.0000000 0.0146144 0.0327389 0.0036303 0.0286699 0.0404048 0.0170562 0.0057859 0.0000000 0.0076187 0.0079067 0.0042963 0.0135246 0.0000000 0.0506925 0.6236657
 41 T  41 0.1188105 0.0000000 0.0000000 0.0000000 0.0000000 0.0000000 0.0000000 0.0086232 0.0000000 0.0606650 0.0167008 0.0031648 0.0064987 0.0018036 0.0000000 0.2613199 0.4949132 0.0000000 0.0000000 0.0275004
 42 P  42 0.0375863 0.0240033 0.1018859 0.0562000 0.0000000 0.0092538 0.0019700 0.0473850 0.0116469 0.0031648 0.0103003 0.0448527 0.0131454 0.0000000 0.5650164 0.0417527 0.0253847 0.0000000 0.0022009 0.0042509
 43 L  43 0.0009039 0.0041779 0.0000000 0.0000000 0.0000000 0.0000000 0.0000000 0.0000000 0.0000000 0.0454241 0.8458298 0.0000000 0.0070773 0.0484477 0.0039494 0.0000000 0.0000000 0.0076938 0.0017828 0.0347132
 44 K  44 0.0101400 0.1181256 0.1036713 0.0631839 0.0000000 0.0281823 0.0501898 0.0051096 0.0037294 0.0131422 0.0075859 0.0903593 0.0051218 0.0008595 0.0010097 0.0857026 0.3785710 0.0062048 0.0020980 0.0270134
 45 F  45 0.0000000 0.0000000 0.0000000 0.0000000 0.0019232 0.0000000 0.0000000 0.0000000 0.0000000 0.0254075 0.0108100 0.0000000 0.0000000 0.9567055 0.0031460 0.0020079 0.0000000 0.0000000 0.0000000 0.0000000
 46 S  46 0.0135887 0.1695407 0.0184891 0.0089689 0.0033760 0.0813751 0.0642903 0.0035787 0.0434880 0.0286205 0.0245175 0.0457131 0.0036099 0.0073378 0.0000000 0.0772482 0.2680478 0.0196086 0.0169530 0.1016481
 47 K  47 0.0180384 0.2053507 0.0052425 0.0097718 0.0000000 0.0719898 0.5301212 0.0036438 0.0063135 0.0000000 0.0049158 0.0993321 0.0044298 0.0041867 0.0119410 0.0150354 0.0000000 0.0016320 0.0080555 0.0000000
 48 I  48 0.0762268 0.0153697 0.0052821 0.0208806 0.0000000 0.0015590 0.0052899 0.0000000 0.0000000 0.1709350 0.0901344 0.0344380 0.0099527 0.0055991 0.0053995 0.0350386 0.0991183 0.0013532 0.0156562 0.4077669
 49 N  49 0.0981582 0.0459334 0.0970844 0.0481830 0.0000000 0.0461073 0.0237709 0.0334104 0.0648857 0.0051898 0.0157109 0.0521511 0.0093256 0.0269904 0.1016124 0.1236085 0.0871894 0.0034487 0.1035316 0.0137082
 50 T  50 0.0577074 0.0361878 0.0428871 0.1955618 0.0000000 0.0220314 0.0956627 0.0604578 0.0152270 0.0041225 0.0135490 0.0433145 0.0040457 0.0106356 0.0205860 0.2131281 0.0747792 0.0067462 0.0566722 0.0266981
 51 G  51 0.0536902 0.0221762 0.0602140 0.0773491 0.0000000 0.0506248 0.0873742 0.3773233 0.0210963 0.0022324 0.0114974 0.0217615 0.0000000 0.0000000 0.0402527 0.0942957 0.0517328 0.0019181 0.0102759 0.0161852
 52 M  52 0.0389537 0.0682807 0.0652620 0.1110757 0.0000000 0.0680615 0.2310520 0.0239541 0.0119518 0.0322743 0.0058337 0.0583061 0.0060088 0.0006357 0.0948994 0.0696575 0.0685290 0.0124490 0.0153611 0.0174538
 53 A  53 0.6841356 0.0000000 0.0085546 0.0057391 0.0022455 0.0000000 0.0064824 0.0415080 0.0112256 0.0049900 0.0000000 0.0000000 0.0000000 0.0000000 0.0856945 0.0614597 0.0045733 0.0000000 0.0000000 0.0833916
 54 D  54 0.0174932 0.0000000 0.0635525 0.8281516 0.0000000 0.0014741 0.0089684 0.0044725 0.0339346 0.0010161 0.0043935 0.0053834 0.0146757 0.0000000 0.0030506 0.0045472 0.0031759 0.0000000 0.0000000 0.0057107
 55 I  55 0.0009805 0.0041676 0.0000000 0.0060177 0.0000000 0.0080227 0.0015679 0.0034850 0.0000000 0.8499471 0.0538849 0.0000000 0.0108785 0.0084858 0.0059249 0.0029983 0.0069401 0.0000000 0.0034809 0.0332181
 56 L  56 0.0025523 0.1336305 0.0337172 0.0414030 0.0000000 0.0790370 0.0807056 0.0086367 0.0054088 0.0409875 0.0803486 0.1001891 0.2226245 0.0081917 0.0000000 0.0130928 0.0771181 0.0000000 0.0108323 0.0615244
 57 V  57 0.0015643 0.0060784 0.0022969 0.0038960 0.0009164 0.0000000 0.0039175 0.0035919 0.0000000 0.6295381 0.1156515 0.0000000 0.0142996 0.0266691 0.0091964 0.0039848 0.0059277 0.0000000 0.0020373 0.1704340
 58 V  58 0.0781783 0.0715912 0.0296650 0.0868005 0.0020328 0.0231481 0.0191699 0.1125568 0.0059663 0.0318022 0.0796262 0.0483633 0.0106489 0.0630830 0.0022597 0.2575931 0.0385599 0.0000000 0.0186817 0.0202731
 59 F  59 0.0140498 0.0027442 0.0000000 0.0127723 0.0000000 0.0015538 0.0032964 0.0151649 0.0016395 0.0038107 0.0049324 0.0111744 0.0000000 0.8829553 0.0056913 0.0054540 0.0071199 0.0191033 0.0085377 0.0000000
 60 A  60 0.2658885 0.0313894 0.0169042 0.0146137 0.0000000 0.0072184 0.0546592 0.1780519 0.0703340 0.0109883 0.0212422 0.0117466 0.0017901 0.0519102 0.0131247 0.0507424 0.0449923 0.0092245 0.0691023 0.0760770
 61 R  61 0.0520283 0.2763196 0.0495627 0.0120177 0.0000000 0.0522560 0.0475604 0.0409317 0.0167998 0.0174088 0.0071006 0.0561330 0.0043540 0.0080802 0.0246035 0.1737583 0.0844498 0.0064438 0.0249910 0.0452008
 62 G  62 0.0562892 0.1403393 0.0274238 0.0007773 0.0000000 0.0337032 0.0322373 0.4445298 0.0053283 0.0155065 0.0267627 0.0496857 0.0111853 0.0198040 0.0057070 0.0412149 0.0172049 0.0213543 0.0445024 0.0064441
 63 A  63 0.0539705 0.0449798 0.0847148 0.2804099 0.0000000 0.0211075 0.1525955 0.0187114 0.0201040 0.0038524 0.0098703 0.0191705 0.0047110 0.0979738 0.0064133 0.0515954 0.0274366 0.0232006 0.0531979 0.0259848
 64 H  64 0.0063434 0.0054248 0.0024691 0.0052260 0.0000000 0.0053193 0.0000000 0.0206031 0.8886953 0.0000000 0.0086497 0.0019678 0.0019725 0.0039595 0.0045663 0.0231375 0.0070460 0.0122569 0.0023627 0.0000000
 65 G  65 0.0221274 0.0244451 0.0977086 0.0295842 0.0000000 0.0318864 0.0137779 0.6193625 0.0034807 0.0033822 0.0036402 0.0212178 0.0000000 0.0015131 0.0015903 0.0423578 0.0373613 0.0041425 0.0424218 0.0000000
 66 D  66 0.0000000 0.0270774 0.0010227 0.7702363 0.1051416 0.0000000 0.0096921 0.0010821 0.0059169 0.0096814 0.0034649 0.0042728 0.0037662 0.0000000 0.0120535 0.0056247 0.0136582 0.0086382 0.0068551 0.0118157
 67 D  67 0.0355336 0.0365780 0.0838599 0.0173596 0.0452890 0.0115634 0.0157581 0.2695152 0.0083597 0.0122096 0.0192380 0.0174451 0.0056763 0.0842123 0.1065566 0.1709893 0.0114427 0.0072617 0.0220016 0.0191502
 68 H  68 0.0189893 0.0589914 0.0969162 0.0416643 0.0137843 0.0242359 0.0471090 0.0132227 0.0341313 0.0247835 0.0393390 0.0108721 0.0048727 0.0561104 0.0272743 0.1325928 0.0235115 0.0296577 0.2885771 0.0133644
 69 A  69 0.0898564 0.0202135 0.0255661 0.0236948 0.0359576 0.0040209 0.0059055 0.0113525 0.0139369 0.0129866 0.0260016 0.0195409 0.0045106 0.0057990 0.5398604 0.0781237 0.0264806 0.0049290 0.0133366 0.0379268
 70 F  70 0.0065551 0.0215825 0.0048800 0.0051200 0.0000000 0.0024579 0.0090525 0.0057271 0.0033448 0.0096782 0.0122606 0.0148593 0.0038941 0.8563082 0.0082882 0.0157962 0.0076865 0.0000000 0.0077209 0.0047879
 71 D  71 0.0036533 0.0155154 0.0092190 0.8119728 0.0000000 0.0182714 0.0012773 0.0091842 0.0035027 0.0030825 0.0298379 0.0149564 0.0018678 0.0259913 0.0090934 0.0100366 0.0074392 0.0039310 0.0182582 0.0029096
 72 G  72 0.0122865 0.0139495 0.0064298 0.0230315 0.0096350 0.0054407 0.0134161 0.8472396 0.0000000 0.0025045 0.0020864 0.0044947 0.0024200 0.0087492 0.0095177 0.0068811 0.0145365 0.0041647 0.0041554 0.0090611
 73 K  73 0.0254759 0.0649977 0.0110719 0.0208280 0.0044388 0.0379218 0.0784122 0.0160924 0.0040162 0.0065230 0.0349822 0.1093756 0.0035090 0.0143949 0.4445100 0.0436770 0.0332691 0.0041428 0.0103312 0.0320301
 74 G  74 0.0211643 0.0141339 0.0598634 0.0678807 0.0040039 0.0119148 0.0312553 0.5904872 0.0138196 0.0033442 0.0422998 0.0128910 0.0103644 0.0086473 0.0107994 0.0358287 0.0292262 0.0128858 0.0136003 0.0055896
 75 G  75 0.0085726 0.0388972 0.0849806 0.0251249 0.0000000 0.0623490 0.0129552 0.6048445 0.0119721 0.0096015 0.0028187 0.0418292 0.0045063 0.0014289 0.0039960 0.0132834 0.0212885 0.0030446 0.0330163 0.0154904
 76 I  76 0.0411780 0.0036760 0.0180625 0.0096658 0.0000000 0.0140724 0.0618502 0.0270610 0.0052604 0.1497110 0.0671700 0.0210807 0.0012781 0.0688512 0.0067107 0.0253446 0.2385928 0.0000000 0.0067021 0.2337324
 77 L  77 0.0168366 0.0078159 0.0000000 0.0031863 0.0028191 0.0078415 0.0114759 0.0036858 0.0000000 0.0333889 0.7622625 0.0034029 0.0038015 0.0317453 0.0041148 0.0155220 0.0236724 0.0000000 0.0116930 0.0567357
 78 A  78 0.8282210 0.0101575 0.0000000 0.0038780 0.0150030 0.0039220 0.0163065 0.0618491 0.0000000 0.0047953 0.0053900 0.0054919 0.0059374 0.0137240 0.0021130 0.0154367 0.0000000 0.0000000 0.0019788 0.0057958
 79 H  79 0.0093162 0.0000000 0.0059305 0.0095330 0.0000000 0.0074465 0.0076177 0.0023754 0.8580512 0.0206771 0.0040815 0.0006210 0.0000000 0.0082004 0.0157233 0.0140136 0.0200072 0.0101040 0.0034489 0.0028526
 80 A  80 0.8641041 0.0047673 0.0000000 0.0080807 0.0096335 0.0028407 0.0037459 0.0288478 0.0000000 0.0000000 0.0014394 0.0045670 0.0000000 0.0068203 0.0028235 0.0301318 0.0248062 0.0000000 0.0039626 0.0034291
 81 F  81 0.0164566 0.0000000 0.0075900 0.0295958 0.0019964 0.0015534 0.0212707 0.0062087 0.0009948 0.0184323 0.0087517 0.0068732 0.0042576 0.5822136 0.0068091 0.0129926 0.0209102 0.0294142 0.2140791 0.0096000
 82 G  82 0.1040890 0.0218466 0.0000000 0.0135335 0.0028264 0.0386828 0.0036872 0.0416630 0.0098217 0.0319403 0.0556305 0.0020583 0.0099011 0.3327338 0.1130097 0.0536933 0.0239681 0.0048330 0.1302431 0.0058387
 83 P  83 0.0247059 0.0196601 0.0086820 0.0035340 0.0000000 0.0052114 0.0057241 0.0082341 0.0072868 0.0000000 0.0110350 0.0042304 0.0032318 0.0000000 0.8779217 0.0134627 0.0020995 0.0000000 0.0049804 0.0000000
 84 G  84 0.0190375 0.0389636 0.0579654 0.0317500 0.0042330 0.0266547 0.0583988 0.3989172 0.0148726 0.0108414 0.0128461 0.0314410 0.0100674 0.0124468 0.1074260 0.0666556 0.0436984 0.0141867 0.0136161 0.0259820
 85 S  85 0.0291874 0.0443443 0.1291421 0.0768455 0.0030998 0.0281404 0.0760237 0.0209575 0.0590620 0.0106478 0.0231545 0.0277086 0.0016109 0.0276900 0.1969675 0.0882390 0.0758541 0.0011663 0.0707535 0.0094049
 86 G  86 0.0187823 0.0218005 0.0329605 0.0804105 0.0050211 0.0033417 0.0217404 0.5741897 0.0515487 0.0058319 0.0201115 0.0045977 0.0072567 0.0085260 0.0738039 0.0360059 0.0234414 0.0017798 0.0037289 0.0051209
 87 I  87 0.0153592 0.1043310 0.0139576 0.0229022 0.0516674 0.0222759 0.0960055 0.0085964 0.0239391 0.2823770 0.1080691 0.0249783 0.0275704 0.0210450 0.0105508 0.0233786 0.0559037 0.0076760 0.0281081 0.0513087
 88 G  88 0.1065725 0.0295986 0.0344246 0.0660914 0.0128223 0.0411849 0.0464066 0.3928014 0.0077324 0.0101579 0.0686356 0.0297981 0.0041508 0.0132078 0.0148004 0.0765401 0.0064968 0.0072851 0.0124959 0.0187967
 89 G  89 0.0320834 0.0035887 0.0103741 0.0065398 0.0000000 0.0026990 0.0000000 0.8199201 0.0033073 0.0017566 0.0157675 0.0105796 0.0000000 0.0000000 0.0054040 0.0245964 0.0488061 0.0000000 0.0052458 0.0093316
 90 D  90 0.0000000 0.0618606 0.0160095 0.5978405 0.0000000 0.0201262 0.0965552 0.0261406 0.0166010 0.0107724 0.0099732 0.0057259 0.0119203 0.0014788 0.0061486 0.0263309 0.0676689 0.0026499 0.0000000 0.0221974
 91 A  91 0.2444188 0.0027064 0.0032610 0.0041747 0.0076328 0.0084262 0.0018444 0.0049394 0.0000000 0.1914949 0.0732817 0.0064436 0.0117326 0.0509412 0.0000000 0.0465168 0.1453217 0.0039107 0.0037329 0.1892202
 92 H  92 0.0077141 0.0109703 0.0278063 0.0103881 0.0088179 0.0063767 0.0038760 0.0025785 0.8036324 0.0062749 0.0071080 0.0000000 0.0000000 0.0411494 0.0071532 0.0213222 0.0024059 0.0157041 0.0043132 0.0124088
 93 F  93 0.0000000 0.0025773 0.0032305 0.0031379 0.0000000 0.0039135 0.0000000 0.0051240 0.0000000 0.0243976 0.0776217 0.0037707 0.0065684 0.7869335 0.0000000 0.0080971 0.0032364 0.0000000 0.0623023 0.0090889
 94 D  94 0.0066667 0.0048562 0.0631496 0.8204162 0.0000000 0.0190795 0.0049124 0.0191469 0.0084567 0.0000000 0.0000000 0.0298566 0.0000000 0.0000000 0.0039012 0.0039100 0.0012391 0.0000000 0.0020087 0.0124003
 95 E  95 0.1241768 0.0201896 0.0394828 0.3091195 0.0017983 0.0163754 0.2104983 0.0681318 0.0000000 0.0033120 0.0227635 0.0293353 0.0156995 0.0055184 0.0127911 0.0682250 0.0233439 0.0000000 0.0187473 0.0104915
 96 D  96 0.1185740 0.0041748 0.0186956 0.5643146 0.0000000 0.0106320 0.0975048 0.0179917 0.0154181 0.0019641 0.0080246 0.0183405 0.0000000 0.0032290 0.0032349 0.0785999 0.0245840 0.0000000 0.0059385 0.0087790
 97 E  97 0.0078780 0.0305488 0.0050953 0.0088707 0.0066259 0.0170128 0.7757898 0.0018304 0.0283009 0.0046696 0.0025321 0.0281409 0.0017602 0.0076949 0.0155792 0.0076758 0.0125243 0.0035115 0.0282418 0.0057170
 98 F  98 0.0227795 0.0740034 0.0949695 0.0217061 0.0000000 0.0421573 0.0192801 0.0098215 0.0617806 0.0455086 0.0694292 0.1077008 0.0164217 0.0582159 0.0816177 0.0302096 0.1664079 0.0023082 0.0556380 0.0200446
 99 W  99 0.0024521 0.0025580 0.0095700 0.0045385 0.0000000 0.0000000 0.0036901 0.0000000 0.0059119 0.0000000 0.0044739 0.0067786 0.0000000 0.1356555 0.0000000 0.0026610 0.0174064 0.7692911 0.0350130 0.0000000
100 T 100 0.0129983 0.0036538 0.0421189 0.0170952 0.0026290 0.0052584 0.0149783 0.0621122 0.0048037 0.0197399 0.0174264 0.0251062 0.0040210 0.0225029 0.0000000 0.1521658 0.5289028 0.0044844 0.0063976 0.0536053
101 T 101 0.0330026 0.0152504 0.0680318 0.0535185 0.0130026 0.0281338 0.0735442 0.0491562 0.0295790 0.0960410 0.0707286 0.0723434 0.0195148 0.1036608 0.0488118 0.0498103 0.0545909 0.0192146 0.0399160 0.0621488
102 H 102 0.0225191 0.0724491 0.1289410 0.1349807 0.0388852 0.0158574 0.0439515 0.1645905 0.0099676 0.0106597 0.0148383 0.0306105 0.0058178 0.0339976 0.0677827 0.1006233 0.0625248 0.0078579 0.0178750 0.0152702
103 S 103 0.0397258 0.0397689 0.0875261 0.0998758 0.0032957 0.0297403 0.0653580 0.0499685 0.0367587 0.0109747 0.0185463 0.0279972 0.0069457 0.0274955 0.1155551 0.2171933 0.0676933 0.0009481 0.0417834 0.0128496
104 G 104 0.0462123 0.1118248 0.0577236 0.1013792 0.0000000 0.0687501 0.0754697 0.0803520 0.0446169 0.0163539 0.0171747 0.0676806 0.0251973 0.0143674 0.0317326 0.0763116 0.0569923 0.0286040 0.0378748 0.0413821
105 G 105 0.0445718 0.0192641 0.0433843 0.0120502 0.0014811 0.0198797 0.0126400 0.6182833 0.0090928 0.0058187 0.0278792 0.0312416 0.0019632 0.0000000 0.0619430 0.0158110 0.0354224 0.0000000 0.0045786 0.0346950
106 T 106 0.0395357 0.0448754 0.0777104 0.0125810 0.0000000 0.0000000 0.0163129 0.0205443 0.0072702 0.1150660 0.0263517 0.0295407 0.0314439 0.0516704 0.0180686 0.0236924 0.2596644 0.0014507 0.1136500 0.1105712
107 N 107 0.0202762 0.0135932 0.3677915 0.2590868 0.0057399 0.0196742 0.0240822 0.0009165 0.0118853 0.0081750 0.0016389 0.0050460 0.0009417 0.0121622 0.0131655 0.1536058 0.0298499 0.0100016 0.0199331 0.0224346
108 L 108 0.0127459 0.0153253 0.0025672 0.0148490 0.0000000 0.0076796 0.0000000 0.0108747 0.0005074 0.0319125 0.7413544 0.0225978 0.0023469 0.0940142 0.0078779 0.0017113 0.0020909 0.0024208 0.0192760 0.0098481
109 F 109 0.0078451 0.0490422 0.0037541 0.0156647 0.0000000 0.0062673 0.0546842 0.0018043 0.0040152 0.0142494 0.1741070 0.0173886 0.0069057 0.4587005 0.0127096 0.0222732 0.0008610 0.0069899 0.0985932 0.0441448
110 L 110 0.0819201 0.0174942 0.0456526 0.0195145 0.0010001 0.1003201 0.0238214 0.0386852 0.0330007 0.0614645 0.2238361 0.0392649 0.0170168 0.0070830 0.0100466 0.0869506 0.0779947 0.0513215 0.0296932 0.0339193
111 T 111 0.0289936 0.0211907 0.0359202 0.0038340 0.0000000 0.0090995 0.0115429 0.0101519 0.0000000 0.0451837 0.0083336 0.0023530 0.0117078 0.0038683 0.0000000 0.0014512 0.0718657 0.0000000 0.0050086 0.7294952
112 A 112 0.7487016 0.0043967 0.0000000 0.0032146 0.0000000 0.0000000 0.0082736 0.0095301 0.0000000 0.0145572 0.0722426 0.0024086 0.0118174 0.0180618 0.0105933 0.0220597 0.0283422 0.0000000 0.0063972 0.0394035
113 V 113 0.4045671 0.0093364 0.0008033 0.0189832 0.0032262 0.0048083 0.0231855 0.0058498 0.0021347 0.0495675 0.1063892 0.0039133 0.0267370 0.0242918 0.0025624 0.0013417 0.0582662 0.0148144 0.0025413 0.2366805
114 H 114 0.0071617 0.0137349 0.0072158 0.0025624 0.0032262 0.0084718 0.0000000 0.0368768 0.8675005 0.0019686 0.0000000 0.0205430 0.0000000 0.0042285 0.0192379 0.0034656 0.0000000 0.0000000 0.0000000 0.0038065
115 A 115 0.0432923 0.0000000 0.0000000 0.0031559 0.0019560 0.0181210 0.8984875 0.0043466 0.0000000 0.0049409 0.0000000 0.0000000 0.0042852 0.0000000 0.0049063 0.0000000 0.0079974 0.0030066 0.0000000 0.0055043
116 I 116 0.0152891 0.0000000 0.0000000 0.0032149 0.0000000 0.0017603 0.0046154 0.0053830 0.0025324 0.3167373 0.2074859 0.0000000 0.0213562 0.3365514 0.0025061 0.0115811 0.0128548 0.0000000 0.0116249 0.0465071
117 G 117 0.0081695 0.0000000 0.0088617 0.0243739 0.0345876 0.0025571 0.0000000 0.8778732 0.0000000 0.0000000 0.0025357 0.0176366 0.0000000 0.0031925 0.0119012 0.0000000 0.0037205 0.0000000 0.0028423 0.0017481
118 H 118 0.0056319 0.0059915 0.0230757 0.0294674 0.0000000 0.0128962 0.0104357 0.0017435 0.8622532 0.0000000 0.0083674 0.0091512 0.0042647 0.0043799 0.0102059 0.0095792 0.0000000 0.0000000 0.0025565 0.0000000
119 S 119 0.3142245 0.0055869 0.0166670 0.0000000 0.0225352 0.0029668 0.0023461 0.0077240 0.0066562 0.0307571 0.0478500 0.0000000 0.0140964 0.0326007 0.0106500 0.3179377 0.0782048 0.0091494 0.0134391 0.0666081
120 L 120 0.0000000 0.0044130 0.0036647 0.0015967 0.0045145 0.0069111 0.0000000 0.0091106 0.0158987 0.0513916 0.7870736 0.0000000 0.0148886 0.0051409 0.0715061 0.0036522 0.0121806 0.0000000 0.0000000 0.0080572
121 G 121 0.0179246 0.0058128 0.0209090 0.0062989 0.0112135 0.0017410 0.0051795 0.8651740 0.0137754 0.0036880 0.0056212 0.0069655 0.0000000 0.0153677 0.0000000 0.0136169 0.0043093 0.0018823 0.0005201 0.0000000
122 L 122 0.0037095 0.0067165 0.0029277 0.0020523 0.0107759 0.0063995 0.0012616 0.0033363 0.0030750 0.0255221 0.8493249 0.0058944 0.0139059 0.0146717 0.0127921 0.0042058 0.0017638 0.0000000 0.0081947 0.0234703
123 G 123 0.0864457 0.0209444 0.0062551 0.0852104 0.0000000 0.0361618 0.1555090 0.2120253 0.0196356 0.0047053 0.0134512 0.0289639 0.0199515 0.0421025 0.0453984 0.1501757 0.0353231 0.0064725 0.0220285 0.0092402
124 H 124 0.0041256 0.0208839 0.0085966 0.0061334 0.0021097 0.0019523 0.0123218 0.0092660 0.8380840 0.0086003 0.0062552 0.0130759 0.0072700 0.0044390 0.0037505 0.0144015 0.0124699 0.0055947 0.0123320 0.0083381
125 S 125 0.0238288 0.0100365 0.0108920 0.0062270 0.0055903 0.0055276 0.0125960 0.0231386 0.0091306 0.0426003 0.0048203 0.0017568 0.0018003 0.0021953 0.0241402 0.6997103 0.0606145 0.0068493 0.0131571 0.0353881
126 S 126 0.0542567 0.0697722 0.1252515 0.1060534 0.0000000 0.0476667 0.0257597 0.0237979 0.0263873 0.0063597 0.0193901 0.0219756 0.0050578 0.0347042 0.0556205 0.2608238 0.0762175 0.0036172 0.0315497 0.0057385
127 D 127 0.0971367 0.0508598 0.0890181 0.2565335 0.0154630 0.0335970 0.0470801 0.0118766 0.0191582 0.0262437 0.0077341 0.0168790 0.0008144 0.0177443 0.0068334 0.0482957 0.0126597 0.0072589 0.0309599 0.2038538
128 P 128 0.0662289 0.0934028 0.0230913 0.0172499 0.0022742 0.0667437 0.0814467 0.0308297 0.0306931 0.0299934 0.0151610 0.0747047 0.0044611 0.0228553 0.2699080 0.0641096 0.0516619 0.0038462 0.0339640 0.0173747
129 K 129 0.0230297 0.0447926 0.1118128 0.1115782 0.0000000 0.0460562 0.0954697 0.1914157 0.0174191 0.0081277 0.0202145 0.0537729 0.0090774 0.0301494 0.0220660 0.1203388 0.0692211 0.0000000 0.0111400 0.0143183
130 A 130 0.5239554 0.0266027 0.0128217 0.0099136 0.0039637 0.0096683 0.0175317 0.0173795 0.0014037 0.0000000 0.0104862 0.0029336 0.0039399 0.0000000 0.0077443 0.3147319 0.0234093 0.0000000 0.0024232 0.0110911
131 V 131 0.0110599 0.0000000 0.0134975 0.0305899 0.0015539 0.0017240 0.0014340 0.0212267 0.0024436 0.2876685 0.3780826 0.0041893 0.0291271 0.0147456 0.0158116 0.0133996 0.0160757 0.0000000 0.0183858 0.1389847
132 M 132 0.0125697 0.0110519 0.0112335 0.0268930 0.0000000 0.0132169 0.0094217 0.0138377 0.0352672 0.0059803 0.0071948 0.0089386 0.7809636 0.0078229 0.0134840 0.0129635 0.0076786 0.0047504 0.0064281 0.0103036
133 F 133 0.1714043 0.0487753 0.0333334 0.0055254 0.0136372 0.0463046 0.0225166 0.0160958 0.0397657 0.0098427 0.0142885 0.0161401 0.0058205 0.1625010 0.0089858 0.0444652 0.0051218 0.0190614 0.3082661 0.0081487
134 P 134 0.0637981 0.0066867 0.0000000 0.0096217 0.0062387 0.0056354 0.0073485 0.0245508 0.0126535 0.0029691 0.0234107 0.0230913 0.0000000 0.0115595 0.7273214 0.0236139 0.0200598 0.0000000 0.0297855 0.0016551
135 T 135 0.0180412 0.0227755 0.0750456 0.0185681 0.0192331 0.0100256 0.0257748 0.0184390 0.0233410 0.0527864 0.0230674 0.0237355 0.0474171 0.1639437 0.0095575 0.0578310 0.0946901 0.0647595 0.1691354 0.0618326
136 Y 136 0.0188428 0.0104181 0.0225609 0.0320798 0.0096068 0.0098162 0.0155903 0.0159978 0.0297819 0.0306522 0.0148653 0.0140378 0.0015771 0.0552456 0.0096154 0.0096978 0.0302073 0.0009879 0.6487027 0.0197163
137 K 137 0.0581647 0.0898811 0.0620818 0.0215349 0.0052160 0.1715069 0.0213604 0.0227136 0.0428037 0.0361857 0.0473533 0.1140948 0.0155807 0.0145128 0.0345154 0.0901759 0.0918617 0.0102780 0.0195544 0.0306241
138 Y 138 0.0264199 0.0241022 0.0357633 0.0319335 0.0024723 0.0104755 0.0115336 0.2808782 0.0126939 0.0081594 0.0124636 0.0183539 0.0054717 0.0904723 0.1078582 0.0418609 0.0234665 0.0361265 0.2081986 0.0112960
139 V 139 0.0225191 0.0787862 0.0343722 0.0305570 0.0064663 0.0445323 0.0145642 0.0508165 0.0307551 0.0344069 0.0421986 0.0190492 0.0562859 0.0461629 0.0679846 0.0841819 0.1087566 0.0025966 0.1623615 0.0626465
140 D 140 0.0331744 0.0373102 0.0634638 0.2071740 0.0087621 0.0413384 0.1086200 0.0332798 0.0497792 0.0284690 0.0316433 0.0666749 0.0166571 0.0383589 0.0127327 0.0419264 0.0618104 0.0000000 0.0561141 0.0627112
141 I 141 0.0147511 0.0345209 0.0213525 0.0542544 0.0000000 0.0415034 0.0128658 0.1061599 0.0031796 0.0213224 0.0322728 0.0376244 0.0080809 0.0312565 0.3205497 0.0611352 0.1393907 0.0137071 0.0222540 0.0238187
142 N 142 0.0370722 0.0584027 0.1105978 0.1253687 0.0035937 0.0349049 0.1249706 0.0738889 0.0535799 0.0023834 0.0398668 0.0994484 0.0027573 0.0331161 0.0280777 0.1140447 0.0098628 0.0023563 0.0300898 0.0156172
143 T 143 0.0236558 0.0535899 0.1214082 0.1065566 0.0055158 0.0230231 0.0431583 0.0753557 0.0255422 0.0377122 0.0313534 0.1248250 0.0101096 0.0500219 0.0734082 0.0480078 0.0946307 0.0000000 0.0101144 0.0420113
144 F 144 0.0344027 0.0475051 0.0220386 0.0567591 0.0049150 0.0355176 0.0119616 0.0511858 0.0315442 0.0474895 0.1066225 0.0533792 0.0222000 0.1873663 0.0610818 0.0220921 0.0439630 0.0167637 0.1032809 0.0399314
145 R 145 0.0319354 0.0858267 0.0269379 0.0688981 0.0059388 0.0727996 0.0361898 0.0340489 0.0721682 0.0330889 0.1128287 0.0636998 0.0092842 0.0277517 0.0622917 0.0930043 0.0619578 0.0000000 0.0381567 0.0631930
146 L 146 0.0281349 0.0355314 0.0045129 0.0843014 0.0000000 0.0129897 0.0292921 0.0530329 0.0120261 0.0491048 0.3044384 0.0256972 0.0171465 0.0573312 0.0873826 0.0335281 0.0285365 0.0134682 0.0775695 0.0459757
147 S 147 0.0430624 0.0393339 0.0255052 0.1201101 0.0000000 0.0433234 0.0292056 0.0629057 0.0553788 0.0579188 0.0485555 0.0298411 0.0178242 0.0114849 0.1719610 0.1175758 0.0596155 0.0000000 0.0466363 0.0197616
148 A 148 0.0551111 0.0393740 0.0197467 0.1570451 0.0024226 0.1629320 0.0752706 0.0143849 0.0166136 0.0517662 0.0511994 0.0602619 0.0085369 0.0334402 0.0771178 0.0390234 0.0578526 0.0106983 0.0387378 0.0284649
149 D 149 0.0322533 0.0481643 0.0384019 0.3702984 0.0118280 0.0517186 0.0326926 0.0557027 0.0168504 0.0413739 0.0422478 0.0316443 0.0028952 0.0156632 0.0458201 0.0539599 0.0498825 0.0015697 0.0162512 0.0407821
150 D 150 0.0446592 0.0280157 0.0340560 0.3632936 0.0030207 0.0393187 0.0454332 0.0361535 0.0037338 0.0314837 0.0687430 0.0476517 0.0028170 0.0412104 0.0734277 0.0462772 0.0572459 0.0000000 0.0105454 0.0229137
151 I 151 0.0437643 0.0590765 0.0251432 0.0673950 0.0113882 0.0227486 0.0477371 0.0732656 0.0237812 0.1663379 0.0827815 0.0407246 0.0152920 0.0027660 0.0336875 0.0473136 0.0716704 0.0000000 0.0369886 0.1281383
152 R 152 0.0191423 0.0785453 0.0676040 0.0876691 0.0053576 0.0678284 0.0393464 0.1038839 0.0232134 0.0557675 0.0633912 0.0600394 0.0175371 0.0242740 0.0755073 0.0639076 0.0429665 0.0224414 0.0461558 0.0354218
153 G 153 0.0691603 0.0833365 0.0139683 0.0725931 0.0011841 0.0439496 0.0343134 0.3204618 0.0230699 0.0602687 0.0293135 0.0278087 0.0074808 0.0099670 0.0191168 0.0576830 0.0552806 0.0174478 0.0295981 0.0239978
154 I 154 0.0509076 0.0354668 0.0301199 0.0392877 0.0015047 0.0466204 0.0344861 0.0296713 0.0055845 0.2739098 0.0983285 0.0419873 0.0154485 0.0199166 0.0921531 0.0265729 0.0502956 0.0226061 0.0540723 0.0310602
155 Q 155 0.0408381 0.0310945 0.0193191 0.0360743 0.0016634 0.2621567 0.0518797 0.0506641 0.0250970 0.0237032 0.0463617 0.0576072 0.0056612 0.0458050 0.0479150 0.0684957 0.0531100 0.0202550 0.0824943 0.0298049
156 S 156 0.0748965 0.0350267 0.0391943 0.0657013 0.0000000 0.0775137 0.0648044 0.0533411 0.0327943 0.0471089 0.0708990 0.0502576 0.0158696 0.0204003 0.0731369 0.1077697 0.0693162 0.0114631 0.0635597 0.0269465
157 L 157 0.0367919 0.0454231 0.0192390 0.0292285 0.0075000 0.0407903 0.0530610 0.0663840 0.0214584 0.0922081 0.2243480 0.0432011 0.0205908 0.0179338 0.0851673 0.0474069 0.0540201 0.0013225 0.0630724 0.0308526
158 Y 158 0.0463370 0.0563773 0.0160949 0.0403130 0.0191394 0.0347010 0.0340165 0.0774047 0.0151634 0.0136050 0.0320120 0.0658922 0.0112867 0.0251830 0.0938459 0.0315473 0.0638972 0.0000000 0.2875067 0.0356769
159 G 159 0.0813589 0.0495784 0.0329845 0.0364173 0.0032116 0.0232534 0.0538155 0.2894729 0.0101072 0.0272950 0.0655530 0.0338445 0.0091582 0.0393726 0.0894283 0.0481888 0.0515785 0.0020760 0.0310646 0.0222408
160 D 160 0.0456018 0.0501309 0.0474882 0.0599409 0.0196627 0.0323607 0.0698253 0.0488092 0.0112618 0.0453269 0.0255588 0.0768809 0.0177868 0.0292351 0.1763094 0.0693826 0.0763102 0.0120982 0.0613525 0.0246770
161 P 161 0.0543909 0.0677209 0.0475767 0.0479331 0.0074520 0.0482330 0.0671311 0.0795064 0.0131799 0.0232498 0.0444500 0.0721673 0.0179268 0.0301101 0.1793096 0.0569158 0.0703083 0.0235043 0.0270986 0.0218355
162 K 162 0.0277477 0.0670702 0.0464966 0.0550629 0.0054883 0.0189605 0.0719603 0.0726411 0.0255963 0.0383289 0.0319206 0.0948503 0.0275186 0.0081323 0.1347497 0.0586120 0.0970252 0.0210116 0.0292609 0.0675659
163 E 163 0.0390642 0.0693026 0.0425723 0.0437895 0.0230637 0.0522711 0.0494778 0.0793080 0.0390006 0.0275664 0.0520056 0.0781796 0.0073020 0.0371001 0.1112186 0.0738365 0.0862937 0.0086633 0.0417915 0.0381930
164 N 164 0.0387824 0.0706141 0.0465556 0.0516415 0.0179957 0.0377314 0.0282336 0.0610675 0.0470948 0.0403410 0.0402825 0.0421587 0.0096809 0.0316468 0.1933159 0.0590957 0.0933135 0.0125054 0.0506870 0.0272558
165 Q 165 0.0337454 0.0572965 0.0499165 0.0556882 0.0103174 0.0369878 0.0436355 0.0924524 0.0397389 0.0529062 0.0343648 0.0636624 0.0165045 0.0191318 0.1599948 0.0573568 0.0967300 0.0127954 0.0223805 0.0443941
166 R 166 0.0590588 0.0594619 0.0672550 0.0527216 0.0034545 0.0300400 0.0603054 0.0678509 0.0297663 0.0142864 0.0641829 0.0374333 0.0141462 0.0226544 0.1643033 0.0708945 0.0864679 0.0104393 0.0510586 0.0342189
167 L 167 0.0357738 0.0639170 0.0381654 0.0565926 0.0393932 0.0307618 0.0385172 0.0654188 0.0296379 0.0680636 0.0271095 0.0461827 0.0145864 0.0283727 0.1641049 0.0665632 0.0957060 0.0343572 0.0166648 0.0401114
168 P 168 0.0368719 0.0598002 0.0727661 0.0627159 0.0162833 0.0702903 0.0617245 0.0538858 0.0190862 0.0277631 0.0317721 0.0469504 0.0066558 0.0054914 0.1462755 0.0842758 0.1033459 0.0176081 0.0252038 0.0512339
169 N 169 0.0516566 0.0582112 0.0505161 0.0273730 0.0075081 0.0370765 0.0462663 0.0663717 0.0439576 0.0060401 0.0274038 0.0468104 0.0074047 0.0110253 0.2502678 0.0745849 0.1082555 0.0097431 0.0256723 0.0438549
170 P 170 0.0434069 0.0544708 0.0270301 0.0431169 0.0136979 0.0344153 0.0576735 0.0589555 0.0456579 0.0367035 0.0554540 0.0546979 0.0302701 0.0327207 0.1659628 0.0596080 0.1165094 0.0149178 0.0106057 0.0441254
171 D 171 0.0555068 0.0555474 0.0309205 0.0517595 0.0124588 0.0273445 0.0603611 0.1071634 0.0437862 0.0213242 0.0416660 0.0319335 0.0017245 0.0569973 0.1932520 0.0899202 0.0893798 0.0000000 0.0144364 0.0145178
172 N 172 0.0429644 0.0489002 0.0452204 0.0832017 0.0000000 0.0291893 0.0544704 0.0488540 0.0419867 0.0315111 0.0536631 0.0441132 0.0111331 0.0177397 0.2071541 0.0856531 0.0851765 0.0113963 0.0116200 0.0460528
173 S 173 0.0345618 0.0585435 0.0300782 0.0834402 0.0016467 0.0415915 0.0693614 0.0768740 0.0184141 0.0266827 0.0178494 0.0407553 0.0015192 0.0099886 0.1602689 0.1117543 0.1439629 0.0177167 0.0146172 0.0403734
174 E 174 0.0639354 0.0536672 0.0652928 0.0579558 0.0077687 0.0357088 0.0558628 0.0585702 0.0271274 0.0295370 0.0570974 0.0448713 0.0074462 0.0132547 0.1479243 0.0302047 0.1397373 0.0109230 0.0133204 0.0797944
175 P 175 0.0698432 0.0390440 0.0259461 0.0475292 0.0164267 0.0250015 0.0327370 0.0622553 0.0271104 0.0363774 0.0296107 0.0215728 0.0286398 0.0716985 0.2041599 0.0728720 0.0955968 0.0081132 0.0351514 0.0503142
176 A 176 0.0628108 0.0724184 0.0534250 0.1072589 0.0237246 0.0460969 0.0939704 0.0342553 0.0233829 0.0250741 0.0416000 0.0636520 0.0100122 0.0137847 0.1229149 0.0412262 0.0779839 0.0073419 0.0072375 0.0718295
177 L 177 0.0703010 0.0455513 0.0406703 0.0813879 0.0483382 0.0316133 0.0566393 0.0304432 0.0338316 0.0333383 0.0607675 0.0652023 0.0106584 0.0162523 0.1999335 0.0413114 0.0517783 0.0307144 0.0229723 0.0282952
178 C 178 0.0501027 0.0355919 0.0646990 0.1144652 0.2319845 0.0270917 0.0346623 0.0407194 0.0237050 0.0526411 0.0373851 0.0339709 0.0056871 0.0146991 0.0790653 0.0442889 0.0538266 0.0105109 0.0239969 0.0209064
179 D 179 0.0517819 0.0846094 0.0416809 0.1405483 0.1103868 0.0231589 0.0232778 0.0424383 0.0144363 0.0642978 0.0229303 0.0376304 0.0127505 0.0436485 0.0772571 0.1054411 0.0670796 0.0013716 0.0093801 0.0258944
180 P 180 0.0325325 0.0587196 0.0271778 0.0550609 0.1877575 0.0290453 0.0339842 0.0659446 0.0270079 0.0341945 0.0318029 0.0493475 0.0058587 0.0105582 0.1399795 0.0792526 0.0732471 0.0123551 0.0211736 0.0250000
181 N 181 0.0777184 0.0728204 0.0523711 0.1259307 0.0113006 0.0419600 0.0766164 0.0458794 0.0276036 0.0168148 0.0491544 0.0700020 0.0190251 0.0136958 0.0480865 0.1019774 0.0795592 0.0009191 0.0145262 0.0540388
182 L 182 0.0422981 0.0478286 0.0314084 0.0304904 0.0106582 0.0152143 0.0338174 0.1115110 0.0268163 0.0534753 0.1115686 0.0506159 0.0213621 0.0431002 0.0757541 0.0660202 0.1199520 0.0207029 0.0179342 0.0694718
183 S 183 0.0344993 0.0176709 0.0827453 0.0707193 0.0259978 0.0234675 0.0530247 0.0424676 0.0383280 0.0593217 0.0615201 0.0243957 0.0161157 0.0839380 0.0330902 0.1074417 0.1175519 0.0041703 0.0250000 0.0785344
184 F 184 0.0739373 0.0299499 0.0220122 0.1701502 0.0379400 0.0268846 0.0158102 0.0239532 0.0144532 0.0300024 0.0393494 0.0229426 0.0087077 0.2725082 0.0475133 0.0461895 0.0365109 0.0064237 0.0495878 0.0251738
185 D 185 0.1558472 0.0219442 0.0377921 0.3271392 0.0151247 0.0122816 0.0287772 0.0271303 0.0112550 0.0242692 0.0308857 0.0312523 0.0197254 0.0196733 0.0558472 0.0380391 0.0828113 0.0059533 0.0210469 0.0332049
186 A 186 0.3032198 0.0253433 0.0261305 0.0320540 0.0160113 0.0048370 0.0077438 0.0490157 0.0222981 0.0944741 0.0392733 0.0307034 0.0318294 0.0491840 0.0276935 0.0319297 0.1293555 0.0078721 0.0228389 0.0481925
187 V 187 0.0698074 0.0394700 0.0163523 0.0299581 0.0116593 0.0250638 0.0439149 0.0271969 0.0029791 0.1517058 0.0493893 0.0203715 0.0308153 0.0517110 0.0480657 0.0322807 0.1268934 0.0000000 0.0183031 0.2040623
188 T 188 0.1671315 0.0368881 0.0458303 0.0469405 0.0082430 0.0223946 0.0389158 0.0301864 0.0068955 0.0245128 0.0531724 0.0194664 0.0170345 0.0320107 0.0470742 0.1151650 0.2073536 0.0000000 0.0169995 0.0637853
189 T 189 0.0318818 0.0243631 0.0548644 0.0928765 0.0406308 0.0546983 0.0529715 0.0611296 0.0176127 0.0447053 0.0767912 0.0238385 0.0470374 0.0348712 0.0389818 0.0497907 0.1593502 0.0088191 0.0271808 0.0576053
