  133         A         R         N         D         C         Q         E         G         H         I         L         K         M         F         P         S         T         W         Y         V         X    
  1 D   1 0.0000000 0.0000000 0.0117303 0.0951111 0.0000000 0.0000000 0.0869834 0.0000000 0.0000000 0.0000000 0.0000000 0.0000000 0.0000000 0.0000000 0.0000000 0.0000000 0.0000000 0.0000000 0.0000000 0.0000000 0.8061752
  2 T   2 0.0019261 0.0318595 0.0050205 0.0034362 0.0005170 0.0340532 0.0095992 0.0038429 0.0033271 0.0016612 0.0011126 0.0299427 0.0017922 0.0007896 0.0018186 0.0405778 0.0713662 0.0000000 0.0000000 0.0278924 0.7294650
  3 D   3 0.0006831 0.0000000 0.0208223 0.1913033 0.0000000 0.0087885 0.1743534 0.0019192 0.0013906 0.0000000 0.0565405 0.0018095 0.0000000 0.0000000 0.0021254 0.0013252 0.0010117 0.0000000 0.0033143 0.0000000 0.5346129
  4 S   4 0.0098671 0.0480858 0.0420422 0.0080950 0.0000000 0.1317523 0.0748519 0.0042989 0.0026403 0.0022455 0.0028054 0.0292494 0.0012804 0.0021201 0.0226395 0.1755063 0.0482542 0.0000000 0.0043109 0.0038567 0.3860980
  5 E   5 0.0050609 0.0136175 0.0028212 0.0648422 0.0000000 0.0167722 0.2940911 0.0009306 0.0011142 0.0719572 0.0278835 0.0815392 0.0183844 0.0011618 0.0033944 0.0007902 0.0030834 0.0000000 0.0098056 0.0211865 0.3615639
  6 E   6 0.0578660 0.0083016 0.0121619 0.0878654 0.0000000 0.0877861 0.3470330 0.0043211 0.0050114 0.0000000 0.0018524 0.0488462 0.0011321 0.0000000 0.0010812 0.0171868 0.0045539 0.0000000 0.0000000 0.0043318 0.3106690
  7 E   7 0.0030222 0.0030999 0.0203103 0.0737247 0.0009395 0.0319334 0.5491269 0.0065317 0.0574057 0.0041601 0.0059745 0.0099115 0.0055879 0.0000000 0.0000000 0.0058564 0.0023978 0.0007394 0.0038882 0.0125967 0.2027932
  8 I   8 0.0015909 0.0010170 0.0000000 0.0000000 0.0016426 0.0000000 0.0000000 0.0000000 0.0000000 0.2016199 0.4146134 0.0000000 0.0298160 0.1321440 0.0000000 0.0008242 0.0034191 0.0010931 0.0384750 0.0194314 0.1543133
  9 R   9 0.0198550 0.2737417 0.0045697 0.0006527 0.0008488 0.0363454 0.0222248 0.0000000 0.0112572 0.0092796 0.0356754 0.3367907 0.0132325 0.0188222 0.0038289 0.0119296 0.0109173 0.0092168 0.0247291 0.0117879 0.1442946
 10 E  10 0.0701879 0.0443127 0.0126784 0.0841004 0.0000000 0.0544663 0.4340563 0.0058337 0.0048026 0.0024154 0.0071378 0.0989286 0.0018025 0.0050773 0.0000000 0.0118982 0.0136848 0.0028091 0.0011924 0.0057399 0.1388757
 11 A  11 0.5748190 0.0034320 0.0000000 0.0017202 0.0089771 0.0083223 0.0007147 0.0092076 0.0000000 0.0251973 0.0283162 0.0000000 0.0979870 0.0036237 0.0000000 0.0077565 0.0161579 0.0000000 0.0008846 0.0796891 0.1331947
 12 F  12 0.0000000 0.0000000 0.0000000 0.0000000 0.0000000 0.0000000 0.0000000 0.0000000 0.0000000 0.0048646 0.0026136 0.0000000 0.0022177 0.8571843 0.0000000 0.0000000 0.0000000 0.0031403 0.0017888 0.0025538 0.1256368
 13 R  13 0.0484214 0.1617874 0.0523759 0.0933289 0.0104234 0.0800921 0.0608792 0.0069836 0.0150448 0.0023587 0.0198642 0.1648149 0.0172946 0.0016814 0.0000000 0.1129837 0.0186831 0.0015287 0.0007513 0.0054248 0.1252778
 14 V  14 0.0403580 0.0191457 0.0246179 0.0032161 0.0000000 0.0104631 0.0437917 0.0053490 0.0137964 0.0455369 0.2421635 0.0196340 0.0995889 0.0342052 0.0000000 0.0328393 0.0224009 0.0020919 0.0594076 0.1570686 0.1243253
 15 F  15 0.0010940 0.0000000 0.0000000 0.0000000 0.0000000 0.0000000 0.0000000 0.0000000 0.0000000 0.0722803 0.0385365 0.0000000 0.0714932 0.6423192 0.0000000 0.0042225 0.0014234 0.0017125 0.0262126 0.0134103 0.1272956
 16 D  16 0.0013701 0.0000000 0.0051475 0.8556297 0.0000000 0.0016245 0.0045656 0.0020428 0.0000000 0.0000000 0.0000000 0.0000000 0.0000000 0.0000000 0.0000000 0.0024707 0.0010801 0.0000000 0.0000000 0.0030257 0.1230432
 17 K  17 0.0454191 0.0948126 0.0054488 0.0243398 0.0006968 0.0321186 0.0225608 0.0027234 0.0058108 0.0138947 0.0351990 0.3532930 0.0081032 0.0000000 0.0049729 0.0281537 0.1723325 0.0000000 0.0000000 0.0270771 0.1230432
 18 D  18 0.0063136 0.0033739 0.1712836 0.6121562 0.0000000 0.0011756 0.0435781 0.0062327 0.0047918 0.0000000 0.0000000 0.0116316 0.0000000 0.0000000 0.0012067 0.0108232 0.0047828 0.0000000 0.0000000 0.0012725 0.1213779
 19 G  19 0.0090240 0.0343994 0.1441057 0.0161499 0.0050456 0.0309558 0.0193276 0.4739064 0.0204211 0.0020428 0.0036391 0.0881001 0.0012148 0.0000000 0.0000000 0.0282229 0.0007991 0.0000000 0.0013206 0.0010879 0.1202373
 20 N  20 0.0017775 0.0146978 0.1584135 0.3207661 0.0000000 0.0050781 0.0070024 0.0110820 0.0017152 0.0008464 0.0023527 0.0128872 0.0000000 0.0000000 0.0000000 0.2753933 0.0658076 0.0000000 0.0000000 0.0020696 0.1201107
 21 G  21 0.0013979 0.0000000 0.0047757 0.0000000 0.0000000 0.0011525 0.0042008 0.8583797 0.0000000 0.0000000 0.0000000 0.0029358 0.0000000 0.0000000 0.0000000 0.0064883 0.0011052 0.0000000 0.0015380 0.0000000 0.1180261
 22 Y  22 0.0250137 0.0495613 0.0089702 0.0117047 0.0293793 0.0375234 0.0118192 0.0005703 0.0220769 0.0096032 0.0193273 0.0900772 0.0143262 0.1310351 0.0000000 0.0783009 0.1813998 0.0000000 0.1462124 0.0166206 0.1164785
 23 I  23 0.0025841 0.0000000 0.0000000 0.0000000 0.0000000 0.0000000 0.0000000 0.0000000 0.0012021 0.7796233 0.0327852 0.0000000 0.0035830 0.0017074 0.0000000 0.0017921 0.0000000 0.0000000 0.0000000 0.0588101 0.1179129
 24 S  24 0.0055469 0.0019500 0.0342564 0.1230388 0.0043862 0.0058364 0.0355415 0.0180008 0.0033344 0.0015380 0.0008086 0.0053679 0.0011879 0.0011760 0.0087863 0.2581822 0.3734565 0.0000000 0.0000000 0.0006969 0.1169085
 25 A  25 0.1791791 0.0461382 0.0040803 0.0020390 0.0188764 0.0163510 0.0084283 0.0051941 0.0042485 0.0601805 0.0590052 0.0682754 0.0179640 0.0779633 0.0235032 0.0346335 0.1158170 0.0026106 0.0488783 0.0904437 0.1161905
 26 A  26 0.0876946 0.0445382 0.0212942 0.1341564 0.0000000 0.0532223 0.2138848 0.0158888 0.0107042 0.0031004 0.0159298 0.1773362 0.0036832 0.0021203 0.0108622 0.0545782 0.0240276 0.0009871 0.0006722 0.0091288 0.1161905
 27 E  27 0.0035598 0.0000000 0.0220971 0.0552346 0.0000000 0.0077346 0.7651061 0.0020208 0.0000000 0.0020600 0.0000000 0.0122098 0.0028846 0.0019859 0.0000000 0.0069663 0.0019562 0.0000000 0.0000000 0.0008901 0.1152939
 28 L  28 0.0000000 0.0024948 0.0000000 0.0000000 0.0000000 0.0000000 0.0000000 0.0000000 0.0000000 0.0402444 0.7672828 0.0000000 0.0168567 0.0487432 0.0000000 0.0000000 0.0000000 0.0000000 0.0000000 0.0150350 0.1093432
 29 R  29 0.0526055 0.1837796 0.0196596 0.0025561 0.0140363 0.0377944 0.0465061 0.2153250 0.0123466 0.0100736 0.0111159 0.2907057 0.0066137 0.0033321 0.0000000 0.0225447 0.0070685 0.0000000 0.0026174 0.0113468 0.0499724
 30 H  30 0.0905581 0.0609907 0.0370679 0.0410556 0.0073532 0.0617248 0.0849634 0.0087437 0.0873805 0.0344340 0.0270994 0.0421463 0.0328497 0.0090158 0.0023273 0.0590927 0.1422834 0.0022136 0.0164174 0.1009867 0.0512957
 31 V  31 0.2596553 0.0010786 0.0000000 0.0000000 0.0213757 0.0000000 0.0008298 0.1271129 0.0000000 0.0599241 0.0607874 0.0000000 0.0301860 0.0075343 0.0000000 0.0310399 0.0100854 0.0000000 0.0024632 0.3396751 0.0482523
 32 M  32 0.0339003 0.0017202 0.0000000 0.0000000 0.0225365 0.0000000 0.0000000 0.0016100 0.0000000 0.0254977 0.4236528 0.0000000 0.3951732 0.0207849 0.0012414 0.0018308 0.0073939 0.0000000 0.0000000 0.0148913 0.0497669
 33 T  33 0.0650705 0.3670704 0.0127903 0.0086162 0.0042853 0.0498856 0.0389117 0.0242319 0.0205941 0.0200917 0.0073461 0.1633410 0.0113511 0.0026837 0.0050625 0.0363373 0.0912602 0.0031489 0.0020959 0.0167420 0.0490839
 34 N  34 0.1113946 0.0727897 0.0942386 0.0326193 0.0136560 0.0164547 0.0861826 0.0098415 0.0092297 0.0103046 0.0175816 0.0991677 0.0196605 0.0034395 0.0036253 0.2368072 0.0388249 0.0000000 0.0028091 0.0666935 0.0546792
 35 L  35 0.0052874 0.0031261 0.0061461 0.0120207 0.0027648 0.0129691 0.0123794 0.0022845 0.0072902 0.1064084 0.5496100 0.0074447 0.0633893 0.0465381 0.0025758 0.0020265 0.0101002 0.0017556 0.0174869 0.0686499 0.0597462
 36 G  36 0.0704610 0.0127574 0.0115097 0.0237992 0.0044611 0.0043455 0.0077514 0.7621224 0.0019587 0.0017399 0.0019230 0.0079986 0.0000000 0.0015242 0.0022963 0.0149301 0.0013106 0.0000000 0.0017994 0.0043435 0.0629680
 37 E  37 0.0363831 0.0119967 0.0071974 0.0544605 0.0061890 0.1501322 0.2435772 0.0250487 0.0511565 0.0294619 0.0534532 0.0146219 0.0302251 0.0677615 0.0112616 0.0734745 0.0183266 0.0070136 0.0344664 0.0144193 0.0593732
 38 K  38 0.0280578 0.0430508 0.2353316 0.0437977 0.0079339 0.0494903 0.0904562 0.0327845 0.0287690 0.0052543 0.0092685 0.1567318 0.0296264 0.0201765 0.0348925 0.0489162 0.0547039 0.0000000 0.0091914 0.0068773 0.0646893
 39 L  39 0.0425361 0.0044584 0.0094514 0.0091664 0.0065519 0.0112382 0.0038241 0.0023042 0.0025687 0.0623722 0.3292855 0.0060915 0.0588605 0.0252300 0.2659281 0.0099752 0.0151201 0.0016100 0.0119234 0.0611514 0.0603528
 40 T  40 0.0272189 0.0186679 0.0310783 0.0533114 0.0050113 0.0055870 0.0061896 0.0168503 0.0031736 0.0075246 0.0082844 0.0772536 0.0097792 0.0013233 0.0410085 0.2750487 0.3680463 0.0000000 0.0000000 0.0024539 0.0421893
 41 D  41 0.0307627 0.0174861 0.0193950 0.2361357 0.0018524 0.0279437 0.4178022 0.0092336 0.0090837 0.0103083 0.0175588 0.0756803 0.0052563 0.0000000 0.0405069 0.0092610 0.0101069 0.0000000 0.0042501 0.0157400 0.0416363
 42 E  42 0.1556893 0.0144129 0.0159511 0.1046791 0.0012379 0.0466252 0.3448964 0.0143261 0.0063170 0.0076335 0.0068668 0.0567987 0.0166831 0.0022927 0.0197894 0.0850715 0.0284812 0.0000000 0.0016352 0.0330911 0.0375219
 43 E  43 0.0067958 0.0067894 0.0045503 0.0977854 0.0013487 0.0421393 0.7109110 0.0038662 0.0115361 0.0047681 0.0044108 0.0105040 0.0053904 0.0026787 0.0015484 0.0086883 0.0159089 0.0000000 0.0000000 0.0238149 0.0365654
 44 V  44 0.0206514 0.0000000 0.0000000 0.0000000 0.0312556 0.0000000 0.0018229 0.0043762 0.0000000 0.3406445 0.3467573 0.0000000 0.0171222 0.0108412 0.0000000 0.0020915 0.0058815 0.0000000 0.0029703 0.1890207 0.0265646
 45 D  45 0.0415118 0.1198924 0.0430867 0.1374380 0.0019798 0.1622747 0.1372412 0.0046988 0.0170163 0.0160819 0.0234503 0.1899311 0.0065079 0.0028016 0.0033964 0.0157348 0.0200945 0.0000000 0.0205742 0.0107692 0.0255184
 46 E  46 0.0861077 0.0381092 0.0190771 0.1854274 0.0000000 0.1109232 0.3225831 0.0216793 0.0052849 0.0188614 0.0160571 0.0581993 0.0172884 0.0063871 0.0000000 0.0278185 0.0285964 0.0008095 0.0012463 0.0092259 0.0263183
 47 M  47 0.0343732 0.0009739 0.0000000 0.0000000 0.0016382 0.0013233 0.0038452 0.0000000 0.0000000 0.1468939 0.2485335 0.0000000 0.4859038 0.0059780 0.0000000 0.0020600 0.0056088 0.0052976 0.0000000 0.0285720 0.0289986
 48 I  48 0.0082803 0.0020949 0.0000000 0.0000000 0.0000000 0.0000000 0.0000000 0.0026756 0.0008266 0.4521945 0.0813901 0.0046359 0.2060197 0.1263034 0.0000000 0.0120495 0.0059177 0.0000000 0.0015554 0.0708417 0.0252149
 49 R  49 0.1056484 0.1488603 0.1133594 0.0801982 0.0043391 0.0961754 0.1192513 0.0137771 0.0188351 0.0052763 0.0153939 0.1508315 0.0045244 0.0033778 0.0000000 0.0579588 0.0243944 0.0000000 0.0017424 0.0077080 0.0283483
 50 E  50 0.1492177 0.0274343 0.0215488 0.1157652 0.0025069 0.0403143 0.4034183 0.0204742 0.0047106 0.0043360 0.0223142 0.0366576 0.0311634 0.0038494 0.0030162 0.0367028 0.0176816 0.0000000 0.0019377 0.0303946 0.0265562
 51 A  51 0.3047239 0.0000000 0.0027073 0.0000000 0.0013690 0.0000000 0.0041453 0.0207347 0.0023156 0.1322905 0.0381132 0.0012087 0.0544905 0.0560201 0.0000000 0.0130468 0.0064819 0.0000000 0.0165602 0.3193738 0.0264188
 52 D  52 0.0027789 0.0033139 0.0101205 0.9190976 0.0011565 0.0015162 0.0060265 0.0046885 0.0014021 0.0000000 0.0000000 0.0066430 0.0017921 0.0000000 0.0034627 0.0022622 0.0009490 0.0000000 0.0017355 0.0021831 0.0308716
 53 I  53 0.1216227 0.0457730 0.0035338 0.0065721 0.0064347 0.0405692 0.0290107 0.0166737 0.0044500 0.0777381 0.0636526 0.1199959 0.0310547 0.0091534 0.0180597 0.0407838 0.1728824 0.0000000 0.0035113 0.1542783 0.0342498
 54 D  54 0.0019419 0.0036494 0.1435730 0.7429825 0.0000000 0.0024636 0.0371548 0.0059067 0.0036266 0.0000000 0.0000000 0.0059449 0.0006460 0.0000000 0.0016584 0.0061685 0.0037202 0.0000000 0.0000000 0.0011501 0.0394135
 55 G  55 0.0099912 0.0273814 0.1623422 0.0078190 0.0038644 0.0128546 0.0112286 0.5801855 0.0108024 0.0000000 0.0097900 0.0858439 0.0030807 0.0007071 0.0029085 0.0325417 0.0017009 0.0007192 0.0000000 0.0025841 0.0336545
 56 D  56 0.0017297 0.0084467 0.2178102 0.4421540 0.0017399 0.0014390 0.0041248 0.0124935 0.0000000 0.0014057 0.0037444 0.0196916 0.0000000 0.0007298 0.0000000 0.2097559 0.0369004 0.0000000 0.0000000 0.0025916 0.0352430
 57 G  57 0.0028176 0.0057828 0.0037095 0.0063343 0.0000000 0.0023179 0.0048586 0.9240488 0.0043162 0.0000000 0.0013076 0.0012317 0.0019572 0.0000000 0.0017399 0.0062493 0.0008485 0.0000000 0.0000000 0.0000000 0.0324800
 58 Q  58 0.0397473 0.1083584 0.0168454 0.0031687 0.0242682 0.0998369 0.0544421 0.0054093 0.0234813 0.0071641 0.0480549 0.1017146 0.0148017 0.0429782 0.0017740 0.0546832 0.2594907 0.0000000 0.0282435 0.0321718 0.0333655
 59 V  59 0.0026830 0.0000000 0.0000000 0.0000000 0.0000000 0.0000000 0.0000000 0.0024948 0.0000000 0.6521250 0.0831997 0.0000000 0.0104895 0.0064278 0.0000000 0.0000000 0.0019973 0.0000000 0.0000000 0.2093763 0.0312066
 60 N  60 0.0053146 0.0035238 0.1460089 0.4941325 0.0061067 0.0017216 0.0547201 0.0094866 0.0047041 0.0013628 0.0017775 0.0076446 0.0005424 0.0000000 0.0000000 0.1475034 0.0631254 0.0000000 0.0059430 0.0010188 0.0453632
 61 Y  61 0.0170943 0.0042098 0.0000000 0.0000000 0.0114583 0.0069841 0.0163753 0.0000000 0.0019118 0.0162530 0.0425585 0.0121087 0.0045314 0.4397169 0.0021229 0.0017881 0.0017317 0.0025656 0.3459405 0.0253583 0.0472909
 62 E  62 0.0397223 0.0134751 0.0602374 0.1756080 0.0000000 0.0590615 0.3006833 0.0819046 0.0125151 0.0138719 0.0101067 0.0316685 0.0013242 0.0010901 0.0687767 0.0502731 0.0197499 0.0000000 0.0064815 0.0066797 0.0467705
 63 E  63 0.0028626 0.0000000 0.0060369 0.0762868 0.0000000 0.0124323 0.8121283 0.0146694 0.0000000 0.0000000 0.0000000 0.0062814 0.0000000 0.0009634 0.0000000 0.0044972 0.0051655 0.0000000 0.0007811 0.0044942 0.0534008
 64 F  64 0.0020294 0.0000000 0.0011947 0.0000000 0.0016134 0.0000000 0.0000000 0.0000000 0.0000000 0.0011162 0.0844324 0.0000000 0.0023480 0.8338823 0.0000000 0.0016005 0.0000000 0.0020279 0.0072376 0.0035088 0.0590091
 65 V  65 0.0390473 0.0284881 0.0031032 0.0006584 0.0357049 0.0054651 0.0189603 0.0189028 0.0011151 0.1119433 0.2450678 0.0411135 0.0240686 0.0122285 0.0000000 0.0155213 0.0153290 0.0016652 0.0110416 0.2670246 0.1035514
 66 Q  66 0.2015904 0.0715842 0.0434749 0.0172054 0.0096316 0.0552059 0.0696249 0.0150560 0.0279960 0.0121240 0.0136114 0.0832078 0.0062084 0.0040449 0.0000000 0.0549542 0.1479149 0.0013000 0.0163928 0.0332459 0.1156266
 67 M  67 0.0682386 0.0012686 0.0029941 0.0020294 0.0034161 0.0018067 0.0018271 0.0083622 0.0829124 0.0999108 0.1987302 0.0047454 0.3074287 0.0144544 0.0026830 0.0042596 0.0059346 0.0042255 0.0000000 0.0578112 0.1269616
 68 M  68 0.0094130 0.0011164 0.0112556 0.0000000 0.0037239 0.0008855 0.0000000 0.0000000 0.0061592 0.0478123 0.1278641 0.0017999 0.5409624 0.0027321 0.0000000 0.0033267 0.0324633 0.0013428 0.0157383 0.0490873 0.1443173
 69 T  69 0.1204755 0.0576138 0.0677529 0.0017274 0.0022376 0.0291968 0.0128355 0.0424722 0.0010873 0.0125312 0.0436655 0.0967759 0.0510065 0.0000000 0.0014532 0.0786098 0.1396289 0.0000000 0.0015337 0.0291875 0.2102087
 70 A  70 0.0682371 0.1298030 0.0434488 0.0114760 0.0027059 0.0462734 0.0211766 0.0165791 0.0438142 0.0062637 0.0060250 0.1594322 0.0110942 0.0066383 0.0427258 0.0488210 0.0389246 0.0006244 0.0018146 0.0115038 0.2826185
 71 K  71 0.0089121 0.0526705 0.0140626 0.0098785 0.0070837 0.0410888 0.0113926 0.0803374 0.0111059 0.0463611 0.0390387 0.2500055 0.0487163 0.0164255 0.0133122 0.0075454 0.0085778 0.0034748 0.0072351 0.0300194 0.2927561
 72 M  72 0.0304826 0.0119246 0.0401997 0.0210825 0.0055826 0.0265645 0.0606102 0.0436819 0.0232570 0.0486651 0.0568021 0.0110888 0.1474758 0.0026027 0.0063048 0.0288638 0.0547111 0.0014339 0.0135731 0.0225945 0.3424987
 73 A  73 0.0273506 0.1016023 0.0485042 0.0505679 0.0016970 0.0291969 0.0141525 0.0489346 0.0066701 0.0066788 0.0397975 0.1197363 0.0079264 0.0099986 0.0188249 0.0602993 0.0141489 0.0009372 0.0044206 0.0255126 0.3630427
 74 E  74 0.0188653 0.0039845 0.0098075 0.1486808 0.0000000 0.0238328 0.2478354 0.0245109 0.0159922 0.0043706 0.0063162 0.0063056 0.0067696 0.0047183 0.0207262 0.0252048 0.0155188 0.0280593 0.0034519 0.0064534 0.3785960
 75 R  75 0.0398561 0.0856004 0.0193132 0.0808878 0.0056673 0.0175066 0.1108180 0.0146796 0.0079082 0.0058568 0.0132465 0.0457199 0.0071386 0.0046933 0.0204871 0.0377956 0.0675711 0.0000000 0.0080296 0.0131464 0.3940780
 76 Q  76 0.0128596 0.0172306 0.0462615 0.1857337 0.0044330 0.0197956 0.0615301 0.0216547 0.0865443 0.0009501 0.0103707 0.0554917 0.0061972 0.0034442 0.0192817 0.0150885 0.0113949 0.0000000 0.0055651 0.0091845 0.4069883
 77 G  77 0.0786155 0.0102257 0.0075461 0.0141171 0.0017798 0.0058229 0.0372459 0.0593916 0.0047298 0.0261250 0.1190246 0.0207670 0.0128699 0.0057126 0.0236766 0.0521429 0.0270893 0.0042829 0.0051437 0.0239982 0.4596929
 78 A  78 0.0383266 0.0486402 0.0123629 0.0162938 0.0010287 0.0149744 0.0481688 0.0208007 0.0162972 0.0040434 0.0443652 0.0592574 0.0029526 0.0295504 0.0210857 0.0516534 0.0223168 0.0014363 0.0277164 0.0134346 0.5052945
 79 G  79 0.0852294 0.0531485 0.0049915 0.0334535 0.0013568 0.0063919 0.1004599 0.0576470 0.0056539 0.0081775 0.0069547 0.0939963 0.0067827 0.0046332 0.0016226 0.0153243 0.0207441 0.0000000 0.0030491 0.0041634 0.4862198
 80 A  80 0.1815708 0.0131225 0.0123905 0.0244815 0.0061033 0.0311157 0.0866576 0.0169895 0.0105924 0.0074296 0.0319563 0.0187916 0.0149249 0.0000000 0.0035429 0.0199957 0.0104254 0.0021433 0.0024961 0.0123036 0.4929667
 81 T  81 0.0137316 0.0080317 0.0000000 0.0048329 0.0000000 0.0109743 0.0139797 0.0633003 0.0027222 0.0738189 0.0314262 0.0084407 0.0141042 0.1648738 0.0051838 0.0185415 0.0230307 0.0011043 0.0314336 0.0104277 0.5000418
 82 N  82 0.0233426 0.0390006 0.0226348 0.0140028 0.0021831 0.0511968 0.0226936 0.0252037 0.0137726 0.0069167 0.0983193 0.0335936 0.0158856 0.0044278 0.0037764 0.0870665 0.0215008 0.0000000 0.0010287 0.0164552 0.4969988
 83 G  83 0.0613701 0.0718561 0.0073935 0.0044511 0.0010697 0.0057706 0.0104032 0.0416902 0.0182745 0.0065561 0.0247361 0.0873274 0.0032873 0.0261984 0.0095868 0.0146540 0.0076666 0.0006913 0.0837414 0.0234138 0.4898617
 84 K  84 0.0817052 0.0370152 0.0079100 0.0067858 0.0000000 0.0075809 0.0502761 0.0321023 0.0000000 0.0076230 0.0131681 0.0542283 0.0023247 0.1534501 0.0051466 0.0245713 0.0072192 0.0000000 0.0038690 0.0053528 0.4996713
 85 D  85 0.0085032 0.0326089 0.0178909 0.1977805 0.0053486 0.0139758 0.0158345 0.0117305 0.0046627 0.0086949 0.0588091 0.0115130 0.0083994 0.0584065 0.0068706 0.0179707 0.0226982 0.0000000 0.0073623 0.0069173 0.4840224
 86 K  86 0.0246342 0.0579875 0.0035606 0.0082011 0.0012973 0.0230883 0.0091980 0.0759480 0.0047493 0.0066252 0.0121701 0.2008168 0.0087315 0.0289476 0.0035514 0.0246637 0.0185830 0.0000000 0.0062924 0.0053969 0.4755570
 87 T  87 0.0270435 0.0104710 0.0427749 0.1450190 0.0012474 0.0170848 0.0822870 0.0103460 0.0163876 0.0173286 0.0223649 0.0155117 0.0025623 0.0163865 0.0075076 0.0544939 0.0208740 0.0000000 0.0094311 0.0167309 0.4641472
 88 S  88 0.0213053 0.0137248 0.0936855 0.0396020 0.0025853 0.0175301 0.0210666 0.0887445 0.0045445 0.0106372 0.0117533 0.0357603 0.0377135 0.0174273 0.0155871 0.0533734 0.0387494 0.0024185 0.0070854 0.0082981 0.4584079
 89 G  89 0.0222180 0.0067187 0.0231700 0.0522385 0.0000000 0.0201030 0.0197113 0.0547553 0.0012933 0.0180771 0.1289568 0.0157891 0.0354881 0.0061355 0.0155514 0.0931468 0.0076111 0.0118406 0.0110953 0.0126375 0.4434625
 90 E  90 0.0121506 0.0023325 0.0281491 0.0729347 0.0000000 0.0216969 0.0640392 0.0781747 0.0015205 0.0026483 0.0153233 0.0294728 0.0057745 0.0041419 0.0130404 0.1352829 0.1213366 0.0000000 0.0016358 0.0064279 0.3839174
 91 N  91 0.0055200 0.0120474 0.0367329 0.1421188 0.0083697 0.0255053 0.2858132 0.0118912 0.0040978 0.0131393 0.0142431 0.0082879 0.0110946 0.0099553 0.0079056 0.0070004 0.0049901 0.0000000 0.0416643 0.0209758 0.3286472
 92 D  92 0.0527920 0.0332629 0.0216018 0.1154750 0.0015498 0.0405580 0.2088051 0.0086292 0.0011115 0.0646151 0.0203795 0.0454434 0.0020685 0.0053899 0.0022559 0.0273560 0.0145976 0.0000000 0.0019665 0.0313673 0.3007749
 93 G  93 0.0047511 0.0038173 0.0092787 0.0851256 0.0006958 0.0203438 0.4131434 0.0221431 0.0116391 0.0021933 0.0277585 0.0098830 0.0176381 0.0031969 0.0045122 0.0244618 0.0450802 0.0009842 0.0006412 0.0021001 0.2906125
 94 Q  94 0.0053126 0.0082786 0.0000000 0.0017173 0.0103680 0.0138271 0.0054568 0.0000000 0.0022170 0.1643652 0.3653594 0.0000000 0.0555782 0.0244982 0.0000000 0.0000000 0.0009161 0.0020696 0.0073708 0.0502237 0.2824413
 95 K  95 0.0170048 0.2425857 0.0016723 0.0391785 0.0000000 0.1035651 0.0608345 0.0021934 0.0028291 0.0102096 0.0119754 0.1871668 0.0089938 0.0019779 0.0020356 0.0073252 0.0048653 0.0023156 0.0061246 0.0067793 0.2803675
 96 K  96 0.0541762 0.0172912 0.0110552 0.1271354 0.0000000 0.0591807 0.3540674 0.0017766 0.0048609 0.0075111 0.0174914 0.0329936 0.0089392 0.0058685 0.0000000 0.0138687 0.0026469 0.0000000 0.0000000 0.0067571 0.2743797
 97 V  97 0.3495144 0.0010883 0.0000000 0.0023711 0.0047446 0.0014122 0.0016814 0.0027070 0.0000000 0.0799788 0.0946509 0.0000000 0.1243289 0.0007635 0.0000000 0.0086587 0.0140122 0.0000000 0.0011160 0.0372409 0.2757310
 98 Q  98 0.0020356 0.0090556 0.0000000 0.0015185 0.0097389 0.0089221 0.0031968 0.0000000 0.0008899 0.1582437 0.0428995 0.0035330 0.0757144 0.3736381 0.0000000 0.0014443 0.0008509 0.0026906 0.0042881 0.0171089 0.2842309
 99 E  99 0.0298536 0.2131571 0.0383677 0.1009618 0.0020736 0.0472434 0.0954585 0.0088259 0.0037228 0.0000000 0.0102694 0.1123208 0.0057367 0.0000000 0.0000000 0.0327399 0.0072842 0.0038805 0.0008696 0.0011167 0.2861178
100 E 100 0.0846856 0.0108593 0.0000000 0.0187253 0.0000000 0.0149315 0.2261545 0.0019850 0.0048717 0.0403837 0.0401599 0.0031257 0.0338998 0.0084288 0.0000000 0.0025081 0.0100152 0.0000000 0.0061466 0.2042026 0.2889167
101 F 101 0.1421497 0.0000000 0.0000000 0.0000000 0.0000000 0.0000000 0.0015484 0.0038249 0.0000000 0.0209838 0.0289557 0.0000000 0.0013988 0.3581675 0.0000000 0.0037091 0.0019432 0.0020495 0.0238833 0.1222669 0.2891192
102 D 102 0.0017650 0.0000000 0.0028032 0.6927969 0.0000000 0.0000000 0.0000000 0.0046521 0.0017372 0.0000000 0.0000000 0.0067934 0.0000000 0.0000000 0.0000000 0.0000000 0.0031347 0.0000000 0.0018229 0.0000000 0.2844946
103 I 103 0.0395855 0.1157643 0.0005780 0.0054164 0.0026655 0.0692258 0.0134956 0.0043504 0.0020041 0.0418689 0.0440236 0.1964601 0.0132628 0.0011333 0.0027407 0.0182330 0.0884598 0.0000000 0.0000000 0.0605849 0.2801473
104 D 104 0.0041216 0.0019672 0.1191751 0.5441658 0.0000000 0.0055157 0.0177951 0.0029118 0.0094619 0.0000000 0.0000000 0.0026257 0.0000000 0.0000000 0.0000000 0.0012488 0.0000000 0.0000000 0.0000000 0.0000000 0.2910112
105 M 105 0.0111211 0.0165531 0.1319911 0.0099100 0.0031342 0.0337991 0.0063002 0.3855622 0.0104903 0.0027407 0.0008557 0.0758520 0.0082584 0.0014583 0.0000000 0.0065415 0.0010537 0.0000000 0.0000000 0.0000000 0.2943783
106 D 106 0.0039705 0.0148143 0.1914567 0.3981575 0.0029183 0.0025140 0.0014370 0.0010789 0.0015152 0.0000000 0.0015287 0.0039350 0.0000000 0.0000000 0.0000000 0.0702659 0.0117488 0.0000000 0.0000000 0.0000000 0.2946591
107 A 107 0.0045837 0.0038613 0.0016112 0.0017373 0.0000000 0.0000000 0.0009742 0.6827534 0.0000000 0.0000000 0.0012024 0.0021877 0.0000000 0.0000000 0.0029183 0.0025966 0.0000000 0.0000000 0.0000000 0.0009148 0.2946591
108 P 108 0.0111506 0.1113248 0.0045627 0.0054946 0.0094053 0.0448159 0.0676255 0.0013979 0.0140261 0.0047758 0.0284406 0.0463981 0.0065709 0.1175611 0.0045837 0.0386632 0.0665264 0.0000000 0.1071830 0.0187153 0.2907786
109 E 109 0.0026257 0.0000000 0.0000000 0.0000000 0.0000000 0.0000000 0.0045837 0.0000000 0.0000000 0.6057353 0.0239809 0.0000000 0.0000000 0.0032667 0.0000000 0.0000000 0.0000000 0.0000000 0.0000000 0.0690292 0.2907786
110 T 110 0.0032298 0.0000000 0.0955589 0.1880851 0.0068040 0.0020495 0.0042268 0.0078749 0.0037789 0.0000000 0.0000000 0.0009379 0.0010387 0.0012931 0.0053387 0.2718639 0.1175243 0.0000000 0.0000000 0.0000000 0.2903954
111 E 111 0.1523222 0.0183241 0.0027342 0.0009312 0.0024647 0.0140658 0.0434223 0.0018301 0.0015017 0.0106399 0.0207592 0.0353142 0.0058375 0.0594570 0.0253879 0.0185414 0.0262901 0.0009438 0.2114843 0.0559933 0.2917551
112 R 112 0.0910349 0.0174152 0.0487469 0.0989560 0.0000000 0.0518376 0.1853375 0.0453641 0.0090317 0.0148893 0.0128209 0.0161293 0.0006063 0.0000000 0.0123757 0.0708145 0.0216542 0.0006263 0.0015367 0.0090678 0.2917551
113 A 113 0.0078282 0.0000000 0.0072983 0.0309343 0.0014459 0.0010411 0.6416872 0.0000000 0.0000000 0.0000000 0.0000000 0.0013438 0.0000000 0.0000000 0.0000000 0.0036211 0.0060202 0.0000000 0.0000000 0.0037293 0.2950508
114 A 114 0.0045837 0.0026830 0.0000000 0.0000000 0.0000000 0.0000000 0.0000000 0.0000000 0.0000000 0.0104399 0.3359175 0.0000000 0.0130424 0.3344185 0.0000000 0.0000000 0.0000000 0.0000000 0.0000000 0.0031348 0.2957803
115 V 115 0.0569611 0.1717674 0.0030872 0.0025853 0.0328929 0.0177887 0.0166958 0.0330829 0.0184680 0.0672833 0.0555926 0.0726098 0.0064750 0.0063407 0.0000000 0.0128364 0.0064270 0.0000000 0.0061300 0.1163867 0.2965892
116 A 116 0.1592067 0.0775081 0.0151723 0.0159488 0.0035259 0.0534280 0.0430311 0.0027407 0.1049014 0.0070607 0.0115906 0.0322455 0.0100247 0.0097522 0.0000000 0.0467064 0.0724893 0.0023273 0.0163113 0.0178470 0.2981818
117 I 117 0.0870387 0.0000000 0.0000000 0.0000000 0.0055077 0.0000000 0.0017556 0.0029703 0.0000000 0.1214960 0.0400777 0.0000000 0.1853198 0.0067869 0.0000000 0.0120221 0.0107855 0.0000000 0.0000000 0.2229959 0.3032438
118 Q 118 0.0094392 0.0023711 0.0000000 0.0000000 0.0044559 0.0045837 0.0000000 0.0000000 0.0000000 0.0104630 0.1529131 0.0000000 0.4314035 0.0122711 0.0000000 0.0096239 0.0377722 0.0000000 0.0084959 0.0096902 0.3065171
119 S 119 0.0484850 0.1172293 0.0120296 0.0039485 0.0075250 0.0474239 0.0105787 0.0057119 0.0137966 0.0203223 0.0114944 0.1667061 0.0333346 0.0029399 0.0000000 0.0319981 0.1060368 0.0012226 0.0020428 0.0161901 0.3409838
120 Q 120 0.0842396 0.0349908 0.0892776 0.0122691 0.0069975 0.0346532 0.0212374 0.0086407 0.0466302 0.0044206 0.0043231 0.1304986 0.0014340 0.0000000 0.0016607 0.1267652 0.0125777 0.0000000 0.0000000 0.0054591 0.3739249
121 F 121 0.0012143 0.0049878 0.0017173 0.0036831 0.0000000 0.0000000 0.0029703 0.0393885 0.0000000 0.0172646 0.2824316 0.0092191 0.0244542 0.0631610 0.0044256 0.0142884 0.0484098 0.0000000 0.0037036 0.0065634 0.4721174
122 R 122 0.0062252 0.0333436 0.0569283 0.0037591 0.0015269 0.0222365 0.0115211 0.2868794 0.0068509 0.0000000 0.0000000 0.0127369 0.0013374 0.0000000 0.0000000 0.0298245 0.0254484 0.0000000 0.0011806 0.0007643 0.4994370
123 K 123 0.0044954 0.0307723 0.0052794 0.0386728 0.0012984 0.0308753 0.1564336 0.0048604 0.0070413 0.0033302 0.0797700 0.0398738 0.0090196 0.0079244 0.0011060 0.0044818 0.0027019 0.0023711 0.0132462 0.0074975 0.5489488
124 F 124 0.0124682 0.0209801 0.0117928 0.0155680 0.0000000 0.0095382 0.0117120 0.0091743 0.0069077 0.0120933 0.0289438 0.1300019 0.0130504 0.0513937 0.0109603 0.0065225 0.0123518 0.0137813 0.0402916 0.0105546 0.5719135
125 Q 125 0.0118723 0.0145403 0.0028073 0.0395899 0.0000000 0.0363254 0.0354968 0.0210707 0.0072104 0.0096040 0.1487457 0.0000000 0.0243731 0.0043386 0.0024022 0.0157926 0.0025853 0.0000000 0.0000000 0.0145788 0.6086666
126 K 126 0.0085402 0.0387169 0.0098239 0.0096730 0.0000000 0.0000000 0.0046867 0.0371273 0.0024526 0.0000000 0.0013442 0.0625751 0.0028032 0.0012074 0.0073200 0.0533928 0.1410395 0.0000000 0.0000000 0.0023606 0.6169367
127 K 127 0.0061189 0.0122157 0.0062055 0.1459094 0.0000000 0.0163719 0.0760893 0.0102028 0.0000000 0.0008290 0.0018719 0.0491269 0.0025856 0.0000000 0.0072544 0.0023312 0.0048688 0.0000000 0.0000000 0.0067779 0.6512406
128 K 128 0.0013933 0.0265415 0.0110344 0.0000000 0.0000000 0.0110931 0.1554123 0.0021290 0.0019379 0.0000000 0.0016385 0.0529121 0.0000000 0.0000000 0.0000000 0.0042494 0.0118399 0.0000000 0.0024526 0.0000000 0.7173660
129 A 129 0.0173018 0.0000000 0.0000000 0.0212895 0.0000000 0.0000000 0.0230393 0.0051789 0.0000000 0.0024406 0.0094877 0.0099746 0.0000000 0.0085206 0.0000000 0.0277825 0.0095113 0.0000000 0.0000000 0.0052488 0.8602246
130 G 130 0.0117602 0.0000000 0.0066579 0.0031347 0.0018719 0.0024674 0.0146008 0.0499141 0.0010814 0.0000000 0.0055372 0.0035555 0.0018808 0.0000000 0.0000000 0.0072668 0.0017561 0.0000000 0.0000000 0.0094400 0.8790751
131 S 131 0.0051206 0.0112618 0.0000000 0.0144511 0.0000000 0.0051684 0.0184600 0.0024674 0.0053041 0.0000000 0.0120553 0.0066271 0.0000000 0.0014565 0.0000000 0.0181577 0.0024526 0.0000000 0.0126398 0.0000000 0.8843776
132 Q 132 0.0000000 0.0045178 0.0000000 0.0000000 0.0000000 0.0353438 0.0136084 0.0000000 0.0000000 0.0194180 0.0075354 0.0115678 0.0031347 0.0000000 0.0000000 0.0000000 0.0000000 0.0000000 0.0000000 0.0000000 0.9048740
133 S 133 0.0045616 0.0000000 0.0070447 0.0000000 0.0000000 0.0000000 0.0000000 0.0000000 0.0000000 0.0000000 0.0000000 0.0000000 0.0000000 0.0000000 0.0000000 0.0195983 0.0158593 0.0000000 0.0000000 0.0000000 0.9529360
