  133         A         R         N         D         C         Q         E         G         H         I         L         K         M         F         P         S         T         W         Y         V    
  1 D   1 0.0000000 0.0000000 0.0638088 0.4862490 0.0000000 0.0000000 0.4499422 0.0000000 0.0000000 0.0000000 0.0000000 0.0000000 0.0000000 0.0000000 0.0000000 0.0000000 0.0000000 0.0000000 0.0000000 0.0000000
  2 T   2 0.0066557 0.1160513 0.0182191 0.0143443 0.0018822 0.1282674 0.0368123 0.0135735 0.0123805 0.0062325 0.0039609 0.1100098 0.0063414 0.0028274 0.0067366 0.1533782 0.2593236 0.0000000 0.0000000 0.1030033
  3 D   3 0.0014869 0.0000000 0.0447362 0.4007825 0.0000000 0.0195846 0.3790245 0.0040656 0.0029458 0.0000000 0.1260028 0.0040006 0.0000000 0.0000000 0.0047981 0.0029099 0.0022271 0.0000000 0.0074353 0.0000000
  4 S   4 0.0146164 0.0742810 0.0672026 0.0131782 0.0000000 0.2174322 0.1219114 0.0065411 0.0041701 0.0036053 0.0044769 0.0461545 0.0020585 0.0033461 0.0355624 0.2958990 0.0761924 0.0000000 0.0073322 0.0060397
  5 E   5 0.0077049 0.0206993 0.0042652 0.0988289 0.0000000 0.0256554 0.4621587 0.0013875 0.0016957 0.1142380 0.0439151 0.1282845 0.0290715 0.0018492 0.0053770 0.0011746 0.0044383 0.0000000 0.0157414 0.0335148
  6 E   6 0.0848191 0.0117286 0.0179991 0.1241470 0.0000000 0.1288004 0.5047094 0.0061315 0.0073905 0.0000000 0.0026288 0.0701556 0.0016809 0.0000000 0.0016145 0.0252598 0.0065278 0.0000000 0.0000000 0.0064070
  7 E   7 0.0037326 0.0037747 0.0239613 0.0913660 0.0011664 0.0399710 0.6957912 0.0082819 0.0683955 0.0051973 0.0073891 0.0122676 0.0068391 0.0000000 0.0000000 0.0073938 0.0029621 0.0008832 0.0046793 0.0159481
  8 I   8 0.0019375 0.0012088 0.0000000 0.0000000 0.0018587 0.0000000 0.0000000 0.0000000 0.0000000 0.2361002 0.4921909 0.0000000 0.0338259 0.1575231 0.0000000 0.0009800 0.0040253 0.0013252 0.0463094 0.0227151
  9 R   9 0.0227487 0.3148924 0.0053577 0.0006559 0.0009954 0.0417917 0.0262040 0.0000000 0.0126850 0.0098146 0.0400651 0.3958029 0.0146773 0.0217946 0.0044265 0.0244546 0.0127207 0.0108309 0.0267949 0.0132869
 10 E  10 0.0801277 0.0512116 0.0145188 0.0959397 0.0000000 0.0631148 0.5136873 0.0068598 0.0054850 0.0026463 0.0081481 0.1108612 0.0020401 0.0057616 0.0000000 0.0134762 0.0148529 0.0033164 0.0013871 0.0065653
 11 A  11 0.6484046 0.0040506 0.0000000 0.0020286 0.0210702 0.0097452 0.0008064 0.0107895 0.0000000 0.0295256 0.0326888 0.0000000 0.1154571 0.0042765 0.0000000 0.0089103 0.0189869 0.0000000 0.0010143 0.0922456
 12 F  12 0.0000000 0.0000000 0.0000000 0.0000000 0.0000000 0.0000000 0.0000000 0.0000000 0.0000000 0.0056859 0.0030786 0.0000000 0.0026585 0.9796680 0.0000000 0.0000000 0.0000000 0.0037038 0.0021431 0.0030622
 13 R  13 0.0551280 0.1880281 0.0594968 0.1080313 0.0120118 0.0887036 0.0692048 0.0079721 0.0172087 0.0027543 0.0226191 0.1868845 0.0196308 0.0019569 0.0000000 0.1300554 0.0213646 0.0017773 0.0008356 0.0063362
 14 V  14 0.0462923 0.0220974 0.0281571 0.0036758 0.0000000 0.0120156 0.0490059 0.0061991 0.0150010 0.0619406 0.2781728 0.0226286 0.1151376 0.0384578 0.0000000 0.0382578 0.0257123 0.0023876 0.0649023 0.1699583
 15 F  15 0.0013003 0.0000000 0.0000000 0.0000000 0.0000000 0.0000000 0.0000000 0.0000000 0.0000000 0.0842936 0.0445091 0.0000000 0.0829356 0.7326909 0.0000000 0.0050109 0.0016483 0.0020045 0.0298278 0.0157790
 16 D  16 0.0014295 0.0000000 0.0060184 0.9753262 0.0000000 0.0019254 0.0052142 0.0024088 0.0000000 0.0000000 0.0000000 0.0000000 0.0000000 0.0000000 0.0000000 0.0028985 0.0012753 0.0000000 0.0000000 0.0035037
 17 K  17 0.0518042 0.1057595 0.0060576 0.0261573 0.0007759 0.0354155 0.0256841 0.0030269 0.0066350 0.0158617 0.0397566 0.4055747 0.0091713 0.0000000 0.0058300 0.0323917 0.1987082 0.0000000 0.0000000 0.0313898
 18 D  18 0.0072837 0.0038257 0.2034810 0.6874425 0.0000000 0.0013133 0.0502708 0.0070918 0.0049475 0.0000000 0.0000000 0.0133728 0.0000000 0.0000000 0.0014053 0.0126122 0.0054687 0.0000000 0.0000000 0.0014849
 19 G  19 0.0098665 0.0381995 0.1622969 0.0179689 0.0054511 0.0332381 0.0212843 0.5451086 0.0231362 0.0024017 0.0041978 0.1000302 0.0013679 0.0000000 0.0000000 0.0317649 0.0008935 0.0000000 0.0015360 0.0012579
 20 N  20 0.0020844 0.0162686 0.1733438 0.3727625 0.0000000 0.0058273 0.0081425 0.0127182 0.0019588 0.0009849 0.0027319 0.0146980 0.0000000 0.0000000 0.0000000 0.3123894 0.0736777 0.0000000 0.0000000 0.0024118
 21 G  21 0.0021673 0.0000000 0.0055349 0.0000000 0.0000000 0.0013716 0.0048722 0.9720739 0.0000000 0.0000000 0.0000000 0.0033787 0.0000000 0.0000000 0.0000000 0.0074954 0.0012949 0.0000000 0.0018110 0.0000000
 22 Y  22 0.0284311 0.0563041 0.0103084 0.0133750 0.0334918 0.0434728 0.0128048 0.0006289 0.0244306 0.0109191 0.0207967 0.1009618 0.0164298 0.1530444 0.0000000 0.0893462 0.2071823 0.0000000 0.1594272 0.0186449
 23 I  23 0.0029353 0.0000000 0.0000000 0.0000000 0.0000000 0.0000000 0.0000000 0.0000000 0.0018734 0.8814441 0.0377899 0.0000000 0.0041637 0.0020443 0.0000000 0.0025164 0.0000000 0.0000000 0.0000000 0.0672328
 24 S  24 0.0063678 0.0022311 0.0392401 0.1515669 0.0048891 0.0067375 0.0396672 0.0205341 0.0038256 0.0018098 0.0009090 0.0066922 0.0012521 0.0013258 0.0101655 0.2822319 0.4197593 0.0000000 0.0000000 0.0007950
 25 A  25 0.1967201 0.0603637 0.0045761 0.0022056 0.0218719 0.0189560 0.0095262 0.0057741 0.0051709 0.0677749 0.0660627 0.0770416 0.0198564 0.0881442 0.0263973 0.0384082 0.1314766 0.0028701 0.0559508 0.1008526
 26 A  26 0.0946710 0.0506444 0.0239875 0.1487220 0.0000000 0.0604319 0.2517080 0.0173140 0.0123415 0.0033322 0.0184883 0.2005765 0.0041097 0.0024180 0.0120551 0.0600516 0.0270123 0.0011008 0.0007418 0.0102934
 27 E  27 0.0040869 0.0000000 0.0232075 0.0614474 0.0000000 0.0088286 0.8667327 0.0022915 0.0000000 0.0024047 0.0000000 0.0139296 0.0033427 0.0023211 0.0000000 0.0083596 0.0020961 0.0000000 0.0000000 0.0009515
 28 L  28 0.0000000 0.0030215 0.0000000 0.0000000 0.0000000 0.0000000 0.0000000 0.0000000 0.0000000 0.0455296 0.8495705 0.0000000 0.0191673 0.0653915 0.0000000 0.0000000 0.0000000 0.0000000 0.0000000 0.0173197
 29 R  29 0.0555060 0.1861885 0.0209236 0.0027268 0.0151637 0.0387766 0.0470090 0.2400991 0.0122647 0.0108139 0.0115821 0.3023956 0.0069816 0.0034684 0.0000000 0.0238915 0.0075085 0.0000000 0.0026850 0.0120154
 30 H  30 0.0956251 0.0620200 0.0396713 0.0432823 0.0078391 0.0618234 0.0991576 0.0093670 0.0880893 0.0373321 0.0264701 0.0452812 0.0325086 0.0094739 0.0025210 0.0620717 0.1508844 0.0023025 0.0171100 0.1071696
 31 V  31 0.2643075 0.0011082 0.0000000 0.0000000 0.0230222 0.0000000 0.0008587 0.1372189 0.0000000 0.0727027 0.0653087 0.0000000 0.0317025 0.0077550 0.0000000 0.0322936 0.0105011 0.0000000 0.0026640 0.3505569
 32 M  32 0.0332476 0.0018637 0.0000000 0.0000000 0.0235045 0.0000000 0.0000000 0.0017454 0.0000000 0.0275501 0.4502508 0.0000000 0.4126345 0.0219801 0.0012874 0.0018171 0.0082399 0.0000000 0.0000000 0.0158788
 33 T  33 0.0665328 0.3978013 0.0133263 0.0089339 0.0043444 0.0521532 0.0414837 0.0254821 0.0218116 0.0205897 0.0077764 0.1670224 0.0117723 0.0028133 0.0053890 0.0375048 0.0924878 0.0033842 0.0021722 0.0172185
 34 N  34 0.1202937 0.0783856 0.0966458 0.0340949 0.0142284 0.0170537 0.0870290 0.0101413 0.0095106 0.0107033 0.0288420 0.1045560 0.0212330 0.0035814 0.0038005 0.2505288 0.0414517 0.0000000 0.0030443 0.0648760
 35 L  35 0.0056187 0.0033032 0.0064796 0.0127920 0.0027602 0.0136776 0.0129507 0.0024312 0.0073800 0.1073127 0.5814763 0.0078025 0.0671773 0.0500157 0.0027413 0.0020537 0.0203229 0.0019312 0.0174076 0.0743656
 36 G  36 0.0687469 0.0139529 0.0121909 0.0253500 0.0046696 0.0046933 0.0085013 0.8195402 0.0019993 0.0018075 0.0020184 0.0083352 0.0000000 0.0016250 0.0024783 0.0161748 0.0014177 0.0000000 0.0018999 0.0045989
 37 E  37 0.0402935 0.0131040 0.0075540 0.0557356 0.0067807 0.1609792 0.2543607 0.0260536 0.0545859 0.0315514 0.0564075 0.0159327 0.0303728 0.0743672 0.0121879 0.0798544 0.0197604 0.0076823 0.0371605 0.0152756
 38 K  38 0.0295646 0.0446248 0.2513521 0.0469224 0.0078470 0.0525078 0.0987410 0.0331963 0.0299612 0.0057617 0.0098224 0.1633421 0.0321492 0.0219680 0.0473824 0.0496176 0.0580804 0.0000000 0.0099142 0.0072449
 39 L  39 0.0452162 0.0045581 0.0101491 0.0094023 0.0064172 0.0112789 0.0040410 0.0023837 0.0026359 0.0668707 0.3365114 0.0062181 0.0623589 0.0266384 0.2888102 0.0101685 0.0162048 0.0017634 0.0127052 0.0756679
 40 T  40 0.0286659 0.0196662 0.0324151 0.0533113 0.0051394 0.0060890 0.0070200 0.0171274 0.0033943 0.0079072 0.0090136 0.0839980 0.0105202 0.0014010 0.0437088 0.2782049 0.3899001 0.0000000 0.0000000 0.0025177
 41 D  41 0.0312369 0.0187258 0.0202555 0.2422900 0.0019053 0.0292012 0.4415203 0.0093086 0.0091289 0.0103120 0.0174847 0.0811629 0.0054524 0.0000000 0.0421012 0.0096707 0.0105341 0.0000000 0.0042615 0.0154482
 42 E  42 0.1619449 0.0138747 0.0164625 0.1077303 0.0013170 0.0480727 0.3573214 0.0148954 0.0067302 0.0081271 0.0072128 0.0589351 0.0177015 0.0024184 0.0209206 0.0902781 0.0298181 0.0000000 0.0017189 0.0345201
 43 E  43 0.0069783 0.0069606 0.0046355 0.1098360 0.0013377 0.0436862 0.7307318 0.0039735 0.0125816 0.0050395 0.0046982 0.0109833 0.0057188 0.0026177 0.0016404 0.0087692 0.0155668 0.0000000 0.0000000 0.0242449
 44 V  44 0.0208851 0.0000000 0.0000000 0.0000000 0.0303238 0.0000000 0.0019894 0.0047694 0.0000000 0.3515009 0.3579066 0.0000000 0.0178392 0.0112624 0.0000000 0.0021763 0.0061253 0.0000000 0.0031766 0.1920450
 45 D  45 0.0422277 0.1210669 0.0446335 0.1469142 0.0020604 0.1671700 0.1404137 0.0047707 0.0175301 0.0165371 0.0240568 0.1895188 0.0066958 0.0028779 0.0035476 0.0160685 0.0204080 0.0000000 0.0221923 0.0113100
 46 E  46 0.0884175 0.0387357 0.0196171 0.1902412 0.0000000 0.1135776 0.3293544 0.0223866 0.0052952 0.0198760 0.0165442 0.0607150 0.0181358 0.0066027 0.0000000 0.0289144 0.0300404 0.0008497 0.0012495 0.0094468
 47 M  47 0.0339583 0.0009196 0.0000000 0.0000000 0.0017357 0.0013830 0.0041075 0.0000000 0.0000000 0.1495728 0.2605255 0.0000000 0.4997266 0.0062550 0.0000000 0.0022090 0.0058574 0.0056509 0.0000000 0.0280988
 48 I  48 0.0088108 0.0022187 0.0000000 0.0000000 0.0000000 0.0000000 0.0000000 0.0028013 0.0008914 0.4572233 0.0831368 0.0050105 0.2151800 0.1305540 0.0000000 0.0126761 0.0068308 0.0000000 0.0015638 0.0731025
 49 R  49 0.1094194 0.1485793 0.1168152 0.0819535 0.0045539 0.1004451 0.1238249 0.0232983 0.0192495 0.0054944 0.0161208 0.1496028 0.0041072 0.0034892 0.0000000 0.0586861 0.0245361 0.0000000 0.0017915 0.0080330
 50 E  50 0.1557838 0.0284177 0.0204347 0.1184092 0.0024738 0.0413777 0.4175114 0.0203815 0.0046777 0.0045687 0.0224849 0.0375923 0.0311347 0.0040304 0.0031628 0.0367473 0.0184658 0.0000000 0.0020000 0.0303456
 51 A  51 0.3103573 0.0000000 0.0028846 0.0000000 0.0013377 0.0000000 0.0043083 0.0213614 0.0024395 0.1360132 0.0390251 0.0012481 0.0520481 0.0558591 0.0000000 0.0234764 0.0066919 0.0000000 0.0173632 0.3255863
 52 D  52 0.0029586 0.0034855 0.0105664 0.9473659 0.0011692 0.0015789 0.0062971 0.0046718 0.0014953 0.0000000 0.0000000 0.0069856 0.0023086 0.0000000 0.0036343 0.0023682 0.0009784 0.0000000 0.0018175 0.0023188
 53 I  53 0.1253753 0.0457784 0.0037225 0.0068236 0.0067174 0.0417611 0.0304393 0.0176364 0.0045661 0.0812439 0.0641727 0.1246072 0.0321882 0.0094150 0.0193651 0.0413620 0.1806217 0.0000000 0.0037531 0.1604510
 54 D  54 0.0020430 0.0038586 0.1579340 0.7627526 0.0000000 0.0026470 0.0404587 0.0059976 0.0039020 0.0000000 0.0000000 0.0063654 0.0006725 0.0000000 0.0017564 0.0064341 0.0039389 0.0000000 0.0000000 0.0012392
 55 G  55 0.0105078 0.0285346 0.1630303 0.0081812 0.0040333 0.0130034 0.0116961 0.5968984 0.0103862 0.0000000 0.0103090 0.0970090 0.0031484 0.0007270 0.0031031 0.0341916 0.0017731 0.0007604 0.0000000 0.0027071
 56 D  56 0.0018053 0.0090748 0.2268171 0.4556111 0.0018584 0.0014551 0.0043229 0.0130019 0.0000000 0.0014986 0.0039780 0.0210307 0.0000000 0.0007791 0.0000000 0.2162939 0.0397004 0.0000000 0.0000000 0.0027728
 57 G  57 0.0125967 0.0059334 0.0037596 0.0066906 0.0000000 0.0022964 0.0050413 0.9452267 0.0044197 0.0000000 0.0013717 0.0012450 0.0020819 0.0000000 0.0018525 0.0065782 0.0009062 0.0000000 0.0000000 0.0000000
 58 Q  58 0.0406901 0.1075480 0.0173515 0.0032937 0.0251496 0.1012367 0.0536944 0.0061822 0.0246257 0.0074155 0.0501812 0.1147996 0.0143043 0.0445020 0.0018886 0.0568565 0.2674460 0.0000000 0.0293829 0.0334517
 59 V  59 0.0029592 0.0000000 0.0000000 0.0000000 0.0000000 0.0000000 0.0000000 0.0028014 0.0000000 0.6745009 0.0876971 0.0000000 0.0111397 0.0068850 0.0000000 0.0000000 0.0021800 0.0000000 0.0000000 0.2118367
 60 N  60 0.0056350 0.0038061 0.1469164 0.5289129 0.0063172 0.0018463 0.0585348 0.0100391 0.0049369 0.0014838 0.0019354 0.0083319 0.0005566 0.0000000 0.0000000 0.1526041 0.0606268 0.0000000 0.0064219 0.0010946
 61 Y  61 0.0169214 0.0045199 0.0000000 0.0000000 0.0123438 0.0068305 0.0163506 0.0000000 0.0019965 0.0167107 0.0441379 0.0127638 0.0047968 0.4696887 0.0021270 0.0019093 0.0016142 0.0027291 0.3572641 0.0272956
 62 E  62 0.0407262 0.0143312 0.0642064 0.1909595 0.0000000 0.0605582 0.3078143 0.0884915 0.0131168 0.0147493 0.0107360 0.0327171 0.0012944 0.0011267 0.0715499 0.0533423 0.0206966 0.0000000 0.0064526 0.0071308
 63 E  63 0.0031453 0.0000000 0.0065579 0.0833729 0.0000000 0.0132324 0.8539052 0.0159431 0.0000000 0.0000000 0.0000000 0.0068415 0.0000000 0.0010432 0.0000000 0.0048635 0.0056222 0.0000000 0.0008338 0.0046389
 64 F  64 0.0021541 0.0000000 0.0012718 0.0000000 0.0017072 0.0000000 0.0000000 0.0000000 0.0000000 0.0011364 0.0835233 0.0000000 0.0027004 0.8917516 0.0000000 0.0017153 0.0000000 0.0021721 0.0080183 0.0038495
 65 V  65 0.0426176 0.0307047 0.0031085 0.0007470 0.0395731 0.0057794 0.0214461 0.0211553 0.0012624 0.1280055 0.2755913 0.0436022 0.0269594 0.0143872 0.0000000 0.0172426 0.0170691 0.0019045 0.0125371 0.2963071
 66 Q  66 0.2304008 0.0771324 0.0498698 0.0195530 0.0111178 0.0620618 0.0792154 0.0172367 0.0305442 0.0140002 0.0154299 0.0935235 0.0070272 0.0046813 0.0000000 0.0635148 0.1665416 0.0013961 0.0189156 0.0378380
 67 M  67 0.0788889 0.0013947 0.0035113 0.0023098 0.0040126 0.0020878 0.0021403 0.0093035 0.0985346 0.1145190 0.2316224 0.0054607 0.3444845 0.0166125 0.0032889 0.0049578 0.0069561 0.0050315 0.0000000 0.0648832
 68 M  68 0.0113849 0.0013153 0.0133388 0.0000000 0.0044483 0.0010260 0.0000000 0.0000000 0.0073903 0.0562190 0.1519314 0.0021052 0.6254644 0.0032569 0.0000000 0.0039150 0.0390232 0.0016521 0.0188044 0.0587248
 69 T  69 0.1523680 0.0712466 0.0884353 0.0022450 0.0028596 0.0379903 0.0165232 0.0541128 0.0014000 0.0160538 0.0552987 0.1198504 0.0635141 0.0000000 0.0018595 0.1003574 0.1764906 0.0000000 0.0020306 0.0373644
 70 A  70 0.0948778 0.1798241 0.0598764 0.0160690 0.0036367 0.0644481 0.0297439 0.0231585 0.0622530 0.0087912 0.0084013 0.2241546 0.0154126 0.0093071 0.0597101 0.0663417 0.0539508 0.0008517 0.0021676 0.0170238
 71 K  71 0.0122105 0.0750574 0.0195132 0.0146830 0.0100318 0.0588395 0.0164140 0.1106948 0.0156658 0.0673437 0.0555893 0.3516345 0.0695929 0.0237383 0.0186131 0.0100487 0.0121567 0.0051614 0.0101376 0.0428739
 72 M  72 0.0462211 0.0180267 0.0605708 0.0319308 0.0080889 0.0410023 0.0942312 0.0656401 0.0346922 0.0751975 0.0871872 0.0170873 0.2249085 0.0039061 0.0096104 0.0440215 0.0811350 0.0020950 0.0208756 0.0335719
 73 A  73 0.0438386 0.1620165 0.0783020 0.0780491 0.0027178 0.0460779 0.0225135 0.0764147 0.0104870 0.0101064 0.0617762 0.1871772 0.0122072 0.0152787 0.0275195 0.0959605 0.0215805 0.0014863 0.0068656 0.0396248
 74 E  74 0.0304288 0.0063106 0.0171132 0.2381577 0.0000000 0.0381321 0.4016888 0.0388814 0.0257043 0.0070632 0.0103886 0.0100985 0.0110534 0.0071964 0.0345350 0.0402366 0.0232961 0.0441238 0.0056553 0.0099362
 75 R  75 0.0656577 0.1410534 0.0319379 0.1367401 0.0093391 0.0284872 0.1843779 0.0243900 0.0130105 0.0093115 0.0200799 0.0764665 0.0119146 0.0076477 0.0341815 0.0624567 0.1082846 0.0000000 0.0133187 0.0213446
 76 Q  76 0.0214781 0.0277936 0.0792947 0.3133144 0.0072073 0.0340554 0.1027435 0.0363866 0.1491903 0.0015811 0.0159142 0.0918050 0.0097768 0.0069492 0.0332396 0.0253282 0.0190555 0.0000000 0.0095128 0.0153738
 77 G  77 0.1441304 0.0179871 0.0136186 0.0263662 0.0033683 0.0108132 0.0684695 0.1074103 0.0087238 0.0488043 0.2249300 0.0368734 0.0243708 0.0106785 0.0439660 0.0968668 0.0502826 0.0076460 0.0098952 0.0447988
 78 A  78 0.0772695 0.0996025 0.0240688 0.0312837 0.0020672 0.0305953 0.0977792 0.0417255 0.0337236 0.0078971 0.0874792 0.1235446 0.0060331 0.0622246 0.0428212 0.1002851 0.0449315 0.0029384 0.0564313 0.0272985
 79 G  79 0.1696465 0.1005991 0.0098590 0.0638949 0.0027012 0.0125828 0.1996369 0.1101073 0.0106459 0.0159538 0.0128138 0.1812700 0.0130762 0.0092393 0.0032298 0.0302022 0.0403188 0.0000000 0.0059825 0.0082399
 80 A  80 0.3637322 0.0252426 0.0246609 0.0484672 0.0124718 0.0599031 0.1739385 0.0340589 0.0205212 0.0150988 0.0593228 0.0360072 0.0294644 0.0000000 0.0068931 0.0375751 0.0199704 0.0036569 0.0050372 0.0239778
 81 T  81 0.0271841 0.0151674 0.0000000 0.0086858 0.0000000 0.0223841 0.0265474 0.1190936 0.0048641 0.1501406 0.0632234 0.0167831 0.0287284 0.3390856 0.0101246 0.0374730 0.0471244 0.0022260 0.0618766 0.0192878
 82 N  82 0.0468484 0.0786637 0.0461672 0.0284698 0.0044775 0.1020678 0.0453589 0.0489129 0.0276840 0.0138285 0.1918467 0.0648248 0.0313562 0.0085460 0.0076479 0.1750361 0.0430717 0.0000000 0.0020488 0.0331430
 83 G  83 0.1186851 0.1355266 0.0149957 0.0089486 0.0021167 0.0107110 0.0204313 0.0810154 0.0351679 0.0127756 0.0454023 0.1751775 0.0064434 0.0528564 0.0184787 0.0280167 0.0150689 0.0013827 0.1703107 0.0464889
 84 K  84 0.1651882 0.0688124 0.0159481 0.0137786 0.0000000 0.0151816 0.1013841 0.0634535 0.0000000 0.0151166 0.0257537 0.1032073 0.0046200 0.3170011 0.0103128 0.0489917 0.0136321 0.0000000 0.0080081 0.0096100
 85 D  85 0.0167178 0.0625137 0.0326378 0.3934582 0.0086119 0.0259405 0.0312996 0.0231061 0.0083704 0.0162823 0.1080353 0.0209236 0.0167037 0.1173503 0.0137528 0.0341494 0.0447128 0.0000000 0.0129112 0.0125226
 86 K  86 0.0473029 0.1106273 0.0069161 0.0161954 0.0025459 0.0452724 0.0175416 0.1349825 0.0091365 0.0088700 0.0232554 0.3939357 0.0161514 0.0548915 0.0067321 0.0477473 0.0353874 0.0000000 0.0121656 0.0103429
 87 T  87 0.0509505 0.0189297 0.0808396 0.2777352 0.0023661 0.0315135 0.1549935 0.0186985 0.0310451 0.0317921 0.0418840 0.0289046 0.0048349 0.0312199 0.0133828 0.0941215 0.0375514 0.0000000 0.0179896 0.0312476
 88 S  88 0.0398399 0.0243754 0.1748754 0.0748461 0.0049332 0.0326361 0.0369288 0.1689234 0.0085551 0.0200258 0.0198903 0.0599866 0.0696211 0.0328062 0.0304193 0.1005075 0.0689294 0.0045756 0.0134756 0.0138492
 89 G  89 0.0405574 0.0118139 0.0428127 0.0924501 0.0000000 0.0366743 0.0342564 0.0959934 0.0018210 0.0330351 0.2268635 0.0290698 0.0656118 0.0112588 0.0275207 0.1714358 0.0136018 0.0212657 0.0211659 0.0227920
 90 E  90 0.0192122 0.0037422 0.0462681 0.1213549 0.0000000 0.0321136 0.1032012 0.1309870 0.0024319 0.0041760 0.0255847 0.0471458 0.0093722 0.0067393 0.0189511 0.2168220 0.1989169 0.0000000 0.0026975 0.0102833
 91 N  91 0.0083419 0.0184796 0.0539713 0.2131828 0.0123937 0.0391321 0.4276818 0.0178443 0.0057407 0.0193067 0.0188377 0.0126268 0.0135076 0.0150278 0.0119712 0.0103905 0.0076026 0.0000000 0.0635837 0.0303773
 92 D  92 0.0726954 0.0448980 0.0314175 0.1654148 0.0021549 0.0577789 0.3076299 0.0119905 0.0014092 0.0928652 0.0295038 0.0650506 0.0027788 0.0077086 0.0030280 0.0356156 0.0192519 0.0000000 0.0025445 0.0462639
 93 G  93 0.0068045 0.0055916 0.0130453 0.1202345 0.0009918 0.0290138 0.5786688 0.0313720 0.0170890 0.0031366 0.0385875 0.0142907 0.0250772 0.0045874 0.0065149 0.0350200 0.0646482 0.0014001 0.0009186 0.0030073
 94 Q  94 0.0071598 0.0119054 0.0000000 0.0024643 0.0143135 0.0197378 0.0077254 0.0000000 0.0031206 0.2315195 0.5137272 0.0000000 0.0775759 0.0314687 0.0000000 0.0000000 0.0010871 0.0029680 0.0100347 0.0651921
 95 K  95 0.0240348 0.3240293 0.0023567 0.0667108 0.0000000 0.1427172 0.0867793 0.0029759 0.0040609 0.0143843 0.0170468 0.2590230 0.0121386 0.0026254 0.0029618 0.0103438 0.0069045 0.0028504 0.0084721 0.0095842
 96 K  96 0.0733232 0.0240611 0.0154764 0.1736696 0.0000000 0.0783022 0.4924664 0.0023784 0.0068508 0.0104936 0.0243784 0.0460679 0.0121305 0.0082788 0.0000000 0.0195835 0.0035175 0.0000000 0.0000000 0.0090217
 97 V  97 0.4725384 0.0015294 0.0000000 0.0033759 0.0066482 0.0019885 0.0023701 0.0037937 0.0000000 0.1114731 0.1369884 0.0000000 0.1733335 0.0010683 0.0000000 0.0122055 0.0192021 0.0000000 0.0015765 0.0519084
 98 Q  98 0.0029716 0.0128641 0.0000000 0.0021480 0.0140104 0.0130236 0.0046009 0.0000000 0.0012632 0.2220522 0.0608089 0.0050139 0.1112614 0.5128036 0.0000000 0.0020238 0.0012126 0.0038617 0.0061213 0.0239589
 99 E  99 0.0412998 0.2946993 0.0537401 0.1416699 0.0030018 0.0663599 0.1287317 0.0123008 0.0053182 0.0000000 0.0137539 0.1657728 0.0082530 0.0000000 0.0000000 0.0462707 0.0104371 0.0055694 0.0012321 0.0015897
100 E 100 0.1108194 0.0153507 0.0000000 0.0263419 0.0000000 0.0215094 0.3206003 0.0024692 0.0200132 0.0577406 0.0546251 0.0044496 0.0481183 0.0120126 0.0000000 0.0035439 0.0145026 0.0000000 0.0086048 0.2792983
101 F 101 0.1920405 0.0000000 0.0000000 0.0000000 0.0000000 0.0000000 0.0022090 0.0185826 0.0000000 0.0301180 0.0395000 0.0000000 0.0020234 0.4962593 0.0000000 0.0055522 0.0028389 0.0029725 0.0344607 0.1734431
102 D 102 0.0026072 0.0000000 0.0041030 0.9542910 0.0000000 0.0000000 0.0000000 0.0067082 0.0154571 0.0000000 0.0000000 0.0094588 0.0000000 0.0000000 0.0000000 0.0000000 0.0046863 0.0000000 0.0026884 0.0000000
103 I 103 0.0528648 0.1560419 0.0008137 0.0077502 0.0037803 0.0983171 0.0192773 0.0061265 0.0028607 0.0570544 0.0614425 0.2836834 0.0186382 0.0016079 0.0038944 0.0253742 0.1232853 0.0000000 0.0000000 0.0771872
104 D 104 0.0059674 0.0028754 0.1831944 0.7507799 0.0000000 0.0079925 0.0257173 0.0042186 0.0134769 0.0000000 0.0000000 0.0039439 0.0000000 0.0000000 0.0000000 0.0018339 0.0000000 0.0000000 0.0000000 0.0000000
105 M 105 0.0292214 0.0224261 0.1872019 0.0144323 0.0045605 0.0474358 0.0089980 0.5323251 0.0145956 0.0039760 0.0012297 0.1081505 0.0125527 0.0021209 0.0000000 0.0092570 0.0015166 0.0000000 0.0000000 0.0000000
106 D 106 0.0058188 0.0213709 0.2585516 0.5800940 0.0042994 0.0036871 0.0020832 0.0015687 0.0022169 0.0000000 0.0022098 0.0056146 0.0000000 0.0000000 0.0000000 0.0953786 0.0171065 0.0000000 0.0000000 0.0000000
107 A 107 0.0070171 0.0055993 0.0023387 0.0024443 0.0000000 0.0000000 0.0012838 0.9669907 0.0000000 0.0000000 0.0017537 0.0031704 0.0000000 0.0000000 0.0042994 0.0037703 0.0000000 0.0000000 0.0000000 0.0013322
108 P 108 0.0151590 0.1595999 0.0061088 0.0079602 0.0108421 0.0623600 0.0971564 0.0027011 0.0190123 0.0068016 0.0408933 0.0662047 0.0225725 0.1582863 0.0069777 0.0530434 0.0863788 0.0000000 0.1512387 0.0267031
109 E 109 0.0039432 0.0000000 0.0000000 0.0000000 0.0000000 0.0000000 0.0069777 0.0000000 0.0000000 0.8405097 0.0467277 0.0000000 0.0000000 0.0047210 0.0000000 0.0000000 0.0000000 0.0000000 0.0000000 0.0971207
110 T 110 0.0046376 0.0000000 0.1358543 0.2717674 0.0093403 0.0029768 0.0060258 0.0101167 0.0054938 0.0000000 0.0000000 0.0013521 0.0014916 0.0018712 0.0078435 0.3766597 0.1645691 0.0000000 0.0000000 0.0000000
111 E 111 0.2138532 0.0261470 0.0039615 0.0013174 0.0034633 0.0204623 0.0633311 0.0026235 0.0017196 0.0154387 0.0288141 0.0410951 0.0083246 0.0958732 0.0366757 0.0265360 0.0377882 0.0013608 0.2913359 0.0798790
112 R 112 0.1266003 0.0231220 0.0710014 0.1529423 0.0000000 0.0675886 0.2599711 0.0613972 0.0129751 0.0192213 0.0178198 0.0230609 0.0008670 0.0000000 0.0170853 0.1010163 0.0301886 0.0008879 0.0020490 0.0122060
113 A 113 0.0118188 0.0000000 0.0105083 0.0448593 0.0021215 0.0015397 0.9074163 0.0000000 0.0000000 0.0000000 0.0000000 0.0019657 0.0000000 0.0000000 0.0000000 0.0053133 0.0090037 0.0000000 0.0000000 0.0054534
114 A 114 0.0070239 0.0040383 0.0000000 0.0000000 0.0000000 0.0000000 0.0000000 0.0000000 0.0000000 0.0151996 0.4668860 0.0000000 0.0190989 0.4831180 0.0000000 0.0000000 0.0000000 0.0000000 0.0000000 0.0046352
115 V 115 0.0825470 0.2432709 0.0044014 0.0037510 0.0475698 0.0251327 0.0243546 0.0357435 0.0266450 0.0887039 0.0916680 0.1047608 0.0093358 0.0089509 0.0000000 0.0183858 0.0093204 0.0000000 0.0088369 0.1666215
116 A 116 0.2246325 0.1110713 0.0219639 0.0226684 0.0051934 0.0749128 0.0623820 0.0039931 0.1478264 0.0100803 0.0167590 0.0601746 0.0115041 0.0141892 0.0000000 0.0655666 0.0950279 0.0033892 0.0234415 0.0252239
117 I 117 0.1104879 0.0000000 0.0000000 0.0000000 0.0064154 0.0000000 0.0025941 0.0044057 0.0000000 0.1788011 0.0555184 0.0000000 0.2827479 0.0098467 0.0000000 0.0177244 0.0157437 0.0000000 0.0000000 0.3157147
118 Q 118 0.0139341 0.0035226 0.0000000 0.0000000 0.0063353 0.0071326 0.0000000 0.0000000 0.0000000 0.0143799 0.2229947 0.0000000 0.6266964 0.0177215 0.0000000 0.0138484 0.0476431 0.0000000 0.0116602 0.0141311
119 S 119 0.0743409 0.1701837 0.0185935 0.0059879 0.0118109 0.0752275 0.0165922 0.0089487 0.0214222 0.0297814 0.0158301 0.2606434 0.0470467 0.0043728 0.0000000 0.0494973 0.1608156 0.0019166 0.0032567 0.0237320
120 Q 120 0.1365148 0.0559363 0.1429931 0.0200152 0.0115999 0.0574785 0.0350403 0.0139129 0.0677176 0.0073957 0.0073086 0.2165319 0.0023619 0.0000000 0.0027434 0.1945265 0.0188713 0.0000000 0.0000000 0.0090522
121 F 121 0.0023929 0.0084279 0.0034028 0.0073454 0.0000000 0.0000000 0.0059191 0.0790603 0.0000000 0.0326844 0.5237119 0.0167748 0.0449333 0.1220369 0.0088471 0.0285228 0.0962726 0.0000000 0.0069637 0.0127042
122 R 122 0.0118506 0.0696615 0.1105452 0.0079083 0.0031915 0.0438087 0.0236438 0.5690575 0.0121908 0.0000000 0.0000000 0.0259229 0.0028435 0.0000000 0.0000000 0.0622520 0.0533580 0.0000000 0.0021789 0.0015870
123 K 123 0.0102559 0.0642186 0.0131822 0.0879267 0.0029713 0.0640706 0.3491735 0.0110788 0.0158530 0.0076115 0.1824943 0.0821526 0.0210910 0.0178713 0.0025063 0.0102731 0.0063505 0.0054620 0.0279716 0.0174854
124 F 124 0.0299307 0.0496064 0.0292838 0.0373448 0.0000000 0.0227738 0.0283242 0.0224114 0.0166065 0.0263852 0.0617446 0.3048729 0.0282194 0.1160247 0.0261150 0.0157338 0.0288826 0.0329682 0.0979745 0.0247975
125 Q 125 0.0257239 0.0382039 0.0070142 0.1000641 0.0000000 0.0952144 0.0817229 0.0554034 0.0192341 0.0254503 0.3850205 0.0000000 0.0619590 0.0113051 0.0064137 0.0422547 0.0068189 0.0000000 0.0000000 0.0381971
126 K 126 0.0231592 0.0897291 0.0253766 0.0261849 0.0000000 0.0000000 0.0127055 0.0999704 0.0066931 0.0000000 0.0037222 0.1583697 0.0077509 0.0044527 0.0193650 0.1426140 0.3732548 0.0000000 0.0000000 0.0066519
127 K 127 0.0183474 0.0362474 0.0184085 0.4153034 0.0000000 0.0480685 0.2101341 0.0326006 0.0000000 0.0024671 0.0056471 0.1479633 0.0077339 0.0000000 0.0217257 0.0069496 0.0135520 0.0000000 0.0000000 0.0148514
128 K 128 0.0049384 0.0980181 0.0388954 0.0000000 0.0000000 0.0407776 0.5363726 0.0072616 0.0065873 0.0000000 0.0060337 0.1961961 0.0000000 0.0000000 0.0000000 0.0149978 0.0408527 0.0000000 0.0090686 0.0000000
129 A 129 0.1265380 0.0000000 0.0000000 0.1477663 0.0000000 0.0000000 0.1626594 0.0379982 0.0000000 0.0179187 0.0695526 0.0768441 0.0000000 0.0630425 0.0000000 0.1905070 0.0682927 0.0000000 0.0000000 0.0388804
130 G 130 0.0977187 0.0000000 0.0565356 0.0272150 0.0157691 0.0208191 0.1217371 0.4134320 0.0090653 0.0000000 0.0443298 0.0300041 0.0159183 0.0000000 0.0000000 0.0569335 0.0147449 0.0000000 0.0000000 0.0757774
131 S 131 0.0456888 0.0990410 0.0000000 0.1245334 0.0000000 0.0434083 0.1539874 0.0217237 0.0446340 0.0000000 0.1118870 0.0568498 0.0000000 0.0123260 0.0000000 0.1618879 0.0214695 0.0000000 0.1025632 0.0000000
132 Q 132 0.0000000 0.0489730 0.0000000 0.0000000 0.0000000 0.3763569 0.1402345 0.0000000 0.0000000 0.1933394 0.0816657 0.1248513 0.0345792 0.0000000 0.0000000 0.0000000 0.0000000 0.0000000 0.0000000 0.0000000
133 S 133 0.1012174 0.0000000 0.1638949 0.0000000 0.0000000 0.0000000 0.0000000 0.0000000 0.0000000 0.0000000 0.0000000 0.0000000 0.0000000 0.0000000 0.0000000 0.4217526 0.3131351 0.0000000 0.0000000 0.0000000
