  128         A         R         N         D         C         Q         E         G         H         I         L         K         M         F         P         S         T         W         Y         V         X    
  1 A   1 0.1726548 0.0000000 0.0000000 0.0000000 0.0000000 0.0000000 0.0000000 0.0000000 0.0000000 0.0000000 0.0000000 0.0000000 0.0000000 0.0000000 0.0000000 0.0159614 0.0000000 0.0000000 0.0000000 0.0000000 0.8113838
  2 E   2 0.0056946 0.0038275 0.0196965 0.0965212 0.0000000 0.0127333 0.0972418 0.0094018 0.0000000 0.0000000 0.0000000 0.0081132 0.0000000 0.0000000 0.0000000 0.0263261 0.0460560 0.0000000 0.0000000 0.0037010 0.6706873
  3 C   3 0.0321285 0.2021485 0.0000000 0.0000000 0.1329713 0.0124501 0.0078683 0.0038638 0.0000000 0.0036868 0.0029465 0.0046186 0.0000000 0.0000000 0.0000000 0.0044229 0.0584182 0.0000000 0.0139175 0.0435457 0.4770133
  4 S   4 0.0441001 0.0000000 0.0065241 0.0038274 0.0000000 0.0017645 0.1542050 0.0000000 0.0019309 0.0030373 0.0000000 0.0161684 0.0000000 0.0000000 0.0000000 0.0829301 0.2987246 0.0000000 0.0030807 0.0115928 0.3721141
  5 V   5 0.0187647 0.0000000 0.0000000 0.0000000 0.0000000 0.0031474 0.0000000 0.0000000 0.0000000 0.2790352 0.0548277 0.0017508 0.0093259 0.0052114 0.0000000 0.0050308 0.0224553 0.0000000 0.0000000 0.3283020 0.2721487
  6 D   6 0.0359601 0.0190246 0.0255572 0.0491840 0.0000000 0.0153105 0.1442222 0.0000000 0.0056177 0.0056990 0.0397299 0.0988233 0.0024292 0.0053420 0.0039722 0.0281518 0.2088956 0.0000000 0.0018953 0.0577410 0.2524444
  7 I   7 0.0081799 0.0000000 0.0000000 0.0000000 0.0000000 0.0000000 0.0000000 0.0000000 0.0000000 0.2264688 0.1664764 0.0030807 0.0412591 0.0000000 0.0037010 0.0021026 0.0000000 0.0034428 0.0000000 0.2952753 0.2500134
  8 Q   8 0.0394948 0.0338296 0.0223280 0.0616065 0.0000000 0.0206062 0.1460714 0.1348155 0.0072547 0.0015884 0.0050008 0.0527295 0.0075036 0.0000000 0.0000000 0.0476980 0.1315450 0.0000000 0.0000000 0.0494041 0.2385240
  9 G   9 0.1989286 0.0000000 0.0000000 0.0000000 0.0000000 0.0051183 0.0107191 0.1006099 0.0000000 0.0052906 0.0365113 0.0000000 0.1889541 0.0000000 0.0248348 0.0969408 0.0611857 0.0000000 0.0022968 0.0330030 0.2356071
 10 N  10 0.0244368 0.0346580 0.1345225 0.1351856 0.0000000 0.0156486 0.0135266 0.0831479 0.0061174 0.0089025 0.0202301 0.0370805 0.0041825 0.0000000 0.0083096 0.0626537 0.1459266 0.0000000 0.0093237 0.0250034 0.2311441
 11 D  11 0.0124532 0.0055102 0.0287389 0.4571124 0.0000000 0.0108734 0.1112160 0.0670544 0.0022948 0.0000000 0.0027073 0.0067105 0.0000000 0.0000000 0.0508490 0.0150942 0.0105622 0.0000000 0.0000000 0.0000000 0.2188234
 12 Q  12 0.1067429 0.0025754 0.0613476 0.0706544 0.0000000 0.0876562 0.0768376 0.1610176 0.0049884 0.0062935 0.0035100 0.0337182 0.0146369 0.0066483 0.0037010 0.0387848 0.0360340 0.0000000 0.0020293 0.0000000 0.2828242
 13 M  13 0.0000000 0.0000000 0.0067710 0.0000000 0.0000000 0.0000000 0.0000000 0.0000000 0.0041952 0.0238628 0.2027137 0.0090827 0.4446717 0.0598426 0.0000000 0.0000000 0.0000000 0.0029169 0.0518080 0.0060647 0.1880707
 14 Q  14 0.1413320 0.1379066 0.0084307 0.0027409 0.0000000 0.1162946 0.0129659 0.0120754 0.0038916 0.0184089 0.0297609 0.1346505 0.0102355 0.0000000 0.0000000 0.0446068 0.0702422 0.0055733 0.0086087 0.0527884 0.1894870
 15 F  15 0.0000000 0.0000000 0.0000000 0.0000000 0.0000000 0.0000000 0.0000000 0.0000000 0.0000000 0.0058523 0.0070268 0.0000000 0.0031677 0.6718263 0.0000000 0.0000000 0.0000000 0.0000000 0.1842629 0.0000000 0.1278639
 16 N  16 0.0253302 0.0000000 0.1161278 0.2203452 0.0000000 0.0207438 0.1524704 0.0228759 0.0030023 0.0089252 0.0062636 0.0188369 0.0000000 0.0058430 0.0065257 0.1054864 0.1121374 0.0000000 0.0117665 0.0421875 0.1211322
 17 T  17 0.0051415 0.0048368 0.0000000 0.0000000 0.0000000 0.0450153 0.0145026 0.0022807 0.0000000 0.0180023 0.0480676 0.0642737 0.0061355 0.0053775 0.5100098 0.0079677 0.1097505 0.0000000 0.0057993 0.0361772 0.1166618
 18 N  18 0.1231511 0.0175840 0.0619677 0.1086688 0.0000000 0.0189690 0.0629155 0.0243004 0.0040953 0.0030451 0.0000000 0.1825017 0.0037880 0.0000000 0.0462076 0.1517685 0.0865108 0.0000000 0.0000000 0.0067025 0.0978239
 19 A  19 0.0648477 0.0835156 0.0302849 0.0401121 0.0000000 0.0434664 0.2241677 0.0029024 0.0216627 0.0045751 0.0081077 0.0468419 0.0000000 0.0000000 0.0097318 0.1234783 0.1661257 0.0000000 0.0076056 0.0213636 0.1012110
 20 I  20 0.0048390 0.0000000 0.0000000 0.0000000 0.0000000 0.0000000 0.0000000 0.0000000 0.0000000 0.3867608 0.2330033 0.0053775 0.0140083 0.1496621 0.0000000 0.0046530 0.0086181 0.0061740 0.0061611 0.0870222 0.0937206
 21 T  21 0.0316567 0.0291049 0.0205884 0.0487022 0.0000000 0.0674550 0.1408937 0.0046530 0.0141991 0.0258719 0.0053775 0.0819837 0.0046186 0.0039805 0.0048477 0.0997262 0.2665565 0.0000000 0.0028219 0.0492543 0.0977083
 22 V  22 0.0616941 0.0030787 0.0000000 0.0000000 0.0000000 0.0000000 0.0000000 0.0000000 0.0000000 0.1887905 0.0258947 0.0000000 0.0000000 0.0033654 0.0000000 0.0000000 0.0063952 0.0000000 0.0000000 0.6253749 0.0854065
 23 D  23 0.0434409 0.0120876 0.0423312 0.0283475 0.0044229 0.0044081 0.0422190 0.0067845 0.0047792 0.0124945 0.0091061 0.0240528 0.0060228 0.0380042 0.1483924 0.0719324 0.0340306 0.0000000 0.0000000 0.0216984 0.4454448
 24 K  24 0.1203906 0.0685286 0.0030560 0.0000000 0.0000000 0.0508944 0.0132305 0.0058393 0.0126784 0.0000000 0.0123616 0.4525843 0.0025043 0.0000000 0.0358931 0.0104700 0.0054728 0.0000000 0.0000000 0.0000000 0.2060960
 25 S  25 0.2950222 0.0354563 0.0000000 0.0406934 0.0000000 0.0579879 0.0591004 0.0360433 0.0000000 0.0000000 0.0049844 0.0063815 0.0000000 0.0000000 0.1395363 0.1266272 0.0373765 0.0000000 0.0000000 0.0215451 0.1392454
 26 C  26 0.0000000 0.0035802 0.0157642 0.0058014 0.1432793 0.0000000 0.0041718 0.7575438 0.0000000 0.0000000 0.0000000 0.0000000 0.0000000 0.0000000 0.0000000 0.0069105 0.0000000 0.0000000 0.0000000 0.0000000 0.0629489
 27 K  27 0.0705044 0.0077923 0.0023425 0.1500996 0.0000000 0.0911364 0.3309464 0.0000000 0.0000000 0.0000000 0.0000000 0.1533807 0.0040183 0.0000000 0.0089131 0.0344914 0.0684731 0.0112320 0.0000000 0.0101000 0.0565699
 28 Q  28 0.0287884 0.0627698 0.0112783 0.0132313 0.0000000 0.0721476 0.1323332 0.0017462 0.0044338 0.0094007 0.0043612 0.0685340 0.0000000 0.0000000 0.0565392 0.0277167 0.4083378 0.0000000 0.0046186 0.0350211 0.0587423
 29 F  29 0.0000000 0.0000000 0.0000000 0.0000000 0.0000000 0.0000000 0.0000000 0.0000000 0.0000000 0.1636201 0.0376000 0.0019282 0.0000000 0.1008180 0.0000000 0.0000000 0.0147093 0.0000000 0.0225043 0.5874798 0.0713403
 30 T  30 0.0213330 0.2388456 0.0160901 0.0123183 0.0000000 0.0343454 0.0602547 0.0000000 0.0266229 0.0156710 0.0089308 0.1553277 0.0046571 0.0047451 0.0000000 0.0171985 0.3223758 0.0000000 0.0000000 0.0330288 0.0282551
 31 V  31 0.0000000 0.0000000 0.0000000 0.0000000 0.0000000 0.0000000 0.0000000 0.0000000 0.0000000 0.1527749 0.2595305 0.0000000 0.0063877 0.2605159 0.0000000 0.0000000 0.0000000 0.0882348 0.0000000 0.1913080 0.0412482
 32 N  32 0.0259047 0.0427983 0.0495186 0.0226190 0.0000000 0.0084056 0.0581733 0.0000000 0.0236801 0.0488131 0.0170100 0.0450030 0.0061741 0.0123063 0.0000000 0.0172769 0.2835020 0.0000000 0.0074440 0.2668759 0.0644951
 33 L  33 0.0114579 0.0000000 0.0057961 0.0000000 0.0000000 0.0000000 0.0000000 0.0000000 0.0096188 0.0903175 0.3378064 0.0000000 0.0106829 0.2561057 0.0000000 0.0000000 0.0024271 0.0000000 0.0038638 0.1682356 0.1036882
 34 S  34 0.0166101 0.0864669 0.0890954 0.0298942 0.0000000 0.0147092 0.1121297 0.0000000 0.0116085 0.0643665 0.0037774 0.2332325 0.0017579 0.0000000 0.0022248 0.0091952 0.1529896 0.0000000 0.0060481 0.0946263 0.0712678
 35 H  35 0.0000000 0.0044229 0.7350351 0.0087880 0.0000000 0.0000000 0.0000000 0.0000000 0.1657301 0.0000000 0.0000000 0.0053544 0.0000000 0.0000000 0.0000000 0.0062535 0.0000000 0.0000000 0.0000000 0.0000000 0.0744160
 36 P  36 0.0843112 0.0213284 0.1196773 0.0526372 0.0000000 0.0225170 0.0584587 0.0119507 0.0026012 0.0272478 0.0435983 0.0968246 0.0068447 0.0000000 0.0446082 0.0841692 0.1695749 0.0000000 0.0044574 0.0741584 0.0750347
 37 G  37 0.0510409 0.0000000 0.0271634 0.1690197 0.0000000 0.0000000 0.0000000 0.5725576 0.0000000 0.0000000 0.0000000 0.0000000 0.0000000 0.0000000 0.0000000 0.0357530 0.0000000 0.0000000 0.0000000 0.0000000 0.1444654
 38 N  38 0.0366524 0.0315529 0.0405830 0.0540380 0.0000000 0.0940380 0.0624848 0.0332298 0.0032919 0.0000000 0.0000000 0.2133012 0.0036021 0.0291549 0.0030446 0.0703656 0.0784871 0.0000000 0.0038349 0.0036921 0.2386468
 39 L  39 0.0068087 0.0122807 0.0040478 0.0062803 0.0000000 0.0254343 0.0199350 0.0125232 0.0053551 0.0683502 0.2538249 0.0122024 0.0611369 0.0324281 0.0000000 0.0134603 0.0222786 0.0000000 0.0037684 0.1053834 0.3345015
 40 P  40 0.0457423 0.0211114 0.0172897 0.0751576 0.0000000 0.0041952 0.0358662 0.0204605 0.0000000 0.0025601 0.0342798 0.0396600 0.0069738 0.0062113 0.2345937 0.0320665 0.0091105 0.0000000 0.0000000 0.0278070 0.3869144
 41 K  41 0.0499806 0.0029185 0.0056164 0.0024160 0.0000000 0.0041608 0.0188485 0.0093820 0.1149788 0.0048609 0.0021728 0.1197394 0.0000000 0.0000000 0.0000000 0.0106290 0.0174374 0.0179217 0.0058706 0.0193080 0.5937585
 42 N  42 0.0502446 0.0088018 0.0590260 0.0582364 0.0000000 0.0194573 0.0942822 0.0094849 0.0013189 0.0000000 0.0055287 0.0292769 0.0065264 0.0039029 0.0029465 0.0382007 0.0650138 0.0000000 0.0231466 0.0025650 0.5220405
 43 V  43 0.1046416 0.0044268 0.0149726 0.0350896 0.0000000 0.0148411 0.0115958 0.0680034 0.0000000 0.0301934 0.0380761 0.0141299 0.0151477 0.0193038 0.0000000 0.0584245 0.0062146 0.0040953 0.0000000 0.1203971 0.4404465
 44 M  44 0.0472693 0.0000000 0.0030964 0.0030194 0.0000000 0.0111099 0.0144979 0.0107893 0.0000000 0.0139088 0.0308786 0.0000000 0.3830329 0.0137191 0.0016984 0.0021186 0.0249956 0.0000000 0.0045519 0.0368017 0.3985122
 45 G  45 0.0347708 0.0000000 0.0030964 0.0019896 0.0000000 0.0629093 0.0774397 0.2065416 0.0088076 0.0134498 0.0167954 0.0026627 0.0032596 0.0172094 0.1713664 0.0097960 0.0224039 0.0000000 0.0109485 0.0113085 0.3252447
 46 H  46 0.0025303 0.0000000 0.0000000 0.0000000 0.0000000 0.0126897 0.0076459 0.0049884 0.8678208 0.0036950 0.0000000 0.0037731 0.0000000 0.0000000 0.0000000 0.0000000 0.0000000 0.0000000 0.0198551 0.0000000 0.0770017
 47 N  47 0.0035734 0.0040892 0.5378068 0.0290905 0.0000000 0.0063998 0.2617041 0.0225533 0.0000000 0.0000000 0.0000000 0.0000000 0.0000000 0.0000000 0.0036950 0.0342772 0.0234085 0.0000000 0.0000000 0.0000000 0.0734024
 48 W  48 0.0231832 0.0000000 0.0000000 0.0092578 0.0034435 0.0026267 0.0050656 0.0218318 0.0000000 0.0857084 0.1584918 0.0000000 0.0624889 0.2502733 0.0030416 0.0029900 0.0000000 0.1276815 0.0020378 0.1658089 0.0760693
 49 V  49 0.0413257 0.0090578 0.0357269 0.0091767 0.0021519 0.0040545 0.0338533 0.0125367 0.0039961 0.0370559 0.0606092 0.0046813 0.0178900 0.0080823 0.0000000 0.0281668 0.0500334 0.0000000 0.0000000 0.5553290 0.0862724
 50 L  50 0.0049884 0.0000000 0.0000000 0.0000000 0.0000000 0.0029376 0.0000000 0.0000000 0.0000000 0.2846507 0.3057680 0.0026479 0.0337976 0.0941174 0.0041545 0.0103572 0.0051939 0.0000000 0.0000000 0.1350638 0.1163230
 51 S  51 0.0776241 0.0000000 0.0093136 0.0842558 0.0035723 0.0000000 0.0320004 0.1741289 0.0000000 0.0244111 0.0632598 0.0044430 0.0156670 0.0053632 0.0263554 0.0636401 0.1499453 0.0000000 0.0136002 0.0752683 0.1771514
 52 T  52 0.0385531 0.0329085 0.0507465 0.0817483 0.0000000 0.0303771 0.0501798 0.0123434 0.0016588 0.0045988 0.0221580 0.2278847 0.0017520 0.0000000 0.0350501 0.0596828 0.1639824 0.0034496 0.0000000 0.0163244 0.1666017
 53 A  53 0.0788068 0.0162659 0.0087368 0.0549929 0.0000000 0.0516732 0.0632364 0.0406804 0.0184273 0.0017208 0.0278108 0.1008485 0.0225651 0.0000000 0.1337851 0.0498884 0.1182523 0.0000000 0.0179445 0.0297175 0.1646472
 54 A  54 0.2549954 0.0000000 0.0090284 0.0790137 0.0032440 0.0120328 0.0797263 0.2454736 0.0058810 0.0000000 0.0030789 0.0477765 0.0000000 0.0000000 0.0243199 0.0540791 0.0077576 0.0000000 0.0032360 0.0021385 0.1682184
 55 D  55 0.0466458 0.0087883 0.0350284 0.2249718 0.0014939 0.0092701 0.0889436 0.0319660 0.0026676 0.0233118 0.0116025 0.0308379 0.0402526 0.0095246 0.0430564 0.0864385 0.0844418 0.0000000 0.0041952 0.0384893 0.1780738
 56 M  56 0.0667312 0.0237560 0.0514861 0.0738214 0.0000000 0.0253081 0.0544921 0.0163698 0.0363793 0.0368292 0.1161479 0.0278590 0.0556018 0.0643023 0.0704625 0.0227053 0.0159155 0.0015509 0.0288368 0.0412252 0.1702197
 57 Q  57 0.0778962 0.0250514 0.0393453 0.1181441 0.0000000 0.1028723 0.0763116 0.0139622 0.0269006 0.0127927 0.0720855 0.0573542 0.0252128 0.0209808 0.0180836 0.0423923 0.0115415 0.0000000 0.0278714 0.0556390 0.1755625
 58 G  58 0.2019522 0.0234316 0.0142480 0.0227005 0.0000000 0.0322058 0.1643352 0.1064375 0.0024292 0.0078761 0.0030789 0.0605754 0.0103329 0.0046186 0.0577313 0.0363764 0.0400230 0.0030194 0.0066231 0.0245753 0.1774298
 59 V  59 0.0803567 0.0000000 0.0171137 0.0052027 0.0000000 0.0093611 0.0119536 0.0047397 0.1971298 0.0942927 0.0303185 0.0027469 0.0163001 0.0414900 0.0000000 0.0379965 0.0244737 0.0000000 0.0164465 0.2510935 0.1589842
 60 V  60 0.2099560 0.0055733 0.0234764 0.0542941 0.0032440 0.0209870 0.0092770 0.1155892 0.0062165 0.0346436 0.0558045 0.0378805 0.0328454 0.0503647 0.0049191 0.0524624 0.0106287 0.0057049 0.0253937 0.0458369 0.1949023
 61 T  61 0.1373623 0.0203243 0.0552499 0.0502913 0.0019345 0.0457453 0.0979771 0.0540854 0.0098740 0.0166251 0.0155202 0.0663219 0.0273810 0.0166849 0.0223210 0.0399321 0.0791446 0.0076423 0.0068094 0.0275131 0.2012604
 62 D  62 0.1195195 0.0118855 0.0289234 0.1939913 0.0000000 0.0369951 0.1152402 0.0228942 0.0409412 0.0039805 0.0296102 0.0432773 0.0493471 0.0210307 0.0200725 0.0285882 0.0338852 0.0000000 0.0055317 0.0018539 0.1924323
 63 G  63 0.1637982 0.0030560 0.0101217 0.0233765 0.0000000 0.0071991 0.0643783 0.2447369 0.0103449 0.0041587 0.0157185 0.0542283 0.1153888 0.0000000 0.0035940 0.0245817 0.0032701 0.0000000 0.0035734 0.0342331 0.2142419
 64 M  64 0.1398936 0.0117926 0.0122338 0.0207191 0.0000000 0.0299754 0.0155141 0.0367453 0.0000000 0.0607557 0.0818840 0.0161449 0.2484159 0.0090997 0.0059307 0.0210760 0.0153807 0.0000000 0.0088035 0.0697387 0.1958961
 65 A  65 0.1257569 0.0482800 0.0220719 0.0070098 0.0000000 0.0313168 0.0825311 0.0509025 0.0137956 0.0177870 0.0264002 0.1175882 0.0427399 0.0020289 0.0618363 0.1091654 0.0210285 0.0080823 0.0000000 0.0143011 0.1973776
 66 S  66 0.2242829 0.0127730 0.0144051 0.0353268 0.0000000 0.0462920 0.0225009 0.0325712 0.0075833 0.0000000 0.0233966 0.1104079 0.1213449 0.0073719 0.0123701 0.0501600 0.0167321 0.0000000 0.0058018 0.0072173 0.2494622
 67 G  67 0.0900522 0.0120703 0.0252827 0.0246583 0.0000000 0.0134270 0.0058580 0.3506663 0.0178463 0.0037440 0.0000000 0.0132564 0.0583672 0.0571086 0.0000000 0.0245806 0.0147485 0.0037010 0.0110763 0.0073716 0.2661849
 68 L  68 0.1284261 0.0074813 0.0116046 0.0127268 0.0000000 0.0060241 0.0301014 0.0071094 0.0052506 0.0395535 0.0742790 0.0531870 0.0666508 0.0185266 0.1552390 0.0174134 0.0211501 0.0000000 0.0033533 0.0699424 0.2719805
 69 D  69 0.1190971 0.0149158 0.0274185 0.2206728 0.0000000 0.0060775 0.1440427 0.0387925 0.0364126 0.0074440 0.0104768 0.0382823 0.0179151 0.0052301 0.0126201 0.0438641 0.0138314 0.0000000 0.0053541 0.0035723 0.2339802
 70 K  70 0.0319760 0.0292969 0.0873447 0.0378829 0.0020293 0.0197917 0.0266873 0.0250128 0.0616574 0.0045945 0.0324408 0.1002455 0.1497413 0.0000000 0.0527863 0.0257563 0.0349738 0.0030964 0.0051939 0.0251968 0.2442956
 71 D  71 0.0430643 0.0096978 0.1324178 0.1577492 0.0000000 0.0358546 0.1320240 0.0988932 0.0190924 0.0053798 0.0129169 0.0029903 0.0083613 0.0022413 0.0182657 0.0622491 0.0063207 0.0000000 0.0000000 0.0073664 0.2451152
 72 Y  72 0.0058958 0.0055993 0.0071161 0.0058723 0.0000000 0.0193382 0.0208304 0.0156211 0.1041318 0.0053550 0.0083955 0.0266775 0.0645653 0.0880275 0.0000000 0.0143223 0.0040183 0.0217287 0.3130531 0.0063551 0.2630966
 73 L  73 0.0305854 0.0099983 0.0125232 0.0491839 0.0000000 0.0160855 0.0238479 0.0090140 0.0000000 0.1388302 0.1132085 0.0173816 0.0383381 0.0061117 0.0155515 0.0173179 0.0268801 0.0000000 0.0051939 0.1838122 0.2861363
 74 K  74 0.0164746 0.0019225 0.0430144 0.0964957 0.0000000 0.0144411 0.0363957 0.0280237 0.0860314 0.0051887 0.0100134 0.1112874 0.0023724 0.0053550 0.1629892 0.0510980 0.0115011 0.0000000 0.0103648 0.0021414 0.3048896
 75 P  75 0.0896942 0.0074243 0.0176558 0.0828717 0.0000000 0.0147889 0.0727749 0.0209081 0.0387698 0.0000000 0.0000000 0.0482686 0.0211386 0.0000000 0.3223261 0.0226723 0.0160264 0.0000000 0.0000000 0.0201777 0.2045025
 76 D  76 0.0469505 0.0114847 0.1113080 0.1458429 0.0000000 0.0189006 0.1011832 0.1459541 0.0112963 0.0085843 0.0091257 0.0354239 0.0037841 0.0071133 0.0125705 0.0621315 0.0390367 0.0000000 0.0038197 0.0203819 0.2051079
 77 D  77 0.0519241 0.0109063 0.0380450 0.2626995 0.0000000 0.0201110 0.0374007 0.0555676 0.0214744 0.0382479 0.0202713 0.0385394 0.0428285 0.0038197 0.0621700 0.0831807 0.0229168 0.0000000 0.0016234 0.0097782 0.1784957
 78 S  78 0.1100281 0.0119598 0.0561721 0.0297795 0.0000000 0.0102715 0.1063299 0.0556293 0.0086799 0.0384574 0.0259843 0.0638133 0.0168738 0.0052113 0.0929401 0.0523804 0.0583861 0.0000000 0.0211966 0.0339759 0.2019307
 79 R  79 0.0495579 0.2039347 0.0734986 0.1091526 0.0000000 0.0255686 0.0572370 0.0159091 0.0375039 0.0000000 0.0098787 0.0295712 0.0134894 0.0070743 0.0374231 0.0676523 0.0041811 0.0000000 0.0057965 0.0059790 0.2465920
 80 V  80 0.0610343 0.0066273 0.0142425 0.0110527 0.0000000 0.0065679 0.0261272 0.0000000 0.0074666 0.1358796 0.0366202 0.0178266 0.0134933 0.0109529 0.0056680 0.0080584 0.0080234 0.0160226 0.0171522 0.2720388 0.3251454
 81 I  81 0.0180174 0.0110208 0.0050879 0.0060884 0.0000000 0.0000000 0.0194865 0.0171118 0.0086618 0.2067178 0.2340999 0.0016330 0.0570280 0.0032440 0.0047824 0.0056501 0.0074440 0.0000000 0.0171497 0.0387401 0.3380364
 82 A  82 0.3668744 0.0058721 0.0229023 0.0178120 0.0021330 0.0000000 0.0085571 0.0443608 0.0060800 0.0081757 0.0061571 0.0037355 0.0029024 0.0363499 0.0136456 0.0440259 0.0041012 0.0167738 0.0232415 0.0330984 0.3332012
 83 H  83 0.1065749 0.0036751 0.0432752 0.0000000 0.0000000 0.0044389 0.0288958 0.0174720 0.3140177 0.0000000 0.0027949 0.0164552 0.0038620 0.0118429 0.0000000 0.0531276 0.0066097 0.0111604 0.0187597 0.0105420 0.3464959
 84 T  84 0.0263748 0.0000000 0.0040172 0.0127371 0.0000000 0.0000000 0.0244515 0.0153381 0.0000000 0.0188999 0.0200095 0.0198945 0.0231978 0.0000000 0.0128520 0.1073466 0.3442727 0.0000000 0.0081228 0.0325813 0.3299041
 85 K  85 0.0571670 0.0240552 0.0234357 0.0556561 0.0000000 0.0151668 0.0354705 0.0436839 0.0144820 0.0158799 0.0313175 0.1658619 0.0064932 0.0000000 0.0886614 0.0294100 0.0169240 0.0000000 0.0000000 0.0404990 0.3358359
 86 L  86 0.0133211 0.0101446 0.0017738 0.0247170 0.0000000 0.0136429 0.0297011 0.0039195 0.0094923 0.0859803 0.2591199 0.0101889 0.0758374 0.0035721 0.0248308 0.0231459 0.0555064 0.0022033 0.0000000 0.0815356 0.2713671
 87 I  87 0.0322375 0.0000000 0.0115801 0.0051890 0.0000000 0.0000000 0.0039492 0.0133669 0.0000000 0.2194767 0.2951203 0.0000000 0.0039218 0.0071276 0.0069860 0.0091555 0.0166297 0.0000000 0.0094691 0.2157680 0.1500227
 88 G  88 0.1430833 0.0060526 0.0853855 0.0476107 0.0000000 0.0532292 0.1094377 0.2475222 0.0129728 0.0043991 0.0000000 0.0404658 0.0068570 0.0027265 0.0273883 0.0746545 0.0203788 0.0000000 0.0111110 0.0000000 0.1067250
 89 S  89 0.0585217 0.0104917 0.0059968 0.0105992 0.0000000 0.0236557 0.0315727 0.2038958 0.0025754 0.0029024 0.0041545 0.0100599 0.0000000 0.0024229 0.5155261 0.0379405 0.0168960 0.0000000 0.0000000 0.0000000 0.0627887
 90 G  90 0.0111396 0.0123696 0.0310515 0.0103136 0.0000000 0.0257249 0.0194078 0.8084728 0.0035723 0.0000000 0.0000000 0.0207738 0.0000000 0.0000000 0.0151040 0.0168136 0.0000000 0.0000000 0.0000000 0.0000000 0.0252565
 91 E  91 0.0671367 0.0156183 0.0101177 0.0264659 0.0000000 0.1829879 0.4228410 0.0281237 0.0124695 0.0000000 0.0000000 0.1334126 0.0131819 0.0039492 0.0000000 0.0254955 0.0218537 0.0000000 0.0090271 0.0025405 0.0247789
 92 K  92 0.0225742 0.0610988 0.0123398 0.0138795 0.0000000 0.0436918 0.0817204 0.0020078 0.0110889 0.0053182 0.0022413 0.0825299 0.0082035 0.0153693 0.0000000 0.3185626 0.2832061 0.0000000 0.0000000 0.0123822 0.0237857
 93 D  93 0.1176303 0.0276704 0.0110584 0.1011241 0.0000000 0.0221398 0.0779215 0.1680271 0.0039492 0.0062774 0.0127330 0.0609775 0.0023364 0.0505408 0.0000000 0.0265553 0.1080167 0.0127758 0.1155628 0.0440112 0.0306922
 94 S  94 0.0278788 0.0330846 0.0089947 0.0384515 0.0000000 0.0148648 0.2674859 0.0137629 0.0059105 0.0082310 0.0000000 0.0223406 0.0000000 0.0000000 0.0000000 0.2506615 0.2473446 0.0053775 0.0103730 0.0135116 0.0317265
 95 V  95 0.0069401 0.0000000 0.0044406 0.0000000 0.0000000 0.0051939 0.0129444 0.0127738 0.0330512 0.2678212 0.1820224 0.0000000 0.0138005 0.0311733 0.0000000 0.0230746 0.0357217 0.0078576 0.0356040 0.2857541 0.0418265
 96 T  96 0.0176720 0.0240802 0.0048479 0.0251643 0.0000000 0.0132669 0.0698743 0.0000000 0.0027073 0.0200697 0.0033281 0.0332335 0.0000000 0.0000000 0.0000000 0.0645583 0.4563141 0.0000000 0.0218890 0.0276213 0.2153731
 97 F  97 0.0000000 0.0000000 0.0000000 0.0000000 0.0000000 0.0000000 0.0000000 0.0044389 0.0047475 0.0182973 0.0519757 0.0000000 0.0027265 0.5613000 0.0000000 0.0039331 0.0000000 0.0541732 0.0099575 0.0324841 0.2559661
 98 D  98 0.0103890 0.0116069 0.0194672 0.0996404 0.0000000 0.0066521 0.0346250 0.0078823 0.0000000 0.0313605 0.0035338 0.1067156 0.0135788 0.0000000 0.0382790 0.0497859 0.2710423 0.0000000 0.0060488 0.0130182 0.2763742
 99 V  99 0.2406459 0.0000000 0.0000000 0.0000000 0.0000000 0.0000000 0.0000000 0.0046163 0.0000000 0.0942802 0.0463283 0.0000000 0.0021320 0.0308592 0.0369537 0.0027973 0.1081648 0.0000000 0.0033871 0.2656511 0.1641840
100 S 100 0.0235352 0.0059113 0.0073501 0.0186749 0.0000000 0.0053379 0.0309216 0.0030551 0.0000000 0.0083721 0.0000000 0.0115830 0.0000000 0.0000000 0.2724972 0.0993351 0.0094632 0.1930877 0.0000000 0.0000000 0.3108758
101 K 101 0.0631712 0.0432677 0.0227576 0.0146793 0.0000000 0.0472789 0.0173629 0.0218766 0.0273317 0.0060472 0.0127706 0.1505129 0.0031468 0.0000000 0.0000000 0.0262248 0.0712036 0.0029473 0.0000000 0.0221009 0.4473199
102 L 102 0.0025354 0.0029473 0.0119124 0.0153216 0.0022741 0.0000000 0.0088147 0.0000000 0.0022997 0.0055970 0.1647860 0.0079847 0.0241456 0.2361795 0.0111533 0.0133583 0.0359972 0.0035723 0.0000000 0.0117230 0.4393979
103 K 103 0.0947809 0.0134276 0.0578837 0.0921252 0.0000000 0.0088690 0.0508003 0.0256002 0.0000000 0.0134645 0.0278076 0.0438487 0.0000000 0.0022750 0.0111504 0.0980932 0.1990839 0.0000000 0.0000000 0.0070951 0.2536947
104 E 104 0.1688228 0.0519860 0.0353726 0.0256610 0.0000000 0.0753059 0.1738873 0.0000000 0.0056604 0.0000000 0.0022498 0.1877531 0.0000000 0.0000000 0.0329769 0.0166964 0.0410236 0.0000000 0.0090601 0.0020921 0.1714520
105 G 105 0.2341716 0.0081924 0.0160810 0.0330470 0.0000000 0.0030441 0.0282059 0.1008694 0.0053775 0.0072702 0.0000000 0.0685680 0.0023005 0.0000000 0.3017978 0.0599329 0.0282660 0.0000000 0.0000000 0.0106420 0.0922337
106 E 106 0.0070479 0.0016488 0.0067255 0.0120045 0.0000000 0.0099368 0.0492138 0.8265745 0.0000000 0.0000000 0.0000000 0.0075549 0.0000000 0.0038916 0.0000000 0.0052969 0.0410219 0.0000000 0.0000000 0.0051708 0.0239122
107 Q 107 0.0433599 0.0526716 0.0572962 0.1434038 0.0000000 0.0274729 0.1497506 0.0096139 0.0101422 0.0200940 0.0078326 0.0226924 0.0042613 0.0023429 0.0064943 0.0705156 0.2859266 0.0000000 0.0090492 0.0593972 0.0176826
108 Y 108 0.0023429 0.0000000 0.0000000 0.0016235 0.0000000 0.0000000 0.0000000 0.0000000 0.0124057 0.0258101 0.0504876 0.0000000 0.0000000 0.1501169 0.0079385 0.0000000 0.0000000 0.0035737 0.6756883 0.0522756 0.0177371
109 M 109 0.0438399 0.0282546 0.0247829 0.0958452 0.0000000 0.0338754 0.2186229 0.0420044 0.0101336 0.0139076 0.0181851 0.0362074 0.0069709 0.0149564 0.0877717 0.0727520 0.1004346 0.0626197 0.0415224 0.0410795 0.0062336
110 F 110 0.0124973 0.0000000 0.0000000 0.0000000 0.0046530 0.0000000 0.0000000 0.0000000 0.0000000 0.0281044 0.0329335 0.0000000 0.0076664 0.5457745 0.0000000 0.0000000 0.0000000 0.0000000 0.3400176 0.0244202 0.0039331
111 F 111 0.2288438 0.0189293 0.0027949 0.0000000 0.0074440 0.0000000 0.0069219 0.0135023 0.0275652 0.1106562 0.0643062 0.0000000 0.0000000 0.1503032 0.0000000 0.0181315 0.0000000 0.0175539 0.2185318 0.1145159 0.0000000
112 C 112 0.0000000 0.0000000 0.0000000 0.0000000 1.0000000 0.0000000 0.0000000 0.0000000 0.0000000 0.0000000 0.0000000 0.0000000 0.0000000 0.0000000 0.0000000 0.0000000 0.0000000 0.0000000 0.0000000 0.0000000 0.0000000
113 T 113 0.0437277 0.0123540 0.0859337 0.0248017 0.0000000 0.0186880 0.0613474 0.0226486 0.0083896 0.0029774 0.1581470 0.0026039 0.0000000 0.0044389 0.0164747 0.2301015 0.2698653 0.0000000 0.0079385 0.0000000 0.0295619
114 F 114 0.0058550 0.0023542 0.0000000 0.0000000 0.0000000 0.0109287 0.0107344 0.0000000 0.0067965 0.2355903 0.0381587 0.0104191 0.0174167 0.2502128 0.0000000 0.0000000 0.0075923 0.0126015 0.0750712 0.1676149 0.1486537
115 P 115 0.0451773 0.0000000 0.0000000 0.0051661 0.0000000 0.0030789 0.0089534 0.0104876 0.0028349 0.0000000 0.0021772 0.0060350 0.0000000 0.0194064 0.8397185 0.0000000 0.0051826 0.0000000 0.0000000 0.0000000 0.0517821
116 G 116 0.0185258 0.0109408 0.0188274 0.0142005 0.0194064 0.0061052 0.0038916 0.6834879 0.1556259 0.0000000 0.0000000 0.0000000 0.0000000 0.0069246 0.0028349 0.0049853 0.0045351 0.0046186 0.0000000 0.0000000 0.0450900
117 H 117 0.0099800 0.0493285 0.0000000 0.0000000 0.0000000 0.0534919 0.0272943 0.0000000 0.8263591 0.0000000 0.0000000 0.0120815 0.0000000 0.0000000 0.0000000 0.0000000 0.0000000 0.0000000 0.0000000 0.0034496 0.0180150
118 S 118 0.1338076 0.0163618 0.0026933 0.0000000 0.0000000 0.0194817 0.1014501 0.1408694 0.0139341 0.0161617 0.0118930 0.0134313 0.0096260 0.0659837 0.0103608 0.0775560 0.0107772 0.0826912 0.2335219 0.0159813 0.0234179
119 A 119 0.5119761 0.0273219 0.0226601 0.0000000 0.0000000 0.0747098 0.0209546 0.0283134 0.0000000 0.0034007 0.0323391 0.0361821 0.0430532 0.0191506 0.0186199 0.1016459 0.0214652 0.0000000 0.0152626 0.0036159 0.0193288
120 L 120 0.0060211 0.0077845 0.0050003 0.0000000 0.0000000 0.0113455 0.0219036 0.6233851 0.0124345 0.0666193 0.0618128 0.0051183 0.0592542 0.0081124 0.0080693 0.0113779 0.0132569 0.0000000 0.0000000 0.0409430 0.0375616
121 M 121 0.0000000 0.0000000 0.0000000 0.0000000 0.0000000 0.0066446 0.0000000 0.0000000 0.0000000 0.0000000 0.0000000 0.0000000 0.9760495 0.0000000 0.0000000 0.0000000 0.0000000 0.0000000 0.0000000 0.0000000 0.0173059
122 K 122 0.0288124 0.0968886 0.0385833 0.0054997 0.0000000 0.0778313 0.0164532 0.0000000 0.0513587 0.0441932 0.0041726 0.2199550 0.0000000 0.0304536 0.0000000 0.0075864 0.0468149 0.0232903 0.0794052 0.2139893 0.0147126
123 G 123 0.0195106 0.0095596 0.0000000 0.0037880 0.0000000 0.0000000 0.0053775 0.9133647 0.0000000 0.0035802 0.0000000 0.0000000 0.0000000 0.0000000 0.0000000 0.0079231 0.0126998 0.0000000 0.0000000 0.0000000 0.0241965
124 T 124 0.0535078 0.0464663 0.0080742 0.0349199 0.0000000 0.0369197 0.0742107 0.0031303 0.0163223 0.0278015 0.0216758 0.2413671 0.0110053 0.0076459 0.0152181 0.0369625 0.2496293 0.0000000 0.0070168 0.0839298 0.0241965
125 L 125 0.0046813 0.0000000 0.0000000 0.0000000 0.0000000 0.0000000 0.0000000 0.0000000 0.0000000 0.2621029 0.2776387 0.0000000 0.0771808 0.1041635 0.0000000 0.0000000 0.0000000 0.0000000 0.0000000 0.2500363 0.0241965
126 T 126 0.0218600 0.0284592 0.0202689 0.0016949 0.0000000 0.0168592 0.0299017 0.0013980 0.0041742 0.1922436 0.0304218 0.1187363 0.0091757 0.0091507 0.0000000 0.0240921 0.2610047 0.0000000 0.0210600 0.1626573 0.0468416
127 L 127 0.0091119 0.0000000 0.0000000 0.0000000 0.0000000 0.0000000 0.0000000 0.0000000 0.0000000 0.0509962 0.0912461 0.0000000 0.0000000 0.0196486 0.0000000 0.0000000 0.0000000 0.0000000 0.0000000 0.7726789 0.0563183
128 K 128 0.0000000 0.0311794 0.0000000 0.0000000 0.0000000 0.0545568 0.1902550 0.0000000 0.0000000 0.0000000 0.0000000 0.1432519 0.0000000 0.0000000 0.0000000 0.0000000 0.0000000 0.0000000 0.0000000 0.0000000 0.5807569
