  128         A         R         N         D         C         Q         E         G         H         I         L         K         M         F         P         S         T         W         Y         V    
  1 A   1 0.9091001 0.0000000 0.0000000 0.0000000 0.0000000 0.0000000 0.0000000 0.0000000 0.0000000 0.0000000 0.0000000 0.0000000 0.0000000 0.0000000 0.0000000 0.0908999 0.0000000 0.0000000 0.0000000 0.0000000
  2 E   2 0.0166393 0.0112103 0.0596459 0.2933470 0.0000000 0.0391190 0.2983809 0.0297653 0.0000000 0.0000000 0.0000000 0.0246192 0.0000000 0.0000000 0.0000000 0.0804131 0.1351559 0.0000000 0.0000000 0.0117041
  3 C   3 0.0596929 0.3829473 0.0000000 0.0000000 0.2648781 0.0235512 0.0155494 0.0075713 0.0000000 0.0067666 0.0055724 0.0088425 0.0000000 0.0000000 0.0000000 0.0088332 0.1099281 0.0000000 0.0256903 0.0801766
  4 S   4 0.0712768 0.0000000 0.0105757 0.0064095 0.0000000 0.0029338 0.2429733 0.0000000 0.0032316 0.0049718 0.0000000 0.0268130 0.0000000 0.0000000 0.0000000 0.1315062 0.4761051 0.0000000 0.0049700 0.0182332
  5 V   5 0.0269867 0.0000000 0.0000000 0.0000000 0.0000000 0.0044633 0.0000000 0.0000000 0.0000000 0.3829756 0.0775058 0.0025297 0.0128924 0.0074639 0.0000000 0.0068878 0.0319925 0.0000000 0.0000000 0.4463024
  6 D   6 0.0488420 0.0256623 0.0346808 0.0664415 0.0000000 0.0203493 0.1934956 0.0000000 0.0076392 0.0077855 0.0483309 0.1272485 0.0033805 0.0074303 0.0051732 0.0392547 0.2822190 0.0000000 0.0026055 0.0794614
  7 I   7 0.0110971 0.0000000 0.0000000 0.0000000 0.0000000 0.0000000 0.0000000 0.0000000 0.0000000 0.3056644 0.2172696 0.0041634 0.0523333 0.0000000 0.0052083 0.0028304 0.0000000 0.0044874 0.0000000 0.3969461
  8 Q   8 0.0521159 0.0448124 0.0300010 0.0826472 0.0000000 0.0281458 0.1957138 0.1667809 0.0097677 0.0021005 0.0068084 0.0709489 0.0102029 0.0000000 0.0000000 0.0640784 0.1713014 0.0000000 0.0000000 0.0645749
  9 G   9 0.2561899 0.0000000 0.0000000 0.0000000 0.0000000 0.0068017 0.0139586 0.1328305 0.0000000 0.0069547 0.0480020 0.0000000 0.2471281 0.0000000 0.0325494 0.1270393 0.0815439 0.0000000 0.0028800 0.0441220
 10 N  10 0.0317604 0.0460832 0.1771336 0.1706082 0.0000000 0.0212581 0.0176621 0.1071423 0.0079962 0.0121261 0.0269709 0.0471900 0.0055784 0.0000000 0.0109866 0.0815720 0.1907206 0.0000000 0.0122363 0.0329748
 11 D  11 0.0150003 0.0070821 0.0357832 0.5914335 0.0000000 0.0138381 0.1415690 0.0819964 0.0030235 0.0000000 0.0035851 0.0082851 0.0000000 0.0000000 0.0672192 0.0176641 0.0135202 0.0000000 0.0000000 0.0000000
 12 Q  12 0.1518971 0.0036848 0.0859774 0.0994524 0.0000000 0.1245040 0.1070635 0.2149977 0.0073149 0.0091524 0.0052244 0.0469876 0.0215593 0.0095911 0.0054669 0.0527015 0.0517035 0.0000000 0.0027216 0.0000000
 13 M  13 0.0000000 0.0000000 0.0081466 0.0000000 0.0000000 0.0000000 0.0000000 0.0000000 0.0051850 0.0297656 0.2442423 0.0117485 0.5525688 0.0737819 0.0000000 0.0000000 0.0000000 0.0022859 0.0646908 0.0075845
 14 Q  14 0.1706045 0.1708854 0.0108058 0.0034335 0.0000000 0.1467192 0.0159807 0.0139124 0.0050484 0.0224935 0.0376706 0.1677953 0.0132213 0.0000000 0.0000000 0.0532707 0.0883782 0.0069091 0.0109855 0.0618857
 15 F  15 0.0000000 0.0000000 0.0000000 0.0000000 0.0000000 0.0000000 0.0000000 0.0000000 0.0000000 0.0071110 0.0084305 0.0000000 0.0038183 0.7670134 0.0000000 0.0000000 0.0000000 0.0000000 0.2136268 0.0000000
 16 N  16 0.0293088 0.0000000 0.1355526 0.2565795 0.0000000 0.0234401 0.1705670 0.0234609 0.0034656 0.0094832 0.0071819 0.0215128 0.0000000 0.0064603 0.0078690 0.1174367 0.1286529 0.0000000 0.0130703 0.0459582
 17 T  17 0.0044618 0.0052659 0.0000000 0.0000000 0.0000000 0.0520953 0.0169832 0.0026564 0.0000000 0.0207960 0.0533338 0.0752522 0.0069534 0.0064342 0.5683596 0.0094447 0.1289697 0.0000000 0.0068082 0.0421854
 18 N  18 0.1375537 0.0205157 0.0642556 0.1201462 0.0000000 0.0215290 0.0708939 0.0269224 0.0044697 0.0034502 0.0000000 0.2075954 0.0042908 0.0000000 0.0484382 0.1676704 0.0943524 0.0000000 0.0000000 0.0079164
 19 A  19 0.0747421 0.0933185 0.0330602 0.0417120 0.0000000 0.0491360 0.2519744 0.0033452 0.0247424 0.0050821 0.0094186 0.0510448 0.0000000 0.0000000 0.0107553 0.1358811 0.1837836 0.0000000 0.0085491 0.0234545
 20 I  20 0.0052436 0.0000000 0.0000000 0.0000000 0.0000000 0.0000000 0.0000000 0.0000000 0.0000000 0.4317129 0.2569726 0.0062851 0.0161178 0.1611665 0.0000000 0.0052914 0.0098843 0.0067105 0.0069802 0.0936351
 21 T  21 0.0362444 0.0332795 0.0228415 0.0534646 0.0000000 0.0757229 0.1566401 0.0053110 0.0161100 0.0294515 0.0063085 0.0880852 0.0052245 0.0044992 0.0056045 0.1100501 0.2916350 0.0000000 0.0030364 0.0564909
 22 V  22 0.0656602 0.0034247 0.0000000 0.0000000 0.0000000 0.0000000 0.0000000 0.0000000 0.0000000 0.2063066 0.0276491 0.0000000 0.0000000 0.0038109 0.0000000 0.0000000 0.0064894 0.0000000 0.0000000 0.6866592
 23 D  23 0.0768829 0.0215744 0.0754773 0.0543373 0.0084529 0.0080132 0.0762574 0.0125790 0.0083900 0.0217239 0.0163377 0.0428518 0.0106292 0.0677047 0.2697151 0.1284319 0.0613143 0.0000000 0.0000000 0.0393268
 24 K  24 0.1519047 0.0859389 0.0039832 0.0000000 0.0000000 0.0630843 0.0168266 0.0076641 0.0165289 0.0000000 0.0163290 0.5687202 0.0030768 0.0000000 0.0451178 0.0139097 0.0069158 0.0000000 0.0000000 0.0000000
 25 S  25 0.3412968 0.0407679 0.0000000 0.0475538 0.0000000 0.0656736 0.0685379 0.0424086 0.0000000 0.0000000 0.0057573 0.0074236 0.0000000 0.0000000 0.1600487 0.1512507 0.0442024 0.0000000 0.0000000 0.0250786
 26 C  26 0.0000000 0.0041658 0.0173390 0.0062873 0.1615732 0.0000000 0.0041545 0.7991108 0.0000000 0.0000000 0.0000000 0.0000000 0.0000000 0.0000000 0.0000000 0.0073694 0.0000000 0.0000000 0.0000000 0.0000000
 27 K  27 0.0751099 0.0082433 0.0024555 0.1493041 0.0000000 0.0994124 0.3510494 0.0000000 0.0000000 0.0000000 0.0000000 0.1669385 0.0044234 0.0000000 0.0096664 0.0377531 0.0730931 0.0118879 0.0000000 0.0106630
 28 Q  28 0.0302760 0.0648663 0.0123187 0.0147617 0.0000000 0.0764585 0.1388341 0.0018163 0.0044966 0.0102729 0.0048277 0.0743581 0.0000000 0.0000000 0.0620267 0.0294531 0.4332308 0.0000000 0.0050080 0.0369945
 29 F  29 0.0000000 0.0000000 0.0000000 0.0000000 0.0000000 0.0000000 0.0000000 0.0000000 0.0000000 0.1722569 0.0397248 0.0021387 0.0000000 0.1138584 0.0000000 0.0000000 0.0157341 0.0000000 0.0238647 0.6324224
 30 T  30 0.0224657 0.2479494 0.0168122 0.0124450 0.0000000 0.0345991 0.0620346 0.0000000 0.0268280 0.0161611 0.0094345 0.1578080 0.0049659 0.0038016 0.0000000 0.0185167 0.3323389 0.0000000 0.0000000 0.0338394
 31 V  31 0.0000000 0.0000000 0.0000000 0.0000000 0.0000000 0.0000000 0.0000000 0.0000000 0.0000000 0.1535190 0.2783762 0.0000000 0.0064563 0.2720878 0.0000000 0.0000000 0.0000000 0.0910391 0.0000000 0.1985216
 32 N  32 0.0274681 0.0449885 0.0524391 0.0231006 0.0000000 0.0095212 0.0643067 0.0000000 0.0259783 0.0527813 0.0182607 0.0496324 0.0066425 0.0134730 0.0000000 0.0178345 0.3043290 0.0000000 0.0078221 0.2814219
 33 L  33 0.0128035 0.0000000 0.0067256 0.0000000 0.0000000 0.0000000 0.0000000 0.0000000 0.0104863 0.0998550 0.3850933 0.0000000 0.0118105 0.2795659 0.0000000 0.0000000 0.0026188 0.0000000 0.0045202 0.1865210
 34 S  34 0.0184385 0.0937119 0.0960974 0.0326966 0.0000000 0.0162965 0.1213348 0.0000000 0.0127882 0.0684015 0.0040091 0.2513633 0.0019530 0.0000000 0.0025146 0.0102599 0.1614727 0.0000000 0.0066885 0.1019735
 35 H  35 0.0000000 0.0051041 0.7834176 0.0099438 0.0000000 0.0000000 0.0000000 0.0000000 0.1887840 0.0000000 0.0000000 0.0056421 0.0000000 0.0000000 0.0000000 0.0071084 0.0000000 0.0000000 0.0000000 0.0000000
 36 P  36 0.0917501 0.0214298 0.1242504 0.0563160 0.0000000 0.0244994 0.0643496 0.0129182 0.0014628 0.0289406 0.0451064 0.1053837 0.0073049 0.0000000 0.0492046 0.0918215 0.1878194 0.0000000 0.0047070 0.0827356
 37 G  37 0.0538015 0.0000000 0.0305804 0.1947113 0.0000000 0.0000000 0.0000000 0.6790836 0.0000000 0.0000000 0.0000000 0.0000000 0.0000000 0.0000000 0.0000000 0.0418231 0.0000000 0.0000000 0.0000000 0.0000000
 38 N  38 0.0478992 0.0422292 0.0556005 0.0709846 0.0000000 0.1231902 0.0813510 0.0385259 0.0044804 0.0000000 0.0000000 0.2817929 0.0046691 0.0385764 0.0037466 0.0929241 0.1038761 0.0000000 0.0051062 0.0050477
 39 L  39 0.0108917 0.0186705 0.0064905 0.0092392 0.0000000 0.0375944 0.0299735 0.0174750 0.0081942 0.0988153 0.3930660 0.0184381 0.0959808 0.0435817 0.0000000 0.0194848 0.0333633 0.0000000 0.0052433 0.1534976
 40 P  40 0.0708695 0.0342664 0.0262370 0.1226539 0.0000000 0.0069249 0.0597100 0.0332573 0.0000000 0.0040832 0.0578409 0.0640288 0.0114218 0.0092978 0.3896784 0.0505133 0.0154327 0.0000000 0.0000000 0.0437840
 41 K  41 0.1275534 0.0075565 0.0123206 0.0055375 0.0000000 0.0070963 0.0460684 0.0196386 0.2785114 0.0124011 0.0054930 0.3047784 0.0000000 0.0000000 0.0000000 0.0264589 0.0396392 0.0439310 0.0137326 0.0492832
 42 N  42 0.1087533 0.0191961 0.1283362 0.1178800 0.0000000 0.0430438 0.1910871 0.0155865 0.0029105 0.0000000 0.0117024 0.0578810 0.0135676 0.0089092 0.0062391 0.0817220 0.1378526 0.0000000 0.0496165 0.0057159
 43 V  43 0.1952097 0.0076806 0.0262964 0.0557115 0.0000000 0.0281431 0.0208058 0.1174930 0.0000000 0.0552036 0.0617894 0.0262418 0.0269038 0.0346714 0.0000000 0.1040039 0.0115527 0.0072244 0.0000000 0.2210689
 44 M  44 0.0730179 0.0000000 0.0050566 0.0049778 0.0000000 0.0186554 0.0242276 0.0179159 0.0000000 0.0228253 0.0444625 0.0000000 0.6524799 0.0210851 0.0027304 0.0032952 0.0408417 0.0000000 0.0074937 0.0609349
 45 G  45 0.0524487 0.0000000 0.0045145 0.0030537 0.0000000 0.0963482 0.1139235 0.3175729 0.0134306 0.0198732 0.0255966 0.0037520 0.0049053 0.0263385 0.2434420 0.0142486 0.0279179 0.0000000 0.0153957 0.0172381
 46 H  46 0.0029458 0.0000000 0.0000000 0.0000000 0.0000000 0.0145017 0.0086835 0.0057629 0.9382956 0.0042125 0.0000000 0.0039313 0.0000000 0.0000000 0.0000000 0.0000000 0.0000000 0.0000000 0.0216666 0.0000000
 47 N  47 0.0038900 0.0046247 0.5850257 0.0304688 0.0000000 0.0069133 0.2840762 0.0207539 0.0000000 0.0000000 0.0000000 0.0000000 0.0000000 0.0000000 0.0041971 0.0362131 0.0238373 0.0000000 0.0000000 0.0000000
 48 W  48 0.0237606 0.0000000 0.0000000 0.0100401 0.0038892 0.0030060 0.0055391 0.0243993 0.0000000 0.0910859 0.1719190 0.0000000 0.0683220 0.2685664 0.0028532 0.0032656 0.0000000 0.1439561 0.0022462 0.1771513
 49 V  49 0.0438638 0.0106185 0.0398122 0.0097452 0.0018007 0.0044846 0.0374168 0.0124839 0.0043152 0.0405666 0.0668843 0.0054426 0.0198627 0.0090831 0.0000000 0.0308525 0.0524887 0.0000000 0.0000000 0.6102786
 50 L  50 0.0060024 0.0000000 0.0000000 0.0000000 0.0000000 0.0035067 0.0000000 0.0000000 0.0000000 0.3239183 0.3518102 0.0031345 0.0370324 0.1012250 0.0043586 0.0115951 0.0061660 0.0000000 0.0000000 0.1512507
 51 S  51 0.0941869 0.0000000 0.0112874 0.0988883 0.0045229 0.0000000 0.0337694 0.2137541 0.0000000 0.0303616 0.0793650 0.0053029 0.0184507 0.0062515 0.0305658 0.0787265 0.1871571 0.0000000 0.0166246 0.0907854
 52 T  52 0.0461783 0.0387989 0.0584339 0.1004803 0.0000000 0.0366770 0.0589354 0.0141697 0.0021154 0.0050047 0.0263501 0.2762684 0.0021865 0.0000000 0.0431148 0.0721978 0.1960809 0.0041817 0.0000000 0.0188262
 53 A  53 0.0965068 0.0194660 0.0103170 0.0647596 0.0000000 0.0628778 0.0768468 0.0485426 0.0200611 0.0020843 0.0319615 0.1218971 0.0272482 0.0000000 0.1608173 0.0596229 0.1432446 0.0000000 0.0191935 0.0345528
 54 A  54 0.3098779 0.0000000 0.0106190 0.0941598 0.0036470 0.0150600 0.0955253 0.2952480 0.0068252 0.0000000 0.0036186 0.0573671 0.0000000 0.0000000 0.0281338 0.0640639 0.0094454 0.0000000 0.0037853 0.0026238
 55 D  55 0.0581750 0.0102662 0.0433157 0.2780477 0.0016418 0.0115187 0.1063695 0.0371137 0.0033501 0.0260673 0.0133577 0.0379330 0.0500293 0.0114508 0.0503391 0.1063676 0.1040253 0.0000000 0.0051284 0.0455031
 56 M  56 0.0794364 0.0295460 0.0615057 0.0891194 0.0000000 0.0305919 0.0649926 0.0192386 0.0441994 0.0448224 0.1410319 0.0337196 0.0692151 0.0775462 0.0813381 0.0274855 0.0195880 0.0019019 0.0349476 0.0497738
 57 Q  57 0.0945140 0.0288624 0.0461205 0.1445678 0.0000000 0.1291552 0.0938564 0.0167810 0.0327922 0.0158767 0.0875373 0.0703508 0.0295663 0.0252964 0.0211701 0.0493741 0.0139051 0.0000000 0.0322338 0.0680400
 58 G  58 0.2463881 0.0292697 0.0166265 0.0285539 0.0000000 0.0398654 0.1985520 0.1294770 0.0030916 0.0097506 0.0036519 0.0726604 0.0131148 0.0056878 0.0703507 0.0449433 0.0467028 0.0036263 0.0079402 0.0297471
 59 V  59 0.0965710 0.0000000 0.0207719 0.0064396 0.0000000 0.0107376 0.0145947 0.0054026 0.2336856 0.1131444 0.0368571 0.0034199 0.0186977 0.0441442 0.0000000 0.0454064 0.0287629 0.0000000 0.0184798 0.3028845
 60 V  60 0.2634103 0.0069608 0.0279743 0.0626301 0.0037802 0.0265749 0.0117459 0.1450535 0.0079055 0.0436963 0.0693070 0.0469473 0.0408108 0.0642487 0.0060914 0.0636499 0.0138587 0.0069153 0.0300759 0.0583632
 61 T  61 0.1703859 0.0259515 0.0699299 0.0632221 0.0024991 0.0565898 0.1193798 0.0681351 0.0127874 0.0209812 0.0196856 0.0848564 0.0335176 0.0204430 0.0279406 0.0498128 0.1022439 0.0094155 0.0084342 0.0337885
 62 D  62 0.1492573 0.0151620 0.0367665 0.2367503 0.0000000 0.0464267 0.1454430 0.0286613 0.0506824 0.0050064 0.0364058 0.0534001 0.0599981 0.0260308 0.0243573 0.0353883 0.0409960 0.0000000 0.0068957 0.0023723
 63 G  63 0.2088864 0.0039996 0.0128755 0.0300328 0.0000000 0.0093233 0.0806426 0.3186353 0.0127468 0.0047161 0.0198573 0.0655472 0.1465062 0.0000000 0.0047267 0.0298758 0.0040489 0.0000000 0.0045501 0.0430296
 64 M  64 0.1751131 0.0150643 0.0149661 0.0259912 0.0000000 0.0373451 0.0194276 0.0448716 0.0000000 0.0751838 0.1005043 0.0197739 0.3128673 0.0113130 0.0070678 0.0260067 0.0190347 0.0000000 0.0108092 0.0846602
 65 A  65 0.1579623 0.0613456 0.0271905 0.0085745 0.0000000 0.0387242 0.1043450 0.0639003 0.0175828 0.0217998 0.0327344 0.1473591 0.0546077 0.0026592 0.0695585 0.1368614 0.0265738 0.0102397 0.0000000 0.0179813
 66 S  66 0.3058698 0.0167084 0.0195703 0.0457632 0.0000000 0.0605626 0.0276690 0.0437313 0.0098183 0.0000000 0.0313215 0.1464535 0.1613346 0.0099845 0.0166486 0.0636384 0.0231321 0.0000000 0.0077839 0.0100099
 67 G  67 0.1248095 0.0165692 0.0345685 0.0328693 0.0000000 0.0186648 0.0081305 0.4779192 0.0243703 0.0047603 0.0000000 0.0179061 0.0793491 0.0770242 0.0000000 0.0322076 0.0202897 0.0053629 0.0151431 0.0100558
 68 L  68 0.1800427 0.0103686 0.0164104 0.0174595 0.0000000 0.0083429 0.0422376 0.0101516 0.0064394 0.0547376 0.1016606 0.0737249 0.0914110 0.0251845 0.2130925 0.0242714 0.0292539 0.0000000 0.0044721 0.0907386
 69 D  69 0.1604270 0.0194032 0.0335883 0.2880317 0.0000000 0.0079985 0.1851558 0.0511038 0.0467651 0.0094916 0.0132588 0.0511199 0.0234942 0.0065229 0.0157914 0.0574839 0.0184560 0.0000000 0.0070545 0.0048534
 70 K  70 0.0414669 0.0402986 0.1178227 0.0506412 0.0025996 0.0263054 0.0334356 0.0332481 0.0796493 0.0061891 0.0438566 0.1352129 0.1975923 0.0000000 0.0687226 0.0353712 0.0477616 0.0040250 0.0071775 0.0286237
 71 D  71 0.0571658 0.0128116 0.1785268 0.2096293 0.0000000 0.0485458 0.1730619 0.1312014 0.0260589 0.0067378 0.0167155 0.0039046 0.0111846 0.0030857 0.0238157 0.0789798 0.0085517 0.0000000 0.0000000 0.0100231
 72 Y  72 0.0079569 0.0072958 0.0097770 0.0075120 0.0000000 0.0250027 0.0286347 0.0217703 0.1396623 0.0058778 0.0115910 0.0322958 0.0890942 0.1161593 0.0000000 0.0185859 0.0055977 0.0293083 0.4352182 0.0086599
 73 L  73 0.0425411 0.0139688 0.0161117 0.0682714 0.0000000 0.0232740 0.0336643 0.0127954 0.0000000 0.1904475 0.1556539 0.0249447 0.0536060 0.0085424 0.0219295 0.0244161 0.0381842 0.0000000 0.0075848 0.2640642
 74 K  74 0.0243007 0.0019175 0.0592179 0.1391188 0.0000000 0.0209964 0.0523442 0.0404863 0.1251450 0.0062135 0.0132864 0.1680675 0.0032922 0.0062566 0.2361129 0.0685657 0.0170362 0.0000000 0.0149445 0.0026977
 75 P  75 0.1129029 0.0096529 0.0227002 0.1030505 0.0000000 0.0165501 0.0934284 0.0265132 0.0486084 0.0000000 0.0000000 0.0608505 0.0245560 0.0000000 0.4070015 0.0277951 0.0204406 0.0000000 0.0000000 0.0259494
 76 D  76 0.0582151 0.0134011 0.1410196 0.1842499 0.0000000 0.0231432 0.1252755 0.1872887 0.0142902 0.0113021 0.0116960 0.0449188 0.0044165 0.0092183 0.0153850 0.0778972 0.0494787 0.0000000 0.0048841 0.0239200
 77 D  77 0.0637722 0.0128642 0.0466134 0.3254860 0.0000000 0.0223580 0.0418260 0.0658893 0.0267045 0.0459451 0.0252021 0.0467121 0.0519643 0.0047297 0.0757702 0.1029528 0.0284596 0.0000000 0.0018744 0.0108762
 78 S  78 0.1395835 0.0150053 0.0714065 0.0360046 0.0000000 0.0127706 0.1346467 0.0697750 0.0096846 0.0481230 0.0309029 0.0790183 0.0212482 0.0065801 0.1191272 0.0655183 0.0747162 0.0000000 0.0235921 0.0422968
 79 R  79 0.0654539 0.2776369 0.0951386 0.1447464 0.0000000 0.0342840 0.0763407 0.0211510 0.0493253 0.0000000 0.0135246 0.0388994 0.0173720 0.0096677 0.0467428 0.0884394 0.0056086 0.0000000 0.0076544 0.0080143
 80 V  80 0.0873222 0.0090903 0.0211692 0.0167343 0.0000000 0.0097026 0.0368931 0.0000000 0.0111218 0.2044980 0.0511143 0.0254710 0.0199714 0.0161228 0.0088474 0.0113880 0.0118752 0.0229333 0.0250621 0.4106829
 81 I  81 0.0250185 0.0166813 0.0073002 0.0093951 0.0000000 0.0000000 0.0295422 0.0239984 0.0135575 0.3208235 0.3496706 0.0024714 0.0846877 0.0045913 0.0071512 0.0085060 0.0109677 0.0000000 0.0268813 0.0587560
 82 A  82 0.5557611 0.0092364 0.0317865 0.0272331 0.0033275 0.0000000 0.0135325 0.0645922 0.0091919 0.0124564 0.0093104 0.0050746 0.0045093 0.0547363 0.0205414 0.0609773 0.0060955 0.0260747 0.0348757 0.0506872
 83 H  83 0.1596762 0.0054591 0.0645924 0.0000000 0.0000000 0.0068956 0.0431157 0.0273867 0.4880695 0.0000000 0.0039971 0.0239545 0.0047502 0.0186427 0.0000000 0.0804712 0.0096800 0.0176837 0.0294697 0.0161558
 84 T  84 0.0397614 0.0000000 0.0051041 0.0195697 0.0000000 0.0000000 0.0373616 0.0225061 0.0000000 0.0279109 0.0299538 0.0271393 0.0354966 0.0000000 0.0169336 0.1563784 0.5228956 0.0000000 0.0113715 0.0476173
 85 K  85 0.0874907 0.0360829 0.0348219 0.0839796 0.0000000 0.0232333 0.0524373 0.0636521 0.0216445 0.0241582 0.0467162 0.2594593 0.0077117 0.0000000 0.1319031 0.0402888 0.0251946 0.0000000 0.0000000 0.0612258
 86 L  86 0.0183821 0.0133988 0.0024497 0.0330484 0.0000000 0.0190466 0.0390727 0.0051843 0.0132615 0.1153574 0.3588677 0.0121521 0.1069405 0.0055507 0.0318227 0.0319551 0.0751393 0.0031269 0.0000000 0.1152434
 87 I  87 0.0356977 0.0000000 0.0114050 0.0060587 0.0000000 0.0000000 0.0046439 0.0154164 0.0000000 0.2605592 0.3519774 0.0000000 0.0045381 0.0080496 0.0078955 0.0106969 0.0194884 0.0000000 0.0110406 0.2525326
 88 G  88 0.1576546 0.0067433 0.0944941 0.0521606 0.0000000 0.0608490 0.1231289 0.2842385 0.0138353 0.0053350 0.0000000 0.0438206 0.0076795 0.0032301 0.0313934 0.0800772 0.0227165 0.0000000 0.0126436 0.0000000
 89 S  89 0.0605614 0.0104550 0.0067272 0.0103158 0.0000000 0.0252654 0.0345184 0.2246092 0.0028717 0.0032328 0.0041396 0.0094176 0.0000000 0.0027127 0.5464961 0.0408074 0.0178698 0.0000000 0.0000000 0.0000000
 90 G  90 0.0117436 0.0120001 0.0327002 0.0106529 0.0000000 0.0250227 0.0209972 0.8281840 0.0038573 0.0000000 0.0000000 0.0223228 0.0000000 0.0000000 0.0151341 0.0173849 0.0000000 0.0000000 0.0000000 0.0000000
 91 E  91 0.0670456 0.0152785 0.0107101 0.0267029 0.0000000 0.1892178 0.4344230 0.0294648 0.0127705 0.0000000 0.0000000 0.1364544 0.0130210 0.0040630 0.0000000 0.0272155 0.0223355 0.0000000 0.0090651 0.0022323
 92 K  92 0.0227145 0.0645548 0.0126528 0.0137850 0.0000000 0.0454736 0.0857854 0.0014390 0.0115074 0.0056106 0.0024207 0.0865383 0.0080971 0.0154181 0.0000000 0.3245703 0.2865139 0.0000000 0.0000000 0.0129187
 93 D  93 0.1214846 0.0277388 0.0117229 0.1101949 0.0000000 0.0210725 0.0836870 0.1731761 0.0040868 0.0062689 0.0132641 0.0618569 0.0024698 0.0495247 0.0000000 0.0274444 0.1126046 0.0121907 0.1161935 0.0450185
 94 S  94 0.0295444 0.0344077 0.0086495 0.0393199 0.0000000 0.0149530 0.2764129 0.0140093 0.0063183 0.0083768 0.0000000 0.0233182 0.0000000 0.0000000 0.0000000 0.2572011 0.2566962 0.0059297 0.0105111 0.0143520
 95 V  95 0.0070649 0.0000000 0.0043495 0.0000000 0.0000000 0.0057316 0.0123595 0.0129511 0.0349290 0.2840588 0.1932172 0.0000000 0.0147017 0.0312341 0.0000000 0.0215682 0.0352362 0.0081285 0.0363570 0.2981126
 96 T  96 0.0212960 0.0309069 0.0062991 0.0329138 0.0000000 0.0162955 0.0923302 0.0000000 0.0036564 0.0251367 0.0043575 0.0435578 0.0000000 0.0000000 0.0000000 0.0822602 0.5761522 0.0000000 0.0294986 0.0353390
 97 F  97 0.0000000 0.0000000 0.0000000 0.0000000 0.0000000 0.0000000 0.0000000 0.0061102 0.0058114 0.0256828 0.0681649 0.0000000 0.0038906 0.7561478 0.0000000 0.0034561 0.0000000 0.0738958 0.0130143 0.0438262
 98 D  98 0.0145930 0.0146272 0.0272521 0.1418936 0.0000000 0.0096697 0.0498575 0.0090201 0.0000000 0.0427698 0.0049166 0.1470407 0.0183475 0.0000000 0.0552670 0.0700415 0.3687286 0.0000000 0.0085488 0.0174263
 99 V  99 0.2860083 0.0000000 0.0000000 0.0000000 0.0000000 0.0000000 0.0000000 0.0055916 0.0000000 0.1129999 0.0561631 0.0000000 0.0027434 0.0365019 0.0437852 0.0034845 0.1312680 0.0000000 0.0041105 0.3173435
100 S 100 0.0357730 0.0084276 0.0110904 0.0263538 0.0000000 0.0076295 0.0449659 0.0045766 0.0000000 0.0101916 0.0000000 0.0177452 0.0000000 0.0000000 0.3957687 0.1444907 0.0135685 0.2794187 0.0000000 0.0000000
101 K 101 0.1139025 0.0790035 0.0413605 0.0273959 0.0000000 0.0848285 0.0311350 0.0415331 0.0483038 0.0117809 0.0200200 0.2761971 0.0056017 0.0000000 0.0000000 0.0462002 0.1278843 0.0051619 0.0000000 0.0396913
102 L 102 0.0045166 0.0051010 0.0209804 0.0262369 0.0038298 0.0000000 0.0151192 0.0000000 0.0041103 0.0101738 0.2977391 0.0120965 0.0458814 0.4240251 0.0184079 0.0208515 0.0647924 0.0066528 0.0000000 0.0194852
103 K 103 0.1291623 0.0188758 0.0770474 0.1170186 0.0000000 0.0128382 0.0703975 0.0322410 0.0000000 0.0186553 0.0361711 0.0607382 0.0000000 0.0030201 0.0153272 0.1325474 0.2662152 0.0000000 0.0000000 0.0097446
104 E 104 0.2080469 0.0616404 0.0431322 0.0324456 0.0000000 0.0896454 0.2070302 0.0000000 0.0062524 0.0000000 0.0026625 0.2270883 0.0000000 0.0000000 0.0404917 0.0199412 0.0478812 0.0000000 0.0110294 0.0027126
105 G 105 0.2580821 0.0080332 0.0184056 0.0376213 0.0000000 0.0034488 0.0321282 0.1175689 0.0063186 0.0076689 0.0000000 0.0730102 0.0021833 0.0000000 0.3250328 0.0666643 0.0319620 0.0000000 0.0000000 0.0118717
106 E 106 0.0075884 0.0017981 0.0073611 0.0131497 0.0000000 0.0109794 0.0524295 0.8401976 0.0000000 0.0000000 0.0000000 0.0082060 0.0000000 0.0042461 0.0000000 0.0055280 0.0429644 0.0000000 0.0000000 0.0055518
107 Q 107 0.0456678 0.0537576 0.0591523 0.1485377 0.0000000 0.0276161 0.1538380 0.0103128 0.0100970 0.0210708 0.0077902 0.0238040 0.0044521 0.0024924 0.0070433 0.0739064 0.2827547 0.0000000 0.0091415 0.0585656
108 Y 108 0.0024926 0.0000000 0.0000000 0.0017761 0.0000000 0.0000000 0.0000000 0.0000000 0.0125320 0.0271759 0.0531628 0.0000000 0.0000000 0.1530961 0.0075608 0.0000000 0.0000000 0.0038627 0.6847135 0.0536275
109 M 109 0.0445793 0.0275444 0.0248080 0.0970338 0.0000000 0.0355361 0.2227302 0.0412090 0.0106514 0.0144085 0.0181855 0.0368010 0.0074707 0.0145590 0.0904180 0.0730735 0.0998700 0.0596097 0.0393341 0.0421780
110 F 110 0.0126870 0.0000000 0.0000000 0.0000000 0.0048570 0.0000000 0.0000000 0.0000000 0.0000000 0.0292002 0.0324719 0.0000000 0.0081772 0.5535272 0.0000000 0.0000000 0.0000000 0.0000000 0.3363232 0.0227564
111 F 111 0.2329407 0.0188315 0.0026379 0.0000000 0.0073665 0.0000000 0.0074863 0.0136132 0.0271066 0.1116709 0.0652866 0.0000000 0.0000000 0.1557027 0.0000000 0.0182878 0.0000000 0.0159171 0.2076478 0.1155046
112 C 112 0.0000000 0.0000000 0.0000000 0.0000000 1.0000000 0.0000000 0.0000000 0.0000000 0.0000000 0.0000000 0.0000000 0.0000000 0.0000000 0.0000000 0.0000000 0.0000000 0.0000000 0.0000000 0.0000000 0.0000000
113 T 113 0.0443116 0.0113885 0.0900727 0.0247913 0.0000000 0.0185278 0.0588857 0.0237177 0.0087688 0.0030603 0.1639440 0.0025535 0.0000000 0.0046855 0.0175680 0.2425834 0.2774720 0.0000000 0.0076694 0.0000000
114 F 114 0.0072070 0.0025942 0.0000000 0.0000000 0.0000000 0.0123159 0.0123186 0.0000000 0.0081264 0.2711790 0.0438065 0.0118326 0.0204791 0.3065435 0.0000000 0.0000000 0.0090884 0.0139880 0.0867852 0.1937356
115 P 115 0.0476578 0.0000000 0.0000000 0.0052210 0.0000000 0.0032061 0.0097029 0.0115838 0.0027595 0.0000000 0.0022146 0.0064892 0.0000000 0.0194505 0.8860184 0.0000000 0.0056963 0.0000000 0.0000000 0.0000000
116 G 116 0.0202536 0.0119959 0.0205328 0.0146612 0.0193034 0.0063732 0.0043147 0.7211608 0.1556776 0.0000000 0.0000000 0.0000000 0.0000000 0.0078450 0.0027386 0.0053265 0.0048610 0.0049557 0.0000000 0.0000000
117 H 117 0.0096904 0.0472708 0.0000000 0.0000000 0.0000000 0.0513777 0.0278389 0.0000000 0.8485402 0.0000000 0.0000000 0.0117150 0.0000000 0.0000000 0.0000000 0.0000000 0.0000000 0.0000000 0.0000000 0.0035671
118 S 118 0.1342718 0.0170529 0.0029434 0.0000000 0.0000000 0.0201137 0.1021060 0.1380715 0.0142849 0.0177517 0.0114354 0.0137044 0.0099215 0.0684240 0.0096907 0.0817536 0.0108726 0.0886835 0.2419785 0.0169399
119 A 119 0.5179950 0.0288060 0.0224479 0.0000000 0.0000000 0.0773508 0.0209194 0.0295948 0.0000000 0.0034254 0.0330467 0.0371093 0.0431709 0.0198261 0.0190353 0.1054399 0.0220761 0.0000000 0.0159706 0.0037858
120 L 120 0.0063185 0.0082730 0.0046035 0.0000000 0.0000000 0.0094177 0.0224932 0.6372909 0.0127196 0.0729718 0.0673913 0.0054809 0.0641665 0.0085158 0.0085455 0.0125371 0.0144176 0.0000000 0.0000000 0.0448572
121 M 121 0.0000000 0.0000000 0.0000000 0.0000000 0.0000000 0.0077253 0.0000000 0.0000000 0.0000000 0.0000000 0.0000000 0.0000000 0.9922747 0.0000000 0.0000000 0.0000000 0.0000000 0.0000000 0.0000000 0.0000000
122 K 122 0.0290789 0.0992924 0.0404851 0.0053767 0.0000000 0.0807679 0.0156407 0.0000000 0.0516500 0.0452375 0.0044523 0.2260983 0.0000000 0.0306578 0.0000000 0.0077849 0.0467856 0.0237910 0.0808608 0.2120401
123 G 123 0.0195613 0.0096868 0.0000000 0.0039787 0.0000000 0.0000000 0.0058525 0.9360345 0.0000000 0.0039897 0.0000000 0.0000000 0.0000000 0.0000000 0.0000000 0.0082123 0.0126842 0.0000000 0.0000000 0.0000000
124 T 124 0.0551612 0.0470388 0.0080884 0.0361091 0.0000000 0.0359953 0.0733327 0.0034077 0.0167630 0.0291359 0.0230825 0.2462594 0.0115497 0.0082109 0.0157250 0.0385882 0.2590140 0.0000000 0.0073272 0.0852112
125 L 125 0.0050874 0.0000000 0.0000000 0.0000000 0.0000000 0.0000000 0.0000000 0.0000000 0.0000000 0.2633089 0.2852428 0.0000000 0.0814883 0.1072921 0.0000000 0.0000000 0.0000000 0.0000000 0.0000000 0.2575806
126 T 126 0.0235436 0.0305682 0.0221352 0.0018406 0.0000000 0.0180462 0.0310642 0.0015122 0.0043924 0.1988181 0.0303612 0.1278378 0.0097168 0.0093633 0.0000000 0.0261324 0.2702461 0.0000000 0.0230504 0.1713713
127 L 127 0.0101330 0.0000000 0.0000000 0.0000000 0.0000000 0.0000000 0.0000000 0.0000000 0.0000000 0.0543609 0.1027700 0.0000000 0.0000000 0.0222350 0.0000000 0.0000000 0.0000000 0.0000000 0.0000000 0.8105011
128 K 128 0.0000000 0.0763665 0.0000000 0.0000000 0.0000000 0.1287618 0.4540219 0.0000000 0.0000000 0.0000000 0.0000000 0.3408498 0.0000000 0.0000000 0.0000000 0.0000000 0.0000000 0.0000000 0.0000000 0.0000000
