   64         A         R         N         D         C         Q         E         G         H         I         L         K         M         F         P         S         T         W         Y         V         X    
  1 M   1 0.0000000 0.0000000 0.0000000 0.0000000 0.0000000 0.0000000 0.0000000 0.0000000 0.0000000 0.0162020 0.0692636 0.0000000 0.0595058 0.0000000 0.0000000 0.0000000 0.0465858 0.0000000 0.0000000 0.0301561 0.7782867
  2 K   2 0.0000000 0.0669868 0.0000000 0.0000000 0.0000000 0.0253281 0.0000000 0.0000000 0.0000000 0.0000000 0.0000000 0.7536856 0.0000000 0.0000000 0.0000000 0.0000000 0.0000000 0.0000000 0.0000000 0.0000000 0.1539994
  3 T   3 0.0075627 0.0359519 0.0377931 0.0241064 0.0000000 0.1203140 0.0179590 0.0000000 0.0000000 0.0000000 0.0209310 0.0219217 0.0153311 0.0029916 0.0000000 0.2437134 0.2778484 0.0000000 0.0081127 0.0307439 0.1347193
  4 E   4 0.0572029 0.0375114 0.0250732 0.0091214 0.0060813 0.0098019 0.1066392 0.0000000 0.0081335 0.0000000 0.0000000 0.0059272 0.0048442 0.0057985 0.0097134 0.5542525 0.0613795 0.0000000 0.0000000 0.0000000 0.0985200
  5 W   5 0.0000000 0.0000000 0.0000000 0.0000000 0.0000000 0.0000000 0.0000000 0.0000000 0.0000000 0.0000000 0.0000000 0.0000000 0.0000000 0.0163172 0.0000000 0.0000000 0.0000000 0.9427842 0.0000000 0.0000000 0.0408986
  6 P   6 0.0201749 0.0000000 0.0000000 0.0000000 0.0000000 0.0000000 0.0000000 0.0000000 0.0000000 0.0000000 0.0000000 0.0141667 0.0000000 0.0000000 0.9042581 0.0205017 0.0000000 0.0000000 0.0000000 0.0000000 0.0408986
  7 E   7 0.0000000 0.0000000 0.0087861 0.0414405 0.0000000 0.0172924 0.8769253 0.0090891 0.0055680 0.0000000 0.0000000 0.0000000 0.0000000 0.0000000 0.0000000 0.0000000 0.0000000 0.0000000 0.0000000 0.0000000 0.0408986
  8 L   8 0.0090518 0.0000000 0.0000000 0.0000000 0.0324496 0.0000000 0.0000000 0.0000000 0.0000000 0.0087861 0.6698529 0.0000000 0.0436201 0.0060813 0.0000000 0.0000000 0.0000000 0.0000000 0.0000000 0.1981862 0.0319719
  9 V   9 0.0227230 0.0044642 0.0091214 0.0000000 0.0047016 0.0081335 0.0037747 0.0000000 0.0000000 0.0638271 0.0895787 0.0374108 0.0000000 0.0000000 0.0000000 0.0000000 0.0180251 0.0000000 0.0000000 0.7062680 0.0319719
 10 G  10 0.0000000 0.0065886 0.0000000 0.0000000 0.0052323 0.0000000 0.0000000 0.9432933 0.0000000 0.0000000 0.0000000 0.0000000 0.0000000 0.0000000 0.0000000 0.0129139 0.0000000 0.0000000 0.0000000 0.0000000 0.0319719
 11 K  11 0.0561307 0.0270604 0.0047766 0.0000000 0.0176208 0.0000000 0.0468983 0.0000000 0.0000000 0.0264241 0.0968897 0.2097381 0.0603031 0.0087861 0.0000000 0.0302193 0.0836951 0.0740959 0.0000000 0.2253900 0.0319719
 12 S  12 0.0082782 0.0412082 0.1034830 0.0915271 0.0098491 0.0356706 0.0203446 0.0055680 0.0450482 0.0000000 0.0227846 0.0387244 0.0124722 0.0074926 0.1657278 0.1679778 0.1545606 0.0000000 0.0142880 0.0230233 0.0319719
 13 V  13 0.2738799 0.0111614 0.0000000 0.0000000 0.0148300 0.0123319 0.0163693 0.2804922 0.0000000 0.0735510 0.0092958 0.0035617 0.0510153 0.0197964 0.0000000 0.0079768 0.0439990 0.0000000 0.0374665 0.1123010 0.0319719
 14 E  14 0.0176608 0.0253371 0.0075277 0.0925282 0.0000000 0.0220230 0.3554344 0.0072896 0.0111614 0.0047664 0.0828996 0.1100622 0.0167940 0.0258255 0.0138782 0.0282372 0.0800954 0.0000000 0.0076994 0.0588080 0.0319719
 15 E  15 0.0844958 0.0000000 0.0230233 0.0687971 0.0033896 0.0531534 0.3485106 0.0000000 0.0275048 0.0097036 0.0869156 0.0396030 0.0044675 0.0114052 0.0199597 0.0070806 0.0218946 0.0000000 0.0587978 0.0993258 0.0319719
 16 A  16 0.9188902 0.0000000 0.0000000 0.0000000 0.0103909 0.0000000 0.0000000 0.0148300 0.0000000 0.0000000 0.0000000 0.0000000 0.0000000 0.0000000 0.0000000 0.0000000 0.0000000 0.0000000 0.0000000 0.0239170 0.0319719
 17 K  17 0.2040966 0.0658572 0.0000000 0.0000000 0.0000000 0.0000000 0.0819635 0.0109634 0.0000000 0.0269058 0.0000000 0.3564192 0.0474489 0.0000000 0.0000000 0.0108865 0.0236042 0.0000000 0.0123319 0.1275509 0.0319719
 18 K  18 0.2022074 0.0581848 0.0148300 0.0214961 0.0000000 0.0473786 0.1672689 0.0341193 0.0078319 0.0087861 0.0289836 0.1551771 0.0278389 0.0410520 0.0338731 0.0165800 0.0796414 0.0000000 0.0000000 0.0146234 0.0401275
 19 V  19 0.0366387 0.0208868 0.0000000 0.0000000 0.0000000 0.0520863 0.0000000 0.0000000 0.0055954 0.2601159 0.0231313 0.1630605 0.0141667 0.0000000 0.0000000 0.0275409 0.1669903 0.0103909 0.0163172 0.1711071 0.0319719
 20 I  20 0.0000000 0.0000000 0.0000000 0.0000000 0.0000000 0.0000000 0.0000000 0.0000000 0.0000000 0.9086204 0.0129139 0.0000000 0.0000000 0.0210137 0.0000000 0.0000000 0.0000000 0.0000000 0.0000000 0.0214303 0.0360216
 21 L  21 0.0283650 0.0107605 0.0331663 0.0157935 0.0000000 0.0606182 0.2727808 0.0094678 0.0136105 0.0121669 0.1878575 0.2127669 0.0378485 0.0000000 0.0000000 0.0182965 0.0369171 0.0109634 0.0000000 0.0066486 0.0319719
 22 Q  22 0.0775417 0.2059595 0.0121069 0.0330476 0.0030100 0.0521506 0.0924498 0.0388597 0.0602101 0.0065298 0.0163172 0.2194284 0.0000000 0.0109634 0.0000000 0.1032631 0.0361903 0.0000000 0.0000000 0.0000000 0.0319719
 23 D  23 0.0141667 0.0000000 0.0000000 0.3995434 0.0000000 0.0194556 0.4949823 0.0000000 0.0163172 0.0000000 0.0000000 0.0000000 0.0000000 0.0000000 0.0000000 0.0097134 0.0000000 0.0000000 0.0000000 0.0000000 0.0458214
 24 K  24 0.0000000 0.2662284 0.3604268 0.0194427 0.0192615 0.0000000 0.0000000 0.0048212 0.0000000 0.0034685 0.0066296 0.1106907 0.1016612 0.0000000 0.0000000 0.0000000 0.0129139 0.0000000 0.0486340 0.0000000 0.0458214
 25 P  25 0.0309667 0.0325522 0.0073005 0.0043263 0.0000000 0.0198554 0.0299742 0.0037911 0.0078915 0.0000000 0.0387506 0.0072837 0.0058245 0.0000000 0.6449268 0.0790265 0.0248827 0.0000000 0.0000000 0.0039117 0.0587354
 26 E  26 0.0125525 0.0394907 0.1064712 0.3288212 0.0025795 0.0286491 0.0798566 0.1108645 0.0158040 0.0136588 0.0682508 0.0605391 0.0000000 0.0038653 0.0000000 0.0492156 0.0082320 0.0000000 0.0253276 0.0000000 0.0458214
 27 A  27 0.1771228 0.0066296 0.0000000 0.0000000 0.0169503 0.0000000 0.0000000 0.0203061 0.0000000 0.0591039 0.1345690 0.0000000 0.0048120 0.0059566 0.0000000 0.0111614 0.0000000 0.0000000 0.0163172 0.5012496 0.0458214
 28 Q  28 0.0383816 0.0812309 0.1655794 0.1599826 0.0000000 0.0839111 0.0774216 0.0065512 0.0437188 0.0211757 0.0174098 0.0856019 0.0090518 0.0056304 0.0000000 0.0427996 0.1043414 0.0000000 0.0046394 0.0387231 0.0138495
 29 I  29 0.1843216 0.0000000 0.0123319 0.0000000 0.0000000 0.0000000 0.0000000 0.0058245 0.0099152 0.3190851 0.0138435 0.0000000 0.0000000 0.0101427 0.0067979 0.0076994 0.0343389 0.0000000 0.0000000 0.3818497 0.0138495
 30 I  30 0.0344057 0.0351860 0.0160548 0.0258382 0.0000000 0.1369145 0.1735410 0.0061706 0.0135711 0.1704225 0.0308185 0.0514641 0.0000000 0.0223358 0.0212333 0.0059745 0.0265484 0.0000000 0.0359399 0.1797314 0.0138495
 31 V  31 0.0053391 0.0000000 0.0000000 0.0000000 0.0000000 0.0000000 0.0000000 0.0000000 0.0098811 0.2317837 0.0741268 0.0141667 0.0125439 0.0826408 0.0033911 0.0067254 0.0520873 0.0000000 0.0316197 0.4618449 0.0138495
 32 L  32 0.0000000 0.0070692 0.0000000 0.0000000 0.0048662 0.0062858 0.0000000 0.0241271 0.0337335 0.1132946 0.4173292 0.0076994 0.0210881 0.0226427 0.0000000 0.0114043 0.0099152 0.0067979 0.0439495 0.2559475 0.0138495
 33 P  33 0.0250484 0.0352026 0.0000000 0.0000000 0.0000000 0.0139963 0.0149341 0.0192578 0.0137113 0.0000000 0.1649087 0.0700683 0.0071376 0.0240556 0.5006043 0.0426500 0.0292024 0.0000000 0.0000000 0.0156599 0.0235629
 34 V  34 0.0663147 0.0121527 0.0846594 0.0766497 0.0000000 0.0411390 0.2475775 0.0000000 0.0079706 0.0192574 0.0435937 0.0684622 0.0030512 0.0036491 0.1057074 0.0048442 0.0121773 0.0071976 0.0081127 0.1563731 0.0311106
 35 G  35 0.0062847 0.0169966 0.0359860 0.1416403 0.0000000 0.0062738 0.0082782 0.6851367 0.0062858 0.0000000 0.0119354 0.0000000 0.0000000 0.0000000 0.0000000 0.0242959 0.0275052 0.0000000 0.0000000 0.0000000 0.0293815
 36 T  36 0.0924425 0.0092971 0.0304689 0.0481381 0.0232888 0.0067979 0.0151933 0.0100128 0.0096596 0.0000000 0.0045133 0.0000000 0.0384208 0.0148300 0.0099152 0.4155015 0.1779593 0.0000000 0.0189832 0.0375816 0.0369962
 37 I  37 0.0935880 0.0191783 0.0052351 0.0092318 0.0039613 0.0205388 0.0000000 0.0196236 0.0000000 0.0669909 0.0170470 0.0298924 0.1043133 0.0637085 0.3045935 0.0501288 0.0343291 0.0058892 0.0308856 0.0759772 0.0448877
 38 V  38 0.0309579 0.0181849 0.0000000 0.0000000 0.0000000 0.0198554 0.0056304 0.0000000 0.0148300 0.0532850 0.0659691 0.0165867 0.0514279 0.0495983 0.0305919 0.0111614 0.0117382 0.0082782 0.0000000 0.5551173 0.0567875
 39 T  39 0.0254486 0.0000000 0.0000000 0.0000000 0.0000000 0.0000000 0.0000000 0.0123319 0.0038459 0.0564297 0.0273055 0.0000000 0.0000000 0.0000000 0.1846675 0.0455903 0.5884039 0.0000000 0.0062738 0.0067647 0.0429379
 40 M  40 0.1160912 0.0623993 0.0000000 0.0532604 0.0059566 0.0563069 0.0436571 0.0210109 0.0093935 0.0000000 0.0880251 0.0811129 0.1355541 0.0150281 0.1320738 0.0184496 0.1035299 0.0000000 0.0152125 0.0000000 0.0429379
 41 E  41 0.0082782 0.0000000 0.0475411 0.6571014 0.0000000 0.0000000 0.1004464 0.0867476 0.0000000 0.0201710 0.0000000 0.0071976 0.0000000 0.0000000 0.0000000 0.0000000 0.0000000 0.0000000 0.0000000 0.0295788 0.0429379
 42 Y  42 0.0040115 0.0000000 0.0244804 0.0000000 0.0058892 0.0000000 0.0047016 0.0000000 0.0275307 0.0320230 0.1110806 0.0000000 0.0141667 0.4851828 0.0000000 0.0000000 0.0092971 0.0061911 0.2175072 0.0171992 0.0407387
 43 R  43 0.0000000 0.4328728 0.1738920 0.1256865 0.0502346 0.0284771 0.0000000 0.0034860 0.0065298 0.0185198 0.0119614 0.0159965 0.0000000 0.0082782 0.0000000 0.0433499 0.0000000 0.0043263 0.0030662 0.0325841 0.0407387
 44 I  44 0.0620512 0.0075075 0.0096972 0.0278036 0.3166537 0.0048347 0.0518790 0.0106333 0.0000000 0.0322065 0.0186817 0.0148300 0.0165444 0.0469117 0.1854558 0.0593612 0.0609270 0.0000000 0.0229606 0.0040375 0.0470234
 45 D  45 0.0092318 0.0157177 0.2672515 0.3030277 0.0051903 0.0195059 0.0348268 0.0295736 0.0808197 0.0000000 0.0219206 0.0704909 0.0048053 0.0098811 0.0000000 0.0291985 0.0328129 0.0000000 0.0078381 0.0000000 0.0579076
 46 R  46 0.0000000 0.9420924 0.0000000 0.0000000 0.0000000 0.0000000 0.0000000 0.0000000 0.0000000 0.0000000 0.0000000 0.0000000 0.0000000 0.0000000 0.0000000 0.0000000 0.0000000 0.0000000 0.0000000 0.0000000 0.0579076
 47 V  47 0.0000000 0.0000000 0.0000000 0.0000000 0.0000000 0.0000000 0.0000000 0.0000000 0.0000000 0.0268931 0.0000000 0.0000000 0.0000000 0.0000000 0.0000000 0.0000000 0.0000000 0.0000000 0.0000000 0.9151993 0.0579076
 48 R  48 0.0189451 0.5900481 0.0000000 0.0000000 0.0386582 0.0000000 0.0000000 0.0000000 0.0000000 0.0598028 0.0205492 0.0000000 0.0000000 0.0585296 0.0000000 0.0000000 0.0000000 0.0867897 0.0295888 0.0325924 0.0644962
 49 I  49 0.0000000 0.0000000 0.0000000 0.0000000 0.0000000 0.0000000 0.0000000 0.0000000 0.0000000 0.2356107 0.2565862 0.0000000 0.0000000 0.0000000 0.0000000 0.0000000 0.0000000 0.0000000 0.0000000 0.4433069 0.0644962
 50 F  50 0.0153629 0.0109273 0.0000000 0.0148300 0.0000000 0.0000000 0.0000000 0.0000000 0.0125181 0.0399643 0.0437856 0.0000000 0.0059272 0.4666446 0.0158861 0.0074926 0.0000000 0.1414418 0.1153810 0.0519309 0.0579076
 51 V  51 0.0049992 0.0000000 0.0058892 0.0641483 0.0000000 0.0000000 0.0000000 0.0061040 0.0229557 0.0974284 0.0471683 0.0081335 0.0035032 0.0467789 0.0000000 0.0071376 0.0183504 0.0000000 0.0555857 0.5577745 0.0540432
 52 D  52 0.0000000 0.0000000 0.2709030 0.5735614 0.0085943 0.0000000 0.0216623 0.0204446 0.0091179 0.0000000 0.0000000 0.0000000 0.0000000 0.0000000 0.0000000 0.0000000 0.0220097 0.0000000 0.0000000 0.0000000 0.0737068
 53 K  53 0.0957246 0.0328479 0.0227319 0.0961819 0.0157064 0.0253120 0.1411199 0.0308099 0.0000000 0.0417163 0.0412936 0.1080131 0.0000000 0.0072896 0.0733628 0.0988937 0.0053391 0.0063693 0.0000000 0.0083979 0.1488903
 54 L  54 0.0317338 0.0195256 0.2247888 0.1104455 0.0077300 0.0226781 0.0515003 0.0849237 0.0179218 0.0121644 0.1186679 0.0262458 0.0000000 0.0078266 0.0057623 0.0870648 0.0076994 0.0000000 0.0096256 0.0048053 0.1488903
 55 D  55 0.0182257 0.0462423 0.1166086 0.1129787 0.0000000 0.0150222 0.0215135 0.3565155 0.0144900 0.0092318 0.0545518 0.0000000 0.0000000 0.0062634 0.0123319 0.0208359 0.0513112 0.0000000 0.0000000 0.0000000 0.1438774
 56 N  56 0.0146034 0.0315911 0.0623737 0.0110712 0.0000000 0.0081127 0.0000000 0.0053096 0.0000000 0.2970167 0.0475026 0.1279488 0.0000000 0.0156945 0.0400620 0.0040068 0.1285248 0.0000000 0.0121337 0.1260891 0.0679594
 57 V  57 0.0090891 0.0000000 0.0000000 0.0000000 0.0000000 0.0000000 0.0000000 0.0000000 0.0000000 0.0567252 0.0151921 0.0000000 0.0000000 0.0000000 0.0000000 0.0000000 0.0000000 0.0000000 0.0000000 0.8510343 0.0679594
 58 A  58 0.2162053 0.0036421 0.0221466 0.0000000 0.0000000 0.0199427 0.0048347 0.0065298 0.0000000 0.0425918 0.0222227 0.0210911 0.0051151 0.0115225 0.0000000 0.0633064 0.1367924 0.0000000 0.0155995 0.3323644 0.0760929
 59 Q  59 0.0269148 0.2767900 0.0411731 0.0332770 0.0000000 0.1749586 0.0934543 0.0122101 0.0322661 0.0098487 0.0048206 0.0946060 0.0054583 0.0110643 0.0000000 0.0712308 0.0095907 0.0000000 0.0164409 0.0144908 0.0714049
 60 V  60 0.0603450 0.0085943 0.0109496 0.0000000 0.0055954 0.0000000 0.0182306 0.0000000 0.0000000 0.1257496 0.0090518 0.0000000 0.0194545 0.0091214 0.0748107 0.0000000 0.3405922 0.0000000 0.0000000 0.2401625 0.0773424
 61 P  61 0.0081556 0.0000000 0.0000000 0.0000000 0.0000000 0.0000000 0.0000000 0.0000000 0.0000000 0.0000000 0.0000000 0.0000000 0.0000000 0.0000000 0.9053840 0.0091179 0.0000000 0.0000000 0.0000000 0.0000000 0.0773424
 62 R  62 0.0355966 0.1726008 0.0000000 0.0000000 0.0000000 0.0225896 0.0000000 0.0199442 0.0854279 0.0514857 0.0000000 0.1249671 0.0347779 0.0051151 0.0081556 0.0739839 0.1017921 0.0000000 0.0000000 0.1862211 0.0773424
 63 V  63 0.0244887 0.0265119 0.0000000 0.0000000 0.0098811 0.0000000 0.0000000 0.0000000 0.0000000 0.3875794 0.0000000 0.0000000 0.0136588 0.0000000 0.0000000 0.0082320 0.0049536 0.0000000 0.0000000 0.4410280 0.0836665
 64 G  64 0.0000000 0.0000000 0.0000000 0.0000000 0.0000000 0.0000000 0.0000000 0.8275646 0.0000000 0.0000000 0.0000000 0.0000000 0.0000000 0.0000000 0.0000000 0.0000000 0.0000000 0.0000000 0.0000000 0.0000000 0.1724354
