   64         A         R         N         D         C         Q         E         G         H         I         L         K         M         F         P         S         T         W         Y         V    
  1 M   1 0.0000000 0.0000000 0.0000000 0.0000000 0.0000000 0.0000000 0.0000000 0.0000000 0.0000000 0.0784452 0.2865624 0.0000000 0.2592980 0.0000000 0.0000000 0.0000000 0.2253339 0.0000000 0.0000000 0.1503606
  2 K   2 0.0000000 0.0855429 0.0000000 0.0000000 0.0000000 0.0337411 0.0000000 0.0000000 0.0000000 0.0000000 0.0000000 0.8807161 0.0000000 0.0000000 0.0000000 0.0000000 0.0000000 0.0000000 0.0000000 0.0000000
  3 T   3 0.0092894 0.0447442 0.0469303 0.0296980 0.0000000 0.1424042 0.0224826 0.0000000 0.0000000 0.0000000 0.0202376 0.0271879 0.0176463 0.0037275 0.0000000 0.2704585 0.3172625 0.0000000 0.0099306 0.0380005
  4 E   4 0.0641307 0.0445758 0.0294903 0.0108749 0.0071962 0.0111374 0.1115290 0.0000000 0.0083086 0.0000000 0.0000000 0.0071915 0.0053716 0.0063016 0.0103084 0.6097239 0.0738601 0.0000000 0.0000000 0.0000000
  5 W   5 0.0000000 0.0000000 0.0000000 0.0000000 0.0000000 0.0000000 0.0000000 0.0000000 0.0000000 0.0000000 0.0000000 0.0000000 0.0000000 0.0201234 0.0000000 0.0000000 0.0000000 0.9798766 0.0000000 0.0000000
  6 P   6 0.0157756 0.0000000 0.0000000 0.0000000 0.0000000 0.0000000 0.0000000 0.0000000 0.0000000 0.0000000 0.0000000 0.0168312 0.0000000 0.0000000 0.9445917 0.0228015 0.0000000 0.0000000 0.0000000 0.0000000
  7 E   7 0.0000000 0.0000000 0.0096207 0.0461033 0.0000000 0.0194454 0.9077556 0.0106994 0.0063756 0.0000000 0.0000000 0.0000000 0.0000000 0.0000000 0.0000000 0.0000000 0.0000000 0.0000000 0.0000000 0.0000000
  8 L   8 0.0100314 0.0000000 0.0000000 0.0000000 0.0368413 0.0000000 0.0000000 0.0000000 0.0000000 0.0095894 0.6907169 0.0000000 0.0379273 0.0067333 0.0000000 0.0000000 0.0000000 0.0000000 0.0000000 0.2081603
  9 V   9 0.0250430 0.0049822 0.0101754 0.0000000 0.0053130 0.0077741 0.0042527 0.0000000 0.0000000 0.0650925 0.0970364 0.0412939 0.0000000 0.0000000 0.0000000 0.0000000 0.0191779 0.0000000 0.0000000 0.7198589
 10 G  10 0.0000000 0.0061410 0.0000000 0.0000000 0.0062437 0.0000000 0.0000000 0.9720127 0.0000000 0.0000000 0.0000000 0.0000000 0.0000000 0.0000000 0.0000000 0.0156026 0.0000000 0.0000000 0.0000000 0.0000000
 11 K  11 0.0619055 0.0297576 0.0052958 0.0000000 0.0139731 0.0000000 0.0438435 0.0000000 0.0000000 0.0272523 0.0942644 0.2074677 0.0691543 0.0095894 0.0000000 0.0333213 0.0877317 0.0803549 0.0000000 0.2360887
 12 S  12 0.0091324 0.0326214 0.1157450 0.0990854 0.0104558 0.0375388 0.0230543 0.0063549 0.0388326 0.0000000 0.0180444 0.0429896 0.0144804 0.0074345 0.1631731 0.1747294 0.1667087 0.0000000 0.0142295 0.0253898
 13 V  13 0.2922119 0.0127490 0.0000000 0.0000000 0.0162539 0.0136164 0.0179332 0.2956512 0.0000000 0.0696738 0.0103200 0.0040596 0.0451529 0.0224329 0.0000000 0.0089418 0.0427836 0.0000000 0.0386438 0.1095762
 14 E  14 0.0199232 0.0272970 0.0080581 0.1044345 0.0000000 0.0249202 0.3677754 0.0080126 0.0127490 0.0052386 0.0802016 0.1043653 0.0175501 0.0278913 0.0088700 0.0244193 0.0845530 0.0000000 0.0080885 0.0656525
 15 E  15 0.0880476 0.0000000 0.0253898 0.0676177 0.0037872 0.0612174 0.3515237 0.0000000 0.0172821 0.0108579 0.0799530 0.0446157 0.0047138 0.0128202 0.0222490 0.0079048 0.0244089 0.0000000 0.0653180 0.1122933
 16 A  16 0.9460784 0.0000000 0.0000000 0.0000000 0.0115476 0.0000000 0.0000000 0.0162539 0.0000000 0.0000000 0.0000000 0.0000000 0.0000000 0.0000000 0.0000000 0.0000000 0.0000000 0.0000000 0.0000000 0.0261201
 17 K  17 0.2008041 0.0673319 0.0000000 0.0000000 0.0000000 0.0000000 0.0902277 0.0118840 0.0000000 0.0291955 0.0000000 0.3692098 0.0413175 0.0000000 0.0000000 0.0120454 0.0259140 0.0000000 0.0136164 0.1384536
 18 K  18 0.2137158 0.0653757 0.0164104 0.0238965 0.0000000 0.0528469 0.1816771 0.0381506 0.0087727 0.0096817 0.0291110 0.1441999 0.0297040 0.0453504 0.0263739 0.0182436 0.0801022 0.0000000 0.0000000 0.0163875
 19 V  19 0.0370464 0.0219242 0.0000000 0.0000000 0.0000000 0.0559264 0.0000000 0.0000000 0.0057429 0.2565545 0.0257343 0.1770970 0.0167765 0.0000000 0.0000000 0.0304818 0.1770072 0.0115476 0.0200580 0.1641032
 20 I  20 0.0000000 0.0000000 0.0000000 0.0000000 0.0000000 0.0000000 0.0000000 0.0000000 0.0000000 0.9346846 0.0156465 0.0000000 0.0000000 0.0255743 0.0000000 0.0000000 0.0000000 0.0000000 0.0000000 0.0240946
 21 L  21 0.0219774 0.0120767 0.0352462 0.0172514 0.0000000 0.0676307 0.2820661 0.0106033 0.0150468 0.0133798 0.1840085 0.2309776 0.0307235 0.0000000 0.0000000 0.0180142 0.0417487 0.0118840 0.0000000 0.0073651
 22 Q  22 0.0824922 0.2153820 0.0129425 0.0347357 0.0032989 0.0529544 0.0998684 0.0442752 0.0560607 0.0071420 0.0200580 0.2173553 0.0000000 0.0118840 0.0000000 0.1009221 0.0406285 0.0000000 0.0000000 0.0000000
 23 D  23 0.0168469 0.0000000 0.0000000 0.4026735 0.0000000 0.0215416 0.5291100 0.0000000 0.0201422 0.0000000 0.0000000 0.0000000 0.0000000 0.0000000 0.0000000 0.0096858 0.0000000 0.0000000 0.0000000 0.0000000
 24 K  24 0.0000000 0.2794410 0.3805077 0.0216697 0.0199860 0.0000000 0.0000000 0.0053847 0.0000000 0.0039533 0.0075261 0.1197342 0.0919014 0.0000000 0.0000000 0.0000000 0.0156681 0.0000000 0.0542279 0.0000000
 25 P  25 0.0349731 0.0284017 0.0087331 0.0048564 0.0000000 0.0226536 0.0272315 0.0043382 0.0083059 0.0000000 0.0427518 0.0084361 0.0065911 0.0000000 0.6880095 0.0817739 0.0284794 0.0000000 0.0000000 0.0044646
 26 E  26 0.0146379 0.0444964 0.1046567 0.3349579 0.0028972 0.0338158 0.0763613 0.1218280 0.0174283 0.0151091 0.0711037 0.0671788 0.0000000 0.0042868 0.0000000 0.0539730 0.0092368 0.0000000 0.0280323 0.0000000
 27 A  27 0.1749433 0.0075261 0.0000000 0.0000000 0.0188182 0.0000000 0.0000000 0.0231860 0.0000000 0.0597663 0.1454824 0.0000000 0.0053781 0.0061590 0.0000000 0.0128025 0.0000000 0.0000000 0.0201422 0.5257958
 28 Q  28 0.0410810 0.0900380 0.1460089 0.1599983 0.0000000 0.0840083 0.0784299 0.0069361 0.0467913 0.0236435 0.0185941 0.0899196 0.0100427 0.0059175 0.0000000 0.0402380 0.1142345 0.0000000 0.0051514 0.0389670
 29 I  29 0.2040703 0.0000000 0.0136317 0.0000000 0.0000000 0.0000000 0.0000000 0.0064679 0.0115544 0.3208491 0.0155360 0.0000000 0.0000000 0.0112815 0.0071367 0.0080976 0.0252967 0.0000000 0.0000000 0.3760782
 30 I  30 0.0317886 0.0383971 0.0179489 0.0211623 0.0000000 0.1419485 0.1590490 0.0068783 0.0147804 0.1824535 0.0347399 0.0506633 0.0000000 0.0237898 0.0227231 0.0063623 0.0238742 0.0000000 0.0417488 0.1816920
 31 V  31 0.0050613 0.0000000 0.0000000 0.0000000 0.0000000 0.0000000 0.0000000 0.0000000 0.0109036 0.2335116 0.0832970 0.0167953 0.0138236 0.0917449 0.0037342 0.0075149 0.0257002 0.0000000 0.0334057 0.4745076
 32 L  32 0.0000000 0.0078569 0.0000000 0.0000000 0.0053539 0.0070290 0.0000000 0.0259629 0.0365195 0.1265747 0.3745588 0.0080976 0.0233316 0.0247048 0.0000000 0.0118241 0.0115544 0.0071367 0.0486665 0.2808287
 33 P  33 0.0286142 0.0381362 0.0000000 0.0000000 0.0000000 0.0141734 0.0167390 0.0198771 0.0149361 0.0000000 0.1399557 0.0785002 0.0079220 0.0264804 0.5170582 0.0471801 0.0329101 0.0000000 0.0000000 0.0175171
 34 V  34 0.0609755 0.0133185 0.0571060 0.0861509 0.0000000 0.0465912 0.2657983 0.0000000 0.0087624 0.0214892 0.0465292 0.0777254 0.0033678 0.0041008 0.1143938 0.0050875 0.0129903 0.0081272 0.0090021 0.1584838
 35 G  35 0.0043664 0.0178525 0.0389643 0.1571462 0.0000000 0.0070941 0.0091757 0.6889316 0.0070543 0.0000000 0.0132585 0.0000000 0.0000000 0.0000000 0.0000000 0.0270112 0.0291451 0.0000000 0.0000000 0.0000000
 36 T  36 0.1048315 0.0097468 0.0339398 0.0537290 0.0257663 0.0071780 0.0169142 0.0103953 0.0103197 0.0000000 0.0050876 0.0000000 0.0405273 0.0163661 0.0116211 0.3986363 0.1916829 0.0000000 0.0210990 0.0421593
 37 I  37 0.0690963 0.0208846 0.0042261 0.0102502 0.0044860 0.0234099 0.0000000 0.0209719 0.0000000 0.0668350 0.0192186 0.0313060 0.1184974 0.0717638 0.3157865 0.0569666 0.0382401 0.0065329 0.0348944 0.0866335
 38 V  38 0.0337870 0.0203799 0.0000000 0.0000000 0.0000000 0.0225794 0.0060104 0.0000000 0.0165276 0.0528840 0.0726796 0.0179905 0.0576936 0.0222664 0.0336277 0.0129637 0.0129395 0.0092862 0.0000000 0.6083843
 39 T  39 0.0156046 0.0000000 0.0000000 0.0000000 0.0000000 0.0000000 0.0000000 0.0137871 0.0041590 0.0608568 0.0305465 0.0000000 0.0000000 0.0000000 0.2064686 0.0496198 0.6041866 0.0000000 0.0071492 0.0076218
 40 M  40 0.1302777 0.0682980 0.0000000 0.0263678 0.0062101 0.0593062 0.0485169 0.0238907 0.0105759 0.0000000 0.1017547 0.0822534 0.1463193 0.0168797 0.1324637 0.0205745 0.1159108 0.0000000 0.0104007 0.0000000
 41 E  41 0.0092469 0.0000000 0.0540523 0.6800445 0.0000000 0.0000000 0.1079566 0.0873555 0.0000000 0.0227708 0.0000000 0.0081297 0.0000000 0.0000000 0.0000000 0.0000000 0.0000000 0.0000000 0.0000000 0.0304437
 42 Y  42 0.0044727 0.0000000 0.0274646 0.0000000 0.0064717 0.0000000 0.0053433 0.0000000 0.0308574 0.0300635 0.0924875 0.0000000 0.0168723 0.5211245 0.0000000 0.0000000 0.0097352 0.0068601 0.2292186 0.0190285
 43 R  43 0.0000000 0.4421231 0.1883948 0.1251839 0.0561627 0.0304436 0.0000000 0.0037016 0.0071828 0.0200647 0.0121208 0.0166906 0.0000000 0.0091846 0.0000000 0.0445375 0.0000000 0.0047875 0.0034308 0.0359910
 44 I  44 0.0695643 0.0081375 0.0109386 0.0198523 0.3407627 0.0054338 0.0581644 0.0119699 0.0000000 0.0359442 0.0196510 0.0164184 0.0176428 0.0476165 0.2040315 0.0327992 0.0696860 0.0000000 0.0272235 0.0041633
 45 D  45 0.0102321 0.0160601 0.3003933 0.3310758 0.0058832 0.0211847 0.0386541 0.0333559 0.0475141 0.0000000 0.0229793 0.0773583 0.0053855 0.0110377 0.0000000 0.0333755 0.0367184 0.0000000 0.0087920 0.0000000
 46 R  46 0.0000000 1.0000000 0.0000000 0.0000000 0.0000000 0.0000000 0.0000000 0.0000000 0.0000000 0.0000000 0.0000000 0.0000000 0.0000000 0.0000000 0.0000000 0.0000000 0.0000000 0.0000000 0.0000000 0.0000000
 47 V  47 0.0000000 0.0000000 0.0000000 0.0000000 0.0000000 0.0000000 0.0000000 0.0000000 0.0000000 0.0326110 0.0000000 0.0000000 0.0000000 0.0000000 0.0000000 0.0000000 0.0000000 0.0000000 0.0000000 0.9673890
 48 R  48 0.0201322 0.6231060 0.0000000 0.0000000 0.0445006 0.0000000 0.0000000 0.0000000 0.0000000 0.0671448 0.0232943 0.0000000 0.0000000 0.0668550 0.0000000 0.0000000 0.0000000 0.0972272 0.0218636 0.0358763
 49 I  49 0.0000000 0.0000000 0.0000000 0.0000000 0.0000000 0.0000000 0.0000000 0.0000000 0.0000000 0.2669159 0.2413260 0.0000000 0.0000000 0.0000000 0.0000000 0.0000000 0.0000000 0.0000000 0.0000000 0.4917581
 50 F  50 0.0179635 0.0120634 0.0000000 0.0164722 0.0000000 0.0000000 0.0000000 0.0000000 0.0140933 0.0430464 0.0506857 0.0000000 0.0068194 0.4676049 0.0179407 0.0075344 0.0000000 0.1593402 0.1288697 0.0575662
 51 V  51 0.0055711 0.0000000 0.0065090 0.0349818 0.0000000 0.0000000 0.0000000 0.0067851 0.0255259 0.1084241 0.0415099 0.0078636 0.0039228 0.0523628 0.0000000 0.0079270 0.0204787 0.0000000 0.0622428 0.6158954
 52 D  52 0.0000000 0.0000000 0.2754730 0.6298500 0.0099290 0.0000000 0.0242756 0.0232672 0.0115039 0.0000000 0.0000000 0.0000000 0.0000000 0.0000000 0.0000000 0.0000000 0.0257012 0.0000000 0.0000000 0.0000000
 53 K  53 0.1174736 0.0322235 0.0283507 0.1170066 0.0194376 0.0316739 0.1589772 0.0382954 0.0000000 0.0509574 0.0153948 0.1387046 0.0000000 0.0090682 0.0957293 0.1223803 0.0057217 0.0079599 0.0000000 0.0106451
 54 L  54 0.0426824 0.0247227 0.2643776 0.1302458 0.0094042 0.0270626 0.0645528 0.1056246 0.0222088 0.0152058 0.1116141 0.0325924 0.0000000 0.0098322 0.0054375 0.1071689 0.0091542 0.0000000 0.0120993 0.0060142
 55 D  55 0.0222127 0.0576927 0.1419472 0.1065443 0.0000000 0.0181852 0.0261079 0.4252395 0.0168091 0.0113588 0.0563224 0.0000000 0.0000000 0.0075632 0.0153188 0.0259728 0.0687253 0.0000000 0.0000000 0.0000000
 56 N  56 0.0164403 0.0355284 0.0730254 0.0114986 0.0000000 0.0091021 0.0000000 0.0061668 0.0000000 0.2932738 0.0530142 0.1409770 0.0000000 0.0175923 0.0456642 0.0042704 0.1454263 0.0000000 0.0144049 0.1336151
 57 V  57 0.0109149 0.0000000 0.0000000 0.0000000 0.0000000 0.0000000 0.0000000 0.0000000 0.0000000 0.0644295 0.0170940 0.0000000 0.0000000 0.0000000 0.0000000 0.0000000 0.0000000 0.0000000 0.0000000 0.9075616
 58 A  58 0.2476117 0.0042538 0.0252805 0.0000000 0.0000000 0.0225924 0.0055498 0.0073682 0.0000000 0.0482494 0.0248257 0.0236017 0.0058006 0.0133239 0.0000000 0.0697045 0.1529106 0.0000000 0.0181543 0.3307728
 59 Q  59 0.0305447 0.3018139 0.0491754 0.0368125 0.0000000 0.1973826 0.0986124 0.0131047 0.0031783 0.0112337 0.0054980 0.1074953 0.0062566 0.0123378 0.0000000 0.0803131 0.0109351 0.0000000 0.0188396 0.0164664
 60 V  60 0.0698135 0.0099212 0.0125580 0.0000000 0.0059314 0.0000000 0.0212735 0.0000000 0.0000000 0.1401645 0.0103608 0.0000000 0.0223176 0.0105096 0.0876968 0.0000000 0.3356695 0.0000000 0.0000000 0.2737836
 61 P  61 0.0098526 0.0000000 0.0000000 0.0000000 0.0000000 0.0000000 0.0000000 0.0000000 0.0000000 0.0000000 0.0000000 0.0000000 0.0000000 0.0000000 0.9786525 0.0114949 0.0000000 0.0000000 0.0000000 0.0000000
 62 R  62 0.0406685 0.1899519 0.0000000 0.0000000 0.0000000 0.0259460 0.0000000 0.0211355 0.0986187 0.0580558 0.0000000 0.1090570 0.0389888 0.0058071 0.0098526 0.0848260 0.1169424 0.0000000 0.0000000 0.2001497
 63 V  63 0.0274300 0.0306066 0.0000000 0.0000000 0.0113279 0.0000000 0.0000000 0.0000000 0.0000000 0.4408590 0.0000000 0.0000000 0.0156489 0.0000000 0.0000000 0.0095668 0.0058685 0.0000000 0.0000000 0.4586922
 64 G  64 0.0000000 0.0000000 0.0000000 0.0000000 0.0000000 0.0000000 0.0000000 1.0000000 0.0000000 0.0000000 0.0000000 0.0000000 0.0000000 0.0000000 0.0000000 0.0000000 0.0000000 0.0000000 0.0000000 0.0000000
