   97         A         R         N         D         C         Q         E         G         H         I         L         K         M         F         P         S         T         W         Y         V         X    
  1 S   1 0.0589664 0.0000000 0.0000000 0.0000000 0.0000000 0.0000000 0.0000000 0.0000000 0.0000000 0.0000000 0.0000000 0.0000000 0.0000000 0.0000000 0.0000000 0.1301958 0.0388559 0.0000000 0.0000000 0.0000000 0.7719818
  2 H   2 0.0000000 0.0117692 0.0043464 0.0380573 0.0000000 0.1072813 0.0866298 0.0000000 0.0029766 0.0000000 0.0000000 0.0000000 0.0000000 0.0000000 0.0000000 0.0061061 0.0206318 0.0000000 0.0151314 0.0000000 0.7070702
  3 M   3 0.0275336 0.0000000 0.0000000 0.0000000 0.0000000 0.0068719 0.0000000 0.0024954 0.0000000 0.0917019 0.1296761 0.0000000 0.0163480 0.0561519 0.0000000 0.0028257 0.0018928 0.0000000 0.0078748 0.1246774 0.5319506
  4 A   4 0.3834463 0.0000000 0.0000000 0.0046324 0.0000000 0.0162344 0.0101931 0.0035981 0.0046556 0.0016301 0.0129473 0.0024954 0.0000000 0.0000000 0.0000000 0.0387856 0.0235220 0.0000000 0.0142654 0.0031440 0.4804505
  5 T   5 0.1144091 0.0113904 0.0494756 0.0351556 0.0000000 0.0696796 0.1220937 0.0748799 0.0126030 0.0000000 0.0000000 0.0159685 0.0467255 0.0000000 0.0000000 0.0402960 0.0571337 0.0000000 0.0000000 0.0029701 0.3472192
  6 P   6 0.1164773 0.0055443 0.0226850 0.0696169 0.0000000 0.0154201 0.1083432 0.0525069 0.0036163 0.0020679 0.0000000 0.1175735 0.0000000 0.0000000 0.1539698 0.0233732 0.0076856 0.0000000 0.0000000 0.0067457 0.2943745
  7 Q   7 0.1272440 0.0681211 0.0232383 0.0336936 0.0000000 0.0641232 0.0654241 0.0044992 0.0056212 0.0120064 0.0070267 0.0749522 0.0000000 0.0000000 0.1766645 0.0375589 0.0245198 0.0000000 0.0000000 0.0351828 0.2401239
  8 D   8 0.1517093 0.0181476 0.0127760 0.0719166 0.0000000 0.0198869 0.1359856 0.0501321 0.0105900 0.0127710 0.0295786 0.0565340 0.0047952 0.0073303 0.1282610 0.0372215 0.0300694 0.0000000 0.0203542 0.0107340 0.1912069
  9 K   9 0.0929031 0.0078780 0.0181778 0.0292712 0.0000000 0.0461338 0.0687652 0.0105242 0.0039230 0.0381446 0.0186756 0.0749925 0.0020679 0.0017207 0.1502328 0.0592382 0.0372944 0.0000000 0.0646649 0.1197100 0.1556820
 10 L  10 0.0153268 0.0028158 0.0574590 0.1198373 0.0000000 0.0251918 0.0399247 0.4106611 0.0200700 0.0031381 0.0563236 0.0228621 0.0000000 0.0000000 0.0084774 0.0614511 0.0553322 0.0000000 0.0128488 0.0042260 0.0840541
 11 H  11 0.0335643 0.2753701 0.0209111 0.0065002 0.0000000 0.1854843 0.0809877 0.0372631 0.0126270 0.0000000 0.0000000 0.1479447 0.0000000 0.0000000 0.0070534 0.0404025 0.0740731 0.0000000 0.0025030 0.0042610 0.0710544
 12 T  12 0.0409138 0.2444806 0.0739930 0.0200034 0.0000000 0.0310693 0.0660765 0.0106660 0.0294555 0.0020628 0.0235168 0.0812982 0.0073706 0.0140070 0.0551936 0.0941168 0.0898041 0.0000000 0.0000000 0.0468198 0.0691524
 13 V  13 0.0431833 0.0000000 0.0074447 0.0000000 0.0032004 0.0000000 0.0000000 0.0000000 0.0045180 0.2383338 0.1750206 0.0000000 0.0140240 0.1890789 0.0000000 0.0000000 0.0066975 0.0000000 0.0206345 0.2507633 0.0471009
 14 R  14 0.0000000 0.6527467 0.0173669 0.0000000 0.0000000 0.1362905 0.0083878 0.0000000 0.0623918 0.0000000 0.0000000 0.0449098 0.0000000 0.0000000 0.0000000 0.0105313 0.0142924 0.0000000 0.0039608 0.0089778 0.0401442
 15 L  15 0.0436666 0.0000000 0.0000000 0.0000000 0.0000000 0.0000000 0.0000000 0.0034752 0.0000000 0.1812555 0.3109416 0.0000000 0.0277623 0.0000000 0.0000000 0.0000000 0.0234779 0.0000000 0.0000000 0.3692768 0.0401442
 16 F  16 0.0339909 0.0243965 0.0146299 0.0000000 0.0000000 0.0080522 0.0305569 0.5310190 0.0067889 0.0134874 0.0101796 0.0392035 0.0376288 0.0670945 0.0000000 0.0326009 0.0381123 0.0000000 0.0096446 0.0688364 0.0337776
 17 G  17 0.0170099 0.0000000 0.0000000 0.0000000 0.0000000 0.0000000 0.0000000 0.9401132 0.0000000 0.0000000 0.0000000 0.0000000 0.0000000 0.0000000 0.0000000 0.0090994 0.0000000 0.0000000 0.0000000 0.0000000 0.0337776
 18 T  18 0.0164491 0.0082064 0.0465980 0.0167501 0.0075412 0.0237253 0.0209421 0.0000000 0.0000000 0.0381994 0.2893420 0.0648426 0.2288072 0.0374432 0.0000000 0.0244296 0.0556834 0.0020358 0.0267925 0.0563521 0.0358599
 19 V  19 0.0077517 0.0000000 0.0000000 0.0000000 0.0000000 0.0000000 0.0000000 0.0000000 0.0000000 0.0556933 0.1108399 0.0000000 0.0068372 0.0000000 0.0045060 0.0000000 0.0000000 0.0271762 0.0000000 0.7434876 0.0437080
 20 A  20 0.0871187 0.0126431 0.0000000 0.0266843 0.0000000 0.0709380 0.2036863 0.0111705 0.0000000 0.0324393 0.0507740 0.1595642 0.0296975 0.0000000 0.0084147 0.0058052 0.0315270 0.0000000 0.0000000 0.2249242 0.0446129
 21 A  21 0.1211011 0.0208695 0.0340806 0.0773783 0.0000000 0.0271194 0.2007160 0.0189515 0.0084107 0.0045474 0.0083069 0.1711446 0.0013810 0.0000000 0.1629451 0.0197398 0.0315701 0.0000000 0.0028257 0.0442995 0.0446129
 22 D  22 0.0079847 0.0144925 0.0641784 0.1134663 0.0000000 0.0067596 0.0322906 0.6343201 0.0045647 0.0000000 0.0000000 0.0302669 0.0031884 0.0000000 0.0068372 0.0135852 0.0091411 0.0000000 0.0000000 0.0046502 0.0542741
 23 G  23 0.0246771 0.0040711 0.0045605 0.0054772 0.0000000 0.0064573 0.0038428 0.0550025 0.0032570 0.0000000 0.0000000 0.0138797 0.0000000 0.0000000 0.0181043 0.6535813 0.1528149 0.0000000 0.0000000 0.0000000 0.0542741
 24 L  24 0.0167427 0.0000000 0.0000000 0.0000000 0.0000000 0.0061061 0.0029595 0.0035981 0.0000000 0.1916692 0.2138960 0.0000000 0.0480871 0.0308376 0.0137007 0.0000000 0.0276168 0.0000000 0.0105459 0.3884005 0.0458397
 25 T  25 0.0527454 0.0554286 0.0326864 0.0238928 0.0000000 0.1093854 0.1471752 0.0089171 0.0393378 0.0315581 0.0100484 0.1878448 0.0081143 0.0016762 0.0068372 0.0453114 0.0372521 0.0000000 0.0129491 0.1508850 0.0379548
 26 M  26 0.0023551 0.4121288 0.0029262 0.0000000 0.0000000 0.0249049 0.0064031 0.0033543 0.0239567 0.0249953 0.0042080 0.0856298 0.0236493 0.0218370 0.0226460 0.0173866 0.0458120 0.0449522 0.1729614 0.0180921 0.0418013
 27 L  27 0.0668908 0.0236798 0.0792119 0.2615044 0.0000000 0.0475769 0.0862102 0.0976779 0.0274947 0.0199025 0.0183848 0.0227320 0.0058881 0.0084621 0.0273867 0.0663145 0.0408115 0.0000000 0.0110851 0.0099775 0.0788086
 28 D  28 0.1495791 0.0320483 0.0161664 0.1112639 0.0000000 0.0213293 0.0597293 0.0560130 0.0101570 0.0052724 0.0045612 0.0381222 0.0165561 0.0033316 0.2425676 0.0770310 0.0135089 0.0000000 0.0000000 0.0152462 0.1275163
 29 G  29 0.0462744 0.0106112 0.0529703 0.2982083 0.0000000 0.1043140 0.1348147 0.1251769 0.0122091 0.0125686 0.0045414 0.0475729 0.0000000 0.0000000 0.0133263 0.0397033 0.0232638 0.0000000 0.0000000 0.0261079 0.0483370
 30 A  30 0.0619661 0.0206419 0.0456313 0.0342661 0.0060834 0.0129553 0.0116924 0.3197705 0.0098890 0.0243774 0.0107538 0.0699103 0.0048588 0.0000000 0.0103897 0.1966339 0.0738000 0.0000000 0.0000000 0.0342891 0.0520910
 31 P  31 0.0299684 0.0287799 0.0670225 0.0765750 0.0037036 0.0152160 0.0495491 0.0120144 0.0047645 0.0190237 0.3249982 0.0311740 0.0300757 0.0100715 0.0440242 0.0235475 0.0603156 0.0000000 0.0000000 0.0414046 0.1277715
 32 G  32 0.0915215 0.0429818 0.0288059 0.0493894 0.0000000 0.0439491 0.1169262 0.0730225 0.0312076 0.0112536 0.0195905 0.0846955 0.0028743 0.0040283 0.0552898 0.0285176 0.1901316 0.0021565 0.0111256 0.0140954 0.0984375
 33 V  33 0.0653854 0.0087432 0.1015111 0.0049402 0.0102170 0.0000000 0.0000000 0.0000000 0.0000000 0.1262248 0.1461343 0.0000000 0.0152618 0.0313685 0.0000000 0.0097483 0.0346161 0.0044912 0.0187381 0.3614260 0.0611939
 34 R  34 0.0426544 0.2178548 0.0215923 0.0236090 0.0000000 0.0472698 0.0971242 0.0015956 0.0649277 0.0141586 0.0380818 0.0584236 0.0000000 0.0027519 0.0000000 0.1378169 0.1364213 0.0068641 0.0203564 0.0477060 0.0207918
 35 F  35 0.0000000 0.0000000 0.0000000 0.0000000 0.0000000 0.0000000 0.0000000 0.0000000 0.0000000 0.0000000 0.0157303 0.0000000 0.0000000 0.9686085 0.0000000 0.0000000 0.0105353 0.0000000 0.0000000 0.0000000 0.0051259
 36 R  36 0.0533903 0.1198810 0.0228707 0.0932130 0.0000000 0.0591163 0.0698976 0.0067996 0.0089101 0.0506324 0.0224034 0.0664808 0.0149017 0.0149488 0.0000000 0.0799394 0.1300906 0.0068372 0.0050301 0.1583665 0.0162906
 37 L  37 0.0091188 0.0000000 0.0000000 0.0000000 0.0000000 0.0000000 0.0000000 0.0000000 0.0000000 0.2091489 0.2694712 0.0000000 0.0187155 0.1229585 0.0000000 0.0000000 0.0000000 0.0000000 0.0000000 0.3542964 0.0162906
 38 E  38 0.0555289 0.0277387 0.0214077 0.0000000 0.0000000 0.0301694 0.0213254 0.0064793 0.0175886 0.0306433 0.0296560 0.0124504 0.0208557 0.0155968 0.0000000 0.0426776 0.4633047 0.0068372 0.1071673 0.0568445 0.0337285
 39 D  39 0.0154836 0.0000000 0.0000000 0.7665596 0.0000000 0.0000000 0.0000000 0.0016792 0.0054458 0.0050802 0.0409945 0.0000000 0.0560000 0.0000000 0.0085103 0.0058450 0.0042765 0.0000000 0.0000000 0.0150448 0.0750806
 40 K  40 0.0534973 0.0242046 0.0201764 0.0057353 0.0020585 0.0187318 0.0494532 0.2358350 0.0053201 0.0359437 0.0560073 0.0774170 0.0054056 0.0486758 0.0151019 0.0163944 0.0258929 0.0000000 0.0210497 0.0624596 0.2206399
 41 D  41 0.0190513 0.0206220 0.0417030 0.2095009 0.0063666 0.0419285 0.1143628 0.0090701 0.0030977 0.0181083 0.0050472 0.1079177 0.0013679 0.0000000 0.0086729 0.0072528 0.0160121 0.0020585 0.0000000 0.0574849 0.3103747
 42 N  42 0.0287196 0.0064099 0.1194882 0.0703610 0.0000000 0.0202423 0.0711830 0.1031271 0.0302000 0.0000000 0.0073888 0.0211038 0.0000000 0.0033663 0.0094456 0.0785062 0.0391318 0.0089778 0.0232144 0.0053824 0.3537518
 43 T  43 0.0689114 0.0068641 0.0935684 0.0891663 0.0021884 0.0194367 0.0400633 0.0240084 0.0213642 0.0025374 0.0185388 0.0505373 0.0045060 0.0041336 0.0438727 0.0687317 0.1109887 0.0000000 0.0020934 0.0000000 0.3284895
 44 S  44 0.0977990 0.0044653 0.0382378 0.0234471 0.0000000 0.0212541 0.0417950 0.3097599 0.0015240 0.0106185 0.0163248 0.0058489 0.0000000 0.0014075 0.0043456 0.0652742 0.0323311 0.0000000 0.0099411 0.0087281 0.3068980
 45 K  45 0.1781147 0.0414490 0.0632675 0.0000000 0.0000000 0.0663990 0.0879657 0.0206926 0.0365393 0.0091406 0.0080422 0.1713065 0.0000000 0.0130401 0.0425632 0.0165970 0.0283380 0.0000000 0.0039616 0.0244690 0.1881139
 46 T  46 0.0529745 0.0508325 0.0019146 0.0224147 0.0000000 0.0432678 0.1600836 0.0019847 0.0047529 0.0230582 0.0179168 0.0638583 0.0188187 0.0000000 0.0107352 0.1146330 0.1901198 0.0000000 0.0172557 0.0814211 0.1239580
 47 V  47 0.0249323 0.0112837 0.0045414 0.0000000 0.0183315 0.0275237 0.0016338 0.0000000 0.0050802 0.2296613 0.1811262 0.0088424 0.0617681 0.0188807 0.0000000 0.0039360 0.0030135 0.0000000 0.0075871 0.3614780 0.0303799
 48 W  48 0.0416409 0.0779471 0.0299458 0.0579809 0.0000000 0.0346221 0.0567030 0.0018695 0.0203003 0.0055603 0.0539504 0.1322635 0.0012019 0.0025943 0.2763243 0.0359629 0.1119890 0.0095493 0.0058298 0.0202983 0.0234663
 49 V  49 0.0077199 0.0000000 0.0000000 0.0000000 0.0044992 0.0000000 0.0000000 0.0000000 0.0000000 0.0604343 0.0028784 0.0000000 0.0000000 0.0000000 0.0000000 0.0000000 0.0000000 0.0000000 0.0000000 0.9182055 0.0062626
 50 L  50 0.0351589 0.1421701 0.0212726 0.0138997 0.0000000 0.0324741 0.1321308 0.0000000 0.0412414 0.0711688 0.0340236 0.0156347 0.0049284 0.0363119 0.0000000 0.0770965 0.1220886 0.0000000 0.0147080 0.1994292 0.0062626
 51 Y  51 0.0071520 0.0000000 0.0059463 0.0000000 0.0000000 0.0000000 0.0044653 0.0000000 0.0308605 0.0000000 0.0125250 0.0000000 0.0000000 0.1582241 0.0000000 0.0245500 0.0024282 0.0000000 0.7538486 0.0000000 0.0000000
 52 K  52 0.0361625 0.0887191 0.0790211 0.0882128 0.0000000 0.0666542 0.0935257 0.0087356 0.0628874 0.0131771 0.0272689 0.0908808 0.0084111 0.0088230 0.0130490 0.0744681 0.1948384 0.0000000 0.0208387 0.0243267 0.0000000
 53 G  53 0.0048588 0.0104880 0.0180979 0.0376746 0.0000000 0.0308833 0.0313740 0.8043939 0.0060834 0.0000000 0.0000000 0.0143357 0.0045180 0.0105353 0.0000000 0.0267572 0.0000000 0.0000000 0.0000000 0.0000000 0.0000000
 54 A  54 0.1576988 0.0171737 0.0120480 0.0283697 0.0000000 0.0168520 0.0105353 0.0101339 0.0126984 0.3342099 0.0685385 0.0000000 0.0070502 0.0000000 0.1043498 0.0319036 0.0552125 0.0000000 0.0089778 0.1242478 0.0000000
 55 V  55 0.0212185 0.0135446 0.0000000 0.0000000 0.0000000 0.0052536 0.0041476 0.0000000 0.0000000 0.0296945 0.4873528 0.1695393 0.0300720 0.0000000 0.0778538 0.0000000 0.0253307 0.0000000 0.0000000 0.1359925 0.0000000
 56 P  56 0.0185762 0.0212908 0.0000000 0.0000000 0.0000000 0.0000000 0.0000000 0.0000000 0.0037439 0.0000000 0.0000000 0.0090983 0.0000000 0.0000000 0.9159448 0.0236629 0.0000000 0.0000000 0.0000000 0.0000000 0.0076831
 57 D  57 0.0671234 0.0000000 0.0322085 0.6333155 0.0000000 0.0889969 0.0236516 0.0223786 0.0069567 0.0000000 0.0089778 0.0000000 0.0105353 0.0090983 0.0455369 0.0437846 0.0045095 0.0000000 0.0000000 0.0029262 0.0000000
 58 T  58 0.0207214 0.0000000 0.1203247 0.1019634 0.0000000 0.0096296 0.0152451 0.0191374 0.0046324 0.0113638 0.5084905 0.0000000 0.0353436 0.0246185 0.0127560 0.0066952 0.1031323 0.0000000 0.0000000 0.0059463 0.0000000
 59 F  59 0.0000000 0.0000000 0.0089778 0.0000000 0.0000000 0.0061467 0.0000000 0.0000000 0.0069567 0.0212459 0.0665481 0.0000000 0.0151855 0.8609956 0.0000000 0.0000000 0.0000000 0.0000000 0.0076831 0.0062605 0.0000000
 60 K  60 0.0725680 0.3739119 0.0082213 0.0429315 0.0000000 0.0440272 0.1460405 0.0391587 0.0000000 0.0028129 0.0000000 0.1735349 0.0044950 0.0106379 0.0000000 0.0302506 0.0223992 0.0000000 0.0000000 0.0290104 0.0000000
 61 P  61 0.0275316 0.0633065 0.0298839 0.0877174 0.0000000 0.0342559 0.6184299 0.0032596 0.0160615 0.0000000 0.0122543 0.0366052 0.0050802 0.0000000 0.0305927 0.0266045 0.0084167 0.0000000 0.0000000 0.0000000 0.0000000
 62 G  62 0.1066080 0.0069204 0.0531638 0.0500916 0.0000000 0.0000000 0.0152777 0.6420697 0.0039753 0.0000000 0.0058933 0.0187286 0.0000000 0.0000000 0.0000000 0.0972716 0.0000000 0.0000000 0.0000000 0.0000000 0.0000000
 63 V  63 0.0623243 0.0234893 0.0101124 0.0244427 0.0000000 0.3729191 0.1247294 0.0044950 0.0345273 0.0470034 0.0000000 0.0587673 0.0000000 0.0000000 0.0000000 0.0592538 0.0467914 0.0050889 0.0373716 0.0886842 0.0000000
 64 E  64 0.0289929 0.0330061 0.0093011 0.0144436 0.0000000 0.1269154 0.0727774 0.4842004 0.0298094 0.0089395 0.0000000 0.0131276 0.0000000 0.0000000 0.0324752 0.1023050 0.0199630 0.0054958 0.0043822 0.0111719 0.0026935
 65 V  65 0.1231857 0.0000000 0.0000000 0.0000000 0.0000000 0.0000000 0.0000000 0.0000000 0.0000000 0.2449584 0.0278184 0.0000000 0.0363691 0.0000000 0.0000000 0.0000000 0.0070586 0.0000000 0.0000000 0.5527245 0.0078854
 66 I  66 0.0052536 0.0113189 0.0000000 0.0000000 0.0000000 0.0000000 0.0000000 0.0000000 0.0000000 0.2249338 0.0148089 0.0000000 0.0068641 0.0000000 0.0000000 0.0163929 0.0137527 0.0000000 0.0000000 0.6987897 0.0078854
 67 I  67 0.3473667 0.0000000 0.0000000 0.0000000 0.0387197 0.0000000 0.0000000 0.0327902 0.0000000 0.0451272 0.1020883 0.0000000 0.0248887 0.0000000 0.0000000 0.0023636 0.0438936 0.0000000 0.0000000 0.3627619 0.0000000
 68 E  68 0.0051656 0.0274000 0.0111213 0.0225430 0.0000000 0.1414819 0.3160974 0.0074447 0.0048125 0.1008406 0.0167782 0.0553509 0.0151829 0.0018039 0.0000000 0.0209093 0.1740660 0.0000000 0.0021884 0.0768134 0.0000000
 69 G  69 0.0139083 0.0063666 0.0000000 0.0000000 0.0000000 0.0000000 0.0000000 0.9659478 0.0000000 0.0000000 0.0000000 0.0000000 0.0000000 0.0000000 0.0000000 0.0000000 0.0000000 0.0000000 0.0000000 0.0137773 0.0000000
 70 G  70 0.0376102 0.1984267 0.0116627 0.0084765 0.0000000 0.0511013 0.0375712 0.0317494 0.0305127 0.0118629 0.0133833 0.1980550 0.0175553 0.0241774 0.0000000 0.0755942 0.1198881 0.0000000 0.0187692 0.0799310 0.0336728
 71 L  71 0.0038428 0.0018111 0.0000000 0.0000000 0.0110489 0.0000000 0.0000000 0.0078854 0.0000000 0.0200440 0.3205212 0.0127560 0.2089409 0.1458552 0.0000000 0.0000000 0.0000000 0.0249928 0.1407301 0.0791847 0.0223869
 72 A  72 0.0429669 0.0305601 0.0440374 0.0698393 0.0000000 0.1144555 0.0572714 0.0423019 0.0051712 0.0749202 0.0270587 0.0983757 0.0000000 0.0143625 0.0164308 0.0435354 0.0464939 0.0021891 0.0170875 0.0643568 0.1885857
 73 P  73 0.0258371 0.0037405 0.0457224 0.2451903 0.0000000 0.0198895 0.0685540 0.2071044 0.0000000 0.0000000 0.0046502 0.0197811 0.0000000 0.0000000 0.1391110 0.0594910 0.0204632 0.0000000 0.0000000 0.0078854 0.1325800
 74 G  74 0.1387525 0.0234694 0.0966424 0.0335532 0.0000000 0.0211396 0.1022145 0.1363439 0.0163132 0.0000000 0.0032004 0.0433332 0.0018310 0.0091315 0.0241300 0.0447184 0.0236570 0.0000000 0.0019510 0.0025279 0.2770909
 75 E  75 0.0168322 0.0297613 0.0977441 0.2210086 0.0000000 0.0934585 0.0793461 0.0451775 0.0073763 0.0000000 0.0030652 0.0312535 0.0000000 0.0000000 0.0136405 0.0750093 0.0778485 0.0000000 0.0000000 0.0013398 0.2071385
 76 D  76 0.0161179 0.0318452 0.0701867 0.0626020 0.0093091 0.0460103 0.0059563 0.4832064 0.0209814 0.0000000 0.0038058 0.0386171 0.0000000 0.0000000 0.0077341 0.0167660 0.0181237 0.0000000 0.0080158 0.0021565 0.1585658
 77 T  77 0.0362141 0.0444476 0.0042156 0.0106428 0.0000000 0.0062340 0.0195204 0.0102126 0.0232940 0.0597584 0.0485437 0.0444054 0.0175084 0.0158512 0.0037462 0.0182519 0.1777585 0.0012732 0.0269831 0.3527365 0.0784024
 78 F  78 0.0000000 0.0000000 0.0000000 0.0000000 0.0000000 0.0000000 0.0000000 0.0000000 0.0000000 0.0556965 0.1267330 0.0000000 0.0071377 0.7451410 0.0000000 0.0000000 0.0000000 0.0000000 0.0000000 0.0264492 0.0388426
 79 K  79 0.0306702 0.0679953 0.0279024 0.0022541 0.0000000 0.0865578 0.1498377 0.0058486 0.0891192 0.0946191 0.0384077 0.0624405 0.0299257 0.0089778 0.0000000 0.0369982 0.0323634 0.0000000 0.0293361 0.1950864 0.0116598
 80 A  80 0.8461994 0.0000000 0.0000000 0.0000000 0.0333502 0.0000000 0.0000000 0.0390031 0.0000000 0.0105353 0.0000000 0.0000000 0.0000000 0.0000000 0.0058919 0.0540642 0.0046932 0.0000000 0.0000000 0.0062626 0.0000000
 81 R  81 0.0082666 0.0478698 0.0633578 0.2440283 0.0000000 0.0366138 0.1069248 0.0021876 0.0229832 0.0153536 0.0000000 0.0647223 0.0000000 0.0130423 0.0000000 0.1487167 0.2072827 0.0000000 0.0000000 0.0186506 0.0000000
 82 T  82 0.0076363 0.0747775 0.0607119 0.0654288 0.0000000 0.0742911 0.3519493 0.0000000 0.0065175 0.0035943 0.0116164 0.1583560 0.0053429 0.0000000 0.0000000 0.0435204 0.1303111 0.0000000 0.0000000 0.0059463 0.0000000
 83 L  83 0.0000000 0.0000000 0.0000000 0.0000000 0.0000000 0.0000000 0.0000000 0.0000000 0.0000000 0.2585693 0.2775204 0.0000000 0.0362196 0.0000000 0.0000000 0.0000000 0.0000000 0.0000000 0.0090983 0.4185922 0.0000000
 84 M  84 0.0000000 0.0000000 0.0066887 0.0000000 0.0000000 0.0288700 0.0264434 0.0000000 0.0000000 0.0206805 0.7344034 0.0131676 0.0729082 0.0036254 0.0000000 0.0000000 0.0044950 0.0000000 0.0074447 0.0643798 0.0168933
 85 T  85 0.5174812 0.0000000 0.0000000 0.0000000 0.0204849 0.0000000 0.0000000 0.0000000 0.0000000 0.0454855 0.0452146 0.0000000 0.0762479 0.0000000 0.0000000 0.0089778 0.1324088 0.0000000 0.0000000 0.1368060 0.0168933
 86 K  86 0.0000000 0.0368223 0.0098890 0.0000000 0.0000000 0.0191656 0.0000000 0.0222257 0.0000000 0.0000000 0.0000000 0.8950042 0.0000000 0.0000000 0.0000000 0.0000000 0.0000000 0.0000000 0.0000000 0.0000000 0.0168933
 87 C  87 0.0000000 0.0000000 0.0000000 0.0000000 0.4141009 0.0000000 0.0000000 0.0000000 0.5443873 0.0000000 0.0000000 0.0000000 0.0000000 0.0000000 0.0000000 0.0000000 0.0000000 0.0000000 0.0000000 0.0000000 0.0415118
 88 P  88 0.0308729 0.0000000 0.0026695 0.4761289 0.0000000 0.0000000 0.0000000 0.0036163 0.0021244 0.0000000 0.0000000 0.0000000 0.0000000 0.0000000 0.3795245 0.0440110 0.0104424 0.0000000 0.0000000 0.0000000 0.0506101
 89 S  89 0.0084051 0.0000000 0.0158353 0.0061467 0.0000000 0.0041258 0.5001891 0.0022683 0.0000000 0.0000000 0.0000000 0.0000000 0.0000000 0.0000000 0.0000000 0.4069737 0.0054458 0.0000000 0.0000000 0.0000000 0.0506101
 90 K  90 0.0000000 0.0622534 0.2200725 0.0107183 0.0000000 0.0046126 0.0661277 0.0000000 0.0094063 0.0020978 0.0000000 0.4312231 0.0000000 0.0000000 0.0000000 0.0210024 0.1081354 0.0000000 0.0015459 0.0058278 0.0569767
 91 Y  91 0.0000000 0.0000000 0.0000000 0.0000000 0.0000000 0.0000000 0.0000000 0.0000000 0.0000000 0.0000000 0.0000000 0.0000000 0.0000000 0.0241197 0.0000000 0.0000000 0.0000000 0.0000000 0.9099257 0.0000000 0.0659545
 92 Q  92 0.0124363 0.0397331 0.0352407 0.0141891 0.0000000 0.1101548 0.1725769 0.0000000 0.0046324 0.0031991 0.0000000 0.0424516 0.3705563 0.0000000 0.0000000 0.0166039 0.0668613 0.0000000 0.0048100 0.0159096 0.0906449
 93 K  93 0.0857377 0.0000000 0.0313615 0.0640648 0.0000000 0.0154986 0.0818111 0.0125351 0.0000000 0.0000000 0.0000000 0.0504280 0.0000000 0.0000000 0.4752379 0.0525297 0.0112477 0.0000000 0.0000000 0.0177329 0.1018150
 94 E  94 0.0838051 0.0450139 0.0051942 0.0430155 0.0000000 0.0578503 0.0968115 0.0460388 0.0000000 0.0090717 0.0000000 0.1479731 0.0103229 0.0000000 0.2953414 0.0091905 0.0056832 0.0000000 0.0000000 0.0000000 0.1446878
 95 N  95 0.0042765 0.0000000 0.0338997 0.0714579 0.0000000 0.0495098 0.4416433 0.0000000 0.0000000 0.0000000 0.0054458 0.1020282 0.0000000 0.0000000 0.0243897 0.0094998 0.0091992 0.0000000 0.0000000 0.0059463 0.2427038
 96 R  96 0.0059897 0.0279943 0.0000000 0.0104985 0.0000000 0.0306409 0.0535357 0.0100939 0.0000000 0.0000000 0.0106120 0.0219818 0.0034268 0.0000000 0.0114261 0.0000000 0.0000000 0.0000000 0.0000000 0.0085584 0.8052419
 97 G  97 0.0000000 0.0000000 0.0000000 0.0000000 0.0000000 0.0000000 0.0000000 0.0931266 0.0000000 0.0000000 0.0000000 0.0000000 0.0000000 0.0000000 0.0000000 0.0000000 0.0000000 0.0000000 0.0000000 0.0000000 0.9068734
