   97         A         R         N         D         C         Q         E         G         H         I         L         K         M         F         P         S         T         W         Y         V    
  1 S   1 0.2617359 0.0000000 0.0000000 0.0000000 0.0000000 0.0000000 0.0000000 0.0000000 0.0000000 0.0000000 0.0000000 0.0000000 0.0000000 0.0000000 0.0000000 0.5680587 0.1702054 0.0000000 0.0000000 0.0000000
  2 H   2 0.0000000 0.0411855 0.0146602 0.1300463 0.0000000 0.3623110 0.2954980 0.0000000 0.0108561 0.0000000 0.0000000 0.0000000 0.0000000 0.0000000 0.0000000 0.0224071 0.0710226 0.0000000 0.0520132 0.0000000
  3 M   3 0.0588539 0.0000000 0.0000000 0.0000000 0.0000000 0.0143048 0.0000000 0.0053748 0.0000000 0.1921876 0.2800033 0.0000000 0.0349437 0.1222792 0.0000000 0.0059618 0.0041256 0.0000000 0.0179598 0.2640056
  4 A   4 0.7360453 0.0000000 0.0000000 0.0086984 0.0000000 0.0314224 0.0193938 0.0067775 0.0088270 0.0031987 0.0259366 0.0048563 0.0000000 0.0000000 0.0000000 0.0747422 0.0460659 0.0000000 0.0278554 0.0061803
  5 T   5 0.1722303 0.0173154 0.0739976 0.0542978 0.0000000 0.1083803 0.1875774 0.1150150 0.0180404 0.0000000 0.0000000 0.0243310 0.0736869 0.0000000 0.0000000 0.0614261 0.0890506 0.0000000 0.0000000 0.0046511
  6 P   6 0.1666883 0.0078987 0.0302526 0.1009688 0.0000000 0.0221424 0.1489563 0.0756621 0.0053452 0.0029820 0.0000000 0.1663356 0.0000000 0.0000000 0.2185066 0.0338590 0.0110271 0.0000000 0.0000000 0.0093752
  7 Q   7 0.1689474 0.0919639 0.0268021 0.0436718 0.0000000 0.0850849 0.0852371 0.0063350 0.0073962 0.0155621 0.0092663 0.0983826 0.0000000 0.0000000 0.2317241 0.0509993 0.0320914 0.0000000 0.0000000 0.0465357
  8 D   8 0.1855622 0.0231885 0.0159925 0.0896741 0.0000000 0.0244407 0.1689566 0.0586212 0.0131104 0.0143268 0.0364727 0.0712810 0.0060574 0.0093266 0.1590667 0.0470702 0.0370513 0.0000000 0.0261288 0.0136723
  9 K   9 0.1101569 0.0097056 0.0188576 0.0358260 0.0000000 0.0537597 0.0816951 0.0125526 0.0046903 0.0456523 0.0222346 0.0919290 0.0025209 0.0020852 0.1745740 0.0702824 0.0454621 0.0000000 0.0784276 0.1395881
 10 L  10 0.0159754 0.0031605 0.0608601 0.1259063 0.0000000 0.0263954 0.0435031 0.4519538 0.0223719 0.0035795 0.0652591 0.0258816 0.0000000 0.0000000 0.0097258 0.0693701 0.0571836 0.0000000 0.0141309 0.0047428
 11 H  11 0.0374383 0.2982536 0.0231800 0.0073265 0.0000000 0.1946962 0.0883730 0.0390961 0.0141166 0.0000000 0.0000000 0.1564585 0.0000000 0.0000000 0.0081095 0.0446763 0.0808014 0.0000000 0.0027891 0.0046849
 12 T  12 0.0446708 0.2667848 0.0751610 0.0192167 0.0000000 0.0333197 0.0739247 0.0122144 0.0293010 0.0022710 0.0257699 0.0878385 0.0081007 0.0155722 0.0560833 0.1015030 0.0971535 0.0000000 0.0000000 0.0511148
 13 V  13 0.0482771 0.0000000 0.0066668 0.0000000 0.0036585 0.0000000 0.0000000 0.0000000 0.0048393 0.2551800 0.1786291 0.0000000 0.0146107 0.2005436 0.0000000 0.0000000 0.0071817 0.0000000 0.0228194 0.2575939
 14 R  14 0.0000000 0.6833592 0.0186408 0.0000000 0.0000000 0.1414064 0.0090154 0.0000000 0.0655333 0.0000000 0.0000000 0.0422096 0.0000000 0.0000000 0.0000000 0.0112125 0.0151261 0.0000000 0.0043657 0.0091310
 15 L  15 0.0469118 0.0000000 0.0000000 0.0000000 0.0000000 0.0000000 0.0000000 0.0038180 0.0000000 0.1874892 0.3331946 0.0000000 0.0247623 0.0000000 0.0000000 0.0000000 0.0222483 0.0000000 0.0000000 0.3815758
 16 F  16 0.0358552 0.0254804 0.0138454 0.0000000 0.0000000 0.0085532 0.0316208 0.5571829 0.0069663 0.0141198 0.0082069 0.0389095 0.0408423 0.0694288 0.0000000 0.0354093 0.0378269 0.0000000 0.0084624 0.0672899
 17 G  17 0.0191205 0.0000000 0.0000000 0.0000000 0.0000000 0.0000000 0.0000000 0.9703941 0.0000000 0.0000000 0.0000000 0.0000000 0.0000000 0.0000000 0.0000000 0.0104853 0.0000000 0.0000000 0.0000000 0.0000000
 18 T  18 0.0177646 0.0082930 0.0463832 0.0185345 0.0081052 0.0238885 0.0208808 0.0000000 0.0000000 0.0407212 0.3010046 0.0677872 0.2368643 0.0376774 0.0000000 0.0231718 0.0596239 0.0021636 0.0285607 0.0585754
 19 V  19 0.0082819 0.0000000 0.0000000 0.0000000 0.0000000 0.0000000 0.0000000 0.0000000 0.0000000 0.0548415 0.1127941 0.0000000 0.0074998 0.0000000 0.0049004 0.0000000 0.0000000 0.0297907 0.0000000 0.7818916
 20 A  20 0.0960888 0.0129150 0.0000000 0.0299336 0.0000000 0.0698267 0.2149899 0.0119746 0.0000000 0.0308446 0.0545186 0.1646880 0.0303845 0.0000000 0.0087229 0.0063912 0.0333974 0.0000000 0.0000000 0.2353241
 21 A  21 0.1276241 0.0223190 0.0363709 0.0823370 0.0000000 0.0275371 0.2116331 0.0177106 0.0084394 0.0047794 0.0088543 0.1754314 0.0014798 0.0000000 0.1720781 0.0215683 0.0342954 0.0000000 0.0030199 0.0445223
 22 D  22 0.0087962 0.0147562 0.0686325 0.1155474 0.0000000 0.0075078 0.0359649 0.6688584 0.0048079 0.0000000 0.0000000 0.0341048 0.0032907 0.0000000 0.0075940 0.0149902 0.0100218 0.0000000 0.0000000 0.0051272
 23 G  23 0.0270312 0.0044003 0.0050793 0.0063800 0.0000000 0.0070949 0.0043492 0.0615886 0.0035950 0.0000000 0.0000000 0.0152521 0.0000000 0.0000000 0.0209023 0.6813596 0.1629676 0.0000000 0.0000000 0.0000000
 24 L  24 0.0180470 0.0000000 0.0000000 0.0000000 0.0000000 0.0071330 0.0031069 0.0038020 0.0000000 0.2056004 0.2203294 0.0000000 0.0494541 0.0336084 0.0149296 0.0000000 0.0266004 0.0000000 0.0114379 0.4059509
 25 T  25 0.0569768 0.0588206 0.0331517 0.0251181 0.0000000 0.1163812 0.1508062 0.0089124 0.0423089 0.0321850 0.0106709 0.1918170 0.0075106 0.0016860 0.0074447 0.0477071 0.0370256 0.0000000 0.0145830 0.1568941
 26 M  26 0.0024367 0.4373329 0.0031398 0.0000000 0.0000000 0.0225869 0.0065402 0.0036250 0.0261491 0.0266534 0.0044824 0.0896650 0.0248509 0.0220956 0.0225881 0.0161019 0.0460081 0.0448911 0.1814942 0.0193587
 27 L  27 0.0724790 0.0207930 0.0829928 0.2875315 0.0000000 0.0527304 0.0963869 0.1074997 0.0301089 0.0207264 0.0196318 0.0254324 0.0064917 0.0084349 0.0311902 0.0718165 0.0433387 0.0000000 0.0118859 0.0105291
 28 D  28 0.1666458 0.0335566 0.0193017 0.1314871 0.0000000 0.0253670 0.0694007 0.0642298 0.0118565 0.0058851 0.0056852 0.0438058 0.0192679 0.0041595 0.2755273 0.0901926 0.0158128 0.0000000 0.0000000 0.0178188
 29 G  29 0.0443704 0.0110068 0.0551875 0.3129005 0.0000000 0.1128939 0.1392751 0.1333575 0.0101993 0.0142599 0.0050829 0.0518316 0.0000000 0.0000000 0.0136720 0.0426282 0.0257980 0.0000000 0.0000000 0.0275363
 30 A  30 0.0657436 0.0210037 0.0462317 0.0357850 0.0050742 0.0142160 0.0126108 0.3349071 0.0115290 0.0238855 0.0091471 0.0757559 0.0052794 0.0000000 0.0112631 0.2076531 0.0813698 0.0000000 0.0000000 0.0385450
 31 P  31 0.0332337 0.0323151 0.0745583 0.0857992 0.0043845 0.0150227 0.0581616 0.0137353 0.0055608 0.0217198 0.3808541 0.0362825 0.0338604 0.0104452 0.0512876 0.0253454 0.0700911 0.0000000 0.0000000 0.0473427
 32 G  32 0.1028415 0.0478290 0.0323056 0.0549561 0.0000000 0.0448204 0.1265221 0.0774766 0.0355946 0.0130193 0.0223411 0.0937464 0.0032584 0.0044875 0.0614684 0.0326753 0.2148059 0.0025053 0.0131170 0.0162295
 33 V  33 0.0660861 0.0086048 0.1049276 0.0025370 0.0081732 0.0000000 0.0000000 0.0000000 0.0000000 0.1372664 0.1579775 0.0000000 0.0150811 0.0342694 0.0000000 0.0088726 0.0376248 0.0049831 0.0188519 0.3947445
 34 R  34 0.0446117 0.2247250 0.0220462 0.0249247 0.0000000 0.0500828 0.1002375 0.0015686 0.0693318 0.0137341 0.0373893 0.0546708 0.0000000 0.0028898 0.0000000 0.1389863 0.1372384 0.0076553 0.0212546 0.0486530
 35 F  35 0.0000000 0.0000000 0.0000000 0.0000000 0.0000000 0.0000000 0.0000000 0.0000000 0.0000000 0.0000000 0.0146263 0.0000000 0.0000000 0.9750652 0.0000000 0.0000000 0.0103085 0.0000000 0.0000000 0.0000000
 36 R  36 0.0557166 0.1235442 0.0241015 0.0982954 0.0000000 0.0604069 0.0717288 0.0073545 0.0078168 0.0511307 0.0224673 0.0659103 0.0158552 0.0143486 0.0000000 0.0829489 0.1273424 0.0073436 0.0054398 0.1582482
 37 L  37 0.0103900 0.0000000 0.0000000 0.0000000 0.0000000 0.0000000 0.0000000 0.0000000 0.0000000 0.2135331 0.2718602 0.0000000 0.0191360 0.1215677 0.0000000 0.0000000 0.0000000 0.0000000 0.0000000 0.3635128
 38 E  38 0.0564688 0.0295247 0.0234138 0.0000000 0.0000000 0.0326758 0.0233934 0.0071739 0.0183880 0.0288855 0.0297350 0.0133868 0.0201996 0.0168646 0.0000000 0.0427104 0.4822714 0.0074808 0.1108086 0.0566189
 39 D  39 0.0167408 0.0000000 0.0000000 0.8337229 0.0000000 0.0000000 0.0000000 0.0017887 0.0063970 0.0057095 0.0412658 0.0000000 0.0578686 0.0000000 0.0088185 0.0065047 0.0048382 0.0000000 0.0000000 0.0163454
 40 K  40 0.0654618 0.0302786 0.0256263 0.0080917 0.0027203 0.0240161 0.0657754 0.3060472 0.0071732 0.0453875 0.0711328 0.1044293 0.0071643 0.0634046 0.0205830 0.0178532 0.0294574 0.0000000 0.0277912 0.0776061
 41 D  41 0.0288203 0.0303656 0.0626675 0.2967843 0.0080636 0.0579666 0.1696460 0.0125553 0.0045529 0.0256463 0.0069407 0.1538620 0.0019780 0.0000000 0.0136215 0.0111822 0.0247593 0.0030913 0.0000000 0.0874966
 42 N  42 0.0431427 0.0100669 0.1878113 0.1070026 0.0000000 0.0338784 0.1087075 0.1565781 0.0453724 0.0000000 0.0111009 0.0310813 0.0000000 0.0053730 0.0157958 0.1245595 0.0606864 0.0138283 0.0361707 0.0088444
 43 T  43 0.1050550 0.0112712 0.1346486 0.1341516 0.0033805 0.0296893 0.0605350 0.0368575 0.0319779 0.0034679 0.0284926 0.0690631 0.0071025 0.0042744 0.0612489 0.1043447 0.1713791 0.0000000 0.0030603 0.0000000
 44 S  44 0.1412181 0.0064539 0.0565355 0.0351455 0.0000000 0.0301484 0.0613131 0.4521066 0.0023353 0.0155091 0.0209280 0.0085145 0.0000000 0.0021766 0.0064594 0.0879281 0.0474333 0.0000000 0.0126426 0.0131519
 45 K  45 0.2238481 0.0531638 0.0697244 0.0000000 0.0000000 0.0802198 0.1106590 0.0263235 0.0468327 0.0069107 0.0103880 0.2133886 0.0000000 0.0128778 0.0540321 0.0197069 0.0347460 0.0000000 0.0052127 0.0319660
 46 T  46 0.0579148 0.0595517 0.0021998 0.0260730 0.0000000 0.0513080 0.1816042 0.0024040 0.0055758 0.0268564 0.0211533 0.0718230 0.0189488 0.0000000 0.0126638 0.1340524 0.2181883 0.0000000 0.0169258 0.0927568
 47 V  47 0.0262355 0.0089415 0.0050178 0.0000000 0.0190587 0.0284663 0.0016729 0.0000000 0.0054877 0.2377029 0.1821991 0.0093907 0.0648854 0.0200196 0.0000000 0.0043524 0.0030936 0.0000000 0.0082509 0.3752250
 48 W  48 0.0440297 0.0846139 0.0322698 0.0553037 0.0000000 0.0347597 0.0577374 0.0019709 0.0217259 0.0058636 0.0565005 0.1280347 0.0012622 0.0026425 0.2841131 0.0342805 0.1166861 0.0107737 0.0061518 0.0212803
 49 V  49 0.0081073 0.0000000 0.0000000 0.0000000 0.0049836 0.0000000 0.0000000 0.0000000 0.0000000 0.0630728 0.0032818 0.0000000 0.0000000 0.0000000 0.0000000 0.0000000 0.0000000 0.0000000 0.0000000 0.9205544
 50 L  50 0.0354755 0.1463501 0.0218821 0.0151893 0.0000000 0.0272936 0.1355481 0.0000000 0.0392311 0.0673680 0.0354218 0.0161284 0.0052199 0.0329501 0.0000000 0.0778654 0.1229738 0.0000000 0.0141237 0.2069793
 51 Y  51 0.0074876 0.0000000 0.0063035 0.0000000 0.0000000 0.0000000 0.0044336 0.0000000 0.0326781 0.0000000 0.0117752 0.0000000 0.0000000 0.1564865 0.0000000 0.0258593 0.0025046 0.0000000 0.7524717 0.0000000
 52 K  52 0.0378463 0.0936737 0.0750828 0.0873437 0.0000000 0.0637813 0.0976396 0.0090555 0.0617206 0.0132824 0.0274999 0.0916625 0.0062205 0.0097409 0.0130995 0.0724109 0.1934824 0.0000000 0.0213211 0.0251364
 53 G  53 0.0050302 0.0110750 0.0175545 0.0383900 0.0000000 0.0277039 0.0319633 0.8086933 0.0048347 0.0000000 0.0000000 0.0147910 0.0046836 0.0103039 0.0000000 0.0249767 0.0000000 0.0000000 0.0000000 0.0000000
 54 A  54 0.1576826 0.0133074 0.0123428 0.0290014 0.0000000 0.0177335 0.0103039 0.0106151 0.0119939 0.3333870 0.0708021 0.0000000 0.0072457 0.0000000 0.0984305 0.0331371 0.0583675 0.0000000 0.0088885 0.1267610
 55 V  55 0.0193156 0.0132339 0.0000000 0.0000000 0.0000000 0.0055416 0.0044597 0.0000000 0.0000000 0.0288169 0.4888831 0.1692966 0.0286193 0.0000000 0.0793521 0.0000000 0.0256092 0.0000000 0.0000000 0.1368719
 56 P  56 0.0193525 0.0208754 0.0000000 0.0000000 0.0000000 0.0000000 0.0000000 0.0000000 0.0040559 0.0000000 0.0000000 0.0087058 0.0000000 0.0000000 0.9251614 0.0218490 0.0000000 0.0000000 0.0000000 0.0000000
 57 D  57 0.0663436 0.0000000 0.0302643 0.6389351 0.0000000 0.0914752 0.0229675 0.0238654 0.0056151 0.0000000 0.0088885 0.0000000 0.0103039 0.0086511 0.0414847 0.0432226 0.0049346 0.0000000 0.0000000 0.0030482
 58 T  58 0.0210192 0.0000000 0.1157781 0.0995830 0.0000000 0.0102349 0.0150995 0.0176888 0.0047215 0.0127183 0.5123894 0.0000000 0.0348450 0.0197597 0.0138276 0.0069047 0.1091267 0.0000000 0.0000000 0.0063035
 59 F  59 0.0000000 0.0000000 0.0088885 0.0000000 0.0000000 0.0064484 0.0000000 0.0000000 0.0056151 0.0186831 0.0634267 0.0000000 0.0152105 0.8691385 0.0000000 0.0000000 0.0000000 0.0000000 0.0062849 0.0063043
 60 K  60 0.0707549 0.3763748 0.0070574 0.0450367 0.0000000 0.0432850 0.1445079 0.0409018 0.0000000 0.0029148 0.0000000 0.1718878 0.0045257 0.0111383 0.0000000 0.0310982 0.0233854 0.0000000 0.0000000 0.0271313
 61 P  61 0.0295905 0.0595924 0.0313708 0.0837638 0.0000000 0.0355230 0.6176914 0.0034802 0.0141307 0.0000000 0.0130575 0.0371472 0.0053229 0.0000000 0.0330002 0.0276927 0.0086366 0.0000000 0.0000000 0.0000000
 62 G  62 0.1044646 0.0074173 0.0546520 0.0514713 0.0000000 0.0000000 0.0160608 0.6431166 0.0043713 0.0000000 0.0034211 0.0195852 0.0000000 0.0000000 0.0000000 0.0954397 0.0000000 0.0000000 0.0000000 0.0000000
 63 V  63 0.0650766 0.0228225 0.0105719 0.0248861 0.0000000 0.3729468 0.1211286 0.0045257 0.0349845 0.0476001 0.0000000 0.0579930 0.0000000 0.0000000 0.0000000 0.0575851 0.0459332 0.0053567 0.0355988 0.0929904
 64 E  64 0.0303573 0.0339173 0.0095810 0.0148771 0.0000000 0.1212903 0.0725453 0.4915453 0.0312295 0.0064777 0.0000000 0.0140265 0.0000000 0.0000000 0.0307676 0.1024283 0.0200218 0.0053358 0.0041558 0.0114433
 65 V  65 0.1268190 0.0000000 0.0000000 0.0000000 0.0000000 0.0000000 0.0000000 0.0000000 0.0000000 0.2502125 0.0271044 0.0000000 0.0364035 0.0000000 0.0000000 0.0000000 0.0074851 0.0000000 0.0000000 0.5519755
 66 I  66 0.0055724 0.0111691 0.0000000 0.0000000 0.0000000 0.0000000 0.0000000 0.0000000 0.0000000 0.2295213 0.0151825 0.0000000 0.0075775 0.0000000 0.0000000 0.0171887 0.0128903 0.0000000 0.0000000 0.7008982
 67 I  67 0.3549531 0.0000000 0.0000000 0.0000000 0.0401059 0.0000000 0.0000000 0.0323480 0.0000000 0.0451222 0.0980817 0.0000000 0.0248538 0.0000000 0.0000000 0.0023016 0.0405620 0.0000000 0.0000000 0.3616717
 68 E  68 0.0053372 0.0276127 0.0112596 0.0227396 0.0000000 0.1444475 0.3186241 0.0064523 0.0050370 0.0991242 0.0179666 0.0545457 0.0156504 0.0018685 0.0000000 0.0216782 0.1730378 0.0000000 0.0022601 0.0723584
 69 G  69 0.0135209 0.0055521 0.0000000 0.0000000 0.0000000 0.0000000 0.0000000 0.9691114 0.0000000 0.0000000 0.0000000 0.0000000 0.0000000 0.0000000 0.0000000 0.0000000 0.0000000 0.0000000 0.0000000 0.0118156
 70 G  70 0.0403603 0.2106864 0.0095639 0.0073354 0.0000000 0.0532886 0.0377371 0.0360914 0.0317474 0.0126502 0.0150364 0.2049888 0.0141416 0.0246847 0.0000000 0.0765373 0.1256085 0.0000000 0.0177803 0.0817617
 71 L  71 0.0042463 0.0018301 0.0000000 0.0000000 0.0109868 0.0000000 0.0000000 0.0056353 0.0000000 0.0211888 0.3328141 0.0141074 0.2153758 0.1450910 0.0000000 0.0000000 0.0000000 0.0235718 0.1451965 0.0799561
 72 A  72 0.0553315 0.0400631 0.0520523 0.0891629 0.0000000 0.1406952 0.0699801 0.0541273 0.0069256 0.0914142 0.0338163 0.1192882 0.0000000 0.0172089 0.0200940 0.0544013 0.0541293 0.0027500 0.0184297 0.0801300
 73 P  73 0.0260020 0.0046306 0.0525562 0.2863373 0.0000000 0.0242692 0.0792008 0.2405846 0.0000000 0.0000000 0.0056734 0.0234668 0.0000000 0.0000000 0.1610702 0.0656658 0.0241566 0.0000000 0.0000000 0.0063867
 74 G  74 0.1937226 0.0335263 0.1338313 0.0452870 0.0000000 0.0250787 0.1461337 0.1851268 0.0241083 0.0000000 0.0049388 0.0605805 0.0026184 0.0136143 0.0352458 0.0579856 0.0318090 0.0000000 0.0028397 0.0035532
 75 E  75 0.0216567 0.0366275 0.1217601 0.2787161 0.0000000 0.1212455 0.1036717 0.0526614 0.0096071 0.0000000 0.0039474 0.0368776 0.0000000 0.0000000 0.0181163 0.1003316 0.0930023 0.0000000 0.0000000 0.0017787
 76 D  76 0.0203483 0.0395902 0.0779092 0.0782047 0.0101617 0.0519956 0.0074652 0.5805634 0.0244251 0.0000000 0.0043736 0.0447799 0.0000000 0.0000000 0.0098399 0.0172143 0.0222359 0.0000000 0.0082054 0.0026877
 77 T  77 0.0395049 0.0473573 0.0047823 0.0124747 0.0000000 0.0070419 0.0193152 0.0116032 0.0263835 0.0662679 0.0525438 0.0444324 0.0197636 0.0175948 0.0043976 0.0177426 0.1948383 0.0014475 0.0277088 0.3847996
 78 F  78 0.0000000 0.0000000 0.0000000 0.0000000 0.0000000 0.0000000 0.0000000 0.0000000 0.0000000 0.0574879 0.1348680 0.0000000 0.0080578 0.7716424 0.0000000 0.0000000 0.0000000 0.0000000 0.0000000 0.0279439
 79 K  79 0.0324757 0.0691694 0.0290829 0.0023765 0.0000000 0.0917714 0.1513636 0.0063836 0.0914668 0.0926965 0.0378537 0.0668795 0.0308744 0.0089819 0.0000000 0.0355375 0.0343433 0.0000000 0.0303847 0.1883587
 80 A  80 0.8444666 0.0000000 0.0000000 0.0000000 0.0354434 0.0000000 0.0000000 0.0383502 0.0000000 0.0103039 0.0000000 0.0000000 0.0000000 0.0000000 0.0062920 0.0562046 0.0049138 0.0000000 0.0000000 0.0040254
 81 R  81 0.0086745 0.0469123 0.0659024 0.2420225 0.0000000 0.0390225 0.1054261 0.0022032 0.0240344 0.0135958 0.0000000 0.0651391 0.0000000 0.0129615 0.0000000 0.1489910 0.2062073 0.0000000 0.0000000 0.0189074
 82 T  82 0.0073336 0.0758678 0.0603528 0.0578406 0.0000000 0.0767833 0.3572182 0.0000000 0.0062693 0.0037647 0.0117305 0.1537552 0.0057716 0.0000000 0.0000000 0.0458111 0.1311977 0.0000000 0.0000000 0.0063035
 83 L  83 0.0000000 0.0000000 0.0000000 0.0000000 0.0000000 0.0000000 0.0000000 0.0000000 0.0000000 0.2509921 0.2870608 0.0000000 0.0377262 0.0000000 0.0000000 0.0000000 0.0000000 0.0000000 0.0086511 0.4155698
 84 M  84 0.0000000 0.0000000 0.0071249 0.0000000 0.0000000 0.0300531 0.0267023 0.0000000 0.0000000 0.0216775 0.7420684 0.0137498 0.0757308 0.0037302 0.0000000 0.0000000 0.0045698 0.0000000 0.0065152 0.0680781
 85 T  85 0.5251864 0.0000000 0.0000000 0.0000000 0.0170669 0.0000000 0.0000000 0.0000000 0.0000000 0.0471542 0.0439041 0.0000000 0.0743640 0.0000000 0.0000000 0.0089752 0.1413293 0.0000000 0.0000000 0.1420200
 86 K  86 0.0000000 0.0373977 0.0110920 0.0000000 0.0000000 0.0180700 0.0000000 0.0234020 0.0000000 0.0000000 0.0000000 0.9100384 0.0000000 0.0000000 0.0000000 0.0000000 0.0000000 0.0000000 0.0000000 0.0000000
 87 C  87 0.0000000 0.0000000 0.0000000 0.0000000 0.4332463 0.0000000 0.0000000 0.0000000 0.5667537 0.0000000 0.0000000 0.0000000 0.0000000 0.0000000 0.0000000 0.0000000 0.0000000 0.0000000 0.0000000 0.0000000
 88 P  88 0.0325576 0.0000000 0.0029961 0.4975308 0.0000000 0.0000000 0.0000000 0.0040623 0.0024312 0.0000000 0.0000000 0.0000000 0.0000000 0.0000000 0.4005664 0.0487363 0.0111192 0.0000000 0.0000000 0.0000000
 89 S  89 0.0091687 0.0000000 0.0179726 0.0067036 0.0000000 0.0045568 0.5240946 0.0024555 0.0000000 0.0000000 0.0000000 0.0000000 0.0000000 0.0000000 0.0000000 0.4288483 0.0061998 0.0000000 0.0000000 0.0000000
 90 K  90 0.0000000 0.0668712 0.2350516 0.0116703 0.0000000 0.0048945 0.0721516 0.0000000 0.0103815 0.0021443 0.0000000 0.4556362 0.0000000 0.0000000 0.0000000 0.0224627 0.1106427 0.0000000 0.0016705 0.0064229
 91 Y  91 0.0000000 0.0000000 0.0000000 0.0000000 0.0000000 0.0000000 0.0000000 0.0000000 0.0000000 0.0000000 0.0000000 0.0000000 0.0000000 0.0280171 0.0000000 0.0000000 0.0000000 0.0000000 0.9719829 0.0000000
 92 Q  92 0.0141111 0.0454701 0.0371018 0.0160282 0.0000000 0.1237710 0.1889021 0.0000000 0.0051131 0.0034629 0.0000000 0.0470013 0.4044326 0.0000000 0.0000000 0.0186874 0.0727390 0.0000000 0.0052738 0.0179057
 93 K  93 0.0975375 0.0000000 0.0368675 0.0691343 0.0000000 0.0164657 0.0905314 0.0135986 0.0000000 0.0000000 0.0000000 0.0564177 0.0000000 0.0000000 0.5279369 0.0592006 0.0119049 0.0000000 0.0000000 0.0204049
 94 E  94 0.0996486 0.0528009 0.0063363 0.0501635 0.0000000 0.0689418 0.1145813 0.0498880 0.0000000 0.0110356 0.0000000 0.1673298 0.0110451 0.0000000 0.3502622 0.0113152 0.0066516 0.0000000 0.0000000 0.0000000
 95 N  95 0.0058687 0.0000000 0.0454600 0.0895949 0.0000000 0.0654495 0.5842007 0.0000000 0.0000000 0.0000000 0.0077596 0.1344983 0.0000000 0.0000000 0.0333187 0.0130763 0.0125718 0.0000000 0.0000000 0.0082016
 96 R  96 0.0320448 0.1501007 0.0000000 0.0534629 0.0000000 0.1561725 0.2585542 0.0528896 0.0000000 0.0000000 0.0582453 0.1113582 0.0189744 0.0000000 0.0614832 0.0000000 0.0000000 0.0000000 0.0000000 0.0467140
 97 G  97 0.0000000 0.0000000 0.0000000 0.0000000 0.0000000 0.0000000 0.0000000 1.0000000 0.0000000 0.0000000 0.0000000 0.0000000 0.0000000 0.0000000 0.0000000 0.0000000 0.0000000 0.0000000 0.0000000 0.0000000
