   93         A         R         N         D         C         Q         E         G         H         I         L         K         M         F         P         S         T         W         Y         V         X    
  1 G   1 0.0260668 0.0000000 0.0000000 0.0000000 0.0000000 0.0000000 0.0000000 0.0326574 0.0000000 0.0000000 0.0000000 0.0000000 0.0000000 0.0000000 0.1369013 0.0238511 0.0000000 0.0000000 0.0000000 0.0000000 0.7805234
  2 S   2 0.0000000 0.0032862 0.0000000 0.0000000 0.0094326 0.0000000 0.0000000 0.0000000 0.0030206 0.0000000 0.0000000 0.0000000 0.0000000 0.0000000 0.0000000 0.2899065 0.2590011 0.0000000 0.0000000 0.0000000 0.4353531
  3 E   3 0.0023966 0.0091389 0.0042273 0.1316347 0.0000000 0.1370289 0.1563684 0.0032005 0.0000000 0.0000000 0.0078632 0.0656107 0.0000000 0.0000000 0.1002072 0.0109330 0.0303126 0.0000000 0.0036985 0.0015058 0.3358738
  4 L   4 0.0275230 0.0000000 0.0014080 0.0025032 0.0000000 0.0000000 0.0025689 0.0000000 0.0000000 0.0164695 0.4810948 0.0000000 0.0865655 0.0041060 0.0000000 0.0288988 0.0551639 0.0000000 0.0000000 0.0356962 0.2580023
  5 E   5 0.0038180 0.0000000 0.0031470 0.0119869 0.0000000 0.0180799 0.5875814 0.0000000 0.0000000 0.0023103 0.1281625 0.0021945 0.0000000 0.0033699 0.0021890 0.0030023 0.0063482 0.0000000 0.0000000 0.0000000 0.2278099
  6 T   6 0.0178760 0.1525962 0.0435040 0.0312938 0.0078141 0.0871242 0.0999302 0.0070992 0.0415817 0.0035579 0.0197068 0.1466223 0.0118576 0.0000000 0.0000000 0.0491560 0.0451670 0.0040654 0.0036454 0.0029008 0.2245015
  7 A   7 0.3315717 0.0025645 0.0449531 0.0368400 0.0584942 0.0045784 0.0571513 0.0263078 0.0144753 0.0000000 0.0084885 0.0000000 0.0000000 0.0058027 0.0000000 0.1595579 0.0138272 0.0000000 0.0017791 0.0141614 0.2194469
  8 M   8 0.0075953 0.0057141 0.0000000 0.0020884 0.0018857 0.0030790 0.0048355 0.0000000 0.0000000 0.3652676 0.1205778 0.0000000 0.1868853 0.0067744 0.0077289 0.0000000 0.0037701 0.0000000 0.0000000 0.0865428 0.1972552
  9 E   9 0.0948148 0.0314554 0.0572247 0.0578475 0.0125715 0.0295443 0.2734053 0.0282568 0.0148171 0.0260199 0.0551880 0.0403661 0.0071157 0.0368058 0.0021131 0.0196849 0.0202189 0.0000000 0.0000000 0.0609774 0.1315728
 10 T  10 0.0664238 0.0055145 0.0445351 0.0367321 0.0346296 0.0145396 0.0915922 0.0566527 0.0212914 0.0073975 0.0439395 0.0281053 0.0149973 0.0049668 0.0069032 0.1091025 0.2383849 0.0000000 0.0042966 0.0393322 0.1306632
 11 L  11 0.0569584 0.0057209 0.0000000 0.0000000 0.0000000 0.0000000 0.0000000 0.0000000 0.0000000 0.2397990 0.3314135 0.0000000 0.0957424 0.0159547 0.0049419 0.0057930 0.0173417 0.0000000 0.0000000 0.1294060 0.0969285
 12 I  12 0.0325246 0.0570864 0.0018454 0.0000000 0.0000000 0.0099623 0.0081890 0.0000000 0.0000000 0.3691263 0.0498861 0.0312063 0.0490133 0.0587415 0.0000000 0.0044925 0.0230437 0.0000000 0.0123912 0.1994000 0.0930914
 13 N  13 0.0999699 0.0672593 0.0727917 0.1239574 0.0151009 0.0128043 0.1458559 0.0158677 0.0225343 0.0018068 0.0595252 0.0968006 0.0086504 0.0411026 0.0000000 0.0539176 0.0603968 0.0000000 0.0089441 0.0079641 0.0847503
 14 V  14 0.1138874 0.0057037 0.0208441 0.0000000 0.0379106 0.0226742 0.0101552 0.0018479 0.0012416 0.1322794 0.0468132 0.0050456 0.0164307 0.0020334 0.0000000 0.0070553 0.1953769 0.0000000 0.0000000 0.3003636 0.0803371
 15 F  15 0.0000000 0.0000000 0.0000000 0.0000000 0.0030249 0.0000000 0.0000000 0.0000000 0.0000000 0.0058173 0.0060045 0.0000000 0.0000000 0.8560909 0.0000000 0.0000000 0.0000000 0.0045618 0.0596344 0.0038999 0.0609663
 16 H  16 0.0054853 0.0603714 0.0495265 0.0395054 0.0018695 0.1736812 0.0217944 0.0150925 0.3586478 0.0039000 0.0218374 0.0560990 0.0070190 0.0127131 0.0045084 0.0065037 0.0013311 0.0000000 0.0407135 0.0077902 0.1116104
 17 A  17 0.0194060 0.1049946 0.0506963 0.0042849 0.0132391 0.1461665 0.0751163 0.0036591 0.0248398 0.0076697 0.0151397 0.3245295 0.0228920 0.0011079 0.0000000 0.0257053 0.0237550 0.0021667 0.0000000 0.0146098 0.1200218
 18 H  18 0.0184703 0.0000000 0.0044873 0.0127483 0.0071364 0.0000000 0.0000000 0.0043093 0.0546129 0.0024899 0.0024050 0.0044932 0.0031392 0.1609451 0.0000000 0.0317262 0.0000000 0.0000000 0.5815547 0.0000000 0.1114820
 19 S  19 0.3866634 0.0047994 0.0126283 0.0237311 0.0067743 0.0000000 0.0058173 0.0000000 0.0000000 0.0093520 0.0000000 0.0000000 0.0028627 0.0357239 0.0000000 0.2769349 0.0348816 0.0000000 0.0000000 0.0099236 0.1899077
 20 G  20 0.0493351 0.0824272 0.0057723 0.2224163 0.0064752 0.0172386 0.0174289 0.2238743 0.0013853 0.0152065 0.0276574 0.0526082 0.0036367 0.0022115 0.0062625 0.0676155 0.0312542 0.0000000 0.0000000 0.0519091 0.1152855
 21 K  21 0.0215732 0.1466434 0.0272437 0.0763376 0.0059688 0.0619591 0.0528376 0.0368592 0.0160236 0.0129435 0.0237133 0.2784231 0.0037034 0.0022532 0.0226055 0.0386838 0.0516334 0.0000000 0.0044422 0.0123165 0.1038359
 22 E  22 0.0240464 0.0155408 0.0489889 0.3759052 0.0113614 0.0166590 0.2328804 0.0190838 0.0150621 0.0031165 0.0109542 0.0696231 0.0015000 0.0000000 0.0026439 0.0142257 0.0095589 0.0000000 0.0050156 0.0134994 0.1103347
 23 G  23 0.0082197 0.0099305 0.0104869 0.0826597 0.0154841 0.0014383 0.0321427 0.6723110 0.0000000 0.0000000 0.0000000 0.0269275 0.0000000 0.0000000 0.0070885 0.0300665 0.0000000 0.0000000 0.0000000 0.0048833 0.0983613
 24 D  24 0.0043436 0.0271570 0.2244455 0.3302221 0.0068630 0.0166674 0.0501694 0.0196892 0.0529117 0.0000000 0.0000000 0.0370503 0.0000000 0.0000000 0.0026771 0.0776920 0.0096827 0.0000000 0.0075015 0.0178027 0.1151248
 25 K  25 0.0169321 0.0281500 0.0532102 0.0230278 0.0646206 0.0074550 0.0051595 0.0713701 0.0093980 0.0000000 0.0089948 0.2310493 0.0132854 0.0109289 0.0510537 0.1156084 0.0285910 0.0038999 0.0217890 0.0154401 0.2200359
 26 Y  26 0.0429506 0.0196635 0.0576798 0.1440908 0.0347906 0.0079161 0.0531422 0.2557795 0.0436764 0.0000000 0.0208549 0.0306465 0.0027760 0.0552290 0.0126557 0.0360246 0.0301893 0.0074704 0.0450038 0.0053401 0.0941203
 27 K  27 0.0487797 0.0324091 0.0102648 0.0000000 0.0000000 0.0494497 0.0088492 0.0080060 0.0098656 0.0000000 0.0238162 0.1840942 0.0230142 0.0116343 0.0000000 0.0769830 0.2836308 0.0000000 0.1348745 0.0274806 0.0668481
 28 L  28 0.0000000 0.0049542 0.0000000 0.0000000 0.0000000 0.0000000 0.0000000 0.0048295 0.0052457 0.2830857 0.5967786 0.0000000 0.0452398 0.0043194 0.0000000 0.0048833 0.0000000 0.0000000 0.0000000 0.0277666 0.0228973
 29 S  29 0.0018468 0.0043038 0.0982416 0.0714241 0.0324746 0.0116298 0.0235688 0.0193502 0.0000000 0.0028820 0.0000000 0.0287420 0.0178349 0.0037922 0.0048833 0.4318164 0.1982172 0.0000000 0.0230193 0.0016879 0.0242851
 30 K  30 0.0562444 0.1530397 0.0211273 0.0086528 0.0069386 0.0390971 0.0040518 0.0183847 0.0104317 0.0135810 0.0342097 0.4797613 0.0030140 0.0154064 0.0296395 0.0159075 0.0242135 0.0000000 0.0132749 0.0301269 0.0228973
 31 K  31 0.1301392 0.0534833 0.0355692 0.1155949 0.0048352 0.0465468 0.1418946 0.1221202 0.0015610 0.0010434 0.0021964 0.1441900 0.0012132 0.0012132 0.0166601 0.0710125 0.0726787 0.0026933 0.0069719 0.0103387 0.0180443
 32 Q  32 0.0117335 0.0041060 0.0099811 0.0945661 0.0000000 0.0172310 0.7752651 0.0155416 0.0024551 0.0019525 0.0000000 0.0154225 0.0000000 0.0000000 0.0000000 0.0163265 0.0128965 0.0000000 0.0000000 0.0028092 0.0197133
 33 L  33 0.0259492 0.0000000 0.0000000 0.0000000 0.0000000 0.0000000 0.0000000 0.0000000 0.0000000 0.0112309 0.6759742 0.0000000 0.0480232 0.1836699 0.0086534 0.0067272 0.0053137 0.0000000 0.0000000 0.0147451 0.0197133
 34 K  34 0.0315849 0.1850413 0.0044565 0.0013040 0.0045608 0.0781158 0.0363522 0.0197951 0.0120688 0.0037910 0.0779935 0.4619692 0.0024602 0.0100116 0.0038180 0.0201564 0.0112307 0.0000000 0.0018479 0.0043475 0.0290946
 35 E  35 0.0496924 0.0634125 0.0649065 0.0697238 0.0000000 0.1389135 0.2183845 0.0158289 0.0392131 0.0082724 0.0197192 0.1056929 0.0105665 0.0000000 0.0026996 0.0771051 0.0492216 0.0000000 0.0000000 0.0367170 0.0299306
 36 L  36 0.0854694 0.0000000 0.0000000 0.0000000 0.0000000 0.0000000 0.0000000 0.0046127 0.0000000 0.0102972 0.6295611 0.0000000 0.0772186 0.0711285 0.0000000 0.0028987 0.0092926 0.0000000 0.0017537 0.0753856 0.0323820
 37 L  37 0.0236894 0.0000000 0.0000000 0.0000000 0.0000000 0.0000000 0.0000000 0.0000000 0.0000000 0.0963303 0.4801511 0.0032177 0.2305447 0.0200541 0.0041300 0.0000000 0.0077005 0.0000000 0.0000000 0.1055581 0.0286240
 38 Q  38 0.0225410 0.0800298 0.1036996 0.0098460 0.0012652 0.1417397 0.2179570 0.0243457 0.0167333 0.0021079 0.0465371 0.1134503 0.0154917 0.0011626 0.0000000 0.0245262 0.1230144 0.0000000 0.0018879 0.0129270 0.0407374
 39 T  39 0.0713676 0.0744331 0.0730553 0.0509565 0.0031964 0.0573769 0.0683115 0.0329629 0.0117688 0.0100914 0.0022231 0.2616890 0.0047131 0.0013860 0.0070240 0.0813780 0.1425909 0.0000000 0.0017752 0.0079942 0.0357062
 40 E  40 0.0030070 0.0048544 0.0450191 0.0258274 0.0082447 0.1088758 0.5554538 0.0085577 0.0015970 0.0032220 0.0296896 0.0126614 0.0083517 0.0000000 0.0000000 0.0196093 0.0110397 0.0000000 0.0000000 0.0000000 0.1539895
 41 L  41 0.0191247 0.0031165 0.0000000 0.0045618 0.0258208 0.0016627 0.0000000 0.0133815 0.0048295 0.0166176 0.4018263 0.0000000 0.0341852 0.2580569 0.0094116 0.0060482 0.0022651 0.0000000 0.0063898 0.0270902 0.1656115
 42 S  42 0.1251002 0.0399340 0.0132565 0.0070621 0.0050285 0.0130665 0.0266249 0.1318250 0.0143516 0.0056690 0.0088210 0.0138717 0.0037302 0.0000000 0.3335634 0.0549048 0.0295501 0.0000000 0.0031392 0.0050650 0.1654362
 43 G  43 0.0646759 0.0218145 0.1410916 0.1315627 0.0041111 0.0423650 0.0555214 0.0694197 0.0659593 0.0059918 0.0118389 0.0244968 0.0000000 0.0000000 0.0283740 0.0821663 0.0594224 0.0031165 0.0000000 0.0196570 0.1684152
 44 F  44 0.0217593 0.0000000 0.0087822 0.0036972 0.0075051 0.0126962 0.0016178 0.0000000 0.0000000 0.1077185 0.1397794 0.0066079 0.0276733 0.3217377 0.0232905 0.0105802 0.0236980 0.0284577 0.0379205 0.0563771 0.1601015
 45 L  45 0.0112548 0.0082732 0.0028211 0.0016521 0.0084451 0.0037450 0.0063130 0.0304575 0.0080515 0.0698769 0.4842260 0.0058481 0.0688715 0.0184535 0.0169325 0.0231078 0.0923289 0.0000000 0.0000000 0.0586131 0.0807287
 46 D  46 0.0105428 0.0401839 0.0049419 0.0258008 0.0246799 0.0954687 0.0960422 0.1812597 0.0036946 0.0053032 0.0105117 0.2629030 0.0066619 0.0078886 0.0497663 0.0421968 0.0239719 0.0030451 0.0223468 0.0251899 0.0576004
 47 A  47 0.0170526 0.0467563 0.1873657 0.0884020 0.0190245 0.0230782 0.1069411 0.1137002 0.0321212 0.0000000 0.0102880 0.1131365 0.0095710 0.0000000 0.0279160 0.0484734 0.0513192 0.0000000 0.0120955 0.0084219 0.0843370
 48 Q  48 0.0542747 0.0681457 0.0214208 0.0130752 0.0184096 0.1717242 0.0476532 0.0292588 0.0236586 0.0234193 0.0243571 0.1151192 0.0411146 0.0000000 0.1437907 0.0314611 0.0463345 0.0057037 0.0063155 0.0283760 0.0863875
 49 K  49 0.0126190 0.0312285 0.0690192 0.0477326 0.0019670 0.0385292 0.0428249 0.0622785 0.0473455 0.0140474 0.0950732 0.2545898 0.0237007 0.0177195 0.0164629 0.0286970 0.0344446 0.0000000 0.0104496 0.0434317 0.1078393
 50 D  50 0.0095535 0.0232046 0.1000258 0.4577584 0.0049554 0.0136744 0.0552756 0.0394165 0.0050178 0.0015057 0.0091155 0.0143293 0.0022845 0.0021162 0.0131957 0.0438388 0.0766296 0.0000000 0.0000000 0.0135438 0.1145589
 51 V  51 0.0329286 0.0274224 0.0150922 0.0846710 0.0017853 0.0525938 0.1546059 0.0122130 0.0131568 0.0184788 0.0209355 0.0846462 0.0066076 0.0068618 0.3029653 0.0337464 0.0173279 0.0000000 0.0060410 0.0212406 0.0866798
 52 D  52 0.1349947 0.0275059 0.0460384 0.1132972 0.0273211 0.0475936 0.1646011 0.0756051 0.0281434 0.0077136 0.0420418 0.0517242 0.0143548 0.0000000 0.0360608 0.0609124 0.0165160 0.0000000 0.0204016 0.0196814 0.0654929
 53 A  53 0.1717487 0.0061183 0.0043021 0.0584232 0.0018393 0.0114606 0.1209032 0.0453327 0.0000000 0.0346373 0.0304607 0.0611582 0.0087904 0.0170928 0.0013398 0.0479365 0.1906917 0.0047994 0.0546899 0.0838318 0.0444435
 54 V  54 0.0578872 0.0044932 0.0060431 0.0000000 0.0104797 0.0000000 0.0000000 0.0016437 0.0000000 0.1802205 0.2442605 0.0042353 0.0201715 0.0217772 0.0000000 0.0066661 0.0000000 0.0123769 0.0444959 0.3610227 0.0242267
 55 D  55 0.0327521 0.0302533 0.0565159 0.4543704 0.0136866 0.0465356 0.1462130 0.0253968 0.0080243 0.0042353 0.0023686 0.1109121 0.0000000 0.0000000 0.0021893 0.0166078 0.0231219 0.0000000 0.0030206 0.0021851 0.0216113
 56 K  56 0.0246452 0.0644336 0.0626932 0.0757365 0.0091039 0.0463729 0.2752982 0.0057985 0.0254408 0.0260667 0.0188546 0.2196331 0.0025051 0.0000000 0.0000000 0.0430706 0.0335460 0.0000000 0.0028458 0.0424847 0.0214704
 57 V  57 0.0175849 0.0000000 0.0198891 0.0019970 0.0042353 0.0042952 0.0052457 0.0026996 0.0035210 0.2888535 0.2077532 0.0231421 0.1662226 0.0559983 0.0012041 0.0048708 0.0237185 0.0202270 0.0047994 0.1125489 0.0311939
 58 M  58 0.0045618 0.0051708 0.0000000 0.0000000 0.0000000 0.0042987 0.0000000 0.0037034 0.0000000 0.1642708 0.2224571 0.0016196 0.3635260 0.1911190 0.0000000 0.0033581 0.0000000 0.0034830 0.0000000 0.0110989 0.0213329
 59 K  59 0.0250714 0.1252779 0.0797638 0.0578385 0.0087316 0.1176778 0.1237227 0.0205956 0.0242547 0.0043320 0.0018916 0.2654615 0.0103192 0.0015363 0.0024483 0.0842640 0.0224055 0.0000000 0.0030745 0.0000000 0.0213329
 60 E  60 0.0565975 0.0208603 0.0539783 0.2129720 0.0030153 0.0525701 0.2065534 0.0218216 0.0163767 0.0138476 0.0936390 0.0901787 0.0187958 0.0140637 0.0000000 0.0618198 0.0181034 0.0019192 0.0000000 0.0215548 0.0213329
 61 L  61 0.0946560 0.0000000 0.0041883 0.0000000 0.0052745 0.0116482 0.0000000 0.0050487 0.0000000 0.0234676 0.5805657 0.0249413 0.0511777 0.0255114 0.0042353 0.0000000 0.0077259 0.0000000 0.0057037 0.1345229 0.0213329
 62 D  62 0.0038180 0.0000000 0.0159700 0.9037093 0.0032837 0.0000000 0.0128533 0.0252241 0.0022003 0.0023600 0.0000000 0.0000000 0.0038370 0.0000000 0.0000000 0.0019283 0.0034830 0.0000000 0.0000000 0.0000000 0.0213329
 63 E  63 0.0907176 0.0876155 0.0121497 0.0190438 0.0019187 0.0642054 0.1033588 0.0138301 0.0147732 0.0689496 0.0919140 0.1447451 0.0186763 0.0074204 0.0000000 0.0516439 0.1253841 0.0041060 0.0000000 0.0582148 0.0213329
 64 N  64 0.0000000 0.0056202 0.4956299 0.3660013 0.0270288 0.0146110 0.0048498 0.0027904 0.0145072 0.0000000 0.0000000 0.0096986 0.0000000 0.0000000 0.0000000 0.0123316 0.0039271 0.0000000 0.0030774 0.0040170 0.0359095
 65 G  65 0.0174360 0.0878994 0.0888829 0.0152445 0.0234950 0.0737722 0.0231889 0.2276738 0.0894975 0.0000000 0.0077801 0.1637209 0.0025796 0.0060431 0.0130761 0.0984996 0.0290816 0.0000000 0.0000000 0.0028971 0.0292318
 66 D  66 0.0021648 0.0000000 0.1038245 0.7574392 0.0000000 0.0000000 0.0257965 0.0211283 0.0083242 0.0000000 0.0000000 0.0020254 0.0000000 0.0000000 0.0000000 0.0271484 0.0184295 0.0000000 0.0032837 0.0000000 0.0304355
 67 G  67 0.0280426 0.0246460 0.0778505 0.0284963 0.0152011 0.0571811 0.0210225 0.5654469 0.0039320 0.0000000 0.0025540 0.0814548 0.0000000 0.0000000 0.0000000 0.0592817 0.0000000 0.0049419 0.0034830 0.0000000 0.0264656
 68 E  68 0.0326455 0.0970093 0.0109380 0.0036541 0.0125273 0.1773105 0.2004800 0.0089354 0.0265171 0.0064746 0.0255941 0.2004827 0.0000000 0.0097093 0.0000000 0.0234339 0.0856489 0.0000000 0.0186323 0.0326737 0.0273333
 69 V  69 0.0000000 0.0000000 0.0000000 0.0000000 0.0091223 0.0000000 0.0040170 0.0000000 0.0000000 0.3506779 0.1860365 0.0000000 0.0073986 0.0019286 0.0022673 0.0000000 0.0022356 0.0000000 0.0000000 0.4089829 0.0273333
 70 D  70 0.0000000 0.0087985 0.1657552 0.4702455 0.0192008 0.0018873 0.0380232 0.0273611 0.0000000 0.0022266 0.0000000 0.0152668 0.0000000 0.0000000 0.0000000 0.1685917 0.0470419 0.0000000 0.0022043 0.0031293 0.0302680
 71 F  71 0.0000000 0.0000000 0.0000000 0.0000000 0.0000000 0.0061526 0.0000000 0.0000000 0.0000000 0.0000000 0.0114975 0.0000000 0.0000000 0.8631874 0.0000000 0.0034895 0.0000000 0.0000000 0.0854051 0.0000000 0.0302680
 72 Q  72 0.0174815 0.0378067 0.0722648 0.1196599 0.0038370 0.1995464 0.2542953 0.0277455 0.0342411 0.0023812 0.0063525 0.0649607 0.0015340 0.0000000 0.0090863 0.0566393 0.0494835 0.0000000 0.0000000 0.0096951 0.0329894
 73 E  73 0.0000000 0.0000000 0.0141464 0.0371923 0.0000000 0.0134384 0.8463560 0.0022286 0.0062232 0.0000000 0.0000000 0.0037922 0.0052457 0.0000000 0.0000000 0.0369066 0.0000000 0.0000000 0.0000000 0.0000000 0.0344706
 74 Y  74 0.0000000 0.0000000 0.0000000 0.0000000 0.0113007 0.0000000 0.0000000 0.0000000 0.0000000 0.0000000 0.0092632 0.0000000 0.0000000 0.7625865 0.0000000 0.0022089 0.0000000 0.0040125 0.1707883 0.0053692 0.0344706
 75 V  75 0.0259654 0.0023241 0.0000000 0.0000000 0.0399468 0.0089508 0.0104566 0.0000000 0.0024602 0.0614936 0.2671910 0.0063355 0.0874668 0.0380787 0.0051719 0.0269620 0.0091270 0.0640188 0.0029687 0.2817164 0.0593656
 76 V  76 0.0748723 0.0643613 0.0634314 0.0245526 0.0135925 0.0393457 0.0303896 0.0101236 0.0087930 0.0633592 0.1310139 0.0265866 0.0425560 0.0035506 0.0127062 0.0999887 0.0846403 0.0000000 0.0244793 0.0995352 0.0821218
 77 L  77 0.0370248 0.0000000 0.0045618 0.0000000 0.0075063 0.0105872 0.0000000 0.0047994 0.0023765 0.0270246 0.4122881 0.0000000 0.2256882 0.1063266 0.0000000 0.0123796 0.0038692 0.0000000 0.0098901 0.0531956 0.0824820
 78 V  78 0.0048823 0.0000000 0.0000000 0.0000000 0.0000000 0.0000000 0.0000000 0.0020062 0.0000000 0.2306859 0.1779398 0.0000000 0.1630945 0.0124643 0.0000000 0.0000000 0.0211611 0.0000000 0.0194242 0.2761262 0.0922156
 79 A  79 0.1981882 0.0095944 0.0089031 0.0083059 0.0173035 0.0270498 0.0051924 0.1986829 0.0016710 0.0194478 0.0339892 0.0194252 0.0050415 0.1301179 0.0000000 0.0471141 0.0400429 0.0000000 0.0000000 0.0380577 0.1918725
 80 A  80 0.0525004 0.1008831 0.0251293 0.0379682 0.0354923 0.0280362 0.0384407 0.1320815 0.0013544 0.0041551 0.0112353 0.1823662 0.0130725 0.0037507 0.0031855 0.0705128 0.0255407 0.0043093 0.0140585 0.0126019 0.2033254
 81 L  81 0.0139542 0.0020021 0.0000000 0.0000000 0.0030153 0.0071980 0.0000000 0.0035266 0.0000000 0.1136659 0.4167915 0.0000000 0.0277611 0.0075369 0.0000000 0.0082814 0.0063386 0.0000000 0.0000000 0.1357992 0.2541292
 82 T  82 0.2971606 0.0000000 0.0000000 0.0029108 0.0324233 0.0000000 0.0000000 0.0180404 0.0000000 0.0153610 0.0629701 0.0000000 0.0263385 0.0074086 0.0000000 0.0396663 0.1846028 0.0000000 0.0000000 0.0436453 0.2694722
 83 V  83 0.0083289 0.0182154 0.0534585 0.0075647 0.0168585 0.0890693 0.0033530 0.0000000 0.0024481 0.1091709 0.0472829 0.0653028 0.0693201 0.0056654 0.0051014 0.0143567 0.0543300 0.0030526 0.0037490 0.1113838 0.3119879
 84 A  84 0.2943915 0.0035324 0.0000000 0.0532264 0.0238709 0.0045006 0.0115245 0.0186426 0.0078608 0.0268782 0.0365744 0.0040811 0.0451472 0.0049907 0.0000000 0.0126487 0.0250573 0.0052457 0.0140149 0.0260153 0.3817969
 85 C  85 0.0436700 0.0040085 0.0000000 0.0063586 0.3482375 0.0094347 0.0000000 0.0098937 0.0062231 0.0000000 0.0105607 0.0015574 0.0031293 0.0114424 0.0000000 0.0318545 0.0101846 0.0049419 0.0849035 0.0000000 0.4135997
 86 N  86 0.0037507 0.0000000 0.1491156 0.0106477 0.0000000 0.0043600 0.0167784 0.0022555 0.2570061 0.0000000 0.0000000 0.0079269 0.0015750 0.0216779 0.0000000 0.0088307 0.0000000 0.0000000 0.0889145 0.0000000 0.4271609
 87 N  87 0.0131366 0.0092777 0.0246403 0.0965921 0.0065090 0.0143302 0.1727741 0.0051401 0.0200003 0.0015518 0.0147737 0.1002993 0.0000000 0.0000000 0.0000000 0.0182042 0.0019673 0.0000000 0.0128680 0.0021667 0.4857688
 88 F  88 0.0378898 0.0088443 0.0106531 0.0199050 0.0143028 0.0314556 0.0180605 0.0000000 0.0190676 0.0272476 0.0160753 0.0424151 0.0017031 0.0880243 0.0000000 0.0506874 0.0217864 0.0000000 0.0866195 0.0169341 0.4883285
 89 F  89 0.0031855 0.0000000 0.0018907 0.0000000 0.0024259 0.0000000 0.0000000 0.0000000 0.0000000 0.0414335 0.0943115 0.0021585 0.0436418 0.2143162 0.0000000 0.0441744 0.0155138 0.0060730 0.0329887 0.0039537 0.4939328
 90 W  90 0.0015635 0.0160024 0.0043281 0.0042471 0.0049534 0.0416117 0.0374937 0.0113137 0.1361276 0.0044921 0.0467620 0.0420363 0.0045899 0.0000000 0.0000000 0.0399254 0.0086669 0.0041371 0.0037507 0.0706194 0.5173789
 91 E  91 0.0000000 0.0436347 0.0058975 0.0337851 0.0000000 0.0380645 0.0799079 0.0265574 0.0088017 0.0000000 0.0032325 0.1401347 0.0021539 0.0000000 0.0025540 0.0038624 0.0000000 0.0000000 0.0000000 0.0158462 0.5955675
 92 N  92 0.0206654 0.0016153 0.0256503 0.0282809 0.0131400 0.0470866 0.0727658 0.0058681 0.0387743 0.0000000 0.0000000 0.0065297 0.0000000 0.0000000 0.0000000 0.0471082 0.0139286 0.0000000 0.0037352 0.0000000 0.6748515
 93 S  93 0.0200677 0.0000000 0.0305533 0.0000000 0.0000000 0.0000000 0.0000000 0.0000000 0.0000000 0.0000000 0.0000000 0.0000000 0.0000000 0.0000000 0.0591350 0.0412478 0.0131151 0.0000000 0.0000000 0.0000000 0.8358810
