   93         A         R         N         D         C         Q         E         G         H         I         L         K         M         F         P         S         T         W         Y         V    
  1 G   1 0.1228245 0.0000000 0.0000000 0.0000000 0.0000000 0.0000000 0.0000000 0.1410502 0.0000000 0.0000000 0.0000000 0.0000000 0.0000000 0.0000000 0.6161625 0.1199629 0.0000000 0.0000000 0.0000000 0.0000000
  2 S   2 0.0000000 0.0064506 0.0000000 0.0000000 0.0179366 0.0000000 0.0000000 0.0000000 0.0058168 0.0000000 0.0000000 0.0000000 0.0000000 0.0000000 0.0000000 0.5098990 0.4598970 0.0000000 0.0000000 0.0000000
  3 E   3 0.0035666 0.0148243 0.0066357 0.1949899 0.0000000 0.2068332 0.2288312 0.0049557 0.0000000 0.0000000 0.0123493 0.1002777 0.0000000 0.0000000 0.1549355 0.0169053 0.0471209 0.0000000 0.0054318 0.0023429
  4 L   4 0.0398556 0.0000000 0.0018983 0.0034431 0.0000000 0.0000000 0.0034946 0.0000000 0.0000000 0.0219939 0.6561194 0.0000000 0.1152896 0.0057743 0.0000000 0.0359355 0.0717263 0.0000000 0.0000000 0.0444694
  5 E   5 0.0043964 0.0000000 0.0041125 0.0162030 0.0000000 0.0238671 0.7549865 0.0000000 0.0000000 0.0030789 0.1706549 0.0029653 0.0000000 0.0045247 0.0029209 0.0040029 0.0082868 0.0000000 0.0000000 0.0000000
  6 T   6 0.0231276 0.1966452 0.0584245 0.0409072 0.0104411 0.1139620 0.1263651 0.0099359 0.0496342 0.0046672 0.0252787 0.1913076 0.0156637 0.0000000 0.0000000 0.0612165 0.0569972 0.0068035 0.0047591 0.0038639
  7 A   7 0.4177687 0.0033037 0.0597285 0.0473606 0.0765246 0.0056831 0.0678759 0.0344890 0.0190320 0.0000000 0.0111256 0.0000000 0.0000000 0.0082674 0.0000000 0.2109561 0.0181728 0.0000000 0.0023896 0.0173223
  8 M   8 0.0096955 0.0069223 0.0000000 0.0025992 0.0023458 0.0039067 0.0058535 0.0000000 0.0000000 0.4544981 0.1528125 0.0000000 0.2302698 0.0087060 0.0092139 0.0000000 0.0047927 0.0000000 0.0000000 0.1083841
  9 E   9 0.1127165 0.0337852 0.0676556 0.0673500 0.0148994 0.0347341 0.3055208 0.0324966 0.0174657 0.0308587 0.0654410 0.0448886 0.0083059 0.0438197 0.0024941 0.0231438 0.0246866 0.0000000 0.0000000 0.0697380
 10 T  10 0.0753888 0.0061591 0.0519064 0.0424876 0.0408314 0.0172073 0.1002876 0.0679236 0.0232827 0.0088314 0.0509139 0.0330080 0.0178115 0.0066292 0.0079292 0.1284115 0.2691951 0.0000000 0.0051522 0.0466436
 11 L  11 0.0609200 0.0066246 0.0000000 0.0000000 0.0000000 0.0000000 0.0000000 0.0000000 0.0000000 0.2720362 0.3594729 0.0000000 0.1052165 0.0179025 0.0057686 0.0066808 0.0204207 0.0000000 0.0000000 0.1449571
 12 I  12 0.0369074 0.0592404 0.0021064 0.0000000 0.0000000 0.0104903 0.0091836 0.0000000 0.0000000 0.4128462 0.0562304 0.0328768 0.0512141 0.0609853 0.0000000 0.0051082 0.0268197 0.0000000 0.0134099 0.2225812
 13 N  13 0.1091057 0.0718795 0.0794502 0.1368293 0.0172914 0.0140211 0.1610526 0.0184245 0.0255093 0.0018028 0.0640528 0.1039075 0.0092828 0.0434263 0.0000000 0.0589321 0.0660411 0.0000000 0.0100028 0.0089881
 14 V  14 0.1195267 0.0062325 0.0209258 0.0000000 0.0405441 0.0248426 0.0111949 0.0020500 0.0013012 0.1475211 0.0534207 0.0056707 0.0179278 0.0022358 0.0000000 0.0064863 0.2133494 0.0000000 0.0000000 0.3267704
 15 F  15 0.0000000 0.0000000 0.0000000 0.0000000 0.0034757 0.0000000 0.0000000 0.0000000 0.0000000 0.0062662 0.0066271 0.0000000 0.0000000 0.9088623 0.0000000 0.0000000 0.0000000 0.0051223 0.0653802 0.0042662
 16 H  16 0.0054825 0.0651665 0.0566829 0.0443751 0.0021665 0.1963691 0.0242401 0.0176714 0.4072598 0.0043915 0.0242020 0.0626088 0.0080904 0.0128645 0.0053421 0.0072215 0.0013965 0.0000000 0.0458372 0.0086317
 17 A  17 0.0192965 0.1194634 0.0597045 0.0048500 0.0155091 0.1697274 0.0827399 0.0042518 0.0279667 0.0087187 0.0166545 0.3708908 0.0247327 0.0012172 0.0000000 0.0295811 0.0258446 0.0025501 0.0000000 0.0163009
 18 H  18 0.0211682 0.0000000 0.0051332 0.0160473 0.0084619 0.0000000 0.0000000 0.0050327 0.0588294 0.0028187 0.0026191 0.0052737 0.0035346 0.1686727 0.0000000 0.0373031 0.0000000 0.0000000 0.6651055 0.0000000
 19 S  19 0.4785851 0.0060567 0.0165080 0.0278301 0.0086726 0.0000000 0.0072136 0.0000000 0.0000000 0.0115640 0.0000000 0.0000000 0.0036848 0.0405196 0.0000000 0.3424504 0.0445483 0.0000000 0.0000000 0.0123668
 20 G  20 0.0571307 0.0965552 0.0064905 0.2410655 0.0075104 0.0198745 0.0194354 0.2530231 0.0016233 0.0173062 0.0316544 0.0621351 0.0039574 0.0025290 0.0065016 0.0793493 0.0361628 0.0000000 0.0000000 0.0576958
 21 K  21 0.0245840 0.1643362 0.0309968 0.0830393 0.0069456 0.0723151 0.0589507 0.0418542 0.0184789 0.0141157 0.0260865 0.3069712 0.0042670 0.0026291 0.0263205 0.0433616 0.0562129 0.0000000 0.0051099 0.0134250
 22 E  22 0.0278947 0.0163998 0.0531736 0.4184271 0.0133741 0.0192976 0.2634392 0.0223471 0.0176187 0.0035414 0.0129223 0.0777924 0.0017779 0.0000000 0.0030923 0.0161102 0.0103979 0.0000000 0.0059251 0.0164685
 23 G  23 0.0084413 0.0103361 0.0118381 0.0904004 0.0178507 0.0015101 0.0371525 0.7430969 0.0000000 0.0000000 0.0000000 0.0314936 0.0000000 0.0000000 0.0082662 0.0338496 0.0000000 0.0000000 0.0000000 0.0057646
 24 D  24 0.0051909 0.0293366 0.2512096 0.3723830 0.0075953 0.0192645 0.0585428 0.0217016 0.0627552 0.0000000 0.0000000 0.0402936 0.0000000 0.0000000 0.0037987 0.0868804 0.0115259 0.0000000 0.0083814 0.0211406
 25 K  25 0.0221567 0.0386005 0.0692757 0.0300054 0.0850879 0.0097600 0.0066990 0.0893868 0.0129020 0.0000000 0.0119100 0.2919530 0.0168941 0.0145113 0.0671151 0.1427300 0.0377004 0.0051228 0.0285428 0.0196466
 26 Y  26 0.0497553 0.0228224 0.0662622 0.1659863 0.0400975 0.0090876 0.0562011 0.2649470 0.0480955 0.0000000 0.0240297 0.0349729 0.0028214 0.0616241 0.0143393 0.0410468 0.0334771 0.0084217 0.0502759 0.0057362
 27 K  27 0.0534821 0.0337985 0.0108338 0.0000000 0.0000000 0.0531535 0.0088956 0.0088629 0.0077636 0.0000000 0.0265642 0.1969113 0.0253394 0.0123477 0.0000000 0.0830953 0.3115678 0.0000000 0.1368033 0.0305808
 28 L  28 0.0000000 0.0053960 0.0000000 0.0000000 0.0000000 0.0000000 0.0000000 0.0052444 0.0057046 0.2753643 0.6206529 0.0000000 0.0488790 0.0046991 0.0000000 0.0053290 0.0000000 0.0000000 0.0000000 0.0287308
 29 S  29 0.0019759 0.0045986 0.1027825 0.0749515 0.0353234 0.0123697 0.0238732 0.0203740 0.0000000 0.0031131 0.0000000 0.0291386 0.0185012 0.0041616 0.0053399 0.4422063 0.1955921 0.0000000 0.0238781 0.0018203
 30 K  30 0.0551888 0.1570733 0.0227685 0.0085821 0.0071955 0.0419227 0.0042657 0.0192876 0.0108851 0.0129708 0.0345274 0.4978944 0.0027237 0.0161836 0.0285935 0.0145498 0.0226231 0.0000000 0.0141873 0.0285771
 31 K  31 0.1298065 0.0575007 0.0351746 0.1135411 0.0054180 0.0477196 0.1407669 0.1289303 0.0016529 0.0009615 0.0023165 0.1517506 0.0009768 0.0011935 0.0179300 0.0707703 0.0728305 0.0028923 0.0067003 0.0111670
 32 Q  32 0.0135796 0.0044415 0.0104969 0.0965555 0.0000000 0.0178161 0.7870249 0.0163655 0.0014260 0.0020712 0.0000000 0.0165409 0.0000000 0.0000000 0.0000000 0.0169445 0.0137131 0.0000000 0.0000000 0.0030242
 33 L  33 0.0275216 0.0000000 0.0000000 0.0000000 0.0000000 0.0000000 0.0000000 0.0000000 0.0000000 0.0116614 0.6808143 0.0000000 0.0512962 0.1908829 0.0092913 0.0072997 0.0057226 0.0000000 0.0000000 0.0155099
 34 K  34 0.0310147 0.1796404 0.0033737 0.0012298 0.0042106 0.0793289 0.0368253 0.0200890 0.0124786 0.0040716 0.0839963 0.4884240 0.0025541 0.0104073 0.0035473 0.0209156 0.0115309 0.0000000 0.0019571 0.0044049
 35 E  35 0.0510331 0.0672814 0.0692733 0.0705324 0.0000000 0.1451731 0.2231797 0.0167278 0.0381692 0.0086524 0.0207829 0.1096570 0.0108091 0.0000000 0.0029357 0.0774222 0.0536008 0.0000000 0.0000000 0.0347702
 36 L  36 0.0804250 0.0000000 0.0000000 0.0000000 0.0000000 0.0000000 0.0000000 0.0044782 0.0000000 0.0103023 0.6609121 0.0000000 0.0805523 0.0759441 0.0000000 0.0030126 0.0100155 0.0000000 0.0018540 0.0725037
 37 L  37 0.0230995 0.0000000 0.0000000 0.0000000 0.0000000 0.0000000 0.0000000 0.0000000 0.0000000 0.0998180 0.4996833 0.0035421 0.2324062 0.0203829 0.0047149 0.0000000 0.0077880 0.0000000 0.0000000 0.1085650
 38 Q  38 0.0221451 0.0829282 0.1068316 0.0107333 0.0012267 0.1508328 0.2294428 0.0241143 0.0182173 0.0022141 0.0502562 0.1186507 0.0169029 0.0010871 0.0000000 0.0258183 0.1228123 0.0000000 0.0020697 0.0137163
 39 T  39 0.0743128 0.0775760 0.0728298 0.0532495 0.0034583 0.0565123 0.0695269 0.0351827 0.0126809 0.0107417 0.0023641 0.2745076 0.0049815 0.0014733 0.0077328 0.0826063 0.1495899 0.0000000 0.0019260 0.0087475
 40 E  40 0.0033186 0.0055223 0.0546076 0.0312367 0.0095018 0.1264764 0.6622657 0.0078349 0.0018147 0.0038235 0.0326868 0.0142256 0.0096465 0.0000000 0.0000000 0.0236431 0.0133958 0.0000000 0.0000000 0.0000000
 41 L  41 0.0219101 0.0037590 0.0000000 0.0057654 0.0309405 0.0018602 0.0000000 0.0154595 0.0060991 0.0201441 0.4803450 0.0000000 0.0413556 0.3108079 0.0112836 0.0070001 0.0028275 0.0000000 0.0078082 0.0326343
 42 S  42 0.1518199 0.0495730 0.0163928 0.0087688 0.0059762 0.0160779 0.0321858 0.1589300 0.0185663 0.0068852 0.0109390 0.0173489 0.0046852 0.0000000 0.3955543 0.0595929 0.0368258 0.0000000 0.0037731 0.0061051
 43 G  43 0.0758855 0.0270774 0.1764253 0.1598107 0.0051892 0.0484846 0.0671550 0.0777472 0.0725649 0.0071833 0.0138130 0.0303738 0.0000000 0.0000000 0.0358654 0.1007922 0.0743904 0.0037884 0.0000000 0.0234537
 44 F  44 0.0256663 0.0000000 0.0106751 0.0038211 0.0084932 0.0136098 0.0017672 0.0000000 0.0000000 0.1296341 0.1576878 0.0076235 0.0339845 0.3867432 0.0275155 0.0131154 0.0286768 0.0355781 0.0457253 0.0696832
 45 L  45 0.0123737 0.0094989 0.0030771 0.0017309 0.0090695 0.0035934 0.0069380 0.0328135 0.0091328 0.0779235 0.5210538 0.0066521 0.0746430 0.0207648 0.0176551 0.0251433 0.1034063 0.0000000 0.0000000 0.0645300
 46 D  46 0.0115525 0.0445471 0.0055967 0.0252905 0.0279822 0.1040156 0.0983156 0.1842662 0.0037629 0.0052603 0.0112971 0.2858929 0.0071904 0.0085566 0.0503935 0.0461758 0.0264461 0.0034076 0.0225682 0.0274822
 47 A  47 0.0186803 0.0535077 0.2100627 0.0960457 0.0209736 0.0251269 0.1107249 0.1228494 0.0346848 0.0000000 0.0101525 0.1274073 0.0100016 0.0000000 0.0272512 0.0542889 0.0569402 0.0000000 0.0131830 0.0081194
 48 Q  48 0.0575355 0.0744231 0.0241355 0.0138215 0.0206302 0.1900914 0.0536524 0.0317642 0.0272648 0.0248537 0.0270301 0.1257293 0.0428894 0.0000000 0.1592369 0.0326385 0.0503669 0.0062804 0.0065500 0.0311061
 49 K  49 0.0140322 0.0364193 0.0772485 0.0546544 0.0022151 0.0429401 0.0491515 0.0677032 0.0545664 0.0157630 0.0993990 0.2934220 0.0264778 0.0201214 0.0179554 0.0313719 0.0378522 0.0000000 0.0110347 0.0476720
 50 D  50 0.0084902 0.0276080 0.1149173 0.5244164 0.0056639 0.0162601 0.0607439 0.0447386 0.0058788 0.0016073 0.0093489 0.0158627 0.0026442 0.0023034 0.0149982 0.0468924 0.0830267 0.0000000 0.0000000 0.0145991
 51 V  51 0.0361615 0.0290814 0.0164792 0.0880549 0.0020622 0.0579421 0.1704302 0.0120428 0.0143456 0.0202873 0.0220041 0.0949527 0.0071885 0.0069716 0.3388357 0.0363176 0.0189662 0.0000000 0.0062129 0.0216635
 52 D  52 0.1458163 0.0283053 0.0489003 0.1221576 0.0304699 0.0520852 0.1752611 0.0810237 0.0308188 0.0085485 0.0420860 0.0574238 0.0147060 0.0000000 0.0390705 0.0641956 0.0166102 0.0000000 0.0224335 0.0200877
 53 A  53 0.1805327 0.0065290 0.0044407 0.0602696 0.0009699 0.0117546 0.1191649 0.0493454 0.0000000 0.0359155 0.0325476 0.0637449 0.0096190 0.0169649 0.0013978 0.0508139 0.2017852 0.0051697 0.0586538 0.0903806
 54 V  54 0.0608008 0.0048119 0.0061934 0.0000000 0.0107769 0.0000000 0.0000000 0.0017739 0.0000000 0.1848175 0.2482602 0.0043528 0.0212317 0.0216260 0.0000000 0.0070396 0.0000000 0.0123966 0.0477922 0.3681266
 55 D  55 0.0344721 0.0307321 0.0570541 0.4614201 0.0144876 0.0478190 0.1493953 0.0254389 0.0092937 0.0043441 0.0022229 0.1143925 0.0000000 0.0000000 0.0023453 0.0169036 0.0239557 0.0000000 0.0033907 0.0023324
 56 K  56 0.0248346 0.0667915 0.0655574 0.0771955 0.0097299 0.0466539 0.2707166 0.0047907 0.0288889 0.0275650 0.0200647 0.2260114 0.0026700 0.0000000 0.0000000 0.0450637 0.0357047 0.0000000 0.0030142 0.0447473
 57 V  57 0.0178122 0.0000000 0.0211009 0.0021056 0.0043751 0.0044983 0.0057046 0.0029162 0.0037086 0.2959651 0.2174653 0.0231296 0.1680152 0.0600526 0.0011538 0.0052646 0.0245204 0.0208659 0.0050920 0.1162541
 58 M  58 0.0049096 0.0053510 0.0000000 0.0000000 0.0000000 0.0044328 0.0000000 0.0038345 0.0000000 0.1593280 0.2242383 0.0017321 0.3813298 0.1960295 0.0000000 0.0035326 0.0000000 0.0037191 0.0000000 0.0115628
 59 K  59 0.0250277 0.1224399 0.0816915 0.0588895 0.0088170 0.1222980 0.1302980 0.0214170 0.0244902 0.0045497 0.0019957 0.2704348 0.0107446 0.0016197 0.0024981 0.0863684 0.0231333 0.0000000 0.0032869 0.0000000
 60 E  60 0.0588870 0.0211479 0.0569550 0.2176859 0.0031085 0.0538790 0.2012401 0.0224146 0.0168872 0.0137173 0.0974930 0.0966145 0.0195586 0.0149266 0.0000000 0.0637741 0.0180757 0.0016614 0.0000000 0.0219738
 61 L  61 0.0931090 0.0000000 0.0042299 0.0000000 0.0050372 0.0122051 0.0000000 0.0050466 0.0000000 0.0209649 0.6103690 0.0265655 0.0506673 0.0251034 0.0043328 0.0000000 0.0079091 0.0000000 0.0058617 0.1285983
 62 D  62 0.0034947 0.0000000 0.0167946 0.9217728 0.0035575 0.0000000 0.0137714 0.0266744 0.0023355 0.0017894 0.0000000 0.0000000 0.0040602 0.0000000 0.0000000 0.0020304 0.0037191 0.0000000 0.0000000 0.0000000
 63 E  63 0.0927689 0.0908787 0.0124322 0.0200515 0.0020042 0.0666887 0.1090000 0.0145692 0.0151555 0.0692384 0.0920713 0.1482579 0.0186651 0.0077857 0.0000000 0.0531846 0.1254052 0.0044136 0.0000000 0.0574293
 64 N  64 0.0000000 0.0061913 0.5152405 0.3781019 0.0265828 0.0155495 0.0052309 0.0030051 0.0155754 0.0000000 0.0000000 0.0106222 0.0000000 0.0000000 0.0000000 0.0128011 0.0040145 0.0000000 0.0032952 0.0037895
 65 G  65 0.0182024 0.0930110 0.0893861 0.0151906 0.0258074 0.0770652 0.0244336 0.2238273 0.0933823 0.0000000 0.0075830 0.1706466 0.0027029 0.0062070 0.0140187 0.1045347 0.0308681 0.0000000 0.0000000 0.0031332
 66 D  66 0.0023043 0.0000000 0.1085706 0.7766239 0.0000000 0.0000000 0.0275290 0.0223345 0.0089296 0.0000000 0.0000000 0.0021936 0.0000000 0.0000000 0.0000000 0.0281184 0.0198102 0.0000000 0.0035860 0.0000000
 67 G  67 0.0283210 0.0263435 0.0831250 0.0300879 0.0164637 0.0615800 0.0223339 0.5678663 0.0041789 0.0000000 0.0027302 0.0872081 0.0000000 0.0000000 0.0000000 0.0606741 0.0000000 0.0053519 0.0037354 0.0000000
 68 E  68 0.0338009 0.0956062 0.0112734 0.0037253 0.0130256 0.1867468 0.2059045 0.0093000 0.0285279 0.0067689 0.0250818 0.2072888 0.0000000 0.0095478 0.0000000 0.0242902 0.0861068 0.0000000 0.0189658 0.0340394
 69 V  69 0.0000000 0.0000000 0.0000000 0.0000000 0.0097737 0.0000000 0.0037524 0.0000000 0.0000000 0.3517124 0.1984884 0.0000000 0.0078840 0.0020589 0.0030311 0.0000000 0.0024249 0.0000000 0.0000000 0.4208743
 70 D  70 0.0000000 0.0087793 0.1685252 0.4869030 0.0202536 0.0019255 0.0409581 0.0278185 0.0000000 0.0014638 0.0000000 0.0151961 0.0000000 0.0000000 0.0000000 0.1741538 0.0482929 0.0000000 0.0023633 0.0033670
 71 F  71 0.0000000 0.0000000 0.0000000 0.0000000 0.0000000 0.0065783 0.0000000 0.0000000 0.0000000 0.0000000 0.0121117 0.0000000 0.0000000 0.8971194 0.0000000 0.0040125 0.0000000 0.0000000 0.0801781 0.0000000
 72 Q  72 0.0185834 0.0389067 0.0745058 0.1188964 0.0041048 0.2120314 0.2552918 0.0290827 0.0365656 0.0025534 0.0066573 0.0691672 0.0016160 0.0000000 0.0093547 0.0590495 0.0531952 0.0000000 0.0000000 0.0104382
 73 E  73 0.0000000 0.0000000 0.0150627 0.0395720 0.0000000 0.0149763 0.8742993 0.0024433 0.0065192 0.0000000 0.0000000 0.0041611 0.0057156 0.0000000 0.0000000 0.0372504 0.0000000 0.0000000 0.0000000 0.0000000
 74 Y  74 0.0000000 0.0000000 0.0000000 0.0000000 0.0115917 0.0000000 0.0000000 0.0000000 0.0000000 0.0000000 0.0101408 0.0000000 0.0000000 0.7844266 0.0000000 0.0024608 0.0000000 0.0044343 0.1810609 0.0058848
 75 V  75 0.0284354 0.0023171 0.0000000 0.0000000 0.0418240 0.0091294 0.0088697 0.0000000 0.0026063 0.0654621 0.2922682 0.0063997 0.0941673 0.0407483 0.0059435 0.0307209 0.0097527 0.0675092 0.0029351 0.2909111
 76 V  76 0.0769113 0.0653887 0.0727472 0.0277198 0.0150592 0.0403854 0.0322803 0.0109928 0.0095763 0.0703639 0.1470436 0.0279076 0.0444887 0.0038259 0.0134861 0.1103100 0.0929631 0.0000000 0.0270463 0.1115037
 77 L  77 0.0407647 0.0000000 0.0051998 0.0000000 0.0083785 0.0116932 0.0000000 0.0053409 0.0038528 0.0295767 0.4584785 0.0000000 0.2283701 0.1198262 0.0000000 0.0139353 0.0043715 0.0000000 0.0110953 0.0591166
 78 V  78 0.0055635 0.0000000 0.0000000 0.0000000 0.0000000 0.0000000 0.0000000 0.0023295 0.0000000 0.2576625 0.1969428 0.0000000 0.1658298 0.0141355 0.0000000 0.0000000 0.0242476 0.0000000 0.0214679 0.3118208
 79 A  79 0.2481636 0.0116933 0.0105360 0.0084249 0.0215348 0.0314073 0.0062286 0.2492790 0.0017594 0.0239646 0.0423023 0.0230016 0.0057468 0.1641103 0.0000000 0.0547142 0.0494420 0.0000000 0.0000000 0.0476911
 80 A  80 0.0671940 0.1245792 0.0315697 0.0477772 0.0456101 0.0363617 0.0462559 0.1661687 0.0016883 0.0051219 0.0157006 0.2259431 0.0167441 0.0047848 0.0039582 0.0892067 0.0322691 0.0055064 0.0173817 0.0161785
 81 L  81 0.0183864 0.0026727 0.0000000 0.0000000 0.0039645 0.0093981 0.0000000 0.0045266 0.0000000 0.1499803 0.5592503 0.0000000 0.0388532 0.0103329 0.0000000 0.0111584 0.0083270 0.0000000 0.0000000 0.1831497
 82 T  82 0.4093244 0.0000000 0.0000000 0.0039502 0.0450218 0.0000000 0.0000000 0.0240316 0.0000000 0.0215812 0.0851225 0.0000000 0.0364430 0.0099052 0.0000000 0.0535315 0.2497769 0.0000000 0.0000000 0.0613116
 83 V  83 0.0120358 0.0266460 0.0769735 0.0109335 0.0243652 0.1305191 0.0046894 0.0000000 0.0044183 0.1562231 0.0681881 0.0926250 0.1049552 0.0084184 0.0070398 0.0199284 0.0779801 0.0044548 0.0054822 0.1641243
 84 A  84 0.4775652 0.0056504 0.0000000 0.0862098 0.0386182 0.0072272 0.0184815 0.0300056 0.0126389 0.0432817 0.0563099 0.0065050 0.0748240 0.0079785 0.0000000 0.0205196 0.0401341 0.0086093 0.0231333 0.0423078
 85 C  85 0.0729452 0.0067981 0.0000000 0.0110918 0.5938679 0.0157489 0.0000000 0.0168619 0.0102403 0.0000000 0.0179305 0.0026612 0.0053603 0.0213770 0.0000000 0.0549509 0.0175553 0.0085531 0.1440576 0.0000000
 86 N  86 0.0065111 0.0000000 0.2584677 0.0184286 0.0000000 0.0078048 0.0293648 0.0038715 0.4480967 0.0000000 0.0000000 0.0136998 0.0027524 0.0378690 0.0000000 0.0164411 0.0000000 0.0000000 0.1566926 0.0000000
 87 N  87 0.0254959 0.0178462 0.0480931 0.1911073 0.0125418 0.0278863 0.3356500 0.0099181 0.0396645 0.0029981 0.0287315 0.1929100 0.0000000 0.0000000 0.0000000 0.0340504 0.0037854 0.0000000 0.0251380 0.0041832
 88 F  88 0.0751068 0.0173888 0.0207172 0.0375871 0.0278396 0.0617754 0.0358556 0.0000000 0.0373645 0.0524787 0.0309369 0.0836097 0.0032634 0.1736714 0.0000000 0.1021144 0.0423955 0.0000000 0.1649788 0.0329162
 89 F  89 0.0060810 0.0000000 0.0037581 0.0000000 0.0047768 0.0000000 0.0000000 0.0000000 0.0000000 0.0806554 0.1869304 0.0042613 0.0869431 0.4266621 0.0000000 0.0865901 0.0307788 0.0119094 0.0628767 0.0077766
 90 W  90 0.0032125 0.0336907 0.0089139 0.0087476 0.0102044 0.0865065 0.0771352 0.0232623 0.2813088 0.0093964 0.1000384 0.0877674 0.0095339 0.0000000 0.0000000 0.0826681 0.0201250 0.0087811 0.0077108 0.1409969
 91 E  91 0.0000000 0.1110777 0.0146200 0.0856647 0.0000000 0.0946120 0.1988902 0.0662897 0.0218211 0.0000000 0.0081379 0.3415538 0.0053653 0.0000000 0.0063037 0.0095795 0.0000000 0.0000000 0.0000000 0.0360843
 92 N  92 0.0632358 0.0050075 0.0784781 0.0856898 0.0410385 0.1462660 0.2202700 0.0180904 0.1166867 0.0000000 0.0000000 0.0200401 0.0000000 0.0000000 0.0000000 0.1496276 0.0437595 0.0000000 0.0118100 0.0000000
 93 S  93 0.1239789 0.0000000 0.1842227 0.0000000 0.0000000 0.0000000 0.0000000 0.0000000 0.0000000 0.0000000 0.0000000 0.0000000 0.0000000 0.0000000 0.3598403 0.2493778 0.0825804 0.0000000 0.0000000 0.0000000
