   59         A         R         N         D         C         Q         E         G         H         I         L         K         M         F         P         S         T         W         Y         V    
  1 A   1 0.2315866 0.0000000 0.0000000 0.0000000 0.0000000 0.0000000 0.0000000 0.7684134 0.0000000 0.0000000 0.0000000 0.0000000 0.0000000 0.0000000 0.0000000 0.0000000 0.0000000 0.0000000 0.0000000 0.0000000
  2 P   2 0.0052893 0.1503422 0.0041219 0.0063695 0.0000000 0.0159485 0.2050288 0.0069078 0.0066465 0.0573138 0.0772058 0.0710109 0.0201361 0.0076047 0.2986960 0.0101144 0.0114686 0.0000000 0.0062422 0.0395532
  3 W   3 0.0023174 0.1909659 0.0000000 0.0020155 0.0576696 0.1584396 0.0144202 0.0000000 0.0295154 0.0028209 0.0019585 0.1211838 0.0078465 0.0269818 0.0000000 0.0446011 0.1855913 0.0425667 0.0958204 0.0152854
  4 A   4 0.3931966 0.0031083 0.0000000 0.0000000 0.1724293 0.0000000 0.0000000 0.0060213 0.0000000 0.0000000 0.0000000 0.0000000 0.0000000 0.0059961 0.0000000 0.0000000 0.0031573 0.0067417 0.0889009 0.3204485
  5 T   5 0.0029763 0.3197969 0.0000000 0.0000000 0.0000000 0.0360891 0.0317398 0.0000000 0.0000000 0.1521605 0.0132600 0.1609621 0.0088121 0.0000000 0.0000000 0.0000000 0.0970742 0.0000000 0.0000000 0.1771289
  6 A   6 0.8578576 0.0000000 0.0000000 0.0000000 0.0183222 0.0000000 0.0000000 0.0124721 0.0000000 0.0122864 0.0000000 0.0000000 0.0000000 0.0000000 0.0000000 0.0074238 0.0165623 0.0000000 0.0000000 0.0750757
  7 E   7 0.0118760 0.0239214 0.0000000 0.0000000 0.0050610 0.0369506 0.0326993 0.0000000 0.0000000 0.0958328 0.6374273 0.0314313 0.0794187 0.0000000 0.0000000 0.0048060 0.0064520 0.0000000 0.0000000 0.0341234
  8 Y   8 0.0055658 0.0000000 0.0000000 0.0000000 0.0102972 0.0000000 0.0000000 0.0055150 0.0582256 0.0000000 0.0075681 0.0000000 0.0028692 0.0976439 0.0000000 0.0000000 0.0000000 0.0063740 0.7939393 0.0120018
  9 D   9 0.0292703 0.0030773 0.0302723 0.6369734 0.0000000 0.0289474 0.0542485 0.0061016 0.0029132 0.0000000 0.0000000 0.0124843 0.0000000 0.0000000 0.0848183 0.0800017 0.0241680 0.0000000 0.0037312 0.0029927
 10 Y  10 0.0000000 0.0000000 0.0114377 0.0000000 0.0000000 0.0000000 0.0000000 0.0000000 0.0037535 0.0000000 0.0133057 0.0000000 0.0000000 0.3017726 0.0000000 0.0000000 0.0000000 0.0306700 0.6390605 0.0000000
 11 D  11 0.0388043 0.0286802 0.0367783 0.1017039 0.0020465 0.1154775 0.2779832 0.0084817 0.0183303 0.0382900 0.0051079 0.0537282 0.0099563 0.0014534 0.0237027 0.0479220 0.1334209 0.0000000 0.0044016 0.0537311
 12 A  12 0.6278816 0.0204407 0.0000000 0.0000000 0.0000000 0.0119758 0.0000000 0.1051249 0.0000000 0.0000000 0.0000000 0.0571074 0.0000000 0.0000000 0.1066552 0.0620137 0.0052442 0.0000000 0.0000000 0.0035564
 13 A  13 0.1884244 0.0696118 0.0435996 0.0746957 0.0026919 0.1992325 0.1535090 0.0167827 0.0167808 0.0000000 0.0061619 0.0309649 0.0044685 0.0000000 0.0045216 0.0691100 0.0922391 0.0000000 0.0054370 0.0217686
 14 E  14 0.0502456 0.0357598 0.1500165 0.1881221 0.0076363 0.0700315 0.2677805 0.0386826 0.0024311 0.0067623 0.0089728 0.0584616 0.0100448 0.0000000 0.0000000 0.0566310 0.0484216 0.0000000 0.0000000 0.0000000
 15 D  15 0.0753907 0.0137634 0.0239849 0.3122878 0.0020812 0.0290453 0.2155934 0.0058219 0.0257378 0.0029271 0.0080342 0.0230092 0.0019918 0.0000000 0.0950896 0.0964968 0.0407580 0.0000000 0.0015512 0.0264355
 16 N  16 0.0026856 0.0086011 0.1837017 0.4970491 0.0000000 0.0147086 0.0630264 0.1510796 0.0000000 0.0000000 0.0020896 0.0035495 0.0032501 0.0035662 0.0000000 0.0151200 0.0469322 0.0000000 0.0021289 0.0025114
 17 E  17 0.0038275 0.0000000 0.0000000 0.1626063 0.0000000 0.0337494 0.7460298 0.0000000 0.0375999 0.0000000 0.0000000 0.0000000 0.0000000 0.0000000 0.0000000 0.0161872 0.0000000 0.0000000 0.0000000 0.0000000
 18 L  18 0.0000000 0.0000000 0.0000000 0.0000000 0.0056410 0.0000000 0.0000000 0.0000000 0.0000000 0.1412766 0.7622594 0.0000000 0.0192907 0.0000000 0.0000000 0.0000000 0.0000000 0.0000000 0.0000000 0.0715323
 19 T  19 0.0302574 0.0036123 0.0487556 0.0259521 0.0041557 0.0060469 0.0484063 0.0829593 0.0093832 0.0013513 0.0049326 0.0035183 0.0012856 0.0000000 0.0233575 0.5353889 0.1637694 0.0000000 0.0000000 0.0068676
 20 F  20 0.0000000 0.0000000 0.0000000 0.0000000 0.0000000 0.0000000 0.0000000 0.0000000 0.0000000 0.0554687 0.1920592 0.0000000 0.0070558 0.7412927 0.0000000 0.0000000 0.0000000 0.0000000 0.0000000 0.0041236
 21 V  21 0.0322909 0.1492837 0.0627256 0.0704846 0.0167720 0.0968233 0.0533812 0.0072144 0.0464139 0.0095000 0.0091084 0.2024958 0.0134128 0.0038726 0.0253718 0.0802074 0.0629573 0.0000000 0.0029269 0.0547573
 22 E  22 0.1103386 0.0578931 0.0084145 0.0397513 0.0036728 0.0211949 0.3033888 0.0000000 0.0042854 0.0034051 0.0016206 0.2226827 0.0000000 0.0000000 0.1262152 0.0366297 0.0206523 0.0000000 0.0014729 0.0383820
 23 N  23 0.0043829 0.0026982 0.0724098 0.0817772 0.0000000 0.0085908 0.0109997 0.7956811 0.0089235 0.0000000 0.0000000 0.0023980 0.0000000 0.0000000 0.0000000 0.0097047 0.0024341 0.0000000 0.0000000 0.0000000
 24 D  24 0.0532876 0.0000000 0.0146222 0.6408746 0.0042144 0.0652953 0.1958098 0.0066170 0.0000000 0.0000000 0.0000000 0.0000000 0.0023940 0.0000000 0.0000000 0.0131200 0.0037650 0.0000000 0.0000000 0.0000000
 25 K  25 0.0069973 0.0489865 0.0019433 0.0000000 0.0033268 0.0095457 0.0201668 0.0000000 0.0095487 0.3921039 0.1253161 0.0362172 0.0138757 0.0061324 0.0000000 0.0047556 0.0652246 0.0000000 0.0314145 0.2244448
 26 I  26 0.0000000 0.0000000 0.0000000 0.0000000 0.0000000 0.0000000 0.0000000 0.0000000 0.0000000 0.7929705 0.0521040 0.0000000 0.0058042 0.0128671 0.0000000 0.0000000 0.0000000 0.0000000 0.0089937 0.1272605
 27 I  27 0.0307655 0.0302529 0.0430675 0.0168895 0.0030988 0.0529151 0.0940443 0.0033284 0.0159634 0.0718064 0.0783317 0.0554551 0.0368313 0.0162173 0.0000000 0.0237821 0.2733682 0.0000000 0.0531158 0.1007669
 28 N  28 0.0027071 0.0000000 0.1306999 0.0477335 0.0000000 0.0104679 0.0449795 0.0163088 0.0233665 0.1751809 0.0986545 0.0056182 0.0022757 0.0040884 0.0000000 0.0026872 0.0052825 0.0000000 0.0000000 0.4299492
 29 I  29 0.0147777 0.0322057 0.0000000 0.0183301 0.0130125 0.0043345 0.0012911 0.0013611 0.0129745 0.3036687 0.2952170 0.0194447 0.0103346 0.0165279 0.0013087 0.0066326 0.1151797 0.0013907 0.0089651 0.1230432
 30 E  30 0.0165903 0.0380019 0.0701954 0.1050035 0.0000000 0.1050082 0.3885615 0.0139421 0.0021390 0.0044049 0.0036507 0.1199387 0.0133805 0.0076999 0.0044506 0.0694078 0.0281459 0.0000000 0.0063908 0.0030882
 31 F  31 0.0200658 0.0956074 0.0176596 0.0320720 0.0018255 0.1740517 0.0534675 0.0037601 0.0098860 0.0103671 0.0000000 0.2981380 0.0609511 0.0562648 0.0236406 0.0656064 0.0146901 0.0053718 0.0295166 0.0270578
 32 V  32 0.0196113 0.0119259 0.0566259 0.0947844 0.0130417 0.0754156 0.0441746 0.0088867 0.0072741 0.1881332 0.0478515 0.0149501 0.0123945 0.0037361 0.0246057 0.0987718 0.0634584 0.0000000 0.0000000 0.2143586
 33 D  33 0.0203959 0.0000000 0.0711092 0.6283678 0.0000000 0.0121710 0.1516613 0.0078362 0.0018933 0.0000000 0.0022867 0.0000000 0.0000000 0.0017045 0.0327575 0.0385221 0.0035874 0.0000000 0.0277072 0.0000000
 34 D  34 0.0541089 0.0123860 0.0119463 0.2104750 0.0017135 0.0083972 0.3006226 0.1260135 0.0018821 0.0000000 0.0039804 0.0311058 0.0064892 0.0000000 0.1004872 0.1000673 0.0255791 0.0000000 0.0000000 0.0047459
 35 D  35 0.0077408 0.0039935 0.1079878 0.3034835 0.0016868 0.0030093 0.0902080 0.4305235 0.0169918 0.0000000 0.0000000 0.0039682 0.0108713 0.0000000 0.0000000 0.0147537 0.0047818 0.0000000 0.0000000 0.0000000
 36 W  36 0.0000000 0.0000000 0.0000000 0.0000000 0.0144363 0.0000000 0.0000000 0.0000000 0.0000000 0.0000000 0.0000000 0.0000000 0.0063957 0.0085101 0.0000000 0.0000000 0.0000000 0.9706578 0.0000000 0.0000000
 37 W  37 0.0196661 0.0026301 0.0000000 0.0000000 0.0122766 0.0000000 0.0000000 0.0028399 0.0000000 0.0053072 0.0441691 0.0000000 0.0724542 0.0334428 0.0000000 0.0000000 0.0053786 0.6922269 0.1068560 0.0027525
 38 L  38 0.0191933 0.1475660 0.0040949 0.0186682 0.0014603 0.0639150 0.1685911 0.0109936 0.0176815 0.0223855 0.0510379 0.1547869 0.0314060 0.0447967 0.0000000 0.0420844 0.1011915 0.0000000 0.0668982 0.0332493
 39 G  39 0.0413005 0.0000000 0.0000000 0.0000000 0.0000000 0.0000000 0.0000000 0.9525413 0.0000000 0.0000000 0.0000000 0.0000000 0.0000000 0.0000000 0.0000000 0.0000000 0.0000000 0.0000000 0.0000000 0.0061582
 40 E  40 0.0041769 0.1706632 0.0067656 0.0134881 0.0066616 0.0217231 0.3184991 0.0000000 0.0074306 0.0066117 0.0159680 0.0556703 0.0283925 0.0082649 0.0000000 0.1070711 0.1658227 0.0013797 0.0081998 0.0532114
 41 L  41 0.0090379 0.0039641 0.0834172 0.0000000 0.0906115 0.0000000 0.0000000 0.0056704 0.0164661 0.1002339 0.3911181 0.0040891 0.0214930 0.0202395 0.0000000 0.0289701 0.0081536 0.0024214 0.0477393 0.1663747
 42 E  42 0.0499739 0.1741078 0.0262845 0.0164024 0.0071473 0.1629629 0.0696049 0.1638026 0.0930738 0.0228661 0.0346239 0.0658072 0.0162649 0.0017292 0.0046125 0.0504004 0.0100715 0.0000000 0.0056648 0.0245994
 43 K  43 0.1031362 0.2305353 0.1001396 0.1343903 0.0000000 0.0319910 0.0332380 0.0397609 0.0134384 0.0037639 0.0052624 0.0939479 0.0000000 0.0022786 0.0722763 0.0871091 0.0321690 0.0000000 0.0084373 0.0081258
 44 D  44 0.0051435 0.0389868 0.4110544 0.1227695 0.0000000 0.0049831 0.0000000 0.0566569 0.0180438 0.0000000 0.0039976 0.0532539 0.0000000 0.0000000 0.0035736 0.0758362 0.2011744 0.0000000 0.0045262 0.0000000
 45 G  45 0.0059954 0.0060310 0.0293449 0.0048264 0.0000000 0.0091064 0.0044664 0.8859361 0.0061365 0.0000000 0.0060843 0.0145159 0.0000000 0.0000000 0.0146829 0.0054228 0.0074511 0.0000000 0.0000000 0.0000000
 46 S  46 0.0192870 0.2029584 0.0234490 0.0148566 0.0075378 0.2160966 0.0776504 0.0115865 0.0406958 0.0092587 0.0256532 0.2361346 0.0083519 0.0020457 0.0053946 0.0145793 0.0245449 0.0000000 0.0028487 0.0570705
 47 K  47 0.0177477 0.1193602 0.0099805 0.0046468 0.0073046 0.0416696 0.1217447 0.0012282 0.0088280 0.0410440 0.0119316 0.0856540 0.0118416 0.0343114 0.0000000 0.1144184 0.2405426 0.0052380 0.0270637 0.0954444
 48 G  48 0.0097534 0.0000000 0.0062621 0.0000000 0.0000000 0.0000000 0.0000000 0.9839844 0.0000000 0.0000000 0.0000000 0.0000000 0.0000000 0.0000000 0.0000000 0.0000000 0.0000000 0.0000000 0.0000000 0.0000000
 49 L  49 0.0022263 0.0026956 0.0000000 0.0000000 0.0000000 0.0073236 0.0000000 0.0000000 0.0044102 0.1691699 0.3422699 0.0000000 0.1083843 0.0343680 0.0019004 0.0035589 0.0162633 0.2000333 0.0547933 0.0526030
 50 F  50 0.0053406 0.0000000 0.0000000 0.0000000 0.0000000 0.0000000 0.0000000 0.0000000 0.0000000 0.0256893 0.0583721 0.0000000 0.0000000 0.8740519 0.0000000 0.0000000 0.0000000 0.0000000 0.0056046 0.0309416
 51 P  51 0.0000000 0.0000000 0.0000000 0.0000000 0.0000000 0.0000000 0.0000000 0.0000000 0.0067738 0.0000000 0.0000000 0.0000000 0.0000000 0.0000000 0.9869801 0.0000000 0.0000000 0.0000000 0.0000000 0.0062461
 52 S  52 0.3783567 0.0137678 0.0044908 0.0098228 0.0081028 0.0092929 0.0214509 0.0827053 0.0018420 0.0199306 0.0501259 0.0735781 0.0015559 0.0000000 0.0000000 0.2840858 0.0148145 0.0000000 0.0020676 0.0240094
 53 N  53 0.0141275 0.0032374 0.7573866 0.0038264 0.0000000 0.0000000 0.0039622 0.0000000 0.0053283 0.0000000 0.0074709 0.0180918 0.0085232 0.0000000 0.0000000 0.1192207 0.0414724 0.0000000 0.0000000 0.0173526
 54 Y  54 0.0000000 0.0000000 0.0000000 0.0000000 0.0168681 0.0000000 0.0000000 0.0000000 0.0211839 0.0000000 0.0138514 0.0000000 0.0000000 0.1492283 0.0000000 0.0000000 0.0000000 0.0000000 0.7939773 0.0048910
 55 V  55 0.0175475 0.0000000 0.0000000 0.0000000 0.0202231 0.0000000 0.0000000 0.0000000 0.0000000 0.0389507 0.0121332 0.0000000 0.0000000 0.0000000 0.0000000 0.0000000 0.0105304 0.0000000 0.0000000 0.9006150
 56 S  56 0.0173656 0.0340759 0.0049757 0.0169713 0.0045727 0.1507682 0.4859894 0.0034244 0.0155097 0.0000000 0.0000000 0.1817846 0.0000000 0.0000000 0.0000000 0.0206208 0.0602738 0.0000000 0.0000000 0.0036679
 57 L  57 0.0277685 0.0000000 0.0000000 0.0061721 0.0029689 0.0044712 0.0417366 0.0000000 0.0000000 0.0868010 0.3791761 0.0116289 0.0537614 0.0097881 0.1381745 0.0383351 0.0106646 0.0000000 0.0000000 0.1885529
 58 G  58 0.0134631 0.0041405 0.0608289 0.0069579 0.0719749 0.0151073 0.0049435 0.0065007 0.0000000 0.3537514 0.2074393 0.0248058 0.0421596 0.0060596 0.0000000 0.0106618 0.0075947 0.0000000 0.0032272 0.1603838
 59 N  59 0.0000000 0.0000000 0.2579382 0.3797818 0.0000000 0.0000000 0.0000000 0.0000000 0.0395032 0.0000000 0.0000000 0.0000000 0.0000000 0.0000000 0.0000000 0.3227768 0.0000000 0.0000000 0.0000000 0.0000000
