   59         A         R         N         D         C         Q         E         G         H         I         L         K         M         F         P         S         T         W         Y         V         X    
  1 A   1 0.0752272 0.0000000 0.0000000 0.0000000 0.0000000 0.0000000 0.0000000 0.2565235 0.0000000 0.0000000 0.0000000 0.0000000 0.0000000 0.0000000 0.0000000 0.0000000 0.0000000 0.0000000 0.0000000 0.0000000 0.6682493
  2 P   2 0.0028710 0.0812545 0.0021957 0.0035156 0.0000000 0.0086173 0.1144047 0.0042643 0.0035811 0.0312404 0.0433745 0.0380565 0.0106015 0.0040933 0.1600328 0.0054634 0.0060766 0.0000000 0.0033204 0.0220229 0.4550136
  3 W   3 0.0016598 0.1366000 0.0000000 0.0014398 0.0412581 0.1140389 0.0114843 0.0000000 0.0207040 0.0020405 0.0014120 0.0869391 0.0055563 0.0190853 0.0000000 0.0303178 0.1339211 0.0304546 0.0686566 0.0117772 0.2826546
  4 A   4 0.3306939 0.0024719 0.0000000 0.0000000 0.1430559 0.0000000 0.0000000 0.0048267 0.0000000 0.0000000 0.0000000 0.0000000 0.0000000 0.0047652 0.0000000 0.0000000 0.0024929 0.0057639 0.0758970 0.2742340 0.1557986
  5 T   5 0.0025947 0.3000393 0.0000000 0.0000000 0.0000000 0.0336393 0.0275974 0.0000000 0.0000000 0.1410384 0.0117791 0.1473197 0.0079213 0.0000000 0.0000000 0.0000000 0.0877423 0.0000000 0.0000000 0.1766174 0.0637111
  6 A   6 0.8147805 0.0000000 0.0000000 0.0000000 0.0166289 0.0000000 0.0000000 0.0116374 0.0000000 0.0109700 0.0000000 0.0000000 0.0000000 0.0000000 0.0000000 0.0067870 0.0152963 0.0000000 0.0000000 0.0688023 0.0550975
  7 E   7 0.0110420 0.0213596 0.0000000 0.0000000 0.0048855 0.0336212 0.0350031 0.0000000 0.0000000 0.0952061 0.5859632 0.0294392 0.0736700 0.0000000 0.0000000 0.0045116 0.0058541 0.0000000 0.0000000 0.0310189 0.0684255
  8 Y   8 0.0129484 0.0000000 0.0000000 0.0000000 0.0099993 0.0000000 0.0000000 0.0048210 0.0575251 0.0000000 0.0064719 0.0000000 0.0024644 0.0904091 0.0000000 0.0000000 0.0000000 0.0057547 0.7407957 0.0101674 0.0586429
  9 D   9 0.0271969 0.0029983 0.0280776 0.6072299 0.0000000 0.0277401 0.0523190 0.0052612 0.0027023 0.0000000 0.0000000 0.0110461 0.0000000 0.0000000 0.0815650 0.0750585 0.0309222 0.0000000 0.0035228 0.0028410 0.0415192
 10 Y  10 0.0000000 0.0000000 0.0096697 0.0000000 0.0000000 0.0000000 0.0000000 0.0000000 0.0032317 0.0000000 0.0123086 0.0000000 0.0000000 0.3009477 0.0000000 0.0000000 0.0000000 0.0306780 0.6128085 0.0000000 0.0303557
 11 D  11 0.0373459 0.0284897 0.0407246 0.0945066 0.0018833 0.1104461 0.2772411 0.0081418 0.0169856 0.0363076 0.0048306 0.0551070 0.0098288 0.0013624 0.0221343 0.0448342 0.1278222 0.0000000 0.0042598 0.0516995 0.0260488
 12 A  12 0.6130519 0.0183551 0.0000000 0.0000000 0.0000000 0.0126496 0.0000000 0.0981163 0.0000000 0.0000000 0.0000000 0.0537694 0.0000000 0.0000000 0.1025210 0.0681910 0.0048157 0.0000000 0.0000000 0.0032104 0.0253198
 13 A  13 0.1793959 0.0687537 0.0412204 0.0705304 0.0025773 0.1889296 0.1425149 0.0156783 0.0152530 0.0000000 0.0060918 0.0307411 0.0044084 0.0000000 0.0116394 0.0678830 0.1042276 0.0000000 0.0050744 0.0210065 0.0240741
 14 E  14 0.0611699 0.0357130 0.1431842 0.1749863 0.0074026 0.0656246 0.2621058 0.0408435 0.0022409 0.0063833 0.0080841 0.0569141 0.0096342 0.0000000 0.0000000 0.0542768 0.0461979 0.0000000 0.0000000 0.0000000 0.0252387
 15 D  15 0.0800158 0.0125283 0.0220126 0.3020595 0.0019397 0.0288157 0.2171995 0.0055402 0.0240277 0.0028002 0.0076923 0.0214323 0.0018629 0.0000000 0.0924909 0.0905784 0.0399498 0.0000000 0.0014831 0.0256560 0.0219152
 16 N  16 0.0025221 0.0077315 0.1818575 0.4774784 0.0000000 0.0140949 0.0654398 0.1528244 0.0000000 0.0000000 0.0019740 0.0032841 0.0030073 0.0033691 0.0000000 0.0152165 0.0444900 0.0000000 0.0024282 0.0023671 0.0219152
 17 E  17 0.0033586 0.0000000 0.0000000 0.1622611 0.0000000 0.0456677 0.7144917 0.0000000 0.0372855 0.0000000 0.0000000 0.0000000 0.0000000 0.0000000 0.0000000 0.0150201 0.0000000 0.0000000 0.0000000 0.0000000 0.0219152
 18 L  18 0.0000000 0.0000000 0.0000000 0.0000000 0.0049679 0.0000000 0.0000000 0.0000000 0.0000000 0.1331737 0.7633415 0.0000000 0.0182728 0.0000000 0.0000000 0.0000000 0.0000000 0.0000000 0.0000000 0.0664197 0.0138245
 19 T  19 0.0287820 0.0034549 0.0484947 0.0252303 0.0040514 0.0060117 0.0472015 0.0796579 0.0084580 0.0013090 0.0046558 0.0033231 0.0012249 0.0000000 0.0219074 0.5270392 0.1681919 0.0000000 0.0000000 0.0071820 0.0138245
 20 F  20 0.0000000 0.0000000 0.0000000 0.0000000 0.0000000 0.0000000 0.0000000 0.0000000 0.0000000 0.0512611 0.1987552 0.0000000 0.0063516 0.7262857 0.0000000 0.0000000 0.0000000 0.0000000 0.0000000 0.0035220 0.0138245
 21 V  21 0.0322062 0.1480576 0.0615170 0.0671414 0.0190146 0.0959866 0.0524740 0.0071430 0.0439445 0.0088849 0.0084890 0.1999072 0.0125683 0.0037200 0.0245640 0.0795047 0.0589987 0.0000000 0.0027669 0.0592868 0.0138245
 22 E  22 0.1047316 0.0553288 0.0086107 0.0371979 0.0036603 0.0214947 0.3074551 0.0000000 0.0041380 0.0032752 0.0016277 0.2246572 0.0000000 0.0000000 0.1261397 0.0353968 0.0196401 0.0000000 0.0014614 0.0451850 0.0000000
 23 N  23 0.0042812 0.0026810 0.0753887 0.0780705 0.0000000 0.0098256 0.0106640 0.7884098 0.0100108 0.0000000 0.0000000 0.0023436 0.0000000 0.0000000 0.0000000 0.0159411 0.0023837 0.0000000 0.0000000 0.0000000 0.0000000
 24 D  24 0.0549643 0.0000000 0.0140582 0.6317513 0.0040982 0.0813969 0.1883330 0.0064971 0.0000000 0.0000000 0.0000000 0.0000000 0.0023470 0.0000000 0.0000000 0.0128855 0.0036684 0.0000000 0.0000000 0.0000000 0.0000000
 25 K  25 0.0068954 0.0466103 0.0019071 0.0000000 0.0036237 0.0090710 0.0191664 0.0000000 0.0091717 0.3878520 0.1247352 0.0348705 0.0139380 0.0063292 0.0000000 0.0045734 0.0649984 0.0000000 0.0356700 0.2305877 0.0000000
 26 I  26 0.0000000 0.0000000 0.0000000 0.0000000 0.0000000 0.0000000 0.0000000 0.0000000 0.0000000 0.7856371 0.0565363 0.0000000 0.0056302 0.0120060 0.0000000 0.0000000 0.0000000 0.0000000 0.0088366 0.1313538 0.0000000
 27 I  27 0.0305459 0.0349682 0.0402589 0.0164203 0.0029954 0.0496442 0.0899272 0.0031751 0.0170465 0.0674627 0.0792807 0.0628001 0.0363481 0.0166883 0.0000000 0.0238458 0.2657621 0.0000000 0.0517222 0.1111084 0.0000000
 28 N  28 0.0025245 0.0000000 0.1335387 0.0443966 0.0000000 0.0099386 0.0427397 0.0155867 0.0216932 0.1767250 0.0933590 0.0050256 0.0021574 0.0038859 0.0000000 0.0024781 0.0048755 0.0000000 0.0000000 0.4324046 0.0086709
 29 I  29 0.0142125 0.0320435 0.0000000 0.0175813 0.0122518 0.0075401 0.0012316 0.0012782 0.0122180 0.2929717 0.2948526 0.0188220 0.0097635 0.0166364 0.0012401 0.0068097 0.1167579 0.0013307 0.0081266 0.1261749 0.0081567
 30 E  30 0.0246515 0.0370291 0.0726096 0.1032721 0.0000000 0.0971359 0.3840373 0.0150069 0.0020179 0.0044168 0.0033957 0.1199428 0.0124923 0.0071297 0.0044076 0.0690145 0.0267769 0.0000000 0.0062088 0.0029280 0.0075265
 31 F  31 0.0203957 0.0967274 0.0178975 0.0305356 0.0017141 0.1726767 0.0501101 0.0035458 0.0093196 0.0095920 0.0000000 0.3041927 0.0640159 0.0523121 0.0217852 0.0627909 0.0137407 0.0050200 0.0277764 0.0249826 0.0108690
 32 V  32 0.0187626 0.0118821 0.0591164 0.0921326 0.0134462 0.0809773 0.0410195 0.0082816 0.0071509 0.1711249 0.0442949 0.0132976 0.0110154 0.0032690 0.0235069 0.0981093 0.0589630 0.0000000 0.0000000 0.2018220 0.0418278
 33 D  33 0.0205289 0.0000000 0.0656165 0.6041797 0.0000000 0.0115717 0.1548013 0.0076370 0.0017056 0.0000000 0.0023136 0.0000000 0.0000000 0.0015680 0.0320694 0.0389762 0.0039412 0.0000000 0.0262245 0.0000000 0.0288664
 34 D  34 0.0495641 0.0117710 0.0111344 0.1971511 0.0016025 0.0077374 0.2942575 0.1392507 0.0021520 0.0000000 0.0037892 0.0297456 0.0070732 0.0000000 0.1016417 0.0980326 0.0261758 0.0000000 0.0000000 0.0045512 0.0143699
 35 D  35 0.0072689 0.0044402 0.1032274 0.2921903 0.0015521 0.0027408 0.0898737 0.4256270 0.0208879 0.0000000 0.0000000 0.0039966 0.0171248 0.0000000 0.0000000 0.0144221 0.0044260 0.0000000 0.0000000 0.0000000 0.0122220
 36 W  36 0.0000000 0.0000000 0.0000000 0.0000000 0.0127884 0.0000000 0.0000000 0.0000000 0.0000000 0.0000000 0.0000000 0.0000000 0.0053433 0.0071693 0.0000000 0.0000000 0.0000000 0.9649419 0.0000000 0.0000000 0.0097572
 37 W  37 0.0181731 0.0024592 0.0000000 0.0000000 0.0115439 0.0000000 0.0000000 0.0026225 0.0000000 0.0048755 0.0430273 0.0000000 0.0676239 0.0326020 0.0000000 0.0000000 0.0047118 0.6855009 0.1075366 0.0024929 0.0168304
 38 L  38 0.0195130 0.1420998 0.0040856 0.0169109 0.0013803 0.0702573 0.1620304 0.0102567 0.0160104 0.0192264 0.0512380 0.1628160 0.0355025 0.0434430 0.0000000 0.0402818 0.0982803 0.0000000 0.0634453 0.0290575 0.0141648
 39 G  39 0.0456963 0.0000000 0.0000000 0.0000000 0.0000000 0.0000000 0.0000000 0.9296115 0.0000000 0.0000000 0.0000000 0.0000000 0.0000000 0.0000000 0.0000000 0.0000000 0.0000000 0.0000000 0.0000000 0.0051077 0.0195845
 40 E  40 0.0037001 0.1589626 0.0066711 0.0158770 0.0062107 0.0208558 0.3041821 0.0000000 0.0067385 0.0058635 0.0139031 0.0503877 0.0263649 0.0071723 0.0000000 0.0978478 0.1554073 0.0012251 0.0073180 0.0478122 0.0635003
 41 L  41 0.0083497 0.0035403 0.0823450 0.0000000 0.0823815 0.0000000 0.0000000 0.0063615 0.0150764 0.0926579 0.3771189 0.0036273 0.0201453 0.0183488 0.0000000 0.0274080 0.0075730 0.0022125 0.0465328 0.1499485 0.0563725
 42 E  42 0.0349750 0.1192889 0.0170526 0.0182289 0.0047104 0.1189090 0.0546214 0.1175551 0.0717624 0.0146158 0.0229070 0.0462265 0.0110056 0.0011792 0.0032794 0.0411116 0.0079904 0.0000000 0.0038042 0.0162886 0.2744882
 43 K  43 0.0628172 0.1257282 0.0516676 0.0721415 0.0000000 0.0164595 0.0172319 0.0300639 0.0074397 0.0019484 0.0026423 0.0548054 0.0000000 0.0011882 0.0373934 0.0436093 0.0176171 0.0000000 0.0044512 0.0041601 0.4486349
 44 D  44 0.0087549 0.0301733 0.2428095 0.0786360 0.0000000 0.0029757 0.0000000 0.0366734 0.0167840 0.0000000 0.0026163 0.0342667 0.0000000 0.0000000 0.0020940 0.0443022 0.1222665 0.0000000 0.0027542 0.0000000 0.3748931
 45 G  45 0.0048809 0.0081899 0.0224495 0.0039893 0.0000000 0.0076258 0.0037363 0.7434313 0.0048755 0.0000000 0.0048931 0.0199797 0.0000000 0.0000000 0.0120984 0.0043189 0.0074265 0.0000000 0.0000000 0.0000000 0.1521048
 46 S  46 0.0185983 0.1981977 0.0235524 0.0136663 0.0068519 0.2084606 0.0765270 0.0114219 0.0388268 0.0087307 0.0224253 0.2271396 0.0078615 0.0018818 0.0044548 0.0140528 0.0225828 0.0000000 0.0028000 0.0524375 0.0395303
 47 K  47 0.0173190 0.1161172 0.0092535 0.0040719 0.0071273 0.0412312 0.1217190 0.0011668 0.0086105 0.0398097 0.0133569 0.0841299 0.0129511 0.0362073 0.0000000 0.1152157 0.2309836 0.0048931 0.0252812 0.0939628 0.0165923
 48 G  48 0.0081098 0.0000000 0.0047453 0.0000000 0.0000000 0.0000000 0.0000000 0.9616705 0.0000000 0.0000000 0.0000000 0.0000000 0.0000000 0.0000000 0.0000000 0.0000000 0.0000000 0.0000000 0.0000000 0.0000000 0.0254744
 49 L  49 0.0021187 0.0030466 0.0000000 0.0000000 0.0000000 0.0068120 0.0000000 0.0000000 0.0041976 0.1610862 0.3321356 0.0000000 0.1025099 0.0330825 0.0017825 0.0033233 0.0145333 0.2181553 0.0518825 0.0513579 0.0139760
 50 F  50 0.0047118 0.0000000 0.0000000 0.0000000 0.0000000 0.0000000 0.0000000 0.0000000 0.0000000 0.0239320 0.0548075 0.0000000 0.0000000 0.8678223 0.0000000 0.0000000 0.0000000 0.0000000 0.0050256 0.0297247 0.0139760
 51 P  51 0.0000000 0.0000000 0.0000000 0.0000000 0.0000000 0.0000000 0.0000000 0.0000000 0.0080907 0.0000000 0.0000000 0.0000000 0.0000000 0.0000000 0.9731424 0.0000000 0.0000000 0.0000000 0.0000000 0.0047909 0.0139760
 52 S  52 0.3655256 0.0124533 0.0044272 0.0092109 0.0077453 0.0089541 0.0208844 0.0881209 0.0020124 0.0187342 0.0476508 0.0787211 0.0014861 0.0000000 0.0000000 0.2777408 0.0136416 0.0000000 0.0019227 0.0229555 0.0178131
 53 N  53 0.0132248 0.0030073 0.7388645 0.0039851 0.0000000 0.0000000 0.0037127 0.0000000 0.0048210 0.0000000 0.0067870 0.0156672 0.0071693 0.0000000 0.0000000 0.1271351 0.0397648 0.0000000 0.0000000 0.0162300 0.0196311
 54 Y  54 0.0000000 0.0000000 0.0000000 0.0000000 0.0172241 0.0000000 0.0000000 0.0000000 0.0236778 0.0000000 0.0119903 0.0000000 0.0000000 0.1398057 0.0000000 0.0000000 0.0000000 0.0000000 0.7833150 0.0043560 0.0196311
 55 V  55 0.0163080 0.0000000 0.0000000 0.0000000 0.0182956 0.0000000 0.0000000 0.0000000 0.0000000 0.0373639 0.0107259 0.0000000 0.0000000 0.0000000 0.0000000 0.0000000 0.0094340 0.0000000 0.0000000 0.8800321 0.0278405
 56 S  56 0.0148862 0.0301875 0.0042952 0.0152394 0.0039523 0.1319743 0.4398580 0.0029599 0.0128601 0.0000000 0.0000000 0.1769976 0.0000000 0.0000000 0.0000000 0.0179147 0.0536490 0.0000000 0.0000000 0.0033251 0.0919006
 57 L  57 0.0188363 0.0000000 0.0000000 0.0044076 0.0020083 0.0030158 0.0296585 0.0000000 0.0000000 0.0701264 0.2697406 0.0079861 0.0364605 0.0064195 0.0943754 0.0254383 0.0073380 0.0000000 0.0000000 0.1327256 0.2914632
 58 G  58 0.0076072 0.0034518 0.0348852 0.0041053 0.0403145 0.0075074 0.0028447 0.0036572 0.0000000 0.2057637 0.1348792 0.0145485 0.0240269 0.0034444 0.0000000 0.0059638 0.0043813 0.0000000 0.0018366 0.0965591 0.4042232
 59 N  59 0.0000000 0.0000000 0.0532280 0.0802777 0.0000000 0.0000000 0.0000000 0.0000000 0.0077258 0.0000000 0.0000000 0.0000000 0.0000000 0.0000000 0.0000000 0.0700958 0.0000000 0.0000000 0.0000000 0.0000000 0.7886727
