  228         A         R         N         D         C         Q         E         G         H         I         L         K         M         F         P         S         T         W         Y         V         X    
  1 G   1 0.0083943 0.0000000 0.0000000 0.0000000 0.0000000 0.0000000 0.0000000 0.0292888 0.0000000 0.0000000 0.0000000 0.0000000 0.0000000 0.0000000 0.0000000 0.0097716 0.0000000 0.0000000 0.0000000 0.0000000 0.9525453
  2 S   2 0.0056885 0.0145030 0.0061545 0.0000000 0.0000000 0.0037111 0.0112538 0.0011249 0.0045788 0.0000000 0.0000000 0.0129190 0.0000000 0.0000000 0.0000000 0.0051999 0.0140056 0.0000000 0.0026564 0.0000000 0.9182046
  3 H   3 0.0100652 0.0052161 0.0042435 0.0000000 0.0000000 0.0216487 0.0041160 0.0048614 0.0264586 0.0000000 0.0015411 0.0112944 0.0000000 0.0000000 0.0000000 0.0000000 0.0000000 0.0000000 0.0000000 0.0038924 0.9066626
  4 M   4 0.0084983 0.0092542 0.0000000 0.0014399 0.0024998 0.0000000 0.0031424 0.0014596 0.0000000 0.0015209 0.0134255 0.0000000 0.0095772 0.0000000 0.0017216 0.0184082 0.0057929 0.0000000 0.0026714 0.0250104 0.8955777
  5 A   5 0.0417388 0.0000000 0.0000000 0.0024909 0.0000000 0.0033809 0.0177991 0.0035905 0.0000000 0.0033539 0.0129393 0.0053124 0.0018840 0.0025448 0.0017649 0.0238664 0.0000000 0.0000000 0.0000000 0.0000000 0.8793342
  6 S   6 0.0175232 0.0170937 0.0000000 0.0000000 0.0000000 0.0000000 0.0201498 0.0044561 0.0000000 0.0000000 0.0093047 0.0025853 0.0179103 0.0000000 0.0082989 0.0159995 0.0368757 0.0000000 0.0000000 0.0000000 0.8498029
  7 P   7 0.0129150 0.0011418 0.0000000 0.0042269 0.0000000 0.0045095 0.0026564 0.0058409 0.0059464 0.0056599 0.0137651 0.0026714 0.0000000 0.0000000 0.0720955 0.0063478 0.0119065 0.0000000 0.0000000 0.0120361 0.8382810
  8 N   8 0.0063024 0.0044900 0.0288545 0.0043419 0.0018463 0.0047540 0.0093278 0.0112060 0.0130536 0.0017235 0.0283634 0.0008517 0.0012500 0.0053429 0.0021836 0.0087088 0.0000000 0.0321089 0.0000000 0.0074620 0.8278289
  9 G   9 0.0172480 0.0064323 0.0026246 0.0127512 0.0000000 0.0109182 0.0067686 0.0337214 0.0109278 0.0100518 0.0042658 0.0102743 0.0010267 0.0000000 0.0079151 0.0262860 0.0135228 0.0000000 0.0000000 0.0025872 0.8226781
 10 Q  10 0.0180124 0.0407971 0.0053276 0.0104147 0.0018165 0.0357044 0.0152314 0.0015415 0.0122050 0.0013978 0.0171272 0.0086553 0.0020411 0.0018463 0.0100264 0.0142350 0.0000000 0.0021299 0.0015321 0.0061983 0.7937599
 11 T  11 0.0289351 0.0196327 0.0111714 0.0055678 0.0000000 0.0049461 0.0051915 0.0035323 0.0000000 0.0107081 0.0085801 0.0039928 0.0215652 0.0014469 0.0067321 0.0362174 0.0579497 0.0000000 0.0000000 0.0100663 0.7637644
 12 K  12 0.0146960 0.0238954 0.0063286 0.0010066 0.0000000 0.0229736 0.0090372 0.0023690 0.0163248 0.0133607 0.0090366 0.0172418 0.0415350 0.0128716 0.0168053 0.0366048 0.0189930 0.0000000 0.0000000 0.0026958 0.7342243
 13 P  13 0.0196330 0.0186567 0.0146733 0.0217433 0.0000000 0.0106611 0.0018779 0.0031424 0.0132821 0.0000000 0.0000000 0.0129729 0.0000000 0.0053320 0.0807365 0.0188269 0.0311592 0.0000000 0.0040014 0.0212360 0.7220654
 14 L  14 0.0377554 0.0037508 0.0018750 0.0017126 0.0014770 0.0069296 0.0131691 0.0105796 0.0033939 0.0187213 0.0578891 0.0105324 0.0071450 0.0237189 0.0087422 0.0411136 0.0176753 0.0000000 0.0051916 0.0124527 0.7161750
 15 P  15 0.0293002 0.0104113 0.0112840 0.0427641 0.0009691 0.0114901 0.0191278 0.0016399 0.0040889 0.0102325 0.0140828 0.0182191 0.0000000 0.0068246 0.0731085 0.0129917 0.0092137 0.0000000 0.0014634 0.0069030 0.7158850
 16 A  16 0.0396094 0.0195798 0.0053503 0.0246338 0.0070179 0.0167956 0.0187160 0.0057061 0.0066355 0.0050446 0.0393429 0.0084357 0.0000000 0.0050126 0.0442016 0.0328618 0.0093044 0.0057059 0.0042910 0.0102174 0.6915375
 17 L  17 0.0119038 0.0083471 0.0072449 0.0174316 0.0000000 0.0190861 0.0586146 0.0066456 0.0023839 0.0163028 0.0806428 0.0027764 0.0118728 0.0127065 0.0022543 0.0239093 0.0060524 0.0000000 0.0043493 0.0300575 0.6774183
 18 K  18 0.0119463 0.0495973 0.0425166 0.0293821 0.0028209 0.0294701 0.0496621 0.0021699 0.0138334 0.0000000 0.0029720 0.0501724 0.0013707 0.0014953 0.0036818 0.0295035 0.0171063 0.0000000 0.0038883 0.0103668 0.6480441
 19 L  19 0.0248943 0.0058465 0.0083502 0.0202937 0.0024413 0.0187663 0.0375037 0.0023615 0.0039992 0.0219356 0.0609869 0.0115335 0.0237733 0.0045557 0.0462660 0.0310124 0.0102823 0.0133584 0.0130269 0.0063338 0.6324785
 20 A  20 0.0772596 0.0043810 0.0159809 0.0251593 0.0061805 0.0085577 0.0067480 0.0058220 0.0134775 0.0381678 0.0627293 0.0090876 0.0115725 0.0071936 0.0033670 0.0397636 0.0158888 0.0069489 0.0092788 0.0181507 0.6142850
 21 L  21 0.0376757 0.0015182 0.0000000 0.0000000 0.0216556 0.0113467 0.0026714 0.0043345 0.0130007 0.0175389 0.1302440 0.0063214 0.0170559 0.0494280 0.0015077 0.0112287 0.0360673 0.0028006 0.0266880 0.0080603 0.6008564
 22 E  22 0.0156000 0.0248252 0.0166834 0.1383984 0.0000000 0.0296731 0.1207513 0.0000000 0.0141529 0.0000000 0.0038981 0.0097966 0.0000000 0.0000000 0.0023081 0.0214498 0.0079224 0.0000000 0.0000000 0.0090042 0.5855365
 23 Y  23 0.0303132 0.0508105 0.0262837 0.0172382 0.0055340 0.0339061 0.0352736 0.0058517 0.0200184 0.0026452 0.0228366 0.0368862 0.0021699 0.0111131 0.0052894 0.0331189 0.0169280 0.0000000 0.0557625 0.0132517 0.5747690
 24 I  24 0.0232298 0.0000000 0.0087212 0.0053124 0.0000000 0.0083309 0.0017984 0.0000000 0.0029737 0.1712383 0.1155838 0.0000000 0.0043479 0.0029326 0.0027322 0.0068948 0.0054053 0.0011113 0.0043627 0.0638768 0.5711480
 25 V  25 0.0915179 0.0142441 0.0011906 0.0010425 0.0204678 0.0000000 0.0033539 0.0026351 0.0000000 0.1208890 0.0538829 0.0050084 0.0080975 0.0041771 0.0032355 0.0109495 0.0071216 0.0000000 0.0000000 0.1208484 0.5313384
 26 P  26 0.0360030 0.0556390 0.0318958 0.1483276 0.0019891 0.0109624 0.0573660 0.0085909 0.0065175 0.0031349 0.0082405 0.0106416 0.0143668 0.0000000 0.0586940 0.0290841 0.0128366 0.0000000 0.0000000 0.0053600 0.5003505
 27 C  27 0.0930350 0.0112560 0.0134694 0.1206636 0.0523656 0.0626341 0.0246912 0.0208515 0.0123269 0.0000000 0.0019354 0.0137245 0.0000000 0.0008888 0.0042277 0.0593381 0.0208548 0.0000000 0.0036422 0.0017887 0.4823063
 28 M  28 0.0046761 0.0000000 0.0000000 0.0000000 0.0000000 0.0000000 0.0000000 0.0000000 0.0000000 0.0456681 0.3147896 0.0026714 0.0741618 0.0355535 0.0071992 0.0077900 0.0077652 0.0000000 0.0190672 0.0138367 0.4668213
 29 N  29 0.0817139 0.0400771 0.1021604 0.0378267 0.0053898 0.0213279 0.0308738 0.0165773 0.0263440 0.0208501 0.0291650 0.0127626 0.0111208 0.0086732 0.0076612 0.0169536 0.0227559 0.0000000 0.0189854 0.0426137 0.4461676
 30 K  30 0.0297584 0.0490687 0.0285865 0.0598129 0.0017377 0.0497090 0.0868905 0.0625658 0.0033126 0.0016072 0.0142731 0.0406463 0.0000000 0.0022576 0.0342967 0.0269050 0.0485693 0.0000000 0.0141823 0.0031088 0.4427117
 31 H  31 0.0079302 0.0418284 0.0302955 0.0449897 0.0078084 0.0867407 0.0095681 0.0049906 0.0730579 0.0028197 0.0037783 0.0536635 0.0021026 0.0255561 0.0105332 0.0419301 0.0399278 0.0009940 0.0970671 0.0070832 0.4073350
 32 G  32 0.0081653 0.0176433 0.0329828 0.0142540 0.0000000 0.0369511 0.0123890 0.4089330 0.0120580 0.0000000 0.0096258 0.0315846 0.0000000 0.0022543 0.0205844 0.0094473 0.0000000 0.0000000 0.0000000 0.0000000 0.3831270
 33 I  33 0.0022005 0.0891734 0.0000000 0.0000000 0.0000000 0.0000000 0.0000000 0.0000000 0.1014467 0.0992660 0.0101440 0.0000000 0.0025376 0.1036224 0.0054838 0.0017125 0.0000000 0.1036069 0.1723945 0.0421142 0.2662975
 34 C  34 0.1312092 0.0000000 0.0014365 0.0027538 0.1473569 0.0000000 0.0014089 0.0434060 0.0054367 0.0577835 0.0580063 0.0000000 0.0034743 0.0645045 0.0000000 0.0680579 0.0152829 0.0049271 0.0418475 0.1430502 0.2100576
 35 V  35 0.0048763 0.0116810 0.0014948 0.0000000 0.0060955 0.0443007 0.0035043 0.0000000 0.0070547 0.1372681 0.0404295 0.0058835 0.0032472 0.0138930 0.0000000 0.0053459 0.0249800 0.0032925 0.0458360 0.4844011 0.1564160
 36 V  36 0.0212035 0.0101601 0.0022855 0.0015909 0.0057126 0.0349834 0.0000000 0.0081973 0.0012260 0.2706675 0.1811874 0.0252143 0.0261424 0.0343485 0.0000000 0.0123939 0.0141153 0.0259364 0.0101137 0.1921176 0.1224035
 37 D  37 0.0077066 0.0242529 0.0277094 0.5029156 0.0015920 0.0104249 0.0812457 0.0052661 0.0280834 0.0010219 0.0000000 0.0228432 0.0000000 0.0000000 0.1170272 0.0324080 0.0135568 0.0000000 0.0013604 0.0017982 0.1207877
 38 D  38 0.0205968 0.0137195 0.3069125 0.2022906 0.0026657 0.0244775 0.0305052 0.1481384 0.0366940 0.0080395 0.0090052 0.0281229 0.0000000 0.0021061 0.0156831 0.0256565 0.0066196 0.0000000 0.0016399 0.0054493 0.1116777
 39 F  39 0.0748305 0.0014374 0.0000000 0.0000000 0.0050231 0.0014251 0.0000000 0.0078950 0.0000000 0.0261774 0.1541332 0.0017982 0.0029488 0.4539780 0.0042119 0.0038854 0.0041562 0.0075196 0.0143247 0.1329484 0.1033070
 40 L  40 0.0090827 0.0000000 0.0010637 0.0000000 0.0068450 0.0000000 0.0000000 0.0014251 0.0031262 0.1442949 0.4987453 0.0012722 0.0251496 0.1167827 0.0000000 0.0000000 0.0047598 0.0036386 0.0131666 0.0729060 0.0977419
 41 G  41 0.0302140 0.0151929 0.0601176 0.1068951 0.0000000 0.0152119 0.0261000 0.1519321 0.0035161 0.0008757 0.0040137 0.0045245 0.0011390 0.0000000 0.1649793 0.1969005 0.1173288 0.0000000 0.0000000 0.0063707 0.0946880
 42 K  42 0.0932026 0.0404694 0.0279794 0.1065913 0.0000000 0.0694139 0.1567347 0.0160748 0.0102274 0.0026638 0.0364600 0.0413067 0.0094656 0.0044568 0.1881654 0.0489509 0.0353024 0.0000000 0.0053528 0.0124942 0.0946880
 43 E  43 0.1152974 0.0194618 0.0360414 0.1672721 0.0028094 0.0410980 0.2715538 0.0208726 0.0080839 0.0037995 0.0133786 0.0278155 0.0010342 0.0044653 0.0213434 0.0752472 0.0583138 0.0000000 0.0031383 0.0151219 0.0938518
 44 T  44 0.0377516 0.0245033 0.0104972 0.0604746 0.0009553 0.0444880 0.2064691 0.0021321 0.0154128 0.0354138 0.2169408 0.0185264 0.0185052 0.0688404 0.0021725 0.0119262 0.0402535 0.0156286 0.0140856 0.0601750 0.0948482
 45 G  45 0.1613451 0.0126296 0.0146593 0.0000000 0.1782126 0.0061456 0.0000000 0.0778617 0.0088605 0.0457098 0.1833476 0.0037646 0.0045251 0.0077712 0.0025885 0.0171086 0.0622477 0.0000000 0.0116262 0.1047463 0.0968499
 46 Q  46 0.0911484 0.1470077 0.0365600 0.1150634 0.0045902 0.0859407 0.1248430 0.0353630 0.0236043 0.0085985 0.0436756 0.0626216 0.0072430 0.0046105 0.0023189 0.0450836 0.0395797 0.0009379 0.0069802 0.0089561 0.1052736
 47 Q  47 0.2092110 0.0911081 0.0344215 0.0346471 0.0120596 0.0972771 0.0948504 0.0367293 0.0242039 0.0138868 0.0343597 0.0594694 0.0081567 0.0017235 0.0042897 0.0774087 0.0263302 0.0010709 0.0114975 0.0190533 0.1082455
 48 I  48 0.0378444 0.0015252 0.0000000 0.0000000 0.0088564 0.0000000 0.0019260 0.0000000 0.0000000 0.1411487 0.4891602 0.0012006 0.0211252 0.0067081 0.0000000 0.0000000 0.0083172 0.0000000 0.0028631 0.1738353 0.1054896
 49 G  49 0.0739193 0.2023163 0.0112196 0.0014387 0.0094252 0.0493088 0.0098512 0.0048716 0.0447495 0.0634016 0.2182908 0.0477789 0.0229397 0.0120577 0.0000000 0.0139138 0.0043444 0.0038652 0.0507299 0.0484569 0.1071209
 50 D  50 0.1649333 0.0830115 0.0806273 0.1326665 0.0053922 0.0902544 0.1166166 0.0198571 0.0121991 0.0017669 0.0115965 0.0974129 0.0008115 0.0010062 0.0012578 0.0450810 0.0212984 0.0000000 0.0000000 0.0055337 0.1086772
 51 E  51 0.0428981 0.0339788 0.0192531 0.0804593 0.0265026 0.0170873 0.3724414 0.0085067 0.0269956 0.0306651 0.0769825 0.0156516 0.0041934 0.0202942 0.0000000 0.0395441 0.0047347 0.0052313 0.0217939 0.0315665 0.1212196
 52 V  52 0.1918742 0.0000000 0.0014145 0.0000000 0.0453076 0.0057275 0.0000000 0.0055544 0.0000000 0.1061922 0.1544464 0.0014836 0.0113902 0.0991129 0.0015887 0.0233077 0.0237982 0.0081340 0.0140902 0.1839287 0.1226491
 53 R  53 0.0206601 0.1180093 0.0379183 0.0181335 0.0030165 0.0732981 0.1201856 0.0099903 0.0270506 0.0255580 0.0926169 0.0924230 0.0114138 0.0108367 0.1165615 0.0312456 0.0320968 0.0000000 0.0076068 0.0105732 0.1408054
 54 A  54 0.1256348 0.0838339 0.0567268 0.0657349 0.0017982 0.0587568 0.1068062 0.0374554 0.0100205 0.0096740 0.0171860 0.0416526 0.0106584 0.0064918 0.0245832 0.0976583 0.0555041 0.0096192 0.0107369 0.0110277 0.1584401
 55 L  55 0.0653167 0.0377084 0.0200108 0.0137587 0.0094705 0.0110419 0.0053106 0.0205937 0.0145900 0.1076024 0.3050431 0.0369665 0.0689110 0.0126036 0.0160149 0.0118294 0.0170577 0.0020665 0.0033729 0.0519002 0.1688303
 56 H  56 0.1029363 0.0338769 0.0376620 0.0930063 0.0014968 0.0353228 0.0480909 0.0221235 0.1121926 0.0017960 0.0527961 0.0331601 0.0200018 0.0150556 0.0317972 0.0517730 0.0279196 0.0215775 0.0795568 0.0146883 0.1631701
 57 D  57 0.0863732 0.0613406 0.0583968 0.0502704 0.0053333 0.0617151 0.1095805 0.0308683 0.0169074 0.0050786 0.0233189 0.0507564 0.0040294 0.0981492 0.0285304 0.0787997 0.0228873 0.0313301 0.0180271 0.0088522 0.1494552
 58 T  58 0.1181312 0.0647691 0.0472550 0.0713947 0.0008945 0.0378864 0.0808808 0.0376665 0.0437336 0.0128406 0.0207109 0.0334840 0.0084222 0.0075738 0.0195758 0.1114899 0.1117950 0.0115701 0.0064494 0.0208488 0.1326274
 59 G  59 0.0511460 0.0273469 0.0400053 0.0677118 0.0028395 0.0329751 0.0942437 0.3572040 0.0285859 0.0054000 0.0158657 0.0313992 0.0078510 0.0134211 0.0219729 0.0327277 0.0073900 0.0017438 0.0118684 0.0156736 0.1326286
 60 K  60 0.0918232 0.0740850 0.0332299 0.0438249 0.0116289 0.0250921 0.0320411 0.0349875 0.0217851 0.0061311 0.0650987 0.1588354 0.0270800 0.0568400 0.0082956 0.0372926 0.0295446 0.0274562 0.0189115 0.0528488 0.1431678
 61 F  61 0.0087128 0.0477485 0.0072715 0.0066880 0.0046476 0.0255871 0.0748052 0.0358605 0.0093354 0.0280676 0.1529237 0.0420117 0.0355397 0.2365214 0.0033799 0.0245931 0.0215362 0.0238722 0.0398531 0.0249965 0.1460481
 62 T  62 0.0436458 0.1152440 0.0761958 0.0246363 0.0018378 0.0466082 0.0410615 0.0256040 0.0417830 0.0092629 0.0214440 0.0876017 0.0106064 0.0055533 0.0368403 0.0678041 0.1283314 0.0111077 0.0210998 0.0366378 0.1470942
 63 D  63 0.1618133 0.0465294 0.0139335 0.2556008 0.0014387 0.0092200 0.0473094 0.0344638 0.0153919 0.0034671 0.0138762 0.0482218 0.0035092 0.0046505 0.0965830 0.0317249 0.0147784 0.0000000 0.0454000 0.0110301 0.1410578
 64 G  64 0.1589867 0.0060653 0.0631158 0.0232703 0.0007670 0.0069335 0.0054084 0.3010387 0.0025472 0.0622404 0.0799174 0.0148011 0.0083180 0.0041774 0.0096664 0.0538392 0.0205950 0.0000000 0.0151595 0.0195723 0.1435805
 65 Q  65 0.0926251 0.0513560 0.0202777 0.0134975 0.0080424 0.1206905 0.0321423 0.0793757 0.0122781 0.0908838 0.0083369 0.0712619 0.0098508 0.0135169 0.0284863 0.0418179 0.0233074 0.0080388 0.1128785 0.0329633 0.1283722
 66 L  66 0.0179368 0.0306010 0.0140646 0.0091241 0.0000000 0.0131893 0.0246984 0.1426791 0.0045662 0.0865221 0.2033654 0.1015248 0.0060331 0.0181570 0.0035216 0.0212108 0.0790145 0.0044895 0.0227102 0.0674400 0.1291514
 67 V  67 0.0510896 0.1362767 0.0203406 0.0279355 0.0014145 0.0056457 0.0174703 0.1279332 0.0392633 0.0322708 0.0191856 0.0233618 0.0142215 0.0540347 0.0112729 0.0853405 0.0169608 0.0042160 0.0157334 0.1570659 0.1389670
 68 S  68 0.0401974 0.0803820 0.0713471 0.0324770 0.0012263 0.0509878 0.0711561 0.1244411 0.0350120 0.0085615 0.0623624 0.0515825 0.0102507 0.0484407 0.0168212 0.0928081 0.0188085 0.0023252 0.0277394 0.0139426 0.1391304
 69 Q  69 0.0522359 0.0336999 0.0570365 0.0579598 0.0000000 0.2288668 0.0302743 0.1494437 0.0264566 0.0017355 0.0190070 0.0545662 0.0028226 0.0049331 0.0309249 0.0525377 0.0136203 0.0000000 0.0185779 0.0225756 0.1427257
 70 K  70 0.0317356 0.0716276 0.0221992 0.0853054 0.0000000 0.0516880 0.0739650 0.0596967 0.0132243 0.0099761 0.0375891 0.1152820 0.0046483 0.0066022 0.0629996 0.1254761 0.0694709 0.0038170 0.0124646 0.0248933 0.1173391
 71 S  71 0.0802137 0.0480590 0.0626608 0.0424826 0.0000000 0.0550851 0.0309516 0.1499901 0.0904590 0.0034396 0.0369211 0.0304725 0.0123021 0.0174186 0.0311776 0.0895971 0.0509626 0.0000000 0.0327337 0.0165992 0.1184739
 72 D  72 0.0378886 0.0287047 0.0611547 0.1580128 0.0020089 0.1079214 0.0466392 0.0779603 0.0441313 0.0402189 0.0137539 0.0363424 0.0093366 0.0265396 0.0122528 0.0516666 0.0735413 0.0083485 0.0085293 0.0334532 0.1215949
 73 S  73 0.0559332 0.0427735 0.0334818 0.0314484 0.0013777 0.0209414 0.0356872 0.0206338 0.0277864 0.0430311 0.2099027 0.0313674 0.0011334 0.0109711 0.0554816 0.0713579 0.0408805 0.0051256 0.0281255 0.1111513 0.1214084
 74 S  74 0.1005707 0.0458615 0.1304972 0.0824807 0.0049177 0.0182081 0.0606225 0.0338133 0.0191758 0.0293519 0.0252435 0.0601930 0.0133761 0.0201770 0.0247048 0.1008888 0.0333823 0.0010781 0.0151312 0.0497231 0.1306024
 75 K  75 0.0210274 0.1418271 0.0888684 0.0475654 0.0024935 0.0456745 0.0953521 0.0080371 0.0189765 0.0057309 0.0166762 0.1308272 0.0019886 0.0056579 0.0446462 0.0552242 0.0810488 0.0000000 0.0287491 0.0214104 0.1382184
 76 D  76 0.0600954 0.0486826 0.0525086 0.1202423 0.0000000 0.0187945 0.0652006 0.0321945 0.0302537 0.0070978 0.0487878 0.0494199 0.0066839 0.0404229 0.0085802 0.1322960 0.0600155 0.0000000 0.0000000 0.0039677 0.2147560
 77 I  77 0.0325217 0.0098450 0.0036092 0.0212284 0.0006515 0.0053588 0.0190677 0.0125474 0.0012110 0.2733310 0.0928052 0.0061443 0.0096239 0.0337416 0.0137892 0.0459895 0.0256607 0.0091665 0.0370906 0.1203326 0.2262843
 78 R  78 0.0103402 0.5073168 0.0100239 0.0069589 0.0016533 0.0227194 0.0543211 0.0275814 0.0150804 0.0047294 0.0085974 0.0271001 0.0069595 0.0197068 0.0081617 0.0103255 0.0115866 0.0014370 0.0071538 0.0023102 0.2359366
 79 G  79 0.0113856 0.0711003 0.0352956 0.0361597 0.0000000 0.0115877 0.0146570 0.2618191 0.0038412 0.0050133 0.0469054 0.0465391 0.0017927 0.0212385 0.0108536 0.1317529 0.0467551 0.0013621 0.0058497 0.0109118 0.2251796
 80 D  80 0.0557476 0.0075555 0.0142037 0.4686241 0.0069836 0.0085985 0.0254590 0.0153958 0.0013207 0.0074532 0.0183898 0.0100626 0.0012723 0.0013351 0.0203449 0.0632532 0.0251406 0.0000000 0.0050544 0.0067514 0.2370541
 81 K  81 0.0272047 0.0889527 0.0358734 0.0219116 0.0025043 0.0896826 0.0521789 0.0310260 0.0679912 0.0122522 0.0344176 0.1305341 0.0097448 0.0244965 0.0000000 0.0417007 0.0371697 0.0043666 0.0141000 0.0148065 0.2590859
 82 I  82 0.0117831 0.0180012 0.0042606 0.0046797 0.0011822 0.0053322 0.0033072 0.0127405 0.0022774 0.3650940 0.0528776 0.0052607 0.0308601 0.0242690 0.0035809 0.0163092 0.0567453 0.0000000 0.0092054 0.1242978 0.2479360
 83 T  83 0.0853907 0.0451861 0.0058329 0.0008882 0.0412193 0.0634319 0.0138415 0.0128176 0.0604228 0.0312342 0.0794235 0.0295070 0.0076542 0.0429734 0.0180566 0.0480587 0.0825152 0.0023542 0.0552630 0.0475818 0.2263472
 84 W  84 0.0226975 0.0146450 0.0107612 0.0058044 0.0000000 0.0163937 0.0334327 0.0208961 0.0000000 0.0109473 0.0188139 0.0101823 0.0071965 0.0502504 0.0086164 0.0184721 0.0326948 0.4359963 0.0255062 0.0240787 0.2326147
 85 I  85 0.0361677 0.0132319 0.0079476 0.0060060 0.0035450 0.0051739 0.0185755 0.0000000 0.0000000 0.1691118 0.3248583 0.0099501 0.0264594 0.0345784 0.0104985 0.0043148 0.0043855 0.0000000 0.0215058 0.1058885 0.1978014
 86 E  86 0.0312034 0.0384746 0.0400794 0.2791660 0.0000000 0.0279633 0.1506301 0.0300128 0.0078401 0.0013497 0.0545882 0.0195958 0.0010341 0.0028672 0.0129183 0.0543150 0.0496764 0.0000000 0.0153670 0.0031637 0.1797550
 87 G  87 0.0487689 0.0922831 0.0289850 0.0430527 0.0027127 0.0171212 0.0914844 0.2426347 0.0099906 0.0060806 0.0475185 0.0350896 0.0072547 0.0131636 0.0793523 0.0297689 0.0156142 0.0027112 0.0148986 0.0093326 0.1621821
 88 K  88 0.0390658 0.0596380 0.0579764 0.0804406 0.0011484 0.0705453 0.0831879 0.0459956 0.0470915 0.0136869 0.0349950 0.0941129 0.0032862 0.0309291 0.0110508 0.0842731 0.0618883 0.0000000 0.0110747 0.0147237 0.1548898
 89 E  89 0.0699637 0.0253391 0.0490314 0.0942385 0.0017387 0.0441443 0.2177239 0.0082119 0.0277074 0.0127822 0.0465795 0.0167044 0.0000000 0.0221699 0.0080442 0.0943092 0.0408488 0.0000000 0.0093958 0.0477114 0.1633555
 90 P  90 0.0654817 0.0227061 0.0296988 0.0554051 0.0069152 0.0119866 0.0430218 0.0217355 0.0127534 0.0371587 0.0895466 0.0212775 0.0106314 0.0431745 0.2329017 0.0308031 0.0213151 0.0000000 0.0124045 0.0363408 0.1947419
 91 G  91 0.1535758 0.0132681 0.0510641 0.0662567 0.0019830 0.0251046 0.0655009 0.1074192 0.0110809 0.0212187 0.0388901 0.0160587 0.0282977 0.0433727 0.0273473 0.0594632 0.0217498 0.0069715 0.0146253 0.0252134 0.2015383
 92 C  92 0.0838254 0.0301576 0.0169740 0.0314972 0.1132947 0.0649359 0.0305839 0.0600808 0.0030676 0.0341060 0.0661078 0.0296128 0.0057435 0.0209050 0.0304256 0.0897550 0.0200433 0.0127337 0.0180741 0.0530127 0.1850634
 93 E  93 0.0980828 0.0410399 0.0080539 0.0488929 0.0071312 0.0721099 0.1644475 0.0102662 0.0112214 0.0077878 0.0395259 0.0422367 0.0035449 0.0282482 0.1354186 0.0674241 0.0180233 0.0076359 0.0068096 0.0214380 0.1606612
 94 T  94 0.1501183 0.0324552 0.0517423 0.0431761 0.0052080 0.0336289 0.0649433 0.0419195 0.0371337 0.0260716 0.0463924 0.0407269 0.0062927 0.0295328 0.0539162 0.0531232 0.0435723 0.0051350 0.0317287 0.0431489 0.1600339
 95 I  95 0.0461749 0.0285093 0.0074209 0.0221698 0.0115749 0.0262528 0.0199355 0.0256106 0.0098921 0.1850107 0.1449261 0.0345097 0.0116114 0.0681061 0.0019443 0.0297248 0.0131119 0.0040806 0.0329079 0.0845968 0.1919289
 96 G  96 0.0662086 0.0813220 0.0464170 0.0391418 0.0125949 0.0600561 0.0472523 0.0828602 0.0230107 0.0254400 0.0562731 0.0576932 0.0158443 0.0153855 0.0586164 0.0621659 0.0335517 0.0162852 0.0322344 0.0266984 0.1409483
 97 L  97 0.0962220 0.1042911 0.0319241 0.0423953 0.0048945 0.0721891 0.0351847 0.0096439 0.0268660 0.0164191 0.1409990 0.0447557 0.0177917 0.0459950 0.0213832 0.0469132 0.0420523 0.0190570 0.0400793 0.0278126 0.1131312
 98 L  98 0.0419667 0.0182838 0.0012646 0.0028155 0.0023703 0.0146070 0.0082635 0.0000000 0.0260541 0.0442134 0.3326333 0.0014948 0.0139261 0.1515082 0.0000000 0.0332624 0.0099141 0.0292391 0.1473436 0.0389446 0.0818952
 99 M  99 0.0257533 0.0776834 0.0069294 0.0049175 0.0089826 0.0172494 0.0145020 0.0101950 0.0097058 0.0765465 0.3073436 0.0448937 0.0857991 0.0865130 0.0142674 0.0059161 0.0180192 0.0251101 0.0404311 0.0360063 0.0832356
100 S 100 0.1341565 0.0667268 0.0882286 0.1180721 0.0000000 0.0756439 0.1081996 0.0265117 0.0274423 0.0155239 0.0254895 0.0732333 0.0046087 0.0012054 0.0210450 0.1176136 0.0142139 0.0058034 0.0000000 0.0029115 0.0733702
101 S 101 0.0910406 0.1007251 0.0057361 0.0127160 0.0082151 0.0632432 0.0263142 0.0087282 0.0188112 0.0449590 0.1623835 0.0705809 0.0221397 0.0533204 0.0105689 0.0482044 0.0280912 0.0227089 0.0274884 0.1007691 0.0732559
102 M 102 0.0408562 0.0507123 0.0060648 0.0025911 0.0054967 0.0153377 0.0037300 0.0055465 0.0060148 0.1844084 0.1876500 0.0176550 0.1582407 0.0249778 0.0070027 0.0569815 0.0308210 0.0000000 0.0038580 0.1144694 0.0775854
103 D 103 0.0551553 0.0390302 0.0538364 0.2259466 0.0000000 0.0646732 0.2096597 0.0234104 0.0244686 0.0119949 0.0337884 0.0279461 0.0089238 0.0267302 0.0225379 0.0388337 0.0399900 0.0020089 0.0109160 0.0107601 0.0693897
104 D 104 0.1435392 0.0802772 0.0260636 0.0658960 0.0016558 0.0823251 0.1271430 0.0506546 0.0116584 0.0112861 0.0147323 0.0936862 0.0000000 0.0250083 0.0150259 0.1021210 0.0586151 0.0122268 0.0012431 0.0122233 0.0646191
105 L 105 0.0632805 0.0197854 0.0060060 0.0400300 0.0000000 0.0090586 0.0086977 0.0034359 0.0032868 0.1293013 0.3884045 0.0120237 0.0145373 0.0721124 0.0083150 0.0102911 0.0072162 0.0015415 0.0055845 0.1321980 0.0648935
106 I 106 0.0423238 0.2447601 0.0203570 0.0040579 0.0029495 0.0397498 0.0323451 0.0064619 0.0014275 0.1306421 0.0637023 0.0302958 0.0229660 0.0577007 0.0169026 0.0166876 0.0183070 0.0026565 0.0347213 0.1421290 0.0688562
107 R 107 0.0664811 0.1358057 0.0362572 0.0560450 0.0065503 0.0976596 0.0644078 0.0255335 0.0168875 0.0201637 0.0688139 0.0592496 0.0299821 0.0170193 0.0338765 0.0848866 0.0642522 0.0009281 0.0200520 0.0269019 0.0682463
108 H 108 0.1308607 0.0737120 0.0186577 0.0337459 0.0070676 0.0361094 0.1072414 0.0485236 0.0805469 0.0480592 0.0702190 0.0410795 0.0103978 0.0142755 0.0317685 0.0361702 0.0245702 0.0092199 0.0865048 0.0304441 0.0608259
109 C 109 0.0652615 0.0006633 0.0063486 0.0008373 0.0846705 0.0024917 0.0334488 0.0055915 0.0000000 0.1420548 0.2345815 0.0107102 0.0202519 0.0714125 0.0123940 0.0163013 0.0336357 0.0452497 0.0031475 0.1499581 0.0609894
110 N 110 0.0676080 0.0131475 0.3024803 0.0055545 0.0103970 0.0300861 0.0593694 0.0637091 0.0058403 0.0253119 0.0838443 0.0259829 0.0306818 0.0614472 0.0100552 0.0818284 0.0219690 0.0096069 0.0108620 0.0128638 0.0673545
111 G 111 0.0774175 0.2039834 0.0125898 0.0409782 0.0032584 0.0746816 0.0899009 0.1334531 0.0142535 0.0068431 0.0389557 0.0643150 0.0097009 0.0076181 0.0095682 0.0932096 0.0261426 0.0044284 0.0079752 0.0173063 0.0634204
112 K 112 0.0653599 0.1357065 0.0282072 0.0474983 0.0010100 0.0599319 0.0676626 0.0362530 0.0281738 0.0418388 0.0288085 0.1235950 0.0030847 0.0141898 0.0068126 0.0489732 0.0770781 0.0000000 0.0811993 0.0365098 0.0681067
113 L 113 0.0396523 0.0161863 0.0093583 0.0188244 0.0000000 0.0058587 0.0075256 0.0146998 0.0098576 0.0806795 0.3563443 0.0186043 0.0257957 0.1679925 0.0102652 0.0057176 0.0559726 0.0037756 0.0081376 0.0478757 0.0968765
114 G 114 0.0185992 0.0351107 0.0342845 0.0354929 0.0020152 0.0338611 0.0259733 0.2295123 0.0141247 0.0081663 0.0381448 0.0263084 0.0219467 0.0357396 0.0528707 0.0564357 0.1019560 0.0042305 0.0044427 0.0083602 0.2124244
115 S 115 0.0362072 0.0149580 0.0811090 0.0688344 0.0775546 0.0245684 0.0262109 0.1100178 0.0106424 0.0147163 0.1000117 0.0639389 0.0120688 0.0066243 0.0384774 0.0526915 0.0265960 0.0110279 0.0159514 0.0166083 0.1911848
116 Y 116 0.0124769 0.0280909 0.0211716 0.0613757 0.0239689 0.0112704 0.0336343 0.0739886 0.0140075 0.0664361 0.0765167 0.0196811 0.0009968 0.1794800 0.0404782 0.0459191 0.0140291 0.0248953 0.1503221 0.0342462 0.0670143
117 K 117 0.0224132 0.0461969 0.0253421 0.0942273 0.0065944 0.0174841 0.0612520 0.0130098 0.0190876 0.0106952 0.1780987 0.0767830 0.0440026 0.0044148 0.1530721 0.0411461 0.0665192 0.0000000 0.0163111 0.0466276 0.0567224
118 I 118 0.0334141 0.0100453 0.0042408 0.0344645 0.0054287 0.0100014 0.0247161 0.2196637 0.0095357 0.1288018 0.2123082 0.0058521 0.0041633 0.0666344 0.0416127 0.0171910 0.0365699 0.0032265 0.0277931 0.0536364 0.0507004
119 N 119 0.0241553 0.0380284 0.1065567 0.1060077 0.0019251 0.0218575 0.0383267 0.0358129 0.0162001 0.0674458 0.2651783 0.0252832 0.0081610 0.0114207 0.0177865 0.0977309 0.0464182 0.0000000 0.0113233 0.0221719 0.0382095
120 G 120 0.0495217 0.0334792 0.0262973 0.0613713 0.0009907 0.0314953 0.0670348 0.1824989 0.0368336 0.0234232 0.0426700 0.0366344 0.0055133 0.1047307 0.0500964 0.0432131 0.0261523 0.0008631 0.0713228 0.0590739 0.0467840
121 R 121 0.0333385 0.1711310 0.0211936 0.0704458 0.0098078 0.0211290 0.0664121 0.0381139 0.0360927 0.0213748 0.0424640 0.0628504 0.0030195 0.0661536 0.0783046 0.0964841 0.0642199 0.0000000 0.0180684 0.0421102 0.0372863
122 T 122 0.0323044 0.0257087 0.0224109 0.0327137 0.0232311 0.0221183 0.0943361 0.0268233 0.0470446 0.0474326 0.0335358 0.0668721 0.0144355 0.0710671 0.0238137 0.0944157 0.1300964 0.0099657 0.0873902 0.0541658 0.0401182
123 K 123 0.0407408 0.0466926 0.0363968 0.0657314 0.0089871 0.0308120 0.2091687 0.0143003 0.0232985 0.0245127 0.0240713 0.1030574 0.0347676 0.0367151 0.0420230 0.0608001 0.0688316 0.0045830 0.0549533 0.0257402 0.0438166
124 A 124 0.1845106 0.0180547 0.0105866 0.0851580 0.0440500 0.0118835 0.0301215 0.0548869 0.0127638 0.0392709 0.0695761 0.0000000 0.0507202 0.0416293 0.0186017 0.1005505 0.1006898 0.0035769 0.0340018 0.0469956 0.0423716
125 M 125 0.0319422 0.0184524 0.0085289 0.0000000 0.0023345 0.1154378 0.0078666 0.0489311 0.2299607 0.0395485 0.0443115 0.0246595 0.2097412 0.0268116 0.0015909 0.0795056 0.0384283 0.0050830 0.0077949 0.0148538 0.0442170
126 V 126 0.0556395 0.0177870 0.0118404 0.0016166 0.0494752 0.0391221 0.0087419 0.0384429 0.0036181 0.0345962 0.1784965 0.0041745 0.0142792 0.1423277 0.0040554 0.0484016 0.0396301 0.0032177 0.0945426 0.1521752 0.0578198
127 A 127 0.3926663 0.0055929 0.0128215 0.0021983 0.0070288 0.0235998 0.0048879 0.0300569 0.0000000 0.0782583 0.1008447 0.0062902 0.0064049 0.0131435 0.0000000 0.0885938 0.0335382 0.0000000 0.0289439 0.0986111 0.0665189
128 C 128 0.0172809 0.1129199 0.0709747 0.0000000 0.2146305 0.0128877 0.0092187 0.0166131 0.0870814 0.0515730 0.0631318 0.0702231 0.0157292 0.0185790 0.0027632 0.0403712 0.0370859 0.0018141 0.0241271 0.0687921 0.0642033
129 Y 129 0.0270408 0.0983011 0.0314860 0.0046146 0.0000000 0.0359458 0.0134649 0.0300438 0.0067160 0.0196182 0.0265485 0.0248760 0.0121187 0.0124451 0.0000000 0.0094078 0.0240531 0.0057405 0.5132592 0.0232525 0.0810674
130 P 130 0.0412720 0.0368514 0.0209482 0.0177445 0.0014831 0.0190923 0.0968417 0.0159460 0.0400665 0.0141785 0.0297247 0.0103869 0.0099338 0.0158402 0.2234753 0.0303098 0.0850583 0.0000000 0.1383490 0.0187603 0.1337373
131 G 131 0.1119315 0.0640226 0.0389525 0.0149239 0.0009988 0.0341592 0.0177924 0.2155703 0.0072415 0.0081516 0.0162285 0.0312297 0.0000000 0.0181867 0.1242066 0.0754555 0.0755926 0.0000000 0.0029681 0.0139155 0.1284726
132 N 132 0.0155579 0.0593778 0.1338954 0.0651249 0.0000000 0.0285186 0.0651894 0.0666439 0.0542560 0.0075784 0.0106817 0.0905261 0.0139598 0.0000000 0.0881358 0.0451670 0.0393168 0.0000000 0.0215252 0.0395376 0.1550077
133 G 133 0.0486709 0.0134705 0.0230574 0.1113644 0.0000000 0.0118994 0.0140098 0.6502338 0.0135670 0.0000000 0.0013969 0.0146186 0.0022548 0.0000000 0.0090220 0.0235841 0.0283037 0.0000000 0.0000000 0.0000000 0.0345469
134 T 134 0.1267879 0.0137302 0.0194692 0.1708347 0.0776572 0.0552530 0.0576721 0.1314538 0.0296027 0.0000000 0.0501705 0.0188328 0.0043036 0.0131790 0.0125673 0.0760998 0.0897592 0.0000000 0.0022871 0.0066567 0.0436831
135 G 135 0.0170655 0.0493287 0.0105033 0.0444183 0.0262984 0.0060482 0.0125560 0.0979711 0.1663928 0.0074218 0.0157233 0.0224873 0.0024845 0.2336316 0.0000000 0.0663105 0.0008251 0.0054545 0.1561806 0.0144195 0.0444788
136 Y 136 0.0016467 0.0043052 0.0000000 0.0029319 0.0000000 0.0056867 0.0053633 0.0361917 0.0604767 0.0244692 0.2327462 0.0000000 0.0000000 0.1217840 0.0047662 0.0054492 0.0362201 0.0316328 0.3907405 0.0028392 0.0327506
137 V 137 0.0490864 0.0982288 0.0341870 0.0422956 0.0000000 0.0474349 0.0278737 0.0434416 0.0420444 0.0204132 0.1365213 0.1482943 0.0055859 0.0055138 0.0875763 0.0227047 0.0404723 0.0044826 0.0038078 0.1158296 0.0242058
138 R 138 0.0348192 0.1659200 0.0145830 0.0000000 0.0862004 0.0108756 0.0101310 0.0030711 0.0250151 0.0983918 0.0417354 0.1423355 0.0251234 0.0052370 0.1007948 0.0217885 0.0303504 0.0698969 0.0049445 0.0870133 0.0217731
139 H 139 0.0000000 0.0118413 0.0028818 0.0000000 0.0000000 0.0000000 0.0000000 0.0000000 0.9390551 0.0000000 0.0053030 0.0000000 0.0020400 0.0000000 0.0046175 0.0118384 0.0000000 0.0000000 0.0000000 0.0014799 0.0209430
140 V 140 0.0736152 0.0648363 0.0234189 0.1608211 0.0252008 0.0176679 0.0092043 0.0025007 0.0063619 0.0676460 0.1053760 0.0149223 0.0086362 0.0266538 0.0067115 0.0423425 0.0433413 0.0011872 0.0633393 0.2090634 0.0271535
141 D 141 0.0029995 0.0108122 0.0000000 0.9527781 0.0000000 0.0000000 0.0020070 0.0024658 0.0037838 0.0000000 0.0000000 0.0000000 0.0000000 0.0000000 0.0049545 0.0000000 0.0000000 0.0000000 0.0000000 0.0000000 0.0201991
142 N 142 0.0888231 0.0322474 0.2870818 0.0061537 0.0307833 0.0352398 0.0332846 0.0277688 0.0052245 0.0089117 0.0143433 0.0428675 0.0053006 0.0706414 0.0000000 0.0895086 0.0561182 0.0000000 0.0239167 0.0954756 0.0463096
143 P 143 0.0228030 0.0241023 0.0458775 0.0328308 0.0476752 0.0085143 0.0280951 0.0380114 0.0370577 0.0784693 0.0628481 0.0088898 0.0058804 0.1669442 0.2109043 0.0575369 0.0163937 0.0000000 0.0086073 0.0313478 0.0672108
144 N 144 0.0690946 0.0842405 0.0818948 0.0607825 0.0007539 0.0714799 0.0796799 0.1101100 0.0537585 0.0185197 0.0286244 0.0758262 0.0026176 0.0019771 0.0226222 0.0394557 0.0582887 0.0010284 0.0443799 0.0326323 0.0622332
145 G 145 0.0301322 0.0295397 0.0433740 0.0920917 0.0008802 0.0156603 0.0470803 0.2912754 0.0382241 0.0044508 0.0510299 0.0298741 0.0082420 0.0045699 0.0075001 0.0409741 0.0717992 0.0021784 0.0888310 0.0076258 0.0946669
146 D 146 0.0321917 0.0515123 0.0830139 0.2601414 0.0011484 0.0263862 0.0906845 0.0457171 0.0090952 0.0035904 0.0305887 0.0650008 0.0035462 0.0056064 0.0420867 0.0353719 0.0305862 0.0060155 0.0050308 0.0193692 0.1533165
147 G 147 0.0569397 0.0344794 0.0432637 0.0638314 0.0110838 0.0468272 0.0367539 0.1751832 0.0372628 0.0021348 0.0062901 0.0266244 0.0000000 0.0258249 0.0613673 0.1547677 0.0306952 0.0283872 0.0258426 0.0217330 0.1107078
148 R 148 0.0090041 0.6864985 0.0585603 0.0080482 0.0000000 0.0032339 0.0017343 0.0171210 0.0047850 0.0032355 0.0033864 0.0568020 0.0000000 0.0401807 0.0023245 0.0303006 0.0174542 0.0043648 0.0135451 0.0000000 0.0394208
149 C 149 0.0332281 0.3884907 0.0000000 0.0962143 0.0897184 0.0199877 0.0416304 0.0000000 0.0242022 0.0221025 0.0235777 0.1016265 0.0159023 0.0167026 0.0038537 0.0119231 0.0197853 0.0011538 0.0072853 0.0583472 0.0242682
150 V 150 0.0418244 0.0000000 0.0000000 0.0000000 0.0066490 0.0000000 0.0000000 0.0037229 0.0000000 0.2280629 0.2159123 0.0000000 0.0048618 0.0502494 0.0000000 0.0050189 0.0049244 0.0129346 0.1373957 0.2663555 0.0220881
151 T 151 0.1094523 0.0000000 0.0717036 0.0000000 0.0098615 0.0000000 0.0000000 0.0062152 0.0024218 0.0016122 0.0000000 0.0000000 0.0000000 0.0000000 0.0000000 0.3008695 0.4665232 0.0000000 0.0000000 0.0127849 0.0185559
152 C 152 0.1728398 0.0000000 0.0000000 0.0000000 0.0975630 0.0000000 0.0000000 0.0177086 0.0027553 0.0371120 0.1100101 0.0000000 0.0728024 0.1226827 0.0000000 0.0398201 0.0909964 0.0128855 0.0854655 0.1188027 0.0185559
153 I 153 0.0098372 0.0033539 0.0000000 0.0000000 0.0021413 0.0136306 0.0000000 0.0000000 0.0068391 0.3128860 0.2722261 0.0000000 0.0154715 0.0058786 0.0024658 0.0183994 0.0315319 0.0000000 0.0000000 0.2874628 0.0178759
154 Y 154 0.0113703 0.0024218 0.0000000 0.0000000 0.0267930 0.0000000 0.0000000 0.0056207 0.0011726 0.0883761 0.4289517 0.0000000 0.0210459 0.0691830 0.0021299 0.0057780 0.0376252 0.0088847 0.2102554 0.0625157 0.0178759
155 Y 155 0.0027489 0.0000000 0.0188260 0.0000000 0.0032355 0.0163079 0.0000000 0.0297901 0.0033459 0.0000000 0.0027897 0.0000000 0.0038537 0.0462186 0.0000000 0.0040570 0.0026293 0.0013729 0.8430030 0.0000000 0.0218216
156 L 156 0.0066570 0.0000000 0.0025158 0.0000000 0.0115750 0.0000000 0.0000000 0.0010596 0.0000000 0.0085148 0.7793998 0.0000000 0.0496496 0.0473240 0.0124966 0.0036004 0.0014677 0.0000000 0.0013969 0.0512165 0.0231263
157 N 157 0.0091837 0.0000000 0.6208442 0.0189379 0.0034667 0.0020970 0.0063671 0.0031286 0.0260788 0.0190539 0.0026948 0.0000000 0.0010651 0.0000000 0.0079097 0.0966859 0.0980410 0.0000000 0.0110685 0.0414838 0.0318930
158 K 158 0.0322919 0.0486839 0.0105801 0.2402664 0.0000000 0.0352939 0.1474422 0.0257161 0.0019501 0.0067317 0.0198272 0.1034361 0.0000000 0.0033586 0.1995328 0.0168211 0.0305005 0.0000000 0.0034832 0.0033630 0.0707212
159 D 159 0.0246950 0.0206744 0.1099244 0.3502007 0.0020519 0.0315440 0.1184279 0.0641299 0.0192331 0.0037637 0.0034933 0.0192753 0.0000000 0.0000000 0.0615924 0.0335151 0.0223575 0.0000000 0.0020089 0.0259182 0.0871942
160 W 160 0.0035476 0.0000000 0.0062518 0.0334099 0.0037455 0.0000000 0.0022483 0.0139422 0.0000000 0.0023327 0.0036234 0.0017387 0.0000000 0.0581245 0.0379491 0.0348583 0.0025407 0.6110066 0.0524391 0.0070128 0.1252287
161 D 161 0.0288995 0.0477836 0.0450383 0.1631978 0.0038166 0.1277942 0.0721564 0.0309603 0.0075627 0.0036378 0.0249422 0.1224961 0.0047153 0.0000000 0.0413935 0.0496191 0.0312475 0.0497122 0.0038537 0.0023267 0.1388465
162 A 162 0.1226766 0.0273219 0.0117379 0.0345045 0.0208605 0.0189754 0.1046775 0.0397368 0.0124930 0.0211672 0.0173674 0.0369582 0.0062415 0.0012908 0.1722762 0.0804935 0.0520154 0.0014837 0.0058372 0.0520665 0.1598184
163 K 163 0.0602143 0.0412418 0.0248078 0.1349711 0.0029029 0.0369226 0.2538763 0.0601932 0.0200103 0.0019052 0.0019258 0.1157920 0.0014968 0.0118161 0.0208733 0.0643930 0.0230437 0.0000000 0.0000000 0.0046087 0.1190053
164 V 164 0.0399515 0.0241990 0.0290248 0.0963535 0.0122918 0.0210732 0.0806487 0.0467239 0.0278055 0.0107926 0.0555782 0.0364347 0.0096327 0.0874971 0.0047021 0.0337965 0.0408691 0.0879273 0.0933728 0.0371792 0.1241459
165 S 165 0.0204505 0.0062114 0.0386740 0.1833630 0.0028062 0.0235019 0.0680404 0.3641399 0.0562449 0.0022736 0.0019041 0.0186885 0.0015412 0.0102396 0.0000000 0.0438269 0.0269602 0.0121767 0.0150044 0.0029703 0.1009823
166 G 166 0.0156200 0.0078662 0.0013623 0.0075491 0.0113458 0.0038855 0.0045164 0.8725914 0.0032355 0.0000000 0.0012561 0.0000000 0.0000000 0.0044831 0.0000000 0.0015151 0.0037417 0.0000000 0.0300896 0.0000000 0.0309421
167 G 167 0.0457850 0.0058631 0.0167817 0.0287646 0.0259251 0.0389181 0.1528473 0.5695326 0.0174396 0.0023710 0.0170899 0.0048367 0.0011821 0.0030843 0.0016558 0.0078964 0.0227731 0.0013314 0.0010884 0.0021868 0.0326471
168 I 168 0.1123156 0.0544519 0.0178929 0.0204025 0.0120595 0.0234685 0.1387399 0.0136298 0.0115941 0.0287750 0.3717394 0.0116801 0.0103870 0.0440627 0.0030598 0.0197483 0.0504319 0.0000000 0.0043648 0.0169986 0.0341978
169 L 169 0.0239416 0.0649054 0.0027118 0.0248072 0.0064745 0.0135292 0.0894113 0.0024287 0.0248209 0.0403771 0.4376802 0.0095517 0.0062002 0.0952913 0.0000000 0.0038095 0.0456242 0.0020970 0.0149071 0.0623053 0.0291257
170 R 170 0.0273444 0.2239354 0.0022808 0.0169179 0.0067013 0.0349874 0.0609916 0.0023700 0.0129737 0.0834568 0.1817349 0.0132491 0.0280554 0.0888904 0.0000000 0.0119704 0.0435634 0.0020948 0.0095722 0.1195105 0.0293996
171 I 171 0.0084803 0.0261022 0.0024450 0.0014208 0.0081146 0.0012431 0.0027125 0.0035627 0.0314245 0.1306726 0.2247297 0.0026501 0.0212348 0.1908589 0.0034842 0.0034105 0.0535931 0.0630178 0.1280599 0.0467624 0.0460202
172 F 172 0.0258168 0.0319628 0.0530743 0.0598252 0.0046793 0.0224953 0.0623993 0.0221229 0.0385126 0.0166683 0.0833080 0.0178605 0.0262776 0.1732446 0.0069167 0.0489846 0.0185878 0.0264383 0.1844637 0.0142617 0.0620998
173 P 173 0.0259680 0.0151438 0.0502407 0.1818064 0.0027455 0.0271401 0.0360969 0.0300958 0.0058552 0.0086146 0.0350856 0.0493163 0.0184027 0.0027856 0.3402590 0.0570296 0.0315892 0.0000000 0.0040935 0.0066626 0.0710688
174 E 174 0.0255004 0.0237815 0.0564475 0.2931846 0.0090371 0.0205677 0.1710346 0.0394498 0.0134499 0.0081595 0.0296957 0.0481903 0.0070205 0.0332733 0.0324872 0.0492353 0.0459801 0.0038918 0.0017116 0.0147300 0.0731717
175 G 175 0.0816565 0.0280324 0.0622505 0.1244199 0.0141056 0.0344267 0.0769688 0.1389679 0.0195782 0.0062526 0.0269685 0.0573952 0.0381205 0.0073579 0.0517905 0.0537794 0.0371012 0.0136541 0.0141420 0.0273851 0.0856465
176 K 176 0.0514402 0.0448740 0.0656047 0.0843799 0.0110649 0.0351135 0.0711427 0.0885784 0.0471520 0.0188149 0.0374253 0.1063025 0.0069433 0.0090343 0.0595007 0.0714475 0.0735834 0.0000000 0.0145572 0.0256901 0.0773505
177 A 177 0.0761617 0.0386782 0.1147192 0.1508703 0.0017979 0.0556886 0.1182856 0.0639704 0.0136575 0.0060533 0.0079885 0.0602013 0.0060594 0.0165516 0.0268395 0.0566397 0.1084950 0.0000000 0.0023327 0.0134082 0.0616014
178 Q 178 0.0189634 0.0864483 0.0152343 0.0270709 0.0358538 0.1066498 0.0908186 0.0132670 0.0294594 0.0602555 0.0326713 0.0459053 0.0131547 0.0217800 0.0904862 0.0266456 0.0257156 0.0073698 0.0425130 0.1358406 0.0738969
179 F 179 0.0497018 0.0284566 0.0156304 0.0135571 0.0223980 0.0254343 0.0493912 0.0453117 0.0219121 0.0590495 0.0623001 0.0194120 0.0051468 0.0596981 0.0873348 0.0368487 0.1036126 0.0130900 0.0344544 0.1623032 0.0849568
180 A 180 0.2181270 0.0564069 0.0000000 0.0125922 0.0109826 0.0322430 0.0587772 0.0240771 0.0472044 0.0572427 0.0609978 0.1038864 0.0157793 0.0173817 0.0039463 0.0180739 0.0369896 0.0065880 0.0059616 0.1441187 0.0686235
