  228         A         R         N         D         C         Q         E         G         H         I         L         K         M         F         P         S         T         W         Y         V    
  1 G   1 0.1689133 0.0000000 0.0000000 0.0000000 0.0000000 0.0000000 0.0000000 0.6200104 0.0000000 0.0000000 0.0000000 0.0000000 0.0000000 0.0000000 0.0000000 0.2110763 0.0000000 0.0000000 0.0000000 0.0000000
  2 S   2 0.0713543 0.1739071 0.0731933 0.0000000 0.0000000 0.0462210 0.1354761 0.0142869 0.0566829 0.0000000 0.0000000 0.1524951 0.0000000 0.0000000 0.0000000 0.0657590 0.1747139 0.0000000 0.0359103 0.0000000
  3 H   3 0.1061161 0.0567889 0.0467531 0.0000000 0.0000000 0.2305822 0.0480370 0.0502626 0.2811673 0.0000000 0.0170901 0.1204345 0.0000000 0.0000000 0.0000000 0.0000000 0.0000000 0.0000000 0.0000000 0.0427682
  4 M   4 0.0851528 0.0909498 0.0000000 0.0138171 0.0242072 0.0000000 0.0304629 0.0148022 0.0000000 0.0145671 0.1293689 0.0000000 0.0911741 0.0000000 0.0165725 0.1745180 0.0517764 0.0000000 0.0264407 0.2361904
  5 A   5 0.3417155 0.0000000 0.0000000 0.0205628 0.0000000 0.0284154 0.1447263 0.0303325 0.0000000 0.0271511 0.1125830 0.0443829 0.0155451 0.0211399 0.0145086 0.1989368 0.0000000 0.0000000 0.0000000 0.0000000
  6 S   6 0.1174805 0.1151532 0.0000000 0.0000000 0.0000000 0.0000000 0.1329978 0.0308381 0.0000000 0.0000000 0.0628610 0.0174327 0.1110512 0.0000000 0.0542459 0.1106714 0.2472681 0.0000000 0.0000000 0.0000000
  7 P   7 0.0778260 0.0073559 0.0000000 0.0264814 0.0000000 0.0279848 0.0183301 0.0368126 0.0370027 0.0357178 0.0854978 0.0172366 0.0000000 0.0000000 0.4404765 0.0397595 0.0746522 0.0000000 0.0000000 0.0748661
  8 N   8 0.0362742 0.0247454 0.1696563 0.0252386 0.0113135 0.0279706 0.0550822 0.0660817 0.0770482 0.0102298 0.1563501 0.0077732 0.0075463 0.0309990 0.0126454 0.0496129 0.0000000 0.1871181 0.0000000 0.0443145
  9 G   9 0.0980685 0.0367110 0.0149111 0.0720172 0.0000000 0.0626753 0.0371523 0.1894424 0.0620003 0.0551389 0.0250717 0.0569252 0.0058930 0.0000000 0.0451909 0.1474209 0.0764784 0.0000000 0.0000000 0.0149031
 10 Q  10 0.0873260 0.1982340 0.0254892 0.0496168 0.0083762 0.1774038 0.0748754 0.0075243 0.0529034 0.0067478 0.0833395 0.0431322 0.0098868 0.0094419 0.0474779 0.0696174 0.0000000 0.0107456 0.0074519 0.0304098
 11 T  11 0.1221652 0.0827161 0.0479163 0.0238202 0.0000000 0.0213125 0.0221389 0.0152101 0.0000000 0.0386980 0.0359951 0.0166064 0.0921971 0.0061665 0.0297118 0.1511221 0.2509484 0.0000000 0.0000000 0.0432754
 12 K  12 0.0562426 0.0905840 0.0239621 0.0038361 0.0000000 0.0855073 0.0329123 0.0090409 0.0613948 0.0505509 0.0345404 0.0676553 0.1530396 0.0481960 0.0638832 0.1382337 0.0701593 0.0000000 0.0000000 0.0102614
 13 P  13 0.0706172 0.0623348 0.0530934 0.0781714 0.0000000 0.0385216 0.0067443 0.0115896 0.0486287 0.0000000 0.0000000 0.0477044 0.0000000 0.0195171 0.2892419 0.0691133 0.1123071 0.0000000 0.0147128 0.0777023
 14 L  14 0.1338916 0.0135324 0.0065635 0.0061123 0.0040982 0.0248183 0.0473296 0.0376434 0.0120768 0.0662613 0.2037352 0.0374638 0.0254088 0.0829135 0.0304513 0.1421594 0.0626834 0.0000000 0.0183267 0.0445306
 15 P  15 0.1035807 0.0370953 0.0402630 0.1472436 0.0034015 0.0393778 0.0656299 0.0058501 0.0147127 0.0361039 0.0497979 0.0626781 0.0000000 0.0241993 0.2608916 0.0455173 0.0338481 0.0000000 0.0052294 0.0245800
 16 A  16 0.1306654 0.0645338 0.0174762 0.0803166 0.0236105 0.0527052 0.0611365 0.0187579 0.0216624 0.0167654 0.1237458 0.0275612 0.0000000 0.0165519 0.1438823 0.1045893 0.0298039 0.0187249 0.0140291 0.0334816
 17 L  17 0.0370832 0.0250593 0.0230264 0.0545766 0.0000000 0.0603038 0.1772407 0.0218473 0.0075895 0.0511747 0.2503208 0.0085553 0.0361801 0.0396424 0.0070578 0.0755670 0.0166630 0.0000000 0.0137683 0.0943436
 18 K  18 0.0346066 0.1421527 0.1215860 0.0817782 0.0080655 0.0855251 0.1401340 0.0063317 0.0392058 0.0000000 0.0085971 0.1422949 0.0039993 0.0043455 0.0106750 0.0830350 0.0485310 0.0000000 0.0111860 0.0279507
 19 L  19 0.0693032 0.0161412 0.0211185 0.0555201 0.0067861 0.0517571 0.0996753 0.0066770 0.0109107 0.0560667 0.1699128 0.0310736 0.0629646 0.0127507 0.1272981 0.0853685 0.0283517 0.0358934 0.0355372 0.0168936
 20 A  20 0.1986072 0.0116335 0.0397288 0.0649539 0.0162275 0.0224783 0.0177893 0.0151897 0.0361061 0.0987497 0.1614708 0.0237967 0.0305164 0.0189871 0.0088006 0.1025570 0.0417049 0.0182703 0.0246290 0.0478030
 21 L  21 0.0961503 0.0030016 0.0000000 0.0000000 0.0535382 0.0292337 0.0070843 0.0106794 0.0322265 0.0408696 0.3278823 0.0159712 0.0429814 0.1246420 0.0032248 0.0287832 0.0908679 0.0070970 0.0671023 0.0186644
 22 E  22 0.0357940 0.0596593 0.0399354 0.3344244 0.0000000 0.0724001 0.2901385 0.0000000 0.0352989 0.0000000 0.0094666 0.0239806 0.0000000 0.0000000 0.0056612 0.0518515 0.0193742 0.0000000 0.0000000 0.0220151
 23 Y  23 0.0712063 0.1214418 0.0610560 0.0387644 0.0133676 0.0790987 0.0835689 0.0137995 0.0478870 0.0062617 0.0545571 0.0857918 0.0052576 0.0249796 0.0123870 0.0788463 0.0400200 0.0000000 0.1303594 0.0313493
 24 I  24 0.0542964 0.0000000 0.0205708 0.0128280 0.0000000 0.0196403 0.0042095 0.0000000 0.0070154 0.3987113 0.2693152 0.0000000 0.0101910 0.0080410 0.0064887 0.0164107 0.0122464 0.0026178 0.0101919 0.1472254
 25 V  25 0.1980424 0.0309505 0.0019607 0.0022491 0.0442503 0.0000000 0.0071790 0.0057297 0.0000000 0.2567836 0.1123118 0.0108517 0.0172036 0.0090388 0.0072264 0.0238160 0.0154276 0.0000000 0.0000000 0.2569788
 26 P  26 0.0711317 0.1092820 0.0641999 0.2969995 0.0040337 0.0222586 0.1152432 0.0176123 0.0131647 0.0063976 0.0163408 0.0218875 0.0285464 0.0000000 0.1176819 0.0583617 0.0259840 0.0000000 0.0000000 0.0108744
 27 C  27 0.1814477 0.0217262 0.0259008 0.2310446 0.1010214 0.1214724 0.0469873 0.0412946 0.0235483 0.0000000 0.0038445 0.0265300 0.0000000 0.0017332 0.0081890 0.1142943 0.0404437 0.0000000 0.0071052 0.0034168
 28 M  28 0.0087116 0.0000000 0.0000000 0.0000000 0.0000000 0.0000000 0.0000000 0.0000000 0.0000000 0.0849856 0.5908632 0.0053078 0.1384308 0.0674741 0.0134857 0.0147516 0.0149644 0.0000000 0.0360628 0.0249624
 29 N  29 0.1481558 0.0719935 0.1850356 0.0670977 0.0097778 0.0394506 0.0543858 0.0306427 0.0455746 0.0374922 0.0534807 0.0228461 0.0199405 0.0157316 0.0141684 0.0304655 0.0427018 0.0000000 0.0342193 0.0768398
 30 K  30 0.0546409 0.0874550 0.0517932 0.1085576 0.0031577 0.0907991 0.1501087 0.1140443 0.0060343 0.0029065 0.0262147 0.0726475 0.0000000 0.0041970 0.0616927 0.0477677 0.0875519 0.0000000 0.0248394 0.0055917
 31 H  31 0.0134907 0.0707339 0.0507764 0.0759131 0.0133876 0.1472066 0.0152034 0.0082513 0.1251756 0.0048627 0.0064663 0.0899755 0.0034631 0.0433168 0.0180789 0.0715030 0.0682876 0.0017296 0.1620654 0.0101126
 32 G  32 0.0131455 0.0290121 0.0535053 0.0230502 0.0000000 0.0600934 0.0205533 0.6623005 0.0192715 0.0000000 0.0154671 0.0507991 0.0000000 0.0037135 0.0337765 0.0153120 0.0000000 0.0000000 0.0000000 0.0000000
 33 I  33 0.0029540 0.1229446 0.0000000 0.0000000 0.0000000 0.0000000 0.0000000 0.0000000 0.1378469 0.1350441 0.0138516 0.0000000 0.0026045 0.1387133 0.0074554 0.0024224 0.0000000 0.1424188 0.2362581 0.0574863
 34 C  34 0.1653371 0.0000000 0.0018606 0.0035196 0.1831920 0.0000000 0.0017808 0.0548714 0.0069192 0.0740871 0.0740592 0.0000000 0.0044685 0.0819282 0.0000000 0.0868072 0.0194861 0.0062984 0.0527091 0.1826754
 35 V  35 0.0058621 0.0138173 0.0018103 0.0000000 0.0072366 0.0529379 0.0041896 0.0000000 0.0086578 0.1620666 0.0479280 0.0070302 0.0040153 0.0171971 0.0000000 0.0064560 0.0295473 0.0039382 0.0535156 0.5737941
 36 V  36 0.0244880 0.0116437 0.0026504 0.0018425 0.0062268 0.0401478 0.0000000 0.0093756 0.0014318 0.3082627 0.2050513 0.0290481 0.0302382 0.0392944 0.0000000 0.0144881 0.0158554 0.0288934 0.0115938 0.2194679
 37 D  37 0.0088848 0.0271375 0.0322696 0.5713655 0.0018222 0.0119402 0.0929684 0.0060295 0.0314299 0.0011762 0.0000000 0.0260382 0.0000000 0.0000000 0.1327752 0.0372072 0.0154659 0.0000000 0.0015404 0.0019492
 38 D  38 0.0231358 0.0157675 0.3413327 0.2281435 0.0030363 0.0279464 0.0345842 0.1675829 0.0416549 0.0092600 0.0103376 0.0326344 0.0000000 0.0024212 0.0175604 0.0289391 0.0075938 0.0000000 0.0019018 0.0061676
 39 F  39 0.0834065 0.0016526 0.0000000 0.0000000 0.0056150 0.0016291 0.0000000 0.0088498 0.0000000 0.0297882 0.1720143 0.0019116 0.0032782 0.5039216 0.0047888 0.0042896 0.0046691 0.0084036 0.0166749 0.1491072
 40 L  40 0.0101803 0.0000000 0.0012058 0.0000000 0.0077038 0.0000000 0.0000000 0.0016192 0.0027902 0.1601462 0.5518444 0.0013809 0.0282607 0.1298984 0.0000000 0.0000000 0.0053585 0.0032885 0.0144992 0.0818239
 41 G  41 0.0336791 0.0166768 0.0670272 0.1186900 0.0000000 0.0167396 0.0285777 0.1677780 0.0039112 0.0009705 0.0044636 0.0050268 0.0012328 0.0000000 0.1828520 0.2173995 0.1278838 0.0000000 0.0000000 0.0070912
 42 K  42 0.1031958 0.0443180 0.0315543 0.1179199 0.0000000 0.0766204 0.1723818 0.0178943 0.0111918 0.0029721 0.0403043 0.0464783 0.0108406 0.0049295 0.2073268 0.0533493 0.0386028 0.0000000 0.0060729 0.0140473
 43 E  43 0.1278146 0.0215250 0.0401516 0.1834197 0.0031838 0.0454668 0.3010919 0.0235686 0.0090241 0.0042212 0.0144335 0.0298182 0.0011811 0.0049591 0.0239161 0.0824522 0.0644824 0.0000000 0.0035921 0.0156977
 44 T  44 0.0418280 0.0267731 0.0117091 0.0672225 0.0010769 0.0480603 0.2258877 0.0023840 0.0172042 0.0392605 0.2411218 0.0199496 0.0206280 0.0764713 0.0024314 0.0133989 0.0454989 0.0175615 0.0155642 0.0659681
 45 G  45 0.1804320 0.0133270 0.0163530 0.0000000 0.1976416 0.0068745 0.0000000 0.0854038 0.0097997 0.0496859 0.2036326 0.0041768 0.0050274 0.0087333 0.0029498 0.0190687 0.0698235 0.0000000 0.0130090 0.1140615
 46 Q  46 0.1015468 0.1643530 0.0416745 0.1271681 0.0053281 0.0959218 0.1409856 0.0398074 0.0263892 0.0097299 0.0493827 0.0704037 0.0082170 0.0043876 0.0025691 0.0505005 0.0439862 0.0010464 0.0077548 0.0088478
 47 Q  47 0.2352419 0.1027449 0.0389252 0.0389620 0.0123872 0.1086849 0.1067108 0.0413689 0.0264463 0.0158582 0.0389186 0.0668485 0.0091510 0.0020185 0.0048226 0.0851075 0.0298743 0.0011404 0.0129636 0.0218248
 48 I  48 0.0426349 0.0017606 0.0000000 0.0000000 0.0100637 0.0000000 0.0021003 0.0000000 0.0000000 0.1565774 0.5477813 0.0013523 0.0239841 0.0075540 0.0000000 0.0000000 0.0095382 0.0000000 0.0032010 0.1934522
 49 G  49 0.0842102 0.2242446 0.0128551 0.0016420 0.0105805 0.0552150 0.0111129 0.0058444 0.0509155 0.0708988 0.2433146 0.0531887 0.0254592 0.0136675 0.0000000 0.0157377 0.0048934 0.0040643 0.0576840 0.0544716
 50 D  50 0.1843403 0.0930500 0.0889987 0.1507957 0.0059249 0.1009883 0.1293679 0.0225532 0.0137308 0.0020069 0.0129878 0.1094937 0.0013516 0.0011510 0.0013989 0.0510463 0.0245202 0.0000000 0.0000000 0.0062938
 51 E  51 0.0493491 0.0369132 0.0220694 0.0909804 0.0298404 0.0196114 0.4233202 0.0100233 0.0312105 0.0349182 0.0884832 0.0173083 0.0049548 0.0232131 0.0000000 0.0453187 0.0053458 0.0060951 0.0248388 0.0362060
 52 V  52 0.2186850 0.0000000 0.0016470 0.0000000 0.0521287 0.0066157 0.0000000 0.0063428 0.0000000 0.1198842 0.1777103 0.0017182 0.0130611 0.1129992 0.0017766 0.0263423 0.0271591 0.0096182 0.0162212 0.2080904
 53 R  53 0.0241336 0.1386666 0.0447216 0.0214154 0.0035058 0.0855654 0.1382965 0.0116149 0.0318934 0.0296416 0.1083560 0.1058885 0.0132714 0.0127918 0.1360216 0.0361422 0.0368993 0.0000000 0.0088506 0.0123236
 54 A  54 0.1490470 0.1006760 0.0663743 0.0779134 0.0020361 0.0689260 0.1270972 0.0438626 0.0121048 0.0115313 0.0198894 0.0494285 0.0129563 0.0078463 0.0294452 0.1169370 0.0660207 0.0115957 0.0129974 0.0133149
 55 L  55 0.0788290 0.0463502 0.0241634 0.0167133 0.0116967 0.0134496 0.0062943 0.0252306 0.0176056 0.1292785 0.3669262 0.0435542 0.0817291 0.0152353 0.0195675 0.0144166 0.0206243 0.0024782 0.0040497 0.0618079
 56 H  56 0.1241885 0.0408208 0.0453457 0.1112873 0.0018293 0.0424475 0.0567172 0.0264460 0.1316577 0.0021676 0.0618314 0.0394944 0.0242463 0.0185754 0.0383438 0.0619478 0.0333327 0.0260139 0.0953861 0.0179205
 57 D  57 0.1016501 0.0739571 0.0669625 0.0596684 0.0055207 0.0728673 0.1295183 0.0361898 0.0203847 0.0061134 0.0278316 0.0596996 0.0048649 0.1145517 0.0337242 0.0917930 0.0266930 0.0370347 0.0203030 0.0106722
 58 T  58 0.1353405 0.0759033 0.0552737 0.0823924 0.0010622 0.0440246 0.0937520 0.0424791 0.0499433 0.0149261 0.0238677 0.0377488 0.0097501 0.0090334 0.0225851 0.1289178 0.1282733 0.0134013 0.0073957 0.0239296
 59 G  59 0.0591800 0.0314761 0.0466603 0.0771768 0.0031656 0.0382982 0.1091156 0.4113297 0.0333242 0.0062751 0.0184634 0.0361496 0.0093246 0.0154072 0.0252726 0.0367388 0.0085510 0.0019889 0.0138399 0.0182625
 60 K  60 0.1055820 0.0867649 0.0390596 0.0518422 0.0123556 0.0294829 0.0370813 0.0404464 0.0249732 0.0076694 0.0770461 0.1850325 0.0321309 0.0669195 0.0096315 0.0434535 0.0342488 0.0322943 0.0220997 0.0618857
 61 F  61 0.0103463 0.0565092 0.0085467 0.0079999 0.0053919 0.0290448 0.0875526 0.0427885 0.0110713 0.0322261 0.1783576 0.0497479 0.0408854 0.2769978 0.0040134 0.0291449 0.0253718 0.0278906 0.0466453 0.0294679
 62 T  62 0.0501309 0.1337893 0.0896856 0.0291886 0.0021732 0.0547386 0.0473863 0.0306398 0.0492531 0.0108777 0.0252981 0.1019484 0.0126517 0.0066033 0.0428939 0.0806005 0.1508451 0.0131736 0.0250399 0.0430824
 63 D  63 0.1886654 0.0542590 0.0162997 0.2963324 0.0017068 0.0106239 0.0548373 0.0405143 0.0178410 0.0041847 0.0163345 0.0563010 0.0040776 0.0058602 0.1122526 0.0369861 0.0169289 0.0000000 0.0534476 0.0125470
 64 G  64 0.1867848 0.0063778 0.0728518 0.0271654 0.0008982 0.0081035 0.0062653 0.3512812 0.0030456 0.0726123 0.0934341 0.0174946 0.0098563 0.0049823 0.0113980 0.0628195 0.0241208 0.0000000 0.0180519 0.0224566
 65 Q  65 0.1058001 0.0594313 0.0232034 0.0154986 0.0094798 0.1359962 0.0369277 0.0908097 0.0141602 0.1049531 0.0096070 0.0832679 0.0110721 0.0158069 0.0331904 0.0481011 0.0268400 0.0089967 0.1291400 0.0377177
 66 L  66 0.0210458 0.0349998 0.0160766 0.0105760 0.0000000 0.0152960 0.0283895 0.1652283 0.0053201 0.0997900 0.2306681 0.1167408 0.0070640 0.0206984 0.0041352 0.0249028 0.0909468 0.0051327 0.0260644 0.0769246
 67 V  67 0.0574010 0.1592039 0.0239457 0.0328310 0.0016759 0.0058025 0.0203597 0.1494358 0.0461776 0.0369409 0.0222809 0.0271045 0.0167679 0.0621796 0.0130772 0.0988720 0.0200997 0.0049955 0.0183706 0.1824783
 68 S  68 0.0471894 0.0950694 0.0821431 0.0380594 0.0014324 0.0599371 0.0837322 0.1427071 0.0395094 0.0100961 0.0728363 0.0603943 0.0123333 0.0557167 0.0195453 0.1069954 0.0215547 0.0027472 0.0318974 0.0161039
 69 Q  69 0.0605726 0.0392038 0.0653607 0.0679579 0.0000000 0.2682766 0.0348035 0.1739620 0.0313983 0.0020450 0.0224709 0.0637154 0.0033664 0.0058850 0.0353754 0.0619940 0.0159572 0.0000000 0.0216232 0.0260318
 70 K  70 0.0362236 0.0796878 0.0240504 0.0971996 0.0000000 0.0579707 0.0849778 0.0683551 0.0151169 0.0112216 0.0431781 0.1306640 0.0053347 0.0073606 0.0722136 0.1417507 0.0784070 0.0044787 0.0139148 0.0278944
 71 S  71 0.0894679 0.0542219 0.0709551 0.0480962 0.0000000 0.0622066 0.0353607 0.1694481 0.1035050 0.0039457 0.0422266 0.0346521 0.0139567 0.0195059 0.0352752 0.1027723 0.0584877 0.0000000 0.0371820 0.0187340
 72 D  72 0.0438101 0.0325992 0.0701314 0.1796322 0.0023073 0.1225790 0.0528561 0.0867403 0.0507496 0.0458096 0.0158021 0.0417581 0.0106870 0.0302713 0.0141056 0.0588024 0.0835991 0.0091339 0.0097639 0.0388616
 73 S  73 0.0629181 0.0490628 0.0385830 0.0359927 0.0015965 0.0240869 0.0410994 0.0223270 0.0318214 0.0488027 0.2398509 0.0349894 0.0013001 0.0122041 0.0640860 0.0816360 0.0459454 0.0059139 0.0318128 0.1259709
 74 S  74 0.1157111 0.0528522 0.1482244 0.0945466 0.0055507 0.0211644 0.0697557 0.0398092 0.0222604 0.0339595 0.0292714 0.0691380 0.0148049 0.0234766 0.0274595 0.1160859 0.0394985 0.0012341 0.0175260 0.0576709
 75 K  75 0.0242821 0.1632523 0.1028635 0.0561155 0.0029546 0.0536588 0.1118039 0.0093948 0.0221471 0.0052085 0.0194779 0.1518460 0.0024155 0.0062308 0.0522982 0.0641089 0.0939917 0.0000000 0.0334619 0.0244879
 76 D  76 0.0753964 0.0615577 0.0670748 0.1537196 0.0000000 0.0240800 0.0839320 0.0409371 0.0365625 0.0092145 0.0624859 0.0632353 0.0084984 0.0518809 0.0110845 0.1692077 0.0761162 0.0000000 0.0000000 0.0050167
 77 I  77 0.0428087 0.0129745 0.0044140 0.0266833 0.0007983 0.0069431 0.0248196 0.0164513 0.0015846 0.3538866 0.1176737 0.0079880 0.0120428 0.0443948 0.0175027 0.0598833 0.0336104 0.0118678 0.0478641 0.1558083
 78 R  78 0.0133894 0.6635696 0.0129813 0.0090414 0.0022405 0.0303860 0.0721630 0.0361619 0.0199736 0.0062108 0.0113977 0.0358167 0.0091330 0.0257832 0.0106540 0.0130177 0.0146288 0.0010171 0.0094093 0.0030252
 79 G  79 0.0145061 0.0920198 0.0451182 0.0459177 0.0000000 0.0151415 0.0182856 0.3399420 0.0050459 0.0063867 0.0608388 0.0587937 0.0023536 0.0280796 0.0139966 0.1692968 0.0605563 0.0017621 0.0077267 0.0142322
 80 D  80 0.0737572 0.0100782 0.0183506 0.6144309 0.0090604 0.0113187 0.0336772 0.0201297 0.0017066 0.0102229 0.0245922 0.0130733 0.0016413 0.0017773 0.0263371 0.0810148 0.0330691 0.0000000 0.0067097 0.0090530
 81 K  81 0.0371412 0.1204820 0.0490297 0.0286323 0.0030473 0.1196970 0.0691120 0.0412243 0.0920398 0.0168628 0.0466081 0.1760864 0.0133221 0.0337222 0.0000000 0.0567595 0.0513042 0.0059645 0.0186896 0.0202751
 82 I  82 0.0151792 0.0232870 0.0056183 0.0062578 0.0014711 0.0067285 0.0045306 0.0170614 0.0030142 0.4845456 0.0709709 0.0071002 0.0414591 0.0321671 0.0048018 0.0219523 0.0745789 0.0000000 0.0124146 0.1668615
 83 T  83 0.1094913 0.0584313 0.0074991 0.0011623 0.0531915 0.0819019 0.0180941 0.0164194 0.0790591 0.0403221 0.1034514 0.0385510 0.0100018 0.0554632 0.0232470 0.0623852 0.1042165 0.0030882 0.0729032 0.0611204
 84 W  84 0.0299342 0.0191057 0.0141994 0.0075208 0.0000000 0.0214289 0.0427968 0.0276326 0.0000000 0.0138872 0.0249154 0.0137348 0.0094107 0.0653751 0.0113037 0.0243943 0.0430599 0.5659519 0.0337490 0.0315999
 85 I  85 0.0447397 0.0166408 0.0099767 0.0074591 0.0045163 0.0065649 0.0234377 0.0000000 0.0000000 0.2094564 0.4054333 0.0120691 0.0327240 0.0430636 0.0129070 0.0055127 0.0054109 0.0000000 0.0273251 0.1327628
 86 E  86 0.0381139 0.0469728 0.0483304 0.3386027 0.0000000 0.0340815 0.1841986 0.0354193 0.0097983 0.0016453 0.0673535 0.0236741 0.0012748 0.0033585 0.0160226 0.0666993 0.0613801 0.0000000 0.0191021 0.0039724
 87 G  87 0.0587990 0.1111751 0.0352078 0.0509045 0.0032248 0.0207746 0.1098153 0.2887042 0.0121057 0.0073498 0.0561029 0.0424167 0.0077715 0.0148656 0.0950205 0.0357293 0.0184096 0.0032720 0.0173731 0.0109779
 88 K  88 0.0463662 0.0705361 0.0670718 0.0955208 0.0013639 0.0847486 0.0978076 0.0542424 0.0553464 0.0160990 0.0418424 0.1116479 0.0038917 0.0365515 0.0131770 0.1006414 0.0726099 0.0000000 0.0130835 0.0174518
 89 E  89 0.0847110 0.0303422 0.0586840 0.1124471 0.0020782 0.0529981 0.2588316 0.0097924 0.0319846 0.0156994 0.0548639 0.0201301 0.0000000 0.0266376 0.0097087 0.1132271 0.0493289 0.0000000 0.0112742 0.0572611
 90 P  90 0.0813546 0.0283494 0.0366367 0.0683380 0.0087219 0.0157169 0.0521362 0.0262028 0.0163294 0.0468112 0.1113332 0.0261664 0.0131675 0.0535089 0.2892637 0.0385379 0.0264730 0.0000000 0.0152927 0.0456596
 91 G  91 0.1920595 0.0166659 0.0642010 0.0823203 0.0026008 0.0302461 0.0828611 0.1328192 0.0141335 0.0267040 0.0491857 0.0197490 0.0346853 0.0547554 0.0345401 0.0757512 0.0273157 0.0088214 0.0183883 0.0321965
 92 C  92 0.1038626 0.0374857 0.0205954 0.0387474 0.1370972 0.0796309 0.0373111 0.0728850 0.0036434 0.0419040 0.0812334 0.0364474 0.0072379 0.0258986 0.0375800 0.1105203 0.0249244 0.0155548 0.0222806 0.0651600
 93 E  93 0.1170087 0.0486941 0.0097198 0.0584688 0.0087256 0.0863970 0.1958668 0.0125001 0.0127495 0.0092492 0.0465559 0.0506064 0.0042008 0.0337716 0.1615594 0.0795998 0.0210910 0.0091754 0.0080318 0.0260281
 94 T  94 0.1795167 0.0389835 0.0611875 0.0516327 0.0061325 0.0403393 0.0771296 0.0494226 0.0446167 0.0307497 0.0544789 0.0485526 0.0074872 0.0354415 0.0638278 0.0627766 0.0521064 0.0061580 0.0378658 0.0515946
 95 I  95 0.0579508 0.0342623 0.0092284 0.0274530 0.0147561 0.0329734 0.0248671 0.0324402 0.0120565 0.2274002 0.1797269 0.0425998 0.0145131 0.0838815 0.0023893 0.0370319 0.0163425 0.0051512 0.0402148 0.1047612
 96 G  96 0.0776877 0.0957600 0.0541633 0.0451491 0.0148379 0.0695072 0.0540200 0.0967476 0.0264369 0.0300184 0.0652135 0.0675048 0.0187693 0.0178552 0.0682436 0.0706966 0.0382804 0.0190159 0.0384423 0.0316502
 97 L  97 0.1090886 0.1181442 0.0357331 0.0475865 0.0057101 0.0799005 0.0402556 0.0108598 0.0294814 0.0186734 0.1606550 0.0510785 0.0194905 0.0513559 0.0244743 0.0521838 0.0475494 0.0209365 0.0449895 0.0318533
 98 L  98 0.0456352 0.0197184 0.0014014 0.0030931 0.0025731 0.0162934 0.0090723 0.0000000 0.0281400 0.0476580 0.3601763 0.0016700 0.0152027 0.1645439 0.0000000 0.0367958 0.0108323 0.0324725 0.1621024 0.0426191
 99 M  99 0.0281314 0.0839423 0.0076725 0.0053579 0.0096622 0.0190308 0.0160217 0.0104810 0.0106867 0.0831477 0.3360507 0.0492199 0.0936367 0.0942858 0.0159467 0.0064142 0.0197145 0.0270690 0.0440113 0.0395170
100 S 100 0.1458691 0.0732035 0.0953902 0.1282564 0.0000000 0.0814924 0.1168352 0.0288310 0.0290970 0.0167684 0.0277789 0.0781558 0.0042913 0.0013217 0.0221633 0.1259730 0.0154655 0.0059451 0.0000000 0.0031622
101 S 101 0.0985015 0.1083521 0.0060831 0.0137232 0.0091328 0.0678714 0.0284984 0.0094514 0.0199926 0.0487080 0.1743003 0.0770710 0.0239965 0.0570439 0.0113608 0.0524221 0.0298510 0.0250479 0.0296177 0.1089744
102 M 102 0.0440312 0.0551075 0.0064206 0.0028821 0.0061283 0.0164401 0.0041063 0.0059064 0.0065027 0.2002417 0.2034756 0.0197462 0.1720737 0.0259907 0.0076268 0.0626331 0.0335712 0.0000000 0.0042084 0.1229074
103 D 103 0.0577541 0.0414309 0.0576852 0.2442541 0.0000000 0.0687913 0.2271224 0.0254029 0.0265109 0.0127701 0.0358865 0.0300965 0.0091728 0.0283807 0.0239933 0.0416677 0.0437100 0.0021904 0.0115413 0.0116390
104 D 104 0.1534101 0.0835187 0.0284795 0.0708838 0.0018153 0.0881279 0.1351373 0.0537377 0.0124716 0.0121519 0.0163580 0.1008432 0.0000000 0.0271216 0.0159804 0.1104652 0.0614300 0.0133880 0.0013474 0.0133323
105 L 105 0.0675523 0.0215129 0.0064640 0.0418513 0.0000000 0.0092421 0.0090258 0.0036517 0.0035790 0.1383311 0.4161092 0.0125854 0.0155247 0.0773846 0.0088315 0.0112045 0.0075909 0.0017051 0.0060809 0.1417731
106 I 106 0.0454486 0.2647989 0.0218923 0.0043796 0.0031138 0.0419151 0.0353228 0.0069309 0.0015678 0.1415413 0.0683026 0.0322049 0.0246562 0.0614684 0.0181255 0.0175903 0.0193500 0.0028681 0.0376958 0.1508272
107 R 107 0.0721795 0.1445626 0.0384308 0.0605811 0.0066623 0.1056205 0.0694852 0.0272476 0.0172858 0.0221657 0.0730703 0.0633699 0.0317766 0.0179110 0.0366615 0.0911081 0.0697647 0.0010202 0.0216788 0.0294176
108 H 108 0.1404685 0.0777355 0.0203009 0.0355430 0.0066491 0.0382744 0.1144572 0.0527376 0.0869996 0.0514564 0.0754118 0.0431111 0.0111982 0.0154684 0.0322715 0.0387843 0.0256580 0.0096754 0.0910627 0.0327363
109 C 109 0.0688578 0.0007016 0.0067828 0.0008978 0.0889308 0.0026077 0.0363257 0.0060198 0.0000000 0.1525683 0.2490258 0.0113686 0.0218974 0.0763871 0.0131215 0.0179557 0.0365416 0.0464447 0.0033328 0.1602323
110 N 110 0.0715690 0.0142938 0.3262345 0.0059581 0.0114700 0.0328956 0.0642083 0.0673167 0.0064103 0.0271351 0.0891009 0.0283301 0.0329790 0.0661869 0.0109381 0.0855849 0.0239270 0.0099302 0.0116743 0.0138572
111 G 111 0.0821533 0.2173308 0.0137786 0.0442069 0.0035540 0.0804891 0.0958105 0.1444154 0.0150232 0.0073641 0.0415768 0.0679414 0.0105443 0.0085348 0.0104154 0.0980171 0.0275065 0.0045941 0.0086430 0.0181008
112 K 112 0.0710238 0.1454168 0.0300421 0.0504155 0.0011002 0.0639871 0.0711908 0.0392407 0.0305317 0.0442250 0.0315552 0.1325966 0.0032692 0.0155267 0.0071383 0.0523604 0.0837520 0.0000000 0.0873028 0.0393250
113 L 113 0.0432330 0.0181300 0.0102793 0.0210500 0.0000000 0.0062071 0.0082196 0.0156757 0.0108483 0.0894567 0.3977222 0.0204344 0.0280135 0.1854602 0.0110816 0.0064093 0.0620753 0.0041345 0.0089768 0.0525924
114 G 114 0.0237897 0.0445177 0.0440632 0.0432017 0.0025226 0.0432432 0.0338525 0.2938116 0.0178216 0.0096994 0.0487205 0.0338572 0.0282847 0.0447340 0.0682411 0.0719129 0.1262993 0.0050527 0.0056788 0.0106955
115 S 115 0.0453541 0.0181189 0.1003067 0.0847472 0.0965772 0.0312206 0.0330643 0.1350836 0.0133776 0.0181978 0.1249472 0.0772619 0.0150286 0.0082430 0.0479491 0.0644930 0.0323235 0.0135339 0.0197180 0.0204537
116 Y 116 0.0130365 0.0298692 0.0229225 0.0651430 0.0262604 0.0124007 0.0358890 0.0796151 0.0150681 0.0704378 0.0821554 0.0208575 0.0010725 0.1925281 0.0426844 0.0498043 0.0145662 0.0267007 0.1622105 0.0367781
117 K 117 0.0238469 0.0490591 0.0268629 0.0993842 0.0066630 0.0190544 0.0650916 0.0139093 0.0200942 0.0115797 0.1896889 0.0814800 0.0472270 0.0047907 0.1615776 0.0441107 0.0697590 0.0000000 0.0162500 0.0495708
118 I 118 0.0355757 0.0103683 0.0045525 0.0362604 0.0057593 0.0107128 0.0261145 0.2333032 0.0101571 0.1365202 0.2209316 0.0061907 0.0042933 0.0707883 0.0441935 0.0181637 0.0386528 0.0033244 0.0295304 0.0546071
119 N 119 0.0249537 0.0400132 0.1118784 0.1105170 0.0020085 0.0223508 0.0394428 0.0369787 0.0172201 0.0685981 0.2780564 0.0250993 0.0081061 0.0115719 0.0185515 0.1020328 0.0476141 0.0000000 0.0113635 0.0236431
120 G 120 0.0522078 0.0353075 0.0270551 0.0647758 0.0009715 0.0325980 0.0692503 0.1919827 0.0384902 0.0243361 0.0448861 0.0382149 0.0057207 0.1097466 0.0527319 0.0451814 0.0275635 0.0009195 0.0750032 0.0630573
121 R 121 0.0353996 0.1783784 0.0217955 0.0740827 0.0094126 0.0219924 0.0691396 0.0392087 0.0361161 0.0223216 0.0446618 0.0655790 0.0031478 0.0690604 0.0815876 0.0993724 0.0664448 0.0000000 0.0187618 0.0435371
122 T 122 0.0334405 0.0259927 0.0232751 0.0339268 0.0236547 0.0232190 0.0966185 0.0282835 0.0502092 0.0492549 0.0354519 0.0695950 0.0151865 0.0747065 0.0247296 0.0978558 0.1377685 0.0101839 0.0913796 0.0552678
123 K 123 0.0429924 0.0491493 0.0377012 0.0676800 0.0089800 0.0318588 0.2200749 0.0148135 0.0241571 0.0256998 0.0248421 0.1094136 0.0358008 0.0392138 0.0437477 0.0627587 0.0720677 0.0048394 0.0573876 0.0268215
124 A 124 0.1937284 0.0186733 0.0111991 0.0887702 0.0466269 0.0112015 0.0315520 0.0575097 0.0137215 0.0404885 0.0712012 0.0000000 0.0524244 0.0435074 0.0192578 0.1060128 0.1065085 0.0037284 0.0361375 0.0477510
125 M 125 0.0335574 0.0188599 0.0075627 0.0000000 0.0023914 0.1183766 0.0077473 0.0511719 0.2421607 0.0412875 0.0467043 0.0257516 0.2229866 0.0280948 0.0016997 0.0824557 0.0400206 0.0053269 0.0082349 0.0156095
126 V 126 0.0582136 0.0187393 0.0128767 0.0017510 0.0504746 0.0418932 0.0091419 0.0407828 0.0040014 0.0375484 0.1906402 0.0045391 0.0153650 0.1512582 0.0043773 0.0515095 0.0413692 0.0034815 0.0996916 0.1623456
127 A 127 0.4228443 0.0056256 0.0141391 0.0024804 0.0075094 0.0251386 0.0046900 0.0314099 0.0000000 0.0843066 0.1075658 0.0069311 0.0069519 0.0140754 0.0000000 0.0938614 0.0351745 0.0000000 0.0310426 0.1062537
128 C 128 0.0184910 0.1185476 0.0757703 0.0000000 0.2316040 0.0138791 0.0101803 0.0180589 0.0936807 0.0557251 0.0670029 0.0735178 0.0167867 0.0203214 0.0029402 0.0429269 0.0393139 0.0018972 0.0255620 0.0737941
129 Y 129 0.0290849 0.1073700 0.0344992 0.0050753 0.0000000 0.0393335 0.0149429 0.0326575 0.0073635 0.0215041 0.0289393 0.0268022 0.0131995 0.0136872 0.0000000 0.0103635 0.0261871 0.0063615 0.5574680 0.0251607
130 P 130 0.0482118 0.0423704 0.0239452 0.0201683 0.0017351 0.0221138 0.1095659 0.0183551 0.0463085 0.0160984 0.0346324 0.0117537 0.0114465 0.0173974 0.2602578 0.0352775 0.0992837 0.0000000 0.1594834 0.0215950
131 G 131 0.1277604 0.0731652 0.0455192 0.0173920 0.0011327 0.0390214 0.0203246 0.2492814 0.0083674 0.0086940 0.0186252 0.0350962 0.0000000 0.0208855 0.1434950 0.0854648 0.0865897 0.0000000 0.0034502 0.0157351
132 N 132 0.0178300 0.0681467 0.1606717 0.0774598 0.0000000 0.0340668 0.0775604 0.0795013 0.0627645 0.0091842 0.0129538 0.1075425 0.0170189 0.0000000 0.1038928 0.0537863 0.0455820 0.0000000 0.0245402 0.0474980
133 G 133 0.0512839 0.0131868 0.0237885 0.1131939 0.0000000 0.0123084 0.0142588 0.6774628 0.0143899 0.0000000 0.0014599 0.0146386 0.0022168 0.0000000 0.0094105 0.0237726 0.0286285 0.0000000 0.0000000 0.0000000
134 T 134 0.1328288 0.0143821 0.0200546 0.1770816 0.0808700 0.0578834 0.0575706 0.1371801 0.0307772 0.0000000 0.0535029 0.0196946 0.0047275 0.0134035 0.0134560 0.0811614 0.0963455 0.0000000 0.0022725 0.0068077
135 G 135 0.0176764 0.0518488 0.0112577 0.0465547 0.0275048 0.0065616 0.0130653 0.1044164 0.1760930 0.0077556 0.0162305 0.0234788 0.0025499 0.2444480 0.0000000 0.0697335 0.0008010 0.0059464 0.1596127 0.0144651
136 Y 136 0.0017721 0.0046267 0.0000000 0.0031002 0.0000000 0.0060799 0.0056694 0.0373814 0.0637279 0.0254516 0.2366261 0.0000000 0.0000000 0.1264275 0.0048952 0.0055485 0.0374451 0.0301886 0.4080829 0.0029769
137 V 137 0.0500815 0.1006796 0.0351354 0.0432030 0.0000000 0.0494748 0.0291142 0.0448069 0.0408376 0.0219007 0.1375484 0.1511114 0.0057158 0.0057007 0.0907842 0.0229143 0.0413527 0.0047171 0.0039940 0.1209279
138 R 138 0.0355791 0.1701624 0.0152646 0.0000000 0.0861630 0.0112575 0.0100790 0.0031405 0.0261056 0.1001237 0.0425802 0.1479227 0.0259155 0.0054892 0.1008969 0.0226169 0.0306692 0.0713829 0.0049490 0.0897020
139 H 139 0.0000000 0.0126679 0.0030664 0.0000000 0.0000000 0.0000000 0.0000000 0.0000000 0.9585605 0.0000000 0.0055916 0.0000000 0.0020749 0.0000000 0.0046792 0.0119076 0.0000000 0.0000000 0.0000000 0.0014519
140 V 140 0.0764785 0.0670947 0.0237619 0.1638227 0.0260967 0.0173880 0.0093324 0.0026388 0.0065444 0.0688892 0.1097512 0.0149457 0.0083960 0.0280805 0.0070584 0.0438814 0.0438934 0.0012093 0.0657978 0.2149390
141 D 141 0.0031622 0.0108575 0.0000000 0.9722557 0.0000000 0.0000000 0.0021523 0.0024588 0.0039349 0.0000000 0.0000000 0.0000000 0.0000000 0.0000000 0.0051787 0.0000000 0.0000000 0.0000000 0.0000000 0.0000000
142 N 142 0.0930286 0.0341214 0.3066496 0.0064685 0.0324663 0.0366418 0.0324141 0.0289771 0.0056430 0.0092196 0.0142061 0.0421650 0.0056499 0.0743383 0.0000000 0.0937444 0.0584917 0.0000000 0.0254531 0.1003214
143 P 143 0.0238838 0.0256456 0.0492610 0.0358173 0.0518806 0.0090466 0.0289365 0.0405326 0.0386165 0.0840852 0.0655975 0.0091588 0.0062449 0.1799249 0.2291528 0.0623194 0.0178393 0.0000000 0.0093723 0.0326844
144 N 144 0.0742730 0.0903605 0.0893134 0.0652008 0.0008222 0.0760086 0.0836113 0.1176019 0.0568664 0.0207098 0.0305867 0.0799526 0.0028670 0.0021479 0.0237966 0.0420625 0.0598552 0.0010170 0.0476062 0.0353405
145 G 145 0.0336573 0.0331684 0.0481290 0.1018688 0.0010137 0.0174032 0.0516966 0.3215898 0.0427437 0.0046268 0.0570753 0.0340417 0.0092484 0.0048809 0.0080374 0.0446017 0.0794925 0.0025733 0.0961615 0.0079899
146 D 146 0.0378293 0.0609140 0.0975692 0.3126340 0.0013684 0.0313365 0.1036253 0.0527695 0.0110688 0.0042847 0.0362150 0.0762320 0.0040962 0.0067053 0.0494814 0.0423655 0.0362807 0.0070859 0.0057510 0.0223874
147 G 147 0.0637035 0.0376714 0.0483343 0.0724926 0.0123656 0.0529613 0.0416549 0.2007014 0.0426296 0.0023945 0.0071139 0.0292304 0.0000000 0.0290057 0.0694584 0.1716277 0.0339499 0.0317037 0.0289691 0.0240321
148 R 148 0.0096211 0.7172689 0.0619511 0.0082294 0.0000000 0.0034088 0.0018523 0.0177454 0.0050699 0.0035749 0.0036153 0.0586681 0.0000000 0.0396274 0.0024356 0.0307877 0.0185694 0.0043410 0.0132336 0.0000000
149 C 149 0.0342207 0.3998677 0.0000000 0.0974528 0.0947986 0.0201345 0.0428740 0.0000000 0.0237574 0.0231530 0.0240492 0.1035190 0.0156835 0.0164387 0.0041904 0.0113265 0.0199848 0.0011340 0.0070601 0.0603550
150 V 150 0.0425748 0.0000000 0.0000000 0.0000000 0.0067600 0.0000000 0.0000000 0.0038901 0.0000000 0.2333099 0.2215308 0.0000000 0.0050138 0.0509288 0.0000000 0.0048043 0.0050409 0.0130079 0.1384853 0.2746533
151 T 151 0.1088318 0.0000000 0.0737807 0.0000000 0.0100286 0.0000000 0.0000000 0.0067079 0.0022178 0.0017325 0.0000000 0.0000000 0.0000000 0.0000000 0.0000000 0.3073155 0.4761982 0.0000000 0.0000000 0.0131871
152 C 152 0.1759747 0.0000000 0.0000000 0.0000000 0.1013449 0.0000000 0.0000000 0.0184065 0.0028500 0.0368623 0.1131621 0.0000000 0.0741133 0.1229351 0.0000000 0.0390887 0.0939607 0.0124313 0.0868340 0.1220364
153 I 153 0.0104152 0.0034755 0.0000000 0.0000000 0.0022720 0.0138048 0.0000000 0.0000000 0.0068590 0.3195944 0.2751093 0.0000000 0.0162450 0.0060845 0.0024550 0.0181907 0.0320415 0.0000000 0.0000000 0.2934532
154 Y 154 0.0117098 0.0022172 0.0000000 0.0000000 0.0274889 0.0000000 0.0000000 0.0058245 0.0012256 0.0897025 0.4322825 0.0000000 0.0215035 0.0707333 0.0023262 0.0059780 0.0389068 0.0089143 0.2184120 0.0627749
155 Y 155 0.0019764 0.0000000 0.0190644 0.0000000 0.0035122 0.0163517 0.0000000 0.0306340 0.0035249 0.0000000 0.0028990 0.0000000 0.0041809 0.0472903 0.0000000 0.0041736 0.0026168 0.0014008 0.8623749 0.0000000
156 L 156 0.0065976 0.0000000 0.0026866 0.0000000 0.0122058 0.0000000 0.0000000 0.0011166 0.0000000 0.0088356 0.7961223 0.0000000 0.0507520 0.0481736 0.0129367 0.0038555 0.0015328 0.0000000 0.0014614 0.0537235
157 N 157 0.0096706 0.0000000 0.6437811 0.0198700 0.0035438 0.0022354 0.0066261 0.0032276 0.0270418 0.0197874 0.0027920 0.0000000 0.0011134 0.0000000 0.0082483 0.0980691 0.1008236 0.0000000 0.0115817 0.0415883
158 K 158 0.0348702 0.0533112 0.0113862 0.2561164 0.0000000 0.0384699 0.1590912 0.0272417 0.0021298 0.0073696 0.0217755 0.1129479 0.0000000 0.0036170 0.2138960 0.0178887 0.0324187 0.0000000 0.0037766 0.0036934
159 D 159 0.0269837 0.0230219 0.1213952 0.3827533 0.0022333 0.0348876 0.1290725 0.0705318 0.0213169 0.0039116 0.0038241 0.0213286 0.0000000 0.0000000 0.0665544 0.0370444 0.0249784 0.0000000 0.0022396 0.0279227
160 W 160 0.0040686 0.0000000 0.0073462 0.0381001 0.0042940 0.0000000 0.0023514 0.0154008 0.0000000 0.0027074 0.0042354 0.0020021 0.0000000 0.0654932 0.0438696 0.0402394 0.0028133 0.7022707 0.0570386 0.0077692
161 D 161 0.0338213 0.0552249 0.0523884 0.1903759 0.0045941 0.1496254 0.0822135 0.0346436 0.0085284 0.0042801 0.0285126 0.1435149 0.0055387 0.0000000 0.0483811 0.0575856 0.0363569 0.0569162 0.0047456 0.0027529
162 A 162 0.1477476 0.0317367 0.0135118 0.0410045 0.0252028 0.0228381 0.1234364 0.0458035 0.0148275 0.0260110 0.0207297 0.0426138 0.0077027 0.0015132 0.2068849 0.0955829 0.0623974 0.0017591 0.0069033 0.0617930
163 K 163 0.0682570 0.0477589 0.0285443 0.1511666 0.0030277 0.0415618 0.2885721 0.0670885 0.0228507 0.0020941 0.0022304 0.1335858 0.0017509 0.0133333 0.0235596 0.0727666 0.0265968 0.0000000 0.0000000 0.0052550
164 V 164 0.0455899 0.0283064 0.0336559 0.1100977 0.0141138 0.0241086 0.0911242 0.0529546 0.0320307 0.0121569 0.0635565 0.0419473 0.0107858 0.0970502 0.0054081 0.0387406 0.0472600 0.0998504 0.1075931 0.0436691
165 S 165 0.0224938 0.0067128 0.0436890 0.2038590 0.0032169 0.0260202 0.0745214 0.4048002 0.0641620 0.0025952 0.0020457 0.0199109 0.0017498 0.0109353 0.0000000 0.0494057 0.0301738 0.0133002 0.0169158 0.0034924
166 G 166 0.0158217 0.0083997 0.0013761 0.0073864 0.0115625 0.0041610 0.0046251 0.9003974 0.0035431 0.0000000 0.0010727 0.0000000 0.0000000 0.0045512 0.0000000 0.0016090 0.0039780 0.0000000 0.0315161 0.0000000
167 G 167 0.0477912 0.0061422 0.0173440 0.0296014 0.0270635 0.0405400 0.1601385 0.5860711 0.0182097 0.0023197 0.0177216 0.0050563 0.0012598 0.0031556 0.0017602 0.0080942 0.0229460 0.0014081 0.0011402 0.0022367
168 I 168 0.1164293 0.0540527 0.0185074 0.0211016 0.0122130 0.0244003 0.1420153 0.0139819 0.0119053 0.0309025 0.3880073 0.0124327 0.0107127 0.0453887 0.0025695 0.0204501 0.0527399 0.0000000 0.0043199 0.0178699
169 L 169 0.0245106 0.0675319 0.0028859 0.0248513 0.0064382 0.0140984 0.0915370 0.0023114 0.0261012 0.0418439 0.4525014 0.0100313 0.0066086 0.0958477 0.0000000 0.0039977 0.0458361 0.0022291 0.0153080 0.0655304
170 R 170 0.0277681 0.2331174 0.0022851 0.0171303 0.0071616 0.0352947 0.0626533 0.0024039 0.0133133 0.0859383 0.1864886 0.0138503 0.0288755 0.0916137 0.0000000 0.0124538 0.0455328 0.0021984 0.0098137 0.1221072
171 I 171 0.0086428 0.0271546 0.0025787 0.0015302 0.0081481 0.0013249 0.0028401 0.0035196 0.0333042 0.1396600 0.2357954 0.0028571 0.0227905 0.1953564 0.0037286 0.0036723 0.0561891 0.0669411 0.1345789 0.0493873
172 F 172 0.0272235 0.0344544 0.0568827 0.0639909 0.0047274 0.0242825 0.0660500 0.0232836 0.0411930 0.0170741 0.0888760 0.0189766 0.0265955 0.1862773 0.0075492 0.0518578 0.0201362 0.0282980 0.1975284 0.0147429
173 P 173 0.0284171 0.0163095 0.0539403 0.1937265 0.0029395 0.0294385 0.0380192 0.0324984 0.0056893 0.0091902 0.0377685 0.0533416 0.0200202 0.0029866 0.3697862 0.0615935 0.0328481 0.0000000 0.0043392 0.0071475
174 E 174 0.0276581 0.0252294 0.0614324 0.3159333 0.0092769 0.0221932 0.1862726 0.0427552 0.0141807 0.0088810 0.0324060 0.0512374 0.0076146 0.0361319 0.0342919 0.0533767 0.0496839 0.0039439 0.0015399 0.0159608
175 G 175 0.0888888 0.0312605 0.0671364 0.1343214 0.0153014 0.0376058 0.0836365 0.1529699 0.0212710 0.0069011 0.0294615 0.0627247 0.0418708 0.0081456 0.0575243 0.0591523 0.0410939 0.0153715 0.0153726 0.0299902
176 K 176 0.0555156 0.0493613 0.0710031 0.0909196 0.0121259 0.0389827 0.0768163 0.0948945 0.0507093 0.0202569 0.0402277 0.1156214 0.0072136 0.0091728 0.0647980 0.0784360 0.0801475 0.0000000 0.0156876 0.0281104
177 A 177 0.0829614 0.0414883 0.1209771 0.1607467 0.0018615 0.0588949 0.1264655 0.0687841 0.0145972 0.0064452 0.0085316 0.0649973 0.0064749 0.0169230 0.0273389 0.0608454 0.1155165 0.0000000 0.0025234 0.0136270
178 Q 178 0.0203314 0.0930006 0.0166353 0.0292089 0.0388959 0.1171493 0.0988613 0.0143775 0.0325773 0.0641314 0.0349232 0.0500364 0.0143743 0.0232926 0.0969064 0.0281186 0.0276362 0.0082368 0.0458937 0.1454130
179 F 179 0.0546442 0.0313463 0.0170038 0.0148285 0.0246100 0.0275148 0.0543211 0.0499071 0.0239805 0.0649479 0.0673140 0.0215308 0.0054273 0.0656371 0.0952105 0.0398486 0.1120448 0.0140409 0.0366746 0.1791673
180 A 180 0.2364257 0.0598461 0.0000000 0.0133484 0.0118136 0.0347202 0.0626764 0.0260766 0.0512129 0.0622024 0.0656345 0.1092924 0.0172358 0.0185654 0.0042437 0.0188262 0.0387611 0.0073872 0.0063168 0.1554146
181 D 181 0.0659860 0.0869520 0.0381862 0.1746373 0.0079782 0.0627444 0.0960646 0.0200095 0.0051686 0.0167123 0.0114394 0.1011132 0.0000000 0.0000000 0.0066124 0.1145475 0.1678359 0.0000000 0.0011045 0.0229082
182 I 182 0.0082407 0.0021368 0.0011395 0.0000000 0.0018438 0.0000000 0.0000000 0.0000000 0.0042414 0.4269677 0.0843792 0.0016768 0.0023205 0.0469346 0.0022719 0.0059924 0.0020529 0.0056390 0.0165574 0.3876055
183 E 183 0.1243512 0.0544869 0.0202896 0.0258575 0.0052836 0.0722962 0.1938565 0.0015294 0.0206861 0.0161246 0.0774443 0.0683994 0.0128610 0.0165197 0.0880298 0.0479870 0.0414497 0.0060175 0.0190355 0.0874945
184 P 184 0.0189301 0.0059889 0.0033857 0.0000000 0.0021552 0.0000000 0.0000000 0.0000000 0.0000000 0.0118092 0.0157528 0.0000000 0.0027149 0.0000000 0.9079647 0.0172210 0.0043202 0.0000000 0.0028203 0.0069370
185 K 185 0.0745266 0.1490722 0.0116155 0.0094400 0.0025919 0.0743420 0.0752134 0.0138925 0.0066385 0.0656920 0.1280020 0.1992950 0.0054242 0.0076790 0.0135573 0.0499627 0.0543010 0.0000000 0.0009702 0.0577840
186 F 186 0.1373523 0.0484309 0.0386040 0.0119806 0.0746369 0.0183450 0.0115688 0.0670993 0.0161918 0.0034936 0.0461506 0.0360937 0.0243126 0.2455368 0.0692574 0.0273013 0.0179253 0.0635755 0.0317067 0.0104367
187 D 187 0.0111138 0.0012584 0.3219774 0.1344548 0.0017171 0.0000000 0.0000000 0.5209781 0.0000000 0.0000000 0.0000000 0.0014045 0.0000000 0.0034647 0.0000000 0.0013063 0.0000000 0.0012195 0.0011055 0.0000000
188 R 188 0.0131945 0.5165651 0.0192312 0.0182502 0.0143019 0.0713014 0.0065265 0.0166185 0.0040449 0.0010695 0.0043585 0.0315200 0.0152184 0.0000000 0.0000000 0.1106483 0.1494489 0.0000000 0.0014511 0.0062512
189 L 189 0.0860547 0.0000000 0.0000000 0.0000000 0.0358064 0.0000000 0.0000000 0.0026203 0.0000000 0.0897408 0.4939584 0.0000000 0.1006285 0.0514736 0.0000000 0.0077761 0.0214859 0.0043031 0.0000000 0.1061522
