  181         A         R         N         D         C         Q         E         G         H         I         L         K         M         F         P         S         T         W         Y         V    
  1 M   1 0.0000000 0.0000000 0.0000000 0.0000000 0.0000000 0.0000000 0.0000000 0.0000000 0.0000000 0.1038943 0.0481292 0.0000000 0.8479765 0.0000000 0.0000000 0.0000000 0.0000000 0.0000000 0.0000000 0.0000000
  2 E   2 0.0491957 0.0000000 0.0000000 0.0000000 0.0000000 0.0000000 0.0859461 0.0000000 0.0000000 0.0635629 0.1990966 0.0000000 0.0000000 0.0000000 0.0000000 0.3692142 0.1860947 0.0000000 0.0000000 0.0468896
  3 T   3 0.0631376 0.0000000 0.0800268 0.0000000 0.0000000 0.0000000 0.0000000 0.0000000 0.0000000 0.0523926 0.2417431 0.0000000 0.0000000 0.1744589 0.0399957 0.0351086 0.3131365 0.0000000 0.0000000 0.0000000
  4 A   4 0.3975012 0.0000000 0.0000000 0.0000000 0.0526656 0.0000000 0.0000000 0.1896577 0.0000000 0.0000000 0.1221666 0.0000000 0.0000000 0.0413663 0.0000000 0.0484893 0.0000000 0.0170807 0.0000000 0.1310725
  5 S   5 0.1599342 0.0198008 0.0427812 0.0334334 0.0000000 0.0259740 0.0171424 0.0179407 0.0000000 0.0000000 0.0178214 0.0000000 0.0000000 0.0164630 0.1233055 0.2811801 0.1621004 0.0000000 0.0000000 0.0821229
  6 A   6 0.3469780 0.0000000 0.0237587 0.0000000 0.0000000 0.0000000 0.0000000 0.0998105 0.0000000 0.0250974 0.0000000 0.0000000 0.0228847 0.0588517 0.1199873 0.0998953 0.0000000 0.0000000 0.0000000 0.2027364
  7 A   7 0.4692630 0.0000000 0.0000000 0.0000000 0.0000000 0.0895371 0.0136346 0.0000000 0.0000000 0.0172361 0.0348247 0.0433364 0.0217086 0.0000000 0.0000000 0.0414372 0.0629962 0.0223612 0.0000000 0.1836649
  8 T   8 0.0777588 0.0416964 0.0655562 0.0000000 0.0000000 0.0330855 0.0621862 0.0000000 0.0000000 0.0392709 0.0568061 0.0994544 0.0000000 0.0297213 0.2019404 0.0427418 0.1874553 0.0000000 0.0000000 0.0623266
  9 V   9 0.3712804 0.0000000 0.0357875 0.0111679 0.0000000 0.0000000 0.0341409 0.0511773 0.0000000 0.0000000 0.0276698 0.0000000 0.0000000 0.0000000 0.0000000 0.0243886 0.0723585 0.0000000 0.0000000 0.3720290
 10 F  10 0.1086726 0.0000000 0.1134479 0.0800456 0.0000000 0.0229393 0.0200389 0.0000000 0.0739153 0.0000000 0.0000000 0.0352608 0.0000000 0.2104570 0.0305393 0.1707290 0.1014717 0.0000000 0.0000000 0.0324825
 11 A  11 0.6444268 0.0000000 0.0380012 0.0000000 0.0000000 0.0133960 0.0337162 0.0095606 0.0000000 0.0843105 0.0271685 0.0371229 0.0000000 0.0000000 0.0562080 0.0560893 0.0000000 0.0000000 0.0000000 0.0000000
 12 A  12 0.2885388 0.0000000 0.1307170 0.2276712 0.0000000 0.0141538 0.1301701 0.0000000 0.0000000 0.0101128 0.0276392 0.0150667 0.0000000 0.0000000 0.0000000 0.0212826 0.0453891 0.0000000 0.0142041 0.0750547
 13 G  13 0.0350196 0.0396510 0.0292461 0.1920070 0.0000000 0.0397575 0.1978127 0.1046241 0.0000000 0.0080418 0.0000000 0.0659718 0.0000000 0.0332668 0.0524202 0.1092819 0.0668931 0.0000000 0.0168268 0.0091797
 14 T  14 0.0545096 0.0143575 0.1765608 0.0842616 0.0000000 0.0396952 0.1589599 0.0551650 0.0000000 0.0000000 0.0000000 0.0394887 0.0000000 0.0000000 0.1783613 0.1064476 0.0921928 0.0000000 0.0000000 0.0000000
 15 T  15 0.2192189 0.0358558 0.0442305 0.0643781 0.0000000 0.0886861 0.0941847 0.0243576 0.0153987 0.0272110 0.0000000 0.1142875 0.0000000 0.0000000 0.0149612 0.0717819 0.1785304 0.0000000 0.0000000 0.0069174
 16 T  16 0.0413184 0.0000000 0.0132966 0.0094115 0.0000000 0.0395821 0.0296013 0.0147320 0.0070452 0.0080762 0.0145734 0.2542589 0.0205513 0.0000000 0.0498154 0.0653241 0.4232907 0.0000000 0.0000000 0.0091231
 17 T  17 0.0000000 0.0253254 0.0602861 0.0052762 0.0000000 0.0000000 0.0410290 0.3793688 0.0000000 0.0232375 0.0091099 0.0327704 0.0000000 0.0000000 0.0000000 0.0158312 0.2700558 0.0000000 0.0528055 0.0849043
 18 S  18 0.0148981 0.0064903 0.0638561 0.0931689 0.0000000 0.0311855 0.0230619 0.0000000 0.0000000 0.0000000 0.0000000 0.1019952 0.0000000 0.0000000 0.0000000 0.3650856 0.3002584 0.0000000 0.0000000 0.0000000
 19 V  19 0.0000000 0.0000000 0.0000000 0.0000000 0.0000000 0.0000000 0.0000000 0.0000000 0.0000000 0.3093298 0.2899168 0.0000000 0.0139006 0.0245785 0.0000000 0.0000000 0.0075575 0.0000000 0.0000000 0.3547168
 20 T  20 0.0046952 0.0000000 0.0764178 0.0082973 0.0000000 0.0000000 0.0076090 0.0000000 0.0173556 0.0584454 0.0066193 0.0078856 0.0000000 0.0000000 0.0000000 0.0000000 0.6807027 0.0000000 0.0000000 0.1319720
 21 V  21 0.0000000 0.0000000 0.0000000 0.0000000 0.0000000 0.0000000 0.0000000 0.0000000 0.0000000 0.3966392 0.2994107 0.0000000 0.0000000 0.0000000 0.0000000 0.0000000 0.0000000 0.0000000 0.0000000 0.3039501
 22 H  22 0.0000000 0.0000000 0.0159465 0.0000000 0.0000000 0.0000000 0.0000000 0.0000000 0.8387573 0.0000000 0.0000000 0.0000000 0.0000000 0.0220398 0.0000000 0.0000000 0.0801632 0.0000000 0.0430932 0.0000000
 23 K  23 0.0240615 0.0000000 0.0153247 0.0000000 0.0000000 0.0000000 0.0000000 0.0000000 0.0000000 0.0000000 0.0000000 0.9454223 0.0000000 0.0000000 0.0000000 0.0151915 0.0000000 0.0000000 0.0000000 0.0000000
 24 L  24 0.0000000 0.1071347 0.0000000 0.0000000 0.0269854 0.0089618 0.0000000 0.0000000 0.0747920 0.1732440 0.3078283 0.0310736 0.0234704 0.0319646 0.0000000 0.0000000 0.0000000 0.0154447 0.1262225 0.0728780
 25 L  25 0.0756127 0.0196483 0.0000000 0.0166585 0.0000000 0.0890459 0.0977087 0.0000000 0.0000000 0.0461855 0.3056324 0.1298701 0.0321273 0.0000000 0.0000000 0.0090947 0.0313273 0.0000000 0.0000000 0.1470885
 26 A  26 0.1088651 0.0000000 0.0418215 0.0078641 0.0000000 0.1355013 0.0112281 0.0576538 0.0230802 0.0000000 0.0807164 0.0346022 0.2449727 0.1549865 0.0000000 0.0077243 0.0000000 0.0280208 0.0000000 0.0629630
 27 T  27 0.0436004 0.0000000 0.0716112 0.1493887 0.0000000 0.0264919 0.0943788 0.0416425 0.0199274 0.0000000 0.0000000 0.1433991 0.0000000 0.0000000 0.1230767 0.1059974 0.1654240 0.0000000 0.0000000 0.0150617
 28 D  28 0.0071934 0.0065646 0.0780762 0.2806454 0.0000000 0.0443736 0.2454388 0.0170121 0.0000000 0.0133827 0.0113455 0.1679416 0.0000000 0.0000000 0.0000000 0.0976502 0.0217307 0.0000000 0.0000000 0.0086453
 29 G  29 0.0671353 0.0077077 0.0268427 0.1728469 0.0000000 0.0260176 0.1092431 0.2037960 0.0000000 0.0368792 0.0298626 0.0606418 0.0000000 0.0217346 0.0086569 0.0839351 0.0897691 0.0000000 0.0549315 0.0000000
 30 D  30 0.0313839 0.0116772 0.2138828 0.1437000 0.0000000 0.0721442 0.1341163 0.0935153 0.0000000 0.0000000 0.0314514 0.1377771 0.0000000 0.0000000 0.0211071 0.0253696 0.0543764 0.0000000 0.0212411 0.0082574
 31 M  31 0.1219261 0.0126406 0.0391876 0.0670876 0.0000000 0.0426519 0.0245743 0.0718949 0.0000000 0.0289449 0.2174234 0.0308714 0.0434537 0.0929892 0.0592922 0.0099120 0.0517402 0.0000000 0.0611839 0.0242262
 32 D  32 0.0762040 0.0000000 0.0936205 0.1933512 0.0000000 0.0000000 0.0838327 0.0734719 0.0000000 0.0479042 0.0308108 0.0550179 0.0182038 0.0000000 0.1682694 0.0495792 0.0404239 0.0438484 0.0129551 0.0125069
 33 K  33 0.1444571 0.0117262 0.0814014 0.0484483 0.0000000 0.0455445 0.1088393 0.1007442 0.0000000 0.0104896 0.0119390 0.2473762 0.0000000 0.0163595 0.0667444 0.0190945 0.0300154 0.0364852 0.0000000 0.0203353
 34 I  34 0.0538631 0.0057267 0.1158562 0.0173486 0.0000000 0.0644526 0.0453335 0.0421224 0.0099273 0.0622789 0.0173870 0.1374236 0.0130121 0.0807867 0.0552145 0.0562020 0.0936760 0.0662134 0.0214680 0.0417074
 35 A  35 0.1251786 0.0108416 0.0585346 0.0500630 0.0000000 0.1046164 0.0080833 0.0885922 0.0239540 0.0466878 0.0527547 0.0553806 0.0000000 0.0000000 0.1038758 0.0534051 0.1120848 0.0089610 0.0433395 0.0536469
 36 N  36 0.0000000 0.0310283 0.1461306 0.1342577 0.0107631 0.0576967 0.1110878 0.0362839 0.0096637 0.0000000 0.0235960 0.0579364 0.0000000 0.0300884 0.0235026 0.0432097 0.2375632 0.0000000 0.0254744 0.0217175
 37 E  37 0.0375177 0.0000000 0.1628652 0.0493591 0.0000000 0.0121398 0.0596684 0.4378771 0.0111521 0.0169208 0.0149140 0.0350656 0.0086397 0.0000000 0.0793903 0.0234323 0.0510580 0.0000000 0.0000000 0.0000000
 38 L  38 0.0831122 0.0000000 0.0429236 0.1192464 0.0000000 0.0367354 0.1487474 0.0890189 0.0474022 0.0259434 0.1321202 0.1265342 0.0000000 0.0000000 0.0000000 0.0085290 0.0798887 0.0000000 0.0000000 0.0597985
 39 E  39 0.0594106 0.0000000 0.2029433 0.1162640 0.0000000 0.0320944 0.0960271 0.1294591 0.0086362 0.0106868 0.0617955 0.0454974 0.0000000 0.0000000 0.0607024 0.0085385 0.1338749 0.0000000 0.0000000 0.0340699
 40 T  40 0.0628347 0.0000000 0.0349493 0.0514707 0.0000000 0.0209979 0.0632243 0.3222784 0.0000000 0.0351992 0.0274388 0.1315843 0.0368828 0.0000000 0.0315951 0.0258327 0.1471865 0.0000000 0.0000000 0.0085254
 41 G  41 0.0401369 0.0000000 0.0360619 0.1000088 0.0000000 0.0563502 0.1429313 0.1409193 0.0116370 0.0000000 0.0258148 0.0814387 0.0094973 0.0000000 0.0404861 0.0955905 0.1712949 0.0000000 0.0000000 0.0478322
 42 N  42 0.0250467 0.0190124 0.1380679 0.1244060 0.0000000 0.0277366 0.0935988 0.1874431 0.0000000 0.0000000 0.0119404 0.1668106 0.0000000 0.0000000 0.0426221 0.0582137 0.0578280 0.0000000 0.0000000 0.0472736
 43 Y  43 0.1063386 0.0087085 0.0000000 0.0141233 0.0000000 0.0315943 0.0948561 0.1172344 0.0113656 0.0183670 0.0939604 0.0754471 0.0000000 0.0417293 0.0090558 0.0304522 0.0270399 0.0000000 0.2951959 0.0245316
 44 A  44 0.0239723 0.0124246 0.1718313 0.3040823 0.0000000 0.0203892 0.0531876 0.0387756 0.0000000 0.0456181 0.0283964 0.0276768 0.0072502 0.0138852 0.0556491 0.0355189 0.1182311 0.0000000 0.0000000 0.0431112
 45 G  45 0.0280897 0.0000000 0.0145578 0.0000000 0.0000000 0.0420835 0.0274846 0.7831390 0.0000000 0.0259226 0.0099031 0.0000000 0.0000000 0.0110277 0.0224090 0.0092765 0.0261065 0.0000000 0.0000000 0.0000000
 46 N  46 0.0629102 0.0000000 0.1460859 0.0448880 0.0000000 0.1239123 0.1284124 0.0640400 0.0101348 0.0560761 0.0268679 0.0523080 0.0206063 0.0000000 0.0000000 0.0796861 0.1754581 0.0000000 0.0000000 0.0086140
 47 K  47 0.1243064 0.0000000 0.0255532 0.0386153 0.0000000 0.1490507 0.2111103 0.0707991 0.0000000 0.0216212 0.0278399 0.1791715 0.0000000 0.0000000 0.0191768 0.0495891 0.0000000 0.0078450 0.0158957 0.0594257
 48 V  48 0.0146457 0.0246927 0.0823877 0.0587528 0.0000000 0.0215942 0.0000000 0.0239104 0.0000000 0.2807789 0.1858272 0.1141387 0.0302913 0.0000000 0.0000000 0.0219823 0.0618357 0.0000000 0.0000000 0.0791624
 49 G  49 0.0836846 0.0161694 0.1981342 0.1626601 0.0000000 0.0887112 0.0894942 0.1192211 0.0000000 0.0000000 0.0079694 0.0000000 0.0000000 0.0000000 0.0758791 0.0452637 0.0939703 0.0000000 0.0099788 0.0088642
 50 V  50 0.0390015 0.0000000 0.1118680 0.1410780 0.0000000 0.0244143 0.0304856 0.0719032 0.0000000 0.0179267 0.0859833 0.0180973 0.0000000 0.0182367 0.0323458 0.0612148 0.0919621 0.0000000 0.1912909 0.0641917
 51 L  51 0.0423304 0.0144630 0.0369702 0.0075537 0.0000000 0.0091575 0.0286563 0.0166765 0.0106926 0.0562639 0.2689613 0.0122422 0.0000000 0.2446784 0.0792315 0.0000000 0.0341968 0.0000000 0.0077711 0.1301548
 52 P  52 0.0277154 0.0000000 0.0209940 0.0235260 0.0000000 0.0158403 0.0092265 0.4796328 0.0000000 0.0371886 0.0119559 0.0734405 0.0000000 0.0245339 0.2063578 0.0179330 0.0420737 0.0000000 0.0000000 0.0095816
 53 A  53 0.1551310 0.0193214 0.0691767 0.1075263 0.0000000 0.0855079 0.1015840 0.0514958 0.0000000 0.0000000 0.0000000 0.1312808 0.0000000 0.0444280 0.0000000 0.1193321 0.0786608 0.0000000 0.0000000 0.0365553
 54 N  54 0.0195005 0.0000000 0.1538537 0.1309458 0.0000000 0.0138365 0.1012603 0.2325239 0.0000000 0.0000000 0.0192965 0.0645055 0.0000000 0.0000000 0.0416847 0.1119546 0.0950850 0.0000000 0.0000000 0.0155530
 55 A  55 0.4342242 0.0000000 0.0000000 0.0066808 0.0275123 0.0000000 0.0000000 0.0715731 0.0000000 0.0186917 0.0332270 0.0098410 0.0000000 0.0042062 0.0111498 0.1105432 0.0413957 0.0000000 0.0685206 0.1624344
 56 K  56 0.0095756 0.0416144 0.0055063 0.0096622 0.0000000 0.0275705 0.1489044 0.0101041 0.0075883 0.0088866 0.0000000 0.3971531 0.0074313 0.0182002 0.0119095 0.0297559 0.1912753 0.0000000 0.0491520 0.0257104
 57 E  57 0.0709075 0.0000000 0.0170093 0.0178148 0.0000000 0.0000000 0.2500152 0.1060480 0.0000000 0.0000000 0.0000000 0.0363875 0.0166692 0.0000000 0.3956984 0.0000000 0.0441614 0.0000000 0.0321828 0.0131060
 58 I  58 0.0228041 0.0000000 0.0000000 0.0000000 0.0000000 0.0000000 0.0000000 0.0066728 0.0000000 0.2938560 0.4930540 0.0000000 0.0102577 0.0189724 0.0000000 0.0000000 0.0139623 0.0000000 0.0000000 0.1404206
 59 A  59 0.2132568 0.0065820 0.1261860 0.1264824 0.0000000 0.0417377 0.1166703 0.0365247 0.0000000 0.0000000 0.0000000 0.0917115 0.0000000 0.0000000 0.1174225 0.1044864 0.0189397 0.0000000 0.0000000 0.0000000
 60 G  60 0.0000000 0.0000000 0.1097428 0.0747377 0.0000000 0.0000000 0.0098943 0.7839417 0.0000000 0.0000000 0.0000000 0.0000000 0.0000000 0.0090816 0.0000000 0.0000000 0.0126019 0.0000000 0.0000000 0.0000000
 61 V  61 0.1490088 0.0000000 0.0092102 0.0000000 0.0000000 0.0000000 0.0214704 0.0000000 0.0091734 0.0936900 0.0165902 0.0000000 0.0039464 0.0000000 0.0000000 0.0226812 0.0000000 0.0000000 0.0000000 0.6742292
 62 M  62 0.0538343 0.0000000 0.0127803 0.0165902 0.0000000 0.0596504 0.1328942 0.0578307 0.0075396 0.0136699 0.0000000 0.1240273 0.0174865 0.0511543 0.0159946 0.0308945 0.2699151 0.0049381 0.0945878 0.0362122
 63 F  63 0.0000000 0.0000000 0.0000000 0.0000000 0.0000000 0.0000000 0.0000000 0.0000000 0.0000000 0.0214704 0.0257636 0.0000000 0.0000000 0.8857480 0.0000000 0.0000000 0.0000000 0.0000000 0.0670179 0.0000000
 64 V  64 0.1033770 0.0175570 0.0000000 0.0809811 0.0000000 0.0505418 0.0945438 0.0000000 0.0000000 0.0138402 0.0000000 0.2121813 0.0000000 0.0000000 0.0000000 0.0451039 0.2953462 0.0000000 0.0000000 0.0865277
 65 W  65 0.1041884 0.0098190 0.0128803 0.0000000 0.0000000 0.0000000 0.0000000 0.0000000 0.0000000 0.2485181 0.1711270 0.0101129 0.0236516 0.0245213 0.0000000 0.0000000 0.0088966 0.0294801 0.1230021 0.2338025
 66 T  66 0.0128257 0.0244059 0.0065802 0.0000000 0.0000000 0.0913685 0.0680657 0.0000000 0.0237652 0.0000000 0.0302776 0.1272002 0.0000000 0.0140139 0.0000000 0.0000000 0.1649298 0.0562743 0.3648300 0.0154629
 67 N  67 0.0098943 0.0849768 0.0622355 0.0996700 0.0000000 0.0519747 0.0288815 0.0064586 0.0000000 0.0277413 0.0357813 0.4700427 0.0139623 0.0000000 0.0342967 0.0216235 0.0182733 0.0000000 0.0062609 0.0279265
 68 T  68 0.0117104 0.0000000 0.0265496 0.0323778 0.0000000 0.0087179 0.0586428 0.0265010 0.0000000 0.1480479 0.1139758 0.0490182 0.0296960 0.0125366 0.0091883 0.0614211 0.0688507 0.0000000 0.0262526 0.3165133
 69 N  69 0.0820380 0.0000000 0.2056337 0.1225738 0.0000000 0.0338136 0.0658182 0.0301881 0.0000000 0.0000000 0.0000000 0.1186878 0.0000000 0.0000000 0.0160242 0.0774898 0.2186769 0.0091380 0.0000000 0.0199178
 70 N  70 0.0455555 0.0000000 0.0640877 0.2047062 0.0000000 0.0373136 0.0479075 0.1013133 0.0000000 0.0853228 0.0080138 0.0331836 0.0000000 0.0175973 0.0092738 0.1100222 0.1346914 0.0237466 0.0324278 0.0448371
 71 E  71 0.0582907 0.0000000 0.0238818 0.3798564 0.0000000 0.0229489 0.1305321 0.0070606 0.0114625 0.0673036 0.0279812 0.1005901 0.0000000 0.0341197 0.0110268 0.0648872 0.0084868 0.0000000 0.0000000 0.0515717
 72 I  72 0.0802601 0.0000000 0.0470220 0.0867472 0.0000000 0.0510964 0.0351888 0.0357759 0.0000000 0.0676996 0.2303243 0.0614207 0.0055521 0.0720598 0.0094708 0.0000000 0.0372438 0.0076131 0.0976262 0.0748992
 73 I  73 0.0678251 0.0000000 0.0696395 0.0000000 0.0000000 0.0548589 0.0254327 0.0095360 0.0000000 0.1213554 0.2135899 0.0659121 0.0000000 0.0000000 0.0000000 0.1065293 0.1777144 0.0000000 0.0222253 0.0653816
 74 D  74 0.0905651 0.0199348 0.0312896 0.1241610 0.0000000 0.0286302 0.0277019 0.0212607 0.0134721 0.0223450 0.0075323 0.1869288 0.0060965 0.0000000 0.0081761 0.0500893 0.3014345 0.0000000 0.0292861 0.0310960
 75 E  75 0.1364245 0.0000000 0.1140095 0.0734100 0.0000000 0.0408399 0.1008805 0.0208892 0.0079251 0.0086499 0.0423543 0.2170420 0.0000000 0.0000000 0.0189589 0.0661132 0.0960503 0.0000000 0.0408091 0.0156436
 76 N  76 0.0761887 0.0220079 0.1061898 0.1291571 0.0095788 0.0208402 0.1544166 0.0000000 0.0099103 0.0073432 0.1562650 0.0553259 0.0082693 0.0153650 0.0160320 0.0647317 0.0803357 0.0000000 0.0075831 0.0604597
 77 G  77 0.0828365 0.0159936 0.0419818 0.1195808 0.0000000 0.0000000 0.0625613 0.3977259 0.0000000 0.0000000 0.0408248 0.0662859 0.0136444 0.0285640 0.0274887 0.0244966 0.0174704 0.0305443 0.0000000 0.0300012
 78 Q  78 0.1564511 0.0000000 0.0207679 0.0714923 0.0000000 0.0843972 0.0686963 0.0866476 0.0000000 0.0318564 0.0290959 0.1644671 0.0156775 0.0200461 0.0206579 0.0242229 0.0581720 0.1204334 0.0269184 0.0000000
 79 T  79 0.0791590 0.0075503 0.0688366 0.0679101 0.0000000 0.0630042 0.1196530 0.0355691 0.0000000 0.0228149 0.0226156 0.1978029 0.0106883 0.0081173 0.0000000 0.0760231 0.1165636 0.0738535 0.0170798 0.0127588
 80 L  80 0.1295800 0.0082180 0.0130013 0.0716388 0.0000000 0.0597189 0.0568887 0.0303492 0.0000000 0.0667461 0.0934069 0.1542543 0.0000000 0.0298827 0.0000000 0.0199661 0.1033778 0.0087097 0.0212176 0.1330440
 81 G  81 0.2230921 0.0094571 0.0513896 0.0308436 0.0000000 0.0270962 0.0134665 0.0954495 0.0000000 0.0633721 0.0944532 0.0603416 0.0000000 0.0000000 0.0764097 0.1178254 0.0764955 0.0068529 0.0151802 0.0382746
 82 V  82 0.1718902 0.0089322 0.0231783 0.0803063 0.0000000 0.0210740 0.0444357 0.0304654 0.0000000 0.0629079 0.0761646 0.1040659 0.0000000 0.0122277 0.0215393 0.1211146 0.1373329 0.0000000 0.0000000 0.0843650
 83 N  83 0.0548077 0.0000000 0.1303227 0.0922280 0.0077908 0.0368639 0.0907716 0.0579203 0.0071660 0.0257723 0.0097780 0.1745751 0.0000000 0.0000000 0.0315146 0.0619297 0.0864541 0.0000000 0.0247567 0.1073485
 84 I  84 0.1330057 0.0000000 0.0307626 0.0707778 0.0000000 0.0460422 0.0959852 0.1323945 0.0098262 0.1071439 0.1774240 0.0570671 0.0097440 0.0328844 0.0000000 0.0248048 0.0280407 0.0000000 0.0168456 0.0272513
 85 D  85 0.1099761 0.0112908 0.0221978 0.2381241 0.0149219 0.0563246 0.0469341 0.0000000 0.0000000 0.0332368 0.0452331 0.1871393 0.0142355 0.0338096 0.0139164 0.0221487 0.0754352 0.0000000 0.0286860 0.0463900
 86 P  86 0.2224365 0.0000000 0.0475111 0.0338229 0.0000000 0.0530889 0.0486169 0.0390932 0.0000000 0.0422744 0.0329842 0.0662825 0.0084806 0.0000000 0.0676533 0.0703761 0.1655135 0.0000000 0.0224198 0.0794461
 87 Q  87 0.1010615 0.0156253 0.1018434 0.1293454 0.0000000 0.0621332 0.0675877 0.0306616 0.0000000 0.0324064 0.0529608 0.1335761 0.0000000 0.0156260 0.0303949 0.0648140 0.0865703 0.0000000 0.0065344 0.0688591
 88 T  88 0.1275386 0.0261201 0.0702588 0.0762760 0.0000000 0.0396280 0.1935869 0.0236465 0.0209928 0.0076144 0.0073528 0.0925826 0.0000000 0.0000000 0.0573746 0.0469492 0.0880685 0.0187312 0.0406243 0.0626546
 89 F  89 0.1483540 0.0296768 0.0333080 0.0574891 0.0000000 0.0000000 0.1101936 0.0287714 0.0000000 0.0459714 0.1308816 0.1028507 0.0000000 0.1169310 0.0175461 0.0314120 0.0723618 0.0000000 0.0495449 0.0247076
 90 K  90 0.0921089 0.0217821 0.0724540 0.1103785 0.0082700 0.0136896 0.0319251 0.0819945 0.0263991 0.0000000 0.1536435 0.1158049 0.0000000 0.0204926 0.0517039 0.0306210 0.0611320 0.0000000 0.0166503 0.0909501
 91 L  91 0.1811823 0.0094842 0.0321292 0.0237870 0.0000000 0.0260730 0.0481374 0.0396275 0.0000000 0.0648695 0.0764802 0.1766448 0.0000000 0.0103362 0.0450852 0.0488783 0.0888941 0.0000000 0.0000000 0.1283910
 92 S  92 0.1305883 0.0157011 0.1110955 0.0846647 0.0070237 0.0212686 0.0613274 0.0832113 0.0000000 0.0000000 0.0606953 0.1112532 0.0000000 0.0000000 0.0063392 0.0810486 0.1570157 0.0096664 0.0256625 0.0334385
 93 G  93 0.1039949 0.0182011 0.0443031 0.1644691 0.0000000 0.0373121 0.0259645 0.2162728 0.0000000 0.0278741 0.0659466 0.0331283 0.0078690 0.0293975 0.0715071 0.0167036 0.1036620 0.0000000 0.0161079 0.0172862
 94 A  94 0.1232406 0.0000000 0.0282919 0.0726334 0.0000000 0.0523096 0.0331732 0.0857984 0.0169108 0.0220778 0.0924980 0.0781140 0.0000000 0.0372591 0.0452667 0.0774502 0.1060805 0.0135096 0.0466986 0.0686877
 95 M  95 0.0756134 0.0111892 0.0720041 0.0762184 0.0000000 0.0372787 0.0919558 0.0344284 0.0097785 0.0127403 0.0549707 0.1254684 0.0253981 0.0535299 0.0235521 0.0513612 0.1252602 0.0000000 0.0526328 0.0666199
 96 P  96 0.1112251 0.0145179 0.0665701 0.0677730 0.0000000 0.0504568 0.0899703 0.1429918 0.0000000 0.0410038 0.0119034 0.1169805 0.0000000 0.0635307 0.0272864 0.0478587 0.0843981 0.0139258 0.0341198 0.0154880
 97 A  97 0.1799321 0.0000000 0.0179137 0.0432824 0.0127586 0.0582029 0.0750680 0.1287447 0.0000000 0.0678325 0.0697830 0.0402122 0.0000000 0.0215469 0.0274945 0.0481120 0.1232103 0.0000000 0.0086085 0.0772976
 98 T  98 0.0915845 0.0000000 0.0358170 0.0000000 0.0000000 0.0364954 0.1088599 0.0663400 0.0000000 0.0569185 0.0448298 0.0668731 0.0068204 0.0206956 0.0567433 0.0372323 0.3145423 0.0000000 0.0089055 0.0473425
 99 A  99 0.1401938 0.0145091 0.0000000 0.0195690 0.0000000 0.0338351 0.0194916 0.0971240 0.0000000 0.0457769 0.0445373 0.1644765 0.0000000 0.0260588 0.0299603 0.0470553 0.1250668 0.0000000 0.0144966 0.1778489
100 M 100 0.0729907 0.0000000 0.0132824 0.0225039 0.0000000 0.0481409 0.1361451 0.0274777 0.0065701 0.0608830 0.0806832 0.0999547 0.0249067 0.0000000 0.0000000 0.0512906 0.1467288 0.0000000 0.0117187 0.1967234
101 K 101 0.0741293 0.0321732 0.0474387 0.1000963 0.0073659 0.0736872 0.0793909 0.1272496 0.0000000 0.0000000 0.0353430 0.1686084 0.0000000 0.0092490 0.0269133 0.0651450 0.1402339 0.0000000 0.0129763 0.0000000
102 K 102 0.0714383 0.0000000 0.0128629 0.0200403 0.0000000 0.0435480 0.0493262 0.3063460 0.0000000 0.0552938 0.0000000 0.1486077 0.0170413 0.0174078 0.0090612 0.0404020 0.1402894 0.0000000 0.0079100 0.0604251
103 L 103 0.0619086 0.0000000 0.0000000 0.0260197 0.0076210 0.0234596 0.0612791 0.0062929 0.0140635 0.0397469 0.2051596 0.1556281 0.0150785 0.0000000 0.0370316 0.0276365 0.1872729 0.0000000 0.0147678 0.1170337
104 T 104 0.0130078 0.0000000 0.0191812 0.0153439 0.0000000 0.0187153 0.0000000 0.0000000 0.0000000 0.0097653 0.0000000 0.0309374 0.0000000 0.0000000 0.0000000 0.0438602 0.7658964 0.0000000 0.0064733 0.0768193
105 E 105 0.0646195 0.0152612 0.0515929 0.1778714 0.0000000 0.0347536 0.0427702 0.1136905 0.0000000 0.0000000 0.0067934 0.0252474 0.0000000 0.0000000 0.0000000 0.0447550 0.4226450 0.0000000 0.0000000 0.0000000
106 A 106 0.1997997 0.0133136 0.0690128 0.2036974 0.0000000 0.0157150 0.1521073 0.1283659 0.0000000 0.0187602 0.0000000 0.0810698 0.0000000 0.0165803 0.0176131 0.0408293 0.0282986 0.0000000 0.0000000 0.0148369
107 E 107 0.0420266 0.0140393 0.2814167 0.2390586 0.0000000 0.0678571 0.0726800 0.0967911 0.0000000 0.0000000 0.0120426 0.0496568 0.0000000 0.0000000 0.0204603 0.0536723 0.0502986 0.0000000 0.0000000 0.0000000
108 G 108 0.0222243 0.0000000 0.0491903 0.0732582 0.0000000 0.0188873 0.0136178 0.7534202 0.0000000 0.0000000 0.0084918 0.0217517 0.0000000 0.0000000 0.0000000 0.0202823 0.0188760 0.0000000 0.0000000 0.0000000
109 A 109 0.1079217 0.0081901 0.0280814 0.0169729 0.0081254 0.0771390 0.0582725 0.2715045 0.0205867 0.0644171 0.1255949 0.0201566 0.0150040 0.0118981 0.0000000 0.0000000 0.0446967 0.0000000 0.0260925 0.0953459
110 K 110 0.2069021 0.0176337 0.0000000 0.0113568 0.0000000 0.0082013 0.1620868 0.0230164 0.0000000 0.0145949 0.0348062 0.1486281 0.0000000 0.0000000 0.0000000 0.0492967 0.1870003 0.0245044 0.0000000 0.1119723
111 F 111 0.1652411 0.0000000 0.0066788 0.0000000 0.0080463 0.0074618 0.0000000 0.0265334 0.0000000 0.0843155 0.0692074 0.0000000 0.0000000 0.3162354 0.0000000 0.0116441 0.0593990 0.0000000 0.0477822 0.1974550
112 N 112 0.0343145 0.0062500 0.0918347 0.1056452 0.0000000 0.0357019 0.0679230 0.0000000 0.0000000 0.0358861 0.0000000 0.2585910 0.0000000 0.0081229 0.0202747 0.0308611 0.2320037 0.0000000 0.0000000 0.0725912
113 T 113 0.0202183 0.0000000 0.0266877 0.0802587 0.0000000 0.0000000 0.0000000 0.0226281 0.0000000 0.0301433 0.1516178 0.0371302 0.0000000 0.3168206 0.0144671 0.0120381 0.1984161 0.0092117 0.0078035 0.0725587
114 A 114 0.1389832 0.0000000 0.0637141 0.1192489 0.0000000 0.0284717 0.1132669 0.0481232 0.0129691 0.0129789 0.0171209 0.1266026 0.0000000 0.0190689 0.0268447 0.1347057 0.1218585 0.0000000 0.0000000 0.0160425
115 N 115 0.0277662 0.0000000 0.2736018 0.1584759 0.0000000 0.0721043 0.0460974 0.1325203 0.0198615 0.0000000 0.0000000 0.0989711 0.0000000 0.0000000 0.0073201 0.0982899 0.0581152 0.0000000 0.0000000 0.0068762
116 L 116 0.0000000 0.0000000 0.0083604 0.0089272 0.0000000 0.0105644 0.0081225 0.0228948 0.0000000 0.0248270 0.7852870 0.0536063 0.0321313 0.0135469 0.0000000 0.0080628 0.0236695 0.0000000 0.0000000 0.0000000
117 P 117 0.1158138 0.0523743 0.0104085 0.0843176 0.0000000 0.0215203 0.0778188 0.0253328 0.0000000 0.0000000 0.0073332 0.2111189 0.0000000 0.0000000 0.2847157 0.0705091 0.0387369 0.0000000 0.0000000 0.0000000
118 A 118 0.0920500 0.0000000 0.0819025 0.1504821 0.0000000 0.0073116 0.0554215 0.0084147 0.0094258 0.0293582 0.2105446 0.0816826 0.0183503 0.0218721 0.0843924 0.0081922 0.0054357 0.0000000 0.0242526 0.1109112
119 A 119 0.0975615 0.0000000 0.0282031 0.0000000 0.0000000 0.0087697 0.0082373 0.6892272 0.0000000 0.0077529 0.0000000 0.1013493 0.0000000 0.0000000 0.0000000 0.0259911 0.0150882 0.0000000 0.0000000 0.0178197
120 K 120 0.2305458 0.1036933 0.0306633 0.0366984 0.0000000 0.0080087 0.0317876 0.0000000 0.0000000 0.0684279 0.1116625 0.0952343 0.0000000 0.0000000 0.0000000 0.0208054 0.1187570 0.0000000 0.0510005 0.0927153
121 Y 121 0.0000000 0.0000000 0.0123911 0.0000000 0.0000000 0.0000000 0.0000000 0.0000000 0.0000000 0.0000000 0.0000000 0.0000000 0.0000000 0.0550252 0.0000000 0.0000000 0.0000000 0.0000000 0.9325836 0.0000000
122 K 122 0.0091790 0.1044764 0.0000000 0.0000000 0.0000000 0.0378722 0.0281758 0.0000000 0.0000000 0.0429834 0.4412118 0.0982134 0.0074408 0.0231073 0.0000000 0.0000000 0.0135479 0.0615613 0.0675229 0.0647078
123 I 123 0.0000000 0.0000000 0.0000000 0.0000000 0.0000000 0.0000000 0.0000000 0.0000000 0.0079022 0.2308766 0.0909378 0.0000000 0.0087918 0.2566366 0.0000000 0.0000000 0.0000000 0.0000000 0.0097918 0.3950632
124 Y 124 0.0218278 0.0142615 0.0000000 0.0087918 0.0569127 0.0467014 0.1079686 0.0000000 0.0091790 0.1084469 0.0406078 0.0386836 0.0000000 0.0000000 0.0000000 0.0236995 0.0913792 0.0000000 0.0276178 0.4039223
125 E 125 0.0000000 0.0000000 0.0000000 0.0000000 0.0000000 0.0332136 0.9492065 0.0000000 0.0000000 0.0000000 0.0000000 0.0078726 0.0000000 0.0000000 0.0000000 0.0000000 0.0000000 0.0000000 0.0000000 0.0097073
126 I 126 0.0208021 0.0092365 0.0804983 0.1065938 0.0000000 0.0085719 0.0053747 0.0000000 0.0000000 0.1305467 0.0565462 0.0087082 0.0000000 0.0000000 0.0000000 0.0556915 0.4205680 0.0000000 0.0000000 0.0968621
127 H 127 0.1150787 0.0478367 0.0311713 0.1190698 0.0000000 0.0237646 0.0733065 0.0449739 0.0767612 0.0000000 0.0262657 0.2970603 0.0086087 0.0000000 0.0000000 0.0745606 0.0288270 0.0000000 0.0000000 0.0327151
128 S 128 0.2784101 0.0000000 0.0347234 0.0450591 0.0000000 0.0000000 0.1243358 0.0437412 0.0000000 0.0177474 0.0316990 0.0331170 0.0000000 0.0000000 0.0398265 0.1627716 0.1346459 0.0000000 0.0076647 0.0462584
129 L 129 0.0100356 0.0148012 0.0604809 0.0157672 0.0000000 0.0220775 0.0085355 0.0102812 0.0098233 0.0000000 0.0491386 0.2466897 0.0000000 0.0000000 0.4831327 0.0293082 0.0000000 0.0000000 0.0000000 0.0399285
130 S 130 0.1872917 0.0000000 0.0089906 0.0830004 0.0000000 0.0296752 0.0431809 0.0738537 0.0000000 0.0169255 0.0000000 0.0107168 0.0000000 0.0000000 0.0088126 0.3828641 0.1421061 0.0000000 0.0000000 0.0125824
131 T 131 0.0360779 0.0109161 0.1526692 0.0584392 0.0000000 0.0195398 0.0304317 0.2154628 0.0000000 0.0000000 0.0067375 0.0316439 0.0000000 0.0000000 0.1036569 0.0763622 0.2580627 0.0000000 0.0000000 0.0000000
132 Y 132 0.0104932 0.0123070 0.0000000 0.0000000 0.0000000 0.0214347 0.0110419 0.0177187 0.0510033 0.1180230 0.0512287 0.0000000 0.0000000 0.0000000 0.0161246 0.0424322 0.0202079 0.0000000 0.3925863 0.2353986
133 V 133 0.0503602 0.0000000 0.0655674 0.0000000 0.0000000 0.0193075 0.0204801 0.0144147 0.0000000 0.0800206 0.0318997 0.1885144 0.0000000 0.0000000 0.0000000 0.0234788 0.1052021 0.0000000 0.0349436 0.3658109
134 G 134 0.0131100 0.0165067 0.1793248 0.1046203 0.0000000 0.0000000 0.0940947 0.2834734 0.0000000 0.0631546 0.0362555 0.0445868 0.0000000 0.0000000 0.0225142 0.0967144 0.0316741 0.0000000 0.0000000 0.0139706
135 E 135 0.0367764 0.0137238 0.2103718 0.0537298 0.0000000 0.0468115 0.1743590 0.0792465 0.0000000 0.0000000 0.0345723 0.1233701 0.0000000 0.0000000 0.1305858 0.0500225 0.0000000 0.0000000 0.0000000 0.0464305
136 D 136 0.0166786 0.0139337 0.2333581 0.2142480 0.0000000 0.0287294 0.0622709 0.1285433 0.0000000 0.0164296 0.0000000 0.0437435 0.0000000 0.0000000 0.0307359 0.0152856 0.1488516 0.0000000 0.0000000 0.0471919
137 G 137 0.0000000 0.0000000 0.0647254 0.0119714 0.0000000 0.0158141 0.0612911 0.5895513 0.0125109 0.0000000 0.0000000 0.0553157 0.0000000 0.0000000 0.1503348 0.0384853 0.0000000 0.0000000 0.0000000 0.0000000
138 A 138 0.0442743 0.0000000 0.0482439 0.0622877 0.0000000 0.1158257 0.2613549 0.0000000 0.0328769 0.0252117 0.0000000 0.2682243 0.0000000 0.0000000 0.0116821 0.0586493 0.0300719 0.0000000 0.0148552 0.0264421
139 T 139 0.0752230 0.0000000 0.0421332 0.0375609 0.0000000 0.0468661 0.1586603 0.0139009 0.0385479 0.0534187 0.0480770 0.0000000 0.0170574 0.0000000 0.0237451 0.0113481 0.3535019 0.0000000 0.0000000 0.0799597
140 L 140 0.0211876 0.0226580 0.0147863 0.0000000 0.0000000 0.0340838 0.0000000 0.0000000 0.0000000 0.1363667 0.4651204 0.0000000 0.0000000 0.0155340 0.0109965 0.0124295 0.0125526 0.0000000 0.0447174 0.2095673
141 T 141 0.1761878 0.0000000 0.0233475 0.0091741 0.0000000 0.0000000 0.0000000 0.0146846 0.0000000 0.0099210 0.0193576 0.0246066 0.0472417 0.0000000 0.0000000 0.1584875 0.3749208 0.0000000 0.0000000 0.1420709
142 G 142 0.0595042 0.0000000 0.0559756 0.1568230 0.0000000 0.0000000 0.0222174 0.2289888 0.0000000 0.0425415 0.0199505 0.1378314 0.0000000 0.0000000 0.0470958 0.1299157 0.0318234 0.0000000 0.0174132 0.0499194
143 S 143 0.1556060 0.0080444 0.0000000 0.0820029 0.0000000 0.1294565 0.0616272 0.0333066 0.0000000 0.0111912 0.0099947 0.0637030 0.0557654 0.0000000 0.0229731 0.2328128 0.1159985 0.0000000 0.0000000 0.0175177
144 K 144 0.0914102 0.0161561 0.0082681 0.0000000 0.0000000 0.0280748 0.0173428 0.0128665 0.0084123 0.0341622 0.0395504 0.5514218 0.0000000 0.0000000 0.0851950 0.0090895 0.0485303 0.0000000 0.0291033 0.0204166
145 A 145 0.7936495 0.0000000 0.0000000 0.0000000 0.0000000 0.0000000 0.0000000 0.0318374 0.0000000 0.0000000 0.0000000 0.0000000 0.0215096 0.0000000 0.0251253 0.0417891 0.0222172 0.0000000 0.0000000 0.0638719
146 V 146 0.2326449 0.0000000 0.0000000 0.0318666 0.0000000 0.0071599 0.0582403 0.0000000 0.0000000 0.0801993 0.0000000 0.0469248 0.0000000 0.0000000 0.0081034 0.0240082 0.0143223 0.0000000 0.0086978 0.4878325
147 P 147 0.0000000 0.0000000 0.0310106 0.0254556 0.0000000 0.0000000 0.0000000 0.0000000 0.0000000 0.0000000 0.0000000 0.0000000 0.0000000 0.0190188 0.9245151 0.0000000 0.0000000 0.0000000 0.0000000 0.0000000
148 I 148 0.0606177 0.0000000 0.0000000 0.0000000 0.0172233 0.0000000 0.0000000 0.0000000 0.0000000 0.0765436 0.0489183 0.0000000 0.0993856 0.5406039 0.0000000 0.0081585 0.0000000 0.0000000 0.0192891 0.1292602
149 E 149 0.0000000 0.0119001 0.0067694 0.0092442 0.0000000 0.0000000 0.1014383 0.0506328 0.0000000 0.1486991 0.1770014 0.0820243 0.0071278 0.0177239 0.0186528 0.0000000 0.0628281 0.0000000 0.0068020 0.2991557
150 I 150 0.0610888 0.0000000 0.0000000 0.0000000 0.0134118 0.0125414 0.0000000 0.0000000 0.0000000 0.3107967 0.1921549 0.0000000 0.0333491 0.0000000 0.0000000 0.0084813 0.0000000 0.0000000 0.0000000 0.3681760
151 E 151 0.1379265 0.0000000 0.0128144 0.0510895 0.0000000 0.0103379 0.1251659 0.0000000 0.0082771 0.0245317 0.0000000 0.0316981 0.0000000 0.0447671 0.0134118 0.1088012 0.3348093 0.0000000 0.0484125 0.0479572
152 L 152 0.0207239 0.0000000 0.0000000 0.0313936 0.0000000 0.0000000 0.0000000 0.0000000 0.0000000 0.1618137 0.5441444 0.0000000 0.0568774 0.0000000 0.0000000 0.0000000 0.0170802 0.0000000 0.0000000 0.1679670
153 P 153 0.0000000 0.0000000 0.0000000 0.0000000 0.0000000 0.0000000 0.0000000 0.0212931 0.0000000 0.0000000 0.0000000 0.0000000 0.0000000 0.0000000 0.9787069 0.0000000 0.0000000 0.0000000 0.0000000 0.0000000
154 L 154 0.0457025 0.0000000 0.0000000 0.0085904 0.0000000 0.0440266 0.0080088 0.0000000 0.0199373 0.1003800 0.2371972 0.0000000 0.2377826 0.0581711 0.0000000 0.0077048 0.0270728 0.0000000 0.0230159 0.1824100
155 N 155 0.0175126 0.0000000 0.0615239 0.0065698 0.0000000 0.0105936 0.0000000 0.0000000 0.0072432 0.0155607 0.0080088 0.0000000 0.0070665 0.0202374 0.1106445 0.0805739 0.3382827 0.0000000 0.1857249 0.1304576
156 D 156 0.0314952 0.0070976 0.4366938 0.1057139 0.0000000 0.0326603 0.0413513 0.0619092 0.0229503 0.0000000 0.0212931 0.0344099 0.0000000 0.0000000 0.0071347 0.0748450 0.1079236 0.0145220 0.0000000 0.0000000
157 V 157 0.0180063 0.0000000 0.2880156 0.0064921 0.0000000 0.0269488 0.0140465 0.0081085 0.0000000 0.0966170 0.0813503 0.0240115 0.0096190 0.0000000 0.1097067 0.0526588 0.0843323 0.0000000 0.0263658 0.1537210
158 V 158 0.0067832 0.0000000 0.0814883 0.1177103 0.0000000 0.0279766 0.0423218 0.0119244 0.0000000 0.0000000 0.0000000 0.0510715 0.0000000 0.0000000 0.0088049 0.0290913 0.2197132 0.0000000 0.3736847 0.0294297
159 D 159 0.0800029 0.0000000 0.1782513 0.5244155 0.0000000 0.0066060 0.0838192 0.0000000 0.0105936 0.0000000 0.0000000 0.0325907 0.0000000 0.0000000 0.0196069 0.0149866 0.0219521 0.0000000 0.0000000 0.0271753
160 A 160 0.1607952 0.0000000 0.0000000 0.0000000 0.0000000 0.0000000 0.0000000 0.0000000 0.0000000 0.2193264 0.1153087 0.0000000 0.0000000 0.0000000 0.0129839 0.0000000 0.0000000 0.0000000 0.0000000 0.4915857
161 H 161 0.0000000 0.0000000 0.1440537 0.0153978 0.0000000 0.0319592 0.0067169 0.0000000 0.7483583 0.0064511 0.0000000 0.0000000 0.0000000 0.0000000 0.0000000 0.0000000 0.0000000 0.0000000 0.0131994 0.0338636
162 V 162 0.1302329 0.0000000 0.0000000 0.0000000 0.0000000 0.0000000 0.0000000 0.0000000 0.0000000 0.1286831 0.1128493 0.0000000 0.0275881 0.0000000 0.0000000 0.0000000 0.0000000 0.0000000 0.0000000 0.6006466
163 Y 163 0.0000000 0.0000000 0.0000000 0.0000000 0.0000000 0.0000000 0.0000000 0.0000000 0.0000000 0.0000000 0.0000000 0.0000000 0.0000000 0.0705075 0.0000000 0.0000000 0.0000000 0.0000000 0.9294925 0.0000000
164 P 164 0.0000000 0.0000000 0.0000000 0.0000000 0.0000000 0.0000000 0.0000000 0.0000000 0.0000000 0.0000000 0.0000000 0.0000000 0.0000000 0.0000000 1.0000000 0.0000000 0.0000000 0.0000000 0.0000000 0.0000000
165 K 165 0.0000000 0.0000000 0.0000000 0.0000000 0.0000000 0.0000000 0.0000000 0.0000000 0.0000000 0.0000000 0.0000000 1.0000000 0.0000000 0.0000000 0.0000000 0.0000000 0.0000000 0.0000000 0.0000000 0.0000000
166 N 166 0.0000000 0.0000000 0.9844405 0.0000000 0.0000000 0.0000000 0.0000000 0.0000000 0.0000000 0.0000000 0.0000000 0.0000000 0.0000000 0.0000000 0.0000000 0.0155595 0.0000000 0.0000000 0.0000000 0.0000000
167 T 167 0.0471835 0.0000000 0.0141085 0.0000000 0.0000000 0.0265829 0.1452964 0.0417163 0.0000000 0.0279361 0.0477318 0.0307278 0.0000000 0.0000000 0.0000000 0.0827107 0.4405161 0.0000000 0.0351633 0.0603266
168 E 168 0.0222427 0.0000000 0.0000000 0.0446594 0.0000000 0.1139710 0.3274691 0.0295818 0.0000000 0.0421430 0.0294366 0.0728866 0.0000000 0.0000000 0.0000000 0.0194708 0.1870011 0.0103737 0.0166678 0.0840965
169 A 169 0.0687394 0.0000000 0.1027023 0.2090633 0.0000000 0.0258699 0.1851640 0.0236967 0.0000000 0.0000000 0.0155429 0.1070538 0.0000000 0.0000000 0.0111409 0.1258383 0.1251885 0.0000000 0.0000000 0.0000000
170 K 170 0.0280850 0.0424304 0.0000000 0.0508335 0.0000000 0.0108978 0.1566769 0.0851245 0.0000000 0.0263473 0.0338122 0.4691630 0.0000000 0.0000000 0.0000000 0.0464790 0.0306149 0.0000000 0.0000000 0.0195353
171 P 171 0.0000000 0.0000000 0.0000000 0.0000000 0.0000000 0.0000000 0.0000000 0.0384527 0.0000000 0.0419937 0.0000000 0.0255264 0.0000000 0.0000000 0.7382615 0.0103705 0.0409523 0.0000000 0.0000000 0.1044430
172 K 172 0.0246361 0.0000000 0.0099130 0.0887564 0.0000000 0.0953105 0.1731341 0.0000000 0.0000000 0.0096216 0.0084409 0.2498323 0.0000000 0.0000000 0.0430071 0.1189120 0.1565039 0.0000000 0.0000000 0.0219321
173 I 173 0.0497364 0.0000000 0.0000000 0.0000000 0.0000000 0.0000000 0.0101308 0.0000000 0.0000000 0.4111449 0.0345135 0.0000000 0.0119282 0.0484578 0.0602667 0.0000000 0.1294012 0.0000000 0.0000000 0.2444204
174 L 174 0.0091146 0.0000000 0.0094143 0.4564125 0.0000000 0.0000000 0.1731479 0.0643472 0.0200310 0.0000000 0.0166201 0.0450669 0.0000000 0.0000000 0.0000000 0.0493222 0.1565233 0.0000000 0.0000000 0.0000000
175 E 175 0.0000000 0.0000000 0.0000000 0.0000000 0.0000000 0.0000000 0.0166385 0.0000000 0.0000000 0.0000000 0.0000000 0.9833615 0.0000000 0.0000000 0.0000000 0.0000000 0.0000000 0.0000000 0.0000000 0.0000000
176 H 176 0.0000000 0.0178998 0.2909533 0.3328916 0.0000000 0.0227160 0.0621410 0.0000000 0.0194923 0.0000000 0.0000000 0.0183247 0.0117691 0.0000000 0.0000000 0.0000000 0.2238122 0.0000000 0.0000000 0.0000000
177 H 177 0.0000000 0.0000000 0.0000000 0.0129804 0.0000000 0.0000000 0.0118224 0.0000000 0.0209544 0.0829848 0.0405582 0.0000000 0.0000000 0.3532731 0.0000000 0.0000000 0.0000000 0.0000000 0.0000000 0.4774266
178 H 178 0.1641493 0.0000000 0.0245137 0.0652360 0.0000000 0.0138634 0.1257227 0.0122634 0.0344300 0.0000000 0.0304667 0.2337152 0.0000000 0.0000000 0.0000000 0.0804156 0.1541030 0.0000000 0.0000000 0.0611211
179 H 179 0.0000000 0.0000000 0.1041781 0.4636629 0.0000000 0.0000000 0.0192756 0.0745748 0.0237001 0.0000000 0.0000000 0.2657054 0.0000000 0.0000000 0.0000000 0.0170749 0.0000000 0.0000000 0.0115715 0.0202567
180 H 180 0.0317451 0.0000000 0.0168613 0.0399522 0.0000000 0.1415416 0.2257069 0.0000000 0.0296693 0.0000000 0.0000000 0.4617199 0.0000000 0.0000000 0.0000000 0.0000000 0.0528037 0.0000000 0.0000000 0.0000000
181 H 181 0.0000000 0.0640076 0.2785504 0.0000000 0.0000000 0.1755909 0.1286414 0.0000000 0.2501577 0.0000000 0.0000000 0.1030520 0.0000000 0.0000000 0.0000000 0.0000000 0.0000000 0.0000000 0.0000000 0.0000000
