  181         A         R         N         D         C         Q         E         G         H         I         L         K         M         F         P         S         T         W         Y         V         X    
  1 M   1 0.0000000 0.0000000 0.0000000 0.0000000 0.0000000 0.0000000 0.0000000 0.0000000 0.0000000 0.0157927 0.0078381 0.0000000 0.1286744 0.0000000 0.0000000 0.0000000 0.0000000 0.0000000 0.0000000 0.0000000 0.8476949
  2 E   2 0.0156549 0.0000000 0.0000000 0.0000000 0.0000000 0.0000000 0.0217655 0.0000000 0.0000000 0.0167125 0.0545592 0.0000000 0.0000000 0.0000000 0.0000000 0.1048889 0.0574221 0.0000000 0.0000000 0.0123046 0.7166923
  3 T   3 0.0194381 0.0000000 0.0250175 0.0000000 0.0000000 0.0000000 0.0000000 0.0000000 0.0000000 0.0167611 0.0768446 0.0000000 0.0000000 0.0581213 0.0123046 0.0107119 0.1108724 0.0000000 0.0000000 0.0000000 0.6699285
  4 A   4 0.1390590 0.0000000 0.0000000 0.0000000 0.0189287 0.0000000 0.0000000 0.0736934 0.0000000 0.0000000 0.0463944 0.0000000 0.0000000 0.0143927 0.0000000 0.0179690 0.0000000 0.0067779 0.0000000 0.0487543 0.6340305
  5 S   5 0.0753989 0.0088340 0.0192146 0.0154641 0.0000000 0.0191009 0.0079970 0.0081281 0.0000000 0.0000000 0.0081081 0.0000000 0.0000000 0.0079753 0.0605374 0.1340262 0.0745826 0.0000000 0.0000000 0.0379631 0.5226697
  6 A   6 0.1874114 0.0000000 0.0140933 0.0000000 0.0000000 0.0000000 0.0000000 0.0524653 0.0000000 0.0135510 0.0000000 0.0000000 0.0116427 0.0323674 0.0619713 0.0558292 0.0000000 0.0000000 0.0000000 0.1055435 0.4651250
  7 A   7 0.2674582 0.0000000 0.0000000 0.0000000 0.0000000 0.0541171 0.0080736 0.0000000 0.0000000 0.0103035 0.0192071 0.0251076 0.0140933 0.0000000 0.0000000 0.0232991 0.0354465 0.0123046 0.0000000 0.1153204 0.4152689
  8 T   8 0.0464482 0.0347558 0.0392222 0.0000000 0.0000000 0.0203513 0.0378209 0.0000000 0.0000000 0.0253313 0.0350769 0.0621414 0.0000000 0.0199965 0.1226233 0.0261096 0.1161660 0.0000000 0.0000000 0.0385557 0.3754011
  9 V   9 0.2565307 0.0000000 0.0246727 0.0076188 0.0000000 0.0000000 0.0298128 0.0349251 0.0000000 0.0000000 0.0191504 0.0000000 0.0000000 0.0000000 0.0000000 0.0163462 0.0486799 0.0000000 0.0000000 0.2684877 0.2937757
 10 F  10 0.0753444 0.0000000 0.0799877 0.0571584 0.0000000 0.0165068 0.0134817 0.0000000 0.0680653 0.0000000 0.0000000 0.0245480 0.0000000 0.1455416 0.0217787 0.1186255 0.0698256 0.0000000 0.0000000 0.0211318 0.2880045
 11 A  11 0.4602916 0.0000000 0.0279935 0.0000000 0.0000000 0.0088340 0.0227759 0.0064488 0.0000000 0.0590467 0.0257692 0.0253459 0.0000000 0.0000000 0.0389168 0.0365731 0.0000000 0.0000000 0.0000000 0.0000000 0.2880045
 12 A  12 0.2271272 0.0000000 0.1026919 0.1826706 0.0000000 0.0123905 0.1156311 0.0000000 0.0000000 0.0079970 0.0211515 0.0115724 0.0000000 0.0000000 0.0000000 0.0174581 0.0359315 0.0000000 0.0107119 0.0687233 0.1859429
 13 G  13 0.0290023 0.0299658 0.0230008 0.1630051 0.0000000 0.0319208 0.1559762 0.0822411 0.0000000 0.0068241 0.0000000 0.0532195 0.0000000 0.0272186 0.0416860 0.0985470 0.0546030 0.0000000 0.0156549 0.0078381 0.1792966
 14 T  14 0.0490827 0.0141970 0.1610766 0.0864049 0.0000000 0.0361257 0.1423828 0.0505790 0.0000000 0.0000000 0.0000000 0.0391930 0.0000000 0.0000000 0.1610981 0.0972099 0.0913318 0.0000000 0.0000000 0.0000000 0.0713185
 15 T  15 0.2148827 0.0333005 0.0400903 0.0578718 0.0000000 0.0796551 0.0834084 0.0218974 0.0134817 0.0250284 0.0000000 0.1037539 0.0000000 0.0000000 0.0156549 0.0647742 0.1610863 0.0000000 0.0000000 0.0062807 0.0788334
 16 T  16 0.0379563 0.0000000 0.0191009 0.0090891 0.0000000 0.0361017 0.0271335 0.0156549 0.0065183 0.0074113 0.0132710 0.2349184 0.0186018 0.0000000 0.0445906 0.0682876 0.3886242 0.0000000 0.0000000 0.0081081 0.0646324
 17 T  17 0.0000000 0.0241938 0.0555961 0.0048589 0.0000000 0.0000000 0.0374845 0.3655845 0.0000000 0.0202110 0.0083771 0.0305651 0.0000000 0.0000000 0.0000000 0.0143690 0.2550203 0.0000000 0.0531470 0.0777459 0.0528469
 18 S  18 0.0138399 0.0059067 0.0587306 0.0897470 0.0000000 0.0284054 0.0209215 0.0000000 0.0000000 0.0000000 0.0000000 0.0995982 0.0000000 0.0000000 0.0000000 0.3414717 0.2885322 0.0000000 0.0000000 0.0000000 0.0528469
 19 V  19 0.0000000 0.0000000 0.0000000 0.0000000 0.0000000 0.0000000 0.0000000 0.0000000 0.0000000 0.2914364 0.2758181 0.0000000 0.0123046 0.0215760 0.0000000 0.0000000 0.0066760 0.0000000 0.0000000 0.3393420 0.0528469
 20 T  20 0.0053356 0.0000000 0.0688679 0.0076188 0.0000000 0.0000000 0.0073357 0.0000000 0.0162213 0.0648010 0.0064713 0.0074875 0.0000000 0.0000000 0.0000000 0.0000000 0.6376603 0.0000000 0.0000000 0.1253538 0.0528469
 21 V  21 0.0000000 0.0000000 0.0000000 0.0000000 0.0000000 0.0000000 0.0000000 0.0000000 0.0000000 0.3706574 0.2765313 0.0000000 0.0000000 0.0000000 0.0000000 0.0000000 0.0000000 0.0000000 0.0000000 0.2999644 0.0528469
 22 H  22 0.0000000 0.0000000 0.0147607 0.0000000 0.0000000 0.0000000 0.0000000 0.0000000 0.7875140 0.0000000 0.0000000 0.0000000 0.0000000 0.0201586 0.0000000 0.0000000 0.0852708 0.0000000 0.0394491 0.0000000 0.0528469
 23 K  23 0.0223561 0.0000000 0.0126961 0.0000000 0.0000000 0.0000000 0.0000000 0.0000000 0.0000000 0.0000000 0.0000000 0.8876034 0.0000000 0.0000000 0.0000000 0.0146583 0.0000000 0.0000000 0.0000000 0.0000000 0.0626862
 24 L  24 0.0000000 0.0889323 0.0000000 0.0000000 0.0225305 0.0075149 0.0000000 0.0000000 0.0625574 0.1515036 0.2526786 0.0269278 0.0214658 0.0285584 0.0000000 0.0000000 0.0000000 0.0123046 0.1163603 0.0630064 0.1456592
 25 L  25 0.0661945 0.0170644 0.0000000 0.0139023 0.0000000 0.0803203 0.0860492 0.0000000 0.0000000 0.0388559 0.2518451 0.1091226 0.0260007 0.0000000 0.0000000 0.0079271 0.0251286 0.0000000 0.0000000 0.1300580 0.1475314
 26 A  26 0.0833061 0.0000000 0.0328830 0.0063458 0.0000000 0.1108720 0.0086252 0.0476861 0.0199965 0.0000000 0.0645391 0.0273693 0.2018748 0.1269461 0.0000000 0.0064713 0.0000000 0.0222756 0.0000000 0.0530160 0.1877933
 27 T  27 0.0354438 0.0000000 0.0673116 0.1196550 0.0000000 0.0215276 0.0779449 0.0347790 0.0160853 0.0000000 0.0000000 0.1174174 0.0000000 0.0000000 0.0982277 0.0877180 0.1328686 0.0000000 0.0000000 0.0191009 0.1719202
 28 D  28 0.0059404 0.0052479 0.0737669 0.2289814 0.0000000 0.0360779 0.2062769 0.0139023 0.0000000 0.0104138 0.0098392 0.1414048 0.0000000 0.0000000 0.0000000 0.0777592 0.0170205 0.0000000 0.0000000 0.0073357 0.1660331
 29 G  29 0.0532849 0.0063458 0.0220357 0.1527643 0.0000000 0.0215634 0.0876545 0.1615119 0.0000000 0.0327192 0.0257433 0.0487498 0.0000000 0.0172826 0.0071148 0.0679497 0.0801275 0.0000000 0.0438439 0.0000000 0.1713087
 30 D  30 0.0246003 0.0085979 0.1603743 0.1175333 0.0000000 0.0534758 0.1017327 0.0722379 0.0000000 0.0000000 0.0239928 0.1099450 0.0000000 0.0000000 0.0159506 0.0214261 0.0420705 0.0000000 0.0154551 0.0063458 0.2262619
 31 M  31 0.0935657 0.0086095 0.0275440 0.0468498 0.0000000 0.0322904 0.0174906 0.0516697 0.0000000 0.0213535 0.1525697 0.0221773 0.0277289 0.0742417 0.0414794 0.0071148 0.0363236 0.0000000 0.0432110 0.0171459 0.2786345
 32 D  32 0.0561659 0.0000000 0.0780680 0.1377059 0.0000000 0.0000000 0.0611698 0.0526678 0.0000000 0.0348686 0.0219238 0.0399295 0.0133517 0.0000000 0.1281126 0.0352937 0.0294127 0.0355110 0.0091448 0.0088469 0.2578272
 33 K  33 0.1145038 0.0090891 0.0587992 0.0354169 0.0000000 0.0331147 0.0790755 0.0753276 0.0000000 0.0075093 0.0088940 0.1887483 0.0000000 0.0116427 0.0513945 0.0126961 0.0219045 0.0262298 0.0000000 0.0146072 0.2510471
 34 I  34 0.0405221 0.0047388 0.0887753 0.0133332 0.0000000 0.0482683 0.0333474 0.0384289 0.0079271 0.0440779 0.0139608 0.1045936 0.0103035 0.0712532 0.0418086 0.0422341 0.0731070 0.0508110 0.0163380 0.0320936 0.2240778
 35 A  35 0.0984863 0.0090891 0.0465297 0.0395142 0.0000000 0.0862913 0.0065359 0.0724611 0.0188825 0.0366116 0.0406407 0.0438475 0.0000000 0.0000000 0.0838621 0.0407221 0.0969501 0.0070193 0.0408306 0.0425788 0.1891472
 36 N  36 0.0000000 0.0249324 0.1151731 0.1064201 0.0090891 0.0445214 0.0896493 0.0310011 0.0075165 0.0000000 0.0258778 0.0477445 0.0000000 0.0231477 0.0186018 0.0343705 0.1926244 0.0000000 0.0297992 0.0170579 0.1824732
 37 E  37 0.0310118 0.0000000 0.1291122 0.0404266 0.0000000 0.0103035 0.0559509 0.3657851 0.0088469 0.0141314 0.0191009 0.0282380 0.0069894 0.0000000 0.0649433 0.0197036 0.0435045 0.0000000 0.0000000 0.0000000 0.1619522
 38 L  38 0.0644451 0.0000000 0.0398412 0.0942017 0.0000000 0.0287181 0.1262872 0.0703220 0.0377889 0.0211199 0.1026244 0.1017233 0.0000000 0.0000000 0.0000000 0.0066676 0.0633002 0.0000000 0.0000000 0.0478401 0.1951202
 39 E  39 0.0501306 0.0000000 0.1741698 0.0945622 0.0000000 0.0266090 0.0797418 0.1073097 0.0070630 0.0084015 0.0498750 0.0363502 0.0000000 0.0000000 0.0518974 0.0071408 0.1248515 0.0000000 0.0000000 0.0300004 0.1518969
 40 T  40 0.0521956 0.0000000 0.0293599 0.0417486 0.0000000 0.0168458 0.0585827 0.2751454 0.0000000 0.0281782 0.0318981 0.1073707 0.0306275 0.0000000 0.0256282 0.0211576 0.1246461 0.0000000 0.0000000 0.0069283 0.1496874
 41 G  41 0.0347008 0.0000000 0.0296372 0.0831481 0.0000000 0.0508434 0.1165487 0.1136498 0.0091448 0.0000000 0.0212839 0.0645425 0.0077713 0.0000000 0.0412559 0.0864783 0.1424611 0.0000000 0.0000000 0.0390106 0.1595237
 42 N  42 0.0196068 0.0144363 0.1051617 0.0951420 0.0000000 0.0213791 0.0744522 0.1467926 0.0000000 0.0000000 0.0088469 0.1357413 0.0000000 0.0000000 0.0379201 0.0518577 0.0445601 0.0000000 0.0000000 0.0368233 0.2072800
 43 Y  43 0.0974776 0.0067769 0.0000000 0.0104138 0.0000000 0.0238163 0.0771369 0.0948800 0.0085027 0.0141014 0.0715784 0.0585923 0.0000000 0.0325955 0.0069283 0.0235735 0.0204300 0.0000000 0.2346575 0.0197807 0.1987584
 44 A  44 0.0197717 0.0104138 0.1701418 0.2692325 0.0000000 0.0177409 0.0475042 0.0332464 0.0000000 0.0401182 0.0244101 0.0243954 0.0063792 0.0191009 0.0498054 0.0320734 0.1057008 0.0000000 0.0000000 0.0367610 0.0932043
 45 G  45 0.0272379 0.0000000 0.0132035 0.0000000 0.0000000 0.0373222 0.0243019 0.7256297 0.0000000 0.0227153 0.0086252 0.0000000 0.0000000 0.0103035 0.0195207 0.0089712 0.0298128 0.0000000 0.0000000 0.0000000 0.0723559
 46 N  46 0.0552947 0.0000000 0.1330683 0.0378962 0.0000000 0.1117980 0.1091362 0.0563440 0.0088799 0.0537431 0.0230627 0.0459112 0.0170205 0.0000000 0.0000000 0.0710936 0.1554923 0.0000000 0.0000000 0.0074113 0.1138480
 47 K  47 0.1146710 0.0000000 0.0201465 0.0322518 0.0000000 0.1264627 0.1818863 0.0596757 0.0000000 0.0177749 0.0230935 0.1584284 0.0000000 0.0000000 0.0171749 0.0524105 0.0000000 0.0066676 0.0156549 0.0496773 0.1240238
 48 V  48 0.0191009 0.0229906 0.0681675 0.0482128 0.0000000 0.0181566 0.0000000 0.0215046 0.0000000 0.2443360 0.1584883 0.0952241 0.0248203 0.0000000 0.0000000 0.0197209 0.0521683 0.0000000 0.0000000 0.0645823 0.1425269
 49 G  49 0.0691382 0.0156549 0.1834204 0.1440154 0.0000000 0.0773917 0.0731708 0.0975052 0.0000000 0.0000000 0.0066683 0.0000000 0.0000000 0.0000000 0.0621507 0.0369080 0.0788664 0.0000000 0.0078656 0.0074113 0.1398332
 50 V  50 0.0348766 0.0000000 0.0948138 0.1267538 0.0000000 0.0202799 0.0260034 0.0620046 0.0000000 0.0157797 0.0715044 0.0150698 0.0000000 0.0153303 0.0263795 0.0557722 0.0782574 0.0000000 0.1731158 0.0537977 0.1302610
 51 L  51 0.0359506 0.0191009 0.0299310 0.0063427 0.0000000 0.0075093 0.0249045 0.0139177 0.0106735 0.0479799 0.2242567 0.0118726 0.0000000 0.2154815 0.0709718 0.0000000 0.0293052 0.0000000 0.0069571 0.1146676 0.1301772
 52 P  52 0.0231345 0.0000000 0.0186975 0.0229570 0.0000000 0.0133445 0.0075165 0.4216979 0.0000000 0.0300746 0.0098036 0.0629950 0.0000000 0.0196531 0.1787509 0.0149163 0.0353470 0.0000000 0.0000000 0.0079970 0.1331144
 53 A  53 0.1297966 0.0163304 0.0696837 0.0895373 0.0000000 0.0715251 0.0883715 0.0435679 0.0000000 0.0000000 0.0000000 0.1194836 0.0000000 0.0365035 0.0000000 0.1062031 0.0677737 0.0000000 0.0000000 0.0312856 0.1299379
 54 N  54 0.0152649 0.0000000 0.1236223 0.1080378 0.0000000 0.0120056 0.0804884 0.1889068 0.0000000 0.0000000 0.0153774 0.0505402 0.0000000 0.0000000 0.0429738 0.0980631 0.0764184 0.0000000 0.0000000 0.0135829 0.1747186
 55 A  55 0.3725439 0.0000000 0.0000000 0.0058599 0.0225305 0.0000000 0.0000000 0.0596832 0.0000000 0.0154866 0.0312174 0.0079970 0.0000000 0.0051596 0.0088469 0.0895599 0.0379640 0.0000000 0.0550694 0.1311052 0.1569765
 56 K  56 0.0083410 0.0355621 0.0047641 0.0082480 0.0000000 0.0246074 0.1317169 0.0088940 0.0063308 0.0079753 0.0000000 0.3439309 0.0063180 0.0155394 0.0154903 0.0263031 0.1754669 0.0000000 0.0440303 0.0320932 0.1043883
 57 E  57 0.0668148 0.0000000 0.0154645 0.0162361 0.0000000 0.0000000 0.2414386 0.0984317 0.0000000 0.0000000 0.0000000 0.0348614 0.0152623 0.0000000 0.3776089 0.0000000 0.0441137 0.0000000 0.0318462 0.0191009 0.0388210
 58 I  58 0.0231234 0.0000000 0.0000000 0.0000000 0.0000000 0.0000000 0.0000000 0.0068241 0.0000000 0.2905359 0.4839950 0.0000000 0.0103035 0.0177700 0.0000000 0.0000000 0.0156549 0.0000000 0.0000000 0.1517932 0.0000000
 59 A  59 0.2195716 0.0073035 0.1237960 0.1304889 0.0000000 0.0412258 0.1178918 0.0368962 0.0000000 0.0000000 0.0000000 0.0908847 0.0000000 0.0000000 0.1123277 0.1016522 0.0179616 0.0000000 0.0000000 0.0000000 0.0000000
 60 G  60 0.0000000 0.0000000 0.1034082 0.0732438 0.0000000 0.0000000 0.0095601 0.7857930 0.0000000 0.0000000 0.0000000 0.0000000 0.0000000 0.0088940 0.0000000 0.0000000 0.0191009 0.0000000 0.0000000 0.0000000 0.0000000
 61 V  61 0.1501383 0.0000000 0.0088940 0.0000000 0.0000000 0.0000000 0.0199739 0.0000000 0.0084015 0.0955527 0.0155394 0.0000000 0.0054531 0.0000000 0.0000000 0.0224296 0.0000000 0.0000000 0.0000000 0.6579626 0.0156549
 62 M  62 0.0539031 0.0000000 0.0191009 0.0155394 0.0000000 0.0587266 0.1329554 0.0557723 0.0074657 0.0131215 0.0000000 0.1266280 0.0150329 0.0479235 0.0157494 0.0322026 0.2608096 0.0054334 0.0890510 0.0349300 0.0156549
 63 F  63 0.0000000 0.0000000 0.0000000 0.0000000 0.0000000 0.0000000 0.0000000 0.0000000 0.0000000 0.0199739 0.0239409 0.0000000 0.0000000 0.8753115 0.0000000 0.0000000 0.0000000 0.0000000 0.0651188 0.0000000 0.0156549
 64 V  64 0.0960609 0.0164158 0.0000000 0.0861932 0.0000000 0.0472642 0.0979144 0.0000000 0.0000000 0.0135385 0.0000000 0.2062649 0.0000000 0.0000000 0.0000000 0.0440181 0.2890012 0.0000000 0.0000000 0.0876741 0.0156549
 65 W  65 0.0988675 0.0088340 0.0191009 0.0000000 0.0000000 0.0000000 0.0000000 0.0000000 0.0000000 0.2435717 0.1677635 0.0095601 0.0218637 0.0239845 0.0000000 0.0000000 0.0081281 0.0259740 0.1158373 0.2334486 0.0230662
 66 T  66 0.0118999 0.0235900 0.0063792 0.0000000 0.0000000 0.0884953 0.0688711 0.0000000 0.0242620 0.0000000 0.0298302 0.1280294 0.0000000 0.0151235 0.0000000 0.0000000 0.1590622 0.0626847 0.3661487 0.0156237 0.0000000
 67 N  67 0.0095601 0.0939393 0.0580149 0.0943324 0.0000000 0.0593707 0.0274125 0.0073022 0.0000000 0.0269436 0.0355214 0.4663209 0.0156549 0.0000000 0.0343382 0.0210162 0.0174289 0.0000000 0.0058109 0.0270328 0.0000000
 68 T  68 0.0116298 0.0000000 0.0243528 0.0315137 0.0000000 0.0078656 0.0552118 0.0323888 0.0000000 0.1470220 0.1091858 0.0560939 0.0287070 0.0115724 0.0088940 0.0571661 0.0674269 0.0000000 0.0264688 0.3121031 0.0123975
 69 N  69 0.0846693 0.0000000 0.1937483 0.1149857 0.0000000 0.0318207 0.0612644 0.0278890 0.0000000 0.0000000 0.0000000 0.1121210 0.0000000 0.0000000 0.0148450 0.0707445 0.2120932 0.0081281 0.0000000 0.0177700 0.0499209
 70 N  70 0.0482640 0.0000000 0.0623625 0.1940398 0.0000000 0.0355455 0.0446443 0.0942154 0.0000000 0.0801488 0.0072161 0.0300550 0.0000000 0.0167856 0.0083771 0.1025765 0.1217116 0.0212173 0.0288762 0.0419028 0.0620615
 71 E  71 0.0525472 0.0000000 0.0213840 0.3572040 0.0000000 0.0208662 0.1167586 0.0061879 0.0103509 0.0631076 0.0252622 0.0988097 0.0000000 0.0349534 0.0098036 0.0588229 0.0079753 0.0000000 0.0000000 0.0554373 0.0605292
 72 I  72 0.0717210 0.0000000 0.0410301 0.0813131 0.0000000 0.0441197 0.0349009 0.0310718 0.0000000 0.0572907 0.2237451 0.0545535 0.0064498 0.0621894 0.0081281 0.0000000 0.0318313 0.0070151 0.0855207 0.0762802 0.0828395
 73 I  73 0.0676418 0.0000000 0.0603302 0.0000000 0.0000000 0.0491829 0.0219063 0.0079691 0.0000000 0.1117067 0.1880415 0.0586006 0.0000000 0.0000000 0.0000000 0.0936340 0.1678721 0.0000000 0.0193600 0.0582194 0.0955356
 74 D  74 0.0884220 0.0174225 0.0298544 0.1075312 0.0000000 0.0246376 0.0247932 0.0183994 0.0118451 0.0219314 0.0067950 0.1775405 0.0062999 0.0000000 0.0070329 0.0466352 0.2771479 0.0000000 0.0242685 0.0266041 0.0828395
 75 E  75 0.1252903 0.0000000 0.1046905 0.0674431 0.0000000 0.0428645 0.0891103 0.0192609 0.0074657 0.0080736 0.0403658 0.2121525 0.0000000 0.0000000 0.0182436 0.0617432 0.0874818 0.0000000 0.0385994 0.0142918 0.0629231
 76 N  76 0.0715285 0.0196831 0.0934622 0.1222653 0.0081281 0.0198607 0.1408444 0.0000000 0.0088799 0.0068241 0.1340510 0.0489049 0.0070329 0.0156549 0.0140578 0.0594843 0.0791230 0.0000000 0.0066676 0.0523761 0.0911713
 77 G  77 0.0718639 0.0126961 0.0372075 0.1075636 0.0000000 0.0000000 0.0568847 0.3706901 0.0000000 0.0000000 0.0345127 0.0577388 0.0115724 0.0267115 0.0235437 0.0218614 0.0147323 0.0275612 0.0000000 0.0330143 0.0918456
 78 Q  78 0.1479131 0.0000000 0.0252219 0.0653881 0.0000000 0.0747006 0.0621817 0.0811363 0.0000000 0.0284568 0.0257609 0.1447400 0.0146583 0.0187545 0.0177700 0.0202110 0.0513056 0.1163762 0.0238830 0.0000000 0.0815421
 79 T  79 0.0728923 0.0066211 0.0625441 0.0675685 0.0000000 0.0586250 0.1164654 0.0385648 0.0000000 0.0204051 0.0200188 0.1767206 0.0095601 0.0070329 0.0000000 0.0666457 0.1045676 0.0696248 0.0154667 0.0121493 0.0745273
 80 L  80 0.1223676 0.0072161 0.0127807 0.0633724 0.0000000 0.0537544 0.0535044 0.0250007 0.0000000 0.0610510 0.0896003 0.1386514 0.0000000 0.0269390 0.0000000 0.0170205 0.0919627 0.0079753 0.0255497 0.1206184 0.0826354
 81 G  81 0.2089279 0.0083771 0.0449733 0.0282839 0.0000000 0.0235932 0.0118063 0.0944158 0.0000000 0.0578579 0.0912378 0.0542528 0.0000000 0.0000000 0.0684748 0.1043382 0.0679558 0.0061883 0.0134271 0.0378664 0.0780235
 82 V  82 0.1564685 0.0079131 0.0209940 0.0725059 0.0000000 0.0184590 0.0402333 0.0271588 0.0000000 0.0654106 0.0760591 0.0960995 0.0000000 0.0104138 0.0194041 0.1147167 0.1197161 0.0000000 0.0000000 0.0764240 0.0780235
 83 N  83 0.0485623 0.0000000 0.1181476 0.0851009 0.0069283 0.0338496 0.0845015 0.0526493 0.0065359 0.0226219 0.0085027 0.1659165 0.0000000 0.0000000 0.0271086 0.0631509 0.0880963 0.0000000 0.0217019 0.0943733 0.0722523
 84 I  84 0.1209236 0.0000000 0.0273883 0.0646851 0.0000000 0.0413537 0.0836106 0.1374116 0.0088940 0.1005737 0.1619441 0.0514977 0.0088799 0.0284727 0.0000000 0.0237110 0.0249266 0.0000000 0.0149032 0.0250092 0.0758151
 85 D  85 0.1025585 0.0098036 0.0190890 0.2186437 0.0133517 0.0511504 0.0425736 0.0000000 0.0000000 0.0298505 0.0409464 0.1742001 0.0136867 0.0295081 0.0123093 0.0193078 0.0691188 0.0000000 0.0273875 0.0444594 0.0820550
 86 P  86 0.1928279 0.0000000 0.0431681 0.0294685 0.0000000 0.0463050 0.0434358 0.0353480 0.0000000 0.0402723 0.0356490 0.0604148 0.0075149 0.0000000 0.0583157 0.0619241 0.1637063 0.0000000 0.0220006 0.0697284 0.0899206
 87 Q  87 0.0889852 0.0138540 0.0969388 0.1101447 0.0000000 0.0510893 0.0641604 0.0263926 0.0000000 0.0304949 0.0444506 0.1174587 0.0000000 0.0156549 0.0266159 0.0566867 0.0774428 0.0000000 0.0054271 0.0602982 0.1139052
 88 T  88 0.1109757 0.0215901 0.0622232 0.0691929 0.0000000 0.0350239 0.1753751 0.0202287 0.0177700 0.0066683 0.0061879 0.0927103 0.0000000 0.0000000 0.0526630 0.0402845 0.0770655 0.0166055 0.0351203 0.0570073 0.1033078
 89 F  89 0.1339633 0.0255556 0.0300658 0.0509606 0.0000000 0.0000000 0.0978030 0.0260722 0.0000000 0.0410275 0.1234802 0.0884072 0.0000000 0.1077044 0.0148974 0.0270287 0.0622126 0.0000000 0.0524615 0.0218440 0.0965160
 90 K  90 0.0844926 0.0215420 0.0645399 0.1023652 0.0074875 0.0120408 0.0283836 0.0719812 0.0233727 0.0000000 0.1335375 0.1068256 0.0000000 0.0195054 0.0446054 0.0269530 0.0543893 0.0000000 0.0208259 0.0891521 0.0880004
 91 L  91 0.1626707 0.0081081 0.0280514 0.0217267 0.0000000 0.0233374 0.0421743 0.0340926 0.0000000 0.0569456 0.0658226 0.1657468 0.0000000 0.0088469 0.0426992 0.0435267 0.0808331 0.0000000 0.0000000 0.1261545 0.0892633
 92 S  92 0.1133410 0.0140040 0.1028626 0.0770918 0.0064713 0.0184028 0.0550942 0.0739855 0.0000000 0.0000000 0.0590118 0.0993208 0.0000000 0.0000000 0.0055070 0.0685920 0.1379643 0.0083771 0.0237313 0.0291381 0.1071044
 93 G  93 0.0916722 0.0156321 0.0403576 0.1490539 0.0000000 0.0321629 0.0226181 0.1955684 0.0000000 0.0238308 0.0571139 0.0300211 0.0067567 0.0249862 0.0660225 0.0141896 0.0933659 0.0000000 0.0139615 0.0161834 0.1065032
 94 A  94 0.1156783 0.0000000 0.0252018 0.0667213 0.0000000 0.0469861 0.0290831 0.0744277 0.0177095 0.0204114 0.0815024 0.0718217 0.0000000 0.0347272 0.0413135 0.0679916 0.1022613 0.0116427 0.0410386 0.0633983 0.0880837
 95 M  95 0.0693538 0.0098036 0.0656737 0.0703125 0.0000000 0.0331381 0.0844446 0.0311460 0.0084110 0.0122065 0.0499681 0.1190823 0.0218108 0.0481544 0.0270137 0.0480913 0.1123029 0.0000000 0.0458305 0.0613175 0.0819386
 96 P  96 0.1030345 0.0138602 0.0637664 0.0614654 0.0000000 0.0466465 0.0819266 0.1425160 0.0000000 0.0362851 0.0104138 0.1066807 0.0000000 0.0590002 0.0233739 0.0431138 0.0863410 0.0132448 0.0317319 0.0141180 0.0624813
 97 A  97 0.1684365 0.0000000 0.0174500 0.0429687 0.0117662 0.0608193 0.0690565 0.1227561 0.0000000 0.0600846 0.0686972 0.0375425 0.0000000 0.0193579 0.0252475 0.0456276 0.1172181 0.0000000 0.0079131 0.0724163 0.0526421
 98 T  98 0.0862700 0.0000000 0.0345028 0.0000000 0.0000000 0.0353074 0.1032133 0.0647382 0.0000000 0.0567698 0.0422314 0.0694785 0.0063180 0.0197300 0.0548082 0.0372012 0.3145179 0.0000000 0.0083771 0.0448215 0.0217145
 99 A  99 0.1321661 0.0138576 0.0000000 0.0294540 0.0000000 0.0315054 0.0198300 0.0939375 0.0000000 0.0507021 0.0424936 0.1569706 0.0000000 0.0241497 0.0308864 0.0452186 0.1195962 0.0000000 0.0139063 0.1807933 0.0145327
100 M 100 0.0709472 0.0000000 0.0137420 0.0211660 0.0000000 0.0525575 0.1284096 0.0261185 0.0062807 0.0606644 0.0752557 0.1081524 0.0219612 0.0000000 0.0000000 0.0486280 0.1455125 0.0000000 0.0133124 0.1894708 0.0178210
101 K 101 0.0703330 0.0298421 0.0436193 0.0972570 0.0071408 0.0719370 0.0786946 0.1187186 0.0000000 0.0000000 0.0350097 0.1675521 0.0000000 0.0085027 0.0251556 0.0613042 0.1532382 0.0000000 0.0130509 0.0000000 0.0186445
102 K 102 0.0768718 0.0000000 0.0139674 0.0189356 0.0000000 0.0396337 0.0458279 0.2926880 0.0000000 0.0510565 0.0000000 0.1373859 0.0158138 0.0157188 0.0081081 0.0371611 0.1326849 0.0000000 0.0071567 0.0635962 0.0433936
103 L 103 0.0623137 0.0000000 0.0000000 0.0234192 0.0075175 0.0212058 0.0559716 0.0058871 0.0125399 0.0382909 0.1937629 0.1421434 0.0230041 0.0000000 0.0347567 0.0251585 0.1722957 0.0000000 0.0136507 0.1105506 0.0575315
104 T 104 0.0127645 0.0000000 0.0174687 0.0142776 0.0000000 0.0174225 0.0000000 0.0000000 0.0000000 0.0098392 0.0000000 0.0368364 0.0000000 0.0000000 0.0000000 0.0411374 0.7471231 0.0000000 0.0064713 0.0745944 0.0220650
105 E 105 0.0614083 0.0155895 0.0496768 0.1753959 0.0000000 0.0422176 0.0383337 0.1090249 0.0000000 0.0000000 0.0065359 0.0272062 0.0000000 0.0000000 0.0000000 0.0423704 0.4101758 0.0000000 0.0000000 0.0000000 0.0220650
106 A 106 0.1927877 0.0126884 0.0717201 0.2059788 0.0000000 0.0152731 0.1474591 0.1198641 0.0000000 0.0177789 0.0000000 0.0814828 0.0000000 0.0160314 0.0158347 0.0393010 0.0290389 0.0000000 0.0000000 0.0126961 0.0220650
107 E 107 0.0409679 0.0139334 0.2701749 0.2325204 0.0000000 0.0653995 0.0710905 0.0907472 0.0000000 0.0000000 0.0107119 0.0488426 0.0000000 0.0000000 0.0193200 0.0569394 0.0481983 0.0000000 0.0000000 0.0000000 0.0311541
108 G 108 0.0210704 0.0000000 0.0464644 0.0773605 0.0000000 0.0246078 0.0135487 0.7221309 0.0000000 0.0000000 0.0079131 0.0201586 0.0000000 0.0000000 0.0000000 0.0185710 0.0170205 0.0000000 0.0000000 0.0000000 0.0311541
109 A 109 0.1001125 0.0073357 0.0244489 0.0151105 0.0071408 0.0708312 0.0506398 0.2513871 0.0170205 0.0548227 0.1073106 0.0170971 0.0137415 0.0101068 0.0000000 0.0000000 0.0378995 0.0000000 0.0226855 0.0820305 0.1102789
110 K 110 0.1972964 0.0169022 0.0000000 0.0119638 0.0000000 0.0077856 0.1547083 0.0219055 0.0000000 0.0156549 0.0317664 0.1360604 0.0000000 0.0000000 0.0000000 0.0461477 0.1825474 0.0219969 0.0000000 0.1106139 0.0446504
111 F 111 0.1520780 0.0000000 0.0056764 0.0000000 0.0075175 0.0065359 0.0000000 0.0212939 0.0000000 0.0821637 0.0594081 0.0000000 0.0000000 0.2780687 0.0000000 0.0098036 0.0505938 0.0000000 0.0409099 0.1778184 0.1081321
112 N 112 0.0316425 0.0058599 0.0778668 0.0918368 0.0000000 0.0304184 0.0586639 0.0000000 0.0000000 0.0392436 0.0000000 0.2319167 0.0000000 0.0071294 0.0185482 0.0274723 0.2164384 0.0000000 0.0000000 0.0624111 0.1005521
113 T 113 0.0255722 0.0000000 0.0241481 0.0707887 0.0000000 0.0000000 0.0000000 0.0202846 0.0000000 0.0269060 0.1494444 0.0327711 0.0000000 0.3076384 0.0130361 0.0104138 0.1773674 0.0089712 0.0070630 0.0645398 0.0610552
114 A 114 0.1370552 0.0000000 0.0609119 0.1172502 0.0000000 0.0257902 0.1111860 0.0453746 0.0118451 0.0115724 0.0153909 0.1236679 0.0000000 0.0174918 0.0242994 0.1254447 0.1146181 0.0000000 0.0000000 0.0146381 0.0434634
115 N 115 0.0253723 0.0000000 0.2702807 0.1657830 0.0000000 0.0669020 0.0441896 0.1277677 0.0255497 0.0000000 0.0000000 0.0927191 0.0000000 0.0000000 0.0075175 0.0924405 0.0545618 0.0000000 0.0000000 0.0069640 0.0199522
116 L 116 0.0000000 0.0000000 0.0077556 0.0084357 0.0000000 0.0098036 0.0075093 0.0204674 0.0000000 0.0244371 0.7732883 0.0498548 0.0299785 0.0123046 0.0000000 0.0074505 0.0225305 0.0000000 0.0000000 0.0000000 0.0261840
117 P 117 0.1178593 0.0477774 0.0103035 0.0822281 0.0000000 0.0227697 0.0738176 0.0241794 0.0000000 0.0000000 0.0071408 0.1997124 0.0000000 0.0000000 0.2798013 0.0679863 0.0428363 0.0000000 0.0000000 0.0000000 0.0235879
118 A 118 0.0839686 0.0000000 0.0720856 0.1313319 0.0000000 0.0069640 0.0493279 0.0166239 0.0082480 0.0280701 0.1934473 0.0739763 0.0170644 0.0198636 0.0884423 0.0071567 0.0062436 0.0000000 0.0225239 0.1007529 0.0739090
119 A 119 0.1000435 0.0000000 0.0271293 0.0000000 0.0000000 0.0084357 0.0079131 0.6868205 0.0000000 0.0166239 0.0000000 0.0970880 0.0000000 0.0000000 0.0000000 0.0253698 0.0139866 0.0000000 0.0000000 0.0165896 0.0000000
120 K 120 0.2263804 0.1049031 0.0287150 0.0347011 0.0000000 0.0075165 0.0298954 0.0000000 0.0000000 0.0681723 0.1179401 0.0994195 0.0000000 0.0000000 0.0000000 0.0193098 0.1167816 0.0000000 0.0573134 0.0889519 0.0000000
121 Y 121 0.0000000 0.0000000 0.0115724 0.0000000 0.0000000 0.0000000 0.0000000 0.0000000 0.0000000 0.0000000 0.0000000 0.0000000 0.0000000 0.0511422 0.0000000 0.0000000 0.0000000 0.0000000 0.9372853 0.0000000 0.0000000
122 K 122 0.0088799 0.1044916 0.0000000 0.0000000 0.0000000 0.0356911 0.0278855 0.0000000 0.0000000 0.0413905 0.4368806 0.0923666 0.0069894 0.0219168 0.0000000 0.0000000 0.0124518 0.0596569 0.0665905 0.0639933 0.0208155
123 I 123 0.0000000 0.0000000 0.0000000 0.0000000 0.0000000 0.0000000 0.0000000 0.0000000 0.0166239 0.2196568 0.0896746 0.0000000 0.0079691 0.2460097 0.0000000 0.0000000 0.0000000 0.0000000 0.0088340 0.3904163 0.0208155
124 Y 124 0.0193637 0.0134969 0.0000000 0.0079691 0.0542165 0.0446444 0.1030875 0.0000000 0.0088799 0.1011445 0.0474301 0.0399129 0.0000000 0.0000000 0.0000000 0.0225305 0.0896844 0.0000000 0.0258526 0.4009716 0.0208155
125 E 125 0.0000000 0.0000000 0.0000000 0.0000000 0.0000000 0.0316788 0.9210322 0.0000000 0.0000000 0.0000000 0.0000000 0.0166239 0.0000000 0.0000000 0.0000000 0.0000000 0.0000000 0.0000000 0.0000000 0.0098392 0.0208259
126 I 126 0.0186835 0.0083410 0.0756890 0.0955591 0.0000000 0.0079753 0.0062436 0.0000000 0.0000000 0.1243447 0.0503321 0.0080736 0.0000000 0.0000000 0.0000000 0.0491746 0.3908893 0.0000000 0.0000000 0.0927018 0.0719924
127 H 127 0.1044073 0.0430124 0.0381070 0.1065774 0.0000000 0.0210374 0.0661806 0.0396984 0.0645781 0.0000000 0.0227226 0.2783440 0.0074505 0.0000000 0.0000000 0.0679217 0.0266143 0.0000000 0.0000000 0.0294660 0.0838823
128 S 128 0.2465341 0.0000000 0.0310636 0.0365076 0.0000000 0.0000000 0.1067370 0.0399129 0.0000000 0.0154093 0.0262870 0.0273705 0.0000000 0.0000000 0.0339631 0.1343826 0.1224610 0.0000000 0.0065359 0.0383765 0.1344590
129 L 129 0.0074505 0.0107119 0.0466913 0.0116427 0.0000000 0.0163808 0.0069640 0.0080736 0.0166239 0.0000000 0.0353653 0.1920414 0.0000000 0.0000000 0.3860042 0.0210370 0.0000000 0.0000000 0.0000000 0.0297718 0.2112416
130 S 130 0.1389633 0.0000000 0.0073035 0.0584360 0.0000000 0.0214532 0.0310563 0.0520010 0.0000000 0.0115724 0.0000000 0.0077856 0.0000000 0.0000000 0.0063458 0.2714288 0.1174519 0.0000000 0.0000000 0.0086252 0.2675771
131 T 131 0.0258981 0.0080736 0.1117030 0.0441171 0.0000000 0.0126961 0.0224510 0.1652090 0.0000000 0.0000000 0.0062436 0.0254941 0.0000000 0.0000000 0.0857740 0.0535339 0.1826793 0.0000000 0.0000000 0.0000000 0.2561272
132 Y 132 0.0071294 0.0083410 0.0000000 0.0000000 0.0000000 0.0148211 0.0075149 0.0115724 0.0359041 0.0818486 0.0383932 0.0000000 0.0000000 0.0000000 0.0104138 0.0291623 0.0148415 0.0000000 0.2806674 0.1620430 0.2973472
133 V 133 0.0305441 0.0000000 0.0410286 0.0000000 0.0000000 0.0107119 0.0115724 0.0083771 0.0000000 0.0510566 0.0180915 0.1114835 0.0000000 0.0000000 0.0000000 0.0144227 0.0618302 0.0000000 0.0297810 0.2157153 0.3953851
134 G 134 0.0071148 0.0085979 0.1072656 0.0595960 0.0000000 0.0000000 0.0489615 0.1533640 0.0000000 0.0354131 0.0205355 0.0238262 0.0000000 0.0000000 0.0116427 0.0522495 0.0177512 0.0000000 0.0000000 0.0075149 0.4461671
135 E 135 0.0192529 0.0074875 0.1233521 0.0291432 0.0000000 0.0260139 0.0927877 0.0420245 0.0000000 0.0000000 0.0199165 0.0649352 0.0000000 0.0000000 0.0696194 0.0291473 0.0000000 0.0000000 0.0000000 0.0244737 0.4518463
136 D 136 0.0079131 0.0066683 0.1131409 0.1029006 0.0000000 0.0230041 0.0286631 0.0615135 0.0000000 0.0080736 0.0000000 0.0211356 0.0000000 0.0000000 0.0156792 0.0074875 0.0712945 0.0000000 0.0000000 0.0222898 0.5102360
137 G 137 0.0000000 0.0000000 0.0297687 0.0058585 0.0000000 0.0074875 0.0296499 0.2676414 0.0067222 0.0000000 0.0000000 0.0272975 0.0000000 0.0000000 0.0721133 0.0183771 0.0000000 0.0000000 0.0000000 0.0000000 0.5350840
138 A 138 0.0217088 0.0000000 0.0273133 0.0321952 0.0000000 0.0685941 0.1411536 0.0000000 0.0171730 0.0144935 0.0000000 0.1450286 0.0000000 0.0000000 0.0073022 0.0303527 0.0156174 0.0000000 0.0077556 0.0141341 0.4571779
139 T 139 0.0407114 0.0000000 0.0232929 0.0199836 0.0000000 0.0285539 0.0930759 0.0073492 0.0223412 0.0283649 0.0254460 0.0000000 0.0098392 0.0000000 0.0123046 0.0061451 0.1887739 0.0000000 0.0000000 0.0430768 0.4507412
140 L 140 0.0116427 0.0123046 0.0082480 0.0000000 0.0000000 0.0194483 0.0000000 0.0000000 0.0000000 0.0768661 0.2790798 0.0000000 0.0000000 0.0085979 0.0073022 0.0069894 0.0070193 0.0000000 0.0270313 0.1175786 0.4178920
141 T 141 0.1167717 0.0000000 0.0208259 0.0067222 0.0000000 0.0000000 0.0000000 0.0098392 0.0000000 0.0073022 0.0191009 0.0151274 0.0286631 0.0000000 0.0000000 0.0979102 0.2344440 0.0000000 0.0000000 0.0889806 0.3543125
142 G 142 0.0364076 0.0000000 0.0434963 0.0968897 0.0000000 0.0000000 0.0142425 0.1504976 0.0000000 0.0268924 0.0140933 0.0863068 0.0000000 0.0000000 0.0296454 0.0799206 0.0192940 0.0000000 0.0104138 0.0332167 0.3586832
143 S 143 0.1239329 0.0068625 0.0000000 0.0645761 0.0000000 0.0998712 0.0467945 0.0252063 0.0000000 0.0090891 0.0077713 0.0474012 0.0431893 0.0000000 0.0170205 0.1794502 0.1001419 0.0000000 0.0000000 0.0156549 0.2130382
144 K 144 0.0803522 0.0161632 0.0071148 0.0000000 0.0000000 0.0235194 0.0208259 0.0104138 0.0070193 0.0286784 0.0323719 0.4654980 0.0000000 0.0000000 0.0745973 0.0077713 0.0503206 0.0000000 0.0237938 0.0170335 0.1345266
145 A 145 0.6852411 0.0000000 0.0000000 0.0000000 0.0000000 0.0000000 0.0000000 0.0277165 0.0000000 0.0000000 0.0000000 0.0000000 0.0177700 0.0000000 0.0289401 0.0358354 0.0206116 0.0000000 0.0000000 0.0548502 0.1290351
146 V 146 0.2070652 0.0000000 0.0000000 0.0288653 0.0000000 0.0073022 0.0501770 0.0000000 0.0000000 0.0693954 0.0000000 0.0410237 0.0000000 0.0000000 0.0070630 0.0221878 0.0140933 0.0000000 0.0077856 0.4355676 0.1094740
147 P 147 0.0000000 0.0000000 0.0284054 0.0252725 0.0000000 0.0000000 0.0000000 0.0000000 0.0000000 0.0000000 0.0000000 0.0000000 0.0000000 0.0170205 0.8799741 0.0000000 0.0000000 0.0000000 0.0000000 0.0000000 0.0493276
148 I 148 0.0591216 0.0000000 0.0000000 0.0000000 0.0170644 0.0000000 0.0000000 0.0000000 0.0000000 0.0709387 0.0475935 0.0000000 0.0965128 0.5329506 0.0000000 0.0075165 0.0000000 0.0000000 0.0199965 0.1197934 0.0285121
149 E 149 0.0000000 0.0107119 0.0061879 0.0085027 0.0000000 0.0000000 0.1048788 0.0469766 0.0000000 0.1458120 0.1793264 0.0764361 0.0070151 0.0168910 0.0170205 0.0000000 0.0611371 0.0000000 0.0065183 0.2840735 0.0285121
150 I 150 0.0587079 0.0000000 0.0000000 0.0000000 0.0123046 0.0116427 0.0000000 0.0000000 0.0000000 0.3072580 0.1816386 0.0000000 0.0309907 0.0000000 0.0000000 0.0080282 0.0000000 0.0000000 0.0000000 0.3728053 0.0166239
151 E 151 0.1448803 0.0000000 0.0132190 0.0543510 0.0000000 0.0103035 0.1190783 0.0000000 0.0077556 0.0239084 0.0000000 0.0321858 0.0000000 0.0445328 0.0123046 0.1077626 0.3205570 0.0000000 0.0468593 0.0456779 0.0166239
152 L 152 0.0272757 0.0000000 0.0000000 0.0286631 0.0000000 0.0000000 0.0000000 0.0000000 0.0000000 0.1600052 0.5169085 0.0000000 0.0533268 0.0000000 0.0000000 0.0000000 0.0160252 0.0000000 0.0000000 0.1620706 0.0357248
153 P 153 0.0000000 0.0000000 0.0000000 0.0000000 0.0000000 0.0000000 0.0000000 0.0196709 0.0000000 0.0000000 0.0000000 0.0000000 0.0000000 0.0000000 0.9446043 0.0000000 0.0000000 0.0000000 0.0000000 0.0000000 0.0357248
154 L 154 0.0417027 0.0000000 0.0000000 0.0080282 0.0000000 0.0475614 0.0077856 0.0000000 0.0187780 0.0943391 0.2243078 0.0000000 0.2341992 0.0554072 0.0000000 0.0071567 0.0252575 0.0000000 0.0252880 0.1744639 0.0357248
155 N 155 0.0163215 0.0000000 0.0554287 0.0063802 0.0000000 0.0098036 0.0000000 0.0000000 0.0067567 0.0141924 0.0077856 0.0000000 0.0067950 0.0190381 0.1099148 0.0755564 0.3361624 0.0000000 0.1769467 0.1231931 0.0357248
156 D 156 0.0294737 0.0067769 0.4214690 0.1053363 0.0000000 0.0313015 0.0393348 0.0608246 0.0220011 0.0000000 0.0196709 0.0323400 0.0000000 0.0000000 0.0066211 0.0749516 0.1001681 0.0140058 0.0000000 0.0000000 0.0357248
157 V 157 0.0189773 0.0000000 0.2821432 0.0061451 0.0000000 0.0253968 0.0135781 0.0076188 0.0000000 0.0911629 0.0777368 0.0228129 0.0088469 0.0000000 0.1129313 0.0473712 0.0829596 0.0000000 0.0248306 0.1417635 0.0357248
158 V 158 0.0061879 0.0000000 0.0785098 0.1127522 0.0000000 0.0264079 0.0413707 0.0107119 0.0000000 0.0000000 0.0000000 0.0475285 0.0000000 0.0000000 0.0079691 0.0258589 0.2150091 0.0000000 0.3643134 0.0276557 0.0357248
159 D 159 0.0792460 0.0000000 0.1686925 0.5098504 0.0000000 0.0061210 0.0802552 0.0000000 0.0098036 0.0000000 0.0000000 0.0302393 0.0000000 0.0000000 0.0193878 0.0140168 0.0213165 0.0000000 0.0000000 0.0253459 0.0357248
160 A 160 0.1484854 0.0000000 0.0000000 0.0000000 0.0000000 0.0000000 0.0000000 0.0000000 0.0000000 0.2044714 0.1108961 0.0000000 0.0000000 0.0000000 0.0125733 0.0000000 0.0000000 0.0000000 0.0000000 0.4878491 0.0357248
161 H 161 0.0000000 0.0000000 0.1381063 0.0143728 0.0000000 0.0301773 0.0063792 0.0000000 0.7225429 0.0061883 0.0000000 0.0000000 0.0000000 0.0000000 0.0000000 0.0000000 0.0000000 0.0000000 0.0131956 0.0333127 0.0357248
162 V 162 0.1255711 0.0000000 0.0000000 0.0000000 0.0000000 0.0000000 0.0000000 0.0000000 0.0000000 0.1247686 0.1054999 0.0000000 0.0274329 0.0000000 0.0000000 0.0000000 0.0000000 0.0000000 0.0000000 0.5810027 0.0357248
163 Y 163 0.0000000 0.0000000 0.0000000 0.0000000 0.0000000 0.0000000 0.0000000 0.0000000 0.0000000 0.0000000 0.0000000 0.0000000 0.0000000 0.0686927 0.0000000 0.0000000 0.0000000 0.0000000 0.8955826 0.0000000 0.0357248
164 P 164 0.0000000 0.0000000 0.0000000 0.0000000 0.0000000 0.0000000 0.0000000 0.0000000 0.0000000 0.0000000 0.0000000 0.0000000 0.0000000 0.0000000 0.9642752 0.0000000 0.0000000 0.0000000 0.0000000 0.0000000 0.0357248
165 K 165 0.0000000 0.0000000 0.0000000 0.0000000 0.0000000 0.0000000 0.0000000 0.0000000 0.0000000 0.0000000 0.0000000 0.9578254 0.0000000 0.0000000 0.0000000 0.0000000 0.0000000 0.0000000 0.0000000 0.0000000 0.0421746
166 N 166 0.0000000 0.0000000 0.8982486 0.0000000 0.0000000 0.0000000 0.0000000 0.0000000 0.0000000 0.0000000 0.0000000 0.0000000 0.0000000 0.0000000 0.0000000 0.0126961 0.0000000 0.0000000 0.0000000 0.0000000 0.0890553
167 T 167 0.0365117 0.0000000 0.0104138 0.0000000 0.0000000 0.0217970 0.1131399 0.0341528 0.0000000 0.0211270 0.0371626 0.0234406 0.0000000 0.0000000 0.0000000 0.0653395 0.3384251 0.0000000 0.0276173 0.0461093 0.2247633
168 E 168 0.0174069 0.0000000 0.0000000 0.0326799 0.0000000 0.0835371 0.2449004 0.0222174 0.0000000 0.0349651 0.0220564 0.0576099 0.0000000 0.0000000 0.0000000 0.0145134 0.1420449 0.0080736 0.0135842 0.0651080 0.2413028
169 A 169 0.0509269 0.0000000 0.0788222 0.1652342 0.0000000 0.0203669 0.1406932 0.0177700 0.0000000 0.0000000 0.0116427 0.0849665 0.0000000 0.0000000 0.0090891 0.0974767 0.0988592 0.0000000 0.0000000 0.0000000 0.2241524
170 K 170 0.0214954 0.0359344 0.0000000 0.0385280 0.0000000 0.0082480 0.1241205 0.0654930 0.0000000 0.0188171 0.0253622 0.3610457 0.0000000 0.0000000 0.0000000 0.0352145 0.0229301 0.0000000 0.0000000 0.0151219 0.2276893
171 P 171 0.0000000 0.0000000 0.0000000 0.0000000 0.0000000 0.0000000 0.0000000 0.0275934 0.0000000 0.0266227 0.0000000 0.0159099 0.0000000 0.0000000 0.4630440 0.0066862 0.0266480 0.0000000 0.0000000 0.0659865 0.3675092
172 K 172 0.0171288 0.0000000 0.0066683 0.0585999 0.0000000 0.0627615 0.1155361 0.0000000 0.0000000 0.0063180 0.0057712 0.1644577 0.0000000 0.0000000 0.0284054 0.0855745 0.1030059 0.0000000 0.0000000 0.0147164 0.3310562
173 I 173 0.0354144 0.0000000 0.0000000 0.0000000 0.0000000 0.0000000 0.0070630 0.0000000 0.0000000 0.2868490 0.0224997 0.0000000 0.0083410 0.0339670 0.0414257 0.0000000 0.0879552 0.0000000 0.0000000 0.1723511 0.3041339
174 L 174 0.0063427 0.0000000 0.0066862 0.3179582 0.0000000 0.0000000 0.1254904 0.0439998 0.0133962 0.0000000 0.0101931 0.0308785 0.0000000 0.0000000 0.0000000 0.0342068 0.1075111 0.0000000 0.0000000 0.0000000 0.3033371
175 E 175 0.0000000 0.0000000 0.0000000 0.0000000 0.0000000 0.0000000 0.0101931 0.0000000 0.0000000 0.0000000 0.0000000 0.6819540 0.0000000 0.0000000 0.0000000 0.0000000 0.0000000 0.0000000 0.0000000 0.0000000 0.3078529
176 H 176 0.0000000 0.0107065 0.1704431 0.1941038 0.0000000 0.0135478 0.0368897 0.0000000 0.0101931 0.0000000 0.0000000 0.0118604 0.0071148 0.0000000 0.0000000 0.0000000 0.1314556 0.0000000 0.0000000 0.0000000 0.4136852
177 H 177 0.0000000 0.0000000 0.0000000 0.0074657 0.0000000 0.0000000 0.0069571 0.0000000 0.0101931 0.0463375 0.0221829 0.0000000 0.0000000 0.1930221 0.0000000 0.0000000 0.0000000 0.0000000 0.0000000 0.2612133 0.4526285
178 H 178 0.0884139 0.0000000 0.0130989 0.0363179 0.0000000 0.0079271 0.0670711 0.0067950 0.0176587 0.0000000 0.0161344 0.1270350 0.0000000 0.0000000 0.0000000 0.0433203 0.0824068 0.0000000 0.0000000 0.0332793 0.4605415
179 H 179 0.0000000 0.0000000 0.0490099 0.2277773 0.0000000 0.0000000 0.0091448 0.0359607 0.0101931 0.0000000 0.0000000 0.1277577 0.0000000 0.0000000 0.0000000 0.0081081 0.0000000 0.0000000 0.0057712 0.0103035 0.5159736
180 H 180 0.0121902 0.0000000 0.0063308 0.0151411 0.0000000 0.0551658 0.0874907 0.0000000 0.0101931 0.0000000 0.0000000 0.1777408 0.0000000 0.0000000 0.0000000 0.0000000 0.0200097 0.0000000 0.0000000 0.0000000 0.6157380
