  166         A         R         N         D         C         Q         E         G         H         I         L         K         M         F         P         S         T         W         Y         V    
  1 P   1 0.0000000 0.0000000 0.0000000 0.0000000 0.0000000 0.0000000 0.0000000 0.0000000 0.0000000 0.0000000 0.0000000 0.0000000 0.0000000 0.0000000 1.0000000 0.0000000 0.0000000 0.0000000 0.0000000 0.0000000
  2 K   2 0.0067224 0.3651150 0.0000000 0.0064589 0.0028711 0.0000000 0.0000000 0.0211239 0.0050834 0.0035962 0.0000000 0.5525434 0.0051439 0.0000000 0.0000000 0.0049296 0.0056074 0.0034604 0.0031680 0.0141764
  3 W   3 0.0000000 0.0000000 0.0000000 0.0000000 0.0000000 0.0000000 0.0000000 0.0131072 0.0000000 0.0023142 0.0000000 0.0000000 0.0000000 0.0021957 0.0000000 0.0000000 0.0029835 0.9737927 0.0056066 0.0000000
  4 R   4 0.0314412 0.0951214 0.0887088 0.1192299 0.0000000 0.0441913 0.0739213 0.0533974 0.0277940 0.0031129 0.0098713 0.0827099 0.0042715 0.0021679 0.1434201 0.0911462 0.1018888 0.0000000 0.0195344 0.0080718
  5 K   5 0.0029618 0.0775577 0.0530009 0.0443584 0.0000000 0.0425728 0.0280636 0.0099969 0.1246694 0.0019025 0.0000000 0.4677295 0.0025178 0.0000000 0.0035950 0.0576673 0.0568419 0.0000000 0.0051414 0.0214231
  6 T   6 0.0197963 0.1627408 0.1483225 0.0382201 0.0000000 0.0271838 0.0064747 0.0052911 0.0484732 0.0128646 0.0253675 0.1438692 0.0085007 0.0316743 0.0208793 0.0871067 0.1923562 0.0012712 0.0154452 0.0041626
  7 H   7 0.0188058 0.0176031 0.2461965 0.1386151 0.0039606 0.0385589 0.0486716 0.0000000 0.1191873 0.0253189 0.0206956 0.0317783 0.0042484 0.0058790 0.0273461 0.0462860 0.1590391 0.0000000 0.0108152 0.0369947
  8 L   8 0.0327307 0.0000000 0.0000000 0.0000000 0.0000000 0.0000000 0.0000000 0.0000000 0.0000000 0.2296161 0.6150454 0.0000000 0.0046885 0.0024405 0.0000000 0.0000000 0.0041072 0.0000000 0.0035530 0.1078185
  9 T   9 0.0055116 0.0139462 0.0199071 0.0034991 0.0000000 0.0030727 0.0000000 0.0000000 0.0032361 0.0015789 0.0052764 0.0663817 0.0000000 0.0072140 0.0000000 0.0765942 0.7839127 0.0000000 0.0049172 0.0049522
 10 Y  10 0.0000000 0.0000000 0.0000000 0.0000000 0.0000000 0.0000000 0.0000000 0.0027235 0.0020169 0.0199341 0.0042175 0.0000000 0.0000000 0.0557167 0.0000000 0.0000000 0.0000000 0.1729535 0.7029806 0.0394572
 11 R  11 0.0851772 0.3208761 0.0181972 0.0042839 0.0213528 0.0132031 0.0012769 0.0373462 0.0220364 0.0021383 0.0063346 0.0933211 0.0015981 0.0239404 0.0000000 0.2265559 0.0309787 0.0097582 0.0753104 0.0063144
 12 I  12 0.0038291 0.0014242 0.0000000 0.0000000 0.0011142 0.0000000 0.0000000 0.0000000 0.0000000 0.4529574 0.1385596 0.0000000 0.0079664 0.2674837 0.0000000 0.0083662 0.0018543 0.0000000 0.0085363 0.1079086
 13 V  13 0.0650601 0.0595594 0.0253466 0.0618826 0.0000000 0.0600714 0.0448973 0.0199268 0.0163915 0.0458439 0.1937559 0.0394045 0.0314160 0.0218450 0.0216175 0.1276717 0.0297224 0.0009697 0.0225523 0.1120654
 14 N  14 0.0392696 0.0368397 0.3943814 0.0347223 0.0000000 0.0234590 0.0276531 0.0678876 0.0094713 0.0000000 0.0000000 0.0595167 0.0000000 0.0000000 0.0395182 0.1442070 0.1134941 0.0000000 0.0021294 0.0074506
 15 Y  15 0.0143547 0.0067628 0.0082101 0.0493431 0.0008710 0.0221205 0.0152629 0.0380129 0.0311102 0.0131033 0.0462070 0.0119393 0.0088715 0.1146386 0.0037371 0.0790649 0.0735696 0.0284950 0.4075120 0.0268134
 16 P  16 0.0573152 0.0031290 0.0416110 0.0074591 0.0011058 0.0000000 0.0066958 0.0355503 0.0115925 0.0136116 0.0083167 0.0034833 0.0012867 0.0116757 0.2727060 0.1542027 0.3275414 0.0032458 0.0044741 0.0349972
 17 P  17 0.0279107 0.0549219 0.0369807 0.0437644 0.0028419 0.0553533 0.0419973 0.0337776 0.0104359 0.0037255 0.0156804 0.0309296 0.0082170 0.0104092 0.3159027 0.2024216 0.0720584 0.0149115 0.0038200 0.0139404
 18 D  18 0.0056850 0.0435168 0.0969079 0.3480868 0.0009768 0.0831353 0.0246010 0.0783549 0.0421581 0.0037389 0.0058810 0.0713786 0.0000000 0.0098517 0.0050596 0.0902938 0.0363191 0.0018830 0.0387324 0.0134394
 19 L  19 0.0218356 0.0023949 0.0144754 0.0000000 0.0000000 0.0198540 0.0090092 0.0105270 0.0070857 0.1007234 0.4601830 0.0070451 0.1339690 0.0185545 0.0086158 0.0360628 0.0251246 0.0049080 0.0442563 0.0753757
 20 P  20 0.0518388 0.0200025 0.0684999 0.1085165 0.0000000 0.0019834 0.0239068 0.1213387 0.0058822 0.0212883 0.0210383 0.0230242 0.0044575 0.0198615 0.1811896 0.2286791 0.0816342 0.0000000 0.0051793 0.0116793
 21 K  21 0.0579085 0.1520550 0.0797827 0.0227565 0.0000000 0.0527414 0.0894803 0.0245079 0.0257803 0.0262512 0.0348887 0.0871922 0.0167975 0.0057062 0.1176409 0.0782610 0.0577351 0.0080733 0.0234925 0.0389490
 22 D  22 0.1752340 0.0261044 0.0558417 0.1498145 0.0000000 0.0479412 0.1139092 0.0518340 0.0121310 0.0097550 0.0210375 0.0244190 0.0017546 0.0241006 0.0387642 0.1583591 0.0455498 0.0000000 0.0219154 0.0215347
 23 A  23 0.1238142 0.0306368 0.0325615 0.1606730 0.0000000 0.0762485 0.2058879 0.0045397 0.0104803 0.0196490 0.0275739 0.0297415 0.0061794 0.0027924 0.0105703 0.0483904 0.1172932 0.0000000 0.0210392 0.0719286
 24 V  24 0.0405323 0.0074668 0.0000000 0.0000000 0.0026203 0.1359365 0.0141096 0.0000000 0.0000000 0.1211699 0.0684184 0.0000000 0.0389789 0.0122415 0.0000000 0.0141592 0.1045887 0.0147412 0.0354436 0.3895931
 25 D  25 0.0201192 0.3097244 0.0154060 0.1921266 0.0000000 0.0715323 0.0810244 0.0086599 0.0156308 0.0201013 0.0199339 0.1296456 0.0082771 0.0183175 0.0000000 0.0179973 0.0208768 0.0040129 0.0123363 0.0342775
 26 S  26 0.1349886 0.1353111 0.0712626 0.1374854 0.0000000 0.0807459 0.0860832 0.0285294 0.0092561 0.0075927 0.0086120 0.0739316 0.0036189 0.0109758 0.0066571 0.1138844 0.0637759 0.0011759 0.0216213 0.0044921
 27 A  27 0.4229928 0.0025361 0.0033505 0.0090655 0.0017741 0.0493522 0.0694867 0.0219017 0.0021463 0.0844757 0.0846079 0.0000000 0.0140718 0.0031761 0.0046217 0.0200833 0.0728560 0.0041024 0.0017231 0.1276762
 28 V  28 0.0733119 0.0000000 0.0000000 0.0000000 0.0096210 0.0054947 0.0021641 0.0031204 0.0000000 0.3120851 0.1086822 0.0000000 0.0759019 0.1786945 0.0000000 0.0052083 0.0470509 0.0144684 0.0197298 0.1444667
 29 E  29 0.1721511 0.2309208 0.0267591 0.0122728 0.0000000 0.1148096 0.1200558 0.0109842 0.0371885 0.0025833 0.0306127 0.0907826 0.0000000 0.0026604 0.0000000 0.0488337 0.0362470 0.0028886 0.0394407 0.0208090
 30 K  30 0.0732152 0.2064208 0.0434609 0.0649812 0.0000000 0.0910174 0.0596276 0.0051999 0.0125972 0.0121115 0.0775853 0.2000964 0.0088168 0.0063823 0.0000000 0.0654549 0.0392021 0.0016087 0.0309418 0.0012799
 31 A  31 0.8966985 0.0000000 0.0062731 0.0000000 0.0028376 0.0000000 0.0000000 0.0182535 0.0000000 0.0073937 0.0000000 0.0000000 0.0034185 0.0000000 0.0000000 0.0584602 0.0025286 0.0000000 0.0000000 0.0041364
 32 L  32 0.0164368 0.0029593 0.0000000 0.0000000 0.0000000 0.0013567 0.0000000 0.0000000 0.0000000 0.0585549 0.2665838 0.0000000 0.0413758 0.5686754 0.0000000 0.0012721 0.0096776 0.0034447 0.0047454 0.0249177
 33 K  33 0.1459417 0.0852750 0.0619214 0.0831513 0.0024192 0.2073970 0.0593997 0.0562187 0.0090673 0.0000000 0.0038752 0.1589245 0.0102933 0.0000000 0.0000000 0.0750827 0.0348588 0.0012999 0.0039420 0.0009323
 34 V  34 0.1040008 0.0847213 0.0212809 0.0090331 0.0000000 0.0445772 0.0373497 0.0018220 0.0052538 0.0336184 0.1116011 0.0424458 0.0692768 0.0049946 0.0028358 0.0878506 0.0533010 0.0037502 0.0291082 0.2531787
 35 W  35 0.0000000 0.0021845 0.0000000 0.0000000 0.0029577 0.0000000 0.0000000 0.0000000 0.0000000 0.0095797 0.0046368 0.0000000 0.0000000 0.0081534 0.0000000 0.0000000 0.0000000 0.9611463 0.0113416 0.0000000
 36 E  36 0.1915329 0.0053334 0.0583640 0.0118408 0.0000000 0.0596312 0.1311936 0.0169059 0.0000000 0.0000000 0.0000000 0.0048016 0.0016416 0.0000000 0.0000000 0.4723361 0.0377330 0.0000000 0.0000000 0.0086860
 37 E  37 0.1046912 0.0496472 0.0992803 0.2659246 0.0000000 0.0606681 0.1412571 0.0134855 0.0065440 0.0089473 0.0022384 0.0921185 0.0086839 0.0000000 0.0075151 0.0963186 0.0231660 0.0000000 0.0016976 0.0178166
 38 V  38 0.1138106 0.0058258 0.0226420 0.0052560 0.0035030 0.0167551 0.0263425 0.0110531 0.0177911 0.0293626 0.0234661 0.0050198 0.0000000 0.0055827 0.0097474 0.0054563 0.0663365 0.0000000 0.0563456 0.5757036
 39 T  39 0.1964987 0.0000000 0.0028304 0.0092385 0.0000000 0.0025416 0.0000000 0.0681820 0.0045268 0.0644804 0.0194078 0.0114599 0.0040327 0.0074290 0.0026712 0.2106830 0.3718551 0.0000000 0.0000000 0.0241627
 40 P  40 0.0679314 0.0322543 0.1977544 0.0500168 0.0070717 0.0084376 0.0062455 0.0528507 0.0190552 0.0052100 0.0095327 0.0328789 0.0047485 0.0000000 0.3985390 0.0472513 0.0353301 0.0000000 0.0050097 0.0198821
 41 L  41 0.0040285 0.0029198 0.0039281 0.0000000 0.0000000 0.0000000 0.0000000 0.0000000 0.0000000 0.1075490 0.6376920 0.0000000 0.0074584 0.1095748 0.0074350 0.0059524 0.0000000 0.0036462 0.0018131 0.1080026
 42 T  42 0.0114088 0.0848544 0.1157471 0.0750772 0.0000000 0.0265092 0.0433490 0.0025927 0.0107791 0.0120340 0.0081865 0.0994136 0.0041081 0.0031512 0.0012547 0.0904366 0.3835266 0.0028220 0.0014178 0.0233314
 43 F  43 0.0035486 0.0010681 0.0000000 0.0000000 0.0054164 0.0000000 0.0000000 0.0000000 0.0000000 0.0323063 0.0504761 0.0000000 0.0000000 0.8904713 0.0028032 0.0022567 0.0000000 0.0045066 0.0000000 0.0071467
 44 S  44 0.0210190 0.1186606 0.0205069 0.0059643 0.0029562 0.0751633 0.0661749 0.0075488 0.0331864 0.0385388 0.0269452 0.0618390 0.0060255 0.0059607 0.0000000 0.0672819 0.2866464 0.0123188 0.0082903 0.1349729
 45 R  45 0.0133836 0.1740948 0.0045881 0.0073966 0.0000000 0.0914109 0.5049036 0.0065390 0.0172712 0.0194991 0.0147256 0.0670466 0.0064526 0.0247620 0.0155302 0.0047595 0.0038033 0.0078263 0.0125943 0.0034127
 46 L  46 0.0736094 0.0122187 0.0074818 0.0190041 0.0000000 0.0015328 0.0099686 0.0041603 0.0000000 0.1352928 0.0716718 0.0234743 0.0054818 0.0022437 0.0000000 0.0476095 0.1336050 0.0068153 0.0077532 0.4380769
 47 Y  47 0.0899235 0.0395938 0.0716326 0.0724840 0.0000000 0.0569649 0.0339159 0.0286243 0.0406521 0.0000000 0.0185948 0.0358900 0.0074927 0.0197988 0.1163031 0.1512836 0.1230029 0.0022014 0.0779895 0.0136521
 48 E  48 0.0432071 0.0236203 0.0698341 0.2434277 0.0000000 0.0230444 0.1036091 0.0693971 0.0153091 0.0028124 0.0027313 0.0345793 0.0028559 0.0078737 0.0155713 0.2100419 0.0521050 0.0099658 0.0526091 0.0174053
 49 G  49 0.0559792 0.0294930 0.0650104 0.0697960 0.0026201 0.0715467 0.0682505 0.3138202 0.0156036 0.0082770 0.0089688 0.0585626 0.0020013 0.0020035 0.0468434 0.0910916 0.0652975 0.0021431 0.0114188 0.0112727
 50 E  50 0.0587834 0.0345089 0.1023209 0.1295506 0.0000000 0.0603705 0.1412471 0.0726342 0.0167493 0.0282402 0.0049503 0.0544157 0.0026201 0.0015975 0.1043623 0.0741285 0.0763897 0.0096597 0.0134374 0.0140337
 51 A  51 0.6377570 0.0069193 0.0195418 0.0381827 0.0015529 0.0059842 0.0072755 0.0388820 0.0047416 0.0024872 0.0059280 0.0129164 0.0012260 0.0000000 0.0487306 0.0921863 0.0220105 0.0000000 0.0017627 0.0519153
 52 D  52 0.0440623 0.0092720 0.1263798 0.6704289 0.0000000 0.0089216 0.0133046 0.0207338 0.0297337 0.0044155 0.0093381 0.0148846 0.0140188 0.0000000 0.0103127 0.0078684 0.0137288 0.0000000 0.0000000 0.0025965
 53 I  53 0.0147554 0.0037813 0.0218267 0.0034686 0.0119158 0.0013066 0.0105793 0.0118052 0.0365866 0.7395710 0.0612231 0.0061077 0.0116339 0.0073057 0.0050410 0.0057128 0.0099651 0.0000000 0.0097003 0.0277139
 54 M  54 0.0158502 0.1019077 0.0498606 0.0410646 0.0000000 0.0721898 0.0578550 0.0329705 0.0122943 0.0454181 0.0474750 0.1178371 0.1559167 0.0117458 0.0035245 0.0188336 0.1078585 0.0000000 0.0153897 0.0920084
 55 I  55 0.0372871 0.0172909 0.0161473 0.0025462 0.0012499 0.0018334 0.0023991 0.0238541 0.0086082 0.5307002 0.0844018 0.0090873 0.0130968 0.0663035 0.0033172 0.0125865 0.0101867 0.0000000 0.0099638 0.1491397
 56 S  56 0.0716157 0.0657588 0.0244126 0.0635390 0.0014564 0.0285796 0.0239589 0.1781011 0.0103094 0.0329236 0.0669802 0.0398118 0.0139359 0.0745452 0.0000000 0.2004451 0.0572429 0.0000000 0.0189807 0.0274032
 57 F  57 0.0280413 0.0170817 0.0543068 0.0201394 0.0029459 0.0107075 0.0109784 0.0294011 0.0165947 0.0257733 0.0126815 0.0027404 0.0036686 0.6474212 0.0024199 0.0211573 0.0251781 0.0439259 0.0049919 0.0198451
 58 A  58 0.1795902 0.0396066 0.0679518 0.0280034 0.0025345 0.0194471 0.0442159 0.1840340 0.0401518 0.0076624 0.0181727 0.0072855 0.0170200 0.0459894 0.0030661 0.0542792 0.0241367 0.0053958 0.1065475 0.1049094
 59 V  59 0.0497943 0.2046361 0.0917385 0.0392669 0.0062922 0.0432469 0.0405369 0.0338595 0.0271498 0.0312597 0.0169496 0.0624926 0.0058681 0.0134191 0.0209113 0.1559513 0.0756456 0.0116183 0.0245980 0.0447650
 60 R  60 0.0727949 0.1164041 0.0456998 0.0374891 0.0026542 0.0521131 0.0188701 0.3137249 0.0340578 0.0338389 0.0296466 0.0420578 0.0072293 0.0266336 0.0180664 0.0368741 0.0184021 0.0224898 0.0401910 0.0307624
 61 E  61 0.0599328 0.0279116 0.0830148 0.2743833 0.0000000 0.0219835 0.1128379 0.0461828 0.0292114 0.0100266 0.0404161 0.0195663 0.0165012 0.0575474 0.0135854 0.0718966 0.0384950 0.0138723 0.0326411 0.0299940
 62 H  62 0.0286090 0.0323193 0.0194613 0.0528720 0.0019454 0.0301219 0.0268517 0.0263597 0.5701801 0.0162660 0.0216063 0.0100209 0.0096176 0.0362193 0.0176877 0.0488269 0.0234949 0.0009929 0.0150905 0.0114564
 63 G  63 0.0140100 0.0321061 0.0734505 0.0449341 0.0017487 0.0253072 0.0189863 0.4942969 0.0042677 0.0199490 0.0167226 0.0215606 0.0070446 0.0087328 0.0240593 0.0671538 0.0687339 0.0175750 0.0311179 0.0082430
 64 D  64 0.0144833 0.0389749 0.0227570 0.5548234 0.0795064 0.0148346 0.0142244 0.0589243 0.0049944 0.0091169 0.0155648 0.0142872 0.0027312 0.0254730 0.0293740 0.0258092 0.0265020 0.0096762 0.0058749 0.0320678
 65 F  65 0.0570409 0.0340081 0.0627177 0.0370731 0.0487160 0.0182404 0.0315530 0.3129257 0.0176692 0.0170095 0.0179411 0.0192325 0.0054575 0.0750573 0.0636826 0.1206524 0.0173679 0.0077697 0.0196954 0.0161902
 66 Y  66 0.0476000 0.0478274 0.0926998 0.0441424 0.0084724 0.0277276 0.0681690 0.0412105 0.0293530 0.0152112 0.0367229 0.0153954 0.0057285 0.0467035 0.0335311 0.1256247 0.0158794 0.0239525 0.2539702 0.0200786
 67 P  67 0.1107986 0.0186296 0.0248113 0.0585695 0.0250232 0.0089848 0.0145847 0.0374825 0.0169816 0.0147573 0.0202973 0.0172955 0.0056157 0.0192253 0.4479484 0.0482080 0.0255236 0.0026073 0.0267872 0.0558686
 68 F  68 0.0169949 0.0174563 0.0161786 0.0122428 0.0000000 0.0073741 0.0310942 0.0108180 0.0029088 0.0243652 0.0471941 0.0100090 0.0025598 0.6689767 0.0079740 0.0451193 0.0053379 0.0000000 0.0528337 0.0205626
 69 D  69 0.0738249 0.0234549 0.0105655 0.6697793 0.0060496 0.0115332 0.0075537 0.0491376 0.0014170 0.0029395 0.0037645 0.0029484 0.0020913 0.0227799 0.0054394 0.0315669 0.0378769 0.0027078 0.0185313 0.0160383
 70 G  70 0.0240881 0.0074996 0.0180732 0.0284444 0.0040765 0.0040724 0.0168025 0.7111981 0.0000000 0.0114887 0.0211374 0.0011226 0.0117774 0.0207119 0.0099110 0.0137283 0.0384717 0.0000000 0.0193373 0.0380590
 71 P  71 0.0314442 0.0461849 0.0131982 0.0385786 0.0027776 0.0550602 0.0653266 0.0358500 0.0014808 0.0083151 0.0475127 0.0925757 0.0051304 0.0140264 0.3364785 0.0628151 0.0472893 0.0067218 0.0179216 0.0713122
 72 G  72 0.0513791 0.0130031 0.0709926 0.0732249 0.0000000 0.0129346 0.0190780 0.4962705 0.0093907 0.0061260 0.0663592 0.0114934 0.0129421 0.0057345 0.0338081 0.0494132 0.0384014 0.0014188 0.0167199 0.0113097
 73 N  73 0.0145905 0.0345874 0.0852230 0.0132815 0.0000000 0.0626223 0.0108346 0.5150603 0.0097661 0.0268049 0.0124173 0.0395340 0.0065540 0.0205539 0.0088591 0.0371096 0.0625467 0.0071092 0.0291653 0.0033802
 74 V  74 0.0670137 0.0030525 0.0345549 0.0172807 0.0000000 0.0183240 0.0494993 0.0226613 0.0075273 0.1040316 0.0773141 0.0222751 0.0048635 0.0522847 0.0139902 0.0417960 0.2224725 0.0042530 0.0269699 0.2098357
 75 L  75 0.0500166 0.0150869 0.0034998 0.0051471 0.0078938 0.0235589 0.0062467 0.0167892 0.0016479 0.0391075 0.6219253 0.0022618 0.0059865 0.0408708 0.0120818 0.0209514 0.0369469 0.0030945 0.0265037 0.0603826
 76 A  76 0.7085382 0.0128432 0.0139425 0.0052524 0.0000000 0.0133698 0.0170305 0.0787665 0.0021559 0.0187792 0.0178534 0.0185120 0.0020239 0.0172903 0.0114773 0.0261913 0.0123317 0.0020686 0.0068953 0.0146779
 77 H  77 0.0112152 0.0222803 0.0284558 0.0000000 0.0000000 0.0121030 0.0134884 0.0243798 0.6533171 0.0169863 0.0051202 0.0084363 0.0042762 0.0343881 0.0446047 0.0153257 0.0386234 0.0121827 0.0379092 0.0169076
 78 A  78 0.6944706 0.0122088 0.0281180 0.0110661 0.0040057 0.0099300 0.0100742 0.0564744 0.0000000 0.0027377 0.0045197 0.0065914 0.0021105 0.0151304 0.0203539 0.0412646 0.0539531 0.0000000 0.0122604 0.0147304
 79 Y  79 0.0202231 0.0000000 0.0086170 0.0457540 0.0000000 0.0109026 0.0031999 0.0184977 0.0000000 0.0241818 0.0162311 0.0096299 0.0062437 0.4826274 0.0058372 0.0294584 0.0374614 0.0241201 0.2328189 0.0241960
 80 A  80 0.0871684 0.0274530 0.0063409 0.0257553 0.0027444 0.0261729 0.0087607 0.0329188 0.0102016 0.0274792 0.0767702 0.0112160 0.0093826 0.2544092 0.1308233 0.0965494 0.0312884 0.0016452 0.1204160 0.0125046
 81 P  81 0.0176936 0.0132322 0.0298928 0.0128954 0.0000000 0.0182480 0.0052738 0.0333461 0.0096428 0.0116446 0.0505832 0.0144246 0.0064061 0.0028289 0.6711552 0.0377407 0.0320042 0.0086211 0.0045293 0.0198374
 82 G  82 0.0188410 0.0316686 0.0733638 0.0310812 0.0059555 0.0343671 0.0289464 0.3604633 0.0193311 0.0126552 0.0192060 0.0335757 0.0194863 0.0168101 0.0968848 0.0619559 0.0588223 0.0248095 0.0346251 0.0171512
 83 P  83 0.0304126 0.0383240 0.1266614 0.0886293 0.0000000 0.0445069 0.0704295 0.0214099 0.0167137 0.0108782 0.0124604 0.0401602 0.0010255 0.0193316 0.1856979 0.1412040 0.0773665 0.0011371 0.0646567 0.0089945
 84 G  84 0.0341699 0.0236129 0.0585155 0.0597789 0.0000000 0.0088446 0.0103538 0.4406665 0.0602365 0.0265287 0.0376243 0.0097669 0.0231223 0.0191160 0.0621455 0.0552992 0.0140765 0.0000000 0.0212183 0.0349237
 85 I  85 0.0306456 0.1037170 0.0314181 0.0162628 0.0000000 0.0239117 0.0766023 0.0106443 0.0349531 0.2192841 0.1080074 0.0249420 0.0190704 0.0340396 0.0103081 0.0355749 0.0946348 0.0195661 0.0234335 0.0829843
 86 N  86 0.0862202 0.0455267 0.0293278 0.1037076 0.0083365 0.0457528 0.0329224 0.2874332 0.0450663 0.0216196 0.0373688 0.0322077 0.0091822 0.0236091 0.0242482 0.1117957 0.0203377 0.0041881 0.0162581 0.0148916
 87 G  87 0.0779335 0.0043889 0.0123647 0.0044751 0.0000000 0.0024036 0.0023412 0.7479415 0.0000000 0.0049542 0.0132012 0.0072636 0.0000000 0.0014345 0.0098592 0.0430381 0.0140397 0.0135415 0.0060793 0.0347402
 88 D  88 0.0056592 0.0945909 0.0196703 0.5230313 0.0000000 0.0366622 0.0729725 0.0249484 0.0281407 0.0031924 0.0158301 0.0130561 0.0199791 0.0084077 0.0103388 0.0318450 0.0380647 0.0175427 0.0180217 0.0180464
 89 A  89 0.1932513 0.0050525 0.0153722 0.0043218 0.0038266 0.0049986 0.0021320 0.0029461 0.0000000 0.2513978 0.0891688 0.0038357 0.0107527 0.0336252 0.0000000 0.0268991 0.1114860 0.0147942 0.0207018 0.2054376
 90 H  90 0.0044513 0.0191828 0.0135273 0.0263036 0.0166724 0.0135904 0.0054532 0.0076357 0.6355091 0.0204191 0.0289402 0.0210440 0.0000000 0.0047394 0.0052429 0.0077585 0.0182773 0.0637822 0.0289373 0.0585332
 91 F  91 0.0092676 0.0051455 0.0268499 0.0084243 0.0000000 0.0025932 0.0000000 0.0069471 0.0042711 0.0536174 0.1877489 0.0056305 0.0059838 0.6112645 0.0081500 0.0155236 0.0028779 0.0021396 0.0259296 0.0176356
 92 D  92 0.0077628 0.0041524 0.1892362 0.6627412 0.0000000 0.0028625 0.0007058 0.0301815 0.0107018 0.0048350 0.0166969 0.0052151 0.0000000 0.0148444 0.0000000 0.0130168 0.0164353 0.0000000 0.0164807 0.0041316
 93 D  93 0.1299956 0.0072777 0.0598666 0.2656476 0.0032076 0.0114385 0.1713608 0.0284289 0.0058376 0.0108695 0.0268237 0.0283965 0.0084574 0.0014954 0.0398653 0.0829849 0.0539608 0.0026611 0.0432488 0.0181757
 94 D  94 0.1144060 0.0370650 0.0534376 0.3888630 0.0000000 0.0315000 0.0797744 0.0186370 0.0142844 0.0030247 0.0166610 0.0268986 0.0070819 0.0087950 0.0069526 0.0838814 0.0543480 0.0000000 0.0292839 0.0251055
 95 E  95 0.0259640 0.0031741 0.0173162 0.0104593 0.0039996 0.0231173 0.6248548 0.0208425 0.0092771 0.0118140 0.0237092 0.0398960 0.0017162 0.0260087 0.0023624 0.0327571 0.0300301 0.0124264 0.0670033 0.0132715
 96 Q  96 0.0412539 0.0554323 0.1323421 0.0533341 0.0035032 0.0388051 0.0164105 0.0230285 0.0621953 0.0248474 0.0466509 0.0419560 0.0094904 0.0645287 0.0755364 0.0599314 0.1363190 0.0246389 0.0559311 0.0338648
 97 W  97 0.0301757 0.0222005 0.0408484 0.0187622 0.0037972 0.0203115 0.0247716 0.0280829 0.0000000 0.0178335 0.0197133 0.0045783 0.0027233 0.0946655 0.0151956 0.0154553 0.0299440 0.5670446 0.0299818 0.0139146
 98 T  98 0.0559664 0.0234424 0.0814007 0.0397439 0.0000000 0.0122501 0.0233470 0.0268493 0.0097407 0.0213205 0.0238873 0.0376955 0.0027859 0.0367547 0.0344678 0.1215792 0.3330258 0.0379147 0.0279058 0.0499221
 99 K  99 0.0429789 0.0287398 0.0500387 0.0694241 0.0166257 0.0274308 0.0489450 0.0286154 0.0205534 0.0735739 0.1019348 0.0736533 0.0224946 0.0687377 0.0494153 0.0498818 0.0722627 0.0124980 0.0701200 0.0720762
100 D 100 0.0101361 0.0319833 0.1346633 0.1821989 0.0000000 0.0353494 0.0149511 0.2637646 0.0128294 0.0103092 0.0075485 0.0125230 0.0046074 0.0056782 0.1201645 0.1074105 0.0291836 0.0023828 0.0040266 0.0102898
101 T 101 0.0483064 0.0412128 0.0622999 0.1006037 0.0000000 0.0300572 0.0450362 0.0706683 0.0262308 0.0134643 0.0348839 0.0450520 0.0165284 0.0493541 0.0671347 0.1191485 0.0754729 0.0122625 0.1034326 0.0388508
102 T 102 0.0439239 0.0692296 0.0766178 0.1337338 0.0000000 0.0421981 0.0561505 0.1534875 0.0391699 0.0111469 0.0156787 0.0433292 0.0065409 0.0011870 0.0210886 0.1338787 0.0988883 0.0291416 0.0104497 0.0141594
103 G 103 0.0694816 0.0157111 0.0558036 0.0271129 0.0017759 0.0399817 0.0339011 0.5003276 0.0090435 0.0082579 0.0324311 0.0210615 0.0121354 0.0031588 0.0365384 0.0459030 0.0300555 0.0000000 0.0252198 0.0320996
104 T 104 0.0307563 0.0165822 0.1179207 0.0379885 0.0000000 0.0177023 0.0487558 0.0425939 0.0076603 0.0849835 0.0260612 0.0152703 0.0317668 0.0592190 0.0062422 0.0435852 0.2223367 0.0141123 0.0775297 0.0989331
105 N 105 0.0088839 0.0433939 0.2746433 0.2961225 0.0000000 0.0173967 0.0131702 0.0023190 0.0254612 0.0127327 0.0019634 0.0212831 0.0032867 0.0142514 0.0039077 0.1025099 0.0314261 0.0072189 0.1121854 0.0078441
106 L 106 0.0092731 0.0165703 0.0000000 0.0106014 0.0000000 0.0090701 0.0000000 0.0772536 0.0033378 0.0548254 0.6304418 0.0060754 0.0201224 0.1010549 0.0000000 0.0064197 0.0136053 0.0000000 0.0250176 0.0163312
107 F 107 0.0051670 0.1114789 0.0029665 0.0031881 0.0000000 0.0327104 0.1233985 0.0133288 0.0066336 0.0102966 0.1760600 0.0118599 0.0093956 0.2959827 0.0123398 0.0074382 0.0105043 0.0035929 0.1093356 0.0543226
108 L 108 0.0708939 0.0140042 0.0710522 0.0115640 0.0008896 0.1347571 0.0160229 0.0313657 0.0386679 0.0376817 0.1667088 0.0276109 0.0236537 0.0182340 0.0158858 0.1326335 0.0953069 0.0394619 0.0272840 0.0263211
109 V 109 0.0286583 0.0000000 0.0111518 0.0000000 0.0000000 0.0000000 0.0061452 0.0000000 0.0000000 0.0745082 0.0133496 0.0000000 0.0010335 0.0017220 0.0000000 0.0165927 0.2043160 0.0000000 0.0000000 0.6425227
110 A 110 0.6524451 0.0076700 0.0000000 0.0000000 0.0000000 0.0020241 0.0000000 0.0091320 0.0000000 0.0201147 0.1296372 0.0000000 0.0108675 0.0463210 0.0000000 0.0158505 0.0175883 0.0000000 0.0033196 0.0850300
111 A 111 0.2636919 0.0153223 0.0000000 0.0017218 0.0000000 0.0032747 0.0499145 0.0077403 0.0000000 0.0834683 0.1270808 0.0255339 0.0534119 0.0000000 0.0081937 0.0024235 0.1471253 0.0053185 0.0000000 0.2057787
112 H 112 0.0016135 0.0000000 0.0000000 0.0000000 0.0000000 0.0053167 0.0000000 0.0111588 0.9305739 0.0000000 0.0000000 0.0000000 0.0000000 0.0055047 0.0127022 0.0053219 0.0179140 0.0000000 0.0019795 0.0079148
113 E 113 0.0132452 0.0080834 0.0015387 0.0014003 0.0000000 0.0297080 0.9077376 0.0108266 0.0047261 0.0000000 0.0008689 0.0112980 0.0014802 0.0000000 0.0000000 0.0009372 0.0000000 0.0000000 0.0063607 0.0017891
114 I 114 0.0069998 0.0000000 0.0000000 0.0000000 0.0000000 0.0053219 0.0037287 0.0018490 0.0000000 0.4358213 0.2251709 0.0000000 0.0280837 0.2243091 0.0000000 0.0024446 0.0065225 0.0000000 0.0122342 0.0475143
115 G 115 0.0000000 0.0000000 0.0000000 0.0000000 0.0170610 0.0068606 0.0000000 0.9634641 0.0000000 0.0000000 0.0000000 0.0000000 0.0033893 0.0000000 0.0000000 0.0000000 0.0068000 0.0000000 0.0024250 0.0000000
116 H 116 0.0039321 0.0000000 0.0249063 0.0000000 0.0000000 0.0055103 0.0068069 0.0000000 0.9535170 0.0000000 0.0000000 0.0000000 0.0000000 0.0000000 0.0000000 0.0000000 0.0000000 0.0000000 0.0000000 0.0053273
117 S 117 0.4341204 0.0000000 0.0022780 0.0000000 0.0041474 0.0000000 0.0068069 0.0000000 0.0000000 0.0284775 0.0985377 0.0000000 0.0025852 0.0184046 0.0000000 0.2347770 0.0991144 0.0000000 0.0049118 0.0658391
118 L 118 0.0000000 0.0000000 0.0046358 0.0140936 0.0000000 0.0000000 0.0032282 0.0009646 0.0000000 0.0981394 0.8196484 0.0020779 0.0225681 0.0063201 0.0254483 0.0000000 0.0000000 0.0000000 0.0000000 0.0028755
119 G 119 0.0000000 0.0000000 0.0000000 0.0000000 0.0000000 0.0000000 0.0020664 0.9800683 0.0000000 0.0000000 0.0000000 0.0000000 0.0000000 0.0050766 0.0000000 0.0059219 0.0068668 0.0000000 0.0000000 0.0000000
120 L 120 0.0155835 0.0000000 0.0000000 0.0000000 0.0000000 0.0027426 0.0080802 0.0000000 0.0000000 0.0212886 0.8933993 0.0068771 0.0176628 0.0249898 0.0000000 0.0000000 0.0053822 0.0000000 0.0000000 0.0039940
121 F 121 0.0873591 0.0290491 0.0163115 0.1276898 0.0000000 0.0345947 0.1168832 0.1914862 0.0124538 0.0000000 0.0151051 0.0607683 0.0174454 0.0377746 0.0367482 0.1451005 0.0273117 0.0093236 0.0274138 0.0071814
122 H 122 0.0000000 0.0000000 0.0000000 0.0117879 0.0249975 0.0000000 0.0038012 0.0032157 0.9325720 0.0000000 0.0000000 0.0000000 0.0000000 0.0000000 0.0000000 0.0059384 0.0109635 0.0000000 0.0027461 0.0039778
123 S 123 0.0058905 0.0078009 0.0399263 0.0170580 0.0000000 0.0000000 0.0213015 0.0074957 0.0238981 0.0226281 0.0032955 0.0000000 0.0017715 0.0014238 0.1023279 0.6616290 0.0599738 0.0000000 0.0048858 0.0186936
124 A 124 0.0582295 0.0468621 0.1233086 0.0817189 0.0024177 0.0353232 0.0217081 0.0931521 0.0570663 0.0000000 0.0192592 0.0157810 0.0087290 0.0111558 0.0454986 0.2752018 0.0838806 0.0053881 0.0120077 0.0033117
125 N 125 0.0648660 0.0339131 0.0911034 0.3320222 0.0028285 0.0188464 0.0621202 0.0030958 0.0113628 0.0247221 0.0083878 0.0316895 0.0014502 0.0135542 0.0063129 0.0708162 0.0162702 0.0023952 0.0186739 0.1855695
126 T 126 0.0322969 0.1059725 0.0195957 0.0173719 0.0000000 0.0677284 0.1081919 0.0228844 0.0214568 0.0232721 0.0108533 0.0869046 0.0044822 0.0050371 0.2443974 0.0715558 0.0475695 0.0011721 0.0856101 0.0236472
127 E 127 0.0505199 0.0361530 0.1652850 0.1385527 0.0000000 0.0279313 0.1115748 0.1775050 0.0190316 0.0067673 0.0098176 0.0576853 0.0017952 0.0022695 0.0085947 0.1020226 0.0467101 0.0000000 0.0201539 0.0176306
128 A 128 0.4985285 0.0006785 0.0070718 0.0253486 0.0000000 0.0025861 0.0025423 0.0020405 0.0031433 0.0000000 0.0000000 0.0083961 0.0000000 0.0054954 0.0057247 0.4062903 0.0321537 0.0000000 0.0000000 0.0000000
129 L 129 0.0086449 0.0000000 0.0090505 0.0121730 0.0059968 0.0000000 0.0021275 0.0399352 0.0000000 0.3152969 0.2620202 0.0000000 0.0046822 0.0038709 0.0000000 0.0117126 0.0370868 0.0000000 0.0000000 0.2874025
130 M 130 0.0000000 0.0000000 0.0060209 0.0102434 0.0000000 0.0090457 0.0247098 0.0089745 0.0010712 0.0025915 0.0114366 0.0010368 0.9047156 0.0000000 0.0000000 0.0083073 0.0041723 0.0000000 0.0036511 0.0040232
131 Y 131 0.1205586 0.0391182 0.0664644 0.0072899 0.0027265 0.0575145 0.0054894 0.0074942 0.0587424 0.0011082 0.0054940 0.0041739 0.0000000 0.1385006 0.0048266 0.0812892 0.0160886 0.0130383 0.3649597 0.0051229
132 P 132 0.0832720 0.0085102 0.0000000 0.0000000 0.0000000 0.0026232 0.0034575 0.0222834 0.0065173 0.0000000 0.0000000 0.0055918 0.0000000 0.0073778 0.7645617 0.0245201 0.0114202 0.0029134 0.0569514 0.0000000
133 L 133 0.0393924 0.0035827 0.0997143 0.0086695 0.0041384 0.0058854 0.0112953 0.0204461 0.0120281 0.0554509 0.0181548 0.0086376 0.0232593 0.1510086 0.0173287 0.1011077 0.1530100 0.0437285 0.1685510 0.0546106
134 Y 134 0.0246974 0.0000000 0.0139350 0.0311150 0.0000000 0.0080451 0.0018162 0.0340064 0.0073316 0.0688679 0.0252366 0.0048821 0.0165757 0.0317274 0.0013816 0.0091440 0.0048633 0.0046673 0.6957967 0.0159108
135 H 135 0.0601227 0.1132903 0.0501097 0.0169219 0.0135318 0.1485187 0.0442996 0.0281263 0.0254588 0.0232162 0.0321963 0.1014721 0.0046856 0.0058555 0.0222532 0.1661936 0.1123380 0.0012849 0.0000000 0.0301247
136 S 136 0.0129080 0.0186353 0.0675611 0.0304532 0.0041150 0.0155719 0.0063905 0.2459525 0.0093387 0.0013303 0.0196814 0.0245808 0.0037885 0.0709151 0.0837050 0.0806179 0.0131165 0.0344423 0.2510995 0.0057963
137 L 137 0.1055851 0.1132077 0.0296098 0.0145385 0.0033902 0.0273446 0.0255322 0.0506138 0.0029725 0.0520667 0.0679712 0.0058708 0.0552416 0.0350244 0.0169125 0.0387921 0.0363637 0.0159597 0.1734061 0.1295970
138 T 138 0.0300324 0.0426254 0.0265234 0.0739764 0.0020083 0.0799910 0.1447060 0.0953794 0.0202620 0.0175910 0.0325277 0.0540661 0.0080324 0.0201546 0.0553446 0.1048460 0.1530658 0.0017224 0.0153631 0.0217820
139 D 139 0.0168469 0.0191968 0.1034472 0.3598174 0.0000000 0.0967390 0.0562599 0.0980988 0.0153708 0.0167659 0.0290559 0.0257486 0.0000000 0.0104183 0.0386980 0.0312243 0.0539698 0.0000000 0.0198161 0.0085264
140 L 140 0.0266900 0.0277252 0.0686084 0.0268422 0.0034210 0.0368512 0.0488477 0.0769569 0.0080124 0.0523518 0.0452913 0.0453239 0.0049443 0.0137630 0.1894002 0.0938155 0.1751157 0.0071660 0.0123397 0.0365337
141 T 141 0.0454108 0.1712800 0.0677321 0.0397960 0.0049473 0.0218601 0.0397947 0.1016350 0.0229607 0.0034143 0.0281200 0.0746641 0.0000000 0.0069804 0.1167441 0.1228624 0.0507382 0.0012708 0.0555732 0.0242157
142 R 142 0.0526023 0.0547116 0.1425701 0.0713625 0.0000000 0.0641774 0.0362772 0.0643618 0.0313273 0.0106206 0.0285149 0.1830180 0.0115734 0.0154018 0.0806436 0.0245071 0.0905277 0.0066828 0.0020214 0.0290986
143 F 143 0.0319269 0.0734259 0.0052405 0.0111064 0.0000000 0.0124829 0.0091911 0.0071855 0.0026906 0.0349990 0.0789731 0.0311323 0.0138973 0.3334229 0.0262975 0.0137945 0.0295787 0.0134146 0.1724767 0.0987636
144 R 144 0.0153241 0.0951550 0.0162302 0.0604797 0.0024121 0.1162452 0.1074100 0.0322347 0.0216720 0.0028833 0.0277572 0.1362017 0.0108683 0.0086744 0.0204770 0.1236803 0.1426043 0.0000000 0.0000000 0.0596906
145 L 145 0.0000000 0.0000000 0.0000000 0.0000000 0.0000000 0.0000000 0.0000000 0.0000000 0.0000000 0.1244401 0.7465875 0.0000000 0.0071695 0.0197080 0.0615555 0.0000000 0.0000000 0.0000000 0.0037011 0.0368383
146 S 146 0.0312141 0.0092613 0.0304270 0.0800700 0.0000000 0.0860758 0.0141557 0.0418750 0.1172646 0.0068910 0.0139264 0.0139689 0.1035604 0.0000000 0.1432370 0.2100345 0.0944389 0.0000000 0.0024924 0.0011069
147 Q 147 0.0738007 0.0347851 0.0287892 0.0692161 0.0000000 0.1935712 0.0879771 0.0129010 0.0090560 0.0262968 0.0364249 0.0411554 0.0158049 0.0024979 0.1113256 0.1194115 0.0331404 0.0343119 0.0364385 0.0330958
148 D 148 0.0277372 0.0101284 0.0256850 0.6691207 0.0062944 0.0075931 0.0471501 0.0151454 0.0016904 0.0127985 0.0069249 0.0085369 0.0143382 0.0056306 0.0000000 0.0643512 0.0193972 0.0000000 0.0494320 0.0080459
149 D 149 0.0000000 0.0000000 0.0000000 0.9821238 0.0000000 0.0000000 0.0136984 0.0000000 0.0000000 0.0000000 0.0000000 0.0000000 0.0000000 0.0000000 0.0000000 0.0041778 0.0000000 0.0000000 0.0000000 0.0000000
150 I 150 0.0088273 0.1008601 0.0128559 0.0041325 0.0014411 0.0039214 0.0061265 0.0000000 0.0008605 0.4854821 0.0524242 0.0700942 0.0194153 0.0044126 0.0000000 0.0047753 0.0147420 0.0000000 0.0000000 0.2096292
151 N 151 0.1866886 0.0971890 0.1037343 0.0980696 0.0083658 0.0967293 0.0716845 0.0010547 0.0216697 0.0068884 0.0725710 0.0654136 0.0145226 0.0000000 0.0000000 0.0623057 0.0216933 0.0264115 0.0169641 0.0280445
152 G 152 0.3350891 0.0515089 0.0326304 0.0029595 0.0000000 0.0055051 0.0030283 0.5281979 0.0069685 0.0000000 0.0033946 0.0030388 0.0000000 0.0000000 0.0000000 0.0060978 0.0058345 0.0082948 0.0000000 0.0074519
153 I 153 0.0415131 0.0000000 0.0000000 0.0000000 0.0000000 0.0000000 0.0000000 0.0000000 0.0000000 0.6658786 0.0883394 0.0000000 0.0373289 0.0030678 0.0000000 0.0059010 0.0000000 0.0000000 0.0018356 0.1561355
154 Q 154 0.0051023 0.1119820 0.0113511 0.0063905 0.0113121 0.6870216 0.0198385 0.0024335 0.0320179 0.0050548 0.0093056 0.0484839 0.0000000 0.0000000 0.0000000 0.0062801 0.0136203 0.0178604 0.0071468 0.0047986
155 S 155 0.2319228 0.0627181 0.0199636 0.0183695 0.0000000 0.1302419 0.0510102 0.0101908 0.0388277 0.0027674 0.0207091 0.0968501 0.0118880 0.0214636 0.0000000 0.1320604 0.0214177 0.0126400 0.1076171 0.0093419
156 L 156 0.0075601 0.0028583 0.0085787 0.0000000 0.0000000 0.0030273 0.0000000 0.0000000 0.0039981 0.1397270 0.7571759 0.0077747 0.0301314 0.0000000 0.0000000 0.0000000 0.0000000 0.0000000 0.0134167 0.0257517
157 Y 157 0.0000000 0.0000000 0.0000000 0.0000000 0.0000000 0.0000000 0.0000000 0.0000000 0.0054286 0.0000000 0.0000000 0.0000000 0.0000000 0.0054891 0.0000000 0.0000000 0.0000000 0.0000000 0.9890822 0.0000000
158 G 158 0.0134853 0.0000000 0.0000000 0.0022885 0.0000000 0.0098914 0.0039430 0.9125991 0.0032185 0.0049170 0.0000000 0.0000000 0.0000000 0.0040907 0.0183234 0.0084698 0.0069370 0.0000000 0.0000000 0.0118363
159 P 159 0.2613254 0.0378753 0.0040233 0.0099692 0.0058956 0.0234796 0.0323682 0.0372272 0.0105154 0.0168155 0.0064515 0.1134850 0.0067247 0.0042774 0.1518493 0.1443502 0.0547033 0.0000000 0.0046793 0.0739846
160 P 160 0.0281477 0.1405920 0.3101163 0.0046696 0.0386812 0.0106448 0.0019452 0.0235578 0.0021762 0.0000000 0.0080857 0.1431654 0.0000000 0.0024252 0.1941475 0.0734141 0.0099324 0.0000000 0.0000000 0.0082989
161 P 161 0.0099624 0.0253667 0.0729611 0.0827772 0.0000000 0.0112274 0.0899501 0.0021069 0.0040181 0.0019207 0.0125674 0.0752468 0.0627902 0.0220734 0.2582156 0.0856248 0.1704660 0.0014757 0.0029814 0.0082680
162 D 162 0.0317702 0.0462514 0.1839681 0.0573199 0.0000000 0.0490328 0.0387111 0.1268939 0.0116350 0.0160690 0.0144076 0.1218460 0.0025226 0.0000000 0.0191685 0.1444166 0.1016577 0.0000000 0.0050140 0.0293156
163 S 163 0.1026913 0.0650679 0.0130423 0.0227213 0.0000000 0.0585848 0.0057295 0.0278504 0.0183003 0.0199521 0.0069222 0.0286933 0.0076010 0.0075057 0.1593525 0.1778485 0.2297607 0.0000000 0.0000000 0.0483763
164 P 164 0.0266544 0.1517705 0.0230448 0.0128272 0.0000000 0.0097698 0.0020729 0.0073482 0.0000000 0.0089017 0.0000000 0.0135013 0.0000000 0.0772492 0.5086601 0.0529075 0.1052922 0.0000000 0.0000000 0.0000000
165 E 165 0.0466587 0.0366789 0.0245052 0.1830027 0.0000000 0.0381927 0.0665360 0.0105183 0.0211176 0.0000000 0.0080836 0.0543713 0.0000000 0.0056317 0.0689407 0.0650128 0.3608249 0.0000000 0.0056197 0.0043052
166 T 166 0.0000000 0.0000000 0.0000000 0.0000000 0.0195535 0.0000000 0.0000000 0.0000000 0.0000000 0.0000000 0.0000000 0.0000000 0.0000000 0.0000000 0.0000000 0.1251128 0.7659374 0.0000000 0.0000000 0.0893964
