  166         A         R         N         D         C         Q         E         G         H         I         L         K         M         F         P         S         T         W         Y         V         X    
  1 P   1 0.0000000 0.0000000 0.0000000 0.0000000 0.0000000 0.0000000 0.0000000 0.0000000 0.0000000 0.0000000 0.0000000 0.0000000 0.0000000 0.0000000 0.2152635 0.0000000 0.0000000 0.0000000 0.0000000 0.0000000 0.7847365
  2 K   2 0.0050958 0.2239728 0.0000000 0.0038521 0.0013880 0.0000000 0.0000000 0.0125678 0.0030876 0.0022067 0.0000000 0.3484968 0.0034237 0.0000000 0.0000000 0.0029545 0.0033458 0.0021165 0.0019292 0.0084474 0.3771155
  3 W   3 0.0000000 0.0000000 0.0000000 0.0000000 0.0000000 0.0000000 0.0000000 0.0098190 0.0000000 0.0016359 0.0000000 0.0000000 0.0000000 0.0015959 0.0000000 0.0000000 0.0021306 0.7447543 0.0040845 0.0000000 0.2359799
  4 R   4 0.0241864 0.0739632 0.0692405 0.0983915 0.0000000 0.0358873 0.0589103 0.0410837 0.0234122 0.0024291 0.0079037 0.0632756 0.0033046 0.0016630 0.1108909 0.0725329 0.0796870 0.0000000 0.0163836 0.0061460 0.2107083
  5 K   5 0.0023588 0.0616331 0.0426623 0.0355242 0.0000000 0.0337057 0.0217366 0.0076700 0.1068325 0.0015291 0.0000000 0.3786606 0.0020643 0.0000000 0.0028485 0.0465054 0.0460630 0.0000000 0.0041008 0.0171037 0.1890013
  6 T   6 0.0161793 0.1318608 0.1259173 0.0306713 0.0000000 0.0229280 0.0051403 0.0044782 0.0413871 0.0106118 0.0201543 0.1198092 0.0070083 0.0267332 0.0167409 0.0703260 0.1567254 0.0010218 0.0123317 0.0033986 0.1765766
  7 H   7 0.0167070 0.0145582 0.2073270 0.1192326 0.0032800 0.0341903 0.0412822 0.0000000 0.1038888 0.0212685 0.0179874 0.0265179 0.0035732 0.0055199 0.0234044 0.0389131 0.1329443 0.0000000 0.0090937 0.0317510 0.1485604
  8 L   8 0.0284530 0.0000000 0.0000000 0.0000000 0.0000000 0.0000000 0.0000000 0.0000000 0.0000000 0.2050460 0.5385705 0.0000000 0.0037613 0.0021404 0.0000000 0.0000000 0.0035364 0.0000000 0.0030291 0.0955008 0.1199624
  9 T   9 0.0047606 0.0122211 0.0169834 0.0030096 0.0000000 0.0026933 0.0000000 0.0000000 0.0023803 0.0013668 0.0040061 0.0571050 0.0000000 0.0062533 0.0000000 0.0680270 0.6951405 0.0000000 0.0042175 0.0042593 0.1175760
 10 Y  10 0.0000000 0.0000000 0.0000000 0.0000000 0.0000000 0.0000000 0.0000000 0.0022993 0.0013880 0.0170187 0.0035880 0.0000000 0.0000000 0.0490056 0.0000000 0.0000000 0.0000000 0.1510085 0.6253562 0.0350799 0.1152558
 11 R  11 0.0746544 0.2919880 0.0155364 0.0038556 0.0193585 0.0115355 0.0011223 0.0330981 0.0191299 0.0019741 0.0053420 0.0827247 0.0013964 0.0202643 0.0000000 0.1999126 0.0275222 0.0107511 0.0671161 0.0056688 0.1070490
 12 I  12 0.0033317 0.0018624 0.0000000 0.0000000 0.0015056 0.0000000 0.0000000 0.0000000 0.0000000 0.4104639 0.1230089 0.0000000 0.0074818 0.2367583 0.0000000 0.0072863 0.0018269 0.0000000 0.0070746 0.0955120 0.1038875
 13 V  13 0.0552544 0.0504609 0.0214409 0.0516946 0.0000000 0.0536291 0.0395823 0.0167875 0.0147049 0.0413849 0.1706125 0.0351150 0.0267616 0.0188510 0.0182634 0.1084477 0.0253651 0.0008278 0.0190573 0.0965712 0.1351878
 14 N  14 0.0312035 0.0297110 0.3219593 0.0267455 0.0000000 0.0188711 0.0217878 0.0580916 0.0071460 0.0000000 0.0000000 0.0475948 0.0000000 0.0000000 0.0308128 0.1163891 0.0907787 0.0000000 0.0016768 0.0059773 0.1912547
 15 Y  15 0.0115970 0.0054033 0.0065222 0.0392216 0.0006788 0.0176704 0.0121655 0.0298907 0.0253127 0.0104221 0.0363324 0.0095077 0.0069668 0.0918889 0.0029705 0.0633023 0.0584025 0.0239486 0.3362169 0.0217442 0.1898349
 16 P  16 0.0483722 0.0026108 0.0350502 0.0062255 0.0009409 0.0000000 0.0056060 0.0296624 0.0095225 0.0114311 0.0069889 0.0029387 0.0010557 0.0098695 0.2328197 0.1355028 0.2802254 0.0026829 0.0037373 0.0302479 0.1445094
 17 P  17 0.0238714 0.0484491 0.0321361 0.0370139 0.0024126 0.0476509 0.0391230 0.0291907 0.0090222 0.0032612 0.0133816 0.0264927 0.0068181 0.0089193 0.2749166 0.1736631 0.0618670 0.0133166 0.0032586 0.0124668 0.1327686
 18 D  18 0.0049846 0.0383639 0.0844434 0.3082424 0.0008271 0.0725098 0.0212855 0.0673669 0.0367461 0.0031305 0.0051021 0.0638003 0.0000000 0.0080865 0.0044172 0.0774493 0.0322071 0.0016255 0.0330745 0.0115730 0.1247643
 19 L  19 0.0185671 0.0020294 0.0129052 0.0000000 0.0000000 0.0173322 0.0078399 0.0088718 0.0057433 0.0869563 0.4097574 0.0060250 0.1157879 0.0160241 0.0076768 0.0311376 0.0216101 0.0042546 0.0385692 0.0673238 0.1215885
 20 P  20 0.0457822 0.0174086 0.0606714 0.1023480 0.0000000 0.0017593 0.0212773 0.1078626 0.0045658 0.0188397 0.0186517 0.0201392 0.0039403 0.0172344 0.1637578 0.2018127 0.0709576 0.0000000 0.0046527 0.0102231 0.1081156
 21 K  21 0.0526612 0.1364308 0.0704888 0.0205376 0.0000000 0.0465728 0.0810010 0.0216469 0.0229709 0.0233847 0.0303302 0.0772149 0.0147498 0.0050676 0.1055145 0.0704261 0.0516317 0.0071651 0.0205993 0.0343332 0.1072727
 22 D  22 0.1574243 0.0243901 0.0501759 0.1355460 0.0000000 0.0413759 0.1066685 0.0460247 0.0116146 0.0091493 0.0195749 0.0216117 0.0015523 0.0218250 0.0358232 0.1424110 0.0414545 0.0000000 0.0199757 0.0195517 0.0938506
 23 A  23 0.1146337 0.0273184 0.0296905 0.1462651 0.0000000 0.0701050 0.1882463 0.0044073 0.0095690 0.0183034 0.0257053 0.0279573 0.0046912 0.0025531 0.0092148 0.0432116 0.1117064 0.0000000 0.0194202 0.0691122 0.0778891
 24 V  24 0.0371044 0.0066414 0.0000000 0.0000000 0.0023472 0.1239910 0.0127789 0.0000000 0.0000000 0.1138669 0.0613857 0.0000000 0.0355320 0.0110613 0.0000000 0.0128290 0.0963176 0.0130749 0.0323977 0.3575663 0.0831056
 25 D  25 0.0173892 0.2843270 0.0142457 0.1835897 0.0000000 0.0648668 0.0743682 0.0083828 0.0146831 0.0182056 0.0182627 0.1181863 0.0074906 0.0172467 0.0000000 0.0161327 0.0193177 0.0035961 0.0112894 0.0311346 0.0772852
 26 S  26 0.1240686 0.1244896 0.0646832 0.1329694 0.0000000 0.0733246 0.0783524 0.0262327 0.0083739 0.0065171 0.0084749 0.0677389 0.0032436 0.0099425 0.0060158 0.1023625 0.0574111 0.0010610 0.0194823 0.0046501 0.0806060
 27 A  27 0.3955046 0.0023747 0.0029897 0.0081422 0.0015550 0.0451228 0.0638941 0.0195787 0.0019270 0.0759663 0.0771860 0.0000000 0.0134359 0.0029003 0.0040810 0.0179444 0.0665894 0.0033501 0.0015712 0.1168093 0.0790770
 28 V  28 0.0679816 0.0000000 0.0000000 0.0000000 0.0088781 0.0050590 0.0019975 0.0028485 0.0000000 0.2875119 0.1010493 0.0000000 0.0701449 0.1738381 0.0000000 0.0046966 0.0433231 0.0133264 0.0183031 0.1354887 0.0655531
 29 E  29 0.1672127 0.2196891 0.0248038 0.0123118 0.0000000 0.1086795 0.1107934 0.0101773 0.0330272 0.0023984 0.0284632 0.0837207 0.0000000 0.0027800 0.0000000 0.0464922 0.0330130 0.0025734 0.0362000 0.0198892 0.0577751
 30 K  30 0.0685555 0.2014839 0.0397165 0.0599134 0.0000000 0.0855011 0.0562154 0.0048193 0.0114440 0.0112673 0.0723780 0.1861612 0.0082631 0.0059240 0.0000000 0.0612825 0.0367125 0.0014753 0.0283759 0.0012432 0.0592679
 31 A  31 0.8474928 0.0000000 0.0057062 0.0000000 0.0026108 0.0000000 0.0000000 0.0164522 0.0000000 0.0068449 0.0000000 0.0000000 0.0031286 0.0000000 0.0000000 0.0544944 0.0023161 0.0000000 0.0000000 0.0038627 0.0570913
 32 L  32 0.0151324 0.0026717 0.0000000 0.0000000 0.0000000 0.0012444 0.0000000 0.0000000 0.0000000 0.0545028 0.2504540 0.0000000 0.0382566 0.5397152 0.0000000 0.0011751 0.0090407 0.0031489 0.0044463 0.0231206 0.0570913
 33 K  33 0.1379226 0.0809236 0.0581683 0.0792706 0.0021306 0.1977644 0.0542923 0.0509070 0.0084060 0.0000000 0.0036002 0.1513566 0.0100873 0.0000000 0.0000000 0.0697258 0.0321462 0.0012418 0.0041059 0.0008594 0.0570913
 34 V  34 0.0964914 0.0791810 0.0197289 0.0092124 0.0000000 0.0418067 0.0350674 0.0017048 0.0049205 0.0311445 0.1061306 0.0390913 0.0655626 0.0037246 0.0026108 0.0826560 0.0486837 0.0034796 0.0269899 0.2454157 0.0563978
 35 W  35 0.0000000 0.0019474 0.0000000 0.0000000 0.0026717 0.0000000 0.0000000 0.0000000 0.0000000 0.0086592 0.0042383 0.0000000 0.0000000 0.0075389 0.0000000 0.0000000 0.0000000 0.9080679 0.0103986 0.0000000 0.0564780
 36 E  36 0.1792302 0.0051310 0.0543146 0.0117034 0.0000000 0.0570633 0.1230808 0.0159851 0.0000000 0.0000000 0.0000000 0.0045422 0.0015059 0.0000000 0.0000000 0.4486610 0.0329553 0.0000000 0.0000000 0.0079179 0.0579093
 37 E  37 0.0984551 0.0463839 0.0964053 0.2553420 0.0000000 0.0572255 0.1316063 0.0118876 0.0060747 0.0082979 0.0021071 0.0867293 0.0084654 0.0000000 0.0068059 0.0905233 0.0212295 0.0000000 0.0015754 0.0157871 0.0550985
 38 V  38 0.1044833 0.0052767 0.0215427 0.0048194 0.0032457 0.0154101 0.0253789 0.0105425 0.0173630 0.0269835 0.0215568 0.0046102 0.0000000 0.0051603 0.0089286 0.0051224 0.0616149 0.0000000 0.0520279 0.5482886 0.0576445
 39 T  39 0.1853836 0.0000000 0.0026331 0.0083516 0.0000000 0.0023751 0.0000000 0.0640747 0.0040845 0.0604028 0.0176346 0.0108176 0.0037841 0.0067393 0.0024838 0.1981780 0.3580687 0.0000000 0.0000000 0.0226135 0.0523750
 40 P  40 0.0641362 0.0300770 0.1853040 0.0465206 0.0065094 0.0080234 0.0060601 0.0493694 0.0176703 0.0047975 0.0090582 0.0319158 0.0044802 0.0000000 0.3822111 0.0444023 0.0328811 0.0000000 0.0046283 0.0185644 0.0533909
 41 L  41 0.0037223 0.0026829 0.0035880 0.0000000 0.0000000 0.0000000 0.0000000 0.0000000 0.0000000 0.1014831 0.6113587 0.0000000 0.0070096 0.1031199 0.0072008 0.0053420 0.0000000 0.0034183 0.0017021 0.1009798 0.0483924
 42 T  42 0.0106919 0.0832619 0.1077812 0.0696087 0.0000000 0.0249596 0.0421739 0.0025318 0.0106634 0.0111633 0.0077325 0.0931170 0.0042793 0.0029155 0.0011985 0.0844464 0.3645743 0.0028118 0.0013181 0.0219344 0.0528364
 43 F  43 0.0032800 0.0011002 0.0000000 0.0000000 0.0052843 0.0000000 0.0000000 0.0000000 0.0000000 0.0297425 0.0470616 0.0000000 0.0000000 0.8506753 0.0030650 0.0015095 0.0000000 0.0040845 0.0000000 0.0065553 0.0476419
 44 S  44 0.0190541 0.1127338 0.0205976 0.0055193 0.0027361 0.0710402 0.0631445 0.0070224 0.0309441 0.0366537 0.0249403 0.0569696 0.0055948 0.0056901 0.0000000 0.0635365 0.2729665 0.0126354 0.0076865 0.1260040 0.0545305
 45 R  45 0.0128558 0.1698694 0.0047032 0.0069885 0.0000000 0.0856860 0.4764202 0.0062308 0.0163297 0.0186892 0.0135761 0.0625671 0.0060610 0.0222804 0.0145160 0.0044402 0.0034998 0.0072163 0.0119498 0.0032331 0.0528875
 46 L  46 0.0696024 0.0114784 0.0067756 0.0175644 0.0000000 0.0013938 0.0090202 0.0040524 0.0000000 0.1303146 0.0682661 0.0219651 0.0050630 0.0021765 0.0000000 0.0445250 0.1245627 0.0064838 0.0071610 0.4142498 0.0553455
 47 Y  47 0.0833308 0.0366492 0.0670876 0.0685457 0.0000000 0.0531989 0.0319846 0.0269108 0.0400750 0.0000000 0.0170447 0.0340670 0.0078685 0.0193761 0.1116630 0.1408124 0.1145959 0.0020049 0.0763068 0.0129838 0.0554945
 48 E  48 0.0400814 0.0221340 0.0652653 0.2332725 0.0000000 0.0203524 0.0981048 0.0653050 0.0143730 0.0027058 0.0025241 0.0315975 0.0026242 0.0075362 0.0148342 0.1997609 0.0497776 0.0097898 0.0509675 0.0159828 0.0530109
 49 G  49 0.0524411 0.0288115 0.0603752 0.0656608 0.0024126 0.0670436 0.0629093 0.2979931 0.0144153 0.0076599 0.0089310 0.0557225 0.0018514 0.0018361 0.0442648 0.0850960 0.0606475 0.0019958 0.0106672 0.0105294 0.0587361
 50 E  50 0.0543263 0.0327495 0.0950195 0.1222154 0.0000000 0.0574931 0.1378338 0.0678281 0.0141918 0.0259847 0.0045620 0.0517143 0.0030228 0.0014702 0.0981399 0.0698806 0.0734712 0.0089870 0.0124202 0.0128516 0.0558381
 51 A  51 0.5932766 0.0062645 0.0174760 0.0344113 0.0014928 0.0055305 0.0065933 0.0351330 0.0045149 0.0022592 0.0054164 0.0116740 0.0011214 0.0000000 0.0445633 0.0840053 0.0197282 0.0000000 0.0016004 0.0488561 0.0760827
 52 D  52 0.0409844 0.0084016 0.1148226 0.6251765 0.0000000 0.0081723 0.0121019 0.0191376 0.0273754 0.0039739 0.0080655 0.0136107 0.0127979 0.0000000 0.0092638 0.0069305 0.0122683 0.0000000 0.0000000 0.0023985 0.0745187
 53 I  53 0.0136151 0.0034240 0.0199367 0.0031662 0.0108673 0.0011921 0.0091438 0.0109160 0.0341696 0.6895950 0.0553261 0.0053420 0.0111290 0.0067638 0.0054164 0.0053470 0.0092489 0.0000000 0.0087120 0.0251337 0.0715552
 54 M  54 0.0147608 0.0942598 0.0456796 0.0382759 0.0000000 0.0670443 0.0543823 0.0301025 0.0107236 0.0421480 0.0444104 0.1079252 0.1493981 0.0102847 0.0031305 0.0171695 0.1004111 0.0000000 0.0140336 0.0858099 0.0700504
 55 I  55 0.0337357 0.0153101 0.0146201 0.0023546 0.0012074 0.0016764 0.0022068 0.0217156 0.0081632 0.4962797 0.0788148 0.0082384 0.0112022 0.0594490 0.0033613 0.0115320 0.0095693 0.0000000 0.0097785 0.1361799 0.0746049
 56 S  56 0.0648632 0.0610197 0.0262419 0.0581858 0.0013115 0.0284666 0.0213534 0.1633597 0.0088242 0.0307803 0.0629461 0.0363341 0.0130730 0.0672390 0.0000000 0.1846387 0.0526913 0.0000000 0.0169991 0.0249348 0.0767375
 57 F  57 0.0254991 0.0153137 0.0491269 0.0184323 0.0029215 0.0103658 0.0099518 0.0266370 0.0158265 0.0232676 0.0115531 0.0026291 0.0032800 0.5998832 0.0021755 0.0194641 0.0232281 0.0404045 0.0046051 0.0178996 0.0775354
 58 A  58 0.1660915 0.0359720 0.0618852 0.0252852 0.0022555 0.0164801 0.0407764 0.1792009 0.0357756 0.0069267 0.0163565 0.0065889 0.0154451 0.0422376 0.0027799 0.0477619 0.0225536 0.0056059 0.0963073 0.0956507 0.0780635
 59 V  59 0.0457788 0.1924268 0.0833761 0.0358801 0.0058420 0.0400935 0.0377270 0.0300377 0.0244673 0.0269413 0.0154004 0.0579558 0.0052122 0.0121035 0.0197125 0.1440702 0.0688277 0.0104861 0.0222957 0.0425074 0.0788582
 60 R  60 0.0667476 0.1041624 0.0426152 0.0342754 0.0023796 0.0482749 0.0177228 0.2871869 0.0318058 0.0305294 0.0273265 0.0386577 0.0065652 0.0242556 0.0162570 0.0333289 0.0168772 0.0229951 0.0367439 0.0275657 0.0837272
 61 E  61 0.0552565 0.0242579 0.0759069 0.2479618 0.0000000 0.0196990 0.1104406 0.0429375 0.0264554 0.0092029 0.0375882 0.0178744 0.0149443 0.0546863 0.0124960 0.0660743 0.0347078 0.0132253 0.0292413 0.0275210 0.0795226
 62 H  62 0.0260836 0.0300930 0.0180073 0.0486196 0.0017684 0.0274733 0.0250415 0.0243512 0.5346728 0.0149336 0.0204638 0.0095776 0.0087618 0.0326713 0.0161307 0.0456648 0.0217840 0.0009073 0.0137726 0.0091117 0.0701103
 63 G  63 0.0135269 0.0291172 0.0690614 0.0403861 0.0016018 0.0226886 0.0180753 0.4662661 0.0039258 0.0186088 0.0162726 0.0207888 0.0065457 0.0081142 0.0223953 0.0620518 0.0641539 0.0164992 0.0295230 0.0076675 0.0627300
 64 D  64 0.0135300 0.0361169 0.0210688 0.5241816 0.0746668 0.0136370 0.0132328 0.0544428 0.0048258 0.0083521 0.0148152 0.0130746 0.0025308 0.0237351 0.0264673 0.0240124 0.0249300 0.0087852 0.0055844 0.0305910 0.0614193
 65 F  65 0.0520941 0.0329281 0.0572778 0.0342208 0.0446513 0.0168696 0.0294960 0.2955789 0.0160817 0.0155078 0.0172589 0.0180519 0.0050413 0.0694711 0.0605330 0.1137108 0.0160618 0.0069153 0.0184219 0.0151882 0.0646397
 66 Y  66 0.0440824 0.0437174 0.0864775 0.0413183 0.0082905 0.0252655 0.0623872 0.0378329 0.0261147 0.0135915 0.0338275 0.0138876 0.0053539 0.0433770 0.0306889 0.1142944 0.0151226 0.0218315 0.2400971 0.0181058 0.0743358
 67 P  67 0.1022047 0.0177403 0.0237060 0.0539755 0.0231969 0.0082432 0.0130453 0.0342579 0.0153198 0.0135499 0.0186637 0.0165454 0.0051139 0.0172197 0.4180482 0.0457580 0.0242692 0.0023625 0.0248257 0.0515366 0.0704175
 68 F  68 0.0155419 0.0167230 0.0146488 0.0107026 0.0000000 0.0067293 0.0282843 0.0099635 0.0026331 0.0222881 0.0435859 0.0091531 0.0022971 0.6219562 0.0075911 0.0407609 0.0048729 0.0000000 0.0480189 0.0189868 0.0752624
 69 D  69 0.0678447 0.0215439 0.0097723 0.6325998 0.0057041 0.0110504 0.0070534 0.0450947 0.0013033 0.0033418 0.0031778 0.0033005 0.0019420 0.0210221 0.0050325 0.0284612 0.0348484 0.0024838 0.0170295 0.0145900 0.0628039
 70 G  70 0.0227822 0.0073344 0.0166211 0.0261624 0.0037942 0.0037833 0.0155177 0.6721993 0.0000000 0.0106168 0.0202424 0.0010227 0.0107784 0.0192943 0.0092768 0.0125552 0.0346084 0.0000000 0.0177945 0.0347101 0.0609056
 71 P  71 0.0289632 0.0430515 0.0120803 0.0352534 0.0031500 0.0508345 0.0621751 0.0330123 0.0013546 0.0075725 0.0438354 0.0923641 0.0047046 0.0121255 0.3129790 0.0588375 0.0436779 0.0064624 0.0163705 0.0661781 0.0650176
 72 G  72 0.0481751 0.0118770 0.0657954 0.0743038 0.0000000 0.0120366 0.0175465 0.4682165 0.0096329 0.0056004 0.0612917 0.0105900 0.0119670 0.0048491 0.0309626 0.0464872 0.0357298 0.0012830 0.0153400 0.0100540 0.0582615
 73 N  73 0.0131094 0.0327156 0.0805617 0.0129217 0.0000000 0.0591684 0.0100267 0.4896225 0.0092461 0.0245243 0.0113165 0.0380933 0.0058375 0.0190349 0.0081570 0.0345918 0.0578021 0.0067155 0.0271323 0.0043489 0.0550738
 74 V  74 0.0633410 0.0025894 0.0316511 0.0168109 0.0000000 0.0175038 0.0471007 0.0218332 0.0061693 0.0976239 0.0797453 0.0203550 0.0046185 0.0508066 0.0134828 0.0388537 0.2096382 0.0039624 0.0254608 0.1959623 0.0524909
 75 L  75 0.0475638 0.0125573 0.0032457 0.0048351 0.0074947 0.0222999 0.0058069 0.0150532 0.0016558 0.0359570 0.5909729 0.0021137 0.0055765 0.0389390 0.0113399 0.0194236 0.0355145 0.0028485 0.0248486 0.0565282 0.0554252
 76 A  76 0.6731385 0.0128911 0.0130191 0.0050908 0.0000000 0.0125702 0.0155539 0.0728375 0.0020048 0.0174734 0.0166879 0.0179583 0.0015637 0.0159079 0.0107966 0.0251406 0.0114272 0.0019420 0.0063689 0.0140156 0.0536120
 77 H  77 0.0104689 0.0205676 0.0259535 0.0000000 0.0000000 0.0113633 0.0124120 0.0231291 0.6224260 0.0148537 0.0047430 0.0080433 0.0040743 0.0321287 0.0433219 0.0152586 0.0364900 0.0117605 0.0350649 0.0156703 0.0522704
 78 A  78 0.6530689 0.0114351 0.0248474 0.0102546 0.0046156 0.0090397 0.0092866 0.0534304 0.0000000 0.0025308 0.0047185 0.0055816 0.0019121 0.0137669 0.0185207 0.0384478 0.0500335 0.0000000 0.0114100 0.0134519 0.0636478
 79 Y  79 0.0189724 0.0000000 0.0077927 0.0416487 0.0000000 0.0094752 0.0029549 0.0166470 0.0000000 0.0223168 0.0153629 0.0086994 0.0056076 0.4464655 0.0053257 0.0277016 0.0344596 0.0224718 0.2169362 0.0221864 0.0749757
 80 A  80 0.0813817 0.0247660 0.0057295 0.0228493 0.0030927 0.0231739 0.0078121 0.0298570 0.0092370 0.0250439 0.0691112 0.0101342 0.0085363 0.2365127 0.1225668 0.0886734 0.0289103 0.0014918 0.1112103 0.0117625 0.0781474
 81 P  81 0.0160873 0.0118605 0.0272207 0.0116328 0.0000000 0.0181730 0.0045360 0.0297491 0.0085587 0.0105398 0.0454701 0.0132289 0.0056880 0.0025416 0.6161067 0.0336139 0.0287063 0.0078650 0.0047496 0.0180215 0.0856505
 82 G  82 0.0154249 0.0260232 0.0604768 0.0260978 0.0045405 0.0292698 0.0235361 0.3043352 0.0158164 0.0105257 0.0158143 0.0281051 0.0159235 0.0144748 0.0802674 0.0508196 0.0483712 0.0198449 0.0284949 0.0139706 0.1678672
 83 P  83 0.0243409 0.0320159 0.1036907 0.0710246 0.0000000 0.0360000 0.0595947 0.0178001 0.0134633 0.0087815 0.0099757 0.0337682 0.0008219 0.0155078 0.1568426 0.1154041 0.0639827 0.0008822 0.0530707 0.0073260 0.1757066
 84 G  84 0.0272217 0.0177782 0.0445445 0.0465414 0.0000000 0.0065762 0.0077943 0.3453529 0.0464425 0.0205152 0.0279248 0.0074160 0.0173554 0.0150907 0.0470281 0.0422992 0.0108974 0.0000000 0.0158150 0.0265207 0.2268857
 85 I  85 0.0243823 0.0853192 0.0254272 0.0137844 0.0000000 0.0192167 0.0624298 0.0087273 0.0292115 0.1842704 0.0871139 0.0200468 0.0158619 0.0268642 0.0079027 0.0287960 0.0755556 0.0160894 0.0194497 0.0697395 0.1798117
 86 N  86 0.0708810 0.0381845 0.0236461 0.0834313 0.0071020 0.0422468 0.0277576 0.2430893 0.0377392 0.0175110 0.0321159 0.0266720 0.0076823 0.0190792 0.0202133 0.0920967 0.0167338 0.0034240 0.0134362 0.0125824 0.1643754
 87 G  87 0.0713523 0.0040241 0.0112066 0.0040394 0.0000000 0.0021820 0.0021436 0.6936401 0.0000000 0.0044815 0.0122455 0.0066538 0.0000000 0.0012917 0.0091781 0.0401050 0.0126139 0.0125040 0.0054395 0.0316993 0.0751998
 88 D  88 0.0054024 0.0875703 0.0182376 0.4927904 0.0000000 0.0339523 0.0677471 0.0245164 0.0255282 0.0029286 0.0146809 0.0118872 0.0189872 0.0078037 0.0093825 0.0297188 0.0348828 0.0159263 0.0166879 0.0169130 0.0644562
 89 A  89 0.1851407 0.0046264 0.0142172 0.0040419 0.0037846 0.0046965 0.0019701 0.0026405 0.0000000 0.2352682 0.0831054 0.0040203 0.0099538 0.0304002 0.0000000 0.0276554 0.1064719 0.0141177 0.0189042 0.1914069 0.0575780
 90 H  90 0.0040432 0.0175213 0.0125789 0.0241477 0.0160058 0.0125076 0.0050946 0.0067013 0.6017095 0.0190416 0.0275751 0.0194092 0.0000000 0.0043946 0.0048929 0.0071281 0.0170252 0.0593099 0.0271652 0.0544249 0.0593235
 91 F  91 0.0086822 0.0043668 0.0249814 0.0073948 0.0000000 0.0023709 0.0000000 0.0064195 0.0039521 0.0499655 0.1745323 0.0051614 0.0055214 0.5772383 0.0077042 0.0143921 0.0026597 0.0019701 0.0239922 0.0163012 0.0623940
 92 D  92 0.0073187 0.0038489 0.1763530 0.6323103 0.0000000 0.0026597 0.0012526 0.0275881 0.0100327 0.0045071 0.0157420 0.0044629 0.0000000 0.0137070 0.0000000 0.0122730 0.0156517 0.0000000 0.0154326 0.0038705 0.0529893
 93 D  93 0.1205995 0.0071155 0.0558588 0.2722760 0.0025936 0.0106541 0.1631420 0.0269401 0.0054384 0.0100356 0.0249978 0.0265690 0.0079313 0.0013924 0.0373241 0.0805731 0.0502539 0.0024838 0.0411713 0.0170623 0.0355876
 94 D  94 0.1074041 0.0394359 0.0500436 0.3730895 0.0000000 0.0306799 0.0763722 0.0174974 0.0133721 0.0028668 0.0152433 0.0324986 0.0065345 0.0087770 0.0069937 0.0807585 0.0510815 0.0000000 0.0281176 0.0234256 0.0358082
 95 E  95 0.0244127 0.0029482 0.0159159 0.0097149 0.0021513 0.0215012 0.5924304 0.0196795 0.0089056 0.0108568 0.0216239 0.0519001 0.0016283 0.0236782 0.0021820 0.0305913 0.0279254 0.0116494 0.0623396 0.0122138 0.0457514
 96 Q  96 0.0384806 0.0510396 0.1218422 0.0498718 0.0032457 0.0363379 0.0151297 0.0209564 0.0593505 0.0231768 0.0468180 0.0390272 0.0089757 0.0624061 0.0719135 0.0556383 0.1274685 0.0388119 0.0529099 0.0314357 0.0451640
 97 W  97 0.0282439 0.0194467 0.0384109 0.0176466 0.0034998 0.0189475 0.0230888 0.0423977 0.0000000 0.0167205 0.0187709 0.0042080 0.0025416 0.0886126 0.0141707 0.0146747 0.0280378 0.5401435 0.0281411 0.0129798 0.0393169
 98 T  98 0.0522264 0.0214369 0.0765147 0.0381595 0.0000000 0.0115213 0.0218904 0.0249149 0.0095498 0.0200476 0.0231779 0.0356462 0.0022673 0.0491304 0.0312106 0.1161130 0.3187176 0.0356533 0.0261252 0.0456806 0.0400164
 99 K  99 0.0405048 0.0268249 0.0471539 0.0655118 0.0313823 0.0256357 0.0458363 0.0267738 0.0194238 0.0682771 0.1043757 0.0681953 0.0212828 0.0657672 0.0451575 0.0471049 0.0667110 0.0116693 0.0659404 0.0673574 0.0391140
100 D 100 0.0100354 0.0298442 0.1269198 0.1702993 0.0000000 0.0333802 0.0142085 0.2582291 0.0125383 0.0097973 0.0074989 0.0120405 0.0044111 0.0052938 0.1281773 0.1003568 0.0269491 0.0022311 0.0040770 0.0096084 0.0341041
101 T 101 0.0442743 0.0396562 0.0607359 0.1106235 0.0000000 0.0275999 0.0450803 0.0654287 0.0240597 0.0125488 0.0326826 0.0461594 0.0153403 0.0462815 0.0632462 0.1120258 0.0721381 0.0118759 0.0985093 0.0365565 0.0351773
102 T 102 0.0420773 0.0686541 0.0718121 0.1264149 0.0000000 0.0515465 0.0526825 0.1527009 0.0356963 0.0100766 0.0151483 0.0423703 0.0064445 0.0011072 0.0210935 0.1271966 0.0932460 0.0273891 0.0093883 0.0131085 0.0318463
103 G 103 0.0633279 0.0149325 0.0526053 0.0256000 0.0010227 0.0374209 0.0320072 0.4784354 0.0084101 0.0076441 0.0299374 0.0196820 0.0107429 0.0029777 0.0340186 0.0408280 0.0273248 0.0000000 0.0231124 0.0299212 0.0600489
104 T 104 0.0285805 0.0155502 0.1085009 0.0349744 0.0000000 0.0163584 0.0446055 0.0390341 0.0086320 0.0787752 0.0241356 0.0143169 0.0278974 0.0530617 0.0058921 0.0403800 0.2034781 0.0124588 0.0868697 0.0912974 0.0652010
105 N 105 0.0083004 0.0407582 0.2523494 0.2701685 0.0000000 0.0157999 0.0121730 0.0023466 0.0229766 0.0115646 0.0018338 0.0187433 0.0029810 0.0128428 0.0037144 0.1099036 0.0294314 0.0064420 0.1033013 0.0072639 0.0671055
106 L 106 0.0090136 0.0159348 0.0000000 0.0098606 0.0000000 0.0083306 0.0000000 0.0714495 0.0030346 0.0515292 0.5979422 0.0055599 0.0187603 0.0939004 0.0000000 0.0060982 0.0125778 0.0000000 0.0228448 0.0150671 0.0580963
107 F 107 0.0047915 0.1021923 0.0028086 0.0029296 0.0000000 0.0290017 0.1137666 0.0121077 0.0061137 0.0095250 0.1649019 0.0107174 0.0085908 0.2878333 0.0119201 0.0069125 0.0100958 0.0032818 0.1025569 0.0500482 0.0599045
108 L 108 0.0669348 0.0135405 0.0676470 0.0113128 0.0008322 0.1316391 0.0157657 0.0305135 0.0372969 0.0358514 0.1731900 0.0267902 0.0227398 0.0172766 0.0154001 0.1252423 0.0900505 0.0386816 0.0260861 0.0278648 0.0253440
109 V 109 0.0276504 0.0000000 0.0112821 0.0000000 0.0000000 0.0000000 0.0057816 0.0000000 0.0000000 0.0700540 0.0123103 0.0000000 0.0009393 0.0016052 0.0000000 0.0152065 0.1955308 0.0000000 0.0000000 0.6366876 0.0229523
110 A 110 0.6390237 0.0077450 0.0000000 0.0000000 0.0000000 0.0021482 0.0000000 0.0087342 0.0000000 0.0199534 0.1238841 0.0000000 0.0102779 0.0444373 0.0000000 0.0147506 0.0168103 0.0000000 0.0032806 0.0860024 0.0229523
111 A 111 0.2672224 0.0155414 0.0000000 0.0018269 0.0000000 0.0030876 0.0482936 0.0076987 0.0000000 0.0784047 0.1211082 0.0276966 0.0513326 0.0000000 0.0101416 0.0024988 0.1402789 0.0048415 0.0000000 0.1970744 0.0229523
112 H 112 0.0018327 0.0000000 0.0000000 0.0000000 0.0000000 0.0050318 0.0000000 0.0112821 0.9032416 0.0000000 0.0000000 0.0000000 0.0000000 0.0050372 0.0120959 0.0048415 0.0212006 0.0000000 0.0019741 0.0094788 0.0239837
113 E 113 0.0132406 0.0092292 0.0016631 0.0013230 0.0000000 0.0284348 0.8810405 0.0098787 0.0050963 0.0000000 0.0009870 0.0132928 0.0014426 0.0000000 0.0000000 0.0010558 0.0000000 0.0000000 0.0076919 0.0016400 0.0239837
114 I 114 0.0066483 0.0000000 0.0000000 0.0000000 0.0000000 0.0048415 0.0034998 0.0017550 0.0000000 0.4170600 0.2141568 0.0000000 0.0266213 0.2344300 0.0000000 0.0022971 0.0062438 0.0000000 0.0143417 0.0441210 0.0239837
115 G 115 0.0000000 0.0000000 0.0000000 0.0000000 0.0173273 0.0065046 0.0000000 0.9407392 0.0000000 0.0000000 0.0000000 0.0000000 0.0031305 0.0000000 0.0000000 0.0000000 0.0060508 0.0000000 0.0022640 0.0000000 0.0239837
116 H 116 0.0036337 0.0000000 0.0296030 0.0000000 0.0000000 0.0050372 0.0060508 0.0000000 0.9256042 0.0000000 0.0000000 0.0000000 0.0000000 0.0000000 0.0000000 0.0000000 0.0000000 0.0000000 0.0000000 0.0048415 0.0252295
117 S 117 0.4332205 0.0000000 0.0021926 0.0000000 0.0039662 0.0000000 0.0060508 0.0000000 0.0000000 0.0269709 0.0928413 0.0000000 0.0024431 0.0180619 0.0000000 0.2257944 0.0955853 0.0000000 0.0042082 0.0634353 0.0252295
118 L 118 0.0000000 0.0000000 0.0055702 0.0167923 0.0000000 0.0000000 0.0039254 0.0010631 0.0000000 0.0937772 0.7920660 0.0022520 0.0225554 0.0061344 0.0239634 0.0000000 0.0000000 0.0000000 0.0000000 0.0026508 0.0292498
119 G 119 0.0000000 0.0000000 0.0000000 0.0000000 0.0000000 0.0000000 0.0017890 0.9470973 0.0000000 0.0000000 0.0000000 0.0000000 0.0000000 0.0049363 0.0000000 0.0053420 0.0060508 0.0000000 0.0000000 0.0000000 0.0347847
120 L 120 0.0181459 0.0000000 0.0000000 0.0000000 0.0000000 0.0024741 0.0096483 0.0000000 0.0000000 0.0202375 0.8582771 0.0060508 0.0166788 0.0233402 0.0000000 0.0000000 0.0048415 0.0000000 0.0000000 0.0037123 0.0365934
121 F 121 0.0823194 0.0272657 0.0155419 0.1301081 0.0000000 0.0330973 0.1182774 0.1805481 0.0120711 0.0000000 0.0144072 0.0571889 0.0165673 0.0359455 0.0364237 0.1351790 0.0256851 0.0085754 0.0261491 0.0068204 0.0378295
122 H 122 0.0000000 0.0000000 0.0000000 0.0106330 0.0290303 0.0000000 0.0036203 0.0029673 0.8945112 0.0000000 0.0000000 0.0000000 0.0000000 0.0000000 0.0000000 0.0053420 0.0098787 0.0000000 0.0024741 0.0036337 0.0379095
123 S 123 0.0053972 0.0069346 0.0368431 0.0150971 0.0000000 0.0000000 0.0195147 0.0068186 0.0251943 0.0212246 0.0030463 0.0000000 0.0016255 0.0013033 0.0943405 0.6230875 0.0562026 0.0000000 0.0045236 0.0164322 0.0624144
124 A 124 0.0539786 0.0420772 0.1149711 0.0776195 0.0022067 0.0347548 0.0214591 0.0840373 0.0522205 0.0000000 0.0176344 0.0153903 0.0079133 0.0102757 0.0406346 0.2575546 0.0777026 0.0048835 0.0114361 0.0029562 0.0702936
125 N 125 0.0581089 0.0318901 0.0841838 0.3071263 0.0024741 0.0176041 0.0559743 0.0028359 0.0102592 0.0256540 0.0075973 0.0286042 0.0013115 0.0114382 0.0057979 0.0645384 0.0149196 0.0022068 0.0172129 0.1799506 0.0703119
126 T 126 0.0285159 0.1007241 0.0182670 0.0159028 0.0000000 0.0630468 0.0998238 0.0210148 0.0196633 0.0212268 0.0099382 0.0811942 0.0040809 0.0045534 0.2317586 0.0653328 0.0437640 0.0010693 0.0787478 0.0212342 0.0701412
127 E 127 0.0462955 0.0330284 0.1519547 0.1302925 0.0000000 0.0245828 0.1078899 0.1685636 0.0174675 0.0061542 0.0091065 0.0515364 0.0016745 0.0021239 0.0079150 0.0943817 0.0430476 0.0000000 0.0184827 0.0163252 0.0691775
128 A 128 0.4726627 0.0009228 0.0060508 0.0232713 0.0000000 0.0023985 0.0022971 0.0018971 0.0028485 0.0000000 0.0000000 0.0074557 0.0000000 0.0049871 0.0050372 0.3733853 0.0293207 0.0000000 0.0000000 0.0000000 0.0674653
129 L 129 0.0077245 0.0000000 0.0078091 0.0107025 0.0059837 0.0000000 0.0019525 0.0368998 0.0000000 0.2896236 0.2566086 0.0000000 0.0042540 0.0034294 0.0000000 0.0106700 0.0335074 0.0000000 0.0000000 0.2633696 0.0674653
130 M 130 0.0000000 0.0000000 0.0056245 0.0089637 0.0000000 0.0080611 0.0225731 0.0081702 0.0012458 0.0023508 0.0103105 0.0011176 0.8387298 0.0000000 0.0000000 0.0076042 0.0039541 0.0000000 0.0032964 0.0037038 0.0742943
131 Y 131 0.1138968 0.0336663 0.0600205 0.0065169 0.0025872 0.0521614 0.0049204 0.0068764 0.0525860 0.0014186 0.0050436 0.0037345 0.0000000 0.1258463 0.0042941 0.0740880 0.0143710 0.0120436 0.3372700 0.0045517 0.0841067
132 P 132 0.0728570 0.0073769 0.0000000 0.0000000 0.0000000 0.0022912 0.0029673 0.0191163 0.0057045 0.0000000 0.0000000 0.0048697 0.0000000 0.0064371 0.6857940 0.0220215 0.0099733 0.0025358 0.0497051 0.0000000 0.1083503
133 L 133 0.0323260 0.0030027 0.0819989 0.0073020 0.0034212 0.0048112 0.0094983 0.0170800 0.0099497 0.0498309 0.0151887 0.0072006 0.0300981 0.1265236 0.0142913 0.0842814 0.1273694 0.0369956 0.1403805 0.0442151 0.1542348
134 Y 134 0.0204095 0.0000000 0.0116598 0.0249252 0.0000000 0.0065688 0.0014836 0.0280630 0.0059627 0.0561424 0.0205187 0.0038006 0.0135266 0.0260505 0.0011535 0.0074577 0.0039669 0.0037976 0.5858848 0.0129995 0.1656286
135 H 135 0.0473658 0.0947233 0.0402702 0.0134177 0.0108673 0.1202144 0.0360805 0.0224318 0.0207330 0.0188620 0.0251349 0.0841977 0.0037187 0.0049840 0.0181397 0.1380244 0.0965736 0.0011696 0.0000000 0.0240255 0.1790659
136 S 136 0.0102860 0.0150973 0.0542071 0.0239092 0.0032866 0.0130010 0.0050926 0.1969658 0.0075373 0.0010602 0.0158325 0.0199207 0.0031940 0.0633808 0.0659608 0.0643471 0.0109261 0.0274473 0.2113617 0.0046340 0.1825522
137 L 137 0.0797958 0.0862090 0.0226641 0.0115832 0.0027984 0.0210596 0.0191228 0.0381543 0.0025794 0.0419352 0.0532674 0.0041854 0.0428416 0.0265412 0.0123623 0.0295160 0.0313850 0.0120497 0.1320925 0.1000289 0.2298284
138 T 138 0.0221979 0.0294750 0.0188238 0.0532061 0.0016373 0.0585303 0.1142767 0.0672824 0.0145691 0.0123492 0.0235967 0.0415086 0.0057837 0.0147000 0.0404452 0.0759509 0.1091057 0.0012203 0.0112016 0.0157546 0.2683851
139 D 139 0.0107206 0.0128469 0.0692724 0.2441129 0.0000000 0.0651656 0.0389377 0.0696348 0.0102780 0.0113965 0.0191025 0.0167213 0.0000000 0.0068903 0.0258425 0.0203342 0.0349161 0.0000000 0.0134148 0.0056759 0.3247370
140 L 140 0.0181002 0.0192668 0.0474564 0.0181593 0.0023508 0.0255606 0.0342249 0.0528425 0.0061761 0.0360447 0.0303074 0.0306703 0.0033782 0.0092582 0.1304918 0.0669233 0.1238327 0.0049897 0.0086315 0.0255355 0.3057993
141 T 141 0.0352320 0.1332737 0.0524181 0.0308739 0.0035757 0.0167403 0.0301777 0.0776057 0.0180376 0.0026929 0.0210275 0.0617668 0.0000000 0.0054741 0.0965629 0.0956578 0.0391252 0.0009839 0.0434772 0.0186836 0.2166133
142 R 142 0.0406825 0.0410759 0.1140864 0.0544448 0.0000000 0.0490835 0.0275138 0.0505674 0.0247840 0.0083141 0.0215822 0.1409119 0.0088051 0.0123504 0.0625931 0.0194400 0.0685287 0.0050320 0.0018766 0.0224682 0.2258593
143 F 143 0.0258223 0.0588808 0.0040845 0.0091776 0.0000000 0.0099373 0.0070087 0.0057275 0.0021876 0.0281063 0.0648745 0.0245375 0.0113367 0.2809027 0.0213314 0.0114089 0.0240213 0.0109075 0.1381381 0.0794470 0.1821617
144 R 144 0.0128274 0.0824570 0.0136636 0.0513180 0.0020663 0.1013106 0.0924502 0.0266260 0.0187442 0.0024147 0.0237622 0.1169632 0.0093948 0.0073225 0.0171612 0.1081831 0.1202653 0.0000000 0.0000000 0.0504524 0.1426176
145 L 145 0.0000000 0.0000000 0.0000000 0.0000000 0.0000000 0.0000000 0.0000000 0.0000000 0.0000000 0.1109156 0.6821754 0.0000000 0.0063691 0.0172861 0.0544113 0.0000000 0.0000000 0.0000000 0.0031983 0.0331154 0.0925287
146 S 146 0.0280472 0.0083104 0.0274841 0.0707107 0.0000000 0.0762123 0.0123112 0.0365308 0.1134537 0.0056260 0.0123703 0.0122686 0.0917574 0.0000000 0.1273671 0.1874196 0.0830455 0.0000000 0.0021755 0.0009592 0.1039503
147 Q 147 0.0651534 0.0311536 0.0267955 0.0612885 0.0000000 0.1714394 0.0834569 0.0112087 0.0089843 0.0229288 0.0315855 0.0389109 0.0142576 0.0022065 0.0969867 0.1064826 0.0290009 0.0307643 0.0321495 0.0288871 0.1063595
148 D 148 0.0245801 0.0089477 0.0221166 0.6055545 0.0057819 0.0065852 0.0410473 0.0132377 0.0014954 0.0113683 0.0060956 0.0076001 0.0124860 0.0051431 0.0000000 0.0567097 0.0170261 0.0000000 0.0435177 0.0071582 0.1035488
149 D 149 0.0000000 0.0000000 0.0000000 0.8915128 0.0000000 0.0000000 0.0120708 0.0000000 0.0000000 0.0000000 0.0000000 0.0000000 0.0000000 0.0000000 0.0000000 0.0033501 0.0000000 0.0000000 0.0000000 0.0000000 0.0930663
150 I 150 0.0078578 0.0896869 0.0114123 0.0035880 0.0012769 0.0034850 0.0054057 0.0000000 0.0007660 0.4398687 0.0472057 0.0632071 0.0170063 0.0038978 0.0000000 0.0042465 0.0129493 0.0000000 0.0000000 0.1945121 0.0936279
151 N 151 0.1679904 0.0891076 0.0931560 0.0849731 0.0074232 0.0898124 0.0661032 0.0009375 0.0194941 0.0061513 0.0659035 0.0636978 0.0130713 0.0000000 0.0000000 0.0564419 0.0196373 0.0236791 0.0145183 0.0242740 0.0936279
152 G 152 0.2991334 0.0453336 0.0291295 0.0025987 0.0000000 0.0049060 0.0026104 0.4848857 0.0062748 0.0000000 0.0030229 0.0026822 0.0000000 0.0000000 0.0000000 0.0053512 0.0051747 0.0071312 0.0000000 0.0061853 0.0955804
153 I 153 0.0363984 0.0000000 0.0000000 0.0000000 0.0000000 0.0000000 0.0000000 0.0000000 0.0000000 0.6073396 0.0769225 0.0000000 0.0331377 0.0026508 0.0000000 0.0050372 0.0000000 0.0000000 0.0015811 0.1397000 0.0972327
154 Q 154 0.0045043 0.0981435 0.0096864 0.0055212 0.0097894 0.6186772 0.0176018 0.0021436 0.0287728 0.0042893 0.0083343 0.0427499 0.0000000 0.0000000 0.0000000 0.0055161 0.0117609 0.0148914 0.0062683 0.0042372 0.1071126
155 S 155 0.2002400 0.0555341 0.0177688 0.0154443 0.0000000 0.1120351 0.0495595 0.0089057 0.0377066 0.0025076 0.0179402 0.0859313 0.0102776 0.0194228 0.0000000 0.1146876 0.0188095 0.0110355 0.0998657 0.0081528 0.1141754
156 L 156 0.0065422 0.0024781 0.0074232 0.0000000 0.0000000 0.0027342 0.0000000 0.0000000 0.0040011 0.1205305 0.6744656 0.0065266 0.0263340 0.0000000 0.0000000 0.0000000 0.0000000 0.0000000 0.0115059 0.0217741 0.1156845
157 Y 157 0.0000000 0.0000000 0.0000000 0.0000000 0.0000000 0.0000000 0.0000000 0.0000000 0.0042082 0.0000000 0.0000000 0.0000000 0.0000000 0.0043650 0.0000000 0.0000000 0.0000000 0.0000000 0.8670642 0.0000000 0.1243627
158 G 158 0.0100218 0.0000000 0.0000000 0.0016887 0.0000000 0.0074361 0.0032158 0.7052210 0.0024126 0.0038274 0.0000000 0.0000000 0.0000000 0.0030608 0.0132846 0.0063942 0.0052164 0.0000000 0.0000000 0.0088773 0.2293433
159 P 159 0.1836985 0.0263813 0.0028052 0.0069012 0.0041584 0.0164919 0.0232505 0.0270351 0.0072497 0.0119743 0.0044059 0.0790765 0.0043348 0.0029809 0.1089671 0.1042648 0.0386821 0.0000000 0.0034314 0.0515805 0.2923298
160 P 160 0.0178265 0.0921525 0.2057050 0.0037731 0.0261053 0.0070558 0.0012718 0.0177628 0.0013855 0.0000000 0.0052249 0.0951962 0.0000000 0.0015959 0.1299077 0.0499654 0.0062942 0.0000000 0.0000000 0.0052000 0.3335776
161 P 161 0.0055870 0.0141385 0.0419427 0.0484134 0.0000000 0.0063463 0.0511278 0.0012045 0.0023747 0.0010945 0.0071590 0.0425605 0.0361176 0.0128304 0.1491869 0.0491353 0.1034715 0.0008352 0.0017028 0.0050605 0.4197107
162 D 162 0.0162679 0.0238662 0.0956201 0.0327876 0.0000000 0.0258529 0.0211038 0.0704676 0.0063672 0.0080225 0.0074933 0.0647201 0.0012905 0.0000000 0.0106943 0.0744459 0.0525217 0.0000000 0.0029036 0.0157593 0.4698154
163 S 163 0.0437897 0.0262485 0.0054377 0.0094110 0.0000000 0.0256199 0.0027182 0.0112353 0.0078791 0.0081376 0.0031969 0.0131150 0.0031105 0.0030902 0.0705755 0.0743985 0.0963424 0.0000000 0.0000000 0.0193936 0.5763004
164 P 164 0.0081663 0.0465605 0.0068909 0.0040175 0.0000000 0.0029188 0.0009322 0.0022311 0.0000000 0.0026929 0.0000000 0.0043234 0.0000000 0.0243050 0.1574082 0.0153870 0.0317902 0.0000000 0.0000000 0.0000000 0.6923759
165 E 165 0.0131440 0.0099216 0.0066033 0.0491676 0.0000000 0.0107741 0.0176412 0.0027468 0.0055358 0.0000000 0.0021325 0.0147434 0.0000000 0.0015167 0.0183696 0.0172949 0.0958272 0.0000000 0.0014753 0.0014418 0.7316643
166 T 166 0.0000000 0.0000000 0.0000000 0.0000000 0.0025894 0.0000000 0.0000000 0.0000000 0.0000000 0.0000000 0.0000000 0.0000000 0.0000000 0.0000000 0.0000000 0.0179796 0.1129284 0.0000000 0.0000000 0.0125246 0.8539780
