   61         A         R         N         D         C         Q         E         G         H         I         L         K         M         F         P         S         T         W         Y         V    
  1 Q   1 0.0000000 0.0000000 0.0000000 0.0000000 0.0000000 1.0000000 0.0000000 0.0000000 0.0000000 0.0000000 0.0000000 0.0000000 0.0000000 0.0000000 0.0000000 0.0000000 0.0000000 0.0000000 0.0000000 0.0000000
  2 G   2 0.0000000 0.0000000 0.0000000 0.0000000 0.0000000 0.0000000 0.0000000 1.0000000 0.0000000 0.0000000 0.0000000 0.0000000 0.0000000 0.0000000 0.0000000 0.0000000 0.0000000 0.0000000 0.0000000 0.0000000
  3 Q   3 0.0000000 0.0000000 0.0000000 0.0000000 0.0000000 0.9029407 0.0000000 0.0000000 0.0000000 0.0000000 0.0311312 0.0659281 0.0000000 0.0000000 0.0000000 0.0000000 0.0000000 0.0000000 0.0000000 0.0000000
  4 E   4 0.0000000 0.0000000 0.0000000 0.5949849 0.0000000 0.0000000 0.3438764 0.0000000 0.0000000 0.0000000 0.0000000 0.0611387 0.0000000 0.0000000 0.0000000 0.0000000 0.0000000 0.0000000 0.0000000 0.0000000
  5 T   5 0.1043017 0.0000000 0.0000000 0.0000000 0.0000000 0.0000000 0.0000000 0.0000000 0.0000000 0.0000000 0.0240482 0.0000000 0.0310337 0.0000000 0.0000000 0.0309150 0.4970993 0.0000000 0.0000000 0.3126021
  6 A   6 0.7105881 0.0000000 0.0000000 0.0000000 0.0000000 0.0000000 0.0000000 0.0000000 0.0000000 0.0000000 0.0000000 0.0000000 0.0694726 0.0000000 0.0000000 0.0000000 0.1202457 0.0000000 0.0000000 0.0996936
  7 V   7 0.0000000 0.0000000 0.0000000 0.0000000 0.0000000 0.0000000 0.0000000 0.0000000 0.0000000 0.0347051 0.0000000 0.0000000 0.0394794 0.0000000 0.7307540 0.0000000 0.0000000 0.0000000 0.0555030 0.1395585
  8 A   8 0.3203101 0.0000000 0.0000000 0.0000000 0.0000000 0.0000000 0.0000000 0.0000000 0.0000000 0.0000000 0.0000000 0.0000000 0.0587567 0.0000000 0.2793650 0.0801842 0.1424872 0.0000000 0.0000000 0.1188968
  9 P   9 0.0000000 0.0000000 0.0000000 0.0000000 0.0000000 0.0000000 0.0000000 0.0555030 0.0000000 0.0000000 0.0000000 0.0000000 0.0000000 0.0000000 0.9444970 0.0000000 0.0000000 0.0000000 0.0000000 0.0000000
 10 S  10 0.0000000 0.0591174 0.6886706 0.0000000 0.0000000 0.0000000 0.0000000 0.0000000 0.0000000 0.0000000 0.0000000 0.0000000 0.0000000 0.0000000 0.0631237 0.1255768 0.0000000 0.0000000 0.0000000 0.0635115
 11 L  11 0.0555030 0.0000000 0.0000000 0.0000000 0.0000000 0.0000000 0.0000000 0.0000000 0.0000000 0.0000000 0.2733715 0.0000000 0.0592644 0.0000000 0.5711304 0.0407307 0.0000000 0.0000000 0.0000000 0.0000000
 12 V  12 0.1062285 0.0000000 0.0000000 0.0000000 0.0000000 0.0000000 0.0000000 0.5595719 0.0000000 0.0000000 0.0000000 0.0000000 0.0000000 0.0611387 0.0000000 0.0287135 0.0000000 0.0000000 0.0000000 0.2443474
 13 A  13 0.3067056 0.0000000 0.0000000 0.3567065 0.0000000 0.0000000 0.0602463 0.0000000 0.0000000 0.0000000 0.0000000 0.0000000 0.0769523 0.0000000 0.0642645 0.0000000 0.0728304 0.0000000 0.0000000 0.0622944
 14 P  14 0.0000000 0.0000000 0.0000000 0.0000000 0.0000000 0.2112398 0.0000000 0.0555030 0.1767565 0.0000000 0.0000000 0.0000000 0.0000000 0.0000000 0.3651146 0.0753135 0.0000000 0.0000000 0.0000000 0.1160726
 15 A  15 0.3554450 0.0000000 0.0000000 0.0000000 0.0000000 0.0000000 0.0000000 0.1089191 0.0000000 0.1948360 0.0000000 0.0000000 0.0000000 0.1538654 0.0000000 0.0461147 0.0000000 0.0000000 0.0000000 0.1408198
 16 L  16 0.0578715 0.0000000 0.0000000 0.0000000 0.0000000 0.0000000 0.0000000 0.0000000 0.0000000 0.0974129 0.5563610 0.0000000 0.0000000 0.2062650 0.0000000 0.0000000 0.0000000 0.0000000 0.0000000 0.0820895
 17 N  17 0.0401171 0.0000000 0.6308133 0.0000000 0.0000000 0.0000000 0.0000000 0.0000000 0.1538654 0.0305662 0.0000000 0.0000000 0.0000000 0.0000000 0.0479072 0.0967308 0.0000000 0.0000000 0.0000000 0.0000000
 18 K  18 0.0000000 0.0000000 0.0000000 0.0000000 0.0000000 0.0000000 0.0546669 0.0000000 0.0000000 0.0000000 0.0000000 0.9453331 0.0000000 0.0000000 0.0000000 0.0000000 0.0000000 0.0000000 0.0000000 0.0000000
 19 P  19 0.0000000 0.0602177 0.0000000 0.0000000 0.0000000 0.0000000 0.0000000 0.0000000 0.0000000 0.0000000 0.1237464 0.0000000 0.0000000 0.0000000 0.6383220 0.0888648 0.0888492 0.0000000 0.0000000 0.0000000
 20 K  20 0.0000000 0.1399611 0.0000000 0.0000000 0.0000000 0.0000000 0.0000000 0.0000000 0.0000000 0.0000000 0.0000000 0.8600389 0.0000000 0.0000000 0.0000000 0.0000000 0.0000000 0.0000000 0.0000000 0.0000000
 21 K  21 0.0000000 0.0974129 0.0000000 0.0000000 0.0000000 0.0000000 0.0000000 0.0000000 0.0000000 0.0000000 0.0000000 0.8461346 0.0000000 0.0000000 0.0000000 0.0564525 0.0000000 0.0000000 0.0000000 0.0000000
 22 P  22 0.0361541 0.0000000 0.1134088 0.0000000 0.0000000 0.0000000 0.0000000 0.0000000 0.0000000 0.0858995 0.1525480 0.0000000 0.0000000 0.0000000 0.5757075 0.0362820 0.0000000 0.0000000 0.0000000 0.0000000
 23 L  23 0.0000000 0.0000000 0.0000000 0.0000000 0.0000000 0.0652423 0.0000000 0.0000000 0.0000000 0.3187564 0.5501333 0.0000000 0.0000000 0.0000000 0.0000000 0.0658680 0.0000000 0.0000000 0.0000000 0.0000000
 24 D  24 0.0797863 0.0000000 0.0000000 0.0385105 0.0000000 0.0000000 0.0000000 0.7408980 0.0000000 0.0000000 0.0000000 0.0000000 0.0000000 0.0000000 0.0000000 0.1126075 0.0281978 0.0000000 0.0000000 0.0000000
 25 D  25 0.0000000 0.0000000 0.0000000 0.0340199 0.0000000 0.0000000 0.0000000 0.0000000 0.0000000 0.0000000 0.0000000 0.0000000 0.0000000 0.0000000 0.2365477 0.4021886 0.3272438 0.0000000 0.0000000 0.0000000
 26 D  26 0.0252054 0.0825312 0.0000000 0.0411896 0.0000000 0.1424136 0.0000000 0.1615108 0.0000000 0.0415703 0.0000000 0.0000000 0.0000000 0.0000000 0.0000000 0.3623239 0.0586495 0.0000000 0.0000000 0.0846058
 27 D  27 0.0000000 0.1440852 0.1563732 0.0353073 0.0000000 0.0502737 0.0000000 0.0947558 0.0000000 0.0000000 0.0000000 0.0000000 0.0000000 0.0000000 0.0000000 0.4437415 0.0754633 0.0000000 0.0000000 0.0000000
 28 A  28 0.5830728 0.0000000 0.0167929 0.0000000 0.0000000 0.0331768 0.0000000 0.0000000 0.0000000 0.0000000 0.0000000 0.0000000 0.0000000 0.0000000 0.0000000 0.1113536 0.2556038 0.0000000 0.0000000 0.0000000
 29 A  29 0.6365614 0.0000000 0.0000000 0.0000000 0.0000000 0.0000000 0.0000000 0.0549857 0.0000000 0.0000000 0.0000000 0.0000000 0.0000000 0.0000000 0.0000000 0.0948819 0.0000000 0.0000000 0.0000000 0.2135710
 30 P  30 0.0000000 0.0259822 0.0000000 0.0000000 0.0000000 0.0000000 0.0000000 0.0000000 0.0000000 0.0000000 0.0000000 0.0171068 0.0000000 0.0000000 0.9569110 0.0000000 0.0000000 0.0000000 0.0000000 0.0000000
 31 Q  31 0.0000000 0.0000000 0.0000000 0.0000000 0.0000000 0.7173970 0.0174758 0.0000000 0.0000000 0.0000000 0.0586600 0.0000000 0.0485600 0.0000000 0.0000000 0.0000000 0.1579072 0.0000000 0.0000000 0.0000000
 32 R  32 0.0000000 0.7655848 0.0000000 0.0000000 0.0000000 0.0000000 0.0000000 0.0264260 0.0000000 0.0000000 0.0000000 0.0573307 0.0000000 0.0000000 0.0000000 0.0541560 0.0000000 0.0000000 0.0000000 0.0965025
 33 P  33 0.0515353 0.0000000 0.0000000 0.0000000 0.0000000 0.0277427 0.0000000 0.0000000 0.0000000 0.0000000 0.0626271 0.0000000 0.0000000 0.0000000 0.4680057 0.0601871 0.3299022 0.0000000 0.0000000 0.0000000
 34 I  34 0.0316904 0.0000000 0.0000000 0.0000000 0.0000000 0.0000000 0.0264260 0.0000000 0.0000000 0.2179802 0.0000000 0.0965025 0.0578261 0.0000000 0.0908846 0.3608540 0.0596548 0.0000000 0.0000000 0.0581813
 35 S  35 0.1158261 0.0000000 0.0982113 0.0000000 0.0000000 0.0583458 0.0000000 0.0000000 0.0000000 0.0000000 0.0000000 0.0000000 0.0000000 0.0000000 0.3198095 0.0930593 0.1143971 0.0000000 0.0000000 0.2003509
 36 T  36 0.2272449 0.0000000 0.0000000 0.0000000 0.0000000 0.0000000 0.0000000 0.0000000 0.0000000 0.0000000 0.0000000 0.0000000 0.0982113 0.0000000 0.0000000 0.0000000 0.6153323 0.0000000 0.0000000 0.0592116
 37 Q  37 0.1075938 0.0000000 0.0000000 0.0000000 0.0000000 0.4163199 0.0000000 0.0240924 0.1564077 0.0000000 0.0000000 0.1079901 0.0000000 0.0000000 0.1875962 0.0000000 0.0000000 0.0000000 0.0000000 0.0000000
 38 R  38 0.0659909 0.4835230 0.0443111 0.0000000 0.0000000 0.0000000 0.0000000 0.0000000 0.0325573 0.0000000 0.0000000 0.0992274 0.0000000 0.0000000 0.0270091 0.0000000 0.1927526 0.0000000 0.0000000 0.0546286
 39 T  39 0.0659909 0.0000000 0.0000000 0.0000000 0.0000000 0.0443111 0.0000000 0.0000000 0.0000000 0.0000000 0.0000000 0.0270091 0.0000000 0.0000000 0.1436372 0.0816727 0.6373790 0.0000000 0.0000000 0.0000000
 40 A  40 0.2654803 0.0000000 0.0000000 0.0000000 0.0000000 0.1110799 0.0000000 0.0816727 0.0000000 0.0348546 0.0000000 0.0546286 0.0643728 0.0000000 0.0389781 0.0000000 0.3489330 0.0000000 0.0000000 0.0000000
 41 A  41 0.2408177 0.2405047 0.0000000 0.0000000 0.0000000 0.0310907 0.0000000 0.0000000 0.0000000 0.0000000 0.0000000 0.0588645 0.0240924 0.0000000 0.1061504 0.0000000 0.0000000 0.0000000 0.0000000 0.2984797
 42 A  42 0.3069596 0.0000000 0.0000000 0.0000000 0.0000000 0.0240924 0.0000000 0.0347688 0.0000000 0.0612509 0.1018943 0.0000000 0.0395260 0.0000000 0.0487293 0.0597380 0.2239564 0.0000000 0.0000000 0.0990844
 43 P  43 0.0000000 0.0289226 0.1857702 0.0000000 0.0000000 0.0990844 0.0000000 0.0290414 0.0000000 0.0000000 0.0000000 0.0000000 0.0000000 0.0000000 0.5843285 0.0728528 0.0000000 0.0000000 0.0000000 0.0000000
 44 K  44 0.0000000 0.0000000 0.1450149 0.0000000 0.0000000 0.0626155 0.0000000 0.0000000 0.1080477 0.0431016 0.0000000 0.6412203 0.0000000 0.0000000 0.0000000 0.0000000 0.0000000 0.0000000 0.0000000 0.0000000
 45 A  45 0.3077128 0.0000000 0.1157809 0.0000000 0.0000000 0.0000000 0.0000000 0.0000000 0.0000000 0.0000000 0.0000000 0.0000000 0.0380213 0.0000000 0.1686065 0.0569405 0.1057078 0.0000000 0.0000000 0.2072302
 46 G  46 0.3637379 0.0000000 0.0000000 0.0000000 0.0000000 0.0000000 0.0000000 0.3108503 0.0000000 0.0000000 0.0000000 0.0000000 0.0000000 0.0000000 0.0747701 0.1071123 0.1435295 0.0000000 0.0000000 0.0000000
 47 P  47 0.0000000 0.0000000 0.0444967 0.0000000 0.0000000 0.0651420 0.0000000 0.0531374 0.0000000 0.0000000 0.0000000 0.0000000 0.0000000 0.0000000 0.6998383 0.0431016 0.0942841 0.0000000 0.0000000 0.0000000
 48 G  48 0.1080477 0.0000000 0.0431016 0.0000000 0.0000000 0.0000000 0.0000000 0.5646080 0.0000000 0.0000000 0.0000000 0.0000000 0.0000000 0.0000000 0.1133464 0.0886191 0.0000000 0.0000000 0.0000000 0.0822772
 49 V  49 0.0531374 0.0000000 0.0000000 0.0000000 0.0000000 0.0000000 0.0000000 0.0000000 0.0000000 0.2321151 0.1332092 0.0000000 0.1908431 0.0000000 0.0000000 0.1177590 0.0000000 0.0000000 0.0000000 0.2729362
 50 V  50 0.1608605 0.2840096 0.0295875 0.0000000 0.0000000 0.0000000 0.0000000 0.0692825 0.0000000 0.0000000 0.0848059 0.0000000 0.0000000 0.0000000 0.0000000 0.0337735 0.0000000 0.0000000 0.0000000 0.3376804
 51 R  51 0.0000000 0.4664007 0.0000000 0.0000000 0.0000000 0.0000000 0.0000000 0.0000000 0.0000000 0.0000000 0.0000000 0.4708363 0.0000000 0.0000000 0.0000000 0.0000000 0.0000000 0.0627630 0.0000000 0.0000000
 52 K  52 0.0000000 0.1435916 0.2668788 0.0000000 0.0000000 0.0000000 0.0000000 0.0000000 0.0000000 0.0000000 0.0000000 0.5895296 0.0000000 0.0000000 0.0000000 0.0000000 0.0000000 0.0000000 0.0000000 0.0000000
 53 N  53 0.0998998 0.0000000 0.3388041 0.0000000 0.0000000 0.0000000 0.0000000 0.0000000 0.0000000 0.0000000 0.0000000 0.0000000 0.0000000 0.0000000 0.5002838 0.0000000 0.0610124 0.0000000 0.0000000 0.0000000
 54 P  54 0.1356616 0.0000000 0.0000000 0.0000000 0.0000000 0.0000000 0.0000000 0.1857095 0.0000000 0.0000000 0.0000000 0.0000000 0.0000000 0.0000000 0.5733474 0.0528919 0.0523895 0.0000000 0.0000000 0.0000000
 55 G  55 0.1738712 0.0000000 0.0000000 0.0000000 0.0000000 0.0000000 0.0000000 0.2111356 0.0000000 0.0906969 0.1015305 0.0000000 0.0000000 0.0000000 0.0000000 0.1961180 0.2266478 0.0000000 0.0000000 0.0000000
 56 V  56 0.1326542 0.0000000 0.0000000 0.0000000 0.0000000 0.0000000 0.0000000 0.1112380 0.0000000 0.0339220 0.0431255 0.0000000 0.0000000 0.0000000 0.0000000 0.1707580 0.0316861 0.0000000 0.0000000 0.4766163
 57 G  57 0.1008195 0.2966372 0.0000000 0.0000000 0.0000000 0.0000000 0.0000000 0.6025433 0.0000000 0.0000000 0.0000000 0.0000000 0.0000000 0.0000000 0.0000000 0.0000000 0.0000000 0.0000000 0.0000000 0.0000000
 58 N  58 0.0000000 0.0000000 0.7181295 0.1607138 0.0000000 0.0000000 0.0000000 0.0603177 0.0000000 0.0608390 0.0000000 0.0000000 0.0000000 0.0000000 0.0000000 0.0000000 0.0000000 0.0000000 0.0000000 0.0000000
 59 G  59 0.0000000 0.0157011 0.0000000 0.2066009 0.0000000 0.0000000 0.0000000 0.6707880 0.0000000 0.0000000 0.0000000 0.0000000 0.0499322 0.0000000 0.0000000 0.0000000 0.0000000 0.0000000 0.0000000 0.0569777
 60 D  60 0.0000000 0.0000000 0.0000000 0.4088436 0.0000000 0.0000000 0.5096284 0.0815279 0.0000000 0.0000000 0.0000000 0.0000000 0.0000000 0.0000000 0.0000000 0.0000000 0.0000000 0.0000000 0.0000000 0.0000000
 61 D  61 0.0000000 0.0000000 0.1151013 0.6581874 0.0000000 0.0000000 0.2267113 0.0000000 0.0000000 0.0000000 0.0000000 0.0000000 0.0000000 0.0000000 0.0000000 0.0000000 0.0000000 0.0000000 0.0000000 0.0000000
