   61         A         R         N         D         C         Q         E         G         H         I         L         K         M         F         P         S         T         W         Y         V         X    
  1 Q   1 0.0000000 0.0000000 0.0000000 0.0000000 0.0000000 0.8285058 0.0000000 0.0000000 0.0000000 0.0000000 0.0000000 0.0000000 0.0000000 0.0000000 0.0000000 0.0000000 0.0000000 0.0000000 0.0000000 0.0000000 0.1714942
  2 G   2 0.0000000 0.0000000 0.0000000 0.0000000 0.0000000 0.0000000 0.0000000 0.8285058 0.0000000 0.0000000 0.0000000 0.0000000 0.0000000 0.0000000 0.0000000 0.0000000 0.0000000 0.0000000 0.0000000 0.0000000 0.1714942
  3 Q   3 0.0000000 0.0000000 0.0000000 0.0000000 0.0000000 0.7620716 0.0000000 0.0000000 0.0000000 0.0000000 0.0224335 0.0440008 0.0000000 0.0000000 0.0000000 0.0000000 0.0000000 0.0000000 0.0000000 0.0000000 0.1714942
  4 E   4 0.0000000 0.0000000 0.0000000 0.5584794 0.0000000 0.0000000 0.2934641 0.0000000 0.0000000 0.0000000 0.0000000 0.0440008 0.0000000 0.0000000 0.0000000 0.0000000 0.0000000 0.0000000 0.0000000 0.0000000 0.1040557
  5 T   5 0.0917892 0.0000000 0.0000000 0.0000000 0.0000000 0.0000000 0.0000000 0.0000000 0.0000000 0.0000000 0.0302970 0.0000000 0.0259005 0.0000000 0.0000000 0.0246881 0.4074424 0.0000000 0.0000000 0.3158272 0.1040557
  6 A   6 0.6230772 0.0000000 0.0000000 0.0000000 0.0000000 0.0000000 0.0000000 0.0000000 0.0000000 0.0000000 0.0000000 0.0000000 0.0582570 0.0000000 0.0000000 0.0000000 0.0994478 0.0000000 0.0000000 0.0852187 0.1339994
  7 V   7 0.0000000 0.0000000 0.0000000 0.0000000 0.0000000 0.0000000 0.0000000 0.0000000 0.0000000 0.0299437 0.0000000 0.0000000 0.0307677 0.0000000 0.6822544 0.0000000 0.0000000 0.0000000 0.0476316 0.1053470 0.1040557
  8 A   8 0.2707206 0.0000000 0.0000000 0.0000000 0.0000000 0.0000000 0.0000000 0.0000000 0.0000000 0.0000000 0.0000000 0.0000000 0.0525731 0.0000000 0.2817715 0.0701229 0.1202249 0.0000000 0.0000000 0.1005313 0.1040557
  9 P   9 0.0000000 0.0000000 0.0000000 0.0000000 0.0000000 0.0000000 0.0000000 0.0476316 0.0000000 0.0000000 0.0000000 0.0000000 0.0000000 0.0000000 0.8483128 0.0000000 0.0000000 0.0000000 0.0000000 0.0000000 0.1040557
 10 S  10 0.0000000 0.0476316 0.6172297 0.0000000 0.0000000 0.0000000 0.0000000 0.0000000 0.0000000 0.0000000 0.0000000 0.0000000 0.0000000 0.0000000 0.0474921 0.0921139 0.0000000 0.0000000 0.0000000 0.0474762 0.1480565
 11 L  11 0.0476316 0.0000000 0.0000000 0.0000000 0.0000000 0.0000000 0.0000000 0.0000000 0.0000000 0.0000000 0.2135346 0.0000000 0.0474921 0.0000000 0.5496990 0.0375871 0.0000000 0.0000000 0.0000000 0.0000000 0.1040557
 12 V  12 0.0923205 0.0000000 0.0000000 0.0000000 0.0000000 0.0000000 0.0000000 0.5390735 0.0000000 0.0000000 0.0000000 0.0000000 0.0000000 0.0440008 0.0000000 0.0227882 0.0000000 0.0000000 0.0000000 0.1977613 0.1040557
 13 A  13 0.2397948 0.0000000 0.0000000 0.3493067 0.0000000 0.0000000 0.0468747 0.0000000 0.0000000 0.0000000 0.0000000 0.0000000 0.0657988 0.0000000 0.0440008 0.0000000 0.0599890 0.0000000 0.0000000 0.0474921 0.1467431
 14 P  14 0.0000000 0.0000000 0.0000000 0.0000000 0.0000000 0.2295616 0.0000000 0.0476316 0.1624325 0.0000000 0.0000000 0.0000000 0.0000000 0.0000000 0.2892384 0.0676324 0.0000000 0.0000000 0.0000000 0.0994478 0.1040557
 15 A  15 0.3172506 0.0000000 0.0000000 0.0000000 0.0000000 0.0000000 0.0000000 0.1038290 0.0000000 0.2040693 0.0000000 0.0000000 0.0000000 0.1274331 0.0000000 0.0559736 0.0000000 0.0000000 0.0000000 0.1201074 0.0713369
 16 L  16 0.0525731 0.0000000 0.0000000 0.0000000 0.0000000 0.0000000 0.0000000 0.0000000 0.0000000 0.0805584 0.4800527 0.0000000 0.0000000 0.2428477 0.0000000 0.0000000 0.0000000 0.0000000 0.0000000 0.0726311 0.0713369
 17 N  17 0.0375871 0.0000000 0.6099459 0.0000000 0.0000000 0.0000000 0.0000000 0.0000000 0.1274331 0.0259005 0.0000000 0.0000000 0.0000000 0.0000000 0.0426874 0.0851089 0.0000000 0.0000000 0.0000000 0.0000000 0.0713369
 18 K  18 0.0000000 0.0000000 0.0000000 0.0000000 0.0000000 0.0000000 0.0476316 0.0000000 0.0000000 0.0000000 0.0000000 0.8810315 0.0000000 0.0000000 0.0000000 0.0000000 0.0000000 0.0000000 0.0000000 0.0000000 0.0713369
 19 P  19 0.0000000 0.0440008 0.0000000 0.0000000 0.0000000 0.0000000 0.0000000 0.0000000 0.0000000 0.0000000 0.1018440 0.0000000 0.0000000 0.0000000 0.6024746 0.1027684 0.0775753 0.0000000 0.0000000 0.0000000 0.0713369
 20 K  20 0.0000000 0.1252042 0.0000000 0.0000000 0.0000000 0.0000000 0.0000000 0.0000000 0.0000000 0.0000000 0.0000000 0.8034588 0.0000000 0.0000000 0.0000000 0.0000000 0.0000000 0.0000000 0.0000000 0.0000000 0.0713369
 21 K  21 0.0000000 0.0805584 0.0000000 0.0000000 0.0000000 0.0000000 0.0000000 0.0000000 0.0000000 0.0000000 0.0000000 0.8012299 0.0000000 0.0000000 0.0000000 0.0468747 0.0000000 0.0000000 0.0000000 0.0000000 0.0713369
 22 P  22 0.0300453 0.0000000 0.0875762 0.0000000 0.0000000 0.0000000 0.0000000 0.0000000 0.0000000 0.0686860 0.1800150 0.0000000 0.0000000 0.0000000 0.4798238 0.0299437 0.0000000 0.0000000 0.0000000 0.0000000 0.1239100
 23 L  23 0.0000000 0.0000000 0.0000000 0.0000000 0.0000000 0.0400841 0.0000000 0.0000000 0.0000000 0.2687483 0.3520024 0.0000000 0.0000000 0.0000000 0.0000000 0.0404744 0.0000000 0.0000000 0.0000000 0.0000000 0.2986909
 24 D  24 0.0474921 0.0000000 0.0000000 0.0225711 0.0000000 0.0000000 0.0000000 0.5183590 0.0000000 0.0000000 0.0000000 0.0000000 0.0000000 0.0000000 0.0000000 0.0859199 0.0163416 0.0000000 0.0000000 0.0000000 0.3093163
 25 D  25 0.0000000 0.0000000 0.0000000 0.0225711 0.0000000 0.0000000 0.0000000 0.0000000 0.0000000 0.0000000 0.0000000 0.0000000 0.0000000 0.0000000 0.1656376 0.2882448 0.2986920 0.0000000 0.0000000 0.0000000 0.2248545
 26 D  26 0.0367583 0.0468747 0.0000000 0.0225711 0.0000000 0.0805584 0.0000000 0.1092367 0.0000000 0.0224335 0.0000000 0.0000000 0.0000000 0.0000000 0.0000000 0.2189525 0.0375871 0.0000000 0.0000000 0.0525731 0.3724546
 27 D  27 0.0000000 0.1123752 0.1057332 0.0225711 0.0000000 0.0375871 0.0000000 0.0842504 0.0000000 0.0000000 0.0000000 0.0000000 0.0000000 0.0000000 0.0000000 0.3219720 0.0440008 0.0000000 0.0000000 0.0000000 0.2715102
 28 A  28 0.6155344 0.0000000 0.0367583 0.0000000 0.0000000 0.0300453 0.0000000 0.0000000 0.0000000 0.0000000 0.0000000 0.0000000 0.0000000 0.0000000 0.0000000 0.0994478 0.2182142 0.0000000 0.0000000 0.0000000 0.0000000
 29 A  29 0.6356354 0.0000000 0.0000000 0.0000000 0.0000000 0.0000000 0.0000000 0.0468747 0.0000000 0.0000000 0.0000000 0.0000000 0.0000000 0.0000000 0.0000000 0.0805584 0.0000000 0.0000000 0.0000000 0.2369315 0.0000000
 30 P  30 0.0000000 0.0713369 0.0000000 0.0000000 0.0000000 0.0000000 0.0000000 0.0000000 0.0000000 0.0000000 0.0000000 0.0318168 0.0000000 0.0000000 0.8968463 0.0000000 0.0000000 0.0000000 0.0000000 0.0000000 0.0000000
 31 Q  31 0.0000000 0.0000000 0.0000000 0.0000000 0.0000000 0.7023436 0.0367583 0.0000000 0.0000000 0.0000000 0.0525731 0.0000000 0.0426874 0.0000000 0.0000000 0.0000000 0.1280505 0.0000000 0.0000000 0.0000000 0.0375871
 32 R  32 0.0000000 0.7111417 0.0000000 0.0000000 0.0000000 0.0000000 0.0000000 0.0713369 0.0000000 0.0000000 0.0000000 0.0525731 0.0000000 0.0000000 0.0000000 0.0476316 0.0000000 0.0000000 0.0000000 0.0805584 0.0367583
 33 P  33 0.0600284 0.0000000 0.0000000 0.0000000 0.0000000 0.0713369 0.0000000 0.0000000 0.0000000 0.0000000 0.0440008 0.0000000 0.0000000 0.0000000 0.3980908 0.0525731 0.2945242 0.0000000 0.0000000 0.0000000 0.0794457
 34 I  34 0.0282117 0.0000000 0.0000000 0.0000000 0.0000000 0.0000000 0.0713369 0.0000000 0.0000000 0.2024079 0.0000000 0.0805584 0.0474921 0.0000000 0.0994492 0.3423085 0.0440008 0.0000000 0.0000000 0.0474762 0.0367583
 35 S  35 0.0916324 0.0000000 0.0805584 0.0000000 0.0000000 0.0525731 0.0000000 0.0000000 0.0000000 0.0000000 0.0000000 0.0000000 0.0000000 0.0000000 0.2945242 0.0940649 0.1447921 0.0000000 0.0000000 0.1732799 0.0685751
 36 T  36 0.2446168 0.0000000 0.0000000 0.0000000 0.0000000 0.0000000 0.0000000 0.0000000 0.0000000 0.0000000 0.0000000 0.0000000 0.0805584 0.0000000 0.0000000 0.0000000 0.5587735 0.0000000 0.0000000 0.0474762 0.0685751
 37 Q  37 0.0952605 0.0000000 0.0000000 0.0000000 0.0000000 0.4130167 0.0000000 0.0302970 0.1224000 0.0000000 0.0000000 0.0958441 0.0000000 0.0000000 0.1533337 0.0000000 0.0000000 0.0000000 0.0000000 0.0000000 0.0898480
 38 R  38 0.0525731 0.4127140 0.0325358 0.0000000 0.0000000 0.0000000 0.0000000 0.0000000 0.0241568 0.0000000 0.0000000 0.0727753 0.0000000 0.0000000 0.0302970 0.0000000 0.1465686 0.0000000 0.0000000 0.0426874 0.1856921
 39 T  39 0.0525731 0.0000000 0.0000000 0.0000000 0.0000000 0.0325358 0.0000000 0.0000000 0.0000000 0.0000000 0.0000000 0.0302970 0.0000000 0.0000000 0.1047152 0.0660102 0.5281767 0.0000000 0.0000000 0.0000000 0.1856921
 40 A  40 0.1956546 0.0000000 0.0000000 0.0000000 0.0000000 0.0805584 0.0000000 0.0660102 0.0000000 0.0259005 0.0000000 0.0426874 0.0468747 0.0000000 0.0299437 0.0000000 0.3266782 0.0000000 0.0000000 0.0000000 0.1856921
 41 A  41 0.1912565 0.2032612 0.0000000 0.0000000 0.0000000 0.0259005 0.0000000 0.0000000 0.0000000 0.0000000 0.0000000 0.0525731 0.0302970 0.0000000 0.0895622 0.0000000 0.0000000 0.0000000 0.0000000 0.3173016 0.0898480
 42 A  42 0.2607225 0.0000000 0.0000000 0.0000000 0.0000000 0.0302970 0.0000000 0.0299437 0.0000000 0.0440008 0.0901670 0.0000000 0.0325358 0.0000000 0.0426874 0.0474762 0.2517631 0.0000000 0.0000000 0.0805584 0.0898480
 43 P  43 0.0000000 0.0224335 0.1988411 0.0000000 0.0000000 0.0805584 0.0000000 0.0241568 0.0000000 0.0000000 0.0000000 0.0000000 0.0000000 0.0000000 0.5181520 0.0660102 0.0000000 0.0000000 0.0000000 0.0000000 0.0898480
 44 K  44 0.0000000 0.0000000 0.1160675 0.0000000 0.0000000 0.0468747 0.0000000 0.0000000 0.0805584 0.0325358 0.0000000 0.5512455 0.0000000 0.0000000 0.0000000 0.0000000 0.0000000 0.0000000 0.0000000 0.0000000 0.1727181
 45 A  45 0.2349437 0.0000000 0.0805584 0.0000000 0.0000000 0.0000000 0.0000000 0.0000000 0.0000000 0.0000000 0.0000000 0.0000000 0.0282117 0.0000000 0.1656879 0.0426874 0.0733927 0.0000000 0.0000000 0.1577994 0.2167189
 46 G  46 0.3309488 0.0000000 0.0000000 0.0000000 0.0000000 0.0000000 0.0000000 0.2464087 0.0000000 0.0000000 0.0000000 0.0000000 0.0000000 0.0000000 0.0566926 0.0844618 0.1087701 0.0000000 0.0000000 0.0000000 0.1727181
 47 P  47 0.0000000 0.0000000 0.0375871 0.0000000 0.0000000 0.0474762 0.0000000 0.0426874 0.0000000 0.0000000 0.0000000 0.0000000 0.0000000 0.0000000 0.5959638 0.0325358 0.0710315 0.0000000 0.0000000 0.0000000 0.1727181
 48 G  48 0.0805584 0.0000000 0.0325358 0.0000000 0.0000000 0.0000000 0.0000000 0.4837455 0.0000000 0.0000000 0.0000000 0.0000000 0.0000000 0.0000000 0.0919107 0.0708991 0.0000000 0.0000000 0.0000000 0.0676324 0.1727181
 49 V  49 0.0426874 0.0000000 0.0000000 0.0000000 0.0000000 0.0000000 0.0000000 0.0000000 0.0000000 0.2223805 0.1060942 0.0000000 0.1438107 0.0000000 0.0000000 0.0958441 0.0000000 0.0000000 0.0000000 0.2164650 0.1727181
 50 V  50 0.1283799 0.2193439 0.0713369 0.0000000 0.0000000 0.0000000 0.0000000 0.0527318 0.0000000 0.0000000 0.0668442 0.0000000 0.0000000 0.0000000 0.0000000 0.0246881 0.0000000 0.0000000 0.0000000 0.2639571 0.1727181
 51 R  51 0.0000000 0.3995037 0.0000000 0.0000000 0.0000000 0.0000000 0.0000000 0.0000000 0.0000000 0.0000000 0.0000000 0.4363505 0.0000000 0.0000000 0.0000000 0.0000000 0.0000000 0.0440008 0.0000000 0.0000000 0.1201450
 52 K  52 0.0000000 0.1234722 0.2193439 0.0000000 0.0000000 0.0000000 0.0000000 0.0000000 0.0000000 0.0000000 0.0000000 0.5370390 0.0000000 0.0000000 0.0000000 0.0000000 0.0000000 0.0000000 0.0000000 0.0000000 0.1201450
 53 N  53 0.0775374 0.0000000 0.2731575 0.0000000 0.0000000 0.0000000 0.0000000 0.0000000 0.0000000 0.0000000 0.0000000 0.0000000 0.0000000 0.0000000 0.4523416 0.0000000 0.0468747 0.0000000 0.0000000 0.0000000 0.1500887
 54 P  54 0.1564003 0.0000000 0.0000000 0.0000000 0.0000000 0.0000000 0.0000000 0.1535175 0.0000000 0.0000000 0.0000000 0.0000000 0.0000000 0.0000000 0.4594351 0.0404744 0.0400841 0.0000000 0.0000000 0.0000000 0.1500887
 55 G  55 0.1425480 0.0000000 0.0000000 0.0000000 0.0000000 0.0000000 0.0000000 0.1613128 0.0000000 0.0727753 0.0805584 0.0000000 0.0000000 0.0000000 0.0000000 0.1836419 0.2390187 0.0000000 0.0000000 0.0000000 0.1201450
 56 V  56 0.1086976 0.0000000 0.0000000 0.0000000 0.0000000 0.0000000 0.0000000 0.0882007 0.0000000 0.0259005 0.0325358 0.0000000 0.0000000 0.0000000 0.0000000 0.1274331 0.0241568 0.0000000 0.0000000 0.4254383 0.1676371
 57 G  57 0.0851089 0.2435007 0.0000000 0.0000000 0.0000000 0.0000000 0.0000000 0.5512455 0.0000000 0.0000000 0.0000000 0.0000000 0.0000000 0.0000000 0.0000000 0.0000000 0.0000000 0.0000000 0.0000000 0.0000000 0.1201450
 58 N  58 0.0000000 0.0000000 0.6413599 0.1384299 0.0000000 0.0000000 0.0000000 0.0525731 0.0000000 0.0474921 0.0000000 0.0000000 0.0000000 0.0000000 0.0000000 0.0000000 0.0000000 0.0000000 0.0000000 0.0000000 0.1201450
 59 G  59 0.0000000 0.0327188 0.0000000 0.1783609 0.0000000 0.0000000 0.0000000 0.5784564 0.0000000 0.0000000 0.0000000 0.0000000 0.0426874 0.0000000 0.0000000 0.0000000 0.0000000 0.0000000 0.0000000 0.0476316 0.1201450
 60 D  60 0.0000000 0.0000000 0.0000000 0.3060763 0.0000000 0.0000000 0.2977423 0.0468747 0.0000000 0.0000000 0.0000000 0.0000000 0.0000000 0.0000000 0.0000000 0.0000000 0.0000000 0.0000000 0.0000000 0.0000000 0.3493067
 61 D  61 0.0000000 0.0000000 0.0440008 0.2815885 0.0000000 0.0000000 0.1539554 0.0000000 0.0000000 0.0000000 0.0000000 0.0000000 0.0000000 0.0000000 0.0000000 0.0000000 0.0000000 0.0000000 0.0000000 0.0000000 0.5204553
