  138         A         R         N         D         C         Q         E         G         H         I         L         K         M         F         P         S         T         W         Y         V         X    
  1 P   1 0.0000000 0.0000000 0.0000000 0.0000000 0.0000000 0.0000000 0.0000000 0.0000000 0.0000000 0.0000000 0.0000000 0.0000000 0.0000000 0.0000000 0.0627350 0.0000000 0.0000000 0.0000000 0.0000000 0.0000000 0.9372650
  2 L   2 0.0032209 0.0021960 0.0000000 0.0031955 0.0000000 0.0044329 0.0000000 0.0053484 0.0000000 0.0049308 0.1285575 0.0024296 0.0252951 0.0171303 0.0000000 0.0014626 0.0000000 0.0017492 0.0000000 0.0029016 0.7971493
  3 I   3 0.0543172 0.0038677 0.0017177 0.0079490 0.0000000 0.0081018 0.0177884 0.0010695 0.0000000 0.0196604 0.0019935 0.0107961 0.0022719 0.0032965 0.1039758 0.0139415 0.0826253 0.0000000 0.0000000 0.0494868 0.6171409
  4 V   4 0.0000000 0.0000000 0.0018977 0.0020726 0.0000000 0.0000000 0.0024296 0.0000000 0.0000000 0.1132688 0.1162480 0.0000000 0.0390000 0.0000000 0.0000000 0.0000000 0.0073718 0.0000000 0.0000000 0.2628076 0.4549040
  5 P   5 0.0083085 0.0037602 0.0000000 0.0000000 0.0032965 0.0149432 0.0000000 0.0000000 0.0000000 0.0000000 0.0014169 0.0000000 0.0000000 0.0000000 0.5445266 0.0000000 0.0022395 0.0000000 0.0000000 0.0040136 0.4174950
  6 Y   6 0.0035416 0.0020560 0.0000000 0.0000000 0.0289425 0.0047545 0.0000000 0.0053463 0.0274441 0.0145488 0.0222710 0.0000000 0.0056558 0.2670117 0.0000000 0.0115425 0.0095338 0.0033351 0.2527338 0.0057367 0.3355457
  7 N   7 0.0460658 0.0395055 0.0238356 0.0302706 0.0170047 0.0297037 0.0551156 0.0010458 0.0029297 0.0122843 0.0272295 0.0604840 0.0060499 0.0191172 0.0023600 0.0748159 0.1141123 0.0000000 0.0228755 0.1043892 0.3108054
  8 L   8 0.0877940 0.0346777 0.0190961 0.0023759 0.0133625 0.0228953 0.0103002 0.1584970 0.0168527 0.0114564 0.0971174 0.0119305 0.0086186 0.0102846 0.0000000 0.0602282 0.0965882 0.0038388 0.0108530 0.0211894 0.3020435
  9 P   9 0.0685116 0.0665465 0.0325993 0.0429973 0.0045567 0.0338963 0.0487947 0.0173697 0.0225463 0.0171533 0.0250612 0.0391706 0.0083925 0.0190679 0.1428689 0.0521722 0.0647834 0.0045365 0.0032238 0.0176552 0.2680959
 10 L  10 0.0000000 0.0000000 0.0040136 0.0000000 0.0140571 0.0000000 0.0000000 0.0000000 0.0026778 0.3145303 0.3133212 0.0023759 0.0081247 0.0242232 0.0000000 0.0000000 0.0000000 0.0000000 0.0031360 0.0709263 0.2426139
 11 P  11 0.0355660 0.0112184 0.0304403 0.0168894 0.0020789 0.0569901 0.0342213 0.0110352 0.0169938 0.0047464 0.0249408 0.0184549 0.0000000 0.0151150 0.3596424 0.0695543 0.0161740 0.0000000 0.0192492 0.0079745 0.2487153
 12 G  12 0.0232989 0.0455978 0.0539222 0.0361298 0.0756757 0.0345372 0.0696971 0.2823144 0.0145266 0.0024337 0.0025297 0.0317271 0.0000000 0.0070538 0.0014253 0.0367265 0.0204793 0.0000000 0.0033150 0.0012729 0.2573372
 13 G  13 0.0088734 0.0187333 0.0159147 0.0034498 0.0054836 0.0323856 0.0285392 0.4768109 0.0011452 0.0023436 0.0024337 0.0305880 0.0000000 0.0017905 0.0824604 0.0160198 0.0112163 0.0000000 0.0059656 0.0071161 0.2487302
 14 V  14 0.0013205 0.0020245 0.0000000 0.0000000 0.0089853 0.0000000 0.0000000 0.0000000 0.0000000 0.0495736 0.4900226 0.0000000 0.1087407 0.1212474 0.0192237 0.0042183 0.0017861 0.0023555 0.0220987 0.0564769 0.1119262
 15 V  15 0.0619102 0.0922931 0.0166089 0.0132612 0.0205901 0.0697725 0.0820693 0.0383137 0.0273768 0.0211141 0.0163261 0.1110310 0.0193649 0.0134585 0.0254265 0.0764714 0.0698853 0.0279956 0.0439663 0.0436787 0.1090857
 16 P  16 0.0730954 0.0083923 0.0168650 0.0561964 0.0040281 0.0271445 0.0725383 0.0011117 0.0058505 0.0454500 0.0426377 0.0158602 0.0015718 0.0103424 0.3153331 0.0334244 0.0315992 0.0000000 0.0153399 0.1203072 0.1029121
 17 R  17 0.0075276 0.0353856 0.0093809 0.0177794 0.0000000 0.0009399 0.0013225 0.7486821 0.0119964 0.0014902 0.0000000 0.0151605 0.0032358 0.0017541 0.0059282 0.0258412 0.0069723 0.0018029 0.0041953 0.0000000 0.1006050
 18 M  18 0.0173402 0.0765651 0.0085127 0.0710650 0.0073082 0.0996294 0.0284714 0.0076565 0.0515388 0.0030374 0.0496325 0.1401132 0.0642828 0.0064511 0.0000000 0.1542694 0.0867821 0.0244180 0.0027779 0.0141952 0.0859529
 19 L  19 0.0417879 0.0655709 0.0365012 0.0053548 0.0453638 0.0305639 0.0530776 0.0041310 0.0295057 0.0248926 0.0531297 0.0732361 0.0629329 0.0085263 0.0000000 0.1473884 0.1326141 0.0064137 0.0084817 0.0949662 0.0755617
 20 I  20 0.0079527 0.0000000 0.0000000 0.0000000 0.0000000 0.0000000 0.0000000 0.0000000 0.0000000 0.3670520 0.2337923 0.0000000 0.0292769 0.0500315 0.0000000 0.0000000 0.0050412 0.0030333 0.0055788 0.2297098 0.0685316
 21 T  21 0.0271220 0.0735290 0.0073897 0.0123888 0.0012373 0.0019821 0.0662837 0.0031697 0.0215716 0.1311060 0.0621644 0.0521920 0.0176814 0.0335301 0.0000000 0.0100464 0.2520214 0.0000000 0.0305869 0.1285603 0.0674371
 22 I  22 0.0101477 0.0000000 0.0000000 0.0000000 0.0020251 0.0000000 0.0000000 0.0024591 0.0031570 0.4197857 0.1073784 0.0000000 0.0327042 0.0421957 0.0000000 0.0000000 0.0023456 0.0027278 0.0000000 0.3083972 0.0666765
 23 L  23 0.0142823 0.1448081 0.0385993 0.0052491 0.0096749 0.0971530 0.0332360 0.0120794 0.0403970 0.0361007 0.0153176 0.1263431 0.0230474 0.0105860 0.0009199 0.0836484 0.1174031 0.0040469 0.0220437 0.0983874 0.0666765
 24 G  24 0.0702336 0.0000000 0.0000000 0.0000000 0.0113298 0.0000000 0.0000000 0.8134326 0.0031570 0.0068598 0.0042513 0.0000000 0.0028816 0.0043888 0.0000000 0.0013316 0.0000000 0.0012983 0.0058377 0.0079341 0.0670636
 25 T  25 0.0356922 0.1053451 0.0175017 0.0060623 0.0200066 0.0142118 0.0415011 0.0046756 0.0482707 0.0847575 0.0556331 0.1105065 0.0280073 0.0275422 0.0000000 0.0285108 0.1681342 0.0000000 0.0273365 0.1134741 0.0628307
 26 V  26 0.0603261 0.0046597 0.0000000 0.0000000 0.0196078 0.0000000 0.0000000 0.0024009 0.0000000 0.1341212 0.0749443 0.0000000 0.0142364 0.0091626 0.2033658 0.0199105 0.0365922 0.0000000 0.0000000 0.3587681 0.0619044
 27 K  27 0.0289003 0.0553995 0.0821156 0.0504906 0.0101139 0.0163140 0.0173825 0.0210129 0.0471643 0.0144074 0.1327093 0.1230929 0.0032663 0.0396038 0.1304412 0.0506978 0.0500136 0.0174192 0.0266385 0.0072963 0.0755203
 28 P  28 0.0451288 0.0139863 0.0312233 0.0793415 0.0087181 0.0592330 0.0563516 0.0602177 0.0469704 0.0251916 0.0675081 0.0586344 0.0050199 0.0077671 0.1968362 0.1063265 0.0185188 0.0075324 0.0153057 0.0054918 0.0846966
 29 N  29 0.0357386 0.0136404 0.2011381 0.1775874 0.0021780 0.0148332 0.0645789 0.1174995 0.0554783 0.0052124 0.0441553 0.0602413 0.0105676 0.0044191 0.0151090 0.0578239 0.0317285 0.0000000 0.0112117 0.0055548 0.0713037
 30 A  30 0.3607095 0.0219266 0.0204990 0.0335262 0.0429341 0.0096479 0.0392704 0.0527437 0.0284550 0.0079605 0.0242462 0.0074009 0.0127209 0.0008843 0.1577590 0.0732912 0.0216874 0.0027555 0.0000000 0.0156013 0.0659802
 31 N  31 0.0193683 0.0289691 0.0844261 0.1377791 0.0000000 0.0674590 0.0851251 0.0728599 0.0368157 0.0064984 0.0086443 0.2066342 0.0000000 0.0009726 0.0536785 0.0603183 0.0577648 0.0036457 0.0014719 0.0190038 0.0485652
 32 R  32 0.0127111 0.3898276 0.0375267 0.0335355 0.0104797 0.1058359 0.0517689 0.0549437 0.0264417 0.0065138 0.0075405 0.0431153 0.0186787 0.0055188 0.0000000 0.1200049 0.0131873 0.0057294 0.0043493 0.0131694 0.0391219
 33 I  33 0.0029273 0.0000000 0.0000000 0.0000000 0.0106626 0.0000000 0.0020856 0.0013404 0.0000000 0.0435366 0.0559055 0.0000000 0.0087744 0.7525602 0.0010863 0.0216744 0.0015825 0.0202942 0.0017670 0.0324864 0.0433166
 34 A  34 0.1405574 0.0401243 0.0619851 0.0255322 0.0127822 0.0873474 0.0586528 0.0123255 0.0736571 0.0289123 0.0107534 0.0073225 0.0246691 0.0079536 0.0000000 0.1606963 0.1034701 0.0053522 0.0371838 0.0646372 0.0360856
 35 L  35 0.0027278 0.0000000 0.0000000 0.0000000 0.0000000 0.0000000 0.0000000 0.0000000 0.0000000 0.4131961 0.0912297 0.0000000 0.0152271 0.0468889 0.0000000 0.0037683 0.0108757 0.0000000 0.0000000 0.3781210 0.0379653
 36 D  36 0.0167904 0.0071827 0.5455909 0.1733398 0.0083085 0.0036330 0.0811704 0.0055767 0.0123790 0.0055620 0.0107542 0.0139742 0.0000000 0.0051095 0.0000000 0.0570710 0.0104690 0.0000000 0.0071172 0.0000000 0.0359715
 37 F  37 0.0000000 0.0000000 0.0022279 0.0000000 0.0000000 0.0000000 0.0000000 0.0000000 0.0000000 0.0338898 0.5432915 0.0000000 0.0119034 0.3192966 0.0052050 0.0044678 0.0059225 0.0020856 0.0145072 0.0255254 0.0316772
 38 Q  38 0.0253599 0.0716276 0.0033160 0.0090146 0.0400567 0.2027727 0.0037127 0.1018095 0.0521408 0.0161550 0.1101573 0.0723727 0.0341274 0.0027936 0.0055799 0.0238451 0.0678408 0.0000000 0.0462032 0.0762512 0.0348633
 39 R  39 0.0334969 0.0462350 0.0500381 0.0456250 0.1694388 0.0381908 0.0608756 0.0293694 0.0189579 0.0186137 0.0203797 0.0832926 0.0018903 0.0080263 0.0375570 0.1201971 0.1331084 0.0000000 0.0156454 0.0217193 0.0473428
 40 G  40 0.0181023 0.0124659 0.0892985 0.1198439 0.0000000 0.0115777 0.0635777 0.4704934 0.0108964 0.0024967 0.0000000 0.0196102 0.0000000 0.0000000 0.0270925 0.0789965 0.0305734 0.0000000 0.0013284 0.0000000 0.0436464
 41 N  41 0.0386868 0.0167539 0.1389624 0.1297081 0.0276223 0.0226913 0.0294481 0.1059543 0.0106077 0.0018434 0.0026028 0.0515622 0.0097412 0.0163852 0.1047598 0.2130758 0.0303191 0.0000000 0.0015848 0.0027888 0.0449020
 42 D  42 0.0115605 0.0018778 0.1378698 0.5397711 0.0000000 0.0126500 0.0624955 0.0411969 0.0291221 0.0028860 0.0000000 0.0028708 0.0042031 0.0026957 0.0600300 0.0219902 0.0248480 0.0000000 0.0076542 0.0047424 0.0315359
 43 V  43 0.0166122 0.0210697 0.0076776 0.0024109 0.0076214 0.0189890 0.0130556 0.0059504 0.0025465 0.4856776 0.0691624 0.0208374 0.0078263 0.0137317 0.0035043 0.0042650 0.0369992 0.0078399 0.0131467 0.2115809 0.0294951
 44 A  44 0.5284055 0.0000000 0.0096342 0.0021030 0.0123632 0.0000000 0.0101603 0.0329160 0.0028816 0.0768545 0.0590246 0.0030944 0.0054272 0.0076998 0.0862196 0.0202490 0.0229996 0.0000000 0.0080462 0.0839278 0.0279934
 45 F  45 0.0149100 0.0009991 0.0000000 0.0000000 0.0070108 0.0000000 0.0023454 0.0068135 0.0000000 0.0406119 0.4747861 0.0000000 0.0230208 0.3313250 0.0012080 0.0000000 0.0021504 0.0000000 0.0335081 0.0297221 0.0315887
 46 H  46 0.0028816 0.0383864 0.0022000 0.0040023 0.0082763 0.0283571 0.0173394 0.0000000 0.8172463 0.0000000 0.0088795 0.0093582 0.0038925 0.0105478 0.0000000 0.0016686 0.0028953 0.0000000 0.0076861 0.0063850 0.0299977
 47 F  47 0.0035268 0.0024109 0.0036946 0.0016710 0.0095462 0.0000000 0.0000000 0.0000000 0.0013888 0.1603369 0.1707124 0.0000000 0.0275708 0.4696073 0.0000000 0.0057274 0.0023099 0.0025517 0.0301210 0.0832252 0.0255989
 48 N  48 0.0190867 0.0592296 0.5674060 0.0311022 0.0116840 0.0169801 0.0198175 0.0148469 0.0043607 0.0000000 0.0058276 0.0638627 0.0000000 0.0000000 0.0128721 0.1230304 0.0133794 0.0000000 0.0000000 0.0027606 0.0337534
 49 P  49 0.0654304 0.0000000 0.0043046 0.0015385 0.0102090 0.0130655 0.0000000 0.0044310 0.0053359 0.0489074 0.0273354 0.0000000 0.0093783 0.0441649 0.5337224 0.0036134 0.0129240 0.0000000 0.0000000 0.1762838 0.0393557
 50 R  50 0.0000000 0.7527256 0.0294872 0.0044828 0.0075413 0.0122578 0.0066314 0.0024636 0.0234900 0.0091872 0.0061200 0.0045231 0.0023099 0.0019935 0.0000000 0.0221066 0.0092654 0.0013264 0.0250913 0.0265239 0.0524731
 51 F  51 0.0000000 0.0056084 0.0029437 0.0064698 0.0057954 0.0073420 0.0000000 0.0018577 0.0000000 0.0266098 0.1824456 0.0024109 0.0252724 0.5549352 0.0244590 0.0027606 0.0030944 0.0121638 0.0248909 0.0077707 0.1031695
 52 N  52 0.0242218 0.0382732 0.1164692 0.2361516 0.0016653 0.0114616 0.0582893 0.0726713 0.0367290 0.0029546 0.0150861 0.0564478 0.0023407 0.0047176 0.0199224 0.0761791 0.0369276 0.0068926 0.0058245 0.0056461 0.1711285
 53 E  53 0.0343477 0.0467315 0.0096738 0.0430891 0.0000000 0.0454340 0.2693493 0.0494079 0.0772267 0.0045538 0.0199115 0.0091277 0.0102145 0.0136923 0.0036395 0.0305003 0.0287711 0.0510389 0.0287442 0.0095983 0.2149479
 54 N  54 0.0095086 0.0259253 0.0408210 0.0360377 0.0135357 0.0068148 0.0155570 0.1931620 0.0026253 0.0080165 0.0083962 0.0156986 0.0016559 0.0078873 0.0630284 0.1454145 0.0553112 0.0131175 0.0149107 0.0100497 0.3125260
 55 N  55 0.0237640 0.0256188 0.0502348 0.1282395 0.0034500 0.0171337 0.0457617 0.1401205 0.0195021 0.0090210 0.0144966 0.0467971 0.0000000 0.0046349 0.0350038 0.0378739 0.0295633 0.0030330 0.0021224 0.0068283 0.3568007
 56 R  56 0.0282461 0.0644639 0.0163262 0.0698638 0.0059338 0.0634142 0.0671533 0.0215739 0.0153393 0.0180848 0.0182166 0.1120526 0.0039266 0.0008971 0.0126519 0.0378822 0.0287336 0.0000000 0.0000000 0.0292027 0.3860374
 57 R  57 0.0472543 0.0875525 0.1672906 0.0151797 0.0081489 0.0466594 0.0107458 0.0453716 0.0292546 0.0045273 0.0119829 0.1009689 0.0027606 0.0019556 0.1011065 0.0238428 0.0028483 0.0060740 0.0085522 0.0051090 0.2728145
 58 V  58 0.0826149 0.0339126 0.0172990 0.0000000 0.0498220 0.0495905 0.0196104 0.0000000 0.0305195 0.0577406 0.0327650 0.0407953 0.0105852 0.0293029 0.0000000 0.0359852 0.1288525 0.0084862 0.0844960 0.1802741 0.1073480
 59 I  59 0.0114384 0.0131094 0.0000000 0.0000000 0.0056128 0.0000000 0.0000000 0.0000000 0.0023436 0.3994738 0.0737987 0.0000000 0.0213743 0.0315901 0.0000000 0.0031955 0.0318733 0.0000000 0.0028966 0.3759800 0.0273134
 60 V  60 0.0322923 0.0023517 0.0028966 0.0216927 0.0094944 0.0086740 0.0498051 0.0032125 0.0000000 0.1268189 0.0312292 0.0028370 0.0000000 0.0121264 0.0000000 0.0143877 0.0242628 0.0000000 0.0089158 0.6250349 0.0239678
 61 C  61 0.0111380 0.3497761 0.0102884 0.0030944 0.1880393 0.0579566 0.0117035 0.0115196 0.0164646 0.0130520 0.0695873 0.0021227 0.0816799 0.0816625 0.0000000 0.0017019 0.0066351 0.0051299 0.0363029 0.0122812 0.0298640
 62 N  62 0.0029256 0.0067143 0.8631985 0.0098058 0.0000000 0.0042014 0.0000000 0.0048574 0.0000000 0.0000000 0.0028483 0.0064564 0.0000000 0.0000000 0.0026028 0.0264998 0.0288137 0.0000000 0.0000000 0.0000000 0.0410758
 63 T  63 0.0923953 0.0112377 0.0224917 0.0057649 0.0252430 0.0000000 0.0025668 0.0028816 0.0266302 0.0017019 0.0126482 0.0000000 0.0049460 0.0059448 0.0000000 0.4157172 0.2983366 0.0020456 0.0275184 0.0060776 0.0358526
 64 K  64 0.0170939 0.1088155 0.0163574 0.0021097 0.0819202 0.0388578 0.0119856 0.0018697 0.0287078 0.0184597 0.1199539 0.1539820 0.0541118 0.1369982 0.0031444 0.0131153 0.0162984 0.0636758 0.0694452 0.0142092 0.0288885
 65 L  65 0.0214590 0.0371004 0.0183852 0.0287750 0.0070129 0.1604531 0.0847924 0.0026028 0.0171760 0.1229151 0.1094622 0.0512682 0.0236621 0.0319540 0.0069321 0.0438371 0.0497639 0.0220803 0.0407704 0.0745034 0.0450944
 66 D  66 0.0417965 0.0920052 0.2721841 0.0772538 0.0088496 0.0442605 0.0283715 0.1564452 0.0241602 0.0099001 0.0039228 0.0651795 0.0079682 0.0237237 0.0017585 0.0758743 0.0051725 0.0025014 0.0144871 0.0069794 0.0372058
 67 N  67 0.0086308 0.0194613 0.0906284 0.0633766 0.0000000 0.0247396 0.0589255 0.5469277 0.0056917 0.0025472 0.0050386 0.0243928 0.0437196 0.0033908 0.0026957 0.0588947 0.0029002 0.0000000 0.0009630 0.0082906 0.0287852
 68 N  68 0.0704307 0.0693107 0.0620655 0.0217641 0.0254038 0.1017767 0.0738792 0.0491279 0.0226714 0.0376029 0.0142542 0.1240705 0.0079705 0.0056993 0.0136774 0.1322134 0.0632179 0.0000000 0.0049075 0.0624920 0.0374644
 69 W  69 0.0000000 0.0113030 0.0000000 0.0000000 0.0014428 0.0000000 0.0000000 0.0034032 0.0000000 0.0019556 0.0000000 0.0027936 0.0000000 0.0169936 0.0032686 0.0141208 0.0000000 0.8988586 0.0067533 0.0101884 0.0289185
 70 G  70 0.0207786 0.0140584 0.0224288 0.0412408 0.0129737 0.0747219 0.0395985 0.6462712 0.0109394 0.0013365 0.0109313 0.0257239 0.0061718 0.0000000 0.0000000 0.0361589 0.0090584 0.0000000 0.0000000 0.0059980 0.0216099
 71 R  71 0.0556378 0.1257468 0.0465590 0.0595177 0.0177136 0.0851987 0.0928075 0.0149899 0.0234770 0.0094805 0.0215963 0.0945215 0.0111114 0.0000000 0.1090375 0.0938999 0.0754487 0.0116619 0.0120536 0.0270994 0.0124411
 72 E  72 0.0467426 0.0103139 0.0079928 0.0053555 0.0000000 0.0104606 0.7938190 0.0104145 0.0016686 0.0036627 0.0118566 0.0255850 0.0024775 0.0000000 0.0126135 0.0182004 0.0096180 0.0000000 0.0069954 0.0057754 0.0164480
 73 E  73 0.0257836 0.0080491 0.0011367 0.0326459 0.0000000 0.0840753 0.6352947 0.0048295 0.0385164 0.0267452 0.0347707 0.0244102 0.0032505 0.0042553 0.0000000 0.0000000 0.0036862 0.0000000 0.0011020 0.0423006 0.0291482
 74 R  74 0.0039710 0.5398663 0.0288811 0.0032526 0.0031743 0.0223665 0.0096473 0.0041318 0.0070494 0.0606732 0.0071322 0.0878118 0.0024092 0.0142928 0.0044323 0.0352063 0.0648570 0.0028492 0.0099315 0.0473907 0.0406734
 75 Q  75 0.0165701 0.0155644 0.0348532 0.0564236 0.0880832 0.0230031 0.1502366 0.0227891 0.0820219 0.0294381 0.0375821 0.0654538 0.0063975 0.0206623 0.0170479 0.1535520 0.0661791 0.0174692 0.0249045 0.0363843 0.0353841
 76 S  76 0.0558119 0.0451072 0.0293886 0.0458251 0.0084240 0.0399946 0.0279190 0.1464464 0.0370516 0.0331219 0.0315088 0.0396694 0.0387836 0.0177906 0.1153399 0.1152495 0.0330092 0.0325181 0.0383963 0.0259954 0.0426491
 77 V  77 0.0407065 0.0350155 0.0767236 0.0487845 0.0140129 0.0237009 0.0432679 0.1364446 0.0836851 0.0142593 0.0143686 0.0705421 0.0000000 0.0169673 0.1480617 0.0696357 0.0251582 0.0028492 0.0830004 0.0318083 0.0210078
 78 F  78 0.0142205 0.0197968 0.0983552 0.0070669 0.0343545 0.0159369 0.0102633 0.0022786 0.0043996 0.0303778 0.0954775 0.0007793 0.1462883 0.3602433 0.0027367 0.0205397 0.0235878 0.0138818 0.0260306 0.0371279 0.0362569
 79 P  79 0.0203259 0.0058150 0.0264254 0.0043109 0.0166501 0.0013168 0.0039117 0.0092930 0.0094568 0.0042280 0.0443422 0.0112265 0.0015207 0.0079502 0.7161779 0.0339150 0.0180954 0.0214767 0.0013662 0.0158076 0.0263879
 80 F  80 0.0000000 0.0017083 0.0012281 0.0000000 0.0047930 0.0000000 0.0028492 0.0000000 0.0000000 0.0781908 0.1190119 0.0057842 0.0072085 0.6843450 0.0027690 0.0065726 0.0050285 0.0126377 0.0272416 0.0191254 0.0215065
 81 E  81 0.0639084 0.0796268 0.0155211 0.0125984 0.0080648 0.1523883 0.0851218 0.0234693 0.0527643 0.0425403 0.0294803 0.1075628 0.0204974 0.0239685 0.0159117 0.0755958 0.0463391 0.0000000 0.0239043 0.0933799 0.0273567
 82 S  82 0.0647946 0.1619028 0.0061028 0.0477531 0.0131701 0.0689796 0.0762716 0.0047633 0.0273578 0.0098781 0.0338120 0.1407629 0.0096124 0.0247021 0.2135712 0.0382520 0.0117669 0.0014439 0.0065116 0.0114924 0.0270989
 83 G  83 0.0045203 0.0164535 0.0716306 0.0668386 0.0013503 0.0307644 0.0536750 0.6539550 0.0115637 0.0000000 0.0046871 0.0197575 0.0014698 0.0017279 0.0030390 0.0246197 0.0064257 0.0000000 0.0076860 0.0000000 0.0198359
 84 K  84 0.0528863 0.1039373 0.0237451 0.0547479 0.0051746 0.2083842 0.1509908 0.0123649 0.0164914 0.0160797 0.0080306 0.1199789 0.0327723 0.0038138 0.0082139 0.0962404 0.0393992 0.0000000 0.0113222 0.0156315 0.0197951
 85 P  85 0.0462374 0.0203435 0.0483696 0.0460638 0.0000000 0.0477327 0.0802658 0.0196875 0.0329122 0.0156049 0.0624154 0.0168056 0.0086922 0.0509311 0.2496201 0.0864753 0.0604982 0.0000000 0.0525322 0.0316020 0.0232104
 86 F  86 0.0351277 0.0000000 0.0000000 0.0000000 0.0063991 0.0000000 0.0016253 0.0000000 0.0076952 0.0112400 0.0061434 0.0024726 0.0085276 0.8052317 0.0088705 0.0087736 0.0186001 0.0000000 0.0232510 0.0293581 0.0266841
 87 K  87 0.0201647 0.0326027 0.0280274 0.1422299 0.0156390 0.0385327 0.2559703 0.0044986 0.0237616 0.0088748 0.0413187 0.1055854 0.0139553 0.0047545 0.0000000 0.0460126 0.0938893 0.0050089 0.0064152 0.0851245 0.0276339
 88 I  88 0.0356854 0.0000000 0.0000000 0.0000000 0.0027387 0.0000000 0.0034118 0.0000000 0.0000000 0.2811921 0.3689579 0.0000000 0.0890700 0.0145388 0.0000000 0.0029320 0.0039462 0.0000000 0.0000000 0.1755326 0.0219945
 89 Q  89 0.0481321 0.0907430 0.0065909 0.0064170 0.0497592 0.0673397 0.0973338 0.0041816 0.0110623 0.0822807 0.1000464 0.0529797 0.0312509 0.0091739 0.0038371 0.0816677 0.1428334 0.0102976 0.0143998 0.0625156 0.0271575
 90 V  90 0.0000000 0.0000000 0.0000000 0.0000000 0.0033454 0.0000000 0.0000000 0.0000000 0.0000000 0.5283184 0.1189676 0.0000000 0.0144532 0.1562910 0.0000000 0.0000000 0.0077880 0.0000000 0.0015981 0.1391908 0.0300475
 91 L  91 0.0383746 0.1269304 0.0130112 0.0031086 0.0010586 0.0237941 0.0336872 0.0145416 0.0350701 0.0625198 0.2377129 0.0253238 0.0365379 0.0245574 0.0000000 0.0725387 0.0781208 0.0176559 0.0466973 0.0797600 0.0289992
 92 V  92 0.1535222 0.0189712 0.0471814 0.0125160 0.2066360 0.0000000 0.0000000 0.0022289 0.0032965 0.0515749 0.0362002 0.0081571 0.0044472 0.1186299 0.0033420 0.0294637 0.0241749 0.0045554 0.0078368 0.2382665 0.0289992
 93 E  93 0.0215002 0.0188749 0.0410528 0.1041784 0.0104272 0.0878468 0.1815576 0.1358937 0.0608412 0.0063013 0.0837635 0.0255779 0.0057356 0.0081881 0.0013415 0.0244047 0.1356555 0.0000000 0.0115229 0.0047819 0.0305543
 94 P  94 0.0851045 0.0253646 0.0661581 0.0843253 0.0034724 0.0599440 0.1554308 0.0558574 0.0571112 0.0129734 0.0363201 0.0506762 0.0107148 0.0068984 0.0848439 0.0732279 0.0301335 0.0038982 0.0292821 0.0346922 0.0335711
 95 D  95 0.0318647 0.0445218 0.0880860 0.2357740 0.0040912 0.0369753 0.1820944 0.0600691 0.0621884 0.0011626 0.0080420 0.0427874 0.0070469 0.0052330 0.0146837 0.0666181 0.0416532 0.0012279 0.0286101 0.0049483 0.0323218
 96 H  96 0.0563268 0.0524215 0.0214815 0.0366698 0.0692001 0.0367614 0.1220721 0.2020989 0.0987231 0.0044052 0.0018289 0.0877409 0.0054507 0.0081341 0.0000000 0.0873235 0.0194893 0.0024967 0.0406963 0.0143933 0.0322858
 97 F  97 0.0094850 0.0000000 0.0000000 0.0000000 0.0049902 0.0000000 0.0000000 0.0000000 0.0102593 0.0764791 0.0523657 0.0000000 0.0095666 0.4816749 0.0000000 0.0163625 0.0000000 0.0014714 0.2754555 0.0333761 0.0285139
 98 K  98 0.0031328 0.0706664 0.0159568 0.0206680 0.0012744 0.1564460 0.0834408 0.0114411 0.1108202 0.0209068 0.0573290 0.2729531 0.0122033 0.0040607 0.0011676 0.0324769 0.0549204 0.0032686 0.0136338 0.0233778 0.0298554
 99 V  99 0.0168447 0.0000000 0.0000000 0.0000000 0.0030877 0.0000000 0.0000000 0.0014367 0.0000000 0.3441091 0.0622743 0.0000000 0.0482408 0.0113681 0.0000000 0.0000000 0.0216438 0.0037744 0.0016291 0.4519876 0.0336038
100 A 100 0.2062937 0.0122021 0.0269435 0.0093651 0.0088449 0.0090193 0.0114761 0.0061821 0.0377077 0.0301014 0.0222467 0.0474307 0.0364560 0.1373071 0.0025478 0.1002567 0.1009132 0.0103203 0.1088460 0.0355926 0.0399469
101 V 101 0.0502346 0.0000000 0.0018817 0.0000000 0.0077683 0.0000000 0.0025627 0.0207187 0.0012093 0.1267970 0.1371807 0.0025478 0.0172368 0.0356153 0.0000000 0.0080567 0.0061152 0.0000000 0.0024372 0.5392673 0.0403706
102 N 102 0.0022848 0.0000000 0.5937091 0.1786205 0.0017775 0.0167838 0.0208293 0.0477679 0.0087897 0.0000000 0.0029866 0.0022000 0.0000000 0.0000000 0.0617332 0.0168380 0.0015597 0.0019105 0.0018031 0.0000000 0.0404063
103 D 103 0.0055100 0.0234905 0.0527268 0.1516209 0.0000000 0.0257315 0.0344372 0.5829856 0.0180279 0.0000000 0.0000000 0.0200572 0.0000000 0.0042461 0.0022197 0.0238605 0.0018697 0.0041104 0.0038738 0.0000000 0.0452321
104 A 104 0.0658117 0.1004316 0.0557830 0.0163426 0.0105435 0.1403372 0.0598901 0.0650422 0.0599347 0.0287328 0.0094369 0.1434370 0.0065426 0.0094175 0.0000000 0.0586720 0.0273012 0.0013136 0.0176622 0.0785954 0.0447724
105 H 105 0.0079067 0.0364735 0.0276664 0.0112512 0.0032918 0.0579862 0.0720804 0.0178057 0.3822342 0.0040528 0.0521550 0.0502825 0.0073040 0.0404765 0.0690686 0.0340156 0.0114724 0.0112169 0.0464523 0.0084141 0.0483931
106 L 106 0.0119648 0.0014482 0.0017810 0.0049723 0.0219588 0.0305360 0.0353210 0.0000000 0.0226730 0.1153432 0.1892274 0.0042689 0.0178378 0.2455411 0.0067582 0.0214319 0.0274132 0.0009909 0.0740190 0.1194950 0.0470182
107 L 107 0.1071912 0.0018096 0.0062898 0.0064877 0.0996352 0.0000000 0.0089456 0.0639020 0.0315651 0.0470811 0.1505755 0.0321115 0.0211776 0.0930806 0.0049945 0.0101613 0.1356103 0.0000000 0.0633345 0.0613189 0.0547277
108 Q 108 0.0378844 0.0193020 0.0491175 0.1132417 0.0039135 0.0841079 0.1908851 0.0092013 0.0538684 0.0089059 0.0164408 0.0600798 0.0073048 0.0073492 0.0068839 0.1505507 0.0962950 0.0046384 0.0208386 0.0098540 0.0493370
109 Y 109 0.0000000 0.0000000 0.0018119 0.0000000 0.0000000 0.0090644 0.0027626 0.0000000 0.0000000 0.0021479 0.0146861 0.0060459 0.0017446 0.5786013 0.0014293 0.0019105 0.0156579 0.0000000 0.3128349 0.0000000 0.0513029
110 N 110 0.1351907 0.0617316 0.0860177 0.0191316 0.0000000 0.0181876 0.0572869 0.0354004 0.0228290 0.0088176 0.0101701 0.1413305 0.0032264 0.0105837 0.1522159 0.0678328 0.0397642 0.0039082 0.0277269 0.0372536 0.0613945
111 H 111 0.0075297 0.0015764 0.0721464 0.0021903 0.0067250 0.0080742 0.0213787 0.0028788 0.5173459 0.0100795 0.0169777 0.0130335 0.0043305 0.0357953 0.0115625 0.0069442 0.0000000 0.0075270 0.1883295 0.0056659 0.0599091
112 R 112 0.0032965 0.7954634 0.0052833 0.0054433 0.0088950 0.0239852 0.0017438 0.0053523 0.0162034 0.0000000 0.0022311 0.0177536 0.0000000 0.0021903 0.0119640 0.0113269 0.0136209 0.0000000 0.0000000 0.0000000 0.0752472
113 V 113 0.0108305 0.0000000 0.0116929 0.0192719 0.0014698 0.0371085 0.0071101 0.0119908 0.0187095 0.1227878 0.2734262 0.0079886 0.0609413 0.0520853 0.0091528 0.0116134 0.0606729 0.0035883 0.0323106 0.1310996 0.1161491
114 K 114 0.0274395 0.0630389 0.0123581 0.0224528 0.0094241 0.0522955 0.0411258 0.1148370 0.0077475 0.0000000 0.0248514 0.0700994 0.0035106 0.0206121 0.0675379 0.0473602 0.0242952 0.0000000 0.0028788 0.0158126 0.3723225
115 K 115 0.0568861 0.0039779 0.0677332 0.0633403 0.0000000 0.0134501 0.0262017 0.0113917 0.0105805 0.0017598 0.0029421 0.0166436 0.0013360 0.0243640 0.4826466 0.0734880 0.0234700 0.0000000 0.0000000 0.0070665 0.1127221
116 L 116 0.0146377 0.0048473 0.0050507 0.0086558 0.0052421 0.0057960 0.0000000 0.0088019 0.0010665 0.0454363 0.3737131 0.0009532 0.0225798 0.0800203 0.0113295 0.0107379 0.0040279 0.0326438 0.0660821 0.0535288 0.2448493
117 N 117 0.0458376 0.0402411 0.0518443 0.0637458 0.0000000 0.0875917 0.2118270 0.0416437 0.0515501 0.0054234 0.0062213 0.0317051 0.0029451 0.0000000 0.0205018 0.1463955 0.0397053 0.0119485 0.0125577 0.0032208 0.1250942
118 E 118 0.0830848 0.0911218 0.0495901 0.1108962 0.0034831 0.0732635 0.0580943 0.0290097 0.0219164 0.0090863 0.0543196 0.0843318 0.0239472 0.0104300 0.0015188 0.1168368 0.0396846 0.0083726 0.0039196 0.0136487 0.1134440
119 I 119 0.0655895 0.0000000 0.0000000 0.0000000 0.0017279 0.0000000 0.0000000 0.0039217 0.0000000 0.4008085 0.0590592 0.0000000 0.0011941 0.0040582 0.0035268 0.0019467 0.0107637 0.0000000 0.0324263 0.3139198 0.1010576
120 S 120 0.0194177 0.1040522 0.1116192 0.1818327 0.0140957 0.0466477 0.0310379 0.0244585 0.0112718 0.0078202 0.0035268 0.0727051 0.0055810 0.0040045 0.0050235 0.0845145 0.1559908 0.0000000 0.0015731 0.0132548 0.1015725
121 K 121 0.0824883 0.0364392 0.0245447 0.0032243 0.0047104 0.0224821 0.0500458 0.0805580 0.0841328 0.0176391 0.0314745 0.0282996 0.0426105 0.0428879 0.0000000 0.0640780 0.1677940 0.0044343 0.0929071 0.0199557 0.0992938
122 L 122 0.0072025 0.0000000 0.0000000 0.0000000 0.0021030 0.0000000 0.0000000 0.0000000 0.0000000 0.1908776 0.4450352 0.0000000 0.0354255 0.0382637 0.0000000 0.0000000 0.0000000 0.0000000 0.0000000 0.1760150 0.1050775
123 G 123 0.0521175 0.0846037 0.0368927 0.0193226 0.0194555 0.1128947 0.1555610 0.0590505 0.0275363 0.0140190 0.0232210 0.0467053 0.0028936 0.0121856 0.0000000 0.1077542 0.0450056 0.0076505 0.0425318 0.0252922 0.1053067
124 I 124 0.0232529 0.0000000 0.0000000 0.0000000 0.0147243 0.0000000 0.0000000 0.0041842 0.0000000 0.3652684 0.0912305 0.0000000 0.0193694 0.0190057 0.0000000 0.0063782 0.0060766 0.0000000 0.0000000 0.3445459 0.1059640
125 S 125 0.0505817 0.0533619 0.0843398 0.1086047 0.0084517 0.0389642 0.0577344 0.0489094 0.0146183 0.0079330 0.0281786 0.0761093 0.0096160 0.0192663 0.0028092 0.1226019 0.0534875 0.0473505 0.0424842 0.0126835 0.1119139
126 G 126 0.0036757 0.0292165 0.0104093 0.0421633 0.0000000 0.0028065 0.0129434 0.7382705 0.0013598 0.0000000 0.0013839 0.0041397 0.0025472 0.0000000 0.0046560 0.0167946 0.0014280 0.0000000 0.0046646 0.0023318 0.1212092
127 D 127 0.0111730 0.0112045 0.0490144 0.5590775 0.0094318 0.0140804 0.0209169 0.0718492 0.0074638 0.0020078 0.0066230 0.0246708 0.0066669 0.0015417 0.0038712 0.0464017 0.0087810 0.0000000 0.0000000 0.0012685 0.1439559
128 I 128 0.0380880 0.0017562 0.0000000 0.0000000 0.0172212 0.0000000 0.0000000 0.0023314 0.0095401 0.1952513 0.1406902 0.0000000 0.0163879 0.0444653 0.0010540 0.0000000 0.0052668 0.0151504 0.0000000 0.3688226 0.1439749
129 D 129 0.0153686 0.0660135 0.0435545 0.0779200 0.0029790 0.1313000 0.1223320 0.0041184 0.0431905 0.0166317 0.0210293 0.0888309 0.0049843 0.0044920 0.0000000 0.0744938 0.0803618 0.0010649 0.0104707 0.0432764 0.1475877
130 L 130 0.0000000 0.0000000 0.0000000 0.0088725 0.0000000 0.0000000 0.0041522 0.0000000 0.0000000 0.1981722 0.3766246 0.0019574 0.0093439 0.0134711 0.0000000 0.0000000 0.0000000 0.0000000 0.0021873 0.1955243 0.1896945
131 T 131 0.0171592 0.0210410 0.0409388 0.0577140 0.0068504 0.0553601 0.0403843 0.0075142 0.0825883 0.0242138 0.0498663 0.0402399 0.0022560 0.0229196 0.0025561 0.0810718 0.1514256 0.0130383 0.0630778 0.0182240 0.2015604
132 S 132 0.0529044 0.0189756 0.0338364 0.0285884 0.0324597 0.0378485 0.0410703 0.0352702 0.0169615 0.0014196 0.0194965 0.0500444 0.0028435 0.0165912 0.0000000 0.3015756 0.0272161 0.0000000 0.0426067 0.0042030 0.2360885
133 A 133 0.0200830 0.0000000 0.0000000 0.0000000 0.0016545 0.0000000 0.0000000 0.0000000 0.0000000 0.2498864 0.0348473 0.0000000 0.0152082 0.0409516 0.0037849 0.0000000 0.0000000 0.0000000 0.0000000 0.3792251 0.2543590
134 S 134 0.0325375 0.0215727 0.0356995 0.0078399 0.0050412 0.0674844 0.0910434 0.0352545 0.0747848 0.0040365 0.0136243 0.0530278 0.0015450 0.0011010 0.0000000 0.0857957 0.0617505 0.0000000 0.0012074 0.0136375 0.3930163
135 Y 135 0.0038268 0.0037664 0.0000000 0.0000000 0.0000000 0.0069448 0.0000000 0.0000000 0.0159689 0.0758348 0.0245038 0.0000000 0.0332125 0.1931806 0.0061706 0.0028870 0.0025767 0.0315295 0.0677072 0.0244339 0.5074566
136 T 136 0.0077978 0.0141932 0.0020789 0.0020097 0.0122777 0.0562887 0.0799203 0.0050557 0.0000000 0.0000000 0.0110436 0.0041803 0.0000000 0.0000000 0.0000000 0.0647506 0.0482543 0.0000000 0.0000000 0.0019882 0.6901610
137 M 137 0.0000000 0.0000000 0.0537496 0.0015813 0.0000000 0.0159365 0.0000000 0.0058339 0.0000000 0.0030964 0.0023555 0.0000000 0.0324254 0.0169702 0.0000000 0.0030330 0.0064478 0.0000000 0.0259334 0.0000000 0.8326371
138 I 138 0.0000000 0.0000000 0.0000000 0.0000000 0.0000000 0.0000000 0.0000000 0.0000000 0.0000000 0.0402127 0.0193783 0.0000000 0.0089700 0.0000000 0.0000000 0.0000000 0.0000000 0.0000000 0.0000000 0.0155419 0.9158971
