   68         A         R         N         D         C         Q         E         G         H         I         L         K         M         F         P         S         T         W         Y         V    
  1 M   1 0.0000000 0.0000000 0.0000000 0.0000000 0.0000000 0.0000000 0.0000000 0.0000000 0.0000000 0.0000000 0.6490399 0.0000000 0.1431089 0.0000000 0.0000000 0.0000000 0.0000000 0.0000000 0.0000000 0.2078512
  2 R   2 0.0000000 0.4978082 0.1573937 0.0000000 0.0000000 0.0416792 0.0000000 0.0000000 0.0000000 0.0000000 0.0000000 0.2208683 0.0000000 0.0000000 0.0822506 0.0000000 0.0000000 0.0000000 0.0000000 0.0000000
  3 R   3 0.0000000 0.5580112 0.0000000 0.0000000 0.0000000 0.0000000 0.0000000 0.0000000 0.0000000 0.0000000 0.0000000 0.4419888 0.0000000 0.0000000 0.0000000 0.0000000 0.0000000 0.0000000 0.0000000 0.0000000
  4 K   4 0.0000000 0.6065838 0.0038414 0.0000000 0.0000000 0.0000000 0.0000000 0.0046490 0.0000000 0.0000000 0.0000000 0.3782142 0.0000000 0.0000000 0.0000000 0.0067116 0.0000000 0.0000000 0.0000000 0.0000000
  5 R   5 0.1407220 0.1261232 0.0050578 0.0000000 0.0059025 0.0358897 0.0029524 0.1163291 0.0000000 0.0022507 0.0830423 0.0808823 0.0000000 0.0000000 0.1942337 0.0946532 0.0841396 0.0000000 0.0000000 0.0278216
  6 R   6 0.0000000 0.9921230 0.0000000 0.0000000 0.0000000 0.0000000 0.0000000 0.0000000 0.0000000 0.0000000 0.0000000 0.0078770 0.0000000 0.0000000 0.0000000 0.0000000 0.0000000 0.0000000 0.0000000 0.0000000
  7 V   7 0.0318898 0.0000000 0.0000000 0.0000000 0.0636492 0.1383824 0.0000000 0.0057895 0.0000000 0.0139297 0.0000000 0.0103125 0.0000000 0.0000000 0.0000000 0.0000000 0.5989036 0.0000000 0.0000000 0.1371434
  8 L   8 0.4211994 0.0000000 0.0486243 0.0000000 0.0000000 0.0000000 0.0000000 0.0020894 0.0000000 0.0072332 0.1558855 0.0000000 0.0000000 0.0000000 0.1151511 0.0463893 0.1617478 0.0000000 0.0000000 0.0416800
  9 F   9 0.0000000 0.0000000 0.0000000 0.0000000 0.0000000 0.0000000 0.0000000 0.0000000 0.0000000 0.0000000 0.0000000 0.0000000 0.0000000 0.4719085 0.0000000 0.0000000 0.0000000 0.0000000 0.5280915 0.0000000
 10 S  10 0.0000000 0.0000000 0.0000000 0.0000000 0.0000000 0.0000000 0.0000000 0.0000000 0.0000000 0.0000000 0.0000000 0.0000000 0.0000000 0.0000000 0.0059970 0.2983852 0.6956178 0.0000000 0.0000000 0.0000000
 11 Q  11 0.0000000 0.3467000 0.1035894 0.0319550 0.0000000 0.1141465 0.0000000 0.0115438 0.0381200 0.0000000 0.0000000 0.1092472 0.0000000 0.0000000 0.0038250 0.1682139 0.0726592 0.0000000 0.0000000 0.0000000
 12 A  12 0.2535974 0.0194754 0.0119267 0.0051159 0.0000000 0.1358682 0.0442276 0.0142215 0.0765712 0.0000000 0.0158295 0.0462039 0.0033487 0.0320941 0.0160009 0.0410845 0.0798885 0.0018559 0.1985186 0.0041714
 13 Q  13 0.0000000 0.0076645 0.0000000 0.0000000 0.0000000 0.9923355 0.0000000 0.0000000 0.0000000 0.0000000 0.0000000 0.0000000 0.0000000 0.0000000 0.0000000 0.0000000 0.0000000 0.0000000 0.0000000 0.0000000
 14 V  14 0.0137395 0.0000000 0.0000000 0.0000000 0.0000000 0.0000000 0.0000000 0.0000000 0.0000000 0.0810378 0.4065836 0.0000000 0.0000000 0.0000000 0.0000000 0.0000000 0.2920803 0.0045059 0.0000000 0.2020529
 15 Y  15 0.0000000 0.0000000 0.0043022 0.0000000 0.0000000 0.0035320 0.0000000 0.0054592 0.0116184 0.0395184 0.5898339 0.0000000 0.0025077 0.0957371 0.0000000 0.0207807 0.0554912 0.0000000 0.0905492 0.0806700
 16 E  16 0.0329362 0.0000000 0.0030976 0.0000000 0.0000000 0.0286115 0.8840927 0.0319550 0.0000000 0.0000000 0.0054592 0.0030462 0.0000000 0.0000000 0.0000000 0.0108017 0.0000000 0.0000000 0.0000000 0.0000000
 17 L  17 0.0000000 0.0000000 0.0000000 0.0000000 0.0000000 0.0000000 0.0000000 0.0000000 0.0000000 0.0000000 0.9788131 0.0000000 0.0211869 0.0000000 0.0000000 0.0000000 0.0000000 0.0000000 0.0000000 0.0000000
 18 E  18 0.0000000 0.0000000 0.0000000 0.0000000 0.0000000 0.0000000 1.0000000 0.0000000 0.0000000 0.0000000 0.0000000 0.0000000 0.0000000 0.0000000 0.0000000 0.0000000 0.0000000 0.0000000 0.0000000 0.0000000
 19 R  19 0.0000000 0.2260395 0.0193458 0.0000000 0.0000000 0.0047251 0.0000000 0.0000000 0.0148164 0.0000000 0.0000000 0.7182870 0.0000000 0.0000000 0.0000000 0.0095657 0.0072206 0.0000000 0.0000000 0.0000000
 20 R  20 0.0000000 0.2437094 0.0000000 0.0000000 0.0000000 0.0702270 0.6092303 0.0000000 0.0030568 0.0000000 0.0000000 0.0444007 0.0000000 0.0000000 0.0000000 0.0000000 0.0265802 0.0000000 0.0027957 0.0000000
 21 F  21 0.0000000 0.0000000 0.0000000 0.0000000 0.0000000 0.0000000 0.0000000 0.0000000 0.0000000 0.0000000 0.0077151 0.0000000 0.0000000 0.9832037 0.0000000 0.0000000 0.0000000 0.0000000 0.0090812 0.0000000
 22 K  22 0.0202897 0.1076677 0.0114445 0.0095657 0.0000000 0.0226988 0.0399668 0.0000000 0.5204431 0.0028978 0.0984281 0.1499710 0.0000000 0.0000000 0.0000000 0.0119468 0.0028196 0.0000000 0.0018603 0.0000000
 23 Q  23 0.0227108 0.0188314 0.0000000 0.0020933 0.0108371 0.2019208 0.0175253 0.0040493 0.0102196 0.0200620 0.0318821 0.0319006 0.0025477 0.4952261 0.0000000 0.0226733 0.0244615 0.0000000 0.0623010 0.0207580
 24 Q  24 0.0062596 0.0000000 0.6271199 0.0000000 0.0024777 0.2387646 0.0000000 0.0000000 0.0218085 0.0000000 0.0000000 0.0828742 0.0000000 0.0000000 0.0000000 0.0169301 0.0037653 0.0000000 0.0000000 0.0000000
 25 K  25 0.0102731 0.4755685 0.0000000 0.0000000 0.0000000 0.0440254 0.0000000 0.0000000 0.0234304 0.0000000 0.0000000 0.3486505 0.0556725 0.0000000 0.0301404 0.0045059 0.0077332 0.0000000 0.0000000 0.0000000
 26 Y  26 0.0000000 0.0000000 0.0000000 0.0000000 0.0000000 0.0000000 0.0000000 0.0000000 0.0000000 0.0000000 0.0000000 0.0000000 0.0000000 0.0000000 0.0000000 0.0000000 0.0000000 0.0000000 1.0000000 0.0000000
 27 L  27 0.0000000 0.0000000 0.0000000 0.0000000 0.0000000 0.0000000 0.0000000 0.0000000 0.0000000 0.0324275 0.9469009 0.0000000 0.0000000 0.0061597 0.0000000 0.0000000 0.0000000 0.0000000 0.0000000 0.0145119
 28 S  28 0.0191464 0.0000000 0.0094839 0.0000000 0.1500092 0.0000000 0.0000000 0.0000000 0.0000000 0.0000000 0.0000000 0.0000000 0.0000000 0.0000000 0.0049442 0.4247811 0.3854755 0.0000000 0.0000000 0.0061597
 29 A  29 0.1839022 0.6373226 0.0000000 0.0000000 0.0000000 0.0000000 0.0000000 0.0270741 0.0000000 0.0338420 0.0202915 0.0116666 0.0000000 0.0000000 0.0193178 0.0323570 0.0261196 0.0000000 0.0000000 0.0081064
 30 P  30 0.1202306 0.2410777 0.0069619 0.0454774 0.0000000 0.0102731 0.0205437 0.0000000 0.0093108 0.0000000 0.0000000 0.0303476 0.0000000 0.0000000 0.4609015 0.0229521 0.0319235 0.0000000 0.0000000 0.0000000
 31 E  31 0.0000000 0.5709506 0.0000000 0.0072206 0.0000000 0.0170145 0.3253473 0.0000000 0.0000000 0.0000000 0.0000000 0.0717519 0.0000000 0.0000000 0.0000000 0.0000000 0.0000000 0.0077151 0.0000000 0.0000000
 32 R  32 0.0000000 1.0000000 0.0000000 0.0000000 0.0000000 0.0000000 0.0000000 0.0000000 0.0000000 0.0000000 0.0000000 0.0000000 0.0000000 0.0000000 0.0000000 0.0000000 0.0000000 0.0000000 0.0000000 0.0000000
 33 E  33 0.0879491 0.0000000 0.0046349 0.0156205 0.0000000 0.0042378 0.1537200 0.0000000 0.0094972 0.3252732 0.0254751 0.0000000 0.0075030 0.0599648 0.0000000 0.0478435 0.0069602 0.0102706 0.0354908 0.2055593
 34 H  34 0.0243284 0.0000000 0.0000000 0.0370744 0.0000000 0.0689496 0.7531754 0.0000000 0.1068697 0.0000000 0.0031121 0.0000000 0.0000000 0.0000000 0.0000000 0.0000000 0.0064903 0.0000000 0.0000000 0.0000000
 35 L  35 0.0000000 0.0000000 0.0000000 0.0000000 0.0000000 0.0000000 0.0000000 0.0000000 0.0000000 0.4016609 0.3248265 0.0000000 0.0989469 0.0438544 0.0000000 0.0000000 0.0000000 0.0000000 0.0028470 0.1278642
 36 A  36 0.9086400 0.0000000 0.0000000 0.0000000 0.0000000 0.0000000 0.0000000 0.0000000 0.0000000 0.0000000 0.0000000 0.0000000 0.0000000 0.0000000 0.0000000 0.0822669 0.0046049 0.0000000 0.0000000 0.0044882
 37 S  37 0.1519370 0.0902582 0.1254532 0.0000000 0.0000000 0.0507224 0.0055173 0.0198100 0.2689601 0.0000000 0.0088406 0.0601198 0.0000000 0.0000000 0.0000000 0.1391800 0.0686519 0.0000000 0.0000000 0.0105494
 38 M  38 0.2425808 0.0033153 0.0290420 0.0016712 0.0026953 0.0085069 0.0000000 0.0174196 0.0074583 0.0266560 0.1962690 0.0062026 0.0839011 0.0000000 0.0000000 0.2588749 0.0841908 0.0000000 0.0027718 0.0284446
 39 I  39 0.0000000 0.0000000 0.0000000 0.0000000 0.0000000 0.0000000 0.0000000 0.0000000 0.0000000 0.0871490 0.8771888 0.0000000 0.0130170 0.0000000 0.0000000 0.0000000 0.0000000 0.0000000 0.0000000 0.0226451
 40 H  40 0.0117414 0.0774187 0.2214945 0.0785536 0.1916019 0.0444322 0.0113885 0.0779497 0.0483008 0.0016682 0.0034580 0.1020214 0.0604195 0.0000000 0.0000000 0.0453063 0.0119134 0.0000000 0.0000000 0.0123318
 41 L  41 0.0000000 0.0000000 0.0000000 0.0000000 0.0000000 0.0000000 0.0000000 0.0000000 0.0000000 0.0000000 0.9671282 0.0000000 0.0193531 0.0000000 0.0000000 0.0000000 0.0000000 0.0000000 0.0000000 0.0135187
 42 T  42 0.0170036 0.0000000 0.0535886 0.0000000 0.0000000 0.0000000 0.0000000 0.0000000 0.0000000 0.0000000 0.0000000 0.0040406 0.0000000 0.0000000 0.0000000 0.2210437 0.7043235 0.0000000 0.0000000 0.0000000
 43 P  43 0.0044235 0.0000000 0.0000000 0.0615298 0.0000000 0.0170036 0.7698593 0.0000000 0.0000000 0.0000000 0.0000000 0.0000000 0.0000000 0.0000000 0.0915756 0.0556082 0.0000000 0.0000000 0.0000000 0.0000000
 44 T  44 0.0230353 0.5291796 0.0079426 0.0000000 0.0000000 0.0136850 0.0000000 0.0000000 0.0000000 0.0170036 0.0000000 0.0045314 0.0000000 0.0000000 0.0000000 0.0034340 0.3809100 0.0000000 0.0000000 0.0202785
 45 Q  45 0.0000000 0.0000000 0.0000000 0.0000000 0.0000000 0.9647975 0.0000000 0.0000000 0.0294494 0.0000000 0.0000000 0.0000000 0.0000000 0.0000000 0.0057532 0.0000000 0.0000000 0.0000000 0.0000000 0.0000000
 46 V  46 0.0000000 0.0000000 0.0000000 0.0000000 0.0000000 0.0000000 0.0000000 0.0000000 0.0000000 0.3367925 0.0000000 0.0000000 0.0000000 0.0000000 0.0000000 0.0000000 0.0057872 0.0000000 0.0000000 0.6574203
 47 K  47 0.0000000 0.0000000 0.0000000 0.0000000 0.0000000 0.0000000 0.0000000 0.0000000 0.0000000 0.0000000 0.0000000 1.0000000 0.0000000 0.0000000 0.0000000 0.0000000 0.0000000 0.0000000 0.0000000 0.0000000
 48 I  48 0.0000000 0.0000000 0.0000000 0.0000000 0.0000000 0.0000000 0.0000000 0.0000000 0.0000000 0.8593438 0.0000000 0.0000000 0.0000000 0.0000000 0.0000000 0.0000000 0.0647070 0.0000000 0.0000000 0.0759492
 49 W  49 0.0000000 0.0000000 0.0000000 0.0000000 0.0000000 0.0000000 0.0000000 0.0000000 0.0000000 0.0000000 0.0000000 0.0000000 0.0000000 0.0000000 0.0000000 0.0000000 0.0000000 1.0000000 0.0000000 0.0000000
 50 F  50 0.0000000 0.0000000 0.0000000 0.0000000 0.0000000 0.0000000 0.0000000 0.0000000 0.0000000 0.0000000 0.0000000 0.0000000 0.0000000 1.0000000 0.0000000 0.0000000 0.0000000 0.0000000 0.0000000 0.0000000
 51 Q  51 0.0000000 0.0000000 0.0000000 0.0000000 0.0000000 0.9918130 0.0000000 0.0000000 0.0081870 0.0000000 0.0000000 0.0000000 0.0000000 0.0000000 0.0000000 0.0000000 0.0000000 0.0000000 0.0000000 0.0000000
 52 N  52 0.0000000 0.0000000 0.9915392 0.0084608 0.0000000 0.0000000 0.0000000 0.0000000 0.0000000 0.0000000 0.0000000 0.0000000 0.0000000 0.0000000 0.0000000 0.0000000 0.0000000 0.0000000 0.0000000 0.0000000
 53 H  53 0.0000000 0.9054146 0.0000000 0.0000000 0.0000000 0.0000000 0.0000000 0.0000000 0.0871218 0.0000000 0.0000000 0.0074636 0.0000000 0.0000000 0.0000000 0.0000000 0.0000000 0.0000000 0.0000000 0.0000000
 54 R  54 0.0000000 1.0000000 0.0000000 0.0000000 0.0000000 0.0000000 0.0000000 0.0000000 0.0000000 0.0000000 0.0000000 0.0000000 0.0000000 0.0000000 0.0000000 0.0000000 0.0000000 0.0000000 0.0000000 0.0000000
 55 Y  55 0.0598302 0.0000000 0.0097485 0.0000000 0.0000000 0.0000000 0.0000000 0.0000000 0.0000000 0.0000000 0.0000000 0.0000000 0.7096674 0.0000000 0.0000000 0.0000000 0.0278966 0.0000000 0.1928574 0.0000000
 56 K  56 0.0000000 0.0064532 0.0000000 0.0000000 0.0000000 0.0000000 0.0054455 0.0000000 0.0000000 0.0000000 0.0000000 0.9881013 0.0000000 0.0000000 0.0000000 0.0000000 0.0000000 0.0000000 0.0000000 0.0000000
 57 M  57 0.0557222 0.0000000 0.0235043 0.0000000 0.0774491 0.0529913 0.0016565 0.0000000 0.1108431 0.0000000 0.0414564 0.0000000 0.0853962 0.0159091 0.0000000 0.0130213 0.0573814 0.3908738 0.0737954 0.0000000
 58 K  58 0.0000000 0.0161436 0.0000000 0.0000000 0.0000000 0.0000000 0.0000000 0.0000000 0.0000000 0.0000000 0.0000000 0.9838564 0.0000000 0.0000000 0.0000000 0.0000000 0.0000000 0.0000000 0.0000000 0.0000000
 59 R  59 0.0000000 0.4328659 0.0000000 0.0000000 0.0000000 0.0000000 0.0000000 0.0000000 0.0000000 0.0000000 0.0000000 0.5671341 0.0000000 0.0000000 0.0000000 0.0000000 0.0000000 0.0000000 0.0000000 0.0000000
 60 Q  60 0.0450359 0.0600725 0.0106425 0.1902509 0.0028032 0.2536564 0.2142830 0.0049561 0.0000000 0.0178492 0.0631890 0.0182395 0.0336967 0.0082412 0.0000000 0.0679997 0.0017681 0.0000000 0.0000000 0.0073161
 61 A  61 0.0344114 0.0829612 0.1723202 0.0042783 0.0015140 0.1979675 0.0644684 0.0063240 0.1065693 0.0179469 0.0567815 0.0775533 0.0083455 0.0014272 0.0021995 0.0530835 0.0921784 0.0000000 0.0037768 0.0158930
 62 K  62 0.0494380 0.1027552 0.0283835 0.0167364 0.0000000 0.1401822 0.0439438 0.0042719 0.0228614 0.0291462 0.0315214 0.5005233 0.0128543 0.0000000 0.0000000 0.0022856 0.0150968 0.0000000 0.0000000 0.0000000
 63 D  63 0.2117245 0.0417609 0.0077041 0.1811665 0.0189757 0.0316598 0.2123746 0.0165791 0.0166767 0.0051329 0.0684790 0.0517262 0.0270668 0.0086339 0.0025610 0.0688589 0.0155606 0.0000000 0.0040961 0.0092627
 64 K  64 0.0329143 0.1150966 0.0391453 0.0089319 0.0000000 0.0855176 0.1228569 0.0565661 0.0089818 0.0181819 0.0089767 0.4452847 0.0000000 0.0000000 0.0274470 0.0244067 0.0031010 0.0000000 0.0000000 0.0025916
 65 A  65 0.0796953 0.0889474 0.0137058 0.0238614 0.0000000 0.0529376 0.1335865 0.1659714 0.0354451 0.0248914 0.0593340 0.0249069 0.0094126 0.0000000 0.0179635 0.1729024 0.0753669 0.0000000 0.0000000 0.0210716
 66 A  66 0.0569242 0.0000000 0.0387627 0.0593241 0.0048601 0.0257422 0.2092849 0.0239590 0.0024109 0.0311543 0.1799922 0.0381603 0.1501821 0.0049343 0.0163075 0.1209336 0.0157881 0.0000000 0.0134157 0.0078639
 67 Q  67 0.1007935 0.0379521 0.0663219 0.0859190 0.0000000 0.1051646 0.2652289 0.0277959 0.0085126 0.0000000 0.0131384 0.2163972 0.0037883 0.0000000 0.0111071 0.0412846 0.0165958 0.0000000 0.0000000 0.0000000
 68 Q  68 0.0000000 0.0000000 0.0455678 0.2622328 0.0000000 0.2504260 0.3579770 0.0000000 0.0000000 0.0000000 0.0000000 0.0837963 0.0000000 0.0000000 0.0000000 0.0000000 0.0000000 0.0000000 0.0000000 0.0000000
