   68         A         R         N         D         C         Q         E         G         H         I         L         K         M         F         P         S         T         W         Y         V         X    
  1 M   1 0.0000000 0.0000000 0.0000000 0.0000000 0.0000000 0.0000000 0.0000000 0.0000000 0.0000000 0.0000000 0.0292402 0.0000000 0.0063166 0.0000000 0.0000000 0.0000000 0.0000000 0.0000000 0.0000000 0.0261595 0.9382837
  2 R   2 0.0000000 0.2033805 0.0654542 0.0000000 0.0000000 0.0173710 0.0000000 0.0000000 0.0000000 0.0000000 0.0000000 0.0922707 0.0000000 0.0000000 0.0488584 0.0000000 0.0000000 0.0000000 0.0000000 0.0000000 0.5726653
  3 R   3 0.0000000 0.4616250 0.0000000 0.0000000 0.0000000 0.0000000 0.0000000 0.0000000 0.0000000 0.0000000 0.0000000 0.3688819 0.0000000 0.0000000 0.0000000 0.0000000 0.0000000 0.0000000 0.0000000 0.0000000 0.1694931
  4 K   4 0.0000000 0.4932343 0.0030293 0.0000000 0.0000000 0.0000000 0.0000000 0.0036687 0.0000000 0.0000000 0.0000000 0.3309401 0.0000000 0.0000000 0.0000000 0.0052819 0.0000000 0.0000000 0.0000000 0.0000000 0.1638457
  5 R   5 0.1100673 0.1159676 0.0042714 0.0000000 0.0047220 0.0271664 0.0025366 0.0925833 0.0000000 0.0018890 0.0640447 0.0822864 0.0000000 0.0000000 0.1453931 0.1022756 0.0670939 0.0000000 0.0000000 0.0202465 0.1594562
  6 R   6 0.0000000 0.8781094 0.0000000 0.0000000 0.0000000 0.0000000 0.0000000 0.0000000 0.0000000 0.0000000 0.0000000 0.0052918 0.0000000 0.0000000 0.0000000 0.0000000 0.0000000 0.0000000 0.0000000 0.0000000 0.1165988
  7 V   7 0.0276013 0.0000000 0.0000000 0.0000000 0.0708851 0.1167081 0.0000000 0.0047954 0.0000000 0.0119424 0.0000000 0.0091767 0.0000000 0.0000000 0.0000000 0.0000000 0.5387083 0.0000000 0.0000000 0.1153253 0.1048575
  8 L   8 0.3695168 0.0000000 0.0465691 0.0000000 0.0000000 0.0000000 0.0000000 0.0018425 0.0000000 0.0059393 0.1312811 0.0000000 0.0000000 0.0000000 0.1152477 0.0365609 0.1521462 0.0000000 0.0000000 0.0360387 0.1048575
  9 F   9 0.0000000 0.0000000 0.0000000 0.0000000 0.0000000 0.0000000 0.0000000 0.0000000 0.0000000 0.0000000 0.0000000 0.0000000 0.0000000 0.4154077 0.0000000 0.0000000 0.0000000 0.0000000 0.4797348 0.0000000 0.1048575
 10 S  10 0.0000000 0.0000000 0.0000000 0.0000000 0.0000000 0.0000000 0.0000000 0.0000000 0.0000000 0.0000000 0.0000000 0.0000000 0.0000000 0.0000000 0.0046181 0.2701238 0.6204006 0.0000000 0.0000000 0.0000000 0.1048575
 11 Q  11 0.0000000 0.3289596 0.0877014 0.0276541 0.0000000 0.0968869 0.0000000 0.0099630 0.0328851 0.0000000 0.0000000 0.1097470 0.0000000 0.0000000 0.0057799 0.1353934 0.0659520 0.0000000 0.0000000 0.0000000 0.0990776
 12 A  12 0.2149240 0.0176431 0.0102040 0.0046509 0.0000000 0.1355581 0.0543276 0.0120673 0.0651778 0.0000000 0.0121434 0.0439424 0.0029391 0.0272299 0.0137012 0.0349720 0.0655443 0.0016246 0.1807118 0.0035608 0.0990776
 13 Q  13 0.0000000 0.0051874 0.0000000 0.0000000 0.0000000 0.8957350 0.0000000 0.0000000 0.0000000 0.0000000 0.0000000 0.0000000 0.0000000 0.0000000 0.0000000 0.0000000 0.0000000 0.0000000 0.0000000 0.0000000 0.0990776
 14 V  14 0.0278927 0.0000000 0.0000000 0.0000000 0.0000000 0.0000000 0.0000000 0.0000000 0.0000000 0.0679872 0.3563310 0.0000000 0.0000000 0.0000000 0.0000000 0.0000000 0.2620088 0.0039861 0.0000000 0.1827166 0.0990776
 15 Y  15 0.0000000 0.0000000 0.0037583 0.0000000 0.0000000 0.0032271 0.0000000 0.0048900 0.0100668 0.0478605 0.5311005 0.0000000 0.0022314 0.0804311 0.0000000 0.0203673 0.0527122 0.0000000 0.0778796 0.0663976 0.0990776
 16 E  16 0.0281840 0.0000000 0.0027207 0.0000000 0.0000000 0.0400139 0.7855401 0.0276541 0.0000000 0.0000000 0.0048900 0.0026381 0.0000000 0.0000000 0.0000000 0.0092814 0.0000000 0.0000000 0.0000000 0.0000000 0.0990776
 17 L  17 0.0000000 0.0000000 0.0000000 0.0000000 0.0000000 0.0000000 0.0000000 0.0000000 0.0000000 0.0000000 0.8682132 0.0000000 0.0327092 0.0000000 0.0000000 0.0000000 0.0000000 0.0000000 0.0000000 0.0000000 0.0990776
 18 E  18 0.0000000 0.0000000 0.0000000 0.0000000 0.0000000 0.0000000 0.9009224 0.0000000 0.0000000 0.0000000 0.0000000 0.0000000 0.0000000 0.0000000 0.0000000 0.0000000 0.0000000 0.0000000 0.0000000 0.0000000 0.0990776
 19 R  19 0.0000000 0.1955610 0.0103579 0.0000000 0.0000000 0.0041661 0.0000000 0.0000000 0.0121822 0.0000000 0.0000000 0.6639529 0.0000000 0.0000000 0.0000000 0.0083846 0.0063177 0.0000000 0.0000000 0.0000000 0.0990776
 20 R  20 0.0000000 0.2088170 0.0000000 0.0000000 0.0000000 0.0530276 0.5574158 0.0000000 0.0026362 0.0000000 0.0000000 0.0383710 0.0000000 0.0000000 0.0000000 0.0000000 0.0382217 0.0000000 0.0024331 0.0000000 0.0990776
 21 F  21 0.0000000 0.0000000 0.0000000 0.0000000 0.0000000 0.0000000 0.0000000 0.0000000 0.0000000 0.0000000 0.0061114 0.0000000 0.0000000 0.8874649 0.0000000 0.0000000 0.0000000 0.0000000 0.0073461 0.0000000 0.0990776
 22 K  22 0.0173089 0.0882671 0.0099358 0.0083846 0.0000000 0.0347377 0.0343900 0.0000000 0.4635174 0.0025814 0.1005705 0.1265276 0.0000000 0.0000000 0.0000000 0.0104582 0.0025669 0.0000000 0.0016762 0.0000000 0.0990776
 23 Q  23 0.0198103 0.0148077 0.0000000 0.0018627 0.0095396 0.1729180 0.0152225 0.0035963 0.0088437 0.0175548 0.0268135 0.0365620 0.0023217 0.4609682 0.0000000 0.0199459 0.0203218 0.0000000 0.0517151 0.0181185 0.0990776
 24 Q  24 0.0053437 0.0000000 0.5641005 0.0000000 0.0021682 0.2048490 0.0000000 0.0000000 0.0339417 0.0000000 0.0000000 0.0723313 0.0000000 0.0000000 0.0000000 0.0148933 0.0032947 0.0000000 0.0000000 0.0000000 0.0990776
 25 K  25 0.0091767 0.4270537 0.0000000 0.0000000 0.0000000 0.0374862 0.0000000 0.0000000 0.0191239 0.0000000 0.0000000 0.2922480 0.0641389 0.0000000 0.0409628 0.0039861 0.0067462 0.0000000 0.0000000 0.0000000 0.0990776
 26 Y  26 0.0000000 0.0000000 0.0000000 0.0000000 0.0000000 0.0000000 0.0000000 0.0000000 0.0000000 0.0000000 0.0000000 0.0000000 0.0000000 0.0000000 0.0000000 0.0000000 0.0000000 0.0000000 0.9009224 0.0000000 0.0990776
 27 L  27 0.0000000 0.0000000 0.0000000 0.0000000 0.0000000 0.0000000 0.0000000 0.0000000 0.0000000 0.0268986 0.8561100 0.0000000 0.0000000 0.0051159 0.0000000 0.0000000 0.0000000 0.0000000 0.0000000 0.0127978 0.0990776
 28 S  28 0.0151400 0.0000000 0.0077143 0.0000000 0.1229233 0.0000000 0.0000000 0.0000000 0.0000000 0.0000000 0.0000000 0.0000000 0.0000000 0.0000000 0.0042334 0.3602878 0.3855077 0.0000000 0.0000000 0.0051159 0.0990776
 29 A  29 0.1588338 0.5728200 0.0000000 0.0000000 0.0000000 0.0000000 0.0000000 0.0233537 0.0000000 0.0290285 0.0183863 0.0104771 0.0000000 0.0000000 0.0319123 0.0265991 0.0223518 0.0000000 0.0000000 0.0071599 0.0990776
 30 P  30 0.1220387 0.2253505 0.0060712 0.0555498 0.0000000 0.0091767 0.0175600 0.0000000 0.0079225 0.0000000 0.0000000 0.0259524 0.0000000 0.0000000 0.3824953 0.0200180 0.0287875 0.0000000 0.0000000 0.0000000 0.0990776
 31 E  31 0.0000000 0.5237415 0.0000000 0.0063177 0.0000000 0.0298371 0.2802403 0.0000000 0.0000000 0.0000000 0.0000000 0.0546744 0.0000000 0.0000000 0.0000000 0.0000000 0.0000000 0.0061114 0.0000000 0.0000000 0.0990776
 32 R  32 0.0000000 0.9140764 0.0000000 0.0000000 0.0000000 0.0000000 0.0000000 0.0000000 0.0000000 0.0000000 0.0000000 0.0000000 0.0000000 0.0000000 0.0000000 0.0000000 0.0000000 0.0000000 0.0000000 0.0000000 0.0859236
 33 E  33 0.0911462 0.0000000 0.0041475 0.0156016 0.0000000 0.0036212 0.1304152 0.0000000 0.0248772 0.2829405 0.0218987 0.0000000 0.0067173 0.0441318 0.0000000 0.0406168 0.0060712 0.0091767 0.0303425 0.2023721 0.0859236
 34 H  34 0.0194394 0.0000000 0.0000000 0.0472207 0.0000000 0.0590795 0.6864368 0.0000000 0.0935054 0.0000000 0.0027116 0.0000000 0.0000000 0.0000000 0.0000000 0.0000000 0.0056829 0.0000000 0.0000000 0.0000000 0.0859236
 35 L  35 0.0000000 0.0000000 0.0000000 0.0000000 0.0000000 0.0000000 0.0000000 0.0000000 0.0000000 0.3649600 0.2934711 0.0000000 0.1122521 0.0378513 0.0000000 0.0000000 0.0000000 0.0000000 0.0024211 0.1188028 0.0702417
 36 A  36 0.8495529 0.0000000 0.0000000 0.0000000 0.0000000 0.0000000 0.0000000 0.0000000 0.0000000 0.0000000 0.0000000 0.0000000 0.0000000 0.0000000 0.0000000 0.0694594 0.0037815 0.0000000 0.0000000 0.0035908 0.0736154
 37 S  37 0.1283118 0.0934999 0.1317082 0.0000000 0.0000000 0.0426301 0.0048900 0.0199521 0.2489010 0.0000000 0.0073941 0.0650349 0.0000000 0.0000000 0.0000000 0.1176669 0.0578026 0.0000000 0.0000000 0.0085931 0.0736154
 38 M  38 0.2233806 0.0029966 0.0253456 0.0015942 0.0025873 0.0073415 0.0000000 0.0144642 0.0063886 0.0223618 0.1909185 0.0052093 0.0693070 0.0000000 0.0000000 0.2282312 0.0992404 0.0000000 0.0024036 0.0279881 0.0702417
 39 I  39 0.0000000 0.0000000 0.0000000 0.0000000 0.0000000 0.0000000 0.0000000 0.0000000 0.0000000 0.0727793 0.8103622 0.0000000 0.0272239 0.0000000 0.0000000 0.0000000 0.0000000 0.0000000 0.0000000 0.0193928 0.0702417
 40 H  40 0.0099178 0.0685362 0.2456560 0.0644161 0.1842128 0.0414426 0.0107175 0.0672395 0.0409981 0.0014818 0.0030505 0.0882844 0.0444084 0.0000000 0.0000000 0.0391662 0.0101324 0.0000000 0.0000000 0.0100980 0.0702417
 41 L  41 0.0000000 0.0000000 0.0000000 0.0000000 0.0000000 0.0000000 0.0000000 0.0000000 0.0000000 0.0000000 0.9222652 0.0000000 0.0149122 0.0000000 0.0000000 0.0000000 0.0000000 0.0000000 0.0000000 0.0114717 0.0513509
 42 T  42 0.0298371 0.0000000 0.0506887 0.0000000 0.0000000 0.0000000 0.0000000 0.0000000 0.0000000 0.0000000 0.0000000 0.0034512 0.0000000 0.0000000 0.0000000 0.2599330 0.6047391 0.0000000 0.0000000 0.0000000 0.0513509
 43 P  43 0.0038326 0.0000000 0.0000000 0.0524415 0.0000000 0.0298371 0.7355477 0.0000000 0.0000000 0.0000000 0.0000000 0.0000000 0.0000000 0.0000000 0.0794924 0.0474979 0.0000000 0.0000000 0.0000000 0.0000000 0.0513509
 44 T  44 0.0184611 0.5299084 0.0092953 0.0000000 0.0000000 0.0109644 0.0000000 0.0000000 0.0000000 0.0298371 0.0000000 0.0038689 0.0000000 0.0000000 0.0000000 0.0030986 0.3248290 0.0000000 0.0000000 0.0183863 0.0513509
 45 Q  45 0.0000000 0.0000000 0.0000000 0.0000000 0.0000000 0.9198957 0.0000000 0.0000000 0.0243228 0.0000000 0.0000000 0.0000000 0.0000000 0.0000000 0.0044307 0.0000000 0.0000000 0.0000000 0.0000000 0.0000000 0.0513509
 46 V  46 0.0000000 0.0000000 0.0000000 0.0000000 0.0000000 0.0000000 0.0000000 0.0000000 0.0000000 0.3575197 0.0000000 0.0000000 0.0000000 0.0000000 0.0000000 0.0000000 0.0044128 0.0000000 0.0000000 0.5987051 0.0393624
 47 K  47 0.0000000 0.0000000 0.0000000 0.0000000 0.0000000 0.0000000 0.0000000 0.0000000 0.0000000 0.0000000 0.0000000 0.9341742 0.0000000 0.0000000 0.0000000 0.0000000 0.0000000 0.0000000 0.0000000 0.0000000 0.0658258
 48 I  48 0.0000000 0.0000000 0.0000000 0.0000000 0.0000000 0.0000000 0.0000000 0.0000000 0.0000000 0.7942463 0.0000000 0.0000000 0.0000000 0.0000000 0.0000000 0.0000000 0.0536433 0.0000000 0.0000000 0.0862846 0.0658258
 49 W  49 0.0000000 0.0000000 0.0000000 0.0000000 0.0000000 0.0000000 0.0000000 0.0000000 0.0000000 0.0000000 0.0000000 0.0000000 0.0000000 0.0000000 0.0000000 0.0000000 0.0000000 0.9219489 0.0000000 0.0000000 0.0780511
 50 F  50 0.0000000 0.0000000 0.0000000 0.0000000 0.0000000 0.0000000 0.0000000 0.0000000 0.0000000 0.0000000 0.0000000 0.0000000 0.0000000 0.9219489 0.0000000 0.0000000 0.0000000 0.0000000 0.0000000 0.0000000 0.0780511
 51 Q  51 0.0000000 0.0000000 0.0000000 0.0000000 0.0000000 0.9164427 0.0000000 0.0000000 0.0055062 0.0000000 0.0000000 0.0000000 0.0000000 0.0000000 0.0000000 0.0000000 0.0000000 0.0000000 0.0000000 0.0000000 0.0780511
 52 N  52 0.0000000 0.0000000 0.9162353 0.0057136 0.0000000 0.0000000 0.0000000 0.0000000 0.0000000 0.0000000 0.0000000 0.0000000 0.0000000 0.0000000 0.0000000 0.0000000 0.0000000 0.0000000 0.0000000 0.0000000 0.0780511
 53 H  53 0.0000000 0.8426428 0.0000000 0.0000000 0.0000000 0.0000000 0.0000000 0.0000000 0.0735241 0.0000000 0.0000000 0.0057819 0.0000000 0.0000000 0.0000000 0.0000000 0.0000000 0.0000000 0.0000000 0.0000000 0.0780511
 54 R  54 0.0000000 0.9219489 0.0000000 0.0000000 0.0000000 0.0000000 0.0000000 0.0000000 0.0000000 0.0000000 0.0000000 0.0000000 0.0000000 0.0000000 0.0000000 0.0000000 0.0000000 0.0000000 0.0000000 0.0000000 0.0780511
 55 Y  55 0.0513475 0.0000000 0.0083846 0.0000000 0.0000000 0.0000000 0.0000000 0.0000000 0.0000000 0.0000000 0.0000000 0.0000000 0.6768908 0.0000000 0.0000000 0.0000000 0.0221064 0.0000000 0.1632196 0.0000000 0.0780511
 56 K  56 0.0000000 0.0048631 0.0000000 0.0000000 0.0000000 0.0000000 0.0040599 0.0000000 0.0000000 0.0000000 0.0000000 0.9074724 0.0000000 0.0000000 0.0000000 0.0000000 0.0000000 0.0000000 0.0000000 0.0000000 0.0836046
 57 M  57 0.0470607 0.0000000 0.0199167 0.0000000 0.0655694 0.0498145 0.0014481 0.0000000 0.1155634 0.0000000 0.0335722 0.0000000 0.0725831 0.0132258 0.0000000 0.0112553 0.0478069 0.3255761 0.1130030 0.0000000 0.0836046
 58 K  58 0.0000000 0.0121434 0.0000000 0.0000000 0.0000000 0.0000000 0.0000000 0.0000000 0.0000000 0.0000000 0.0000000 0.9042520 0.0000000 0.0000000 0.0000000 0.0000000 0.0000000 0.0000000 0.0000000 0.0000000 0.0836046
 59 R  59 0.0000000 0.3801870 0.0000000 0.0000000 0.0000000 0.0000000 0.0000000 0.0000000 0.0000000 0.0000000 0.0000000 0.5362084 0.0000000 0.0000000 0.0000000 0.0000000 0.0000000 0.0000000 0.0000000 0.0000000 0.0836046
 60 Q  60 0.0388142 0.0551481 0.0091767 0.2201474 0.0023932 0.2312765 0.1683311 0.0041354 0.0000000 0.0147146 0.0520596 0.0152113 0.0275496 0.0069377 0.0000000 0.0488620 0.0015250 0.0000000 0.0000000 0.0061472 0.0975706
 61 A  61 0.0270517 0.0701669 0.1323151 0.0035493 0.0013361 0.2113686 0.0545472 0.0051187 0.0992373 0.0140099 0.0452409 0.0561635 0.0074014 0.0013030 0.0018660 0.0425338 0.0956798 0.0000000 0.0033393 0.0136410 0.1141304
 62 K  62 0.0362551 0.0795143 0.0211088 0.0123241 0.0000000 0.1062055 0.0337465 0.0057799 0.0175350 0.0225456 0.0485276 0.4356408 0.0098257 0.0000000 0.0000000 0.0018141 0.0119441 0.0000000 0.0000000 0.0000000 0.1572329
 63 D  63 0.1795434 0.0293599 0.0053257 0.1254379 0.0126921 0.0222524 0.1526072 0.0110055 0.0112465 0.0039397 0.0443211 0.0355391 0.0173659 0.0059568 0.0017987 0.0692402 0.0102278 0.0000000 0.0028140 0.0062785 0.2530477
 64 K  64 0.0198507 0.0720812 0.0250868 0.0057086 0.0000000 0.0572250 0.0756876 0.0379384 0.0057224 0.0055028 0.0056268 0.3348476 0.0000000 0.0000000 0.0199544 0.0154923 0.0020460 0.0000000 0.0000000 0.0016805 0.3155487
 65 A  65 0.0478761 0.0511973 0.0082336 0.0145883 0.0000000 0.0316459 0.0730588 0.1382924 0.0211506 0.0153376 0.0360162 0.0147832 0.0052236 0.0000000 0.0108161 0.1004593 0.0722630 0.0000000 0.0000000 0.0120613 0.3469968
 66 A  66 0.0217851 0.0000000 0.0189988 0.0542475 0.0025669 0.0130273 0.1004599 0.0118592 0.0012585 0.0152135 0.1294883 0.0186023 0.0690903 0.0027287 0.0081352 0.0594289 0.0079048 0.0000000 0.0064457 0.0040744 0.4546845
 67 Q  67 0.0347213 0.0140658 0.0222262 0.0559526 0.0000000 0.0383233 0.0985024 0.0104874 0.0031409 0.0000000 0.0051746 0.0744906 0.0014672 0.0000000 0.0041451 0.0151571 0.0062222 0.0000000 0.0000000 0.0000000 0.6159235
 68 Q  68 0.0000000 0.0000000 0.0090094 0.0528560 0.0000000 0.0512960 0.0901106 0.0000000 0.0000000 0.0000000 0.0000000 0.0171384 0.0000000 0.0000000 0.0000000 0.0000000 0.0000000 0.0000000 0.0000000 0.0000000 0.7795896
