  208         A         R         N         D         C         Q         E         G         H         I         L         K         M         F         P         S         T         W         Y         V    
  1 P   1 0.0000000 0.0000000 0.0000000 0.0000000 0.0000000 0.0000000 0.0000000 0.0000000 0.0000000 0.0000000 0.0000000 0.0000000 0.0000000 0.0000000 1.0000000 0.0000000 0.0000000 0.0000000 0.0000000 0.0000000
  2 R   2 0.0000000 0.7107062 0.0000000 0.0000000 0.0016411 0.0000000 0.0020186 0.0000000 0.0833513 0.0146273 0.0080055 0.1652040 0.0000000 0.0000000 0.0000000 0.0038347 0.0032596 0.0000000 0.0020178 0.0053339
  3 L   3 0.0065534 0.0000000 0.0000000 0.0000000 0.0020668 0.0000000 0.0000000 0.0000000 0.0000000 0.0225157 0.9195347 0.0000000 0.0309167 0.0120495 0.0000000 0.0000000 0.0000000 0.0000000 0.0000000 0.0063632
  4 F   4 0.0000000 0.0000000 0.0000000 0.0000000 0.0000000 0.0000000 0.0000000 0.0000000 0.0088177 0.0037859 0.0498021 0.0000000 0.0039373 0.5154532 0.0000000 0.0010654 0.0000000 0.0165896 0.3992032 0.0013455
  5 E   5 0.0305987 0.1979416 0.0136820 0.0077527 0.0069689 0.1769823 0.0876335 0.0080693 0.1744759 0.0289403 0.0315268 0.1124432 0.0166501 0.0000000 0.0000000 0.0321150 0.0293005 0.0030905 0.0088080 0.0330207
  6 C   6 0.0084496 0.0000000 0.0035988 0.0000000 0.3096006 0.0000000 0.0000000 0.0010677 0.0019052 0.0811667 0.1334452 0.0000000 0.0157285 0.0681737 0.0000000 0.0000000 0.0016166 0.0000000 0.0104252 0.3648221
  7 S   7 0.0217992 0.0677690 0.0172047 0.0088551 0.0126834 0.0595722 0.0049038 0.0308197 0.0522402 0.0134158 0.0122365 0.0407511 0.0029426 0.0161822 0.0019952 0.4782874 0.0776255 0.0208090 0.0463580 0.0135495
  8 N   8 0.0369228 0.0100980 0.1729791 0.1937303 0.0082634 0.0135636 0.0536874 0.1374353 0.0030760 0.0330912 0.0801953 0.0158236 0.0151984 0.0479932 0.0056753 0.1102903 0.0310323 0.0143548 0.0088126 0.0077770
  9 K   9 0.1886850 0.0223043 0.0588122 0.0266119 0.0088443 0.0707817 0.1005595 0.1047153 0.0211730 0.0211106 0.0212943 0.1402491 0.0006468 0.0038509 0.0053503 0.0932644 0.0839545 0.0066701 0.0019670 0.0191550
 10 T  10 0.0358919 0.0496192 0.0695698 0.0808476 0.0000000 0.0353110 0.0250176 0.0518856 0.0154019 0.0053163 0.0215183 0.1610152 0.0511814 0.0018230 0.0088343 0.2360948 0.1388058 0.0000000 0.0026016 0.0092645
 11 G  11 0.0251656 0.0354422 0.0193585 0.0247158 0.0014179 0.0049357 0.0279696 0.7456053 0.0000000 0.0014058 0.0039468 0.0383579 0.0016958 0.0000000 0.0048172 0.0369543 0.0208758 0.0000000 0.0054890 0.0018467
 12 R  12 0.0363193 0.1296400 0.1289446 0.0537639 0.0185125 0.0563228 0.0391416 0.0068283 0.0225501 0.0291046 0.0125774 0.1407619 0.0026157 0.0235808 0.0082818 0.0814312 0.0486443 0.0033129 0.1017053 0.0559608
 13 F  13 0.0120700 0.0038399 0.0273035 0.0057249 0.0048522 0.0099684 0.0102497 0.0000000 0.0104918 0.1183285 0.2873036 0.0055129 0.0651035 0.2472106 0.0094413 0.0048408 0.0285309 0.0030472 0.0229179 0.1232623
 14 L  14 0.0299656 0.1486614 0.0168109 0.0255684 0.0079188 0.0707176 0.1628818 0.0063832 0.0411494 0.0328461 0.0406286 0.1495847 0.0040839 0.0059593 0.0000000 0.0422579 0.0722384 0.0022824 0.0082608 0.1318008
 15 A  15 0.1777824 0.0131438 0.0000000 0.0013200 0.0225750 0.0094522 0.0061267 0.0227056 0.0028819 0.0854231 0.2000135 0.0106142 0.0293939 0.0312897 0.0139168 0.0097147 0.0194832 0.0078437 0.0067520 0.3295674
 16 T  16 0.0314207 0.0307163 0.0234845 0.0569364 0.0056383 0.0488094 0.1929439 0.0012680 0.0231364 0.0230698 0.0167957 0.0856736 0.0053438 0.0152803 0.0733695 0.0643381 0.2491110 0.0000000 0.0038545 0.0488099
 17 E  17 0.0019570 0.0295716 0.0039012 0.0168367 0.0000000 0.1427261 0.6230106 0.0103057 0.0047429 0.0058203 0.0475745 0.0303332 0.0175156 0.0024534 0.0445564 0.0066969 0.0035610 0.0000000 0.0000000 0.0084369
 18 I  18 0.0132879 0.0062764 0.0000000 0.0045262 0.0221200 0.0079760 0.0496190 0.0105695 0.0046004 0.2553848 0.0730408 0.0023026 0.0192121 0.0245363 0.0110168 0.0034104 0.0252141 0.0000000 0.0011227 0.4657840
 19 V  19 0.1121649 0.0160673 0.0316664 0.0320991 0.0196676 0.0023360 0.0613277 0.1034621 0.0189872 0.0113396 0.0425041 0.0490946 0.0393224 0.0930887 0.0160695 0.1016328 0.0440776 0.0040556 0.0812653 0.1197716
 20 D  20 0.0165303 0.0415192 0.1075521 0.0964515 0.0010998 0.0174928 0.0699791 0.0472221 0.0190956 0.0103955 0.0079237 0.0345697 0.0052020 0.0214463 0.4415117 0.0362466 0.0230070 0.0000000 0.0000000 0.0027549
 21 F  21 0.0324485 0.0000000 0.0000000 0.0000000 0.0156623 0.0000000 0.0000000 0.0031409 0.0000000 0.0530997 0.2946262 0.0054567 0.0120435 0.4676377 0.0165692 0.0000000 0.0066891 0.0054353 0.0278991 0.0592918
 22 T  22 0.0648858 0.0661215 0.0535770 0.0400750 0.0603551 0.0134537 0.0313249 0.0324856 0.0118349 0.0046480 0.0715505 0.0649332 0.0029620 0.0014831 0.0135200 0.2546739 0.1576980 0.0017592 0.0144019 0.0382566
 23 Q  23 0.0518050 0.1106755 0.0077501 0.0017693 0.0016835 0.5076685 0.0045191 0.0122414 0.0216791 0.0044533 0.0162988 0.0913238 0.0145322 0.0107076 0.0258789 0.0120511 0.0193260 0.0452766 0.0298565 0.0105037
 24 D  24 0.0644247 0.0204455 0.0417761 0.2506102 0.0038280 0.0341803 0.1633383 0.0254838 0.0060565 0.0073712 0.0048818 0.0356325 0.0000000 0.0031721 0.0010019 0.2552561 0.0634663 0.0000000 0.0115499 0.0075248
 25 D  25 0.0229067 0.0018691 0.0178152 0.3750892 0.0026392 0.0424111 0.0168120 0.0000000 0.0077864 0.0243593 0.1222091 0.0074062 0.0698541 0.0039888 0.0000000 0.2549428 0.0159568 0.0000000 0.0024106 0.0115433
 26 L  26 0.0054656 0.0000000 0.0000000 0.0000000 0.0000000 0.0000000 0.0000000 0.0000000 0.0000000 0.0114931 0.8973710 0.0000000 0.0208572 0.0541511 0.0023780 0.0028765 0.0000000 0.0000000 0.0000000 0.0054074
 27 D  27 0.0519052 0.0249100 0.2568472 0.2324934 0.0154345 0.0353664 0.0777718 0.0038097 0.0101357 0.0165410 0.0746927 0.0441110 0.0180214 0.0000000 0.0207956 0.0641652 0.0341167 0.0000000 0.0034392 0.0154433
 28 E  28 0.0370447 0.0044061 0.0386939 0.0475855 0.0022720 0.0829633 0.0769942 0.0193206 0.0630284 0.0099938 0.0051237 0.0481506 0.0000000 0.0010466 0.1320913 0.2677725 0.1508074 0.0000000 0.0000000 0.0127054
 29 N  29 0.0088011 0.0470430 0.1337384 0.2253458 0.0000000 0.0172067 0.1656806 0.1186610 0.0129529 0.0000000 0.0015165 0.0866376 0.0000000 0.0037125 0.0660849 0.0523007 0.0384998 0.0027527 0.0185240 0.0005418
 30 D  30 0.0731817 0.0148664 0.0514858 0.5337698 0.0299147 0.0099346 0.0504273 0.0455124 0.0301935 0.0000000 0.0027128 0.0376273 0.0023497 0.0308153 0.0000000 0.0373792 0.0227892 0.0000000 0.0270402 0.0000000
 31 V  31 0.0623188 0.0022576 0.0029602 0.0000000 0.2148136 0.0029656 0.0000000 0.0011422 0.0000000 0.1435127 0.0460432 0.0010631 0.0093043 0.0084331 0.0000000 0.0136910 0.0344693 0.0000000 0.0011619 0.4558635
 32 Y  32 0.0078443 0.0022576 0.0000000 0.0000000 0.0091206 0.0000000 0.0000000 0.0040820 0.0122668 0.0150795 0.0243857 0.0000000 0.1510923 0.4941849 0.0000000 0.0016051 0.0000000 0.0123872 0.2546096 0.0110845
 33 L  33 0.0022776 0.0000000 0.0000000 0.0000000 0.0009865 0.0000000 0.0000000 0.0022576 0.0014547 0.4887812 0.3252189 0.0000000 0.0185462 0.0133913 0.0000000 0.0000000 0.0020027 0.0000000 0.0000000 0.1450834
 34 L  34 0.0041910 0.0000000 0.0000000 0.0000000 0.0021543 0.0000000 0.0000000 0.0000000 0.0000000 0.0702921 0.7944978 0.0000000 0.0066192 0.0215128 0.0000000 0.0000000 0.0000000 0.0011797 0.0085546 0.0909985
 35 D  35 0.0050988 0.0043755 0.0069528 0.8815639 0.0000000 0.0079299 0.0223260 0.0014560 0.0008449 0.0059813 0.0023058 0.0299050 0.0000000 0.0013323 0.0000000 0.0022933 0.0114826 0.0000000 0.0021951 0.0139569
 36 T  36 0.1300204 0.0136336 0.1022271 0.0245918 0.1811682 0.0382109 0.0009197 0.0228893 0.0228043 0.0055006 0.0542769 0.0078730 0.0022984 0.0125985 0.0016507 0.0398317 0.2952699 0.0014950 0.0054416 0.0372985
 37 W  37 0.0199516 0.0212930 0.0088940 0.0115228 0.0053054 0.0312881 0.0481232 0.4253304 0.0849351 0.0117914 0.0128835 0.0287886 0.0094976 0.0457618 0.0414143 0.0137986 0.0227680 0.0860365 0.0516409 0.0189751
 38 D  38 0.0582312 0.0202153 0.0926833 0.1037542 0.0044118 0.0399756 0.0621152 0.0512434 0.0569794 0.0006950 0.0537328 0.0477134 0.0157206 0.0570894 0.0115150 0.1878465 0.1056560 0.0009245 0.0160122 0.0134852
 39 Q  39 0.0416967 0.0175531 0.0297066 0.1144267 0.0173654 0.0808537 0.3001888 0.0436001 0.0241775 0.0201863 0.0185137 0.1656027 0.0041210 0.0000000 0.0039532 0.0299598 0.0355246 0.0000000 0.0028875 0.0496826
 40 I  40 0.0095740 0.0000000 0.0000000 0.0000000 0.0360238 0.0000000 0.0000000 0.0035765 0.0024035 0.4353608 0.1633009 0.0042842 0.0432836 0.0033760 0.0000000 0.0079828 0.0193834 0.0000000 0.0036130 0.2678375
 41 F  41 0.0025566 0.0000000 0.0000000 0.0000000 0.0017895 0.0000000 0.0000000 0.0000000 0.0055304 0.0018015 0.0007137 0.0000000 0.0041246 0.4415132 0.0000000 0.0033488 0.0000000 0.0963362 0.4383997 0.0038858
 42 F  42 0.0231945 0.0000000 0.0000000 0.0000000 0.0058887 0.0817415 0.0081820 0.0013272 0.0016477 0.1527995 0.2459949 0.0000000 0.0208285 0.0155157 0.0000000 0.0031521 0.0136597 0.0000000 0.0000000 0.4260681
 43 W  43 0.0000000 0.0000000 0.0000000 0.0000000 0.0000000 0.0000000 0.0013931 0.0030766 0.0000000 0.0244603 0.0028017 0.0000000 0.0000000 0.0390788 0.0000000 0.0000000 0.0000000 0.9088220 0.0160877 0.0042799
 44 I  44 0.0171325 0.0231891 0.0641505 0.0000000 0.0556625 0.0819483 0.0083249 0.0000000 0.0073436 0.2075222 0.0713945 0.0589978 0.0445633 0.0532100 0.0008301 0.0413337 0.0165089 0.0017718 0.0333305 0.2127857
 45 G  45 0.0000000 0.0014233 0.0000000 0.0009778 0.0036556 0.0000000 0.0028091 0.9708059 0.0000000 0.0000000 0.0000000 0.0055065 0.0000000 0.0000000 0.0109956 0.0038261 0.0000000 0.0000000 0.0000000 0.0000000
 46 K  46 0.0817097 0.1255286 0.0373043 0.0170258 0.0185434 0.0620682 0.0453651 0.0104831 0.0163439 0.0028197 0.0178471 0.2746745 0.0047007 0.0000000 0.0265577 0.1441310 0.0346308 0.0634266 0.0043283 0.0125117
 47 G  47 0.0427771 0.0790837 0.0997843 0.0504029 0.0157173 0.0977663 0.0821011 0.1598458 0.0246103 0.0020635 0.0134377 0.1733319 0.0031714 0.0140050 0.0000000 0.0455624 0.0161729 0.0540513 0.0143525 0.0117627
 48 A  48 0.3419744 0.0622969 0.0000000 0.0000000 0.1223087 0.0026738 0.0000000 0.0022203 0.0000000 0.0033814 0.0025527 0.0000000 0.0000000 0.0009403 0.0024774 0.3327023 0.0602460 0.0000000 0.0000000 0.0662259
 49 N  49 0.0241268 0.0162867 0.2030455 0.0552850 0.0069275 0.0455091 0.0115377 0.0188489 0.0134913 0.0139254 0.0140240 0.0456816 0.0008365 0.0072395 0.0301459 0.3241887 0.1022974 0.0578632 0.0014638 0.0072755
 50 E  50 0.0817904 0.1332983 0.0300329 0.0650057 0.0000000 0.0583534 0.0893036 0.0493093 0.0251324 0.0726469 0.0606837 0.0938619 0.0109890 0.0014369 0.0959924 0.0523466 0.0401861 0.0000000 0.0011469 0.0384837
 51 S  51 0.0542364 0.0459666 0.0303378 0.1031921 0.0010679 0.1077347 0.1165214 0.0076820 0.0103819 0.0245510 0.1094896 0.0979571 0.0182444 0.0229081 0.0106416 0.0636933 0.0830796 0.0065836 0.0239854 0.0617455
 52 E  52 0.0203939 0.0030445 0.0120163 0.0572829 0.0011521 0.0320298 0.6048928 0.0017148 0.0060925 0.0099309 0.0488926 0.0315097 0.0031577 0.0000000 0.0057774 0.0439030 0.0276897 0.0037438 0.0000000 0.0867755
 53 K  53 0.0133554 0.4712710 0.0124699 0.0000000 0.0000000 0.0322865 0.0097700 0.0049043 0.0000000 0.0210868 0.0237708 0.3087436 0.0018926 0.0316011 0.0017993 0.0121050 0.0273016 0.0064385 0.0045591 0.0166446
 54 E  54 0.1707510 0.0740581 0.0258096 0.0145989 0.0029597 0.0747499 0.0711556 0.0123047 0.0109862 0.0253138 0.0558850 0.2699948 0.0126017 0.0175281 0.0021292 0.0676369 0.0596580 0.0007957 0.0120221 0.0190612
 55 A  55 0.1795663 0.0297205 0.0475082 0.0123279 0.0250414 0.0540305 0.1060225 0.0279796 0.0104719 0.0121622 0.0611935 0.2108580 0.0603825 0.0241529 0.0027373 0.0612296 0.0381502 0.0038988 0.0145703 0.0179959
 56 A  56 0.7024203 0.0000000 0.0018486 0.0000000 0.0164066 0.0000000 0.0000000 0.0811267 0.0018032 0.0088926 0.0089612 0.0028627 0.0000000 0.0071918 0.0015462 0.1007658 0.0264880 0.0105257 0.0104811 0.0186795
 57 A  57 0.0452921 0.0653827 0.0115455 0.0051034 0.0082510 0.0217986 0.0107029 0.0031935 0.0043471 0.0552072 0.2872181 0.0274214 0.2008056 0.0538767 0.0055345 0.0319187 0.0263849 0.0091244 0.0237089 0.1031829
 58 E  58 0.0626078 0.0436188 0.0355190 0.0755029 0.0000000 0.0782864 0.2166200 0.0190062 0.0131168 0.0261977 0.0553480 0.2030299 0.0037005 0.0043678 0.0106372 0.0748439 0.0446149 0.0000000 0.0019391 0.0310429
 59 T  59 0.0709324 0.0238449 0.0266043 0.0150301 0.0107986 0.0097084 0.0138800 0.0044762 0.0092561 0.1116157 0.1271170 0.0241745 0.0393016 0.0893858 0.0013155 0.0470907 0.1501660 0.0239310 0.0312329 0.1701385
 60 A  60 0.5840331 0.0000000 0.0015239 0.0022043 0.0260916 0.0000000 0.0000000 0.0963074 0.0000000 0.0217851 0.0214797 0.0028856 0.0084369 0.0020838 0.0053650 0.0699830 0.0192817 0.0017559 0.0000000 0.1367831
 61 Q  61 0.0237250 0.0637242 0.0514300 0.0226645 0.0000000 0.2574080 0.1343994 0.0101386 0.0348757 0.0237437 0.0943665 0.1105983 0.0408442 0.0024088 0.0027301 0.0214219 0.0338560 0.0032336 0.0131094 0.0553219
 62 E  62 0.0508868 0.0515226 0.0445040 0.0946121 0.0051136 0.0939812 0.2732770 0.0537514 0.0119415 0.0196551 0.0122446 0.1459939 0.0103189 0.0014721 0.0000000 0.0384683 0.0112767 0.0000000 0.0285857 0.0523947
 63 Y  63 0.0163095 0.0052593 0.0000000 0.0000000 0.0000000 0.0000000 0.0044896 0.0023765 0.0074647 0.0872650 0.1420623 0.0039311 0.0359043 0.2159158 0.0000000 0.0000000 0.0065309 0.0000000 0.4640834 0.0084076
 64 L  64 0.0514959 0.0472494 0.0128770 0.0058957 0.0883892 0.0019949 0.0055341 0.0083239 0.0045335 0.2409743 0.2575601 0.0412724 0.0140293 0.0298280 0.0000000 0.0235682 0.0151349 0.0424656 0.0101852 0.0986883
 65 R  65 0.0502425 0.1016278 0.0421321 0.0925050 0.0049831 0.0952531 0.1186666 0.0244977 0.0206238 0.0312374 0.0511200 0.2003800 0.0195655 0.0139628 0.0000000 0.0532624 0.0332774 0.0000000 0.0183469 0.0283160
 66 S  66 0.0874964 0.0354922 0.0567075 0.0303415 0.0052811 0.0646003 0.0655292 0.0455023 0.0442586 0.0973743 0.0620526 0.0810529 0.0346012 0.0164992 0.0034258 0.0649732 0.1678978 0.0000000 0.0191092 0.0178049
 67 H  67 0.1023245 0.0938468 0.0418500 0.1268237 0.0026092 0.0234275 0.0490552 0.0240640 0.0890781 0.0120541 0.0521552 0.1978216 0.0591958 0.0160944 0.0000000 0.0481536 0.0237745 0.0000000 0.0201765 0.0174952
 68 P  68 0.0343070 0.0686835 0.1393502 0.0441769 0.0068270 0.0338638 0.0249405 0.0184325 0.0757450 0.0083433 0.0184449 0.1350501 0.0683568 0.0294856 0.1867110 0.0591970 0.0123759 0.0000000 0.0173786 0.0183304
 69 G  69 0.0934721 0.0572472 0.1024802 0.0636853 0.0083873 0.0432314 0.0629676 0.0860300 0.0198516 0.0451470 0.0880581 0.0600697 0.0027389 0.0180251 0.0171929 0.1392606 0.0359546 0.0000000 0.0300789 0.0261214
 70 S  70 0.0236918 0.0258493 0.0256465 0.0430674 0.0000000 0.0548294 0.1636205 0.3334430 0.0257597 0.0033060 0.0415511 0.0645613 0.0256728 0.0037775 0.0759288 0.0435957 0.0318845 0.0009169 0.0079491 0.0049487
 71 R  71 0.0051560 0.4973024 0.0279575 0.0319406 0.0026069 0.0224189 0.0921546 0.0145359 0.0173459 0.0132003 0.0293489 0.1149482 0.0035998 0.0038722 0.0094124 0.0157176 0.0027263 0.0000000 0.0861213 0.0096345
 72 D  72 0.0205017 0.0690696 0.0420549 0.1532029 0.0038527 0.0217942 0.0178751 0.0427593 0.0256745 0.0116004 0.0049076 0.0641732 0.0000000 0.0010435 0.2845181 0.1771890 0.0404702 0.0063327 0.0000000 0.0129804
 73 L  73 0.0602314 0.0660062 0.0491456 0.0531832 0.0107737 0.0312541 0.0667117 0.0710268 0.0220230 0.0222784 0.0598346 0.0912718 0.0253462 0.0087363 0.2190658 0.0719351 0.0412087 0.0050966 0.0012250 0.0236457
 74 D  74 0.0489972 0.0662120 0.0917447 0.1112851 0.0097687 0.0114387 0.0612393 0.0484292 0.0623912 0.0114667 0.0421751 0.1097519 0.0016899 0.0497959 0.0464026 0.0497454 0.0460894 0.0750142 0.0390535 0.0173094
 75 T  75 0.2009441 0.0423338 0.0095955 0.0018698 0.0530075 0.0035915 0.0000000 0.0027034 0.0085234 0.0568733 0.0335674 0.0190783 0.0084162 0.0038095 0.0196095 0.0379552 0.3961408 0.0000000 0.0036511 0.0983297
 76 P  76 0.0448520 0.0501527 0.0449188 0.0298926 0.0127159 0.0961104 0.1245523 0.0086876 0.0198339 0.0325460 0.0450150 0.0659211 0.0148897 0.0053090 0.2773578 0.0582993 0.0436360 0.0000000 0.0076108 0.0176989
 77 I  77 0.0230528 0.0085147 0.0038025 0.0029014 0.0087017 0.0017929 0.0041370 0.0161863 0.0000000 0.3807284 0.1476028 0.0139419 0.0190934 0.0064399 0.0113432 0.0110870 0.0077528 0.0000000 0.0000000 0.3329213
 78 I  78 0.0698608 0.0170503 0.0112949 0.0094213 0.0071339 0.0553548 0.0765408 0.0117795 0.0426943 0.1203966 0.0518549 0.0278142 0.0230475 0.0442541 0.0000000 0.0836208 0.1254387 0.0036702 0.1155507 0.1032217
 79 V  79 0.0291196 0.1711701 0.0058611 0.0114371 0.0113320 0.0307549 0.0208210 0.0032997 0.0050351 0.1065048 0.1313504 0.0778201 0.0129783 0.0225547 0.0086339 0.0227830 0.0917191 0.0048884 0.0045224 0.2274143
 80 V  80 0.0133890 0.0000000 0.0113258 0.0037744 0.0166328 0.0054092 0.0623761 0.0012843 0.0050040 0.2211074 0.1002507 0.0000000 0.0203755 0.0063056 0.0017084 0.0183759 0.0284547 0.0000000 0.0021196 0.4821066
 81 K  81 0.0399702 0.0481987 0.0614616 0.0422278 0.0096889 0.0359210 0.0807916 0.0023792 0.0468922 0.0485403 0.0919495 0.1234287 0.0403950 0.0170280 0.0440684 0.0592355 0.0727491 0.0224238 0.0427182 0.0699321
 82 Q  82 0.0709840 0.0045799 0.0033458 0.1239988 0.0090680 0.2523867 0.3912062 0.0121509 0.0058652 0.0067959 0.0210312 0.0332675 0.0110751 0.0065956 0.0227222 0.0227054 0.0022217 0.0000000 0.0000000 0.0000000
 83 G  83 0.0044065 0.0093511 0.0419207 0.0211981 0.0034298 0.0139822 0.0270733 0.7827407 0.0101421 0.0000000 0.0064596 0.0047340 0.0059077 0.0162726 0.0000000 0.0132744 0.0207913 0.0039209 0.0136177 0.0007773
 84 F  84 0.0926617 0.0365375 0.0839099 0.0199998 0.0102750 0.0930346 0.0778148 0.0914144 0.0586894 0.0040040 0.0763493 0.0797809 0.0103967 0.0485311 0.0032295 0.1019103 0.0529464 0.0033585 0.0433034 0.0118529
 85 E  85 0.0020877 0.0043096 0.0011045 0.0110833 0.0000000 0.0008993 0.9141485 0.0000000 0.0000000 0.0154932 0.0133976 0.0056926 0.0016781 0.0014691 0.0045937 0.0052388 0.0081089 0.0000000 0.0000000 0.0106950
 86 P  86 0.0295391 0.0080497 0.0407800 0.0294832 0.0084867 0.0153983 0.0031064 0.0088177 0.0048041 0.0047407 0.0054401 0.0013538 0.0088014 0.0000000 0.5457746 0.1608027 0.1138805 0.0000000 0.0000000 0.0107410
 87 P  87 0.1113096 0.0317982 0.0221862 0.0711250 0.0229810 0.0807694 0.0693050 0.0337869 0.0285812 0.0297872 0.0984530 0.0208811 0.0201333 0.0128920 0.1757734 0.0365218 0.0558509 0.0084921 0.0081452 0.0612277
 88 T  88 0.0866554 0.0189940 0.0273036 0.0787640 0.0041469 0.0205797 0.1957985 0.0159862 0.0179054 0.0712785 0.0843382 0.0146398 0.0335712 0.0618437 0.0139046 0.0542693 0.1281558 0.0015125 0.0052326 0.0651201
 89 F  89 0.0023075 0.0034723 0.0000000 0.0000000 0.0112896 0.0000000 0.0059364 0.0012898 0.0013831 0.0074153 0.0335375 0.0000000 0.0292342 0.8907169 0.0027003 0.0021178 0.0028758 0.0029500 0.0016358 0.0011379
 90 T  90 0.0011945 0.0966542 0.0071170 0.0036348 0.0027833 0.0137290 0.0108782 0.0000000 0.0000000 0.0573827 0.0322034 0.3217190 0.0057244 0.0074986 0.0000000 0.0077438 0.2477822 0.1671083 0.0039618 0.0128848
 91 G  91 0.0923537 0.0878662 0.0644724 0.0288549 0.0174232 0.1264822 0.1018454 0.1287292 0.0153178 0.0038197 0.0223196 0.0538752 0.0103972 0.0099564 0.0015201 0.1562999 0.0508884 0.0016798 0.0015267 0.0243719
 92 W  92 0.1029319 0.0235686 0.0228316 0.0049840 0.0324964 0.0267934 0.0037780 0.0199743 0.0342437 0.0302383 0.1774173 0.1141633 0.0425125 0.1117342 0.0030604 0.0172014 0.0151627 0.0843310 0.0758195 0.0567574
 93 F  93 0.0148116 0.0014471 0.0020232 0.0000000 0.0000000 0.0015499 0.0000000 0.0037131 0.0014500 0.0208396 0.1748876 0.0000000 0.0026730 0.7400290 0.0037540 0.0074524 0.0123913 0.0010637 0.0102378 0.0016767
 94 M  94 0.0489453 0.0752864 0.0281238 0.0470282 0.0087325 0.0553289 0.0484675 0.1920847 0.0633709 0.0143052 0.0576214 0.0706958 0.0165385 0.0273186 0.1248011 0.0502723 0.0334283 0.0039006 0.0066455 0.0271045
 95 A  95 0.1295127 0.0135017 0.0781497 0.0896353 0.0050081 0.0033331 0.0313032 0.2850606 0.0127640 0.0000000 0.0000000 0.0799266 0.0005185 0.0116230 0.0217726 0.1321623 0.0633694 0.0089208 0.0152343 0.0182041
 96 W  96 0.0070711 0.0310339 0.0010980 0.0127367 0.0009301 0.0261690 0.0239023 0.0178657 0.0000000 0.0024880 0.0086465 0.1036111 0.0000000 0.0123541 0.0388953 0.0206805 0.0178046 0.6497620 0.0223341 0.0026169
 97 D  97 0.0699989 0.0514762 0.0436810 0.2734830 0.0034425 0.0278932 0.0912724 0.0451726 0.0000000 0.0166273 0.0147740 0.0627515 0.0039279 0.0000000 0.1336624 0.0741727 0.0535458 0.0000000 0.0113292 0.0227893
 98 P  98 0.0523641 0.0239432 0.0511333 0.1802855 0.0044893 0.0206992 0.1088014 0.0393791 0.0475367 0.0167047 0.0225241 0.0468745 0.0176800 0.0104497 0.1515671 0.0850822 0.0446802 0.0046374 0.0237567 0.0474116
 99 L  99 0.0417997 0.0668439 0.0681613 0.0576744 0.0000000 0.0198373 0.0774621 0.0326035 0.0330115 0.0362077 0.0656940 0.0798928 0.0085744 0.0351523 0.0505401 0.0863009 0.0585355 0.0007889 0.0969520 0.0839677
100 C 100 0.0454228 0.0670217 0.0278856 0.0677802 0.0030127 0.0251625 0.0778996 0.0358925 0.0127229 0.0544439 0.1026770 0.1986428 0.0395028 0.0182134 0.0782684 0.0555513 0.0224077 0.0152647 0.0344762 0.0177514
101 W 101 0.0758033 0.0547552 0.0244988 0.0802531 0.0126190 0.0681321 0.0700669 0.0388271 0.0111446 0.0209400 0.0449764 0.0650246 0.0055927 0.0241653 0.0630742 0.1067488 0.0643351 0.1173939 0.0206684 0.0309805
102 S 102 0.0703471 0.0532382 0.0393509 0.0702306 0.0000000 0.0443543 0.0683858 0.0555103 0.0057243 0.0630110 0.0390936 0.0829529 0.0091337 0.0053614 0.0681720 0.1240344 0.0952410 0.0000000 0.0147533 0.0911052
103 D 103 0.0764313 0.0338208 0.0961455 0.1119372 0.0049896 0.0383992 0.0615379 0.0365091 0.0332953 0.0353557 0.0460820 0.0862531 0.0315292 0.0162725 0.0762309 0.0694865 0.0597772 0.0015497 0.0191484 0.0652487
104 R 104 0.0432368 0.0520864 0.0571666 0.0765212 0.0022348 0.0322539 0.0723367 0.1302693 0.0430168 0.0273846 0.0473287 0.0475779 0.0217571 0.0506319 0.0662486 0.0745424 0.0402487 0.0000000 0.0632472 0.0519102
105 K 105 0.0449349 0.0329273 0.0492283 0.0586673 0.0106676 0.0358169 0.0532309 0.0615840 0.0162407 0.0495805 0.1465626 0.0895179 0.0311650 0.0299678 0.0797362 0.0733127 0.0814905 0.0000000 0.0104488 0.0449200
106 S 106 0.0333034 0.0609796 0.0952802 0.0969026 0.0245747 0.0581145 0.0683388 0.1056899 0.0110588 0.0035996 0.0431222 0.0468529 0.0032973 0.0152181 0.0595792 0.1712811 0.0800233 0.0000000 0.0163092 0.0064745
107 Y 107 0.0405026 0.0317948 0.0475974 0.0808784 0.0027421 0.0475158 0.0925476 0.0155786 0.0238149 0.0443000 0.0427126 0.0920896 0.0163272 0.0584877 0.0314341 0.0931794 0.0353689 0.0046450 0.1342005 0.0642827
108 D 108 0.0791851 0.0292579 0.0272611 0.0884150 0.0034158 0.0516213 0.1769776 0.0390756 0.0186044 0.0203991 0.0414957 0.0734697 0.0223139 0.0634221 0.0577194 0.0526758 0.0746858 0.0017454 0.0238612 0.0543981
109 E 109 0.0763498 0.0495190 0.0379074 0.0722068 0.0012697 0.0878483 0.1172146 0.0425046 0.0181534 0.0380831 0.0320735 0.0895285 0.0067854 0.0211526 0.0627553 0.0779781 0.0472355 0.0095376 0.0469787 0.0649181
110 L 110 0.0531813 0.0551024 0.0335485 0.0461200 0.0109682 0.0295657 0.0333507 0.0490321 0.0072594 0.0458494 0.0953926 0.0773069 0.0448244 0.0639079 0.0692962 0.0943293 0.0846792 0.0102413 0.0338536 0.0621909
111 K 111 0.0658548 0.0645065 0.0209717 0.0663410 0.0196749 0.0511708 0.0296176 0.0481896 0.0129710 0.0473202 0.0511399 0.1553235 0.0153850 0.0399573 0.0562981 0.0927892 0.0454892 0.0000000 0.0187214 0.0982786
112 A 112 0.1116723 0.0455446 0.0544141 0.0649064 0.0123463 0.0599935 0.0716514 0.0589434 0.0068673 0.0232762 0.0788102 0.0786402 0.0150336 0.0322496 0.0680947 0.0896307 0.0534466 0.0000000 0.0128271 0.0616519
113 E 113 0.0955121 0.0573545 0.0489273 0.0478582 0.0000000 0.0745536 0.0943585 0.0452289 0.0319630 0.0255629 0.0765747 0.1032374 0.0175120 0.0154239 0.0687015 0.0927372 0.0522582 0.0000000 0.0046276 0.0476084
114 L 114 0.0896783 0.0772201 0.0215329 0.0300941 0.0020560 0.0222909 0.0184578 0.0329952 0.0086437 0.1151769 0.2146476 0.0529978 0.0148344 0.0109729 0.0867215 0.0852994 0.0195863 0.0033472 0.0117898 0.0816571
115 G 115 0.1350164 0.0661486 0.0383201 0.0373683 0.0200052 0.0543459 0.0712174 0.1302622 0.0118068 0.0122848 0.1039607 0.0796064 0.0139887 0.0340776 0.0441968 0.0665032 0.0218467 0.0000000 0.0174193 0.0416249
116 D 116 0.0549823 0.0589527 0.0608740 0.0791915 0.0064267 0.0294970 0.0571752 0.0688025 0.0170615 0.0325937 0.0934439 0.1324951 0.0195798 0.0383173 0.0372206 0.0781394 0.0415356 0.0000000 0.0382998 0.0554116
117 N 117 0.0945982 0.0758786 0.0527929 0.0535485 0.0152577 0.0394660 0.0650550 0.0957300 0.0044062 0.0363874 0.0576388 0.1278805 0.0019842 0.0310642 0.0471306 0.0792838 0.0387939 0.0000000 0.0113888 0.0717148
118 A 118 0.0875988 0.0756621 0.0344289 0.0557188 0.0156579 0.0631082 0.0968538 0.0598208 0.0185665 0.0170132 0.0727150 0.1019918 0.0139483 0.0188075 0.0448485 0.0705848 0.0453640 0.0000000 0.0241701 0.0831411
119 S 119 0.0977107 0.0567660 0.0460351 0.0592706 0.0174932 0.0957901 0.0551587 0.0973125 0.0119159 0.0464507 0.0823150 0.0642687 0.0056820 0.0269096 0.0314433 0.1152834 0.0416823 0.0000000 0.0088741 0.0396380
120 I 120 0.0798323 0.0085181 0.0179233 0.0329768 0.0033426 0.0647171 0.0418493 0.0590101 0.0192531 0.0946592 0.0939612 0.0694976 0.0083883 0.0360168 0.0444423 0.0789483 0.0514059 0.0151635 0.0548031 0.1252912
121 G 121 0.0388282 0.0560505 0.0299528 0.0465444 0.0013019 0.0365773 0.0555654 0.0751553 0.0260650 0.0658416 0.0716294 0.0945772 0.0405138 0.0180312 0.0931371 0.0743856 0.0476128 0.0056892 0.0177992 0.1047422
122 Q 122 0.0503650 0.0616388 0.0367943 0.0670474 0.0143943 0.0758068 0.1078839 0.0424494 0.0319331 0.0357388 0.0578811 0.0901518 0.0146252 0.0833286 0.0257002 0.0660844 0.0429632 0.0000000 0.0358214 0.0593922
123 L 123 0.0386952 0.0309444 0.0371474 0.1276677 0.0120515 0.0219270 0.0930634 0.0777443 0.0061323 0.0945955 0.0887465 0.0671488 0.0129539 0.0457425 0.0343913 0.0880789 0.0480897 0.0000000 0.0141003 0.0607792
124 V 124 0.0904933 0.0339662 0.0745277 0.0668289 0.0045279 0.0661009 0.0804401 0.0454866 0.0171206 0.0613703 0.0403982 0.0792542 0.0098849 0.0202479 0.0406830 0.0486508 0.1144918 0.0000000 0.0303968 0.0751298
125 S 125 0.1077996 0.0911675 0.0287999 0.0581068 0.0046434 0.0399731 0.0843270 0.0420085 0.0117708 0.0244019 0.0837438 0.0743583 0.0487707 0.0054855 0.0449799 0.1203101 0.0577739 0.0000000 0.0105423 0.0610368
126 G 126 0.0725047 0.0352808 0.0548486 0.0953941 0.0053233 0.0378978 0.1547999 0.0854543 0.0116773 0.0146304 0.0336349 0.0684558 0.0085099 0.0291533 0.0643200 0.0991166 0.0867492 0.0000000 0.0116667 0.0305822
127 L 127 0.1037238 0.0233541 0.0103652 0.0535724 0.0043847 0.0112452 0.0496531 0.0712906 0.0159763 0.0644100 0.1871873 0.0797834 0.0480838 0.0149272 0.0369687 0.0622689 0.0614502 0.0000000 0.0239205 0.0774346
128 T 128 0.0515303 0.0509639 0.0534795 0.0704032 0.0044145 0.0333485 0.0624566 0.0675689 0.0867105 0.0313294 0.0508868 0.0964332 0.0347729 0.0055968 0.0579506 0.1056216 0.0664852 0.0000000 0.0104090 0.0596386
129 S 129 0.0759282 0.0768556 0.0710365 0.0354873 0.0107719 0.0865168 0.0765187 0.0462672 0.0158576 0.0078574 0.0490653 0.0765594 0.0513013 0.0178613 0.0460806 0.0928075 0.0777084 0.0028670 0.0207801 0.0618721
130 K 130 0.0676874 0.0554703 0.0398264 0.0356464 0.0095174 0.0547563 0.0712777 0.0564556 0.0281702 0.0438018 0.0571959 0.0599968 0.0484460 0.0225006 0.0723184 0.1059855 0.0733596 0.0181035 0.0197377 0.0597466
131 N 131 0.0868803 0.0445987 0.0907053 0.0629923 0.0042771 0.0502901 0.0441276 0.0494673 0.0282386 0.0187988 0.0297831 0.0928049 0.0164646 0.0250412 0.0919968 0.1289848 0.0567671 0.0042310 0.0174071 0.0561431
132 E 132 0.0945996 0.0771177 0.0245728 0.0591510 0.0045768 0.0944403 0.0891200 0.0339168 0.0052559 0.0206452 0.0686326 0.0756626 0.0148070 0.0135898 0.0817795 0.0781748 0.0644622 0.0056686 0.0378555 0.0559715
133 V 133 0.0346194 0.0286541 0.0550578 0.1099524 0.0053670 0.0226537 0.0532353 0.0290369 0.0086385 0.0557261 0.0903058 0.0507648 0.0825683 0.0331226 0.0783026 0.0672171 0.0920294 0.0019727 0.0043690 0.0964065
134 F 134 0.1061476 0.0335816 0.0223743 0.0389631 0.0049604 0.0559780 0.0451879 0.0549209 0.0046164 0.0593004 0.1621328 0.0400729 0.0176115 0.0413491 0.0406580 0.1090448 0.0490032 0.0000000 0.0100582 0.1040388
135 T 135 0.1413727 0.0817033 0.0338862 0.0719288 0.0126631 0.0391101 0.0802312 0.0414589 0.0094766 0.0395547 0.1035711 0.0589363 0.0284779 0.0000000 0.0333634 0.1055332 0.0637496 0.0000000 0.0101377 0.0448450
136 A 136 0.1150700 0.0386699 0.0619643 0.1133324 0.0159011 0.1106810 0.0884337 0.0497676 0.0097211 0.0310063 0.0224775 0.0359278 0.0169759 0.0015769 0.0602854 0.0759971 0.0284769 0.0048426 0.0101898 0.1087028
137 T 137 0.0752625 0.0264919 0.0592543 0.0809834 0.0117494 0.0433626 0.1713857 0.0237128 0.0574763 0.0087785 0.0952700 0.0601103 0.0088968 0.0098168 0.0480383 0.1094289 0.0279282 0.0000000 0.0124646 0.0695886
138 T 138 0.0744387 0.0326705 0.0706809 0.1247230 0.0052127 0.0245535 0.0961696 0.0682736 0.0170232 0.0127028 0.0405111 0.0558368 0.0237008 0.0383640 0.0246686 0.1642715 0.0904373 0.0000000 0.0039486 0.0318128
139 T 139 0.0760439 0.0067175 0.0492786 0.0718056 0.0189142 0.0561633 0.0746950 0.0289918 0.0165164 0.0295810 0.0788814 0.0600451 0.1313558 0.0150797 0.0903589 0.0744303 0.0342882 0.0032642 0.0081902 0.0753987
140 L 140 0.0452865 0.0142151 0.0201373 0.0991854 0.0000000 0.0114300 0.0581642 0.0201153 0.0018002 0.0267808 0.2338243 0.0546288 0.0212855 0.0482417 0.1051699 0.0622354 0.0365310 0.0518129 0.0208390 0.0683166
141 V 141 0.1143704 0.0516403 0.0392486 0.1891920 0.0122384 0.0336782 0.0622531 0.0556555 0.0039755 0.0414098 0.0913265 0.0536137 0.0156429 0.0226384 0.0353398 0.0738352 0.0343952 0.0112124 0.0087584 0.0495758
142 P 142 0.0361202 0.0794492 0.0635425 0.1334690 0.0000000 0.0689142 0.0769918 0.0280088 0.0171214 0.0156732 0.0980405 0.0685262 0.0613224 0.0508088 0.0658194 0.0890432 0.0190390 0.0019416 0.0174559 0.0087127
143 T 143 0.0465067 0.0510815 0.0386171 0.1338316 0.0032418 0.0322244 0.0953906 0.1049260 0.0036449 0.0192658 0.1253492 0.0822541 0.0326037 0.0232235 0.0491827 0.0841652 0.0338076 0.0000000 0.0242159 0.0164677
144 K 144 0.0606168 0.0493358 0.0518475 0.0325242 0.0522818 0.0456342 0.0900978 0.0986815 0.0129262 0.0321648 0.0793089 0.0550256 0.0213703 0.0153852 0.0536975 0.1107089 0.0631188 0.0015898 0.0218288 0.0518556
145 L 145 0.0520121 0.0394962 0.0465033 0.0520697 0.0170151 0.0652900 0.0509861 0.1053140 0.0187071 0.0159680 0.1095095 0.0732865 0.0421208 0.0333406 0.0499701 0.0662918 0.0551565 0.0019386 0.0737595 0.0312643
146 E 146 0.0380936 0.0500049 0.0420529 0.0204505 0.0060941 0.0593328 0.0794210 0.0803936 0.0187583 0.0313677 0.0507517 0.1889224 0.0204968 0.0188766 0.0400786 0.0478232 0.1559578 0.0056128 0.0194566 0.0260541
147 T 147 0.0189144 0.0412616 0.0635506 0.0075482 0.0000000 0.0214994 0.0414008 0.0258039 0.0089452 0.1403082 0.0903436 0.1483296 0.0217877 0.0268246 0.0172859 0.0789177 0.1063262 0.0075244 0.0407613 0.0926667
148 F 148 0.0427208 0.0257311 0.0064284 0.0643440 0.0070839 0.0482353 0.0489390 0.0082501 0.0057683 0.0303602 0.1024509 0.0272963 0.0280840 0.0989875 0.0318549 0.0227344 0.0290838 0.0186465 0.3171130 0.0358874
149 P 149 0.0194022 0.0213582 0.0098405 0.0933685 0.0114281 0.0192706 0.1043320 0.0169809 0.0035238 0.0397609 0.0106780 0.0181396 0.0000000 0.0016153 0.3509488 0.1209815 0.0902369 0.0098187 0.0302245 0.0280910
150 L 150 0.0465235 0.0333628 0.0130017 0.0047135 0.0551929 0.0152875 0.0127369 0.0077452 0.0026542 0.0792427 0.1860227 0.0152589 0.0177930 0.0192917 0.0339809 0.0370243 0.0236479 0.0720821 0.2258102 0.0986274
151 D 151 0.1015163 0.0636015 0.0231385 0.1063885 0.0000000 0.0539676 0.2787222 0.0223685 0.0301582 0.0053778 0.0291730 0.0334383 0.0068942 0.0569894 0.0109958 0.0544825 0.0258963 0.0503235 0.0378732 0.0086949
152 V 152 0.0554478 0.0980667 0.0118345 0.0525621 0.0142213 0.1118781 0.1298720 0.0000000 0.0175096 0.0957753 0.0549577 0.0334611 0.0609767 0.0050521 0.0071840 0.0220322 0.0430120 0.0000000 0.0116822 0.1744745
153 L 153 0.0081542 0.0063962 0.0035169 0.0033333 0.0000000 0.0000000 0.0122005 0.0404555 0.0034771 0.0441498 0.7361537 0.0141827 0.0051824 0.0018327 0.0074850 0.0000000 0.0020196 0.0731038 0.0076061 0.0307504
154 V 154 0.0496157 0.1022974 0.0204939 0.0357464 0.0017466 0.0561481 0.0294250 0.0000000 0.0050993 0.0861330 0.1436802 0.1310887 0.0802409 0.0729632 0.0049008 0.0399095 0.0387394 0.0000000 0.0038374 0.0979344
155 N 155 0.0394779 0.0097594 0.1763363 0.0522770 0.0173953 0.0526964 0.0700416 0.0870708 0.0588224 0.0495070 0.0369718 0.0392505 0.0262745 0.0018336 0.0201131 0.0886492 0.0956165 0.0000000 0.0080863 0.0698202
156 T 156 0.0286221 0.1251209 0.0299571 0.0630811 0.0000000 0.0708303 0.0943950 0.0572091 0.0283096 0.0246092 0.0369213 0.1311638 0.0158443 0.0196987 0.0844911 0.0667477 0.0712901 0.0054160 0.0198299 0.0264629
157 A 157 0.0968852 0.0976506 0.0959525 0.0302361 0.0134448 0.0779403 0.0361065 0.1052653 0.0156473 0.0230380 0.0242604 0.0781907 0.0000000 0.0037493 0.0463030 0.1502300 0.0453873 0.0187340 0.0076677 0.0333109
158 A 158 0.1572834 0.1164170 0.0475990 0.0326053 0.0054926 0.0835832 0.0405476 0.0412551 0.0077778 0.0126037 0.0436779 0.0758974 0.0367372 0.0211915 0.0508495 0.0678072 0.0609404 0.0027398 0.0361677 0.0588268
159 E 159 0.0199862 0.1091150 0.1001288 0.1318203 0.0032276 0.0410686 0.1789554 0.0429653 0.0033556 0.0077178 0.0290204 0.0739031 0.0024362 0.0000000 0.0665045 0.0760998 0.0373029 0.0000000 0.0087170 0.0676754
160 D 160 0.0364258 0.0523653 0.0762916 0.0910152 0.0019771 0.0261718 0.1089348 0.0094410 0.0053740 0.0124730 0.0201894 0.1821081 0.0170221 0.0000000 0.2707483 0.0095744 0.0168866 0.0000000 0.0320731 0.0309282
161 L 161 0.0180149 0.0204530 0.0103011 0.0137123 0.0042458 0.0042780 0.0014410 0.0000000 0.0000000 0.0608406 0.5306004 0.0161380 0.0740228 0.0183347 0.0237773 0.0291333 0.0238849 0.0059388 0.0140880 0.1307951
162 P 162 0.0265807 0.0068112 0.0067836 0.0140380 0.0000000 0.0000000 0.0535008 0.0000000 0.0000000 0.0077679 0.0584745 0.0311369 0.0060033 0.0072533 0.6889545 0.0526307 0.0125951 0.0120982 0.0000000 0.0153713
163 R 163 0.0895626 0.0719378 0.0133710 0.0807251 0.0032155 0.0271880 0.2131863 0.0156125 0.0140511 0.0482796 0.0315458 0.1355916 0.0000000 0.0288784 0.0858792 0.0636298 0.0418572 0.0094638 0.0000000 0.0260246
164 G 164 0.0528997 0.0145696 0.0259816 0.1970375 0.0106551 0.0131150 0.0989984 0.3485362 0.0150232 0.0055636 0.0000000 0.0304305 0.0043033 0.0000000 0.0240338 0.0492733 0.0622741 0.0230961 0.0191223 0.0050866
165 V 165 0.0179068 0.0037562 0.0128174 0.0244824 0.0000000 0.0088676 0.0919656 0.0205202 0.0131238 0.1492162 0.0681219 0.0230978 0.0197616 0.0044755 0.0071021 0.0288652 0.0241490 0.0000000 0.0246682 0.4571024
166 D 166 0.1246280 0.0094151 0.0800296 0.5935817 0.0033501 0.0189577 0.0462063 0.0144802 0.0000000 0.0123703 0.0090101 0.0312790 0.0000000 0.0000000 0.0000000 0.0256788 0.0040110 0.0000000 0.0000000 0.0270022
167 P 167 0.0470500 0.1971432 0.0210643 0.0059200 0.0125402 0.0256495 0.0521667 0.0122246 0.0125436 0.0277929 0.0395132 0.0480888 0.0207342 0.0343657 0.2844256 0.0550824 0.0194579 0.0000000 0.0106392 0.0735980
168 S 168 0.1040031 0.0299314 0.0488936 0.0199898 0.0242907 0.0833416 0.0411892 0.0250997 0.0060449 0.0000000 0.0880635 0.0646232 0.0147571 0.0198225 0.0029441 0.1013217 0.3085731 0.0073211 0.0043950 0.0053945
169 R 169 0.0338501 0.3452844 0.0419977 0.0069490 0.0379348 0.0369087 0.0146242 0.0127186 0.0470705 0.0193083 0.0810005 0.2091284 0.0189551 0.0058497 0.0044040 0.0342136 0.0077786 0.0000000 0.0217590 0.0202649
170 K 170 0.0316997 0.1389969 0.0043576 0.0047830 0.0000000 0.0000000 0.0219401 0.0047647 0.0098521 0.0113573 0.4620174 0.1916886 0.0646092 0.0000000 0.0108366 0.0123009 0.0106266 0.0000000 0.0000000 0.0201693
171 E 171 0.0000000 0.0000000 0.0057201 0.0321244 0.0000000 0.0303418 0.8408251 0.0076757 0.0317179 0.0000000 0.0044437 0.0161236 0.0000000 0.0000000 0.0000000 0.0074790 0.0024295 0.0000000 0.0000000 0.0211193
172 N 172 0.0619856 0.1496973 0.0496167 0.0437329 0.0128136 0.0492219 0.1405780 0.0105356 0.0168809 0.0483087 0.0568312 0.0635008 0.0320427 0.0396048 0.0000000 0.0634131 0.0858735 0.0000000 0.0241165 0.0512464
173 H 173 0.0281596 0.0120458 0.0000000 0.0080760 0.0095086 0.0000000 0.0094190 0.0000000 0.2140587 0.0094558 0.0114588 0.0000000 0.0055133 0.0486094 0.0057871 0.0162715 0.0000000 0.1014723 0.5201640 0.0000000
174 L 174 0.0184767 0.0000000 0.0889055 0.0000000 0.0000000 0.0097193 0.0037723 0.0031218 0.0000000 0.0264936 0.7764235 0.0244731 0.0074961 0.0000000 0.0000000 0.0129236 0.0062637 0.0059743 0.0159565 0.0000000
175 S 175 0.0791840 0.0128231 0.0554145 0.0291457 0.0052609 0.0036018 0.1018518 0.0029397 0.0120913 0.0144842 0.0043457 0.0225133 0.0000000 0.0000000 0.0126659 0.4750150 0.1386334 0.0000000 0.0189882 0.0110416
176 D 176 0.0530220 0.0173679 0.0369631 0.4567397 0.0000000 0.0358466 0.0859837 0.0081394 0.0296538 0.0248291 0.0088026 0.0185208 0.0000000 0.0149263 0.1220703 0.0343946 0.0259413 0.0000000 0.0067470 0.0200518
177 E 177 0.0554848 0.0211608 0.0314497 0.1606552 0.0000000 0.0526491 0.3613393 0.0053933 0.0115792 0.0090107 0.1053369 0.0386462 0.0000000 0.0000000 0.0031081 0.0978640 0.0226738 0.0000000 0.0000000 0.0236488
178 D 178 0.0000000 0.0000000 0.0294339 0.4284083 0.0182407 0.0126773 0.3714319 0.0141334 0.0107716 0.0029886 0.0203469 0.0000000 0.0000000 0.0077614 0.0132881 0.0345681 0.0063125 0.0000000 0.0000000 0.0296372
179 F 179 0.0149039 0.0049665 0.0084229 0.0000000 0.0000000 0.0061375 0.0000000 0.0459930 0.0000000 0.0000000 0.0100075 0.0000000 0.0107559 0.8156278 0.0084063 0.0223212 0.0133842 0.0018509 0.0250785 0.0121440
180 K 180 0.0251413 0.0284605 0.0046592 0.0000000 0.0107665 0.2096548 0.1977671 0.0112424 0.0179776 0.0660191 0.0579022 0.0785087 0.1176089 0.0214588 0.0095395 0.0249429 0.0419366 0.0035880 0.0185037 0.0543221
181 A 181 0.0896628 0.0725312 0.0162444 0.0682478 0.0000000 0.0611558 0.2740160 0.0089248 0.0195118 0.0070705 0.0188513 0.1450363 0.0081470 0.0173920 0.0000000 0.0840877 0.0758489 0.0000000 0.0000000 0.0332719
182 V 182 0.1435648 0.0068043 0.0000000 0.0000000 0.0223449 0.0123544 0.0000000 0.0313994 0.0138388 0.1968246 0.1349291 0.0360551 0.0000000 0.0190578 0.0160915 0.0186988 0.0436451 0.0000000 0.0039680 0.3004233
183 F 183 0.0000000 0.0000000 0.0000000 0.0000000 0.0000000 0.0000000 0.0000000 0.0000000 0.0050651 0.0130706 0.1718926 0.0000000 0.0228111 0.7675695 0.0000000 0.0069653 0.0000000 0.0000000 0.0126258 0.0000000
184 G 184 0.0130156 0.0354267 0.0710183 0.0302438 0.0035410 0.0425928 0.0416596 0.4441169 0.0127976 0.0067875 0.0000000 0.1300822 0.0000000 0.0000000 0.0000000 0.0256444 0.0000000 0.0000000 0.0000000 0.1430737
185 M 185 0.0016435 0.0057363 0.0000000 0.0187049 0.0415516 0.0106590 0.0052155 0.0000000 0.0000000 0.0471892 0.1461234 0.0596705 0.6067173 0.0045259 0.0000000 0.0132651 0.0072083 0.0000000 0.0000000 0.0317894
186 T 186 0.0154301 0.0027785 0.0300329 0.0337198 0.0011136 0.0095726 0.2138634 0.0203126 0.0080927 0.0000000 0.0067860 0.0577524 0.0000000 0.0110411 0.0341738 0.2878394 0.2618107 0.0000000 0.0000000 0.0056801
187 R 187 0.0022492 0.3218179 0.0261227 0.0100758 0.0000000 0.0074089 0.0068221 0.1063276 0.0000000 0.0636144 0.0190665 0.2558379 0.0131649 0.0377085 0.0686725 0.0021729 0.0115084 0.0066774 0.0262777 0.0144748
188 S 188 0.0817501 0.0304152 0.0297558 0.1228633 0.0000000 0.0505587 0.2480171 0.0335486 0.0172031 0.0176022 0.0205289 0.1132381 0.0026174 0.0000000 0.0238571 0.1060352 0.0667097 0.0000000 0.0184182 0.0168814
189 A 189 0.0994863 0.0000000 0.0123992 0.0902841 0.0000000 0.0612233 0.5085872 0.0000000 0.0088290 0.0060252 0.0000000 0.1607828 0.0053882 0.0000000 0.0000000 0.0264176 0.0168916 0.0000000 0.0000000 0.0036854
