  208         A         R         N         D         C         Q         E         G         H         I         L         K         M         F         P         S         T         W         Y         V         X    
  1 P   1 0.0000000 0.0000000 0.0000000 0.0000000 0.0000000 0.0000000 0.0000000 0.0000000 0.0000000 0.0000000 0.0000000 0.0000000 0.0000000 0.0000000 0.2790447 0.0000000 0.0000000 0.0000000 0.0000000 0.0000000 0.7209553
  2 R   2 0.0000000 0.4385684 0.0000000 0.0000000 0.0010072 0.0000000 0.0012684 0.0000000 0.0506039 0.0086924 0.0048456 0.1015387 0.0000000 0.0000000 0.0000000 0.0024347 0.0020501 0.0000000 0.0012075 0.0032776 0.3845055
  3 L   3 0.0043388 0.0000000 0.0000000 0.0000000 0.0013813 0.0000000 0.0000000 0.0000000 0.0000000 0.0155613 0.6417724 0.0000000 0.0215481 0.0082777 0.0000000 0.0000000 0.0000000 0.0000000 0.0000000 0.0044549 0.3026657
  4 F   4 0.0000000 0.0000000 0.0000000 0.0000000 0.0000000 0.0000000 0.0000000 0.0000000 0.0061741 0.0026112 0.0360679 0.0000000 0.0027258 0.3668760 0.0000000 0.0007517 0.0000000 0.0114492 0.2821582 0.0009444 0.2902416
  5 E   5 0.0214193 0.1396593 0.0092921 0.0051885 0.0051210 0.1230813 0.0587281 0.0060189 0.1219985 0.0198493 0.0215476 0.0774461 0.0117487 0.0000000 0.0000000 0.0218075 0.0198776 0.0021857 0.0060356 0.0237457 0.3052491
  6 C   6 0.0058825 0.0000000 0.0024575 0.0000000 0.2171238 0.0000000 0.0000000 0.0007438 0.0013884 0.0571613 0.0927119 0.0000000 0.0108173 0.0471039 0.0000000 0.0000000 0.0011609 0.0000000 0.0071585 0.2561923 0.3000978
  7 S   7 0.0143566 0.0467491 0.0112959 0.0058781 0.0084489 0.0392108 0.0031899 0.0191934 0.0348496 0.0088968 0.0079451 0.0282898 0.0019517 0.0108034 0.0013884 0.3203783 0.0514945 0.0136373 0.0307149 0.0090653 0.3322622
  8 N   8 0.0242874 0.0066741 0.1176169 0.1339759 0.0053756 0.0092157 0.0363587 0.0954404 0.0021254 0.0222316 0.0518084 0.0107202 0.0099499 0.0320502 0.0037958 0.0736336 0.0208512 0.0095476 0.0057887 0.0052317 0.3233209
  9 K   9 0.1297660 0.0153264 0.0400280 0.0182597 0.0057648 0.0470422 0.0699869 0.0683491 0.0141386 0.0143342 0.0143982 0.0964249 0.0004726 0.0026843 0.0036380 0.0635398 0.0571114 0.0043027 0.0013251 0.0132167 0.3198905
 10 T  10 0.0262122 0.0365966 0.0496752 0.0588935 0.0000000 0.0251391 0.0183645 0.0374958 0.0112069 0.0039694 0.0143064 0.1193323 0.0357858 0.0013189 0.0063246 0.1699372 0.0991683 0.0000000 0.0018550 0.0066080 0.2778104
 11 G  11 0.0170787 0.0245928 0.0130655 0.0167716 0.0009521 0.0035280 0.0190106 0.5077637 0.0000000 0.0009599 0.0027117 0.0262934 0.0011795 0.0000000 0.0032182 0.0256585 0.0141194 0.0000000 0.0036273 0.0013025 0.3181663
 12 R  12 0.0271246 0.0963240 0.0963041 0.0389794 0.0135494 0.0419325 0.0282678 0.0053102 0.0168098 0.0210168 0.0091404 0.1047968 0.0019093 0.0174783 0.0060479 0.0603672 0.0357775 0.0024439 0.0736441 0.0403505 0.2624256
 13 F  13 0.0091316 0.0031158 0.0207367 0.0041752 0.0035404 0.0077537 0.0076636 0.0000000 0.0076165 0.0885190 0.2129248 0.0041392 0.0492096 0.1819130 0.0069549 0.0036881 0.0222258 0.0022579 0.0173630 0.0941397 0.2529315
 14 L  14 0.0231817 0.1144978 0.0126711 0.0192590 0.0061717 0.0541182 0.1204029 0.0047822 0.0312098 0.0252633 0.0298378 0.1138165 0.0030201 0.0045375 0.0000000 0.0324509 0.0564394 0.0018247 0.0060759 0.1003767 0.2400628
 15 A  15 0.1349045 0.0104536 0.0000000 0.0010114 0.0170617 0.0073150 0.0046636 0.0167822 0.0022363 0.0667825 0.1487463 0.0081828 0.0224163 0.0247126 0.0109173 0.0074153 0.0149043 0.0057410 0.0049455 0.2561137 0.2346943
 16 T  16 0.0245518 0.0242656 0.0175160 0.0430341 0.0041931 0.0379279 0.1465931 0.0009756 0.0183637 0.0172277 0.0128855 0.0659808 0.0041221 0.0116921 0.0529913 0.0502197 0.1893505 0.0000000 0.0030731 0.0379181 0.2371179
 17 E  17 0.0015870 0.0223584 0.0029537 0.0126750 0.0000000 0.1075036 0.4832412 0.0078426 0.0035819 0.0048031 0.0376712 0.0237748 0.0135451 0.0018801 0.0342981 0.0051826 0.0030728 0.0000000 0.0000000 0.0063455 0.2276834
 18 I  18 0.0101826 0.0048485 0.0000000 0.0033905 0.0182668 0.0064491 0.0374720 0.0080801 0.0033666 0.1905639 0.0547046 0.0018316 0.0143843 0.0179436 0.0082733 0.0025866 0.0192569 0.0000000 0.0008160 0.3540019 0.2435812
 19 V  19 0.0781375 0.0108819 0.0213218 0.0215544 0.0135401 0.0016702 0.0427029 0.0710868 0.0126860 0.0075516 0.0281006 0.0334985 0.0251297 0.0613370 0.0109274 0.0703700 0.0291791 0.0026464 0.0540998 0.0813387 0.3222395
 20 D  20 0.0128661 0.0310756 0.0821024 0.0751918 0.0008501 0.0132452 0.0549686 0.0355422 0.0147291 0.0078108 0.0061709 0.0260652 0.0040811 0.0161195 0.3449443 0.0281035 0.0178298 0.0000000 0.0000000 0.0020808 0.2262230
 21 F  21 0.0263146 0.0000000 0.0000000 0.0000000 0.0124446 0.0000000 0.0000000 0.0022791 0.0000000 0.0421762 0.2308143 0.0041659 0.0094712 0.3634527 0.0126040 0.0000000 0.0054103 0.0041088 0.0214922 0.0467737 0.2184924
 22 T  22 0.0545007 0.0533760 0.0430276 0.0321313 0.0504246 0.0108388 0.0254842 0.0257463 0.0095660 0.0035980 0.0556054 0.0531826 0.0025997 0.0012110 0.0111003 0.2050475 0.1277038 0.0016544 0.0114234 0.0303260 0.1914522
 23 Q  23 0.0425597 0.0902084 0.0057845 0.0014022 0.0013775 0.4015110 0.0035437 0.0098840 0.0172173 0.0035645 0.0130807 0.0742963 0.0116542 0.0083890 0.0207743 0.0098549 0.0153523 0.0372743 0.0238144 0.0092117 0.1992452
 24 D  24 0.0536151 0.0174822 0.0337681 0.2052424 0.0030306 0.0270572 0.1329777 0.0219215 0.0050639 0.0059120 0.0039544 0.0297600 0.0000000 0.0026040 0.0008130 0.2095155 0.0510602 0.0000000 0.0092270 0.0061855 0.1808096
 25 D  25 0.0196855 0.0016358 0.0147584 0.3057175 0.0022705 0.0340137 0.0132972 0.0000000 0.0063988 0.0196371 0.0986693 0.0061415 0.0580718 0.0034652 0.0000000 0.2131010 0.0127318 0.0000000 0.0019768 0.0093710 0.1790571
 26 L  26 0.0043422 0.0000000 0.0000000 0.0000000 0.0000000 0.0000000 0.0000000 0.0000000 0.0000000 0.0097903 0.7474679 0.0000000 0.0180428 0.0453918 0.0019677 0.0022746 0.0000000 0.0000000 0.0000000 0.0046745 0.1660483
 27 D  27 0.0455578 0.0205074 0.2173908 0.1935564 0.0127418 0.0292460 0.0640343 0.0030784 0.0083365 0.0136218 0.0618049 0.0367632 0.0150294 0.0000000 0.0166353 0.0524977 0.0289584 0.0000000 0.0028861 0.0124717 0.1648822
 28 E  28 0.0305686 0.0038822 0.0316284 0.0415906 0.0018911 0.0667454 0.0635955 0.0166005 0.0536590 0.0079324 0.0043136 0.0403106 0.0000000 0.0008598 0.1088717 0.2237269 0.1253199 0.0000000 0.0000000 0.0104548 0.1680490
 29 N  29 0.0075468 0.0376021 0.1126332 0.1893825 0.0000000 0.0140073 0.1362807 0.0994466 0.0109314 0.0000000 0.0012990 0.0708050 0.0000000 0.0030563 0.0526523 0.0433704 0.0321364 0.0022579 0.0149518 0.0004969 0.1711433
 30 D  30 0.0588106 0.0121642 0.0419576 0.4510757 0.0232895 0.0081668 0.0418357 0.0380080 0.0250058 0.0000000 0.0021747 0.0317786 0.0018804 0.0254873 0.0000000 0.0306832 0.0184062 0.0000000 0.0221430 0.0000000 0.1671328
 31 V  31 0.0517453 0.0018126 0.0025362 0.0000000 0.1820266 0.0024075 0.0000000 0.0009803 0.0000000 0.1216604 0.0368854 0.0008743 0.0077242 0.0068585 0.0000000 0.0116734 0.0280504 0.0000000 0.0009589 0.3799347 0.1638715
 32 Y  32 0.0065452 0.0018126 0.0000000 0.0000000 0.0074761 0.0000000 0.0000000 0.0032513 0.0103065 0.0120523 0.0202811 0.0000000 0.1257657 0.4166534 0.0000000 0.0013885 0.0000000 0.0099765 0.2115104 0.0091089 0.1638715
 33 L  33 0.0018115 0.0000000 0.0000000 0.0000000 0.0008108 0.0000000 0.0000000 0.0018126 0.0011798 0.4097426 0.2685851 0.0000000 0.0156823 0.0112364 0.0000000 0.0000000 0.0017018 0.0000000 0.0000000 0.1235657 0.1638715
 34 L  34 0.0034730 0.0000000 0.0000000 0.0000000 0.0018503 0.0000000 0.0000000 0.0000000 0.0000000 0.0586820 0.6671937 0.0000000 0.0054955 0.0179375 0.0000000 0.0000000 0.0000000 0.0009685 0.0073605 0.0745235 0.1625154
 35 D  35 0.0041801 0.0037836 0.0059063 0.7354952 0.0000000 0.0065787 0.0185725 0.0011798 0.0007281 0.0051305 0.0019447 0.0258821 0.0000000 0.0011143 0.0000000 0.0019441 0.0092630 0.0000000 0.0018436 0.0118244 0.1646290
 36 T  36 0.1082952 0.0115195 0.0853204 0.0208065 0.1486464 0.0321649 0.0007749 0.0189565 0.0191864 0.0044729 0.0458275 0.0069324 0.0020415 0.0102567 0.0013501 0.0334275 0.2483405 0.0012328 0.0045784 0.0312402 0.1646290
 37 W  37 0.0164730 0.0173654 0.0072165 0.0099879 0.0042758 0.0259833 0.0400295 0.3600751 0.0690303 0.0095825 0.0104129 0.0242872 0.0078013 0.0390785 0.0351934 0.0117464 0.0186178 0.0691359 0.0418997 0.0156218 0.1661858
 38 D  38 0.0488811 0.0168322 0.0771544 0.0861610 0.0036290 0.0336620 0.0520925 0.0429251 0.0463939 0.0006043 0.0447648 0.0406699 0.0132005 0.0483973 0.0095762 0.1560061 0.0862293 0.0007800 0.0132216 0.0109557 0.1678631
 39 Q  39 0.0351661 0.0146882 0.0251966 0.0931767 0.0147161 0.0672821 0.2512691 0.0367793 0.0203918 0.0165906 0.0153675 0.1401497 0.0035440 0.0000000 0.0032148 0.0252110 0.0300637 0.0000000 0.0024335 0.0409108 0.1638483
 40 I  40 0.0083515 0.0000000 0.0000000 0.0000000 0.0310533 0.0000000 0.0000000 0.0030347 0.0021613 0.3682663 0.1348426 0.0035395 0.0364818 0.0027298 0.0000000 0.0067841 0.0159356 0.0000000 0.0029760 0.2215069 0.1623367
 41 F  41 0.0021464 0.0000000 0.0000000 0.0000000 0.0014304 0.0000000 0.0000000 0.0000000 0.0046145 0.0015140 0.0006257 0.0000000 0.0034868 0.3677657 0.0000000 0.0026921 0.0000000 0.0804298 0.3696147 0.0033430 0.1623367
 42 F  42 0.0196467 0.0000000 0.0000000 0.0000000 0.0053565 0.0702496 0.0066817 0.0011001 0.0013501 0.1254584 0.2035532 0.0000000 0.0179135 0.0125089 0.0000000 0.0027275 0.0114114 0.0000000 0.0000000 0.3588799 0.1631624
 43 W  43 0.0000000 0.0000000 0.0000000 0.0000000 0.0000000 0.0000000 0.0011462 0.0025953 0.0000000 0.0215027 0.0023468 0.0000000 0.0000000 0.0337457 0.0000000 0.0000000 0.0000000 0.7595354 0.0144147 0.0037278 0.1609853
 44 I  44 0.0143042 0.0194734 0.0548458 0.0000000 0.0469314 0.0678835 0.0069302 0.0000000 0.0061653 0.1709288 0.0572404 0.0500769 0.0375638 0.0434762 0.0007074 0.0337730 0.0135597 0.0014858 0.0278998 0.1797606 0.1669940
 45 G  45 0.0000000 0.0011357 0.0000000 0.0008001 0.0030028 0.0000000 0.0022025 0.8101877 0.0000000 0.0000000 0.0000000 0.0043388 0.0000000 0.0000000 0.0091608 0.0030177 0.0000000 0.0000000 0.0000000 0.0000000 0.1661537
 46 K  46 0.0687972 0.1046165 0.0310441 0.0142173 0.0149596 0.0519513 0.0372586 0.0088347 0.0133780 0.0024119 0.0147952 0.2304113 0.0039603 0.0000000 0.0228836 0.1210095 0.0292947 0.0510108 0.0036659 0.0105867 0.1649130
 47 G  47 0.0352981 0.0663899 0.0845652 0.0434591 0.0129848 0.0822316 0.0674804 0.1354068 0.0205342 0.0017393 0.0106778 0.1424941 0.0027727 0.0115407 0.0000000 0.0384882 0.0140378 0.0434354 0.0118761 0.0096746 0.1649130
 48 A  48 0.2902079 0.0507107 0.0000000 0.0000000 0.1050283 0.0021950 0.0000000 0.0019074 0.0000000 0.0027897 0.0021836 0.0000000 0.0000000 0.0008000 0.0020773 0.2777922 0.0516541 0.0000000 0.0000000 0.0550005 0.1576533
 49 N  49 0.0198724 0.0133349 0.1720279 0.0462843 0.0056242 0.0385559 0.0093569 0.0158239 0.0112501 0.0112238 0.0116626 0.0382451 0.0007537 0.0059571 0.0238973 0.2768820 0.0858637 0.0467452 0.0011675 0.0059639 0.1595077
 50 E  50 0.0683111 0.1095881 0.0245181 0.0537253 0.0000000 0.0488256 0.0755609 0.0423670 0.0206453 0.0617249 0.0512818 0.0785610 0.0092943 0.0011625 0.0809418 0.0438527 0.0330895 0.0000000 0.0009527 0.0319729 0.1636245
 51 S  51 0.0459745 0.0383225 0.0252716 0.0875921 0.0009757 0.0916221 0.0972986 0.0061809 0.0086941 0.0206131 0.0884277 0.0815327 0.0160447 0.0191041 0.0088685 0.0523420 0.0680837 0.0053359 0.0196941 0.0533403 0.1646813
 52 E  52 0.0168325 0.0024797 0.0099036 0.0459959 0.0009803 0.0267064 0.5090009 0.0014420 0.0049063 0.0081752 0.0397908 0.0256981 0.0025512 0.0000000 0.0045667 0.0362550 0.0222344 0.0029383 0.0000000 0.0690976 0.1704449
 53 K  53 0.0112230 0.3916443 0.0103968 0.0000000 0.0000000 0.0264607 0.0082052 0.0041340 0.0000000 0.0183759 0.0193547 0.2602114 0.0016584 0.0274944 0.0014874 0.0099243 0.0224614 0.0053468 0.0037104 0.0138522 0.1640589
 54 E  54 0.1418421 0.0616081 0.0216839 0.0121676 0.0024318 0.0624634 0.0593427 0.0106303 0.0091224 0.0206869 0.0471229 0.2232399 0.0104781 0.0148629 0.0017919 0.0561018 0.0505044 0.0006924 0.0097288 0.0157289 0.1677688
 55 A  55 0.1456840 0.0249908 0.0404015 0.0105102 0.0200494 0.0445512 0.0869027 0.0234724 0.0086960 0.0101436 0.0520738 0.1781524 0.0507194 0.0194752 0.0022995 0.0515855 0.0318559 0.0033472 0.0118346 0.0147037 0.1685507
 56 A  56 0.5874419 0.0000000 0.0014915 0.0000000 0.0133134 0.0000000 0.0000000 0.0675043 0.0014874 0.0072576 0.0073055 0.0023210 0.0000000 0.0059169 0.0012748 0.0833978 0.0218405 0.0091686 0.0084477 0.0155760 0.1662552
 57 A  57 0.0375744 0.0534690 0.0093972 0.0043107 0.0067728 0.0180463 0.0085593 0.0028364 0.0034740 0.0458976 0.2347020 0.0229302 0.1622580 0.0444721 0.0046827 0.0263402 0.0217999 0.0073252 0.0199660 0.0825317 0.1826544
 58 E  58 0.0510358 0.0355322 0.0291868 0.0627216 0.0000000 0.0658215 0.1763129 0.0154826 0.0105236 0.0211465 0.0451980 0.1666793 0.0030780 0.0035997 0.0087706 0.0627532 0.0368140 0.0000000 0.0015280 0.0257540 0.1780619
 59 T  59 0.0599130 0.0199788 0.0221255 0.0120460 0.0086171 0.0081288 0.0112388 0.0035797 0.0080174 0.0922373 0.1030072 0.0205674 0.0328546 0.0745196 0.0010701 0.0402766 0.1200080 0.0192295 0.0268168 0.1424102 0.1733577
 60 A  60 0.4843638 0.0000000 0.0012797 0.0018142 0.0218212 0.0000000 0.0000000 0.0778945 0.0000000 0.0185586 0.0181471 0.0023210 0.0068319 0.0016730 0.0044182 0.0568489 0.0159452 0.0014207 0.0000000 0.1133704 0.1732917
 61 Q  61 0.0197495 0.0516682 0.0429816 0.0187181 0.0000000 0.2111494 0.1104350 0.0085240 0.0298213 0.0189530 0.0753041 0.0908436 0.0324445 0.0018938 0.0022353 0.0180693 0.0279622 0.0026029 0.0104739 0.0447974 0.1813729
 62 E  62 0.0409974 0.0423996 0.0362093 0.0771560 0.0039671 0.0756770 0.2173546 0.0442741 0.0100995 0.0159639 0.0102321 0.1177580 0.0085468 0.0013680 0.0000000 0.0309038 0.0092259 0.0000000 0.0227918 0.0440197 0.1910555
 63 Y  63 0.0121208 0.0038088 0.0000000 0.0000000 0.0000000 0.0000000 0.0032605 0.0017895 0.0058175 0.0655755 0.1039656 0.0029800 0.0276655 0.1617300 0.0000000 0.0000000 0.0050650 0.0000000 0.3429266 0.0063549 0.2569397
 64 L  64 0.0380901 0.0356748 0.0093701 0.0042695 0.0627150 0.0014858 0.0042472 0.0065103 0.0032803 0.1805424 0.1904310 0.0306626 0.0101565 0.0214429 0.0000000 0.0171198 0.0119740 0.0304222 0.0073960 0.0728666 0.2613429
 65 R  65 0.0363549 0.0727842 0.0294518 0.0679130 0.0036111 0.0703952 0.0857506 0.0176679 0.0147457 0.0231336 0.0376237 0.1431466 0.0139811 0.0100493 0.0000000 0.0384854 0.0242869 0.0000000 0.0129875 0.0204941 0.2771374
 66 S  66 0.0663684 0.0261277 0.0413801 0.0230761 0.0039551 0.0489182 0.0482943 0.0337534 0.0343371 0.0727767 0.0465849 0.0611295 0.0257182 0.0119912 0.0025973 0.0484640 0.1232988 0.0000000 0.0141657 0.0132671 0.2537963
 67 H  67 0.0773625 0.0710698 0.0317456 0.0969104 0.0020955 0.0174901 0.0375275 0.0170068 0.0651584 0.0090882 0.0393140 0.1505573 0.0460972 0.0120749 0.0000000 0.0362805 0.0183433 0.0000000 0.0158975 0.0137038 0.2422768
 68 P  68 0.0260738 0.0529907 0.1041300 0.0340826 0.0050206 0.0252536 0.0191014 0.0139278 0.0580837 0.0063534 0.0137816 0.1017704 0.0495157 0.0218883 0.1374735 0.0454404 0.0091591 0.0000000 0.0128880 0.0137999 0.2492656
 69 G  69 0.0655266 0.0403501 0.0731981 0.0449309 0.0058369 0.0310525 0.0450994 0.0607540 0.0144850 0.0312421 0.0607272 0.0427214 0.0020422 0.0123970 0.0118058 0.0991032 0.0252575 0.0000000 0.0214700 0.0182874 0.2937129
 70 S  70 0.0177551 0.0191457 0.0195295 0.0323968 0.0000000 0.0413744 0.1229079 0.2492323 0.0177910 0.0024375 0.0310249 0.0490259 0.0197374 0.0028840 0.0565534 0.0325707 0.0246810 0.0006948 0.0061426 0.0038106 0.2503045
 71 R  71 0.0039429 0.3869363 0.0217597 0.0258538 0.0020516 0.0181144 0.0735513 0.0116360 0.0136773 0.0101823 0.0229234 0.0897627 0.0027810 0.0031067 0.0077201 0.0122287 0.0021161 0.0000000 0.0697080 0.0074451 0.2145027
 72 D  72 0.0153904 0.0507341 0.0306719 0.1123076 0.0029513 0.0162678 0.0130928 0.0318306 0.0198056 0.0082659 0.0035713 0.0468001 0.0000000 0.0008121 0.2082015 0.1309333 0.0298415 0.0047656 0.0000000 0.0097809 0.2639758
 73 L  73 0.0444518 0.0480826 0.0358187 0.0383391 0.0079531 0.0225840 0.0476544 0.0532143 0.0163766 0.0161743 0.0434037 0.0676746 0.0185634 0.0066582 0.1603251 0.0523979 0.0299322 0.0036662 0.0009521 0.0174836 0.2682939
 74 D  74 0.0346845 0.0490686 0.0657607 0.0790564 0.0069231 0.0082952 0.0443394 0.0359777 0.0439532 0.0083862 0.0305833 0.0800378 0.0012934 0.0373290 0.0346152 0.0363170 0.0333546 0.0545996 0.0281031 0.0130452 0.2742766
 75 T  75 0.1506090 0.0332881 0.0071584 0.0013893 0.0410080 0.0026586 0.0000000 0.0020516 0.0064619 0.0436556 0.0256187 0.0139141 0.0063578 0.0027732 0.0148332 0.0289270 0.3001911 0.0000000 0.0027117 0.0751098 0.2412829
 76 P  76 0.0338193 0.0385895 0.0346156 0.0228686 0.0096563 0.0739097 0.0934830 0.0064550 0.0152481 0.0242178 0.0334208 0.0514003 0.0107701 0.0039104 0.2096396 0.0440207 0.0321079 0.0000000 0.0057092 0.0132563 0.2429017
 77 I  77 0.0172935 0.0064494 0.0029795 0.0021771 0.0067119 0.0013501 0.0030868 0.0123184 0.0000000 0.2922590 0.1133070 0.0112487 0.0144145 0.0051187 0.0088038 0.0085814 0.0059407 0.0000000 0.0000000 0.2552216 0.2327378
 78 I  78 0.0559491 0.0139442 0.0089420 0.0076663 0.0056458 0.0445405 0.0626346 0.0096819 0.0345942 0.0946372 0.0403911 0.0219981 0.0180576 0.0351496 0.0000000 0.0668769 0.1005198 0.0027626 0.0904145 0.0829391 0.2026552
 79 V  79 0.0235342 0.1360017 0.0049740 0.0092611 0.0090962 0.0244779 0.0169839 0.0026664 0.0041103 0.0861744 0.1045419 0.0622998 0.0104445 0.0181604 0.0068056 0.0185457 0.0739079 0.0039695 0.0036697 0.1817298 0.1986451
 80 V  80 0.0114909 0.0000000 0.0093284 0.0031392 0.0137311 0.0044978 0.0507156 0.0010425 0.0041398 0.1815798 0.0838032 0.0000000 0.0170684 0.0053662 0.0014022 0.0142352 0.0237050 0.0000000 0.0018265 0.4001360 0.1727921
 81 K  81 0.0341886 0.0394496 0.0509030 0.0362927 0.0077851 0.0286937 0.0668329 0.0019656 0.0376443 0.0405969 0.0750545 0.1005679 0.0339156 0.0139911 0.0372336 0.0490067 0.0603151 0.0181697 0.0346810 0.0596702 0.1730421
 82 Q  82 0.0572660 0.0038712 0.0027425 0.1036560 0.0073012 0.2070310 0.3260845 0.0100365 0.0047765 0.0059329 0.0181439 0.0287103 0.0089987 0.0053677 0.0183298 0.0186220 0.0018372 0.0000000 0.0000000 0.0000000 0.1712923
 83 G  83 0.0035997 0.0077942 0.0351762 0.0174056 0.0027333 0.0113653 0.0231158 0.6470583 0.0084910 0.0000000 0.0051688 0.0037870 0.0048827 0.0133086 0.0000000 0.0112969 0.0169490 0.0033116 0.0110884 0.0006733 0.1727945
 84 F  84 0.0768043 0.0302957 0.0692571 0.0165184 0.0082504 0.0781577 0.0634064 0.0778402 0.0482810 0.0032221 0.0620577 0.0677043 0.0086589 0.0396407 0.0028011 0.0844228 0.0417373 0.0027530 0.0354009 0.0097198 0.1730701
 85 E  85 0.0017848 0.0036228 0.0009086 0.0089775 0.0000000 0.0007667 0.7471380 0.0000000 0.0000000 0.0131190 0.0111363 0.0047539 0.0014315 0.0012516 0.0037310 0.0043975 0.0068568 0.0000000 0.0000000 0.0091246 0.1809996
 86 P  86 0.0226390 0.0067112 0.0335638 0.0243544 0.0069490 0.0127638 0.0025570 0.0072605 0.0039738 0.0038253 0.0044619 0.0011143 0.0070551 0.0000000 0.4439257 0.1325753 0.0952453 0.0000000 0.0000000 0.0086201 0.1824046
 87 P  87 0.0932251 0.0272584 0.0180741 0.0584639 0.0189088 0.0639449 0.0575863 0.0273237 0.0235183 0.0241348 0.0789084 0.0178726 0.0161113 0.0105088 0.1443653 0.0302300 0.0455956 0.0069393 0.0064848 0.0505279 0.1800178
 88 T  88 0.0713031 0.0166187 0.0224129 0.0654251 0.0034589 0.0166813 0.1611923 0.0134133 0.0147068 0.0578300 0.0699643 0.0122278 0.0278580 0.0503268 0.0120483 0.0455845 0.1027878 0.0012449 0.0044508 0.0524957 0.1779687
 89 F  89 0.0019915 0.0029411 0.0000000 0.0000000 0.0098780 0.0000000 0.0049223 0.0010946 0.0011353 0.0060507 0.0281549 0.0000000 0.0246117 0.7295034 0.0022802 0.0017149 0.0022302 0.0024597 0.0013355 0.0009304 0.1787656
 90 T  90 0.0010346 0.0791171 0.0060890 0.0032925 0.0022940 0.0113276 0.0093538 0.0000000 0.0000000 0.0461581 0.0260994 0.2629062 0.0046917 0.0060201 0.0000000 0.0063364 0.1992931 0.1372330 0.0032325 0.0106774 0.1848436
 91 G  91 0.0745204 0.0725032 0.0517402 0.0236021 0.0140167 0.1058015 0.0844698 0.1029168 0.0126740 0.0031795 0.0181644 0.0450192 0.0086713 0.0079645 0.0012449 0.1275395 0.0415451 0.0014315 0.0013178 0.0204362 0.1812411
 92 W  92 0.0868609 0.0191474 0.0184519 0.0039780 0.0280273 0.0216328 0.0031227 0.0167552 0.0277378 0.0245590 0.1441083 0.0920490 0.0344079 0.0920668 0.0026997 0.0146804 0.0122910 0.0676851 0.0621542 0.0477376 0.1798471
 93 F  93 0.0119959 0.0012129 0.0016623 0.0000000 0.0000000 0.0013163 0.0000000 0.0030558 0.0012357 0.0174972 0.1466081 0.0000000 0.0021456 0.6041723 0.0031663 0.0059900 0.0104036 0.0008716 0.0083901 0.0014023 0.1788743
 94 M  94 0.0387068 0.0608816 0.0220903 0.0381522 0.0069019 0.0444043 0.0380259 0.1535376 0.0512594 0.0113958 0.0453205 0.0552116 0.0125922 0.0211539 0.0981038 0.0400955 0.0259447 0.0031920 0.0052137 0.0212651 0.2065511
 95 A  95 0.1047610 0.0117720 0.0629613 0.0737079 0.0040789 0.0027810 0.0252014 0.2343383 0.0105744 0.0000000 0.0000000 0.0666218 0.0004722 0.0093979 0.0182547 0.1090611 0.0520488 0.0072131 0.0120632 0.0147992 0.1798919
 96 W  96 0.0057984 0.0272120 0.0009279 0.0103651 0.0007764 0.0220193 0.0195777 0.0148582 0.0000000 0.0021037 0.0072338 0.0868300 0.0000000 0.0099629 0.0336396 0.0174831 0.0149855 0.5325229 0.0183263 0.0021404 0.1732369
 97 D  97 0.0582815 0.0436964 0.0359540 0.2205282 0.0027210 0.0229580 0.0740848 0.0379826 0.0000000 0.0138310 0.0120348 0.0523915 0.0031855 0.0000000 0.1114198 0.0624427 0.0443868 0.0000000 0.0095337 0.0191979 0.1753699
 98 P  98 0.0425296 0.0191589 0.0394461 0.1418917 0.0035182 0.0169350 0.0852655 0.0311663 0.0375622 0.0127569 0.0180999 0.0377167 0.0137243 0.0082007 0.1192788 0.0685415 0.0355000 0.0035167 0.0187029 0.0373484 0.2091395
 99 L  99 0.0324289 0.0519036 0.0526102 0.0449449 0.0000000 0.0154292 0.0604012 0.0256499 0.0252718 0.0277690 0.0511568 0.0630006 0.0069699 0.0276262 0.0401472 0.0670405 0.0460777 0.0006368 0.0770673 0.0630175 0.2208510
100 C 100 0.0347384 0.0522706 0.0209746 0.0520502 0.0022873 0.0194028 0.0575097 0.0273866 0.0097766 0.0404623 0.0772479 0.1487525 0.0286328 0.0139402 0.0593207 0.0417675 0.0174522 0.0115108 0.0260432 0.0131149 0.2453580
101 W 101 0.0565684 0.0403073 0.0182016 0.0588167 0.0091780 0.0512748 0.0518189 0.0282968 0.0082338 0.0155917 0.0328280 0.0478861 0.0041662 0.0181238 0.0470998 0.0796013 0.0478076 0.0859811 0.0147117 0.0223646 0.2611420
102 S 102 0.0528982 0.0394641 0.0296589 0.0519636 0.0000000 0.0328400 0.0504476 0.0420579 0.0043377 0.0462392 0.0295833 0.0607400 0.0068939 0.0039313 0.0522043 0.0924053 0.0729278 0.0000000 0.0111268 0.0664868 0.2537933
103 D 103 0.0544434 0.0243296 0.0682540 0.0810897 0.0035809 0.0283502 0.0441273 0.0261835 0.0246037 0.0250902 0.0338436 0.0629785 0.0231845 0.0118595 0.0569318 0.0515914 0.0442277 0.0011035 0.0128025 0.0478926 0.2735319
104 R 104 0.0312211 0.0386875 0.0409577 0.0556879 0.0015445 0.0235878 0.0521859 0.0938844 0.0309067 0.0198238 0.0348270 0.0335878 0.0157482 0.0369309 0.0475208 0.0537023 0.0286408 0.0000000 0.0454923 0.0375643 0.2774982
105 K 105 0.0331620 0.0229172 0.0350958 0.0422927 0.0075221 0.0249597 0.0376770 0.0440149 0.0115106 0.0342705 0.1050365 0.0618433 0.0221397 0.0216961 0.0584546 0.0526798 0.0579275 0.0000000 0.0074521 0.0317002 0.2876477
106 S 106 0.0233273 0.0428270 0.0661659 0.0683062 0.0171191 0.0428847 0.0490886 0.0767221 0.0077961 0.0025106 0.0316706 0.0328870 0.0022959 0.0104738 0.0426260 0.1202829 0.0556340 0.0000000 0.0116160 0.0046749 0.2910916
107 Y 107 0.0267037 0.0212431 0.0312917 0.0551799 0.0018704 0.0323362 0.0624604 0.0106968 0.0159364 0.0304729 0.0285623 0.0628290 0.0109394 0.0388490 0.0213420 0.0627978 0.0241848 0.0031641 0.0897915 0.0436530 0.3256956
108 D 108 0.0530193 0.0192730 0.0192099 0.0579514 0.0022579 0.0337284 0.1140841 0.0264471 0.0124479 0.0134814 0.0276085 0.0490477 0.0149283 0.0424707 0.0395809 0.0359830 0.0495792 0.0011661 0.0157618 0.0364254 0.3355479
109 E 109 0.0496898 0.0325110 0.0248968 0.0479850 0.0008347 0.0568025 0.0759279 0.0278054 0.0121318 0.0247984 0.0207662 0.0601527 0.0045180 0.0144795 0.0418135 0.0524321 0.0318526 0.0064323 0.0319252 0.0427429 0.3395020
110 L 110 0.0348164 0.0361466 0.0220454 0.0305523 0.0071298 0.0193387 0.0216449 0.0321625 0.0048626 0.0301461 0.0613117 0.0510837 0.0286705 0.0410745 0.0462761 0.0639343 0.0555843 0.0066289 0.0228827 0.0400705 0.3436375
111 K 111 0.0439383 0.0420969 0.0139241 0.0438107 0.0126313 0.0332789 0.0203210 0.0324457 0.0087107 0.0309109 0.0327545 0.1009847 0.0101692 0.0261648 0.0366059 0.0619570 0.0303016 0.0000000 0.0120498 0.0636757 0.3432683
112 A 112 0.0732310 0.0299190 0.0354841 0.0430397 0.0079100 0.0382320 0.0469169 0.0396121 0.0044839 0.0153932 0.0516277 0.0510320 0.0100290 0.0213238 0.0457101 0.0608421 0.0355797 0.0000000 0.0086828 0.0405071 0.3404437
113 E 113 0.0630890 0.0374924 0.0327424 0.0313659 0.0000000 0.0490055 0.0606189 0.0293297 0.0212752 0.0162958 0.0500713 0.0675845 0.0114169 0.0099406 0.0454554 0.0593269 0.0347532 0.0000000 0.0033462 0.0317292 0.3451610
114 L 114 0.0586924 0.0503367 0.0141189 0.0193905 0.0014820 0.0147756 0.0119585 0.0212835 0.0056172 0.0747143 0.1358287 0.0345281 0.0097641 0.0070676 0.0564285 0.0576050 0.0130568 0.0021324 0.0080143 0.0536019 0.3496029
115 G 115 0.0883706 0.0433992 0.0246869 0.0242008 0.0126445 0.0345101 0.0453806 0.0821035 0.0075273 0.0077948 0.0674968 0.0516838 0.0091291 0.0217906 0.0293311 0.0425518 0.0141041 0.0000000 0.0110191 0.0267101 0.3555651
116 D 116 0.0356661 0.0394505 0.0397319 0.0514148 0.0040458 0.0196701 0.0375549 0.0452830 0.0110982 0.0209083 0.0604219 0.0869986 0.0126991 0.0250605 0.0250845 0.0508102 0.0268563 0.0000000 0.0260980 0.0357217 0.3454256
117 N 117 0.0611420 0.0495349 0.0338963 0.0346707 0.0097878 0.0251665 0.0418459 0.0628214 0.0029243 0.0239610 0.0377157 0.0828893 0.0013113 0.0206592 0.0308179 0.0508493 0.0251117 0.0000000 0.0076915 0.0476768 0.3495265
118 A 118 0.0561894 0.0512464 0.0218948 0.0362063 0.0101968 0.0409124 0.0632230 0.0374939 0.0120835 0.0109977 0.0463062 0.0659807 0.0089385 0.0119695 0.0289304 0.0450138 0.0293277 0.0000000 0.0159205 0.0533392 0.3538295
119 S 119 0.0632933 0.0373439 0.0319109 0.0398120 0.0116466 0.0638672 0.0364081 0.0643788 0.0079818 0.0299842 0.0542053 0.0411822 0.0037172 0.0171069 0.0209854 0.0759604 0.0276229 0.0000000 0.0057205 0.0258474 0.3410251
120 I 120 0.0517806 0.0056920 0.0120017 0.0218025 0.0021771 0.0425753 0.0277818 0.0401323 0.0131338 0.0615916 0.0624213 0.0461233 0.0056896 0.0242401 0.0290189 0.0530263 0.0340313 0.0095992 0.0378399 0.0819956 0.3373457
121 G 121 0.0258435 0.0370389 0.0202615 0.0309124 0.0008714 0.0251608 0.0364348 0.0500806 0.0173710 0.0425357 0.0481503 0.0627887 0.0276272 0.0119215 0.0624667 0.0496593 0.0317780 0.0037587 0.0118821 0.0678338 0.3356235
122 Q 122 0.0326853 0.0387697 0.0242669 0.0439296 0.0093013 0.0491076 0.0699210 0.0287178 0.0225453 0.0233140 0.0387129 0.0584894 0.0096281 0.0554549 0.0172592 0.0438007 0.0296109 0.0000000 0.0238822 0.0390578 0.3415455
123 L 123 0.0254414 0.0209929 0.0235079 0.0826735 0.0079189 0.0141908 0.0601760 0.0507241 0.0040672 0.0603794 0.0586111 0.0429477 0.0083284 0.0291986 0.0229401 0.0587998 0.0312545 0.0000000 0.0094598 0.0393942 0.3489937
124 V 124 0.0614273 0.0234206 0.0504503 0.0455121 0.0030276 0.0447690 0.0546309 0.0309029 0.0128305 0.0408417 0.0273284 0.0539697 0.0065819 0.0135738 0.0296441 0.0331682 0.0762798 0.0000000 0.0209331 0.0512805 0.3194278
125 S 125 0.0742978 0.0620074 0.0201205 0.0416933 0.0031641 0.0275088 0.0564409 0.0291415 0.0083865 0.0167022 0.0570211 0.0506938 0.0330057 0.0036918 0.0315572 0.0836689 0.0397738 0.0000000 0.0071866 0.0418780 0.3120601
126 G 126 0.0501213 0.0238936 0.0375504 0.0641382 0.0037571 0.0259465 0.1062675 0.0608905 0.0082324 0.0099010 0.0229511 0.0457028 0.0057244 0.0197079 0.0449898 0.0701891 0.0591864 0.0000000 0.0078738 0.0210587 0.3119176
127 L 127 0.0716088 0.0164871 0.0069647 0.0367068 0.0029338 0.0079012 0.0341458 0.0494887 0.0118655 0.0435629 0.1280872 0.0525567 0.0329009 0.0100128 0.0254688 0.0433450 0.0424028 0.0000000 0.0161885 0.0526432 0.3147287
128 T 128 0.0357552 0.0350190 0.0368806 0.0480116 0.0027355 0.0228658 0.0423511 0.0464342 0.0604341 0.0217819 0.0355969 0.0648260 0.0253610 0.0038198 0.0404342 0.0734358 0.0455489 0.0000000 0.0072617 0.0406515 0.3107950
129 S 129 0.0524668 0.0529774 0.0474525 0.0244893 0.0072593 0.0584579 0.0526317 0.0319083 0.0110235 0.0054209 0.0343265 0.0516455 0.0355683 0.0121900 0.0324090 0.0626793 0.0549230 0.0019768 0.0146682 0.0416373 0.3138888
130 K 130 0.0465131 0.0390715 0.0273213 0.0245018 0.0063436 0.0373885 0.0491556 0.0390311 0.0191622 0.0307812 0.0390237 0.0409855 0.0326559 0.0161251 0.0490321 0.0729572 0.0493955 0.0121029 0.0137632 0.0403571 0.3143319
131 N 131 0.0586108 0.0303960 0.0610820 0.0429559 0.0028541 0.0354435 0.0307121 0.0332598 0.0196771 0.0127025 0.0203325 0.0617242 0.0121603 0.0167615 0.0637759 0.0881497 0.0384297 0.0028440 0.0116230 0.0381477 0.3183578
132 E 132 0.0634684 0.0550736 0.0166852 0.0399462 0.0028649 0.0637613 0.0616256 0.0232975 0.0035725 0.0137637 0.0465838 0.0505184 0.0099511 0.0093485 0.0562761 0.0531944 0.0433731 0.0037021 0.0274293 0.0377610 0.3178033
133 V 133 0.0233239 0.0193820 0.0360760 0.0744963 0.0035508 0.0150843 0.0363080 0.0199329 0.0059309 0.0363020 0.0604582 0.0339917 0.0579397 0.0221706 0.0531471 0.0447621 0.0612298 0.0014961 0.0028960 0.0646875 0.3268341
134 F 134 0.0740620 0.0223087 0.0157951 0.0284414 0.0032891 0.0376628 0.0304385 0.0361956 0.0031035 0.0391966 0.1066652 0.0271322 0.0113999 0.0277134 0.0272354 0.0754397 0.0330102 0.0000000 0.0066491 0.0715958 0.3226658
135 T 135 0.0956492 0.0572632 0.0226535 0.0490673 0.0084222 0.0265592 0.0541438 0.0279101 0.0064233 0.0261337 0.0678086 0.0402196 0.0204561 0.0000000 0.0229726 0.0710319 0.0410948 0.0000000 0.0066914 0.0302319 0.3252675
136 A 136 0.0765227 0.0255176 0.0416704 0.0759287 0.0104159 0.0761899 0.0616679 0.0355192 0.0066017 0.0206997 0.0149771 0.0237100 0.0122126 0.0010506 0.0406891 0.0512396 0.0192001 0.0032016 0.0067077 0.0723956 0.3238823
137 T 137 0.0514147 0.0174481 0.0405442 0.0564697 0.0078141 0.0290068 0.1149752 0.0171685 0.0396268 0.0060264 0.0615119 0.0395110 0.0059470 0.0066427 0.0327197 0.0723187 0.0186709 0.0000000 0.0082494 0.0472482 0.3266858
138 T 138 0.0515544 0.0225853 0.0485013 0.0834733 0.0034414 0.0172682 0.0654917 0.0470876 0.0116245 0.0085231 0.0271122 0.0372021 0.0159248 0.0241022 0.0167741 0.1143202 0.0607231 0.0000000 0.0026070 0.0226702 0.3190132
139 T 139 0.0520830 0.0044463 0.0345560 0.0486613 0.0125296 0.0374312 0.0494008 0.0196593 0.0115232 0.0198759 0.0527855 0.0402375 0.0911957 0.0100604 0.0619404 0.0514313 0.0234548 0.0022802 0.0053978 0.0498075 0.3212426
140 L 140 0.0308075 0.0096868 0.0138818 0.0677522 0.0000000 0.0080062 0.0408551 0.0139640 0.0013222 0.0179037 0.1566473 0.0370240 0.0143590 0.0328240 0.0721341 0.0424684 0.0247043 0.0374792 0.0138586 0.0468190 0.3175025
141 V 141 0.0762897 0.0330987 0.0284376 0.1301845 0.0085755 0.0227447 0.0431128 0.0409371 0.0026937 0.0280009 0.0611925 0.0358831 0.0107039 0.0154503 0.0242091 0.0506094 0.0231205 0.0075595 0.0060048 0.0338615 0.3173304
142 P 142 0.0235835 0.0522596 0.0427971 0.0915694 0.0000000 0.0450926 0.0514278 0.0189223 0.0123881 0.0110881 0.0644773 0.0451306 0.0441397 0.0334085 0.0446854 0.0598347 0.0135107 0.0012832 0.0119217 0.0063331 0.3261468
143 T 143 0.0309851 0.0363917 0.0254757 0.0873005 0.0021891 0.0206007 0.0654174 0.0705504 0.0023541 0.0126622 0.0838045 0.0537986 0.0215861 0.0149190 0.0316743 0.0564863 0.0220213 0.0000000 0.0153779 0.0110136 0.3353917
144 K 144 0.0400803 0.0321397 0.0341411 0.0215646 0.0337504 0.0299769 0.0649469 0.0671191 0.0084053 0.0212837 0.0516430 0.0357952 0.0139540 0.0100824 0.0354806 0.0743667 0.0412973 0.0010510 0.0142313 0.0342957 0.3343949
145 L 145 0.0351221 0.0259627 0.0305072 0.0343150 0.0109988 0.0440462 0.0335478 0.0706684 0.0122135 0.0102756 0.0732987 0.0472873 0.0266192 0.0214424 0.0347612 0.0435912 0.0355070 0.0012774 0.0515789 0.0206091 0.3363702
146 E 146 0.0250492 0.0329573 0.0276292 0.0135685 0.0040525 0.0394768 0.0524312 0.0527819 0.0119451 0.0203799 0.0339488 0.1310163 0.0134625 0.0122769 0.0278061 0.0307617 0.1019355 0.0037344 0.0124776 0.0173676 0.3349411
147 T 147 0.0123821 0.0264975 0.0405142 0.0048843 0.0000000 0.0138497 0.0266317 0.0166193 0.0057209 0.0981416 0.0580052 0.0954976 0.0141551 0.0172498 0.0113771 0.0515465 0.0708043 0.0047833 0.0260140 0.0621286 0.3431971
148 F 148 0.0262696 0.0165308 0.0041347 0.0417301 0.0044892 0.0315943 0.0323417 0.0053898 0.0038432 0.0203206 0.0658969 0.0178073 0.0180682 0.0678202 0.0205331 0.0146917 0.0185607 0.0121223 0.2118105 0.0230691 0.3429762
149 P 149 0.0125531 0.0142428 0.0063182 0.0600531 0.0075293 0.0125309 0.0667616 0.0111243 0.0022630 0.0267038 0.0069710 0.0118292 0.0000000 0.0010564 0.2370055 0.0800887 0.0587485 0.0062447 0.0195557 0.0186184 0.3398019
150 L 150 0.0289907 0.0216764 0.0084154 0.0031124 0.0364306 0.0099597 0.0084088 0.0049897 0.0017336 0.0516017 0.1203557 0.0097815 0.0118531 0.0126398 0.0222081 0.0238718 0.0154487 0.0485997 0.1612206 0.0642917 0.3344105
151 D 151 0.0645209 0.0423571 0.0148394 0.0715763 0.0000000 0.0350881 0.1871877 0.0142878 0.0206367 0.0036956 0.0185998 0.0218068 0.0046008 0.0369512 0.0069931 0.0354853 0.0166089 0.0326478 0.0243175 0.0054230 0.3423764
152 V 152 0.0356404 0.0663044 0.0075795 0.0332319 0.0090344 0.0708533 0.0826162 0.0000000 0.0110903 0.0618570 0.0371804 0.0212736 0.0416080 0.0031802 0.0045779 0.0156850 0.0275337 0.0000000 0.0075225 0.1117426 0.3514886
153 L 153 0.0048817 0.0038835 0.0021456 0.0021538 0.0000000 0.0000000 0.0075620 0.0245764 0.0021738 0.0275480 0.4616424 0.0085605 0.0031570 0.0011422 0.0045599 0.0000000 0.0013139 0.0454902 0.0046171 0.0189276 0.3756646
154 V 154 0.0302415 0.0635654 0.0125472 0.0218592 0.0010689 0.0347526 0.0178202 0.0000000 0.0030994 0.0555869 0.0891212 0.0821639 0.0504412 0.0439011 0.0029737 0.0241542 0.0237107 0.0000000 0.0023210 0.0604096 0.3802621
155 N 155 0.0235022 0.0056808 0.1049498 0.0298313 0.0098998 0.0299880 0.0398179 0.0499108 0.0337799 0.0303050 0.0214279 0.0221440 0.0146943 0.0011216 0.0111518 0.0514338 0.0574211 0.0000000 0.0045215 0.0413131 0.4171054
156 T 156 0.0149360 0.0711247 0.0159567 0.0330154 0.0000000 0.0369016 0.0490828 0.0300464 0.0150144 0.0128368 0.0196073 0.0697163 0.0081064 0.0104138 0.0435150 0.0351504 0.0396397 0.0027815 0.0104628 0.0139413 0.4677507
157 A 157 0.0486277 0.0480906 0.0483832 0.0148987 0.0062783 0.0373919 0.0178355 0.0561801 0.0079535 0.0132589 0.0119506 0.0387610 0.0000000 0.0018322 0.0227523 0.0776412 0.0224229 0.0090228 0.0037309 0.0169052 0.4960824
158 A 158 0.0809867 0.0670681 0.0248069 0.0172496 0.0028378 0.0437350 0.0219661 0.0216676 0.0042230 0.0068033 0.0229290 0.0393176 0.0190156 0.0109079 0.0260134 0.0355972 0.0329170 0.0014207 0.0196547 0.0307711 0.4701117
159 E 159 0.0112101 0.0590912 0.0587486 0.0741022 0.0019208 0.0224284 0.0973663 0.0231252 0.0019319 0.0044605 0.0156690 0.0403270 0.0015148 0.0000000 0.0359482 0.0420533 0.0208000 0.0000000 0.0049045 0.0398755 0.4445226
160 D 160 0.0201235 0.0314368 0.0423656 0.0504604 0.0011659 0.0145092 0.0593422 0.0054207 0.0027037 0.0069364 0.0114956 0.1068843 0.0092910 0.0000000 0.1536930 0.0053729 0.0094660 0.0000000 0.0177441 0.0172775 0.4343114
161 L 161 0.0102443 0.0109051 0.0054253 0.0075417 0.0022630 0.0022766 0.0007862 0.0000000 0.0000000 0.0347787 0.2897761 0.0086700 0.0392269 0.0096441 0.0128083 0.0154404 0.0127797 0.0035046 0.0077819 0.0743153 0.4518318
162 P 162 0.0140803 0.0036395 0.0036083 0.0076576 0.0000000 0.0000000 0.0283239 0.0000000 0.0000000 0.0040561 0.0320942 0.0163525 0.0030791 0.0037839 0.3693207 0.0276747 0.0066618 0.0063182 0.0000000 0.0080904 0.4652590
163 R 163 0.0486372 0.0415594 0.0070791 0.0438998 0.0017336 0.0145555 0.1130442 0.0085180 0.0076385 0.0258549 0.0170683 0.0774791 0.0000000 0.0152132 0.0476255 0.0360956 0.0242246 0.0050722 0.0000000 0.0143825 0.4503186
164 G 164 0.0280658 0.0078237 0.0145239 0.1123681 0.0058030 0.0068853 0.0544181 0.1878046 0.0081436 0.0028984 0.0000000 0.0166014 0.0022906 0.0000000 0.0128808 0.0261871 0.0327173 0.0121884 0.0100977 0.0027141 0.4555884
165 V 165 0.0095984 0.0019842 0.0067803 0.0130963 0.0000000 0.0046709 0.0485312 0.0107318 0.0069384 0.0841671 0.0373661 0.0121701 0.0105808 0.0023541 0.0037288 0.0152594 0.0126359 0.0000000 0.0133505 0.2490496 0.4570060
166 D 166 0.0626424 0.0047131 0.0405705 0.3134377 0.0016712 0.0097172 0.0232542 0.0072890 0.0000000 0.0062397 0.0045013 0.0157397 0.0000000 0.0000000 0.0000000 0.0129233 0.0020101 0.0000000 0.0000000 0.0135526 0.4817380
167 P 167 0.0232815 0.1049048 0.0101593 0.0028617 0.0059623 0.0126119 0.0254513 0.0059203 0.0061602 0.0140843 0.0201130 0.0232061 0.0103296 0.0175790 0.1375256 0.0267011 0.0092544 0.0000000 0.0059045 0.0377972 0.5001919
168 S 168 0.0516662 0.0144940 0.0240519 0.0097253 0.0130152 0.0404620 0.0202306 0.0121116 0.0029239 0.0000000 0.0430774 0.0337615 0.0079331 0.0096971 0.0014344 0.0491909 0.1596280 0.0036080 0.0021456 0.0026125 0.4982307
169 R 169 0.0161765 0.1762822 0.0219896 0.0035512 0.0182190 0.0179092 0.0070255 0.0060323 0.0227679 0.0091733 0.0387067 0.1028972 0.0091812 0.0027732 0.0021738 0.0165117 0.0037591 0.0000000 0.0104642 0.0097839 0.5046223
170 K 170 0.0155909 0.0732134 0.0021226 0.0023368 0.0000000 0.0000000 0.0106961 0.0022746 0.0047201 0.0055301 0.2351313 0.0934933 0.0306115 0.0000000 0.0051028 0.0060108 0.0051400 0.0000000 0.0000000 0.0101610 0.4978647
171 E 171 0.0000000 0.0000000 0.0027732 0.0158493 0.0000000 0.0152003 0.4270753 0.0036886 0.0153791 0.0000000 0.0019065 0.0079878 0.0000000 0.0000000 0.0000000 0.0036628 0.0011812 0.0000000 0.0000000 0.0104607 0.4948353
172 N 172 0.0324618 0.0803987 0.0234641 0.0208241 0.0061628 0.0235506 0.0657387 0.0050804 0.0080890 0.0231668 0.0269837 0.0302312 0.0151127 0.0190196 0.0000000 0.0307668 0.0431598 0.0000000 0.0116983 0.0245333 0.5095575
173 H 173 0.0131078 0.0056317 0.0000000 0.0037341 0.0044919 0.0000000 0.0044594 0.0000000 0.1104877 0.0044193 0.0053778 0.0000000 0.0026106 0.0228571 0.0027298 0.0075321 0.0000000 0.0473767 0.2528765 0.0000000 0.5123076
174 L 174 0.0086723 0.0000000 0.0409028 0.0000000 0.0000000 0.0045520 0.0017680 0.0014579 0.0000000 0.0124363 0.3800396 0.0113721 0.0035661 0.0000000 0.0000000 0.0059714 0.0028984 0.0027732 0.0074195 0.0000000 0.5161705
175 S 175 0.0390813 0.0060259 0.0257770 0.0135027 0.0027272 0.0016912 0.0463739 0.0015701 0.0056093 0.0066206 0.0020101 0.0105286 0.0000000 0.0000000 0.0059163 0.2320320 0.0644406 0.0000000 0.0088533 0.0051586 0.5220812
176 D 176 0.0259241 0.0080991 0.0174522 0.2132192 0.0000000 0.0173747 0.0417778 0.0036886 0.0135907 0.0114019 0.0042355 0.0084695 0.0000000 0.0068693 0.0626562 0.0175272 0.0120219 0.0000000 0.0031072 0.0093737 0.5232114
177 E 177 0.0277114 0.0094908 0.0144806 0.0750889 0.0000000 0.0246384 0.1781803 0.0028213 0.0051986 0.0045871 0.0480926 0.0182120 0.0000000 0.0000000 0.0014324 0.0467278 0.0110235 0.0000000 0.0000000 0.0117120 0.5206024
178 D 178 0.0000000 0.0000000 0.0135133 0.1966428 0.0082913 0.0060160 0.1825735 0.0064294 0.0049069 0.0015386 0.0094202 0.0000000 0.0000000 0.0034743 0.0060106 0.0158733 0.0032531 0.0000000 0.0000000 0.0151421 0.5269147
179 F 179 0.0067837 0.0022005 0.0037968 0.0000000 0.0000000 0.0027782 0.0000000 0.0196691 0.0000000 0.0000000 0.0045730 0.0000000 0.0049151 0.3857486 0.0037341 0.0101302 0.0060929 0.0009481 0.0113649 0.0055510 0.5317139
180 K 180 0.0116546 0.0142169 0.0022937 0.0000000 0.0047864 0.0994111 0.0918238 0.0050666 0.0083459 0.0297740 0.0264326 0.0370438 0.0517969 0.0103692 0.0044286 0.0120669 0.0191013 0.0018882 0.0097725 0.0243671 0.5353599
