  158         A         R         N         D         C         Q         E         G         H         I         L         K         M         F         P         S         T         W         Y         V         X    
  1 F   1 0.0000000 0.0000000 0.0000000 0.0000000 0.0000000 0.0000000 0.0000000 0.0000000 0.0000000 0.0000000 0.0000000 0.0000000 0.0000000 0.5648264 0.0000000 0.0000000 0.0000000 0.0000000 0.1046937 0.0000000 0.3304799
  2 A   2 0.1187320 0.0000000 0.0000000 0.0000000 0.0000000 0.0494940 0.1096118 0.0345475 0.0000000 0.0000000 0.0000000 0.0000000 0.0000000 0.0000000 0.0000000 0.1200450 0.2866577 0.0000000 0.0000000 0.0000000 0.2809119
  3 C   3 0.0000000 0.0000000 0.0000000 0.0000000 0.9258551 0.0000000 0.0000000 0.0000000 0.0000000 0.0000000 0.0000000 0.0000000 0.0000000 0.0000000 0.0000000 0.0000000 0.0000000 0.0000000 0.0000000 0.0000000 0.0741449
  4 K   4 0.0000000 0.3367866 0.0233397 0.0000000 0.0000000 0.1079413 0.0000000 0.0000000 0.0000000 0.0600438 0.0000000 0.2085599 0.0000000 0.0000000 0.0000000 0.0345475 0.0302848 0.0000000 0.0784825 0.0000000 0.1200138
  5 T   5 0.0000000 0.0000000 0.2009008 0.0962521 0.0000000 0.0000000 0.0000000 0.0000000 0.0000000 0.0495680 0.0000000 0.0000000 0.0000000 0.0000000 0.0000000 0.0000000 0.3013052 0.0000000 0.0000000 0.2114085 0.1405654
  6 A   6 0.2668451 0.0468960 0.1436617 0.1179310 0.0000000 0.0000000 0.0000000 0.0000000 0.0000000 0.0404937 0.0000000 0.0387334 0.0000000 0.0000000 0.0000000 0.1001901 0.0480543 0.0000000 0.0000000 0.0000000 0.1971945
  7 N   7 0.0168048 0.0149417 0.1817770 0.0600398 0.0000000 0.0000000 0.0000000 0.2787341 0.0000000 0.0000000 0.0000000 0.0000000 0.0000000 0.0000000 0.0205516 0.0271040 0.1688519 0.0000000 0.0000000 0.0000000 0.2311953
  8 G   8 0.0000000 0.0000000 0.0600438 0.0378963 0.0000000 0.2009008 0.0000000 0.5516938 0.0000000 0.0000000 0.0000000 0.0000000 0.0000000 0.0000000 0.0000000 0.0000000 0.0000000 0.0000000 0.0000000 0.0000000 0.1494653
  9 T   9 0.0254161 0.0600438 0.1220298 0.0302848 0.0000000 0.0471836 0.0000000 0.0923186 0.0000000 0.0000000 0.0000000 0.0000000 0.0000000 0.0000000 0.0445996 0.0638334 0.3328366 0.0000000 0.0345475 0.0382089 0.1086972
 10 A  10 0.0700487 0.0000000 0.0000000 0.0345475 0.0000000 0.0000000 0.0214042 0.2831903 0.0000000 0.0975597 0.1027943 0.0000000 0.0000000 0.0000000 0.0000000 0.0692087 0.0632638 0.0941676 0.0000000 0.0551179 0.1086972
 11 I  11 0.0000000 0.0000000 0.0000000 0.0000000 0.0000000 0.3417587 0.0000000 0.0302848 0.0000000 0.3719639 0.0962521 0.0000000 0.0000000 0.0000000 0.0000000 0.0000000 0.0000000 0.0000000 0.0000000 0.1005375 0.0592031
 12 P  12 0.0000000 0.0000000 0.0210430 0.0382952 0.0000000 0.0000000 0.1309376 0.1059128 0.0000000 0.0573887 0.0000000 0.0205516 0.0000000 0.0445996 0.1764243 0.1228310 0.1131411 0.0000000 0.0000000 0.0863323 0.0825428
 13 I  13 0.0000000 0.0000000 0.0000000 0.0000000 0.0000000 0.0000000 0.0000000 0.0302848 0.0000000 0.1832418 0.0979365 0.0000000 0.0551855 0.1621674 0.0427506 0.0392469 0.0200913 0.0458690 0.0840976 0.1812414 0.0578873
 14 G  14 0.0000000 0.0000000 0.0826333 0.0205516 0.0000000 0.0380134 0.0000000 0.4577683 0.0468960 0.0000000 0.0000000 0.0979365 0.0000000 0.0000000 0.0000000 0.0404937 0.1315917 0.0000000 0.0000000 0.0000000 0.0841155
 15 G  15 0.0915663 0.0000000 0.0000000 0.0271040 0.0000000 0.0838100 0.0000000 0.4646996 0.0000000 0.0000000 0.0000000 0.0000000 0.0000000 0.0000000 0.0000000 0.2050045 0.0782477 0.0000000 0.0000000 0.0495680 0.0000000
 16 G  16 0.0392469 0.0000000 0.0000000 0.0000000 0.0000000 0.0000000 0.0000000 0.7234852 0.0600438 0.0000000 0.0000000 0.0672749 0.0000000 0.0000000 0.0000000 0.0796645 0.0000000 0.0000000 0.0000000 0.0000000 0.0302848
 17 S  17 0.0443932 0.0000000 0.0732809 0.2101345 0.0000000 0.0471836 0.0495680 0.0000000 0.0000000 0.0000000 0.0000000 0.0000000 0.0000000 0.0000000 0.0000000 0.2184661 0.3368823 0.0000000 0.0000000 0.0200913 0.0000000
 18 A  18 0.4154615 0.0000000 0.0000000 0.0000000 0.0000000 0.0899878 0.0000000 0.0000000 0.0000000 0.0600438 0.0941676 0.0000000 0.0000000 0.0000000 0.0000000 0.1560412 0.1028546 0.0000000 0.0814436 0.0000000 0.0000000
 19 N  19 0.0000000 0.0380134 0.4372316 0.1368302 0.0000000 0.0000000 0.0000000 0.0000000 0.0302848 0.0000000 0.0000000 0.0000000 0.0000000 0.0000000 0.1096118 0.2480283 0.0000000 0.0000000 0.0000000 0.0000000 0.0000000
 20 V  20 0.0369140 0.0000000 0.0000000 0.0000000 0.0000000 0.0000000 0.0000000 0.0000000 0.0000000 0.1619819 0.0941676 0.0000000 0.0000000 0.1152714 0.0000000 0.0000000 0.0000000 0.0000000 0.0000000 0.5916652 0.0000000
 21 Y  21 0.0000000 0.1471125 0.0838824 0.0600438 0.0000000 0.0941676 0.0000000 0.0000000 0.0000000 0.0000000 0.0000000 0.0000000 0.0000000 0.0000000 0.0000000 0.0000000 0.1451201 0.0000000 0.4696735 0.0000000 0.0000000
 22 V  22 0.0000000 0.0000000 0.0000000 0.0494940 0.0000000 0.0000000 0.0000000 0.0000000 0.0000000 0.0380134 0.0000000 0.0000000 0.0000000 0.0000000 0.0000000 0.0000000 0.0000000 0.0000000 0.0000000 0.9124926 0.0000000
 23 N  23 0.0000000 0.0427506 0.4218135 0.0771808 0.0000000 0.0345475 0.0000000 0.0000000 0.0000000 0.0404937 0.0000000 0.0000000 0.0000000 0.0000000 0.1921042 0.0471836 0.0838824 0.0000000 0.0000000 0.0600438 0.0000000
 24 L  24 0.0000000 0.0000000 0.0000000 0.0494940 0.0000000 0.0000000 0.0000000 0.0000000 0.0000000 0.1406871 0.6330180 0.0000000 0.0000000 0.0000000 0.0000000 0.0000000 0.0000000 0.0000000 0.0000000 0.1768009 0.0000000
 25 A  25 0.1074051 0.0000000 0.0000000 0.0233397 0.0000000 0.0784825 0.0345475 0.0427506 0.0000000 0.0494940 0.0000000 0.0404937 0.0000000 0.0000000 0.0468960 0.2786269 0.2330106 0.0000000 0.0000000 0.0649532 0.0000000
 26 P  26 0.0345475 0.0979365 0.0000000 0.0000000 0.0000000 0.0000000 0.0000000 0.0000000 0.0000000 0.0000000 0.0000000 0.0600438 0.0000000 0.0494940 0.6169145 0.0000000 0.0468960 0.0000000 0.0000000 0.0941676 0.0000000
 27 V  27 0.1066566 0.0271040 0.0000000 0.1059128 0.0000000 0.1645310 0.0345475 0.0000000 0.0000000 0.0000000 0.0000000 0.0876773 0.0000000 0.0000000 0.0000000 0.1728418 0.1855179 0.0000000 0.0000000 0.1152110 0.0000000
 28 V  28 0.0000000 0.0000000 0.0000000 0.0000000 0.0000000 0.0000000 0.0000000 0.0000000 0.0000000 0.1083641 0.2426389 0.0600438 0.0000000 0.0000000 0.0000000 0.0000000 0.0000000 0.0000000 0.0000000 0.5889532 0.0000000
 29 N  29 0.0210430 0.0000000 0.2316624 0.0000000 0.0000000 0.1877828 0.0271040 0.1884643 0.0000000 0.0000000 0.0000000 0.0000000 0.0000000 0.0000000 0.0494940 0.1000490 0.1475045 0.0000000 0.0000000 0.0468960 0.0000000
 30 V  30 0.1987908 0.0000000 0.0494940 0.0000000 0.0000000 0.0000000 0.0000000 0.0468960 0.0000000 0.0214042 0.0000000 0.0000000 0.0000000 0.0387334 0.1575841 0.0000000 0.0636386 0.0000000 0.1175282 0.2458869 0.0600438
 31 G  31 0.0000000 0.0494940 0.0271040 0.2158414 0.0000000 0.0000000 0.0000000 0.5657857 0.0471836 0.0000000 0.0000000 0.0000000 0.0000000 0.0000000 0.0000000 0.0000000 0.0000000 0.0000000 0.0345475 0.0000000 0.0600438
 32 Q  32 0.0000000 0.1869327 0.0000000 0.0404937 0.0000000 0.4003874 0.2051639 0.0000000 0.0000000 0.0494940 0.0000000 0.1175282 0.0000000 0.0000000 0.0000000 0.0000000 0.0000000 0.0000000 0.0000000 0.0000000 0.0000000
 33 N  33 0.0785071 0.0000000 0.5856847 0.0000000 0.0000000 0.1448326 0.0000000 0.0000000 0.0000000 0.0000000 0.0000000 0.0000000 0.0000000 0.0000000 0.0000000 0.0367643 0.0941676 0.0000000 0.0000000 0.0600438 0.0000000
 34 L  34 0.0000000 0.0941676 0.0000000 0.0000000 0.0000000 0.0000000 0.0922446 0.0000000 0.0000000 0.1624550 0.4604312 0.0458690 0.0000000 0.0000000 0.0000000 0.0000000 0.0468960 0.0000000 0.0000000 0.0979365 0.0000000
 35 V  35 0.0000000 0.0000000 0.0000000 0.0000000 0.0000000 0.0000000 0.0000000 0.0000000 0.0000000 0.3837652 0.0302848 0.0000000 0.0000000 0.0963901 0.0000000 0.0000000 0.0000000 0.0000000 0.0000000 0.4895599 0.0000000
 36 V  36 0.0494940 0.0000000 0.0000000 0.0000000 0.0000000 0.0000000 0.0000000 0.0000000 0.0000000 0.1366715 0.0747777 0.0000000 0.0941676 0.0792271 0.0000000 0.0000000 0.0000000 0.0000000 0.0600438 0.5056183 0.0000000
 37 D  37 0.0000000 0.0000000 0.0896466 0.8161858 0.0000000 0.0000000 0.0000000 0.0000000 0.0000000 0.0000000 0.0941676 0.0000000 0.0000000 0.0000000 0.0000000 0.0000000 0.0000000 0.0000000 0.0000000 0.0000000 0.0000000
 38 L  38 0.0000000 0.0000000 0.0000000 0.0000000 0.0000000 0.0000000 0.0941676 0.0000000 0.0000000 0.1448326 0.6215716 0.0000000 0.0000000 0.0471836 0.0000000 0.0000000 0.0000000 0.0000000 0.0000000 0.0922446 0.0000000
 39 S  39 0.0214042 0.0458690 0.0380134 0.0000000 0.0000000 0.0000000 0.0468960 0.1921042 0.0000000 0.0000000 0.0000000 0.0600438 0.0000000 0.0000000 0.0000000 0.5956695 0.0000000 0.0000000 0.0000000 0.0000000 0.0000000
 40 T  40 0.0495680 0.0527515 0.0660404 0.0899878 0.0000000 0.2716585 0.0000000 0.0000000 0.0000000 0.0000000 0.0000000 0.0592031 0.0000000 0.0000000 0.0000000 0.1421888 0.2240023 0.0000000 0.0000000 0.0445996 0.0000000
 41 Q  41 0.0000000 0.0941676 0.0600438 0.0000000 0.0000000 0.2369315 0.0471836 0.0000000 0.0578873 0.0000000 0.0747777 0.0000000 0.0000000 0.0899878 0.0000000 0.1514377 0.0000000 0.0000000 0.0979365 0.0468960 0.0427506
 42 I  42 0.0000000 0.0000000 0.0000000 0.0000000 0.0000000 0.0000000 0.0000000 0.0000000 0.0000000 0.4415478 0.1756112 0.0000000 0.0494940 0.0000000 0.0000000 0.0000000 0.0600438 0.0000000 0.0979365 0.1753667 0.0000000
 43 F  43 0.0214042 0.0404937 0.0600438 0.0967516 0.0000000 0.0468960 0.1425362 0.0000000 0.0000000 0.0205516 0.0651173 0.0345475 0.0000000 0.2210369 0.0000000 0.1410874 0.0922446 0.0000000 0.0000000 0.0172892 0.0000000
 44 C  44 0.0000000 0.0000000 0.0000000 0.0000000 1.0000000 0.0000000 0.0000000 0.0000000 0.0000000 0.0000000 0.0000000 0.0000000 0.0000000 0.0000000 0.0000000 0.0000000 0.0000000 0.0000000 0.0000000 0.0000000 0.0000000
 45 H  45 0.0000000 0.2426339 0.0000000 0.0000000 0.0000000 0.0747777 0.0000000 0.0000000 0.1425544 0.0000000 0.0000000 0.3947571 0.0873898 0.0000000 0.0000000 0.0000000 0.0000000 0.0578873 0.0000000 0.0000000 0.0000000
 46 N  46 0.0000000 0.0000000 0.7986050 0.0471836 0.0000000 0.0000000 0.0000000 0.0600438 0.0000000 0.0000000 0.0000000 0.0000000 0.0000000 0.0941676 0.0000000 0.0000000 0.0000000 0.0000000 0.0000000 0.0000000 0.0000000
 47 D  47 0.0000000 0.0000000 0.0000000 0.7812971 0.0000000 0.0000000 0.0899878 0.0000000 0.0000000 0.0000000 0.0000000 0.0000000 0.0000000 0.0000000 0.0000000 0.1287152 0.0000000 0.0000000 0.0000000 0.0000000 0.0000000
 48 A  48 0.1201926 0.0000000 0.0597764 0.0979592 0.0000000 0.0000000 0.0000000 0.0445996 0.0000000 0.0592031 0.0471836 0.0000000 0.0000000 0.0168048 0.0000000 0.2094712 0.0495680 0.0000000 0.1924472 0.0427506 0.0600438
 49 P  49 0.0000000 0.0000000 0.0000000 0.0000000 0.0000000 0.0000000 0.0000000 0.1589418 0.0000000 0.0000000 0.0000000 0.0000000 0.0000000 0.0445996 0.5448866 0.0849094 0.0367643 0.0000000 0.0271040 0.0000000 0.1027943
 50 E  50 0.0000000 0.0592031 0.0210430 0.0671808 0.0000000 0.1072274 0.0954648 0.3072384 0.0000000 0.0000000 0.0182039 0.0000000 0.0000000 0.0000000 0.0000000 0.2029127 0.0177696 0.1037563 0.0000000 0.0000000 0.0000000
 51 T  51 0.0686384 0.0669873 0.1005375 0.0000000 0.0000000 0.1298768 0.0000000 0.0894732 0.0000000 0.0000000 0.0000000 0.0000000 0.0000000 0.0000000 0.0000000 0.1716577 0.1948493 0.0495680 0.0825428 0.0458690 0.0000000
 52 I  52 0.0000000 0.1458201 0.1621674 0.1308602 0.0000000 0.0000000 0.0000000 0.0000000 0.0214042 0.1300988 0.0677352 0.0000000 0.0470895 0.0600438 0.0000000 0.0000000 0.0000000 0.0427506 0.1920302 0.0000000 0.0000000
 53 T  53 0.0000000 0.0373483 0.1003374 0.0000000 0.0000000 0.0000000 0.0495680 0.0000000 0.0000000 0.1191739 0.0000000 0.0177696 0.0000000 0.1069398 0.0000000 0.0846024 0.2578437 0.0000000 0.1152714 0.1111456 0.0000000
 54 D  54 0.0000000 0.0000000 0.0000000 0.9541310 0.0000000 0.0000000 0.0000000 0.0000000 0.0000000 0.0000000 0.0000000 0.0000000 0.0458690 0.0000000 0.0000000 0.0000000 0.0000000 0.0000000 0.0000000 0.0000000 0.0000000
 55 Y  55 0.0600438 0.0000000 0.0210430 0.0000000 0.0000000 0.0191444 0.0000000 0.0000000 0.0849912 0.0471836 0.0359735 0.0000000 0.0200913 0.0302848 0.0000000 0.0000000 0.0000000 0.0458690 0.6353755 0.0000000 0.0000000
 56 V  56 0.0000000 0.0000000 0.0000000 0.0000000 0.0000000 0.0000000 0.0000000 0.0000000 0.0000000 0.1130728 0.2729350 0.0000000 0.0979365 0.0471836 0.0000000 0.0000000 0.0000000 0.0941676 0.0000000 0.3747044 0.0000000
 57 T  57 0.0904686 0.0980571 0.2088152 0.0000000 0.0000000 0.0000000 0.0387334 0.0000000 0.0000000 0.0000000 0.0000000 0.1669046 0.0000000 0.0000000 0.0000000 0.1480799 0.1425544 0.0471836 0.0592031 0.0000000 0.0000000
 58 L  58 0.0000000 0.0000000 0.0000000 0.0000000 0.0000000 0.0000000 0.0000000 0.0000000 0.0000000 0.0968080 0.3446290 0.0000000 0.0962521 0.0000000 0.0471836 0.0458690 0.2348547 0.0000000 0.0000000 0.1344035 0.0000000
 59 Q  59 0.0000000 0.0967110 0.0458690 0.0427506 0.0000000 0.2102061 0.0345475 0.0495680 0.0000000 0.0191444 0.1461988 0.0000000 0.0000000 0.0000000 0.0000000 0.0445996 0.2599613 0.0000000 0.0000000 0.0504437 0.0000000
 60 R  60 0.1238268 0.2142835 0.0205516 0.0592031 0.0000000 0.1028485 0.0471836 0.0458690 0.0000000 0.0000000 0.0000000 0.0578073 0.0000000 0.0000000 0.0345475 0.1540565 0.0600438 0.0000000 0.0000000 0.0302848 0.0494940
 61 G  61 0.1096118 0.0000000 0.0387334 0.0000000 0.0000000 0.0302848 0.0000000 0.6735474 0.0592031 0.0000000 0.0000000 0.0000000 0.0458690 0.0000000 0.0427506 0.0000000 0.0000000 0.0000000 0.0000000 0.0000000 0.0000000
 62 S  62 0.1474306 0.0000000 0.0471836 0.0000000 0.0000000 0.0000000 0.0000000 0.0000000 0.0000000 0.0000000 0.0000000 0.0000000 0.0000000 0.0000000 0.0445996 0.5309580 0.2298282 0.0000000 0.0000000 0.0000000 0.0000000
 63 A  63 0.3530508 0.0000000 0.0000000 0.0494940 0.0000000 0.0000000 0.0471836 0.1993869 0.0000000 0.0600438 0.0458690 0.0000000 0.0427506 0.0000000 0.0000000 0.0979365 0.0740000 0.0000000 0.0000000 0.0302848 0.0000000
 64 Y  64 0.0000000 0.0000000 0.0886195 0.0000000 0.0000000 0.0000000 0.0000000 0.0000000 0.0600438 0.0000000 0.0840416 0.0000000 0.0000000 0.2680842 0.0000000 0.0979365 0.0964640 0.0445996 0.2602107 0.0000000 0.0000000
 65 G  65 0.0233397 0.0000000 0.0000000 0.0302848 0.0000000 0.0000000 0.0000000 0.4357858 0.0000000 0.0471836 0.0000000 0.0000000 0.0000000 0.0000000 0.0404937 0.2780798 0.1448326 0.0000000 0.0000000 0.0000000 0.0000000
 66 G  66 0.1358032 0.0000000 0.0000000 0.0000000 0.0000000 0.0000000 0.0000000 0.4003874 0.0404937 0.0000000 0.0000000 0.0600438 0.0000000 0.0000000 0.2653354 0.0000000 0.0979365 0.0000000 0.0000000 0.0000000 0.0000000
 67 V  67 0.1404580 0.0000000 0.0404937 0.0000000 0.0000000 0.0000000 0.0000000 0.0000000 0.0000000 0.0886195 0.1780716 0.1410637 0.0000000 0.0000000 0.0817312 0.0613531 0.0494940 0.0000000 0.0000000 0.2187152 0.0000000
 68 L  68 0.0000000 0.0000000 0.0000000 0.0000000 0.0000000 0.0000000 0.0471836 0.0000000 0.0000000 0.0600438 0.5220611 0.0000000 0.0000000 0.2727750 0.0979365 0.0000000 0.0000000 0.0000000 0.0000000 0.0000000 0.0000000
 69 S  69 0.0824960 0.0000000 0.0462483 0.0747777 0.0000000 0.0702358 0.0172892 0.0832443 0.0000000 0.0000000 0.0000000 0.2542793 0.0000000 0.0345475 0.0592031 0.1800415 0.0976372 0.0000000 0.0000000 0.0000000 0.0000000
 70 N  70 0.1724260 0.0000000 0.3285085 0.0826333 0.0000000 0.0468960 0.0592031 0.1027943 0.0000000 0.0471836 0.0000000 0.0000000 0.0000000 0.0000000 0.0000000 0.1603551 0.0000000 0.0000000 0.0000000 0.0000000 0.0000000
 71 F  71 0.0000000 0.0000000 0.0000000 0.0000000 0.0000000 0.0445996 0.0495680 0.0000000 0.0000000 0.0427506 0.1333764 0.0876773 0.0000000 0.5117485 0.0000000 0.0000000 0.0000000 0.0000000 0.1302795 0.0000000 0.0000000
 72 S  72 0.0468960 0.0191444 0.0653875 0.1038507 0.0000000 0.0000000 0.0592031 0.1369182 0.0000000 0.0000000 0.0000000 0.1401069 0.0000000 0.0000000 0.0000000 0.1468172 0.2216322 0.0000000 0.0000000 0.0600438 0.0000000
 73 G  73 0.1459581 0.0000000 0.0000000 0.0000000 0.0000000 0.0000000 0.0000000 0.5939775 0.0000000 0.0000000 0.0000000 0.0000000 0.0000000 0.0380134 0.0000000 0.0795148 0.1425362 0.0000000 0.0000000 0.0000000 0.0000000
 74 T  74 0.0000000 0.0772580 0.0000000 0.0000000 0.0000000 0.0000000 0.0000000 0.3771138 0.0000000 0.0000000 0.0000000 0.0000000 0.0000000 0.0600438 0.0000000 0.2839737 0.2016107 0.0000000 0.0000000 0.0000000 0.0000000
 75 V  75 0.0979365 0.0000000 0.0380134 0.0000000 0.0000000 0.0000000 0.0000000 0.0000000 0.0000000 0.0592450 0.4447224 0.0000000 0.0637935 0.0000000 0.0367643 0.0000000 0.0000000 0.0000000 0.0000000 0.2595249 0.0000000
 76 K  76 0.0000000 0.3023274 0.0425131 0.0471836 0.0000000 0.0000000 0.0404937 0.0000000 0.0000000 0.0672732 0.0658374 0.0730430 0.0000000 0.0000000 0.0000000 0.0000000 0.1395586 0.0000000 0.1722759 0.0494940 0.0000000
 77 Y  77 0.0000000 0.0000000 0.0000000 0.0000000 0.0000000 0.0000000 0.0000000 0.0367643 0.0000000 0.3232368 0.0380134 0.0000000 0.0000000 0.0000000 0.0000000 0.0000000 0.0000000 0.2342565 0.3182350 0.0494940 0.0000000
 78 S  78 0.0346340 0.0494940 0.3764023 0.0903285 0.0000000 0.0000000 0.0000000 0.0000000 0.0000000 0.0000000 0.0000000 0.0468960 0.0000000 0.0000000 0.0000000 0.1178804 0.0000000 0.0471836 0.1946679 0.0425131 0.0000000
 79 G  79 0.0792774 0.0000000 0.0909374 0.0814479 0.0000000 0.0000000 0.0000000 0.7095818 0.0000000 0.0000000 0.0000000 0.0000000 0.0000000 0.0000000 0.0000000 0.0000000 0.0387555 0.0000000 0.0000000 0.0000000 0.0000000
 80 S  80 0.0494940 0.0795148 0.0897331 0.0000000 0.0000000 0.0000000 0.0000000 0.0979365 0.0000000 0.0168048 0.0000000 0.0930526 0.0000000 0.0000000 0.0000000 0.2568480 0.1052689 0.0000000 0.0785071 0.0859441 0.0468960
 81 S  81 0.0425131 0.0471836 0.0000000 0.0427506 0.0000000 0.0367643 0.0000000 0.0000000 0.0495680 0.0000000 0.0000000 0.1579803 0.0000000 0.0000000 0.0000000 0.2245735 0.1847039 0.0000000 0.1211977 0.0458690 0.0468960
 82 Y  82 0.0000000 0.0495680 0.0000000 0.0000000 0.0000000 0.0380134 0.0000000 0.0000000 0.0000000 0.0425131 0.1437041 0.0000000 0.0000000 0.0000000 0.0000000 0.0000000 0.0000000 0.0000000 0.7262014 0.0000000 0.0000000
 83 P  83 0.0000000 0.0000000 0.0941676 0.1579803 0.0000000 0.0000000 0.0000000 0.0000000 0.0425131 0.0000000 0.0494940 0.0000000 0.0000000 0.0000000 0.4499687 0.1487185 0.0571577 0.0000000 0.0000000 0.0000000 0.0000000
 84 F  84 0.0494940 0.0000000 0.0445996 0.0000000 0.0000000 0.0000000 0.0458690 0.0000000 0.0000000 0.0766720 0.1645107 0.0000000 0.0000000 0.4764072 0.0000000 0.0832443 0.0000000 0.0000000 0.0000000 0.0000000 0.0592031
 85 P  85 0.0000000 0.0000000 0.0000000 0.0000000 0.0000000 0.0367643 0.0000000 0.0000000 0.0000000 0.0000000 0.0000000 0.0000000 0.0000000 0.0000000 0.9632357 0.0000000 0.0000000 0.0000000 0.0000000 0.0000000 0.0000000
 86 T  86 0.0000000 0.0000000 0.0000000 0.0000000 0.0000000 0.0000000 0.0000000 0.0000000 0.0000000 0.0495680 0.3962162 0.0000000 0.0818176 0.0862583 0.0425131 0.0600438 0.0911606 0.0000000 0.0000000 0.1924223 0.0000000
 87 T  87 0.0425131 0.0000000 0.1486369 0.0367643 0.0000000 0.1154818 0.0000000 0.0000000 0.0000000 0.0000000 0.0468960 0.0000000 0.0000000 0.0000000 0.1921042 0.0922446 0.2341822 0.0000000 0.0271040 0.0182039 0.0458690
 88 S  88 0.0000000 0.0600438 0.1836555 0.0000000 0.0000000 0.2113202 0.0000000 0.0668388 0.0000000 0.0000000 0.0367643 0.0425131 0.0000000 0.0000000 0.0458690 0.2771355 0.0487558 0.0000000 0.0271040 0.0000000 0.0000000
 89 E  89 0.0733601 0.0425131 0.0579737 0.1525071 0.0000000 0.0367643 0.1673144 0.1369182 0.0000000 0.0000000 0.0000000 0.0494940 0.0000000 0.0000000 0.1646669 0.0797547 0.0000000 0.0000000 0.0000000 0.0000000 0.0387334
 90 T  90 0.0000000 0.0425131 0.0600438 0.0000000 0.0000000 0.0000000 0.0494940 0.0471836 0.0000000 0.1369182 0.0000000 0.0000000 0.0000000 0.0000000 0.0000000 0.0551855 0.4280919 0.0000000 0.0000000 0.1805698 0.0000000
 91 P  91 0.1048253 0.1244524 0.1092567 0.0000000 0.0000000 0.0000000 0.0458690 0.0210430 0.0551179 0.0494940 0.0000000 0.1210691 0.0000000 0.0468960 0.0275356 0.1579799 0.0367643 0.0000000 0.0404937 0.0000000 0.0592031
 92 R  92 0.0000000 0.0697565 0.0000000 0.0000000 0.0000000 0.1046119 0.1050624 0.0600438 0.0000000 0.1168412 0.0425131 0.0205516 0.0445996 0.0000000 0.0000000 0.0672749 0.0210430 0.0000000 0.0873898 0.2011092 0.0592031
 93 V  93 0.0747777 0.0000000 0.0000000 0.0000000 0.0600438 0.0551179 0.0000000 0.0000000 0.0883179 0.0573887 0.0792914 0.0000000 0.0168048 0.1271155 0.0000000 0.0495680 0.0445996 0.0000000 0.1425753 0.1451963 0.0592031
 94 V  94 0.0000000 0.0302848 0.1042117 0.0424841 0.0000000 0.0000000 0.0471836 0.0000000 0.0345475 0.1057700 0.0000000 0.0000000 0.0000000 0.0862583 0.0000000 0.1332588 0.2912490 0.0000000 0.0380134 0.0275356 0.0592031
 95 Y  95 0.0000000 0.0494940 0.0000000 0.0000000 0.0000000 0.0000000 0.0000000 0.0000000 0.0000000 0.2093220 0.2369647 0.0000000 0.0445996 0.0962521 0.0000000 0.0000000 0.0000000 0.0380134 0.2455995 0.0205516 0.0592031
 96 N  96 0.0000000 0.0425131 0.0911742 0.0254161 0.0000000 0.1344157 0.0000000 0.0578873 0.0000000 0.0000000 0.0494940 0.0954042 0.0000000 0.0000000 0.1511050 0.1240321 0.1693551 0.0000000 0.0000000 0.0000000 0.0592031
 97 S  97 0.0458690 0.0000000 0.0873502 0.2022944 0.0000000 0.0000000 0.0425131 0.0000000 0.0346340 0.0000000 0.0000000 0.0387334 0.0000000 0.0600438 0.0468960 0.2176975 0.0494940 0.0000000 0.1152714 0.0000000 0.0592031
 98 R  98 0.0000000 0.1225688 0.1147192 0.0000000 0.0000000 0.0458690 0.0000000 0.3443366 0.0000000 0.0168048 0.0772981 0.0750286 0.0000000 0.0000000 0.0000000 0.0000000 0.1441718 0.0000000 0.0000000 0.0000000 0.0592031
 99 T  99 0.0966777 0.0000000 0.1865790 0.0346340 0.0000000 0.0000000 0.0458690 0.0000000 0.0000000 0.1366808 0.0000000 0.0302848 0.0404937 0.0000000 0.0000000 0.0988563 0.1322432 0.0000000 0.0000000 0.1384785 0.0592031
100 D 100 0.0000000 0.0000000 0.0600438 0.0697565 0.0000000 0.0000000 0.0214042 0.0941676 0.0000000 0.0000000 0.0000000 0.0000000 0.0000000 0.0448736 0.0881720 0.1347577 0.0458690 0.1621674 0.2195851 0.0000000 0.0592031
101 K 101 0.0000000 0.0598024 0.0000000 0.0000000 0.0000000 0.1301403 0.0494940 0.0000000 0.0859170 0.0271040 0.0378963 0.1735984 0.0578873 0.0000000 0.0000000 0.0168048 0.2079848 0.0000000 0.0495680 0.0445996 0.0592031
102 P 102 0.0191444 0.0000000 0.0387334 0.0000000 0.0000000 0.0000000 0.0000000 0.0976987 0.0404937 0.0000000 0.0600438 0.0000000 0.0000000 0.0000000 0.5759721 0.1087108 0.0000000 0.0000000 0.0000000 0.0000000 0.0592031
103 W 103 0.0000000 0.0000000 0.0000000 0.0000000 0.0000000 0.0000000 0.0000000 0.0000000 0.0000000 0.1992584 0.2886696 0.0000000 0.0345475 0.0747777 0.0000000 0.0000000 0.0000000 0.2176975 0.0000000 0.0833330 0.1017163
104 P 104 0.0427506 0.0000000 0.1233561 0.1413513 0.0000000 0.0494940 0.0000000 0.0000000 0.0000000 0.0000000 0.0000000 0.0000000 0.0000000 0.0000000 0.5413318 0.0000000 0.0000000 0.0000000 0.0000000 0.0000000 0.1017163
105 V 105 0.1001938 0.0000000 0.0000000 0.0000000 0.0000000 0.0000000 0.0000000 0.0468960 0.0000000 0.1309780 0.2061667 0.0000000 0.0345475 0.0000000 0.0000000 0.0000000 0.1344611 0.0000000 0.0000000 0.2450406 0.1017163
106 A 106 0.0578204 0.1719361 0.0000000 0.0000000 0.0000000 0.1349855 0.0458690 0.0000000 0.0000000 0.0000000 0.0000000 0.3167367 0.0345475 0.0000000 0.0000000 0.0000000 0.0941676 0.0000000 0.0000000 0.0422209 0.1017163
107 L 107 0.0000000 0.0000000 0.0000000 0.0000000 0.0000000 0.0000000 0.0000000 0.0000000 0.0000000 0.0000000 0.5822496 0.0000000 0.0931989 0.0471836 0.0941676 0.0000000 0.0000000 0.0000000 0.0000000 0.0814840 0.1017163
108 Y 108 0.0000000 0.0000000 0.0000000 0.0000000 0.0000000 0.0000000 0.0000000 0.0000000 0.0000000 0.0000000 0.0000000 0.0600438 0.0000000 0.0468960 0.0000000 0.0404937 0.0471836 0.0000000 0.7036666 0.0000000 0.1017163
109 L 109 0.0468960 0.0000000 0.0000000 0.0000000 0.0000000 0.0000000 0.0000000 0.0000000 0.0000000 0.0660903 0.6406513 0.0000000 0.0000000 0.0458690 0.0000000 0.0000000 0.0000000 0.0000000 0.0387334 0.0600438 0.1017163
110 T 110 0.0000000 0.0000000 0.0000000 0.0000000 0.0000000 0.0000000 0.0458690 0.0000000 0.0000000 0.0000000 0.0000000 0.0271040 0.0000000 0.0000000 0.0000000 0.1459608 0.3776664 0.0000000 0.1152714 0.1864122 0.1017163
111 P 111 0.0765897 0.0941676 0.0922446 0.0000000 0.0000000 0.0000000 0.0000000 0.0000000 0.0000000 0.0600438 0.0927650 0.0000000 0.0387334 0.0000000 0.4166356 0.0271040 0.0000000 0.0000000 0.0000000 0.0000000 0.1017163
112 V 112 0.0367643 0.1027943 0.0941676 0.0000000 0.0000000 0.0468960 0.0785071 0.0000000 0.0000000 0.1404952 0.0210430 0.0387334 0.0000000 0.0000000 0.0000000 0.0000000 0.1482382 0.0000000 0.0000000 0.1906446 0.1017163
113 S 113 0.0000000 0.0000000 0.0495680 0.0833330 0.0000000 0.0000000 0.0000000 0.1056292 0.0000000 0.0000000 0.0404937 0.0494940 0.0000000 0.0427506 0.0747777 0.3842985 0.0210430 0.0000000 0.0000000 0.0468960 0.1017163
114 S 114 0.1826427 0.0000000 0.0471836 0.0000000 0.0000000 0.0000000 0.0000000 0.1152714 0.0000000 0.0000000 0.0000000 0.0000000 0.0458690 0.0000000 0.3278996 0.0443404 0.1350771 0.0000000 0.0000000 0.0000000 0.1017163
115 A 115 0.4901513 0.0000000 0.0000000 0.0000000 0.0000000 0.0000000 0.0000000 0.1059128 0.0000000 0.0000000 0.0000000 0.0000000 0.0000000 0.0000000 0.0387334 0.0495680 0.0922446 0.0000000 0.0468960 0.0747777 0.1017163
116 G 116 0.0000000 0.0000000 0.1413513 0.0214042 0.0000000 0.0000000 0.0000000 0.4151560 0.0000000 0.0000000 0.0000000 0.0458690 0.0000000 0.1152714 0.0922446 0.0200913 0.0000000 0.0000000 0.0000000 0.0468960 0.1017163
117 G 117 0.0600438 0.0000000 0.0000000 0.0427506 0.0000000 0.0387334 0.0000000 0.5672254 0.0000000 0.0000000 0.0000000 0.0000000 0.0000000 0.0000000 0.0941676 0.0953630 0.0000000 0.0000000 0.0000000 0.0000000 0.1017163
118 V 118 0.0468960 0.0000000 0.0000000 0.0000000 0.0000000 0.0000000 0.0000000 0.0000000 0.0000000 0.1579612 0.0659603 0.1423754 0.0000000 0.0000000 0.0000000 0.0000000 0.0000000 0.0000000 0.0000000 0.4850909 0.1017163
119 A 119 0.1322949 0.0000000 0.0600438 0.0941676 0.0000000 0.0729730 0.0000000 0.0000000 0.0000000 0.0471836 0.1625487 0.0814840 0.0000000 0.0468960 0.0000000 0.0000000 0.0000000 0.0000000 0.0000000 0.2006922 0.1017163
120 I 120 0.0000000 0.0000000 0.0000000 0.0000000 0.0000000 0.0000000 0.0000000 0.0000000 0.0000000 0.7072324 0.0778134 0.0000000 0.0000000 0.0000000 0.0000000 0.0000000 0.0000000 0.0000000 0.0000000 0.1132380 0.1017163
121 K 121 0.0000000 0.3310180 0.2396464 0.0000000 0.0000000 0.0000000 0.0210430 0.0000000 0.0380134 0.0000000 0.0000000 0.1372327 0.0000000 0.0000000 0.0000000 0.1059142 0.0254161 0.0000000 0.0000000 0.0000000 0.1017163
122 A 122 0.2639351 0.1250571 0.0367643 0.0000000 0.0000000 0.0468960 0.0000000 0.0000000 0.0000000 0.0941676 0.0000000 0.2412391 0.0000000 0.0000000 0.0000000 0.0902245 0.0000000 0.0000000 0.0000000 0.0000000 0.1017163
123 G 123 0.0000000 0.0000000 0.0000000 0.0000000 0.0000000 0.0000000 0.0000000 0.8982837 0.0000000 0.0000000 0.0000000 0.0000000 0.0000000 0.0000000 0.0000000 0.0000000 0.0000000 0.0000000 0.0000000 0.0000000 0.1017163
124 S 124 0.0000000 0.0000000 0.0000000 0.4030893 0.0000000 0.0859170 0.1915799 0.0000000 0.0000000 0.0000000 0.0000000 0.0000000 0.0000000 0.0000000 0.0000000 0.0898478 0.1278498 0.0000000 0.0000000 0.0000000 0.1017163
125 L 125 0.0000000 0.0640729 0.0495680 0.0000000 0.0000000 0.0302848 0.0000000 0.0000000 0.0570052 0.0600438 0.3382156 0.0000000 0.0210430 0.0000000 0.0471836 0.0000000 0.0732809 0.0000000 0.0000000 0.1575860 0.1017163
126 I 126 0.0000000 0.0000000 0.0000000 0.0000000 0.0000000 0.0000000 0.0000000 0.0000000 0.0000000 0.4507810 0.2650284 0.0000000 0.0000000 0.0761608 0.0000000 0.0000000 0.0000000 0.0000000 0.0000000 0.1063136 0.1017163
127 A 127 0.6177918 0.0000000 0.0000000 0.0000000 0.0000000 0.0000000 0.0000000 0.2309979 0.0000000 0.0000000 0.0000000 0.0000000 0.0494940 0.0000000 0.0000000 0.0000000 0.0000000 0.0000000 0.0000000 0.0000000 0.1017163
128 V 128 0.0000000 0.1553482 0.0000000 0.0000000 0.0000000 0.1059643 0.0000000 0.0000000 0.0000000 0.0214042 0.0000000 0.0271040 0.0000000 0.0000000 0.0000000 0.0810867 0.3499426 0.0000000 0.0471836 0.1102502 0.1017163
129 L 129 0.0000000 0.0000000 0.0000000 0.0000000 0.0000000 0.0000000 0.0000000 0.0000000 0.0000000 0.1736108 0.5794322 0.0000000 0.0000000 0.1072274 0.0000000 0.0000000 0.0000000 0.0000000 0.0000000 0.0380134 0.1017163
130 I 130 0.0000000 0.0468960 0.2389812 0.0797788 0.0000000 0.0387334 0.0742876 0.0000000 0.0729077 0.0697565 0.0000000 0.0458690 0.0000000 0.0000000 0.0000000 0.0000000 0.0600438 0.0000000 0.0747777 0.0962521 0.1017163
131 L 131 0.0600438 0.0000000 0.0000000 0.0000000 0.0000000 0.0000000 0.0000000 0.0000000 0.0000000 0.0404937 0.2824363 0.0000000 0.2578331 0.1355156 0.0000000 0.0000000 0.0000000 0.0000000 0.0471836 0.0747777 0.1017163
132 R 132 0.0000000 0.0746251 0.0747777 0.0445996 0.0000000 0.0404937 0.0600438 0.0000000 0.2374169 0.0458690 0.0468960 0.0000000 0.0000000 0.0000000 0.0000000 0.0427506 0.0495680 0.0000000 0.1812434 0.0000000 0.1017163
133 Q 133 0.0495680 0.0000000 0.0000000 0.0000000 0.0000000 0.4581441 0.0000000 0.0000000 0.0000000 0.0000000 0.0000000 0.3905716 0.0000000 0.0000000 0.0000000 0.0000000 0.0000000 0.0000000 0.0000000 0.0000000 0.1017163
134 T 134 0.0000000 0.1059128 0.0494940 0.0000000 0.0000000 0.0000000 0.0873898 0.0000000 0.0000000 0.0849912 0.0000000 0.0471836 0.0000000 0.0000000 0.0000000 0.0000000 0.3929176 0.0000000 0.0000000 0.1303947 0.1017163
135 N 135 0.1401768 0.0000000 0.4325030 0.0000000 0.0000000 0.0000000 0.0000000 0.0752091 0.0000000 0.0000000 0.0000000 0.0367643 0.0380134 0.0000000 0.0000000 0.1368838 0.0387334 0.0000000 0.0000000 0.0000000 0.1017163
136 N 136 0.0000000 0.0000000 0.3581597 0.1044021 0.0000000 0.0000000 0.0000000 0.2566592 0.0000000 0.0000000 0.0000000 0.0000000 0.0000000 0.0000000 0.0000000 0.1152293 0.0638334 0.0000000 0.0000000 0.0000000 0.1017163
137 Y 137 0.0000000 0.0427506 0.0000000 0.0000000 0.0000000 0.1242717 0.0000000 0.2052213 0.0954370 0.0000000 0.0471836 0.0168048 0.0000000 0.0000000 0.0000000 0.0000000 0.0000000 0.1216953 0.1594492 0.0302848 0.1569018
138 N 138 0.0468960 0.0471836 0.3260877 0.1626583 0.0000000 0.0000000 0.0747777 0.0863627 0.0494940 0.0000000 0.0000000 0.0000000 0.0000000 0.0000000 0.0814840 0.0233397 0.0000000 0.0000000 0.0000000 0.0000000 0.1017163
139 S 139 0.2147263 0.0000000 0.0595553 0.0000000 0.0000000 0.0792271 0.0214042 0.1401768 0.0000000 0.1273074 0.0000000 0.0000000 0.0000000 0.0000000 0.0495680 0.1278361 0.0000000 0.0000000 0.0000000 0.0784825 0.1017163
140 D 140 0.0000000 0.0411343 0.1499868 0.3828858 0.0000000 0.0886195 0.0182039 0.1464813 0.0000000 0.0000000 0.0000000 0.0000000 0.0000000 0.0000000 0.0000000 0.0709722 0.0000000 0.0000000 0.0000000 0.0000000 0.1017163
141 D 141 0.0404937 0.0000000 0.0975579 0.0443404 0.0427506 0.0000000 0.0747777 0.0471836 0.1234941 0.0000000 0.0000000 0.0000000 0.0000000 0.0000000 0.2118500 0.1195837 0.0962521 0.0000000 0.0000000 0.0000000 0.1017163
142 F 142 0.0887409 0.1154066 0.0173448 0.0471836 0.0000000 0.0387334 0.0000000 0.0427506 0.0000000 0.0000000 0.0000000 0.1620389 0.0000000 0.1000412 0.0766720 0.1635028 0.0000000 0.0000000 0.0000000 0.0000000 0.1475852
143 Q 143 0.0445996 0.0766720 0.1154621 0.0765742 0.0000000 0.0697565 0.0000000 0.0000000 0.0404937 0.0000000 0.0000000 0.0200913 0.0000000 0.0000000 0.0427506 0.0468960 0.1536292 0.0000000 0.1299106 0.0000000 0.1831642
144 F 144 0.0000000 0.0000000 0.0000000 0.0000000 0.0000000 0.0000000 0.0000000 0.0000000 0.0000000 0.0495680 0.0445996 0.0000000 0.0000000 0.5868650 0.0000000 0.0000000 0.0000000 0.0000000 0.1572073 0.0000000 0.1617600
145 V 145 0.0445996 0.0427506 0.0495680 0.0000000 0.0000000 0.0000000 0.0468960 0.0471836 0.0000000 0.0886299 0.0000000 0.0797788 0.0000000 0.0000000 0.0000000 0.0000000 0.4331327 0.0000000 0.0000000 0.0657445 0.1017163
146 W 146 0.0000000 0.0000000 0.0000000 0.0000000 0.0000000 0.0000000 0.0000000 0.0000000 0.0000000 0.0000000 0.0468960 0.0000000 0.0000000 0.0302848 0.0000000 0.0000000 0.0000000 0.7269353 0.0000000 0.0941676 0.1017163
147 N 147 0.0000000 0.3212196 0.3812694 0.0000000 0.0000000 0.0000000 0.0345475 0.0000000 0.0000000 0.0000000 0.0000000 0.0404937 0.0000000 0.0000000 0.0000000 0.0000000 0.0445996 0.0000000 0.0761537 0.0000000 0.1017163
148 I 148 0.0000000 0.0000000 0.0000000 0.0000000 0.0000000 0.0000000 0.0000000 0.0000000 0.0000000 0.3462263 0.1189114 0.0000000 0.0000000 0.3175742 0.0000000 0.0000000 0.0000000 0.0000000 0.0941676 0.0214042 0.1017163
149 Y 149 0.0000000 0.0000000 0.0495680 0.0000000 0.0000000 0.0000000 0.0000000 0.0000000 0.0302848 0.1975887 0.0471836 0.0000000 0.0000000 0.0404937 0.0000000 0.0600438 0.0445996 0.0000000 0.3939740 0.0345475 0.1017163
150 A 150 0.7803527 0.0000000 0.0000000 0.0000000 0.0000000 0.0000000 0.0000000 0.0000000 0.0000000 0.0000000 0.0600438 0.0000000 0.0000000 0.0000000 0.0000000 0.0578873 0.0000000 0.0000000 0.0000000 0.0000000 0.1017163
151 N 151 0.1787700 0.0302848 0.2271891 0.0832443 0.0000000 0.0214042 0.0000000 0.0966777 0.0000000 0.0000000 0.0271040 0.1414873 0.0000000 0.0000000 0.0000000 0.0173448 0.0747777 0.0000000 0.0000000 0.0000000 0.1017163
152 N 152 0.0000000 0.0000000 0.8232425 0.0000000 0.0000000 0.0000000 0.0000000 0.0000000 0.0000000 0.0000000 0.0000000 0.0404937 0.0000000 0.0000000 0.0000000 0.0000000 0.0000000 0.0000000 0.0345475 0.0000000 0.1017163
153 D 153 0.0000000 0.0000000 0.2077016 0.5977590 0.0000000 0.0000000 0.0302848 0.0000000 0.0000000 0.0000000 0.0000000 0.0000000 0.0000000 0.0000000 0.0000000 0.0625384 0.0000000 0.0000000 0.0000000 0.0000000 0.1017163
154 V 154 0.0427506 0.0000000 0.0000000 0.0000000 0.0000000 0.0000000 0.0000000 0.0000000 0.0000000 0.0000000 0.1069398 0.0000000 0.0000000 0.0941676 0.0000000 0.0387334 0.0000000 0.0000000 0.0000000 0.6156923 0.1017163
155 V 155 0.0000000 0.0000000 0.0000000 0.0458690 0.0000000 0.0000000 0.0000000 0.0000000 0.0000000 0.1328247 0.0000000 0.0000000 0.0000000 0.0000000 0.0000000 0.0445996 0.0841155 0.0000000 0.1580219 0.4328529 0.1017163
156 V 156 0.0000000 0.0000000 0.0000000 0.0000000 0.0000000 0.0000000 0.0000000 0.0000000 0.0000000 0.3600126 0.0404937 0.0000000 0.0849912 0.0814840 0.0000000 0.0000000 0.0000000 0.0000000 0.0000000 0.3313023 0.1017163
157 P 157 0.0000000 0.0000000 0.0458690 0.0000000 0.0000000 0.1621674 0.0000000 0.0494940 0.0000000 0.0000000 0.0000000 0.0000000 0.0000000 0.0000000 0.4651017 0.0000000 0.0000000 0.0000000 0.0000000 0.0427506 0.2346173
158 T 158 0.0000000 0.0000000 0.0000000 0.0000000 0.0000000 0.0000000 0.0000000 0.0000000 0.0000000 0.0000000 0.0000000 0.0000000 0.0000000 0.0000000 0.0000000 0.0000000 0.5865471 0.0000000 0.0000000 0.0000000 0.4134529
