  157         A         R         N         D         C         Q         E         G         H         I         L         K         M         F         P         S         T         W         Y         V         X    
  1 M   1 0.0000000 0.0000000 0.0000000 0.0000000 0.0000000 0.0000000 0.0000000 0.0000000 0.0000000 0.0207932 0.0680855 0.0000000 0.0120792 0.0000000 0.0000000 0.0000000 0.0000000 0.0000000 0.0000000 0.0368127 0.8622294
  2 A   2 0.0366655 0.0069923 0.0035434 0.0000000 0.0956359 0.0000000 0.0000000 0.0000000 0.0000000 0.0000000 0.0070186 0.0059684 0.0000000 0.0015150 0.0016346 0.0395570 0.0422292 0.0177498 0.0000000 0.0022677 0.7392227
  3 Q   3 0.0080263 0.0474943 0.0284956 0.0115293 0.0017946 0.0312756 0.0444131 0.0760113 0.0118393 0.0000000 0.0012885 0.0145905 0.0000000 0.0000000 0.0094546 0.0517172 0.0117938 0.0000000 0.0036266 0.0000000 0.6466495
  4 V   4 0.0052743 0.0181476 0.0070697 0.0053126 0.0781664 0.0097913 0.0083950 0.0110877 0.0077880 0.0040946 0.0104188 0.0039203 0.0111211 0.0008075 0.0572428 0.1181173 0.0706589 0.0011444 0.0008296 0.0298542 0.5407581
  5 V   5 0.0000000 0.0000000 0.0000000 0.0000000 0.7641886 0.0000000 0.0000000 0.0000000 0.0000000 0.0000000 0.0000000 0.0000000 0.0000000 0.0021943 0.0000000 0.0018578 0.0000000 0.0000000 0.0000000 0.0074207 0.2243386
  6 S   6 0.0353029 0.0137951 0.0052592 0.0583825 0.0000000 0.0189258 0.0435117 0.0097792 0.0033099 0.0015040 0.0192735 0.0177152 0.0000000 0.0000000 0.4986323 0.0351784 0.0104068 0.0000000 0.0029196 0.0040684 0.2220354
  7 Q   7 0.0496331 0.0283607 0.0392363 0.0980083 0.0022624 0.0449592 0.1152862 0.0115175 0.0129370 0.0119114 0.0278766 0.0916722 0.0097961 0.0121216 0.0764906 0.0939218 0.0399819 0.0316496 0.0201433 0.0367422 0.1454920
  8 G   8 0.0056680 0.0052209 0.0646601 0.1076765 0.0006874 0.0147514 0.0259497 0.5264202 0.0146460 0.0000000 0.0022641 0.0074278 0.0026850 0.0283679 0.0052425 0.0500438 0.0093776 0.0000000 0.0063373 0.0000000 0.1225737
  9 W   9 0.0029926 0.0000000 0.0000000 0.0000000 0.0000000 0.0016346 0.0022185 0.0000000 0.0018595 0.0013924 0.0000000 0.0014149 0.0000000 0.0361019 0.0000000 0.0051647 0.0013990 0.6802064 0.1617808 0.0000000 0.1038350
 10 K  10 0.0309399 0.0359657 0.0171841 0.0267801 0.0000000 0.0320908 0.0433731 0.0071619 0.0348774 0.1025790 0.0850223 0.0927608 0.0231179 0.0241716 0.0010090 0.0492706 0.1646034 0.0142111 0.0140319 0.1011253 0.0997241
 11 Y  11 0.0439395 0.0643616 0.0288863 0.0052752 0.0000000 0.0328540 0.0785880 0.0258570 0.0322215 0.0294461 0.0661576 0.1080475 0.0196495 0.0522781 0.1182646 0.1018175 0.0219545 0.0109104 0.0378236 0.0285435 0.0931240
 12 F  12 0.0043987 0.0185616 0.0233395 0.0079340 0.0028153 0.0034594 0.0007203 0.0069036 0.0903890 0.0065829 0.0209486 0.0124340 0.0041040 0.4133933 0.0000000 0.0187773 0.0029081 0.0408898 0.2151294 0.0149608 0.0913504
 13 K  13 0.0342968 0.1097936 0.1158233 0.0469629 0.0000000 0.1583647 0.0646196 0.1927874 0.0289771 0.0033273 0.0153290 0.0413442 0.0071499 0.0044165 0.0102612 0.0530321 0.0162082 0.0011361 0.0039074 0.0028880 0.0893750
 14 G  14 0.0135109 0.0367415 0.1060090 0.1059489 0.0022406 0.0186493 0.0503490 0.3687048 0.0085034 0.0020236 0.0037932 0.0186446 0.0020933 0.0158877 0.0140438 0.1118061 0.0245198 0.0000000 0.0089380 0.0049850 0.0826077
 15 N  15 0.0353330 0.0739241 0.1130205 0.0041304 0.0012355 0.0188712 0.0009529 0.0142308 0.1239792 0.0642381 0.0099384 0.1027269 0.0064975 0.0288548 0.0010888 0.2120469 0.0261516 0.0012719 0.0671681 0.0185683 0.0757713
 16 F  16 0.0019412 0.0018867 0.0024797 0.0000000 0.8182843 0.0205456 0.0108700 0.0000000 0.0023439 0.0000000 0.0112263 0.0043767 0.0007453 0.0179068 0.0000000 0.0159058 0.0045788 0.0011627 0.0084926 0.0017719 0.0754818
 17 Y  17 0.0012500 0.0000000 0.0000000 0.0008675 0.0000000 0.0000000 0.0012163 0.0000000 0.0013521 0.0015735 0.0072026 0.0000000 0.0000000 0.1289064 0.0000000 0.0000000 0.0000000 0.0025701 0.7980806 0.0014954 0.0554855
 18 Y  18 0.0125057 0.1122395 0.0058618 0.0007834 0.0012560 0.0415496 0.0049322 0.0066716 0.0168533 0.0090008 0.0729962 0.2986082 0.0107589 0.1161953 0.0000000 0.0431576 0.0053566 0.0461982 0.1343485 0.0089457 0.0517807
 19 F  19 0.1008816 0.0031658 0.0017193 0.0083008 0.0000000 0.0012402 0.0038321 0.0025793 0.0325084 0.1466480 0.0812755 0.0014422 0.0238339 0.3147331 0.0137317 0.0016609 0.0093056 0.0024366 0.0890137 0.1116139 0.0500775
 20 S  20 0.0040655 0.0074840 0.0510003 0.0052770 0.0006316 0.0170812 0.0187786 0.0438170 0.0233673 0.0318061 0.0224309 0.0029062 0.0117672 0.2758003 0.0046458 0.2814743 0.0117938 0.0000000 0.0604258 0.0910129 0.0344342
 21 L  21 0.0738154 0.0672038 0.1373886 0.0790618 0.0000000 0.0467553 0.0716701 0.0243808 0.0304390 0.0117999 0.0113018 0.0798358 0.0143105 0.0040440 0.0474091 0.1241470 0.1184596 0.0023672 0.0066349 0.0197576 0.0292178
 22 I  22 0.0273939 0.0205345 0.0442150 0.1316715 0.0023510 0.0704975 0.1886000 0.0254256 0.0433818 0.0229061 0.0235406 0.0369661 0.0060179 0.0114287 0.0059829 0.1211973 0.1473860 0.0000000 0.0132452 0.0286753 0.0285831
 23 P  23 0.0646594 0.1676397 0.0198910 0.0150210 0.0007732 0.0756795 0.0687738 0.0428573 0.0232613 0.0071451 0.0526084 0.1819236 0.0115017 0.0086658 0.0755368 0.0641411 0.0735151 0.0026484 0.0070212 0.0098383 0.0268982
 24 K  24 0.0560455 0.1125334 0.0133674 0.0054671 0.0000000 0.0300677 0.0419552 0.0107829 0.0101333 0.0054943 0.1267250 0.3499243 0.0856038 0.0023384 0.0007047 0.0256829 0.0143190 0.0000000 0.0163146 0.0648617 0.0276786
 25 T  25 0.0216382 0.0169751 0.1208179 0.0430174 0.0000000 0.0157814 0.0080979 0.0178877 0.0012837 0.0317076 0.0025749 0.0195416 0.0051670 0.0030802 0.0371586 0.2101283 0.4146586 0.0000000 0.0014509 0.0023383 0.0266948
 26 W  26 0.0024584 0.0013655 0.0013439 0.0000000 0.0000000 0.0178435 0.0000000 0.0000000 0.0100630 0.0024366 0.0000000 0.0000000 0.0232245 0.1340736 0.0000000 0.0000000 0.0000000 0.6941530 0.0873956 0.0009182 0.0247243
 27 Y  27 0.0837138 0.0342800 0.0586373 0.1131163 0.0029877 0.0428502 0.0953124 0.0188227 0.0849669 0.0232653 0.0286213 0.0354511 0.0103334 0.0343967 0.0382788 0.1359221 0.0615669 0.0000000 0.0375299 0.0338065 0.0261407
 28 S  28 0.0565420 0.0124648 0.0303876 0.2882853 0.0000000 0.1024148 0.3064459 0.0299388 0.0123470 0.0029247 0.0075407 0.0315616 0.0030701 0.0013475 0.0014014 0.0433522 0.0314156 0.0025832 0.0069715 0.0050025 0.0240029
 29 A  29 0.8080100 0.0012433 0.0000000 0.0000000 0.0000000 0.0000000 0.0013095 0.0113544 0.0021660 0.0000000 0.0000000 0.0000000 0.0022185 0.0000000 0.0000000 0.1496954 0.0000000 0.0000000 0.0000000 0.0000000 0.0240029
 30 E  30 0.0733593 0.2732258 0.0279413 0.0206487 0.0000000 0.1068898 0.2178239 0.0049800 0.0107765 0.0161016 0.0516672 0.0658726 0.0064921 0.0044909 0.0000000 0.0368120 0.0145151 0.0088888 0.0077361 0.0277753 0.0240029
 31 Q  31 0.1137432 0.1097716 0.0283218 0.0792982 0.0000000 0.1119314 0.0698803 0.0130018 0.0181678 0.0122169 0.0626079 0.1294886 0.0155050 0.0186189 0.0000000 0.0746140 0.0915494 0.0022726 0.0114006 0.0143012 0.0233087
 32 F  32 0.1580405 0.0478193 0.0695008 0.0504099 0.0006904 0.0306242 0.0608327 0.0010064 0.0332100 0.0310561 0.0249523 0.0269964 0.0165846 0.1202567 0.0000000 0.0854780 0.0806916 0.0090635 0.0880649 0.0410785 0.0236433
 33 C  33 0.0034904 0.0000000 0.0000000 0.0000000 0.9710681 0.0000000 0.0000000 0.0000000 0.0000000 0.0000000 0.0000000 0.0000000 0.0000000 0.0000000 0.0000000 0.0021328 0.0000000 0.0000000 0.0000000 0.0000000 0.0233087
 34 V  34 0.0651025 0.2185199 0.0100676 0.0105250 0.0008025 0.1859058 0.0873935 0.0378848 0.0185975 0.0362724 0.0602897 0.0924237 0.0124078 0.0051590 0.0000000 0.0586534 0.0314234 0.0000000 0.0035385 0.0416822 0.0233508
 35 S  35 0.1138429 0.0755848 0.0402602 0.0716301 0.0000000 0.0812015 0.1559663 0.0475199 0.0087418 0.0071029 0.0633626 0.0855922 0.0118310 0.0050686 0.0000000 0.1379014 0.0430602 0.0089251 0.0078272 0.0098923 0.0246889
 36 R  36 0.0372790 0.0709601 0.0439829 0.1403778 0.0012540 0.1330508 0.0832771 0.0109804 0.0549726 0.0428294 0.1011027 0.0476013 0.0884827 0.0291789 0.0000000 0.0219555 0.0066395 0.0011777 0.0227271 0.0366406 0.0255299
 37 N  37 0.0148192 0.0228947 0.0829643 0.0442463 0.0000000 0.0340919 0.0312094 0.6093967 0.0161647 0.0000000 0.0013132 0.0367493 0.0018060 0.0163942 0.0000000 0.0440445 0.0067996 0.0009048 0.0101266 0.0000000 0.0260746
 38 S  38 0.3929768 0.0011255 0.0000000 0.0017539 0.0088683 0.0000000 0.0000000 0.4488426 0.0000000 0.0000000 0.0000000 0.0000000 0.0015757 0.0022384 0.0000000 0.1077910 0.0091676 0.0000000 0.0000000 0.0000000 0.0256602
 39 H  39 0.0070251 0.0350406 0.1146649 0.1794759 0.0000000 0.0632515 0.0620917 0.0022073 0.2566024 0.0134079 0.0332361 0.0117531 0.0087860 0.0053313 0.0000000 0.0431676 0.1005407 0.0007663 0.0285635 0.0084277 0.0256602
 40 L  40 0.0000000 0.0000000 0.0000000 0.0000000 0.0000000 0.0000000 0.0000000 0.0000000 0.0000000 0.0130754 0.9388368 0.0000000 0.0047079 0.0000000 0.0000000 0.0000000 0.0000000 0.0000000 0.0000000 0.0177196 0.0256602
 41 T  41 0.4077230 0.0000000 0.0000000 0.0000000 0.0015840 0.0000000 0.0000000 0.0013550 0.0000000 0.0199065 0.1084820 0.0000000 0.0082168 0.0018850 0.0029705 0.0222493 0.0691954 0.0000000 0.0000000 0.3307724 0.0256602
 42 S  42 0.0156398 0.0031981 0.0025634 0.0126765 0.0020034 0.0008217 0.0057202 0.0013541 0.0068615 0.0910773 0.0061122 0.0076667 0.1224941 0.0043813 0.0000000 0.4836935 0.0838727 0.0000000 0.0026407 0.1246676 0.0225552
 43 V  43 0.0022378 0.0000000 0.0000000 0.0000000 0.0000000 0.0000000 0.0023790 0.0000000 0.0000000 0.5895939 0.0388917 0.0000000 0.0031050 0.0150430 0.1313070 0.0025627 0.0000000 0.0000000 0.0015847 0.1917695 0.0215256
 44 T  44 0.0202954 0.1012804 0.1231253 0.0357487 0.0008719 0.0297641 0.0720760 0.0176824 0.1884904 0.0047425 0.0697387 0.1245056 0.0120217 0.0031896 0.0135652 0.0447433 0.0951551 0.0000000 0.0050474 0.0164308 0.0215256
 45 S  45 0.0033290 0.0025391 0.1413496 0.2693711 0.0008633 0.0000000 0.0282171 0.0144569 0.0033116 0.0000000 0.0000000 0.0050897 0.0024687 0.0000000 0.0000000 0.3732634 0.1326788 0.0000000 0.0024470 0.0000000 0.0206148
 46 E  46 0.1338568 0.0817078 0.0283377 0.0369369 0.0018100 0.1019424 0.1402312 0.0128962 0.0255869 0.0434721 0.0451091 0.0622719 0.0182000 0.0071368 0.0988294 0.0664397 0.0150105 0.0145818 0.0145420 0.0268233 0.0242775
 47 S  47 0.1431441 0.0201098 0.0180482 0.0830553 0.0000000 0.0335756 0.3520658 0.0286629 0.0360027 0.0079237 0.0184735 0.0227171 0.0089404 0.0183151 0.0056292 0.0510753 0.0285438 0.0052660 0.0722053 0.0221579 0.0240883
 48 E  48 0.0079589 0.0000000 0.0017357 0.0164676 0.0000000 0.0181442 0.6952062 0.0020544 0.0029766 0.0198678 0.0164236 0.0075934 0.0028095 0.0018625 0.0000000 0.0221890 0.1198089 0.0000000 0.0000000 0.0410037 0.0238980
 49 Q  49 0.0110732 0.0242944 0.2174345 0.0326686 0.0000000 0.4556332 0.0353268 0.0013640 0.0492666 0.0061239 0.0270316 0.0139695 0.0151323 0.0082698 0.0000000 0.0220788 0.0082647 0.0067786 0.0337192 0.0066492 0.0249210
 50 E  50 0.2234694 0.0403186 0.1024753 0.1429431 0.0000000 0.0488332 0.0755034 0.0202849 0.0245972 0.0096654 0.0160757 0.0575576 0.0175561 0.0053591 0.0014424 0.0842762 0.0747456 0.0000000 0.0090927 0.0223964 0.0234077
 51 F  51 0.0179115 0.0023063 0.0027195 0.0071573 0.0000000 0.0009506 0.0029262 0.0012634 0.0039157 0.0043441 0.0317532 0.0023822 0.0056092 0.7335644 0.0000000 0.0009190 0.0050323 0.0241721 0.1080217 0.0174204 0.0276309
 52 L  52 0.0109833 0.0000000 0.0000000 0.0000000 0.0000000 0.0000000 0.0000000 0.0000000 0.0000000 0.2700437 0.4814094 0.0000000 0.0119995 0.0053136 0.0000000 0.0000000 0.0039716 0.0000000 0.0000000 0.1936152 0.0226638
 53 Y  53 0.0546679 0.0490411 0.0900442 0.0018063 0.0008912 0.0996562 0.0387984 0.0119136 0.0138940 0.0928358 0.0398720 0.0545527 0.0209279 0.0222237 0.0017586 0.0591607 0.1382047 0.0749643 0.0350887 0.0748570 0.0248410
 54 K  54 0.0402807 0.0834886 0.1098249 0.0436374 0.0000000 0.0811755 0.0569114 0.0813285 0.0183920 0.0040707 0.0338352 0.0986811 0.0122229 0.0078226 0.0009680 0.2361639 0.0394427 0.0000000 0.0206988 0.0079051 0.0231501
 55 T  55 0.0189300 0.0303245 0.0609892 0.0009819 0.0047586 0.0895409 0.0120581 0.0076902 0.0769598 0.0394438 0.3436660 0.0116740 0.0379428 0.0499887 0.0000000 0.0220411 0.0574281 0.0036999 0.0667373 0.0312821 0.0338630
 56 A  56 0.0674935 0.0220616 0.0096712 0.0029059 0.0020217 0.0140769 0.0053685 0.0102652 0.0165682 0.1677206 0.1725676 0.0622148 0.0408457 0.0175968 0.0022157 0.0633344 0.1006074 0.0044667 0.0328256 0.1372140 0.0479583
 57 G  57 0.0282512 0.0809921 0.1146189 0.0500331 0.0005597 0.0477858 0.0201828 0.1856205 0.0209574 0.0057668 0.0087094 0.1456827 0.0050472 0.0027133 0.0180382 0.1476988 0.0391897 0.0008816 0.0219756 0.0078616 0.0474337
 58 G  58 0.0465134 0.0628010 0.1449978 0.0579882 0.0007694 0.0477224 0.0517677 0.1304425 0.0544039 0.0064446 0.0032059 0.0767361 0.0036424 0.0092385 0.0514259 0.1252472 0.0486637 0.0012494 0.0313100 0.0069222 0.0385078
 59 L  59 0.0362734 0.0940667 0.0443075 0.1090944 0.0000000 0.0443346 0.1011780 0.0525875 0.0048991 0.0298907 0.0386601 0.0829394 0.0071492 0.0299842 0.0128459 0.1386139 0.0587699 0.0015778 0.0367338 0.0523312 0.0237626
 60 I  60 0.0503299 0.0626252 0.1121054 0.1129566 0.0015920 0.0106803 0.0371071 0.0834989 0.0429743 0.0144281 0.0180273 0.0181361 0.0027619 0.0469654 0.0867495 0.0943244 0.0423429 0.0038673 0.1101378 0.0190316 0.0293578
 61 Y  61 0.0563759 0.0092181 0.0014505 0.0000000 0.0083965 0.0490393 0.0000000 0.0023522 0.0490775 0.0309429 0.0620563 0.0016566 0.0119354 0.2512289 0.0018595 0.0265641 0.1127768 0.0169504 0.1748313 0.1008692 0.0324187
 62 W  62 0.0000000 0.0025195 0.0000000 0.0000000 0.0018602 0.0000000 0.0000000 0.0000000 0.0000000 0.0000000 0.0049664 0.0000000 0.0000000 0.0495555 0.0000000 0.0000000 0.0000000 0.8873959 0.0296784 0.0000000 0.0240241
 63 I  63 0.0017320 0.0000000 0.0000000 0.0000000 0.0000000 0.0000000 0.0000000 0.0000000 0.0000000 0.6736658 0.1033915 0.0000000 0.0501562 0.0664780 0.0012728 0.0016849 0.0375678 0.0000000 0.0000000 0.0371377 0.0269134
 64 G  64 0.0146547 0.0000000 0.0000000 0.0000000 0.0000000 0.0000000 0.0000000 0.9546020 0.0000000 0.0000000 0.0000000 0.0000000 0.0000000 0.0000000 0.0000000 0.0022414 0.0000000 0.0000000 0.0000000 0.0028040 0.0256979
 65 L  65 0.0117596 0.0000000 0.0000000 0.0000000 0.0000000 0.0000000 0.0000000 0.0415110 0.0000000 0.0173342 0.8116109 0.0000000 0.0532587 0.0194491 0.0000000 0.0000000 0.0000000 0.0000000 0.0076933 0.0109330 0.0264501
 66 T  66 0.0096120 0.0478458 0.2892950 0.0161112 0.0016538 0.0215308 0.0032319 0.0008844 0.1082213 0.0152975 0.0094068 0.0043500 0.0066438 0.0264096 0.0000000 0.2128703 0.1474856 0.0029584 0.0218691 0.0066190 0.0477037
 67 K  67 0.0214263 0.0250796 0.0302324 0.6725803 0.0015578 0.0091971 0.0112549 0.0072055 0.0007442 0.0029170 0.0046271 0.0236012 0.0013209 0.0126797 0.0000000 0.0505152 0.0159614 0.0031322 0.0301951 0.0019194 0.0738525
 68 A  68 0.0549459 0.1523813 0.0476208 0.0074124 0.0027153 0.1054582 0.0315568 0.0178830 0.0179874 0.0744766 0.1464427 0.0653870 0.0209730 0.0068339 0.0558280 0.0462618 0.0397896 0.0019902 0.0109926 0.0410340 0.0520292
 69 G  69 0.0530853 0.0879846 0.1371807 0.0817021 0.0014020 0.0476049 0.1020079 0.0781194 0.0323548 0.0188944 0.0276697 0.0660455 0.0229382 0.0032284 0.0178306 0.0635505 0.0492955 0.0074855 0.0050893 0.0493267 0.0472042
 70 M  70 0.0225029 0.0395850 0.0482610 0.0277154 0.0000000 0.0749126 0.0887497 0.0504507 0.0266984 0.0508849 0.0352282 0.0942408 0.0153834 0.0399114 0.0242096 0.0942899 0.1334112 0.0035057 0.0056363 0.0733765 0.0510463
 71 E  71 0.0095938 0.0147245 0.0637370 0.1160934 0.0000000 0.0542942 0.5072260 0.0304171 0.0192744 0.0066729 0.0000000 0.0361269 0.0021248 0.0009563 0.0132115 0.0331702 0.0224168 0.0034169 0.0068598 0.0093259 0.0503577
 72 G  72 0.0141294 0.0792797 0.0562074 0.0254988 0.0000000 0.0316506 0.0241924 0.5610105 0.0309601 0.0000000 0.0036426 0.0306561 0.0309094 0.0090764 0.0014486 0.0498250 0.0121828 0.0009393 0.0049087 0.0019609 0.0315215
 73 D  73 0.0212612 0.0713507 0.0385803 0.0932188 0.0013237 0.0907246 0.0669580 0.0986794 0.0304782 0.0217682 0.0256179 0.0352435 0.0125081 0.0093983 0.0146312 0.1136329 0.1298177 0.0020933 0.0263334 0.0603919 0.0359886
 74 W  74 0.0012854 0.0000000 0.0023222 0.0000000 0.0000000 0.0000000 0.0000000 0.0000000 0.0032325 0.0009100 0.0267839 0.0000000 0.0036268 0.3843987 0.0017034 0.0012377 0.0021650 0.4356446 0.1103490 0.0015778 0.0247630
 75 S  75 0.0283590 0.1572659 0.0086317 0.0047199 0.0000000 0.1326016 0.1359684 0.0047956 0.0275621 0.0272905 0.0753358 0.0879408 0.0483536 0.0195281 0.0000000 0.0380744 0.0615957 0.0000000 0.0162174 0.0985564 0.0272033
 76 W  76 0.0000000 0.0000000 0.0020544 0.0000000 0.0000000 0.0000000 0.0000000 0.0031322 0.0000000 0.0000000 0.0000000 0.0000000 0.0000000 0.0218503 0.0000000 0.0014409 0.0000000 0.9303352 0.0163158 0.0000000 0.0248712
 77 V  77 0.0482605 0.0000000 0.0072795 0.0098949 0.0019449 0.0093394 0.0551630 0.0031322 0.0061540 0.0529360 0.0521071 0.0020246 0.0353396 0.0020020 0.0051665 0.2777881 0.1519745 0.0000000 0.0027366 0.2480808 0.0286757
 78 D  78 0.0000000 0.0000000 0.0437722 0.8464797 0.0000000 0.0000000 0.0123528 0.0245406 0.0024366 0.0000000 0.0000000 0.0041407 0.0000000 0.0000000 0.0000000 0.0190570 0.0049897 0.0000000 0.0019218 0.0000000 0.0403090
 79 D  79 0.0047116 0.0291294 0.0833768 0.0196255 0.0082854 0.0418648 0.0239003 0.6676719 0.0154502 0.0000000 0.0026132 0.0258529 0.0013919 0.0009272 0.0000000 0.0196154 0.0000000 0.0008298 0.0017284 0.0000000 0.0530253
 80 T  80 0.0144211 0.0157072 0.0143020 0.0178939 0.0064845 0.0288600 0.0287160 0.0029406 0.0153187 0.0026578 0.0086414 0.0051161 0.0065990 0.0012258 0.0014327 0.3701787 0.3359780 0.0299387 0.0023353 0.0221283 0.0691244
 81 P  81 0.1273714 0.0405701 0.0127306 0.0132293 0.0018604 0.0148498 0.0284429 0.0372436 0.0100417 0.0109532 0.0177872 0.0301546 0.0038962 0.0008925 0.4045385 0.0551633 0.0468367 0.0000000 0.0026409 0.0302274 0.1105698
 82 F  82 0.0063282 0.0016908 0.0008398 0.0000000 0.0000000 0.0007919 0.0032157 0.0023723 0.0158722 0.0283736 0.3305493 0.0010461 0.0426687 0.1137532 0.0040371 0.0022531 0.0063067 0.0019135 0.0582022 0.2352073 0.1445780
 83 N  83 0.0184886 0.0454900 0.1395494 0.1358158 0.0012232 0.0663886 0.0130797 0.1061814 0.0101325 0.0056299 0.0138178 0.0296195 0.0045342 0.0014518 0.0026911 0.0563341 0.0605132 0.0000000 0.0028518 0.0098788 0.2763286
 84 K  84 0.0098754 0.0170875 0.0171718 0.0054562 0.0016959 0.0145240 0.0360401 0.0079292 0.0113818 0.0048914 0.0266723 0.0232346 0.0058338 0.0099965 0.0244415 0.0183343 0.0183517 0.0035310 0.3290525 0.0039353 0.4105632
 85 V  85 0.0350829 0.0157767 0.0081732 0.0291760 0.0136463 0.0094285 0.0277779 0.0120625 0.0136139 0.0074180 0.0598111 0.0151765 0.0049780 0.0086327 0.0094488 0.0415804 0.1520128 0.0047969 0.0145329 0.0479755 0.4688984
 86 Q  86 0.0549570 0.0118489 0.0287416 0.0094266 0.0037512 0.0194036 0.0281411 0.0243320 0.0050388 0.0150159 0.0152623 0.0301590 0.0056783 0.0095683 0.0234506 0.0771865 0.0304770 0.0015799 0.0017434 0.0404608 0.5637774
 87 S  87 0.0226169 0.0197544 0.0248858 0.0481396 0.0007970 0.0134544 0.0192420 0.0479476 0.0034397 0.0125157 0.0260802 0.0044487 0.0047700 0.0442114 0.0030301 0.1357211 0.1079097 0.0197286 0.0099790 0.0190312 0.4122968
 88 A  88 0.0207652 0.0069927 0.0026028 0.0180550 0.0010819 0.0087505 0.0053767 0.0045178 0.0011797 0.0106248 0.0124254 0.0134263 0.0074344 0.2898919 0.0050581 0.0042035 0.0031320 0.0200146 0.2147870 0.0152237 0.3344559
 89 R  89 0.0043758 0.0698390 0.0542113 0.0066973 0.0000000 0.0293165 0.0834983 0.0202504 0.0056334 0.0080198 0.0113766 0.0545375 0.0017603 0.0085646 0.0077041 0.1449511 0.1992045 0.0040922 0.0038778 0.0232144 0.2588749
 90 F  90 0.0218419 0.0171803 0.4257023 0.0169407 0.0018595 0.0117746 0.0022659 0.0084115 0.0673735 0.0039410 0.0080606 0.0270158 0.0050478 0.0882109 0.0070838 0.0719965 0.0082326 0.0000000 0.0758467 0.0017356 0.1294786
 91 W  91 0.0000000 0.0042325 0.0035853 0.0019969 0.0000000 0.0030262 0.0049852 0.0012999 0.0000000 0.0000000 0.0029203 0.0029022 0.0000000 0.0118725 0.0000000 0.0000000 0.0017034 0.9243557 0.0049012 0.0000000 0.0322187
 92 I  92 0.2172874 0.0808451 0.1240986 0.0543643 0.0203133 0.0375389 0.0299062 0.1199175 0.0631897 0.0152282 0.0414906 0.0509414 0.0149297 0.0080216 0.0080781 0.0358839 0.0070901 0.0048909 0.0243900 0.0089691 0.0326253
 93 P  93 0.0579400 0.0699029 0.0259644 0.0486477 0.0000000 0.0339225 0.0798563 0.0128637 0.0095101 0.0068316 0.0281829 0.0522088 0.0032434 0.0121741 0.3534800 0.0758740 0.0501383 0.0008654 0.0157660 0.0242116 0.0384162
 94 G  94 0.0069008 0.0206189 0.1242276 0.0587005 0.0000000 0.0068821 0.0312944 0.6092259 0.0146335 0.0000000 0.0120742 0.0168115 0.0015387 0.0090694 0.0000000 0.0162734 0.0089499 0.0036516 0.0069499 0.0034319 0.0487656
 95 E  95 0.0069770 0.0055251 0.0119971 0.0098342 0.0012689 0.2508692 0.5560742 0.0000000 0.0113343 0.0023048 0.0085197 0.0113266 0.0247651 0.0075341 0.0048803 0.0190999 0.0012979 0.0047862 0.0068047 0.0020134 0.0527875
 96 P  96 0.0025975 0.0022923 0.0021377 0.0018850 0.0000000 0.0007927 0.0011633 0.0049449 0.0000000 0.0023723 0.0010639 0.0000000 0.0000000 0.0000000 0.9244628 0.0032508 0.0046342 0.0000000 0.0013844 0.0018602 0.0451579
 97 N  97 0.0072829 0.0214895 0.4108365 0.2395625 0.0000000 0.0159144 0.0057578 0.0354714 0.0021151 0.0000000 0.0009486 0.0288775 0.0014375 0.0045800 0.0100308 0.1078955 0.0264336 0.0000000 0.0012287 0.0054367 0.0747010
 98 N  98 0.0038977 0.0155263 0.4750557 0.1328175 0.0014486 0.0157766 0.0062549 0.0363968 0.0288316 0.0032665 0.0124789 0.0105112 0.0018751 0.0231461 0.0153050 0.0839852 0.0112106 0.0042599 0.0138712 0.0061592 0.0979252
 99 A  99 0.1145298 0.0338373 0.0270067 0.0368935 0.0000000 0.0201399 0.0276797 0.0442580 0.0372970 0.0316022 0.0382481 0.0356122 0.0175891 0.0685359 0.0319344 0.0979746 0.0320066 0.0721007 0.0810322 0.0465164 0.1052058
100 G 100 0.0313366 0.0474240 0.0960684 0.0513534 0.0022271 0.0363259 0.0425715 0.2201024 0.0351393 0.0059452 0.0344403 0.0346822 0.0121370 0.0804553 0.0165428 0.0472221 0.0296848 0.0137943 0.0368669 0.0104386 0.1152417
101 N 101 0.0300370 0.0244609 0.1137540 0.0599804 0.0000000 0.0312603 0.0483544 0.3790864 0.0219779 0.0040618 0.0089938 0.0310748 0.0019956 0.0100032 0.0313417 0.1023408 0.0276375 0.0059338 0.0045448 0.0048064 0.0583545
102 N 102 0.0267638 0.0534742 0.1499323 0.1083877 0.0000000 0.0288310 0.0791755 0.2185529 0.0182285 0.0296042 0.0179478 0.0439942 0.0056359 0.0039501 0.0061741 0.0568024 0.0206841 0.0011917 0.0049182 0.0237686 0.1019826
103 E 103 0.0135176 0.0164084 0.0134940 0.0179676 0.0000000 0.0760335 0.6419016 0.0109811 0.0018747 0.0012351 0.0000000 0.0464088 0.0029036 0.0031040 0.0091413 0.0076964 0.0089241 0.0042609 0.0126646 0.0032269 0.1082558
104 H 104 0.0084865 0.0287621 0.1245629 0.4921299 0.0008493 0.0209643 0.0044414 0.0294970 0.0687497 0.0041064 0.0089769 0.0195841 0.0063222 0.0101242 0.0037769 0.0362570 0.0070951 0.0000000 0.0207263 0.0095165 0.0950714
105 C 105 0.0000000 0.0000000 0.0000000 0.0000000 0.9554978 0.0000000 0.0000000 0.0000000 0.0000000 0.0024266 0.0000000 0.0000000 0.0000000 0.0000000 0.0000000 0.0063026 0.0023813 0.0000000 0.0051311 0.0039644 0.0242962
106 G 106 0.1932717 0.0000000 0.0000000 0.0000000 0.0096010 0.0000000 0.0000000 0.0980818 0.0000000 0.0260202 0.0284196 0.0000000 0.0098471 0.0019969 0.0000000 0.0049382 0.0271951 0.0000000 0.0026645 0.5696894 0.0282745
107 N 107 0.0766867 0.0132123 0.0174069 0.0053385 0.0048961 0.0644884 0.1984449 0.0137110 0.0910730 0.0216083 0.0455799 0.0100475 0.0376537 0.0192145 0.0000000 0.0524168 0.0488504 0.0052303 0.0697311 0.1730449 0.0313650
108 I 108 0.0070643 0.0000000 0.0044260 0.0011466 0.0025238 0.0000000 0.0000000 0.0000000 0.0000000 0.1913970 0.1932039 0.0009558 0.3055797 0.0794410 0.0000000 0.0067003 0.0104039 0.0143288 0.0756508 0.0616459 0.0455323
109 K 109 0.0198197 0.0840401 0.1536123 0.0400636 0.0031526 0.0262466 0.0129112 0.0192043 0.0378299 0.0710306 0.0433182 0.0551584 0.0056540 0.0191932 0.0020980 0.0643585 0.0376041 0.0608056 0.0803689 0.0496443 0.1138860
110 A 110 0.0858577 0.0490458 0.0173570 0.0327742 0.0009131 0.0206353 0.0113918 0.0817012 0.0466021 0.0142429 0.0297480 0.0397730 0.0046872 0.0337049 0.0602674 0.1131337 0.0676586 0.0638537 0.0588000 0.0320313 0.1358211
111 P 111 0.0382479 0.0284792 0.0912900 0.0841513 0.0000000 0.0246029 0.0383867 0.0932045 0.0947470 0.0068687 0.0126321 0.0561609 0.0016369 0.0113201 0.0240568 0.1614172 0.0861018 0.0068904 0.0186288 0.0103800 0.1107965
112 S 112 0.0594205 0.0319012 0.0507782 0.1000876 0.0000000 0.0071127 0.1035446 0.1607251 0.0117492 0.0082399 0.0141113 0.0300331 0.0028482 0.0118536 0.0294511 0.1617927 0.0553095 0.0136775 0.0278623 0.0191208 0.1003810
113 L 113 0.0645512 0.0433870 0.0884583 0.0992851 0.0014926 0.0345917 0.0361979 0.1331629 0.0080214 0.0124336 0.0677424 0.0637648 0.0153989 0.0284873 0.0116367 0.0625673 0.0315403 0.0059580 0.0270276 0.0184024 0.1458925
114 Q 114 0.0271729 0.0268450 0.0402667 0.0434414 0.0006798 0.0204095 0.0086135 0.4315938 0.0107138 0.0015782 0.0166961 0.0612877 0.0207837 0.0328416 0.0014643 0.0256271 0.0063465 0.0434704 0.0583385 0.0018595 0.1199699
115 A 115 0.0237735 0.0961512 0.0357639 0.0105363 0.0228525 0.0875080 0.0313158 0.0803029 0.0175122 0.0032260 0.0734036 0.1968829 0.0146748 0.0135580 0.0028249 0.0474283 0.0629473 0.0000000 0.0217679 0.0113129 0.1462571
116 W 116 0.0000000 0.0000000 0.0000000 0.0032097 0.0000000 0.0011222 0.0000000 0.0000000 0.0000000 0.0016245 0.0085906 0.0000000 0.0028029 0.0016279 0.0000000 0.0016814 0.0000000 0.9406357 0.0020368 0.0034481 0.0332200
117 N 117 0.0431494 0.0379848 0.5460077 0.0820275 0.0000000 0.0147225 0.0407979 0.0133578 0.0113352 0.0064844 0.0073891 0.0410276 0.0141182 0.0190978 0.0000000 0.0450991 0.0162511 0.0000000 0.0147895 0.0183390 0.0280215
118 D 118 0.0162946 0.0032097 0.0475429 0.7340509 0.0000000 0.0032984 0.0023759 0.0075961 0.0013503 0.0084742 0.0145579 0.0026217 0.0015387 0.0000000 0.0108274 0.0182347 0.0616026 0.0000000 0.0000000 0.0388476 0.0275763
119 A 119 0.1318460 0.0543959 0.0385321 0.0800641 0.0067917 0.0443283 0.0447704 0.0346141 0.0122774 0.0802305 0.0822064 0.0214940 0.0284000 0.0231576 0.0000000 0.0471533 0.0358443 0.0135879 0.0289155 0.1631935 0.0281969
120 P 120 0.0332287 0.0597775 0.1220321 0.0633878 0.0000000 0.0428247 0.0387928 0.0246354 0.0339697 0.0108805 0.0124313 0.0470854 0.0038237 0.0375678 0.2209757 0.1222290 0.0317967 0.0035699 0.0316987 0.0298525 0.0294402
121 C 121 0.0000000 0.0046656 0.0032097 0.0000000 0.9512858 0.0000000 0.0000000 0.0016407 0.0000000 0.0012600 0.0000000 0.0000000 0.0038341 0.0000000 0.0000000 0.0000000 0.0000000 0.0000000 0.0000000 0.0000000 0.0341040
122 D 122 0.0163410 0.0169699 0.1726201 0.1604312 0.0009779 0.0381057 0.1130004 0.0822855 0.0282070 0.0026060 0.0142451 0.0138252 0.0008241 0.0207984 0.0044632 0.1668830 0.0640641 0.0094984 0.0278169 0.0102771 0.0357599
123 K 123 0.0456560 0.0772243 0.0685519 0.0448801 0.0017639 0.0493625 0.0776154 0.0196777 0.0359034 0.0300776 0.0524723 0.0636120 0.0165383 0.0344424 0.0000000 0.1037861 0.0694807 0.0170177 0.1064740 0.0497041 0.0357599
124 T 124 0.0403332 0.0701094 0.0367184 0.0238896 0.0000000 0.0729983 0.0665270 0.0123811 0.0618913 0.0137111 0.0658907 0.1743071 0.0085829 0.0090950 0.0655856 0.0954759 0.0945395 0.0023122 0.0244580 0.0254339 0.0357599
125 F 125 0.0407082 0.0988690 0.1001095 0.0040305 0.0044756 0.0410055 0.0177994 0.0038583 0.0617914 0.0196942 0.2216135 0.1017754 0.0421714 0.0661689 0.0000000 0.0143862 0.0135397 0.0041818 0.1025734 0.0054882 0.0357599
126 L 126 0.0465110 0.0843541 0.0651725 0.0280588 0.0022357 0.0154538 0.0023750 0.1996668 0.0283216 0.0000000 0.0215420 0.0876297 0.0054431 0.0529786 0.1605548 0.0565566 0.0300505 0.0022560 0.0720035 0.0023753 0.0364607
127 F 127 0.0203327 0.0153300 0.0000000 0.0000000 0.0010666 0.0000000 0.0000000 0.0070515 0.0015394 0.0009213 0.0053536 0.0000000 0.0011461 0.3576341 0.0049223 0.0827346 0.0018121 0.1446044 0.3024780 0.0142295 0.0388438
128 I 128 0.0122563 0.0000000 0.0000000 0.0000000 0.0000000 0.0000000 0.0000000 0.0000000 0.0000000 0.5736928 0.0516305 0.0000000 0.0191365 0.0086747 0.0000000 0.0012501 0.0494647 0.0000000 0.0000000 0.2419237 0.0419707
129 C 129 0.0000000 0.0000000 0.0000000 0.0000000 0.9529456 0.0000000 0.0000000 0.0000000 0.0000000 0.0000000 0.0000000 0.0000000 0.0000000 0.0037139 0.0000000 0.0000000 0.0000000 0.0000000 0.0000000 0.0000000 0.0433404
130 K 130 0.0139393 0.0153214 0.0018595 0.0032267 0.0000000 0.2155241 0.2319002 0.0028687 0.0028565 0.0000000 0.0000000 0.3941349 0.0055716 0.0000000 0.0000000 0.0244852 0.0000000 0.0000000 0.0030746 0.0067827 0.0784546
131 R 131 0.0138537 0.1529003 0.0000000 0.0031269 0.0000000 0.0369108 0.0000000 0.0031297 0.0042215 0.0649971 0.0292952 0.2929995 0.0866294 0.0034405 0.0000000 0.0104994 0.0511032 0.0000000 0.0074931 0.0227923 0.2166074
132 P 132 0.0231410 0.0314923 0.0467467 0.0498481 0.0000000 0.0202730 0.0175340 0.0945477 0.0060556 0.0028521 0.0184325 0.1296019 0.0000000 0.0019069 0.1875290 0.0482829 0.0186867 0.0024184 0.0022182 0.0077665 0.2906666
133 Y 133 0.0958552 0.0260909 0.0226738 0.0180014 0.0048055 0.0056830 0.0271309 0.0283003 0.0062903 0.0120869 0.0680099 0.1031975 0.0133544 0.0073968 0.0767795 0.0538321 0.0705540 0.0033784 0.0148172 0.0238018 0.3179602
134 V 134 0.0591463 0.0078479 0.0289966 0.0362813 0.0010731 0.0124293 0.0219133 0.0411473 0.0015216 0.0779352 0.0325366 0.0093714 0.0032535 0.0094713 0.0132870 0.0414850 0.0760212 0.0000000 0.0047284 0.1441170 0.3774367
135 P 135 0.0603257 0.0043157 0.0166223 0.0073162 0.0404301 0.0145546 0.0174653 0.0213646 0.0042442 0.0050016 0.0206259 0.0139913 0.0074428 0.0017335 0.1676358 0.0938573 0.0538706 0.0006985 0.0117532 0.0158760 0.4208748
136 S 136 0.0446715 0.0044371 0.0081318 0.0175485 0.1273482 0.0193690 0.0315354 0.0328128 0.0030571 0.0151258 0.0192138 0.0027367 0.0065377 0.0045855 0.0292264 0.0767713 0.0631832 0.0000000 0.0052062 0.0236344 0.4648675
137 E 137 0.0251560 0.0071038 0.0153930 0.0314621 0.0119254 0.0182533 0.0276741 0.0798240 0.0031005 0.0102579 0.0318333 0.0130722 0.0017726 0.0023802 0.0834656 0.0718405 0.0527113 0.0000000 0.0084781 0.0211513 0.4831447
138 P 138 0.0178380 0.0118320 0.0008836 0.0132429 0.0754280 0.0255975 0.0271043 0.0136740 0.0015354 0.0065460 0.0072200 0.0151906 0.0014014 0.0008454 0.1848113 0.0388208 0.0462723 0.0000000 0.0000000 0.0097927 0.5019638
139 G 139 0.0349487 0.0050009 0.0113978 0.0307485 0.0075040 0.0026348 0.0367015 0.0453005 0.0013203 0.0032166 0.0036109 0.0113604 0.0018060 0.0035699 0.2110801 0.0163303 0.0319060 0.0009105 0.0013069 0.0228161 0.5165293
140 S 140 0.0195264 0.0068856 0.0098727 0.0290117 0.0015354 0.0196500 0.0531746 0.0079124 0.0031026 0.0066892 0.0066353 0.0097884 0.0014696 0.0000000 0.1718529 0.0594379 0.0363099 0.0021823 0.0016490 0.0205148 0.5327993
141 E 141 0.0136849 0.0136367 0.0092863 0.0433773 0.0082421 0.0365957 0.0716986 0.0795394 0.0082943 0.0025792 0.0073090 0.0098691 0.0026275 0.0020856 0.0351751 0.0245358 0.0199452 0.0007982 0.0053678 0.0415011 0.5638510
142 N 142 0.0081907 0.0109710 0.0266992 0.0129544 0.0049529 0.0235491 0.0197159 0.0102344 0.0106741 0.0067088 0.0176126 0.0069926 0.0010757 0.0063148 0.0283159 0.0245408 0.0381236 0.0963068 0.0206188 0.0548869 0.5705609
143 L 143 0.0259869 0.0079144 0.0166162 0.0277222 0.0068332 0.0211326 0.0455692 0.0095787 0.0051830 0.0267210 0.0438352 0.0103133 0.0017057 0.0119215 0.0617709 0.0245648 0.0389455 0.0104282 0.0050278 0.0261413 0.5720885
144 Y 144 0.0061291 0.0059921 0.0365735 0.0089067 0.0209498 0.0164296 0.0115859 0.0456808 0.0213209 0.0190669 0.0327350 0.0060460 0.0019930 0.0135431 0.0593656 0.0429892 0.0351111 0.0039848 0.0207586 0.0099656 0.5808725
145 F 145 0.0584381 0.0116618 0.0249855 0.0184105 0.0055011 0.0066874 0.0057232 0.0623912 0.0143910 0.0063876 0.0118200 0.0110375 0.0014098 0.0521709 0.0298452 0.0139034 0.0084192 0.0042610 0.0555551 0.0103542 0.5866464
146 Q 146 0.0243420 0.0325395 0.0189872 0.0130441 0.0997513 0.0295791 0.0232614 0.0373586 0.0072290 0.0061436 0.0058148 0.0293211 0.0000000 0.0032312 0.0315771 0.0186714 0.0181060 0.0051794 0.0024285 0.0079136 0.5855213
147 G 147 0.0229012 0.0134273 0.0369038 0.0231319 0.0021660 0.0208054 0.0056996 0.0986205 0.0024373 0.0064972 0.0041309 0.0159250 0.0053984 0.0043316 0.0604094 0.0247699 0.0376055 0.0000000 0.0079865 0.0115864 0.5952661
148 S 148 0.0106711 0.0212506 0.0355502 0.0153203 0.0064389 0.0170416 0.0104923 0.0055223 0.0186902 0.0110782 0.0115123 0.0517049 0.0020648 0.0403396 0.0015972 0.0786516 0.0201113 0.0094293 0.0085316 0.0088097 0.6151922
149 A 149 0.0073385 0.0035576 0.0018622 0.0037729 0.1265050 0.0015782 0.0089144 0.1528232 0.0106179 0.0016209 0.0040415 0.0091648 0.0000000 0.0014375 0.0015742 0.0220893 0.0055682 0.0000000 0.0032676 0.0053497 0.6289163
150 W 150 0.0027339 0.0169749 0.0043003 0.0027419 0.0040437 0.0113251 0.0051320 0.0019145 0.0016050 0.0000000 0.0023357 0.0304798 0.0000000 0.0217430 0.0014238 0.0050812 0.0130211 0.1008114 0.1145516 0.0032097 0.6565716
151 S 151 0.0046513 0.0195147 0.0027823 0.0033417 0.0275840 0.0044539 0.0048451 0.0099581 0.0053730 0.0120893 0.0098008 0.0927430 0.0157297 0.0019135 0.0100452 0.0265762 0.0189608 0.0000000 0.0000000 0.0110385 0.7185988
152 H 152 0.0169757 0.0517764 0.0054402 0.0095352 0.0000000 0.0028042 0.0027292 0.0027875 0.0186625 0.0201767 0.0064101 0.0566947 0.0000000 0.0192134 0.0086144 0.0088005 0.0010590 0.0070669 0.0147145 0.0029319 0.7436069
153 P 153 0.0054646 0.0009707 0.0052011 0.0147006 0.0000000 0.0013540 0.0092048 0.0048699 0.0283727 0.0000000 0.0081625 0.0081626 0.0000000 0.0418112 0.0408830 0.0085444 0.0020825 0.0000000 0.0604106 0.0038023 0.7560024
154 Q 154 0.0017019 0.0493566 0.0118901 0.0201194 0.0027019 0.0099849 0.0076985 0.0802244 0.0078802 0.0020938 0.0000000 0.0065535 0.0000000 0.0000000 0.0050164 0.0059608 0.0050085 0.0057132 0.0011540 0.0000000 0.7769420
155 F 155 0.0000000 0.0000000 0.0094228 0.0028741 0.0000000 0.0000000 0.0061419 0.0024716 0.0036456 0.0014205 0.0017032 0.0010010 0.0000000 0.0409112 0.0019446 0.0052591 0.0097680 0.0064045 0.0670169 0.0033624 0.8366526
156 E 156 0.0000000 0.0107925 0.0000000 0.0043341 0.0000000 0.0071490 0.0584667 0.0000000 0.0000000 0.0000000 0.0000000 0.0224549 0.0000000 0.0019145 0.0030629 0.0015008 0.0000000 0.0000000 0.0000000 0.0012518 0.8890728
157 K 157 0.0000000 0.0060477 0.0000000 0.0000000 0.0000000 0.0000000 0.0000000 0.0000000 0.0000000 0.0000000 0.0000000 0.0359246 0.0000000 0.0000000 0.0000000 0.0000000 0.0000000 0.0000000 0.0000000 0.0000000 0.9580277
