  157         A         R         N         D         C         Q         E         G         H         I         L         K         M         F         P         S         T         W         Y         V    
  1 M   1 0.0000000 0.0000000 0.0000000 0.0000000 0.0000000 0.0000000 0.0000000 0.0000000 0.0000000 0.1532657 0.4886179 0.0000000 0.0920052 0.0000000 0.0000000 0.0000000 0.0000000 0.0000000 0.0000000 0.2661112
  2 A   2 0.1378889 0.0261260 0.0136248 0.0000000 0.3665851 0.0000000 0.0000000 0.0000000 0.0000000 0.0000000 0.0271831 0.0233151 0.0000000 0.0059847 0.0064904 0.1500865 0.1640415 0.0699334 0.0000000 0.0087403
  3 Q   3 0.0228030 0.1332641 0.0810591 0.0309796 0.0051585 0.0881178 0.1275191 0.2150193 0.0338698 0.0000000 0.0037058 0.0414580 0.0000000 0.0000000 0.0261993 0.1473833 0.0338681 0.0000000 0.0095952 0.0000000
  4 V   4 0.0115710 0.0381830 0.0152551 0.0116067 0.1819731 0.0211897 0.0183614 0.0243551 0.0162872 0.0087554 0.0236178 0.0074550 0.0244615 0.0017422 0.1213643 0.2545713 0.1491983 0.0025388 0.0018034 0.0657099
  5 V   5 0.0000000 0.0000000 0.0000000 0.0000000 0.9842298 0.0000000 0.0000000 0.0000000 0.0000000 0.0000000 0.0000000 0.0000000 0.0000000 0.0032545 0.0000000 0.0027351 0.0000000 0.0000000 0.0000000 0.0097806
  6 S   6 0.0442762 0.0177353 0.0068341 0.0761309 0.0000000 0.0244913 0.0549464 0.0118192 0.0043885 0.0019635 0.0241037 0.0229178 0.0000000 0.0000000 0.6431870 0.0451377 0.0130121 0.0000000 0.0038080 0.0052484
  7 Q   7 0.0591559 0.0332754 0.0453752 0.1109603 0.0026950 0.0522617 0.1324877 0.0134659 0.0159261 0.0138900 0.0310847 0.1067296 0.0114201 0.0138703 0.0890333 0.1111216 0.0473384 0.0372352 0.0237221 0.0489516
  8 G   8 0.0062696 0.0058818 0.0811906 0.1243047 0.0007902 0.0171090 0.0292201 0.5951273 0.0156345 0.0000000 0.0026000 0.0084481 0.0030981 0.0318458 0.0060362 0.0550498 0.0106469 0.0000000 0.0067472 0.0000000
  9 W   9 0.0035253 0.0000000 0.0000000 0.0000000 0.0000000 0.0018983 0.0026333 0.0000000 0.0021280 0.0016069 0.0000000 0.0016400 0.0000000 0.0401489 0.0000000 0.0050742 0.0015977 0.7592345 0.1805129 0.0000000
 10 K  10 0.0337699 0.0400264 0.0181258 0.0300134 0.0000000 0.0361501 0.0476892 0.0080436 0.0391442 0.1129706 0.0922254 0.1016520 0.0270788 0.0270847 0.0011355 0.0546497 0.1809449 0.0157105 0.0151306 0.1184546
 11 Y  11 0.0482640 0.0715942 0.0317162 0.0056937 0.0000000 0.0360171 0.0911259 0.0289544 0.0356974 0.0321272 0.0726016 0.1209832 0.0212645 0.0583407 0.1279525 0.1111296 0.0248322 0.0120388 0.0402834 0.0293835
 12 F  12 0.0043648 0.0201403 0.0253045 0.0087865 0.0030732 0.0038596 0.0007815 0.0070999 0.1056524 0.0073085 0.0231347 0.0137786 0.0040694 0.4531011 0.0000000 0.0201517 0.0025046 0.0443767 0.2358069 0.0167049
 13 K  13 0.0381403 0.1180572 0.1254282 0.0518080 0.0000000 0.1804629 0.0691285 0.2111974 0.0315483 0.0039466 0.0172452 0.0448430 0.0079279 0.0048992 0.0110018 0.0581128 0.0174759 0.0012771 0.0043106 0.0031892
 14 G  14 0.0144946 0.0383663 0.1136633 0.1130500 0.0024958 0.0203819 0.0559395 0.4073367 0.0092195 0.0022042 0.0041021 0.0204524 0.0022960 0.0176262 0.0155940 0.1205437 0.0268500 0.0000000 0.0098882 0.0054956
 15 N  15 0.0378960 0.0799156 0.1227065 0.0045046 0.0013397 0.0199169 0.0010158 0.0152243 0.1341318 0.0686158 0.0108817 0.1096008 0.0071139 0.0308911 0.0012000 0.2341895 0.0282585 0.0013922 0.0723177 0.0188876
 16 F  16 0.0022410 0.0020299 0.0027067 0.0000000 0.8859244 0.0211256 0.0126773 0.0000000 0.0026127 0.0000000 0.0111669 0.0049382 0.0008068 0.0195867 0.0000000 0.0173950 0.0049676 0.0012220 0.0087224 0.0018768
 17 Y  17 0.0013133 0.0000000 0.0000000 0.0009567 0.0000000 0.0000000 0.0013081 0.0000000 0.0014800 0.0017109 0.0078365 0.0000000 0.0000000 0.1346574 0.0000000 0.0000000 0.0000000 0.0028339 0.8463304 0.0015727
 18 Y  18 0.0133579 0.1173145 0.0051114 0.0007298 0.0013456 0.0423492 0.0053191 0.0066191 0.0174604 0.0094420 0.0764170 0.3153869 0.0114619 0.1216093 0.0000000 0.0455565 0.0057845 0.0545368 0.1403417 0.0098566
 19 F  19 0.1052436 0.0034136 0.0014531 0.0087869 0.0000000 0.0013044 0.0039983 0.0027671 0.0345630 0.1530701 0.0867266 0.0015312 0.0246717 0.3341248 0.0147785 0.0017513 0.0097805 0.0026960 0.0932298 0.1161096
 20 S  20 0.0042864 0.0080434 0.0508878 0.0049370 0.0006590 0.0168942 0.0195271 0.0453296 0.0247165 0.0332977 0.0234169 0.0030714 0.0124140 0.2845373 0.0048493 0.2953455 0.0125306 0.0000000 0.0620948 0.0931617
 21 L  21 0.0739875 0.0750450 0.1391661 0.0815971 0.0000000 0.0470466 0.0738384 0.0253164 0.0308905 0.0118667 0.0118635 0.0818341 0.0144310 0.0041641 0.0497091 0.1282420 0.1209581 0.0024901 0.0072741 0.0202794
 22 I  22 0.0274437 0.0219198 0.0433403 0.1359726 0.0024808 0.0728732 0.1937127 0.0265758 0.0460250 0.0240704 0.0250638 0.0363644 0.0062759 0.0118837 0.0062756 0.1270358 0.1498494 0.0000000 0.0140798 0.0287574
 23 P  23 0.0627449 0.1711106 0.0202003 0.0148726 0.0007989 0.0778074 0.0707625 0.0483709 0.0247409 0.0077780 0.0526703 0.1864648 0.0120271 0.0085387 0.0782595 0.0663886 0.0762422 0.0028586 0.0073513 0.0100121
 24 K  24 0.0580361 0.1162166 0.0143844 0.0055973 0.0000000 0.0308121 0.0423523 0.0109905 0.0105528 0.0050447 0.1285185 0.3629566 0.0866056 0.0024535 0.0007326 0.0266773 0.0143057 0.0000000 0.0172790 0.0664844
 25 T  25 0.0275042 0.0171296 0.1234752 0.0443323 0.0000000 0.0164080 0.0075144 0.0185861 0.0013269 0.0323180 0.0026624 0.0200882 0.0053680 0.0032441 0.0376043 0.2142982 0.4245632 0.0000000 0.0011610 0.0024157
 26 W  26 0.0025657 0.0014440 0.0014289 0.0000000 0.0000000 0.0188313 0.0000000 0.0000000 0.0101952 0.0026294 0.0000000 0.0000000 0.0229384 0.1365918 0.0000000 0.0000000 0.0000000 0.7124189 0.0899891 0.0009675
 27 Y  27 0.0913938 0.0337975 0.0601037 0.1144351 0.0031173 0.0439423 0.0974870 0.0187984 0.0848042 0.0239558 0.0294696 0.0365418 0.0110616 0.0352667 0.0382915 0.1389896 0.0639185 0.0000000 0.0396291 0.0349966
 28 S  28 0.0579715 0.0131051 0.0313446 0.2984291 0.0000000 0.1029344 0.3127948 0.0291811 0.0128005 0.0030568 0.0079577 0.0318277 0.0031862 0.0014125 0.0014635 0.0446195 0.0327409 0.0026694 0.0071723 0.0053323
 29 A  29 0.8299257 0.0016986 0.0000000 0.0000000 0.0000000 0.0000000 0.0014208 0.0114124 0.0023514 0.0000000 0.0000000 0.0000000 0.0024246 0.0000000 0.0000000 0.1507664 0.0000000 0.0000000 0.0000000 0.0000000
 30 E  30 0.0739273 0.2740923 0.0285561 0.0257855 0.0000000 0.1108250 0.2247613 0.0050111 0.0104708 0.0165793 0.0514569 0.0679304 0.0065771 0.0046747 0.0000000 0.0384057 0.0151090 0.0093239 0.0080309 0.0284826
 31 Q  31 0.1139218 0.1147815 0.0353601 0.0791344 0.0000000 0.1129084 0.0720880 0.0125127 0.0181929 0.0121031 0.0644137 0.1314527 0.0159215 0.0192174 0.0000000 0.0762607 0.0930268 0.0023950 0.0118528 0.0144564
 32 F  32 0.1625096 0.0484224 0.0724700 0.0508627 0.0007186 0.0309179 0.0623203 0.0010342 0.0335107 0.0325204 0.0253314 0.0278630 0.0169169 0.1220057 0.0000000 0.0849690 0.0826849 0.0094414 0.0938897 0.0416112
 33 C  33 0.0038205 0.0000000 0.0000000 0.0000000 0.9934986 0.0000000 0.0000000 0.0000000 0.0000000 0.0000000 0.0000000 0.0000000 0.0000000 0.0000000 0.0000000 0.0026809 0.0000000 0.0000000 0.0000000 0.0000000
 34 V  34 0.0667580 0.2266155 0.0097806 0.0111420 0.0008322 0.1874432 0.0903688 0.0368969 0.0190782 0.0371289 0.0617996 0.0940724 0.0129824 0.0050278 0.0000000 0.0606871 0.0335046 0.0000000 0.0036774 0.0422046
 35 S  35 0.1168153 0.0776303 0.0408659 0.0723794 0.0000000 0.0806149 0.1594232 0.0484247 0.0088330 0.0074775 0.0701973 0.0885024 0.0121938 0.0052531 0.0000000 0.1393255 0.0445940 0.0100083 0.0077365 0.0097251
 36 R  36 0.0384232 0.0719454 0.0454429 0.1440094 0.0013063 0.1334500 0.0860972 0.0111409 0.0550797 0.0430864 0.1045808 0.0489934 0.0927538 0.0316687 0.0000000 0.0223164 0.0068757 0.0012362 0.0236264 0.0379671
 37 N  37 0.0157734 0.0233426 0.0841822 0.0463855 0.0000000 0.0362892 0.0315357 0.6251942 0.0166777 0.0000000 0.0013745 0.0377899 0.0019235 0.0164548 0.0000000 0.0454615 0.0068740 0.0009487 0.0097927 0.0000000
 38 S  38 0.4012662 0.0012000 0.0000000 0.0018852 0.0093176 0.0000000 0.0000000 0.4610398 0.0000000 0.0000000 0.0000000 0.0000000 0.0016954 0.0023699 0.0000000 0.1121850 0.0090409 0.0000000 0.0000000 0.0000000
 39 H  39 0.0071866 0.0364240 0.1168963 0.1806229 0.0000000 0.0658241 0.0636141 0.0023021 0.2659228 0.0140829 0.0344899 0.0123528 0.0091027 0.0049553 0.0000000 0.0447130 0.1023372 0.0007679 0.0296634 0.0087419
 40 L  40 0.0000000 0.0000000 0.0000000 0.0000000 0.0000000 0.0000000 0.0000000 0.0000000 0.0000000 0.0137178 0.9619339 0.0000000 0.0051945 0.0000000 0.0000000 0.0000000 0.0000000 0.0000000 0.0000000 0.0191538
 41 T  41 0.4200444 0.0000000 0.0000000 0.0000000 0.0016350 0.0000000 0.0000000 0.0014646 0.0000000 0.0203631 0.1088014 0.0000000 0.0091175 0.0018853 0.0027366 0.0233502 0.0724993 0.0000000 0.0000000 0.3381025
 42 S  42 0.0156886 0.0031999 0.0025828 0.0125129 0.0021053 0.0008573 0.0059593 0.0014277 0.0071122 0.0931467 0.0063765 0.0076133 0.1253173 0.0045423 0.0000000 0.4949707 0.0864805 0.0000000 0.0026655 0.1274413
 43 V  43 0.0022834 0.0000000 0.0000000 0.0000000 0.0000000 0.0000000 0.0025325 0.0000000 0.0000000 0.6021403 0.0398097 0.0000000 0.0027702 0.0154883 0.1346512 0.0026776 0.0000000 0.0000000 0.0017156 0.1959311
 44 T  44 0.0202749 0.1036528 0.1262055 0.0368597 0.0009111 0.0312148 0.0719682 0.0182393 0.1937204 0.0048631 0.0722320 0.1270947 0.0121967 0.0032713 0.0131079 0.0458743 0.0968934 0.0000000 0.0052990 0.0161210
 45 S  45 0.0037517 0.0026458 0.1456144 0.2733477 0.0008953 0.0000000 0.0275576 0.0143355 0.0034704 0.0000000 0.0000000 0.0053027 0.0025679 0.0000000 0.0000000 0.3819044 0.1360309 0.0000000 0.0025756 0.0000000
 46 E  46 0.1368761 0.0840964 0.0297537 0.0383722 0.0018940 0.1066854 0.1418615 0.0137221 0.0266279 0.0428619 0.0459162 0.0636623 0.0182231 0.0074052 0.1013270 0.0674711 0.0152934 0.0155901 0.0147246 0.0276358
 47 S  47 0.1445636 0.0210579 0.0169922 0.0850254 0.0000000 0.0344880 0.3632011 0.0283810 0.0345655 0.0082662 0.0194511 0.0232841 0.0091861 0.0188860 0.0058836 0.0538195 0.0297270 0.0051538 0.0747179 0.0233499
 48 E  48 0.0082379 0.0000000 0.0017921 0.0171654 0.0000000 0.0191263 0.7079013 0.0022766 0.0031954 0.0197911 0.0167856 0.0067418 0.0029085 0.0078551 0.0000000 0.0230860 0.1227112 0.0000000 0.0000000 0.0404258
 49 Q  49 0.0106646 0.0238501 0.2226854 0.0333188 0.0000000 0.4696004 0.0353064 0.0013895 0.0512712 0.0061007 0.0280938 0.0139238 0.0152605 0.0086412 0.0000000 0.0224846 0.0084996 0.0068763 0.0353636 0.0066693
 50 E  50 0.2261496 0.0410647 0.1053007 0.1445943 0.0000000 0.0499806 0.0780797 0.0207658 0.0251008 0.0092170 0.0157990 0.0658210 0.0177407 0.0051675 0.0014834 0.0850634 0.0756808 0.0000000 0.0097410 0.0232501
 51 F  51 0.0175760 0.0023078 0.0028639 0.0074797 0.0000000 0.0009828 0.0030676 0.0013187 0.0040935 0.0045223 0.0322998 0.0021502 0.0057869 0.7587183 0.0000000 0.0009608 0.0051717 0.0246603 0.1078343 0.0182052
 52 L  52 0.0101487 0.0000000 0.0000000 0.0000000 0.0000000 0.0000000 0.0000000 0.0000000 0.0000000 0.2818068 0.4908221 0.0000000 0.0125751 0.0056898 0.0000000 0.0000000 0.0041703 0.0000000 0.0000000 0.1947871
 53 Y  53 0.0550633 0.0495267 0.0934522 0.0018633 0.0009228 0.1029929 0.0371990 0.0122659 0.0147622 0.0943725 0.0399682 0.0551628 0.0211665 0.0241319 0.0018052 0.0599144 0.1391780 0.0774328 0.0356573 0.0831623
 54 K  54 0.0419395 0.0861227 0.1127023 0.0449194 0.0000000 0.0885953 0.0568523 0.0815713 0.0187393 0.0041354 0.0353898 0.0999776 0.0127548 0.0080838 0.0010068 0.2378039 0.0397595 0.0000000 0.0214798 0.0081667
 55 T  55 0.0196907 0.0315864 0.0637906 0.0010397 0.0051594 0.0938708 0.0124798 0.0080501 0.0858838 0.0401769 0.3493656 0.0122743 0.0388896 0.0513412 0.0000000 0.0224871 0.0606408 0.0040065 0.0666998 0.0325671
 56 A  56 0.0718845 0.0233080 0.0098314 0.0030916 0.0021241 0.0140565 0.0055252 0.0108217 0.0172801 0.1742018 0.1791532 0.0661535 0.0444007 0.0189712 0.0023899 0.0656834 0.1081015 0.0048563 0.0335099 0.1446553
 57 G  57 0.0295814 0.0824801 0.1259189 0.0516254 0.0005738 0.0520789 0.0220402 0.1952161 0.0213475 0.0064054 0.0091986 0.1521976 0.0052740 0.0028710 0.0190528 0.1511776 0.0408156 0.0009364 0.0232084 0.0080004
 58 G  58 0.0475918 0.0656642 0.1512899 0.0593129 0.0008111 0.0494873 0.0541356 0.1363072 0.0574818 0.0068072 0.0033776 0.0781461 0.0035415 0.0099409 0.0581887 0.1267393 0.0500132 0.0013237 0.0325854 0.0072548
 59 L  59 0.0368137 0.0963957 0.0442207 0.1088267 0.0000000 0.0470195 0.1045581 0.0532354 0.0051194 0.0310078 0.0388985 0.0844460 0.0067446 0.0372945 0.0125496 0.1404192 0.0586034 0.0016372 0.0380352 0.0541748
 60 I  60 0.0517437 0.0651422 0.1193296 0.1141215 0.0017303 0.0111014 0.0382796 0.0859354 0.0449766 0.0143204 0.0176972 0.0186533 0.0029146 0.0477002 0.0901844 0.0960324 0.0437851 0.0040058 0.1121476 0.0201986
 61 Y  61 0.0589293 0.0096130 0.0015093 0.0000000 0.0087765 0.0512057 0.0000000 0.0023942 0.0493752 0.0318346 0.0629836 0.0016978 0.0122708 0.2553325 0.0019756 0.0265270 0.1218717 0.0186231 0.1810277 0.1040522
 62 W  62 0.0000000 0.0027563 0.0000000 0.0000000 0.0019850 0.0000000 0.0000000 0.0000000 0.0000000 0.0000000 0.0052936 0.0000000 0.0000000 0.0514484 0.0000000 0.0000000 0.0000000 0.9078894 0.0306272 0.0000000
 63 I  63 0.0018258 0.0000000 0.0000000 0.0000000 0.0000000 0.0000000 0.0000000 0.0000000 0.0000000 0.6918496 0.1075900 0.0000000 0.0519609 0.0685512 0.0013315 0.0017237 0.0372113 0.0000000 0.0000000 0.0379558
 64 G  64 0.0153677 0.0000000 0.0000000 0.0000000 0.0000000 0.0000000 0.0000000 0.9788223 0.0000000 0.0000000 0.0000000 0.0000000 0.0000000 0.0000000 0.0000000 0.0026074 0.0000000 0.0000000 0.0000000 0.0032026
 65 L  65 0.0122935 0.0000000 0.0000000 0.0000000 0.0000000 0.0000000 0.0000000 0.0433928 0.0000000 0.0177795 0.8310993 0.0000000 0.0557256 0.0200529 0.0000000 0.0000000 0.0000000 0.0000000 0.0080183 0.0116381
 66 T  66 0.0100754 0.0502940 0.2991186 0.0169262 0.0018369 0.0226442 0.0030805 0.0009396 0.1135928 0.0161358 0.0099775 0.0043369 0.0071366 0.0257079 0.0000000 0.2238155 0.1608180 0.0031063 0.0234404 0.0070169
 67 K  67 0.0230411 0.0262701 0.0326886 0.7273087 0.0016873 0.0101205 0.0121360 0.0078123 0.0007980 0.0031643 0.0050473 0.0253169 0.0014522 0.0137675 0.0000000 0.0529758 0.0177829 0.0035816 0.0330175 0.0020314
 68 A  68 0.0593513 0.1596457 0.0496639 0.0074034 0.0029028 0.1101588 0.0337530 0.0192634 0.0194059 0.0780712 0.1521236 0.0702566 0.0227571 0.0072916 0.0597181 0.0489414 0.0420880 0.0021156 0.0116843 0.0434044
 69 G  69 0.0558260 0.0933234 0.1413861 0.0846186 0.0013431 0.0493034 0.1073169 0.0820660 0.0339090 0.0205756 0.0287515 0.0699001 0.0243077 0.0035142 0.0193527 0.0670420 0.0523619 0.0079447 0.0053475 0.0518096
 70 M  70 0.0219322 0.0416805 0.0518699 0.0277998 0.0000000 0.0798256 0.0939351 0.0536896 0.0285336 0.0542500 0.0370622 0.0987417 0.0157344 0.0412955 0.0248828 0.1051569 0.1382657 0.0034445 0.0060099 0.0758903
 71 E  71 0.0102227 0.0152671 0.0661803 0.1281672 0.0000000 0.0570619 0.5309581 0.0320313 0.0194147 0.0065111 0.0000000 0.0374602 0.0022673 0.0010146 0.0142014 0.0347108 0.0236820 0.0036299 0.0072380 0.0099814
 72 G  72 0.0151642 0.0819766 0.0586601 0.0263776 0.0000000 0.0337745 0.0252381 0.5813273 0.0316059 0.0000000 0.0038374 0.0313172 0.0311552 0.0080107 0.0015316 0.0494432 0.0121839 0.0009856 0.0050120 0.0023989
 73 D  73 0.0224118 0.0741683 0.0405004 0.0987754 0.0013929 0.0914202 0.0684205 0.0999909 0.0315949 0.0218814 0.0260925 0.0371234 0.0126889 0.0099022 0.0149578 0.1232119 0.1328762 0.0021950 0.0265206 0.0638748
 74 W  74 0.0013534 0.0000000 0.0024504 0.0000000 0.0000000 0.0000000 0.0000000 0.0000000 0.0033680 0.0009456 0.0263431 0.0000000 0.0036081 0.3948506 0.0018124 0.0013062 0.0022685 0.4484894 0.1115672 0.0016372
 75 S  75 0.0285198 0.1602987 0.0089157 0.0050025 0.0000000 0.1354776 0.1393794 0.0050313 0.0283169 0.0274098 0.0757993 0.0965491 0.0483523 0.0204913 0.0000000 0.0392734 0.0643596 0.0000000 0.0157030 0.1011204
 76 W  76 0.0000000 0.0000000 0.0022780 0.0000000 0.0000000 0.0000000 0.0000000 0.0034152 0.0000000 0.0000000 0.0000000 0.0000000 0.0000000 0.0227688 0.0000000 0.0015975 0.0000000 0.9531576 0.0167828 0.0000000
 77 V  77 0.0501578 0.0000000 0.0077055 0.0104575 0.0020340 0.0091822 0.0541409 0.0034284 0.0065299 0.0550091 0.0542363 0.0021049 0.0371357 0.0020378 0.0044265 0.2813953 0.1569706 0.0000000 0.0028856 0.2601619
 78 D  78 0.0000000 0.0000000 0.0444508 0.8836885 0.0000000 0.0000000 0.0129758 0.0245683 0.0026707 0.0000000 0.0000000 0.0045344 0.0000000 0.0000000 0.0000000 0.0198225 0.0052350 0.0000000 0.0020540 0.0000000
 79 D  79 0.0051225 0.0308752 0.0873450 0.0211872 0.0089029 0.0436510 0.0254036 0.7070343 0.0165325 0.0000000 0.0015378 0.0274303 0.0015134 0.0009327 0.0000000 0.0197858 0.0000000 0.0009034 0.0018425 0.0000000
 80 T  80 0.0157041 0.0171496 0.0138913 0.0200511 0.0069751 0.0317450 0.0313464 0.0032650 0.0158787 0.0029351 0.0092379 0.0051533 0.0072415 0.0011889 0.0015470 0.3939336 0.3645796 0.0326348 0.0025229 0.0230189
 81 P  81 0.1448710 0.0438842 0.0147015 0.0151216 0.0021145 0.0172260 0.0327691 0.0428183 0.0116030 0.0134098 0.0204986 0.0336539 0.0044803 0.0010283 0.4508708 0.0614938 0.0524082 0.0000000 0.0030187 0.0340284
 82 F  82 0.0076619 0.0018945 0.0010059 0.0000000 0.0000000 0.0009498 0.0037328 0.0028979 0.0183062 0.0329697 0.3868816 0.0012164 0.0512266 0.1323966 0.0047908 0.0027176 0.0070426 0.0022859 0.0674109 0.2746124
 83 N  83 0.0238756 0.0613401 0.1912702 0.1928183 0.0017226 0.0931588 0.0162713 0.1487835 0.0140275 0.0079340 0.0196777 0.0395676 0.0063465 0.0020237 0.0036913 0.0778714 0.0824769 0.0000000 0.0031644 0.0139787
 84 K  84 0.0165307 0.0257641 0.0293104 0.0091122 0.0028816 0.0243199 0.0585223 0.0117115 0.0195215 0.0080038 0.0447901 0.0402612 0.0078803 0.0172051 0.0408842 0.0312653 0.0319705 0.0058081 0.5679933 0.0062638
 85 V  85 0.0657392 0.0407850 0.0143156 0.0564741 0.0214342 0.0180374 0.0506122 0.0227130 0.0256434 0.0129013 0.1098358 0.0294636 0.0094571 0.0161193 0.0164453 0.0788038 0.2851286 0.0091972 0.0266605 0.0902334
 86 Q  86 0.1242144 0.0274842 0.0655412 0.0225516 0.0086468 0.0440954 0.0627087 0.0552297 0.0256728 0.0347345 0.0337535 0.0672086 0.0128815 0.0217184 0.0543754 0.1736067 0.0703866 0.0037005 0.0039585 0.0875310
 87 S  87 0.0390867 0.0321910 0.0534262 0.0765866 0.0013783 0.0225983 0.0337081 0.0814339 0.0059319 0.0221060 0.0432562 0.0076655 0.0083370 0.0763536 0.0052174 0.2311916 0.1770666 0.0328463 0.0172977 0.0323210
 88 A  88 0.0316020 0.0104635 0.0039596 0.0275663 0.0016489 0.0138768 0.0082979 0.0066686 0.0017559 0.0157510 0.0191789 0.0203061 0.0113497 0.4265965 0.0076222 0.0063761 0.0046376 0.0307157 0.3285155 0.0231113
 89 R  89 0.0059624 0.0941782 0.0735435 0.0090472 0.0000000 0.0402323 0.1129233 0.0271440 0.0077030 0.0116965 0.0134143 0.0815981 0.0024307 0.0104785 0.0106757 0.1956713 0.2643494 0.0056245 0.0053152 0.0280121
 90 F  90 0.0262551 0.0189470 0.4898257 0.0196756 0.0022058 0.0138825 0.0025582 0.0099731 0.0761160 0.0045763 0.0092632 0.0315184 0.0057815 0.1024370 0.0078340 0.0811711 0.0086187 0.0000000 0.0872914 0.0020694
 91 W  91 0.0000000 0.0043974 0.0037312 0.0021353 0.0000000 0.0031940 0.0052041 0.0013782 0.0000000 0.0000000 0.0030499 0.0027791 0.0000000 0.0122908 0.0000000 0.0000000 0.0018345 0.9548223 0.0051831 0.0000000
 92 I  92 0.2271141 0.0847249 0.1245700 0.0550970 0.0214023 0.0380817 0.0311544 0.1225725 0.0664614 0.0161595 0.0435610 0.0519179 0.0153333 0.0088214 0.0085127 0.0369775 0.0072600 0.0051656 0.0253927 0.0097202
 93 P  93 0.0608213 0.0738625 0.0271243 0.0500679 0.0000000 0.0353937 0.0800820 0.0122870 0.0099822 0.0072625 0.0297684 0.0540882 0.0037775 0.0126305 0.3676929 0.0766198 0.0518113 0.0009181 0.0164591 0.0293509
 94 G  94 0.0073241 0.0210528 0.1303706 0.0594157 0.0000000 0.0074216 0.0328041 0.6403451 0.0157301 0.0000000 0.0126752 0.0150619 0.0016624 0.0095673 0.0000000 0.0174522 0.0153539 0.0039090 0.0061432 0.0037108
 95 E  95 0.0073829 0.0058882 0.0126168 0.0106728 0.0013612 0.2732531 0.5798234 0.0000000 0.0104464 0.0024735 0.0093603 0.0129605 0.0253166 0.0079273 0.0049028 0.0195725 0.0013891 0.0056881 0.0068158 0.0021487
 96 P  96 0.0028675 0.0029534 0.0022664 0.0019212 0.0000000 0.0008408 0.0012581 0.0053915 0.0000000 0.0025787 0.0011308 0.0000000 0.0000000 0.0000000 0.9667767 0.0034387 0.0050528 0.0000000 0.0014875 0.0020359
 97 N  97 0.0073098 0.0245031 0.4394516 0.2662558 0.0000000 0.0173685 0.0060956 0.0386218 0.0022884 0.0000000 0.0010300 0.0316861 0.0015961 0.0047181 0.0109972 0.1131302 0.0278462 0.0000000 0.0013262 0.0057754
 98 N  98 0.0044994 0.0179113 0.5212482 0.1514797 0.0016469 0.0172979 0.0069440 0.0401727 0.0329707 0.0036803 0.0141934 0.0115877 0.0020594 0.0262058 0.0180008 0.0925445 0.0126923 0.0049029 0.0130124 0.0069496
 99 A  99 0.1241153 0.0372024 0.0304967 0.0388280 0.0000000 0.0229708 0.0303081 0.0489664 0.0413622 0.0358158 0.0429135 0.0405753 0.0198736 0.0783332 0.0350039 0.1095161 0.0367270 0.0846445 0.0904060 0.0519412
100 G 100 0.0350134 0.0541384 0.1039841 0.0570352 0.0025829 0.0400177 0.0475280 0.2553906 0.0395580 0.0067308 0.0396741 0.0373073 0.0136866 0.0926315 0.0190268 0.0540472 0.0337266 0.0159029 0.0408134 0.0112043
101 N 101 0.0324324 0.0249279 0.1200920 0.0635972 0.0000000 0.0335325 0.0512315 0.4008880 0.0231527 0.0043688 0.0099091 0.0342890 0.0021229 0.0106735 0.0325882 0.1100189 0.0298327 0.0063400 0.0048652 0.0051375
102 N 102 0.0304341 0.0602562 0.1662222 0.1201105 0.0000000 0.0323000 0.0856116 0.2427454 0.0197549 0.0315181 0.0186398 0.0484343 0.0063719 0.0044522 0.0069610 0.0696302 0.0227802 0.0013423 0.0055752 0.0268599
103 E 103 0.0154931 0.0183135 0.0149069 0.0211204 0.0000000 0.0829737 0.7211794 0.0126422 0.0021179 0.0014055 0.0000000 0.0523888 0.0032518 0.0034427 0.0098795 0.0088414 0.0101874 0.0050737 0.0131155 0.0036667
104 H 104 0.0094800 0.0329331 0.1359714 0.5469678 0.0009368 0.0211370 0.0050793 0.0322044 0.0750406 0.0042339 0.0095737 0.0224434 0.0070981 0.0104322 0.0041646 0.0400813 0.0081237 0.0000000 0.0233183 0.0107806
105 C 105 0.0000000 0.0000000 0.0000000 0.0000000 0.9780249 0.0000000 0.0000000 0.0000000 0.0000000 0.0026614 0.0000000 0.0000000 0.0000000 0.0000000 0.0000000 0.0068007 0.0025729 0.0000000 0.0056919 0.0042482
106 G 106 0.2004274 0.0000000 0.0000000 0.0000000 0.0103159 0.0000000 0.0000000 0.0996535 0.0000000 0.0250039 0.0296863 0.0000000 0.0105298 0.0021227 0.0000000 0.0053589 0.0270706 0.0000000 0.0028725 0.5869585
107 N 107 0.0776688 0.0136012 0.0183245 0.0055891 0.0050956 0.0647843 0.2096837 0.0141436 0.0926040 0.0220021 0.0477475 0.0102894 0.0369611 0.0193006 0.0000000 0.0527294 0.0505462 0.0053914 0.0735133 0.1800241
108 I 108 0.0074350 0.0000000 0.0045410 0.0012417 0.0026951 0.0000000 0.0000000 0.0000000 0.0000000 0.2009662 0.2011294 0.0010129 0.3156549 0.0829994 0.0000000 0.0071092 0.0110045 0.0155720 0.0803464 0.0682923
109 K 109 0.0211441 0.1002955 0.1697844 0.0451176 0.0032244 0.0292686 0.0147006 0.0214042 0.0438104 0.0796140 0.0481666 0.0619260 0.0064354 0.0210187 0.0024157 0.0727281 0.0440157 0.0674774 0.0900002 0.0574523
110 A 110 0.0980881 0.0541476 0.0201577 0.0380844 0.0010841 0.0229190 0.0129668 0.0932360 0.0530578 0.0170122 0.0339820 0.0455586 0.0054678 0.0394007 0.0760589 0.1301716 0.0794426 0.0748490 0.0685753 0.0357398
111 P 111 0.0415848 0.0319007 0.1044835 0.0949187 0.0000000 0.0261146 0.0437732 0.1036924 0.1047449 0.0078418 0.0139759 0.0639992 0.0018779 0.0130058 0.0277866 0.1813935 0.0975620 0.0079258 0.0212307 0.0121879
112 S 112 0.0655695 0.0367439 0.0559088 0.1115373 0.0000000 0.0079135 0.1164743 0.1819363 0.0129051 0.0092814 0.0164281 0.0328856 0.0032126 0.0133487 0.0314813 0.1768118 0.0614983 0.0151914 0.0302277 0.0206443
113 L 113 0.0761669 0.0514939 0.1024553 0.1212169 0.0018137 0.0390125 0.0435389 0.1508044 0.0094973 0.0151850 0.0790873 0.0758694 0.0183831 0.0335478 0.0124074 0.0715203 0.0359419 0.0069716 0.0333668 0.0217197
114 Q 114 0.0306612 0.0307786 0.0459394 0.0514977 0.0007810 0.0235855 0.0097611 0.4935452 0.0123197 0.0017891 0.0191453 0.0699585 0.0226450 0.0332315 0.0017015 0.0291747 0.0066027 0.0503286 0.0644266 0.0021271
115 A 115 0.0285243 0.1171767 0.0411432 0.0125391 0.0263745 0.1020531 0.0363221 0.0937748 0.0206071 0.0037987 0.0861507 0.2256873 0.0179327 0.0162634 0.0032387 0.0550040 0.0737799 0.0000000 0.0259559 0.0136741
116 W 116 0.0000000 0.0000000 0.0000000 0.0035488 0.0000000 0.0012187 0.0000000 0.0000000 0.0000000 0.0017762 0.0087169 0.0000000 0.0029716 0.0017221 0.0000000 0.0018294 0.0000000 0.9722632 0.0021852 0.0037680
117 N 117 0.0439595 0.0401106 0.5635932 0.0818873 0.0000000 0.0147271 0.0413030 0.0148216 0.0119205 0.0066203 0.0070722 0.0421176 0.0147849 0.0199286 0.0000000 0.0460950 0.0169292 0.0000000 0.0154077 0.0187215
118 D 118 0.0171226 0.0035287 0.0483523 0.7570700 0.0000000 0.0035296 0.0025012 0.0076047 0.0012276 0.0087463 0.0152895 0.0027217 0.0016235 0.0000000 0.0114689 0.0181342 0.0628810 0.0000000 0.0000000 0.0381983
119 A 119 0.1356788 0.0563205 0.0400152 0.0816613 0.0073154 0.0466504 0.0454484 0.0363282 0.0114884 0.0816097 0.0814042 0.0226159 0.0293804 0.0238408 0.0000000 0.0493790 0.0371890 0.0141504 0.0299047 0.1696194
120 P 120 0.0340830 0.0628916 0.1251525 0.0660416 0.0000000 0.0451010 0.0371586 0.0235494 0.0349919 0.0113042 0.0132340 0.0480878 0.0039465 0.0444731 0.2276319 0.1248900 0.0325493 0.0037436 0.0322467 0.0289234
121 C 121 0.0000000 0.0043151 0.0035512 0.0000000 0.9846077 0.0000000 0.0000000 0.0018726 0.0000000 0.0014333 0.0000000 0.0000000 0.0042201 0.0000000 0.0000000 0.0000000 0.0000000 0.0000000 0.0000000 0.0000000
122 D 122 0.0168231 0.0179913 0.1806253 0.1631296 0.0010360 0.0391229 0.1169705 0.0850293 0.0286412 0.0027139 0.0216235 0.0143918 0.0008676 0.0221925 0.0046920 0.1689201 0.0670369 0.0088811 0.0287291 0.0105821
123 K 123 0.0476466 0.0788131 0.0713941 0.0467862 0.0018289 0.0578890 0.0797706 0.0194317 0.0354695 0.0315432 0.0557625 0.0638525 0.0164498 0.0362774 0.0000000 0.1051182 0.0732302 0.0178415 0.1112911 0.0496041
124 T 124 0.0421746 0.0708705 0.0388194 0.0242857 0.0000000 0.0737304 0.0684740 0.0118148 0.0646819 0.0144783 0.0663888 0.1796561 0.0089415 0.0097680 0.0692032 0.0978410 0.0988628 0.0024108 0.0245856 0.0330127
125 F 125 0.0406542 0.1003202 0.1043732 0.0042059 0.0048879 0.0428503 0.0186507 0.0041570 0.0688357 0.0204571 0.2294368 0.1009435 0.0445507 0.0696639 0.0000000 0.0149972 0.0143112 0.0043638 0.1065101 0.0058305
126 L 126 0.0486902 0.0935695 0.0665364 0.0291294 0.0022983 0.0157233 0.0024957 0.2015173 0.0300041 0.0000000 0.0231518 0.0899035 0.0057773 0.0555898 0.1670501 0.0588624 0.0315146 0.0023908 0.0732819 0.0025136
127 F 127 0.0211025 0.0162057 0.0000000 0.0000000 0.0011423 0.0000000 0.0000000 0.0073990 0.0012582 0.0009819 0.0056288 0.0000000 0.0012127 0.3691563 0.0051844 0.0861975 0.0019192 0.1560951 0.3111238 0.0153928
128 I 128 0.0130778 0.0000000 0.0000000 0.0000000 0.0000000 0.0000000 0.0000000 0.0000000 0.0000000 0.5947725 0.0535588 0.0000000 0.0206700 0.0091905 0.0000000 0.0013874 0.0508566 0.0000000 0.0000000 0.2564864
129 C 129 0.0000000 0.0000000 0.0000000 0.0000000 0.9950628 0.0000000 0.0000000 0.0000000 0.0000000 0.0000000 0.0000000 0.0000000 0.0000000 0.0049372 0.0000000 0.0000000 0.0000000 0.0000000 0.0000000 0.0000000
130 K 130 0.0155022 0.0165662 0.0020254 0.0035637 0.0000000 0.2330314 0.2561830 0.0031889 0.0030803 0.0000000 0.0000000 0.4250460 0.0060993 0.0000000 0.0000000 0.0253231 0.0000000 0.0000000 0.0029354 0.0074551
131 R 131 0.0180226 0.1945848 0.0000000 0.0039630 0.0000000 0.0477855 0.0000000 0.0040194 0.0054495 0.0846397 0.0364462 0.3737116 0.1120641 0.0043884 0.0000000 0.0130841 0.0621668 0.0000000 0.0097614 0.0299128
132 P 132 0.0318357 0.0440908 0.0678324 0.0687050 0.0000000 0.0295445 0.0251815 0.1332960 0.0086094 0.0041085 0.0266063 0.1819655 0.0000000 0.0027387 0.2618567 0.0687237 0.0272353 0.0035445 0.0029544 0.0111709
133 Y 133 0.1391171 0.0390137 0.0344040 0.0264035 0.0070598 0.0084461 0.0407674 0.0412517 0.0076616 0.0173859 0.0987998 0.1479342 0.0186379 0.0111216 0.1151664 0.0807741 0.1057005 0.0050821 0.0225844 0.0326883
134 V 134 0.0956172 0.0126878 0.0466234 0.0586987 0.0017339 0.0203714 0.0315146 0.0641062 0.0024079 0.1255726 0.0538349 0.0154332 0.0053755 0.0157464 0.0213070 0.0654924 0.1215615 0.0000000 0.0077061 0.2342091
135 P 135 0.1041481 0.0076136 0.0286915 0.0134821 0.0697232 0.0254616 0.0265372 0.0355279 0.0072666 0.0087247 0.0363848 0.0245122 0.0130349 0.0030557 0.2940586 0.1629375 0.0908603 0.0012234 0.0205936 0.0261624
136 S 136 0.0787851 0.0083118 0.0153029 0.0331711 0.2381196 0.0354001 0.0583211 0.0622064 0.0058641 0.0287959 0.0353625 0.0052353 0.0129146 0.0086605 0.0544269 0.1456226 0.1192300 0.0000000 0.0099377 0.0443316
137 E 137 0.0471112 0.0137621 0.0301673 0.0619806 0.0234219 0.0357488 0.0538317 0.1575086 0.0060409 0.0199120 0.0614046 0.0243770 0.0034479 0.0046676 0.1564576 0.1378660 0.1047034 0.0000000 0.0161176 0.0414733
138 P 138 0.0366073 0.0239355 0.0017667 0.0256532 0.1510173 0.0524332 0.0559776 0.0275960 0.0031574 0.0133248 0.0162157 0.0306605 0.0028636 0.0017180 0.3655311 0.0766747 0.0947220 0.0000000 0.0000000 0.0201454
139 G 139 0.0723538 0.0105655 0.0239256 0.0639049 0.0153274 0.0055657 0.0742705 0.0954069 0.0027271 0.0068901 0.0075932 0.0240381 0.0038602 0.0076908 0.4410664 0.0330497 0.0603944 0.0019061 0.0027399 0.0467237
140 S 140 0.0357775 0.0147542 0.0194688 0.0638913 0.0033787 0.0423417 0.1129588 0.0168582 0.0068055 0.0117274 0.0145784 0.0193009 0.0032175 0.0000000 0.3741800 0.1291307 0.0787703 0.0048142 0.0036327 0.0444133
141 E 141 0.0265172 0.0322844 0.0218106 0.0996228 0.0190756 0.0842954 0.1690787 0.1769889 0.0190968 0.0060096 0.0172123 0.0233195 0.0061101 0.0048508 0.0771109 0.0569060 0.0485495 0.0018670 0.0124464 0.0968476
142 N 142 0.0214639 0.0254553 0.0611386 0.0306606 0.0119243 0.0559060 0.0470745 0.0234209 0.0255792 0.0158334 0.0416583 0.0167744 0.0024835 0.0150588 0.0680762 0.0555033 0.0873279 0.2126345 0.0507495 0.1312769
143 L 143 0.0625352 0.0197005 0.0391734 0.0658853 0.0149104 0.0500014 0.1025844 0.0229322 0.0124844 0.0627706 0.1020722 0.0243216 0.0039165 0.0282752 0.1475453 0.0541062 0.0898424 0.0238068 0.0110936 0.0620424
144 Y 144 0.0149425 0.0148673 0.0900557 0.0216016 0.0512405 0.0409383 0.0271712 0.0991382 0.0500721 0.0423016 0.0804771 0.0147869 0.0056249 0.0339525 0.1424655 0.1032619 0.0829582 0.0097291 0.0497773 0.0246374
145 F 145 0.1446505 0.0280240 0.0536432 0.0430816 0.0133974 0.0162266 0.0126051 0.1530078 0.0368712 0.0166024 0.0293870 0.0265243 0.0034680 0.1229410 0.0747081 0.0344415 0.0208034 0.0111728 0.1332409 0.0252033
146 Q 146 0.0596133 0.0805198 0.0471347 0.0313130 0.2372831 0.0715527 0.0543878 0.0900694 0.0173929 0.0150408 0.0146050 0.0707911 0.0000000 0.0094236 0.0782422 0.0453257 0.0449619 0.0099291 0.0027957 0.0196182
147 G 147 0.0539231 0.0303706 0.0921894 0.0595083 0.0056736 0.0535962 0.0140264 0.2459586 0.0061383 0.0154564 0.0103160 0.0409816 0.0116505 0.0109322 0.1518569 0.0596479 0.0912060 0.0000000 0.0198998 0.0266682
148 S 148 0.0283092 0.0565057 0.0925196 0.0410848 0.0170287 0.0449811 0.0247547 0.0148666 0.0473620 0.0308404 0.0304637 0.1367995 0.0052809 0.1060387 0.0042540 0.1931876 0.0534301 0.0263322 0.0214989 0.0244614
149 A 149 0.0202723 0.0098061 0.0050945 0.0106686 0.3363424 0.0042412 0.0239729 0.4129619 0.0288360 0.0044281 0.0110884 0.0253524 0.0000000 0.0039820 0.0031377 0.0613243 0.0145406 0.0000000 0.0089715 0.0149792
150 W 150 0.0081030 0.0506183 0.0128330 0.0083138 0.0119375 0.0349715 0.0154702 0.0059359 0.0047890 0.0000000 0.0068317 0.0891619 0.0000000 0.0653089 0.0038467 0.0150267 0.0364123 0.2905893 0.3298371 0.0100131
151 S 151 0.0166136 0.0682887 0.0100449 0.0119586 0.0979148 0.0159754 0.0173627 0.0360395 0.0197862 0.0419302 0.0351050 0.3376308 0.0519104 0.0068361 0.0360874 0.0938754 0.0643554 0.0000000 0.0000000 0.0382849
152 H 152 0.0704168 0.2033490 0.0218509 0.0373956 0.0000000 0.0110538 0.0108663 0.0109782 0.0708836 0.0783920 0.0270713 0.2196257 0.0000000 0.0774134 0.0293299 0.0274890 0.0042042 0.0278859 0.0603162 0.0114781
153 P 153 0.0227835 0.0040394 0.0220131 0.0606489 0.0000000 0.0056090 0.0410427 0.0197486 0.1188573 0.0000000 0.0337854 0.0330733 0.0000000 0.1673604 0.1664421 0.0359003 0.0085548 0.0000000 0.2440595 0.0160816
154 Q 154 0.0077350 0.2219680 0.0540032 0.0935540 0.0124025 0.0451327 0.0353072 0.3583309 0.0263135 0.0109763 0.0000000 0.0325474 0.0000000 0.0000000 0.0231999 0.0247752 0.0230488 0.0254290 0.0052765 0.0000000
155 F 155 0.0000000 0.0000000 0.0464946 0.0179608 0.0000000 0.0000000 0.0380512 0.0157157 0.0224803 0.0090348 0.0100248 0.0060241 0.0000000 0.2576590 0.0122708 0.0297592 0.0643631 0.0325970 0.4164039 0.0211608
156 E 156 0.0000000 0.0934674 0.0000000 0.0429157 0.0000000 0.0680693 0.5318246 0.0000000 0.0000000 0.0000000 0.0000000 0.1915342 0.0000000 0.0180814 0.0278855 0.0143162 0.0000000 0.0000000 0.0000000 0.0119058
157 K 157 0.0000000 0.1614871 0.0000000 0.0000000 0.0000000 0.0000000 0.0000000 0.0000000 0.0000000 0.0000000 0.0000000 0.8385129 0.0000000 0.0000000 0.0000000 0.0000000 0.0000000 0.0000000 0.0000000 0.0000000
