   57         A         R         N         D         C         Q         E         G         H         I         L         K         M         F         P         S         T         W         Y         V    
  1 M   1 0.0000000 0.0000000 0.0000000 0.0000000 0.0000000 0.0000000 0.0000000 0.0000000 0.0000000 0.0000000 0.4259997 0.0000000 0.3734733 0.0000000 0.0000000 0.0000000 0.0000000 0.0000000 0.0000000 0.2005271
  2 T   2 0.0000000 0.0000000 0.0000000 0.2929641 0.0000000 0.0000000 0.0000000 0.0000000 0.0000000 0.0000000 0.0000000 0.0000000 0.0000000 0.0000000 0.0000000 0.0000000 0.7070359 0.0000000 0.0000000 0.0000000
  3 T   3 0.0000000 0.0000000 0.0000000 0.0000000 0.0000000 0.0000000 0.0000000 0.0000000 0.0000000 0.0000000 0.0000000 0.0000000 0.0000000 0.0000000 0.0000000 0.0569578 0.9430422 0.0000000 0.0000000 0.0000000
  4 F   4 0.0000000 0.0000000 0.0000000 0.0000000 0.0000000 0.0000000 0.0000000 0.0000000 0.0000000 0.0000000 0.0000000 0.0000000 0.0000000 0.0682892 0.0000000 0.0000000 0.0000000 0.0000000 0.9317108 0.0000000
  5 K   5 0.0000000 0.0385680 0.0000000 0.0000000 0.0000000 0.0000000 0.0000000 0.0000000 0.0000000 0.0000000 0.0000000 0.8700337 0.0000000 0.0000000 0.0000000 0.0000000 0.0000000 0.0000000 0.0913983 0.0000000
  6 L   6 0.0000000 0.0000000 0.0000000 0.0000000 0.0000000 0.0000000 0.0000000 0.0000000 0.0000000 0.0340303 0.9659697 0.0000000 0.0000000 0.0000000 0.0000000 0.0000000 0.0000000 0.0000000 0.0000000 0.0000000
  7 I   7 0.0130314 0.0000000 0.0000000 0.0000000 0.0000000 0.0000000 0.0000000 0.0000000 0.0000000 0.4990132 0.0340303 0.0000000 0.0000000 0.0541305 0.0000000 0.0000000 0.0000000 0.0000000 0.0000000 0.3997946
  8 I   8 0.0000000 0.0000000 0.0000000 0.0000000 0.0000000 0.0000000 0.0000000 0.0000000 0.0000000 0.4383025 0.3916524 0.0000000 0.0000000 0.0000000 0.0000000 0.0000000 0.0000000 0.0000000 0.0000000 0.1700451
  9 N   9 0.0000000 0.0000000 0.7033984 0.0000000 0.0000000 0.0000000 0.0000000 0.0000000 0.0000000 0.0000000 0.0000000 0.1972141 0.0000000 0.0000000 0.0000000 0.0000000 0.0000000 0.0000000 0.0000000 0.0993875
 10 G  10 0.0000000 0.0000000 0.0000000 0.0000000 0.0340303 0.0000000 0.0000000 0.7417657 0.0000000 0.0541305 0.1700735 0.0000000 0.0000000 0.0000000 0.0000000 0.0000000 0.0000000 0.0000000 0.0000000 0.0000000
 11 K  11 0.0459690 0.0000000 0.1579341 0.0000000 0.0000000 0.0913983 0.0000000 0.0541305 0.0000000 0.0000000 0.0000000 0.6120001 0.0000000 0.0000000 0.0000000 0.0000000 0.0000000 0.0000000 0.0000000 0.0385680
 12 T  12 0.0000000 0.0000000 0.0573680 0.0541305 0.0000000 0.1248165 0.0000000 0.0452570 0.0000000 0.0000000 0.0000000 0.0000000 0.0000000 0.0000000 0.0000000 0.0000000 0.7184280 0.0000000 0.0000000 0.0000000
 13 L  13 0.1886027 0.0560375 0.0000000 0.0000000 0.0000000 0.0000000 0.0000000 0.0000000 0.0000000 0.0000000 0.5043466 0.0000000 0.0000000 0.2041618 0.0000000 0.0000000 0.0468514 0.0000000 0.0000000 0.0000000
 14 K  14 0.0000000 0.0000000 0.0000000 0.0000000 0.0000000 0.0000000 0.0000000 0.0000000 0.0000000 0.0000000 0.0000000 0.6335603 0.0000000 0.0593890 0.0000000 0.2041618 0.0468514 0.0000000 0.0000000 0.0560375
 15 G  15 0.0000000 0.0000000 0.0000000 0.0000000 0.0000000 0.0000000 0.1292137 0.7085084 0.0000000 0.0000000 0.0000000 0.0000000 0.0000000 0.0468514 0.0000000 0.0000000 0.0000000 0.0000000 0.0593890 0.0560375
 16 E  16 0.0000000 0.0000000 0.0000000 0.0000000 0.0000000 0.0000000 0.8971112 0.0000000 0.0000000 0.0000000 0.0000000 0.0000000 0.0000000 0.0000000 0.0000000 0.0000000 0.0468514 0.0000000 0.0000000 0.0560375
 17 T  17 0.1233144 0.0000000 0.0000000 0.0000000 0.0000000 0.0000000 0.0000000 0.0000000 0.0000000 0.0326377 0.0000000 0.0000000 0.0000000 0.0000000 0.0000000 0.0000000 0.7458564 0.0000000 0.0447124 0.0534791
 18 T  18 0.0835197 0.0000000 0.0000000 0.0000000 0.0000000 0.0000000 0.0000000 0.0000000 0.0000000 0.1233144 0.0566776 0.0000000 0.0000000 0.0000000 0.0000000 0.0000000 0.7364883 0.0000000 0.0000000 0.0000000
 19 T  19 0.0000000 0.0000000 0.0000000 0.0000000 0.0000000 0.0000000 0.0000000 0.0000000 0.0000000 0.0326377 0.0000000 0.1233144 0.0000000 0.0000000 0.0000000 0.0000000 0.8440479 0.0000000 0.0000000 0.0000000
 20 E  20 0.0000000 0.0000000 0.0000000 0.0000000 0.0151350 0.0000000 0.5915361 0.0000000 0.0000000 0.0000000 0.0000000 0.3933289 0.0000000 0.0000000 0.0000000 0.0000000 0.0000000 0.0000000 0.0000000 0.0000000
 21 A  21 0.8766856 0.0000000 0.0000000 0.0000000 0.0000000 0.0000000 0.0000000 0.0000000 0.0000000 0.0000000 0.1233144 0.0000000 0.0000000 0.0000000 0.0000000 0.0000000 0.0000000 0.0000000 0.0000000 0.0000000
 22 V  22 0.0000000 0.0000000 0.0000000 0.0000000 0.0000000 0.0000000 0.0000000 0.0000000 0.0000000 0.0956492 0.0000000 0.0000000 0.0000000 0.0000000 0.0000000 0.0000000 0.0000000 0.0000000 0.0000000 0.9043508
 23 D  23 0.0000000 0.0000000 0.0000000 1.0000000 0.0000000 0.0000000 0.0000000 0.0000000 0.0000000 0.0000000 0.0000000 0.0000000 0.0000000 0.0000000 0.0000000 0.0000000 0.0000000 0.0000000 0.0000000 0.0000000
 24 A  24 0.9248587 0.0000000 0.0000000 0.0000000 0.0000000 0.0000000 0.0000000 0.0000000 0.0000000 0.0000000 0.0000000 0.0000000 0.0000000 0.0000000 0.0000000 0.0000000 0.0575492 0.0000000 0.0000000 0.0175921
 25 A  25 0.6817603 0.0000000 0.0000000 0.0000000 0.0000000 0.0000000 0.2351675 0.0830721 0.0000000 0.0000000 0.0000000 0.0000000 0.0000000 0.0000000 0.0000000 0.0000000 0.0000000 0.0000000 0.0000000 0.0000000
 26 T  26 0.0000000 0.0000000 0.0000000 0.0000000 0.0000000 0.0000000 0.0326377 0.0000000 0.0000000 0.0830721 0.0000000 0.0000000 0.0000000 0.0000000 0.0000000 0.0000000 0.8388743 0.0000000 0.0000000 0.0454158
 27 A  27 1.0000000 0.0000000 0.0000000 0.0000000 0.0000000 0.0000000 0.0000000 0.0000000 0.0000000 0.0000000 0.0000000 0.0000000 0.0000000 0.0000000 0.0000000 0.0000000 0.0000000 0.0000000 0.0000000 0.0000000
 28 E  28 0.0456550 0.1133098 0.0000000 0.0000000 0.0000000 0.0000000 0.8410352 0.0000000 0.0000000 0.0000000 0.0000000 0.0000000 0.0000000 0.0000000 0.0000000 0.0000000 0.0000000 0.0000000 0.0000000 0.0000000
 29 K  29 0.0000000 0.0210075 0.0566776 0.0000000 0.0000000 0.0835197 0.0000000 0.0000000 0.0000000 0.0000000 0.0000000 0.7821630 0.0000000 0.0000000 0.0000000 0.0566322 0.0000000 0.0000000 0.0000000 0.0000000
 30 V  30 0.2141600 0.0000000 0.0000000 0.0000000 0.0000000 0.0000000 0.0956492 0.0000000 0.0000000 0.0326377 0.0000000 0.0000000 0.0000000 0.0566322 0.0000000 0.0000000 0.0835197 0.0000000 0.1233144 0.3940868
 31 L  31 0.0000000 0.0000000 0.0000000 0.0000000 0.0000000 0.0000000 0.0000000 0.0000000 0.0000000 0.0830721 0.0325338 0.0000000 0.0000000 0.8843940 0.0000000 0.0000000 0.0000000 0.0000000 0.0000000 0.0000000
 32 K  32 0.0000000 0.0835197 0.0000000 0.0000000 0.0000000 0.0000000 0.0000000 0.0000000 0.0000000 0.0566776 0.0000000 0.8031705 0.0000000 0.0000000 0.0566322 0.0000000 0.0000000 0.0000000 0.0000000 0.0000000
 33 Q  33 0.0000000 0.0000000 0.0000000 0.0454158 0.0000000 0.7216401 0.0210075 0.0000000 0.0319900 0.0566322 0.1233144 0.0000000 0.0000000 0.0000000 0.0000000 0.0000000 0.0000000 0.0000000 0.0000000 0.0000000
 34 Y  34 0.0000000 0.0000000 0.0000000 0.0000000 0.0000000 0.0000000 0.0000000 0.0000000 0.0000000 0.0830721 0.0566322 0.0000000 0.0000000 0.0000000 0.0000000 0.0566776 0.0000000 0.0000000 0.8036181 0.0000000
 35 I  35 0.8541564 0.0000000 0.0000000 0.0000000 0.0000000 0.0000000 0.0566322 0.0000000 0.0000000 0.0325338 0.0566776 0.0000000 0.0000000 0.0000000 0.0000000 0.0000000 0.0000000 0.0000000 0.0000000 0.0000000
 36 N  36 0.0000000 0.0000000 0.8109937 0.0000000 0.0000000 0.0000000 0.0000000 0.0000000 0.0000000 0.0000000 0.0000000 0.0776851 0.0000000 0.0000000 0.0000000 0.0000000 0.1113211 0.0000000 0.0000000 0.0000000
 37 D  37 0.2346356 0.0000000 0.0000000 0.5689727 0.0000000 0.0000000 0.0733362 0.0000000 0.0000000 0.0000000 0.0000000 0.0664234 0.0000000 0.0000000 0.0000000 0.0566322 0.0000000 0.0000000 0.0000000 0.0000000
 38 N  38 0.0000000 0.0000000 0.7313858 0.0566776 0.0000000 0.0000000 0.0000000 0.0000000 0.0319900 0.0000000 0.0000000 0.1233144 0.0000000 0.0000000 0.0000000 0.0566322 0.0000000 0.0000000 0.0000000 0.0000000
 39 G  39 0.0000000 0.0000000 0.1113211 0.0000000 0.0000000 0.0000000 0.0000000 0.7087323 0.0000000 0.0000000 0.0000000 0.0000000 0.0000000 0.0000000 0.0000000 0.0566322 0.1233144 0.0000000 0.0000000 0.0000000
 40 I  40 0.0000000 0.0000000 0.0000000 0.0000000 0.0000000 0.0000000 0.0000000 0.0000000 0.0000000 0.1489303 0.0000000 0.0000000 0.0000000 0.0000000 0.0000000 0.0000000 0.0000000 0.0000000 0.0000000 0.8510697
 41 D  41 0.0000000 0.0000000 0.0000000 0.6932820 0.0000000 0.0566776 0.1233144 0.0000000 0.0319900 0.0000000 0.0000000 0.0000000 0.0000000 0.0000000 0.0566322 0.0000000 0.0381039 0.0000000 0.0000000 0.0000000
 42 G  42 0.0000000 0.0000000 0.0000000 0.0000000 0.0000000 0.0000000 0.0000000 1.0000000 0.0000000 0.0000000 0.0000000 0.0000000 0.0000000 0.0000000 0.0000000 0.0000000 0.0000000 0.0000000 0.0000000 0.0000000
 43 E  43 0.0000000 0.0000000 0.0000000 0.0566322 0.0000000 0.0000000 0.5441595 0.0000000 0.0319900 0.0000000 0.0000000 0.0000000 0.0000000 0.0000000 0.0000000 0.0000000 0.0000000 0.0000000 0.0000000 0.3672184
 44 W  44 0.0000000 0.0000000 0.0000000 0.0000000 0.0000000 0.0000000 0.0000000 0.0000000 0.0000000 0.0000000 0.0000000 0.0000000 0.0000000 0.0000000 0.0000000 0.0000000 0.0000000 1.0000000 0.0000000 0.0000000
 45 T  45 0.0885335 0.0000000 0.0000000 0.0000000 0.0000000 0.0000000 0.0000000 0.0000000 0.0000000 0.0000000 0.0000000 0.0000000 0.0000000 0.0000000 0.0000000 0.1180039 0.7934625 0.0000000 0.0000000 0.0000000
 46 Y  46 0.0000000 0.0000000 0.0000000 0.0000000 0.0000000 0.0000000 0.0000000 0.0000000 0.0000000 0.0000000 0.0880591 0.0000000 0.0000000 0.0000000 0.0000000 0.0000000 0.0000000 0.0000000 0.9119409 0.0000000
 47 D  47 0.0473966 0.0000000 0.0000000 0.8218862 0.0000000 0.0000000 0.0000000 0.0000000 0.0000000 0.0000000 0.0000000 0.1307172 0.0000000 0.0000000 0.0000000 0.0000000 0.0000000 0.0000000 0.0000000 0.0000000
 48 D  48 0.0481422 0.0000000 0.0000000 0.8555470 0.0000000 0.0000000 0.0000000 0.0000000 0.0000000 0.0000000 0.0000000 0.0000000 0.0000000 0.0000000 0.0339104 0.0000000 0.0403913 0.0000000 0.0220091 0.0000000
 49 A  49 0.8353724 0.0000000 0.0000000 0.0000000 0.0000000 0.0000000 0.1646276 0.0000000 0.0000000 0.0000000 0.0000000 0.0000000 0.0000000 0.0000000 0.0000000 0.0000000 0.0000000 0.0000000 0.0000000 0.0000000
 50 T  50 0.0566895 0.0000000 0.0000000 0.0000000 0.0000000 0.0000000 0.0000000 0.0000000 0.0000000 0.0880591 0.0000000 0.0000000 0.0000000 0.0000000 0.0000000 0.0000000 0.8552514 0.0000000 0.0000000 0.0000000
 51 K  51 0.0000000 0.0000000 0.0000000 0.0000000 0.0000000 0.0000000 0.0000000 0.0000000 0.0000000 0.0000000 0.0880591 0.9119409 0.0000000 0.0000000 0.0000000 0.0000000 0.0000000 0.0000000 0.0000000 0.0000000
 52 T  52 0.0000000 0.0000000 0.0000000 0.0000000 0.0000000 0.0000000 0.0000000 0.0000000 0.0000000 0.0000000 0.0000000 0.0000000 0.0000000 0.0000000 0.0000000 0.0000000 1.0000000 0.0000000 0.0000000 0.0000000
 53 W  53 0.0000000 0.0000000 0.0000000 0.0000000 0.0000000 0.0000000 0.0000000 0.0000000 0.0000000 0.0000000 0.0000000 0.0000000 0.0000000 0.9493720 0.0000000 0.0000000 0.0000000 0.0344869 0.0161412 0.0000000
 54 T  54 0.0000000 0.0000000 0.0000000 0.0000000 0.0000000 0.0000000 0.0000000 0.0000000 0.0000000 0.0000000 0.0000000 0.0000000 0.0000000 0.0000000 0.0000000 0.0000000 1.0000000 0.0000000 0.0000000 0.0000000
 55 V  55 0.0000000 0.0000000 0.0000000 0.0000000 0.0000000 0.0000000 0.0000000 0.0000000 0.0000000 0.0000000 0.0000000 0.0000000 0.0000000 0.0000000 0.0000000 0.0000000 0.0000000 0.0000000 0.0000000 1.0000000
 56 T  56 0.0000000 0.0000000 0.0000000 0.0000000 0.0000000 0.0000000 0.0000000 0.0000000 0.0000000 0.0000000 0.0000000 0.0000000 0.0000000 0.0000000 0.0000000 0.0000000 1.0000000 0.0000000 0.0000000 0.0000000
 57 E  57 0.0000000 0.0000000 0.0000000 0.0000000 0.0000000 0.0000000 1.0000000 0.0000000 0.0000000 0.0000000 0.0000000 0.0000000 0.0000000 0.0000000 0.0000000 0.0000000 0.0000000 0.0000000 0.0000000 0.0000000
