  262         A         R         N         D         C         Q         E         G         H         I         L         K         M         F         P         S         T         W         Y         V    
  1 M   1 0.0000000 0.0000000 0.0000000 0.0000000 0.0000000 0.0000000 0.0000000 0.0000000 0.0000000 0.6013586 0.0000000 0.0000000 0.3986414 0.0000000 0.0000000 0.0000000 0.0000000 0.0000000 0.0000000 0.0000000
  2 A   2 0.3986414 0.0000000 0.0000000 0.0000000 0.0000000 0.0000000 0.0000000 0.0000000 0.0000000 0.0000000 0.0000000 0.0000000 0.0000000 0.0000000 0.0000000 0.6013586 0.0000000 0.0000000 0.0000000 0.0000000
  3 H   3 0.0000000 0.0000000 0.0000000 0.0000000 0.0000000 0.0000000 0.0000000 0.0000000 0.3986414 0.0000000 0.0000000 0.0000000 0.0000000 0.0000000 0.0000000 0.0000000 0.0000000 0.0000000 0.6013586 0.0000000
  4 H   4 0.0000000 0.0000000 0.0000000 0.0000000 0.0000000 0.0000000 0.0000000 0.0000000 0.3986414 0.0000000 0.0000000 0.0000000 0.0000000 0.0000000 0.0000000 0.6013586 0.0000000 0.0000000 0.0000000 0.0000000
  5 H   5 0.0000000 0.0000000 0.0000000 0.0000000 0.0000000 0.6013586 0.0000000 0.0000000 0.3986414 0.0000000 0.0000000 0.0000000 0.0000000 0.0000000 0.0000000 0.0000000 0.0000000 0.0000000 0.0000000 0.0000000
  6 H   6 0.2442731 0.0000000 0.0000000 0.0000000 0.0000000 0.0000000 0.0000000 0.0000000 0.1772423 0.0000000 0.0000000 0.0000000 0.0000000 0.0000000 0.0000000 0.5784847 0.0000000 0.0000000 0.0000000 0.0000000
  7 H   7 0.0000000 0.0000000 0.0000000 0.0000000 0.0000000 0.0000000 0.0000000 0.0000000 0.6888889 0.0000000 0.0000000 0.0000000 0.0000000 0.3111111 0.0000000 0.0000000 0.0000000 0.0000000 0.0000000 0.0000000
  8 H   8 0.0000000 0.1448870 0.2551782 0.0000000 0.0000000 0.0000000 0.0000000 0.0000000 0.1051287 0.0000000 0.0000000 0.0000000 0.0000000 0.3102751 0.0000000 0.0699714 0.0000000 0.0000000 0.1145596 0.0000000
  9 V   9 0.6708533 0.0000000 0.0000000 0.0000000 0.0000000 0.0000000 0.0000000 0.0000000 0.0923903 0.0000000 0.0252327 0.0000000 0.0000000 0.0000000 0.0000000 0.1112447 0.0000000 0.0000000 0.0000000 0.1002790
 10 G  10 0.0000000 0.1036192 0.2156014 0.0520955 0.0617595 0.0576798 0.0461359 0.0529314 0.0900380 0.0000000 0.0567776 0.0000000 0.0000000 0.0969331 0.0607594 0.0000000 0.0000000 0.0704392 0.0352300 0.0000000
 11 T  11 0.5641763 0.1166398 0.0000000 0.0000000 0.0000000 0.0000000 0.0000000 0.1591394 0.0000000 0.0000000 0.0000000 0.0000000 0.0000000 0.0000000 0.0606809 0.0148808 0.0844827 0.0000000 0.0000000 0.0000000
 12 D  12 0.1975863 0.0606809 0.2169378 0.2379471 0.0000000 0.0644857 0.0505411 0.0627024 0.0502204 0.0000000 0.0000000 0.0000000 0.0000000 0.0000000 0.0000000 0.0155642 0.0000000 0.0000000 0.0000000 0.0433342
 13 L  13 0.0000000 0.0000000 0.0000000 0.0000000 0.0000000 0.0000000 0.0000000 0.0000000 0.0000000 0.2688545 0.3442172 0.0000000 0.0000000 0.0000000 0.0000000 0.0614604 0.0000000 0.0000000 0.0000000 0.3254679
 14 T  14 0.0000000 0.0000000 0.0808915 0.0296496 0.0000000 0.0450886 0.3507838 0.0000000 0.0000000 0.0342367 0.0000000 0.0592539 0.0000000 0.0311466 0.0000000 0.2125384 0.1564110 0.0000000 0.0000000 0.0000000
 15 D  15 0.0000000 0.0000000 0.1330132 0.6388970 0.0000000 0.0000000 0.0496806 0.0389374 0.0771901 0.0000000 0.0000000 0.0622817 0.0000000 0.0000000 0.0000000 0.0000000 0.0000000 0.0000000 0.0000000 0.0000000
 16 F  16 0.0000000 0.0513497 0.0000000 0.0000000 0.0000000 0.0000000 0.0000000 0.0000000 0.0000000 0.0939877 0.1588984 0.0344354 0.0340484 0.2385740 0.0000000 0.0000000 0.0000000 0.0000000 0.3095528 0.0791536
 17 R  17 0.0000000 0.2686930 0.1017551 0.0000000 0.0000000 0.0000000 0.0000000 0.0000000 0.0328715 0.0543234 0.0000000 0.3005020 0.0000000 0.0000000 0.0000000 0.0000000 0.2075970 0.0000000 0.0000000 0.0342580
 18 V  18 0.0549503 0.0000000 0.0000000 0.0000000 0.0000000 0.0000000 0.0000000 0.0000000 0.0000000 0.2901617 0.1156297 0.0000000 0.0101723 0.0941462 0.0000000 0.0085733 0.0194854 0.0000000 0.0000000 0.4068811
 19 A  19 0.3873820 0.0000000 0.0000000 0.0000000 0.0274076 0.0000000 0.0000000 0.2099374 0.0000000 0.0247991 0.0673362 0.0000000 0.1178239 0.0000000 0.0000000 0.0342792 0.0000000 0.0000000 0.0000000 0.1310347
 20 T  20 0.0442500 0.0000000 0.0247991 0.0000000 0.0000000 0.0000000 0.0000000 0.0000000 0.0000000 0.0000000 0.0000000 0.0000000 0.0000000 0.0000000 0.0000000 0.1133786 0.8175723 0.0000000 0.0000000 0.0000000
 21 W  21 0.0000000 0.0000000 0.0000000 0.0000000 0.0000000 0.0000000 0.0000000 0.0000000 0.0000000 0.0000000 0.0275028 0.0000000 0.0000000 0.0442500 0.0000000 0.0000000 0.0000000 0.8182018 0.1100455 0.0000000
 22 N  22 0.0000000 0.0000000 1.0000000 0.0000000 0.0000000 0.0000000 0.0000000 0.0000000 0.0000000 0.0000000 0.0000000 0.0000000 0.0000000 0.0000000 0.0000000 0.0000000 0.0000000 0.0000000 0.0000000 0.0000000
 23 L  23 0.0000000 0.0000000 0.0000000 0.0000000 0.0000000 0.0000000 0.0000000 0.0000000 0.0000000 0.0935227 0.3586713 0.0000000 0.2153513 0.0000000 0.0000000 0.1245669 0.1275294 0.0000000 0.0000000 0.0803585
 24 Q  24 0.0402894 0.0343890 0.0364276 0.0000000 0.1004043 0.7525249 0.0000000 0.0000000 0.0275433 0.0000000 0.0000000 0.0000000 0.0000000 0.0000000 0.0084215 0.0000000 0.0000000 0.0000000 0.0000000 0.0000000
 25 G  25 0.0000000 0.0000000 0.0740069 0.0000000 0.0000000 0.0000000 0.0000000 0.8636483 0.0000000 0.0000000 0.0350491 0.0000000 0.0000000 0.0000000 0.0000000 0.0272956 0.0000000 0.0000000 0.0000000 0.0000000
 26 A  26 0.3525739 0.0000000 0.0690965 0.0000000 0.0000000 0.0451647 0.0368550 0.0599488 0.0000000 0.0280714 0.0000000 0.0000000 0.0000000 0.0398733 0.0000000 0.3684165 0.0000000 0.0000000 0.0000000 0.0000000
 27 S  27 0.0553667 0.0374137 0.0836523 0.0720527 0.0000000 0.0238571 0.0000000 0.1310669 0.0000000 0.0000000 0.0108238 0.0319061 0.0000000 0.0000000 0.0298183 0.4601417 0.0639007 0.0000000 0.0000000 0.0000000
 28 A  28 0.3997953 0.0000000 0.0000000 0.0301572 0.0000000 0.0000000 0.0000000 0.1388252 0.0208322 0.0000000 0.0298183 0.0481420 0.0000000 0.0000000 0.0744079 0.1510009 0.0800406 0.0000000 0.0269803 0.0000000
 29 T  29 0.1200603 0.0000000 0.0511262 0.0000000 0.0000000 0.0000000 0.0000000 0.2504837 0.0000000 0.0297105 0.0425018 0.0358451 0.0481420 0.0000000 0.0566001 0.1844886 0.1351721 0.0000000 0.0000000 0.0458695
 30 T  30 0.0000000 0.0000000 0.0342297 0.1512192 0.0000000 0.0000000 0.0621270 0.0000000 0.0299218 0.0000000 0.0384779 0.0392845 0.0000000 0.0000000 0.0000000 0.1709907 0.4737493 0.0000000 0.0000000 0.0000000
 31 E  31 0.0298183 0.0392845 0.0726131 0.1694281 0.0000000 0.0384779 0.4217508 0.0000000 0.0000000 0.0000000 0.0000000 0.0765255 0.0000000 0.0438331 0.0358451 0.0000000 0.0299218 0.0000000 0.0425018 0.0000000
 32 S  32 0.0895133 0.0000000 0.0708133 0.0299218 0.0000000 0.0000000 0.0000000 0.0392845 0.0000000 0.0298183 0.0000000 0.0000000 0.0000000 0.0000000 0.0800481 0.5063622 0.0809797 0.0000000 0.0358451 0.0374137
 33 K  33 0.0368404 0.0690471 0.0163632 0.0445991 0.0000000 0.0000000 0.0399711 0.0000000 0.0304896 0.0000000 0.0432446 0.6813774 0.0000000 0.0000000 0.0000000 0.0000000 0.0380676 0.0000000 0.0000000 0.0000000
 34 W  34 0.0426496 0.0366339 0.0461425 0.0406186 0.0000000 0.0389156 0.0475878 0.0000000 0.0000000 0.0000000 0.0000000 0.0393091 0.0000000 0.0324849 0.0000000 0.0000000 0.0000000 0.6756581 0.0000000 0.0000000
 35 N  35 0.0000000 0.0693904 0.4493436 0.0000000 0.0000000 0.1208305 0.0000000 0.1438633 0.0000000 0.0240282 0.0000000 0.0000000 0.0000000 0.0000000 0.0000000 0.0694754 0.0316444 0.0000000 0.0392587 0.0521656
 36 I  36 0.0228365 0.0697602 0.0781331 0.1248458 0.0000000 0.0000000 0.0690614 0.0000000 0.0000000 0.1589878 0.0297369 0.0318190 0.0000000 0.0000000 0.0000000 0.0509787 0.1659392 0.0000000 0.0000000 0.1979013
 37 N  37 0.0351201 0.0362900 0.1917804 0.0273815 0.0000000 0.0412252 0.0000000 0.1258535 0.0549001 0.0599709 0.0000000 0.0728730 0.0000000 0.0000000 0.0155992 0.1920729 0.0327300 0.0000000 0.0000000 0.1142032
 38 V  38 0.0000000 0.0760272 0.0000000 0.0000000 0.0000000 0.0387145 0.0307366 0.0000000 0.0000000 0.2428515 0.0563586 0.0000000 0.0000000 0.0000000 0.0000000 0.0000000 0.0000000 0.0000000 0.0000000 0.5553116
 39 R  39 0.1433439 0.3968368 0.1074655 0.0272956 0.0000000 0.0274699 0.0946193 0.0000000 0.0000000 0.0000000 0.0789928 0.0631905 0.0000000 0.0399271 0.0000000 0.0000000 0.0208585 0.0000000 0.0000000 0.0000000
 40 Q  40 0.0411933 0.0766739 0.0641831 0.0000000 0.0242998 0.3899988 0.0000000 0.0791008 0.0000000 0.0000000 0.0637742 0.0000000 0.0000000 0.0681034 0.0643853 0.0266741 0.1016133 0.0000000 0.0000000 0.0000000
 41 L  41 0.0000000 0.0000000 0.0000000 0.0000000 0.0000000 0.0000000 0.0000000 0.0000000 0.0280225 0.0491045 0.5422267 0.0000000 0.1801501 0.0253554 0.0399422 0.0411933 0.0000000 0.0000000 0.0000000 0.0940053
 42 I  42 0.0000000 0.0000000 0.0000000 0.0000000 0.0000000 0.0000000 0.0000000 0.0000000 0.0000000 0.3068427 0.2630480 0.0000000 0.0000000 0.1096567 0.0376822 0.0000000 0.0000000 0.0000000 0.0000000 0.2827704
 43 S  43 0.1677954 0.1134816 0.0836848 0.0000000 0.0000000 0.0000000 0.0000000 0.0327055 0.0000000 0.0674346 0.0987200 0.0439254 0.0000000 0.0275158 0.0000000 0.1782023 0.1865346 0.0000000 0.0000000 0.0000000
 44 G  44 0.0716803 0.0878789 0.0000000 0.0000000 0.0355766 0.0564759 0.0000000 0.5343255 0.0389902 0.0477814 0.0256633 0.0000000 0.0000000 0.0000000 0.0000000 0.0000000 0.1016280 0.0000000 0.0000000 0.0000000
 45 E  45 0.0898873 0.0000000 0.0849783 0.1081013 0.0000000 0.0397140 0.2422050 0.0000000 0.0747503 0.0553997 0.0000000 0.0000000 0.0000000 0.0369967 0.0172816 0.0717699 0.0316384 0.0000000 0.0589731 0.0883043
 46 N  46 0.0777497 0.0614292 0.4441114 0.0349218 0.0000000 0.0797830 0.0580109 0.0123658 0.0289815 0.0000000 0.0424555 0.0000000 0.0000000 0.0000000 0.0273422 0.1328489 0.0000000 0.0000000 0.0000000 0.0000000
 47 A  47 0.2513604 0.0645818 0.0000000 0.0892577 0.0000000 0.0914589 0.0559002 0.2153671 0.0000000 0.0000000 0.0397952 0.0281597 0.0000000 0.0000000 0.1641191 0.0000000 0.0000000 0.0000000 0.0000000 0.0000000
 48 V  48 0.2408928 0.0000000 0.0000000 0.0000000 0.0620278 0.0000000 0.0000000 0.0000000 0.0303055 0.0850464 0.1033018 0.0000000 0.0795831 0.0398265 0.1102926 0.0000000 0.0000000 0.0000000 0.0483787 0.2003449
 49 D  49 0.0000000 0.0307323 0.1095744 0.7692745 0.0000000 0.0425228 0.0000000 0.0152495 0.0000000 0.0000000 0.0000000 0.0000000 0.0000000 0.0326464 0.0000000 0.0000000 0.0000000 0.0000000 0.0000000 0.0000000
 50 I  50 0.0000000 0.0000000 0.0000000 0.0000000 0.0331711 0.0000000 0.0000000 0.0000000 0.0000000 0.3975923 0.0341146 0.0000000 0.0000000 0.0282880 0.0000000 0.0000000 0.0000000 0.0000000 0.0376822 0.4691519
 51 L  51 0.0266645 0.0000000 0.0000000 0.0000000 0.0239208 0.0000000 0.0000000 0.0000000 0.0000000 0.1403596 0.4202259 0.0000000 0.0531811 0.0250282 0.0000000 0.0000000 0.0000000 0.0000000 0.0000000 0.3106199
 52 A  52 0.4234415 0.0000000 0.0000000 0.0000000 0.1035771 0.0000000 0.0000000 0.0000000 0.0000000 0.0000000 0.1093387 0.0000000 0.2718617 0.0652132 0.0000000 0.0000000 0.0265678 0.0000000 0.0000000 0.0000000
 53 V  53 0.0000000 0.0000000 0.0000000 0.0000000 0.0000000 0.0000000 0.0000000 0.0000000 0.0000000 0.3971927 0.3325898 0.0000000 0.0000000 0.0376822 0.0000000 0.0000000 0.0000000 0.0000000 0.0000000 0.2325353
 54 Q  54 0.0000000 0.0000000 0.0000000 0.0000000 0.0000000 1.0000000 0.0000000 0.0000000 0.0000000 0.0000000 0.0000000 0.0000000 0.0000000 0.0000000 0.0000000 0.0000000 0.0000000 0.0000000 0.0000000 0.0000000
 55 E  55 0.0000000 0.0000000 0.0000000 0.0000000 0.0000000 0.0000000 1.0000000 0.0000000 0.0000000 0.0000000 0.0000000 0.0000000 0.0000000 0.0000000 0.0000000 0.0000000 0.0000000 0.0000000 0.0000000 0.0000000
 56 A  56 0.6085123 0.0000000 0.0000000 0.0000000 0.1295179 0.0000000 0.0000000 0.0000000 0.0000000 0.0487170 0.0000000 0.0000000 0.0000000 0.0000000 0.0000000 0.0498447 0.0814611 0.0000000 0.0000000 0.0819469
 57 G  57 0.0000000 0.0487170 0.0000000 0.0389375 0.0707866 0.0000000 0.0053478 0.8362112 0.0000000 0.0000000 0.0000000 0.0000000 0.0000000 0.0000000 0.0000000 0.0000000 0.0000000 0.0000000 0.0000000 0.0000000
 58 S  58 0.3220369 0.0100081 0.0561311 0.0487170 0.0000000 0.0285666 0.0000000 0.0720409 0.0000000 0.0000000 0.0000000 0.0691119 0.0000000 0.0000000 0.0000000 0.2196352 0.0704580 0.0000000 0.0000000 0.1032943
 59 P  59 0.1390793 0.0558906 0.0000000 0.0000000 0.0000000 0.0000000 0.0000000 0.0000000 0.0000000 0.0669036 0.3887954 0.0000000 0.0000000 0.0357660 0.0547794 0.0480358 0.0361277 0.0298558 0.0383930 0.1063734
 60 P  60 0.0872336 0.0000000 0.0424080 0.0774054 0.0000000 0.0000000 0.0000000 0.0000000 0.0361277 0.0357660 0.0000000 0.0000000 0.0000000 0.0000000 0.6508307 0.0000000 0.0702286 0.0000000 0.0000000 0.0000000
 61 S  61 0.1306073 0.0250328 0.0957134 0.0506861 0.0000000 0.0557014 0.0000000 0.0872336 0.0114019 0.0000000 0.0450449 0.0000000 0.0000000 0.0000000 0.0796951 0.2285130 0.1142935 0.0000000 0.0424080 0.0336690
 62 T  62 0.1024108 0.0383930 0.0000000 0.0357660 0.0000000 0.0000000 0.0996965 0.0300907 0.0000000 0.0000000 0.0000000 0.0000000 0.0000000 0.0000000 0.0000000 0.4142836 0.2793595 0.0000000 0.0000000 0.0000000
 63 A  63 0.5705021 0.0000000 0.0292620 0.0000000 0.0425318 0.0000000 0.0309589 0.0412401 0.0381183 0.0234214 0.0000000 0.0000000 0.0000000 0.0000000 0.0273914 0.1674979 0.0000000 0.0000000 0.0000000 0.0290763
 64 V  64 0.0668978 0.1153136 0.0093154 0.0000000 0.0000000 0.0615841 0.0196604 0.0000000 0.0000000 0.1188402 0.1885494 0.0000000 0.0277437 0.0000000 0.0000000 0.0000000 0.0680872 0.0000000 0.0000000 0.3240081
 65 D  65 0.0098143 0.1066972 0.0864923 0.1465590 0.0000000 0.0373722 0.0508325 0.0000000 0.0589440 0.0000000 0.0740499 0.0000000 0.0645439 0.0291154 0.2445219 0.0382257 0.0234873 0.0000000 0.0000000 0.0293444
 66 T  66 0.0701669 0.0463443 0.0000000 0.0378987 0.0000000 0.0317979 0.0674230 0.0449367 0.0000000 0.0885426 0.0415351 0.0000000 0.0462366 0.0000000 0.0000000 0.0816486 0.4136230 0.0000000 0.0000000 0.0298467
 67 G  67 0.1849995 0.0162924 0.0426516 0.0000000 0.0274685 0.0438622 0.0592674 0.3887755 0.0000000 0.0000000 0.0382257 0.0000000 0.0000000 0.0000000 0.1066022 0.0463591 0.0222818 0.0000000 0.0000000 0.0232141
 68 R  68 0.0416150 0.4156752 0.0557580 0.0570888 0.0000000 0.0203976 0.0000000 0.0000000 0.0000000 0.0000000 0.0471375 0.0429185 0.0000000 0.0568365 0.0000000 0.1588905 0.0783652 0.0000000 0.0000000 0.0253175
 69 V  69 0.0000000 0.0640085 0.0000000 0.0000000 0.0000000 0.0524889 0.0210333 0.0000000 0.0575671 0.1611480 0.1760838 0.0000000 0.0922863 0.0000000 0.0244506 0.0122615 0.0475039 0.0000000 0.0000000 0.2911679
 70 I  70 0.0381204 0.0654888 0.0000000 0.0222205 0.0000000 0.0638181 0.0000000 0.0929690 0.0000000 0.2560615 0.0289347 0.0000000 0.0000000 0.0550124 0.0000000 0.0273929 0.1053876 0.0000000 0.0425342 0.2020600
 71 P  71 0.0898609 0.0188702 0.0460285 0.0353157 0.0000000 0.2286737 0.0856117 0.0500194 0.0156861 0.0000000 0.1160325 0.0000000 0.0000000 0.0000000 0.1812174 0.0782789 0.0252201 0.0000000 0.0000000 0.0291848
 72 S  72 0.1384292 0.0323497 0.0850615 0.0258817 0.0000000 0.0207975 0.0000000 0.2843964 0.0160318 0.0000000 0.0401876 0.0000000 0.0000000 0.0000000 0.1083038 0.1598535 0.0117052 0.0000000 0.0000000 0.0770022
 73 P  73 0.0215083 0.0000000 0.0434022 0.1352682 0.0000000 0.0271881 0.0395175 0.2030734 0.0626123 0.0000000 0.0000000 0.0000000 0.0000000 0.0085431 0.1796337 0.0000000 0.0782706 0.0630641 0.0000000 0.1379184
 74 G  74 0.0774706 0.0274849 0.0545607 0.0796279 0.0000000 0.0794727 0.1107786 0.3642347 0.0308375 0.0246568 0.0220592 0.0000000 0.0000000 0.0272504 0.0000000 0.0740058 0.0275601 0.0000000 0.0000000 0.0000000
 75 I  75 0.0306893 0.0326007 0.0000000 0.0273528 0.0000000 0.0000000 0.0000000 0.0000000 0.0000000 0.3470173 0.0988390 0.0000000 0.0000000 0.0764692 0.0000000 0.0271194 0.1168327 0.0357288 0.0682786 0.1390722
 76 P  76 0.0419077 0.0000000 0.1304257 0.0000000 0.0000000 0.0000000 0.0581170 0.1255887 0.0000000 0.0117932 0.0000000 0.0265041 0.0000000 0.0000000 0.3600142 0.1842694 0.0273528 0.0000000 0.0000000 0.0340274
 77 V  77 0.0290182 0.0000000 0.0000000 0.0000000 0.0000000 0.0349952 0.0000000 0.0000000 0.0000000 0.2341323 0.1094351 0.0398657 0.0116115 0.0636197 0.0000000 0.0437846 0.0000000 0.0000000 0.0000000 0.4335375
 78 R  78 0.0728780 0.2075595 0.0585000 0.0865599 0.0000000 0.0881377 0.0923045 0.0000000 0.1127013 0.0000000 0.0274399 0.0218460 0.0000000 0.0000000 0.0000000 0.0000000 0.0556367 0.0000000 0.1323527 0.0440838
 79 E  79 0.0321911 0.0621446 0.0000000 0.0270777 0.0000000 0.0000000 0.6393604 0.0000000 0.1025798 0.0000000 0.0257391 0.0304382 0.0000000 0.0000000 0.0459272 0.0345418 0.0000000 0.0000000 0.0000000 0.0000000
 80 L  80 0.0362380 0.0000000 0.0260402 0.0000000 0.0000000 0.0392058 0.0354939 0.0000000 0.0300064 0.0639441 0.1071123 0.0000000 0.0000000 0.0587397 0.0000000 0.0000000 0.0278186 0.0000000 0.5477995 0.0276014
 81 I  81 0.0000000 0.0204925 0.0000000 0.0000000 0.0000000 0.0279206 0.0932689 0.0000000 0.0000000 0.1837890 0.1671497 0.0352605 0.0097097 0.0000000 0.0000000 0.1117774 0.2026244 0.0000000 0.0000000 0.1480074
 82 W  82 0.0000000 0.0000000 0.0000000 0.0000000 0.0000000 0.0000000 0.0000000 0.1700998 0.0000000 0.0000000 0.0241771 0.0000000 0.0053555 0.0000000 0.0000000 0.0000000 0.0430720 0.6761736 0.0811220 0.0000000
 83 N  83 0.0000000 0.1410689 0.4418142 0.0416616 0.0000000 0.0838659 0.0528369 0.0535461 0.0287643 0.0000000 0.0000000 0.0389941 0.0000000 0.0000000 0.0000000 0.0323341 0.0363260 0.0000000 0.0000000 0.0487879
 84 L  84 0.0733953 0.0000000 0.0000000 0.0000000 0.0000000 0.0262039 0.0000000 0.0341962 0.0000000 0.0670409 0.4374353 0.0000000 0.0053555 0.0000000 0.0398115 0.0000000 0.1459016 0.0000000 0.0000000 0.1706599
 85 S  85 0.0000000 0.1541076 0.0765129 0.1018044 0.0000000 0.0000000 0.0000000 0.5361041 0.0273004 0.0000000 0.0000000 0.0000000 0.0000000 0.0000000 0.0000000 0.0635448 0.0406257 0.0000000 0.0000000 0.0000000
 86 T  86 0.0377533 0.0281321 0.0294345 0.0351840 0.0000000 0.0000000 0.0000000 0.1492822 0.0000000 0.0443162 0.0000000 0.0000000 0.0373753 0.0000000 0.0000000 0.1801745 0.4583478 0.0000000 0.0000000 0.0000000
 87 N  87 0.0666488 0.1431289 0.1407330 0.0000000 0.0000000 0.0000000 0.0576600 0.1477671 0.0576233 0.0234496 0.0274133 0.0000000 0.0000000 0.0000000 0.0000000 0.2417436 0.0435165 0.0000000 0.0112949 0.0390210
 88 S  88 0.0285820 0.1378269 0.0256410 0.0000000 0.0000000 0.0000000 0.0000000 0.0403920 0.0630704 0.0416572 0.0185912 0.0000000 0.0000000 0.0000000 0.0127456 0.4616602 0.1414955 0.0000000 0.0000000 0.0283381
 89 R  89 0.0000000 0.7245638 0.0252938 0.0704928 0.0000000 0.0000000 0.0291688 0.0354189 0.0000000 0.0000000 0.0000000 0.0734860 0.0000000 0.0000000 0.0000000 0.0000000 0.0415760 0.0000000 0.0000000 0.0000000
 90 P  90 0.0237264 0.0000000 0.0000000 0.0000000 0.0407038 0.0506281 0.0776827 0.0785793 0.0000000 0.0000000 0.0811776 0.0000000 0.0000000 0.0000000 0.4971957 0.0000000 0.1048896 0.0000000 0.0454168 0.0000000
 91 Q  91 0.0658583 0.0873639 0.1712330 0.0889954 0.0000000 0.1301218 0.1928716 0.0294090 0.0000000 0.0250100 0.0000000 0.0387655 0.0000000 0.0134353 0.0000000 0.0442216 0.0686773 0.0000000 0.0440374 0.0000000
 92 Q  92 0.0285648 0.0098328 0.1094857 0.0717363 0.0000000 0.0948379 0.0129187 0.0699238 0.0000000 0.0346742 0.1206457 0.0000000 0.1151712 0.0102060 0.0000000 0.1293863 0.0233203 0.0000000 0.0697937 0.0995028
 93 V  93 0.0282183 0.1293264 0.0000000 0.0000000 0.0000000 0.0000000 0.0000000 0.1229564 0.0000000 0.0334371 0.0389424 0.0000000 0.0364131 0.1857304 0.0000000 0.0000000 0.0284611 0.0000000 0.0865650 0.3099498
 94 Y  94 0.0335899 0.0000000 0.0000000 0.0000000 0.0628017 0.0000000 0.0000000 0.0270011 0.0000000 0.0000000 0.0352694 0.0000000 0.0268637 0.1721748 0.0000000 0.0000000 0.0000000 0.0394682 0.5706497 0.0321815
 95 I  95 0.0000000 0.0000000 0.0267707 0.0000000 0.0000000 0.0254826 0.0325070 0.0696478 0.0381579 0.5057600 0.0677626 0.0000000 0.0268637 0.0000000 0.0000000 0.0352694 0.0270011 0.0000000 0.0345452 0.1102320
 96 Y  96 0.0302947 0.0000000 0.0000000 0.0000000 0.0000000 0.0000000 0.0000000 0.0932590 0.0000000 0.0381579 0.0242228 0.0000000 0.0000000 0.0657714 0.0207651 0.0393531 0.0000000 0.0000000 0.6881760 0.0000000
 97 F  97 0.0713480 0.0000000 0.0361178 0.0000000 0.0000000 0.0579842 0.0000000 0.0000000 0.1539792 0.0000000 0.0000000 0.0000000 0.0000000 0.2010399 0.0736043 0.0000000 0.0000000 0.0223279 0.3835986 0.0000000
 98 S  98 0.1603948 0.0000000 0.0000000 0.0000000 0.0000000 0.0274004 0.0569314 0.0905589 0.0000000 0.0000000 0.0917706 0.0290332 0.0291127 0.0376310 0.0000000 0.3156530 0.0000000 0.0410297 0.1204843 0.0000000
 99 A  99 0.0932138 0.3472382 0.1059272 0.0978146 0.0000000 0.0402112 0.0538378 0.1082175 0.0000000 0.0000000 0.0324462 0.0344806 0.0000000 0.0000000 0.0530858 0.0335270 0.0000000 0.0000000 0.0000000 0.0000000
100 V 100 0.2260331 0.0000000 0.0418389 0.0000000 0.0000000 0.0268529 0.0000000 0.0626842 0.0000000 0.1530645 0.0409228 0.0000000 0.0000000 0.0597996 0.0207263 0.0000000 0.0659331 0.0000000 0.0000000 0.3021445
101 D 101 0.0000000 0.0000000 0.1213205 0.6433982 0.0000000 0.0000000 0.0347504 0.0509036 0.0000000 0.0000000 0.0000000 0.0214826 0.0368104 0.0000000 0.0000000 0.0649714 0.0263630 0.0000000 0.0000000 0.0000000
102 A 102 0.3043009 0.0000000 0.0205202 0.0000000 0.0000000 0.0000000 0.0000000 0.0392795 0.0000000 0.0231708 0.0443434 0.0638671 0.0000000 0.0344806 0.0512018 0.0609494 0.0332501 0.0000000 0.0604776 0.2641586
103 L 103 0.0209684 0.0483827 0.0362904 0.0694933 0.0000000 0.0000000 0.0000000 0.4528795 0.0000000 0.0619630 0.1068873 0.0000000 0.0000000 0.0116907 0.0922075 0.0275393 0.0276147 0.0000000 0.0000000 0.0440832
104 G 104 0.4120419 0.0739149 0.1193681 0.0000000 0.0000000 0.0000000 0.0000000 0.3102860 0.0000000 0.0000000 0.0000000 0.0000000 0.0000000 0.0000000 0.0000000 0.0300309 0.0000000 0.0000000 0.0000000 0.0543582
105 G 105 0.0532102 0.1168619 0.4239887 0.0000000 0.0000000 0.0000000 0.0000000 0.1612162 0.0561358 0.0439282 0.0284451 0.0000000 0.0000000 0.0000000 0.0000000 0.0468575 0.0000000 0.0000000 0.0000000 0.0693565
106 R 106 0.0000000 0.8250718 0.0000000 0.0291595 0.0000000 0.0000000 0.0374425 0.0426536 0.0000000 0.0000000 0.0000000 0.0364070 0.0000000 0.0000000 0.0000000 0.0292656 0.0000000 0.0000000 0.0000000 0.0000000
107 V 107 0.0000000 0.0000000 0.0000000 0.0000000 0.1987007 0.0567793 0.0000000 0.0672433 0.0000000 0.0454979 0.0542779 0.0000000 0.0000000 0.0000000 0.0000000 0.0000000 0.0274698 0.0000000 0.1031151 0.4469161
108 N 108 0.0000000 0.0000000 0.6448740 0.0000000 0.0000000 0.0000000 0.0000000 0.1902306 0.0000000 0.0000000 0.0000000 0.0375164 0.0000000 0.0000000 0.0000000 0.0969089 0.0304701 0.0000000 0.0000000 0.0000000
109 L 109 0.0000000 0.0000000 0.0000000 0.0330220 0.0000000 0.0000000 0.0000000 0.0000000 0.0000000 0.1459646 0.4757882 0.0000000 0.0848461 0.0000000 0.0000000 0.0000000 0.1540172 0.0000000 0.0289589 0.0774031
110 A 110 0.7769767 0.0000000 0.0000000 0.0000000 0.0548205 0.0000000 0.0000000 0.0599401 0.0000000 0.0000000 0.0389303 0.0000000 0.0000000 0.0000000 0.0000000 0.0000000 0.0000000 0.0000000 0.0000000 0.0693324
111 L 111 0.0172960 0.0000000 0.0000000 0.0000000 0.0000000 0.0000000 0.0000000 0.0000000 0.0000000 0.6288158 0.1438671 0.0000000 0.0947503 0.0000000 0.0000000 0.0000000 0.0000000 0.0000000 0.0000000 0.1152708
112 V 112 0.0782939 0.0000000 0.0000000 0.0000000 0.0000000 0.0000000 0.0000000 0.0000000 0.0000000 0.1760814 0.2532653 0.0389303 0.0000000 0.0000000 0.0000000 0.0427573 0.0252088 0.0000000 0.0000000 0.3854629
113 S 113 0.0152754 0.0399894 0.0000000 0.0272980 0.0000000 0.0000000 0.0439205 0.0000000 0.0000000 0.0000000 0.0000000 0.0000000 0.0000000 0.0000000 0.0258946 0.5817904 0.2059559 0.0598757 0.0000000 0.0000000
114 N 114 0.0728398 0.5028435 0.1136463 0.0688812 0.0000000 0.0000000 0.0190055 0.0094859 0.0000000 0.0000000 0.0000000 0.0912580 0.0000000 0.0000000 0.0000000 0.0658840 0.0122353 0.0000000 0.0439205 0.0000000
115 R 115 0.0000000 0.2518048 0.0088833 0.0000000 0.0000000 0.1691025 0.0990476 0.0000000 0.0655344 0.0624317 0.0100644 0.0171518 0.0638585 0.0000000 0.0000000 0.0248629 0.0315704 0.0338892 0.0297194 0.1320792
116 R 116 0.0383930 0.3086664 0.0000000 0.0000000 0.0000000 0.1593423 0.0208931 0.0354867 0.0000000 0.0000000 0.0000000 0.1120736 0.0347544 0.0000000 0.1314299 0.0000000 0.0594091 0.0000000 0.0434880 0.0560635
117 A 117 0.5533148 0.0000000 0.0000000 0.0000000 0.0000000 0.0000000 0.0000000 0.0280656 0.0000000 0.0000000 0.0953777 0.0518756 0.0000000 0.0000000 0.1691029 0.0000000 0.0000000 0.0000000 0.0000000 0.1022633
118 D 118 0.0000000 0.0516861 0.0183247 0.5481791 0.0000000 0.0000000 0.0764889 0.0000000 0.0000000 0.0329104 0.0808408 0.0000000 0.0000000 0.0373860 0.0203451 0.0762596 0.0237328 0.0000000 0.0338464 0.0000000
119 E 119 0.0265273 0.0446838 0.1530928 0.0481906 0.0000000 0.0212325 0.3638136 0.0263203 0.0000000 0.0000000 0.0262292 0.0329104 0.0000000 0.0000000 0.0373860 0.1677379 0.0518756 0.0000000 0.0000000 0.0000000
120 V 120 0.0153813 0.0660865 0.0262292 0.0000000 0.0237328 0.0000000 0.0000000 0.0000000 0.0000000 0.1941037 0.0263590 0.0329104 0.0000000 0.0280656 0.0000000 0.0423473 0.0000000 0.0000000 0.0171301 0.5276540
121 F 121 0.0000000 0.0615313 0.0345560 0.0704130 0.0000000 0.0171301 0.0329104 0.0373860 0.0000000 0.1837860 0.0310461 0.0650120 0.0000000 0.2675176 0.0000000 0.0381173 0.0203451 0.0000000 0.1087187 0.0315306
122 V 122 0.0975429 0.0258105 0.0000000 0.0000000 0.0000000 0.0000000 0.0000000 0.0000000 0.0000000 0.2061093 0.0632207 0.0000000 0.0000000 0.0716300 0.0000000 0.0584556 0.0000000 0.0000000 0.0365624 0.4406687
123 L 123 0.0255903 0.0081324 0.0000000 0.0000000 0.0000000 0.0000000 0.0000000 0.0000000 0.0000000 0.2126613 0.3299994 0.0273820 0.0257169 0.0413158 0.0000000 0.0000000 0.0716300 0.0758938 0.0000000 0.1816780
124 S 124 0.0340122 0.0685743 0.0000000 0.0000000 0.0000000 0.0000000 0.0242267 0.0000000 0.0648347 0.0000000 0.0000000 0.0000000 0.0000000 0.0000000 0.6147829 0.1191538 0.0355238 0.0000000 0.0388917 0.0000000
125 P 125 0.0561766 0.0000000 0.0000000 0.0000000 0.0000000 0.0364765 0.0307625 0.0000000 0.0243589 0.0255903 0.0649998 0.0000000 0.0000000 0.0000000 0.5830582 0.1372613 0.0000000 0.0000000 0.0413158 0.0000000
126 V 126 0.0772274 0.0000000 0.0000000 0.0487208 0.0000000 0.0273820 0.0115097 0.1698085 0.0255903 0.0340122 0.0242267 0.0000000 0.0623170 0.0257169 0.2116711 0.0904898 0.1000738 0.0000000 0.0000000 0.0912538
127 R 127 0.0600356 0.1050353 0.0364753 0.0808383 0.0000000 0.0000000 0.0221906 0.0632970 0.0000000 0.0373908 0.0000000 0.0167129 0.0000000 0.0000000 0.0337142 0.0423886 0.2518502 0.0207153 0.0774808 0.1518751
128 Q 128 0.1459949 0.0513961 0.0000000 0.1042500 0.0000000 0.0471160 0.1394283 0.1430036 0.0000000 0.0293976 0.0143695 0.0413158 0.0000000 0.0000000 0.0231547 0.0553740 0.0876348 0.0000000 0.0000000 0.1175646
129 G 129 0.1836691 0.0515981 0.0340122 0.0000000 0.0000000 0.0000000 0.1452719 0.1946251 0.0000000 0.0000000 0.0098068 0.0000000 0.0256791 0.0413158 0.0000000 0.0377279 0.1147231 0.0000000 0.0000000 0.1615709
130 G 130 0.0981045 0.0607020 0.0793812 0.0204743 0.0198495 0.0289589 0.0000000 0.1724777 0.0337142 0.0000000 0.0307625 0.0321087 0.0000000 0.0000000 0.1130318 0.2872800 0.0000000 0.0231547 0.0000000 0.0000000
131 R 131 0.0000000 0.9662858 0.0000000 0.0000000 0.0000000 0.0000000 0.0000000 0.0000000 0.0000000 0.0000000 0.0000000 0.0000000 0.0000000 0.0000000 0.0000000 0.0337142 0.0000000 0.0000000 0.0000000 0.0000000
132 P 132 0.0000000 0.0000000 0.0000000 0.0000000 0.0000000 0.0330220 0.0000000 0.1042409 0.0000000 0.0000000 0.0000000 0.0000000 0.0376178 0.0000000 0.6561992 0.1263968 0.0167129 0.0000000 0.0000000 0.0258105
133 L 133 0.1182560 0.0000000 0.0000000 0.0000000 0.0000000 0.0000000 0.0000000 0.0000000 0.0000000 0.3435670 0.1415221 0.0000000 0.0732631 0.0167129 0.0000000 0.0979595 0.0623170 0.0000000 0.0000000 0.1464025
134 L 134 0.0328084 0.0000000 0.0000000 0.0000000 0.0000000 0.0000000 0.0000000 0.0000000 0.0000000 0.3800758 0.4543205 0.0000000 0.0064677 0.0257138 0.0000000 0.0410486 0.0000000 0.0000000 0.0000000 0.0595653
135 G 135 0.0000000 0.0000000 0.0000000 0.0000000 0.1351699 0.0000000 0.0373745 0.6297358 0.0000000 0.0000000 0.0319011 0.0000000 0.0256436 0.0000000 0.0000000 0.0197211 0.0000000 0.0362394 0.0514063 0.0328084
136 I 136 0.1194413 0.0000000 0.0000000 0.0000000 0.0000000 0.0000000 0.0000000 0.0000000 0.0000000 0.5039505 0.0675426 0.0410486 0.0000000 0.0000000 0.0000000 0.0000000 0.0514063 0.0000000 0.0000000 0.2166107
137 R 137 0.0287716 0.5075581 0.0254248 0.0000000 0.0000000 0.0938041 0.0919121 0.0588378 0.0114352 0.0000000 0.0000000 0.0679381 0.0000000 0.0000000 0.0000000 0.0308726 0.0604408 0.0000000 0.0000000 0.0230049
138 I 138 0.0300032 0.0205653 0.0086402 0.0000000 0.0000000 0.0000000 0.0000000 0.0000000 0.0000000 0.4427963 0.1423497 0.0000000 0.0000000 0.0925301 0.0000000 0.0000000 0.0674794 0.0000000 0.0721981 0.1234379
139 G 139 0.0671120 0.0711919 0.0827566 0.0767412 0.0079186 0.0652500 0.0921512 0.4009105 0.0287716 0.0000000 0.0000000 0.0197211 0.0000000 0.0000000 0.0539793 0.0334962 0.0000000 0.0000000 0.0000000 0.0000000
140 N 140 0.0000000 0.0242014 0.4451710 0.1773579 0.0000000 0.0000000 0.0000000 0.1631329 0.0000000 0.0255130 0.0000000 0.0373745 0.0000000 0.0000000 0.0000000 0.0527628 0.0744864 0.0000000 0.0000000 0.0000000
141 D 141 0.0593428 0.0000000 0.0497837 0.4004792 0.0000000 0.0000000 0.0000000 0.0570098 0.0000000 0.0230049 0.0593351 0.0000000 0.0272049 0.0981442 0.0617525 0.0000000 0.0000000 0.0334962 0.0995741 0.0308726
142 A 142 0.1603133 0.0671120 0.0451459 0.0000000 0.0000000 0.0000000 0.0305635 0.0255130 0.0000000 0.0497837 0.0242014 0.0000000 0.0000000 0.0230049 0.0000000 0.0745447 0.1005136 0.0256436 0.0824953 0.2911650
143 F 143 0.0000000 0.0000000 0.0000000 0.0000000 0.0000000 0.0000000 0.0000000 0.0000000 0.0000000 0.1513337 0.0860403 0.0000000 0.0328084 0.4958401 0.0000000 0.0000000 0.0000000 0.0000000 0.1369588 0.0970187
144 F 144 0.0197211 0.0000000 0.0000000 0.0000000 0.1914911 0.0000000 0.0000000 0.0864492 0.0000000 0.0410486 0.0391167 0.0000000 0.0000000 0.5455217 0.0000000 0.0000000 0.0000000 0.0257138 0.0509378 0.0000000
145 T 145 0.0373745 0.0000000 0.2439735 0.0000000 0.0681405 0.0000000 0.0000000 0.0205814 0.0000000 0.0000000 0.0000000 0.0000000 0.0000000 0.0000000 0.0000000 0.2750100 0.3292765 0.0000000 0.0000000 0.0256436
146 A 146 0.1537711 0.0000000 0.0000000 0.0000000 0.0000000 0.0000000 0.0000000 0.0000000 0.0305635 0.3254469 0.1289426 0.0000000 0.0000000 0.0583214 0.0000000 0.0000000 0.1768042 0.0000000 0.0197211 0.1064291
147 H 147 0.0000000 0.0000000 0.0000000 0.0000000 0.0000000 0.0000000 0.0000000 0.0000000 1.0000000 0.0000000 0.0000000 0.0000000 0.0000000 0.0000000 0.0000000 0.0000000 0.0000000 0.0000000 0.0000000 0.0000000
148 A 148 0.7918564 0.0000000 0.0000000 0.0000000 0.0295240 0.0000000 0.0000000 0.0000000 0.0000000 0.0388968 0.0358503 0.0000000 0.0434005 0.0000000 0.0000000 0.0508732 0.0095987 0.0000000 0.0000000 0.0000000
149 I 149 0.0610701 0.0214697 0.0681598 0.0000000 0.0000000 0.0000000 0.0744090 0.0232695 0.0000000 0.0736870 0.4535593 0.0433244 0.0000000 0.0000000 0.0705066 0.0513318 0.0000000 0.0592128 0.0000000 0.0000000
150 A 150 0.4842599 0.0000000 0.0000000 0.0169388 0.0000000 0.0000000 0.0000000 0.0000000 0.0000000 0.0000000 0.0000000 0.0000000 0.0000000 0.0000000 0.1747075 0.2632497 0.0293504 0.0000000 0.0000000 0.0314937
151 M 151 0.0203419 0.0491418 0.1787363 0.0748408 0.0000000 0.0000000 0.0000000 0.2261215 0.0220471 0.0000000 0.0575446 0.0000000 0.0704733 0.0000000 0.1234552 0.1406594 0.0366381 0.0000000 0.0000000 0.0000000
152 R 152 0.0000000 0.1533660 0.1148457 0.0495097 0.0000000 0.0000000 0.0668018 0.4430403 0.0000000 0.0000000 0.0000000 0.0000000 0.0000000 0.0205653 0.0229909 0.0265131 0.1023673 0.0000000 0.0000000 0.0000000
153 N 153 0.0640660 0.1256265 0.1281792 0.0000000 0.0000000 0.0000000 0.0349300 0.5192094 0.0823039 0.0000000 0.0000000 0.0000000 0.0000000 0.0000000 0.0000000 0.0456850 0.0000000 0.0000000 0.0000000 0.0000000
154 N 154 0.0517834 0.0612395 0.3236235 0.0334586 0.0000000 0.0000000 0.0837377 0.0999414 0.0000000 0.0093204 0.0355565 0.0405051 0.0000000 0.0000000 0.1160199 0.0161584 0.0702162 0.0000000 0.0000000 0.0584396
155 D 155 0.0000000 0.0685989 0.0271897 0.6592356 0.0000000 0.0000000 0.1947078 0.0000000 0.0000000 0.0000000 0.0176960 0.0000000 0.0000000 0.0325721 0.0000000 0.0000000 0.0000000 0.0000000 0.0000000 0.0000000
156 A 156 0.6790895 0.0356670 0.0000000 0.0000000 0.0000000 0.0000000 0.0000000 0.0453414 0.0000000 0.0000000 0.0321681 0.0000000 0.0000000 0.0000000 0.0000000 0.1610199 0.0000000 0.0000000 0.0000000 0.0467141
157 P 157 0.1925263 0.0000000 0.0286708 0.0000000 0.0000000 0.0257207 0.0000000 0.1454619 0.0345172 0.0000000 0.0534124 0.0000000 0.0356670 0.0000000 0.2809092 0.0904306 0.0501199 0.0000000 0.0000000 0.0625641
158 A 158 0.5156900 0.0503985 0.0000000 0.0000000 0.0000000 0.0689827 0.0373204 0.0256314 0.0320564 0.0000000 0.0466087 0.0416416 0.0000000 0.0000000 0.0343973 0.1169623 0.0303109 0.0000000 0.0000000 0.0000000
159 L 159 0.1004589 0.0000000 0.0000000 0.0000000 0.0000000 0.0358720 0.0439601 0.0000000 0.0000000 0.3106328 0.2228846 0.0000000 0.0661325 0.0000000 0.0308123 0.0616262 0.0330624 0.0000000 0.0602690 0.0342893
160 V 160 0.0000000 0.0000000 0.0000000 0.0287716 0.0000000 0.0000000 0.0000000 0.0328084 0.0000000 0.2999789 0.0485180 0.0000000 0.0272049 0.0137126 0.0000000 0.0000000 0.0000000 0.0550740 0.0000000 0.4939318
161 E 161 0.0288473 0.1726765 0.2548333 0.0908935 0.0000000 0.0541435 0.1390495 0.0254248 0.0281151 0.0000000 0.0000000 0.0000000 0.0000000 0.0000000 0.0000000 0.0670364 0.1027407 0.0000000 0.0362394 0.0000000
162 E 162 0.2103508 0.0320166 0.1100977 0.0254248 0.0000000 0.0535685 0.1010959 0.0334962 0.0000000 0.0593428 0.0999121 0.0000000 0.0497135 0.0619140 0.0000000 0.0698182 0.0000000 0.0000000 0.0308726 0.0623764
163 V 163 0.0000000 0.0320713 0.0000000 0.0000000 0.0000000 0.0000000 0.0000000 0.0000000 0.0000000 0.3880436 0.1084747 0.0000000 0.0267121 0.0298886 0.0000000 0.0000000 0.1047854 0.0000000 0.0000000 0.3100242
164 Y 164 0.0505373 0.1466882 0.1735748 0.2351873 0.0000000 0.0265426 0.0250045 0.0000000 0.1079512 0.0168688 0.0340822 0.0000000 0.0000000 0.0634450 0.0000000 0.0000000 0.0000000 0.0213804 0.0722341 0.0265036
165 N 165 0.1575678 0.0103973 0.2372586 0.2848213 0.0000000 0.0350101 0.0922417 0.0000000 0.0000000 0.0000000 0.0086221 0.0000000 0.0505054 0.0000000 0.0000000 0.0615383 0.0409931 0.0000000 0.0210446 0.0000000
166 F 166 0.0350101 0.0117982 0.0466292 0.0000000 0.0000000 0.0329444 0.0000000 0.0307024 0.0887395 0.0290306 0.1546480 0.0000000 0.0210446 0.2575694 0.0000000 0.0122026 0.0426279 0.0000000 0.1606354 0.0764179
167 F 167 0.1168726 0.0000000 0.0000000 0.0000000 0.0000000 0.0316441 0.0000000 0.0299210 0.0000000 0.0000000 0.0506974 0.0216901 0.1874269 0.3556252 0.0000000 0.0336150 0.0360840 0.0000000 0.0451469 0.0912767
168 R 168 0.2269054 0.2252215 0.0645865 0.0524307 0.0000000 0.0180701 0.0299210 0.0630414 0.0279632 0.0432935 0.0316441 0.0182626 0.0367254 0.0000000 0.0000000 0.0367435 0.0937502 0.0000000 0.0000000 0.0314408
169 D 169 0.0364580 0.0128553 0.2677088 0.0661789 0.0000000 0.1252913 0.0000000 0.0982611 0.0817382 0.0387440 0.0000000 0.0642598 0.0399058 0.0000000 0.0000000 0.1208045 0.0477942 0.0000000 0.0000000 0.0000000
170 S 170 0.1651934 0.0000000 0.2187791 0.0336607 0.0391516 0.0845645 0.0982892 0.0000000 0.0000000 0.0351231 0.0572464 0.0209359 0.0000000 0.0325652 0.0000000 0.1412875 0.0732033 0.0000000 0.0000000 0.0000000
171 R 171 0.0000000 0.0616993 0.1043445 0.0520297 0.0000000 0.0453275 0.0000000 0.1537791 0.0129699 0.0562908 0.0446910 0.0000000 0.0000000 0.0000000 0.0000000 0.1356421 0.0482552 0.0000000 0.0000000 0.2849709
172 D 172 0.1079561 0.0642857 0.0285731 0.1062431 0.0106532 0.0958530 0.0000000 0.0000000 0.0000000 0.1618184 0.0354649 0.1280810 0.0000000 0.0000000 0.0000000 0.0648816 0.0347130 0.0000000 0.0491644 0.1123124
173 P 173 0.2889018 0.0000000 0.0511155 0.0481186 0.0000000 0.0139647 0.0000000 0.0110759 0.0000000 0.0000000 0.0143830 0.0000000 0.0000000 0.0000000 0.4569625 0.0000000 0.0000000 0.0000000 0.0000000 0.1154780
174 V 174 0.0935777 0.0000000 0.0336040 0.0106844 0.0000000 0.0686579 0.0246300 0.0598661 0.0000000 0.0563538 0.0226526 0.2327409 0.0142069 0.0000000 0.0000000 0.0000000 0.1228801 0.0421465 0.0397626 0.1782363
175 H 175 0.0915609 0.2505459 0.0130281 0.0000000 0.0000000 0.0621839 0.0000000 0.0623501 0.1095632 0.0000000 0.0272354 0.0566182 0.1498001 0.0000000 0.0000000 0.0000000 0.0000000 0.0000000 0.1335286 0.0435857
176 Q 176 0.0105984 0.0809067 0.0000000 0.0000000 0.0000000 0.0841660 0.0000000 0.0317453 0.0000000 0.0430352 0.0000000 0.0000000 0.0000000 0.0000000 0.4960024 0.1241279 0.0418450 0.0000000 0.0538440 0.0337291
177 A 177 0.1784759 0.0000000 0.1389590 0.1164122 0.0000000 0.0690541 0.0946839 0.1291508 0.0987882 0.0000000 0.0097502 0.0105893 0.0000000 0.0000000 0.0000000 0.0766558 0.0314608 0.0000000 0.0000000 0.0460198
178 L 178 0.1857707 0.0840300 0.0297995 0.0253421 0.0000000 0.0000000 0.0505437 0.0000000 0.0416088 0.1611450 0.1235118 0.0392802 0.0000000 0.0241366 0.0000000 0.0000000 0.0493272 0.0000000 0.1006988 0.0848057
179 N 179 0.0000000 0.0723729 0.2601195 0.0498088 0.0000000 0.0249736 0.0000000 0.0439733 0.0000000 0.0000000 0.0000000 0.0000000 0.0000000 0.0000000 0.2057473 0.1358379 0.2071668 0.0000000 0.0000000 0.0000000
180 W 180 0.0686556 0.0000000 0.0000000 0.0000000 0.0000000 0.0000000 0.0000000 0.0000000 0.0000000 0.0255159 0.0394046 0.0000000 0.0000000 0.1949653 0.0000000 0.0325495 0.0303344 0.5749408 0.0000000 0.0336338
181 M 181 0.0589196 0.0238983 0.0000000 0.0000000 0.0000000 0.0000000 0.0000000 0.0000000 0.0000000 0.1366160 0.1308168 0.0000000 0.2447993 0.1265046 0.0000000 0.0000000 0.0000000 0.0000000 0.0000000 0.2784454
182 I 182 0.0479956 0.0000000 0.0000000 0.0000000 0.0000000 0.0000000 0.0000000 0.0000000 0.0000000 0.4470662 0.2028566 0.0000000 0.0588823 0.0306525 0.0000000 0.0000000 0.0000000 0.0000000 0.0589120 0.1536348
183 L 183 0.3012875 0.0000000 0.0000000 0.0000000 0.0000000 0.0000000 0.0000000 0.2119449 0.0000000 0.0706592 0.1244392 0.0000000 0.1594598 0.0195805 0.0000000 0.0000000 0.0751121 0.0000000 0.0000000 0.0375167
184 G 184 0.0000000 0.0000000 0.0000000 0.0000000 0.0000000 0.0000000 0.0054159 0.9945841 0.0000000 0.0000000 0.0000000 0.0000000 0.0000000 0.0000000 0.0000000 0.0000000 0.0000000 0.0000000 0.0000000 0.0000000
185 D 185 0.0000000 0.0000000 0.0000000 1.0000000 0.0000000 0.0000000 0.0000000 0.0000000 0.0000000 0.0000000 0.0000000 0.0000000 0.0000000 0.0000000 0.0000000 0.0000000 0.0000000 0.0000000 0.0000000 0.0000000
186 F 186 0.0000000 0.0000000 0.0000000 0.0000000 0.0000000 0.0000000 0.0000000 0.0000000 0.0000000 0.0359810 0.0973480 0.0000000 0.0252435 0.7530777 0.0000000 0.0000000 0.0000000 0.0259264 0.0624235 0.0000000
187 N 187 0.0000000 0.0000000 1.0000000 0.0000000 0.0000000 0.0000000 0.0000000 0.0000000 0.0000000 0.0000000 0.0000000 0.0000000 0.0000000 0.0000000 0.0000000 0.0000000 0.0000000 0.0000000 0.0000000 0.0000000
188 R 188 0.0736491 0.5151843 0.0000000 0.0377329 0.0583224 0.0726523 0.0331230 0.0000000 0.0000000 0.0365869 0.0570581 0.0000000 0.0167640 0.0199102 0.0000000 0.0499693 0.0000000 0.0000000 0.0000000 0.0290475
189 E 189 0.1453470 0.0000000 0.0734094 0.1759220 0.0000000 0.0281930 0.1937327 0.0000000 0.0000000 0.0690196 0.0238405 0.0000000 0.0000000 0.0000000 0.0095642 0.2040796 0.0768919 0.0000000 0.0000000 0.0000000
