  262         A         R         N         D         C         Q         E         G         H         I         L         K         M         F         P         S         T         W         Y         V         X    
  1 M   1 0.0000000 0.0000000 0.0000000 0.0000000 0.0000000 0.0000000 0.0000000 0.0000000 0.0000000 0.0275890 0.0000000 0.0000000 0.0168229 0.0000000 0.0000000 0.0000000 0.0000000 0.0000000 0.0000000 0.0000000 0.9555881
  2 A   2 0.0168229 0.0000000 0.0000000 0.0000000 0.0000000 0.0000000 0.0000000 0.0000000 0.0000000 0.0000000 0.0000000 0.0000000 0.0000000 0.0000000 0.0000000 0.0275890 0.0000000 0.0000000 0.0000000 0.0000000 0.9555881
  3 H   3 0.0000000 0.0000000 0.0000000 0.0000000 0.0000000 0.0000000 0.0000000 0.0000000 0.0168229 0.0000000 0.0000000 0.0000000 0.0000000 0.0000000 0.0000000 0.0000000 0.0000000 0.0000000 0.0275890 0.0000000 0.9555881
  4 H   4 0.0000000 0.0000000 0.0000000 0.0000000 0.0000000 0.0000000 0.0000000 0.0000000 0.0168229 0.0000000 0.0000000 0.0000000 0.0000000 0.0000000 0.0000000 0.0275890 0.0000000 0.0000000 0.0000000 0.0000000 0.9555881
  5 H   5 0.0000000 0.0000000 0.0000000 0.0000000 0.0000000 0.0275890 0.0000000 0.0000000 0.0168229 0.0000000 0.0000000 0.0000000 0.0000000 0.0000000 0.0000000 0.0000000 0.0000000 0.0000000 0.0000000 0.0000000 0.9555881
  6 H   6 0.0279523 0.0000000 0.0000000 0.0000000 0.0000000 0.0000000 0.0000000 0.0000000 0.0168229 0.0000000 0.0000000 0.0000000 0.0000000 0.0000000 0.0000000 0.0612194 0.0000000 0.0000000 0.0000000 0.0000000 0.8940054
  7 H   7 0.0000000 0.0000000 0.0000000 0.0000000 0.0000000 0.0000000 0.0000000 0.0000000 0.0723643 0.0000000 0.0000000 0.0000000 0.0000000 0.0336303 0.0000000 0.0000000 0.0000000 0.0000000 0.0000000 0.0000000 0.8940054
  8 H   8 0.0000000 0.0279523 0.0457195 0.0000000 0.0000000 0.0000000 0.0000000 0.0000000 0.0168229 0.0000000 0.0000000 0.0000000 0.0000000 0.0655112 0.0000000 0.0128590 0.0000000 0.0000000 0.0207714 0.0000000 0.8103638
  9 V   9 0.2238787 0.0000000 0.0000000 0.0000000 0.0000000 0.0000000 0.0000000 0.0000000 0.0275890 0.0000000 0.0080489 0.0000000 0.0000000 0.0000000 0.0000000 0.0356198 0.0000000 0.0000000 0.0000000 0.0291480 0.6757156
 10 G  10 0.0000000 0.0392789 0.0796230 0.0195762 0.0305314 0.0207714 0.0171120 0.0168229 0.0336643 0.0000000 0.0209197 0.0000000 0.0000000 0.0359242 0.0230561 0.0000000 0.0000000 0.0261793 0.0128590 0.0000000 0.6236816
 11 T  11 0.2750118 0.0504646 0.0000000 0.0000000 0.0000000 0.0000000 0.0000000 0.0716432 0.0000000 0.0000000 0.0000000 0.0000000 0.0000000 0.0000000 0.0279523 0.0066000 0.0349533 0.0000000 0.0000000 0.0000000 0.5333747
 12 D  12 0.0885184 0.0279523 0.1175588 0.1007985 0.0000000 0.0301288 0.0230561 0.0291584 0.0228755 0.0000000 0.0000000 0.0000000 0.0000000 0.0000000 0.0000000 0.0070022 0.0000000 0.0000000 0.0000000 0.0195762 0.5333747
 13 L  13 0.0000000 0.0000000 0.0000000 0.0000000 0.0000000 0.0000000 0.0000000 0.0000000 0.0000000 0.1351651 0.1711611 0.0000000 0.0000000 0.0000000 0.0000000 0.0301288 0.0000000 0.0000000 0.0000000 0.1523550 0.5111899
 14 T  14 0.0000000 0.0000000 0.0410060 0.0148180 0.0000000 0.0230561 0.1918573 0.0000000 0.0000000 0.0171120 0.0000000 0.0275890 0.0000000 0.0157510 0.0000000 0.1165121 0.0750838 0.0000000 0.0000000 0.0000000 0.4772147
 15 D  15 0.0000000 0.0000000 0.0918008 0.3755041 0.0000000 0.0000000 0.0301288 0.0230561 0.0470654 0.0000000 0.0000000 0.0372073 0.0000000 0.0000000 0.0000000 0.0000000 0.0000000 0.0000000 0.0000000 0.0000000 0.3952376
 16 F  16 0.0000000 0.0338814 0.0000000 0.0000000 0.0000000 0.0000000 0.0000000 0.0000000 0.0000000 0.0637704 0.1086490 0.0230561 0.0241899 0.1651068 0.0000000 0.0000000 0.0000000 0.0000000 0.2108194 0.0542911 0.3162359
 17 R  17 0.0000000 0.1840772 0.0830038 0.0000000 0.0000000 0.0000000 0.0000000 0.0000000 0.0228755 0.0350736 0.0000000 0.2156283 0.0000000 0.0000000 0.0000000 0.0000000 0.1472304 0.0000000 0.0000000 0.0236210 0.2884903
 18 V  18 0.0440851 0.0000000 0.0000000 0.0000000 0.0000000 0.0000000 0.0000000 0.0000000 0.0000000 0.2374034 0.0933499 0.0000000 0.0082981 0.0735207 0.0000000 0.0068302 0.0154747 0.0000000 0.0000000 0.3564890 0.1645488
 19 A  19 0.3283030 0.0000000 0.0000000 0.0000000 0.0241899 0.0000000 0.0000000 0.1834484 0.0000000 0.0217993 0.0569041 0.0000000 0.1056284 0.0000000 0.0000000 0.0281708 0.0000000 0.0000000 0.0000000 0.1105865 0.1409697
 20 T  20 0.0363146 0.0000000 0.0217993 0.0000000 0.0000000 0.0000000 0.0000000 0.0000000 0.0000000 0.0000000 0.0000000 0.0000000 0.0000000 0.0000000 0.0000000 0.0939097 0.7070067 0.0000000 0.0000000 0.0000000 0.1409697
 21 W  21 0.0000000 0.0000000 0.0000000 0.0000000 0.0000000 0.0000000 0.0000000 0.0000000 0.0000000 0.0000000 0.0232028 0.0000000 0.0000000 0.0363146 0.0000000 0.0000000 0.0000000 0.7065840 0.0929289 0.0000000 0.1409697
 22 N  22 0.0000000 0.0000000 0.8590303 0.0000000 0.0000000 0.0000000 0.0000000 0.0000000 0.0000000 0.0000000 0.0000000 0.0000000 0.0000000 0.0000000 0.0000000 0.0000000 0.0000000 0.0000000 0.0000000 0.0000000 0.1409697
 23 L  23 0.0000000 0.0000000 0.0000000 0.0000000 0.0000000 0.0000000 0.0000000 0.0000000 0.0000000 0.0788635 0.3208630 0.0000000 0.1820222 0.0000000 0.0000000 0.1058397 0.1052041 0.0000000 0.0000000 0.0662378 0.1409697
 24 Q  24 0.0336416 0.0291584 0.0275890 0.0000000 0.0854462 0.6534932 0.0000000 0.0000000 0.0228755 0.0000000 0.0000000 0.0000000 0.0000000 0.0000000 0.0068264 0.0000000 0.0000000 0.0000000 0.0000000 0.0000000 0.1409697
 25 G  25 0.0000000 0.0000000 0.0628001 0.0000000 0.0000000 0.0000000 0.0000000 0.7523908 0.0000000 0.0000000 0.0301288 0.0000000 0.0000000 0.0000000 0.0000000 0.0228755 0.0000000 0.0000000 0.0000000 0.0000000 0.1318048
 26 A  26 0.2824212 0.0000000 0.0578315 0.0000000 0.0000000 0.0363146 0.0299232 0.0506268 0.0000000 0.0232028 0.0000000 0.0000000 0.0000000 0.0325281 0.0000000 0.3302143 0.0000000 0.0000000 0.0000000 0.0000000 0.1569375
 27 S  27 0.0416581 0.0291584 0.0657602 0.0556980 0.0000000 0.0179134 0.0000000 0.1004586 0.0000000 0.0000000 0.0080489 0.0251327 0.0000000 0.0000000 0.0241899 0.3775779 0.0506268 0.0000000 0.0000000 0.0000000 0.2037771
 28 A  28 0.3295232 0.0000000 0.0000000 0.0230561 0.0000000 0.0000000 0.0000000 0.1102314 0.0157510 0.0000000 0.0241899 0.0363146 0.0000000 0.0000000 0.0576608 0.1161027 0.0615939 0.0000000 0.0217993 0.0000000 0.2037771
 29 T  29 0.1042322 0.0000000 0.0419493 0.0000000 0.0000000 0.0000000 0.0000000 0.1932327 0.0000000 0.0221105 0.0325281 0.0277457 0.0363146 0.0000000 0.0432946 0.1582736 0.1001035 0.0000000 0.0000000 0.0364381 0.2037771
 30 T  30 0.0000000 0.0000000 0.0251841 0.1174086 0.0000000 0.0000000 0.0511498 0.0000000 0.0232028 0.0000000 0.0301288 0.0299232 0.0000000 0.0000000 0.0000000 0.1395732 0.3796524 0.0000000 0.0000000 0.0000000 0.2037771
 31 E  31 0.0241899 0.0299232 0.0546016 0.1328702 0.0000000 0.0301288 0.3474972 0.0000000 0.0000000 0.0000000 0.0000000 0.0598938 0.0000000 0.0336416 0.0277457 0.0000000 0.0232028 0.0000000 0.0325281 0.0000000 0.2037771
 32 S  32 0.0805244 0.0000000 0.0551050 0.0232028 0.0000000 0.0000000 0.0000000 0.0299232 0.0000000 0.0241899 0.0000000 0.0000000 0.0000000 0.0000000 0.0614473 0.4022693 0.0626569 0.0000000 0.0277457 0.0291584 0.2037771
 33 K  33 0.0279523 0.0490968 0.0117349 0.0336416 0.0000000 0.0000000 0.0299232 0.0000000 0.0228755 0.0000000 0.0325281 0.5412617 0.0000000 0.0000000 0.0000000 0.0000000 0.0291584 0.0000000 0.0000000 0.0000000 0.2218273
 34 W  34 0.0299232 0.0275707 0.0325281 0.0291584 0.0000000 0.0277457 0.0336416 0.0000000 0.0000000 0.0000000 0.0000000 0.0279523 0.0000000 0.0232028 0.0000000 0.0000000 0.0000000 0.4971273 0.0000000 0.0000000 0.2711499
 35 N  35 0.0000000 0.0511551 0.3251865 0.0000000 0.0000000 0.0888344 0.0000000 0.1067473 0.0000000 0.0171120 0.0000000 0.0000000 0.0000000 0.0000000 0.0000000 0.0752433 0.0230561 0.0000000 0.0291584 0.0374896 0.2460172
 36 I  36 0.0171120 0.0555230 0.0602738 0.0930621 0.0000000 0.0000000 0.0527987 0.0000000 0.0000000 0.1206272 0.0241899 0.0251327 0.0000000 0.0000000 0.0000000 0.0399297 0.1270431 0.0000000 0.0000000 0.1772873 0.2070205
 37 N  37 0.0279523 0.0291584 0.1539478 0.0215078 0.0000000 0.0325281 0.0000000 0.0994570 0.0432946 0.0483355 0.0000000 0.0576688 0.0000000 0.0000000 0.0117349 0.1745521 0.0275707 0.0000000 0.0000000 0.0867792 0.1855127
 38 V  38 0.0000000 0.0612307 0.0000000 0.0000000 0.0000000 0.0325281 0.0275707 0.0000000 0.0000000 0.2092137 0.0480082 0.0000000 0.0000000 0.0000000 0.0000000 0.0000000 0.0000000 0.0000000 0.0000000 0.4896438 0.1318048
 39 R  39 0.1257255 0.3537657 0.0878628 0.0228755 0.0000000 0.0230561 0.0814546 0.0000000 0.0000000 0.0000000 0.0691920 0.0535094 0.0000000 0.0336416 0.0000000 0.0000000 0.0171120 0.0000000 0.0000000 0.0000000 0.1318048
 40 Q  40 0.0336416 0.0623350 0.0543187 0.0000000 0.0195762 0.3424964 0.0000000 0.0641838 0.0000000 0.0000000 0.0490968 0.0000000 0.0000000 0.0554036 0.0538026 0.0235791 0.0821907 0.0000000 0.0000000 0.0000000 0.1593755
 41 L  41 0.0000000 0.0000000 0.0000000 0.0000000 0.0000000 0.0000000 0.0000000 0.0000000 0.0241899 0.0397085 0.4580691 0.0000000 0.1532703 0.0217993 0.0325281 0.0336416 0.0000000 0.0000000 0.0000000 0.0774177 0.1593755
 42 I  42 0.0000000 0.0000000 0.0000000 0.0000000 0.0000000 0.0000000 0.0000000 0.0000000 0.0000000 0.2605259 0.2358345 0.0000000 0.0000000 0.1070680 0.0325281 0.0000000 0.0000000 0.0000000 0.0000000 0.2574657 0.1065778
 43 S  43 0.1433163 0.0960646 0.0670102 0.0000000 0.0000000 0.0000000 0.0000000 0.0277457 0.0000000 0.0588686 0.0854756 0.0363146 0.0000000 0.0230561 0.0000000 0.1739623 0.1564756 0.0000000 0.0000000 0.0000000 0.1317105
 44 G  44 0.0576995 0.0677782 0.0000000 0.0000000 0.0277457 0.0450021 0.0000000 0.4328602 0.0299232 0.0363146 0.0195762 0.0000000 0.0000000 0.0000000 0.0000000 0.0000000 0.0819450 0.0000000 0.0000000 0.0000000 0.2011553
 45 E  45 0.0847488 0.0000000 0.0625137 0.0857850 0.0000000 0.0301288 0.1777635 0.0000000 0.0557309 0.0421032 0.0000000 0.0000000 0.0000000 0.0277457 0.0123251 0.0523522 0.0305314 0.0000000 0.0448554 0.0654731 0.2279430
 46 N  46 0.0685903 0.0480536 0.3732084 0.0270775 0.0000000 0.0614987 0.0494169 0.0096530 0.0232028 0.0000000 0.0336416 0.0000000 0.0000000 0.0000000 0.0215078 0.1075309 0.0000000 0.0000000 0.0000000 0.0000000 0.1766186
 47 A  47 0.2033369 0.0520656 0.0000000 0.0731863 0.0000000 0.0732867 0.0456590 0.1955086 0.0000000 0.0000000 0.0325281 0.0252270 0.0000000 0.0000000 0.1465456 0.0000000 0.0000000 0.0000000 0.0000000 0.0000000 0.1526561
 48 V  48 0.1830319 0.0000000 0.0000000 0.0000000 0.0493226 0.0000000 0.0000000 0.0000000 0.0230561 0.0639181 0.1011720 0.0000000 0.0597089 0.0275890 0.0866142 0.0000000 0.0000000 0.0000000 0.0363146 0.1584054 0.2108671
 49 D  49 0.0000000 0.0275707 0.0931310 0.6741198 0.0000000 0.0353272 0.0000000 0.0123251 0.0000000 0.0000000 0.0000000 0.0000000 0.0000000 0.0277457 0.0000000 0.0000000 0.0000000 0.0000000 0.0000000 0.0000000 0.1297806
 50 I  50 0.0000000 0.0000000 0.0000000 0.0000000 0.0291584 0.0000000 0.0000000 0.0000000 0.0000000 0.3651766 0.0301288 0.0000000 0.0000000 0.0251327 0.0000000 0.0000000 0.0000000 0.0000000 0.0325281 0.4112975 0.1065778
 51 L  51 0.0252270 0.0000000 0.0000000 0.0000000 0.0217993 0.0000000 0.0000000 0.0000000 0.0000000 0.1223450 0.3856028 0.0000000 0.0458761 0.0215078 0.0000000 0.0000000 0.0000000 0.0000000 0.0000000 0.2710643 0.1065778
 52 A  52 0.3702371 0.0000000 0.0000000 0.0000000 0.0904026 0.0000000 0.0000000 0.0000000 0.0000000 0.0000000 0.0963921 0.0000000 0.2537456 0.0597693 0.0000000 0.0000000 0.0228755 0.0000000 0.0000000 0.0000000 0.1065778
 53 V  53 0.0000000 0.0000000 0.0000000 0.0000000 0.0000000 0.0000000 0.0000000 0.0000000 0.0000000 0.3559424 0.2940874 0.0000000 0.0000000 0.0325281 0.0000000 0.0000000 0.0000000 0.0000000 0.0000000 0.2108643 0.1065778
 54 Q  54 0.0000000 0.0000000 0.0000000 0.0000000 0.0000000 0.8934222 0.0000000 0.0000000 0.0000000 0.0000000 0.0000000 0.0000000 0.0000000 0.0000000 0.0000000 0.0000000 0.0000000 0.0000000 0.0000000 0.0000000 0.1065778
 55 E  55 0.0000000 0.0000000 0.0000000 0.0000000 0.0000000 0.0000000 0.8934222 0.0000000 0.0000000 0.0000000 0.0000000 0.0000000 0.0000000 0.0000000 0.0000000 0.0000000 0.0000000 0.0000000 0.0000000 0.0000000 0.1065778
 56 A  56 0.4813512 0.0000000 0.0000000 0.0000000 0.1010450 0.0000000 0.0000000 0.0000000 0.0000000 0.0363146 0.0000000 0.0000000 0.0000000 0.0000000 0.0000000 0.0378522 0.0625961 0.0000000 0.0000000 0.0626569 0.2181840
 57 G  57 0.0000000 0.0363146 0.0000000 0.0301288 0.0555230 0.0000000 0.0175401 0.6423095 0.0000000 0.0000000 0.0000000 0.0000000 0.0000000 0.0000000 0.0000000 0.0000000 0.0000000 0.0000000 0.0000000 0.0000000 0.2181840
 58 S  58 0.2501126 0.0074846 0.0423135 0.0363146 0.0000000 0.0215078 0.0000000 0.0550559 0.0000000 0.0000000 0.0000000 0.0543187 0.0000000 0.0000000 0.0000000 0.1666537 0.0709611 0.0000000 0.0000000 0.0770936 0.2181840
 59 P  59 0.1079353 0.0426323 0.0000000 0.0000000 0.0000000 0.0000000 0.0000000 0.0000000 0.0000000 0.0518269 0.3180351 0.0000000 0.0000000 0.0277457 0.0375943 0.0363146 0.0279523 0.0232028 0.0301288 0.0878996 0.2087322
 60 P  60 0.0662378 0.0000000 0.0325281 0.0612123 0.0000000 0.0000000 0.0000000 0.0000000 0.0279523 0.0277457 0.0000000 0.0000000 0.0000000 0.0000000 0.5203301 0.0000000 0.0552615 0.0000000 0.0000000 0.0000000 0.2087322
 61 S  61 0.1058244 0.0376013 0.0742214 0.0386265 0.0000000 0.0431361 0.0000000 0.0662378 0.0086195 0.0000000 0.0345294 0.0000000 0.0000000 0.0000000 0.0605457 0.1705920 0.0912350 0.0000000 0.0325281 0.0275707 0.2087322
 62 T  62 0.0791686 0.0301288 0.0000000 0.0277457 0.0000000 0.0000000 0.0783985 0.0230561 0.0000000 0.0000000 0.0000000 0.0000000 0.0000000 0.0000000 0.0000000 0.3224928 0.2302773 0.0000000 0.0000000 0.0000000 0.2087322
 63 A  63 0.4755994 0.0000000 0.0230561 0.0000000 0.0336416 0.0000000 0.0251327 0.0325281 0.0299232 0.0181304 0.0000000 0.0000000 0.0000000 0.0000000 0.0215078 0.1324521 0.0000000 0.0000000 0.0000000 0.0228755 0.1851531
 64 V  64 0.0561072 0.0955029 0.0091649 0.0000000 0.0000000 0.0549892 0.0157510 0.0000000 0.0000000 0.0973446 0.1555413 0.0000000 0.0219055 0.0000000 0.0000000 0.0000000 0.0678138 0.0000000 0.0000000 0.2649830 0.1608965
 65 D  65 0.0127911 0.0852746 0.0654413 0.1134875 0.0000000 0.0304188 0.0414925 0.0000000 0.0459667 0.0000000 0.0579321 0.0000000 0.0495741 0.0232028 0.2172796 0.0299232 0.0181304 0.0000000 0.0000000 0.0230561 0.1860292
 66 T  66 0.0510084 0.0336416 0.0000000 0.0277457 0.0000000 0.0252270 0.0457195 0.0325281 0.0000000 0.0639917 0.0299232 0.0000000 0.0328630 0.0000000 0.0000000 0.0613571 0.3245725 0.0000000 0.0000000 0.0215078 0.2499145
 67 G  67 0.1492598 0.0123251 0.0336416 0.0000000 0.0215078 0.0339463 0.0459676 0.3336568 0.0000000 0.0000000 0.0299232 0.0000000 0.0000000 0.0000000 0.0828021 0.0359151 0.0171120 0.0000000 0.0000000 0.0179134 0.1860292
 68 R  68 0.0325281 0.3487471 0.0446748 0.0467819 0.0000000 0.0157510 0.0000000 0.0000000 0.0000000 0.0000000 0.0363146 0.0336416 0.0000000 0.0456977 0.0000000 0.1230735 0.0634218 0.0000000 0.0000000 0.0195762 0.1897916
 69 V  69 0.0000000 0.0515550 0.0000000 0.0000000 0.0000000 0.0415252 0.0218632 0.0000000 0.0666681 0.1358205 0.1432985 0.0000000 0.0742951 0.0000000 0.0195762 0.0097854 0.0381412 0.0000000 0.0000000 0.2356323 0.1618393
 70 I  70 0.0299232 0.0543854 0.0000000 0.0171120 0.0000000 0.0509485 0.0000000 0.0750992 0.0000000 0.2048752 0.0241899 0.0000000 0.0000000 0.0529790 0.0000000 0.0215078 0.0796546 0.0000000 0.0336416 0.1720450 0.1836386
 71 P  71 0.0721346 0.0213751 0.0407069 0.0279523 0.0000000 0.1830775 0.0639037 0.0406911 0.0117349 0.0000000 0.0913104 0.0000000 0.0000000 0.0000000 0.1391172 0.0640384 0.0195762 0.0000000 0.0000000 0.0232028 0.2011787
 72 S  72 0.1218138 0.0265329 0.0745369 0.0215078 0.0000000 0.0170554 0.0000000 0.2502221 0.0128590 0.0000000 0.0336416 0.0000000 0.0000000 0.0000000 0.0889955 0.1298712 0.0096530 0.0000000 0.0000000 0.0640603 0.1492506
 73 P  73 0.0179134 0.0000000 0.0363146 0.1157194 0.0000000 0.0230561 0.0336416 0.1745909 0.0517789 0.0000000 0.0000000 0.0000000 0.0000000 0.0122102 0.1473921 0.0000000 0.0756640 0.0555230 0.0000000 0.1219713 0.1342245
 74 G  74 0.0651202 0.0252270 0.0456590 0.0695386 0.0000000 0.0669061 0.0942375 0.3082112 0.0275707 0.0217993 0.0181304 0.0000000 0.0000000 0.0241899 0.0000000 0.0626569 0.0230561 0.0000000 0.0000000 0.0000000 0.1476971
 75 I  75 0.0275707 0.0277457 0.0000000 0.0252270 0.0000000 0.0000000 0.0000000 0.0000000 0.0000000 0.2968920 0.0833560 0.0000000 0.0000000 0.0646864 0.0000000 0.0241899 0.1015904 0.0299232 0.0681853 0.1204767 0.1301569
 76 P  76 0.0371172 0.0000000 0.1138161 0.0000000 0.0000000 0.0000000 0.0506268 0.1076665 0.0000000 0.0097854 0.0000000 0.0354535 0.0000000 0.0000000 0.3008944 0.1600978 0.0252270 0.0000000 0.0000000 0.0291584 0.1301569
 77 V  77 0.0251327 0.0000000 0.0000000 0.0000000 0.0000000 0.0301288 0.0000000 0.0000000 0.0000000 0.2015140 0.0957609 0.0336416 0.0096530 0.0555230 0.0000000 0.0363146 0.0000000 0.0000000 0.0000000 0.3821744 0.1301569
 78 R  78 0.0614030 0.1677415 0.0495827 0.0792850 0.0000000 0.0758760 0.0910187 0.0000000 0.0934329 0.0000000 0.0228755 0.0179134 0.0000000 0.0000000 0.0000000 0.0000000 0.0562945 0.0000000 0.1139387 0.0363146 0.1343234
 79 E  79 0.0275707 0.0494994 0.0000000 0.0235791 0.0000000 0.0000000 0.5227259 0.0000000 0.0974609 0.0000000 0.0217993 0.0251327 0.0000000 0.0000000 0.0363146 0.0279523 0.0000000 0.0000000 0.0000000 0.0000000 0.1679650
 80 L  80 0.0299232 0.0000000 0.0215078 0.0000000 0.0000000 0.0325281 0.0301288 0.0000000 0.0347867 0.0542911 0.0999376 0.0000000 0.0000000 0.0500871 0.0000000 0.0000000 0.0230561 0.0000000 0.4603313 0.0232028 0.1402194
 81 I  81 0.0000000 0.0157510 0.0000000 0.0000000 0.0000000 0.0235791 0.0714617 0.0000000 0.0000000 0.1427030 0.1442629 0.0277457 0.0091649 0.0000000 0.0000000 0.0834799 0.1664429 0.0000000 0.0000000 0.1208040 0.1946048
 82 W  82 0.0000000 0.0000000 0.0000000 0.0000000 0.0000000 0.0000000 0.0000000 0.1309530 0.0000000 0.0000000 0.0179134 0.0000000 0.0175401 0.0000000 0.0000000 0.0000000 0.0325281 0.5208234 0.0614473 0.0000000 0.2187947
 83 N  83 0.0000000 0.1083217 0.3553437 0.0327376 0.0000000 0.0604305 0.0400955 0.0413755 0.0235791 0.0000000 0.0000000 0.0301288 0.0000000 0.0000000 0.0000000 0.0251327 0.0277457 0.0000000 0.0000000 0.0363146 0.2187947
 84 L  84 0.0557309 0.0000000 0.0000000 0.0000000 0.0000000 0.0195762 0.0000000 0.0275707 0.0000000 0.0557068 0.3356978 0.0000000 0.0175401 0.0000000 0.0299232 0.0000000 0.1105728 0.0000000 0.0000000 0.1288867 0.2187947
 85 S  85 0.0000000 0.1131388 0.0554036 0.0747785 0.0000000 0.0000000 0.0000000 0.4054559 0.0195762 0.0000000 0.0000000 0.0000000 0.0000000 0.0000000 0.0000000 0.0551344 0.0301288 0.0000000 0.0000000 0.0000000 0.2463837
 86 T  86 0.0279523 0.0217993 0.0215078 0.0275707 0.0000000 0.0000000 0.0000000 0.1235237 0.0000000 0.0325281 0.0000000 0.0000000 0.0277457 0.0000000 0.0000000 0.1319297 0.3475679 0.0000000 0.0000000 0.0000000 0.2378748
 87 N  87 0.0543854 0.1158060 0.1092349 0.0000000 0.0000000 0.0000000 0.0445639 0.1169103 0.0464547 0.0180835 0.0206963 0.0000000 0.0000000 0.0000000 0.0000000 0.1862175 0.0406380 0.0000000 0.0085946 0.0314466 0.2069685
 88 S  88 0.0252270 0.1120986 0.0217993 0.0000000 0.0000000 0.0000000 0.0000000 0.0325281 0.0510084 0.0336416 0.0250013 0.0000000 0.0000000 0.0000000 0.0101066 0.3715287 0.1134911 0.0000000 0.0000000 0.0241899 0.1793794
 89 R  89 0.0000000 0.5802352 0.0195762 0.0551494 0.0000000 0.0000000 0.0241899 0.0279523 0.0000000 0.0000000 0.0000000 0.0581139 0.0000000 0.0000000 0.0000000 0.0000000 0.0325281 0.0000000 0.0000000 0.0000000 0.2022550
 90 P  90 0.0171120 0.0000000 0.0000000 0.0000000 0.0299232 0.0459208 0.0564416 0.0555414 0.0000000 0.0000000 0.0602738 0.0000000 0.0000000 0.0000000 0.3720792 0.0000000 0.0819561 0.0000000 0.0336416 0.0000000 0.2471103
 91 Q  91 0.0517606 0.0640047 0.1238145 0.0787211 0.0000000 0.0914032 0.1396650 0.0235791 0.0000000 0.0181304 0.0000000 0.0291584 0.0000000 0.0097854 0.0000000 0.0371598 0.0531793 0.0000000 0.0325281 0.0000000 0.2471103
 92 Q  92 0.0215078 0.0072700 0.0840473 0.0531558 0.0000000 0.0669558 0.0096530 0.0541130 0.0000000 0.0330575 0.0988245 0.0000000 0.0916676 0.0127911 0.0000000 0.0939894 0.0173950 0.0000000 0.0520656 0.0791021 0.2244043
 93 V  93 0.0241899 0.1131319 0.0000000 0.0000000 0.0000000 0.0000000 0.0000000 0.0987659 0.0000000 0.0317864 0.0332321 0.0000000 0.0301288 0.1524713 0.0000000 0.0000000 0.0252270 0.0000000 0.0704917 0.2491750 0.1713999
 94 Y  94 0.0291584 0.0000000 0.0000000 0.0000000 0.0555230 0.0000000 0.0000000 0.0252270 0.0000000 0.0000000 0.0299232 0.0000000 0.0232028 0.1573297 0.0000000 0.0000000 0.0000000 0.0384571 0.4868887 0.0277457 0.1265445
 95 I  95 0.0000000 0.0000000 0.0241899 0.0000000 0.0000000 0.0235791 0.0279523 0.0612123 0.0325281 0.4395096 0.0553347 0.0000000 0.0232028 0.0000000 0.0000000 0.0299232 0.0252270 0.0000000 0.0301288 0.1006676 0.1265445
 96 Y  96 0.0275707 0.0000000 0.0000000 0.0000000 0.0000000 0.0000000 0.0000000 0.0814546 0.0000000 0.0325281 0.0217993 0.0000000 0.0000000 0.0569041 0.0227061 0.0336416 0.0000000 0.0000000 0.5968510 0.0000000 0.1265445
 97 F  97 0.0588686 0.0000000 0.0291584 0.0000000 0.0000000 0.0458657 0.0000000 0.0000000 0.1282548 0.0000000 0.0000000 0.0000000 0.0000000 0.1561128 0.0600988 0.0000000 0.0000000 0.0227061 0.3118857 0.0000000 0.1870490
 98 S  98 0.1389989 0.0000000 0.0000000 0.0000000 0.0000000 0.0235791 0.0504517 0.0734364 0.0000000 0.0000000 0.0727022 0.0252270 0.0230561 0.0288470 0.0000000 0.2503528 0.0000000 0.0325281 0.0937716 0.0000000 0.1870490
 99 A  99 0.0845522 0.3037438 0.0900802 0.0807448 0.0000000 0.0349181 0.0462589 0.0990839 0.0000000 0.0000000 0.0279523 0.0301288 0.0000000 0.0000000 0.0477768 0.0291584 0.0000000 0.0000000 0.0000000 0.0000000 0.1256017
100 V 100 0.1972283 0.0000000 0.0353272 0.0000000 0.0000000 0.0228755 0.0000000 0.0555230 0.0000000 0.1397880 0.0337787 0.0000000 0.0000000 0.0507536 0.0227061 0.0000000 0.0659708 0.0000000 0.0000000 0.2504471 0.1256017
101 D 101 0.0000000 0.0000000 0.1001143 0.5435604 0.0000000 0.0000000 0.0291584 0.0422447 0.0000000 0.0000000 0.0000000 0.0227061 0.0275890 0.0000000 0.0000000 0.0555230 0.0235791 0.0000000 0.0000000 0.0000000 0.1555249
102 A 102 0.2591466 0.0000000 0.0171120 0.0000000 0.0000000 0.0000000 0.0000000 0.0336416 0.0000000 0.0195762 0.0482042 0.0590207 0.0000000 0.0301288 0.0448554 0.0511682 0.0279158 0.0000000 0.0543854 0.2292434 0.1256017
103 L 103 0.0171120 0.0413755 0.0275890 0.0592873 0.0000000 0.0000000 0.0000000 0.4005269 0.0000000 0.0535023 0.0859298 0.0000000 0.0000000 0.0096530 0.0769114 0.0252270 0.0230561 0.0000000 0.0000000 0.0363146 0.1435151
104 G 104 0.3233019 0.0568444 0.0970922 0.0000000 0.0000000 0.0000000 0.0000000 0.2392913 0.0000000 0.0000000 0.0000000 0.0000000 0.0000000 0.0000000 0.0000000 0.0228755 0.0000000 0.0000000 0.0000000 0.0431553 0.2174394
105 G 105 0.0455816 0.0956130 0.3312531 0.0000000 0.0000000 0.0000000 0.0000000 0.1221085 0.0426323 0.0336416 0.0235791 0.0000000 0.0000000 0.0000000 0.0000000 0.0350254 0.0000000 0.0000000 0.0000000 0.0531260 0.2174394
106 R 106 0.0000000 0.6657191 0.0000000 0.0228755 0.0000000 0.0000000 0.0301288 0.0336416 0.0000000 0.0000000 0.0000000 0.0291584 0.0000000 0.0000000 0.0000000 0.0252270 0.0000000 0.0000000 0.0000000 0.0000000 0.1932495
107 V 107 0.0000000 0.0000000 0.0000000 0.0000000 0.1635534 0.0464547 0.0000000 0.0541130 0.0000000 0.0350254 0.0427790 0.0000000 0.0000000 0.0000000 0.0000000 0.0000000 0.0215078 0.0000000 0.0845142 0.3588029 0.1932495
108 N 108 0.0000000 0.0000000 0.5273561 0.0000000 0.0000000 0.0000000 0.0000000 0.1617641 0.0000000 0.0000000 0.0000000 0.0299232 0.0000000 0.0000000 0.0000000 0.0829799 0.0251327 0.0000000 0.0000000 0.0000000 0.1728441
109 L 109 0.0000000 0.0000000 0.0000000 0.0301288 0.0000000 0.0000000 0.0000000 0.0000000 0.0000000 0.1357122 0.4384015 0.0000000 0.0801774 0.0000000 0.0000000 0.0000000 0.1361018 0.0000000 0.0275707 0.0709011 0.0810064
110 A 110 0.6922034 0.0000000 0.0000000 0.0000000 0.0493226 0.0000000 0.0000000 0.0543854 0.0000000 0.0000000 0.0336416 0.0000000 0.0000000 0.0000000 0.0000000 0.0000000 0.0000000 0.0000000 0.0000000 0.0595174 0.1109296
111 L 111 0.0204054 0.0000000 0.0000000 0.0000000 0.0000000 0.0000000 0.0000000 0.0000000 0.0000000 0.5485400 0.1312825 0.0000000 0.0829499 0.0000000 0.0000000 0.0000000 0.0000000 0.0000000 0.0000000 0.1058926 0.1109296
112 V 112 0.0721013 0.0000000 0.0000000 0.0000000 0.0000000 0.0000000 0.0000000 0.0000000 0.0000000 0.1502251 0.2338073 0.0336416 0.0000000 0.0000000 0.0000000 0.0363146 0.0235791 0.0000000 0.0000000 0.3394014 0.1109296
113 S 113 0.0123251 0.0336416 0.0000000 0.0232028 0.0000000 0.0000000 0.0363146 0.0000000 0.0000000 0.0000000 0.0000000 0.0000000 0.0000000 0.0000000 0.0235791 0.5092746 0.1713084 0.0552342 0.0000000 0.0000000 0.1351195
114 N 114 0.0630076 0.4422882 0.0922494 0.0626548 0.0000000 0.0000000 0.0157510 0.0078700 0.0000000 0.0000000 0.0000000 0.0774177 0.0000000 0.0000000 0.0000000 0.0572207 0.0101066 0.0000000 0.0363146 0.0000000 0.1351195
115 R 115 0.0000000 0.2225301 0.0127911 0.0000000 0.0000000 0.1522163 0.0882668 0.0000000 0.0576608 0.0533000 0.0086195 0.0204054 0.0569067 0.0000000 0.0000000 0.0215078 0.0277457 0.0301288 0.0275707 0.1151540 0.1051963
116 R 116 0.0325281 0.2612178 0.0000000 0.0000000 0.0000000 0.1376074 0.0227061 0.0299232 0.0000000 0.0000000 0.0000000 0.1027066 0.0288413 0.0000000 0.1202422 0.0000000 0.0509485 0.0000000 0.0363146 0.0481888 0.1287754
117 A 117 0.4888448 0.0000000 0.0000000 0.0000000 0.0000000 0.0000000 0.0000000 0.0251327 0.0000000 0.0000000 0.0856518 0.0504517 0.0000000 0.0000000 0.1559609 0.0000000 0.0000000 0.0000000 0.0000000 0.0893725 0.1045856
118 D 118 0.0000000 0.0503286 0.0157510 0.4850928 0.0000000 0.0000000 0.0665107 0.0000000 0.0000000 0.0291584 0.0735625 0.0000000 0.0000000 0.0325281 0.0227061 0.0678481 0.0217993 0.0000000 0.0301288 0.0000000 0.1045856
119 E 119 0.0230561 0.0386265 0.1376675 0.0418597 0.0000000 0.0181304 0.3203320 0.0232028 0.0000000 0.0000000 0.0241899 0.0291584 0.0000000 0.0000000 0.0325281 0.1562113 0.0504517 0.0000000 0.0000000 0.0000000 0.1045856
120 V 120 0.0128590 0.0576688 0.0241899 0.0000000 0.0217993 0.0000000 0.0000000 0.0000000 0.0000000 0.1729863 0.0228755 0.0291584 0.0000000 0.0251327 0.0000000 0.0363146 0.0000000 0.0000000 0.0204054 0.4720244 0.1045856
121 F 121 0.0000000 0.0555230 0.0299232 0.0614473 0.0000000 0.0204054 0.0291584 0.0325281 0.0000000 0.1590169 0.0265079 0.0588686 0.0000000 0.2364014 0.0000000 0.0333094 0.0227061 0.0000000 0.1018731 0.0277457 0.1045856
122 V 122 0.0892573 0.0252270 0.0000000 0.0000000 0.0000000 0.0000000 0.0000000 0.0000000 0.0000000 0.1848694 0.0660073 0.0000000 0.0000000 0.0612307 0.0000000 0.0530850 0.0000000 0.0000000 0.0431115 0.3962055 0.0810064
123 L 123 0.0241899 0.0122102 0.0000000 0.0000000 0.0000000 0.0000000 0.0000000 0.0000000 0.0000000 0.1987802 0.2974698 0.0251327 0.0228755 0.0363146 0.0000000 0.0000000 0.0612307 0.0730649 0.0000000 0.1677250 0.0810064
124 S 124 0.0275890 0.0674729 0.0000000 0.0000000 0.0000000 0.0000000 0.0215078 0.0000000 0.0574973 0.0000000 0.0000000 0.0000000 0.0000000 0.0000000 0.5744137 0.1037786 0.0314951 0.0000000 0.0352393 0.0000000 0.0810064
125 P 125 0.0519281 0.0000000 0.0000000 0.0000000 0.0000000 0.0322472 0.0277457 0.0000000 0.0235791 0.0241899 0.0587743 0.0000000 0.0000000 0.0000000 0.5375374 0.1266772 0.0000000 0.0000000 0.0363146 0.0000000 0.0810064
126 V 126 0.0700783 0.0000000 0.0000000 0.0427821 0.0000000 0.0251327 0.0101066 0.1606506 0.0241899 0.0275890 0.0215078 0.0000000 0.0546016 0.0228755 0.2002580 0.0795659 0.1027824 0.0000000 0.0000000 0.0768731 0.0810064
127 R 127 0.0533502 0.0919797 0.0325281 0.0742003 0.0000000 0.0000000 0.0195762 0.0568444 0.0000000 0.0331627 0.0000000 0.0204054 0.0000000 0.0000000 0.0299232 0.0379917 0.2411478 0.0181304 0.0675299 0.1422236 0.0810064
128 Q 128 0.1293928 0.0460783 0.0000000 0.0940045 0.0000000 0.0375943 0.1374457 0.1334208 0.0000000 0.0257834 0.0123251 0.0363146 0.0000000 0.0000000 0.0217993 0.0481014 0.0847468 0.0000000 0.0000000 0.1119864 0.0810064
129 G 129 0.1739986 0.0459316 0.0275890 0.0000000 0.0000000 0.0000000 0.1385613 0.1679951 0.0000000 0.0000000 0.0086195 0.0000000 0.0232028 0.0363146 0.0000000 0.0384571 0.1049548 0.0000000 0.0000000 0.1533691 0.0810064
130 G 130 0.0887912 0.0540359 0.0675766 0.0179134 0.0227061 0.0275707 0.0000000 0.1511838 0.0299232 0.0000000 0.0277457 0.0291584 0.0000000 0.0000000 0.1073787 0.2732108 0.0000000 0.0217993 0.0000000 0.0000000 0.0810064
131 R 131 0.0000000 0.8890704 0.0000000 0.0000000 0.0000000 0.0000000 0.0000000 0.0000000 0.0000000 0.0000000 0.0000000 0.0000000 0.0000000 0.0000000 0.0000000 0.0299232 0.0000000 0.0000000 0.0000000 0.0000000 0.0810064
132 P 132 0.0000000 0.0000000 0.0000000 0.0000000 0.0000000 0.0301288 0.0000000 0.1018082 0.0000000 0.0000000 0.0000000 0.0000000 0.0336416 0.0000000 0.5929869 0.1147956 0.0204054 0.0000000 0.0000000 0.0252270 0.0810064
133 L 133 0.1053655 0.0000000 0.0000000 0.0000000 0.0000000 0.0000000 0.0000000 0.0000000 0.0000000 0.3111409 0.1289543 0.0000000 0.0714975 0.0204054 0.0000000 0.0871164 0.0546016 0.0000000 0.0000000 0.1399120 0.0810064
134 L 134 0.0301288 0.0000000 0.0000000 0.0000000 0.0000000 0.0000000 0.0000000 0.0000000 0.0000000 0.3506734 0.4242686 0.0000000 0.0130048 0.0230561 0.0000000 0.0363146 0.0000000 0.0000000 0.0000000 0.0545520 0.0680016
135 G 135 0.0000000 0.0000000 0.0000000 0.0000000 0.1300415 0.0000000 0.0336416 0.5798550 0.0000000 0.0000000 0.0291584 0.0000000 0.0252270 0.0000000 0.0000000 0.0227061 0.0000000 0.0325281 0.0487118 0.0301288 0.0680016
136 I 136 0.1096964 0.0000000 0.0000000 0.0000000 0.0000000 0.0000000 0.0000000 0.0000000 0.0000000 0.4669845 0.0677981 0.0363146 0.0000000 0.0000000 0.0000000 0.0000000 0.0487118 0.0000000 0.0000000 0.2024929 0.0680016
137 R 137 0.0275707 0.4634564 0.0241899 0.0000000 0.0000000 0.0843229 0.0905418 0.0645640 0.0101066 0.0000000 0.0000000 0.0613873 0.0000000 0.0000000 0.0000000 0.0279523 0.0561072 0.0000000 0.0000000 0.0217993 0.0680016
138 I 138 0.0275707 0.0227061 0.0072700 0.0000000 0.0000000 0.0000000 0.0000000 0.0000000 0.0000000 0.3899284 0.1311141 0.0000000 0.0000000 0.0819247 0.0000000 0.0000000 0.0592873 0.0000000 0.0697280 0.1061546 0.1043162
139 G 139 0.0604804 0.0713275 0.0811090 0.0692292 0.0070022 0.0598938 0.0805934 0.3681159 0.0275707 0.0000000 0.0000000 0.0227061 0.0000000 0.0000000 0.0540470 0.0299232 0.0000000 0.0000000 0.0000000 0.0000000 0.0680016
140 N 140 0.0000000 0.0235791 0.4193472 0.1630225 0.0000000 0.0000000 0.0000000 0.1493241 0.0000000 0.0232028 0.0000000 0.0336416 0.0000000 0.0000000 0.0000000 0.0541913 0.0656897 0.0000000 0.0000000 0.0000000 0.0680016
141 D 141 0.0504646 0.0000000 0.0445639 0.3757642 0.0000000 0.0000000 0.0000000 0.0537079 0.0000000 0.0217993 0.0553163 0.0000000 0.0251327 0.0926623 0.0557309 0.0000000 0.0000000 0.0299232 0.0989807 0.0279523 0.0680016
142 A 142 0.1560796 0.0604804 0.0468960 0.0000000 0.0000000 0.0000000 0.0277457 0.0232028 0.0000000 0.0445639 0.0235791 0.0000000 0.0000000 0.0217993 0.0000000 0.0662378 0.0973687 0.0252270 0.0727320 0.2660861 0.0680016
143 F 143 0.0000000 0.0000000 0.0000000 0.0000000 0.0000000 0.0000000 0.0000000 0.0000000 0.0000000 0.1387548 0.0898935 0.0000000 0.0301288 0.4624297 0.0000000 0.0000000 0.0000000 0.0000000 0.1216270 0.0891646 0.0680016
144 F 144 0.0227061 0.0000000 0.0000000 0.0000000 0.1838162 0.0000000 0.0000000 0.0794601 0.0000000 0.0363146 0.0418579 0.0000000 0.0000000 0.4973947 0.0000000 0.0000000 0.0000000 0.0230561 0.0473927 0.0000000 0.0680016
145 T 145 0.0336416 0.0000000 0.2264968 0.0000000 0.0616866 0.0000000 0.0000000 0.0181304 0.0000000 0.0000000 0.0000000 0.0000000 0.0000000 0.0000000 0.0000000 0.2588970 0.3079190 0.0000000 0.0000000 0.0252270 0.0680016
146 A 146 0.1423748 0.0000000 0.0000000 0.0000000 0.0000000 0.0000000 0.0000000 0.0000000 0.0277457 0.3084089 0.1171844 0.0000000 0.0000000 0.0533316 0.0000000 0.0000000 0.1663373 0.0000000 0.0227061 0.0939096 0.0680016
147 H 147 0.0000000 0.0000000 0.0000000 0.0000000 0.0000000 0.0000000 0.0000000 0.0000000 0.9018696 0.0000000 0.0000000 0.0000000 0.0000000 0.0000000 0.0000000 0.0000000 0.0000000 0.0000000 0.0000000 0.0000000 0.0981304
148 A 148 0.6287056 0.0000000 0.0000000 0.0000000 0.0241899 0.0000000 0.0000000 0.0000000 0.0000000 0.0299232 0.0279523 0.0000000 0.0336416 0.0000000 0.0000000 0.0455381 0.0072567 0.0000000 0.0000000 0.0000000 0.2027926
149 I 149 0.0490968 0.0179134 0.0587743 0.0000000 0.0000000 0.0000000 0.0641774 0.0195762 0.0000000 0.0593935 0.4172025 0.0363146 0.0000000 0.0000000 0.0602738 0.0437033 0.0000000 0.0527376 0.0000000 0.0000000 0.1208365
150 A 150 0.4443985 0.0000000 0.0000000 0.0204054 0.0000000 0.0000000 0.0000000 0.0000000 0.0000000 0.0000000 0.0000000 0.0000000 0.0000000 0.0000000 0.1503440 0.2386214 0.0275707 0.0000000 0.0000000 0.0279523 0.0907077
151 M 151 0.0179134 0.0431776 0.1777822 0.0639037 0.0000000 0.0000000 0.0000000 0.2108677 0.0195762 0.0000000 0.0543854 0.0000000 0.0595009 0.0000000 0.1213068 0.1319807 0.0316037 0.0000000 0.0000000 0.0000000 0.0680016
152 R 152 0.0000000 0.1333252 0.1018955 0.0483577 0.0000000 0.0000000 0.0576688 0.3966237 0.0000000 0.0000000 0.0000000 0.0000000 0.0000000 0.0227061 0.0195762 0.0241899 0.0913406 0.0000000 0.0000000 0.0000000 0.1043162
153 N 153 0.0556980 0.1109026 0.1051478 0.0000000 0.0000000 0.0000000 0.0299232 0.4772614 0.0712128 0.0000000 0.0000000 0.0000000 0.0000000 0.0000000 0.0000000 0.0455381 0.0000000 0.0000000 0.0000000 0.0000000 0.1043162
154 N 154 0.0487252 0.0563691 0.2603775 0.0279523 0.0000000 0.0000000 0.0770915 0.0849506 0.0000000 0.0127911 0.0301288 0.0336416 0.0000000 0.0000000 0.1036870 0.0128590 0.0589358 0.0000000 0.0000000 0.0556460 0.1368444
155 D 155 0.0000000 0.0578755 0.0232028 0.5858355 0.0000000 0.0000000 0.1602156 0.0000000 0.0000000 0.0000000 0.0204054 0.0000000 0.0000000 0.0277457 0.0000000 0.0000000 0.0000000 0.0000000 0.0000000 0.0000000 0.1247196
156 A 156 0.5673144 0.0291584 0.0000000 0.0000000 0.0000000 0.0000000 0.0000000 0.0369590 0.0000000 0.0000000 0.0275707 0.0000000 0.0000000 0.0000000 0.0000000 0.1307995 0.0000000 0.0000000 0.0000000 0.0371932 0.1710048
157 P 157 0.1630564 0.0000000 0.0252270 0.0000000 0.0000000 0.0217993 0.0000000 0.1122166 0.0279523 0.0000000 0.0422483 0.0000000 0.0291584 0.0000000 0.2293894 0.0878585 0.0409153 0.0000000 0.0000000 0.0491736 0.1710048
158 A 158 0.4368815 0.0459089 0.0000000 0.0000000 0.0000000 0.0546016 0.0299232 0.0217993 0.0275707 0.0000000 0.0372588 0.0336416 0.0000000 0.0000000 0.0279523 0.0906254 0.0251327 0.0000000 0.0000000 0.0000000 0.1687042
159 L 159 0.0828506 0.0000000 0.0000000 0.0000000 0.0000000 0.0299232 0.0363146 0.0000000 0.0000000 0.2803333 0.1820808 0.0000000 0.0557309 0.0000000 0.0275707 0.0543854 0.0279523 0.0000000 0.0508017 0.0358803 0.1361760
160 V 160 0.0000000 0.0000000 0.0000000 0.0275707 0.0000000 0.0000000 0.0000000 0.0301288 0.0000000 0.2746218 0.0450021 0.0000000 0.0251327 0.0117349 0.0000000 0.0000000 0.0000000 0.0515315 0.0000000 0.4662759 0.0680016
161 E 161 0.0253871 0.1685282 0.2361834 0.0851207 0.0000000 0.0473505 0.1260306 0.0241899 0.0351079 0.0000000 0.0000000 0.0000000 0.0000000 0.0000000 0.0000000 0.0604805 0.0910914 0.0000000 0.0325281 0.0000000 0.0680016
162 E 162 0.1925725 0.0282370 0.1027115 0.0241899 0.0000000 0.0495449 0.0883678 0.0299232 0.0000000 0.0504646 0.0982757 0.0000000 0.0467348 0.0546016 0.0000000 0.0753631 0.0000000 0.0000000 0.0279523 0.0630595 0.0680016
163 V 163 0.0000000 0.0279523 0.0000000 0.0000000 0.0000000 0.0000000 0.0000000 0.0000000 0.0000000 0.3524504 0.0941891 0.0000000 0.0230561 0.0275707 0.0000000 0.0000000 0.0975889 0.0000000 0.0000000 0.2755493 0.1016432
164 Y 164 0.0470263 0.1319789 0.1561933 0.2113476 0.0000000 0.0228755 0.0215078 0.0000000 0.0940090 0.0217309 0.0301288 0.0000000 0.0000000 0.0626851 0.0000000 0.0000000 0.0000000 0.0181304 0.0575403 0.0232028 0.1016432
165 N 165 0.1374512 0.0086195 0.2078737 0.2371804 0.0000000 0.0301288 0.0903521 0.0000000 0.0000000 0.0000000 0.0122102 0.0000000 0.0415252 0.0000000 0.0000000 0.0538738 0.0332330 0.0000000 0.0227061 0.0000000 0.1248460
166 F 166 0.0301288 0.0097854 0.0407932 0.0000000 0.0000000 0.0279523 0.0000000 0.0275707 0.0750896 0.0251327 0.1341595 0.0000000 0.0227061 0.2362219 0.0000000 0.0101066 0.0407489 0.0000000 0.1306979 0.0640603 0.1248460
167 F 167 0.0992408 0.0000000 0.0000000 0.0000000 0.0000000 0.0275707 0.0000000 0.0251327 0.0000000 0.0000000 0.0539274 0.0227061 0.1668280 0.2951875 0.0000000 0.0277457 0.0301288 0.0000000 0.0363146 0.0756208 0.1395969
168 R 168 0.1857454 0.1851815 0.0514351 0.0494986 0.0000000 0.0299875 0.0251327 0.0576465 0.0241899 0.0348052 0.0275707 0.0204054 0.0318772 0.0000000 0.0000000 0.0297259 0.0766255 0.0000000 0.0000000 0.0305761 0.1395969
169 D 169 0.0279523 0.0096530 0.2323430 0.0456431 0.0000000 0.0938396 0.0000000 0.0757396 0.0684037 0.0301288 0.0000000 0.0527977 0.0275890 0.0000000 0.0000000 0.1047515 0.0355607 0.0000000 0.0000000 0.0000000 0.1955980
170 S 170 0.1000397 0.0000000 0.1264695 0.0195762 0.0252270 0.0512087 0.0626537 0.0000000 0.0000000 0.0217993 0.0411363 0.0117349 0.0000000 0.0291038 0.0000000 0.0958398 0.0472356 0.0000000 0.0000000 0.0000000 0.3679755
171 R 171 0.0000000 0.0390433 0.0662852 0.0299232 0.0000000 0.0309216 0.0000000 0.0946827 0.0177773 0.0325281 0.0275707 0.0000000 0.0000000 0.0000000 0.0000000 0.0770015 0.0343927 0.0000000 0.0000000 0.1666375 0.3832362
172 D 172 0.0604804 0.0429280 0.0157510 0.0650245 0.0131840 0.0577315 0.0000000 0.0000000 0.0000000 0.0936377 0.0195762 0.0792740 0.0000000 0.0000000 0.0000000 0.0370488 0.0241177 0.0000000 0.0277457 0.0638853 0.3996153
173 P 173 0.1613058 0.0000000 0.0277457 0.0275707 0.0000000 0.0177773 0.0000000 0.0131840 0.0000000 0.0000000 0.0127911 0.0000000 0.0000000 0.0000000 0.2617030 0.0000000 0.0000000 0.0000000 0.0000000 0.0626569 0.4152656
174 V 174 0.0624600 0.0000000 0.0179134 0.0130048 0.0000000 0.0369237 0.0128590 0.0325281 0.0000000 0.0432424 0.0117349 0.1268603 0.0127911 0.0000000 0.0000000 0.0000000 0.0722622 0.0232028 0.0215078 0.1000969 0.4126127
175 H 175 0.0561072 0.1523178 0.0127911 0.0000000 0.0000000 0.0363146 0.0000000 0.0479061 0.0607971 0.0000000 0.0210107 0.0336416 0.1052681 0.0000000 0.0000000 0.0000000 0.0000000 0.0000000 0.0867257 0.0275707 0.3595492
176 Q 176 0.0122102 0.0538581 0.0000000 0.0000000 0.0000000 0.0602521 0.0000000 0.0235791 0.0000000 0.0301288 0.0000000 0.0000000 0.0000000 0.0000000 0.3444702 0.1111306 0.0291584 0.0000000 0.0363146 0.0230561 0.2758417
177 A 177 0.1342727 0.0000000 0.1132402 0.0849480 0.0000000 0.0600986 0.0718452 0.1004164 0.0708854 0.0000000 0.0070022 0.0127911 0.0000000 0.0000000 0.0000000 0.0561293 0.0228755 0.0000000 0.0000000 0.0336416 0.2318538
178 L 178 0.1340415 0.0683141 0.0235791 0.0181304 0.0000000 0.0000000 0.0363146 0.0000000 0.0275890 0.1169270 0.0853018 0.0291584 0.0000000 0.0245105 0.0000000 0.0000000 0.0484178 0.0000000 0.0838211 0.0720407 0.2318538
179 N 179 0.0000000 0.0555230 0.2097049 0.0363146 0.0000000 0.0181304 0.0000000 0.0325281 0.0000000 0.0000000 0.0000000 0.0000000 0.0000000 0.0000000 0.1554618 0.1094271 0.1502139 0.0000000 0.0000000 0.0000000 0.2326962
180 W 180 0.0578224 0.0000000 0.0000000 0.0000000 0.0000000 0.0000000 0.0000000 0.0000000 0.0000000 0.0235791 0.0336416 0.0000000 0.0000000 0.1713778 0.0000000 0.0279523 0.0275707 0.5178693 0.0000000 0.0291584 0.1110283
