  214         A         R         N         D         C         Q         E         G         H         I         L         K         M         F         P         S         T         W         Y         V    
  1 M   1 0.0000000 0.0000000 0.0000000 0.0000000 0.0000000 0.0000000 0.0000000 0.0000000 0.0000000 0.0670376 0.0589719 0.0000000 0.8278788 0.0071665 0.0000000 0.0000000 0.0000000 0.0000000 0.0000000 0.0389452
  2 R   2 0.0000000 0.4436412 0.3541865 0.0067411 0.0000000 0.0105035 0.0000000 0.0000000 0.0174963 0.0163276 0.0000000 0.1379027 0.0000000 0.0000000 0.0000000 0.0000000 0.0000000 0.0000000 0.0132009 0.0000000
  3 I   3 0.0625881 0.0000000 0.0000000 0.0000000 0.0020910 0.0000000 0.0000000 0.0011893 0.0000000 0.4350049 0.3382804 0.0000000 0.0506463 0.0192371 0.0000000 0.0000000 0.0142057 0.0034689 0.0036145 0.0696738
  4 I   4 0.0038320 0.0000000 0.0000000 0.0000000 0.0000000 0.0000000 0.0000000 0.0000000 0.0000000 0.6010587 0.0818936 0.0000000 0.0184893 0.0126326 0.0000000 0.0000000 0.0000000 0.0000000 0.0013814 0.2807123
  5 L   5 0.0000000 0.0000000 0.0000000 0.0000000 0.0000000 0.0000000 0.0000000 0.0000000 0.0000000 0.0657663 0.7546913 0.0000000 0.0410446 0.1357236 0.0000000 0.0000000 0.0000000 0.0000000 0.0000000 0.0027741
  6 L   6 0.0000000 0.0000000 0.0000000 0.0000000 0.0000000 0.0000000 0.0087287 0.0000000 0.0000000 0.0947830 0.6186422 0.0000000 0.1779042 0.0545355 0.0000000 0.0000000 0.0000000 0.0000000 0.0000000 0.0454064
  7 G   7 0.0000000 0.0000000 0.0000000 0.0000000 0.0000000 0.0000000 0.0000000 0.9916004 0.0000000 0.0000000 0.0000000 0.0000000 0.0000000 0.0000000 0.0000000 0.0000000 0.0000000 0.0000000 0.0000000 0.0083996
  8 A   8 0.3175286 0.0038094 0.0000000 0.0000000 0.0017286 0.0000000 0.0000000 0.0152000 0.0000000 0.0000000 0.0958553 0.0000000 0.0035994 0.0000000 0.5510852 0.0076840 0.0000000 0.0000000 0.0000000 0.0035096
  9 P   9 0.0150926 0.0000000 0.0000000 0.0000000 0.0000000 0.0074847 0.0000000 0.0000000 0.0000000 0.0000000 0.0000000 0.0000000 0.0000000 0.0000000 0.9774227 0.0000000 0.0000000 0.0000000 0.0000000 0.0000000
 10 G  10 0.0000000 0.0083996 0.0072144 0.0000000 0.0000000 0.0000000 0.0000000 0.9823310 0.0000000 0.0000000 0.0000000 0.0000000 0.0000000 0.0000000 0.0000000 0.0020549 0.0000000 0.0000000 0.0000000 0.0000000
 11 A  11 0.8049709 0.0000000 0.0000000 0.0000000 0.0212480 0.0000000 0.0000000 0.0024699 0.0000000 0.0023784 0.0000000 0.0000000 0.0000000 0.0000000 0.0000000 0.1348337 0.0086834 0.0000000 0.0000000 0.0254157
 12 G  12 0.0000000 0.0000000 0.0000000 0.0000000 0.0000000 0.0000000 0.0000000 1.0000000 0.0000000 0.0000000 0.0000000 0.0000000 0.0000000 0.0000000 0.0000000 0.0000000 0.0000000 0.0000000 0.0000000 0.0000000
 13 K  13 0.0000000 0.0000000 0.0000000 0.0000000 0.0000000 0.0000000 0.0000000 0.0000000 0.0000000 0.0000000 0.0000000 1.0000000 0.0000000 0.0000000 0.0000000 0.0000000 0.0000000 0.0000000 0.0000000 0.0000000
 14 G  14 0.0000000 0.0000000 0.0000000 0.0000000 0.0000000 0.0000000 0.0000000 1.0000000 0.0000000 0.0000000 0.0000000 0.0000000 0.0000000 0.0000000 0.0000000 0.0000000 0.0000000 0.0000000 0.0000000 0.0000000
 15 T  15 0.0000000 0.0000000 0.0000000 0.0000000 0.0000000 0.0000000 0.0000000 0.0000000 0.0000000 0.0000000 0.0000000 0.0000000 0.0000000 0.0000000 0.0000000 0.0105440 0.9871592 0.0000000 0.0000000 0.0022968
 16 Q  16 0.0034575 0.0083854 0.0000000 0.0000000 0.0000000 0.8786256 0.0000000 0.0000000 0.0205127 0.0144819 0.0258217 0.0000000 0.0118243 0.0038270 0.0000000 0.0000000 0.0013125 0.0000000 0.0160703 0.0156812
 17 A  17 0.8332124 0.0000000 0.0000000 0.0000000 0.0056081 0.0000000 0.0000000 0.0208573 0.0000000 0.0000000 0.0000000 0.0000000 0.0000000 0.0000000 0.0000000 0.1381741 0.0000000 0.0000000 0.0000000 0.0021480
 18 Q  18 0.1281752 0.0460054 0.0301786 0.0183767 0.0000000 0.1432006 0.1383223 0.0110939 0.0087580 0.0037381 0.0105230 0.2019609 0.0000000 0.0012758 0.1378553 0.0539040 0.0381293 0.0000000 0.0043312 0.0241718
 19 F  19 0.0102099 0.1934358 0.0346210 0.0074297 0.0000000 0.0212983 0.0326180 0.0079284 0.0105047 0.0508083 0.0877012 0.2188720 0.0405019 0.1848892 0.0032431 0.0224615 0.0076112 0.0008941 0.0423316 0.0226401
 20 I  20 0.0118089 0.0000000 0.0000000 0.0000000 0.0000000 0.0000000 0.0000000 0.0000000 0.0000000 0.4974047 0.4229602 0.0000000 0.0188100 0.0072432 0.0000000 0.0000000 0.0000000 0.0000000 0.0000000 0.0417729
 21 M  21 0.1481201 0.0325020 0.0060038 0.0010530 0.0518901 0.0230023 0.0521554 0.0000000 0.0000000 0.0619066 0.0116814 0.1383487 0.0583588 0.0026156 0.0000000 0.0995623 0.0743561 0.0000000 0.0045730 0.2338709
 22 E  22 0.0920151 0.0289272 0.0337266 0.1561534 0.0000000 0.0700558 0.4062336 0.0099516 0.0113091 0.0026821 0.0012981 0.1378115 0.0025441 0.0000000 0.0000000 0.0323909 0.0104894 0.0000000 0.0011408 0.0032707
 23 K  23 0.0450533 0.1156507 0.0340943 0.0567491 0.0031860 0.0351972 0.1717145 0.0021865 0.0438884 0.0137748 0.0132754 0.3515706 0.0024866 0.0051952 0.0000000 0.0331176 0.0553625 0.0023304 0.0122786 0.0028884
 24 Y  24 0.0011391 0.0281748 0.0044872 0.0071336 0.0045797 0.0018085 0.0084255 0.0000000 0.0376794 0.0017090 0.1287780 0.0083853 0.0022474 0.3257017 0.0000000 0.0000000 0.0146017 0.0015143 0.4236349 0.0000000
 25 G  25 0.0252381 0.0099325 0.1165809 0.0660706 0.1295981 0.0428229 0.0247992 0.3900810 0.0366128 0.0012204 0.0021468 0.0542549 0.0000000 0.0015266 0.0112337 0.0832668 0.0034692 0.0000000 0.0011454 0.0000000
 26 I  26 0.0263288 0.0000000 0.0000000 0.0000000 0.0113279 0.0000000 0.0000000 0.0039458 0.0000000 0.5491820 0.1404951 0.0000000 0.0504984 0.0188395 0.0000000 0.0088552 0.0110896 0.0019258 0.0105177 0.1669941
 27 P  27 0.0736962 0.0098334 0.0089734 0.0000000 0.1608762 0.0056367 0.0104988 0.0008473 0.0000000 0.0133141 0.0016651 0.0193181 0.0028086 0.0000000 0.5739975 0.0051226 0.0179819 0.0000000 0.0045928 0.0908374
 28 Q  28 0.0056435 0.0027720 0.0000000 0.0000000 0.0016926 0.3623871 0.0000000 0.0000000 0.5796829 0.0021065 0.0000000 0.0245162 0.0000000 0.0000000 0.0000000 0.0013851 0.0124146 0.0000000 0.0060163 0.0013833
 29 I  29 0.0000000 0.0000000 0.0000000 0.0000000 0.0000000 0.0000000 0.0000000 0.0000000 0.0000000 0.6924407 0.2593543 0.0000000 0.0000000 0.0042819 0.0000000 0.0000000 0.0000000 0.0000000 0.0000000 0.0439230
 30 S  30 0.1508672 0.0000000 0.0000000 0.0000000 0.0000000 0.0000000 0.0000000 0.0000000 0.0000000 0.0000000 0.0000000 0.0000000 0.0000000 0.0000000 0.0000000 0.8414715 0.0050275 0.0000000 0.0000000 0.0026338
 31 T  31 0.0039543 0.0000000 0.0000000 0.0000000 0.0000000 0.0000000 0.0000000 0.0000000 0.0000000 0.0000000 0.0000000 0.0000000 0.0000000 0.0000000 0.0000000 0.0331750 0.9628707 0.0000000 0.0000000 0.0000000
 32 G  32 0.0000000 0.0000000 0.0000000 0.0000000 0.0000000 0.0000000 0.0000000 0.9912880 0.0000000 0.0000000 0.0000000 0.0000000 0.0000000 0.0000000 0.0000000 0.0087120 0.0000000 0.0000000 0.0000000 0.0000000
 33 D  33 0.0056524 0.0000000 0.0345343 0.9493411 0.0000000 0.0015613 0.0059231 0.0000000 0.0000000 0.0000000 0.0000000 0.0000000 0.0000000 0.0000000 0.0000000 0.0029879 0.0000000 0.0000000 0.0000000 0.0000000
 34 M  34 0.0123138 0.0000000 0.0000000 0.0000000 0.0000000 0.0000000 0.0000000 0.0000000 0.0000000 0.2801342 0.1351488 0.0050487 0.5673545 0.0000000 0.0000000 0.0000000 0.0000000 0.0000000 0.0000000 0.0000000
 35 L  35 0.0000000 0.0000000 0.0000000 0.0000000 0.0000000 0.0000000 0.0000000 0.0000000 0.0000000 0.0085709 0.6489296 0.0000000 0.0000000 0.3424994 0.0000000 0.0000000 0.0000000 0.0000000 0.0000000 0.0000000
 36 R  36 0.0000000 1.0000000 0.0000000 0.0000000 0.0000000 0.0000000 0.0000000 0.0000000 0.0000000 0.0000000 0.0000000 0.0000000 0.0000000 0.0000000 0.0000000 0.0000000 0.0000000 0.0000000 0.0000000 0.0000000
 37 A  37 0.5586737 0.0042565 0.0096485 0.0323989 0.0000000 0.0190748 0.1767633 0.0066242 0.0059282 0.0009786 0.0110356 0.0465005 0.0000000 0.0000000 0.0000000 0.0745970 0.0195011 0.0000000 0.0204370 0.0135821
 38 A  38 0.6266036 0.0000000 0.1651208 0.0000000 0.0000000 0.0424304 0.0749553 0.0000000 0.0359927 0.0017147 0.0030741 0.0000000 0.0193202 0.0000000 0.0000000 0.0086939 0.0126883 0.0000000 0.0000000 0.0094061
 39 V  39 0.0088010 0.0150221 0.0000000 0.0000000 0.0000000 0.0000000 0.0000000 0.0000000 0.0000000 0.3270185 0.0373935 0.0152091 0.0716122 0.0000000 0.0000000 0.0000000 0.0000000 0.0000000 0.0000000 0.5249436
 40 K  40 0.2562748 0.0710624 0.0202663 0.0150579 0.0000000 0.0347623 0.0126945 0.0057988 0.0112239 0.0014882 0.0017325 0.4469534 0.0010110 0.0000000 0.0000000 0.0952460 0.0250106 0.0000000 0.0000000 0.0014174
 41 S  41 0.2868903 0.0244703 0.1910026 0.0379156 0.0000000 0.0661474 0.1569444 0.0254229 0.0034970 0.0000000 0.0055337 0.0777015 0.0072062 0.0000000 0.0000000 0.1054578 0.0104453 0.0000000 0.0000000 0.0013650
 42 G  42 0.0098225 0.0093371 0.0347505 0.0136271 0.0016784 0.1112339 0.0854101 0.5883982 0.0054863 0.0000000 0.0015157 0.1272384 0.0034871 0.0000000 0.0000000 0.0080146 0.0000000 0.0000000 0.0000000 0.0000000
 43 S  43 0.0000000 0.0000000 0.0080814 0.0047854 0.0000000 0.0000000 0.0000000 0.0028366 0.0000000 0.0000000 0.0000000 0.0027660 0.0000000 0.0000000 0.0000000 0.1649732 0.8165574 0.0000000 0.0000000 0.0000000
 44 E  44 0.0603512 0.0017872 0.0055337 0.0626136 0.0000000 0.0176247 0.4577473 0.0040957 0.0000000 0.0023813 0.0013976 0.0416074 0.0000000 0.0000000 0.3128517 0.0171480 0.0083745 0.0000000 0.0000000 0.0064861
 45 L  45 0.0217077 0.0000000 0.0061251 0.0000000 0.0000000 0.0000000 0.0000000 0.0000000 0.0000000 0.0548476 0.7208302 0.0000000 0.0836111 0.0148034 0.0000000 0.0086933 0.0155115 0.0065855 0.0194417 0.0478429
 46 G  46 0.0000000 0.0000000 0.0000000 0.0000000 0.0000000 0.0000000 0.0000000 1.0000000 0.0000000 0.0000000 0.0000000 0.0000000 0.0000000 0.0000000 0.0000000 0.0000000 0.0000000 0.0000000 0.0000000 0.0000000
 47 K  47 0.0142014 0.0708981 0.0087277 0.0029879 0.0012297 0.0589177 0.0108744 0.0025565 0.0015130 0.0799224 0.2704601 0.3346954 0.0294042 0.0023908 0.0000000 0.0030800 0.0181176 0.0000000 0.0000000 0.0900230
 48 Q  48 0.0449662 0.0450243 0.0039738 0.0017686 0.0000000 0.1613499 0.2217158 0.0000000 0.0021881 0.0236214 0.0705789 0.3836599 0.0158334 0.0000000 0.0000000 0.0029885 0.0119029 0.0000000 0.0000000 0.0104281
 49 A  49 0.8094488 0.0000000 0.0000000 0.0000000 0.0000000 0.0000000 0.0000000 0.0000000 0.0000000 0.0301077 0.0430993 0.0000000 0.0000000 0.0018346 0.0050167 0.0000000 0.0000000 0.0000000 0.0000000 0.1104928
 50 K  50 0.0201514 0.0221702 0.0000000 0.0081242 0.0025717 0.0555299 0.0237887 0.0103096 0.0000000 0.0000000 0.0000000 0.8497542 0.0000000 0.0000000 0.0000000 0.0076002 0.0000000 0.0000000 0.0000000 0.0000000
 51 D  51 0.1940921 0.0121693 0.0178551 0.0302669 0.0000000 0.0358636 0.1861477 0.0482806 0.0018652 0.0011540 0.0027476 0.1873048 0.0000000 0.0024504 0.0101705 0.2013661 0.0421684 0.0000000 0.0087539 0.0173438
 52 I  52 0.0624203 0.0000000 0.0000000 0.0000000 0.0038098 0.0000000 0.0000000 0.0000000 0.0043051 0.2137468 0.0432413 0.0044721 0.0000000 0.1239622 0.0000000 0.0019258 0.0239779 0.0000000 0.3489014 0.1692373
 53 M  53 0.0000000 0.0000000 0.0000000 0.0000000 0.0000000 0.0000000 0.0000000 0.0000000 0.0000000 0.1496869 0.0461819 0.0000000 0.7709781 0.0000000 0.0000000 0.0021507 0.0108718 0.0000000 0.0000000 0.0201306
 54 D  54 0.0456742 0.0023693 0.0397557 0.7283451 0.0000000 0.0140102 0.1222945 0.0025717 0.0000000 0.0012675 0.0000000 0.0276702 0.0000000 0.0000000 0.0026053 0.0070284 0.0035669 0.0000000 0.0000000 0.0028409
 55 A  55 0.3441915 0.0744643 0.0336433 0.0135294 0.0000000 0.1070147 0.0656024 0.0098660 0.0014152 0.0000000 0.0030326 0.1848535 0.0011540 0.0063840 0.0000000 0.1428598 0.0085582 0.0000000 0.0000000 0.0034311
 56 G  56 0.0000000 0.0000000 0.0000000 0.0000000 0.0000000 0.0000000 0.0000000 1.0000000 0.0000000 0.0000000 0.0000000 0.0000000 0.0000000 0.0000000 0.0000000 0.0000000 0.0000000 0.0000000 0.0000000 0.0000000
 57 K  57 0.0818296 0.0121446 0.0450281 0.0612506 0.0000000 0.1484142 0.1792143 0.1589651 0.0162150 0.0037702 0.0711226 0.2027802 0.0062705 0.0000000 0.0000000 0.0101726 0.0008585 0.0000000 0.0000000 0.0019640
 58 L  58 0.0000000 0.0000000 0.0000000 0.0000000 0.0000000 0.0000000 0.0000000 0.0000000 0.0000000 0.0000000 0.9854366 0.0000000 0.0000000 0.0059919 0.0000000 0.0000000 0.0000000 0.0000000 0.0085716 0.0000000
 59 V  59 0.0000000 0.0000000 0.0000000 0.0000000 0.0000000 0.0000000 0.0000000 0.0000000 0.0000000 0.0248410 0.0136535 0.0000000 0.0064111 0.0031983 0.0000000 0.0000000 0.0000000 0.0000000 0.0000000 0.9518961
 60 T  60 0.0000000 0.0056720 0.0074447 0.0140224 0.0020547 0.0000000 0.0035865 0.0113586 0.0000000 0.0000000 0.0000000 0.0000000 0.0000000 0.0000000 0.5644175 0.3390574 0.0523861 0.0000000 0.0000000 0.0000000
 61 D  61 0.0000000 0.0000000 0.0055337 0.9944663 0.0000000 0.0000000 0.0000000 0.0000000 0.0000000 0.0000000 0.0000000 0.0000000 0.0000000 0.0000000 0.0000000 0.0000000 0.0000000 0.0000000 0.0000000 0.0000000
 62 E  62 0.0322493 0.0024995 0.0102692 0.3351715 0.0000000 0.0250592 0.5068473 0.0132270 0.0029293 0.0000000 0.0000000 0.0081583 0.0000000 0.0026397 0.0053505 0.0503562 0.0041017 0.0000000 0.0000000 0.0011414
 63 L  63 0.0000000 0.0000000 0.0000000 0.0000000 0.0000000 0.0000000 0.0000000 0.0000000 0.0000000 0.3505853 0.2932483 0.0000000 0.0221969 0.0057016 0.0000000 0.0000000 0.0221383 0.0000000 0.0063840 0.2997457
 64 V  64 0.0017053 0.0000000 0.0000000 0.0000000 0.0000000 0.0000000 0.0000000 0.0000000 0.0000000 0.2334604 0.0127957 0.0000000 0.0761015 0.0000000 0.0000000 0.0000000 0.2749176 0.0000000 0.0000000 0.4010195
 65 I  65 0.0120584 0.0000000 0.1026709 0.0029416 0.0344602 0.0000000 0.0030904 0.0000000 0.0000000 0.5056808 0.0719834 0.0000000 0.0219461 0.0086808 0.0000000 0.0143732 0.0093121 0.0036865 0.0000000 0.2091155
 66 A  66 0.1524698 0.0210535 0.0944081 0.0961724 0.0000000 0.0217284 0.1057397 0.4429863 0.0012253 0.0000000 0.0000000 0.0319713 0.0000000 0.0000000 0.0000000 0.0280777 0.0028409 0.0000000 0.0000000 0.0013264
 67 L  67 0.0000000 0.0000000 0.0000000 0.0000000 0.0000000 0.0000000 0.0000000 0.0000000 0.0000000 0.3364327 0.3869532 0.0000000 0.2462124 0.0000000 0.0000000 0.0000000 0.0000000 0.0000000 0.0000000 0.0304017
 68 V  68 0.0248086 0.0000000 0.0000000 0.0000000 0.0000000 0.0000000 0.0000000 0.0000000 0.0000000 0.2924421 0.0719316 0.0000000 0.0228485 0.0000000 0.0000000 0.0000000 0.0017666 0.0000000 0.0000000 0.5862026
 69 K  69 0.0486452 0.1224146 0.0100201 0.0614348 0.0000000 0.0222687 0.1425993 0.0208804 0.0018248 0.0073543 0.0351158 0.4426265 0.0061057 0.0143886 0.0000000 0.0279888 0.0118900 0.0092564 0.0000000 0.0151859
 70 E  70 0.0310603 0.0089257 0.0357449 0.2721436 0.0000000 0.0145993 0.5275479 0.0106978 0.0092341 0.0000000 0.0021874 0.0441712 0.0000000 0.0000000 0.0000000 0.0345069 0.0049544 0.0000000 0.0042266 0.0000000
 71 R  71 0.0512939 0.7364144 0.0612431 0.0000000 0.0027718 0.0199100 0.0454170 0.0023112 0.0032050 0.0020214 0.0000000 0.0388624 0.0000000 0.0023516 0.0000000 0.0127451 0.0026912 0.0000000 0.0130791 0.0056828
 72 I  72 0.0000000 0.0000000 0.0000000 0.0000000 0.0000000 0.0000000 0.0000000 0.0000000 0.0000000 0.2802743 0.6153191 0.0000000 0.0405323 0.0175903 0.0000000 0.0000000 0.0038331 0.0000000 0.0000000 0.0424509
 73 A  73 0.2363043 0.0240284 0.0252410 0.0852949 0.0021784 0.1117685 0.0919459 0.0277225 0.0102118 0.0030618 0.0231186 0.1274125 0.0088027 0.0000000 0.0024589 0.1583525 0.0535285 0.0000000 0.0000000 0.0085687
 74 Q  74 0.0457907 0.0335922 0.0468216 0.0257670 0.0028413 0.3455553 0.1702170 0.0099270 0.0147518 0.0000000 0.0134476 0.2151609 0.0065829 0.0000000 0.0000000 0.0307176 0.0377441 0.0010830 0.0000000 0.0000000
 75 E  75 0.1048578 0.0016170 0.0492699 0.1892613 0.0000000 0.0069781 0.1004533 0.0167652 0.0098728 0.0028897 0.0249169 0.0376225 0.0107118 0.0009566 0.3905484 0.0393528 0.0041498 0.0000000 0.0040998 0.0056764
 76 D  76 0.0269891 0.0043794 0.0035702 0.7537973 0.0000000 0.0075571 0.1018431 0.0095392 0.0042609 0.0000000 0.0027985 0.0195244 0.0000000 0.0000000 0.0117912 0.0432296 0.0034131 0.0000000 0.0044874 0.0028195
 77 C  77 0.1285240 0.0013780 0.0041700 0.0133156 0.6797953 0.0021978 0.0016487 0.0106075 0.0051919 0.0148284 0.0000000 0.0120839 0.0000000 0.0064678 0.0060307 0.0063245 0.0550745 0.0000000 0.0114664 0.0408951
 78 R  78 0.2376223 0.0699844 0.0137793 0.0296620 0.0000000 0.0965141 0.1203779 0.0222816 0.0075406 0.0137921 0.0071292 0.2922509 0.0022016 0.0008533 0.0021225 0.0536040 0.0113682 0.0000000 0.0000000 0.0189160
 79 N  79 0.0240597 0.0638964 0.3667628 0.0420016 0.0027897 0.0354205 0.0345624 0.0603479 0.0105858 0.0021958 0.0011986 0.2736150 0.0013311 0.0000000 0.0109389 0.0257561 0.0213331 0.0012702 0.0104677 0.0114667
 80 G  80 0.0000000 0.0000000 0.0055242 0.0000000 0.0000000 0.0000000 0.0000000 0.9778698 0.0000000 0.0043111 0.0000000 0.0034694 0.0000000 0.0000000 0.0000000 0.0070194 0.0018061 0.0000000 0.0000000 0.0000000
 81 F  81 0.0261112 0.0000000 0.0000000 0.0000000 0.0222032 0.0000000 0.0000000 0.0000000 0.0000000 0.0157608 0.0000000 0.0000000 0.0032882 0.7071805 0.0000000 0.0000000 0.0000000 0.0212533 0.1430649 0.0611379
 82 L  82 0.0000000 0.0000000 0.0000000 0.0000000 0.0000000 0.0000000 0.0000000 0.0000000 0.0000000 0.4293737 0.4555124 0.0000000 0.0396613 0.0000000 0.0000000 0.0000000 0.0000000 0.0000000 0.0000000 0.0754525
 83 L  83 0.0000000 0.0000000 0.0000000 0.0000000 0.0000000 0.0000000 0.0000000 0.0000000 0.0000000 0.0000000 0.8102686 0.0000000 0.0073026 0.1824288 0.0000000 0.0000000 0.0000000 0.0000000 0.0000000 0.0000000
 84 D  84 0.0000000 0.0000000 0.0000000 0.9955539 0.0000000 0.0000000 0.0044461 0.0000000 0.0000000 0.0000000 0.0000000 0.0000000 0.0000000 0.0000000 0.0000000 0.0000000 0.0000000 0.0000000 0.0000000 0.0000000
 85 G  85 0.0000000 0.0000000 0.0000000 0.0000000 0.0000000 0.0000000 0.0000000 1.0000000 0.0000000 0.0000000 0.0000000 0.0000000 0.0000000 0.0000000 0.0000000 0.0000000 0.0000000 0.0000000 0.0000000 0.0000000
 86 F  86 0.0000000 0.0000000 0.0000000 0.0000000 0.0000000 0.0000000 0.0000000 0.0000000 0.0000000 0.0000000 0.0000000 0.0000000 0.0033073 0.8724786 0.0000000 0.0000000 0.0000000 0.0000000 0.1111986 0.0130155
 87 P  87 0.0000000 0.0000000 0.0000000 0.0000000 0.0000000 0.0000000 0.0000000 0.0000000 0.0000000 0.0000000 0.0000000 0.0000000 0.0000000 0.0000000 1.0000000 0.0000000 0.0000000 0.0000000 0.0000000 0.0000000
 88 R  88 0.0000000 1.0000000 0.0000000 0.0000000 0.0000000 0.0000000 0.0000000 0.0000000 0.0000000 0.0000000 0.0000000 0.0000000 0.0000000 0.0000000 0.0000000 0.0000000 0.0000000 0.0000000 0.0000000 0.0000000
 89 T  89 0.0000000 0.0000000 0.1025268 0.0000000 0.0000000 0.0000000 0.0000000 0.0000000 0.0000000 0.0000000 0.0000000 0.0000000 0.0000000 0.0000000 0.0000000 0.0126110 0.8848622 0.0000000 0.0000000 0.0000000
 90 I  90 0.0142528 0.0149409 0.0014791 0.0012571 0.0014552 0.0055897 0.0167842 0.0000000 0.0000000 0.3731284 0.1696160 0.0056361 0.0084299 0.0027869 0.0102028 0.0065753 0.0583253 0.0000000 0.0010859 0.3084544
 91 P  91 0.2463107 0.0212607 0.0295532 0.0382940 0.0000000 0.0119090 0.0671502 0.0350037 0.0115905 0.0096189 0.0010520 0.0382538 0.0000000 0.0070731 0.3195533 0.0364026 0.0246379 0.0000000 0.0060198 0.0963165
 92 Q  92 0.0000000 0.0000000 0.0000000 0.0000000 0.0000000 0.9958958 0.0000000 0.0000000 0.0000000 0.0000000 0.0041042 0.0000000 0.0000000 0.0000000 0.0000000 0.0000000 0.0000000 0.0000000 0.0000000 0.0000000
 93 A  93 0.9766254 0.0000000 0.0000000 0.0017889 0.0000000 0.0041042 0.0011244 0.0063766 0.0000000 0.0000000 0.0000000 0.0000000 0.0000000 0.0000000 0.0000000 0.0048907 0.0015276 0.0000000 0.0000000 0.0035623
 94 D  94 0.0198604 0.0244035 0.0111635 0.1592107 0.0000000 0.0832922 0.5443682 0.0020812 0.0234008 0.0061734 0.0039638 0.0643883 0.0000000 0.0031185 0.0000000 0.0048766 0.0061954 0.0000000 0.0149205 0.0285830
 95 A  95 0.6323148 0.0110530 0.0000000 0.0035466 0.0000000 0.0121543 0.0285076 0.0281616 0.0010120 0.0081555 0.0117125 0.1109766 0.0509156 0.0121505 0.0000000 0.0378291 0.0122144 0.0049102 0.0231951 0.0111905
 96 M  96 0.0000000 0.0000000 0.0000000 0.0000000 0.0000000 0.0000000 0.0000000 0.0000000 0.0000000 0.0130909 0.8718632 0.0000000 0.0834246 0.0244142 0.0000000 0.0000000 0.0013164 0.0000000 0.0029936 0.0028972
 97 K  97 0.0421139 0.0269822 0.0184835 0.5378170 0.0000000 0.0174332 0.1394071 0.0060590 0.0000000 0.0095649 0.0021074 0.1324982 0.0000000 0.0000000 0.0000000 0.0415269 0.0110071 0.0000000 0.0000000 0.0149996
 98 E  98 0.0983301 0.0372859 0.0379922 0.1275424 0.0000000 0.0490498 0.3926426 0.0208565 0.0024528 0.0000000 0.0013836 0.1580217 0.0000000 0.0000000 0.0000000 0.0355680 0.0311633 0.0000000 0.0000000 0.0077110
 99 A  99 0.1498152 0.0363787 0.0223501 0.0081870 0.0010698 0.0190945 0.0148745 0.0040377 0.0175352 0.1283358 0.2625681 0.0122402 0.2416342 0.0416600 0.0000000 0.0144881 0.0080864 0.0008713 0.0030400 0.0137332
100 G 100 0.0072656 0.0025084 0.1225816 0.0350559 0.0028949 0.0052302 0.0061247 0.5747530 0.0048198 0.0000000 0.1774698 0.0330413 0.0041373 0.0038231 0.0000000 0.0086568 0.0081320 0.0000000 0.0000000 0.0035056
101 I 101 0.0584909 0.0893491 0.0136662 0.0284880 0.0051572 0.1088075 0.0715404 0.0060217 0.0049054 0.1623681 0.0605655 0.1187694 0.0133131 0.0119177 0.0010637 0.0192058 0.0772168 0.0000000 0.0050318 0.1441216
102 N 102 0.0657356 0.0655733 0.0525971 0.0483591 0.0000000 0.0607326 0.0745163 0.0197986 0.0144945 0.0045769 0.0011982 0.3247806 0.0000000 0.0050284 0.1095201 0.0860571 0.0520954 0.0000000 0.0012471 0.0136892
103 V 103 0.0000000 0.0000000 0.0030395 0.0000000 0.0000000 0.0000000 0.0000000 0.0000000 0.0000000 0.3545050 0.4693002 0.0050599 0.0106573 0.0057818 0.0051424 0.0029835 0.0041470 0.0000000 0.0000000 0.1393834
104 D 104 0.0030746 0.0022715 0.0581457 0.7538276 0.0000000 0.0286143 0.0448216 0.0095351 0.0056073 0.0000000 0.0000000 0.0110510 0.0000000 0.0020301 0.0026595 0.0344427 0.0331555 0.0023311 0.0084323 0.0000000
105 Y 105 0.2497044 0.0401260 0.0111966 0.0032300 0.0187977 0.0115797 0.0015276 0.0581246 0.1494832 0.0155324 0.0468212 0.1177196 0.0069322 0.0361937 0.0000000 0.0436309 0.0190685 0.0015425 0.1205570 0.0482320
106 V 106 0.1840847 0.0000000 0.0000000 0.0000000 0.0059836 0.0000000 0.0000000 0.0000000 0.0000000 0.0220048 0.0000000 0.0000000 0.0000000 0.0000000 0.0000000 0.0041549 0.0041307 0.0000000 0.0000000 0.7796411
107 L 107 0.0037957 0.0000000 0.0000000 0.0000000 0.0000000 0.0000000 0.0000000 0.0000000 0.0000000 0.4577913 0.2891273 0.0000000 0.0037232 0.0151607 0.0045323 0.0000000 0.0000000 0.0000000 0.0000000 0.2258695
108 E 108 0.0246636 0.0013411 0.2568700 0.0670252 0.0018064 0.0077095 0.3536330 0.0019662 0.0212526 0.0030363 0.0796529 0.0000000 0.0017288 0.0189608 0.0000000 0.0736301 0.0010491 0.0000000 0.0772755 0.0083988
109 F 109 0.0000000 0.0000000 0.0000000 0.0000000 0.0000000 0.0000000 0.0000000 0.0000000 0.0000000 0.3620783 0.2861966 0.0000000 0.0306008 0.2440406 0.0000000 0.0000000 0.0000000 0.0000000 0.0043380 0.0727457
110 D 110 0.0839822 0.0213179 0.0430280 0.3040236 0.0016531 0.0553229 0.2289094 0.0222909 0.0284085 0.0107501 0.0091142 0.0687524 0.0055405 0.0034857 0.0000000 0.0501981 0.0116524 0.0000000 0.0068779 0.0446922
111 V 111 0.0279615 0.0000000 0.0000000 0.0000000 0.0030668 0.0000000 0.0000000 0.0000000 0.0000000 0.1774286 0.0191778 0.0000000 0.0074004 0.0000000 0.0000000 0.0022479 0.0000000 0.0000000 0.0000000 0.7627169
112 P 112 0.0648396 0.0063611 0.0285288 0.3315577 0.0000000 0.0141212 0.0605822 0.0050984 0.0000000 0.0000000 0.0036670 0.0143339 0.0000000 0.0000000 0.3964245 0.0592109 0.0022889 0.0000000 0.0101493 0.0028366
113 D 113 0.0123385 0.0396442 0.0137225 0.5621339 0.0000000 0.0109752 0.1458946 0.0038392 0.0121820 0.0027765 0.0070644 0.0361377 0.0031507 0.0533141 0.0572981 0.0154885 0.0099034 0.0000000 0.0110361 0.0031004
114 E 114 0.0924624 0.0044032 0.0367209 0.2026237 0.0000000 0.0296822 0.4329274 0.0196083 0.0000000 0.0000000 0.0000000 0.0248331 0.0000000 0.0000000 0.0037677 0.1338295 0.0115011 0.0037957 0.0000000 0.0038448
115 L 115 0.1056879 0.0099281 0.0264972 0.0412358 0.0041327 0.0098511 0.2253729 0.0010748 0.0022143 0.0841884 0.1654193 0.0428324 0.0057699 0.0068007 0.0010528 0.0316150 0.0363218 0.0000000 0.0009368 0.1990680
116 I 116 0.0060061 0.0042727 0.0000000 0.0000000 0.0000000 0.0000000 0.0000000 0.0000000 0.0000000 0.3818300 0.4903088 0.0000000 0.0206844 0.0000000 0.0000000 0.0000000 0.0034970 0.0000000 0.0000000 0.0934009
117 V 117 0.0146333 0.0028707 0.0000000 0.0000000 0.0000000 0.0050852 0.0364210 0.0000000 0.0000000 0.2764046 0.0931068 0.0156372 0.0373568 0.0044841 0.0000000 0.0012775 0.0171194 0.0000000 0.0000000 0.4956033
118 D 118 0.0700001 0.1032062 0.0365264 0.0901860 0.0021693 0.0458375 0.3431383 0.0211123 0.0039813 0.0020723 0.0097093 0.1821547 0.0008265 0.0019749 0.0056458 0.0525283 0.0243355 0.0000000 0.0000000 0.0045952
119 R 119 0.0000000 0.9965237 0.0000000 0.0000000 0.0000000 0.0000000 0.0000000 0.0034763 0.0000000 0.0000000 0.0000000 0.0000000 0.0000000 0.0000000 0.0000000 0.0000000 0.0000000 0.0000000 0.0000000 0.0000000
120 I 120 0.0243846 0.0000000 0.0015304 0.0000000 0.0000000 0.0000000 0.0000000 0.0072127 0.0000000 0.3578403 0.3646187 0.0000000 0.1817774 0.0028071 0.0000000 0.0000000 0.0093862 0.0000000 0.0000000 0.0504426
121 V 121 0.0916780 0.0000000 0.0000000 0.0043297 0.0308136 0.0000000 0.0106687 0.0317164 0.0000000 0.0090364 0.0015102 0.0050318 0.0000000 0.0000000 0.0000000 0.4053142 0.3667859 0.0000000 0.0000000 0.0431153
122 G 122 0.0201387 0.0037835 0.0193758 0.0000000 0.0000000 0.0011732 0.0024112 0.9093057 0.0026174 0.0000000 0.0000000 0.0009822 0.0000000 0.0000000 0.0000000 0.0279937 0.0102681 0.0000000 0.0019506 0.0000000
123 R 123 0.0000000 0.9913067 0.0000000 0.0000000 0.0000000 0.0000000 0.0000000 0.0000000 0.0086933 0.0000000 0.0000000 0.0000000 0.0000000 0.0000000 0.0000000 0.0000000 0.0000000 0.0000000 0.0000000 0.0000000
124 R 124 0.0022442 0.6042324 0.0000000 0.0000000 0.0027960 0.0100992 0.0000000 0.0000000 0.0012582 0.0287502 0.1283499 0.0009744 0.0103266 0.0521679 0.0000000 0.0135052 0.0037943 0.0807496 0.0564140 0.0043379
125 V 125 0.0375691 0.0000000 0.0026228 0.0000000 0.0065537 0.0025305 0.0000000 0.0000000 0.0000000 0.2921832 0.0292208 0.0000000 0.0341925 0.0100069 0.0000000 0.0475524 0.1790791 0.0000000 0.0000000 0.3584891
126 H 126 0.0036520 0.0000000 0.0126117 0.0045432 0.5870637 0.0000000 0.0000000 0.0000000 0.3807982 0.0000000 0.0000000 0.0000000 0.0000000 0.0000000 0.0000000 0.0113311 0.0000000 0.0000000 0.0000000 0.0000000
127 A 127 0.0940648 0.1335708 0.0011297 0.0050429 0.0000000 0.0225047 0.0427463 0.0304238 0.0027795 0.0072504 0.0740893 0.1711205 0.0036903 0.0000000 0.3024452 0.0563340 0.0176535 0.0000000 0.0000000 0.0351544
128 P 128 0.2407983 0.0058794 0.1219219 0.0497510 0.0000000 0.0321208 0.0362659 0.0764372 0.0066478 0.0012247 0.0054055 0.1224387 0.0000000 0.0000000 0.0735809 0.1438923 0.0480370 0.0000000 0.0022445 0.0333542
129 S 129 0.0000000 0.0000000 0.0000000 0.0090055 0.5429094 0.0000000 0.0000000 0.0022600 0.0036689 0.0000000 0.0000000 0.0000000 0.0000000 0.0000000 0.0013928 0.3917033 0.0490602 0.0000000 0.0000000 0.0000000
130 G 130 0.0097930 0.0000000 0.0079733 0.0000000 0.0000000 0.0205682 0.0000000 0.9438936 0.0000000 0.0000000 0.0000000 0.0065912 0.0000000 0.0000000 0.0000000 0.0111807 0.0000000 0.0000000 0.0000000 0.0000000
131 R 131 0.3152363 0.4117040 0.0018762 0.0026909 0.0000000 0.0063042 0.0896716 0.0067276 0.0317864 0.0000000 0.0016818 0.0604796 0.0074660 0.0014173 0.0000000 0.0248526 0.0365382 0.0000000 0.0000000 0.0015673
132 V 132 0.0057766 0.0000000 0.0300537 0.0000000 0.0000000 0.0000000 0.0000000 0.0678765 0.0000000 0.1409061 0.0028541 0.0000000 0.0090625 0.0000000 0.0093718 0.2190964 0.3289452 0.0000000 0.0000000 0.1860571
133 Y 133 0.0000000 0.0022878 0.0000000 0.0000000 0.0000000 0.0000000 0.0000000 0.0035919 0.0022611 0.0000000 0.0000000 0.0000000 0.0000000 0.1047846 0.0000000 0.0000000 0.0000000 0.0103029 0.8767717 0.0000000
134 H 134 0.0000000 0.0026523 0.1269094 0.0036925 0.0000000 0.0000000 0.0000000 0.0000000 0.8593074 0.0000000 0.0000000 0.0000000 0.0000000 0.0000000 0.0000000 0.0054692 0.0019691 0.0000000 0.0000000 0.0000000
135 V 135 0.0062780 0.0243139 0.0045997 0.0865078 0.0000000 0.0000000 0.0600488 0.0000000 0.0000000 0.2056367 0.0910165 0.1014773 0.0158185 0.0000000 0.0036925 0.0079338 0.0728479 0.0000000 0.0036343 0.3161942
136 K 136 0.0106630 0.0418490 0.0070210 0.0399825 0.0000000 0.0197384 0.1507819 0.0080559 0.0128066 0.0946751 0.0758154 0.1899632 0.0123419 0.0094908 0.0000000 0.0288206 0.0887215 0.0000000 0.0393647 0.1699083
137 F 137 0.0120896 0.0000000 0.0454900 0.0032184 0.0000000 0.0095300 0.0000000 0.0060180 0.0290137 0.0000000 0.0163595 0.0000000 0.0018664 0.5609734 0.0000000 0.0517641 0.0493991 0.0033379 0.2109398 0.0000000
138 N 138 0.0743123 0.0274059 0.5164163 0.0343471 0.0022692 0.0138422 0.0113191 0.0000000 0.0377408 0.0102887 0.0208744 0.1419065 0.0271451 0.0125737 0.0000000 0.0449663 0.0159618 0.0000000 0.0028666 0.0057638
139 P 139 0.0337543 0.0132480 0.0011002 0.0092719 0.0000000 0.0325403 0.0000000 0.0060237 0.0014093 0.0021162 0.0102220 0.0453736 0.0036045 0.0000000 0.8302831 0.0023974 0.0041018 0.0000000 0.0000000 0.0045538
140 P 140 0.0026904 0.0000000 0.0000000 0.0026362 0.0000000 0.0014980 0.0038182 0.0052754 0.0000000 0.0078634 0.0000000 0.0000000 0.0000000 0.0036700 0.8433029 0.0630607 0.0585827 0.0022088 0.0024531 0.0029401
141 K 141 0.0812614 0.0501675 0.0026540 0.0009767 0.0000000 0.0397923 0.0191172 0.0022908 0.0054997 0.0067129 0.0095824 0.7021987 0.0022950 0.0000000 0.0270836 0.0128694 0.0178495 0.0000000 0.0000000 0.0196489
142 V 142 0.0474845 0.0384748 0.0218761 0.0100531 0.0000000 0.0629993 0.1146771 0.0081587 0.0068938 0.0551126 0.0076807 0.1286339 0.0010085 0.0019623 0.0112907 0.0147082 0.0545452 0.0000000 0.0000000 0.4144405
143 E 143 0.1454672 0.0042275 0.0118395 0.1457136 0.0014895 0.0161101 0.4426174 0.0186019 0.0135450 0.0072796 0.0018294 0.0107083 0.0029380 0.0035583 0.1320399 0.0156116 0.0133148 0.0012575 0.0086931 0.0031580
144 G 144 0.0125627 0.0000000 0.0576471 0.0606272 0.0000000 0.0068805 0.0230545 0.6851482 0.0017333 0.0000000 0.0108990 0.0014687 0.1104563 0.0022052 0.0017424 0.0083374 0.0068643 0.0063282 0.0040450 0.0000000
145 K 145 0.0062686 0.0535660 0.0016681 0.0000000 0.0056204 0.0119105 0.0049909 0.0000000 0.0033834 0.1792882 0.0484864 0.2802893 0.0013599 0.0026292 0.0041996 0.0075670 0.1004966 0.0000000 0.0094913 0.2787848
146 D 146 0.0000000 0.0000000 0.0000000 0.3982743 0.5907530 0.0000000 0.0066701 0.0043026 0.0000000 0.0000000 0.0000000 0.0000000 0.0000000 0.0000000 0.0000000 0.0000000 0.0000000 0.0000000 0.0000000 0.0000000
147 D 147 0.0021456 0.0000000 0.0163958 0.9346752 0.0000000 0.0000000 0.0071125 0.0030633 0.0000000 0.0000000 0.0000000 0.0065113 0.0000000 0.0000000 0.0206710 0.0034055 0.0060198 0.0000000 0.0000000 0.0000000
148 V 148 0.0439685 0.0526877 0.0440252 0.0221725 0.0045661 0.0146165 0.0763194 0.0034897 0.0054374 0.1476848 0.0690273 0.1539668 0.0022573 0.0051202 0.0000000 0.0283707 0.0116890 0.0000000 0.0260515 0.2885493
149 T 149 0.0000000 0.0000000 0.0031780 0.0637020 0.5219383 0.0000000 0.0036209 0.0029538 0.0000000 0.0026900 0.0000000 0.0088023 0.0000000 0.0000000 0.0000000 0.0098905 0.3832242 0.0000000 0.0000000 0.0000000
150 G 150 0.0104692 0.0030159 0.0273905 0.0076690 0.0000000 0.0095218 0.0249924 0.8665205 0.0048087 0.0000000 0.0014188 0.0096301 0.0000000 0.0000000 0.0064107 0.0263002 0.0018521 0.0000000 0.0000000 0.0000000
151 E 151 0.0392011 0.0009250 0.0096244 0.0267699 0.0000000 0.0134356 0.4038851 0.3287935 0.0069000 0.0013510 0.0000000 0.0047053 0.0000000 0.0000000 0.0000000 0.1218260 0.0311402 0.0029439 0.0000000 0.0084988
152 E 152 0.0354920 0.0145167 0.0119248 0.1591450 0.0000000 0.0305189 0.3247637 0.0159725 0.0106983 0.0022614 0.0158631 0.0657436 0.0008537 0.0013426 0.2678582 0.0108450 0.0263100 0.0000000 0.0010132 0.0048772
153 L 153 0.0000000 0.0000000 0.0000000 0.0000000 0.0000000 0.0022006 0.0029292 0.0000000 0.0000000 0.0141755 0.7983305 0.0000000 0.0282345 0.1028211 0.0000000 0.0000000 0.0105117 0.0000000 0.0074712 0.0333258
154 T 154 0.0030102 0.0025999 0.0012322 0.0000000 0.0000000 0.0041298 0.0118815 0.0000000 0.0114416 0.3234089 0.0099552 0.0521095 0.0167364 0.0295833 0.0000000 0.0137336 0.0519846 0.0000000 0.2277178 0.2404756
155 T 155 0.0014197 0.1363853 0.0018377 0.0000000 0.0008796 0.6782182 0.0019314 0.0000000 0.0128860 0.0582382 0.0290022 0.0249641 0.0047578 0.0000000 0.0000000 0.0027868 0.0325148 0.0027935 0.0000000 0.0113846
156 R 156 0.0000000 1.0000000 0.0000000 0.0000000 0.0000000 0.0000000 0.0000000 0.0000000 0.0000000 0.0000000 0.0000000 0.0000000 0.0000000 0.0000000 0.0000000 0.0000000 0.0000000 0.0000000 0.0000000 0.0000000
157 K 157 0.1468101 0.0042204 0.0105245 0.2609472 0.0000000 0.0156182 0.1609576 0.0042758 0.0043917 0.0018639 0.0000000 0.1118977 0.0000000 0.0000000 0.1002820 0.1607375 0.0138517 0.0000000 0.0000000 0.0036218
158 D 158 0.0000000 0.0000000 0.0000000 1.0000000 0.0000000 0.0000000 0.0000000 0.0000000 0.0000000 0.0000000 0.0000000 0.0000000 0.0000000 0.0000000 0.0000000 0.0000000 0.0000000 0.0000000 0.0000000 0.0000000
159 D 159 0.0000000 0.0000000 0.0000000 0.9865400 0.0000000 0.0000000 0.0134600 0.0000000 0.0000000 0.0000000 0.0000000 0.0000000 0.0000000 0.0000000 0.0000000 0.0000000 0.0000000 0.0000000 0.0000000 0.0000000
160 Q 160 0.0133477 0.0780225 0.2845834 0.0080382 0.0024531 0.0639907 0.0279281 0.0000000 0.0104930 0.0000000 0.0010284 0.3144062 0.0046988 0.0000000 0.0086933 0.0397286 0.1304663 0.0000000 0.0000000 0.0121216
161 E 161 0.1423330 0.0107030 0.0000000 0.0000000 0.0000000 0.0058334 0.5009967 0.0048257 0.0020020 0.0182499 0.0210314 0.0355841 0.0037191 0.0000000 0.2190088 0.0033805 0.0012477 0.0000000 0.0000000 0.0310847
162 E 162 0.0837904 0.0000000 0.0115919 0.1156526 0.0000000 0.0102114 0.6877145 0.0097756 0.0010041 0.0000000 0.0000000 0.0254795 0.0022215 0.0000000 0.0000000 0.0181144 0.0261042 0.0000000 0.0044461 0.0038938
163 T 163 0.1398151 0.0000000 0.0043326 0.0000000 0.0000000 0.0049113 0.0000000 0.0000000 0.0000000 0.0148938 0.0000000 0.0133761 0.0000000 0.0000000 0.0000000 0.0500340 0.6229215 0.0000000 0.0000000 0.1497155
164 V 164 0.0155496 0.0000000 0.0000000 0.0000000 0.0061873 0.0000000 0.0000000 0.0000000 0.0000000 0.1818526 0.1843766 0.0000000 0.0105584 0.0073543 0.0000000 0.0000000 0.0000000 0.0000000 0.0000000 0.5941212
165 R 165 0.0407718 0.3237769 0.0090950 0.0000000 0.0024999 0.0545027 0.0354807 0.0261340 0.0098520 0.0236474 0.0547616 0.3276484 0.0084396 0.0000000 0.0000000 0.0265484 0.0323174 0.0011884 0.0000000 0.0233357
166 K 166 0.0383788 0.0512197 0.1629568 0.0313611 0.0000000 0.0420082 0.0476836 0.0036397 0.0555754 0.0061745 0.0041329 0.3670214 0.0000000 0.0000000 0.0000000 0.0697340 0.0909144 0.0000000 0.0019464 0.0272532
167 R 167 0.0000000 0.9916305 0.0000000 0.0000000 0.0000000 0.0000000 0.0000000 0.0000000 0.0000000 0.0000000 0.0083695 0.0000000 0.0000000 0.0000000 0.0000000 0.0000000 0.0000000 0.0000000 0.0000000 0.0000000
168 L 168 0.0000000 0.0000000 0.0000000 0.0000000 0.0000000 0.0000000 0.0000000 0.0000000 0.0000000 0.0490686 0.8875457 0.0000000 0.0321149 0.0048798 0.0000000 0.0042727 0.0000000 0.0000000 0.0221183 0.0000000
169 V 169 0.1168422 0.0385713 0.0345926 0.1827752 0.0021042 0.0580999 0.2605537 0.0303735 0.0080892 0.0082900 0.0070317 0.1104867 0.0180364 0.0000000 0.0000000 0.0741215 0.0107819 0.0000000 0.0034970 0.0357530
170 E 170 0.1489589 0.0000000 0.0097246 0.0000000 0.0000000 0.0067838 0.0928908 0.0127925 0.0000000 0.0690129 0.0115361 0.0098470 0.0000000 0.0000000 0.0000000 0.0219857 0.0873334 0.0000000 0.0000000 0.5291343
171 Y 171 0.0000000 0.0000000 0.0861643 0.0000000 0.0000000 0.0035231 0.0000000 0.0000000 0.0046181 0.0000000 0.0000000 0.0000000 0.0000000 0.0764669 0.0000000 0.0000000 0.0000000 0.0000000 0.8292276 0.0000000
172 H 172 0.0251543 0.0750130 0.0281290 0.0238196 0.0000000 0.0343715 0.1040703 0.0022602 0.4725458 0.0540392 0.0245862 0.0451147 0.0198885 0.0116290 0.0000000 0.0133344 0.0046622 0.0053151 0.0429955 0.0130717
173 Q 173 0.1460275 0.0360573 0.0511747 0.0622055 0.0000000 0.0817643 0.2488241 0.0068011 0.0000000 0.0011228 0.0080921 0.2138121 0.0000000 0.0000000 0.0000000 0.0761498 0.0656565 0.0000000 0.0000000 0.0023123
174 M 174 0.0050381 0.0000000 0.0247509 0.0058608 0.0000000 0.6767446 0.0809506 0.0000000 0.0100304 0.0089153 0.0219003 0.0735289 0.0297890 0.0031754 0.0000000 0.0293316 0.0268140 0.0000000 0.0016431 0.0015271
175 T 175 0.0070509 0.0000000 0.0226209 0.0000000 0.0000000 0.0051319 0.0000000 0.0172403 0.0109228 0.0035231 0.0000000 0.0000000 0.0054748 0.0099186 0.0000000 0.0143607 0.9025495 0.0000000 0.0000000 0.0012066
176 A 176 0.2785201 0.0405807 0.0036014 0.0129115 0.0008498 0.1041039 0.1984034 0.0058736 0.0021200 0.0066948 0.0129969 0.1309066 0.0108089 0.0080086 0.0000000 0.0991075 0.0523609 0.0000000 0.0096476 0.0225038
177 P 177 0.0099356 0.0000000 0.0000000 0.0035317 0.0000000 0.0030129 0.0029650 0.0000000 0.0036622 0.0010197 0.0064121 0.0076646 0.0000000 0.0000000 0.9451317 0.0000000 0.0016688 0.0000000 0.0000000 0.0149957
178 L 178 0.0000000 0.0000000 0.0000000 0.0000000 0.0000000 0.0000000 0.0000000 0.0000000 0.0000000 0.1182998 0.7532069 0.0000000 0.0043308 0.0000000 0.0000000 0.0000000 0.0000000 0.0000000 0.0000000 0.1241626
179 I 179 0.0238824 0.0078161 0.0000000 0.0000000 0.0015360 0.0000000 0.0089325 0.0000000 0.0000000 0.4842047 0.1449493 0.0409946 0.0056037 0.0033315 0.0000000 0.0010919 0.0053517 0.0000000 0.0000000 0.2723056
180 G 180 0.0862185 0.0079262 0.0370766 0.4255983 0.0023961 0.0231181 0.1734778 0.1001217 0.0035952 0.0000000 0.0013456 0.0356265 0.0000000 0.0000000 0.0397240 0.0475178 0.0153681 0.0000000 0.0000000 0.0008895
181 Y 181 0.0000000 0.0000000 0.0000000 0.0000000 0.0000000 0.0000000 0.0000000 0.0036089 0.0473704 0.0119600 0.0000000 0.0000000 0.0000000 0.2047714 0.0000000 0.0000000 0.0000000 0.0059241 0.7235921 0.0027731
182 Y 182 0.0000000 0.0000000 0.0000000 0.0000000 0.0000000 0.0000000 0.0000000 0.0000000 0.0000000 0.0000000 0.0000000 0.0000000 0.0000000 0.0138669 0.0000000 0.0000000 0.0000000 0.0000000 0.9861331 0.0000000
183 S 183 0.0575501 0.1787804 0.0245247 0.0327907 0.0000000 0.1188083 0.1523346 0.0400981 0.0179384 0.0063783 0.0029073 0.1844628 0.0054315 0.0035496 0.0000000 0.1084821 0.0506579 0.0000000 0.0153054 0.0000000
184 K 184 0.1432013 0.0312764 0.0916984 0.0729761 0.0038716 0.0755501 0.1274052 0.0329269 0.0045108 0.0016724 0.0127450 0.3203171 0.0088512 0.0000000 0.0000000 0.0514293 0.0152164 0.0000000 0.0020724 0.0042794
185 E 185 0.0509110 0.1759723 0.0078419 0.0029764 0.0000000 0.1646308 0.0923139 0.0014195 0.0098458 0.0000000 0.0388785 0.3402850 0.0117216 0.0018710 0.0008248 0.0240866 0.0374797 0.0323774 0.0023475 0.0042163
186 A 186 0.1021868 0.0000000 0.0085936 0.0102978 0.0016050 0.0000000 0.0082911 0.8090222 0.0000000 0.0000000 0.0000000 0.0249709 0.0000000 0.0000000 0.0032979 0.0212908 0.0072043 0.0000000 0.0000000 0.0032395
187 E 187 0.1347151 0.0000000 0.0578019 0.1028812 0.0000000 0.0735527 0.1189484 0.0659273 0.0086587 0.0451284 0.0212999 0.1057170 0.0057385 0.0278159 0.0284628 0.0802944 0.0548603 0.0000000 0.0457911 0.0224063
188 A 188 0.2238524 0.0119653 0.0172498 0.0778096 0.0000000 0.0569784 0.1169199 0.0177270 0.0344445 0.0571984 0.0930719 0.0658449 0.0254719 0.0044886 0.0523712 0.0514511 0.0331754 0.0000000 0.0071045 0.0528753
189 G 189 0.1267791 0.0200246 0.1185366 0.0677534 0.0368115 0.0153451 0.0113957 0.4012744 0.0122656 0.0076636 0.0043192 0.0604088 0.0000000 0.0053432 0.0138628 0.0233284 0.0431047 0.0000000 0.0069520 0.0248312
