  142         A         R         N         D         C         Q         E         G         H         I         L         K         M         F         P         S         T         W         Y         V    
  1 M   1 0.0000000 0.0000000 0.0000000 0.0000000 0.0000000 0.0000000 0.0000000 0.0000000 0.0000000 0.2032617 0.3045684 0.0000000 0.0255770 0.0000000 0.0000000 0.0000000 0.0000000 0.0000000 0.0000000 0.4665929
  2 K   2 0.0181703 0.0399583 0.0734721 0.0385010 0.0000000 0.0604769 0.0558334 0.0176838 0.0182736 0.0070439 0.0047884 0.2960062 0.0000000 0.0000000 0.0000000 0.2601493 0.0735218 0.0000000 0.0000000 0.0361210
  3 S   3 0.0540680 0.1306681 0.0358706 0.0809502 0.0000000 0.0249367 0.1359043 0.0068881 0.0048985 0.0000000 0.0040296 0.1699877 0.0000000 0.0000000 0.0060845 0.1497624 0.1840358 0.0000000 0.0000000 0.0119156
  4 N   4 0.0655976 0.0122092 0.1309636 0.1166525 0.0000000 0.0246950 0.1136285 0.0041556 0.0081128 0.0207955 0.0143223 0.1277597 0.0132821 0.0219121 0.0212899 0.0648664 0.1216744 0.0000000 0.0000000 0.1180828
  5 E   5 0.0295902 0.0418014 0.0076271 0.0295055 0.0071736 0.0876187 0.2739755 0.0243931 0.0027322 0.0434444 0.0064774 0.0625460 0.0024412 0.0054354 0.0368234 0.0512729 0.1558007 0.0088045 0.0000000 0.1225370
  6 H   6 0.0583192 0.0048923 0.0153963 0.0985268 0.0198407 0.0750529 0.0560833 0.2059968 0.0528550 0.0315261 0.0500823 0.0311646 0.0026218 0.0092539 0.0275108 0.1837854 0.0448522 0.0000000 0.0041577 0.0280819
  7 D   7 0.0157288 0.0159085 0.1487645 0.1813489 0.0000000 0.1054916 0.0900073 0.0444453 0.0357085 0.0042970 0.0419147 0.0974758 0.0000000 0.0000000 0.0485273 0.0729928 0.0717790 0.0000000 0.0027702 0.0228398
  8 D   8 0.0309867 0.0070301 0.1763934 0.1783170 0.0000000 0.0132097 0.1521007 0.0266136 0.0038557 0.0118523 0.0239859 0.0232205 0.0047467 0.0171365 0.1507830 0.1146092 0.0489188 0.0000000 0.0097661 0.0064742
  9 C   9 0.0059901 0.0000000 0.0000000 0.0000000 0.9894305 0.0000000 0.0000000 0.0045793 0.0000000 0.0000000 0.0000000 0.0000000 0.0000000 0.0000000 0.0000000 0.0000000 0.0000000 0.0000000 0.0000000 0.0000000
 10 Q  10 0.0593966 0.0536561 0.0051593 0.0028166 0.0000000 0.0921474 0.0304048 0.0173588 0.0143641 0.0693683 0.0280676 0.0816155 0.0191176 0.0075966 0.0000000 0.2004294 0.2114351 0.0016265 0.0267686 0.0786711
 11 V  11 0.0867776 0.0000000 0.0000000 0.0000000 0.0033841 0.0000000 0.0000000 0.0000000 0.0000000 0.1557493 0.1174983 0.0000000 0.0000000 0.1252443 0.0000000 0.0032080 0.0143192 0.0127419 0.0558692 0.4252079
 12 T  12 0.0225924 0.0987897 0.0384206 0.0136617 0.0000000 0.0425045 0.0318621 0.0037272 0.0369138 0.0331392 0.0143735 0.1102201 0.0149040 0.0453280 0.0153797 0.0598245 0.2934375 0.0013302 0.0682761 0.0553152
 13 N  13 0.0050790 0.0000000 0.2666098 0.4744822 0.0000000 0.0000000 0.0416521 0.0127462 0.0113778 0.0066258 0.0111479 0.0069768 0.0051318 0.0046279 0.0000000 0.1359772 0.0089441 0.0000000 0.0038100 0.0048115
 14 P  14 0.0363223 0.0103173 0.0209112 0.0386824 0.0000000 0.0152360 0.0996928 0.0386010 0.0109313 0.0118065 0.0112637 0.0274915 0.0035576 0.0150585 0.4875068 0.0832157 0.0692564 0.0022786 0.0054443 0.0124260
 15 S  15 0.1024244 0.0556917 0.0889820 0.0696307 0.0000000 0.1120365 0.0487412 0.0081711 0.0069008 0.0602582 0.0909174 0.0658506 0.0052570 0.0189548 0.0000000 0.1021121 0.0827549 0.0000000 0.0250879 0.0562289
 16 T  16 0.0467601 0.0090433 0.1159908 0.0505531 0.0000000 0.0095025 0.0195371 0.0692078 0.0539561 0.0015316 0.0548021 0.0290085 0.0061323 0.0076216 0.0000000 0.1832462 0.2871918 0.0000000 0.0433173 0.0125979
 17 G  17 0.0020774 0.0211447 0.1122790 0.0723482 0.0054361 0.0331012 0.0118253 0.5934251 0.0145608 0.0000000 0.0269076 0.0385852 0.0136995 0.0000000 0.0000000 0.0379248 0.0083501 0.0000000 0.0062418 0.0020933
 18 H  18 0.0504232 0.0358411 0.1081696 0.0453901 0.0000000 0.0675051 0.0665715 0.0437615 0.0599325 0.0395474 0.0632438 0.0911413 0.0067115 0.0967870 0.0022076 0.0385552 0.0554108 0.0015623 0.0892661 0.0379725
 19 L  19 0.0161376 0.0431400 0.0271444 0.0088103 0.0000000 0.0632538 0.0855177 0.0085681 0.0251561 0.0403092 0.0902807 0.0318430 0.0154049 0.0854992 0.0042909 0.1192201 0.1406086 0.0016631 0.0969985 0.0961539
 20 F  20 0.0026434 0.0069465 0.0000000 0.0000000 0.0041997 0.0000000 0.0000000 0.0000000 0.0113338 0.1327546 0.0207083 0.0000000 0.0015841 0.3674819 0.0028825 0.0057387 0.0000000 0.0000000 0.4046966 0.0390299
 21 D  21 0.0029861 0.0000000 0.1831555 0.7589003 0.0000000 0.0000000 0.0065425 0.0025548 0.0051523 0.0000000 0.0000000 0.0020750 0.0000000 0.0000000 0.0000000 0.0345149 0.0041186 0.0000000 0.0000000 0.0000000
 22 L  22 0.0020436 0.0000000 0.0000000 0.0000000 0.0000000 0.0000000 0.0066416 0.0000000 0.0000000 0.0241172 0.8237781 0.0000000 0.0111090 0.1079913 0.0000000 0.0040484 0.0000000 0.0037852 0.0133528 0.0031328
 23 S  23 0.0172342 0.0724799 0.1127514 0.0105001 0.0000000 0.0281083 0.0195340 0.0390511 0.0065270 0.0077731 0.0117297 0.0361465 0.0101886 0.0000000 0.0011669 0.4959610 0.1292341 0.0016140 0.0000000 0.0000000
 24 S  24 0.0893927 0.0193764 0.0180159 0.0139753 0.0000000 0.0275909 0.0280740 0.0516250 0.0057498 0.0116980 0.0335130 0.0548519 0.0028315 0.0039066 0.4137064 0.1657303 0.0341070 0.0049462 0.0021071 0.0188019
 25 L  25 0.0000000 0.0000000 0.0000000 0.0128613 0.0000000 0.0000000 0.0030848 0.0029130 0.0000000 0.0520989 0.8947977 0.0000000 0.0091388 0.0123012 0.0033267 0.0012011 0.0035053 0.0017340 0.0030372 0.0000000
 26 S  26 0.1251487 0.0347007 0.0395938 0.0130093 0.0160787 0.0119671 0.0051870 0.0231490 0.0236125 0.1042675 0.0042847 0.1023276 0.0391079 0.0276279 0.0078757 0.2779922 0.0910670 0.0000000 0.0301299 0.0228728
 27 G  27 0.0442955 0.1223226 0.1225818 0.0374433 0.0000000 0.0540438 0.0245234 0.0843547 0.0323385 0.0056973 0.0252645 0.1783021 0.0040584 0.0097338 0.0126505 0.1853534 0.0401584 0.0000000 0.0094927 0.0073855
 28 R  28 0.0648598 0.0669218 0.0502163 0.0588391 0.0000000 0.0593722 0.0650728 0.0161417 0.0139943 0.0457061 0.0446919 0.1400596 0.0126505 0.0044265 0.0276310 0.1496761 0.1075043 0.0093686 0.0331080 0.0297593
 29 A  29 0.0456276 0.0332013 0.0657577 0.1268673 0.0063184 0.0433613 0.0755091 0.0927527 0.0148951 0.0177638 0.0408084 0.0625854 0.0000000 0.0067891 0.0279334 0.1571591 0.1613636 0.0000000 0.0026301 0.0186765
 30 G  30 0.0196506 0.0139791 0.1346630 0.0886904 0.0000000 0.0107959 0.0319333 0.3110466 0.0148932 0.0150441 0.0154336 0.0178151 0.0043533 0.0691549 0.0348919 0.0513950 0.0042521 0.0962562 0.0534121 0.0123396
 31 F  31 0.0254408 0.0089936 0.0663850 0.1091483 0.0016667 0.0156437 0.0868346 0.0296670 0.0884448 0.0097926 0.0085704 0.0199146 0.0015878 0.0551051 0.0110759 0.0691856 0.0139318 0.0894829 0.2731140 0.0160148
 32 T  32 0.1071622 0.0272778 0.0271522 0.0090686 0.0000000 0.0287691 0.0559632 0.0173039 0.0289068 0.0492367 0.0404080 0.0306463 0.0181534 0.0338248 0.0066429 0.0700720 0.1316805 0.0344741 0.1784326 0.1048250
 33 A  33 0.1067411 0.0785433 0.0168976 0.0071157 0.0020664 0.0216040 0.0347712 0.0035020 0.0030292 0.0888276 0.0427576 0.0894417 0.0093177 0.0150176 0.0142961 0.0352903 0.1417669 0.0012732 0.0134974 0.2742433
 34 A  34 0.1003534 0.0199419 0.0197570 0.0739787 0.0016840 0.0193166 0.0324180 0.0967481 0.0091432 0.0426644 0.0326814 0.0501083 0.0212061 0.0294095 0.0263808 0.0958363 0.1450558 0.0045605 0.0166187 0.1621373
 35 Y  35 0.0205270 0.0111046 0.0920745 0.2045526 0.0000000 0.0135899 0.0391654 0.1110934 0.0352246 0.0321390 0.0245913 0.0434770 0.0033217 0.0180001 0.0135310 0.0964869 0.0819797 0.0200811 0.1130953 0.0259649
 36 A  36 0.0720764 0.0397642 0.0860774 0.1953712 0.0000000 0.0165454 0.0332116 0.1121915 0.0207481 0.0230851 0.0178392 0.0560019 0.0026397 0.0216561 0.0440000 0.1555490 0.0595089 0.0015224 0.0133494 0.0288625
 37 K  37 0.0308280 0.0241620 0.0858521 0.1592379 0.0000000 0.0467062 0.0974804 0.0984666 0.0134206 0.0169107 0.0054045 0.1022382 0.0027796 0.0033556 0.0231282 0.1472654 0.0493649 0.0030757 0.0832419 0.0070813
 38 G  38 0.0217245 0.0202145 0.1132079 0.0922612 0.0000000 0.0275643 0.0700104 0.2967478 0.0181656 0.0098167 0.0018550 0.1264652 0.0056433 0.0017707 0.0191424 0.1079011 0.0575045 0.0000000 0.0035406 0.0064644
 39 W  39 0.0792973 0.0764971 0.0393499 0.0398385 0.0000000 0.0141536 0.0335141 0.0582871 0.0295177 0.0194949 0.0278342 0.1192125 0.0084717 0.0369937 0.0056902 0.0388119 0.0686749 0.0084763 0.2663678 0.0295166
 40 G  40 0.0152203 0.0461739 0.1058684 0.0913940 0.0000000 0.0312889 0.0630968 0.0056055 0.0311801 0.0433578 0.0612839 0.0943377 0.0180831 0.0151186 0.0031531 0.0841295 0.2156324 0.0016269 0.0173556 0.0560936
 41 V  41 0.0000000 0.0000000 0.0000000 0.0000000 0.0000000 0.0000000 0.0000000 0.0000000 0.0063483 0.0654264 0.0549783 0.0000000 0.0064402 0.3444727 0.0026280 0.0000000 0.0032071 0.0000000 0.4760015 0.0404976
 42 Y  42 0.0106230 0.0180880 0.0215234 0.0163630 0.0000000 0.0208713 0.0660119 0.0034919 0.0555973 0.0334596 0.0660645 0.0526929 0.0087721 0.1022155 0.0000000 0.0563291 0.0974012 0.0083177 0.3104926 0.0516849
 43 M  43 0.0024775 0.0000000 0.0000000 0.0000000 0.0000000 0.0000000 0.0024980 0.0018022 0.0027504 0.3737895 0.2210588 0.0000000 0.0290190 0.2274343 0.0000000 0.0000000 0.0024071 0.0236879 0.0272585 0.0858168
 44 S  44 0.0213364 0.0410838 0.6374707 0.0073128 0.0026445 0.0290336 0.0000000 0.0654543 0.0038510 0.0000000 0.0025873 0.0156412 0.0000000 0.0000000 0.0000000 0.1583048 0.0117919 0.0000000 0.0000000 0.0034878
 45 I  45 0.0046144 0.0000000 0.0000000 0.0000000 0.0000000 0.0000000 0.0000000 0.0000000 0.0000000 0.3271375 0.1483349 0.0000000 0.0033766 0.0485144 0.0177487 0.0000000 0.0000000 0.0000000 0.0000000 0.4502735
 46 C  46 0.0072297 0.0039987 0.0000000 0.0000000 0.9356129 0.0000000 0.0000000 0.0177326 0.0000000 0.0000000 0.0000000 0.0000000 0.0000000 0.0068749 0.0000000 0.0135815 0.0149697 0.0000000 0.0000000 0.0000000
 47 G  47 0.0604973 0.1439597 0.0441389 0.0316824 0.0000000 0.0752707 0.0316281 0.3734340 0.0208712 0.0062484 0.0031344 0.0568189 0.0029382 0.0064769 0.0131027 0.1020535 0.0259480 0.0000000 0.0000000 0.0017967
 48 E  48 0.0628591 0.0243665 0.0718626 0.0504255 0.0000000 0.0155573 0.1081524 0.0473471 0.0072564 0.0195180 0.0234710 0.0570941 0.0026211 0.0116823 0.2727999 0.1285846 0.0773316 0.0000000 0.0118287 0.0072416
 49 N  49 0.1051452 0.0098609 0.0841979 0.0639109 0.0024314 0.0059667 0.0169761 0.0177563 0.0083990 0.0550310 0.1875141 0.0315822 0.0313228 0.0034314 0.0108998 0.0755222 0.0860955 0.0000000 0.0027979 0.2011586
 50 E  50 0.0570610 0.0200394 0.1508505 0.0468122 0.0028275 0.0440454 0.0670057 0.0242467 0.0149502 0.0475409 0.0235877 0.0723280 0.0043293 0.0011428 0.0838454 0.1623049 0.0797350 0.0000000 0.0058262 0.0915212
 51 N  51 0.0491118 0.0296675 0.0881317 0.0448338 0.0060888 0.0633840 0.0571944 0.1284264 0.0245744 0.0271596 0.0237127 0.0661378 0.0226317 0.0167923 0.0638784 0.1295148 0.0841130 0.0000000 0.0305284 0.0441184
 52 C  52 0.0354481 0.0045016 0.0342142 0.0470042 0.6898743 0.0122909 0.0087794 0.0111777 0.0053881 0.0148953 0.0230569 0.0040670 0.0000000 0.0000000 0.0388067 0.0205859 0.0364134 0.0000000 0.0050847 0.0084117
 53 P  53 0.0612615 0.0277180 0.0389348 0.0473830 0.0299623 0.0521829 0.0151146 0.1352367 0.0161352 0.0124156 0.0210675 0.0275094 0.0046692 0.0036009 0.2607778 0.1050664 0.0574552 0.0325168 0.0072277 0.0437646
 54 P  54 0.0982099 0.0360368 0.0827195 0.0744547 0.0441394 0.0325871 0.0692213 0.0558884 0.0312183 0.0068886 0.0205610 0.0484528 0.0000000 0.0051775 0.1609902 0.1382893 0.0740100 0.0000000 0.0028559 0.0182992
 55 G  55 0.0203580 0.0361621 0.1638090 0.1345671 0.0010659 0.0424413 0.0244059 0.3224862 0.0099247 0.0103667 0.0301983 0.0354212 0.0042227 0.0067293 0.0072823 0.0657179 0.0483987 0.0011120 0.0274791 0.0078516
 56 V  56 0.2829616 0.0048248 0.0165469 0.0215275 0.0199204 0.0090138 0.0077427 0.0160319 0.0000000 0.0588351 0.0057814 0.0000000 0.0154439 0.0060661 0.0072120 0.2470658 0.1029782 0.0000000 0.0096666 0.1683813
 57 G  57 0.3013833 0.0039369 0.0261797 0.0096671 0.0051974 0.0316320 0.0100279 0.2955204 0.0000000 0.0060782 0.0087024 0.0120567 0.0118730 0.0053623 0.0035825 0.2181295 0.0243479 0.0000000 0.0094625 0.0168605
 58 A  58 0.4050638 0.0025180 0.0132743 0.0000000 0.0077419 0.0000000 0.0106172 0.0820893 0.0000000 0.1061122 0.0181473 0.0023318 0.0059266 0.0054617 0.0018800 0.0875089 0.0044720 0.0000000 0.0000000 0.2468551
 59 C  59 0.0042994 0.0000000 0.0000000 0.0013406 0.7666900 0.0057780 0.0044944 0.0303317 0.0000000 0.0166573 0.0144112 0.0000000 0.0015973 0.0446704 0.0000000 0.0171819 0.0075685 0.0024007 0.0627483 0.0198305
 60 F  60 0.0440242 0.0206647 0.0174339 0.0102232 0.0088641 0.3062734 0.0316304 0.0069353 0.0245450 0.0285554 0.1681110 0.0600124 0.0470843 0.0381192 0.0044813 0.0226055 0.0104322 0.0059569 0.1089963 0.0350512
 61 G  61 0.0384722 0.0472015 0.0458445 0.0700201 0.0034657 0.0220290 0.0698167 0.1762685 0.0039411 0.0328419 0.0113483 0.0699974 0.0165450 0.0120319 0.0132200 0.0905762 0.1323319 0.0080239 0.0603501 0.0756740
 62 Q  62 0.0109632 0.0290952 0.1008858 0.1089924 0.0000000 0.0987688 0.0461205 0.1683876 0.0190972 0.0096394 0.0232768 0.1878427 0.0027917 0.0012793 0.0063865 0.1271913 0.0459357 0.0015608 0.0061929 0.0055922
 63 T  63 0.0298842 0.0559909 0.0628619 0.0642709 0.0000000 0.0396501 0.0847181 0.0613568 0.0238286 0.0045026 0.0081895 0.1917511 0.0021668 0.0053307 0.0949655 0.1288365 0.1061776 0.0017275 0.0122925 0.0214981
 64 R  64 0.0614378 0.0449368 0.0746878 0.0492456 0.0200414 0.0369323 0.0589466 0.0546130 0.0174031 0.0347267 0.0396675 0.0715148 0.0029609 0.0309104 0.0518584 0.1142016 0.0972334 0.0026803 0.0899595 0.0460420
 65 I  65 0.0393067 0.0292804 0.0276267 0.0499999 0.0036543 0.0458626 0.0250057 0.0117454 0.0267144 0.1159142 0.0426432 0.0539084 0.0098220 0.0814567 0.0182124 0.0356124 0.0871465 0.0373440 0.1331181 0.1256259
 66 S  66 0.0401773 0.0100628 0.2142111 0.0649677 0.0033706 0.0444199 0.0100308 0.0166996 0.0146184 0.0342048 0.0157410 0.0106277 0.0017346 0.0015394 0.0327988 0.3794053 0.0414947 0.0019561 0.0041243 0.0578149
 67 V  67 0.0725996 0.0098122 0.0020377 0.0058951 0.0168584 0.0149887 0.0056250 0.0254604 0.0000000 0.1722129 0.3950739 0.0081364 0.0349096 0.0476424 0.0000000 0.0104342 0.0241638 0.0025048 0.0217891 0.1298558
 68 G  68 0.0133430 0.0207429 0.0053552 0.0000000 0.0034513 0.0011564 0.0000000 0.8941997 0.0024742 0.0053618 0.0120092 0.0113026 0.0035953 0.0032942 0.0026027 0.0013344 0.0016416 0.0031855 0.0149500 0.0000000
 69 K  69 0.0225365 0.1249730 0.0676024 0.0478430 0.0000000 0.1235569 0.0588387 0.0136195 0.0194162 0.0222064 0.1019316 0.1070266 0.0188494 0.0259000 0.0065669 0.0995243 0.0679320 0.0013530 0.0291063 0.0412172
 70 A  70 0.1432621 0.0121744 0.0072060 0.0081313 0.0000000 0.0642386 0.0367175 0.0237725 0.0000000 0.0694303 0.0920763 0.0142433 0.0108309 0.0862778 0.0756001 0.0770701 0.0408080 0.0197095 0.0605190 0.1579323
 71 N  71 0.0537463 0.0304498 0.2188239 0.0592777 0.0000000 0.0727241 0.0182828 0.0353349 0.0246732 0.0125808 0.0344417 0.0772982 0.0049894 0.0047861 0.0060910 0.2195780 0.0949567 0.0000000 0.0028184 0.0291469
 72 K  72 0.0853637 0.0148813 0.0257095 0.0460950 0.0000000 0.0882287 0.0899588 0.0791079 0.0149573 0.0264582 0.0124767 0.0646410 0.0389168 0.0120645 0.0160727 0.2248835 0.1355920 0.0000000 0.0083448 0.0162474
 73 R  73 0.0244555 0.0625584 0.0661482 0.0493278 0.0000000 0.0794244 0.0542460 0.0720300 0.0267896 0.0286432 0.0455714 0.1082746 0.0156096 0.0190747 0.0577460 0.1101590 0.1447652 0.0098669 0.0090769 0.0162323
 74 L  74 0.0205934 0.0052381 0.0075343 0.0051456 0.0071421 0.0347854 0.0180801 0.0097541 0.0117356 0.0409007 0.3645923 0.0198938 0.0122317 0.0277826 0.2685028 0.0127003 0.0156175 0.0035123 0.0465781 0.0676790
 75 R  75 0.0232154 0.0611713 0.0399478 0.0532505 0.0000000 0.0742084 0.0571276 0.0140151 0.0188450 0.0795531 0.0474198 0.0672435 0.0149064 0.0226534 0.0134255 0.1009156 0.1578160 0.0061717 0.0670879 0.0810262
 76 Y  76 0.0381270 0.0159736 0.0162187 0.0077719 0.0000000 0.0058612 0.0184531 0.0168059 0.0100606 0.0744534 0.0985456 0.0171547 0.0106067 0.1646642 0.0322298 0.0855416 0.0169172 0.0369557 0.2303998 0.1032594
 77 V  77 0.0441755 0.1017276 0.0842538 0.0782707 0.0000000 0.0479186 0.1415001 0.0347295 0.0093443 0.0378993 0.0216314 0.0603595 0.0090186 0.0176471 0.0104916 0.1129542 0.0954525 0.0000000 0.0250289 0.0675966
 78 D  78 0.0340896 0.0237113 0.1718832 0.3232237 0.0000000 0.0178934 0.0798739 0.1525969 0.0070156 0.0000000 0.0040382 0.0297430 0.0000000 0.0000000 0.0089406 0.0778353 0.0573374 0.0000000 0.0064092 0.0054086
 79 Q  79 0.0164125 0.0740935 0.1479792 0.1160589 0.0000000 0.0472764 0.0468120 0.3858931 0.0150753 0.0028687 0.0056187 0.0605589 0.0064950 0.0000000 0.0024917 0.0330468 0.0208034 0.0000000 0.0108389 0.0076771
 80 V  80 0.0503438 0.0569696 0.0350447 0.0683221 0.0000000 0.0477713 0.0525148 0.1816491 0.0099739 0.0340831 0.0372259 0.1074812 0.0244624 0.0250274 0.0047596 0.1030077 0.0538819 0.0217538 0.0209050 0.0648227
 81 L  81 0.0345081 0.0022364 0.0088392 0.0000000 0.0018324 0.0019864 0.0067879 0.0166775 0.0000000 0.2199342 0.4505340 0.0037862 0.0163442 0.0157152 0.0271214 0.0171799 0.0273858 0.0036116 0.0014568 0.1440630
 82 Q  82 0.0201476 0.0408470 0.0067200 0.0420535 0.0000000 0.1217398 0.0381594 0.0073999 0.0127609 0.0652462 0.0737855 0.0764795 0.0349068 0.0216725 0.0000000 0.0818037 0.1706442 0.0000000 0.0568760 0.1287574
 83 L  83 0.0083786 0.0000000 0.0013695 0.0019737 0.0000000 0.0000000 0.0086189 0.0028548 0.0000000 0.1280184 0.6202799 0.0024547 0.0790838 0.0297111 0.0000000 0.0000000 0.0033060 0.0000000 0.0035307 0.1104200
 84 V  84 0.0112604 0.0461164 0.1119035 0.0178657 0.0010698 0.0668551 0.0931413 0.0050518 0.0238726 0.0713283 0.0416003 0.0924719 0.0092361 0.0068896 0.0000000 0.0953873 0.1775797 0.0015571 0.0195791 0.1072342
 85 Y  85 0.0060315 0.0000000 0.0020683 0.0024334 0.0000000 0.0000000 0.0000000 0.0000000 0.0151770 0.0111773 0.0229963 0.0000000 0.0245088 0.1141292 0.0000000 0.0000000 0.0156547 0.0035027 0.7755633 0.0067575
 86 K  86 0.0456096 0.0376510 0.0427662 0.0296379 0.0015798 0.0329605 0.1204766 0.0273166 0.0053758 0.0145456 0.0245550 0.0890762 0.0041569 0.0212575 0.0173547 0.1361542 0.2340365 0.0000000 0.0276819 0.0878074
 87 D  87 0.0119960 0.0137372 0.2245059 0.1621114 0.0000000 0.0148928 0.0260169 0.2231307 0.0328617 0.0000000 0.0099730 0.0415322 0.0107300 0.0116057 0.0035390 0.1626623 0.0404483 0.0000000 0.0057161 0.0045411
 88 G  88 0.0201070 0.0010817 0.0131753 0.0202812 0.0000000 0.0018180 0.0068356 0.7529637 0.0028080 0.0000000 0.0034403 0.0150671 0.0000000 0.0075169 0.0381406 0.0686816 0.0443912 0.0000000 0.0000000 0.0036919
 89 S  89 0.0562445 0.0084719 0.0210002 0.3244640 0.0000000 0.0434573 0.0612760 0.0127307 0.0141277 0.0028151 0.0084696 0.0149731 0.0029277 0.0023468 0.0092965 0.2806671 0.1158621 0.0000000 0.0122053 0.0086645
 90 P  90 0.0639795 0.0311610 0.0376575 0.0295146 0.0000000 0.0363843 0.0504544 0.0165539 0.0162483 0.0288716 0.0676439 0.1474472 0.0179240 0.0353902 0.1956523 0.0756436 0.0677205 0.0039158 0.0281926 0.0496449
 91 C  91 0.0083425 0.0041077 0.0053154 0.0045138 0.8277770 0.0079970 0.0016959 0.0000000 0.0033072 0.0074600 0.0196082 0.0019507 0.0039188 0.0000000 0.0075862 0.0155391 0.0107287 0.0000000 0.0562412 0.0139106
 92 P  92 0.0486399 0.0247862 0.0631956 0.0796687 0.0124457 0.0151002 0.0378340 0.1549888 0.0586902 0.0112817 0.0348490 0.0314445 0.0010934 0.0111517 0.2496692 0.0480938 0.0497710 0.0235237 0.0185810 0.0251917
 93 S  93 0.0694484 0.0389057 0.1775846 0.0997836 0.0197483 0.0502058 0.0442362 0.1225843 0.0143538 0.0053590 0.0150210 0.0546620 0.0102856 0.0141291 0.0159471 0.1478006 0.0725320 0.0012287 0.0051848 0.0209994
 94 K  94 0.0354513 0.0205370 0.1264535 0.1306472 0.0136336 0.0332122 0.0538069 0.2022163 0.0709016 0.0116640 0.0143278 0.0691550 0.0014267 0.0000000 0.0178321 0.1471895 0.0308220 0.0000000 0.0015765 0.0191466
 95 S  95 0.0300737 0.0273342 0.1140391 0.0685204 0.0236412 0.0151278 0.0319115 0.0811843 0.0015980 0.0036498 0.0240060 0.1305231 0.0090703 0.0019089 0.1000446 0.2242187 0.0947359 0.0000000 0.0014402 0.0169724
 96 G  96 0.0582384 0.0330057 0.0719152 0.0305444 0.0018870 0.0335239 0.0417410 0.2704374 0.0375446 0.0407505 0.0143372 0.0650855 0.0080069 0.0097329 0.0303124 0.1106862 0.0931247 0.0000000 0.0037505 0.0453757
 97 L  97 0.0385636 0.1260210 0.0282586 0.0541996 0.0097042 0.0683527 0.0224783 0.0164822 0.0325796 0.0404548 0.0726104 0.1271939 0.0245828 0.0782309 0.0078463 0.0430510 0.0709746 0.0071417 0.0787141 0.0525599
 98 S  98 0.0292412 0.1918964 0.1458495 0.0128643 0.0024954 0.0919414 0.0266272 0.0166836 0.0461750 0.0109858 0.0249534 0.1500730 0.0073876 0.0130400 0.0642132 0.0713816 0.0623123 0.0026722 0.0231828 0.0060241
 99 Y  99 0.0275961 0.3942487 0.0026377 0.0204218 0.0000000 0.0065458 0.0020879 0.0070865 0.0236713 0.0601602 0.0253203 0.1038344 0.0117921 0.0159896 0.0243079 0.0123177 0.0132875 0.0213684 0.1722777 0.0550486
100 K 100 0.0724181 0.0179690 0.0258943 0.0095508 0.0013476 0.0572671 0.0293735 0.0045240 0.0130527 0.0177034 0.0046068 0.0978480 0.0351322 0.0052938 0.0000000 0.4129486 0.1672799 0.0000000 0.0123523 0.0154377
101 S 101 0.0937433 0.0025405 0.0020877 0.0033110 0.0000000 0.0000000 0.0000000 0.0031378 0.0000000 0.0146913 0.0495442 0.0000000 0.0171091 0.0394698 0.0000000 0.2405809 0.4626887 0.0000000 0.0052508 0.0658448
102 V 102 0.0205892 0.0821420 0.0493928 0.0212033 0.0000000 0.0154426 0.0562433 0.0000000 0.0289833 0.1434290 0.0880459 0.0430705 0.0073133 0.0074840 0.0000000 0.0653705 0.2051114 0.0000000 0.0112610 0.1549179
103 I 103 0.0028355 0.0000000 0.0000000 0.0000000 0.0000000 0.0000000 0.0000000 0.0000000 0.0028688 0.6925342 0.0763819 0.0000000 0.0260785 0.0499492 0.0000000 0.0000000 0.0019964 0.0000000 0.0306461 0.1167094
104 S 104 0.0235814 0.1023679 0.0968744 0.0305708 0.0000000 0.0360618 0.0773078 0.0013122 0.0397852 0.0710741 0.0495851 0.0149592 0.0272152 0.0508191 0.0000000 0.1298699 0.1681080 0.0042177 0.0306630 0.0456271
105 F 105 0.0000000 0.0000000 0.0000000 0.0000000 0.0000000 0.0000000 0.0000000 0.0000000 0.0018497 0.0637118 0.1929965 0.0000000 0.0476478 0.6742499 0.0035803 0.0000000 0.0000000 0.0000000 0.0062530 0.0097110
106 V 106 0.0127100 0.0345661 0.0213313 0.0000000 0.0000000 0.0315266 0.0942984 0.0012953 0.0600656 0.1160989 0.1226097 0.0502481 0.0121687 0.0183077 0.0030614 0.0711052 0.1125317 0.0000000 0.0505438 0.1875314
107 C 107 0.0000000 0.0000000 0.0000000 0.0000000 0.9851998 0.0000000 0.0000000 0.0030461 0.0000000 0.0000000 0.0031950 0.0000000 0.0000000 0.0000000 0.0031954 0.0000000 0.0028720 0.0000000 0.0024917 0.0000000
108 R 108 0.0503517 0.0303786 0.1448947 0.3878638 0.0000000 0.0091139 0.0164893 0.0987693 0.0054515 0.0022567 0.0121059 0.0583876 0.0019302 0.0000000 0.0346884 0.1279201 0.0089407 0.0000000 0.0013948 0.0090627
109 P 109 0.0285486 0.1771294 0.0376583 0.0608983 0.0024057 0.0271871 0.0969811 0.0073855 0.0263177 0.0152209 0.0304814 0.1321683 0.0154911 0.0048768 0.2100240 0.0477368 0.0420435 0.0000000 0.0288071 0.0086384
110 E 110 0.0132528 0.0134095 0.0835943 0.1713314 0.0028437 0.0213820 0.1716068 0.1294615 0.0125544 0.0085582 0.0162465 0.0197095 0.0000000 0.0024879 0.0015635 0.1144813 0.1978294 0.0000000 0.0000000 0.0196874
111 A 111 0.2393488 0.0498232 0.0077264 0.0564596 0.0000000 0.0691191 0.0404917 0.0696643 0.0066064 0.0624848 0.0903357 0.0163663 0.0278083 0.0117716 0.0443725 0.0722808 0.0438266 0.0000000 0.0023971 0.0891168
112 G 112 0.0315698 0.0280092 0.0278051 0.0681906 0.0000000 0.0256696 0.0504222 0.2672592 0.0266726 0.0271122 0.1076371 0.0333098 0.0155406 0.0203232 0.0129230 0.0692282 0.0884544 0.0000000 0.0506333 0.0492399
113 P 113 0.0847188 0.0294151 0.0825185 0.0398619 0.0000000 0.0331729 0.0886108 0.0638899 0.0173655 0.0286454 0.0129228 0.0410626 0.0141209 0.0215602 0.1108728 0.1439265 0.1361839 0.0000000 0.0382404 0.0129110
114 T 114 0.0424369 0.0405438 0.1232133 0.0860103 0.0014640 0.0226265 0.0605051 0.0726319 0.0106829 0.0576830 0.0567414 0.0477207 0.0185490 0.0138449 0.0361429 0.1156557 0.1181643 0.0000000 0.0045907 0.0707927
115 N 115 0.1012982 0.0048084 0.0870661 0.0420764 0.0017520 0.0404714 0.0283860 0.3355552 0.0235656 0.0149313 0.0137576 0.0100515 0.0000000 0.0151514 0.0587462 0.1169732 0.0788258 0.0012662 0.0036932 0.0216242
116 R 116 0.0700577 0.1045120 0.0228726 0.0165983 0.0000000 0.0706177 0.0676474 0.0321707 0.0366148 0.0650685 0.0433051 0.0793272 0.0062330 0.0271419 0.0688248 0.1016285 0.0969785 0.0000000 0.0252022 0.0651993
117 P 117 0.0202368 0.0159744 0.0078229 0.0138354 0.0000000 0.0203142 0.0155909 0.0922672 0.0109424 0.0622599 0.0235221 0.0288033 0.0000000 0.0166293 0.5276936 0.0167568 0.0431729 0.0021344 0.0164235 0.0656200
118 M 118 0.0369045 0.0337903 0.0146720 0.0089741 0.0000000 0.0479413 0.1639248 0.0052652 0.0028323 0.0795339 0.0602021 0.0833612 0.0508369 0.0630344 0.0305949 0.1024464 0.0552994 0.0010149 0.0084826 0.1508886
119 L 119 0.0075087 0.0012775 0.0063575 0.0214244 0.0014407 0.0068511 0.0091781 0.0000000 0.0094832 0.0568825 0.2401877 0.0060429 0.0062417 0.2989991 0.0955145 0.0685625 0.0279876 0.0055328 0.0694060 0.0611214
120 I 120 0.0112770 0.0505391 0.0028511 0.0076338 0.0000000 0.0405856 0.0621646 0.0032253 0.0057108 0.1739963 0.1203406 0.0426947 0.0102995 0.0720744 0.0082932 0.0664932 0.0626850 0.0000000 0.0205931 0.2385427
121 S 121 0.0885725 0.0561070 0.0392345 0.0365112 0.0040073 0.0205277 0.0425752 0.1026986 0.0309010 0.0363436 0.0385170 0.0369046 0.0135791 0.0706703 0.0135344 0.1513357 0.0442188 0.0000000 0.0565570 0.1172044
122 L 122 0.0707594 0.0243522 0.0371762 0.0443447 0.0035988 0.0573383 0.0885567 0.0484581 0.0492146 0.0545152 0.0813829 0.0380356 0.0132453 0.0321188 0.0127440 0.1127861 0.1174700 0.0116043 0.0338777 0.0684210
123 D 123 0.0229123 0.0290541 0.0302860 0.1337788 0.0000000 0.0216033 0.3543472 0.0751931 0.0035746 0.0049965 0.0182858 0.0085686 0.0075461 0.0062761 0.0092806 0.1612131 0.0875651 0.0046992 0.0063220 0.0144976
124 K 124 0.0387218 0.0240136 0.0315495 0.0806486 0.0022827 0.0255823 0.2018996 0.0096300 0.0125718 0.0633550 0.0441970 0.0818220 0.0229686 0.0118424 0.0895010 0.0870571 0.1162956 0.0010804 0.0132079 0.0417731
125 Q 125 0.0423981 0.0223547 0.1330035 0.2848464 0.0000000 0.0460525 0.0505095 0.0370488 0.0286149 0.0106233 0.0184304 0.0089013 0.0038907 0.0029265 0.0423821 0.1447710 0.0601157 0.0022787 0.0151898 0.0456621
126 T 126 0.0404697 0.0173587 0.1226714 0.2185402 0.0000000 0.0383826 0.0884660 0.1232169 0.0222559 0.0125859 0.0130249 0.0417282 0.0059198 0.0035407 0.0177282 0.1314741 0.0860035 0.0000000 0.0075889 0.0090444
127 C 127 0.0064218 0.0257957 0.0021395 0.0000000 0.8998748 0.0000000 0.0013943 0.0041824 0.0027032 0.0031521 0.0085126 0.0027672 0.0013441 0.0023760 0.0016756 0.0200199 0.0000000 0.0012365 0.0151646 0.0012397
128 T 128 0.0359399 0.0356424 0.0519044 0.0290482 0.0000000 0.1012846 0.1157643 0.0122792 0.0550307 0.0240036 0.0360574 0.0206291 0.0119673 0.0352666 0.0000000 0.0997319 0.2105036 0.0000000 0.0187042 0.1062428
129 L 129 0.0201107 0.0030833 0.0016019 0.0077747 0.0000000 0.0000000 0.0000000 0.0000000 0.0533261 0.0158413 0.0581374 0.0025748 0.0041951 0.0821418 0.0030389 0.0049610 0.0454118 0.0053763 0.6290886 0.0633361
130 F 130 0.0077015 0.0176562 0.0452902 0.0249647 0.0000000 0.0542380 0.0842149 0.0109509 0.0283986 0.0540157 0.1269152 0.0193447 0.0143118 0.1344011 0.0000000 0.0517118 0.0844756 0.0070081 0.1107669 0.1236339
131 F 131 0.0026251 0.0000000 0.0000000 0.0000000 0.0031390 0.0000000 0.0000000 0.0000000 0.0000000 0.1574131 0.0560572 0.0000000 0.0236889 0.6733647 0.0000000 0.0038057 0.0000000 0.0000000 0.0027806 0.0771257
132 S 132 0.0116461 0.0500565 0.0440068 0.0345561 0.0000000 0.0388085 0.3352033 0.0102720 0.0308072 0.0377252 0.0496015 0.0417799 0.0093609 0.0158682 0.0000000 0.1043725 0.1139903 0.0014838 0.0236555 0.0468058
133 W 133 0.0090882 0.0000000 0.0000000 0.0000000 0.0021502 0.0000000 0.0000000 0.0086620 0.0000000 0.1027952 0.0399945 0.0000000 0.0425044 0.0854841 0.0000000 0.0000000 0.0000000 0.5992650 0.0222767 0.0877798
134 H 134 0.0452181 0.2023380 0.0528322 0.0593358 0.0013097 0.0452813 0.1205296 0.0045424 0.0694618 0.0182614 0.0127039 0.1056647 0.0052925 0.0160502 0.0433819 0.0427975 0.0367600 0.0055483 0.0886124 0.0240785
135 T 135 0.0019364 0.0056924 0.0040112 0.0000000 0.0000000 0.0000000 0.0000000 0.0058261 0.0123698 0.0085721 0.0000000 0.0000000 0.0000000 0.0000000 0.0014079 0.2053027 0.7548815 0.0000000 0.0000000 0.0000000
136 P 136 0.1220953 0.0412881 0.0210751 0.0247183 0.0065419 0.0394252 0.0675073 0.0052256 0.0307473 0.0250155 0.0066382 0.1348165 0.0055556 0.0068432 0.2019871 0.1918507 0.0291992 0.0000000 0.0081021 0.0313679
137 L 137 0.2496693 0.0175964 0.0000000 0.0035385 0.0013107 0.0128022 0.0310212 0.0054128 0.0621181 0.0243120 0.2346687 0.0069124 0.0041604 0.0421197 0.0000000 0.0282855 0.0068404 0.0000000 0.1984097 0.0708221
138 A 138 0.7583121 0.0000000 0.0000000 0.0000000 0.0027825 0.0000000 0.0021537 0.0159410 0.0000000 0.0179137 0.0137297 0.0000000 0.0074301 0.0066211 0.0012402 0.0084045 0.0080884 0.0000000 0.0000000 0.1573829
139 C 139 0.0000000 0.0000000 0.0000000 0.0000000 1.0000000 0.0000000 0.0000000 0.0000000 0.0000000 0.0000000 0.0000000 0.0000000 0.0000000 0.0000000 0.0000000 0.0000000 0.0000000 0.0000000 0.0000000 0.0000000
140 E 140 0.0353307 0.0533423 0.0000000 0.0113891 0.0000000 0.0113433 0.1034574 0.0035727 0.0394716 0.0000000 0.0000000 0.0920217 0.0000000 0.0000000 0.6307787 0.0042282 0.0121696 0.0000000 0.0000000 0.0028948
141 L 141 0.0469350 0.0094169 0.0127479 0.0047982 0.0000000 0.1260204 0.0069347 0.0190411 0.0000000 0.1464212 0.1480688 0.0067404 0.0025456 0.0057963 0.2121872 0.0134866 0.0971291 0.0000000 0.0036131 0.1381176
142 A 142 0.4720789 0.0000000 0.0000000 0.0000000 0.0000000 0.0000000 0.0000000 0.2155079 0.0000000 0.0000000 0.0000000 0.0000000 0.0000000 0.0000000 0.0000000 0.3124133 0.0000000 0.0000000 0.0000000 0.0000000
