   45         A         R         N         D         C         Q         E         G         H         I         L         K         M         F         P         S         T         W         Y         V    
  1 R   1 0.0000000 1.0000000 0.0000000 0.0000000 0.0000000 0.0000000 0.0000000 0.0000000 0.0000000 0.0000000 0.0000000 0.0000000 0.0000000 0.0000000 0.0000000 0.0000000 0.0000000 0.0000000 0.0000000 0.0000000
  2 N   2 0.0000000 0.0000000 0.3456874 0.0000000 0.0000000 0.0000000 0.0000000 0.0000000 0.0000000 0.0000000 0.0000000 0.6543126 0.0000000 0.0000000 0.0000000 0.0000000 0.0000000 0.0000000 0.0000000 0.0000000
  3 T   3 0.0000000 0.0000000 0.0000000 0.0000000 0.0000000 0.0000000 0.0000000 0.0000000 0.0000000 0.0000000 0.0000000 0.0000000 0.0000000 0.0000000 0.0000000 0.4860229 0.5139771 0.0000000 0.0000000 0.0000000
  4 S   4 0.0651740 0.0000000 0.0000000 0.0000000 0.0000000 0.0000000 0.1140373 0.3673886 0.0000000 0.0000000 0.0000000 0.1278805 0.0000000 0.0000000 0.0000000 0.3255196 0.0000000 0.0000000 0.0000000 0.0000000
  5 V   5 0.5084718 0.0000000 0.0000000 0.0000000 0.0000000 0.0000000 0.0000000 0.0000000 0.0000000 0.0000000 0.0000000 0.0000000 0.0000000 0.0000000 0.0000000 0.0000000 0.0000000 0.0000000 0.0000000 0.4915282
  6 M   6 0.0000000 0.0000000 0.0000000 0.0000000 0.0000000 0.0000000 0.0000000 0.0000000 0.0000000 0.0000000 0.0000000 0.0000000 1.0000000 0.0000000 0.0000000 0.0000000 0.0000000 0.0000000 0.0000000 0.0000000
  7 K   7 0.0000000 0.1100204 0.0000000 0.0000000 0.0000000 0.0000000 0.0000000 0.0000000 0.0000000 0.0000000 0.0000000 0.8899796 0.0000000 0.0000000 0.0000000 0.0000000 0.0000000 0.0000000 0.0000000 0.0000000
  8 K   8 0.0000000 0.0878368 0.0192847 0.0000000 0.0000000 0.0000000 0.0000000 0.0000000 0.0661819 0.0000000 0.0000000 0.6968384 0.0000000 0.0000000 0.0000000 0.1298581 0.0000000 0.0000000 0.0000000 0.0000000
  9 G   9 0.0000000 0.0000000 0.0893309 0.0999442 0.0000000 0.0000000 0.0000000 0.8107249 0.0000000 0.0000000 0.0000000 0.0000000 0.0000000 0.0000000 0.0000000 0.0000000 0.0000000 0.0000000 0.0000000 0.0000000
 10 G  10 0.0000000 0.0000000 0.0000000 0.0000000 0.0000000 0.0000000 0.0000000 1.0000000 0.0000000 0.0000000 0.0000000 0.0000000 0.0000000 0.0000000 0.0000000 0.0000000 0.0000000 0.0000000 0.0000000 0.0000000
 11 I  11 0.0000000 0.0000000 0.0000000 0.0000000 0.0000000 0.0000000 0.0000000 0.0000000 0.0000000 0.6057163 0.0855009 0.0000000 0.0000000 0.1147937 0.0000000 0.0000000 0.0000000 0.0000000 0.0000000 0.1939890
 12 F  12 0.0000000 0.0000000 0.0000000 0.0000000 0.0000000 0.0000000 0.0000000 0.0000000 0.0000000 0.0000000 0.1175974 0.0000000 0.0000000 0.8824026 0.0000000 0.0000000 0.0000000 0.0000000 0.0000000 0.0000000
 13 S  13 0.0000000 0.0000000 0.0000000 0.0000000 0.0000000 0.0000000 0.0000000 0.0000000 0.0000000 0.0000000 0.0000000 0.0000000 0.0000000 0.0000000 0.0000000 1.0000000 0.0000000 0.0000000 0.0000000 0.0000000
 14 A  14 0.6716155 0.0000000 0.0000000 0.0000000 0.0000000 0.0000000 0.0000000 0.0000000 0.0000000 0.0000000 0.0000000 0.0000000 0.0000000 0.0000000 0.0503906 0.1742703 0.0385496 0.0651740 0.0000000 0.0000000
 15 E  15 0.0000000 0.0000000 0.0000000 0.3008424 0.0000000 0.0000000 0.6991576 0.0000000 0.0000000 0.0000000 0.0000000 0.0000000 0.0000000 0.0000000 0.0000000 0.0000000 0.0000000 0.0000000 0.0000000 0.0000000
 16 F  16 0.0000000 0.0000000 0.0000000 0.0000000 0.0000000 0.0000000 0.0000000 0.0000000 0.0000000 0.0893309 0.0000000 0.0000000 0.0000000 0.7759423 0.0000000 0.0000000 0.0000000 0.0000000 0.0000000 0.1347268
 17 L  17 0.0000000 0.0000000 0.0000000 0.0000000 0.0000000 0.0000000 0.0000000 0.0000000 0.0000000 0.0000000 0.9348260 0.0000000 0.0651740 0.0000000 0.0000000 0.0000000 0.0000000 0.0000000 0.0000000 0.0000000
 18 K  18 0.0000000 0.0180490 0.0000000 0.0000000 0.0000000 0.0651740 0.0000000 0.0000000 0.0000000 0.0000000 0.0845827 0.6748593 0.0294546 0.0000000 0.0000000 0.1278805 0.0000000 0.0000000 0.0000000 0.0000000
 19 V  19 0.0000000 0.0000000 0.0000000 0.0000000 0.0000000 0.0000000 0.0000000 0.0822203 0.0000000 0.0855291 0.1365884 0.0000000 0.0000000 0.0000000 0.0000000 0.0000000 0.0000000 0.0000000 0.0000000 0.6956622
 20 F  20 0.0000000 0.0000000 0.0000000 0.0000000 0.0000000 0.0000000 0.0000000 0.0000000 0.0000000 0.0308472 0.1488075 0.0000000 0.0000000 0.8203454 0.0000000 0.0000000 0.0000000 0.0000000 0.0000000 0.0000000
 21 L  21 0.0000000 0.0000000 0.0000000 0.0000000 0.0000000 0.0000000 0.0000000 0.0289491 0.0834919 0.4597723 0.3768459 0.0000000 0.0219632 0.0000000 0.0000000 0.0000000 0.0000000 0.0000000 0.0000000 0.0289777
 22 P  22 0.0000000 0.0000000 0.0000000 0.0000000 0.0000000 0.0000000 0.0000000 0.0000000 0.0000000 0.0000000 0.0000000 0.0000000 0.0000000 0.0000000 0.9177797 0.0822203 0.0000000 0.0000000 0.0000000 0.0000000
 23 S  23 0.0000000 0.0000000 0.0000000 0.0000000 0.0000000 0.0000000 0.0000000 0.0000000 0.0000000 0.0822203 0.0000000 0.0000000 0.0000000 0.0000000 0.0000000 0.9177797 0.0000000 0.0000000 0.0000000 0.0000000
 24 L  24 0.0000000 0.0000000 0.0000000 0.0000000 0.0000000 0.0000000 0.0000000 0.0000000 0.0000000 0.1545049 0.7378119 0.0000000 0.0000000 0.0254629 0.0000000 0.0822203 0.0000000 0.0000000 0.0000000 0.0000000
 25 L  25 0.0000000 0.0000000 0.0000000 0.0000000 0.0000000 0.0000000 0.0000000 0.0000000 0.0000000 0.2240057 0.4332715 0.0000000 0.0000000 0.2473448 0.0000000 0.0000000 0.0000000 0.0000000 0.0000000 0.0953780
 26 L  26 0.1140373 0.0000000 0.0000000 0.0000000 0.0000000 0.0000000 0.0000000 0.0000000 0.0822203 0.2498699 0.5316444 0.0000000 0.0000000 0.0000000 0.0000000 0.0000000 0.0000000 0.0000000 0.0000000 0.0222281
 27 S  27 0.0000000 0.0000000 0.0000000 0.0000000 0.0000000 0.0000000 0.0000000 0.0000000 0.0000000 0.0822203 0.0000000 0.0000000 0.0000000 0.0000000 0.0000000 0.7030964 0.2146832 0.0000000 0.0000000 0.0000000
 28 H  28 0.0000000 0.0000000 0.1545049 0.0000000 0.0000000 0.0000000 0.0000000 0.0000000 0.7632748 0.0000000 0.0000000 0.0000000 0.0000000 0.0000000 0.0000000 0.0822203 0.0000000 0.0000000 0.0000000 0.0000000
 29 L  29 0.0275381 0.0000000 0.0000000 0.0000000 0.0822203 0.0000000 0.0000000 0.0000000 0.0000000 0.3468059 0.3686237 0.0000000 0.0000000 0.0173504 0.0000000 0.0000000 0.0000000 0.0000000 0.0000000 0.1574616
 30 L  30 0.0000000 0.0000000 0.0000000 0.0000000 0.0000000 0.0000000 0.0000000 0.0000000 0.0000000 0.0000000 0.7324276 0.0000000 0.0960212 0.1715512 0.0000000 0.0000000 0.0000000 0.0000000 0.0000000 0.0000000
 31 A  31 0.7174600 0.0000000 0.0000000 0.0000000 0.0000000 0.0000000 0.0000000 0.0822203 0.0000000 0.0000000 0.0000000 0.0000000 0.0000000 0.0000000 0.0000000 0.0000000 0.1525869 0.0000000 0.0000000 0.0477328
 32 I  32 0.0000000 0.0000000 0.0000000 0.0000000 0.0000000 0.0000000 0.0000000 0.0000000 0.0000000 0.1902934 0.6093063 0.0000000 0.0000000 0.0651740 0.0000000 0.0000000 0.0000000 0.0000000 0.0000000 0.1352262
 33 G  33 0.0000000 0.0000000 0.0000000 0.0000000 0.0000000 0.0000000 0.0000000 1.0000000 0.0000000 0.0000000 0.0000000 0.0000000 0.0000000 0.0000000 0.0000000 0.0000000 0.0000000 0.0000000 0.0000000 0.0000000
 34 L  34 0.0000000 0.0000000 0.0000000 0.0000000 0.0000000 0.0000000 0.0000000 0.0000000 0.0000000 0.0868028 0.6988176 0.0000000 0.0893309 0.0000000 0.0000000 0.0000000 0.0000000 0.0000000 0.0000000 0.1250487
 35 G  35 0.0000000 0.0000000 0.0000000 0.0000000 0.0000000 0.0000000 0.0000000 1.0000000 0.0000000 0.0000000 0.0000000 0.0000000 0.0000000 0.0000000 0.0000000 0.0000000 0.0000000 0.0000000 0.0000000 0.0000000
 36 I  36 0.0000000 0.0000000 0.0000000 0.0000000 0.0000000 0.0000000 0.0000000 0.0000000 0.0000000 0.6391771 0.0000000 0.0000000 0.0000000 0.0000000 0.0000000 0.0000000 0.0000000 0.0000000 0.0000000 0.3608229
 37 Y  37 0.0000000 0.0000000 0.0000000 0.0000000 0.0243068 0.0000000 0.0000000 0.0000000 0.0000000 0.0000000 0.0000000 0.0000000 0.0000000 0.0905219 0.0000000 0.0000000 0.0000000 0.0000000 0.8851712 0.0000000
 38 I  38 0.0000000 0.0000000 0.0000000 0.0000000 0.0000000 0.0000000 0.0000000 0.0000000 0.0000000 0.9647662 0.0352338 0.0000000 0.0000000 0.0000000 0.0000000 0.0000000 0.0000000 0.0000000 0.0000000 0.0000000
 39 G  39 0.0000000 0.0000000 0.0000000 0.0000000 0.0000000 0.0000000 0.0000000 1.0000000 0.0000000 0.0000000 0.0000000 0.0000000 0.0000000 0.0000000 0.0000000 0.0000000 0.0000000 0.0000000 0.0000000 0.0000000
 40 R  40 0.0390636 0.2985330 0.0000000 0.0000000 0.0000000 0.0000000 0.0000000 0.0000000 0.0000000 0.0000000 0.0905219 0.5718815 0.0000000 0.0000000 0.0000000 0.0000000 0.0000000 0.0000000 0.0000000 0.0000000
 41 R  41 0.0000000 0.9094781 0.0000000 0.0000000 0.0000000 0.0000000 0.0000000 0.0000000 0.0000000 0.0000000 0.0000000 0.0905219 0.0000000 0.0000000 0.0000000 0.0000000 0.0000000 0.0000000 0.0000000 0.0000000
 42 L  42 0.0000000 0.0000000 0.0000000 0.0000000 0.0000000 0.0000000 0.0000000 0.0000000 0.0000000 0.0770617 0.8301612 0.0000000 0.0927771 0.0000000 0.0000000 0.0000000 0.0000000 0.0000000 0.0000000 0.0000000
 43 T  43 0.4049520 0.0000000 0.0000000 0.0000000 0.0000000 0.0000000 0.0000000 0.0000000 0.0000000 0.0000000 0.0000000 0.0000000 0.0000000 0.0000000 0.0000000 0.1568649 0.4381831 0.0000000 0.0000000 0.0000000
 44 T  44 0.2277270 0.0000000 0.0000000 0.0000000 0.0000000 0.0000000 0.0000000 0.0000000 0.0000000 0.0000000 0.0332800 0.0000000 0.0000000 0.0000000 0.0188682 0.1247596 0.5953652 0.0000000 0.0000000 0.0000000
 45 S  45 0.2737633 0.0000000 0.0757208 0.0000000 0.0000000 0.0000000 0.0000000 0.0000000 0.0000000 0.0000000 0.0000000 0.0000000 0.0000000 0.0000000 0.0000000 0.5641828 0.0863331 0.0000000 0.0000000 0.0000000
