   45         A         R         N         D         C         Q         E         G         H         I         L         K         M         F         P         S         T         W         Y         V         X    
  1 R   1 0.0000000 1.0000000 0.0000000 0.0000000 0.0000000 0.0000000 0.0000000 0.0000000 0.0000000 0.0000000 0.0000000 0.0000000 0.0000000 0.0000000 0.0000000 0.0000000 0.0000000 0.0000000 0.0000000 0.0000000 0.0000000
  2 N   2 0.0000000 0.0000000 0.3778140 0.0000000 0.0000000 0.0000000 0.0000000 0.0000000 0.0000000 0.0000000 0.0000000 0.6221860 0.0000000 0.0000000 0.0000000 0.0000000 0.0000000 0.0000000 0.0000000 0.0000000 0.0000000
  3 T   3 0.0000000 0.0000000 0.0000000 0.0000000 0.0000000 0.0000000 0.0000000 0.0000000 0.0000000 0.0000000 0.0000000 0.0000000 0.0000000 0.0000000 0.0000000 0.4555019 0.5444981 0.0000000 0.0000000 0.0000000 0.0000000
  4 S   4 0.0646443 0.0000000 0.0000000 0.0000000 0.0000000 0.0000000 0.1140968 0.3463891 0.0000000 0.0000000 0.0000000 0.1177793 0.0000000 0.0000000 0.0000000 0.3570906 0.0000000 0.0000000 0.0000000 0.0000000 0.0000000
  5 V   5 0.4851090 0.0000000 0.0000000 0.0000000 0.0000000 0.0000000 0.0000000 0.0000000 0.0000000 0.0000000 0.0000000 0.0000000 0.0000000 0.0000000 0.0000000 0.0000000 0.0000000 0.0000000 0.0000000 0.5148910 0.0000000
  6 M   6 0.0000000 0.0000000 0.0000000 0.0000000 0.0000000 0.0000000 0.0000000 0.0000000 0.0000000 0.0000000 0.0000000 0.0000000 1.0000000 0.0000000 0.0000000 0.0000000 0.0000000 0.0000000 0.0000000 0.0000000 0.0000000
  7 K   7 0.0000000 0.1006832 0.0000000 0.0000000 0.0000000 0.0000000 0.0000000 0.0000000 0.0000000 0.0000000 0.0000000 0.8993168 0.0000000 0.0000000 0.0000000 0.0000000 0.0000000 0.0000000 0.0000000 0.0000000 0.0000000
  8 K   8 0.0000000 0.0861223 0.0168548 0.0000000 0.0000000 0.0000000 0.0000000 0.0000000 0.0646443 0.0000000 0.0000000 0.6940171 0.0000000 0.0000000 0.0000000 0.1177793 0.0000000 0.0000000 0.0000000 0.0000000 0.0205822
  9 G   9 0.0000000 0.0000000 0.0812483 0.0934126 0.0000000 0.0000000 0.0000000 0.8253391 0.0000000 0.0000000 0.0000000 0.0000000 0.0000000 0.0000000 0.0000000 0.0000000 0.0000000 0.0000000 0.0000000 0.0000000 0.0000000
 10 G  10 0.0000000 0.0000000 0.0000000 0.0000000 0.0000000 0.0000000 0.0000000 0.7034796 0.0000000 0.0000000 0.0000000 0.0000000 0.0000000 0.0000000 0.0000000 0.0000000 0.0000000 0.0000000 0.0000000 0.0000000 0.2965204
 11 I  11 0.0000000 0.0000000 0.0000000 0.0000000 0.0000000 0.0000000 0.0000000 0.0000000 0.0000000 0.6144472 0.0858531 0.0000000 0.0000000 0.1066956 0.0000000 0.0000000 0.0000000 0.0000000 0.0000000 0.1930040 0.0000000
 12 F  12 0.0000000 0.0000000 0.0000000 0.0000000 0.0000000 0.0000000 0.0000000 0.0000000 0.0000000 0.0000000 0.1182438 0.0000000 0.0000000 0.8817562 0.0000000 0.0000000 0.0000000 0.0000000 0.0000000 0.0000000 0.0000000
 13 S  13 0.0000000 0.0000000 0.0000000 0.0000000 0.0000000 0.0000000 0.0000000 0.0000000 0.0000000 0.0000000 0.0000000 0.0000000 0.0000000 0.0000000 0.0000000 1.0000000 0.0000000 0.0000000 0.0000000 0.0000000 0.0000000
 14 A  14 0.6822615 0.0000000 0.0000000 0.0000000 0.0000000 0.0000000 0.0000000 0.0000000 0.0000000 0.0000000 0.0000000 0.0000000 0.0000000 0.0000000 0.0482508 0.1683124 0.0365310 0.0646443 0.0000000 0.0000000 0.0000000
 15 E  15 0.0000000 0.0000000 0.0000000 0.2930372 0.0000000 0.0000000 0.7069628 0.0000000 0.0000000 0.0000000 0.0000000 0.0000000 0.0000000 0.0000000 0.0000000 0.0000000 0.0000000 0.0000000 0.0000000 0.0000000 0.0000000
 16 F  16 0.0000000 0.0000000 0.0000000 0.0000000 0.0000000 0.0000000 0.0000000 0.0000000 0.0000000 0.0812483 0.0000000 0.0000000 0.0000000 0.7852200 0.0000000 0.0000000 0.0000000 0.0000000 0.0000000 0.1335317 0.0000000
 17 L  17 0.0000000 0.0000000 0.0000000 0.0000000 0.0000000 0.0000000 0.0000000 0.0000000 0.0000000 0.0000000 0.9353557 0.0000000 0.0646443 0.0000000 0.0000000 0.0000000 0.0000000 0.0000000 0.0000000 0.0000000 0.0000000
 18 K  18 0.0000000 0.0169437 0.0000000 0.0000000 0.0000000 0.0646443 0.0000000 0.0000000 0.0000000 0.0000000 0.0844336 0.6865360 0.0296632 0.0000000 0.0000000 0.1177793 0.0000000 0.0000000 0.0000000 0.0000000 0.0000000
 19 V  19 0.0000000 0.0000000 0.0000000 0.0000000 0.0000000 0.0000000 0.0000000 0.0807738 0.0000000 0.0858813 0.1350986 0.0000000 0.0000000 0.0000000 0.0000000 0.0000000 0.0000000 0.0000000 0.0000000 0.6982463 0.0000000
 20 F  20 0.0000000 0.0000000 0.0000000 0.0000000 0.0000000 0.0000000 0.0000000 0.0000000 0.0000000 0.0297773 0.1428651 0.0000000 0.0000000 0.8273577 0.0000000 0.0000000 0.0000000 0.0000000 0.0000000 0.0000000 0.0000000
 21 L  21 0.0000000 0.0000000 0.0000000 0.0000000 0.0000000 0.0000000 0.0000000 0.0282155 0.0807738 0.4202564 0.4020087 0.0000000 0.0199198 0.0000000 0.0000000 0.0000000 0.0000000 0.0000000 0.0000000 0.0282437 0.0205822
 22 P  22 0.0000000 0.0000000 0.0000000 0.0000000 0.0000000 0.0000000 0.0000000 0.0000000 0.0000000 0.0000000 0.0000000 0.0000000 0.0000000 0.0000000 0.9192262 0.0807738 0.0000000 0.0000000 0.0000000 0.0000000 0.0000000
 23 S  23 0.0000000 0.0000000 0.0000000 0.0000000 0.0000000 0.0000000 0.0000000 0.0000000 0.0000000 0.0807738 0.0000000 0.0000000 0.0000000 0.0000000 0.0000000 0.9192262 0.0000000 0.0000000 0.0000000 0.0000000 0.0000000
 24 L  24 0.0000000 0.0000000 0.0000000 0.0000000 0.0000000 0.0000000 0.0000000 0.0000000 0.0000000 0.1458926 0.7478862 0.0000000 0.0000000 0.0254473 0.0000000 0.0807738 0.0000000 0.0000000 0.0000000 0.0000000 0.0000000
 25 L  25 0.0000000 0.0000000 0.0000000 0.0000000 0.0000000 0.0000000 0.0000000 0.0000000 0.0000000 0.2209854 0.4021083 0.0000000 0.0000000 0.2332957 0.0000000 0.0000000 0.0000000 0.0000000 0.0000000 0.1436107 0.0000000
 26 L  26 0.1140968 0.0000000 0.0000000 0.0000000 0.0000000 0.0000000 0.0000000 0.0000000 0.0807738 0.2355347 0.5495549 0.0000000 0.0000000 0.0000000 0.0000000 0.0000000 0.0000000 0.0000000 0.0000000 0.0200398 0.0000000
 27 S  27 0.0000000 0.0000000 0.0000000 0.0000000 0.0000000 0.0000000 0.0000000 0.0000000 0.0000000 0.0807738 0.0000000 0.0000000 0.0000000 0.0000000 0.0000000 0.7168828 0.2023434 0.0000000 0.0000000 0.0000000 0.0000000
 28 H  28 0.0000000 0.0000000 0.1458926 0.0000000 0.0000000 0.0000000 0.0000000 0.0000000 0.7733336 0.0000000 0.0000000 0.0000000 0.0000000 0.0000000 0.0000000 0.0807738 0.0000000 0.0000000 0.0000000 0.0000000 0.0000000
 29 L  29 0.0279744 0.0000000 0.0000000 0.0000000 0.0807738 0.0000000 0.0000000 0.0000000 0.0000000 0.3808625 0.3439855 0.0000000 0.0000000 0.0159751 0.0000000 0.0000000 0.0000000 0.0000000 0.0000000 0.1504287 0.0000000
 30 L  30 0.0000000 0.0000000 0.0000000 0.0000000 0.0000000 0.0000000 0.0000000 0.0000000 0.0000000 0.0000000 0.7435563 0.0000000 0.0944216 0.1620221 0.0000000 0.0000000 0.0000000 0.0000000 0.0000000 0.0000000 0.0000000
 31 A  31 0.7242853 0.0000000 0.0000000 0.0000000 0.0000000 0.0000000 0.0000000 0.0807738 0.0000000 0.0000000 0.0000000 0.0000000 0.0000000 0.0000000 0.0000000 0.0000000 0.1506278 0.0000000 0.0000000 0.0443131 0.0000000
 32 I  32 0.0000000 0.0000000 0.0000000 0.0000000 0.0000000 0.0000000 0.0000000 0.0000000 0.0000000 0.1726625 0.5782651 0.0000000 0.0000000 0.0646443 0.0000000 0.0000000 0.0000000 0.0000000 0.0000000 0.1844281 0.0000000
 33 G  33 0.0000000 0.0000000 0.0000000 0.0000000 0.0000000 0.0000000 0.0000000 1.0000000 0.0000000 0.0000000 0.0000000 0.0000000 0.0000000 0.0000000 0.0000000 0.0000000 0.0000000 0.0000000 0.0000000 0.0000000 0.0000000
 34 L  34 0.0000000 0.0000000 0.0000000 0.0000000 0.0000000 0.0000000 0.0000000 0.0000000 0.0000000 0.0845641 0.7115343 0.0000000 0.0812483 0.0000000 0.0000000 0.0000000 0.0000000 0.0000000 0.0000000 0.1226533 0.0000000
 35 G  35 0.0000000 0.0000000 0.0000000 0.0000000 0.0000000 0.0000000 0.0000000 1.0000000 0.0000000 0.0000000 0.0000000 0.0000000 0.0000000 0.0000000 0.0000000 0.0000000 0.0000000 0.0000000 0.0000000 0.0000000 0.0000000
 36 I  36 0.0000000 0.0000000 0.0000000 0.0000000 0.0000000 0.0000000 0.0000000 0.0000000 0.0000000 0.6100970 0.0000000 0.0000000 0.0000000 0.0000000 0.0000000 0.0000000 0.0000000 0.0000000 0.0000000 0.3270662 0.0628368
 37 Y  37 0.0000000 0.0000000 0.0000000 0.0000000 0.0278533 0.0000000 0.0000000 0.0000000 0.0000000 0.0000000 0.0000000 0.0000000 0.0000000 0.0812483 0.0000000 0.0000000 0.0000000 0.0000000 0.8280616 0.0000000 0.0628368
 38 I  38 0.0000000 0.0000000 0.0000000 0.0000000 0.0000000 0.0000000 0.0000000 0.0000000 0.0000000 0.9083949 0.0287683 0.0000000 0.0000000 0.0000000 0.0000000 0.0000000 0.0000000 0.0000000 0.0000000 0.0000000 0.0628368
 39 G  39 0.0000000 0.0000000 0.0000000 0.0000000 0.0000000 0.0000000 0.0000000 0.9371632 0.0000000 0.0000000 0.0000000 0.0000000 0.0000000 0.0000000 0.0000000 0.0000000 0.0000000 0.0000000 0.0000000 0.0000000 0.0628368
 40 R  40 0.0365310 0.2775614 0.0000000 0.0000000 0.0000000 0.0000000 0.0000000 0.0000000 0.0000000 0.0000000 0.0812483 0.5418225 0.0000000 0.0000000 0.0000000 0.0000000 0.0000000 0.0000000 0.0000000 0.0000000 0.0628368
 41 R  41 0.0000000 0.8559149 0.0000000 0.0000000 0.0000000 0.0000000 0.0000000 0.0000000 0.0000000 0.0000000 0.0000000 0.0812483 0.0000000 0.0000000 0.0000000 0.0000000 0.0000000 0.0000000 0.0000000 0.0000000 0.0628368
 42 L  42 0.0000000 0.0000000 0.0000000 0.0000000 0.0000000 0.0000000 0.0000000 0.0000000 0.0000000 0.0637434 0.7643182 0.0000000 0.0812483 0.0000000 0.0000000 0.0000000 0.0000000 0.0000000 0.0000000 0.0000000 0.0906901
 43 T  43 0.3700013 0.0000000 0.0000000 0.0000000 0.0000000 0.0000000 0.0000000 0.0000000 0.0000000 0.0000000 0.0000000 0.0000000 0.0000000 0.0000000 0.0000000 0.1393213 0.3999873 0.0000000 0.0000000 0.0000000 0.0906901
 44 T  44 0.1961389 0.0000000 0.0000000 0.0000000 0.0000000 0.0000000 0.0000000 0.0000000 0.0000000 0.0000000 0.0345560 0.0000000 0.0000000 0.0000000 0.0154812 0.1101876 0.5150521 0.0000000 0.0000000 0.0000000 0.1285843
 45 S  45 0.1283878 0.0000000 0.0365310 0.0000000 0.0000000 0.0000000 0.0000000 0.0000000 0.0000000 0.0000000 0.0000000 0.0000000 0.0000000 0.0000000 0.0000000 0.2778190 0.0392997 0.0000000 0.0000000 0.0000000 0.5179626
