  135         A         R         N         D         C         Q         E         G         H         I         L         K         M         F         P         S         T         W         Y         V    
  1 N   1 0.0000000 0.0000000 0.1527646 0.6860560 0.0000000 0.0000000 0.0000000 0.0000000 0.0000000 0.0000000 0.0000000 0.0000000 0.0000000 0.0000000 0.0000000 0.1611794 0.0000000 0.0000000 0.0000000 0.0000000
  2 E   2 0.0110926 0.0000000 0.0000000 0.1486694 0.0000000 0.0000000 0.8369544 0.0000000 0.0000000 0.0000000 0.0000000 0.0000000 0.0000000 0.0000000 0.0000000 0.0000000 0.0032836 0.0000000 0.0000000 0.0000000
  3 F   3 0.0984990 0.2685974 0.0122831 0.0000000 0.0000000 0.0373572 0.0052001 0.0060541 0.0042576 0.0000000 0.0000000 0.5473388 0.0000000 0.0031016 0.0011124 0.0150836 0.0000000 0.0000000 0.0000000 0.0011151
  4 E   4 0.0451215 0.1243036 0.0024668 0.0298124 0.0000000 0.0551765 0.2270951 0.0000000 0.0047554 0.0147926 0.0403072 0.2087455 0.0255986 0.0032003 0.0000000 0.0332223 0.1365925 0.0000000 0.0000000 0.0488097
  5 L   5 0.9695739 0.0000000 0.0000000 0.0000000 0.0000000 0.0000000 0.0000000 0.0128887 0.0000000 0.0000000 0.0053922 0.0000000 0.0000000 0.0000000 0.0000000 0.0018649 0.0018544 0.0000000 0.0000000 0.0084259
  6 G   6 0.0048804 0.8166549 0.0000000 0.0000000 0.0000000 0.0051086 0.0000000 0.0030406 0.0025923 0.0000000 0.0000000 0.1655706 0.0000000 0.0000000 0.0000000 0.0021524 0.0000000 0.0000000 0.0000000 0.0000000
  7 T   7 0.1008544 0.0499547 0.0360030 0.0633596 0.0000000 0.1971213 0.4120628 0.0129948 0.0046389 0.0026433 0.0112389 0.0155266 0.0035645 0.0000000 0.0000000 0.0628596 0.0228460 0.0000000 0.0010199 0.0033119
  8 R   8 0.0701565 0.0044282 0.0032686 0.0000000 0.0000000 0.0026340 0.0022468 0.0000000 0.0000000 0.5259924 0.1063342 0.0000000 0.0124189 0.0307551 0.0000000 0.0000000 0.0046373 0.0000000 0.0250262 0.2121017
  9 G   9 0.6909496 0.0000000 0.0022882 0.0000000 0.0018847 0.0031919 0.0000000 0.1070958 0.0020310 0.0128852 0.0019111 0.0000000 0.0000000 0.0000000 0.0000000 0.0860144 0.0494943 0.0000000 0.0019884 0.0402654
 10 S  10 0.0655671 0.0033022 0.0785599 0.1081808 0.0000000 0.0755850 0.4329803 0.0171457 0.0000000 0.0000000 0.1055085 0.0036927 0.0036933 0.0000000 0.0000000 0.0627735 0.0393943 0.0000000 0.0014061 0.0022106
 11 S  11 0.0882766 0.0423564 0.0023575 0.0104426 0.0000000 0.0520470 0.0954278 0.0017105 0.0494716 0.0057055 0.0156684 0.2607195 0.0089506 0.1042903 0.0000000 0.0373087 0.0545188 0.0000000 0.1663433 0.0044047
 12 R  12 0.0024594 0.9124682 0.0037926 0.0000000 0.0000000 0.0075722 0.0075051 0.0000000 0.0032931 0.0042025 0.0017105 0.0116531 0.0000000 0.0337216 0.0000000 0.0000000 0.0000000 0.0000000 0.0116216 0.0000000
 13 V  13 0.2437536 0.0219213 0.0015363 0.0101598 0.0000000 0.3176548 0.1201940 0.0009676 0.0143539 0.0496617 0.0284565 0.0903988 0.0107110 0.0011605 0.0000000 0.0335880 0.0253084 0.0000000 0.0023485 0.0278253
 14 D  14 0.1066425 0.1163410 0.0183192 0.0417969 0.0000000 0.1834416 0.1572759 0.1181484 0.0166212 0.0160253 0.0293903 0.0694068 0.0225383 0.0018214 0.0000000 0.0530102 0.0387142 0.0000000 0.0000000 0.0105068
 15 L  15 0.0476938 0.2494428 0.0101292 0.0041055 0.0000000 0.0483730 0.0549743 0.0043259 0.0000000 0.0442787 0.1561560 0.3173370 0.0068533 0.0071477 0.0000000 0.0024808 0.0128588 0.0000000 0.0023269 0.0315162
 16 Q  16 0.1448237 0.0285872 0.0143387 0.0348928 0.0000000 0.2267472 0.1642607 0.0183575 0.0144531 0.0263671 0.0683715 0.1056567 0.0098043 0.0777470 0.0000000 0.0168982 0.0047156 0.0000000 0.0380046 0.0059741
 17 E  17 0.0379979 0.6331649 0.0035780 0.0015489 0.0000000 0.0371438 0.0829147 0.0000000 0.0000000 0.0000000 0.0032190 0.1769249 0.0000000 0.0000000 0.0000000 0.0148344 0.0044199 0.0000000 0.0000000 0.0042537
 18 Q  18 0.0528325 0.0300398 0.0504031 0.0358652 0.0000000 0.1844621 0.4933475 0.0000000 0.0024296 0.0011627 0.0062748 0.0899514 0.0089555 0.0131107 0.0000000 0.0138100 0.0020521 0.0000000 0.0089465 0.0063564
 19 R  19 0.1290031 0.1593402 0.0150422 0.0078583 0.0000000 0.1686971 0.0649899 0.0059828 0.0119142 0.0125890 0.2352554 0.1193631 0.0164520 0.0061904 0.0014331 0.0189873 0.0088099 0.0000000 0.0026230 0.0154690
 20 S  20 0.2724736 0.1039088 0.0546124 0.0460593 0.0000000 0.0801295 0.0809112 0.0305797 0.0017782 0.0052787 0.0311324 0.1010026 0.0558087 0.0000000 0.0000000 0.1013022 0.0259887 0.0000000 0.0037562 0.0052777
 21 V  21 0.2165931 0.1049376 0.0316522 0.0023901 0.0000000 0.0319599 0.0276973 0.0048336 0.0030941 0.0249234 0.1362776 0.1334389 0.0156337 0.0092629 0.0023231 0.0924678 0.1201930 0.0000000 0.0000000 0.0423219
 22 K  22 0.1221827 0.1333516 0.0283132 0.0045895 0.0000000 0.1949681 0.0311133 0.0538419 0.0103370 0.0035977 0.0020601 0.1402331 0.0029807 0.0000000 0.0040322 0.1453237 0.0826905 0.0000000 0.0054639 0.0349206
 23 T  23 0.1230403 0.1558915 0.0326418 0.0000000 0.0000000 0.1743736 0.0038145 0.0292346 0.0152368 0.0000000 0.0000000 0.1770034 0.0021885 0.0031805 0.0178065 0.1740696 0.0866235 0.0000000 0.0000000 0.0048947
 24 R  24 0.1192373 0.3458425 0.0091866 0.0000000 0.0000000 0.0474742 0.0041719 0.0277278 0.0768011 0.0013419 0.0000000 0.3253539 0.0030178 0.0000000 0.0147380 0.0122778 0.0051885 0.0000000 0.0000000 0.0076407
 25 V  25 0.1265777 0.0166838 0.0028818 0.0000000 0.0000000 0.0120475 0.0068386 0.0538038 0.0030889 0.1287840 0.0905487 0.0050235 0.0660109 0.0064279 0.0044572 0.0401092 0.0433728 0.0000000 0.0012783 0.3920655
 26 S  26 0.0021343 0.0171856 0.0116889 0.0000000 0.0000000 0.0017791 0.0000000 0.0080195 0.0000000 0.0000000 0.0024883 0.1247629 0.0000000 0.0000000 0.0000000 0.4654663 0.3664751 0.0000000 0.0000000 0.0000000
 27 L  27 0.0000000 0.0000000 0.0000000 0.0000000 0.0000000 0.0000000 0.0000000 0.0000000 0.0000000 0.0094397 0.9582845 0.0000000 0.0148888 0.0050150 0.0000000 0.0043241 0.0000000 0.0000000 0.0000000 0.0080478
 28 D  28 0.0186466 0.0043241 0.0098857 0.3806857 0.0000000 0.0057069 0.4947388 0.0114236 0.0000000 0.0000000 0.0024227 0.0000000 0.0021343 0.0000000 0.0000000 0.0447123 0.0190473 0.0000000 0.0000000 0.0062718
 29 D  29 0.0303174 0.0085924 0.2863878 0.2886965 0.0000000 0.1080452 0.1217953 0.0188698 0.0000000 0.0000000 0.0000000 0.0106805 0.0000000 0.0000000 0.0000000 0.0721286 0.0544866 0.0000000 0.0000000 0.0000000
 30 L  30 0.0000000 0.0000000 0.0000000 0.0000000 0.0000000 0.0000000 0.0000000 0.0000000 0.0000000 0.1270255 0.5344637 0.0000000 0.2464682 0.0562943 0.0000000 0.0062173 0.0000000 0.0044170 0.0000000 0.0251139
 31 F  31 0.0203225 0.0000000 0.0166081 0.0112700 0.0000000 0.0023467 0.0031604 0.0731100 0.0054205 0.0028884 0.0456371 0.0099268 0.0926125 0.4979777 0.0000000 0.0960197 0.0116786 0.0000000 0.1110208 0.0000000
 32 E  32 0.1669716 0.0962383 0.0742101 0.1125083 0.0000000 0.0413733 0.1835937 0.0290454 0.0158524 0.0013129 0.0014528 0.0610081 0.0029274 0.0000000 0.0000000 0.1727893 0.0407164 0.0000000 0.0000000 0.0000000
 33 Q  33 0.0685447 0.1666383 0.0784509 0.0163353 0.0000000 0.3424248 0.0234165 0.0032227 0.0198831 0.0000000 0.0069759 0.1385373 0.0023717 0.0057091 0.0000000 0.0587327 0.0597863 0.0000000 0.0042173 0.0047535
 34 I  34 0.0890901 0.0137766 0.0000000 0.0000000 0.0000000 0.0000000 0.0000000 0.0000000 0.0000000 0.3949975 0.1721912 0.0195687 0.2600614 0.0121665 0.0000000 0.0038317 0.0091177 0.0000000 0.0000000 0.0251986
 35 K  35 0.1929143 0.0104136 0.0168770 0.0039052 0.0000000 0.2464203 0.0780644 0.0646354 0.0037501 0.0000000 0.0000000 0.2978827 0.0000000 0.0000000 0.0095209 0.0405941 0.0325118 0.0000000 0.0000000 0.0025102
 36 Q  36 0.1471372 0.0127275 0.0104476 0.0901958 0.0009270 0.1005712 0.4250987 0.0029185 0.0016594 0.0252438 0.0500134 0.0561603 0.0023360 0.0000000 0.0000000 0.0475848 0.0221631 0.0000000 0.0000000 0.0048155
 37 G  37 0.0398389 0.0025310 0.0186287 0.0302415 0.0000000 0.0136144 0.0173684 0.7969002 0.0000000 0.0000000 0.0000000 0.0297473 0.0000000 0.0000000 0.0000000 0.0296661 0.0188364 0.0000000 0.0000000 0.0026271
 38 E  38 0.0306067 0.0030493 0.0771614 0.1118376 0.0000000 0.0803917 0.4834629 0.0728604 0.0000000 0.0000000 0.0069655 0.0748128 0.0022147 0.0000000 0.0000000 0.0295077 0.0212517 0.0000000 0.0000000 0.0058778
 39 M  39 0.0600199 0.0296010 0.0026536 0.0000000 0.0000000 0.0238119 0.0000000 0.0084283 0.0000000 0.1274673 0.1750948 0.0295340 0.0803810 0.0894298 0.0068386 0.0088673 0.0277418 0.0000000 0.0030979 0.3270329
 40 K  40 0.0234981 0.0188915 0.0037002 0.0190346 0.0000000 0.1202027 0.0298086 0.0010061 0.0249327 0.0028839 0.0079378 0.6387121 0.0013011 0.0000000 0.0315913 0.0590531 0.0135771 0.0000000 0.0000000 0.0038691
 41 E  41 0.0062038 0.0035043 0.0163717 0.1041032 0.0000000 0.0440460 0.5911032 0.0000000 0.0035664 0.0040583 0.0014755 0.0092458 0.0156946 0.0018938 0.0000000 0.0454944 0.1153373 0.0000000 0.0031563 0.0347452
 42 L  42 0.0000000 0.0000000 0.0000000 0.0000000 0.0000000 0.0000000 0.0000000 0.0000000 0.0000000 0.0203196 0.8114412 0.0000000 0.0100073 0.0527486 0.0000000 0.0000000 0.0000000 0.0000000 0.0094983 0.0959850
 43 N  43 0.0210572 0.0269753 0.5774082 0.0267921 0.0000000 0.0049646 0.0023434 0.0154340 0.0026242 0.0000000 0.0121728 0.0659300 0.0045895 0.0027887 0.2000952 0.0293541 0.0056538 0.0000000 0.0000000 0.0018170
 44 L  44 0.0046022 0.0000000 0.0000000 0.0000000 0.0035765 0.0000000 0.0000000 0.0000000 0.0000000 0.3411573 0.3563946 0.0000000 0.0097941 0.0000000 0.0000000 0.0000000 0.0026841 0.0000000 0.0000000 0.2817912
 45 I  45 0.0000000 0.0000000 0.0000000 0.0000000 0.0000000 0.0000000 0.0000000 0.0000000 0.0000000 0.6523396 0.0425106 0.0000000 0.0000000 0.0000000 0.0000000 0.0000000 0.0000000 0.0000000 0.0000000 0.3051499
 46 V  46 0.0019850 0.0000000 0.0000000 0.0000000 0.0000000 0.0000000 0.0000000 0.0000000 0.0000000 0.3940549 0.3045719 0.0000000 0.0026497 0.0000000 0.0000000 0.0000000 0.0000000 0.0000000 0.0000000 0.2967385
 47 K  47 0.0000000 0.0172518 0.0000000 0.0000000 0.0000000 0.0000000 0.0000000 0.0000000 0.0000000 0.0000000 0.0000000 0.9827482 0.0000000 0.0000000 0.0000000 0.0000000 0.0000000 0.0000000 0.0000000 0.0000000
 48 A  48 0.6133973 0.0000000 0.0000000 0.0000000 0.0141430 0.0000000 0.0000000 0.2705123 0.0000000 0.0000000 0.0000000 0.0000000 0.0000000 0.0000000 0.0000000 0.0382608 0.0557619 0.0000000 0.0000000 0.0079247
 49 D  49 0.0000000 0.0000000 0.0000000 1.0000000 0.0000000 0.0000000 0.0000000 0.0000000 0.0000000 0.0000000 0.0000000 0.0000000 0.0000000 0.0000000 0.0000000 0.0000000 0.0000000 0.0000000 0.0000000 0.0000000
 50 V  50 0.0136476 0.0000000 0.0000000 0.0000000 0.0000000 0.0000000 0.0000000 0.0059404 0.0000000 0.0000000 0.0050511 0.0000000 0.0106757 0.0020976 0.0000000 0.0143544 0.0414068 0.0000000 0.0000000 0.9068264
 51 Q  51 0.0089719 0.0460919 0.0057884 0.0931708 0.0000000 0.7302025 0.0000000 0.0160276 0.0205299 0.0013626 0.0000000 0.0108257 0.0034401 0.0000000 0.0000000 0.0560915 0.0035114 0.0000000 0.0017370 0.0022486
 52 G  52 0.0000000 0.0000000 0.0000000 0.0000000 0.0000000 0.0000000 0.0000000 0.9954130 0.0000000 0.0000000 0.0000000 0.0000000 0.0000000 0.0000000 0.0000000 0.0045870 0.0000000 0.0000000 0.0000000 0.0000000
 53 S  53 0.0178546 0.0000000 0.0000000 0.0000000 0.0000000 0.0000000 0.0000000 0.0000000 0.0000000 0.0000000 0.0000000 0.0000000 0.0000000 0.0000000 0.0000000 0.9323268 0.0498186 0.0000000 0.0000000 0.0000000
 54 V  54 0.1419961 0.0000000 0.0022446 0.0000000 0.0078409 0.0334538 0.0000000 0.0018580 0.0000000 0.1090642 0.1647379 0.0000000 0.0000000 0.0013211 0.0000000 0.0084283 0.0112957 0.0000000 0.0156148 0.5021447
 55 E  55 0.0000000 0.0000000 0.0000000 0.0094722 0.0000000 0.0228461 0.9562861 0.0113955 0.0000000 0.0000000 0.0000000 0.0000000 0.0000000 0.0000000 0.0000000 0.0000000 0.0000000 0.0000000 0.0000000 0.0000000
 56 A  56 0.9742492 0.0000000 0.0000000 0.0000000 0.0000000 0.0000000 0.0000000 0.0027319 0.0000000 0.0000000 0.0000000 0.0000000 0.0000000 0.0000000 0.0090059 0.0000000 0.0000000 0.0000000 0.0000000 0.0140130
 57 L  57 0.0000000 0.0000000 0.0000000 0.0000000 0.0022887 0.0000000 0.0000000 0.0000000 0.0000000 0.3331922 0.5159013 0.0000000 0.0163195 0.0176021 0.0000000 0.0000000 0.0000000 0.0000000 0.0000000 0.1146963
 58 V  58 0.1758593 0.0945740 0.0255523 0.0031439 0.0145712 0.0295213 0.0658508 0.0061475 0.0062070 0.0304750 0.0554619 0.1988820 0.0000000 0.0000000 0.0000000 0.1335379 0.0753527 0.0000000 0.0000000 0.0848633
 59 A  59 0.1140039 0.0036317 0.0285331 0.2189563 0.0000000 0.2106861 0.0966245 0.1771872 0.0284084 0.0016268 0.0000000 0.0172674 0.0023076 0.0000000 0.0000000 0.0747311 0.0200864 0.0000000 0.0000000 0.0059495
 60 A  60 0.2850142 0.0000000 0.0000000 0.0034249 0.0000000 0.0086799 0.0020539 0.0043094 0.0000000 0.0051036 0.0062782 0.0000000 0.0025868 0.0000000 0.0000000 0.6552635 0.0250124 0.0000000 0.0000000 0.0022732
 61 L  61 0.0036106 0.0000000 0.0000000 0.0000000 0.0000000 0.0000000 0.0000000 0.0000000 0.0000000 0.0254346 0.8693492 0.0000000 0.0214596 0.0540034 0.0000000 0.0000000 0.0000000 0.0000000 0.0000000 0.0261426
 62 Q  62 0.0416109 0.0348487 0.0420107 0.0308842 0.0000000 0.1328545 0.3093544 0.0156955 0.0045661 0.0510726 0.1586242 0.0472999 0.0413919 0.0021132 0.0000000 0.0316139 0.0298340 0.0000000 0.0010624 0.0251629
 63 K  63 0.0053006 0.0386422 0.0143122 0.0315262 0.0000000 0.0857971 0.0308969 0.0138662 0.0034249 0.0000000 0.0000000 0.7699185 0.0000000 0.0000000 0.0000000 0.0026169 0.0036981 0.0000000 0.0000000 0.0000000
 64 I  64 0.0120352 0.0000000 0.0000000 0.0000000 0.0030566 0.0088808 0.0000000 0.0000000 0.0000000 0.2454087 0.6745191 0.0000000 0.0447664 0.0032327 0.0000000 0.0000000 0.0021116 0.0000000 0.0000000 0.0059888
 65 D  65 0.0327634 0.0062435 0.0246367 0.1243123 0.0000000 0.0100328 0.0716852 0.1146863 0.0024121 0.0000000 0.0000000 0.0276096 0.0000000 0.0000000 0.0644192 0.4897984 0.0314005 0.0000000 0.0000000 0.0000000
 66 V  66 0.0030788 0.0017041 0.2611163 0.0033718 0.0000000 0.0604821 0.0041643 0.0052068 0.0096302 0.0073297 0.0000000 0.0209989 0.0013951 0.0000000 0.0000000 0.0333753 0.4324099 0.0000000 0.0000000 0.1557369
 67 E  67 0.0147326 0.0046940 0.0478183 0.4499002 0.0000000 0.0080274 0.3224630 0.0192229 0.0078077 0.0000000 0.0000000 0.0470675 0.0000000 0.0000000 0.0218485 0.0481424 0.0082756 0.0000000 0.0000000 0.0000000
 68 G  68 0.0272343 0.0000000 0.0101811 0.0338964 0.0000000 0.0260504 0.6794844 0.1124762 0.0000000 0.0000000 0.0077026 0.0876244 0.0000000 0.0000000 0.0000000 0.0064606 0.0073425 0.0000000 0.0000000 0.0015470
 69 V  69 0.0124791 0.0000000 0.0000000 0.0000000 0.0026140 0.0000000 0.0000000 0.0000000 0.0000000 0.1269598 0.0052433 0.0000000 0.0000000 0.0000000 0.0000000 0.0000000 0.0028507 0.0000000 0.0000000 0.8498531
 70 R  70 0.0271225 0.2784251 0.0226832 0.0287100 0.0022732 0.1706649 0.0143077 0.0567049 0.0047993 0.0036984 0.0011218 0.3153439 0.0123609 0.0000000 0.0000000 0.0262074 0.0075635 0.0000000 0.0000000 0.0280134
 71 V  71 0.0569153 0.0000000 0.0000000 0.0000000 0.0000000 0.0000000 0.0000000 0.0000000 0.0000000 0.1706913 0.1260975 0.0000000 0.0025376 0.0000000 0.0000000 0.0000000 0.0060609 0.0000000 0.0000000 0.6376974
 72 K  72 0.0151343 0.3281533 0.3103290 0.0369540 0.0000000 0.0540650 0.0249196 0.0000000 0.0087615 0.0000000 0.0000000 0.1594830 0.0000000 0.0000000 0.0000000 0.0320906 0.0129528 0.0000000 0.0000000 0.0171569
 73 I  73 0.0035787 0.0000000 0.0000000 0.0000000 0.0031578 0.0000000 0.0000000 0.0000000 0.0000000 0.4645230 0.0324908 0.0000000 0.0117756 0.0082060 0.0079314 0.0058231 0.0146101 0.0000000 0.0000000 0.4479034
 74 I  74 0.0000000 0.0000000 0.0000000 0.0000000 0.0000000 0.0000000 0.0000000 0.0000000 0.0000000 0.6199178 0.1822918 0.0000000 0.0030788 0.0000000 0.0000000 0.0000000 0.0000000 0.0000000 0.0000000 0.1947116
 75 H  75 0.0273492 0.0350595 0.0129234 0.0343466 0.0000000 0.0208544 0.0000000 0.0415407 0.6825960 0.0012770 0.0640196 0.0000000 0.0034897 0.0015197 0.0000000 0.0504082 0.0044849 0.0000000 0.0201312 0.0000000
 76 A  76 0.1611701 0.0811006 0.0038579 0.0017054 0.0026809 0.0234814 0.0307191 0.1290706 0.0009550 0.0000000 0.0000000 0.0986478 0.0010499 0.0018291 0.0000000 0.3771297 0.0791198 0.0014771 0.0037358 0.0022698
 77 A  77 0.2501769 0.0000000 0.0000000 0.0051036 0.0000000 0.0026388 0.0000000 0.6664037 0.0000000 0.0000000 0.0047953 0.0000000 0.0000000 0.0000000 0.0000000 0.0530223 0.0178595 0.0000000 0.0000000 0.0000000
 78 V  78 0.1115334 0.0000000 0.0000000 0.0000000 0.0000000 0.0000000 0.0000000 0.0000000 0.0000000 0.0137553 0.0000000 0.0000000 0.0000000 0.0000000 0.0517322 0.0022294 0.0291110 0.0000000 0.0000000 0.7916386
 79 G  79 0.0000000 0.0000000 0.0000000 0.0000000 0.0000000 0.0000000 0.0000000 1.0000000 0.0000000 0.0000000 0.0000000 0.0000000 0.0000000 0.0000000 0.0000000 0.0000000 0.0000000 0.0000000 0.0000000 0.0000000
 80 A  80 0.5197606 0.0200280 0.0054482 0.0021961 0.0000000 0.0677722 0.0569051 0.2506103 0.0000000 0.0000000 0.0000000 0.0000000 0.0000000 0.0000000 0.0209153 0.0198690 0.0326179 0.0000000 0.0000000 0.0038773
 81 I  81 0.0000000 0.0000000 0.0000000 0.0000000 0.0000000 0.0000000 0.0000000 0.0000000 0.0000000 0.8951569 0.0130849 0.0000000 0.0000000 0.0000000 0.0000000 0.0000000 0.0000000 0.0000000 0.0000000 0.0917582
 82 T  82 0.0185342 0.0061144 0.1927991 0.0000000 0.0000000 0.0000000 0.0000000 0.0000000 0.0000000 0.0060859 0.0018998 0.0056852 0.0000000 0.0000000 0.0000000 0.2007874 0.5593889 0.0000000 0.0000000 0.0087051
 83 E  83 0.0000000 0.0000000 0.0000000 0.0188248 0.0000000 0.0321550 0.9129764 0.0037492 0.0000000 0.0000000 0.0000000 0.0176697 0.0074311 0.0000000 0.0000000 0.0071938 0.0000000 0.0000000 0.0000000 0.0000000
 84 S  84 0.0069487 0.0027383 0.0651147 0.0014992 0.0000000 0.0000000 0.0000000 0.0198653 0.0000000 0.0000000 0.0000000 0.0022125 0.0071448 0.0000000 0.0000000 0.6573220 0.2346096 0.0000000 0.0025447 0.0000000
 85 D  85 0.0000000 0.0000000 0.0190797 0.9809203 0.0000000 0.0000000 0.0000000 0.0000000 0.0000000 0.0000000 0.0000000 0.0000000 0.0000000 0.0000000 0.0000000 0.0000000 0.0000000 0.0000000 0.0000000 0.0000000
 86 I  86 0.0537915 0.0000000 0.0000000 0.0000000 0.0000000 0.0000000 0.0000000 0.0000000 0.0000000 0.2789274 0.0021810 0.0000000 0.0000000 0.0000000 0.0000000 0.0020701 0.0000000 0.0000000 0.0000000 0.6630300
 87 S  87 0.0209995 0.0025351 0.1796496 0.0713328 0.0000000 0.0188010 0.0048670 0.0121287 0.0102181 0.0374394 0.1396583 0.0011500 0.1822160 0.0000000 0.0000000 0.0828166 0.2100815 0.0000000 0.0000000 0.0261065
 88 L  88 0.0000000 0.0068386 0.0000000 0.0000000 0.0000000 0.0000000 0.0000000 0.0000000 0.0000000 0.0000000 0.9719541 0.0000000 0.0000000 0.0127791 0.0000000 0.0000000 0.0084283 0.0000000 0.0000000 0.0000000
 89 A  89 0.9915141 0.0000000 0.0000000 0.0000000 0.0000000 0.0000000 0.0000000 0.0034830 0.0000000 0.0000000 0.0000000 0.0000000 0.0000000 0.0000000 0.0000000 0.0050030 0.0000000 0.0000000 0.0000000 0.0000000
 90 T  90 0.2751733 0.0054523 0.0225246 0.0208240 0.0000000 0.0250924 0.0909539 0.0080893 0.0033132 0.0396905 0.0252518 0.0508515 0.0208384 0.0022647 0.0000000 0.2828704 0.0859137 0.0000000 0.0000000 0.0408959
 91 A  91 0.8701855 0.0000000 0.0000000 0.0000000 0.0000000 0.0000000 0.0000000 0.0163564 0.0000000 0.0029471 0.0023442 0.0000000 0.0000000 0.0000000 0.0000000 0.0282689 0.0438869 0.0000000 0.0000000 0.0360110
 92 S  92 0.0313543 0.0000000 0.0000000 0.0284802 0.0000000 0.0000000 0.0050511 0.0121916 0.0000000 0.0000000 0.0000000 0.0000000 0.0000000 0.0067425 0.0000000 0.9052397 0.0109405 0.0000000 0.0000000 0.0000000
 93 N  93 0.0018559 0.0043163 0.4866841 0.1563301 0.0000000 0.0236480 0.0381739 0.1587374 0.0138192 0.0000000 0.0000000 0.0847970 0.0015448 0.0000000 0.0000000 0.0251690 0.0049243 0.0000000 0.0000000 0.0000000
 94 A  94 0.9245751 0.0000000 0.0000000 0.0000000 0.0160982 0.0000000 0.0000000 0.0417177 0.0000000 0.0000000 0.0000000 0.0000000 0.0000000 0.0000000 0.0000000 0.0122359 0.0020943 0.0000000 0.0000000 0.0032789
 95 I  95 0.0210987 0.0000000 0.0000000 0.0000000 0.0000000 0.0000000 0.0000000 0.0000000 0.0000000 0.6009053 0.0583711 0.0000000 0.0074012 0.0135980 0.0441975 0.0017875 0.0032789 0.0000000 0.0000000 0.2493619
 96 V  96 0.0020225 0.0000000 0.0000000 0.0000000 0.0000000 0.0000000 0.0000000 0.0000000 0.0000000 0.7123572 0.0530951 0.0000000 0.0129052 0.0000000 0.0000000 0.0000000 0.0022686 0.0000000 0.0000000 0.2173514
 97 I  97 0.0000000 0.0000000 0.0000000 0.0000000 0.0019267 0.0000000 0.0000000 0.0000000 0.0000000 0.7065438 0.1015453 0.0000000 0.0068149 0.0279232 0.0000000 0.0000000 0.0018101 0.0000000 0.0102916 0.1431443
 98 G  98 0.0378343 0.0000000 0.0000000 0.0000000 0.0000000 0.0000000 0.0000000 0.9532642 0.0000000 0.0000000 0.0000000 0.0000000 0.0000000 0.0000000 0.0000000 0.0089015 0.0000000 0.0000000 0.0000000 0.0000000
 99 F  99 0.0000000 0.0000000 0.0000000 0.0000000 0.0000000 0.0000000 0.0000000 0.0000000 0.0000000 0.0000000 0.0000000 0.0000000 0.0000000 0.9944457 0.0000000 0.0000000 0.0000000 0.0000000 0.0055543 0.0000000
100 N 100 0.0000000 0.0043094 0.8777947 0.0042854 0.0000000 0.0581624 0.0000000 0.0104597 0.0323199 0.0000000 0.0000000 0.0000000 0.0000000 0.0000000 0.0000000 0.0126684 0.0000000 0.0000000 0.0000000 0.0000000
101 V 101 0.0083461 0.0000000 0.0000000 0.0000000 0.0000000 0.0000000 0.0000000 0.0000000 0.0000000 0.0210200 0.0062173 0.0000000 0.0000000 0.0000000 0.0000000 0.0034646 0.0932759 0.0000000 0.0000000 0.8676762
102 R 102 0.0000000 0.8949181 0.0020468 0.0000000 0.0000000 0.0000000 0.0000000 0.0000000 0.0000000 0.0000000 0.0000000 0.0408807 0.0062173 0.0000000 0.0000000 0.0209968 0.0349402 0.0000000 0.0000000 0.0000000
103 P 103 0.3109560 0.0000000 0.0000000 0.0000000 0.0000000 0.0000000 0.0000000 0.0021116 0.0000000 0.0019212 0.0291808 0.0000000 0.0186351 0.0051845 0.6092740 0.0032495 0.0095700 0.0000000 0.0032355 0.0066816
104 D 104 0.0862277 0.0000000 0.1238553 0.3885159 0.0000000 0.0158994 0.1026388 0.0105642 0.0095821 0.0030300 0.0012406 0.0000000 0.0102775 0.0013453 0.0011517 0.0851677 0.1483988 0.0000000 0.0000000 0.0121050
105 A 105 0.3038269 0.0264164 0.0532358 0.0024470 0.0000000 0.0193674 0.0082989 0.1014923 0.0023902 0.0092660 0.0146497 0.0494880 0.0051242 0.0000000 0.1681806 0.1395132 0.0436680 0.0000000 0.0000000 0.0526354
106 N 106 0.0867283 0.0456848 0.1715012 0.0100314 0.0000000 0.1753270 0.0347448 0.1175106 0.0025457 0.0041759 0.0111726 0.1560181 0.0079741 0.0000000 0.0173585 0.0908868 0.0526543 0.0000000 0.0000000 0.0156862
107 A 107 0.8105399 0.0000000 0.0097724 0.0000000 0.0000000 0.0000000 0.0000000 0.0025838 0.0000000 0.0299525 0.0000000 0.0000000 0.0031671 0.0000000 0.0000000 0.0232373 0.0199714 0.0000000 0.0000000 0.1007756
108 K 108 0.0871297 0.4778308 0.0040014 0.0012129 0.0000000 0.0436732 0.0286656 0.0009714 0.0012517 0.0139852 0.0137965 0.2822806 0.0033657 0.0000000 0.0000000 0.0211576 0.0166487 0.0000000 0.0000000 0.0040288
109 R 109 0.1003785 0.1474030 0.0310775 0.1002992 0.0000000 0.0984714 0.1572272 0.0016531 0.0012406 0.0100550 0.0157107 0.2071339 0.0118134 0.0018604 0.0017692 0.0628065 0.0327770 0.0000000 0.0014760 0.0168473
110 A 110 0.1695835 0.0068137 0.0091806 0.0023980 0.0011928 0.0546158 0.0182706 0.0018907 0.0082042 0.0869444 0.3505817 0.0406222 0.0706802 0.0067087 0.0000000 0.0185155 0.0652610 0.0000000 0.0120438 0.0764924
111 A 111 0.8884535 0.0000000 0.0000000 0.0000000 0.0017640 0.0000000 0.0000000 0.0018951 0.0000000 0.0491232 0.0051623 0.0000000 0.0000000 0.0000000 0.0000000 0.0184286 0.0000000 0.0000000 0.0000000 0.0351732
112 E 112 0.0285236 0.0152545 0.0226967 0.2094196 0.0000000 0.0277185 0.5909618 0.0000000 0.0000000 0.0000000 0.0000000 0.0817648 0.0021158 0.0000000 0.0000000 0.0137705 0.0034557 0.0000000 0.0000000 0.0043186
113 S 113 0.1080006 0.2841489 0.0446849 0.0185622 0.0000000 0.1917753 0.0610984 0.0080321 0.0173178 0.0043822 0.0078900 0.1343421 0.0024224 0.0010957 0.0000000 0.0585140 0.0505208 0.0000000 0.0000000 0.0072124
114 E 114 0.0427754 0.0032676 0.0546605 0.0985487 0.0014540 0.0381353 0.6583640 0.0016854 0.0063036 0.0000000 0.0175922 0.0299134 0.0056574 0.0034886 0.0000000 0.0164727 0.0174049 0.0000000 0.0021943 0.0020820
115 K 115 0.0044140 0.0117420 0.0983074 0.0383118 0.0000000 0.0347468 0.0713496 0.5220942 0.0162135 0.0000000 0.0023442 0.1420834 0.0000000 0.0017692 0.0000000 0.0566238 0.0000000 0.0000000 0.0000000 0.0000000
116 V 116 0.0018126 0.0023168 0.0000000 0.0000000 0.0000000 0.0000000 0.0000000 0.0000000 0.0000000 0.1883927 0.0374294 0.0000000 0.0019930 0.0000000 0.0000000 0.0015667 0.0043121 0.0000000 0.0000000 0.7621767
117 D 117 0.0094983 0.0000000 0.0089496 0.5984360 0.0000000 0.0446794 0.3087671 0.0024252 0.0000000 0.0000000 0.0000000 0.0097845 0.0068386 0.0000000 0.0041166 0.0047466 0.0017581 0.0000000 0.0000000 0.0000000
118 I 118 0.0023653 0.0000000 0.0000000 0.0000000 0.0000000 0.0000000 0.0000000 0.0000000 0.0000000 0.6670282 0.1407206 0.0000000 0.0491203 0.0026765 0.0000000 0.0000000 0.0000000 0.0000000 0.0000000 0.1380892
119 R 119 0.0000000 0.8594359 0.0211198 0.0000000 0.0000000 0.0042010 0.0000000 0.0000000 0.0148805 0.0000000 0.0084283 0.0867709 0.0000000 0.0000000 0.0000000 0.0027383 0.0000000 0.0000000 0.0024252 0.0000000
120 L 120 0.0000000 0.0036736 0.0121440 0.0203483 0.0012886 0.0041372 0.0365568 0.0000000 0.0035759 0.0017595 0.2984969 0.0320547 0.0248575 0.0818817 0.0000000 0.0153780 0.1305499 0.0000000 0.3291908 0.0041066
121 H 121 0.0000000 0.0000000 0.0000000 0.0000000 0.0000000 0.0000000 0.0000000 0.0000000 0.1218118 0.0000000 0.0000000 0.0000000 0.0000000 0.0224696 0.0000000 0.0000000 0.0000000 0.0000000 0.8557186 0.0000000
122 R 122 0.0096524 0.1934220 0.2157206 0.0982289 0.0000000 0.0141830 0.0067110 0.0053409 0.0000000 0.0000000 0.0000000 0.0214385 0.0000000 0.0000000 0.0000000 0.4128970 0.0224058 0.0000000 0.0000000 0.0000000
123 I 123 0.0000000 0.0000000 0.0000000 0.0000000 0.0000000 0.0000000 0.0000000 0.0000000 0.0000000 0.4940086 0.0000000 0.0000000 0.0000000 0.0000000 0.0000000 0.0000000 0.0034008 0.0000000 0.0000000 0.5025907
124 I 124 0.0000000 0.0000000 0.0000000 0.0000000 0.0000000 0.0000000 0.0000000 0.0000000 0.0000000 1.0000000 0.0000000 0.0000000 0.0000000 0.0000000 0.0000000 0.0000000 0.0000000 0.0000000 0.0000000 0.0000000
125 Y 125 0.0000000 0.0000000 0.0000000 0.0000000 0.0000000 0.0000000 0.0000000 0.0000000 0.0000000 0.0000000 0.0000000 0.0000000 0.0000000 0.0000000 0.0000000 0.0000000 0.0000000 0.0000000 1.0000000 0.0000000
126 N 126 0.0208091 0.0067213 0.1377643 0.3999970 0.0000000 0.1050049 0.1089102 0.0060852 0.0215615 0.0000000 0.0000000 0.1754957 0.0000000 0.0000000 0.0000000 0.0130511 0.0045996 0.0000000 0.0000000 0.0000000
127 V 127 0.4807120 0.0000000 0.0000000 0.0000000 0.0218238 0.0000000 0.0000000 0.0000000 0.0000000 0.0377805 0.3042389 0.0000000 0.0132968 0.0043241 0.0000000 0.0000000 0.0014697 0.0000000 0.0000000 0.1363542
128 I 128 0.0103528 0.0034249 0.0000000 0.0000000 0.0000000 0.0099274 0.0051036 0.0000000 0.0000000 0.5933309 0.1395017 0.0000000 0.0092084 0.0000000 0.0000000 0.0027105 0.0206847 0.0000000 0.0000000 0.2057551
129 E 129 0.0048294 0.0000000 0.0935242 0.5153917 0.0000000 0.0017195 0.3616513 0.0045270 0.0000000 0.0000000 0.0000000 0.0043053 0.0000000 0.0000000 0.0000000 0.0092465 0.0048052 0.0000000 0.0000000 0.0000000
130 E 130 0.0000000 0.0000000 0.0000000 0.6018405 0.0000000 0.0147574 0.3661736 0.0068386 0.0000000 0.0000000 0.0000000 0.0084283 0.0000000 0.0000000 0.0000000 0.0019616 0.0000000 0.0000000 0.0000000 0.0000000
131 I 131 0.0047752 0.0000000 0.0000000 0.0000000 0.0000000 0.0000000 0.0000000 0.0000000 0.0000000 0.4437453 0.0444523 0.0000000 0.0221074 0.0000000 0.0000000 0.0000000 0.0000000 0.0000000 0.0000000 0.4849197
132 E 132 0.0000000 0.0847731 0.0045484 0.0102435 0.0000000 0.0764667 0.2816233 0.0016262 0.0064534 0.0000000 0.0000000 0.5131044 0.0000000 0.0000000 0.0000000 0.0040800 0.0170810 0.0000000 0.0000000 0.0000000
133 A 133 0.3948996 0.0129550 0.0368220 0.0865531 0.0000000 0.0701572 0.0294879 0.0446248 0.0047881 0.0000000 0.0403474 0.1193085 0.0088716 0.0013005 0.0000000 0.1217874 0.0241328 0.0000000 0.0016356 0.0023284
134 A 134 0.8953471 0.0000000 0.0000000 0.0000000 0.0000000 0.0000000 0.0084941 0.0035161 0.0000000 0.0101671 0.0148006 0.0000000 0.0063293 0.0000000 0.0000000 0.0283497 0.0157225 0.0000000 0.0000000 0.0172735
135 M 135 0.0000000 0.0000000 0.0000000 0.0000000 0.0000000 0.0000000 0.0000000 0.0000000 0.0000000 0.0387478 0.2325144 0.0000000 0.7287378 0.0000000 0.0000000 0.0000000 0.0000000 0.0000000 0.0000000 0.0000000
