   56         A         R         N         D         C         Q         E         G         H         I         L         K         M         F         P         S         T         W         Y         V    
  1 L   1 0.0000000 0.0000000 0.0000000 0.0000000 0.0000000 0.0000000 0.0000000 0.0000000 0.0000000 0.1477922 0.7011798 0.0000000 0.0000000 0.0000000 0.0000000 0.0000000 0.0000000 0.0000000 0.0000000 0.1510280
  2 A   2 0.1872346 0.0651107 0.0000000 0.0000000 0.0000000 0.0789747 0.0918008 0.2481705 0.0000000 0.0000000 0.0191952 0.0000000 0.0000000 0.0000000 0.1938522 0.0209937 0.0607741 0.0000000 0.0000000 0.0338937
  3 A   3 0.0717003 0.0325634 0.0000000 0.0306577 0.0348912 0.0204444 0.0699317 0.2836365 0.0000000 0.0167005 0.0493149 0.0990014 0.0249483 0.0000000 0.1489114 0.1172982 0.0000000 0.0000000 0.0000000 0.0000000
  4 V   4 0.2133176 0.0666785 0.0204512 0.0111296 0.1499871 0.0073923 0.0146026 0.0272583 0.0113917 0.0691263 0.0234623 0.0583245 0.0000000 0.0000000 0.0494888 0.0219207 0.0763847 0.0000000 0.0214440 0.1576399
  5 S   5 0.0106701 0.0084417 0.0832672 0.0532247 0.0000000 0.2041497 0.1234422 0.0218969 0.0000000 0.0000000 0.0071253 0.2053465 0.0000000 0.0000000 0.0250547 0.1048750 0.1352590 0.0000000 0.0000000 0.0172469
  6 V   6 0.0546302 0.0000000 0.0079640 0.0518197 0.0095447 0.0000000 0.0187015 0.0000000 0.0000000 0.2149545 0.0761574 0.0000000 0.0302552 0.0000000 0.1120884 0.0122190 0.0362391 0.0000000 0.0000000 0.3754262
  7 D   7 0.0096602 0.0070175 0.2425571 0.5460565 0.0000000 0.0219509 0.1029313 0.0000000 0.0000000 0.0000000 0.0000000 0.0000000 0.0068279 0.0000000 0.0000000 0.0193371 0.0000000 0.0000000 0.0346759 0.0089857
  8 C   8 0.0169874 0.0000000 0.0000000 0.0000000 0.9284409 0.0000000 0.0085236 0.0086740 0.0000000 0.0000000 0.0156120 0.0000000 0.0000000 0.0000000 0.0000000 0.0000000 0.0099416 0.0118205 0.0000000 0.0000000
  9 S   9 0.0507258 0.0333069 0.0374072 0.0936619 0.0000000 0.0266281 0.0458669 0.0743732 0.0042407 0.0000000 0.0037774 0.0850071 0.0072959 0.0113808 0.0182744 0.4292670 0.0744408 0.0000000 0.0000000 0.0043459
 10 E  10 0.0361634 0.0620798 0.0660986 0.0980960 0.0200579 0.0943967 0.1305937 0.0731104 0.0637993 0.0561421 0.0082116 0.0914170 0.0248554 0.0168305 0.0443340 0.0459987 0.0121366 0.0097019 0.0255820 0.0203944
 11 Y  11 0.0100155 0.0033791 0.0063739 0.0036344 0.0952483 0.0094869 0.0242856 0.0028024 0.0175162 0.0097553 0.0051837 0.0158491 0.0318198 0.1623675 0.0000000 0.0000000 0.0154118 0.0000000 0.5713960 0.0154748
 12 P  12 0.0507203 0.1568250 0.0097744 0.0380891 0.0438208 0.0343615 0.0209043 0.0386012 0.0193027 0.0056725 0.0094523 0.1801327 0.0033512 0.0000000 0.1812783 0.1830574 0.0216126 0.0000000 0.0000000 0.0030436
 13 K  13 0.0156547 0.0810710 0.0666379 0.0512607 0.0031440 0.0810878 0.1113892 0.0110606 0.0000000 0.0308640 0.0639321 0.2469657 0.0030399 0.0070793 0.0788523 0.0355407 0.0526625 0.0065676 0.0085074 0.0446826
 14 P  14 0.0270943 0.0419395 0.0149066 0.0328588 0.0176188 0.0168797 0.0069700 0.0168124 0.0413665 0.1501631 0.0986241 0.0697731 0.0078059 0.1119702 0.2141238 0.0239462 0.0386302 0.0028646 0.0000000 0.0656522
 15 A  15 0.1933075 0.0135379 0.0071919 0.0208521 0.0156625 0.0100456 0.0187689 0.0579103 0.0069216 0.0955207 0.0308569 0.0320567 0.0438218 0.0773975 0.1453528 0.0300071 0.0591980 0.0000000 0.0182208 0.1233693
 16 C  16 0.0000000 0.0000000 0.0000000 0.0000000 0.9791587 0.0000000 0.0000000 0.0000000 0.0000000 0.0000000 0.0000000 0.0000000 0.0000000 0.0000000 0.0000000 0.0000000 0.0000000 0.0000000 0.0000000 0.0208413
 17 T  17 0.0141746 0.0118539 0.0272725 0.0167582 0.0000000 0.0063338 0.0156015 0.0144732 0.0094634 0.0029417 0.0105727 0.0508510 0.0029461 0.0047116 0.3801699 0.0930635 0.3167335 0.0000000 0.0139550 0.0081241
 18 L  18 0.0482784 0.2717611 0.0223410 0.0590732 0.0000000 0.0486375 0.0411854 0.0385533 0.0191823 0.0371441 0.0776685 0.1172729 0.0613762 0.0134525 0.0404253 0.0432597 0.0380028 0.0014044 0.0094898 0.0114918
 19 E  19 0.0124693 0.0204976 0.0956711 0.1285004 0.0000000 0.0192314 0.2914596 0.0072185 0.0518693 0.0985295 0.0458245 0.0099662 0.0168461 0.0088609 0.0028339 0.0306743 0.0721853 0.0000000 0.0136225 0.0737395
 20 H  20 0.0138848 0.0201928 0.0623304 0.0136750 0.0000000 0.0078309 0.0118956 0.0105573 0.0391411 0.0182463 0.1045036 0.0264486 0.0174699 0.0992372 0.0086057 0.0561767 0.0081476 0.0285062 0.4306103 0.0225399
 21 R  21 0.0793583 0.1051830 0.1028523 0.2053604 0.0019871 0.0513796 0.0725711 0.0018764 0.0222037 0.0146067 0.0501223 0.1001582 0.0376593 0.0106820 0.0071285 0.0802070 0.0275237 0.0027055 0.0056932 0.0207419
 22 P  22 0.0167467 0.0050532 0.0000000 0.0000000 0.0000000 0.0061421 0.0176179 0.0000000 0.0053947 0.0044080 0.0246699 0.0061664 0.0000000 0.0020704 0.8911035 0.0096192 0.0029616 0.0000000 0.0039478 0.0040987
 23 L  23 0.0042668 0.0042658 0.0000000 0.0121180 0.0000000 0.0080093 0.0000000 0.0000000 0.0212376 0.1290630 0.0556569 0.0066658 0.0045099 0.0060340 0.0000000 0.0000000 0.0000000 0.0000000 0.0020429 0.7461299
 24 C  24 0.0000000 0.0325336 0.0000000 0.0000000 0.9491600 0.0000000 0.0000000 0.0000000 0.0000000 0.0000000 0.0088657 0.0000000 0.0000000 0.0000000 0.0000000 0.0038946 0.0000000 0.0000000 0.0055461 0.0000000
 25 G  25 0.1021518 0.0000000 0.0000000 0.0127936 0.0000000 0.0000000 0.0000000 0.8574255 0.0000000 0.0000000 0.0000000 0.0000000 0.0000000 0.0000000 0.0000000 0.0276291 0.0000000 0.0000000 0.0000000 0.0000000
 26 S  26 0.0160576 0.0059667 0.0210237 0.0360087 0.0041799 0.0054125 0.0081505 0.0030920 0.0044565 0.0109776 0.0026682 0.0025431 0.0034837 0.0000000 0.0315253 0.5364058 0.2946761 0.0000000 0.0000000 0.0133721
 27 D  27 0.0051223 0.0000000 0.1716068 0.8020541 0.0000000 0.0000000 0.0000000 0.0000000 0.0000000 0.0000000 0.0035907 0.0000000 0.0000000 0.0000000 0.0000000 0.0072032 0.0057815 0.0000000 0.0046414 0.0000000
 28 N  28 0.0183033 0.0074169 0.0642106 0.0172960 0.0000000 0.0109405 0.0028655 0.7591953 0.0190108 0.0000000 0.0048655 0.0035997 0.0165504 0.0047362 0.0000000 0.0257420 0.0120617 0.0017698 0.0288262 0.0026098
 29 K  29 0.0063056 0.0847321 0.0498819 0.0101996 0.0022441 0.0575125 0.0359855 0.0074767 0.0333561 0.0957588 0.0204740 0.3160814 0.0103954 0.0133385 0.0000000 0.0330988 0.0162915 0.0000000 0.0040784 0.2027890
 30 T  30 0.0000000 0.0034363 0.0120889 0.0067226 0.0000000 0.0030945 0.0055632 0.0000000 0.0000000 0.0145414 0.0231132 0.0000000 0.0023774 0.0120864 0.0000000 0.0605976 0.8381920 0.0000000 0.0036561 0.0145306
 31 Y  31 0.0000000 0.0000000 0.0000000 0.0000000 0.0120617 0.0000000 0.0000000 0.0000000 0.0322326 0.0000000 0.0000000 0.0000000 0.0000000 0.0228861 0.0000000 0.0000000 0.0000000 0.0000000 0.9328196 0.0000000
 32 G  32 0.0921390 0.0271560 0.0846306 0.1075590 0.0110676 0.0415932 0.0492273 0.1702313 0.0062364 0.0078663 0.0272223 0.0152378 0.0027934 0.0148347 0.0681520 0.2389110 0.0225371 0.0000000 0.0067002 0.0059049
 33 N  33 0.0000000 0.0000000 0.8842671 0.0082140 0.0000000 0.0033898 0.0000000 0.0032072 0.0061696 0.0000000 0.0000000 0.0000000 0.0000000 0.0000000 0.0000000 0.0686610 0.0260913 0.0000000 0.0000000 0.0000000
 34 K  34 0.0129651 0.0479237 0.0051035 0.0603197 0.0000000 0.0297428 0.3514451 0.0044441 0.0558656 0.0201560 0.0518033 0.1751980 0.0153836 0.0031599 0.0909382 0.0348359 0.0182239 0.0017638 0.0050691 0.0156588
 35 C  35 0.0070670 0.0000000 0.0000000 0.0000000 0.9691247 0.0000000 0.0000000 0.0050267 0.0000000 0.0000000 0.0000000 0.0000000 0.0000000 0.0000000 0.0000000 0.0124515 0.0000000 0.0000000 0.0000000 0.0063301
 36 N  36 0.0763224 0.0186012 0.0207866 0.0228741 0.0000000 0.0712351 0.1649742 0.0156933 0.0585242 0.0470830 0.1119766 0.0389893 0.0725993 0.0687798 0.0000000 0.0338137 0.0703683 0.0166708 0.0296300 0.0610781
 37 F  37 0.0082497 0.0148221 0.0000000 0.0000000 0.0000000 0.0000000 0.0000000 0.0000000 0.0027392 0.0216619 0.5619220 0.0000000 0.1094975 0.2317480 0.0000000 0.0064129 0.0000000 0.0000000 0.0120107 0.0309359
 38 C  38 0.0164832 0.1520616 0.0336946 0.0238954 0.4145489 0.0573008 0.0873994 0.0177048 0.0649173 0.0097926 0.0073277 0.0798959 0.0041507 0.0020126 0.0000000 0.0117131 0.0126168 0.0000000 0.0024539 0.0020309
 39 N  39 0.1380024 0.1017647 0.1091991 0.0072357 0.0221571 0.0308608 0.0335578 0.0107826 0.0261360 0.0407726 0.0765641 0.1289574 0.0351801 0.0258671 0.0000000 0.0481544 0.0417499 0.0064171 0.0195564 0.0970847
 40 A  40 0.4643187 0.0084487 0.0051816 0.0328364 0.0036026 0.0283239 0.2057447 0.0071024 0.0332608 0.0167588 0.0190258 0.0372767 0.0103112 0.0199277 0.0000000 0.0209988 0.0430836 0.0000000 0.0266700 0.0171274
 41 V  41 0.2431579 0.0518446 0.1338214 0.0148124 0.0018499 0.0857340 0.0158676 0.0173603 0.0037825 0.0625713 0.0296988 0.0537776 0.0130436 0.0111082 0.0000000 0.1425030 0.0243393 0.0122318 0.0106206 0.0718751
 42 V  42 0.0398542 0.0638971 0.0096603 0.0022394 0.5240979 0.0172020 0.0118516 0.0022392 0.0042398 0.0266212 0.1268191 0.0195556 0.0520217 0.0319835 0.0000000 0.0048063 0.0054484 0.0090393 0.0032872 0.0451362
 43 E  43 0.0268935 0.0988120 0.0414946 0.0632546 0.0145796 0.0824863 0.1892482 0.0031945 0.0064380 0.0380743 0.1079432 0.2101073 0.0216041 0.0082508 0.0094407 0.0197967 0.0291210 0.0000000 0.0025903 0.0266703
 44 S  44 0.0372247 0.0854392 0.0923052 0.0310966 0.0029701 0.0958950 0.0382397 0.0211316 0.0334235 0.0072083 0.0400413 0.1238260 0.0091647 0.0170490 0.0000000 0.2316120 0.1110455 0.0024212 0.0120601 0.0078462
 45 N  45 0.0135586 0.1171286 0.1248340 0.1037006 0.0000000 0.1367977 0.0839393 0.2127459 0.0287269 0.0017114 0.0034291 0.1130935 0.0085196 0.0013712 0.0074389 0.0259628 0.0100032 0.0000000 0.0030593 0.0039793
 46 G  46 0.0746347 0.0856739 0.0270996 0.0168780 0.0000000 0.0534794 0.0658820 0.1524347 0.0148739 0.0198818 0.0399709 0.1186074 0.0054384 0.0283902 0.0600381 0.0682664 0.1157929 0.0091063 0.0072942 0.0362573
 47 T  47 0.0484401 0.0881633 0.1398478 0.1125164 0.0032434 0.0548141 0.1032249 0.0290059 0.0328590 0.0088550 0.0086138 0.1370577 0.0072135 0.0038736 0.0313577 0.0783753 0.0917466 0.0037771 0.0032574 0.0137572
 48 L  48 0.0035466 0.0000000 0.0042420 0.0000000 0.0000000 0.0000000 0.0321782 0.0000000 0.0000000 0.4885975 0.2388427 0.0000000 0.0109069 0.0262588 0.0000000 0.0024350 0.0163268 0.0033966 0.0042970 0.1689719
 49 T  49 0.0280931 0.1161803 0.0453914 0.0432280 0.0000000 0.0857410 0.0630272 0.0587686 0.0267308 0.0277213 0.0568632 0.0978023 0.0036984 0.0179748 0.0118239 0.0830238 0.1884152 0.0029146 0.0229922 0.0196099
 50 L  50 0.0220773 0.0067326 0.0109593 0.0035808 0.0000000 0.0188821 0.0048382 0.0000000 0.0000000 0.2409016 0.1467144 0.1317602 0.0292667 0.1149340 0.0070265 0.0023091 0.0056335 0.0016242 0.0110392 0.2417204
 51 S  51 0.1649734 0.0705705 0.0194902 0.0306864 0.0000000 0.0298668 0.0265216 0.0103878 0.0061913 0.0500026 0.1238323 0.1886948 0.0249802 0.0093759 0.0000000 0.0621812 0.0081541 0.0054966 0.0075204 0.1610739
 52 H  52 0.0196299 0.0708539 0.0226307 0.0032564 0.0054905 0.0401404 0.0061721 0.0076985 0.4364197 0.0000000 0.0000000 0.1307407 0.0000000 0.0069748 0.0060113 0.1162106 0.0045797 0.0033158 0.1198748 0.0000000
 53 F  53 0.0189343 0.0712813 0.0517672 0.1831208 0.0000000 0.0647270 0.1521790 0.0068872 0.0224509 0.0050580 0.0544993 0.0827655 0.0156721 0.0584860 0.0234432 0.0678004 0.0218586 0.0355619 0.0493812 0.0141259
 54 G  54 0.0049108 0.0032875 0.0124512 0.0124471 0.0000000 0.0019130 0.0157136 0.8754119 0.0000000 0.0000000 0.0018210 0.0214950 0.0047966 0.0033221 0.0000000 0.0227721 0.0163560 0.0000000 0.0000000 0.0033020
 55 K  55 0.0648826 0.0720985 0.0199493 0.0282158 0.0000000 0.0253587 0.2355508 0.0107463 0.0402080 0.0044922 0.0106302 0.1555952 0.0121367 0.0059086 0.2021957 0.0444668 0.0251053 0.0000000 0.0044393 0.0380201
 56 C  56 0.0000000 0.0000000 0.0000000 0.0000000 1.0000000 0.0000000 0.0000000 0.0000000 0.0000000 0.0000000 0.0000000 0.0000000 0.0000000 0.0000000 0.0000000 0.0000000 0.0000000 0.0000000 0.0000000 0.0000000
