  124         A         R         N         D         C         Q         E         G         H         I         L         K         M         F         P         S         T         W         Y         V         X    
  1 M   1 0.0000000 0.0000000 0.0000000 0.0000000 0.0000000 0.0000000 0.0000000 0.0000000 0.0000000 0.0000000 0.0000000 0.0000000 0.5267112 0.0000000 0.0000000 0.0000000 0.0000000 0.0000000 0.0000000 0.0000000 0.4732888
  2 Q   2 0.0402485 0.0210445 0.0771471 0.0104783 0.0018585 0.0307535 0.0205296 0.0049201 0.0063853 0.0071593 0.0022649 0.0416527 0.0010015 0.0012068 0.0136409 0.2230725 0.1172941 0.0000000 0.0000000 0.0022867 0.3770553
  3 R   3 0.0158902 0.0755004 0.0435095 0.0208681 0.0000000 0.1035740 0.0585502 0.0083779 0.0171589 0.0075296 0.0107972 0.2128857 0.0032218 0.0030209 0.0092340 0.0315522 0.0454725 0.0000000 0.0000000 0.0055888 0.3272682
  4 G   4 0.1761842 0.0088806 0.0268480 0.0118638 0.0000000 0.0271948 0.0359940 0.1002063 0.0135624 0.0120226 0.0175015 0.0352372 0.0017712 0.0137598 0.1329600 0.0753257 0.0364632 0.0000000 0.0132816 0.0023317 0.2586114
  5 I   5 0.0065088 0.2035411 0.0480097 0.0318822 0.0077329 0.0301353 0.0075416 0.0022455 0.0569596 0.0109274 0.0180781 0.1764798 0.0016685 0.0012307 0.0092726 0.0650649 0.1524326 0.0000000 0.0105952 0.0039227 0.1557709
  6 V   6 0.0032694 0.0000000 0.0000000 0.0000000 0.0000000 0.0000000 0.0000000 0.0000000 0.0000000 0.6387702 0.0416128 0.0000000 0.0000000 0.0000000 0.0000000 0.0000000 0.0000000 0.0000000 0.0000000 0.2994524 0.0168951
  7 W   7 0.0188984 0.0000000 0.0000000 0.0000000 0.0033116 0.0000000 0.0000000 0.0000000 0.0041463 0.0145003 0.7654161 0.0000000 0.0186542 0.0115410 0.0000000 0.0000000 0.0013150 0.1329212 0.0096011 0.0096836 0.0100113
  8 V   8 0.0121180 0.0000000 0.0000000 0.0000000 0.0000000 0.0000000 0.0000000 0.0000000 0.0000000 0.4182021 0.0987658 0.0000000 0.0025993 0.0190558 0.0000000 0.0000000 0.0034439 0.0000000 0.0000000 0.4344602 0.0113549
  9 V   9 0.0371345 0.0000000 0.0000000 0.0000000 0.0123407 0.0000000 0.0000000 0.0000000 0.0000000 0.2041717 0.0189943 0.0000000 0.0000000 0.0000000 0.0000000 0.0000000 0.0026179 0.0000000 0.0025993 0.7088637 0.0132779
 10 D  10 0.0000000 0.0000000 0.0000000 0.8930400 0.0000000 0.0000000 0.0969487 0.0000000 0.0000000 0.0000000 0.0000000 0.0000000 0.0000000 0.0000000 0.0000000 0.0000000 0.0000000 0.0000000 0.0000000 0.0000000 0.0100113
 11 D  11 0.0000000 0.0000000 0.0093886 0.9806001 0.0000000 0.0000000 0.0000000 0.0000000 0.0000000 0.0000000 0.0000000 0.0000000 0.0000000 0.0000000 0.0000000 0.0000000 0.0000000 0.0000000 0.0000000 0.0000000 0.0100113
 12 D  12 0.0000000 0.0000000 0.0030494 0.3297631 0.0000000 0.0095102 0.6350042 0.0020712 0.0034992 0.0000000 0.0000000 0.0039213 0.0000000 0.0000000 0.0000000 0.0031702 0.0000000 0.0000000 0.0000000 0.0000000 0.0100113
 13 S  13 0.1363613 0.1257809 0.0089250 0.0258204 0.0000000 0.0481773 0.1717942 0.0031171 0.0135341 0.0133844 0.0397480 0.1243274 0.0011775 0.0014208 0.1602818 0.0698041 0.0234278 0.0000000 0.0000000 0.0229066 0.0100113
 14 S  14 0.1064384 0.0112109 0.1091175 0.1703311 0.0000000 0.0119407 0.0254265 0.1161796 0.0429090 0.0379851 0.0237180 0.0064095 0.0056933 0.0000000 0.0181648 0.2720841 0.0082401 0.0000000 0.0050664 0.0190736 0.0100113
 15 I  15 0.0172680 0.0000000 0.0048202 0.0000000 0.0000000 0.0126382 0.0000000 0.0025398 0.0288565 0.5106649 0.1390891 0.0000000 0.1316697 0.0139286 0.0000000 0.0080347 0.0029867 0.0000000 0.0274684 0.0900240 0.0100113
 16 R  16 0.0149387 0.8056087 0.0016734 0.0000000 0.0507937 0.0030978 0.0000000 0.0024977 0.0000000 0.0058448 0.0981759 0.0000000 0.0000000 0.0000000 0.0090080 0.0050357 0.0018263 0.0000000 0.0000000 0.0014992 0.0000000
 17 W  17 0.0319252 0.1139897 0.0207979 0.0905605 0.0000000 0.0692563 0.2086974 0.0084968 0.0213659 0.0193830 0.0714447 0.0422539 0.0158158 0.0287925 0.0055499 0.0306199 0.0401323 0.1632686 0.0046695 0.0129801 0.0000000
 18 V  18 0.1180608 0.0000000 0.0180813 0.0000000 0.0000000 0.0035466 0.0000000 0.0644289 0.0000000 0.0461500 0.1829586 0.0000000 0.0687732 0.0357565 0.0000000 0.1373751 0.0576957 0.0000000 0.0102733 0.2569001 0.0000000
 19 L  19 0.0074304 0.0000000 0.0060641 0.0000000 0.0349506 0.0015424 0.0000000 0.0028585 0.0000000 0.0964486 0.6722119 0.0000000 0.0440557 0.0199830 0.0000000 0.0038891 0.0182560 0.0000000 0.0025424 0.0897673 0.0000000
 20 E  20 0.1436466 0.1174543 0.0141732 0.0229109 0.0093090 0.0675800 0.2334026 0.0621445 0.0080201 0.0072648 0.0063797 0.0835419 0.0016143 0.0060091 0.0000000 0.1415669 0.0263530 0.0000000 0.0083793 0.0402497 0.0000000
 21 R  21 0.0634038 0.1033186 0.0076637 0.0840163 0.0000000 0.1282525 0.1104003 0.0898317 0.0146480 0.0495090 0.0397384 0.1646423 0.0417915 0.0093447 0.0000000 0.0153149 0.0441798 0.0021951 0.0135793 0.0181701 0.0000000
 22 A  22 0.2210586 0.0462245 0.0122652 0.0039736 0.0025432 0.0131374 0.0137840 0.0164994 0.0027183 0.2441450 0.0980622 0.0000000 0.0321698 0.0186058 0.0024977 0.0354118 0.0902273 0.0550676 0.0086043 0.0830045 0.0000000
 23 L  23 0.0029401 0.0000000 0.0000000 0.0000000 0.0000000 0.0000000 0.0000000 0.0000000 0.0000000 0.0099733 0.9282328 0.0000000 0.0130767 0.0382635 0.0000000 0.0000000 0.0027619 0.0000000 0.0000000 0.0047516 0.0000000
 24 A  24 0.1082953 0.0779787 0.0203566 0.0253867 0.0000000 0.0827386 0.2815084 0.0426650 0.0079613 0.0078547 0.0152342 0.0733266 0.0067917 0.0022643 0.0022914 0.1436726 0.0829404 0.0000000 0.0000000 0.0187336 0.0000000
 25 G  25 0.0448859 0.1410171 0.0195985 0.2551377 0.0000000 0.0589809 0.0794343 0.0510514 0.0094132 0.0059198 0.1322754 0.0847118 0.0133888 0.0074430 0.0075687 0.0521386 0.0126522 0.0000000 0.0205787 0.0038040 0.0000000
 26 A  26 0.2298671 0.0313466 0.0193672 0.0488583 0.0023233 0.0410459 0.4487805 0.0084133 0.0048234 0.0014395 0.0153044 0.0259698 0.0082750 0.0013310 0.0020754 0.0704505 0.0051378 0.0258353 0.0012165 0.0081392 0.0000000
 27 G  27 0.0039625 0.0080047 0.0625647 0.0602381 0.0000000 0.0053106 0.0196323 0.7852887 0.0059948 0.0000000 0.0018477 0.0161040 0.0000000 0.0000000 0.0040150 0.0214906 0.0031309 0.0000000 0.0000000 0.0000000 0.0024154
 28 L  28 0.0000000 0.0081801 0.0014265 0.0000000 0.0110693 0.0016218 0.0000000 0.0000000 0.0726835 0.0788978 0.0687103 0.0000000 0.0215409 0.1572717 0.0000000 0.0000000 0.0000000 0.0113191 0.5615624 0.0041833 0.0015332
 29 T  29 0.0934840 0.0735880 0.0324788 0.0910511 0.0039719 0.1231419 0.2757531 0.0196353 0.0209931 0.0066125 0.0194082 0.0474808 0.0035221 0.0028780 0.0259043 0.0520576 0.0884230 0.0000000 0.0035357 0.0160806 0.0000000
 30 C  30 0.0353189 0.0013600 0.0012830 0.0000000 0.0488523 0.0000000 0.0000000 0.0000000 0.0040151 0.0345901 0.0043619 0.0000000 0.0000000 0.0064826 0.0389782 0.0113439 0.1504316 0.0093625 0.0057074 0.6479125 0.0000000
 31 T  31 0.0686602 0.1498132 0.0027221 0.0790771 0.0036605 0.0485329 0.1477484 0.0027958 0.0234916 0.0499538 0.0723193 0.0384830 0.0117936 0.0412413 0.0000000 0.0514037 0.1239143 0.0000000 0.0076122 0.0767769 0.0000000
 32 T  32 0.0922107 0.0068922 0.0020796 0.0148837 0.0523957 0.0147069 0.1211019 0.0283093 0.0030771 0.0203589 0.0934283 0.0058589 0.0138687 0.0030721 0.0184923 0.1202109 0.3242883 0.0036400 0.0008803 0.0602441 0.0000000
 33 F  33 0.6191712 0.0034270 0.0000000 0.0000000 0.0225146 0.0013958 0.0045071 0.0016238 0.0041196 0.0062235 0.0195057 0.0000000 0.0029630 0.2037298 0.0000000 0.0092874 0.0199439 0.0000000 0.0223172 0.0592706 0.0000000
 34 E  34 0.2496714 0.0251428 0.0159657 0.0890275 0.0047358 0.0092491 0.2086440 0.1054240 0.0081241 0.0058996 0.0143510 0.0283337 0.0000000 0.0089524 0.0445364 0.1186712 0.0424494 0.0013900 0.0039965 0.0154353 0.0000000
 35 N  35 0.0087565 0.0462214 0.2609630 0.2965115 0.0089640 0.0076887 0.0127360 0.0367972 0.0086173 0.0000000 0.0000000 0.0000000 0.0000000 0.0000000 0.0000000 0.2595939 0.0503541 0.0011603 0.0000000 0.0016362 0.0000000
 36 G  36 0.3085445 0.0000000 0.0000000 0.0000000 0.0018827 0.0000000 0.0000000 0.5802970 0.0000000 0.0037803 0.0026485 0.0000000 0.0000000 0.0000000 0.0284471 0.0561736 0.0032427 0.0000000 0.0000000 0.0149836 0.0000000
 37 N  37 0.0872939 0.0596421 0.0286885 0.1106254 0.0000000 0.0840785 0.3463600 0.0184864 0.0113697 0.0145960 0.0521391 0.0508880 0.0115627 0.0161724 0.0017992 0.0239470 0.0386042 0.0000000 0.0111291 0.0326178 0.0000000
 38 E  38 0.1145662 0.0198556 0.0067029 0.0953422 0.0024868 0.1022201 0.4038081 0.0179648 0.0073910 0.0122059 0.0185678 0.0314054 0.0124262 0.0000000 0.0028082 0.0897256 0.0438033 0.0010485 0.0019141 0.0157574 0.0000000
 39 V  39 0.6552302 0.0000000 0.0000000 0.0000000 0.0251917 0.0000000 0.0000000 0.1800731 0.0000000 0.0051500 0.0560695 0.0000000 0.0054671 0.0083237 0.0000000 0.0028285 0.0027615 0.0000000 0.0000000 0.0589046 0.0000000
 40 L  40 0.0127116 0.0491761 0.0008662 0.0012786 0.0039170 0.0060523 0.0024978 0.0000000 0.0000000 0.0816366 0.7050009 0.0081636 0.0377913 0.0085574 0.0023387 0.0017749 0.0058675 0.0226641 0.0028907 0.0468146 0.0000000
 41 A  41 0.1721533 0.0844968 0.0498610 0.0885625 0.0016675 0.0719545 0.2433851 0.0293930 0.0089121 0.0107412 0.0144971 0.0924411 0.0072124 0.0011781 0.0139555 0.0498670 0.0384709 0.0000000 0.0018134 0.0194373 0.0000000
 42 A  42 0.1965991 0.0930050 0.0066792 0.0031811 0.0182498 0.0541192 0.0497577 0.0082613 0.0326934 0.0675862 0.1914540 0.0930538 0.0511645 0.0160984 0.0000000 0.0219144 0.0205900 0.0096779 0.0154874 0.0479959 0.0024316
 43 L  43 0.0415590 0.0217736 0.0034975 0.0000000 0.0127712 0.0036496 0.0000000 0.0013009 0.0000000 0.1923440 0.4808442 0.0033526 0.0227846 0.0765384 0.0000000 0.0025930 0.0043650 0.0080145 0.0080369 0.1165749 0.0000000
 44 A  44 0.1209229 0.1377789 0.0510569 0.0893637 0.0057272 0.1028547 0.1556097 0.0567228 0.0154898 0.0056839 0.0201480 0.1143517 0.0033784 0.0020699 0.0205595 0.0533653 0.0312718 0.0000000 0.0074456 0.0061997 0.0000000
 45 S  45 0.1053357 0.1065046 0.0531939 0.0559959 0.0047376 0.1054221 0.1785043 0.0299172 0.0320716 0.0059052 0.0136339 0.1124702 0.0044454 0.0074721 0.0181673 0.0749059 0.0731054 0.0000000 0.0079106 0.0103012 0.0000000
 46 K  46 0.0270119 0.0957190 0.0723300 0.1234073 0.0039200 0.0840384 0.2236487 0.0826002 0.0512543 0.0152056 0.0097879 0.0460719 0.0045485 0.0216669 0.0067366 0.0662896 0.0502213 0.0011897 0.0051789 0.0091733 0.0000000
 47 T  47 0.0528131 0.1209209 0.0220679 0.0839579 0.0098687 0.0843475 0.0786917 0.0244319 0.0256790 0.0097640 0.0308243 0.0484030 0.0108427 0.0540842 0.1290406 0.0606283 0.0742395 0.0210433 0.0224889 0.0345864 0.0012762
 48 P  48 0.0261633 0.0021507 0.0034141 0.0059332 0.0018443 0.0027024 0.0044784 0.0075694 0.0019141 0.0664785 0.0113769 0.0000000 0.0000000 0.1708397 0.4738079 0.0033994 0.0038325 0.0100761 0.1188714 0.0837032 0.0014447
 49 D  49 0.0459319 0.0109451 0.0289440 0.6049250 0.0000000 0.0381069 0.0308999 0.1127015 0.0164535 0.0000000 0.0025925 0.0106885 0.0028761 0.0000000 0.0083660 0.0706417 0.0119310 0.0000000 0.0018861 0.0021103 0.0000000
 50 V  50 0.0563030 0.0000000 0.0000000 0.0000000 0.0178962 0.0000000 0.0000000 0.0020370 0.0000000 0.1061258 0.4546268 0.0000000 0.0295596 0.0071773 0.0000000 0.0000000 0.0092237 0.0000000 0.0017880 0.3152628 0.0000000
 51 L  51 0.0261373 0.0000000 0.0000000 0.0000000 0.0000000 0.0000000 0.0000000 0.0057241 0.0000000 0.2072983 0.1437544 0.0000000 0.0253568 0.0000000 0.0000000 0.0000000 0.0020229 0.0000000 0.0000000 0.5897062 0.0000000
 52 L  52 0.0000000 0.0000000 0.0000000 0.0000000 0.0000000 0.0000000 0.0000000 0.0000000 0.0000000 0.3272020 0.4093284 0.0000000 0.0101517 0.0639766 0.0000000 0.0000000 0.0022585 0.0000000 0.0000000 0.1870829 0.0000000
 53 S  53 0.0100642 0.0000000 0.0000000 0.0000000 0.0625870 0.0099598 0.0000000 0.0000000 0.0000000 0.0055813 0.2879777 0.0000000 0.0442632 0.0068066 0.0000000 0.2711896 0.2854676 0.0000000 0.0000000 0.0161030 0.0000000
 54 D  54 0.0000000 0.0000000 0.0000000 1.0000000 0.0000000 0.0000000 0.0000000 0.0000000 0.0000000 0.0000000 0.0000000 0.0000000 0.0000000 0.0000000 0.0000000 0.0000000 0.0000000 0.0000000 0.0000000 0.0000000 0.0000000
 55 I  55 0.0025925 0.0000000 0.0000000 0.0000000 0.0000000 0.0027183 0.0000000 0.0000000 0.0000000 0.5212080 0.2318560 0.0000000 0.0587456 0.0027443 0.0000000 0.0000000 0.0000000 0.0038112 0.0075995 0.1687247 0.0000000
 56 R  56 0.0014902 0.4420564 0.0124544 0.0000000 0.0032260 0.0381449 0.0012307 0.0000000 0.0182216 0.0055439 0.0036219 0.2662472 0.0170665 0.0030670 0.0000000 0.0061415 0.0024084 0.1600512 0.0012340 0.0177942 0.0000000
 57 M  57 0.0000000 0.0000000 0.0000000 0.0000000 0.0000000 0.0000000 0.0000000 0.0000000 0.0000000 0.0050543 0.1769896 0.0000000 0.8143820 0.0035742 0.0000000 0.0000000 0.0000000 0.0000000 0.0000000 0.0000000 0.0000000
 58 P  58 0.0241135 0.0040321 0.0064060 0.0105596 0.0000000 0.0430649 0.0154719 0.0223628 0.0062643 0.0025118 0.0000000 0.0209289 0.0014903 0.0000000 0.8243122 0.0148402 0.0012541 0.0000000 0.0000000 0.0023874 0.0000000
 59 G  59 0.0028766 0.0505230 0.0170300 0.1403572 0.0000000 0.0163445 0.0613430 0.5698766 0.0103811 0.0035509 0.0018624 0.0769764 0.0017563 0.0000000 0.0103058 0.0082617 0.0031963 0.0000000 0.0000000 0.0234722 0.0018861
 60 M  60 0.0164294 0.0026376 0.0017434 0.0012176 0.0156311 0.0065962 0.0207937 0.0314672 0.0023156 0.1529103 0.1185732 0.0152074 0.5104220 0.0043097 0.0030883 0.0091820 0.0468727 0.0000000 0.0000000 0.0406027 0.0000000
 61 D  61 0.0000000 0.0000000 0.0688987 0.7067629 0.0000000 0.0018677 0.0056948 0.0428278 0.0000000 0.0000000 0.0000000 0.0000000 0.0000000 0.0000000 0.0020899 0.1472664 0.0245917 0.0000000 0.0000000 0.0000000 0.0000000
 62 G  62 0.0035934 0.0000000 0.0000000 0.0046101 0.0000000 0.0000000 0.0000000 0.9917965 0.0000000 0.0000000 0.0000000 0.0000000 0.0000000 0.0000000 0.0000000 0.0000000 0.0000000 0.0000000 0.0000000 0.0000000 0.0000000
 63 L  63 0.0027443 0.0063818 0.0000000 0.0036463 0.0000000 0.0131565 0.0163699 0.0000000 0.0061067 0.2137136 0.4784829 0.0015164 0.1625934 0.0350337 0.0038112 0.0011882 0.0063087 0.0000000 0.0053446 0.0436019 0.0000000
 64 A  64 0.1272932 0.0082935 0.0022163 0.1242107 0.0000000 0.0785758 0.4445354 0.0241002 0.0034328 0.0014674 0.0011639 0.0131100 0.0049123 0.0000000 0.0000000 0.0601546 0.1011978 0.0027619 0.0000000 0.0025742 0.0000000
 65 L  65 0.0546561 0.0000000 0.0000000 0.0000000 0.0000000 0.0000000 0.0000000 0.0000000 0.0000000 0.0527897 0.5276299 0.0000000 0.0124002 0.0701410 0.0000000 0.0000000 0.0420996 0.0000000 0.0023387 0.2379447 0.0000000
 66 L  66 0.0000000 0.0000000 0.0000000 0.0000000 0.0084412 0.0088913 0.0000000 0.0000000 0.0000000 0.0135581 0.8814521 0.0000000 0.0362934 0.0346779 0.0000000 0.0000000 0.0026415 0.0000000 0.0030192 0.0110254 0.0000000
 67 K  67 0.0614449 0.1531664 0.0212112 0.0625924 0.0012020 0.1041175 0.2076109 0.0208110 0.0084795 0.0046101 0.0051511 0.2417035 0.0012334 0.0000000 0.0122481 0.0581127 0.0248502 0.0000000 0.0031208 0.0083343 0.0000000
 68 Q  68 0.1242626 0.2283399 0.0191595 0.0067474 0.0028512 0.1117162 0.1832274 0.0050164 0.0474611 0.0172366 0.0171754 0.1443619 0.0051476 0.0009761 0.0000000 0.0227601 0.0347502 0.0036777 0.0072036 0.0179293 0.0000000
 69 I  69 0.0981494 0.0014308 0.0000000 0.0000000 0.0149218 0.0024316 0.0000000 0.0052339 0.0000000 0.3682714 0.1919410 0.0000000 0.0325724 0.0152184 0.0000000 0.0048478 0.0109429 0.0395673 0.0000000 0.2144713 0.0000000
 70 K  70 0.0227505 0.2250672 0.0149960 0.0019091 0.0011677 0.0925247 0.0039002 0.0164569 0.0751479 0.0173210 0.0459997 0.4054220 0.0192800 0.0040283 0.0000000 0.0103810 0.0170317 0.0000000 0.0015083 0.0238184 0.0012894
 71 Q  71 0.1783343 0.0755324 0.0278431 0.0372701 0.0000000 0.1160625 0.2586682 0.0434903 0.0036313 0.0125604 0.0170472 0.1132141 0.0021139 0.0000000 0.0014712 0.0598529 0.0343321 0.0000000 0.0009506 0.0157270 0.0018983
 72 R  72 0.0524183 0.1504680 0.0432534 0.0641545 0.0000000 0.0629498 0.0772137 0.0251787 0.0472366 0.1087696 0.1324287 0.0507415 0.0145458 0.0165937 0.0000000 0.0632401 0.0359167 0.0051142 0.0168283 0.0310504 0.0018983
 73 H  73 0.0406400 0.0499060 0.0922360 0.2001420 0.0037370 0.0623060 0.0252050 0.0596369 0.1226968 0.0082776 0.0170939 0.0373989 0.0048155 0.0382567 0.0011496 0.0546915 0.0173305 0.0466088 0.1057710 0.0093199 0.0027805
 74 P  74 0.0537751 0.0235176 0.0080996 0.0123215 0.0000000 0.0075749 0.0126408 0.0043249 0.0035027 0.0151804 0.0428678 0.0143631 0.0000000 0.0027318 0.7162502 0.0526712 0.0129403 0.0000000 0.0017580 0.0115939 0.0038863
 75 M  75 0.0620266 0.0331319 0.0577571 0.3019334 0.0013615 0.0293221 0.1887323 0.0807405 0.0487920 0.0021792 0.0240689 0.0303439 0.0041508 0.0026832 0.0084858 0.0646339 0.0441511 0.0028868 0.0097818 0.0028372 0.0000000
 76 L  76 0.0249793 0.0011959 0.0000000 0.0000000 0.0139815 0.0110504 0.0017879 0.0000000 0.0000000 0.1707286 0.4453703 0.0000000 0.0434161 0.0060197 0.0102226 0.0165148 0.1292017 0.0000000 0.0000000 0.1240909 0.0014402
 77 P  77 0.0278689 0.0099861 0.0040937 0.0089363 0.0060786 0.0320701 0.0749004 0.0057279 0.0000000 0.0111961 0.0365508 0.0062140 0.0039859 0.0037758 0.6957073 0.0172043 0.0314014 0.0000000 0.0037378 0.0182001 0.0023647
 78 V  78 0.0063025 0.0000000 0.0000000 0.0000000 0.0031702 0.0000000 0.0000000 0.0000000 0.0000000 0.1027532 0.0040510 0.0000000 0.0172756 0.0397766 0.0000000 0.0000000 0.0104680 0.0000000 0.0000000 0.8138383 0.0023647
 79 I  79 0.0000000 0.0000000 0.0000000 0.0000000 0.0026328 0.0000000 0.0000000 0.0000000 0.0000000 0.6331799 0.0794576 0.0000000 0.0059615 0.0000000 0.0000000 0.0000000 0.0000000 0.0000000 0.0000000 0.2787683 0.0000000
 80 I  80 0.0000000 0.0000000 0.0000000 0.0000000 0.0000000 0.0000000 0.0000000 0.0000000 0.0000000 0.2935798 0.1830075 0.0000000 0.3701381 0.0125995 0.0000000 0.0000000 0.0000000 0.0000000 0.0000000 0.1406751 0.0000000
 81 M  81 0.0022070 0.0000000 0.0000000 0.0000000 0.0000000 0.0000000 0.0000000 0.0000000 0.0000000 0.3862755 0.1085273 0.0000000 0.4163053 0.0103678 0.0000000 0.0000000 0.0120754 0.0000000 0.0000000 0.0642417 0.0000000
 82 T  82 0.0000000 0.0000000 0.0000000 0.0000000 0.0000000 0.0000000 0.0000000 0.0000000 0.0000000 0.0000000 0.0000000 0.0000000 0.0000000 0.0000000 0.0000000 0.2347974 0.7652026 0.0000000 0.0000000 0.0000000 0.0000000
 83 A  83 0.5334947 0.0000000 0.0000000 0.0000000 0.0000000 0.0000000 0.0000000 0.4665053 0.0000000 0.0000000 0.0000000 0.0000000 0.0000000 0.0000000 0.0000000 0.0000000 0.0000000 0.0000000 0.0000000 0.0000000 0.0000000
 84 H  84 0.0000000 0.0067863 0.0082143 0.0000000 0.0000000 0.0199619 0.0061667 0.0000000 0.5831045 0.0000000 0.0034474 0.0037211 0.0026492 0.1298826 0.0000000 0.0000000 0.0000000 0.0000000 0.2333359 0.0027302 0.0000000
 85 S  85 0.1451648 0.0000000 0.0027272 0.0000000 0.0016652 0.0000000 0.0000000 0.6582433 0.0026492 0.0000000 0.0000000 0.0000000 0.0000000 0.0000000 0.0084585 0.1765861 0.0045056 0.0000000 0.0000000 0.0000000 0.0000000
 86 D  86 0.0175257 0.0011117 0.0954495 0.3191055 0.0014506 0.0019022 0.0203262 0.0061726 0.0027422 0.0011426 0.0000000 0.0020341 0.0016734 0.0000000 0.0000000 0.1909454 0.3368187 0.0000000 0.0000000 0.0015997 0.0000000
 87 L  87 0.0173882 0.0000000 0.0000000 0.0000000 0.0000000 0.0000000 0.0104078 0.0036081 0.0031115 0.3605220 0.1894533 0.0000000 0.0216617 0.0000000 0.0074019 0.0047105 0.0396193 0.0000000 0.0000000 0.3421157 0.0000000
 88 D  88 0.0192750 0.0050159 0.0163598 0.3238030 0.0000000 0.0379410 0.4122998 0.0137211 0.0048820 0.0000000 0.0027272 0.0250621 0.0000000 0.0000000 0.0812120 0.0431262 0.0125471 0.0000000 0.0000000 0.0020277 0.0000000
 89 A  89 0.0357192 0.0029549 0.0567859 0.0408783 0.0000000 0.0147515 0.0040724 0.0113543 0.0000000 0.0422358 0.0595265 0.0156972 0.0789287 0.0000000 0.0000000 0.2214288 0.4012996 0.0000000 0.0016957 0.0126713 0.0000000
 90 A  90 0.9681580 0.0000000 0.0000000 0.0000000 0.0000000 0.0000000 0.0000000 0.0085947 0.0000000 0.0000000 0.0000000 0.0000000 0.0000000 0.0000000 0.0000000 0.0093886 0.0095515 0.0000000 0.0000000 0.0043071 0.0000000
 91 V  91 0.0000000 0.0019101 0.0000000 0.0000000 0.0000000 0.0000000 0.0022025 0.0000000 0.0000000 0.1214185 0.0101882 0.0000000 0.0044246 0.0000000 0.0000000 0.0037796 0.0038257 0.0000000 0.0000000 0.8522509 0.0000000
 92 S  92 0.1194644 0.0262395 0.0728731 0.0631768 0.0013423 0.1204773 0.3886466 0.0122241 0.0032223 0.0000000 0.0026713 0.0463419 0.0000000 0.0000000 0.0000000 0.1133765 0.0274540 0.0000000 0.0000000 0.0024900 0.0000000
 93 A  93 0.8458886 0.0000000 0.0000000 0.0000000 0.0180297 0.0000000 0.0000000 0.0060586 0.0000000 0.0018469 0.0000000 0.0000000 0.0018629 0.0000000 0.0000000 0.0732932 0.0374519 0.0000000 0.0000000 0.0155681 0.0000000
 94 Y  94 0.0000000 0.0000000 0.0000000 0.0000000 0.0000000 0.0000000 0.0000000 0.0000000 0.0037796 0.1621902 0.0885336 0.0018416 0.4807536 0.0564779 0.0000000 0.0044623 0.1051189 0.0000000 0.0777742 0.0190681 0.0000000
 95 Q  95 0.0000000 0.2805172 0.0025775 0.0049048 0.0000000 0.1662675 0.0142481 0.0032537 0.0186004 0.0000000 0.0000000 0.5010246 0.0000000 0.0000000 0.0000000 0.0086062 0.0000000 0.0000000 0.0000000 0.0000000 0.0000000
 96 Q  96 0.0890030 0.0826480 0.0462537 0.0406364 0.0058313 0.0778417 0.0591875 0.0765220 0.0198633 0.0406775 0.2281738 0.1153571 0.0276537 0.0047073 0.0000000 0.0433892 0.0172610 0.0014902 0.0113776 0.0121254 0.0000000
 97 G  97 0.0000000 0.0021936 0.0028561 0.0085849 0.0000000 0.0048168 0.0024921 0.9772280 0.0018285 0.0000000 0.0000000 0.0000000 0.0000000 0.0000000 0.0000000 0.0000000 0.0000000 0.0000000 0.0000000 0.0000000 0.0000000
 98 A  98 0.9762373 0.0000000 0.0000000 0.0000000 0.0000000 0.0000000 0.0000000 0.0000000 0.0000000 0.0000000 0.0000000 0.0000000 0.0000000 0.0000000 0.0000000 0.0028777 0.0039061 0.0000000 0.0000000 0.0169788 0.0000000
 99 F  99 0.0226387 0.0012124 0.0011536 0.0077970 0.0074746 0.0021508 0.0058018 0.0013185 0.0243806 0.0183911 0.0177248 0.0028839 0.0131743 0.3720816 0.0000000 0.0302639 0.0230534 0.0076769 0.4056115 0.0352106 0.0000000
100 D 100 0.0014682 0.0000000 0.0091918 0.8061354 0.0000000 0.0000000 0.1275497 0.0186916 0.0170122 0.0000000 0.0000000 0.0000000 0.0000000 0.0022455 0.0000000 0.0101977 0.0059119 0.0000000 0.0015960 0.0000000 0.0000000
101 Y 101 0.0000000 0.0000000 0.0000000 0.0000000 0.0000000 0.0000000 0.0000000 0.0000000 0.0000000 0.0020648 0.0030494 0.0000000 0.0093886 0.3979597 0.0000000 0.0000000 0.0000000 0.0000000 0.5854731 0.0020643 0.0000000
102 L 102 0.0000000 0.0000000 0.0000000 0.0000000 0.0000000 0.0000000 0.0000000 0.0000000 0.0000000 0.4391640 0.4506218 0.0024065 0.0192573 0.0123733 0.0000000 0.0000000 0.0000000 0.0000000 0.0000000 0.0761771 0.0000000
103 P 103 0.0800355 0.0075480 0.0070064 0.0000000 0.0031702 0.0274710 0.2809816 0.0106583 0.0017300 0.0199105 0.0556787 0.0017189 0.0154834 0.0000000 0.1366532 0.0793857 0.2490125 0.0030748 0.0000000 0.0204812 0.0000000
104 K 104 0.0000000 0.0061040 0.0000000 0.0000000 0.0000000 0.0000000 0.0000000 0.0000000 0.0000000 0.0000000 0.0000000 0.9938960 0.0000000 0.0000000 0.0000000 0.0000000 0.0000000 0.0000000 0.0000000 0.0000000 0.0000000
105 P 105 0.0000000 0.0000000 0.0040244 0.0036081 0.0000000 0.0000000 0.0000000 0.0035466 0.0000000 0.0000000 0.0000000 0.0000000 0.0000000 0.0000000 0.9888209 0.0000000 0.0000000 0.0000000 0.0000000 0.0000000 0.0000000
106 F 106 0.0089663 0.0000000 0.0000000 0.0000000 0.0089966 0.0000000 0.0000000 0.0000000 0.0000000 0.0571224 0.1390545 0.0000000 0.0000000 0.6740271 0.0397165 0.0029401 0.0015328 0.0000000 0.0223442 0.0452996 0.0000000
107 D 107 0.0514507 0.0194529 0.1161255 0.3971966 0.0000000 0.0113519 0.0764232 0.0025211 0.0139420 0.0000000 0.0018624 0.0920367 0.0000000 0.0027443 0.0319857 0.1481130 0.0284569 0.0000000 0.0015091 0.0048283 0.0000000
108 I 108 0.0492629 0.0379422 0.0477391 0.0216769 0.0000000 0.0105669 0.0197428 0.0085619 0.0084753 0.1427404 0.2633096 0.0168965 0.0286374 0.0285256 0.1546361 0.0450534 0.0187762 0.0000000 0.0028488 0.0946081 0.0000000
109 D 109 0.0417903 0.0019432 0.0839052 0.4615873 0.0000000 0.0465893 0.2574030 0.0121885 0.0105207 0.0000000 0.0027422 0.0167856 0.0014534 0.0000000 0.0194071 0.0278491 0.0116998 0.0000000 0.0018438 0.0022914 0.0000000
110 E 110 0.0543783 0.1968028 0.0063730 0.0544706 0.0000000 0.0758004 0.3825186 0.0033033 0.0249814 0.0028561 0.0063273 0.1286661 0.0045767 0.0000000 0.0000000 0.0064590 0.0202861 0.0000000 0.0024896 0.0297106 0.0000000
111 A 111 0.1136685 0.0000000 0.0000000 0.0000000 0.0000000 0.0000000 0.0000000 0.0000000 0.0000000 0.0914183 0.6194022 0.0000000 0.0340540 0.0104172 0.0000000 0.0000000 0.0187827 0.0000000 0.0000000 0.1122571 0.0000000
112 V 112 0.0275639 0.0767640 0.0066613 0.0206781 0.0042253 0.0106891 0.0488763 0.0074192 0.0032666 0.0866667 0.3585145 0.0703997 0.0155875 0.0087174 0.0000000 0.0287414 0.0317778 0.0000000 0.0012987 0.1882741 0.0038785
113 A 113 0.1132663 0.0070863 0.0483560 0.0477743 0.0052124 0.0327814 0.0838954 0.0329727 0.0255525 0.1060655 0.2454739 0.0225223 0.0155462 0.0125093 0.0014105 0.0570540 0.0290815 0.0017744 0.0135949 0.0927623 0.0053078
114 L 114 0.0605126 0.0316669 0.0076069 0.0011055 0.0026757 0.0235035 0.0000000 0.0020944 0.0040247 0.0790242 0.2133024 0.0306590 0.0217513 0.0030748 0.0000000 0.0758058 0.2255879 0.0000000 0.0000000 0.2122966 0.0053078
115 V 115 0.0691103 0.0000000 0.0000000 0.0000000 0.0067499 0.0000000 0.0000000 0.0000000 0.0000000 0.2273048 0.1318277 0.0000000 0.0056642 0.0000000 0.0000000 0.0025328 0.0233610 0.0000000 0.0000000 0.5281415 0.0053078
116 E 116 0.0568266 0.2414587 0.0409049 0.0370738 0.0000000 0.0897935 0.2412761 0.0353951 0.0174617 0.0000000 0.0090034 0.1535742 0.0009998 0.0012486 0.0000000 0.0438842 0.0196104 0.0000000 0.0018585 0.0017120 0.0079187
117 R 117 0.0149766 0.5294881 0.1272988 0.0062466 0.0012231 0.0259645 0.0133788 0.0000000 0.0125362 0.0031365 0.0072676 0.2228113 0.0032490 0.0000000 0.0000000 0.0196044 0.0030883 0.0000000 0.0000000 0.0000000 0.0097302
118 A 118 0.8479077 0.0027183 0.0000000 0.0000000 0.0095357 0.0000000 0.0000000 0.0184746 0.0000000 0.0158488 0.0031097 0.0000000 0.0038714 0.0033726 0.0000000 0.0107443 0.0114434 0.0000000 0.0000000 0.0366291 0.0363444
119 I 119 0.0219196 0.0060828 0.0085053 0.0000000 0.0191599 0.0025163 0.0159967 0.0032845 0.0056232 0.0762295 0.6013328 0.0029115 0.0367366 0.0346975 0.0013088 0.0088200 0.0258281 0.0053252 0.0092647 0.0720862 0.0423709
120 S 120 0.0799407 0.0449276 0.0254628 0.1175356 0.0000000 0.0810262 0.4379615 0.0118124 0.0019192 0.0039935 0.0103208 0.0454783 0.0000000 0.0000000 0.0000000 0.0513106 0.0215620 0.0000000 0.0000000 0.0054850 0.0612638
121 H 121 0.0547631 0.1502864 0.0346616 0.0000000 0.0000000 0.0799136 0.0249662 0.0044756 0.1505215 0.0012614 0.0237886 0.1524985 0.0335936 0.0288784 0.0000000 0.0266036 0.0578707 0.0039205 0.0209760 0.0082574 0.1427633
122 Y 122 0.0709514 0.2753322 0.0091506 0.0042887 0.0000000 0.0384283 0.0187789 0.0226352 0.0231989 0.0044454 0.0135003 0.0598731 0.0021841 0.0000000 0.0061525 0.1711921 0.0241180 0.0000000 0.0160435 0.0210717 0.2186550
123 Q 123 0.0016164 0.3541598 0.0028782 0.0000000 0.0000000 0.1121061 0.0656978 0.0000000 0.0059329 0.0000000 0.0000000 0.0558128 0.0000000 0.0000000 0.0000000 0.0020255 0.0034416 0.0000000 0.0022536 0.0000000 0.3940754
124 E 124 0.0000000 0.0100274 0.0000000 0.0050323 0.0000000 0.0248002 0.1035276 0.0000000 0.0000000 0.0000000 0.0000000 0.0045659 0.0000000 0.0000000 0.0000000 0.0000000 0.0000000 0.0000000 0.0000000 0.0000000 0.8520466
