  124         A         R         N         D         C         Q         E         G         H         I         L         K         M         F         P         S         T         W         Y         V    
  1 M   1 0.0000000 0.0000000 0.0000000 0.0000000 0.0000000 0.0000000 0.0000000 0.0000000 0.0000000 0.0000000 0.0000000 0.0000000 1.0000000 0.0000000 0.0000000 0.0000000 0.0000000 0.0000000 0.0000000 0.0000000
  2 Q   2 0.0648155 0.0343314 0.1242096 0.0153926 0.0030626 0.0481736 0.0334642 0.0080241 0.0104569 0.0116328 0.0037038 0.0661092 0.0016335 0.0020105 0.0216288 0.3608357 0.1867990 0.0000000 0.0000000 0.0037163
  3 R   3 0.0228474 0.1126816 0.0635549 0.0306450 0.0000000 0.1515463 0.0875396 0.0131228 0.0256773 0.0109984 0.0160947 0.3179962 0.0049135 0.0045687 0.0138667 0.0473200 0.0680899 0.0000000 0.0000000 0.0085369
  4 G   4 0.2386343 0.0122371 0.0366565 0.0138339 0.0000000 0.0365195 0.0493848 0.1364282 0.0174194 0.0164272 0.0240434 0.0484255 0.0024491 0.0185573 0.1775757 0.1025278 0.0477231 0.0000000 0.0179355 0.0032218
  5 I   5 0.0077685 0.2382929 0.0576067 0.0382147 0.0091801 0.0364995 0.0089474 0.0026960 0.0671388 0.0134512 0.0213636 0.2082915 0.0020610 0.0014930 0.0111219 0.0776723 0.1815190 0.0000000 0.0129341 0.0037480
  6 V   6 0.0037098 0.0000000 0.0000000 0.0000000 0.0000000 0.0000000 0.0000000 0.0000000 0.0000000 0.6469668 0.0419892 0.0000000 0.0000000 0.0000000 0.0000000 0.0000000 0.0000000 0.0000000 0.0000000 0.3073342
  7 W   7 0.0195227 0.0000000 0.0000000 0.0000000 0.0034043 0.0000000 0.0000000 0.0000000 0.0038851 0.0148844 0.7703122 0.0000000 0.0197298 0.0111059 0.0000000 0.0000000 0.0013773 0.1359564 0.0099039 0.0099180
  8 V   8 0.0124227 0.0000000 0.0000000 0.0000000 0.0000000 0.0000000 0.0000000 0.0000000 0.0000000 0.4227162 0.1005916 0.0000000 0.0029058 0.0196109 0.0000000 0.0000000 0.0036292 0.0000000 0.0000000 0.4381235
  9 V   9 0.0360849 0.0000000 0.0000000 0.0000000 0.0127781 0.0000000 0.0000000 0.0000000 0.0000000 0.2094813 0.0195884 0.0000000 0.0000000 0.0000000 0.0000000 0.0000000 0.0027733 0.0000000 0.0029110 0.7163830
 10 D  10 0.0000000 0.0000000 0.0000000 0.9005689 0.0000000 0.0000000 0.0994311 0.0000000 0.0000000 0.0000000 0.0000000 0.0000000 0.0000000 0.0000000 0.0000000 0.0000000 0.0000000 0.0000000 0.0000000 0.0000000
 11 D  11 0.0000000 0.0000000 0.0108498 0.9891502 0.0000000 0.0000000 0.0000000 0.0000000 0.0000000 0.0000000 0.0000000 0.0000000 0.0000000 0.0000000 0.0000000 0.0000000 0.0000000 0.0000000 0.0000000 0.0000000
 12 D  12 0.0000000 0.0000000 0.0031639 0.3348960 0.0000000 0.0096353 0.6394733 0.0022349 0.0036389 0.0000000 0.0000000 0.0035405 0.0000000 0.0000000 0.0000000 0.0034172 0.0000000 0.0000000 0.0000000 0.0000000
 13 S  13 0.1365483 0.1273130 0.0091130 0.0265289 0.0000000 0.0487782 0.1733399 0.0032048 0.0134659 0.0138114 0.0391266 0.1258288 0.0011986 0.0014736 0.1614111 0.0717608 0.0237339 0.0000000 0.0000000 0.0233632
 14 S  14 0.1067838 0.0110697 0.1097339 0.1707398 0.0000000 0.0121850 0.0259906 0.1182776 0.0434176 0.0389402 0.0243120 0.0061012 0.0058095 0.0000000 0.0182095 0.2770333 0.0078839 0.0000000 0.0051597 0.0183528
 15 I  15 0.0175612 0.0000000 0.0049667 0.0000000 0.0000000 0.0126866 0.0000000 0.0026422 0.0295045 0.5153459 0.1414597 0.0000000 0.1331469 0.0143666 0.0000000 0.0068376 0.0031196 0.0000000 0.0277419 0.0906206
 16 R  16 0.0139923 0.8032151 0.0017204 0.0000000 0.0526658 0.0031197 0.0000000 0.0025577 0.0000000 0.0060276 0.0990972 0.0000000 0.0000000 0.0000000 0.0091089 0.0051329 0.0018534 0.0000000 0.0000000 0.0015089
 17 W  17 0.0308499 0.1173702 0.0212690 0.0905202 0.0000000 0.0708087 0.2094212 0.0086852 0.0215817 0.0188616 0.0709237 0.0420137 0.0161292 0.0193517 0.0056606 0.0311428 0.0409840 0.1665716 0.0047218 0.0131332
 18 V  18 0.1184686 0.0000000 0.0186989 0.0000000 0.0000000 0.0035643 0.0000000 0.0639096 0.0000000 0.0449163 0.1843749 0.0000000 0.0714156 0.0362492 0.0000000 0.1290638 0.0581911 0.0000000 0.0106327 0.2605149
 19 L  19 0.0075851 0.0000000 0.0062022 0.0000000 0.0357657 0.0012125 0.0000000 0.0029142 0.0000000 0.0961351 0.6690002 0.0000000 0.0455819 0.0200771 0.0000000 0.0039980 0.0187335 0.0000000 0.0026114 0.0901830
 20 E  20 0.1451348 0.1097325 0.0139055 0.0232313 0.0094265 0.0678876 0.2383003 0.0621412 0.0078412 0.0074069 0.0064994 0.0826959 0.0016332 0.0061190 0.0000000 0.1428836 0.0258743 0.0000000 0.0084175 0.0408694
 21 R  21 0.0658715 0.1036910 0.0073623 0.0852560 0.0000000 0.1298272 0.1092144 0.0807395 0.0150396 0.0491271 0.0392081 0.1691064 0.0420440 0.0091734 0.0000000 0.0153830 0.0450862 0.0022396 0.0132806 0.0183499
 22 A  22 0.2241042 0.0467192 0.0123905 0.0040428 0.0025803 0.0117109 0.0137249 0.0167239 0.0028014 0.2373708 0.0983289 0.0000000 0.0325786 0.0184368 0.0025577 0.0361240 0.0903640 0.0551852 0.0087227 0.0855330
 23 L  23 0.0029477 0.0000000 0.0000000 0.0000000 0.0000000 0.0000000 0.0000000 0.0000000 0.0000000 0.0102078 0.9269425 0.0000000 0.0133110 0.0388941 0.0000000 0.0000000 0.0027823 0.0000000 0.0000000 0.0049146
 24 A  24 0.1080522 0.0791526 0.0209023 0.0247641 0.0000000 0.0845938 0.2728224 0.0430660 0.0081359 0.0080261 0.0159160 0.0748890 0.0069446 0.0022814 0.0020252 0.1462417 0.0840199 0.0000000 0.0000000 0.0181667
 25 G  25 0.0456390 0.1425843 0.0200833 0.2470943 0.0000000 0.0605070 0.0799023 0.0521035 0.0093783 0.0061009 0.1331448 0.0851588 0.0136352 0.0075100 0.0076619 0.0517509 0.0126909 0.0000000 0.0209699 0.0040847
 26 A  26 0.2301442 0.0313267 0.0204000 0.0493127 0.0023755 0.0415983 0.4453436 0.0086218 0.0049879 0.0014805 0.0150226 0.0262480 0.0084087 0.0013549 0.0021203 0.0711006 0.0052312 0.0250448 0.0012331 0.0086444
 27 G  27 0.0034624 0.0081511 0.0637423 0.0618042 0.0000000 0.0054631 0.0199256 0.7834500 0.0061886 0.0000000 0.0019170 0.0163421 0.0000000 0.0000000 0.0040880 0.0222739 0.0031917 0.0000000 0.0000000 0.0000000
 28 L  28 0.0000000 0.0083484 0.0015078 0.0000000 0.0113124 0.0017104 0.0000000 0.0000000 0.0644563 0.0817459 0.0705337 0.0000000 0.0214109 0.1563906 0.0000000 0.0000000 0.0000000 0.0115093 0.5667268 0.0043474
 29 T  29 0.0949135 0.0748971 0.0332353 0.0920676 0.0040338 0.1245752 0.2657772 0.0196791 0.0213757 0.0067976 0.0200075 0.0486752 0.0033007 0.0026124 0.0265399 0.0533761 0.0889521 0.0000000 0.0029880 0.0161958
 30 C  30 0.0352871 0.0013719 0.0012954 0.0000000 0.0506140 0.0000000 0.0000000 0.0000000 0.0040887 0.0350626 0.0044405 0.0000000 0.0000000 0.0065347 0.0394760 0.0116221 0.1513100 0.0092044 0.0055596 0.6441330
 31 T  31 0.0693055 0.1518516 0.0028325 0.0791181 0.0037614 0.0492880 0.1505370 0.0027365 0.0230223 0.0510654 0.0725881 0.0391085 0.0120973 0.0414584 0.0000000 0.0518805 0.1147173 0.0000000 0.0076743 0.0769576
 32 T  32 0.0938102 0.0057801 0.0020864 0.0152067 0.0533940 0.0149612 0.1131856 0.0290818 0.0031117 0.0208242 0.0935812 0.0058621 0.0130700 0.0031727 0.0169761 0.1231551 0.3272390 0.0036627 0.0008742 0.0609650
 33 F  33 0.6114147 0.0034666 0.0000000 0.0000000 0.0227416 0.0014336 0.0045441 0.0016409 0.0045294 0.0063352 0.0198625 0.0000000 0.0029958 0.2082616 0.0000000 0.0095389 0.0203663 0.0000000 0.0228767 0.0599922
 34 E  34 0.2493624 0.0242139 0.0162638 0.0906644 0.0047471 0.0094209 0.2118745 0.1065882 0.0081347 0.0059760 0.0144518 0.0288971 0.0000000 0.0090588 0.0355179 0.1202783 0.0439724 0.0014402 0.0040220 0.0151158
 35 N  35 0.0091102 0.0477688 0.2633411 0.2880699 0.0089928 0.0078466 0.0131135 0.0377376 0.0087340 0.0000000 0.0000000 0.0000000 0.0000000 0.0000000 0.0000000 0.2606730 0.0517949 0.0011469 0.0000000 0.0016709
 36 G  36 0.3130324 0.0000000 0.0000000 0.0000000 0.0019225 0.0000000 0.0000000 0.5731644 0.0000000 0.0038302 0.0027131 0.0000000 0.0000000 0.0000000 0.0291825 0.0577678 0.0033331 0.0000000 0.0000000 0.0150540
 37 N  37 0.0875620 0.0591118 0.0283676 0.1132703 0.0000000 0.0837306 0.3396791 0.0185039 0.0116524 0.0149365 0.0533989 0.0517446 0.0118404 0.0177974 0.0018301 0.0243806 0.0392969 0.0000000 0.0110650 0.0318316
 38 E  38 0.1069190 0.0199488 0.0066444 0.0972578 0.0022206 0.1037838 0.4040137 0.0184400 0.0075205 0.0122222 0.0186942 0.0320557 0.0126292 0.0000000 0.0025370 0.0920523 0.0437381 0.0010826 0.0019654 0.0162748
 39 V  39 0.6585402 0.0000000 0.0000000 0.0000000 0.0250951 0.0000000 0.0000000 0.1734249 0.0000000 0.0053936 0.0578804 0.0000000 0.0056363 0.0081387 0.0000000 0.0028691 0.0027781 0.0000000 0.0000000 0.0602436
 40 L  40 0.0132881 0.0500745 0.0008601 0.0012873 0.0039482 0.0062411 0.0025596 0.0000000 0.0000000 0.0833689 0.6995232 0.0081049 0.0386163 0.0087092 0.0023753 0.0017751 0.0060996 0.0225121 0.0029647 0.0476917
 41 A  41 0.1734948 0.0763749 0.0510349 0.0885796 0.0016966 0.0733543 0.2440854 0.0291335 0.0092331 0.0104044 0.0148196 0.0937905 0.0074761 0.0011770 0.0142290 0.0505521 0.0390581 0.0000000 0.0018066 0.0196995
 42 A  42 0.1983773 0.0951794 0.0068854 0.0035858 0.0185189 0.0543939 0.0513865 0.0085635 0.0335195 0.0688595 0.1941672 0.0923100 0.0512792 0.0162501 0.0000000 0.0227185 0.0109263 0.0099303 0.0159141 0.0472347
 43 L  43 0.0406900 0.0224353 0.0035186 0.0000000 0.0129847 0.0037285 0.0000000 0.0013282 0.0000000 0.1946989 0.4766518 0.0034059 0.0227266 0.0778650 0.0000000 0.0026397 0.0043761 0.0068436 0.0082298 0.1178772
 44 A  44 0.1128268 0.1390516 0.0516484 0.0891669 0.0058428 0.1035360 0.1592045 0.0557395 0.0158502 0.0057578 0.0204213 0.1160108 0.0034629 0.0021009 0.0206319 0.0527954 0.0317819 0.0000000 0.0075706 0.0065999
 45 S  45 0.1077662 0.1060390 0.0543101 0.0566771 0.0048072 0.1073256 0.1778898 0.0304826 0.0328437 0.0057928 0.0139763 0.1139538 0.0045293 0.0073755 0.0183468 0.0663536 0.0728810 0.0000000 0.0082054 0.0104442
 46 K  46 0.0275045 0.0962196 0.0735085 0.1163710 0.0039870 0.0837897 0.2262817 0.0844516 0.0507869 0.0153552 0.0086342 0.0467748 0.0047007 0.0220160 0.0069524 0.0665094 0.0506787 0.0011974 0.0052694 0.0090113
 47 T  47 0.0532506 0.1212720 0.0223509 0.0865048 0.0102005 0.0848047 0.0790735 0.0247752 0.0262003 0.0099619 0.0311718 0.0491325 0.0111519 0.0547065 0.1288013 0.0607036 0.0661603 0.0214018 0.0229400 0.0354357
 48 P  48 0.0264315 0.0022487 0.0035476 0.0061325 0.0018983 0.0027870 0.0046505 0.0077711 0.0019674 0.0676403 0.0115544 0.0000000 0.0000000 0.1711072 0.4695405 0.0034994 0.0036381 0.0113093 0.1200189 0.0842574
 49 D  49 0.0467399 0.0108770 0.0292759 0.6049952 0.0000000 0.0378648 0.0315993 0.1118712 0.0167702 0.0000000 0.0026307 0.0109112 0.0029244 0.0000000 0.0084548 0.0696983 0.0118195 0.0000000 0.0014331 0.0021346
 50 V  50 0.0580705 0.0000000 0.0000000 0.0000000 0.0178644 0.0000000 0.0000000 0.0020534 0.0000000 0.1074443 0.4578571 0.0000000 0.0297031 0.0073414 0.0000000 0.0000000 0.0093933 0.0000000 0.0018172 0.3084553
 51 L  51 0.0262721 0.0000000 0.0000000 0.0000000 0.0000000 0.0000000 0.0000000 0.0055393 0.0000000 0.2075167 0.1451026 0.0000000 0.0258019 0.0000000 0.0000000 0.0000000 0.0020510 0.0000000 0.0000000 0.5877164
 52 L  52 0.0000000 0.0000000 0.0000000 0.0000000 0.0000000 0.0000000 0.0000000 0.0000000 0.0000000 0.3286027 0.4150950 0.0000000 0.0090920 0.0544353 0.0000000 0.0000000 0.0022868 0.0000000 0.0000000 0.1904882
 53 S  53 0.0089065 0.0000000 0.0000000 0.0000000 0.0643332 0.0102249 0.0000000 0.0000000 0.0000000 0.0055132 0.2788592 0.0000000 0.0450680 0.0066521 0.0000000 0.2764319 0.2874077 0.0000000 0.0000000 0.0166033
 54 D  54 0.0000000 0.0000000 0.0000000 1.0000000 0.0000000 0.0000000 0.0000000 0.0000000 0.0000000 0.0000000 0.0000000 0.0000000 0.0000000 0.0000000 0.0000000 0.0000000 0.0000000 0.0000000 0.0000000 0.0000000
 55 I  55 0.0026307 0.0000000 0.0000000 0.0000000 0.0000000 0.0028014 0.0000000 0.0000000 0.0000000 0.5196470 0.2319095 0.0000000 0.0593275 0.0027634 0.0000000 0.0000000 0.0000000 0.0039060 0.0079114 0.1691032
 56 R  56 0.0015085 0.4484094 0.0123223 0.0000000 0.0032876 0.0380739 0.0012441 0.0000000 0.0186071 0.0043182 0.0032448 0.2681178 0.0174742 0.0031612 0.0000000 0.0064237 0.0024241 0.1520843 0.0012390 0.0180598
 57 M  57 0.0000000 0.0000000 0.0000000 0.0000000 0.0000000 0.0000000 0.0000000 0.0000000 0.0000000 0.0052242 0.1789693 0.0000000 0.8122017 0.0036049 0.0000000 0.0000000 0.0000000 0.0000000 0.0000000 0.0000000
 58 P  58 0.0243226 0.0040650 0.0064666 0.0108691 0.0000000 0.0434953 0.0154757 0.0226726 0.0062337 0.0025360 0.0000000 0.0211321 0.0014790 0.0000000 0.8225300 0.0149958 0.0012550 0.0000000 0.0000000 0.0024716
 59 G  59 0.0029292 0.0502154 0.0174894 0.1423045 0.0000000 0.0167906 0.0625508 0.5672142 0.0105676 0.0036678 0.0018963 0.0777904 0.0018413 0.0000000 0.0102975 0.0076930 0.0033117 0.0000000 0.0000000 0.0234403
 60 M  60 0.0162180 0.0026751 0.0017768 0.0012500 0.0163005 0.0067007 0.0211971 0.0318227 0.0020680 0.1546184 0.1188410 0.0150078 0.5052894 0.0043861 0.0031567 0.0094464 0.0478289 0.0000000 0.0000000 0.0414162
 61 D  61 0.0000000 0.0000000 0.0698542 0.7036552 0.0000000 0.0018741 0.0057612 0.0427343 0.0000000 0.0000000 0.0000000 0.0000000 0.0000000 0.0000000 0.0021032 0.1495196 0.0244982 0.0000000 0.0000000 0.0000000
 62 G  62 0.0036211 0.0000000 0.0000000 0.0046761 0.0000000 0.0000000 0.0000000 0.9917029 0.0000000 0.0000000 0.0000000 0.0000000 0.0000000 0.0000000 0.0000000 0.0000000 0.0000000 0.0000000 0.0000000 0.0000000
 63 L  63 0.0027634 0.0064709 0.0000000 0.0036947 0.0000000 0.0134285 0.0166202 0.0000000 0.0062067 0.2150415 0.4732584 0.0015478 0.1649987 0.0351267 0.0039060 0.0011950 0.0064063 0.0000000 0.0054322 0.0439031
 64 A  64 0.1270828 0.0081913 0.0023237 0.1253744 0.0000000 0.0799347 0.4478731 0.0245588 0.0035022 0.0014928 0.0011768 0.0132971 0.0049354 0.0000000 0.0000000 0.0613128 0.0935346 0.0027823 0.0000000 0.0026271
 65 L  65 0.0551573 0.0000000 0.0000000 0.0000000 0.0000000 0.0000000 0.0000000 0.0000000 0.0000000 0.0533215 0.5328786 0.0000000 0.0123937 0.0709578 0.0000000 0.0000000 0.0429833 0.0000000 0.0023753 0.2299326
 66 L  66 0.0000000 0.0000000 0.0000000 0.0000000 0.0085916 0.0090267 0.0000000 0.0000000 0.0000000 0.0132095 0.8803005 0.0000000 0.0368079 0.0350488 0.0000000 0.0000000 0.0026862 0.0000000 0.0030373 0.0112916
 67 K  67 0.0619162 0.1508869 0.0216988 0.0637686 0.0012130 0.1057187 0.2011888 0.0211365 0.0086776 0.0046761 0.0051907 0.2447730 0.0012627 0.0000000 0.0125426 0.0584142 0.0253305 0.0000000 0.0031479 0.0084573
 68 Q  68 0.1245712 0.2290318 0.0188377 0.0060299 0.0024283 0.1141868 0.1859526 0.0051110 0.0386699 0.0163947 0.0170482 0.1486883 0.0051890 0.0009899 0.0000000 0.0227570 0.0351782 0.0036945 0.0072614 0.0179795
 69 I  69 0.0980367 0.0014420 0.0000000 0.0000000 0.0152286 0.0020955 0.0000000 0.0054726 0.0000000 0.3626639 0.1925376 0.0000000 0.0329710 0.0153077 0.0000000 0.0049317 0.0112246 0.0403384 0.0000000 0.2177498
 70 K  70 0.0224008 0.2272439 0.0154282 0.0019599 0.0011870 0.0945676 0.0037739 0.0168642 0.0659776 0.0177683 0.0465206 0.4088528 0.0198590 0.0041349 0.0000000 0.0106126 0.0168467 0.0000000 0.0015575 0.0244446
 71 Q  71 0.1689867 0.0763067 0.0288075 0.0369746 0.0000000 0.1186487 0.2610528 0.0441833 0.0037601 0.0130944 0.0173929 0.1152286 0.0021641 0.0000000 0.0015343 0.0605015 0.0345510 0.0000000 0.0009750 0.0158379
 72 R  72 0.0435317 0.1512734 0.0439290 0.0648437 0.0000000 0.0627020 0.0771953 0.0259424 0.0479770 0.1099302 0.1348867 0.0530118 0.0136427 0.0168764 0.0000000 0.0644516 0.0368037 0.0046978 0.0171597 0.0311450
 73 H  73 0.0311992 0.0503168 0.0930940 0.2042612 0.0039148 0.0636901 0.0254515 0.0583620 0.1240269 0.0084620 0.0160844 0.0387889 0.0048436 0.0383372 0.0011835 0.0558356 0.0174573 0.0465374 0.1085966 0.0095572
 74 P  74 0.0550673 0.0234724 0.0083583 0.0117797 0.0000000 0.0081542 0.0129882 0.0044136 0.0036057 0.0153869 0.0436049 0.0146626 0.0000000 0.0027840 0.7156708 0.0535955 0.0128070 0.0000000 0.0017858 0.0118631
 75 M  75 0.0637877 0.0341499 0.0582086 0.3056042 0.0013697 0.0286796 0.1877622 0.0820600 0.0498870 0.0021955 0.0246518 0.0301116 0.0042760 0.0027624 0.0086963 0.0545734 0.0451671 0.0029781 0.0101692 0.0029095
 76 L  76 0.0251036 0.0012456 0.0000000 0.0000000 0.0143059 0.0113878 0.0018076 0.0000000 0.0000000 0.1743151 0.4398811 0.0000000 0.0432405 0.0061999 0.0104562 0.0169042 0.1283639 0.0000000 0.0000000 0.1267886
 77 P  77 0.0283288 0.0101522 0.0041798 0.0093852 0.0062791 0.0328641 0.0744076 0.0058730 0.0000000 0.0114658 0.0370682 0.0057460 0.0040666 0.0038927 0.6951845 0.0173751 0.0312574 0.0000000 0.0038152 0.0186590
 78 V  78 0.0054625 0.0000000 0.0000000 0.0000000 0.0034192 0.0000000 0.0000000 0.0000000 0.0000000 0.1039523 0.0041976 0.0000000 0.0180137 0.0401350 0.0000000 0.0000000 0.0106991 0.0000000 0.0000000 0.8141204
 79 I  79 0.0000000 0.0000000 0.0000000 0.0000000 0.0026572 0.0000000 0.0000000 0.0000000 0.0000000 0.6314026 0.0800826 0.0000000 0.0059986 0.0000000 0.0000000 0.0000000 0.0000000 0.0000000 0.0000000 0.2798589
 80 I  80 0.0000000 0.0000000 0.0000000 0.0000000 0.0000000 0.0000000 0.0000000 0.0000000 0.0000000 0.2963770 0.1852971 0.0000000 0.3635544 0.0126770 0.0000000 0.0000000 0.0000000 0.0000000 0.0000000 0.1420945
 81 M  81 0.0022297 0.0000000 0.0000000 0.0000000 0.0000000 0.0000000 0.0000000 0.0000000 0.0000000 0.3797270 0.1079100 0.0000000 0.4216235 0.0104559 0.0000000 0.0000000 0.0124826 0.0000000 0.0000000 0.0655714
 82 T  82 0.0000000 0.0000000 0.0000000 0.0000000 0.0000000 0.0000000 0.0000000 0.0000000 0.0000000 0.0000000 0.0000000 0.0000000 0.0000000 0.0000000 0.0000000 0.2288115 0.7711885 0.0000000 0.0000000 0.0000000
 83 A  83 0.5401018 0.0000000 0.0000000 0.0000000 0.0000000 0.0000000 0.0000000 0.4598982 0.0000000 0.0000000 0.0000000 0.0000000 0.0000000 0.0000000 0.0000000 0.0000000 0.0000000 0.0000000 0.0000000 0.0000000
 84 H  84 0.0000000 0.0068548 0.0083702 0.0000000 0.0000000 0.0190491 0.0060736 0.0000000 0.5787799 0.0000000 0.0035327 0.0038129 0.0026841 0.1309652 0.0000000 0.0000000 0.0000000 0.0000000 0.2371094 0.0027683
 85 S  85 0.1473384 0.0000000 0.0027569 0.0000000 0.0016638 0.0000000 0.0000000 0.6527908 0.0026841 0.0000000 0.0000000 0.0000000 0.0000000 0.0000000 0.0082761 0.1799726 0.0045174 0.0000000 0.0000000 0.0000000
 86 D  86 0.0178891 0.0011263 0.0958845 0.3238160 0.0014867 0.0018885 0.0206482 0.0061988 0.0028322 0.0011435 0.0000000 0.0020653 0.0016763 0.0000000 0.0000000 0.1923696 0.3293556 0.0000000 0.0000000 0.0016195
 87 L  87 0.0176486 0.0000000 0.0000000 0.0000000 0.0000000 0.0000000 0.0093556 0.0036075 0.0032021 0.3533863 0.1940334 0.0000000 0.0206437 0.0000000 0.0075506 0.0047656 0.0401447 0.0000000 0.0000000 0.3456619
 88 D  88 0.0196682 0.0050711 0.0166662 0.3260482 0.0000000 0.0384904 0.4072076 0.0140119 0.0049763 0.0000000 0.0027569 0.0253022 0.0000000 0.0000000 0.0812738 0.0438849 0.0125496 0.0000000 0.0000000 0.0020926
 89 A  89 0.0361517 0.0030079 0.0573868 0.0411788 0.0000000 0.0148767 0.0041951 0.0113679 0.0000000 0.0414814 0.0605287 0.0153164 0.0803321 0.0000000 0.0000000 0.2247934 0.3947843 0.0000000 0.0017335 0.0128654
 90 A  90 0.9664601 0.0000000 0.0000000 0.0000000 0.0000000 0.0000000 0.0000000 0.0087049 0.0000000 0.0000000 0.0000000 0.0000000 0.0000000 0.0000000 0.0000000 0.0108446 0.0096826 0.0000000 0.0000000 0.0043078
 91 V  91 0.0000000 0.0019339 0.0000000 0.0000000 0.0000000 0.0000000 0.0022498 0.0000000 0.0000000 0.1224865 0.0101560 0.0000000 0.0044754 0.0000000 0.0000000 0.0038292 0.0038742 0.0000000 0.0000000 0.8509950
 92 S  92 0.1103948 0.0252752 0.0750501 0.0626603 0.0013630 0.1227399 0.3902465 0.0124571 0.0032956 0.0000000 0.0027126 0.0474565 0.0000000 0.0000000 0.0000000 0.1160527 0.0277633 0.0000000 0.0000000 0.0025325
 93 A  93 0.8429531 0.0000000 0.0000000 0.0000000 0.0183586 0.0000000 0.0000000 0.0061272 0.0000000 0.0018827 0.0000000 0.0000000 0.0018588 0.0000000 0.0000000 0.0737632 0.0388790 0.0000000 0.0000000 0.0161773
 94 Y  94 0.0000000 0.0000000 0.0000000 0.0000000 0.0000000 0.0000000 0.0000000 0.0000000 0.0038292 0.1537260 0.0901710 0.0018639 0.4824734 0.0571461 0.0000000 0.0044864 0.1070093 0.0000000 0.0800852 0.0192094
 95 Q  95 0.0000000 0.2856634 0.0026176 0.0049865 0.0000000 0.1676942 0.0150672 0.0032743 0.0191179 0.0000000 0.0000000 0.4929062 0.0000000 0.0000000 0.0000000 0.0086727 0.0000000 0.0000000 0.0000000 0.0000000
 96 Q  96 0.0909775 0.0840095 0.0456956 0.0411028 0.0059125 0.0785328 0.0581450 0.0779756 0.0199494 0.0413703 0.2304672 0.1067632 0.0281507 0.0047868 0.0000000 0.0439195 0.0176768 0.0015085 0.0116236 0.0114328
 97 G  97 0.0000000 0.0022224 0.0028852 0.0077332 0.0000000 0.0050313 0.0025045 0.9777937 0.0018296 0.0000000 0.0000000 0.0000000 0.0000000 0.0000000 0.0000000 0.0000000 0.0000000 0.0000000 0.0000000 0.0000000
 98 A  98 0.9758039 0.0000000 0.0000000 0.0000000 0.0000000 0.0000000 0.0000000 0.0000000 0.0000000 0.0000000 0.0000000 0.0000000 0.0000000 0.0000000 0.0000000 0.0029056 0.0039547 0.0000000 0.0000000 0.0173358
 99 F  99 0.0223078 0.0012232 0.0011438 0.0080070 0.0076324 0.0022031 0.0059141 0.0013234 0.0150948 0.0183796 0.0162991 0.0018517 0.0133676 0.3782199 0.0000000 0.0304231 0.0231861 0.0078593 0.4102213 0.0353428
100 D 100 0.0014958 0.0000000 0.0092715 0.8017544 0.0000000 0.0000000 0.1304913 0.0192670 0.0174166 0.0000000 0.0000000 0.0000000 0.0000000 0.0023031 0.0000000 0.0103517 0.0060202 0.0000000 0.0016284 0.0000000
101 Y 101 0.0000000 0.0000000 0.0000000 0.0000000 0.0000000 0.0000000 0.0000000 0.0000000 0.0000000 0.0020867 0.0031624 0.0000000 0.0108446 0.3928917 0.0000000 0.0000000 0.0000000 0.0000000 0.5889227 0.0020920
102 L 102 0.0000000 0.0000000 0.0000000 0.0000000 0.0000000 0.0000000 0.0000000 0.0000000 0.0000000 0.4310468 0.4572855 0.0024223 0.0193373 0.0125322 0.0000000 0.0000000 0.0000000 0.0000000 0.0000000 0.0773759
103 P 103 0.0807062 0.0076936 0.0071775 0.0000000 0.0034156 0.0269755 0.2745300 0.0108822 0.0017390 0.0203410 0.0561258 0.0017254 0.0147327 0.0000000 0.1400706 0.0795632 0.2505298 0.0031064 0.0000000 0.0206853
104 K 104 0.0000000 0.0062057 0.0000000 0.0000000 0.0000000 0.0000000 0.0000000 0.0000000 0.0000000 0.0000000 0.0000000 0.9937943 0.0000000 0.0000000 0.0000000 0.0000000 0.0000000 0.0000000 0.0000000 0.0000000
105 P 105 0.0000000 0.0000000 0.0040725 0.0036075 0.0000000 0.0000000 0.0000000 0.0035643 0.0000000 0.0000000 0.0000000 0.0000000 0.0000000 0.0000000 0.9887556 0.0000000 0.0000000 0.0000000 0.0000000 0.0000000
106 F 106 0.0091288 0.0000000 0.0000000 0.0000000 0.0091851 0.0000000 0.0000000 0.0000000 0.0000000 0.0574039 0.1311578 0.0000000 0.0000000 0.6806433 0.0409968 0.0029477 0.0015432 0.0000000 0.0225087 0.0444848
107 D 107 0.0520486 0.0197369 0.1162735 0.4014755 0.0000000 0.0114535 0.0789541 0.0025980 0.0142571 0.0000000 0.0018936 0.0922915 0.0000000 0.0027634 0.0327581 0.1392747 0.0277567 0.0000000 0.0015397 0.0049250
108 I 108 0.0496653 0.0386516 0.0486482 0.0207048 0.0000000 0.0103385 0.0200033 0.0085152 0.0086929 0.1433721 0.2578439 0.0169030 0.0289443 0.0286862 0.1570235 0.0452567 0.0171095 0.0000000 0.0027366 0.0969044
109 D 109 0.0422194 0.0019471 0.0857489 0.4664020 0.0000000 0.0476146 0.2498075 0.0110669 0.0105847 0.0000000 0.0028322 0.0172262 0.0014513 0.0000000 0.0197315 0.0275650 0.0118763 0.0000000 0.0019012 0.0020252
110 E 110 0.0534750 0.1987010 0.0065254 0.0534625 0.0000000 0.0765599 0.3902931 0.0033308 0.0247433 0.0028852 0.0063905 0.1208965 0.0046689 0.0000000 0.0000000 0.0066305 0.0199014 0.0000000 0.0025620 0.0289740
111 A 111 0.1153935 0.0000000 0.0000000 0.0000000 0.0000000 0.0000000 0.0000000 0.0000000 0.0000000 0.0927239 0.6257561 0.0000000 0.0337201 0.0105747 0.0000000 0.0000000 0.0192246 0.0000000 0.0000000 0.1026071
112 V 112 0.0281557 0.0760985 0.0067283 0.0210643 0.0043906 0.0111972 0.0492388 0.0076535 0.0032819 0.0880185 0.3633050 0.0714610 0.0156822 0.0088723 0.0000000 0.0291429 0.0322051 0.0000000 0.0013592 0.1821448
113 A 113 0.1146604 0.0073384 0.0496530 0.0485648 0.0053437 0.0320637 0.0852072 0.0330228 0.0259499 0.0982037 0.2483451 0.0231875 0.0157851 0.0128718 0.0014165 0.0585644 0.0302546 0.0018232 0.0151879 0.0925563
114 L 114 0.0522612 0.0334971 0.0076721 0.0011509 0.0027317 0.0239975 0.0000000 0.0021889 0.0041740 0.0803185 0.2172588 0.0296120 0.0219315 0.0031143 0.0000000 0.0763292 0.2302351 0.0000000 0.0000000 0.2135273
115 V 115 0.0608639 0.0000000 0.0000000 0.0000000 0.0069434 0.0000000 0.0000000 0.0000000 0.0000000 0.2304851 0.1335925 0.0000000 0.0059450 0.0000000 0.0000000 0.0023168 0.0241843 0.0000000 0.0000000 0.5356689
116 E 116 0.0575679 0.2462768 0.0417650 0.0380207 0.0000000 0.0921079 0.2339416 0.0363851 0.0174722 0.0000000 0.0092027 0.1571606 0.0010537 0.0012923 0.0000000 0.0445683 0.0194441 0.0000000 0.0019467 0.0017944
117 R 117 0.0156570 0.5287477 0.1323741 0.0064291 0.0013073 0.0262801 0.0138510 0.0000000 0.0129497 0.0032893 0.0070397 0.2259963 0.0033636 0.0000000 0.0000000 0.0195381 0.0031770 0.0000000 0.0000000 0.0000000
118 A 118 0.8783349 0.0028962 0.0000000 0.0000000 0.0100738 0.0000000 0.0000000 0.0189718 0.0000000 0.0164206 0.0033433 0.0000000 0.0039530 0.0036227 0.0000000 0.0113524 0.0121782 0.0000000 0.0000000 0.0388533
119 I 119 0.0228341 0.0064328 0.0091264 0.0000000 0.0207039 0.0027281 0.0170301 0.0031760 0.0059450 0.0798708 0.6246214 0.0031029 0.0382466 0.0368373 0.0014217 0.0093699 0.0273085 0.0056321 0.0095558 0.0760566
120 S 120 0.0866991 0.0483635 0.0270505 0.1273336 0.0000000 0.0873907 0.4574181 0.0126863 0.0021229 0.0044933 0.0114116 0.0491219 0.0000000 0.0000000 0.0000000 0.0559816 0.0238395 0.0000000 0.0000000 0.0060874
121 H 121 0.0647393 0.1746428 0.0405677 0.0000000 0.0000000 0.0945409 0.0292823 0.0053258 0.1820037 0.0014958 0.0280540 0.1787060 0.0284784 0.0337844 0.0000000 0.0316313 0.0676168 0.0046776 0.0246818 0.0097715
122 Y 122 0.0910995 0.3440044 0.0119746 0.0056302 0.0000000 0.0493940 0.0242244 0.0296616 0.0301090 0.0057907 0.0175224 0.0772877 0.0028329 0.0000000 0.0079852 0.2214791 0.0327185 0.0000000 0.0209227 0.0273630
123 Q 123 0.0028678 0.5922489 0.0050043 0.0000000 0.0000000 0.1898731 0.0937080 0.0000000 0.0094431 0.0000000 0.0000000 0.0934563 0.0000000 0.0000000 0.0000000 0.0035671 0.0059444 0.0000000 0.0038870 0.0000000
124 E 124 0.0000000 0.0680230 0.0000000 0.0353247 0.0000000 0.1644633 0.6997434 0.0000000 0.0000000 0.0000000 0.0000000 0.0324456 0.0000000 0.0000000 0.0000000 0.0000000 0.0000000 0.0000000 0.0000000 0.0000000
