  135         A         R         N         D         C         Q         E         G         H         I         L         K         M         F         P         S         T         W         Y         V    
  1 M   1 0.0000000 0.0000000 0.0000000 0.0000000 0.0000000 0.0000000 0.0000000 0.0000000 0.0000000 0.0348077 0.0000000 0.0000000 0.9651923 0.0000000 0.0000000 0.0000000 0.0000000 0.0000000 0.0000000 0.0000000
  2 P   2 0.1393300 0.0000000 0.0000000 0.0000000 0.0946278 0.0062763 0.0220338 0.0000000 0.0000000 0.0147913 0.0033793 0.0000000 0.0039299 0.0000000 0.3991065 0.0912161 0.0419978 0.0000000 0.0000000 0.1833111
  3 V   3 0.1208255 0.0117578 0.0157112 0.1608748 0.0000000 0.0083534 0.1578467 0.0016054 0.0000000 0.0159663 0.0231982 0.0129530 0.2502142 0.0172165 0.0520350 0.0159922 0.0082973 0.0000000 0.0086839 0.1184685
  4 D   4 0.2315215 0.0156126 0.1114127 0.1837784 0.0000000 0.0970127 0.0632896 0.0031606 0.0010317 0.0075895 0.0036792 0.0895355 0.0000000 0.0118097 0.0424316 0.0884139 0.0174332 0.0076638 0.0069883 0.0176354
  5 F   5 0.0000000 0.0000000 0.0000000 0.0000000 0.0000000 0.0061819 0.0025267 0.0000000 0.0051218 0.0768868 0.1954158 0.0000000 0.0369537 0.6065631 0.0035582 0.0037630 0.0015833 0.0051604 0.0456611 0.0106242
  6 N   6 0.0971064 0.0047505 0.1165404 0.0310919 0.0329594 0.0110246 0.0487143 0.0096530 0.0000000 0.0421955 0.1039529 0.0051017 0.0095803 0.0280017 0.0000000 0.1591430 0.1362925 0.0000000 0.0248726 0.1390191
  7 G   7 0.0227348 0.0000000 0.0032460 0.0022765 0.0053289 0.0035325 0.0000000 0.9320162 0.0000000 0.0022319 0.0000000 0.0251276 0.0000000 0.0000000 0.0000000 0.0015187 0.0000000 0.0000000 0.0000000 0.0019868
  8 Y   8 0.0051385 0.0736980 0.0240836 0.0000000 0.0000000 0.0059063 0.0304865 0.0000000 0.0054015 0.0086031 0.0043994 0.3148297 0.0014893 0.0052445 0.0000000 0.0572221 0.4021350 0.0000000 0.0342803 0.0270823
  9 W   9 0.0034780 0.0000000 0.0000000 0.0000000 0.0024969 0.0000000 0.0000000 0.0000000 0.0000000 0.0000000 0.0000000 0.0000000 0.0000000 0.0773246 0.0000000 0.0046061 0.0000000 0.6346420 0.2774524 0.0000000
 10 K  10 0.0109667 0.0837972 0.0493551 0.0232221 0.0049944 0.1023081 0.0860993 0.0000000 0.0112025 0.0103505 0.0059695 0.5050695 0.0032570 0.0000000 0.0000000 0.0217132 0.0529108 0.0000000 0.0000000 0.0287840
 11 M  11 0.0077917 0.0451110 0.0000000 0.0000000 0.0033975 0.0427548 0.0056096 0.0000000 0.0410889 0.0261341 0.4964263 0.0064874 0.1157319 0.0626019 0.0047672 0.0181189 0.0184427 0.0068165 0.0284155 0.0703041
 12 L  12 0.0424243 0.0052668 0.0075772 0.1311879 0.0058538 0.0426941 0.1819515 0.0132937 0.0048362 0.0774533 0.0253022 0.0526774 0.0098543 0.0017328 0.0000000 0.0621482 0.0675125 0.0000000 0.0250256 0.2432082
 13 S  13 0.0219675 0.1250598 0.0105222 0.0670477 0.0000000 0.0092688 0.0770024 0.0233775 0.0586229 0.0000000 0.0000000 0.1560266 0.0000000 0.0000000 0.0000000 0.4106479 0.0362174 0.0000000 0.0019596 0.0022798
 14 N  14 0.0059417 0.0128589 0.1216780 0.0430173 0.0198897 0.1393798 0.0358452 0.0121235 0.0262369 0.0060119 0.0000000 0.0089788 0.0000000 0.0000000 0.0000000 0.5085118 0.0505605 0.0000000 0.0031103 0.0058558
 15 E  15 0.0057519 0.0077130 0.0163920 0.1503656 0.0064510 0.0327593 0.6352845 0.0000000 0.0237472 0.0068976 0.0014041 0.0592062 0.0014920 0.0000000 0.0000000 0.0263241 0.0107136 0.0000000 0.0000000 0.0154980
 16 N  16 0.0000000 0.0084505 0.7970046 0.0228935 0.0000000 0.0049019 0.0045546 0.0807127 0.0068669 0.0000000 0.0000000 0.0338798 0.0000000 0.0000000 0.0000000 0.0340885 0.0066471 0.0000000 0.0000000 0.0000000
 17 F  17 0.0038358 0.0000000 0.0000000 0.0053535 0.0034335 0.0000000 0.0000000 0.0098141 0.0027847 0.0256354 0.0661814 0.0000000 0.0495565 0.6035509 0.0000000 0.0040593 0.0098695 0.0063280 0.1833104 0.0262868
 18 E  18 0.0064060 0.0000000 0.0219501 0.5287078 0.0000000 0.0081802 0.3413054 0.0113478 0.0015822 0.0000000 0.0151262 0.0136868 0.0000000 0.0000000 0.0098276 0.0270397 0.0041345 0.0000000 0.0000000 0.0107056
 19 E  19 0.1453432 0.0042862 0.0267989 0.1985264 0.0051467 0.0180965 0.3915687 0.0498640 0.0000000 0.0000000 0.0024425 0.0763381 0.0029768 0.0033206 0.0431153 0.0190045 0.0027400 0.0000000 0.0000000 0.0104318
 20 Y  20 0.0000000 0.0000000 0.0000000 0.0000000 0.0060419 0.0042881 0.0000000 0.0000000 0.0000000 0.0339517 0.0835599 0.0000000 0.0104136 0.3549897 0.0000000 0.0022517 0.0090536 0.0086626 0.4561641 0.0306229
 21 L  21 0.0057370 0.0022135 0.0065306 0.0000000 0.0113859 0.0000000 0.0000000 0.0000000 0.0000000 0.0178965 0.4551872 0.0000000 0.4301396 0.0271741 0.0000000 0.0030812 0.0099805 0.0020891 0.0045713 0.0240137
 22 R  22 0.0485089 0.0676639 0.0115172 0.0330646 0.0000000 0.0513014 0.1129648 0.0044491 0.0077734 0.0029069 0.0208914 0.4857365 0.0027498 0.0000000 0.0066576 0.0525532 0.0580679 0.0000000 0.0026479 0.0305454
 23 A  23 0.4676642 0.0235681 0.0059501 0.0131059 0.0066024 0.0337815 0.1677593 0.0163033 0.0145591 0.0000000 0.0330887 0.1084001 0.0000000 0.0049442 0.0000000 0.0620835 0.0085970 0.0000000 0.0000000 0.0335926
 24 L  24 0.0355714 0.0250739 0.0035074 0.0000000 0.0044992 0.0175879 0.0165127 0.0000000 0.0066110 0.1505975 0.4727223 0.0313890 0.0759417 0.0061020 0.0000000 0.0193482 0.0241234 0.0000000 0.0053951 0.1050172
 25 D  25 0.0073532 0.0016366 0.0242410 0.0798258 0.0000000 0.0176829 0.0137843 0.8204087 0.0000000 0.0000000 0.0000000 0.0176244 0.0000000 0.0000000 0.0027714 0.0129346 0.0000000 0.0000000 0.0000000 0.0017371
 26 V  26 0.0292225 0.0000000 0.0048675 0.0000000 0.0047991 0.0000000 0.0000000 0.0055350 0.0030748 0.2047385 0.1467534 0.0038857 0.0124476 0.0264286 0.0067019 0.0047917 0.0195258 0.0000000 0.0319172 0.4953107
 27 N  27 0.0195865 0.0148994 0.1995178 0.0715670 0.0048645 0.0059885 0.0051247 0.2785936 0.0128411 0.0034346 0.0023828 0.0073628 0.0000000 0.0040867 0.2629485 0.0952835 0.0066948 0.0000000 0.0000000 0.0048232
 28 V  28 0.0683672 0.0241622 0.0136878 0.0700247 0.0034254 0.0258226 0.0900714 0.0000000 0.0085023 0.0373666 0.0999344 0.0293480 0.0469857 0.1832218 0.0321959 0.0356463 0.0121997 0.0995905 0.0496294 0.0698181
 29 A  29 0.2756288 0.0100127 0.0039922 0.1430517 0.0000000 0.0053713 0.0970352 0.0038783 0.0036553 0.0754805 0.0829434 0.0036819 0.0573159 0.0861788 0.0081967 0.0141933 0.0139492 0.0000000 0.0030114 0.1124232
 30 L  30 0.0536358 0.0178618 0.0103249 0.0000000 0.0000000 0.0184839 0.0102196 0.0051006 0.0173204 0.0612522 0.2018639 0.1521472 0.0597781 0.0110853 0.0087464 0.0254495 0.2158895 0.0074501 0.0226795 0.1007114
 31 R  31 0.0306456 0.6906408 0.0039307 0.0000000 0.0000000 0.0205023 0.0000000 0.0031104 0.0101432 0.1427688 0.0170223 0.0128353 0.0029677 0.0126424 0.0000000 0.0000000 0.0045689 0.0099235 0.0021652 0.0361330
 32 K  32 0.0386989 0.0255426 0.0342334 0.0368589 0.0000000 0.1811939 0.0564057 0.0061612 0.0051318 0.0136457 0.0125967 0.4783029 0.0222059 0.0065695 0.0218690 0.0202499 0.0369196 0.0000000 0.0000000 0.0034144
 33 I  33 0.1333745 0.0275745 0.0030470 0.0000000 0.0000000 0.0152469 0.0111979 0.0061840 0.0059716 0.1677717 0.1983836 0.1246821 0.1390095 0.0134913 0.0094343 0.0093377 0.0185995 0.0023904 0.0039177 0.1103858
 34 A  34 0.4331278 0.0068968 0.0000000 0.0036777 0.0000000 0.0000000 0.0080908 0.2433981 0.0000000 0.0792420 0.0421757 0.0053520 0.0284951 0.0156274 0.0033053 0.0248065 0.0092526 0.0048999 0.0084290 0.0832232
 35 N  35 0.1090552 0.0602991 0.1431402 0.0140911 0.0518978 0.0381715 0.0299800 0.0379769 0.0063904 0.0115929 0.0815202 0.2162696 0.0117180 0.0000000 0.0030330 0.0558996 0.0727355 0.0000000 0.0000000 0.0562288
 36 L  36 0.0857300 0.0232591 0.0720015 0.1096629 0.0046352 0.0197492 0.0199096 0.0049736 0.0640963 0.0311341 0.1531749 0.0851124 0.0876359 0.0313278 0.0000000 0.0952347 0.0652593 0.0000000 0.0044085 0.0426951
 37 L  37 0.2553708 0.0000000 0.0067376 0.0421486 0.0056239 0.0045476 0.0116652 0.0223944 0.0047069 0.0722778 0.1732679 0.0111270 0.0403077 0.0743259 0.0054782 0.0635514 0.1079271 0.0000000 0.0179266 0.0806155
 38 K  38 0.0131568 0.0363999 0.0761583 0.0284912 0.0041702 0.0020805 0.0233580 0.0172012 0.0192699 0.0042102 0.0000000 0.4829085 0.0018892 0.0026652 0.0071850 0.1619313 0.1067907 0.0000000 0.0024425 0.0096915
 39 P  39 0.0292366 0.0000000 0.0091107 0.0044858 0.0031886 0.0354825 0.0029677 0.0215983 0.0064026 0.0221862 0.0858812 0.0048842 0.0083382 0.0314492 0.5828211 0.0554173 0.0101922 0.0000000 0.0059687 0.0803890
 40 D  40 0.0128445 0.0314928 0.0440124 0.0907275 0.0080842 0.0515040 0.0302744 0.0000000 0.0232451 0.0896986 0.0143433 0.0739160 0.0091477 0.0053700 0.0149506 0.0514055 0.2919968 0.0000000 0.0096290 0.1473576
 41 K  41 0.0014848 0.0016771 0.0032643 0.0083110 0.0247708 0.0452568 0.0120978 0.0000000 0.0178654 0.1072287 0.1444607 0.1353241 0.0368077 0.0330880 0.0000000 0.0527441 0.1234584 0.0000000 0.0189015 0.2332588
 42 E  42 0.0016793 0.0094220 0.0106095 0.0292735 0.0140831 0.0202932 0.4304786 0.0044218 0.0060399 0.1648538 0.0100328 0.0354954 0.0010498 0.0000000 0.0000000 0.0196367 0.1401718 0.0000000 0.0027302 0.0997284
 43 I  43 0.0026824 0.0026370 0.0000000 0.0000000 0.0100930 0.0031080 0.0000000 0.0000000 0.0000000 0.6001811 0.0832037 0.0032078 0.0054078 0.0991458 0.0000000 0.0073354 0.0043060 0.0000000 0.0419518 0.1367400
 44 V  44 0.0256275 0.0519057 0.0095081 0.0279764 0.0083873 0.0704123 0.1209497 0.0026367 0.0029996 0.0351979 0.0155869 0.0721128 0.0044859 0.0028197 0.0000000 0.2447427 0.2034203 0.0000000 0.0130283 0.0882022
 45 Q  45 0.0180820 0.0223066 0.0216782 0.0192160 0.0343255 0.3625708 0.0360876 0.0070512 0.0539346 0.0341357 0.0536577 0.1312376 0.0287011 0.0155210 0.0000000 0.0129941 0.0175313 0.0000000 0.0144936 0.1164754
 46 D  46 0.0165860 0.0093836 0.2598199 0.3170008 0.0000000 0.0229908 0.1281446 0.0083654 0.0000000 0.0061057 0.0075426 0.0598967 0.0000000 0.0015039 0.0000000 0.0819709 0.0483885 0.0000000 0.0042046 0.0280959
 47 G  47 0.0324811 0.0017117 0.0158582 0.0663088 0.0047707 0.0000000 0.0649623 0.7338997 0.0000000 0.0000000 0.0050914 0.0118381 0.0000000 0.0000000 0.0414037 0.0106615 0.0000000 0.0000000 0.0000000 0.0110128
 48 D  48 0.0075085 0.0000000 0.2064768 0.5004226 0.0049742 0.0297395 0.0721944 0.0711508 0.0018892 0.0053225 0.0000000 0.0638781 0.0000000 0.0000000 0.0051367 0.0201249 0.0111818 0.0000000 0.0000000 0.0000000
 49 H  49 0.0011516 0.0416704 0.0785733 0.0762590 0.0090264 0.0530116 0.0523637 0.0229272 0.0966716 0.0147015 0.0200916 0.2056778 0.0082734 0.0000000 0.0000000 0.0886194 0.1508047 0.0097909 0.0152575 0.0551284
 50 M  50 0.0011050 0.0000000 0.0086104 0.0000000 0.0032235 0.0051066 0.0011085 0.0000000 0.0059813 0.1227782 0.0888688 0.0034449 0.0813254 0.3446768 0.0000000 0.0000000 0.0000000 0.0952759 0.1521087 0.0863862
 51 I  51 0.0103721 0.0181015 0.0447744 0.0466790 0.0161898 0.0108330 0.0229790 0.0030162 0.0388519 0.0447991 0.0071216 0.1214512 0.0000000 0.0057503 0.0000000 0.0478266 0.4099705 0.0047982 0.0407554 0.1057302
 52 I  52 0.0000000 0.0000000 0.0021544 0.0045230 0.0134351 0.0048526 0.0040320 0.0000000 0.0000000 0.3832186 0.1195721 0.0065717 0.0936920 0.0699688 0.0000000 0.0102079 0.0166209 0.0510174 0.0381996 0.1819337
 53 R  53 0.0115430 0.1161105 0.0384224 0.0080430 0.0067303 0.0214875 0.0344644 0.0033235 0.0231975 0.0266753 0.0122215 0.4036057 0.0000000 0.0000000 0.0000000 0.0749566 0.1813904 0.0000000 0.0000000 0.0378284
 54 T  54 0.0087610 0.0252471 0.0555336 0.0000000 0.0000000 0.0537082 0.0469827 0.0024098 0.0015651 0.0610250 0.0168407 0.0000000 0.0324068 0.0279704 0.0000000 0.1285923 0.4674796 0.0086718 0.0057206 0.0570852
 55 L  55 0.0252263 0.0167253 0.0330246 0.0295444 0.0067321 0.0671310 0.1236302 0.0059548 0.0273602 0.0777156 0.1434376 0.0763379 0.0127616 0.0024380 0.0000000 0.1174420 0.1203997 0.0114596 0.0489185 0.0537607
 56 S  56 0.0334449 0.0026361 0.0531535 0.0095302 0.0050606 0.0000000 0.0095137 0.0240960 0.0065376 0.0238486 0.0124029 0.0033437 0.0136855 0.0131178 0.0097369 0.4412284 0.3026827 0.0038459 0.0242511 0.0078839
 57 T  57 0.0553132 0.0346998 0.0129316 0.0084306 0.0000000 0.0122905 0.0202299 0.1363376 0.0000000 0.0391615 0.0236836 0.0304151 0.0253431 0.0106569 0.1310572 0.1026531 0.3283181 0.0129134 0.0000000 0.0155648
 58 F  58 0.0127868 0.0110490 0.0292477 0.0383185 0.0021012 0.0102104 0.0225748 0.0998284 0.0093768 0.0662002 0.1232217 0.0571247 0.0293544 0.3359868 0.0143497 0.0354402 0.0184341 0.0000000 0.0000000 0.0843945
 59 R  59 0.0057933 0.2107647 0.0217533 0.0000000 0.0047704 0.0376464 0.0141445 0.0793848 0.0087024 0.0097905 0.0239529 0.5165584 0.0074771 0.0151554 0.0035932 0.0165327 0.0066276 0.0124329 0.0000000 0.0049194
 60 N  60 0.0041716 0.0000000 0.3011882 0.0490739 0.0000000 0.0142987 0.0302478 0.0050673 0.0073424 0.0163882 0.0016042 0.0353771 0.0018534 0.0018826 0.0148568 0.1438441 0.3068165 0.0000000 0.0059353 0.0600519
 61 Y  61 0.0262413 0.0322134 0.0419237 0.0152685 0.0000000 0.0208627 0.0122418 0.0025566 0.0306234 0.0673303 0.0678938 0.0746646 0.0354836 0.0334626 0.0064991 0.0693337 0.2795789 0.0129774 0.0916218 0.0792228
 62 I  62 0.0127862 0.0087487 0.0297888 0.0591645 0.0000000 0.0431916 0.3335966 0.0000000 0.0297099 0.0310331 0.0270780 0.0434749 0.0094214 0.0260893 0.0000000 0.0609063 0.1924245 0.0000000 0.0036052 0.0889809
 63 M  63 0.0344590 0.0135482 0.1991776 0.0137613 0.0049231 0.0121033 0.0042240 0.0000000 0.0209014 0.2481273 0.0676420 0.0203522 0.0745090 0.0453744 0.0048490 0.0185529 0.0545973 0.0073218 0.0479652 0.1076110
 64 D  64 0.0311543 0.0116816 0.0563038 0.0743612 0.0055201 0.0123554 0.1070724 0.0042559 0.0231223 0.0065134 0.0062658 0.1770912 0.0000000 0.0030469 0.0122130 0.2275803 0.1957342 0.0000000 0.0052385 0.0404895
 65 F  65 0.0016962 0.0000000 0.0081206 0.0000000 0.0243713 0.0000000 0.0000000 0.0016493 0.0000000 0.0385065 0.0350702 0.0000000 0.0132931 0.7796360 0.0000000 0.0033322 0.0000000 0.0418590 0.0337611 0.0187045
 66 Q  66 0.0192077 0.0484444 0.0384030 0.0181699 0.0029280 0.0416852 0.0772429 0.0000000 0.0109328 0.0213192 0.0061747 0.3384801 0.0047699 0.0064616 0.0044935 0.0365716 0.2877069 0.0000000 0.0077329 0.0292755
 67 V  67 0.0000000 0.0000000 0.0119593 0.0043784 0.0000000 0.0000000 0.0043647 0.0000000 0.0000000 0.1604656 0.5315120 0.0000000 0.0092928 0.0503082 0.0314503 0.0211948 0.0095393 0.0063375 0.0000000 0.1591971
 68 G  68 0.0158090 0.0132292 0.0482994 0.0633991 0.0000000 0.0045445 0.0043118 0.8118170 0.0000000 0.0000000 0.0000000 0.0023452 0.0026482 0.0000000 0.0065186 0.0205211 0.0065567 0.0000000 0.0000000 0.0000000
 69 K  69 0.0149336 0.0069160 0.0035456 0.0130564 0.0000000 0.1521761 0.4005606 0.0106872 0.0109858 0.0114810 0.0092244 0.1333421 0.0160896 0.0000000 0.0082868 0.0060729 0.0358958 0.0000000 0.0065278 0.1602183
 70 E  70 0.0242454 0.0061400 0.0090903 0.0264647 0.0000000 0.0166627 0.6734982 0.0153327 0.0000000 0.0000000 0.0098903 0.0546772 0.0000000 0.0000000 0.0664083 0.0356237 0.0480112 0.0000000 0.0000000 0.0139553
 71 F  71 0.0372440 0.0052741 0.0031030 0.0000000 0.0546135 0.0144341 0.0084609 0.0254159 0.0000000 0.0105738 0.0152815 0.0012981 0.0000000 0.6433542 0.0053281 0.0585750 0.0216402 0.0095031 0.0355954 0.0503048
 72 E  72 0.0028172 0.0000000 0.0348106 0.3067439 0.0000000 0.0185011 0.4734177 0.0087239 0.0000000 0.0032615 0.0059695 0.0419749 0.0000000 0.0000000 0.0118109 0.0182925 0.0177854 0.0000000 0.0047429 0.0511480
 73 E  73 0.0257408 0.0000000 0.0158866 0.0665603 0.0038404 0.0342249 0.6207417 0.0175592 0.0061840 0.0140432 0.0101144 0.0053188 0.0401985 0.0235443 0.0136519 0.0143729 0.0141288 0.0000000 0.0450426 0.0288466
 74 D  74 0.0189208 0.0022292 0.0660336 0.2041716 0.0041015 0.0817454 0.2776284 0.0128379 0.0355028 0.0190076 0.0044738 0.0645763 0.0054218 0.0166416 0.0053681 0.0491286 0.0736037 0.0024151 0.0186842 0.0375081
 75 L  75 0.0335429 0.0793151 0.0498374 0.0523061 0.0051474 0.0237542 0.0061269 0.0278255 0.0068948 0.1265929 0.2567356 0.0313062 0.0580620 0.0311288 0.0095108 0.0366227 0.0954888 0.0071923 0.0219250 0.0406846
 76 T  76 0.0398884 0.0254961 0.0185535 0.0083901 0.0153633 0.0214703 0.0590727 0.0297196 0.0102892 0.0594928 0.0571856 0.1054456 0.0039011 0.0310234 0.1175799 0.0216858 0.2944678 0.0000000 0.0082092 0.0727656
 77 G  77 0.0256143 0.0146048 0.0452316 0.0141937 0.0000000 0.0022920 0.0111815 0.1841230 0.0000000 0.0154217 0.0160623 0.0000000 0.0216239 0.0000000 0.0306455 0.0810693 0.5261275 0.0066444 0.0000000 0.0051642
 78 I  78 0.2187073 0.0045529 0.0000000 0.0085233 0.0000000 0.0000000 0.0091932 0.0706904 0.0000000 0.0687150 0.1739540 0.0110644 0.0976347 0.0421854 0.1038011 0.0529135 0.0068231 0.0000000 0.0080548 0.1231869
 79 D  79 0.0152866 0.0300912 0.0277661 0.6646361 0.0000000 0.0096796 0.0221384 0.0885744 0.0079424 0.0000000 0.0172803 0.0139711 0.0076744 0.0000000 0.0154357 0.0170082 0.0454624 0.0000000 0.0038097 0.0132434
 80 D  80 0.0194944 0.0057419 0.1074528 0.1399303 0.0072489 0.0120063 0.0103257 0.5934653 0.0000000 0.0078450 0.0038496 0.0340864 0.0109476 0.0000000 0.0038499 0.0383130 0.0032996 0.0000000 0.0000000 0.0021433
 81 R  81 0.0166903 0.4436856 0.0235746 0.0273242 0.0000000 0.0254768 0.0886568 0.0273156 0.0218117 0.0215510 0.0116846 0.1151649 0.0000000 0.0027794 0.0139395 0.0226175 0.0847609 0.0000000 0.0167599 0.0362067
 82 K  82 0.0155083 0.0344614 0.0272200 0.0167807 0.0073168 0.0364711 0.0672467 0.0000000 0.0355968 0.0424701 0.0056021 0.5094852 0.0227161 0.0000000 0.0273069 0.0380779 0.0797044 0.0000000 0.0042080 0.0298275
 83 C  83 0.0304050 0.0322573 0.0089920 0.0000000 0.1251734 0.0030042 0.0043124 0.0017311 0.0403814 0.0801733 0.0729657 0.0083966 0.0117882 0.0633773 0.0000000 0.0304066 0.0908431 0.0085919 0.0133322 0.3738683
 84 M  84 0.0086365 0.0563153 0.0298006 0.0156532 0.0000000 0.0920295 0.0532109 0.0175188 0.0109279 0.0104484 0.0033045 0.5430967 0.0430432 0.0000000 0.0047874 0.0498223 0.0488051 0.0048890 0.0000000 0.0077106
 85 T  85 0.1065682 0.0151343 0.0145325 0.0124866 0.0330369 0.0016442 0.0059527 0.0529218 0.0012149 0.0375492 0.0079320 0.0022480 0.0094236 0.0181260 0.0000000 0.3530661 0.2459105 0.0000000 0.0121395 0.0701130
 86 T  86 0.0167706 0.0087017 0.0180902 0.0118956 0.0028146 0.0104015 0.0041614 0.0082735 0.0000000 0.1349961 0.1161701 0.0211898 0.0122043 0.0114036 0.0068692 0.0488539 0.3406929 0.0000000 0.0000000 0.2265109
 87 V  87 0.0622694 0.0000000 0.0000000 0.0000000 0.0498974 0.0000000 0.0049055 0.0000000 0.0116378 0.1324444 0.0355630 0.0000000 0.0232180 0.1019962 0.0280372 0.0090181 0.0382158 0.0462912 0.0669900 0.3895160
 88 S  88 0.0198936 0.0580193 0.0857855 0.0283463 0.0000000 0.0277312 0.0278738 0.0021669 0.0236606 0.0195252 0.0018845 0.0822438 0.0021681 0.0179877 0.0031423 0.0911051 0.4446460 0.0050347 0.0047753 0.0540100
 89 W  89 0.0147723 0.0331859 0.0000000 0.0140740 0.0029904 0.0237151 0.0091711 0.0070812 0.0000000 0.0580329 0.3123456 0.0450330 0.1261491 0.0916839 0.0015487 0.0000000 0.0085741 0.1753216 0.0252428 0.0510784
 90 D  90 0.0165304 0.0098960 0.0121749 0.3102664 0.0000000 0.0164913 0.4727774 0.0034346 0.0015043 0.0046896 0.0056466 0.0526326 0.0000000 0.0000000 0.0099406 0.0237248 0.0294973 0.0000000 0.0078799 0.0229134
 91 G  91 0.0045363 0.0146596 0.0921254 0.1603445 0.0000000 0.0000000 0.0519782 0.5851833 0.0014774 0.0000000 0.0035440 0.0165481 0.0021055 0.0103652 0.0026622 0.0463165 0.0081537 0.0000000 0.0000000 0.0000000
 92 D  92 0.0029640 0.0146391 0.2733902 0.2579148 0.0000000 0.0064158 0.0478083 0.3203750 0.0022064 0.0000000 0.0100153 0.0106645 0.0000000 0.0000000 0.0067129 0.0339393 0.0129544 0.0000000 0.0000000 0.0000000
 93 K  93 0.0727261 0.0567113 0.0265840 0.0160191 0.0063124 0.0270066 0.0083212 0.0108972 0.0213961 0.0196599 0.0044557 0.4926636 0.0103053 0.0000000 0.0000000 0.0651209 0.0828498 0.0000000 0.0000000 0.0789708
 94 L  94 0.0000000 0.0000000 0.0000000 0.0000000 0.0000000 0.0000000 0.0000000 0.0100935 0.0019156 0.0729945 0.7181261 0.0151700 0.0883833 0.0280813 0.0000000 0.0000000 0.0035420 0.0210635 0.0000000 0.0406302
 95 Q  95 0.0056118 0.0328563 0.0112756 0.0022999 0.0017703 0.0048950 0.0084342 0.0000000 0.0163300 0.1713027 0.0186044 0.0593010 0.0219913 0.0250714 0.0000000 0.0300895 0.1397464 0.0000000 0.0119271 0.4384931
 96 C  96 0.0331164 0.0000000 0.0072945 0.0110090 0.1303511 0.2275976 0.0629711 0.0465947 0.1304061 0.0531735 0.0404379 0.0022059 0.0143815 0.0219287 0.0055258 0.0560188 0.0933037 0.0000000 0.0000000 0.0636836
 97 V  97 0.0016603 0.0381640 0.0231703 0.0138670 0.0064898 0.0170535 0.0851669 0.0000000 0.0578202 0.0627408 0.0301330 0.1014985 0.0064067 0.0044374 0.0027641 0.0164238 0.2012315 0.0000000 0.0030083 0.3279639
 98 Q  98 0.0076527 0.0199421 0.0174270 0.0048867 0.0159799 0.5353614 0.0400932 0.0150651 0.0452107 0.0268775 0.0234396 0.0033737 0.0233712 0.0988173 0.0052952 0.0302779 0.0380079 0.0026907 0.0373892 0.0088409
 99 K  99 0.0158575 0.0453946 0.0693672 0.0513881 0.0010523 0.0140677 0.0642559 0.0000000 0.0070560 0.0074671 0.0083710 0.5240184 0.0200130 0.0087859 0.0137174 0.0208933 0.0880218 0.0000000 0.0029190 0.0373536
100 G 100 0.0462796 0.0466213 0.0366747 0.0567398 0.0076114 0.0110304 0.0302389 0.3561165 0.0342350 0.0082383 0.0305073 0.0199092 0.0080651 0.0105496 0.0092538 0.0306528 0.0130074 0.2117736 0.0127259 0.0197694
101 E 101 0.0334708 0.0043226 0.0935301 0.3225701 0.0022641 0.0176084 0.1587842 0.0853970 0.0079970 0.0541070 0.0206446 0.0539350 0.0073704 0.0000000 0.0570308 0.0509045 0.0127332 0.0000000 0.0000000 0.0173303
102 K 102 0.0293255 0.0122322 0.0401834 0.0831602 0.0007415 0.0044862 0.0574681 0.3919181 0.0189206 0.0021439 0.0033168 0.2046409 0.0022232 0.0173598 0.0129073 0.0764368 0.0278025 0.0000000 0.0000000 0.0147330
103 E 103 0.0163407 0.0279360 0.0786111 0.0560486 0.0101910 0.0333431 0.0803129 0.0717356 0.0091285 0.0054304 0.0203144 0.3697438 0.0055401 0.0058961 0.1212554 0.0437723 0.0232599 0.0000000 0.0123984 0.0087417
104 G 104 0.0079165 0.0076080 0.1214806 0.0385836 0.0022422 0.0312383 0.2366659 0.1562413 0.0062151 0.0323862 0.0024403 0.1051482 0.0122246 0.0000000 0.0269471 0.0510696 0.0912042 0.0000000 0.0000000 0.0703885
105 R 105 0.0394155 0.1154501 0.0180846 0.0172666 0.0030737 0.0070638 0.0394935 0.0298120 0.0080807 0.0375573 0.0549958 0.0254790 0.0384913 0.0428650 0.0112124 0.0965705 0.2914935 0.0000000 0.0460384 0.0775563
106 G 106 0.0126970 0.0303872 0.0276651 0.0094838 0.0071623 0.0240964 0.0261043 0.0884198 0.0405520 0.0850431 0.0063568 0.0720445 0.0140537 0.0160761 0.0012008 0.0693467 0.3293831 0.0021351 0.0161120 0.1216802
107 W 107 0.0367028 0.0145852 0.0113745 0.0089385 0.0039110 0.0175721 0.0167237 0.0065089 0.0479084 0.2999725 0.1050052 0.0000000 0.0236457 0.0621444 0.0000000 0.0359857 0.0593426 0.1181682 0.0571138 0.0743970
108 T 108 0.0054489 0.0891600 0.0276082 0.0147332 0.0051307 0.0104129 0.1063322 0.0000000 0.0000000 0.0622020 0.0095878 0.0870831 0.0000000 0.0000000 0.0000000 0.0310778 0.3442455 0.0000000 0.0116046 0.1953731
109 Q 109 0.0124726 0.6425564 0.0000000 0.0052998 0.0025131 0.0531329 0.0113768 0.0084124 0.0813486 0.0022708 0.0067631 0.0116770 0.0000000 0.0168955 0.0033213 0.0292401 0.0220419 0.0132301 0.0659869 0.0114607
110 W 110 0.0101680 0.0255517 0.0069464 0.0156050 0.0030727 0.0303784 0.5066290 0.0000000 0.0044261 0.0104078 0.0145443 0.1105789 0.0000000 0.0309135 0.0000000 0.0247854 0.0232009 0.1073214 0.0498961 0.0255742
111 I 111 0.0016409 0.0121856 0.0000000 0.0051940 0.0000000 0.0000000 0.0000000 0.0000000 0.0000000 0.3109468 0.2516527 0.0000000 0.0344239 0.1766522 0.0041117 0.0032130 0.0028800 0.0000000 0.0268206 0.1702785
112 E 112 0.0118467 0.0151053 0.0685374 0.1273194 0.0065102 0.0357774 0.1717260 0.0179264 0.0104830 0.0391601 0.0068115 0.0993774 0.0009123 0.0018963 0.0000000 0.1140447 0.0638654 0.0000000 0.0018960 0.2068047
113 G 113 0.0262625 0.0016886 0.1034605 0.3162798 0.0000000 0.0022545 0.0515608 0.4562675 0.0000000 0.0000000 0.0000000 0.0134284 0.0000000 0.0000000 0.0170101 0.0011994 0.0052356 0.0000000 0.0053524 0.0000000
114 D 114 0.0149080 0.0034048 0.1080085 0.4148988 0.0000000 0.0066280 0.0601422 0.3176543 0.0035791 0.0000000 0.0000000 0.0212363 0.0000000 0.0000000 0.0000000 0.0279242 0.0216159 0.0000000 0.0000000 0.0000000
115 E 115 0.0125733 0.0163892 0.0284618 0.0300386 0.0000000 0.1152227 0.2095401 0.0386098 0.0106869 0.0129933 0.0227139 0.3155598 0.0093313 0.0066343 0.0087075 0.0099207 0.1077392 0.0036132 0.0290847 0.0121796
116 L 116 0.0000000 0.0000000 0.0020762 0.0066313 0.0068332 0.0052936 0.0000000 0.0000000 0.0000000 0.0727528 0.6008609 0.0038967 0.2439399 0.0061952 0.0000000 0.0015432 0.0066190 0.0044600 0.0000000 0.0388979
117 H 117 0.0079500 0.0266934 0.0078605 0.0121428 0.0045259 0.0000000 0.0145205 0.0000000 0.1223061 0.1874655 0.0434906 0.0782410 0.0082854 0.0087982 0.0000000 0.0049735 0.0988372 0.0000000 0.0344680 0.3394416
118 L 118 0.0422353 0.0042364 0.0210586 0.0063948 0.0042068 0.0742484 0.0948847 0.0000000 0.0156964 0.0610139 0.2120823 0.0088051 0.1030309 0.0044251 0.0000000 0.0307392 0.0569994 0.0028226 0.0037917 0.2533286
119 E 119 0.0049671 0.0208862 0.0063837 0.0331986 0.0000000 0.0082404 0.1976354 0.0025468 0.0099756 0.0852098 0.0041193 0.0653814 0.0032891 0.0066036 0.0023129 0.0208772 0.4442211 0.0000000 0.0000000 0.0841519
120 M 120 0.0196935 0.0076652 0.0140060 0.0000000 0.1346637 0.0246576 0.0000000 0.0000000 0.0000000 0.0809825 0.2407554 0.0000000 0.2104919 0.0409587 0.0000000 0.0669031 0.0328956 0.0175609 0.0642921 0.0444738
121 R 121 0.0173938 0.0540824 0.0203570 0.0209521 0.0082388 0.0187144 0.0418276 0.0128947 0.0118817 0.0751036 0.0185086 0.0836294 0.0070719 0.0153353 0.0000000 0.1114257 0.4199059 0.0000000 0.0042264 0.0584505
122 A 122 0.1367949 0.0199911 0.0099810 0.0000000 0.1070865 0.0054368 0.0051185 0.0000000 0.0270638 0.0682849 0.0625497 0.0307815 0.1164271 0.0573152 0.0159387 0.0363282 0.0445840 0.0218183 0.0541897 0.1803101
123 E 123 0.0150484 0.0243277 0.1677649 0.1266243 0.0077775 0.0321521 0.1231600 0.3245658 0.0000000 0.0000000 0.0028374 0.1294676 0.0000000 0.0000000 0.0108807 0.0353936 0.0000000 0.0000000 0.0000000 0.0000000
124 G 124 0.0095637 0.0000000 0.1507507 0.3453953 0.0000000 0.0119388 0.0297035 0.3355247 0.0081489 0.0000000 0.0000000 0.0269584 0.0000000 0.0000000 0.0073520 0.0679301 0.0067338 0.0000000 0.0000000 0.0000000
125 V 125 0.0614251 0.0034145 0.0080845 0.0013364 0.0000000 0.0423785 0.0108008 0.0298751 0.0060881 0.1297046 0.0450316 0.0173969 0.0031041 0.0095799 0.0000000 0.0014789 0.0459090 0.0000000 0.0000000 0.5843920
126 T 126 0.0210196 0.0135309 0.0032342 0.0071436 0.0055971 0.0144340 0.0552300 0.0023590 0.0021523 0.0827479 0.0104639 0.0697359 0.0037803 0.0009209 0.0082960 0.0505972 0.2949031 0.0000000 0.0000000 0.3538543
127 C 127 0.2773382 0.0000000 0.0000000 0.0000000 0.3601560 0.0000000 0.0000000 0.0522796 0.0094631 0.0098674 0.0312194 0.0000000 0.0149037 0.0511082 0.0000000 0.0973914 0.0192276 0.0000000 0.0547621 0.0222833
128 K 128 0.0086822 0.0823565 0.0409038 0.0000000 0.0045390 0.0120101 0.0448912 0.0000000 0.0219764 0.0567750 0.0073015 0.3112130 0.0063328 0.0000000 0.0000000 0.0238379 0.2596105 0.0034705 0.0049767 0.1111229
129 Q 129 0.0089694 0.7744044 0.0044338 0.0000000 0.0052014 0.1180535 0.0071416 0.0094151 0.0144241 0.0065891 0.0167822 0.0026138 0.0050962 0.0078499 0.0000000 0.0069824 0.0058422 0.0000000 0.0000000 0.0062010
130 V 130 0.0033802 0.0162856 0.0207722 0.0000000 0.0012423 0.0099290 0.0159300 0.0000000 0.0293502 0.2589566 0.0082362 0.0460743 0.0085852 0.0653095 0.0017721 0.0027191 0.1472319 0.0231796 0.0992579 0.2417883
131 F 131 0.0000000 0.0000000 0.0054563 0.0000000 0.0029210 0.0000000 0.0000000 0.0018191 0.0140683 0.0000000 0.0205601 0.0000000 0.0000000 0.3066621 0.0000000 0.1242711 0.0000000 0.0026350 0.5216069 0.0000000
132 K 132 0.0163520 0.0581214 0.0239304 0.0357595 0.0000000 0.0491917 0.2038468 0.0034879 0.0108401 0.0079739 0.0068205 0.4702497 0.0021595 0.0000000 0.0000000 0.0172889 0.0360721 0.0000000 0.0033163 0.0545894
133 K 133 0.0053657 0.5225190 0.0022989 0.0000000 0.0000000 0.0019249 0.0000000 0.0000000 0.0000000 0.0000000 0.0045042 0.4450195 0.0000000 0.0000000 0.0077211 0.0083289 0.0000000 0.0000000 0.0000000 0.0023177
134 V 134 0.2567698 0.0000000 0.0000000 0.0000000 0.0032274 0.0000000 0.0000000 0.0000000 0.0000000 0.2068647 0.0320826 0.0051864 0.0512501 0.0000000 0.0000000 0.0070596 0.0230714 0.0000000 0.0000000 0.4144880
135 H 135 0.0000000 0.0000000 0.0000000 0.0000000 0.0000000 0.1363470 0.3847625 0.0000000 0.0110391 0.0000000 0.0000000 0.1474465 0.0000000 0.0000000 0.0000000 0.2810802 0.0000000 0.0000000 0.0393246 0.0000000
