  135         A         R         N         D         C         Q         E         G         H         I         L         K         M         F         P         S         T         W         Y         V         X    
  1 M   1 0.0000000 0.0000000 0.0000000 0.0000000 0.0000000 0.0000000 0.0000000 0.0000000 0.0000000 0.0109424 0.0000000 0.0000000 0.2979606 0.0000000 0.0000000 0.0000000 0.0000000 0.0000000 0.0000000 0.0000000 0.6910970
  2 P   2 0.0603582 0.0000000 0.0000000 0.0000000 0.0196142 0.0026682 0.0093655 0.0000000 0.0000000 0.0062923 0.0014403 0.0000000 0.0016930 0.0000000 0.1739924 0.0390244 0.0186363 0.0000000 0.0000000 0.0809731 0.5859420
  3 V   3 0.0913472 0.0086003 0.0114767 0.0996038 0.0000000 0.0066193 0.1164757 0.0011768 0.0000000 0.0117055 0.0169437 0.0099899 0.1902218 0.0129611 0.0389712 0.0117519 0.0063936 0.0000000 0.0064983 0.0892873 0.2699758
  4 D   4 0.1846150 0.0135878 0.0976023 0.1645415 0.0000000 0.0858545 0.0551446 0.0027432 0.0008916 0.0064428 0.0032093 0.0791015 0.0000000 0.0102127 0.0368256 0.0797810 0.0151910 0.0069157 0.0059748 0.0152658 0.1360991
  5 F   5 0.0000000 0.0000000 0.0000000 0.0000000 0.0000000 0.0059312 0.0024675 0.0000000 0.0045787 0.0702313 0.1797539 0.0000000 0.0337675 0.5346629 0.0031089 0.0033564 0.0014191 0.0046758 0.0429596 0.0095983 0.1034889
  6 N   6 0.0890315 0.0041996 0.1094482 0.0283659 0.0311714 0.0100281 0.0447368 0.0089287 0.0000000 0.0385091 0.0958363 0.0049482 0.0087687 0.0248607 0.0000000 0.1489703 0.1267365 0.0000000 0.0222989 0.1074691 0.0956918
  7 G   7 0.0219071 0.0000000 0.0029494 0.0020604 0.0048102 0.0031477 0.0000000 0.8451181 0.0000000 0.0020706 0.0000000 0.0229845 0.0000000 0.0000000 0.0000000 0.0013708 0.0000000 0.0000000 0.0000000 0.0017834 0.0917979
  8 Y   8 0.0047483 0.0709733 0.0214712 0.0000000 0.0000000 0.0054908 0.0284240 0.0000000 0.0049488 0.0079316 0.0040151 0.2968941 0.0013690 0.0049400 0.0000000 0.0532976 0.3545230 0.0000000 0.0328171 0.0247815 0.0833746
  9 W   9 0.0031089 0.0000000 0.0000000 0.0000000 0.0021969 0.0000000 0.0000000 0.0000000 0.0000000 0.0000000 0.0000000 0.0000000 0.0000000 0.0726917 0.0000000 0.0041261 0.0000000 0.5749725 0.2617984 0.0000000 0.0811055
 10 K  10 0.0102986 0.0789588 0.0455771 0.0209926 0.0048094 0.0991959 0.0824235 0.0000000 0.0102937 0.0095255 0.0057166 0.4545024 0.0030358 0.0000000 0.0000000 0.0203869 0.0491485 0.0000000 0.0000000 0.0273566 0.0777780
 11 M  11 0.0073074 0.0418457 0.0000000 0.0000000 0.0031943 0.0409355 0.0052376 0.0000000 0.0396126 0.0231173 0.4476466 0.0060428 0.1125884 0.0587211 0.0046640 0.0168815 0.0174711 0.0062756 0.0276401 0.0669919 0.0738267
 12 L  12 0.0399469 0.0048866 0.0070385 0.1229940 0.0054591 0.0425920 0.1720230 0.0129517 0.0045445 0.0723353 0.0239566 0.0495488 0.0100051 0.0016761 0.0000000 0.0583093 0.0641889 0.0000000 0.0247049 0.2090119 0.0738267
 13 S  13 0.0219538 0.1161729 0.0104128 0.0640922 0.0000000 0.0091468 0.0736749 0.0219549 0.0559039 0.0000000 0.0000000 0.1474421 0.0000000 0.0000000 0.0000000 0.3686842 0.0342372 0.0000000 0.0018303 0.0025701 0.0719238
 14 N  14 0.0054949 0.0118792 0.1165106 0.0405870 0.0185624 0.1347507 0.0338935 0.0114336 0.0247444 0.0056999 0.0000000 0.0084318 0.0000000 0.0000000 0.0000000 0.4603250 0.0481659 0.0000000 0.0029623 0.0059581 0.0706007
 15 E  15 0.0063644 0.0074009 0.0155348 0.1419089 0.0059475 0.0310706 0.5816971 0.0000000 0.0236055 0.0071687 0.0013008 0.0563192 0.0013704 0.0000000 0.0000000 0.0247810 0.0101476 0.0000000 0.0000000 0.0147820 0.0706007
 16 N  16 0.0000000 0.0084827 0.7401265 0.0215389 0.0000000 0.0045565 0.0041261 0.0767132 0.0063482 0.0000000 0.0000000 0.0315043 0.0000000 0.0000000 0.0000000 0.0317706 0.0061140 0.0000000 0.0000000 0.0000000 0.0687190
 17 F  17 0.0036272 0.0000000 0.0000000 0.0049388 0.0031089 0.0000000 0.0000000 0.0092006 0.0027244 0.0245028 0.0645642 0.0000000 0.0469189 0.5532102 0.0000000 0.0037539 0.0093046 0.0061042 0.1758201 0.0252690 0.0669521
 18 E  18 0.0059645 0.0000000 0.0199934 0.4815016 0.0000000 0.0077913 0.3266053 0.0108251 0.0014662 0.0000000 0.0142749 0.0127571 0.0000000 0.0000000 0.0092607 0.0255649 0.0038231 0.0000000 0.0000000 0.0101108 0.0700610
 19 E  19 0.1391823 0.0040408 0.0251469 0.1664428 0.0047594 0.0180176 0.3734384 0.0466781 0.0000000 0.0000000 0.0027067 0.0714450 0.0022390 0.0031178 0.0405989 0.0186109 0.0026260 0.0000000 0.0000000 0.0098307 0.0711186
 20 Y  20 0.0000000 0.0000000 0.0000000 0.0000000 0.0057661 0.0039945 0.0000000 0.0000000 0.0000000 0.0318480 0.0771446 0.0000000 0.0099441 0.3378930 0.0000000 0.0021135 0.0078130 0.0080857 0.4136794 0.0305995 0.0711186
 21 L  21 0.0056265 0.0020905 0.0061275 0.0000000 0.0106713 0.0000000 0.0000000 0.0000000 0.0000000 0.0167105 0.4314275 0.0000000 0.3919166 0.0257961 0.0000000 0.0028551 0.0094945 0.0019317 0.0049503 0.0223709 0.0680311
 22 R  22 0.0459104 0.0668440 0.0106272 0.0310587 0.0000000 0.0494606 0.1062942 0.0041624 0.0070096 0.0026545 0.0195692 0.4436925 0.0025700 0.0000000 0.0062619 0.0507511 0.0547692 0.0000000 0.0024699 0.0291190 0.0667756
 23 A  23 0.4537254 0.0224636 0.0057707 0.0129007 0.0061140 0.0319318 0.1384631 0.0153971 0.0137600 0.0000000 0.0312313 0.1042252 0.0000000 0.0046245 0.0000000 0.0584319 0.0080650 0.0000000 0.0000000 0.0300942 0.0628016
 24 L  24 0.0337071 0.0238256 0.0032504 0.0000000 0.0041726 0.0170454 0.0156003 0.0000000 0.0060569 0.1428921 0.4497996 0.0288502 0.0707759 0.0058541 0.0000000 0.0181299 0.0224558 0.0000000 0.0049388 0.0917748 0.0608706
 25 D  25 0.0073566 0.0014975 0.0230812 0.0780072 0.0000000 0.0164061 0.0128930 0.7779810 0.0000000 0.0000000 0.0000000 0.0165268 0.0000000 0.0000000 0.0026916 0.0134563 0.0000000 0.0000000 0.0000000 0.0015973 0.0485056
 26 V  26 0.0296084 0.0000000 0.0045908 0.0000000 0.0045901 0.0000000 0.0000000 0.0052376 0.0029078 0.1972224 0.1408796 0.0036975 0.0119887 0.0252105 0.0065895 0.0054519 0.0184820 0.0000000 0.0307296 0.4643342 0.0484793
 27 N  27 0.0184941 0.0148036 0.1898078 0.0679291 0.0045157 0.0060491 0.0048043 0.2721670 0.0123124 0.0031477 0.0023228 0.0069255 0.0000000 0.0040947 0.2544121 0.0911358 0.0061775 0.0000000 0.0000000 0.0045029 0.0363978
 28 V  28 0.0649798 0.0229691 0.0129799 0.0665644 0.0039621 0.0247773 0.0876670 0.0000000 0.0083216 0.0350888 0.0971782 0.0284260 0.0458380 0.1786725 0.0308578 0.0340465 0.0118185 0.0954038 0.0491205 0.0656381 0.0356900
 29 A  29 0.2697499 0.0093556 0.0037742 0.1358765 0.0000000 0.0053201 0.0946089 0.0046104 0.0036838 0.0721103 0.0799168 0.0038187 0.0538197 0.0820915 0.0077304 0.0145762 0.0131995 0.0000000 0.0030733 0.1069941 0.0356900
 30 L  30 0.0520609 0.0168981 0.0100234 0.0000000 0.0000000 0.0174462 0.0106035 0.0064334 0.0164398 0.0587582 0.1936423 0.1438317 0.0577021 0.0108237 0.0081944 0.0257515 0.2101390 0.0070394 0.0216349 0.0961565 0.0364209
 31 R  31 0.0292207 0.6604944 0.0036975 0.0000000 0.0000000 0.0195843 0.0000000 0.0029078 0.0094242 0.1375067 0.0161481 0.0118843 0.0028247 0.0124481 0.0000000 0.0000000 0.0041261 0.0092771 0.0020027 0.0340229 0.0444305
 32 K  32 0.0367900 0.0270511 0.0325616 0.0348277 0.0000000 0.1764302 0.0541572 0.0055771 0.0047594 0.0130287 0.0119788 0.4562077 0.0210791 0.0060569 0.0207246 0.0198651 0.0344071 0.0000000 0.0000000 0.0031851 0.0413127
 33 I  33 0.1257031 0.0263873 0.0030704 0.0000000 0.0000000 0.0159791 0.0107949 0.0062927 0.0056556 0.1605282 0.1896814 0.1192627 0.1352113 0.0127816 0.0087839 0.0086748 0.0174054 0.0022469 0.0036975 0.1065305 0.0413127
 34 A  34 0.4140336 0.0075889 0.0000000 0.0034639 0.0000000 0.0000000 0.0075049 0.2360751 0.0000000 0.0756479 0.0402379 0.0049388 0.0278638 0.0149185 0.0031178 0.0238486 0.0091837 0.0047128 0.0077830 0.0799017 0.0391791
 35 N  35 0.1047222 0.0583022 0.1401151 0.0134445 0.0491100 0.0367467 0.0281528 0.0357047 0.0062538 0.0107993 0.0781189 0.2076289 0.0116154 0.0000000 0.0030704 0.0554730 0.0696210 0.0000000 0.0000000 0.0528520 0.0382691
 36 L  36 0.0809272 0.0232514 0.0688397 0.1078611 0.0045043 0.0189832 0.0194837 0.0047803 0.0608460 0.0294381 0.1504531 0.0815316 0.0857523 0.0298181 0.0000000 0.0913702 0.0616144 0.0000000 0.0043147 0.0426213 0.0336092
 37 L  37 0.2432169 0.0000000 0.0065260 0.0399874 0.0054040 0.0042865 0.0110567 0.0223431 0.0045533 0.0691280 0.1658694 0.0104664 0.0376900 0.0712330 0.0051937 0.0609926 0.1073110 0.0000000 0.0167867 0.0786464 0.0393090
 38 K  38 0.0128826 0.0345235 0.0718248 0.0265428 0.0040936 0.0019281 0.0223432 0.0159458 0.0179761 0.0043621 0.0000000 0.4639135 0.0018817 0.0024761 0.0067333 0.1542975 0.1008150 0.0000000 0.0020576 0.0091459 0.0462568
 39 P  39 0.0273231 0.0000000 0.0091815 0.0041583 0.0029584 0.0332735 0.0028343 0.0205741 0.0060241 0.0211593 0.0810141 0.0045029 0.0077910 0.0301287 0.5571833 0.0525009 0.0095567 0.0000000 0.0056966 0.0764405 0.0476987
 40 D  40 0.0117993 0.0304248 0.0418301 0.0885475 0.0078592 0.0490043 0.0294474 0.0000000 0.0219698 0.0846257 0.0137060 0.0701670 0.0086538 0.0053292 0.0142795 0.0489559 0.2800402 0.0000000 0.0092791 0.1429331 0.0411483
 41 K  41 0.0014484 0.0015504 0.0030844 0.0080013 0.0245324 0.0434282 0.0128429 0.0000000 0.0166954 0.1014890 0.1380482 0.1300410 0.0362345 0.0315743 0.0000000 0.0506891 0.1207762 0.0000000 0.0180797 0.2260361 0.0354484
 42 E  42 0.0015557 0.0087875 0.0103217 0.0276282 0.0134971 0.0192547 0.4151799 0.0041583 0.0056240 0.1614213 0.0101908 0.0337520 0.0013289 0.0000000 0.0000000 0.0183823 0.1355570 0.0000000 0.0031223 0.0968145 0.0334237
 43 I  43 0.0027187 0.0024430 0.0000000 0.0000000 0.0097368 0.0030275 0.0000000 0.0000000 0.0000000 0.5836490 0.0787316 0.0029965 0.0051802 0.0939800 0.0000000 0.0071216 0.0042870 0.0000000 0.0405330 0.1311012 0.0344940
 44 V  44 0.0241168 0.0496331 0.0094577 0.0267572 0.0079561 0.0711216 0.1165677 0.0024430 0.0028798 0.0344375 0.0149922 0.0678626 0.0046718 0.0025783 0.0000000 0.2353839 0.1968449 0.0000000 0.0122899 0.0858744 0.0341315
 45 Q  45 0.0172061 0.0208451 0.0212179 0.0179918 0.0338629 0.3517070 0.0350058 0.0065575 0.0517959 0.0329414 0.0520351 0.1256476 0.0280378 0.0151268 0.0000000 0.0123204 0.0167284 0.0000000 0.0136589 0.1138901 0.0334237
 46 D  46 0.0168380 0.0091585 0.2507910 0.3062778 0.0000000 0.0219212 0.1233411 0.0078525 0.0000000 0.0059755 0.0073006 0.0587716 0.0000000 0.0014188 0.0000000 0.0785624 0.0472131 0.0000000 0.0039603 0.0271939 0.0334237
 47 G  47 0.0313913 0.0015703 0.0149842 0.0644357 0.0044738 0.0000000 0.0624109 0.7097781 0.0000000 0.0000000 0.0047594 0.0116901 0.0000000 0.0000000 0.0385462 0.0101116 0.0000000 0.0000000 0.0000000 0.0104382 0.0354101
 48 D  48 0.0072708 0.0000000 0.1994886 0.4836406 0.0048645 0.0295945 0.0686960 0.0672976 0.0017874 0.0049388 0.0000000 0.0621167 0.0000000 0.0000000 0.0049400 0.0195595 0.0105158 0.0000000 0.0000000 0.0000000 0.0352892
 49 H  49 0.0010719 0.0407530 0.0768337 0.0732727 0.0085020 0.0517235 0.0500018 0.0228140 0.0948143 0.0144546 0.0193027 0.1947826 0.0081659 0.0000000 0.0000000 0.0851424 0.1439551 0.0091819 0.0149609 0.0529736 0.0372936
 50 M  50 0.0010133 0.0000000 0.0080067 0.0000000 0.0031419 0.0048196 0.0010359 0.0000000 0.0056999 0.1204050 0.0845423 0.0031477 0.0811150 0.3302410 0.0000000 0.0000000 0.0000000 0.0895963 0.1445750 0.0829756 0.0396848
 51 I  51 0.0097235 0.0173787 0.0422830 0.0449890 0.0156019 0.0105839 0.0215585 0.0028363 0.0369822 0.0437990 0.0066965 0.1166746 0.0000000 0.0055650 0.0000000 0.0463926 0.4027066 0.0045029 0.0390250 0.1012045 0.0314965
 52 I  52 0.0000000 0.0000000 0.0022843 0.0044817 0.0129065 0.0045908 0.0038311 0.0000000 0.0000000 0.3711202 0.1168912 0.0061140 0.0900938 0.0670928 0.0000000 0.0097572 0.0159777 0.0492488 0.0373426 0.1767706 0.0314965
 53 R  53 0.0109817 0.1130604 0.0368288 0.0082479 0.0064542 0.0207865 0.0323763 0.0033043 0.0228834 0.0260540 0.0120052 0.3923568 0.0000000 0.0000000 0.0000000 0.0718312 0.1753278 0.0000000 0.0000000 0.0360051 0.0314965
 54 T  54 0.0094480 0.0241458 0.0525552 0.0000000 0.0000000 0.0524450 0.0447418 0.0023354 0.0014944 0.0592496 0.0164261 0.0000000 0.0310378 0.0268842 0.0000000 0.1242464 0.4530963 0.0081959 0.0053777 0.0547507 0.0335697
 55 L  55 0.0238136 0.0158925 0.0322124 0.0281550 0.0072825 0.0656231 0.1195540 0.0055244 0.0266214 0.0733046 0.1379330 0.0733015 0.0119581 0.0022501 0.0000000 0.1121881 0.1159280 0.0107835 0.0470718 0.0512439 0.0393584
 56 S  56 0.0323564 0.0024761 0.0517315 0.0090391 0.0048134 0.0000000 0.0090530 0.0226749 0.0061990 0.0231985 0.0117942 0.0031354 0.0131620 0.0126872 0.0092207 0.4291904 0.2869409 0.0035446 0.0239547 0.0074136 0.0374143
 57 T  57 0.0534239 0.0330141 0.0124496 0.0080489 0.0000000 0.0115159 0.0192695 0.1305548 0.0000000 0.0373247 0.0226321 0.0294450 0.0236546 0.0103606 0.1247609 0.0967945 0.3187870 0.0130234 0.0000000 0.0145043 0.0404360
 58 F  58 0.0120336 0.0110045 0.0281068 0.0360940 0.0019577 0.0100259 0.0224237 0.0954571 0.0090075 0.0617950 0.1198135 0.0547150 0.0280684 0.3194635 0.0139209 0.0339289 0.0177297 0.0000000 0.0000000 0.0805459 0.0439084
 59 R  59 0.0056196 0.2055643 0.0206519 0.0000000 0.0051900 0.0368859 0.0134004 0.0755892 0.0083916 0.0091814 0.0228849 0.4954481 0.0070762 0.0144079 0.0033564 0.0156472 0.0064211 0.0119986 0.0000000 0.0052370 0.0370480
 60 N  60 0.0039485 0.0000000 0.2857025 0.0469547 0.0000000 0.0139279 0.0293730 0.0048196 0.0071796 0.0159038 0.0015365 0.0330052 0.0017630 0.0017874 0.0144605 0.1388819 0.2996269 0.0000000 0.0056999 0.0592235 0.0362055
 61 Y  61 0.0251407 0.0306535 0.0406847 0.0144188 0.0000000 0.0197797 0.0116218 0.0024325 0.0290592 0.0652815 0.0668933 0.0712764 0.0340099 0.0330609 0.0060569 0.0663046 0.2663870 0.0125291 0.0901541 0.0780501 0.0362055
 62 I  62 0.0123481 0.0084257 0.0281858 0.0567522 0.0000000 0.0434343 0.3189469 0.0000000 0.0283779 0.0309767 0.0254541 0.0418743 0.0088151 0.0261722 0.0000000 0.0583398 0.1852274 0.0000000 0.0034051 0.0870659 0.0361984
 63 M  63 0.0327621 0.0129947 0.1945639 0.0130749 0.0050149 0.0114462 0.0039945 0.0000000 0.0204358 0.2365970 0.0648569 0.0192677 0.0727596 0.0452738 0.0047128 0.0177481 0.0522220 0.0070301 0.0465416 0.1048685 0.0338348
 64 D  64 0.0230411 0.0109814 0.0555062 0.0718406 0.0053396 0.0118648 0.1032191 0.0039889 0.0214513 0.0060946 0.0061276 0.1718041 0.0000000 0.0028363 0.0113516 0.2216897 0.1886136 0.0000000 0.0048335 0.0381028 0.0413132
 65 F  65 0.0015557 0.0000000 0.0076797 0.0000000 0.0244082 0.0000000 0.0000000 0.0015118 0.0000000 0.0362596 0.0337715 0.0000000 0.0123000 0.7466976 0.0000000 0.0032770 0.0000000 0.0386533 0.0316049 0.0174148 0.0448659
 66 Q  66 0.0181257 0.0476323 0.0368881 0.0172300 0.0027346 0.0400488 0.0732889 0.0000000 0.0106468 0.0204479 0.0059560 0.3200800 0.0046640 0.0059623 0.0041384 0.0341146 0.2743043 0.0000000 0.0074364 0.0279098 0.0483912
 67 V  67 0.0000000 0.0000000 0.0110533 0.0040526 0.0000000 0.0000000 0.0040151 0.0000000 0.0000000 0.1531920 0.5024769 0.0000000 0.0087265 0.0488180 0.0297568 0.0197478 0.0087860 0.0060343 0.0000000 0.1552985 0.0480421
 68 G  68 0.0150547 0.0127087 0.0477069 0.0618442 0.0000000 0.0043777 0.0038761 0.7776060 0.0000000 0.0000000 0.0000000 0.0022959 0.0024581 0.0000000 0.0061275 0.0190379 0.0060569 0.0000000 0.0000000 0.0000000 0.0408495
 69 K  69 0.0139901 0.0065153 0.0033723 0.0122053 0.0000000 0.1391636 0.3929373 0.0099705 0.0103478 0.0105912 0.0084327 0.1276237 0.0151763 0.0000000 0.0079039 0.0056326 0.0343468 0.0000000 0.0061275 0.1528104 0.0428528
 70 E  70 0.0220982 0.0056999 0.0083509 0.0247889 0.0000000 0.0155382 0.6290596 0.0147604 0.0000000 0.0000000 0.0089378 0.0517326 0.0000000 0.0000000 0.0639643 0.0337344 0.0432117 0.0000000 0.0000000 0.0134052 0.0647179
 71 F  71 0.0347700 0.0049400 0.0028467 0.0000000 0.0530897 0.0131770 0.0077102 0.0239076 0.0000000 0.0098949 0.0141362 0.0011798 0.0000000 0.6018317 0.0048527 0.0546445 0.0202487 0.0087276 0.0342331 0.0463912 0.0634184
 72 E  72 0.0028019 0.0000000 0.0323166 0.2873709 0.0000000 0.0175067 0.4492929 0.0080231 0.0000000 0.0029735 0.0054369 0.0386299 0.0000000 0.0000000 0.0107483 0.0167441 0.0163161 0.0000000 0.0044093 0.0467622 0.0606675
 73 E  73 0.0213231 0.0000000 0.0134027 0.0564761 0.0032634 0.0292724 0.5360913 0.0153108 0.0052376 0.0121495 0.0097254 0.0043694 0.0348565 0.0198921 0.0114668 0.0121853 0.0121488 0.0000000 0.0388996 0.0251484 0.1387808
 74 D  74 0.0120405 0.0014158 0.0419528 0.1331392 0.0025790 0.0512044 0.1809838 0.0081051 0.0230661 0.0123033 0.0028228 0.0411183 0.0035688 0.0106738 0.0034605 0.0316678 0.0475677 0.0021667 0.0119930 0.0237234 0.3544472
 75 L  75 0.0200055 0.0465022 0.0295898 0.0317983 0.0030613 0.0138850 0.0034735 0.0161498 0.0039945 0.0747395 0.1520506 0.0182789 0.0337357 0.0192286 0.0055656 0.0217107 0.0580357 0.0041687 0.0130449 0.0235454 0.4074360
 76 T  76 0.0308923 0.0204098 0.0139696 0.0062469 0.0115054 0.0162226 0.0443409 0.0228133 0.0083745 0.0460852 0.0433458 0.0799850 0.0036296 0.0236106 0.0909886 0.0166802 0.2289548 0.0000000 0.0060569 0.0488865 0.2370015
 77 G  77 0.0217280 0.0127637 0.0383553 0.0118506 0.0000000 0.0023869 0.0094055 0.1578436 0.0000000 0.0137662 0.0135138 0.0000000 0.0186332 0.0000000 0.0258331 0.0701365 0.4523626 0.0056188 0.0000000 0.0043266 0.1414756
 78 I  78 0.1919299 0.0040936 0.0000000 0.0072469 0.0000000 0.0000000 0.0079216 0.0634561 0.0000000 0.0597612 0.1504950 0.0093556 0.0839649 0.0364933 0.0873623 0.0459747 0.0060199 0.0000000 0.0068682 0.1079593 0.1310974
 79 D  79 0.0131115 0.0259274 0.0242486 0.5813058 0.0000000 0.0083265 0.0201319 0.0769833 0.0070545 0.0000000 0.0150546 0.0123250 0.0065695 0.0000000 0.0135567 0.0147011 0.0387326 0.0000000 0.0034475 0.0121212 0.1264025
 80 D  80 0.0177034 0.0053724 0.0992469 0.1293858 0.0065757 0.0109323 0.0098576 0.5551041 0.0000000 0.0078810 0.0035204 0.0321714 0.0101901 0.0000000 0.0044812 0.0353133 0.0030085 0.0000000 0.0000000 0.0022150 0.0670409
 81 R  81 0.0155614 0.4224246 0.0224365 0.0257808 0.0000000 0.0242291 0.0831029 0.0250619 0.0201157 0.0201304 0.0108920 0.1084525 0.0000000 0.0025700 0.0130075 0.0210520 0.0807637 0.0000000 0.0154992 0.0344361 0.0544837
 82 K  82 0.0144821 0.0332622 0.0278734 0.0171464 0.0074135 0.0359078 0.0634348 0.0000000 0.0345702 0.0402367 0.0053597 0.4898142 0.0221183 0.0000000 0.0250795 0.0361600 0.0761825 0.0000000 0.0039603 0.0282909 0.0387076
 83 C  83 0.0288139 0.0308465 0.0089544 0.0000000 0.1227239 0.0028228 0.0040516 0.0016632 0.0376721 0.0767264 0.0709240 0.0081449 0.0113281 0.0604848 0.0000000 0.0294145 0.0934751 0.0080067 0.0125523 0.3516613 0.0397336
 84 M  84 0.0079819 0.0562390 0.0290401 0.0146203 0.0000000 0.0895141 0.0506348 0.0164779 0.0101097 0.0098532 0.0030454 0.5100234 0.0424556 0.0000000 0.0056709 0.0467091 0.0460138 0.0045029 0.0000000 0.0073384 0.0497695
 85 T  85 0.1035105 0.0141840 0.0143077 0.0126658 0.0318226 0.0015259 0.0056999 0.0514273 0.0015799 0.0372664 0.0076204 0.0023489 0.0090965 0.0174250 0.0000000 0.3222531 0.2366030 0.0000000 0.0114174 0.0717909 0.0474550
 86 T  86 0.0165410 0.0087941 0.0174810 0.0117152 0.0026682 0.0103880 0.0039945 0.0089036 0.0000000 0.1294772 0.1187521 0.0204975 0.0117803 0.0111090 0.0071726 0.0493131 0.3159923 0.0000000 0.0000000 0.2247954 0.0306249
 87 V  87 0.0645188 0.0000000 0.0000000 0.0000000 0.0511180 0.0000000 0.0046741 0.0000000 0.0114214 0.1097127 0.0351182 0.0000000 0.0226129 0.1017734 0.0275574 0.0087631 0.0372099 0.0469907 0.0653123 0.3859185 0.0272985
 88 S  88 0.0191275 0.0566609 0.0837602 0.0273118 0.0000000 0.0275472 0.0270678 0.0020604 0.0229189 0.0208148 0.0018277 0.0790252 0.0020784 0.0174531 0.0041690 0.0906082 0.4229242 0.0049400 0.0045908 0.0521541 0.0329596
 89 W  89 0.0140491 0.0315664 0.0000000 0.0135236 0.0027908 0.0223579 0.0087209 0.0067070 0.0000000 0.0565687 0.2908424 0.0443826 0.1224600 0.0888085 0.0014662 0.0000000 0.0083290 0.1730055 0.0241160 0.0490386 0.0412668
 90 D  90 0.0161987 0.0099307 0.0117369 0.2859179 0.0000000 0.0173992 0.4637200 0.0035009 0.0014194 0.0047293 0.0053640 0.0511195 0.0000000 0.0000000 0.0094937 0.0227301 0.0287785 0.0000000 0.0077564 0.0229118 0.0372929
 91 G  91 0.0042962 0.0149208 0.0973855 0.1577173 0.0000000 0.0000000 0.0511382 0.5509533 0.0013935 0.0000000 0.0033945 0.0159288 0.0020329 0.0099116 0.0025325 0.0455211 0.0079295 0.0000000 0.0000000 0.0000000 0.0349440
 92 D  92 0.0028467 0.0140181 0.2727830 0.2522607 0.0000000 0.0062127 0.0469958 0.2978578 0.0021001 0.0000000 0.0095268 0.0101895 0.0000000 0.0000000 0.0064123 0.0325591 0.0123168 0.0000000 0.0000000 0.0000000 0.0339206
 93 K  93 0.0512003 0.0571341 0.0256958 0.0153802 0.0060870 0.0270819 0.0084307 0.0104484 0.0208776 0.0187482 0.0043090 0.4912809 0.0100211 0.0000000 0.0000000 0.0643082 0.0800285 0.0000000 0.0000000 0.0750475 0.0339206
 94 L  94 0.0000000 0.0000000 0.0000000 0.0000000 0.0000000 0.0000000 0.0000000 0.0096531 0.0018141 0.0750926 0.6906447 0.0145416 0.0834959 0.0268796 0.0000000 0.0000000 0.0033945 0.0206890 0.0000000 0.0398742 0.0339206
 95 Q  95 0.0053933 0.0330161 0.0109967 0.0021917 0.0016879 0.0044894 0.0086503 0.0000000 0.0170809 0.1667448 0.0179857 0.0574472 0.0208683 0.0238736 0.0000000 0.0288545 0.1359590 0.0000000 0.0136140 0.4112021 0.0399442
 96 C  96 0.0321780 0.0000000 0.0069783 0.0105977 0.1286299 0.2015583 0.0607492 0.0460852 0.1288482 0.0507788 0.0386112 0.0020728 0.0137970 0.0221148 0.0056228 0.0545805 0.0898927 0.0000000 0.0000000 0.0610672 0.0458373
 97 V  97 0.0015571 0.0353409 0.0220499 0.0142876 0.0061037 0.0159569 0.0796552 0.0000000 0.0547119 0.0595948 0.0279375 0.1008859 0.0069338 0.0041984 0.0026257 0.0156149 0.1912174 0.0000000 0.0033017 0.2913894 0.0666374
 98 Q  98 0.0070426 0.0178316 0.0155680 0.0044124 0.0143249 0.4756393 0.0362139 0.0134578 0.0401740 0.0244650 0.0212581 0.0030071 0.0208547 0.0914920 0.0046741 0.0278487 0.0345609 0.0024041 0.0342856 0.0079873 0.1024981
 99 K  99 0.0141134 0.0406996 0.0627118 0.0455564 0.0009247 0.0124990 0.0573652 0.0000000 0.0061484 0.0064288 0.0072394 0.4475014 0.0175029 0.0076018 0.0121989 0.0193498 0.0834046 0.0000000 0.0025629 0.0326881 0.1235030
100 G 100 0.0403934 0.0419192 0.0333555 0.0495658 0.0065650 0.0095531 0.0266781 0.3170663 0.0312874 0.0071941 0.0276470 0.0172657 0.0070896 0.0092452 0.0078769 0.0277269 0.0117266 0.1748183 0.0111077 0.0174425 0.1244759
101 E 101 0.0299925 0.0040947 0.0834958 0.2796327 0.0022951 0.0155633 0.1450570 0.0759202 0.0070523 0.0490178 0.0180952 0.0494907 0.0066294 0.0000000 0.0532959 0.0453946 0.0116337 0.0000000 0.0000000 0.0164660 0.1068731
102 K 102 0.0258467 0.0106995 0.0355679 0.0739483 0.0010901 0.0045677 0.0523210 0.3365575 0.0165493 0.0018578 0.0029623 0.1831898 0.0019523 0.0154910 0.0113300 0.0673559 0.0242549 0.0000000 0.0000000 0.0129356 0.1215223
103 E 103 0.0156599 0.0267964 0.0759079 0.0530043 0.0099395 0.0330097 0.0773561 0.0690462 0.0088426 0.0051215 0.0192368 0.3400252 0.0050160 0.0056721 0.1197181 0.0423132 0.0226376 0.0000000 0.0117771 0.0082904 0.0506296
104 G 104 0.0072973 0.0074445 0.1149452 0.0356971 0.0020728 0.0296139 0.2301834 0.1492172 0.0058539 0.0309059 0.0022850 0.1035399 0.0115703 0.0000000 0.0253897 0.0465862 0.0678898 0.0000000 0.0000000 0.0667587 0.0627491
105 R 105 0.0379717 0.1115722 0.0177833 0.0167252 0.0030275 0.0071463 0.0373698 0.0285670 0.0076683 0.0364105 0.0533515 0.0255753 0.0367640 0.0425617 0.0106514 0.0923710 0.2717745 0.0000000 0.0447431 0.0744395 0.0435262
106 G 106 0.0130381 0.0289803 0.0271649 0.0089588 0.0064868 0.0226395 0.0256011 0.0833443 0.0388089 0.0798763 0.0058381 0.0684887 0.0134283 0.0151597 0.0011296 0.0657209 0.2935128 0.0020228 0.0184754 0.1160637 0.0652610
107 W 107 0.0341498 0.0135181 0.0108603 0.0082223 0.0036558 0.0170798 0.0158240 0.0060207 0.0451573 0.2622202 0.1019777 0.0000000 0.0219593 0.0596692 0.0000000 0.0343761 0.0554488 0.1135559 0.0520937 0.0699016 0.0743094
108 T 108 0.0064150 0.0836198 0.0051889 0.0135459 0.0047236 0.0094926 0.1027276 0.0000000 0.0000000 0.0567656 0.0090102 0.0796342 0.0000000 0.0000000 0.0000000 0.0288152 0.3239521 0.0000000 0.0100092 0.1868419 0.0792583
109 Q 109 0.0116442 0.5827224 0.0000000 0.0049276 0.0024163 0.0492982 0.0104801 0.0075344 0.0744961 0.0021347 0.0061098 0.0107219 0.0000000 0.0153815 0.0029683 0.0269400 0.0202972 0.0121894 0.0596591 0.0104479 0.0896309
110 W 110 0.0096929 0.0233223 0.0065955 0.0145291 0.0029094 0.0303693 0.4897996 0.0000000 0.0043883 0.0098758 0.0138548 0.0841397 0.0000000 0.0293702 0.0000000 0.0231424 0.0214405 0.1014027 0.0466737 0.0243194 0.0641745
111 I 111 0.0015002 0.0111022 0.0000000 0.0048196 0.0000000 0.0000000 0.0000000 0.0000000 0.0000000 0.2756328 0.2419257 0.0000000 0.0316562 0.1626957 0.0038218 0.0029082 0.0025783 0.0000000 0.0249951 0.1624618 0.0739023
112 E 112 0.0143830 0.0149828 0.0644481 0.1189390 0.0062808 0.0365293 0.1612605 0.0170543 0.0097927 0.0372656 0.0065517 0.0970193 0.0008384 0.0023903 0.0000000 0.1074371 0.0600843 0.0000000 0.0017542 0.1739687 0.0690198
113 G 113 0.0252088 0.0015482 0.1013080 0.2854349 0.0000000 0.0020896 0.0488589 0.4356459 0.0000000 0.0000000 0.0000000 0.0126399 0.0000000 0.0000000 0.0162110 0.0011554 0.0048335 0.0000000 0.0049388 0.0000000 0.0601271
114 D 114 0.0139248 0.0036541 0.1017424 0.3726615 0.0000000 0.0060569 0.0574037 0.3027177 0.0033723 0.0000000 0.0000000 0.0199132 0.0000000 0.0000000 0.0000000 0.0277343 0.0202402 0.0000000 0.0000000 0.0000000 0.0705791
115 E 115 0.0114838 0.0157195 0.0265895 0.0281602 0.0000000 0.1059271 0.2006750 0.0359805 0.0098293 0.0130008 0.0209178 0.2831834 0.0090170 0.0061669 0.0080240 0.0094029 0.1028201 0.0033446 0.0271525 0.0115408 0.0710643
116 L 116 0.0000000 0.0000000 0.0019672 0.0060569 0.0063345 0.0048335 0.0000000 0.0000000 0.0000000 0.0689570 0.5538746 0.0035668 0.2305545 0.0057623 0.0000000 0.0014105 0.0061586 0.0041877 0.0000000 0.0352718 0.0710643
117 H 117 0.0086297 0.0260022 0.0072437 0.0111711 0.0041629 0.0000000 0.0133905 0.0000000 0.1142456 0.1830842 0.0407003 0.0724772 0.0077751 0.0089824 0.0000000 0.0046654 0.0943864 0.0000000 0.0319546 0.2983327 0.0727961
118 L 118 0.0412701 0.0039342 0.0193159 0.0058824 0.0038231 0.0695628 0.0885076 0.0000000 0.0143152 0.0564011 0.2026527 0.0080067 0.0978039 0.0040151 0.0000000 0.0294261 0.0528805 0.0025790 0.0039574 0.2136786 0.0819877
119 E 119 0.0044798 0.0195195 0.0058430 0.0309792 0.0000000 0.0074303 0.1585152 0.0022685 0.0090315 0.0773341 0.0037722 0.0595707 0.0029082 0.0060916 0.0020784 0.0196703 0.4154487 0.0000000 0.0000000 0.0791921 0.0958666
120 M 120 0.0184532 0.0069393 0.0127195 0.0000000 0.1043591 0.0224279 0.0000000 0.0000000 0.0000000 0.0739891 0.2247265 0.0000000 0.1929275 0.0405120 0.0000000 0.0615387 0.0298808 0.0165323 0.0601571 0.0410876 0.0937492
121 R 121 0.0153939 0.0495920 0.0184153 0.0186751 0.0074296 0.0169604 0.0378452 0.0150332 0.0108110 0.0484856 0.0176315 0.0770150 0.0063277 0.0142365 0.0000000 0.1009977 0.3903104 0.0000000 0.0038171 0.0515518 0.0994710
122 A 122 0.1276579 0.0186009 0.0082677 0.0000000 0.0966732 0.0048102 0.0045908 0.0000000 0.0242889 0.0619114 0.0575163 0.0281961 0.0891177 0.0540167 0.0141796 0.0324791 0.0407897 0.0199119 0.0505363 0.1640574 0.1023982
123 E 123 0.0134178 0.0217032 0.1507895 0.1183322 0.0069047 0.0286075 0.1151483 0.2971901 0.0000000 0.0000000 0.0024628 0.0957406 0.0000000 0.0000000 0.0099154 0.0316975 0.0000000 0.0000000 0.0000000 0.0000000 0.1080903
124 G 124 0.0094401 0.0000000 0.1381724 0.3219421 0.0000000 0.0105875 0.0267403 0.2817016 0.0074641 0.0000000 0.0000000 0.0250181 0.0000000 0.0000000 0.0064529 0.0608523 0.0059315 0.0000000 0.0000000 0.0000000 0.1056971
125 V 125 0.0540420 0.0029640 0.0071703 0.0012139 0.0000000 0.0382424 0.0094738 0.0261715 0.0053312 0.1141440 0.0400302 0.0150997 0.0027982 0.0088075 0.0000000 0.0013220 0.0418080 0.0000000 0.0000000 0.5119508 0.1194304
126 T 126 0.0184105 0.0119505 0.0028451 0.0063218 0.0049330 0.0123883 0.0502123 0.0020905 0.0032013 0.0742615 0.0093514 0.0616699 0.0033723 0.0020380 0.0072293 0.0458601 0.2394229 0.0000000 0.0000000 0.3216677 0.1227735
127 C 127 0.2289184 0.0000000 0.0000000 0.0000000 0.3229443 0.0000000 0.0000000 0.0457731 0.0081889 0.0096189 0.0277215 0.0000000 0.0132693 0.0459536 0.0000000 0.0863485 0.0170310 0.0000000 0.0484248 0.0193367 0.1264710
128 K 128 0.0075355 0.0712068 0.0354339 0.0000000 0.0039603 0.0108264 0.0402499 0.0000000 0.0189197 0.0510680 0.0080676 0.2750604 0.0057385 0.0000000 0.0000000 0.0217975 0.2154324 0.0030280 0.0043717 0.0998880 0.1274153
129 Q 129 0.0077546 0.6699748 0.0045038 0.0000000 0.0044625 0.1037099 0.0061140 0.0081631 0.0125215 0.0056913 0.0146706 0.0023021 0.0046640 0.0068396 0.0000000 0.0062401 0.0051614 0.0000000 0.0000000 0.0056106 0.1316160
130 V 130 0.0029283 0.0149530 0.0184379 0.0000000 0.0010721 0.0085375 0.0140138 0.0000000 0.0262630 0.2109633 0.0072756 0.0407491 0.0077829 0.0570246 0.0015478 0.0023526 0.1344289 0.0198275 0.0865208 0.2137055 0.1316160
131 F 131 0.0000000 0.0000000 0.0048561 0.0000000 0.0024823 0.0000000 0.0000000 0.0015630 0.0121500 0.0000000 0.0177095 0.0000000 0.0000000 0.2686693 0.0000000 0.1098522 0.0000000 0.0022501 0.4462966 0.0000000 0.1341707
132 K 132 0.0140650 0.0501326 0.0204040 0.0305315 0.0000000 0.0443386 0.1590564 0.0030613 0.0094398 0.0070822 0.0057995 0.4064564 0.0018369 0.0000000 0.0000000 0.0147129 0.0316768 0.0000000 0.0028451 0.0524549 0.1461061
133 K 133 0.0046661 0.4209075 0.0018329 0.0000000 0.0000000 0.0015338 0.0000000 0.0000000 0.0000000 0.0000000 0.0038355 0.3718916 0.0000000 0.0000000 0.0061657 0.0071745 0.0000000 0.0000000 0.0000000 0.0018544 0.1801380
134 V 134 0.1128662 0.0000000 0.0000000 0.0000000 0.0016106 0.0000000 0.0000000 0.0000000 0.0000000 0.1079220 0.0167319 0.0025783 0.0259476 0.0000000 0.0000000 0.0035583 0.0119404 0.0000000 0.0000000 0.2159046 0.5009401
135 H 135 0.0000000 0.0000000 0.0000000 0.0000000 0.0000000 0.0218607 0.0619647 0.0000000 0.0016594 0.0000000 0.0000000 0.0235647 0.0000000 0.0000000 0.0000000 0.0458459 0.0000000 0.0000000 0.0061727 0.0000000 0.8389320
