   85         A         R         N         D         C         Q         E         G         H         I         L         K         M         F         P         S         T         W         Y         V    
  1 S   1 0.3258966 0.0000000 0.0000000 0.0000000 0.0000000 0.0000000 0.0000000 0.0000000 0.0000000 0.0000000 0.0000000 0.0000000 0.0000000 0.0000000 0.0000000 0.6741034 0.0000000 0.0000000 0.0000000 0.0000000
  2 S   2 0.1681493 0.0000000 0.0000000 0.0000000 0.0000000 0.0000000 0.0000000 0.0000000 0.0000000 0.0000000 0.0000000 0.0000000 0.0000000 0.0000000 0.0000000 0.6752358 0.1566149 0.0000000 0.0000000 0.0000000
  3 L   3 0.0000000 0.1566149 0.0000000 0.0000000 0.0000000 0.0000000 0.0000000 0.0000000 0.0924504 0.0000000 0.0946692 0.2680591 0.0000000 0.0000000 0.0000000 0.1681493 0.2200570 0.0000000 0.0000000 0.0000000
  4 D   4 0.0000000 0.0000000 0.0000000 0.3001543 0.0000000 0.0000000 0.0000000 0.0000000 0.0000000 0.0000000 0.0000000 0.5928233 0.0000000 0.0000000 0.0000000 0.0000000 0.0000000 0.0000000 0.1070224 0.0000000
  5 K   5 0.0000000 0.0000000 0.0924504 0.2680591 0.0000000 0.0000000 0.0000000 0.0000000 0.0000000 0.0000000 0.0000000 0.3147263 0.0000000 0.0000000 0.0000000 0.3247642 0.0000000 0.0000000 0.0000000 0.0000000
  6 Y   6 0.0000000 0.0000000 0.0000000 0.0000000 0.0000000 0.2200570 0.3247642 0.0000000 0.0000000 0.0000000 0.0000000 0.0000000 0.0000000 0.0000000 0.0000000 0.0000000 0.0000000 0.0000000 0.4551788 0.0000000
  7 L   7 0.0000000 0.0000000 0.0000000 0.0000000 0.0000000 0.0000000 0.0000000 0.0000000 0.0000000 0.4881162 0.1871197 0.0000000 0.0000000 0.0000000 0.0000000 0.0000000 0.3247642 0.0000000 0.0000000 0.0000000
  8 T   8 0.0000000 0.0000000 0.0000000 0.0000000 0.0000000 0.0000000 0.0000000 0.0000000 0.0000000 0.2399930 0.0000000 0.0000000 0.0000000 0.0000000 0.0000000 0.0000000 0.7600070 0.0000000 0.0000000 0.0000000
  9 E   9 0.3372339 0.0000000 0.0000000 0.0000000 0.0000000 0.3227638 0.0847572 0.0000000 0.0000000 0.0000000 0.0000000 0.0000000 0.0000000 0.0000000 0.0000000 0.2552451 0.0000000 0.0000000 0.0000000 0.0000000
 10 S  10 0.0000000 0.0000000 0.3017180 0.0000000 0.0000000 0.0000000 0.0000000 0.0000000 0.2907610 0.0000000 0.0000000 0.0000000 0.0000000 0.0000000 0.0000000 0.4075210 0.0000000 0.0000000 0.0000000 0.0000000
 11 Q  11 0.0000000 0.0000000 0.0000000 0.0000000 0.0000000 0.0847572 0.5417110 0.0000000 0.0000000 0.0000000 0.0000000 0.0827708 0.0000000 0.0000000 0.0000000 0.0000000 0.2907610 0.0000000 0.0000000 0.0000000
 12 F  12 0.0000000 0.0000000 0.0000000 0.0000000 0.0000000 0.0000000 0.0000000 0.0000000 0.0000000 0.0000000 0.0000000 0.0000000 0.0000000 0.2413585 0.0000000 0.0000000 0.0000000 0.0000000 0.7586415 0.0000000
 13 H  13 0.0000000 0.0000000 0.0000000 0.0000000 0.0000000 0.3954622 0.0000000 0.0000000 0.4075210 0.0000000 0.0000000 0.0000000 0.0000000 0.0000000 0.0000000 0.0000000 0.0000000 0.0000000 0.1970168 0.0000000
 14 D  14 0.0000000 0.0000000 0.1047012 0.6045378 0.0000000 0.0000000 0.0000000 0.0000000 0.2907610 0.0000000 0.0000000 0.0000000 0.0000000 0.0000000 0.0000000 0.0000000 0.0000000 0.0000000 0.0000000 0.0000000
 15 K  15 0.0000000 0.0000000 0.0000000 0.0000000 0.0000000 0.4877778 0.1047012 0.0000000 0.0000000 0.0000000 0.0000000 0.4075210 0.0000000 0.0000000 0.0000000 0.0000000 0.0000000 0.0000000 0.0000000 0.0000000
 16 R  16 0.2907610 0.2413585 0.0000000 0.0000000 0.0000000 0.0833917 0.0000000 0.0000000 0.0000000 0.0000000 0.0000000 0.3844888 0.0000000 0.0000000 0.0000000 0.0000000 0.0000000 0.0000000 0.0000000 0.0000000
 17 I  17 0.0000000 0.0000000 0.0000000 0.0000000 0.0000000 0.0000000 0.0000000 0.0000000 0.0000000 0.4075210 0.5924790 0.0000000 0.0000000 0.0000000 0.0000000 0.0000000 0.0000000 0.0000000 0.0000000 0.0000000
 18 A  18 0.7092390 0.0000000 0.0000000 0.0000000 0.0000000 0.0000000 0.0000000 0.0000000 0.0000000 0.0000000 0.0000000 0.0000000 0.0000000 0.0000000 0.0000000 0.0000000 0.0000000 0.0000000 0.0000000 0.2907610
 19 E  19 0.0000000 0.0000000 0.1047012 0.3741527 0.0000000 0.0000000 0.3241293 0.0000000 0.0000000 0.0000000 0.0000000 0.1970168 0.0000000 0.0000000 0.0000000 0.0000000 0.0000000 0.0000000 0.0000000 0.0000000
 20 E  20 0.0000000 0.0000000 0.0000000 0.0000000 0.0000000 0.2907610 0.7092390 0.0000000 0.0000000 0.0000000 0.0000000 0.0000000 0.0000000 0.0000000 0.0000000 0.0000000 0.0000000 0.0000000 0.0000000 0.0000000
 21 L  21 0.0000000 0.0000000 0.0000000 0.0000000 0.0000000 0.0000000 0.0000000 0.0000000 0.0000000 0.0000000 1.0000000 0.0000000 0.0000000 0.0000000 0.0000000 0.0000000 0.0000000 0.0000000 0.0000000 0.0000000
 22 R  22 0.0000000 0.2439029 0.0000000 0.0000000 0.0000000 0.0000000 0.0000000 0.0000000 0.2907610 0.0000000 0.0000000 0.4653361 0.0000000 0.0000000 0.0000000 0.0000000 0.0000000 0.0000000 0.0000000 0.0000000
 23 T  23 0.0000000 0.0000000 0.0000000 0.1011998 0.0000000 0.0000000 0.1505439 0.0958170 0.0000000 0.0000000 0.0000000 0.0000000 0.1402171 0.0000000 0.0000000 0.3517110 0.1605112 0.0000000 0.0000000 0.0000000
 24 L  24 0.0000000 0.0000000 0.0000000 0.0000000 0.0000000 0.0000000 0.0000000 0.0000000 0.0000000 0.0000000 1.0000000 0.0000000 0.0000000 0.0000000 0.0000000 0.0000000 0.0000000 0.0000000 0.0000000 0.0000000
 25 L  25 0.0000000 0.0000000 0.0000000 0.0000000 0.0000000 0.0000000 0.0000000 0.0000000 0.0000000 0.2907610 0.7092390 0.0000000 0.0000000 0.0000000 0.0000000 0.0000000 0.0000000 0.0000000 0.0000000 0.0000000
 26 N  26 0.1505439 0.0827708 0.3451027 0.2813655 0.0000000 0.0000000 0.0000000 0.0000000 0.0000000 0.0000000 0.0000000 0.0000000 0.0000000 0.0000000 0.0000000 0.0000000 0.1402171 0.0000000 0.0000000 0.0000000
 27 K  27 0.0000000 0.0000000 0.2907610 0.0000000 0.0000000 0.1636181 0.3017180 0.0000000 0.0000000 0.0000000 0.0000000 0.2439029 0.0000000 0.0000000 0.0000000 0.0000000 0.0000000 0.0000000 0.0000000 0.0000000
 28 S  28 0.0000000 0.0000000 0.0000000 0.0000000 0.0000000 0.0000000 0.0000000 0.0000000 0.0000000 0.0000000 0.3017180 0.0000000 0.0000000 0.0000000 0.0000000 0.4075210 0.2907610 0.0000000 0.0000000 0.0000000
 29 N  29 0.0000000 0.0000000 0.6283917 0.2907610 0.0000000 0.0000000 0.0000000 0.0000000 0.0000000 0.0000000 0.0000000 0.0000000 0.0000000 0.0000000 0.0000000 0.0000000 0.0000000 0.0000000 0.0808473 0.0000000
 30 V  30 0.0000000 0.0000000 0.0000000 0.0000000 0.0000000 0.0000000 0.0000000 0.0000000 0.0000000 0.1402171 0.1505439 0.0000000 0.0000000 0.0000000 0.0000000 0.0000000 0.0000000 0.0000000 0.0000000 0.7092390
 31 Y  31 0.0000000 0.0000000 0.6733263 0.0000000 0.0000000 0.0000000 0.0000000 0.0000000 0.0000000 0.0000000 0.0000000 0.0000000 0.0000000 0.0000000 0.0000000 0.0000000 0.0000000 0.0000000 0.3266737 0.0000000
 32 A  32 0.1605112 0.0000000 0.0000000 0.2470098 0.0000000 0.0000000 0.1047012 0.0000000 0.0000000 0.0000000 0.0000000 0.2907610 0.0000000 0.0000000 0.0000000 0.0000000 0.0000000 0.0000000 0.0000000 0.1970168
 33 L  33 0.0000000 0.0000000 0.0000000 0.0000000 0.0000000 0.0000000 0.0000000 0.0000000 0.0000000 0.0000000 1.0000000 0.0000000 0.0000000 0.0000000 0.0000000 0.0000000 0.0000000 0.0000000 0.0000000 0.0000000
 34 A  34 0.8494561 0.0000000 0.0000000 0.0000000 0.0000000 0.0000000 0.0000000 0.0000000 0.0000000 0.0000000 0.0000000 0.0000000 0.0000000 0.0000000 0.0000000 0.1505439 0.0000000 0.0000000 0.0000000 0.0000000
 35 A  35 0.4075210 0.0000000 0.0000000 0.0000000 0.0000000 0.0000000 0.0000000 0.0000000 0.1402171 0.0000000 0.0000000 0.0000000 0.0000000 0.0000000 0.0000000 0.0000000 0.3017180 0.0000000 0.1505439 0.0000000
 36 G  36 0.0000000 0.0000000 0.0000000 0.0000000 0.0000000 0.0000000 0.0000000 0.6080392 0.0000000 0.0000000 0.2907610 0.0000000 0.0000000 0.0000000 0.0000000 0.1011998 0.0000000 0.0000000 0.0000000 0.0000000
 37 S  37 0.0000000 0.0000000 0.1505439 0.0000000 0.0000000 0.0000000 0.0000000 0.0000000 0.1402171 0.0000000 0.0000000 0.0000000 0.0000000 0.0000000 0.0000000 0.7092390 0.0000000 0.0000000 0.0000000 0.0000000
 38 L  38 0.0000000 0.0000000 0.0000000 0.0000000 0.0000000 0.0000000 0.0000000 0.0000000 0.0000000 0.0000000 1.0000000 0.0000000 0.0000000 0.0000000 0.0000000 0.0000000 0.0000000 0.0000000 0.0000000 0.0000000
 39 N  39 0.0000000 0.0000000 0.5122222 0.4877778 0.0000000 0.0000000 0.0000000 0.0000000 0.0000000 0.0000000 0.0000000 0.0000000 0.0000000 0.0000000 0.0000000 0.0000000 0.0000000 0.0000000 0.0000000 0.0000000
 40 P  40 0.2907610 0.1661625 0.0000000 0.0000000 0.0000000 0.0000000 0.0000000 0.0000000 0.0000000 0.0000000 0.0000000 0.0000000 0.0000000 0.0000000 0.4383754 0.0000000 0.1047012 0.0000000 0.0000000 0.0000000
 41 Y  41 0.0000000 0.0000000 0.0000000 0.0000000 0.0000000 0.0000000 0.0000000 0.0000000 0.0000000 0.0000000 0.0000000 0.0000000 0.0000000 0.1505439 0.0000000 0.0000000 0.0000000 0.0000000 0.8494561 0.0000000
 42 Y  42 0.0000000 0.0000000 0.0000000 0.0000000 0.0000000 0.2907610 0.0000000 0.0000000 0.0000000 0.0000000 0.0000000 0.0000000 0.0000000 0.0000000 0.0000000 0.0000000 0.0000000 0.0000000 0.7092390 0.0000000
 43 K  43 0.0000000 0.0000000 0.0000000 0.0000000 0.0000000 0.0000000 0.0000000 0.0000000 0.0000000 0.0000000 0.0000000 1.0000000 0.0000000 0.0000000 0.0000000 0.0000000 0.0000000 0.0000000 0.0000000 0.0000000
 44 R  44 0.0000000 0.9166083 0.0000000 0.0000000 0.0000000 0.0833917 0.0000000 0.0000000 0.0000000 0.0000000 0.0000000 0.0000000 0.0000000 0.0000000 0.0000000 0.0000000 0.0000000 0.0000000 0.0000000 0.0000000
 45 T  45 0.0000000 0.0000000 0.1970168 0.2907610 0.0000000 0.0000000 0.0000000 0.0000000 0.0000000 0.0000000 0.0000000 0.0000000 0.0808473 0.0000000 0.0000000 0.0000000 0.4313749 0.0000000 0.0000000 0.0000000
 46 I  46 0.0000000 0.0000000 0.0000000 0.0000000 0.0000000 0.0000000 0.0000000 0.0000000 0.0000000 0.8029832 0.0000000 0.0000000 0.0000000 0.0000000 0.0000000 0.0000000 0.0000000 0.0000000 0.0000000 0.1970168
 47 M  47 0.0000000 0.0000000 0.0000000 0.0000000 0.0000000 0.1011998 0.0000000 0.0000000 0.0000000 0.0000000 0.2463609 0.1047012 0.5477381 0.0000000 0.0000000 0.0000000 0.0000000 0.0000000 0.0000000 0.0000000
 48 M  48 0.2907610 0.0000000 0.0000000 0.0000000 0.0000000 0.0000000 0.0000000 0.0000000 0.0000000 0.1047012 0.0000000 0.0000000 0.6045378 0.0000000 0.0000000 0.0000000 0.0000000 0.0000000 0.0000000 0.0000000
 49 N  49 0.2907610 0.0000000 0.4075210 0.0000000 0.0000000 0.0000000 0.0000000 0.0000000 0.0000000 0.0000000 0.0000000 0.0000000 0.0000000 0.0000000 0.0000000 0.1047012 0.0000000 0.0000000 0.1970168 0.0000000
 50 E  50 0.0000000 0.0000000 0.0000000 0.0000000 0.0000000 0.0808473 0.3266737 0.3017180 0.2907610 0.0000000 0.0000000 0.0000000 0.0000000 0.0000000 0.0000000 0.0000000 0.0000000 0.0000000 0.0000000 0.0000000
 51 Y  51 0.0000000 0.0000000 0.0000000 0.0000000 0.0000000 0.1047012 0.0000000 0.0000000 0.0833917 0.0000000 0.0000000 0.0000000 0.0000000 0.1970168 0.0000000 0.0000000 0.0000000 0.0000000 0.6148903 0.0000000
 52 R  52 0.0000000 0.4075210 0.0000000 0.0000000 0.0000000 0.0000000 0.0000000 0.0000000 0.0000000 0.2907610 0.0000000 0.3017180 0.0000000 0.0000000 0.0000000 0.0000000 0.0000000 0.0000000 0.0000000 0.0000000
 53 A  53 1.0000000 0.0000000 0.0000000 0.0000000 0.0000000 0.0000000 0.0000000 0.0000000 0.0000000 0.0000000 0.0000000 0.0000000 0.0000000 0.0000000 0.0000000 0.0000000 0.0000000 0.0000000 0.0000000 0.0000000
 54 K  54 0.0000000 0.0000000 0.0000000 0.0000000 0.0000000 0.0000000 0.0000000 0.0000000 0.0000000 0.0000000 0.0000000 0.8952988 0.1047012 0.0000000 0.0000000 0.0000000 0.0000000 0.0000000 0.0000000 0.0000000
 55 A  55 0.4075210 0.0000000 0.0000000 0.0000000 0.0000000 0.0000000 0.0000000 0.0000000 0.0000000 0.0000000 0.0000000 0.0000000 0.1970168 0.0000000 0.0000000 0.2907610 0.0000000 0.0000000 0.1047012 0.0000000
 56 A  56 0.8988002 0.0000000 0.0000000 0.0000000 0.0000000 0.0000000 0.0000000 0.0000000 0.0000000 0.0000000 0.0000000 0.0000000 0.0000000 0.0000000 0.0000000 0.0000000 0.0000000 0.0000000 0.0000000 0.1011998
 57 L  57 0.0000000 0.0000000 0.0000000 0.0000000 0.0000000 0.0000000 0.0000000 0.0000000 0.0000000 0.2907610 0.6080392 0.0000000 0.0000000 0.0000000 0.0000000 0.0000000 0.0000000 0.0000000 0.0000000 0.1011998
 58 K  58 0.0000000 0.4499066 0.0000000 0.0000000 0.0000000 0.0000000 0.0000000 0.0000000 0.0000000 0.0000000 0.0000000 0.5500934 0.0000000 0.0000000 0.0000000 0.0000000 0.0000000 0.0000000 0.0000000 0.0000000
 59 K  59 0.0000000 0.0000000 0.0000000 0.0000000 0.0000000 0.0000000 0.0000000 0.0000000 0.0000000 0.0000000 0.0000000 0.1675280 0.0000000 0.0000000 0.0000000 0.5417110 0.2907610 0.0000000 0.0000000 0.0000000
 60 N  60 0.0000000 0.0000000 0.4075210 0.0000000 0.0000000 0.0000000 0.0000000 0.0000000 0.0000000 0.0000000 0.0000000 0.5924790 0.0000000 0.0000000 0.0000000 0.0000000 0.0000000 0.0000000 0.0000000 0.0000000
 61 D  61 0.0000000 0.0000000 0.7277708 0.2722292 0.0000000 0.0000000 0.0000000 0.0000000 0.0000000 0.0000000 0.0000000 0.0000000 0.0000000 0.0000000 0.0000000 0.0000000 0.0000000 0.0000000 0.0000000 0.0000000
 62 F  62 0.0000000 0.0000000 0.0000000 0.0000000 0.0000000 0.0000000 0.0000000 0.0000000 0.0000000 0.0000000 0.2907610 0.0000000 0.0000000 0.5122222 0.0000000 0.0000000 0.0000000 0.0000000 0.1970168 0.0000000
 63 V  63 0.1566013 0.0000000 0.0000000 0.3741527 0.0000000 0.0000000 0.0000000 0.0000000 0.0000000 0.0000000 0.0000000 0.1874720 0.0000000 0.0000000 0.0000000 0.1970168 0.0000000 0.0000000 0.0000000 0.0847572
 64 S  64 0.0000000 0.0000000 0.0000000 0.0000000 0.0000000 0.2907610 0.0000000 0.0000000 0.0000000 0.0000000 0.0000000 0.5417110 0.0000000 0.0000000 0.0000000 0.1675280 0.0000000 0.0000000 0.0000000 0.0000000
 65 M  65 0.0000000 0.0000000 0.0000000 0.0000000 0.0000000 0.0000000 0.0000000 0.0000000 0.0000000 0.0000000 0.0000000 0.0000000 1.0000000 0.0000000 0.0000000 0.0000000 0.0000000 0.0000000 0.0000000 0.0000000
 66 A  66 0.4075210 0.0000000 0.0000000 0.0000000 0.0000000 0.0000000 0.0000000 0.0000000 0.0000000 0.0000000 0.0000000 0.0000000 0.0000000 0.0000000 0.0000000 0.3017180 0.2907610 0.0000000 0.0000000 0.0000000
 67 D  67 0.0000000 0.0000000 0.0000000 0.1605112 0.0000000 0.0000000 0.3517110 0.0000000 0.0000000 0.1970168 0.0000000 0.2907610 0.0000000 0.0000000 0.0000000 0.0000000 0.0000000 0.0000000 0.0000000 0.0000000
 68 A  68 1.0000000 0.0000000 0.0000000 0.0000000 0.0000000 0.0000000 0.0000000 0.0000000 0.0000000 0.0000000 0.0000000 0.0000000 0.0000000 0.0000000 0.0000000 0.0000000 0.0000000 0.0000000 0.0000000 0.0000000
 69 K  69 0.0000000 0.0000000 0.0000000 0.0000000 0.0000000 0.0000000 0.0000000 0.0000000 0.0000000 0.0000000 0.0000000 1.0000000 0.0000000 0.0000000 0.0000000 0.0000000 0.0000000 0.0000000 0.0000000 0.0000000
 70 V  70 0.0000000 0.0000000 0.0000000 0.0000000 0.0000000 0.1505439 0.1970168 0.0000000 0.0000000 0.0000000 0.0000000 0.0000000 0.0000000 0.0000000 0.0000000 0.0000000 0.0000000 0.0000000 0.2449183 0.4075210
 71 A  71 0.3266737 0.2907610 0.0000000 0.0000000 0.0000000 0.1047012 0.1970168 0.0808473 0.0000000 0.0000000 0.0000000 0.0000000 0.0000000 0.0000000 0.0000000 0.0000000 0.0000000 0.0000000 0.0000000 0.0000000
 72 L  72 0.0000000 0.0000000 0.0000000 0.0000000 0.0000000 0.0000000 0.0000000 0.0000000 0.0000000 0.0000000 1.0000000 0.0000000 0.0000000 0.0000000 0.0000000 0.0000000 0.0000000 0.0000000 0.0000000 0.0000000
 73 E  73 0.0000000 0.0000000 0.0000000 0.0000000 0.0000000 0.1047012 0.8952988 0.0000000 0.0000000 0.0000000 0.0000000 0.0000000 0.0000000 0.0000000 0.0000000 0.0000000 0.0000000 0.0000000 0.0000000 0.0000000
 74 K  74 0.0000000 0.0000000 0.5008520 0.0000000 0.0000000 0.0000000 0.0000000 0.0000000 0.0000000 0.0000000 0.0000000 0.3486041 0.0000000 0.0000000 0.0000000 0.1505439 0.0000000 0.0000000 0.0000000 0.0000000
 75 I  75 0.0000000 0.0000000 0.0000000 0.0000000 0.0000000 0.0000000 0.0000000 0.0000000 0.0000000 0.9041830 0.0000000 0.0000000 0.0000000 0.0958170 0.0000000 0.0000000 0.0000000 0.0000000 0.0000000 0.0000000
 76 Y  76 0.0000000 0.0000000 0.0000000 0.0000000 0.0000000 0.0000000 0.0000000 0.0000000 0.0000000 0.0000000 0.0000000 0.0000000 0.0000000 0.0000000 0.0000000 0.0000000 0.0000000 0.0000000 1.0000000 0.0000000
 77 K  77 0.0000000 0.1970168 0.2552451 0.0000000 0.0000000 0.0000000 0.0000000 0.0000000 0.0000000 0.0000000 0.0000000 0.4075210 0.0000000 0.0000000 0.0000000 0.1402171 0.0000000 0.0000000 0.0000000 0.0000000
 78 E  78 0.0000000 0.0000000 0.0000000 0.0000000 0.0000000 0.0000000 0.7092390 0.0000000 0.0000000 0.0000000 0.0000000 0.0000000 0.0000000 0.0000000 0.0000000 0.2907610 0.0000000 0.0000000 0.0000000 0.0000000
 79 I  79 0.0000000 0.0000000 0.0000000 0.0000000 0.0000000 0.0000000 0.0000000 0.0000000 0.0000000 0.8597829 0.1402171 0.0000000 0.0000000 0.0000000 0.0000000 0.0000000 0.0000000 0.0000000 0.0000000 0.0000000
 80 D  80 0.0000000 0.0000000 0.0757540 0.5500934 0.0000000 0.0000000 0.0000000 0.0000000 0.0000000 0.0000000 0.0000000 0.0000000 0.0000000 0.0000000 0.0000000 0.1505439 0.1402171 0.0000000 0.0833917 0.0000000
 81 E  81 0.0000000 0.0000000 0.1505439 0.0000000 0.0000000 0.0000000 0.7092390 0.0000000 0.0000000 0.0000000 0.0000000 0.0000000 0.0000000 0.0000000 0.0000000 0.1402171 0.0000000 0.0000000 0.0000000 0.0000000
 82 I  82 0.3017180 0.0000000 0.1402171 0.0000000 0.0000000 0.0000000 0.0000000 0.0000000 0.0000000 0.4075210 0.0000000 0.0000000 0.0000000 0.0000000 0.1505439 0.0000000 0.0000000 0.0000000 0.0000000 0.0000000
 83 I  83 0.0000000 0.0000000 0.0000000 0.0000000 0.0000000 0.0000000 0.0000000 0.0000000 0.0000000 0.5477381 0.4522619 0.0000000 0.0000000 0.0000000 0.0000000 0.0000000 0.0000000 0.0000000 0.0000000 0.0000000
 84 N  84 0.0000000 0.0000000 0.5836052 0.0000000 0.0000000 0.0000000 0.0000000 0.0000000 0.4163948 0.0000000 0.0000000 0.0000000 0.0000000 0.0000000 0.0000000 0.0000000 0.0000000 0.0000000 0.0000000 0.0000000
 85 R  85 0.0000000 1.0000000 0.0000000 0.0000000 0.0000000 0.0000000 0.0000000 0.0000000 0.0000000 0.0000000 0.0000000 0.0000000 0.0000000 0.0000000 0.0000000 0.0000000 0.0000000 0.0000000 0.0000000 0.0000000
