   62         A         R         N         D         C         Q         E         G         H         I         L         K         M         F         P         S         T         W         Y         V         X    
  1 M   1 0.0000000 0.0000000 0.0000000 0.0000000 0.0000000 0.0000000 0.0000000 0.0000000 0.0000000 0.0190423 0.0144635 0.0000000 0.0429445 0.0000000 0.0000000 0.0000000 0.0000000 0.0000000 0.0000000 0.0518060 0.8717437
  2 D   2 0.0099379 0.0060982 0.0037482 0.0506518 0.0000000 0.0417549 0.0398511 0.0017659 0.0000000 0.0000000 0.0000000 0.0040494 0.0022428 0.0000000 0.0514956 0.0643127 0.0196499 0.0000000 0.0000000 0.0015102 0.7029313
  3 E   3 0.0407737 0.0295847 0.0076947 0.0413845 0.0000000 0.0648031 0.0502805 0.0074496 0.0060696 0.0056723 0.0024542 0.0508982 0.0000000 0.0000000 0.0820060 0.0392618 0.0042215 0.0000000 0.0000000 0.0133218 0.5541239
  4 T   4 0.0288642 0.0106301 0.0403311 0.0089161 0.0015022 0.0313095 0.0230582 0.0162572 0.0041347 0.0073367 0.0229792 0.0205078 0.0084497 0.0000000 0.1030853 0.0850659 0.0883827 0.0000000 0.0000000 0.0242774 0.4749120
  5 G   5 0.0414114 0.0460994 0.0323287 0.0224765 0.0051863 0.0304840 0.0772390 0.1321440 0.0113472 0.0072200 0.0014367 0.0290860 0.0000000 0.0034679 0.0181657 0.0826868 0.0177994 0.0000000 0.0105217 0.0111534 0.4197460
  6 K   6 0.0498407 0.0356163 0.0316090 0.0014276 0.0000000 0.0449005 0.0265642 0.0859428 0.0021361 0.0298305 0.0349066 0.1018589 0.0058244 0.0098363 0.0226833 0.0287505 0.0304102 0.0000000 0.0051696 0.0955126 0.3571799
  7 E   7 0.0124199 0.0911033 0.0161550 0.0264240 0.0417505 0.0165705 0.1623731 0.0154288 0.0192752 0.0180282 0.0436778 0.0376723 0.0257182 0.0050846 0.1029389 0.0078979 0.0415603 0.0000000 0.0025340 0.0350268 0.2783605
  8 L   8 0.0023538 0.1161330 0.0026947 0.0012497 0.0374576 0.1137018 0.0148394 0.0000000 0.0102294 0.0191706 0.0368856 0.1337278 0.0141806 0.0346302 0.0305097 0.0155999 0.1066970 0.0276619 0.0692133 0.0236820 0.1893819
  9 V   9 0.2815804 0.0024332 0.0000000 0.0000000 0.1431482 0.0000000 0.0000000 0.0037919 0.0000000 0.0000000 0.0000000 0.0000000 0.0025773 0.0303688 0.0000000 0.0000000 0.0000000 0.0000000 0.1171106 0.3352911 0.0836985
 10 L  10 0.0000000 0.2549643 0.0000000 0.0000000 0.0016956 0.0778213 0.0393554 0.0000000 0.0061305 0.1242544 0.0108272 0.1806266 0.0106811 0.0000000 0.0000000 0.0075103 0.0626434 0.0000000 0.0000000 0.1624673 0.0610226
 11 A  11 0.7964533 0.0000000 0.0000000 0.0000000 0.0095868 0.0000000 0.0045867 0.0121270 0.0000000 0.0051063 0.0000000 0.0000000 0.0000000 0.0000000 0.0000000 0.0077394 0.0155423 0.0000000 0.0000000 0.0885646 0.0602936
 12 L  12 0.0171795 0.0314495 0.0032041 0.0000000 0.0044778 0.0215722 0.0299017 0.0000000 0.0000000 0.0829900 0.5948588 0.0509205 0.0488450 0.0000000 0.0000000 0.0022281 0.0027736 0.0000000 0.0000000 0.0407089 0.0688902
 13 Y  13 0.0155665 0.0000000 0.0044187 0.0000000 0.0093469 0.0000000 0.0075103 0.0000000 0.0582046 0.0018090 0.0160355 0.0000000 0.0020036 0.1451399 0.0000000 0.0000000 0.0000000 0.0100899 0.6651620 0.0039296 0.0607836
 14 D  14 0.0199588 0.0044448 0.0646087 0.5286285 0.0000000 0.0220266 0.0457607 0.0021936 0.0058029 0.0000000 0.0000000 0.0075148 0.0000000 0.0000000 0.1048617 0.0995513 0.0407394 0.0000000 0.0032492 0.0016697 0.0489893
 15 Y  15 0.0000000 0.0000000 0.0026310 0.0000000 0.0028377 0.0000000 0.0000000 0.0000000 0.0041053 0.0000000 0.0137064 0.0000000 0.0000000 0.4318552 0.0000000 0.0000000 0.0000000 0.0312981 0.4804837 0.0000000 0.0330827
 16 Q  16 0.0359132 0.0279707 0.0498309 0.0771481 0.0016982 0.0916210 0.2596541 0.0060632 0.0137865 0.0391673 0.0098730 0.0902581 0.0114831 0.0017504 0.0190409 0.0412730 0.1296406 0.0000000 0.0058092 0.0565695 0.0314489
 17 E  17 0.5381264 0.0249045 0.0000000 0.0000000 0.0000000 0.0161809 0.0153893 0.1127615 0.0000000 0.0000000 0.0000000 0.0260596 0.0000000 0.0000000 0.1499251 0.0707610 0.0106160 0.0000000 0.0000000 0.0037919 0.0314839
 18 K  18 0.0865932 0.1021069 0.0250188 0.0663517 0.0044064 0.2209088 0.1283864 0.0067265 0.0204655 0.0000000 0.0088874 0.0492941 0.0180789 0.0000000 0.0151268 0.0606783 0.1199786 0.0000000 0.0053508 0.0310362 0.0306048
 19 S  19 0.0552131 0.0260663 0.2093842 0.1068433 0.0040692 0.0788213 0.2134421 0.0394313 0.0222934 0.0022491 0.0031213 0.0510875 0.0113190 0.0000000 0.0018060 0.0687229 0.0771969 0.0000000 0.0000000 0.0000000 0.0289331
 20 P  20 0.0720096 0.0142263 0.0472374 0.2651759 0.0024916 0.0270842 0.2421098 0.0119360 0.0172729 0.0037279 0.0042374 0.0197203 0.0000000 0.0000000 0.1267077 0.0757132 0.0209726 0.0000000 0.0011535 0.0216197 0.0266039
 21 R  21 0.0031398 0.0201836 0.1125596 0.4713939 0.0000000 0.0141790 0.0643989 0.1994621 0.0000000 0.0000000 0.0038892 0.0166002 0.0047840 0.0015311 0.0000000 0.0170179 0.0288351 0.0000000 0.0045867 0.0124756 0.0249632
 22 E  22 0.0032951 0.0000000 0.0000000 0.1619030 0.0084730 0.0482956 0.7071257 0.0000000 0.0328333 0.0000000 0.0000000 0.0000000 0.0000000 0.0000000 0.0000000 0.0131110 0.0000000 0.0000000 0.0000000 0.0000000 0.0249632
 23 V  23 0.0000000 0.0000000 0.0000000 0.0000000 0.0000000 0.0000000 0.0000000 0.0000000 0.0000000 0.0733323 0.8661885 0.0000000 0.0139475 0.0000000 0.0000000 0.0000000 0.0000000 0.0000000 0.0000000 0.0238389 0.0226927
 24 T  24 0.0310480 0.0030130 0.0527951 0.0234522 0.0118047 0.0096825 0.0715178 0.0847341 0.0032341 0.0025023 0.0038565 0.0026023 0.0010643 0.0000000 0.0264195 0.4718096 0.1678658 0.0000000 0.0026801 0.0072253 0.0226927
 25 M  25 0.0000000 0.0000000 0.0000000 0.0000000 0.0000000 0.0000000 0.0000000 0.0000000 0.0000000 0.0630090 0.2150370 0.0000000 0.0179271 0.6694757 0.0000000 0.0000000 0.0000000 0.0000000 0.0000000 0.0118585 0.0226927
 26 K  26 0.0235963 0.1686497 0.0653396 0.0338592 0.0237459 0.0899880 0.0588870 0.0064041 0.0323592 0.0031402 0.0060769 0.2591146 0.0073677 0.0047541 0.0217154 0.0713393 0.0567677 0.0000000 0.0046789 0.0395233 0.0226927
 27 K  27 0.1068636 0.0538149 0.0061956 0.0020201 0.0024494 0.0402365 0.2380212 0.0000000 0.0037519 0.0035210 0.0017649 0.3114963 0.0000000 0.0000000 0.0904744 0.0289586 0.0243149 0.0000000 0.0013804 0.0711627 0.0135735
 28 G  28 0.0038706 0.0000000 0.0787251 0.0637856 0.0000000 0.0095654 0.0027047 0.7872404 0.0195802 0.0000000 0.0000000 0.0000000 0.0000000 0.0000000 0.0000000 0.0188944 0.0020600 0.0000000 0.0000000 0.0000000 0.0135735
 29 D  29 0.0565161 0.0000000 0.0074584 0.6552894 0.0059040 0.0773621 0.1619706 0.0040564 0.0000000 0.0000000 0.0000000 0.0000000 0.0019725 0.0000000 0.0000000 0.0110756 0.0048214 0.0000000 0.0000000 0.0000000 0.0135735
 30 I  30 0.0029258 0.0549827 0.0016639 0.0000000 0.0042748 0.0056065 0.0111000 0.0000000 0.0034779 0.4277126 0.0875084 0.0234288 0.0137819 0.0074852 0.0000000 0.0031493 0.0581614 0.0000000 0.0154868 0.2656807 0.0135735
 31 L  31 0.0000000 0.0000000 0.0000000 0.0000000 0.0000000 0.0000000 0.0000000 0.0000000 0.0000000 0.7182086 0.0724844 0.0000000 0.0041150 0.0107063 0.0000000 0.0000000 0.0000000 0.0000000 0.0079270 0.1729852 0.0135735
 32 T  32 0.0220908 0.0268844 0.0362121 0.0376260 0.0035015 0.0452824 0.1069552 0.0033259 0.0189332 0.0510112 0.0833892 0.0718121 0.0342059 0.0080006 0.0000000 0.0372692 0.2783444 0.0000000 0.0722806 0.0493017 0.0135735
 33 L  33 0.0026166 0.0000000 0.0699973 0.0154868 0.0075103 0.0026552 0.0260435 0.0046332 0.0102182 0.2116847 0.1287233 0.0013169 0.0027964 0.0053742 0.0000000 0.0000000 0.0049597 0.0000000 0.0000000 0.4871860 0.0187978
 34 L  34 0.0050300 0.0334898 0.0000000 0.0145947 0.0038706 0.0061789 0.0012370 0.0000000 0.0227757 0.2154432 0.3488874 0.0143115 0.0257188 0.0076811 0.0013161 0.0122882 0.1588791 0.0000000 0.0028727 0.0992165 0.0262087
 35 N  35 0.0217753 0.0690999 0.1068357 0.1272930 0.0000000 0.0545466 0.2956212 0.0240756 0.0012679 0.0022042 0.0055835 0.1607168 0.0033092 0.0020489 0.0038023 0.0758201 0.0236941 0.0000000 0.0020850 0.0000000 0.0202205
 36 S  36 0.0044022 0.1237411 0.0229809 0.0322001 0.0015014 0.1488202 0.0645484 0.0015099 0.0126812 0.0046106 0.0000000 0.3631207 0.0429263 0.0259473 0.0069571 0.0799657 0.0083868 0.0000000 0.0136404 0.0199784 0.0220814
 37 T  37 0.0154231 0.0140352 0.0630190 0.0925907 0.0251772 0.0725809 0.0629991 0.0173870 0.0077490 0.0981023 0.0469940 0.0303130 0.0099886 0.0000000 0.0250587 0.1150468 0.0710517 0.0000000 0.0000000 0.1674799 0.0650037
 38 N  38 0.0120434 0.0000000 0.0644379 0.5567604 0.0000000 0.0210919 0.2122788 0.0082231 0.0046214 0.0015614 0.0030034 0.0000000 0.0000000 0.0016818 0.0266881 0.0231549 0.0054381 0.0000000 0.0308928 0.0000000 0.0281226
 39 K  39 0.0403412 0.0141886 0.0228790 0.1739394 0.0014863 0.0370187 0.2181592 0.1517068 0.0030816 0.0011569 0.0040490 0.0556601 0.0144598 0.0000000 0.1236098 0.0876540 0.0174705 0.0000000 0.0000000 0.0071469 0.0259922
 40 D  40 0.0067575 0.0043084 0.1479262 0.2647671 0.0018575 0.0027635 0.0998792 0.3684710 0.0405338 0.0000000 0.0000000 0.0023627 0.0000000 0.0015905 0.0000000 0.0164571 0.0040022 0.0000000 0.0000000 0.0000000 0.0383232
 41 W  41 0.0000000 0.0000000 0.0000000 0.0000000 0.0199501 0.0000000 0.0000000 0.0000000 0.0000000 0.0000000 0.0000000 0.0000000 0.0059717 0.0070210 0.0000000 0.0000000 0.0000000 0.9544652 0.0000000 0.0000000 0.0125920
 42 W  42 0.0190344 0.0050232 0.0000000 0.0000000 0.0063238 0.0000000 0.0000000 0.0027765 0.0000000 0.0037058 0.0468233 0.0000000 0.0149871 0.0509054 0.0000000 0.0025432 0.0000000 0.6793245 0.1409677 0.0093991 0.0181861
 43 K  43 0.0201737 0.1331946 0.0047067 0.0261474 0.0045657 0.0446067 0.2465337 0.0115423 0.0161708 0.0128270 0.0300091 0.1882860 0.0248809 0.0370758 0.0000000 0.0244612 0.0853230 0.0079076 0.0251965 0.0437991 0.0125920
 44 V  44 0.0568956 0.0091198 0.0000000 0.0000000 0.0000000 0.0000000 0.0000000 0.9000148 0.0000000 0.0000000 0.0000000 0.0000000 0.0000000 0.0000000 0.0000000 0.0000000 0.0000000 0.0000000 0.0000000 0.0213779 0.0125920
 45 E  45 0.0045553 0.1324595 0.0067390 0.0217218 0.0078650 0.0332862 0.3462058 0.0000000 0.0123038 0.0118455 0.0224561 0.0554320 0.0283985 0.0033671 0.0000000 0.0884504 0.1335604 0.0000000 0.0052428 0.0775706 0.0085404
 46 V  46 0.0142261 0.0087512 0.0584691 0.0000000 0.0707200 0.0014664 0.0000000 0.0066285 0.0373121 0.1243989 0.4115489 0.0071951 0.0217940 0.0241002 0.0028736 0.0577204 0.0130147 0.0013257 0.0362877 0.0949124 0.0072548
 47 N  47 0.0080397 0.1870240 0.3284569 0.0658487 0.0048936 0.0342547 0.0101623 0.1157514 0.0813686 0.0000000 0.0036608 0.0813148 0.0088558 0.0013429 0.0158854 0.0129000 0.0347048 0.0000000 0.0043484 0.0011871 0.0000000
 48 D  48 0.0053636 0.0514641 0.0540897 0.0852714 0.0000000 0.0111925 0.0102898 0.7392801 0.0063340 0.0015983 0.0016022 0.0063553 0.0041053 0.0000000 0.0000000 0.0142164 0.0057758 0.0000000 0.0016937 0.0000000 0.0013680
 49 R  49 0.0115884 0.2577676 0.0193242 0.0054571 0.0060950 0.1472258 0.0338248 0.0339710 0.0457465 0.0088647 0.0243766 0.2731300 0.0123132 0.0000000 0.0033748 0.0231002 0.0323873 0.0000000 0.0030614 0.0583915 0.0000000
 50 Q  50 0.0109105 0.1065210 0.0149836 0.0016967 0.0092594 0.0780387 0.1098278 0.0011194 0.0079845 0.0560717 0.0079732 0.0905127 0.0111610 0.0207076 0.0000000 0.0842106 0.2586509 0.0000000 0.0144750 0.1147795 0.0011160
 51 G  51 0.0059379 0.0000000 0.0036589 0.0000000 0.0000000 0.0000000 0.0000000 0.9653990 0.0048436 0.0000000 0.0052038 0.0000000 0.0070070 0.0000000 0.0000000 0.0000000 0.0000000 0.0000000 0.0000000 0.0000000 0.0079499
 52 F  52 0.0047936 0.0000000 0.0038133 0.0000000 0.0000000 0.0106666 0.0000000 0.0000000 0.0105432 0.1975760 0.2624890 0.0027701 0.0522630 0.0626786 0.0013272 0.0047803 0.0272659 0.2341165 0.0483613 0.0594858 0.0170697
 53 V  53 0.0041991 0.0000000 0.0000000 0.0000000 0.0000000 0.0000000 0.0000000 0.0000000 0.0000000 0.0288928 0.0041214 0.0000000 0.0000000 0.8981780 0.0000000 0.0000000 0.0000000 0.0000000 0.0000000 0.0475391 0.0170697
 54 P  54 0.0000000 0.0000000 0.0000000 0.0000000 0.0000000 0.0000000 0.0000000 0.0000000 0.0000000 0.0000000 0.0000000 0.0000000 0.0000000 0.0000000 0.9696018 0.0000000 0.0000000 0.0000000 0.0000000 0.0058183 0.0245799
 55 A  55 0.2716249 0.0201312 0.0040254 0.0335279 0.0117687 0.0096117 0.0299717 0.0988326 0.0022254 0.0358268 0.0523185 0.0675276 0.0023160 0.0014874 0.0000000 0.2719720 0.0095257 0.0000000 0.0039539 0.0487728 0.0245799
 56 A  56 0.0459469 0.0024370 0.6807344 0.0023383 0.0000000 0.0000000 0.0022430 0.0000000 0.0000000 0.0017591 0.0023134 0.0309417 0.0000000 0.0000000 0.0021911 0.1549692 0.0321368 0.0000000 0.0000000 0.0174093 0.0245799
 57 Y  57 0.0000000 0.0028186 0.0000000 0.0000000 0.0059717 0.0000000 0.0000000 0.0000000 0.0138400 0.0000000 0.0070210 0.0000000 0.0000000 0.1845462 0.0000000 0.0044187 0.0000000 0.0000000 0.7568040 0.0000000 0.0245799
 58 V  58 0.0161990 0.0000000 0.0000000 0.0000000 0.0187640 0.0000000 0.0000000 0.0000000 0.0000000 0.0622353 0.0139587 0.0000000 0.0028825 0.0000000 0.0000000 0.0022522 0.0130512 0.0000000 0.0000000 0.8420915 0.0285655
 59 K  59 0.0373805 0.0591939 0.0048453 0.0112876 0.0020788 0.1274274 0.3683843 0.0024916 0.0026929 0.0000000 0.0022927 0.2307458 0.0033815 0.0000000 0.0000000 0.0142846 0.0368573 0.0000000 0.0000000 0.0034534 0.0932023
 60 K  60 0.0048440 0.0350491 0.0000000 0.0056574 0.0000000 0.0071725 0.1546688 0.0000000 0.0049626 0.0525401 0.1657366 0.1049986 0.0088969 0.0083965 0.1372835 0.0173837 0.0042962 0.0000000 0.0018461 0.1326919 0.1535754
 61 L  61 0.0069986 0.0020340 0.0013726 0.0022648 0.0057460 0.0048634 0.0021741 0.0000000 0.0000000 0.2218814 0.2508033 0.0172319 0.0444115 0.0014589 0.0014990 0.0000000 0.0044543 0.0000000 0.0056654 0.1364091 0.2907316
 62 D  62 0.0000000 0.0000000 0.0235350 0.0916691 0.0000000 0.0000000 0.0997046 0.0000000 0.0000000 0.0000000 0.0000000 0.0000000 0.0000000 0.0000000 0.0000000 0.0000000 0.0000000 0.0000000 0.0000000 0.0000000 0.7850913
