   62         A         R         N         D         C         Q         E         G         H         I         L         K         M         F         P         S         T         W         Y         V    
  1 M   1 0.0000000 0.0000000 0.0000000 0.0000000 0.0000000 0.0000000 0.0000000 0.0000000 0.0000000 0.1499887 0.1135139 0.0000000 0.3315185 0.0000000 0.0000000 0.0000000 0.0000000 0.0000000 0.0000000 0.4049789
  2 D   2 0.0342742 0.0210318 0.0128327 0.1753733 0.0000000 0.1272131 0.1326159 0.0060126 0.0000000 0.0000000 0.0000000 0.0138628 0.0077301 0.0000000 0.1757654 0.2198916 0.0682414 0.0000000 0.0000000 0.0051551
  3 E   3 0.0897090 0.0687334 0.0170284 0.0955003 0.0000000 0.1459991 0.1139578 0.0171244 0.0136440 0.0137019 0.0055438 0.1114593 0.0000000 0.0000000 0.1867339 0.0808042 0.0093713 0.0000000 0.0000000 0.0306893
  4 T   4 0.0554439 0.0199734 0.0782613 0.0170384 0.0028414 0.0529220 0.0443768 0.0308681 0.0078394 0.0140438 0.0458922 0.0383097 0.0161810 0.0000000 0.1988186 0.1610791 0.1711807 0.0000000 0.0000000 0.0449302
  5 G   5 0.0699646 0.0808242 0.0563226 0.0399319 0.0090047 0.0471494 0.1246382 0.2314936 0.0199881 0.0124223 0.0024776 0.0507011 0.0000000 0.0061589 0.0315318 0.1481841 0.0321071 0.0000000 0.0183369 0.0187629
  6 K   6 0.0774477 0.0569348 0.0434400 0.0022514 0.0000000 0.0708081 0.0408872 0.1305727 0.0032514 0.0456857 0.0542661 0.1608812 0.0090035 0.0157837 0.0333481 0.0447385 0.0509691 0.0000000 0.0081083 0.1516226
  7 E   7 0.0163358 0.1257159 0.0220190 0.0361635 0.0599614 0.0226287 0.2254745 0.0211225 0.0274930 0.0238838 0.0595519 0.0522834 0.0311525 0.0072240 0.1443345 0.0108969 0.0617425 0.0000000 0.0035544 0.0484618
  8 L   8 0.0027951 0.1444000 0.0030172 0.0015214 0.0476283 0.1421762 0.0180341 0.0000000 0.0126904 0.0238207 0.0459314 0.1631638 0.0176338 0.0440903 0.0363628 0.0203219 0.1283866 0.0338136 0.0854432 0.0287691
  9 V   9 0.3056273 0.0028180 0.0000000 0.0000000 0.1596125 0.0000000 0.0000000 0.0043813 0.0000000 0.0000000 0.0000000 0.0000000 0.0029577 0.0342836 0.0000000 0.0000000 0.0000000 0.0000000 0.1222687 0.3680509
 10 L  10 0.0000000 0.2698880 0.0000000 0.0000000 0.0018780 0.0838073 0.0433079 0.0000000 0.0068119 0.1341527 0.0120924 0.2006984 0.0120678 0.0000000 0.0000000 0.0045007 0.0690410 0.0000000 0.0000000 0.1617539
 11 A  11 0.8442397 0.0000000 0.0000000 0.0000000 0.0105432 0.0000000 0.0051261 0.0137303 0.0000000 0.0057060 0.0000000 0.0000000 0.0000000 0.0000000 0.0000000 0.0086259 0.0166219 0.0000000 0.0000000 0.0954068
 12 L  12 0.0188074 0.0350941 0.0034878 0.0000000 0.0048379 0.0235320 0.0222865 0.0000000 0.0000000 0.0832068 0.6483934 0.0556318 0.0533081 0.0000000 0.0000000 0.0025270 0.0028937 0.0000000 0.0000000 0.0459936
 13 Y  13 0.0104213 0.0000000 0.0049677 0.0000000 0.0096875 0.0000000 0.0045130 0.0000000 0.0553940 0.0020219 0.0185485 0.0000000 0.0022686 0.1584003 0.0000000 0.0000000 0.0000000 0.0113932 0.7180361 0.0043480
 14 D  14 0.0208482 0.0047739 0.0685812 0.5522020 0.0000000 0.0231543 0.0504083 0.0024024 0.0061382 0.0000000 0.0000000 0.0083045 0.0000000 0.0000000 0.1126428 0.1068946 0.0386090 0.0000000 0.0032792 0.0017614
 15 Y  15 0.0000000 0.0000000 0.0029573 0.0000000 0.0031974 0.0000000 0.0000000 0.0000000 0.0045350 0.0000000 0.0146188 0.0000000 0.0000000 0.4428369 0.0000000 0.0000000 0.0000000 0.0315279 0.5003267 0.0000000
 16 Q  16 0.0377860 0.0287541 0.0445952 0.0768540 0.0017589 0.0968009 0.2619074 0.0064302 0.0149371 0.0415985 0.0104823 0.0949985 0.0117357 0.0018895 0.0202842 0.0438013 0.1385336 0.0000000 0.0062384 0.0606142
 17 E  17 0.5462092 0.0276758 0.0000000 0.0000000 0.0000000 0.0176105 0.0179974 0.1191406 0.0000000 0.0000000 0.0000000 0.0276409 0.0000000 0.0000000 0.1582183 0.0697714 0.0115371 0.0000000 0.0000000 0.0041988
 18 K  18 0.0901552 0.1096309 0.0265205 0.0697094 0.0047048 0.2356839 0.1392106 0.0071831 0.0229559 0.0000000 0.0095147 0.0531465 0.0156281 0.0000000 0.0109752 0.0610498 0.1103746 0.0000000 0.0056895 0.0278673
 19 S  19 0.0435232 0.0284984 0.2223244 0.1128383 0.0043446 0.0831203 0.2185760 0.0369221 0.0195303 0.0022734 0.0033246 0.0535650 0.0116322 0.0000000 0.0019355 0.0748064 0.0827855 0.0000000 0.0000000 0.0000000
 20 P  20 0.0705833 0.0152617 0.0497391 0.2712596 0.0026993 0.0289268 0.2443662 0.0127720 0.0186106 0.0039696 0.0044527 0.0212364 0.0000000 0.0000000 0.1317271 0.0794959 0.0212238 0.0000000 0.0012204 0.0224555
 21 R  21 0.0033153 0.0230098 0.1117275 0.4895650 0.0000000 0.0145078 0.0630231 0.2003266 0.0000000 0.0000000 0.0041180 0.0176030 0.0051457 0.0016267 0.0000000 0.0179181 0.0304285 0.0000000 0.0049905 0.0126942
 22 E  22 0.0037020 0.0000000 0.0000000 0.1629387 0.0092453 0.0391146 0.7380498 0.0000000 0.0329740 0.0000000 0.0000000 0.0000000 0.0000000 0.0000000 0.0000000 0.0139756 0.0000000 0.0000000 0.0000000 0.0000000
 23 V  23 0.0000000 0.0000000 0.0000000 0.0000000 0.0000000 0.0000000 0.0000000 0.0000000 0.0000000 0.0807543 0.8765881 0.0000000 0.0151340 0.0000000 0.0000000 0.0000000 0.0000000 0.0000000 0.0000000 0.0275236
 24 T  24 0.0327308 0.0029208 0.0537312 0.0246121 0.0124307 0.0101455 0.0741438 0.0915291 0.0033097 0.0017618 0.0039795 0.0027663 0.0010938 0.0000000 0.0280031 0.4824728 0.1641670 0.0000000 0.0028621 0.0073398
 25 M  25 0.0000000 0.0000000 0.0000000 0.0000000 0.0000000 0.0000000 0.0000000 0.0000000 0.0000000 0.0647746 0.2146662 0.0000000 0.0206505 0.6867558 0.0000000 0.0000000 0.0000000 0.0000000 0.0000000 0.0131529
 26 K  26 0.0220619 0.1656811 0.0678576 0.0359364 0.0258169 0.0952688 0.0611122 0.0066872 0.0342290 0.0033186 0.0064932 0.2620179 0.0064981 0.0049574 0.0237729 0.0727332 0.0633079 0.0000000 0.0051372 0.0371124
 27 K  27 0.1103672 0.0562453 0.0057507 0.0021232 0.0025901 0.0362009 0.2446675 0.0000000 0.0038134 0.0037545 0.0018969 0.3232357 0.0000000 0.0000000 0.0931709 0.0299400 0.0255585 0.0000000 0.0014536 0.0592317
 28 G  28 0.0042489 0.0000000 0.0764223 0.0680993 0.0000000 0.0103746 0.0029221 0.7952593 0.0211090 0.0000000 0.0000000 0.0000000 0.0000000 0.0000000 0.0000000 0.0192959 0.0022686 0.0000000 0.0000000 0.0000000
 29 D  29 0.0612954 0.0000000 0.0081033 0.6693779 0.0062909 0.0656119 0.1655829 0.0044751 0.0000000 0.0000000 0.0000000 0.0000000 0.0021491 0.0000000 0.0000000 0.0118577 0.0052557 0.0000000 0.0000000 0.0000000
 30 I  30 0.0031013 0.0523633 0.0017508 0.0000000 0.0042937 0.0059144 0.0115268 0.0000000 0.0038345 0.4402013 0.0924829 0.0251113 0.0144181 0.0076370 0.0000000 0.0033496 0.0595379 0.0000000 0.0119215 0.2625558
 31 L  31 0.0000000 0.0000000 0.0000000 0.0000000 0.0000000 0.0000000 0.0000000 0.0000000 0.0000000 0.7307779 0.0694667 0.0000000 0.0046220 0.0119600 0.0000000 0.0000000 0.0000000 0.0000000 0.0087240 0.1744493
 32 T  32 0.0224752 0.0249200 0.0384445 0.0388736 0.0036542 0.0484657 0.1097469 0.0043060 0.0201846 0.0493076 0.0837863 0.0628257 0.0360846 0.0085103 0.0000000 0.0376018 0.2910906 0.0000000 0.0752211 0.0445013
 33 L  33 0.0027704 0.0000000 0.0655885 0.0163545 0.0043817 0.0028498 0.0302561 0.0049294 0.0112039 0.2213804 0.1338452 0.0013942 0.0029778 0.0057354 0.0000000 0.0000000 0.0052915 0.0000000 0.0000000 0.4910412
 34 L  34 0.0054400 0.0343837 0.0000000 0.0158405 0.0042876 0.0035897 0.0013148 0.0000000 0.0251438 0.2291467 0.3517878 0.0150236 0.0255531 0.0083603 0.0014195 0.0127904 0.1603479 0.0000000 0.0031183 0.1024524
 35 N  35 0.0179142 0.0736591 0.1084315 0.1296280 0.0000000 0.0567579 0.3083665 0.0241616 0.0013383 0.0023439 0.0060339 0.1556657 0.0034846 0.0022140 0.0040809 0.0780843 0.0256403 0.0000000 0.0021953 0.0000000
 36 S  36 0.0043856 0.1220899 0.0250000 0.0326847 0.0015616 0.1570340 0.0684864 0.0016131 0.0134220 0.0049780 0.0000000 0.3640483 0.0411208 0.0238174 0.0073696 0.0866623 0.0089507 0.0000000 0.0147277 0.0220482
 37 T  37 0.0177935 0.0133104 0.0662058 0.0956848 0.0262616 0.0781661 0.0662627 0.0196810 0.0085507 0.1095627 0.0477184 0.0347260 0.0113142 0.0000000 0.0277493 0.1200626 0.0786266 0.0000000 0.0000000 0.1783235
 38 N  38 0.0113333 0.0000000 0.0709482 0.5688409 0.0000000 0.0231052 0.2171342 0.0083448 0.0049804 0.0016883 0.0030947 0.0000000 0.0000000 0.0018163 0.0266899 0.0242589 0.0050433 0.0000000 0.0327216 0.0000000
 39 K  39 0.0428634 0.0152873 0.0244593 0.1855784 0.0015861 0.0340524 0.2249057 0.1482611 0.0033753 0.0012371 0.0042590 0.0609138 0.0142301 0.0000000 0.1242583 0.0890601 0.0181456 0.0000000 0.0000000 0.0075271
 40 D  40 0.0073438 0.0040511 0.1531329 0.2775946 0.0020212 0.0030394 0.1017661 0.3882477 0.0366402 0.0000000 0.0000000 0.0024277 0.0000000 0.0017386 0.0000000 0.0175477 0.0044491 0.0000000 0.0000000 0.0000000
 41 W  41 0.0000000 0.0000000 0.0000000 0.0000000 0.0224973 0.0000000 0.0000000 0.0000000 0.0000000 0.0000000 0.0000000 0.0000000 0.0068810 0.0082190 0.0000000 0.0000000 0.0000000 0.9624027 0.0000000 0.0000000
 42 W  42 0.0208573 0.0054168 0.0000000 0.0000000 0.0065077 0.0000000 0.0000000 0.0026376 0.0000000 0.0039880 0.0501272 0.0000000 0.0159263 0.0526720 0.0000000 0.0027322 0.0000000 0.6922034 0.1362646 0.0106669
 43 K  43 0.0218856 0.1413184 0.0049380 0.0246313 0.0048756 0.0400142 0.2412911 0.0125294 0.0171772 0.0161900 0.0279142 0.1912831 0.0219896 0.0385847 0.0000000 0.0246793 0.0897470 0.0086088 0.0264585 0.0458842
 44 V  44 0.0518036 0.0046511 0.0000000 0.0000000 0.0000000 0.0000000 0.0000000 0.9186500 0.0000000 0.0000000 0.0000000 0.0000000 0.0000000 0.0000000 0.0000000 0.0000000 0.0000000 0.0000000 0.0000000 0.0248953
 45 E  45 0.0049061 0.1406857 0.0066353 0.0238599 0.0083112 0.0328296 0.3506280 0.0000000 0.0093259 0.0123535 0.0193426 0.0535261 0.0305465 0.0035447 0.0000000 0.0907148 0.1373283 0.0000000 0.0047718 0.0706899
 46 V  46 0.0153278 0.0091710 0.0589783 0.0000000 0.0742613 0.0015263 0.0000000 0.0026603 0.0346324 0.1238679 0.4097648 0.0075514 0.0225467 0.0264924 0.0031033 0.0595971 0.0133825 0.0013921 0.0393211 0.0964234
 47 N  47 0.0046239 0.1865514 0.3297077 0.0623260 0.0052601 0.0341212 0.0112525 0.1211181 0.0856117 0.0000000 0.0038686 0.0830384 0.0091915 0.0013505 0.0117609 0.0138471 0.0307273 0.0000000 0.0044522 0.0011909
 48 D  48 0.0053524 0.0498263 0.0565454 0.0904126 0.0000000 0.0121398 0.0106783 0.7349362 0.0066811 0.0016811 0.0016996 0.0030170 0.0045165 0.0000000 0.0000000 0.0147498 0.0059632 0.0000000 0.0018008 0.0000000
 49 R  49 0.0123424 0.2650010 0.0200121 0.0056017 0.0064874 0.1508074 0.0338884 0.0352145 0.0410129 0.0091626 0.0269257 0.2623700 0.0097684 0.0000000 0.0036335 0.0192484 0.0336543 0.0000000 0.0031858 0.0616836
 50 Q  50 0.0115865 0.1055570 0.0106445 0.0018053 0.0099703 0.0775694 0.1068755 0.0011746 0.0085059 0.0581212 0.0084137 0.0934911 0.0117224 0.0193157 0.0000000 0.0828782 0.2583226 0.0000000 0.0155465 0.1184996
 51 G  51 0.0064036 0.0000000 0.0041069 0.0000000 0.0000000 0.0000000 0.0000000 0.9705954 0.0054182 0.0000000 0.0057707 0.0000000 0.0077052 0.0000000 0.0000000 0.0000000 0.0000000 0.0000000 0.0000000 0.0000000
 52 F  52 0.0046691 0.0000000 0.0041755 0.0000000 0.0000000 0.0114175 0.0000000 0.0000000 0.0113444 0.2015691 0.2738121 0.0030186 0.0388153 0.0688813 0.0014091 0.0049862 0.0245955 0.2367511 0.0506455 0.0639097
 53 V  53 0.0049381 0.0000000 0.0000000 0.0000000 0.0000000 0.0000000 0.0000000 0.0000000 0.0000000 0.0314406 0.0047593 0.0000000 0.0000000 0.9077860 0.0000000 0.0000000 0.0000000 0.0000000 0.0000000 0.0510759
 54 P  54 0.0000000 0.0000000 0.0000000 0.0000000 0.0000000 0.0000000 0.0000000 0.0000000 0.0000000 0.0000000 0.0000000 0.0000000 0.0000000 0.0000000 0.9913999 0.0000000 0.0000000 0.0000000 0.0000000 0.0086001
 55 A  55 0.2876850 0.0217539 0.0041614 0.0306803 0.0129028 0.0099978 0.0326203 0.0973920 0.0020461 0.0384242 0.0571296 0.0668744 0.0024623 0.0015802 0.0000000 0.2725365 0.0104653 0.0000000 0.0042333 0.0470547
 56 A  56 0.0514507 0.0026231 0.6903315 0.0025479 0.0000000 0.0000000 0.0024605 0.0000000 0.0000000 0.0019007 0.0023985 0.0348700 0.0000000 0.0000000 0.0020731 0.1562978 0.0336595 0.0000000 0.0000000 0.0193868
 57 Y  57 0.0000000 0.0029480 0.0000000 0.0000000 0.0069290 0.0000000 0.0000000 0.0000000 0.0111319 0.0000000 0.0082764 0.0000000 0.0000000 0.1779386 0.0000000 0.0048611 0.0000000 0.0000000 0.7879152 0.0000000
 58 V  58 0.0175299 0.0000000 0.0000000 0.0000000 0.0205578 0.0000000 0.0000000 0.0000000 0.0000000 0.0510338 0.0157791 0.0000000 0.0032085 0.0000000 0.0000000 0.0025344 0.0142618 0.0000000 0.0000000 0.8750946
 59 K  59 0.0412671 0.0670103 0.0055139 0.0129872 0.0024089 0.1488548 0.4076023 0.0029133 0.0030488 0.0000000 0.0027369 0.2391550 0.0039255 0.0000000 0.0000000 0.0164935 0.0420795 0.0000000 0.0000000 0.0040030
 60 K  60 0.0060218 0.0416044 0.0000000 0.0069565 0.0000000 0.0090253 0.1732753 0.0000000 0.0061460 0.0606546 0.1906493 0.1303573 0.0106976 0.0101485 0.1710307 0.0212213 0.0054285 0.0000000 0.0023510 0.1544320
 61 L  61 0.0104078 0.0029511 0.0020514 0.0033874 0.0080764 0.0070969 0.0032506 0.0000000 0.0000000 0.3280890 0.3360819 0.0234169 0.0674774 0.0021731 0.0022377 0.0000000 0.0067586 0.0000000 0.0087483 0.1877956
 62 D  62 0.0000000 0.0000000 0.1145431 0.4407646 0.0000000 0.0000000 0.4446923 0.0000000 0.0000000 0.0000000 0.0000000 0.0000000 0.0000000 0.0000000 0.0000000 0.0000000 0.0000000 0.0000000 0.0000000 0.0000000
