   50         A         R         N         D         C         Q         E         G         H         I         L         K         M         F         P         S         T         W         Y         V         X    
  1 N   1 0.0000000 0.0000000 0.5566786 0.2312574 0.0000000 0.0000000 0.0000000 0.0000000 0.0000000 0.0000000 0.0000000 0.0000000 0.0000000 0.0000000 0.0000000 0.0000000 0.0000000 0.0000000 0.0000000 0.0000000 0.2120640
  2 R   2 0.0000000 0.3276652 0.0000000 0.0000000 0.0000000 0.2965761 0.0000000 0.0491757 0.0000000 0.0000000 0.0000000 0.0000000 0.0000000 0.0000000 0.1859189 0.0000000 0.0000000 0.0190863 0.0000000 0.0000000 0.1215778
  3 L   3 0.0000000 0.0000000 0.0000000 0.0000000 0.0000000 0.0000000 0.0000000 0.0000000 0.0000000 0.7506493 0.1590120 0.0182807 0.0065994 0.0000000 0.0000000 0.0000000 0.0085660 0.0000000 0.0000000 0.0000000 0.0568925
  4 C   4 0.0000000 0.0000000 0.0000000 0.0000000 1.0000000 0.0000000 0.0000000 0.0000000 0.0000000 0.0000000 0.0000000 0.0000000 0.0000000 0.0000000 0.0000000 0.0000000 0.0000000 0.0000000 0.0000000 0.0000000 0.0000000
  5 T   5 0.0000000 0.0000000 0.0000000 0.0000000 0.0000000 0.0000000 0.0000000 0.0000000 0.0000000 0.0950401 0.0000000 0.0000000 0.0000000 0.0000000 0.0183711 0.0000000 0.8865888 0.0000000 0.0000000 0.0000000 0.0000000
  6 N   6 0.0000000 0.0000000 0.9248149 0.0000000 0.0000000 0.0000000 0.0000000 0.0000000 0.0000000 0.0000000 0.0000000 0.0000000 0.0000000 0.0000000 0.0000000 0.0000000 0.0751851 0.0000000 0.0000000 0.0000000 0.0000000
  7 C   7 0.0000000 0.0000000 0.0000000 0.0000000 0.9769248 0.0000000 0.0000000 0.0000000 0.0000000 0.0000000 0.0000000 0.0000000 0.0000000 0.0000000 0.0000000 0.0230752 0.0000000 0.0000000 0.0000000 0.0000000 0.0000000
  8 C   8 0.0000000 0.0000000 0.0000000 0.0000000 0.9664055 0.0000000 0.0000000 0.0000000 0.0000000 0.0000000 0.0000000 0.0000000 0.0000000 0.0000000 0.0000000 0.0230752 0.0000000 0.0000000 0.0105193 0.0000000 0.0000000
  9 A   9 0.7371550 0.0000000 0.0000000 0.0000000 0.0000000 0.0000000 0.0000000 0.0124404 0.0000000 0.0000000 0.0000000 0.0000000 0.0000000 0.0000000 0.0000000 0.1670244 0.0615571 0.0000000 0.0000000 0.0218231 0.0000000
 10 G  10 0.0000000 0.0000000 0.0000000 0.0000000 0.0000000 0.0000000 0.0000000 1.0000000 0.0000000 0.0000000 0.0000000 0.0000000 0.0000000 0.0000000 0.0000000 0.0000000 0.0000000 0.0000000 0.0000000 0.0000000 0.0000000
 11 R  11 0.0123589 0.1038922 0.0000000 0.0000000 0.0000000 0.0000000 0.0000000 0.0000000 0.0000000 0.0000000 0.0426750 0.1720128 0.0611400 0.0491757 0.0000000 0.0000000 0.3675066 0.0000000 0.1912388 0.0000000 0.0000000
 12 K  12 0.0000000 0.0000000 0.0000000 0.0000000 0.0000000 0.0000000 0.0000000 0.0000000 0.0000000 0.0000000 0.0000000 0.9765191 0.0234809 0.0000000 0.0000000 0.0000000 0.0000000 0.0000000 0.0000000 0.0000000 0.0000000
 13 G  13 0.0000000 0.0000000 0.0000000 0.0000000 0.0000000 0.0000000 0.0491757 0.9508243 0.0000000 0.0000000 0.0000000 0.0000000 0.0000000 0.0000000 0.0000000 0.0000000 0.0000000 0.0000000 0.0000000 0.0000000 0.0000000
 14 C  14 0.0000000 0.0000000 0.0000000 0.0000000 0.9848469 0.0000000 0.0000000 0.0000000 0.0000000 0.0000000 0.0000000 0.0000000 0.0000000 0.0000000 0.0000000 0.0000000 0.0000000 0.0000000 0.0151531 0.0000000 0.0000000
 15 N  15 0.0000000 0.0279493 0.6119260 0.0000000 0.0000000 0.0000000 0.0000000 0.0000000 0.0000000 0.0000000 0.0117539 0.2151851 0.0202325 0.0000000 0.0000000 0.0385047 0.0000000 0.0000000 0.0744486 0.0000000 0.0000000
 16 Y  16 0.0000000 0.0000000 0.0000000 0.0000000 0.0000000 0.0000000 0.0000000 0.0000000 0.0000000 0.0000000 0.0000000 0.0000000 0.0000000 0.0279493 0.0000000 0.0000000 0.0233796 0.0000000 0.9486711 0.0000000 0.0000000
 17 Y  17 0.0000000 0.0000000 0.0000000 0.0000000 0.0000000 0.0000000 0.0000000 0.0000000 0.0000000 0.0000000 0.0000000 0.0000000 0.0000000 0.7302060 0.0000000 0.0000000 0.0233796 0.0000000 0.2464144 0.0000000 0.0000000
 18 S  18 0.0000000 0.0000000 0.0583266 0.0000000 0.0000000 0.0000000 0.0000000 0.0664324 0.0000000 0.0000000 0.0000000 0.0000000 0.0000000 0.0000000 0.0000000 0.8539228 0.0000000 0.0000000 0.0213182 0.0000000 0.0000000
 19 A  19 0.6133976 0.0000000 0.0294338 0.1251512 0.0000000 0.0568925 0.0107362 0.0000000 0.0000000 0.0000000 0.0000000 0.0770141 0.0000000 0.0000000 0.0000000 0.0431779 0.0000000 0.0000000 0.0270098 0.0171869 0.0000000
 20 D  20 0.0000000 0.0000000 0.2311394 0.6979112 0.0000000 0.0000000 0.0000000 0.0000000 0.0000000 0.0094798 0.0000000 0.0156052 0.0000000 0.0458644 0.0000000 0.0000000 0.0000000 0.0000000 0.0000000 0.0000000 0.0000000
 21 G  21 0.0000000 0.0000000 0.0000000 0.0000000 0.0000000 0.0000000 0.0096676 0.9411567 0.0000000 0.0000000 0.0000000 0.0000000 0.0000000 0.0000000 0.0000000 0.0000000 0.0000000 0.0000000 0.0491757 0.0000000 0.0000000
 22 T  22 0.0446239 0.0128052 0.0062127 0.0330128 0.0000000 0.0000000 0.0568925 0.0000000 0.0000000 0.0000000 0.0000000 0.0156516 0.0000000 0.0000000 0.0000000 0.0234809 0.8073204 0.0000000 0.0000000 0.0000000 0.0000000
 23 F  23 0.0000000 0.0000000 0.0000000 0.0000000 0.0000000 0.0000000 0.0000000 0.0000000 0.0000000 0.0000000 0.0330128 0.0000000 0.0000000 0.9256816 0.0000000 0.0000000 0.0000000 0.0000000 0.0413057 0.0000000 0.0000000
 24 I  24 0.0000000 0.0000000 0.0000000 0.0000000 0.0000000 0.0000000 0.0000000 0.0000000 0.0000000 0.5819557 0.0000000 0.0000000 0.0000000 0.0151275 0.0000000 0.0000000 0.0000000 0.0000000 0.0000000 0.4029168 0.0000000
 25 C  25 0.0000000 0.0000000 0.0000000 0.0000000 1.0000000 0.0000000 0.0000000 0.0000000 0.0000000 0.0000000 0.0000000 0.0000000 0.0000000 0.0000000 0.0000000 0.0000000 0.0000000 0.0000000 0.0000000 0.0000000 0.0000000
 26 E  26 0.0000000 0.0000000 0.0000000 0.0904814 0.0000000 0.0174075 0.7539527 0.0000000 0.0000000 0.0000000 0.0000000 0.1381584 0.0000000 0.0000000 0.0000000 0.0000000 0.0000000 0.0000000 0.0000000 0.0000000 0.0000000
 27 G  27 0.0000000 0.0000000 0.0000000 0.0000000 0.0000000 0.0000000 0.0000000 1.0000000 0.0000000 0.0000000 0.0000000 0.0000000 0.0000000 0.0000000 0.0000000 0.0000000 0.0000000 0.0000000 0.0000000 0.0000000 0.0000000
 28 E  28 0.0000000 0.0000000 0.0000000 0.0000000 0.0000000 0.0675598 0.8808299 0.0000000 0.0000000 0.0000000 0.0000000 0.0000000 0.0000000 0.0000000 0.0000000 0.0302921 0.0213182 0.0000000 0.0000000 0.0000000 0.0000000
 29 S  29 0.0000000 0.0000000 0.0000000 0.0000000 0.0000000 0.0000000 0.0000000 0.0000000 0.0000000 0.0000000 0.0000000 0.0000000 0.0000000 0.0000000 0.0000000 0.9778583 0.0000000 0.0000000 0.0221417 0.0000000 0.0000000
 30 D  30 0.0000000 0.0000000 0.0107362 0.7323980 0.0000000 0.0000000 0.1967154 0.0152574 0.0165385 0.0000000 0.0000000 0.0000000 0.0000000 0.0000000 0.0000000 0.0000000 0.0000000 0.0000000 0.0000000 0.0000000 0.0283545
 31 P  31 0.0000000 0.0000000 0.0000000 0.0000000 0.0000000 0.0000000 0.0000000 0.0000000 0.0000000 0.0000000 0.0362861 0.0000000 0.0000000 0.0000000 0.6811628 0.0000000 0.0000000 0.0904814 0.0307133 0.0000000 0.1613564
 32 N  32 0.0000000 0.3747212 0.1530841 0.0000000 0.0000000 0.0000000 0.0599119 0.0000000 0.0000000 0.0332480 0.0000000 0.1816198 0.0000000 0.0000000 0.0000000 0.0000000 0.0000000 0.0000000 0.0000000 0.0509458 0.1464692
 33 N  33 0.0000000 0.0156516 0.6391622 0.0202325 0.0000000 0.0000000 0.0568925 0.0000000 0.0426750 0.0000000 0.0278384 0.0304409 0.0000000 0.0000000 0.0000000 0.0491757 0.0000000 0.0000000 0.0000000 0.0000000 0.1179311
 34 P  34 0.0000000 0.0491757 0.0202325 0.0000000 0.0000000 0.0000000 0.0153403 0.0000000 0.0000000 0.0000000 0.0000000 0.0432114 0.0000000 0.0000000 0.7541089 0.0000000 0.0000000 0.0000000 0.0000000 0.0000000 0.1179311
 35 K  35 0.0000000 0.0000000 0.0744082 0.0000000 0.0000000 0.0000000 0.0000000 0.0000000 0.0000000 0.0000000 0.0000000 0.7769473 0.0000000 0.0000000 0.0000000 0.0000000 0.0000000 0.0000000 0.0000000 0.0000000 0.1486445
 36 A  36 0.5468974 0.0095399 0.0000000 0.0581242 0.0000000 0.0000000 0.0000000 0.0514261 0.0000000 0.0213182 0.0000000 0.0000000 0.0000000 0.0209249 0.0771484 0.0285380 0.0119995 0.0000000 0.0000000 0.0254389 0.1486445
 37 C  37 0.0000000 0.0000000 0.0000000 0.0000000 0.8513555 0.0000000 0.0000000 0.0000000 0.0000000 0.0000000 0.0000000 0.0000000 0.0000000 0.0000000 0.0000000 0.0000000 0.0000000 0.0000000 0.0000000 0.0000000 0.1486445
 38 P  38 0.0000000 0.0000000 0.0000000 0.0000000 0.0000000 0.0000000 0.0000000 0.0000000 0.0000000 0.0000000 0.0000000 0.0000000 0.0000000 0.0000000 0.6214002 0.0491757 0.1807797 0.0000000 0.0000000 0.0000000 0.1486445
 39 R  39 0.0000000 0.4120975 0.0000000 0.0000000 0.0000000 0.0268585 0.0000000 0.0000000 0.0000000 0.0061355 0.1396521 0.1521200 0.0000000 0.0495082 0.0151275 0.0213182 0.0285380 0.0000000 0.0000000 0.0000000 0.1486445
 40 N  40 0.0000000 0.0000000 0.6040319 0.0000000 0.0000000 0.0000000 0.1785451 0.0000000 0.0000000 0.0000000 0.0000000 0.0000000 0.0000000 0.0182925 0.0000000 0.0000000 0.0000000 0.0000000 0.0504860 0.0000000 0.1486445
 41 C  41 0.0000000 0.0000000 0.0000000 0.0000000 0.8513555 0.0000000 0.0000000 0.0000000 0.0000000 0.0000000 0.0000000 0.0000000 0.0000000 0.0000000 0.0000000 0.0000000 0.0000000 0.0000000 0.0000000 0.0000000 0.1486445
 42 D  42 0.0000000 0.0000000 0.0000000 0.8513555 0.0000000 0.0000000 0.0000000 0.0000000 0.0000000 0.0000000 0.0000000 0.0000000 0.0000000 0.0000000 0.0000000 0.0000000 0.0000000 0.0000000 0.0000000 0.0000000 0.1486445
 43 P  43 0.0000000 0.0491757 0.0000000 0.0000000 0.0000000 0.0000000 0.0088699 0.1823412 0.0000000 0.0000000 0.0000000 0.0000000 0.0000000 0.0000000 0.4778656 0.0151275 0.1179756 0.0000000 0.0000000 0.0000000 0.1486445
 44 N  44 0.0000000 0.6244922 0.1221481 0.0302921 0.0000000 0.0369235 0.0000000 0.0000000 0.0374996 0.0000000 0.0000000 0.0000000 0.0000000 0.0000000 0.0000000 0.0000000 0.0000000 0.0000000 0.0000000 0.0000000 0.1486445
 45 I  45 0.0000000 0.0000000 0.0000000 0.0000000 0.0000000 0.0000000 0.0000000 0.0000000 0.0000000 0.7760919 0.0000000 0.0000000 0.0000000 0.0000000 0.0000000 0.0000000 0.0000000 0.0000000 0.0183711 0.0568925 0.1486445
 46 A  46 0.5970456 0.0000000 0.0095399 0.1430272 0.0183711 0.0000000 0.0491757 0.0000000 0.0000000 0.0000000 0.0000000 0.0000000 0.0000000 0.0183989 0.0000000 0.0157971 0.0000000 0.0000000 0.0000000 0.0000000 0.1486445
 47 Y  47 0.0000000 0.0000000 0.0000000 0.0082640 0.0000000 0.0000000 0.0000000 0.0000000 0.0000000 0.0571015 0.0000000 0.0000000 0.0000000 0.0505685 0.0000000 0.0123589 0.0362027 0.0000000 0.6868599 0.0000000 0.1486445
 48 S  48 0.0233796 0.0944865 0.0000000 0.0000000 0.0000000 0.0000000 0.0325642 0.3811019 0.0000000 0.0285380 0.0000000 0.0070367 0.0283545 0.0000000 0.0000000 0.2375231 0.0000000 0.0000000 0.0000000 0.0000000 0.1670156
 49 L  49 0.0120751 0.0458644 0.0000000 0.0000000 0.0000000 0.0000000 0.0000000 0.0000000 0.0000000 0.3353696 0.0507663 0.1408924 0.0000000 0.0151531 0.0000000 0.0285380 0.0283545 0.0000000 0.0000000 0.1525914 0.1903952
 50 C  50 0.0000000 0.0000000 0.0000000 0.0000000 0.8001250 0.0000000 0.0000000 0.0000000 0.0000000 0.0000000 0.0000000 0.0000000 0.0000000 0.0000000 0.0000000 0.0000000 0.0000000 0.0000000 0.0000000 0.0000000 0.1998750
