   50         A         R         N         D         C         Q         E         G         H         I         L         K         M         F         P         S         T         W         Y         V    
  1 N   1 0.0000000 0.0000000 0.6747652 0.3252348 0.0000000 0.0000000 0.0000000 0.0000000 0.0000000 0.0000000 0.0000000 0.0000000 0.0000000 0.0000000 0.0000000 0.0000000 0.0000000 0.0000000 0.0000000 0.0000000
  2 R   2 0.0000000 0.3747204 0.0000000 0.0000000 0.0000000 0.3118670 0.0000000 0.0614604 0.0000000 0.0000000 0.0000000 0.0000000 0.0000000 0.0000000 0.2266515 0.0000000 0.0000000 0.0253007 0.0000000 0.0000000
  3 L   3 0.0000000 0.0000000 0.0000000 0.0000000 0.0000000 0.0000000 0.0000000 0.0000000 0.0000000 0.8190579 0.1479958 0.0141342 0.0082590 0.0000000 0.0000000 0.0000000 0.0105531 0.0000000 0.0000000 0.0000000
  4 C   4 0.0000000 0.0000000 0.0000000 0.0000000 1.0000000 0.0000000 0.0000000 0.0000000 0.0000000 0.0000000 0.0000000 0.0000000 0.0000000 0.0000000 0.0000000 0.0000000 0.0000000 0.0000000 0.0000000 0.0000000
  5 T   5 0.0000000 0.0000000 0.0000000 0.0000000 0.0000000 0.0000000 0.0000000 0.0000000 0.0000000 0.1040248 0.0000000 0.0000000 0.0000000 0.0000000 0.0200981 0.0000000 0.8758770 0.0000000 0.0000000 0.0000000
  6 N   6 0.0000000 0.0000000 0.9264588 0.0000000 0.0000000 0.0000000 0.0000000 0.0000000 0.0000000 0.0000000 0.0000000 0.0000000 0.0000000 0.0000000 0.0000000 0.0000000 0.0735412 0.0000000 0.0000000 0.0000000
  7 C   7 0.0000000 0.0000000 0.0000000 0.0000000 0.9766272 0.0000000 0.0000000 0.0000000 0.0000000 0.0000000 0.0000000 0.0000000 0.0000000 0.0000000 0.0000000 0.0233728 0.0000000 0.0000000 0.0000000 0.0000000
  8 C   8 0.0000000 0.0000000 0.0000000 0.0000000 0.9655597 0.0000000 0.0000000 0.0000000 0.0000000 0.0000000 0.0000000 0.0000000 0.0000000 0.0000000 0.0000000 0.0233728 0.0000000 0.0000000 0.0110675 0.0000000
  9 A   9 0.7280268 0.0000000 0.0000000 0.0000000 0.0000000 0.0000000 0.0000000 0.0063322 0.0000000 0.0000000 0.0000000 0.0000000 0.0000000 0.0000000 0.0000000 0.1839668 0.0577373 0.0000000 0.0000000 0.0239370
 10 G  10 0.0000000 0.0000000 0.0000000 0.0000000 0.0000000 0.0000000 0.0000000 1.0000000 0.0000000 0.0000000 0.0000000 0.0000000 0.0000000 0.0000000 0.0000000 0.0000000 0.0000000 0.0000000 0.0000000 0.0000000
 11 R  11 0.0134858 0.1161474 0.0000000 0.0000000 0.0000000 0.0000000 0.0000000 0.0000000 0.0000000 0.0000000 0.0438656 0.1422758 0.0579444 0.0546198 0.0000000 0.0000000 0.3708394 0.0000000 0.2008218 0.0000000
 12 K  12 0.0000000 0.0000000 0.0000000 0.0000000 0.0000000 0.0000000 0.0000000 0.0000000 0.0000000 0.0000000 0.0000000 0.9746703 0.0253297 0.0000000 0.0000000 0.0000000 0.0000000 0.0000000 0.0000000 0.0000000
 13 G  13 0.0000000 0.0000000 0.0000000 0.0000000 0.0000000 0.0000000 0.0546198 0.9453802 0.0000000 0.0000000 0.0000000 0.0000000 0.0000000 0.0000000 0.0000000 0.0000000 0.0000000 0.0000000 0.0000000 0.0000000
 14 C  14 0.0000000 0.0000000 0.0000000 0.0000000 0.9840666 0.0000000 0.0000000 0.0000000 0.0000000 0.0000000 0.0000000 0.0000000 0.0000000 0.0000000 0.0000000 0.0000000 0.0000000 0.0000000 0.0159334 0.0000000
 15 N  15 0.0000000 0.0306945 0.5975686 0.0000000 0.0000000 0.0000000 0.0000000 0.0000000 0.0000000 0.0000000 0.0056456 0.2276463 0.0230964 0.0000000 0.0000000 0.0438817 0.0000000 0.0000000 0.0714670 0.0000000
 16 Y  16 0.0000000 0.0000000 0.0000000 0.0000000 0.0000000 0.0000000 0.0000000 0.0000000 0.0000000 0.0000000 0.0000000 0.0000000 0.0000000 0.0306945 0.0000000 0.0000000 0.0227783 0.0000000 0.9465272 0.0000000
 17 Y  17 0.0000000 0.0000000 0.0000000 0.0000000 0.0000000 0.0000000 0.0000000 0.0000000 0.0000000 0.0000000 0.0000000 0.0000000 0.0000000 0.7067119 0.0000000 0.0000000 0.0227783 0.0000000 0.2705098 0.0000000
 18 S  18 0.0000000 0.0000000 0.0612409 0.0000000 0.0000000 0.0000000 0.0000000 0.0632530 0.0000000 0.0000000 0.0000000 0.0000000 0.0000000 0.0000000 0.0000000 0.8520731 0.0000000 0.0000000 0.0234330 0.0000000
 19 A  19 0.6130211 0.0000000 0.0258817 0.1368338 0.0000000 0.0524615 0.0117084 0.0000000 0.0000000 0.0000000 0.0000000 0.0837666 0.0000000 0.0000000 0.0000000 0.0266459 0.0000000 0.0000000 0.0308578 0.0188233
 20 D  20 0.0000000 0.0000000 0.1807022 0.7438514 0.0000000 0.0000000 0.0000000 0.0000000 0.0000000 0.0097528 0.0000000 0.0162886 0.0000000 0.0494050 0.0000000 0.0000000 0.0000000 0.0000000 0.0000000 0.0000000
 21 G  21 0.0000000 0.0000000 0.0000000 0.0000000 0.0000000 0.0000000 0.0102383 0.9351419 0.0000000 0.0000000 0.0000000 0.0000000 0.0000000 0.0000000 0.0000000 0.0000000 0.0000000 0.0000000 0.0546198 0.0000000
 22 T  22 0.0467650 0.0138759 0.0068240 0.0344423 0.0000000 0.0000000 0.0524615 0.0000000 0.0000000 0.0000000 0.0000000 0.0173754 0.0000000 0.0000000 0.0000000 0.0253297 0.8029263 0.0000000 0.0000000 0.0000000
 23 F  23 0.0000000 0.0000000 0.0000000 0.0000000 0.0000000 0.0000000 0.0000000 0.0000000 0.0000000 0.0000000 0.0344423 0.0000000 0.0000000 0.9294962 0.0000000 0.0000000 0.0000000 0.0000000 0.0360615 0.0000000
 24 I  24 0.0000000 0.0000000 0.0000000 0.0000000 0.0000000 0.0000000 0.0000000 0.0000000 0.0000000 0.5368652 0.0000000 0.0000000 0.0000000 0.0163671 0.0000000 0.0000000 0.0000000 0.0000000 0.0000000 0.4467676
 25 C  25 0.0000000 0.0000000 0.0000000 0.0000000 1.0000000 0.0000000 0.0000000 0.0000000 0.0000000 0.0000000 0.0000000 0.0000000 0.0000000 0.0000000 0.0000000 0.0000000 0.0000000 0.0000000 0.0000000 0.0000000
 26 E  26 0.0000000 0.0000000 0.0000000 0.0906813 0.0000000 0.0181538 0.7364097 0.0000000 0.0000000 0.0000000 0.0000000 0.1547553 0.0000000 0.0000000 0.0000000 0.0000000 0.0000000 0.0000000 0.0000000 0.0000000
 27 G  27 0.0000000 0.0000000 0.0000000 0.0000000 0.0000000 0.0000000 0.0000000 1.0000000 0.0000000 0.0000000 0.0000000 0.0000000 0.0000000 0.0000000 0.0000000 0.0000000 0.0000000 0.0000000 0.0000000 0.0000000
 28 E  28 0.0000000 0.0000000 0.0000000 0.0000000 0.0000000 0.0724270 0.8691508 0.0000000 0.0000000 0.0000000 0.0000000 0.0000000 0.0000000 0.0000000 0.0000000 0.0349893 0.0234330 0.0000000 0.0000000 0.0000000
 29 S  29 0.0000000 0.0000000 0.0000000 0.0000000 0.0000000 0.0000000 0.0000000 0.0000000 0.0000000 0.0000000 0.0000000 0.0000000 0.0000000 0.0000000 0.0000000 0.9756534 0.0000000 0.0000000 0.0243466 0.0000000
 30 D  30 0.0000000 0.0000000 0.0120013 0.8342592 0.0000000 0.0000000 0.1168404 0.0185014 0.0183977 0.0000000 0.0000000 0.0000000 0.0000000 0.0000000 0.0000000 0.0000000 0.0000000 0.0000000 0.0000000 0.0000000
 31 P  31 0.0000000 0.0000000 0.0000000 0.0000000 0.0000000 0.0000000 0.0000000 0.0000000 0.0000000 0.0000000 0.0430920 0.0000000 0.0000000 0.0000000 0.8384405 0.0000000 0.0000000 0.0996706 0.0187968 0.0000000
 32 N  32 0.0000000 0.4586485 0.1783718 0.0000000 0.0000000 0.0000000 0.0715282 0.0000000 0.0000000 0.0325037 0.0000000 0.2155984 0.0000000 0.0000000 0.0000000 0.0000000 0.0000000 0.0000000 0.0000000 0.0433494
 33 N  33 0.0000000 0.0181873 0.7369230 0.0241757 0.0000000 0.0000000 0.0549130 0.0000000 0.0459154 0.0000000 0.0305088 0.0322046 0.0000000 0.0000000 0.0000000 0.0571722 0.0000000 0.0000000 0.0000000 0.0000000
 34 P  34 0.0000000 0.0571722 0.0241757 0.0000000 0.0000000 0.0000000 0.0170215 0.0000000 0.0000000 0.0000000 0.0000000 0.0313879 0.0000000 0.0000000 0.8702426 0.0000000 0.0000000 0.0000000 0.0000000 0.0000000
 35 K  35 0.0000000 0.0000000 0.0893764 0.0000000 0.0000000 0.0000000 0.0000000 0.0000000 0.0000000 0.0000000 0.0000000 0.9106236 0.0000000 0.0000000 0.0000000 0.0000000 0.0000000 0.0000000 0.0000000 0.0000000
 36 A  36 0.6486915 0.0115017 0.0000000 0.0663310 0.0000000 0.0000000 0.0000000 0.0547324 0.0000000 0.0249751 0.0000000 0.0000000 0.0000000 0.0250309 0.0929541 0.0299009 0.0148249 0.0000000 0.0000000 0.0310576
 37 C  37 0.0000000 0.0000000 0.0000000 0.0000000 1.0000000 0.0000000 0.0000000 0.0000000 0.0000000 0.0000000 0.0000000 0.0000000 0.0000000 0.0000000 0.0000000 0.0000000 0.0000000 0.0000000 0.0000000 0.0000000
 38 P  38 0.0000000 0.0000000 0.0000000 0.0000000 0.0000000 0.0000000 0.0000000 0.0000000 0.0000000 0.0000000 0.0000000 0.0000000 0.0000000 0.0000000 0.7394660 0.0582143 0.2023197 0.0000000 0.0000000 0.0000000
 39 R  39 0.0000000 0.4989126 0.0000000 0.0000000 0.0000000 0.0331245 0.0000000 0.0000000 0.0000000 0.0075250 0.1622858 0.1670936 0.0000000 0.0587382 0.0174442 0.0249751 0.0299009 0.0000000 0.0000000 0.0000000
 40 N  40 0.0000000 0.0000000 0.7183950 0.0000000 0.0000000 0.0000000 0.1983278 0.0000000 0.0000000 0.0000000 0.0000000 0.0000000 0.0000000 0.0224670 0.0000000 0.0000000 0.0000000 0.0000000 0.0608102 0.0000000
 41 C  41 0.0000000 0.0000000 0.0000000 0.0000000 1.0000000 0.0000000 0.0000000 0.0000000 0.0000000 0.0000000 0.0000000 0.0000000 0.0000000 0.0000000 0.0000000 0.0000000 0.0000000 0.0000000 0.0000000 0.0000000
 42 D  42 0.0000000 0.0000000 0.0000000 1.0000000 0.0000000 0.0000000 0.0000000 0.0000000 0.0000000 0.0000000 0.0000000 0.0000000 0.0000000 0.0000000 0.0000000 0.0000000 0.0000000 0.0000000 0.0000000 0.0000000
 43 P  43 0.0000000 0.0582143 0.0000000 0.0000000 0.0000000 0.0000000 0.0111619 0.2232798 0.0000000 0.0000000 0.0000000 0.0000000 0.0000000 0.0000000 0.5541783 0.0174442 0.1357215 0.0000000 0.0000000 0.0000000
 44 N  44 0.0000000 0.7393873 0.1394585 0.0372919 0.0000000 0.0423356 0.0000000 0.0000000 0.0415268 0.0000000 0.0000000 0.0000000 0.0000000 0.0000000 0.0000000 0.0000000 0.0000000 0.0000000 0.0000000 0.0000000
 45 I  45 0.0000000 0.0000000 0.0000000 0.0000000 0.0000000 0.0000000 0.0000000 0.0000000 0.0000000 0.9226653 0.0000000 0.0000000 0.0000000 0.0000000 0.0000000 0.0000000 0.0000000 0.0000000 0.0214208 0.0559139
 46 A  46 0.7000865 0.0000000 0.0115017 0.1678323 0.0214208 0.0000000 0.0582143 0.0000000 0.0000000 0.0000000 0.0000000 0.0000000 0.0000000 0.0218089 0.0000000 0.0191355 0.0000000 0.0000000 0.0000000 0.0000000
 47 Y  47 0.0000000 0.0000000 0.0000000 0.0103246 0.0000000 0.0000000 0.0000000 0.0000000 0.0000000 0.0674899 0.0000000 0.0000000 0.0000000 0.0589757 0.0000000 0.0143733 0.0389665 0.0000000 0.8098699 0.0000000
 48 S  48 0.0248088 0.1150345 0.0000000 0.0000000 0.0000000 0.0000000 0.0409819 0.4700361 0.0000000 0.0305554 0.0000000 0.0086456 0.0265824 0.0000000 0.0000000 0.2833553 0.0000000 0.0000000 0.0000000 0.0000000
 49 L  49 0.0155508 0.0551778 0.0000000 0.0000000 0.0000000 0.0000000 0.0000000 0.0000000 0.0000000 0.4240559 0.0595103 0.1758757 0.0000000 0.0177952 0.0000000 0.0313328 0.0272587 0.0000000 0.0000000 0.1934429
 50 C  50 0.0000000 0.0000000 0.0000000 0.0000000 1.0000000 0.0000000 0.0000000 0.0000000 0.0000000 0.0000000 0.0000000 0.0000000 0.0000000 0.0000000 0.0000000 0.0000000 0.0000000 0.0000000 0.0000000 0.0000000
