  180         A         R         N         D         C         Q         E         G         H         I         L         K         M         F         P         S         T         W         Y         V         X    
  1 M   1 0.0000000 0.0000000 0.0000000 0.0000000 0.0000000 0.0000000 0.0000000 0.0000000 0.0000000 0.0086192 0.0106877 0.0000000 0.0410655 0.0000000 0.0000000 0.0000000 0.0000000 0.0000000 0.0000000 0.0043445 0.9352830
  2 A   2 0.0853943 0.0000000 0.0000000 0.0000000 0.0000000 0.0000000 0.0000000 0.0000000 0.0056837 0.0000000 0.0000000 0.0000000 0.0000000 0.0000000 0.0000000 0.1807881 0.0000000 0.0000000 0.0000000 0.0000000 0.7281339
  3 H   3 0.0039618 0.0048123 0.0845276 0.0124915 0.0000000 0.0034404 0.0733184 0.0000000 0.0121696 0.0175196 0.0121373 0.0060582 0.0084361 0.0016217 0.0045497 0.0158331 0.0140849 0.0000000 0.0047455 0.0186120 0.7016803
  4 H   4 0.2485470 0.0000000 0.0032229 0.0034404 0.0000000 0.0061814 0.0000000 0.0150204 0.0062182 0.0131388 0.0033560 0.0056837 0.0083176 0.0009700 0.0000000 0.0350561 0.0030396 0.0000000 0.0018125 0.0111709 0.6348245
  5 H   5 0.0096892 0.0000000 0.0000000 0.0000000 0.0000000 0.0039893 0.0000000 0.0000000 0.0105370 0.0024312 0.0294898 0.0000000 0.0183144 0.0112976 0.0000000 0.0117875 0.0028989 0.0000000 0.3151336 0.0057819 0.5786497
  6 H   6 0.0216156 0.0000000 0.0128546 0.0000000 0.0000000 0.0132780 0.0030602 0.0000000 0.0186072 0.0000000 0.0000000 0.0253541 0.0000000 0.0033966 0.0527597 0.2995510 0.0087914 0.0000000 0.0057135 0.0039655 0.5310525
  7 H   7 0.0454771 0.0015172 0.0276830 0.0038346 0.0000000 0.0284474 0.0229750 0.0058083 0.0221673 0.0067554 0.0039655 0.0000000 0.0000000 0.0000000 0.0000000 0.2805182 0.0403512 0.0000000 0.0000000 0.0354071 0.4750927
  8 H   8 0.0198159 0.0000000 0.0124315 0.0044473 0.0000000 0.0000000 0.0000000 0.0038412 0.0038350 0.0050818 0.0150654 0.0039893 0.0026956 0.0129430 0.3714783 0.0260267 0.0085457 0.0000000 0.0614737 0.0210802 0.4272492
  9 S   9 0.0342119 0.0168618 0.0535196 0.0048971 0.0000000 0.0267662 0.0000000 0.0140055 0.0044473 0.0154568 0.0059551 0.0126000 0.0039314 0.0041529 0.0591985 0.2825034 0.0414444 0.0069875 0.0045497 0.0084188 0.4000921
 10 A  10 0.0662703 0.0000000 0.0000000 0.0076423 0.0000000 0.0224917 0.0058670 0.0181178 0.0030695 0.2086486 0.0554401 0.0000000 0.0062218 0.0000000 0.0000000 0.0475664 0.0437653 0.0000000 0.0217683 0.1260559 0.3670749
 11 A  11 0.0841031 0.0038248 0.0065135 0.0072824 0.0000000 0.0076457 0.0093562 0.0027437 0.0096638 0.1053045 0.0370461 0.0000000 0.0395138 0.0075803 0.0000000 0.0381274 0.0344197 0.0162828 0.0000000 0.2375338 0.3530582
 12 L  12 0.0117933 0.0000000 0.0212398 0.0109598 0.0000000 0.0170825 0.0090241 0.0195206 0.0036920 0.0643653 0.2425225 0.0026519 0.0645519 0.0569555 0.0036941 0.0070222 0.0277126 0.0069254 0.0285626 0.0690967 0.3326272
 13 E  13 0.1779044 0.0185454 0.0530924 0.0105423 0.0000000 0.0610105 0.0734369 0.0056003 0.0096201 0.0054631 0.0045289 0.0325911 0.0074460 0.0057881 0.0276890 0.0784671 0.0713594 0.0044473 0.0437857 0.0284384 0.2802433
 14 V  14 0.1403069 0.0061527 0.0134113 0.0045248 0.0057799 0.0251950 0.0047777 0.0759547 0.0000000 0.0076501 0.0151565 0.0000000 0.0165702 0.0125097 0.0086293 0.2063382 0.0836256 0.0036941 0.0136435 0.1015221 0.2545578
 15 L  15 0.0844435 0.1382272 0.0208558 0.0092939 0.0018876 0.0378082 0.0051061 0.0806796 0.0116753 0.0092302 0.0411393 0.0277358 0.0222673 0.0385407 0.0078184 0.1098509 0.0536071 0.0000000 0.0380785 0.0179980 0.2437565
 16 F  16 0.0204131 0.0439493 0.1333492 0.0422668 0.0000000 0.0360147 0.0075040 0.0582190 0.0032229 0.0059028 0.0045584 0.0599041 0.0239383 0.0126403 0.0010292 0.1471760 0.1011856 0.0000000 0.0439720 0.0270510 0.2277034
 17 Q  17 0.0674795 0.0192443 0.0305895 0.0094258 0.0000000 0.0333749 0.0223780 0.2187272 0.0307342 0.0236132 0.0118503 0.0060743 0.0142948 0.0000000 0.0846898 0.0727259 0.0694238 0.0000000 0.0217115 0.0404982 0.2231650
 18 G  18 0.0514696 0.0415725 0.0394494 0.0726398 0.0000000 0.0316859 0.0482028 0.1542607 0.0138752 0.0069875 0.0077261 0.0442849 0.0051373 0.0051011 0.0237388 0.0952905 0.0656949 0.0000000 0.0519878 0.0442314 0.1966639
 19 P  19 0.0080006 0.1295862 0.0119910 0.0356936 0.0000000 0.0309459 0.0275152 0.1953918 0.0000000 0.0000000 0.0078410 0.0090401 0.0000000 0.0000000 0.2936870 0.0439904 0.0205685 0.0000000 0.0000000 0.0082417 0.1775072
 20 E  20 0.0428729 0.0084780 0.0182821 0.0324115 0.0000000 0.0093361 0.0295829 0.1663244 0.0450028 0.0977700 0.0393114 0.0148003 0.0016030 0.0439001 0.0027655 0.0785949 0.0456976 0.0000000 0.0488003 0.1091957 0.1652704
 21 M  21 0.0124576 0.0000000 0.0059016 0.0000000 0.0000000 0.0038271 0.0309966 0.0163131 0.0000000 0.2769668 0.0607534 0.0000000 0.0950261 0.0340955 0.1172668 0.0426451 0.0247395 0.0000000 0.0353172 0.1016174 0.1420761
 22 T  22 0.0183962 0.0084918 0.2077559 0.0346454 0.0000000 0.0087460 0.0194744 0.0060134 0.0026076 0.0856384 0.0450794 0.0246138 0.0121442 0.0813003 0.0209065 0.0900664 0.0810984 0.0000000 0.0153710 0.0921267 0.1455243
 23 M  23 0.0229679 0.0054588 0.0352499 0.3779446 0.0000000 0.0370813 0.0791006 0.0475853 0.0053397 0.0056283 0.0187458 0.0390030 0.0149122 0.0000000 0.0403910 0.0555207 0.0328119 0.0095615 0.0342454 0.0081846 0.1302676
 24 D  24 0.0481709 0.0151789 0.0157941 0.5049537 0.0000000 0.0315202 0.0387973 0.0742855 0.0143903 0.0076239 0.0098900 0.0131273 0.0000000 0.0000000 0.0323501 0.0334741 0.0058573 0.0000000 0.0094804 0.0126097 0.1324962
 25 W  25 0.0055048 0.0000000 0.0000000 0.0000000 0.0000000 0.0068878 0.0095265 0.0000000 0.0148420 0.0154364 0.0138759 0.0000000 0.0199390 0.1758272 0.0000000 0.0000000 0.0000000 0.4805402 0.1318480 0.0111768 0.1145955
 26 K  26 0.0206087 0.2842120 0.0222893 0.0354997 0.0000000 0.0200799 0.1057119 0.0086061 0.0000000 0.0704651 0.0600117 0.0440198 0.0268718 0.0000000 0.0055658 0.0154647 0.0145266 0.0161886 0.0974102 0.0693359 0.0831323
 27 E  27 0.0317165 0.0278127 0.0303416 0.1814441 0.0000000 0.0770324 0.4114065 0.0191469 0.0021102 0.0000000 0.0026669 0.0496075 0.0046390 0.0020389 0.0165375 0.0489815 0.0123092 0.0000000 0.0035139 0.0176091 0.0610855
 28 A  28 0.5411383 0.0000000 0.0039581 0.0070016 0.0000000 0.0000000 0.0000000 0.0512525 0.0000000 0.0038455 0.0097865 0.0000000 0.0152580 0.0046390 0.0053499 0.2131658 0.0773514 0.0000000 0.0000000 0.0080731 0.0591803
 29 L  29 0.0220232 0.0000000 0.0210326 0.0000000 0.0272270 0.0000000 0.0000000 0.0072471 0.0000000 0.0036920 0.3796997 0.0000000 0.0797428 0.0457959 0.0000000 0.0064274 0.0113742 0.0069875 0.3101972 0.0124337 0.0661198
 30 N  30 0.0571617 0.0367224 0.0386187 0.0715530 0.0000000 0.0835342 0.1601700 0.0034806 0.0151245 0.0202805 0.0875624 0.0675637 0.0413453 0.0254285 0.0000000 0.0258502 0.0428928 0.0185679 0.1220121 0.0160118 0.0661198
 31 W  31 0.0078165 0.0040834 0.0000000 0.0000000 0.0000000 0.0000000 0.0041119 0.0000000 0.0032129 0.0000000 0.0047058 0.0000000 0.0000000 0.0231972 0.0000000 0.0000000 0.0072016 0.8025493 0.0770016 0.0000000 0.0661198
 32 M  32 0.0000000 0.0000000 0.0000000 0.0094789 0.0000000 0.0039581 0.0000000 0.0000000 0.0000000 0.1739063 0.5449918 0.0000000 0.1538202 0.0034794 0.0000000 0.0000000 0.0038802 0.0000000 0.0051821 0.0385687 0.0627342
 33 K  33 0.0583075 0.3800082 0.0675511 0.0069812 0.0000000 0.0609871 0.0283848 0.0321386 0.0000000 0.0000000 0.0000000 0.2078617 0.0000000 0.0000000 0.0094789 0.0677769 0.0059666 0.0118234 0.0000000 0.0000000 0.0627342
 34 E  34 0.0282105 0.0067648 0.1468816 0.0866941 0.0000000 0.1263635 0.2136709 0.0233010 0.0491484 0.0070016 0.0009376 0.0291889 0.0395707 0.0000000 0.0000000 0.0534040 0.0790430 0.0000000 0.0331743 0.0053226 0.0713224
 35 N  35 0.0032129 0.0242883 0.6769799 0.0104034 0.0000000 0.0275627 0.0379636 0.0026339 0.0634333 0.0040834 0.0000000 0.0135276 0.0000000 0.0094789 0.0000000 0.0329856 0.0069698 0.0000000 0.0021745 0.0055370 0.0787652
 36 L  36 0.0062874 0.0000000 0.0000000 0.0173007 0.0000000 0.0000000 0.0000000 0.0000000 0.0000000 0.0000000 0.0332182 0.0000000 0.0000000 0.0000000 0.0000000 0.0866928 0.7612007 0.0000000 0.0000000 0.0073711 0.0879292
 37 E  37 0.0024476 0.0000000 0.0719819 0.0672615 0.0000000 0.0000000 0.0380351 0.0081166 0.0191419 0.0000000 0.0000000 0.0000000 0.0000000 0.0000000 0.5691114 0.0262230 0.0000000 0.0000000 0.0000000 0.0000000 0.1976811
 38 A  38 0.0876871 0.0194106 0.0207794 0.1172900 0.0000000 0.0421339 0.2441027 0.0208435 0.0029543 0.0076699 0.0041286 0.0745548 0.0000000 0.0000000 0.0485578 0.0473942 0.0000000 0.0000000 0.0109385 0.0281926 0.2233621
 39 Q  39 0.0145067 0.0010393 0.1246846 0.0452904 0.0000000 0.0177234 0.0096248 0.0201238 0.0024269 0.0000000 0.0385909 0.0102098 0.0272590 0.0000000 0.1147684 0.0053499 0.1138386 0.0000000 0.0253622 0.0158489 0.4133527
 40 D  40 0.0370797 0.0000000 0.0187464 0.2077029 0.0000000 0.0067851 0.0493610 0.0403246 0.0000000 0.0000000 0.0077999 0.0027941 0.0000000 0.0000000 0.0024827 0.1313307 0.0076580 0.0000000 0.0000000 0.0038858 0.4840494
 41 Y  41 0.0079022 0.0153708 0.0075988 0.0089727 0.0000000 0.0000000 0.0000000 0.0067851 0.0000000 0.0446850 0.0338881 0.0091087 0.0086755 0.0439130 0.0262806 0.0240686 0.0188916 0.0094789 0.1477015 0.0059285 0.5807504
 42 L  42 0.0404498 0.0000000 0.0335066 0.0066314 0.0000000 0.0055048 0.0029985 0.0000000 0.0040834 0.0094789 0.0307962 0.0041286 0.0000000 0.0419052 0.0071823 0.0058335 0.0189735 0.0191617 0.1283228 0.0162371 0.6248056
 43 K  43 0.0291957 0.0185223 0.0103836 0.0280202 0.0024827 0.0034277 0.0266404 0.0903043 0.0069394 0.0075840 0.0051946 0.0244513 0.0000000 0.0099627 0.0227645 0.0282589 0.0289560 0.0047114 0.0223302 0.0077867 0.6220833
 44 A  44 0.0192598 0.0075908 0.0116761 0.0185308 0.0000000 0.0144015 0.0035120 0.0105319 0.0033855 0.0457573 0.0144513 0.0091200 0.0000000 0.0000000 0.0576908 0.0514050 0.0566698 0.0000000 0.0047114 0.0426336 0.6286723
 45 Y  45 0.0350390 0.0144667 0.0248497 0.0104543 0.0000000 0.0037798 0.0051208 0.0104519 0.0104514 0.0033855 0.0027941 0.0131806 0.0000000 0.0063026 0.0112686 0.0257614 0.0032114 0.0000000 0.1898623 0.0032052 0.6264146
 46 E  46 0.0167609 0.0060303 0.0101694 0.0566084 0.0000000 0.0179202 0.1161778 0.0273049 0.0034277 0.0037843 0.0212112 0.0032548 0.0000000 0.0000000 0.0482563 0.0225019 0.0285959 0.0000000 0.0000000 0.0088391 0.6091569
 47 K  47 0.0651310 0.0914769 0.0086279 0.0088517 0.0038950 0.0167533 0.0110870 0.0022243 0.0225748 0.0090288 0.0077999 0.0914663 0.0000000 0.0085487 0.0430649 0.0586390 0.0148315 0.0000000 0.0244602 0.0162625 0.4952764
 48 P  48 0.0235774 0.0091813 0.0287167 0.0268346 0.0000000 0.0082336 0.0572617 0.0115560 0.0066154 0.0000000 0.0000000 0.0080154 0.0024827 0.0000000 0.2830585 0.0215236 0.0449906 0.0000000 0.0008905 0.0000000 0.4670621
 49 D  49 0.0885043 0.0016850 0.0228810 0.3663992 0.0000000 0.0083543 0.0971884 0.0163571 0.0175012 0.0204526 0.0000000 0.0060693 0.0000000 0.0000000 0.0040197 0.0570805 0.0115917 0.0000000 0.0038248 0.0000000 0.2780911
 50 Y  50 0.3160850 0.0077999 0.0000000 0.0110731 0.0000000 0.0000000 0.0087207 0.0000000 0.0000000 0.0000000 0.0000000 0.0000000 0.0000000 0.0108733 0.0060693 0.0911529 0.0405167 0.0000000 0.2883555 0.0000000 0.2193537
 51 A  51 0.0241412 0.1361862 0.0013333 0.0000000 0.0000000 0.0041119 0.0000000 0.2205630 0.0000000 0.0127630 0.0162074 0.1466665 0.0087727 0.0083431 0.0027941 0.0582760 0.0382982 0.0000000 0.0116149 0.1785568 0.1313719
 52 V  52 0.0141041 0.0000000 0.0000000 0.0000000 0.0000000 0.0000000 0.0000000 0.0000000 0.0000000 0.2987746 0.0199940 0.0000000 0.0077867 0.0187469 0.0000000 0.0000000 0.0074819 0.0000000 0.0000000 0.5417036 0.0914082
 53 L  53 0.0941698 0.0000000 0.0000000 0.0000000 0.0000000 0.0066605 0.0000000 0.0130936 0.0000000 0.0857764 0.2522714 0.0000000 0.3386500 0.0064274 0.0000000 0.0000000 0.0439814 0.0219224 0.0077999 0.0523222 0.0769252
 54 S  54 0.1651443 0.0000000 0.0159747 0.0051044 0.0545814 0.0041119 0.0057204 0.0000000 0.0000000 0.0032129 0.0000000 0.0000000 0.0000000 0.0000000 0.0000000 0.6254740 0.0804628 0.0000000 0.0000000 0.0042353 0.0359779
 55 W  55 0.0000000 0.0126747 0.0000000 0.0128758 0.0000000 0.0000000 0.0052363 0.0077867 0.0000000 0.0000000 0.0000000 0.0000000 0.0000000 0.0124966 0.0058567 0.0062964 0.0000000 0.8912593 0.0066669 0.0000000 0.0388505
 56 W  56 0.0000000 0.0069394 0.0000000 0.0000000 0.0000000 0.0000000 0.0000000 0.0000000 0.0000000 0.0000000 0.0000000 0.0000000 0.0000000 0.0066669 0.0000000 0.0038346 0.0000000 0.9438349 0.0000000 0.0077867 0.0309374
 57 D  57 0.0000000 0.0000000 0.0066669 0.9346327 0.0000000 0.0000000 0.0000000 0.0051946 0.0000000 0.0000000 0.0000000 0.0000000 0.0000000 0.0000000 0.0000000 0.0137091 0.0105866 0.0000000 0.0000000 0.0058567 0.0233534
 58 Y  58 0.0153708 0.0053499 0.0246075 0.0042445 0.0000000 0.0159818 0.0000000 0.0000000 0.0117670 0.0060693 0.0244907 0.0000000 0.0000000 0.0186995 0.0055048 0.0050818 0.0000000 0.0252933 0.8106879 0.0034980 0.0233534
 59 G  59 0.0258026 0.0000000 0.0000000 0.0000000 0.0000000 0.0000000 0.0000000 0.9468368 0.0000000 0.0000000 0.0000000 0.0000000 0.0000000 0.0000000 0.0000000 0.0064898 0.0000000 0.0000000 0.0000000 0.0000000 0.0208707
 60 N  60 0.0079351 0.0000000 0.0696248 0.0090380 0.0000000 0.0028532 0.0000000 0.0210845 0.2812976 0.0000000 0.0000000 0.0000000 0.0000000 0.0257495 0.0000000 0.0000000 0.0039848 0.0153708 0.5421909 0.0000000 0.0208707
 61 W  61 0.0271504 0.0000000 0.0000000 0.0000000 0.0000000 0.3312180 0.0036941 0.0162608 0.0116189 0.0341556 0.0723682 0.0000000 0.0337224 0.0237094 0.0129688 0.0173406 0.0000000 0.3533532 0.0293165 0.0053129 0.0278101
 62 I  62 0.0358940 0.0000000 0.0000000 0.0000000 0.0037172 0.0000000 0.0285280 0.0000000 0.0000000 0.6320962 0.0791129 0.0000000 0.0261627 0.0456437 0.0000000 0.0000000 0.0267874 0.0000000 0.0272099 0.0646955 0.0301527
 63 L  63 0.0931232 0.0320370 0.0267309 0.0051946 0.0000000 0.0497145 0.1075028 0.0432145 0.0163536 0.0293915 0.0455846 0.0036573 0.0094789 0.0000000 0.0188846 0.0911540 0.3694265 0.0036915 0.0000000 0.0316466 0.0232133
 64 Y  64 0.1508385 0.0037172 0.0039581 0.0022358 0.0000000 0.0190469 0.0074970 0.2017590 0.0119956 0.0226062 0.0270843 0.0000000 0.0000000 0.0468514 0.0000000 0.0563995 0.0892439 0.0238633 0.1830709 0.1266192 0.0232133
 65 V  65 0.0245110 0.0227605 0.0182416 0.0138881 0.0000000 0.0598634 0.0306295 0.0116315 0.0000000 0.1989954 0.1399114 0.0227376 0.1999017 0.0538800 0.0000000 0.0038858 0.0038033 0.0176244 0.0794508 0.0750708 0.0232133
 66 A  66 0.4637385 0.0000000 0.0000000 0.0000000 0.0000000 0.0000000 0.0000000 0.3234803 0.0000000 0.0000000 0.0000000 0.0000000 0.0000000 0.0000000 0.0000000 0.1407792 0.0422989 0.0000000 0.0000000 0.0064898 0.0232133
 67 K  67 0.0069394 0.0921451 0.3002351 0.1209452 0.0000000 0.0492710 0.1417557 0.0745434 0.1099623 0.0000000 0.0048749 0.0644897 0.0029913 0.0000000 0.0000000 0.0000000 0.0000000 0.0026289 0.0060046 0.0000000 0.0232133
 68 K  68 0.0121215 0.8175490 0.0000000 0.0000000 0.0060693 0.0000000 0.0000000 0.0000000 0.0277884 0.0000000 0.0056837 0.0679167 0.0040197 0.0000000 0.0000000 0.0000000 0.0101211 0.0118397 0.0000000 0.0136778 0.0232133
 69 A  69 0.0887537 0.0454757 0.0000000 0.0000000 0.0000000 0.0238509 0.0120403 0.0222217 0.0000000 0.1401101 0.0027655 0.0326259 0.0631763 0.0000000 0.1787865 0.0409712 0.2875786 0.0000000 0.0131709 0.0252596 0.0232133
 70 V  70 0.0989423 0.0000000 0.0000000 0.0129442 0.0100787 0.0000000 0.0000000 0.0000000 0.0000000 0.0220962 0.0000000 0.0000000 0.0000000 0.0000000 0.2197700 0.1287492 0.2922504 0.0000000 0.0000000 0.1919558 0.0232133
 71 V  71 0.0151437 0.0000000 0.1245248 0.0000000 0.0000000 0.0000000 0.0000000 0.0069394 0.0330584 0.1423996 0.2603722 0.0000000 0.0097707 0.0268607 0.0063771 0.0266067 0.0460162 0.0000000 0.0214499 0.2572672 0.0232133
 72 C  72 0.4762346 0.0000000 0.0082427 0.0109260 0.0140613 0.0000000 0.0000000 0.0041119 0.0110213 0.0278931 0.0000000 0.0000000 0.0000000 0.0471804 0.0000000 0.0678930 0.0514848 0.0000000 0.0026024 0.2551353 0.0232133
 73 N  73 0.0038271 0.0039342 0.2440914 0.6008137 0.0000000 0.0252133 0.0148211 0.0069394 0.0000000 0.0000000 0.0000000 0.0000000 0.0000000 0.0000000 0.0153708 0.0205267 0.0262153 0.0000000 0.0000000 0.0052109 0.0330361
 74 N  74 0.0000000 0.0000000 0.3621589 0.0148762 0.0000000 0.0131099 0.0169798 0.3083768 0.0000000 0.0000000 0.0000000 0.0000000 0.0000000 0.0000000 0.2450754 0.0036332 0.0000000 0.0000000 0.0000000 0.0094789 0.0263108
 75 F  75 0.0490513 0.0030602 0.3235625 0.0000000 0.0000000 0.0042353 0.0000000 0.1258530 0.0000000 0.0062385 0.0165776 0.0000000 0.0234533 0.2899780 0.0000000 0.0939630 0.0000000 0.0038191 0.0099758 0.0134130 0.0368193
 76 Q  76 0.0161263 0.0083687 0.0187893 0.0061705 0.0000000 0.2711745 0.0153029 0.0251282 0.0319805 0.0000000 0.0000000 0.0129688 0.0051009 0.0000000 0.0039342 0.0646141 0.4615124 0.0000000 0.0000000 0.0000000 0.0588288
 77 A  77 0.1238034 0.0023103 0.0431916 0.0316557 0.0000000 0.1580390 0.0070063 0.0077453 0.0541833 0.0467873 0.0476266 0.0000000 0.0077365 0.0030440 0.0181881 0.0235290 0.0470877 0.2771899 0.0431428 0.0182734 0.0394600
 78 G  78 0.0069875 0.0000000 0.5247233 0.0396601 0.0000000 0.0077779 0.0000000 0.2609902 0.0137425 0.0055095 0.0000000 0.0028989 0.0087341 0.0000000 0.0137506 0.0430354 0.0125259 0.0000000 0.0124901 0.0213583 0.0258157
 79 A  79 0.1291324 0.0467607 0.2167548 0.0107139 0.0000000 0.0100037 0.0161134 0.0679521 0.0638472 0.0785720 0.0157927 0.0080700 0.0048749 0.0139242 0.0333209 0.0938817 0.0653742 0.0000000 0.0313726 0.0677230 0.0258157
 80 D  80 0.0465169 0.0587834 0.0129484 0.0735246 0.0053397 0.0116752 0.1502034 0.0194717 0.0000000 0.0100489 0.0069982 0.0161171 0.0056794 0.0051946 0.1215318 0.0596963 0.3093431 0.0036070 0.0258003 0.0317041 0.0258157
 81 D  81 0.0224104 0.0609738 0.0064870 0.0767193 0.0000000 0.1037140 0.0348703 0.1087329 0.2963938 0.0040650 0.0334440 0.0321633 0.0099176 0.0096165 0.0291777 0.0483555 0.0228597 0.0053016 0.0364269 0.0309635 0.0274073
 82 A  82 0.2471793 0.0000000 0.0158666 0.0000000 0.0119000 0.0000000 0.0000000 0.0166087 0.0000000 0.4726204 0.0309055 0.0000000 0.0060693 0.0041286 0.0000000 0.0839855 0.0038858 0.0000000 0.0000000 0.0794431 0.0274073
 83 A  83 0.6121041 0.0000000 0.0052109 0.0042353 0.0058936 0.0068132 0.0099217 0.1165559 0.0000000 0.0075368 0.0396640 0.0000000 0.0041286 0.0026339 0.0000000 0.1152983 0.0162160 0.0000000 0.0000000 0.0303147 0.0234731
 84 K  84 0.1196833 0.1170314 0.0746918 0.0357765 0.0000000 0.0409440 0.0507901 0.0023937 0.0128468 0.0430369 0.0685399 0.0742146 0.0097601 0.0000000 0.0396591 0.0362615 0.1997069 0.0034262 0.0328866 0.0037172 0.0346334
 85 F  85 0.0751306 0.0130943 0.0000000 0.0070016 0.0000000 0.0000000 0.0064898 0.0000000 0.0000000 0.1450382 0.0560145 0.0122746 0.0357550 0.2462975 0.0075840 0.0141370 0.0069171 0.0000000 0.0789712 0.2606612 0.0346334
 86 F  86 0.0253180 0.0000000 0.0000000 0.0000000 0.0000000 0.0075840 0.0060693 0.2860686 0.0041119 0.0131580 0.2499002 0.0000000 0.0246006 0.3021425 0.0000000 0.0000000 0.0000000 0.0000000 0.0407299 0.0042353 0.0360817
 87 T  87 0.0229090 0.0110358 0.0000000 0.0021593 0.0132125 0.0064360 0.0026339 0.0301566 0.0000000 0.0436308 0.3172060 0.0376124 0.1952321 0.0476520 0.0000000 0.0316384 0.1589170 0.0069394 0.0075840 0.0283643 0.0366806
 88 A  88 0.4456351 0.0000000 0.0092287 0.0000000 0.0000000 0.0068761 0.0000000 0.0342654 0.0000000 0.0000000 0.0068616 0.0211415 0.0172091 0.0083640 0.0000000 0.2128773 0.1868240 0.0000000 0.0000000 0.0109022 0.0398152
 89 Q  89 0.0201583 0.0378936 0.0443877 0.0604100 0.0000000 0.0954107 0.0686966 0.0151950 0.0206478 0.0037457 0.0497471 0.0299968 0.0502302 0.0121327 0.0507475 0.2846798 0.0954671 0.0000000 0.0072471 0.0142021 0.0390043
 90 S  90 0.0000000 0.0120026 0.2758954 0.1720934 0.0000000 0.0000000 0.0204091 0.0000000 0.0000000 0.0000000 0.0028532 0.0101709 0.0000000 0.0000000 0.1491586 0.2425647 0.0518257 0.0000000 0.0070016 0.0206662 0.0353588
 91 E  91 0.0039581 0.0027405 0.0136354 0.0107955 0.0000000 0.0445730 0.6034585 0.0412543 0.0000000 0.0156476 0.0049281 0.0000000 0.0027926 0.0047058 0.1018775 0.0060134 0.0241035 0.0000000 0.0272263 0.0521201 0.0401697
 92 E  92 0.0705962 0.0279468 0.0945135 0.0837972 0.0000000 0.0339830 0.2743837 0.0106994 0.0046390 0.0192605 0.0028353 0.0590809 0.0000000 0.0029438 0.0074398 0.1685017 0.0768820 0.0009368 0.0037998 0.0065977 0.0511627
 93 E  93 0.0802647 0.0458985 0.0218640 0.0554728 0.0000000 0.0884795 0.2556832 0.0254723 0.0090949 0.0100155 0.0521088 0.1017460 0.0000000 0.0297138 0.0059771 0.0249547 0.0369400 0.0145811 0.0308546 0.0821888 0.0286897
 94 A  94 0.5536257 0.0000000 0.0030468 0.0000000 0.0000000 0.0039581 0.0094512 0.0654909 0.0030440 0.0270695 0.0293808 0.0000000 0.0047777 0.0000000 0.0000000 0.2154936 0.0203530 0.0038437 0.0000000 0.0145846 0.0458804
 95 M  95 0.0802078 0.0197183 0.0668406 0.0389041 0.0000000 0.0107680 0.1128734 0.0047058 0.0632241 0.0215992 0.0797040 0.0222680 0.0197741 0.0090272 0.0000000 0.0202414 0.0391659 0.0785200 0.2198143 0.0459358 0.0467081
 96 K  96 0.0771557 0.0574603 0.0448931 0.0474976 0.0000000 0.0672464 0.1842448 0.0621637 0.0160120 0.0214167 0.0392734 0.1285063 0.0089642 0.0166425 0.0521221 0.0554458 0.0294723 0.0000000 0.0093581 0.0293295 0.0527955
 97 I  97 0.0083064 0.0215079 0.0157240 0.0478329 0.0000000 0.0013015 0.0194890 0.0000000 0.0000000 0.4616030 0.1379484 0.0061668 0.0328221 0.0317985 0.0000000 0.0028277 0.0108127 0.0028532 0.0136204 0.1328625 0.0525229
 98 V  98 0.1469842 0.0000000 0.0090512 0.0000000 0.0077477 0.0000000 0.0029438 0.0000000 0.0175599 0.0508983 0.3741458 0.0000000 0.1820780 0.0603804 0.0000000 0.0204731 0.0242759 0.0000000 0.0085461 0.0573390 0.0375765
 99 E  99 0.0124194 0.3346747 0.0336372 0.1365207 0.0000000 0.0426121 0.1709784 0.0000000 0.0078912 0.0091912 0.0076560 0.1055503 0.0238695 0.0094457 0.0103895 0.0268073 0.0332595 0.0000000 0.0000000 0.0000000 0.0350972
100 K 100 0.1358473 0.0483663 0.0432618 0.0634065 0.0000000 0.0401090 0.1195406 0.0175278 0.0741501 0.0059319 0.0295813 0.1339944 0.0595032 0.0110072 0.0047058 0.1243237 0.0208753 0.0000000 0.0084886 0.0037798 0.0555994
101 R 101 0.0409307 0.0720065 0.0319269 0.0109565 0.0000000 0.0000000 0.0133480 0.0000000 0.0859298 0.0327027 0.4894553 0.0000000 0.0570264 0.0356768 0.0000000 0.0000000 0.0088252 0.0319805 0.0261402 0.0178322 0.0452623
102 K 102 0.0388165 0.0273745 0.0987902 0.2743616 0.0000000 0.0338169 0.0870681 0.2045689 0.0106590 0.0000000 0.0091912 0.0552943 0.0000000 0.0000000 0.0026669 0.0298684 0.0000000 0.0034404 0.0000000 0.0036915 0.1203917
103 V 103 0.2024780 0.0000000 0.0098879 0.0038248 0.0083781 0.0000000 0.0138816 0.0185225 0.0000000 0.0341404 0.0329296 0.0000000 0.0105922 0.0000000 0.0350792 0.0485553 0.1385597 0.0000000 0.0000000 0.3878972 0.0552734
104 R 104 0.0000000 0.2163186 0.0622027 0.3888297 0.0000000 0.0075504 0.0203525 0.0085999 0.0038366 0.0000000 0.0000000 0.1335999 0.0000000 0.0027893 0.0037798 0.0224299 0.0419636 0.0000000 0.0000000 0.0000000 0.0877469
105 Y 105 0.0000000 0.0000000 0.0000000 0.0000000 0.0094789 0.0000000 0.0000000 0.0288764 0.0041750 0.0000000 0.0000000 0.0000000 0.0000000 0.0234958 0.0103734 0.0038824 0.0000000 0.0077999 0.8156686 0.0000000 0.0962496
106 V 106 0.0218472 0.0000000 0.0093441 0.0048707 0.0000000 0.0046390 0.0078970 0.0000000 0.0069875 0.1226164 0.0659756 0.0000000 0.0146895 0.0455532 0.0000000 0.0038824 0.0038950 0.0000000 0.0079305 0.5772179 0.1026540
107 V 107 0.0446085 0.0000000 0.0027926 0.0036915 0.0000000 0.0000000 0.0000000 0.0036573 0.0000000 0.1857466 0.3262585 0.0069875 0.1038781 0.0214686 0.0037843 0.0000000 0.0052771 0.0000000 0.0308174 0.1583780 0.1026540
108 T 108 0.0451721 0.0000000 0.0120919 0.0000000 0.0000000 0.0000000 0.0077999 0.0047114 0.0000000 0.1544695 0.0407661 0.0000000 0.0000000 0.0052109 0.0038950 0.0601927 0.1273771 0.0000000 0.0000000 0.4421493 0.0961641
109 V 109 0.0108855 0.0046390 0.0327005 0.2696155 0.0000000 0.0000000 0.0106896 0.0069875 0.0000000 0.0311789 0.0087631 0.0037843 0.0038271 0.2807645 0.0000000 0.0398254 0.0338000 0.0190184 0.0455235 0.0278943 0.1701029
110 E 110 0.0392813 0.0034980 0.0317783 0.0489763 0.0056837 0.0202220 0.0418740 0.2732262 0.0051044 0.0368037 0.0265279 0.0314482 0.0190315 0.0328185 0.0233188 0.0233900 0.0108274 0.0460828 0.0614984 0.0442703 0.1743382
111 E 111 0.0275427 0.0669515 0.0000000 0.0368634 0.0000000 0.0344878 0.0966892 0.3020833 0.0037798 0.0212741 0.0197271 0.0390349 0.0073745 0.0000000 0.0490891 0.0124622 0.0555585 0.0000000 0.0000000 0.0144449 0.2126370
112 L 112 0.0318734 0.0104075 0.0000000 0.0076708 0.0000000 0.0065796 0.0000000 0.0034420 0.0008519 0.0164158 0.1835628 0.0000000 0.2489718 0.0633123 0.0047114 0.0000000 0.0242448 0.0370961 0.0684960 0.0781614 0.2142024
113 T 113 0.1774369 0.0000000 0.0093396 0.0272153 0.0021035 0.0067473 0.0109450 0.0279233 0.0039855 0.1162422 0.1040247 0.0103242 0.0038271 0.0000000 0.0247003 0.0566228 0.0956311 0.0000000 0.0056499 0.1019888 0.2152925
114 V 114 0.0361383 0.0088303 0.0305595 0.0231844 0.0000000 0.0169778 0.0357501 0.3112015 0.0000000 0.0141024 0.0539879 0.0237497 0.0122647 0.0186089 0.0120442 0.0495577 0.0732670 0.0000000 0.0354124 0.0305825 0.2137806
115 K 115 0.0163976 0.0000000 0.0184263 0.0271210 0.0000000 0.0075829 0.0196727 0.1247666 0.0082117 0.0148953 0.0396795 0.0500231 0.0173394 0.0296945 0.0588952 0.0262840 0.0572325 0.0000000 0.2556407 0.0000000 0.2281369
116 P 116 0.0300407 0.0085536 0.0346965 0.0330230 0.0064898 0.0249801 0.0201411 0.0768133 0.0118648 0.0235543 0.0082300 0.0798000 0.0036111 0.0324486 0.0908953 0.2000509 0.0393127 0.0281443 0.0312805 0.0083295 0.2077400
117 E 117 0.0486484 0.0163388 0.0116689 0.0189959 0.0000000 0.0321866 0.0177195 0.2367779 0.0000000 0.0063453 0.0595003 0.0091475 0.0228667 0.0972134 0.0000000 0.1696624 0.0062227 0.0144558 0.0125695 0.0064062 0.2132743
118 T 118 0.0535679 0.0107101 0.0494906 0.3087344 0.0000000 0.0449622 0.0054286 0.0905523 0.0093526 0.0076298 0.0075848 0.0108818 0.0077229 0.0036915 0.0304146 0.0742711 0.0226807 0.0030698 0.0677635 0.0121106 0.1793801
119 N 119 0.1024572 0.0026747 0.0083847 0.5044780 0.0000000 0.0070211 0.0059319 0.0205582 0.0000000 0.0171992 0.0364448 0.0113385 0.0288220 0.0137997 0.0000000 0.0106963 0.0149353 0.0000000 0.0036111 0.0218555 0.1897918
120 K 120 0.0070122 0.0099932 0.0270864 0.0052109 0.0000000 0.0152702 0.0299292 0.0228422 0.0034233 0.3147989 0.1646323 0.0108366 0.0624889 0.0374182 0.0000000 0.0283539 0.0172485 0.0174858 0.0095739 0.0414595 0.1749360
121 T 121 0.1044193 0.0067671 0.2694782 0.0168134 0.0033041 0.0196046 0.0258211 0.0681183 0.0066669 0.0149972 0.0361869 0.0000000 0.0422732 0.0063430 0.0375776 0.0935926 0.0549951 0.0000000 0.0097971 0.0000000 0.1832442
122 K 122 0.0293072 0.0195461 0.0015678 0.0101657 0.0000000 0.0190194 0.0134511 0.0255601 0.0000000 0.0120608 0.0076946 0.5853005 0.0000000 0.0000000 0.0100507 0.0171885 0.0304444 0.0144558 0.0249500 0.0125362 0.1667013
123 F 123 0.0050853 0.0000000 0.0000000 0.0000000 0.0000000 0.0073860 0.0000000 0.0283239 0.0000000 0.0290111 0.0496725 0.0264099 0.0000000 0.4353144 0.0000000 0.1275950 0.0027956 0.0929921 0.0348864 0.0053397 0.1551881
124 I 124 0.0340002 0.0164369 0.0558752 0.0202649 0.0000000 0.0443465 0.0182885 0.0673612 0.0087801 0.0383805 0.2388404 0.0000000 0.0225730 0.0212888 0.1333090 0.0577044 0.0224919 0.0030468 0.0505886 0.0105519 0.1358713
125 P 125 0.1894499 0.0030025 0.0173637 0.0032156 0.0000000 0.0092018 0.0091862 0.0519173 0.0593160 0.0094789 0.0159807 0.0000000 0.0045313 0.0133048 0.0398648 0.0345179 0.0408524 0.3525040 0.0000000 0.0134503 0.1328619
126 I 126 0.0116058 0.0032548 0.0000000 0.0037457 0.0096053 0.0083061 0.0348335 0.0032051 0.0000000 0.1676700 0.0566944 0.0070016 0.3618572 0.0373787 0.0626534 0.0139564 0.0317026 0.0000000 0.0120505 0.0287578 0.1457212
127 M 127 0.1230805 0.0099540 0.0028472 0.0164626 0.0038366 0.0064274 0.0306360 0.0166939 0.0000000 0.0933009 0.1144129 0.0169689 0.0350712 0.0094157 0.0363192 0.0585583 0.0236373 0.0000000 0.0075293 0.2544398 0.1404083
128 Q 128 0.0584695 0.3855962 0.0072649 0.0459943 0.0000000 0.0374457 0.0185681 0.0101960 0.0157062 0.0000000 0.0211879 0.0492628 0.0000000 0.0036111 0.0063199 0.0322620 0.0288664 0.0086728 0.1112876 0.0188803 0.1404083
129 I 129 0.0130945 0.0035120 0.0085073 0.0030158 0.0000000 0.0152401 0.0067274 0.0064362 0.0066669 0.4365765 0.0817406 0.0000000 0.0093861 0.0206706 0.0093963 0.0336773 0.0744832 0.0674098 0.0199677 0.0408635 0.1426283
130 A 130 0.3788061 0.0069282 0.0243888 0.0192367 0.0029543 0.0052047 0.0155438 0.1972423 0.0193518 0.0234548 0.0069875 0.0000000 0.0000000 0.0081116 0.0151313 0.0623241 0.0399220 0.0000000 0.0220197 0.0092021 0.1431904
131 G 131 0.0192918 0.0029913 0.1209140 0.0480640 0.0000000 0.0030025 0.0435290 0.3609515 0.0023336 0.0051044 0.0281971 0.0288029 0.0000000 0.0000000 0.0358514 0.0329667 0.0000000 0.0000000 0.0447709 0.0170353 0.2061936
132 Y 132 0.0407301 0.0147758 0.0000000 0.0470076 0.0043944 0.0379250 0.0847836 0.0399082 0.0173700 0.0665129 0.0273823 0.0306103 0.0238251 0.0260905 0.0032051 0.0716766 0.0371694 0.0055048 0.1053035 0.0593054 0.2565195
133 S 133 0.0137195 0.0121060 0.0284059 0.0772401 0.0040211 0.0311486 0.0726198 0.0478313 0.0099814 0.0235982 0.0153167 0.0144988 0.0026220 0.0150332 0.0637454 0.1155047 0.1039465 0.0485539 0.0339489 0.0952772 0.1708807
134 P 134 0.0126212 0.0228642 0.0425403 0.0417224 0.0043944 0.0349708 0.0143688 0.1055160 0.0054805 0.0245193 0.0232367 0.0222502 0.0193713 0.0595092 0.1766161 0.0326715 0.0941088 0.0000000 0.0660777 0.0290561 0.1681043
135 E 135 0.0433234 0.0494887 0.0507071 0.1329095 0.0000000 0.0062236 0.1265687 0.1498914 0.0342044 0.0032548 0.0000000 0.0336637 0.0034233 0.0038366 0.0671685 0.0602098 0.0117648 0.0000000 0.0444693 0.0207303 0.1581620
136 Y 136 0.0130796 0.0459704 0.0135973 0.0892394 0.0000000 0.0318226 0.0928541 0.0505435 0.0687917 0.0054925 0.0145679 0.0634050 0.0000000 0.0432161 0.0000000 0.0326693 0.0474580 0.0200279 0.1656406 0.0377503 0.1638736
137 M 137 0.0167407 0.0410130 0.0137327 0.0126236 0.0000000 0.0357680 0.0337336 0.0363444 0.0155364 0.1153570 0.0563948 0.0099435 0.0350690 0.0284275 0.0665313 0.0273615 0.0106433 0.0128416 0.1613618 0.0857868 0.1847894
138 K 138 0.0322612 0.0477653 0.0279786 0.0423434 0.0227206 0.0444642 0.0113114 0.0242993 0.0216060 0.0636362 0.0474771 0.1030159 0.0052549 0.0252490 0.0719985 0.0349187 0.0932195 0.0038366 0.0508198 0.0345662 0.1912576
139 N 139 0.0452910 0.0069750 0.0282638 0.0488928 0.0000000 0.0259711 0.1528948 0.0963317 0.0466098 0.0191198 0.0283643 0.0184240 0.0279942 0.0052210 0.0563381 0.0808866 0.0090993 0.0000000 0.0534445 0.0614290 0.1884491
140 K 140 0.0380339 0.0516363 0.0212760 0.0193416 0.0000000 0.0318349 0.0397479 0.0594062 0.0040033 0.1530122 0.0460321 0.0356062 0.0249733 0.0086365 0.0435207 0.1279479 0.0306084 0.0037843 0.0151987 0.0444780 0.2009214
141 E 141 0.0252656 0.0744418 0.0171732 0.0996008 0.0060693 0.0577763 0.0794943 0.0397533 0.0124645 0.0288669 0.0194570 0.0594963 0.0268686 0.0486663 0.0513455 0.0352824 0.0159014 0.0026747 0.0221934 0.0231279 0.2540806
142 I 142 0.0195935 0.0060581 0.0261902 0.0206889 0.0000000 0.0158833 0.1276013 0.0453368 0.0095363 0.0479930 0.0340330 0.0122125 0.0129221 0.0501037 0.1374511 0.0172933 0.0292218 0.0061476 0.0874805 0.0204839 0.2737691
143 I 143 0.0172709 0.0225915 0.0935787 0.0069500 0.0000000 0.0436911 0.0307398 0.0305248 0.0081941 0.0348836 0.0169971 0.0338602 0.0169550 0.0047005 0.0263660 0.1526770 0.1118850 0.0103303 0.0085523 0.0436064 0.2856458
144 D 144 0.0289533 0.0013535 0.0527097 0.2131142 0.0000000 0.0966240 0.0756513 0.0298815 0.0009726 0.0115891 0.0105761 0.0258286 0.0021564 0.0000000 0.1324042 0.0518503 0.0285514 0.0000000 0.0038248 0.0038455 0.2301135
145 F 145 0.0390137 0.1010324 0.0093111 0.0379743 0.0000000 0.0116989 0.0154851 0.0000000 0.0000000 0.0070016 0.0166246 0.0841592 0.0459140 0.1187195 0.0463593 0.0288228 0.0171385 0.0000000 0.1452798 0.0383596 0.2371055
146 F 146 0.0052458 0.0000000 0.0000000 0.0000000 0.0064898 0.0043944 0.0077451 0.0227798 0.0000000 0.0033999 0.0575620 0.0038033 0.0782016 0.1917854 0.0000000 0.0140068 0.0087198 0.0336158 0.3093681 0.0179976 0.2348849
147 N 147 0.0273611 0.0744340 0.0966171 0.0107857 0.0000000 0.0154266 0.0198717 0.0441496 0.0000000 0.0038033 0.0546173 0.0195696 0.0069957 0.0579440 0.0000000 0.0601560 0.1178457 0.0085981 0.1247432 0.0076940 0.2493872
148 K 148 0.0721477 0.0628995 0.1196338 0.0789659 0.0000000 0.0366847 0.1108521 0.0121748 0.0070786 0.0048749 0.0059767 0.0473281 0.0129462 0.0000000 0.0848214 0.0436693 0.0009601 0.0000000 0.0147523 0.0286160 0.2556178
149 T 149 0.0160600 0.0447702 0.0324793 0.0245623 0.0063689 0.0361852 0.0042786 0.0049708 0.0032891 0.0000000 0.0051009 0.0056797 0.0077999 0.0000000 0.0199262 0.2204937 0.2598902 0.0000000 0.0120856 0.0259420 0.2701176
150 M 150 0.0030158 0.0000000 0.0104173 0.0000000 0.0000000 0.0056568 0.0097584 0.2234605 0.0000000 0.0175589 0.1190949 0.0000000 0.1738611 0.0124164 0.0000000 0.0055252 0.0724459 0.0211718 0.0057819 0.0425263 0.2773087
151 L 151 0.0132457 0.0088009 0.0081207 0.0204374 0.0000000 0.0267440 0.1738071 0.0039855 0.0046734 0.0725224 0.1686825 0.0163096 0.0409043 0.0123167 0.0000000 0.0254887 0.0278074 0.0038366 0.0346404 0.0623939 0.2752828
152 Y 152 0.0816718 0.0000000 0.0173069 0.0121811 0.0064274 0.0041914 0.0000000 0.0364346 0.0000000 0.0058567 0.0066404 0.0000000 0.0028489 0.1088030 0.0000000 0.0895869 0.0312474 0.0051009 0.2803419 0.0427600 0.2686008
153 K 153 0.0057773 0.3917888 0.0376654 0.0054715 0.0064898 0.0366852 0.0076268 0.0161787 0.0122841 0.0026076 0.0036821 0.1346624 0.0000000 0.0000000 0.0027585 0.0217511 0.0236489 0.0000000 0.0000000 0.0070016 0.2839202
154 L 154 0.0057819 0.0000000 0.0036332 0.0000000 0.0053499 0.0000000 0.0000000 0.0000000 0.0000000 0.0686325 0.3835964 0.0000000 0.0340380 0.0169401 0.0000000 0.0000000 0.0107040 0.0000000 0.0000000 0.1713926 0.2999312
155 H 155 0.0143165 0.0000000 0.0008168 0.1809103 0.0131307 0.0273903 0.0041914 0.0236454 0.1901750 0.0086070 0.0000000 0.0038033 0.0064127 0.0242136 0.0027600 0.0375078 0.0102212 0.0104149 0.1251694 0.0026024 0.3137112
156 V 156 0.0553806 0.0357816 0.0460142 0.0280648 0.0000000 0.0151445 0.0374338 0.0176278 0.0136182 0.0472389 0.0669133 0.0486657 0.0092716 0.0446500 0.0148685 0.0677573 0.0527118 0.0000000 0.0653867 0.0219368 0.3115338
157 E 157 0.0784285 0.0329876 0.0521792 0.0352909 0.0000000 0.0529626 0.0788599 0.0366409 0.0229316 0.0079891 0.0428974 0.0168231 0.0020917 0.1216178 0.0000000 0.0363394 0.0070839 0.0000000 0.0562496 0.0094247 0.3092020
158 N 158 0.1278201 0.0287179 0.0854067 0.2120884 0.0000000 0.0032818 0.0144966 0.1386336 0.0255331 0.0000000 0.0000000 0.0194052 0.0018125 0.0000000 0.0062596 0.0014804 0.0189789 0.0042445 0.0000000 0.0038819 0.3079585
159 A 159 0.0697680 0.0068686 0.0073405 0.0055048 0.0120802 0.0128458 0.0095345 0.2194179 0.0000000 0.0104239 0.0213868 0.0189513 0.0077451 0.0186431 0.0314886 0.1211213 0.0787119 0.0000000 0.0053129 0.0134724 0.3293826
160 T 160 0.0178458 0.0315567 0.0425676 0.0441240 0.0000000 0.0383856 0.0472424 0.0101444 0.0012054 0.0111420 0.0179696 0.0496884 0.0000000 0.0092592 0.0960486 0.1750135 0.0433691 0.0000000 0.0077441 0.0334813 0.3232122
161 N 161 0.1091126 0.0096446 0.0504006 0.0284704 0.0000000 0.0067305 0.0317943 0.0880643 0.0077451 0.0035994 0.0000000 0.0221803 0.0105409 0.0000000 0.0241866 0.0587317 0.1721324 0.0000000 0.0308656 0.0086489 0.3371516
162 L 162 0.0216750 0.0021542 0.0037391 0.0028743 0.0000000 0.0055095 0.0048123 0.0027830 0.0000000 0.0207502 0.2105131 0.0086524 0.2019760 0.0090186 0.0184493 0.0367987 0.0163433 0.0108362 0.0086121 0.0295048 0.3849977
163 T 163 0.0218752 0.0294355 0.0273563 0.0229930 0.0000000 0.0262579 0.0814315 0.0347187 0.0195858 0.0109017 0.1254430 0.0871056 0.0119364 0.0078522 0.0248497 0.0453566 0.0297585 0.0000000 0.0000000 0.0164730 0.3766693
164 H 164 0.0064444 0.0300425 0.2009001 0.0252853 0.0000000 0.0341350 0.0196730 0.0334249 0.1366477 0.0000000 0.0189974 0.0201425 0.0125914 0.0000000 0.0126135 0.0149289 0.0046151 0.0000000 0.0217667 0.0053129 0.4024787
165 F 165 0.0040278 0.0000000 0.0000000 0.0000000 0.0760482 0.0083280 0.0000000 0.0000000 0.0000000 0.0070463 0.0420099 0.0051821 0.0000000 0.1521444 0.0000000 0.1356829 0.0061238 0.0022576 0.1449686 0.0101878 0.4059926
166 R 166 0.0042144 0.2222278 0.0000000 0.0036156 0.0000000 0.0449205 0.0173470 0.0000000 0.0000000 0.0053266 0.1868667 0.0465510 0.0030427 0.0070016 0.0000000 0.0034459 0.0206465 0.0000000 0.0000000 0.0139427 0.4208511
167 L 167 0.0160933 0.0041914 0.0000000 0.0000000 0.0000000 0.0127288 0.0487352 0.0070016 0.0039966 0.0046982 0.2421291 0.0000000 0.1896077 0.0077576 0.0061705 0.0000000 0.0142491 0.0000000 0.0151264 0.0034794 0.4240352
168 L 168 0.0030396 0.0000000 0.0040650 0.0000000 0.0000000 0.0143403 0.0094789 0.0000000 0.0000000 0.0354737 0.0198196 0.0000000 0.0000000 0.0081961 0.0000000 0.0070016 0.0076762 0.0014533 0.2307837 0.2508444 0.4078276
169 K 169 0.0000000 0.0097550 0.0053129 0.0000000 0.0000000 0.0075829 0.0000000 0.0077999 0.0903379 0.0000000 0.0000000 0.2098871 0.0000000 0.0330450 0.0055095 0.0126663 0.0032818 0.0000000 0.2053706 0.0000000 0.4094510
170 N 170 0.0083048 0.0170889 0.0338425 0.0230127 0.0000000 0.0154132 0.1702838 0.0417607 0.0000000 0.0032029 0.1036612 0.0178307 0.0926522 0.0000000 0.0000000 0.0271500 0.0160434 0.0000000 0.0039001 0.0000000 0.4258531
171 F 171 0.0069626 0.0075840 0.0173248 0.0147918 0.0000000 0.0000000 0.0000000 0.0090010 0.0121811 0.0000000 0.0000000 0.0000000 0.0000000 0.0583433 0.0000000 0.3503478 0.0171085 0.0000000 0.0272860 0.0076678 0.4714012
172 G 172 0.0449258 0.0021206 0.0146741 0.0849433 0.0013535 0.0076176 0.0102700 0.1195542 0.0000000 0.0000000 0.0025461 0.0242591 0.0051821 0.0000000 0.0128216 0.0275359 0.0124488 0.0043944 0.0000000 0.0102872 0.6150657
173 T 173 0.0073959 0.0149594 0.0146735 0.0282833 0.0000000 0.0224963 0.0259469 0.0290343 0.0000000 0.0100781 0.0356616 0.0191414 0.0226921 0.0052273 0.0302803 0.0066221 0.0485993 0.0000000 0.0877459 0.0057819 0.5853805
174 V 174 0.0198766 0.0000000 0.0000000 0.0053397 0.0000000 0.0000000 0.0000000 0.0038412 0.0000000 0.0164777 0.0105335 0.0000000 0.0000000 0.0000000 0.0000000 0.0000000 0.0036407 0.0000000 0.0950659 0.2284909 0.6167337
175 K 175 0.0091617 0.1662679 0.0000000 0.0000000 0.0000000 0.0187598 0.0184176 0.0000000 0.0062115 0.0094789 0.0000000 0.0857610 0.0160018 0.0000000 0.0000000 0.0032017 0.0036407 0.0000000 0.0318428 0.0050818 0.6261729
176 I 176 0.0000000 0.0065918 0.0000000 0.0000000 0.0000000 0.0075408 0.0000000 0.0057592 0.0000000 0.1704626 0.0309530 0.0119450 0.0000000 0.0545806 0.0000000 0.0038412 0.0034318 0.0000000 0.0000000 0.0437693 0.6611247
177 F 177 0.0083014 0.0000000 0.0019174 0.0099986 0.0000000 0.0038412 0.0000000 0.0243547 0.0026218 0.0066134 0.0085368 0.0055095 0.0000000 0.1205425 0.0000000 0.0039118 0.0019435 0.0101364 0.0940990 0.0109504 0.6867214
178 E 178 0.0000000 0.0193435 0.0053397 0.0055095 0.0000000 0.0037391 0.1739066 0.0000000 0.0000000 0.0036778 0.0000000 0.0807114 0.0000000 0.0000000 0.0000000 0.0000000 0.0000000 0.0000000 0.0000000 0.0000000 0.7077723
179 V 179 0.0000000 0.0000000 0.0000000 0.0000000 0.0000000 0.0000000 0.0000000 0.0000000 0.0000000 0.0454416 0.0433365 0.0000000 0.0120381 0.0000000 0.0000000 0.0000000 0.0022022 0.0000000 0.0000000 0.1325509 0.7644306
180 K 180 0.0000000 0.0058901 0.0000000 0.0000000 0.0000000 0.0244883 0.0000000 0.0000000 0.0000000 0.0000000 0.0000000 0.0341697 0.0000000 0.0000000 0.0000000 0.0000000 0.0000000 0.0000000 0.0000000 0.0000000 0.9354519
