  180         A         R         N         D         C         Q         E         G         H         I         L         K         M         F         P         S         T         W         Y         V    
  1 M   1 0.0000000 0.0000000 0.0000000 0.0000000 0.0000000 0.0000000 0.0000000 0.0000000 0.0000000 0.1360267 0.1604001 0.0000000 0.6386398 0.0000000 0.0000000 0.0000000 0.0000000 0.0000000 0.0000000 0.0649334
  2 A   2 0.3210624 0.0000000 0.0000000 0.0000000 0.0000000 0.0000000 0.0000000 0.0000000 0.0232139 0.0000000 0.0000000 0.0000000 0.0000000 0.0000000 0.0000000 0.6557237 0.0000000 0.0000000 0.0000000 0.0000000
  3 H   3 0.0139239 0.0168399 0.2864750 0.0433056 0.0000000 0.0121487 0.2296031 0.0000000 0.0428125 0.0598822 0.0385378 0.0212056 0.0292345 0.0055765 0.0156486 0.0543259 0.0498525 0.0000000 0.0167379 0.0638899
  4 H   4 0.6687455 0.0000000 0.0091414 0.0099071 0.0000000 0.0175847 0.0000000 0.0432477 0.0180713 0.0371671 0.0087397 0.0172510 0.0233245 0.0026751 0.0000000 0.0998000 0.0086952 0.0000000 0.0054100 0.0302396
  5 H   5 0.0236159 0.0000000 0.0000000 0.0000000 0.0000000 0.0095759 0.0000000 0.0000000 0.0259176 0.0059997 0.0721277 0.0000000 0.0450173 0.0267471 0.0000000 0.0258244 0.0069452 0.0000000 0.7439452 0.0142840
  6 H   6 0.0475243 0.0000000 0.0259710 0.0000000 0.0000000 0.0286221 0.0058859 0.0000000 0.0405064 0.0000000 0.0000000 0.0566999 0.0000000 0.0074616 0.1148898 0.6340909 0.0189264 0.0000000 0.0115845 0.0078373
  7 H   7 0.0854398 0.0029574 0.0540987 0.0077799 0.0000000 0.0566790 0.0451987 0.0115844 0.0441269 0.0121029 0.0069967 0.0000000 0.0000000 0.0000000 0.0000000 0.5271405 0.0769104 0.0000000 0.0000000 0.0689845
  8 H   8 0.0350923 0.0000000 0.0222820 0.0080890 0.0000000 0.0000000 0.0000000 0.0070551 0.0071259 0.0092985 0.0261202 0.0070715 0.0047567 0.0227945 0.6422816 0.0465164 0.0156287 0.0000000 0.1076139 0.0382736
  9 S   9 0.0583247 0.0292823 0.0888647 0.0082593 0.0000000 0.0438646 0.0000000 0.0231062 0.0077159 0.0273185 0.0083034 0.0205954 0.0067722 0.0065683 0.1003847 0.4657587 0.0705889 0.0120867 0.0077746 0.0144309
 10 A  10 0.1028045 0.0000000 0.0000000 0.0120736 0.0000000 0.0357914 0.0093418 0.0271436 0.0048894 0.3268369 0.0880891 0.0000000 0.0086953 0.0000000 0.0000000 0.0750538 0.0708149 0.0000000 0.0351603 0.2033053
 11 A  11 0.1274231 0.0060185 0.0103072 0.0109606 0.0000000 0.0115905 0.0151322 0.0043587 0.0145758 0.1648111 0.0576095 0.0000000 0.0633973 0.0123272 0.0000000 0.0602341 0.0531401 0.0259148 0.0000000 0.3621995
 12 L  12 0.0169723 0.0000000 0.0321148 0.0169986 0.0000000 0.0251639 0.0138575 0.0289984 0.0057049 0.0941910 0.3592548 0.0041405 0.1006446 0.0881139 0.0057886 0.0105403 0.0418058 0.0101108 0.0427304 0.1028690
 13 E  13 0.2480256 0.0269705 0.0729071 0.0157534 0.0000000 0.0871790 0.1032191 0.0080262 0.0134838 0.0073125 0.0065015 0.0461155 0.0106698 0.0078800 0.0377043 0.1021200 0.0991848 0.0064321 0.0621307 0.0383843
 14 V  14 0.1805265 0.0083305 0.0187435 0.0062059 0.0077119 0.0348414 0.0067481 0.1063469 0.0000000 0.0105018 0.0204641 0.0000000 0.0229407 0.0169664 0.0095194 0.2796964 0.1132884 0.0052018 0.0190771 0.1328894
 15 L  15 0.1101288 0.1798288 0.0285022 0.0127885 0.0022211 0.0513147 0.0068266 0.1081913 0.0147755 0.0125650 0.0528253 0.0365668 0.0292138 0.0480035 0.0106727 0.1481074 0.0718872 0.0000000 0.0511651 0.0244157
 16 F  16 0.0250008 0.0581745 0.1766036 0.0548834 0.0000000 0.0462071 0.0099218 0.0739552 0.0043341 0.0078916 0.0061786 0.0781133 0.0313904 0.0172773 0.0013554 0.1847401 0.1320866 0.0000000 0.0563003 0.0355858
 17 Q  17 0.0871622 0.0248732 0.0399746 0.0125494 0.0000000 0.0432102 0.0281495 0.2848304 0.0372214 0.0306313 0.0134154 0.0081208 0.0180525 0.0000000 0.1102599 0.0936143 0.0885562 0.0000000 0.0289043 0.0504743
 18 G  18 0.0619676 0.0520190 0.0513033 0.0923982 0.0000000 0.0390003 0.0619310 0.1919359 0.0172199 0.0090436 0.0097783 0.0522268 0.0065748 0.0054936 0.0299906 0.1162062 0.0841743 0.0000000 0.0654655 0.0532710
 19 P  19 0.0096303 0.1539055 0.0150044 0.0450438 0.0000000 0.0384606 0.0337532 0.2419318 0.0000000 0.0000000 0.0084491 0.0113795 0.0000000 0.0000000 0.3516877 0.0547287 0.0256894 0.0000000 0.0000000 0.0103359
 20 E  20 0.0523766 0.0105020 0.0230174 0.0402092 0.0000000 0.0115405 0.0366204 0.2017470 0.0545429 0.1090067 0.0471124 0.0182922 0.0018384 0.0516390 0.0033863 0.0953175 0.0495582 0.0000000 0.0602102 0.1330831
 21 M  21 0.0145122 0.0000000 0.0072009 0.0000000 0.0000000 0.0045222 0.0368139 0.0194438 0.0000000 0.3231022 0.0710363 0.0000000 0.1106188 0.0383825 0.1388930 0.0508904 0.0265181 0.0000000 0.0400643 0.1180015
 22 T  22 0.0228520 0.0101167 0.2352018 0.0398887 0.0000000 0.0105620 0.0236795 0.0073098 0.0031471 0.1018121 0.0541150 0.0295419 0.0146268 0.0901643 0.0247723 0.1061203 0.0969892 0.0000000 0.0172730 0.1118274
 23 M  23 0.0261623 0.0063549 0.0389225 0.4298920 0.0000000 0.0440595 0.0910821 0.0558239 0.0064696 0.0063260 0.0220431 0.0452193 0.0179712 0.0000000 0.0470525 0.0655069 0.0378265 0.0112198 0.0382683 0.0097995
 24 D  24 0.0542993 0.0167777 0.0176771 0.5876960 0.0000000 0.0368985 0.0453752 0.0826133 0.0152416 0.0088375 0.0114366 0.0154699 0.0000000 0.0000000 0.0383016 0.0376871 0.0070315 0.0000000 0.0097328 0.0149242
 25 W  25 0.0063546 0.0000000 0.0000000 0.0000000 0.0000000 0.0073656 0.0108957 0.0000000 0.0167591 0.0180323 0.0161622 0.0000000 0.0206968 0.1941881 0.0000000 0.0000000 0.0000000 0.5452985 0.1516732 0.0125739
 26 K  26 0.0222775 0.3101588 0.0245947 0.0398315 0.0000000 0.0224639 0.1124783 0.0087366 0.0000000 0.0781834 0.0661591 0.0471608 0.0285436 0.0000000 0.0060514 0.0171062 0.0163432 0.0170342 0.1084194 0.0744573
 27 E  27 0.0328223 0.0291315 0.0308507 0.1965623 0.0000000 0.0833118 0.4360937 0.0209470 0.0023251 0.0000000 0.0027836 0.0525608 0.0051972 0.0019337 0.0178997 0.0521636 0.0122580 0.0000000 0.0038551 0.0193039
 28 A  28 0.5728746 0.0000000 0.0042541 0.0076342 0.0000000 0.0000000 0.0000000 0.0540850 0.0000000 0.0042146 0.0108762 0.0000000 0.0166876 0.0051899 0.0059512 0.2272050 0.0826189 0.0000000 0.0000000 0.0084086
 29 L  29 0.0222219 0.0000000 0.0230609 0.0000000 0.0301615 0.0000000 0.0000000 0.0074431 0.0000000 0.0040880 0.4035034 0.0000000 0.0877050 0.0486687 0.0000000 0.0072780 0.0120821 0.0077750 0.3324528 0.0135596
 30 N  30 0.0619153 0.0392702 0.0400284 0.0744445 0.0000000 0.0907592 0.1739452 0.0038437 0.0153658 0.0218616 0.0959386 0.0725139 0.0452861 0.0286325 0.0000000 0.0274098 0.0458604 0.0210405 0.1250963 0.0167881
 31 W  31 0.0083306 0.0044867 0.0000000 0.0000000 0.0000000 0.0000000 0.0043307 0.0000000 0.0032302 0.0000000 0.0051202 0.0000000 0.0000000 0.0243641 0.0000000 0.0000000 0.0076716 0.8591726 0.0832933 0.0000000
 32 M  32 0.0000000 0.0000000 0.0000000 0.0106937 0.0000000 0.0042723 0.0000000 0.0000000 0.0000000 0.1807395 0.5787330 0.0000000 0.1696800 0.0038675 0.0000000 0.0000000 0.0042914 0.0000000 0.0058094 0.0419133
 33 K  33 0.0609734 0.4067855 0.0710921 0.0077009 0.0000000 0.0636858 0.0309402 0.0337206 0.0000000 0.0000000 0.0000000 0.2226634 0.0000000 0.0000000 0.0106937 0.0719916 0.0064862 0.0132666 0.0000000 0.0000000
 34 E  34 0.0302760 0.0074406 0.1611682 0.0956938 0.0000000 0.1361029 0.2301769 0.0249622 0.0496120 0.0077387 0.0010156 0.0313339 0.0401489 0.0000000 0.0000000 0.0586319 0.0828155 0.0000000 0.0371787 0.0057043
 35 N  35 0.0032750 0.0262618 0.7354380 0.0114880 0.0000000 0.0289166 0.0399068 0.0026032 0.0702140 0.0045490 0.0000000 0.0152347 0.0000000 0.0108777 0.0000000 0.0361540 0.0069718 0.0000000 0.0024297 0.0056797
 36 L  36 0.0063602 0.0000000 0.0000000 0.0193638 0.0000000 0.0000000 0.0000000 0.0000000 0.0000000 0.0000000 0.0367925 0.0000000 0.0000000 0.0000000 0.0000000 0.0928590 0.8366855 0.0000000 0.0000000 0.0079391
 37 E  37 0.0031796 0.0000000 0.0854420 0.0841822 0.0000000 0.0000000 0.0479455 0.0106479 0.0242716 0.0000000 0.0000000 0.0000000 0.0000000 0.0000000 0.7116663 0.0326649 0.0000000 0.0000000 0.0000000 0.0000000
 38 A  38 0.1159538 0.0257209 0.0241066 0.1538160 0.0000000 0.0525019 0.3088695 0.0271437 0.0038530 0.0102299 0.0047475 0.0977729 0.0000000 0.0000000 0.0635453 0.0609226 0.0000000 0.0000000 0.0145101 0.0363064
 39 Q  39 0.0244721 0.0018117 0.2028057 0.0781224 0.0000000 0.0310035 0.0171280 0.0352456 0.0034711 0.0000000 0.0660280 0.0180587 0.0472911 0.0000000 0.2014336 0.0095921 0.2023348 0.0000000 0.0422985 0.0189031
 40 D  40 0.0717338 0.0000000 0.0319594 0.4050238 0.0000000 0.0137283 0.0968291 0.0819743 0.0000000 0.0000000 0.0153813 0.0056972 0.0000000 0.0000000 0.0042261 0.2565703 0.0098698 0.0000000 0.0000000 0.0070065
 41 Y  41 0.0178836 0.0373731 0.0180076 0.0224523 0.0000000 0.0000000 0.0000000 0.0167008 0.0000000 0.1030782 0.0799767 0.0211673 0.0207009 0.1043110 0.0632462 0.0524625 0.0449286 0.0238304 0.3602884 0.0135925
 42 L  42 0.1054833 0.0000000 0.0912188 0.0181262 0.0000000 0.0148169 0.0081778 0.0000000 0.0110337 0.0263838 0.0771127 0.0096965 0.0000000 0.1140742 0.0126522 0.0159510 0.0520313 0.0528117 0.3476784 0.0427514
 43 K  43 0.0717953 0.0489113 0.0264984 0.0763310 0.0056604 0.0092409 0.0722217 0.2411719 0.0184835 0.0201373 0.0141515 0.0656537 0.0000000 0.0267402 0.0614161 0.0722055 0.0754079 0.0120210 0.0609426 0.0210101
 44 A  44 0.0535540 0.0127277 0.0327551 0.0511122 0.0000000 0.0383545 0.0096467 0.0294102 0.0081462 0.1215559 0.0393314 0.0217103 0.0000000 0.0000000 0.1567659 0.1421432 0.1534698 0.0000000 0.0122261 0.1170907
 45 Y  45 0.0943920 0.0394310 0.0681597 0.0283704 0.0000000 0.0095800 0.0122980 0.0265574 0.0282900 0.0081017 0.0077185 0.0331204 0.0000000 0.0172494 0.0228769 0.0680145 0.0087794 0.0000000 0.5182560 0.0088047
 46 E  46 0.0331108 0.0158680 0.0238127 0.1458259 0.0000000 0.0463129 0.3016388 0.0696049 0.0089149 0.0088031 0.0557531 0.0085442 0.0000000 0.0000000 0.1264635 0.0567741 0.0752840 0.0000000 0.0000000 0.0232891
 47 K  47 0.1310073 0.1803521 0.0176507 0.0179217 0.0076747 0.0339556 0.0225671 0.0044838 0.0452197 0.0184125 0.0154354 0.1834775 0.0000000 0.0173181 0.0854739 0.1138724 0.0280266 0.0000000 0.0491071 0.0280437
 48 P  48 0.0459595 0.0154172 0.0520661 0.0507038 0.0000000 0.0152177 0.1061774 0.0223704 0.0126111 0.0000000 0.0000000 0.0144976 0.0040258 0.0000000 0.5316202 0.0416597 0.0859981 0.0000000 0.0016755 0.0000000
 49 D  49 0.1225048 0.0023562 0.0314134 0.5059305 0.0000000 0.0118517 0.1358579 0.0220087 0.0232557 0.0287741 0.0000000 0.0087061 0.0000000 0.0000000 0.0050321 0.0805526 0.0164233 0.0000000 0.0053329 0.0000000
 50 Y  50 0.4028352 0.0099595 0.0000000 0.0125024 0.0000000 0.0000000 0.0116243 0.0000000 0.0000000 0.0000000 0.0000000 0.0000000 0.0000000 0.0137286 0.0080595 0.1187641 0.0485218 0.0000000 0.3740046 0.0000000
 51 A  51 0.0282996 0.1603799 0.0015115 0.0000000 0.0000000 0.0046224 0.0000000 0.2602362 0.0000000 0.0148066 0.0188215 0.1688560 0.0096842 0.0091409 0.0033305 0.0683092 0.0447781 0.0000000 0.0114583 0.1957653
 52 V  52 0.0157110 0.0000000 0.0000000 0.0000000 0.0000000 0.0000000 0.0000000 0.0000000 0.0000000 0.3276413 0.0219777 0.0000000 0.0087916 0.0212583 0.0000000 0.0000000 0.0079675 0.0000000 0.0000000 0.5966525
 53 L  53 0.1020939 0.0000000 0.0000000 0.0000000 0.0000000 0.0073974 0.0000000 0.0146003 0.0000000 0.0927453 0.2716964 0.0000000 0.3719525 0.0073348 0.0000000 0.0000000 0.0433285 0.0231201 0.0084899 0.0572410
 54 S  54 0.1728542 0.0000000 0.0169189 0.0052924 0.0543544 0.0041878 0.0058440 0.0000000 0.0000000 0.0031235 0.0000000 0.0000000 0.0000000 0.0000000 0.0000000 0.6515260 0.0815407 0.0000000 0.0000000 0.0043582
 55 W  55 0.0000000 0.0134023 0.0000000 0.0134651 0.0000000 0.0000000 0.0041581 0.0083345 0.0000000 0.0000000 0.0000000 0.0000000 0.0000000 0.0136738 0.0064259 0.0063809 0.0000000 0.9268677 0.0072916 0.0000000
 56 W  56 0.0000000 0.0072763 0.0000000 0.0000000 0.0000000 0.0000000 0.0000000 0.0000000 0.0000000 0.0000000 0.0000000 0.0000000 0.0000000 0.0072360 0.0000000 0.0042361 0.0000000 0.9729806 0.0000000 0.0082709
 57 D  57 0.0000000 0.0000000 0.0071791 0.9574110 0.0000000 0.0000000 0.0000000 0.0055271 0.0000000 0.0000000 0.0000000 0.0000000 0.0000000 0.0000000 0.0000000 0.0123518 0.0112043 0.0000000 0.0000000 0.0063268
 58 Y  58 0.0160709 0.0057271 0.0218047 0.0045347 0.0000000 0.0163316 0.0000000 0.0000000 0.0117819 0.0065113 0.0254267 0.0000000 0.0000000 0.0184218 0.0057548 0.0054495 0.0000000 0.0251025 0.8335343 0.0035482
 59 G  59 0.0276161 0.0000000 0.0000000 0.0000000 0.0000000 0.0000000 0.0000000 0.9657339 0.0000000 0.0000000 0.0000000 0.0000000 0.0000000 0.0000000 0.0000000 0.0066500 0.0000000 0.0000000 0.0000000 0.0000000
 60 N  60 0.0081677 0.0000000 0.0739660 0.0092929 0.0000000 0.0027525 0.0000000 0.0220704 0.2854036 0.0000000 0.0000000 0.0000000 0.0000000 0.0253432 0.0000000 0.0000000 0.0036191 0.0160354 0.5533493 0.0000000
 61 W  61 0.0282439 0.0000000 0.0000000 0.0000000 0.0000000 0.3434980 0.0039818 0.0170034 0.0121196 0.0317294 0.0733089 0.0000000 0.0350588 0.0221818 0.0117991 0.0180371 0.0000000 0.3664928 0.0308559 0.0056896
 62 I  62 0.0359940 0.0000000 0.0000000 0.0000000 0.0040002 0.0000000 0.0285325 0.0000000 0.0000000 0.6575898 0.0833698 0.0000000 0.0282863 0.0456988 0.0000000 0.0000000 0.0276112 0.0000000 0.0235973 0.0653201
 63 L  63 0.0951133 0.0313327 0.0283044 0.0055226 0.0000000 0.0515394 0.1090075 0.0433716 0.0164219 0.0306426 0.0473969 0.0033320 0.0102389 0.0000000 0.0197595 0.0946825 0.3769894 0.0033098 0.0000000 0.0330350
 64 Y  64 0.1543658 0.0039521 0.0040906 0.0021474 0.0000000 0.0195445 0.0076674 0.2104217 0.0120779 0.0230673 0.0285672 0.0000000 0.0000000 0.0483017 0.0000000 0.0566046 0.0929500 0.0220314 0.1838249 0.1303854
 65 V  65 0.0225634 0.0239817 0.0189974 0.0141362 0.0000000 0.0622074 0.0291991 0.0118643 0.0000000 0.2092293 0.1443438 0.0231752 0.2060000 0.0549361 0.0000000 0.0036622 0.0039336 0.0188844 0.0768473 0.0760385
 66 A  66 0.4747217 0.0000000 0.0000000 0.0000000 0.0000000 0.0000000 0.0000000 0.3323334 0.0000000 0.0000000 0.0000000 0.0000000 0.0000000 0.0000000 0.0000000 0.1455375 0.0407482 0.0000000 0.0000000 0.0066592
 67 K  67 0.0072131 0.0900671 0.3079300 0.1184085 0.0000000 0.0499614 0.1483280 0.0787823 0.1143056 0.0000000 0.0051450 0.0680685 0.0029133 0.0000000 0.0000000 0.0000000 0.0000000 0.0025103 0.0063670 0.0000000
 68 K  68 0.0127755 0.8417266 0.0000000 0.0000000 0.0065060 0.0000000 0.0000000 0.0000000 0.0272351 0.0000000 0.0064521 0.0672784 0.0037605 0.0000000 0.0000000 0.0000000 0.0094945 0.0123816 0.0000000 0.0123899
 69 A  69 0.0909116 0.0460435 0.0000000 0.0000000 0.0000000 0.0244159 0.0126028 0.0230176 0.0000000 0.1475931 0.0028859 0.0316493 0.0625348 0.0000000 0.1811761 0.0398977 0.2963611 0.0000000 0.0141403 0.0267703
 70 V  70 0.1024271 0.0000000 0.0000000 0.0131886 0.0105138 0.0000000 0.0000000 0.0000000 0.0000000 0.0220509 0.0000000 0.0000000 0.0000000 0.0000000 0.2283010 0.1327032 0.2997961 0.0000000 0.0000000 0.1910193
 71 V  71 0.0154943 0.0000000 0.1308780 0.0000000 0.0000000 0.0000000 0.0000000 0.0072131 0.0348472 0.1455711 0.2658199 0.0000000 0.0103992 0.0274169 0.0063532 0.0268129 0.0430657 0.0000000 0.0224081 0.2637204
 72 C  72 0.4924812 0.0000000 0.0087435 0.0094614 0.0150577 0.0000000 0.0000000 0.0041330 0.0111012 0.0290650 0.0000000 0.0000000 0.0000000 0.0429651 0.0000000 0.0702172 0.0535998 0.0000000 0.0016403 0.2615347
 73 N  73 0.0040008 0.0039856 0.2596095 0.6156415 0.0000000 0.0239548 0.0135843 0.0072804 0.0000000 0.0000000 0.0000000 0.0000000 0.0000000 0.0000000 0.0162075 0.0220019 0.0283416 0.0000000 0.0000000 0.0053919
 74 N  74 0.0000000 0.0000000 0.3750661 0.0143386 0.0000000 0.0138446 0.0172412 0.3087346 0.0000000 0.0000000 0.0000000 0.0000000 0.0000000 0.0000000 0.2567396 0.0037658 0.0000000 0.0000000 0.0000000 0.0102694
 75 F  75 0.0499470 0.0028714 0.3386902 0.0000000 0.0000000 0.0043545 0.0000000 0.1223261 0.0000000 0.0062785 0.0171254 0.0000000 0.0246159 0.3081698 0.0000000 0.0965340 0.0000000 0.0040590 0.0106650 0.0143633
 76 Q  76 0.0163552 0.0083005 0.0196238 0.0068183 0.0000000 0.2928862 0.0165167 0.0278163 0.0333516 0.0000000 0.0000000 0.0121358 0.0055759 0.0000000 0.0040853 0.0635848 0.4929494 0.0000000 0.0000000 0.0000000
 77 A  77 0.1303218 0.0024440 0.0469108 0.0334918 0.0000000 0.1599713 0.0075137 0.0082046 0.0549189 0.0489264 0.0478709 0.0000000 0.0080768 0.0031067 0.0169817 0.0251813 0.0498412 0.2918753 0.0456057 0.0187572
 78 G  78 0.0074322 0.0000000 0.5364259 0.0405281 0.0000000 0.0079833 0.0000000 0.2721553 0.0138391 0.0059773 0.0000000 0.0030083 0.0091593 0.0000000 0.0133147 0.0432380 0.0119730 0.0000000 0.0124500 0.0225156
 79 A  79 0.1350543 0.0474894 0.2213164 0.0110194 0.0000000 0.0103780 0.0162731 0.0666397 0.0676803 0.0821055 0.0165458 0.0085146 0.0051534 0.0145903 0.0350498 0.0945662 0.0645677 0.0000000 0.0326003 0.0704556
 80 D  80 0.0477122 0.0615067 0.0136242 0.0745513 0.0057583 0.0120582 0.1571645 0.0192211 0.0000000 0.0104756 0.0074522 0.0171294 0.0056647 0.0055316 0.1207181 0.0616117 0.3179048 0.0031953 0.0263559 0.0323642
 81 D  81 0.0232267 0.0576326 0.0062590 0.0813626 0.0000000 0.1059172 0.0366466 0.1137646 0.3085205 0.0043623 0.0348518 0.0333442 0.0103087 0.0099722 0.0302719 0.0497733 0.0233038 0.0053422 0.0363319 0.0288080
 82 A  82 0.2528009 0.0000000 0.0159241 0.0000000 0.0116247 0.0000000 0.0000000 0.0173440 0.0000000 0.4878038 0.0313727 0.0000000 0.0065334 0.0037789 0.0000000 0.0876848 0.0036777 0.0000000 0.0000000 0.0814550
 83 A  83 0.6335339 0.0000000 0.0053434 0.0043023 0.0059274 0.0072165 0.0106682 0.1137089 0.0000000 0.0074580 0.0391883 0.0000000 0.0037639 0.0024509 0.0000000 0.1197026 0.0163914 0.0000000 0.0000000 0.0303443
 84 K  84 0.1251316 0.1190035 0.0788948 0.0373696 0.0000000 0.0420052 0.0516492 0.0023606 0.0129007 0.0454778 0.0725849 0.0745005 0.0102420 0.0000000 0.0422637 0.0361929 0.2095847 0.0036746 0.0321709 0.0039926
 85 F  85 0.0722597 0.0132223 0.0000000 0.0072868 0.0000000 0.0000000 0.0067273 0.0000000 0.0000000 0.1510133 0.0593019 0.0128455 0.0357577 0.2603136 0.0079389 0.0139362 0.0074531 0.0000000 0.0797215 0.2722221
 86 F  86 0.0258086 0.0000000 0.0000000 0.0000000 0.0000000 0.0079473 0.0065794 0.3008479 0.0041797 0.0141687 0.2588128 0.0000000 0.0245949 0.3116911 0.0000000 0.0000000 0.0000000 0.0000000 0.0410198 0.0043498
 87 T  87 0.0222690 0.0115261 0.0000000 0.0020558 0.0143398 0.0062050 0.0024882 0.0296480 0.0000000 0.0463297 0.3282691 0.0389776 0.2029972 0.0508391 0.0000000 0.0303023 0.1682857 0.0073247 0.0079801 0.0301627
 88 A  88 0.4699558 0.0000000 0.0094908 0.0000000 0.0000000 0.0074394 0.0000000 0.0349529 0.0000000 0.0000000 0.0067193 0.0184705 0.0187372 0.0082198 0.0000000 0.2234739 0.1902201 0.0000000 0.0000000 0.0123202
 89 Q  89 0.0215474 0.0369504 0.0430924 0.0625774 0.0000000 0.1001037 0.0743464 0.0163481 0.0207298 0.0040457 0.0507696 0.0313779 0.0526473 0.0130718 0.0537966 0.2954044 0.1012812 0.0000000 0.0072510 0.0146587
 90 S  90 0.0000000 0.0126189 0.2791895 0.1783699 0.0000000 0.0000000 0.0216861 0.0000000 0.0000000 0.0000000 0.0027991 0.0103157 0.0000000 0.0000000 0.1579869 0.2543692 0.0541813 0.0000000 0.0073250 0.0211585
 91 E  91 0.0041739 0.0027105 0.0137576 0.0111589 0.0000000 0.0443140 0.6302149 0.0427888 0.0000000 0.0166658 0.0052996 0.0000000 0.0028043 0.0049859 0.1050001 0.0062610 0.0250363 0.0000000 0.0288577 0.0559707
 92 E  92 0.0754791 0.0295501 0.0964469 0.0895473 0.0000000 0.0369622 0.2940672 0.0090486 0.0051516 0.0198307 0.0031472 0.0626465 0.0000000 0.0030639 0.0079727 0.1788069 0.0765435 0.0009917 0.0037849 0.0069590
 93 E  93 0.0845005 0.0460965 0.0208419 0.0584774 0.0000000 0.0928419 0.2695070 0.0261717 0.0089400 0.0099280 0.0483150 0.1024475 0.0000000 0.0292795 0.0062980 0.0261040 0.0394357 0.0136827 0.0318872 0.0852455
 94 A  94 0.5828683 0.0000000 0.0032862 0.0000000 0.0000000 0.0042038 0.0097478 0.0710693 0.0031436 0.0284931 0.0290963 0.0000000 0.0052774 0.0000000 0.0000000 0.2219926 0.0213121 0.0041326 0.0000000 0.0153768
 95 M  95 0.0803426 0.0200652 0.0713841 0.0420160 0.0000000 0.0115098 0.1196218 0.0050264 0.0685857 0.0215045 0.0860638 0.0242453 0.0207188 0.0098192 0.0000000 0.0206119 0.0411839 0.0846370 0.2255472 0.0471170
 96 K  96 0.0834249 0.0620551 0.0447043 0.0494642 0.0000000 0.0714034 0.1942230 0.0600777 0.0175669 0.0224578 0.0423948 0.1377709 0.0097737 0.0181806 0.0545289 0.0595383 0.0319671 0.0000000 0.0100208 0.0304474
 97 I  97 0.0091137 0.0234298 0.0165879 0.0497615 0.0000000 0.0014066 0.0203834 0.0000000 0.0000000 0.4851635 0.1472618 0.0042547 0.0343379 0.0334725 0.0000000 0.0030494 0.0118281 0.0028502 0.0150038 0.1420953
 98 V  98 0.1567519 0.0000000 0.0095286 0.0000000 0.0084609 0.0000000 0.0030391 0.0000000 0.0188182 0.0531433 0.3921481 0.0000000 0.1839477 0.0570375 0.0000000 0.0203843 0.0257606 0.0000000 0.0091586 0.0618212
 99 E  99 0.0126104 0.3427120 0.0300411 0.1470825 0.0000000 0.0442601 0.1787355 0.0000000 0.0086435 0.0094557 0.0079401 0.1097335 0.0235943 0.0099570 0.0115796 0.0289474 0.0347072 0.0000000 0.0000000 0.0000000
100 K 100 0.1436307 0.0514822 0.0455462 0.0693587 0.0000000 0.0425764 0.1267720 0.0191705 0.0819021 0.0063070 0.0309985 0.1466258 0.0584886 0.0116595 0.0050957 0.1269810 0.0205296 0.0000000 0.0090211 0.0038544
101 R 101 0.0436806 0.0777945 0.0337482 0.0118314 0.0000000 0.0000000 0.0144981 0.0000000 0.0910323 0.0348723 0.5033071 0.0000000 0.0618571 0.0370670 0.0000000 0.0000000 0.0094901 0.0332470 0.0282984 0.0192762
102 K 102 0.0411011 0.0324280 0.1157576 0.3040277 0.0000000 0.0388472 0.1003764 0.2353429 0.0124386 0.0000000 0.0103713 0.0643263 0.0000000 0.0000000 0.0029940 0.0341310 0.0000000 0.0041506 0.0000000 0.0037074
103 V 103 0.2219328 0.0000000 0.0108694 0.0041457 0.0094045 0.0000000 0.0142107 0.0204152 0.0000000 0.0368579 0.0334077 0.0000000 0.0116520 0.0000000 0.0377481 0.0529076 0.1472022 0.0000000 0.0000000 0.3992460
104 R 104 0.0000000 0.2456477 0.0678878 0.4237283 0.0000000 0.0083236 0.0203077 0.0093014 0.0042814 0.0000000 0.0000000 0.1430209 0.0000000 0.0026588 0.0039703 0.0249341 0.0459382 0.0000000 0.0000000 0.0000000
105 Y 105 0.0000000 0.0000000 0.0000000 0.0000000 0.0110833 0.0000000 0.0000000 0.0315587 0.0048231 0.0000000 0.0000000 0.0000000 0.0000000 0.0271424 0.0111858 0.0043315 0.0000000 0.0087027 0.9011725 0.0000000
106 V 106 0.0247293 0.0000000 0.0099428 0.0053311 0.0000000 0.0054304 0.0086743 0.0000000 0.0080743 0.1393190 0.0750865 0.0000000 0.0163125 0.0509181 0.0000000 0.0043543 0.0043499 0.0000000 0.0087674 0.6387101
107 V 107 0.0509962 0.0000000 0.0029906 0.0036016 0.0000000 0.0000000 0.0000000 0.0036258 0.0000000 0.2073928 0.3553950 0.0080743 0.1189406 0.0247934 0.0038750 0.0000000 0.0055638 0.0000000 0.0356622 0.1790888
108 T 108 0.0491727 0.0000000 0.0136590 0.0000000 0.0000000 0.0000000 0.0086856 0.0050681 0.0000000 0.1742706 0.0460251 0.0000000 0.0000000 0.0057712 0.0043186 0.0668439 0.1455207 0.0000000 0.0000000 0.4806646
109 V 109 0.0131275 0.0058731 0.0392086 0.3328646 0.0000000 0.0000000 0.0135002 0.0087324 0.0000000 0.0373803 0.0108410 0.0041908 0.0046649 0.3313595 0.0000000 0.0446252 0.0423345 0.0239187 0.0556555 0.0317231
110 E 110 0.0489630 0.0041936 0.0394128 0.0603687 0.0076319 0.0247948 0.0509670 0.3237713 0.0061783 0.0460411 0.0327841 0.0391414 0.0226898 0.0367787 0.0288637 0.0292614 0.0136198 0.0573442 0.0717387 0.0554557
111 E 111 0.0357381 0.0879195 0.0000000 0.0468767 0.0000000 0.0447014 0.1269088 0.3728373 0.0045834 0.0271774 0.0256196 0.0508458 0.0090330 0.0000000 0.0625641 0.0155508 0.0709619 0.0000000 0.0000000 0.0186822
112 L 112 0.0415724 0.0133859 0.0000000 0.0099100 0.0000000 0.0088572 0.0000000 0.0043041 0.0010941 0.0213022 0.2286337 0.0000000 0.3212630 0.0821246 0.0058219 0.0000000 0.0309207 0.0486142 0.0900102 0.0921860
113 T 113 0.2303446 0.0000000 0.0115224 0.0350483 0.0027415 0.0088361 0.0144752 0.0369274 0.0053010 0.1444290 0.1355050 0.0130547 0.0049258 0.0000000 0.0320526 0.0738665 0.1234339 0.0000000 0.0072566 0.1202795
114 V 114 0.0458236 0.0109285 0.0393055 0.0289705 0.0000000 0.0218868 0.0463549 0.3859235 0.0000000 0.0179621 0.0694216 0.0310934 0.0161043 0.0242341 0.0155612 0.0651812 0.0952555 0.0000000 0.0458572 0.0401363
115 K 115 0.0220324 0.0000000 0.0247361 0.0352499 0.0000000 0.0102344 0.0259162 0.1659538 0.0106185 0.0189937 0.0518793 0.0657029 0.0232566 0.0389356 0.0790121 0.0346408 0.0752461 0.0000000 0.3175915 0.0000000
116 P 116 0.0390038 0.0109977 0.0444755 0.0426599 0.0082132 0.0319554 0.0264404 0.0997908 0.0146129 0.0305640 0.0108496 0.1033752 0.0046706 0.0418061 0.1092531 0.2462643 0.0500520 0.0353066 0.0392639 0.0104452
117 E 117 0.0622638 0.0213103 0.0152239 0.0245726 0.0000000 0.0400576 0.0233343 0.3019758 0.0000000 0.0076545 0.0764245 0.0122425 0.0299750 0.1258996 0.0000000 0.2079950 0.0075778 0.0190612 0.0162820 0.0081495
118 T 118 0.0666254 0.0132911 0.0612566 0.3668928 0.0000000 0.0554981 0.0068859 0.1129929 0.0116501 0.0090772 0.0090383 0.0136506 0.0097124 0.0039460 0.0382205 0.0918995 0.0276970 0.0037648 0.0827045 0.0151966
119 N 119 0.1298282 0.0033761 0.0108014 0.6148670 0.0000000 0.0087986 0.0073026 0.0259089 0.0000000 0.0207060 0.0454758 0.0136015 0.0370902 0.0176771 0.0000000 0.0137353 0.0183525 0.0000000 0.0045724 0.0279063
120 K 120 0.0088142 0.0122743 0.0328044 0.0063296 0.0000000 0.0190312 0.0374522 0.0287150 0.0043045 0.3720895 0.2040741 0.0136420 0.0773536 0.0431099 0.0000000 0.0353396 0.0207788 0.0207036 0.0121729 0.0510108
121 T 121 0.1302083 0.0083042 0.3190884 0.0204983 0.0041668 0.0245781 0.0322887 0.0853466 0.0085854 0.0184846 0.0419607 0.0000000 0.0529729 0.0076142 0.0467642 0.1180632 0.0689439 0.0000000 0.0121315 0.0000000
122 K 122 0.0356665 0.0235852 0.0017731 0.0124015 0.0000000 0.0235512 0.0164638 0.0313142 0.0000000 0.0149544 0.0094712 0.6955491 0.0000000 0.0000000 0.0125590 0.0211098 0.0371506 0.0180123 0.0307997 0.0156385
123 F 123 0.0063261 0.0000000 0.0000000 0.0000000 0.0000000 0.0089177 0.0000000 0.0334587 0.0000000 0.0351793 0.0605333 0.0319941 0.0000000 0.5051726 0.0000000 0.1536114 0.0033816 0.1128417 0.0419328 0.0066508
124 I 124 0.0403052 0.0194616 0.0650368 0.0241650 0.0000000 0.0529671 0.0216241 0.0768512 0.0104581 0.0462335 0.2665828 0.0000000 0.0239948 0.0253447 0.1583416 0.0676781 0.0259791 0.0036135 0.0594010 0.0119618
125 P 125 0.2186223 0.0035373 0.0207060 0.0038275 0.0000000 0.0107517 0.0108881 0.0613778 0.0710541 0.0115146 0.0181604 0.0000000 0.0049337 0.0157743 0.0468844 0.0400151 0.0475518 0.3986866 0.0000000 0.0157144
126 I 126 0.0139367 0.0039456 0.0000000 0.0045243 0.0114857 0.0098644 0.0410390 0.0038004 0.0000000 0.1980821 0.0681541 0.0083799 0.4157196 0.0449187 0.0736170 0.0169000 0.0382003 0.0000000 0.0141855 0.0332468
127 M 127 0.1469834 0.0116860 0.0034023 0.0196784 0.0045207 0.0078781 0.0360408 0.0197905 0.0000000 0.1108790 0.1351754 0.0198130 0.0418406 0.0108051 0.0434704 0.0681986 0.0278951 0.0000000 0.0089753 0.2829673
128 Q 128 0.0689460 0.4427715 0.0086662 0.0533409 0.0000000 0.0447029 0.0217228 0.0118027 0.0151601 0.0000000 0.0252018 0.0591637 0.0000000 0.0042952 0.0074550 0.0383544 0.0342137 0.0103587 0.1310663 0.0227784
129 I 129 0.0160154 0.0042095 0.0101165 0.0035156 0.0000000 0.0180509 0.0080842 0.0076711 0.0081578 0.5030887 0.0960835 0.0000000 0.0113658 0.0244739 0.0113025 0.0400295 0.0848414 0.0811337 0.0238348 0.0480251
130 A 130 0.4425423 0.0083504 0.0292325 0.0232673 0.0034733 0.0061683 0.0185922 0.2221654 0.0226715 0.0280508 0.0084387 0.0000000 0.0000000 0.0098619 0.0179427 0.0738285 0.0480707 0.0000000 0.0263763 0.0109673
131 G 131 0.0244865 0.0035596 0.1544289 0.0623535 0.0000000 0.0038432 0.0557110 0.4505579 0.0028253 0.0063819 0.0357271 0.0367890 0.0000000 0.0000000 0.0461592 0.0410241 0.0000000 0.0000000 0.0573920 0.0187608
132 Y 132 0.0542239 0.0193022 0.0000000 0.0646097 0.0061409 0.0513185 0.1166443 0.0470040 0.0238994 0.0882649 0.0371957 0.0417578 0.0321677 0.0342889 0.0043319 0.0977418 0.0505690 0.0074821 0.1441345 0.0789228
133 S 133 0.0175549 0.0147741 0.0350814 0.0955278 0.0048973 0.0382255 0.0831110 0.0592979 0.0116459 0.0282980 0.0187640 0.0179973 0.0032417 0.0175361 0.0784244 0.1376368 0.1270867 0.0581413 0.0416897 0.1110680
134 P 134 0.0153560 0.0275074 0.0518903 0.0513656 0.0055280 0.0435519 0.0175081 0.1238417 0.0068416 0.0301849 0.0285962 0.0268286 0.0241763 0.0664708 0.2134205 0.0392940 0.1105965 0.0000000 0.0817481 0.0352935
135 E 135 0.0519611 0.0589318 0.0613982 0.1584852 0.0000000 0.0072334 0.1449487 0.1818196 0.0416594 0.0039988 0.0000000 0.0398485 0.0042032 0.0046114 0.0748201 0.0736200 0.0135032 0.0000000 0.0540474 0.0249102
136 Y 136 0.0160706 0.0555430 0.0163569 0.1079744 0.0000000 0.0389600 0.1119878 0.0598998 0.0723979 0.0066596 0.0180200 0.0750349 0.0000000 0.0529263 0.0000000 0.0408969 0.0571975 0.0243548 0.1999199 0.0457996
137 M 137 0.0206944 0.0513808 0.0158408 0.0156692 0.0000000 0.0450394 0.0414350 0.0420648 0.0198232 0.1363811 0.0699668 0.0123687 0.0431369 0.0351136 0.0781798 0.0342037 0.0128248 0.0162105 0.2026105 0.1070557
138 K 138 0.0397101 0.0604906 0.0358586 0.0546157 0.0282891 0.0560302 0.0143318 0.0300818 0.0260622 0.0796820 0.0599364 0.1159780 0.0065598 0.0316811 0.0897100 0.0440311 0.1146163 0.0047925 0.0638645 0.0436782
139 N 139 0.0561942 0.0089445 0.0350165 0.0582976 0.0000000 0.0325742 0.1813739 0.1223542 0.0543217 0.0236149 0.0357603 0.0229947 0.0345780 0.0065031 0.0710899 0.1007082 0.0112202 0.0000000 0.0670877 0.0773663
140 K 140 0.0489926 0.0638830 0.0267727 0.0246598 0.0000000 0.0403529 0.0488578 0.0756958 0.0051406 0.1838779 0.0587960 0.0449222 0.0319074 0.0106857 0.0520324 0.1635796 0.0388860 0.0043199 0.0196491 0.0569887
141 E 141 0.0351376 0.0957941 0.0236897 0.1315004 0.0084549 0.0782254 0.1095057 0.0540719 0.0171791 0.0396430 0.0262068 0.0753252 0.0363423 0.0664578 0.0678301 0.0483036 0.0219393 0.0036337 0.0292510 0.0315083
142 I 142 0.0274741 0.0084622 0.0371787 0.0293284 0.0000000 0.0214970 0.1681366 0.0639770 0.0133527 0.0653037 0.0465016 0.0169086 0.0183920 0.0698489 0.1927638 0.0242537 0.0407687 0.0085891 0.1185993 0.0286639
143 I 143 0.0242385 0.0313794 0.1319661 0.0097972 0.0000000 0.0619771 0.0433915 0.0397461 0.0117363 0.0496265 0.0240857 0.0475768 0.0239350 0.0065070 0.0372895 0.2102581 0.1592625 0.0142426 0.0122784 0.0607057
144 D 144 0.0383505 0.0018280 0.0698100 0.2688035 0.0000000 0.1277492 0.0995129 0.0388750 0.0012626 0.0150552 0.0134237 0.0340486 0.0028475 0.0000000 0.1721057 0.0681194 0.0381000 0.0000000 0.0050117 0.0050965
145 F 145 0.0523234 0.1346679 0.0124579 0.0466955 0.0000000 0.0153646 0.0206829 0.0000000 0.0000000 0.0093127 0.0223159 0.1115271 0.0618754 0.1551908 0.0621697 0.0384158 0.0230914 0.0000000 0.1830157 0.0508932
146 F 146 0.0069849 0.0000000 0.0000000 0.0000000 0.0084217 0.0059684 0.0103722 0.0297345 0.0000000 0.0045737 0.0736658 0.0049747 0.1059972 0.2480966 0.0000000 0.0187308 0.0116507 0.0450655 0.4016736 0.0240898
147 N 147 0.0364643 0.1020018 0.1298684 0.0147147 0.0000000 0.0208743 0.0272469 0.0594652 0.0000000 0.0050676 0.0701509 0.0266413 0.0089514 0.0783579 0.0000000 0.0809064 0.1481935 0.0115881 0.1692168 0.0102906
148 K 148 0.0976861 0.0815671 0.1641766 0.1081257 0.0000000 0.0505265 0.1511351 0.0167437 0.0097141 0.0066803 0.0080126 0.0649170 0.0176723 0.0000000 0.1043688 0.0593697 0.0012903 0.0000000 0.0197119 0.0383023
149 T 149 0.0223000 0.0598962 0.0442393 0.0301023 0.0090040 0.0409142 0.0059449 0.0069683 0.0047565 0.0000000 0.0071381 0.0079155 0.0106478 0.0000000 0.0279715 0.3096303 0.3599299 0.0000000 0.0162088 0.0364324
150 M 150 0.0041352 0.0000000 0.0148579 0.0000000 0.0000000 0.0079570 0.0136536 0.2950118 0.0000000 0.0246725 0.1698902 0.0000000 0.2452056 0.0178831 0.0000000 0.0077773 0.1011298 0.0296686 0.0082626 0.0598948
151 L 151 0.0187300 0.0122390 0.0114721 0.0288599 0.0000000 0.0322255 0.2313748 0.0056893 0.0065304 0.1006746 0.2403075 0.0225350 0.0563833 0.0175953 0.0000000 0.0354007 0.0385966 0.0053157 0.0489013 0.0871691
152 Y 152 0.1136292 0.0000000 0.0243273 0.0169998 0.0091401 0.0058340 0.0000000 0.0509967 0.0000000 0.0083187 0.0093537 0.0000000 0.0041213 0.1423059 0.0000000 0.1242504 0.0427984 0.0070923 0.3816480 0.0591842
153 K 153 0.0080802 0.5457512 0.0536422 0.0062918 0.0089494 0.0483367 0.0107364 0.0228545 0.0178301 0.0036909 0.0051233 0.1918032 0.0000000 0.0000000 0.0038454 0.0304802 0.0328909 0.0000000 0.0000000 0.0096936
154 L 154 0.0084876 0.0000000 0.0051593 0.0000000 0.0078632 0.0000000 0.0000000 0.0000000 0.0000000 0.0956060 0.5572152 0.0000000 0.0495145 0.0247938 0.0000000 0.0000000 0.0154063 0.0000000 0.0000000 0.2359543
155 H 155 0.0211842 0.0000000 0.0011561 0.2533562 0.0199949 0.0402917 0.0062158 0.0331971 0.2822854 0.0125202 0.0000000 0.0055151 0.0094009 0.0359787 0.0040067 0.0551096 0.0151455 0.0155930 0.1851542 0.0038945
156 V 156 0.0810927 0.0521884 0.0680507 0.0402742 0.0000000 0.0221997 0.0546877 0.0257860 0.0197222 0.0697765 0.0988605 0.0636394 0.0131718 0.0664575 0.0205422 0.0958712 0.0777133 0.0000000 0.0974482 0.0325179
157 E 157 0.1065271 0.0479615 0.0770168 0.0508789 0.0000000 0.0730183 0.1150743 0.0529979 0.0337725 0.0118633 0.0633590 0.0238834 0.0030075 0.1787001 0.0000000 0.0535369 0.0104466 0.0000000 0.0837360 0.0142199
158 N 158 0.1799214 0.0422301 0.1270197 0.3106253 0.0000000 0.0049888 0.0213130 0.1940026 0.0370990 0.0000000 0.0000000 0.0289553 0.0028124 0.0000000 0.0087933 0.0021903 0.0278484 0.0062978 0.0000000 0.0059026
159 A 159 0.1054855 0.0104195 0.0109960 0.0082514 0.0184271 0.0197931 0.0146606 0.3314831 0.0000000 0.0159964 0.0324222 0.0288574 0.0117691 0.0286667 0.0468324 0.1741656 0.1129885 0.0000000 0.0081170 0.0206683
160 T 160 0.0265902 0.0471511 0.0643047 0.0658868 0.0000000 0.0571066 0.0707218 0.0154119 0.0018302 0.0167109 0.0270172 0.0677659 0.0000000 0.0138782 0.1348869 0.2623502 0.0654132 0.0000000 0.0117291 0.0512450
161 N 161 0.1648070 0.0145049 0.0781900 0.0444507 0.0000000 0.0104545 0.0487144 0.1350809 0.0119032 0.0054091 0.0000000 0.0332908 0.0162227 0.0000000 0.0375816 0.0903736 0.2502362 0.0000000 0.0470941 0.0116865
162 L 162 0.0362490 0.0035434 0.0063407 0.0048113 0.0000000 0.0093424 0.0080411 0.0046480 0.0000000 0.0347854 0.3394806 0.0141429 0.3258144 0.0132901 0.0307678 0.0606144 0.0269575 0.0180669 0.0143299 0.0487741
163 T 163 0.0358326 0.0474094 0.0450546 0.0377187 0.0000000 0.0416249 0.1324719 0.0563001 0.0327899 0.0174375 0.1909856 0.1404393 0.0195007 0.0126052 0.0405864 0.0744962 0.0485964 0.0000000 0.0000000 0.0261507
164 H 164 0.0109594 0.0512749 0.3256065 0.0415381 0.0000000 0.0576188 0.0328310 0.0570192 0.2330946 0.0000000 0.0326011 0.0346865 0.0215339 0.0000000 0.0213648 0.0257277 0.0079572 0.0000000 0.0370764 0.0091099
165 F 165 0.0068310 0.0000000 0.0000000 0.0000000 0.1140251 0.0142946 0.0000000 0.0000000 0.0000000 0.0122339 0.0727715 0.0090121 0.0000000 0.2619368 0.0000000 0.2288875 0.0103925 0.0039239 0.2481905 0.0175005
166 R 166 0.0072904 0.3909430 0.0000000 0.0063873 0.0000000 0.0796700 0.0308762 0.0000000 0.0000000 0.0092960 0.3082115 0.0833330 0.0052034 0.0121994 0.0000000 0.0060345 0.0366383 0.0000000 0.0000000 0.0239170
167 L 167 0.0267647 0.0074079 0.0000000 0.0000000 0.0000000 0.0222766 0.0869724 0.0122659 0.0070205 0.0083375 0.4297257 0.0000000 0.3160950 0.0137343 0.0110122 0.0000000 0.0252519 0.0000000 0.0269478 0.0061875
168 L 168 0.0052809 0.0000000 0.0070538 0.0000000 0.0000000 0.0249801 0.0166263 0.0000000 0.0000000 0.0614146 0.0345383 0.0000000 0.0000000 0.0142705 0.0000000 0.0119202 0.0134917 0.0024692 0.3763144 0.4316399
169 K 169 0.0000000 0.0172045 0.0092104 0.0000000 0.0000000 0.0131950 0.0000000 0.0130910 0.1562557 0.0000000 0.0000000 0.3413810 0.0000000 0.0578162 0.0097168 0.0213675 0.0058444 0.0000000 0.3549175 0.0000000
170 N 170 0.0148540 0.0304511 0.0605470 0.0405594 0.0000000 0.0276657 0.3024630 0.0740700 0.0000000 0.0056981 0.1724212 0.0319802 0.1557546 0.0000000 0.0000000 0.0482650 0.0286392 0.0000000 0.0066315 0.0000000
171 F 171 0.0133345 0.0142053 0.0332234 0.0287329 0.0000000 0.0000000 0.0000000 0.0168957 0.0233518 0.0000000 0.0000000 0.0000000 0.0000000 0.1107362 0.0000000 0.6595539 0.0324466 0.0000000 0.0527623 0.0147573
172 G 172 0.1160379 0.0053497 0.0384932 0.2188101 0.0035608 0.0197705 0.0268636 0.3114278 0.0000000 0.0000000 0.0064814 0.0631890 0.0136257 0.0000000 0.0335660 0.0713631 0.0327026 0.0115607 0.0000000 0.0271977
173 T 173 0.0179568 0.0345601 0.0359415 0.0680542 0.0000000 0.0539858 0.0628649 0.0698127 0.0000000 0.0254746 0.0860743 0.0469518 0.0551323 0.0128056 0.0730783 0.0160661 0.1178235 0.0000000 0.2093323 0.0140852
174 V 174 0.0522781 0.0000000 0.0000000 0.0141760 0.0000000 0.0000000 0.0000000 0.0101874 0.0000000 0.0433343 0.0278428 0.0000000 0.0000000 0.0000000 0.0000000 0.0000000 0.0094253 0.0000000 0.2448107 0.5979453
175 K 175 0.0243495 0.4439826 0.0000000 0.0000000 0.0000000 0.0505065 0.0486836 0.0000000 0.0165838 0.0258872 0.0000000 0.2305403 0.0428464 0.0000000 0.0000000 0.0086417 0.0096639 0.0000000 0.0845480 0.0137666
176 I 176 0.0000000 0.0196010 0.0000000 0.0000000 0.0000000 0.0216822 0.0000000 0.0156445 0.0000000 0.5056470 0.0930660 0.0357018 0.0000000 0.1572523 0.0000000 0.0115143 0.0102326 0.0000000 0.0000000 0.1296583
177 F 177 0.0264814 0.0000000 0.0061797 0.0321728 0.0000000 0.0124507 0.0000000 0.0723213 0.0083628 0.0214676 0.0273751 0.0179842 0.0000000 0.3862271 0.0000000 0.0127367 0.0062024 0.0334082 0.3014137 0.0352165
178 E 178 0.0000000 0.0671337 0.0185656 0.0192715 0.0000000 0.0130796 0.5901165 0.0000000 0.0000000 0.0127321 0.0000000 0.2791010 0.0000000 0.0000000 0.0000000 0.0000000 0.0000000 0.0000000 0.0000000 0.0000000
179 V 179 0.0000000 0.0000000 0.0000000 0.0000000 0.0000000 0.0000000 0.0000000 0.0000000 0.0000000 0.1947050 0.1837062 0.0000000 0.0428429 0.0000000 0.0000000 0.0000000 0.0099542 0.0000000 0.0000000 0.5687917
180 K 180 0.0000000 0.0978997 0.0000000 0.0000000 0.0000000 0.3558158 0.0000000 0.0000000 0.0000000 0.0000000 0.0000000 0.5462846 0.0000000 0.0000000 0.0000000 0.0000000 0.0000000 0.0000000 0.0000000 0.0000000
