  151         A         R         N         D         C         Q         E         G         H         I         L         K         M         F         P         S         T         W         Y         V    
  1 G   1 0.2300713 0.0000000 0.0000000 0.0000000 0.0000000 0.0000000 0.0000000 0.5899820 0.0000000 0.0000000 0.0000000 0.0000000 0.0000000 0.0000000 0.0000000 0.1799468 0.0000000 0.0000000 0.0000000 0.0000000
  2 N   2 0.0000000 0.0000000 1.0000000 0.0000000 0.0000000 0.0000000 0.0000000 0.0000000 0.0000000 0.0000000 0.0000000 0.0000000 0.0000000 0.0000000 0.0000000 0.0000000 0.0000000 0.0000000 0.0000000 0.0000000
  3 G   3 0.0000000 0.0000000 0.0000000 0.0000000 0.0000000 0.0000000 0.0000000 1.0000000 0.0000000 0.0000000 0.0000000 0.0000000 0.0000000 0.0000000 0.0000000 0.0000000 0.0000000 0.0000000 0.0000000 0.0000000
  4 K   4 0.0901566 0.0000000 0.1934634 0.0000000 0.0000000 0.0000000 0.0000000 0.0000000 0.0000000 0.0000000 0.0000000 0.7163800 0.0000000 0.0000000 0.0000000 0.0000000 0.0000000 0.0000000 0.0000000 0.0000000
  5 Y   5 0.0000000 0.0000000 0.0000000 0.0000000 0.0000000 0.0000000 0.0000000 0.0000000 0.0000000 0.0000000 0.0000000 0.0000000 0.0000000 0.0000000 0.0000000 0.0000000 0.0000000 0.0000000 1.0000000 0.0000000
  6 F   6 0.0000000 0.0000000 0.0000000 0.0000000 0.0000000 0.0000000 0.0000000 0.0000000 0.0000000 0.0828911 0.3395578 0.0000000 0.1319171 0.2450406 0.0000000 0.0000000 0.0000000 0.0000000 0.0000000 0.2005935
  7 S   7 0.0000000 0.0000000 0.0000000 0.0000000 0.0000000 0.0000000 0.0000000 0.0000000 0.0000000 0.0681502 0.0000000 0.0000000 0.0000000 0.0594246 0.0000000 0.6604488 0.0000000 0.0000000 0.0862540 0.1257224
  8 K   8 0.0000000 0.3249112 0.0000000 0.0000000 0.0000000 0.0000000 0.0000000 0.0000000 0.0000000 0.0000000 0.0000000 0.6750888 0.0000000 0.0000000 0.0000000 0.0000000 0.0000000 0.0000000 0.0000000 0.0000000
  9 V   9 0.0000000 0.0000000 0.0000000 0.0000000 0.0000000 0.0000000 0.0000000 0.0000000 0.0000000 0.1209548 0.0792134 0.0000000 0.0000000 0.0000000 0.0000000 0.0000000 0.1319171 0.0000000 0.0000000 0.6679148
 10 G  10 0.0792134 0.0619555 0.2387890 0.0448770 0.0000000 0.0594246 0.0000000 0.4213014 0.0000000 0.0000000 0.0000000 0.0000000 0.0000000 0.0000000 0.0000000 0.0525289 0.0000000 0.0000000 0.0000000 0.0419102
 11 S  11 0.0000000 0.0000000 0.2928571 0.2525111 0.0000000 0.0792134 0.0403711 0.0000000 0.0000000 0.0000000 0.0000000 0.0000000 0.0000000 0.0000000 0.0000000 0.2031304 0.1319171 0.0000000 0.0000000 0.0000000
 12 A  12 0.3243342 0.0000000 0.0000000 0.0525289 0.0000000 0.0000000 0.0000000 0.0000000 0.0862540 0.1086438 0.0416612 0.0000000 0.0968421 0.0804167 0.0000000 0.0000000 0.1301057 0.0000000 0.0000000 0.0792134
 13 G  13 0.0000000 0.0000000 0.0000000 0.1213801 0.0792936 0.0862540 0.1319171 0.2854249 0.0000000 0.0525289 0.0000000 0.0000000 0.0000000 0.0000000 0.0000000 0.2432014 0.0000000 0.0000000 0.0000000 0.0000000
 14 L  14 0.0681502 0.0000000 0.0000000 0.0000000 0.0000000 0.0000000 0.0525289 0.0000000 0.0000000 0.3057717 0.3904701 0.0000000 0.0000000 0.0419102 0.0000000 0.0000000 0.0000000 0.0000000 0.0000000 0.1411689
 15 K  15 0.0000000 0.1213801 0.0637669 0.0862540 0.0804167 0.0792936 0.0792134 0.0681502 0.0000000 0.0941901 0.0000000 0.3273351 0.0000000 0.0000000 0.0000000 0.0000000 0.0000000 0.0000000 0.0000000 0.0000000
 16 Q  16 0.0000000 0.0792936 0.1262996 0.0000000 0.0000000 0.4744364 0.0000000 0.1213801 0.0374175 0.0000000 0.0000000 0.1162958 0.0000000 0.0448770 0.0000000 0.0000000 0.0000000 0.0000000 0.0000000 0.0000000
 17 L  17 0.0000000 0.0000000 0.0000000 0.0000000 0.0000000 0.0000000 0.0000000 0.0000000 0.0525289 0.1676326 0.6399972 0.0000000 0.0000000 0.0804167 0.0000000 0.0000000 0.0000000 0.0000000 0.0000000 0.0594246
 18 T  18 0.2274229 0.0000000 0.0000000 0.0000000 0.0000000 0.0000000 0.0000000 0.0637669 0.0681502 0.0000000 0.0525289 0.0000000 0.0000000 0.0000000 0.0000000 0.3430906 0.2450406 0.0000000 0.0000000 0.0000000
 19 N  19 0.1213801 0.0000000 0.3473139 0.1208745 0.0000000 0.0000000 0.0000000 0.0000000 0.0000000 0.0374175 0.0000000 0.1660808 0.0000000 0.0000000 0.0000000 0.0525289 0.0681502 0.0000000 0.0000000 0.0862540
 20 K  20 0.0419102 0.2868475 0.0000000 0.0000000 0.0000000 0.0000000 0.1081958 0.0000000 0.0000000 0.0000000 0.0000000 0.3674571 0.0000000 0.0000000 0.0000000 0.1955894 0.0000000 0.0000000 0.0000000 0.0000000
 21 L  21 0.0000000 0.0000000 0.0000000 0.0000000 0.0000000 0.0000000 0.0000000 0.0000000 0.0000000 0.0000000 0.6500867 0.0525289 0.0792134 0.0000000 0.0000000 0.0000000 0.1544042 0.0000000 0.0000000 0.0637669
 22 D  22 0.0000000 0.0000000 0.0000000 0.2031304 0.0000000 0.0000000 0.0000000 0.6386637 0.0000000 0.0000000 0.0525289 0.0000000 0.0000000 0.0000000 0.0000000 0.0419102 0.0637669 0.0000000 0.0000000 0.0000000
 23 I  23 0.0619555 0.0000000 0.0000000 0.0000000 0.0416612 0.0000000 0.0000000 0.0525289 0.0000000 0.4747789 0.2898621 0.0000000 0.0000000 0.0000000 0.0000000 0.0000000 0.0000000 0.0000000 0.0000000 0.0792134
 24 N  24 0.0594246 0.0400456 0.2480073 0.0793278 0.0403711 0.0792936 0.0000000 0.0416612 0.0000000 0.0000000 0.2636593 0.0000000 0.0000000 0.0000000 0.1482095 0.0000000 0.0000000 0.0000000 0.0000000 0.0000000
 25 E  25 0.0619555 0.0000000 0.0403711 0.1268328 0.0000000 0.0000000 0.2893843 0.0000000 0.0000000 0.0000000 0.0941901 0.0792936 0.0000000 0.0000000 0.3079726 0.0000000 0.0000000 0.0000000 0.0000000 0.0000000
 26 C  26 0.0000000 0.0000000 0.0000000 0.0000000 0.6918825 0.0000000 0.0000000 0.0000000 0.0000000 0.0000000 0.0000000 0.0000000 0.0000000 0.0637669 0.0000000 0.0525289 0.0000000 0.0000000 0.1544042 0.0374175
 27 A  27 0.3417683 0.0000000 0.0790787 0.0619555 0.0000000 0.0000000 0.0000000 0.0000000 0.0000000 0.0000000 0.0419102 0.1874894 0.0000000 0.0000000 0.0000000 0.1162958 0.1266251 0.0000000 0.0448770 0.0000000
 28 T  28 0.0000000 0.0000000 0.3335376 0.0000000 0.0000000 0.0000000 0.0000000 0.0000000 0.0000000 0.0000000 0.0000000 0.0000000 0.0000000 0.0000000 0.0000000 0.2076341 0.4588283 0.0000000 0.0000000 0.0000000
 29 V  29 0.0000000 0.0000000 0.0000000 0.0000000 0.0000000 0.0000000 0.0000000 0.0000000 0.0000000 0.1586214 0.2847456 0.0000000 0.0681502 0.0619555 0.0792134 0.0637669 0.0000000 0.0000000 0.0000000 0.2835470
 30 D  30 0.0792134 0.0000000 0.0448770 0.3067471 0.0000000 0.0000000 0.3550588 0.0000000 0.0419102 0.0000000 0.0000000 0.1196647 0.0000000 0.0000000 0.0000000 0.0525289 0.0000000 0.0000000 0.0000000 0.0000000
 31 E  31 0.0619555 0.0000000 0.0448770 0.2291847 0.0000000 0.0862540 0.4985154 0.0000000 0.0000000 0.0000000 0.0000000 0.0792134 0.0000000 0.0000000 0.0000000 0.0000000 0.0000000 0.0000000 0.0000000 0.0000000
 32 L  32 0.0000000 0.0000000 0.0000000 0.0000000 0.0000000 0.0000000 0.0000000 0.0000000 0.0000000 0.0416612 0.8330452 0.0000000 0.0000000 0.1252936 0.0000000 0.0000000 0.0000000 0.0000000 0.0000000 0.0000000
 33 V  33 0.1274839 0.1213801 0.0000000 0.0000000 0.0792134 0.0000000 0.0681502 0.0000000 0.0000000 0.1751945 0.0000000 0.0637669 0.0000000 0.0000000 0.0000000 0.0000000 0.0781093 0.0000000 0.0000000 0.2867018
 34 D  34 0.1411689 0.1275748 0.0419102 0.2824240 0.0403711 0.0637669 0.0000000 0.0000000 0.0000000 0.0416612 0.0000000 0.0822945 0.0000000 0.0000000 0.0000000 0.0400456 0.0525289 0.0000000 0.0862540 0.0000000
 35 E  35 0.4091743 0.0000000 0.0000000 0.0000000 0.0000000 0.0416612 0.3005362 0.0000000 0.0000000 0.0000000 0.0000000 0.1319171 0.0000000 0.0000000 0.0000000 0.1167112 0.0000000 0.0000000 0.0000000 0.0000000
 36 I  36 0.0000000 0.0000000 0.0000000 0.0000000 0.0000000 0.0000000 0.0000000 0.0000000 0.0000000 0.6171270 0.2310603 0.0000000 0.0000000 0.0000000 0.0000000 0.0000000 0.0000000 0.0000000 0.0000000 0.1518127
 37 N  37 0.0000000 0.1546048 0.3708197 0.0000000 0.0000000 0.0000000 0.0760071 0.0000000 0.0000000 0.0000000 0.0000000 0.0516367 0.0512204 0.0000000 0.0486855 0.1199224 0.0478590 0.0000000 0.0000000 0.0792444
 38 K  38 0.0678039 0.1059836 0.0491132 0.0000000 0.0416568 0.0880077 0.1564770 0.0000000 0.0000000 0.0000000 0.0574874 0.3883486 0.0000000 0.0000000 0.0000000 0.0451218 0.0000000 0.0000000 0.0000000 0.0000000
 39 S  39 0.0000000 0.0000000 0.0867872 0.3325106 0.0525289 0.0000000 0.0000000 0.0000000 0.0000000 0.0000000 0.0000000 0.0000000 0.0000000 0.0000000 0.0862540 0.4419194 0.0000000 0.0000000 0.0000000 0.0000000
 40 G  40 0.1192590 0.1213801 0.0448770 0.1762004 0.0419102 0.0000000 0.0792936 0.2031304 0.0000000 0.0000000 0.0000000 0.1098114 0.0000000 0.0000000 0.0000000 0.0000000 0.0403711 0.0000000 0.0000000 0.0637669
 41 T  41 0.0594246 0.0000000 0.0448770 0.1918217 0.0000000 0.0000000 0.1430605 0.0000000 0.0000000 0.0000000 0.0400456 0.1317423 0.0000000 0.0000000 0.0000000 0.0820323 0.3069961 0.0000000 0.0000000 0.0000000
 42 V  42 0.0000000 0.0000000 0.0000000 0.0000000 0.0000000 0.0000000 0.0000000 0.0000000 0.0000000 0.1223269 0.4114947 0.0000000 0.0000000 0.1319171 0.0000000 0.0000000 0.0000000 0.0000000 0.0000000 0.3342613
 43 K  43 0.0000000 0.2098516 0.0000000 0.0000000 0.0000000 0.0000000 0.0000000 0.0000000 0.0000000 0.0416612 0.0862540 0.3685650 0.0594246 0.0000000 0.0000000 0.1023266 0.0681502 0.0000000 0.0000000 0.0637669
 44 R  44 0.0000000 0.4526747 0.0637669 0.0000000 0.0000000 0.0000000 0.1317423 0.0000000 0.0681502 0.0000000 0.0000000 0.0790787 0.0000000 0.0000000 0.0000000 0.0000000 0.1597103 0.0000000 0.0000000 0.0448770
 45 K  45 0.0000000 0.2828880 0.0000000 0.0000000 0.0000000 0.0412299 0.0000000 0.0000000 0.0000000 0.0000000 0.0000000 0.5896281 0.0000000 0.0000000 0.0000000 0.0862540 0.0000000 0.0000000 0.0000000 0.0000000
 46 I  46 0.0000000 0.0000000 0.0000000 0.0000000 0.0000000 0.0000000 0.0000000 0.0000000 0.0000000 0.4618963 0.4188448 0.0000000 0.0000000 0.0400456 0.0000000 0.0000000 0.0000000 0.0000000 0.0000000 0.0792134
 47 K  47 0.0000000 0.2275941 0.0000000 0.0000000 0.0412299 0.0000000 0.0000000 0.0000000 0.0000000 0.0448770 0.1654673 0.5208317 0.0000000 0.0000000 0.0000000 0.0000000 0.0000000 0.0000000 0.0000000 0.0000000
 48 N  48 0.0594246 0.0792134 0.2975695 0.0000000 0.0000000 0.0000000 0.0619555 0.0000000 0.0681502 0.0000000 0.0000000 0.0000000 0.0000000 0.0000000 0.0000000 0.2739765 0.1597103 0.0000000 0.0000000 0.0000000
 49 Q  49 0.0619555 0.1912507 0.0000000 0.0000000 0.0000000 0.2937230 0.1385033 0.0000000 0.0000000 0.0000000 0.0000000 0.1100604 0.0000000 0.0000000 0.0000000 0.0403711 0.1641359 0.0000000 0.0000000 0.0000000
 50 S  50 0.0000000 0.0000000 0.0000000 0.0000000 0.0000000 0.0000000 0.0000000 0.1213801 0.0000000 0.0000000 0.0000000 0.0000000 0.0000000 0.0000000 0.0000000 0.8786199 0.0000000 0.0000000 0.0000000 0.0000000
 51 A  51 0.3245105 0.0000000 0.0000000 0.0792134 0.0000000 0.0000000 0.0000000 0.0000000 0.0000000 0.0374175 0.1319171 0.0000000 0.0792936 0.0000000 0.0000000 0.1727921 0.0804167 0.0000000 0.0000000 0.0944391
 52 F  52 0.0000000 0.0000000 0.0000000 0.0000000 0.0000000 0.0000000 0.0000000 0.0000000 0.0000000 0.0619555 0.0000000 0.0000000 0.0000000 0.8786199 0.0000000 0.0000000 0.0000000 0.0000000 0.0000000 0.0594246
 53 D  53 0.0000000 0.0594246 0.0400456 0.4965421 0.0000000 0.0000000 0.3420322 0.0000000 0.0000000 0.0000000 0.0000000 0.0619555 0.0000000 0.0000000 0.0000000 0.0000000 0.0000000 0.0000000 0.0000000 0.0000000
 54 L  54 0.0000000 0.0000000 0.0000000 0.0000000 0.0000000 0.0000000 0.0000000 0.0000000 0.0000000 0.2387890 0.5675132 0.0000000 0.1411689 0.0525289 0.0000000 0.0000000 0.0000000 0.0000000 0.0000000 0.0000000
 55 S  55 0.2868475 0.0000000 0.0000000 0.0000000 0.0000000 0.0000000 0.0000000 0.0000000 0.0000000 0.0865382 0.0000000 0.0000000 0.0000000 0.0000000 0.0000000 0.3769576 0.0000000 0.0000000 0.0000000 0.2496567
 56 R  56 0.0000000 0.4886610 0.0000000 0.0000000 0.4187645 0.0000000 0.0000000 0.0000000 0.0000000 0.0000000 0.0000000 0.0400456 0.0525289 0.0000000 0.0000000 0.0000000 0.0000000 0.0000000 0.0000000 0.0000000
 57 E  57 0.0000000 0.0000000 0.0000000 0.1319171 0.0000000 0.0000000 0.7818290 0.0000000 0.0000000 0.0000000 0.0000000 0.0000000 0.0000000 0.0000000 0.0000000 0.0000000 0.0000000 0.0000000 0.0862540 0.0000000
 58 C  58 0.0000000 0.0000000 0.0000000 0.0000000 0.7026156 0.0000000 0.0000000 0.0000000 0.0000000 0.0000000 0.0000000 0.0000000 0.0000000 0.0000000 0.0000000 0.0000000 0.0000000 0.0000000 0.2973844 0.0000000
 59 L  59 0.0000000 0.0000000 0.0862540 0.0000000 0.0000000 0.0000000 0.0000000 0.0000000 0.0000000 0.0419102 0.6185386 0.0000000 0.0619555 0.1319171 0.0000000 0.0000000 0.0000000 0.0000000 0.0000000 0.0594246
 60 G  60 0.0000000 0.0000000 0.0000000 0.0000000 0.0000000 0.0000000 0.1348234 0.5736295 0.0000000 0.0000000 0.1319171 0.0804167 0.0000000 0.0000000 0.0000000 0.0792134 0.0000000 0.0000000 0.0000000 0.0000000
 61 Y  61 0.0000000 0.0000000 0.0000000 0.0000000 0.0000000 0.0637669 0.0000000 0.0000000 0.0681502 0.0000000 0.0862540 0.0000000 0.0000000 0.0000000 0.0000000 0.0000000 0.0000000 0.0000000 0.7818290 0.0000000
 62 P  62 0.0000000 0.0000000 0.0000000 0.2181710 0.0000000 0.0792134 0.0000000 0.0000000 0.0000000 0.0000000 0.0000000 0.0000000 0.0000000 0.0000000 0.7026156 0.0000000 0.0000000 0.0000000 0.0000000 0.0000000
 63 E  63 0.0000000 0.2705550 0.0000000 0.0000000 0.0000000 0.0000000 0.2450406 0.0000000 0.0619555 0.0000000 0.0000000 0.2557782 0.0000000 0.0000000 0.0000000 0.0804167 0.0000000 0.0000000 0.0000000 0.0862540
 64 A  64 0.3348726 0.0619555 0.0000000 0.0681502 0.0000000 0.0594246 0.2304375 0.0000000 0.0792936 0.0000000 0.0000000 0.0000000 0.0000000 0.0000000 0.0000000 0.0793278 0.0865382 0.0000000 0.0000000 0.0000000
 65 D  65 0.0000000 0.0000000 0.0594246 0.6419877 0.0000000 0.0000000 0.0804167 0.0000000 0.0000000 0.0000000 0.0000000 0.1319171 0.0000000 0.0000000 0.0000000 0.0000000 0.0862540 0.0000000 0.0000000 0.0000000
 66 F  66 0.2076341 0.0000000 0.0000000 0.0000000 0.0000000 0.0000000 0.0000000 0.0000000 0.0000000 0.0000000 0.0000000 0.0000000 0.0000000 0.5812355 0.0000000 0.0000000 0.0000000 0.0000000 0.0000000 0.2111304
 67 I  67 0.0000000 0.0000000 0.0000000 0.0000000 0.0000000 0.0000000 0.0000000 0.0000000 0.0000000 0.5334741 0.1734837 0.0000000 0.0000000 0.0000000 0.0000000 0.0000000 0.0862540 0.0000000 0.0000000 0.2067882
 68 T  68 0.0792134 0.1544042 0.0000000 0.0000000 0.0000000 0.0000000 0.1213801 0.0000000 0.0000000 0.0000000 0.0000000 0.1041379 0.0000000 0.0000000 0.0000000 0.0448770 0.4959874 0.0000000 0.0000000 0.0000000
 69 L  69 0.0862540 0.0000000 0.0000000 0.0000000 0.0000000 0.0000000 0.0000000 0.0000000 0.0000000 0.0000000 0.8345327 0.0000000 0.0000000 0.0000000 0.0000000 0.0000000 0.0000000 0.0000000 0.0000000 0.0792134
 70 V  70 0.0000000 0.0000000 0.0000000 0.0000000 0.0000000 0.0000000 0.0000000 0.0000000 0.0000000 0.3699281 0.0000000 0.0000000 0.0000000 0.0000000 0.0000000 0.0000000 0.0000000 0.0000000 0.0000000 0.6300719
 71 N  71 0.0000000 0.0000000 1.0000000 0.0000000 0.0000000 0.0000000 0.0000000 0.0000000 0.0000000 0.0000000 0.0000000 0.0000000 0.0000000 0.0000000 0.0000000 0.0000000 0.0000000 0.0000000 0.0000000 0.0000000
 72 N  72 0.0862540 0.0000000 0.6622445 0.0000000 0.0000000 0.0000000 0.1319171 0.0000000 0.0000000 0.0000000 0.0000000 0.0000000 0.0000000 0.0000000 0.0000000 0.1195844 0.0000000 0.0000000 0.0000000 0.0000000
 73 M  73 0.0000000 0.0000000 0.0000000 0.0000000 0.0000000 0.0000000 0.0000000 0.0000000 0.0000000 0.0374175 0.0000000 0.0000000 0.8763285 0.0000000 0.0000000 0.0000000 0.0000000 0.0000000 0.0000000 0.0862540
 74 R  74 0.0862540 0.3664207 0.1191243 0.1319171 0.0000000 0.0000000 0.0000000 0.0000000 0.0403711 0.0448770 0.0000000 0.1585070 0.0000000 0.0000000 0.0000000 0.0525289 0.0000000 0.0000000 0.0000000 0.0000000
 75 F  75 0.0000000 0.0000000 0.0000000 0.0000000 0.0000000 0.0000000 0.0000000 0.0000000 0.0000000 0.0000000 0.0000000 0.0000000 0.0000000 1.0000000 0.0000000 0.0000000 0.0000000 0.0000000 0.0000000 0.0000000
 76 K  76 0.0000000 0.0000000 0.0792936 0.1764846 0.0000000 0.1895303 0.0000000 0.0000000 0.0000000 0.0000000 0.0000000 0.3880208 0.0000000 0.0000000 0.0000000 0.0862540 0.0000000 0.0000000 0.0000000 0.0804167
 77 I  77 0.0000000 0.0000000 0.0000000 0.0000000 0.0000000 0.0000000 0.0000000 0.0000000 0.0000000 0.7570792 0.1500208 0.0000000 0.0000000 0.0000000 0.0000000 0.0000000 0.0000000 0.0000000 0.0000000 0.0929000
 78 E  78 0.0000000 0.0000000 0.0412299 0.2500401 0.0000000 0.0000000 0.5367513 0.0000000 0.0000000 0.0000000 0.0000000 0.1719787 0.0000000 0.0000000 0.0000000 0.0000000 0.0000000 0.0000000 0.0000000 0.0000000
 79 N  79 0.0000000 0.0000000 0.5597543 0.2153538 0.0000000 0.0792134 0.0594246 0.0862540 0.0000000 0.0000000 0.0000000 0.0000000 0.0000000 0.0000000 0.0000000 0.0000000 0.0000000 0.0000000 0.0000000 0.0000000
 80 C  80 0.0862540 0.0792134 0.2112107 0.0000000 0.2031304 0.0000000 0.0000000 0.2992027 0.0000000 0.0000000 0.0000000 0.0000000 0.0000000 0.0000000 0.0000000 0.1209889 0.0000000 0.0000000 0.0000000 0.0000000
 81 K  81 0.0594246 0.1679607 0.0000000 0.0000000 0.0000000 0.0000000 0.0619555 0.0000000 0.0000000 0.0899464 0.0000000 0.5414191 0.0000000 0.0000000 0.0000000 0.0380637 0.0000000 0.0000000 0.0000000 0.0412299
 82 V  82 0.0000000 0.0000000 0.0000000 0.0000000 0.0000000 0.0000000 0.0000000 0.0000000 0.0000000 0.2973844 0.0000000 0.0000000 0.0000000 0.0000000 0.0000000 0.0000000 0.0000000 0.0000000 0.0000000 0.7026156
 83 V  83 0.0594246 0.0000000 0.0000000 0.0000000 0.0000000 0.0000000 0.1856270 0.0000000 0.0000000 0.0416612 0.0525289 0.1934439 0.0000000 0.0000000 0.0000000 0.0380637 0.0000000 0.0000000 0.0000000 0.4292507
 84 N  84 0.0000000 0.0619555 0.3150839 0.1223401 0.0000000 0.0000000 0.1041379 0.0000000 0.0419102 0.0000000 0.0000000 0.0681502 0.0000000 0.0000000 0.0000000 0.2864221 0.0000000 0.0000000 0.0000000 0.0000000
 85 F  85 0.0000000 0.0000000 0.0000000 0.0000000 0.0000000 0.0000000 0.0000000 0.0000000 0.0000000 0.0000000 0.0000000 0.0000000 0.0000000 0.9137460 0.0000000 0.0000000 0.0000000 0.0000000 0.0862540 0.0000000
 86 N  86 0.0000000 0.0000000 0.2899176 0.1319171 0.0000000 0.0000000 0.2868475 0.0000000 0.0000000 0.0000000 0.0000000 0.2120243 0.0380637 0.0000000 0.0000000 0.0000000 0.0412299 0.0000000 0.0000000 0.0000000
 87 I  87 0.0000000 0.0000000 0.0000000 0.0000000 0.0000000 0.0000000 0.0000000 0.0000000 0.0000000 0.2450406 0.6687054 0.0000000 0.0000000 0.0000000 0.0000000 0.0000000 0.0000000 0.0000000 0.0000000 0.0862540
 88 E  88 0.0650340 0.0000000 0.0697862 0.0000000 0.0000000 0.0000000 0.6789668 0.0000000 0.0000000 0.0000000 0.0000000 0.1184090 0.0000000 0.0000000 0.0000000 0.0678039 0.0000000 0.0000000 0.0000000 0.0000000
 89 N  89 0.0000000 0.0000000 0.5613664 0.1412492 0.0000000 0.0000000 0.0000000 0.0000000 0.0000000 0.0000000 0.0000000 0.0000000 0.0000000 0.0000000 0.0000000 0.2111304 0.0862540 0.0000000 0.0000000 0.0000000
 90 T  90 0.2868475 0.0000000 0.0000000 0.0000000 0.0000000 0.0000000 0.0637669 0.0000000 0.0000000 0.2100424 0.0448770 0.0681502 0.0000000 0.0000000 0.0000000 0.0000000 0.2450406 0.0000000 0.0000000 0.0812755
 91 N  91 0.0000000 0.0000000 0.4615708 0.0000000 0.0000000 0.0000000 0.0000000 0.1654673 0.0000000 0.0000000 0.0000000 0.0000000 0.0000000 0.0000000 0.0000000 0.2936683 0.0792936 0.0000000 0.0000000 0.0000000
 92 C  92 0.0862540 0.0000000 0.0000000 0.0000000 0.7818290 0.0000000 0.0000000 0.0000000 0.0000000 0.0000000 0.0681502 0.0000000 0.0000000 0.0000000 0.0000000 0.0000000 0.0000000 0.0000000 0.0000000 0.0637669
 93 L  93 0.0000000 0.0000000 0.0000000 0.0000000 0.0000000 0.0000000 0.0000000 0.0000000 0.0000000 0.1319171 0.7818290 0.0000000 0.0000000 0.0000000 0.0862540 0.0000000 0.0000000 0.0000000 0.0000000 0.0000000
 94 N  94 0.0000000 0.0000000 0.4464121 0.1691598 0.0000000 0.0000000 0.0448770 0.0594246 0.0000000 0.0000000 0.0000000 0.1319171 0.0000000 0.0000000 0.0000000 0.0862540 0.0000000 0.0000000 0.0000000 0.0619555
 95 N  95 0.0000000 0.0000000 0.6577386 0.2103443 0.0000000 0.0000000 0.0000000 0.0637669 0.0000000 0.0000000 0.0000000 0.0000000 0.0000000 0.0000000 0.0000000 0.0681502 0.0000000 0.0000000 0.0000000 0.0000000
 96 P  96 0.0862540 0.0000000 0.0000000 0.1319171 0.0000000 0.0000000 0.0000000 0.0000000 0.0000000 0.0000000 0.0000000 0.0000000 0.0000000 0.0000000 0.7818290 0.0000000 0.0000000 0.0000000 0.0000000 0.0000000
 97 S  97 0.0862540 0.0637669 0.2557782 0.0000000 0.0000000 0.0000000 0.0000000 0.0000000 0.0000000 0.0000000 0.0000000 0.0681502 0.0000000 0.0000000 0.0000000 0.2450406 0.2810102 0.0000000 0.0000000 0.0000000
 98 I  98 0.1213801 0.0000000 0.0000000 0.0000000 0.0000000 0.0000000 0.0000000 0.0000000 0.0000000 0.5240475 0.0792134 0.0000000 0.0000000 0.0000000 0.0000000 0.0416612 0.0000000 0.0000000 0.0000000 0.2336978
 99 E  99 0.0000000 0.0862540 0.0000000 0.0000000 0.0000000 0.0000000 0.6579678 0.0000000 0.0000000 0.0000000 0.0000000 0.0000000 0.0000000 0.0000000 0.0000000 0.2557782 0.0000000 0.0000000 0.0000000 0.0000000
100 T 100 0.1316076 0.0000000 0.0000000 0.1319171 0.0000000 0.0000000 0.0000000 0.0000000 0.0000000 0.0419102 0.0000000 0.0000000 0.0000000 0.0000000 0.0000000 0.1213801 0.3627604 0.0000000 0.0000000 0.2104246
101 I 101 0.0000000 0.0000000 0.0000000 0.0000000 0.0000000 0.0000000 0.0000000 0.0000000 0.0000000 0.9137460 0.0000000 0.0000000 0.0000000 0.0000000 0.0000000 0.0000000 0.0000000 0.0000000 0.0000000 0.0862540
102 Y 102 0.0000000 0.0000000 0.0000000 0.0000000 0.0000000 0.0000000 0.0000000 0.0000000 0.0000000 0.0000000 0.0000000 0.0000000 0.0000000 0.1213801 0.0000000 0.0000000 0.0000000 0.0000000 0.8786199 0.0000000
103 R 103 0.0974883 0.2031304 0.0000000 0.0000000 0.0000000 0.0000000 0.0000000 0.3400414 0.0000000 0.0000000 0.0000000 0.0000000 0.1319171 0.0000000 0.0000000 0.2274229 0.0000000 0.0000000 0.0000000 0.0000000
104 N 104 0.0000000 0.0000000 0.6674894 0.0000000 0.0000000 0.0000000 0.0000000 0.0000000 0.0792134 0.0000000 0.0000000 0.1319171 0.0000000 0.0000000 0.0000000 0.1213801 0.0000000 0.0000000 0.0000000 0.0000000
105 F 105 0.0000000 0.0000000 0.0000000 0.0000000 0.0000000 0.0000000 0.0000000 0.0000000 0.0000000 0.0000000 0.0000000 0.0000000 0.0000000 1.0000000 0.0000000 0.0000000 0.0000000 0.0000000 0.0000000 0.0000000
106 N 106 0.0594246 0.0000000 0.5393253 0.0862540 0.0792134 0.0000000 0.0000000 0.0000000 0.1319171 0.0000000 0.0000000 0.0000000 0.0000000 0.0000000 0.0000000 0.1038658 0.0000000 0.0000000 0.0000000 0.0000000
107 Q 107 0.0000000 0.0374175 0.2045873 0.0000000 0.0000000 0.5775511 0.0000000 0.0000000 0.0000000 0.0000000 0.0000000 0.1804441 0.0000000 0.0000000 0.0000000 0.0000000 0.0000000 0.0000000 0.0000000 0.0000000
108 F 108 0.0000000 0.0000000 0.0000000 0.0000000 0.0000000 0.0000000 0.0000000 0.0000000 0.0000000 0.0000000 0.0000000 0.0000000 0.0000000 1.0000000 0.0000000 0.0000000 0.0000000 0.0000000 0.0000000 0.0000000
109 V 109 0.0000000 0.0000000 0.0000000 0.0000000 0.0000000 0.0000000 0.0000000 0.0000000 0.0000000 0.0941901 0.0000000 0.0000000 0.0000000 0.0000000 0.0000000 0.0000000 0.0000000 0.0000000 0.0000000 0.9058099
110 S 110 0.1195844 0.0000000 0.0000000 0.0000000 0.0000000 0.0000000 0.0000000 0.0000000 0.0000000 0.1319171 0.0000000 0.0862540 0.0000000 0.0000000 0.0594246 0.4142806 0.0619555 0.0000000 0.1265837 0.0000000
111 I 111 0.0862540 0.0000000 0.0000000 0.0000000 0.0000000 0.0000000 0.0000000 0.0000000 0.0000000 0.3069961 0.3361949 0.0000000 0.0000000 0.0000000 0.0000000 0.0000000 0.0000000 0.0000000 0.0000000 0.2705550
112 F 112 0.0000000 0.0000000 0.0000000 0.0000000 0.0000000 0.0000000 0.0000000 0.0000000 0.0000000 0.0000000 0.0000000 0.0000000 0.0000000 1.0000000 0.0000000 0.0000000 0.0000000 0.0000000 0.0000000 0.0000000
113 N 113 0.0000000 0.0000000 1.0000000 0.0000000 0.0000000 0.0000000 0.0000000 0.0000000 0.0000000 0.0000000 0.0000000 0.0000000 0.0000000 0.0000000 0.0000000 0.0000000 0.0000000 0.0000000 0.0000000 0.0000000
114 V 114 0.0000000 0.0000000 0.0000000 0.0000000 0.0000000 0.0000000 0.0000000 0.0000000 0.0000000 0.2168557 0.0619555 0.0000000 0.0000000 0.1654673 0.0000000 0.1319171 0.0419102 0.0000000 0.0000000 0.3818942
115 V 115 0.0000000 0.0000000 0.0000000 0.0000000 0.0000000 0.0000000 0.0000000 0.0000000 0.0000000 0.1252936 0.5327931 0.0000000 0.0000000 0.1387829 0.0000000 0.0000000 0.0000000 0.0000000 0.0000000 0.2031304
116 T 116 0.0792134 0.0000000 0.0000000 0.0000000 0.0000000 0.0000000 0.0862540 0.0000000 0.0000000 0.1719787 0.0000000 0.0000000 0.0000000 0.0000000 0.0000000 0.3325908 0.2850862 0.0000000 0.0000000 0.0448770
117 D 117 0.0594246 0.0000000 0.0792936 0.5507783 0.0000000 0.0000000 0.0792134 0.0000000 0.0374175 0.0000000 0.0000000 0.0000000 0.0000000 0.0000000 0.0000000 0.0619555 0.1319171 0.0000000 0.0000000 0.0000000
118 V 118 0.1767940 0.0000000 0.0000000 0.0000000 0.0000000 0.0000000 0.0000000 0.0000000 0.0000000 0.1213801 0.0862540 0.0000000 0.0000000 0.0000000 0.0000000 0.0000000 0.0000000 0.0000000 0.0000000 0.6155719
119 K 119 0.0594246 0.1654673 0.0000000 0.0000000 0.0000000 0.0000000 0.0000000 0.0000000 0.0000000 0.0000000 0.0619555 0.7131525 0.0000000 0.0000000 0.0000000 0.0000000 0.0000000 0.0000000 0.0000000 0.0000000
120 K 120 0.0000000 0.1662571 0.0400456 0.0000000 0.0000000 0.2554940 0.0416612 0.0000000 0.0000000 0.0000000 0.0792134 0.2854117 0.0000000 0.0000000 0.0000000 0.1319171 0.0000000 0.0000000 0.0000000 0.0000000
121 R 121 0.1477947 0.2612249 0.0000000 0.0000000 0.0000000 0.0000000 0.0430375 0.0000000 0.0000000 0.0726514 0.0444128 0.0905315 0.0679785 0.0000000 0.0000000 0.2723688 0.0000000 0.0000000 0.0000000 0.0000000
122 L 122 0.0000000 0.0000000 0.0000000 0.0000000 0.0000000 0.0697643 0.0000000 0.0000000 0.0000000 0.1917812 0.6900507 0.0000000 0.0000000 0.0000000 0.0000000 0.0000000 0.0000000 0.0000000 0.0000000 0.0484038
123 F 123 0.0000000 0.1147925 0.0986603 0.0000000 0.0000000 0.0000000 0.1731211 0.0000000 0.0000000 0.0000000 0.0000000 0.0000000 0.0000000 0.3701152 0.1783429 0.0649679 0.0000000 0.0000000 0.0000000 0.0000000
124 E 124 0.0000000 0.0000000 0.0000000 0.2420814 0.1340418 0.0000000 0.3437293 0.0000000 0.0000000 0.0000000 0.0000000 0.2042085 0.0000000 0.0000000 0.0000000 0.0759391 0.0000000 0.0000000 0.0000000 0.0000000
125 N 125 0.0000000 0.0000000 0.4516331 0.1340418 0.0000000 0.0000000 0.0888874 0.0000000 0.1153211 0.0000000 0.0000000 0.0000000 0.0000000 0.0000000 0.0000000 0.2101167 0.0000000 0.0000000 0.0000000 0.0000000
126 A 126 0.8055595 0.0000000 0.0000000 0.0000000 0.0000000 0.0000000 0.0000000 0.0000000 0.0000000 0.0000000 0.0000000 0.0000000 0.0000000 0.0000000 0.0000000 0.1944405 0.0000000 0.0000000 0.0000000 0.0000000
127 S 127 0.0000000 0.0000000 0.0000000 0.0000000 0.0000000 0.0000000 0.0000000 0.0000000 0.0000000 0.0000000 0.0000000 0.0000000 0.0000000 0.0000000 0.0000000 1.0000000 0.0000000 0.0000000 0.0000000 0.0000000
128 G 128 0.0000000 0.0000000 0.0000000 0.0000000 0.0000000 0.0000000 0.0000000 1.0000000 0.0000000 0.0000000 0.0000000 0.0000000 0.0000000 0.0000000 0.0000000 0.0000000 0.0000000 0.0000000 0.0000000 0.0000000
129 N 129 0.0000000 0.0000000 1.0000000 0.0000000 0.0000000 0.0000000 0.0000000 0.0000000 0.0000000 0.0000000 0.0000000 0.0000000 0.0000000 0.0000000 0.0000000 0.0000000 0.0000000 0.0000000 0.0000000 0.0000000
130 G 130 0.0000000 0.0000000 0.0000000 0.0000000 0.0000000 0.0000000 0.0000000 1.0000000 0.0000000 0.0000000 0.0000000 0.0000000 0.0000000 0.0000000 0.0000000 0.0000000 0.0000000 0.0000000 0.0000000 0.0000000
131 S 131 0.0000000 0.0000000 0.0000000 0.0000000 0.0000000 0.0000000 0.0000000 0.0000000 0.0000000 0.0000000 0.0000000 0.0000000 0.0000000 0.0000000 0.0000000 1.0000000 0.0000000 0.0000000 0.0000000 0.0000000
132 G 132 0.0000000 0.0000000 0.0000000 0.0000000 0.0000000 0.0000000 0.0000000 1.0000000 0.0000000 0.0000000 0.0000000 0.0000000 0.0000000 0.0000000 0.0000000 0.0000000 0.0000000 0.0000000 0.0000000 0.0000000
133 G 133 0.0000000 0.0000000 0.0000000 0.0000000 0.0000000 0.0000000 0.0000000 1.0000000 0.0000000 0.0000000 0.0000000 0.0000000 0.0000000 0.0000000 0.0000000 0.0000000 0.0000000 0.0000000 0.0000000 0.0000000
134 G 134 0.0000000 0.0000000 0.0000000 0.0000000 0.0000000 0.0000000 0.0000000 1.0000000 0.0000000 0.0000000 0.0000000 0.0000000 0.0000000 0.0000000 0.0000000 0.0000000 0.0000000 0.0000000 0.0000000 0.0000000
135 S 135 0.0000000 0.0000000 0.0000000 0.0000000 0.0000000 0.0000000 0.0000000 0.0000000 0.0000000 0.0000000 0.0000000 0.0000000 0.0000000 0.0000000 0.0000000 1.0000000 0.0000000 0.0000000 0.0000000 0.0000000
136 N 136 0.0000000 0.0000000 1.0000000 0.0000000 0.0000000 0.0000000 0.0000000 0.0000000 0.0000000 0.0000000 0.0000000 0.0000000 0.0000000 0.0000000 0.0000000 0.0000000 0.0000000 0.0000000 0.0000000 0.0000000
137 R 137 0.0000000 1.0000000 0.0000000 0.0000000 0.0000000 0.0000000 0.0000000 0.0000000 0.0000000 0.0000000 0.0000000 0.0000000 0.0000000 0.0000000 0.0000000 0.0000000 0.0000000 0.0000000 0.0000000 0.0000000
138 L 138 0.0000000 0.0000000 0.0000000 0.0000000 0.0000000 0.0000000 0.0000000 0.0000000 0.0000000 0.0000000 1.0000000 0.0000000 0.0000000 0.0000000 0.0000000 0.0000000 0.0000000 0.0000000 0.0000000 0.0000000
139 E 139 0.0000000 0.0000000 0.0000000 0.0000000 0.0000000 0.0000000 1.0000000 0.0000000 0.0000000 0.0000000 0.0000000 0.0000000 0.0000000 0.0000000 0.0000000 0.0000000 0.0000000 0.0000000 0.0000000 0.0000000
140 E 140 0.0000000 0.0000000 0.0000000 0.0000000 0.0000000 0.0000000 1.0000000 0.0000000 0.0000000 0.0000000 0.0000000 0.0000000 0.0000000 0.0000000 0.0000000 0.0000000 0.0000000 0.0000000 0.0000000 0.0000000
141 E 141 0.0000000 0.0000000 0.0000000 0.0000000 0.0000000 0.0000000 1.0000000 0.0000000 0.0000000 0.0000000 0.0000000 0.0000000 0.0000000 0.0000000 0.0000000 0.0000000 0.0000000 0.0000000 0.0000000 0.0000000
142 I 142 0.0000000 0.0000000 0.0000000 0.0000000 0.0000000 0.0000000 0.0000000 0.0000000 0.0000000 1.0000000 0.0000000 0.0000000 0.0000000 0.0000000 0.0000000 0.0000000 0.0000000 0.0000000 0.0000000 0.0000000
143 N 143 0.0000000 0.0000000 1.0000000 0.0000000 0.0000000 0.0000000 0.0000000 0.0000000 0.0000000 0.0000000 0.0000000 0.0000000 0.0000000 0.0000000 0.0000000 0.0000000 0.0000000 0.0000000 0.0000000 0.0000000
144 N 144 0.0000000 0.0000000 1.0000000 0.0000000 0.0000000 0.0000000 0.0000000 0.0000000 0.0000000 0.0000000 0.0000000 0.0000000 0.0000000 0.0000000 0.0000000 0.0000000 0.0000000 0.0000000 0.0000000 0.0000000
145 Q 145 0.0000000 0.0000000 0.0000000 0.0000000 0.0000000 1.0000000 0.0000000 0.0000000 0.0000000 0.0000000 0.0000000 0.0000000 0.0000000 0.0000000 0.0000000 0.0000000 0.0000000 0.0000000 0.0000000 0.0000000
146 L 146 0.0000000 0.0000000 0.0000000 0.0000000 0.0000000 0.0000000 0.0000000 0.0000000 0.0000000 0.0000000 1.0000000 0.0000000 0.0000000 0.0000000 0.0000000 0.0000000 0.0000000 0.0000000 0.0000000 0.0000000
147 A 147 1.0000000 0.0000000 0.0000000 0.0000000 0.0000000 0.0000000 0.0000000 0.0000000 0.0000000 0.0000000 0.0000000 0.0000000 0.0000000 0.0000000 0.0000000 0.0000000 0.0000000 0.0000000 0.0000000 0.0000000
148 L 148 0.0000000 0.0000000 0.0000000 0.0000000 0.0000000 0.0000000 0.0000000 0.0000000 0.0000000 0.0000000 1.0000000 0.0000000 0.0000000 0.0000000 0.0000000 0.0000000 0.0000000 0.0000000 0.0000000 0.0000000
149 Q 149 0.0000000 0.0000000 0.0000000 0.0000000 0.0000000 1.0000000 0.0000000 0.0000000 0.0000000 0.0000000 0.0000000 0.0000000 0.0000000 0.0000000 0.0000000 0.0000000 0.0000000 0.0000000 0.0000000 0.0000000
150 K 150 0.0000000 0.0000000 0.0000000 0.0000000 0.0000000 0.0000000 0.0000000 0.0000000 0.0000000 0.0000000 0.0000000 1.0000000 0.0000000 0.0000000 0.0000000 0.0000000 0.0000000 0.0000000 0.0000000 0.0000000
151 S 151 0.0000000 0.0000000 0.0000000 0.0000000 0.0000000 0.0000000 0.0000000 0.0000000 0.0000000 0.0000000 0.0000000 0.0000000 0.0000000 0.0000000 0.0000000 1.0000000 0.0000000 0.0000000 0.0000000 0.0000000
