  401         A         R         N         D         C         Q         E         G         H         I         L         K         M         F         P         S         T         W         Y         V    
  1 M   1 0.0000000 0.0000000 0.0000000 0.0000000 0.0000000 0.0000000 0.0000000 0.0000000 0.0000000 0.0000000 0.0000000 0.0000000 1.0000000 0.0000000 0.0000000 0.0000000 0.0000000 0.0000000 0.0000000 0.0000000
  2 A   2 0.6732089 0.0000000 0.0000000 0.0000000 0.0000000 0.0000000 0.0000000 0.0000000 0.0000000 0.0000000 0.0000000 0.0000000 0.0000000 0.0000000 0.0000000 0.3267911 0.0000000 0.0000000 0.0000000 0.0000000
  3 H   3 0.0000000 0.0000000 0.0000000 0.0000000 0.0000000 0.0000000 0.0000000 0.0000000 1.0000000 0.0000000 0.0000000 0.0000000 0.0000000 0.0000000 0.0000000 0.0000000 0.0000000 0.0000000 0.0000000 0.0000000
  4 H   4 0.0000000 0.0000000 0.0000000 0.0000000 0.0000000 0.0000000 0.0000000 0.0000000 0.6156531 0.0000000 0.0000000 0.0000000 0.0000000 0.0000000 0.0000000 0.3843469 0.0000000 0.0000000 0.0000000 0.0000000
  5 H   5 0.2387200 0.0000000 0.0000000 0.0000000 0.0000000 0.0000000 0.0000000 0.0559666 0.2606692 0.1064325 0.2588826 0.0000000 0.0793291 0.0000000 0.0000000 0.0000000 0.0000000 0.0000000 0.0000000 0.0000000
  6 H   6 0.3879925 0.1829089 0.0000000 0.0000000 0.0000000 0.0000000 0.0000000 0.0000000 0.3776560 0.0000000 0.0000000 0.0000000 0.0000000 0.0000000 0.0000000 0.0000000 0.0000000 0.0000000 0.0514426 0.0000000
  7 H   7 0.0000000 0.0000000 0.0000000 0.0000000 0.0000000 0.0000000 0.0000000 0.0000000 0.2230222 0.0000000 0.1377493 0.0000000 0.0000000 0.4403519 0.0000000 0.0821730 0.0000000 0.0000000 0.0565522 0.0601513
  8 H   8 0.0000000 0.0000000 0.0000000 0.0000000 0.0000000 0.0000000 0.0000000 0.0000000 0.1441951 0.0520536 0.0854166 0.0000000 0.0000000 0.6522964 0.0000000 0.0000000 0.0000000 0.0000000 0.0360404 0.0299978
  9 V   9 0.2894656 0.0173074 0.0000000 0.0000000 0.0000000 0.0000000 0.0000000 0.0380822 0.0000000 0.0162457 0.2670551 0.0000000 0.0061165 0.0050510 0.0000000 0.0411069 0.0471000 0.0177360 0.0000000 0.2547336
 10 D  10 0.0125821 0.0024812 0.0000000 0.0400914 0.0315256 0.0000000 0.0000000 0.0113872 0.0251879 0.0459435 0.5277670 0.0000000 0.0000000 0.0000000 0.2288101 0.0054090 0.0202258 0.0139088 0.0000000 0.0346804
 11 D  11 0.0325483 0.0191884 0.0190553 0.0277173 0.0000000 0.0894535 0.0000000 0.0389665 0.1439285 0.0108753 0.0196304 0.0174967 0.0000000 0.0000000 0.0594857 0.0158594 0.4800291 0.0000000 0.0084399 0.0173259
 12 D  12 0.0385388 0.0219843 0.0038603 0.0669929 0.0109629 0.2194179 0.2773291 0.1731915 0.0033988 0.0015186 0.0257859 0.0193368 0.0067826 0.0000000 0.0084171 0.0506650 0.0468426 0.0088373 0.0059271 0.0102107
 13 D  13 0.1967291 0.0172958 0.0136756 0.0231829 0.0000000 0.0000000 0.0000000 0.0000000 0.0063507 0.0261490 0.0221644 0.0000000 0.0011826 0.0000000 0.0207593 0.0814591 0.5202955 0.0000000 0.0177504 0.0530057
 14 K  14 0.0927834 0.1744275 0.0117945 0.0025613 0.0658703 0.0609198 0.0153118 0.0503448 0.0376160 0.0000000 0.0188547 0.0265335 0.0000000 0.0194331 0.0525810 0.1422125 0.0034415 0.1944145 0.0055253 0.0253745
 15 I  15 0.7287995 0.0000000 0.0030216 0.0033307 0.0421152 0.0032157 0.0174847 0.0207410 0.0029408 0.0279472 0.0211623 0.0115218 0.0000000 0.0000000 0.0346960 0.0218588 0.0544310 0.0000000 0.0000000 0.0067339
 16 G  16 0.0444508 0.0608925 0.0000000 0.0040399 0.0035604 0.0000000 0.0361884 0.6982408 0.0000000 0.0000000 0.0045705 0.0000000 0.0044131 0.0000000 0.0039589 0.0245351 0.0000000 0.0038382 0.0000000 0.1113114
 17 S  17 0.0005210 0.0049541 0.0049110 0.0000000 0.0000000 0.0020979 0.0000000 0.0050044 0.0044518 0.0120467 0.0226714 0.0320411 0.0031717 0.0047077 0.0801490 0.5927880 0.2260461 0.0008050 0.0017833 0.0018498
 18 H  18 0.0000000 0.0025656 0.0050596 0.0000000 0.0000000 0.0031191 0.0000000 0.0000000 0.9308939 0.0000000 0.0000000 0.0000000 0.0000000 0.0000000 0.0172658 0.0000000 0.0000000 0.0000000 0.0410960 0.0000000
 19 S  19 0.0023479 0.0021803 0.0000000 0.0000000 0.0000000 0.0000000 0.0000000 0.0000000 0.0000000 0.0000000 0.0053117 0.0025626 0.0000000 0.0128741 0.0000000 0.8756995 0.0710209 0.0280028 0.0000000 0.0000000
 20 M  20 0.0000000 0.0013715 0.0000000 0.0000000 0.0000000 0.0000000 0.0000000 0.0000000 0.0076271 0.0000000 0.7950708 0.0022391 0.1594054 0.0077458 0.0000000 0.0000000 0.0050830 0.0130130 0.0071476 0.0012967
 21 R  21 0.0000000 0.5308366 0.0229540 0.0000000 0.0038134 0.0882241 0.0057239 0.0079034 0.0477499 0.0051861 0.0205077 0.1587583 0.0033056 0.0015072 0.0000000 0.0450163 0.0219650 0.0030617 0.0281068 0.0053801
 22 Y  22 0.0129818 0.0000000 0.0084433 0.0000000 0.0032594 0.0000000 0.0000000 0.0043385 0.0148005 0.0115702 0.0050031 0.0000000 0.0000000 0.0705910 0.0000000 0.0036952 0.0203720 0.0000000 0.8351155 0.0098296
 23 F  23 0.0016552 0.0021548 0.0056905 0.0000000 0.0092139 0.0000000 0.0000000 0.0000000 0.0317755 0.0814149 0.1057386 0.0038178 0.0000000 0.6778320 0.0045231 0.0113164 0.0000000 0.0000000 0.0374976 0.0273697
 24 H  24 0.0069705 0.0303854 0.0276147 0.0367606 0.0091516 0.0295399 0.0201791 0.0058925 0.0833152 0.0320032 0.0271211 0.0110683 0.0028804 0.0812528 0.0012090 0.0682359 0.0322612 0.0000000 0.4499688 0.0441899
 25 T  25 0.0223551 0.0000000 0.0039355 0.0000000 0.0023994 0.0000000 0.0000000 0.0000000 0.0025504 0.0395434 0.0446952 0.0000000 0.0224007 0.0000000 0.0108913 0.0308596 0.7956879 0.0019441 0.0066872 0.0160503
 26 S  26 0.4787347 0.0053959 0.0000000 0.0023426 0.0094025 0.0081502 0.0055416 0.2139630 0.0000000 0.0238830 0.0458957 0.0000000 0.0021254 0.0051774 0.0000000 0.0974281 0.0391820 0.0022727 0.0007595 0.0597456
 27 V  27 0.0359804 0.0000000 0.0040011 0.0000000 0.0000000 0.0000000 0.0044486 0.0000000 0.0000000 0.0438983 0.1443713 0.0000000 0.1016075 0.0088133 0.0045325 0.1283258 0.0561911 0.0043686 0.0018635 0.4615980
 28 S  28 0.0113937 0.0000000 0.0000000 0.0000000 0.0000000 0.0000000 0.0087708 0.0000000 0.0018326 0.0000000 0.0218339 0.0021007 0.0025454 0.0081872 0.0118422 0.7953697 0.1285302 0.0021950 0.0053986 0.0000000
 29 R  29 0.0195615 0.3553331 0.0072957 0.1173992 0.0012338 0.0572307 0.1305140 0.1574218 0.0129952 0.0012857 0.0078984 0.0548403 0.0000000 0.0017839 0.0016680 0.0124086 0.0113115 0.0449367 0.0000000 0.0048819
 30 P  30 0.0145234 0.0342410 0.0000000 0.0131749 0.0000000 0.0038329 0.0033584 0.0086582 0.0113556 0.0044133 0.0320162 0.0010657 0.0050829 0.0000000 0.7503645 0.0102499 0.0029068 0.0000000 0.0056887 0.0990676
 31 G  31 0.0435334 0.0130527 0.0186694 0.0928278 0.0000000 0.0000000 0.0189137 0.5669042 0.0000000 0.0485666 0.0206289 0.0000000 0.0000000 0.0000000 0.0000000 0.0788646 0.0388678 0.0038662 0.0037924 0.0515124
 32 R  32 0.0140813 0.1570622 0.0029192 0.0046989 0.0000000 0.0537211 0.0154808 0.0090266 0.0398144 0.0441873 0.1817874 0.0249205 0.0292115 0.0381055 0.2964039 0.0357880 0.0270752 0.0065446 0.0146312 0.0045405
 33 G  33 0.0159260 0.0354822 0.1137031 0.0625310 0.0000000 0.0111571 0.0547046 0.6021561 0.0000000 0.0023708 0.0322518 0.0016436 0.0015140 0.0000000 0.0040890 0.0272207 0.0036868 0.0105968 0.0000000 0.0209663
 34 E  34 0.0079809 0.0030946 0.0047858 0.0286985 0.0000000 0.0277098 0.3302421 0.0008932 0.0054699 0.0913998 0.1205954 0.0326588 0.0262045 0.2039254 0.0000000 0.0079817 0.0063828 0.0000000 0.0000000 0.1019767
 35 P  35 0.0138006 0.0039791 0.0000000 0.0046268 0.0000000 0.0000000 0.0000000 0.0000000 0.0323492 0.0000000 0.0095861 0.0000000 0.0000000 0.0000000 0.8513604 0.0476139 0.0113885 0.0000000 0.0252955 0.0000000
 36 R  36 0.0173265 0.3402947 0.0030404 0.0034513 0.0010421 0.1432323 0.3217072 0.0067473 0.0210376 0.0000000 0.0395328 0.0063762 0.0063380 0.0032374 0.0005427 0.0235181 0.0000000 0.0537820 0.0000000 0.0087934
 37 F  37 0.0000000 0.0000000 0.0000000 0.0063460 0.0025790 0.0000000 0.0000000 0.0000000 0.0105178 0.0098082 0.0167685 0.0022088 0.0000000 0.8036030 0.0000000 0.0086101 0.0000000 0.0000000 0.1186674 0.0208913
 38 I  38 0.0088295 0.0120253 0.0000000 0.0000000 0.0022532 0.0303083 0.0223895 0.0000000 0.0050090 0.3205040 0.0627536 0.0000000 0.0571384 0.0463103 0.0000000 0.0671792 0.1238665 0.0013450 0.0034932 0.2365949
 39 T  39 0.3407072 0.0133326 0.0020886 0.0166778 0.0031749 0.0225236 0.0592017 0.0365788 0.0091077 0.1042477 0.0091077 0.0052638 0.0021571 0.0209349 0.0000000 0.1674894 0.0890244 0.0000000 0.0129987 0.0853835
 40 V  40 0.0447118 0.0149570 0.0000000 0.0056421 0.0000000 0.0026364 0.0000000 0.0051439 0.0000000 0.0378101 0.0576230 0.0000000 0.0603983 0.0087490 0.0000000 0.0200121 0.0288768 0.0000000 0.0000000 0.7134397
 41 G  41 0.0819944 0.0009263 0.0128235 0.0005993 0.0034425 0.0000000 0.0019441 0.7982432 0.0113428 0.0087297 0.0044755 0.0000000 0.0214543 0.0000000 0.0000000 0.0253943 0.0064191 0.0000000 0.0000000 0.0222110
 42 Y  42 0.0050004 0.0076693 0.0000000 0.0000000 0.0082553 0.0053103 0.0000000 0.0000000 0.0081713 0.0120706 0.1459240 0.0000000 0.0773120 0.0571253 0.0000000 0.0071528 0.0014902 0.0000000 0.6497141 0.0148042
 43 V  43 0.0037807 0.0000000 0.0000000 0.0000000 0.0000000 0.0000000 0.0063319 0.0018465 0.0000000 0.0320936 0.1402449 0.0000000 0.0235633 0.0082514 0.0000000 0.0000000 0.0000000 0.0000000 0.0000000 0.7838877
 44 D  44 0.0000000 0.0049979 0.0606012 0.9154944 0.0000000 0.0000000 0.0084350 0.0041397 0.0000000 0.0000000 0.0000000 0.0000000 0.0000000 0.0000000 0.0063319 0.0000000 0.0000000 0.0000000 0.0000000 0.0000000
 45 D  45 0.0103949 0.0016447 0.0472766 0.6066164 0.0000000 0.0000000 0.0709245 0.1980183 0.0075431 0.0000000 0.0000000 0.0014757 0.0000000 0.0000000 0.0000000 0.0538421 0.0000000 0.0000000 0.0022637 0.0000000
 46 T  46 0.0177271 0.0499532 0.0048959 0.0040791 0.0000000 0.1827692 0.0794741 0.0266704 0.0245483 0.0900561 0.0232890 0.0230883 0.0211361 0.0039812 0.0000000 0.0007553 0.3154204 0.0000000 0.0026717 0.1294846
 47 L  47 0.0181772 0.0169458 0.0000000 0.0042432 0.0000000 0.5700728 0.0914513 0.0010060 0.0095671 0.0141640 0.1125068 0.0035807 0.0141945 0.0000000 0.1246197 0.0000000 0.0000000 0.0000000 0.0000000 0.0194708
 48 F  48 0.0089192 0.0000000 0.0000000 0.0000000 0.0076831 0.0050352 0.0000000 0.0043652 0.0052819 0.2159402 0.0164529 0.0023995 0.0617954 0.5970964 0.0000000 0.0015681 0.0038998 0.0000000 0.0384022 0.0311608
 49 V  49 0.0238978 0.0071382 0.0148477 0.0879146 0.0052957 0.0329427 0.0309175 0.0885152 0.0000000 0.0450631 0.0427129 0.0000000 0.0562429 0.0340737 0.0000000 0.0350451 0.0486415 0.0067384 0.0102486 0.4297645
 50 R  50 0.0060472 0.4205407 0.0118769 0.0045800 0.0066591 0.0201274 0.0000000 0.0456002 0.1652880 0.0018073 0.0051105 0.0162419 0.0069131 0.0087137 0.0000000 0.0624036 0.0170132 0.0087677 0.1883169 0.0039926
 51 F  51 0.0000000 0.0049929 0.0000000 0.0000000 0.0286971 0.0000000 0.0000000 0.0000000 0.0015107 0.0000000 0.0235601 0.0000000 0.0000000 0.4587400 0.0000000 0.0000000 0.0000000 0.0000000 0.4776587 0.0048404
 52 D  52 0.0019279 0.0013335 0.1704389 0.7518242 0.0000000 0.0000000 0.0103768 0.0113187 0.0113966 0.0000000 0.0063256 0.0020964 0.0000000 0.0000000 0.0000000 0.0290114 0.0039500 0.0000000 0.0000000 0.0000000
 53 S  53 0.0014406 0.0000000 0.0257380 0.0000000 0.0018153 0.0000000 0.0000000 0.0196288 0.0206191 0.0006827 0.0000000 0.0000000 0.0000000 0.0000000 0.0047994 0.9052075 0.0200687 0.0000000 0.0000000 0.0000000
 54 D  54 0.0109771 0.0256628 0.1839142 0.4376554 0.0015891 0.0077780 0.1430664 0.0017196 0.0113982 0.0518832 0.0076510 0.0499963 0.0000000 0.0000000 0.0000000 0.0180252 0.0319260 0.0000000 0.0059600 0.0107975
 55 A  55 0.4318382 0.0613547 0.0163442 0.0142815 0.0029717 0.0000000 0.0613275 0.0658956 0.0000000 0.1009683 0.0035509 0.0280634 0.0105530 0.0000000 0.0000000 0.0783951 0.0836683 0.0147188 0.0022416 0.0238271
 56 A  56 0.1967420 0.1521670 0.0097103 0.0148227 0.0023437 0.0339150 0.2136580 0.0935589 0.0091137 0.0000000 0.0010363 0.1064117 0.0032242 0.0000000 0.0697770 0.0250252 0.0129110 0.0000000 0.0000000 0.0555834
 57 S  57 0.0148191 0.0085746 0.1974974 0.0356183 0.0092723 0.0018150 0.0178312 0.0045088 0.0095957 0.0321871 0.0036889 0.0126595 0.0113054 0.0109250 0.0000000 0.2996559 0.3047087 0.0000000 0.0045822 0.0207548
 58 P  58 0.0556596 0.1487875 0.0091585 0.0089570 0.0000000 0.1700794 0.0053136 0.0307991 0.0055947 0.0041905 0.0194986 0.0797932 0.0535434 0.0031846 0.3680245 0.0209386 0.0023116 0.0000000 0.0000000 0.0141656
 59 R  59 0.0098499 0.6297545 0.0000000 0.0000000 0.0000000 0.0413433 0.0290618 0.0195289 0.0000000 0.0119511 0.0063948 0.1922239 0.0167342 0.0000000 0.0000000 0.0155614 0.0074732 0.0082569 0.0000000 0.0118662
 60 E  60 0.2609342 0.0047795 0.0091181 0.0210390 0.0039479 0.0007415 0.0640078 0.0065664 0.0030539 0.0193255 0.0359084 0.0928614 0.2508826 0.0282177 0.0089589 0.0146222 0.0380745 0.0015100 0.0443272 0.0911234
 61 E  61 0.0027143 0.0202141 0.0000000 0.0033996 0.0000000 0.0511810 0.5695632 0.0012767 0.0044133 0.0836590 0.0371576 0.0499016 0.0037676 0.0039034 0.0000000 0.0000000 0.0056050 0.0000000 0.0000000 0.1632436
 62 P  62 0.0247748 0.0019443 0.0070898 0.0000000 0.0000000 0.0186318 0.0000000 0.0115325 0.0236894 0.0096141 0.0203098 0.0000000 0.0000000 0.0110578 0.8162694 0.0400025 0.0114497 0.0000000 0.0000000 0.0036342
 63 R  63 0.0218579 0.5316273 0.0000000 0.0032314 0.0429331 0.0300020 0.0018407 0.0113115 0.0036664 0.0242946 0.0538630 0.2310259 0.0054108 0.0031327 0.0000000 0.0092146 0.0185893 0.0009383 0.0000000 0.0070604
 64 A  64 0.4448900 0.0019518 0.0000000 0.0000000 0.0000000 0.2034696 0.0080968 0.0261185 0.0000000 0.0066019 0.0100070 0.0104169 0.0072810 0.0047550 0.0014261 0.0103030 0.1396540 0.0025242 0.0042466 0.1182577
 65 P  65 0.0433656 0.0654690 0.0030069 0.1411983 0.0000000 0.0772721 0.1239455 0.0162394 0.0133346 0.0010294 0.0145769 0.0083660 0.0012491 0.0000000 0.4253823 0.0385228 0.0124624 0.0066775 0.0021694 0.0057328
 66 W  66 0.0000000 0.0000000 0.0000000 0.0000000 0.0020685 0.0000000 0.0016442 0.0019736 0.0000000 0.0000000 0.0069061 0.0042993 0.0044542 0.0051317 0.0000000 0.0213968 0.0000000 0.9512708 0.0000000 0.0008548
 67 I  67 0.0315829 0.0128303 0.0000000 0.0000000 0.0000000 0.0029804 0.0026619 0.0029287 0.0000000 0.1983845 0.0967196 0.0065036 0.4804996 0.0000000 0.0000000 0.0197766 0.0031915 0.0000000 0.0000000 0.1419402
 68 E  68 0.0464721 0.0770950 0.0267143 0.0577821 0.0064603 0.0429090 0.4538132 0.0165740 0.0058538 0.0013607 0.0035625 0.1795067 0.0037775 0.0000000 0.0168571 0.0390481 0.0102176 0.0000000 0.0030288 0.0089671
 69 Q  69 0.0927572 0.0812500 0.0433877 0.0082611 0.0000000 0.3857441 0.1184745 0.0224801 0.0115260 0.0083484 0.0255010 0.1228954 0.0089986 0.0012622 0.0070481 0.0221960 0.0223670 0.0007067 0.0000000 0.0167958
 70 E  70 0.0368307 0.0186138 0.0732721 0.0491562 0.0034813 0.0198128 0.4690130 0.0000000 0.0054669 0.0021557 0.0506393 0.0582310 0.0423124 0.0014555 0.0036995 0.0025347 0.0343258 0.0000000 0.0000000 0.1289992
 71 G  71 0.0185976 0.0149312 0.0305787 0.2639449 0.0000000 0.0078373 0.0634490 0.4114350 0.0115631 0.0010177 0.0382433 0.0124630 0.0271685 0.0035423 0.0286169 0.0346466 0.0220632 0.0021327 0.0032797 0.0044893
 72 P  72 0.0863520 0.0175748 0.0000000 0.0062587 0.0000000 0.1247620 0.0252557 0.0038934 0.0000000 0.0060311 0.0126405 0.0118201 0.0219540 0.0000000 0.5770364 0.0716084 0.0306882 0.0000000 0.0013386 0.0027861
 73 E  73 0.0151443 0.0061819 0.0085238 0.1570871 0.0000000 0.1902293 0.5196834 0.0347736 0.0028743 0.0000000 0.0072331 0.0181023 0.0000000 0.0000000 0.0000000 0.0258808 0.0074145 0.0000000 0.0068717 0.0000000
 74 Y  74 0.0024010 0.0000000 0.0034770 0.0325254 0.0018535 0.0081527 0.0030235 0.0000000 0.0952530 0.0000000 0.0243408 0.0000000 0.0064810 0.0449613 0.0000000 0.0025568 0.0094003 0.0011280 0.7594563 0.0049895
 75 W  75 0.0012365 0.0036411 0.0031866 0.0073500 0.0040977 0.0000000 0.0000000 0.0000000 0.0000000 0.0108465 0.0801932 0.0025310 0.0019937 0.0199298 0.0075960 0.0059978 0.0000000 0.8500349 0.0000000 0.0013652
 76 D  76 0.0230418 0.0103320 0.0305077 0.2768549 0.0000000 0.0151777 0.5497789 0.0121689 0.0009061 0.0000000 0.0230497 0.0479045 0.0000000 0.0000000 0.0000000 0.0032085 0.0052714 0.0000000 0.0000000 0.0017977
 77 R  77 0.0083877 0.3865691 0.0254152 0.0250760 0.0000000 0.0931013 0.1033745 0.0371588 0.0045841 0.0053229 0.0270684 0.1339261 0.0209468 0.0000000 0.0049501 0.0379769 0.0347687 0.0405109 0.0048343 0.0060283
 78 E  78 0.0145277 0.0146213 0.1506846 0.0058157 0.0011061 0.2188964 0.3708348 0.0624391 0.0039961 0.0076308 0.0428293 0.0055521 0.0066282 0.0000000 0.0000000 0.0077396 0.0124654 0.0016498 0.0606006 0.0119826
 79 T  79 0.0099676 0.0135885 0.0168242 0.0049633 0.0000000 0.0027085 0.0028319 0.0020423 0.0000000 0.0069185 0.0000000 0.0191592 0.0054920 0.0000000 0.0031720 0.0758970 0.8334743 0.0000000 0.0000000 0.0029606
 80 Q  80 0.0274067 0.1984561 0.0257903 0.0265854 0.0000000 0.4390141 0.0857065 0.0441268 0.0225493 0.0000000 0.0325532 0.0670104 0.0000000 0.0024003 0.0009344 0.0027324 0.0111378 0.0103045 0.0008574 0.0024344
 81 I  81 0.0079929 0.0871032 0.1145687 0.0312949 0.0000000 0.0250172 0.0078783 0.0266640 0.0064365 0.2877652 0.0758958 0.0985412 0.0130244 0.0092769 0.0031766 0.1015661 0.0412047 0.0009852 0.0270873 0.0345208
 82 C  82 0.2581053 0.0741311 0.0096900 0.0077701 0.0665998 0.0430846 0.0023120 0.0246205 0.0074368 0.0195939 0.1463083 0.0010437 0.0384038 0.0666373 0.0007296 0.0798480 0.0153046 0.0017350 0.0287035 0.1079420
 83 K  83 0.0113708 0.1371346 0.0011109 0.0000000 0.0000000 0.1134690 0.0205725 0.0000000 0.0021083 0.0493895 0.0968243 0.4098939 0.0284141 0.0289134 0.0055808 0.0103629 0.0407379 0.0132819 0.0000000 0.0308354
 84 A  84 0.1151307 0.0574882 0.0660877 0.0828367 0.0000000 0.0100680 0.0851664 0.3549973 0.0171133 0.0177714 0.0022647 0.0214632 0.0000000 0.0000000 0.0000000 0.1011957 0.0315803 0.0013751 0.0114189 0.0240424
 85 K  85 0.0882367 0.0688132 0.1223106 0.0458251 0.0034796 0.0493001 0.0312043 0.0193614 0.0758995 0.0138753 0.0482708 0.0791568 0.0085937 0.0181386 0.0011624 0.0848231 0.1047843 0.0861863 0.0332928 0.0172856
 86 A  86 0.2035092 0.0149291 0.0026738 0.0193382 0.0000000 0.1825528 0.3319844 0.0232626 0.0460794 0.0060493 0.0118561 0.0161966 0.0168354 0.0034440 0.0074790 0.0521741 0.0527539 0.0000000 0.0059747 0.0029074
 87 Q  87 0.0296946 0.0383145 0.0038248 0.0237167 0.0000000 0.5907193 0.0396289 0.0052055 0.0515054 0.0065468 0.0349835 0.0616555 0.0077821 0.0061542 0.0497821 0.0093484 0.0115003 0.0029028 0.0065225 0.0202121
 88 T  88 0.0369130 0.0381976 0.0738079 0.0402194 0.0041559 0.0185851 0.0055991 0.0213004 0.0016855 0.1363669 0.0358274 0.0133139 0.0290879 0.0340849 0.0030918 0.0786903 0.2233488 0.0789484 0.0043815 0.1223942
 89 D  89 0.0258248 0.0034538 0.0208799 0.0909569 0.0075542 0.0331423 0.0090565 0.0227559 0.0097248 0.0078646 0.0428163 0.0020691 0.0162996 0.5541952 0.0099383 0.0370410 0.0172085 0.0000000 0.0769549 0.0122635
 90 R  90 0.0121307 0.3834255 0.0277813 0.0056623 0.0013957 0.0509871 0.0209906 0.0171145 0.0115708 0.0236489 0.0302073 0.3265459 0.0173316 0.0228978 0.0165803 0.0070694 0.0182198 0.0000000 0.0044788 0.0019618
 91 E  91 0.1209910 0.0712551 0.0485415 0.0182275 0.0015854 0.0118555 0.0966879 0.0672932 0.0475988 0.0074437 0.0424845 0.0230802 0.0222684 0.0057083 0.0000000 0.0317265 0.0122200 0.0090614 0.0077221 0.3542489
 92 D  92 0.0096335 0.0111954 0.4230112 0.1122510 0.0096136 0.0076212 0.0549729 0.0634212 0.0118183 0.0210400 0.0484137 0.0279374 0.0040383 0.0233881 0.0000000 0.1019925 0.0411642 0.0034611 0.0169806 0.0080457
 93 L  93 0.0000000 0.0022348 0.0000000 0.0000000 0.0040442 0.0037971 0.0000000 0.0029161 0.0028045 0.1970534 0.6104403 0.0000000 0.0352879 0.0266953 0.0048224 0.0108453 0.0112486 0.0000000 0.0024134 0.0853967
 94 R  94 0.0259918 0.2209638 0.1052015 0.0677280 0.0000000 0.0968320 0.1245522 0.0762512 0.0105569 0.0177884 0.0250929 0.1168250 0.0173155 0.0000000 0.0093131 0.0122500 0.0044622 0.0467440 0.0040654 0.0180664
 95 T  95 0.0142729 0.0281590 0.1091673 0.0378318 0.0000000 0.0055554 0.0076241 0.0015169 0.0092473 0.1927278 0.0240940 0.0345151 0.0124175 0.0466538 0.0000000 0.0339376 0.3543725 0.0086443 0.0087263 0.0705364
 96 L  96 0.2192261 0.0101360 0.0033243 0.0000000 0.0008152 0.0000000 0.0000000 0.0219288 0.0037892 0.0861556 0.4972670 0.0000000 0.0435594 0.0043406 0.0030755 0.0071604 0.0100277 0.0052106 0.0000000 0.0839836
 97 L  97 0.0315823 0.2199443 0.0033228 0.0000000 0.0000000 0.0651440 0.0014214 0.0066183 0.0027961 0.0298580 0.1942476 0.1387786 0.2152886 0.0133842 0.0155597 0.0114280 0.0118797 0.0034569 0.0000000 0.0352898
 98 R  98 0.0071014 0.1326593 0.0291029 0.1096350 0.0005795 0.1129775 0.1201535 0.2468184 0.0418384 0.0065082 0.0286036 0.0667625 0.0000000 0.0000000 0.0192536 0.0384159 0.0225682 0.0011781 0.0000000 0.0158442
 99 Y  99 0.0141005 0.3449368 0.0321783 0.0074512 0.0020708 0.0164410 0.0086655 0.0038270 0.0394791 0.0301674 0.0266149 0.0076408 0.0040694 0.0287681 0.0030756 0.0118815 0.0110513 0.0000000 0.3990463 0.0085345
100 Y 100 0.0049839 0.0085472 0.0276885 0.0000000 0.0033286 0.0119063 0.0021700 0.0075756 0.0352760 0.0034205 0.0443206 0.0000000 0.0437867 0.2424846 0.0000000 0.0071654 0.0137485 0.0009479 0.5371054 0.0055442
101 N 101 0.0041208 0.0540287 0.8117780 0.0053180 0.0000000 0.0116001 0.0091447 0.0071401 0.0000000 0.0084540 0.0027610 0.0349155 0.0018302 0.0091472 0.0097827 0.0085604 0.0180514 0.0033672 0.0000000 0.0000000
102 Q 102 0.0041800 0.0095949 0.0134136 0.0300663 0.0035708 0.6632641 0.0810486 0.0089888 0.1037153 0.0000000 0.0118101 0.0442214 0.0000000 0.0019041 0.0016846 0.0092447 0.0000000 0.0000000 0.0132928 0.0000000
103 S 103 0.0027541 0.0215996 0.0475595 0.0025701 0.0026755 0.0154986 0.0000000 0.0046153 0.0032963 0.0019842 0.0020540 0.0142934 0.0025079 0.0000000 0.0033285 0.5204421 0.3393130 0.0000000 0.0155080 0.0000000
104 E 104 0.0493085 0.0767371 0.0346992 0.0482405 0.0224568 0.0559589 0.3159537 0.0440172 0.0047842 0.0070516 0.0103430 0.1007716 0.0421103 0.0034064 0.0034681 0.0258295 0.0080575 0.1115856 0.0251598 0.0100606
105 A 105 0.2792184 0.0296060 0.0378448 0.0569547 0.0000000 0.0132138 0.0560804 0.2940982 0.0000000 0.0040619 0.0039173 0.0319587 0.0000000 0.0000000 0.0138886 0.0967819 0.0732384 0.0008302 0.0000000 0.0083066
106 G 106 0.0031229 0.0061304 0.0024778 0.0743739 0.0000000 0.0022954 0.0478349 0.8009601 0.0000000 0.0036541 0.0035172 0.0105142 0.0040447 0.0000000 0.0000000 0.0297063 0.0019558 0.0000000 0.0000000 0.0094123
107 S 107 0.0162312 0.0078084 0.0090904 0.0071306 0.0000000 0.0000000 0.0030740 0.0074044 0.0271272 0.0258930 0.0540562 0.0067804 0.0033691 0.0338102 0.0569722 0.4776146 0.0247570 0.0000000 0.0530874 0.1857938
108 H 108 0.0000000 0.0063117 0.0037723 0.0063524 0.0000000 0.0037860 0.0029384 0.0000000 0.9025525 0.0057982 0.0173263 0.0032880 0.0000000 0.0027910 0.0032543 0.0055910 0.0198390 0.0000000 0.0111452 0.0052536
109 T 109 0.0059937 0.0060846 0.0052533 0.0039359 0.0000000 0.0023172 0.0032880 0.0000000 0.0093271 0.1041988 0.0104834 0.0000000 0.0085021 0.0129861 0.0012355 0.2268454 0.5044380 0.0130876 0.0000000 0.0820233
110 L 110 0.0123882 0.0037724 0.0095472 0.0000000 0.0000000 0.0198952 0.0000000 0.0000000 0.0158115 0.1396731 0.4070747 0.0023172 0.0739292 0.1244229 0.0000000 0.0082138 0.0036827 0.0298478 0.0561806 0.0932434
111 Q 111 0.0000000 0.1873709 0.0000000 0.0000000 0.0000000 0.7213356 0.0052014 0.0096581 0.0021619 0.0048413 0.0105270 0.0085250 0.0049898 0.0000000 0.0012355 0.0126139 0.0022462 0.0161658 0.0072138 0.0059140
112 N 112 0.0096355 0.1825376 0.0324830 0.0045284 0.0112220 0.0287496 0.0433301 0.0320427 0.0093531 0.0148431 0.0601206 0.0393078 0.0423301 0.0345752 0.0011385 0.0153039 0.0309461 0.1447871 0.2070125 0.0557531
113 M 113 0.0035186 0.0615833 0.0015750 0.0000000 0.0000000 0.0200707 0.0000000 0.0027091 0.0000000 0.0470186 0.0791041 0.0094803 0.4933224 0.1957423 0.0000000 0.0037813 0.0228836 0.0020521 0.0201482 0.0370105
114 Y 114 0.0117447 0.0205580 0.0213660 0.0271954 0.0297046 0.0210522 0.0169540 0.0305266 0.0841727 0.0365146 0.0269837 0.0117661 0.0129650 0.0870522 0.0015508 0.0772381 0.0170821 0.0044523 0.4399049 0.0212158
115 G 115 0.0154380 0.0034311 0.0014952 0.0034018 0.0303169 0.0000000 0.0059641 0.6901167 0.0020502 0.0217356 0.0030957 0.0053804 0.0000000 0.0048626 0.0065119 0.0220982 0.1810971 0.0000000 0.0024665 0.0005381
116 C 116 0.1417604 0.0000000 0.0000000 0.0126459 0.7234159 0.0000000 0.0121152 0.0305723 0.0000000 0.0068451 0.0024177 0.0000000 0.0000000 0.0029397 0.0000000 0.0283602 0.0056640 0.0058337 0.0103574 0.0170725
117 D 117 0.0150469 0.0000000 0.0351368 0.2474973 0.0102136 0.0128192 0.3865633 0.0074451 0.0095659 0.0261040 0.0157678 0.0027841 0.0407935 0.0034431 0.0000000 0.0066510 0.0111141 0.0013761 0.0244543 0.1432240
118 V 118 0.0026847 0.0105553 0.0013923 0.0000000 0.0101486 0.0000000 0.0163022 0.0074101 0.0000000 0.0777992 0.2537201 0.0000000 0.0366252 0.0012962 0.0012506 0.1781945 0.0182827 0.1290649 0.0021924 0.2530812
119 G 119 0.0256349 0.2302010 0.0157826 0.2032869 0.0000000 0.0295708 0.0744529 0.2598006 0.0148589 0.0000000 0.0825348 0.0021873 0.0040347 0.0060083 0.0000000 0.0240530 0.0105361 0.0073601 0.0033199 0.0063773
120 P 120 0.0105185 0.0081420 0.0477820 0.1807016 0.0000000 0.0207681 0.1355060 0.0094866 0.0220175 0.0064159 0.0164162 0.0213902 0.0022593 0.0042539 0.3974702 0.0967861 0.0152535 0.0000000 0.0012589 0.0035734
121 D 121 0.0027930 0.0126365 0.0513489 0.5017914 0.0000000 0.0338792 0.1387167 0.1991149 0.0051224 0.0000000 0.0000000 0.0055385 0.0000000 0.0009989 0.0040259 0.0245976 0.0093410 0.0000000 0.0039769 0.0061182
122 G 122 0.0116967 0.0959278 0.0525028 0.0327957 0.0000000 0.0052371 0.0078247 0.4704169 0.0118443 0.0029184 0.0790543 0.0016750 0.0096298 0.0124815 0.0438079 0.0161195 0.1309409 0.0095188 0.0022731 0.0033350
123 R 123 0.0115689 0.2690412 0.0257331 0.0072707 0.0014644 0.0040715 0.0202782 0.3278377 0.0182253 0.0074011 0.0152406 0.0202541 0.0046420 0.0005009 0.0019637 0.2090547 0.0338841 0.0043402 0.0137705 0.0034571
124 L 124 0.0350916 0.0071240 0.0120167 0.0137837 0.0000000 0.0151086 0.2395757 0.0000000 0.0038529 0.0107799 0.2525678 0.0527708 0.0021162 0.1733257 0.0081021 0.0429303 0.0897923 0.0000000 0.0087276 0.0323339
125 L 125 0.0077669 0.0166591 0.0018596 0.0000000 0.0033631 0.0094476 0.0000000 0.0193928 0.0011798 0.1106075 0.2823937 0.0119545 0.0022219 0.0054585 0.2029236 0.0721852 0.1492673 0.0000000 0.0000000 0.1033187
126 R 126 0.0230462 0.5412667 0.0521034 0.0287558 0.0004892 0.0246110 0.0354373 0.0768704 0.0510981 0.0021769 0.0118323 0.0595095 0.0000000 0.0000000 0.0013577 0.0377490 0.0328374 0.0184348 0.0000000 0.0024244
127 G 127 0.0469135 0.0056761 0.0000000 0.0000000 0.0026147 0.0000000 0.0028115 0.6799078 0.0000000 0.0000000 0.0062934 0.0000000 0.0000000 0.1834272 0.0000000 0.0113404 0.0000000 0.0160021 0.0393401 0.0056731
128 Y 128 0.0016453 0.0082538 0.0010642 0.0069263 0.0005106 0.0242932 0.0000000 0.0000000 0.0549779 0.1627749 0.0308094 0.0000000 0.0223716 0.2180186 0.0000000 0.0222843 0.0091263 0.0017618 0.3996547 0.0355270
129 H 129 0.0570587 0.0661930 0.0495752 0.1179138 0.0103581 0.0281842 0.1115855 0.0117002 0.0468873 0.0240314 0.0546300 0.0121700 0.0244040 0.0350656 0.0016435 0.1109242 0.0175163 0.1025637 0.0915995 0.0259955
130 Q 130 0.0026043 0.0638962 0.0005554 0.0000000 0.0000000 0.5751979 0.0664801 0.0034465 0.0179516 0.0078175 0.0097847 0.0319158 0.0131373 0.0000000 0.0000000 0.0017613 0.0052605 0.0059299 0.0000000 0.1942609
131 D 131 0.0129263 0.0078626 0.0044325 0.0787737 0.0043512 0.0035395 0.0172875 0.1955555 0.0508442 0.0379857 0.0581915 0.0018812 0.0111213 0.1486503 0.0000000 0.0207575 0.0021457 0.0051455 0.3229439 0.0156044
132 A 132 0.3733918 0.0000000 0.0041672 0.0000000 0.0044304 0.0039446 0.0000000 0.3055978 0.0021443 0.0113309 0.0021710 0.0027142 0.0000000 0.0055460 0.0000000 0.0386783 0.0270438 0.0023002 0.2059677 0.0105717
133 Y 133 0.0000000 0.0000000 0.0037877 0.0000000 0.0010356 0.0000000 0.0000000 0.0000000 0.0019683 0.0019272 0.0115239 0.0000000 0.0000000 0.0725528 0.0000000 0.0011755 0.0000000 0.0122954 0.6849424 0.2087911
134 D 134 0.0005424 0.0035030 0.0628566 0.8840976 0.0054906 0.0007026 0.0147372 0.0069820 0.0039239 0.0000000 0.0000000 0.0000000 0.0000000 0.0000000 0.0000000 0.0000000 0.0000000 0.0000000 0.0171641 0.0000000
135 G 135 0.0071050 0.0046806 0.0199431 0.1549784 0.0000000 0.0000000 0.0094182 0.7736752 0.0012029 0.0000000 0.0023216 0.0000000 0.0000000 0.0000000 0.0000000 0.0209661 0.0048596 0.0000000 0.0000000 0.0008494
136 K 136 0.0588602 0.1692186 0.0030974 0.0279099 0.0035816 0.0998249 0.2216593 0.0071344 0.0274296 0.0180601 0.0172036 0.1548583 0.0021903 0.0000000 0.0004260 0.0123892 0.1477934 0.0021144 0.0231545 0.0030941
137 D 137 0.0045628 0.0000000 0.0306691 0.6887831 0.0000000 0.1539444 0.0729378 0.0068863 0.0035293 0.0134329 0.0105044 0.0000000 0.0000000 0.0000000 0.0030763 0.0022755 0.0000000 0.0000000 0.0012483 0.0081498
138 Y 138 0.0024435 0.0039239 0.0049823 0.0019098 0.0004289 0.0000000 0.0035030 0.0000000 0.0428129 0.0117737 0.0339985 0.0030776 0.0000000 0.5260190 0.0000000 0.0063379 0.0026999 0.0011649 0.3469045 0.0080197
139 I 139 0.0065984 0.0000000 0.0000000 0.0000000 0.0000000 0.0166047 0.0000000 0.0072019 0.0012163 0.4572514 0.2450884 0.0000000 0.0300686 0.0176737 0.0110970 0.0047934 0.0016004 0.0000000 0.0033454 0.1974604
140 A 140 0.3413612 0.1706333 0.0032590 0.0029727 0.0023325 0.0011481 0.0476740 0.0105641 0.0231247 0.0408984 0.0032039 0.0014676 0.0170783 0.0028306 0.0039289 0.1862544 0.0862547 0.0000000 0.0182673 0.0367464
141 L 141 0.0039239 0.0000000 0.0000000 0.0000000 0.0000000 0.0035030 0.0000000 0.0000000 0.0000000 0.0040579 0.4735913 0.0000000 0.0036629 0.4249602 0.0000000 0.0005389 0.0000000 0.0091210 0.0750325 0.0016084
142 N 142 0.0044676 0.0058710 0.3404612 0.5819292 0.0145753 0.0010753 0.0035869 0.0000000 0.0085785 0.0000000 0.0065912 0.0138943 0.0000000 0.0000000 0.0000000 0.0104899 0.0084795 0.0000000 0.0000000 0.0000000
143 E 143 0.0020159 0.0027611 0.0022136 0.0460188 0.0000000 0.0067027 0.2787957 0.0081427 0.0026267 0.0000000 0.1474714 0.1613959 0.0403863 0.0060342 0.0315229 0.2175125 0.0373934 0.0013763 0.0017441 0.0058857
144 D 144 0.0215323 0.0059581 0.0257708 0.5463947 0.0000000 0.0174336 0.1588225 0.0135246 0.0023798 0.0000000 0.0000000 0.1483953 0.0020471 0.0000000 0.0009416 0.0152417 0.0241773 0.0000000 0.0035946 0.0137861
145 L 145 0.1320415 0.0538093 0.0288294 0.0071869 0.0000000 0.0034225 0.0425301 0.0033690 0.0072124 0.0240868 0.3065939 0.0179046 0.0128066 0.0000000 0.0088603 0.0458468 0.2939592 0.0000000 0.0000000 0.0115406
146 S 146 0.0556511 0.1901593 0.0164073 0.0051326 0.0043287 0.0222289 0.1375624 0.0354678 0.0115973 0.0067652 0.1873930 0.0683945 0.0698348 0.0040614 0.0322185 0.0953393 0.0143810 0.0162447 0.0049587 0.0218736
147 S 147 0.0250040 0.0759464 0.0747201 0.0168502 0.0000000 0.0393128 0.0208314 0.0039676 0.0009578 0.0105546 0.0010604 0.0259047 0.0080657 0.0037863 0.0000000 0.3279726 0.3202323 0.0000000 0.0012620 0.0435711
148 W 148 0.0221802 0.0031761 0.0033947 0.0000000 0.0043764 0.0185218 0.0024418 0.0028207 0.0071789 0.0025457 0.0040352 0.0000000 0.0000000 0.0622074 0.1201894 0.0056266 0.0022053 0.6500312 0.0861910 0.0028775
149 T 149 0.0096219 0.1594803 0.0087391 0.0000000 0.0000000 0.0038995 0.0087960 0.0068907 0.0000000 0.1529402 0.0109754 0.0144875 0.0151855 0.0018439 0.0000000 0.0225479 0.4010930 0.0000000 0.0000000 0.1834991
150 A 150 0.6623348 0.0031489 0.0000000 0.0000000 0.0000000 0.0000000 0.0188462 0.0085269 0.0023577 0.0023856 0.0035313 0.0000000 0.0883531 0.0000000 0.0926483 0.0373593 0.0356777 0.0000000 0.0052241 0.0396061
151 A 151 0.4303390 0.0132155 0.0057361 0.0168785 0.0000000 0.0191951 0.1099349 0.0118015 0.0043349 0.0055564 0.0421719 0.0141583 0.0137931 0.0038259 0.1488046 0.0414489 0.0340840 0.0048561 0.0186691 0.0611962
152 D 152 0.0105781 0.0089066 0.0623413 0.3412927 0.0000000 0.0120790 0.0979925 0.0526772 0.0056389 0.0000000 0.0042098 0.0749096 0.0034653 0.0000000 0.0837036 0.0233633 0.0757380 0.0186704 0.0000000 0.1244338
153 T 153 0.0373015 0.1164771 0.0205874 0.0155886 0.0016350 0.0908934 0.0351626 0.0078761 0.0141724 0.0054362 0.0156089 0.0422380 0.0761604 0.0179852 0.2890565 0.0357446 0.1367086 0.0000000 0.0016570 0.0397104
154 A 154 0.3897376 0.0889737 0.0000000 0.0027056 0.0000000 0.1610388 0.1226746 0.0269075 0.0016904 0.0117568 0.0047256 0.0174627 0.0016193 0.0041488 0.0244912 0.0152407 0.0152041 0.0236563 0.0038673 0.0840990
155 A 155 0.8085669 0.0131394 0.0000000 0.0012838 0.0000000 0.0074400 0.0000000 0.0499904 0.0000000 0.0029232 0.0063131 0.0000000 0.0076136 0.0000000 0.0560886 0.0178389 0.0108913 0.0000000 0.0037053 0.0142055
156 Q 156 0.0165410 0.0289998 0.0182145 0.0176510 0.0000000 0.3280067 0.1073453 0.0150886 0.0180225 0.0142717 0.0903655 0.0166510 0.0104126 0.0197930 0.0466155 0.0055095 0.0056192 0.0927422 0.0033819 0.1447685
157 I 157 0.0253277 0.0098833 0.0745954 0.0116395 0.0026960 0.0088425 0.0129199 0.0059379 0.0053020 0.4244043 0.0320333 0.0133864 0.0925440 0.0138154 0.0738506 0.0121330 0.0302312 0.0745830 0.0174571 0.0584176
158 T 158 0.0047813 0.0107843 0.0039972 0.0407712 0.0000000 0.0000000 0.0674799 0.0116739 0.0017403 0.0594107 0.0436942 0.0063980 0.0547888 0.0062961 0.0030301 0.0520476 0.5915353 0.0054300 0.0024277 0.0337135
159 Q 159 0.0309262 0.1259419 0.0019735 0.0000000 0.0000000 0.1899624 0.0677530 0.0034842 0.0057854 0.0008186 0.0092297 0.4784741 0.0094611 0.0035009 0.0046940 0.0144768 0.0362568 0.0076627 0.0000000 0.0095987
160 R 160 0.0039080 0.3964483 0.0487422 0.0208867 0.0000000 0.2051984 0.1014674 0.0036248 0.0690785 0.0041773 0.0521777 0.0169189 0.0111506 0.0006304 0.0117625 0.0276203 0.0035633 0.0012173 0.0020380 0.0193896
161 K 161 0.0211837 0.0586809 0.0068323 0.0120418 0.0000000 0.0265202 0.1220740 0.0283864 0.0010353 0.0047190 0.0172996 0.5646029 0.0065241 0.0015407 0.0000000 0.0115981 0.0081188 0.0257232 0.0766157 0.0065031
162 W 162 0.0012242 0.0066396 0.0085070 0.0000000 0.0011758 0.0083557 0.0109151 0.0592823 0.0000000 0.0080560 0.0480117 0.0011586 0.0044048 0.0163275 0.0348509 0.0121404 0.0007009 0.7596072 0.0099906 0.0086516
163 E 163 0.0000000 0.0022530 0.0984224 0.2387606 0.0000000 0.0059816 0.5497253 0.0072886 0.0009161 0.0000000 0.0000000 0.0135066 0.0006744 0.0000000 0.0593534 0.0048380 0.0067089 0.0000000 0.0000000 0.0115713
164 A 164 0.2741008 0.0572910 0.0941735 0.0320834 0.0000000 0.1009629 0.1666381 0.0508272 0.0126647 0.0092219 0.0019096 0.0501564 0.0024129 0.0000000 0.0045196 0.0589866 0.0251412 0.0044039 0.0418066 0.0126997
165 A 165 0.1739624 0.0275967 0.0878009 0.1199120 0.0045661 0.0537879 0.1543822 0.0390841 0.0325930 0.0131982 0.0190422 0.0160008 0.0042876 0.0024825 0.0314322 0.0339329 0.0333815 0.0425697 0.0661004 0.0438869
166 R 166 0.0148398 0.1066402 0.0528073 0.0474074 0.0160625 0.0218371 0.0587995 0.2773385 0.0212643 0.0034707 0.0073929 0.0901398 0.0037560 0.0000000 0.0427084 0.0320633 0.1066674 0.0662090 0.0254471 0.0051490
167 V 167 0.1619257 0.0631757 0.0088086 0.0592332 0.0054616 0.0430021 0.1674503 0.0080389 0.0117935 0.0783394 0.0131904 0.0120654 0.0117031 0.0475305 0.0104938 0.0020797 0.0202043 0.0155320 0.0965045 0.1634671
168 A 168 0.4116385 0.0673999 0.0736022 0.0029574 0.0000000 0.0224488 0.0517146 0.0123326 0.0059341 0.0529206 0.1382783 0.0101160 0.0164599 0.0012646 0.0056661 0.0113270 0.0642581 0.0176389 0.0206535 0.0133890
169 E 169 0.0664922 0.0223358 0.0618661 0.0194386 0.0015843 0.0966552 0.4400993 0.0152283 0.0154155 0.0236498 0.0118630 0.0793778 0.0141596 0.0057542 0.0023525 0.0183292 0.0620653 0.0063530 0.0059842 0.0309960
170 Q 170 0.0262716 0.1987160 0.0164174 0.0184406 0.0049640 0.2360431 0.0499180 0.0528687 0.0394111 0.0195375 0.0235692 0.0547366 0.0059530 0.0233053 0.0094206 0.0492641 0.0762408 0.0059929 0.0800308 0.0088988
171 L 171 0.0092493 0.1476790 0.0758926 0.0670659 0.0090056 0.1195519 0.0449803 0.0270725 0.0213683 0.0122424 0.0711803 0.0354789 0.0276350 0.0235441 0.0000000 0.0331022 0.0206953 0.1056440 0.1078009 0.0408113
172 R 172 0.0353923 0.2851694 0.0453326 0.0051736 0.0009477 0.0152537 0.0240179 0.0075526 0.0054572 0.0310391 0.0048043 0.4017357 0.0136869 0.0054884 0.0000000 0.0115851 0.0789788 0.0024590 0.0148489 0.0110769
173 A 173 0.3280643 0.0040713 0.1924991 0.0128074 0.0000000 0.0350302 0.0522665 0.0190349 0.0519863 0.0212648 0.0067146 0.0954439 0.0051004 0.0138121 0.0070700 0.0523456 0.0601436 0.0025160 0.0070548 0.0327740
174 Y 174 0.0074437 0.0200516 0.0084593 0.0286389 0.0017033 0.0603713 0.0240601 0.0143111 0.0102410 0.0011275 0.0177850 0.0627540 0.0074668 0.0591544 0.0000000 0.0072535 0.0132833 0.0178419 0.6349589 0.0030941
175 L 175 0.0254897 0.0061089 0.0101171 0.0140141 0.0009989 0.0057066 0.0073547 0.0229845 0.0061148 0.0331957 0.6850707 0.0100995 0.0188278 0.0224669 0.0088635 0.0161252 0.0237362 0.0048196 0.0363407 0.0415648
176 E 176 0.0227074 0.0212817 0.0336555 0.0250057 0.0000000 0.0756778 0.5012828 0.0275800 0.0124872 0.0116728 0.0125498 0.0573192 0.0047394 0.0216261 0.0028242 0.0322616 0.1045663 0.0000000 0.0225420 0.0102205
177 G 177 0.0240702 0.0804356 0.0937145 0.0248240 0.0059333 0.1212350 0.1180628 0.3098581 0.0266649 0.0101024 0.0075118 0.0692592 0.0000000 0.0000000 0.0000000 0.0125168 0.0649722 0.0000000 0.0047113 0.0261276
178 E 178 0.0205822 0.0407995 0.0216520 0.0481075 0.0023177 0.0705737 0.2902031 0.0190798 0.0193605 0.0799670 0.0316054 0.0412959 0.0042716 0.0031057 0.0256877 0.0207438 0.1686773 0.0071776 0.0078299 0.0769622
179 C 179 0.0103916 0.0000000 0.0396745 0.0356030 0.7495563 0.0022320 0.0225434 0.0084877 0.0049400 0.0134688 0.0115631 0.0030570 0.0033054 0.0225448 0.0000000 0.0262877 0.0214176 0.0011741 0.0127491 0.0110038
180 V 180 0.0128505 0.0526916 0.0031080 0.0142430 0.0122203 0.0058985 0.0011537 0.0010444 0.0028723 0.2304673 0.1240565 0.0083419 0.0159749 0.0327251 0.1229125 0.0166530 0.0165581 0.0007997 0.0079978 0.3174308
181 E 181 0.0409888 0.0802409 0.0221135 0.1119135 0.0000000 0.0820664 0.4814156 0.0328265 0.0062816 0.0043286 0.0208200 0.0272156 0.0067521 0.0012359 0.0057355 0.0031299 0.0239692 0.0038839 0.0067204 0.0383621
182 W 182 0.0096586 0.0326012 0.0418610 0.0128189 0.0130923 0.0304668 0.0159850 0.0419578 0.0188804 0.0094099 0.0162785 0.0031018 0.0258646 0.0242015 0.0000000 0.0647109 0.0529650 0.5186817 0.0120630 0.0554011
183 L 183 0.0098869 0.0032003 0.0479158 0.0031695 0.0056179 0.0000000 0.0000000 0.0019801 0.0000000 0.0076267 0.8167833 0.0118144 0.0203243 0.0122613 0.0023172 0.0117475 0.0032874 0.0000000 0.0175622 0.0245054
184 R 184 0.0118118 0.3029607 0.0300641 0.0000000 0.0017798 0.1055691 0.0131286 0.0101931 0.0534021 0.0000000 0.1526413 0.2298746 0.0000000 0.0120430 0.0079788 0.0184327 0.0077194 0.0031238 0.0306812 0.0085959
185 R 185 0.0059266 0.4170772 0.0323066 0.0027464 0.0000000 0.0233032 0.0286832 0.0320572 0.0015094 0.0136874 0.0164267 0.3439539 0.0111189 0.0034648 0.0015856 0.0172269 0.0358616 0.0047670 0.0017165 0.0065810
186 Y 186 0.0047880 0.0256332 0.0164955 0.0072253 0.0142930 0.0213282 0.0120356 0.0033156 0.0534624 0.0101517 0.0579575 0.0066791 0.0059160 0.0792879 0.0000000 0.0017833 0.0461500 0.0000000 0.6101217 0.0233760
187 L 187 0.0088450 0.0319347 0.0180588 0.0000000 0.0000000 0.0043355 0.0000000 0.0051107 0.0035922 0.0142692 0.6159530 0.0156859 0.0197498 0.0076356 0.0145936 0.0161130 0.0015793 0.0008024 0.0527551 0.1689862
188 E 188 0.0167218 0.0616028 0.1149365 0.0889306 0.0000000 0.0461903 0.4000484 0.0542050 0.0062798 0.0109356 0.0402674 0.0334981 0.0019470 0.0046555 0.0249987 0.0502697 0.0299855 0.0000000 0.0020888 0.0124383
189 N 189 0.0221417 0.0236120 0.1644761 0.0095534 0.0043529 0.0560480 0.0103774 0.0512307 0.0416887 0.0230691 0.0949216 0.0430385 0.0306810 0.0187235 0.0043159 0.0124863 0.0149724 0.0000000 0.3622913 0.0120196
