  121         A         R         N         D         C         Q         E         G         H         I         L         K         M         F         P         S         T         W         Y         V         X    
  1 V   1 0.0000000 0.0000000 0.0000000 0.0000000 0.0000000 0.0000000 0.0000000 0.0000000 0.0000000 0.0090415 0.0000000 0.0000000 0.0000000 0.0000000 0.0000000 0.0000000 0.0000000 0.0000000 0.0000000 0.0271810 0.9637775
  2 G   2 0.0000000 0.0000000 0.0000000 0.0000000 0.0000000 0.0285463 0.0000000 0.0076761 0.0000000 0.0000000 0.0000000 0.0000000 0.0000000 0.0000000 0.0000000 0.0000000 0.0000000 0.0000000 0.0000000 0.0000000 0.9637775
  3 T   3 0.0462664 0.0000000 0.0000000 0.0000000 0.0000000 0.0000000 0.0000000 0.0000000 0.0000000 0.0000000 0.0000000 0.0000000 0.0000000 0.0000000 0.0000000 0.0079072 0.0476287 0.0000000 0.0000000 0.0136622 0.8845354
  4 G   4 0.1857613 0.0000000 0.0000000 0.0000000 0.0000000 0.0000000 0.0000000 0.0076761 0.0000000 0.0000000 0.0000000 0.0000000 0.0000000 0.0000000 0.0000000 0.1141684 0.0096188 0.0000000 0.0000000 0.0000000 0.6827754
  5 S   5 0.0000000 0.0000000 0.0596811 0.0000000 0.0000000 0.0317279 0.0000000 0.0000000 0.0094300 0.0000000 0.0000000 0.0000000 0.0000000 0.0000000 0.0000000 0.2719629 0.0134575 0.0000000 0.0000000 0.0000000 0.6137405
  6 N   6 0.0296601 0.0000000 0.1765915 0.0031453 0.0000000 0.0079082 0.0000000 0.0000000 0.0105886 0.0393081 0.0142314 0.0035812 0.0000000 0.0000000 0.0435466 0.0139515 0.0117133 0.0000000 0.0000000 0.0365703 0.6092038
  7 D   7 0.0062439 0.0071595 0.0096188 0.0132317 0.0000000 0.0000000 0.0000000 0.0000000 0.0000000 0.1071255 0.0000000 0.0000000 0.0000000 0.0000000 0.2429752 0.0000000 0.0079082 0.0000000 0.0000000 0.0111466 0.5945906
  8 D   8 0.0057699 0.0000000 0.0560129 0.0132317 0.0000000 0.0000000 0.0000000 0.0000000 0.0220492 0.2425256 0.0000000 0.0000000 0.0000000 0.0000000 0.0096188 0.0000000 0.0000000 0.0000000 0.0247614 0.0314400 0.5945906
  9 D   9 0.0062439 0.0000000 0.1052173 0.3682787 0.0000000 0.0000000 0.1890080 0.0000000 0.0000000 0.0222164 0.0000000 0.0000000 0.0000000 0.0096188 0.0000000 0.0000000 0.0000000 0.0000000 0.0000000 0.0000000 0.2994168
 10 D  10 0.0076233 0.0321361 0.0755452 0.0076761 0.2183839 0.0153887 0.0055556 0.0082757 0.0000000 0.0000000 0.0363614 0.1980232 0.0223312 0.0000000 0.0062439 0.0796566 0.0000000 0.0000000 0.0000000 0.0000000 0.2867992
 11 K  11 0.0000000 0.0733605 0.0000000 0.0000000 0.0000000 0.0000000 0.0021847 0.0096188 0.0000000 0.0000000 0.0064307 0.4091644 0.0000000 0.0000000 0.0000000 0.1994410 0.0293759 0.0000000 0.0000000 0.0000000 0.2704240
 12 A  12 0.2594074 0.0000000 0.0400198 0.0095456 0.0101747 0.2309872 0.0119932 0.0097724 0.0000000 0.0000000 0.0000000 0.0000000 0.0000000 0.0000000 0.0000000 0.1923738 0.0000000 0.0000000 0.0000000 0.0000000 0.2357259
 13 P  13 0.0883742 0.1925792 0.0087061 0.0000000 0.0000000 0.0312764 0.0000000 0.0380837 0.0117077 0.0000000 0.0095710 0.0150793 0.0000000 0.0000000 0.2124194 0.0151254 0.0638228 0.0000000 0.0000000 0.0000000 0.3132547
 14 N  14 0.0251250 0.0062439 0.1623248 0.0057699 0.0031611 0.0331431 0.0000000 0.0297587 0.0029245 0.0167196 0.0467874 0.0628319 0.0000000 0.0000000 0.0412394 0.2117719 0.0257203 0.0000000 0.0000000 0.0114396 0.3150389
 15 A  15 0.3021619 0.0000000 0.0000000 0.0000000 0.0000000 0.0000000 0.0313142 0.0226462 0.0000000 0.0159829 0.0000000 0.0000000 0.0867448 0.0000000 0.0000000 0.0640089 0.2359329 0.0000000 0.0000000 0.0152895 0.2259187
 16 S  16 0.1064131 0.0000000 0.0463417 0.0000000 0.0183831 0.1455180 0.0000000 0.2123128 0.0520796 0.0000000 0.0000000 0.0000000 0.0090321 0.0000000 0.0156280 0.2079179 0.0072886 0.0000000 0.0037105 0.0117077 0.1636668
 17 N  17 0.0055246 0.0000000 0.0681768 0.2025345 0.0000000 0.0382284 0.4447286 0.0000000 0.0082615 0.0065961 0.0065323 0.0122206 0.0051909 0.0000000 0.0000000 0.0000000 0.0131405 0.0000000 0.0068036 0.0598480 0.1222137
 18 L  18 0.0000000 0.0000000 0.0000000 0.0000000 0.0000000 0.0000000 0.0000000 0.0000000 0.0000000 0.0000000 0.7354069 0.0000000 0.0117077 0.0000000 0.1958554 0.0000000 0.0000000 0.0000000 0.0082757 0.0000000 0.0487542
 19 K  19 0.0234680 0.0873853 0.0227282 0.0064692 0.0000000 0.0776922 0.1488579 0.0000000 0.0129944 0.0210024 0.0122517 0.2427384 0.0091990 0.0000000 0.1144081 0.0261873 0.0414509 0.0068034 0.0117605 0.0922796 0.0423235
 20 I  20 0.0000000 0.0000000 0.0000000 0.0000000 0.0000000 0.0000000 0.0000000 0.0000000 0.0000000 0.7518738 0.0607151 0.0000000 0.0374619 0.0000000 0.0000000 0.0000000 0.0000000 0.0000000 0.0000000 0.1076257 0.0423235
 21 V  21 0.0042168 0.0000000 0.0182736 0.0195096 0.3705452 0.0000000 0.0895523 0.0000000 0.0117605 0.0037105 0.0718725 0.0000000 0.0356195 0.0111296 0.0000000 0.0545655 0.0543694 0.0104330 0.0097001 0.1924184 0.0423235
 22 R  22 0.0195048 0.4994583 0.0143865 0.0170051 0.0000000 0.0000000 0.0200673 0.0000000 0.0106106 0.0000000 0.0000000 0.3092877 0.0000000 0.0000000 0.0036437 0.0335773 0.0000000 0.0165281 0.0136070 0.0000000 0.0423235
 23 M  23 0.0233498 0.0060952 0.0000000 0.0000000 0.0000000 0.1086142 0.0000000 0.0036437 0.0000000 0.1069337 0.1962017 0.1167864 0.1450515 0.0115128 0.0000000 0.0227801 0.0104330 0.0000000 0.0577960 0.1484784 0.0423235
 24 D  24 0.0000000 0.0000000 0.1530945 0.2045517 0.0565284 0.0000000 0.0000000 0.0000000 0.0000000 0.0000000 0.0000000 0.0064307 0.0220265 0.0000000 0.0000000 0.5150446 0.0000000 0.0000000 0.0000000 0.0000000 0.0423235
 25 R  25 0.0271642 0.1527312 0.0117605 0.0371298 0.0022707 0.0063389 0.0000000 0.0000000 0.1004556 0.0657651 0.1775368 0.1836829 0.0247212 0.0207398 0.0393913 0.0412541 0.0548072 0.0000000 0.0000000 0.0119272 0.0423235
 26 T  26 0.0515885 0.0113401 0.1556696 0.0957436 0.1468504 0.0167260 0.0354868 0.0000000 0.0495569 0.0070824 0.0000000 0.0000000 0.0000000 0.0060952 0.0198633 0.1242835 0.1609771 0.0000000 0.0311899 0.0452231 0.0423235
 27 A  27 0.1406956 0.0235017 0.0145188 0.0084486 0.0432760 0.0108174 0.0231807 0.0055246 0.0254535 0.0000000 0.0000000 0.0149732 0.0000000 0.0028340 0.0000000 0.5339236 0.0797545 0.0000000 0.0183012 0.0124730 0.0423235
 28 G  28 0.1260372 0.0000000 0.0000000 0.0063389 0.2700561 0.0000000 0.0000000 0.4443453 0.0000000 0.0000000 0.0000000 0.0000000 0.0000000 0.0067582 0.0000000 0.0713701 0.0000000 0.0000000 0.0266756 0.0060952 0.0423235
 29 C  29 0.0058819 0.0230509 0.0075505 0.0000000 0.0608016 0.0000000 0.0000000 0.0161297 0.0000000 0.0035527 0.0396867 0.0287097 0.0000000 0.0063389 0.2577387 0.4255788 0.0557711 0.0000000 0.0190031 0.0078820 0.0423235
 30 V  30 0.1356113 0.0117077 0.0000000 0.0000000 0.1711439 0.0000000 0.0000000 0.0000000 0.0000000 0.0214984 0.0070705 0.0000000 0.0034495 0.0090321 0.0372761 0.0046605 0.0025477 0.0000000 0.0000000 0.5536790 0.0423235
 31 T  31 0.0614456 0.0888145 0.0550484 0.0645894 0.0040426 0.0166382 0.0941987 0.0050183 0.0090415 0.0132406 0.0943396 0.0955882 0.0288383 0.0016458 0.0039798 0.1132656 0.1511878 0.0000000 0.0387437 0.0180100 0.0423235
 32 G  32 0.0000000 0.0090321 0.0000000 0.0000000 0.0000000 0.0117077 0.0000000 0.9369367 0.0000000 0.0000000 0.0000000 0.0000000 0.0000000 0.0000000 0.0000000 0.0000000 0.0000000 0.0000000 0.0000000 0.0000000 0.0423235
 33 G  33 0.0061900 0.0293315 0.0554316 0.0157239 0.0000000 0.0050864 0.0219913 0.7943152 0.0046605 0.0000000 0.0000000 0.0148280 0.0000000 0.0000000 0.0000000 0.0101181 0.0000000 0.0000000 0.0000000 0.0000000 0.0423235
 34 E  34 0.0173360 0.0093214 0.0113212 0.2279229 0.0000000 0.0527463 0.2893547 0.0055086 0.0191275 0.0129944 0.0810176 0.1081008 0.0317290 0.0000000 0.0000000 0.0069330 0.0673061 0.0000000 0.0000000 0.0169571 0.0423235
 35 E  35 0.0000000 0.0078386 0.0041801 0.0600892 0.0000000 0.1120663 0.7094826 0.0000000 0.0069219 0.0000000 0.0000000 0.0565873 0.0038548 0.0000000 0.0000000 0.0000000 0.0000000 0.0000000 0.0000000 0.0060952 0.0328839
 36 I  36 0.0000000 0.0000000 0.0000000 0.0000000 0.0000000 0.0000000 0.0000000 0.0000000 0.0000000 0.2828948 0.2130902 0.0000000 0.1957648 0.0032693 0.0301794 0.0000000 0.0000000 0.0000000 0.0000000 0.2461993 0.0286023
 37 Y  37 0.0000000 0.0050505 0.0117605 0.0000000 0.0197021 0.0000000 0.0000000 0.0104330 0.0049588 0.2746540 0.0409253 0.0000000 0.0093289 0.3151322 0.0000000 0.0000000 0.0177263 0.0378731 0.1170817 0.1067715 0.0286023
 38 L  38 0.0000000 0.0000000 0.0000000 0.0000000 0.0000000 0.0000000 0.0000000 0.0000000 0.0000000 0.2279059 0.6350403 0.0000000 0.0596856 0.0000000 0.0000000 0.0000000 0.0000000 0.0000000 0.0094396 0.0393263 0.0286023
 39 L  39 0.0000000 0.0079082 0.0082752 0.0039798 0.0053450 0.0000000 0.0000000 0.0062326 0.0000000 0.1111855 0.5822106 0.0000000 0.0000000 0.0388866 0.0000000 0.0842195 0.1196603 0.0000000 0.0000000 0.0034944 0.0286023
 40 C  40 0.0000000 0.0000000 0.0094396 0.0090321 0.4348386 0.0000000 0.0117077 0.3770912 0.0000000 0.0117605 0.0000000 0.0000000 0.0000000 0.0000000 0.0000000 0.0000000 0.0240675 0.0000000 0.0000000 0.0934606 0.0286023
 41 D  41 0.0477318 0.0071595 0.0000000 0.2584381 0.0000000 0.0578130 0.2783302 0.0000000 0.0496605 0.0000000 0.0104729 0.1514961 0.0000000 0.0000000 0.0246392 0.0627535 0.0111424 0.0000000 0.0000000 0.0000000 0.0403628
 42 K  42 0.0000000 0.0192976 0.3605711 0.0000000 0.0000000 0.0000000 0.0000000 0.0000000 0.0097976 0.0184717 0.0000000 0.5446392 0.0000000 0.0000000 0.0000000 0.0000000 0.0069127 0.0000000 0.0000000 0.0117077 0.0286023
 43 V  43 0.0068034 0.0000000 0.0094396 0.0000000 0.0000000 0.0000000 0.0000000 0.0000000 0.0000000 0.0673795 0.0328939 0.0000000 0.0000000 0.3577712 0.0000000 0.0000000 0.0000000 0.0000000 0.0207398 0.4699397 0.0350330
 44 Q  44 0.0652006 0.0245680 0.1137011 0.0400215 0.0083207 0.2269761 0.0000000 0.0216291 0.0115798 0.0043360 0.2106649 0.0000000 0.0047772 0.0120941 0.0289971 0.0773050 0.0961153 0.0000000 0.0000000 0.0186804 0.0350330
 45 K  45 0.0371651 0.0580085 0.0000000 0.0000000 0.0000000 0.0364444 0.0000000 0.0000000 0.0137774 0.0000000 0.0000000 0.6247897 0.0094396 0.0000000 0.1049215 0.0699879 0.0104330 0.0000000 0.0000000 0.0000000 0.0350330
 46 D  46 0.0000000 0.0000000 0.0533929 0.3346662 0.0000000 0.0064623 0.2588954 0.0734528 0.0000000 0.0000000 0.0000000 0.1215955 0.0000000 0.0000000 0.0000000 0.0082757 0.0062326 0.0000000 0.0000000 0.0049098 0.1321167
 47 D  47 0.0158814 0.0000000 0.0984520 0.5214338 0.0160830 0.0117605 0.0047878 0.0076233 0.0000000 0.0000000 0.0000000 0.0000000 0.0000000 0.0000000 0.0000000 0.2097974 0.0051909 0.0000000 0.0000000 0.0091291 0.0998608
 48 I  48 0.0000000 0.0000000 0.0000000 0.0000000 0.0000000 0.0000000 0.0000000 0.0000000 0.0000000 0.5196893 0.0304153 0.0049821 0.0000000 0.0104330 0.0000000 0.0000000 0.1332165 0.0000000 0.0000000 0.0219257 0.2793381
 49 Q  49 0.0196406 0.0773412 0.0000000 0.0017306 0.0000000 0.1417112 0.1760686 0.0122042 0.0337570 0.0000000 0.0056414 0.3419940 0.0111445 0.0000000 0.0000000 0.0655437 0.0159995 0.0000000 0.0000000 0.0193589 0.0778646
 50 I  50 0.0000000 0.0000000 0.0000000 0.0000000 0.0000000 0.0000000 0.0000000 0.0000000 0.0000000 0.2064310 0.0000000 0.0000000 0.0000000 0.0000000 0.0000000 0.0000000 0.0000000 0.0000000 0.0000000 0.7259457 0.0676232
 51 R  51 0.0129944 0.3817615 0.0000000 0.0000000 0.0182092 0.0020147 0.0000000 0.0000000 0.0125956 0.1709514 0.0199663 0.0731455 0.0000000 0.0062326 0.0000000 0.0049821 0.0000000 0.0042700 0.0169657 0.2218349 0.0540762
 52 F  52 0.0000000 0.0000000 0.0000000 0.0000000 0.0000000 0.0000000 0.0000000 0.0000000 0.0135471 0.0064692 0.0115262 0.0117605 0.0091291 0.8923445 0.0000000 0.0024207 0.0049821 0.0000000 0.0000000 0.0000000 0.0478207
 53 Y  53 0.0029039 0.0408634 0.0000000 0.0000000 0.0000000 0.1135229 0.0092521 0.0157319 0.0026462 0.0423625 0.0442603 0.0000000 0.0335971 0.2288730 0.0000000 0.0565260 0.0435043 0.0112670 0.1934311 0.0819696 0.0792887
 54 E  54 0.0293830 0.0403626 0.0000000 0.0334935 0.0000000 0.0447310 0.6222723 0.0025625 0.0395574 0.0174949 0.0411228 0.0247808 0.0023254 0.0000000 0.0000000 0.0050529 0.0057273 0.0000000 0.0000000 0.0000000 0.0911335
 55 E  55 0.0000000 0.0604713 0.0904869 0.1087366 0.0000000 0.0240197 0.2695761 0.0017665 0.0000000 0.0108434 0.0483412 0.1782128 0.0081892 0.0000000 0.0130915 0.0079387 0.0681638 0.0000000 0.0000000 0.0198265 0.0903358
 56 E  56 0.0860434 0.0293460 0.0815723 0.2044656 0.0213072 0.0100216 0.0988368 0.1054513 0.0118981 0.0107443 0.0104330 0.0575556 0.0000000 0.0000000 0.0042168 0.0320160 0.0748779 0.0000000 0.0222164 0.0178049 0.1211928
 57 E  57 0.0263229 0.0055556 0.0748880 0.1325174 0.0000000 0.0666548 0.1575183 0.0207270 0.0159777 0.0000000 0.0052202 0.0358458 0.0000000 0.0000000 0.1682406 0.0587320 0.0460018 0.0000000 0.0084930 0.0000000 0.1773048
 58 N  58 0.0132940 0.0135471 0.1057869 0.3781335 0.0042571 0.0020794 0.0430938 0.1317449 0.0083990 0.0000000 0.0000000 0.0199840 0.0164924 0.0000000 0.0000000 0.1010215 0.0096188 0.0000000 0.0049651 0.0030889 0.1444937
 59 G  59 0.0224262 0.0459887 0.0254666 0.0134713 0.0035082 0.0678761 0.0412080 0.4554592 0.0156137 0.0080958 0.0392711 0.0369075 0.0071763 0.0000000 0.0000000 0.0067143 0.0321910 0.0000000 0.0026818 0.0165703 0.1593739
 60 G  60 0.0506153 0.0983393 0.0284753 0.0121171 0.0144335 0.0532532 0.0642303 0.0462215 0.0667283 0.0399433 0.0179389 0.1119842 0.0092643 0.0000000 0.0292926 0.0606141 0.0637245 0.0000000 0.0055625 0.0546726 0.1725891
 61 V  61 0.0138594 0.0000000 0.0016524 0.0000000 0.0039260 0.0000000 0.0187992 0.0348226 0.0071595 0.1613139 0.1098390 0.0047319 0.0058108 0.0123708 0.0937840 0.1066768 0.0762290 0.0000000 0.0018586 0.1933650 0.1538009
 62 W  62 0.0000000 0.0000000 0.0000000 0.0000000 0.0053813 0.0000000 0.0000000 0.0000000 0.0000000 0.0000000 0.0000000 0.0000000 0.0000000 0.0000000 0.0000000 0.0000000 0.0000000 0.9233790 0.0135471 0.0000000 0.0576927
 63 E  63 0.0000000 0.0000000 0.0000000 0.0049588 0.0055477 0.0688033 0.6911441 0.0000000 0.0040903 0.0228112 0.0000000 0.0499691 0.0061377 0.0064151 0.0000000 0.0389575 0.0299617 0.0000000 0.0000000 0.0111295 0.0600739
 64 G  64 0.3195148 0.0167192 0.0059401 0.0722009 0.0242584 0.0417868 0.0945762 0.1117686 0.0031346 0.0000000 0.0113571 0.0104736 0.0655392 0.0000000 0.0000000 0.0463817 0.0611702 0.0000000 0.0064692 0.0486354 0.0600739
 65 F  65 0.0324112 0.0697962 0.0512221 0.0064623 0.0000000 0.0034495 0.2500581 0.0000000 0.0045367 0.0258929 0.0504925 0.0599915 0.0195239 0.1647785 0.0000000 0.0512247 0.0270191 0.0109513 0.1152653 0.0081623 0.0487619
 66 G  66 0.4095227 0.0000000 0.0000000 0.0000000 0.0082615 0.0000000 0.0000000 0.3916678 0.0000000 0.0064692 0.0076233 0.0135471 0.0000000 0.0000000 0.0091291 0.0000000 0.0000000 0.0000000 0.0000000 0.1050176 0.0487619
 67 D  67 0.0187534 0.0647968 0.0372006 0.1993924 0.0000000 0.0291654 0.1339576 0.0000000 0.0174813 0.0459566 0.0447761 0.1602087 0.0054575 0.0000000 0.0129944 0.0772697 0.0861279 0.0000000 0.0000000 0.0219446 0.0445170
 68 F  68 0.0105744 0.0000000 0.0000000 0.0000000 0.0104330 0.0000000 0.0053813 0.0140924 0.0000000 0.1072592 0.0260539 0.0000000 0.0025181 0.4960240 0.0698297 0.0000000 0.0414028 0.0000000 0.0000000 0.1666874 0.0497439
 69 S  69 0.0281730 0.0283481 0.0790423 0.2379015 0.0000000 0.0638318 0.0061832 0.0540333 0.0109645 0.0467770 0.0300727 0.0235109 0.0197212 0.0000000 0.0000000 0.2557111 0.0236194 0.0000000 0.0079082 0.0300888 0.0541129
 70 P  70 0.0202150 0.1228903 0.0000000 0.0165292 0.0000000 0.1579191 0.0796113 0.0068036 0.0340317 0.0000000 0.0044048 0.1980224 0.0000000 0.0047772 0.2187225 0.0386310 0.0042571 0.0000000 0.0000000 0.0055716 0.0876130
 71 T  71 0.1542373 0.0000000 0.0427571 0.0430698 0.0055625 0.0000000 0.1579241 0.0177423 0.0050183 0.0032570 0.0754691 0.0183243 0.0326149 0.0082945 0.0197021 0.1077710 0.1846765 0.0000000 0.0000000 0.0221853 0.1013939
 72 D  72 0.0000000 0.0090740 0.0344434 0.4926022 0.0000000 0.0408096 0.0355582 0.0042700 0.0358215 0.0076233 0.0118492 0.1294699 0.0059534 0.0381367 0.0000000 0.0272449 0.0000000 0.0000000 0.0436341 0.0000000 0.0835096
 73 V  73 0.0124727 0.0069127 0.0049098 0.0000000 0.0488026 0.0000000 0.0000000 0.0053813 0.0000000 0.0613535 0.1427213 0.0141408 0.0044204 0.0051909 0.0241215 0.0705005 0.0178006 0.0000000 0.0097934 0.4835178 0.0879602
 74 H  74 0.0000000 0.0079207 0.0000000 0.0000000 0.0233431 0.0389020 0.0000000 0.0000000 0.5430694 0.0038548 0.0000000 0.0000000 0.0000000 0.1125864 0.0000000 0.0537277 0.0000000 0.0000000 0.0203431 0.0000000 0.1962528
 75 R  75 0.0097976 0.2169615 0.0506557 0.0000000 0.0000000 0.0545843 0.0000000 0.0463783 0.1798275 0.0000000 0.0000000 0.2145254 0.0000000 0.0000000 0.0000000 0.0816161 0.0169497 0.0000000 0.0045974 0.0069127 0.1171937
 76 Q  76 0.0218780 0.0000000 0.0380669 0.0000000 0.0000000 0.6689115 0.0450337 0.0000000 0.0000000 0.0000000 0.0000000 0.0173780 0.0047772 0.0000000 0.0655032 0.0521758 0.0044204 0.0000000 0.0000000 0.0000000 0.0818552
 77 F  77 0.0336687 0.0000000 0.1363043 0.0105744 0.0137572 0.0000000 0.0029024 0.0260637 0.0142126 0.0543117 0.0000000 0.0000000 0.0150246 0.0657892 0.0425414 0.0299192 0.1271502 0.0000000 0.1860513 0.1869447 0.0547844
 78 A  78 0.5659616 0.0000000 0.0306633 0.0000000 0.0000000 0.0000000 0.0000000 0.0049651 0.1686569 0.0000000 0.0326713 0.0000000 0.0000000 0.0000000 0.0135471 0.0987741 0.0239252 0.0000000 0.0000000 0.0069127 0.0539228
 79 I  79 0.0000000 0.0135471 0.0000000 0.0000000 0.0000000 0.0000000 0.0000000 0.0104330 0.0000000 0.5690466 0.2654194 0.0000000 0.0532909 0.0033226 0.0000000 0.0000000 0.0000000 0.0000000 0.0000000 0.0269142 0.0580263
 80 V  80 0.0770747 0.0204690 0.0000000 0.0000000 0.0304859 0.0000000 0.0000000 0.0000000 0.0000000 0.1255859 0.0543453 0.0000000 0.0000000 0.0079082 0.0040426 0.0283423 0.0561323 0.0051495 0.0000000 0.5255254 0.0649391
 81 F  81 0.0000000 0.0000000 0.0000000 0.0000000 0.1329766 0.0000000 0.0000000 0.0000000 0.0000000 0.0371894 0.0925934 0.0000000 0.0000000 0.5067436 0.0000000 0.0000000 0.0000000 0.0000000 0.0000000 0.1655579 0.0649391
 82 K  82 0.0181678 0.2113972 0.0042450 0.0026126 0.0180559 0.0334500 0.1839806 0.0000000 0.0063389 0.0117605 0.0000000 0.3205002 0.0097976 0.0000000 0.0000000 0.0129944 0.0728100 0.0105744 0.0000000 0.0252886 0.0580263
 83 T  83 0.0099577 0.0000000 0.0000000 0.0000000 0.0000000 0.0000000 0.0000000 0.0000000 0.0000000 0.1323856 0.0221235 0.0000000 0.0000000 0.0000000 0.0105640 0.0107512 0.5168501 0.0000000 0.0000000 0.2329108 0.0644571
 84 P  84 0.0000000 0.0000000 0.0000000 0.0000000 0.0000000 0.0000000 0.0000000 0.0000000 0.0000000 0.0000000 0.0000000 0.0000000 0.0000000 0.0000000 0.9286210 0.0069219 0.0000000 0.0000000 0.0000000 0.0000000 0.0644571
 85 K  85 0.1209137 0.1017268 0.0000000 0.0000000 0.0000000 0.0041801 0.0824572 0.0000000 0.0000000 0.0000000 0.0000000 0.0523187 0.0000000 0.0000000 0.5005104 0.0401216 0.0142702 0.0000000 0.0000000 0.0190443 0.0644571
 86 Y  86 0.0000000 0.0135471 0.0000000 0.0000000 0.0000000 0.0000000 0.0000000 0.0000000 0.0000000 0.0000000 0.0000000 0.0000000 0.0000000 0.1094905 0.0000000 0.0000000 0.0000000 0.0000000 0.7995110 0.0000000 0.0774515
 87 K  87 0.0122312 0.2811869 0.0152741 0.0297374 0.0237184 0.0177489 0.0328690 0.0000000 0.1673625 0.0140688 0.0250125 0.1629446 0.0039260 0.0151649 0.0172806 0.0403937 0.0000000 0.0081740 0.0264042 0.0181665 0.0883359
 88 D  88 0.0060952 0.0427702 0.3104814 0.3072495 0.0189892 0.0000000 0.0220644 0.0055086 0.0365122 0.0088948 0.0030359 0.0181817 0.0072590 0.0000000 0.0000000 0.0484227 0.0725421 0.0000000 0.0080242 0.0055227 0.0784462
 89 V  89 0.0214657 0.0457840 0.0000000 0.0000000 0.0000000 0.2517092 0.0194648 0.0049588 0.0083308 0.0175093 0.1194363 0.1514011 0.0116795 0.0000000 0.1236281 0.0120029 0.0992451 0.0000000 0.0000000 0.0418150 0.0715695
 90 N  90 0.0623909 0.1107920 0.1781509 0.1330147 0.0000000 0.0510100 0.1107656 0.0000000 0.0542827 0.0000000 0.0066135 0.0315233 0.0100270 0.0100858 0.0042700 0.1042161 0.0526190 0.0000000 0.0087106 0.0094067 0.0621212
 91 I  91 0.0296813 0.0042450 0.0000000 0.0000000 0.0000000 0.0000000 0.0063389 0.0000000 0.0000000 0.6175874 0.1042035 0.0000000 0.0000000 0.0000000 0.0000000 0.0000000 0.0170345 0.0000000 0.0000000 0.1611695 0.0597399
 92 T  92 0.0517868 0.0549983 0.0147964 0.0686603 0.0102731 0.0602117 0.0729871 0.0126523 0.0000000 0.0065769 0.0216205 0.0320665 0.0159849 0.0000000 0.0184147 0.1490712 0.3109830 0.0000000 0.0079082 0.0312680 0.0597399
 93 K  93 0.0535639 0.1066826 0.0126060 0.0267709 0.0000000 0.0620126 0.1929573 0.0193333 0.0568515 0.0000000 0.0111593 0.1131961 0.0022707 0.0034495 0.0188771 0.1680991 0.0623982 0.0000000 0.0105744 0.0194578 0.0597399
 94 P  94 0.0647136 0.0084930 0.0089344 0.0477477 0.0024027 0.0000000 0.0393992 0.0000000 0.0138409 0.0000000 0.0000000 0.0058073 0.0000000 0.0000000 0.6474493 0.0818691 0.0151353 0.0000000 0.0000000 0.0019806 0.0622270
 95 A  95 0.0886444 0.0048388 0.0000000 0.0000000 0.0000000 0.0000000 0.0211159 0.0000000 0.0000000 0.0516667 0.0066770 0.0176066 0.0104330 0.0000000 0.0000000 0.0055556 0.0171540 0.0000000 0.0000000 0.7140811 0.0622270
 96 S  96 0.0037755 0.0396550 0.0551471 0.0297382 0.0150042 0.2145425 0.0932644 0.0037318 0.0327287 0.0110202 0.0000000 0.1151331 0.0118386 0.0000000 0.0309808 0.1041735 0.1619431 0.0000000 0.0089442 0.0061521 0.0622270
 97 V  97 0.0039260 0.0000000 0.0000000 0.0000000 0.0000000 0.0000000 0.0000000 0.0000000 0.0000000 0.0064568 0.0000000 0.0000000 0.0040949 0.0000000 0.0000000 0.0000000 0.0090415 0.0000000 0.0000000 0.8926712 0.0838097
 98 F  98 0.0000000 0.0277406 0.1633707 0.0026379 0.0085354 0.1183843 0.0325905 0.0353971 0.0471510 0.0055086 0.0252665 0.0896556 0.0112872 0.1410262 0.0000000 0.0853509 0.0029132 0.0105350 0.1059528 0.0028870 0.0838097
 99 V  99 0.0000000 0.0084486 0.0000000 0.0000000 0.0000000 0.0000000 0.0000000 0.0000000 0.0000000 0.2267887 0.1323924 0.0000000 0.1149966 0.2321540 0.0000000 0.0000000 0.0000000 0.0000000 0.0000000 0.2058220 0.0793978
100 Q 100 0.0089993 0.0435710 0.0000000 0.0000000 0.0098263 0.3598891 0.0692248 0.0000000 0.0129171 0.0000000 0.0074827 0.0375849 0.0055246 0.0621652 0.0000000 0.0376485 0.0000000 0.0000000 0.2428604 0.0212559 0.0810503
101 L 101 0.0000000 0.0000000 0.0000000 0.0000000 0.0000000 0.0000000 0.0000000 0.0129944 0.0000000 0.0550282 0.5554553 0.0000000 0.0000000 0.0000000 0.0000000 0.0084486 0.0097976 0.0000000 0.0000000 0.2824165 0.0758593
102 R 102 0.0070860 0.1970286 0.0000000 0.0000000 0.1088234 0.0691291 0.0575475 0.0000000 0.0000000 0.0707277 0.0304664 0.1148481 0.0058313 0.0147105 0.0000000 0.0165999 0.0133120 0.0000000 0.0524955 0.1044399 0.1369542
103 R 103 0.0248095 0.5189430 0.1721845 0.0091291 0.0000000 0.0068036 0.0000000 0.0000000 0.0177339 0.0203525 0.0000000 0.0082615 0.0000000 0.0000000 0.0000000 0.0188816 0.0075343 0.0000000 0.0097976 0.0000000 0.1855689
104 K 104 0.0082757 0.0117605 0.0042571 0.0000000 0.0000000 0.0030751 0.0129944 0.1827589 0.0000000 0.0280742 0.0592421 0.0991761 0.0039478 0.0000000 0.3110218 0.0028340 0.0830708 0.0084486 0.0057699 0.0243346 0.1509584
105 S 105 0.0000000 0.0401999 0.0741977 0.0091291 0.0000000 0.0000000 0.0097976 0.0157653 0.0000000 0.0000000 0.0000000 0.1889119 0.0129944 0.0000000 0.0029962 0.4721470 0.0853335 0.0000000 0.0000000 0.0000000 0.0885274
106 D 106 0.0582167 0.0000000 0.0890382 0.4585438 0.0000000 0.0256824 0.0065215 0.0329352 0.0000000 0.0000000 0.0000000 0.0105744 0.0000000 0.0000000 0.0000000 0.0659385 0.0000000 0.0000000 0.0000000 0.0020895 0.2504599
107 L 107 0.0253167 0.1902549 0.0442166 0.0332205 0.0158847 0.0532499 0.0155983 0.3750323 0.0150697 0.0000000 0.0431395 0.0465808 0.0031611 0.0097976 0.0172515 0.0187970 0.0117605 0.0000000 0.0033931 0.0000000 0.0782755
108 E 108 0.0982438 0.0967409 0.0000000 0.0546708 0.0177603 0.0036437 0.2062231 0.0165026 0.0068036 0.0056414 0.0105744 0.2821947 0.0175089 0.0000000 0.0000000 0.0236513 0.0115165 0.0000000 0.0227656 0.0472829 0.0782755
109 T 109 0.0030889 0.2512696 0.0000000 0.0154220 0.0929630 0.0177603 0.0365456 0.0000000 0.0000000 0.0050183 0.0422948 0.0599314 0.0068034 0.0000000 0.0000000 0.0511073 0.2213474 0.0055086 0.0126678 0.0999961 0.0782755
110 S 110 0.0129944 0.0000000 0.0036982 0.0000000 0.0071595 0.0000000 0.0000000 0.0050183 0.0324579 0.0000000 0.0000000 0.0000000 0.0000000 0.0000000 0.0190230 0.8437893 0.0000000 0.0000000 0.0000000 0.0000000 0.0758593
111 E 111 0.0268842 0.0080090 0.0377975 0.1518623 0.0000000 0.1810839 0.3666432 0.0067847 0.0000000 0.0000000 0.0023254 0.0305886 0.0000000 0.0059595 0.0571060 0.0437402 0.0000000 0.0000000 0.0124410 0.0064623 0.0623123
112 P 112 0.0820516 0.0000000 0.0000000 0.0000000 0.0047215 0.0000000 0.0050089 0.0086415 0.0167687 0.0029487 0.0027156 0.0000000 0.0053450 0.0024522 0.5211235 0.1632707 0.0561938 0.0000000 0.0585929 0.0174719 0.0526934
113 K 113 0.0129944 0.0179367 0.0000000 0.0000000 0.0030001 0.2429555 0.0045367 0.0000000 0.0935460 0.0625738 0.1573032 0.1372373 0.0731519 0.0295003 0.0000000 0.0000000 0.0000000 0.0000000 0.0135471 0.0905748 0.0611421
114 P 114 0.0189689 0.0732831 0.0184337 0.1006640 0.0111424 0.0528426 0.0746556 0.0020428 0.0726420 0.0067582 0.0086502 0.0250020 0.0000000 0.0050505 0.3252549 0.0724981 0.0632711 0.0000000 0.0000000 0.0076978 0.0611421
115 F 115 0.0000000 0.0000000 0.0000000 0.0000000 0.0000000 0.0000000 0.0000000 0.0000000 0.0000000 0.0082615 0.0000000 0.0000000 0.0000000 0.9054596 0.0000000 0.0000000 0.0000000 0.0047319 0.0204049 0.0000000 0.0611421
116 L 116 0.0028659 0.0819506 0.0047772 0.0000000 0.0000000 0.0723937 0.0846569 0.0000000 0.0000000 0.0338767 0.0819002 0.0506172 0.0000000 0.0000000 0.0000000 0.0000000 0.4730066 0.0000000 0.0177006 0.0351123 0.0611421
117 Y 117 0.0000000 0.0000000 0.0000000 0.0000000 0.0000000 0.0000000 0.0000000 0.0000000 0.0000000 0.0089954 0.0400705 0.0000000 0.0276545 0.0659082 0.0000000 0.0000000 0.0000000 0.0000000 0.7826821 0.0000000 0.0746891
118 Y 118 0.0000000 0.0000000 0.0000000 0.0071595 0.0000000 0.0321301 0.0076233 0.0000000 0.0527649 0.0460903 0.3134381 0.0908332 0.0297894 0.0141538 0.0000000 0.0000000 0.1953254 0.0000000 0.0759939 0.0358780 0.0988202
119 P 119 0.0129174 0.0000000 0.0000000 0.0000000 0.0000000 0.0000000 0.0000000 0.0000000 0.0000000 0.0000000 0.0000000 0.0000000 0.0000000 0.0000000 0.8217249 0.0000000 0.0000000 0.0000000 0.0000000 0.0000000 0.1653577
120 E 120 0.0000000 0.0938452 0.0000000 0.1119404 0.0000000 0.0408366 0.0938895 0.0096076 0.0000000 0.0053450 0.0000000 0.0474655 0.0000000 0.0000000 0.0049588 0.0000000 0.0000000 0.0000000 0.0000000 0.0353166 0.5567949
121 I 121 0.0000000 0.0000000 0.0000000 0.0000000 0.0000000 0.0000000 0.0000000 0.0000000 0.0000000 0.0912235 0.0055625 0.0000000 0.0000000 0.0000000 0.0000000 0.0000000 0.0000000 0.0000000 0.0000000 0.0244884 0.8787256
