  121         A         R         N         D         C         Q         E         G         H         I         L         K         M         F         P         S         T         W         Y         V    
  1 V   1 0.0000000 0.0000000 0.0000000 0.0000000 0.0000000 0.0000000 0.0000000 0.0000000 0.0000000 0.2551372 0.0000000 0.0000000 0.0000000 0.0000000 0.0000000 0.0000000 0.0000000 0.0000000 0.0000000 0.7448628
  2 G   2 0.0000000 0.0000000 0.0000000 0.0000000 0.0000000 0.7754424 0.0000000 0.2245576 0.0000000 0.0000000 0.0000000 0.0000000 0.0000000 0.0000000 0.0000000 0.0000000 0.0000000 0.0000000 0.0000000 0.0000000
  3 T   3 0.3788167 0.0000000 0.0000000 0.0000000 0.0000000 0.0000000 0.0000000 0.0000000 0.0000000 0.0000000 0.0000000 0.0000000 0.0000000 0.0000000 0.0000000 0.0689512 0.4191808 0.0000000 0.0000000 0.1330513
  4 G   4 0.5717679 0.0000000 0.0000000 0.0000000 0.0000000 0.0000000 0.0000000 0.0294586 0.0000000 0.0000000 0.0000000 0.0000000 0.0000000 0.0000000 0.0000000 0.3425452 0.0562283 0.0000000 0.0000000 0.0000000
  5 S   5 0.0000000 0.0000000 0.1697653 0.0000000 0.0000000 0.0743510 0.0000000 0.0000000 0.0252814 0.0000000 0.0000000 0.0000000 0.0000000 0.0000000 0.0000000 0.6956941 0.0349082 0.0000000 0.0000000 0.0000000
  6 N   6 0.0686883 0.0000000 0.4603769 0.0081223 0.0000000 0.0205291 0.0000000 0.0000000 0.0207411 0.1011195 0.0368259 0.0093666 0.0000000 0.0000000 0.1041935 0.0359375 0.0300407 0.0000000 0.0000000 0.1040587
  7 D   7 0.0155455 0.0177638 0.0442401 0.0369363 0.0000000 0.0000000 0.0000000 0.0000000 0.0000000 0.2511022 0.0000000 0.0000000 0.0000000 0.0000000 0.5864475 0.0000000 0.0197860 0.0000000 0.0000000 0.0281785
  8 D   8 0.0145653 0.0000000 0.1379505 0.0369363 0.0000000 0.0000000 0.0000000 0.0000000 0.0462192 0.5863067 0.0000000 0.0000000 0.0000000 0.0000000 0.0442401 0.0000000 0.0000000 0.0000000 0.0559379 0.0778440
  9 D   9 0.0091355 0.0000000 0.1539853 0.5106165 0.0000000 0.0000000 0.2692603 0.0000000 0.0000000 0.0310042 0.0000000 0.0000000 0.0000000 0.0259983 0.0000000 0.0000000 0.0000000 0.0000000 0.0000000 0.0000000
 10 D  10 0.0110301 0.0430623 0.0985458 0.0133710 0.3050067 0.0339241 0.0079371 0.0122358 0.0000000 0.0000000 0.0532872 0.2730539 0.0324651 0.0000000 0.0089680 0.1071129 0.0000000 0.0000000 0.0000000 0.0000000
 11 K  11 0.0000000 0.0930442 0.0000000 0.0000000 0.0000000 0.0000000 0.0031023 0.0249002 0.0000000 0.0000000 0.0075340 0.5590518 0.0000000 0.0000000 0.0000000 0.2726745 0.0396929 0.0000000 0.0000000 0.0000000
 12 A  12 0.3428966 0.0000000 0.0524797 0.0129344 0.0142821 0.3039368 0.0153861 0.0130271 0.0000000 0.0000000 0.0000000 0.0000000 0.0000000 0.0000000 0.0000000 0.2450570 0.0000000 0.0000000 0.0000000 0.0000000
 13 P  13 0.1328278 0.2807258 0.0093739 0.0000000 0.0000000 0.0470409 0.0000000 0.0562774 0.0187681 0.0000000 0.0140722 0.0229012 0.0000000 0.0000000 0.3063073 0.0188895 0.0928159 0.0000000 0.0000000 0.0000000
 14 N  14 0.0384357 0.0093309 0.2346247 0.0087425 0.0045961 0.0491729 0.0000000 0.0392975 0.0044340 0.0266817 0.0703959 0.0908018 0.0000000 0.0000000 0.0596767 0.3098117 0.0383508 0.0000000 0.0000000 0.0156472
 15 A  15 0.3838996 0.0000000 0.0000000 0.0000000 0.0000000 0.0000000 0.0437511 0.0307312 0.0000000 0.0228243 0.0000000 0.0000000 0.1106833 0.0000000 0.0000000 0.0847536 0.3041807 0.0000000 0.0000000 0.0191761
 16 S  16 0.1290540 0.0000000 0.0579921 0.0000000 0.0226001 0.1813915 0.0000000 0.2480848 0.0575119 0.0000000 0.0000000 0.0000000 0.0120504 0.0000000 0.0176664 0.2444941 0.0091040 0.0000000 0.0045010 0.0155496
 17 N  17 0.0064173 0.0000000 0.0760219 0.2336731 0.0000000 0.0416167 0.5121506 0.0000000 0.0100202 0.0047048 0.0075446 0.0118337 0.0058980 0.0000000 0.0000000 0.0000000 0.0155665 0.0000000 0.0079940 0.0665584
 18 L  18 0.0000000 0.0000000 0.0000000 0.0000000 0.0000000 0.0000000 0.0000000 0.0000000 0.0000000 0.0000000 0.7778581 0.0000000 0.0136589 0.0000000 0.1991939 0.0000000 0.0000000 0.0000000 0.0092891 0.0000000
 19 K  19 0.0244124 0.0893194 0.0253964 0.0069764 0.0000000 0.0878572 0.1477913 0.0000000 0.0135319 0.0198084 0.0127991 0.2573796 0.0110885 0.0000000 0.1145598 0.0290434 0.0430399 0.0073303 0.0124036 0.0972624
 20 I  20 0.0000000 0.0000000 0.0000000 0.0000000 0.0000000 0.0000000 0.0000000 0.0000000 0.0000000 0.7815203 0.0624883 0.0000000 0.0343059 0.0000000 0.0000000 0.0000000 0.0000000 0.0000000 0.0000000 0.1216856
 21 V  21 0.0044824 0.0000000 0.0194390 0.0211593 0.3878379 0.0000000 0.1004068 0.0000000 0.0124036 0.0039306 0.0697252 0.0000000 0.0380452 0.0121729 0.0000000 0.0527130 0.0556729 0.0114386 0.0094022 0.2011704
 22 R  22 0.0233828 0.5258928 0.0172894 0.0171894 0.0000000 0.0000000 0.0227190 0.0000000 0.0114804 0.0000000 0.0000000 0.3121515 0.0000000 0.0000000 0.0038660 0.0334654 0.0000000 0.0178982 0.0146651 0.0000000
 23 M  23 0.0252688 0.0064596 0.0000000 0.0000000 0.0000000 0.1082181 0.0000000 0.0038660 0.0000000 0.1147387 0.2086966 0.1133837 0.1512617 0.0124169 0.0000000 0.0231315 0.0114386 0.0000000 0.0663946 0.1547251
 24 D  24 0.0000000 0.0000000 0.1589614 0.2112906 0.0607682 0.0000000 0.0000000 0.0000000 0.0000000 0.0000000 0.0000000 0.0058282 0.0240553 0.0000000 0.0000000 0.5390963 0.0000000 0.0000000 0.0000000 0.0000000
 25 R  25 0.0291883 0.1634832 0.0124036 0.0357400 0.0024016 0.0068500 0.0000000 0.0000000 0.1076170 0.0711684 0.1806146 0.1886679 0.0207225 0.0241027 0.0437761 0.0440405 0.0564519 0.0000000 0.0000000 0.0127717
 26 T  26 0.0547395 0.0122065 0.1651275 0.0944539 0.1532314 0.0190971 0.0359299 0.0000000 0.0490196 0.0073970 0.0000000 0.0000000 0.0000000 0.0064596 0.0203997 0.1343895 0.1641084 0.0000000 0.0349658 0.0484746
 27 A  27 0.1542893 0.0250281 0.0156116 0.0089566 0.0428914 0.0119109 0.0247976 0.0058881 0.0248116 0.0000000 0.0000000 0.0157560 0.0000000 0.0030181 0.0000000 0.5504286 0.0827099 0.0000000 0.0206520 0.0132502
 28 G  28 0.1336551 0.0000000 0.0000000 0.0068500 0.2763709 0.0000000 0.0000000 0.4652037 0.0000000 0.0000000 0.0000000 0.0000000 0.0000000 0.0073622 0.0000000 0.0780661 0.0000000 0.0000000 0.0260325 0.0064596
 29 C  29 0.0063678 0.0259105 0.0082015 0.0000000 0.0671244 0.0000000 0.0000000 0.0172534 0.0000000 0.0037375 0.0392570 0.0307249 0.0000000 0.0068500 0.2622259 0.4483011 0.0538941 0.0000000 0.0215400 0.0086118
 30 V  30 0.1421897 0.0135793 0.0000000 0.0000000 0.1766923 0.0000000 0.0000000 0.0000000 0.0000000 0.0228418 0.0074679 0.0000000 0.0036826 0.0105235 0.0413108 0.0051965 0.0027384 0.0000000 0.0000000 0.5737772
 31 T  31 0.0625126 0.0904259 0.0586517 0.0690577 0.0043376 0.0173979 0.1017820 0.0055178 0.0114660 0.0148897 0.1041846 0.0934725 0.0299246 0.0017267 0.0043063 0.1147536 0.1607467 0.0000000 0.0384299 0.0164161
 32 G  32 0.0000000 0.0105235 0.0000000 0.0000000 0.0000000 0.0135793 0.0000000 0.9758973 0.0000000 0.0000000 0.0000000 0.0000000 0.0000000 0.0000000 0.0000000 0.0000000 0.0000000 0.0000000 0.0000000 0.0000000
 33 G  33 0.0067684 0.0335507 0.0585617 0.0168616 0.0000000 0.0054511 0.0224239 0.8253216 0.0051965 0.0000000 0.0000000 0.0162714 0.0000000 0.0000000 0.0000000 0.0095931 0.0000000 0.0000000 0.0000000 0.0000000
 34 E  34 0.0185811 0.0100977 0.0123686 0.2346228 0.0000000 0.0505086 0.3089519 0.0056173 0.0205283 0.0135319 0.0836597 0.1093773 0.0348247 0.0000000 0.0000000 0.0073997 0.0714867 0.0000000 0.0000000 0.0184436
 35 E  35 0.0000000 0.0083638 0.0034324 0.0641384 0.0000000 0.1098635 0.7371488 0.0000000 0.0085777 0.0000000 0.0000000 0.0578522 0.0042143 0.0000000 0.0000000 0.0000000 0.0000000 0.0000000 0.0000000 0.0064089
 36 I  36 0.0000000 0.0000000 0.0000000 0.0000000 0.0000000 0.0000000 0.0000000 0.0000000 0.0000000 0.2940584 0.2220361 0.0000000 0.1951373 0.0035400 0.0317054 0.0000000 0.0000000 0.0000000 0.0000000 0.2535229
 37 Y  37 0.0000000 0.0053054 0.0122854 0.0000000 0.0209233 0.0000000 0.0000000 0.0113296 0.0053422 0.2811487 0.0412563 0.0000000 0.0097611 0.3218717 0.0000000 0.0000000 0.0187155 0.0386446 0.1203866 0.1130296
 38 L  38 0.0000000 0.0000000 0.0000000 0.0000000 0.0000000 0.0000000 0.0000000 0.0000000 0.0000000 0.2333696 0.6537849 0.0000000 0.0626913 0.0000000 0.0000000 0.0000000 0.0000000 0.0000000 0.0078324 0.0423218
 39 L  39 0.0000000 0.0085328 0.0089865 0.0042653 0.0057678 0.0000000 0.0000000 0.0067056 0.0000000 0.1100078 0.6000091 0.0000000 0.0000000 0.0428493 0.0000000 0.0866043 0.1227042 0.0000000 0.0000000 0.0035674
 40 C  40 0.0000000 0.0000000 0.0078324 0.0104231 0.4503456 0.0000000 0.0134498 0.3822534 0.0000000 0.0122854 0.0000000 0.0000000 0.0000000 0.0000000 0.0000000 0.0000000 0.0228225 0.0000000 0.0000000 0.1005877
 41 D  41 0.0518088 0.0077560 0.0000000 0.2701035 0.0000000 0.0563452 0.2937959 0.0000000 0.0509791 0.0000000 0.0082891 0.1511861 0.0000000 0.0000000 0.0276930 0.0699298 0.0121134 0.0000000 0.0000000 0.0000000
 42 K  42 0.0000000 0.0206973 0.3642099 0.0000000 0.0000000 0.0000000 0.0000000 0.0000000 0.0106071 0.0182555 0.0000000 0.5655467 0.0000000 0.0000000 0.0000000 0.0000000 0.0072337 0.0000000 0.0000000 0.0134498
 43 V  43 0.0073026 0.0000000 0.0078779 0.0000000 0.0000000 0.0000000 0.0000000 0.0000000 0.0000000 0.0697948 0.0346072 0.0000000 0.0000000 0.3643886 0.0000000 0.0000000 0.0000000 0.0000000 0.0240116 0.4920173
 44 Q  44 0.0675568 0.0267106 0.1155040 0.0450193 0.0091008 0.2359171 0.0000000 0.0231562 0.0125123 0.0011624 0.2156552 0.0000000 0.0051745 0.0130239 0.0310590 0.0789312 0.0995491 0.0000000 0.0000000 0.0199677
 45 K  45 0.0361506 0.0620267 0.0000000 0.0000000 0.0000000 0.0364131 0.0000000 0.0000000 0.0149587 0.0000000 0.0000000 0.6439589 0.0078779 0.0000000 0.1119251 0.0752937 0.0113954 0.0000000 0.0000000 0.0000000
 46 D  46 0.0000000 0.0000000 0.0624667 0.3921661 0.0000000 0.0078301 0.2915938 0.0777590 0.0000000 0.0000000 0.0000000 0.1445461 0.0000000 0.0000000 0.0000000 0.0102416 0.0075082 0.0000000 0.0000000 0.0058884
 47 D  47 0.0177102 0.0000000 0.1124272 0.5816004 0.0182001 0.0132960 0.0012627 0.0089238 0.0000000 0.0000000 0.0000000 0.0000000 0.0000000 0.0000000 0.0000000 0.2300920 0.0058009 0.0000000 0.0000000 0.0106866
 48 I  48 0.0000000 0.0000000 0.0000000 0.0000000 0.0000000 0.0000000 0.0000000 0.0000000 0.0000000 0.7272447 0.0433902 0.0073875 0.0000000 0.0152406 0.0000000 0.0000000 0.1746227 0.0000000 0.0000000 0.0321142
 49 Q  49 0.0217289 0.0824073 0.0000000 0.0019280 0.0000000 0.1529618 0.1930176 0.0137525 0.0364874 0.0000000 0.0063217 0.3679322 0.0127513 0.0000000 0.0000000 0.0714926 0.0173639 0.0000000 0.0000000 0.0218548
 50 I  50 0.0000000 0.0000000 0.0000000 0.0000000 0.0000000 0.0000000 0.0000000 0.0000000 0.0000000 0.2234620 0.0000000 0.0000000 0.0000000 0.0000000 0.0000000 0.0000000 0.0000000 0.0000000 0.0000000 0.7765380
 51 R  51 0.0137138 0.4091274 0.0000000 0.0000000 0.0191314 0.0021591 0.0000000 0.0000000 0.0140951 0.1789368 0.0215412 0.0747933 0.0000000 0.0068612 0.0000000 0.0056192 0.0000000 0.0046442 0.0181424 0.2312349
 52 F  52 0.0000000 0.0000000 0.0000000 0.0000000 0.0000000 0.0000000 0.0000000 0.0000000 0.0148645 0.0070622 0.0130016 0.0125562 0.0100920 0.9341074 0.0000000 0.0027032 0.0056128 0.0000000 0.0000000 0.0000000
 53 Y  53 0.0032731 0.0456645 0.0000000 0.0000000 0.0000000 0.1157757 0.0105977 0.0172467 0.0028306 0.0517729 0.0499570 0.0000000 0.0317116 0.2535739 0.0000000 0.0571039 0.0483307 0.0127574 0.2140430 0.0853613
 54 E  54 0.0339393 0.0455359 0.0000000 0.0385875 0.0000000 0.0500476 0.6809641 0.0025684 0.0450643 0.0200955 0.0429439 0.0258563 0.0025951 0.0000000 0.0000000 0.0055232 0.0062789 0.0000000 0.0000000 0.0000000
 55 E  55 0.0000000 0.0732338 0.0978278 0.1219597 0.0000000 0.0271775 0.2946703 0.0019346 0.0000000 0.0121021 0.0571393 0.1854431 0.0098566 0.0000000 0.0146216 0.0088279 0.0751373 0.0000000 0.0000000 0.0200684
 56 E  56 0.0954771 0.0342512 0.0936406 0.2338431 0.0188240 0.0106121 0.1190927 0.1205599 0.0138986 0.0121706 0.0125784 0.0680939 0.0000000 0.0000000 0.0049290 0.0345211 0.0850459 0.0000000 0.0252601 0.0172015
 57 E  57 0.0295562 0.0070390 0.0941305 0.1649905 0.0000000 0.0738779 0.1890264 0.0265818 0.0201777 0.0000000 0.0059494 0.0458997 0.0000000 0.0000000 0.2125668 0.0724819 0.0537486 0.0000000 0.0039738 0.0000000
 58 N  58 0.0156248 0.0164374 0.1279794 0.4367322 0.0050802 0.0024378 0.0495048 0.1413394 0.0097159 0.0000000 0.0000000 0.0241829 0.0198893 0.0000000 0.0000000 0.1195628 0.0215627 0.0000000 0.0064619 0.0034885
 59 G  59 0.0262735 0.0511584 0.0312601 0.0158540 0.0043917 0.0795146 0.0455884 0.5588848 0.0121791 0.0098291 0.0424257 0.0469660 0.0075328 0.0000000 0.0000000 0.0081042 0.0369681 0.0000000 0.0032689 0.0198005
 60 G  60 0.0596490 0.1133269 0.0340108 0.0146439 0.0179815 0.0658231 0.0771810 0.0585293 0.0697280 0.0492127 0.0209402 0.1375025 0.0114135 0.0000000 0.0435285 0.0726270 0.0781101 0.0000000 0.0075081 0.0682843
 61 V  61 0.0165653 0.0000000 0.0018831 0.0000000 0.0048979 0.0000000 0.0223687 0.0507348 0.0086777 0.1928196 0.1263952 0.0060179 0.0071189 0.0158182 0.1035103 0.1201604 0.0902321 0.0000000 0.0022449 0.2305549
 62 W  62 0.0000000 0.0000000 0.0000000 0.0000000 0.0064145 0.0000000 0.0000000 0.0000000 0.0000000 0.0000000 0.0000000 0.0000000 0.0000000 0.0000000 0.0000000 0.0000000 0.0000000 0.9787718 0.0148137 0.0000000
 63 E  63 0.0000000 0.0000000 0.0000000 0.0054488 0.0060595 0.0722013 0.7368776 0.0000000 0.0043568 0.0220358 0.0000000 0.0503372 0.0068159 0.0068900 0.0000000 0.0436109 0.0334596 0.0000000 0.0000000 0.0119064
 64 G  64 0.3441742 0.0179795 0.0063284 0.0796437 0.0244513 0.0438930 0.1039086 0.1216894 0.0031479 0.0000000 0.0124619 0.0115065 0.0685888 0.0000000 0.0000000 0.0499643 0.0583025 0.0000000 0.0070478 0.0469122
 65 F  65 0.0330241 0.0830153 0.0522205 0.0070510 0.0000000 0.0036777 0.2511301 0.0000000 0.0048696 0.0272854 0.0529118 0.0628038 0.0216181 0.1780795 0.0000000 0.0539113 0.0275171 0.0124607 0.1197737 0.0086503
 66 G  66 0.4227975 0.0000000 0.0000000 0.0000000 0.0091815 0.0000000 0.0000000 0.4204014 0.0000000 0.0069671 0.0083138 0.0146642 0.0000000 0.0000000 0.0099560 0.0000000 0.0000000 0.0000000 0.0000000 0.1077183
 67 D  67 0.0171021 0.0704576 0.0416317 0.2143540 0.0000000 0.0311206 0.1373091 0.0000000 0.0188202 0.0460041 0.0446747 0.1567593 0.0055604 0.0000000 0.0134536 0.0859887 0.0936084 0.0000000 0.0000000 0.0231553
 68 F  68 0.0113571 0.0000000 0.0000000 0.0000000 0.0114345 0.0000000 0.0063559 0.0152957 0.0000000 0.1056643 0.0254935 0.0000000 0.0027102 0.5340318 0.0704624 0.0000000 0.0448914 0.0000000 0.0000000 0.1723032
 69 S  69 0.0279592 0.0295236 0.0893504 0.2441345 0.0000000 0.0678603 0.0066964 0.0579960 0.0130405 0.0448406 0.0333112 0.0250067 0.0217117 0.0000000 0.0000000 0.2784115 0.0246778 0.0000000 0.0086530 0.0268267
 70 P  70 0.0223210 0.1349098 0.0000000 0.0187874 0.0000000 0.1758649 0.0837608 0.0076098 0.0366145 0.0000000 0.0053327 0.2119364 0.0000000 0.0053889 0.2459819 0.0407124 0.0047084 0.0000000 0.0000000 0.0060710
 71 T  71 0.1815086 0.0000000 0.0484575 0.0458929 0.0069238 0.0000000 0.1629502 0.0180163 0.0058407 0.0035676 0.0911075 0.0210409 0.0325343 0.0100148 0.0223606 0.1201746 0.2045447 0.0000000 0.0000000 0.0250650
 72 D  72 0.0000000 0.0080621 0.0376924 0.5481311 0.0000000 0.0459267 0.0354622 0.0047264 0.0400774 0.0085862 0.0129584 0.1374447 0.0066355 0.0403751 0.0000000 0.0273627 0.0000000 0.0000000 0.0465590 0.0000000
 73 V  73 0.0079909 0.0075909 0.0055187 0.0000000 0.0489914 0.0000000 0.0000000 0.0066086 0.0000000 0.0645989 0.1510625 0.0159909 0.0050154 0.0056247 0.0270707 0.0811365 0.0195831 0.0000000 0.0107720 0.5424448
 74 H  74 0.0000000 0.0102439 0.0000000 0.0000000 0.0296826 0.0425781 0.0000000 0.0000000 0.6905740 0.0050136 0.0000000 0.0000000 0.0000000 0.1372311 0.0000000 0.0589753 0.0000000 0.0000000 0.0257013 0.0000000
 75 R  75 0.0115973 0.2522005 0.0614185 0.0000000 0.0000000 0.0611584 0.0000000 0.0477951 0.2016830 0.0000000 0.0000000 0.2366694 0.0000000 0.0000000 0.0000000 0.0950798 0.0217462 0.0000000 0.0027429 0.0079090
 76 Q  76 0.0220941 0.0000000 0.0422468 0.0000000 0.0000000 0.7340601 0.0550466 0.0000000 0.0000000 0.0000000 0.0000000 0.0195092 0.0054201 0.0000000 0.0666399 0.0499480 0.0050353 0.0000000 0.0000000 0.0000000
 77 F  77 0.0325466 0.0000000 0.1341679 0.0116365 0.0151159 0.0000000 0.0032376 0.0259783 0.0154106 0.0596174 0.0000000 0.0000000 0.0162045 0.0748252 0.0468540 0.0326882 0.1292472 0.0000000 0.2044798 0.1979903
 78 A  78 0.6146797 0.0000000 0.0335102 0.0000000 0.0000000 0.0000000 0.0000000 0.0059049 0.1642246 0.0000000 0.0365728 0.0000000 0.0000000 0.0000000 0.0150205 0.0937615 0.0288550 0.0000000 0.0000000 0.0074708
 79 I  79 0.0000000 0.0149794 0.0000000 0.0000000 0.0000000 0.0000000 0.0000000 0.0116689 0.0000000 0.6119764 0.2702372 0.0000000 0.0583013 0.0035056 0.0000000 0.0000000 0.0000000 0.0000000 0.0000000 0.0293313
 80 V  80 0.0812269 0.0239775 0.0000000 0.0000000 0.0337372 0.0000000 0.0000000 0.0000000 0.0000000 0.1291319 0.0537909 0.0000000 0.0000000 0.0088542 0.0044582 0.0303806 0.0656623 0.0056532 0.0000000 0.5631270
 81 F  81 0.0000000 0.0000000 0.0000000 0.0000000 0.1410202 0.0000000 0.0000000 0.0000000 0.0000000 0.0414640 0.1009805 0.0000000 0.0000000 0.5564581 0.0000000 0.0000000 0.0000000 0.0000000 0.0000000 0.1600771
 82 K  82 0.0206467 0.2285015 0.0045745 0.0028501 0.0196528 0.0360617 0.1810108 0.0000000 0.0069878 0.0126533 0.0000000 0.3437122 0.0109248 0.0000000 0.0000000 0.0138043 0.0821406 0.0115899 0.0000000 0.0248890
 83 T  83 0.0111345 0.0000000 0.0000000 0.0000000 0.0000000 0.0000000 0.0000000 0.0000000 0.0000000 0.1313492 0.0241176 0.0000000 0.0000000 0.0000000 0.0113537 0.0119159 0.5674021 0.0000000 0.0000000 0.2427270
 84 P  84 0.0000000 0.0000000 0.0000000 0.0000000 0.0000000 0.0000000 0.0000000 0.0000000 0.0000000 0.0000000 0.0000000 0.0000000 0.0000000 0.0000000 0.9911277 0.0088723 0.0000000 0.0000000 0.0000000 0.0000000
 85 K  85 0.1300763 0.1111534 0.0000000 0.0000000 0.0000000 0.0035503 0.0958823 0.0000000 0.0000000 0.0000000 0.0000000 0.0603239 0.0000000 0.0000000 0.5179111 0.0439749 0.0158037 0.0000000 0.0000000 0.0213240
 86 Y  86 0.0000000 0.0152812 0.0000000 0.0000000 0.0000000 0.0000000 0.0000000 0.0000000 0.0000000 0.0000000 0.0000000 0.0000000 0.0000000 0.1158288 0.0000000 0.0000000 0.0000000 0.0000000 0.8688901 0.0000000
 87 K  87 0.0127655 0.2977579 0.0192232 0.0330097 0.0267282 0.0196821 0.0367370 0.0000000 0.1748186 0.0157728 0.0272655 0.1857537 0.0046018 0.0177119 0.0198658 0.0482695 0.0000000 0.0098310 0.0293753 0.0208306
 88 D  88 0.0067345 0.0442975 0.3233607 0.3439284 0.0207117 0.0000000 0.0242019 0.0058564 0.0404476 0.0098263 0.0034301 0.0205713 0.0080980 0.0000000 0.0000000 0.0527834 0.0808826 0.0000000 0.0088080 0.0060616
 89 V  89 0.0239989 0.0478280 0.0000000 0.0000000 0.0000000 0.2533292 0.0213132 0.0055806 0.0098350 0.0200334 0.1324401 0.1716154 0.0132281 0.0000000 0.1292479 0.0132772 0.1099068 0.0000000 0.0000000 0.0483662
 90 N  90 0.0553790 0.1112911 0.1979824 0.1377836 0.0000000 0.0549320 0.1224984 0.0000000 0.0596587 0.0000000 0.0070402 0.0351322 0.0111454 0.0111366 0.0046944 0.1129095 0.0584535 0.0000000 0.0093183 0.0106447
 91 I  91 0.0257892 0.0045872 0.0000000 0.0000000 0.0000000 0.0000000 0.0070073 0.0000000 0.0000000 0.6665121 0.1053815 0.0000000 0.0000000 0.0000000 0.0000000 0.0000000 0.0183626 0.0000000 0.0000000 0.1723602
 92 T  92 0.0538467 0.0606653 0.0160541 0.0747947 0.0110522 0.0650628 0.0810171 0.0115188 0.0000000 0.0068909 0.0229957 0.0359023 0.0174316 0.0000000 0.0202145 0.1539168 0.3277825 0.0000000 0.0088127 0.0320412
 93 K  93 0.0521853 0.1216353 0.0107092 0.0289349 0.0000000 0.0669212 0.2085772 0.0208499 0.0615763 0.0000000 0.0116674 0.1262017 0.0024568 0.0037672 0.0182551 0.1725065 0.0633033 0.0000000 0.0116221 0.0188303
 94 P  94 0.0651918 0.0034645 0.0100881 0.0530729 0.0025996 0.0000000 0.0437519 0.0000000 0.0150637 0.0000000 0.0000000 0.0061864 0.0000000 0.0000000 0.7014943 0.0812808 0.0156728 0.0000000 0.0000000 0.0021332
 95 A  95 0.0998502 0.0054438 0.0000000 0.0000000 0.0000000 0.0000000 0.0207322 0.0000000 0.0000000 0.0562229 0.0073696 0.0196911 0.0117180 0.0000000 0.0000000 0.0061368 0.0189410 0.0000000 0.0000000 0.7538944
 96 S  96 0.0042301 0.0428846 0.0613496 0.0303348 0.0094578 0.2345084 0.1026072 0.0041778 0.0203327 0.0121012 0.0000000 0.1265455 0.0129200 0.0000000 0.0354895 0.1147968 0.1720204 0.0000000 0.0098501 0.0063935
 97 V  97 0.0045797 0.0000000 0.0000000 0.0000000 0.0000000 0.0000000 0.0000000 0.0000000 0.0000000 0.0070773 0.0000000 0.0000000 0.0042876 0.0000000 0.0000000 0.0000000 0.0120286 0.0000000 0.0000000 0.9720268
 98 F  98 0.0000000 0.0309620 0.1734988 0.0029278 0.0097336 0.1324253 0.0364782 0.0310993 0.0479818 0.0058929 0.0288949 0.0992208 0.0126888 0.1622252 0.0000000 0.0864510 0.0032553 0.0119082 0.1212199 0.0031364
 99 V  99 0.0000000 0.0093446 0.0000000 0.0000000 0.0000000 0.0000000 0.0000000 0.0000000 0.0000000 0.2527207 0.1483890 0.0000000 0.1166876 0.2435450 0.0000000 0.0000000 0.0000000 0.0000000 0.0000000 0.2293132
100 Q 100 0.0099903 0.0486310 0.0000000 0.0000000 0.0109069 0.4003903 0.0804987 0.0000000 0.0147770 0.0000000 0.0082942 0.0393389 0.0061546 0.0670693 0.0000000 0.0415509 0.0000000 0.0000000 0.2486434 0.0237545
101 L 101 0.0000000 0.0000000 0.0000000 0.0000000 0.0000000 0.0000000 0.0000000 0.0140649 0.0000000 0.0604884 0.6091486 0.0000000 0.0000000 0.0000000 0.0000000 0.0093094 0.0111310 0.0000000 0.0000000 0.2958577
102 R 102 0.0087445 0.2346343 0.0000000 0.0000000 0.1088765 0.0817128 0.0699291 0.0000000 0.0000000 0.0844138 0.0372100 0.1395853 0.0067820 0.0174486 0.0000000 0.0197959 0.0162985 0.0000000 0.0586806 0.1158881
103 R 103 0.0289040 0.6560289 0.1922474 0.0116083 0.0000000 0.0085406 0.0000000 0.0000000 0.0222350 0.0245833 0.0000000 0.0107053 0.0000000 0.0000000 0.0000000 0.0237482 0.0089294 0.0000000 0.0124698 0.0000000
104 K 104 0.0105127 0.0141198 0.0051662 0.0000000 0.0000000 0.0037005 0.0154042 0.2008818 0.0000000 0.0341841 0.0702516 0.1245153 0.0048733 0.0000000 0.3765758 0.0034357 0.0922829 0.0101958 0.0072192 0.0266810
105 S 105 0.0000000 0.0436171 0.0752164 0.0105079 0.0000000 0.0000000 0.0112877 0.0176788 0.0000000 0.0000000 0.0000000 0.1936935 0.0142628 0.0000000 0.0033686 0.5348181 0.0955491 0.0000000 0.0000000 0.0000000
106 D 106 0.0675692 0.0000000 0.1266299 0.6166937 0.0000000 0.0355315 0.0088434 0.0438109 0.0000000 0.0000000 0.0000000 0.0143008 0.0000000 0.0000000 0.0000000 0.0837194 0.0000000 0.0000000 0.0000000 0.0029012
107 L 107 0.0284938 0.1971974 0.0491466 0.0377507 0.0182572 0.0578492 0.0176601 0.4089851 0.0172143 0.0000000 0.0500017 0.0459071 0.0034745 0.0111606 0.0188318 0.0213332 0.0129265 0.0000000 0.0038101 0.0000000
108 E 108 0.1089415 0.1009913 0.0000000 0.0622066 0.0177616 0.0040290 0.2308813 0.0181461 0.0076439 0.0063331 0.0118401 0.2953637 0.0193842 0.0000000 0.0000000 0.0269170 0.0130229 0.0000000 0.0251955 0.0513421
109 T 109 0.0032477 0.2707869 0.0000000 0.0175365 0.1041450 0.0177616 0.0411169 0.0000000 0.0000000 0.0057504 0.0470762 0.0598765 0.0076393 0.0000000 0.0000000 0.0489753 0.2458676 0.0058541 0.0143896 0.1099762
110 S 110 0.0140649 0.0000000 0.0040580 0.0000000 0.0080391 0.0000000 0.0000000 0.0057352 0.0277744 0.0000000 0.0000000 0.0000000 0.0000000 0.0000000 0.0211181 0.9192103 0.0000000 0.0000000 0.0000000 0.0000000
111 E 111 0.0292650 0.0090003 0.0406959 0.1593430 0.0000000 0.1790288 0.3961569 0.0073854 0.0000000 0.0000000 0.0025073 0.0339792 0.0000000 0.0066869 0.0671792 0.0478212 0.0000000 0.0000000 0.0137227 0.0072282
112 P 112 0.0902063 0.0000000 0.0000000 0.0000000 0.0050920 0.0000000 0.0055441 0.0093831 0.0126669 0.0030553 0.0027724 0.0000000 0.0058465 0.0026530 0.5649912 0.1625932 0.0628376 0.0000000 0.0546855 0.0176731
113 K 113 0.0137088 0.0193713 0.0000000 0.0000000 0.0033119 0.2400847 0.0049399 0.0000000 0.0977621 0.0660939 0.1683762 0.1532794 0.0862359 0.0323763 0.0000000 0.0000000 0.0000000 0.0000000 0.0148758 0.0995838
114 P 114 0.0199900 0.0647748 0.0194714 0.1082665 0.0122378 0.0579278 0.0907211 0.0022560 0.0734629 0.0074585 0.0094727 0.0277466 0.0000000 0.0054265 0.3437729 0.0833041 0.0653931 0.0000000 0.0000000 0.0083175
115 F 115 0.0000000 0.0000000 0.0000000 0.0000000 0.0000000 0.0000000 0.0000000 0.0000000 0.0000000 0.0093140 0.0000000 0.0000000 0.0000000 0.9624847 0.0000000 0.0000000 0.0000000 0.0054339 0.0227673 0.0000000
116 L 116 0.0031506 0.0862070 0.0052620 0.0000000 0.0000000 0.0848596 0.0906374 0.0000000 0.0000000 0.0363897 0.0894915 0.0595110 0.0000000 0.0000000 0.0000000 0.0000000 0.4868767 0.0000000 0.0189431 0.0386712
117 Y 117 0.0000000 0.0000000 0.0000000 0.0000000 0.0000000 0.0000000 0.0000000 0.0000000 0.0000000 0.0100056 0.0441982 0.0000000 0.0297759 0.0692478 0.0000000 0.0000000 0.0000000 0.0000000 0.8467724 0.0000000
118 Y 118 0.0000000 0.0000000 0.0000000 0.0081700 0.0000000 0.0377344 0.0087938 0.0000000 0.0599520 0.0525567 0.3556956 0.1026872 0.0337852 0.0161019 0.0000000 0.0000000 0.2024019 0.0000000 0.0877726 0.0343485
119 P 119 0.0171826 0.0000000 0.0000000 0.0000000 0.0000000 0.0000000 0.0000000 0.0000000 0.0000000 0.0000000 0.0000000 0.0000000 0.0000000 0.0000000 0.9828174 0.0000000 0.0000000 0.0000000 0.0000000 0.0000000
120 E 120 0.0000000 0.2052726 0.0000000 0.2600543 0.0000000 0.0944349 0.2021172 0.0218736 0.0000000 0.0121672 0.0000000 0.1047397 0.0000000 0.0000000 0.0112693 0.0000000 0.0000000 0.0000000 0.0000000 0.0880711
121 I 121 0.0000000 0.0000000 0.0000000 0.0000000 0.0000000 0.0000000 0.0000000 0.0000000 0.0000000 0.7580029 0.0474621 0.0000000 0.0000000 0.0000000 0.0000000 0.0000000 0.0000000 0.0000000 0.0000000 0.1945350
