  148         A         R         N         D         C         Q         E         G         H         I         L         K         M         F         P         S         T         W         Y         V    
  1 G   1 0.2441604 0.0000000 0.0000000 0.0000000 0.0000000 0.0000000 0.0000000 0.5648733 0.0000000 0.0000000 0.0000000 0.0000000 0.0000000 0.0000000 0.0000000 0.1909663 0.0000000 0.0000000 0.0000000 0.0000000
  2 N   2 0.0000000 0.0000000 1.0000000 0.0000000 0.0000000 0.0000000 0.0000000 0.0000000 0.0000000 0.0000000 0.0000000 0.0000000 0.0000000 0.0000000 0.0000000 0.0000000 0.0000000 0.0000000 0.0000000 0.0000000
  3 G   3 0.0000000 0.0000000 0.0000000 0.0000000 0.0000000 0.0000000 0.0000000 1.0000000 0.0000000 0.0000000 0.0000000 0.0000000 0.0000000 0.0000000 0.0000000 0.0000000 0.0000000 0.0000000 0.0000000 0.0000000
  4 K   4 0.0922424 0.0000000 0.1979392 0.0000000 0.0000000 0.0000000 0.0000000 0.0000000 0.0000000 0.0000000 0.0000000 0.7098184 0.0000000 0.0000000 0.0000000 0.0000000 0.0000000 0.0000000 0.0000000 0.0000000
  5 Y   5 0.0000000 0.0000000 0.0000000 0.0000000 0.0000000 0.0000000 0.0000000 0.0000000 0.0000000 0.0000000 0.0000000 0.0000000 0.0000000 0.0000000 0.0000000 0.0000000 0.0000000 0.0000000 1.0000000 0.0000000
  6 F   6 0.0000000 0.0000000 0.0000000 0.0000000 0.0000000 0.0000000 0.0000000 0.0000000 0.0000000 0.0845713 0.3464407 0.0000000 0.1345911 0.2297374 0.0000000 0.0000000 0.0000000 0.0000000 0.0000000 0.2046596
  7 S   7 0.0000000 0.0000000 0.0000000 0.0000000 0.0000000 0.0000000 0.0000000 0.0000000 0.0000000 0.0695316 0.0000000 0.0000000 0.0000000 0.0606291 0.0000000 0.6535660 0.0000000 0.0000000 0.0880024 0.1282708
  8 K   8 0.0000000 0.3314972 0.0000000 0.0000000 0.0000000 0.0000000 0.0000000 0.0000000 0.0000000 0.0000000 0.0000000 0.6685028 0.0000000 0.0000000 0.0000000 0.0000000 0.0000000 0.0000000 0.0000000 0.0000000
  9 V   9 0.0000000 0.0000000 0.0000000 0.0000000 0.0000000 0.0000000 0.0000000 0.0000000 0.0000000 0.1234066 0.0808190 0.0000000 0.0000000 0.0000000 0.0000000 0.0000000 0.1345911 0.0000000 0.0000000 0.6611833
 10 G  10 0.0808190 0.0632114 0.2436293 0.0457866 0.0000000 0.0606291 0.0000000 0.4095710 0.0000000 0.0000000 0.0000000 0.0000000 0.0000000 0.0000000 0.0000000 0.0535937 0.0000000 0.0000000 0.0000000 0.0427598
 11 S  11 0.0000000 0.0000000 0.2987933 0.2576295 0.0000000 0.0808190 0.0411894 0.0000000 0.0000000 0.0000000 0.0000000 0.0000000 0.0000000 0.0000000 0.0000000 0.1869776 0.1345911 0.0000000 0.0000000 0.0000000
 12 A  12 0.3106383 0.0000000 0.0000000 0.0535937 0.0000000 0.0000000 0.0000000 0.0000000 0.0880024 0.1108461 0.0425057 0.0000000 0.0988051 0.0820467 0.0000000 0.0000000 0.1327430 0.0000000 0.0000000 0.0808190
 13 G  13 0.0000000 0.0000000 0.0000000 0.1238405 0.0809009 0.0880024 0.1345911 0.2709402 0.0000000 0.0535937 0.0000000 0.0000000 0.0000000 0.0000000 0.0000000 0.2481312 0.0000000 0.0000000 0.0000000 0.0000000
 14 L  14 0.0695316 0.0000000 0.0000000 0.0000000 0.0000000 0.0000000 0.0535937 0.0000000 0.0000000 0.3119697 0.3781148 0.0000000 0.0000000 0.0427598 0.0000000 0.0000000 0.0000000 0.0000000 0.0000000 0.1440304
 15 K  15 0.0000000 0.1238405 0.0650594 0.0880024 0.0820467 0.0809009 0.0808190 0.0695316 0.0000000 0.0960993 0.0000000 0.3137000 0.0000000 0.0000000 0.0000000 0.0000000 0.0000000 0.0000000 0.0000000 0.0000000
 16 Q  16 0.0000000 0.0809009 0.1288597 0.0000000 0.0000000 0.4637831 0.0000000 0.1238405 0.0381760 0.0000000 0.0000000 0.1186531 0.0000000 0.0457866 0.0000000 0.0000000 0.0000000 0.0000000 0.0000000 0.0000000
 17 L  17 0.0000000 0.0000000 0.0000000 0.0000000 0.0000000 0.0000000 0.0000000 0.0000000 0.0535937 0.1710306 0.6326999 0.0000000 0.0000000 0.0820467 0.0000000 0.0000000 0.0000000 0.0000000 0.0000000 0.0606291
 18 T  18 0.2320328 0.0000000 0.0000000 0.0000000 0.0000000 0.0000000 0.0000000 0.0650594 0.0695316 0.0000000 0.0535937 0.0000000 0.0000000 0.0000000 0.0000000 0.3500451 0.2297374 0.0000000 0.0000000 0.0000000
 19 N  19 0.1238405 0.0000000 0.3340838 0.1233247 0.0000000 0.0000000 0.0000000 0.0000000 0.0000000 0.0381760 0.0000000 0.1694473 0.0000000 0.0000000 0.0000000 0.0535937 0.0695316 0.0000000 0.0000000 0.0880024
 20 K  20 0.0427598 0.2926619 0.0000000 0.0000000 0.0000000 0.0000000 0.1103890 0.0000000 0.0000000 0.0000000 0.0000000 0.3546353 0.0000000 0.0000000 0.0000000 0.1995540 0.0000000 0.0000000 0.0000000 0.0000000
 21 L  21 0.0000000 0.0000000 0.0000000 0.0000000 0.0000000 0.0000000 0.0000000 0.0000000 0.0000000 0.0000000 0.6429939 0.0535937 0.0808190 0.0000000 0.0000000 0.0000000 0.1575340 0.0000000 0.0000000 0.0650594
 22 D  22 0.0000000 0.0000000 0.0000000 0.1869776 0.0000000 0.0000000 0.0000000 0.6516095 0.0000000 0.0000000 0.0535937 0.0000000 0.0000000 0.0000000 0.0000000 0.0427598 0.0650594 0.0000000 0.0000000 0.0000000
 23 I  23 0.0632114 0.0000000 0.0000000 0.0000000 0.0425057 0.0000000 0.0000000 0.0535937 0.0000000 0.4641326 0.2957377 0.0000000 0.0000000 0.0000000 0.0000000 0.0000000 0.0000000 0.0000000 0.0000000 0.0808190
 24 N  24 0.0606291 0.0408573 0.2327642 0.0809358 0.0411894 0.0809009 0.0000000 0.0425057 0.0000000 0.0000000 0.2690038 0.0000000 0.0000000 0.0000000 0.1512138 0.0000000 0.0000000 0.0000000 0.0000000 0.0000000
 25 E  25 0.0632114 0.0000000 0.0411894 0.1294037 0.0000000 0.0000000 0.2749800 0.0000000 0.0000000 0.0000000 0.0960993 0.0809009 0.0000000 0.0000000 0.3142152 0.0000000 0.0000000 0.0000000 0.0000000 0.0000000
 26 C  26 0.0000000 0.0000000 0.0000000 0.0000000 0.6856369 0.0000000 0.0000000 0.0000000 0.0000000 0.0000000 0.0000000 0.0000000 0.0000000 0.0650594 0.0000000 0.0535937 0.0000000 0.0000000 0.1575340 0.0381760
 27 A  27 0.3284258 0.0000000 0.0806817 0.0632114 0.0000000 0.0000000 0.0000000 0.0000000 0.0000000 0.0000000 0.0427598 0.1912899 0.0000000 0.0000000 0.0000000 0.1186531 0.1291918 0.0000000 0.0457866 0.0000000
 28 T  28 0.0000000 0.0000000 0.3402985 0.0000000 0.0000000 0.0000000 0.0000000 0.0000000 0.0000000 0.0000000 0.0000000 0.0000000 0.0000000 0.0000000 0.0000000 0.2118429 0.4478586 0.0000000 0.0000000 0.0000000
 29 V  29 0.0000000 0.0000000 0.0000000 0.0000000 0.0000000 0.0000000 0.0000000 0.0000000 0.0000000 0.1618367 0.2905175 0.0000000 0.0695316 0.0632114 0.0808190 0.0650594 0.0000000 0.0000000 0.0000000 0.2690243
 30 D  30 0.0808190 0.0000000 0.0457866 0.2926947 0.0000000 0.0000000 0.3622559 0.0000000 0.0427598 0.0000000 0.0000000 0.1220903 0.0000000 0.0000000 0.0000000 0.0535937 0.0000000 0.0000000 0.0000000 0.0000000
 31 E  31 0.0632114 0.0000000 0.0457866 0.2338304 0.0000000 0.0880024 0.4883502 0.0000000 0.0000000 0.0000000 0.0000000 0.0808190 0.0000000 0.0000000 0.0000000 0.0000000 0.0000000 0.0000000 0.0000000 0.0000000
 32 L  32 0.0000000 0.0000000 0.0000000 0.0000000 0.0000000 0.0000000 0.0000000 0.0000000 0.0000000 0.0425057 0.8296610 0.0000000 0.0000000 0.1278334 0.0000000 0.0000000 0.0000000 0.0000000 0.0000000 0.0000000
 33 V  33 0.1300680 0.1238405 0.0000000 0.0000000 0.0808190 0.0000000 0.0695316 0.0000000 0.0000000 0.1787457 0.0000000 0.0650594 0.0000000 0.0000000 0.0000000 0.0000000 0.0796926 0.0000000 0.0000000 0.2722430
 34 D  34 0.1440304 0.1301608 0.0427598 0.2678785 0.0411894 0.0650594 0.0000000 0.0000000 0.0000000 0.0425057 0.0000000 0.0839626 0.0000000 0.0000000 0.0000000 0.0408573 0.0535937 0.0000000 0.0880024 0.0000000
 35 E  35 0.4174684 0.0000000 0.0000000 0.0000000 0.0000000 0.0425057 0.2863579 0.0000000 0.0000000 0.0000000 0.0000000 0.1345911 0.0000000 0.0000000 0.0000000 0.1190769 0.0000000 0.0000000 0.0000000 0.0000000
 36 I  36 0.0000000 0.0000000 0.0000000 0.0000000 0.0000000 0.0000000 0.0000000 0.0000000 0.0000000 0.6086172 0.2361959 0.0000000 0.0000000 0.0000000 0.0000000 0.0000000 0.0000000 0.0000000 0.0000000 0.1551869
 37 N  37 0.0000000 0.1586360 0.3544143 0.0000000 0.0000000 0.0000000 0.0779890 0.0000000 0.0000000 0.0000000 0.0000000 0.0529831 0.0525559 0.0000000 0.0499549 0.1230493 0.0491069 0.0000000 0.0000000 0.0813106
 38 K  38 0.0693109 0.1083393 0.0502048 0.0000000 0.0425827 0.0899638 0.1599549 0.0000000 0.0000000 0.0000000 0.0587652 0.3747539 0.0000000 0.0000000 0.0000000 0.0461247 0.0000000 0.0000000 0.0000000 0.0000000
 39 S  39 0.0000000 0.0000000 0.0885464 0.3392506 0.0535937 0.0000000 0.0000000 0.0000000 0.0000000 0.0000000 0.0000000 0.0000000 0.0000000 0.0000000 0.0880024 0.4306069 0.0000000 0.0000000 0.0000000 0.0000000
 40 G  40 0.1216764 0.1238405 0.0457866 0.1797720 0.0427598 0.0000000 0.0809009 0.1869776 0.0000000 0.0000000 0.0000000 0.1120373 0.0000000 0.0000000 0.0000000 0.0000000 0.0411894 0.0000000 0.0000000 0.0650594
 41 T  41 0.0606291 0.0000000 0.0457866 0.1957100 0.0000000 0.0000000 0.1459604 0.0000000 0.0000000 0.0000000 0.0408573 0.1344127 0.0000000 0.0000000 0.0000000 0.0836951 0.2929487 0.0000000 0.0000000 0.0000000
 42 V  42 0.0000000 0.0000000 0.0000000 0.0000000 0.0000000 0.0000000 0.0000000 0.0000000 0.0000000 0.1248065 0.4198358 0.0000000 0.0000000 0.1345911 0.0000000 0.0000000 0.0000000 0.0000000 0.0000000 0.3207666
 43 K  43 0.0000000 0.2141053 0.0000000 0.0000000 0.0000000 0.0000000 0.0000000 0.0000000 0.0000000 0.0425057 0.0880024 0.3557656 0.0606291 0.0000000 0.0000000 0.1044008 0.0695316 0.0000000 0.0000000 0.0650594
 44 R  44 0.0000000 0.4415803 0.0650594 0.0000000 0.0000000 0.0000000 0.1344127 0.0000000 0.0695316 0.0000000 0.0000000 0.0806817 0.0000000 0.0000000 0.0000000 0.0000000 0.1629477 0.0000000 0.0000000 0.0457866
 45 K  45 0.0000000 0.2886222 0.0000000 0.0000000 0.0000000 0.0420656 0.0000000 0.0000000 0.0000000 0.0000000 0.0000000 0.5813098 0.0000000 0.0000000 0.0000000 0.0880024 0.0000000 0.0000000 0.0000000 0.0000000
 46 I  46 0.0000000 0.0000000 0.0000000 0.0000000 0.0000000 0.0000000 0.0000000 0.0000000 0.0000000 0.4509888 0.4273349 0.0000000 0.0000000 0.0408573 0.0000000 0.0000000 0.0000000 0.0000000 0.0000000 0.0808190
 47 K  47 0.0000000 0.2322074 0.0000000 0.0000000 0.0420656 0.0000000 0.0000000 0.0000000 0.0000000 0.0457866 0.1688214 0.5111189 0.0000000 0.0000000 0.0000000 0.0000000 0.0000000 0.0000000 0.0000000 0.0000000
 48 N  48 0.0606291 0.0808190 0.2833310 0.0000000 0.0000000 0.0000000 0.0632114 0.0000000 0.0695316 0.0000000 0.0000000 0.0000000 0.0000000 0.0000000 0.0000000 0.2795301 0.1629477 0.0000000 0.0000000 0.0000000
 49 Q  49 0.0632114 0.1951274 0.0000000 0.0000000 0.0000000 0.2794066 0.1413108 0.0000000 0.0000000 0.0000000 0.0000000 0.1122914 0.0000000 0.0000000 0.0000000 0.0411894 0.1674630 0.0000000 0.0000000 0.0000000
 50 S  50 0.0000000 0.0000000 0.0000000 0.0000000 0.0000000 0.0000000 0.0000000 0.1238405 0.0000000 0.0000000 0.0000000 0.0000000 0.0000000 0.0000000 0.0000000 0.8761595 0.0000000 0.0000000 0.0000000 0.0000000
 51 A  51 0.3108181 0.0000000 0.0000000 0.0808190 0.0000000 0.0000000 0.0000000 0.0000000 0.0000000 0.0381760 0.1345911 0.0000000 0.0809009 0.0000000 0.0000000 0.1762947 0.0820467 0.0000000 0.0000000 0.0963534
 52 F  52 0.0000000 0.0000000 0.0000000 0.0000000 0.0000000 0.0000000 0.0000000 0.0000000 0.0000000 0.0632114 0.0000000 0.0000000 0.0000000 0.8761595 0.0000000 0.0000000 0.0000000 0.0000000 0.0000000 0.0606291
 53 D  53 0.0000000 0.0606291 0.0408573 0.4863369 0.0000000 0.0000000 0.3489653 0.0000000 0.0000000 0.0000000 0.0000000 0.0632114 0.0000000 0.0000000 0.0000000 0.0000000 0.0000000 0.0000000 0.0000000 0.0000000
 54 L  54 0.0000000 0.0000000 0.0000000 0.0000000 0.0000000 0.0000000 0.0000000 0.0000000 0.0000000 0.2436293 0.5587466 0.0000000 0.1440304 0.0535937 0.0000000 0.0000000 0.0000000 0.0000000 0.0000000 0.0000000
 55 S  55 0.2926619 0.0000000 0.0000000 0.0000000 0.0000000 0.0000000 0.0000000 0.0000000 0.0000000 0.0882923 0.0000000 0.0000000 0.0000000 0.0000000 0.0000000 0.3643284 0.0000000 0.0000000 0.0000000 0.2547173
 56 R  56 0.0000000 0.4782960 0.0000000 0.0000000 0.4272530 0.0000000 0.0000000 0.0000000 0.0000000 0.0000000 0.0000000 0.0408573 0.0535937 0.0000000 0.0000000 0.0000000 0.0000000 0.0000000 0.0000000 0.0000000
 57 E  57 0.0000000 0.0000000 0.0000000 0.1345911 0.0000000 0.0000000 0.7774066 0.0000000 0.0000000 0.0000000 0.0000000 0.0000000 0.0000000 0.0000000 0.0000000 0.0000000 0.0000000 0.0000000 0.0880024 0.0000000
 58 C  58 0.0000000 0.0000000 0.0000000 0.0000000 0.6965875 0.0000000 0.0000000 0.0000000 0.0000000 0.0000000 0.0000000 0.0000000 0.0000000 0.0000000 0.0000000 0.0000000 0.0000000 0.0000000 0.3034125 0.0000000
 59 L  59 0.0000000 0.0000000 0.0880024 0.0000000 0.0000000 0.0000000 0.0000000 0.0000000 0.0000000 0.0427598 0.6108063 0.0000000 0.0632114 0.1345911 0.0000000 0.0000000 0.0000000 0.0000000 0.0000000 0.0606291
 60 G  60 0.0000000 0.0000000 0.0000000 0.0000000 0.0000000 0.0000000 0.1375563 0.5649868 0.0000000 0.0000000 0.1345911 0.0820467 0.0000000 0.0000000 0.0000000 0.0808190 0.0000000 0.0000000 0.0000000 0.0000000
 61 Y  61 0.0000000 0.0000000 0.0000000 0.0000000 0.0000000 0.0650594 0.0000000 0.0000000 0.0695316 0.0000000 0.0880024 0.0000000 0.0000000 0.0000000 0.0000000 0.0000000 0.0000000 0.0000000 0.7774066 0.0000000
 62 P  62 0.0000000 0.0000000 0.0000000 0.2225934 0.0000000 0.0808190 0.0000000 0.0000000 0.0000000 0.0000000 0.0000000 0.0000000 0.0000000 0.0000000 0.6965875 0.0000000 0.0000000 0.0000000 0.0000000 0.0000000
 63 E  63 0.0000000 0.2760392 0.0000000 0.0000000 0.0000000 0.0000000 0.2297374 0.0000000 0.0632114 0.0000000 0.0000000 0.2609629 0.0000000 0.0000000 0.0000000 0.0820467 0.0000000 0.0000000 0.0000000 0.0880024
 64 A  64 0.3213903 0.0632114 0.0000000 0.0695316 0.0000000 0.0606291 0.2351085 0.0000000 0.0809009 0.0000000 0.0000000 0.0000000 0.0000000 0.0000000 0.0000000 0.0809358 0.0882923 0.0000000 0.0000000 0.0000000
 65 D  65 0.0000000 0.0000000 0.0606291 0.6347307 0.0000000 0.0000000 0.0820467 0.0000000 0.0000000 0.0000000 0.0000000 0.1345911 0.0000000 0.0000000 0.0000000 0.0000000 0.0880024 0.0000000 0.0000000 0.0000000
 66 F  66 0.2118429 0.0000000 0.0000000 0.0000000 0.0000000 0.0000000 0.0000000 0.0000000 0.0000000 0.0000000 0.0000000 0.0000000 0.0000000 0.5727470 0.0000000 0.0000000 0.0000000 0.0000000 0.0000000 0.2154101
 67 I  67 0.0000000 0.0000000 0.0000000 0.0000000 0.0000000 0.0000000 0.0000000 0.0000000 0.0000000 0.5240175 0.1770003 0.0000000 0.0000000 0.0000000 0.0000000 0.0000000 0.0880024 0.0000000 0.0000000 0.2109798
 68 T  68 0.0808190 0.1575340 0.0000000 0.0000000 0.0000000 0.0000000 0.1238405 0.0000000 0.0000000 0.0000000 0.0000000 0.1062488 0.0000000 0.0000000 0.0000000 0.0457866 0.4857709 0.0000000 0.0000000 0.0000000
 69 L  69 0.0880024 0.0000000 0.0000000 0.0000000 0.0000000 0.0000000 0.0000000 0.0000000 0.0000000 0.0000000 0.8311786 0.0000000 0.0000000 0.0000000 0.0000000 0.0000000 0.0000000 0.0000000 0.0000000 0.0808190
 70 V  70 0.0000000 0.0000000 0.0000000 0.0000000 0.0000000 0.0000000 0.0000000 0.0000000 0.0000000 0.3774266 0.0000000 0.0000000 0.0000000 0.0000000 0.0000000 0.0000000 0.0000000 0.0000000 0.0000000 0.6225734
 71 N  71 0.0000000 0.0000000 1.0000000 0.0000000 0.0000000 0.0000000 0.0000000 0.0000000 0.0000000 0.0000000 0.0000000 0.0000000 0.0000000 0.0000000 0.0000000 0.0000000 0.0000000 0.0000000 0.0000000 0.0000000
 72 N  72 0.0880024 0.0000000 0.6553981 0.0000000 0.0000000 0.0000000 0.1345911 0.0000000 0.0000000 0.0000000 0.0000000 0.0000000 0.0000000 0.0000000 0.0000000 0.1220085 0.0000000 0.0000000 0.0000000 0.0000000
 73 M  73 0.0000000 0.0000000 0.0000000 0.0000000 0.0000000 0.0000000 0.0000000 0.0000000 0.0000000 0.0381760 0.0000000 0.0000000 0.8738216 0.0000000 0.0000000 0.0000000 0.0000000 0.0000000 0.0000000 0.0880024
 74 R  74 0.0880024 0.3535779 0.1215390 0.1345911 0.0000000 0.0000000 0.0000000 0.0000000 0.0411894 0.0457866 0.0000000 0.1617200 0.0000000 0.0000000 0.0000000 0.0535937 0.0000000 0.0000000 0.0000000 0.0000000
 75 F  75 0.0000000 0.0000000 0.0000000 0.0000000 0.0000000 0.0000000 0.0000000 0.0000000 0.0000000 0.0000000 0.0000000 0.0000000 0.0000000 1.0000000 0.0000000 0.0000000 0.0000000 0.0000000 0.0000000 0.0000000
 76 K  76 0.0000000 0.0000000 0.0809009 0.1800620 0.0000000 0.1933722 0.0000000 0.0000000 0.0000000 0.0000000 0.0000000 0.3756158 0.0000000 0.0000000 0.0000000 0.0880024 0.0000000 0.0000000 0.0000000 0.0820467
 77 I  77 0.0000000 0.0000000 0.0000000 0.0000000 0.0000000 0.0000000 0.0000000 0.0000000 0.0000000 0.7521551 0.1530618 0.0000000 0.0000000 0.0000000 0.0000000 0.0000000 0.0000000 0.0000000 0.0000000 0.0947831
 78 E  78 0.0000000 0.0000000 0.0420656 0.2551085 0.0000000 0.0000000 0.5273611 0.0000000 0.0000000 0.0000000 0.0000000 0.1754648 0.0000000 0.0000000 0.0000000 0.0000000 0.0000000 0.0000000 0.0000000 0.0000000
 79 N  79 0.0000000 0.0000000 0.5508304 0.2197191 0.0000000 0.0808190 0.0606291 0.0880024 0.0000000 0.0000000 0.0000000 0.0000000 0.0000000 0.0000000 0.0000000 0.0000000 0.0000000 0.0000000 0.0000000 0.0000000
 80 C  80 0.0880024 0.0808190 0.2154920 0.0000000 0.1869776 0.0000000 0.0000000 0.3052676 0.0000000 0.0000000 0.0000000 0.0000000 0.0000000 0.0000000 0.0000000 0.1234414 0.0000000 0.0000000 0.0000000 0.0000000
 81 K  81 0.0606291 0.1713654 0.0000000 0.0000000 0.0000000 0.0000000 0.0632114 0.0000000 0.0000000 0.0917697 0.0000000 0.5321235 0.0000000 0.0000000 0.0000000 0.0388353 0.0000000 0.0000000 0.0000000 0.0420656
 82 V  82 0.0000000 0.0000000 0.0000000 0.0000000 0.0000000 0.0000000 0.0000000 0.0000000 0.0000000 0.3034125 0.0000000 0.0000000 0.0000000 0.0000000 0.0000000 0.0000000 0.0000000 0.0000000 0.0000000 0.6965875
 83 V  83 0.0606291 0.0000000 0.0000000 0.0000000 0.0000000 0.0000000 0.1893898 0.0000000 0.0000000 0.0425057 0.0535937 0.1973650 0.0000000 0.0000000 0.0000000 0.0388353 0.0000000 0.0000000 0.0000000 0.4176815
 84 N  84 0.0000000 0.0632114 0.3012004 0.1248200 0.0000000 0.0000000 0.1062488 0.0000000 0.0427598 0.0000000 0.0000000 0.0695316 0.0000000 0.0000000 0.0000000 0.2922280 0.0000000 0.0000000 0.0000000 0.0000000
 85 F  85 0.0000000 0.0000000 0.0000000 0.0000000 0.0000000 0.0000000 0.0000000 0.0000000 0.0000000 0.0000000 0.0000000 0.0000000 0.0000000 0.9119976 0.0000000 0.0000000 0.0000000 0.0000000 0.0880024 0.0000000
 86 N  86 0.0000000 0.0000000 0.2755240 0.1345911 0.0000000 0.0000000 0.2926619 0.0000000 0.0000000 0.0000000 0.0000000 0.2163221 0.0388353 0.0000000 0.0000000 0.0000000 0.0420656 0.0000000 0.0000000 0.0000000
 87 I  87 0.0000000 0.0000000 0.0000000 0.0000000 0.0000000 0.0000000 0.0000000 0.0000000 0.0000000 0.2297374 0.6822603 0.0000000 0.0000000 0.0000000 0.0000000 0.0000000 0.0000000 0.0000000 0.0000000 0.0880024
 88 E  88 0.0664795 0.0000000 0.0713373 0.0000000 0.0000000 0.0000000 0.6718315 0.0000000 0.0000000 0.0000000 0.0000000 0.1210408 0.0000000 0.0000000 0.0000000 0.0693109 0.0000000 0.0000000 0.0000000 0.0000000
 89 N  89 0.0000000 0.0000000 0.5524752 0.1441123 0.0000000 0.0000000 0.0000000 0.0000000 0.0000000 0.0000000 0.0000000 0.0000000 0.0000000 0.0000000 0.0000000 0.2154101 0.0880024 0.0000000 0.0000000 0.0000000
 90 T  90 0.2926619 0.0000000 0.0000000 0.0000000 0.0000000 0.0000000 0.0650594 0.0000000 0.0000000 0.2143000 0.0457866 0.0695316 0.0000000 0.0000000 0.0000000 0.0000000 0.2297374 0.0000000 0.0000000 0.0829230
 91 N  91 0.0000000 0.0000000 0.4506567 0.0000000 0.0000000 0.0000000 0.0000000 0.1688214 0.0000000 0.0000000 0.0000000 0.0000000 0.0000000 0.0000000 0.0000000 0.2996210 0.0809009 0.0000000 0.0000000 0.0000000
 92 C  92 0.0880024 0.0000000 0.0000000 0.0000000 0.7774066 0.0000000 0.0000000 0.0000000 0.0000000 0.0000000 0.0695316 0.0000000 0.0000000 0.0000000 0.0000000 0.0000000 0.0000000 0.0000000 0.0000000 0.0650594
 93 L  93 0.0000000 0.0000000 0.0000000 0.0000000 0.0000000 0.0000000 0.0000000 0.0000000 0.0000000 0.1345911 0.7774066 0.0000000 0.0000000 0.0000000 0.0880024 0.0000000 0.0000000 0.0000000 0.0000000 0.0000000
 94 N  94 0.0000000 0.0000000 0.4351907 0.1725887 0.0000000 0.0000000 0.0457866 0.0606291 0.0000000 0.0000000 0.0000000 0.1345911 0.0000000 0.0000000 0.0000000 0.0880024 0.0000000 0.0000000 0.0000000 0.0632114
 95 N  95 0.0000000 0.0000000 0.6508009 0.2146081 0.0000000 0.0000000 0.0000000 0.0650594 0.0000000 0.0000000 0.0000000 0.0000000 0.0000000 0.0000000 0.0000000 0.0695316 0.0000000 0.0000000 0.0000000 0.0000000
 96 P  96 0.0880024 0.0000000 0.0000000 0.1345911 0.0000000 0.0000000 0.0000000 0.0000000 0.0000000 0.0000000 0.0000000 0.0000000 0.0000000 0.0000000 0.7774066 0.0000000 0.0000000 0.0000000 0.0000000 0.0000000
 97 S  97 0.0880024 0.0650594 0.2609629 0.0000000 0.0000000 0.0000000 0.0000000 0.0000000 0.0000000 0.0000000 0.0000000 0.0695316 0.0000000 0.0000000 0.0000000 0.2297374 0.2867063 0.0000000 0.0000000 0.0000000
 98 I  98 0.1238405 0.0000000 0.0000000 0.0000000 0.0000000 0.0000000 0.0000000 0.0000000 0.0000000 0.5143998 0.0808190 0.0000000 0.0000000 0.0000000 0.0000000 0.0425057 0.0000000 0.0000000 0.0000000 0.2384349
 99 E  99 0.0000000 0.0880024 0.0000000 0.0000000 0.0000000 0.0000000 0.6510347 0.0000000 0.0000000 0.0000000 0.0000000 0.0000000 0.0000000 0.0000000 0.0000000 0.2609629 0.0000000 0.0000000 0.0000000 0.0000000
100 T 100 0.1342753 0.0000000 0.0000000 0.1345911 0.0000000 0.0000000 0.0000000 0.0000000 0.0000000 0.0427598 0.0000000 0.0000000 0.0000000 0.0000000 0.0000000 0.1238405 0.3498434 0.0000000 0.0000000 0.2146899
101 I 101 0.0000000 0.0000000 0.0000000 0.0000000 0.0000000 0.0000000 0.0000000 0.0000000 0.0000000 0.9119976 0.0000000 0.0000000 0.0000000 0.0000000 0.0000000 0.0000000 0.0000000 0.0000000 0.0000000 0.0880024
102 Y 102 0.0000000 0.0000000 0.0000000 0.0000000 0.0000000 0.0000000 0.0000000 0.0000000 0.0000000 0.0000000 0.0000000 0.0000000 0.0000000 0.1238405 0.0000000 0.0000000 0.0000000 0.0000000 0.8761595 0.0000000
103 R 103 0.0994644 0.1869776 0.0000000 0.0000000 0.0000000 0.0000000 0.0000000 0.3469341 0.0000000 0.0000000 0.0000000 0.0000000 0.1345911 0.0000000 0.0000000 0.2320328 0.0000000 0.0000000 0.0000000 0.0000000
104 N 104 0.0000000 0.0000000 0.6607494 0.0000000 0.0000000 0.0000000 0.0000000 0.0000000 0.0808190 0.0000000 0.0000000 0.1345911 0.0000000 0.0000000 0.0000000 0.1238405 0.0000000 0.0000000 0.0000000 0.0000000
105 F 105 0.0000000 0.0000000 0.0000000 0.0000000 0.0000000 0.0000000 0.0000000 0.0000000 0.0000000 0.0000000 0.0000000 0.0000000 0.0000000 1.0000000 0.0000000 0.0000000 0.0000000 0.0000000 0.0000000 0.0000000
106 N 106 0.0606291 0.0000000 0.5299872 0.0880024 0.0808190 0.0000000 0.0000000 0.0000000 0.1345911 0.0000000 0.0000000 0.0000000 0.0000000 0.0000000 0.0000000 0.1059711 0.0000000 0.0000000 0.0000000 0.0000000
107 Q 107 0.0000000 0.0381760 0.2087343 0.0000000 0.0000000 0.5689880 0.0000000 0.0000000 0.0000000 0.0000000 0.0000000 0.1841017 0.0000000 0.0000000 0.0000000 0.0000000 0.0000000 0.0000000 0.0000000 0.0000000
108 F 108 0.0000000 0.0000000 0.0000000 0.0000000 0.0000000 0.0000000 0.0000000 0.0000000 0.0000000 0.0000000 0.0000000 0.0000000 0.0000000 1.0000000 0.0000000 0.0000000 0.0000000 0.0000000 0.0000000 0.0000000
109 V 109 0.0000000 0.0000000 0.0000000 0.0000000 0.0000000 0.0000000 0.0000000 0.0000000 0.0000000 0.0960993 0.0000000 0.0000000 0.0000000 0.0000000 0.0000000 0.0000000 0.0000000 0.0000000 0.0000000 0.9039007
110 S 110 0.1220085 0.0000000 0.0000000 0.0000000 0.0000000 0.0000000 0.0000000 0.0000000 0.0000000 0.1345911 0.0000000 0.0880024 0.0000000 0.0000000 0.0606291 0.4024080 0.0632114 0.0000000 0.1291496 0.0000000
111 I 111 0.0880024 0.0000000 0.0000000 0.0000000 0.0000000 0.0000000 0.0000000 0.0000000 0.0000000 0.2929487 0.3430096 0.0000000 0.0000000 0.0000000 0.0000000 0.0000000 0.0000000 0.0000000 0.0000000 0.2760392
112 F 112 0.0000000 0.0000000 0.0000000 0.0000000 0.0000000 0.0000000 0.0000000 0.0000000 0.0000000 0.0000000 0.0000000 0.0000000 0.0000000 1.0000000 0.0000000 0.0000000 0.0000000 0.0000000 0.0000000 0.0000000
113 N 113 0.0000000 0.0000000 1.0000000 0.0000000 0.0000000 0.0000000 0.0000000 0.0000000 0.0000000 0.0000000 0.0000000 0.0000000 0.0000000 0.0000000 0.0000000 0.0000000 0.0000000 0.0000000 0.0000000 0.0000000
114 V 114 0.0000000 0.0000000 0.0000000 0.0000000 0.0000000 0.0000000 0.0000000 0.0000000 0.0000000 0.2212514 0.0632114 0.0000000 0.0000000 0.1688214 0.0000000 0.1345911 0.0427598 0.0000000 0.0000000 0.3693650
115 V 115 0.0000000 0.0000000 0.0000000 0.0000000 0.0000000 0.0000000 0.0000000 0.0000000 0.0000000 0.1278334 0.5435930 0.0000000 0.0000000 0.1415960 0.0000000 0.0000000 0.0000000 0.0000000 0.0000000 0.1869776
116 T 116 0.0808190 0.0000000 0.0000000 0.0000000 0.0000000 0.0000000 0.0880024 0.0000000 0.0000000 0.1754648 0.0000000 0.0000000 0.0000000 0.0000000 0.0000000 0.3393325 0.2705947 0.0000000 0.0000000 0.0457866
117 D 117 0.0606291 0.0000000 0.0809009 0.5416724 0.0000000 0.0000000 0.0808190 0.0000000 0.0381760 0.0000000 0.0000000 0.0000000 0.0000000 0.0000000 0.0000000 0.0632114 0.1345911 0.0000000 0.0000000 0.0000000
118 V 118 0.1803777 0.0000000 0.0000000 0.0000000 0.0000000 0.0000000 0.0000000 0.0000000 0.0000000 0.1238405 0.0880024 0.0000000 0.0000000 0.0000000 0.0000000 0.0000000 0.0000000 0.0000000 0.0000000 0.6077794
119 K 119 0.0606291 0.1688214 0.0000000 0.0000000 0.0000000 0.0000000 0.0000000 0.0000000 0.0000000 0.0000000 0.0632114 0.7073381 0.0000000 0.0000000 0.0000000 0.0000000 0.0000000 0.0000000 0.0000000 0.0000000
120 K 120 0.0000000 0.1696272 0.0408573 0.0000000 0.0000000 0.2606730 0.0425057 0.0000000 0.0000000 0.0000000 0.0808190 0.2709268 0.0000000 0.0000000 0.0000000 0.1345911 0.0000000 0.0000000 0.0000000 0.0000000
121 R 121 0.1509926 0.2452393 0.0000000 0.0000000 0.0000000 0.0000000 0.0439687 0.0000000 0.0000000 0.0742234 0.0453738 0.0924904 0.0694494 0.0000000 0.0000000 0.2782623 0.0000000 0.0000000 0.0000000 0.0000000
122 L 122 0.0000000 0.0000000 0.0000000 0.0000000 0.0000000 0.0714304 0.0000000 0.0000000 0.0000000 0.1963612 0.6826487 0.0000000 0.0000000 0.0000000 0.0000000 0.0000000 0.0000000 0.0000000 0.0000000 0.0495598
123 F 123 0.0000000 0.1181920 0.1015820 0.0000000 0.0000000 0.0000000 0.1782479 0.0000000 0.0000000 0.0000000 0.0000000 0.0000000 0.0000000 0.3514619 0.1836243 0.0668919 0.0000000 0.0000000 0.0000000 0.0000000
124 E 124 0.0000000 0.0000000 0.0000000 0.2505031 0.1387049 0.0000000 0.3208985 0.0000000 0.0000000 0.0000000 0.0000000 0.2113126 0.0000000 0.0000000 0.0000000 0.0785809 0.0000000 0.0000000 0.0000000 0.0000000
125 N 125 0.0000000 0.0000000 0.4325561 0.1387049 0.0000000 0.0000000 0.0919796 0.0000000 0.1193330 0.0000000 0.0000000 0.0000000 0.0000000 0.0000000 0.0000000 0.2174263 0.0000000 0.0000000 0.0000000 0.0000000
126 A 126 0.7938755 0.0000000 0.0000000 0.0000000 0.0000000 0.0000000 0.0000000 0.0000000 0.0000000 0.0000000 0.0000000 0.0000000 0.0000000 0.0000000 0.0000000 0.2061245 0.0000000 0.0000000 0.0000000 0.0000000
127 S 127 0.0000000 0.0000000 0.0000000 0.0000000 0.0000000 0.0000000 0.0000000 0.0000000 0.0000000 0.0000000 0.0000000 0.0000000 0.0000000 0.0000000 0.0000000 1.0000000 0.0000000 0.0000000 0.0000000 0.0000000
128 G 128 0.0000000 0.0000000 0.0000000 0.0000000 0.0000000 0.0000000 0.0000000 1.0000000 0.0000000 0.0000000 0.0000000 0.0000000 0.0000000 0.0000000 0.0000000 0.0000000 0.0000000 0.0000000 0.0000000 0.0000000
129 N 129 0.0000000 0.0000000 1.0000000 0.0000000 0.0000000 0.0000000 0.0000000 0.0000000 0.0000000 0.0000000 0.0000000 0.0000000 0.0000000 0.0000000 0.0000000 0.0000000 0.0000000 0.0000000 0.0000000 0.0000000
130 G 130 0.0000000 0.0000000 0.0000000 0.0000000 0.0000000 0.0000000 0.0000000 1.0000000 0.0000000 0.0000000 0.0000000 0.0000000 0.0000000 0.0000000 0.0000000 0.0000000 0.0000000 0.0000000 0.0000000 0.0000000
131 S 131 0.0000000 0.0000000 0.0000000 0.0000000 0.0000000 0.0000000 0.0000000 0.0000000 0.0000000 0.0000000 0.0000000 0.0000000 0.0000000 0.0000000 0.0000000 1.0000000 0.0000000 0.0000000 0.0000000 0.0000000
132 G 132 0.0000000 0.0000000 0.0000000 0.0000000 0.0000000 0.0000000 0.0000000 1.0000000 0.0000000 0.0000000 0.0000000 0.0000000 0.0000000 0.0000000 0.0000000 0.0000000 0.0000000 0.0000000 0.0000000 0.0000000
133 G 133 0.0000000 0.0000000 0.0000000 0.0000000 0.0000000 0.0000000 0.0000000 1.0000000 0.0000000 0.0000000 0.0000000 0.0000000 0.0000000 0.0000000 0.0000000 0.0000000 0.0000000 0.0000000 0.0000000 0.0000000
134 G 134 0.0000000 0.0000000 0.0000000 0.0000000 0.0000000 0.0000000 0.0000000 1.0000000 0.0000000 0.0000000 0.0000000 0.0000000 0.0000000 0.0000000 0.0000000 0.0000000 0.0000000 0.0000000 0.0000000 0.0000000
135 L 135 0.0000000 0.0000000 0.0000000 0.0000000 0.0000000 0.0000000 0.0000000 0.0000000 0.0000000 0.0000000 1.0000000 0.0000000 0.0000000 0.0000000 0.0000000 0.0000000 0.0000000 0.0000000 0.0000000 0.0000000
136 N 136 0.0000000 0.0000000 1.0000000 0.0000000 0.0000000 0.0000000 0.0000000 0.0000000 0.0000000 0.0000000 0.0000000 0.0000000 0.0000000 0.0000000 0.0000000 0.0000000 0.0000000 0.0000000 0.0000000 0.0000000
137 D 137 0.0000000 0.0000000 0.0000000 1.0000000 0.0000000 0.0000000 0.0000000 0.0000000 0.0000000 0.0000000 0.0000000 0.0000000 0.0000000 0.0000000 0.0000000 0.0000000 0.0000000 0.0000000 0.0000000 0.0000000
138 I 138 0.0000000 0.0000000 0.0000000 0.0000000 0.0000000 0.0000000 0.0000000 0.0000000 0.0000000 1.0000000 0.0000000 0.0000000 0.0000000 0.0000000 0.0000000 0.0000000 0.0000000 0.0000000 0.0000000 0.0000000
139 F 139 0.0000000 0.0000000 0.0000000 0.0000000 0.0000000 0.0000000 0.0000000 0.0000000 0.0000000 0.0000000 0.0000000 0.0000000 0.0000000 1.0000000 0.0000000 0.0000000 0.0000000 0.0000000 0.0000000 0.0000000
140 E 140 0.0000000 0.0000000 0.0000000 0.0000000 0.0000000 0.0000000 1.0000000 0.0000000 0.0000000 0.0000000 0.0000000 0.0000000 0.0000000 0.0000000 0.0000000 0.0000000 0.0000000 0.0000000 0.0000000 0.0000000
141 A 141 1.0000000 0.0000000 0.0000000 0.0000000 0.0000000 0.0000000 0.0000000 0.0000000 0.0000000 0.0000000 0.0000000 0.0000000 0.0000000 0.0000000 0.0000000 0.0000000 0.0000000 0.0000000 0.0000000 0.0000000
142 Q 142 0.0000000 0.0000000 0.0000000 0.0000000 0.0000000 1.0000000 0.0000000 0.0000000 0.0000000 0.0000000 0.0000000 0.0000000 0.0000000 0.0000000 0.0000000 0.0000000 0.0000000 0.0000000 0.0000000 0.0000000
143 K 143 0.0000000 0.0000000 0.0000000 0.0000000 0.0000000 0.0000000 0.0000000 0.0000000 0.0000000 0.0000000 0.0000000 1.0000000 0.0000000 0.0000000 0.0000000 0.0000000 0.0000000 0.0000000 0.0000000 0.0000000
144 I 144 0.0000000 0.0000000 0.0000000 0.0000000 0.0000000 0.0000000 0.0000000 0.0000000 0.0000000 1.0000000 0.0000000 0.0000000 0.0000000 0.0000000 0.0000000 0.0000000 0.0000000 0.0000000 0.0000000 0.0000000
145 E 145 0.0000000 0.0000000 0.0000000 0.0000000 0.0000000 0.0000000 1.0000000 0.0000000 0.0000000 0.0000000 0.0000000 0.0000000 0.0000000 0.0000000 0.0000000 0.0000000 0.0000000 0.0000000 0.0000000 0.0000000
146 W 146 0.0000000 0.0000000 0.0000000 0.0000000 0.0000000 0.0000000 0.0000000 0.0000000 0.0000000 0.0000000 0.0000000 0.0000000 0.0000000 0.0000000 0.0000000 0.0000000 0.0000000 1.0000000 0.0000000 0.0000000
147 H 147 0.0000000 0.0000000 0.0000000 0.0000000 0.0000000 0.0000000 0.0000000 0.0000000 1.0000000 0.0000000 0.0000000 0.0000000 0.0000000 0.0000000 0.0000000 0.0000000 0.0000000 0.0000000 0.0000000 0.0000000
148 E 148 0.0000000 0.0000000 0.0000000 0.0000000 0.0000000 0.0000000 1.0000000 0.0000000 0.0000000 0.0000000 0.0000000 0.0000000 0.0000000 0.0000000 0.0000000 0.0000000 0.0000000 0.0000000 0.0000000 0.0000000
