  148         A         R         N         D         C         Q         E         G         H         I         L         K         M         F         P         S         T         W         Y         V         X    
  1 A   1 0.2572853 0.0000000 0.0000000 0.0000000 0.0000000 0.0000000 0.0000000 0.0000000 0.0000000 0.0000000 0.0000000 0.0000000 0.0000000 0.0000000 0.0000000 0.0163858 0.0000000 0.0000000 0.0000000 0.0000000 0.7263289
  2 D   2 0.0038830 0.0438703 0.0147221 0.0957983 0.0000000 0.0220193 0.1409244 0.0134640 0.0210693 0.0011781 0.0022640 0.0201074 0.0000000 0.0000000 0.0000000 0.0044450 0.0046160 0.0000000 0.0000000 0.0016458 0.6099931
  3 Q   3 0.0084753 0.0273172 0.0630822 0.0127718 0.0140243 0.0632325 0.1392850 0.0120612 0.0482193 0.0009088 0.0103008 0.0342874 0.0011290 0.0235047 0.0012420 0.0476161 0.0074049 0.0013838 0.0017467 0.0024032 0.4796038
  4 L   4 0.0000000 0.0000000 0.0000000 0.0000000 0.0012203 0.0000000 0.0000000 0.0000000 0.0000000 0.0222364 0.5151330 0.0000000 0.0177768 0.0583967 0.0000000 0.0000000 0.0011961 0.0016362 0.0000000 0.0028389 0.3795655
  5 T   5 0.0037128 0.0171924 0.0414735 0.0223677 0.0014448 0.0008477 0.0077833 0.0095804 0.0000000 0.0013493 0.0129106 0.0033978 0.0009824 0.0000000 0.0232850 0.2709587 0.2203652 0.0000000 0.0000000 0.0021484 0.3602000
  6 E   6 0.0278054 0.0102714 0.0191849 0.0783940 0.0000000 0.0515737 0.3209662 0.0068311 0.0030068 0.0029679 0.0088311 0.0541628 0.0033451 0.0009920 0.0456435 0.0032238 0.0127122 0.0000000 0.0008885 0.0205470 0.3286526
  7 E   7 0.0207234 0.0017877 0.0077358 0.1283210 0.0000000 0.0365202 0.4118487 0.0073633 0.0007943 0.0056511 0.0026918 0.0163608 0.0018053 0.0011853 0.0027801 0.0178268 0.0152324 0.0000000 0.0013237 0.0034891 0.3165591
  8 Q   8 0.0015299 0.0077467 0.0029566 0.0142517 0.0000000 0.3791578 0.2284058 0.0000000 0.0025731 0.0000000 0.0058373 0.0234257 0.0072877 0.0000000 0.0063442 0.0019270 0.0050818 0.0000000 0.0000000 0.0030102 0.3104645
  9 I   9 0.0094839 0.0368774 0.0018281 0.0040423 0.0008596 0.0179946 0.0224169 0.0016406 0.0015299 0.3084401 0.0641355 0.1036868 0.0259912 0.0012328 0.0019525 0.0000000 0.0108859 0.0000000 0.0047984 0.0864507 0.2957528
 10 A  10 0.1905047 0.0290319 0.0318268 0.0431334 0.0017921 0.1161279 0.1307249 0.0160854 0.0095913 0.0088487 0.0100749 0.0680923 0.0108251 0.0014387 0.0000000 0.0455555 0.0133090 0.0000000 0.0000000 0.0243453 0.2486922
 11 E  11 0.0083552 0.0028002 0.0065824 0.0769705 0.0000000 0.0233247 0.4566555 0.1088512 0.0096206 0.0038084 0.0107739 0.0118510 0.0064152 0.0010453 0.0015290 0.0091279 0.0000000 0.0021440 0.0000000 0.0202684 0.2398762
 12 F  12 0.0076761 0.0000000 0.0000000 0.0000000 0.0000000 0.0020696 0.0000000 0.0000000 0.0000000 0.1997425 0.2496494 0.0000000 0.0247259 0.2057665 0.0000000 0.0000000 0.0021323 0.0000000 0.0757274 0.0076693 0.2248411
 13 K  13 0.0058800 0.2221574 0.0039096 0.0000000 0.0012710 0.0382886 0.0134902 0.0036418 0.0067430 0.0054036 0.0171922 0.4136711 0.0031912 0.0024969 0.0000000 0.0060060 0.0059071 0.0062066 0.0197533 0.0016230 0.2231674
 14 E  14 0.0462002 0.0198388 0.0229673 0.0887936 0.0000000 0.0453572 0.4771220 0.0069263 0.0021895 0.0040141 0.0064949 0.0329135 0.0009261 0.0019808 0.0000000 0.0031906 0.0107513 0.0016648 0.0011033 0.0069060 0.2206597
 15 A  15 0.5443091 0.0000000 0.0000000 0.0019280 0.0218154 0.0031075 0.0000000 0.0098353 0.0000000 0.0214891 0.0168597 0.0039326 0.1058096 0.0022987 0.0000000 0.0062345 0.0213724 0.0000000 0.0012014 0.0418242 0.1979824
 16 F  16 0.0000000 0.0000000 0.0000000 0.0000000 0.0000000 0.0000000 0.0000000 0.0000000 0.0000000 0.0047683 0.0049598 0.0000000 0.0024370 0.7835940 0.0000000 0.0000000 0.0000000 0.0000000 0.0050854 0.0018451 0.1973104
 17 S  17 0.0591676 0.0886681 0.0604261 0.0999904 0.0126424 0.0618481 0.0739001 0.0114540 0.0093721 0.0009416 0.0121472 0.1144027 0.0167690 0.0016202 0.0000000 0.1492838 0.0262235 0.0015561 0.0000000 0.0035362 0.1960507
 18 L  18 0.0229422 0.0146156 0.0259693 0.0016458 0.0095343 0.0099163 0.0398179 0.0062728 0.0073977 0.0415476 0.3542559 0.0156754 0.0897301 0.0141504 0.0000000 0.0323630 0.0145248 0.0017616 0.0317880 0.0704776 0.1956137
 19 F  19 0.0059350 0.0000000 0.0000000 0.0000000 0.0000000 0.0000000 0.0000000 0.0000000 0.0000000 0.0675003 0.0301644 0.0000000 0.0904460 0.5549379 0.0000000 0.0046836 0.0000000 0.0000000 0.0357962 0.0129179 0.1976186
 20 D  20 0.0029711 0.0015248 0.0036664 0.7802426 0.0000000 0.0021440 0.0033751 0.0022021 0.0000000 0.0000000 0.0000000 0.0000000 0.0000000 0.0000000 0.0000000 0.0022357 0.0027416 0.0000000 0.0000000 0.0035767 0.1953199
 21 K  21 0.0272273 0.0815608 0.0074617 0.0108429 0.0000000 0.0348869 0.0225548 0.0010813 0.0065836 0.0180558 0.0170698 0.2942857 0.0205384 0.0000000 0.0085158 0.0248256 0.1998545 0.0000000 0.0000000 0.0295996 0.1950555
 22 D  22 0.0040774 0.0099629 0.1248042 0.5166830 0.0000000 0.0103181 0.0661972 0.0097221 0.0079733 0.0000000 0.0000000 0.0228061 0.0000000 0.0000000 0.0000000 0.0101500 0.0151048 0.0000000 0.0000000 0.0073757 0.1948252
 23 G  23 0.0114799 0.0468481 0.1511248 0.0066220 0.0100690 0.0287613 0.0192926 0.3721746 0.0146660 0.0014260 0.0022987 0.1050532 0.0000000 0.0000000 0.0011364 0.0310132 0.0000000 0.0000000 0.0012109 0.0025650 0.1942583
 24 D  24 0.0023793 0.0264619 0.0859126 0.3464776 0.0000000 0.0035297 0.0139816 0.0121383 0.0000000 0.0016792 0.0000000 0.0296450 0.0000000 0.0000000 0.0000000 0.2204621 0.0613006 0.0000000 0.0000000 0.0021116 0.1939205
 25 G  25 0.0017765 0.0037326 0.0112364 0.0024554 0.0015248 0.0052427 0.0072388 0.7594427 0.0017806 0.0000000 0.0000000 0.0024798 0.0030977 0.0000000 0.0000000 0.0037344 0.0000000 0.0000000 0.0014237 0.0000000 0.1948340
 26 T  26 0.0398524 0.0393470 0.0150678 0.0123867 0.0372155 0.0192060 0.0096601 0.0000000 0.0229055 0.0109625 0.0144492 0.1160512 0.0107388 0.0770609 0.0029711 0.0712806 0.1839445 0.0000000 0.0999433 0.0195674 0.1973896
 27 I  27 0.0025365 0.0000000 0.0000000 0.0000000 0.0000000 0.0000000 0.0000000 0.0000000 0.0000000 0.7005836 0.0414339 0.0000000 0.0104326 0.0000000 0.0000000 0.0000000 0.0022781 0.0000000 0.0000000 0.0462148 0.1965206
 28 T  28 0.0160063 0.0052524 0.0446064 0.1430239 0.0007130 0.0119014 0.0196903 0.0151985 0.0097884 0.0014237 0.0094497 0.0204684 0.0043065 0.0000000 0.0088697 0.1435183 0.3469298 0.0000000 0.0000000 0.0023326 0.1965206
 29 T  29 0.1256171 0.0190577 0.0072066 0.0000000 0.0149539 0.0097871 0.0136556 0.0064512 0.0033778 0.0594079 0.0472363 0.0425895 0.0157484 0.0712904 0.0194237 0.0378707 0.1280278 0.0000000 0.0980347 0.0837430 0.1965206
 30 K  30 0.0422032 0.0475304 0.0168206 0.1049153 0.0000000 0.0404552 0.1724536 0.0197711 0.0491209 0.0009455 0.0114664 0.1922425 0.0005754 0.0007515 0.0065672 0.0687248 0.0180659 0.0011228 0.0008840 0.0088633 0.1965206
 31 E  31 0.0000000 0.0025542 0.0116462 0.1010810 0.0000000 0.0373280 0.6196795 0.0000000 0.0021309 0.0019117 0.0000000 0.0118897 0.0069584 0.0014888 0.0000000 0.0021323 0.0000000 0.0000000 0.0039217 0.0009124 0.1963652
 32 L  32 0.0000000 0.0000000 0.0000000 0.0000000 0.0163043 0.0000000 0.0000000 0.0000000 0.0000000 0.0261843 0.6947082 0.0000000 0.0171956 0.0255124 0.0000000 0.0000000 0.0016696 0.0000000 0.0000000 0.0220604 0.1963652
 33 G  33 0.0399498 0.1154281 0.0174689 0.0024402 0.0006409 0.0197923 0.0270561 0.2744884 0.0138919 0.0106768 0.0158636 0.2344183 0.0039591 0.0012125 0.0022587 0.0165924 0.0020570 0.0000000 0.0019808 0.0011808 0.1986434
 34 T  34 0.0953576 0.0223643 0.0249791 0.0676952 0.0037490 0.0393866 0.0501634 0.0110853 0.0335750 0.0421846 0.0144360 0.0228841 0.0086235 0.0058596 0.0047604 0.0386704 0.1647887 0.0014762 0.0077955 0.1443218 0.1958437
 35 V  35 0.1803224 0.0000000 0.0000000 0.0000000 0.0234616 0.0000000 0.0013098 0.1323240 0.0000000 0.0397411 0.0713921 0.0043065 0.0260905 0.0092007 0.0000000 0.0108726 0.0100912 0.0000000 0.0000000 0.2989924 0.1918951
 36 M  36 0.0178094 0.0019280 0.0000000 0.0000000 0.0118856 0.0000000 0.0000000 0.0000000 0.0000000 0.0365697 0.2827349 0.0018149 0.4132041 0.0260554 0.0000000 0.0010719 0.0040382 0.0000000 0.0000000 0.0111833 0.1917046
 37 R  37 0.0507157 0.4491922 0.0074832 0.0058495 0.0016869 0.0384924 0.0263523 0.0085577 0.0177481 0.0054051 0.0089013 0.0872804 0.0061392 0.0014502 0.0113853 0.0177580 0.0509841 0.0046949 0.0022929 0.0062668 0.1913638
 38 S  38 0.1943213 0.0532039 0.0318398 0.0075652 0.0322706 0.0169303 0.0307036 0.0063159 0.0025755 0.0036002 0.0115650 0.0971519 0.0183210 0.0029567 0.0022587 0.2378958 0.0513334 0.0000000 0.0028697 0.0049578 0.1913638
 39 L  39 0.0016875 0.0000000 0.0022681 0.0000000 0.0046280 0.0148771 0.0017388 0.0000000 0.0072397 0.0358812 0.5918347 0.0058149 0.0505953 0.0300400 0.0000000 0.0025282 0.0033445 0.0000000 0.0146134 0.0412516 0.1916571
 40 G  40 0.0056301 0.0083517 0.0083672 0.0139201 0.0016962 0.0042369 0.0066326 0.7444734 0.0000000 0.0013103 0.0000000 0.0053819 0.0011709 0.0000000 0.0000000 0.0033151 0.0000000 0.0000000 0.0000000 0.0011808 0.1943328
 41 Q  41 0.0290100 0.0190777 0.0019026 0.0211199 0.0072200 0.1988816 0.0804457 0.0138995 0.0431980 0.0169280 0.0491253 0.0303525 0.0200017 0.1215106 0.0064676 0.0733987 0.0243856 0.0058619 0.0336259 0.0054176 0.1981695
 42 N  42 0.0118000 0.0278090 0.2659239 0.0664700 0.0045829 0.0504141 0.1043097 0.0135512 0.0156825 0.0050765 0.0036162 0.0959187 0.0223980 0.0152969 0.0190574 0.0387311 0.0289706 0.0000000 0.0045296 0.0041998 0.2016620
 43 P  43 0.0333573 0.0014502 0.0000000 0.0080513 0.0050031 0.0051840 0.0019814 0.0000000 0.0010311 0.0379199 0.1904039 0.0022357 0.0371564 0.0251606 0.3672669 0.0039743 0.0067745 0.0000000 0.0014536 0.0599932 0.2116025
 44 T  44 0.0201443 0.0218203 0.0166853 0.0333470 0.0000000 0.0039183 0.0116427 0.0061698 0.0062857 0.0034770 0.0094284 0.0981356 0.0072634 0.0000000 0.0392335 0.1470838 0.3737853 0.0000000 0.0000000 0.0054158 0.1961639
 45 E  45 0.0146351 0.0177773 0.0341190 0.1541301 0.0000000 0.0334508 0.3363824 0.0143453 0.0072036 0.0058298 0.0056031 0.1261659 0.0024670 0.0029573 0.0316341 0.0037889 0.0077723 0.0000000 0.0015617 0.0096874 0.1904890
 46 A  46 0.2200818 0.0200242 0.0156480 0.0404128 0.0010567 0.0308501 0.2087518 0.0272531 0.0054789 0.0082885 0.0080051 0.0306505 0.0223980 0.0008269 0.0251328 0.0941002 0.0325155 0.0000000 0.0038496 0.0155186 0.1891568
 47 E  47 0.0007166 0.0066518 0.0027120 0.0983722 0.0036474 0.0447345 0.5910383 0.0023471 0.0087987 0.0020570 0.0008690 0.0110471 0.0033905 0.0026556 0.0008982 0.0027605 0.0150740 0.0000000 0.0079555 0.0046460 0.1896280
 48 L  48 0.0076556 0.0000000 0.0000000 0.0000000 0.0076727 0.0000000 0.0012012 0.0013193 0.0000000 0.2284589 0.3313282 0.0000000 0.0145203 0.0110512 0.0000000 0.0000000 0.0047049 0.0000000 0.0049054 0.2011437 0.1860388
 49 Q  49 0.0248129 0.0968230 0.0178978 0.0794891 0.0010886 0.1850014 0.0836859 0.0061060 0.0149216 0.0223477 0.0749891 0.1493806 0.0076350 0.0062638 0.0000000 0.0082226 0.0094533 0.0014461 0.0176673 0.0044512 0.1883170
 50 D  50 0.0559292 0.0446034 0.0184578 0.1805107 0.0000000 0.0954676 0.1988323 0.0136031 0.0019221 0.0194492 0.0131880 0.0919353 0.0196722 0.0009150 0.0000000 0.0336909 0.0223917 0.0012532 0.0000000 0.0026588 0.1855196
 51 M  51 0.0167926 0.0000000 0.0000000 0.0000000 0.0046116 0.0018149 0.0031075 0.0000000 0.0158997 0.1347903 0.2362391 0.0000000 0.3408902 0.0017559 0.0000000 0.0019117 0.0012103 0.0067127 0.0083068 0.0404372 0.1855196
 52 I  52 0.0141726 0.0015441 0.0000000 0.0000000 0.0034702 0.0040055 0.0016707 0.0014832 0.0014026 0.3518402 0.1108032 0.0086176 0.1863531 0.0270683 0.0000000 0.0222736 0.0076515 0.0000000 0.0047129 0.0674111 0.1855196
 53 N  53 0.0819388 0.0827306 0.1381339 0.0732898 0.0035671 0.0816066 0.1073169 0.0216476 0.0231366 0.0026782 0.0055107 0.0986216 0.0029812 0.0016752 0.0016382 0.0626864 0.0163535 0.0000000 0.0040931 0.0050978 0.1852964
 54 E  54 0.1295477 0.0151917 0.0167438 0.1031251 0.0000000 0.0388167 0.3831950 0.0096456 0.0124194 0.0023680 0.0077532 0.0255372 0.0038518 0.0009254 0.0016648 0.0220584 0.0180435 0.0000000 0.0051470 0.0186694 0.1852964
 55 V  55 0.2161964 0.0000000 0.0023310 0.0000000 0.0027867 0.0011311 0.0047271 0.0111777 0.0271337 0.1097540 0.0293097 0.0009344 0.0098631 0.0323719 0.0156263 0.0064725 0.0054602 0.0000000 0.0363834 0.2945635 0.1937772
 56 D  56 0.0031829 0.0060098 0.0134715 0.6814008 0.0012566 0.0034769 0.0086176 0.0081077 0.0012870 0.0000000 0.0000000 0.0420233 0.0012739 0.0000000 0.0103748 0.0000000 0.0023027 0.0000000 0.0017313 0.0040221 0.2114610
 57 A  57 0.1135075 0.0351571 0.0054229 0.0068280 0.0036331 0.0308549 0.0358795 0.0079703 0.0012613 0.0678245 0.0504553 0.0989270 0.0221572 0.0054709 0.0381079 0.0449109 0.0810918 0.0000000 0.0039760 0.1383648 0.2081992
 58 D  58 0.0022224 0.0105108 0.0871833 0.5564998 0.0000000 0.0062848 0.0790285 0.0083862 0.0050652 0.0013965 0.0000000 0.0089962 0.0000000 0.0014494 0.0037465 0.0073332 0.0088696 0.0000000 0.0000000 0.0009562 0.2120715
 59 G  59 0.0110518 0.0207649 0.1214990 0.0107720 0.0046557 0.0076540 0.0245918 0.4675577 0.0073034 0.0015290 0.0141980 0.0532721 0.0097991 0.0000000 0.0052482 0.0265340 0.0041147 0.0008866 0.0000000 0.0025365 0.2060316
 60 N  60 0.0021345 0.0209862 0.2324948 0.2147726 0.0000000 0.0063921 0.0053795 0.0258430 0.0033212 0.0060511 0.0062854 0.0284074 0.0029711 0.0007290 0.0162203 0.1722441 0.0556922 0.0000000 0.0012560 0.0070908 0.1917287
 61 G  61 0.0088869 0.0136318 0.0103776 0.0072844 0.0000000 0.0024963 0.0053245 0.7155912 0.0052491 0.0000000 0.0000000 0.0193047 0.0023266 0.0000000 0.0028882 0.0116485 0.0016993 0.0000000 0.0000000 0.0034589 0.1898320
 62 T  62 0.0305240 0.0911485 0.0180407 0.0023607 0.0105745 0.0433436 0.0545930 0.0049762 0.0151793 0.0040947 0.0436186 0.0738964 0.0190691 0.0233935 0.0212677 0.0616872 0.2339381 0.0048299 0.0239072 0.0349939 0.1845632
 63 I  63 0.0044057 0.0000000 0.0000000 0.0000000 0.0000000 0.0000000 0.0000000 0.0000000 0.0000000 0.5242201 0.1068599 0.0000000 0.0182798 0.0239840 0.0000000 0.0000000 0.0017578 0.0000000 0.0000000 0.1363229 0.1841697
 64 D  64 0.0108776 0.0050608 0.1131011 0.4511224 0.0023034 0.0050322 0.0677869 0.0097272 0.0099689 0.0000000 0.0009582 0.0084345 0.0000000 0.0000000 0.0011760 0.0997320 0.0233289 0.0000000 0.0058902 0.0013299 0.1841697
 65 F  65 0.0118070 0.0031700 0.0000000 0.0000000 0.0137401 0.0022921 0.0061773 0.0020797 0.0015341 0.0063486 0.0294606 0.0033460 0.0063367 0.4643462 0.0000000 0.0009005 0.0028431 0.0048157 0.2433733 0.0129929 0.1844361
 66 P  66 0.0446462 0.0091946 0.0480779 0.1248675 0.0000000 0.0346396 0.2191068 0.0684075 0.0037883 0.0205498 0.0123233 0.0213664 0.0000000 0.0014048 0.0900445 0.0616762 0.0359359 0.0000000 0.0082937 0.0112410 0.1844361
 67 E  67 0.0046409 0.0084797 0.0101643 0.1086584 0.0010343 0.0133311 0.5801411 0.0131161 0.0051932 0.0000000 0.0020453 0.0061027 0.0106912 0.0000000 0.0000000 0.0062500 0.0327196 0.0000000 0.0014259 0.0106417 0.1853644
 68 F  68 0.0000000 0.0000000 0.0000000 0.0000000 0.0000000 0.0000000 0.0000000 0.0000000 0.0000000 0.0000000 0.0162900 0.0000000 0.0025424 0.7794959 0.0000000 0.0012883 0.0000000 0.0000000 0.0099094 0.0023251 0.1881488
 69 L  69 0.0169966 0.0153767 0.0097237 0.0008463 0.0291905 0.0061490 0.0106489 0.0088723 0.0000000 0.1111212 0.3279444 0.0096767 0.0171563 0.0192087 0.0000000 0.0091261 0.0177657 0.0012115 0.0110369 0.1950209 0.1829276
 70 T  70 0.1683810 0.0451003 0.0417433 0.0358034 0.0103694 0.0386894 0.0683405 0.0148218 0.0277574 0.0076549 0.0088489 0.0521859 0.0090283 0.0024304 0.0311496 0.0581425 0.1564863 0.0000000 0.0156815 0.0237835 0.1836014
 71 M  71 0.1288481 0.0032365 0.0016374 0.0000000 0.0023810 0.0000000 0.0036154 0.0008354 0.0022781 0.1335331 0.1930366 0.0031825 0.2212453 0.0054385 0.0044057 0.0028940 0.0024884 0.0021356 0.0016182 0.1026571 0.1845330
 72 M  72 0.0136509 0.0000000 0.0087747 0.0000000 0.0041892 0.0007705 0.0008867 0.0016705 0.0043777 0.0434719 0.0689330 0.0013843 0.4774897 0.0203723 0.0000000 0.0022885 0.0620524 0.0014212 0.0146889 0.0507540 0.2228236
 73 A  73 0.1634001 0.0312211 0.0088031 0.0015914 0.0050236 0.0403053 0.0200064 0.0852503 0.0174116 0.0141970 0.0268313 0.0333456 0.0573346 0.0000000 0.0025267 0.1187093 0.1623243 0.0000000 0.0023114 0.0428603 0.1665467
 74 R  74 0.0476648 0.1704493 0.0280524 0.0282668 0.0009437 0.0455141 0.0745519 0.0106161 0.0895007 0.0275358 0.0389773 0.1055277 0.0108226 0.0014024 0.0353929 0.0358979 0.0430271 0.0009255 0.0029126 0.0256240 0.1763945
 75 K  75 0.0042039 0.0802437 0.0159228 0.0081998 0.0047842 0.0657208 0.0121502 0.0430239 0.0869169 0.0174541 0.0069266 0.3190931 0.0248142 0.0155484 0.0158884 0.0078958 0.0102008 0.0071029 0.0079763 0.0067621 0.2391712
 76 M  76 0.0108352 0.0125711 0.0410455 0.0105272 0.0019561 0.0173944 0.0203049 0.0119548 0.0173422 0.0899502 0.2047688 0.0188625 0.2326887 0.0098422 0.0052100 0.0282741 0.0254360 0.0000000 0.0202140 0.0312902 0.1895319
 77 K  77 0.0415688 0.1006733 0.0997622 0.0129006 0.0008966 0.0637141 0.0119811 0.0452441 0.0086343 0.0122606 0.0767223 0.2162190 0.0017608 0.0074516 0.0089743 0.0647463 0.0168147 0.0000000 0.0007805 0.0218014 0.1870933
 78 D  78 0.0493923 0.0371438 0.0280829 0.1726017 0.0000000 0.0525592 0.1985320 0.0459608 0.0069410 0.0008709 0.0027545 0.1059746 0.0013521 0.0014397 0.0233197 0.0387484 0.0188987 0.0000000 0.0043762 0.0025201 0.2085315
 79 T  79 0.0368851 0.1062708 0.0298839 0.0342346 0.0013818 0.0408614 0.1327579 0.0185333 0.0069737 0.0361665 0.0664299 0.0662887 0.0501531 0.0030853 0.0258709 0.0215297 0.1213996 0.0030716 0.0071596 0.0280125 0.1630501
 80 D  80 0.0272055 0.0035564 0.0449803 0.3830940 0.0000000 0.0187824 0.1591352 0.0659805 0.0022425 0.0057169 0.0163901 0.0118326 0.0013146 0.0040178 0.0123307 0.0307373 0.0366171 0.0000000 0.0103964 0.0062578 0.1594120
 81 S  81 0.0564183 0.0769931 0.0611275 0.0279411 0.0042657 0.0890972 0.0518213 0.0093252 0.0077629 0.0083008 0.0044899 0.0448910 0.0008200 0.0142058 0.1152200 0.1417186 0.0968963 0.0000000 0.0075826 0.0240210 0.1571018
 82 E  82 0.0254846 0.0426913 0.0050191 0.1125120 0.0010048 0.0305389 0.3527095 0.0043043 0.0158978 0.0315762 0.0271462 0.1224914 0.0132238 0.0039437 0.0035434 0.0046372 0.0126321 0.0000000 0.0129075 0.0162034 0.1615328
 83 E  83 0.0406271 0.0348435 0.0144173 0.1350390 0.0000000 0.0851537 0.4385462 0.0068399 0.0016345 0.0000000 0.0037142 0.0615229 0.0007683 0.0000000 0.0000000 0.0132783 0.0082874 0.0000000 0.0000000 0.0064070 0.1489209
 84 E  84 0.0000000 0.0039563 0.0334569 0.1163780 0.0013111 0.0248486 0.5092675 0.0080332 0.1029516 0.0065916 0.0053900 0.0055195 0.0143997 0.0000000 0.0016922 0.0049371 0.0094510 0.0000000 0.0031193 0.0184614 0.1302352
 85 I  85 0.0000000 0.0010995 0.0000000 0.0000000 0.0019814 0.0000000 0.0000000 0.0000000 0.0000000 0.2879414 0.4151524 0.0000000 0.0394227 0.0819270 0.0000000 0.0019635 0.0019383 0.0014156 0.0287006 0.0206285 0.1178291
 86 R  86 0.0159702 0.2948284 0.0033246 0.0010671 0.0000000 0.0476026 0.0081813 0.0009449 0.0195960 0.0327930 0.1025127 0.1838679 0.0294850 0.0284960 0.0034190 0.0157671 0.0103521 0.0066296 0.0369691 0.0411476 0.1170458
 87 E  87 0.0880346 0.0563915 0.0320268 0.0965776 0.0000000 0.0247876 0.3450224 0.0011919 0.0018683 0.0106777 0.0175703 0.1677313 0.0027640 0.0000000 0.0000000 0.0087823 0.0190419 0.0010641 0.0014283 0.0054585 0.1195809
 88 A  88 0.7400280 0.0021171 0.0000000 0.0031075 0.0087160 0.0000000 0.0016202 0.0353804 0.0000000 0.0178984 0.0122347 0.0000000 0.0103206 0.0020631 0.0000000 0.0101156 0.0104229 0.0000000 0.0009227 0.0269074 0.1181452
 89 F  89 0.0000000 0.0000000 0.0000000 0.0000000 0.0000000 0.0000000 0.0000000 0.0000000 0.0000000 0.0049512 0.0412464 0.0000000 0.0130056 0.8080186 0.0000000 0.0000000 0.0000000 0.0033781 0.0021743 0.0026067 0.1246191
 90 R  90 0.0464986 0.2777580 0.0339680 0.0675854 0.0068232 0.0822170 0.0511736 0.0065963 0.0109361 0.0000000 0.0182940 0.1611344 0.0121085 0.0008242 0.0022587 0.0814916 0.0114748 0.0000000 0.0013022 0.0029364 0.1246191
 91 V  91 0.0197335 0.0057501 0.0054639 0.0000000 0.0117567 0.0050355 0.0449725 0.0000000 0.0210029 0.0597766 0.2472751 0.0040541 0.0508668 0.0439984 0.0025424 0.0068802 0.0095286 0.0016723 0.0858859 0.2493875 0.1244166
 92 F  92 0.0108885 0.0000000 0.0000000 0.0000000 0.0014866 0.0000000 0.0000000 0.0000000 0.0000000 0.0219566 0.0268026 0.0000000 0.0076540 0.7605559 0.0000000 0.0037378 0.0086782 0.0000000 0.0245883 0.0067649 0.1268867
 93 D  93 0.0015927 0.0000000 0.0013978 0.8635160 0.0000000 0.0014010 0.0031581 0.0023157 0.0000000 0.0000000 0.0000000 0.0000000 0.0000000 0.0000000 0.0000000 0.0019400 0.0015803 0.0000000 0.0000000 0.0012699 0.1218283
 94 K  94 0.0178286 0.0887555 0.0055586 0.0844559 0.0000000 0.0434856 0.0450684 0.0055108 0.0061277 0.0163207 0.0247326 0.4066261 0.0079407 0.0000000 0.0097052 0.0141019 0.0800271 0.0000000 0.0012650 0.0206614 0.1218283
 95 D  95 0.0057311 0.0008871 0.1395861 0.5908967 0.0000000 0.0087228 0.0998977 0.0067064 0.0107753 0.0000000 0.0000000 0.0048499 0.0000000 0.0000000 0.0019400 0.0050359 0.0018492 0.0000000 0.0000000 0.0011205 0.1220014
 96 G  96 0.0275731 0.0335755 0.1147729 0.0281319 0.0080076 0.0539113 0.0291836 0.4445772 0.0134870 0.0023157 0.0011117 0.0890590 0.0000000 0.0000000 0.0000000 0.0297692 0.0017124 0.0000000 0.0000000 0.0000000 0.1228119
 97 N  97 0.0025763 0.0176702 0.1991136 0.2409982 0.0000000 0.0056139 0.0034147 0.0046225 0.0044901 0.0015670 0.0015561 0.0350778 0.0000000 0.0000000 0.0000000 0.2145973 0.1441142 0.0000000 0.0000000 0.0019484 0.1226395
 98 G  98 0.0007456 0.0020417 0.0024622 0.0014303 0.0000000 0.0008186 0.0021431 0.8593598 0.0011283 0.0000000 0.0000000 0.0023601 0.0000000 0.0000000 0.0000000 0.0031778 0.0013221 0.0008978 0.0000000 0.0000000 0.1221127
 99 Y  99 0.0192038 0.0311523 0.0051808 0.0042885 0.0195617 0.0139494 0.0159808 0.0046977 0.0232133 0.0097187 0.0213742 0.1277042 0.0039137 0.1549905 0.0000000 0.0538444 0.1032634 0.0000000 0.2525614 0.0136057 0.1217957
100 I 100 0.0038344 0.0000000 0.0000000 0.0000000 0.0000000 0.0000000 0.0000000 0.0000000 0.0017765 0.7806789 0.0228458 0.0000000 0.0086961 0.0034202 0.0000000 0.0000000 0.0000000 0.0000000 0.0000000 0.0564106 0.1223374
101 S 101 0.0175839 0.0010044 0.0332696 0.0981873 0.0026325 0.0110977 0.0540530 0.0132776 0.0092495 0.0000000 0.0042941 0.0109797 0.0250676 0.0018320 0.0115680 0.3246563 0.2568133 0.0000000 0.0000000 0.0023810 0.1220527
102 A 102 0.2083696 0.0393625 0.0030652 0.0032226 0.0083413 0.0144779 0.0173815 0.0227822 0.0065973 0.0607208 0.0818290 0.0367358 0.0201707 0.0572083 0.0400619 0.0422103 0.0635921 0.0048567 0.0351986 0.1105106 0.1233049
103 A 103 0.1470025 0.0572053 0.0354783 0.1360133 0.0000000 0.0410031 0.1346438 0.0220953 0.0243960 0.0043064 0.0068274 0.1377508 0.0023588 0.0008905 0.0041740 0.0830468 0.0290037 0.0007392 0.0007794 0.0089803 0.1233049
104 E 104 0.0053998 0.0035799 0.0945929 0.0836527 0.0000000 0.0052929 0.6368372 0.0000000 0.0028388 0.0000000 0.0000000 0.0114005 0.0016812 0.0000000 0.0000000 0.0113418 0.0060096 0.0000000 0.0098310 0.0042367 0.1233049
105 L 105 0.0000000 0.0044057 0.0000000 0.0000000 0.0000000 0.0000000 0.0000000 0.0000000 0.0000000 0.0483709 0.7574580 0.0000000 0.0218145 0.0335151 0.0000000 0.0000000 0.0000000 0.0000000 0.0000000 0.0111309 0.1233049
106 R 106 0.0291880 0.3365431 0.0078141 0.0030194 0.0096678 0.0597087 0.0476035 0.0886640 0.0161865 0.0072665 0.0093230 0.2220502 0.0046382 0.0024225 0.0020417 0.0140301 0.0052721 0.0000000 0.0025996 0.0084246 0.1235365
107 H 107 0.0487744 0.1301527 0.0268068 0.0362529 0.0040062 0.0901999 0.0827697 0.0051536 0.1551939 0.0244311 0.0136932 0.0288949 0.0088375 0.0112698 0.0000000 0.0456529 0.0632467 0.0023810 0.0211034 0.0764570 0.1247224
108 V 108 0.2359031 0.0000000 0.0000000 0.0000000 0.0218151 0.0000000 0.0000000 0.0087935 0.0000000 0.0840540 0.0486358 0.0158997 0.0262670 0.0107243 0.0000000 0.0114075 0.0134858 0.0000000 0.0000000 0.4008064 0.1222079
109 M 109 0.1177715 0.0031075 0.0019723 0.0000000 0.0408301 0.0000000 0.0000000 0.0000000 0.0000000 0.0184247 0.2833735 0.0000000 0.3619490 0.0147684 0.0009693 0.0090409 0.0089163 0.0008580 0.0013557 0.0120105 0.1246523
110 T 110 0.0763450 0.2187491 0.0132929 0.0057965 0.0065123 0.0273906 0.0348527 0.0153407 0.0111490 0.0304372 0.0052749 0.1564850 0.0279959 0.0032783 0.0010792 0.0333999 0.1778198 0.0008884 0.0022289 0.0232563 0.1284273
111 N 111 0.1097990 0.0129769 0.1107054 0.0401815 0.0144212 0.0182215 0.1983434 0.0117035 0.0114374 0.0053088 0.0127596 0.0643111 0.0069649 0.0026211 0.0081716 0.1634867 0.0717196 0.0000000 0.0020669 0.0063726 0.1284273
112 L 112 0.0044028 0.0017467 0.0014173 0.0136377 0.0018713 0.0061877 0.0150879 0.0000000 0.0095633 0.0478253 0.5834830 0.0033506 0.0561859 0.0460441 0.0028236 0.0067649 0.0113752 0.0000000 0.0236729 0.0162938 0.1482663
113 G 113 0.0035275 0.0046621 0.0080338 0.0207057 0.0045065 0.0019551 0.0102703 0.7625527 0.0000000 0.0037085 0.0030339 0.0053109 0.0000000 0.0019342 0.0000000 0.0082609 0.0000000 0.0015442 0.0000000 0.0058698 0.1541240
114 E 114 0.0056678 0.0083060 0.0034584 0.0639886 0.0065985 0.0730538 0.4330815 0.0125137 0.0328219 0.0057123 0.0286971 0.0046661 0.0318980 0.0671514 0.0026478 0.0058498 0.0047984 0.0031075 0.0172107 0.0142008 0.1745700
115 K 115 0.0171084 0.0647950 0.1790436 0.0561109 0.0014108 0.0321482 0.0638843 0.0360621 0.0172867 0.0024431 0.0031344 0.2192598 0.0176206 0.0063426 0.0377980 0.0229654 0.0439216 0.0000000 0.0031924 0.0025774 0.1728948
116 L 116 0.0227853 0.0058588 0.0073171 0.0076273 0.0123066 0.0062662 0.0008436 0.0034568 0.0027380 0.0473098 0.3696951 0.0013652 0.0902177 0.0405903 0.1378863 0.0073701 0.0086864 0.0000000 0.0037721 0.0565893 0.1673181
117 T 117 0.0099129 0.0117380 0.0263599 0.0748341 0.0035429 0.0048008 0.0311496 0.0210008 0.0028540 0.0027167 0.0018016 0.0450580 0.0000000 0.0011859 0.0160121 0.1697922 0.4320034 0.0000000 0.0007790 0.0047875 0.1396709
118 D 118 0.0228685 0.0101530 0.0248911 0.3387271 0.0022640 0.0254692 0.2362483 0.0127902 0.0161613 0.0101378 0.0104548 0.0732893 0.0051549 0.0011615 0.0318634 0.0093283 0.0104847 0.0000000 0.0049781 0.0154067 0.1381678
119 E 119 0.1120221 0.0363103 0.0109274 0.1246497 0.0000000 0.0359338 0.3737041 0.0094572 0.0035242 0.0065302 0.0061264 0.0439864 0.0155279 0.0006233 0.0075599 0.0267050 0.0162014 0.0000000 0.0012532 0.0295126 0.1394452
120 E 120 0.0049331 0.0088072 0.0037799 0.0671014 0.0014264 0.0216861 0.6451471 0.0024691 0.0150947 0.0021638 0.0034617 0.0077020 0.0021210 0.0066319 0.0022564 0.0089063 0.0168412 0.0016230 0.0034074 0.0379454 0.1364950
121 V 121 0.0277621 0.0000000 0.0000000 0.0000000 0.0170753 0.0000000 0.0000000 0.0053058 0.0000000 0.2333419 0.3079083 0.0000000 0.0109231 0.0222392 0.0000000 0.0019525 0.0091291 0.0000000 0.0000000 0.2326659 0.1316968
122 D 122 0.0192209 0.0728156 0.0374286 0.2358797 0.0013790 0.1296103 0.1605063 0.0022554 0.0097058 0.0141752 0.0307085 0.1011052 0.0042557 0.0070323 0.0046824 0.0115198 0.0115594 0.0014448 0.0041981 0.0051562 0.1353610
123 E 123 0.0894949 0.0239916 0.0143898 0.1579203 0.0000000 0.0591419 0.3846965 0.0133544 0.0073018 0.0019310 0.0093061 0.0599073 0.0054083 0.0000000 0.0000000 0.0219812 0.0180789 0.0000000 0.0000000 0.0027363 0.1303598
124 M 124 0.0102965 0.0000000 0.0019723 0.0000000 0.0023639 0.0011859 0.0000000 0.0000000 0.0021064 0.1703138 0.1371224 0.0000000 0.5029347 0.0020776 0.0000000 0.0000000 0.0007955 0.0093037 0.0009514 0.0282162 0.1303598
125 I 125 0.0014309 0.0010317 0.0000000 0.0000000 0.0000000 0.0000000 0.0000000 0.0016407 0.0021261 0.5353736 0.1318096 0.0020417 0.0808797 0.0406643 0.0000000 0.0106802 0.0029316 0.0000000 0.0078345 0.0508297 0.1307258
126 R 126 0.0891665 0.2182507 0.0563464 0.1058406 0.0043971 0.0754251 0.0443741 0.0107945 0.0214295 0.0009392 0.0121658 0.1319616 0.0023535 0.0038097 0.0000000 0.0571322 0.0201472 0.0000000 0.0037824 0.0093209 0.1323630
127 E 127 0.0305605 0.0079929 0.0105841 0.1265731 0.0000000 0.0211000 0.5752016 0.0364087 0.0125419 0.0021064 0.0104608 0.0087492 0.0024674 0.0010155 0.0027348 0.0063678 0.0042910 0.0000000 0.0007232 0.0077582 0.1323630
128 A 128 0.3505863 0.0000000 0.0018440 0.0000000 0.0013498 0.0107821 0.0000000 0.0142397 0.0085882 0.0789234 0.0115013 0.0000000 0.0069578 0.0658987 0.0000000 0.0089933 0.0053505 0.0000000 0.0204176 0.2724985 0.1420688
129 D 129 0.0016895 0.0016407 0.0200108 0.7456964 0.0007306 0.0053749 0.0085071 0.0097431 0.0162539 0.0000000 0.0000000 0.0125091 0.0000000 0.0000000 0.0193081 0.0028070 0.0023510 0.0000000 0.0023217 0.0013498 0.1497063
130 I 130 0.0555306 0.0589495 0.0000000 0.0017976 0.0058578 0.0546022 0.0430479 0.0110528 0.0088504 0.0856558 0.1100837 0.1004213 0.0240224 0.0086857 0.0192385 0.0399750 0.1260799 0.0000000 0.0035450 0.0975586 0.1450452
131 D 131 0.0043481 0.0054731 0.1280000 0.6173383 0.0000000 0.0073564 0.0434523 0.0185195 0.0011635 0.0000000 0.0000000 0.0116948 0.0009943 0.0000000 0.0000000 0.0066424 0.0050666 0.0000000 0.0000000 0.0000000 0.1499507
132 G 132 0.0104171 0.0166464 0.1159022 0.0079484 0.0036991 0.0352059 0.0183242 0.4481177 0.0126514 0.0000000 0.0100598 0.0875684 0.0071717 0.0020293 0.0135138 0.0547591 0.0029687 0.0000000 0.0000000 0.0066306 0.1463862
133 D 133 0.0017051 0.0016425 0.1045152 0.5820024 0.0028236 0.0104897 0.0117359 0.0124614 0.0021570 0.0019195 0.0019664 0.0151864 0.0000000 0.0006008 0.0019903 0.0762550 0.0285374 0.0000000 0.0000000 0.0014326 0.1425789
134 G 134 0.0030315 0.0055456 0.0127024 0.0027272 0.0000000 0.0000000 0.0038996 0.8164868 0.0025966 0.0000000 0.0024480 0.0021312 0.0008425 0.0000000 0.0028236 0.0063625 0.0007788 0.0000000 0.0000000 0.0000000 0.1376236
135 Q 135 0.0198187 0.1599890 0.0330837 0.0033512 0.0194534 0.1169292 0.1286830 0.0078916 0.0226180 0.0029727 0.0398116 0.1149932 0.0221665 0.0120672 0.0056543 0.0310007 0.0907923 0.0000000 0.0140768 0.0207923 0.1338546
136 V 136 0.0013286 0.0000000 0.0000000 0.0000000 0.0000000 0.0000000 0.0000000 0.0044057 0.0000000 0.5577069 0.0441665 0.0000000 0.0098948 0.0164169 0.0000000 0.0023899 0.0017388 0.0000000 0.0000000 0.2236036 0.1383483
137 N 137 0.0041342 0.0122846 0.2886220 0.3067118 0.0078778 0.0033498 0.0293506 0.0075026 0.0107301 0.0016886 0.0026590 0.0251722 0.0019396 0.0000000 0.0009756 0.1365187 0.0188965 0.0000000 0.0019631 0.0010778 0.1385455
138 Y 138 0.0153979 0.0061574 0.0000000 0.0000000 0.0031537 0.0216310 0.0618317 0.0009358 0.0021390 0.0075064 0.0226011 0.0038455 0.0046339 0.2807393 0.0059925 0.0007206 0.0000000 0.0026353 0.4119446 0.0076223 0.1405120
139 E 139 0.0321523 0.0085896 0.0488630 0.1601194 0.0000000 0.0525039 0.3878850 0.0209121 0.0114358 0.0067299 0.0062843 0.0171979 0.0013292 0.0013317 0.0333700 0.0385088 0.0149031 0.0000000 0.0088975 0.0076722 0.1413144
140 E 140 0.0084785 0.0041883 0.0071697 0.1045654 0.0010397 0.0076164 0.6855288 0.0048730 0.0000000 0.0015875 0.0009733 0.0034313 0.0026067 0.0011509 0.0000000 0.0016973 0.0078464 0.0000000 0.0000000 0.0016569 0.1555901
141 F 141 0.0000000 0.0000000 0.0000000 0.0000000 0.0000000 0.0000000 0.0000000 0.0000000 0.0000000 0.0000000 0.0210242 0.0000000 0.0000000 0.8094715 0.0000000 0.0000000 0.0000000 0.0020631 0.0060937 0.0014430 0.1599045
142 V 142 0.0576847 0.0167129 0.0078239 0.0008434 0.0282780 0.0075366 0.0073942 0.0000000 0.0009523 0.0885882 0.1804813 0.0255398 0.0319459 0.0124420 0.0000000 0.0112413 0.0288371 0.0018219 0.0169451 0.3115537 0.1633779
143 Q 143 0.1640077 0.1551818 0.0416116 0.0147232 0.0035146 0.0524476 0.0504913 0.0075095 0.0322384 0.0106237 0.0082556 0.1143236 0.0114681 0.0017181 0.0010857 0.0476393 0.0819095 0.0037055 0.0104127 0.0154045 0.1717280
144 M 144 0.0158651 0.0143304 0.0000000 0.0000000 0.0007076 0.0016724 0.0000000 0.0000000 0.0093470 0.1667233 0.1152401 0.0114718 0.3835914 0.0124880 0.0013286 0.0020328 0.0057999 0.0000000 0.0018346 0.0694905 0.1880764
145 M 145 0.0017124 0.0000000 0.0014283 0.0000000 0.0113047 0.0000000 0.0000000 0.0000000 0.0000000 0.0684855 0.0695305 0.0044057 0.5862570 0.0040444 0.0000000 0.0000000 0.0000000 0.0000000 0.0000000 0.0476098 0.2052217
146 T 146 0.0701746 0.0792637 0.0062694 0.0000000 0.0009033 0.0216311 0.0010946 0.0176356 0.0021064 0.0064944 0.0401388 0.1421679 0.0650278 0.0000000 0.0013843 0.0723361 0.1851600 0.0000000 0.0000000 0.0183457 0.2698663
147 A 147 0.0883637 0.0792742 0.0085633 0.0042201 0.0007922 0.0278963 0.0151012 0.0521830 0.0052295 0.0052288 0.0034933 0.1471627 0.0057717 0.0009005 0.0229388 0.0900080 0.0538271 0.0000000 0.0000000 0.0056275 0.3834180
148 K 148 0.0000000 0.0344460 0.0000000 0.0000000 0.0000000 0.0163703 0.0000000 0.0000000 0.0000000 0.0000000 0.0000000 0.2255891 0.0000000 0.0000000 0.0000000 0.0000000 0.0000000 0.0000000 0.0000000 0.0000000 0.7235947
