  146         A         R         N         D         C         Q         E         G         H         I         L         K         M         F         P         S         T         W         Y         V    
  1 M   1 0.0000000 0.0000000 0.0000000 0.0000000 0.0000000 0.0000000 0.0000000 0.0000000 0.0000000 0.0000000 0.0528764 0.0000000 0.9471236 0.0000000 0.0000000 0.0000000 0.0000000 0.0000000 0.0000000 0.0000000
  2 R   2 0.0288453 0.0765322 0.1981725 0.0664851 0.0000000 0.0296903 0.0642591 0.0306934 0.0079234 0.0105748 0.0178281 0.0753233 0.0000000 0.0000000 0.0085038 0.2329527 0.1405164 0.0000000 0.0000000 0.0116996
  3 Q   3 0.0140010 0.0168128 0.0542273 0.1346491 0.0053395 0.1174176 0.2722725 0.0462271 0.0505846 0.0137113 0.0054396 0.1318574 0.0159385 0.0000000 0.0227429 0.0263245 0.0321908 0.0110451 0.0031702 0.0260482
  4 L   4 0.0661578 0.0530104 0.0659241 0.0213062 0.0000000 0.0412025 0.0307427 0.0027082 0.0214316 0.1067053 0.2191563 0.0439609 0.1042910 0.0178277 0.0148483 0.0400220 0.0374439 0.0000000 0.0647146 0.0485467
  5 A   5 0.1287837 0.0282478 0.1186235 0.0726580 0.0000000 0.0240598 0.1923325 0.0109304 0.0064634 0.0722896 0.0177530 0.0096388 0.0673861 0.0267394 0.0403254 0.0745500 0.0682198 0.0000000 0.0106383 0.0303605
  6 K   6 0.0198043 0.0499056 0.0839450 0.0461675 0.0077105 0.1000048 0.2093097 0.0000000 0.0600651 0.0224777 0.0472708 0.1515833 0.0039015 0.0518371 0.0407648 0.0330838 0.0164469 0.0000000 0.0375591 0.0181626
  7 D   7 0.0198527 0.1316296 0.0232452 0.2124033 0.0020475 0.1542170 0.2238621 0.0081032 0.0037113 0.0271336 0.0169750 0.1088979 0.0000000 0.0000000 0.0147659 0.0179366 0.0163079 0.0000000 0.0028279 0.0160832
  8 I   8 0.0158680 0.0368363 0.0182683 0.0032670 0.0033632 0.0245896 0.0105842 0.0022808 0.0045148 0.1806005 0.5082426 0.0044209 0.0428691 0.0175318 0.0068118 0.0194287 0.0263909 0.0039237 0.0053237 0.0648842
  9 N   9 0.0233062 0.0161966 0.0628018 0.3380839 0.0024409 0.0208006 0.2166712 0.0197677 0.0023829 0.0160634 0.0185278 0.0231239 0.0239849 0.0156822 0.0111198 0.0758115 0.0375323 0.0000000 0.0545208 0.0211815
 10 A  10 0.0372015 0.0996290 0.1238810 0.1160657 0.0144175 0.1084408 0.1492605 0.0425308 0.0429445 0.0174176 0.0141782 0.0839056 0.0065887 0.0000000 0.0229209 0.0501942 0.0558126 0.0000000 0.0052645 0.0093467
 11 F  11 0.0312680 0.0152739 0.0269273 0.0185737 0.0373997 0.1964136 0.0340064 0.0125807 0.0310369 0.0205758 0.1433059 0.0353045 0.0195315 0.0577686 0.0194721 0.1975262 0.0473936 0.0051156 0.0277035 0.0228225
 12 L  12 0.0113446 0.0000000 0.0054967 0.0032456 0.0015477 0.0138423 0.0047250 0.0000000 0.0000000 0.2187169 0.4523676 0.0017222 0.0232188 0.0683531 0.0000000 0.0017184 0.0052508 0.0000000 0.0038711 0.1845793
 13 N  13 0.0408501 0.0468546 0.1848589 0.0070872 0.1887885 0.0175749 0.0345924 0.2937431 0.0163599 0.0051213 0.0083094 0.0209223 0.0037651 0.0224452 0.0112105 0.0485271 0.0189765 0.0000000 0.0107879 0.0192253
 14 E  14 0.0132010 0.0737958 0.0032900 0.0609360 0.0013604 0.0534646 0.1032272 0.0161183 0.0641823 0.0121295 0.0269410 0.0561363 0.0108976 0.2965272 0.0060603 0.0128827 0.0272978 0.0220857 0.1231791 0.0162872
 15 V  15 0.1653447 0.0179439 0.0030913 0.0016324 0.0027545 0.0320510 0.0042197 0.0028930 0.0064598 0.1415946 0.3006236 0.0192935 0.0141998 0.0200975 0.0359308 0.0464853 0.0200244 0.0207725 0.0443769 0.1002109
 16 I  16 0.0246905 0.0103229 0.0028290 0.0000000 0.0000000 0.0037381 0.0040227 0.0025388 0.0043866 0.1469450 0.5578365 0.0076010 0.0518931 0.0844321 0.0000000 0.0111047 0.0082911 0.0000000 0.0165397 0.0628281
 17 L  17 0.0768906 0.0767917 0.0641212 0.0072437 0.0028065 0.0280200 0.0148238 0.0395439 0.0463056 0.0234358 0.0729559 0.0441812 0.0129738 0.0238379 0.0000000 0.0962044 0.0645601 0.0123525 0.1641212 0.1288299
 18 Q  18 0.0767306 0.2394079 0.0236133 0.0514472 0.0052764 0.0543992 0.0627170 0.0109697 0.0217335 0.0226803 0.0540377 0.1383445 0.0304268 0.0197725 0.0000000 0.0971779 0.0240853 0.0030030 0.0072929 0.0568842
 19 A  19 0.3244780 0.0022167 0.0140991 0.0000000 0.0233081 0.0000000 0.0081904 0.0067696 0.0000000 0.1106769 0.1454624 0.0028085 0.0140169 0.0555958 0.0000000 0.0535200 0.0797637 0.0023339 0.0118731 0.1448870
 20 E  20 0.1747500 0.0418123 0.0738592 0.0045767 0.0043328 0.0422794 0.0658804 0.0247924 0.0359627 0.0120074 0.0199174 0.0299714 0.0403910 0.1021487 0.0033767 0.1662084 0.0404306 0.0067202 0.0969764 0.0136058
 21 N  21 0.0226738 0.2688197 0.1949477 0.0269879 0.0000000 0.0988512 0.0298045 0.0184675 0.0836009 0.0061233 0.0521224 0.0897199 0.0069713 0.0116331 0.0018029 0.0393518 0.0224383 0.0107992 0.0077434 0.0071412
 22 Q  22 0.1761733 0.1012440 0.0301031 0.0370529 0.0016758 0.0689334 0.0749348 0.0155913 0.0231333 0.0332892 0.1408933 0.1070123 0.0141185 0.0255126 0.0000000 0.0640814 0.0450583 0.0032258 0.0027497 0.0352169
 23 H  23 0.0453949 0.0212178 0.0170606 0.0014655 0.0000000 0.0096810 0.0205990 0.0257292 0.0834587 0.1541893 0.1508679 0.0287017 0.1383507 0.0634292 0.0000000 0.0155849 0.0152465 0.0020798 0.0347054 0.1722380
 24 E  24 0.0267634 0.1349809 0.0817316 0.0526400 0.0063565 0.0405510 0.0940131 0.0319374 0.0338107 0.0230675 0.0778935 0.0533416 0.0252879 0.0452022 0.0013732 0.1000902 0.0963080 0.0174683 0.0138854 0.0432976
 25 I  25 0.0863673 0.1994104 0.0430181 0.0394125 0.0029267 0.0881160 0.0714453 0.0322202 0.0284399 0.0442764 0.0407849 0.1111032 0.0298284 0.0046316 0.0018751 0.0689262 0.0477340 0.0142934 0.0061692 0.0390212
 26 L  26 0.1280085 0.0756995 0.0310422 0.0174408 0.0108894 0.0204190 0.0546642 0.0098772 0.0257439 0.1237353 0.1851009 0.0460228 0.0404847 0.0200347 0.0082739 0.0286420 0.0219628 0.0345574 0.0514190 0.0659816
 27 I  27 0.0569410 0.0095308 0.0075201 0.0057564 0.0103162 0.0184005 0.1210857 0.0222283 0.0077751 0.0458432 0.1420548 0.0023064 0.0527679 0.1246727 0.0091132 0.0254254 0.0332665 0.0089168 0.2155523 0.0805266
 28 G  28 0.0793083 0.1409018 0.0828817 0.1100468 0.0000000 0.0719368 0.1355574 0.0793400 0.0394189 0.0127095 0.0123952 0.1158268 0.0046601 0.0129763 0.0081069 0.0559498 0.0230117 0.0024702 0.0025049 0.0099971
 29 H  29 0.0906119 0.1399582 0.0214598 0.0511285 0.0019580 0.0977456 0.1158066 0.0201283 0.0360050 0.0058909 0.0086348 0.1281517 0.0081586 0.0077349 0.1436379 0.0723334 0.0345270 0.0010722 0.0031702 0.0118864
 30 C  30 0.1167818 0.0724001 0.0269699 0.0205669 0.0474781 0.0304523 0.0798760 0.0159711 0.0543899 0.0301677 0.1624269 0.0298013 0.0323507 0.0538957 0.0036098 0.0764159 0.0277609 0.0035210 0.0526576 0.0625063
 31 T  31 0.0424830 0.0040981 0.0094456 0.0069886 0.0154248 0.0265778 0.0114647 0.0327104 0.0000000 0.0718799 0.5105399 0.0050743 0.0460233 0.0719364 0.0000000 0.0149044 0.0468888 0.0000000 0.0110241 0.0725362
 32 S  32 0.1597428 0.1316115 0.0300931 0.0791867 0.0038029 0.0619509 0.1546045 0.0296698 0.0049223 0.0077810 0.0066229 0.1669339 0.0018947 0.0021845 0.0000000 0.1122749 0.0395890 0.0000000 0.0012390 0.0058956
 33 E  33 0.0600682 0.0492514 0.0192787 0.1264576 0.0110347 0.0606150 0.2160217 0.0765251 0.0109388 0.0111236 0.0027056 0.0917332 0.0000000 0.0094135 0.1894449 0.0362003 0.0222945 0.0000000 0.0011247 0.0057685
 34 V  34 0.0090140 0.0124674 0.0154309 0.0055583 0.0019752 0.0185741 0.0105197 0.0182660 0.0954309 0.0527509 0.2849944 0.0323535 0.0303421 0.1016934 0.0023385 0.0730574 0.0273792 0.0079577 0.1424136 0.0574830
 35 A  35 0.0138096 0.0048631 0.0630042 0.2541351 0.0000000 0.0317656 0.0352376 0.5012914 0.0068497 0.0000000 0.0037463 0.0421057 0.0020430 0.0000000 0.0211243 0.0187357 0.0012888 0.0000000 0.0000000 0.0000000
 36 L  36 0.0000000 0.0038447 0.0021793 0.0000000 0.0000000 0.0000000 0.0000000 0.0000000 0.0042976 0.2523644 0.5920763 0.0023859 0.0168285 0.0151691 0.0043323 0.0015240 0.0000000 0.0000000 0.0148872 0.0901107
 37 T  37 0.0040877 0.0041080 0.0642764 0.0082708 0.0024041 0.0057540 0.0000000 0.0118856 0.0304017 0.0000000 0.0017783 0.0025839 0.0000000 0.0012526 0.0026897 0.1641604 0.6487053 0.0000000 0.0460169 0.0016245
 38 N  38 0.0677548 0.0421714 0.0658822 0.0062150 0.0000000 0.0165526 0.0060086 0.0454066 0.0313466 0.0588930 0.0787791 0.0074813 0.0290343 0.0231802 0.2543868 0.0317254 0.0280592 0.0026118 0.1524488 0.0520622
 39 T  39 0.1349535 0.0082897 0.0277256 0.0099995 0.0000000 0.0402461 0.0213313 0.1254399 0.0012274 0.0024566 0.0029675 0.0382009 0.0095492 0.0060387 0.2497478 0.1027619 0.1943398 0.0014395 0.0000000 0.0232849
 40 Q  40 0.0031982 0.0079488 0.0000000 0.0443655 0.0000000 0.7075030 0.1911552 0.0036481 0.0074443 0.0000000 0.0107955 0.0114887 0.0000000 0.0016870 0.0000000 0.0073510 0.0000000 0.0000000 0.0016566 0.0017580
 41 E  41 0.0468950 0.0000000 0.0019876 0.0073557 0.0000000 0.0048079 0.0516706 0.0416083 0.0055902 0.0866021 0.0311597 0.0000000 0.0984212 0.2018635 0.0231547 0.0214985 0.0023030 0.1300562 0.1975743 0.0474514
 42 H  42 0.0475457 0.0691932 0.0146493 0.0357950 0.0021176 0.0271441 0.0133471 0.0910580 0.2596601 0.0365543 0.1560792 0.0441368 0.0240016 0.0203681 0.0434358 0.0363712 0.0119387 0.0069187 0.0109130 0.0487724
 43 I  43 0.1172748 0.0000000 0.0000000 0.0000000 0.0212087 0.0000000 0.0000000 0.0030993 0.0000000 0.1428004 0.1157159 0.0000000 0.0198287 0.0105466 0.0234933 0.0011900 0.1091250 0.0000000 0.0047366 0.4309807
 44 L  44 0.0000000 0.0000000 0.0000000 0.0000000 0.0031718 0.0000000 0.0000000 0.0000000 0.0000000 0.2038582 0.6100272 0.0000000 0.1532362 0.0069891 0.0000000 0.0000000 0.0000000 0.0000000 0.0000000 0.0227176
 45 M  45 0.0861561 0.0551202 0.0286180 0.0604254 0.0265069 0.0229076 0.1646324 0.0294082 0.0133883 0.0293518 0.1616734 0.0272368 0.1260202 0.0449384 0.0000000 0.0347170 0.0212040 0.0045159 0.0218052 0.0413741
 46 L  46 0.1880987 0.0307552 0.0029346 0.0017797 0.0693039 0.0247553 0.0131153 0.0014338 0.0244523 0.0560142 0.1814268 0.0113920 0.0415309 0.0266533 0.0000000 0.0314473 0.0585752 0.0310153 0.0283586 0.1769575
 47 L  47 0.0030499 0.0000000 0.0000000 0.0000000 0.0016514 0.0000000 0.0000000 0.0000000 0.0000000 0.2282795 0.7027139 0.0000000 0.0093339 0.0000000 0.0000000 0.0000000 0.0000000 0.0059528 0.0000000 0.0490185
 48 S  48 0.1112816 0.0520781 0.0247497 0.0150089 0.0014449 0.0105002 0.0295681 0.2012146 0.0551735 0.0000000 0.0058415 0.0134739 0.0199695 0.0057221 0.0000000 0.1260180 0.0160038 0.2623527 0.0450027 0.0045962
 49 E  49 0.0238034 0.0857883 0.0388451 0.0537202 0.0063038 0.0934403 0.2914745 0.0390880 0.1237968 0.0034052 0.0154617 0.1254430 0.0406750 0.0000000 0.0125624 0.0286377 0.0101007 0.0000000 0.0045116 0.0029421
 50 E  50 0.0148200 0.0212053 0.0394930 0.2086419 0.0000000 0.0469281 0.2565233 0.2548575 0.0217250 0.0015181 0.0013894 0.0462794 0.0000000 0.0032957 0.0049707 0.0281659 0.0085367 0.0000000 0.0404522 0.0011980
 51 S  51 0.0483543 0.0380393 0.0331948 0.0698531 0.0226180 0.0164806 0.0364422 0.3615626 0.0248349 0.0025394 0.0043375 0.0339139 0.0029083 0.0035498 0.2502496 0.0369396 0.0071379 0.0000000 0.0008260 0.0062182
 52 L  52 0.0529150 0.0433270 0.0132052 0.0064257 0.0469851 0.1106670 0.0036250 0.0025141 0.0032479 0.1216272 0.2519641 0.0329227 0.1015442 0.0000000 0.0320723 0.0288707 0.0318709 0.0000000 0.0124073 0.1038088
 53 T  53 0.0152049 0.0900590 0.0908544 0.0013299 0.0045242 0.0064057 0.0000000 0.0246821 0.0043917 0.0075843 0.0163807 0.0368888 0.0017157 0.0014082 0.0813173 0.1569775 0.4561577 0.0013848 0.0027332 0.0000000
 54 N  54 0.0423959 0.0000000 0.0634064 0.0000000 0.0048523 0.1945390 0.0000000 0.0094394 0.0020236 0.0832379 0.0395154 0.0000000 0.1534470 0.0078080 0.1487049 0.0175491 0.0158965 0.0000000 0.0000000 0.2171847
 55 S  55 0.0961302 0.0554407 0.0422528 0.0046681 0.0043580 0.0463495 0.0059313 0.1261322 0.0067610 0.0094659 0.0032776 0.1877974 0.0043230 0.0176609 0.0000000 0.2471918 0.1156814 0.0000000 0.0000000 0.0265782
 56 E  56 0.0527638 0.0306280 0.0032657 0.1489413 0.0016070 0.1193460 0.4735045 0.0184247 0.0097314 0.0010793 0.0031423 0.0346057 0.0035440 0.0113472 0.0000000 0.0332792 0.0308309 0.0000000 0.0058641 0.0180951
 57 L  57 0.0039126 0.0000000 0.0000000 0.0000000 0.0015833 0.0000000 0.0000000 0.0000000 0.0018761 0.2826658 0.6297075 0.0000000 0.0081712 0.0024377 0.0000000 0.0000000 0.0027884 0.0000000 0.0000000 0.0668574
 58 A  58 0.5555899 0.0051904 0.0000000 0.0014256 0.0272829 0.0027219 0.0030837 0.2136310 0.0000000 0.0183300 0.0020865 0.0121532 0.0016305 0.0000000 0.0000000 0.1306547 0.0078878 0.0000000 0.0054692 0.0128628
 59 R  59 0.0757614 0.1728040 0.0325557 0.0958761 0.0031733 0.0521565 0.3092537 0.0198642 0.0133682 0.0030108 0.0027652 0.1465055 0.0010880 0.0000000 0.0000000 0.0408389 0.0233173 0.0021037 0.0000000 0.0055575
 60 R  60 0.0738005 0.2254157 0.0138150 0.0156820 0.0024862 0.0307426 0.0820319 0.0000000 0.0429836 0.0328124 0.0773720 0.2443246 0.0283087 0.0059133 0.0026734 0.0380228 0.0367781 0.0028975 0.0144287 0.0295109
 61 L  61 0.0282344 0.0014959 0.0025365 0.0000000 0.0190562 0.0036285 0.0000000 0.0025585 0.0011399 0.0694152 0.5782549 0.0000000 0.1360200 0.0229404 0.0000000 0.0215312 0.0474679 0.0014218 0.0098218 0.0544768
 62 N  62 0.0368490 0.0382141 0.0949071 0.0730974 0.0137438 0.0308528 0.0530034 0.2067702 0.0664799 0.0009636 0.0956956 0.0528471 0.0428115 0.0429754 0.0000000 0.0663957 0.0049309 0.0009722 0.0676674 0.0108230
 63 V  63 0.0139932 0.0033335 0.0000000 0.0000000 0.0243748 0.0106989 0.0000000 0.0000000 0.0000000 0.2268126 0.3314751 0.0310048 0.0631182 0.0068332 0.0000000 0.0073020 0.0242398 0.0000000 0.0151460 0.2416680
 64 S  64 0.0663475 0.0177110 0.0084696 0.3382633 0.0000000 0.0135958 0.0916843 0.0114644 0.0035456 0.0000000 0.0032050 0.0379142 0.0000000 0.0000000 0.0000000 0.1182858 0.2719611 0.0000000 0.0000000 0.0175523
 65 Q  65 0.0633251 0.0724538 0.0345518 0.0000000 0.0187159 0.0571026 0.0078266 0.0282862 0.0000000 0.0041345 0.0334282 0.1100573 0.0180151 0.0023342 0.1944143 0.2239594 0.0824812 0.0000000 0.0068456 0.0420681
 66 A  66 0.1580207 0.0145617 0.0082811 0.0000000 0.0000000 0.0056343 0.0000000 0.4496450 0.0000000 0.0163516 0.0000000 0.0069013 0.0024927 0.0000000 0.0801594 0.2282286 0.0243153 0.0000000 0.0000000 0.0054082
 67 A  67 0.2040738 0.0030121 0.0695815 0.0000000 0.0000000 0.0042430 0.0000000 0.0278746 0.0022731 0.0000000 0.0096760 0.0000000 0.0000000 0.0000000 0.0022680 0.1377261 0.5370892 0.0021825 0.0000000 0.0000000
 68 V  68 0.0343677 0.0000000 0.0000000 0.0000000 0.0000000 0.0000000 0.0000000 0.0000000 0.0000000 0.1816841 0.3254317 0.0000000 0.1355837 0.0000000 0.0000000 0.0017236 0.0592666 0.0000000 0.0000000 0.2619426
 69 T  69 0.0352600 0.0000000 0.0084835 0.0000000 0.0041481 0.0085923 0.0000000 0.0183117 0.0000000 0.0000000 0.0000000 0.0016635 0.0000000 0.0000000 0.0000000 0.1822981 0.7223793 0.0000000 0.0000000 0.0188634
 70 K  70 0.0310399 0.2183283 0.0149798 0.0249233 0.0000000 0.0226527 0.0043228 0.1560057 0.0110256 0.0271433 0.0138504 0.0991993 0.0036239 0.0016610 0.1583750 0.0315724 0.0623246 0.0000000 0.0366797 0.0822922
 71 A  71 0.1254127 0.0247265 0.0029302 0.0000000 0.0024573 0.0240473 0.0000000 0.0040385 0.0000000 0.1203288 0.3137998 0.0020222 0.1364871 0.0000000 0.0000000 0.0627014 0.0582183 0.0000000 0.0027279 0.1201019
 72 I  72 0.0275122 0.0000000 0.0000000 0.0000000 0.0052749 0.0000000 0.0000000 0.0000000 0.0000000 0.2406457 0.4053680 0.0000000 0.0245169 0.0022726 0.0000000 0.0202718 0.0184920 0.0000000 0.0000000 0.2556459
 73 K  73 0.0125285 0.0287700 0.0877519 0.4786098 0.0012098 0.0279631 0.0184815 0.0061986 0.0000000 0.0000000 0.0019970 0.2852283 0.0000000 0.0045429 0.0000000 0.0277671 0.0174733 0.0000000 0.0000000 0.0014784
 74 S  74 0.0188708 0.5803325 0.0443798 0.0023408 0.0023439 0.0145475 0.0000000 0.0261560 0.0074566 0.0019178 0.0071083 0.2202762 0.0030121 0.0000000 0.0014530 0.0573086 0.0112216 0.0000000 0.0012744 0.0000000
 75 L  75 0.0015339 0.0000000 0.0000000 0.0000000 0.0000000 0.0000000 0.0000000 0.0000000 0.0000000 0.0066064 0.7789468 0.0000000 0.1916987 0.0042588 0.0000000 0.0024587 0.0065024 0.0000000 0.0000000 0.0079942
 76 V  76 0.0214531 0.0013850 0.0000000 0.0066980 0.0037052 0.0303704 0.6686282 0.0009576 0.0048700 0.0471583 0.0315094 0.0014588 0.0046296 0.0014041 0.0000000 0.0124252 0.0124595 0.0028594 0.0038961 0.1441320
 77 K  77 0.1829125 0.1104129 0.0343169 0.0440742 0.0070399 0.0685331 0.0987990 0.0248617 0.0058230 0.0029417 0.0047611 0.3134851 0.0011655 0.0014582 0.0016191 0.0637732 0.0240580 0.0000000 0.0000000 0.0099649
 78 E  78 0.1591724 0.1087073 0.0582152 0.0339763 0.0020314 0.0592308 0.0593430 0.0306928 0.0118859 0.0009822 0.0430954 0.3471698 0.0205372 0.0060379 0.0000000 0.0447738 0.0083583 0.0016508 0.0015031 0.0026365
 79 G  79 0.0075151 0.0048727 0.0368898 0.0433772 0.0000000 0.0194865 0.0731550 0.7820411 0.0047692 0.0000000 0.0000000 0.0169803 0.0000000 0.0000000 0.0017791 0.0074690 0.0000000 0.0000000 0.0016649 0.0000000
 80 M  80 0.0014004 0.0055747 0.0000000 0.0000000 0.0038323 0.0017416 0.0000000 0.0000000 0.0208794 0.0109529 0.5249498 0.0047459 0.0545747 0.1220486 0.0000000 0.0000000 0.0020509 0.0535113 0.1901370 0.0036005
 81 L  81 0.0248146 0.0000000 0.0000000 0.0000000 0.0071228 0.0000000 0.0000000 0.0000000 0.0000000 0.2666229 0.1640492 0.0000000 0.0045473 0.0018922 0.0000000 0.0000000 0.0023304 0.0000000 0.0000000 0.5286208
 82 E  82 0.0491409 0.1321392 0.0200964 0.0226236 0.0077166 0.0529641 0.2873960 0.0028769 0.0132777 0.0372343 0.0313294 0.0631499 0.0068631 0.0025684 0.0000000 0.0391117 0.1296630 0.0009674 0.0200229 0.0808587
 83 T  83 0.0099318 0.8980329 0.0000000 0.0000000 0.0000000 0.0000000 0.0063012 0.0064277 0.0000000 0.0000000 0.0016246 0.0295013 0.0000000 0.0000000 0.0045448 0.0256979 0.0158031 0.0000000 0.0000000 0.0021348
 84 S  84 0.0444204 0.1581942 0.0217130 0.0084961 0.0137806 0.0778044 0.1360161 0.0132875 0.0220690 0.0497178 0.0338278 0.0706385 0.0074874 0.0081146 0.0000000 0.0722243 0.1007457 0.0014256 0.0372115 0.1228257
 85 K  85 0.0770735 0.4288405 0.0116115 0.0097374 0.0000000 0.0576329 0.0055835 0.0020100 0.0154660 0.0118724 0.0103525 0.0732097 0.0027736 0.0026678 0.2045946 0.0235334 0.0354137 0.0016368 0.0000000 0.0259903
 86 D  86 0.0145044 0.0084019 0.0728702 0.4155679 0.0480488 0.0025238 0.0159167 0.0290019 0.0635783 0.0099347 0.0203765 0.0121063 0.0000000 0.0000000 0.0017492 0.2723177 0.0041416 0.0000000 0.0035928 0.0053671
 87 S  87 0.0783119 0.0166169 0.0197572 0.0398969 0.0040274 0.0427732 0.1947285 0.0064086 0.0046646 0.0107033 0.0139847 0.0508237 0.0022134 0.0016070 0.3797234 0.0646003 0.0510000 0.0000000 0.0000000 0.0181587
 88 K  88 0.0786696 0.0326938 0.1030349 0.1468493 0.0016217 0.0731501 0.2002927 0.0346165 0.0361495 0.0065926 0.0092453 0.0882052 0.0011438 0.0042978 0.0025204 0.0600842 0.0932276 0.0000000 0.0000000 0.0276049
 89 D  89 0.0000000 0.0000000 0.0939892 0.8792160 0.0052897 0.0000000 0.0000000 0.0000000 0.0056343 0.0000000 0.0000000 0.0000000 0.0000000 0.0000000 0.0000000 0.0137182 0.0000000 0.0000000 0.0000000 0.0021526
 90 A  90 0.0469749 0.5709326 0.0221615 0.0026260 0.0000000 0.0323105 0.1473965 0.0369581 0.0051427 0.0000000 0.0000000 0.1080431 0.0025789 0.0000000 0.0000000 0.0173844 0.0039840 0.0000000 0.0035068 0.0000000
 91 R  91 0.0000000 0.9467813 0.0000000 0.0000000 0.0000000 0.0000000 0.0000000 0.0000000 0.0000000 0.0000000 0.0000000 0.0376032 0.0000000 0.0000000 0.0000000 0.0049377 0.0033133 0.0000000 0.0000000 0.0073646
 92 V  92 0.1350439 0.0631127 0.0089775 0.0000000 0.0093406 0.0466672 0.0502536 0.0218859 0.0016019 0.0764537 0.0096523 0.0360871 0.0174567 0.0047245 0.0000000 0.1250210 0.0168522 0.0000000 0.0072451 0.3696240
 93 I  93 0.0045330 0.0216416 0.0263927 0.0015367 0.0049976 0.0263295 0.0000000 0.0000000 0.0117738 0.1214318 0.0613292 0.0281846 0.0155121 0.0455362 0.0000000 0.0436514 0.0776507 0.0139931 0.0298742 0.4656319
 94 F  94 0.0127934 0.2362838 0.0494911 0.0051246 0.0057791 0.0360365 0.0362497 0.0000000 0.0527728 0.0635672 0.1761515 0.0399345 0.0188188 0.0353896 0.0000000 0.0143354 0.0207581 0.0074662 0.1377356 0.0513122
 95 Y  95 0.0516700 0.0000000 0.0000000 0.0000000 0.0053611 0.0000000 0.0000000 0.0000000 0.0000000 0.3028319 0.1945750 0.0000000 0.0075614 0.0507547 0.0000000 0.0000000 0.0000000 0.0075757 0.0290507 0.3506196
 96 Q  96 0.0801669 0.1087822 0.0130792 0.0179700 0.0266169 0.0417760 0.1196054 0.0366066 0.0639448 0.0018900 0.0075840 0.0400732 0.0023765 0.0602370 0.0000000 0.1574366 0.0655939 0.0108547 0.1088419 0.0365644
 97 L  97 0.0256169 0.0000000 0.0000000 0.0000000 0.0000000 0.0000000 0.0000000 0.0000000 0.0000000 0.0609094 0.8645461 0.0023047 0.0053715 0.0025507 0.0104672 0.0013843 0.0073529 0.0000000 0.0024573 0.0170391
 98 T  98 0.0035448 0.0027574 0.0000000 0.0027898 0.0000000 0.0017761 0.0022223 0.0000000 0.0000000 0.0000000 0.0225043 0.0044323 0.0000000 0.0000000 0.0000000 0.0397892 0.9201840 0.0000000 0.0000000 0.0000000
 99 D  99 0.0790496 0.0136441 0.0055328 0.2274154 0.0011474 0.0235821 0.3456829 0.0314786 0.0100970 0.0000000 0.0000000 0.0705398 0.0017004 0.0000000 0.1448060 0.0289037 0.0152897 0.0000000 0.0000000 0.0011305
100 L 100 0.1428583 0.0741121 0.0111568 0.0373521 0.0000000 0.0723555 0.1757801 0.0043445 0.0114397 0.0047562 0.0409269 0.3582067 0.0017750 0.0033799 0.0054823 0.0267584 0.0226423 0.0000000 0.0033177 0.0033554
101 A 101 0.0700918 0.0000000 0.0000000 0.0018060 0.0016232 0.0000000 0.0000000 0.8928594 0.0000000 0.0023249 0.0000000 0.0000000 0.0000000 0.0076013 0.0000000 0.0173210 0.0000000 0.0000000 0.0017346 0.0046376
102 R 102 0.0560103 0.3505680 0.0142083 0.0152504 0.0032755 0.1037060 0.0826974 0.0063821 0.0323747 0.0247279 0.0437888 0.2000278 0.0083849 0.0015747 0.0000000 0.0163709 0.0217544 0.0009573 0.0021102 0.0158303
103 P 103 0.2558177 0.0774500 0.0126676 0.0502849 0.0000000 0.0653857 0.1739437 0.0214842 0.0089618 0.0064536 0.0451103 0.1232175 0.0051705 0.0000000 0.0513833 0.0380476 0.0363927 0.0000000 0.0020059 0.0262230
104 I 104 0.1378296 0.0042035 0.0026504 0.0000000 0.0014954 0.0061595 0.0055252 0.0016862 0.0047498 0.1338893 0.4415655 0.0144370 0.0493666 0.0331036 0.0000000 0.0040523 0.0295136 0.0038425 0.0019244 0.1240056
105 A 105 0.1709957 0.1200760 0.0057424 0.0149767 0.0280314 0.0474596 0.0358567 0.0028896 0.0261824 0.0876964 0.0773562 0.0691591 0.0267865 0.0808684 0.0000000 0.0204628 0.0096690 0.0148899 0.1111037 0.0497977
106 E 106 0.0971293 0.1311384 0.0214431 0.1228624 0.0095070 0.0636313 0.2644242 0.0352044 0.0216723 0.0046526 0.0247932 0.0778993 0.0025615 0.0050555 0.0274579 0.0443986 0.0263633 0.0021019 0.0098118 0.0078922
107 E 107 0.0811253 0.1067812 0.0150796 0.0353387 0.0011999 0.1057048 0.2407373 0.0133915 0.0562188 0.0415918 0.0511908 0.1243179 0.0041106 0.0025029 0.0093167 0.0242479 0.0343869 0.0000000 0.0124918 0.0402657
108 H 108 0.2264845 0.0077346 0.0000000 0.0022227 0.0139446 0.0032794 0.0000000 0.0119748 0.2773848 0.1004920 0.1596917 0.0049935 0.0311445 0.0108724 0.0000000 0.0138377 0.0127966 0.0055145 0.0059109 0.1117207
109 H 109 0.1089884 0.0561453 0.0335317 0.0818758 0.0075214 0.0381058 0.1538383 0.0101763 0.0410896 0.0327527 0.0701142 0.0733025 0.0258732 0.0632050 0.0773545 0.0267035 0.0425061 0.0073137 0.0137460 0.0358559
110 H 110 0.1325585 0.0796590 0.0209848 0.0706129 0.0243189 0.0767967 0.0698992 0.0317865 0.0639896 0.0050750 0.0051407 0.1284808 0.0017676 0.0073952 0.1746359 0.0640232 0.0205609 0.0000000 0.0082771 0.0140375
111 H 111 0.0444235 0.0228331 0.0048052 0.0078402 0.0051649 0.0127687 0.0153875 0.0103052 0.0407807 0.2134603 0.1956959 0.0200092 0.0349172 0.1279358 0.0058614 0.0241195 0.0092161 0.0073778 0.0365614 0.1605364
112 H 112 0.0279609 0.0653481 0.0091738 0.0130862 0.0000000 0.0248275 0.0065386 0.0230121 0.4097623 0.0227727 0.0361105 0.0036681 0.0110079 0.0427673 0.1753474 0.0321147 0.0139233 0.0135331 0.0285574 0.0404884
113 E 113 0.0995127 0.1303953 0.0583271 0.0513697 0.0033506 0.1144940 0.2348171 0.0438998 0.0246001 0.0024413 0.0134141 0.1066585 0.0082043 0.0032349 0.0147408 0.0451423 0.0275347 0.0000000 0.0033509 0.0145118
114 H 114 0.1181091 0.0704767 0.0412467 0.0845354 0.0311297 0.0969935 0.1930545 0.0321647 0.0294240 0.0254655 0.0216242 0.1213656 0.0248655 0.0052204 0.0150144 0.0376077 0.0310484 0.0000000 0.0035056 0.0171484
115 T 115 0.1286618 0.0305355 0.0031932 0.0000000 0.0102613 0.0104430 0.0039806 0.0288064 0.0120433 0.1413241 0.1454662 0.0115317 0.1783237 0.0259623 0.0000000 0.0217337 0.0784881 0.0366705 0.0178330 0.1147416
116 L 116 0.1004951 0.0435652 0.0412073 0.0502765 0.0173083 0.0514264 0.0735948 0.0253321 0.0195112 0.0842334 0.1864615 0.0233629 0.0283966 0.0358028 0.0106103 0.0380835 0.0297158 0.0039294 0.0134648 0.1232224
117 L 117 0.1524288 0.1114240 0.0414245 0.0909445 0.0533787 0.0839523 0.1510116 0.0566364 0.0262844 0.0018110 0.0105264 0.0817004 0.0000000 0.0038740 0.0039184 0.0685401 0.0414778 0.0000000 0.0024592 0.0182073
118 T 118 0.1546270 0.0949182 0.0392172 0.0223574 0.0135481 0.0286653 0.0346054 0.0186132 0.0392736 0.0440483 0.0983038 0.0488285 0.0216879 0.0572665 0.0042808 0.0583875 0.0540809 0.0042816 0.0314842 0.1315244
119 Y 119 0.0356211 0.0185490 0.0497348 0.0480578 0.0035627 0.0206018 0.0639755 0.0103591 0.0435816 0.1287688 0.1688354 0.0047974 0.0449463 0.0757282 0.0063723 0.0397348 0.0893334 0.0062586 0.0895369 0.0516445
120 E 120 0.0749599 0.0527779 0.1024241 0.0944924 0.0078118 0.0993637 0.2238492 0.0552129 0.0417855 0.0094487 0.0289228 0.0934145 0.0091360 0.0120540 0.0064901 0.0525060 0.0226375 0.0000000 0.0052516 0.0074613
121 Q 121 0.1069109 0.1266286 0.0345434 0.0863537 0.0165533 0.1218981 0.2508743 0.0217094 0.0233050 0.0070120 0.0133407 0.0767332 0.0097511 0.0000000 0.0096168 0.0495775 0.0279414 0.0012517 0.0000000 0.0159991
122 V 122 0.1318176 0.0221688 0.0037927 0.0055727 0.0160235 0.0157699 0.0094083 0.0078979 0.0117674 0.1347278 0.2283867 0.0045431 0.0543455 0.0828176 0.0211994 0.0187869 0.0645775 0.0000000 0.0130866 0.1533100
123 A 123 0.0253216 0.0058486 0.0014617 0.0000000 0.0133678 0.0042791 0.0013873 0.0052919 0.0000000 0.0697186 0.4300673 0.0029268 0.0492262 0.2116695 0.0065687 0.0073712 0.0920535 0.0062339 0.0135289 0.0536776
124 T 124 0.2093096 0.0500051 0.0447901 0.0947333 0.0040690 0.0600072 0.1261422 0.0704656 0.0139728 0.0030459 0.0043267 0.1071314 0.0025762 0.0028303 0.0013668 0.1753620 0.0253015 0.0000000 0.0000000 0.0045641
125 Q 125 0.0435969 0.0560875 0.0934308 0.0789325 0.0099890 0.0442853 0.0417404 0.3709598 0.0366755 0.0052351 0.0061283 0.0518770 0.0036132 0.0018825 0.0388822 0.0455918 0.0174122 0.0000000 0.0034812 0.0501987
126 F 126 0.0048752 0.0012842 0.0000000 0.0000000 0.0113768 0.0000000 0.0000000 0.0027795 0.0012233 0.0698249 0.4797601 0.0000000 0.0758112 0.2927939 0.0000000 0.0000000 0.0032347 0.0039583 0.0363020 0.0167758
127 T 127 0.0202146 0.0040897 0.0423622 0.1262024 0.0015498 0.0072911 0.0279435 0.0123344 0.0013543 0.0000000 0.0020061 0.0089622 0.0011513 0.0000000 0.0308743 0.4260038 0.2857817 0.0000000 0.0000000 0.0018787
128 P 128 0.1155033 0.0159621 0.0155475 0.1561229 0.0000000 0.0492354 0.2324529 0.0205984 0.0045808 0.0078901 0.0291461 0.0408527 0.0068096 0.0012633 0.2047260 0.0459591 0.0248879 0.0000000 0.0045626 0.0238993
129 N 129 0.0888458 0.0095158 0.0203281 0.1800393 0.0000000 0.0431199 0.5031988 0.0181082 0.0072768 0.0013393 0.0017400 0.0385101 0.0015466 0.0000000 0.0072084 0.0422222 0.0322120 0.0000000 0.0000000 0.0047887
130 E 130 0.0038350 0.0013818 0.0000000 0.1106184 0.0000000 0.0832207 0.7764483 0.0029972 0.0021977 0.0000000 0.0000000 0.0075435 0.0000000 0.0033922 0.0018962 0.0031251 0.0033439 0.0000000 0.0000000 0.0000000
131 Q 131 0.0456157 0.1680712 0.0010196 0.0024894 0.0027903 0.1402090 0.0215476 0.0023251 0.0106140 0.0967531 0.2159202 0.0854255 0.0351128 0.0345391 0.0000000 0.0101930 0.0246611 0.0092663 0.0160714 0.0773756
132 K 132 0.1866332 0.0651745 0.0332968 0.0993364 0.0060533 0.0877879 0.2203147 0.0294932 0.0048002 0.0148716 0.0297541 0.0843101 0.0087675 0.0020060 0.0113943 0.0240700 0.0397478 0.0000000 0.0009983 0.0511899
133 V 133 0.1211895 0.0188276 0.0118859 0.0241594 0.0026167 0.1664402 0.0853077 0.0081998 0.0177142 0.0512150 0.0767073 0.0169060 0.0253470 0.0304233 0.0000000 0.0338149 0.1605285 0.0000000 0.0019918 0.1467253
134 I 134 0.0396253 0.0000000 0.0000000 0.0000000 0.0055325 0.0000000 0.0000000 0.0000000 0.0020428 0.0908662 0.6102038 0.0021615 0.0495392 0.1332457 0.0000000 0.0027636 0.0134085 0.0013072 0.0030409 0.0462628
135 Q 135 0.0583040 0.1609498 0.0209924 0.0178916 0.0094618 0.0382156 0.0749057 0.0386594 0.0200031 0.1261270 0.1225784 0.1199672 0.0257041 0.0193715 0.0000000 0.0337336 0.0469560 0.0023541 0.0175543 0.0462703
136 R 136 0.0763953 0.2320142 0.0464584 0.1104194 0.0027829 0.0600881 0.0957763 0.0629485 0.0298499 0.0036654 0.0104710 0.1241927 0.0051625 0.0021008 0.0042942 0.0657622 0.0456096 0.0000000 0.0063607 0.0156481
137 F 137 0.0656425 0.0105129 0.0105489 0.0104552 0.0232257 0.0196494 0.0134719 0.0328212 0.0035253 0.0670774 0.3558919 0.0014662 0.0532887 0.1330838 0.0000000 0.0650751 0.0551221 0.0052440 0.0272523 0.0466453
138 L 138 0.0078177 0.0010321 0.0000000 0.0000000 0.0126495 0.0000000 0.0027574 0.0000000 0.0000000 0.0385853 0.8122091 0.0015042 0.0261654 0.0498737 0.0000000 0.0047482 0.0046934 0.0000000 0.0071001 0.0308638
139 T 139 0.0486390 0.1297642 0.0559465 0.0765929 0.0018654 0.0761001 0.1480414 0.0438248 0.0312324 0.0201923 0.0265283 0.1451331 0.0132392 0.0028787 0.0000000 0.0609233 0.0934360 0.0000000 0.0090717 0.0165909
140 A 140 0.0616475 0.2874414 0.0451116 0.0281765 0.0000000 0.0613394 0.0150102 0.0098610 0.0109600 0.0116977 0.0179994 0.3707871 0.0045542 0.0013384 0.0000000 0.0168508 0.0321823 0.0000000 0.0017585 0.0232842
141 L 141 0.0175942 0.0000000 0.0000000 0.0000000 0.0000000 0.0022081 0.0000000 0.0021070 0.0000000 0.1872823 0.4490021 0.0000000 0.1256206 0.0643348 0.0000000 0.0065027 0.0051486 0.0047618 0.0140907 0.1213471
142 V 142 0.0676118 0.1223816 0.0854128 0.0196099 0.0103059 0.0192803 0.0445725 0.0122062 0.0334616 0.1258976 0.1579605 0.0332207 0.0034751 0.0077777 0.0000000 0.0622803 0.0545464 0.0000000 0.0474262 0.0925729
143 G 143 0.1435618 0.0565032 0.0753945 0.2101123 0.0000000 0.0721177 0.1699504 0.0856483 0.0200176 0.0029606 0.0044528 0.0632679 0.0000000 0.0000000 0.0000000 0.0575419 0.0325525 0.0000000 0.0032766 0.0026420
144 E 144 0.0881527 0.0580490 0.3522033 0.0230746 0.0000000 0.0200595 0.1062611 0.0214329 0.0497802 0.0177243 0.0101350 0.0317819 0.0145002 0.1021256 0.0000000 0.0438192 0.0172390 0.0053277 0.0220623 0.0162713
145 I 145 0.0275383 0.0000000 0.0000000 0.0000000 0.0000000 0.0000000 0.0000000 0.0000000 0.0000000 0.1087224 0.5663187 0.0000000 0.0616681 0.1475313 0.0000000 0.0000000 0.0057381 0.0064252 0.0000000 0.0760579
146 K 146 0.0000000 0.1970713 0.0000000 0.0000000 0.0000000 0.1430421 0.4045443 0.0000000 0.0000000 0.0000000 0.0000000 0.2553423 0.0000000 0.0000000 0.0000000 0.0000000 0.0000000 0.0000000 0.0000000 0.0000000
