  146         A         R         N         D         C         Q         E         G         H         I         L         K         M         F         P         S         T         W         Y         V         X    
  1 M   1 0.0000000 0.0000000 0.0000000 0.0000000 0.0000000 0.0000000 0.0000000 0.0000000 0.0000000 0.0000000 0.0114362 0.0000000 0.2264456 0.0000000 0.0000000 0.0000000 0.0000000 0.0000000 0.0000000 0.0000000 0.7621182
  2 R   2 0.0079624 0.0206551 0.0554067 0.0185597 0.0000000 0.0081683 0.0176643 0.0083383 0.0021583 0.0028626 0.0048586 0.0214911 0.0000000 0.0000000 0.0023170 0.0637267 0.0385592 0.0000000 0.0000000 0.0031484 0.7241234
  3 Q   3 0.0042410 0.0051667 0.0167148 0.0415274 0.0016426 0.0365120 0.0837455 0.0148285 0.0155159 0.0042714 0.0016460 0.0411467 0.0048402 0.0000000 0.0069154 0.0078498 0.0098575 0.0033279 0.0009691 0.0080772 0.6912043
  4 L   4 0.0222917 0.0178460 0.0220624 0.0066202 0.0000000 0.0137462 0.0103242 0.0011864 0.0074728 0.0354688 0.0732194 0.0150682 0.0348427 0.0058818 0.0049121 0.0133784 0.0124939 0.0000000 0.0217846 0.0163249 0.6650751
  5 A   5 0.0507431 0.0111150 0.0468263 0.0287347 0.0000000 0.0094023 0.0760298 0.0042904 0.0022900 0.0293699 0.0071625 0.0037613 0.0267003 0.0101953 0.0159768 0.0293241 0.0272682 0.0000000 0.0042179 0.0121096 0.6044827
  6 K   6 0.0083206 0.0200343 0.0340183 0.0188358 0.0031410 0.0409020 0.0857355 0.0000000 0.0239327 0.0091496 0.0198795 0.0613734 0.0015949 0.0208750 0.0165849 0.0133750 0.0066791 0.0000000 0.0153673 0.0079139 0.5922874
  7 D   7 0.0109298 0.0737416 0.0126338 0.1178203 0.0011464 0.0848173 0.1239736 0.0050093 0.0019915 0.0150286 0.0095241 0.0606089 0.0000000 0.0000000 0.0080089 0.0098499 0.0089477 0.0000000 0.0015212 0.0087113 0.4457357
  8 I   8 0.0101743 0.0241038 0.0118419 0.0021059 0.0021583 0.0155110 0.0068604 0.0014822 0.0029375 0.1185097 0.3363803 0.0028215 0.0282829 0.0114003 0.0043705 0.0125901 0.0177007 0.0022900 0.0037373 0.0431084 0.3416328
  9 N   9 0.0169938 0.0118096 0.0457624 0.2498242 0.0017830 0.0151340 0.1592355 0.0146129 0.0017239 0.0121068 0.0132153 0.0167824 0.0178743 0.0112713 0.0081068 0.0551179 0.0276937 0.0000000 0.0405304 0.0155937 0.2648282
 10 A  10 0.0285426 0.0778427 0.0968742 0.0899787 0.0110842 0.0841197 0.1161390 0.0326924 0.0333150 0.0133624 0.0108936 0.0651989 0.0050420 0.0000000 0.0174420 0.0388653 0.0431997 0.0000000 0.0040581 0.0071341 0.2242155
 11 F  11 0.0246896 0.0120165 0.0218651 0.0147814 0.0296156 0.1578784 0.0269869 0.0101271 0.0246129 0.0161610 0.1137830 0.0274572 0.0158284 0.0463722 0.0153629 0.1569120 0.0381870 0.0039621 0.0218152 0.0178922 0.2036931
 12 L  12 0.0096538 0.0000000 0.0046874 0.0027468 0.0013202 0.0112457 0.0039621 0.0000000 0.0000000 0.1880097 0.3916864 0.0014452 0.0199743 0.0592118 0.0000000 0.0014343 0.0045154 0.0000000 0.0032290 0.1594634 0.1374145
 13 N  13 0.0358651 0.0420047 0.1607455 0.0061521 0.1679347 0.0151990 0.0296667 0.2564753 0.0140843 0.0043935 0.0072244 0.0184646 0.0032123 0.0194857 0.0097069 0.0423487 0.0164825 0.0000000 0.0092977 0.0162843 0.1249719
 14 E  14 0.0116452 0.0649387 0.0028574 0.0537105 0.0011855 0.0467244 0.0917728 0.0140736 0.0568032 0.0106144 0.0237009 0.0492852 0.0095216 0.2648732 0.0051837 0.0111546 0.0244341 0.0197222 0.1091063 0.0142441 0.1144485
 15 V  15 0.1554065 0.0164556 0.0028611 0.0014882 0.0025500 0.0295559 0.0038534 0.0026533 0.0059896 0.1296984 0.2774746 0.0176098 0.0129941 0.0185260 0.0331283 0.0425273 0.0180409 0.0189433 0.0411548 0.0937706 0.0753182
 16 I  16 0.0241109 0.0095746 0.0026757 0.0000000 0.0000000 0.0035280 0.0037681 0.0023978 0.0043790 0.1411934 0.5391798 0.0072424 0.0501057 0.0819397 0.0000000 0.0110526 0.0078722 0.0000000 0.0159240 0.0608323 0.0342237
 17 L  17 0.0741805 0.0738697 0.0616172 0.0069942 0.0026176 0.0271280 0.0140539 0.0382519 0.0444952 0.0224585 0.0696469 0.0425564 0.0124690 0.0226522 0.0000000 0.0933360 0.0630423 0.0119770 0.1605202 0.1242810 0.0338522
 18 Q  18 0.0748145 0.2319718 0.0226937 0.0499574 0.0050693 0.0522801 0.0602067 0.0108519 0.0207627 0.0227470 0.0520731 0.1338074 0.0296993 0.0188382 0.0000000 0.0954441 0.0233227 0.0028617 0.0069844 0.0548721 0.0307420
 19 A  19 0.3150427 0.0020537 0.0135948 0.0000000 0.0225971 0.0000000 0.0078069 0.0064798 0.0000000 0.1066372 0.1403638 0.0026318 0.0135470 0.0526530 0.0000000 0.0517400 0.0766047 0.0021683 0.0116511 0.1396398 0.0347884
 20 E  20 0.1690587 0.0411352 0.0713975 0.0043603 0.0041973 0.0411328 0.0629011 0.0241313 0.0343806 0.0115706 0.0190932 0.0290260 0.0389736 0.0986887 0.0031708 0.1616167 0.0388576 0.0064533 0.0934234 0.0131532 0.0332783
 21 N  21 0.0217167 0.2635762 0.1873040 0.0259064 0.0000000 0.0967765 0.0287952 0.0174579 0.0823301 0.0059046 0.0505176 0.0864991 0.0066613 0.0112242 0.0018128 0.0374079 0.0218552 0.0107053 0.0075755 0.0069011 0.0290722
 22 Q  22 0.1718972 0.0975093 0.0288640 0.0362748 0.0016098 0.0657588 0.0726737 0.0151058 0.0221900 0.0319755 0.1366984 0.1039971 0.0135068 0.0245697 0.0000000 0.0623528 0.0436724 0.0031339 0.0029654 0.0343306 0.0309139
 23 H  23 0.0440019 0.0207225 0.0169280 0.0014523 0.0000000 0.0094508 0.0200310 0.0257025 0.0806405 0.1492765 0.1479064 0.0280095 0.1344182 0.0621989 0.0000000 0.0151831 0.0153070 0.0020155 0.0342411 0.1691399 0.0233744
 24 E  24 0.0262360 0.1325466 0.0804460 0.0516510 0.0061819 0.0394916 0.0906021 0.0309808 0.0332469 0.0227859 0.0754501 0.0526598 0.0244969 0.0443120 0.0013189 0.0972027 0.0962734 0.0168890 0.0135808 0.0431239 0.0205236
 25 I  25 0.0852074 0.1958590 0.0421804 0.0392543 0.0030041 0.0852934 0.0699346 0.0318500 0.0275569 0.0428988 0.0395453 0.1088172 0.0289572 0.0046238 0.0017719 0.0670383 0.0465352 0.0136193 0.0059736 0.0377464 0.0223330
 26 L  26 0.1270774 0.0744570 0.0305906 0.0170359 0.0106711 0.0197968 0.0537103 0.0096953 0.0251389 0.1220745 0.1808174 0.0450918 0.0392126 0.0194388 0.0082977 0.0279557 0.0220476 0.0334316 0.0501138 0.0655608 0.0177845
 27 I  27 0.0558049 0.0088576 0.0072681 0.0054619 0.0100473 0.0179654 0.1176888 0.0214033 0.0074418 0.0448897 0.1386300 0.0021683 0.0520407 0.1215506 0.0088880 0.0247467 0.0322976 0.0088142 0.2132977 0.0788823 0.0218551
 28 G  28 0.0778480 0.1392131 0.0814427 0.1090807 0.0000000 0.0708157 0.1319306 0.0772325 0.0381319 0.0124448 0.0119964 0.1136662 0.0045428 0.0127321 0.0078751 0.0552442 0.0224897 0.0023773 0.0024513 0.0094647 0.0190200
 29 H  29 0.0882842 0.1375722 0.0212039 0.0503725 0.0019086 0.0958410 0.1130561 0.0196872 0.0346747 0.0059232 0.0083892 0.1260475 0.0078722 0.0073280 0.1430257 0.0701052 0.0337412 0.0010419 0.0030256 0.0115825 0.0193175
 30 C  30 0.1153631 0.0706021 0.0265324 0.0199114 0.0455092 0.0293895 0.0773494 0.0153847 0.0529927 0.0294805 0.1599574 0.0286394 0.0313870 0.0521408 0.0035944 0.0741643 0.0271281 0.0033996 0.0514159 0.0609178 0.0247406
 31 T  31 0.0422719 0.0038703 0.0090809 0.0067257 0.0151691 0.0253569 0.0108814 0.0313556 0.0000000 0.0703346 0.5020122 0.0048002 0.0448511 0.0701574 0.0000000 0.0143648 0.0458661 0.0000000 0.0108278 0.0710545 0.0210195
 32 S  32 0.1577512 0.1279519 0.0294363 0.0777549 0.0035860 0.0597912 0.1505879 0.0287157 0.0047014 0.0075176 0.0063521 0.1614874 0.0018095 0.0020836 0.0000000 0.1096464 0.0379634 0.0000000 0.0011752 0.0056647 0.0260237
 33 E  33 0.0589292 0.0480322 0.0184960 0.1215308 0.0105765 0.0584742 0.2092386 0.0747284 0.0103338 0.0105704 0.0025563 0.0875311 0.0000000 0.0089419 0.1841236 0.0347416 0.0217304 0.0000000 0.0010589 0.0052795 0.0331267
 34 V  34 0.0084984 0.0118437 0.0147437 0.0053345 0.0018448 0.0177208 0.0099075 0.0172620 0.0914418 0.0511260 0.2731936 0.0304457 0.0291002 0.0981212 0.0021597 0.0686924 0.0259182 0.0080391 0.1360347 0.0542478 0.0443241
 35 A  35 0.0137103 0.0047400 0.0610090 0.2482572 0.0000000 0.0302372 0.0340846 0.4899458 0.0066260 0.0000000 0.0035624 0.0408800 0.0019717 0.0000000 0.0203491 0.0182266 0.0013063 0.0000000 0.0000000 0.0000000 0.0250937
 36 L  36 0.0000000 0.0036579 0.0020537 0.0000000 0.0000000 0.0000000 0.0000000 0.0000000 0.0041085 0.2490245 0.5847286 0.0022391 0.0165757 0.0147404 0.0041988 0.0014431 0.0000000 0.0000000 0.0143305 0.0883716 0.0145276
 37 T  37 0.0039926 0.0040117 0.0625929 0.0080157 0.0023211 0.0057324 0.0000000 0.0116657 0.0295826 0.0000000 0.0016717 0.0025079 0.0000000 0.0012042 0.0026012 0.1607443 0.6416186 0.0000000 0.0451232 0.0015537 0.0150606
 38 N  38 0.0682392 0.0416605 0.0658358 0.0061415 0.0000000 0.0162631 0.0059829 0.0455147 0.0322170 0.0585293 0.0768015 0.0072563 0.0285690 0.0228646 0.2536545 0.0316680 0.0283612 0.0025693 0.1535389 0.0510785 0.0032542
 39 T  39 0.1344911 0.0080903 0.0285309 0.0102220 0.0000000 0.0402412 0.0209626 0.1248251 0.0011978 0.0024042 0.0029578 0.0376299 0.0095036 0.0059905 0.2510344 0.1022788 0.1916954 0.0014092 0.0000000 0.0232812 0.0032542
 40 Q  40 0.0031417 0.0079138 0.0000000 0.0448004 0.0000000 0.7061041 0.1899735 0.0035512 0.0073256 0.0000000 0.0105563 0.0113058 0.0000000 0.0016135 0.0000000 0.0071594 0.0000000 0.0000000 0.0016288 0.0016717 0.0032542
 41 E  41 0.0473504 0.0000000 0.0019733 0.0072561 0.0000000 0.0048192 0.0504290 0.0411633 0.0058615 0.0856061 0.0311472 0.0000000 0.0982363 0.2023464 0.0227856 0.0217341 0.0023588 0.1280761 0.1983701 0.0472323 0.0032542
 42 H  42 0.0474101 0.0711370 0.0144100 0.0358546 0.0020998 0.0268129 0.0133147 0.0914018 0.2570721 0.0359744 0.1576681 0.0444069 0.0237088 0.0206853 0.0428512 0.0362684 0.0124230 0.0068990 0.0107566 0.0488453 0.0000000
 43 I  43 0.1177478 0.0000000 0.0000000 0.0000000 0.0214135 0.0000000 0.0000000 0.0032469 0.0000000 0.1402598 0.1147597 0.0000000 0.0197662 0.0105413 0.0232777 0.0011767 0.1078228 0.0000000 0.0047559 0.4352318 0.0000000
 44 L  44 0.0000000 0.0000000 0.0000000 0.0000000 0.0031067 0.0000000 0.0000000 0.0000000 0.0000000 0.2035255 0.6098945 0.0000000 0.1541325 0.0070782 0.0000000 0.0000000 0.0000000 0.0000000 0.0000000 0.0222626 0.0000000
 45 M  45 0.0860748 0.0558659 0.0283035 0.0604870 0.0265104 0.0231365 0.1638044 0.0298922 0.0130428 0.0291640 0.1629783 0.0292774 0.1241805 0.0446881 0.0000000 0.0343355 0.0209967 0.0044825 0.0217587 0.0410210 0.0000000
 46 L  46 0.1894679 0.0302888 0.0029359 0.0017356 0.0681136 0.0250641 0.0130655 0.0014210 0.0246391 0.0555106 0.1798138 0.0111829 0.0412949 0.0262859 0.0000000 0.0312851 0.0582243 0.0315184 0.0284129 0.1797399 0.0000000
 47 L  47 0.0030277 0.0000000 0.0000000 0.0000000 0.0016843 0.0000000 0.0000000 0.0000000 0.0000000 0.2271982 0.7042940 0.0000000 0.0095289 0.0000000 0.0000000 0.0000000 0.0000000 0.0057987 0.0000000 0.0484681 0.0000000
 48 S  48 0.1106021 0.0522567 0.0247403 0.0147692 0.0014319 0.0106072 0.0298675 0.1997211 0.0568482 0.0000000 0.0057263 0.0132850 0.0198519 0.0058592 0.0000000 0.1260827 0.0164671 0.2627411 0.0446182 0.0045242 0.0000000
 49 E  49 0.0240138 0.0862188 0.0388156 0.0540564 0.0062695 0.0937595 0.2914110 0.0385440 0.1215673 0.0034054 0.0155389 0.1266719 0.0405933 0.0000000 0.0125619 0.0289155 0.0100255 0.0000000 0.0047031 0.0029286 0.0000000
 50 E  50 0.0149068 0.0214737 0.0394460 0.2104153 0.0000000 0.0469519 0.2543103 0.2548726 0.0220551 0.0014831 0.0013719 0.0456247 0.0000000 0.0034132 0.0049266 0.0285322 0.0086753 0.0000000 0.0402455 0.0012958 0.0000000
 51 S  51 0.0478867 0.0378562 0.0353888 0.0699115 0.0226013 0.0161859 0.0362663 0.3591174 0.0251812 0.0024728 0.0043724 0.0332383 0.0028566 0.0034875 0.2517816 0.0372311 0.0072585 0.0000000 0.0008269 0.0060788 0.0000000
 52 L  52 0.0530015 0.0441507 0.0130647 0.0063452 0.0469546 0.1099952 0.0037723 0.0024883 0.0033714 0.1212387 0.2513191 0.0334335 0.1019343 0.0000000 0.0327181 0.0284486 0.0316996 0.0000000 0.0122727 0.1037915 0.0000000
 53 T  53 0.0150946 0.0890297 0.0905752 0.0013338 0.0044489 0.0063243 0.0000000 0.0247423 0.0043990 0.0074458 0.0162486 0.0367706 0.0017571 0.0013891 0.0825637 0.1564197 0.4573033 0.0013841 0.0027700 0.0000000 0.0000000
 54 N  54 0.0417994 0.0000000 0.0616132 0.0000000 0.0047897 0.1944329 0.0000000 0.0098690 0.0020144 0.0841066 0.0395101 0.0000000 0.1553726 0.0077973 0.1486269 0.0176275 0.0156025 0.0000000 0.0000000 0.2168380 0.0000000
 55 S  55 0.0964549 0.0561837 0.0421337 0.0045938 0.0043177 0.0457303 0.0058853 0.1272904 0.0066643 0.0093073 0.0032537 0.1866332 0.0042298 0.0178668 0.0000000 0.2485558 0.1143747 0.0000000 0.0000000 0.0265247 0.0000000
 56 E  56 0.0530845 0.0308022 0.0033662 0.1478737 0.0016040 0.1182451 0.4750888 0.0182732 0.0097353 0.0010752 0.0031105 0.0347434 0.0035264 0.0113131 0.0000000 0.0332816 0.0312069 0.0000000 0.0057214 0.0179485 0.0000000
 57 L  57 0.0038786 0.0000000 0.0000000 0.0000000 0.0015804 0.0000000 0.0000000 0.0000000 0.0020531 0.2847534 0.6283124 0.0000000 0.0080871 0.0025350 0.0000000 0.0000000 0.0027335 0.0000000 0.0000000 0.0660665 0.0000000
 58 A  58 0.5543383 0.0051755 0.0000000 0.0014599 0.0273951 0.0026673 0.0030245 0.2139429 0.0000000 0.0185323 0.0021033 0.0121768 0.0016760 0.0000000 0.0000000 0.1310139 0.0084210 0.0000000 0.0055089 0.0125643 0.0000000
 59 R  59 0.0756850 0.1734410 0.0330061 0.0952284 0.0031572 0.0524956 0.3099814 0.0200174 0.0132283 0.0029524 0.0027469 0.1450261 0.0010639 0.0000000 0.0000000 0.0414630 0.0230245 0.0020884 0.0000000 0.0053943 0.0000000
 60 R  60 0.0746888 0.2256647 0.0137331 0.0153515 0.0025962 0.0306554 0.0824213 0.0000000 0.0428817 0.0346555 0.0773185 0.2422617 0.0278019 0.0058085 0.0026304 0.0383271 0.0363101 0.0028816 0.0142716 0.0297405 0.0000000
 61 L  61 0.0279224 0.0014326 0.0025510 0.0000000 0.0188803 0.0035592 0.0000000 0.0025232 0.0011421 0.0689271 0.5792011 0.0000000 0.1355503 0.0228313 0.0000000 0.0212963 0.0467579 0.0013704 0.0097610 0.0543313 0.0019625
 62 N  62 0.0367696 0.0385084 0.0933048 0.0749931 0.0137488 0.0314876 0.0525753 0.2047959 0.0662531 0.0009705 0.0954496 0.0523210 0.0427371 0.0425169 0.0000000 0.0680880 0.0049449 0.0009763 0.0688588 0.0107005 0.0000000
 63 V  63 0.0140130 0.0032876 0.0000000 0.0000000 0.0250233 0.0105490 0.0000000 0.0000000 0.0000000 0.2243583 0.3323947 0.0306130 0.0637704 0.0066683 0.0000000 0.0072720 0.0235130 0.0000000 0.0154227 0.2431145 0.0000000
 64 S  64 0.0663941 0.0194020 0.0083728 0.3383184 0.0000000 0.0133094 0.0926824 0.0117022 0.0034735 0.0000000 0.0031733 0.0376768 0.0000000 0.0000000 0.0000000 0.1160809 0.2719185 0.0000000 0.0000000 0.0174957 0.0000000
 65 Q  65 0.0624508 0.0726547 0.0346432 0.0000000 0.0188242 0.0556985 0.0078271 0.0280101 0.0000000 0.0040580 0.0331073 0.1091215 0.0182553 0.0024373 0.1963233 0.2252086 0.0818462 0.0000000 0.0067382 0.0427958 0.0000000
 66 A  66 0.1559100 0.0145767 0.0082465 0.0000000 0.0000000 0.0058177 0.0000000 0.4504736 0.0000000 0.0162099 0.0000000 0.0070440 0.0024750 0.0000000 0.0787994 0.2308670 0.0241377 0.0000000 0.0000000 0.0054425 0.0000000
 67 A  67 0.2018591 0.0028354 0.0700215 0.0000000 0.0000000 0.0041640 0.0000000 0.0282670 0.0022228 0.0000000 0.0095585 0.0000000 0.0000000 0.0000000 0.0024062 0.1388981 0.5371365 0.0026308 0.0000000 0.0000000 0.0000000
 68 V  68 0.0345957 0.0000000 0.0000000 0.0000000 0.0000000 0.0000000 0.0000000 0.0000000 0.0000000 0.1822854 0.3266492 0.0000000 0.1356959 0.0000000 0.0000000 0.0017722 0.0587264 0.0000000 0.0000000 0.2602752 0.0000000
 69 T  69 0.0346786 0.0000000 0.0084569 0.0000000 0.0042910 0.0087272 0.0000000 0.0183599 0.0000000 0.0000000 0.0000000 0.0016598 0.0000000 0.0000000 0.0000000 0.1837208 0.7217512 0.0000000 0.0000000 0.0183545 0.0000000
 70 K  70 0.0309744 0.2165244 0.0147971 0.0252322 0.0000000 0.0224211 0.0063922 0.1570301 0.0108873 0.0281691 0.0140366 0.0976432 0.0035980 0.0016270 0.1599290 0.0314382 0.0614010 0.0000000 0.0363313 0.0815679 0.0000000
 71 A  71 0.1242796 0.0247900 0.0029220 0.0000000 0.0024693 0.0234927 0.0000000 0.0039893 0.0000000 0.1200493 0.3150422 0.0020066 0.1391564 0.0000000 0.0000000 0.0620506 0.0572524 0.0000000 0.0026318 0.1198678 0.0000000
 72 I  72 0.0273432 0.0000000 0.0000000 0.0000000 0.0048146 0.0000000 0.0000000 0.0000000 0.0000000 0.2388899 0.4080542 0.0000000 0.0249132 0.0022647 0.0000000 0.0199006 0.0185239 0.0000000 0.0000000 0.2552958 0.0000000
 73 K  73 0.0118551 0.0287196 0.0874074 0.4783974 0.0012182 0.0278945 0.0181344 0.0081695 0.0000000 0.0000000 0.0019717 0.2849772 0.0000000 0.0044914 0.0000000 0.0279125 0.0173813 0.0000000 0.0000000 0.0014699 0.0000000
 74 S  74 0.0186082 0.5828068 0.0442484 0.0023600 0.0022883 0.0141598 0.0000000 0.0258951 0.0073346 0.0018927 0.0070025 0.2194333 0.0028354 0.0000000 0.0014144 0.0574955 0.0109803 0.0000000 0.0012447 0.0000000 0.0000000
 75 L  75 0.0014578 0.0000000 0.0000000 0.0000000 0.0000000 0.0000000 0.0000000 0.0000000 0.0000000 0.0061476 0.7780417 0.0000000 0.1918847 0.0037773 0.0000000 0.0024037 0.0065460 0.0000000 0.0000000 0.0077787 0.0019625
 76 V  76 0.0211489 0.0014166 0.0000000 0.0068388 0.0036635 0.0303355 0.6710908 0.0009612 0.0047321 0.0466693 0.0306919 0.0014409 0.0046407 0.0013803 0.0000000 0.0123899 0.0123139 0.0031787 0.0039524 0.1431546 0.0000000
 77 K  77 0.1829637 0.1101948 0.0337530 0.0439498 0.0072027 0.0691729 0.0994217 0.0245534 0.0056674 0.0029562 0.0051184 0.3132472 0.0011303 0.0014277 0.0015949 0.0633961 0.0244391 0.0000000 0.0000000 0.0098107 0.0000000
 78 E  78 0.1585246 0.1099035 0.0602707 0.0338583 0.0020202 0.0585024 0.0582542 0.0305409 0.0117646 0.0009954 0.0428103 0.3471546 0.0208699 0.0058616 0.0000000 0.0447153 0.0082220 0.0016386 0.0014866 0.0026062 0.0000000
 79 G  79 0.0075173 0.0048547 0.0366100 0.0446240 0.0000000 0.0192699 0.0722330 0.7825678 0.0047346 0.0000000 0.0000000 0.0167809 0.0000000 0.0000000 0.0017839 0.0073503 0.0000000 0.0000000 0.0016736 0.0000000 0.0000000
 80 M  80 0.0013874 0.0056255 0.0000000 0.0000000 0.0037728 0.0017132 0.0000000 0.0000000 0.0210159 0.0108311 0.5282616 0.0047704 0.0536692 0.1205864 0.0000000 0.0000000 0.0021179 0.0530593 0.1896010 0.0035882 0.0000000
 81 L  81 0.0248944 0.0000000 0.0000000 0.0000000 0.0070279 0.0000000 0.0000000 0.0000000 0.0000000 0.2678671 0.1616339 0.0000000 0.0045004 0.0018781 0.0000000 0.0000000 0.0022812 0.0000000 0.0000000 0.5299170 0.0000000
 82 E  82 0.0491421 0.1315268 0.0203170 0.0232671 0.0076062 0.0531666 0.2866721 0.0028581 0.0130578 0.0368412 0.0307447 0.0624079 0.0070288 0.0025675 0.0000000 0.0394099 0.1292137 0.0009597 0.0198340 0.0833789 0.0000000
 83 T  83 0.0096915 0.8993311 0.0000000 0.0000000 0.0000000 0.0000000 0.0060388 0.0061886 0.0000000 0.0000000 0.0015927 0.0293499 0.0000000 0.0000000 0.0044269 0.0257381 0.0155029 0.0000000 0.0000000 0.0021396 0.0000000
 84 S  84 0.0438500 0.1579205 0.0220346 0.0087549 0.0137327 0.0782060 0.1352355 0.0132340 0.0222686 0.0498862 0.0337942 0.0727367 0.0076596 0.0078951 0.0000000 0.0719909 0.0999319 0.0014599 0.0370400 0.1223686 0.0000000
 85 K  85 0.0764789 0.4298630 0.0117042 0.0096434 0.0000000 0.0587959 0.0054643 0.0020472 0.0150606 0.0117971 0.0108148 0.0724318 0.0028160 0.0026949 0.2042047 0.0234387 0.0352528 0.0016391 0.0000000 0.0258527 0.0000000
 86 D  86 0.0143196 0.0085415 0.0722546 0.4179445 0.0476891 0.0024895 0.0160579 0.0287846 0.0626643 0.0099332 0.0194906 0.0120538 0.0000000 0.0000000 0.0017701 0.2727465 0.0043996 0.0000000 0.0034847 0.0053757 0.0000000
 87 S  87 0.0783712 0.0164793 0.0194197 0.0398307 0.0039751 0.0426450 0.1956862 0.0065970 0.0046252 0.0106006 0.0138283 0.0508969 0.0021737 0.0016040 0.3804854 0.0645777 0.0501052 0.0000000 0.0000000 0.0180988 0.0000000
 88 K  88 0.0796816 0.0326483 0.1048435 0.1458890 0.0015805 0.0732527 0.2000154 0.0350020 0.0357982 0.0064423 0.0095077 0.0873733 0.0011423 0.0043098 0.0024728 0.0601716 0.0927825 0.0000000 0.0000000 0.0270867 0.0000000
 89 D  89 0.0000000 0.0000000 0.0929994 0.8803622 0.0052769 0.0000000 0.0000000 0.0000000 0.0058177 0.0000000 0.0000000 0.0000000 0.0000000 0.0000000 0.0000000 0.0133892 0.0000000 0.0000000 0.0000000 0.0021545 0.0000000
 90 A  90 0.0460303 0.5707670 0.0219294 0.0025923 0.0000000 0.0318136 0.1488071 0.0369563 0.0052003 0.0000000 0.0000000 0.1088051 0.0025517 0.0000000 0.0000000 0.0172147 0.0039116 0.0000000 0.0034206 0.0000000 0.0000000
 91 R  91 0.0000000 0.9475405 0.0000000 0.0000000 0.0000000 0.0000000 0.0000000 0.0000000 0.0000000 0.0000000 0.0000000 0.0369708 0.0000000 0.0000000 0.0000000 0.0048747 0.0033076 0.0000000 0.0000000 0.0073063 0.0000000
 92 V  92 0.1338868 0.0636347 0.0089354 0.0000000 0.0094688 0.0465465 0.0492746 0.0220753 0.0015966 0.0787315 0.0096722 0.0360004 0.0176864 0.0047332 0.0000000 0.1247874 0.0166733 0.0000000 0.0071598 0.3691372 0.0000000
 93 I  93 0.0044832 0.0220493 0.0257605 0.0015027 0.0049988 0.0259627 0.0000000 0.0000000 0.0117364 0.1218052 0.0612994 0.0288247 0.0153532 0.0452729 0.0000000 0.0431195 0.0789610 0.0137529 0.0296026 0.4655150 0.0000000
 94 F  94 0.0133107 0.2381976 0.0495490 0.0051028 0.0056322 0.0358973 0.0364885 0.0000000 0.0521447 0.0635038 0.1764296 0.0404730 0.0186523 0.0354164 0.0000000 0.0140200 0.0205570 0.0072679 0.1365283 0.0508289 0.0000000
 95 Y  95 0.0520755 0.0000000 0.0000000 0.0000000 0.0053753 0.0000000 0.0000000 0.0000000 0.0000000 0.3025900 0.1937940 0.0000000 0.0072654 0.0496050 0.0000000 0.0000000 0.0000000 0.0074837 0.0282904 0.3535207 0.0000000
 96 Q  96 0.0812634 0.1081218 0.0128458 0.0177380 0.0263194 0.0441485 0.1181150 0.0360663 0.0644531 0.0018828 0.0074997 0.0399921 0.0023808 0.0602267 0.0000000 0.1583019 0.0660584 0.0108084 0.1073651 0.0364129 0.0000000
 97 L  97 0.0260932 0.0000000 0.0000000 0.0000000 0.0000000 0.0000000 0.0000000 0.0000000 0.0000000 0.0606244 0.8645227 0.0022211 0.0053939 0.0026067 0.0108000 0.0013711 0.0072318 0.0000000 0.0024693 0.0166656 0.0000000
 98 T  98 0.0035315 0.0027159 0.0000000 0.0027429 0.0000000 0.0017447 0.0025766 0.0000000 0.0000000 0.0000000 0.0227533 0.0044601 0.0000000 0.0000000 0.0000000 0.0413904 0.9180847 0.0000000 0.0000000 0.0000000 0.0000000
 99 D  99 0.0788959 0.0139086 0.0053788 0.2280577 0.0011258 0.0232790 0.3455206 0.0310929 0.0097896 0.0000000 0.0000000 0.0699897 0.0016486 0.0000000 0.1449792 0.0287500 0.0152089 0.0000000 0.0000000 0.0010884 0.0012862
100 L 100 0.1417383 0.0755464 0.0109433 0.0368360 0.0000000 0.0717913 0.1741129 0.0043786 0.0114781 0.0046307 0.0396790 0.3544061 0.0017381 0.0033313 0.0053866 0.0268991 0.0224256 0.0000000 0.0032501 0.0035028 0.0079256
101 A 101 0.0680451 0.0000000 0.0000000 0.0016973 0.0015293 0.0000000 0.0000000 0.8860094 0.0000000 0.0022211 0.0000000 0.0000000 0.0000000 0.0072870 0.0000000 0.0169535 0.0000000 0.0000000 0.0016579 0.0044556 0.0101437
102 R 102 0.0561392 0.3423236 0.0141178 0.0149828 0.0031979 0.1007349 0.0809436 0.0063216 0.0312073 0.0239347 0.0422905 0.1938950 0.0083699 0.0015233 0.0000000 0.0158957 0.0211847 0.0009420 0.0020260 0.0163077 0.0236619
103 P 103 0.2488326 0.0754153 0.0122156 0.0488327 0.0000000 0.0629495 0.1673618 0.0203536 0.0085703 0.0062408 0.0430096 0.1205360 0.0048635 0.0000000 0.0482149 0.0370089 0.0348970 0.0000000 0.0019775 0.0256252 0.0330953
104 I 104 0.1327590 0.0039694 0.0025032 0.0000000 0.0014092 0.0058254 0.0052690 0.0021758 0.0044592 0.1284213 0.4257038 0.0137416 0.0475801 0.0338319 0.0000000 0.0040841 0.0290085 0.0036090 0.0018678 0.1189322 0.0348495
105 A 105 0.1641689 0.1162451 0.0055158 0.0142202 0.0269504 0.0447862 0.0344306 0.0027361 0.0242556 0.0844600 0.0739998 0.0667011 0.0255998 0.0790028 0.0000000 0.0192858 0.0091273 0.0140806 0.1079059 0.0476575 0.0388703
106 E 106 0.0923629 0.1231983 0.0204017 0.1160150 0.0085308 0.0606579 0.2538329 0.0333472 0.0206895 0.0043796 0.0232281 0.0731466 0.0024489 0.0046739 0.0255307 0.0418568 0.0247913 0.0019728 0.0094877 0.0076909 0.0517565
107 E 107 0.0734597 0.0975901 0.0136857 0.0314813 0.0011030 0.0966593 0.2184798 0.0122816 0.0514625 0.0371265 0.0454958 0.1119207 0.0037115 0.0024062 0.0089263 0.0218633 0.0307661 0.0000000 0.0116265 0.0359623 0.0939917
108 H 108 0.2050093 0.0066415 0.0000000 0.0019733 0.0125371 0.0049250 0.0000000 0.0112223 0.2457645 0.0887246 0.1422932 0.0043476 0.0275046 0.0095568 0.0000000 0.0121560 0.0112348 0.0050138 0.0050881 0.0987104 0.1072971
109 H 109 0.1005630 0.0512260 0.0300317 0.0738469 0.0069511 0.0339240 0.1393417 0.0091626 0.0385798 0.0295152 0.0636440 0.0673682 0.0233661 0.0570840 0.0696256 0.0243410 0.0384332 0.0064979 0.0122617 0.0328598 0.0913767
110 H 110 0.1259928 0.0746367 0.0199708 0.0657500 0.0226291 0.0712080 0.0649552 0.0293709 0.0588667 0.0046430 0.0047031 0.1193947 0.0016109 0.0067670 0.1613794 0.0593253 0.0192512 0.0000000 0.0075290 0.0130898 0.0689264
111 H 111 0.0415442 0.0209968 0.0045833 0.0073074 0.0046883 0.0117036 0.0145083 0.0093673 0.0386730 0.1985746 0.1804295 0.0186846 0.0317834 0.1190351 0.0053543 0.0222629 0.0084442 0.0067568 0.0331207 0.1494133 0.0727683
112 H 112 0.0230421 0.0547753 0.0075773 0.0108106 0.0000000 0.0214283 0.0053866 0.0190510 0.3416001 0.0192357 0.0301673 0.0032378 0.0091868 0.0374467 0.1489538 0.0263140 0.0115902 0.0113754 0.0238777 0.0338381 0.1611054
113 E 113 0.0789511 0.1047952 0.0487209 0.0407455 0.0026071 0.0911929 0.1870046 0.0350456 0.0194073 0.0018890 0.0105346 0.0852755 0.0066341 0.0025180 0.0121728 0.0361924 0.0216400 0.0000000 0.0026047 0.0113776 0.2006908
114 H 114 0.0974573 0.0576808 0.0331152 0.0691098 0.0253791 0.0788159 0.1565666 0.0260282 0.0233177 0.0207205 0.0181479 0.0980139 0.0203891 0.0041738 0.0121307 0.0326212 0.0249078 0.0000000 0.0027740 0.0139793 0.1846710
115 T 115 0.1126786 0.0275198 0.0027273 0.0000000 0.0087695 0.0111981 0.0034616 0.0254595 0.0105095 0.1261950 0.1278383 0.0098313 0.1567117 0.0229059 0.0000000 0.0195339 0.0680661 0.0321812 0.0158435 0.1011211 0.1174480
116 L 116 0.0923370 0.0397676 0.0392024 0.0453241 0.0156362 0.0472384 0.0664736 0.0228330 0.0180071 0.0775403 0.1691409 0.0209169 0.0262700 0.0332885 0.0095585 0.0343842 0.0269384 0.0035349 0.0122790 0.1118276 0.0875015
117 L 117 0.1304066 0.0944087 0.0353711 0.0788786 0.0460078 0.0715887 0.1291487 0.0483699 0.0224567 0.0015052 0.0087273 0.0687534 0.0000000 0.0033285 0.0033066 0.0607395 0.0355224 0.0000000 0.0020884 0.0155675 0.1438243
118 T 118 0.1294059 0.0792904 0.0323299 0.0184161 0.0111561 0.0236905 0.0286403 0.0152625 0.0323065 0.0360797 0.0812586 0.0399533 0.0180390 0.0487077 0.0055847 0.0494765 0.0438123 0.0034959 0.0265574 0.1074163 0.1691206
119 Y 119 0.0292155 0.0148457 0.0404777 0.0389780 0.0027920 0.0165567 0.0515705 0.0083543 0.0354966 0.1042532 0.1370797 0.0038410 0.0367295 0.0624596 0.0053003 0.0314923 0.0714360 0.0051184 0.0709610 0.0428581 0.1901837
120 E 120 0.0590489 0.0425839 0.0805293 0.0748887 0.0060974 0.0784497 0.1764344 0.0458675 0.0323280 0.0073101 0.0222324 0.0735115 0.0072409 0.0093604 0.0053338 0.0410156 0.0179152 0.0000000 0.0039364 0.0058426 0.2100731
121 Q 121 0.0855545 0.1000283 0.0272187 0.0681493 0.0131500 0.0956239 0.2009160 0.0175722 0.0188068 0.0055272 0.0109267 0.0602732 0.0083310 0.0000000 0.0076966 0.0390664 0.0221851 0.0010294 0.0000000 0.0127959 0.2051488
122 V 122 0.1064905 0.0178125 0.0028352 0.0045041 0.0127747 0.0130608 0.0076520 0.0063449 0.0095508 0.1086930 0.1864472 0.0036522 0.0441189 0.0662454 0.0186509 0.0155786 0.0527914 0.0000000 0.0104586 0.1240483 0.1882900
123 A 123 0.0213546 0.0049511 0.0012041 0.0000000 0.0112325 0.0036244 0.0011738 0.0043493 0.0000000 0.0590010 0.3646121 0.0024782 0.0418468 0.1806819 0.0056884 0.0062379 0.0775288 0.0052769 0.0112596 0.0451668 0.1523319
124 T 124 0.1849467 0.0435550 0.0393708 0.0842670 0.0035528 0.0525107 0.1099051 0.0628342 0.0120718 0.0026180 0.0036854 0.0938994 0.0022188 0.0024686 0.0012689 0.1536950 0.0221372 0.0000000 0.0000000 0.0039370 0.1210578
125 Q 125 0.0416120 0.0522545 0.0875896 0.0743059 0.0091794 0.0410090 0.0389258 0.3452040 0.0340142 0.0048339 0.0057217 0.0481241 0.0034355 0.0017239 0.0365942 0.0419196 0.0161539 0.0000000 0.0033008 0.0491033 0.0649946
126 F 126 0.0045515 0.0011869 0.0000000 0.0000000 0.0108693 0.0000000 0.0000000 0.0027809 0.0011354 0.0667241 0.4646770 0.0000000 0.0729491 0.2805178 0.0000000 0.0000000 0.0030276 0.0037625 0.0341311 0.0163081 0.0373786
127 T 127 0.0189997 0.0036717 0.0409955 0.1241885 0.0014674 0.0069624 0.0266648 0.0121591 0.0012886 0.0000000 0.0018890 0.0088804 0.0013032 0.0000000 0.0298138 0.4114476 0.2761124 0.0000000 0.0000000 0.0017759 0.0323801
128 P 128 0.1118958 0.0153916 0.0151745 0.1496459 0.0000000 0.0476507 0.2266783 0.0205477 0.0043436 0.0075665 0.0280273 0.0392809 0.0065294 0.0011986 0.1984807 0.0443921 0.0239308 0.0000000 0.0043378 0.0231592 0.0317685
129 N 129 0.0870901 0.0091754 0.0196558 0.1792504 0.0000000 0.0420394 0.4894509 0.0175521 0.0068880 0.0012731 0.0017029 0.0375362 0.0014831 0.0000000 0.0069450 0.0415600 0.0314370 0.0000000 0.0000000 0.0047980 0.0221628
130 E 130 0.0036889 0.0012882 0.0000000 0.1088832 0.0000000 0.0813488 0.7627852 0.0028329 0.0020857 0.0000000 0.0000000 0.0073712 0.0000000 0.0033349 0.0018109 0.0030097 0.0032452 0.0000000 0.0000000 0.0000000 0.0183153
131 Q 131 0.0444940 0.1650536 0.0009774 0.0023916 0.0027384 0.1373849 0.0208800 0.0022381 0.0102659 0.0952290 0.2107145 0.0852231 0.0345409 0.0340629 0.0000000 0.0099178 0.0240773 0.0090391 0.0157680 0.0764088 0.0185949
132 K 132 0.1838627 0.0639683 0.0325002 0.0996165 0.0059713 0.0864632 0.2161231 0.0288568 0.0046553 0.0145212 0.0283742 0.0832590 0.0084926 0.0019390 0.0110327 0.0235824 0.0394567 0.0000000 0.0009711 0.0497563 0.0165974
133 V 133 0.1195680 0.0184828 0.0116553 0.0237769 0.0024971 0.1656867 0.0837607 0.0080598 0.0175129 0.0502189 0.0746389 0.0165757 0.0248733 0.0291781 0.0000000 0.0334311 0.1581824 0.0000000 0.0020146 0.1437137 0.0161732
134 I 134 0.0385246 0.0000000 0.0000000 0.0000000 0.0054420 0.0000000 0.0000000 0.0000000 0.0020066 0.0885760 0.6032420 0.0020106 0.0483361 0.1316798 0.0000000 0.0026871 0.0134145 0.0012374 0.0029294 0.0454471 0.0144666
135 Q 135 0.0572249 0.1582698 0.0208499 0.0176920 0.0092113 0.0374880 0.0730230 0.0379290 0.0194068 0.1246106 0.1215092 0.1178783 0.0253912 0.0192422 0.0000000 0.0332149 0.0472007 0.0022812 0.0173576 0.0457527 0.0144666
136 R 136 0.0748556 0.2273049 0.0457827 0.1101036 0.0027171 0.0588671 0.0943496 0.0615676 0.0293244 0.0035370 0.0102627 0.1217999 0.0050774 0.0020000 0.0041843 0.0670939 0.0447661 0.0000000 0.0063582 0.0155811 0.0144666
137 F 137 0.0648448 0.0105543 0.0104402 0.0101959 0.0226774 0.0192621 0.0132276 0.0321504 0.0035217 0.0663284 0.3518379 0.0014075 0.0521486 0.1297862 0.0000000 0.0639452 0.0543022 0.0050976 0.0266348 0.0464384 0.0151989
138 L 138 0.0077873 0.0010518 0.0000000 0.0000000 0.0123896 0.0000000 0.0026318 0.0000000 0.0000000 0.0376098 0.7987073 0.0014624 0.0256667 0.0490738 0.0000000 0.0045978 0.0066125 0.0000000 0.0069201 0.0302902 0.0151989
139 T 139 0.0477451 0.1274777 0.0545646 0.0777208 0.0018249 0.0751747 0.1457192 0.0432257 0.0307952 0.0197042 0.0258943 0.1427155 0.0129727 0.0027895 0.0000000 0.0594123 0.0919233 0.0000000 0.0088141 0.0163274 0.0151989
140 A 140 0.0600582 0.2816592 0.0438942 0.0269260 0.0000000 0.0598109 0.0147725 0.0095574 0.0111037 0.0114788 0.0176260 0.3664719 0.0043627 0.0012730 0.0000000 0.0165115 0.0315327 0.0000000 0.0017277 0.0225342 0.0186994
141 L 141 0.0168975 0.0000000 0.0000000 0.0000000 0.0000000 0.0020106 0.0000000 0.0019557 0.0000000 0.1808542 0.4322176 0.0000000 0.1204556 0.0620532 0.0000000 0.0060388 0.0048512 0.0045724 0.0138517 0.1187002 0.0355412
142 V 142 0.0606134 0.1107089 0.0772698 0.0178059 0.0092582 0.0174136 0.0400365 0.0109839 0.0302959 0.1152222 0.1432795 0.0300305 0.0033335 0.0069291 0.0000000 0.0556302 0.0491118 0.0000000 0.0425222 0.0829962 0.0965589
143 G 143 0.1191388 0.0469703 0.0622805 0.1748995 0.0000000 0.0600005 0.1402123 0.0736217 0.0165658 0.0024031 0.0036238 0.0528686 0.0000000 0.0000000 0.0000000 0.0477381 0.0271698 0.0000000 0.0026970 0.0021478 0.1676624
144 E 144 0.0669357 0.0442419 0.2664951 0.0176514 0.0000000 0.0155866 0.0799767 0.0165059 0.0379584 0.0134815 0.0078273 0.0243120 0.0109137 0.0769827 0.0000000 0.0352567 0.0129741 0.0043986 0.0164621 0.0125287 0.2395109
145 I 145 0.0182880 0.0000000 0.0000000 0.0000000 0.0000000 0.0000000 0.0000000 0.0000000 0.0000000 0.0711719 0.3741237 0.0000000 0.0406858 0.0963069 0.0000000 0.0000000 0.0036754 0.0037773 0.0000000 0.0503411 0.3416299
146 K 146 0.0000000 0.0641563 0.0000000 0.0000000 0.0000000 0.0461337 0.1308566 0.0000000 0.0000000 0.0000000 0.0000000 0.0847311 0.0000000 0.0000000 0.0000000 0.0000000 0.0000000 0.0000000 0.0000000 0.0000000 0.6741224
