   94         A         R         N         D         C         Q         E         G         H         I         L         K         M         F         P         S         T         W         Y         V         X    
  1 G   1 0.0000000 0.0000000 0.0000000 0.0000000 0.0000000 0.0000000 0.0000000 0.0316351 0.0000000 0.0000000 0.0000000 0.0000000 0.0000000 0.0000000 0.0000000 0.0000000 0.0000000 0.0000000 0.0000000 0.0000000 0.9683649
  2 S   2 0.0000000 0.0000000 0.0779249 0.0000000 0.0000000 0.0000000 0.0000000 0.0000000 0.0000000 0.0000000 0.0000000 0.0000000 0.0000000 0.0000000 0.0000000 0.0316351 0.0000000 0.0000000 0.0000000 0.0000000 0.8904399
  3 H   3 0.0000000 0.0000000 0.0000000 0.0000000 0.0000000 0.0000000 0.0000000 0.0000000 0.0316351 0.0000000 0.0000000 0.0000000 0.0000000 0.0000000 0.0000000 0.0779249 0.0000000 0.0000000 0.0000000 0.0000000 0.8904399
  4 M   4 0.0000000 0.0000000 0.0000000 0.0000000 0.0000000 0.0000000 0.0000000 0.0779249 0.0000000 0.0000000 0.0000000 0.0000000 0.0316351 0.0000000 0.0000000 0.0000000 0.0000000 0.0000000 0.0000000 0.0000000 0.8904399
  5 G   5 0.0000000 0.0000000 0.0000000 0.0000000 0.0000000 0.0000000 0.0000000 0.1128663 0.0000000 0.0000000 0.0000000 0.0000000 0.0000000 0.0000000 0.0000000 0.0271660 0.0000000 0.0000000 0.0000000 0.0000000 0.8599677
  6 K   6 0.0000000 0.1264232 0.0000000 0.0000000 0.0000000 0.0395202 0.0000000 0.0000000 0.0000000 0.0000000 0.0000000 0.1784580 0.0000000 0.0000000 0.0000000 0.0000000 0.0000000 0.0000000 0.0000000 0.0000000 0.6555986
  7 K   7 0.0000000 0.0304722 0.0000000 0.0000000 0.0000000 0.0685504 0.0000000 0.0000000 0.0000000 0.0000000 0.0000000 0.2744089 0.0000000 0.0000000 0.0000000 0.0000000 0.0000000 0.0000000 0.0000000 0.0000000 0.6265685
  8 C   8 0.0000000 0.0000000 0.0304722 0.0000000 0.3034391 0.0000000 0.0000000 0.0000000 0.0000000 0.0000000 0.0000000 0.0000000 0.0000000 0.0000000 0.0000000 0.0000000 0.0000000 0.0000000 0.0000000 0.1664628 0.4996259
  9 Y   9 0.0304722 0.0000000 0.0000000 0.0000000 0.0000000 0.0000000 0.0000000 0.0000000 0.0000000 0.0000000 0.2254450 0.0000000 0.0780315 0.0000000 0.0000000 0.0000000 0.0000000 0.0000000 0.2744089 0.0000000 0.3916423
 10 K  10 0.0000000 0.0000000 0.0000000 0.0000000 0.0000000 0.1190129 0.0000000 0.0000000 0.0000000 0.0000000 0.0694723 0.3113687 0.0000000 0.0000000 0.0000000 0.0780315 0.0304722 0.0000000 0.0000000 0.0000000 0.3916423
 11 L  11 0.1938826 0.0000000 0.0000000 0.0000000 0.0000000 0.0000000 0.0000000 0.0000000 0.0000000 0.0000000 0.2744089 0.0000000 0.0000000 0.0000000 0.0000000 0.0000000 0.0733995 0.0000000 0.0000000 0.0666667 0.3916423
 12 E  12 0.0000000 0.0000000 0.0000000 0.0610452 0.0000000 0.0000000 0.5473124 0.0000000 0.0000000 0.0000000 0.0000000 0.0000000 0.0000000 0.0000000 0.0000000 0.0000000 0.0000000 0.0000000 0.0000000 0.0000000 0.3916423
 13 N  13 0.0000000 0.0000000 0.6083577 0.0000000 0.0000000 0.0000000 0.0000000 0.0000000 0.0000000 0.0000000 0.0000000 0.0000000 0.0000000 0.0000000 0.0000000 0.0000000 0.0000000 0.0000000 0.0000000 0.0000000 0.3916423
 14 E  14 0.0338793 0.0000000 0.0000000 0.0000000 0.0000000 0.1265074 0.4038187 0.0000000 0.0000000 0.0000000 0.0000000 0.0000000 0.0000000 0.0000000 0.0000000 0.0000000 0.0441522 0.0000000 0.0000000 0.0000000 0.3916423
 15 K  15 0.0441522 0.1135021 0.0000000 0.0000000 0.0000000 0.0000000 0.0000000 0.0000000 0.0000000 0.0000000 0.0000000 0.5399651 0.0000000 0.0000000 0.0000000 0.0000000 0.0000000 0.0000000 0.0000000 0.0000000 0.3023806
 16 L  16 0.0000000 0.0000000 0.0000000 0.0000000 0.0000000 0.0892617 0.0000000 0.0000000 0.0000000 0.0000000 0.6083577 0.0000000 0.0000000 0.0000000 0.0000000 0.0000000 0.0000000 0.0000000 0.0000000 0.0000000 0.3023806
 17 F  17 0.0000000 0.0000000 0.0000000 0.0000000 0.0000000 0.0000000 0.0000000 0.0000000 0.0000000 0.0000000 0.0000000 0.0000000 0.0000000 0.7203011 0.0000000 0.0000000 0.0000000 0.0000000 0.0000000 0.0000000 0.2796989
 18 E  18 0.0000000 0.0000000 0.0361945 0.0000000 0.0000000 0.0167588 0.4567672 0.0627431 0.0000000 0.0000000 0.0000000 0.0213301 0.0000000 0.0000000 0.0000000 0.0694723 0.0570351 0.0000000 0.0000000 0.0000000 0.2796989
 19 E  19 0.0000000 0.0000000 0.0000000 0.0000000 0.0000000 0.0000000 0.6761488 0.0000000 0.0000000 0.0000000 0.0000000 0.0441522 0.0000000 0.0000000 0.0000000 0.0000000 0.0000000 0.0000000 0.0000000 0.0000000 0.2796989
 20 F  20 0.0000000 0.0000000 0.0000000 0.0000000 0.0000000 0.0000000 0.0000000 0.0000000 0.0000000 0.0000000 0.0000000 0.0000000 0.0000000 0.6310393 0.0000000 0.0892617 0.0000000 0.0000000 0.0000000 0.0000000 0.2796989
 21 L  21 0.0000000 0.0000000 0.0000000 0.0000000 0.0000000 0.0000000 0.0000000 0.0000000 0.0000000 0.0000000 0.3591126 0.0000000 0.0000000 0.0304722 0.0000000 0.0000000 0.0000000 0.0000000 0.0000000 0.3307162 0.2796989
 22 E  22 0.0171842 0.0000000 0.0000000 0.1680143 0.0000000 0.2479513 0.3897358 0.0000000 0.0000000 0.0000000 0.0000000 0.0561050 0.0000000 0.0000000 0.0000000 0.0000000 0.0000000 0.0000000 0.0000000 0.0000000 0.1210094
 23 L  23 0.0000000 0.0000000 0.0000000 0.0000000 0.0000000 0.0000000 0.0000000 0.0000000 0.1974400 0.1586895 0.3275628 0.0000000 0.0000000 0.0000000 0.0000000 0.0000000 0.0000000 0.0000000 0.1060365 0.0000000 0.2102711
 24 C  24 0.0000000 0.1586895 0.0000000 0.0000000 0.6310393 0.0000000 0.0000000 0.0000000 0.0000000 0.0000000 0.0000000 0.0000000 0.0000000 0.0000000 0.0000000 0.0000000 0.0000000 0.0000000 0.0000000 0.0000000 0.2102711
 25 K  25 0.0000000 0.0503602 0.0000000 0.0000000 0.0000000 0.0801414 0.0000000 0.0000000 0.0000000 0.0000000 0.0627431 0.4740427 0.0000000 0.0000000 0.0000000 0.1336718 0.0780315 0.0000000 0.0000000 0.0000000 0.1210094
 26 M  26 0.0926952 0.0654823 0.0000000 0.0000000 0.0000000 0.0000000 0.0000000 0.0000000 0.0000000 0.0000000 0.0000000 0.0634341 0.1130125 0.0000000 0.0290301 0.0733995 0.1432266 0.0000000 0.2479513 0.0507590 0.1210094
 27 Q  27 0.0000000 0.0000000 0.0000000 0.0627431 0.0000000 0.3076673 0.0498476 0.0000000 0.1037197 0.0000000 0.3550129 0.0000000 0.0000000 0.0000000 0.0000000 0.0000000 0.0000000 0.0000000 0.0000000 0.0000000 0.1210094
 28 T  28 0.0000000 0.0000000 0.0000000 0.0000000 0.0000000 0.0000000 0.0000000 0.0000000 0.0000000 0.0000000 0.0000000 0.0000000 0.0000000 0.0000000 0.0892617 0.1948840 0.5948449 0.0000000 0.0000000 0.0000000 0.1210094
 29 A  29 0.1349240 0.0000000 0.0801414 0.0785482 0.0000000 0.1422309 0.0290301 0.0272397 0.0000000 0.0000000 0.0000000 0.1587341 0.0000000 0.0000000 0.0000000 0.1653991 0.0627431 0.0000000 0.0000000 0.0000000 0.1210094
 30 D  30 0.0000000 0.0000000 0.0000000 0.4035166 0.0000000 0.0000000 0.2275228 0.0000000 0.0000000 0.0000000 0.0000000 0.0000000 0.0000000 0.0000000 0.0000000 0.2479513 0.0000000 0.0000000 0.0000000 0.0000000 0.1210094
 31 H  31 0.0000000 0.0000000 0.0000000 0.2479513 0.1892506 0.0000000 0.0000000 0.0000000 0.4417888 0.0000000 0.0000000 0.0000000 0.0000000 0.0000000 0.0000000 0.0000000 0.0000000 0.0000000 0.0000000 0.0000000 0.1210094
 32 P  32 0.0000000 0.0892617 0.0000000 0.0000000 0.0000000 0.0000000 0.1586895 0.0000000 0.0000000 0.0000000 0.0000000 0.0000000 0.0000000 0.0000000 0.6310393 0.0000000 0.0000000 0.0000000 0.0000000 0.0000000 0.1210094
 33 E  33 0.0000000 0.0000000 0.0000000 0.0000000 0.0000000 0.1586895 0.7203011 0.0000000 0.0000000 0.0000000 0.0000000 0.0000000 0.0000000 0.0000000 0.0000000 0.0000000 0.0000000 0.0000000 0.0000000 0.0000000 0.1210094
 34 V  34 0.0000000 0.0000000 0.0000000 0.0000000 0.0000000 0.0000000 0.0000000 0.0000000 0.0000000 0.1586895 0.0000000 0.0000000 0.0000000 0.0000000 0.0000000 0.0000000 0.0000000 0.0000000 0.0000000 0.7203011 0.1210094
 35 V  35 0.0000000 0.0000000 0.0000000 0.0000000 0.0000000 0.0000000 0.0000000 0.0000000 0.0000000 0.1672932 0.2413869 0.0000000 0.0641994 0.0000000 0.0000000 0.0000000 0.0000000 0.0000000 0.0000000 0.4061110 0.1210094
 36 P  36 0.0000000 0.0000000 0.0785482 0.1428845 0.0000000 0.0000000 0.0694723 0.0000000 0.0000000 0.0000000 0.0000000 0.0000000 0.0000000 0.0000000 0.3275628 0.0892617 0.1271088 0.0000000 0.0000000 0.0441522 0.1210094
 37 F  37 0.0000000 0.0000000 0.0000000 0.0000000 0.0000000 0.0000000 0.0000000 0.0000000 0.0000000 0.1586895 0.0000000 0.0000000 0.0000000 0.4626294 0.0000000 0.0000000 0.0000000 0.0000000 0.1684099 0.0892617 0.1210094
 38 L  38 0.0000000 0.0000000 0.0000000 0.0000000 0.0000000 0.0000000 0.0000000 0.0000000 0.0000000 0.0000000 0.8789906 0.0000000 0.0000000 0.0000000 0.0000000 0.0000000 0.0000000 0.0000000 0.0000000 0.0000000 0.1210094
 39 Y  39 0.0000000 0.2458414 0.0000000 0.0000000 0.0435340 0.0951767 0.0000000 0.0000000 0.1861578 0.0000000 0.0000000 0.1428845 0.0000000 0.0000000 0.0000000 0.0845686 0.0000000 0.0000000 0.0808276 0.0000000 0.1210094
 40 N  40 0.0280050 0.1694031 0.1248262 0.0000000 0.0000000 0.0000000 0.0000000 0.0780315 0.0000000 0.0000000 0.0694723 0.2439473 0.0000000 0.0000000 0.0000000 0.0373375 0.1279677 0.0000000 0.0000000 0.0000000 0.1210094
 41 R  41 0.0000000 0.3118931 0.0000000 0.0000000 0.0000000 0.0507590 0.0000000 0.0000000 0.0000000 0.0000000 0.1146402 0.4016984 0.0000000 0.0000000 0.0000000 0.0000000 0.0000000 0.0000000 0.0000000 0.0000000 0.1210094
 42 Q  42 0.0000000 0.0272397 0.0000000 0.0000000 0.0000000 0.2776415 0.0000000 0.0000000 0.2119322 0.0000000 0.0780315 0.0000000 0.0000000 0.1586895 0.0000000 0.0000000 0.0000000 0.0000000 0.1254562 0.0000000 0.1210094
 43 Q  43 0.0627431 0.0000000 0.0000000 0.0000000 0.0000000 0.4168246 0.0000000 0.0000000 0.0000000 0.0000000 0.0785482 0.0000000 0.0000000 0.0801414 0.0000000 0.2407334 0.0000000 0.0000000 0.0000000 0.0000000 0.1210094
 44 R  44 0.0000000 0.4168246 0.0000000 0.0000000 0.0000000 0.1586895 0.0000000 0.0000000 0.0000000 0.0000000 0.0000000 0.3034765 0.0000000 0.0000000 0.0000000 0.0000000 0.0000000 0.0000000 0.0000000 0.0000000 0.1210094
 45 A  45 0.5348197 0.0000000 0.0000000 0.0000000 0.0000000 0.0000000 0.0000000 0.0000000 0.0000000 0.0000000 0.0000000 0.0000000 0.0000000 0.0000000 0.0000000 0.0000000 0.3441708 0.0000000 0.0000000 0.0000000 0.1210094
 46 H  46 0.0000000 0.0272397 0.0892617 0.0000000 0.0589822 0.1186326 0.0000000 0.0000000 0.1816905 0.0000000 0.0361945 0.0000000 0.0000000 0.0000000 0.0000000 0.2082998 0.1586895 0.0000000 0.0000000 0.0000000 0.1210094
 47 S  47 0.0000000 0.0000000 0.0000000 0.0000000 0.0801414 0.0000000 0.0000000 0.0000000 0.0000000 0.0000000 0.0000000 0.0000000 0.0000000 0.0000000 0.3783727 0.2526667 0.0892617 0.0000000 0.0785482 0.0000000 0.1210094
 48 L  48 0.0180260 0.0000000 0.0280050 0.0290301 0.0000000 0.0000000 0.3801667 0.0000000 0.0000000 0.0000000 0.1696755 0.0000000 0.0000000 0.0000000 0.0000000 0.0441522 0.0973134 0.0000000 0.0000000 0.1126217 0.1210094
 49 F  49 0.0000000 0.0000000 0.0000000 0.0000000 0.0000000 0.0000000 0.0000000 0.0000000 0.0000000 0.0000000 0.0000000 0.0000000 0.0000000 0.8162475 0.0000000 0.0000000 0.0000000 0.0000000 0.0627431 0.0000000 0.1210094
 50 L  50 0.0000000 0.0892617 0.0000000 0.0000000 0.0000000 0.1586895 0.0000000 0.0000000 0.0000000 0.0000000 0.6310393 0.0000000 0.0000000 0.0000000 0.0000000 0.0000000 0.0000000 0.0000000 0.0000000 0.0000000 0.1210094
 51 A  51 0.3555678 0.0000000 0.0000000 0.0000000 0.0627431 0.0000000 0.0000000 0.0000000 0.0892617 0.0000000 0.0000000 0.1586895 0.0000000 0.0000000 0.0000000 0.1765339 0.0361945 0.0000000 0.0000000 0.0000000 0.1210094
 52 S  52 0.0785482 0.0000000 0.0000000 0.0000000 0.0000000 0.0000000 0.0000000 0.0000000 0.0000000 0.0801414 0.0000000 0.0000000 0.0000000 0.0000000 0.0000000 0.7203011 0.0000000 0.0000000 0.0000000 0.0000000 0.1210094
 53 A  53 0.2970906 0.0000000 0.0000000 0.0000000 0.0000000 0.0000000 0.1586895 0.0000000 0.0000000 0.0000000 0.0000000 0.0892617 0.0000000 0.0000000 0.0000000 0.0000000 0.0000000 0.0000000 0.0000000 0.3339487 0.1210094
 54 E  54 0.0000000 0.0000000 0.0000000 0.0000000 0.0000000 0.0892617 0.6310393 0.0000000 0.0000000 0.0000000 0.0000000 0.0000000 0.0000000 0.0000000 0.0000000 0.0000000 0.0000000 0.0000000 0.0000000 0.1586895 0.1210094
 55 F  55 0.0000000 0.0000000 0.0000000 0.0000000 0.0892617 0.0000000 0.0000000 0.0000000 0.0000000 0.0000000 0.0562698 0.0000000 0.0000000 0.5747695 0.0000000 0.1586895 0.0000000 0.0000000 0.0000000 0.0000000 0.1210094
 56 C  56 0.0000000 0.2707107 0.0000000 0.0000000 0.2609671 0.0000000 0.0000000 0.0000000 0.0993615 0.0000000 0.0000000 0.2479513 0.0000000 0.0000000 0.0000000 0.0000000 0.0000000 0.0000000 0.0000000 0.0000000 0.1210094
 57 N  57 0.0000000 0.0000000 0.6310393 0.0000000 0.0000000 0.0000000 0.0000000 0.0000000 0.0000000 0.0000000 0.0000000 0.0000000 0.0000000 0.0000000 0.1586895 0.0892617 0.0000000 0.0000000 0.0000000 0.0000000 0.1210094
 58 I  58 0.0000000 0.0000000 0.0000000 0.0000000 0.0000000 0.0000000 0.0000000 0.0000000 0.0000000 0.5370441 0.0000000 0.0000000 0.0000000 0.0000000 0.0000000 0.0395202 0.1859248 0.0000000 0.0000000 0.1165014 0.1210094
 59 L  59 0.0000000 0.0000000 0.0000000 0.0000000 0.0000000 0.0000000 0.0000000 0.0000000 0.0000000 0.0000000 0.7496835 0.0000000 0.0507590 0.0785482 0.0000000 0.0000000 0.0000000 0.0000000 0.0000000 0.0000000 0.1210094
 60 S  60 0.0000000 0.0892617 0.0000000 0.1586895 0.0000000 0.0000000 0.0000000 0.2001249 0.0000000 0.0000000 0.0000000 0.0694723 0.0000000 0.0000000 0.0267473 0.3346948 0.0000000 0.0000000 0.0000000 0.0000000 0.1210094
 61 R  61 0.0000000 0.4988239 0.0000000 0.0000000 0.0000000 0.0892617 0.0000000 0.0694723 0.0627431 0.0000000 0.0000000 0.1586895 0.0000000 0.0000000 0.0000000 0.0000000 0.0000000 0.0000000 0.0000000 0.0000000 0.1210094
 62 V  62 0.0000000 0.0000000 0.0000000 0.0000000 0.5514278 0.0000000 0.0000000 0.0000000 0.0000000 0.0000000 0.0000000 0.0000000 0.0000000 0.0000000 0.0000000 0.0000000 0.0000000 0.0000000 0.0000000 0.3275628 0.1210094
 63 L  63 0.0000000 0.0000000 0.0000000 0.0000000 0.0000000 0.0000000 0.0000000 0.0000000 0.0000000 0.1586895 0.7203011 0.0000000 0.0000000 0.0000000 0.0000000 0.0000000 0.0000000 0.0000000 0.0000000 0.0000000 0.1210094
 64 S  64 0.1283958 0.0000000 0.0000000 0.0000000 0.0000000 0.0892617 0.0000000 0.0000000 0.0000000 0.0000000 0.0000000 0.0000000 0.0000000 0.0000000 0.0000000 0.4205997 0.2407334 0.0000000 0.0000000 0.0000000 0.1210094
 65 R  65 0.0000000 0.7203011 0.0000000 0.0000000 0.0000000 0.0000000 0.1586895 0.0000000 0.0000000 0.0000000 0.0000000 0.0000000 0.0000000 0.0000000 0.0000000 0.0000000 0.0000000 0.0000000 0.0000000 0.0000000 0.1210094
 66 A  66 0.4851342 0.0000000 0.0000000 0.0000000 0.0000000 0.0000000 0.0000000 0.0000000 0.0000000 0.2479513 0.0000000 0.0000000 0.0000000 0.0000000 0.0000000 0.0678736 0.0000000 0.0000000 0.0000000 0.0780315 0.1210094
 67 R  67 0.3689607 0.2296265 0.0000000 0.0000000 0.0000000 0.4014128 0.0000000 0.0000000 0.0000000 0.0000000 0.0000000 0.0000000 0.0000000 0.0000000 0.0000000 0.0000000 0.0000000 0.0000000 0.0000000 0.0000000 0.0000000
 68 S  68 0.2724741 0.0000000 0.1554415 0.0000000 0.0000000 0.0000000 0.0000000 0.0304722 0.0000000 0.0000000 0.0000000 0.0837269 0.0000000 0.1586895 0.0000000 0.2991957 0.0000000 0.0000000 0.0000000 0.0000000 0.0000000
 69 R  69 0.0000000 0.5378340 0.2933864 0.0000000 0.0000000 0.0000000 0.0000000 0.0000000 0.0627431 0.0000000 0.0000000 0.0780315 0.0000000 0.0000000 0.0000000 0.0280050 0.0000000 0.0000000 0.0000000 0.0000000 0.0000000
 70 P  70 0.0361945 0.2231298 0.0000000 0.0000000 0.0000000 0.0000000 0.0000000 0.0000000 0.0441522 0.0000000 0.0000000 0.0000000 0.0000000 0.0000000 0.6965235 0.0000000 0.0000000 0.0000000 0.0000000 0.0000000 0.0000000
 71 A  71 0.3578072 0.0000000 0.0000000 0.1586895 0.0000000 0.0000000 0.0000000 0.0361945 0.0000000 0.0000000 0.0000000 0.0000000 0.0000000 0.0000000 0.0000000 0.2247710 0.2225379 0.0000000 0.0000000 0.0000000 0.0000000
 72 K  72 0.0000000 0.2479513 0.0000000 0.0000000 0.0000000 0.0000000 0.0000000 0.0000000 0.0000000 0.0000000 0.0000000 0.7520487 0.0000000 0.0000000 0.0000000 0.0000000 0.0000000 0.0000000 0.0000000 0.0000000 0.0000000
 73 L  73 0.0000000 0.0000000 0.0000000 0.0000000 0.0000000 0.0000000 0.0000000 0.0000000 0.0000000 0.2085372 0.3987246 0.0000000 0.0000000 0.0000000 0.0000000 0.0000000 0.2254450 0.0000000 0.0000000 0.1672932 0.0000000
 74 Y  74 0.0000000 0.0000000 0.0000000 0.0000000 0.0000000 0.0000000 0.0000000 0.0000000 0.0000000 0.0000000 0.0000000 0.0000000 0.0000000 0.2254450 0.0000000 0.0000000 0.0000000 0.0000000 0.7745550 0.0000000 0.0000000
 75 V  75 0.0000000 0.0000000 0.0000000 0.0000000 0.0000000 0.0000000 0.0000000 0.0000000 0.0000000 0.0000000 0.0000000 0.0000000 0.0892617 0.0000000 0.0000000 0.0000000 0.0000000 0.0000000 0.0000000 0.9107383 0.0000000
 76 Y  76 0.0000000 0.0000000 0.0000000 0.0000000 0.0000000 0.0000000 0.0000000 0.0000000 0.0000000 0.2479513 0.0000000 0.0000000 0.0000000 0.0694723 0.0000000 0.0000000 0.0000000 0.0000000 0.6825764 0.0000000 0.0000000
 77 I  77 0.0000000 0.0000000 0.0000000 0.0000000 0.0000000 0.0000000 0.0000000 0.0000000 0.0000000 0.7520487 0.2479513 0.0000000 0.0000000 0.0000000 0.0000000 0.0000000 0.0000000 0.0000000 0.0000000 0.0000000 0.0000000
 78 N  78 0.0000000 0.0000000 1.0000000 0.0000000 0.0000000 0.0000000 0.0000000 0.0000000 0.0000000 0.0000000 0.0000000 0.0000000 0.0000000 0.0000000 0.0000000 0.0000000 0.0000000 0.0000000 0.0000000 0.0000000 0.0000000
 79 E  79 0.0000000 0.0000000 0.0000000 0.2479513 0.0000000 0.0000000 0.7520487 0.0000000 0.0000000 0.0000000 0.0000000 0.0000000 0.0000000 0.0000000 0.0000000 0.0000000 0.0000000 0.0000000 0.0000000 0.0000000 0.0000000
 80 L  80 0.0000000 0.0000000 0.0000000 0.0000000 0.0000000 0.0000000 0.0000000 0.0000000 0.0000000 0.0000000 1.0000000 0.0000000 0.0000000 0.0000000 0.0000000 0.0000000 0.0000000 0.0000000 0.0000000 0.0000000 0.0000000
 81 C  81 0.0000000 0.0000000 0.0000000 0.0000000 0.7520487 0.0000000 0.0000000 0.0000000 0.0000000 0.0000000 0.0000000 0.2479513 0.0000000 0.0000000 0.0000000 0.0000000 0.0000000 0.0000000 0.0000000 0.0000000 0.0000000
 82 T  82 0.0000000 0.0000000 0.0000000 0.0000000 0.0000000 0.0000000 0.0000000 0.0000000 0.0000000 0.0000000 0.0000000 0.0000000 0.0000000 0.0000000 0.0000000 0.0000000 1.0000000 0.0000000 0.0000000 0.0000000 0.0000000
 83 V  83 0.0441522 0.0000000 0.0000000 0.0000000 0.0000000 0.0000000 0.0000000 0.0000000 0.0000000 0.0000000 0.0272397 0.0000000 0.0000000 0.0000000 0.0000000 0.0000000 0.2479513 0.0000000 0.0000000 0.6806568 0.0000000
 84 L  84 0.0000000 0.0000000 0.0000000 0.0000000 0.0000000 0.0000000 0.0000000 0.0000000 0.0000000 0.0000000 0.8413105 0.0000000 0.0000000 0.1586895 0.0000000 0.0000000 0.0000000 0.0000000 0.0000000 0.0000000 0.0000000
 85 K  85 0.0000000 0.0801414 0.0000000 0.0000000 0.0000000 0.0000000 0.0000000 0.0000000 0.0000000 0.0000000 0.0000000 0.8571155 0.0000000 0.0000000 0.0000000 0.0000000 0.0627431 0.0000000 0.0000000 0.0000000 0.0000000
 86 A  86 0.5266037 0.0000000 0.0000000 0.0000000 0.0000000 0.2254450 0.0000000 0.0000000 0.0000000 0.0000000 0.2479513 0.0000000 0.0000000 0.0000000 0.0000000 0.0000000 0.0000000 0.0000000 0.0000000 0.0000000 0.0000000
 87 H  87 0.0000000 0.0000000 0.0993615 0.0000000 0.0000000 0.0892617 0.0000000 0.0000000 0.8113767 0.0000000 0.0000000 0.0000000 0.0000000 0.0000000 0.0000000 0.0000000 0.0000000 0.0000000 0.0000000 0.0000000 0.0000000
 88 S  88 0.0917733 0.0694723 0.0000000 0.0000000 0.0000000 0.0000000 0.0000000 0.0000000 0.0000000 0.0000000 0.0000000 0.0000000 0.0000000 0.0000000 0.0000000 0.5104565 0.3282979 0.0000000 0.0000000 0.0000000 0.0000000
 89 A  89 0.3654431 0.0000000 0.0240117 0.0974773 0.0000000 0.0000000 0.0000000 0.0000000 0.0000000 0.0969038 0.0000000 0.0000000 0.0000000 0.0000000 0.1948840 0.0606265 0.1606537 0.0000000 0.0000000 0.0000000 0.0000000
 90 K  90 0.0000000 0.0361945 0.0395202 0.0000000 0.0000000 0.0000000 0.0000000 0.0892617 0.0000000 0.0000000 0.0000000 0.8350236 0.0000000 0.0000000 0.0000000 0.0000000 0.0000000 0.0000000 0.0000000 0.0000000 0.0000000
 91 K  91 0.0000000 0.2027485 0.0000000 0.0000000 0.0000000 0.0000000 0.0000000 0.0000000 0.0000000 0.2479513 0.0000000 0.5493002 0.0000000 0.0000000 0.0000000 0.0000000 0.0000000 0.0000000 0.0000000 0.0000000 0.0000000
 92 K  92 0.0000000 0.2254450 0.0000000 0.0000000 0.0000000 0.0000000 0.0000000 0.0000000 0.0000000 0.0000000 0.0000000 0.5266037 0.0000000 0.0000000 0.0000000 0.0892617 0.0000000 0.0000000 0.0000000 0.0000000 0.1586895
 93 L  93 0.0000000 0.0000000 0.0000000 0.0000000 0.0000000 0.0267473 0.0000000 0.0000000 0.0000000 0.0780315 0.4109799 0.0000000 0.0213301 0.0000000 0.0000000 0.0000000 0.0000000 0.0000000 0.0000000 0.1482491 0.3146622
 94 N  94 0.0000000 0.0000000 0.5444735 0.0000000 0.0000000 0.0000000 0.0000000 0.0000000 0.0000000 0.0000000 0.0000000 0.0000000 0.0000000 0.0000000 0.0000000 0.0000000 0.0000000 0.0000000 0.0000000 0.0000000 0.4555265
