   94         A         R         N         D         C         Q         E         G         H         I         L         K         M         F         P         S         T         W         Y         V    
  1 G   1 0.0000000 0.0000000 0.0000000 0.0000000 0.0000000 0.0000000 0.0000000 1.0000000 0.0000000 0.0000000 0.0000000 0.0000000 0.0000000 0.0000000 0.0000000 0.0000000 0.0000000 0.0000000 0.0000000 0.0000000
  2 S   2 0.0000000 0.0000000 0.6835387 0.0000000 0.0000000 0.0000000 0.0000000 0.0000000 0.0000000 0.0000000 0.0000000 0.0000000 0.0000000 0.0000000 0.0000000 0.3164613 0.0000000 0.0000000 0.0000000 0.0000000
  3 H   3 0.0000000 0.0000000 0.0000000 0.0000000 0.0000000 0.0000000 0.0000000 0.0000000 0.3164613 0.0000000 0.0000000 0.0000000 0.0000000 0.0000000 0.0000000 0.6835387 0.0000000 0.0000000 0.0000000 0.0000000
  4 M   4 0.0000000 0.0000000 0.0000000 0.0000000 0.0000000 0.0000000 0.0000000 0.6835387 0.0000000 0.0000000 0.0000000 0.0000000 0.3164613 0.0000000 0.0000000 0.0000000 0.0000000 0.0000000 0.0000000 0.0000000
  5 G   5 0.0000000 0.0000000 0.0000000 0.0000000 0.0000000 0.0000000 0.0000000 0.8070425 0.0000000 0.0000000 0.0000000 0.0000000 0.0000000 0.0000000 0.0000000 0.1929575 0.0000000 0.0000000 0.0000000 0.0000000
  6 K   6 0.0000000 0.3761745 0.0000000 0.0000000 0.0000000 0.1079460 0.0000000 0.0000000 0.0000000 0.0000000 0.0000000 0.5158796 0.0000000 0.0000000 0.0000000 0.0000000 0.0000000 0.0000000 0.0000000 0.0000000
  7 K   7 0.0000000 0.0825387 0.0000000 0.0000000 0.0000000 0.1719406 0.0000000 0.0000000 0.0000000 0.0000000 0.0000000 0.7455207 0.0000000 0.0000000 0.0000000 0.0000000 0.0000000 0.0000000 0.0000000 0.0000000
  8 C   8 0.0000000 0.0000000 0.0629922 0.0000000 0.6237192 0.0000000 0.0000000 0.0000000 0.0000000 0.0000000 0.0000000 0.0000000 0.0000000 0.0000000 0.0000000 0.0000000 0.0000000 0.0000000 0.0000000 0.3132886
  9 Y   9 0.0522456 0.0000000 0.0000000 0.0000000 0.0000000 0.0000000 0.0000000 0.0000000 0.0000000 0.0000000 0.3510720 0.0000000 0.1247801 0.0000000 0.0000000 0.0000000 0.0000000 0.0000000 0.4719022 0.0000000
 10 K  10 0.0000000 0.0000000 0.0000000 0.0000000 0.0000000 0.1864228 0.0000000 0.0000000 0.0000000 0.0000000 0.1092481 0.5273034 0.0000000 0.0000000 0.0000000 0.1247801 0.0522456 0.0000000 0.0000000 0.0000000
 11 L  11 0.3026614 0.0000000 0.0000000 0.0000000 0.0000000 0.0000000 0.0000000 0.0000000 0.0000000 0.0000000 0.4719022 0.0000000 0.0000000 0.0000000 0.0000000 0.0000000 0.1179435 0.0000000 0.0000000 0.1074929
 12 E  12 0.0000000 0.0000000 0.0000000 0.1039043 0.0000000 0.0000000 0.8960957 0.0000000 0.0000000 0.0000000 0.0000000 0.0000000 0.0000000 0.0000000 0.0000000 0.0000000 0.0000000 0.0000000 0.0000000 0.0000000
 13 N  13 0.0000000 0.0000000 1.0000000 0.0000000 0.0000000 0.0000000 0.0000000 0.0000000 0.0000000 0.0000000 0.0000000 0.0000000 0.0000000 0.0000000 0.0000000 0.0000000 0.0000000 0.0000000 0.0000000 0.0000000
 14 E  14 0.0545173 0.0000000 0.0000000 0.0000000 0.0000000 0.1975327 0.6776871 0.0000000 0.0000000 0.0000000 0.0000000 0.0000000 0.0000000 0.0000000 0.0000000 0.0000000 0.0702629 0.0000000 0.0000000 0.0000000
 15 K  15 0.0618301 0.1655628 0.0000000 0.0000000 0.0000000 0.0000000 0.0000000 0.0000000 0.0000000 0.0000000 0.0000000 0.7726071 0.0000000 0.0000000 0.0000000 0.0000000 0.0000000 0.0000000 0.0000000 0.0000000
 16 L  16 0.0000000 0.0000000 0.0000000 0.0000000 0.0000000 0.1200174 0.0000000 0.0000000 0.0000000 0.0000000 0.8799826 0.0000000 0.0000000 0.0000000 0.0000000 0.0000000 0.0000000 0.0000000 0.0000000 0.0000000
 17 F  17 0.0000000 0.0000000 0.0000000 0.0000000 0.0000000 0.0000000 0.0000000 0.0000000 0.0000000 0.0000000 0.0000000 0.0000000 0.0000000 1.0000000 0.0000000 0.0000000 0.0000000 0.0000000 0.0000000 0.0000000
 18 E  18 0.0000000 0.0000000 0.0474852 0.0000000 0.0000000 0.0235792 0.6448230 0.0844823 0.0000000 0.0000000 0.0000000 0.0298505 0.0000000 0.0000000 0.0000000 0.0938990 0.0758809 0.0000000 0.0000000 0.0000000
 19 E  19 0.0000000 0.0000000 0.0000000 0.0000000 0.0000000 0.0000000 0.9396089 0.0000000 0.0000000 0.0000000 0.0000000 0.0603911 0.0000000 0.0000000 0.0000000 0.0000000 0.0000000 0.0000000 0.0000000 0.0000000
 20 F  20 0.0000000 0.0000000 0.0000000 0.0000000 0.0000000 0.0000000 0.0000000 0.0000000 0.0000000 0.0000000 0.0000000 0.0000000 0.0000000 0.8827757 0.0000000 0.1172243 0.0000000 0.0000000 0.0000000 0.0000000
 21 L  21 0.0000000 0.0000000 0.0000000 0.0000000 0.0000000 0.0000000 0.0000000 0.0000000 0.0000000 0.0000000 0.5093793 0.0000000 0.0000000 0.0449053 0.0000000 0.0000000 0.0000000 0.0000000 0.0000000 0.4457155
 22 E  22 0.0204267 0.0000000 0.0000000 0.1922468 0.0000000 0.2571216 0.4646032 0.0000000 0.0000000 0.0000000 0.0000000 0.0656017 0.0000000 0.0000000 0.0000000 0.0000000 0.0000000 0.0000000 0.0000000 0.0000000
 23 L  23 0.0000000 0.0000000 0.0000000 0.0000000 0.0000000 0.0000000 0.0000000 0.0000000 0.2473134 0.1758184 0.4423325 0.0000000 0.0000000 0.0000000 0.0000000 0.0000000 0.0000000 0.0000000 0.1345357 0.0000000
 24 C  24 0.0000000 0.1758184 0.0000000 0.0000000 0.8241816 0.0000000 0.0000000 0.0000000 0.0000000 0.0000000 0.0000000 0.0000000 0.0000000 0.0000000 0.0000000 0.0000000 0.0000000 0.0000000 0.0000000 0.0000000
 25 K  25 0.0000000 0.0579641 0.0000000 0.0000000 0.0000000 0.0796589 0.0000000 0.0000000 0.0000000 0.0000000 0.0710940 0.5510404 0.0000000 0.0000000 0.0000000 0.1499899 0.0902527 0.0000000 0.0000000 0.0000000
 26 M  26 0.1042366 0.0759406 0.0000000 0.0000000 0.0000000 0.0000000 0.0000000 0.0000000 0.0000000 0.0000000 0.0000000 0.0708602 0.1448290 0.0000000 0.0328442 0.0853078 0.1638711 0.0000000 0.2571216 0.0649888
 27 Q  27 0.0000000 0.0000000 0.0000000 0.0710940 0.0000000 0.3765340 0.0553062 0.0000000 0.1168473 0.0000000 0.3802185 0.0000000 0.0000000 0.0000000 0.0000000 0.0000000 0.0000000 0.0000000 0.0000000 0.0000000
 28 T  28 0.0000000 0.0000000 0.0000000 0.0000000 0.0000000 0.0000000 0.0000000 0.0000000 0.0000000 0.0000000 0.0000000 0.0000000 0.0000000 0.0000000 0.0986472 0.1984344 0.7029184 0.0000000 0.0000000 0.0000000
 29 A  29 0.1690255 0.0000000 0.0796589 0.0788155 0.0000000 0.1612242 0.0328442 0.0309002 0.0000000 0.0000000 0.0000000 0.1776657 0.0000000 0.0000000 0.0000000 0.1987719 0.0710940 0.0000000 0.0000000 0.0000000
 30 D  30 0.0000000 0.0000000 0.0000000 0.4830212 0.0000000 0.0000000 0.2598572 0.0000000 0.0000000 0.0000000 0.0000000 0.0000000 0.0000000 0.0000000 0.0000000 0.2571216 0.0000000 0.0000000 0.0000000 0.0000000
 31 H  31 0.0000000 0.0000000 0.0000000 0.2571216 0.2139681 0.0000000 0.0000000 0.0000000 0.5289103 0.0000000 0.0000000 0.0000000 0.0000000 0.0000000 0.0000000 0.0000000 0.0000000 0.0000000 0.0000000 0.0000000
 32 P  32 0.0000000 0.0986472 0.0000000 0.0000000 0.0000000 0.0000000 0.1584744 0.0000000 0.0000000 0.0000000 0.0000000 0.0000000 0.0000000 0.0000000 0.7428784 0.0000000 0.0000000 0.0000000 0.0000000 0.0000000
 33 E  33 0.0000000 0.0000000 0.0000000 0.0000000 0.0000000 0.1584744 0.8415256 0.0000000 0.0000000 0.0000000 0.0000000 0.0000000 0.0000000 0.0000000 0.0000000 0.0000000 0.0000000 0.0000000 0.0000000 0.0000000
 34 V  34 0.0000000 0.0000000 0.0000000 0.0000000 0.0000000 0.0000000 0.0000000 0.0000000 0.0000000 0.1584744 0.0000000 0.0000000 0.0000000 0.0000000 0.0000000 0.0000000 0.0000000 0.0000000 0.0000000 0.8415256
 35 V  35 0.0000000 0.0000000 0.0000000 0.0000000 0.0000000 0.0000000 0.0000000 0.0000000 0.0000000 0.1888999 0.2626155 0.0000000 0.0709715 0.0000000 0.0000000 0.0000000 0.0000000 0.0000000 0.0000000 0.4775131
 36 P  36 0.0000000 0.0000000 0.0788155 0.1507529 0.0000000 0.0000000 0.0790184 0.0000000 0.0000000 0.0000000 0.0000000 0.0000000 0.0000000 0.0000000 0.3986976 0.0986472 0.1432477 0.0000000 0.0000000 0.0508207
 37 F  37 0.0000000 0.0000000 0.0000000 0.0000000 0.0000000 0.0000000 0.0000000 0.0000000 0.0000000 0.1584744 0.0000000 0.0000000 0.0000000 0.5528060 0.0000000 0.0000000 0.0000000 0.0000000 0.1900724 0.0986472
 38 L  38 0.0000000 0.0000000 0.0000000 0.0000000 0.0000000 0.0000000 0.0000000 0.0000000 0.0000000 0.0000000 1.0000000 0.0000000 0.0000000 0.0000000 0.0000000 0.0000000 0.0000000 0.0000000 0.0000000 0.0000000
 39 Y  39 0.0000000 0.2677154 0.0000000 0.0000000 0.0502174 0.1059468 0.0000000 0.0000000 0.2185531 0.0000000 0.0000000 0.1507529 0.0000000 0.0000000 0.0000000 0.1017181 0.0000000 0.0000000 0.1050964 0.0000000
 40 N  40 0.0310115 0.1783061 0.1558391 0.0000000 0.0000000 0.0000000 0.0000000 0.0902527 0.0000000 0.0000000 0.0790184 0.2775873 0.0000000 0.0000000 0.0000000 0.0440867 0.1438982 0.0000000 0.0000000 0.0000000
 41 R  41 0.0000000 0.3703322 0.0000000 0.0000000 0.0000000 0.0649888 0.0000000 0.0000000 0.0000000 0.0000000 0.1337830 0.4308960 0.0000000 0.0000000 0.0000000 0.0000000 0.0000000 0.0000000 0.0000000 0.0000000
 42 Q  42 0.0000000 0.0309002 0.0000000 0.0000000 0.0000000 0.3482125 0.0000000 0.0000000 0.2335530 0.0000000 0.0902527 0.0000000 0.0000000 0.1584744 0.0000000 0.0000000 0.0000000 0.0000000 0.1386072 0.0000000
 43 Q  43 0.0710940 0.0000000 0.0000000 0.0000000 0.0000000 0.4973448 0.0000000 0.0000000 0.0000000 0.0000000 0.0788155 0.0000000 0.0000000 0.0796589 0.0000000 0.2730868 0.0000000 0.0000000 0.0000000 0.0000000
 44 R  44 0.0000000 0.4973448 0.0000000 0.0000000 0.0000000 0.1584744 0.0000000 0.0000000 0.0000000 0.0000000 0.0000000 0.3441808 0.0000000 0.0000000 0.0000000 0.0000000 0.0000000 0.0000000 0.0000000 0.0000000
 45 A  45 0.6295951 0.0000000 0.0000000 0.0000000 0.0000000 0.0000000 0.0000000 0.0000000 0.0000000 0.0000000 0.0000000 0.0000000 0.0000000 0.0000000 0.0000000 0.0000000 0.3704049 0.0000000 0.0000000 0.0000000
 46 H  46 0.0000000 0.0309002 0.0986472 0.0000000 0.0659868 0.1416658 0.0000000 0.0000000 0.2261316 0.0000000 0.0399600 0.0000000 0.0000000 0.0000000 0.0000000 0.2382340 0.1584744 0.0000000 0.0000000 0.0000000
 47 S  47 0.0000000 0.0000000 0.0000000 0.0000000 0.0796589 0.0000000 0.0000000 0.0000000 0.0000000 0.0000000 0.0000000 0.0000000 0.0000000 0.0000000 0.4332966 0.3095818 0.0986472 0.0000000 0.0788155 0.0000000
 48 L  48 0.0213707 0.0000000 0.0310115 0.0328442 0.0000000 0.0000000 0.4072340 0.0000000 0.0000000 0.0000000 0.2150476 0.0000000 0.0000000 0.0000000 0.0000000 0.0508207 0.1102922 0.0000000 0.0000000 0.1313790
 49 F  49 0.0000000 0.0000000 0.0000000 0.0000000 0.0000000 0.0000000 0.0000000 0.0000000 0.0000000 0.0000000 0.0000000 0.0000000 0.0000000 0.9289060 0.0000000 0.0000000 0.0000000 0.0000000 0.0710940 0.0000000
 50 L  50 0.0000000 0.0986472 0.0000000 0.0000000 0.0000000 0.1584744 0.0000000 0.0000000 0.0000000 0.0000000 0.7428784 0.0000000 0.0000000 0.0000000 0.0000000 0.0000000 0.0000000 0.0000000 0.0000000 0.0000000
 51 A  51 0.4297091 0.0000000 0.0000000 0.0000000 0.0710940 0.0000000 0.0000000 0.0000000 0.0986472 0.0000000 0.0000000 0.1584744 0.0000000 0.0000000 0.0000000 0.2021153 0.0399600 0.0000000 0.0000000 0.0000000
 52 S  52 0.0788155 0.0000000 0.0000000 0.0000000 0.0000000 0.0000000 0.0000000 0.0000000 0.0000000 0.0796589 0.0000000 0.0000000 0.0000000 0.0000000 0.0000000 0.8415256 0.0000000 0.0000000 0.0000000 0.0000000
 53 A  53 0.3609087 0.0000000 0.0000000 0.0000000 0.0000000 0.0000000 0.1584744 0.0000000 0.0000000 0.0000000 0.0000000 0.0986472 0.0000000 0.0000000 0.0000000 0.0000000 0.0000000 0.0000000 0.0000000 0.3819697
 54 E  54 0.0000000 0.0000000 0.0000000 0.0000000 0.0000000 0.0986472 0.7428784 0.0000000 0.0000000 0.0000000 0.0000000 0.0000000 0.0000000 0.0000000 0.0000000 0.0000000 0.0000000 0.0000000 0.0000000 0.1584744
 55 F  55 0.0000000 0.0000000 0.0000000 0.0000000 0.0986472 0.0000000 0.0000000 0.0000000 0.0000000 0.0000000 0.0637444 0.0000000 0.0000000 0.6791340 0.0000000 0.1584744 0.0000000 0.0000000 0.0000000 0.0000000
 56 C  56 0.0000000 0.3061991 0.0000000 0.0000000 0.3213067 0.0000000 0.0000000 0.0000000 0.1153726 0.0000000 0.0000000 0.2571216 0.0000000 0.0000000 0.0000000 0.0000000 0.0000000 0.0000000 0.0000000 0.0000000
 57 N  57 0.0000000 0.0000000 0.7428784 0.0000000 0.0000000 0.0000000 0.0000000 0.0000000 0.0000000 0.0000000 0.0000000 0.0000000 0.0000000 0.0000000 0.1584744 0.0986472 0.0000000 0.0000000 0.0000000 0.0000000
 58 I  58 0.0000000 0.0000000 0.0000000 0.0000000 0.0000000 0.0000000 0.0000000 0.0000000 0.0000000 0.6165244 0.0000000 0.0000000 0.0000000 0.0000000 0.0000000 0.0458758 0.2080523 0.0000000 0.0000000 0.1295474
 59 L  59 0.0000000 0.0000000 0.0000000 0.0000000 0.0000000 0.0000000 0.0000000 0.0000000 0.0000000 0.0000000 0.8561957 0.0000000 0.0649888 0.0788155 0.0000000 0.0000000 0.0000000 0.0000000 0.0000000 0.0000000
 60 S  60 0.0000000 0.0986472 0.0000000 0.1584744 0.0000000 0.0000000 0.0000000 0.2257304 0.0000000 0.0000000 0.0000000 0.0790184 0.0000000 0.0000000 0.0342648 0.4038648 0.0000000 0.0000000 0.0000000 0.0000000
 61 R  61 0.0000000 0.5927660 0.0000000 0.0000000 0.0000000 0.0986472 0.0000000 0.0790184 0.0710940 0.0000000 0.0000000 0.1584744 0.0000000 0.0000000 0.0000000 0.0000000 0.0000000 0.0000000 0.0000000 0.0000000
 62 V  62 0.0000000 0.0000000 0.0000000 0.0000000 0.6013024 0.0000000 0.0000000 0.0000000 0.0000000 0.0000000 0.0000000 0.0000000 0.0000000 0.0000000 0.0000000 0.0000000 0.0000000 0.0000000 0.0000000 0.3986976
 63 L  63 0.0000000 0.0000000 0.0000000 0.0000000 0.0000000 0.0000000 0.0000000 0.0000000 0.0000000 0.1584744 0.8415256 0.0000000 0.0000000 0.0000000 0.0000000 0.0000000 0.0000000 0.0000000 0.0000000 0.0000000
 64 S  64 0.1341217 0.0000000 0.0000000 0.0000000 0.0000000 0.0986472 0.0000000 0.0000000 0.0000000 0.0000000 0.0000000 0.0000000 0.0000000 0.0000000 0.0000000 0.4941443 0.2730868 0.0000000 0.0000000 0.0000000
 65 R  65 0.0000000 0.8415256 0.0000000 0.0000000 0.0000000 0.0000000 0.1584744 0.0000000 0.0000000 0.0000000 0.0000000 0.0000000 0.0000000 0.0000000 0.0000000 0.0000000 0.0000000 0.0000000 0.0000000 0.0000000
 66 A  66 0.5759488 0.0000000 0.0000000 0.0000000 0.0000000 0.0000000 0.0000000 0.0000000 0.0000000 0.2571216 0.0000000 0.0000000 0.0000000 0.0000000 0.0000000 0.0766769 0.0000000 0.0000000 0.0000000 0.0902527
 67 R  67 0.2627468 0.2819396 0.0000000 0.0000000 0.0000000 0.4553136 0.0000000 0.0000000 0.0000000 0.0000000 0.0000000 0.0000000 0.0000000 0.0000000 0.0000000 0.0000000 0.0000000 0.0000000 0.0000000 0.0000000
 68 S  68 0.3021517 0.0000000 0.1843977 0.0000000 0.0000000 0.0000000 0.0000000 0.0375028 0.0000000 0.0000000 0.0000000 0.0940208 0.0000000 0.1572744 0.0000000 0.2246526 0.0000000 0.0000000 0.0000000 0.0000000
 69 R  69 0.0000000 0.5011510 0.3079474 0.0000000 0.0000000 0.0000000 0.0000000 0.0000000 0.0705557 0.0000000 0.0000000 0.0895693 0.0000000 0.0000000 0.0000000 0.0307767 0.0000000 0.0000000 0.0000000 0.0000000
 70 P  70 0.0396574 0.2514813 0.0000000 0.0000000 0.0000000 0.0000000 0.0000000 0.0000000 0.0504359 0.0000000 0.0000000 0.0000000 0.0000000 0.0000000 0.6584254 0.0000000 0.0000000 0.0000000 0.0000000 0.0000000
 71 A  71 0.2962186 0.0000000 0.0000000 0.1572744 0.0000000 0.0000000 0.0000000 0.0396574 0.0000000 0.0000000 0.0000000 0.0000000 0.0000000 0.0000000 0.0000000 0.2579372 0.2489124 0.0000000 0.0000000 0.0000000
 72 K  72 0.0000000 0.2551746 0.0000000 0.0000000 0.0000000 0.0000000 0.0000000 0.0000000 0.0000000 0.0000000 0.0000000 0.7448254 0.0000000 0.0000000 0.0000000 0.0000000 0.0000000 0.0000000 0.0000000 0.0000000
 73 L  73 0.0000000 0.0000000 0.0000000 0.0000000 0.0000000 0.0000000 0.0000000 0.0000000 0.0000000 0.2121618 0.3483634 0.0000000 0.0000000 0.0000000 0.0000000 0.0000000 0.2520053 0.0000000 0.0000000 0.1874695
 74 Y  74 0.0000000 0.0000000 0.0000000 0.0000000 0.0000000 0.0000000 0.0000000 0.0000000 0.0000000 0.0000000 0.0000000 0.0000000 0.0000000 0.2520053 0.0000000 0.0000000 0.0000000 0.0000000 0.7479947 0.0000000
 75 V  75 0.0000000 0.0000000 0.0000000 0.0000000 0.0000000 0.0000000 0.0000000 0.0000000 0.0000000 0.0000000 0.0000000 0.0000000 0.0979003 0.0000000 0.0000000 0.0000000 0.0000000 0.0000000 0.0000000 0.9020997
 76 Y  76 0.0000000 0.0000000 0.0000000 0.0000000 0.0000000 0.0000000 0.0000000 0.0000000 0.0000000 0.2551746 0.0000000 0.0000000 0.0000000 0.0784201 0.0000000 0.0000000 0.0000000 0.0000000 0.6664053 0.0000000
 77 I  77 0.0000000 0.0000000 0.0000000 0.0000000 0.0000000 0.0000000 0.0000000 0.0000000 0.0000000 0.7448254 0.2551746 0.0000000 0.0000000 0.0000000 0.0000000 0.0000000 0.0000000 0.0000000 0.0000000 0.0000000
 78 N  78 0.0000000 0.0000000 1.0000000 0.0000000 0.0000000 0.0000000 0.0000000 0.0000000 0.0000000 0.0000000 0.0000000 0.0000000 0.0000000 0.0000000 0.0000000 0.0000000 0.0000000 0.0000000 0.0000000 0.0000000
 79 E  79 0.0000000 0.0000000 0.0000000 0.2551746 0.0000000 0.0000000 0.7448254 0.0000000 0.0000000 0.0000000 0.0000000 0.0000000 0.0000000 0.0000000 0.0000000 0.0000000 0.0000000 0.0000000 0.0000000 0.0000000
 80 L  80 0.0000000 0.0000000 0.0000000 0.0000000 0.0000000 0.0000000 0.0000000 0.0000000 0.0000000 0.0000000 1.0000000 0.0000000 0.0000000 0.0000000 0.0000000 0.0000000 0.0000000 0.0000000 0.0000000 0.0000000
 81 C  81 0.0000000 0.0000000 0.0000000 0.0000000 0.7448254 0.0000000 0.0000000 0.0000000 0.0000000 0.0000000 0.0000000 0.2551746 0.0000000 0.0000000 0.0000000 0.0000000 0.0000000 0.0000000 0.0000000 0.0000000
 82 T  82 0.0000000 0.0000000 0.0000000 0.0000000 0.0000000 0.0000000 0.0000000 0.0000000 0.0000000 0.0000000 0.0000000 0.0000000 0.0000000 0.0000000 0.0000000 0.0000000 1.0000000 0.0000000 0.0000000 0.0000000
 83 V  83 0.0504359 0.0000000 0.0000000 0.0000000 0.0000000 0.0000000 0.0000000 0.0000000 0.0000000 0.0000000 0.0306662 0.0000000 0.0000000 0.0000000 0.0000000 0.0000000 0.2551746 0.0000000 0.0000000 0.6637233
 84 L  84 0.0000000 0.0000000 0.0000000 0.0000000 0.0000000 0.0000000 0.0000000 0.0000000 0.0000000 0.0000000 0.8427256 0.0000000 0.0000000 0.1572744 0.0000000 0.0000000 0.0000000 0.0000000 0.0000000 0.0000000
 85 K  85 0.0000000 0.0790557 0.0000000 0.0000000 0.0000000 0.0000000 0.0000000 0.0000000 0.0000000 0.0000000 0.0000000 0.8503886 0.0000000 0.0000000 0.0000000 0.0000000 0.0705557 0.0000000 0.0000000 0.0000000
 86 A  86 0.4928200 0.0000000 0.0000000 0.0000000 0.0000000 0.2520053 0.0000000 0.0000000 0.0000000 0.0000000 0.2551746 0.0000000 0.0000000 0.0000000 0.0000000 0.0000000 0.0000000 0.0000000 0.0000000 0.0000000
 87 H  87 0.0000000 0.0000000 0.1144990 0.0000000 0.0000000 0.0979003 0.0000000 0.0000000 0.7876008 0.0000000 0.0000000 0.0000000 0.0000000 0.0000000 0.0000000 0.0000000 0.0000000 0.0000000 0.0000000 0.0000000
 88 S  88 0.1031512 0.0784201 0.0000000 0.0000000 0.0000000 0.0000000 0.0000000 0.0000000 0.0000000 0.0000000 0.0000000 0.0000000 0.0000000 0.0000000 0.0000000 0.4731608 0.3452679 0.0000000 0.0000000 0.0000000
 89 A  89 0.3025471 0.0000000 0.0304914 0.1091968 0.0000000 0.0000000 0.0000000 0.0000000 0.0000000 0.1086918 0.0000000 0.0000000 0.0000000 0.0000000 0.1969318 0.0731388 0.1790023 0.0000000 0.0000000 0.0000000
 90 K  90 0.0000000 0.0396574 0.0455284 0.0000000 0.0000000 0.0000000 0.0000000 0.0979003 0.0000000 0.0000000 0.0000000 0.8169139 0.0000000 0.0000000 0.0000000 0.0000000 0.0000000 0.0000000 0.0000000 0.0000000
 91 K  91 0.0000000 0.2294322 0.0000000 0.0000000 0.0000000 0.0000000 0.0000000 0.0000000 0.0000000 0.2551746 0.0000000 0.5153931 0.0000000 0.0000000 0.0000000 0.0000000 0.0000000 0.0000000 0.0000000 0.0000000
 92 K  92 0.0000000 0.2990361 0.0000000 0.0000000 0.0000000 0.0000000 0.0000000 0.0000000 0.0000000 0.0000000 0.0000000 0.5847930 0.0000000 0.0000000 0.0000000 0.1161710 0.0000000 0.0000000 0.0000000 0.0000000
 93 L  93 0.0000000 0.0000000 0.0000000 0.0000000 0.0000000 0.0508195 0.0000000 0.0000000 0.0000000 0.1338572 0.7209215 0.0000000 0.0372563 0.0000000 0.0000000 0.0000000 0.0000000 0.0000000 0.0000000 0.0571455
 94 N  94 0.0000000 0.0000000 1.0000000 0.0000000 0.0000000 0.0000000 0.0000000 0.0000000 0.0000000 0.0000000 0.0000000 0.0000000 0.0000000 0.0000000 0.0000000 0.0000000 0.0000000 0.0000000 0.0000000 0.0000000
