  175         A         R         N         D         C         Q         E         G         H         I         L         K         M         F         P         S         T         W         Y         V    
  1 G   1 0.0000000 0.0000000 0.0000000 0.0000000 0.0000000 0.0000000 0.0000000 1.0000000 0.0000000 0.0000000 0.0000000 0.0000000 0.0000000 0.0000000 0.0000000 0.0000000 0.0000000 0.0000000 0.0000000 0.0000000
  2 R   2 0.0000000 0.0599899 0.0294037 0.0000000 0.0000000 0.0796006 0.6700523 0.0240755 0.0337164 0.0000000 0.0000000 0.0793952 0.0000000 0.0000000 0.0000000 0.0237664 0.0000000 0.0000000 0.0000000 0.0000000
  3 K   3 0.0097970 0.1427569 0.3572403 0.0000000 0.0000000 0.1712790 0.1584467 0.0356396 0.0062802 0.0000000 0.0000000 0.1135469 0.0000000 0.0000000 0.0000000 0.0000000 0.0050133 0.0000000 0.0000000 0.0000000
  4 L   4 0.0538041 0.0343147 0.0000000 0.0133380 0.0000000 0.0250044 0.0000000 0.0000000 0.0000000 0.1861873 0.2830326 0.0250724 0.0946960 0.0310189 0.0000000 0.0241252 0.0810374 0.0000000 0.0172671 0.1311019
  5 L   5 0.0336468 0.0369820 0.0036604 0.0000000 0.0000000 0.2643436 0.1299157 0.0103761 0.0180852 0.0471087 0.0676432 0.0303358 0.0345418 0.0803339 0.0000000 0.0612193 0.0809260 0.0000000 0.0858592 0.0150222
  6 T   6 0.0252049 0.0183989 0.0243546 0.0069036 0.0000000 0.0432097 0.0397515 0.0000000 0.0422250 0.1065638 0.0200459 0.0255809 0.0084088 0.0304903 0.0055972 0.0317548 0.1723392 0.0121564 0.2137799 0.1732347
  7 Y   7 0.0087020 0.0044548 0.0000000 0.0000000 0.0000000 0.0087699 0.0044993 0.0000000 0.2183742 0.1440426 0.0091974 0.0097693 0.0116426 0.0307939 0.0000000 0.0000000 0.0612344 0.0081852 0.2604407 0.2198938
  8 Q   8 0.0175228 0.0855001 0.0087669 0.0091244 0.0000000 0.0451825 0.0503175 0.0000000 0.0115437 0.1309836 0.0199706 0.0785429 0.0000000 0.0123450 0.0085112 0.0271363 0.2686995 0.0000000 0.0035215 0.2223312
  9 V   9 0.1720963 0.0057498 0.0000000 0.0000000 0.0000000 0.0066773 0.0299296 0.0000000 0.0000000 0.1050851 0.0427087 0.0000000 0.0000000 0.0000000 0.1037001 0.0261788 0.0605368 0.0000000 0.0000000 0.4473375
 10 K  10 0.0244146 0.1700351 0.0606983 0.0712914 0.0036182 0.1553763 0.0807375 0.0320177 0.0248360 0.0042744 0.0132291 0.1821591 0.0050739 0.0000000 0.0887569 0.0339475 0.0289325 0.0000000 0.0000000 0.0206015
 11 Q  11 0.0446554 0.0555050 0.0667757 0.0997794 0.0000000 0.0884940 0.1642820 0.0200702 0.0225068 0.0000000 0.0088134 0.1575037 0.0000000 0.0000000 0.0975291 0.0416321 0.0176437 0.0000000 0.1077732 0.0070363
 12 G  12 0.0055675 0.0213299 0.0861196 0.1194370 0.0000000 0.0236541 0.1277747 0.5015152 0.0356172 0.0000000 0.0000000 0.0439166 0.0000000 0.0000000 0.0000000 0.0227456 0.0123225 0.0000000 0.0000000 0.0000000
 13 D  13 0.0090608 0.0419320 0.0989494 0.3929018 0.0000000 0.0394344 0.2770750 0.0288867 0.0167231 0.0000000 0.0047420 0.0240542 0.0000000 0.0000000 0.0000000 0.0233778 0.0311438 0.0000000 0.0117190 0.0000000
 14 T  14 0.0210249 0.0000000 0.0439634 0.0027945 0.0000000 0.0188223 0.0000000 0.0000000 0.0068929 0.0000000 0.0000000 0.0053975 0.0057103 0.0026193 0.1254571 0.1510665 0.5888251 0.0000000 0.0178007 0.0096254
 15 L  15 0.0085623 0.0084322 0.0000000 0.0000000 0.0000000 0.0052038 0.0000000 0.0000000 0.0000000 0.0212926 0.7810381 0.0000000 0.0318926 0.1180457 0.0000000 0.0000000 0.0111374 0.0057559 0.0000000 0.0086395
 16 N  16 0.0882706 0.0308003 0.0153227 0.0093046 0.0000000 0.0406015 0.4010583 0.0104412 0.0029612 0.0630333 0.1219847 0.0018904 0.0059110 0.0123373 0.0506238 0.0454971 0.0076445 0.0285858 0.0299807 0.0337510
 17 S  17 0.1655340 0.0165048 0.0089331 0.2422064 0.0000000 0.0194943 0.0890724 0.0135691 0.0149165 0.0027152 0.0377277 0.0771439 0.0960996 0.0052644 0.0000000 0.1071020 0.0301937 0.0000000 0.0508242 0.0226988
 18 I  18 0.0045740 0.0000000 0.0000000 0.0000000 0.0000000 0.0000000 0.0000000 0.0000000 0.0000000 0.5601651 0.2310007 0.0000000 0.0059859 0.0995632 0.0089363 0.0000000 0.0049202 0.0000000 0.0086361 0.0762185
 19 A  19 0.7186349 0.0057604 0.0000000 0.0000000 0.0000000 0.0000000 0.0000000 0.1337053 0.0000000 0.0000000 0.0049993 0.0000000 0.0039719 0.0000000 0.0000000 0.1219494 0.0036806 0.0000000 0.0000000 0.0072981
 20 A  20 0.1670198 0.2802422 0.0291288 0.0108527 0.0000000 0.0330436 0.2587149 0.0095325 0.0018768 0.0057969 0.0084602 0.1173967 0.0098681 0.0039910 0.0000000 0.0357333 0.0182305 0.0000000 0.0056184 0.0044935
 21 D  21 0.0342227 0.2675811 0.0173706 0.0798703 0.0000000 0.1557598 0.0390218 0.0022562 0.0937971 0.0040836 0.0107678 0.2057343 0.0055749 0.0161662 0.0000000 0.0092662 0.0195996 0.0051930 0.0337349 0.0000000
 22 F  22 0.0026506 0.0127107 0.0220332 0.0046735 0.0000000 0.0000000 0.0033369 0.0000000 0.0619195 0.0030947 0.0384595 0.0000000 0.0025272 0.4144895 0.0031219 0.0041748 0.0113465 0.0000000 0.4097372 0.0057244
 23 R  23 0.0195056 0.0668906 0.1505040 0.2161532 0.0000000 0.1126343 0.0057772 0.1295090 0.1997178 0.0039480 0.0054147 0.0464429 0.0029005 0.0000000 0.0048988 0.0302179 0.0000000 0.0000000 0.0054855 0.0000000
 24 I  24 0.0133051 0.0109103 0.0000000 0.0000000 0.0000000 0.0310741 0.0040437 0.0048585 0.0000000 0.1597431 0.2078401 0.0098754 0.1997648 0.0047343 0.0220246 0.0000000 0.0943476 0.0044941 0.0000000 0.2329844
 25 S  25 0.0282803 0.0273568 0.0066019 0.1287817 0.0076589 0.0044254 0.0029357 0.5400927 0.0000000 0.0000000 0.0084354 0.0090354 0.0041365 0.0000000 0.0390938 0.1196313 0.0646804 0.0000000 0.0000000 0.0088537
 26 T  26 0.0282614 0.0366660 0.0024129 0.0019506 0.0000000 0.0492010 0.1067723 0.0019273 0.0014830 0.0786920 0.1634885 0.0064381 0.0085773 0.1247001 0.0419325 0.0058642 0.0349013 0.0299542 0.2264662 0.0503109
 27 A  27 0.0705113 0.0520693 0.0912836 0.1092785 0.0000000 0.0849001 0.0769295 0.0460481 0.0085822 0.0178410 0.1788726 0.0126420 0.0196816 0.0039958 0.0126155 0.1186720 0.0367744 0.0090681 0.0246628 0.0255716
 28 A  28 0.1602458 0.0169927 0.1005654 0.0549351 0.0000000 0.0729853 0.2325058 0.0377514 0.0114334 0.0028806 0.1340971 0.0070798 0.0052821 0.0426960 0.0067412 0.0287217 0.0116229 0.0026872 0.0530198 0.0177567
 29 L  29 0.0097169 0.0000000 0.0052478 0.0000000 0.0000000 0.0045401 0.0018711 0.0053508 0.0000000 0.2178344 0.4855257 0.0000000 0.1895494 0.0118407 0.0000000 0.0000000 0.0099833 0.0044054 0.0000000 0.0541344
 30 L  30 0.0669668 0.0916150 0.0127845 0.0075644 0.0049717 0.0234741 0.0240542 0.0038156 0.0044213 0.0404503 0.2608321 0.1135351 0.0630186 0.0000000 0.0156625 0.0582213 0.0412673 0.0070734 0.0521145 0.1081573
 31 Q  31 0.2700307 0.1036749 0.0369021 0.0202999 0.0000000 0.0843805 0.2167630 0.0102152 0.0050085 0.0205394 0.0851551 0.0531775 0.0261464 0.0000000 0.0000000 0.0284464 0.0069665 0.0000000 0.0258795 0.0064144
 32 A  32 0.5746801 0.0151124 0.0029824 0.0023112 0.0000000 0.0194764 0.0017610 0.0000000 0.0023081 0.0549316 0.2223755 0.0042688 0.0184296 0.0077766 0.0000000 0.0441916 0.0136251 0.0000000 0.0054443 0.0103253
 33 N  33 0.0141010 0.0077242 0.8486697 0.0038135 0.0000000 0.0019091 0.0141770 0.0075139 0.0106391 0.0092307 0.0125884 0.0020714 0.0175616 0.0059523 0.0153746 0.0059651 0.0118120 0.0000000 0.0060291 0.0048671
 34 P  34 0.0110938 0.0482638 0.0385727 0.0086769 0.0000000 0.0252855 0.0000000 0.0180597 0.0026739 0.0036071 0.0054987 0.0418436 0.0000000 0.0174010 0.7453548 0.0095209 0.0026981 0.0000000 0.0136691 0.0077804
 35 S  35 0.0657281 0.0232230 0.0661460 0.0994727 0.0000000 0.0211551 0.0414612 0.4132469 0.0127070 0.0306133 0.0548581 0.0394101 0.0036006 0.0082371 0.0072232 0.0372923 0.0540053 0.0000000 0.0099077 0.0117122
 36 L  36 0.1044944 0.0058066 0.0000000 0.0172850 0.0000000 0.0143867 0.0489356 0.0172788 0.0072819 0.1568568 0.0711504 0.0339341 0.0135570 0.0081671 0.0333322 0.0272123 0.0571124 0.0053264 0.0121754 0.3657070
 37 Q  37 0.0471975 0.0297628 0.0796269 0.5776837 0.0000000 0.0609998 0.0109393 0.0036363 0.0045229 0.0037801 0.0134166 0.0217126 0.0000000 0.0000000 0.0639331 0.0706131 0.0107559 0.0000000 0.0000000 0.0014195
 38 A  38 0.0971320 0.0249416 0.0034300 0.0092882 0.0000000 0.0093890 0.0067613 0.0197819 0.0040363 0.0326510 0.0538986 0.0105190 0.0036839 0.1320980 0.4167104 0.0261582 0.0507171 0.0000000 0.0060805 0.0927232
 39 G  39 0.0953615 0.0298849 0.0494959 0.0607244 0.0021182 0.0158240 0.0150020 0.0386463 0.0013863 0.0067884 0.0112839 0.0378853 0.0000000 0.1359050 0.0394478 0.0592369 0.0506565 0.1894409 0.1247625 0.0361493
 40 L  40 0.0225309 0.0621339 0.0232095 0.0302171 0.0000000 0.0148130 0.0159010 0.0062217 0.0149015 0.0887404 0.4019532 0.0567146 0.0151339 0.0097152 0.0158618 0.0046146 0.0225740 0.0098186 0.0109165 0.1740285
 41 T  41 0.0302766 0.0323613 0.0060544 0.0048653 0.0015651 0.0402423 0.0144361 0.0188257 0.0014183 0.0480632 0.0731277 0.0853804 0.0062324 0.0058961 0.5271986 0.0193442 0.0090156 0.0053715 0.0202347 0.0500904
 42 A  42 0.2185599 0.0301004 0.0184485 0.0618752 0.0000000 0.0279937 0.0694672 0.1811013 0.0075330 0.0288182 0.0162984 0.0911647 0.0060504 0.0000000 0.1593706 0.0109620 0.0137645 0.0000000 0.0299394 0.0285526
 43 G  43 0.0850718 0.0275640 0.0144379 0.0537067 0.0000000 0.0321644 0.0570613 0.3329509 0.0011472 0.0070602 0.0027571 0.0202577 0.0026775 0.0075635 0.1503846 0.0616649 0.1022758 0.0072782 0.0017821 0.0321942
 44 Q  44 0.0367258 0.0362554 0.0412664 0.0782933 0.0000000 0.1488617 0.1638018 0.1501067 0.0000000 0.0136305 0.0314738 0.0486389 0.0177393 0.0084998 0.0125035 0.0483141 0.1337818 0.0091836 0.0080065 0.0129171
 45 S  45 0.0511819 0.0717112 0.0170761 0.0131728 0.0000000 0.0728957 0.0469348 0.0041031 0.0066611 0.0849610 0.0783506 0.0947079 0.0133590 0.0626916 0.0332937 0.0603656 0.1096490 0.0114196 0.0682535 0.0992118
 46 I  46 0.0301683 0.0942456 0.0045130 0.0036172 0.0028632 0.0229238 0.0030759 0.0224014 0.0090592 0.2335705 0.1735507 0.0432847 0.0136258 0.0136826 0.0157177 0.0074946 0.0402065 0.0163866 0.0066112 0.2430015
 47 V  47 0.0412823 0.1261830 0.0044406 0.0128762 0.0029654 0.0221135 0.0103500 0.0023159 0.0047653 0.2245484 0.1402171 0.0547055 0.0097267 0.0171164 0.0382525 0.0140403 0.0743683 0.0281406 0.0148188 0.1567734
 48 I  48 0.0453447 0.0304477 0.0099903 0.0114400 0.0237664 0.1006598 0.0223005 0.0059646 0.0172614 0.1809787 0.0502088 0.0222661 0.0160459 0.0025628 0.2271455 0.0344201 0.0383931 0.0000000 0.0117036 0.1490999
 49 P  49 0.0986170 0.0316195 0.0529373 0.0262469 0.0000000 0.0600094 0.0411129 0.0312989 0.0226885 0.0962734 0.0574365 0.0145579 0.0150833 0.0087280 0.1983553 0.0663878 0.0803995 0.0000000 0.0144690 0.0837788
 50 G  50 0.0554491 0.0830558 0.0672872 0.0199354 0.0000000 0.2027269 0.0384639 0.0552474 0.0125200 0.0144743 0.0020531 0.0239182 0.0058628 0.0071582 0.1437491 0.0389732 0.0645888 0.0000000 0.0029213 0.1616153
 51 L  51 0.0796712 0.0490729 0.0182694 0.0258465 0.0000000 0.0198763 0.0263578 0.0406422 0.0104345 0.0790485 0.1826616 0.0200829 0.0739587 0.0941781 0.0399174 0.0264889 0.0198298 0.0042683 0.0715984 0.1177966
 52 P  52 0.0730109 0.0084343 0.0110317 0.0340466 0.0000000 0.0092967 0.0094927 0.0411809 0.0056390 0.2416967 0.1009121 0.0098367 0.0018748 0.0253785 0.1939779 0.0297875 0.0279851 0.0036919 0.1283837 0.0443423
 53 D  53 0.0469949 0.0414382 0.0966888 0.0927437 0.0000000 0.0342227 0.0271485 0.0042011 0.0032319 0.0223009 0.3433163 0.0486437 0.0047079 0.0203703 0.0963006 0.0383317 0.0260672 0.0000000 0.0127270 0.0405645
 54 P  54 0.0361384 0.0482064 0.0126166 0.0143623 0.0000000 0.0306237 0.0237954 0.0840840 0.0048378 0.0130345 0.0322661 0.0468621 0.0008462 0.0099511 0.4995153 0.0234374 0.0971035 0.0000000 0.0059044 0.0164148
 55 Y  55 0.0615849 0.0427300 0.0966687 0.2028240 0.0000000 0.0489984 0.0562696 0.0485506 0.0133209 0.0106942 0.0418636 0.0796028 0.0012627 0.0213324 0.1596413 0.0371735 0.0378214 0.0043243 0.0093258 0.0260110
 56 T  56 0.1623687 0.0331058 0.0073013 0.0214710 0.0000000 0.0307669 0.1702968 0.0542328 0.0132202 0.0134480 0.0088404 0.0532179 0.0062644 0.0242185 0.0306939 0.0623704 0.1796711 0.0000000 0.0391867 0.0893254
 57 I  57 0.1229957 0.0157445 0.0206848 0.0197965 0.0000000 0.0340764 0.0888449 0.0709034 0.0039890 0.0528145 0.0356319 0.0937538 0.0082091 0.0000000 0.2810187 0.0459398 0.0542671 0.0000000 0.0014185 0.0499115
 58 P  58 0.0391050 0.2460383 0.0042975 0.0401391 0.0000000 0.0160080 0.0319959 0.0461907 0.0498359 0.0121035 0.0021561 0.0452891 0.0000000 0.0055094 0.3452745 0.0069061 0.0263179 0.0234552 0.0161083 0.0432694
 59 Y  59 0.0268759 0.0515494 0.0110900 0.0202664 0.0000000 0.0399047 0.1580144 0.2421840 0.0185462 0.0242675 0.0345666 0.0791075 0.0087450 0.0186962 0.0230190 0.0134167 0.0557764 0.0000000 0.0908219 0.0831522
 60 H  60 0.0187323 0.1373784 0.0043433 0.0108167 0.0000000 0.0205512 0.0136909 0.3115585 0.0370631 0.0064296 0.0232761 0.0297883 0.0104058 0.0090679 0.0040550 0.0758505 0.2410778 0.0263857 0.0131734 0.0063553
 61 I  61 0.0095708 0.0000000 0.0000000 0.0000000 0.0000000 0.0000000 0.0039295 0.0000000 0.0000000 0.7494643 0.1089477 0.0021055 0.0091335 0.0000000 0.0000000 0.0000000 0.0000000 0.0000000 0.0000000 0.1168486
 62 A  62 0.0185681 0.0029890 0.0085899 0.0176266 0.0000000 0.0042101 0.0827486 0.0014633 0.0100916 0.1757905 0.0535722 0.0053890 0.0009670 0.0060084 0.0000000 0.0134623 0.0279875 0.0000000 0.0196240 0.5509119
 63 V  63 0.0513562 0.0026177 0.0000000 0.0000000 0.0000000 0.0000000 0.0000000 0.0000000 0.0000000 0.4792268 0.0498748 0.0000000 0.0000000 0.0000000 0.0000000 0.0000000 0.0000000 0.0000000 0.0000000 0.4169244
 64 S  64 0.0039826 0.0220739 0.4340965 0.3477003 0.0000000 0.0088636 0.0069269 0.0012894 0.0210779 0.0009795 0.0040914 0.0155245 0.0000000 0.0043941 0.0000000 0.1095702 0.0031791 0.0000000 0.0090997 0.0071505
 65 I  65 0.0030779 0.0437315 0.0064493 0.0000000 0.0000000 0.0000000 0.0009596 0.0012964 0.0000000 0.1114920 0.3073502 0.1564751 0.0011766 0.0036691 0.0390098 0.0363901 0.2162834 0.0000000 0.0000000 0.0726391
 66 G  66 0.3274967 0.0440598 0.0247862 0.0514011 0.0000000 0.0324832 0.0202444 0.0657310 0.0063779 0.0000000 0.0187158 0.0638118 0.0000000 0.0045018 0.1157647 0.1629292 0.0433686 0.0007662 0.0122867 0.0052749
 67 A  67 0.0895184 0.0516512 0.1150082 0.0645626 0.0000000 0.0353117 0.4067896 0.0139469 0.0212833 0.0036201 0.0039977 0.0512873 0.0020640 0.0000000 0.0000000 0.0482399 0.0798751 0.0015715 0.0051178 0.0061546
 68 K  68 0.0030776 0.3009465 0.0800644 0.0015772 0.0036376 0.0536318 0.0077956 0.0176808 0.0655598 0.0000000 0.1269271 0.1066302 0.1237221 0.0145000 0.0000000 0.0226446 0.0270474 0.0000000 0.0445574 0.0000000
 69 T  69 0.0041016 0.4741334 0.0044973 0.0025708 0.0000000 0.0829636 0.0188097 0.0000000 0.0130170 0.0165801 0.0306617 0.0702899 0.0089280 0.0851881 0.0000000 0.0126258 0.0796888 0.0035310 0.0615622 0.0308511
 70 L  70 0.0134095 0.0000000 0.0000000 0.0039643 0.0019998 0.0000000 0.0000000 0.0000000 0.0000000 0.0196892 0.8456699 0.0000000 0.0266994 0.0015236 0.0000000 0.0000000 0.0034554 0.0000000 0.0000000 0.0835891
 71 T  71 0.0701817 0.0468156 0.0090738 0.0031495 0.0013191 0.0089672 0.0158104 0.0103754 0.0120483 0.0134342 0.0199419 0.0120816 0.0031593 0.0560025 0.0000000 0.0182877 0.0905517 0.0012757 0.5909448 0.0165794
 72 L  72 0.0770072 0.0021188 0.0000000 0.0000000 0.0000000 0.0059866 0.0000000 0.0031780 0.0219324 0.0103360 0.3015519 0.0000000 0.0000000 0.0672522 0.0000000 0.0017642 0.0000000 0.0050507 0.3530201 0.1508019
 73 S  73 0.0108083 0.0063684 0.0016719 0.0044845 0.0000000 0.0034520 0.0013559 0.0041083 0.0074545 0.0595563 0.0552858 0.0112680 0.0056413 0.2533621 0.0000000 0.0065391 0.0117831 0.0156609 0.3409406 0.2002590
 74 L  74 0.0328799 0.0754336 0.0407440 0.0826675 0.0009439 0.1076694 0.1281305 0.0106301 0.0132466 0.0053931 0.0829970 0.0663104 0.0240987 0.0059179 0.2305526 0.0389542 0.0200009 0.0025537 0.0178773 0.0129985
 75 N  75 0.0421279 0.0062526 0.1568682 0.1940314 0.0000000 0.0262476 0.1067464 0.2016000 0.0133005 0.0000000 0.0053320 0.1090583 0.0000000 0.0000000 0.1029299 0.0286701 0.0042948 0.0000000 0.0025403 0.0000000
 76 N  76 0.0140606 0.0090929 0.1977640 0.1450191 0.0000000 0.0113196 0.0388832 0.4651496 0.0062620 0.0038400 0.0000000 0.0269665 0.0000000 0.0014601 0.0315607 0.0318904 0.0106258 0.0000000 0.0015030 0.0046024
 77 R  77 0.0194154 0.0943290 0.1069569 0.0109135 0.0000000 0.0981566 0.0546543 0.2178862 0.0027064 0.0361173 0.0044738 0.2198555 0.0026362 0.0018628 0.0023053 0.0458814 0.0366903 0.0000000 0.0087285 0.0364309
 78 V  78 0.0174151 0.1067944 0.0020450 0.0000000 0.0042448 0.0682098 0.0331378 0.0030066 0.0082956 0.0733124 0.2016527 0.1159115 0.0326374 0.0157799 0.0407790 0.0153338 0.0943773 0.0065493 0.0211761 0.1393413
 79 M  79 0.2192618 0.0035592 0.0000000 0.0031407 0.0000000 0.0284863 0.0078471 0.0000000 0.0015682 0.1386689 0.0891873 0.0048533 0.0077704 0.0136643 0.0011261 0.0074800 0.0155414 0.0000000 0.0400733 0.4177717
 80 K  80 0.1380808 0.1218346 0.0124877 0.0058888 0.0030891 0.0281369 0.0426546 0.0214501 0.0342638 0.1345982 0.0722051 0.1623701 0.0668531 0.0117458 0.0000000 0.0131633 0.0326302 0.0000000 0.0422045 0.0563432
 81 T  81 0.0298961 0.2186913 0.0157757 0.0056623 0.0007875 0.0373747 0.0125315 0.0018689 0.0022857 0.0456078 0.0022925 0.0288350 0.0064407 0.0074731 0.0000000 0.1328036 0.2322085 0.0000000 0.0025654 0.2168996
 82 Y  82 0.0158354 0.0000000 0.0000000 0.0000000 0.0000000 0.0000000 0.0071363 0.0000000 0.0174013 0.0054365 0.0566319 0.0000000 0.0000000 0.1958412 0.0000000 0.0034038 0.0079555 0.0026909 0.6823465 0.0053207
 83 P  83 0.0368796 0.0233196 0.0068031 0.0037280 0.0000000 0.0057022 0.0038940 0.1816466 0.0055598 0.0055868 0.0000000 0.0084982 0.0000000 0.0000000 0.6582683 0.0273173 0.0233434 0.0000000 0.0010490 0.0084043
 84 I  84 0.0858007 0.0000000 0.0000000 0.0000000 0.0127199 0.0000000 0.0000000 0.0000000 0.0055997 0.3813080 0.0289549 0.0000000 0.0000000 0.0000000 0.0000000 0.0054198 0.0157755 0.0000000 0.0000000 0.4644215
 85 A  85 0.2865175 0.0089948 0.0000000 0.0000000 0.0044153 0.0000000 0.0000000 0.4991914 0.0000000 0.0000000 0.0000000 0.0000000 0.0000000 0.0000000 0.0000000 0.1134191 0.0874619 0.0000000 0.0000000 0.0000000
 86 V  86 0.0065520 0.0000000 0.0000000 0.0000000 0.0028612 0.0000000 0.0014056 0.0053138 0.0000000 0.3989597 0.0620435 0.0000000 0.0083146 0.0000000 0.0081956 0.0310764 0.0885887 0.0000000 0.0000000 0.3866889
 87 G  87 0.0085748 0.0000000 0.0000000 0.0000000 0.0000000 0.0000000 0.0060394 0.9561201 0.0000000 0.0000000 0.0000000 0.0000000 0.0000000 0.0153609 0.0036614 0.0102435 0.0000000 0.0000000 0.0000000 0.0000000
 88 K  88 0.0207224 0.3131242 0.0236378 0.0176161 0.0000000 0.0861978 0.0360662 0.0040231 0.0000000 0.0000000 0.0124051 0.2923052 0.0075593 0.0012827 0.0000000 0.1099613 0.0632000 0.0000000 0.0000000 0.0118987
 89 I  89 0.1058683 0.0179314 0.0120580 0.0799044 0.0000000 0.0505128 0.1829830 0.0208888 0.0000000 0.0521725 0.0718073 0.0353205 0.0410492 0.0103431 0.1686246 0.0655115 0.0451607 0.0032578 0.0088010 0.0278049
 90 L  90 0.0479679 0.0095467 0.0147351 0.1469887 0.0000000 0.0064913 0.1026305 0.4876493 0.0099091 0.0008656 0.0347393 0.0295829 0.0008289 0.0000000 0.0095674 0.0702533 0.0147328 0.0010227 0.0067714 0.0057171
 91 T  91 0.0245417 0.0978888 0.0405067 0.0177187 0.0000000 0.0043016 0.0132234 0.0083592 0.0336724 0.0019461 0.0277706 0.0607282 0.0247412 0.1635273 0.0000000 0.0644067 0.2285266 0.1655436 0.0178218 0.0047752
 92 Q  92 0.0770135 0.0302705 0.0240744 0.0657726 0.0000000 0.0571726 0.1610844 0.0304836 0.0100995 0.0011555 0.0407747 0.0407458 0.0126340 0.0064223 0.3484804 0.0435975 0.0067508 0.0290299 0.0084605 0.0059775
 93 T  93 0.0236293 0.0037907 0.0020335 0.0095237 0.0000000 0.0000000 0.0079164 0.0000000 0.0000000 0.0207383 0.0083745 0.0015828 0.0000000 0.0061916 0.0015692 0.1428245 0.6631464 0.1086793 0.0000000 0.0000000
 94 P  94 0.0022582 0.0056284 0.0023577 0.0000000 0.0000000 0.0000000 0.0019756 0.0000000 0.0000000 0.0031770 0.0042428 0.0029169 0.0000000 0.0000000 0.8772602 0.0135113 0.0000000 0.0715292 0.0011134 0.0140293
 95 T  95 0.0479748 0.0409916 0.0166296 0.0098345 0.0045975 0.0269103 0.1026768 0.0151902 0.0120087 0.0848677 0.1186101 0.0231288 0.0068716 0.0147662 0.0507915 0.1406360 0.1728094 0.0000000 0.0075376 0.1031671
 96 G  96 0.0101309 0.0030204 0.0258057 0.0054606 0.0000000 0.0010781 0.0000000 0.7750148 0.0000000 0.0000000 0.0011757 0.0026795 0.0816478 0.0022424 0.0341957 0.0056125 0.0133892 0.0360413 0.0000000 0.0025055
 97 E  97 0.0193754 0.0710056 0.0565700 0.0618860 0.0011912 0.0357359 0.1200335 0.0039442 0.0069563 0.0568150 0.0213224 0.0617771 0.0069129 0.0024761 0.0083715 0.0640287 0.2152053 0.0297933 0.0098878 0.1467118
 98 F  98 0.0833246 0.0031315 0.0018187 0.0007661 0.0000000 0.0300401 0.0065949 0.0027339 0.0508851 0.0056159 0.0260988 0.0211842 0.0417681 0.2981671 0.0120088 0.0155737 0.2252763 0.0569651 0.0938165 0.0242307
 99 Y  99 0.0221364 0.1534382 0.0079198 0.0141881 0.0025313 0.0461812 0.0490899 0.0000000 0.0163445 0.0236786 0.0122730 0.2261478 0.0036244 0.0146624 0.0043257 0.1074615 0.2045735 0.0173915 0.0299494 0.0440829
100 I 100 0.0336888 0.0026988 0.0014070 0.0000000 0.0000000 0.0019691 0.0027096 0.0000000 0.0000000 0.4941569 0.0147601 0.0051573 0.0112188 0.0000000 0.0085874 0.0068748 0.0139587 0.0000000 0.0000000 0.4028125
101 I 101 0.0514093 0.0398842 0.0205119 0.0229939 0.0000000 0.0434041 0.0239636 0.0394272 0.0074807 0.1427387 0.0815055 0.0705732 0.0175874 0.0043923 0.0027096 0.1193483 0.1550682 0.0052654 0.0088887 0.1428478
102 N 102 0.0904121 0.1761916 0.1323977 0.0318364 0.0000000 0.1434187 0.1163586 0.0677855 0.0191828 0.0053199 0.0049370 0.0164066 0.0324253 0.0037845 0.0000000 0.0688937 0.0372103 0.0132324 0.0126920 0.0275150
103 R 103 0.0000000 0.0941509 0.0000000 0.0000000 0.0000000 0.0000000 0.0000000 0.0000000 0.0029097 0.0542603 0.0053531 0.7347073 0.0652834 0.0000000 0.0028755 0.0000000 0.0000000 0.0000000 0.0000000 0.0404597
104 Q 104 0.2017750 0.1157032 0.0129834 0.0373230 0.0000000 0.0902844 0.0387870 0.0127487 0.0066798 0.0915067 0.0132703 0.1040509 0.0110343 0.0080902 0.0843048 0.0169424 0.0222525 0.0000000 0.0306980 0.1015654
105 R 105 0.0613888 0.0894505 0.0013625 0.0096961 0.0000000 0.0115857 0.1477228 0.0180732 0.0107679 0.0205344 0.0102345 0.1471197 0.0156772 0.0010703 0.3526525 0.0139604 0.0102421 0.0000000 0.0131087 0.0653527
106 N 106 0.0168814 0.0092447 0.3081350 0.0756225 0.0000000 0.0092634 0.0255161 0.2405990 0.0413230 0.0025291 0.0037378 0.0145519 0.0196486 0.0023422 0.0057243 0.0233900 0.0215316 0.1604653 0.0194942 0.0000000
107 P 107 0.0101605 0.0057604 0.0045865 0.0009617 0.0000000 0.0107360 0.0040091 0.0204463 0.0192233 0.0060727 0.0107972 0.0071112 0.0023408 0.0000000 0.8293717 0.0050301 0.0043093 0.0473861 0.0116969 0.0000000
108 G 108 0.0220165 0.0233339 0.2156007 0.3007598 0.0000000 0.0067211 0.0680052 0.2055723 0.0232390 0.0082517 0.0044923 0.0389450 0.0063150 0.0000000 0.0118972 0.0273387 0.0278099 0.0000000 0.0036064 0.0060954
109 G 109 0.0149498 0.0012123 0.7204304 0.0031121 0.0000000 0.0020597 0.0029994 0.1665408 0.0000000 0.0031534 0.0000000 0.0011104 0.0125586 0.0000000 0.0052157 0.0335866 0.0077717 0.0044760 0.0000000 0.0208231
110 P 110 0.0162899 0.0000000 0.0059972 0.0000000 0.0000000 0.0063910 0.0191287 0.0497758 0.0000000 0.0046925 0.0017233 0.0104509 0.0029339 0.0000000 0.8543042 0.0060005 0.0000000 0.0000000 0.0038583 0.0184538
111 F 111 0.0060287 0.0000000 0.0103955 0.0031900 0.0000000 0.0000000 0.0000000 0.0052654 0.0000000 0.0077468 0.5258391 0.0000000 0.1723807 0.1256288 0.0000000 0.0000000 0.0000000 0.0069039 0.0194073 0.1172139
112 G 112 0.0000000 0.0000000 0.0000000 0.0000000 0.0000000 0.0000000 0.0000000 0.9730967 0.0000000 0.0000000 0.0000000 0.0000000 0.0060493 0.0000000 0.0000000 0.0024018 0.0000000 0.0000000 0.0048203 0.0136319
113 A 113 0.2443888 0.0474337 0.0224717 0.0283838 0.0008897 0.0114452 0.0622537 0.0311019 0.0141061 0.0051647 0.0836333 0.0354329 0.0129578 0.0000000 0.0798375 0.1172543 0.1560926 0.0000000 0.0129306 0.0342216
114 Y 114 0.0142267 0.4673732 0.0060287 0.0000000 0.0036519 0.0000000 0.0000000 0.0000000 0.0717979 0.0174556 0.0324214 0.0000000 0.0218704 0.0684352 0.0000000 0.0036631 0.0076573 0.0041032 0.2060610 0.0752545
115 W 115 0.5170710 0.0000000 0.0000000 0.0000000 0.0000000 0.0000000 0.0000000 0.0180552 0.0000000 0.0000000 0.0025992 0.0161930 0.0182534 0.0113059 0.0000000 0.0000000 0.0027385 0.3854306 0.0142195 0.0141336
116 L 116 0.0000000 0.0000000 0.0060287 0.0000000 0.0000000 0.0034038 0.0048038 0.0000000 0.0012379 0.2474135 0.3812775 0.0000000 0.3214633 0.0265603 0.0000000 0.0000000 0.0000000 0.0000000 0.0000000 0.0078112
117 S 117 0.0345671 0.1713835 0.0032084 0.0616205 0.0000000 0.0512604 0.0224222 0.2633340 0.0029752 0.0043931 0.0143381 0.0150625 0.0044616 0.0000000 0.0014312 0.0305847 0.0265629 0.0000000 0.2895701 0.0028246
118 L 118 0.0000000 0.0000000 0.0000000 0.0000000 0.0000000 0.0000000 0.0000000 0.0000000 0.0000000 0.0892334 0.7692034 0.0000000 0.0019264 0.0933073 0.0000000 0.0000000 0.0315358 0.0025097 0.0052654 0.0070187
119 S 119 0.0384644 0.0018165 0.0909302 0.0376397 0.0000000 0.0011204 0.0028440 0.3121004 0.0136143 0.0000000 0.0008829 0.0057806 0.0000000 0.0455527 0.0000000 0.3201911 0.0391378 0.0087919 0.0811330 0.0000000
120 K 120 0.0365628 0.1055117 0.0632539 0.0335685 0.0000000 0.0598619 0.0613422 0.0946311 0.0065692 0.0424376 0.0326122 0.1833397 0.0121833 0.0152686 0.0027098 0.0815404 0.0136000 0.0972241 0.0301842 0.0275988
121 Q 121 0.0261609 0.0282762 0.0610818 0.0569233 0.0000000 0.0156501 0.0207671 0.3038318 0.0008964 0.0031903 0.0062988 0.0349154 0.0020375 0.0000000 0.2332121 0.0759391 0.1232405 0.0016383 0.0009206 0.0050196
122 H 122 0.0144126 0.0062103 0.0618515 0.0410020 0.0093242 0.0372271 0.0754759 0.1813011 0.0613544 0.0513272 0.1158408 0.0179074 0.0237917 0.0026973 0.0041507 0.1186164 0.0971728 0.0053437 0.0191788 0.0558140
123 Y 123 0.0050183 0.0000000 0.0019448 0.0000000 0.0000000 0.0000000 0.0000000 0.0000000 0.0045542 0.0922882 0.0188073 0.0000000 0.0000000 0.0773411 0.0000000 0.0000000 0.0012523 0.0000000 0.7830567 0.0157372
124 G 124 0.1383359 0.2024729 0.0000000 0.0000000 0.0000000 0.0000000 0.0000000 0.4124485 0.0000000 0.0000000 0.2105239 0.0000000 0.0059237 0.0243441 0.0000000 0.0020908 0.0000000 0.0000000 0.0038602 0.0000000
125 I 125 0.0000000 0.0000000 0.0000000 0.0000000 0.0000000 0.0000000 0.0000000 0.0000000 0.0000000 0.8272892 0.0939008 0.0000000 0.0147604 0.0470818 0.0000000 0.0000000 0.0000000 0.0000000 0.0000000 0.0169678
126 H 126 0.0000000 0.0102435 0.0000000 0.0000000 0.0000000 0.0000000 0.0000000 0.0000000 0.9897565 0.0000000 0.0000000 0.0000000 0.0000000 0.0000000 0.0000000 0.0000000 0.0000000 0.0000000 0.0000000 0.0000000
127 G 127 0.0215247 0.0000000 0.0000000 0.0000000 0.0000000 0.0000000 0.0000000 0.9637125 0.0000000 0.0000000 0.0000000 0.0000000 0.0000000 0.0000000 0.0000000 0.0147627 0.0000000 0.0000000 0.0000000 0.0000000
128 T 128 0.0168261 0.0000000 0.0188008 0.0000000 0.0000000 0.0000000 0.0000000 0.0142363 0.0000000 0.0000000 0.0000000 0.0000000 0.0000000 0.0000000 0.0000000 0.0758095 0.8743272 0.0000000 0.0000000 0.0000000
129 N 129 0.0212235 0.0060287 0.6199951 0.0289033 0.0000000 0.0040698 0.0024980 0.0000000 0.0065545 0.0186652 0.0096209 0.0035491 0.0015232 0.0020597 0.1545790 0.0412361 0.0465611 0.0013559 0.0273272 0.0042496
130 N 130 0.1321959 0.0751315 0.0966767 0.0824725 0.0015120 0.0825937 0.1891639 0.0051532 0.0185628 0.0054734 0.0175715 0.1787356 0.0077467 0.0057767 0.0000000 0.0219554 0.0295537 0.0276011 0.0110354 0.0110884
131 P 131 0.0092369 0.0223224 0.0658449 0.0630530 0.0000000 0.0059213 0.0460880 0.0027971 0.0194661 0.0015765 0.0027493 0.0149979 0.0000000 0.0026111 0.6913537 0.0094823 0.0106357 0.0162649 0.0068650 0.0087340
132 A 132 0.0579415 0.0069436 0.0459123 0.0892016 0.0000000 0.0386843 0.1033564 0.0289064 0.0197550 0.0000000 0.0041624 0.0173479 0.0009821 0.1728905 0.0037670 0.1623567 0.0058473 0.1954608 0.0436467 0.0028375
133 S 133 0.0089189 0.0179263 0.0127399 0.0027542 0.0000000 0.0055533 0.0173800 0.2838267 0.0046414 0.0000000 0.0545205 0.0463041 0.0035653 0.0188774 0.0000000 0.3558257 0.1408967 0.0040978 0.0192448 0.0029267
134 I 134 0.0000000 0.0000000 0.0000000 0.0000000 0.0000000 0.0022566 0.0000000 0.0000000 0.0000000 0.7631588 0.0213170 0.0000000 0.0092930 0.0191232 0.0000000 0.0000000 0.0000000 0.0000000 0.0000000 0.1848515
135 G 135 0.0055706 0.0025345 0.0103210 0.0184730 0.0000000 0.0000000 0.0000000 0.9063410 0.0000000 0.0000000 0.0000000 0.0102435 0.0000000 0.0054641 0.0000000 0.0321658 0.0000000 0.0000000 0.0088865 0.0000000
136 K 136 0.0311196 0.1125186 0.0065347 0.0000000 0.0000000 0.0789604 0.0097074 0.0207548 0.0188420 0.0000000 0.1117852 0.2330117 0.1615794 0.0035728 0.0000000 0.0385479 0.1345678 0.0068918 0.0214633 0.0101426
137 A 137 0.2256272 0.2763192 0.0582782 0.0295826 0.0000000 0.0395723 0.0105645 0.0039034 0.0247076 0.0000000 0.0231665 0.0277365 0.0021180 0.0442232 0.0436487 0.0521103 0.0619617 0.0000000 0.0634710 0.0130090
138 V 138 0.1992760 0.0009866 0.0163600 0.0030844 0.0000000 0.0142271 0.0474817 0.0144654 0.0000000 0.0772960 0.0090218 0.0034759 0.0320034 0.0073724 0.0000000 0.0415155 0.0258604 0.0000000 0.0013091 0.5062644
139 S 139 0.0000000 0.0000000 0.0000000 0.0000000 0.0000000 0.0000000 0.0000000 0.0000000 0.0000000 0.0000000 0.0000000 0.0000000 0.0000000 0.0000000 0.0000000 0.9297692 0.0702308 0.0000000 0.0000000 0.0000000
140 K 140 0.0565921 0.0367352 0.0586312 0.0147506 0.0000000 0.0348589 0.0035180 0.0220442 0.4126437 0.0000000 0.0313432 0.0387394 0.0041203 0.0000000 0.0000000 0.2723486 0.0000000 0.0000000 0.0136746 0.0000000
141 G 141 0.0000000 0.0000000 0.0162829 0.0000000 0.0000000 0.0000000 0.0000000 0.9837171 0.0000000 0.0000000 0.0000000 0.0000000 0.0000000 0.0000000 0.0000000 0.0000000 0.0000000 0.0000000 0.0000000 0.0000000
142 C 142 0.0000000 0.0000000 0.0000000 0.0000000 0.9837171 0.0000000 0.0000000 0.0000000 0.0000000 0.0000000 0.0000000 0.0000000 0.0000000 0.0000000 0.0000000 0.0162829 0.0000000 0.0000000 0.0000000 0.0000000
143 I 143 0.0021463 0.0000000 0.0000000 0.0000000 0.0000000 0.0000000 0.0000000 0.0000000 0.0000000 0.6516965 0.0273168 0.0000000 0.0168228 0.0675265 0.0000000 0.0000000 0.0037523 0.0000000 0.0000000 0.2307388
144 R 144 0.0000000 0.9230367 0.0188509 0.0000000 0.0000000 0.0144306 0.0000000 0.0089948 0.0126792 0.0000000 0.0000000 0.0025320 0.0000000 0.0000000 0.0000000 0.0000000 0.0000000 0.0000000 0.0000000 0.0194758
145 M 145 0.0000000 0.0000000 0.0000000 0.0000000 0.0023489 0.0000000 0.0000000 0.0000000 0.0039531 0.0000000 0.4151849 0.0000000 0.5521494 0.0090857 0.0000000 0.0000000 0.0000000 0.0000000 0.0000000 0.0172779
146 H 146 0.0141284 0.1778497 0.0326228 0.0114191 0.0007758 0.0118577 0.0081925 0.0068151 0.0588857 0.0090993 0.0981044 0.0199296 0.0301236 0.0862863 0.0187183 0.0302578 0.1618666 0.0047813 0.2029431 0.0153429
147 N 147 0.0224836 0.0017932 0.6296406 0.0384400 0.0000000 0.0039689 0.0169651 0.0040343 0.0033174 0.0000000 0.0000000 0.0215394 0.0142363 0.0000000 0.2242836 0.0037706 0.0123735 0.0000000 0.0000000 0.0031534
148 K 148 0.0584689 0.0474926 0.0410632 0.1136116 0.0000000 0.1073654 0.3173021 0.0074801 0.0216428 0.0007488 0.0000000 0.1012044 0.0000000 0.0057141 0.0211350 0.0349725 0.0082683 0.1109192 0.0026111 0.0000000
149 D 149 0.0058812 0.0028321 0.0552452 0.8288233 0.0026111 0.0097070 0.0187216 0.0084887 0.0395248 0.0000000 0.0031534 0.0000000 0.0000000 0.0173771 0.0000000 0.0076344 0.0000000 0.0000000 0.0000000 0.0000000
150 V 150 0.1612754 0.0000000 0.0000000 0.0000000 0.0000000 0.0000000 0.0074780 0.0000000 0.0000000 0.3913421 0.0060132 0.0000000 0.0146372 0.0000000 0.0000000 0.0060287 0.0000000 0.0000000 0.0000000 0.4132254
151 I 151 0.0600203 0.0496597 0.0164611 0.0045652 0.0000000 0.0315394 0.3356994 0.0052069 0.0010240 0.1339034 0.0599755 0.1319609 0.0152898 0.0000000 0.0104620 0.0399266 0.0570051 0.0030120 0.0015110 0.0427777
152 E 152 0.0928905 0.0403600 0.0084108 0.2399484 0.0000000 0.0503556 0.2667539 0.0058356 0.0249592 0.0052479 0.0198903 0.0305178 0.0107459 0.0142407 0.0000000 0.0261349 0.0299746 0.0736293 0.0436166 0.0164878
153 L 153 0.0026900 0.0000000 0.0000000 0.0000000 0.0000000 0.0000000 0.0000000 0.0000000 0.0000000 0.0288997 0.9028959 0.0000000 0.0085958 0.0193452 0.0000000 0.0000000 0.0000000 0.0000000 0.0000000 0.0375734
154 A 154 0.1283616 0.0000000 0.0000000 0.0188430 0.0000000 0.0011123 0.0016415 0.0218616 0.0038858 0.0012005 0.0041743 0.0000000 0.0027971 0.4297999 0.0000000 0.0127052 0.0000000 0.0052654 0.3605370 0.0078150
155 S 155 0.0679946 0.0448651 0.1336681 0.1852085 0.0000000 0.0391158 0.1497597 0.0732569 0.0169079 0.0000000 0.0058548 0.0802573 0.0009585 0.0054854 0.0520169 0.1135426 0.0172624 0.0041812 0.0096643 0.0000000
156 I 156 0.0306668 0.2508085 0.0513296 0.0095563 0.0000000 0.0988557 0.0158296 0.0000000 0.0305515 0.0634274 0.1497856 0.0418284 0.0934886 0.0202037 0.0000000 0.0342963 0.0331631 0.0373727 0.0161264 0.0227098
157 V 157 0.0621542 0.0000000 0.0000000 0.0000000 0.0042051 0.0000000 0.0000000 0.0000000 0.0000000 0.1006819 0.0335472 0.0000000 0.0024979 0.0000000 0.0000000 0.0011124 0.0701531 0.0000000 0.0000000 0.7256482
158 P 158 0.0393620 0.0530956 0.0317542 0.0469075 0.0000000 0.0295999 0.0453355 0.0276189 0.0169019 0.0000000 0.0009414 0.1342519 0.0023560 0.0015463 0.4368551 0.0881784 0.0384211 0.0000000 0.0011508 0.0057237
159 N 159 0.0233681 0.0328194 0.0403967 0.0125050 0.0029420 0.0107658 0.0160945 0.0051648 0.0007788 0.1202619 0.1018260 0.0561864 0.0163117 0.0000000 0.0661720 0.0273640 0.0351975 0.0028572 0.0125025 0.4164856
160 G 160 0.0000000 0.0056630 0.0560561 0.0082962 0.0000000 0.0061185 0.0086722 0.8796171 0.0020220 0.0000000 0.0000000 0.0234195 0.0000000 0.0000000 0.0035569 0.0065784 0.0000000 0.0000000 0.0000000 0.0000000
161 T 161 0.0930727 0.0000000 0.0000000 0.0137792 0.0030712 0.0011876 0.0193157 0.0000000 0.0000000 0.0092510 0.0063019 0.0000000 0.0224388 0.0000000 0.0000000 0.0313845 0.7392663 0.0000000 0.0000000 0.0609312
162 R 162 0.0115359 0.1844592 0.0039945 0.0062805 0.0000000 0.0509334 0.0376485 0.0097383 0.0000000 0.0331593 0.0243526 0.1901552 0.0016510 0.0000000 0.2837812 0.0328450 0.1060571 0.0000000 0.0011233 0.0222851
163 V 163 0.0019912 0.0000000 0.0000000 0.0000000 0.0000000 0.0000000 0.0000000 0.0061227 0.0000000 0.0371964 0.0031463 0.0000000 0.0024901 0.0000000 0.0000000 0.0000000 0.0000000 0.0000000 0.0000000 0.9490533
164 T 164 0.0202998 0.1049871 0.0501238 0.0143292 0.0011427 0.1002143 0.0845880 0.0000000 0.0155649 0.1221003 0.0508709 0.0500697 0.0044319 0.0105818 0.0000000 0.0189771 0.1096638 0.0089728 0.0302058 0.2028762
165 I 165 0.0000000 0.0000000 0.0000000 0.0000000 0.0000000 0.0000000 0.0000000 0.0000000 0.0000000 0.4531293 0.0225646 0.0000000 0.0097899 0.1310807 0.0000000 0.0073505 0.0055931 0.0000000 0.0000000 0.3704920
166 N 166 0.0060531 0.1175171 0.0063566 0.0027608 0.0000000 0.0433301 0.0128530 0.0072406 0.0141451 0.3188630 0.1106413 0.0392300 0.0114304 0.0000000 0.0000000 0.0275777 0.0765305 0.0046541 0.0188494 0.1819673
167 R 167 0.0063361 0.0883149 0.2799339 0.1450933 0.0000000 0.0508272 0.0866915 0.0890885 0.0161632 0.0000000 0.0000000 0.0486954 0.0015115 0.0000000 0.1230916 0.0107121 0.0097439 0.0034008 0.0403960 0.0000000
168 G 168 0.0613130 0.0295465 0.0384690 0.0251530 0.0000000 0.2844534 0.2193285 0.1374620 0.0022658 0.0049516 0.0043386 0.0399086 0.0089221 0.0000000 0.0262311 0.0759340 0.0333050 0.0000000 0.0039490 0.0044687
169 S 169 0.0357699 0.0153532 0.0276312 0.0140090 0.0000000 0.0081453 0.0144643 0.0185335 0.0031782 0.0113201 0.0000000 0.0200935 0.0041716 0.0085330 0.6764709 0.0923187 0.0440955 0.0000000 0.0000000 0.0059120
170 H 170 0.0118109 0.0724093 0.0435659 0.0330220 0.0000000 0.0345710 0.1134809 0.0485315 0.0346917 0.0198781 0.0262909 0.0550107 0.0050351 0.0789752 0.0210385 0.0255804 0.0047982 0.0000000 0.3193336 0.0519760
171 H 171 0.0588078 0.0522544 0.0305916 0.0384864 0.0000000 0.0052614 0.0259794 0.1621728 0.0227307 0.0000000 0.0000000 0.3147325 0.0192202 0.0000000 0.0657383 0.1278699 0.0510933 0.0000000 0.0116952 0.0133662
172 H 172 0.2106975 0.0083017 0.0470889 0.0916339 0.0000000 0.0248487 0.0347516 0.0126275 0.0195985 0.0256222 0.0073383 0.0348216 0.0000000 0.3460278 0.0432056 0.0186741 0.0000000 0.0000000 0.0525365 0.0222258
173 H 173 0.0372426 0.0472644 0.0389435 0.0768723 0.0000000 0.1196703 0.1079041 0.0000000 0.0374197 0.0000000 0.0116542 0.0224779 0.0300106 0.2354975 0.1449341 0.0089889 0.0093792 0.0000000 0.0462489 0.0254917
174 H 174 0.0526597 0.0883608 0.0344506 0.0350830 0.0000000 0.1217458 0.3212198 0.0348229 0.0394044 0.0000000 0.0000000 0.2153862 0.0000000 0.0305337 0.0000000 0.0000000 0.0000000 0.0000000 0.0000000 0.0263332
175 H 175 0.0000000 0.0000000 0.5088558 0.0814278 0.0000000 0.1730443 0.0000000 0.0000000 0.0794416 0.0000000 0.0000000 0.0000000 0.0000000 0.0000000 0.0000000 0.0991749 0.0000000 0.0000000 0.0580557 0.0000000
