  173         A         R         N         D         C         Q         E         G         H         I         L         K         M         F         P         S         T         W         Y         V    
  1 G   1 0.0000000 0.0000000 0.0000000 0.0000000 0.0000000 0.0000000 0.0000000 1.0000000 0.0000000 0.0000000 0.0000000 0.0000000 0.0000000 0.0000000 0.0000000 0.0000000 0.0000000 0.0000000 0.0000000 0.0000000
  2 A   2 0.2781876 0.0000000 0.0000000 0.0443174 0.0907793 0.0000000 0.0341329 0.1432337 0.0000000 0.0000000 0.0000000 0.0000000 0.0000000 0.0000000 0.0000000 0.3461569 0.0631922 0.0000000 0.0000000 0.0000000
  3 G   3 0.0000000 0.0000000 0.0839205 0.0289537 0.0000000 0.0000000 0.0000000 0.8336141 0.0000000 0.0000000 0.0000000 0.0000000 0.0000000 0.0000000 0.0000000 0.0535117 0.0000000 0.0000000 0.0000000 0.0000000
  4 Y   4 0.0000000 0.0188825 0.1234528 0.0000000 0.0000000 0.0121299 0.0000000 0.0317511 0.0429515 0.0408184 0.0415858 0.0000000 0.0000000 0.0171869 0.0000000 0.0254805 0.0000000 0.0000000 0.6457606 0.0000000
  5 N   5 0.0301150 0.0144616 0.6133341 0.0112088 0.0000000 0.0000000 0.0000000 0.0000000 0.0082676 0.0092014 0.0000000 0.0208833 0.0000000 0.0000000 0.0000000 0.2296905 0.0095850 0.0000000 0.0000000 0.0532529
  6 S   6 0.1753065 0.0182590 0.0075865 0.0000000 0.0000000 0.0052735 0.0189197 0.0322904 0.0082842 0.0000000 0.0084615 0.0319823 0.0000000 0.0000000 0.0639050 0.6074048 0.0223266 0.0000000 0.0000000 0.0000000
  7 E   7 0.1252484 0.0588984 0.0151275 0.0521082 0.0000000 0.0000000 0.4905146 0.1171334 0.0075171 0.0000000 0.0000000 0.0253005 0.0063777 0.0171833 0.0053101 0.0652423 0.0000000 0.0000000 0.0000000 0.0140385
  8 D   8 0.0465902 0.1681367 0.0124841 0.4537241 0.0000000 0.0581927 0.0471335 0.0112348 0.0000000 0.0479328 0.0000000 0.0696923 0.0159231 0.0000000 0.0081606 0.0000000 0.0000000 0.0000000 0.0000000 0.0607952
  9 E   9 0.0488051 0.0459927 0.0085729 0.0179523 0.0000000 0.0699210 0.6377974 0.0000000 0.0000000 0.0044998 0.0098253 0.0979797 0.0000000 0.0068234 0.0174796 0.0307813 0.0000000 0.0000000 0.0000000 0.0035697
 10 Y  10 0.0794197 0.2666070 0.0042435 0.0054003 0.0000000 0.1106348 0.1273195 0.0000000 0.0847322 0.0029052 0.0035603 0.0500650 0.0045193 0.0038403 0.0076103 0.0372373 0.0195846 0.0028380 0.1798769 0.0096058
 11 E  11 0.0572940 0.0705431 0.0302344 0.1058925 0.0060120 0.0870144 0.2022476 0.0556212 0.0128794 0.0712706 0.0377511 0.0228865 0.0376091 0.0092510 0.0268937 0.0796695 0.0282008 0.0000000 0.0243865 0.0343427
 12 A  12 0.1415589 0.0678271 0.0235679 0.0175784 0.0077459 0.1270764 0.1193150 0.0261335 0.0040496 0.0532147 0.0271309 0.1640194 0.0130774 0.0138363 0.0698076 0.0924572 0.0316038 0.0000000 0.0000000 0.0000000
 13 A  13 0.1917768 0.2119981 0.0046333 0.0126412 0.0264947 0.0532477 0.0698903 0.0326651 0.0079331 0.0222839 0.0685784 0.0453888 0.0073545 0.0171214 0.0567463 0.0720182 0.0387637 0.0085087 0.0043242 0.0476317
 14 A  14 0.1335620 0.0529848 0.0969503 0.0086407 0.0000000 0.0594715 0.0694512 0.0458146 0.0345461 0.1366997 0.0580898 0.0544703 0.0177750 0.0276131 0.0376667 0.0739883 0.0284831 0.0035237 0.0195701 0.0406990
 15 A  15 0.3120651 0.0539981 0.0182447 0.0293799 0.0070685 0.0387913 0.0860391 0.1098742 0.0075284 0.0344400 0.0583214 0.0660825 0.0027946 0.0044059 0.0449060 0.0629327 0.0282511 0.0000000 0.0124605 0.0224159
 16 R  16 0.0881321 0.2498541 0.0162996 0.0235793 0.0000000 0.0776655 0.2298160 0.0249711 0.0040660 0.0165237 0.0387459 0.0931944 0.0120303 0.0000000 0.0213144 0.0300965 0.0476285 0.0023656 0.0047772 0.0189399
 17 I  17 0.0893618 0.0729099 0.0405173 0.0311011 0.0033087 0.0774445 0.1238405 0.0331423 0.0089353 0.1579094 0.0686928 0.0694236 0.0063692 0.0297543 0.0308241 0.0441334 0.0546683 0.0000000 0.0000000 0.0576636
 18 E  18 0.0818992 0.0243753 0.0395019 0.0368063 0.0030034 0.1082158 0.3020337 0.0086300 0.0174654 0.0325639 0.0484315 0.0537623 0.0062395 0.0000000 0.1446620 0.0729777 0.0137052 0.0000000 0.0000000 0.0057269
 19 A  19 0.2171633 0.0738416 0.0640965 0.0278259 0.0000000 0.0433711 0.0424910 0.0355517 0.0068871 0.0319061 0.0528972 0.0433129 0.0174011 0.0038490 0.0488840 0.2003157 0.0535512 0.0019362 0.0000000 0.0347183
 20 M  20 0.1557772 0.0610133 0.0511234 0.0509617 0.0000000 0.0360292 0.0842560 0.0054607 0.0155715 0.0357508 0.0988817 0.0656418 0.0368113 0.0257771 0.0395534 0.0875948 0.0324106 0.0022778 0.0330684 0.0820394
 21 D  21 0.0286071 0.0467620 0.2212853 0.1696500 0.0000000 0.0388549 0.0720343 0.0470046 0.0446179 0.0097966 0.0257099 0.1247271 0.0044011 0.0000000 0.0122329 0.0801413 0.0551756 0.0000000 0.0045510 0.0144484
 22 P  22 0.0226510 0.0150962 0.0478103 0.0880316 0.0000000 0.0817914 0.1153195 0.0566618 0.0082832 0.0441888 0.1224845 0.0901540 0.0381371 0.0056240 0.1602531 0.0365095 0.0309067 0.0040033 0.0000000 0.0320939
 23 A  23 0.2041601 0.0627619 0.0322175 0.0496787 0.0036406 0.0233509 0.0443579 0.0281506 0.0070750 0.0218123 0.0417534 0.0586238 0.0029976 0.0123907 0.1214162 0.1041645 0.0759121 0.0102757 0.0081757 0.0870847
 24 T  24 0.0375478 0.0184268 0.0543736 0.1397087 0.0043730 0.0449152 0.1204619 0.0774119 0.0186340 0.0155799 0.0113165 0.0561151 0.0217951 0.0110542 0.0630241 0.1538177 0.1280961 0.0000000 0.0090435 0.0143050
 25 V  25 0.0543886 0.0512877 0.0366474 0.0667185 0.0043429 0.0251238 0.0300113 0.0299057 0.0446341 0.0405955 0.1208973 0.0458728 0.0188590 0.0389313 0.0939709 0.0843241 0.0377193 0.0373665 0.0565147 0.0818885
 26 E  26 0.0300268 0.2971768 0.0222105 0.1513710 0.0000000 0.0598314 0.1130308 0.0307994 0.0096423 0.0097257 0.0171729 0.1143708 0.0000000 0.0113111 0.0312192 0.0484316 0.0180432 0.0132138 0.0189539 0.0034688
 27 Q  27 0.0780305 0.0640111 0.0411823 0.0213010 0.0000000 0.1224480 0.0930332 0.0186193 0.1302142 0.0184386 0.0693450 0.1261077 0.0296699 0.0052542 0.0468316 0.0629397 0.0285389 0.0082790 0.0173962 0.0183597
 28 Q  28 0.0931721 0.1299443 0.0374920 0.0621770 0.0000000 0.1305391 0.1282289 0.0237892 0.0020004 0.1142354 0.0649646 0.0404228 0.0176859 0.0042211 0.0204191 0.0553331 0.0225501 0.0000000 0.0000000 0.0528250
 29 E  29 0.0236132 0.0909209 0.0270513 0.1658663 0.0000000 0.0074967 0.5379215 0.0171129 0.0031327 0.0149178 0.0155218 0.0163621 0.0059214 0.0052577 0.0094098 0.0215182 0.0242565 0.0000000 0.0085752 0.0051441
 30 H  30 0.0361580 0.1006467 0.0690445 0.0571687 0.0057347 0.0559594 0.1272149 0.0243447 0.0603074 0.0741066 0.1021910 0.0628874 0.0353360 0.0144563 0.0102115 0.0534865 0.0543436 0.0033298 0.0076074 0.0454648
 31 W  31 0.0875828 0.0725307 0.0522180 0.0733023 0.0106176 0.0915052 0.1943418 0.0099514 0.0285402 0.0255990 0.0516327 0.0799983 0.0136285 0.0086542 0.0110833 0.0708526 0.0379931 0.0487786 0.0041795 0.0270102
 32 F  32 0.0680269 0.0569388 0.0214233 0.0494927 0.0140112 0.0427356 0.0587697 0.0066393 0.0035228 0.0279673 0.1644207 0.1219663 0.0057883 0.1551917 0.0459556 0.0679813 0.0130252 0.0000000 0.0216312 0.0545123
 33 E  33 0.0367533 0.0607539 0.0275884 0.0074663 0.0000000 0.0249221 0.1527862 0.0124309 0.0065609 0.1194518 0.2896392 0.0065243 0.1046086 0.0711877 0.0000000 0.0253228 0.0072786 0.0000000 0.0047513 0.0419738
 34 K  34 0.0815893 0.0814873 0.0505402 0.1729666 0.0026520 0.0462432 0.1344332 0.0081657 0.0237763 0.0317589 0.0698457 0.1537757 0.0109597 0.0164882 0.0086172 0.0382857 0.0304581 0.0047164 0.0129151 0.0203254
 35 A  35 0.1389410 0.1120790 0.0423864 0.0601614 0.0107635 0.1353327 0.1411637 0.0382822 0.0248829 0.0094703 0.0102730 0.1040494 0.0017288 0.0090310 0.0452253 0.0613684 0.0294931 0.0018386 0.0045338 0.0189955
 36 L  36 0.0257243 0.0887098 0.0079296 0.0069494 0.0174316 0.1120494 0.0332495 0.0094229 0.0262430 0.1260909 0.2224037 0.0761663 0.0366267 0.0183003 0.0090131 0.0191002 0.0172651 0.0211920 0.0907960 0.0353360
 37 R  37 0.0195192 0.0703775 0.0082075 0.0092453 0.0428398 0.0179606 0.0573507 0.0034603 0.0037292 0.0299066 0.5583948 0.0357127 0.0157709 0.0363141 0.0224789 0.0143932 0.0074010 0.0013417 0.0304159 0.0151801
 38 D  38 0.1343194 0.0784798 0.0414677 0.0807580 0.0117197 0.0810659 0.1337083 0.0625512 0.0169862 0.0189851 0.0466598 0.1027438 0.0147987 0.0134931 0.0132241 0.0695745 0.0268063 0.0086407 0.0118163 0.0322015
 39 K  39 0.1309904 0.0746409 0.0246173 0.0371371 0.0022938 0.0569984 0.1012529 0.0352909 0.0103582 0.0120329 0.0601870 0.1263913 0.0026677 0.0084077 0.0651517 0.1168590 0.0367763 0.0059655 0.0461640 0.0458168
 40 K  40 0.0235938 0.1590038 0.0470005 0.0057101 0.0021992 0.0614263 0.0321374 0.0441270 0.0469095 0.0334643 0.2272582 0.1143517 0.0242446 0.0216761 0.0156253 0.0237876 0.0226900 0.0090319 0.0694504 0.0163123
 41 G  41 0.0129177 0.0206443 0.1001819 0.0407568 0.0042674 0.0380070 0.0333498 0.5488769 0.0570514 0.0131305 0.0344705 0.0315230 0.0000000 0.0021439 0.0033927 0.0229059 0.0127729 0.0000000 0.0106183 0.0129892
 42 F  42 0.0017060 0.0086757 0.0009448 0.0000000 0.0158254 0.0026965 0.0077321 0.0017309 0.0055155 0.0262789 0.5977686 0.0199481 0.0446569 0.1397146 0.0016034 0.0022864 0.0012311 0.0160243 0.0883169 0.0173439
 43 I  43 0.0477261 0.0777413 0.0091652 0.0082217 0.0157188 0.0466040 0.1073141 0.0103213 0.0066730 0.0761624 0.0223162 0.1071436 0.0244527 0.0358765 0.0083255 0.0582582 0.0865813 0.0000000 0.1276432 0.1237550
 44 I  44 0.0407818 0.1812441 0.0035029 0.0081047 0.0048480 0.0103641 0.0961158 0.0000000 0.0046327 0.2169708 0.1524956 0.0321788 0.0338895 0.0029481 0.0123405 0.0213644 0.0085676 0.0000000 0.0000000 0.1696504
 45 K  45 0.0271659 0.1944263 0.0227939 0.0238846 0.0066736 0.0164838 0.0103860 0.0021630 0.0831252 0.0536853 0.0299985 0.2961076 0.0047394 0.0613805 0.0033670 0.0113711 0.0286017 0.0013275 0.0439906 0.0783284
 46 Q  46 0.0174004 0.0486860 0.0532914 0.1241869 0.0027738 0.0872005 0.1997672 0.0300202 0.0608614 0.0215311 0.0244598 0.0997960 0.0067021 0.0050500 0.0836669 0.0217349 0.0134235 0.0000000 0.0082717 0.0911763
 47 M  47 0.0106769 0.0000000 0.0024381 0.0000000 0.0156312 0.0125820 0.0000000 0.0000000 0.0000000 0.4155751 0.0000000 0.0000000 0.1390593 0.0032734 0.0000000 0.0047011 0.0866106 0.0000000 0.0000000 0.3094523
 48 K  48 0.1205966 0.0537977 0.0171662 0.0145097 0.0084755 0.0413908 0.0817503 0.0144221 0.0049878 0.0436817 0.0327454 0.1222479 0.0032974 0.0000000 0.3260882 0.0280318 0.0450186 0.0000000 0.0057623 0.0360299
 49 E  49 0.1286388 0.0401610 0.0087705 0.0739151 0.0000000 0.0051736 0.0613728 0.3580161 0.0026676 0.0000000 0.0079952 0.0428363 0.0109558 0.0000000 0.1343162 0.1068029 0.0112710 0.0000000 0.0041228 0.0029842
 50 D  50 0.0000000 0.0000000 0.0108299 0.9661132 0.0000000 0.0094816 0.0000000 0.0038755 0.0000000 0.0000000 0.0000000 0.0032402 0.0000000 0.0000000 0.0034457 0.0030140 0.0000000 0.0000000 0.0000000 0.0000000
 51 G  51 0.0295569 0.0016998 0.1353293 0.0038738 0.0029048 0.0000000 0.0041141 0.7964685 0.0000000 0.0000000 0.0000000 0.0000000 0.0000000 0.0000000 0.0099063 0.0090165 0.0033040 0.0000000 0.0000000 0.0038259
 52 A  52 0.0874474 0.0477023 0.4584248 0.0411010 0.0000000 0.0034451 0.0000000 0.0000000 0.1487231 0.0000000 0.0000000 0.0000000 0.0000000 0.0000000 0.0000000 0.1903835 0.0227727 0.0000000 0.0000000 0.0000000
 53 C  53 0.0038206 0.0000000 0.0000000 0.0000000 0.9537107 0.0000000 0.0060486 0.0000000 0.0000000 0.0000000 0.0000000 0.0000000 0.0000000 0.0000000 0.0000000 0.0364201 0.0000000 0.0000000 0.0000000 0.0000000
 54 L  54 0.0000000 0.0014398 0.0000000 0.0000000 0.0000000 0.1252990 0.0000000 0.0028727 0.0000000 0.0068364 0.6601218 0.0000000 0.1098686 0.0847711 0.0000000 0.0000000 0.0000000 0.0000000 0.0000000 0.0087906
 55 F  55 0.0000000 0.0000000 0.0000000 0.0000000 0.0000000 0.0000000 0.0000000 0.0000000 0.0000000 0.0029692 0.0000000 0.0000000 0.0326078 0.7786460 0.0000000 0.0036904 0.0000000 0.0000000 0.1820867 0.0000000
 56 R  56 0.0475130 0.6081699 0.0640731 0.0034457 0.0017460 0.0104336 0.0065167 0.0132603 0.0839638 0.0000000 0.0000000 0.0145317 0.0007863 0.0000000 0.0000000 0.0680659 0.0394954 0.0050372 0.0329614 0.0000000
 57 A  57 0.6662635 0.0000000 0.0000000 0.0000000 0.0101447 0.0000000 0.0000000 0.0042504 0.0000000 0.0000000 0.0069747 0.0060355 0.0025283 0.0000000 0.0000000 0.2686640 0.0054962 0.0000000 0.0000000 0.0296429
 58 V  58 0.0164676 0.0000000 0.0000000 0.0000000 0.0077931 0.0000000 0.0000000 0.0000000 0.0000000 0.2926278 0.2636032 0.0000000 0.0122171 0.0465294 0.0000000 0.0000000 0.0020404 0.0000000 0.0000000 0.3587214
 59 A  59 0.3564066 0.0118959 0.0141032 0.0025404 0.0118627 0.0273311 0.0407712 0.0940842 0.0000000 0.0088192 0.0251497 0.0079863 0.0010739 0.0032979 0.0000000 0.3467057 0.0122714 0.0009675 0.0077806 0.0269527
 60 D  60 0.0072641 0.0234697 0.0169041 0.4198500 0.0044913 0.0186494 0.1015458 0.0044243 0.1219412 0.0074801 0.0253379 0.0378276 0.0070124 0.0420753 0.0000000 0.0164209 0.0118041 0.0169246 0.1106679 0.0059091
 61 Q  61 0.0855978 0.0021533 0.0193315 0.0029723 0.0260635 0.6299030 0.0037304 0.0555230 0.0077572 0.0183061 0.0440848 0.0011309 0.0027925 0.0076864 0.0011371 0.0072690 0.0117056 0.0127216 0.0040796 0.0560544
 62 V  62 0.0400918 0.0150271 0.0019295 0.0000000 0.0096893 0.0068276 0.0197536 0.0009603 0.0097558 0.1181023 0.4714268 0.0070836 0.0702754 0.0353760 0.0088247 0.0114789 0.0137783 0.0037477 0.0055532 0.1503180
 63 Y  63 0.0345749 0.0295251 0.0319192 0.0108359 0.0456571 0.0246992 0.0947042 0.0117429 0.0223980 0.0192818 0.0506398 0.0399481 0.0151619 0.0981878 0.0082503 0.0514219 0.0508394 0.0137066 0.3253511 0.0211547
 64 G  64 0.0129108 0.0883482 0.0417157 0.0502117 0.0062834 0.0532378 0.0292696 0.4972196 0.0427732 0.0112252 0.0377477 0.0223476 0.0065593 0.0167703 0.0168092 0.0219614 0.0182805 0.0000000 0.0136265 0.0127026
 65 D  65 0.0137027 0.0530521 0.1297619 0.2593925 0.0170509 0.0476174 0.0258573 0.0297393 0.0568321 0.0245736 0.0054987 0.0427319 0.0000000 0.0018483 0.0035506 0.1314940 0.1310443 0.0060935 0.0050931 0.0150659
 66 Q  66 0.0391981 0.0457329 0.0218063 0.0228342 0.0000000 0.2492051 0.1543402 0.0102210 0.0347298 0.0209737 0.0556553 0.0573220 0.0250596 0.0145418 0.1235263 0.0762822 0.0308815 0.0015086 0.0036716 0.0125098
 67 D  67 0.0376381 0.0508400 0.0862805 0.1688697 0.0238213 0.0139192 0.1957862 0.0357213 0.0237387 0.0281446 0.0303694 0.0525150 0.0228483 0.0080008 0.0296648 0.1126060 0.0298560 0.0010975 0.0256604 0.0226222
 68 M  68 0.0354214 0.0790018 0.0755130 0.0535764 0.0160800 0.0226946 0.0342976 0.0313895 0.1144533 0.0088801 0.1024400 0.0390901 0.0702138 0.0231057 0.0376554 0.0893437 0.0736063 0.0037750 0.0718642 0.0175980
 69 H  69 0.1341289 0.0000000 0.0067701 0.0098987 0.0045898 0.0086643 0.0043107 0.0117924 0.4871685 0.0138078 0.0076453 0.0025052 0.0272815 0.0173016 0.0195761 0.0602083 0.0039704 0.0035038 0.1046630 0.0722137
 70 E  70 0.0703058 0.0954888 0.0201005 0.1126807 0.0000000 0.1076341 0.0866811 0.0444989 0.0118663 0.0222631 0.0778694 0.0919353 0.0438335 0.0103830 0.0291253 0.0555024 0.0486844 0.0062209 0.0409690 0.0239575
 71 V  71 0.0460071 0.0507931 0.0201741 0.0790992 0.0000000 0.0753534 0.2934742 0.0083254 0.0321844 0.0397632 0.0477850 0.0932047 0.0176758 0.0240247 0.0027588 0.0306782 0.0393098 0.0018035 0.0379666 0.0596189
 72 V  72 0.0118967 0.0000000 0.0000000 0.0012191 0.0072617 0.0000000 0.0000000 0.0000000 0.0177162 0.1843164 0.4122132 0.0000000 0.0441147 0.0078847 0.0000000 0.0000000 0.0105145 0.0000000 0.0338668 0.2689960
 73 R  73 0.0000000 0.9920303 0.0000000 0.0000000 0.0000000 0.0036779 0.0000000 0.0000000 0.0000000 0.0000000 0.0000000 0.0042918 0.0000000 0.0000000 0.0000000 0.0000000 0.0000000 0.0000000 0.0000000 0.0000000
 74 K  74 0.0740357 0.1237280 0.0402312 0.0226845 0.0054601 0.1731898 0.1181635 0.0105251 0.0155861 0.0077001 0.0598223 0.1720169 0.0310164 0.0054169 0.0000000 0.0898451 0.0309149 0.0021018 0.0071916 0.0103700
 75 H  75 0.1241350 0.0945252 0.0253614 0.0407232 0.0056574 0.0932108 0.1185704 0.0024882 0.0513214 0.0647606 0.1084996 0.0709128 0.0702981 0.0059224 0.0019746 0.0200336 0.0306482 0.0000000 0.0059144 0.0650427
 76 C  76 0.1379525 0.0000000 0.0000000 0.0000000 0.2021794 0.0000000 0.0000000 0.0034368 0.0000000 0.1641681 0.0500921 0.0000000 0.0066662 0.0000000 0.0000000 0.0151083 0.1468781 0.0000000 0.0000000 0.2735185
 77 M  77 0.3139646 0.0018276 0.0000000 0.0000000 0.0364496 0.0031707 0.0017797 0.0167603 0.0000000 0.0684103 0.0088437 0.0077818 0.0741373 0.0025622 0.0000000 0.0458856 0.0212828 0.0038751 0.0078505 0.3854182
 78 D  78 0.0588552 0.0579698 0.0985855 0.3013693 0.0031271 0.0983391 0.1182503 0.0193892 0.0319412 0.0024667 0.0046564 0.0871218 0.0051569 0.0000000 0.0000000 0.0663513 0.0377185 0.0000000 0.0075164 0.0011854
 79 Y  79 0.0342557 0.0079602 0.0008908 0.0000000 0.0037745 0.0634602 0.0735390 0.0053817 0.1161754 0.0149984 0.0104496 0.0030122 0.0000000 0.0967026 0.0000000 0.0099711 0.0392020 0.0571588 0.4399562 0.0231117
 80 L  80 0.0000000 0.0000000 0.0014822 0.0000000 0.0000000 0.0021112 0.0056157 0.0040923 0.0000000 0.3020944 0.2509889 0.0000000 0.3056827 0.0246310 0.0000000 0.0031561 0.0000000 0.0000000 0.0000000 0.1001456
 81 M  81 0.0823954 0.2415843 0.0079427 0.0104336 0.0228656 0.0696860 0.1099561 0.0060850 0.0137677 0.0545205 0.0842812 0.1296442 0.0366452 0.0095201 0.0017785 0.0314342 0.0374427 0.0000000 0.0108896 0.0391274
 82 K  82 0.1351569 0.0990335 0.0570918 0.0803111 0.0020913 0.0695764 0.1289846 0.0215540 0.0051901 0.0069178 0.0177926 0.1697009 0.0030875 0.0000000 0.0072210 0.1546559 0.0365991 0.0000000 0.0027141 0.0023213
 83 N  83 0.0059288 0.0623493 0.3790058 0.0885560 0.0140097 0.0415963 0.0386819 0.0017009 0.2796057 0.0000000 0.0006995 0.0336123 0.0016570 0.0108414 0.0000000 0.0141149 0.0062556 0.0000000 0.0151674 0.0062174
 84 A  84 0.0988902 0.2706543 0.0078908 0.0049668 0.0075877 0.0421626 0.0370152 0.0125222 0.0041487 0.0086471 0.0219904 0.1410405 0.0083448 0.0074575 0.2065594 0.0481833 0.0129661 0.0291275 0.0120372 0.0178077
 85 D  85 0.0464141 0.0298378 0.0581502 0.3669915 0.0037342 0.0376525 0.2473974 0.0227879 0.0312509 0.0074102 0.0057348 0.0321689 0.0014874 0.0089133 0.0132044 0.0414928 0.0178423 0.0034300 0.0067740 0.0173253
 86 Y  86 0.0213360 0.0345110 0.0253553 0.2037232 0.0033724 0.0237099 0.1411002 0.0000000 0.0658169 0.0412272 0.0772129 0.0495523 0.0346232 0.0706722 0.0033079 0.0410973 0.0541471 0.0069487 0.0869813 0.0153049
 87 F  87 0.0000000 0.0036634 0.0008610 0.0000000 0.0000000 0.0010965 0.0000000 0.0048025 0.0015753 0.0105500 0.0423896 0.0057056 0.0081982 0.5613508 0.0000000 0.0051672 0.0401159 0.0038166 0.3042974 0.0064100
 88 S  88 0.0836470 0.0505364 0.0255489 0.0183888 0.0062579 0.0300559 0.2937902 0.0208764 0.0013606 0.0643644 0.1074497 0.0582608 0.0200565 0.0020768 0.0026544 0.1678410 0.0172023 0.0041016 0.0020679 0.0234626
 89 N  89 0.0853513 0.0203513 0.0603476 0.0475843 0.0176519 0.0763891 0.0624905 0.0599590 0.0266185 0.0147083 0.0190115 0.0385128 0.0000000 0.0109039 0.3454555 0.0474687 0.0044564 0.0404772 0.0016740 0.0205884
 90 Y  90 0.0712439 0.0013318 0.0190308 0.0179760 0.0054313 0.0041082 0.0083591 0.0111806 0.0111336 0.0374927 0.0506839 0.0037913 0.0059707 0.5137635 0.0000000 0.0102261 0.0143570 0.0033589 0.1891972 0.0213634
 91 V  91 0.0142096 0.0028014 0.0202053 0.0165849 0.0175868 0.0000000 0.0340277 0.0135981 0.0062719 0.2123825 0.1855920 0.0139870 0.0568955 0.0433483 0.0141616 0.0287430 0.0356408 0.0032406 0.0000000 0.2807231
 92 T  92 0.0405015 0.0061738 0.0200768 0.0895209 0.0069075 0.0101515 0.2819735 0.1320954 0.0192254 0.0100829 0.0267187 0.0062857 0.0064902 0.0143854 0.0806245 0.0583600 0.1692513 0.0000000 0.0070327 0.0141422
 93 E  93 0.0321202 0.0819671 0.0781131 0.1353248 0.0087261 0.0220567 0.1856131 0.1426489 0.0132564 0.0202191 0.0115314 0.0901796 0.0670631 0.0014740 0.0235094 0.0300629 0.0283116 0.0118295 0.0033566 0.0126362
 94 D  94 0.0348192 0.0096514 0.0613472 0.3323532 0.0000000 0.0083563 0.1055783 0.0350154 0.0068396 0.0000000 0.0074540 0.0442881 0.0000000 0.0000000 0.1611094 0.1562399 0.0355147 0.0000000 0.0014333 0.0000000
 95 F  95 0.0100180 0.0289808 0.0683589 0.0060000 0.0000000 0.0018697 0.0139212 0.0060257 0.0037549 0.0488706 0.0599436 0.0027591 0.0093256 0.4185409 0.0544764 0.0011262 0.0049896 0.1036244 0.0927712 0.0646431
 96 T  96 0.0325599 0.0372338 0.0543006 0.2540436 0.0000000 0.0437324 0.2829566 0.0417757 0.0238558 0.0086500 0.0247192 0.0556278 0.0087288 0.0017728 0.0093843 0.0373633 0.0553530 0.0050329 0.0123534 0.0105563
 97 T  97 0.0601119 0.0488173 0.0320779 0.1625232 0.0000000 0.0596768 0.2572953 0.0219037 0.0140417 0.0049180 0.0130277 0.1145863 0.0000000 0.0027966 0.0028878 0.0744384 0.0967640 0.0040928 0.0039573 0.0260835
 98 Y  98 0.0018728 0.0043340 0.0000000 0.0062896 0.0000000 0.0032498 0.0097725 0.0000000 0.0589329 0.0018498 0.0043548 0.0089251 0.0069561 0.0352843 0.0000000 0.0044069 0.0000000 0.0041050 0.8475511 0.0021151
 99 I  99 0.0417805 0.0030394 0.0040925 0.0014544 0.3109444 0.0053674 0.0060275 0.0018875 0.0009332 0.1479381 0.2284479 0.0026221 0.0135553 0.0047145 0.0060252 0.0111896 0.0380253 0.0057581 0.0103433 0.1558538
100 N 100 0.0965553 0.1162016 0.1088381 0.0975272 0.0017071 0.0686145 0.1178951 0.0055605 0.0371536 0.0188242 0.0112435 0.1431993 0.0086691 0.0051030 0.0009043 0.0850269 0.0508122 0.0071189 0.0062018 0.0128440
101 E 101 0.0329944 0.2194353 0.0942905 0.0701808 0.0095558 0.0665650 0.1158655 0.0091656 0.0117228 0.0020674 0.0111321 0.1498847 0.0019093 0.0040034 0.0000000 0.0353981 0.0358803 0.1119022 0.0131388 0.0049081
102 E 102 0.0229919 0.0067979 0.0042901 0.0121778 0.0032381 0.0028516 0.0060118 0.0000000 0.0000000 0.2464797 0.1421369 0.0952074 0.3553507 0.0000000 0.0000000 0.0258157 0.0046299 0.0000000 0.0000000 0.0720205
103 R 103 0.1339491 0.2578210 0.0025172 0.0025858 0.0035465 0.0717849 0.1022767 0.0374705 0.0000000 0.0052995 0.0801442 0.0659398 0.0178259 0.0000000 0.0023202 0.1497982 0.0280547 0.0000000 0.0050547 0.0336112
104 K 104 0.0264383 0.1338490 0.0786872 0.0850600 0.0137563 0.1026204 0.0724466 0.0209162 0.0214603 0.0066660 0.0219434 0.2656434 0.0113470 0.0028556 0.0060066 0.0672154 0.0492366 0.0000000 0.0120863 0.0017652
105 N 105 0.0234510 0.0309187 0.1176440 0.1725279 0.0064239 0.0143291 0.0497734 0.0039253 0.0087062 0.0028946 0.0284406 0.0307501 0.0068465 0.0143086 0.2023394 0.1002889 0.1610264 0.0077868 0.0053392 0.0122795
106 N 106 0.1314168 0.0315761 0.0697940 0.0881706 0.0075391 0.0212239 0.0221311 0.3505737 0.0479490 0.0033439 0.0000000 0.0779731 0.0102174 0.0015666 0.0116235 0.0535572 0.0465001 0.0006964 0.0211226 0.0030249
107 C 107 0.1141868 0.0072094 0.0070086 0.0047892 0.0292853 0.0265875 0.1852287 0.0022995 0.0143130 0.0240666 0.0102499 0.0256618 0.0137214 0.0259887 0.0000000 0.1135437 0.2438368 0.0014701 0.0089172 0.1416358
108 H 108 0.0065078 0.0047816 0.0000000 0.0050647 0.0068009 0.0018859 0.0000000 0.0000000 0.0661169 0.0019244 0.0000000 0.0000000 0.0063347 0.0409565 0.0032280 0.0092113 0.0023709 0.7592631 0.0814577 0.0040956
109 G 109 0.1289316 0.0030789 0.0000000 0.0000000 0.0173903 0.0000000 0.0000000 0.8114392 0.0000000 0.0021810 0.0028505 0.0000000 0.0000000 0.0000000 0.0000000 0.0092201 0.0060017 0.0000000 0.0000000 0.0189068
110 N 110 0.0032489 0.0000000 0.0854571 0.2151690 0.0028783 0.0000000 0.0069052 0.5571257 0.0000000 0.0000000 0.0000000 0.0000000 0.0000000 0.0000000 0.0000000 0.0513456 0.0761579 0.0000000 0.0000000 0.0017123
111 H 111 0.1097846 0.0000000 0.1027823 0.0669402 0.0000000 0.1445795 0.1661009 0.0392766 0.2520214 0.0024863 0.0071778 0.0000000 0.0324920 0.0061282 0.0024523 0.0198154 0.0078663 0.0023013 0.0349945 0.0028006
112 I 112 0.0061358 0.0023216 0.0073426 0.0279600 0.0210309 0.0045021 0.0136086 0.0000000 0.0087338 0.2835490 0.2692611 0.0038438 0.0466850 0.0050467 0.0922626 0.0159831 0.0227489 0.0018374 0.0022942 0.1648527
113 E 113 0.0410652 0.0000000 0.0000000 0.0183773 0.0254432 0.0021830 0.7353106 0.0015905 0.0068245 0.0069415 0.0032519 0.0013120 0.0024551 0.0000000 0.0060073 0.0133646 0.1245010 0.0000000 0.0000000 0.0113724
114 M 114 0.0049059 0.0000000 0.0000000 0.0038651 0.0057252 0.0012427 0.0018038 0.0000000 0.0000000 0.2702011 0.5880324 0.0000000 0.0550786 0.0049053 0.0114240 0.0000000 0.0000000 0.0000000 0.0000000 0.0528159
115 Q 115 0.0472357 0.1081898 0.0159618 0.0025041 0.0014684 0.2878187 0.0122589 0.0418530 0.0209384 0.0220054 0.1201246 0.0447080 0.0175953 0.0322390 0.0000000 0.1102534 0.0239342 0.0036764 0.0084708 0.0787640
116 A 116 0.7454566 0.0000000 0.0000000 0.0000000 0.0024587 0.0000000 0.0000000 0.0094600 0.0000000 0.1349812 0.0115162 0.0000000 0.0374755 0.0000000 0.0000000 0.0087375 0.0017202 0.0000000 0.0000000 0.0481940
117 M 117 0.2101178 0.0000000 0.0000000 0.0000000 0.0235543 0.0000000 0.0000000 0.0008779 0.0000000 0.0834443 0.4295876 0.0000000 0.1075242 0.0924680 0.0011730 0.0071581 0.0224602 0.0000000 0.0022973 0.0193373
118 A 118 0.4107694 0.0012474 0.0013262 0.0000000 0.0610399 0.0000000 0.0017901 0.0236650 0.0024841 0.0000000 0.0034087 0.0032548 0.0025940 0.0000000 0.0000000 0.4526667 0.0243651 0.0000000 0.0000000 0.0113884
119 E 119 0.0315405 0.1123946 0.0773204 0.1279697 0.0163174 0.0891493 0.1771274 0.0033831 0.1139610 0.0041886 0.0619430 0.1022335 0.0119634 0.0089592 0.0020327 0.0410901 0.0111468 0.0000000 0.0016146 0.0056647
120 M 120 0.1361759 0.0231964 0.0143603 0.0018033 0.0267519 0.0065318 0.0143689 0.0029809 0.0548956 0.1179542 0.1701566 0.0205672 0.1226898 0.0391953 0.0000000 0.0445394 0.0162245 0.0100323 0.0462588 0.1313170
121 Y 121 0.0014390 0.0000000 0.0068108 0.0000000 0.0171791 0.0036973 0.0000000 0.0000000 0.0218038 0.0050663 0.2852332 0.0084422 0.0040135 0.2354638 0.0000000 0.0022926 0.0292109 0.0027173 0.3723275 0.0043027
122 N 122 0.0271826 0.1135340 0.1847570 0.0678287 0.0019553 0.1283522 0.0386145 0.1679202 0.0230905 0.0013809 0.0034216 0.1803096 0.0036458 0.0028251 0.0045591 0.0405522 0.0039632 0.0000000 0.0051369 0.0009706
123 R 123 0.0341909 0.2394777 0.0000000 0.0000000 0.0706414 0.0136640 0.0000000 0.0000000 0.0135136 0.0899630 0.0577317 0.0524613 0.0441483 0.0146952 0.0000000 0.0285485 0.0748024 0.0000000 0.0070078 0.2591542
124 P 124 0.0143929 0.0614202 0.1742428 0.1348170 0.0143701 0.0306543 0.1134972 0.0057839 0.0333871 0.0051784 0.0029241 0.0627296 0.0064082 0.0013699 0.2395019 0.0396502 0.0363553 0.0000000 0.0027166 0.0206005
125 V 125 0.0131780 0.0000000 0.0000000 0.0000000 0.0000000 0.0000000 0.0000000 0.0000000 0.0000000 0.6622824 0.0285425 0.0000000 0.0134171 0.0791318 0.0000000 0.0000000 0.0036991 0.0000000 0.0000000 0.1997492
126 E 126 0.0476132 0.0424974 0.0445547 0.0172751 0.0647484 0.0154424 0.1744491 0.0035305 0.0920222 0.0866153 0.0285827 0.0395539 0.0115022 0.0435060 0.0000000 0.0497493 0.0745404 0.0076073 0.0308591 0.1253509
127 V 127 0.0264467 0.0000000 0.0000000 0.0000000 0.0127531 0.0000000 0.0000000 0.0000000 0.0000000 0.3140500 0.1041271 0.0000000 0.0075490 0.0017886 0.0000000 0.0080564 0.0259434 0.0000000 0.0000000 0.4992857
128 Y 128 0.0051862 0.0000000 0.0019420 0.0000000 0.0140264 0.0000000 0.0032562 0.0000000 0.0918625 0.1868117 0.1057827 0.0000000 0.0108399 0.1118930 0.0000000 0.0044318 0.0226055 0.0171022 0.2802158 0.1440440
129 Q 129 0.0184104 0.0370524 0.0281654 0.1028709 0.0278250 0.2622246 0.0385784 0.0000000 0.0118973 0.0194087 0.0177454 0.0157672 0.0686155 0.0024884 0.0000000 0.1793530 0.1460380 0.0000000 0.0118979 0.0116616
130 Y 130 0.1396917 0.0241059 0.0147838 0.0403075 0.0000000 0.0168836 0.0335471 0.0820454 0.0123505 0.0905590 0.0631963 0.0263122 0.0255169 0.0109471 0.0667246 0.1903165 0.0053523 0.0035117 0.1111042 0.0427438
131 S 131 0.0184448 0.0117341 0.0941340 0.1964987 0.0045183 0.0603080 0.0888498 0.1248520 0.0044302 0.0231306 0.0089161 0.0208180 0.0099776 0.0622233 0.0362815 0.1061946 0.0667446 0.0000000 0.0352042 0.0267394
132 T 132 0.0747127 0.1115054 0.0607074 0.0311995 0.0036554 0.0459756 0.0661338 0.1609305 0.0102903 0.0072690 0.0258074 0.0709672 0.0118187 0.0110127 0.0259902 0.1114629 0.1159064 0.0000000 0.0078619 0.0467930
133 G 133 0.0582199 0.0425811 0.0376609 0.1067021 0.0062297 0.0844983 0.0892637 0.0872894 0.0114616 0.0055903 0.0293633 0.0381778 0.0186430 0.0014670 0.1892118 0.0923711 0.0491483 0.0209631 0.0038817 0.0272758
134 T 134 0.0519290 0.0988199 0.0715647 0.0510970 0.0043837 0.0340070 0.0474527 0.0524583 0.0222452 0.0525846 0.0353826 0.0178589 0.0039921 0.0080016 0.1026415 0.1092171 0.1661089 0.0095266 0.0078017 0.0529270
135 S 135 0.0118852 0.0370733 0.0356852 0.0196503 0.0815584 0.0175154 0.0383554 0.0543749 0.0252005 0.0728401 0.1153608 0.0278066 0.0176469 0.0328893 0.0884903 0.0560554 0.0375902 0.0993420 0.0250321 0.1056479
136 A 136 0.0232953 0.0853777 0.0447841 0.0564269 0.0058092 0.0500205 0.0701286 0.0539447 0.0384667 0.0529167 0.0599437 0.0619889 0.0167414 0.0326693 0.0093005 0.0615092 0.0873099 0.0043880 0.0937213 0.0912574
137 V 137 0.0150092 0.0287660 0.0264708 0.0053247 0.0055577 0.0224687 0.0124193 0.0092854 0.0303028 0.3525420 0.1186601 0.0100286 0.0364121 0.0422971 0.0046767 0.0219103 0.0169750 0.0125709 0.0150019 0.2133206
138 E 138 0.0236458 0.0405697 0.0334972 0.0645896 0.0024888 0.0524578 0.1926833 0.0566326 0.0132535 0.0607957 0.0526638 0.0524209 0.0000000 0.0127751 0.0344615 0.1054221 0.0716623 0.0033901 0.0141053 0.1124849
139 P 139 0.0582073 0.0920884 0.0676254 0.0097265 0.0206010 0.0055913 0.0313323 0.0171827 0.0212041 0.1115487 0.0157554 0.0525030 0.0060478 0.0621970 0.1625038 0.0606940 0.1229312 0.0095653 0.0412368 0.0314579
140 I 140 0.0337509 0.0239500 0.0515937 0.0226041 0.0094472 0.0362920 0.0850674 0.0505852 0.0289676 0.1820574 0.0639549 0.0130544 0.0474115 0.1816267 0.0078180 0.0532650 0.0364037 0.0077408 0.0365879 0.0278216
141 N 141 0.0698805 0.0607463 0.2044499 0.0313054 0.0053246 0.0307995 0.0299226 0.0747039 0.0289172 0.1011712 0.0089701 0.0282987 0.0074561 0.0228415 0.1217897 0.0528547 0.0316320 0.0025598 0.0547948 0.0315815
142 T 142 0.0323522 0.0508799 0.0647065 0.1124760 0.0089405 0.0288922 0.1515439 0.0437137 0.0547784 0.0596420 0.0297880 0.0791768 0.0137685 0.0247415 0.0383095 0.0630950 0.0833284 0.0029920 0.0234871 0.0333879
143 F 143 0.0237205 0.0378720 0.0493221 0.0249219 0.0066266 0.0141979 0.0550115 0.0734151 0.0058744 0.1022328 0.0497808 0.0198445 0.0150562 0.2187471 0.0157567 0.0660587 0.0069019 0.0051026 0.1614578 0.0480988
144 H 144 0.0368173 0.0515458 0.0538124 0.0369241 0.0070097 0.0496943 0.0796907 0.1031788 0.1024943 0.0415901 0.0921752 0.0594444 0.0135336 0.0620249 0.0427381 0.0397310 0.0500093 0.0000000 0.0537863 0.0237999
145 G 145 0.0390446 0.0214578 0.0648152 0.0408379 0.0108938 0.0020471 0.1251903 0.3726410 0.0118564 0.0051628 0.0074463 0.0285754 0.0105655 0.0107956 0.1350951 0.0546190 0.0402802 0.0000000 0.0041497 0.0145264
146 I 146 0.0391906 0.0295828 0.0604025 0.0687650 0.0055079 0.1037448 0.1846508 0.0772444 0.0110269 0.0381357 0.0344425 0.0184031 0.0045634 0.0284169 0.0600088 0.0970958 0.0685533 0.0022069 0.0259692 0.0420887
147 H 147 0.0332829 0.0388614 0.0662770 0.1710494 0.0017710 0.0472878 0.2262641 0.0558219 0.0318285 0.0035700 0.0132893 0.0392984 0.0023308 0.0100850 0.0425881 0.0807203 0.0640402 0.0000000 0.0322368 0.0393971
148 Q 148 0.0587953 0.0580453 0.0616432 0.1025336 0.0021780 0.0976294 0.1288469 0.0905047 0.0175610 0.0347221 0.0221728 0.0932802 0.0059641 0.0227444 0.0522493 0.0524095 0.0147768 0.0000000 0.0547528 0.0291906
149 N 149 0.0569288 0.0574206 0.0966870 0.0377837 0.0000000 0.0252654 0.0900440 0.1576686 0.0112074 0.0086985 0.0249717 0.1040590 0.0053760 0.0234827 0.0641936 0.1161195 0.0608671 0.0000000 0.0398284 0.0193980
150 E 150 0.0681752 0.0307887 0.0731647 0.1131234 0.0118288 0.0294163 0.0661740 0.0730165 0.0176692 0.0044693 0.0234630 0.0933994 0.0037481 0.0220119 0.0844548 0.1354105 0.0430909 0.0000000 0.0962862 0.0103093
151 D 151 0.0574599 0.1016850 0.1251314 0.0982138 0.0079526 0.0234701 0.0892320 0.0834534 0.0055470 0.0101852 0.0238899 0.1206110 0.0107306 0.0069543 0.0272328 0.0612220 0.0648395 0.0000000 0.0393398 0.0428498
152 E 152 0.0151582 0.2036455 0.0504205 0.0704383 0.0066495 0.0305251 0.1045619 0.0427633 0.0202450 0.0061056 0.0114703 0.1679380 0.0014525 0.0119682 0.1682551 0.0417098 0.0369256 0.0000000 0.0014452 0.0083224
153 P 153 0.0559448 0.0845675 0.0177068 0.0084904 0.0496980 0.0117346 0.0728042 0.0152510 0.0053482 0.0243698 0.0208396 0.0610771 0.0271629 0.0233218 0.2606124 0.0580803 0.0921408 0.0042459 0.0145881 0.0920160
154 I 154 0.0241492 0.0000000 0.0000000 0.0000000 0.0102678 0.0000000 0.0000000 0.0000000 0.0000000 0.4596576 0.2783273 0.0031276 0.0122957 0.0333318 0.0000000 0.0000000 0.0009506 0.0058851 0.0035313 0.1684759
155 R 155 0.0040120 0.1955317 0.0203101 0.0013173 0.0145521 0.0264898 0.0019661 0.0000000 0.1256505 0.0544742 0.1073160 0.0186778 0.0344621 0.1218147 0.0077830 0.0055995 0.0340341 0.0730150 0.0983298 0.0546643
156 V 156 0.0000000 0.0000000 0.0000000 0.0000000 0.0000000 0.0000000 0.0000000 0.0000000 0.0213262 0.1268252 0.6795519 0.0000000 0.0034901 0.0051376 0.0000000 0.0000000 0.0000000 0.0000000 0.0000000 0.1636689
157 S 157 0.1779925 0.0053308 0.0053726 0.0076088 0.0635682 0.0067282 0.0040007 0.0422951 0.0036303 0.0766370 0.1172856 0.0138568 0.0095899 0.0294588 0.0000000 0.3115049 0.0367021 0.0063234 0.0050359 0.0770784
158 Y 158 0.0010882 0.0020259 0.0247598 0.0000000 0.0054065 0.0032965 0.0000000 0.0000000 0.0672777 0.0034153 0.0111026 0.0027055 0.0075530 0.1936643 0.0000000 0.0010390 0.0000000 0.0228860 0.6448264 0.0089532
159 H 159 0.0056249 0.0204725 0.0489130 0.0133196 0.0165441 0.0291229 0.0086615 0.0300419 0.3370537 0.0373009 0.0835216 0.0000000 0.0196996 0.0240387 0.0000000 0.0708695 0.0541171 0.0561648 0.1345081 0.0100257
160 R 160 0.0875193 0.1864512 0.1043683 0.1160986 0.0079326 0.0151867 0.0164825 0.1311320 0.0223569 0.0014054 0.0511336 0.0530701 0.0070098 0.0000000 0.0102025 0.1509300 0.0204016 0.0000000 0.0165872 0.0017314
161 N 161 0.0142275 0.0189703 0.1023598 0.0394959 0.0111450 0.0256068 0.1197965 0.3683533 0.1303454 0.0000000 0.0045880 0.0086809 0.0038583 0.0400657 0.0436280 0.0210504 0.0026335 0.0209384 0.0160882 0.0081681
162 I 162 0.0181295 0.0041026 0.1076831 0.0362657 0.0093229 0.0330992 0.2723435 0.1013124 0.0079131 0.1496350 0.0293446 0.0288814 0.0133693 0.0206074 0.0053334 0.0455701 0.0150413 0.0000000 0.0100395 0.0920061
163 H 163 0.0000000 0.0000000 0.0000000 0.0000000 0.0000000 0.0128321 0.0000000 0.0000000 0.9822823 0.0000000 0.0000000 0.0000000 0.0000000 0.0025384 0.0000000 0.0000000 0.0000000 0.0000000 0.0000000 0.0023471
164 Y 164 0.0000000 0.0000000 0.0000000 0.0000000 0.0000000 0.0000000 0.0000000 0.0000000 0.0000000 0.0000000 0.0000000 0.0000000 0.0000000 0.0816932 0.0000000 0.0000000 0.0000000 0.0032911 0.9150157 0.0000000
165 N 165 0.0110933 0.0000000 0.3879165 0.3837926 0.0027088 0.0032397 0.0763809 0.0333008 0.0000000 0.0000000 0.0000000 0.0000000 0.0000000 0.0017538 0.0000000 0.0761778 0.0060736 0.0000000 0.0037557 0.0138064
166 S 166 0.1748339 0.0038242 0.0000000 0.0081020 0.0048013 0.0015432 0.0000000 0.0000000 0.0000000 0.0473135 0.0355448 0.0000000 0.0032180 0.0000000 0.0641610 0.5722932 0.0350047 0.0000000 0.0000000 0.0493600
167 V 167 0.0033053 0.0000000 0.0000000 0.0000000 0.0000000 0.0000000 0.0000000 0.0000000 0.0000000 0.1648538 0.3592193 0.0000000 0.0022937 0.0025848 0.0000000 0.0000000 0.0306385 0.0000000 0.0000000 0.4371045
168 V 168 0.0024493 0.2702678 0.0029515 0.0046439 0.0018103 0.0246210 0.0224932 0.0000000 0.0347273 0.0730288 0.1021378 0.0159018 0.0073680 0.0288735 0.0000000 0.0075106 0.0298291 0.0081511 0.1887884 0.1744466
169 N 169 0.0204443 0.0416694 0.1502840 0.1615527 0.0130802 0.0107554 0.0283257 0.0062266 0.0099913 0.0327768 0.0321588 0.0390439 0.0060377 0.0191313 0.2622866 0.1160935 0.0501420 0.0000000 0.0000000 0.0000000
170 P 170 0.0409330 0.0397471 0.0076823 0.0061202 0.0000000 0.0280076 0.0087265 0.0072141 0.0046674 0.1648655 0.1291596 0.1840141 0.0268114 0.0000000 0.2449124 0.0127197 0.0000000 0.0000000 0.0000000 0.0944192
171 N 171 0.0126142 0.0447453 0.2390425 0.1220051 0.0000000 0.0075525 0.1344271 0.1029003 0.0198890 0.0000000 0.0039886 0.0983792 0.0023864 0.0127372 0.0035171 0.1276514 0.0097030 0.0039482 0.0545129 0.0000000
172 K 172 0.0212726 0.0775777 0.0753573 0.3432293 0.0000000 0.0392223 0.0890116 0.0000000 0.0642512 0.0000000 0.0000000 0.2588346 0.0000000 0.0037549 0.0000000 0.0109267 0.0070877 0.0000000 0.0046212 0.0048529
173 A 173 0.7270686 0.0000000 0.0000000 0.0000000 0.0000000 0.0000000 0.0000000 0.1675071 0.0000000 0.0000000 0.0000000 0.0000000 0.0000000 0.0000000 0.0000000 0.1054243 0.0000000 0.0000000 0.0000000 0.0000000
