  173         A         R         N         D         C         Q         E         G         H         I         L         K         M         F         P         S         T         W         Y         V         X    
  1 G   1 0.0000000 0.0000000 0.0000000 0.0000000 0.0000000 0.0000000 0.0000000 0.0363549 0.0000000 0.0000000 0.0000000 0.0000000 0.0000000 0.0000000 0.0000000 0.0000000 0.0000000 0.0000000 0.0000000 0.0000000 0.9636451
  2 A   2 0.0204272 0.0000000 0.0000000 0.0034074 0.0071246 0.0000000 0.0025694 0.0110364 0.0000000 0.0000000 0.0000000 0.0000000 0.0000000 0.0000000 0.0000000 0.0282207 0.0052539 0.0000000 0.0000000 0.0000000 0.9219603
  3 G   3 0.0000000 0.0000000 0.0081803 0.0028125 0.0000000 0.0000000 0.0000000 0.0852865 0.0000000 0.0000000 0.0000000 0.0000000 0.0000000 0.0000000 0.0000000 0.0052504 0.0000000 0.0000000 0.0000000 0.0000000 0.8984704
  4 Y   4 0.0000000 0.0022183 0.0149410 0.0000000 0.0000000 0.0016780 0.0000000 0.0040771 0.0052295 0.0052124 0.0052227 0.0000000 0.0000000 0.0021540 0.0000000 0.0032063 0.0000000 0.0000000 0.0804222 0.0000000 0.8756386
  5 N   5 0.0048688 0.0022661 0.0975169 0.0017944 0.0000000 0.0000000 0.0000000 0.0000000 0.0013341 0.0015005 0.0000000 0.0032583 0.0000000 0.0000000 0.0000000 0.0374128 0.0015378 0.0000000 0.0000000 0.0081694 0.8403410
  6 S   6 0.0388538 0.0040834 0.0016228 0.0000000 0.0000000 0.0011570 0.0040547 0.0070383 0.0017444 0.0000000 0.0017944 0.0067452 0.0000000 0.0000000 0.0132996 0.1286097 0.0048323 0.0000000 0.0000000 0.0000000 0.7861646
  7 E   7 0.0351766 0.0162159 0.0041156 0.0142776 0.0000000 0.0000000 0.1372018 0.0330636 0.0019437 0.0000000 0.0000000 0.0071238 0.0017911 0.0048323 0.0014900 0.0184487 0.0000000 0.0000000 0.0000000 0.0040501 0.7202692
  8 D   8 0.0142329 0.0526257 0.0037723 0.1361170 0.0000000 0.0180347 0.0144205 0.0033991 0.0000000 0.0147368 0.0000000 0.0212273 0.0048566 0.0000000 0.0023803 0.0000000 0.0000000 0.0000000 0.0000000 0.0181438 0.6960530
  9 E   9 0.0171175 0.0161697 0.0030167 0.0063404 0.0000000 0.0251285 0.2237023 0.0000000 0.0000000 0.0015581 0.0034166 0.0352907 0.0000000 0.0023720 0.0060868 0.0109525 0.0000000 0.0000000 0.0000000 0.0012426 0.6476053
 10 Y  10 0.0301770 0.1050976 0.0016085 0.0020350 0.0000000 0.0423298 0.0487134 0.0000000 0.0324811 0.0011050 0.0013486 0.0189089 0.0016929 0.0014600 0.0028709 0.0140476 0.0074084 0.0010955 0.0647067 0.0036943 0.6192185
 11 E  11 0.0228560 0.0280942 0.0125362 0.0466833 0.0023437 0.0354674 0.0761954 0.0210215 0.0050340 0.0284712 0.0153645 0.0091198 0.0148515 0.0036846 0.0106222 0.0313080 0.0110265 0.0000000 0.0091322 0.0133393 0.6028486
 12 A  12 0.0566737 0.0299234 0.0097287 0.0074457 0.0034545 0.0560481 0.0524104 0.0109468 0.0017209 0.0227537 0.0113932 0.0712190 0.0054851 0.0057794 0.0302519 0.0392905 0.0150989 0.0000000 0.0000000 0.0000000 0.5703758
 13 A  13 0.0802042 0.0960897 0.0020090 0.0054501 0.0117148 0.0228514 0.0306691 0.0139421 0.0034167 0.0099783 0.0294678 0.0196349 0.0031559 0.0072998 0.0246467 0.0311833 0.0167425 0.0034074 0.0018678 0.0210797 0.5651889
 14 A  14 0.0599856 0.0238169 0.0454708 0.0039870 0.0000000 0.0265730 0.0317610 0.0203198 0.0151344 0.0645612 0.0264205 0.0248127 0.0080485 0.0123463 0.0178668 0.0337016 0.0127067 0.0015890 0.0091790 0.0182840 0.5434352
 15 A  15 0.1401061 0.0240372 0.0080367 0.0133341 0.0030088 0.0175376 0.0396492 0.0508859 0.0031073 0.0153237 0.0259394 0.0292259 0.0012501 0.0019674 0.0200783 0.0286300 0.0125889 0.0000000 0.0052079 0.0100096 0.5500761
 16 R  16 0.0406379 0.1147357 0.0075492 0.0110033 0.0000000 0.0355469 0.1088875 0.0108997 0.0017216 0.0075583 0.0176067 0.0431023 0.0054933 0.0000000 0.0098278 0.0137018 0.0215919 0.0010834 0.0022753 0.0087899 0.5379875
 17 I  17 0.0427464 0.0355678 0.0190609 0.0145066 0.0015562 0.0371796 0.0597589 0.0159806 0.0042652 0.0727884 0.0322716 0.0333600 0.0030094 0.0136490 0.0147795 0.0223465 0.0257276 0.0000000 0.0000000 0.0296132 0.5218327
 18 E  18 0.0411657 0.0119821 0.0205221 0.0180636 0.0015073 0.0537128 0.1502131 0.0043778 0.0084400 0.0163041 0.0236571 0.0267989 0.0032262 0.0000000 0.0735723 0.0364811 0.0068921 0.0000000 0.0000000 0.0028187 0.5002649
 19 A  19 0.1099288 0.0372087 0.0335211 0.0145694 0.0000000 0.0221920 0.0217321 0.0182134 0.0033979 0.0165074 0.0286077 0.0219271 0.0089951 0.0019674 0.0258593 0.1041447 0.0273180 0.0009880 0.0000000 0.0196580 0.4832639
 20 M  20 0.0810160 0.0307691 0.0277812 0.0257949 0.0000000 0.0181529 0.0445930 0.0028291 0.0081269 0.0182640 0.0506296 0.0340728 0.0193654 0.0136632 0.0205223 0.0451701 0.0164840 0.0011505 0.0172022 0.0428802 0.4815326
 21 D  21 0.0157512 0.0250956 0.1231545 0.0925249 0.0000000 0.0213960 0.0390765 0.0253047 0.0242380 0.0052528 0.0135622 0.0690085 0.0025817 0.0000000 0.0067202 0.0437433 0.0308525 0.0000000 0.0024755 0.0078809 0.4513810
 22 P  22 0.0123989 0.0082607 0.0270742 0.0481435 0.0000000 0.0454063 0.0644958 0.0315690 0.0045298 0.0239256 0.0696496 0.0506408 0.0215802 0.0029298 0.0848414 0.0200816 0.0170337 0.0021291 0.0000000 0.0176306 0.4476794
 23 A  23 0.1132706 0.0359793 0.0181215 0.0276152 0.0018979 0.0129993 0.0244009 0.0156874 0.0038867 0.0123205 0.0246667 0.0332085 0.0016370 0.0075055 0.0682390 0.0582481 0.0438417 0.0054511 0.0045276 0.0511276 0.4353680
 24 T  24 0.0213580 0.0111179 0.0312544 0.0812849 0.0023803 0.0261521 0.0692715 0.0463561 0.0106097 0.0088349 0.0070814 0.0318473 0.0121834 0.0062319 0.0362125 0.0886999 0.0730106 0.0000000 0.0051434 0.0082913 0.4226784
 25 V  25 0.0331547 0.0313481 0.0219278 0.0386277 0.0024920 0.0146848 0.0179259 0.0174479 0.0265895 0.0240181 0.0703956 0.0266365 0.0110485 0.0221164 0.0551825 0.0492781 0.0213728 0.0214256 0.0328944 0.0458860 0.4155472
 26 E  26 0.0176830 0.1783307 0.0128774 0.0896799 0.0000000 0.0349301 0.0643310 0.0180527 0.0053276 0.0057536 0.0101730 0.0665169 0.0000000 0.0062165 0.0183494 0.0283632 0.0102934 0.0076567 0.0120306 0.0020690 0.4113652
 27 Q  27 0.0482656 0.0384796 0.0249568 0.0126483 0.0000000 0.0706695 0.0561139 0.0115031 0.0819291 0.0112730 0.0427768 0.0774547 0.0182145 0.0031236 0.0290869 0.0379069 0.0171593 0.0049938 0.0104449 0.0112527 0.3917468
 28 Q  28 0.0597373 0.0809603 0.0237288 0.0392025 0.0000000 0.0809080 0.0820884 0.0146424 0.0012519 0.0718636 0.0425751 0.0251391 0.0110807 0.0026223 0.0129204 0.0343607 0.0143247 0.0000000 0.0000000 0.0346696 0.3679240
 29 E  29 0.0152038 0.0612903 0.0176121 0.1087941 0.0000000 0.0049782 0.3507344 0.0106758 0.0021532 0.0095865 0.0097065 0.0104935 0.0039472 0.0031956 0.0060467 0.0137442 0.0156081 0.0000000 0.0053558 0.0033347 0.3475395
 30 H  30 0.0236571 0.0667470 0.0457233 0.0391174 0.0036935 0.0366234 0.0865453 0.0157981 0.0373149 0.0483710 0.0671910 0.0414341 0.0232284 0.0093222 0.0066432 0.0357884 0.0373563 0.0022238 0.0049313 0.0306654 0.3376248
 31 W  31 0.0613413 0.0491165 0.0349092 0.0480027 0.0069800 0.0632852 0.1309250 0.0066115 0.0182010 0.0169850 0.0346231 0.0538173 0.0083164 0.0056279 0.0073834 0.0492693 0.0252189 0.0292309 0.0034278 0.0172138 0.3295137
 32 F  32 0.0487826 0.0409406 0.0160257 0.0334784 0.0089364 0.0295350 0.0388607 0.0044302 0.0023804 0.0188257 0.1105959 0.0827159 0.0040251 0.1018264 0.0306333 0.0476682 0.0089124 0.0000000 0.0148839 0.0367662 0.3197771
 33 E  33 0.0269273 0.0441786 0.0206330 0.0052438 0.0000000 0.0189291 0.1083803 0.0087435 0.0047494 0.0879513 0.2136902 0.0045673 0.0795883 0.0533535 0.0000000 0.0181056 0.0052330 0.0000000 0.0033979 0.0310398 0.2652880
 34 K  34 0.0631229 0.0613695 0.0381382 0.1303158 0.0019468 0.0338188 0.0999163 0.0060602 0.0170892 0.0241401 0.0535743 0.1149769 0.0081141 0.0118357 0.0064868 0.0282339 0.0226068 0.0036466 0.0099959 0.0147200 0.2498910
 35 A  35 0.1030334 0.0836514 0.0324725 0.0458845 0.0083225 0.1024091 0.1088279 0.0279954 0.0180429 0.0070633 0.0078423 0.0779181 0.0013861 0.0066848 0.0338503 0.0486402 0.0237411 0.0013842 0.0030827 0.0139965 0.2437709
 36 L  36 0.0192843 0.0681431 0.0058842 0.0052989 0.0134310 0.0850057 0.0278997 0.0068830 0.0188746 0.0946499 0.1637496 0.0564291 0.0270482 0.0134772 0.0067138 0.0142580 0.0134450 0.0152072 0.0708280 0.0263928 0.2470966
 37 R  37 0.0148394 0.0514500 0.0064673 0.0071143 0.0325019 0.0137690 0.0441375 0.0026505 0.0028876 0.0243630 0.4382423 0.0277936 0.0119694 0.0295004 0.0170973 0.0106071 0.0056807 0.0010596 0.0231186 0.0116423 0.2231083
 38 D  38 0.1020972 0.0603007 0.0339619 0.0598643 0.0087893 0.0632853 0.1008046 0.0493259 0.0127860 0.0140489 0.0356320 0.0784285 0.0111142 0.0098085 0.0097071 0.0540164 0.0221011 0.0065263 0.0085630 0.0240355 0.2348034
 39 K  39 0.1040979 0.0608509 0.0189735 0.0302660 0.0017711 0.0445894 0.0793317 0.0270712 0.0080313 0.0092193 0.0463530 0.0952341 0.0020495 0.0064667 0.0500461 0.0916156 0.0285049 0.0051685 0.0362630 0.0357660 0.2183303
 40 K  40 0.0178946 0.1243591 0.0356944 0.0044162 0.0016370 0.0486546 0.0251637 0.0343476 0.0367320 0.0252407 0.1804769 0.0852872 0.0188544 0.0169269 0.0129657 0.0179998 0.0172781 0.0069970 0.0555462 0.0123175 0.2212106
 41 G  41 0.0099977 0.0171842 0.0796842 0.0319905 0.0033635 0.0313911 0.0257008 0.4320036 0.0457472 0.0102875 0.0271111 0.0247696 0.0000000 0.0016285 0.0027711 0.0181136 0.0101840 0.0000000 0.0082632 0.0097150 0.2100937
 42 F  42 0.0014417 0.0074395 0.0008441 0.0000000 0.0134725 0.0022336 0.0066850 0.0014815 0.0044467 0.0224055 0.5266909 0.0180608 0.0388978 0.1177298 0.0013845 0.0028789 0.0010497 0.0131974 0.0761239 0.0148560 0.1286801
 43 I  43 0.0454926 0.0697848 0.0082517 0.0077522 0.0150954 0.0419833 0.0966505 0.0093269 0.0059526 0.0669257 0.0202261 0.0973594 0.0221165 0.0345468 0.0077157 0.0534214 0.0798403 0.0000000 0.1165773 0.1131815 0.0877993
 44 I  44 0.0378689 0.1698564 0.0033263 0.0072540 0.0045520 0.0094246 0.0912241 0.0000000 0.0043291 0.1950129 0.1424913 0.0297426 0.0307466 0.0027732 0.0112485 0.0195660 0.0076544 0.0000000 0.0000000 0.1568425 0.0760864
 45 K  45 0.0253411 0.1860635 0.0208964 0.0215818 0.0060340 0.0152973 0.0098405 0.0019874 0.0778880 0.0499151 0.0281518 0.2753502 0.0047613 0.0570992 0.0030211 0.0107121 0.0264615 0.0012390 0.0420986 0.0736665 0.0625935
 46 Q  46 0.0163627 0.0470947 0.0495780 0.1172914 0.0026360 0.0791958 0.1906386 0.0276111 0.0577071 0.0210162 0.0238908 0.0941115 0.0062112 0.0046421 0.0787315 0.0220698 0.0129335 0.0000000 0.0076128 0.0884409 0.0522241
 47 M  47 0.0100207 0.0000000 0.0022336 0.0000000 0.0147721 0.0119650 0.0000000 0.0000000 0.0000000 0.4029722 0.0000000 0.0000000 0.1355386 0.0030211 0.0000000 0.0046517 0.0823855 0.0000000 0.0000000 0.3010078 0.0314319
 48 K  48 0.1157055 0.0512996 0.0165742 0.0141068 0.0075941 0.0415171 0.0795591 0.0134915 0.0047836 0.0422840 0.0311116 0.1169448 0.0031148 0.0000000 0.3185493 0.0297146 0.0457241 0.0000000 0.0054826 0.0352887 0.0271539
 49 E  49 0.1259837 0.0378374 0.0088315 0.0733762 0.0000000 0.0048859 0.0557498 0.3476476 0.0024965 0.0000000 0.0073364 0.0437563 0.0100181 0.0000000 0.1310978 0.1063919 0.0107726 0.0000000 0.0038375 0.0028271 0.0271539
 50 D  50 0.0000000 0.0000000 0.0100634 0.9441541 0.0000000 0.0086652 0.0000000 0.0037329 0.0000000 0.0000000 0.0000000 0.0030211 0.0000000 0.0000000 0.0032592 0.0027771 0.0000000 0.0000000 0.0000000 0.0000000 0.0243271
 51 G  51 0.0298345 0.0017572 0.1344864 0.0036183 0.0027353 0.0000000 0.0038375 0.7739032 0.0000000 0.0000000 0.0000000 0.0000000 0.0000000 0.0000000 0.0092643 0.0087200 0.0031103 0.0000000 0.0000000 0.0033886 0.0253444
 52 A  52 0.0813491 0.0458140 0.4506799 0.0391156 0.0000000 0.0032592 0.0000000 0.0000000 0.1443902 0.0000000 0.0000000 0.0000000 0.0000000 0.0000000 0.0000000 0.1900520 0.0211422 0.0000000 0.0000000 0.0000000 0.0241977
 53 C  53 0.0033886 0.0000000 0.0000000 0.0000000 0.9331364 0.0000000 0.0054236 0.0000000 0.0000000 0.0000000 0.0000000 0.0000000 0.0000000 0.0000000 0.0000000 0.0345650 0.0000000 0.0000000 0.0000000 0.0000000 0.0234865
 54 L  54 0.0000000 0.0013990 0.0000000 0.0000000 0.0000000 0.1258082 0.0000000 0.0026526 0.0000000 0.0067357 0.6427400 0.0000000 0.1065344 0.0824380 0.0000000 0.0000000 0.0000000 0.0000000 0.0000000 0.0082057 0.0234865
 55 F  55 0.0000000 0.0000000 0.0000000 0.0000000 0.0000000 0.0000000 0.0000000 0.0000000 0.0000000 0.0026904 0.0000000 0.0000000 0.0325929 0.7582338 0.0000000 0.0031240 0.0000000 0.0000000 0.1779051 0.0000000 0.0254538
 56 R  56 0.0455983 0.5936833 0.0638602 0.0032592 0.0016787 0.0098598 0.0060864 0.0126200 0.0825786 0.0000000 0.0000000 0.0139812 0.0007847 0.0000000 0.0000000 0.0657119 0.0393704 0.0047317 0.0316219 0.0000000 0.0245736
 57 A  57 0.6521387 0.0000000 0.0000000 0.0000000 0.0114243 0.0000000 0.0000000 0.0040690 0.0000000 0.0000000 0.0076066 0.0054236 0.0023686 0.0000000 0.0000000 0.2611238 0.0053078 0.0000000 0.0000000 0.0294511 0.0210865
 58 V  58 0.0157351 0.0000000 0.0000000 0.0000000 0.0089320 0.0000000 0.0000000 0.0000000 0.0000000 0.2839285 0.2613018 0.0000000 0.0119509 0.0453084 0.0000000 0.0000000 0.0028789 0.0000000 0.0000000 0.3488779 0.0210865
 59 A  59 0.3436832 0.0115806 0.0133773 0.0024454 0.0123747 0.0261642 0.0420709 0.0945293 0.0000000 0.0081265 0.0242878 0.0076083 0.0010312 0.0031743 0.0000000 0.3395290 0.0130153 0.0009458 0.0078284 0.0258919 0.0223360
 60 D  60 0.0071547 0.0220827 0.0160419 0.4028464 0.0042787 0.0177795 0.0992476 0.0046766 0.1171483 0.0076257 0.0244739 0.0367003 0.0065749 0.0401724 0.0000000 0.0162364 0.0115285 0.0161677 0.1078247 0.0058542 0.0355848
 61 Q  61 0.0844910 0.0018979 0.0181420 0.0028747 0.0252484 0.6094969 0.0036383 0.0530052 0.0071042 0.0178323 0.0419417 0.0013391 0.0026988 0.0075356 0.0011734 0.0069847 0.0108283 0.0123746 0.0038483 0.0555617 0.0319832
 62 V  62 0.0383951 0.0142424 0.0018889 0.0000000 0.0092088 0.0063449 0.0187081 0.0009262 0.0093299 0.1150820 0.4629204 0.0068339 0.0683167 0.0341318 0.0105649 0.0107408 0.0144394 0.0036347 0.0054057 0.1415262 0.0273590
 63 Y  63 0.0330520 0.0279249 0.0307928 0.0106194 0.0436124 0.0237888 0.0926376 0.0109984 0.0217695 0.0181477 0.0492509 0.0399589 0.0147927 0.0972282 0.0081713 0.0489190 0.0482476 0.0130273 0.3126164 0.0202509 0.0341933
 64 G  64 0.0121913 0.0850180 0.0397733 0.0469568 0.0060297 0.0561955 0.0284341 0.4763560 0.0429405 0.0107361 0.0362653 0.0217418 0.0062181 0.0159006 0.0162836 0.0206376 0.0173161 0.0000000 0.0138569 0.0120409 0.0351076
 65 D  65 0.0132263 0.0525124 0.1278845 0.2449290 0.0164750 0.0455394 0.0250154 0.0282267 0.0555933 0.0233671 0.0055233 0.0413313 0.0000000 0.0017623 0.0035063 0.1286632 0.1301905 0.0054236 0.0048386 0.0156972 0.0302946
 66 Q  66 0.0369708 0.0436250 0.0214812 0.0215807 0.0000000 0.2403207 0.1490222 0.0115179 0.0329783 0.0204433 0.0544151 0.0543206 0.0246096 0.0135662 0.1196855 0.0762143 0.0298866 0.0014210 0.0034582 0.0122770 0.0322056
 67 D  67 0.0391693 0.0503386 0.0823843 0.1638943 0.0226703 0.0154203 0.1880640 0.0350786 0.0224862 0.0284038 0.0290797 0.0524026 0.0218096 0.0075328 0.0283072 0.1089808 0.0281167 0.0010382 0.0248744 0.0218448 0.0281037
 68 M  68 0.0340000 0.0801506 0.0743204 0.0512875 0.0170441 0.0215001 0.0336423 0.0301065 0.1125045 0.0084794 0.0981092 0.0399924 0.0657896 0.0214633 0.0384166 0.0868845 0.0711647 0.0037814 0.0703500 0.0166158 0.0243968
 69 H  69 0.1307374 0.0000000 0.0064080 0.0094404 0.0043905 0.0082501 0.0042419 0.0115023 0.4752388 0.0130884 0.0073709 0.0024553 0.0274683 0.0165094 0.0187025 0.0594402 0.0038259 0.0032170 0.1005241 0.0694096 0.0277790
 70 E  70 0.0719806 0.0914481 0.0196521 0.1088683 0.0000000 0.1030488 0.0794000 0.0443871 0.0114956 0.0217570 0.0764071 0.0915314 0.0416882 0.0100106 0.0287774 0.0534301 0.0473895 0.0060781 0.0412495 0.0237002 0.0277004
 71 V  71 0.0459200 0.0506440 0.0194123 0.0756406 0.0000000 0.0753490 0.2899542 0.0080387 0.0329218 0.0387849 0.0467329 0.0906623 0.0166083 0.0238351 0.0027539 0.0294182 0.0391566 0.0017621 0.0362367 0.0523101 0.0238583
 72 V  72 0.0110962 0.0000000 0.0000000 0.0011900 0.0068590 0.0000000 0.0000000 0.0000000 0.0183694 0.1825649 0.4024249 0.0000000 0.0437767 0.0076570 0.0000000 0.0000000 0.0098715 0.0000000 0.0321218 0.2624739 0.0215945
 73 R  73 0.0000000 0.9704297 0.0000000 0.0000000 0.0000000 0.0031240 0.0000000 0.0000000 0.0000000 0.0000000 0.0000000 0.0037006 0.0000000 0.0000000 0.0000000 0.0000000 0.0000000 0.0000000 0.0000000 0.0000000 0.0227457
 74 K  74 0.0726022 0.1239813 0.0393470 0.0218701 0.0055893 0.1699551 0.1159054 0.0104748 0.0152464 0.0074502 0.0598439 0.1633303 0.0310791 0.0056825 0.0000000 0.0873280 0.0296123 0.0020076 0.0069368 0.0103431 0.0214144
 75 H  75 0.1235698 0.0907908 0.0235275 0.0392337 0.0053979 0.0922639 0.1212743 0.0022661 0.0442225 0.0655920 0.1043891 0.0697672 0.0693046 0.0057371 0.0018769 0.0194903 0.0298735 0.0000000 0.0060531 0.0651802 0.0201896
 76 C  76 0.1369137 0.0000000 0.0000000 0.0000000 0.1930199 0.0000000 0.0000000 0.0033419 0.0000000 0.1638305 0.0480198 0.0000000 0.0070022 0.0000000 0.0000000 0.0149757 0.1430586 0.0000000 0.0000000 0.2696482 0.0201896
 77 M  77 0.3073009 0.0017976 0.0000000 0.0000000 0.0377470 0.0029166 0.0017452 0.0161106 0.0000000 0.0674335 0.0088703 0.0076014 0.0685366 0.0024208 0.0000000 0.0440781 0.0204999 0.0040578 0.0070671 0.3807893 0.0210273
 78 D  78 0.0577984 0.0558524 0.0997943 0.2901800 0.0030093 0.0968781 0.1166679 0.0186650 0.0313327 0.0025215 0.0046017 0.0855660 0.0049752 0.0000000 0.0000000 0.0672271 0.0363452 0.0000000 0.0072505 0.0011451 0.0201896
 79 Y  79 0.0339843 0.0077485 0.0008830 0.0000000 0.0032729 0.0634372 0.0719901 0.0053867 0.1144247 0.0149699 0.0104146 0.0030666 0.0000000 0.0944180 0.0000000 0.0097311 0.0388338 0.0554578 0.4283166 0.0226529 0.0210113
 80 L  80 0.0000000 0.0000000 0.0018680 0.0000000 0.0000000 0.0020468 0.0053727 0.0038375 0.0000000 0.2956631 0.2447005 0.0000000 0.3011221 0.0240215 0.0000000 0.0029166 0.0000000 0.0000000 0.0000000 0.0986540 0.0197972
 81 M  81 0.0812477 0.2354055 0.0076676 0.0114045 0.0216108 0.0692500 0.1050640 0.0062382 0.0148048 0.0529635 0.0834667 0.1284376 0.0337181 0.0090610 0.0017452 0.0311156 0.0360882 0.0000000 0.0112615 0.0388145 0.0206349
 82 K  82 0.1322186 0.0970129 0.0551483 0.0788140 0.0020776 0.0675237 0.1294122 0.0209689 0.0051141 0.0067609 0.0192390 0.1608619 0.0029894 0.0000000 0.0073445 0.1538148 0.0354773 0.0000000 0.0025432 0.0022326 0.0204460
 83 N  83 0.0061028 0.0606816 0.3639343 0.0877821 0.0143258 0.0421892 0.0376277 0.0016072 0.2777772 0.0000000 0.0006922 0.0321172 0.0015514 0.0112770 0.0000000 0.0134988 0.0059888 0.0000000 0.0152698 0.0062727 0.0213041
 84 A  84 0.0906307 0.2683120 0.0083986 0.0048658 0.0073884 0.0421619 0.0351119 0.0123972 0.0040451 0.0082747 0.0217653 0.1381843 0.0080608 0.0072488 0.2056161 0.0467647 0.0124411 0.0282117 0.0112914 0.0175253 0.0213041
 85 D  85 0.0454951 0.0289595 0.0560575 0.3529291 0.0035780 0.0373086 0.2485321 0.0222254 0.0293903 0.0074090 0.0056051 0.0317089 0.0014317 0.0089811 0.0127944 0.0432256 0.0170883 0.0033444 0.0064830 0.0173983 0.0200546
 86 Y  86 0.0214438 0.0343675 0.0245907 0.2007708 0.0030903 0.0247031 0.1376702 0.0000000 0.0630563 0.0402710 0.0747537 0.0494041 0.0328966 0.0685831 0.0032211 0.0395329 0.0560310 0.0069023 0.0817474 0.0151642 0.0217998
 87 F  87 0.0000000 0.0035498 0.0008470 0.0000000 0.0000000 0.0010436 0.0000000 0.0044688 0.0016547 0.0099654 0.0410626 0.0053279 0.0092509 0.5425281 0.0000000 0.0055156 0.0383659 0.0037271 0.3006899 0.0065021 0.0255004
 88 S  88 0.0813243 0.0485323 0.0262871 0.0178693 0.0059932 0.0286786 0.2941377 0.0206642 0.0013265 0.0613577 0.1060768 0.0564515 0.0198331 0.0019788 0.0026354 0.1593897 0.0168685 0.0038375 0.0021459 0.0226925 0.0219193
 89 N  89 0.0865722 0.0193804 0.0534396 0.0472093 0.0174420 0.0737938 0.0609997 0.0626976 0.0254329 0.0140111 0.0184335 0.0370301 0.0000000 0.0105190 0.3366891 0.0489611 0.0042249 0.0395882 0.0018992 0.0197571 0.0219193
 90 Y  90 0.0710961 0.0013238 0.0181978 0.0171592 0.0050952 0.0039241 0.0082451 0.0106642 0.0106796 0.0376600 0.0481042 0.0035243 0.0058246 0.5112372 0.0000000 0.0097960 0.0141129 0.0031969 0.1814458 0.0209518 0.0177611
 91 V  91 0.0136920 0.0028521 0.0197771 0.0166418 0.0168294 0.0000000 0.0326144 0.0130463 0.0063942 0.2094180 0.1848456 0.0134518 0.0561953 0.0421880 0.0137793 0.0276215 0.0352466 0.0030589 0.0000000 0.2733687 0.0189789
 92 T  92 0.0390342 0.0060360 0.0194190 0.0877573 0.0066756 0.0097073 0.2828106 0.1314706 0.0181802 0.0096624 0.0257482 0.0059249 0.0064917 0.0134595 0.0805958 0.0564069 0.1606277 0.0000000 0.0068863 0.0135407 0.0195652
 93 E  93 0.0305095 0.0793048 0.0763189 0.1308119 0.0084429 0.0216883 0.1777888 0.1452544 0.0127238 0.0192807 0.0113336 0.0900905 0.0671414 0.0014185 0.0223701 0.0304441 0.0275627 0.0111795 0.0032762 0.0121950 0.0208644
 94 D  94 0.0348053 0.0093375 0.0588854 0.3226763 0.0000000 0.0080158 0.1049101 0.0337833 0.0066887 0.0000000 0.0068408 0.0445736 0.0000000 0.0000000 0.1593496 0.1561996 0.0348837 0.0000000 0.0013705 0.0000000 0.0176798
 95 F  95 0.0103989 0.0283173 0.0673672 0.0056607 0.0000000 0.0018138 0.0134107 0.0054236 0.0036710 0.0479609 0.0575243 0.0027944 0.0089904 0.4093297 0.0549593 0.0011734 0.0047926 0.1015487 0.0933834 0.0621834 0.0192963
 96 T  96 0.0319089 0.0356100 0.0520129 0.2502398 0.0000000 0.0423553 0.2819805 0.0412227 0.0229542 0.0084355 0.0239789 0.0561646 0.0083661 0.0017817 0.0100780 0.0381308 0.0484107 0.0047356 0.0119011 0.0104362 0.0192963
 97 T  97 0.0580808 0.0480525 0.0310805 0.1569400 0.0000000 0.0612987 0.2523721 0.0214547 0.0157435 0.0048554 0.0125757 0.1143872 0.0000000 0.0035551 0.0027217 0.0737280 0.0884149 0.0038375 0.0037398 0.0278656 0.0192963
 98 Y  98 0.0018138 0.0037532 0.0000000 0.0059229 0.0000000 0.0030711 0.0102854 0.0000000 0.0593796 0.0017699 0.0042008 0.0087382 0.0070665 0.0336620 0.0000000 0.0042504 0.0000000 0.0038264 0.8294913 0.0020471 0.0207213
 99 I  99 0.0411599 0.0029301 0.0038375 0.0014020 0.3060290 0.0053021 0.0058353 0.0017911 0.0008938 0.1390722 0.2263105 0.0034069 0.0130416 0.0046967 0.0054236 0.0110003 0.0364205 0.0054471 0.0108935 0.1557301 0.0193763
100 N 100 0.0950936 0.1154367 0.1013634 0.0976461 0.0016630 0.0685393 0.1173931 0.0053793 0.0366819 0.0179118 0.0107454 0.1422430 0.0083290 0.0055651 0.0008686 0.0832929 0.0494255 0.0068322 0.0059246 0.0122621 0.0174034
101 E 101 0.0315903 0.2134170 0.0932004 0.0699681 0.0091937 0.0639002 0.1115479 0.0088659 0.0122019 0.0019788 0.0113687 0.1485923 0.0018632 0.0038964 0.0000000 0.0374682 0.0362592 0.1120887 0.0125746 0.0044892 0.0155354
102 E 102 0.0219240 0.0063749 0.0040732 0.0115313 0.0031312 0.0027332 0.0054281 0.0000000 0.0000000 0.2459936 0.1413826 0.0884748 0.3545883 0.0000000 0.0000000 0.0258402 0.0044377 0.0000000 0.0000000 0.0708343 0.0132523
103 R 103 0.1302722 0.2498900 0.0024034 0.0025092 0.0034246 0.0711889 0.1016674 0.0379006 0.0000000 0.0051274 0.0792442 0.0676097 0.0176751 0.0000000 0.0022574 0.1498566 0.0275950 0.0000000 0.0049664 0.0331596 0.0132523
104 K 104 0.0254336 0.1323998 0.0793601 0.0855942 0.0130543 0.1017671 0.0705422 0.0213548 0.0221645 0.0063065 0.0218419 0.2563871 0.0110915 0.0028136 0.0054236 0.0657981 0.0507509 0.0000000 0.0116477 0.0016725 0.0145963
105 N 105 0.0224719 0.0309129 0.1111341 0.1683027 0.0061314 0.0155534 0.0484178 0.0037969 0.0080958 0.0027591 0.0273748 0.0301040 0.0067297 0.0135608 0.2022230 0.1017199 0.1605063 0.0089695 0.0050117 0.0120288 0.0141955
106 N 106 0.1280071 0.0303619 0.0630262 0.0880065 0.0073793 0.0245689 0.0225873 0.3473931 0.0478427 0.0032450 0.0000000 0.0768793 0.0095156 0.0014900 0.0111212 0.0539833 0.0454819 0.0008597 0.0221418 0.0035464 0.0125628
107 C 107 0.1113781 0.0077808 0.0068344 0.0046247 0.0236890 0.0253217 0.1866754 0.0022729 0.0138353 0.0230935 0.0094655 0.0255158 0.0137443 0.0259028 0.0000000 0.1119426 0.2411411 0.0014633 0.0085670 0.1421666 0.0145851
108 H 108 0.0062195 0.0047856 0.0000000 0.0047941 0.0072009 0.0018647 0.0000000 0.0000000 0.0596401 0.0018237 0.0000000 0.0000000 0.0057572 0.0397070 0.0030211 0.0107365 0.0022801 0.7514346 0.0798255 0.0038375 0.0170718
109 G 109 0.1278341 0.0033949 0.0000000 0.0000000 0.0163975 0.0000000 0.0000000 0.8004421 0.0000000 0.0019623 0.0026526 0.0000000 0.0000000 0.0000000 0.0000000 0.0094068 0.0054236 0.0000000 0.0000000 0.0194822 0.0130040
110 N 110 0.0030653 0.0000000 0.0808611 0.2146253 0.0027353 0.0000000 0.0061972 0.5540772 0.0000000 0.0000000 0.0000000 0.0000000 0.0000000 0.0000000 0.0000000 0.0499322 0.0738968 0.0000000 0.0000000 0.0016056 0.0130040
111 H 111 0.1097357 0.0000000 0.1006353 0.0650452 0.0000000 0.1446709 0.1674418 0.0397298 0.2441717 0.0029753 0.0068437 0.0000000 0.0305636 0.0058579 0.0023846 0.0193676 0.0076279 0.0021655 0.0340347 0.0026599 0.0140887
112 I 112 0.0059531 0.0022638 0.0070186 0.0272969 0.0202077 0.0043161 0.0132711 0.0000000 0.0084947 0.2768054 0.2659676 0.0040578 0.0464308 0.0049369 0.0929074 0.0152505 0.0223830 0.0017451 0.0021233 0.1644814 0.0140887
113 E 113 0.0396849 0.0000000 0.0000000 0.0172434 0.0244330 0.0019623 0.7241717 0.0012369 0.0069105 0.0067249 0.0030653 0.0012536 0.0023033 0.0000000 0.0054236 0.0135473 0.1261311 0.0000000 0.0000000 0.0122272 0.0136809
114 M 114 0.0047945 0.0000000 0.0000000 0.0036665 0.0054826 0.0011843 0.0017655 0.0000000 0.0000000 0.2658492 0.5845694 0.0000000 0.0521025 0.0047918 0.0107773 0.0000000 0.0000000 0.0000000 0.0000000 0.0504978 0.0145186
115 Q 115 0.0460333 0.1083596 0.0155127 0.0024329 0.0014633 0.2809854 0.0120533 0.0411047 0.0202499 0.0225071 0.1178533 0.0429737 0.0170808 0.0315756 0.0000000 0.1126664 0.0240779 0.0035334 0.0077741 0.0770501 0.0147125
116 A 116 0.7298275 0.0000000 0.0000000 0.0000000 0.0025762 0.0000000 0.0000000 0.0091560 0.0000000 0.1353253 0.0109059 0.0000000 0.0392919 0.0000000 0.0000000 0.0081803 0.0016223 0.0000000 0.0000000 0.0484022 0.0147125
117 M 117 0.2094520 0.0000000 0.0000000 0.0000000 0.0223050 0.0000000 0.0000000 0.0010587 0.0000000 0.0802701 0.4253772 0.0000000 0.1037227 0.0903455 0.0016804 0.0067339 0.0216527 0.0000000 0.0021291 0.0197225 0.0155502
118 A 118 0.3991383 0.0012071 0.0014336 0.0000000 0.0616809 0.0000000 0.0018110 0.0225595 0.0023437 0.0000000 0.0033649 0.0030653 0.0024923 0.0000000 0.0000000 0.4510355 0.0234991 0.0000000 0.0000000 0.0109267 0.0154420
119 E 119 0.0303221 0.1122760 0.0745866 0.1309726 0.0156541 0.0875017 0.1701746 0.0032735 0.1130527 0.0043264 0.0608837 0.1000636 0.0112924 0.0088967 0.0028789 0.0403073 0.0107821 0.0000000 0.0015329 0.0057802 0.0154420
120 M 120 0.1315010 0.0229856 0.0141996 0.0017621 0.0264574 0.0065103 0.0137993 0.0028829 0.0544770 0.1175309 0.1655383 0.0204570 0.1203292 0.0380413 0.0000000 0.0442853 0.0157660 0.0096502 0.0454044 0.1310731 0.0173489
121 Y 121 0.0013918 0.0000000 0.0067239 0.0000000 0.0165560 0.0034857 0.0000000 0.0000000 0.0211764 0.0050901 0.2832679 0.0086844 0.0038719 0.2315801 0.0000000 0.0021291 0.0289599 0.0026414 0.3629289 0.0041615 0.0173511
122 N 122 0.0268465 0.1093539 0.1738074 0.0648222 0.0018213 0.1237375 0.0382234 0.1643193 0.0212726 0.0014202 0.0032303 0.1735591 0.0048737 0.0030291 0.0042908 0.0383311 0.0037541 0.0000000 0.0052538 0.0009407 0.0371131
123 R 123 0.0333490 0.2240335 0.0000000 0.0000000 0.0687168 0.0128723 0.0000000 0.0000000 0.0141228 0.0855519 0.0558005 0.0511344 0.0446626 0.0136641 0.0000000 0.0278893 0.0724251 0.0000000 0.0063986 0.2465017 0.0428775
124 P 124 0.0138822 0.0586419 0.1682447 0.1331482 0.0135875 0.0299673 0.1119799 0.0055188 0.0317811 0.0047844 0.0027353 0.0622926 0.0061093 0.0014202 0.2292179 0.0390039 0.0362991 0.0000000 0.0026546 0.0195078 0.0292231
125 V 125 0.0121504 0.0000000 0.0000000 0.0000000 0.0000000 0.0000000 0.0000000 0.0000000 0.0000000 0.6474284 0.0269883 0.0000000 0.0127549 0.0777814 0.0000000 0.0000000 0.0041582 0.0000000 0.0000000 0.1888617 0.0298767
126 E 126 0.0460806 0.0402383 0.0418839 0.0167858 0.0645451 0.0142034 0.1642822 0.0034278 0.0895238 0.0850037 0.0272522 0.0380480 0.0110127 0.0413939 0.0000000 0.0491776 0.0734019 0.0073662 0.0305775 0.1202413 0.0355541
127 V 127 0.0256660 0.0000000 0.0000000 0.0000000 0.0120111 0.0000000 0.0000000 0.0000000 0.0000000 0.3012171 0.1010386 0.0000000 0.0068699 0.0016285 0.0000000 0.0077859 0.0249078 0.0000000 0.0000000 0.4719065 0.0469687
128 Y 128 0.0049447 0.0000000 0.0018647 0.0000000 0.0136267 0.0000000 0.0030494 0.0000000 0.0860842 0.1781246 0.1015024 0.0000000 0.0101699 0.1060269 0.0000000 0.0043564 0.0217949 0.0158649 0.2671394 0.1384185 0.0470324
129 Q 129 0.0166461 0.0360355 0.0254758 0.0965979 0.0253756 0.2409772 0.0348946 0.0000000 0.0108609 0.0177823 0.0162730 0.0149013 0.0654921 0.0022868 0.0000000 0.1695539 0.1369865 0.0000000 0.0107409 0.0113155 0.0678040
130 Y 130 0.1270045 0.0217020 0.0131272 0.0363969 0.0000000 0.0154114 0.0311413 0.0736782 0.0115019 0.0860793 0.0573797 0.0236904 0.0223385 0.0096628 0.0605467 0.1767835 0.0048130 0.0030653 0.0973068 0.0406221 0.0877485
131 S 131 0.0168875 0.0106230 0.0866548 0.1814760 0.0040728 0.0561434 0.0865258 0.1139408 0.0040486 0.0229100 0.0080100 0.0187927 0.0088956 0.0566497 0.0350260 0.0936975 0.0602766 0.0000000 0.0320049 0.0256777 0.0776865
132 T 132 0.0675491 0.1002971 0.0559335 0.0276439 0.0033055 0.0404680 0.0640797 0.1471713 0.0091374 0.0065234 0.0232118 0.0647467 0.0105682 0.0098863 0.0227236 0.1019557 0.1019512 0.0000000 0.0069756 0.0438931 0.0919790
133 G 133 0.0497507 0.0358839 0.0310873 0.0901346 0.0052244 0.0720802 0.0753668 0.0738093 0.0095915 0.0045611 0.0254638 0.0357208 0.0154098 0.0012271 0.1600653 0.0772352 0.0418973 0.0173362 0.0031634 0.0226701 0.1523211
134 T 134 0.0438541 0.0812412 0.0587917 0.0422037 0.0035579 0.0272798 0.0400855 0.0423831 0.0188984 0.0438892 0.0287529 0.0145979 0.0032277 0.0067237 0.0858976 0.0911317 0.1403301 0.0077712 0.0063631 0.0434594 0.1695601
135 S 135 0.0094725 0.0306966 0.0293763 0.0156090 0.0666890 0.0137645 0.0314387 0.0445347 0.0196102 0.0587970 0.0921517 0.0230067 0.0143350 0.0263399 0.0750841 0.0433083 0.0300509 0.0808178 0.0203667 0.0857746 0.1887759
136 A 136 0.0183690 0.0699229 0.0348774 0.0455560 0.0050876 0.0400102 0.0565663 0.0437772 0.0301603 0.0428366 0.0478443 0.0511061 0.0132724 0.0279640 0.0073508 0.0528086 0.0714471 0.0034283 0.0787604 0.0724882 0.1863662
137 V 137 0.0128377 0.0229844 0.0208488 0.0043962 0.0045616 0.0184374 0.0100983 0.0098055 0.0262814 0.2910040 0.0977657 0.0081862 0.0318243 0.0344233 0.0043428 0.0180191 0.0135568 0.0101560 0.0133520 0.1773095 0.1698089
138 E 138 0.0168558 0.0297392 0.0242096 0.0483600 0.0017623 0.0378528 0.1352786 0.0397940 0.0105505 0.0441062 0.0397035 0.0370994 0.0000000 0.0086954 0.0246204 0.0756183 0.0520645 0.0023437 0.0096349 0.0812863 0.2804245
139 P 139 0.0404288 0.0660043 0.0476273 0.0064579 0.0142004 0.0038832 0.0215728 0.0119164 0.0145497 0.0811963 0.0115183 0.0363406 0.0042449 0.0444374 0.1101325 0.0426906 0.0898132 0.0067483 0.0296883 0.0208834 0.2956654
140 I 140 0.0222362 0.0166963 0.0348292 0.0155295 0.0068354 0.0255364 0.0581286 0.0342577 0.0196740 0.1212589 0.0461464 0.0087226 0.0327459 0.1272830 0.0056882 0.0382204 0.0247954 0.0052585 0.0251265 0.0194229 0.3116079
141 N 141 0.0470665 0.0414745 0.1385192 0.0204508 0.0036599 0.0206095 0.0201665 0.0530338 0.0192910 0.0701071 0.0060516 0.0189633 0.0050365 0.0153867 0.0835659 0.0355045 0.0228072 0.0016605 0.0364939 0.0211350 0.3190162
142 T 142 0.0238259 0.0340944 0.0445444 0.0747489 0.0059314 0.0201293 0.1030555 0.0302523 0.0370171 0.0402506 0.0200637 0.0545242 0.0092988 0.0170047 0.0277059 0.0431318 0.0552582 0.0020650 0.0158039 0.0222608 0.3190331
143 F 143 0.0152484 0.0247765 0.0325085 0.0162537 0.0044470 0.0092095 0.0386986 0.0485836 0.0038205 0.0675187 0.0321575 0.0126458 0.0092931 0.1414665 0.0109182 0.0441913 0.0044345 0.0033246 0.1076162 0.0309589 0.3419283
144 H 144 0.0235329 0.0341407 0.0354636 0.0242694 0.0046524 0.0320377 0.0531888 0.0670784 0.0639814 0.0270114 0.0623581 0.0383850 0.0089350 0.0413398 0.0298557 0.0259524 0.0347749 0.0000000 0.0380464 0.0154086 0.3395875
145 G 145 0.0281283 0.0162575 0.0454541 0.0299164 0.0077603 0.0014611 0.0903178 0.2717931 0.0086909 0.0036625 0.0053934 0.0207972 0.0075558 0.0086162 0.0986038 0.0399641 0.0283650 0.0000000 0.0030605 0.0104508 0.2737510
146 I 146 0.0300631 0.0231944 0.0482367 0.0539573 0.0042482 0.0858708 0.1497754 0.0626006 0.0087204 0.0254006 0.0269166 0.0144567 0.0035192 0.0223855 0.0462800 0.0796053 0.0556638 0.0017621 0.0202436 0.0328268 0.2042730
147 H 147 0.0268119 0.0308018 0.0529852 0.1402251 0.0021680 0.0397686 0.1854529 0.0442858 0.0207738 0.0027993 0.0103822 0.0317729 0.0019133 0.0079309 0.0329048 0.0650707 0.0513211 0.0000000 0.0271685 0.0324423 0.1930209
148 Q 148 0.0494730 0.0503594 0.0523722 0.0896153 0.0018598 0.0775201 0.1058431 0.0762962 0.0167192 0.0298185 0.0186318 0.0790137 0.0049854 0.0188966 0.0425439 0.0436346 0.0121540 0.0000000 0.0474341 0.0249285 0.1579006
149 N 149 0.0475852 0.0514766 0.0760853 0.0329157 0.0000000 0.0212778 0.0768080 0.1338828 0.0095213 0.0073181 0.0208302 0.0894663 0.0044548 0.0195353 0.0550396 0.0996855 0.0521087 0.0000000 0.0333889 0.0157776 0.1528423
150 E 150 0.0589794 0.0268471 0.0621571 0.0964214 0.0108257 0.0248696 0.0515422 0.0623824 0.0147171 0.0037557 0.0199504 0.0820655 0.0030914 0.0188259 0.0730182 0.1145148 0.0364381 0.0000000 0.0824749 0.0085663 0.1485567
151 D 151 0.0492021 0.0872498 0.1063958 0.0823910 0.0066576 0.0207169 0.0786838 0.0714208 0.0047439 0.0107848 0.0197618 0.1040595 0.0090815 0.0057523 0.0228331 0.0525555 0.0598164 0.0000000 0.0329707 0.0361001 0.1388227
152 E 152 0.0136568 0.1810833 0.0434466 0.0644394 0.0055413 0.0267766 0.0878326 0.0370541 0.0175950 0.0052502 0.0116444 0.1473818 0.0013261 0.0100800 0.1480791 0.0364741 0.0315359 0.0000000 0.0012519 0.0071699 0.1223809
153 P 153 0.0500826 0.0751322 0.0148302 0.0074645 0.0447239 0.0102715 0.0649014 0.0133237 0.0042531 0.0208989 0.0181727 0.0556762 0.0243691 0.0204773 0.2283202 0.0493806 0.0806222 0.0036201 0.0124312 0.0831948 0.1178536
154 I 154 0.0219468 0.0000000 0.0000000 0.0000000 0.0094478 0.0000000 0.0000000 0.0000000 0.0000000 0.4236114 0.2518433 0.0028030 0.0108244 0.0298864 0.0000000 0.0000000 0.0008678 0.0052930 0.0030862 0.1573809 0.0830090
155 R 155 0.0037209 0.1768859 0.0186766 0.0012099 0.0136210 0.0262220 0.0018236 0.0000000 0.1167428 0.0512216 0.1039403 0.0169815 0.0319038 0.1131909 0.0070162 0.0052350 0.0306105 0.0687435 0.0897856 0.0511820 0.0712864
156 V 156 0.0000000 0.0000000 0.0000000 0.0000000 0.0000000 0.0000000 0.0000000 0.0000000 0.0198693 0.1185296 0.6408407 0.0000000 0.0036706 0.0045771 0.0000000 0.0000000 0.0000000 0.0000000 0.0000000 0.1527334 0.0597793
157 S 157 0.1589535 0.0043289 0.0048728 0.0066490 0.0584910 0.0058918 0.0036259 0.0387715 0.0032762 0.0695335 0.1067325 0.0123974 0.0086052 0.0259814 0.0000000 0.2791637 0.0346482 0.0059348 0.0043865 0.0689523 0.0988038
158 Y 158 0.0009724 0.0017451 0.0215610 0.0000000 0.0050365 0.0027771 0.0000000 0.0000000 0.0609013 0.0030039 0.0095524 0.0023033 0.0066760 0.1740189 0.0000000 0.0009209 0.0000000 0.0207169 0.5718466 0.0078499 0.1101177
159 H 159 0.0044926 0.0173697 0.0408230 0.0113580 0.0139747 0.0244543 0.0071540 0.0246610 0.2833828 0.0315490 0.0717347 0.0000000 0.0162985 0.0202792 0.0000000 0.0627530 0.0445334 0.0474597 0.1158914 0.0083936 0.1534375
160 R 160 0.0827474 0.1685646 0.0979547 0.1096939 0.0074016 0.0142278 0.0150660 0.1233938 0.0219183 0.0012846 0.0468753 0.0480155 0.0062329 0.0000000 0.0089171 0.1434738 0.0193673 0.0000000 0.0151227 0.0016859 0.0680569
161 N 161 0.0127212 0.0172202 0.0907918 0.0348079 0.0097400 0.0228680 0.1126099 0.3501637 0.1217448 0.0000000 0.0042336 0.0079905 0.0034560 0.0396835 0.0402999 0.0198784 0.0023214 0.0194120 0.0147174 0.0074560 0.0678837
162 I 162 0.0168609 0.0037790 0.1034949 0.0328859 0.0085276 0.0305710 0.2548179 0.0973050 0.0071912 0.1407925 0.0276882 0.0264305 0.0123275 0.0191193 0.0048848 0.0422536 0.0141970 0.0000000 0.0096586 0.0853993 0.0618152
163 H 163 0.0000000 0.0000000 0.0000000 0.0000000 0.0000000 0.0115676 0.0000000 0.0000000 0.9225503 0.0000000 0.0000000 0.0000000 0.0000000 0.0021055 0.0000000 0.0000000 0.0000000 0.0000000 0.0000000 0.0019301 0.0618464
164 Y 164 0.0000000 0.0000000 0.0000000 0.0000000 0.0000000 0.0000000 0.0000000 0.0000000 0.0000000 0.0000000 0.0000000 0.0000000 0.0000000 0.0762548 0.0000000 0.0000000 0.0000000 0.0026398 0.8596459 0.0000000 0.0614595
165 N 165 0.0110987 0.0000000 0.3570523 0.3587115 0.0025183 0.0029245 0.0720372 0.0311087 0.0000000 0.0000000 0.0000000 0.0000000 0.0000000 0.0015600 0.0000000 0.0690728 0.0054651 0.0000000 0.0033779 0.0123409 0.0727321
166 S 166 0.1597598 0.0038774 0.0000000 0.0071323 0.0043935 0.0013792 0.0000000 0.0000000 0.0000000 0.0428836 0.0314812 0.0000000 0.0030810 0.0000000 0.0576680 0.5100059 0.0328712 0.0000000 0.0000000 0.0447616 0.1007052
167 V 167 0.0035237 0.0000000 0.0000000 0.0000000 0.0000000 0.0000000 0.0000000 0.0000000 0.0000000 0.1445625 0.3177294 0.0000000 0.0019536 0.0021233 0.0000000 0.0000000 0.0260363 0.0000000 0.0000000 0.3743736 0.1296976
168 V 168 0.0017105 0.1900300 0.0020468 0.0031437 0.0012519 0.0187498 0.0153015 0.0000000 0.0242502 0.0503059 0.0715333 0.0108445 0.0049878 0.0194660 0.0000000 0.0049600 0.0205381 0.0059348 0.1331191 0.1173925 0.3044335
169 N 169 0.0118846 0.0249490 0.0829105 0.0971886 0.0076684 0.0062006 0.0162993 0.0036116 0.0058068 0.0206527 0.0199740 0.0242511 0.0035475 0.0110615 0.1547350 0.0685783 0.0291711 0.0000000 0.0000000 0.0000000 0.4115095
170 P 170 0.0185211 0.0177344 0.0031073 0.0026662 0.0000000 0.0123076 0.0038160 0.0031016 0.0021021 0.0738588 0.0585428 0.0864723 0.0115997 0.0000000 0.1066701 0.0055708 0.0000000 0.0000000 0.0000000 0.0421070 0.5518223
171 N 171 0.0051513 0.0186508 0.0846892 0.0470369 0.0000000 0.0028447 0.0507894 0.0397124 0.0073472 0.0000000 0.0014682 0.0377137 0.0008846 0.0053414 0.0012864 0.0500467 0.0036226 0.0014703 0.0203203 0.0000000 0.6216239
172 K 172 0.0057263 0.0223118 0.0207500 0.0960668 0.0000000 0.0106671 0.0263517 0.0000000 0.0173338 0.0000000 0.0000000 0.0671626 0.0000000 0.0010216 0.0000000 0.0029031 0.0018882 0.0000000 0.0012536 0.0013155 0.7252478
173 A 173 0.0705243 0.0000000 0.0000000 0.0000000 0.0000000 0.0000000 0.0000000 0.0166619 0.0000000 0.0000000 0.0000000 0.0000000 0.0000000 0.0000000 0.0000000 0.0103128 0.0000000 0.0000000 0.0000000 0.0000000 0.9025009
