   37         A         R         N         D         C         Q         E         G         H         I         L         K         M         F         P         S         T         W         Y         V    
  1 Y   1 0.0000000 0.0000000 0.0000000 0.0000000 0.0000000 0.0000000 0.0000000 0.0000000 0.0245079 0.0000000 0.0000000 0.0000000 0.0000000 0.0638296 0.0000000 0.0000000 0.0000000 0.0000000 0.9116625 0.0000000
  2 P   2 0.0000000 0.0000000 0.0000000 0.0000000 0.0000000 0.0000000 0.0000000 0.0000000 0.0000000 0.0000000 0.0000000 0.0000000 0.0000000 0.0000000 0.9814866 0.0185134 0.0000000 0.0000000 0.0000000 0.0000000
  3 S   3 0.1093883 0.0000000 0.0125209 0.0000000 0.0000000 0.0000000 0.0000000 0.0000000 0.0000000 0.1426775 0.2236512 0.0000000 0.0107524 0.0000000 0.1991474 0.2055561 0.0575051 0.0000000 0.0000000 0.0388010
  4 K   4 0.0000000 0.0000000 0.0000000 0.0000000 0.0000000 0.0961043 0.2268066 0.0000000 0.0000000 0.0000000 0.0000000 0.6770891 0.0000000 0.0000000 0.0000000 0.0000000 0.0000000 0.0000000 0.0000000 0.0000000
  5 P   5 0.0000000 0.0000000 0.0000000 0.0000000 0.0000000 0.0000000 0.0000000 0.0000000 0.0000000 0.0000000 0.0000000 0.0000000 0.0000000 0.0000000 1.0000000 0.0000000 0.0000000 0.0000000 0.0000000 0.0000000
  6 D   6 0.0434443 0.0000000 0.0076554 0.1869057 0.0000000 0.0304561 0.4269897 0.0000000 0.0000000 0.0000000 0.0690888 0.0238923 0.0399160 0.0000000 0.0000000 0.0000000 0.0616867 0.0000000 0.0000000 0.1099651
  7 N   7 0.2028351 0.0000000 0.2525033 0.0000000 0.0000000 0.0000000 0.0000000 0.0000000 0.0143699 0.0105557 0.0000000 0.0000000 0.0000000 0.0000000 0.0344397 0.1375759 0.0248095 0.0000000 0.3229109 0.0000000
  8 P   8 0.0000000 0.0000000 0.0000000 0.0000000 0.0000000 0.0000000 0.0000000 0.0000000 0.0000000 0.0000000 0.0000000 0.0000000 0.0000000 0.0000000 1.0000000 0.0000000 0.0000000 0.0000000 0.0000000 0.0000000
  9 G   9 0.0212965 0.0635277 0.0000000 0.0000000 0.0000000 0.0000000 0.0412664 0.8038862 0.0000000 0.0000000 0.0000000 0.0000000 0.0000000 0.0000000 0.0131432 0.0301291 0.0000000 0.0000000 0.0000000 0.0267508
 10 E  10 0.0104956 0.0000000 0.0097472 0.3923760 0.0000000 0.0168004 0.4122468 0.0557985 0.0000000 0.0000000 0.0000000 0.0000000 0.0000000 0.0000000 0.0393626 0.0631729 0.0000000 0.0000000 0.0000000 0.0000000
 11 D  11 0.0131551 0.0000000 0.2155439 0.6284491 0.0000000 0.0000000 0.0000000 0.0856230 0.0173129 0.0000000 0.0000000 0.0000000 0.0000000 0.0000000 0.0000000 0.0000000 0.0000000 0.0000000 0.0399160 0.0000000
 12 A  12 0.8675636 0.0000000 0.0000000 0.0000000 0.0000000 0.0000000 0.0496518 0.0202216 0.0000000 0.0000000 0.0000000 0.0000000 0.0000000 0.0000000 0.0000000 0.0000000 0.0412664 0.0000000 0.0000000 0.0212965
 13 P  13 0.0212739 0.0000000 0.0000000 0.0000000 0.0000000 0.0000000 0.0000000 0.0212965 0.0000000 0.0000000 0.0000000 0.0000000 0.0000000 0.0338617 0.3451725 0.3081608 0.2702345 0.0000000 0.0000000 0.0000000
 14 A  14 0.2092009 0.0000000 0.0000000 0.0000000 0.0000000 0.0000000 0.0000000 0.0000000 0.0236979 0.0000000 0.1394270 0.0000000 0.0000000 0.0000000 0.5105374 0.0000000 0.0096563 0.0000000 0.0000000 0.1074805
 15 E  15 0.0202216 0.0000000 0.0000000 0.0249216 0.0000000 0.0155594 0.8980310 0.0000000 0.0000000 0.0000000 0.0000000 0.0412664 0.0000000 0.0000000 0.0000000 0.0000000 0.0000000 0.0000000 0.0000000 0.0000000
 16 D  16 0.0338617 0.0000000 0.0000000 0.3018017 0.0000000 0.2522744 0.4120622 0.0000000 0.0000000 0.0000000 0.0000000 0.0000000 0.0000000 0.0000000 0.0000000 0.0000000 0.0000000 0.0000000 0.0000000 0.0000000
 17 L  17 0.0000000 0.0236979 0.0000000 0.0000000 0.0000000 0.0082037 0.0000000 0.0142111 0.0000000 0.0131551 0.5532488 0.0000000 0.3159738 0.0000000 0.0000000 0.0000000 0.0000000 0.0571398 0.0000000 0.0143699
 18 A  18 0.6814271 0.0000000 0.0364855 0.0000000 0.0000000 0.0000000 0.0000000 0.0000000 0.0000000 0.0470833 0.0210809 0.0000000 0.0000000 0.0000000 0.0000000 0.1859831 0.0000000 0.0000000 0.0000000 0.0279401
 19 R  19 0.0000000 0.3537821 0.0000000 0.0000000 0.0000000 0.2631840 0.0318066 0.0000000 0.0496518 0.0000000 0.0000000 0.2842199 0.0000000 0.0000000 0.0000000 0.0173555 0.0000000 0.0000000 0.0000000 0.0000000
 20 Y  20 0.0000000 0.0000000 0.0000000 0.0000000 0.0338617 0.0000000 0.0000000 0.0000000 0.0000000 0.0000000 0.0000000 0.0000000 0.0000000 0.0961043 0.0000000 0.0000000 0.0000000 0.0000000 0.8700339 0.0000000
 21 Y  21 0.1318111 0.0000000 0.0000000 0.0000000 0.0000000 0.0173555 0.0399160 0.0000000 0.0610808 0.0000000 0.0222681 0.0112567 0.0393626 0.0321385 0.0000000 0.0000000 0.0412664 0.0000000 0.5914668 0.0120775
 22 S  22 0.4457815 0.0000000 0.0442719 0.0518324 0.0000000 0.0000000 0.0000000 0.0000000 0.0000000 0.0000000 0.0196335 0.0000000 0.0000000 0.0000000 0.0000000 0.2600902 0.1783904 0.0000000 0.0000000 0.0000000
 23 A  23 0.4431174 0.0000000 0.0279401 0.0938778 0.0000000 0.0399160 0.1594414 0.0000000 0.0000000 0.0000000 0.0000000 0.0197291 0.0000000 0.0000000 0.0000000 0.1821165 0.0000000 0.0000000 0.0338617 0.0000000
 24 L  24 0.0000000 0.0000000 0.0000000 0.0000000 0.0000000 0.0000000 0.0000000 0.0000000 0.0000000 0.0197291 0.8197438 0.0000000 0.0261144 0.0000000 0.0338617 0.0000000 0.0000000 0.0000000 0.0000000 0.1005510
 25 R  25 0.0000000 0.8264215 0.0000000 0.0000000 0.0496518 0.0961043 0.0000000 0.0000000 0.0278224 0.0000000 0.0000000 0.0000000 0.0000000 0.0000000 0.0000000 0.0000000 0.0000000 0.0000000 0.0000000 0.0000000
 26 H  26 0.0000000 0.2047845 0.0196335 0.0000000 0.0000000 0.1158334 0.0000000 0.0000000 0.6377265 0.0000000 0.0000000 0.0220221 0.0000000 0.0000000 0.0000000 0.0000000 0.0000000 0.0000000 0.0000000 0.0000000
 27 Y  27 0.0000000 0.0000000 0.0000000 0.0000000 0.0412664 0.0000000 0.0000000 0.0000000 0.0000000 0.0000000 0.0000000 0.0000000 0.0000000 0.0000000 0.0000000 0.0220221 0.0000000 0.0000000 0.9367115 0.0000000
 28 I  28 0.0000000 0.0000000 0.0000000 0.0000000 0.0000000 0.0000000 0.0000000 0.0000000 0.0000000 0.6307776 0.3120826 0.0000000 0.0000000 0.0000000 0.0000000 0.0000000 0.0000000 0.0000000 0.0000000 0.0571398
 29 N  29 0.0000000 0.0000000 1.0000000 0.0000000 0.0000000 0.0000000 0.0000000 0.0000000 0.0000000 0.0000000 0.0000000 0.0000000 0.0000000 0.0000000 0.0000000 0.0000000 0.0000000 0.0000000 0.0000000 0.0000000
 30 L  30 0.0000000 0.0000000 0.0000000 0.0000000 0.0000000 0.0000000 0.0000000 0.0000000 0.0000000 0.0000000 0.6274372 0.0000000 0.1868906 0.0000000 0.0000000 0.0000000 0.0399160 0.0000000 0.0000000 0.1457562
 31 I  31 0.0369087 0.0000000 0.0000000 0.0000000 0.0000000 0.0000000 0.0000000 0.0000000 0.0000000 0.3757305 0.2268066 0.0000000 0.0000000 0.0000000 0.0000000 0.0000000 0.0000000 0.0000000 0.0000000 0.3605542
 32 T  32 0.0000000 0.0000000 0.0000000 0.0000000 0.0000000 0.0000000 0.0000000 0.0000000 0.0000000 0.0000000 0.0000000 0.0000000 0.0000000 0.0000000 0.0000000 0.0000000 1.0000000 0.0000000 0.0000000 0.0000000
 33 R  33 0.0000000 0.9309112 0.0000000 0.0000000 0.0000000 0.0000000 0.0000000 0.0000000 0.0000000 0.0000000 0.0000000 0.0690888 0.0000000 0.0000000 0.0000000 0.0000000 0.0000000 0.0000000 0.0000000 0.0000000
 34 Q  34 0.0000000 0.0000000 0.0000000 0.0000000 0.0000000 0.6432273 0.0000000 0.0000000 0.0511310 0.0000000 0.0000000 0.0000000 0.0000000 0.0000000 0.3056416 0.0000000 0.0000000 0.0000000 0.0000000 0.0000000
 35 R  35 0.0000000 0.9486079 0.0000000 0.0000000 0.0000000 0.0000000 0.0000000 0.0000000 0.0000000 0.0000000 0.0000000 0.0000000 0.0000000 0.0000000 0.0000000 0.0000000 0.0000000 0.0513921 0.0000000 0.0000000
 36 Y  36 0.0000000 0.0000000 0.0000000 0.0000000 0.0000000 0.0000000 0.0000000 0.0000000 0.0296504 0.0000000 0.0151448 0.0000000 0.0000000 0.0439126 0.0000000 0.0000000 0.0000000 0.0596601 0.8516321 0.0000000
 37 G  37 0.0000000 0.0000000 0.0000000 0.0000000 0.0000000 0.0000000 0.0000000 1.0000000 0.0000000 0.0000000 0.0000000 0.0000000 0.0000000 0.0000000 0.0000000 0.0000000 0.0000000 0.0000000 0.0000000 0.0000000
