   37         A         R         N         D         C         Q         E         G         H         I         L         K         M         F         P         S         T         W         Y         V         X    
  1 Y   1 0.0000000 0.0000000 0.0000000 0.0000000 0.0000000 0.0000000 0.0000000 0.0000000 0.0148790 0.0000000 0.0000000 0.0000000 0.0000000 0.0355636 0.0000000 0.0000000 0.0000000 0.0000000 0.5404737 0.0000000 0.4090837
  2 P   2 0.0000000 0.0000000 0.0000000 0.0000000 0.0000000 0.0000000 0.0000000 0.0000000 0.0000000 0.0000000 0.0000000 0.0000000 0.0000000 0.0000000 0.9548166 0.0136524 0.0000000 0.0000000 0.0000000 0.0000000 0.0315310
  3 S   3 0.1107807 0.0000000 0.0116543 0.0000000 0.0000000 0.0000000 0.0000000 0.0000000 0.0000000 0.1470259 0.2381147 0.0000000 0.0108959 0.0000000 0.1973681 0.1880985 0.0556294 0.0000000 0.0000000 0.0404324 0.0000000
  4 K   4 0.0000000 0.0000000 0.0000000 0.0000000 0.0000000 0.1007634 0.2409605 0.0000000 0.0000000 0.0000000 0.0000000 0.6582761 0.0000000 0.0000000 0.0000000 0.0000000 0.0000000 0.0000000 0.0000000 0.0000000 0.0000000
  5 P   5 0.0000000 0.0000000 0.0000000 0.0000000 0.0000000 0.0000000 0.0000000 0.0000000 0.0000000 0.0000000 0.0000000 0.0000000 0.0000000 0.0000000 1.0000000 0.0000000 0.0000000 0.0000000 0.0000000 0.0000000 0.0000000
  6 D   6 0.0440311 0.0000000 0.0073723 0.1689840 0.0000000 0.0324029 0.4255697 0.0000000 0.0000000 0.0000000 0.0708020 0.0249816 0.0407005 0.0000000 0.0000000 0.0000000 0.0635994 0.0000000 0.0000000 0.1215565 0.0000000
  7 N   7 0.2089529 0.0000000 0.2292367 0.0000000 0.0000000 0.0000000 0.0000000 0.0000000 0.0135533 0.0103510 0.0000000 0.0000000 0.0000000 0.0000000 0.0369332 0.1347491 0.0245000 0.0000000 0.3417239 0.0000000 0.0000000
  8 P   8 0.0000000 0.0000000 0.0000000 0.0000000 0.0000000 0.0000000 0.0000000 0.0000000 0.0000000 0.0000000 0.0000000 0.0000000 0.0000000 0.0000000 1.0000000 0.0000000 0.0000000 0.0000000 0.0000000 0.0000000 0.0000000
  9 G   9 0.0213821 0.0717085 0.0000000 0.0000000 0.0000000 0.0000000 0.0422346 0.7932927 0.0000000 0.0000000 0.0000000 0.0000000 0.0000000 0.0000000 0.0155510 0.0303063 0.0000000 0.0000000 0.0000000 0.0255248 0.0000000
 10 E  10 0.0102892 0.0000000 0.0095206 0.4059535 0.0000000 0.0162745 0.3994227 0.0563197 0.0000000 0.0000000 0.0000000 0.0000000 0.0000000 0.0000000 0.0397894 0.0624303 0.0000000 0.0000000 0.0000000 0.0000000 0.0000000
 11 D  11 0.0140504 0.0000000 0.2296538 0.6141424 0.0000000 0.0000000 0.0000000 0.0846010 0.0168518 0.0000000 0.0000000 0.0000000 0.0000000 0.0000000 0.0000000 0.0000000 0.0000000 0.0000000 0.0407005 0.0000000 0.0000000
 12 A  12 0.8686666 0.0000000 0.0000000 0.0000000 0.0000000 0.0000000 0.0474386 0.0202782 0.0000000 0.0000000 0.0000000 0.0000000 0.0000000 0.0000000 0.0000000 0.0000000 0.0422346 0.0000000 0.0000000 0.0213821 0.0000000
 13 P  13 0.0203789 0.0000000 0.0000000 0.0000000 0.0000000 0.0000000 0.0000000 0.0213821 0.0000000 0.0000000 0.0000000 0.0000000 0.0000000 0.0458909 0.3253237 0.3003894 0.2866349 0.0000000 0.0000000 0.0000000 0.0000000
 14 A  14 0.1856162 0.0000000 0.0000000 0.0000000 0.0000000 0.0000000 0.0000000 0.0000000 0.0241912 0.0000000 0.1504431 0.0000000 0.0000000 0.0000000 0.5188551 0.0000000 0.0094273 0.0000000 0.0000000 0.1114670 0.0000000
 15 E  15 0.0202782 0.0000000 0.0000000 0.0241761 0.0000000 0.0158328 0.8974784 0.0000000 0.0000000 0.0000000 0.0000000 0.0422346 0.0000000 0.0000000 0.0000000 0.0000000 0.0000000 0.0000000 0.0000000 0.0000000 0.0000000
 16 D  16 0.0458909 0.0000000 0.0000000 0.2886136 0.0000000 0.2645322 0.4009633 0.0000000 0.0000000 0.0000000 0.0000000 0.0000000 0.0000000 0.0000000 0.0000000 0.0000000 0.0000000 0.0000000 0.0000000 0.0000000 0.0000000
 17 L  17 0.0000000 0.0241912 0.0000000 0.0000000 0.0000000 0.0079354 0.0000000 0.0132157 0.0000000 0.0140504 0.5454590 0.0000000 0.3248708 0.0000000 0.0000000 0.0000000 0.0000000 0.0567242 0.0000000 0.0135533 0.0000000
 18 A  18 0.6702667 0.0000000 0.0350726 0.0000000 0.0000000 0.0000000 0.0000000 0.0000000 0.0000000 0.0486522 0.0225333 0.0000000 0.0000000 0.0000000 0.0000000 0.1938973 0.0000000 0.0000000 0.0000000 0.0295778 0.0000000
 19 R  19 0.0000000 0.3504991 0.0000000 0.0000000 0.0000000 0.2811613 0.0320291 0.0000000 0.0474386 0.0000000 0.0000000 0.2715373 0.0000000 0.0000000 0.0000000 0.0173346 0.0000000 0.0000000 0.0000000 0.0000000 0.0000000
 20 Y  20 0.0000000 0.0000000 0.0000000 0.0000000 0.0458909 0.0000000 0.0000000 0.0000000 0.0000000 0.0000000 0.0000000 0.0000000 0.0000000 0.1007634 0.0000000 0.0000000 0.0000000 0.0000000 0.8533457 0.0000000 0.0000000
 21 Y  21 0.1436431 0.0000000 0.0000000 0.0000000 0.0000000 0.0173346 0.0407005 0.0000000 0.0607717 0.0000000 0.0211750 0.0103560 0.0397894 0.0351095 0.0000000 0.0000000 0.0422346 0.0000000 0.5766288 0.0122568 0.0000000
 22 S  22 0.4667476 0.0000000 0.0462039 0.0545595 0.0000000 0.0000000 0.0000000 0.0000000 0.0000000 0.0000000 0.0200171 0.0000000 0.0000000 0.0000000 0.0000000 0.2369381 0.1755339 0.0000000 0.0000000 0.0000000 0.0000000
 23 A  23 0.4161253 0.0000000 0.0295778 0.0978396 0.0000000 0.0407005 0.1714805 0.0000000 0.0000000 0.0000000 0.0000000 0.0197723 0.0000000 0.0000000 0.0000000 0.1786130 0.0000000 0.0000000 0.0458909 0.0000000 0.0000000
 24 L  24 0.0000000 0.0000000 0.0000000 0.0000000 0.0000000 0.0000000 0.0000000 0.0000000 0.0000000 0.0197723 0.8090593 0.0000000 0.0265259 0.0000000 0.0458909 0.0000000 0.0000000 0.0000000 0.0000000 0.0987515 0.0000000
 25 R  25 0.0000000 0.8232306 0.0000000 0.0000000 0.0474386 0.1007634 0.0000000 0.0000000 0.0285674 0.0000000 0.0000000 0.0000000 0.0000000 0.0000000 0.0000000 0.0000000 0.0000000 0.0000000 0.0000000 0.0000000 0.0000000
 26 H  26 0.0000000 0.2094295 0.0200171 0.0000000 0.0000000 0.1205356 0.0000000 0.0000000 0.6184867 0.0000000 0.0000000 0.0315310 0.0000000 0.0000000 0.0000000 0.0000000 0.0000000 0.0000000 0.0000000 0.0000000 0.0000000
 27 Y  27 0.0000000 0.0000000 0.0000000 0.0000000 0.0422346 0.0000000 0.0000000 0.0000000 0.0000000 0.0000000 0.0000000 0.0000000 0.0000000 0.0000000 0.0000000 0.0315310 0.0000000 0.0000000 0.9262344 0.0000000 0.0000000
 28 I  28 0.0000000 0.0000000 0.0000000 0.0000000 0.0000000 0.0000000 0.0000000 0.0000000 0.0000000 0.6180085 0.3252673 0.0000000 0.0000000 0.0000000 0.0000000 0.0000000 0.0000000 0.0000000 0.0000000 0.0567242 0.0000000
 29 N  29 0.0000000 0.0000000 1.0000000 0.0000000 0.0000000 0.0000000 0.0000000 0.0000000 0.0000000 0.0000000 0.0000000 0.0000000 0.0000000 0.0000000 0.0000000 0.0000000 0.0000000 0.0000000 0.0000000 0.0000000 0.0000000
 30 L  30 0.0000000 0.0000000 0.0000000 0.0000000 0.0000000 0.0000000 0.0000000 0.0000000 0.0000000 0.0000000 0.6108375 0.0000000 0.2002600 0.0000000 0.0000000 0.0000000 0.0407005 0.0000000 0.0000000 0.1482019 0.0000000
 31 I  31 0.0254289 0.0000000 0.0000000 0.0000000 0.0000000 0.0000000 0.0000000 0.0000000 0.0000000 0.3594919 0.2409605 0.0000000 0.0000000 0.0000000 0.0000000 0.0000000 0.0000000 0.0000000 0.0000000 0.3741187 0.0000000
 32 T  32 0.0000000 0.0000000 0.0000000 0.0000000 0.0000000 0.0000000 0.0000000 0.0000000 0.0000000 0.0000000 0.0000000 0.0000000 0.0000000 0.0000000 0.0000000 0.0000000 0.9745711 0.0000000 0.0000000 0.0000000 0.0254289
 33 R  33 0.0000000 0.9291980 0.0000000 0.0000000 0.0000000 0.0000000 0.0000000 0.0000000 0.0000000 0.0000000 0.0000000 0.0708020 0.0000000 0.0000000 0.0000000 0.0000000 0.0000000 0.0000000 0.0000000 0.0000000 0.0000000
 34 Q  34 0.0000000 0.0000000 0.0000000 0.0000000 0.0000000 0.6123851 0.0000000 0.0000000 0.0532485 0.0000000 0.0000000 0.0000000 0.0000000 0.0000000 0.3343664 0.0000000 0.0000000 0.0000000 0.0000000 0.0000000 0.0000000
 35 R  35 0.0000000 0.9066705 0.0000000 0.0000000 0.0000000 0.0000000 0.0000000 0.0000000 0.0000000 0.0000000 0.0000000 0.0000000 0.0000000 0.0000000 0.0000000 0.0000000 0.0000000 0.0474386 0.0000000 0.0000000 0.0458909
 36 Y  36 0.0000000 0.0000000 0.0000000 0.0000000 0.0000000 0.0000000 0.0000000 0.0000000 0.0285674 0.0000000 0.0132157 0.0000000 0.0000000 0.0418334 0.0000000 0.0000000 0.0000000 0.0541906 0.7858718 0.0000000 0.0763210
 37 G  37 0.0000000 0.0000000 0.0000000 0.0000000 0.0000000 0.0000000 0.0000000 0.6984769 0.0000000 0.0000000 0.0000000 0.0000000 0.0000000 0.0000000 0.0000000 0.0000000 0.0000000 0.0000000 0.0000000 0.0000000 0.3015231
