  119         A         R         N         D         C         Q         E         G         H         I         L         K         M         F         P         S         T         W         Y         V         X    
  1 V   1 0.0000000 0.0000000 0.0000000 0.0000000 0.0000000 0.0000000 0.0000000 0.0000000 0.0000000 0.0173405 0.0000000 0.0000000 0.0411971 0.0000000 0.0000000 0.0000000 0.0278877 0.0000000 0.0000000 0.0934161 0.8201585
  2 L   2 0.0000000 0.0000000 0.0000000 0.0000000 0.0000000 0.0000000 0.0000000 0.0000000 0.0000000 0.0051028 0.5784351 0.0000000 0.0463628 0.1005167 0.0000000 0.0000000 0.0000000 0.0704778 0.0042071 0.0029947 0.1919029
  3 S   3 0.0037500 0.0016443 0.0228247 0.0168217 0.0012736 0.0000000 0.0000000 0.0020100 0.0000000 0.0000000 0.0000000 0.0022471 0.0016625 0.0000000 0.0000000 0.3818440 0.4323610 0.0000000 0.0010517 0.0000000 0.1325094
  4 E   4 0.2658363 0.0101348 0.0163850 0.1470987 0.0057457 0.0299358 0.1380987 0.0575847 0.0027300 0.0037284 0.0076518 0.0398012 0.0011056 0.0054112 0.0534858 0.0663723 0.0234401 0.0000000 0.0052637 0.0057771 0.1144132
  5 G   5 0.1698193 0.0644391 0.0280052 0.0998185 0.0016987 0.0341160 0.1830796 0.0332718 0.0348922 0.0099026 0.0139080 0.1158454 0.0000000 0.0171983 0.0112243 0.0384553 0.0346019 0.0026578 0.0035648 0.0147256 0.0887756
  6 E   6 0.0023035 0.0041503 0.0162798 0.2767754 0.0000000 0.2336662 0.3616024 0.0000000 0.0085083 0.0087277 0.0000000 0.0056367 0.0038837 0.0000000 0.0000000 0.0041615 0.0032365 0.0000000 0.0000000 0.0052738 0.0657940
  7 W   7 0.0294828 0.1738996 0.0017313 0.0011672 0.0012032 0.0212486 0.0645692 0.0000000 0.0021869 0.1014395 0.0128654 0.4277900 0.0040376 0.0112784 0.0039140 0.0052642 0.0057685 0.0233061 0.0019509 0.0520301 0.0548666
  8 Q   8 0.2624009 0.0402550 0.0356049 0.0550279 0.0061026 0.0774612 0.1097973 0.0229171 0.0263655 0.0107287 0.0032283 0.0935469 0.0000000 0.0231309 0.0000000 0.0724494 0.0740850 0.0020790 0.0176451 0.0193250 0.0478493
  9 L   9 0.1903168 0.0098023 0.0719080 0.0344405 0.0059129 0.0080327 0.0160929 0.0063330 0.0274303 0.0589656 0.3157168 0.0149225 0.0277812 0.0038201 0.0000000 0.0226890 0.0800414 0.0000000 0.0121870 0.0505269 0.0430800
 10 V  10 0.0062218 0.0000000 0.0000000 0.0000000 0.0000000 0.0000000 0.0000000 0.0000000 0.0000000 0.3600892 0.1464190 0.0000000 0.0037309 0.0052875 0.0000000 0.0012447 0.0012550 0.0000000 0.0000000 0.4377189 0.0380331
 11 L  11 0.0428357 0.1573921 0.0357089 0.0065411 0.0010992 0.1647027 0.0185065 0.0111037 0.0045967 0.0169567 0.0919755 0.2383293 0.0136943 0.0026582 0.0000000 0.0281035 0.0691163 0.0000000 0.0016802 0.0564660 0.0385335
 12 H  12 0.1421719 0.0533924 0.0520392 0.1041877 0.0032155 0.0493175 0.0910618 0.0665996 0.0090209 0.0053706 0.0062451 0.1482709 0.0000000 0.0026014 0.0025388 0.1769705 0.0467908 0.0016829 0.0000000 0.0030782 0.0354442
 13 V  13 0.0565739 0.0000000 0.0085193 0.0050996 0.0170179 0.0050870 0.0025315 0.0000000 0.0037055 0.0995109 0.1276284 0.0010904 0.0133646 0.0385160 0.0000000 0.3396371 0.1733122 0.0009444 0.0015171 0.0691958 0.0367483
 14 W  14 0.0055958 0.0021891 0.0000000 0.0000000 0.0022941 0.0000000 0.0000000 0.0029252 0.0000000 0.0032569 0.0041569 0.0000000 0.0011852 0.0806737 0.0000000 0.0016677 0.0014562 0.8516917 0.0036553 0.0045457 0.0347063
 15 A  15 0.1630284 0.0206757 0.0569693 0.0743035 0.0033738 0.0355263 0.1060394 0.1892756 0.0063630 0.0009554 0.0071151 0.1176175 0.0042553 0.0018538 0.0222968 0.1095783 0.0366341 0.0000000 0.0000000 0.0080909 0.0360480
 16 K  16 0.0541927 0.0323897 0.0259158 0.0121406 0.0010810 0.0375492 0.0190919 0.0179412 0.0195430 0.0623379 0.0638895 0.3863991 0.0169821 0.0054608 0.0358692 0.0575217 0.0404346 0.0000000 0.0026836 0.0721688 0.0364077
 17 V  17 0.0503142 0.0000000 0.0022812 0.0000000 0.0014857 0.0000000 0.0000000 0.0000000 0.0000000 0.2198337 0.1848674 0.0000000 0.0886723 0.0256693 0.0083966 0.0000000 0.0012354 0.0000000 0.0000000 0.3781966 0.0390475
 18 E  18 0.1139716 0.0642429 0.0101340 0.0122112 0.0051969 0.0116856 0.0849926 0.0877175 0.0093100 0.0104921 0.0146276 0.1741200 0.0143803 0.0115103 0.0024002 0.1322634 0.0230753 0.0028963 0.0451698 0.0104999 0.1591025
 19 A  19 0.1475419 0.0362616 0.0180762 0.0206027 0.0048651 0.0608119 0.0190460 0.1269180 0.0144545 0.0050989 0.0085112 0.1250420 0.0052116 0.0013915 0.1070179 0.0779301 0.0416672 0.0000000 0.0017249 0.0168163 0.1610106
 20 D  20 0.0115611 0.0250209 0.2513216 0.3146903 0.0008554 0.0378671 0.0197219 0.0430252 0.0952431 0.0204465 0.0050262 0.0546584 0.0000000 0.0049565 0.0000000 0.0344039 0.0203240 0.0000000 0.0015567 0.0105229 0.0487984
 21 V  21 0.1574675 0.0468247 0.0071794 0.0036222 0.0224636 0.0169473 0.0460630 0.0250524 0.0109748 0.0709414 0.1027905 0.0545029 0.0324008 0.0127426 0.0630081 0.0795846 0.0197938 0.0073165 0.0487981 0.0985480 0.0729779
 22 A  22 0.0941416 0.0158078 0.0527019 0.1670727 0.0035868 0.0444469 0.2152760 0.0926854 0.0020807 0.0042422 0.0150463 0.0420852 0.0119609 0.0015780 0.0353857 0.0267178 0.0402183 0.0000000 0.0032027 0.0551563 0.0766069
 23 G  23 0.1244268 0.0248132 0.0331450 0.1048417 0.0008919 0.0595464 0.2300771 0.0842511 0.0128990 0.0080841 0.0103881 0.0895195 0.0000000 0.0072607 0.0151942 0.0511496 0.0497778 0.0000000 0.0000000 0.0370342 0.0566997
 24 H  24 0.0937190 0.0019648 0.0762600 0.0070240 0.0157214 0.0000000 0.0000000 0.0000000 0.0954070 0.1815118 0.1001893 0.0040085 0.0142709 0.0413205 0.0000000 0.0280187 0.0454641 0.0036657 0.0919296 0.1464650 0.0530598
 25 G  25 0.0803402 0.0000000 0.0000000 0.0023690 0.0088137 0.0039005 0.0000000 0.7650100 0.0000000 0.0023355 0.0000000 0.0000000 0.0020571 0.0000000 0.0047554 0.0279174 0.0171766 0.0000000 0.0000000 0.0302475 0.0550770
 26 Q  26 0.2094626 0.0252827 0.0149565 0.0124908 0.0037287 0.0414238 0.0209549 0.1003040 0.0178833 0.0322380 0.0871850 0.0323936 0.0240687 0.0091337 0.0672374 0.0557154 0.0648941 0.0000000 0.0031048 0.1486590 0.0288831
 27 D  27 0.0951623 0.0281252 0.0572739 0.0812150 0.0057104 0.0505206 0.3125193 0.0067788 0.0083151 0.0427532 0.0669878 0.0937896 0.0115456 0.0093560 0.0000000 0.0298253 0.0237899 0.0000000 0.0067201 0.0405877 0.0290242
 28 I  28 0.2936172 0.0013982 0.0000000 0.0000000 0.0058250 0.0000000 0.0000000 0.0042315 0.0000000 0.1512472 0.1458693 0.0000000 0.0661369 0.1225903 0.0000000 0.0184021 0.0536568 0.0000000 0.0020778 0.1060649 0.0288831
 29 L  29 0.0000000 0.0000000 0.0000000 0.0000000 0.0000000 0.0000000 0.0000000 0.0000000 0.0000000 0.0074045 0.4893130 0.0000000 0.0496695 0.3179168 0.0023173 0.0000000 0.0000000 0.0060835 0.0644641 0.0338976 0.0289338
 30 I  30 0.1157795 0.0261905 0.0153404 0.0166319 0.0087768 0.0287701 0.0998731 0.1259733 0.0125777 0.0762117 0.1370835 0.0321568 0.0221167 0.0180745 0.0000000 0.0730802 0.0724778 0.0008905 0.0320780 0.0595308 0.0263862
 31 R  31 0.0368180 0.5864400 0.0283173 0.0079711 0.0019784 0.0131754 0.0134857 0.0124467 0.0000000 0.0110841 0.0311634 0.1466055 0.0101344 0.0052371 0.0000000 0.0222863 0.0172861 0.0264359 0.0036480 0.0053354 0.0201514
 32 L  32 0.0067285 0.0000000 0.0000000 0.0018689 0.0290904 0.0000000 0.0000000 0.0000000 0.0000000 0.0766627 0.5101271 0.0000000 0.1784550 0.0811038 0.0000000 0.0000000 0.0214110 0.0049324 0.0206351 0.0521238 0.0168613
 33 F  33 0.0046619 0.0000000 0.0000000 0.0000000 0.0000000 0.0029947 0.0000000 0.0000000 0.0049251 0.0235799 0.2406818 0.0000000 0.0054257 0.6708743 0.0000000 0.0000000 0.0077547 0.0000000 0.0000000 0.0192210 0.0198808
 34 K  34 0.0774609 0.0272173 0.0362365 0.0310257 0.0092263 0.0295148 0.1825261 0.0023105 0.0132950 0.0764246 0.0525557 0.1226129 0.0046764 0.0044661 0.0000000 0.0370202 0.1378395 0.0011961 0.0037522 0.1333836 0.0172595
 35 S  35 0.1087064 0.0241976 0.0550256 0.0516896 0.0129211 0.0286289 0.0976621 0.0219234 0.0061934 0.0708557 0.0640214 0.0505315 0.0174008 0.0000000 0.0000000 0.0820265 0.0600218 0.0000000 0.0067940 0.2263361 0.0150639
 36 H  36 0.0992115 0.0054626 0.0824590 0.0559699 0.0069812 0.0000000 0.0263018 0.0000000 0.1755605 0.0080153 0.0018321 0.0101115 0.0011118 0.1299013 0.0018689 0.0092124 0.0260845 0.0000000 0.3227801 0.0237053 0.0134302
 37 P  37 0.0104019 0.0000000 0.0000000 0.0000000 0.0016269 0.0052750 0.0096970 0.0021460 0.0000000 0.0000000 0.0026851 0.0033114 0.0000000 0.0000000 0.9276494 0.0110608 0.0010726 0.0023886 0.0000000 0.0031916 0.0194937
 38 E  38 0.0564787 0.0385790 0.0356038 0.1084335 0.0000000 0.1327990 0.1956402 0.0415564 0.0103533 0.0033613 0.0061301 0.0194252 0.0023212 0.0016674 0.0078884 0.1049907 0.0554250 0.1560069 0.0000000 0.0057140 0.0176259
 39 T  39 0.1232491 0.0024004 0.0094218 0.0018732 0.0109790 0.0008218 0.0022673 0.0000000 0.0018380 0.0416284 0.0636611 0.0031559 0.0332314 0.0135267 0.0000000 0.0623258 0.4589262 0.0032569 0.1068813 0.0448526 0.0157031
 40 L  40 0.0096123 0.1056089 0.0040949 0.0000000 0.0000000 0.2983894 0.0077294 0.0170377 0.0054342 0.0120616 0.0813963 0.3877576 0.0150301 0.0018517 0.0031681 0.0080589 0.0106287 0.0000000 0.0056944 0.0123186 0.0141272
 41 E  41 0.0761928 0.1740148 0.0475128 0.0613492 0.0000000 0.0605755 0.0591423 0.0237768 0.0102478 0.0206856 0.0211608 0.1208724 0.0000000 0.0016252 0.0404071 0.0550322 0.1997717 0.0000000 0.0041536 0.0076263 0.0158531
 42 K  42 0.0106431 0.0263206 0.0022673 0.0018126 0.0000000 0.0168287 0.0088611 0.0000000 0.0375292 0.0121824 0.2141947 0.0731167 0.0799203 0.1048944 0.0044295 0.0131974 0.0018392 0.0014793 0.3499177 0.0271701 0.0133958
 43 F  43 0.0000000 0.0030284 0.0000000 0.0000000 0.0030195 0.0000000 0.0000000 0.0012441 0.0000000 0.0000000 0.0040051 0.0000000 0.0000000 0.9504975 0.0017558 0.0021790 0.0000000 0.0152276 0.0056471 0.0000000 0.0133958
 44 D  44 0.0657303 0.0196575 0.0069351 0.0688123 0.0000000 0.0132970 0.0378383 0.0530204 0.0113226 0.0047526 0.0043266 0.0792087 0.0026772 0.0153216 0.2662131 0.2363119 0.0642924 0.0000000 0.0169643 0.0121305 0.0211876
 45 R  45 0.0232365 0.0519204 0.0694618 0.0213772 0.0025890 0.0590302 0.0207779 0.0122620 0.2120560 0.0061995 0.0068663 0.1696903 0.0051957 0.1034496 0.0108414 0.0950441 0.0204901 0.0014662 0.0195398 0.0071394 0.0813668
 46 F  46 0.0019648 0.0017991 0.0039095 0.0000000 0.0070807 0.0000000 0.0000000 0.0227113 0.0026720 0.0137393 0.1428726 0.0020074 0.0295747 0.5772674 0.0000000 0.0077051 0.0100803 0.0611940 0.0148008 0.0124828 0.0881384
 47 K  47 0.0973844 0.1148323 0.0331165 0.1289533 0.0000000 0.0191863 0.0110619 0.2300119 0.0025247 0.0000000 0.0067233 0.1552807 0.0016104 0.0044295 0.0058200 0.0401849 0.0252563 0.0000000 0.0000000 0.0077954 0.1158283
 48 H  48 0.0442236 0.0041754 0.1457631 0.2706691 0.0000000 0.0224532 0.0301256 0.1105475 0.0457095 0.0213935 0.0872482 0.0358918 0.0031816 0.0126370 0.0000000 0.0163226 0.0178402 0.0000000 0.0064520 0.0025512 0.1228148
 49 L  49 0.0104999 0.0117257 0.0303613 0.0212862 0.0159170 0.0023154 0.0000000 0.0152974 0.0134133 0.0742183 0.2655247 0.0131209 0.0415393 0.0337285 0.0039724 0.0816920 0.0171704 0.0000000 0.0050991 0.1082504 0.2348678
 50 K  50 0.0145838 0.0081833 0.0135242 0.0462393 0.0022454 0.0392437 0.0420610 0.0341493 0.0032038 0.0046979 0.0261443 0.0966023 0.0000000 0.0150247 0.1379758 0.1929947 0.0297849 0.0000000 0.0329699 0.0071233 0.2532486
 51 T  51 0.0564409 0.0047811 0.0629639 0.1020077 0.0018669 0.0049236 0.0150767 0.0192387 0.0025961 0.0119278 0.0061502 0.0121215 0.0000000 0.0152552 0.0107045 0.2134446 0.0926255 0.0000000 0.0018229 0.0488706 0.3171815
 52 E  52 0.1362416 0.0061584 0.0342869 0.0338344 0.0076749 0.0313328 0.0381083 0.0135486 0.0119674 0.0314987 0.0897418 0.0258555 0.0072984 0.0068242 0.1323226 0.0428514 0.0152206 0.0023886 0.0304466 0.0417442 0.2606542
 53 A  53 0.1084816 0.0015068 0.0289647 0.1718235 0.0034548 0.0275150 0.1520484 0.0398790 0.0024749 0.0040392 0.0127337 0.0194887 0.0049855 0.0056842 0.0074035 0.0790666 0.0349573 0.0000000 0.0013799 0.0216994 0.2724133
 54 E  54 0.2105566 0.0055757 0.0207559 0.0830043 0.0000000 0.0644666 0.1756856 0.0113677 0.0008238 0.0043371 0.0279335 0.0184278 0.0036853 0.0012004 0.0042558 0.0341193 0.0074769 0.0000000 0.0075016 0.0390669 0.2797592
 55 M  55 0.0026830 0.0047307 0.0049477 0.0119646 0.0190299 0.0104336 0.0069814 0.0106504 0.0214133 0.1691518 0.3066609 0.0068776 0.0588978 0.0055219 0.0083857 0.0704667 0.0081578 0.0000000 0.0038993 0.0642988 0.2048470
 56 K  56 0.0693157 0.0601598 0.0034380 0.0149788 0.0079172 0.0348126 0.0967057 0.0099328 0.0469947 0.0117499 0.0940418 0.1291213 0.1058796 0.0096232 0.1040611 0.0274789 0.0167082 0.0000000 0.0041582 0.0175590 0.1353633
 57 A  57 0.0839594 0.0407271 0.0964338 0.0865721 0.0014397 0.0451032 0.0355898 0.3222973 0.0253364 0.0000000 0.0039005 0.0582789 0.0014026 0.0000000 0.0000000 0.0907546 0.0328929 0.0028853 0.0045641 0.0056363 0.0622261
 58 S  58 0.0092650 0.0026885 0.3858799 0.0734535 0.0049129 0.0016860 0.0071028 0.0054959 0.0175700 0.0041179 0.0041464 0.0000000 0.0028227 0.0000000 0.0000000 0.3746775 0.0387896 0.0000000 0.0000000 0.0059977 0.0613938
 59 E  59 0.2436581 0.0363451 0.0137976 0.0333986 0.0000000 0.0226212 0.0705631 0.0516783 0.0057550 0.0058172 0.0032823 0.0461116 0.0094666 0.0015060 0.3145586 0.0489809 0.0247196 0.0022996 0.0012214 0.0281921 0.0360270
 60 D  60 0.0665700 0.0616414 0.0388986 0.1080826 0.0026720 0.1712450 0.1131053 0.0163283 0.0269381 0.0019792 0.0100607 0.2403037 0.0116602 0.0104484 0.0333150 0.0367420 0.0073125 0.0000000 0.0088589 0.0083445 0.0254935
 61 L  61 0.0165672 0.0020728 0.0000000 0.0000000 0.0000000 0.0000000 0.0019238 0.0061896 0.0000000 0.0937607 0.2946737 0.0000000 0.0378025 0.1789342 0.0017558 0.0032027 0.0000000 0.0018129 0.0170517 0.3268893 0.0173631
 62 K  62 0.1125740 0.1942656 0.0211516 0.0090572 0.0091882 0.0831148 0.0223036 0.0162170 0.0339339 0.0267179 0.0760032 0.3069020 0.0047778 0.0000000 0.0022217 0.0282193 0.0137707 0.0000000 0.0071507 0.0150676 0.0173631
 63 K  63 0.3922979 0.0171322 0.0398372 0.0341149 0.0000000 0.0192976 0.0532398 0.0668489 0.0236223 0.0075494 0.0110478 0.1376673 0.0035616 0.0155891 0.0139992 0.0590512 0.0517983 0.0087974 0.0072882 0.0209398 0.0163199
 64 H  64 0.0000000 0.0000000 0.0000000 0.0000000 0.0000000 0.1337761 0.0000000 0.0031477 0.8216546 0.0000000 0.0119414 0.0000000 0.0000000 0.0000000 0.0000000 0.0042558 0.0028098 0.0000000 0.0053157 0.0063388 0.0107601
 65 G  65 0.2543294 0.0089246 0.0000000 0.0015185 0.0182875 0.0000000 0.0000000 0.5210585 0.0000000 0.0364123 0.0122739 0.0081986 0.0050218 0.0000000 0.0000000 0.0433673 0.0059975 0.0000000 0.0000000 0.0719260 0.0126839
 66 V  66 0.1056684 0.0711780 0.0342009 0.0185810 0.0076350 0.0375124 0.0447653 0.0530599 0.0096740 0.0733150 0.0512285 0.2509248 0.0317418 0.0066769 0.0000000 0.0555479 0.0646238 0.0000000 0.0176407 0.0546987 0.0113271
 67 T  67 0.0232280 0.1999639 0.0511398 0.0058291 0.0000000 0.0149889 0.0024689 0.0057541 0.0047553 0.0169739 0.0330301 0.3754059 0.0014553 0.0000000 0.0000000 0.0323973 0.1577081 0.0000000 0.0054636 0.0609076 0.0085302
 68 V  68 0.0017798 0.0000000 0.0000000 0.0000000 0.0052051 0.0000000 0.0021891 0.0000000 0.0000000 0.1868892 0.0751411 0.0000000 0.0108820 0.0495426 0.0000000 0.0049324 0.0012440 0.0000000 0.0096509 0.6432728 0.0092709
 69 L  69 0.0973695 0.0042558 0.0000000 0.0000000 0.0086200 0.0021005 0.0016499 0.0104454 0.0000000 0.1001348 0.2559286 0.0000000 0.2921682 0.0901008 0.0000000 0.0056273 0.0156933 0.0067658 0.0000000 0.1022284 0.0069117
 70 T  70 0.0970523 0.0415789 0.0826361 0.1151606 0.0023410 0.0382867 0.0332729 0.1413107 0.0498942 0.0087397 0.0299328 0.0748430 0.0086866 0.0018901 0.0000000 0.0869169 0.1114923 0.0000000 0.0353634 0.0336805 0.0069212
 71 A  71 0.3846741 0.0338330 0.0000000 0.0009926 0.0026578 0.0141305 0.0032569 0.1579055 0.0021402 0.0031363 0.0205638 0.0327572 0.0566883 0.0371827 0.0000000 0.1158677 0.0631185 0.0000000 0.0041046 0.0592359 0.0077544
 72 L  72 0.0023616 0.0000000 0.0025455 0.0000000 0.0024704 0.0000000 0.0000000 0.0042558 0.0000000 0.1746138 0.4804754 0.0000000 0.0132540 0.1289059 0.0000000 0.0000000 0.0352717 0.0000000 0.0000000 0.1459147 0.0099312
 73 G  73 0.0633332 0.0085636 0.1107649 0.2113358 0.0364950 0.0172505 0.0729747 0.2580077 0.0053279 0.0038803 0.0047000 0.0106797 0.0078540 0.0000000 0.0025455 0.0724711 0.0710512 0.0000000 0.0059536 0.0226755 0.0141356
 74 A  74 0.0412869 0.0426717 0.0819253 0.1199371 0.0000000 0.0337225 0.2051309 0.0239108 0.0151138 0.0134275 0.0551945 0.0881434 0.0059891 0.0025985 0.0000000 0.0955919 0.0984539 0.0060054 0.0097916 0.0455693 0.0155359
 75 I  75 0.4384379 0.0025455 0.0000000 0.0019262 0.0092753 0.0015886 0.0000000 0.0788383 0.0000000 0.1030160 0.0819988 0.0069062 0.0201366 0.0560402 0.0010323 0.0466874 0.0217024 0.0085321 0.0138593 0.0919410 0.0155359
 76 L  76 0.0879339 0.0000000 0.0018865 0.0000000 0.0042470 0.0000000 0.0000000 0.0039217 0.0000000 0.2550242 0.1278150 0.0000000 0.0251233 0.0000000 0.0000000 0.0085742 0.0121720 0.0010826 0.0035607 0.4517561 0.0169028
 77 K  77 0.0653783 0.0359135 0.1004160 0.1187061 0.0032288 0.0710392 0.0765871 0.0735561 0.0115849 0.0111861 0.0085590 0.2482383 0.0053825 0.0062819 0.0000000 0.0827726 0.0374448 0.0017424 0.0014939 0.0271750 0.0133134
 78 K  78 0.0655191 0.0244729 0.2172970 0.0251802 0.0023212 0.0760497 0.0175238 0.0505816 0.2117870 0.0035861 0.0431101 0.0714147 0.0042424 0.0065556 0.0025247 0.1206527 0.0206512 0.0000000 0.0078813 0.0138893 0.0147593
 79 K  79 0.0104980 0.0150824 0.0000000 0.0017357 0.0017660 0.0020728 0.0016299 0.0020807 0.0000000 0.1454979 0.5398496 0.0396797 0.1340166 0.0028884 0.0211784 0.0018102 0.0053113 0.0000000 0.0025388 0.0559542 0.0164092
 80 G  80 0.0078090 0.0385291 0.0477998 0.6014098 0.0015270 0.0090090 0.0686771 0.1356232 0.0189310 0.0020620 0.0000000 0.0084209 0.0000000 0.0000000 0.0042941 0.0162260 0.0109747 0.0000000 0.0037632 0.0064768 0.0184672
 81 H  81 0.0235952 0.0201130 0.2390903 0.4545066 0.0023335 0.0258781 0.0304784 0.0070115 0.0203627 0.0000000 0.0165432 0.0855393 0.0072002 0.0000000 0.0000000 0.0355489 0.0096649 0.0000000 0.0017121 0.0029886 0.0174335
 82 H  82 0.0313002 0.0080092 0.0109806 0.0000000 0.0023814 0.0028862 0.0096509 0.0146667 0.0477263 0.1318438 0.4749200 0.0015582 0.0620782 0.0374648 0.0466332 0.0102117 0.0119593 0.0039918 0.0040664 0.0575035 0.0301676
 83 E  83 0.0847277 0.0296750 0.0189190 0.1290050 0.0032100 0.0424006 0.1777275 0.0212386 0.0186837 0.0065872 0.0214860 0.2009563 0.0089527 0.0019369 0.0730445 0.0480014 0.0295945 0.0000000 0.0037982 0.0569616 0.0230935
 84 A  84 0.1949001 0.0160770 0.0534589 0.0339750 0.0261178 0.0330823 0.0901307 0.2143029 0.0072523 0.0021005 0.0096434 0.0437719 0.0029472 0.0070891 0.0267353 0.1165515 0.0617710 0.0000000 0.0108599 0.0255906 0.0236428
 85 E  85 0.1745168 0.0022315 0.0474827 0.0057778 0.0049836 0.0283640 0.0313967 0.0454859 0.0229294 0.0637877 0.1289250 0.0151329 0.0274520 0.0278644 0.0048511 0.0366536 0.1866406 0.0000000 0.0401574 0.0822165 0.0231504
 86 L  86 0.0145403 0.0057338 0.0000000 0.0000000 0.0133470 0.0023057 0.0000000 0.0022634 0.0024004 0.0595950 0.5828716 0.0000000 0.0235134 0.1138966 0.0012559 0.0058457 0.0009687 0.0098628 0.0687460 0.0720135 0.0208399
 87 K  87 0.1936902 0.0502468 0.0515969 0.0266067 0.0075793 0.0481537 0.0579877 0.0130497 0.0186190 0.0176303 0.0453375 0.1746270 0.0089098 0.0081511 0.0101169 0.1575099 0.0564042 0.0000000 0.0088519 0.0230546 0.0218769
 88 P  88 0.1033247 0.0496815 0.0648368 0.0964637 0.0056350 0.0568555 0.0972558 0.0117557 0.0306277 0.0011941 0.0179218 0.2233441 0.0067245 0.0054957 0.0573056 0.0729189 0.0364764 0.0014442 0.0306955 0.0102004 0.0198426
 89 L  89 0.0015676 0.0000000 0.0042423 0.0000000 0.0000000 0.0044446 0.0000000 0.0000000 0.0000000 0.0281548 0.8043081 0.0017956 0.0469680 0.0332527 0.0000000 0.0000000 0.0125815 0.0000000 0.0024461 0.0417003 0.0185385
 90 A  90 0.1785106 0.0207740 0.0028823 0.0000000 0.0000000 0.0092661 0.0026221 0.3359226 0.0064260 0.0050451 0.0000000 0.0041128 0.0014352 0.0012973 0.0000000 0.3817580 0.0085475 0.0000000 0.0000000 0.0191980 0.0222023
 91 Q  91 0.0747452 0.1076064 0.0227947 0.1298671 0.0000000 0.0549547 0.1890163 0.0328232 0.0100996 0.0142751 0.0146248 0.1234161 0.0031467 0.0000000 0.0000000 0.0392018 0.0580254 0.0000000 0.0199820 0.0851049 0.0203159
 92 S  92 0.0644455 0.1055966 0.0636863 0.0364089 0.0000000 0.0259475 0.0145156 0.0011393 0.0000000 0.0223690 0.3033774 0.0896391 0.0239592 0.0130766 0.0007889 0.0805860 0.0794161 0.0000000 0.0077416 0.0470892 0.0202171
 93 H  93 0.0000000 0.0010235 0.0033397 0.0000000 0.0000000 0.0013241 0.0000000 0.0051284 0.9519958 0.0000000 0.0024689 0.0028454 0.0000000 0.0042673 0.0023597 0.0026221 0.0000000 0.0000000 0.0000000 0.0000000 0.0226251
 94 A  94 0.3162996 0.0187820 0.0036278 0.0042084 0.0886260 0.0424920 0.0032627 0.0228769 0.0130491 0.0846781 0.0273099 0.0715272 0.0000000 0.0095379 0.0000000 0.0725838 0.0191813 0.0018132 0.0070332 0.0553847 0.1377261
 95 T  95 0.0701971 0.0252497 0.0713803 0.0884526 0.0015574 0.0561305 0.0857937 0.0534453 0.0690061 0.0044466 0.0370746 0.0397311 0.0028766 0.0817292 0.0402976 0.0182101 0.0857231 0.0000000 0.0725964 0.0291674 0.0669347
 96 K  96 0.0088823 0.2179604 0.0388238 0.0125297 0.0000000 0.0254938 0.0337159 0.0042751 0.0187502 0.0350308 0.0000000 0.3808736 0.0071628 0.0047811 0.0070855 0.0104998 0.0304926 0.0000000 0.0079171 0.0401953 0.1155302
 97 H  97 0.0096066 0.0289217 0.0121629 0.0053614 0.0000000 0.0000000 0.0028823 0.0386297 0.0942398 0.0062551 0.3887810 0.0094156 0.0079209 0.0394190 0.0269634 0.0140597 0.0083492 0.0098364 0.0973977 0.0008800 0.1989176
 98 K  98 0.0142933 0.1812440 0.0497555 0.0115671 0.0089654 0.0388992 0.0039985 0.2548591 0.1526713 0.0065189 0.0097553 0.1282728 0.0112870 0.0041196 0.0000000 0.0260886 0.0067496 0.0000000 0.0086741 0.0315364 0.0507439
 99 I  99 0.0384736 0.0000000 0.0000000 0.0000000 0.0000000 0.0000000 0.0019968 0.0019038 0.0000000 0.1715540 0.0298971 0.0000000 0.0241851 0.0165187 0.0027884 0.0000000 0.0235474 0.0000000 0.0000000 0.6382665 0.0508687
100 P 100 0.0231021 0.0119445 0.0242891 0.4280666 0.0000000 0.0326765 0.0414882 0.0402827 0.0024272 0.0021988 0.0175848 0.0885698 0.0017395 0.0000000 0.0645643 0.0655148 0.0931101 0.0000000 0.0026749 0.0118474 0.0479185
101 I 101 0.0417448 0.0607195 0.0070441 0.0548900 0.0011374 0.0122975 0.0132652 0.0123332 0.0027437 0.0309709 0.0321858 0.0584149 0.0000000 0.0046162 0.5259100 0.0295133 0.0236038 0.0000000 0.0000000 0.0272131 0.0613966
102 K 102 0.1301577 0.0185845 0.0317654 0.0920102 0.0030051 0.0657992 0.2362201 0.0445701 0.0187104 0.0202422 0.0037003 0.0608134 0.0035667 0.0022706 0.0125441 0.0469225 0.0243352 0.0000000 0.0024444 0.1255164 0.0568216
103 Y 103 0.0071508 0.0070990 0.3970867 0.0381471 0.0000000 0.0494655 0.0233728 0.0000000 0.1755468 0.0011363 0.0133093 0.0016575 0.0206050 0.0174851 0.0015759 0.0400966 0.0091465 0.0014248 0.1313802 0.0081666 0.0561474
104 L 104 0.0049324 0.0000000 0.0000000 0.0000000 0.0000000 0.0000000 0.0000000 0.0000000 0.0000000 0.0178765 0.0410130 0.0000000 0.0039289 0.7772775 0.0000000 0.0000000 0.0000000 0.0124810 0.0717991 0.0226553 0.0480363
105 E 105 0.0215035 0.1009995 0.0247547 0.0734635 0.0000000 0.0503159 0.1425692 0.0562848 0.0109887 0.0120986 0.0169323 0.2940677 0.0079401 0.0000000 0.0464848 0.0314152 0.0156160 0.0189745 0.0029442 0.0200296 0.0526172
106 F 106 0.0661758 0.0151991 0.0412924 0.0325990 0.0000000 0.0245655 0.0403218 0.0000000 0.0169481 0.0719816 0.3186633 0.0343891 0.0061209 0.0381760 0.0443393 0.0082819 0.0295818 0.0117107 0.0130393 0.1205553 0.0660591
107 I 107 0.0189817 0.0000000 0.0000000 0.0000000 0.0000000 0.0000000 0.0000000 0.0000000 0.0000000 0.1021143 0.4463790 0.0000000 0.0496873 0.1385774 0.0010726 0.0033893 0.0245382 0.0000000 0.0047785 0.1390307 0.0714511
108 S 108 0.1128848 0.0445249 0.0212345 0.0045039 0.0205330 0.0210711 0.0356686 0.2876081 0.0018229 0.0185553 0.0098933 0.1116191 0.0038088 0.0093499 0.0038693 0.1700419 0.0286147 0.0000000 0.0024618 0.0091757 0.0827585
109 E 109 0.0528296 0.0211103 0.0708927 0.0814613 0.0012647 0.0815006 0.1898973 0.0725510 0.1460475 0.0032981 0.0062789 0.0341161 0.0025867 0.0238750 0.0256240 0.0320129 0.0357194 0.0000000 0.0147411 0.0204422 0.0837505
110 A 110 0.2064269 0.0008899 0.0457434 0.0033981 0.2075563 0.0098621 0.0079875 0.0012919 0.0104965 0.0759684 0.0217464 0.0045165 0.0286271 0.0009080 0.0493968 0.0411503 0.0315289 0.0000000 0.0035109 0.1613327 0.0876615
111 I 111 0.0058577 0.0000000 0.0022437 0.0000000 0.0000000 0.0000000 0.0000000 0.0014879 0.0000000 0.2512890 0.4354930 0.0000000 0.0417471 0.1261729 0.0000000 0.0000000 0.0073150 0.0000000 0.0021353 0.0397469 0.0865116
112 I 112 0.0228209 0.0115487 0.0027642 0.0085143 0.0017407 0.0258441 0.0249363 0.0101293 0.0127468 0.1333444 0.3856084 0.0133567 0.0444751 0.0112787 0.0019438 0.0092113 0.0546482 0.0018875 0.0014033 0.1226679 0.0991292
113 H 113 0.0464740 0.0133263 0.0082130 0.0527029 0.0121613 0.0251854 0.1639982 0.0125011 0.0237093 0.0880896 0.0185715 0.0673774 0.0071200 0.0145128 0.0118322 0.0357146 0.0230221 0.0250705 0.0303382 0.2114477 0.1086320
114 V 114 0.0763507 0.0009638 0.0000000 0.0000000 0.0206698 0.0000000 0.0209674 0.0039215 0.0019388 0.0126067 0.0260754 0.0017424 0.0267841 0.0199822 0.0011473 0.0317482 0.2379250 0.0000000 0.0536596 0.3431160 0.1204011
115 L 115 0.0015356 0.0000000 0.0000000 0.0000000 0.0022082 0.0000000 0.0000000 0.0000000 0.0000000 0.1655439 0.5012573 0.0000000 0.0776192 0.0322665 0.0016432 0.0000000 0.0028446 0.0000000 0.0000000 0.0844095 0.1306720
116 H 116 0.3883026 0.0184878 0.0058735 0.0067263 0.0013268 0.0571343 0.0853220 0.0358550 0.0070575 0.0018544 0.0000000 0.1216890 0.0026986 0.0000000 0.0000000 0.0357444 0.0040961 0.0000000 0.0000000 0.0095386 0.2182929
117 S 117 0.1332811 0.0287855 0.0105115 0.0366846 0.0103144 0.0422696 0.2011785 0.0147033 0.0140850 0.0244768 0.0066188 0.0116176 0.0117029 0.0000000 0.0019262 0.0767024 0.0398400 0.0000000 0.0009470 0.0208654 0.3134894
118 R 118 0.0020779 0.0560663 0.0024693 0.0000000 0.0090923 0.0127694 0.0041571 0.0000000 0.2086003 0.0000000 0.0011752 0.1212397 0.0177082 0.0000000 0.0000000 0.0000000 0.0000000 0.0000000 0.0021167 0.0000000 0.5625277
119 H 119 0.0000000 0.0000000 0.0247935 0.0000000 0.0000000 0.0000000 0.0000000 0.0000000 0.0524240 0.0000000 0.0000000 0.0000000 0.0000000 0.0000000 0.0000000 0.0000000 0.0000000 0.0000000 0.0521347 0.0000000 0.8706477
