  119         A         R         N         D         C         Q         E         G         H         I         L         K         M         F         P         S         T         W         Y         V    
  1 V   1 0.0000000 0.0000000 0.0000000 0.0000000 0.0000000 0.0000000 0.0000000 0.0000000 0.0000000 0.0959141 0.0000000 0.0000000 0.2141660 0.0000000 0.0000000 0.0000000 0.1533910 0.0000000 0.0000000 0.5365288
  2 L   2 0.0000000 0.0000000 0.0000000 0.0000000 0.0000000 0.0000000 0.0000000 0.0000000 0.0000000 0.0063824 0.7153305 0.0000000 0.0547697 0.1218316 0.0000000 0.0000000 0.0000000 0.0925440 0.0053364 0.0038055
  3 S   3 0.0044115 0.0018419 0.0261895 0.0193033 0.0014909 0.0000000 0.0000000 0.0023552 0.0000000 0.0000000 0.0000000 0.0026378 0.0019283 0.0000000 0.0000000 0.4435076 0.4950925 0.0000000 0.0012415 0.0000000
  4 E   4 0.3023025 0.0113105 0.0181604 0.1657777 0.0064462 0.0354683 0.1620503 0.0627061 0.0030745 0.0041312 0.0085714 0.0436960 0.0012430 0.0058437 0.0581766 0.0720857 0.0265583 0.0000000 0.0059369 0.0064606
  5 G   5 0.1898699 0.0708764 0.0308592 0.1096019 0.0018497 0.0356978 0.2013477 0.0414395 0.0379453 0.0105738 0.0153193 0.1221670 0.0000000 0.0188943 0.0122212 0.0418974 0.0368095 0.0029396 0.0039201 0.0157703
  6 E   6 0.0025156 0.0043682 0.0174366 0.2931010 0.0000000 0.2479053 0.3913989 0.0000000 0.0090168 0.0094564 0.0000000 0.0066642 0.0042834 0.0000000 0.0000000 0.0045526 0.0034803 0.0000000 0.0000000 0.0058206
  7 W   7 0.0307355 0.1828772 0.0017575 0.0012477 0.0012686 0.0228198 0.0692676 0.0000000 0.0029380 0.1040393 0.0130461 0.4516925 0.0049995 0.0114691 0.0038721 0.0054950 0.0061421 0.0295652 0.0020278 0.0547395
  8 Q   8 0.2772722 0.0423308 0.0370407 0.0572500 0.0064405 0.0858464 0.1121341 0.0249226 0.0277813 0.0112966 0.0031437 0.0969924 0.0000000 0.0242310 0.0000000 0.0742088 0.0781838 0.0022027 0.0186152 0.0201072
  9 L   9 0.1951392 0.0101734 0.0778230 0.0359973 0.0059506 0.0081556 0.0178533 0.0066733 0.0299196 0.0598543 0.3342327 0.0157381 0.0281737 0.0038222 0.0000000 0.0233122 0.0834789 0.0000000 0.0125661 0.0511365
 10 V  10 0.0066152 0.0000000 0.0000000 0.0000000 0.0000000 0.0000000 0.0000000 0.0000000 0.0000000 0.3752781 0.1509489 0.0000000 0.0040133 0.0053797 0.0000000 0.0013497 0.0013746 0.0000000 0.0000000 0.4550404
 11 L  11 0.0443072 0.1607041 0.0404765 0.0064834 0.0010808 0.1697392 0.0187518 0.0115898 0.0047083 0.0166197 0.0987615 0.2501854 0.0145948 0.0027994 0.0000000 0.0286857 0.0683157 0.0000000 0.0017614 0.0604353
 12 H  12 0.1508071 0.0546248 0.0550562 0.1083957 0.0041281 0.0488670 0.0946490 0.0666532 0.0094700 0.0057108 0.0065324 0.1565250 0.0000000 0.0027295 0.0026908 0.1813891 0.0468280 0.0017168 0.0000000 0.0032264
 13 V  13 0.0593411 0.0000000 0.0089519 0.0053763 0.0144525 0.0053006 0.0026185 0.0000000 0.0042243 0.1033484 0.1340629 0.0011469 0.0130312 0.0375368 0.0000000 0.3501829 0.1827420 0.0009920 0.0053968 0.0712950
 14 W  14 0.0057706 0.0030460 0.0000000 0.0000000 0.0024122 0.0000000 0.0000000 0.0036802 0.0000000 0.0034279 0.0043660 0.0000000 0.0012415 0.0843304 0.0000000 0.0017283 0.0015118 0.8799452 0.0037599 0.0047801
 15 A  15 0.1672871 0.0217635 0.0604573 0.0725732 0.0046141 0.0364100 0.1090615 0.1999688 0.0066406 0.0009926 0.0073139 0.1220395 0.0044973 0.0019289 0.0228722 0.1153229 0.0385375 0.0000000 0.0000000 0.0077191
 16 K  16 0.0558623 0.0329435 0.0261111 0.0127132 0.0011280 0.0386244 0.0195816 0.0189300 0.0208588 0.0647709 0.0646233 0.4070787 0.0173302 0.0056585 0.0362655 0.0583494 0.0418373 0.0000000 0.0027011 0.0746323
 17 V  17 0.0513647 0.0000000 0.0024139 0.0000000 0.0015131 0.0000000 0.0000000 0.0000000 0.0000000 0.2316231 0.1892089 0.0000000 0.0941795 0.0278964 0.0087293 0.0000000 0.0013211 0.0000000 0.0000000 0.3917500
 18 E  18 0.1327114 0.0760656 0.0120352 0.0138920 0.0062632 0.0138025 0.1039895 0.1065282 0.0107711 0.0124116 0.0177028 0.2076944 0.0166880 0.0134193 0.0028977 0.1575008 0.0255750 0.0034629 0.0541677 0.0124211
 19 A  19 0.1789096 0.0431255 0.0227786 0.0241511 0.0058325 0.0730133 0.0220255 0.1514307 0.0169784 0.0060818 0.0099473 0.1485654 0.0062754 0.0016363 0.1231580 0.0957933 0.0489534 0.0000000 0.0020348 0.0193090
 20 D  20 0.0123200 0.0260636 0.2648621 0.3348220 0.0009297 0.0388046 0.0210430 0.0440195 0.1012415 0.0205587 0.0051000 0.0552948 0.0000000 0.0053824 0.0000000 0.0360704 0.0210154 0.0000000 0.0014790 0.0109933
 21 V  21 0.1678799 0.0491868 0.0073229 0.0036938 0.0248696 0.0173484 0.0477016 0.0296581 0.0115208 0.0752785 0.1137430 0.0568000 0.0353777 0.0132053 0.0690234 0.0863121 0.0212341 0.0080683 0.0514615 0.1103145
 22 A  22 0.1058076 0.0165098 0.0556824 0.1777153 0.0038809 0.0480001 0.2289999 0.1090949 0.0021855 0.0046109 0.0161203 0.0453733 0.0129324 0.0016906 0.0368370 0.0304009 0.0433074 0.0000000 0.0034668 0.0573842
 23 G  23 0.1340218 0.0263229 0.0340039 0.1120072 0.0009499 0.0617270 0.2410229 0.0937904 0.0135170 0.0091715 0.0111085 0.0926855 0.0000000 0.0077428 0.0138753 0.0577697 0.0518911 0.0000000 0.0000000 0.0383927
 24 H  24 0.0976387 0.0020843 0.0804166 0.0072801 0.0166448 0.0000000 0.0000000 0.0000000 0.1022274 0.1900025 0.1062008 0.0041755 0.0144336 0.0432563 0.0000000 0.0297971 0.0468742 0.0038746 0.1008646 0.1542289
 25 G  25 0.0843940 0.0000000 0.0000000 0.0025641 0.0095922 0.0041693 0.0000000 0.8099126 0.0000000 0.0025627 0.0000000 0.0000000 0.0021990 0.0000000 0.0051179 0.0294118 0.0178257 0.0000000 0.0000000 0.0322507
 26 Q  26 0.2142676 0.0260530 0.0153771 0.0118127 0.0038363 0.0473941 0.0234587 0.1022150 0.0181655 0.0331735 0.0910232 0.0324695 0.0243158 0.0094392 0.0698714 0.0559964 0.0670222 0.0000000 0.0030298 0.1510790
 27 D  27 0.0971082 0.0289303 0.0582797 0.0881747 0.0060654 0.0524485 0.3235763 0.0057413 0.0079291 0.0409003 0.0667445 0.0988363 0.0118327 0.0096358 0.0000000 0.0312331 0.0243438 0.0000000 0.0067375 0.0414824
 28 I  28 0.3014484 0.0014618 0.0000000 0.0000000 0.0060699 0.0000000 0.0000000 0.0044325 0.0000000 0.1571970 0.1467635 0.0000000 0.0676453 0.1238187 0.0000000 0.0190719 0.0581712 0.0000000 0.0021725 0.1117473
 29 L  29 0.0000000 0.0000000 0.0000000 0.0000000 0.0000000 0.0000000 0.0000000 0.0000000 0.0000000 0.0078558 0.5098282 0.0000000 0.0507663 0.3258195 0.0024364 0.0000000 0.0000000 0.0062353 0.0627273 0.0343313
 30 I  30 0.1211716 0.0265125 0.0150159 0.0165869 0.0090312 0.0265227 0.1056604 0.1267071 0.0128354 0.0825467 0.1416797 0.0330738 0.0224001 0.0187264 0.0000000 0.0709867 0.0740250 0.0009217 0.0331841 0.0624120
 31 R  31 0.0372813 0.5962745 0.0322864 0.0079998 0.0019606 0.0135632 0.0137178 0.0122394 0.0000000 0.0113287 0.0316533 0.1506859 0.0100479 0.0053242 0.0000000 0.0234432 0.0177192 0.0260956 0.0028917 0.0054874
 32 L  32 0.0067595 0.0000000 0.0000000 0.0019382 0.0293272 0.0000000 0.0000000 0.0000000 0.0000000 0.0788808 0.5135505 0.0000000 0.1866162 0.0818857 0.0000000 0.0000000 0.0225223 0.0052020 0.0206572 0.0526604
 33 F  33 0.0048843 0.0000000 0.0000000 0.0000000 0.0000000 0.0031659 0.0000000 0.0000000 0.0050686 0.0249980 0.2452265 0.0000000 0.0056600 0.6832773 0.0000000 0.0000000 0.0080833 0.0000000 0.0000000 0.0196362
 34 K  34 0.0811098 0.0272823 0.0365504 0.0294401 0.0091616 0.0304363 0.1840582 0.0023218 0.0135107 0.0768837 0.0529114 0.1275293 0.0048577 0.0045672 0.0000000 0.0372433 0.1396900 0.0012193 0.0038389 0.1373881
 35 S  35 0.1125242 0.0239864 0.0537130 0.0529783 0.0131072 0.0278881 0.0977477 0.0266561 0.0061510 0.0740811 0.0622374 0.0515203 0.0177154 0.0000000 0.0000000 0.0821768 0.0615317 0.0000000 0.0068317 0.2291535
 36 H  36 0.1008796 0.0056222 0.0831836 0.0525791 0.0072077 0.0000000 0.0262673 0.0000000 0.1827025 0.0080053 0.0018210 0.0102838 0.0011113 0.1335953 0.0019364 0.0087729 0.0263414 0.0000000 0.3259222 0.0237683
 37 P  37 0.0102194 0.0000000 0.0000000 0.0000000 0.0016663 0.0053482 0.0101200 0.0022315 0.0000000 0.0000000 0.0027879 0.0034038 0.0000000 0.0000000 0.9455272 0.0120184 0.0009668 0.0024301 0.0000000 0.0032803
 38 E  38 0.0583408 0.0392095 0.0359819 0.1098809 0.0000000 0.1308054 0.2003278 0.0429119 0.0105055 0.0035103 0.0070755 0.0196623 0.0023911 0.0017012 0.0080825 0.1055805 0.0590155 0.1591440 0.0000000 0.0058733
 39 T  39 0.1251180 0.0024848 0.0095973 0.0019429 0.0109205 0.0008479 0.0023449 0.0000000 0.0018782 0.0414164 0.0613797 0.0032495 0.0332922 0.0138196 0.0000000 0.0648523 0.4687710 0.0033720 0.1099780 0.0447348
 40 L  40 0.0098092 0.1045717 0.0052800 0.0000000 0.0000000 0.3032331 0.0080363 0.0176930 0.0055649 0.0126672 0.0837670 0.3913054 0.0150203 0.0018898 0.0033087 0.0083285 0.0109050 0.0000000 0.0059161 0.0127039
 41 E  41 0.0777647 0.1744968 0.0459473 0.0614959 0.0000000 0.0593675 0.0642362 0.0242847 0.0107115 0.0208663 0.0217996 0.1246825 0.0000000 0.0016772 0.0403385 0.0567151 0.2039950 0.0000000 0.0041614 0.0074598
 42 K  42 0.0107345 0.0262449 0.0023418 0.0018399 0.0000000 0.0171698 0.0089323 0.0000000 0.0388028 0.0125786 0.2112829 0.0790894 0.0809568 0.1081106 0.0044402 0.0137388 0.0018995 0.0018167 0.3521509 0.0278695
 43 F  43 0.0000000 0.0031717 0.0000000 0.0000000 0.0016430 0.0000000 0.0000000 0.0013235 0.0000000 0.0000000 0.0041304 0.0000000 0.0000000 0.9641845 0.0018541 0.0022972 0.0000000 0.0154788 0.0059169 0.0000000
 44 D  44 0.0679377 0.0200556 0.0118342 0.0745760 0.0000000 0.0125469 0.0407945 0.0542057 0.0098453 0.0049120 0.0044265 0.0810210 0.0026111 0.0156581 0.2692021 0.2360407 0.0648669 0.0000000 0.0171052 0.0123604
 45 R  45 0.0248581 0.0571597 0.0756415 0.0275792 0.0028442 0.0617934 0.0225278 0.0128222 0.2315138 0.0065603 0.0076624 0.1871604 0.0056652 0.1148284 0.0114756 0.0984796 0.0226656 0.0016128 0.0193371 0.0078129
 46 F  46 0.0021860 0.0017578 0.0034654 0.0000000 0.0076685 0.0000000 0.0000000 0.0252531 0.0029456 0.0148919 0.1584381 0.0022295 0.0326950 0.6364555 0.0000000 0.0083886 0.0092094 0.0642707 0.0163476 0.0137972
 47 K  47 0.1072242 0.1294224 0.0372523 0.1485365 0.0000000 0.0212851 0.0124239 0.2597312 0.0029326 0.0000000 0.0077940 0.1804348 0.0018407 0.0049634 0.0067052 0.0450786 0.0256323 0.0000000 0.0000000 0.0087426
 48 H  48 0.0498940 0.0048429 0.1658781 0.3055457 0.0000000 0.0250754 0.0339650 0.1239750 0.0549841 0.0248389 0.1015577 0.0404620 0.0037125 0.0145793 0.0000000 0.0198163 0.0201293 0.0000000 0.0077523 0.0029915
 49 L  49 0.0139393 0.0153346 0.0404320 0.0280456 0.0177335 0.0030854 0.0000000 0.0204320 0.0156041 0.0938375 0.3491480 0.0182923 0.0522822 0.0446993 0.0052768 0.1091053 0.0227646 0.0000000 0.0066434 0.1433443
 50 K  50 0.0193906 0.0109346 0.0184196 0.0626972 0.0030156 0.0500908 0.0544391 0.0437128 0.0043603 0.0063758 0.0359187 0.1363669 0.0000000 0.0193926 0.1853429 0.2572302 0.0402501 0.0000000 0.0430096 0.0090525
 51 T  51 0.0814944 0.0065775 0.0884916 0.1465778 0.0027912 0.0073648 0.0213254 0.0280332 0.0037259 0.0178568 0.0090802 0.0180575 0.0000000 0.0223517 0.0156890 0.3068480 0.1480867 0.0000000 0.0026600 0.0729883
 52 E  52 0.1808222 0.0078988 0.0462788 0.0458310 0.0105514 0.0400885 0.0505876 0.0186890 0.0170949 0.0461674 0.1226518 0.0348531 0.0101566 0.0089254 0.1822402 0.0585810 0.0179295 0.0032431 0.0415346 0.0558752
 53 A  53 0.1504146 0.0021117 0.0405756 0.2371307 0.0056944 0.0361316 0.2076467 0.0543407 0.0034610 0.0070717 0.0159071 0.0260161 0.0060684 0.0081322 0.0103347 0.1140340 0.0444979 0.0000000 0.0016001 0.0288308
 54 E  54 0.2932913 0.0077653 0.0293294 0.1106544 0.0000000 0.0880796 0.2449770 0.0153990 0.0011537 0.0060245 0.0376555 0.0262475 0.0052528 0.0017060 0.0057911 0.0473513 0.0105015 0.0000000 0.0103658 0.0584545
 55 M  55 0.0033854 0.0060416 0.0061970 0.0149901 0.0213192 0.0125880 0.0088968 0.0136781 0.0282547 0.2127589 0.3841040 0.0085781 0.0775279 0.0069751 0.0105609 0.0907865 0.0102882 0.0000000 0.0049316 0.0781379
 56 K  56 0.0787476 0.0688264 0.0040302 0.0177198 0.0093407 0.0400725 0.1118427 0.0114714 0.0563672 0.0135333 0.1124372 0.1542961 0.1169252 0.0114546 0.1190900 0.0297115 0.0185603 0.0000000 0.0049966 0.0205767
 57 A  57 0.0958702 0.0421128 0.1071451 0.0904856 0.0015685 0.0484325 0.0384767 0.3372431 0.0264862 0.0000000 0.0042511 0.0635128 0.0015257 0.0000000 0.0000000 0.0934823 0.0356351 0.0029395 0.0046702 0.0061627
 58 S  58 0.0102898 0.0029638 0.4089961 0.0775001 0.0037768 0.0018374 0.0074665 0.0058376 0.0182555 0.0044642 0.0044996 0.0000000 0.0031045 0.0000000 0.0000000 0.4033818 0.0410954 0.0000000 0.0000000 0.0065308
 59 E  59 0.2527030 0.0372651 0.0144651 0.0348290 0.0000000 0.0231502 0.0782191 0.0537991 0.0060589 0.0061264 0.0036041 0.0482230 0.0087066 0.0015600 0.3210724 0.0513532 0.0256024 0.0024735 0.0012537 0.0295353
 60 D  60 0.0660943 0.0617158 0.0396370 0.1158721 0.0027617 0.1779440 0.1132194 0.0165430 0.0279029 0.0020892 0.0094507 0.2479675 0.0121602 0.0107805 0.0332833 0.0377575 0.0073880 0.0000000 0.0088725 0.0085603
 61 L  61 0.0164321 0.0017894 0.0000000 0.0000000 0.0000000 0.0000000 0.0017901 0.0064280 0.0000000 0.0977537 0.3067215 0.0000000 0.0378825 0.1811202 0.0018771 0.0033199 0.0000000 0.0018666 0.0180117 0.3250071
 62 K  62 0.1131387 0.1941393 0.0211767 0.0089969 0.0095100 0.0848634 0.0231291 0.0169113 0.0342792 0.0274280 0.0761148 0.3204272 0.0047989 0.0000000 0.0022758 0.0260805 0.0141680 0.0000000 0.0073140 0.0152480
 63 K  63 0.3963933 0.0179601 0.0404351 0.0341815 0.0000000 0.0196166 0.0512526 0.0685810 0.0246432 0.0079272 0.0114619 0.1415383 0.0022167 0.0158552 0.0145107 0.0623294 0.0532553 0.0092560 0.0073386 0.0212473
 64 H  64 0.0000000 0.0000000 0.0000000 0.0000000 0.0000000 0.1358971 0.0000000 0.0033330 0.8288835 0.0000000 0.0120934 0.0000000 0.0000000 0.0000000 0.0000000 0.0042113 0.0026588 0.0000000 0.0063798 0.0065431
 65 G  65 0.2625593 0.0086816 0.0000000 0.0015706 0.0186576 0.0000000 0.0000000 0.5228792 0.0000000 0.0371791 0.0124494 0.0083282 0.0052118 0.0000000 0.0000000 0.0448868 0.0061829 0.0000000 0.0000000 0.0714135
 66 V  66 0.1037819 0.0715960 0.0388842 0.0188973 0.0068080 0.0383545 0.0456657 0.0535467 0.0100197 0.0735057 0.0523542 0.2521193 0.0340324 0.0065832 0.0000000 0.0566398 0.0636414 0.0000000 0.0184857 0.0550841
 67 T  67 0.0238813 0.2005695 0.0506226 0.0057666 0.0000000 0.0154315 0.0025580 0.0059123 0.0049482 0.0178370 0.0335368 0.3754078 0.0014347 0.0000000 0.0000000 0.0333173 0.1610914 0.0000000 0.0056629 0.0620223
 68 V  68 0.0018425 0.0000000 0.0000000 0.0000000 0.0053175 0.0000000 0.0029872 0.0000000 0.0000000 0.1856929 0.0751144 0.0000000 0.0102951 0.0500395 0.0000000 0.0051987 0.0012880 0.0000000 0.0100057 0.6522184
 69 L  69 0.1043610 0.0041669 0.0000000 0.0000000 0.0086642 0.0021299 0.0008832 0.0107945 0.0000000 0.1029198 0.2510223 0.0000000 0.2890080 0.0931270 0.0000000 0.0057481 0.0155359 0.0067588 0.0000000 0.1048806
 70 T  70 0.0953255 0.0411401 0.0841979 0.1216429 0.0022842 0.0370747 0.0341759 0.1404155 0.0491654 0.0085006 0.0301311 0.0735320 0.0089203 0.0019591 0.0000000 0.0855237 0.1158500 0.0000000 0.0362277 0.0339332
 71 A  71 0.3949083 0.0341508 0.0000000 0.0009808 0.0027409 0.0148935 0.0033548 0.1581390 0.0015263 0.0032399 0.0200212 0.0308943 0.0575799 0.0376881 0.0000000 0.1135823 0.0630269 0.0000000 0.0042139 0.0590590
 72 L  72 0.0024361 0.0000000 0.0024555 0.0000000 0.0025712 0.0000000 0.0000000 0.0041737 0.0000000 0.1744487 0.4893480 0.0000000 0.0132475 0.1294317 0.0000000 0.0000000 0.0370916 0.0000000 0.0000000 0.1447960
 73 G  73 0.0681167 0.0093337 0.1108639 0.2130106 0.0382992 0.0189610 0.0712694 0.2617752 0.0054794 0.0049854 0.0047920 0.0107243 0.0080012 0.0000000 0.0024620 0.0709067 0.0736130 0.0000000 0.0057857 0.0216206
 74 A  74 0.0413945 0.0425298 0.0826437 0.1207127 0.0000000 0.0343852 0.2080425 0.0288473 0.0152483 0.0138046 0.0564233 0.0919817 0.0055274 0.0026978 0.0000000 0.0968150 0.0977086 0.0060248 0.0101467 0.0450660
 75 I  75 0.4461545 0.0024628 0.0000000 0.0019759 0.0095100 0.0016348 0.0000000 0.0784542 0.0000000 0.1100276 0.0804257 0.0060893 0.0197954 0.0568659 0.0010574 0.0487353 0.0224763 0.0088319 0.0142104 0.0912925
 76 L  76 0.0967866 0.0000000 0.0019426 0.0000000 0.0046493 0.0000000 0.0000000 0.0038465 0.0000000 0.2602292 0.1317501 0.0000000 0.0252029 0.0000000 0.0000000 0.0088349 0.0124167 0.0011287 0.0036361 0.4495765
 77 K  77 0.0649529 0.0350070 0.1025137 0.1195319 0.0033420 0.0707141 0.0806002 0.0733323 0.0121361 0.0114885 0.0083462 0.2557018 0.0050175 0.0064588 0.0000000 0.0829675 0.0367307 0.0018247 0.0015108 0.0278234
 78 K  78 0.0641256 0.0246351 0.2159030 0.0303091 0.0023828 0.0772676 0.0173173 0.0509141 0.2165724 0.0036931 0.0428398 0.0760714 0.0042678 0.0066671 0.0025842 0.1221726 0.0206549 0.0000000 0.0077132 0.0139089
 79 K  79 0.0107435 0.0145539 0.0000000 0.0017684 0.0017948 0.0017690 0.0029396 0.0020690 0.0000000 0.1460895 0.5479152 0.0443662 0.1322790 0.0029760 0.0208349 0.0017766 0.0044942 0.0000000 0.0026440 0.0609862
 80 G  80 0.0082530 0.0398748 0.0486721 0.6100167 0.0015750 0.0090372 0.0683570 0.1412444 0.0180391 0.0021413 0.0000000 0.0087251 0.0000000 0.0000000 0.0043036 0.0166240 0.0123847 0.0000000 0.0039982 0.0067538
 81 H  81 0.0232105 0.0201579 0.2364233 0.4647491 0.0024359 0.0265773 0.0322607 0.0072127 0.0254134 0.0000000 0.0173004 0.0857481 0.0083424 0.0000000 0.0000000 0.0352853 0.0100299 0.0000000 0.0017339 0.0031193
 82 H  82 0.0325522 0.0080920 0.0112062 0.0000000 0.0024767 0.0030257 0.0101598 0.0149313 0.0528228 0.1315928 0.4857150 0.0024943 0.0640375 0.0383137 0.0479428 0.0105941 0.0124794 0.0041515 0.0042483 0.0631639
 83 E  83 0.0873313 0.0298445 0.0186226 0.1320163 0.0033186 0.0426851 0.1868216 0.0210137 0.0185852 0.0068743 0.0226239 0.1982464 0.0093584 0.0019926 0.0802521 0.0493519 0.0297982 0.0000000 0.0038043 0.0574590
 84 A  84 0.2013671 0.0164311 0.0540574 0.0348730 0.0272866 0.0342491 0.0907752 0.2224280 0.0073561 0.0021616 0.0099927 0.0442717 0.0030565 0.0071324 0.0261584 0.1187180 0.0623821 0.0000000 0.0113418 0.0259615
 85 E  85 0.1837742 0.0023723 0.0501117 0.0055692 0.0049935 0.0293886 0.0376423 0.0446566 0.0232522 0.0638208 0.1316055 0.0157420 0.0282795 0.0273034 0.0050308 0.0374588 0.1852337 0.0000000 0.0409157 0.0828491
 86 L  86 0.0150875 0.0061042 0.0000000 0.0000000 0.0134124 0.0023870 0.0000000 0.0024014 0.0024988 0.0616352 0.6012472 0.0000000 0.0240602 0.1133104 0.0010929 0.0053629 0.0009955 0.0101630 0.0677166 0.0725247
 87 K  87 0.1918368 0.0512389 0.0540982 0.0275376 0.0078886 0.0476623 0.0593026 0.0132869 0.0189540 0.0175233 0.0463479 0.1845183 0.0090188 0.0078143 0.0105128 0.1610784 0.0575484 0.0000000 0.0091841 0.0246478
 88 P  88 0.1064105 0.0501847 0.0664162 0.0986730 0.0050260 0.0566106 0.0992043 0.0114916 0.0306231 0.0012619 0.0168826 0.2313689 0.0063231 0.0048499 0.0614340 0.0725667 0.0368772 0.0014629 0.0317487 0.0105841
 89 L  89 0.0015835 0.0000000 0.0044172 0.0000000 0.0000000 0.0045491 0.0000000 0.0000000 0.0000000 0.0298634 0.8193245 0.0018684 0.0480610 0.0341885 0.0000000 0.0000000 0.0127523 0.0000000 0.0024568 0.0409354
 90 A  90 0.1854003 0.0217648 0.0029895 0.0000000 0.0000000 0.0096923 0.0027574 0.3414676 0.0066771 0.0052151 0.0000000 0.0042280 0.0013730 0.0013245 0.0000000 0.3888980 0.0087819 0.0000000 0.0000000 0.0194305
 91 Q  91 0.0753185 0.1083767 0.0228009 0.1382808 0.0000000 0.0601891 0.1879641 0.0340608 0.0104022 0.0147538 0.0148295 0.1234739 0.0032755 0.0000000 0.0000000 0.0398168 0.0591783 0.0000000 0.0199935 0.0872853
 92 S  92 0.0658743 0.1042655 0.0649778 0.0360639 0.0000000 0.0265094 0.0145267 0.0010776 0.0000000 0.0227516 0.3076873 0.0907097 0.0244987 0.0133891 0.0007932 0.0862016 0.0806829 0.0000000 0.0116080 0.0483828
 93 H  93 0.0000000 0.0010804 0.0034756 0.0000000 0.0000000 0.0014042 0.0000000 0.0053626 0.9736361 0.0000000 0.0025714 0.0029423 0.0000000 0.0043398 0.0024302 0.0027573 0.0000000 0.0000000 0.0000000 0.0000000
 94 A  94 0.3704462 0.0217388 0.0039806 0.0048934 0.0999384 0.0498535 0.0038746 0.0264903 0.0152061 0.0995246 0.0318890 0.0819108 0.0000000 0.0110341 0.0000000 0.0835953 0.0221046 0.0021151 0.0082031 0.0632017
 95 T  95 0.0756635 0.0264163 0.0789561 0.0901527 0.0016377 0.0614050 0.0920429 0.0562457 0.0742663 0.0049500 0.0374678 0.0419948 0.0031439 0.0862431 0.0436037 0.0196942 0.0965658 0.0000000 0.0786882 0.0308622
 96 K  96 0.0098653 0.2471623 0.0444684 0.0139279 0.0000000 0.0292638 0.0385029 0.0048428 0.0212851 0.0382900 0.0000000 0.4331901 0.0079989 0.0050504 0.0081207 0.0120397 0.0332215 0.0000000 0.0087650 0.0440050
 97 H  97 0.0118686 0.0363351 0.0153203 0.0067760 0.0000000 0.0000000 0.0036453 0.0478361 0.1209772 0.0081823 0.4837627 0.0118073 0.0098129 0.0471699 0.0333459 0.0192376 0.0105165 0.0127243 0.1195761 0.0011059
 98 K  98 0.0151803 0.1932241 0.0515965 0.0118551 0.0101857 0.0397629 0.0042478 0.2676805 0.1586483 0.0067909 0.0102438 0.1375212 0.0116589 0.0043989 0.0000000 0.0277431 0.0070869 0.0000000 0.0091362 0.0330389
 99 I  99 0.0418177 0.0000000 0.0000000 0.0000000 0.0000000 0.0000000 0.0009653 0.0018696 0.0000000 0.1865859 0.0314247 0.0000000 0.0253689 0.0170241 0.0029843 0.0000000 0.0250164 0.0000000 0.0000000 0.6669430
100 P 100 0.0239880 0.0122133 0.0248559 0.4488060 0.0000000 0.0344285 0.0415831 0.0423898 0.0025742 0.0023389 0.0187785 0.0916307 0.0018667 0.0000000 0.0722688 0.0689118 0.0980789 0.0000000 0.0028560 0.0124309
101 I 101 0.0446699 0.0654100 0.0075090 0.0597422 0.0012308 0.0133558 0.0140370 0.0131469 0.0028483 0.0373438 0.0339256 0.0627384 0.0000000 0.0049176 0.5540648 0.0308564 0.0252415 0.0000000 0.0000000 0.0289622
102 K 102 0.1356687 0.0197313 0.0322563 0.0952286 0.0032404 0.0680955 0.2464527 0.0475391 0.0196974 0.0216678 0.0039099 0.0700218 0.0039023 0.0023720 0.0133026 0.0493053 0.0250282 0.0000000 0.0026362 0.1399439
103 Y 103 0.0076941 0.0074597 0.4191679 0.0402509 0.0000000 0.0514803 0.0249461 0.0000000 0.1854265 0.0012296 0.0141508 0.0006680 0.0221404 0.0184836 0.0017096 0.0434175 0.0097144 0.0015509 0.1416367 0.0088730
104 L 104 0.0053473 0.0000000 0.0000000 0.0000000 0.0000000 0.0000000 0.0000000 0.0000000 0.0000000 0.0188849 0.0486891 0.0000000 0.0041349 0.8112237 0.0000000 0.0000000 0.0000000 0.0133898 0.0740517 0.0242786
105 E 105 0.0225232 0.1073874 0.0261339 0.0765305 0.0000000 0.0548241 0.1533737 0.0598817 0.0127802 0.0131788 0.0175537 0.3065598 0.0085510 0.0000000 0.0474065 0.0331670 0.0161315 0.0198446 0.0029800 0.0211925
106 F 106 0.0700703 0.0160197 0.0445296 0.0353245 0.0000000 0.0266099 0.0428836 0.0000000 0.0186125 0.0751849 0.3411077 0.0368027 0.0065635 0.0430057 0.0476827 0.0089844 0.0311989 0.0125047 0.0141987 0.1287160
107 I 107 0.0206836 0.0000000 0.0000000 0.0000000 0.0000000 0.0000000 0.0000000 0.0000000 0.0000000 0.1088154 0.4820447 0.0000000 0.0538092 0.1485796 0.0011612 0.0036713 0.0279250 0.0000000 0.0052405 0.1480695
108 S 108 0.1238929 0.0479610 0.0234939 0.0049764 0.0228092 0.0232015 0.0389222 0.3136095 0.0019676 0.0200093 0.0108577 0.1229587 0.0040595 0.0101135 0.0042849 0.1825618 0.0314509 0.0000000 0.0027741 0.0100954
109 E 109 0.0572615 0.0232803 0.0714690 0.0927004 0.0014022 0.0870587 0.2109664 0.0775397 0.1595125 0.0034146 0.0068699 0.0379711 0.0026405 0.0274918 0.0281229 0.0351708 0.0390652 0.0000000 0.0160160 0.0220466
110 A 110 0.2288136 0.0009798 0.0502084 0.0036793 0.2271872 0.0103341 0.0089664 0.0014090 0.0112320 0.0824620 0.0240918 0.0050660 0.0310133 0.0010007 0.0542310 0.0461168 0.0345225 0.0000000 0.0038550 0.1748311
111 I 111 0.0065451 0.0000000 0.0025594 0.0000000 0.0000000 0.0000000 0.0000000 0.0016694 0.0000000 0.2775835 0.4747140 0.0000000 0.0455471 0.1381987 0.0000000 0.0000000 0.0082459 0.0000000 0.0023507 0.0425862
112 I 112 0.0251792 0.0127306 0.0030428 0.0094600 0.0018372 0.0279356 0.0276061 0.0110679 0.0139819 0.1564731 0.4282026 0.0150578 0.0482959 0.0123684 0.0021599 0.0101905 0.0605919 0.0021184 0.0015524 0.1301479
113 H 113 0.0514619 0.0149959 0.0092398 0.0587372 0.0134604 0.0279188 0.1824583 0.0142054 0.0326755 0.0955647 0.0209116 0.0738317 0.0080471 0.0165160 0.0132455 0.0393762 0.0249702 0.0268799 0.0329392 0.2425647
114 V 114 0.0860202 0.0010949 0.0000000 0.0000000 0.0224862 0.0000000 0.0247797 0.0045079 0.0021631 0.0142884 0.0294066 0.0020240 0.0292652 0.0227888 0.0013057 0.0357503 0.2748294 0.0000000 0.0605801 0.3887095
115 L 115 0.0018096 0.0000000 0.0000000 0.0000000 0.0025611 0.0000000 0.0000000 0.0000000 0.0000000 0.1889716 0.5784390 0.0000000 0.0872336 0.0371846 0.0019489 0.0000000 0.0032824 0.0000000 0.0000000 0.0985693
116 H 116 0.4958659 0.0230734 0.0073560 0.0083636 0.0017534 0.0725191 0.1065147 0.0444962 0.0155261 0.0023985 0.0000000 0.1567122 0.0035152 0.0000000 0.0000000 0.0449785 0.0052059 0.0000000 0.0000000 0.0117212
117 S 117 0.1924617 0.0424170 0.0152807 0.0529828 0.0146238 0.0603412 0.2881123 0.0222938 0.0191511 0.0379964 0.0095880 0.0170470 0.0171412 0.0000000 0.0027927 0.1226673 0.0534951 0.0000000 0.0013675 0.0302405
118 R 118 0.0049811 0.1377302 0.0059088 0.0000000 0.0213214 0.0293373 0.0098351 0.0000000 0.4694001 0.0000000 0.0028749 0.2730688 0.0404780 0.0000000 0.0000000 0.0000000 0.0000000 0.0000000 0.0050644 0.0000000
119 H 119 0.0000000 0.0000000 0.1801541 0.0000000 0.0000000 0.0000000 0.0000000 0.0000000 0.4470867 0.0000000 0.0000000 0.0000000 0.0000000 0.0000000 0.0000000 0.0000000 0.0000000 0.0000000 0.3727592 0.0000000
