  247         A         R         N         D         C         Q         E         G         H         I         L         K         M         F         P         S         T         W         Y         V         X    
  1 G   1 0.0075182 0.0000000 0.0000000 0.0000000 0.0000000 0.0000000 0.0000000 0.0213286 0.0000000 0.0000000 0.0000000 0.0000000 0.0000000 0.0000000 0.0000000 0.0124135 0.0000000 0.0000000 0.0000000 0.0000000 0.9587398
  2 S   2 0.0000000 0.0125260 0.0092924 0.0000000 0.0000000 0.0000000 0.0066243 0.0011862 0.0048626 0.0000000 0.0000000 0.0153420 0.0000000 0.0000000 0.0019285 0.0072468 0.0120419 0.0000000 0.0030013 0.0000000 0.9259479
  3 H   3 0.0098723 0.0052262 0.0011972 0.0015567 0.0000000 0.0179357 0.0059570 0.0031557 0.0266133 0.0000000 0.0000000 0.0119037 0.0000000 0.0000000 0.0000000 0.0000000 0.0000000 0.0000000 0.0000000 0.0017178 0.9148644
  4 M   4 0.0073589 0.0053663 0.0000000 0.0014956 0.0043200 0.0000000 0.0000000 0.0015376 0.0000000 0.0017042 0.0117188 0.0000000 0.0063877 0.0000000 0.0140508 0.0200576 0.0061548 0.0000000 0.0024149 0.0188263 0.8986064
  5 A   5 0.0391884 0.0000000 0.0011819 0.0011981 0.0000000 0.0037884 0.0138553 0.0029561 0.0000000 0.0033562 0.0090038 0.0000000 0.0024983 0.0040121 0.0025074 0.0225401 0.0054217 0.0013572 0.0034749 0.0015567 0.8821033
  6 S   6 0.0135430 0.0076051 0.0054069 0.0000000 0.0000000 0.0000000 0.0165836 0.0041798 0.0000000 0.0000000 0.0052797 0.0078852 0.0161087 0.0014181 0.0027944 0.0168455 0.0423056 0.0000000 0.0000000 0.0000000 0.8600443
  7 P   7 0.0108707 0.0030935 0.0000000 0.0037106 0.0000000 0.0024987 0.0030013 0.0033733 0.0069086 0.0055434 0.0114297 0.0024149 0.0000000 0.0000000 0.0705605 0.0087735 0.0125763 0.0000000 0.0000000 0.0108260 0.8444191
  8 N   8 0.0017042 0.0043063 0.0375748 0.0021426 0.0000000 0.0025592 0.0075702 0.0100915 0.0111779 0.0018617 0.0247219 0.0007769 0.0012863 0.0000000 0.0060266 0.0109898 0.0024187 0.0329547 0.0000000 0.0101861 0.8316507
  9 G   9 0.0075604 0.0061953 0.0051528 0.0169415 0.0000000 0.0104032 0.0083539 0.0372022 0.0113368 0.0098094 0.0021791 0.0102128 0.0010702 0.0000000 0.0079229 0.0221621 0.0155836 0.0000000 0.0000000 0.0046055 0.8233084
 10 Q  10 0.0205513 0.0363393 0.0041080 0.0117541 0.0000000 0.0380831 0.0135983 0.0015782 0.0153872 0.0050108 0.0114966 0.0098032 0.0000000 0.0000000 0.0114300 0.0107588 0.0016848 0.0018859 0.0016826 0.0065273 0.7983207
 11 T  11 0.0290426 0.0121910 0.0128783 0.0037659 0.0000000 0.0051689 0.0067980 0.0030028 0.0000000 0.0118155 0.0050131 0.0032737 0.0211323 0.0013077 0.0087085 0.0290008 0.0558656 0.0000000 0.0000000 0.0168888 0.7741464
 12 K  12 0.0117229 0.0240660 0.0071500 0.0010116 0.0000000 0.0166787 0.0058330 0.0021926 0.0125720 0.0119281 0.0102298 0.0199260 0.0399890 0.0152543 0.0250723 0.0333503 0.0169553 0.0000000 0.0017328 0.0009554 0.7433800
 13 P  13 0.0197945 0.0174205 0.0118022 0.0267176 0.0000000 0.0095372 0.0017740 0.0000000 0.0129251 0.0000000 0.0018192 0.0042409 0.0000000 0.0030055 0.0772848 0.0211068 0.0278456 0.0000000 0.0000000 0.0281407 0.7365855
 14 L  14 0.0416414 0.0024871 0.0025297 0.0033257 0.0014800 0.0066795 0.0107997 0.0072018 0.0031476 0.0196168 0.0581067 0.0094382 0.0061734 0.0260624 0.0077539 0.0330903 0.0164354 0.0000000 0.0037516 0.0084997 0.7317791
 15 P  15 0.0230298 0.0111979 0.0089952 0.0424250 0.0022922 0.0107368 0.0197491 0.0000000 0.0036344 0.0092288 0.0111095 0.0149615 0.0000000 0.0071368 0.0842593 0.0091398 0.0095455 0.0000000 0.0014132 0.0088568 0.7222885
 16 A  16 0.0415077 0.0212366 0.0055058 0.0223933 0.0046359 0.0174035 0.0199800 0.0068901 0.0056770 0.0048377 0.0373593 0.0098396 0.0000000 0.0047278 0.0457251 0.0347319 0.0065717 0.0039808 0.0000000 0.0122573 0.6947388
 17 L  17 0.0109350 0.0123670 0.0066522 0.0144616 0.0000000 0.0154410 0.0469966 0.0047842 0.0043911 0.0119285 0.0935442 0.0027443 0.0109470 0.0148382 0.0000000 0.0209738 0.0108630 0.0035560 0.0053375 0.0252898 0.6839490
 18 K  18 0.0118591 0.0502655 0.0384001 0.0269914 0.0024440 0.0325751 0.0430221 0.0013380 0.0148380 0.0000000 0.0031782 0.0496514 0.0036097 0.0013746 0.0031194 0.0303178 0.0177733 0.0000000 0.0032422 0.0098613 0.6561386
 19 L  19 0.0248498 0.0054683 0.0093842 0.0209060 0.0023371 0.0151535 0.0318567 0.0000000 0.0061952 0.0156153 0.0639768 0.0095805 0.0260179 0.0069299 0.0407941 0.0344500 0.0127797 0.0139443 0.0142318 0.0046860 0.6408428
 20 A  20 0.0801242 0.0010154 0.0153608 0.0260877 0.0060659 0.0153025 0.0071531 0.0041625 0.0058321 0.0407780 0.0679484 0.0102766 0.0103557 0.0047263 0.0031113 0.0395824 0.0093697 0.0072561 0.0102924 0.0108766 0.6243219
 21 L  21 0.0438417 0.0015512 0.0000000 0.0000000 0.0213668 0.0109484 0.0024149 0.0043534 0.0143199 0.0135112 0.1242113 0.0086152 0.0142991 0.0407234 0.0029542 0.0101236 0.0394603 0.0024418 0.0262150 0.0078641 0.6107845
 22 E  22 0.0213910 0.0245341 0.0179528 0.1276570 0.0000000 0.0287197 0.1224713 0.0000000 0.0129448 0.0000000 0.0036003 0.0118855 0.0017636 0.0000000 0.0038337 0.0209759 0.0034980 0.0000000 0.0000000 0.0036985 0.5950739
 23 Y  23 0.0409323 0.0536091 0.0259157 0.0147145 0.0043520 0.0321481 0.0363218 0.0056670 0.0201416 0.0017507 0.0174397 0.0303337 0.0000000 0.0091834 0.0041759 0.0279240 0.0161208 0.0000000 0.0545093 0.0142591 0.5905013
 24 I  24 0.0204426 0.0000000 0.0042973 0.0000000 0.0000000 0.0092854 0.0055328 0.0000000 0.0088164 0.1640561 0.1058835 0.0015965 0.0044511 0.0028367 0.0025647 0.0067743 0.0061578 0.0010219 0.0052839 0.0611375 0.5898616
 25 V  25 0.0842185 0.0143997 0.0011456 0.0009958 0.0170995 0.0000000 0.0033562 0.0029580 0.0000000 0.1165919 0.0477289 0.0047902 0.0073052 0.0053301 0.0000000 0.0059461 0.0066920 0.0000000 0.0000000 0.1329039 0.5485385
 26 P  26 0.0357218 0.0561697 0.0301985 0.1303237 0.0033898 0.0095975 0.0552275 0.0081222 0.0063863 0.0027917 0.0070588 0.0115334 0.0165390 0.0000000 0.0644898 0.0270269 0.0110029 0.0000000 0.0000000 0.0051350 0.5192856
 27 C  27 0.0866534 0.0109635 0.0137356 0.1163030 0.0542641 0.0563335 0.0290639 0.0190851 0.0106026 0.0000000 0.0014910 0.0124337 0.0000000 0.0000000 0.0032668 0.0600594 0.0208702 0.0000000 0.0029889 0.0025074 0.4993779
 28 M  28 0.0078844 0.0000000 0.0010919 0.0000000 0.0000000 0.0000000 0.0000000 0.0000000 0.0000000 0.0400699 0.3072997 0.0024149 0.0728137 0.0357464 0.0071643 0.0072045 0.0024735 0.0000000 0.0206475 0.0149715 0.4802178
 29 N  29 0.0801754 0.0429130 0.1076074 0.0362105 0.0048702 0.0195055 0.0291200 0.0157309 0.0260912 0.0190627 0.0262756 0.0171801 0.0091440 0.0068798 0.0046911 0.0179098 0.0203184 0.0000000 0.0225669 0.0380886 0.4556587
 30 K  30 0.0308466 0.0489067 0.0276299 0.0553014 0.0017025 0.0461621 0.0856062 0.0619025 0.0030316 0.0015816 0.0079948 0.0459640 0.0000000 0.0022649 0.0415950 0.0273009 0.0438704 0.0000000 0.0119150 0.0029010 0.4535229
 31 H  31 0.0078615 0.0437996 0.0260267 0.0421171 0.0069933 0.0766153 0.0093966 0.0036156 0.0754131 0.0026813 0.0035077 0.0535871 0.0020403 0.0317334 0.0107279 0.0396427 0.0404142 0.0008184 0.0999983 0.0061662 0.4168437
 32 G  32 0.0064052 0.0113749 0.0351435 0.0141726 0.0013829 0.0401552 0.0149583 0.3939396 0.0097545 0.0000000 0.0112502 0.0364095 0.0000000 0.0017636 0.0274907 0.0068863 0.0000000 0.0000000 0.0000000 0.0000000 0.3889131
 33 I  33 0.0018353 0.0916281 0.0000000 0.0000000 0.0000000 0.0000000 0.0000000 0.0000000 0.1217218 0.1063445 0.0111307 0.0000000 0.0023195 0.0963560 0.0040702 0.0017582 0.0000000 0.1016460 0.1632128 0.0367032 0.2612735
 34 C  34 0.1261648 0.0000000 0.0012845 0.0026246 0.1586650 0.0000000 0.0012781 0.0472631 0.0052280 0.0608412 0.0639478 0.0000000 0.0035529 0.0637367 0.0000000 0.0669954 0.0141535 0.0046750 0.0336546 0.1402642 0.2056708
 35 V  35 0.0052766 0.0134670 0.0014471 0.0000000 0.0078953 0.0442577 0.0032070 0.0000000 0.0078602 0.1277628 0.0421137 0.0056499 0.0024304 0.0157688 0.0000000 0.0074710 0.0264140 0.0032779 0.0470871 0.4791035 0.1595100
 36 V  36 0.0197207 0.0078328 0.0021053 0.0013067 0.0053306 0.0329330 0.0000000 0.0071232 0.0009846 0.2709914 0.1734489 0.0226756 0.0280228 0.0385045 0.0000000 0.0115143 0.0140252 0.0254868 0.0078547 0.1970705 0.1330683
 37 D  37 0.0084912 0.0249888 0.0269363 0.4886570 0.0018711 0.0115676 0.0830490 0.0040837 0.0313235 0.0007917 0.0000000 0.0218839 0.0000000 0.0000000 0.1137901 0.0349941 0.0152870 0.0000000 0.0017720 0.0016424 0.1288705
 38 D  38 0.0212863 0.0133724 0.3012053 0.2055632 0.0027157 0.0238703 0.0328631 0.1449329 0.0408755 0.0072360 0.0074566 0.0244624 0.0000000 0.0017798 0.0161416 0.0233436 0.0067596 0.0000000 0.0008767 0.0052620 0.1199971
 39 F  39 0.0683676 0.0012998 0.0000000 0.0000000 0.0048056 0.0013571 0.0000000 0.0080036 0.0000000 0.0259026 0.1613604 0.0016424 0.0030860 0.4560096 0.0040768 0.0036305 0.0042181 0.0065421 0.0138412 0.1231625 0.1126940
 40 L  40 0.0074553 0.0000000 0.0009863 0.0000000 0.0056568 0.0000000 0.0000000 0.0013571 0.0028829 0.1456047 0.4877175 0.0013968 0.0269491 0.1082924 0.0000000 0.0000000 0.0052305 0.0036959 0.0137515 0.0805369 0.1084863
 41 G  41 0.0324519 0.0163976 0.0624837 0.1092604 0.0000000 0.0155326 0.0289803 0.1444503 0.0033899 0.0008130 0.0040976 0.0047587 0.0011766 0.0000000 0.1639025 0.1998725 0.1008965 0.0000000 0.0000000 0.0060019 0.1055340
 42 K  42 0.0914679 0.0418980 0.0248720 0.1059952 0.0000000 0.0714152 0.1547114 0.0139466 0.0086396 0.0026603 0.0344197 0.0423899 0.0096265 0.0039420 0.1848987 0.0482538 0.0333208 0.0000000 0.0042300 0.0177783 0.1055340
 43 E  43 0.1023168 0.0203720 0.0339033 0.1764733 0.0027452 0.0395684 0.2713505 0.0204285 0.0119514 0.0026012 0.0123269 0.0290693 0.0009018 0.0041227 0.0229020 0.0761910 0.0519817 0.0000000 0.0025604 0.0134803 0.1047534
 44 T  44 0.0362852 0.0217709 0.0124893 0.0581629 0.0009120 0.0435143 0.1842402 0.0026204 0.0185182 0.0369545 0.2185311 0.0146112 0.0180688 0.0753230 0.0026108 0.0093965 0.0419937 0.0156160 0.0160665 0.0673874 0.1049272
 45 G  45 0.1595047 0.0166189 0.0141726 0.0000000 0.1660991 0.0049012 0.0000000 0.0762957 0.0082361 0.0455272 0.1954342 0.0066681 0.0062620 0.0078709 0.0023825 0.0162153 0.0601753 0.0000000 0.0116847 0.0960422 0.1059091
 46 Q  46 0.0813368 0.1508709 0.0383151 0.1172150 0.0040995 0.0910408 0.1205899 0.0365200 0.0237156 0.0082197 0.0434805 0.0621660 0.0068422 0.0044011 0.0018625 0.0425816 0.0367164 0.0008693 0.0067583 0.0089396 0.1134594
 47 Q  47 0.2079299 0.0964425 0.0349082 0.0285675 0.0118441 0.0976873 0.0892766 0.0399810 0.0222744 0.0091808 0.0310855 0.0585724 0.0085796 0.0018617 0.0036148 0.0762862 0.0269942 0.0010060 0.0110412 0.0186711 0.1241951
 48 I  48 0.0303758 0.0013539 0.0000000 0.0000000 0.0117497 0.0000000 0.0014375 0.0000000 0.0000000 0.1477837 0.4691844 0.0000000 0.0201408 0.0054697 0.0000000 0.0000000 0.0092860 0.0000000 0.0027034 0.1784524 0.1220628
 49 G  49 0.0760109 0.1955531 0.0052599 0.0013978 0.0098118 0.0513533 0.0090333 0.0076037 0.0416916 0.0643947 0.2091335 0.0487121 0.0212386 0.0137565 0.0000000 0.0130279 0.0055224 0.0035549 0.0484992 0.0469847 0.1274600
 50 D  50 0.1556270 0.0716048 0.0809284 0.1370438 0.0055244 0.0844331 0.1207818 0.0221468 0.0117263 0.0015912 0.0113579 0.1013357 0.0008139 0.0009666 0.0011967 0.0397931 0.0212369 0.0000000 0.0000000 0.0066828 0.1252087
 51 E  51 0.0476828 0.0282146 0.0193160 0.0832861 0.0260263 0.0146817 0.3833468 0.0079613 0.0280435 0.0272116 0.0709539 0.0123749 0.0022715 0.0194018 0.0000000 0.0335810 0.0064057 0.0060705 0.0193944 0.0300900 0.1336854
 52 V  52 0.1782487 0.0011716 0.0000000 0.0000000 0.0410706 0.0051454 0.0000000 0.0051915 0.0000000 0.1107917 0.1619578 0.0014201 0.0138359 0.1055476 0.0015899 0.0214667 0.0213769 0.0051447 0.0137885 0.1755759 0.1366764
 53 R  53 0.0181704 0.1185108 0.0373716 0.0196346 0.0034280 0.0701466 0.1186731 0.0087934 0.0274858 0.0274139 0.0943040 0.0911143 0.0118154 0.0131354 0.1167897 0.0277307 0.0305039 0.0000000 0.0070773 0.0102242 0.1476767
 54 A  54 0.1210208 0.0892499 0.0584234 0.0697160 0.0016424 0.0556972 0.1032346 0.0360734 0.0106112 0.0066463 0.0149396 0.0445523 0.0087476 0.0103125 0.0180927 0.0935619 0.0592218 0.0095845 0.0099466 0.0098489 0.1688763
 55 L  55 0.0631547 0.0331485 0.0168328 0.0097401 0.0086549 0.0087194 0.0037717 0.0237849 0.0117742 0.1123114 0.3157247 0.0384223 0.0623828 0.0112177 0.0151379 0.0118196 0.0151359 0.0022566 0.0020128 0.0542520 0.1797452
 56 H  56 0.0914315 0.0329714 0.0394505 0.0956494 0.0012662 0.0373121 0.0480838 0.0138219 0.1180647 0.0033311 0.0477106 0.0285147 0.0185085 0.0144032 0.0305173 0.0553463 0.0284123 0.0216956 0.0790985 0.0159546 0.1784557
 57 D  57 0.0828659 0.0520373 0.0560767 0.0553609 0.0078622 0.0658975 0.1055798 0.0289001 0.0205428 0.0039729 0.0252354 0.0516384 0.0038069 0.1001779 0.0267918 0.0733169 0.0175496 0.0296481 0.0180200 0.0105619 0.1641570
 58 T  58 0.1140547 0.0584653 0.0456614 0.0714421 0.0008265 0.0371704 0.0771325 0.0365440 0.0477144 0.0164618 0.0253614 0.0277478 0.0070897 0.0045742 0.0208277 0.1064279 0.1197984 0.0119304 0.0048969 0.0176580 0.1482144
 59 G  59 0.0585850 0.0301997 0.0372105 0.0570740 0.0053333 0.0313533 0.0883942 0.3502972 0.0292455 0.0066618 0.0146981 0.0346699 0.0088515 0.0106141 0.0211881 0.0249704 0.0084630 0.0031349 0.0086043 0.0163865 0.1540649
 60 K  60 0.0847302 0.0726131 0.0390321 0.0411147 0.0109153 0.0256064 0.0347990 0.0345669 0.0212938 0.0070862 0.0643118 0.1715693 0.0243314 0.0562577 0.0106058 0.0381589 0.0208104 0.0293402 0.0155896 0.0483560 0.1489111
 61 F  61 0.0069244 0.0435107 0.0088441 0.0060905 0.0057991 0.0277288 0.0764557 0.0395429 0.0089885 0.0254472 0.1496284 0.0420701 0.0364925 0.2334843 0.0031976 0.0231885 0.0222446 0.0179749 0.0451324 0.0203396 0.1569150
 62 T  62 0.0411167 0.1112565 0.0811678 0.0274411 0.0016897 0.0416499 0.0372465 0.0260352 0.0371796 0.0094954 0.0189222 0.0888091 0.0130281 0.0028120 0.0411289 0.0697836 0.1295965 0.0101113 0.0194644 0.0329493 0.1591160
 63 D  63 0.1618373 0.0498278 0.0113140 0.2545125 0.0013978 0.0085881 0.0483605 0.0338018 0.0134471 0.0058604 0.0107666 0.0412662 0.0021296 0.0053644 0.0916557 0.0323901 0.0173369 0.0000000 0.0429872 0.0114023 0.1557536
 64 G  64 0.1363824 0.0070945 0.0644791 0.0268369 0.0007126 0.0066235 0.0054772 0.2849566 0.0048931 0.0644444 0.0817383 0.0139949 0.0047994 0.0026294 0.0078812 0.0599630 0.0272415 0.0000000 0.0105223 0.0294584 0.1598713
 65 Q  65 0.0892629 0.0397003 0.0146260 0.0149690 0.0089430 0.1172660 0.0318600 0.0856970 0.0128538 0.0850520 0.0069763 0.0695128 0.0087731 0.0117740 0.0256518 0.0399984 0.0254397 0.0062657 0.1233970 0.0346697 0.1473114
 66 L  66 0.0132601 0.0261905 0.0151393 0.0092266 0.0000000 0.0131219 0.0264528 0.1442454 0.0059528 0.0721205 0.1984230 0.1084738 0.0091900 0.0135863 0.0032343 0.0210638 0.0741064 0.0045752 0.0361414 0.0641194 0.1413767
 67 V  67 0.0503158 0.1409507 0.0225127 0.0306768 0.0000000 0.0051694 0.0182482 0.1078880 0.0422871 0.0332827 0.0170053 0.0283621 0.0141611 0.0639793 0.0092111 0.0755328 0.0148268 0.0039249 0.0127520 0.1517106 0.1572028
 68 S  68 0.0423421 0.0714374 0.0664850 0.0310824 0.0012188 0.0490136 0.0632522 0.1430934 0.0363235 0.0081793 0.0600833 0.0496005 0.0094039 0.0454075 0.0128829 0.0863545 0.0218485 0.0031904 0.0218585 0.0173956 0.1595466
 69 Q  69 0.0505006 0.0390553 0.0552294 0.0590023 0.0000000 0.2360414 0.0350938 0.1275313 0.0212729 0.0016371 0.0166542 0.0552969 0.0039179 0.0030304 0.0298675 0.0480526 0.0159925 0.0000000 0.0236797 0.0214083 0.1567359
 70 K  70 0.0300726 0.0701877 0.0253621 0.0790168 0.0000000 0.0544385 0.0720521 0.0549059 0.0100986 0.0098717 0.0381107 0.1139245 0.0039413 0.0075412 0.0542032 0.1317467 0.0658938 0.0016651 0.0147108 0.0224874 0.1397694
 71 S  71 0.0746405 0.0430022 0.0569648 0.0428254 0.0000000 0.0553859 0.0331951 0.1376596 0.0842800 0.0036273 0.0386047 0.0378502 0.0136441 0.0170805 0.0262716 0.1025425 0.0375071 0.0000000 0.0358550 0.0177610 0.1413026
 72 D  72 0.0362464 0.0294582 0.0603751 0.1727587 0.0011541 0.1098217 0.0350494 0.0741009 0.0389679 0.0383872 0.0148059 0.0377115 0.0087276 0.0237295 0.0204741 0.0432381 0.0655150 0.0064362 0.0130007 0.0280441 0.1419975
 73 S  73 0.0562136 0.0430211 0.0272779 0.0329299 0.0013496 0.0213367 0.0267229 0.0209759 0.0395112 0.0404524 0.2024709 0.0234226 0.0010111 0.0170548 0.0448028 0.0738157 0.0439803 0.0028902 0.0265422 0.1090717 0.1451466
 74 S  74 0.0915603 0.0440090 0.1219442 0.0761966 0.0040442 0.0176863 0.0602964 0.0389742 0.0125183 0.0297755 0.0224431 0.0602105 0.0139572 0.0153958 0.0218388 0.1104766 0.0421881 0.0010119 0.0156444 0.0443487 0.1554798
 75 K  75 0.0217751 0.1319162 0.0927194 0.0423015 0.0028733 0.0421402 0.0789295 0.0100261 0.0206604 0.0051932 0.0184729 0.1333579 0.0016634 0.0033702 0.0503927 0.0515315 0.0742510 0.0000000 0.0234197 0.0235015 0.1715041
 76 D  76 0.0550106 0.0426956 0.0507758 0.1233874 0.0000000 0.0198302 0.0614446 0.0261788 0.0356552 0.0057535 0.0572554 0.0407443 0.0113264 0.0313617 0.0067167 0.1306077 0.0576663 0.0000000 0.0010998 0.0032248 0.2392653
 77 I  77 0.0282672 0.0114283 0.0076309 0.0215849 0.0005856 0.0057459 0.0297533 0.0138862 0.0011507 0.2608098 0.0837085 0.0074443 0.0081863 0.0266527 0.0098227 0.0436229 0.0295697 0.0080073 0.0345402 0.1231097 0.2444929
 78 R  78 0.0084634 0.4873243 0.0083478 0.0087489 0.0012411 0.0250423 0.0463423 0.0330026 0.0175565 0.0044011 0.0098868 0.0279573 0.0089489 0.0201260 0.0045375 0.0070090 0.0118889 0.0013310 0.0077452 0.0044720 0.2556270
 79 G  79 0.0114859 0.0678289 0.0249936 0.0337239 0.0000000 0.0108863 0.0123670 0.2444586 0.0054665 0.0048597 0.0433167 0.0545678 0.0016651 0.0297831 0.0136776 0.1340055 0.0465094 0.0011321 0.0025154 0.0099730 0.2467840
 80 D  80 0.0583481 0.0050276 0.0063894 0.4577317 0.0018567 0.0104887 0.0310357 0.0166922 0.0057085 0.0092729 0.0152647 0.0131401 0.0000000 0.0000000 0.0201871 0.0636971 0.0218469 0.0000000 0.0071393 0.0046742 0.2514992
 81 K  81 0.0247032 0.0731329 0.0311773 0.0189582 0.0024557 0.0827626 0.0539104 0.0436839 0.0694279 0.0121482 0.0438149 0.1324280 0.0081176 0.0239693 0.0000000 0.0337631 0.0336973 0.0044133 0.0144878 0.0148322 0.2781162
 82 I  82 0.0093127 0.0121324 0.0081749 0.0033845 0.0011785 0.0051188 0.0037770 0.0141800 0.0023159 0.3403614 0.0522602 0.0074002 0.0327046 0.0283078 0.0037189 0.0213358 0.0582863 0.0000000 0.0091332 0.1147389 0.2721779
 83 T  83 0.0835095 0.0466628 0.0061743 0.0008981 0.0437151 0.0588264 0.0113739 0.0127559 0.0595647 0.0222931 0.0704484 0.0277923 0.0065127 0.0401621 0.0166529 0.0440118 0.0925798 0.0027856 0.0504381 0.0513643 0.2514782
 84 W  84 0.0129599 0.0155719 0.0134610 0.0083279 0.0000000 0.0176439 0.0432368 0.0232398 0.0000000 0.0056716 0.0199304 0.0058111 0.0069309 0.0521354 0.0067522 0.0167743 0.0329975 0.4163552 0.0202741 0.0268120 0.2551139
 85 I  85 0.0328943 0.0165794 0.0086908 0.0048885 0.0034465 0.0089395 0.0206593 0.0000000 0.0000000 0.1619877 0.3207125 0.0101350 0.0230627 0.0331942 0.0091324 0.0032019 0.0033760 0.0000000 0.0227011 0.1026567 0.2137416
 86 E  86 0.0343247 0.0422152 0.0455195 0.2595027 0.0000000 0.0243935 0.1495250 0.0281503 0.0060520 0.0012193 0.0432634 0.0221763 0.0009047 0.0101761 0.0097320 0.0579298 0.0531508 0.0000000 0.0153844 0.0027789 0.1936015
 87 G  87 0.0504482 0.0870611 0.0201450 0.0322863 0.0023468 0.0103818 0.0890876 0.2463805 0.0100821 0.0097472 0.0482415 0.0300899 0.0080751 0.0132067 0.0784192 0.0321921 0.0152641 0.0012511 0.0176679 0.0114361 0.1861894
 88 K  88 0.0401839 0.0642992 0.0607936 0.0693321 0.0043189 0.0646136 0.0741193 0.0375366 0.0459421 0.0132328 0.0385828 0.0906196 0.0037632 0.0307751 0.0138205 0.0808018 0.0616006 0.0000000 0.0119985 0.0158068 0.1778590
 89 E  89 0.0685705 0.0292260 0.0456116 0.0924717 0.0018769 0.0489387 0.2188766 0.0077511 0.0234815 0.0077066 0.0551829 0.0150130 0.0000000 0.0147882 0.0076302 0.0887150 0.0404602 0.0000000 0.0071065 0.0494603 0.1771324
 90 P  90 0.0695482 0.0172856 0.0304033 0.0623803 0.0060337 0.0122745 0.0410241 0.0215844 0.0136849 0.0306036 0.0733705 0.0219182 0.0077502 0.0367650 0.2434976 0.0446875 0.0187714 0.0000000 0.0117459 0.0335092 0.2031619
 91 G  91 0.1465730 0.0124677 0.0529948 0.0799602 0.0021385 0.0262744 0.0580355 0.1064410 0.0116349 0.0232793 0.0371722 0.0157834 0.0319456 0.0476918 0.0243474 0.0508268 0.0164023 0.0045627 0.0140486 0.0140773 0.2233426
 92 C  92 0.0783119 0.0351129 0.0148784 0.0309864 0.1085215 0.0695163 0.0230350 0.0589487 0.0079142 0.0325206 0.0834766 0.0158057 0.0067377 0.0179241 0.0351885 0.0856204 0.0252963 0.0109991 0.0161604 0.0376944 0.2053511
 93 E  93 0.0976638 0.0408710 0.0091795 0.0419423 0.0024744 0.0694224 0.1659169 0.0105139 0.0079907 0.0067729 0.0389520 0.0533682 0.0040091 0.0285069 0.1419910 0.0555727 0.0176083 0.0074077 0.0114482 0.0177268 0.1706615
 94 T  94 0.1522123 0.0246964 0.0545842 0.0382748 0.0058694 0.0318913 0.0640994 0.0394027 0.0471590 0.0227673 0.0501795 0.0310582 0.0074520 0.0356229 0.0432568 0.0619349 0.0458503 0.0038871 0.0359902 0.0410383 0.1627730
 95 I  95 0.0489929 0.0319335 0.0069609 0.0190703 0.0103648 0.0302336 0.0129796 0.0233170 0.0084068 0.1907875 0.1447750 0.0361605 0.0138443 0.0529942 0.0011076 0.0247776 0.0131700 0.0037849 0.0419184 0.0974084 0.1870123
 96 G  96 0.0718994 0.0834353 0.0427878 0.0380210 0.0145650 0.0542600 0.0476650 0.0808794 0.0289744 0.0227221 0.0619262 0.0534374 0.0168179 0.0155090 0.0618776 0.0623915 0.0329704 0.0127130 0.0308823 0.0222778 0.1439876
 97 L  97 0.1021793 0.1033766 0.0355604 0.0428742 0.0021920 0.0672209 0.0366546 0.0093343 0.0240421 0.0168497 0.1372781 0.0365086 0.0175346 0.0475375 0.0229957 0.0429319 0.0440254 0.0178034 0.0392609 0.0404096 0.1134301
 98 L  98 0.0365511 0.0166157 0.0014359 0.0026836 0.0033473 0.0107679 0.0063310 0.0000000 0.0159623 0.0407965 0.3722922 0.0000000 0.0141184 0.1652649 0.0000000 0.0288104 0.0092859 0.0245155 0.1376709 0.0322660 0.0812844
 99 M  99 0.0218845 0.0904792 0.0087594 0.0061886 0.0077833 0.0233572 0.0195650 0.0149062 0.0095097 0.0651399 0.2900952 0.0502735 0.0740941 0.0894394 0.0094886 0.0112982 0.0204947 0.0261696 0.0472631 0.0337556 0.0800552
100 S 100 0.1331990 0.0616985 0.0794035 0.1089654 0.0034238 0.0800735 0.1105931 0.0291010 0.0270044 0.0127788 0.0198723 0.0843198 0.0025693 0.0011320 0.0241110 0.1214715 0.0121244 0.0076685 0.0000000 0.0039967 0.0764934
101 S 101 0.0811547 0.1075926 0.0070199 0.0082313 0.0070145 0.0557230 0.0219783 0.0099006 0.0178437 0.0597282 0.1650781 0.0732948 0.0220317 0.0519449 0.0074823 0.0505333 0.0268087 0.0204967 0.0207582 0.1066171 0.0787674
102 M 102 0.0360357 0.0512354 0.0069889 0.0025637 0.0083955 0.0149226 0.0049694 0.0042929 0.0053044 0.1825736 0.1944715 0.0142518 0.1653384 0.0231830 0.0063269 0.0544901 0.0272596 0.0000000 0.0049425 0.1113584 0.0810960
103 D 103 0.0615029 0.0450783 0.0560585 0.2175365 0.0000000 0.0753429 0.2023003 0.0210976 0.0265154 0.0102569 0.0341531 0.0300038 0.0126700 0.0313167 0.0084034 0.0355176 0.0403799 0.0000000 0.0154594 0.0094849 0.0669218
104 D 104 0.1447375 0.0823880 0.0262717 0.0688802 0.0000000 0.0857229 0.1206943 0.0518199 0.0119798 0.0110375 0.0142673 0.0814349 0.0000000 0.0198146 0.0186985 0.0975517 0.0705453 0.0120071 0.0057535 0.0137281 0.0626672
105 L 105 0.0727326 0.0139034 0.0056216 0.0479646 0.0000000 0.0107378 0.0138415 0.0011562 0.0049555 0.1300006 0.3933081 0.0112505 0.0135164 0.0734476 0.0039665 0.0070120 0.0074544 0.0015782 0.0059421 0.1190939 0.0625166
106 I 106 0.0402299 0.2264618 0.0298181 0.0028369 0.0009277 0.0353517 0.0290043 0.0070415 0.0021207 0.1347746 0.0736722 0.0249830 0.0222125 0.0793738 0.0159441 0.0084201 0.0225855 0.0026125 0.0302760 0.1459147 0.0654385
107 R 107 0.0674659 0.1575184 0.0343292 0.0474752 0.0067871 0.0921549 0.0644267 0.0272066 0.0183330 0.0182148 0.0679214 0.0540271 0.0313849 0.0160061 0.0348782 0.0910571 0.0598409 0.0008104 0.0201458 0.0274669 0.0625493
108 H 108 0.1293900 0.0735687 0.0178793 0.0380553 0.0077103 0.0367245 0.1161510 0.0426493 0.0855771 0.0435308 0.0625176 0.0460571 0.0117719 0.0153626 0.0358173 0.0363645 0.0208650 0.0088322 0.0820312 0.0284819 0.0606622
109 C 109 0.0606848 0.0035924 0.0015283 0.0000000 0.0816640 0.0021637 0.0372579 0.0036656 0.0000000 0.1448740 0.2016530 0.0123206 0.0231275 0.0802284 0.0152655 0.0186792 0.0369332 0.0650513 0.0080899 0.1374120 0.0658087
110 N 110 0.0549086 0.0102383 0.2762425 0.0052520 0.0082234 0.0310838 0.0658750 0.0582421 0.0102626 0.0342434 0.1046874 0.0204513 0.0305061 0.0676240 0.0132388 0.0795827 0.0162199 0.0051323 0.0083370 0.0211591 0.0784895
111 G 111 0.0783345 0.1950824 0.0086112 0.0371335 0.0038484 0.0692601 0.0830946 0.1320614 0.0129743 0.0047758 0.0421107 0.0679957 0.0067232 0.0094466 0.0114814 0.1042483 0.0311119 0.0024304 0.0091214 0.0173410 0.0728132
112 K 112 0.0507847 0.1383256 0.0230916 0.0588315 0.0030899 0.0562993 0.0743409 0.0479452 0.0298296 0.0368780 0.0349481 0.1096464 0.0033808 0.0115089 0.0090587 0.0521257 0.0645110 0.0000000 0.0801264 0.0348957 0.0803820
113 L 113 0.0388378 0.0165912 0.0107218 0.0118223 0.0000000 0.0050332 0.0068513 0.0105073 0.0073366 0.0932078 0.3597876 0.0242786 0.0232186 0.1420271 0.0186285 0.0074073 0.0547911 0.0000000 0.0067031 0.0573781 0.1048707
114 G 114 0.0211152 0.0333097 0.0303117 0.0361054 0.0016816 0.0384381 0.0265170 0.2163171 0.0107420 0.0075960 0.0372463 0.0262633 0.0230235 0.0421364 0.0520415 0.0580185 0.1215919 0.0080133 0.0015651 0.0100327 0.1979337
115 S 115 0.0381969 0.0148582 0.0973550 0.0616771 0.0776093 0.0265388 0.0277411 0.1240138 0.0128955 0.0101778 0.0869854 0.0627829 0.0140151 0.0143781 0.0372352 0.0455583 0.0241548 0.0082412 0.0169570 0.0176446 0.1809837
116 Y 116 0.0184105 0.0234440 0.0215510 0.0575640 0.0250053 0.0055927 0.0373230 0.0744081 0.0120435 0.0744980 0.0983415 0.0187058 0.0034452 0.1679896 0.0398035 0.0421179 0.0198055 0.0156454 0.1452468 0.0370616 0.0619972
117 K 117 0.0238054 0.0413237 0.0242928 0.1031703 0.0069460 0.0162346 0.0707119 0.0058506 0.0224618 0.0172490 0.1672560 0.0825810 0.0398303 0.0028605 0.1398700 0.0387554 0.0796736 0.0000000 0.0196303 0.0468388 0.0506582
118 I 118 0.0349791 0.0146775 0.0026123 0.0331573 0.0011042 0.0082434 0.0243181 0.2012696 0.0073311 0.1205418 0.2376809 0.0077464 0.0060763 0.0602419 0.0567149 0.0230882 0.0339738 0.0042424 0.0270585 0.0446430 0.0502993
119 N 119 0.0203370 0.0381714 0.1048295 0.1135074 0.0037428 0.0221079 0.0426390 0.0363380 0.0148928 0.0720321 0.2508274 0.0282995 0.0064653 0.0184261 0.0153717 0.0904960 0.0515641 0.0000000 0.0125680 0.0211323 0.0362518
120 G 120 0.0418203 0.0278866 0.0268648 0.0622683 0.0031469 0.0304093 0.0664088 0.1878323 0.0402035 0.0265542 0.0344149 0.0337388 0.0049995 0.1045864 0.0560558 0.0602964 0.0202953 0.0030422 0.0681714 0.0614380 0.0395663
121 R 121 0.0555019 0.1779854 0.0136717 0.0707463 0.0070979 0.0249715 0.0651096 0.0369332 0.0343202 0.0202500 0.0381425 0.0585402 0.0050585 0.0467518 0.0716375 0.0985817 0.0714652 0.0000000 0.0252967 0.0394993 0.0384390
122 T 122 0.0229719 0.0275436 0.0098362 0.0319794 0.0285662 0.0209154 0.0832918 0.0234478 0.0410326 0.0573473 0.0376094 0.0692920 0.0125279 0.0797171 0.0338014 0.0999643 0.1272234 0.0116296 0.0812844 0.0588208 0.0411976
123 K 123 0.0599657 0.0453792 0.0412650 0.0692035 0.0056502 0.0277589 0.1948808 0.0132568 0.0260935 0.0250752 0.0251889 0.1015762 0.0284252 0.0334268 0.0374080 0.0591323 0.0791720 0.0052630 0.0545932 0.0317062 0.0355792
124 A 124 0.1764942 0.0076458 0.0128371 0.0953737 0.0376866 0.0130022 0.0333151 0.0531858 0.0165111 0.0361998 0.0702647 0.0018536 0.0613926 0.0393709 0.0273177 0.1034434 0.0820794 0.0000000 0.0279607 0.0625811 0.0414847
125 M 125 0.0461074 0.0161518 0.0123823 0.0054861 0.0177048 0.0971794 0.0108625 0.0532322 0.2016096 0.0425007 0.0461102 0.0259860 0.1951217 0.0225884 0.0093104 0.0745353 0.0422568 0.0063879 0.0142716 0.0173893 0.0428257
126 V 126 0.0526141 0.0128680 0.0106394 0.0000000 0.0562551 0.0503430 0.0105940 0.0554064 0.0027001 0.0259901 0.1690438 0.0083227 0.0127596 0.1277901 0.0051575 0.0620561 0.0498161 0.0027890 0.0835198 0.1501297 0.0512052
127 A 127 0.3998912 0.0076616 0.0079226 0.0000000 0.0053729 0.0242720 0.0035852 0.0246248 0.0000000 0.0882778 0.0971011 0.0107585 0.0139009 0.0087912 0.0013656 0.0947241 0.0284801 0.0000000 0.0263771 0.0909344 0.0659590
128 C 128 0.0236863 0.1012896 0.0740317 0.0000000 0.2055253 0.0143533 0.0089244 0.0114000 0.0950553 0.0496802 0.0547151 0.0741659 0.0142024 0.0180041 0.0015802 0.0463768 0.0418807 0.0010154 0.0287370 0.0660372 0.0693391
129 Y 129 0.0290078 0.0886031 0.0260632 0.0081597 0.0037790 0.0328878 0.0189503 0.0287827 0.0069932 0.0204360 0.0258630 0.0164765 0.0235332 0.0122269 0.0011718 0.0085762 0.0292314 0.0104561 0.5012467 0.0261471 0.0814083
130 P 130 0.0454012 0.0348519 0.0146023 0.0226751 0.0012464 0.0369713 0.0978961 0.0129807 0.0378264 0.0191533 0.0226515 0.0108521 0.0119110 0.0151846 0.2168147 0.0216996 0.0867872 0.0000000 0.1494886 0.0138671 0.1271388
131 G 131 0.0938843 0.0854738 0.0405031 0.0118676 0.0020618 0.0249902 0.0177517 0.2163747 0.0115806 0.0056537 0.0166718 0.0296176 0.0000000 0.0185762 0.1122032 0.0761408 0.0889877 0.0000000 0.0032397 0.0220345 0.1223870
132 N 132 0.0182492 0.0569827 0.1379730 0.0699146 0.0047873 0.0246155 0.0524879 0.0732354 0.0635907 0.0073389 0.0142682 0.0864215 0.0137983 0.0012090 0.0879991 0.0404626 0.0500572 0.0000000 0.0261972 0.0192315 0.1511801
133 G 133 0.0419763 0.0117123 0.0232550 0.1185525 0.0000000 0.0146354 0.0166643 0.6478239 0.0068221 0.0000000 0.0015527 0.0145659 0.0024796 0.0000000 0.0060051 0.0244300 0.0339896 0.0000000 0.0000000 0.0000000 0.0355354
134 T 134 0.1124844 0.0130813 0.0219158 0.1861974 0.0802292 0.0321485 0.0568508 0.1427607 0.0311555 0.0000000 0.0522293 0.0196419 0.0035147 0.0113543 0.0075019 0.0825283 0.0922400 0.0000000 0.0019814 0.0062720 0.0459127
135 G 135 0.0174826 0.0499871 0.0108456 0.0364881 0.0249433 0.0015066 0.0092617 0.1067944 0.1762586 0.0122260 0.0143916 0.0188208 0.0000000 0.2137190 0.0000000 0.0649537 0.0010954 0.0043236 0.1651550 0.0217576 0.0499893
136 Y 136 0.0017540 0.0053252 0.0000000 0.0018212 0.0000000 0.0059063 0.0049362 0.0410536 0.0646955 0.0250480 0.2662686 0.0000000 0.0000000 0.1025256 0.0071299 0.0011090 0.0280335 0.0334168 0.3756849 0.0023936 0.0328983
137 V 137 0.0512412 0.0845993 0.0338025 0.0443776 0.0000000 0.0468622 0.0258773 0.0423813 0.0429045 0.0163452 0.1586932 0.1386178 0.0058855 0.0044261 0.0867585 0.0260239 0.0357897 0.0065482 0.0082740 0.1156670 0.0249251
138 R 138 0.0418996 0.1658383 0.0130562 0.0000000 0.1042902 0.0087391 0.0085433 0.0030114 0.0175184 0.0978058 0.0410794 0.1307344 0.0222323 0.0055867 0.0865910 0.0258098 0.0292051 0.0710901 0.0069461 0.0951031 0.0249198
139 H 139 0.0000000 0.0132264 0.0031470 0.0000000 0.0000000 0.0000000 0.0000000 0.0018056 0.9352764 0.0000000 0.0042727 0.0000000 0.0019172 0.0000000 0.0043648 0.0104977 0.0000000 0.0000000 0.0000000 0.0012046 0.0242876
140 V 140 0.0796555 0.0621233 0.0235833 0.1810627 0.0185257 0.0156716 0.0087705 0.0024536 0.0043526 0.0669558 0.1026277 0.0121481 0.0078565 0.0249590 0.0090876 0.0456045 0.0433006 0.0000000 0.0607832 0.2063390 0.0241391
141 D 141 0.0029652 0.0099873 0.0000000 0.9541657 0.0000000 0.0000000 0.0059416 0.0000000 0.0035734 0.0000000 0.0000000 0.0000000 0.0000000 0.0000000 0.0033562 0.0000000 0.0000000 0.0000000 0.0000000 0.0000000 0.0200105
142 N 142 0.0813572 0.0328584 0.2916988 0.0064053 0.0314485 0.0334448 0.0095296 0.0133319 0.0044127 0.0072704 0.0178560 0.0408047 0.0044086 0.0778007 0.0000000 0.0935228 0.0543961 0.0000000 0.0216147 0.0961278 0.0817111
143 P 143 0.0208820 0.0196326 0.0434928 0.0389340 0.0509327 0.0092611 0.0313079 0.0327001 0.0362657 0.0822314 0.0383023 0.0049191 0.0080183 0.1539310 0.2111221 0.0577894 0.0147533 0.0000000 0.0087668 0.0323982 0.1043592
144 N 144 0.0703674 0.0918352 0.0859958 0.0481069 0.0006979 0.0659637 0.0824065 0.1149991 0.0580383 0.0166672 0.0305084 0.0763316 0.0030947 0.0035620 0.0193768 0.0386217 0.0613107 0.0018675 0.0368652 0.0274273 0.0659559
145 G 145 0.0342438 0.0290204 0.0381987 0.0951358 0.0009294 0.0165808 0.0331096 0.2553042 0.0307093 0.0047070 0.0897105 0.0344010 0.0080865 0.0054639 0.0114627 0.0376968 0.0735765 0.0010677 0.0863873 0.0086987 0.1055093
146 D 146 0.0449399 0.0280940 0.0848139 0.2547730 0.0000000 0.0197994 0.1156061 0.0459538 0.0062744 0.0022122 0.0325114 0.0718015 0.0034298 0.0035414 0.0420711 0.0563683 0.0285684 0.0055648 0.0050129 0.0133717 0.1352920
147 G 147 0.0356102 0.0284842 0.1018194 0.0853143 0.0110243 0.0485379 0.0397962 0.2220517 0.0403980 0.0009988 0.0051014 0.0247849 0.0000000 0.0244921 0.0372613 0.1402100 0.0267637 0.0155668 0.0128717 0.0118243 0.0870888
148 R 148 0.0000000 0.8360857 0.0062476 0.0000000 0.0000000 0.0027633 0.0000000 0.0000000 0.0029889 0.0032307 0.0000000 0.0484035 0.0000000 0.0343005 0.0000000 0.0058889 0.0068831 0.0038180 0.0052176 0.0000000 0.0441721
149 C 149 0.0338042 0.3051411 0.0025930 0.1000221 0.0882622 0.0290223 0.0362955 0.0000000 0.0246830 0.0438525 0.0325138 0.1066438 0.0233996 0.0120403 0.0000000 0.0176798 0.0282641 0.0000000 0.0043224 0.0905137 0.0209463
150 V 150 0.0422051 0.0022633 0.0000000 0.0000000 0.0063573 0.0000000 0.0000000 0.0040837 0.0000000 0.2234605 0.2398827 0.0000000 0.0081393 0.0534051 0.0000000 0.0051409 0.0016791 0.0132723 0.1339127 0.2483967 0.0178013
151 T 151 0.1362237 0.0000000 0.0761933 0.0000000 0.0085307 0.0000000 0.0000000 0.0021055 0.0023074 0.0027732 0.0025930 0.0000000 0.0000000 0.0000000 0.0000000 0.2997146 0.4403498 0.0000000 0.0000000 0.0088612 0.0203476
152 C 152 0.1717876 0.0000000 0.0000000 0.0000000 0.1003884 0.0000000 0.0000000 0.0172024 0.0026234 0.0414441 0.1097900 0.0000000 0.0655388 0.1399137 0.0000000 0.0410750 0.0809150 0.0115138 0.0901942 0.1093838 0.0182298
153 I 153 0.0056399 0.0033562 0.0000000 0.0000000 0.0018567 0.0069233 0.0000000 0.0000000 0.0021903 0.3309575 0.2743983 0.0000000 0.0178007 0.0053231 0.0000000 0.0196997 0.0331877 0.0000000 0.0000000 0.2809985 0.0176680
154 Y 154 0.0105805 0.0023074 0.0000000 0.0000000 0.0278306 0.0000000 0.0000000 0.0053069 0.0010855 0.0859406 0.4286510 0.0000000 0.0160386 0.0698643 0.0018859 0.0069394 0.0398567 0.0089663 0.2129716 0.0641068 0.0176680
155 Y 155 0.0026345 0.0000000 0.0213729 0.0000000 0.0032307 0.0152302 0.0000000 0.0302077 0.0050203 0.0000000 0.0025699 0.0000000 0.0000000 0.0447587 0.0000000 0.0038771 0.0023736 0.0027567 0.8470951 0.0000000 0.0188726
156 L 156 0.0056826 0.0000000 0.0023779 0.0000000 0.0111738 0.0000000 0.0000000 0.0009848 0.0000000 0.0082210 0.7859952 0.0000000 0.0473294 0.0499386 0.0098745 0.0040099 0.0023233 0.0000000 0.0012613 0.0491545 0.0216730
157 N 157 0.0047014 0.0000000 0.6068155 0.0207868 0.0021659 0.0028729 0.0058382 0.0045688 0.0238948 0.0166603 0.0026742 0.0000000 0.0009978 0.0000000 0.0066680 0.1047390 0.1030755 0.0000000 0.0122265 0.0532268 0.0280877
158 K 158 0.0318989 0.0508501 0.0115609 0.2367451 0.0016289 0.0315928 0.1460159 0.0256844 0.0043281 0.0063218 0.0146108 0.1067689 0.0000000 0.0038766 0.2130090 0.0145823 0.0290451 0.0000000 0.0034199 0.0025873 0.0654730
159 D 159 0.0266323 0.0201562 0.1102467 0.3437932 0.0020258 0.0346954 0.1172868 0.0676419 0.0180339 0.0050059 0.0035923 0.0182416 0.0000000 0.0000000 0.0651009 0.0347473 0.0250551 0.0000000 0.0000000 0.0278932 0.0798515
160 W 160 0.0022180 0.0000000 0.0071472 0.0296969 0.0000000 0.0000000 0.0033497 0.0121753 0.0000000 0.0020716 0.0015907 0.0018769 0.0000000 0.0501957 0.0287530 0.0359804 0.0041271 0.6254903 0.0515889 0.0031868 0.1405514
161 D 161 0.0242988 0.0505051 0.0463840 0.1618336 0.0026167 0.1263620 0.0510816 0.0292744 0.0073761 0.0035079 0.0257667 0.1206097 0.0025024 0.0000000 0.0436848 0.0470105 0.0284122 0.0519314 0.0022633 0.0008320 0.1737467
162 A 162 0.1250881 0.0247803 0.0130280 0.0290419 0.0220848 0.0138238 0.1059621 0.0325660 0.0122414 0.0187474 0.0195268 0.0354127 0.0085955 0.0013188 0.1739153 0.0809154 0.0490088 0.0025685 0.0060839 0.0542255 0.1710651
163 K 163 0.0571777 0.0404723 0.0233931 0.1392986 0.0021627 0.0420769 0.2587343 0.0485958 0.0223821 0.0018560 0.0011689 0.1221346 0.0012662 0.0045355 0.0236038 0.0494433 0.0213368 0.0000000 0.0000000 0.0029889 0.1373726
164 V 164 0.0436966 0.0263245 0.0283633 0.0645343 0.0127741 0.0262005 0.0950365 0.0457528 0.0222322 0.0113849 0.0449780 0.0354611 0.0098546 0.1000376 0.0032176 0.0566423 0.0344184 0.0818105 0.0994402 0.0388399 0.1190002
165 S 165 0.0156074 0.0029940 0.0332948 0.2274900 0.0019236 0.0215083 0.0711970 0.3159271 0.0598236 0.0019183 0.0027506 0.0182434 0.0028073 0.0110869 0.0000000 0.0423643 0.0288525 0.0188973 0.0144073 0.0010418 0.1078643
166 G 166 0.0134005 0.0085196 0.0000000 0.0078713 0.0123107 0.0024619 0.0045896 0.8858499 0.0032307 0.0000000 0.0012365 0.0000000 0.0000000 0.0042256 0.0000000 0.0011540 0.0028843 0.0000000 0.0278875 0.0000000 0.0243778
167 G 167 0.0390146 0.0056963 0.0176648 0.0300679 0.0253502 0.0270111 0.1090036 0.6413904 0.0154651 0.0014255 0.0245444 0.0042767 0.0009142 0.0008979 0.0000000 0.0080869 0.0168861 0.0014363 0.0015284 0.0031049 0.0262346
168 I 168 0.1156849 0.0535733 0.0210325 0.0261836 0.0157078 0.0353630 0.1740380 0.0046690 0.0090561 0.0316612 0.3127938 0.0112407 0.0101107 0.0344074 0.0042875 0.0233375 0.0635385 0.0000000 0.0038180 0.0161249 0.0333716
169 L 169 0.0151532 0.0480427 0.0000000 0.0160951 0.0024271 0.0118749 0.0880623 0.0023219 0.0255214 0.0295062 0.5051472 0.0046446 0.0048245 0.1095636 0.0000000 0.0034778 0.0411077 0.0000000 0.0162280 0.0489548 0.0270471
170 R 170 0.0252765 0.2376154 0.0035148 0.0373889 0.0096825 0.0365289 0.0735201 0.0040990 0.0133096 0.0820413 0.1523355 0.0154365 0.0274430 0.0822414 0.0000000 0.0036503 0.0358507 0.0017852 0.0116432 0.1157255 0.0309116
171 I 171 0.0071393 0.0293596 0.0021475 0.0013086 0.0070458 0.0009749 0.0025360 0.0026193 0.0152079 0.1419105 0.2751531 0.0025832 0.0187945 0.1939939 0.0035252 0.0015427 0.0418138 0.0645945 0.1026699 0.0411570 0.0439230
172 F 172 0.0248477 0.0276092 0.0484192 0.0518178 0.0049194 0.0273949 0.0517103 0.0226640 0.0444704 0.0165715 0.0624613 0.0144571 0.0262612 0.1783154 0.0067977 0.0489159 0.0274230 0.0314622 0.2065405 0.0144476 0.0624935
173 P 173 0.0268619 0.0185684 0.0535219 0.1976697 0.0041057 0.0206875 0.0475573 0.0290278 0.0054344 0.0059412 0.0468712 0.0511302 0.0125549 0.0000000 0.3209528 0.0560012 0.0182087 0.0000000 0.0030326 0.0055949 0.0762779
174 E 174 0.0260756 0.0210996 0.0530417 0.2622423 0.0106516 0.0276385 0.1677442 0.0441988 0.0149926 0.0084738 0.0268774 0.0507808 0.0049367 0.0378541 0.0377429 0.0499245 0.0583932 0.0025707 0.0043064 0.0156679 0.0747867
175 G 175 0.0880303 0.0212029 0.0690455 0.1407358 0.0114104 0.0345082 0.0725267 0.1335991 0.0239841 0.0054937 0.0266745 0.0322737 0.0424950 0.0067718 0.0568166 0.0511675 0.0410908 0.0129029 0.0147221 0.0268891 0.0876592
176 K 176 0.0519884 0.0469196 0.0579156 0.0867185 0.0125376 0.0444478 0.0694820 0.0863302 0.0383271 0.0178663 0.0322852 0.1143173 0.0103448 0.0071069 0.0678725 0.0755923 0.0663813 0.0013644 0.0111166 0.0232261 0.0778594
177 A 177 0.0768067 0.0436397 0.1181162 0.1519451 0.0011964 0.0594536 0.1155925 0.0529248 0.0118748 0.0086336 0.0051729 0.0674685 0.0049618 0.0133010 0.0292737 0.0526972 0.1110606 0.0000000 0.0056348 0.0152324 0.0550137
178 Q 178 0.0162205 0.0754203 0.0095099 0.0244508 0.0333225 0.1121573 0.0811682 0.0135839 0.0301543 0.0762175 0.0352195 0.0461598 0.0112278 0.0267326 0.0903634 0.0284355 0.0307073 0.0032951 0.0420941 0.1411217 0.0724381
179 F 179 0.0622396 0.0214558 0.0134351 0.0098685 0.0233653 0.0300011 0.0462546 0.0502588 0.0225825 0.0529924 0.0567907 0.0196498 0.0041828 0.0645927 0.0781710 0.0362040 0.1113101 0.0122501 0.0364077 0.1631966 0.0847908
180 A 180 0.2186550 0.0678456 0.0000000 0.0125513 0.0102559 0.0285813 0.0619371 0.0198879 0.0460402 0.0503435 0.0588508 0.1189774 0.0151873 0.0149346 0.0042626 0.0171936 0.0386877 0.0059965 0.0066128 0.1392286 0.0639704
