  247         A         R         N         D         C         Q         E         G         H         I         L         K         M         F         P         S         T         W         Y         V    
  1 G   1 0.1776479 0.0000000 0.0000000 0.0000000 0.0000000 0.0000000 0.0000000 0.5183893 0.0000000 0.0000000 0.0000000 0.0000000 0.0000000 0.0000000 0.0000000 0.3039629 0.0000000 0.0000000 0.0000000 0.0000000
  2 S   2 0.0000000 0.1702158 0.1232782 0.0000000 0.0000000 0.0000000 0.0867235 0.0166520 0.0672171 0.0000000 0.0000000 0.2027408 0.0000000 0.0000000 0.0265460 0.1017369 0.1606960 0.0000000 0.0441937 0.0000000
  3 H   3 0.1140439 0.0617592 0.0148172 0.0190987 0.0000000 0.2103707 0.0709506 0.0341832 0.3141858 0.0000000 0.0000000 0.1395009 0.0000000 0.0000000 0.0000000 0.0000000 0.0000000 0.0000000 0.0000000 0.0210899
  4 M   4 0.0758529 0.0543739 0.0000000 0.0147713 0.0438229 0.0000000 0.0000000 0.0160778 0.0000000 0.0168216 0.1167560 0.0000000 0.0633221 0.0000000 0.1355413 0.1958071 0.0592623 0.0000000 0.0244361 0.1831547
  5 A   5 0.3305878 0.0000000 0.0100967 0.0101310 0.0000000 0.0325158 0.1174262 0.0255467 0.0000000 0.0281110 0.0771616 0.0000000 0.0210416 0.0340656 0.0216075 0.1924168 0.0440317 0.0115715 0.0298466 0.0138419
  6 S   6 0.0977822 0.0515302 0.0394134 0.0000000 0.0000000 0.0000000 0.1178719 0.0310068 0.0000000 0.0000000 0.0382383 0.0578608 0.1072587 0.0082290 0.0203594 0.1249228 0.3055265 0.0000000 0.0000000 0.0000000
  7 P   7 0.0687797 0.0202380 0.0000000 0.0240698 0.0000000 0.0161488 0.0212709 0.0219465 0.0446399 0.0363864 0.0733600 0.0160913 0.0000000 0.0000000 0.4475903 0.0578358 0.0817558 0.0000000 0.0000000 0.0698869
  8 N   8 0.0102300 0.0242277 0.2253497 0.0127259 0.0000000 0.0153270 0.0456540 0.0608350 0.0671527 0.0113124 0.1388141 0.0072609 0.0079217 0.0000000 0.0361585 0.0638348 0.0144649 0.1973456 0.0000000 0.0613850
  9 G   9 0.0432693 0.0356591 0.0291566 0.0969726 0.0000000 0.0600258 0.0464009 0.2091501 0.0645540 0.0535730 0.0129194 0.0570121 0.0061393 0.0000000 0.0449816 0.1249640 0.0885472 0.0000000 0.0000000 0.0266749
 10 Q  10 0.1027855 0.1798373 0.0202628 0.0571735 0.0000000 0.1931860 0.0681735 0.0078922 0.0703756 0.0251524 0.0571731 0.0493383 0.0000000 0.0000000 0.0555593 0.0535583 0.0083713 0.0096508 0.0084015 0.0331087
 11 T  11 0.1277666 0.0544859 0.0580399 0.0168443 0.0000000 0.0232786 0.0302230 0.0134319 0.0000000 0.0461359 0.0223406 0.0142261 0.0946548 0.0058099 0.0393915 0.1247442 0.2528963 0.0000000 0.0000000 0.0757305
 12 K  12 0.0465587 0.0951067 0.0280326 0.0039898 0.0000000 0.0637160 0.0216692 0.0086075 0.0486602 0.0465678 0.0404784 0.0807576 0.1526052 0.0585729 0.0990260 0.1294614 0.0655659 0.0000000 0.0068437 0.0037806
 13 P  13 0.0754908 0.0618882 0.0443816 0.1011962 0.0000000 0.0361634 0.0066993 0.0000000 0.0498552 0.0000000 0.0070031 0.0166000 0.0000000 0.0116725 0.2933782 0.0816344 0.1062167 0.0000000 0.0000000 0.1078202
 14 L  14 0.1563784 0.0094434 0.0094126 0.0131079 0.0045120 0.0252803 0.0410204 0.0271932 0.0117970 0.0735276 0.2164628 0.0357226 0.0232501 0.0969397 0.0288345 0.1197510 0.0614957 0.0000000 0.0139418 0.0319289
 15 P  15 0.0826707 0.0410511 0.0327825 0.1492831 0.0081147 0.0376664 0.0697546 0.0000000 0.0133238 0.0334168 0.0401492 0.0519896 0.0000000 0.0259800 0.3077526 0.0322086 0.0359903 0.0000000 0.0051658 0.0327004
 16 A  16 0.1391623 0.0703449 0.0184263 0.0734221 0.0157373 0.0556449 0.0659519 0.0228740 0.0188031 0.0163263 0.1185362 0.0324914 0.0000000 0.0159435 0.1501630 0.1116681 0.0208442 0.0132075 0.0000000 0.0404528
 17 L  17 0.0349280 0.0388064 0.0215365 0.0459213 0.0000000 0.0501344 0.1438744 0.0163411 0.0143427 0.0381967 0.2972500 0.0086360 0.0339201 0.0472617 0.0000000 0.0675205 0.0322346 0.0114515 0.0171061 0.0805383
 18 K  18 0.0353419 0.1471861 0.1122722 0.0764356 0.0071243 0.0963395 0.1236707 0.0039749 0.0428812 0.0000000 0.0094544 0.1445257 0.0107500 0.0040863 0.0092216 0.0877248 0.0523632 0.0000000 0.0095085 0.0271391
 19 L  19 0.0706680 0.0154531 0.0246044 0.0584187 0.0066538 0.0426913 0.0858919 0.0000000 0.0172348 0.0398160 0.1828959 0.0263866 0.0709110 0.0196376 0.1139544 0.0970891 0.0366214 0.0384399 0.0399682 0.0126640
 20 A  20 0.2128453 0.0027180 0.0391980 0.0697642 0.0164543 0.0414149 0.0193445 0.0111989 0.0159374 0.1084497 0.1800410 0.0273085 0.0278858 0.0126613 0.0083191 0.1046642 0.0251580 0.0195622 0.0279423 0.0291323
 21 L  21 0.1149127 0.0031622 0.0000000 0.0000000 0.0538999 0.0289829 0.0065443 0.0111194 0.0366946 0.0315132 0.3203651 0.0224456 0.0367084 0.1047127 0.0067734 0.0266717 0.1022303 0.0063247 0.0681617 0.0187773
 22 E  22 0.0516259 0.0601920 0.0440320 0.3155769 0.0000000 0.0714733 0.3018813 0.0000000 0.0329742 0.0000000 0.0089079 0.0295767 0.0043660 0.0000000 0.0096472 0.0518943 0.0086505 0.0000000 0.0000000 0.0092017
 23 Y  23 0.1005081 0.1334097 0.0625674 0.0341178 0.0109496 0.0784635 0.0892329 0.0138596 0.0502025 0.0043069 0.0426357 0.0725162 0.0000000 0.0212421 0.0101403 0.0686013 0.0395600 0.0000000 0.1325543 0.0351321
 24 I  24 0.0500844 0.0000000 0.0106226 0.0000000 0.0000000 0.0233577 0.0136552 0.0000000 0.0222138 0.3989825 0.2573141 0.0036651 0.0108746 0.0081453 0.0063631 0.0169449 0.0148945 0.0025113 0.0128407 0.1475303
 25 V  25 0.1893221 0.0327804 0.0019393 0.0022329 0.0384461 0.0000000 0.0075251 0.0067278 0.0000000 0.2563330 0.1030158 0.0108007 0.0159822 0.0123093 0.0000000 0.0134027 0.0150211 0.0000000 0.0000000 0.2941615
 26 P  26 0.0739123 0.1150388 0.0629335 0.2701601 0.0068912 0.0201757 0.1154801 0.0171057 0.0134246 0.0058717 0.0145207 0.0245926 0.0345034 0.0000000 0.1350565 0.0562675 0.0232126 0.0000000 0.0000000 0.0108528
 27 C  27 0.1743190 0.0219424 0.0273507 0.2297469 0.1084194 0.1127601 0.0573652 0.0390328 0.0209641 0.0000000 0.0030554 0.0249127 0.0000000 0.0000000 0.0065512 0.1204152 0.0418289 0.0000000 0.0061232 0.0052128
 28 M  28 0.0155391 0.0000000 0.0021530 0.0000000 0.0000000 0.0000000 0.0000000 0.0000000 0.0000000 0.0760410 0.5923870 0.0049030 0.1386065 0.0698740 0.0137972 0.0140094 0.0048000 0.0000000 0.0402209 0.0276688
 29 N  29 0.1482709 0.0788074 0.1989340 0.0652726 0.0089481 0.0363759 0.0520013 0.0297845 0.0462151 0.0347825 0.0485106 0.0316753 0.0167769 0.0126209 0.0086490 0.0327948 0.0385668 0.0000000 0.0414653 0.0695481
 30 K  30 0.0575223 0.0890972 0.0511897 0.1021473 0.0031461 0.0859949 0.1512201 0.1152108 0.0056181 0.0029051 0.0148836 0.0840810 0.0000000 0.0042899 0.0768603 0.0496428 0.0802662 0.0000000 0.0205962 0.0053285
 31 H  31 0.0136782 0.0758971 0.0437888 0.0722193 0.0122383 0.1317072 0.0152115 0.0058936 0.1308755 0.0046872 0.0060822 0.0913467 0.0034631 0.0548948 0.0188041 0.0690957 0.0702814 0.0014358 0.1696243 0.0087753
 32 G  32 0.0104017 0.0188695 0.0578603 0.0229825 0.0022907 0.0660531 0.0249648 0.6434314 0.0156124 0.0000000 0.0184313 0.0591195 0.0000000 0.0028971 0.0458111 0.0112745 0.0000000 0.0000000 0.0000000 0.0000000
 33 I  33 0.0024129 0.1254475 0.0000000 0.0000000 0.0000000 0.0000000 0.0000000 0.0000000 0.1654452 0.1434675 0.0149428 0.0000000 0.0023269 0.1283320 0.0054766 0.0024707 0.0000000 0.1386507 0.2214414 0.0495859
 34 C  34 0.1582801 0.0000000 0.0016506 0.0033291 0.1974014 0.0000000 0.0015981 0.0596401 0.0065967 0.0774490 0.0814886 0.0000000 0.0045488 0.0800442 0.0000000 0.0847218 0.0178318 0.0059511 0.0416209 0.1778478
 35 V  35 0.0063492 0.0163885 0.0017783 0.0000000 0.0094598 0.0530302 0.0038190 0.0000000 0.0096284 0.1511132 0.0501805 0.0067563 0.0029131 0.0195336 0.0000000 0.0089626 0.0313671 0.0039349 0.0554276 0.5693578
 36 V  36 0.0230236 0.0089427 0.0024660 0.0015265 0.0058291 0.0380443 0.0000000 0.0082036 0.0011503 0.3137686 0.1985171 0.0259490 0.0332689 0.0448150 0.0000000 0.0135292 0.0160317 0.0285632 0.0089144 0.2274570
 37 D  37 0.0098050 0.0284749 0.0315782 0.5596668 0.0021757 0.0133051 0.0958128 0.0047986 0.0356823 0.0009079 0.0000000 0.0252630 0.0000000 0.0000000 0.1301629 0.0408600 0.0176553 0.0000000 0.0020482 0.0018032
 38 D  38 0.0243243 0.0156537 0.3388145 0.2339991 0.0031187 0.0273031 0.0377758 0.1653796 0.0467804 0.0083655 0.0085663 0.0283332 0.0000000 0.0020399 0.0182806 0.0263795 0.0078637 0.0000000 0.0010028 0.0060193
 39 F  39 0.0765250 0.0015044 0.0000000 0.0000000 0.0054098 0.0015652 0.0000000 0.0091244 0.0000000 0.0297078 0.1826806 0.0017705 0.0034718 0.5115099 0.0046720 0.0040363 0.0047804 0.0073332 0.0163081 0.1396007
 40 L  40 0.0083874 0.0000000 0.0011262 0.0000000 0.0064598 0.0000000 0.0000000 0.0015578 0.0025758 0.1639103 0.5453685 0.0015523 0.0306471 0.1223276 0.0000000 0.0000000 0.0059809 0.0034475 0.0152769 0.0913821
 41 G  41 0.0368752 0.0181384 0.0706323 0.1230557 0.0000000 0.0173291 0.0323482 0.1603732 0.0038009 0.0009052 0.0046077 0.0053661 0.0013001 0.0000000 0.1835693 0.2238366 0.1111233 0.0000000 0.0000000 0.0067388
 42 K  42 0.1022887 0.0464738 0.0282722 0.1187982 0.0000000 0.0797031 0.1722457 0.0155560 0.0095729 0.0030048 0.0383260 0.0483885 0.0111192 0.0043803 0.2067627 0.0533898 0.0367557 0.0000000 0.0048104 0.0201519
 43 E  43 0.1141557 0.0226827 0.0380972 0.1966681 0.0031564 0.0440765 0.3053751 0.0234160 0.0135458 0.0029321 0.0135117 0.0318607 0.0010335 0.0046030 0.0259422 0.0844176 0.0575346 0.0000000 0.0028900 0.0141011
 44 T  44 0.0405533 0.0237636 0.0142255 0.0651473 0.0010349 0.0474281 0.2033858 0.0029865 0.0211539 0.0415404 0.2450855 0.0156819 0.0203226 0.0852413 0.0029756 0.0105878 0.0478059 0.0178712 0.0179842 0.0752244
 45 G  45 0.1803353 0.0181482 0.0159740 0.0000000 0.1861542 0.0055872 0.0000000 0.0837856 0.0091138 0.0500098 0.2198786 0.0075127 0.0073225 0.0088828 0.0027291 0.0182142 0.0681847 0.0000000 0.0131969 0.1049701
 46 Q  46 0.0913896 0.1707552 0.0439515 0.1313574 0.0047844 0.1024451 0.1371113 0.0411907 0.0267703 0.0093925 0.0494167 0.0706053 0.0078084 0.0042341 0.0020582 0.0480539 0.0411419 0.0009743 0.0075383 0.0090209
 47 Q  47 0.2381247 0.1105738 0.0403260 0.0325650 0.0124681 0.1110257 0.1026561 0.0459486 0.0246535 0.0103950 0.0357981 0.0672128 0.0097763 0.0022225 0.0041037 0.0856393 0.0310331 0.0010904 0.0126167 0.0217706
 48 I  48 0.0346600 0.0015894 0.0000000 0.0000000 0.0138038 0.0000000 0.0016547 0.0000000 0.0000000 0.1677482 0.5344439 0.0000000 0.0233341 0.0063419 0.0000000 0.0000000 0.0108769 0.0000000 0.0030853 0.2024616
 49 G  49 0.0883888 0.2218393 0.0060663 0.0016308 0.0112034 0.0589826 0.0103746 0.0091893 0.0483083 0.0740731 0.2383838 0.0556368 0.0241036 0.0158676 0.0000000 0.0150464 0.0063671 0.0038052 0.0565399 0.0541933
 50 D  50 0.1765150 0.0816567 0.0914371 0.1589572 0.0061719 0.0961648 0.1369662 0.0255673 0.0134269 0.0018282 0.0128949 0.1164878 0.0013107 0.0011211 0.0013533 0.0455266 0.0247773 0.0000000 0.0000000 0.0078368
 51 E  51 0.0555920 0.0310492 0.0224301 0.0959146 0.0296788 0.0171468 0.4424660 0.0094692 0.0329624 0.0315388 0.0825917 0.0138093 0.0026774 0.0222896 0.0000000 0.0389204 0.0073929 0.0070446 0.0220122 0.0350143
 52 V  52 0.2061011 0.0013529 0.0000000 0.0000000 0.0477693 0.0059859 0.0000000 0.0060206 0.0000000 0.1272379 0.1893017 0.0016716 0.0163462 0.1230588 0.0018332 0.0247874 0.0247002 0.0064395 0.0160830 0.2013105
 53 R  53 0.0214318 0.1401581 0.0440358 0.0233574 0.0040349 0.0824614 0.1377499 0.0102715 0.0325756 0.0322750 0.1114156 0.1053150 0.0137584 0.0157932 0.1377188 0.0323752 0.0349730 0.0000000 0.0082414 0.0120579
 54 A  54 0.1452122 0.1089601 0.0694890 0.0845448 0.0018914 0.0661062 0.1241119 0.0417938 0.0129379 0.0080021 0.0174441 0.0537845 0.0105225 0.0125912 0.0219847 0.1131248 0.0716998 0.0117025 0.0121570 0.0119395
 55 L  55 0.0776734 0.0412548 0.0204904 0.0112190 0.0108368 0.0106686 0.0044509 0.0296069 0.0143901 0.1374714 0.3847009 0.0460570 0.0744210 0.0136796 0.0187748 0.0145697 0.0184494 0.0027623 0.0024423 0.0660806
 56 H  56 0.1113839 0.0404409 0.0484344 0.1172483 0.0015695 0.0456609 0.0577378 0.0169000 0.1416498 0.0041214 0.0571202 0.0345499 0.0229698 0.0180406 0.0373925 0.0674836 0.0348151 0.0265442 0.0962058 0.0197316
 57 D  57 0.0990721 0.0633824 0.0657989 0.0671309 0.0089035 0.0782226 0.1270896 0.0344701 0.0252123 0.0049044 0.0305422 0.0619977 0.0046739 0.1197128 0.0322840 0.0865288 0.0206851 0.0357162 0.0207496 0.0129227
 58 T  58 0.1326343 0.0702238 0.0546998 0.0838349 0.0009912 0.0431670 0.0907456 0.0421642 0.0561455 0.0193321 0.0300428 0.0318213 0.0082430 0.0055496 0.0244434 0.1249063 0.1403898 0.0140117 0.0056759 0.0209778
 59 G  59 0.0691178 0.0359852 0.0441772 0.0667712 0.0062474 0.0374445 0.1053378 0.4124140 0.0349770 0.0079679 0.0174911 0.0409453 0.0107380 0.0124517 0.0248770 0.0290063 0.0103388 0.0035908 0.0103639 0.0197573
 60 K  60 0.0990096 0.0845289 0.0467854 0.0490776 0.0114632 0.0302010 0.0404946 0.0405677 0.0246184 0.0087217 0.0763190 0.2018674 0.0290884 0.0663637 0.0124435 0.0446381 0.0245523 0.0345534 0.0181820 0.0565239
 61 F  61 0.0082061 0.0520542 0.0106163 0.0073344 0.0069366 0.0329987 0.0906182 0.0479629 0.0107590 0.0300610 0.1764673 0.0499737 0.0425396 0.2758392 0.0038305 0.0281969 0.0265968 0.0213027 0.0534595 0.0242462
 62 T  62 0.0480863 0.1299246 0.0973795 0.0330846 0.0020145 0.0500934 0.0439210 0.0314644 0.0441926 0.0113846 0.0228171 0.1044165 0.0160777 0.0034170 0.0485874 0.0836696 0.1544859 0.0121350 0.0234451 0.0394030
 63 D  63 0.1919938 0.0595137 0.0132751 0.2999827 0.0016839 0.0100103 0.0577583 0.0404062 0.0157619 0.0071065 0.0128906 0.0487526 0.0025356 0.0068268 0.1084890 0.0383481 0.0200517 0.0000000 0.0514641 0.0131492
 64 G  64 0.1633799 0.0084204 0.0765496 0.0319374 0.0008441 0.0078813 0.0064862 0.3369991 0.0061562 0.0767173 0.0986798 0.0167596 0.0058043 0.0031859 0.0094931 0.0711551 0.0325845 0.0000000 0.0127675 0.0341985
 65 Q  65 0.1041946 0.0475671 0.0172071 0.0177000 0.0108195 0.1349133 0.0374248 0.1005449 0.0152011 0.0996233 0.0081497 0.0825994 0.0099118 0.0143696 0.0306795 0.0468024 0.0299137 0.0070304 0.1450116 0.0403364
 66 L  66 0.0156193 0.0300581 0.0174385 0.0110105 0.0000000 0.0157011 0.0311026 0.1689591 0.0071848 0.0839792 0.2278590 0.1271175 0.0109425 0.0155872 0.0038319 0.0249548 0.0863144 0.0053238 0.0427356 0.0742800
 67 V  67 0.0577921 0.1680905 0.0269488 0.0366515 0.0000000 0.0053844 0.0216281 0.1284133 0.0509337 0.0384927 0.0200010 0.0338633 0.0170200 0.0764953 0.0109077 0.0892890 0.0177567 0.0047360 0.0152627 0.1803332
 68 S  68 0.0504956 0.0860009 0.0787428 0.0372075 0.0014615 0.0588776 0.0762944 0.1689969 0.0421243 0.0098439 0.0723521 0.0595042 0.0115995 0.0535103 0.0152362 0.1011696 0.0261444 0.0037828 0.0258526 0.0208028
 69 Q  69 0.0596359 0.0464211 0.0639135 0.0702604 0.0000000 0.2819141 0.0404709 0.1506775 0.0255427 0.0019484 0.0201113 0.0654775 0.0047356 0.0036071 0.0349778 0.0577457 0.0190657 0.0000000 0.0280560 0.0254390
 70 K  70 0.0348716 0.0798287 0.0279164 0.0918930 0.0000000 0.0633432 0.0850106 0.0643616 0.0117961 0.0113897 0.0446155 0.1324674 0.0046130 0.0088337 0.0637106 0.1536949 0.0766924 0.0019649 0.0171780 0.0258188
 71 S  71 0.0849676 0.0493014 0.0662316 0.0502249 0.0000000 0.0644349 0.0394414 0.1593763 0.0990208 0.0043063 0.0450516 0.0447968 0.0158992 0.0196309 0.0304505 0.1207062 0.0438945 0.0000000 0.0417109 0.0205541
 72 D  72 0.0427109 0.0346399 0.0707530 0.2023467 0.0013637 0.1274019 0.0404219 0.0841999 0.0457678 0.0443215 0.0173318 0.0444573 0.0101668 0.0278673 0.0243332 0.0503845 0.0761869 0.0070884 0.0152429 0.0330139
 73 S  73 0.0651421 0.0504169 0.0319932 0.0391363 0.0016136 0.0254352 0.0313297 0.0234386 0.0469435 0.0468217 0.2384613 0.0263489 0.0011817 0.0200930 0.0525808 0.0871085 0.0505764 0.0034422 0.0310817 0.1268547
 74 S  74 0.1086534 0.0522323 0.1420549 0.0898309 0.0047042 0.0210034 0.0714998 0.0470806 0.0149496 0.0352379 0.0266755 0.0717488 0.0159268 0.0183440 0.0248872 0.1311537 0.0511472 0.0011898 0.0186047 0.0530753
 75 K  75 0.0258690 0.1575444 0.1129151 0.0516242 0.0035740 0.0515695 0.0953363 0.0123004 0.0253068 0.0048232 0.0224500 0.1614885 0.0020350 0.0036742 0.0610106 0.0619595 0.0899258 0.0000000 0.0283615 0.0282320
 76 D  76 0.0715870 0.0557551 0.0667659 0.1634749 0.0000000 0.0262986 0.0815834 0.0339009 0.0449818 0.0076391 0.0757536 0.0537345 0.0151367 0.0411863 0.0089967 0.1718947 0.0756523 0.0000000 0.0014610 0.0041974
 77 I  77 0.0381392 0.0154232 0.0098815 0.0277489 0.0007262 0.0076746 0.0395759 0.0187067 0.0015394 0.3447857 0.1087782 0.0100945 0.0104889 0.0358356 0.0126624 0.0585987 0.0396161 0.0104520 0.0462888 0.1629836
 78 R  78 0.0111589 0.6537231 0.0109622 0.0118006 0.0016469 0.0342153 0.0635009 0.0446496 0.0237927 0.0059235 0.0134558 0.0379670 0.0120831 0.0271635 0.0057257 0.0089507 0.0155562 0.0009630 0.0105559 0.0062053
 79 G  79 0.0152579 0.0903140 0.0329174 0.0438664 0.0000000 0.0146936 0.0159330 0.3257353 0.0075528 0.0063601 0.0579038 0.0713440 0.0022523 0.0402444 0.0184563 0.1772097 0.0616072 0.0014971 0.0034116 0.0134429
 80 D  80 0.0794696 0.0067345 0.0082464 0.6103239 0.0025701 0.0141595 0.0420877 0.0222910 0.0076096 0.0127689 0.0209232 0.0174989 0.0000000 0.0000000 0.0268752 0.0833491 0.0291379 0.0000000 0.0096737 0.0062808
 81 K  81 0.0344882 0.1010311 0.0432457 0.0256278 0.0030651 0.1125736 0.0736258 0.0605578 0.0965392 0.0172501 0.0612901 0.1835875 0.0112963 0.0339933 0.0000000 0.0473079 0.0478219 0.0061999 0.0197114 0.0207875
 82 I  82 0.0121469 0.0166344 0.0113907 0.0046027 0.0015095 0.0066380 0.0053035 0.0195264 0.0031861 0.4647804 0.0725953 0.0103481 0.0458534 0.0392255 0.0051761 0.0298554 0.0791977 0.0000000 0.0128695 0.1591603
 83 T  83 0.1102245 0.0626046 0.0083092 0.0012123 0.0588890 0.0780970 0.0153987 0.0168962 0.0807899 0.0295660 0.0947080 0.0373651 0.0088418 0.0535552 0.0222274 0.0591317 0.1215170 0.0038019 0.0683811 0.0684833
 84 W  84 0.0175918 0.0209495 0.0184719 0.0111663 0.0000000 0.0237000 0.0578165 0.0316408 0.0000000 0.0077556 0.0272767 0.0080780 0.0096172 0.0700176 0.0092657 0.0226373 0.0449152 0.5551078 0.0277000 0.0362922
 85 I  85 0.0413523 0.0212609 0.0111933 0.0061888 0.0044913 0.0116259 0.0266751 0.0000000 0.0000000 0.2048593 0.4084741 0.0125258 0.0291258 0.0420369 0.0114409 0.0041247 0.0043184 0.0000000 0.0295160 0.1307905
 86 E  86 0.0426867 0.0526285 0.0559365 0.3206749 0.0000000 0.0302537 0.1856379 0.0335366 0.0076241 0.0014999 0.0542551 0.0273152 0.0011283 0.0124102 0.0122996 0.0724813 0.0667322 0.0000000 0.0193781 0.0035210
 87 G  87 0.0625020 0.1084642 0.0247947 0.0394078 0.0027327 0.0127894 0.1094159 0.3012885 0.0125104 0.0122603 0.0593432 0.0374771 0.0091750 0.0157291 0.0967494 0.0399522 0.0185203 0.0015368 0.0214080 0.0139429
 88 K  88 0.0491367 0.0782345 0.0727562 0.0844098 0.0055037 0.0801650 0.0887506 0.0452158 0.0552818 0.0163465 0.0477074 0.1105436 0.0046765 0.0374483 0.0169496 0.0986994 0.0742736 0.0000000 0.0147036 0.0191975
 89 E  89 0.0843663 0.0356219 0.0555675 0.1120844 0.0022804 0.0599497 0.2646797 0.0094380 0.0277857 0.0096246 0.0660705 0.0184188 0.0000000 0.0180522 0.0093824 0.1078556 0.0494270 0.0000000 0.0087270 0.0606684
 90 P  90 0.0873045 0.0214723 0.0379068 0.0779475 0.0076448 0.0159896 0.0503801 0.0262864 0.0176166 0.0388420 0.0921228 0.0272427 0.0098067 0.0462871 0.3053882 0.0567014 0.0236552 0.0000000 0.0147360 0.0426693
 91 G  91 0.1881379 0.0159540 0.0687421 0.1033083 0.0027338 0.0327668 0.0752608 0.1349146 0.0151738 0.0299768 0.0485776 0.0200221 0.0407077 0.0615007 0.0314781 0.0666346 0.0212116 0.0058444 0.0184793 0.0185750
 92 C  92 0.0994338 0.0445033 0.0185678 0.0393998 0.1340076 0.0872474 0.0291542 0.0731411 0.0099895 0.0409741 0.1052844 0.0197114 0.0085921 0.0225989 0.0449241 0.1082966 0.0322650 0.0137463 0.0206462 0.0475163
 93 E  93 0.1185860 0.0487982 0.0108889 0.0504399 0.0030042 0.0837967 0.2003678 0.0129127 0.0089947 0.0080958 0.0469341 0.0649661 0.0048876 0.0344698 0.1714355 0.0661125 0.0208295 0.0090297 0.0138039 0.0216462
 94 T  94 0.1826240 0.0300186 0.0649409 0.0459448 0.0070922 0.0383325 0.0764938 0.0464552 0.0569419 0.0265092 0.0591612 0.0373524 0.0089132 0.0429253 0.0513045 0.0726457 0.0551177 0.0047389 0.0435083 0.0489797
 95 I  95 0.0609324 0.0380345 0.0085780 0.0232975 0.0130144 0.0377230 0.0161432 0.0288513 0.0100512 0.2335472 0.1788343 0.0441296 0.0172977 0.0651541 0.0013327 0.0308465 0.0165533 0.0047421 0.0515177 0.1194192
 96 G  96 0.0847184 0.0985353 0.0498476 0.0436956 0.0172621 0.0627897 0.0551131 0.0935164 0.0337704 0.0268888 0.0723393 0.0632176 0.0201935 0.0180754 0.0727705 0.0709799 0.0383920 0.0148736 0.0366969 0.0263240
 97 L  97 0.1155900 0.1171294 0.0404761 0.0478177 0.0024899 0.0747377 0.0423405 0.0106761 0.0261512 0.0192114 0.1567032 0.0412188 0.0190926 0.0531172 0.0262138 0.0477038 0.0496345 0.0199920 0.0436831 0.0460208
 98 L  98 0.0396482 0.0180944 0.0016009 0.0029560 0.0036558 0.0119476 0.0068269 0.0000000 0.0169300 0.0443005 0.4036779 0.0000000 0.0155662 0.1799145 0.0000000 0.0316047 0.0100616 0.0269268 0.1510950 0.0351929
 99 M  99 0.0238443 0.0984918 0.0096863 0.0066285 0.0083683 0.0254528 0.0216237 0.0155671 0.0103642 0.0705372 0.3146085 0.0550544 0.0803217 0.0974810 0.0104729 0.0122638 0.0222379 0.0279357 0.0518825 0.0371776
100 S 100 0.1456101 0.0670757 0.0860229 0.1182886 0.0037574 0.0869817 0.1202055 0.0317205 0.0284086 0.0139575 0.0216169 0.0909423 0.0021461 0.0012411 0.0258526 0.1307189 0.0131237 0.0079435 0.0000000 0.0043866
101 S 101 0.0876561 0.1163623 0.0075159 0.0088968 0.0078089 0.0599586 0.0239811 0.0111656 0.0185422 0.0655298 0.1787189 0.0796943 0.0242034 0.0562563 0.0079591 0.0556681 0.0291027 0.0225636 0.0225192 0.1158970
102 M 102 0.0385930 0.0562704 0.0074541 0.0028697 0.0093005 0.0160834 0.0054812 0.0045027 0.0057873 0.1990890 0.2125844 0.0159101 0.1801165 0.0246243 0.0069961 0.0600485 0.0297968 0.0000000 0.0054298 0.1190622
103 D 103 0.0643932 0.0477691 0.0599709 0.2339596 0.0000000 0.0804945 0.2181045 0.0227220 0.0292036 0.0108786 0.0362153 0.0322234 0.0132865 0.0335701 0.0089234 0.0377248 0.0436920 0.0000000 0.0165421 0.0103263
104 D 104 0.1545136 0.0856269 0.0286360 0.0740881 0.0000000 0.0915786 0.1279037 0.0550271 0.0129687 0.0119543 0.0158500 0.0873876 0.0000000 0.0215115 0.0197467 0.1053361 0.0737359 0.0131795 0.0061963 0.0147595
105 L 105 0.0777468 0.0150840 0.0061286 0.0510307 0.0000000 0.0113476 0.0145803 0.0011934 0.0054050 0.1387612 0.4201764 0.0118714 0.0141714 0.0781676 0.0042497 0.0074809 0.0075567 0.0017421 0.0064503 0.1268559
106 I 106 0.0426231 0.2438115 0.0320969 0.0031076 0.0009273 0.0369472 0.0316487 0.0074953 0.0022056 0.1449357 0.0784450 0.0264397 0.0238369 0.0852227 0.0172486 0.0084850 0.0239026 0.0028105 0.0329903 0.1548197
107 R 107 0.0725161 0.1670954 0.0359990 0.0509015 0.0068800 0.0991570 0.0688790 0.0291913 0.0187301 0.0198042 0.0716710 0.0573695 0.0330594 0.0165727 0.0372064 0.0974362 0.0647879 0.0008792 0.0217188 0.0301454
108 H 108 0.1379902 0.0777365 0.0194272 0.0400173 0.0072677 0.0390354 0.1240626 0.0463686 0.0917890 0.0467596 0.0671271 0.0487349 0.0127071 0.0164978 0.0369854 0.0390321 0.0223728 0.0092993 0.0860393 0.0307501
109 C 109 0.0643640 0.0039348 0.0016792 0.0000000 0.0855922 0.0023021 0.0406187 0.0039691 0.0000000 0.1561404 0.2149897 0.0132348 0.0251578 0.0863920 0.0162843 0.0204491 0.0404240 0.0691226 0.0086426 0.1467026
110 N 110 0.0584755 0.0111180 0.3002639 0.0056790 0.0092163 0.0341553 0.0724472 0.0622284 0.0112763 0.0373607 0.1138594 0.0225056 0.0334302 0.0736223 0.0145282 0.0843878 0.0179731 0.0051258 0.0091090 0.0232382
111 G 111 0.0839627 0.2097199 0.0093257 0.0400937 0.0041985 0.0750896 0.0898517 0.1435454 0.0137756 0.0051870 0.0453887 0.0733915 0.0073997 0.0106079 0.0125684 0.1116654 0.0333095 0.0025730 0.0099637 0.0183822
112 K 112 0.0552528 0.1498286 0.0249300 0.0638905 0.0033830 0.0611760 0.0800132 0.0529430 0.0325964 0.0398433 0.0390600 0.1189552 0.0037189 0.0120273 0.0094676 0.0566128 0.0711157 0.0000000 0.0871444 0.0380412
113 L 113 0.0428414 0.0187227 0.0120675 0.0134469 0.0000000 0.0053425 0.0075373 0.0104089 0.0081507 0.1056143 0.4037480 0.0270225 0.0252690 0.1584782 0.0201214 0.0084291 0.0611128 0.0000000 0.0073759 0.0643110
114 G 114 0.0264251 0.0409396 0.0377984 0.0439217 0.0021520 0.0482222 0.0341441 0.2700552 0.0136771 0.0088094 0.0468362 0.0331392 0.0290268 0.0522793 0.0660153 0.0723398 0.1500378 0.0096625 0.0019640 0.0125543
115 S 115 0.0472626 0.0177330 0.1195575 0.0741632 0.0951722 0.0333110 0.0347218 0.1516345 0.0156785 0.0123334 0.1071037 0.0755210 0.0172786 0.0174146 0.0457271 0.0545658 0.0287494 0.0098147 0.0206944 0.0215630
116 Y 116 0.0198599 0.0247718 0.0230318 0.0606338 0.0271127 0.0059720 0.0394114 0.0795846 0.0127937 0.0794599 0.1053720 0.0200903 0.0037375 0.1783914 0.0421698 0.0452856 0.0206684 0.0165609 0.1549115 0.0401810
117 K 117 0.0250883 0.0434136 0.0254877 0.1084982 0.0070546 0.0173177 0.0749710 0.0061651 0.0233136 0.0185881 0.1763413 0.0873704 0.0422819 0.0029468 0.1470684 0.0415159 0.0831245 0.0000000 0.0199748 0.0494782
118 I 118 0.0366209 0.0152347 0.0027422 0.0348604 0.0011744 0.0088117 0.0256172 0.2126146 0.0077997 0.1270054 0.2496220 0.0082580 0.0063310 0.0639837 0.0606095 0.0237445 0.0362842 0.0044685 0.0285848 0.0456328
119 N 119 0.0207867 0.0402581 0.1096863 0.1184663 0.0040531 0.0224819 0.0444988 0.0377052 0.0153234 0.0731799 0.2622011 0.0281102 0.0063391 0.0183480 0.0159068 0.0942800 0.0532023 0.0000000 0.0126062 0.0225666
120 G 120 0.0438866 0.0290981 0.0276172 0.0655460 0.0032469 0.0316546 0.0680195 0.1963460 0.0407875 0.0274970 0.0353295 0.0352665 0.0053327 0.1083717 0.0590059 0.0629193 0.0212770 0.0030564 0.0710141 0.0647276
121 R 121 0.0582413 0.1853781 0.0139933 0.0740731 0.0066784 0.0262573 0.0666714 0.0386886 0.0345843 0.0209545 0.0403059 0.0612394 0.0052591 0.0490496 0.0751553 0.1020228 0.0743715 0.0000000 0.0264412 0.0406349
122 T 122 0.0235420 0.0280673 0.0099075 0.0335769 0.0290920 0.0219699 0.0861034 0.0248430 0.0433650 0.0602746 0.0398074 0.0723150 0.0131345 0.0833304 0.0353119 0.1043323 0.1332122 0.0118491 0.0846406 0.0613250
123 K 123 0.0623423 0.0476573 0.0423165 0.0715152 0.0059597 0.0283575 0.2018535 0.0135541 0.0268094 0.0262648 0.0266265 0.1047274 0.0292120 0.0352419 0.0384315 0.0613704 0.0821102 0.0054382 0.0569488 0.0332629
124 A 124 0.1852353 0.0074877 0.0134140 0.0996410 0.0394704 0.0125674 0.0348739 0.0560567 0.0179467 0.0372795 0.0718170 0.0020006 0.0643503 0.0411765 0.0286704 0.1091793 0.0866281 0.0000000 0.0299150 0.0622903
125 M 125 0.0484593 0.0168746 0.0119044 0.0057927 0.0182951 0.0995410 0.0109533 0.0560192 0.2111216 0.0443859 0.0486549 0.0268165 0.2068327 0.0235800 0.0088976 0.0782228 0.0440430 0.0066655 0.0147885 0.0181515
126 V 126 0.0547407 0.0134619 0.0115029 0.0000000 0.0581715 0.0522524 0.0110816 0.0589742 0.0028456 0.0279435 0.1793015 0.0088725 0.0136747 0.1342405 0.0055374 0.0653931 0.0523320 0.0029769 0.0877458 0.1589511
127 A 127 0.4301376 0.0079021 0.0087707 0.0000000 0.0057311 0.0258344 0.0035791 0.0256895 0.0000000 0.0949269 0.1036554 0.0119206 0.0145385 0.0093103 0.0014911 0.1006528 0.0301526 0.0000000 0.0281515 0.0975560
128 C 128 0.0254301 0.1066037 0.0797326 0.0000000 0.2227132 0.0154291 0.0098159 0.0123604 0.1033614 0.0538956 0.0580678 0.0783083 0.0152370 0.0198518 0.0017128 0.0503140 0.0445383 0.0011080 0.0309737 0.0705463
129 Y 129 0.0313422 0.0966769 0.0284547 0.0089002 0.0040774 0.0360575 0.0214130 0.0309318 0.0073671 0.0222556 0.0282102 0.0176939 0.0254145 0.0134480 0.0012318 0.0095140 0.0321388 0.0114087 0.5451099 0.0283538
130 P 130 0.0527424 0.0397428 0.0165526 0.0258137 0.0014370 0.0430987 0.1102672 0.0148186 0.0433142 0.0220129 0.0254248 0.0120503 0.0136866 0.0171173 0.2497038 0.0247560 0.1006020 0.0000000 0.1708296 0.0160295
131 G 131 0.1073718 0.0976597 0.0465535 0.0136925 0.0024184 0.0279218 0.0200894 0.2482330 0.0134373 0.0061494 0.0188842 0.0329325 0.0000000 0.0213232 0.1282971 0.0859610 0.1009955 0.0000000 0.0037671 0.0243127
132 N 132 0.0207807 0.0652800 0.1645318 0.0830798 0.0053247 0.0292579 0.0616460 0.0865335 0.0744209 0.0088104 0.0171439 0.1018178 0.0166535 0.0013200 0.1037910 0.0477239 0.0580598 0.0000000 0.0304982 0.0233263
133 G 133 0.0438518 0.0113567 0.0241253 0.1215313 0.0000000 0.0153549 0.0171488 0.6742089 0.0072159 0.0000000 0.0016379 0.0145602 0.0025050 0.0000000 0.0062658 0.0246900 0.0355475 0.0000000 0.0000000 0.0000000
134 T 134 0.1172478 0.0136383 0.0226216 0.1946916 0.0836842 0.0336162 0.0573840 0.1506533 0.0325586 0.0000000 0.0553786 0.0204886 0.0038043 0.0114501 0.0079530 0.0877661 0.0987333 0.0000000 0.0019941 0.0063362
135 G 135 0.0186714 0.0528436 0.0117364 0.0379758 0.0262131 0.0015831 0.0098179 0.1139287 0.1877559 0.0129647 0.0149434 0.0198028 0.0000000 0.2229629 0.0000000 0.0686784 0.0011070 0.0048323 0.1714526 0.0227298
136 Y 136 0.0018810 0.0057978 0.0000000 0.0019354 0.0000000 0.0064021 0.0052332 0.0422015 0.0678384 0.0260585 0.2735969 0.0000000 0.0000000 0.1065811 0.0074431 0.0010945 0.0286775 0.0325730 0.3901952 0.0024909
137 V 137 0.0522911 0.0865871 0.0347322 0.0455302 0.0000000 0.0487350 0.0272197 0.0439810 0.0420959 0.0174268 0.1620638 0.1406718 0.0060404 0.0046786 0.0895230 0.0264755 0.0362752 0.0068539 0.0087699 0.1200489
138 R 138 0.0429724 0.1703988 0.0136192 0.0000000 0.1063963 0.0089981 0.0086313 0.0030624 0.0180909 0.1002880 0.0416944 0.1352383 0.0228430 0.0058676 0.0866768 0.0265463 0.0297199 0.0729505 0.0071427 0.0988631
139 H 139 0.0000000 0.0143573 0.0033452 0.0000000 0.0000000 0.0000000 0.0000000 0.0019075 0.9575505 0.0000000 0.0044951 0.0000000 0.0019391 0.0000000 0.0044350 0.0108281 0.0000000 0.0000000 0.0000000 0.0011422
140 V 140 0.0826437 0.0639560 0.0238294 0.1853671 0.0190417 0.0154319 0.0088615 0.0025201 0.0043934 0.0681406 0.1058683 0.0120979 0.0075257 0.0261242 0.0094518 0.0472939 0.0439456 0.0000000 0.0630474 0.2104599
141 D 141 0.0031408 0.0099669 0.0000000 0.9733630 0.0000000 0.0000000 0.0063274 0.0000000 0.0037033 0.0000000 0.0000000 0.0000000 0.0000000 0.0000000 0.0034987 0.0000000 0.0000000 0.0000000 0.0000000 0.0000000
142 N 142 0.0882512 0.0360469 0.3217963 0.0070121 0.0344308 0.0358811 0.0087708 0.0141761 0.0048831 0.0078813 0.0188863 0.0422001 0.0047988 0.0858622 0.0000000 0.1016090 0.0585938 0.0000000 0.0239853 0.1049348
143 P 143 0.0227887 0.0217550 0.0492269 0.0443758 0.0574423 0.0104896 0.0338314 0.0361896 0.0390993 0.0917211 0.0421592 0.0052336 0.0092204 0.1713232 0.2373345 0.0653865 0.0167429 0.0000000 0.0100117 0.0356683
144 N 144 0.0756773 0.0987854 0.0938162 0.0515019 0.0007572 0.0699938 0.0875816 0.1241038 0.0618293 0.0186878 0.0322410 0.0805728 0.0034172 0.0038997 0.0206090 0.0407666 0.0642712 0.0018686 0.0397582 0.0298616
145 G 145 0.0384626 0.0325330 0.0427447 0.1069266 0.0010774 0.0189136 0.0367742 0.2859566 0.0352474 0.0050107 0.1004820 0.0394777 0.0088969 0.0058693 0.0124734 0.0411611 0.0821054 0.0011353 0.0954490 0.0093033
146 D 146 0.0520497 0.0327509 0.0974741 0.2983321 0.0000000 0.0228952 0.1305337 0.0528356 0.0075131 0.0025639 0.0383348 0.0826929 0.0038671 0.0041086 0.0485330 0.0650038 0.0332343 0.0063722 0.0055685 0.0153365
147 G 147 0.0384203 0.0297185 0.1119340 0.0943875 0.0118639 0.0533922 0.0438819 0.2463006 0.0448624 0.0010552 0.0056484 0.0262989 0.0000000 0.0269152 0.0414061 0.1521904 0.0288656 0.0169152 0.0134693 0.0124744
148 R 148 0.0000000 0.8766096 0.0068266 0.0000000 0.0000000 0.0030603 0.0000000 0.0000000 0.0032391 0.0036441 0.0000000 0.0503987 0.0000000 0.0340413 0.0000000 0.0057416 0.0075338 0.0040441 0.0048606 0.0000000
149 C 149 0.0344785 0.3137055 0.0027962 0.1011911 0.0922730 0.0295299 0.0369450 0.0000000 0.0243082 0.0457089 0.0329718 0.1088475 0.0232627 0.0118585 0.0000000 0.0163658 0.0288573 0.0000000 0.0040405 0.0928597
150 V 150 0.0425846 0.0023113 0.0000000 0.0000000 0.0063502 0.0000000 0.0000000 0.0042844 0.0000000 0.2280825 0.2454415 0.0000000 0.0084461 0.0536532 0.0000000 0.0049163 0.0017428 0.0132891 0.1337037 0.2551943
151 T 151 0.1381165 0.0000000 0.0789550 0.0000000 0.0088705 0.0000000 0.0000000 0.0021306 0.0021043 0.0030554 0.0027937 0.0000000 0.0000000 0.0000000 0.0000000 0.3049939 0.4495357 0.0000000 0.0000000 0.0094444
152 C 152 0.1731746 0.0000000 0.0000000 0.0000000 0.1041650 0.0000000 0.0000000 0.0179141 0.0027093 0.0416856 0.1135233 0.0000000 0.0663275 0.1417732 0.0000000 0.0408801 0.0825623 0.0108798 0.0919086 0.1124965
153 I 153 0.0058717 0.0034931 0.0000000 0.0000000 0.0019659 0.0069765 0.0000000 0.0000000 0.0021258 0.3379808 0.2783697 0.0000000 0.0186743 0.0054859 0.0000000 0.0195444 0.0335976 0.0000000 0.0000000 0.2859142
154 Y 154 0.0107979 0.0021000 0.0000000 0.0000000 0.0283609 0.0000000 0.0000000 0.0054793 0.0011288 0.0871803 0.4328401 0.0000000 0.0162189 0.0713973 0.0020380 0.0071228 0.0414253 0.0090624 0.2201211 0.0647269
155 Y 155 0.0018968 0.0000000 0.0218316 0.0000000 0.0035523 0.0153092 0.0000000 0.0309912 0.0052700 0.0000000 0.0026438 0.0000000 0.0000000 0.0455196 0.0000000 0.0039885 0.0023362 0.0028053 0.8638555 0.0000000
156 L 156 0.0054970 0.0000000 0.0025417 0.0000000 0.0117090 0.0000000 0.0000000 0.0010292 0.0000000 0.0085538 0.8024514 0.0000000 0.0479477 0.0509774 0.0100373 0.0043151 0.0022892 0.0000000 0.0013073 0.0513438
157 N 157 0.0050019 0.0000000 0.6251035 0.0216742 0.0022427 0.0030340 0.0060217 0.0047699 0.0244263 0.0171490 0.0027474 0.0000000 0.0010303 0.0000000 0.0068242 0.1071489 0.1059594 0.0000000 0.0126871 0.0541797
158 K 158 0.0342053 0.0552969 0.0124197 0.2504668 0.0017649 0.0340435 0.1572341 0.0270515 0.0046740 0.0068382 0.0156170 0.1158577 0.0000000 0.0040857 0.2279863 0.0152560 0.0307349 0.0000000 0.0036773 0.0027901
159 D 159 0.0288257 0.0222754 0.1203480 0.3723863 0.0021839 0.0380942 0.1269549 0.0741028 0.0196228 0.0052767 0.0038995 0.0199939 0.0000000 0.0000000 0.0705530 0.0379149 0.0275698 0.0000000 0.0000000 0.0299982
160 W 160 0.0026127 0.0000000 0.0083995 0.0349514 0.0000000 0.0000000 0.0037156 0.0136462 0.0000000 0.0024340 0.0018689 0.0021964 0.0000000 0.0574167 0.0336513 0.0421441 0.0046325 0.7315200 0.0574588 0.0033520
161 D 161 0.0294672 0.0616873 0.0562966 0.1958998 0.0032761 0.1536160 0.0608080 0.0342983 0.0087392 0.0042762 0.0308639 0.1470449 0.0030054 0.0000000 0.0529385 0.0572276 0.0342004 0.0625904 0.0027450 0.0010193
162 A 162 0.1523385 0.0291787 0.0152727 0.0346459 0.0271564 0.0168455 0.1267246 0.0381217 0.0150817 0.0233015 0.0237146 0.0418350 0.0107363 0.0016100 0.2111903 0.0975626 0.0591234 0.0030827 0.0074430 0.0650348
163 K 163 0.0659061 0.0474944 0.0272577 0.1594271 0.0022620 0.0488044 0.3004772 0.0552900 0.0263377 0.0020622 0.0013877 0.1431276 0.0015011 0.0049734 0.0275951 0.0578081 0.0248614 0.0000000 0.0000000 0.0034268
164 V 164 0.0498654 0.0305090 0.0323713 0.0738096 0.0146916 0.0297581 0.1075236 0.0514768 0.0253060 0.0128685 0.0512515 0.0405865 0.0111715 0.1107287 0.0036401 0.0638929 0.0394329 0.0921658 0.1139618 0.0449885
165 S 165 0.0172098 0.0032035 0.0369990 0.2552017 0.0022201 0.0239824 0.0784289 0.3550434 0.0685855 0.0021848 0.0030317 0.0196662 0.0032095 0.0120687 0.0000000 0.0478445 0.0324645 0.0212061 0.0162370 0.0012127
166 G 166 0.0134042 0.0089779 0.0000000 0.0077482 0.0126832 0.0026638 0.0048083 0.9076040 0.0035713 0.0000000 0.0010398 0.0000000 0.0000000 0.0042537 0.0000000 0.0011619 0.0031666 0.0000000 0.0289171 0.0000000
167 G 167 0.0407092 0.0059624 0.0182058 0.0305982 0.0261883 0.0279708 0.1130327 0.6559245 0.0159914 0.0014563 0.0255271 0.0044996 0.0009577 0.0009366 0.0000000 0.0084963 0.0172517 0.0015164 0.0016075 0.0031676
168 I 168 0.1200270 0.0539569 0.0217139 0.0271593 0.0162189 0.0366892 0.1774001 0.0045104 0.0091376 0.0336736 0.3261277 0.0120618 0.0104513 0.0352819 0.0040776 0.0242905 0.0662385 0.0000000 0.0040025 0.0169814
169 L 169 0.0154391 0.0495910 0.0000000 0.0164429 0.0022442 0.0124215 0.0913510 0.0021832 0.0267629 0.0301606 0.5208746 0.0048179 0.0050514 0.1103243 0.0000000 0.0036134 0.0413090 0.0000000 0.0166098 0.0508033
170 R 170 0.0255206 0.2472266 0.0036941 0.0386454 0.0101145 0.0369707 0.0760877 0.0042553 0.0136477 0.0839630 0.1582036 0.0162114 0.0282307 0.0842988 0.0000000 0.0037756 0.0375344 0.0018594 0.0119149 0.1178458
171 I 171 0.0072645 0.0305401 0.0022518 0.0014001 0.0069737 0.0010269 0.0026523 0.0025410 0.0158846 0.1508727 0.2881270 0.0027879 0.0200145 0.1985972 0.0037753 0.0016599 0.0434819 0.0694267 0.1076430 0.0430788
172 F 172 0.0262765 0.0296025 0.0521548 0.0558184 0.0050314 0.0294736 0.0541671 0.0231860 0.0474746 0.0169853 0.0670452 0.0152390 0.0272122 0.1918733 0.0074587 0.0527025 0.0294309 0.0336939 0.2204431 0.0147308
173 P 173 0.0293841 0.0202956 0.0582345 0.2119648 0.0044380 0.0227238 0.0510648 0.0313033 0.0052803 0.0064246 0.0510074 0.0556767 0.0138520 0.0000000 0.3498147 0.0603020 0.0189444 0.0000000 0.0032251 0.0060641
174 E 174 0.0283413 0.0223258 0.0577845 0.2835709 0.0112659 0.0300296 0.1822895 0.0480581 0.0159502 0.0090480 0.0289955 0.0538700 0.0052167 0.0413892 0.0403168 0.0541623 0.0634282 0.0025515 0.0043737 0.0170323
175 G 175 0.0962120 0.0235178 0.0752956 0.1524329 0.0124280 0.0376476 0.0793620 0.1463908 0.0260510 0.0061048 0.0294759 0.0347265 0.0474777 0.0074740 0.0636725 0.0561544 0.0456166 0.0142497 0.0160864 0.0296239
176 K 176 0.0561098 0.0517455 0.0627133 0.0933903 0.0138010 0.0487555 0.0744360 0.0927359 0.0415507 0.0194300 0.0342908 0.1240890 0.0111150 0.0072179 0.0743213 0.0832213 0.0723987 0.0015108 0.0119975 0.0251699
177 A 177 0.0831158 0.0469741 0.1240346 0.1613272 0.0012321 0.0622046 0.1223578 0.0562989 0.0124515 0.0090408 0.0054233 0.0717581 0.0052709 0.0139654 0.0299281 0.0562605 0.1167628 0.0000000 0.0059539 0.0156396
178 Q 178 0.0173730 0.0805707 0.0104426 0.0266248 0.0364838 0.1238977 0.0874969 0.0147785 0.0327472 0.0811916 0.0379267 0.0502850 0.0121199 0.0287513 0.0966414 0.0298834 0.0329195 0.0035527 0.0452980 0.1510155
179 F 179 0.0683191 0.0236063 0.0145627 0.0105375 0.0258137 0.0327308 0.0511283 0.0550796 0.0249429 0.0580929 0.0613162 0.0213455 0.0043171 0.0708965 0.0856561 0.0386686 0.1203385 0.0130882 0.0392906 0.1802688
180 A 180 0.2344523 0.0722536 0.0000000 0.0132452 0.0109439 0.0309307 0.0660023 0.0215318 0.0500733 0.0539586 0.0630952 0.1255446 0.0164922 0.0158572 0.0044587 0.0177341 0.0404360 0.0066491 0.0071193 0.1492218
181 D 181 0.0574731 0.0866769 0.0379619 0.1629890 0.0067423 0.0629498 0.1074633 0.0192730 0.0053444 0.0154355 0.0102057 0.1063843 0.0000000 0.0000000 0.0044337 0.1250451 0.1657167 0.0000000 0.0010380 0.0248670
182 I 182 0.0058649 0.0067549 0.0000000 0.0000000 0.0015668 0.0000000 0.0000000 0.0000000 0.0000000 0.4273723 0.0988662 0.0000000 0.0031634 0.0475776 0.0023273 0.0036073 0.0010580 0.0063075 0.0146727 0.3808611
183 E 183 0.1346018 0.0520720 0.0127011 0.0225332 0.0060810 0.0680198 0.1887865 0.0013565 0.0228432 0.0210165 0.0744735 0.0653229 0.0158856 0.0161860 0.0918180 0.0481717 0.0366423 0.0044648 0.0206121 0.0964114
184 P 184 0.0181452 0.0021718 0.0019350 0.0000000 0.0032688 0.0017036 0.0000000 0.0000000 0.0000000 0.0115348 0.0174165 0.0000000 0.0025643 0.0000000 0.9082248 0.0200192 0.0052832 0.0000000 0.0027466 0.0049862
185 K 185 0.0804592 0.1427332 0.0111798 0.0097246 0.0030237 0.0775564 0.0787718 0.0148295 0.0074295 0.0628558 0.1349874 0.1909534 0.0078184 0.0073141 0.0125818 0.0505872 0.0472442 0.0000000 0.0008774 0.0590726
186 F 186 0.1357135 0.0475794 0.0441834 0.0129996 0.0715372 0.0155238 0.0123803 0.0638590 0.0180757 0.0046813 0.0452981 0.0341694 0.0225135 0.2515537 0.0635522 0.0261226 0.0130589 0.0726785 0.0355039 0.0090160
187 D 187 0.0109147 0.0011356 0.3510068 0.1316530 0.0018350 0.0000000 0.0000000 0.4940533 0.0000000 0.0000000 0.0000000 0.0012823 0.0000000 0.0032757 0.0000000 0.0027298 0.0000000 0.0010850 0.0010288 0.0000000
188 R 188 0.0188902 0.5076049 0.0181213 0.0164312 0.0145514 0.0762686 0.0066522 0.0166727 0.0055986 0.0010447 0.0034229 0.0311082 0.0174630 0.0000000 0.0000000 0.1058843 0.1518671 0.0000000 0.0016286 0.0067900
189 L 189 0.0792727 0.0000000 0.0000000 0.0000000 0.0387472 0.0000000 0.0000000 0.0023513 0.0000000 0.0825757 0.5000136 0.0000000 0.1121469 0.0530438 0.0000000 0.0081011 0.0221688 0.0017960 0.0000000 0.0997830
