  108         A         R         N         D         C         Q         E         G         H         I         L         K         M         F         P         S         T         W         Y         V         X    
  1 G   1 0.0000000 0.0000000 0.0000000 0.0000000 0.0000000 0.0000000 0.0000000 0.0684840 0.0000000 0.0000000 0.0000000 0.0000000 0.0000000 0.0000000 0.0000000 0.0000000 0.0000000 0.0000000 0.0000000 0.0000000 0.9315160
  2 G   2 0.0530494 0.0000000 0.0000000 0.0000000 0.0000000 0.0000000 0.0000000 0.3527814 0.0000000 0.0000000 0.0000000 0.0000000 0.0000000 0.0000000 0.0000000 0.0066538 0.0000000 0.0000000 0.0000000 0.0000000 0.5875155
  3 A   3 0.3226923 0.0000000 0.0017035 0.0000000 0.0000000 0.0016332 0.0000000 0.0058071 0.0000000 0.0199109 0.0226745 0.0000000 0.0055509 0.0000000 0.0034488 0.0019912 0.0097565 0.0000000 0.0032188 0.0197963 0.5818160
  4 M   4 0.0118088 0.0000000 0.0054316 0.0000000 0.0000000 0.0027100 0.0037422 0.0000000 0.0000000 0.1547668 0.0972652 0.0075756 0.0366674 0.0077184 0.0000000 0.0073004 0.0026868 0.0000000 0.0445638 0.0614144 0.5563485
  5 S   5 0.0070877 0.0000000 0.0043918 0.0037422 0.0000000 0.0000000 0.0000000 0.0000000 0.0000000 0.0051951 0.0386509 0.0024634 0.0027452 0.0038271 0.0000000 0.0565312 0.0164245 0.0000000 0.3096039 0.0075004 0.5418365
  6 E   6 0.0018396 0.0044703 0.0048030 0.0546731 0.0000000 0.0114623 0.0460018 0.0017469 0.0000000 0.0000000 0.3016942 0.0042050 0.0000000 0.0027539 0.0116647 0.0068557 0.0017363 0.0000000 0.0000000 0.0000000 0.5460933
  7 E   7 0.0101987 0.0095162 0.0019575 0.0148675 0.0051865 0.0396783 0.0594276 0.0028621 0.0027025 0.0024612 0.0061789 0.0256445 0.0021601 0.0018943 0.0082245 0.0494372 0.0093287 0.0000000 0.0000000 0.0037422 0.7445315
  8 E   8 0.0048170 0.0047361 0.0061910 0.5360909 0.0000000 0.0041026 0.0454604 0.0045528 0.0000000 0.0000000 0.0129683 0.0082827 0.0057170 0.0034405 0.0000000 0.0135491 0.0191680 0.0031884 0.0000000 0.0027441 0.3249913
  9 Q   9 0.1032979 0.0206123 0.0203022 0.0080820 0.0030726 0.1373786 0.0238485 0.1763569 0.0192067 0.0028340 0.0092996 0.0387589 0.0000000 0.0051772 0.0015802 0.1213491 0.0108553 0.0000000 0.0208137 0.0022903 0.2748841
 10 G  10 0.0711912 0.0037782 0.0423591 0.0336761 0.0000000 0.0074459 0.0205978 0.5128864 0.0000000 0.0031466 0.0017625 0.0127412 0.0000000 0.0000000 0.0110438 0.0195098 0.0032028 0.0000000 0.0018115 0.0043156 0.2505315
 11 S  11 0.0207508 0.0183277 0.0107723 0.0043918 0.0095348 0.0085431 0.0044151 0.0020186 0.0027216 0.0839993 0.1831404 0.0262216 0.0543726 0.1573758 0.0094323 0.0280364 0.0106905 0.0085199 0.0831860 0.0332726 0.2402769
 12 G  12 0.0703428 0.0115820 0.0372081 0.1405576 0.0009732 0.0291308 0.3135991 0.0330368 0.0008807 0.0046426 0.0023934 0.0442056 0.0021763 0.0019166 0.0133907 0.0231409 0.0349160 0.0000000 0.0010546 0.0052233 0.2296288
 13 T  13 0.1879669 0.0274192 0.0227825 0.0039162 0.0083010 0.0168632 0.0366540 0.0125113 0.0029744 0.0342062 0.0243827 0.0431816 0.0021294 0.0328660 0.0479909 0.0593783 0.1193912 0.0023525 0.0029927 0.0859175 0.2258223
 14 T  14 0.2978904 0.0033164 0.0025009 0.0025738 0.0425781 0.0018986 0.0131016 0.0066829 0.0030118 0.0409113 0.0064189 0.0089819 0.0066464 0.0021790 0.0141297 0.0135217 0.0875336 0.0000000 0.0022969 0.2294015 0.2144245
 15 T  15 0.0291607 0.2543729 0.0111135 0.0049211 0.0049809 0.0431839 0.0642980 0.0075961 0.0281942 0.0069481 0.0433890 0.1335758 0.0204824 0.0095821 0.0069032 0.0462196 0.0415984 0.0060456 0.0159212 0.0140621 0.2074512
 16 G  16 0.0815431 0.1115703 0.0468227 0.0630136 0.0055043 0.0599219 0.0897836 0.0331743 0.0168035 0.0065558 0.0098683 0.1121362 0.0010643 0.0000000 0.0429479 0.0709170 0.0310675 0.0024205 0.0053796 0.0075322 0.2019735
 17 C  17 0.0131616 0.0089730 0.0130691 0.0022775 0.0151966 0.0105728 0.0079898 0.0000000 0.0120835 0.0473215 0.1105571 0.0023084 0.0075309 0.3044210 0.0235467 0.0303502 0.0245614 0.0453781 0.0168136 0.1069452 0.1969422
 18 G  18 0.0214530 0.0030118 0.0000000 0.0000000 0.0017864 0.0026172 0.0027786 0.0126542 0.0048926 0.2431530 0.1020519 0.0163755 0.0243802 0.0581825 0.0240404 0.0287620 0.0082329 0.0000000 0.0236522 0.2261368 0.1958390
 19 L  19 0.0488644 0.0359204 0.0157068 0.0498112 0.0066083 0.0340332 0.0827185 0.0121885 0.0403574 0.0523669 0.2336921 0.0260410 0.0197742 0.0193131 0.0104070 0.0181803 0.0453404 0.0015022 0.0093947 0.0462660 0.1915133
 20 P  20 0.0250822 0.1657843 0.0218849 0.0303368 0.0051592 0.0330528 0.0819003 0.0218679 0.0114854 0.0044558 0.0076785 0.1010713 0.0026385 0.0019166 0.2126096 0.0394170 0.0384958 0.0000000 0.0000000 0.0057527 0.1894101
 21 S  21 0.0390195 0.0876751 0.0280309 0.0038983 0.0018609 0.0178708 0.0255715 0.0000000 0.0699183 0.0460366 0.2029970 0.0376549 0.0197572 0.0398806 0.0082967 0.0506469 0.0232313 0.0186842 0.0571480 0.0497798 0.1720414
 22 I  22 0.0247113 0.0038187 0.0000000 0.0018892 0.0000000 0.0042415 0.0017726 0.0000000 0.0000000 0.1873781 0.2371108 0.0068824 0.0304207 0.1051094 0.0068725 0.0044444 0.0151577 0.1015007 0.0170188 0.0900449 0.1616265
 23 E  23 0.0755595 0.0201547 0.0383047 0.1078736 0.0010110 0.0474855 0.2054889 0.0415295 0.0062690 0.0103102 0.0160744 0.0830071 0.0056554 0.0491813 0.0512801 0.0299338 0.0319493 0.0028898 0.0133052 0.0068570 0.1558802
 24 Q  24 0.0445995 0.0437605 0.0490038 0.1088786 0.0012285 0.0474179 0.1384677 0.0200573 0.0138576 0.0036455 0.0143488 0.1220186 0.0036580 0.0048172 0.1220454 0.0829433 0.0370620 0.0000000 0.0013607 0.0052649 0.1355640
 25 M  25 0.0826561 0.0666456 0.0197980 0.0355245 0.0000000 0.0169328 0.0383899 0.0142033 0.0194608 0.1144942 0.1345221 0.0756783 0.0401848 0.0192806 0.0083190 0.0419829 0.0352101 0.0018889 0.0151117 0.0902853 0.1294309
 26 L  26 0.0654670 0.0218983 0.0267441 0.0578536 0.0000000 0.0169623 0.0452058 0.0047740 0.0042722 0.1495764 0.1645016 0.0390632 0.0645692 0.0154029 0.0421124 0.0528582 0.0152194 0.0068651 0.0073134 0.0686883 0.1306524
 27 A  27 0.1536417 0.0282323 0.0300978 0.0938507 0.0000000 0.0196819 0.1012207 0.0140781 0.0063723 0.0127075 0.0425501 0.0464087 0.0243438 0.0110333 0.1135851 0.0983019 0.0647790 0.0011877 0.0014559 0.0179145 0.1185571
 28 A  28 0.0889999 0.0222478 0.1054977 0.0816520 0.0050616 0.0333987 0.0906674 0.1091829 0.0165736 0.0240294 0.0531252 0.0361586 0.0115027 0.0264960 0.0111383 0.0693832 0.0433998 0.0000000 0.0252774 0.0315951 0.1146125
 29 N  29 0.0751324 0.0565368 0.0676336 0.0850307 0.0103756 0.0328916 0.0896347 0.0809012 0.0104997 0.0269330 0.0471228 0.0434913 0.0030810 0.0059886 0.0748177 0.0785302 0.0581410 0.0028258 0.0019533 0.0369311 0.1115482
 30 P  30 0.1071642 0.0215488 0.0363426 0.0478571 0.0056994 0.0596362 0.0628376 0.0235698 0.0625089 0.0337167 0.0640003 0.0668274 0.0093083 0.0130077 0.1221815 0.0617341 0.0523936 0.0068192 0.0191163 0.0233407 0.1003895
 31 G  31 0.0374523 0.0452923 0.0424871 0.0418378 0.0027786 0.0618174 0.0872281 0.1786324 0.0217011 0.0348168 0.0691222 0.0341574 0.0108849 0.0663542 0.0555929 0.0368150 0.0381318 0.0000000 0.0090316 0.0380380 0.0878279
 32 K  32 0.0095316 0.1061987 0.0110365 0.0091721 0.0095286 0.0386357 0.0189021 0.0213487 0.0197297 0.0261761 0.0706374 0.4153900 0.0552326 0.0166674 0.0000000 0.0102282 0.0114632 0.0000000 0.0207966 0.0386609 0.0906639
 33 T  33 0.0000000 0.0000000 0.2476345 0.5817305 0.0000000 0.0000000 0.0024953 0.0000000 0.0189795 0.0000000 0.0000000 0.0000000 0.0000000 0.0023495 0.0033706 0.0389350 0.0844202 0.0000000 0.0000000 0.0000000 0.0200849
 34 P  34 0.1207363 0.0000000 0.0071346 0.0049378 0.0000000 0.0000000 0.0132871 0.0021267 0.0199135 0.0000000 0.0000000 0.0011215 0.0000000 0.0694843 0.3774103 0.0398237 0.0030958 0.0562588 0.2611101 0.0034745 0.0200849
 35 I  35 0.0023096 0.0000000 0.0000000 0.0000000 0.0000000 0.0000000 0.0000000 0.0000000 0.0000000 0.1347351 0.0045981 0.6746204 0.0212712 0.0000000 0.0000000 0.0000000 0.0070029 0.0000000 0.0000000 0.1353778 0.0200849
 36 S  36 0.0128599 0.0000000 0.0059816 0.0067586 0.0238351 0.0138649 0.0000000 0.0838991 0.0000000 0.0000000 0.0000000 0.0000000 0.0082575 0.0000000 0.0000000 0.3102850 0.5068458 0.0000000 0.0000000 0.0073275 0.0200849
 37 L  37 0.1138743 0.1489829 0.0087288 0.0100350 0.0050365 0.0904707 0.0623305 0.0465930 0.0070748 0.0735905 0.1459737 0.0558309 0.0278863 0.0028734 0.0000000 0.0704885 0.0502334 0.0054415 0.0104073 0.0440632 0.0200849
 38 L  38 0.0000000 0.0000000 0.0000000 0.0000000 0.0024049 0.0000000 0.0000000 0.0000000 0.0000000 0.0062613 0.9024799 0.0000000 0.0018018 0.0219343 0.0000000 0.0000000 0.0000000 0.0000000 0.0000000 0.0450329 0.0200849
 39 Q  39 0.0000000 0.0000000 0.0591449 0.0000000 0.0000000 0.7470677 0.0000000 0.0048967 0.0245991 0.0310728 0.0602491 0.0075216 0.0249130 0.0076891 0.0000000 0.0000000 0.0049319 0.0000000 0.0057754 0.0020538 0.0200849
 40 E  40 0.0000000 0.0011523 0.0053771 0.0175126 0.0000000 0.0248102 0.8925734 0.0056880 0.0041597 0.0108894 0.0000000 0.0097956 0.0000000 0.0000000 0.0000000 0.0028883 0.0033695 0.0000000 0.0000000 0.0016989 0.0200849
 41 Y  41 0.0113887 0.0098508 0.0020125 0.0010509 0.0151695 0.0148936 0.0032757 0.0000000 0.0231989 0.0835554 0.2757657 0.0141057 0.0372990 0.0784072 0.0000000 0.0038357 0.0057983 0.1469805 0.2192536 0.0340732 0.0200849
 42 G  42 0.2306157 0.0000000 0.0024181 0.0000000 0.0910927 0.0316118 0.0030040 0.0394780 0.0000000 0.0426661 0.2094505 0.0000000 0.0291239 0.0036891 0.0025659 0.0574641 0.0918498 0.0000000 0.0051793 0.1310150 0.0287758
 43 T  43 0.1084633 0.0487130 0.0049833 0.0025239 0.0000000 0.6275980 0.0037964 0.0011768 0.0391146 0.0129846 0.0253738 0.0034488 0.0258102 0.0000000 0.0000000 0.0215802 0.0269348 0.0000000 0.0000000 0.0187225 0.0287758
 44 R  44 0.1202134 0.1994778 0.0000000 0.0035245 0.0012128 0.0403417 0.0399366 0.0717536 0.0244368 0.0089384 0.0042633 0.3099456 0.0045406 0.0203812 0.0000000 0.0897233 0.0083194 0.0000000 0.0196058 0.0071733 0.0262119
 45 I  45 0.0165504 0.2053724 0.1289747 0.0400428 0.0033001 0.0752267 0.0429529 0.0172467 0.0930168 0.0198292 0.0806889 0.1113348 0.0144252 0.0298841 0.0009378 0.0342284 0.0338850 0.0014383 0.0161798 0.0077311 0.0267539
 46 G  46 0.0083030 0.0798487 0.0553206 0.0167466 0.0040533 0.0279173 0.0273109 0.3848957 0.0358419 0.0020485 0.0309025 0.1965063 0.0060827 0.0129125 0.0000000 0.0522041 0.0035703 0.0319095 0.0056711 0.0000000 0.0179544
 47 K  47 0.0371308 0.0422658 0.0359591 0.0186739 0.0095700 0.0377007 0.0626207 0.0158077 0.0117945 0.0716749 0.1898528 0.0994068 0.0445295 0.0289141 0.1201003 0.0422002 0.0241276 0.0118888 0.0088528 0.0689745 0.0179544
 48 T  48 0.0778891 0.0235600 0.0207782 0.0233090 0.0049095 0.0510565 0.0688407 0.0197673 0.0113007 0.0264256 0.1882449 0.0238143 0.0176474 0.0000000 0.1314240 0.0582586 0.1538153 0.0000000 0.0050794 0.0751845 0.0186949
 49 P  49 0.0339682 0.0000000 0.0000000 0.0000000 0.0385705 0.0021358 0.0000000 0.0000000 0.0191533 0.1180824 0.0516096 0.0017696 0.0000000 0.0020485 0.6262028 0.0000000 0.0000000 0.0000000 0.0037782 0.0821629 0.0205183
 50 V  50 0.0240026 0.0600803 0.0303842 0.0561036 0.0049738 0.0647331 0.2498271 0.0098846 0.0283751 0.0650196 0.0198725 0.0554109 0.0048091 0.0013779 0.0091837 0.0848277 0.0908236 0.0018024 0.0011148 0.1176156 0.0197778
 51 Y  51 0.0030232 0.0000000 0.0000000 0.0000000 0.0000000 0.0000000 0.0000000 0.0000000 0.0000000 0.0050077 0.0000000 0.0000000 0.0000000 0.1315848 0.0000000 0.0000000 0.0000000 0.0000000 0.8424299 0.0000000 0.0179544
 52 D  52 0.0255098 0.1630083 0.0350153 0.0425505 0.0033481 0.0503373 0.2595264 0.0008620 0.0228806 0.0290028 0.0213975 0.1222055 0.0034964 0.0060277 0.0012237 0.0290641 0.0830301 0.0012649 0.0107757 0.0624422 0.0270311
 53 L  53 0.0064704 0.0015727 0.0055512 0.0053348 0.0105639 0.0133164 0.0339058 0.0000000 0.0000000 0.1060076 0.4109499 0.0019747 0.0305647 0.0107040 0.0105827 0.0069292 0.0298710 0.0000000 0.0042904 0.2751469 0.0362636
 54 L  54 0.0225187 0.0019448 0.0044968 0.0070150 0.0132086 0.0072380 0.0435015 0.0041645 0.0038732 0.2331752 0.1900195 0.0141525 0.0115529 0.0013437 0.0000000 0.0077848 0.1012875 0.0000000 0.0075652 0.3080753 0.0170823
 55 K  55 0.0737795 0.0555917 0.0528155 0.1332598 0.0044963 0.0575755 0.1502854 0.0839827 0.0189601 0.0000000 0.0074365 0.1100812 0.0025302 0.0055828 0.0078105 0.1800341 0.0316357 0.0000000 0.0012543 0.0041571 0.0187312
 56 A  56 0.0463785 0.0932299 0.0082648 0.0330272 0.0041123 0.1207670 0.3728495 0.0050973 0.0058123 0.0678775 0.0015819 0.0337070 0.0078892 0.0056128 0.0000000 0.0433611 0.0623915 0.0000000 0.0081618 0.0512974 0.0285808
 57 E  57 0.0172354 0.0529504 0.0176073 0.0373348 0.0126998 0.0467353 0.2133801 0.0218597 0.0191994 0.0195887 0.0130964 0.0775172 0.0033852 0.0123000 0.0037345 0.2560518 0.1217798 0.0010057 0.0128223 0.0210394 0.0186767
 58 G  58 0.0000000 0.0037288 0.0028678 0.0101065 0.0000000 0.0053466 0.0016825 0.9270081 0.0000000 0.0035151 0.0061051 0.0113515 0.0014527 0.0000000 0.0025629 0.0000000 0.0048488 0.0000000 0.0000000 0.0040936 0.0153299
 59 Q  59 0.0475314 0.0105112 0.0156500 0.0229324 0.0000000 0.0446604 0.0746616 0.0115925 0.0050281 0.0013104 0.0270396 0.0204195 0.0051728 0.0039555 0.6736710 0.0068742 0.0083696 0.0000000 0.0000000 0.0095962 0.0110238
 60 A  60 0.2436173 0.0089154 0.0045671 0.3037225 0.0011841 0.0086253 0.0879897 0.0082494 0.0183456 0.0126257 0.0000000 0.0027289 0.0000000 0.0021661 0.1923136 0.0712540 0.0123613 0.0000000 0.0000000 0.0171577 0.0041764
 61 H  61 0.0023866 0.0160702 0.0367455 0.0000000 0.0000000 0.0050054 0.0000000 0.0163461 0.8821282 0.0026230 0.0000000 0.0000000 0.0000000 0.0000000 0.0105299 0.0013030 0.0050607 0.0025796 0.0091590 0.0030040 0.0070587
 62 Q  62 0.1532554 0.0565615 0.1551663 0.2191758 0.0220594 0.0513665 0.1306513 0.0041676 0.0211006 0.0082466 0.0121184 0.0371035 0.0335400 0.0019799 0.0190848 0.0565312 0.0032113 0.0000000 0.0035478 0.0065614 0.0045709
 63 P  63 0.0136026 0.1588932 0.0101587 0.0026230 0.0025796 0.1284845 0.0037608 0.0000000 0.0000000 0.0000000 0.0050424 0.3776375 0.0000000 0.0015621 0.2648555 0.0053437 0.0042762 0.0000000 0.0031251 0.0060050 0.0120499
 64 N  64 0.0056494 0.1067932 0.0372807 0.0016841 0.0095285 0.0532749 0.1532492 0.0000000 0.0200683 0.0826796 0.0541135 0.0743842 0.0316739 0.0072891 0.0000000 0.0392436 0.2096798 0.0043236 0.0046764 0.1025530 0.0018551
 65 F  65 0.0000000 0.0000000 0.0000000 0.0000000 0.0000000 0.0000000 0.0000000 0.0000000 0.0000000 0.0058129 0.0000000 0.0000000 0.0036872 0.9524928 0.0000000 0.0000000 0.0000000 0.0000000 0.0380071 0.0000000 0.0000000
 66 T  66 0.0057584 0.0540985 0.0082479 0.0095160 0.0031869 0.0275466 0.1085899 0.0000000 0.0324352 0.0467719 0.0245271 0.0652481 0.0138156 0.0274790 0.0000000 0.0318550 0.3424054 0.0184334 0.0315555 0.1485294 0.0000000
 67 F  67 0.1170162 0.0000000 0.0000000 0.0000000 0.0208853 0.0000000 0.0000000 0.0000000 0.0000000 0.1420269 0.0026119 0.0000000 0.0972534 0.0629081 0.0000000 0.0359503 0.0624969 0.0000000 0.0939092 0.3649418 0.0000000
 68 R  68 0.1052273 0.1246438 0.0287913 0.0103758 0.0290447 0.1217380 0.2591711 0.0250695 0.0093698 0.0140601 0.0136511 0.0482080 0.0027385 0.0013908 0.0000000 0.0881985 0.0763172 0.0016702 0.0045041 0.0358302 0.0000000
 69 V  69 0.1052540 0.0000000 0.0000000 0.0000000 0.2205323 0.0000000 0.0000000 0.0000000 0.0000000 0.0163435 0.0915138 0.0000000 0.0000000 0.0000000 0.0000000 0.0018361 0.0021900 0.0000000 0.0000000 0.5623303 0.0000000
 70 T  70 0.0350946 0.0976519 0.0134471 0.0183018 0.0081825 0.0336038 0.0383839 0.0018024 0.0195344 0.0573865 0.0648501 0.1445246 0.0167387 0.0391710 0.0000000 0.1373962 0.1331773 0.0169849 0.0517850 0.0719831 0.0000000
 71 V  71 0.0430513 0.0000000 0.0014819 0.0044496 0.0283563 0.0000000 0.0021918 0.0000000 0.0016014 0.2598262 0.2004968 0.0000000 0.0191167 0.0174698 0.0009998 0.0063603 0.0022722 0.0084300 0.0111765 0.3927195 0.0000000
 72 G  72 0.0416838 0.0100015 0.1732407 0.1373363 0.0033503 0.0237432 0.1022255 0.3261417 0.0135584 0.0023455 0.0153938 0.0440230 0.0030626 0.0023677 0.0345181 0.0510655 0.0094127 0.0034917 0.0020726 0.0009653 0.0000000
 73 D  73 0.0105095 0.0151704 0.1144420 0.2108750 0.0000000 0.0140160 0.1198977 0.3621320 0.0021305 0.0015407 0.0082228 0.0751858 0.0026189 0.0000000 0.0052991 0.0410334 0.0148542 0.0000000 0.0000000 0.0020720 0.0000000
 74 T  74 0.0157561 0.1162856 0.0117909 0.0073408 0.0070296 0.0893951 0.0800443 0.0012118 0.0368037 0.1055303 0.1113424 0.1362411 0.0128694 0.0726854 0.0024022 0.0122253 0.0247701 0.0034917 0.0335904 0.1182334 0.0009603
 75 S  75 0.0244310 0.0470590 0.0208408 0.0080408 0.0037721 0.0275514 0.1109050 0.0023865 0.0057581 0.0904736 0.0750412 0.0510349 0.0209011 0.0352581 0.0327847 0.0838613 0.1281009 0.0318424 0.0971495 0.1028074 0.0000000
 76 C  76 0.2078696 0.0050017 0.0000000 0.0039695 0.0246377 0.0092081 0.0597347 0.3262129 0.0046017 0.0201417 0.0080820 0.0011358 0.0011847 0.1329413 0.0388750 0.0348195 0.0520644 0.0062081 0.0310108 0.0323009 0.0000000
 77 T  77 0.0120022 0.0869693 0.0111995 0.0160083 0.0018290 0.0578607 0.1680502 0.0060007 0.0187739 0.0882995 0.0165571 0.0520056 0.0193580 0.0134478 0.0710145 0.0948281 0.1697295 0.0016414 0.0147262 0.0787206 0.0009779
 78 G  78 0.2068266 0.0000000 0.0000000 0.0000000 0.0064876 0.0017006 0.0028480 0.7520376 0.0000000 0.0000000 0.0019742 0.0000000 0.0017929 0.0000000 0.0000000 0.0084184 0.0000000 0.0000000 0.0000000 0.0179142 0.0000000
 79 Q  79 0.0336025 0.0342087 0.0067722 0.0167228 0.0112283 0.0667499 0.1833442 0.0064792 0.0097593 0.0658746 0.0132668 0.0810328 0.0173326 0.0108784 0.0008982 0.1247218 0.1826608 0.0171214 0.0140729 0.1032725 0.0000000
 80 G  80 0.1479277 0.0000000 0.0014949 0.0062561 0.0000000 0.0016867 0.0048838 0.8185031 0.0000000 0.0000000 0.0000000 0.0000000 0.0000000 0.0000000 0.0000000 0.0128694 0.0028480 0.0000000 0.0000000 0.0000000 0.0035302
 81 P  81 0.0315294 0.2141237 0.0652876 0.0025575 0.0040186 0.0078732 0.0018378 0.0640507 0.0546646 0.0016415 0.0054548 0.1919741 0.0018794 0.0126037 0.0873121 0.1339420 0.0877761 0.0000000 0.0232023 0.0032372 0.0050338
 82 S  82 0.0039981 0.0101947 0.1126851 0.0000000 0.0074212 0.0000000 0.0000000 0.0165065 0.0000000 0.0000000 0.0000000 0.0098090 0.0000000 0.0000000 0.0000000 0.6819577 0.1517836 0.0000000 0.0000000 0.0000000 0.0056440
 83 K  83 0.0050031 0.1645827 0.0000000 0.0000000 0.0029168 0.0000000 0.0000000 0.0000000 0.0000000 0.0317422 0.0054261 0.7559970 0.0015136 0.0000000 0.0000000 0.0015688 0.0016974 0.0000000 0.0000000 0.0065648 0.0229876
 84 K  84 0.0000000 0.1874506 0.0000000 0.0000000 0.0000000 0.0458770 0.0000000 0.0019698 0.0027539 0.0000000 0.0000000 0.7315539 0.0024225 0.0000000 0.0000000 0.0000000 0.0000000 0.0000000 0.0000000 0.0000000 0.0279723
 85 A  85 0.0876812 0.0289575 0.0118918 0.0435098 0.0014249 0.0968507 0.2939527 0.0089730 0.0128612 0.0543744 0.0907828 0.1093699 0.0146542 0.0059443 0.0000000 0.0346780 0.0145679 0.0000000 0.0020225 0.0567907 0.0307124
 86 A  86 0.8676256 0.0000000 0.0000000 0.0000000 0.0000000 0.0000000 0.0000000 0.0332718 0.0000000 0.0027075 0.0000000 0.0000000 0.0000000 0.0000000 0.0000000 0.0650153 0.0000000 0.0000000 0.0000000 0.0000000 0.0313798
 87 K  87 0.0078653 0.0265252 0.0000000 0.0000000 0.0000000 0.0608753 0.6083241 0.0015369 0.0038231 0.0000000 0.0000000 0.2511741 0.0000000 0.0000000 0.0000000 0.0054998 0.0018889 0.0000000 0.0000000 0.0000000 0.0324872
 88 H  88 0.0078397 0.0727630 0.0046591 0.0000000 0.0000000 0.6502391 0.0025809 0.0014526 0.0948206 0.0064926 0.0105924 0.0634246 0.0212827 0.0000000 0.0000000 0.0136979 0.0187750 0.0000000 0.0000000 0.0000000 0.0313798
 89 K  89 0.1140058 0.0685592 0.1602372 0.0607786 0.0034944 0.0979462 0.1253641 0.0018633 0.0468308 0.0172021 0.0659140 0.0755772 0.0459119 0.0009216 0.0000000 0.0390429 0.0095927 0.0000000 0.0017378 0.0275861 0.0374342
 90 A  90 0.9199139 0.0000000 0.0000000 0.0000000 0.0103136 0.0000000 0.0000000 0.0052356 0.0000000 0.0000000 0.0000000 0.0000000 0.0000000 0.0000000 0.0000000 0.0121998 0.0027441 0.0000000 0.0000000 0.0077931 0.0417999
 91 A  91 0.9524424 0.0000000 0.0000000 0.0000000 0.0000000 0.0000000 0.0000000 0.0000000 0.0000000 0.0000000 0.0000000 0.0000000 0.0000000 0.0000000 0.0000000 0.0057577 0.0000000 0.0000000 0.0000000 0.0000000 0.0417999
 92 E  92 0.0747267 0.1212176 0.0090229 0.0259449 0.0043533 0.1098758 0.1916233 0.0168562 0.0185271 0.0078377 0.0269411 0.2129453 0.0199639 0.0036376 0.0000000 0.0443392 0.0268265 0.0014616 0.0415236 0.0000000 0.0423756
 93 V  93 0.1508586 0.0424041 0.0790524 0.0470031 0.0054401 0.0747209 0.1074081 0.0075045 0.0219751 0.0364646 0.0759942 0.1931858 0.0237402 0.0092564 0.0000000 0.0314484 0.0163450 0.0000000 0.0045396 0.0282517 0.0444072
 94 A  94 0.5757565 0.0000000 0.0000000 0.0000000 0.0071377 0.0000000 0.0000000 0.0107942 0.0000000 0.0257367 0.0794664 0.0000000 0.1455714 0.0187174 0.0000000 0.0080272 0.0314285 0.0000000 0.0018891 0.0498474 0.0456276
 95 L  95 0.0000000 0.0000000 0.0000000 0.0000000 0.0128351 0.0000000 0.0000000 0.0000000 0.0000000 0.0873785 0.6154808 0.0000000 0.0439567 0.0220555 0.0000000 0.0012187 0.0039555 0.0675420 0.0516096 0.0411201 0.0528476
 96 K  96 0.0676469 0.0915682 0.0340333 0.0694596 0.0028078 0.0822587 0.2560200 0.0090125 0.0060865 0.0240522 0.0389459 0.1414567 0.0081363 0.0044978 0.0000000 0.0448393 0.0361985 0.0000000 0.0013185 0.0120335 0.0696278
 97 H  97 0.0968237 0.0989234 0.0297749 0.0081783 0.0038296 0.0887193 0.0900373 0.0101533 0.0136662 0.0528582 0.0596187 0.2116547 0.0114965 0.0082638 0.0000000 0.0274738 0.0350372 0.0029276 0.0096170 0.0494386 0.0915080
 98 L  98 0.0000000 0.0000000 0.0000000 0.0000000 0.0000000 0.0000000 0.0000000 0.0000000 0.0027781 0.1456510 0.6140022 0.0000000 0.0440754 0.0101338 0.0000000 0.0000000 0.0101817 0.0026899 0.0026665 0.0138916 0.1539299
 99 K  99 0.0166547 0.0757650 0.0177253 0.0177750 0.0047567 0.0815986 0.1029954 0.0334266 0.0382790 0.0381513 0.0315859 0.1682376 0.0161172 0.0098269 0.0015407 0.0320761 0.0258547 0.0000000 0.0026683 0.0077848 0.2771803
100 G 100 0.0805211 0.0462292 0.0906283 0.0447592 0.0000000 0.0195078 0.0699670 0.1014882 0.0078942 0.0000000 0.0012632 0.1294884 0.0021666 0.0017897 0.0017984 0.0388547 0.0041440 0.0000000 0.0103991 0.0061889 0.3429118
101 G 101 0.0222690 0.0275284 0.0547175 0.0537186 0.0016157 0.0252043 0.1581549 0.0329520 0.0075659 0.0064308 0.0468595 0.0650398 0.0050056 0.0000000 0.0000000 0.0329093 0.0197680 0.0000000 0.0000000 0.0077377 0.4325228
102 S 102 0.0598758 0.0076357 0.0563619 0.0165813 0.0000000 0.0123217 0.0180181 0.0420783 0.0185405 0.0030040 0.0126588 0.0035835 0.0000000 0.0039822 0.0932273 0.0604998 0.0264010 0.0000000 0.0072848 0.0037761 0.5541690
103 M 103 0.0267998 0.0063259 0.0055005 0.0022905 0.0000000 0.0055469 0.0143071 0.0029566 0.0027048 0.0276984 0.0501769 0.0186661 0.0055047 0.0014608 0.0763810 0.0303856 0.0098993 0.0000000 0.0023866 0.0261680 0.6848405
104 L 104 0.0169914 0.0034534 0.0128325 0.0080638 0.0000000 0.0117541 0.0068401 0.0000000 0.0011974 0.0176229 0.0661776 0.0130367 0.0055062 0.0121531 0.0605353 0.0050315 0.0135119 0.0013006 0.0000000 0.0172258 0.7267655
105 E 105 0.0091238 0.0067251 0.0000000 0.0100425 0.0000000 0.0264397 0.0345118 0.0000000 0.0056932 0.0034917 0.0164306 0.0528265 0.0000000 0.0024257 0.0075731 0.0180638 0.0215662 0.0000000 0.0024132 0.0020726 0.7806006
106 P 106 0.0000000 0.0000000 0.0000000 0.0255551 0.0000000 0.0077423 0.0194320 0.0000000 0.0000000 0.0000000 0.0000000 0.0070555 0.0000000 0.0000000 0.0973075 0.0000000 0.0085030 0.0000000 0.0000000 0.0000000 0.8344046
107 A 107 0.0437313 0.0022255 0.0021597 0.0142074 0.0000000 0.0215989 0.0212139 0.0049115 0.0022905 0.0000000 0.0000000 0.0000000 0.0000000 0.0000000 0.0000000 0.0249968 0.0020019 0.0000000 0.0000000 0.0000000 0.8606628
108 L 108 0.0000000 0.0000000 0.0000000 0.0000000 0.0000000 0.0000000 0.0000000 0.0000000 0.0000000 0.0135451 0.0254349 0.0000000 0.0057196 0.0000000 0.0000000 0.0000000 0.0000000 0.0000000 0.0000000 0.0151001 0.9402003
