  108         A         R         N         D         C         Q         E         G         H         I         L         K         M         F         P         S         T         W         Y         V    
  1 G   1 0.0000000 0.0000000 0.0000000 0.0000000 0.0000000 0.0000000 0.0000000 1.0000000 0.0000000 0.0000000 0.0000000 0.0000000 0.0000000 0.0000000 0.0000000 0.0000000 0.0000000 0.0000000 0.0000000 0.0000000
  2 G   2 0.1366046 0.0000000 0.0000000 0.0000000 0.0000000 0.0000000 0.0000000 0.8452403 0.0000000 0.0000000 0.0000000 0.0000000 0.0000000 0.0000000 0.0000000 0.0181551 0.0000000 0.0000000 0.0000000 0.0000000
  3 A   3 0.7600040 0.0000000 0.0043254 0.0000000 0.0000000 0.0041733 0.0000000 0.0149757 0.0000000 0.0512575 0.0549522 0.0000000 0.0134424 0.0000000 0.0088076 0.0050586 0.0244980 0.0000000 0.0082120 0.0502933
  4 M   4 0.0261617 0.0000000 0.0130831 0.0000000 0.0000000 0.0062996 0.0088234 0.0000000 0.0000000 0.3450653 0.2156521 0.0185204 0.0785356 0.0189282 0.0000000 0.0172880 0.0061060 0.0000000 0.1068865 0.1386502
  5 S   5 0.0147204 0.0000000 0.0077575 0.0085461 0.0000000 0.0000000 0.0000000 0.0000000 0.0000000 0.0122845 0.0902842 0.0058477 0.0064854 0.0082015 0.0000000 0.1236001 0.0365492 0.0000000 0.6683571 0.0173664
  6 E   6 0.0043063 0.0096552 0.0108349 0.1261363 0.0000000 0.0260338 0.0995304 0.0039147 0.0000000 0.0000000 0.6573867 0.0102971 0.0000000 0.0064528 0.0259197 0.0154361 0.0040959 0.0000000 0.0000000 0.0000000
  7 E   7 0.0397189 0.0378587 0.0075999 0.0558273 0.0207089 0.1526990 0.2237026 0.0115556 0.0107697 0.0095740 0.0248637 0.1042562 0.0084683 0.0074139 0.0323057 0.1987785 0.0386176 0.0000000 0.0000000 0.0152817
  8 E   8 0.0073686 0.0071227 0.0095367 0.7960272 0.0000000 0.0062184 0.0657170 0.0073101 0.0000000 0.0000000 0.0198494 0.0118248 0.0088128 0.0055032 0.0000000 0.0186888 0.0268369 0.0048140 0.0000000 0.0043695
  9 Q   9 0.1430223 0.0290179 0.0292841 0.0117262 0.0042631 0.1876696 0.0336887 0.2392973 0.0261450 0.0040665 0.0128996 0.0536137 0.0000000 0.0075440 0.0022495 0.1675461 0.0153653 0.0000000 0.0301109 0.0024903
 10 G  10 0.0963691 0.0052450 0.0580819 0.0427541 0.0000000 0.0094988 0.0282372 0.6809571 0.0000000 0.0043051 0.0023893 0.0177904 0.0000000 0.0000000 0.0152831 0.0259886 0.0043040 0.0000000 0.0024668 0.0063295
 11 S  11 0.0283349 0.0244696 0.0143425 0.0047294 0.0124129 0.0120835 0.0060761 0.0026352 0.0035978 0.1117720 0.2376509 0.0351163 0.0710920 0.2072883 0.0128229 0.0361919 0.0144675 0.0113450 0.1097582 0.0438131
 12 G  12 0.0918714 0.0153245 0.0479377 0.1831952 0.0012665 0.0383220 0.4072223 0.0393557 0.0011507 0.0061223 0.0031191 0.0582368 0.0028699 0.0025179 0.0177831 0.0295145 0.0460365 0.0000000 0.0013692 0.0067847
 13 T  13 0.2415315 0.0355178 0.0292082 0.0052006 0.0108434 0.0218680 0.0483540 0.0156977 0.0033400 0.0445678 0.0317776 0.0560744 0.0027567 0.0436748 0.0613420 0.0766038 0.1542675 0.0025561 0.0037862 0.1110315
 14 T  14 0.3779982 0.0040152 0.0032974 0.0034780 0.0543882 0.0019140 0.0166867 0.0089807 0.0037088 0.0522942 0.0087138 0.0105556 0.0087930 0.0025177 0.0185600 0.0172762 0.1106125 0.0000000 0.0029577 0.2932522
 15 T  15 0.0351714 0.3167132 0.0143529 0.0062387 0.0066625 0.0552835 0.0810969 0.0097613 0.0363984 0.0087547 0.0567776 0.1705395 0.0267331 0.0122128 0.0090376 0.0582301 0.0510532 0.0078192 0.0191290 0.0180344
 16 G  16 0.1009035 0.1413865 0.0590061 0.0793044 0.0069522 0.0744541 0.1119721 0.0400706 0.0220608 0.0084217 0.0122836 0.1404899 0.0012489 0.0000000 0.0537095 0.0897285 0.0389814 0.0031722 0.0069335 0.0089205
 17 C  17 0.0166787 0.0113281 0.0170146 0.0029063 0.0164441 0.0134960 0.0102643 0.0000000 0.0154119 0.0596675 0.1407754 0.0029064 0.0100493 0.3778012 0.0278898 0.0366582 0.0305720 0.0554288 0.0212103 0.1334970
 18 G  18 0.0269458 0.0036278 0.0000000 0.0000000 0.0022298 0.0033552 0.0035458 0.0126182 0.0067935 0.3024387 0.1273596 0.0213230 0.0312107 0.0752262 0.0296214 0.0354722 0.0102770 0.0000000 0.0292894 0.2786656
 19 L  19 0.0608550 0.0434651 0.0195657 0.0635204 0.0079533 0.0415575 0.1032731 0.0148734 0.0484398 0.0651090 0.2864712 0.0326722 0.0247585 0.0250174 0.0121325 0.0220921 0.0565546 0.0018892 0.0112857 0.0585143
 20 P  20 0.0305383 0.2048457 0.0267317 0.0381723 0.0063977 0.0406658 0.1015089 0.0279244 0.0140914 0.0056261 0.0094644 0.1252204 0.0030344 0.0023976 0.2620085 0.0472043 0.0468337 0.0000000 0.0000000 0.0073344
 21 S  21 0.0458606 0.1061615 0.0329727 0.0048565 0.0022690 0.0215604 0.0312699 0.0000000 0.0838220 0.0565988 0.2478707 0.0475837 0.0246593 0.0483937 0.0100957 0.0559113 0.0279859 0.0224836 0.0696871 0.0599576
 22 I  22 0.0287298 0.0044735 0.0000000 0.0022807 0.0000000 0.0050006 0.0021831 0.0000000 0.0000000 0.2242391 0.2818847 0.0082080 0.0366108 0.1257446 0.0083203 0.0053884 0.0183677 0.1203769 0.0205196 0.1076721
 23 E  23 0.0901763 0.0238741 0.0455706 0.1296578 0.0012128 0.0576193 0.2393615 0.0497661 0.0074832 0.0124527 0.0191401 0.0983551 0.0068487 0.0589129 0.0613413 0.0362997 0.0369477 0.0023746 0.0151386 0.0074668
 24 Q  24 0.0505642 0.0515588 0.0563692 0.1270969 0.0014488 0.0508223 0.1639550 0.0217075 0.0161951 0.0042327 0.0171496 0.1412572 0.0042612 0.0058879 0.1416556 0.0947375 0.0432418 0.0000000 0.0015569 0.0063019
 25 M  25 0.0969470 0.0753223 0.0229128 0.0415961 0.0000000 0.0199973 0.0435724 0.0166168 0.0228260 0.1336057 0.1532170 0.0851128 0.0425799 0.0221520 0.0096176 0.0495614 0.0403360 0.0022705 0.0177816 0.1039749
 26 L  26 0.0761642 0.0255028 0.0304080 0.0668279 0.0000000 0.0198915 0.0529124 0.0056401 0.0047826 0.1722281 0.1840820 0.0459463 0.0725588 0.0175851 0.0490132 0.0615011 0.0176420 0.0086823 0.0085905 0.0800412
 27 A  27 0.1709797 0.0330776 0.0348841 0.1060339 0.0000000 0.0213930 0.1165114 0.0144229 0.0072445 0.0147737 0.0486401 0.0514561 0.0285229 0.0133671 0.1302302 0.1134431 0.0721760 0.0013754 0.0016254 0.0198428
 28 A  28 0.0968722 0.0251275 0.1201274 0.0922099 0.0052676 0.0371585 0.1004568 0.1247909 0.0189864 0.0283493 0.0615674 0.0417265 0.0131331 0.0301784 0.0125370 0.0788779 0.0483929 0.0000000 0.0293902 0.0348501
 29 N  29 0.0845477 0.0638767 0.0742319 0.0966958 0.0114136 0.0376056 0.1017907 0.0919702 0.0112965 0.0299497 0.0522808 0.0485795 0.0035194 0.0073699 0.0831519 0.0883352 0.0669956 0.0031420 0.0022297 0.0410178
 30 P  30 0.1203948 0.0234471 0.0405801 0.0547901 0.0066063 0.0647413 0.0715977 0.0269235 0.0688885 0.0377988 0.0723286 0.0738330 0.0107730 0.0151825 0.1297062 0.0688019 0.0581909 0.0077112 0.0217801 0.0259244
 31 G  31 0.0417471 0.0498229 0.0473083 0.0457661 0.0031454 0.0681142 0.0961983 0.1943762 0.0246928 0.0387915 0.0747987 0.0381249 0.0107675 0.0746165 0.0581148 0.0383279 0.0432358 0.0000000 0.0100100 0.0420411
 32 K  32 0.0106914 0.1174030 0.0127920 0.0109127 0.0106699 0.0417462 0.0208470 0.0231212 0.0225945 0.0297250 0.0786407 0.4489378 0.0608199 0.0187589 0.0000000 0.0115098 0.0129365 0.0000000 0.0233442 0.0445492
 33 T  33 0.0000000 0.0000000 0.2506152 0.5989558 0.0000000 0.0000000 0.0026716 0.0000000 0.0202801 0.0000000 0.0000000 0.0000000 0.0000000 0.0025195 0.0037075 0.0411538 0.0800964 0.0000000 0.0000000 0.0000000
 34 P  34 0.1227206 0.0000000 0.0074466 0.0054832 0.0000000 0.0000000 0.0140931 0.0022662 0.0194770 0.0000000 0.0000000 0.0011725 0.0000000 0.0722743 0.3760702 0.0418949 0.0032722 0.0581966 0.2720043 0.0036284
 35 I  35 0.0024974 0.0000000 0.0000000 0.0000000 0.0000000 0.0000000 0.0000000 0.0000000 0.0000000 0.1340918 0.0044438 0.6976002 0.0217069 0.0000000 0.0000000 0.0000000 0.0074418 0.0000000 0.0000000 0.1322181
 36 S  36 0.0138122 0.0000000 0.0062839 0.0070858 0.0234058 0.0143795 0.0000000 0.0860932 0.0000000 0.0000000 0.0000000 0.0000000 0.0079082 0.0000000 0.0000000 0.3116390 0.5216645 0.0000000 0.0000000 0.0077279
 37 L  37 0.1147952 0.1513059 0.0093807 0.0100793 0.0051599 0.0934547 0.0654619 0.0452711 0.0074305 0.0763184 0.1475289 0.0570853 0.0288464 0.0029039 0.0000000 0.0730609 0.0519505 0.0051326 0.0109984 0.0438357
 38 L  38 0.0000000 0.0000000 0.0000000 0.0000000 0.0026296 0.0000000 0.0000000 0.0000000 0.0000000 0.0065906 0.9193751 0.0000000 0.0020471 0.0231189 0.0000000 0.0000000 0.0000000 0.0000000 0.0000000 0.0462388
 39 Q  39 0.0000000 0.0000000 0.0591490 0.0000000 0.0000000 0.7622546 0.0000000 0.0051676 0.0251786 0.0328631 0.0619133 0.0083831 0.0243899 0.0078698 0.0000000 0.0000000 0.0052165 0.0000000 0.0063371 0.0012775
 40 E  40 0.0000000 0.0012241 0.0057705 0.0181893 0.0000000 0.0246450 0.9101604 0.0061126 0.0043166 0.0107334 0.0000000 0.0108048 0.0000000 0.0000000 0.0000000 0.0027110 0.0035346 0.0000000 0.0000000 0.0017978
 41 Y  41 0.0124243 0.0100320 0.0020852 0.0010802 0.0156576 0.0147303 0.0033718 0.0000000 0.0243411 0.0864178 0.2788516 0.0146409 0.0376686 0.0812118 0.0000000 0.0040760 0.0059208 0.1503123 0.2223069 0.0348708
 42 G  42 0.2365857 0.0000000 0.0023422 0.0000000 0.0954548 0.0310956 0.0031514 0.0385205 0.0000000 0.0444520 0.2143968 0.0000000 0.0297817 0.0037534 0.0027074 0.0608559 0.0958570 0.0000000 0.0053813 0.1356645
 43 T  43 0.1125493 0.0502022 0.0056598 0.0026896 0.0000000 0.6483897 0.0045200 0.0012372 0.0405420 0.0131657 0.0257914 0.0039064 0.0254892 0.0000000 0.0000000 0.0209382 0.0251926 0.0000000 0.0000000 0.0197268
 44 R  44 0.1241491 0.2013613 0.0000000 0.0036352 0.0011980 0.0413111 0.0419540 0.0742969 0.0242808 0.0098007 0.0045240 0.3195146 0.0048101 0.0197242 0.0000000 0.0936609 0.0090652 0.0000000 0.0192231 0.0074910
 45 I  45 0.0166789 0.2082778 0.1350288 0.0418907 0.0029596 0.0777028 0.0454102 0.0158768 0.0979609 0.0180050 0.0825426 0.1144270 0.0143328 0.0310642 0.0009760 0.0354890 0.0346275 0.0013980 0.0178786 0.0074727
 46 G  46 0.0089624 0.0827005 0.0574849 0.0172477 0.0041153 0.0296663 0.0272697 0.3855604 0.0370025 0.0022875 0.0321940 0.2034800 0.0064540 0.0124529 0.0000000 0.0527016 0.0038647 0.0305959 0.0059597 0.0000000
 47 K  47 0.0375381 0.0419847 0.0373353 0.0186770 0.0102424 0.0360419 0.0637810 0.0164947 0.0121904 0.0710517 0.1974825 0.0988306 0.0473776 0.0296473 0.1226529 0.0431566 0.0244800 0.0122672 0.0086373 0.0701308
 48 T  48 0.0803530 0.0244459 0.0197470 0.0245685 0.0049070 0.0521137 0.0704989 0.0202303 0.0120159 0.0262017 0.1902600 0.0247577 0.0188267 0.0000000 0.1363037 0.0590537 0.1522631 0.0000000 0.0052911 0.0781623
 49 P  49 0.0345549 0.0000000 0.0000000 0.0000000 0.0374464 0.0020757 0.0000000 0.0000000 0.0198339 0.1218590 0.0524588 0.0018857 0.0000000 0.0022914 0.6370313 0.0000000 0.0000000 0.0000000 0.0040702 0.0864928
 50 V  50 0.0241332 0.0627126 0.0307266 0.0572016 0.0052136 0.0653172 0.2545950 0.0102590 0.0288891 0.0681249 0.0206788 0.0543377 0.0051787 0.0014072 0.0100252 0.0883359 0.0940747 0.0018256 0.0011495 0.1158138
 51 Y  51 0.0035275 0.0000000 0.0000000 0.0000000 0.0000000 0.0000000 0.0000000 0.0000000 0.0000000 0.0056013 0.0000000 0.0000000 0.0000000 0.1324306 0.0000000 0.0000000 0.0000000 0.0000000 0.8584406 0.0000000
 52 D  52 0.0267854 0.1658062 0.0357047 0.0382695 0.0035177 0.0532241 0.2669474 0.0009104 0.0241900 0.0307325 0.0204606 0.1274420 0.0036322 0.0062889 0.0012785 0.0307696 0.0850920 0.0013004 0.0118639 0.0657839
 53 L  53 0.0064497 0.0016972 0.0058530 0.0055617 0.0110465 0.0144132 0.0359016 0.0000000 0.0000000 0.1124308 0.4217812 0.0021107 0.0309411 0.0109654 0.0115424 0.0072891 0.0303067 0.0000000 0.0045302 0.2871797
 54 L  54 0.0231819 0.0020391 0.0045698 0.0072960 0.0134934 0.0072585 0.0444466 0.0041509 0.0040704 0.2393858 0.1901333 0.0147506 0.0112699 0.0013231 0.0000000 0.0078329 0.1026281 0.0000000 0.0078935 0.3142759
 55 K  55 0.0764256 0.0581838 0.0528938 0.1358272 0.0044106 0.0549911 0.1544390 0.0839299 0.0187282 0.0000000 0.0076757 0.1120154 0.0025681 0.0058883 0.0079871 0.1853561 0.0330218 0.0000000 0.0012686 0.0043896
 56 A  56 0.0452048 0.0976506 0.0090105 0.0345176 0.0042798 0.1202429 0.3871034 0.0052184 0.0060050 0.0680953 0.0016100 0.0349637 0.0082871 0.0060388 0.0000000 0.0455531 0.0650281 0.0000000 0.0085121 0.0526789
 57 E  57 0.0171461 0.0528737 0.0183304 0.0370903 0.0132565 0.0488479 0.2146494 0.0219470 0.0201158 0.0206692 0.0140006 0.0795623 0.0035822 0.0132489 0.0028059 0.2602499 0.1258565 0.0010400 0.0131912 0.0215362
 58 G  58 0.0000000 0.0039562 0.0029720 0.0109541 0.0000000 0.0048822 0.0016852 0.9405549 0.0000000 0.0035357 0.0065691 0.0117612 0.0014425 0.0000000 0.0027324 0.0000000 0.0048546 0.0000000 0.0000000 0.0040998
 59 Q  59 0.0452310 0.0108343 0.0146484 0.0228165 0.0000000 0.0433358 0.0775223 0.0113326 0.0052958 0.0013552 0.0269209 0.0213252 0.0052918 0.0040436 0.6841597 0.0070981 0.0087774 0.0000000 0.0000000 0.0100114
 60 A  60 0.2445799 0.0082477 0.0047810 0.3139939 0.0012407 0.0084333 0.0919310 0.0084446 0.0190734 0.0122364 0.0000000 0.0028941 0.0000000 0.0022536 0.1900533 0.0678410 0.0114041 0.0000000 0.0000000 0.0125919
 61 H  61 0.0025220 0.0156216 0.0385043 0.0000000 0.0000000 0.0043486 0.0000000 0.0142429 0.8923815 0.0026941 0.0000000 0.0000000 0.0000000 0.0000000 0.0103059 0.0013757 0.0020648 0.0027195 0.0101027 0.0031163
 62 Q  62 0.1561640 0.0557568 0.1613860 0.2233084 0.0227935 0.0496570 0.1266968 0.0043902 0.0213204 0.0080472 0.0123505 0.0386558 0.0355387 0.0020816 0.0103491 0.0579477 0.0033240 0.0000000 0.0036578 0.0065746
 63 P  63 0.0145652 0.1609609 0.0100266 0.0027178 0.0027434 0.1327204 0.0039732 0.0000000 0.0000000 0.0000000 0.0052103 0.3871826 0.0000000 0.0016193 0.2612582 0.0056342 0.0044406 0.0000000 0.0033989 0.0035483
 64 N  64 0.0058170 0.1069623 0.0359019 0.0017434 0.0098499 0.0529454 0.1550242 0.0000000 0.0198837 0.0831903 0.0535502 0.0742829 0.0333695 0.0075130 0.0000000 0.0395169 0.2091447 0.0044943 0.0047979 0.1020123
 65 F  65 0.0000000 0.0000000 0.0000000 0.0000000 0.0000000 0.0000000 0.0000000 0.0000000 0.0000000 0.0059698 0.0000000 0.0000000 0.0038536 0.9526386 0.0000000 0.0000000 0.0000000 0.0000000 0.0375380 0.0000000
 66 T  66 0.0056097 0.0502992 0.0082341 0.0099358 0.0032795 0.0281797 0.1126487 0.0000000 0.0315486 0.0476698 0.0253480 0.0669311 0.0138359 0.0284125 0.0000000 0.0333683 0.3425151 0.0183626 0.0255741 0.1482473
 67 F  67 0.1215330 0.0000000 0.0000000 0.0000000 0.0212850 0.0000000 0.0000000 0.0000000 0.0000000 0.1411937 0.0025566 0.0000000 0.0924382 0.0601590 0.0000000 0.0376459 0.0657429 0.0000000 0.0909951 0.3664504
 68 R  68 0.1071294 0.1203058 0.0298408 0.0107160 0.0298520 0.1164154 0.2637224 0.0260192 0.0096907 0.0114840 0.0151842 0.0498239 0.0028162 0.0014172 0.0000000 0.0853200 0.0771908 0.0016691 0.0046195 0.0367831
 69 V  69 0.1066284 0.0000000 0.0000000 0.0000000 0.2218799 0.0000000 0.0000000 0.0000000 0.0000000 0.0170983 0.0850456 0.0000000 0.0000000 0.0000000 0.0000000 0.0018299 0.0021800 0.0000000 0.0000000 0.5653379
 70 T  70 0.0349824 0.0994604 0.0110291 0.0187521 0.0083748 0.0335220 0.0379851 0.0018166 0.0199549 0.0593174 0.0665249 0.1459882 0.0152646 0.0410082 0.0000000 0.1405980 0.1223120 0.0166685 0.0525287 0.0739122
 71 V  71 0.0438776 0.0000000 0.0014606 0.0046321 0.0285894 0.0000000 0.0022393 0.0000000 0.0015716 0.2610403 0.1967605 0.0000000 0.0188954 0.0181558 0.0010066 0.0065852 0.0021479 0.0088712 0.0103444 0.3938222
 72 G  72 0.0424530 0.0105837 0.1764615 0.1386272 0.0033802 0.0235299 0.1032964 0.3180912 0.0143697 0.0025268 0.0121697 0.0451884 0.0031785 0.0023732 0.0355546 0.0524101 0.0092542 0.0035007 0.0020736 0.0009774
 73 D  73 0.0108569 0.0148398 0.1117409 0.2120470 0.0000000 0.0136198 0.1205176 0.3624742 0.0007964 0.0015835 0.0089968 0.0754615 0.0026547 0.0000000 0.0058432 0.0412275 0.0152666 0.0000000 0.0000000 0.0020735
 74 T  74 0.0162267 0.1101582 0.0119751 0.0080556 0.0071358 0.0879673 0.0817820 0.0012371 0.0380157 0.1083414 0.1111318 0.1391030 0.0132077 0.0728217 0.0024365 0.0086419 0.0234748 0.0035026 0.0341628 0.1206222
 75 S  75 0.0228892 0.0435639 0.0201878 0.0070015 0.0037969 0.0262654 0.1087344 0.0024205 0.0056549 0.0914636 0.0767406 0.0519748 0.0219191 0.0347643 0.0331199 0.0859402 0.1286207 0.0291014 0.1019855 0.1038555
 76 C  76 0.2088883 0.0057465 0.0000000 0.0039891 0.0223129 0.0099729 0.0553049 0.3361541 0.0046434 0.0207347 0.0083649 0.0011430 0.0012098 0.1234593 0.0380120 0.0358869 0.0534649 0.0061422 0.0311875 0.0333825
 77 T  77 0.0123984 0.0894771 0.0097985 0.0172142 0.0019019 0.0587814 0.1721692 0.0061266 0.0165676 0.0860143 0.0173414 0.0532201 0.0181106 0.0102533 0.0701095 0.0946761 0.1726168 0.0017363 0.0152141 0.0762723
 78 G  78 0.2081996 0.0000000 0.0000000 0.0000000 0.0066616 0.0017300 0.0029982 0.7484086 0.0000000 0.0000000 0.0020263 0.0000000 0.0017481 0.0000000 0.0000000 0.0092297 0.0000000 0.0000000 0.0000000 0.0189978
 79 Q  79 0.0339226 0.0349818 0.0069547 0.0169467 0.0115593 0.0673202 0.1757206 0.0066096 0.0093627 0.0668036 0.0135351 0.0799433 0.0178104 0.0108887 0.0008920 0.1265339 0.1848099 0.0178431 0.0149557 0.1026062
 80 G  80 0.1498579 0.0000000 0.0016108 0.0063660 0.0000000 0.0018178 0.0050472 0.8203521 0.0000000 0.0000000 0.0000000 0.0000000 0.0000000 0.0000000 0.0000000 0.0119455 0.0030026 0.0000000 0.0000000 0.0000000
 81 P  81 0.0309717 0.2138051 0.0669556 0.0025729 0.0041748 0.0065818 0.0019288 0.0652604 0.0574742 0.0016908 0.0052335 0.1910408 0.0018840 0.0128453 0.0876253 0.1337936 0.0882729 0.0000000 0.0245716 0.0033168
 82 S  82 0.0041608 0.0109275 0.1133609 0.0000000 0.0074126 0.0000000 0.0000000 0.0176139 0.0000000 0.0000000 0.0000000 0.0100306 0.0000000 0.0000000 0.0000000 0.6889813 0.1475123 0.0000000 0.0000000 0.0000000
 83 K  83 0.0053299 0.1617965 0.0000000 0.0000000 0.0031233 0.0000000 0.0000000 0.0000000 0.0000000 0.0328121 0.0057313 0.7790045 0.0016320 0.0000000 0.0000000 0.0016820 0.0018224 0.0000000 0.0000000 0.0070661
 84 K  84 0.0000000 0.1952161 0.0000000 0.0000000 0.0000000 0.0390736 0.0000000 0.0022380 0.0031001 0.0000000 0.0000000 0.7576927 0.0026796 0.0000000 0.0000000 0.0000000 0.0000000 0.0000000 0.0000000 0.0000000
 85 A  85 0.0883326 0.0304957 0.0130570 0.0457355 0.0014677 0.0982361 0.3099100 0.0093802 0.0134492 0.0556053 0.0855374 0.1149712 0.0146129 0.0061646 0.0000000 0.0370956 0.0151522 0.0000000 0.0021114 0.0586851
 86 A  86 0.8931544 0.0000000 0.0000000 0.0000000 0.0000000 0.0000000 0.0000000 0.0335089 0.0000000 0.0032351 0.0000000 0.0000000 0.0000000 0.0000000 0.0000000 0.0701016 0.0000000 0.0000000 0.0000000 0.0000000
 87 K  87 0.0083790 0.0213795 0.0000000 0.0000000 0.0000000 0.0635400 0.6407757 0.0016893 0.0039644 0.0000000 0.0000000 0.2522925 0.0000000 0.0000000 0.0000000 0.0059149 0.0020647 0.0000000 0.0000000 0.0000000
 88 H  88 0.0080786 0.0701449 0.0050851 0.0000000 0.0000000 0.6814722 0.0027537 0.0015504 0.0886289 0.0068823 0.0109054 0.0675541 0.0223138 0.0000000 0.0000000 0.0143168 0.0203138 0.0000000 0.0000000 0.0000000
 89 K  89 0.1204610 0.0718818 0.1608783 0.0603028 0.0037246 0.1016547 0.1311042 0.0019619 0.0493221 0.0183147 0.0703083 0.0794960 0.0476234 0.0009805 0.0000000 0.0408917 0.0099666 0.0000000 0.0018341 0.0292931
 90 A  90 0.9583973 0.0000000 0.0000000 0.0000000 0.0110152 0.0000000 0.0000000 0.0057799 0.0000000 0.0000000 0.0000000 0.0000000 0.0000000 0.0000000 0.0000000 0.0134324 0.0031247 0.0000000 0.0000000 0.0082506
 91 A  91 0.9924519 0.0000000 0.0000000 0.0000000 0.0000000 0.0000000 0.0000000 0.0000000 0.0000000 0.0000000 0.0000000 0.0000000 0.0000000 0.0000000 0.0000000 0.0075481 0.0000000 0.0000000 0.0000000 0.0000000
 92 E  92 0.0727786 0.1289890 0.0096108 0.0258882 0.0046507 0.1168255 0.2010774 0.0183080 0.0188693 0.0082913 0.0297419 0.2261902 0.0169740 0.0039888 0.0000000 0.0461841 0.0286615 0.0014592 0.0415114 0.0000000
 93 V  93 0.1577572 0.0446957 0.0830515 0.0504579 0.0057854 0.0791292 0.1157015 0.0068498 0.0233734 0.0388859 0.0801782 0.1916044 0.0264249 0.0099274 0.0000000 0.0338717 0.0173122 0.0000000 0.0047904 0.0302033
 94 A  94 0.6010515 0.0000000 0.0000000 0.0000000 0.0077177 0.0000000 0.0000000 0.0116132 0.0000000 0.0277093 0.0848274 0.0000000 0.1486499 0.0202987 0.0000000 0.0090495 0.0337620 0.0000000 0.0020165 0.0533043
 95 L  95 0.0000000 0.0000000 0.0000000 0.0000000 0.0139126 0.0000000 0.0000000 0.0000000 0.0000000 0.0928000 0.6476902 0.0000000 0.0473135 0.0235076 0.0000000 0.0013542 0.0041935 0.0697345 0.0548152 0.0446786
 96 K  96 0.0724852 0.0978657 0.0356782 0.0767997 0.0030842 0.0826990 0.2802471 0.0098559 0.0066611 0.0262350 0.0434995 0.1488002 0.0087147 0.0051756 0.0000000 0.0488431 0.0387644 0.0000000 0.0014709 0.0131203
 97 H  97 0.0998653 0.1100011 0.0321868 0.0092543 0.0042550 0.1001725 0.1008650 0.0111508 0.0149613 0.0589919 0.0663735 0.2374144 0.0128684 0.0099321 0.0000000 0.0307661 0.0363902 0.0033148 0.0108613 0.0503753
 98 L  98 0.0000000 0.0000000 0.0000000 0.0000000 0.0000000 0.0000000 0.0000000 0.0000000 0.0034263 0.1760825 0.7193675 0.0000000 0.0534302 0.0122611 0.0000000 0.0000000 0.0121133 0.0032811 0.0031274 0.0169106
 99 K  99 0.0230081 0.1077815 0.0240126 0.0255387 0.0065366 0.1007082 0.1461330 0.0473601 0.0526434 0.0521014 0.0449832 0.2354398 0.0230953 0.0132839 0.0021576 0.0444528 0.0360370 0.0000000 0.0037294 0.0109975
100 G 100 0.1263150 0.0711863 0.1375669 0.0596681 0.0000000 0.0304244 0.1073974 0.1553328 0.0123308 0.0000000 0.0020116 0.1974449 0.0034352 0.0028223 0.0028290 0.0586259 0.0066464 0.0000000 0.0160000 0.0099632
101 G 101 0.0407088 0.0498226 0.0933885 0.0971794 0.0028283 0.0460173 0.2661188 0.0586156 0.0137471 0.0116218 0.0836251 0.1169359 0.0092053 0.0000000 0.0000000 0.0613360 0.0352218 0.0000000 0.0000000 0.0136276
102 S 102 0.1336136 0.0188585 0.1318089 0.0388005 0.0000000 0.0282432 0.0429699 0.0987371 0.0424819 0.0069386 0.0298374 0.0086372 0.0000000 0.0095807 0.1851246 0.1385769 0.0610450 0.0000000 0.0158799 0.0088660
103 M 103 0.0900789 0.0209338 0.0187661 0.0077884 0.0000000 0.0186344 0.0478964 0.0099161 0.0090155 0.0597057 0.1672995 0.0607057 0.0182039 0.0049625 0.2393540 0.0989826 0.0334729 0.0000000 0.0080046 0.0862790
104 L 104 0.0628471 0.0131473 0.0490085 0.0313733 0.0000000 0.0434694 0.0256452 0.0000000 0.0045788 0.0667222 0.2445510 0.0501790 0.0207681 0.0483757 0.2033119 0.0178566 0.0506488 0.0048290 0.0000000 0.0626880
105 E 105 0.0422817 0.0317038 0.0000000 0.0481022 0.0000000 0.1273527 0.1334698 0.0000000 0.0279845 0.0159237 0.0626808 0.2510325 0.0000000 0.0115528 0.0362043 0.0855244 0.1051855 0.0000000 0.0115692 0.0094322
106 P 106 0.0000000 0.0000000 0.0000000 0.1562106 0.0000000 0.0321866 0.1245600 0.0000000 0.0000000 0.0000000 0.0000000 0.0440359 0.0000000 0.0000000 0.5893395 0.0000000 0.0536674 0.0000000 0.0000000 0.0000000
107 A 107 0.3173598 0.0169503 0.0164806 0.1045592 0.0000000 0.1357903 0.1582917 0.0362622 0.0170573 0.0000000 0.0000000 0.0000000 0.0000000 0.0000000 0.0000000 0.1821091 0.0151395 0.0000000 0.0000000 0.0000000
108 L 108 0.0000000 0.0000000 0.0000000 0.0000000 0.0000000 0.0000000 0.0000000 0.0000000 0.0000000 0.2427964 0.3900249 0.0000000 0.1035585 0.0000000 0.0000000 0.0000000 0.0000000 0.0000000 0.0000000 0.2636201
