   74         A         R         N         D         C         Q         E         G         H         I         L         K         M         F         P         S         T         W         Y         V         X    
  1 G   1 0.0000000 0.0000000 0.0000000 0.0000000 0.0000000 0.0000000 0.0000000 0.1886794 0.0000000 0.0000000 0.0000000 0.0000000 0.0000000 0.0000000 0.0000000 0.0000000 0.0000000 0.0000000 0.0000000 0.0000000 0.8113206
  2 P   2 0.0551079 0.0037682 0.0000000 0.0017875 0.0000000 0.0081475 0.0000000 0.0273495 0.0000000 0.0024467 0.0031937 0.0000000 0.0040701 0.0048554 0.0565923 0.1659822 0.0095212 0.0102426 0.0000000 0.0055112 0.6414239
  3 A   3 0.1399855 0.0000000 0.0149432 0.0467235 0.0000000 0.0041701 0.0693534 0.0423753 0.0023926 0.0000000 0.0114721 0.0068081 0.0123885 0.0078353 0.0114300 0.0623126 0.0159148 0.0000000 0.0000000 0.0878063 0.4640887
  4 S   4 0.0638420 0.0080883 0.1311581 0.0787467 0.0000000 0.0443603 0.0200723 0.0283473 0.0149142 0.0065125 0.0059487 0.0084883 0.0060484 0.0072421 0.0067378 0.0914119 0.0351645 0.0000000 0.0020084 0.0656660 0.3752423
  5 V   5 0.0372163 0.0023510 0.0206093 0.0427358 0.0000000 0.0095312 0.0248160 0.0534826 0.0000000 0.0867092 0.0463701 0.0029694 0.0098664 0.0070771 0.0382758 0.0983477 0.0615260 0.0000000 0.0000000 0.1169139 0.3412020
  6 P   6 0.0962816 0.0000000 0.0531889 0.0251672 0.0000000 0.0075909 0.0271713 0.0334414 0.0025537 0.0036318 0.0024547 0.0115555 0.0082938 0.0022893 0.3209365 0.0579327 0.0179493 0.0000000 0.0041721 0.0194553 0.3059340
  7 T   7 0.0438651 0.0500562 0.0101907 0.0301880 0.0000000 0.0228415 0.0962885 0.0229726 0.0041369 0.0176120 0.0458667 0.0436821 0.0280778 0.0292530 0.0122566 0.1275006 0.1108434 0.0000000 0.0139718 0.0417122 0.2486845
  8 T   8 0.0377494 0.0410851 0.0380178 0.2382930 0.0000000 0.0084423 0.0479288 0.0000000 0.0054027 0.0202619 0.0093167 0.0509809 0.0060473 0.0163121 0.0512438 0.1430311 0.0852750 0.0000000 0.0021832 0.0214322 0.1769969
  9 C   9 0.0000000 0.0000000 0.0000000 0.0000000 0.8249085 0.0000000 0.0000000 0.0000000 0.0054794 0.0144911 0.0000000 0.0000000 0.0000000 0.0091019 0.0000000 0.0033453 0.0043336 0.0000000 0.0000000 0.0073360 0.1310042
 10 C  10 0.0000000 0.0000000 0.0000000 0.0000000 0.9657638 0.0000000 0.0000000 0.0000000 0.0000000 0.0000000 0.0000000 0.0000000 0.0000000 0.0000000 0.0088986 0.0000000 0.0000000 0.0000000 0.0050667 0.0000000 0.0202710
 11 F  11 0.0025897 0.0225483 0.0080931 0.0047743 0.0104478 0.0058645 0.0187956 0.0000000 0.0058367 0.0782918 0.3134475 0.0088178 0.0398819 0.2565573 0.0079613 0.0217705 0.0345825 0.0000000 0.0572414 0.0822270 0.0202710
 12 N  12 0.0605900 0.0944190 0.0742320 0.0234073 0.0000000 0.0506655 0.0544072 0.0574963 0.0074247 0.0031517 0.0089510 0.1792373 0.0119788 0.0042200 0.0000000 0.2675323 0.0702584 0.0000000 0.0051022 0.0036775 0.0232487
 13 L  13 0.0063366 0.0019805 0.0053550 0.0000000 0.0000000 0.0026720 0.0127210 0.0044023 0.0178016 0.0156444 0.0676479 0.0073231 0.0353609 0.1894813 0.0000000 0.0103537 0.1102377 0.0032180 0.3606734 0.1284465 0.0203442
 14 A  14 0.0363500 0.0141279 0.0263459 0.0017175 0.0031790 0.0279736 0.0232059 0.0068238 0.0711051 0.1027035 0.0333965 0.0328311 0.0106222 0.0578332 0.0000000 0.1439636 0.2726964 0.0022085 0.0202518 0.0849596 0.0277049
 15 N  15 0.0297628 0.0826577 0.0902823 0.0519018 0.0000000 0.0682621 0.0617495 0.0123459 0.0367631 0.0052057 0.0100062 0.1076724 0.0080687 0.0000000 0.0448159 0.2204071 0.1242211 0.0000000 0.0030381 0.0069611 0.0358786
 16 R  16 0.0346429 0.2579218 0.0397966 0.0067404 0.0024626 0.0857584 0.0047330 0.0663202 0.0493629 0.0115597 0.0079397 0.2696527 0.0072639 0.0109609 0.0083274 0.0274206 0.0401455 0.0056952 0.0205827 0.0166631 0.0260497
 17 K  17 0.0578528 0.1697849 0.0202622 0.0165888 0.0000000 0.0433136 0.0328121 0.0000000 0.0028105 0.0286093 0.0128616 0.2108699 0.0147082 0.0395797 0.1973845 0.0255740 0.0224416 0.0037682 0.0066802 0.0461238 0.0479742
 18 I  18 0.0000000 0.0151227 0.0060391 0.0000000 0.0000000 0.0000000 0.0000000 0.0058258 0.0000000 0.5536034 0.1936888 0.0097111 0.0193082 0.0294309 0.0149312 0.0040042 0.0128020 0.0040496 0.0067548 0.1090344 0.0156939
 19 P  19 0.0085851 0.0415033 0.0106026 0.0169969 0.0000000 0.0101834 0.0064674 0.0231135 0.0676077 0.0034840 0.0095727 0.0337102 0.0041584 0.0000000 0.6472344 0.0847037 0.0092292 0.0000000 0.0000000 0.0044704 0.0183771
 20 L  20 0.0353319 0.1280451 0.0068358 0.0057048 0.0513870 0.0357379 0.0343236 0.0256825 0.0088824 0.0560223 0.1388496 0.0981583 0.0146669 0.0407389 0.1117004 0.0271311 0.0155579 0.0354952 0.0236896 0.0949859 0.0110727
 21 Q  21 0.0455292 0.1720375 0.1500046 0.0427172 0.0000000 0.0931723 0.0255338 0.0347193 0.0536257 0.0051742 0.0000000 0.2255394 0.0027567 0.0087474 0.0052453 0.0804767 0.0264806 0.0020469 0.0035526 0.0095095 0.0131313
 22 R  22 0.0387026 0.1730853 0.0907299 0.0033276 0.0000000 0.0278563 0.0044460 0.0017744 0.0561615 0.0828500 0.1429938 0.0894664 0.0105508 0.1062416 0.0099425 0.0213497 0.0049175 0.0243177 0.0141978 0.0808117 0.0162770
 23 L  23 0.0135108 0.0000000 0.0000000 0.0000000 0.0000000 0.0030971 0.0052575 0.0000000 0.0030440 0.3915045 0.2122294 0.0000000 0.0179034 0.0100124 0.0000000 0.0000000 0.0071856 0.0000000 0.0082989 0.3168837 0.0110727
 24 E  24 0.0648534 0.0997969 0.0034345 0.0258809 0.0015914 0.0758011 0.0849620 0.0150069 0.0050710 0.0428208 0.0339406 0.2564979 0.0275403 0.0000000 0.0000000 0.0148908 0.0446079 0.0000000 0.0053715 0.1816203 0.0163118
 25 S  25 0.0453171 0.0429620 0.0762308 0.1139644 0.0287442 0.0039412 0.0486484 0.1325358 0.0373774 0.0000000 0.0023749 0.0164143 0.0110072 0.0059259 0.0000000 0.3183449 0.0693413 0.0000000 0.0052236 0.0102542 0.0313923
 26 Y  26 0.0085679 0.0052397 0.0000000 0.0000000 0.0069808 0.0000000 0.0083545 0.0025434 0.0041599 0.0320837 0.0447781 0.0000000 0.0086787 0.0749420 0.0000000 0.0054794 0.0025466 0.0291486 0.6879339 0.0556729 0.0228899
 27 R  27 0.0082697 0.2016988 0.0091499 0.0083880 0.0000000 0.1022406 0.0597152 0.0000000 0.0411295 0.0363474 0.0212276 0.0533642 0.0033814 0.0850037 0.0000000 0.0409559 0.0939247 0.0116229 0.1299525 0.0209904 0.0726377
 28 R  28 0.0047949 0.1380938 0.0173978 0.0015774 0.0000000 0.0419534 0.1609392 0.0014587 0.0180556 0.1319061 0.0852477 0.1019663 0.0260526 0.0118132 0.0000000 0.0071271 0.0086782 0.0043357 0.0558775 0.0699921 0.1127326
 29 I  29 0.0107877 0.0049237 0.0067068 0.0050821 0.0000000 0.3014935 0.0117911 0.0033006 0.0109953 0.1212650 0.0465703 0.0063116 0.0153151 0.0302058 0.0316109 0.0244095 0.0402498 0.0431211 0.0061326 0.0181521 0.2615753
 30 T  30 0.0378460 0.0096563 0.0552736 0.0089447 0.0000000 0.0209382 0.0814879 0.0061158 0.0101083 0.0170113 0.0103603 0.0046801 0.0016731 0.0051967 0.0848515 0.0289574 0.5461481 0.0000000 0.0000000 0.0406045 0.0301462
 31 S  31 0.0563345 0.0513864 0.0608961 0.0602725 0.0000000 0.0280414 0.0453263 0.0416239 0.0319949 0.0367483 0.0018789 0.0398452 0.0020479 0.0000000 0.0315056 0.4570705 0.0385647 0.0000000 0.0032898 0.0037851 0.0093879
 32 G  32 0.0087776 0.0223129 0.0358724 0.0554265 0.0000000 0.0243588 0.0576906 0.2392789 0.0082506 0.0125167 0.0400120 0.0341656 0.0000000 0.0075203 0.0320462 0.3525956 0.0390128 0.0000000 0.0000000 0.0060226 0.0241400
 33 K  33 0.0303408 0.0539085 0.0481591 0.0441700 0.0065506 0.1253366 0.0910987 0.1455365 0.0935855 0.0116300 0.0631890 0.0570391 0.0098773 0.0054744 0.0070334 0.1296771 0.0250616 0.0000000 0.0146122 0.0167900 0.0209297
 34 C  34 0.0000000 0.0054794 0.0000000 0.0000000 0.9036386 0.0000000 0.0000000 0.0286740 0.0040496 0.0000000 0.0000000 0.0000000 0.0000000 0.0037866 0.0350616 0.0000000 0.0000000 0.0000000 0.0000000 0.0059916 0.0133186
 35 P  35 0.0382978 0.0797080 0.0932035 0.0657912 0.0341656 0.0138014 0.0214148 0.0237360 0.0168374 0.0089858 0.0351065 0.0244577 0.0026711 0.0000000 0.2518185 0.2215482 0.0510508 0.0000000 0.0090524 0.0028701 0.0054835
 36 Q  36 0.0000000 0.1007315 0.0861110 0.0071929 0.0000000 0.0854744 0.0178614 0.0016922 0.0133581 0.1894376 0.1214523 0.1763860 0.0507551 0.0089436 0.0042762 0.0094270 0.0241559 0.0074641 0.0093197 0.0859609 0.0000000
 37 K  37 0.0388014 0.0819380 0.0568461 0.0915358 0.0000000 0.0347439 0.0981220 0.0021956 0.0119862 0.0044231 0.0051455 0.1391241 0.0060096 0.0048937 0.3163307 0.0335062 0.0482765 0.0000000 0.0000000 0.0261215 0.0000000
 38 A  38 0.6744934 0.0041825 0.0000000 0.0024007 0.0000000 0.0000000 0.1072440 0.1653938 0.0081561 0.0088986 0.0034795 0.0000000 0.0000000 0.0025276 0.0000000 0.0199297 0.0000000 0.0000000 0.0000000 0.0032941 0.0000000
 39 V  39 0.0053344 0.0000000 0.0038350 0.0000000 0.0000000 0.0000000 0.0041464 0.0000000 0.0000000 0.3284186 0.0228589 0.0000000 0.0082818 0.0211362 0.0000000 0.0000000 0.0383930 0.0000000 0.0044264 0.5631692 0.0000000
 40 I  40 0.0115518 0.0120833 0.0000000 0.0000000 0.0000000 0.0000000 0.0000000 0.0000000 0.0000000 0.6078296 0.0596722 0.0028841 0.0260596 0.0000000 0.0000000 0.0000000 0.0000000 0.0000000 0.0000000 0.2799194 0.0000000
 41 F  41 0.0398866 0.0088986 0.0000000 0.0000000 0.0000000 0.0000000 0.0027143 0.0000000 0.0000000 0.0330347 0.1208711 0.0000000 0.0000000 0.7014277 0.0045182 0.0000000 0.0000000 0.0043276 0.0033730 0.0744843 0.0064638
 42 K  42 0.0069087 0.0417802 0.0191750 0.0000000 0.0027152 0.0322672 0.0333055 0.0150104 0.0733126 0.1324387 0.0829150 0.1196493 0.0063313 0.0163726 0.0000000 0.0178616 0.1967134 0.0263859 0.0463808 0.1170263 0.0134502
 43 T  43 0.0084840 0.0065624 0.0064581 0.0000000 0.0000000 0.0000000 0.0000000 0.0027861 0.0000000 0.0104177 0.1321505 0.0286351 0.0348233 0.0281421 0.0163797 0.0182908 0.6826087 0.0000000 0.0023498 0.0066911 0.0152206
 44 K  44 0.0244640 0.1566593 0.0197398 0.0000000 0.0000000 0.0264491 0.0226955 0.0041288 0.0193001 0.0317305 0.0415818 0.4534093 0.0020429 0.0189953 0.0248865 0.0079379 0.0239015 0.0000000 0.0000000 0.0959043 0.0261733
 45 L  45 0.0392792 0.2596732 0.0889176 0.0234022 0.0000000 0.0431229 0.0193038 0.0198020 0.0087280 0.0026954 0.0454165 0.3355405 0.0162895 0.0015802 0.0129027 0.0380374 0.0145182 0.0000000 0.0057005 0.0026950 0.0223953
 46 A  46 0.0253550 0.0164228 0.1178545 0.0560562 0.0000000 0.0430875 0.0217014 0.5524539 0.0197525 0.0000000 0.0028303 0.0773941 0.0024924 0.0047597 0.0029938 0.0128300 0.0093526 0.0000000 0.0042165 0.0000000 0.0304466
 47 K  47 0.0158495 0.3582114 0.0100415 0.0028954 0.0000000 0.0465324 0.0161972 0.0096758 0.0268263 0.0334560 0.0642984 0.2697883 0.0048382 0.0147108 0.0185690 0.0203424 0.0077867 0.0000000 0.0170538 0.0118333 0.0510935
 48 D  48 0.0261647 0.0742193 0.0129037 0.0257594 0.0000000 0.1686127 0.2002271 0.0044708 0.0238269 0.0183475 0.0367027 0.1681017 0.0208670 0.0270167 0.0136860 0.0498442 0.0461964 0.0041721 0.0095584 0.0275414 0.0417812
 49 I  49 0.0414017 0.0000000 0.0000000 0.0039412 0.0026674 0.0000000 0.0000000 0.0000000 0.0067582 0.2858794 0.1757406 0.0000000 0.0067717 0.0975757 0.0000000 0.0091845 0.0056414 0.0000000 0.0074386 0.3308623 0.0261373
 50 C  50 0.0000000 0.0038966 0.0000000 0.0000000 0.9653208 0.0042518 0.0000000 0.0000000 0.0028323 0.0000000 0.0000000 0.0000000 0.0000000 0.0000000 0.0000000 0.0034511 0.0000000 0.0000000 0.0000000 0.0000000 0.0202474
 51 A  51 0.5399728 0.0000000 0.0000000 0.0000000 0.0000000 0.0000000 0.0000000 0.0479881 0.0000000 0.0100263 0.0914290 0.0000000 0.0137307 0.0000000 0.0000000 0.0574870 0.0535029 0.0000000 0.0181192 0.1421300 0.0256138
 52 D  52 0.0026151 0.0236809 0.2636783 0.4536744 0.0000000 0.0129408 0.0219539 0.0033282 0.0140206 0.0000000 0.0213671 0.0342529 0.0000000 0.0000000 0.0802326 0.0201061 0.0170558 0.0000000 0.0000000 0.0000000 0.0310932
 53 P  53 0.0305272 0.0021777 0.0028321 0.0030599 0.0000000 0.0239867 0.0000000 0.0036833 0.0033282 0.0024113 0.0199669 0.0044499 0.0000000 0.0000000 0.8283813 0.0240740 0.0100284 0.0000000 0.0000000 0.0057833 0.0353097
 54 K  54 0.0220305 0.0612822 0.0803383 0.0868227 0.0000000 0.0642533 0.1125005 0.0322897 0.0203088 0.0096458 0.0018982 0.2303497 0.0033632 0.0026322 0.0000000 0.1425909 0.0795031 0.0000000 0.0092520 0.0057907 0.0351481
 55 K  55 0.1786527 0.0051574 0.0456169 0.1595428 0.0000000 0.1366971 0.1979073 0.0038919 0.0042439 0.0031422 0.0316751 0.0648258 0.0051006 0.0044264 0.0017556 0.0401270 0.0246760 0.0058858 0.0017268 0.0450222 0.0399263
 56 K  56 0.0424835 0.0682789 0.0321608 0.0618103 0.0000000 0.0579501 0.0790429 0.0230995 0.0137169 0.0095803 0.0264915 0.2631825 0.0065696 0.0015746 0.1719063 0.0310680 0.0584893 0.0017709 0.0000000 0.0108977 0.0399263
 57 W  57 0.0044140 0.0215757 0.0047727 0.0041884 0.0000000 0.0087813 0.0070056 0.0091046 0.0091826 0.0028701 0.0064816 0.0094155 0.0000000 0.0074079 0.0000000 0.0034516 0.0077388 0.8460859 0.0000000 0.0104396 0.0370840
 58 V  58 0.0524545 0.0000000 0.0000000 0.0000000 0.0000000 0.0000000 0.0000000 0.0000000 0.0000000 0.0418103 0.0113591 0.0000000 0.0000000 0.0129989 0.0000000 0.0000000 0.0256965 0.0000000 0.0000000 0.8170084 0.0386724
 59 Q  59 0.0048274 0.0668030 0.0165910 0.0068649 0.0000000 0.4511111 0.0339724 0.0079134 0.0067593 0.0172126 0.0173801 0.2705580 0.0226685 0.0024992 0.0063885 0.0099535 0.0133536 0.0000000 0.0000000 0.0038350 0.0413084
 60 D  60 0.0284528 0.1615391 0.0708848 0.1697153 0.0000000 0.0394886 0.1314817 0.0097949 0.0097064 0.0102817 0.0206267 0.2435011 0.0073916 0.0018725 0.0063929 0.0178179 0.0206765 0.0000000 0.0015043 0.0057951 0.0430761
 61 S  61 0.1755100 0.0092458 0.0082013 0.0000000 0.0374337 0.0077079 0.0090009 0.0131925 0.0404953 0.1241694 0.1876583 0.0085716 0.0122661 0.0110862 0.0000000 0.0236146 0.0153102 0.0018300 0.1793594 0.0848748 0.0504720
 62 M  62 0.0000000 0.0108300 0.0000000 0.0000000 0.0000000 0.0098264 0.0000000 0.0000000 0.0000000 0.3248846 0.1242865 0.0146456 0.2559998 0.0248020 0.0000000 0.0000000 0.0240160 0.0000000 0.0000000 0.1536881 0.0570209
 63 K  63 0.0478292 0.1400608 0.0829422 0.0475838 0.0000000 0.0753023 0.0763643 0.0077787 0.0204143 0.0119506 0.0116690 0.3136661 0.0022076 0.0000000 0.0016227 0.0474282 0.0269965 0.0078769 0.0028971 0.0093115 0.0660983
 64 Y  64 0.0535923 0.1161732 0.0330740 0.0444848 0.0162129 0.0285816 0.0336211 0.0051663 0.1043793 0.0450903 0.0553991 0.1684940 0.0119688 0.0349724 0.0000000 0.0477938 0.0330798 0.0021871 0.0655585 0.0146656 0.0855053
 65 L  65 0.0000000 0.0076053 0.0000000 0.0000000 0.0000000 0.0077975 0.0000000 0.0000000 0.0000000 0.1156477 0.5738073 0.0024155 0.0468694 0.0362642 0.0000000 0.0000000 0.0041464 0.0000000 0.0000000 0.1013537 0.1040931
 66 D  66 0.0050116 0.0371909 0.0603305 0.3326079 0.0000000 0.0514971 0.1120145 0.0083867 0.0026381 0.0099661 0.0463367 0.0996096 0.0122935 0.0026299 0.0000000 0.0550693 0.0042249 0.0000000 0.0000000 0.0055814 0.1546113
 67 Q  67 0.0735461 0.0724190 0.0439022 0.0152832 0.0000000 0.1022271 0.0696064 0.0184270 0.0281754 0.0036750 0.0486231 0.1726425 0.0234959 0.0000000 0.0000000 0.0700536 0.0488668 0.0000000 0.0031439 0.0024217 0.2034911
 68 K  68 0.0040701 0.1777781 0.0851235 0.0000000 0.0104508 0.0535661 0.0113494 0.0133486 0.0037416 0.0212196 0.0160182 0.2680362 0.0095316 0.0000000 0.0155218 0.0359489 0.0073025 0.0000000 0.0000000 0.0000000 0.2669929
 69 S  69 0.1043269 0.0381290 0.0753299 0.0000000 0.0031489 0.0281987 0.0000000 0.0092717 0.0069982 0.0130516 0.0203338 0.0794716 0.0222726 0.0043628 0.0466335 0.1357896 0.0672902 0.0000000 0.0000000 0.0116315 0.3337595
 70 P  70 0.0710040 0.0578737 0.0310246 0.0048822 0.0000000 0.0954812 0.0399626 0.0057157 0.0196475 0.0017395 0.0109514 0.1617556 0.0165791 0.0000000 0.0239911 0.0480073 0.0130047 0.0000000 0.0000000 0.0083525 0.3900272
 71 T  71 0.0380508 0.0419921 0.0176024 0.0066867 0.0000000 0.0307278 0.0000000 0.0078708 0.0046689 0.0052633 0.0053637 0.1558903 0.0000000 0.0000000 0.0398368 0.0637145 0.1109599 0.0018290 0.0055055 0.0075931 0.4564445
 72 P  72 0.0317566 0.0768306 0.0120040 0.0000000 0.0095397 0.0446117 0.0062060 0.0211679 0.0000000 0.0053186 0.0233558 0.0258872 0.0160553 0.0000000 0.0761930 0.0308773 0.0601638 0.0000000 0.0031561 0.0068451 0.5500312
 73 K  73 0.0028954 0.0224811 0.0064140 0.0042533 0.0000000 0.0314902 0.0081595 0.0020355 0.0033640 0.0000000 0.0047682 0.1648281 0.0034230 0.0000000 0.0051693 0.0642827 0.0064300 0.0000000 0.0000000 0.0102496 0.6597563
 74 P  74 0.0000000 0.0000000 0.0000000 0.0000000 0.0000000 0.0000000 0.0000000 0.0000000 0.0000000 0.0000000 0.0000000 0.0000000 0.0000000 0.0000000 0.1494331 0.0000000 0.0000000 0.0000000 0.0000000 0.0000000 0.8505669
