   74         A         R         N         D         C         Q         E         G         H         I         L         K         M         F         P         S         T         W         Y         V    
  1 G   1 0.0000000 0.0000000 0.0000000 0.0000000 0.0000000 0.0000000 0.0000000 1.0000000 0.0000000 0.0000000 0.0000000 0.0000000 0.0000000 0.0000000 0.0000000 0.0000000 0.0000000 0.0000000 0.0000000 0.0000000
  2 P   2 0.1524131 0.0106492 0.0000000 0.0051857 0.0000000 0.0236809 0.0000000 0.0792798 0.0000000 0.0069513 0.0091119 0.0000000 0.0114082 0.0137666 0.1592292 0.4654392 0.0249161 0.0219283 0.0000000 0.0160404
  3 A   3 0.2748459 0.0000000 0.0286340 0.0901707 0.0000000 0.0078921 0.1302109 0.0789887 0.0046733 0.0000000 0.0213605 0.0120275 0.0233136 0.0147488 0.0224698 0.0991015 0.0316698 0.0000000 0.0000000 0.1598928
  4 S   4 0.1009966 0.0130070 0.2045076 0.1111752 0.0000000 0.0728861 0.0325262 0.0472053 0.0240897 0.0104439 0.0096875 0.0144673 0.0097505 0.0121601 0.0112876 0.1626619 0.0544778 0.0000000 0.0033423 0.1053274
  5 V   5 0.0571814 0.0036189 0.0319382 0.0772585 0.0000000 0.0147749 0.0382736 0.0822475 0.0000000 0.1295029 0.0738268 0.0044341 0.0138257 0.0104484 0.0497729 0.1508476 0.0894497 0.0000000 0.0000000 0.1725986
  6 P   6 0.1406042 0.0000000 0.0768338 0.0374660 0.0000000 0.0111687 0.0401152 0.0464217 0.0039110 0.0051752 0.0034304 0.0160659 0.0121146 0.0033480 0.4488942 0.0826866 0.0354329 0.0000000 0.0064002 0.0299313
  7 T   7 0.0581315 0.0645638 0.0139000 0.0394471 0.0000000 0.0320195 0.1286317 0.0298497 0.0055290 0.0244744 0.0645102 0.0547154 0.0378146 0.0388089 0.0157857 0.1667338 0.1469312 0.0000000 0.0200616 0.0580920
  8 T   8 0.0391994 0.0510468 0.0457020 0.2961699 0.0000000 0.0099336 0.0562207 0.0000000 0.0068381 0.0246548 0.0109789 0.0618052 0.0073282 0.0156816 0.0694051 0.1750804 0.1011337 0.0000000 0.0028063 0.0260152
  9 C   9 0.0000000 0.0000000 0.0000000 0.0000000 0.9484919 0.0000000 0.0000000 0.0000000 0.0063774 0.0174113 0.0000000 0.0000000 0.0000000 0.0096852 0.0000000 0.0036917 0.0053587 0.0000000 0.0000000 0.0089838
 10 C  10 0.0000000 0.0000000 0.0000000 0.0000000 0.9835378 0.0000000 0.0000000 0.0000000 0.0000000 0.0000000 0.0000000 0.0000000 0.0000000 0.0000000 0.0102253 0.0000000 0.0000000 0.0000000 0.0062369 0.0000000
 11 F  11 0.0027746 0.0234495 0.0080324 0.0046565 0.0118507 0.0061161 0.0192862 0.0000000 0.0056491 0.0799971 0.3198076 0.0089537 0.0417069 0.2604651 0.0082077 0.0222416 0.0344639 0.0000000 0.0589943 0.0833470
 12 N  12 0.0702412 0.0985738 0.0757570 0.0244346 0.0000000 0.0487476 0.0519129 0.0586817 0.0077377 0.0033605 0.0093390 0.1809869 0.0135383 0.0046749 0.0000000 0.2698980 0.0729173 0.0000000 0.0053431 0.0038556
 13 L  13 0.0065385 0.0020529 0.0055115 0.0000000 0.0000000 0.0027664 0.0132014 0.0044699 0.0180484 0.0159400 0.0699397 0.0076282 0.0360051 0.1919711 0.0000000 0.0108941 0.1136755 0.0027774 0.3653017 0.1332781
 14 A  14 0.0383548 0.0142750 0.0265440 0.0018880 0.0034131 0.0277923 0.0241462 0.0069266 0.0721166 0.1161035 0.0316447 0.0338003 0.0107948 0.0592757 0.0000000 0.1456892 0.2790274 0.0022711 0.0183639 0.0875727
 15 N  15 0.0340306 0.0869881 0.0942919 0.0544678 0.0000000 0.0722842 0.0622486 0.0124623 0.0353498 0.0053636 0.0108210 0.1117090 0.0076753 0.0000000 0.0472041 0.2257678 0.1285762 0.0000000 0.0032733 0.0074865
 16 R  16 0.0358367 0.2683148 0.0409759 0.0069214 0.0025858 0.0877876 0.0045944 0.0669838 0.0510821 0.0115684 0.0083393 0.2733631 0.0077598 0.0110787 0.0088732 0.0288882 0.0407735 0.0052258 0.0211943 0.0178530
 17 K  17 0.0595929 0.1783421 0.0219324 0.0176156 0.0000000 0.0448228 0.0334925 0.0000000 0.0029446 0.0271591 0.0137273 0.2183751 0.0155097 0.0421264 0.2157610 0.0268035 0.0241447 0.0041258 0.0071698 0.0463547
 18 I  18 0.0000000 0.0155181 0.0061533 0.0000000 0.0000000 0.0000000 0.0000000 0.0060004 0.0000000 0.5626345 0.1949164 0.0098720 0.0196531 0.0292679 0.0152605 0.0041588 0.0132487 0.0043111 0.0070970 0.1119081
 19 P  19 0.0088007 0.0425240 0.0105741 0.0173123 0.0000000 0.0096234 0.0068515 0.0237662 0.0691916 0.0036968 0.0100159 0.0341086 0.0043708 0.0000000 0.6587073 0.0862065 0.0095537 0.0000000 0.0000000 0.0046969
 20 L  20 0.0357648 0.1262684 0.0070848 0.0048993 0.0533068 0.0366970 0.0348717 0.0274105 0.0092363 0.0572109 0.1399976 0.0997085 0.0151792 0.0409989 0.1136879 0.0277303 0.0154309 0.0334704 0.0243996 0.0966464
 21 Q  21 0.0524181 0.1702168 0.1477550 0.0417855 0.0000000 0.0964040 0.0256533 0.0358009 0.0550506 0.0047842 0.0000000 0.2263855 0.0029159 0.0091140 0.0055815 0.0835312 0.0269692 0.0022096 0.0036294 0.0097953
 22 R  22 0.0396222 0.1766072 0.0943335 0.0031617 0.0000000 0.0281337 0.0046330 0.0018255 0.0648766 0.0865293 0.1430164 0.0923535 0.0104646 0.1012032 0.0100631 0.0209021 0.0050879 0.0221757 0.0142267 0.0807841
 23 L  23 0.0138859 0.0000000 0.0000000 0.0000000 0.0000000 0.0031948 0.0055227 0.0000000 0.0032005 0.4065833 0.2123553 0.0000000 0.0178783 0.0108976 0.0000000 0.0000000 0.0065614 0.0000000 0.0085731 0.3113470
 24 E  24 0.0662107 0.1036145 0.0034594 0.0266086 0.0016454 0.0756418 0.0879389 0.0149992 0.0025313 0.0436320 0.0351051 0.2708045 0.0280869 0.0000000 0.0000000 0.0147852 0.0444875 0.0000000 0.0056456 0.1748034
 25 S  25 0.0487997 0.0440055 0.0778142 0.1106332 0.0301261 0.0042063 0.0575026 0.1351694 0.0392521 0.0000000 0.0025230 0.0170508 0.0093952 0.0059844 0.0000000 0.3276719 0.0734658 0.0000000 0.0054628 0.0109371
 26 Y  26 0.0082334 0.0051968 0.0000000 0.0000000 0.0070181 0.0000000 0.0088336 0.0027228 0.0042476 0.0325599 0.0471935 0.0000000 0.0081706 0.0785922 0.0000000 0.0057149 0.0026868 0.0265445 0.7059286 0.0563566
 27 R  27 0.0087840 0.2202754 0.0100629 0.0091710 0.0000000 0.1098567 0.0630627 0.0000000 0.0441152 0.0378141 0.0230390 0.0589969 0.0036111 0.0993285 0.0000000 0.0432298 0.1031295 0.0108216 0.1326388 0.0220629
 28 R  28 0.0054661 0.1562273 0.0196714 0.0017963 0.0000000 0.0450581 0.1733730 0.0016563 0.0206456 0.1523308 0.0956272 0.1097616 0.0302568 0.0142334 0.0000000 0.0081903 0.0100673 0.0048940 0.0727314 0.0780131
 29 I  29 0.0147318 0.0065931 0.0088628 0.0074840 0.0000000 0.4099678 0.0120536 0.0044924 0.0147809 0.1644152 0.0679703 0.0085672 0.0209060 0.0376340 0.0437129 0.0315115 0.0534796 0.0599014 0.0073440 0.0255915
 30 T  30 0.0393638 0.0100171 0.0565367 0.0093003 0.0000000 0.0210154 0.0843164 0.0063292 0.0105622 0.0185984 0.0111641 0.0047956 0.0017342 0.0055581 0.0894100 0.0312378 0.5586123 0.0000000 0.0000000 0.0414484
 31 S  31 0.0548246 0.0481823 0.0634987 0.0609018 0.0000000 0.0263434 0.0476174 0.0418248 0.0320823 0.0401919 0.0019373 0.0410555 0.0021039 0.0000000 0.0326315 0.4587668 0.0413268 0.0000000 0.0034154 0.0032955
 32 G  32 0.0085542 0.0215457 0.0347551 0.0594480 0.0000000 0.0250261 0.0570407 0.2550116 0.0086667 0.0134200 0.0400104 0.0373941 0.0000000 0.0073844 0.0329469 0.3524127 0.0402674 0.0000000 0.0000000 0.0061161
 33 K  33 0.0312414 0.0546470 0.0481736 0.0448584 0.0065582 0.1307237 0.0931728 0.1550204 0.0948359 0.0122135 0.0564429 0.0641796 0.0100647 0.0058186 0.0071805 0.1259737 0.0255190 0.0000000 0.0150705 0.0183058
 34 C  34 0.0000000 0.0056870 0.0000000 0.0000000 0.9139744 0.0000000 0.0000000 0.0310255 0.0043316 0.0000000 0.0000000 0.0000000 0.0000000 0.0040495 0.0354633 0.0000000 0.0000000 0.0000000 0.0000000 0.0054687
 35 P  35 0.0383515 0.0823275 0.0924705 0.0684405 0.0344208 0.0134917 0.0212448 0.0212879 0.0147462 0.0100881 0.0342082 0.0251024 0.0022636 0.0000000 0.2542766 0.2227226 0.0524688 0.0000000 0.0090149 0.0030734
 36 Q  36 0.0000000 0.0987433 0.0958490 0.0071628 0.0000000 0.0788025 0.0160266 0.0016921 0.0135131 0.1931938 0.1202347 0.1750894 0.0505110 0.0090282 0.0043324 0.0082495 0.0240962 0.0076565 0.0094132 0.0864059
 37 K  37 0.0379313 0.0833295 0.0574722 0.0933428 0.0000000 0.0332067 0.0966939 0.0021133 0.0123826 0.0044098 0.0052869 0.1387253 0.0048062 0.0050759 0.3148267 0.0342171 0.0496477 0.0000000 0.0000000 0.0265320
 38 A  38 0.6728576 0.0042587 0.0000000 0.0025094 0.0000000 0.0000000 0.1085875 0.1637695 0.0081144 0.0101355 0.0035277 0.0000000 0.0000000 0.0024746 0.0000000 0.0205970 0.0000000 0.0000000 0.0000000 0.0031680
 39 V  39 0.0052083 0.0000000 0.0040102 0.0000000 0.0000000 0.0000000 0.0042967 0.0000000 0.0000000 0.3226437 0.0225044 0.0000000 0.0086005 0.0210705 0.0000000 0.0000000 0.0400985 0.0000000 0.0042363 0.5673308
 40 I  40 0.0128321 0.0123089 0.0000000 0.0000000 0.0000000 0.0000000 0.0000000 0.0000000 0.0000000 0.6024050 0.0611446 0.0028629 0.0213509 0.0000000 0.0000000 0.0000000 0.0000000 0.0000000 0.0000000 0.2870955
 41 F  41 0.0400847 0.0101486 0.0000000 0.0000000 0.0000000 0.0000000 0.0018434 0.0000000 0.0000000 0.0336731 0.1171998 0.0000000 0.0000000 0.7148446 0.0032644 0.0000000 0.0000000 0.0031191 0.0016473 0.0741749
 42 K  42 0.0071809 0.0384959 0.0195717 0.0000000 0.0026581 0.0327420 0.0323128 0.0152562 0.0743411 0.1333539 0.0832641 0.1220834 0.0064641 0.0166884 0.0000000 0.0187867 0.2009702 0.0263198 0.0444880 0.1250228
 43 T  43 0.0085761 0.0068788 0.0067564 0.0000000 0.0000000 0.0000000 0.0000000 0.0028948 0.0000000 0.0111596 0.1354059 0.0294367 0.0357461 0.0261909 0.0177675 0.0173631 0.6926480 0.0000000 0.0024392 0.0067369
 44 K  44 0.0249560 0.1700644 0.0202359 0.0000000 0.0000000 0.0267037 0.0234727 0.0042228 0.0211299 0.0329823 0.0437414 0.4567222 0.0022286 0.0183927 0.0230097 0.0081842 0.0247163 0.0000000 0.0000000 0.0992373
 45 L  45 0.0398552 0.2644633 0.0912335 0.0231765 0.0000000 0.0410772 0.0195312 0.0202652 0.0088737 0.0027479 0.0457972 0.3472900 0.0160694 0.0015327 0.0143851 0.0397485 0.0153096 0.0000000 0.0057668 0.0028771
 46 A  46 0.0266093 0.0177603 0.1237152 0.0583485 0.0000000 0.0461025 0.0225868 0.5665979 0.0195238 0.0000000 0.0031167 0.0771821 0.0026772 0.0051077 0.0031678 0.0135813 0.0094652 0.0000000 0.0044577 0.0000000
 47 K  47 0.0173379 0.3716504 0.0114492 0.0031743 0.0000000 0.0504382 0.0170739 0.0100505 0.0283701 0.0340170 0.0682571 0.2857322 0.0053684 0.0161954 0.0207969 0.0210785 0.0082844 0.0000000 0.0184527 0.0122730
 48 D  48 0.0277131 0.0770750 0.0140646 0.0278161 0.0000000 0.1748737 0.2098198 0.0048834 0.0247250 0.0169029 0.0372700 0.1771589 0.0223363 0.0292689 0.0142842 0.0517419 0.0464347 0.0047000 0.0100412 0.0288901
 49 I  49 0.0419203 0.0000000 0.0000000 0.0042027 0.0027432 0.0000000 0.0000000 0.0000000 0.0073006 0.2941730 0.1858901 0.0000000 0.0072831 0.0970009 0.0000000 0.0095303 0.0058789 0.0000000 0.0077359 0.3363411
 50 C  50 0.0000000 0.0044046 0.0000000 0.0000000 0.9834551 0.0048169 0.0000000 0.0000000 0.0032765 0.0000000 0.0000000 0.0000000 0.0000000 0.0000000 0.0000000 0.0040468 0.0000000 0.0000000 0.0000000 0.0000000
 51 A  51 0.5521347 0.0000000 0.0000000 0.0000000 0.0000000 0.0000000 0.0000000 0.0480808 0.0000000 0.0107087 0.0955469 0.0000000 0.0140319 0.0000000 0.0000000 0.0595570 0.0551526 0.0000000 0.0190372 0.1457502
 52 D  52 0.0027634 0.0235957 0.2693567 0.4663930 0.0000000 0.0136446 0.0233444 0.0035227 0.0136688 0.0000000 0.0223998 0.0351595 0.0000000 0.0000000 0.0868810 0.0215782 0.0176921 0.0000000 0.0000000 0.0000000
 53 P  53 0.0321279 0.0023113 0.0030384 0.0033007 0.0000000 0.0242398 0.0000000 0.0038979 0.0035385 0.0024589 0.0214647 0.0046041 0.0000000 0.0000000 0.8566054 0.0258014 0.0106528 0.0000000 0.0000000 0.0059582
 54 K  54 0.0220722 0.0651220 0.0816749 0.0909749 0.0000000 0.0663957 0.1130288 0.0338603 0.0221753 0.0103826 0.0019787 0.2381643 0.0035175 0.0027266 0.0000000 0.1479042 0.0839808 0.0000000 0.0099554 0.0060857
 55 K  55 0.1868581 0.0052955 0.0469854 0.1640160 0.0000000 0.1440449 0.2028900 0.0039842 0.0043435 0.0032686 0.0328463 0.0683095 0.0054807 0.0043788 0.0018369 0.0430761 0.0271868 0.0060499 0.0018261 0.0473224
 56 K  56 0.0421919 0.0693375 0.0334255 0.0634600 0.0000000 0.0614637 0.0764326 0.0249073 0.0148574 0.0101427 0.0282464 0.2781572 0.0067406 0.0015887 0.1827787 0.0309810 0.0615549 0.0018784 0.0000000 0.0118556
 57 W  57 0.0048451 0.0221554 0.0048593 0.0043419 0.0000000 0.0092993 0.0068440 0.0092387 0.0092890 0.0031236 0.0065945 0.0101584 0.0000000 0.0074616 0.0000000 0.0035453 0.0084269 0.8807890 0.0000000 0.0090279
 58 V  58 0.0542052 0.0000000 0.0000000 0.0000000 0.0000000 0.0000000 0.0000000 0.0000000 0.0000000 0.0439093 0.0121582 0.0000000 0.0000000 0.0136653 0.0000000 0.0000000 0.0281851 0.0000000 0.0000000 0.8478769
 59 Q  59 0.0049988 0.0745275 0.0173152 0.0078756 0.0000000 0.4641525 0.0365263 0.0085313 0.0071603 0.0181497 0.0185964 0.2808652 0.0228286 0.0026529 0.0067215 0.0108721 0.0141187 0.0000000 0.0000000 0.0041074
 60 D  60 0.0297482 0.1683640 0.0733803 0.1769039 0.0000000 0.0409798 0.1418113 0.0099066 0.0103625 0.0107199 0.0216678 0.2547637 0.0076751 0.0020317 0.0063588 0.0177137 0.0199265 0.0000000 0.0015789 0.0061074
 61 S  61 0.1766303 0.0094616 0.0089394 0.0000000 0.0398316 0.0078819 0.0094048 0.0149043 0.0424420 0.1317865 0.2010844 0.0087486 0.0130918 0.0117632 0.0000000 0.0263153 0.0163863 0.0019410 0.1904850 0.0889018
 62 M  62 0.0000000 0.0116802 0.0000000 0.0000000 0.0000000 0.0103377 0.0000000 0.0000000 0.0000000 0.3500613 0.1319017 0.0158599 0.2700635 0.0263722 0.0000000 0.0000000 0.0235753 0.0000000 0.0000000 0.1601481
 63 K  63 0.0506299 0.1494244 0.0975100 0.0501128 0.0000000 0.0797664 0.0800982 0.0084520 0.0221350 0.0127207 0.0125323 0.3368759 0.0023744 0.0000000 0.0016428 0.0507588 0.0236788 0.0085251 0.0030437 0.0097186
 64 Y  64 0.0592509 0.1267137 0.0373195 0.0468958 0.0181824 0.0313918 0.0335949 0.0057446 0.1120746 0.0470922 0.0594701 0.1818652 0.0123564 0.0383579 0.0000000 0.0633579 0.0361207 0.0024215 0.0714941 0.0162956
 65 L  65 0.0000000 0.0086974 0.0000000 0.0000000 0.0000000 0.0088246 0.0000000 0.0000000 0.0000000 0.1281008 0.6422403 0.0027550 0.0521386 0.0388805 0.0000000 0.0000000 0.0046854 0.0000000 0.0000000 0.1136774
 66 D  66 0.0059812 0.0419835 0.0736460 0.3913388 0.0000000 0.0606304 0.1374555 0.0097504 0.0032632 0.0114452 0.0544295 0.1177807 0.0146295 0.0029799 0.0000000 0.0631872 0.0047858 0.0000000 0.0000000 0.0067134
 67 Q  67 0.0904431 0.0865630 0.0531889 0.0187862 0.0000000 0.1284709 0.0883828 0.0230642 0.0346410 0.0045826 0.0566696 0.2208434 0.0397831 0.0000000 0.0000000 0.0864234 0.0611268 0.0000000 0.0038794 0.0031518
 68 K  68 0.0057025 0.2407710 0.1103784 0.0000000 0.0144549 0.0693401 0.0157400 0.0184109 0.0053298 0.0315705 0.0222529 0.3689997 0.0127469 0.0000000 0.0225915 0.0512648 0.0104461 0.0000000 0.0000000 0.0000000
 69 S  69 0.1514841 0.0572391 0.1146649 0.0000000 0.0048602 0.0400326 0.0000000 0.0147291 0.0105176 0.0201695 0.0311885 0.1194796 0.0342118 0.0068273 0.0714212 0.2102573 0.0954459 0.0000000 0.0000000 0.0174712
 70 P  70 0.1158454 0.0962772 0.0521480 0.0081230 0.0000000 0.1533011 0.0653283 0.0097421 0.0320310 0.0028644 0.0186524 0.2708990 0.0276859 0.0000000 0.0390895 0.0753958 0.0186960 0.0000000 0.0000000 0.0139209
 71 T  71 0.0691079 0.0710552 0.0333554 0.0124100 0.0000000 0.0585351 0.0000000 0.0148489 0.0085996 0.0103561 0.0102999 0.2911848 0.0000000 0.0000000 0.0759292 0.1138481 0.2066791 0.0035508 0.0102464 0.0099936
 72 P  72 0.0730619 0.1666866 0.0278545 0.0000000 0.0213726 0.1019338 0.0118204 0.0468417 0.0000000 0.0118916 0.0521050 0.0578168 0.0357739 0.0000000 0.1688888 0.0651237 0.1357226 0.0000000 0.0072172 0.0158888
 73 K  73 0.0085486 0.0653923 0.0159727 0.0127279 0.0000000 0.0895503 0.0244085 0.0061554 0.0102216 0.0000000 0.0142977 0.4889834 0.0103507 0.0000000 0.0134247 0.1901982 0.0191260 0.0000000 0.0000000 0.0306420
 74 P  74 0.0000000 0.0000000 0.0000000 0.0000000 0.0000000 0.0000000 0.0000000 0.0000000 0.0000000 0.0000000 0.0000000 0.0000000 0.0000000 0.0000000 1.0000000 0.0000000 0.0000000 0.0000000 0.0000000 0.0000000
