  184         A         R         N         D         C         Q         E         G         H         I         L         K         M         F         P         S         T         W         Y         V         X    
  1 D   1 0.0000000 0.0000000 0.0000000 0.0140241 0.0000000 0.1324957 0.0142696 0.0000000 0.0000000 0.0000000 0.0000000 0.0000000 0.0000000 0.0000000 0.0000000 0.0000000 0.0000000 0.0000000 0.0000000 0.0000000 0.8392105
  2 V   2 0.0092182 0.0039934 0.0016035 0.0000000 0.0000000 0.0000000 0.0009165 0.0010193 0.0000000 0.0500143 0.0107832 0.0000000 0.0017632 0.0021071 0.0000000 0.0079613 0.0355864 0.0000000 0.0000000 0.1218575 0.7531760
  3 Y   3 0.0036385 0.0000000 0.0000000 0.0078457 0.0000000 0.0000000 0.0027613 0.0000000 0.0000000 0.0650400 0.0086393 0.0000000 0.0000000 0.0394279 0.0501742 0.0014606 0.0107793 0.0020206 0.0492545 0.0363353 0.7226229
  4 H   4 0.0059243 0.0089924 0.0112069 0.0025421 0.0000000 0.0124099 0.0016255 0.0483360 0.0442049 0.0105710 0.0366431 0.0130643 0.0000000 0.0577709 0.0000000 0.0295381 0.0043232 0.0024083 0.0190204 0.0039091 0.6875097
  5 D   5 0.0029378 0.0187745 0.0049954 0.0483016 0.0000000 0.0011944 0.0228642 0.0008684 0.0028994 0.0110916 0.0776802 0.0047911 0.0123416 0.0393981 0.0531674 0.0046873 0.0103426 0.0180203 0.0032514 0.0063418 0.6560509
  6 G   6 0.0057692 0.0125376 0.0009766 0.0000000 0.0000000 0.0041501 0.0000000 0.3467225 0.0000000 0.0000000 0.0025421 0.0049530 0.0000000 0.0000000 0.0000000 0.0428334 0.0000000 0.0000000 0.0009689 0.0000000 0.5785467
  7 A   7 0.0548590 0.0392412 0.0087770 0.0029453 0.0000000 0.0607742 0.0170056 0.0263616 0.0052701 0.0126412 0.0036944 0.1031363 0.0084305 0.0112596 0.1000458 0.0264901 0.0181731 0.0057923 0.0049758 0.0111214 0.4790055
  8 C   8 0.0019787 0.0000000 0.0000000 0.0000000 0.4491120 0.0000000 0.0011481 0.0018310 0.0000000 0.0000000 0.0034375 0.0000000 0.0000000 0.0000000 0.1180433 0.0012164 0.0000000 0.0000000 0.0000000 0.0000000 0.4232330
  9 P   9 0.0283849 0.0125802 0.0083555 0.0311379 0.0000000 0.0660668 0.0515445 0.0011556 0.0037240 0.0029570 0.0037273 0.0345687 0.0021246 0.0104146 0.3332067 0.0088162 0.0370114 0.0000000 0.0037156 0.0050154 0.3554930
 10 E  10 0.0206948 0.0209935 0.1297048 0.1378636 0.0000000 0.0080851 0.0786951 0.0574190 0.0061029 0.0174046 0.0131834 0.0486587 0.0035254 0.0000000 0.0360448 0.0305767 0.0930194 0.0000000 0.0123215 0.0099371 0.2757697
 11 V  11 0.0063711 0.0039926 0.0007188 0.0000000 0.0020290 0.0013548 0.0024359 0.0053350 0.0012406 0.1330408 0.0697738 0.0026148 0.0396261 0.0550321 0.1509920 0.0018645 0.0023211 0.0000000 0.0524715 0.2919045 0.1768810
 12 K  12 0.0448330 0.0504283 0.0285948 0.0252129 0.0000000 0.0864869 0.1031110 0.0077400 0.0024527 0.0073340 0.0073200 0.1146179 0.0139539 0.0000000 0.1395646 0.0657161 0.1142929 0.0000000 0.0000000 0.0245537 0.1637874
 13 P  13 0.0968194 0.0016807 0.0064064 0.0000000 0.0000000 0.0037353 0.0109443 0.0371563 0.0000000 0.0264670 0.0337907 0.0019524 0.0000000 0.0018871 0.2466641 0.0388020 0.1449939 0.0000000 0.0020240 0.2196865 0.1269899
 14 V  14 0.0485969 0.0037282 0.0000000 0.0188136 0.0000000 0.1257794 0.0044720 0.0018645 0.0037717 0.0626182 0.0152491 0.0451622 0.1506277 0.0060512 0.0026123 0.0084823 0.0028315 0.0000000 0.0000000 0.3840739 0.1152654
 15 D  15 0.0773924 0.0678883 0.0246040 0.0898908 0.0000000 0.0985563 0.1382031 0.0230275 0.0019524 0.0034039 0.0078309 0.0905498 0.0000000 0.0028071 0.1310233 0.0616087 0.0626414 0.0000000 0.0070776 0.0141162 0.0974266
 16 N  16 0.0219964 0.0244285 0.3492440 0.1691991 0.0000000 0.0176896 0.0238470 0.0766693 0.0118765 0.0000000 0.0023560 0.0432296 0.0014352 0.0017259 0.0475553 0.0733110 0.0252538 0.0009518 0.0108229 0.0007842 0.0976239
 17 F  17 0.0000000 0.0000000 0.0000000 0.0000000 0.0035154 0.0000000 0.0000000 0.0000000 0.0000000 0.0165346 0.1265096 0.0000000 0.0000000 0.6517287 0.0000000 0.0000000 0.0000000 0.0033168 0.0037038 0.1359907 0.0587003
 18 D  18 0.0082286 0.0026951 0.1634685 0.5590236 0.0025555 0.0548737 0.0805129 0.0029553 0.0019524 0.0017391 0.0000000 0.0114075 0.0000000 0.0000000 0.0000000 0.0518087 0.0063755 0.0000000 0.0020811 0.0038641 0.0464586
 19 W  19 0.0884067 0.0164745 0.0000000 0.0068097 0.0000000 0.0141949 0.0095555 0.0030109 0.0015107 0.0957353 0.3861041 0.0232093 0.0682075 0.0085368 0.0547547 0.0163527 0.0239127 0.0074961 0.0096625 0.1236838 0.0423816
 20 S  20 0.0644098 0.0150618 0.1242681 0.1334098 0.0000000 0.0717372 0.1442483 0.0065062 0.0113494 0.0052512 0.0017391 0.0696056 0.0054390 0.0019483 0.0566870 0.1103632 0.1181023 0.0000000 0.0023890 0.0165807 0.0409039
 21 Q  21 0.0942864 0.4587850 0.0159173 0.0240628 0.0000000 0.0650187 0.0180686 0.0034134 0.0000000 0.0000000 0.0156560 0.2138431 0.0000000 0.0011673 0.0075150 0.0394813 0.0026524 0.0025866 0.0000000 0.0000000 0.0375462
 22 Y  22 0.0000000 0.0000000 0.0000000 0.0000000 0.0000000 0.0000000 0.0000000 0.0000000 0.0000000 0.0159659 0.0322753 0.0000000 0.0400013 0.2976652 0.0000000 0.0000000 0.0000000 0.0035479 0.5733927 0.0118328 0.0253189
 23 H  23 0.1184542 0.0099013 0.0065486 0.0082619 0.0042350 0.0588670 0.0101586 0.0170104 0.0107799 0.0128547 0.3248976 0.0172298 0.1645664 0.0169889 0.0017919 0.0939850 0.0481518 0.0000000 0.0174160 0.0373586 0.0205423
 24 G  24 0.0025767 0.0071577 0.0045651 0.0028330 0.0000000 0.0000000 0.0000000 0.9542019 0.0000000 0.0000000 0.0000000 0.0000000 0.0000000 0.0000000 0.0000000 0.0025866 0.0067310 0.0000000 0.0000000 0.0000000 0.0193480
 25 K  25 0.0178749 0.1797883 0.0189650 0.0324473 0.0063145 0.0240396 0.0159209 0.0018019 0.0130883 0.0488735 0.0473775 0.2193685 0.0064053 0.0000000 0.0059619 0.0232942 0.2381199 0.0064770 0.0163786 0.0565048 0.0209980
 26 W  26 0.0000000 0.0000000 0.0000000 0.0000000 0.0000000 0.0000000 0.0000000 0.0000000 0.0000000 0.0000000 0.0000000 0.0000000 0.0000000 0.0000000 0.0000000 0.0000000 0.0000000 0.9790776 0.0000000 0.0000000 0.0209224
 27 W  27 0.0000000 0.0076123 0.0092116 0.0000000 0.0000000 0.0022287 0.0000000 0.0000000 0.0726531 0.0074813 0.0115652 0.0000000 0.0000000 0.0877429 0.0000000 0.0025573 0.0000000 0.0288910 0.7340738 0.0040656 0.0319173
 28 E  28 0.0346079 0.0018502 0.0113217 0.0301822 0.0000000 0.0765149 0.5417775 0.0061574 0.0102848 0.0428595 0.0159902 0.0020499 0.0045650 0.0000000 0.0000000 0.0095239 0.0165259 0.0013039 0.0000000 0.1437068 0.0507783
 29 V  29 0.0404211 0.0000000 0.0091598 0.0015840 0.0000000 0.0205947 0.0017272 0.0000000 0.0116333 0.4595276 0.0661187 0.0000000 0.0291796 0.0050399 0.0000000 0.0227902 0.0362663 0.0000000 0.0146365 0.2489577 0.0323633
 30 A  30 0.5275625 0.0174057 0.0021871 0.0013002 0.0007172 0.0714385 0.1338290 0.0332882 0.0270776 0.0013162 0.0116577 0.0167799 0.0029050 0.0035278 0.0000000 0.0669610 0.0242323 0.0000000 0.0194130 0.0064468 0.0319542
 31 K  31 0.0410788 0.4071317 0.0319581 0.0041086 0.0039501 0.0151285 0.0038672 0.0349507 0.0502004 0.0162006 0.0094643 0.1384456 0.0191853 0.0000000 0.0029623 0.1003090 0.0322464 0.0038709 0.0333688 0.0124087 0.0391642
 32 Y  32 0.0153888 0.0054249 0.0207234 0.0043287 0.0166967 0.0168294 0.0000000 0.0040542 0.0092007 0.1045815 0.2053216 0.0534188 0.0170099 0.0866208 0.0000000 0.0291403 0.0623693 0.0162071 0.2394168 0.0550449 0.0382222
 33 P  33 0.0427395 0.0102330 0.0251663 0.1603540 0.0000000 0.0063953 0.0622620 0.0117888 0.0044867 0.0040684 0.0061456 0.0496159 0.0044510 0.0732732 0.4177225 0.0357838 0.0244570 0.0033881 0.0128710 0.0130587 0.0317397
 34 S  34 0.0784191 0.0157815 0.1632974 0.0154566 0.0000000 0.0778846 0.0085388 0.0175054 0.1035848 0.0125274 0.0111282 0.0104585 0.0335708 0.0298725 0.0642258 0.1263871 0.1010634 0.0196749 0.0378472 0.0431501 0.0296261
 35 P  35 0.0537056 0.0976653 0.0193145 0.0414029 0.0016972 0.0124510 0.0503244 0.0558282 0.0126865 0.0261548 0.0556284 0.0257180 0.0180275 0.0729191 0.0750058 0.1718231 0.0685339 0.0250158 0.0238274 0.0621211 0.0301493
 36 N  36 0.0319464 0.0086263 0.0408003 0.0179516 0.0000000 0.0218440 0.0380799 0.0449801 0.0194686 0.0230013 0.0211959 0.0283698 0.0135270 0.4151621 0.0280942 0.0678008 0.0404486 0.0093179 0.0522054 0.0172118 0.0599681
 37 G  37 0.0167165 0.0253155 0.0121654 0.0500113 0.0016598 0.2001747 0.4299109 0.0118109 0.0071375 0.0107591 0.0495555 0.0265990 0.0048230 0.0017512 0.0000000 0.0220655 0.0351987 0.0000000 0.0072423 0.0233699 0.0637334
 38 K  38 0.0539492 0.2209123 0.0076110 0.0200753 0.0017313 0.0268410 0.0641620 0.0079951 0.0172797 0.0434235 0.0407375 0.1524266 0.0166002 0.0543879 0.0542363 0.0581444 0.0508693 0.0000000 0.0006894 0.0252997 0.0826283
 39 Y  39 0.0478084 0.0177105 0.1167513 0.1140674 0.0098011 0.0336027 0.0343468 0.3038387 0.0054419 0.0108645 0.0489387 0.0475364 0.0076213 0.0037703 0.0115379 0.0185067 0.0321109 0.0054031 0.0122342 0.0403785 0.0777286
 40 G  40 0.0582365 0.0014987 0.0107099 0.0161906 0.1733912 0.0231964 0.0072979 0.1086420 0.0121550 0.0081337 0.1681091 0.0206372 0.0390351 0.0312860 0.0106749 0.0958192 0.0595964 0.0032884 0.0452113 0.0099321 0.0969583
 41 K  41 0.0259561 0.0891037 0.0264605 0.1280006 0.0000000 0.0474530 0.0880662 0.0161610 0.0324899 0.0120675 0.0207907 0.1375474 0.0036213 0.0126222 0.0040457 0.0851031 0.0911322 0.0023027 0.0219129 0.1056609 0.0495025
 42 C  42 0.0388507 0.0173388 0.1547901 0.0760110 0.5087518 0.0424885 0.0120567 0.0397218 0.0079888 0.0045464 0.0022098 0.0136661 0.0242028 0.0000000 0.0014198 0.0106848 0.0060824 0.0000000 0.0015361 0.0000000 0.0376534
 43 G  43 0.0733245 0.0140629 0.0456139 0.0010875 0.0015801 0.0645818 0.0082062 0.0455182 0.0019852 0.1382693 0.0057838 0.0036736 0.0338384 0.0044652 0.0066727 0.0728082 0.1454355 0.0068189 0.0119007 0.2852971 0.0290762
 44 W  44 0.0152662 0.1250854 0.0322240 0.0027600 0.0026159 0.0630064 0.0352404 0.0080922 0.0115806 0.0703643 0.0237907 0.0434290 0.0210627 0.0091092 0.0000000 0.1275548 0.3068463 0.0057510 0.0242019 0.0484921 0.0235268
 45 A  45 0.5346707 0.0025573 0.0064236 0.0198463 0.0000000 0.0040902 0.0442673 0.0291399 0.0253888 0.0235929 0.0416500 0.0029082 0.0071886 0.0388975 0.0031860 0.0635597 0.0357475 0.0000000 0.0293835 0.0639753 0.0235268
 46 E  46 0.0043600 0.0474355 0.1560776 0.0610701 0.0000000 0.0542209 0.2144076 0.0076014 0.0343057 0.0306632 0.0121644 0.0354325 0.0079788 0.0087275 0.0179913 0.0480190 0.1915562 0.0016552 0.0015913 0.0395715 0.0251703
 47 Y  47 0.0276380 0.0018426 0.0010060 0.0028559 0.0000000 0.0000000 0.0000000 0.0000000 0.0030444 0.0172912 0.0398601 0.0000000 0.0132193 0.1301095 0.0016298 0.0052518 0.0444935 0.0193229 0.6525125 0.0174388 0.0224839
 48 T  48 0.0551819 0.0480515 0.0195536 0.0118536 0.0000000 0.0184431 0.0741095 0.0325825 0.0138717 0.0194049 0.0112433 0.0343686 0.0039099 0.0033896 0.0081334 0.2573437 0.3301550 0.0077678 0.0027920 0.0263735 0.0214708
 49 P  49 0.0329348 0.0371943 0.0154676 0.0176631 0.0000000 0.0302788 0.0283462 0.0011696 0.0083050 0.0590674 0.4072687 0.0553420 0.0328578 0.0252278 0.0940262 0.0082283 0.0256993 0.0044885 0.0135462 0.0814174 0.0214708
 50 E  50 0.0258904 0.0866508 0.1300491 0.2028503 0.0000000 0.0530034 0.1756579 0.0325161 0.0016973 0.0037418 0.0159482 0.0706975 0.0105652 0.0000000 0.0166985 0.0717707 0.0612519 0.0027061 0.0076266 0.0092074 0.0214708
 51 G  51 0.0368069 0.0033574 0.1279104 0.4278102 0.0000000 0.0156262 0.0654789 0.1544634 0.0054923 0.0039078 0.0055921 0.0089131 0.0066095 0.0000000 0.0540804 0.0494848 0.0089388 0.0000000 0.0022956 0.0034048 0.0198273
 52 K  52 0.0120945 0.0395221 0.0692237 0.1565833 0.0000000 0.0272414 0.0454833 0.4544560 0.0090079 0.0024637 0.0059968 0.0575255 0.0000000 0.0029570 0.0072908 0.0309661 0.0256961 0.0000000 0.0290240 0.0058483 0.0186194
 53 S  53 0.0233984 0.0285382 0.0829927 0.0293938 0.0000000 0.0132094 0.0444422 0.1543440 0.0160176 0.0122020 0.0372092 0.1122833 0.0156575 0.0040699 0.0010950 0.1306187 0.2072310 0.0000000 0.0155105 0.0511262 0.0206605
 54 V  54 0.0186461 0.0316910 0.0122725 0.0144029 0.0000000 0.0000000 0.0073453 0.0076354 0.0032053 0.3428710 0.1149036 0.0113117 0.0092801 0.0493584 0.0050109 0.0164612 0.0159137 0.0000000 0.0342742 0.2852513 0.0201655
 55 K  55 0.0498601 0.0980841 0.0525626 0.0598665 0.0023722 0.0507232 0.0480857 0.0443820 0.0272570 0.0703239 0.0541866 0.1508330 0.0077493 0.0120074 0.0000000 0.1210273 0.0731684 0.0042350 0.0137930 0.0393172 0.0201655
 56 V  56 0.0224247 0.0044476 0.0368569 0.0231774 0.0000000 0.0205641 0.0071077 0.0028622 0.0009341 0.0611788 0.0729283 0.0039057 0.0379219 0.0127130 0.0011590 0.0079386 0.0247275 0.0000000 0.0049970 0.6299896 0.0241660
 57 S  57 0.0188527 0.0539548 0.0862361 0.0779691 0.0040104 0.0212940 0.0685763 0.0039979 0.0091721 0.0799332 0.1172437 0.0698244 0.0178726 0.0271625 0.0020290 0.0536812 0.1370656 0.0033938 0.0194093 0.1047003 0.0236210
 58 R  58 0.0437952 0.0385810 0.5032175 0.0130068 0.0041440 0.0147594 0.0110280 0.0157702 0.0193284 0.0078485 0.0032050 0.0055520 0.0042187 0.0314759 0.0000000 0.0709667 0.0707447 0.0000000 0.0970925 0.0216447 0.0236210
 59 Y  59 0.0332376 0.1342710 0.0116888 0.0190924 0.0122085 0.0315682 0.0415620 0.0132069 0.0079061 0.0451346 0.0106062 0.0551377 0.0036281 0.0703567 0.0000000 0.1747669 0.1548515 0.0406586 0.0907187 0.0257786 0.0236210
 60 D  60 0.0195371 0.0567563 0.1279833 0.0434733 0.1402271 0.0625885 0.0746863 0.1698043 0.0377731 0.0050053 0.0150845 0.0047924 0.0179187 0.0446370 0.0019605 0.0389550 0.0372506 0.0029489 0.0547697 0.0203886 0.0234594
 61 V  61 0.0225729 0.1410591 0.0307771 0.0058621 0.0023313 0.0259109 0.0099733 0.0330847 0.0000000 0.0926052 0.0652084 0.0236376 0.0169162 0.0710953 0.0338409 0.0378249 0.1266406 0.0277251 0.0614550 0.1494793 0.0220002
 62 I  62 0.0639001 0.1028413 0.0275650 0.0476122 0.0288164 0.0203248 0.0525608 0.0083661 0.0101778 0.0839673 0.0446514 0.1195728 0.0052943 0.0702397 0.0701063 0.0650458 0.0260937 0.0166341 0.0169548 0.0915824 0.0276928
 63 H  63 0.0493348 0.0272997 0.1521269 0.2424443 0.0021871 0.0072672 0.0404372 0.0552995 0.0342528 0.0030688 0.0232433 0.1070135 0.0043044 0.0068174 0.0213157 0.0450465 0.1468999 0.0000000 0.0028776 0.0062087 0.0225546
 64 G  64 0.0137701 0.0139900 0.0660073 0.0706944 0.0078848 0.0731080 0.0346490 0.5304623 0.0047204 0.0054745 0.0044474 0.0434486 0.0029272 0.0101258 0.0444874 0.0204345 0.0117078 0.0036222 0.0105149 0.0012027 0.0263207
 65 K  65 0.0311060 0.0786092 0.0494653 0.0547849 0.0086791 0.0704396 0.1068187 0.0468098 0.0172363 0.0285055 0.0333660 0.1241113 0.0328620 0.0196059 0.0334914 0.0751809 0.0865155 0.0037915 0.0179327 0.0540772 0.0266112
 66 E  66 0.0276803 0.0801355 0.0263664 0.0183106 0.0634201 0.0413386 0.0914835 0.0125119 0.0053234 0.0468593 0.1056699 0.0567231 0.0122796 0.0486986 0.0668096 0.0283436 0.0284472 0.1358822 0.0101381 0.0633967 0.0301818
 67 Y  67 0.0228619 0.0857162 0.0926053 0.0710499 0.0000000 0.0627550 0.0810792 0.0540089 0.0089240 0.0250067 0.0287801 0.1448485 0.0131956 0.0030191 0.0042271 0.0875203 0.0728023 0.0227523 0.0399623 0.0464935 0.0323919
 68 F  68 0.0261270 0.0417594 0.0647403 0.0145048 0.0132523 0.0881242 0.1386919 0.0321531 0.0347200 0.0317646 0.0143865 0.0480801 0.0034010 0.0532546 0.0104259 0.1021010 0.1329996 0.0015839 0.0433168 0.0734836 0.0311293
 69 M  69 0.1941183 0.0195004 0.0154339 0.0052580 0.0092714 0.0190803 0.0085983 0.0028641 0.0022187 0.2333098 0.0746197 0.0153639 0.0403106 0.0525621 0.0151932 0.0730663 0.0203927 0.0057809 0.0557521 0.1108185 0.0264868
 70 E  70 0.0117530 0.0751017 0.0514182 0.0517869 0.0000000 0.0399383 0.2245861 0.0011655 0.0138941 0.0682920 0.0385020 0.0709636 0.0043547 0.0068075 0.0053827 0.0791234 0.1461211 0.0036462 0.0148865 0.0686226 0.0236540
 71 G  71 0.0456521 0.0289587 0.0059752 0.0212294 0.0316599 0.0050355 0.0301445 0.6731328 0.0116665 0.0000000 0.0075298 0.0154920 0.0170841 0.0117705 0.0215887 0.0145915 0.0140743 0.0013228 0.0079449 0.0114207 0.0237260
 72 T  72 0.0105352 0.1052396 0.0678615 0.0270222 0.0012141 0.0233968 0.0972326 0.0025725 0.0170009 0.0339489 0.0378647 0.1519166 0.0094527 0.0070151 0.0019852 0.0569027 0.2124236 0.0030249 0.0197302 0.0869513 0.0267085
 73 A  73 0.5881565 0.0078215 0.0000000 0.0053187 0.0131438 0.0028867 0.0000000 0.0738613 0.0016760 0.0653960 0.0712590 0.0000000 0.0228186 0.0055591 0.0027497 0.0051701 0.0042939 0.0000000 0.0341226 0.0534135 0.0423530
 74 Y  74 0.0094835 0.1162157 0.0155435 0.0137518 0.0008260 0.0494101 0.0396256 0.0000000 0.0114512 0.0169746 0.0156521 0.1294051 0.0077652 0.0613635 0.0000000 0.0510219 0.1865490 0.0168899 0.1292387 0.0694636 0.0593691
 75 P  75 0.0431067 0.0201343 0.0110826 0.0036721 0.0291322 0.0367353 0.0016102 0.0055683 0.0127897 0.0967063 0.0534103 0.0632273 0.0060874 0.1628569 0.1416784 0.0109188 0.0146673 0.0285356 0.0041930 0.1746718 0.0792157
 76 V  76 0.1008712 0.0153295 0.0287329 0.0131348 0.0000000 0.0552702 0.0589704 0.0097111 0.0013548 0.0718243 0.0574251 0.0345773 0.0164792 0.0044515 0.0846654 0.0434042 0.1118432 0.0077689 0.0048351 0.2149138 0.0644372
 77 G  77 0.0511012 0.0134368 0.0953466 0.2766639 0.0000000 0.0221572 0.0802266 0.1289923 0.0066828 0.0288191 0.0052670 0.0216172 0.0017157 0.0105812 0.0317755 0.0950497 0.0101255 0.0181061 0.0082654 0.0252596 0.0688105
 78 D  78 0.0352168 0.0465445 0.0483454 0.1336354 0.0000000 0.0261595 0.1002290 0.0533604 0.0034391 0.0069379 0.0170797 0.0590080 0.0029601 0.0000000 0.2574492 0.0600076 0.0773198 0.0000000 0.0041990 0.0139717 0.0541368
 79 S  79 0.1302212 0.0176441 0.0577745 0.0761923 0.0000000 0.0158727 0.0732518 0.0793545 0.0033428 0.0058195 0.0055951 0.0418113 0.0024235 0.0108714 0.1152212 0.1771568 0.0970505 0.0000000 0.0000000 0.0254140 0.0649828
 80 K  80 0.0158424 0.0193475 0.0930602 0.0992153 0.0030290 0.0527655 0.1009132 0.1199258 0.0250571 0.0089885 0.0160743 0.1105109 0.0093243 0.0186359 0.0223176 0.0673437 0.1045269 0.0043993 0.0138080 0.0336511 0.0612637
 81 I  81 0.0351305 0.0195698 0.1012963 0.0370765 0.0000000 0.0424850 0.0807040 0.0432093 0.0028890 0.0283239 0.0336691 0.0177465 0.0061113 0.0342502 0.2076379 0.0838018 0.0874110 0.0000000 0.0053823 0.0421506 0.0911548
 82 G  82 0.3376742 0.0107517 0.0184068 0.0265177 0.0000000 0.0255604 0.0239568 0.3072257 0.0023560 0.0128412 0.0176329 0.0443350 0.0000000 0.0072467 0.0276634 0.0461471 0.0131081 0.0000000 0.0051619 0.0091316 0.0642826
 83 K  83 0.0480388 0.1013014 0.0307792 0.0000000 0.0031405 0.0484800 0.0223905 0.0353534 0.0387016 0.0161218 0.0306887 0.3508452 0.0363568 0.0237364 0.0308911 0.0371718 0.0113563 0.0040571 0.0288499 0.0426472 0.0590920
 84 I  84 0.0245432 0.0194819 0.0237105 0.0157338 0.0139109 0.0000000 0.0000000 0.0439029 0.0032401 0.0258072 0.5091806 0.0357502 0.0549792 0.0596043 0.0000000 0.0114296 0.0177704 0.0359045 0.0348975 0.0058190 0.0643342
 85 Y  85 0.0315331 0.0596027 0.0299828 0.0086055 0.0106119 0.0478271 0.0348282 0.0418339 0.0362819 0.0539735 0.0692043 0.2134766 0.0095661 0.0871048 0.0000000 0.0377768 0.0795850 0.0161876 0.0677755 0.0278611 0.0363816
 86 H  86 0.0052192 0.0061846 0.0299735 0.0133540 0.0040911 0.0085002 0.0037681 0.0049153 0.0207370 0.0515888 0.0901149 0.0136981 0.0328246 0.0731593 0.0042058 0.0172344 0.0105168 0.0523868 0.0160145 0.4999861 0.0415270
 87 S  87 0.0135665 0.1246125 0.0430170 0.0182248 0.0116181 0.0410233 0.0148061 0.0445988 0.0160205 0.0232743 0.0246070 0.0749024 0.0098185 0.0114914 0.0077234 0.2434489 0.1457874 0.0096770 0.0282414 0.0387271 0.0548135
 88 R  88 0.0122231 0.0109127 0.0125367 0.0069255 0.0323053 0.0052596 0.0048491 0.0073809 0.0522147 0.0179160 0.0415354 0.0140386 0.0098167 0.5002905 0.0138562 0.0065285 0.0246144 0.0181388 0.1144425 0.0438716 0.0503429
 89 T  89 0.0712394 0.0161294 0.0712629 0.0434933 0.0025866 0.0232484 0.0113660 0.0104928 0.0272974 0.0302531 0.0491819 0.0348933 0.0167216 0.1673238 0.1109934 0.0648181 0.1072693 0.0080245 0.0258925 0.0152887 0.0922235
 90 V  90 0.0224645 0.0440016 0.0512164 0.0349448 0.0035946 0.0220822 0.0357642 0.1289217 0.0101238 0.0445013 0.0353417 0.0189783 0.0088796 0.0878069 0.0660133 0.0985106 0.0526583 0.0020327 0.0283119 0.0618331 0.1420186
 91 G  91 0.0429219 0.0154425 0.0471586 0.0380066 0.0035708 0.0258211 0.0323569 0.1471703 0.0030891 0.0191380 0.0683823 0.0360106 0.0113687 0.0534491 0.0651830 0.0378622 0.0264795 0.0242898 0.0429431 0.0165645 0.2427913
 92 G  92 0.0393420 0.0255321 0.0388027 0.0416704 0.0000000 0.0302704 0.0118675 0.1269064 0.0054245 0.0222546 0.0684288 0.0256443 0.0035893 0.0060040 0.2050835 0.0611322 0.0084278 0.0560714 0.0136873 0.0114236 0.1984373
 93 Y  93 0.0295668 0.0178351 0.0431592 0.0184792 0.0000000 0.0592940 0.0392463 0.0265999 0.0043429 0.0361305 0.0941369 0.0299407 0.0070819 0.1116067 0.0321075 0.0289315 0.0408216 0.0918688 0.0559708 0.0760165 0.1568632
 94 T  94 0.0476212 0.0160034 0.0430379 0.0226189 0.0000000 0.0237568 0.0302028 0.0230089 0.0127394 0.0373244 0.0386154 0.0246753 0.0312773 0.0345194 0.2879318 0.0719401 0.1205997 0.0159546 0.0188515 0.0460522 0.0532688
 95 K  95 0.0315977 0.0303695 0.0366177 0.0241116 0.0000000 0.0187267 0.0263857 0.1250750 0.0000000 0.0690662 0.0246079 0.0087821 0.0051642 0.2268457 0.1199332 0.0378060 0.0539779 0.0150414 0.0320015 0.0649549 0.0489353
 96 K  96 0.0493083 0.0330170 0.0570058 0.0919957 0.0015789 0.0449686 0.0785345 0.0440929 0.0073128 0.0265314 0.0104110 0.0903714 0.0100770 0.0068875 0.0304937 0.0850366 0.0538283 0.0233773 0.1484870 0.0573372 0.0493471
 97 T  97 0.1868416 0.0082065 0.0248136 0.0475971 0.0000000 0.0274372 0.0335237 0.2525920 0.0096322 0.0356416 0.0225678 0.0036375 0.0047826 0.0109481 0.0215497 0.0960606 0.0682580 0.0000000 0.0444161 0.0615738 0.0399203
 98 V  98 0.0233073 0.0137096 0.1514831 0.2392037 0.0000000 0.0178784 0.0439836 0.0581770 0.0094878 0.0183344 0.0234973 0.0301767 0.0009412 0.0000000 0.1367325 0.0811218 0.0381281 0.0037098 0.0086154 0.0622438 0.0392685
 99 F  99 0.0158448 0.0011699 0.0016722 0.0000000 0.0008639 0.0062693 0.0000000 0.0000000 0.0347380 0.0278107 0.0587043 0.0033679 0.0241551 0.0827426 0.0027038 0.0043342 0.0351866 0.0120762 0.6059239 0.0507398 0.0316967
100 N 100 0.0109835 0.0522993 0.0713320 0.0221357 0.0008039 0.0275756 0.0167504 0.0008761 0.0210729 0.0440080 0.0384008 0.0416054 0.0088950 0.0203901 0.0000000 0.0288922 0.0316757 0.3324474 0.1035576 0.0860697 0.0402288
101 V 101 0.0019199 0.0017239 0.0000000 0.0000000 0.0000000 0.0000000 0.0051974 0.0030962 0.0000000 0.2759294 0.0196428 0.0120872 0.0100115 0.0040758 0.0074914 0.0000000 0.0109760 0.0000000 0.0000000 0.6195981 0.0282504
102 L 102 0.0327565 0.0000000 0.0000000 0.0000000 0.0000000 0.0039554 0.0010743 0.0022629 0.0000000 0.1699688 0.4464554 0.0000000 0.0644192 0.0648685 0.0029670 0.0013162 0.0127402 0.0054565 0.0013507 0.1623056 0.0281028
103 S 103 0.2015242 0.0192150 0.0059885 0.2612548 0.0000000 0.0074390 0.1097298 0.0442952 0.0305013 0.0036378 0.0076029 0.0435172 0.0118804 0.0109889 0.0030281 0.0649411 0.0124514 0.0162097 0.1105923 0.0013610 0.0338414
104 T 104 0.0183757 0.0057307 0.0065994 0.0036840 0.0106881 0.0047563 0.0034118 0.0009071 0.0157357 0.0409781 0.1879142 0.0029590 0.0012064 0.0025866 0.0072399 0.0388871 0.5215220 0.0000000 0.0039658 0.0845843 0.0382677
105 D 105 0.0050522 0.0018308 0.0547979 0.7392451 0.0000000 0.0154911 0.0236048 0.0251082 0.0000000 0.0079851 0.0000000 0.0186713 0.0000000 0.0000000 0.0030643 0.0248037 0.0125368 0.0000000 0.0000000 0.0092587 0.0585502
106 N 106 0.0224987 0.0241167 0.0202738 0.0266384 0.0000000 0.0200931 0.0294073 0.0172560 0.0106437 0.0093243 0.0000000 0.0307436 0.0000000 0.0072945 0.1062564 0.0094307 0.0009567 0.0000000 0.5753740 0.0018308 0.0878614
107 K 107 0.0139830 0.0194147 0.0643016 0.3771574 0.0000000 0.0316090 0.1824432 0.0047817 0.0032319 0.0065796 0.0103059 0.0547846 0.0000000 0.0021650 0.0132325 0.0310841 0.0854689 0.0013776 0.0106177 0.0295330 0.0579286
108 N 108 0.0107792 0.0164844 0.2842153 0.1021504 0.0000000 0.0242382 0.0617870 0.0406651 0.0173426 0.0070869 0.0043388 0.0155884 0.0026913 0.0000000 0.0000000 0.1367877 0.0728429 0.0000000 0.1142077 0.0043720 0.0844220
109 Y 109 0.0091255 0.0040160 0.0000000 0.0000000 0.0000000 0.0017054 0.0016722 0.0042683 0.0108150 0.0062251 0.0117191 0.0000000 0.0050882 0.0796208 0.0032841 0.0145367 0.0030414 0.0374178 0.6273550 0.0041324 0.1759768
110 I 110 0.4715951 0.0197072 0.0030055 0.0025131 0.0040758 0.0146790 0.0060579 0.0209960 0.0009325 0.0251825 0.0109690 0.0033884 0.0016418 0.0024104 0.0023722 0.1333999 0.0338833 0.0000000 0.0091055 0.0178323 0.2162526
111 I 111 0.0043568 0.0007923 0.0014170 0.0015789 0.0178547 0.0016906 0.0000000 0.0248038 0.0077559 0.1893681 0.2185134 0.0000000 0.0067153 0.0275136 0.0040699 0.0037930 0.0085902 0.0051573 0.0285968 0.2140939 0.2333387
112 G 112 0.0714285 0.0111187 0.0076899 0.0164194 0.0000000 0.0203894 0.0054025 0.0258776 0.0104553 0.0762133 0.0809098 0.0054392 0.0216665 0.0326993 0.0013358 0.0117767 0.0326441 0.0000000 0.0115793 0.3074881 0.2494665
113 Y 113 0.0112638 0.0019504 0.0014123 0.0049562 0.0023231 0.0013242 0.0089368 0.0093381 0.0259811 0.0102757 0.0491809 0.0042771 0.0396179 0.0486155 0.0172733 0.0084072 0.0039184 0.0709432 0.3704995 0.0153686 0.2941368
114 S 114 0.0287606 0.0549798 0.0192492 0.0288055 0.0023027 0.0079163 0.0035293 0.0379842 0.0311423 0.0104668 0.0376899 0.0050117 0.0280356 0.0089571 0.0072044 0.2677224 0.0684695 0.0000000 0.0210932 0.0358516 0.2948280
115 C 115 0.0017351 0.0210113 0.0023722 0.0000000 0.5366214 0.0079629 0.0036362 0.0159156 0.0016057 0.0160655 0.0018984 0.0138190 0.0000000 0.0000000 0.0015872 0.0128409 0.0048434 0.0000000 0.0616076 0.0127457 0.2837319
116 R 116 0.0401870 0.0918419 0.0170704 0.0259771 0.0000000 0.1358261 0.0427181 0.0992365 0.0006188 0.0173898 0.0067251 0.1080433 0.0133632 0.0018202 0.0040122 0.0718991 0.0438225 0.0010976 0.0022729 0.0627695 0.2133086
117 Y 117 0.0180538 0.0267515 0.0274779 0.0234177 0.0073194 0.0426856 0.0592337 0.0096261 0.0122834 0.0036431 0.0273442 0.0285429 0.0030614 0.0373349 0.0403769 0.0176649 0.1223323 0.0916790 0.1597958 0.0178292 0.2235464
118 D 118 0.2260970 0.0079454 0.1008272 0.0823431 0.0000000 0.0110350 0.0061456 0.0094967 0.0051959 0.0227246 0.0329226 0.0410850 0.0149072 0.0543099 0.0016752 0.0936270 0.0897481 0.0000000 0.0366557 0.0282046 0.1350543
119 E 119 0.0351716 0.0136092 0.0369182 0.0565956 0.0016600 0.0093652 0.0328990 0.0510566 0.0039274 0.1463492 0.1829270 0.0799596 0.0165184 0.0363802 0.0379187 0.0455963 0.0383602 0.0024104 0.0028570 0.0757207 0.0937993
120 D 120 0.0284216 0.0088800 0.0399870 0.0898086 0.0000000 0.0118663 0.0326400 0.0531976 0.0030645 0.1159916 0.0777153 0.0355084 0.0070306 0.0369742 0.0046907 0.0793217 0.0410659 0.0066592 0.0042884 0.2321947 0.0906937
121 K 121 0.0721328 0.0112717 0.0419920 0.0308010 0.0051324 0.0142897 0.0281691 0.3900564 0.0076868 0.0068585 0.0040565 0.0461571 0.0018871 0.0020433 0.0107988 0.1406004 0.0572986 0.0283909 0.0035593 0.0173092 0.0795084
122 K 122 0.0330196 0.0381516 0.0662244 0.0863998 0.0000000 0.0277919 0.0594683 0.1648560 0.0157484 0.0214407 0.0503165 0.0265336 0.0000000 0.0397613 0.0585012 0.0862953 0.0802316 0.0102343 0.0268263 0.0257541 0.0824450
123 G 123 0.0497608 0.0281628 0.0337643 0.0216327 0.0324603 0.0302292 0.0232510 0.0526942 0.0100545 0.0265384 0.0146161 0.0587323 0.0101903 0.0811248 0.2504951 0.0719132 0.0351631 0.0071213 0.0413480 0.0377580 0.0829896
124 H 124 0.0327773 0.0980290 0.1171133 0.0912005 0.0140043 0.0102249 0.0059832 0.0453496 0.1312752 0.0080697 0.0140028 0.0783024 0.0024960 0.0157546 0.0196316 0.1431247 0.0548920 0.0000000 0.0299298 0.0244394 0.0633996
125 W 125 0.0489858 0.2443943 0.0131607 0.0619287 0.0000000 0.0315737 0.0345829 0.0488659 0.0209046 0.0201818 0.0765756 0.0641695 0.0219813 0.0430453 0.0010278 0.0317466 0.1011384 0.0046578 0.0403055 0.0457764 0.0449972
126 D 126 0.0142135 0.0446916 0.0558193 0.1992404 0.0000000 0.0672828 0.1126409 0.0217838 0.0154246 0.0296961 0.0485040 0.0930300 0.0034686 0.0035549 0.0000000 0.1219347 0.0196929 0.0000000 0.0050563 0.0748377 0.0691280
127 H 127 0.0154650 0.0144008 0.0977637 0.0070929 0.0007867 0.0160287 0.0054863 0.0602008 0.0234961 0.0239635 0.0440767 0.0177115 0.0220091 0.1022406 0.0000000 0.1183991 0.0359302 0.0249076 0.3031880 0.0061790 0.0606738
128 V 128 0.2235368 0.0000000 0.0113439 0.0000000 0.0115209 0.0000000 0.0000000 0.0715286 0.0016500 0.0364305 0.3136301 0.0020499 0.0164542 0.0399997 0.0000000 0.0912196 0.0148171 0.0028744 0.0264984 0.1045739 0.0318722
129 W 129 0.0029511 0.0000000 0.0025822 0.0000000 0.0000000 0.0179730 0.0000000 0.0000000 0.0027497 0.0122253 0.0451112 0.0454215 0.0047074 0.1192029 0.0000000 0.0060789 0.0266283 0.6054928 0.0164873 0.0292511 0.0631374
130 V 130 0.0000000 0.0000000 0.0000000 0.0000000 0.0000000 0.0059616 0.0000000 0.0000000 0.0000000 0.4396928 0.2013042 0.0495944 0.0134504 0.0240921 0.0000000 0.0000000 0.0019420 0.0000000 0.0075945 0.2089108 0.0474572
131 L 131 0.0092144 0.0000000 0.0000000 0.0000000 0.0000000 0.0091683 0.0000000 0.0000000 0.0089085 0.0167233 0.6420925 0.0044705 0.0817109 0.0900121 0.0000000 0.0000000 0.0000000 0.0028744 0.0931830 0.0034305 0.0382115
132 S 132 0.1735079 0.0173426 0.0033722 0.0000000 0.0140492 0.0062537 0.0000000 0.0701811 0.0111993 0.0000000 0.0016126 0.0012656 0.0000000 0.0081915 0.0000000 0.5309380 0.1162767 0.0000000 0.0016463 0.0100480 0.0341152
133 R 133 0.0000000 0.9269542 0.0000000 0.0000000 0.0000000 0.0035736 0.0014471 0.0000000 0.0023606 0.0000000 0.0000000 0.0222890 0.0000000 0.0000000 0.0000000 0.0072347 0.0000000 0.0000000 0.0000000 0.0000000 0.0361408
134 S 134 0.0215360 0.0316334 0.0684409 0.1180945 0.0000000 0.0702895 0.1523541 0.0099472 0.0259216 0.0024390 0.0027766 0.0523553 0.0017481 0.0028262 0.0000000 0.1080704 0.2758101 0.0000000 0.0016745 0.0046676 0.0494150
135 M 135 0.0355768 0.1906791 0.0139474 0.0000000 0.0000000 0.0427111 0.0053836 0.0014256 0.0028104 0.0049437 0.0148930 0.1274389 0.0173894 0.0000000 0.4208596 0.0156344 0.0288669 0.0000000 0.0050281 0.0065405 0.0658716
136 V 136 0.0214369 0.0250900 0.0684732 0.0748026 0.0025748 0.1144194 0.1244394 0.0132436 0.0425596 0.0202477 0.0333899 0.0384282 0.0053797 0.0121604 0.0029334 0.0811458 0.1866604 0.0007239 0.0178239 0.0461322 0.0679351
137 L 137 0.0169900 0.0074071 0.0020621 0.0000000 0.0000000 0.0016386 0.0016943 0.0055697 0.0008102 0.0979537 0.4186331 0.0000000 0.0834452 0.0252646 0.1239795 0.0048023 0.0196642 0.0017181 0.0043578 0.1090752 0.0749342
138 T 138 0.0466002 0.0396000 0.0372874 0.1510704 0.0000000 0.0083935 0.0504687 0.0400914 0.0042347 0.0030772 0.0048294 0.0187603 0.0000000 0.0064139 0.1819789 0.2392378 0.0864629 0.0000000 0.0084974 0.0090360 0.0639599
139 G 139 0.1078526 0.0194306 0.0322920 0.1270650 0.0060528 0.0726848 0.1576537 0.0535916 0.0024375 0.0082336 0.0052530 0.0573445 0.0016861 0.0027793 0.1588952 0.0347161 0.0599074 0.0000000 0.0042732 0.0225333 0.0653175
140 E 140 0.1639602 0.0119452 0.0688975 0.1036124 0.0000000 0.0486154 0.2362157 0.0352622 0.0087885 0.0126193 0.0070110 0.0398117 0.0061174 0.0023532 0.0223635 0.0789494 0.0703732 0.0019663 0.0048828 0.0151189 0.0611361
141 A 141 0.1128266 0.0100583 0.0074506 0.0423884 0.0017919 0.0406248 0.0442120 0.0125166 0.0011695 0.1235086 0.0964533 0.0257802 0.0084655 0.0224241 0.0035664 0.0312230 0.1444268 0.0000000 0.0253225 0.1871774 0.0586134
142 K 142 0.0253176 0.0803124 0.0158293 0.0213220 0.0019313 0.0454251 0.0135531 0.0023802 0.0051416 0.1495615 0.1616623 0.1112613 0.0283001 0.0102714 0.0125811 0.0095605 0.0213676 0.0157506 0.1140626 0.0947918 0.0596166
143 T 143 0.0940839 0.0699598 0.0722280 0.1500367 0.0015691 0.1270412 0.1575427 0.0036564 0.0125502 0.0098421 0.0108962 0.0399749 0.0037535 0.0015691 0.0273682 0.0674660 0.0590760 0.0000000 0.0104932 0.0197178 0.0611750
144 A 144 0.1205312 0.0793095 0.0362038 0.0573579 0.0000000 0.0660720 0.1100700 0.0117641 0.0242464 0.0363234 0.0235283 0.1773499 0.0234266 0.0207226 0.0043086 0.0400572 0.0407029 0.0010648 0.0414784 0.0222801 0.0632021
145 V 145 0.1141058 0.0033081 0.0048711 0.0033627 0.0066974 0.0017484 0.0127111 0.0008426 0.0010674 0.1596949 0.2605815 0.0059090 0.0494676 0.0988515 0.0009680 0.0056485 0.0037026 0.0106669 0.0595267 0.1278046 0.0684637
146 E 146 0.0242903 0.1410691 0.0627461 0.0385004 0.0000000 0.0225213 0.0340828 0.0016735 0.0150471 0.0504568 0.1866235 0.0958474 0.0175227 0.0063581 0.0000000 0.0076932 0.0407291 0.0000000 0.0567014 0.0989089 0.0992285
147 N 147 0.1475396 0.0645974 0.0968296 0.0856428 0.0000000 0.1371977 0.1258283 0.0453234 0.0042359 0.0022996 0.0151307 0.0576680 0.0016943 0.0015691 0.0015185 0.0708594 0.0439738 0.0000000 0.0000000 0.0065704 0.0915212
148 Y 148 0.0526892 0.1487264 0.0110759 0.0140325 0.0000000 0.0280024 0.0285621 0.0013354 0.0106386 0.0548769 0.0534903 0.1565910 0.0116516 0.0851518 0.0000000 0.0058032 0.0378687 0.0033698 0.0504344 0.1100784 0.1356213
149 L 149 0.0844221 0.0059568 0.0013271 0.0000000 0.0151603 0.0052063 0.0026133 0.0017502 0.0014000 0.1233818 0.2843639 0.0069397 0.0236973 0.0159063 0.0027305 0.0376537 0.0160561 0.0009751 0.0156617 0.1027293 0.2520686
150 I 150 0.3047842 0.0526501 0.0237113 0.0256771 0.0000000 0.0170769 0.0161286 0.0101733 0.0019119 0.0236343 0.0801114 0.0902444 0.0014943 0.0253339 0.0000000 0.0290900 0.0294137 0.0000000 0.0054866 0.0348155 0.2282623
151 G 151 0.0832657 0.0601755 0.0328840 0.1313825 0.0000000 0.0556817 0.1514236 0.0276618 0.0111201 0.0061594 0.0000000 0.1060371 0.0031466 0.0000000 0.0380616 0.0622666 0.0736431 0.0000000 0.0019057 0.0037496 0.1514354
152 S 152 0.1000914 0.1061819 0.0630912 0.0241057 0.0000000 0.0854976 0.0799582 0.0165073 0.0143418 0.0238031 0.0364664 0.0703949 0.0040287 0.0048207 0.0054785 0.1248043 0.0576742 0.0000000 0.0114493 0.0180263 0.1532785
153 P 153 0.0198559 0.0292998 0.0601184 0.0096571 0.0053431 0.0959452 0.0162402 0.0894776 0.0099976 0.0227264 0.1491778 0.0444364 0.0389273 0.0528112 0.0128220 0.0230695 0.0076582 0.0052159 0.1076975 0.0364593 0.1630638
154 V 154 0.0118367 0.0070245 0.0357267 0.0344080 0.0219135 0.0056690 0.0256651 0.5137262 0.0077499 0.0255287 0.0147722 0.0292461 0.0139224 0.0188963 0.0027846 0.0163608 0.0021246 0.0019135 0.0341567 0.0398676 0.1367069
155 V 155 0.0080556 0.0161537 0.0024731 0.0040120 0.0000000 0.0022729 0.0000000 0.0025822 0.0055097 0.1634231 0.1623306 0.0015823 0.0169828 0.1767792 0.0166917 0.0185926 0.0140735 0.0062231 0.1703949 0.0840029 0.1278642
156 D 156 0.0349770 0.0111718 0.0916486 0.4565963 0.0000000 0.0145827 0.0480766 0.0143963 0.0148062 0.0030810 0.0034392 0.0145824 0.0000000 0.0032365 0.0483312 0.0708477 0.0172339 0.0000000 0.0042977 0.0147340 0.1339609
157 S 157 0.0246520 0.0553109 0.0191376 0.0489376 0.0055315 0.0307909 0.0494282 0.0052432 0.0000000 0.0585828 0.0922427 0.0177197 0.0147740 0.0207574 0.0944118 0.0321812 0.1645372 0.0047092 0.0046845 0.1096564 0.1467112
158 Q 158 0.0591322 0.0317781 0.0822826 0.1316193 0.0061459 0.0345191 0.0830111 0.0294745 0.0136814 0.0013462 0.0000000 0.0242371 0.0049609 0.0168201 0.0086618 0.2506797 0.0765683 0.0000000 0.0028456 0.0020908 0.1401452
159 K 159 0.0318967 0.1053802 0.0313273 0.0723058 0.0000000 0.0534193 0.0548611 0.0086552 0.0182050 0.0528385 0.0190454 0.2122258 0.0112474 0.0521329 0.0128429 0.0209522 0.0159911 0.0021995 0.0807494 0.0129716 0.1307528
160 L 160 0.0070304 0.0000000 0.0000000 0.0000000 0.0000000 0.0000000 0.0000000 0.0020260 0.0000000 0.0854686 0.3663249 0.0000000 0.0893361 0.1833777 0.0114388 0.0017237 0.0044563 0.0130597 0.0481091 0.0556255 0.1320232
161 V 161 0.0094400 0.1238420 0.0134452 0.0033666 0.0009378 0.0293202 0.0586131 0.0029570 0.0174539 0.2354197 0.0304423 0.0479932 0.0100333 0.0517180 0.0043242 0.0318956 0.0518224 0.0027305 0.0035439 0.1348226 0.1358787
162 Y 162 0.0182547 0.1034915 0.0121098 0.0415598 0.0033308 0.0062739 0.0132397 0.0023296 0.0120081 0.0521259 0.0596984 0.1301128 0.0189352 0.0633970 0.0697234 0.0295034 0.0326521 0.1039676 0.0410512 0.0290628 0.1571722
163 S 163 0.0194309 0.0142891 0.0155771 0.0033276 0.0008306 0.0132323 0.0069164 0.0067847 0.0010288 0.0619481 0.0165798 0.0111270 0.0157269 0.0016354 0.0376919 0.0348169 0.3333183 0.0000000 0.0000000 0.2196884 0.1860499
164 D 164 0.0219232 0.0347434 0.1049292 0.1984848 0.0000000 0.0227817 0.0604580 0.0089472 0.0026618 0.0171035 0.0030751 0.0637171 0.0028655 0.0011862 0.1549890 0.0448892 0.0260330 0.0000000 0.0038777 0.0247733 0.2025609
165 F 165 0.0000000 0.0174976 0.0212962 0.0020387 0.0000000 0.4936338 0.0027497 0.0062263 0.1310725 0.0087316 0.0033712 0.0198437 0.0027305 0.0186834 0.0014543 0.0034386 0.0092862 0.0000000 0.0017978 0.0123574 0.2437907
166 S 166 0.0236510 0.0137447 0.0430240 0.0817622 0.0000000 0.0086058 0.0300118 0.0699718 0.0061844 0.0026594 0.0093044 0.0343952 0.0042290 0.0000000 0.0229493 0.1597283 0.1141943 0.0000000 0.0000000 0.0131135 0.3624707
167 E 167 0.0120747 0.0145431 0.1047562 0.1189664 0.0000000 0.0522258 0.1106148 0.0354275 0.0028777 0.0000000 0.0063714 0.0284000 0.0020240 0.0023761 0.0515926 0.0155692 0.0027588 0.0000000 0.0065101 0.0020744 0.4308372
168 A 168 0.0392954 0.0142504 0.0415362 0.0555080 0.2135544 0.0152021 0.0595556 0.0107786 0.0000000 0.0075022 0.0027061 0.0204397 0.0000000 0.0000000 0.0144226 0.0263045 0.0339611 0.0000000 0.0013592 0.0049237 0.4387003
169 A 169 0.0774559 0.0180543 0.0345702 0.0174603 0.0000000 0.0052486 0.0116921 0.0528592 0.0013592 0.0098713 0.0117882 0.0052454 0.0010207 0.0071786 0.0283791 0.0508959 0.0554605 0.0013450 0.0130290 0.0207454 0.5763413
170 C 170 0.0135985 0.0028595 0.0006890 0.0016418 0.3103270 0.0000000 0.0025161 0.0009598 0.0000000 0.0016260 0.0025942 0.0044526 0.0020478 0.0000000 0.0658661 0.0020652 0.0000000 0.0020206 0.0062952 0.0000000 0.5804405
171 K 171 0.0192325 0.0302847 0.0056547 0.0087291 0.0026349 0.0272798 0.0412046 0.0405876 0.0000000 0.0040939 0.0077419 0.0423009 0.0033361 0.0209481 0.0628416 0.0081232 0.0222719 0.0000000 0.0047445 0.0151702 0.6328199
172 V 172 0.0324670 0.0074537 0.0047911 0.0254549 0.0000000 0.0120568 0.0450991 0.0052202 0.0088682 0.0139662 0.0098125 0.0017481 0.0000000 0.0054955 0.0428118 0.0203382 0.0208523 0.0000000 0.0677644 0.0309898 0.6448103
173 N 173 0.0140910 0.0142342 0.0355003 0.0204309 0.0000000 0.0105003 0.0479444 0.0398643 0.0036113 0.0042488 0.0118806 0.0069604 0.0097418 0.0000000 0.0462388 0.0362697 0.0192794 0.0000000 0.0111293 0.0000000 0.6680744
174 N 174 0.0121462 0.0039603 0.0379119 0.0176524 0.0000000 0.0205978 0.0483607 0.0020077 0.0000000 0.0055338 0.0018098 0.0125240 0.0000000 0.0000000 0.0441039 0.0441248 0.0426211 0.0000000 0.0054070 0.0061608 0.6950777
175 S 175 0.0321143 0.0020653 0.0242542 0.0114360 0.0000000 0.0049588 0.0201414 0.0051700 0.0000000 0.0042914 0.0039148 0.0036169 0.0000000 0.0000000 0.0506759 0.0660946 0.0194013 0.0000000 0.0000000 0.0078217 0.7440435
176 N 176 0.0335375 0.0070298 0.0158806 0.0176839 0.0016153 0.0034718 0.0134132 0.0303786 0.0026401 0.0050790 0.0152617 0.0016509 0.0000000 0.0041647 0.0197211 0.0369264 0.0119474 0.0000000 0.0094644 0.0016722 0.7684615
177 W 177 0.0115349 0.0033740 0.0000000 0.0000000 0.0000000 0.0175822 0.0055729 0.0013892 0.0000000 0.0064551 0.0057290 0.0018739 0.0108983 0.0483961 0.0447743 0.0086245 0.0086986 0.0059192 0.0128692 0.0379401 0.7683685
178 S 178 0.0192245 0.0012776 0.0084497 0.0000000 0.0000000 0.0028174 0.0067835 0.0060477 0.0034266 0.0000000 0.0035834 0.0044228 0.0000000 0.0020478 0.0072030 0.0179018 0.0566241 0.0038442 0.0371660 0.0023231 0.8168567
179 H 179 0.0036344 0.0000000 0.0000000 0.0043067 0.0000000 0.0066023 0.0493053 0.0025161 0.0063850 0.0056319 0.0087430 0.0000000 0.0017183 0.0073599 0.0000000 0.0129326 0.0040278 0.0000000 0.0322963 0.0096580 0.8448823
180 P 180 0.0000000 0.0000000 0.0000000 0.0022173 0.0000000 0.0000000 0.0065332 0.0000000 0.0000000 0.0000000 0.0000000 0.0042830 0.0000000 0.0000000 0.1352909 0.0000000 0.0000000 0.0000000 0.0000000 0.0026401 0.8490354
