  184         A         R         N         D         C         Q         E         G         H         I         L         K         M         F         P         S         T         W         Y         V    
  1 D   1 0.0000000 0.0000000 0.0000000 0.0925923 0.0000000 0.8146142 0.0927936 0.0000000 0.0000000 0.0000000 0.0000000 0.0000000 0.0000000 0.0000000 0.0000000 0.0000000 0.0000000 0.0000000 0.0000000 0.0000000
  2 V   2 0.0431529 0.0166399 0.0042600 0.0000000 0.0000000 0.0000000 0.0037991 0.0042108 0.0000000 0.2016671 0.0420074 0.0000000 0.0072109 0.0088761 0.0000000 0.0297977 0.1395031 0.0000000 0.0000000 0.4988750
  3 Y   3 0.0121432 0.0000000 0.0000000 0.0278796 0.0000000 0.0000000 0.0102352 0.0000000 0.0000000 0.2365138 0.0294670 0.0000000 0.0000000 0.1413006 0.1830300 0.0050264 0.0365933 0.0075045 0.1782191 0.1320874
  4 H   4 0.0171248 0.0285920 0.0361267 0.0083610 0.0000000 0.0405114 0.0053110 0.1496298 0.1437026 0.0335999 0.1194949 0.0403520 0.0000000 0.1847597 0.0000000 0.0956680 0.0140945 0.0077624 0.0619114 0.0129978
  5 D   5 0.0087487 0.0545209 0.0150947 0.1422738 0.0000000 0.0034524 0.0687897 0.0025616 0.0085929 0.0301173 0.2254457 0.0140346 0.0347767 0.1125273 0.1558642 0.0138378 0.0306645 0.0530988 0.0071016 0.0184967
  6 G   6 0.0125839 0.0301915 0.0024095 0.0000000 0.0000000 0.0101908 0.0000000 0.8250316 0.0000000 0.0000000 0.0062167 0.0121037 0.0000000 0.0000000 0.0000000 0.0988930 0.0000000 0.0000000 0.0023793 0.0000000
  7 A   7 0.1061255 0.0740697 0.0169416 0.0057694 0.0000000 0.1152133 0.0312425 0.0506605 0.0099728 0.0234289 0.0072252 0.1977193 0.0159837 0.0227351 0.1930844 0.0516149 0.0353776 0.0115439 0.0099011 0.0213905
  8 C   8 0.0035292 0.0000000 0.0000000 0.0000000 0.7809349 0.0000000 0.0021111 0.0033829 0.0000000 0.0000000 0.0061731 0.0000000 0.0000000 0.0000000 0.2016354 0.0022333 0.0000000 0.0000000 0.0000000 0.0000000
  9 P   9 0.0443111 0.0190070 0.0130066 0.0484206 0.0000000 0.1018786 0.0816734 0.0009566 0.0055779 0.0047476 0.0059573 0.0504064 0.0033856 0.0161469 0.5201891 0.0137076 0.0570987 0.0000000 0.0057252 0.0078039
 10 E  10 0.0291008 0.0297683 0.1826094 0.1912764 0.0000000 0.0113875 0.1078045 0.0778787 0.0086462 0.0241425 0.0185241 0.0654802 0.0046732 0.0000000 0.0501044 0.0409303 0.1273353 0.0000000 0.0169178 0.0134204
 11 V  11 0.0078584 0.0048863 0.0008762 0.0000000 0.0025355 0.0016815 0.0028427 0.0066598 0.0015156 0.1622000 0.0837568 0.0031510 0.0490266 0.0667015 0.1837068 0.0023172 0.0028224 0.0000000 0.0660671 0.3513945
 12 K  12 0.0535634 0.0591056 0.0335947 0.0300009 0.0000000 0.1016584 0.1252205 0.0094081 0.0029406 0.0091028 0.0091430 0.1379309 0.0167436 0.0000000 0.1673628 0.0793130 0.1349176 0.0000000 0.0000000 0.0299942
 13 P  13 0.1118642 0.0019529 0.0074888 0.0000000 0.0000000 0.0037369 0.0128029 0.0424774 0.0000000 0.0298519 0.0396405 0.0019147 0.0000000 0.0022426 0.2821905 0.0448212 0.1661638 0.0000000 0.0023849 0.2504668
 14 V  14 0.0545998 0.0043991 0.0000000 0.0213437 0.0000000 0.1427130 0.0050907 0.0021601 0.0043290 0.0711487 0.0173144 0.0505857 0.1695452 0.0071974 0.0026243 0.0097886 0.0032229 0.0000000 0.0000000 0.4339375
 15 D  15 0.0854710 0.0766935 0.0269821 0.0978480 0.0000000 0.1104415 0.1514714 0.0259126 0.0018538 0.0037244 0.0088493 0.1006729 0.0000000 0.0031751 0.1453332 0.0687685 0.0695246 0.0000000 0.0081518 0.0151264
 16 N  16 0.0240562 0.0266619 0.3889267 0.1858398 0.0000000 0.0196164 0.0256882 0.0849275 0.0131408 0.0000000 0.0027131 0.0487615 0.0015974 0.0019237 0.0528281 0.0810788 0.0282209 0.0010448 0.0121035 0.0008708
 17 F  17 0.0000000 0.0000000 0.0000000 0.0000000 0.0039103 0.0000000 0.0000000 0.0000000 0.0000000 0.0176463 0.1332141 0.0000000 0.0000000 0.6940376 0.0000000 0.0000000 0.0000000 0.0036745 0.0040958 0.1434213
 18 D  18 0.0087307 0.0024732 0.1739806 0.5851327 0.0027998 0.0569643 0.0841742 0.0031526 0.0017558 0.0018256 0.0000000 0.0122644 0.0000000 0.0000000 0.0000000 0.0540943 0.0064060 0.0000000 0.0021840 0.0040617
 19 W  19 0.0898467 0.0172858 0.0000000 0.0071867 0.0000000 0.0148626 0.0102655 0.0029185 0.0014443 0.1010334 0.4040581 0.0238303 0.0731747 0.0092631 0.0566738 0.0165171 0.0250974 0.0081615 0.0091116 0.1292688
 20 S  20 0.0669510 0.0154759 0.1311721 0.1405725 0.0000000 0.0745522 0.1499108 0.0067129 0.0110918 0.0055635 0.0018158 0.0709910 0.0056173 0.0018501 0.0587969 0.1174167 0.1213855 0.0000000 0.0024279 0.0176962
 21 Q  21 0.1008956 0.4725341 0.0169916 0.0256964 0.0000000 0.0694974 0.0189091 0.0036300 0.0000000 0.0000000 0.0159180 0.2206625 0.0000000 0.0008924 0.0077738 0.0411066 0.0026649 0.0028278 0.0000000 0.0000000
 22 Y  22 0.0000000 0.0000000 0.0000000 0.0000000 0.0000000 0.0000000 0.0000000 0.0000000 0.0000000 0.0164540 0.0334314 0.0000000 0.0417326 0.3045111 0.0000000 0.0000000 0.0000000 0.0037921 0.5875380 0.0125407
 23 H  23 0.1188396 0.0094969 0.0068304 0.0086290 0.0042704 0.0617763 0.0105286 0.0172635 0.0111201 0.0131545 0.3334087 0.0179186 0.1694222 0.0168374 0.0018327 0.0947886 0.0484733 0.0000000 0.0180850 0.0373240
 24 G  24 0.0027774 0.0073289 0.0047594 0.0030467 0.0000000 0.0000000 0.0000000 0.9725965 0.0000000 0.0000000 0.0000000 0.0000000 0.0000000 0.0000000 0.0000000 0.0027781 0.0067130 0.0000000 0.0000000 0.0000000
 25 K  25 0.0188695 0.1840585 0.0198610 0.0332047 0.0065188 0.0246530 0.0162969 0.0018465 0.0138709 0.0498528 0.0472273 0.2258868 0.0061764 0.0000000 0.0062962 0.0244225 0.2388712 0.0062176 0.0168926 0.0589768
 26 W  26 0.0000000 0.0000000 0.0000000 0.0000000 0.0000000 0.0000000 0.0000000 0.0000000 0.0000000 0.0000000 0.0000000 0.0000000 0.0000000 0.0000000 0.0000000 0.0000000 0.0000000 1.0000000 0.0000000 0.0000000
 27 W  27 0.0000000 0.0081549 0.0097125 0.0000000 0.0000000 0.0023032 0.0000000 0.0000000 0.0751930 0.0080956 0.0119632 0.0000000 0.0000000 0.0918698 0.0000000 0.0027215 0.0000000 0.0302866 0.7556361 0.0040636
 28 E  28 0.0352165 0.0020123 0.0122230 0.0325132 0.0000000 0.0808192 0.5698032 0.0064755 0.0111182 0.0453498 0.0173239 0.0022043 0.0047289 0.0000000 0.0000000 0.0100607 0.0177908 0.0012696 0.0000000 0.1510909
 29 V  29 0.0431746 0.0000000 0.0092759 0.0017362 0.0000000 0.0202418 0.0018888 0.0000000 0.0123755 0.4761538 0.0685856 0.0000000 0.0289222 0.0050851 0.0000000 0.0238868 0.0380367 0.0000000 0.0152973 0.2553398
 30 A  30 0.5419730 0.0179745 0.0023089 0.0012907 0.0007421 0.0733053 0.1419627 0.0334575 0.0274519 0.0013871 0.0121841 0.0177323 0.0030413 0.0034854 0.0000000 0.0707428 0.0237777 0.0000000 0.0204446 0.0067379
 31 K  31 0.0423641 0.4229345 0.0331450 0.0043149 0.0041483 0.0160649 0.0040372 0.0367364 0.0516818 0.0168661 0.0099601 0.1429192 0.0203667 0.0000000 0.0029662 0.1052337 0.0342754 0.0040417 0.0356231 0.0123206
 32 Y  32 0.0160329 0.0047600 0.0217884 0.0045249 0.0178900 0.0170022 0.0000000 0.0037514 0.0093439 0.1088279 0.2132635 0.0538142 0.0179472 0.0903109 0.0000000 0.0308580 0.0651964 0.0170154 0.2522007 0.0554723
 33 P  33 0.0445649 0.0105392 0.0263908 0.1628612 0.0000000 0.0066330 0.0653007 0.0122440 0.0047393 0.0042319 0.0064417 0.0498135 0.0044003 0.0776555 0.4342939 0.0373868 0.0241029 0.0032419 0.0120326 0.0131261
 34 S  34 0.0806865 0.0162911 0.1663991 0.0163084 0.0000000 0.0807685 0.0084519 0.0182896 0.1056130 0.0126330 0.0118254 0.0109812 0.0343015 0.0293306 0.0656818 0.1304831 0.1055703 0.0207668 0.0393721 0.0462462
 35 P  35 0.0564679 0.1000680 0.0201389 0.0431746 0.0017513 0.0127780 0.0496033 0.0576877 0.0126482 0.0268829 0.0583727 0.0259356 0.0187043 0.0752672 0.0763312 0.1797470 0.0699295 0.0255412 0.0247235 0.0642469
 36 N  36 0.0342949 0.0093150 0.0446843 0.0194353 0.0000000 0.0237306 0.0411642 0.0462713 0.0210295 0.0245642 0.0229292 0.0295293 0.0143782 0.4387290 0.0301001 0.0726196 0.0430447 0.0100136 0.0557898 0.0183773
 37 G  37 0.0176582 0.0278166 0.0127706 0.0538237 0.0017656 0.2150538 0.4601620 0.0127437 0.0075647 0.0115513 0.0509166 0.0288264 0.0050493 0.0018456 0.0000000 0.0231192 0.0362361 0.0000000 0.0077693 0.0253272
 38 K  38 0.0591959 0.2396268 0.0085429 0.0219845 0.0019519 0.0287466 0.0713759 0.0089567 0.0192935 0.0469364 0.0431283 0.1661092 0.0181374 0.0574888 0.0593501 0.0623456 0.0571491 0.0000000 0.0007507 0.0289296
 39 Y  39 0.0511685 0.0195285 0.1265474 0.1232575 0.0106519 0.0359621 0.0380101 0.3289153 0.0060288 0.0120596 0.0534581 0.0517888 0.0082321 0.0032939 0.0117858 0.0202747 0.0352001 0.0057890 0.0134773 0.0445707
 40 G  40 0.0654313 0.0016755 0.0115872 0.0182075 0.1899403 0.0251161 0.0082985 0.1226519 0.0135556 0.0090976 0.1837221 0.0226317 0.0433635 0.0353419 0.0112864 0.1097685 0.0640587 0.0036406 0.0492299 0.0113952
 41 K  41 0.0277641 0.0945497 0.0270958 0.1343602 0.0000000 0.0503675 0.0925399 0.0173272 0.0347088 0.0125909 0.0218878 0.1456538 0.0038577 0.0135954 0.0042671 0.0891573 0.0965432 0.0025176 0.0230969 0.1081192
 42 C  42 0.0406264 0.0176634 0.1592907 0.0777912 0.5339471 0.0439694 0.0126239 0.0409960 0.0081661 0.0048481 0.0022670 0.0121242 0.0254250 0.0000000 0.0014649 0.0109860 0.0062176 0.0000000 0.0015929 0.0000000
 43 G  43 0.0767390 0.0144502 0.0494224 0.0011063 0.0016146 0.0633433 0.0087750 0.0477856 0.0020641 0.1427229 0.0059330 0.0037160 0.0347987 0.0044060 0.0069946 0.0750393 0.1496713 0.0061122 0.0123970 0.2929084
 44 W  44 0.0159317 0.1298884 0.0337745 0.0028274 0.0025581 0.0661340 0.0364791 0.0086243 0.0116637 0.0734164 0.0239714 0.0447913 0.0223950 0.0094686 0.0000000 0.1307022 0.3076247 0.0061554 0.0241818 0.0494119
 45 A  45 0.5461833 0.0027020 0.0066017 0.0198475 0.0000000 0.0040419 0.0457769 0.0305639 0.0265973 0.0245865 0.0432081 0.0030445 0.0075678 0.0378846 0.0033563 0.0634813 0.0377525 0.0000000 0.0304174 0.0663866
 46 E  46 0.0041579 0.0486041 0.1616002 0.0631905 0.0000000 0.0562119 0.2191756 0.0077783 0.0351250 0.0316136 0.0126679 0.0368210 0.0082796 0.0090047 0.0184793 0.0489623 0.1941022 0.0014365 0.0016663 0.0411231
 47 Y  47 0.0275962 0.0018904 0.0010646 0.0029811 0.0000000 0.0000000 0.0000000 0.0000000 0.0031777 0.0177705 0.0415051 0.0000000 0.0138568 0.1327738 0.0016750 0.0053466 0.0446787 0.0200112 0.6676854 0.0179870
 48 T  48 0.0564323 0.0493977 0.0203400 0.0123681 0.0000000 0.0190450 0.0760085 0.0336999 0.0134826 0.0199747 0.0118539 0.0349559 0.0041024 0.0032045 0.0083985 0.2592762 0.3392004 0.0082919 0.0027237 0.0272439
 49 P  49 0.0329730 0.0382921 0.0169032 0.0172929 0.0000000 0.0300189 0.0294489 0.0011529 0.0083616 0.0604063 0.4156244 0.0563057 0.0338748 0.0260102 0.0970963 0.0083207 0.0266768 0.0047176 0.0136234 0.0829003
 50 E  50 0.0270643 0.0875071 0.1332337 0.2068300 0.0000000 0.0537455 0.1802461 0.0341253 0.0017483 0.0038756 0.0163350 0.0716939 0.0108852 0.0000000 0.0167478 0.0718793 0.0637108 0.0028402 0.0081755 0.0093565
 51 G  51 0.0381084 0.0034941 0.1326003 0.4331626 0.0000000 0.0161465 0.0674436 0.1567270 0.0058367 0.0038875 0.0058405 0.0092129 0.0067951 0.0000000 0.0557210 0.0500896 0.0091462 0.0000000 0.0023051 0.0034828
 52 K  52 0.0119786 0.0395149 0.0702478 0.1592105 0.0000000 0.0281114 0.0463964 0.4638533 0.0089349 0.0025812 0.0059919 0.0596590 0.0000000 0.0031499 0.0074423 0.0318065 0.0253390 0.0000000 0.0297593 0.0060232
 53 S  53 0.0236823 0.0288371 0.0848484 0.0302848 0.0000000 0.0133798 0.0455683 0.1551153 0.0167658 0.0127804 0.0380758 0.1174214 0.0156356 0.0042277 0.0011399 0.1346012 0.2103732 0.0000000 0.0154502 0.0518126
 54 V  54 0.0187888 0.0321106 0.0121978 0.0145497 0.0000000 0.0000000 0.0075788 0.0078612 0.0033592 0.3499315 0.1173617 0.0116286 0.0094629 0.0521686 0.0051894 0.0161032 0.0164754 0.0000000 0.0339386 0.2912939
 55 K  55 0.0511131 0.1005503 0.0546528 0.0614444 0.0025024 0.0521068 0.0487176 0.0449652 0.0280969 0.0699196 0.0535465 0.1546656 0.0079677 0.0115999 0.0000000 0.1239793 0.0759632 0.0046448 0.0142432 0.0393207
 56 V  56 0.0229291 0.0046706 0.0374006 0.0238702 0.0000000 0.0213249 0.0071818 0.0029778 0.0009517 0.0629209 0.0746866 0.0040539 0.0393522 0.0130351 0.0011994 0.0081299 0.0252951 0.0000000 0.0045263 0.6454939
 57 S  57 0.0196442 0.0553268 0.0887837 0.0795800 0.0041859 0.0221321 0.0676191 0.0042455 0.0091137 0.0826584 0.1186449 0.0733455 0.0184969 0.0274612 0.0021459 0.0564797 0.1405166 0.0035658 0.0200020 0.1060520
 58 R  58 0.0455527 0.0401961 0.5140873 0.0129890 0.0043325 0.0151025 0.0111790 0.0153745 0.0205306 0.0081601 0.0032336 0.0055213 0.0043807 0.0327529 0.0000000 0.0732920 0.0729543 0.0000000 0.0976220 0.0227390
 59 Y  59 0.0329082 0.1351501 0.0121837 0.0192612 0.0127047 0.0315432 0.0425137 0.0137376 0.0082290 0.0457155 0.0109054 0.0581239 0.0036499 0.0721587 0.0000000 0.1817936 0.1597749 0.0410676 0.0916881 0.0268909
 60 D  60 0.0203532 0.0589256 0.1310955 0.0429287 0.1417155 0.0654373 0.0767638 0.1723276 0.0402718 0.0052033 0.0155302 0.0048622 0.0187574 0.0438025 0.0020413 0.0399774 0.0380084 0.0030858 0.0579427 0.0209698
 61 V  61 0.0221205 0.1442644 0.0316375 0.0057466 0.0023726 0.0259089 0.0102188 0.0333004 0.0000000 0.0962637 0.0656869 0.0242493 0.0168064 0.0710659 0.0337483 0.0381426 0.1298272 0.0285669 0.0633259 0.1567470
 62 I  62 0.0670497 0.1050839 0.0277367 0.0488516 0.0287015 0.0200822 0.0538254 0.0080079 0.0101080 0.0871645 0.0459203 0.1226323 0.0055674 0.0740341 0.0730856 0.0651759 0.0273998 0.0168930 0.0178276 0.0948527
 63 H  63 0.0492665 0.0276273 0.1571419 0.2516778 0.0022910 0.0075907 0.0402008 0.0542797 0.0355673 0.0030469 0.0236092 0.1093323 0.0043657 0.0069630 0.0217055 0.0460696 0.1498792 0.0000000 0.0030769 0.0063088
 64 G  64 0.0143608 0.0146402 0.0654937 0.0731724 0.0069786 0.0757873 0.0360224 0.5461761 0.0047481 0.0053554 0.0044895 0.0440979 0.0030334 0.0103913 0.0462058 0.0210835 0.0122460 0.0036982 0.0107896 0.0012298
 65 K  65 0.0325507 0.0796979 0.0500793 0.0568749 0.0089941 0.0720465 0.1100673 0.0469913 0.0175685 0.0300805 0.0345339 0.1279106 0.0308030 0.0200910 0.0343333 0.0766601 0.0922109 0.0038130 0.0180682 0.0566251
 66 E  66 0.0277197 0.0823705 0.0269431 0.0186732 0.0660597 0.0422995 0.0937274 0.0131465 0.0054905 0.0484704 0.1109372 0.0593736 0.0124552 0.0501875 0.0683838 0.0296210 0.0288789 0.1374171 0.0103935 0.0674520
 67 Y  67 0.0238790 0.0897050 0.0954907 0.0731687 0.0000000 0.0642944 0.0848668 0.0567892 0.0094994 0.0255185 0.0299486 0.1482031 0.0134188 0.0031775 0.0043629 0.0873978 0.0767085 0.0236151 0.0413114 0.0486445
 68 F  68 0.0271483 0.0431185 0.0651295 0.0152327 0.0138726 0.0920653 0.1411856 0.0334871 0.0360524 0.0336581 0.0151721 0.0482930 0.0036844 0.0565019 0.0108488 0.1057592 0.1344211 0.0016507 0.0460283 0.0766905
 69 M  69 0.1963539 0.0204153 0.0162408 0.0054924 0.0106435 0.0193892 0.0088699 0.0030115 0.0023022 0.2425955 0.0781805 0.0160360 0.0418674 0.0530964 0.0158545 0.0743916 0.0194308 0.0060685 0.0572704 0.1124894
 70 E  70 0.0119549 0.0748780 0.0525363 0.0522860 0.0000000 0.0409337 0.2331867 0.0012056 0.0136397 0.0689344 0.0398501 0.0729658 0.0046164 0.0068743 0.0057139 0.0827337 0.1483703 0.0039267 0.0156500 0.0697434
 71 G  71 0.0464840 0.0302376 0.0062742 0.0208457 0.0293457 0.0053114 0.0308594 0.6920539 0.0119478 0.0000000 0.0078880 0.0158807 0.0172877 0.0117610 0.0225508 0.0152314 0.0147841 0.0010103 0.0085106 0.0117357
 72 T  72 0.0107988 0.1067252 0.0695231 0.0284009 0.0012798 0.0246415 0.0992966 0.0027203 0.0175610 0.0348576 0.0396313 0.1548205 0.0097212 0.0073389 0.0020577 0.0581098 0.2174535 0.0031909 0.0207002 0.0911712
 73 A  73 0.6144174 0.0083301 0.0000000 0.0057194 0.0133861 0.0031062 0.0000000 0.0770855 0.0018172 0.0692207 0.0738983 0.0000000 0.0243220 0.0059318 0.0029504 0.0053066 0.0040474 0.0000000 0.0361260 0.0543348
 74 Y  74 0.0100412 0.1206672 0.0164029 0.0143603 0.0008531 0.0525586 0.0424293 0.0000000 0.0119891 0.0180685 0.0162355 0.1379432 0.0081634 0.0657585 0.0000000 0.0562431 0.2004800 0.0183947 0.1351044 0.0743071
 75 P  75 0.0488719 0.0206865 0.0120907 0.0027892 0.0314394 0.0398429 0.0017665 0.0059394 0.0127603 0.1059219 0.0589584 0.0695338 0.0067253 0.1737925 0.1542897 0.0119386 0.0164188 0.0317884 0.0045538 0.1898920
 76 V  76 0.1101930 0.0159896 0.0327370 0.0147535 0.0000000 0.0589068 0.0610717 0.0101180 0.0014865 0.0762663 0.0608567 0.0372267 0.0177742 0.0048218 0.0908661 0.0468437 0.1188484 0.0083699 0.0053099 0.2275601
 77 G  77 0.0539561 0.0133846 0.1064390 0.2982486 0.0000000 0.0237514 0.0841395 0.1365789 0.0073803 0.0315534 0.0057661 0.0227698 0.0016721 0.0113240 0.0334019 0.1028721 0.0112398 0.0195856 0.0085876 0.0273491
 78 D  78 0.0376670 0.0481548 0.0482247 0.1427265 0.0000000 0.0276510 0.1044712 0.0558908 0.0037946 0.0092216 0.0179667 0.0643259 0.0031074 0.0000000 0.2719138 0.0619597 0.0834742 0.0000000 0.0045039 0.0149463
 79 S  79 0.1403275 0.0193766 0.0625649 0.0836851 0.0000000 0.0166339 0.0777059 0.0846896 0.0037029 0.0063311 0.0061567 0.0434263 0.0025789 0.0125249 0.1190719 0.1886211 0.1052309 0.0000000 0.0000000 0.0273718
 80 K  80 0.0154049 0.0200819 0.0984826 0.1033633 0.0032930 0.0562029 0.1083098 0.1289708 0.0260250 0.0095604 0.0172181 0.1170334 0.0100950 0.0204508 0.0236564 0.0728978 0.1123404 0.0049477 0.0148156 0.0368502
 81 I  81 0.0384659 0.0209447 0.1098777 0.0416728 0.0000000 0.0458443 0.0895373 0.0478577 0.0028996 0.0315055 0.0370206 0.0193552 0.0068415 0.0363343 0.2297272 0.0948676 0.0952534 0.0000000 0.0072815 0.0447132
 82 G  82 0.3616493 0.0111013 0.0200144 0.0296195 0.0000000 0.0267216 0.0256798 0.3291752 0.0026290 0.0137452 0.0194310 0.0449298 0.0000000 0.0078106 0.0301268 0.0484883 0.0140910 0.0000000 0.0055507 0.0092367
 83 K  83 0.0505304 0.1081703 0.0331225 0.0000000 0.0047153 0.0520338 0.0245251 0.0379515 0.0395544 0.0172878 0.0325449 0.3733138 0.0376685 0.0251434 0.0331586 0.0391692 0.0113493 0.0044379 0.0298503 0.0454732
 84 I  84 0.0267549 0.0207615 0.0249596 0.0174057 0.0151088 0.0000000 0.0000000 0.0479028 0.0033847 0.0283762 0.5419714 0.0388815 0.0580551 0.0637130 0.0000000 0.0122331 0.0186796 0.0388414 0.0368996 0.0060711
 85 Y  85 0.0332162 0.0627275 0.0288692 0.0091735 0.0109854 0.0486228 0.0360357 0.0459575 0.0382649 0.0577653 0.0725920 0.2201357 0.0101961 0.0913001 0.0000000 0.0379803 0.0801750 0.0162347 0.0703451 0.0294230
 86 H  86 0.0055039 0.0065170 0.0317536 0.0138558 0.0044320 0.0087997 0.0037233 0.0052303 0.0222426 0.0538165 0.0958363 0.0145325 0.0344462 0.0748096 0.0045399 0.0175412 0.0106603 0.0545762 0.0169597 0.5202232
 87 S  87 0.0146418 0.1320242 0.0453878 0.0184592 0.0114203 0.0433687 0.0159796 0.0476764 0.0172796 0.0248604 0.0263750 0.0807940 0.0107600 0.0123516 0.0076035 0.2571491 0.1530587 0.0103915 0.0300366 0.0403820
 88 R  88 0.0126874 0.0119366 0.0132481 0.0073540 0.0313153 0.0052880 0.0053024 0.0079507 0.0567490 0.0186544 0.0444462 0.0140566 0.0105835 0.5247194 0.0150372 0.0068570 0.0266614 0.0191426 0.1214641 0.0465463
 89 T  89 0.0770077 0.0184097 0.0793715 0.0479442 0.0030030 0.0260993 0.0126455 0.0101053 0.0307158 0.0335534 0.0538884 0.0369997 0.0184177 0.1822688 0.1225297 0.0695547 0.1227387 0.0088679 0.0289292 0.0169498
 90 V  90 0.0266187 0.0505664 0.0588831 0.0400991 0.0040221 0.0254871 0.0429468 0.1460338 0.0121656 0.0517969 0.0411542 0.0220804 0.0119253 0.1033653 0.0759662 0.1149703 0.0628346 0.0020059 0.0330971 0.0739812
 91 G  91 0.0573091 0.0204506 0.0623653 0.0496147 0.0043727 0.0341045 0.0443448 0.1955272 0.0042314 0.0256569 0.0921222 0.0460589 0.0150983 0.0693852 0.0862903 0.0493351 0.0353048 0.0319797 0.0548908 0.0215575
 92 G  92 0.0482340 0.0320213 0.0484812 0.0515688 0.0000000 0.0383282 0.0148317 0.1588095 0.0068704 0.0271266 0.0841227 0.0317395 0.0044763 0.0074999 0.2562835 0.0751272 0.0106980 0.0722020 0.0173914 0.0141881
 93 Y  93 0.0356419 0.0214745 0.0498912 0.0222845 0.0000000 0.0682033 0.0457028 0.0320870 0.0049115 0.0436233 0.1147701 0.0347711 0.0078595 0.1306558 0.0386041 0.0339823 0.0457258 0.1096026 0.0678036 0.0924051
 94 T  94 0.0486200 0.0163595 0.0455756 0.0244244 0.0000000 0.0212496 0.0328379 0.0247585 0.0137077 0.0396999 0.0410195 0.0262921 0.0350802 0.0363914 0.3033255 0.0759375 0.1287200 0.0168897 0.0203396 0.0487714
 95 K  95 0.0338679 0.0346260 0.0375570 0.0257501 0.0000000 0.0198638 0.0284000 0.1273139 0.0000000 0.0731587 0.0266280 0.0098245 0.0053936 0.2319526 0.1282336 0.0402145 0.0568419 0.0158636 0.0346931 0.0698174
 96 K  96 0.0508816 0.0336754 0.0604989 0.0975067 0.0016989 0.0469726 0.0831014 0.0467797 0.0078160 0.0271029 0.0105491 0.0959591 0.0108394 0.0069603 0.0320604 0.0888626 0.0579224 0.0234149 0.1551824 0.0622152
 97 T  97 0.1917550 0.0085694 0.0259933 0.0491008 0.0000000 0.0292874 0.0351633 0.2593044 0.0101752 0.0379057 0.0241229 0.0038300 0.0052192 0.0117001 0.0223860 0.1006224 0.0722560 0.0000000 0.0476809 0.0649279
 98 V  98 0.0229533 0.0140722 0.1559783 0.2492386 0.0000000 0.0192128 0.0459249 0.0594087 0.0100743 0.0181738 0.0248610 0.0315112 0.0007118 0.0000000 0.1480081 0.0819171 0.0400788 0.0039761 0.0091159 0.0647833
 99 F  99 0.0165835 0.0011916 0.0017753 0.0000000 0.0009011 0.0067157 0.0000000 0.0000000 0.0335114 0.0293660 0.0627565 0.0032828 0.0255710 0.0837175 0.0029522 0.0046130 0.0375248 0.0127704 0.6239820 0.0527851
100 N 100 0.0117851 0.0547635 0.0737273 0.0237523 0.0008547 0.0273657 0.0171217 0.0006560 0.0217674 0.0454613 0.0406378 0.0430690 0.0097972 0.0209657 0.0000000 0.0305497 0.0331264 0.3468302 0.1111277 0.0866413
101 V 101 0.0019137 0.0018090 0.0000000 0.0000000 0.0000000 0.0000000 0.0053734 0.0032160 0.0000000 0.2844932 0.0206312 0.0125543 0.0104590 0.0042598 0.0077226 0.0000000 0.0115070 0.0000000 0.0000000 0.6360607
102 L 102 0.0339131 0.0000000 0.0000000 0.0000000 0.0000000 0.0041392 0.0010848 0.0023999 0.0000000 0.1736219 0.4642270 0.0000000 0.0649585 0.0640577 0.0030456 0.0013881 0.0130254 0.0057826 0.0014220 0.1669341
103 S 103 0.2098368 0.0203251 0.0061941 0.2702050 0.0000000 0.0077685 0.1139700 0.0434682 0.0322261 0.0037742 0.0079676 0.0447940 0.0108497 0.0109611 0.0031557 0.0685261 0.0131450 0.0168472 0.1145667 0.0014191
104 T 104 0.0194145 0.0060073 0.0070574 0.0038622 0.0111526 0.0048527 0.0034634 0.0009546 0.0163942 0.0429196 0.1927595 0.0028495 0.0012478 0.0028439 0.0076049 0.0412518 0.5431297 0.0000000 0.0041480 0.0880865
105 D 105 0.0052767 0.0020369 0.0591880 0.7838076 0.0000000 0.0168461 0.0247098 0.0262607 0.0000000 0.0086544 0.0000000 0.0202595 0.0000000 0.0000000 0.0032482 0.0264996 0.0132455 0.0000000 0.0000000 0.0099672
106 N 106 0.0245094 0.0251542 0.0215208 0.0294772 0.0000000 0.0219050 0.0324718 0.0191735 0.0119588 0.0105516 0.0000000 0.0331471 0.0000000 0.0078681 0.1172921 0.0103101 0.0010746 0.0000000 0.6314836 0.0021024
107 K 107 0.0143608 0.0210806 0.0702272 0.4013519 0.0000000 0.0326361 0.1892327 0.0052786 0.0035122 0.0071314 0.0110820 0.0598750 0.0000000 0.0023489 0.0133347 0.0336527 0.0898705 0.0014818 0.0116198 0.0319231
108 N 108 0.0120808 0.0183301 0.3141554 0.1100547 0.0000000 0.0256400 0.0691282 0.0448684 0.0190373 0.0076060 0.0049281 0.0155165 0.0030205 0.0000000 0.0000000 0.1485816 0.0771108 0.0000000 0.1251785 0.0047630
109 Y 109 0.0114141 0.0046573 0.0000000 0.0000000 0.0000000 0.0020535 0.0020858 0.0054917 0.0129689 0.0075874 0.0143166 0.0000000 0.0062895 0.0984785 0.0038332 0.0175638 0.0036175 0.0467194 0.7580184 0.0049045
110 I 110 0.6057235 0.0239771 0.0038823 0.0032312 0.0052737 0.0185602 0.0077625 0.0266697 0.0012002 0.0329792 0.0143977 0.0041138 0.0020555 0.0032491 0.0031384 0.1669119 0.0424217 0.0000000 0.0116966 0.0227558
111 I 111 0.0057602 0.0010013 0.0018073 0.0021052 0.0232089 0.0022363 0.0000000 0.0310598 0.0094412 0.2491221 0.2892108 0.0000000 0.0088674 0.0365706 0.0054518 0.0051149 0.0106234 0.0068032 0.0369566 0.2746590
112 G 112 0.0953337 0.0154233 0.0096001 0.0222258 0.0000000 0.0263964 0.0064214 0.0363795 0.0128953 0.1017367 0.1100682 0.0071574 0.0292323 0.0402432 0.0018258 0.0163340 0.0430237 0.0000000 0.0161055 0.4095978
113 Y 113 0.0162373 0.0028998 0.0020564 0.0071614 0.0032484 0.0019094 0.0116058 0.0125772 0.0368230 0.0146961 0.0695661 0.0062188 0.0572148 0.0674471 0.0242817 0.0123989 0.0056615 0.1010485 0.5245959 0.0223518
114 S 114 0.0412551 0.0751288 0.0277960 0.0392074 0.0034017 0.0115034 0.0051084 0.0539967 0.0448020 0.0145428 0.0541243 0.0068182 0.0408376 0.0131367 0.0106892 0.3812511 0.0966648 0.0000000 0.0308761 0.0488597
115 C 115 0.0024805 0.0299170 0.0034350 0.0000000 0.7477617 0.0109138 0.0050348 0.0227322 0.0022928 0.0226607 0.0027541 0.0195834 0.0000000 0.0000000 0.0022810 0.0185043 0.0067764 0.0000000 0.0847754 0.0180970
116 R 116 0.0527660 0.1177726 0.0209652 0.0330047 0.0000000 0.1732491 0.0551926 0.1247164 0.0008007 0.0216484 0.0086843 0.1408917 0.0159013 0.0023409 0.0042424 0.0887364 0.0561051 0.0014051 0.0029806 0.0785965
117 Y 117 0.0203696 0.0351502 0.0364368 0.0313156 0.0095646 0.0556617 0.0761815 0.0127940 0.0142373 0.0043151 0.0353718 0.0366803 0.0040098 0.0493480 0.0506800 0.0228739 0.1593726 0.1176107 0.2049547 0.0230721
118 D 118 0.2588945 0.0092996 0.1193661 0.0960617 0.0000000 0.0128499 0.0069045 0.0112511 0.0064057 0.0244897 0.0388665 0.0479087 0.0161745 0.0603946 0.0020466 0.1076978 0.1070004 0.0000000 0.0425673 0.0318207
119 E 119 0.0380211 0.0154235 0.0411773 0.0624078 0.0019180 0.0106052 0.0351023 0.0561121 0.0043312 0.1659993 0.1987467 0.0892365 0.0176095 0.0400510 0.0427930 0.0511315 0.0405076 0.0028102 0.0030682 0.0829479
120 D 120 0.0319495 0.0091435 0.0447856 0.0996701 0.0000000 0.0132941 0.0345098 0.0594746 0.0034380 0.1268260 0.0856897 0.0403930 0.0079243 0.0412986 0.0053700 0.0859576 0.0441429 0.0068971 0.0050047 0.2542311
121 K 121 0.0768374 0.0125843 0.0458364 0.0318750 0.0056008 0.0156115 0.0297640 0.4255233 0.0085329 0.0075482 0.0045098 0.0521494 0.0021395 0.0020601 0.0106379 0.1520850 0.0615442 0.0335334 0.0027108 0.0189160
122 K 122 0.0365127 0.0422559 0.0744160 0.0953553 0.0000000 0.0308827 0.0639602 0.1755262 0.0173449 0.0238217 0.0572655 0.0292505 0.0000000 0.0391957 0.0647022 0.0940188 0.0861097 0.0115810 0.0291908 0.0286103
123 G 123 0.0505307 0.0312649 0.0364928 0.0233627 0.0348405 0.0341204 0.0257369 0.0604914 0.0112392 0.0270985 0.0165078 0.0638452 0.0105682 0.0927484 0.2713633 0.0769585 0.0372511 0.0080947 0.0451640 0.0423207
124 H 124 0.0346334 0.1067331 0.1236138 0.0953794 0.0133115 0.0108232 0.0064789 0.0485311 0.1440685 0.0083890 0.0144445 0.0833224 0.0025544 0.0162649 0.0210756 0.1542279 0.0582456 0.0000000 0.0326819 0.0252208
125 W 125 0.0511385 0.2556379 0.0129341 0.0623839 0.0000000 0.0342788 0.0352909 0.0511559 0.0212389 0.0202549 0.0812729 0.0694315 0.0236565 0.0460166 0.0010556 0.0335466 0.1064258 0.0050428 0.0430120 0.0462260
126 D 126 0.0153928 0.0469120 0.0580832 0.2140183 0.0000000 0.0715523 0.1206240 0.0236275 0.0170985 0.0325253 0.0526401 0.0977138 0.0038151 0.0037079 0.0000000 0.1316487 0.0211886 0.0000000 0.0056430 0.0838090
127 H 127 0.0166612 0.0157198 0.1040125 0.0076018 0.0008550 0.0176786 0.0057482 0.0660703 0.0269747 0.0221452 0.0477724 0.0186792 0.0221070 0.1088352 0.0000000 0.1265232 0.0381994 0.0275367 0.3203823 0.0064973
128 V 128 0.2330888 0.0000000 0.0113587 0.0000000 0.0118141 0.0000000 0.0000000 0.0732975 0.0030580 0.0374701 0.3206765 0.0021693 0.0171085 0.0415975 0.0000000 0.0959950 0.0143777 0.0030197 0.0250640 0.1099045
129 W 129 0.0032074 0.0000000 0.0028665 0.0000000 0.0000000 0.0191626 0.0000000 0.0000000 0.0030211 0.0130686 0.0472270 0.0492238 0.0049793 0.1268539 0.0000000 0.0064675 0.0271336 0.6466269 0.0187611 0.0314009
130 V 130 0.0000000 0.0000000 0.0000000 0.0000000 0.0000000 0.0065242 0.0000000 0.0000000 0.0000000 0.4613783 0.2115588 0.0539522 0.0142400 0.0257144 0.0000000 0.0000000 0.0021796 0.0000000 0.0081127 0.2163398
131 L 131 0.0093491 0.0000000 0.0000000 0.0000000 0.0000000 0.0098854 0.0000000 0.0000000 0.0095837 0.0159320 0.6644755 0.0049236 0.0870879 0.0937999 0.0000000 0.0000000 0.0000000 0.0030370 0.0982744 0.0036516
132 S 132 0.1776861 0.0177319 0.0034156 0.0000000 0.0146645 0.0066902 0.0000000 0.0748851 0.0115819 0.0000000 0.0017188 0.0012763 0.0000000 0.0086687 0.0000000 0.5498421 0.1192237 0.0000000 0.0017307 0.0108845
133 R 133 0.0000000 0.9602191 0.0000000 0.0000000 0.0000000 0.0038804 0.0015898 0.0000000 0.0026146 0.0000000 0.0000000 0.0240279 0.0000000 0.0000000 0.0000000 0.0076682 0.0000000 0.0000000 0.0000000 0.0000000
134 S 134 0.0231268 0.0335716 0.0746310 0.1237686 0.0000000 0.0730119 0.1596285 0.0110208 0.0272229 0.0026543 0.0029070 0.0548938 0.0018393 0.0030335 0.0000000 0.1147402 0.2871776 0.0000000 0.0017418 0.0050307
135 M 135 0.0381582 0.2031450 0.0153709 0.0000000 0.0000000 0.0449725 0.0059043 0.0014985 0.0030664 0.0054418 0.0165264 0.1393265 0.0194072 0.0000000 0.4489765 0.0159361 0.0312249 0.0000000 0.0053941 0.0056509
136 V 136 0.0215018 0.0267214 0.0739562 0.0793033 0.0028311 0.1238083 0.1335403 0.0141019 0.0428770 0.0224196 0.0374354 0.0407922 0.0059888 0.0133279 0.0031532 0.0876780 0.1983443 0.0007814 0.0211033 0.0503348
137 L 137 0.0191824 0.0081567 0.0021849 0.0000000 0.0000000 0.0018227 0.0018387 0.0048839 0.0008903 0.1049295 0.4562315 0.0000000 0.0887868 0.0281890 0.1345300 0.0045938 0.0210680 0.0019165 0.0047105 0.1160846
138 T 138 0.0498543 0.0426155 0.0423278 0.1603182 0.0000000 0.0089857 0.0529199 0.0432695 0.0046403 0.0032581 0.0052741 0.0202908 0.0000000 0.0062660 0.1962551 0.2556292 0.0900131 0.0000000 0.0093806 0.0087018
139 G 139 0.1157911 0.0208479 0.0336780 0.1328598 0.0068578 0.0763044 0.1680194 0.0593308 0.0026047 0.0088592 0.0057555 0.0597592 0.0018544 0.0023009 0.1720007 0.0373949 0.0664879 0.0000000 0.0046550 0.0246384
140 E 140 0.1747751 0.0130175 0.0748767 0.1107088 0.0000000 0.0504899 0.2477059 0.0382892 0.0093269 0.0135772 0.0073874 0.0427813 0.0066426 0.0025083 0.0240792 0.0854885 0.0749345 0.0020972 0.0053318 0.0159822
141 A 141 0.1207851 0.0107251 0.0072689 0.0436392 0.0019070 0.0415672 0.0474794 0.0132559 0.0012339 0.1313569 0.1029816 0.0276863 0.0088005 0.0240209 0.0024177 0.0342815 0.1521798 0.0000000 0.0269166 0.2014967
142 K 142 0.0273516 0.0853768 0.0174956 0.0216800 0.0020829 0.0467781 0.0145606 0.0024624 0.0055416 0.1572772 0.1747608 0.1189249 0.0303412 0.0109429 0.0145767 0.0106310 0.0222498 0.0162379 0.1198571 0.1008709
143 T 143 0.1022410 0.0742374 0.0781119 0.1540240 0.0017118 0.1350344 0.1682640 0.0038815 0.0134644 0.0094161 0.0116359 0.0424068 0.0038025 0.0017355 0.0301815 0.0729225 0.0639005 0.0000000 0.0116745 0.0213539
144 A 144 0.1302205 0.0834242 0.0380870 0.0611837 0.0000000 0.0705521 0.1187307 0.0128461 0.0256477 0.0374247 0.0258172 0.1885946 0.0239127 0.0224333 0.0045521 0.0431793 0.0429196 0.0011604 0.0449067 0.0244074
145 V 145 0.1217110 0.0024167 0.0053438 0.0022203 0.0072936 0.0018755 0.0133081 0.0009297 0.0011759 0.1716708 0.2813968 0.0064234 0.0531611 0.1062164 0.0010445 0.0062081 0.0041107 0.0115632 0.0641404 0.1377901
146 E 146 0.0275751 0.1542786 0.0723337 0.0445167 0.0000000 0.0250943 0.0382459 0.0017955 0.0169429 0.0551187 0.2025340 0.1090954 0.0187023 0.0071925 0.0000000 0.0087051 0.0457497 0.0000000 0.0633520 0.1087679
147 N 147 0.1639417 0.0710421 0.1082526 0.0941603 0.0000000 0.1483460 0.1396600 0.0516012 0.0046681 0.0026106 0.0153585 0.0611333 0.0018693 0.0017642 0.0017067 0.0756506 0.0509146 0.0000000 0.0000000 0.0073200
148 Y 148 0.0617307 0.1703928 0.0118151 0.0159791 0.0000000 0.0306392 0.0334911 0.0015335 0.0122706 0.0665661 0.0631857 0.1826713 0.0122911 0.1001460 0.0000000 0.0066287 0.0434063 0.0037954 0.0581321 0.1253253
149 L 149 0.1136620 0.0081318 0.0016937 0.0000000 0.0188003 0.0068445 0.0035924 0.0023858 0.0019191 0.1664877 0.3787737 0.0089356 0.0311868 0.0217067 0.0038148 0.0502782 0.0232352 0.0013284 0.0188243 0.1383991
150 I 150 0.3928264 0.0690883 0.0317967 0.0320134 0.0000000 0.0232254 0.0207134 0.0135418 0.0025459 0.0314065 0.1008268 0.1189865 0.0019560 0.0331257 0.0000000 0.0377284 0.0390109 0.0000000 0.0071412 0.0440666
151 G 151 0.0981664 0.0703150 0.0388970 0.1546174 0.0000000 0.0629479 0.1804859 0.0331430 0.0130743 0.0074259 0.0000000 0.1225168 0.0038043 0.0000000 0.0457748 0.0724449 0.0899883 0.0000000 0.0022358 0.0041623
152 S 152 0.1180445 0.1263055 0.0710053 0.0282029 0.0000000 0.1001135 0.0951853 0.0196702 0.0171699 0.0291522 0.0437663 0.0850202 0.0047428 0.0056435 0.0049583 0.1486436 0.0678550 0.0000000 0.0130101 0.0215108
153 P 153 0.0223245 0.0345664 0.0721900 0.0118941 0.0062844 0.1151837 0.0195001 0.1076305 0.0122767 0.0275183 0.1780628 0.0525725 0.0458730 0.0641693 0.0162862 0.0279020 0.0095726 0.0063834 0.1265884 0.0432211
154 V 154 0.0140168 0.0086037 0.0423488 0.0419986 0.0256953 0.0050807 0.0311510 0.5896448 0.0078421 0.0298330 0.0173632 0.0338845 0.0165664 0.0223004 0.0032905 0.0193242 0.0025403 0.0021835 0.0385478 0.0477843
155 V 155 0.0094031 0.0189486 0.0028892 0.0045912 0.0000000 0.0026572 0.0000000 0.0030680 0.0065586 0.1873177 0.1905562 0.0018581 0.0201056 0.1997920 0.0191927 0.0216278 0.0164784 0.0071732 0.1936339 0.0941486
156 D 156 0.0405437 0.0131729 0.1030520 0.5284348 0.0000000 0.0170464 0.0561138 0.0168550 0.0175134 0.0036547 0.0041248 0.0167210 0.0000000 0.0038953 0.0557494 0.0821549 0.0200816 0.0000000 0.0050106 0.0158758
157 S 157 0.0279644 0.0647938 0.0229849 0.0582074 0.0065367 0.0360532 0.0593731 0.0062369 0.0000000 0.0699166 0.1088994 0.0217614 0.0175333 0.0248309 0.1088026 0.0390324 0.1894357 0.0049052 0.0054540 0.1272780
158 Q 158 0.0656462 0.0370767 0.0953037 0.1537551 0.0070500 0.0413713 0.0994134 0.0346404 0.0162688 0.0016240 0.0000000 0.0277233 0.0036852 0.0197043 0.0103656 0.2922486 0.0899251 0.0000000 0.0016766 0.0025218
159 K 159 0.0368091 0.1211244 0.0360594 0.0820893 0.0000000 0.0614517 0.0625549 0.0102158 0.0199489 0.0614145 0.0220941 0.2444026 0.0127276 0.0621914 0.0131339 0.0230839 0.0187717 0.0026009 0.0954839 0.0138421
160 L 160 0.0082088 0.0000000 0.0000000 0.0000000 0.0000000 0.0000000 0.0000000 0.0022544 0.0000000 0.0989036 0.4154361 0.0000000 0.1042180 0.2152582 0.0129321 0.0020423 0.0052447 0.0155335 0.0571321 0.0628362
161 V 161 0.0109593 0.1414545 0.0158318 0.0038807 0.0010773 0.0339619 0.0662216 0.0035618 0.0202545 0.2707223 0.0360495 0.0555967 0.0116960 0.0608314 0.0048875 0.0356954 0.0615658 0.0033059 0.0042692 0.1581770
162 Y 162 0.0221192 0.1240323 0.0147491 0.0484704 0.0023615 0.0076092 0.0162815 0.0028348 0.0145410 0.0628624 0.0690132 0.1531630 0.0227244 0.0746103 0.0823929 0.0356212 0.0399539 0.1222133 0.0494194 0.0350270
163 S 163 0.0225321 0.0178778 0.0198412 0.0042364 0.0010271 0.0165188 0.0084440 0.0085910 0.0012502 0.0776198 0.0205100 0.0136821 0.0196867 0.0020003 0.0451293 0.0439471 0.4096220 0.0000000 0.0000000 0.2674842
164 D 164 0.0275412 0.0443409 0.1307485 0.2529370 0.0000000 0.0286698 0.0747417 0.0114982 0.0015877 0.0215619 0.0038203 0.0798294 0.0036044 0.0015209 0.1949530 0.0548719 0.0331142 0.0000000 0.0049928 0.0296662
165 F 165 0.0000000 0.0237244 0.0287118 0.0027889 0.0000000 0.6509159 0.0037262 0.0084678 0.1731635 0.0097410 0.0045694 0.0267221 0.0037767 0.0262293 0.0019183 0.0044088 0.0119656 0.0000000 0.0025011 0.0166691
166 S 166 0.0380441 0.0207767 0.0687052 0.1281150 0.0000000 0.0135790 0.0472611 0.1096274 0.0078980 0.0042724 0.0149932 0.0518304 0.0067832 0.0000000 0.0335594 0.2515816 0.1795215 0.0000000 0.0000000 0.0234519
167 E 167 0.0217007 0.0258311 0.1858120 0.2125347 0.0000000 0.0907049 0.1956723 0.0602334 0.0025943 0.0000000 0.0112031 0.0504437 0.0036371 0.0041119 0.0903490 0.0267412 0.0048878 0.0000000 0.0118387 0.0017040
168 A 168 0.0703766 0.0232754 0.0756381 0.0967615 0.3809188 0.0269997 0.1083557 0.0197789 0.0000000 0.0117800 0.0049030 0.0373078 0.0000000 0.0000000 0.0258498 0.0452714 0.0612919 0.0000000 0.0024654 0.0090260
169 A 169 0.1873842 0.0416779 0.0823931 0.0414039 0.0000000 0.0121946 0.0274879 0.1206265 0.0032698 0.0237666 0.0250217 0.0099221 0.0024468 0.0174044 0.0678992 0.1189558 0.1335409 0.0032585 0.0317611 0.0495851
170 C 170 0.0323698 0.0069421 0.0016431 0.0037852 0.7370980 0.0000000 0.0060679 0.0023256 0.0000000 0.0040132 0.0065157 0.0103279 0.0050380 0.0000000 0.1581146 0.0051293 0.0000000 0.0049942 0.0156354 0.0000000
171 K 171 0.0475073 0.0763681 0.0154692 0.0248126 0.0073680 0.0757496 0.1134107 0.1115599 0.0000000 0.0096733 0.0222808 0.1186449 0.0091575 0.0583944 0.1731290 0.0225816 0.0588769 0.0000000 0.0130085 0.0420075
172 V 172 0.0915989 0.0208682 0.0135741 0.0724196 0.0000000 0.0272101 0.1278143 0.0149588 0.0253055 0.0391754 0.0280231 0.0048329 0.0000000 0.0166113 0.1215890 0.0585121 0.0596389 0.0000000 0.1930092 0.0848587
173 N 173 0.0429114 0.0433885 0.1013305 0.0625554 0.0000000 0.0317958 0.1456474 0.1139173 0.0112202 0.0129314 0.0368802 0.0222975 0.0292762 0.0000000 0.1407531 0.1110884 0.0605327 0.0000000 0.0334739 0.0000000
174 N 174 0.0404100 0.0131445 0.1174448 0.0599239 0.0000000 0.0688031 0.1544858 0.0066337 0.0000000 0.0178853 0.0052631 0.0420133 0.0000000 0.0000000 0.1450198 0.1476830 0.1429913 0.0000000 0.0180653 0.0202331
175 S 175 0.1249785 0.0082526 0.0900237 0.0400839 0.0000000 0.0196166 0.0791142 0.0200381 0.0000000 0.0174005 0.0156932 0.0144012 0.0000000 0.0000000 0.1999111 0.2617185 0.0775117 0.0000000 0.0000000 0.0312562
176 N 176 0.1469018 0.0318283 0.0703696 0.0765659 0.0071047 0.0154186 0.0587212 0.1304929 0.0123789 0.0158415 0.0665608 0.0071308 0.0000000 0.0184713 0.0864002 0.1540821 0.0522618 0.0000000 0.0422175 0.0072522
177 W 177 0.0442184 0.0146014 0.0000000 0.0000000 0.0000000 0.0757722 0.0244660 0.0059578 0.0000000 0.0287520 0.0258767 0.0081659 0.0473653 0.2100894 0.1930937 0.0371264 0.0382810 0.0262170 0.0558848 0.1641320
178 S 178 0.0981686 0.0069914 0.0461870 0.0000000 0.0000000 0.0154254 0.0369536 0.0334045 0.0193958 0.0000000 0.0184750 0.0251379 0.0000000 0.0113080 0.0396171 0.0982792 0.3113184 0.0206043 0.2066432 0.0120906
179 H 179 0.0239415 0.0000000 0.0000000 0.0285953 0.0000000 0.0337667 0.3212101 0.0160553 0.0421778 0.0369515 0.0564805 0.0000000 0.0113241 0.0476709 0.0000000 0.0828895 0.0276065 0.0000000 0.2108530 0.0604771
180 P 180 0.0000000 0.0000000 0.0000000 0.0153939 0.0000000 0.0000000 0.0436593 0.0000000 0.0000000 0.0000000 0.0000000 0.0301384 0.0000000 0.0000000 0.8921211 0.0000000 0.0000000 0.0000000 0.0000000 0.0186872
181 Q 181 0.0433752 0.0169931 0.0147353 0.0239239 0.0000000 0.1629129 0.1191291 0.0448666 0.0000000 0.0224058 0.0430054 0.0127830 0.0000000 0.0000000 0.1651417 0.0724482 0.0448126 0.0000000 0.0000000 0.2134674
182 F 182 0.1331820 0.0278056 0.0218269 0.0000000 0.0000000 0.0150840 0.0000000 0.0000000 0.0000000 0.1238597 0.0376404 0.0000000 0.0283496 0.1756833 0.1305270 0.0000000 0.1860737 0.0000000 0.0135669 0.1064009
183 E 183 0.0000000 0.0000000 0.0000000 0.3248839 0.0000000 0.1412963 0.2976186 0.0000000 0.0213606 0.0000000 0.0000000 0.0745822 0.0000000 0.1008036 0.0000000 0.0394549 0.0000000 0.0000000 0.0000000 0.0000000
184 K 184 0.0000000 0.4818933 0.0000000 0.0000000 0.0000000 0.1841953 0.1255185 0.0000000 0.0000000 0.0000000 0.0000000 0.2083928 0.0000000 0.0000000 0.0000000 0.0000000 0.0000000 0.0000000 0.0000000 0.0000000
