  112         A         R         N         D         C         Q         E         G         H         I         L         K         M         F         P         S         T         W         Y         V    
  1 E   1 0.0000000 0.0000000 0.0000000 0.9932726 0.0000000 0.0000000 0.0067274 0.0000000 0.0000000 0.0000000 0.0000000 0.0000000 0.0000000 0.0000000 0.0000000 0.0000000 0.0000000 0.0000000 0.0000000 0.0000000
  2 F   2 0.0186755 0.0000000 0.0099873 0.0000000 0.0000000 0.0000000 0.0000000 0.0159559 0.0580021 0.0000000 0.0349045 0.0000000 0.0000000 0.8418481 0.0064194 0.0000000 0.0000000 0.0000000 0.0057529 0.0084542
  3 G   3 0.0179839 0.0000000 0.0055205 0.0000000 0.0000000 0.0000000 0.0000000 0.9482231 0.0000000 0.0000000 0.0000000 0.0000000 0.0000000 0.0000000 0.0000000 0.0152651 0.0130074 0.0000000 0.0000000 0.0000000
  4 E   4 0.0574157 0.0000000 0.0614201 0.2670117 0.0000000 0.0280684 0.2278188 0.0000000 0.0000000 0.0000000 0.0052053 0.0998199 0.0000000 0.0000000 0.1564763 0.0595220 0.0372418 0.0000000 0.0000000 0.0000000
  5 E   5 0.0546213 0.0064658 0.1593729 0.1178374 0.0092886 0.0201190 0.2385202 0.0366858 0.0297922 0.0000000 0.0000000 0.0995645 0.0021440 0.0000000 0.0000000 0.1972011 0.0235833 0.0000000 0.0048040 0.0000000
  6 M   6 0.0000000 0.0000000 0.0000000 0.0000000 0.0000000 0.0000000 0.0000000 0.0000000 0.0670685 0.0000000 0.0155061 0.0000000 0.0281163 0.8711511 0.0000000 0.0000000 0.0000000 0.0079537 0.0102043 0.0000000
  7 V   7 0.0252519 0.0197745 0.0216220 0.0202918 0.0026719 0.0173315 0.1027045 0.0000000 0.0027408 0.1133591 0.0318044 0.0669742 0.0000000 0.0155442 0.0022876 0.0345982 0.3251807 0.0000000 0.0136813 0.1841813
  8 L   8 0.0000000 0.0000000 0.0000000 0.0000000 0.0776129 0.0000000 0.0000000 0.0051965 0.0000000 0.1545763 0.0420423 0.0000000 0.0000000 0.0000000 0.0000000 0.0106115 0.0118277 0.0000000 0.0000000 0.6981329
  9 T   9 0.0432392 0.0476989 0.0405803 0.0251057 0.0000000 0.0466772 0.0492641 0.0177590 0.0105012 0.0862814 0.1532579 0.0448777 0.0165292 0.0632135 0.0000000 0.0579318 0.0759132 0.0060645 0.0865436 0.1285617
 10 D  10 0.0000000 0.0000000 0.0297507 0.9162417 0.0000000 0.0000000 0.0151934 0.0068975 0.0000000 0.0000000 0.0000000 0.0176387 0.0000000 0.0000000 0.0000000 0.0075981 0.0066799 0.0000000 0.0000000 0.0000000
 11 S  11 0.1032908 0.0391575 0.0144311 0.0134803 0.0000000 0.0601701 0.0231005 0.0226569 0.0000000 0.0417964 0.0126457 0.1251394 0.0000000 0.0000000 0.2269911 0.0903645 0.1409521 0.0000000 0.0000000 0.0858236
 12 N  12 0.0068102 0.0134803 0.2236996 0.3979759 0.0000000 0.0000000 0.0000000 0.0145559 0.0000000 0.0134683 0.0000000 0.0195348 0.0000000 0.0000000 0.0000000 0.0277023 0.2770298 0.0000000 0.0000000 0.0057429
 13 G  13 0.0000000 0.0000000 0.0145559 0.0375186 0.0000000 0.0000000 0.0803253 0.8460468 0.0000000 0.0000000 0.0000000 0.0000000 0.0000000 0.0080730 0.0000000 0.0000000 0.0000000 0.0000000 0.0000000 0.0134803
 14 E  14 0.0710624 0.0505674 0.0103578 0.0183443 0.0000000 0.0066204 0.7202867 0.0057429 0.0000000 0.0000000 0.0000000 0.0216045 0.0000000 0.0000000 0.0000000 0.0288256 0.0233095 0.0000000 0.0078454 0.0354330
 15 Q  15 0.0681152 0.0233774 0.0687516 0.0888573 0.0000000 0.1447241 0.3409273 0.0000000 0.0124010 0.0343796 0.0038306 0.0206241 0.0000000 0.0000000 0.1061844 0.0031056 0.0566760 0.0000000 0.0000000 0.0280458
 16 P  16 0.0353131 0.0000000 0.0000000 0.0000000 0.0346108 0.0000000 0.0047506 0.0077727 0.0000000 0.0300085 0.0221352 0.0221865 0.0428251 0.0000000 0.6543337 0.0132072 0.0898560 0.0000000 0.0048957 0.0381049
 17 L  17 0.0419812 0.0754901 0.0169941 0.0000000 0.0000000 0.0360693 0.0142099 0.0177986 0.0575202 0.0437162 0.2117632 0.1541937 0.0184331 0.0250929 0.0337208 0.0729156 0.0127068 0.0000000 0.0214668 0.1459274
 18 S  18 0.0131549 0.0385831 0.0308282 0.0230676 0.0093035 0.0720971 0.1488968 0.0155042 0.0098133 0.0169799 0.0115824 0.0202096 0.0036299 0.0000000 0.0307734 0.3116707 0.2095053 0.0000000 0.0000000 0.0344001
 19 A  19 0.1565403 0.0229198 0.0123364 0.0000000 0.0961045 0.0000000 0.0000000 0.2473934 0.0123690 0.0581475 0.0359206 0.0428909 0.0000000 0.0693753 0.0146199 0.0222628 0.0294071 0.0000000 0.0692423 0.1104703
 20 M  20 0.0636156 0.0000000 0.0377806 0.0193679 0.0000000 0.0158110 0.0000000 0.0000000 0.0055457 0.2613138 0.1665673 0.0072978 0.1712501 0.0930272 0.0214179 0.0292426 0.0368394 0.0000000 0.0000000 0.0709231
 21 V  21 0.0030935 0.0000000 0.0000000 0.0000000 0.0000000 0.0000000 0.0000000 0.0000000 0.0000000 0.6140841 0.0194599 0.0000000 0.0109060 0.0000000 0.0000000 0.0000000 0.0000000 0.0000000 0.0000000 0.3524564
 22 S  22 0.1909340 0.0190549 0.0337978 0.0148350 0.0000000 0.0849891 0.1227099 0.0376876 0.0000000 0.0000000 0.0062029 0.0752122 0.0000000 0.0073981 0.0000000 0.2258574 0.1337605 0.0000000 0.0000000 0.0475607
 23 M  23 0.0495789 0.0144881 0.1136499 0.1421139 0.0000000 0.0170056 0.0587853 0.1280838 0.0983292 0.0000000 0.0000000 0.0584880 0.0357494 0.0116640 0.0000000 0.2686046 0.0000000 0.0000000 0.0034594 0.0000000
 24 V  24 0.0153172 0.0000000 0.0000000 0.0000000 0.0000000 0.0000000 0.0000000 0.0000000 0.0000000 0.6958074 0.0230540 0.0000000 0.0191698 0.0000000 0.0000000 0.0000000 0.0000000 0.0000000 0.0000000 0.2466516
 25 T  25 0.0219089 0.0074197 0.0234979 0.0435235 0.0000000 0.0186671 0.0847528 0.0082393 0.0000000 0.0193206 0.0203226 0.0149312 0.0000000 0.0116392 0.0000000 0.3258667 0.3217266 0.0079846 0.0000000 0.0701992
 26 K  26 0.0311857 0.1062376 0.1626838 0.0180671 0.0000000 0.2054741 0.0299732 0.0145826 0.0291694 0.0418005 0.0142123 0.2110419 0.0000000 0.0000000 0.0665277 0.0221317 0.0345958 0.0000000 0.0123167 0.0000000
 27 D  27 0.0838792 0.0000000 0.0673499 0.4522737 0.0064274 0.0000000 0.1077397 0.1285620 0.0000000 0.0000000 0.0000000 0.0251435 0.0000000 0.0000000 0.0000000 0.0940137 0.0244966 0.0000000 0.0000000 0.0101143
 28 N  28 0.0541174 0.0054835 0.2670585 0.0454949 0.0115518 0.0437706 0.1575837 0.0344810 0.0000000 0.0070212 0.0084844 0.1356283 0.0000000 0.0196974 0.0254735 0.1281938 0.0388573 0.0000000 0.0018408 0.0152621
 29 P  29 0.0380634 0.0000000 0.0508361 0.0792049 0.0000000 0.0665579 0.2003346 0.0039509 0.0073288 0.0115997 0.0000000 0.0316509 0.0000000 0.0000000 0.3736560 0.0390142 0.0872138 0.0000000 0.0000000 0.0105889
 30 G  30 0.1427984 0.0000000 0.0263878 0.0064303 0.0266538 0.0000000 0.0000000 0.6710080 0.0000000 0.0000000 0.0317989 0.0101374 0.0000000 0.0000000 0.0158106 0.0290569 0.0232626 0.0000000 0.0000000 0.0166554
 31 V  31 0.0240726 0.0000000 0.0084561 0.0111072 0.0074040 0.0185403 0.0308328 0.0000000 0.0000000 0.1852780 0.1923158 0.0444067 0.0167986 0.0129957 0.0000000 0.0082192 0.1197393 0.0000000 0.0000000 0.3198338
 32 V  32 0.0126730 0.0000000 0.0000000 0.0000000 0.0000000 0.0110633 0.0081877 0.0098635 0.0000000 0.0736577 0.0933737 0.0000000 0.0185758 0.0000000 0.0116285 0.0061840 0.0080084 0.0000000 0.0000000 0.7467844
 33 T  33 0.0375698 0.0169478 0.0175855 0.0000000 0.0021856 0.0092342 0.0248569 0.0059533 0.0362141 0.0167754 0.0104269 0.0253047 0.0039151 0.0062493 0.0000000 0.1567383 0.5786440 0.0000000 0.0429413 0.0084578
 34 C  34 0.0739327 0.0000000 0.0000000 0.0000000 0.2570521 0.0000000 0.0000000 0.0000000 0.0000000 0.0518712 0.1716216 0.0000000 0.0523322 0.0494938 0.0000000 0.0022940 0.1700601 0.0000000 0.0059946 0.1653478
 35 L  35 0.0248062 0.1004991 0.0085206 0.0332250 0.0185064 0.0179945 0.0183789 0.0044777 0.0816861 0.0467761 0.3436334 0.0091985 0.0285798 0.0269147 0.0000000 0.0604585 0.0202529 0.0000000 0.0242781 0.1318137
 36 D  36 0.0174041 0.0036805 0.0324745 0.3984931 0.0000000 0.0000000 0.2714704 0.0512023 0.0000000 0.0395477 0.0117110 0.0420686 0.0000000 0.0170645 0.0297160 0.0000000 0.0724130 0.0000000 0.0127544 0.0000000
 37 E  37 0.0228859 0.0141398 0.1301852 0.2524188 0.0000000 0.0210294 0.3353988 0.1112489 0.0000000 0.0000000 0.0000000 0.0190897 0.0000000 0.0087874 0.0213194 0.0350859 0.0215366 0.0000000 0.0068744 0.0000000
 38 A  38 0.1112544 0.0404140 0.0589588 0.0253963 0.0075871 0.1259036 0.1291495 0.0314716 0.0472059 0.0297952 0.0189584 0.1018417 0.0103545 0.0073259 0.0059986 0.0307649 0.1951181 0.0000000 0.0000000 0.0225016
 39 R  39 0.0551387 0.4546862 0.0534004 0.0080796 0.0000000 0.0162175 0.0025542 0.0301643 0.0149173 0.0078883 0.0247889 0.0860489 0.0258383 0.0307034 0.0954727 0.0345981 0.0217511 0.0000000 0.0177109 0.0200413
 40 H  40 0.0087597 0.0026320 0.0000000 0.0000000 0.0094151 0.0026894 0.0313601 0.0000000 0.8042639 0.0048711 0.0809056 0.0000000 0.0040387 0.0000000 0.0029632 0.0229928 0.0061180 0.0000000 0.0100567 0.0089338
 41 G  41 0.0060173 0.0080507 0.1048840 0.0547834 0.0044283 0.0359429 0.1248590 0.4723289 0.0169150 0.0000000 0.0116611 0.0282107 0.0000000 0.0191435 0.0505546 0.0326212 0.0092601 0.0000000 0.0203391 0.0000000
 42 F  42 0.0000000 0.0000000 0.0000000 0.0000000 0.0365422 0.0268375 0.0000000 0.0000000 0.0000000 0.0084008 0.4430298 0.0000000 0.0284851 0.3692346 0.0059296 0.0000000 0.0097469 0.0105268 0.0407887 0.0204780
 43 E  43 0.0305022 0.0290542 0.0212974 0.0130694 0.0184805 0.2037479 0.4213236 0.0192618 0.0128704 0.0030928 0.0078358 0.0189106 0.0034702 0.0070032 0.0194797 0.0862998 0.0486980 0.0000000 0.0206084 0.0149941
 44 T  44 0.0126094 0.0107417 0.0517469 0.4960207 0.0000000 0.0000000 0.0766096 0.0050673 0.0000000 0.0173316 0.0087320 0.0184255 0.0000000 0.0115701 0.0291246 0.0627063 0.1702947 0.0000000 0.0000000 0.0290195
 45 G  45 0.0000000 0.0000000 0.0639600 0.0177276 0.0000000 0.0000000 0.0085172 0.8482196 0.0000000 0.0000000 0.0000000 0.0058674 0.0000000 0.0000000 0.0000000 0.0298151 0.0000000 0.0000000 0.0210546 0.0048384
 46 D  46 0.0199049 0.0034673 0.0471788 0.7467280 0.0062656 0.0541811 0.0511701 0.0147111 0.0034595 0.0000000 0.0000000 0.0000000 0.0069079 0.0000000 0.0000000 0.0310343 0.0149917 0.0000000 0.0000000 0.0000000
 47 F  47 0.0000000 0.0397913 0.0000000 0.0055016 0.0016561 0.0142693 0.0398257 0.0000000 0.0476171 0.0360212 0.1262467 0.0712944 0.0032114 0.1141125 0.0045947 0.0322874 0.0375543 0.0280043 0.2710640 0.1269482
 48 V  48 0.0088124 0.0000000 0.0000000 0.0000000 0.0000000 0.0000000 0.0000000 0.0044246 0.0000000 0.2161522 0.0103066 0.0000000 0.0000000 0.0000000 0.0000000 0.0000000 0.0098973 0.0000000 0.0000000 0.7504069
 49 S  49 0.0190153 0.0758529 0.0071590 0.0086126 0.0080808 0.0553235 0.0553909 0.0116683 0.0000000 0.0439621 0.0283855 0.1650698 0.0165653 0.0268060 0.0000000 0.0742892 0.2910761 0.0000000 0.0250935 0.0876490
 50 F  50 0.0000000 0.0000000 0.0000000 0.0000000 0.0157017 0.0000000 0.0000000 0.0000000 0.0000000 0.1370613 0.0977024 0.0000000 0.0000000 0.7359975 0.0000000 0.0000000 0.0000000 0.0000000 0.0000000 0.0135370
 51 S  51 0.0596408 0.0856984 0.0087873 0.0267866 0.0019850 0.0208521 0.0553206 0.0027112 0.0080516 0.0100531 0.0083580 0.0903600 0.0000000 0.0000000 0.0000000 0.4205737 0.1869638 0.0000000 0.0000000 0.0138579
 52 E  52 0.0313786 0.0066561 0.0635047 0.0727662 0.0000000 0.0066964 0.5810564 0.1911850 0.0069923 0.0000000 0.0000000 0.0039276 0.0000000 0.0000000 0.0000000 0.0358366 0.0000000 0.0000000 0.0000000 0.0000000
 53 V  53 0.0000000 0.0000000 0.0000000 0.0000000 0.0262600 0.0000000 0.0000000 0.0000000 0.0000000 0.2401252 0.0892358 0.0112990 0.0168536 0.0094309 0.0101385 0.0000000 0.0000000 0.0086383 0.0000000 0.5880187
 54 Q  54 0.0196318 0.0398265 0.0607004 0.0440872 0.0000000 0.2170193 0.2860275 0.0261774 0.0351231 0.0172774 0.0118611 0.1294885 0.0000000 0.0000000 0.0000000 0.0284980 0.0280198 0.0000000 0.0000000 0.0562620
 55 G  55 0.0300170 0.0000000 0.0115419 0.0128921 0.0000000 0.0000000 0.0141466 0.8930843 0.0000000 0.0000000 0.0000000 0.0000000 0.0000000 0.0000000 0.0000000 0.0297852 0.0085329 0.0000000 0.0000000 0.0000000
 56 M  56 0.0140985 0.0000000 0.0000000 0.0209083 0.0000000 0.0198822 0.0000000 0.0183133 0.0000000 0.0151549 0.1524546 0.0000000 0.6564278 0.0327543 0.0259444 0.0000000 0.0157740 0.0000000 0.0045573 0.0237303
 57 I  57 0.0271505 0.0014826 0.0205365 0.0662490 0.0348843 0.0207981 0.1465850 0.0110993 0.0026094 0.0321755 0.0124877 0.0312077 0.0205170 0.0000000 0.0871841 0.0698693 0.2804362 0.0000000 0.0204129 0.1143149
 58 Q  58 0.0695067 0.0035118 0.0220834 0.0096084 0.0045594 0.0981445 0.4589787 0.1031211 0.0000000 0.0000000 0.0103092 0.0760627 0.0221520 0.0153771 0.0022971 0.0827556 0.0039314 0.0000000 0.0111490 0.0064519
 59 L  59 0.0518258 0.0127877 0.0000000 0.0119485 0.0000000 0.0291009 0.0166030 0.0000000 0.0000000 0.0831040 0.6357090 0.0157576 0.0064916 0.0244854 0.0000000 0.0345560 0.0000000 0.0000000 0.0000000 0.0776303
 60 N  60 0.0000000 0.0000000 0.8511232 0.0179530 0.0000000 0.0265936 0.0148647 0.0000000 0.0000000 0.0130340 0.0189952 0.0000000 0.0000000 0.0000000 0.0000000 0.0127028 0.0151377 0.0000000 0.0271703 0.0024254
 61 G  61 0.0046405 0.0073134 0.1344694 0.2316808 0.0000000 0.0051840 0.0652218 0.3983099 0.0134359 0.0050332 0.0084677 0.0346292 0.0000000 0.0000000 0.0066084 0.0473298 0.0354969 0.0000000 0.0021788 0.0000000
 62 C  62 0.0274389 0.0637763 0.0500731 0.0107418 0.2303979 0.0409568 0.0125366 0.1959715 0.0073578 0.0423056 0.0237144 0.0430730 0.0099542 0.0052621 0.0059573 0.1078599 0.1087462 0.0000000 0.0040358 0.0098406
 63 Q  63 0.0835563 0.0794838 0.0295005 0.0669913 0.0023840 0.1191886 0.1893990 0.0448836 0.0021234 0.0000000 0.0036527 0.2132419 0.0034501 0.0000000 0.0432688 0.0512571 0.0549384 0.0000000 0.0000000 0.0126805
 64 P  64 0.0211345 0.0000000 0.0000000 0.0000000 0.0045318 0.0073793 0.0481081 0.0038286 0.0000000 0.0725955 0.0844596 0.0059013 0.0000000 0.0131624 0.5232490 0.0347326 0.1118927 0.0000000 0.0144379 0.0545866
 65 M  65 0.0044274 0.2408905 0.0000000 0.0035081 0.0125714 0.0542120 0.0115724 0.0000000 0.0523168 0.0470843 0.0311815 0.0139846 0.0273540 0.3097461 0.0000000 0.0060035 0.0406245 0.0082733 0.0950184 0.0412312
 66 E  66 0.0295576 0.0490013 0.0062394 0.0000000 0.0000000 0.0713886 0.1052530 0.0000000 0.0000000 0.0131956 0.0085823 0.4272332 0.0000000 0.0000000 0.1206235 0.0186657 0.0686626 0.0000000 0.0000000 0.0815971
 67 I  67 0.0031266 0.0000000 0.0117878 0.0000000 0.0000000 0.0108636 0.0000000 0.0080587 0.0000000 0.4859267 0.0056303 0.0071596 0.0000000 0.0069615 0.0000000 0.0075460 0.0170182 0.0117014 0.0090531 0.4151666
 68 K  68 0.0131804 0.0825113 0.0274758 0.0143984 0.0299217 0.0341806 0.1362253 0.0000000 0.0412466 0.0140330 0.0136347 0.2974293 0.0031693 0.0000000 0.0000000 0.0245066 0.2601074 0.0000000 0.0000000 0.0079795
 69 V  69 0.0237590 0.0090154 0.1073190 0.0257418 0.0031693 0.0000000 0.0227387 0.0048844 0.0000000 0.0453974 0.0048298 0.0368227 0.0000000 0.0000000 0.0066265 0.0331002 0.0667630 0.0000000 0.0150161 0.5948166
 70 L  70 0.0369206 0.0430245 0.0068748 0.0000000 0.0242950 0.0458498 0.0021754 0.0081580 0.0120188 0.1942031 0.2388834 0.1293973 0.0106718 0.0118951 0.0129680 0.0080848 0.0853387 0.0000000 0.0117943 0.1174464
 71 G  71 0.0115864 0.0355724 0.1358417 0.1137385 0.0000000 0.0041065 0.0308270 0.2877790 0.0044538 0.0000000 0.0000000 0.0822044 0.0000000 0.0000000 0.0083470 0.2209110 0.0646324 0.0000000 0.0000000 0.0000000
 72 P  72 0.1316545 0.0097637 0.0057302 0.0832516 0.0000000 0.0136347 0.0125021 0.0113829 0.0110233 0.0000000 0.0000000 0.0823444 0.0000000 0.0000000 0.5385258 0.0514083 0.0302168 0.0000000 0.0073489 0.0112127
 73 Y  73 0.0000000 0.0454788 0.1268866 0.0221449 0.0220465 0.0152265 0.0175814 0.0422216 0.1024907 0.0000000 0.0122286 0.0059293 0.0062267 0.1422982 0.0000000 0.0624557 0.0335410 0.0048298 0.3313804 0.0070334
 74 T  74 0.0696610 0.0542357 0.0045627 0.0086712 0.0218535 0.0344087 0.0436339 0.0052035 0.0114331 0.0255440 0.0000000 0.0600533 0.0048819 0.0000000 0.0000000 0.3040717 0.3278632 0.0000000 0.0000000 0.0239228
 75 F  75 0.0000000 0.0000000 0.0000000 0.0000000 0.0000000 0.0000000 0.0000000 0.0000000 0.0000000 0.0458427 0.1656058 0.0168158 0.0143406 0.6926610 0.0000000 0.0000000 0.0000000 0.0000000 0.0237022 0.0410320
 76 S  76 0.0340241 0.0925679 0.0804155 0.0103723 0.0075683 0.0113960 0.1778854 0.0000000 0.0000000 0.0162959 0.0064829 0.0648780 0.0065533 0.0016718 0.0000000 0.3285451 0.1297068 0.0000000 0.0170458 0.0145907
 77 I  77 0.0000000 0.0000000 0.0097817 0.0000000 0.0000000 0.0000000 0.0000000 0.0159280 0.0000000 0.6834350 0.2334023 0.0000000 0.0137712 0.0000000 0.0000000 0.0000000 0.0108395 0.0000000 0.0000000 0.0328423
 78 C  78 0.0000000 0.0086111 0.0321508 0.0242079 0.0665643 0.0183809 0.1502305 0.4305333 0.0000000 0.0443281 0.0563126 0.0823716 0.0000000 0.0000000 0.0053344 0.0184920 0.0000000 0.0000000 0.0056069 0.0568756
 79 D  79 0.0122376 0.0113212 0.0480281 0.7212858 0.0000000 0.0119997 0.0378771 0.0495093 0.0028553 0.0114083 0.0047327 0.0038162 0.0174286 0.0035935 0.0044580 0.0278487 0.0261787 0.0000000 0.0054212 0.0000000
 80 T  80 0.0286686 0.0000000 0.0208336 0.0291958 0.0000000 0.0169481 0.0035048 0.0105836 0.0000000 0.0409199 0.0368034 0.0047345 0.0000000 0.0429294 0.0000000 0.0686459 0.5645120 0.0000000 0.0112138 0.1205068
 81 S  81 0.0470987 0.0578042 0.0363305 0.0312173 0.0000000 0.0525872 0.0344908 0.0491951 0.0000000 0.0059625 0.0194857 0.0277223 0.0134354 0.0000000 0.0030182 0.3549847 0.2426992 0.0000000 0.0239682 0.0000000
 82 N  82 0.0631891 0.0105636 0.0957303 0.0483858 0.0000000 0.0612933 0.0714325 0.2001703 0.0246873 0.0145310 0.0243979 0.1196317 0.0108986 0.0153496 0.0000000 0.1331179 0.0863527 0.0000000 0.0047650 0.0155035
 83 F  83 0.0151838 0.0000000 0.0074761 0.0030497 0.0055344 0.0147886 0.0155439 0.0065322 0.0091619 0.0481636 0.1441700 0.0000000 0.0164455 0.4310756 0.0000000 0.0219362 0.0204699 0.0215161 0.2122932 0.0066594
 84 S  84 0.0528480 0.0217717 0.0323244 0.0431043 0.0070208 0.0463355 0.0302508 0.2999847 0.0257148 0.0000000 0.0000000 0.0172552 0.0051108 0.0000000 0.0245871 0.3511583 0.0425336 0.0000000 0.0000000 0.0000000
 85 D  85 0.1256331 0.0508410 0.0390316 0.0976041 0.0073203 0.0603376 0.1262838 0.0055363 0.0040263 0.0205674 0.0022017 0.0914482 0.0102384 0.0136865 0.2022474 0.0326244 0.0761051 0.0000000 0.0000000 0.0342667
 86 Y  86 0.0133702 0.0066020 0.0000000 0.0209091 0.0000000 0.0085027 0.0000000 0.0000000 0.0110287 0.0111632 0.0069774 0.0000000 0.0000000 0.0417322 0.0333087 0.0235116 0.0000000 0.0161814 0.8001262 0.0065867
 87 I  87 0.0370880 0.0190406 0.0066284 0.0025995 0.0000000 0.0599618 0.1187036 0.0025887 0.0019144 0.1069354 0.1551245 0.1418506 0.0101049 0.0000000 0.0000000 0.0313669 0.1377181 0.0000000 0.0000000 0.1683746
 88 R  88 0.0132034 0.2171525 0.0438169 0.0264230 0.0288402 0.0155140 0.0456557 0.0700608 0.0521386 0.0000000 0.0111743 0.1485106 0.0000000 0.0000000 0.0000000 0.2388296 0.0656196 0.0000000 0.0230607 0.0000000
 89 G  89 0.0356496 0.0051177 0.0721249 0.0000000 0.0036254 0.0106595 0.0301507 0.7481512 0.0228585 0.0052056 0.0000000 0.0000000 0.0000000 0.0061571 0.0000000 0.0392756 0.0210243 0.0000000 0.0000000 0.0000000
 90 G  90 0.0225370 0.0000000 0.0000000 0.0000000 0.0000000 0.0112618 0.0000000 0.9662012 0.0000000 0.0000000 0.0000000 0.0000000 0.0000000 0.0000000 0.0000000 0.0000000 0.0000000 0.0000000 0.0000000 0.0000000
 91 I  91 0.0280187 0.0449181 0.0176597 0.0188672 0.0000000 0.0056813 0.0146239 0.0000000 0.0000000 0.2881266 0.0871014 0.0222674 0.0169938 0.0915782 0.0000000 0.0130127 0.1222258 0.0331812 0.0947428 0.1010013
 92 V  92 0.2350817 0.0000000 0.0000000 0.0000000 0.0620208 0.0000000 0.0000000 0.0116329 0.0000000 0.1288698 0.0517425 0.0000000 0.0071384 0.1604966 0.0000000 0.0000000 0.0000000 0.0045210 0.0510075 0.2874888
 93 S  93 0.0159176 0.0380761 0.0236442 0.0000000 0.0171473 0.0707140 0.0567514 0.0000000 0.0780990 0.0753903 0.0089375 0.0654837 0.0021592 0.0000000 0.0000000 0.0609676 0.4142182 0.0000000 0.0170582 0.0554356
 94 Q  94 0.0000000 0.0217270 0.0101627 0.0122931 0.0000000 0.5497907 0.2118479 0.0000000 0.0256809 0.0000000 0.0511349 0.0645368 0.0031701 0.0000000 0.0075307 0.0000000 0.0421253 0.0000000 0.0000000 0.0000000
 95 V  95 0.0018364 0.0123877 0.0000000 0.0066650 0.0000000 0.0288761 0.0000000 0.0000000 0.0121733 0.1301681 0.0320139 0.0117061 0.0373416 0.0000000 0.0000000 0.0050532 0.0354091 0.0000000 0.0000000 0.6863695
 96 K  96 0.0000000 0.0304179 0.0072404 0.0000000 0.0000000 0.0148978 0.0000000 0.0000000 0.0000000 0.0243015 0.0000000 0.9048726 0.0000000 0.0000000 0.0182697 0.0000000 0.0000000 0.0000000 0.0000000 0.0000000
 97 V  97 0.0240841 0.0876173 0.0125560 0.0147757 0.0000000 0.1474685 0.0929390 0.0102354 0.0050050 0.0128816 0.0298309 0.1163320 0.1739800 0.0067204 0.0320688 0.0150813 0.0605979 0.0000000 0.0051586 0.1526676
 98 P  98 0.0176632 0.0091508 0.0114605 0.0000000 0.0035088 0.0116218 0.0177276 0.0153300 0.0244788 0.0057337 0.0000000 0.0388139 0.0000000 0.0025858 0.7100931 0.0606660 0.0428193 0.0000000 0.0000000 0.0283466
 99 K  99 0.0040643 0.0528352 0.0050223 0.0081046 0.0087433 0.0786634 0.0340889 0.0078729 0.0050188 0.0920078 0.0575384 0.4178266 0.0000000 0.0334884 0.0000000 0.0372115 0.0383124 0.0000000 0.0000000 0.1192011
100 K 100 0.0038069 0.0421737 0.0302146 0.0279061 0.0000000 0.0561889 0.0565858 0.0000000 0.0104539 0.0699750 0.0587786 0.1733559 0.0313777 0.0197539 0.0106687 0.0232126 0.2963582 0.0000000 0.0104779 0.0787114
101 I 101 0.0044231 0.0105665 0.0000000 0.0000000 0.0116251 0.0135589 0.0251599 0.0000000 0.0095327 0.2278914 0.3235163 0.0141821 0.0955302 0.0626361 0.0000000 0.0000000 0.0148159 0.0000000 0.0207711 0.1657907
102 S 102 0.0478956 0.0792514 0.1073744 0.0706165 0.0127558 0.0608935 0.0480777 0.0247199 0.0494811 0.0166004 0.0054673 0.1176600 0.0000000 0.0072013 0.0146164 0.2912422 0.0414442 0.0000000 0.0047024 0.0000000
103 F 103 0.0000000 0.0000000 0.0133828 0.0000000 0.0117791 0.0000000 0.0000000 0.0000000 0.1065194 0.0000000 0.0000000 0.0000000 0.0000000 0.7752433 0.0000000 0.0000000 0.0000000 0.0000000 0.0930754 0.0000000
104 K 104 0.0311068 0.1037295 0.0244591 0.0430665 0.0000000 0.0621829 0.1209941 0.0023329 0.0066020 0.0075665 0.0489311 0.4778631 0.0071487 0.0000000 0.0150489 0.0107361 0.0158851 0.0000000 0.0053342 0.0170124
105 S 105 0.0432425 0.0196948 0.0084019 0.0525916 0.0025380 0.0107856 0.0127501 0.0104636 0.0119226 0.0000000 0.0000000 0.0313702 0.0056474 0.0000000 0.2670384 0.4322233 0.0913302 0.0000000 0.0000000 0.0000000
106 L 106 0.0032601 0.0000000 0.0000000 0.0000000 0.0000000 0.0028851 0.0000000 0.0000000 0.0000000 0.0383435 0.7512212 0.0000000 0.0250687 0.0764973 0.0000000 0.0000000 0.0076071 0.0145515 0.0805654 0.0000000
107 P 107 0.0898634 0.1371340 0.0429256 0.0740084 0.0020700 0.0632172 0.2196173 0.0458372 0.0052238 0.0000000 0.0236718 0.1407661 0.0000000 0.0029839 0.0096355 0.1136085 0.0256748 0.0000000 0.0000000 0.0037625
108 A 108 0.0750473 0.0538129 0.0374684 0.1288945 0.0000000 0.0845969 0.3668291 0.0000000 0.0019784 0.0189858 0.0064336 0.1078836 0.0099010 0.0000000 0.0017919 0.0273400 0.0423511 0.0000000 0.0000000 0.0366855
109 S 109 0.3222532 0.0270575 0.0000000 0.0000000 0.0189795 0.1453743 0.0225184 0.0000000 0.0000000 0.0331951 0.0000000 0.0074604 0.0070507 0.0000000 0.0079966 0.3208439 0.0416276 0.0000000 0.0000000 0.0456429
110 L 110 0.0000000 0.0000000 0.0000000 0.0000000 0.0000000 0.0000000 0.0034834 0.0000000 0.0000000 0.1315857 0.6990997 0.0000000 0.0555080 0.0373025 0.0000000 0.0152282 0.0041091 0.0000000 0.0000000 0.0536834
111 V 111 0.1449190 0.0291830 0.0431802 0.0387386 0.0106857 0.0107927 0.0498993 0.0054298 0.0030169 0.0441962 0.1523773 0.2823544 0.0130553 0.0000000 0.0000000 0.0505170 0.0847862 0.0000000 0.0000000 0.0368683
112 E 112 0.0000000 0.0000000 0.0000000 0.3067209 0.0000000 0.1567414 0.3729681 0.0000000 0.0000000 0.0000000 0.0000000 0.1635697 0.0000000 0.0000000 0.0000000 0.0000000 0.0000000 0.0000000 0.0000000 0.0000000
