  112         A         R         N         D         C         Q         E         G         H         I         L         K         M         F         P         S         T         W         Y         V         X    
  1 E   1 0.0000000 0.0000000 0.0000000 0.8244292 0.0000000 0.0000000 0.0042554 0.0000000 0.0000000 0.0000000 0.0000000 0.0000000 0.0000000 0.0000000 0.0000000 0.0000000 0.0000000 0.0000000 0.0000000 0.0000000 0.1713154
  2 F   2 0.0151989 0.0000000 0.0079686 0.0000000 0.0000000 0.0000000 0.0000000 0.0133546 0.0492170 0.0000000 0.0289638 0.0000000 0.0000000 0.7133322 0.0052625 0.0000000 0.0000000 0.0000000 0.0047487 0.0069876 0.1549661
  3 G   3 0.0146695 0.0000000 0.0044805 0.0000000 0.0000000 0.0000000 0.0000000 0.8040603 0.0000000 0.0000000 0.0000000 0.0000000 0.0000000 0.0000000 0.0000000 0.0125923 0.0105849 0.0000000 0.0000000 0.0000000 0.1536126
  4 E   4 0.0494290 0.0000000 0.0524162 0.2281531 0.0000000 0.0258606 0.1919558 0.0000000 0.0000000 0.0000000 0.0043065 0.0834446 0.0000000 0.0000000 0.1322762 0.0533522 0.0378002 0.0000000 0.0000000 0.0000000 0.1410055
  5 E   5 0.0465230 0.0055587 0.1411927 0.1004539 0.0077077 0.0167579 0.1997600 0.0323085 0.0256169 0.0000000 0.0000000 0.0839877 0.0017775 0.0000000 0.0000000 0.1716048 0.0197705 0.0000000 0.0045925 0.0000000 0.1423878
  6 M   6 0.0000000 0.0000000 0.0000000 0.0000000 0.0000000 0.0000000 0.0000000 0.0000000 0.0592850 0.0000000 0.0133546 0.0000000 0.0227808 0.7599125 0.0000000 0.0000000 0.0000000 0.0066931 0.0086464 0.0000000 0.1293275
  7 V   7 0.0223625 0.0171142 0.0186104 0.0174728 0.0022925 0.0146563 0.0894602 0.0000000 0.0023263 0.1028509 0.0268206 0.0569955 0.0000000 0.0140238 0.0019396 0.0291772 0.2848681 0.0000000 0.0117089 0.1594616 0.1278588
  8 L   8 0.0000000 0.0000000 0.0000000 0.0000000 0.0678599 0.0000000 0.0000000 0.0043551 0.0000000 0.1345270 0.0344908 0.0000000 0.0000000 0.0000000 0.0000000 0.0089906 0.0106930 0.0000000 0.0000000 0.6112247 0.1278588
  9 T   9 0.0380618 0.0407301 0.0347908 0.0229195 0.0000000 0.0410653 0.0452107 0.0152439 0.0089908 0.0758844 0.1312709 0.0389868 0.0146826 0.0543943 0.0000000 0.0495297 0.0636373 0.0052815 0.0795469 0.1119140 0.1278588
 10 D  10 0.0000000 0.0000000 0.0266817 0.7983844 0.0000000 0.0000000 0.0126882 0.0066679 0.0000000 0.0000000 0.0000000 0.0146996 0.0000000 0.0000000 0.0000000 0.0072927 0.0057267 0.0000000 0.0000000 0.0000000 0.1278588
 11 S  11 0.0915722 0.0348764 0.0125216 0.0116780 0.0000000 0.0573340 0.0204909 0.0203074 0.0000000 0.0368726 0.0108168 0.1133072 0.0000000 0.0000000 0.1974324 0.0795042 0.1235830 0.0000000 0.0000000 0.0737701 0.1159332
 12 N  12 0.0066679 0.0116780 0.1966571 0.3495305 0.0000000 0.0000000 0.0000000 0.0126071 0.0000000 0.0115529 0.0000000 0.0165667 0.0000000 0.0000000 0.0000000 0.0245921 0.2492997 0.0000000 0.0000000 0.0049149 0.1159332
 13 G  13 0.0000000 0.0000000 0.0126071 0.0321352 0.0000000 0.0000000 0.0698208 0.7508601 0.0000000 0.0000000 0.0000000 0.0000000 0.0000000 0.0069657 0.0000000 0.0000000 0.0000000 0.0000000 0.0000000 0.0116780 0.1159332
 14 E  14 0.0670872 0.0464371 0.0090315 0.0158686 0.0000000 0.0057544 0.6329628 0.0049149 0.0000000 0.0000000 0.0000000 0.0185064 0.0000000 0.0000000 0.0000000 0.0264326 0.0197182 0.0000000 0.0067311 0.0306220 0.1159332
 15 Q  15 0.0614028 0.0201004 0.0671368 0.0770362 0.0000000 0.1275099 0.2969663 0.0000000 0.0105849 0.0307511 0.0033285 0.0196529 0.0000000 0.0000000 0.0954737 0.0026790 0.0515486 0.0000000 0.0000000 0.0258519 0.1099771
 16 P  16 0.0313509 0.0000000 0.0000000 0.0000000 0.0314743 0.0000000 0.0041488 0.0066931 0.0000000 0.0265481 0.0193833 0.0209263 0.0386222 0.0000000 0.5849677 0.0117292 0.0815018 0.0000000 0.0043869 0.0333601 0.1049073
 17 L  17 0.0369911 0.0680502 0.0153552 0.0000000 0.0000000 0.0329149 0.0122540 0.0213443 0.0501576 0.0377961 0.1866197 0.1366264 0.0166855 0.0232482 0.0294766 0.0680537 0.0115373 0.0000000 0.0193394 0.1330315 0.1005182
 18 S  18 0.0115381 0.0332812 0.0271406 0.0223880 0.0081257 0.0646389 0.1338502 0.0165584 0.0086303 0.0159197 0.0106756 0.0175506 0.0032464 0.0000000 0.0268848 0.2868517 0.1888287 0.0000000 0.0000000 0.0307386 0.0931526
 19 A  19 0.1407057 0.0221512 0.0106196 0.0000000 0.0836902 0.0000000 0.0000000 0.2214885 0.0105849 0.0547154 0.0343920 0.0386222 0.0000000 0.0598568 0.0126187 0.0193361 0.0260966 0.0000000 0.0655853 0.0992242 0.1003125
 20 M  20 0.0579331 0.0000000 0.0364444 0.0177255 0.0000000 0.0154878 0.0000000 0.0000000 0.0048484 0.2328619 0.1468330 0.0078149 0.1555158 0.0815784 0.0206172 0.0258869 0.0340873 0.0000000 0.0000000 0.0635777 0.0987876
 21 V  21 0.0026634 0.0000000 0.0000000 0.0000000 0.0000000 0.0000000 0.0000000 0.0000000 0.0000000 0.5834037 0.0180505 0.0000000 0.0105035 0.0000000 0.0000000 0.0000000 0.0000000 0.0000000 0.0000000 0.3369701 0.0484088
 22 S  22 0.1837752 0.0189110 0.0328982 0.0139889 0.0000000 0.0776905 0.1137588 0.0345722 0.0000000 0.0000000 0.0057644 0.0725711 0.0000000 0.0067311 0.0000000 0.2123076 0.1421525 0.0000000 0.0000000 0.0437625 0.0411161
 23 M  23 0.0494019 0.0155430 0.1050206 0.1356087 0.0000000 0.0161055 0.0557473 0.1339306 0.0899501 0.0000000 0.0000000 0.0571539 0.0315168 0.0105948 0.0000000 0.2551486 0.0000000 0.0000000 0.0031621 0.0000000 0.0411161
 24 V  24 0.0176961 0.0000000 0.0000000 0.0000000 0.0000000 0.0000000 0.0000000 0.0000000 0.0000000 0.6667506 0.0244579 0.0000000 0.0174732 0.0000000 0.0000000 0.0000000 0.0000000 0.0000000 0.0000000 0.2325061 0.0411161
 25 T  25 0.0230562 0.0072927 0.0204979 0.0399396 0.0000000 0.0162995 0.0751815 0.0071496 0.0000000 0.0176533 0.0183265 0.0130036 0.0000000 0.0106756 0.0000000 0.2926348 0.3029405 0.0069657 0.0000000 0.0623074 0.0860756
 26 K  26 0.0278663 0.0962359 0.1513073 0.0180072 0.0000000 0.1851483 0.0288903 0.0133568 0.0255024 0.0370368 0.0130931 0.1909021 0.0000000 0.0000000 0.0601317 0.0265415 0.0318441 0.0000000 0.0105849 0.0000000 0.0835513
 27 D  27 0.0902721 0.0000000 0.0643505 0.4168405 0.0056530 0.0000000 0.0985694 0.1189803 0.0000000 0.0000000 0.0000000 0.0250083 0.0000000 0.0000000 0.0000000 0.0854743 0.0242535 0.0000000 0.0000000 0.0089766 0.0616214
 28 N  28 0.0431827 0.0043659 0.2225506 0.0376563 0.0102990 0.0337795 0.1237474 0.0312713 0.0000000 0.0054584 0.0064001 0.1061498 0.0000000 0.0150496 0.0249795 0.1012591 0.0313503 0.0000000 0.0014223 0.0118740 0.1892042
 29 P  29 0.0327204 0.0000000 0.0417953 0.0630205 0.0000000 0.0517440 0.1702819 0.0031112 0.0057783 0.0095869 0.0000000 0.0249268 0.0000000 0.0000000 0.3105293 0.0346503 0.0722654 0.0000000 0.0000000 0.0088296 0.1707602
 30 G  30 0.1357884 0.0000000 0.0263115 0.0056530 0.0254373 0.0000000 0.0000000 0.6182128 0.0000000 0.0000000 0.0303363 0.0093723 0.0000000 0.0000000 0.0142132 0.0315095 0.0233967 0.0000000 0.0000000 0.0177165 0.0620524
 31 V  31 0.0233956 0.0000000 0.0090915 0.0101497 0.0067311 0.0188332 0.0295392 0.0000000 0.0000000 0.1774400 0.1820036 0.0426794 0.0153372 0.0123307 0.0000000 0.0074303 0.1126799 0.0000000 0.0000000 0.3125172 0.0398417
 32 V  32 0.0116780 0.0000000 0.0000000 0.0000000 0.0000000 0.0106756 0.0074303 0.0093723 0.0000000 0.0733825 0.0906925 0.0000000 0.0228646 0.0000000 0.0105948 0.0057644 0.0072392 0.0000000 0.0000000 0.7205758 0.0297302
 33 T  33 0.0379942 0.0180238 0.0161066 0.0000000 0.0020221 0.0090690 0.0225828 0.0055794 0.0362598 0.0154688 0.0095691 0.0231046 0.0036011 0.0069818 0.0000000 0.1496392 0.5615466 0.0000000 0.0421854 0.0105354 0.0297302
 34 C  34 0.0741797 0.0000000 0.0000000 0.0000000 0.2476770 0.0000000 0.0000000 0.0000000 0.0000000 0.0549007 0.1587581 0.0000000 0.0484551 0.0489175 0.0000000 0.0020939 0.1679084 0.0000000 0.0072048 0.1588018 0.0311030
 35 L  35 0.0232076 0.0883330 0.0074486 0.0288671 0.0165316 0.0162086 0.0182274 0.0051942 0.0715516 0.0427442 0.3083977 0.0079998 0.0249896 0.0279913 0.0000000 0.0583458 0.0199636 0.0000000 0.0214000 0.1166310 0.0959673
 36 D  36 0.0154682 0.0031578 0.0281997 0.3551986 0.0000000 0.0000000 0.2394102 0.0515737 0.0000000 0.0376466 0.0106756 0.0367653 0.0000000 0.0149630 0.0271486 0.0000000 0.0715604 0.0000000 0.0109080 0.0000000 0.0973244
 37 E  37 0.0221292 0.0142038 0.1209210 0.2297879 0.0000000 0.0190338 0.3086885 0.1069693 0.0000000 0.0000000 0.0000000 0.0183152 0.0000000 0.0082810 0.0185634 0.0376915 0.0213904 0.0000000 0.0059818 0.0000000 0.0680432
 38 A  38 0.1115124 0.0371900 0.0610200 0.0237945 0.0069657 0.1186028 0.1192542 0.0309971 0.0431582 0.0303250 0.0222691 0.0936602 0.0117366 0.0109184 0.0072048 0.0296999 0.1904847 0.0000000 0.0000000 0.0206549 0.0305514
 39 R  39 0.0611260 0.4313091 0.0515507 0.0077728 0.0000000 0.0153413 0.0023185 0.0273043 0.0136026 0.0071897 0.0233201 0.0828108 0.0235227 0.0303507 0.0887310 0.0354728 0.0269601 0.0000000 0.0163156 0.0182347 0.0367666
 40 H  40 0.0080530 0.0023433 0.0000000 0.0000000 0.0090690 0.0023986 0.0292499 0.0000000 0.7670147 0.0044034 0.0727584 0.0000000 0.0036338 0.0000000 0.0026456 0.0204782 0.0072048 0.0000000 0.0093723 0.0080878 0.0532873
 41 G  41 0.0072048 0.0073467 0.1014550 0.0516092 0.0039693 0.0329183 0.1164144 0.4673174 0.0153757 0.0000000 0.0105948 0.0259726 0.0000000 0.0173159 0.0467380 0.0302312 0.0090690 0.0000000 0.0189931 0.0000000 0.0374747
 42 F  42 0.0000000 0.0000000 0.0000000 0.0000000 0.0338160 0.0273108 0.0000000 0.0000000 0.0000000 0.0082810 0.4307318 0.0000000 0.0261624 0.3666269 0.0072048 0.0000000 0.0093723 0.0121299 0.0428228 0.0200904 0.0154509
 43 E  43 0.0341611 0.0274145 0.0196247 0.0141388 0.0169292 0.1913617 0.4002983 0.0182445 0.0117671 0.0043537 0.0083512 0.0215125 0.0032108 0.0064201 0.0252755 0.0841084 0.0536454 0.0000000 0.0193432 0.0165736 0.0232657
 44 T  44 0.0116780 0.0105035 0.0511048 0.4817719 0.0000000 0.0000000 0.0741665 0.0058527 0.0000000 0.0173450 0.0106738 0.0176399 0.0000000 0.0105948 0.0278930 0.0588061 0.1700827 0.0000000 0.0000000 0.0286216 0.0232657
 45 G  45 0.0000000 0.0000000 0.0655466 0.0219849 0.0000000 0.0000000 0.0090991 0.8211278 0.0000000 0.0000000 0.0000000 0.0053687 0.0000000 0.0000000 0.0000000 0.0288746 0.0000000 0.0000000 0.0203305 0.0044020 0.0232657
 46 D  46 0.0251593 0.0032180 0.0449694 0.7253997 0.0086018 0.0553993 0.0483606 0.0132529 0.0031578 0.0000000 0.0000000 0.0000000 0.0063727 0.0000000 0.0000000 0.0285317 0.0143111 0.0000000 0.0000000 0.0000000 0.0232657
 47 F  47 0.0000000 0.0366296 0.0000000 0.0061767 0.0015189 0.0152529 0.0400399 0.0000000 0.0452292 0.0390877 0.1205798 0.0685622 0.0030078 0.1043123 0.0055662 0.0319736 0.0350085 0.0259976 0.2635764 0.1342151 0.0232657
 48 V  48 0.0093430 0.0000000 0.0000000 0.0000000 0.0000000 0.0000000 0.0000000 0.0053001 0.0000000 0.2139463 0.0094843 0.0000000 0.0000000 0.0000000 0.0000000 0.0000000 0.0093723 0.0000000 0.0000000 0.7193249 0.0332291
 49 S  49 0.0187380 0.0775523 0.0091274 0.0119515 0.0073413 0.0516693 0.0527069 0.0105948 0.0000000 0.0404258 0.0269470 0.1539692 0.0164992 0.0252161 0.0000000 0.0740536 0.2816739 0.0000000 0.0250108 0.0832938 0.0332291
 50 F  50 0.0000000 0.0000000 0.0000000 0.0000000 0.0142662 0.0000000 0.0000000 0.0000000 0.0000000 0.1438635 0.0987164 0.0000000 0.0000000 0.7015373 0.0000000 0.0000000 0.0000000 0.0000000 0.0000000 0.0162023 0.0254142
 51 S  51 0.0621235 0.0810532 0.0080889 0.0254172 0.0017889 0.0204680 0.0506096 0.0040004 0.0072593 0.0095869 0.0075326 0.0842968 0.0000000 0.0000000 0.0000000 0.3962487 0.1877747 0.0000000 0.0000000 0.0126071 0.0411444
 52 E  52 0.0331307 0.0059965 0.0609506 0.0710783 0.0000000 0.0064623 0.5476789 0.1910706 0.0078149 0.0000000 0.0000000 0.0035352 0.0000000 0.0000000 0.0000000 0.0344720 0.0000000 0.0000000 0.0000000 0.0000000 0.0378101
 53 V  53 0.0000000 0.0000000 0.0000000 0.0000000 0.0237403 0.0000000 0.0000000 0.0000000 0.0000000 0.2197624 0.0816974 0.0106756 0.0243223 0.0090690 0.0095869 0.0000000 0.0000000 0.0099633 0.0000000 0.5619503 0.0492325
 54 Q  54 0.0200589 0.0385491 0.0579093 0.0431519 0.0000000 0.2144826 0.2641443 0.0261518 0.0323899 0.0157754 0.0122085 0.1197234 0.0000000 0.0000000 0.0000000 0.0330230 0.0311911 0.0000000 0.0000000 0.0545739 0.0366670
 55 G  55 0.0277268 0.0000000 0.0109534 0.0115353 0.0000000 0.0000000 0.0133506 0.8615273 0.0000000 0.0000000 0.0000000 0.0000000 0.0000000 0.0000000 0.0000000 0.0282762 0.0099633 0.0000000 0.0000000 0.0000000 0.0366670
 56 M  56 0.0127282 0.0000000 0.0000000 0.0200904 0.0000000 0.0210397 0.0000000 0.0164771 0.0000000 0.0140420 0.1463595 0.0000000 0.6302745 0.0299718 0.0248150 0.0000000 0.0173759 0.0000000 0.0059561 0.0243695 0.0365003
 57 I  57 0.0244277 0.0013797 0.0186969 0.0607463 0.0325159 0.0188434 0.1360670 0.0103460 0.0024391 0.0291060 0.0118146 0.0291537 0.0221097 0.0000000 0.0829323 0.0682379 0.2883639 0.0000000 0.0191500 0.1085982 0.0350717
 58 Q  58 0.0674758 0.0032180 0.0206217 0.0087838 0.0042096 0.0939620 0.4392788 0.1021298 0.0000000 0.0000000 0.0094053 0.0700109 0.0217584 0.0159307 0.0021136 0.0836800 0.0050698 0.0000000 0.0106756 0.0066679 0.0350084
 59 L  59 0.0507387 0.0116780 0.0000000 0.0112618 0.0000000 0.0281508 0.0162159 0.0000000 0.0000000 0.0835918 0.6064582 0.0147062 0.0058916 0.0245101 0.0000000 0.0316475 0.0000000 0.0000000 0.0000000 0.0762523 0.0388971
 60 N  60 0.0000000 0.0000000 0.8231158 0.0169287 0.0000000 0.0288765 0.0140791 0.0000000 0.0000000 0.0126957 0.0174578 0.0000000 0.0000000 0.0000000 0.0000000 0.0116780 0.0143161 0.0000000 0.0262330 0.0021845 0.0324348
 61 G  61 0.0042878 0.0066817 0.1295976 0.2221964 0.0000000 0.0047120 0.0634605 0.3932572 0.0124059 0.0046181 0.0099633 0.0328869 0.0000000 0.0000000 0.0060351 0.0431258 0.0326789 0.0000000 0.0020108 0.0000000 0.0320819
 62 C  62 0.0239488 0.0587967 0.0426760 0.0087913 0.1950292 0.0349189 0.0106756 0.1619074 0.0059367 0.0354334 0.0249388 0.0352313 0.0079889 0.0043869 0.0048484 0.0889362 0.0945894 0.0000000 0.0032615 0.0133699 0.1443347
 63 Q  63 0.0831728 0.0736590 0.0263961 0.0597662 0.0020714 0.1104727 0.1699567 0.0443466 0.0018452 0.0000000 0.0032108 0.1943223 0.0030348 0.0000000 0.0396634 0.0481586 0.0488729 0.0000000 0.0000000 0.0115073 0.0795432
 64 P  64 0.0190218 0.0000000 0.0000000 0.0000000 0.0036714 0.0066813 0.0401057 0.0032108 0.0000000 0.0623622 0.0739454 0.0048972 0.0000000 0.0122593 0.4618022 0.0304624 0.1032692 0.0000000 0.0130913 0.0456303 0.1195894
 65 M  65 0.0053737 0.2244983 0.0000000 0.0059983 0.0114085 0.0494147 0.0103619 0.0000000 0.0481921 0.0426655 0.0399896 0.0125532 0.0243373 0.2956544 0.0000000 0.0052405 0.0364346 0.0086903 0.0951671 0.0433437 0.0406763
 66 E  66 0.0277963 0.0500581 0.0084576 0.0000000 0.0000000 0.0659441 0.0963639 0.0000000 0.0000000 0.0126679 0.0077552 0.4085970 0.0000000 0.0000000 0.1128734 0.0184353 0.0764679 0.0000000 0.0000000 0.0834940 0.0310894
 67 I  67 0.0041039 0.0000000 0.0105849 0.0000000 0.0000000 0.0105035 0.0000000 0.0072392 0.0000000 0.4706208 0.0050617 0.0064252 0.0000000 0.0078149 0.0000000 0.0067511 0.0168722 0.0105948 0.0079686 0.4003800 0.0350791
 68 K  68 0.0173692 0.0778970 0.0258025 0.0163112 0.0281002 0.0328077 0.1281314 0.0000000 0.0383214 0.0129732 0.0126071 0.2810512 0.0029166 0.0000000 0.0000000 0.0282932 0.2644721 0.0000000 0.0000000 0.0072392 0.0257068
 69 V  69 0.0251807 0.0110050 0.1074811 0.0260216 0.0029166 0.0000000 0.0228187 0.0045031 0.0000000 0.0431979 0.0048536 0.0407998 0.0000000 0.0000000 0.0059818 0.0311660 0.0614499 0.0000000 0.0139561 0.5729613 0.0257068
 70 L  70 0.0369609 0.0411416 0.0063966 0.0000000 0.0223548 0.0419555 0.0020183 0.0074303 0.0115655 0.1842261 0.2436465 0.1234882 0.0099917 0.0107803 0.0158680 0.0088455 0.0795667 0.0000000 0.0148143 0.1132423 0.0257068
 71 G  71 0.0105948 0.0325040 0.1318318 0.1113802 0.0000000 0.0038635 0.0295741 0.2769322 0.0041895 0.0000000 0.0000000 0.0781713 0.0000000 0.0000000 0.0088160 0.2189890 0.0674469 0.0000000 0.0000000 0.0000000 0.0257068
 72 P  72 0.1337775 0.0092212 0.0081633 0.0841919 0.0000000 0.0126071 0.0118591 0.0119637 0.0106756 0.0000000 0.0000000 0.0762014 0.0000000 0.0000000 0.5151837 0.0513565 0.0320718 0.0000000 0.0067311 0.0102897 0.0257068
 73 Y  73 0.0000000 0.0429561 0.1303886 0.0241204 0.0206470 0.0144214 0.0162408 0.0400180 0.1004992 0.0000000 0.0117614 0.0054029 0.0069818 0.1345352 0.0000000 0.0636350 0.0365993 0.0048536 0.3141604 0.0070719 0.0257068
 74 T  74 0.0649795 0.0525764 0.0055662 0.0106738 0.0201001 0.0335396 0.0433784 0.0048507 0.0105468 0.0238865 0.0000000 0.0647003 0.0044963 0.0000000 0.0000000 0.2954650 0.3268706 0.0000000 0.0000000 0.0226263 0.0157435
 75 F  75 0.0000000 0.0000000 0.0000000 0.0000000 0.0000000 0.0000000 0.0000000 0.0000000 0.0000000 0.0439256 0.1580604 0.0164772 0.0133546 0.6707185 0.0000000 0.0000000 0.0000000 0.0000000 0.0244557 0.0428987 0.0301092
 76 S  76 0.0333148 0.0873654 0.0788107 0.0120521 0.0068834 0.0105837 0.1692767 0.0000000 0.0000000 0.0153753 0.0059576 0.0592861 0.0066290 0.0015181 0.0000000 0.3212368 0.1228774 0.0000000 0.0160679 0.0130243 0.0397408
 77 I  77 0.0000000 0.0000000 0.0102709 0.0000000 0.0000000 0.0000000 0.0000000 0.0165772 0.0000000 0.6519942 0.2278665 0.0000000 0.0124603 0.0000000 0.0000000 0.0000000 0.0105035 0.0000000 0.0000000 0.0305866 0.0397408
 78 C  78 0.0000000 0.0082810 0.0349957 0.0244861 0.0592421 0.0173562 0.1391757 0.4126565 0.0000000 0.0450370 0.0519751 0.0745270 0.0000000 0.0000000 0.0048507 0.0167317 0.0000000 0.0000000 0.0050557 0.0573892 0.0482403
 79 D  79 0.0108859 0.0106930 0.0576622 0.6737008 0.0000000 0.0105923 0.0340499 0.0491213 0.0025717 0.0101043 0.0042877 0.0033865 0.0156417 0.0032180 0.0039680 0.0251660 0.0235661 0.0000000 0.0048484 0.0000000 0.0565361
 80 T  80 0.0292760 0.0000000 0.0189138 0.0263446 0.0000000 0.0168522 0.0031608 0.0094811 0.0000000 0.0378893 0.0335513 0.0042878 0.0000000 0.0389685 0.0000000 0.0690112 0.5424569 0.0000000 0.0106930 0.1118392 0.0472742
 81 S  81 0.0429354 0.0559226 0.0355797 0.0294959 0.0000000 0.0491973 0.0313113 0.0461042 0.0000000 0.0072581 0.0187845 0.0259687 0.0148170 0.0000000 0.0027880 0.3405925 0.2408175 0.0000000 0.0223535 0.0000000 0.0360739
 82 N  82 0.0621488 0.0095257 0.0880241 0.0481152 0.0000000 0.0563038 0.0745463 0.1954014 0.0224890 0.0133137 0.0249144 0.1151969 0.0102732 0.0165113 0.0000000 0.1243768 0.0795507 0.0000000 0.0043399 0.0146680 0.0403006
 83 F  83 0.0196382 0.0000000 0.0065616 0.0027880 0.0049575 0.0138364 0.0147018 0.0066679 0.0088338 0.0459280 0.1310085 0.0000000 0.0148295 0.4013512 0.0000000 0.0236972 0.0222951 0.0192236 0.2110256 0.0066290 0.0460272
 84 S  84 0.0577966 0.0224223 0.0310450 0.0389577 0.0064695 0.0441747 0.0296564 0.2879631 0.0244172 0.0000000 0.0000000 0.0156509 0.0046181 0.0000000 0.0239375 0.3272993 0.0433693 0.0000000 0.0000000 0.0000000 0.0422226
 85 D  85 0.1376370 0.0464249 0.0392921 0.0976429 0.0067164 0.0553091 0.1192101 0.0050557 0.0037419 0.0195173 0.0020105 0.0890963 0.0094491 0.0126071 0.1932750 0.0311603 0.0724148 0.0000000 0.0000000 0.0325306 0.0269090
 86 Y  86 0.0128748 0.0060351 0.0000000 0.0202799 0.0000000 0.0082810 0.0000000 0.0000000 0.0113852 0.0104672 0.0064663 0.0000000 0.0000000 0.0438218 0.0309051 0.0220646 0.0000000 0.0190145 0.7754990 0.0059965 0.0269090
 87 I  87 0.0374572 0.0179561 0.0059965 0.0023416 0.0000000 0.0559069 0.1179502 0.0023713 0.0018043 0.1042219 0.1464020 0.1334126 0.0096782 0.0000000 0.0000000 0.0321474 0.1411296 0.0000000 0.0000000 0.1585965 0.0326278
 88 R  88 0.0130472 0.2066172 0.0431782 0.0258760 0.0258226 0.0138936 0.0436560 0.0715343 0.0471678 0.0000000 0.0106930 0.1373940 0.0000000 0.0000000 0.0000000 0.2300257 0.0655375 0.0000000 0.0222536 0.0000000 0.0433033
 89 G  89 0.0335758 0.0046181 0.0690512 0.0000000 0.0032615 0.0095317 0.0271784 0.7216908 0.0214227 0.0046741 0.0000000 0.0000000 0.0000000 0.0057271 0.0000000 0.0349839 0.0202290 0.0000000 0.0000000 0.0000000 0.0440557
 90 G  90 0.0205018 0.0000000 0.0000000 0.0000000 0.0000000 0.0106930 0.0000000 0.9144445 0.0000000 0.0000000 0.0000000 0.0000000 0.0000000 0.0000000 0.0000000 0.0000000 0.0000000 0.0000000 0.0000000 0.0000000 0.0543607
 91 I  91 0.0261932 0.0402988 0.0158550 0.0183180 0.0000000 0.0051367 0.0145864 0.0000000 0.0000000 0.2727823 0.0800546 0.0218052 0.0151596 0.0873945 0.0000000 0.0121144 0.1281890 0.0312114 0.0843015 0.0922386 0.0543607
 92 V  92 0.2306208 0.0000000 0.0000000 0.0000000 0.0576942 0.0000000 0.0000000 0.0104695 0.0000000 0.1243617 0.0530569 0.0000000 0.0064252 0.1519757 0.0000000 0.0000000 0.0000000 0.0041488 0.0470917 0.2809738 0.0331816
 93 S  93 0.0164411 0.0344753 0.0216196 0.0000000 0.0154244 0.0669258 0.0532534 0.0000000 0.0713641 0.0683034 0.0080696 0.0676401 0.0019387 0.0000000 0.0000000 0.0544044 0.4024885 0.0000000 0.0157332 0.0512390 0.0506795
 94 Q  94 0.0000000 0.0203490 0.0087389 0.0106938 0.0000000 0.4963864 0.1860703 0.0000000 0.0225859 0.0000000 0.0464024 0.0573855 0.0027362 0.0000000 0.0070719 0.0000000 0.0380802 0.0000000 0.0000000 0.0000000 0.1034994
 95 V  95 0.0015629 0.0105948 0.0000000 0.0056530 0.0000000 0.0262330 0.0000000 0.0000000 0.0104152 0.1175460 0.0290188 0.0099988 0.0321118 0.0000000 0.0000000 0.0043233 0.0302070 0.0000000 0.0000000 0.6181166 0.1042188
 96 K  96 0.0000000 0.0259027 0.0059818 0.0000000 0.0000000 0.0126071 0.0000000 0.0000000 0.0000000 0.0202278 0.0000000 0.7944148 0.0000000 0.0000000 0.0164328 0.0000000 0.0000000 0.0000000 0.0000000 0.0000000 0.1244330
 97 V  97 0.0206666 0.0744635 0.0105948 0.0126071 0.0000000 0.1274698 0.0933258 0.0086019 0.0042878 0.0112583 0.0263205 0.1022946 0.1557783 0.0057544 0.0274878 0.0129502 0.0518838 0.0000000 0.0044034 0.1323840 0.1174674
 98 P  98 0.0148312 0.0078315 0.0098598 0.0000000 0.0030438 0.0099365 0.0152859 0.0133546 0.0210204 0.0048972 0.0000000 0.0354389 0.0000000 0.0022655 0.6367125 0.0575095 0.0369759 0.0000000 0.0000000 0.0259413 0.1050953
 99 K  99 0.0035227 0.0477162 0.0043789 0.0069657 0.0074303 0.0687418 0.0291487 0.0066931 0.0043399 0.0814748 0.0515020 0.3785507 0.0000000 0.0289757 0.0000000 0.0340804 0.0337540 0.0000000 0.0000000 0.1062372 0.1064879
100 K 100 0.0033118 0.0366415 0.0261485 0.0247877 0.0000000 0.0484863 0.0508824 0.0000000 0.0090090 0.0627294 0.0511005 0.1508083 0.0280254 0.0171215 0.0091999 0.0199268 0.2680553 0.0000000 0.0089698 0.0783079 0.1064879
101 I 101 0.0047548 0.0088842 0.0000000 0.0000000 0.0102566 0.0121276 0.0213232 0.0000000 0.0081616 0.1980559 0.2942738 0.0123988 0.0839485 0.0556545 0.0000000 0.0000000 0.0127641 0.0000000 0.0176812 0.1462616 0.1134536
102 S 102 0.0418836 0.0681729 0.0941555 0.0601500 0.0108909 0.0519099 0.0425242 0.0208597 0.0424457 0.0160959 0.0047738 0.1117432 0.0000000 0.0060875 0.0134706 0.2591837 0.0381476 0.0000000 0.0040518 0.0000000 0.1134536
103 F 103 0.0000000 0.0000000 0.0112852 0.0000000 0.0106930 0.0000000 0.0000000 0.0000000 0.0914453 0.0000000 0.0000000 0.0000000 0.0000000 0.6946140 0.0000000 0.0000000 0.0000000 0.0000000 0.0801744 0.0000000 0.1117880
104 K 104 0.0271053 0.0935638 0.0297509 0.0376391 0.0000000 0.0559334 0.1047932 0.0021097 0.0056726 0.0064955 0.0421153 0.4204199 0.0060327 0.0000000 0.0127128 0.0092441 0.0142163 0.0000000 0.0044805 0.0159269 0.1117880
105 S 105 0.0366384 0.0171379 0.0071898 0.0447221 0.0021912 0.0091055 0.0109896 0.0088398 0.0106756 0.0000000 0.0000000 0.0268956 0.0052267 0.0000000 0.2467971 0.3780836 0.0789645 0.0000000 0.0000000 0.0000000 0.1165428
106 L 106 0.0027667 0.0000000 0.0000000 0.0000000 0.0000000 0.0040004 0.0000000 0.0000000 0.0000000 0.0342520 0.6608930 0.0000000 0.0213196 0.0655213 0.0000000 0.0000000 0.0070719 0.0121174 0.0755149 0.0000000 0.1165428
107 P 107 0.0819408 0.1260099 0.0411255 0.0642222 0.0017619 0.0541971 0.1950320 0.0401135 0.0048536 0.0000000 0.0201713 0.1220446 0.0000000 0.0025717 0.0069653 0.0975632 0.0217100 0.0000000 0.0000000 0.0031746 0.1165428
108 A 108 0.0604377 0.0456424 0.0316891 0.1082975 0.0000000 0.0722081 0.3146524 0.0000000 0.0016516 0.0160761 0.0052843 0.0983735 0.0083497 0.0000000 0.0014949 0.0224763 0.0348082 0.0000000 0.0000000 0.0360193 0.1425389
109 S 109 0.2783184 0.0217792 0.0000000 0.0000000 0.0182553 0.1204574 0.0204867 0.0000000 0.0000000 0.0273452 0.0000000 0.0059965 0.0057544 0.0000000 0.0070719 0.2628570 0.0351449 0.0000000 0.0000000 0.0373924 0.1591407
110 L 110 0.0000000 0.0000000 0.0000000 0.0000000 0.0000000 0.0000000 0.0078529 0.0000000 0.0000000 0.1132631 0.5563053 0.0000000 0.0427600 0.0312166 0.0000000 0.0122876 0.0031290 0.0000000 0.0000000 0.0424853 0.1907002
111 V 111 0.0799270 0.0158240 0.0247025 0.0225294 0.0058159 0.0058385 0.0270500 0.0029489 0.0016575 0.0262382 0.0837608 0.1613081 0.0070731 0.0000000 0.0000000 0.0396601 0.0461119 0.0000000 0.0000000 0.0188110 0.4307431
112 E 112 0.0000000 0.0000000 0.0000000 0.1309489 0.0000000 0.0634312 0.1514793 0.0000000 0.0000000 0.0000000 0.0000000 0.0636529 0.0000000 0.0000000 0.0000000 0.0000000 0.0000000 0.0000000 0.0000000 0.0000000 0.5904877
