  113         A         R         N         D         C         Q         E         G         H         I         L         K         M         F         P         S         T         W         Y         V         X    
  1 G   1 0.0000000 0.0000000 0.0000000 0.0000000 0.0000000 0.0000000 0.0000000 0.0647940 0.0000000 0.0000000 0.0000000 0.0000000 0.0000000 0.0000000 0.0000000 0.0000000 0.0000000 0.0000000 0.0000000 0.0000000 0.9352060
  2 S   2 0.0000000 0.0000000 0.0000000 0.0000000 0.0000000 0.0000000 0.0000000 0.0063740 0.0000000 0.0000000 0.0070045 0.0000000 0.0000000 0.0000000 0.0309936 0.0719478 0.0064528 0.0000000 0.0000000 0.0000000 0.8772274
  3 H   3 0.0053612 0.0000000 0.0000000 0.1056135 0.0000000 0.0097167 0.0086604 0.0123578 0.0222994 0.0000000 0.0000000 0.0000000 0.0000000 0.0077601 0.0060569 0.0045558 0.0036397 0.0000000 0.0373877 0.0068954 0.7696954
  4 M   4 0.0034356 0.0000000 0.0000000 0.0000000 0.0000000 0.0000000 0.0000000 0.0000000 0.0000000 0.0103069 0.0556440 0.0000000 0.0979619 0.0000000 0.0528065 0.0427155 0.0127227 0.0000000 0.0040083 0.0000000 0.7203986
  5 E   5 0.0237966 0.0000000 0.0116268 0.0119783 0.0000000 0.0116086 0.0808471 0.0037062 0.0248227 0.0000000 0.0038408 0.0000000 0.0000000 0.0000000 0.0661413 0.0400383 0.0219933 0.0000000 0.0086945 0.0075555 0.6833500
  6 C   6 0.0076203 0.0046994 0.0562728 0.0000000 0.0596432 0.0161142 0.0247154 0.0030318 0.0083857 0.0000000 0.0536155 0.0081720 0.0000000 0.0000000 0.1076936 0.0370315 0.0000000 0.0000000 0.0041976 0.0045558 0.6042511
  7 A   7 0.1349525 0.0112466 0.0155321 0.0053075 0.0286576 0.0130622 0.0385187 0.0172662 0.0000000 0.0000000 0.0083235 0.0166750 0.0000000 0.0000000 0.0166709 0.0327613 0.0477255 0.0000000 0.0000000 0.0250689 0.5882312
  8 D   8 0.0193996 0.0034356 0.0292594 0.0653355 0.0000000 0.0553392 0.0525913 0.0285552 0.0126462 0.0000000 0.0000000 0.0045558 0.0256719 0.0063740 0.0089441 0.0906935 0.0176712 0.0000000 0.0000000 0.0000000 0.5795275
  9 V   9 0.0572872 0.0092429 0.0032982 0.0031644 0.0000000 0.0000000 0.0000000 0.0226290 0.0000000 0.0081144 0.0927881 0.0000000 0.0215590 0.0000000 0.0674506 0.0113442 0.0039781 0.0046994 0.0000000 0.1309465 0.5634980
 10 P  10 0.0152066 0.0000000 0.0101763 0.0201362 0.0000000 0.0000000 0.0137356 0.0094365 0.0075063 0.0000000 0.0115528 0.0000000 0.0000000 0.0000000 0.3009894 0.0549864 0.0083254 0.0000000 0.0000000 0.0200341 0.5279145
 11 L  11 0.0280214 0.0029605 0.0026910 0.0116021 0.0051082 0.0137463 0.0104162 0.0000000 0.0000000 0.0000000 0.1676065 0.0068954 0.0039132 0.0000000 0.2118045 0.0219604 0.0044247 0.0000000 0.0000000 0.0063740 0.5024755
 12 L  12 0.0417124 0.0000000 0.0261567 0.0248184 0.0000000 0.0039132 0.0443526 0.0196537 0.0000000 0.0309011 0.1524778 0.0000000 0.0075374 0.0104839 0.0215555 0.0512108 0.0115746 0.0000000 0.0095691 0.0446400 0.4994428
 13 G  13 0.0644925 0.0038817 0.0065339 0.0024535 0.0149565 0.0076174 0.0212378 0.0355278 0.0038408 0.0000000 0.0258868 0.0000000 0.0000000 0.0000000 0.0199521 0.0576013 0.2256521 0.0000000 0.0127227 0.0124252 0.4852179
 14 P  14 0.0233364 0.0000000 0.0034418 0.0000000 0.0043923 0.0185713 0.0149882 0.0000000 0.0361332 0.0000000 0.0062970 0.0000000 0.0000000 0.0000000 0.2985661 0.0132908 0.1073155 0.0000000 0.0000000 0.0089991 0.4646684
 15 S  15 0.0440641 0.0208954 0.0060961 0.0090278 0.0442189 0.0140674 0.0049702 0.0955625 0.0053075 0.0206576 0.0130750 0.0081100 0.0036916 0.0338959 0.0428416 0.1183502 0.0414636 0.0062970 0.0000000 0.0280034 0.4394041
 16 G  16 0.0172169 0.0071735 0.0134360 0.0065927 0.0000000 0.0408472 0.0173719 0.0793529 0.0000000 0.0254380 0.0304504 0.0074088 0.0052192 0.0036557 0.0128353 0.1328449 0.1092008 0.0023666 0.0309822 0.0236411 0.4339658
 17 K  17 0.0597196 0.0035656 0.0957374 0.0341842 0.0030366 0.0084000 0.0814093 0.0112526 0.0000000 0.0000000 0.0000000 0.0936158 0.0000000 0.0000000 0.0914805 0.0807752 0.0492107 0.0000000 0.0033525 0.0000000 0.3842599
 18 E  18 0.0798791 0.0430981 0.0231318 0.0543070 0.0039781 0.0512249 0.1126671 0.0268439 0.0019356 0.0085684 0.0000000 0.0365554 0.0000000 0.0076900 0.0786183 0.0602933 0.0183047 0.0039607 0.0047572 0.0133763 0.3708100
 19 M  19 0.0000000 0.0095429 0.0032201 0.0450397 0.0189055 0.0092837 0.0212536 0.0141402 0.0282985 0.0074965 0.0566409 0.0899096 0.0494221 0.0000000 0.0441926 0.0307496 0.0405911 0.0000000 0.0170534 0.1387507 0.3755093
 20 M  20 0.0188038 0.0568863 0.0172079 0.0064772 0.0000000 0.0470126 0.0381955 0.0023237 0.0191298 0.0327078 0.0929100 0.0186939 0.1509328 0.0260400 0.0172778 0.0212225 0.0117565 0.0078189 0.0138268 0.0343906 0.3663854
 21 S  21 0.0367963 0.0154201 0.0944427 0.0156686 0.0000000 0.0000000 0.0262331 0.0095719 0.0071248 0.0035885 0.0082298 0.0000000 0.0000000 0.0066866 0.0286484 0.2190143 0.0816126 0.0211137 0.0053612 0.0721421 0.3483452
 22 Q  22 0.0363056 0.0109234 0.0179741 0.0142797 0.0000000 0.1295557 0.0867446 0.0041976 0.0069114 0.0205824 0.1116383 0.0063740 0.0487453 0.0000000 0.0380019 0.0288867 0.0554539 0.0000000 0.0092852 0.0365897 0.3375506
 23 A  23 0.2335195 0.0078000 0.0000000 0.0179970 0.0383550 0.0040289 0.0155878 0.0046994 0.0052033 0.0387280 0.0218421 0.0116806 0.0068037 0.0000000 0.0739720 0.0455749 0.0474542 0.0000000 0.0000000 0.0944244 0.3323293
 24 L  24 0.0175596 0.0797332 0.0336887 0.0264674 0.0000000 0.0271452 0.0037171 0.0092150 0.0055239 0.0443175 0.2581401 0.0175636 0.0147187 0.0000000 0.0461920 0.0157704 0.0191134 0.0030512 0.0098455 0.0477050 0.3205327
 25 K  25 0.0197418 0.0619046 0.0167562 0.0000000 0.0196238 0.0430457 0.0643043 0.0828287 0.0052085 0.0047487 0.0209338 0.1297834 0.0000000 0.0070479 0.0586724 0.0620200 0.0534435 0.0443816 0.0048971 0.0086945 0.2919633
 26 A  26 0.1927742 0.0047487 0.0455190 0.0292877 0.0039607 0.0335390 0.1011647 0.0000000 0.0338927 0.0033525 0.0338511 0.0086987 0.0133824 0.0100229 0.0836059 0.0659203 0.0292403 0.0000000 0.0000000 0.0193309 0.2877082
 27 T  27 0.0587804 0.0029440 0.0114962 0.0000000 0.0000000 0.0104088 0.0109743 0.0227966 0.0101605 0.0570718 0.0535701 0.0000000 0.0161848 0.0046994 0.0862058 0.1782802 0.1040709 0.0000000 0.0080791 0.0910097 0.2732673
 28 F  28 0.0026324 0.0637646 0.0000000 0.0550596 0.0063237 0.0697292 0.0296515 0.0000000 0.0185166 0.0301700 0.0616810 0.0269001 0.0000000 0.1799581 0.1075996 0.0144813 0.0391438 0.0000000 0.0155895 0.0047487 0.2740504
 29 S  29 0.0950845 0.0302239 0.0305618 0.0076633 0.0045558 0.0275809 0.0426637 0.0189595 0.0000000 0.0077205 0.0498156 0.0641349 0.0686548 0.0000000 0.1025208 0.1588551 0.0381002 0.0000000 0.0000000 0.0054460 0.2474588
 30 G  30 0.0326715 0.0153098 0.1146482 0.0927728 0.0047487 0.0220013 0.0770196 0.1630304 0.0084365 0.0000000 0.0149026 0.0246182 0.0000000 0.0000000 0.0121892 0.1338461 0.0133124 0.0000000 0.0125378 0.0093267 0.2486283
 31 F  31 0.0217837 0.0000000 0.0076582 0.0450315 0.0000000 0.0000000 0.0869365 0.0069121 0.0000000 0.0890112 0.0691829 0.0032934 0.0676021 0.1790044 0.0121336 0.0153910 0.0064455 0.0626057 0.0542419 0.0278663 0.2448999
 32 T  32 0.0367519 0.0624831 0.0115598 0.1023421 0.0322432 0.0299943 0.1575373 0.0000000 0.0161453 0.0166528 0.0381010 0.0903134 0.0077666 0.0310514 0.0102189 0.0419116 0.0905295 0.0000000 0.0000000 0.0000000 0.2243979
 33 K  33 0.0342068 0.0411599 0.0427011 0.0190876 0.0086945 0.0202317 0.0175798 0.0644627 0.0092751 0.0112307 0.0114156 0.2564556 0.0057593 0.0000000 0.0193549 0.0420849 0.1618986 0.0000000 0.0000000 0.0188485 0.2155527
 34 E  34 0.0574893 0.0000000 0.0484591 0.0626876 0.0025166 0.0035134 0.2769697 0.0000000 0.0073257 0.0455616 0.0596827 0.0082492 0.0064455 0.0018930 0.0058130 0.0262910 0.1270361 0.0031900 0.0000000 0.0367942 0.2200823
 35 Q  35 0.0062779 0.0852881 0.0200672 0.0157505 0.1131718 0.1980932 0.1398163 0.0154035 0.0389513 0.0141946 0.0293233 0.0000000 0.0098261 0.0000000 0.0343909 0.0296277 0.0151814 0.0000000 0.0032934 0.0237297 0.2076132
 36 Q  36 0.0454488 0.0840592 0.0157007 0.0404163 0.0094063 0.0816791 0.1080712 0.0461001 0.0143618 0.0133827 0.1215866 0.1338821 0.0086778 0.0000000 0.0135497 0.0053075 0.0502849 0.0000000 0.0000000 0.0231356 0.1849496
 37 R  37 0.0777494 0.3089582 0.0094692 0.0000000 0.0037062 0.0332696 0.0293169 0.0108774 0.0000000 0.0277340 0.0539664 0.0570428 0.0264734 0.0024841 0.1379118 0.0278370 0.0115311 0.0000000 0.0000000 0.0079059 0.1737667
 38 L  38 0.0511763 0.0077331 0.0143044 0.0053304 0.0474570 0.0038408 0.0126427 0.0107640 0.0052916 0.0150774 0.3388557 0.0032816 0.0000000 0.0338994 0.0274056 0.0786028 0.0288278 0.0000000 0.0199783 0.1396381 0.1558928
 39 G  39 0.0035024 0.0649057 0.1128691 0.0124142 0.0000000 0.0291424 0.0246908 0.1700430 0.0560199 0.0817259 0.0073606 0.0639388 0.0238650 0.0176666 0.0000000 0.0349021 0.0061000 0.1305274 0.0232898 0.0134728 0.1235636
 40 I  40 0.0066866 0.0132259 0.0000000 0.0068781 0.0082223 0.0000000 0.0000000 0.0000000 0.0212434 0.3198682 0.2416514 0.0119261 0.0105116 0.0141430 0.0039993 0.0378135 0.0187318 0.0000000 0.0049344 0.1798598 0.1003046
 41 P  41 0.0360903 0.0658367 0.0229362 0.0024505 0.0000000 0.0155727 0.0273754 0.0543888 0.0159584 0.0070825 0.0021467 0.0000000 0.0000000 0.0000000 0.4678653 0.0859073 0.0576246 0.0000000 0.0000000 0.0058999 0.1328647
 42 K  42 0.1407866 0.0250965 0.0293855 0.0154136 0.0000000 0.0371016 0.0724822 0.0073488 0.0030244 0.0662887 0.0614760 0.1759241 0.0141989 0.0053612 0.0440253 0.0858499 0.0481535 0.0000000 0.0149678 0.0459939 0.1071217
 43 D  43 0.0113714 0.0043923 0.0700271 0.5959289 0.0000000 0.1303303 0.0348874 0.0000000 0.0458535 0.0000000 0.0122490 0.0000000 0.0049344 0.0000000 0.0048773 0.0064455 0.0000000 0.0000000 0.0000000 0.0044470 0.0742560
 44 P  44 0.0118484 0.0000000 0.0000000 0.0000000 0.0000000 0.0000000 0.0000000 0.0000000 0.0000000 0.0000000 0.0133735 0.0000000 0.0000000 0.0096781 0.8979053 0.0000000 0.0000000 0.0000000 0.0000000 0.0093327 0.0578619
 45 R  45 0.0456914 0.2068584 0.0530056 0.0068954 0.0064653 0.1159286 0.0399607 0.0087025 0.0406555 0.0358067 0.0374892 0.0427928 0.0404523 0.0050359 0.0000000 0.0929674 0.0631365 0.0301325 0.0311877 0.0497442 0.0470914
 46 Q  46 0.0395294 0.0231858 0.0176873 0.0787076 0.0167637 0.1199500 0.1271823 0.0083773 0.0167246 0.0168037 0.2389111 0.0214814 0.0295145 0.0582621 0.0000000 0.0243450 0.0213264 0.0000000 0.0636981 0.0335491 0.0440005
 47 W  47 0.0000000 0.0000000 0.0000000 0.0000000 0.0000000 0.0000000 0.0000000 0.0000000 0.0000000 0.0000000 0.0000000 0.0000000 0.0000000 0.0000000 0.0000000 0.0000000 0.0000000 0.9609942 0.0000000 0.0000000 0.0390058
 48 T  48 0.0131786 0.0000000 0.0785186 0.0368035 0.0000000 0.0000000 0.0000000 0.0101541 0.0000000 0.0000000 0.0098455 0.0039993 0.0000000 0.0000000 0.0037203 0.4600094 0.3447648 0.0000000 0.0000000 0.0000000 0.0390058
 49 E  49 0.0709483 0.1843159 0.0160026 0.0071167 0.0090435 0.0762787 0.1413865 0.0000000 0.0113116 0.0140003 0.0024636 0.1452191 0.0108185 0.0040076 0.0829606 0.0648675 0.0609372 0.0000000 0.0048590 0.0544570 0.0390058
 50 T  50 0.1276184 0.0117525 0.0450605 0.1693885 0.0159608 0.0512530 0.2566741 0.0518133 0.0125655 0.0027661 0.0072382 0.0089021 0.0020547 0.0095258 0.0035787 0.0489634 0.0749667 0.0151893 0.0259832 0.0223182 0.0364271
 51 H  51 0.0092619 0.0000000 0.0764051 0.2892793 0.0000000 0.2306781 0.0398074 0.0038252 0.3113460 0.0000000 0.0000000 0.0066450 0.0000000 0.0000000 0.0000000 0.0000000 0.0000000 0.0000000 0.0000000 0.0000000 0.0327520
 52 V  52 0.0107901 0.0000000 0.0000000 0.0000000 0.0000000 0.0000000 0.0000000 0.0096781 0.0000000 0.0645434 0.0000000 0.0000000 0.0000000 0.0000000 0.0000000 0.0094545 0.0177421 0.0000000 0.0000000 0.8542016 0.0335901
 53 R  53 0.1679618 0.1377690 0.0181021 0.0000000 0.0332200 0.0657489 0.0000000 0.0092253 0.0233689 0.0820069 0.1709754 0.0599786 0.0188483 0.0096302 0.0000000 0.0364598 0.0326993 0.0518445 0.0080641 0.0405068 0.0335901
 54 D  54 0.0955121 0.0259755 0.0120652 0.0785941 0.0000000 0.2303720 0.1000754 0.0079499 0.1391174 0.0048971 0.0173028 0.0629744 0.0114393 0.0000000 0.0000000 0.0693749 0.0416278 0.0050359 0.0303798 0.0337162 0.0335901
 55 W  55 0.0000000 0.0000000 0.0000000 0.0000000 0.0000000 0.0000000 0.0000000 0.0000000 0.0000000 0.0000000 0.0000000 0.0000000 0.0000000 0.0548632 0.0000000 0.0000000 0.0000000 0.8983171 0.0077835 0.0000000 0.0390361
 56 V  56 0.0188845 0.0000000 0.0000000 0.0000000 0.0000000 0.0000000 0.0000000 0.0000000 0.0000000 0.1805232 0.5720039 0.0000000 0.0385481 0.0180963 0.0000000 0.0033208 0.0044783 0.0000000 0.0000000 0.1331902 0.0309547
 57 M  57 0.0202230 0.1573095 0.0573331 0.0472941 0.0025765 0.1176156 0.0958645 0.0114825 0.0381146 0.0309854 0.1095202 0.0564905 0.0195787 0.0069872 0.0000000 0.1239476 0.0127158 0.0063135 0.0157466 0.0294749 0.0404261
 58 W  58 0.0077975 0.0076015 0.0285973 0.0288557 0.0053627 0.0243456 0.0127394 0.0000000 0.0275522 0.0000000 0.0259983 0.0000000 0.0000000 0.0648594 0.0000000 0.0178658 0.0000000 0.6330463 0.0749522 0.0000000 0.0404261
 59 A  59 0.4367650 0.0000000 0.0068954 0.0000000 0.0916886 0.0540090 0.0000000 0.0054460 0.0262456 0.0205139 0.0527348 0.0091890 0.0333640 0.0063932 0.0000000 0.0199405 0.0921430 0.0000000 0.0000000 0.0985836 0.0460884
 60 V  60 0.0705434 0.0158691 0.0000000 0.0000000 0.0347532 0.0227450 0.1686887 0.0000000 0.0000000 0.1063614 0.0244072 0.0437779 0.0484640 0.0062474 0.0000000 0.0872559 0.0769431 0.0000000 0.0063135 0.2415418 0.0460884
 61 N  61 0.0368590 0.2038531 0.2103401 0.0229076 0.0000000 0.0739455 0.0223445 0.0333881 0.0538684 0.0064653 0.0000000 0.2234387 0.0053728 0.0000000 0.0000000 0.0240057 0.0167368 0.0000000 0.0064455 0.0169961 0.0430328
 62 E  62 0.0088104 0.0271214 0.0034068 0.0094177 0.0000000 0.1758542 0.4830536 0.0045735 0.0162037 0.0020186 0.0182577 0.1546851 0.0000000 0.0000000 0.0000000 0.0223073 0.0192208 0.0000000 0.0000000 0.0196379 0.0354313
 63 F  63 0.0000000 0.0049947 0.0108185 0.0000000 0.0048477 0.0000000 0.0176918 0.0000000 0.0212084 0.0215640 0.0411861 0.0000000 0.0033633 0.4884476 0.0167904 0.0063932 0.0000000 0.0068954 0.3248645 0.0000000 0.0309344
 64 S  64 0.0456616 0.0744984 0.0857278 0.1878231 0.0099762 0.0369679 0.0205363 0.1260265 0.0000000 0.0000000 0.0000000 0.0489950 0.0000000 0.0029246 0.0118737 0.3017794 0.0081799 0.0000000 0.0000000 0.0075018 0.0315279
 65 L  65 0.1124238 0.0000000 0.0059744 0.0000000 0.0053358 0.0000000 0.0076015 0.0000000 0.0000000 0.0974154 0.6691876 0.0000000 0.0055123 0.0049791 0.0000000 0.0056623 0.0137255 0.0000000 0.0119261 0.0287283 0.0315279
 66 K  66 0.0277594 0.0880037 0.0359927 0.0329226 0.0073105 0.0565224 0.1050918 0.0168132 0.0370518 0.0000000 0.0211521 0.0489391 0.0217432 0.0000000 0.2782017 0.0992803 0.0326539 0.0000000 0.0056623 0.0481415 0.0367576
 67 G  67 0.0497103 0.0452389 0.0558175 0.0959471 0.0456653 0.0320316 0.1114928 0.1315650 0.0165061 0.0082429 0.0086870 0.0348862 0.0070260 0.0054806 0.1554844 0.1046112 0.0342204 0.0000000 0.0052916 0.0144848 0.0376103
 68 V  68 0.0314717 0.0000000 0.0047635 0.0000000 0.0000000 0.0000000 0.0063932 0.0044766 0.0000000 0.2726086 0.1543046 0.0000000 0.0440164 0.0362157 0.0603621 0.0308147 0.0490861 0.0000000 0.0111615 0.2500579 0.0442673
 69 D  69 0.0377416 0.0228525 0.1368255 0.3599239 0.0000000 0.0100852 0.0577250 0.0514178 0.0075494 0.0200125 0.0017205 0.0492573 0.0035687 0.0000000 0.0722414 0.0697437 0.0238287 0.0000000 0.0000000 0.0147709 0.0607355
 70 F  70 0.0518986 0.0112053 0.0077279 0.0100646 0.0100704 0.0000000 0.0643579 0.0166091 0.0080208 0.0794880 0.1557135 0.0381132 0.0822736 0.1746525 0.0740255 0.0562392 0.0544237 0.0000000 0.0077835 0.0658050 0.0315279
 71 Q  71 0.1035457 0.0254909 0.0724565 0.0908168 0.0092889 0.1308081 0.0726739 0.0502501 0.0602896 0.0069603 0.0361593 0.0134288 0.0151236 0.0077303 0.0245601 0.1660651 0.0758657 0.0000000 0.0000000 0.0069587 0.0315279
 72 K  72 0.0115008 0.1673548 0.0699291 0.0862242 0.0166688 0.0550980 0.0248042 0.0282342 0.0415711 0.0109267 0.1175200 0.1326545 0.0219310 0.0498278 0.0200695 0.0502385 0.0382227 0.0000000 0.0141204 0.0033234 0.0397803
 73 F  73 0.0000000 0.0084045 0.0000000 0.0061668 0.0989127 0.0402129 0.0000000 0.0000000 0.0000000 0.0107259 0.0490484 0.0049947 0.0041976 0.6390687 0.0086066 0.0064653 0.0054460 0.0692801 0.0086895 0.0000000 0.0397803
 74 C  74 0.0248594 0.0309599 0.1550307 0.1012848 0.0357482 0.1160961 0.1371523 0.0270017 0.0306646 0.0043938 0.0094948 0.0309793 0.0024620 0.0091472 0.1108919 0.0762057 0.0249371 0.0000000 0.0110005 0.0215720 0.0401181
 75 M  75 0.0053908 0.0000000 0.0031188 0.0050699 0.0139093 0.0034068 0.0283163 0.0000000 0.0000000 0.1836288 0.0973300 0.0291198 0.4772595 0.0077835 0.0031809 0.0192002 0.0226053 0.0155821 0.0000000 0.0536054 0.0314923
 76 S  76 0.0207693 0.0019986 0.3189842 0.2736595 0.0040076 0.0118792 0.0092647 0.0163230 0.0000000 0.0000000 0.0000000 0.0282070 0.0000000 0.0000000 0.0184132 0.0932001 0.1728069 0.0000000 0.0000000 0.0000000 0.0304866
 77 G  77 0.0047297 0.0000000 0.0000000 0.0000000 0.0000000 0.0000000 0.0000000 0.9645420 0.0000000 0.0000000 0.0000000 0.0000000 0.0000000 0.0000000 0.0000000 0.0000000 0.0000000 0.0000000 0.0000000 0.0000000 0.0307283
 78 A  78 0.1320441 0.1500791 0.0068513 0.0046155 0.0035687 0.0891834 0.0269153 0.0000000 0.0240984 0.0194478 0.0280995 0.3637270 0.0062872 0.0000000 0.0284588 0.0324222 0.0229332 0.0000000 0.0172581 0.0132821 0.0307283
 79 A  79 0.2764700 0.0160165 0.0000000 0.0749385 0.0000000 0.1122693 0.2671319 0.0147347 0.0239206 0.0094840 0.0158804 0.0151748 0.0151033 0.0000000 0.0027661 0.0251755 0.0786631 0.0000000 0.0000000 0.0269890 0.0252823
 80 L  80 0.0000000 0.0000000 0.0000000 0.0000000 0.0000000 0.0000000 0.0000000 0.0000000 0.0000000 0.0395726 0.8668888 0.0000000 0.0559843 0.0042284 0.0000000 0.0000000 0.0000000 0.0000000 0.0000000 0.0080437 0.0252823
 81 C  81 0.0494419 0.0000000 0.0050932 0.0000000 0.6956712 0.0038252 0.0000000 0.0000000 0.0000000 0.0089727 0.1285951 0.0000000 0.0110610 0.0114585 0.0000000 0.0185244 0.0028244 0.0000000 0.0075213 0.0252636 0.0317476
 82 A  82 0.1449714 0.0512068 0.0779527 0.0325801 0.0049436 0.0662994 0.0572916 0.0207393 0.0057386 0.0499131 0.1691242 0.1003891 0.0185187 0.0042443 0.0034068 0.1075513 0.0310428 0.0000000 0.0000000 0.0223384 0.0317476
 83 L  83 0.0000000 0.0000000 0.0000000 0.0000000 0.0541796 0.0000000 0.0000000 0.0000000 0.0000000 0.0048419 0.4963345 0.0076015 0.3411707 0.0299325 0.0000000 0.0000000 0.0068781 0.0099066 0.0120995 0.0053075 0.0317476
 84 G  84 0.0601171 0.0243406 0.0483279 0.0285576 0.0000000 0.0249537 0.0000000 0.1113664 0.0000000 0.0000000 0.0000000 0.0077563 0.0000000 0.0000000 0.0248260 0.2683081 0.3761640 0.0000000 0.0000000 0.0000000 0.0252823
 85 K  85 0.0062474 0.1332851 0.0053075 0.0053627 0.0000000 0.0800711 0.1122474 0.0000000 0.0310325 0.0000000 0.1166124 0.3915077 0.0314953 0.0022594 0.0214298 0.0134256 0.0028200 0.0000000 0.0041646 0.0137577 0.0289739
 86 E  86 0.0858072 0.0199458 0.0205493 0.2070353 0.0022130 0.0541771 0.4520040 0.0044576 0.0048419 0.0062872 0.0018524 0.0283231 0.0000000 0.0000000 0.0074864 0.0351111 0.0275674 0.0000000 0.0000000 0.0170590 0.0252823
 87 C  87 0.0206158 0.0400692 0.0374479 0.4323463 0.0283947 0.0632440 0.2148346 0.0369894 0.0061659 0.0000000 0.0000000 0.0148547 0.0299116 0.0048569 0.0000000 0.0195349 0.0063932 0.0076015 0.0114572 0.0000000 0.0252823
 88 F  88 0.0000000 0.0000000 0.0000000 0.0000000 0.0000000 0.0000000 0.0000000 0.0000000 0.0000000 0.0036363 0.0572110 0.0000000 0.0377741 0.7652279 0.0000000 0.0000000 0.0000000 0.0321254 0.0210551 0.0000000 0.0829702
 89 L  89 0.0212446 0.1658639 0.0105765 0.0056623 0.0283266 0.0633879 0.0263985 0.0327516 0.0144822 0.0357564 0.2795796 0.0313593 0.0574114 0.0071742 0.0048569 0.0193469 0.0472624 0.0385399 0.0000000 0.0691410 0.0408777
 90 E  90 0.0719167 0.2212626 0.0063466 0.0505370 0.0438495 0.0997417 0.1325280 0.0215304 0.0472780 0.0000000 0.0216074 0.0311473 0.0123940 0.0030416 0.0077835 0.0640849 0.0154995 0.0064653 0.0744184 0.0148815 0.0536861
 91 L  91 0.0303680 0.4206573 0.0216834 0.0000000 0.0118202 0.0000000 0.0052043 0.0052781 0.0000000 0.0751489 0.2283687 0.0739108 0.0244501 0.0071876 0.0000000 0.0080641 0.0100273 0.0000000 0.0073844 0.0086945 0.0617522
 92 A  92 0.2652065 0.0000000 0.0000000 0.0359220 0.0650720 0.0000000 0.0095125 0.0319557 0.0000000 0.0504691 0.0429319 0.0000000 0.0048842 0.0519389 0.0000000 0.1167139 0.1188284 0.0112750 0.0000000 0.1466984 0.0485916
 93 P  93 0.0658330 0.0056623 0.0169028 0.0050699 0.0000000 0.0210021 0.0054806 0.0524531 0.0000000 0.0000000 0.0078494 0.0000000 0.0000000 0.0568068 0.5805924 0.1046021 0.0285238 0.0000000 0.0000000 0.0000000 0.0492217
 94 D  94 0.0722578 0.0372376 0.0344850 0.0725710 0.0000000 0.0433153 0.0533707 0.1846958 0.0061921 0.0025835 0.0236943 0.0426298 0.0016609 0.0086148 0.0996765 0.1017135 0.0098853 0.0000000 0.0165163 0.0334330 0.1554666
 95 F  95 0.0245212 0.0383695 0.0000000 0.0547128 0.0000000 0.0117128 0.0232099 0.0224937 0.0589287 0.0084471 0.0615419 0.0031950 0.0000000 0.1554227 0.0617806 0.0526337 0.0136077 0.0028087 0.1227843 0.0297377 0.2540919
 96 V  96 0.0845773 0.0118202 0.1139282 0.0000000 0.0427269 0.0000000 0.0031809 0.1434721 0.0000000 0.0000000 0.0806021 0.0219586 0.0326439 0.0000000 0.0545750 0.1730682 0.0261827 0.0000000 0.0000000 0.0943507 0.1169131
 97 G  97 0.0544888 0.0000000 0.0066278 0.0069589 0.0000000 0.0000000 0.0059744 0.7899336 0.0032201 0.0000000 0.0044766 0.0064653 0.0019658 0.0000000 0.0000000 0.0151310 0.0284417 0.0000000 0.0000000 0.0213456 0.0549703
 98 D  98 0.0119732 0.0255925 0.0646080 0.5367091 0.0000000 0.0155866 0.1115595 0.0166989 0.0082350 0.0000000 0.0112433 0.0346231 0.0086114 0.0000000 0.0052340 0.0744236 0.0108334 0.0000000 0.0050359 0.0045735 0.0544591
 99 I  99 0.0172973 0.0000000 0.0000000 0.0064653 0.0000000 0.0396235 0.0230459 0.0000000 0.0167076 0.3272687 0.1057522 0.0212036 0.0385213 0.0099224 0.0000000 0.0046155 0.0502330 0.0000000 0.0143395 0.2722965 0.0527077
100 L 100 0.0000000 0.0000000 0.0000000 0.0000000 0.0000000 0.0000000 0.0000000 0.0061668 0.0000000 0.0146303 0.8237002 0.0000000 0.0039779 0.0855959 0.0051082 0.0000000 0.0000000 0.0000000 0.0000000 0.0036363 0.0571844
101 W 101 0.0555209 0.0028200 0.0050699 0.0000000 0.0000000 0.0000000 0.0000000 0.0000000 0.1607549 0.0060943 0.0879923 0.0000000 0.0180447 0.0363964 0.0000000 0.0075727 0.0000000 0.2523055 0.2887639 0.0049298 0.0737346
102 E 102 0.1652732 0.0541159 0.0600420 0.0121317 0.0000000 0.0145308 0.2660793 0.0291020 0.0160381 0.0000000 0.0027201 0.0362435 0.0098422 0.0143395 0.0000000 0.1376047 0.0874928 0.0048569 0.0050359 0.0041674 0.0803840
103 H 103 0.0069975 0.0140362 0.0345296 0.0505326 0.0000000 0.0942892 0.0171270 0.0000000 0.4911454 0.0274438 0.0784000 0.0119270 0.0049947 0.0083907 0.0000000 0.0148672 0.0000000 0.0000000 0.0053793 0.0559195 0.0840204
104 L 104 0.0000000 0.0000000 0.0000000 0.0000000 0.0000000 0.0000000 0.0000000 0.0000000 0.0050932 0.0489144 0.7539101 0.0000000 0.0026128 0.0868877 0.0000000 0.0000000 0.0000000 0.0000000 0.0033702 0.0151913 0.0840204
105 E 105 0.0692439 0.0429176 0.0423085 0.0920785 0.0276447 0.2325716 0.2340638 0.0193758 0.0563832 0.0000000 0.0103808 0.0049298 0.0000000 0.0000000 0.0000000 0.0229972 0.0162610 0.0111490 0.0000000 0.0000000 0.1176947
106 I 106 0.0077835 0.0060333 0.0180370 0.0433498 0.0077901 0.0500192 0.0230060 0.0000000 0.0857973 0.1410515 0.1638616 0.0172302 0.0656533 0.0399218 0.0000000 0.0318451 0.0107134 0.0061668 0.1300942 0.0161448 0.1355011
107 L 107 0.0000000 0.0126713 0.0000000 0.0000000 0.0000000 0.0000000 0.0000000 0.0000000 0.0000000 0.1181357 0.5344693 0.0000000 0.0471591 0.0000000 0.0000000 0.0000000 0.0000000 0.1006138 0.0000000 0.0124156 0.1745351
108 Q 108 0.0052192 0.2096471 0.0000000 0.0000000 0.0000000 0.1120372 0.0048569 0.0000000 0.0000000 0.0430514 0.0426063 0.2931830 0.0099858 0.0000000 0.0000000 0.0145819 0.0166573 0.0000000 0.0000000 0.0201261 0.2280479
109 K 109 0.0053052 0.0744227 0.0000000 0.0101850 0.0000000 0.0698488 0.0879628 0.0000000 0.0000000 0.0198091 0.0000000 0.2359077 0.0056348 0.0000000 0.0000000 0.0262190 0.0783872 0.0000000 0.0000000 0.0000000 0.3863176
110 E 110 0.0056623 0.0048773 0.0195947 0.0955879 0.0641816 0.0935019 0.0965488 0.0040241 0.0274014 0.0000000 0.0000000 0.0000000 0.0134973 0.0000000 0.0000000 0.0664654 0.0058146 0.0000000 0.0000000 0.0044783 0.4983645
111 D 111 0.0000000 0.0086945 0.0409645 0.0144834 0.0531660 0.0000000 0.0222648 0.0000000 0.0143423 0.0000000 0.0000000 0.0630607 0.0000000 0.0000000 0.0000000 0.0794371 0.0076015 0.0000000 0.0000000 0.0131686 0.6828167
112 V 112 0.0179827 0.0000000 0.0031294 0.0188524 0.0000000 0.0000000 0.0281105 0.0000000 0.0000000 0.0109143 0.0153061 0.0000000 0.0000000 0.0000000 0.0069057 0.0425283 0.0142218 0.0000000 0.0000000 0.0243431 0.8177056
113 K 113 0.0000000 0.0356447 0.0000000 0.0000000 0.0000000 0.0000000 0.0069950 0.0000000 0.0000000 0.0000000 0.0000000 0.0662206 0.0000000 0.0000000 0.0000000 0.0000000 0.0000000 0.0000000 0.0000000 0.0000000 0.8911397
