  113         A         R         N         D         C         Q         E         G         H         I         L         K         M         F         P         S         T         W         Y         V    
  1 G   1 0.0000000 0.0000000 0.0000000 0.0000000 0.0000000 0.0000000 0.0000000 1.0000000 0.0000000 0.0000000 0.0000000 0.0000000 0.0000000 0.0000000 0.0000000 0.0000000 0.0000000 0.0000000 0.0000000 0.0000000
  2 S   2 0.0000000 0.0000000 0.0000000 0.0000000 0.0000000 0.0000000 0.0000000 0.0580045 0.0000000 0.0000000 0.0655477 0.0000000 0.0000000 0.0000000 0.2719593 0.5466501 0.0578384 0.0000000 0.0000000 0.0000000
  3 H   3 0.0252137 0.0000000 0.0000000 0.4435166 0.0000000 0.0433193 0.0411090 0.0569066 0.1019580 0.0000000 0.0000000 0.0000000 0.0000000 0.0351454 0.0270068 0.0214980 0.0174049 0.0000000 0.1562199 0.0307018
  4 M   4 0.0130591 0.0000000 0.0000000 0.0000000 0.0000000 0.0000000 0.0000000 0.0000000 0.0000000 0.0372186 0.2098442 0.0000000 0.3322202 0.0000000 0.1957567 0.1485796 0.0471827 0.0000000 0.0161389 0.0000000
  5 E   5 0.0764807 0.0000000 0.0375886 0.0377693 0.0000000 0.0393668 0.2360123 0.0121272 0.0813748 0.0000000 0.0125746 0.0000000 0.0000000 0.0000000 0.2187054 0.1297604 0.0644020 0.0000000 0.0282601 0.0255776
  6 C   6 0.0196713 0.0121522 0.1426883 0.0000000 0.1396466 0.0418121 0.0570150 0.0078772 0.0226201 0.0000000 0.1391434 0.0218267 0.0000000 0.0000000 0.2772188 0.0951197 0.0000000 0.0000000 0.0108072 0.0124015
  7 A   7 0.3197309 0.0285665 0.0396380 0.0114042 0.0659477 0.0324229 0.0967652 0.0453277 0.0000000 0.0000000 0.0209427 0.0342007 0.0000000 0.0000000 0.0410783 0.0825153 0.1200996 0.0000000 0.0000000 0.0613602
  8 D   8 0.0480212 0.0086647 0.0724371 0.1482576 0.0000000 0.1308425 0.1234105 0.0704651 0.0236464 0.0000000 0.0000000 0.0116742 0.0594285 0.0166323 0.0215913 0.2216571 0.0432715 0.0000000 0.0000000 0.0000000
  9 V   9 0.1375912 0.0224629 0.0079112 0.0074474 0.0000000 0.0000000 0.0000000 0.0526031 0.0000000 0.0194129 0.2165302 0.0000000 0.0425031 0.0000000 0.1509566 0.0280834 0.0092525 0.0110929 0.0000000 0.2941525
 10 P  10 0.0341156 0.0000000 0.0223417 0.0434745 0.0000000 0.0000000 0.0291362 0.0205041 0.0162098 0.0000000 0.0251863 0.0000000 0.0000000 0.0000000 0.6247897 0.1210499 0.0189166 0.0000000 0.0000000 0.0442756
 11 L  11 0.0583792 0.0060233 0.0055609 0.0238956 0.0099674 0.0283304 0.0269059 0.0000000 0.0000000 0.0000000 0.3318875 0.0140661 0.0081399 0.0000000 0.4193349 0.0443990 0.0090774 0.0000000 0.0000000 0.0140324
 12 L  12 0.0907364 0.0000000 0.0536803 0.0493496 0.0000000 0.0080489 0.0916883 0.0386063 0.0000000 0.0604136 0.2874796 0.0000000 0.0152681 0.0212627 0.0446052 0.1048478 0.0236864 0.0000000 0.0196276 0.0906992
 13 G  13 0.1333647 0.0076789 0.0128617 0.0048226 0.0294504 0.0151366 0.0437019 0.0705974 0.0076572 0.0000000 0.0518099 0.0000000 0.0000000 0.0000000 0.0393555 0.1141847 0.4202877 0.0000000 0.0253771 0.0237137
 14 P  14 0.0453967 0.0000000 0.0065386 0.0000000 0.0083572 0.0347098 0.0288405 0.0000000 0.0690836 0.0000000 0.0121417 0.0000000 0.0000000 0.0000000 0.5436855 0.0245716 0.2093738 0.0000000 0.0000000 0.0173010
 15 S  15 0.0798597 0.0379010 0.0109166 0.0162263 0.0752520 0.0256112 0.0091776 0.1656595 0.0083165 0.0372707 0.0232409 0.0149248 0.0063861 0.0605269 0.0824130 0.2092442 0.0757652 0.0115907 0.0000000 0.0497172
 16 G  16 0.0292833 0.0129119 0.0244712 0.0114774 0.0000000 0.0719463 0.0307042 0.1430323 0.0000000 0.0451547 0.0562155 0.0133287 0.0093799 0.0065124 0.0237847 0.2304852 0.1892248 0.0042506 0.0556239 0.0422131
 17 K  17 0.0968257 0.0058943 0.1443732 0.0562101 0.0048799 0.0139087 0.1362422 0.0189286 0.0000000 0.0000000 0.0000000 0.1452104 0.0000000 0.0000000 0.1575353 0.1336684 0.0807622 0.0000000 0.0055610 0.0000000
 18 E  18 0.1285920 0.0690085 0.0366915 0.0876363 0.0063827 0.0847059 0.1754097 0.0472144 0.0031082 0.0138696 0.0000000 0.0439504 0.0000000 0.0125124 0.1276258 0.0978385 0.0296295 0.0063802 0.0076483 0.0217961
 19 M  19 0.0000000 0.0155367 0.0052794 0.0732478 0.0299292 0.0149164 0.0346362 0.0231581 0.0462006 0.0123188 0.0937470 0.1318908 0.0725580 0.0000000 0.0721905 0.0505345 0.0709684 0.0000000 0.0277619 0.2251257
 20 M  20 0.0300751 0.0922753 0.0268589 0.0102877 0.0000000 0.0819252 0.0608418 0.0037492 0.0311301 0.0526646 0.1488529 0.0291990 0.2179931 0.0419265 0.0283459 0.0336403 0.0185008 0.0126157 0.0223230 0.0567948
 21 S  21 0.0569791 0.0241064 0.1484592 0.0244820 0.0000000 0.0000000 0.0408441 0.0148322 0.0112178 0.0056925 0.0131833 0.0000000 0.0000000 0.0098621 0.0451368 0.3337883 0.1169118 0.0321130 0.0088421 0.1135492
 22 Q  22 0.0567925 0.0172844 0.0280785 0.0222126 0.0000000 0.1924640 0.1192114 0.0064617 0.0106761 0.0310921 0.1707238 0.0105641 0.0760006 0.0000000 0.0591348 0.0450270 0.0839513 0.0000000 0.0138941 0.0564309
 23 A  23 0.3363484 0.0117495 0.0000000 0.0269215 0.0595956 0.0062081 0.0233175 0.0072041 0.0079699 0.0580667 0.0337028 0.0176384 0.0104440 0.0000000 0.1127944 0.0692734 0.0720418 0.0000000 0.0000000 0.1467240
 24 L  24 0.0261962 0.1250842 0.0492041 0.0393719 0.0000000 0.0409692 0.0054926 0.0136339 0.0086166 0.0668832 0.3636638 0.0259174 0.0221988 0.0000000 0.0693849 0.0239328 0.0278901 0.0045505 0.0140027 0.0730072
 25 K  25 0.0284856 0.0900520 0.0237885 0.0000000 0.0289097 0.0566334 0.0829212 0.1236222 0.0074724 0.0067077 0.0293663 0.1778600 0.0000000 0.0101077 0.0844346 0.0881535 0.0770835 0.0646221 0.0071791 0.0126006
 26 A  26 0.2562667 0.0066749 0.0640261 0.0418109 0.0056336 0.0478563 0.1475719 0.0000000 0.0476243 0.0048058 0.0477733 0.0124461 0.0189847 0.0144792 0.1194027 0.0943691 0.0419824 0.0000000 0.0000000 0.0282919
 27 T  27 0.0820630 0.0034190 0.0161064 0.0000000 0.0000000 0.0145881 0.0151175 0.0317456 0.0143952 0.0790465 0.0756368 0.0000000 0.0230062 0.0066304 0.1189913 0.2467133 0.1323370 0.0000000 0.0118794 0.1283241
 28 F  28 0.0036873 0.0945451 0.0000000 0.0769615 0.0088670 0.0966722 0.0405130 0.0000000 0.0261530 0.0422669 0.0875304 0.0381795 0.0000000 0.2318736 0.1490273 0.0199202 0.0552520 0.0000000 0.0219938 0.0065571
 29 S  29 0.1166511 0.0404435 0.0409683 0.0104180 0.0065580 0.0375614 0.0568619 0.0253159 0.0000000 0.0103569 0.0677154 0.0888620 0.0942677 0.0000000 0.1343090 0.2083106 0.0504112 0.0000000 0.0000000 0.0109890
 30 G  30 0.0443472 0.0216020 0.1531340 0.1276993 0.0063605 0.0306790 0.1052274 0.2117372 0.0119209 0.0000000 0.0203610 0.0331459 0.0000000 0.0000000 0.0162630 0.1695466 0.0179671 0.0000000 0.0172645 0.0127445
 31 F  31 0.0290736 0.0000000 0.0101879 0.0609285 0.0000000 0.0000000 0.1172331 0.0092747 0.0000000 0.1214391 0.0980530 0.0043512 0.0858083 0.2326409 0.0163136 0.0211166 0.0087373 0.0729442 0.0735645 0.0383335
 32 T  32 0.0492824 0.0815058 0.0153826 0.1344218 0.0420336 0.0392364 0.1967437 0.0000000 0.0214291 0.0224742 0.0538724 0.1152802 0.0100661 0.0402812 0.0135021 0.0564945 0.1079941 0.0000000 0.0000000 0.0000000
 33 K  33 0.0444547 0.0542056 0.0546712 0.0247897 0.0114537 0.0259096 0.0230182 0.0869363 0.0127399 0.0142989 0.0147967 0.3140928 0.0073277 0.0000000 0.0250304 0.0548321 0.2077138 0.0000000 0.0000000 0.0237289
 34 E  34 0.0760282 0.0000000 0.0580855 0.0803209 0.0032895 0.0046112 0.3473169 0.0000000 0.0094174 0.0597241 0.0779920 0.0108763 0.0084681 0.0024210 0.0075813 0.0339372 0.1660594 0.0041910 0.0000000 0.0496801
 35 Q  35 0.0080039 0.0992509 0.0254096 0.0203906 0.1464655 0.2471512 0.1754503 0.0233204 0.0490943 0.0187103 0.0368457 0.0000000 0.0131585 0.0000000 0.0438152 0.0379717 0.0194563 0.0000000 0.0041497 0.0313561
 36 Q  36 0.0561647 0.1004553 0.0195631 0.0501391 0.0095176 0.0969025 0.1367392 0.0572633 0.0141225 0.0170877 0.1451571 0.1690573 0.0103770 0.0000000 0.0199590 0.0057972 0.0629484 0.0000000 0.0000000 0.0287490
 37 R  37 0.0951360 0.3594125 0.0119959 0.0000000 0.0046576 0.0411648 0.0358722 0.0136307 0.0000000 0.0387455 0.0682507 0.0659702 0.0329349 0.0029152 0.1719780 0.0336360 0.0142193 0.0000000 0.0000000 0.0094806
 38 L  38 0.0617159 0.0095963 0.0179153 0.0062062 0.0616310 0.0047248 0.0151943 0.0129674 0.0065529 0.0178850 0.3916393 0.0039643 0.0000000 0.0400702 0.0329601 0.0939686 0.0344715 0.0000000 0.0233448 0.1651919
 39 G  39 0.0037805 0.0735402 0.1225367 0.0149794 0.0000000 0.0336534 0.0298798 0.1893968 0.0659568 0.0911340 0.0086170 0.0792104 0.0271664 0.0204008 0.0000000 0.0407840 0.0071819 0.1489071 0.0272663 0.0156084
 40 I  40 0.0072085 0.0151976 0.0000000 0.0079941 0.0090846 0.0000000 0.0000000 0.0000000 0.0228313 0.3511690 0.2741935 0.0136118 0.0120379 0.0163758 0.0045906 0.0427158 0.0204894 0.0000000 0.0056294 0.1968705
 41 P  41 0.0426391 0.0776584 0.0270555 0.0027079 0.0000000 0.0186844 0.0305177 0.0636000 0.0188059 0.0084421 0.0025096 0.0000000 0.0000000 0.0000000 0.5366427 0.1012042 0.0625514 0.0000000 0.0000000 0.0069812
 42 K  42 0.1588778 0.0291908 0.0334663 0.0180844 0.0000000 0.0426190 0.0818532 0.0085676 0.0034864 0.0773394 0.0683252 0.1824169 0.0163395 0.0065138 0.0501167 0.0975893 0.0554685 0.0000000 0.0169540 0.0527910
 43 D  43 0.0126680 0.0048616 0.0754763 0.6422793 0.0000000 0.1436121 0.0377300 0.0000000 0.0471410 0.0000000 0.0133788 0.0000000 0.0054099 0.0000000 0.0055694 0.0070781 0.0000000 0.0000000 0.0000000 0.0047955
 44 P  44 0.0128174 0.0000000 0.0000000 0.0000000 0.0000000 0.0000000 0.0000000 0.0000000 0.0000000 0.0000000 0.0142616 0.0000000 0.0000000 0.0104965 0.9522735 0.0000000 0.0000000 0.0000000 0.0000000 0.0101510
 45 R  45 0.0514451 0.2175940 0.0556929 0.0073192 0.0064595 0.1205899 0.0413123 0.0092953 0.0440839 0.0372929 0.0395093 0.0461088 0.0416919 0.0051594 0.0000000 0.0966592 0.0634620 0.0297126 0.0331148 0.0534969
 46 Q  46 0.0425949 0.0236411 0.0182139 0.0821341 0.0178524 0.1312498 0.1335594 0.0088109 0.0173946 0.0179102 0.2437309 0.0218863 0.0314941 0.0610118 0.0000000 0.0258108 0.0223235 0.0000000 0.0644704 0.0359109
 47 W  47 0.0000000 0.0000000 0.0000000 0.0000000 0.0000000 0.0000000 0.0000000 0.0000000 0.0000000 0.0000000 0.0000000 0.0000000 0.0000000 0.0000000 0.0000000 0.0000000 0.0000000 1.0000000 0.0000000 0.0000000
 48 T  48 0.0132388 0.0000000 0.0827841 0.0386909 0.0000000 0.0000000 0.0000000 0.0108351 0.0000000 0.0000000 0.0098633 0.0042375 0.0000000 0.0000000 0.0039808 0.4807365 0.3556330 0.0000000 0.0000000 0.0000000
 49 E  49 0.0743661 0.1912145 0.0164010 0.0077499 0.0096280 0.0800141 0.1498792 0.0000000 0.0121029 0.0141225 0.0023311 0.1495362 0.0112377 0.0042338 0.0871446 0.0688444 0.0603157 0.0000000 0.0049537 0.0559245
 50 T  50 0.1271380 0.0114559 0.0462046 0.1703203 0.0170086 0.0509774 0.2723952 0.0553010 0.0131908 0.0027033 0.0064649 0.0094741 0.0021687 0.0093268 0.0038108 0.0557356 0.0808044 0.0157080 0.0260782 0.0237334
 51 H  51 0.0143638 0.0000000 0.0802442 0.3003489 0.0000000 0.2324262 0.0407570 0.0038651 0.3210002 0.0000000 0.0000000 0.0069945 0.0000000 0.0000000 0.0000000 0.0000000 0.0000000 0.0000000 0.0000000 0.0000000
 52 V  52 0.0069555 0.0000000 0.0000000 0.0000000 0.0000000 0.0000000 0.0000000 0.0102632 0.0000000 0.0680069 0.0000000 0.0000000 0.0000000 0.0000000 0.0000000 0.0098076 0.0172224 0.0000000 0.0000000 0.8877444
 53 R  53 0.1756030 0.1406507 0.0190344 0.0000000 0.0338075 0.0705371 0.0000000 0.0084621 0.0242784 0.0840989 0.1787133 0.0624921 0.0196286 0.0096791 0.0000000 0.0380779 0.0343504 0.0494138 0.0088669 0.0423059
 54 D  54 0.0990554 0.0261908 0.0162748 0.0814935 0.0000000 0.2372542 0.1020484 0.0077954 0.1435111 0.0052490 0.0174309 0.0663399 0.0109371 0.0000000 0.0000000 0.0728137 0.0413642 0.0051002 0.0323921 0.0347493
 55 W  55 0.0000000 0.0000000 0.0000000 0.0000000 0.0000000 0.0000000 0.0000000 0.0000000 0.0000000 0.0000000 0.0000000 0.0000000 0.0000000 0.0573394 0.0000000 0.0000000 0.0000000 0.9338216 0.0088390 0.0000000
 56 V  56 0.0223153 0.0000000 0.0000000 0.0000000 0.0000000 0.0000000 0.0000000 0.0000000 0.0000000 0.1843613 0.5914169 0.0000000 0.0370119 0.0161443 0.0000000 0.0033357 0.0048465 0.0000000 0.0000000 0.1405681
 57 M  57 0.0243129 0.1645847 0.0587732 0.0498535 0.0028491 0.1250815 0.0975708 0.0121979 0.0380594 0.0302256 0.1158917 0.0593688 0.0220679 0.0075425 0.0000000 0.1279880 0.0134842 0.0031969 0.0164393 0.0305122
 58 W  58 0.0078260 0.0081656 0.0282102 0.0296005 0.0057949 0.0244608 0.0135018 0.0000000 0.0265537 0.0000000 0.0303266 0.0000000 0.0000000 0.0672458 0.0000000 0.0182880 0.0000000 0.6627269 0.0772991 0.0000000
 59 A  59 0.4574745 0.0000000 0.0073321 0.0000000 0.0955321 0.0551747 0.0000000 0.0086030 0.0281781 0.0213331 0.0541711 0.0095867 0.0336293 0.0067606 0.0000000 0.0212765 0.0987726 0.0000000 0.0000000 0.1021756
 60 V  60 0.0721593 0.0168254 0.0000000 0.0000000 0.0349399 0.0240095 0.1818002 0.0000000 0.0000000 0.1150986 0.0258174 0.0460698 0.0501791 0.0069839 0.0000000 0.0899595 0.0806088 0.0000000 0.0032152 0.2523334
 61 N  61 0.0379581 0.2137848 0.2220046 0.0227401 0.0000000 0.0775199 0.0226241 0.0385046 0.0562237 0.0064569 0.0000000 0.2304154 0.0057820 0.0000000 0.0000000 0.0264029 0.0166117 0.0000000 0.0068474 0.0161238
 62 E  62 0.0089282 0.0275646 0.0034778 0.0100000 0.0000000 0.1796248 0.5052613 0.0047504 0.0164893 0.0020667 0.0192286 0.1608700 0.0000000 0.0000000 0.0000000 0.0211735 0.0197795 0.0000000 0.0000000 0.0207853
 63 F  63 0.0000000 0.0046040 0.0112016 0.0000000 0.0047498 0.0000000 0.0163997 0.0000000 0.0206561 0.0220622 0.0418617 0.0000000 0.0034212 0.5100885 0.0175778 0.0066766 0.0000000 0.0072410 0.3334599 0.0000000
 64 S  64 0.0495597 0.0779807 0.0882705 0.1915879 0.0100591 0.0374440 0.0215354 0.1265872 0.0000000 0.0000000 0.0000000 0.0512905 0.0000000 0.0030266 0.0123939 0.3139565 0.0083089 0.0000000 0.0000000 0.0079992
 65 L  65 0.1137609 0.0000000 0.0061482 0.0000000 0.0055331 0.0000000 0.0080903 0.0000000 0.0000000 0.0996278 0.7001206 0.0000000 0.0056528 0.0048116 0.0000000 0.0056156 0.0137638 0.0000000 0.0124939 0.0243813
 66 K  66 0.0290682 0.0912204 0.0357230 0.0335870 0.0077434 0.0598153 0.1108970 0.0175015 0.0395490 0.0000000 0.0227698 0.0525472 0.0219408 0.0000000 0.2886798 0.1011461 0.0340562 0.0000000 0.0056438 0.0481114
 67 G  67 0.0510692 0.0479946 0.0557211 0.1008300 0.0451562 0.0337321 0.1124483 0.1407621 0.0174913 0.0080421 0.0092479 0.0367018 0.0075432 0.0057681 0.1655702 0.1095385 0.0331341 0.0000000 0.0057104 0.0135388
 68 V  68 0.0330345 0.0000000 0.0050358 0.0000000 0.0000000 0.0000000 0.0067506 0.0038278 0.0000000 0.2838513 0.1606614 0.0000000 0.0461060 0.0376137 0.0611897 0.0310143 0.0523031 0.0000000 0.0112818 0.2673298
 69 D  69 0.0420656 0.0233990 0.1441553 0.3860458 0.0000000 0.0111961 0.0620383 0.0598462 0.0082915 0.0217369 0.0017959 0.0503759 0.0039910 0.0000000 0.0694526 0.0731224 0.0259293 0.0000000 0.0000000 0.0165583
 70 F  70 0.0557564 0.0120090 0.0081682 0.0100405 0.0105515 0.0000000 0.0665241 0.0161642 0.0077575 0.0843258 0.1571585 0.0405902 0.0876115 0.1812881 0.0710623 0.0582190 0.0544219 0.0000000 0.0087496 0.0696017
 71 Q  71 0.1075312 0.0285873 0.0751020 0.0928834 0.0090916 0.1339868 0.0749949 0.0529141 0.0624536 0.0070240 0.0376489 0.0138467 0.0161424 0.0085266 0.0262933 0.1712362 0.0743641 0.0000000 0.0000000 0.0073731
 72 K  72 0.0119654 0.1683713 0.0724532 0.0893437 0.0177430 0.0566799 0.0244062 0.0292373 0.0434967 0.0112158 0.1235670 0.1366259 0.0221315 0.0536603 0.0216434 0.0594163 0.0397041 0.0000000 0.0149598 0.0033790
 73 F  73 0.0000000 0.0090363 0.0000000 0.0065842 0.1025057 0.0416245 0.0000000 0.0000000 0.0000000 0.0111332 0.0468451 0.0046252 0.0044388 0.6630848 0.0091428 0.0064198 0.0085352 0.0771071 0.0089174 0.0000000
 74 C  74 0.0262325 0.0326312 0.1617827 0.1039840 0.0395391 0.1226334 0.1444207 0.0265337 0.0352114 0.0044815 0.0091708 0.0321417 0.0025740 0.0090479 0.1124566 0.0761520 0.0262331 0.0000000 0.0118178 0.0229559
 75 M  75 0.0057364 0.0000000 0.0032632 0.0054609 0.0140652 0.0034701 0.0295198 0.0000000 0.0000000 0.1895943 0.1021760 0.0315596 0.4912166 0.0087708 0.0032322 0.0194661 0.0256600 0.0161439 0.0000000 0.0506649
 76 S  76 0.0208102 0.0021202 0.3273262 0.2811647 0.0042142 0.0128203 0.0095361 0.0179319 0.0000000 0.0000000 0.0000000 0.0302323 0.0000000 0.0000000 0.0184637 0.0927053 0.1826748 0.0000000 0.0000000 0.0000000
 77 G  77 0.0061572 0.0000000 0.0000000 0.0000000 0.0000000 0.0000000 0.0000000 0.9938428 0.0000000 0.0000000 0.0000000 0.0000000 0.0000000 0.0000000 0.0000000 0.0000000 0.0000000 0.0000000 0.0000000 0.0000000
 78 A  78 0.1372662 0.1541807 0.0071548 0.0047526 0.0038996 0.0906500 0.0269095 0.0000000 0.0251919 0.0203379 0.0289789 0.3747852 0.0064723 0.0000000 0.0303325 0.0327148 0.0238924 0.0000000 0.0183449 0.0141357
 79 A  79 0.2824333 0.0183520 0.0000000 0.0791823 0.0000000 0.1179533 0.2750651 0.0143381 0.0202955 0.0095099 0.0172246 0.0153691 0.0157695 0.0000000 0.0029445 0.0260660 0.0818660 0.0000000 0.0000000 0.0236309
 80 L  80 0.0000000 0.0000000 0.0000000 0.0000000 0.0000000 0.0000000 0.0000000 0.0000000 0.0000000 0.0440096 0.8859374 0.0000000 0.0575035 0.0045788 0.0000000 0.0000000 0.0000000 0.0000000 0.0000000 0.0079707
 81 C  81 0.0518251 0.0000000 0.0054279 0.0000000 0.7193854 0.0038815 0.0000000 0.0000000 0.0000000 0.0093575 0.1328542 0.0000000 0.0115411 0.0114813 0.0000000 0.0191944 0.0029631 0.0000000 0.0053850 0.0267037
 82 A  82 0.1576423 0.0487150 0.0728494 0.0353439 0.0051153 0.0688671 0.0605531 0.0220945 0.0060921 0.0549866 0.1712385 0.1054943 0.0179152 0.0043465 0.0034813 0.1103914 0.0323192 0.0000000 0.0000000 0.0225545
 83 L  83 0.0000000 0.0000000 0.0000000 0.0000000 0.0552577 0.0000000 0.0000000 0.0000000 0.0000000 0.0044413 0.5190740 0.0081359 0.3468936 0.0310096 0.0000000 0.0000000 0.0073789 0.0103999 0.0125414 0.0048677
 84 G  84 0.0612217 0.0259091 0.0479117 0.0299464 0.0000000 0.0247257 0.0000000 0.1141908 0.0000000 0.0000000 0.0000000 0.0072494 0.0000000 0.0000000 0.0259826 0.2751916 0.3876711 0.0000000 0.0000000 0.0000000
 85 K  85 0.0069007 0.1308669 0.0048547 0.0057584 0.0000000 0.0821601 0.1174879 0.0000000 0.0326235 0.0000000 0.1174249 0.4140775 0.0315348 0.0021545 0.0195155 0.0134384 0.0029176 0.0000000 0.0039136 0.0143709
 86 E  86 0.0907711 0.0210418 0.0218775 0.2126520 0.0021176 0.0534327 0.4612113 0.0040862 0.0044130 0.0064175 0.0019226 0.0296101 0.0000000 0.0000000 0.0074824 0.0366620 0.0289551 0.0000000 0.0000000 0.0173470
 87 C  87 0.0219606 0.0367527 0.0388997 0.4476858 0.0306575 0.0669376 0.2181148 0.0368030 0.0067788 0.0000000 0.0000000 0.0159647 0.0272000 0.0051806 0.0000000 0.0231284 0.0066552 0.0080841 0.0091966 0.0000000
 88 F  88 0.0000000 0.0000000 0.0000000 0.0000000 0.0000000 0.0000000 0.0000000 0.0000000 0.0000000 0.0039284 0.0642019 0.0000000 0.0418798 0.8349213 0.0000000 0.0000000 0.0000000 0.0341003 0.0209683 0.0000000
 89 L  89 0.0226475 0.1746104 0.0113830 0.0057125 0.0294795 0.0684600 0.0276595 0.0345228 0.0150986 0.0364631 0.2887265 0.0334210 0.0610934 0.0074727 0.0052740 0.0207100 0.0485679 0.0418025 0.0000000 0.0668950
 90 E  90 0.0760353 0.2307535 0.0068782 0.0537439 0.0467426 0.1071996 0.1380327 0.0228709 0.0498088 0.0000000 0.0232308 0.0322056 0.0134207 0.0025814 0.0089835 0.0705187 0.0161350 0.0065452 0.0786632 0.0156503
 91 L  91 0.0340012 0.4522589 0.0230703 0.0000000 0.0125360 0.0000000 0.0018610 0.0055414 0.0000000 0.0812376 0.2435183 0.0784852 0.0228170 0.0077950 0.0000000 0.0087436 0.0107126 0.0000000 0.0079022 0.0095198
 92 A  92 0.2783276 0.0000000 0.0000000 0.0369682 0.0695358 0.0000000 0.0090594 0.0350649 0.0000000 0.0536600 0.0448356 0.0000000 0.0051799 0.0562078 0.0000000 0.1251665 0.1280168 0.0119077 0.0000000 0.1460697
 93 P  93 0.0673847 0.0057401 0.0182589 0.0055685 0.0000000 0.0215650 0.0058607 0.0555043 0.0000000 0.0000000 0.0058314 0.0000000 0.0000000 0.0587940 0.6169806 0.1085761 0.0299359 0.0000000 0.0000000 0.0000000
 94 D  94 0.0899474 0.0450787 0.0408244 0.0854555 0.0000000 0.0519532 0.0624960 0.2181240 0.0075266 0.0031198 0.0282477 0.0509535 0.0019413 0.0102640 0.1168935 0.1166644 0.0116494 0.0000000 0.0197253 0.0391353
 95 F  95 0.0320109 0.0537037 0.0000000 0.0743446 0.0000000 0.0158154 0.0315956 0.0306828 0.0799240 0.0109580 0.0838151 0.0043601 0.0000000 0.2093367 0.0806055 0.0702864 0.0173438 0.0038408 0.1635832 0.0377931
 96 V  96 0.0960056 0.0133137 0.1291963 0.0000000 0.0486480 0.0000000 0.0035444 0.1581897 0.0000000 0.0000000 0.0865428 0.0249999 0.0404024 0.0000000 0.0630506 0.1995471 0.0306746 0.0000000 0.0000000 0.1058851
 97 G  97 0.0594443 0.0000000 0.0066734 0.0048555 0.0000000 0.0000000 0.0063153 0.8410896 0.0034855 0.0000000 0.0038792 0.0065481 0.0015873 0.0000000 0.0000000 0.0164785 0.0266426 0.0000000 0.0000000 0.0230007
 98 D  98 0.0124347 0.0265052 0.0676541 0.5759780 0.0000000 0.0155139 0.1152738 0.0175785 0.0082597 0.0000000 0.0115089 0.0337403 0.0104836 0.0000000 0.0051039 0.0782058 0.0116801 0.0000000 0.0052262 0.0048533
 99 I  99 0.0184685 0.0000000 0.0000000 0.0065277 0.0000000 0.0405222 0.0251105 0.0000000 0.0170686 0.3446694 0.1125286 0.0227766 0.0350036 0.0097767 0.0000000 0.0048291 0.0532581 0.0000000 0.0145030 0.2949575
100 L 100 0.0000000 0.0000000 0.0000000 0.0000000 0.0000000 0.0000000 0.0000000 0.0067209 0.0000000 0.0163435 0.8759877 0.0000000 0.0043405 0.0875379 0.0052616 0.0000000 0.0000000 0.0000000 0.0000000 0.0038079
101 W 101 0.0611050 0.0030404 0.0056939 0.0000000 0.0000000 0.0000000 0.0000000 0.0000000 0.1766718 0.0068005 0.0957906 0.0000000 0.0160469 0.0378887 0.0000000 0.0083715 0.0000000 0.2730328 0.3100984 0.0054594
102 E 102 0.1806406 0.0565609 0.0647093 0.0133975 0.0000000 0.0153600 0.2944453 0.0322691 0.0173580 0.0000000 0.0028098 0.0397273 0.0114348 0.0149197 0.0000000 0.1468113 0.0941198 0.0054614 0.0053637 0.0046114
103 H 103 0.0075137 0.0154799 0.0365065 0.0513387 0.0000000 0.1018629 0.0183395 0.0000000 0.5382591 0.0295622 0.0905498 0.0129722 0.0048570 0.0092857 0.0000000 0.0157397 0.0000000 0.0000000 0.0057509 0.0619821
104 L 104 0.0000000 0.0000000 0.0000000 0.0000000 0.0000000 0.0000000 0.0000000 0.0000000 0.0057080 0.0532663 0.8253624 0.0000000 0.0029304 0.0925520 0.0000000 0.0000000 0.0000000 0.0000000 0.0037584 0.0164225
105 E 105 0.0764051 0.0491948 0.0477464 0.1047856 0.0311498 0.2646640 0.2678295 0.0214522 0.0643525 0.0000000 0.0117712 0.0057065 0.0000000 0.0000000 0.0000000 0.0260677 0.0179206 0.0109540 0.0000000 0.0000000
106 I 106 0.0097502 0.0069168 0.0196236 0.0485198 0.0089849 0.0570302 0.0262244 0.0000000 0.0985628 0.1699245 0.1886314 0.0193499 0.0727940 0.0460865 0.0000000 0.0372722 0.0125531 0.0072859 0.1515374 0.0189524
107 L 107 0.0000000 0.0158024 0.0000000 0.0000000 0.0000000 0.0000000 0.0000000 0.0000000 0.0000000 0.1467253 0.6462486 0.0000000 0.0519170 0.0000000 0.0000000 0.0000000 0.0000000 0.1241230 0.0000000 0.0151836
108 Q 108 0.0068578 0.2668447 0.0000000 0.0000000 0.0000000 0.1477454 0.0064535 0.0000000 0.0000000 0.0563455 0.0554789 0.3835589 0.0136072 0.0000000 0.0000000 0.0187231 0.0185971 0.0000000 0.0000000 0.0257880
109 K 109 0.0085244 0.1144219 0.0000000 0.0169022 0.0000000 0.1096487 0.1400463 0.0000000 0.0000000 0.0312366 0.0000000 0.3950149 0.0090755 0.0000000 0.0000000 0.0432127 0.1319168 0.0000000 0.0000000 0.0000000
110 E 110 0.0107718 0.0102038 0.0320212 0.1930653 0.1252510 0.1940016 0.1914704 0.0087846 0.0536886 0.0000000 0.0000000 0.0000000 0.0263944 0.0000000 0.0000000 0.1336365 0.0114221 0.0000000 0.0000000 0.0092887
111 D 111 0.0000000 0.0282873 0.1325077 0.0503399 0.1759400 0.0000000 0.0728580 0.0000000 0.0429373 0.0000000 0.0000000 0.2033066 0.0000000 0.0000000 0.0000000 0.2369053 0.0248818 0.0000000 0.0000000 0.0320360
112 V 112 0.1018968 0.0000000 0.0177154 0.0874675 0.0000000 0.0000000 0.1602848 0.0000000 0.0000000 0.0606079 0.0844678 0.0000000 0.0000000 0.0000000 0.0395539 0.2290994 0.0781307 0.0000000 0.0000000 0.1407757
113 K 113 0.0000000 0.3000215 0.0000000 0.0000000 0.0000000 0.0000000 0.0705301 0.0000000 0.0000000 0.0000000 0.0000000 0.6294484 0.0000000 0.0000000 0.0000000 0.0000000 0.0000000 0.0000000 0.0000000 0.0000000
