  187         A         R         N         D         C         Q         E         G         H         I         L         K         M         F         P         S         T         W         Y         V         X    
  1 M   1 0.0000000 0.0000000 0.0000000 0.0000000 0.0000000 0.0000000 0.0000000 0.0000000 0.0000000 0.0000000 0.0000000 0.0000000 0.1741035 0.0000000 0.0000000 0.0000000 0.0000000 0.0000000 0.0000000 0.0000000 0.8258965
  2 G   2 0.0946130 0.0000000 0.0000000 0.0009961 0.0019613 0.0000000 0.0026772 0.0166155 0.0012685 0.0049331 0.0018611 0.0000000 0.0000000 0.0000000 0.0765214 0.0244983 0.0081794 0.0000000 0.0000000 0.0034066 0.7624685
  3 S   3 0.0052007 0.0058543 0.0014804 0.0264367 0.0062946 0.0039238 0.0186535 0.0033224 0.0017727 0.0014311 0.0000000 0.0033379 0.0000000 0.0008184 0.0000000 0.0928709 0.0863885 0.0000000 0.0000000 0.0021749 0.7400392
  4 E   4 0.0020271 0.0021038 0.0092052 0.0202995 0.0000000 0.1069956 0.0452807 0.0012668 0.0000000 0.0000000 0.0280324 0.0422028 0.0010425 0.0000000 0.0301867 0.0045368 0.0039749 0.0000000 0.0000000 0.0025434 0.7003019
  5 L   5 0.0030525 0.0000000 0.0000000 0.0000000 0.0000000 0.0018350 0.0032723 0.0000000 0.0000000 0.0047361 0.2065046 0.0011989 0.0236275 0.0032292 0.0000000 0.0093769 0.0916937 0.0000000 0.0018275 0.0019360 0.6477098
  6 E   6 0.0048226 0.0014031 0.0000000 0.0283358 0.0000000 0.0297131 0.3433150 0.0000000 0.0000000 0.0000000 0.0476121 0.0065591 0.0000000 0.0000000 0.0044096 0.0006939 0.0127910 0.0000000 0.0000000 0.0000000 0.5203447
  7 T   7 0.0024677 0.0462206 0.0346872 0.0364667 0.0027883 0.0475846 0.3047409 0.0057460 0.0045148 0.0018699 0.0000000 0.0470548 0.0036232 0.0042359 0.0029220 0.0338963 0.0163772 0.0016494 0.0011068 0.0016281 0.4004196
  8 A   8 0.0680002 0.0054269 0.0155195 0.0122835 0.0225248 0.1592826 0.2629724 0.0067674 0.0085073 0.0000000 0.0009465 0.0025928 0.0037066 0.0000000 0.0010936 0.0588404 0.0009870 0.0000000 0.0009742 0.0000000 0.3695743
  9 M   9 0.0060002 0.0019305 0.0011989 0.0049472 0.0009002 0.0008008 0.0123548 0.0000000 0.0000000 0.3313347 0.0833618 0.0121205 0.0902266 0.0000000 0.0028709 0.0000000 0.0079323 0.0000000 0.0019751 0.0820119 0.3600335
 10 E  10 0.1701950 0.0179128 0.0271481 0.0596418 0.0017695 0.0459830 0.1518075 0.0166452 0.0075458 0.0111726 0.0200742 0.0771120 0.0062444 0.0024568 0.0000000 0.0376254 0.0118159 0.0000000 0.0000000 0.0231737 0.3116764
 11 T  11 0.0286612 0.0241158 0.0185714 0.0278709 0.0022843 0.0229544 0.2614915 0.1355674 0.0115810 0.0041367 0.0077041 0.0225465 0.0117547 0.0025886 0.0010801 0.0328227 0.0569794 0.0000000 0.0000000 0.0266190 0.3006703
 12 L  12 0.0055139 0.0000000 0.0000000 0.0000000 0.0000000 0.0014337 0.0000000 0.0000000 0.0000000 0.1198436 0.3451947 0.0000000 0.0351086 0.1156475 0.0000000 0.0000000 0.0025982 0.0000000 0.0327792 0.0471383 0.2947423
 13 I  13 0.0123114 0.1328672 0.0050125 0.0000000 0.0009738 0.0283614 0.0170351 0.0201249 0.0070766 0.1214853 0.0137950 0.2507154 0.0090954 0.0078315 0.0000000 0.0064923 0.0228604 0.0051819 0.0130906 0.0309471 0.2947423
 14 N  14 0.0569727 0.0564404 0.0307961 0.0670077 0.0045415 0.0566648 0.2647101 0.0130484 0.0008452 0.0016289 0.0062867 0.0755660 0.0047595 0.0039747 0.0000000 0.0169634 0.0289340 0.0024601 0.0000000 0.0186370 0.2897628
 15 V  15 0.2084178 0.0210515 0.0000000 0.0000000 0.0018829 0.0019081 0.0047277 0.0078977 0.0076122 0.0611994 0.0548462 0.0000000 0.1038234 0.0020782 0.0000000 0.0118801 0.0543501 0.0042359 0.0000000 0.1671243 0.2869646
 16 F  16 0.0000000 0.0000000 0.0000000 0.0000000 0.0000000 0.0000000 0.0000000 0.0000000 0.0000000 0.0000000 0.0024498 0.0028828 0.0000000 0.6945018 0.0000000 0.0000000 0.0000000 0.0000000 0.0125311 0.0000000 0.2876344
 17 H  17 0.0421379 0.0544043 0.0222179 0.0445187 0.0039262 0.1048736 0.0296189 0.0102353 0.0984272 0.0019274 0.0073482 0.1345352 0.0139348 0.0020641 0.0009488 0.0765185 0.0143644 0.0000000 0.0179488 0.0032764 0.3167733
 18 A  18 0.0024351 0.0747868 0.0426458 0.0027089 0.0061361 0.0526375 0.0316065 0.0042359 0.0099502 0.0135226 0.1332988 0.1367926 0.0735046 0.0010560 0.0000000 0.0120718 0.0151553 0.0023643 0.0020774 0.0194255 0.3635883
 19 H  19 0.0029057 0.0000000 0.0000000 0.0075432 0.0011367 0.0000000 0.0000000 0.0000000 0.0133571 0.0528062 0.0104166 0.0000000 0.0065558 0.2940693 0.0000000 0.0077021 0.0000000 0.0000000 0.1595359 0.0019329 0.4420384
 20 S  20 0.1149021 0.0009103 0.0012287 0.0464611 0.0064896 0.0000000 0.0000000 0.0034543 0.0000000 0.0135040 0.0278151 0.0014431 0.0100935 0.0126889 0.0000000 0.1181102 0.0176923 0.0000000 0.0000000 0.0056510 0.6195559
 21 G  21 0.0133623 0.0254605 0.0016342 0.2836420 0.0032338 0.0023758 0.0062458 0.0760367 0.0000000 0.0111421 0.0640664 0.0316626 0.0763059 0.0000000 0.0000000 0.0266035 0.0158564 0.0021204 0.0000000 0.0190652 0.3411863
 22 K  22 0.0362286 0.0647100 0.0118777 0.2261206 0.0000000 0.0174609 0.0181145 0.0139603 0.0041612 0.0089919 0.0060982 0.2370880 0.0088480 0.0000000 0.0065245 0.0124723 0.0241530 0.0000000 0.0015161 0.0109242 0.2907501
 23 E  23 0.0083317 0.0051391 0.1199075 0.2406319 0.0045415 0.0046288 0.0874991 0.0071565 0.0051230 0.0086090 0.0129312 0.0692228 0.0008895 0.0000000 0.0000000 0.0079370 0.0958307 0.0000000 0.0020951 0.0225532 0.2969723
 24 G  24 0.0074544 0.0110277 0.0374235 0.1568313 0.0075827 0.0015847 0.0057183 0.4282136 0.0000000 0.0031301 0.0000000 0.0171250 0.0000000 0.0000000 0.0000000 0.0096047 0.0030684 0.0000000 0.0000000 0.0060403 0.3051954
 25 D  25 0.0045273 0.0129401 0.1837794 0.2914904 0.0040190 0.0025726 0.0306003 0.0164809 0.0248579 0.0000000 0.0029637 0.0317402 0.0000000 0.0000000 0.0065498 0.0288251 0.0024309 0.0000000 0.0026721 0.0024264 0.3511238
 26 K  26 0.0062535 0.0211142 0.0328429 0.0612302 0.0352595 0.0000000 0.0017433 0.0726502 0.0005403 0.0055781 0.0025538 0.0616427 0.0007339 0.0046331 0.0096760 0.1681095 0.0304510 0.0000000 0.0051365 0.0000000 0.4798512
 27 Y  27 0.0183999 0.0024993 0.0117215 0.0407371 0.0304949 0.0040580 0.0138093 0.4795483 0.0099486 0.0000000 0.0094371 0.0028189 0.0017019 0.0323600 0.0011928 0.0131739 0.0180095 0.0000000 0.0198023 0.0017860 0.2885009
 28 K  28 0.0277019 0.0374322 0.0075515 0.0068953 0.0050194 0.0473705 0.0011915 0.0021106 0.0105277 0.0117287 0.0172793 0.0937405 0.0152708 0.0109590 0.0000000 0.0745247 0.2436209 0.0000000 0.0369311 0.0281749 0.3219694
 29 L  29 0.0021643 0.0000000 0.0000000 0.0000000 0.0000000 0.0000000 0.0000000 0.0000000 0.0000000 0.4220675 0.2618333 0.0000000 0.0115985 0.0025432 0.0000000 0.0000000 0.0000000 0.0000000 0.0000000 0.0253527 0.2744405
 30 S  30 0.0011121 0.0000000 0.0607099 0.0417471 0.0224637 0.0021926 0.0086113 0.0135170 0.0021837 0.0009575 0.0000000 0.0060691 0.0000000 0.0000000 0.0000000 0.2204184 0.3447008 0.0000000 0.0009918 0.0009794 0.2733455
 31 K  31 0.0416674 0.0742411 0.0029406 0.0000000 0.0107560 0.0206692 0.0037262 0.0038545 0.0025974 0.0404759 0.0619093 0.1913091 0.0119599 0.0529465 0.0108004 0.0162501 0.0741318 0.0000000 0.0511220 0.0483488 0.2802939
 32 K  32 0.0484156 0.0435682 0.0087389 0.1059412 0.0017588 0.0412377 0.2015740 0.0454112 0.0027061 0.0000000 0.0129761 0.1396816 0.0008184 0.0032561 0.0048021 0.0340060 0.0232112 0.0012150 0.0000000 0.0055105 0.2751713
 33 E  33 0.0041226 0.0021106 0.0009108 0.0313868 0.0000000 0.0038553 0.6674528 0.0000000 0.0000000 0.0027131 0.0000000 0.0061580 0.0000000 0.0000000 0.0000000 0.0052273 0.0000000 0.0000000 0.0000000 0.0055781 0.2704845
 34 L  34 0.0039489 0.0000000 0.0000000 0.0000000 0.0000000 0.0000000 0.0000000 0.0000000 0.0000000 0.0171575 0.5830526 0.0000000 0.0175174 0.0957397 0.0000000 0.0014158 0.0000000 0.0000000 0.0033453 0.0107719 0.2670508
 35 K  35 0.0463442 0.0824336 0.0096639 0.0015555 0.0000000 0.0254779 0.0221881 0.1685200 0.0011763 0.0200342 0.0311696 0.2830401 0.0153657 0.0000000 0.0000000 0.0108656 0.0109051 0.0000000 0.0000000 0.0050165 0.2662438
 36 E  36 0.0869681 0.0230469 0.0297074 0.0606934 0.0012248 0.0724496 0.1530759 0.0084443 0.0096353 0.0156952 0.0111116 0.0258201 0.0042011 0.0007507 0.0014469 0.0600142 0.1222012 0.0000000 0.0032139 0.0440556 0.2662438
 37 L  37 0.0451350 0.0000000 0.0000000 0.0000000 0.0250832 0.0000000 0.0000000 0.1904732 0.0000000 0.0293176 0.2049650 0.0000000 0.0081926 0.0278882 0.0000000 0.0216202 0.0028558 0.0000000 0.0000000 0.1784550 0.2660143
 38 L  38 0.0020782 0.0000000 0.0000000 0.0000000 0.0009908 0.0000000 0.0052007 0.0000000 0.0000000 0.0378476 0.3547653 0.0000000 0.2333925 0.0116238 0.0012700 0.0022279 0.0014335 0.0000000 0.0227947 0.0280686 0.2983063
 39 Q  39 0.0345475 0.2388731 0.0320190 0.0053014 0.0010180 0.0548007 0.0832112 0.0119753 0.0200776 0.0081305 0.0309175 0.0971876 0.0037579 0.0017800 0.0062270 0.0089864 0.0475739 0.0000000 0.0016747 0.0029912 0.3089495
 40 T  40 0.0663829 0.0760157 0.0507958 0.0041964 0.0018350 0.0173367 0.0198817 0.0182221 0.0057385 0.0000000 0.0000000 0.1607072 0.0020823 0.0000000 0.0019051 0.1720104 0.0629297 0.0000000 0.0000000 0.0053442 0.3346162
 41 E  41 0.0059784 0.0025815 0.0000000 0.0033416 0.0000000 0.0272636 0.1608165 0.0000000 0.0031336 0.0166654 0.2806841 0.0072917 0.0473490 0.0173226 0.0000000 0.0093597 0.0074624 0.0000000 0.0192072 0.0319395 0.3596033
 42 L  42 0.0034398 0.0027013 0.0000000 0.0057766 0.0017975 0.0000000 0.0024223 0.3641142 0.0000000 0.0076537 0.1451081 0.0057853 0.0089614 0.0621802 0.0021132 0.0030136 0.0000000 0.0000000 0.0000000 0.0018992 0.3830336
 43 S  43 0.0685995 0.0165866 0.0129858 0.0033030 0.0039032 0.0874521 0.0048020 0.0464999 0.0123396 0.0118382 0.0128366 0.0087211 0.0227358 0.0072079 0.0661144 0.0969255 0.0313896 0.0000000 0.0071372 0.0080887 0.4705335
 44 G  44 0.0254041 0.0252753 0.1388769 0.0535601 0.0007402 0.0234856 0.0416769 0.0276131 0.0038910 0.0045563 0.0099267 0.0410995 0.0098919 0.0027146 0.0278859 0.0450579 0.0278582 0.0020365 0.0033626 0.0059566 0.4791300
 45 F  45 0.0051597 0.0000000 0.0000000 0.0184297 0.0000000 0.0057423 0.0014926 0.0024523 0.0018978 0.0772272 0.1365167 0.0108585 0.0193262 0.1002574 0.0257173 0.0064759 0.0069601 0.0073951 0.0097427 0.0267772 0.5375713
 46 L  46 0.0130256 0.0104280 0.0122457 0.0008432 0.0016511 0.0056186 0.0018512 0.0181004 0.0020649 0.0284687 0.1357390 0.0392556 0.0100750 0.0117251 0.0395445 0.0294205 0.0357493 0.0000000 0.0000000 0.0140291 0.5901645
 47 D  47 0.0045142 0.0201934 0.0113354 0.0663938 0.0057224 0.0156663 0.0285240 0.0736190 0.0013497 0.0060644 0.0133435 0.0854226 0.0052365 0.0016281 0.0296291 0.0226378 0.0130217 0.0024025 0.0000000 0.0108820 0.5824135
 48 A  48 0.0120051 0.0324698 0.0751069 0.0092162 0.0084300 0.0679120 0.0385292 0.0088564 0.0353268 0.0290630 0.0343318 0.0560499 0.0118527 0.0036780 0.0050363 0.0235678 0.0221054 0.0039043 0.0233511 0.0022766 0.4969307
 49 Q  49 0.0179055 0.0422696 0.0359585 0.0081122 0.0054583 0.0671035 0.0389331 0.0175359 0.0083109 0.0137250 0.0127974 0.0431609 0.0172008 0.0170284 0.0842001 0.0238297 0.0222863 0.0024223 0.0026410 0.0148373 0.5042834
 50 K  50 0.0447201 0.0103088 0.0330854 0.0252979 0.0008860 0.0187824 0.0171754 0.0071358 0.0105583 0.0177791 0.0467369 0.0820032 0.0163752 0.0071368 0.1622566 0.0204174 0.0172382 0.0000000 0.0071913 0.0247548 0.4301604
 51 D  51 0.0401961 0.0277851 0.0280418 0.1517667 0.0014131 0.0171095 0.0122333 0.0141041 0.0025793 0.0102949 0.0091878 0.0018866 0.0019807 0.0070026 0.0241298 0.0994028 0.1940510 0.0000000 0.0000000 0.0094295 0.3474052
 52 V  52 0.0333224 0.0111863 0.0284602 0.0490616 0.0014158 0.0255470 0.2881645 0.0148401 0.0032212 0.0104657 0.0044147 0.0422843 0.0037689 0.0000000 0.1356844 0.0161437 0.0039472 0.0016281 0.0000000 0.0145233 0.3119206
 53 D  53 0.1541952 0.0113050 0.0162083 0.0849224 0.0098599 0.0336718 0.1256987 0.0249218 0.0120675 0.0013825 0.0155859 0.0294738 0.0229952 0.0009894 0.0569971 0.0825747 0.0240685 0.0000000 0.0018575 0.0053024 0.2859223
 54 A  54 0.0357884 0.0011024 0.0049339 0.0639667 0.0000000 0.0291717 0.4059013 0.0124291 0.0000000 0.0069492 0.0429366 0.0043312 0.0042938 0.0127262 0.0000000 0.0118927 0.0650328 0.0000000 0.0083504 0.0268040 0.2633895
 55 V  55 0.0427227 0.0007742 0.0000000 0.0000000 0.0010000 0.0010579 0.0021251 0.0013620 0.0000000 0.1451558 0.2749704 0.0000000 0.0121956 0.0090151 0.0000000 0.0009879 0.0074802 0.0000000 0.0087451 0.2330870 0.2593210
 56 D  56 0.0338091 0.0719036 0.0222166 0.1577006 0.0019100 0.1399839 0.0944671 0.0087745 0.0190407 0.0201480 0.0329616 0.0790824 0.0041770 0.0024681 0.0095917 0.0170237 0.0149653 0.0000000 0.0103026 0.0061100 0.2533634
 57 K  57 0.0503097 0.0820179 0.0242940 0.1314243 0.0061989 0.0878460 0.0993379 0.0153108 0.0185854 0.0233893 0.0205579 0.0959791 0.0279373 0.0007678 0.0000000 0.0171350 0.0289991 0.0009715 0.0018344 0.0147333 0.2523706
 58 V  58 0.0071887 0.0000000 0.0024025 0.0000000 0.0000000 0.0082489 0.0000000 0.0014469 0.0138023 0.1810929 0.2189529 0.0031557 0.2157142 0.0128607 0.0000000 0.0027131 0.0155365 0.0045760 0.0000000 0.0665912 0.2457176
 59 M  59 0.0032754 0.0021017 0.0000000 0.0000000 0.0000000 0.0000000 0.0000000 0.0009157 0.0000000 0.2148847 0.0962506 0.0008865 0.2862252 0.0664645 0.0145606 0.0144650 0.0000000 0.0005837 0.0055781 0.0486743 0.2451339
 60 K  60 0.0508345 0.0449922 0.1128024 0.0869243 0.0029980 0.0838652 0.1451446 0.0120371 0.0111220 0.0018528 0.0031127 0.1009197 0.0049504 0.0013033 0.0000000 0.0568182 0.0100402 0.0162546 0.0040890 0.0048048 0.2451339
 61 E  61 0.1553328 0.0156311 0.0176469 0.0822073 0.0000000 0.0281757 0.2081348 0.0048980 0.0125180 0.0336617 0.0445578 0.0424902 0.0243090 0.0098788 0.0024601 0.0322036 0.0232990 0.0000000 0.0000000 0.0174614 0.2451339
 62 L  62 0.1542574 0.0000000 0.0000000 0.0032254 0.0000000 0.0154485 0.0052108 0.0104125 0.0000000 0.0932692 0.1677130 0.0000000 0.0214833 0.0603206 0.0000000 0.0133646 0.0109057 0.0000000 0.0088270 0.1904280 0.2451339
 63 D  63 0.0010034 0.0000000 0.0139835 0.6980477 0.0055781 0.0066531 0.0063312 0.0024977 0.0013515 0.0000000 0.0000000 0.0068052 0.0000000 0.0060644 0.0000000 0.0000000 0.0012784 0.0000000 0.0011752 0.0021289 0.2471016
 64 E  64 0.1214126 0.0283254 0.0083105 0.0118041 0.0039266 0.0330663 0.0472466 0.0052549 0.0023331 0.0518748 0.0417043 0.0474862 0.0209105 0.0183273 0.0123517 0.0483609 0.1171884 0.0021106 0.0043015 0.1266019 0.2471016
 65 N  65 0.0038096 0.0079120 0.1993786 0.4620688 0.0036777 0.0000000 0.0181822 0.0021643 0.0044466 0.0066531 0.0000000 0.0271696 0.0019913 0.0000000 0.0055781 0.0051531 0.0026071 0.0000000 0.0000000 0.0022979 0.2469101
 66 G  66 0.0121951 0.0561535 0.0710544 0.0077546 0.0062786 0.0210904 0.0047333 0.3675976 0.0291658 0.0039489 0.0074773 0.0943988 0.0080836 0.0057966 0.0052947 0.0472918 0.0050641 0.0008522 0.0000000 0.0008266 0.2449423
 67 D  67 0.0104479 0.0023514 0.2483346 0.3003908 0.0000000 0.0000000 0.0060644 0.0385275 0.0017222 0.0000000 0.0000000 0.0141893 0.0000000 0.0014371 0.0000000 0.1142337 0.0173587 0.0000000 0.0000000 0.0000000 0.2449423
 68 G  68 0.0064448 0.0122149 0.0235313 0.0200976 0.0046091 0.0080890 0.0068983 0.6183686 0.0053048 0.0032254 0.0055781 0.0160792 0.0000000 0.0021643 0.0042058 0.0140483 0.0000000 0.0000000 0.0000000 0.0041983 0.2449423
 69 E  69 0.0196633 0.0326746 0.0286492 0.0089870 0.0289066 0.0683939 0.0820127 0.0045060 0.0262909 0.0104856 0.0183977 0.0732693 0.0032087 0.0297828 0.0049350 0.0427238 0.2130770 0.0000000 0.0290127 0.0300809 0.2449423
 70 V  70 0.0000000 0.0000000 0.0000000 0.0000000 0.0039541 0.0000000 0.0000000 0.0000000 0.0000000 0.3833432 0.1088194 0.0000000 0.0072762 0.0100082 0.0050907 0.0000000 0.0017357 0.0000000 0.0000000 0.2335629 0.2462096
 71 D  71 0.0013488 0.0021289 0.0698220 0.5224311 0.0000000 0.0000000 0.0641016 0.0061943 0.0013515 0.0039489 0.0000000 0.0000000 0.0000000 0.0000000 0.0041132 0.0631236 0.0075615 0.0000000 0.0020869 0.0055781 0.2462096
 72 F  72 0.0009895 0.0000000 0.0064467 0.0000000 0.0145065 0.0030669 0.0032580 0.0000000 0.0000000 0.0127847 0.0387193 0.0000000 0.0092975 0.4506117 0.0010837 0.0111231 0.0011203 0.0032254 0.1882819 0.0092754 0.2462096
 73 Q  73 0.0257729 0.0306963 0.0344757 0.0735478 0.0000000 0.0919359 0.1418064 0.0800520 0.0252327 0.0173707 0.0087834 0.0335649 0.0000000 0.0015591 0.0576488 0.0561165 0.0599302 0.0000000 0.0045019 0.0107951 0.2462096
 74 E  74 0.0049684 0.0000000 0.0000000 0.0336575 0.0000000 0.0000000 0.6850944 0.0095923 0.0000000 0.0000000 0.0000000 0.0065493 0.0000000 0.0000000 0.0000000 0.0075630 0.0000000 0.0000000 0.0000000 0.0067452 0.2458299
 75 Y  75 0.0000000 0.0000000 0.0000000 0.0000000 0.0021196 0.0000000 0.0000000 0.0000000 0.0000000 0.0078026 0.0098383 0.0000000 0.0000000 0.6461564 0.0055781 0.0014524 0.0042058 0.0033047 0.0616516 0.0099500 0.2479405
 76 V  76 0.0317189 0.0016017 0.0004830 0.0000000 0.0337907 0.0000000 0.0039508 0.0109204 0.0000000 0.1362003 0.2489257 0.0094665 0.0227137 0.0087081 0.0012287 0.0129562 0.0047031 0.0039500 0.0012274 0.2247101 0.2427446
 77 V  77 0.1791767 0.0395212 0.0453851 0.0189770 0.0129816 0.0184367 0.0481873 0.0137180 0.0103495 0.0175567 0.0472356 0.0187568 0.0202862 0.0005651 0.0017198 0.0797665 0.1211951 0.0000000 0.0050666 0.0622117 0.2389069
 78 L  78 0.1799911 0.0039489 0.0041132 0.0000000 0.0000000 0.0017026 0.0017536 0.0302348 0.0016494 0.0322571 0.2509392 0.0014732 0.1322998 0.0401933 0.0000000 0.0112678 0.0098958 0.0000000 0.0000000 0.0577975 0.2404827
 79 V  79 0.0050891 0.0083190 0.0078337 0.0000000 0.0026083 0.0012274 0.0000000 0.0000000 0.0113092 0.0574030 0.0902852 0.0065493 0.2188880 0.0157614 0.0031811 0.0296283 0.1362587 0.0000000 0.0264303 0.1150812 0.2641468
 80 A  80 0.1803952 0.0219004 0.0055896 0.0028833 0.0079337 0.0072135 0.0091271 0.0715112 0.0000000 0.0343524 0.0612397 0.0299943 0.0255652 0.0490004 0.0000000 0.1012571 0.0267680 0.0000000 0.0020021 0.0574320 0.3058347
 81 A  81 0.0513450 0.1000260 0.0201284 0.0153245 0.0180019 0.0471569 0.0190354 0.0487940 0.1098771 0.0043632 0.0090537 0.0951769 0.0028226 0.0000000 0.0435146 0.0602718 0.0159376 0.0008233 0.0000000 0.0111185 0.3272285
 82 L  82 0.0123644 0.0123948 0.0046701 0.0039838 0.0051880 0.0199578 0.0052273 0.0140907 0.0055781 0.0509991 0.2181531 0.0953626 0.0496640 0.0416989 0.0054406 0.0167465 0.0053322 0.0009596 0.0024601 0.0407791 0.3889491
 83 T  83 0.0740759 0.0328518 0.0730560 0.0046113 0.0160456 0.0218777 0.0035571 0.0151474 0.0135572 0.0200704 0.0393116 0.0309089 0.0925600 0.0095130 0.0066489 0.0408063 0.0663816 0.0015966 0.0091755 0.0284812 0.3997659
 84 V  84 0.0278983 0.0466900 0.0133779 0.0223843 0.0032733 0.0617217 0.0058391 0.0184198 0.0029080 0.0304387 0.0401040 0.1754707 0.0341980 0.0053212 0.0098467 0.0286557 0.0097022 0.0020773 0.0007681 0.0524069 0.4084981
 85 A  85 0.1636836 0.0134021 0.0113747 0.0571332 0.0052971 0.0143109 0.0449100 0.0261214 0.0060272 0.0287718 0.0383522 0.0202381 0.0649256 0.0061121 0.0051690 0.0201690 0.0192928 0.0014289 0.0121532 0.0236104 0.4175167
 86 C  86 0.0363808 0.0184135 0.0131287 0.0332622 0.1369843 0.0146499 0.0625484 0.0546121 0.0116496 0.0071387 0.0172311 0.0233783 0.0132286 0.0033552 0.0173218 0.0277408 0.0558166 0.0040780 0.0143755 0.0048965 0.4298092
 87 N  87 0.0085293 0.0574234 0.1242585 0.1087385 0.0024523 0.0140884 0.0363228 0.0296399 0.0807441 0.0066808 0.0060757 0.0157792 0.0014067 0.0115856 0.0022140 0.0181277 0.0213268 0.0000000 0.0120754 0.0000000 0.4425310
 88 N  88 0.0313758 0.0112048 0.0321207 0.1108194 0.0012385 0.0140412 0.1021697 0.0241504 0.0127185 0.0045573 0.0158502 0.0835436 0.0059059 0.0039150 0.0062666 0.0212556 0.0066440 0.0043421 0.0026590 0.0020410 0.5031807
 89 F  89 0.0306074 0.0111682 0.0066045 0.0281156 0.0086954 0.0073587 0.0223018 0.0174929 0.0077628 0.0165973 0.0263670 0.0463483 0.0027386 0.0419410 0.0111848 0.0411175 0.0091905 0.0019913 0.0256340 0.0098869 0.6268955
 90 F  90 0.0247908 0.0097547 0.0065159 0.0082942 0.0065305 0.0073112 0.0189336 0.0125393 0.0071528 0.0265002 0.0343756 0.0262337 0.0323500 0.0772406 0.0103703 0.0211963 0.0229962 0.0008236 0.0123885 0.0177091 0.6159927
 91 W  91 0.0144952 0.0170632 0.0110146 0.0278337 0.0223885 0.0249882 0.0215289 0.0182058 0.0405303 0.0248003 0.0129042 0.0447819 0.0489120 0.0012494 0.0056309 0.0101340 0.0152940 0.0027384 0.0093193 0.0092873 0.6169000
 92 E  92 0.0194147 0.0218376 0.0217696 0.0350442 0.0010884 0.0232362 0.0434971 0.0450908 0.0181246 0.0093000 0.0173516 0.0583434 0.0132538 0.0006479 0.0216590 0.0194112 0.0088057 0.0082305 0.0000000 0.0336970 0.5801965
 93 N  93 0.0188747 0.0296350 0.0189657 0.0246142 0.0212450 0.0291334 0.0259922 0.0315049 0.0138424 0.0172910 0.0126834 0.0375115 0.0398254 0.0025473 0.0108003 0.0280027 0.0292292 0.0010560 0.0129283 0.0198450 0.5744723
 94 S  94 0.0486436 0.0293591 0.0309052 0.0267612 0.0030739 0.0271742 0.0184801 0.0216778 0.0177457 0.0028894 0.0214352 0.0443400 0.0519976 0.0029428 0.0289697 0.0391731 0.0158127 0.0017396 0.0095393 0.0123680 0.5449719
 95 G  95 0.0264499 0.0394409 0.0194985 0.0358278 0.0159092 0.0206058 0.0421228 0.0186956 0.0223445 0.0121642 0.0132913 0.0311089 0.0869876 0.0040134 0.0514879 0.0249738 0.0192309 0.0000000 0.0099756 0.0138275 0.4920437
 96 S  96 0.0247245 0.0193678 0.0158985 0.0257342 0.0058086 0.0469396 0.0276544 0.0395891 0.0262293 0.0120779 0.0241078 0.0150803 0.0169270 0.0065563 0.0320568 0.0738228 0.0681029 0.0045375 0.0185472 0.0117984 0.4844394
 97 E  97 0.0133057 0.0163889 0.0173056 0.0661428 0.0000000 0.0859612 0.0632176 0.0238610 0.0080954 0.0181069 0.0702734 0.0339739 0.0171823 0.0070403 0.0342664 0.0218295 0.0142829 0.0016494 0.0074108 0.0162225 0.4634833
 98 L  98 0.0204484 0.0123072 0.0021994 0.0136847 0.0000000 0.0201342 0.0267278 0.0139544 0.0036828 0.0110812 0.1772659 0.0489332 0.0243911 0.0074776 0.0095537 0.1021041 0.0941876 0.0000000 0.0013033 0.0138412 0.3967221
 99 E  99 0.0040098 0.0087243 0.0083386 0.0373730 0.0000000 0.0252556 0.4651356 0.0042439 0.0042661 0.0044013 0.0595778 0.0309612 0.0012150 0.0027443 0.0077676 0.0053073 0.0060008 0.0000000 0.0010391 0.0105083 0.3131303
100 T 100 0.0255805 0.0896239 0.0185947 0.0883713 0.0034112 0.0798355 0.2713669 0.0112976 0.0138829 0.0018792 0.0107548 0.0649930 0.0040315 0.0000000 0.0000000 0.0404644 0.0173624 0.0013737 0.0014811 0.0031640 0.2525316
101 A 101 0.0846416 0.0367469 0.0339181 0.0572848 0.0275314 0.0658431 0.2381575 0.0166007 0.0599492 0.0000000 0.0039866 0.0635410 0.0044974 0.0000000 0.0024011 0.0598049 0.0005568 0.0000000 0.0035003 0.0044763 0.2365622
102 M 102 0.0061285 0.0030445 0.0041958 0.0054206 0.0037342 0.0198426 0.0135675 0.0033191 0.0019344 0.2183943 0.2844131 0.0027724 0.1014651 0.0070758 0.0009827 0.0041440 0.0045644 0.0000000 0.0000000 0.0671982 0.2478026
103 E 103 0.0801230 0.1652940 0.0275832 0.0615526 0.0000000 0.0266050 0.2078310 0.0065966 0.0232621 0.0099861 0.0310220 0.0851167 0.0041988 0.0078689 0.0019486 0.0245424 0.0080571 0.0058729 0.0257976 0.0276726 0.1690689
104 T 104 0.0633661 0.0150075 0.0335358 0.0586319 0.0057709 0.0266116 0.2411112 0.0498804 0.0574073 0.0101796 0.0167608 0.0636597 0.0094865 0.0283251 0.0017975 0.0519284 0.0689129 0.0058503 0.0050631 0.0201913 0.1665222
105 L 105 0.3658211 0.0010389 0.0000000 0.0000000 0.0077166 0.0000000 0.0039477 0.0014315 0.0000000 0.0909117 0.1987562 0.0000000 0.0276816 0.0545004 0.0000000 0.0017665 0.0082000 0.0027426 0.0189241 0.0511326 0.1654285
106 I 106 0.0108379 0.0752394 0.0011686 0.0000000 0.0000000 0.0208051 0.0024223 0.0053413 0.0106551 0.1296597 0.0221172 0.0628043 0.0165189 0.4042947 0.0061435 0.0018096 0.0033183 0.0019608 0.0167141 0.0427283 0.1654609
107 N 107 0.0851508 0.1737222 0.0560087 0.0918750 0.0077797 0.0553920 0.1102078 0.0054328 0.0011128 0.0000000 0.0176978 0.1445139 0.0045788 0.0155658 0.0000000 0.0420662 0.0211208 0.0000000 0.0000000 0.0077652 0.1600098
108 V 108 0.2237342 0.0023161 0.0000000 0.0032254 0.0105807 0.0065975 0.0077667 0.0027426 0.0103245 0.0831952 0.0367537 0.0027626 0.0453211 0.0161746 0.0000000 0.0065050 0.0528237 0.0000000 0.0298237 0.2902018 0.1691510
109 F 109 0.0012491 0.0000000 0.0000000 0.0053793 0.0000000 0.0000000 0.0000000 0.0000000 0.0000000 0.0062945 0.0024595 0.0061895 0.0000000 0.7532888 0.0000000 0.0000000 0.0000000 0.0000000 0.0424155 0.0000000 0.1827239
110 H 110 0.0093599 0.0531051 0.0047905 0.3901843 0.0012331 0.1030248 0.0061219 0.0073003 0.1039488 0.0000000 0.0007845 0.0310918 0.0043405 0.0068273 0.0023496 0.0254281 0.0000000 0.0000000 0.0181016 0.0000000 0.2320079
111 A 111 0.0250020 0.0580693 0.0130882 0.0026565 0.0053119 0.0877821 0.0256571 0.0000000 0.0155276 0.0169461 0.0962694 0.1990421 0.0523556 0.0009721 0.0000000 0.0313132 0.0254691 0.0022071 0.0000000 0.0338087 0.3085218
112 H 112 0.0024223 0.0000000 0.0243329 0.0211609 0.0008884 0.0000000 0.0054504 0.0000000 0.0236515 0.0059150 0.0091388 0.0000000 0.0089449 0.1456376 0.0015067 0.0010929 0.0000000 0.0007639 0.2592082 0.0000000 0.4898855
113 S 113 0.1039693 0.0046806 0.0037384 0.0622201 0.0040128 0.0064005 0.0065326 0.0073589 0.0013936 0.0032710 0.0168350 0.0019658 0.0079010 0.0796324 0.0129786 0.0903448 0.0079705 0.0000000 0.0000000 0.0064690 0.5723251
114 G 114 0.0084901 0.0281213 0.0045987 0.2886279 0.0030378 0.0084923 0.0099826 0.0850050 0.0000000 0.0023386 0.0152933 0.0278088 0.0000000 0.0000000 0.0000000 0.0096740 0.0220911 0.0000000 0.0000000 0.0186108 0.4678277
115 K 115 0.0065390 0.0928620 0.0160312 0.0121044 0.0000000 0.0316123 0.0147270 0.0123914 0.0024059 0.0062430 0.0110089 0.2980411 0.0072951 0.0019837 0.0000000 0.0137648 0.0290197 0.0000000 0.0012541 0.0120792 0.4306373
116 E 116 0.0030345 0.0099889 0.0706592 0.4065985 0.0055502 0.0076033 0.0860657 0.0067273 0.0073178 0.0000000 0.0057604 0.0198352 0.0012301 0.0000000 0.0000000 0.0050621 0.0148094 0.0000000 0.0020238 0.0068947 0.3408389
117 G 117 0.0029673 0.0052242 0.0260752 0.1369312 0.0033677 0.0032003 0.0103411 0.5472458 0.0016245 0.0000000 0.0042058 0.0196701 0.0000000 0.0000000 0.0029965 0.0069398 0.0015067 0.0000000 0.0000000 0.0000000 0.2277038
118 D 118 0.0032665 0.0271504 0.2346951 0.2360200 0.0053195 0.0271756 0.0257584 0.0092677 0.0318628 0.0000000 0.0023888 0.0162125 0.0000000 0.0000000 0.0036362 0.1212648 0.0018800 0.0000000 0.0024301 0.0057572 0.2459142
119 K 119 0.0043908 0.0217117 0.0490405 0.0211760 0.0321281 0.0168286 0.0046943 0.3674890 0.0000000 0.0000000 0.0015976 0.0694192 0.0007603 0.0053917 0.0107634 0.1203378 0.0372143 0.0000000 0.0084035 0.0000000 0.2286533
120 Y 120 0.0091335 0.0054682 0.0123534 0.0565398 0.0231393 0.0040119 0.0093596 0.2534040 0.0398863 0.0000000 0.0068690 0.0036493 0.0008425 0.0924412 0.0014025 0.0098692 0.0130418 0.0006026 0.0239971 0.0006362 0.4333528
121 K 121 0.0112857 0.0423459 0.0006885 0.0017815 0.0048188 0.0320158 0.0022969 0.0042751 0.0091092 0.0057305 0.0336426 0.1097367 0.0114492 0.0503128 0.0023888 0.0487509 0.1378735 0.0000000 0.2046503 0.0218473 0.2650000
122 L 122 0.0000000 0.0000000 0.0000000 0.0000000 0.0000000 0.0092718 0.0000000 0.0024765 0.0000000 0.6112202 0.1805694 0.0000000 0.0116064 0.0039659 0.0000000 0.0000000 0.0000000 0.0000000 0.0000000 0.0137052 0.1671846
123 S 123 0.0000000 0.0051968 0.0384040 0.0470311 0.0211614 0.0024765 0.0455775 0.0038106 0.0021017 0.0011200 0.0000000 0.0037869 0.0000000 0.0000000 0.0042651 0.3541436 0.3055028 0.0000000 0.0010878 0.0009649 0.1633691
124 K 124 0.1524752 0.1015990 0.0285952 0.0012892 0.0017039 0.0276601 0.0039385 0.0020369 0.0100383 0.0419429 0.0297868 0.1724289 0.0142941 0.0285460 0.0276359 0.0286417 0.0551458 0.0025815 0.0192612 0.0876632 0.1627353
125 K 125 0.1194905 0.0213652 0.0310402 0.1647433 0.0009861 0.0346687 0.1702770 0.0778119 0.0028562 0.0016021 0.0040151 0.1071539 0.0004620 0.0008278 0.0029551 0.0535350 0.0282939 0.0012109 0.0006220 0.0133479 0.1627353
126 E 126 0.0013615 0.0024567 0.0077052 0.0244638 0.0000000 0.0013243 0.7884855 0.0000000 0.0000000 0.0000000 0.0000000 0.0091111 0.0000000 0.0000000 0.0000000 0.0000000 0.0025815 0.0000000 0.0000000 0.0000000 0.1625103
127 L 127 0.0000000 0.0000000 0.0000000 0.0000000 0.0000000 0.0000000 0.0051968 0.0000000 0.0000000 0.0211226 0.6960900 0.0000000 0.0264029 0.0674458 0.0032254 0.0012762 0.0000000 0.0000000 0.0000000 0.0167301 0.1625103
128 K 128 0.0587713 0.2157504 0.0038873 0.0009466 0.0022960 0.0685612 0.0590144 0.0786789 0.0249686 0.0000000 0.0457897 0.2172008 0.0072580 0.0221706 0.0000000 0.0101147 0.0038153 0.0000000 0.0007851 0.0056588 0.1743324
129 E 129 0.0480282 0.0585880 0.0296834 0.0403477 0.0006643 0.1517848 0.1350082 0.0035405 0.0935732 0.0175162 0.0214973 0.0372021 0.0029454 0.0070586 0.0015832 0.0599041 0.0765967 0.0000000 0.0107269 0.0270456 0.1767055
130 L 130 0.1683058 0.0000000 0.0000000 0.0000000 0.0031314 0.0000000 0.0009693 0.0221681 0.0000000 0.0438729 0.1868054 0.0000000 0.0337987 0.0369885 0.0000000 0.0171219 0.0037579 0.0000000 0.0000000 0.2950270 0.1880531
131 L 131 0.0197819 0.0000000 0.0000000 0.0000000 0.0327623 0.0030669 0.0000000 0.0000000 0.0021132 0.0408020 0.3476389 0.0000000 0.2965226 0.0137263 0.0013615 0.0000000 0.0040234 0.0007993 0.0027426 0.0294695 0.2051898
132 Q 132 0.0577850 0.1181249 0.0396038 0.0073505 0.0084877 0.0518909 0.0892905 0.0248875 0.0140897 0.0257547 0.0163910 0.1282418 0.0060499 0.0014821 0.0052439 0.0252072 0.0821340 0.0019884 0.0037392 0.0217345 0.2705226
133 T 133 0.0664922 0.0485673 0.0717330 0.0356307 0.0089142 0.0252779 0.0787743 0.0056644 0.0084961 0.0000000 0.0046394 0.1288199 0.0305694 0.0011595 0.0052387 0.1376918 0.0517108 0.0000000 0.0000000 0.0066526 0.2839677
134 E 134 0.0033629 0.0023888 0.0016669 0.0176471 0.0000000 0.0161464 0.1986498 0.0106685 0.0030611 0.0109812 0.1709117 0.0018533 0.0592264 0.0324653 0.0000000 0.0089375 0.0088072 0.0000000 0.0029346 0.0121877 0.4381036
135 L 135 0.0081206 0.0018141 0.0038972 0.0016856 0.0000000 0.0012649 0.0010118 0.2472419 0.0043885 0.0108072 0.1536106 0.0000000 0.0117882 0.0651485 0.0122029 0.0051678 0.0014102 0.0000000 0.0014287 0.0345088 0.4345025
136 S 136 0.0654946 0.0178608 0.0085855 0.0073630 0.0027647 0.0545405 0.0458294 0.1079062 0.0257732 0.0053004 0.0244255 0.0081552 0.0117705 0.0048600 0.0539866 0.0315478 0.0192883 0.0015847 0.0021308 0.0069346 0.4938976
137 G 137 0.0332099 0.0133951 0.1070421 0.0611592 0.0054870 0.0168726 0.0444981 0.0216663 0.0196879 0.0082853 0.0062598 0.0160488 0.0153484 0.0084711 0.0346070 0.0391869 0.0459970 0.0000000 0.0095804 0.0151568 0.4780405
138 F 138 0.0138626 0.0059268 0.0709962 0.0202548 0.0120060 0.0080010 0.0112741 0.0216219 0.0059349 0.0505697 0.0540951 0.0170796 0.0050805 0.1105916 0.0626376 0.0125181 0.0099496 0.0114314 0.0139057 0.0229203 0.4593424
139 L 139 0.0059431 0.0124728 0.0065852 0.0215046 0.0074254 0.0060361 0.0133796 0.0257558 0.0050253 0.0502733 0.3240094 0.0082489 0.0109175 0.0077887 0.0020835 0.0227753 0.0764337 0.0000000 0.0009715 0.0257179 0.3666523
140 D 140 0.0155975 0.0183495 0.0030605 0.0514753 0.0055542 0.0184532 0.0340332 0.2150604 0.0196809 0.0046155 0.0143454 0.1261311 0.0135691 0.0089875 0.0247702 0.0229004 0.0050757 0.0022616 0.0364403 0.0257225 0.3339159
141 A 141 0.0131159 0.0161166 0.0986802 0.0682539 0.0069570 0.0290023 0.2032281 0.0598536 0.0320033 0.0000000 0.0036353 0.0539901 0.0047671 0.0000000 0.0043868 0.0254565 0.0252370 0.0000000 0.0000000 0.0021119 0.3532044
142 Q 142 0.0259307 0.0377298 0.0294501 0.0278873 0.0012874 0.0905139 0.0432037 0.0384755 0.0108931 0.0244725 0.0231886 0.1179788 0.0403690 0.0000000 0.0806699 0.0152551 0.0266163 0.0030054 0.0000000 0.0157172 0.3473558
143 K 143 0.0131434 0.0222606 0.0290288 0.0170424 0.0230053 0.0447798 0.0046077 0.0462521 0.0247343 0.0376031 0.1585177 0.1008898 0.0275511 0.0157262 0.0031462 0.0235216 0.0269073 0.0000000 0.0019730 0.0385524 0.3407571
144 D 144 0.0103700 0.0158288 0.0422144 0.2522785 0.0008306 0.0000000 0.0220569 0.0081732 0.0011595 0.0019159 0.0323807 0.0050125 0.0032561 0.0000000 0.0201935 0.1162701 0.1944066 0.0000000 0.0000000 0.0034204 0.2702323
145 V 145 0.0355332 0.0050857 0.0108155 0.1405432 0.0012762 0.0621022 0.2236345 0.0143203 0.0031253 0.0142257 0.0256675 0.0244700 0.0018132 0.0000000 0.1276692 0.0132022 0.0048042 0.0000000 0.0016471 0.0365345 0.2535305
146 D 146 0.1447425 0.0225943 0.0188097 0.1093691 0.0089650 0.0722377 0.2064907 0.0393239 0.0051121 0.0044396 0.0085060 0.0318748 0.0038972 0.0000000 0.0036112 0.0536729 0.0128416 0.0000000 0.0000000 0.0178064 0.2357054
147 A 147 0.0479711 0.0076466 0.0061581 0.0775908 0.0020722 0.0094063 0.2972175 0.0112815 0.0065781 0.0455920 0.0279895 0.0152600 0.0069392 0.0080018 0.0000000 0.0225617 0.1031307 0.0009915 0.0128909 0.0719951 0.2187255
148 V 148 0.0245953 0.0000000 0.0000000 0.0000000 0.0604448 0.0000000 0.0000000 0.0000000 0.0000000 0.1971584 0.2055230 0.0000000 0.0081777 0.0097409 0.0000000 0.0000000 0.0016145 0.0346270 0.0081899 0.2570455 0.1928830
149 D 149 0.0128724 0.0596527 0.0405489 0.3138217 0.0000000 0.0719331 0.1250452 0.0043334 0.0087985 0.0018706 0.0065115 0.1144908 0.0052733 0.0010582 0.0000000 0.0121130 0.0184152 0.0000000 0.0028704 0.0061048 0.1942864
150 K 150 0.0333598 0.0568293 0.0180049 0.1443043 0.0051764 0.0545419 0.2569891 0.0162578 0.0120788 0.0091391 0.0113126 0.1261549 0.0085035 0.0000000 0.0000000 0.0220308 0.0217170 0.0007627 0.0014096 0.0139135 0.1875141
151 V 151 0.0055048 0.0000000 0.0048021 0.0000000 0.0000000 0.0000000 0.0000000 0.0015832 0.0032561 0.2323528 0.1038178 0.0000000 0.3615289 0.0152102 0.0000000 0.0000000 0.0374022 0.0000000 0.0000000 0.0557504 0.1787915
152 M 152 0.0000000 0.0000000 0.0000000 0.0000000 0.0000000 0.0000000 0.0000000 0.0013403 0.0008972 0.4042397 0.1252721 0.0010795 0.1928962 0.0728818 0.0000000 0.0000000 0.0021017 0.0000000 0.0000000 0.0314238 0.1678676
153 K 153 0.0378139 0.1812106 0.0680939 0.0356884 0.0048260 0.0880663 0.0665638 0.0197230 0.0233310 0.0085135 0.0145736 0.1687809 0.0147721 0.0044744 0.0000000 0.0701730 0.0191356 0.0000000 0.0052126 0.0015023 0.1675453
154 E 154 0.0476165 0.0066729 0.0241720 0.1491107 0.0024411 0.0181522 0.4026346 0.0152615 0.0148781 0.0052624 0.0345339 0.0424992 0.0061156 0.0067847 0.0000000 0.0288385 0.0151305 0.0000000 0.0018510 0.0117036 0.1663409
155 L 155 0.2557470 0.0000000 0.0000000 0.0000000 0.0083741 0.0028781 0.0000000 0.0089837 0.0000000 0.0312838 0.1697109 0.0000000 0.0204954 0.0146163 0.0000000 0.0027658 0.0038696 0.0000000 0.0050640 0.3098703 0.1663409
156 D 156 0.0000000 0.0000000 0.0031130 0.8230074 0.0000000 0.0000000 0.0044898 0.0000000 0.0000000 0.0000000 0.0000000 0.0000000 0.0000000 0.0000000 0.0000000 0.0000000 0.0000000 0.0000000 0.0021251 0.0000000 0.1672647
157 E 157 0.1080071 0.0495685 0.0078443 0.0063614 0.0011690 0.0687776 0.0354532 0.0109043 0.0038947 0.0431641 0.0876965 0.1056936 0.0119504 0.0065921 0.0000000 0.0408068 0.1525968 0.0024567 0.0000000 0.0895176 0.1675453
158 N 158 0.0000000 0.0014811 0.2818247 0.5234511 0.0037106 0.0000000 0.0040425 0.0027131 0.0020330 0.0000000 0.0000000 0.0049664 0.0011040 0.0000000 0.0000000 0.0052371 0.0018912 0.0000000 0.0000000 0.0000000 0.1675453
159 G 159 0.0087414 0.0292278 0.1386762 0.0080671 0.0063850 0.0218770 0.0140947 0.4108992 0.0411726 0.0000000 0.0007326 0.1082319 0.0008256 0.0000000 0.0017327 0.0377599 0.0030049 0.0000000 0.0000000 0.0010261 0.1675453
160 D 160 0.0000000 0.0018763 0.0932529 0.6786210 0.0000000 0.0000000 0.0032322 0.0008996 0.0000000 0.0000000 0.0000000 0.0041132 0.0000000 0.0000000 0.0000000 0.0337278 0.0137804 0.0000000 0.0000000 0.0009032 0.1695934
161 G 161 0.0069442 0.0087227 0.0271404 0.0114858 0.0057279 0.0127196 0.0092062 0.7195631 0.0024403 0.0000000 0.0000000 0.0172493 0.0000000 0.0000000 0.0000000 0.0092071 0.0000000 0.0000000 0.0000000 0.0000000 0.1695934
162 E 162 0.0120714 0.1703340 0.0144560 0.0024342 0.0161313 0.1509959 0.1100908 0.0000000 0.0168486 0.0023326 0.0266608 0.1279841 0.0230706 0.0055052 0.0000000 0.0292256 0.0931327 0.0000000 0.0081187 0.0201109 0.1704966
163 V 163 0.0032254 0.0000000 0.0000000 0.0000000 0.0037869 0.0000000 0.0000000 0.0000000 0.0000000 0.4410464 0.0796246 0.0000000 0.0117184 0.0014891 0.0010675 0.0000000 0.0031131 0.0000000 0.0000000 0.2820712 0.1728575
164 D 164 0.0000000 0.0000000 0.1897821 0.4199581 0.0013234 0.0000000 0.0307819 0.0097408 0.0000000 0.0000000 0.0000000 0.0044276 0.0007147 0.0000000 0.0000000 0.1576177 0.0090850 0.0000000 0.0034477 0.0000000 0.1731211
165 F 165 0.0051801 0.0000000 0.0000000 0.0000000 0.0113970 0.0000000 0.0065827 0.0000000 0.0047670 0.0057892 0.0132603 0.0068980 0.0019884 0.4645959 0.0000000 0.0016339 0.0000000 0.0000000 0.3031344 0.0009870 0.1737861
166 Q 166 0.0154249 0.0072494 0.0687664 0.1194315 0.0000000 0.1118345 0.2670725 0.0409613 0.0209444 0.0061043 0.0053072 0.0432719 0.0007485 0.0015178 0.0287316 0.0310813 0.0411758 0.0000000 0.0106059 0.0059846 0.1737861
167 E 167 0.0000000 0.0000000 0.0000000 0.0134845 0.0000000 0.0009238 0.7942182 0.0018496 0.0024601 0.0000000 0.0000000 0.0000000 0.0014787 0.0011813 0.0000000 0.0051917 0.0000000 0.0000000 0.0000000 0.0000000 0.1792123
168 Y 168 0.0000000 0.0000000 0.0018496 0.0000000 0.0022315 0.0000000 0.0000000 0.0000000 0.0000000 0.0030669 0.0049658 0.0000000 0.0000000 0.7465870 0.0000000 0.0011250 0.0000000 0.0065652 0.0483711 0.0055359 0.1797020
169 V 169 0.0438101 0.0162118 0.0000000 0.0000000 0.0457128 0.0096344 0.0108802 0.0000000 0.0000000 0.0436033 0.1737667 0.0758412 0.0367228 0.0072679 0.0012619 0.0214005 0.0200343 0.0018792 0.0028157 0.3051706 0.1839865
170 V 170 0.1680472 0.0635573 0.0463236 0.0164875 0.0049922 0.0599983 0.0456176 0.0026110 0.0152660 0.0184157 0.0615824 0.0805711 0.0157262 0.0019913 0.0010363 0.0427614 0.1003226 0.0023990 0.0088041 0.0576447 0.1858444
171 L 171 0.0358357 0.0008079 0.0000000 0.0000000 0.0028526 0.0000000 0.0006637 0.0000000 0.0013737 0.0452394 0.1678762 0.0006722 0.4492922 0.0360108 0.0000000 0.0069733 0.0039066 0.0000000 0.0011289 0.0453195 0.2020473
172 V 172 0.0000000 0.0000000 0.0000000 0.0000000 0.0011416 0.0000000 0.0000000 0.0000000 0.0000000 0.0809444 0.0920808 0.0000000 0.4550331 0.0060554 0.0000000 0.0055204 0.0047742 0.0000000 0.0067971 0.1353728 0.2122803
173 A 173 0.1356083 0.0517160 0.0037830 0.0058408 0.0100660 0.0317098 0.0119054 0.0681166 0.0038063 0.0099159 0.0389750 0.0515524 0.0138656 0.0482084 0.0000000 0.0634212 0.0729853 0.0030669 0.0000000 0.0208750 0.3545823
174 A 174 0.0312100 0.1039943 0.0343920 0.0018766 0.0171203 0.0323715 0.0026893 0.1050225 0.0211215 0.0018427 0.0058026 0.1765574 0.0026125 0.0000000 0.0011466 0.0465215 0.0097054 0.0000000 0.0000000 0.0032681 0.4027452
175 L 175 0.0086063 0.0019754 0.0009490 0.0020271 0.0012557 0.0000000 0.0000000 0.0069301 0.0000000 0.0465177 0.1683909 0.0049146 0.0176067 0.0018969 0.0019468 0.0122065 0.0088266 0.0000000 0.0018011 0.0662146 0.6479342
176 T 176 0.0891533 0.0069497 0.0000000 0.0159289 0.0240943 0.0058158 0.0042764 0.0057345 0.0000000 0.0038076 0.0137394 0.0046376 0.0168049 0.0000000 0.0000000 0.0220198 0.0845567 0.0000000 0.0000000 0.0157183 0.6867625
177 V 177 0.0059266 0.0131416 0.0055384 0.0033937 0.0049927 0.0392060 0.0077527 0.0000000 0.0015839 0.0451743 0.0152388 0.0301243 0.0282086 0.0033412 0.0005286 0.0058241 0.0091532 0.0022360 0.0000000 0.0630756 0.7155598
178 A 178 0.1359988 0.0051801 0.0000000 0.0166603 0.0088911 0.0000000 0.0075979 0.0040029 0.0027509 0.0070196 0.0049991 0.0019913 0.0203645 0.0026398 0.0018611 0.0071554 0.0150678 0.0000000 0.0055502 0.0068473 0.7454219
179 C 179 0.0160513 0.0010218 0.0000000 0.0060969 0.1530004 0.0000000 0.0029513 0.0042058 0.0037407 0.0000000 0.0000000 0.0020058 0.0015586 0.0000000 0.0000000 0.0210275 0.0111598 0.0009524 0.0141969 0.0000000 0.7620307
180 N 180 0.0000000 0.0027426 0.0748159 0.0052053 0.0000000 0.0052746 0.0093261 0.0010434 0.0945571 0.0000000 0.0000000 0.0011289 0.0009321 0.0097379 0.0000000 0.0024637 0.0018611 0.0000000 0.0184651 0.0000000 0.7724461
