  187         A         R         N         D         C         Q         E         G         H         I         L         K         M         F         P         S         T         W         Y         V    
  1 M   1 0.0000000 0.0000000 0.0000000 0.0000000 0.0000000 0.0000000 0.0000000 0.0000000 0.0000000 0.0000000 0.0000000 0.0000000 1.0000000 0.0000000 0.0000000 0.0000000 0.0000000 0.0000000 0.0000000 0.0000000
  2 G   2 0.4084954 0.0000000 0.0000000 0.0044342 0.0079422 0.0000000 0.0110568 0.0713066 0.0057021 0.0216695 0.0082920 0.0000000 0.0000000 0.0000000 0.3095213 0.1018668 0.0350439 0.0000000 0.0000000 0.0146692
  3 S   3 0.0204239 0.0215724 0.0056967 0.1078806 0.0244698 0.0156037 0.0764394 0.0135996 0.0069059 0.0059269 0.0000000 0.0134478 0.0000000 0.0029831 0.0000000 0.3521122 0.3237068 0.0000000 0.0000000 0.0092312
  4 E   4 0.0071904 0.0074654 0.0309757 0.0640230 0.0000000 0.3601336 0.1488993 0.0037831 0.0000000 0.0000000 0.0959006 0.1390346 0.0037107 0.0000000 0.1009164 0.0159667 0.0133467 0.0000000 0.0000000 0.0086538
  5 L   5 0.0097549 0.0000000 0.0000000 0.0000000 0.0000000 0.0049027 0.0097448 0.0000000 0.0000000 0.0127398 0.5769549 0.0035927 0.0672182 0.0092311 0.0000000 0.0280248 0.2668102 0.0000000 0.0054848 0.0055410
  6 E   6 0.0109865 0.0030967 0.0000000 0.0610760 0.0000000 0.0618514 0.7145535 0.0000000 0.0000000 0.0000000 0.0952180 0.0140236 0.0000000 0.0000000 0.0095925 0.0015565 0.0280454 0.0000000 0.0000000 0.0000000
  7 T   7 0.0040802 0.0721347 0.0577026 0.0610179 0.0041781 0.0768616 0.5192156 0.0093591 0.0072177 0.0029243 0.0000000 0.0772019 0.0055491 0.0074686 0.0050742 0.0562597 0.0259515 0.0032017 0.0017946 0.0028070
  8 A   8 0.1010899 0.0088948 0.0231106 0.0188320 0.0337993 0.2602353 0.4236434 0.0096723 0.0123129 0.0000000 0.0015272 0.0042598 0.0060215 0.0000000 0.0017873 0.0917211 0.0016224 0.0000000 0.0014702 0.0000000
  9 M   9 0.0095008 0.0030933 0.0019486 0.0080590 0.0014435 0.0011325 0.0197893 0.0000000 0.0000000 0.5196205 0.1312788 0.0195528 0.1349308 0.0000000 0.0046404 0.0000000 0.0128014 0.0000000 0.0031795 0.1290288
 10 E  10 0.2496058 0.0261721 0.0390098 0.0865870 0.0026453 0.0677767 0.2177546 0.0236237 0.0105679 0.0156949 0.0294303 0.1147685 0.0090203 0.0035742 0.0000000 0.0553718 0.0171987 0.0000000 0.0000000 0.0311984
 11 T  11 0.0405051 0.0353958 0.0265432 0.0402120 0.0032866 0.0336382 0.3836889 0.1916091 0.0155342 0.0056797 0.0095326 0.0333311 0.0159672 0.0040077 0.0015852 0.0447042 0.0766246 0.0000000 0.0000000 0.0381544
 12 L  12 0.0078173 0.0000000 0.0000000 0.0000000 0.0000000 0.0022824 0.0000000 0.0000000 0.0000000 0.1677384 0.4896851 0.0000000 0.0484226 0.1676838 0.0000000 0.0000000 0.0035428 0.0000000 0.0477793 0.0650484
 13 I  13 0.0182643 0.1920499 0.0072800 0.0000000 0.0014038 0.0411986 0.0249691 0.0293229 0.0102562 0.1594215 0.0191817 0.3622623 0.0123931 0.0107680 0.0000000 0.0094428 0.0338535 0.0073829 0.0179833 0.0425659
 14 N  14 0.0782451 0.0795779 0.0419945 0.0924063 0.0060193 0.0808465 0.3775719 0.0195785 0.0012091 0.0023779 0.0081169 0.1060181 0.0066053 0.0053515 0.0000000 0.0235233 0.0397892 0.0036333 0.0000000 0.0271351
 15 V  15 0.2945148 0.0301370 0.0000000 0.0000000 0.0026939 0.0026127 0.0068800 0.0112173 0.0110267 0.0853663 0.0776216 0.0000000 0.1464497 0.0029883 0.0000000 0.0172009 0.0736507 0.0062538 0.0000000 0.2313865
 16 F  16 0.0000000 0.0000000 0.0000000 0.0000000 0.0000000 0.0000000 0.0000000 0.0000000 0.0000000 0.0000000 0.0037588 0.0044678 0.0000000 0.9731796 0.0000000 0.0000000 0.0000000 0.0000000 0.0185937 0.0000000
 17 H  17 0.0624562 0.0800265 0.0332407 0.0666110 0.0057546 0.1519785 0.0447124 0.0147462 0.1368906 0.0029001 0.0109836 0.1999572 0.0206726 0.0030784 0.0013085 0.1147464 0.0213683 0.0000000 0.0234562 0.0051118
 18 A  18 0.0038526 0.1165439 0.0674940 0.0041792 0.0093305 0.0808306 0.0499877 0.0070152 0.0139338 0.0215659 0.2146208 0.2121716 0.1170090 0.0015523 0.0000000 0.0193679 0.0234517 0.0036366 0.0028823 0.0305744
 19 H  19 0.0054373 0.0000000 0.0000000 0.0143402 0.0019970 0.0000000 0.0000000 0.0000000 0.0234853 0.0961195 0.0192998 0.0000000 0.0120751 0.5402216 0.0000000 0.0146289 0.0000000 0.0000000 0.2688206 0.0035746
 20 S  20 0.2993100 0.0024717 0.0031814 0.1265826 0.0174672 0.0000000 0.0000000 0.0092132 0.0000000 0.0377545 0.0759239 0.0038794 0.0276105 0.0333676 0.0000000 0.3027643 0.0450816 0.0000000 0.0000000 0.0153920
 21 G  21 0.0201332 0.0377811 0.0024047 0.4388004 0.0045566 0.0033087 0.0093913 0.1091086 0.0000000 0.0175719 0.0998504 0.0461428 0.1168689 0.0000000 0.0000000 0.0396962 0.0235296 0.0033441 0.0000000 0.0275115
 22 K  22 0.0520450 0.0894546 0.0168662 0.3225103 0.0000000 0.0228445 0.0248598 0.0198816 0.0055794 0.0133737 0.0086360 0.3333922 0.0127282 0.0000000 0.0096804 0.0171927 0.0334270 0.0000000 0.0021248 0.0154036
 23 E  23 0.0116630 0.0074991 0.1747355 0.3429642 0.0060766 0.0065094 0.1191245 0.0101384 0.0070076 0.0125513 0.0178776 0.0997032 0.0011681 0.0000000 0.0000000 0.0113813 0.1364547 0.0000000 0.0028486 0.0322970
 24 G  24 0.0111082 0.0160225 0.0552124 0.2274809 0.0113527 0.0023358 0.0079099 0.6116957 0.0000000 0.0046792 0.0000000 0.0242701 0.0000000 0.0000000 0.0000000 0.0142484 0.0045219 0.0000000 0.0000000 0.0091625
 25 D  25 0.0070580 0.0200271 0.2828910 0.4514248 0.0066117 0.0040391 0.0452393 0.0259079 0.0367236 0.0000000 0.0046946 0.0489484 0.0000000 0.0000000 0.0109506 0.0441067 0.0038010 0.0000000 0.0038138 0.0037624
 26 K  26 0.0125287 0.0405058 0.0644183 0.1217139 0.0636278 0.0000000 0.0033389 0.1440814 0.0010853 0.0114250 0.0052543 0.1122009 0.0013031 0.0079634 0.0169745 0.3252009 0.0593150 0.0000000 0.0090628 0.0000000
 27 Y  27 0.0259333 0.0032384 0.0156224 0.0541570 0.0431877 0.0050288 0.0202341 0.6841506 0.0132817 0.0000000 0.0124841 0.0035840 0.0023434 0.0447701 0.0016147 0.0180220 0.0240913 0.0000000 0.0258090 0.0024474
 28 K  28 0.0408854 0.0568792 0.0113661 0.0103730 0.0074647 0.0706412 0.0016452 0.0031269 0.0156212 0.0179107 0.0264614 0.1364026 0.0220219 0.0160421 0.0000000 0.1111684 0.3574234 0.0000000 0.0535259 0.0410408
 29 L  29 0.0032042 0.0000000 0.0000000 0.0000000 0.0000000 0.0000000 0.0000000 0.0000000 0.0000000 0.5904719 0.3508051 0.0000000 0.0164099 0.0033285 0.0000000 0.0000000 0.0000000 0.0000000 0.0000000 0.0357804
 30 S  30 0.0015999 0.0000000 0.0826893 0.0593289 0.0304604 0.0031292 0.0117377 0.0189561 0.0031279 0.0012329 0.0000000 0.0081811 0.0000000 0.0000000 0.0000000 0.2985449 0.4784261 0.0000000 0.0013194 0.0012663
 31 K  31 0.0584996 0.1007496 0.0042178 0.0000000 0.0151716 0.0287862 0.0051292 0.0055170 0.0034226 0.0574314 0.0879649 0.2568747 0.0169513 0.0744578 0.0154924 0.0231385 0.1056558 0.0000000 0.0720531 0.0684865
 32 K  32 0.0659310 0.0598398 0.0123056 0.1461056 0.0023598 0.0579982 0.2818646 0.0576687 0.0037079 0.0000000 0.0181554 0.1942538 0.0011723 0.0047109 0.0069104 0.0466779 0.0311975 0.0017186 0.0000000 0.0074218
 33 E  33 0.0062964 0.0029014 0.0011958 0.0435465 0.0000000 0.0054126 0.9124222 0.0000000 0.0000000 0.0039553 0.0000000 0.0086541 0.0000000 0.0000000 0.0000000 0.0075456 0.0000000 0.0000000 0.0000000 0.0080702
 34 L  34 0.0057177 0.0000000 0.0000000 0.0000000 0.0000000 0.0000000 0.0000000 0.0000000 0.0000000 0.0240937 0.7933915 0.0000000 0.0231981 0.1317423 0.0000000 0.0019224 0.0000000 0.0000000 0.0047758 0.0151586
 35 K  35 0.0649075 0.1121105 0.0134833 0.0021593 0.0000000 0.0356420 0.0299579 0.2348702 0.0015487 0.0281970 0.0417025 0.3772359 0.0213987 0.0000000 0.0000000 0.0151186 0.0147693 0.0000000 0.0000000 0.0068986
 36 E  36 0.1203299 0.0305442 0.0409274 0.0837126 0.0017132 0.0970704 0.2049130 0.0118837 0.0126363 0.0211651 0.0147821 0.0353007 0.0057298 0.0010359 0.0019333 0.0818294 0.1695979 0.0000000 0.0044444 0.0604506
 37 L  37 0.0615226 0.0000000 0.0000000 0.0000000 0.0347712 0.0000000 0.0000000 0.2630318 0.0000000 0.0414906 0.2690900 0.0000000 0.0108697 0.0369366 0.0000000 0.0300029 0.0040567 0.0000000 0.0000000 0.2482280
 38 L  38 0.0030377 0.0000000 0.0000000 0.0000000 0.0013260 0.0000000 0.0077006 0.0000000 0.0000000 0.0527151 0.5029215 0.0000000 0.3340652 0.0170591 0.0022952 0.0032788 0.0021034 0.0000000 0.0337423 0.0397551
 39 Q  39 0.0505098 0.3538178 0.0441430 0.0077813 0.0015121 0.0786367 0.1141255 0.0178162 0.0287651 0.0118296 0.0452833 0.1424437 0.0054620 0.0026593 0.0088895 0.0128964 0.0666520 0.0000000 0.0023641 0.0044127
 40 T  40 0.1012699 0.1132749 0.0757827 0.0063024 0.0025585 0.0252987 0.0298144 0.0276856 0.0078509 0.0000000 0.0000000 0.2380866 0.0032154 0.0000000 0.0028422 0.2645337 0.0937544 0.0000000 0.0000000 0.0077297
 41 E  41 0.0097261 0.0042829 0.0000000 0.0048188 0.0000000 0.0428375 0.2361401 0.0000000 0.0047802 0.0270537 0.4478617 0.0116057 0.0765019 0.0281811 0.0000000 0.0149783 0.0122075 0.0000000 0.0291037 0.0499208
 42 L  42 0.0058946 0.0045332 0.0000000 0.0096699 0.0030894 0.0000000 0.0040849 0.6007342 0.0000000 0.0128070 0.2265867 0.0096948 0.0143386 0.0964558 0.0038600 0.0050544 0.0000000 0.0000000 0.0000000 0.0031965
 43 S  43 0.1263402 0.0299183 0.0257108 0.0064397 0.0074682 0.1698304 0.0085352 0.0859492 0.0224643 0.0231864 0.0248710 0.0168669 0.0428454 0.0141752 0.1227896 0.1854082 0.0578894 0.0000000 0.0138115 0.0155000
 44 G  44 0.0485702 0.0501671 0.2695671 0.0983115 0.0013058 0.0446656 0.0822747 0.0509956 0.0071623 0.0090529 0.0198218 0.0791612 0.0195337 0.0052850 0.0521348 0.0870784 0.0522960 0.0040424 0.0066242 0.0119496
 45 F  45 0.0114313 0.0000000 0.0000000 0.0416609 0.0000000 0.0129836 0.0034057 0.0055175 0.0042262 0.1645207 0.3002001 0.0246884 0.0428396 0.2099527 0.0580583 0.0141423 0.0139417 0.0151834 0.0207157 0.0565317
 46 L  46 0.0329193 0.0259657 0.0309941 0.0018804 0.0042624 0.0139758 0.0045876 0.0457936 0.0054585 0.0671629 0.3199157 0.0984772 0.0242620 0.0283814 0.1010255 0.0751441 0.0858425 0.0000000 0.0000000 0.0339511
 47 D  47 0.0097472 0.0482735 0.0285770 0.1634903 0.0141608 0.0369131 0.0690366 0.1773760 0.0032860 0.0154299 0.0330166 0.1957675 0.0125275 0.0040519 0.0712604 0.0550905 0.0322796 0.0057144 0.0000000 0.0240012
 48 A  48 0.0233098 0.0661555 0.1421431 0.0188274 0.0155222 0.1383923 0.0767277 0.0171188 0.0712925 0.0598003 0.0706255 0.1091362 0.0242634 0.0076487 0.0105014 0.0456308 0.0428295 0.0079948 0.0477689 0.0043112
 49 Q  49 0.0347330 0.0875710 0.0747031 0.0168080 0.0111591 0.1297035 0.0798322 0.0356729 0.0177453 0.0279706 0.0263001 0.0880036 0.0351367 0.0349222 0.1664714 0.0480811 0.0442459 0.0050854 0.0054774 0.0303774
 50 K  50 0.0804279 0.0175675 0.0574859 0.0422065 0.0016059 0.0330421 0.0306621 0.0122488 0.0170235 0.0321568 0.0847623 0.1358624 0.0286851 0.0122388 0.2920180 0.0356139 0.0299496 0.0000000 0.0130145 0.0434283
 51 D  51 0.0630915 0.0430054 0.0420000 0.2177263 0.0022357 0.0268374 0.0189686 0.0222922 0.0040224 0.0161830 0.0145278 0.0027334 0.0031132 0.0112257 0.0376724 0.1548430 0.3047047 0.0000000 0.0000000 0.0148172
 52 V  52 0.0495796 0.0164650 0.0421256 0.0719029 0.0020489 0.0357205 0.4232783 0.0221073 0.0048826 0.0156135 0.0062925 0.0603661 0.0056138 0.0000000 0.1898491 0.0244290 0.0057224 0.0024352 0.0000000 0.0215676
 53 D  53 0.2143081 0.0160680 0.0228840 0.1174826 0.0132615 0.0473748 0.1775187 0.0336113 0.0174167 0.0018576 0.0217075 0.0417540 0.0322066 0.0014159 0.0817367 0.1156056 0.0339434 0.0000000 0.0026028 0.0072442
 54 A  54 0.0450343 0.0015484 0.0068553 0.0875324 0.0000000 0.0410862 0.5608779 0.0166842 0.0000000 0.0094261 0.0580542 0.0057834 0.0057276 0.0177647 0.0000000 0.0159861 0.0812087 0.0000000 0.0119277 0.0345027
 55 V  55 0.0589234 0.0010704 0.0000000 0.0000000 0.0012671 0.0014623 0.0032664 0.0018952 0.0000000 0.1949886 0.3767109 0.0000000 0.0167981 0.0116619 0.0000000 0.0013686 0.0105717 0.0000000 0.0113735 0.3086419
 56 D  56 0.0465683 0.0971952 0.0298870 0.2006308 0.0026173 0.1902460 0.1260193 0.0121510 0.0263025 0.0274037 0.0457236 0.1067358 0.0057353 0.0034410 0.0133004 0.0235007 0.0201204 0.0000000 0.0139579 0.0084639
 57 K  57 0.0685188 0.1098059 0.0328938 0.1787070 0.0081500 0.1188759 0.1320819 0.0213533 0.0253116 0.0307303 0.0284770 0.1223282 0.0383176 0.0010408 0.0000000 0.0229327 0.0387743 0.0013111 0.0024955 0.0178942
 58 V  58 0.0099380 0.0000000 0.0031277 0.0000000 0.0000000 0.0114021 0.0000000 0.0018790 0.0192277 0.2345195 0.2906005 0.0043686 0.2900357 0.0161388 0.0000000 0.0038202 0.0208621 0.0062597 0.0000000 0.0878206
 59 M  59 0.0045688 0.0029369 0.0000000 0.0000000 0.0000000 0.0000000 0.0000000 0.0011309 0.0000000 0.2888678 0.1265513 0.0010902 0.3734436 0.0876643 0.0202333 0.0194063 0.0000000 0.0007339 0.0077889 0.0655839
 60 K  60 0.0688855 0.0581944 0.1521167 0.1170592 0.0039635 0.1102406 0.1934540 0.0156143 0.0133716 0.0024213 0.0040537 0.1302051 0.0068794 0.0016748 0.0000000 0.0743159 0.0131195 0.0225583 0.0054021 0.0064699
 61 E  61 0.2075138 0.0208204 0.0219734 0.1026788 0.0000000 0.0379064 0.2793007 0.0063794 0.0165312 0.0446748 0.0591168 0.0564937 0.0321769 0.0133672 0.0034125 0.0429572 0.0314471 0.0000000 0.0000000 0.0232497
 62 L  62 0.2061272 0.0000000 0.0000000 0.0045091 0.0000000 0.0212931 0.0072549 0.0139298 0.0000000 0.1259887 0.2081062 0.0000000 0.0290658 0.0821314 0.0000000 0.0182590 0.0150694 0.0000000 0.0120751 0.2561901
 63 D  63 0.0013719 0.0000000 0.0192103 0.9246408 0.0078093 0.0089949 0.0087458 0.0034466 0.0018635 0.0000000 0.0000000 0.0091648 0.0000000 0.0084612 0.0000000 0.0000000 0.0017413 0.0000000 0.0016065 0.0029432
 64 E  64 0.1605805 0.0348714 0.0111868 0.0156244 0.0054562 0.0436543 0.0609004 0.0071234 0.0029638 0.0695361 0.0558996 0.0644346 0.0282012 0.0249577 0.0171951 0.0630106 0.1560635 0.0028076 0.0059764 0.1695566
 65 N  65 0.0053890 0.0105834 0.2590350 0.6149227 0.0046241 0.0000000 0.0250962 0.0030836 0.0061920 0.0089933 0.0000000 0.0376829 0.0027348 0.0000000 0.0078079 0.0070118 0.0036825 0.0000000 0.0000000 0.0031609
 66 G  66 0.0154285 0.0741067 0.0931614 0.0097696 0.0085644 0.0278387 0.0061486 0.4922205 0.0357193 0.0055448 0.0100418 0.1244100 0.0108756 0.0080475 0.0073419 0.0617395 0.0068962 0.0011481 0.0000000 0.0009968
 67 D  67 0.0145093 0.0033483 0.3320060 0.3896018 0.0000000 0.0000000 0.0084375 0.0519649 0.0023783 0.0000000 0.0000000 0.0198955 0.0000000 0.0019871 0.0000000 0.1538374 0.0220338 0.0000000 0.0000000 0.0000000
 68 G  68 0.0079162 0.0147447 0.0291014 0.0274011 0.0057451 0.0102576 0.0084211 0.8232664 0.0069873 0.0045083 0.0077874 0.0204189 0.0000000 0.0030756 0.0058562 0.0187906 0.0000000 0.0000000 0.0000000 0.0057220
 69 E  69 0.0264962 0.0408184 0.0389241 0.0118444 0.0390388 0.0877950 0.1052299 0.0061902 0.0351984 0.0142964 0.0247392 0.0965041 0.0043106 0.0408176 0.0067551 0.0570984 0.2842496 0.0000000 0.0390286 0.0406649
 70 V  70 0.0000000 0.0000000 0.0000000 0.0000000 0.0049203 0.0000000 0.0000000 0.0000000 0.0000000 0.5148489 0.1432244 0.0000000 0.0099718 0.0139324 0.0073836 0.0000000 0.0024117 0.0000000 0.0000000 0.3033069
 71 D  71 0.0018534 0.0029402 0.0920454 0.6919801 0.0000000 0.0000000 0.0852721 0.0081054 0.0018616 0.0055548 0.0000000 0.0000000 0.0000000 0.0000000 0.0057285 0.0839596 0.0099978 0.0000000 0.0028997 0.0078014
 72 F  72 0.0013489 0.0000000 0.0089675 0.0000000 0.0196195 0.0042172 0.0044335 0.0000000 0.0000000 0.0173354 0.0528209 0.0000000 0.0126756 0.5924475 0.0014728 0.0152891 0.0015104 0.0045164 0.2507865 0.0125586
 73 Q  73 0.0352043 0.0425280 0.0450791 0.0987731 0.0000000 0.1194179 0.1879388 0.1069666 0.0335770 0.0227084 0.0120639 0.0430903 0.0000000 0.0021144 0.0778528 0.0752596 0.0774786 0.0000000 0.0058384 0.0141088
 74 E  74 0.0069705 0.0000000 0.0000000 0.0462348 0.0000000 0.0000000 0.9050456 0.0133687 0.0000000 0.0000000 0.0000000 0.0091730 0.0000000 0.0000000 0.0000000 0.0098502 0.0000000 0.0000000 0.0000000 0.0093572
 75 Y  75 0.0000000 0.0000000 0.0000000 0.0000000 0.0026920 0.0000000 0.0000000 0.0000000 0.0000000 0.0107057 0.0134377 0.0000000 0.0000000 0.8602804 0.0078201 0.0018762 0.0058808 0.0045508 0.0789831 0.0137730
 76 V  76 0.0422073 0.0021460 0.0006410 0.0000000 0.0445959 0.0000000 0.0053860 0.0146266 0.0000000 0.1802850 0.3292745 0.0127242 0.0293236 0.0110162 0.0015737 0.0168021 0.0064871 0.0052290 0.0015902 0.2960917
 77 V  77 0.2385097 0.0531431 0.0587436 0.0257436 0.0174866 0.0245272 0.0642932 0.0184580 0.0134942 0.0224891 0.0593861 0.0254240 0.0267201 0.0007477 0.0021285 0.1043931 0.1596884 0.0000000 0.0065287 0.0780953
 78 L  78 0.2402061 0.0055159 0.0056884 0.0000000 0.0000000 0.0022564 0.0023926 0.0406031 0.0025140 0.0431932 0.3262097 0.0019901 0.1717270 0.0515133 0.0000000 0.0146241 0.0135064 0.0000000 0.0000000 0.0780599
 79 V  79 0.0070754 0.0119075 0.0109825 0.0000000 0.0035615 0.0016399 0.0000000 0.0000000 0.0159357 0.0750982 0.1230748 0.0094242 0.3018175 0.0219005 0.0042730 0.0408602 0.1873362 0.0000000 0.0370223 0.1480906
 80 A  80 0.2578114 0.0307917 0.0082067 0.0043921 0.0108913 0.0104948 0.0133615 0.1025698 0.0000000 0.0509016 0.0894943 0.0438803 0.0370379 0.0669141 0.0000000 0.1483082 0.0391897 0.0000000 0.0030035 0.0827510
 81 A  81 0.0747783 0.1496966 0.0304896 0.0233051 0.0249080 0.0717822 0.0291877 0.0702948 0.1654936 0.0064881 0.0134044 0.1385409 0.0039151 0.0000000 0.0662286 0.0900664 0.0236514 0.0012523 0.0000000 0.0165169
 82 L  82 0.0205192 0.0207305 0.0079630 0.0065654 0.0087633 0.0339827 0.0088378 0.0217442 0.0097009 0.0830200 0.3489991 0.1600428 0.0836532 0.0705306 0.0089939 0.0277882 0.0087419 0.0015273 0.0042502 0.0636458
 83 T  83 0.1180875 0.0568424 0.1223927 0.0078928 0.0266556 0.0372927 0.0059387 0.0256437 0.0236249 0.0337682 0.0653847 0.0527908 0.1587247 0.0167580 0.0112056 0.0676918 0.1027735 0.0025613 0.0158530 0.0481176
 84 V  84 0.0484866 0.0794479 0.0232789 0.0390211 0.0051081 0.1010417 0.0099991 0.0321874 0.0050570 0.0488232 0.0686223 0.3020353 0.0545287 0.0090441 0.0168585 0.0487119 0.0163553 0.0031502 0.0013217 0.0869209
 85 A  85 0.2716010 0.0231467 0.0207161 0.1005619 0.0090296 0.0246155 0.0787426 0.0456919 0.0102497 0.0510242 0.0660955 0.0353730 0.1121244 0.0104429 0.0090702 0.0356219 0.0324006 0.0022466 0.0207027 0.0405430
 86 C  86 0.0636134 0.0333170 0.0235535 0.0597427 0.2269793 0.0256442 0.1123186 0.0979634 0.0205606 0.0128322 0.0314797 0.0412908 0.0241574 0.0061173 0.0315176 0.0486991 0.0993133 0.0074486 0.0245300 0.0089210
 87 N  87 0.0154561 0.1042923 0.2184483 0.2007863 0.0045792 0.0255432 0.0642839 0.0540212 0.1397808 0.0126868 0.0112971 0.0292537 0.0023571 0.0195102 0.0038833 0.0332046 0.0390975 0.0000000 0.0215184 0.0000000
 88 N  88 0.0650721 0.0229185 0.0662984 0.2240843 0.0024544 0.0270566 0.2007692 0.0499568 0.0257665 0.0093334 0.0334780 0.1647345 0.0115535 0.0079409 0.0131301 0.0431167 0.0139487 0.0088217 0.0053155 0.0042502
 89 F  89 0.0845642 0.0303107 0.0170446 0.0768380 0.0220853 0.0200690 0.0612403 0.0481703 0.0204923 0.0428085 0.0710424 0.1276087 0.0072713 0.1072751 0.0317519 0.1078532 0.0251819 0.0056181 0.0661363 0.0266379
 90 F  90 0.0666283 0.0261540 0.0172550 0.0220346 0.0174295 0.0192503 0.0507900 0.0334963 0.0197494 0.0678065 0.0905764 0.0719893 0.0840530 0.1899372 0.0267346 0.0557828 0.0608562 0.0020965 0.0301792 0.0472010
 91 W  91 0.0375743 0.0449427 0.0290644 0.0742875 0.0600883 0.0617113 0.0554520 0.0464495 0.1041144 0.0661633 0.0333256 0.1187890 0.1292732 0.0031520 0.0148586 0.0253596 0.0402437 0.0068100 0.0247003 0.0236405
 92 E  92 0.0460329 0.0506320 0.0534148 0.0833071 0.0025634 0.0552251 0.1011837 0.1085353 0.0436864 0.0226504 0.0403578 0.1383890 0.0310040 0.0014156 0.0517201 0.0471057 0.0210173 0.0197247 0.0000000 0.0820347
 93 N  93 0.0450458 0.0704655 0.0437580 0.0567919 0.0504102 0.0668311 0.0606701 0.0753667 0.0303480 0.0411906 0.0301840 0.0895888 0.0930835 0.0062355 0.0257815 0.0655970 0.0694866 0.0023087 0.0296137 0.0472428
 94 S  94 0.1091987 0.0649119 0.0671472 0.0595237 0.0067836 0.0599120 0.0410171 0.0501507 0.0386220 0.0061158 0.0470213 0.0980445 0.1104950 0.0062981 0.0627846 0.0864317 0.0351197 0.0038980 0.0192406 0.0272838
 95 G  95 0.0526650 0.0789519 0.0395363 0.0702340 0.0297042 0.0408929 0.0851555 0.0376020 0.0435024 0.0242687 0.0267130 0.0616406 0.1658733 0.0077250 0.0997989 0.0494413 0.0379434 0.0000000 0.0204904 0.0278614
 96 S  96 0.0481945 0.0368712 0.0309973 0.0503665 0.0107536 0.0894880 0.0546513 0.0780629 0.0507804 0.0239086 0.0482355 0.0293690 0.0335158 0.0123773 0.0605257 0.1418900 0.1302468 0.0091899 0.0369895 0.0235862
 97 E  97 0.0249111 0.0304018 0.0321967 0.1246791 0.0000000 0.1580520 0.1164710 0.0451537 0.0151712 0.0341965 0.1315566 0.0619963 0.0316604 0.0131712 0.0636366 0.0420201 0.0267678 0.0035541 0.0137945 0.0306092
 98 L  98 0.0343276 0.0207747 0.0034210 0.0231866 0.0000000 0.0337025 0.0450663 0.0237680 0.0065411 0.0185012 0.2876582 0.0822398 0.0409997 0.0131131 0.0161806 0.1720355 0.1528740 0.0000000 0.0021019 0.0235082
 99 E  99 0.0058395 0.0130504 0.0126789 0.0554593 0.0000000 0.0365388 0.6782828 0.0058160 0.0063679 0.0063663 0.0847879 0.0434568 0.0018159 0.0040715 0.0115769 0.0079696 0.0087688 0.0000000 0.0015538 0.0155988
100 T 100 0.0350157 0.1196760 0.0245133 0.1194154 0.0044369 0.1063513 0.3620768 0.0149000 0.0186223 0.0024353 0.0150524 0.0869694 0.0051878 0.0000000 0.0000000 0.0538002 0.0229560 0.0022546 0.0020051 0.0043314
101 A 101 0.1090052 0.0497711 0.0439795 0.0769771 0.0361752 0.0788682 0.3164038 0.0218208 0.0786913 0.0000000 0.0054052 0.0842393 0.0058455 0.0000000 0.0032446 0.0783203 0.0006570 0.0000000 0.0045758 0.0060201
102 M 102 0.0081401 0.0041208 0.0057661 0.0073610 0.0050969 0.0265792 0.0182834 0.0043746 0.0024583 0.2874658 0.3843020 0.0036481 0.1319191 0.0089908 0.0012609 0.0057950 0.0062349 0.0000000 0.0000000 0.0882029
103 E 103 0.0918325 0.2017013 0.0336780 0.0743480 0.0000000 0.0322693 0.2522676 0.0075971 0.0280654 0.0118539 0.0375694 0.1026684 0.0050983 0.0094852 0.0023829 0.0284004 0.0097915 0.0072476 0.0312498 0.0324935
104 T 104 0.0768781 0.0185815 0.0407169 0.0719075 0.0071422 0.0324830 0.2855046 0.0590150 0.0690742 0.0122853 0.0197428 0.0772832 0.0109847 0.0350001 0.0022791 0.0623844 0.0810894 0.0073613 0.0061941 0.0240926
105 L 105 0.4474308 0.0012787 0.0000000 0.0000000 0.0094114 0.0000000 0.0047652 0.0017401 0.0000000 0.1092473 0.2376685 0.0000000 0.0322438 0.0580599 0.0000000 0.0021615 0.0097081 0.0033519 0.0226825 0.0602502
106 I 106 0.0132557 0.0892761 0.0013738 0.0000000 0.0000000 0.0255012 0.0030086 0.0064184 0.0132908 0.1504423 0.0268053 0.0701640 0.0199569 0.4936669 0.0075435 0.0020763 0.0039796 0.0022349 0.0200351 0.0509706
107 N 107 0.1011718 0.2108884 0.0673788 0.1094661 0.0093185 0.0665968 0.1231584 0.0066925 0.0013475 0.0000000 0.0212646 0.1743812 0.0053539 0.0191077 0.0000000 0.0499641 0.0245154 0.0000000 0.0000000 0.0093943
108 V 108 0.2633407 0.0027369 0.0000000 0.0041009 0.0130185 0.0081133 0.0094962 0.0033644 0.0125557 0.1013922 0.0438161 0.0034709 0.0556220 0.0196145 0.0000000 0.0080027 0.0629559 0.0000000 0.0361170 0.3522821
109 F 109 0.0016328 0.0000000 0.0000000 0.0066401 0.0000000 0.0000000 0.0000000 0.0000000 0.0000000 0.0080268 0.0030921 0.0079069 0.0000000 0.9193616 0.0000000 0.0000000 0.0000000 0.0000000 0.0533397 0.0000000
110 H 110 0.0113845 0.0691152 0.0062439 0.5164975 0.0013611 0.1354968 0.0078367 0.0092533 0.1326184 0.0000000 0.0008588 0.0411620 0.0054720 0.0093989 0.0030022 0.0282099 0.0000000 0.0000000 0.0220887 0.0000000
111 A 111 0.0359279 0.0828248 0.0193059 0.0038107 0.0075377 0.1292949 0.0376440 0.0000000 0.0220285 0.0244273 0.1346005 0.2890758 0.0761113 0.0014429 0.0000000 0.0452040 0.0374529 0.0030145 0.0000000 0.0502964
112 H 112 0.0049737 0.0000000 0.0496539 0.0429091 0.0017032 0.0000000 0.0110398 0.0000000 0.0469854 0.0115243 0.0177346 0.0000000 0.0185647 0.2786752 0.0029697 0.0022274 0.0000000 0.0015437 0.5094953 0.0000000
113 S 113 0.2418859 0.0112171 0.0089672 0.1485171 0.0094788 0.0152794 0.0159794 0.0177649 0.0032292 0.0072467 0.0398507 0.0045846 0.0185405 0.1870639 0.0310669 0.2066174 0.0173641 0.0000000 0.0000000 0.0153462
114 G 114 0.0158839 0.0538601 0.0088520 0.5425209 0.0054839 0.0162310 0.0187697 0.1587617 0.0000000 0.0043832 0.0299356 0.0513228 0.0000000 0.0000000 0.0000000 0.0173184 0.0420934 0.0000000 0.0000000 0.0345832
115 K 115 0.0111611 0.1650273 0.0283650 0.0222314 0.0000000 0.0553668 0.0253502 0.0221980 0.0041941 0.0109309 0.0199534 0.5193628 0.0131917 0.0036000 0.0000000 0.0241149 0.0509013 0.0000000 0.0021854 0.0218655
116 E 116 0.0043971 0.0156199 0.1084547 0.6157090 0.0083628 0.0117092 0.1287714 0.0106761 0.0110896 0.0000000 0.0084568 0.0304528 0.0018641 0.0000000 0.0000000 0.0078036 0.0228628 0.0000000 0.0030500 0.0107202
117 G 117 0.0037544 0.0066994 0.0339963 0.1801893 0.0044514 0.0042309 0.0133154 0.7045459 0.0021255 0.0000000 0.0057375 0.0254203 0.0000000 0.0000000 0.0041044 0.0094875 0.0019419 0.0000000 0.0000000 0.0000000
118 D 118 0.0044606 0.0367240 0.3150258 0.3069285 0.0071861 0.0366248 0.0331759 0.0122733 0.0416153 0.0000000 0.0033029 0.0213885 0.0000000 0.0000000 0.0053651 0.1626479 0.0023250 0.0000000 0.0031267 0.0078295
119 K 119 0.0057358 0.0285615 0.0647631 0.0283290 0.0396624 0.0223933 0.0063025 0.4755539 0.0000000 0.0000000 0.0020800 0.0886667 0.0009378 0.0066757 0.0135117 0.1574388 0.0486286 0.0000000 0.0107592 0.0000000
120 Y 120 0.0157459 0.0095050 0.0209771 0.0992574 0.0400456 0.0066420 0.0165079 0.4510717 0.0713417 0.0000000 0.0115489 0.0062419 0.0014320 0.1648168 0.0024509 0.0172285 0.0216880 0.0010627 0.0413956 0.0010405
121 K 121 0.0150226 0.0590511 0.0008668 0.0020908 0.0065752 0.0437559 0.0031358 0.0060419 0.0123758 0.0078308 0.0467565 0.1504640 0.0151461 0.0698342 0.0033884 0.0652517 0.1804573 0.0000000 0.2821788 0.0297765
122 L 122 0.0000000 0.0000000 0.0000000 0.0000000 0.0000000 0.0115232 0.0000000 0.0030844 0.0000000 0.7370949 0.2120446 0.0000000 0.0142970 0.0048276 0.0000000 0.0000000 0.0000000 0.0000000 0.0000000 0.0171283
123 S 123 0.0000000 0.0065428 0.0448511 0.0573922 0.0249774 0.0030707 0.0553267 0.0046937 0.0026526 0.0013163 0.0000000 0.0044354 0.0000000 0.0000000 0.0053393 0.4268895 0.3600763 0.0000000 0.0013041 0.0011319
124 K 124 0.1853321 0.1224846 0.0348262 0.0015979 0.0020156 0.0338193 0.0046353 0.0023876 0.0122346 0.0499533 0.0355469 0.2011324 0.0169011 0.0352108 0.0339059 0.0343376 0.0610935 0.0032646 0.0238246 0.1054961
125 K 125 0.1440945 0.0249354 0.0383029 0.1982450 0.0011461 0.0415550 0.2051573 0.0912689 0.0033076 0.0019179 0.0048312 0.1239279 0.0004765 0.0010053 0.0035329 0.0643791 0.0336543 0.0013813 0.0007492 0.0161320
126 E 126 0.0020656 0.0031498 0.0094316 0.0293790 0.0000000 0.0016773 0.9396744 0.0000000 0.0000000 0.0000000 0.0000000 0.0113587 0.0000000 0.0000000 0.0000000 0.0000000 0.0032637 0.0000000 0.0000000 0.0000000
127 L 127 0.0000000 0.0000000 0.0000000 0.0000000 0.0000000 0.0000000 0.0065332 0.0000000 0.0000000 0.0260485 0.8272427 0.0000000 0.0317681 0.0822897 0.0040666 0.0015447 0.0000000 0.0000000 0.0000000 0.0205065
128 K 128 0.0723114 0.2655264 0.0046702 0.0010731 0.0028986 0.0840067 0.0723896 0.0873166 0.0311353 0.0000000 0.0570222 0.2605176 0.0090171 0.0272205 0.0000000 0.0123893 0.0046013 0.0000000 0.0009694 0.0069346
129 E 129 0.0585993 0.0715693 0.0366779 0.0492028 0.0008142 0.1850529 0.1631059 0.0044069 0.1159784 0.0208642 0.0263840 0.0462498 0.0035836 0.0088143 0.0019500 0.0736814 0.0879360 0.0000000 0.0133462 0.0317828
130 L 130 0.2087518 0.0000000 0.0000000 0.0000000 0.0040948 0.0000000 0.0012288 0.0276529 0.0000000 0.0555953 0.2265461 0.0000000 0.0428264 0.0463256 0.0000000 0.0213220 0.0048120 0.0000000 0.0000000 0.3608441
131 L 131 0.0254608 0.0000000 0.0000000 0.0000000 0.0414341 0.0040065 0.0000000 0.0000000 0.0027343 0.0517863 0.4396334 0.0000000 0.3677187 0.0177421 0.0021794 0.0000000 0.0051915 0.0010284 0.0035202 0.0375644
132 Q 132 0.0808687 0.1539918 0.0543591 0.0101466 0.0117908 0.0716191 0.1201666 0.0350782 0.0194916 0.0362915 0.0222127 0.1783206 0.0085409 0.0020876 0.0073232 0.0351403 0.1140161 0.0028701 0.0052043 0.0304803
133 T 133 0.0933002 0.0686272 0.1016719 0.0507001 0.0126185 0.0350220 0.1113487 0.0077237 0.0115177 0.0000000 0.0065445 0.1807027 0.0433436 0.0016482 0.0075078 0.1853724 0.0730595 0.0000000 0.0000000 0.0092913
134 E 134 0.0063441 0.0044698 0.0029804 0.0319824 0.0000000 0.0293968 0.3501382 0.0197286 0.0055267 0.0202270 0.2977616 0.0033280 0.1090238 0.0587711 0.0000000 0.0164559 0.0165697 0.0000000 0.0053658 0.0219299
135 L 135 0.0148943 0.0032286 0.0069064 0.0030646 0.0000000 0.0023163 0.0017360 0.4339341 0.0080544 0.0198004 0.2701968 0.0000000 0.0213253 0.1137416 0.0234947 0.0093639 0.0025531 0.0000000 0.0025470 0.0628428
136 S 136 0.1311390 0.0348576 0.0174655 0.0150003 0.0055222 0.0959473 0.0938413 0.2160768 0.0516570 0.0104911 0.0486939 0.0170337 0.0241071 0.0091104 0.1064386 0.0635149 0.0378089 0.0029855 0.0044063 0.0139026
137 G 137 0.0652841 0.0260334 0.1977339 0.1153832 0.0104541 0.0319391 0.0876180 0.0411937 0.0387195 0.0163618 0.0122614 0.0315329 0.0305241 0.0146303 0.0668299 0.0751758 0.0892052 0.0000000 0.0188150 0.0303047
138 F 138 0.0239511 0.0113629 0.1357118 0.0384706 0.0228419 0.0152002 0.0213520 0.0411782 0.0114253 0.0920144 0.1010939 0.0329708 0.0092446 0.2054243 0.1050794 0.0244820 0.0183748 0.0213232 0.0263548 0.0421438
139 L 139 0.0095081 0.0181538 0.0103357 0.0341916 0.0118714 0.0095540 0.0212426 0.0415591 0.0080350 0.0790307 0.5110690 0.0125546 0.0176131 0.0120953 0.0031365 0.0362988 0.1213784 0.0000000 0.0015397 0.0408324
140 D 140 0.0231169 0.0266147 0.0046511 0.0776825 0.0082076 0.0274966 0.0510747 0.3255496 0.0299461 0.0070746 0.0220465 0.1863273 0.0207120 0.0136112 0.0375623 0.0347041 0.0074918 0.0033487 0.0544029 0.0383787
141 A 141 0.0198659 0.0244548 0.1500621 0.1065810 0.0099338 0.0444656 0.3190692 0.0929394 0.0499860 0.0000000 0.0055948 0.0817673 0.0074685 0.0000000 0.0068105 0.0390231 0.0388512 0.0000000 0.0000000 0.0031267
142 Q 142 0.0396397 0.0577660 0.0453386 0.0433437 0.0018162 0.1367801 0.0668275 0.0593872 0.0171802 0.0382187 0.0363503 0.1829115 0.0611425 0.0000000 0.1212786 0.0227763 0.0403315 0.0045838 0.0000000 0.0243275
143 K 143 0.0200280 0.0341960 0.0428522 0.0243101 0.0355564 0.0686348 0.0071013 0.0695837 0.0373998 0.0576681 0.2436341 0.1498893 0.0423890 0.0239938 0.0039737 0.0360191 0.0407947 0.0000000 0.0029740 0.0590019
144 D 144 0.0146847 0.0218386 0.0582497 0.3427401 0.0011610 0.0000000 0.0304204 0.0113092 0.0016115 0.0027319 0.0453957 0.0069243 0.0046744 0.0000000 0.0282587 0.1606740 0.2644178 0.0000000 0.0000000 0.0049079
145 V 145 0.0479636 0.0068142 0.0149730 0.1910278 0.0017349 0.0836874 0.2965688 0.0196443 0.0042656 0.0195798 0.0354017 0.0317587 0.0024721 0.0000000 0.1684410 0.0180083 0.0064169 0.0000000 0.0022481 0.0489938
146 D 146 0.1837772 0.0299854 0.0251551 0.1440537 0.0115944 0.0957305 0.2717539 0.0519676 0.0067942 0.0059085 0.0109850 0.0421492 0.0047777 0.0000000 0.0046158 0.0706943 0.0167374 0.0000000 0.0000000 0.0233198
147 A 147 0.0604104 0.0099978 0.0079992 0.1007658 0.0026900 0.0120488 0.3772917 0.0146129 0.0083607 0.0598681 0.0361961 0.0203590 0.0089415 0.0100995 0.0000000 0.0292516 0.1299989 0.0012967 0.0168789 0.0929324
148 V 148 0.0313544 0.0000000 0.0000000 0.0000000 0.0767537 0.0000000 0.0000000 0.0000000 0.0000000 0.2468219 0.2474005 0.0000000 0.0104541 0.0118022 0.0000000 0.0000000 0.0020739 0.0442108 0.0100525 0.3190760
149 D 149 0.0162342 0.0748034 0.0509885 0.3907673 0.0000000 0.0836063 0.1554490 0.0053462 0.0110344 0.0021488 0.0078743 0.1437298 0.0067797 0.0013400 0.0000000 0.0153742 0.0230801 0.0000000 0.0035627 0.0078811
150 K 150 0.0409502 0.0705348 0.0223478 0.1736863 0.0063981 0.0685642 0.3194977 0.0203671 0.0154699 0.0107371 0.0142766 0.1535799 0.0103779 0.0000000 0.0000000 0.0276814 0.0264824 0.0008793 0.0018049 0.0163644
151 V 151 0.0069635 0.0000000 0.0059895 0.0000000 0.0000000 0.0000000 0.0000000 0.0019561 0.0041572 0.2819843 0.1270157 0.0000000 0.4393193 0.0184037 0.0000000 0.0000000 0.0463438 0.0000000 0.0000000 0.0678669
152 M 152 0.0000000 0.0000000 0.0000000 0.0000000 0.0000000 0.0000000 0.0000000 0.0016278 0.0011547 0.4860983 0.1507453 0.0012995 0.2309011 0.0886971 0.0000000 0.0000000 0.0026668 0.0000000 0.0000000 0.0368094
153 K 153 0.0457496 0.2199707 0.0761543 0.0433012 0.0059480 0.1064488 0.0814422 0.0233619 0.0276532 0.0103129 0.0174650 0.2034503 0.0179509 0.0053847 0.0000000 0.0834178 0.0236806 0.0000000 0.0064528 0.0018550
154 E 154 0.0581928 0.0077340 0.0285795 0.1778114 0.0030259 0.0222834 0.4815511 0.0186090 0.0181031 0.0060493 0.0414316 0.0518503 0.0067596 0.0083810 0.0000000 0.0347814 0.0184268 0.0000000 0.0022685 0.0141612
155 L 155 0.3136636 0.0000000 0.0000000 0.0000000 0.0104095 0.0035144 0.0000000 0.0111460 0.0000000 0.0352481 0.1985424 0.0000000 0.0255222 0.0180087 0.0000000 0.0033170 0.0046775 0.0000000 0.0061093 0.3698411
156 D 156 0.0000000 0.0000000 0.0041321 0.9871743 0.0000000 0.0000000 0.0057870 0.0000000 0.0000000 0.0000000 0.0000000 0.0000000 0.0000000 0.0000000 0.0000000 0.0000000 0.0000000 0.0000000 0.0029066 0.0000000
157 E 157 0.1253127 0.0589000 0.0096936 0.0074552 0.0014369 0.0828561 0.0412543 0.0134401 0.0046532 0.0513621 0.1071989 0.1288184 0.0145554 0.0079299 0.0000000 0.0483730 0.1850365 0.0031700 0.0000000 0.1085537
158 N 158 0.0000000 0.0017961 0.3404827 0.6264923 0.0043795 0.0000000 0.0045721 0.0034649 0.0026185 0.0000000 0.0000000 0.0060787 0.0013840 0.0000000 0.0000000 0.0063835 0.0023477 0.0000000 0.0000000 0.0000000
159 G 159 0.0101667 0.0342049 0.1674777 0.0094372 0.0080565 0.0267278 0.0174023 0.4931931 0.0485483 0.0000000 0.0008218 0.1303685 0.0010097 0.0000000 0.0021008 0.0455953 0.0036746 0.0000000 0.0000000 0.0012147
160 D 160 0.0000000 0.0023824 0.1060547 0.8241514 0.0000000 0.0000000 0.0042036 0.0011389 0.0000000 0.0000000 0.0000000 0.0052036 0.0000000 0.0000000 0.0000000 0.0399835 0.0157556 0.0000000 0.0000000 0.0011263
161 G 161 0.0081122 0.0096970 0.0318107 0.0139066 0.0068293 0.0155052 0.0110742 0.8683628 0.0028114 0.0000000 0.0000000 0.0206918 0.0000000 0.0000000 0.0000000 0.0111988 0.0000000 0.0000000 0.0000000 0.0000000
162 E 162 0.0145850 0.2066935 0.0165013 0.0030193 0.0196730 0.1845770 0.1323225 0.0000000 0.0202205 0.0027731 0.0326087 0.1562167 0.0284575 0.0067558 0.0000000 0.0346343 0.1072132 0.0000000 0.0098175 0.0239311
163 V 163 0.0041191 0.0000000 0.0000000 0.0000000 0.0044860 0.0000000 0.0000000 0.0000000 0.0000000 0.5339831 0.0966620 0.0000000 0.0143945 0.0017209 0.0016412 0.0000000 0.0039735 0.0000000 0.0000000 0.3390198
164 D 164 0.0000000 0.0000000 0.2332732 0.5026554 0.0016631 0.0000000 0.0360159 0.0119748 0.0000000 0.0000000 0.0000000 0.0056608 0.0009204 0.0000000 0.0000000 0.1926043 0.0112030 0.0000000 0.0040291 0.0000000
165 F 165 0.0064780 0.0000000 0.0000000 0.0000000 0.0141654 0.0000000 0.0081522 0.0000000 0.0060029 0.0072055 0.0165888 0.0086651 0.0025267 0.5540837 0.0000000 0.0019008 0.0000000 0.0000000 0.3729968 0.0012340
166 Q 166 0.0183422 0.0092022 0.0840223 0.1469559 0.0000000 0.1354323 0.3266109 0.0496760 0.0252278 0.0076827 0.0066988 0.0522935 0.0009205 0.0018099 0.0295469 0.0367732 0.0488126 0.0000000 0.0129396 0.0070529
167 E 167 0.0000000 0.0000000 0.0000000 0.0166117 0.0000000 0.0012114 0.9669192 0.0024248 0.0031418 0.0000000 0.0000000 0.0000000 0.0018999 0.0015269 0.0000000 0.0062642 0.0000000 0.0000000 0.0000000 0.0000000
168 Y 168 0.0000000 0.0000000 0.0024262 0.0000000 0.0027317 0.0000000 0.0000000 0.0000000 0.0000000 0.0038787 0.0062841 0.0000000 0.0000000 0.9110934 0.0000000 0.0013788 0.0000000 0.0083231 0.0568449 0.0070391
169 V 169 0.0539222 0.0204039 0.0000000 0.0000000 0.0562508 0.0121250 0.0134569 0.0000000 0.0000000 0.0533789 0.2050681 0.0953319 0.0457678 0.0089041 0.0015424 0.0266094 0.0248540 0.0023390 0.0035088 0.3765370
170 V 170 0.2080830 0.0793439 0.0570409 0.0200041 0.0063181 0.0747958 0.0570443 0.0027410 0.0187051 0.0225376 0.0749297 0.1014465 0.0191018 0.0025323 0.0012381 0.0515959 0.1197101 0.0030573 0.0111494 0.0686252
171 L 171 0.0452035 0.0010344 0.0000000 0.0000000 0.0037421 0.0000000 0.0007725 0.0000000 0.0021089 0.0567216 0.2062994 0.0007830 0.5658958 0.0449342 0.0000000 0.0086502 0.0050733 0.0000000 0.0014880 0.0572933
172 V 172 0.0000000 0.0000000 0.0000000 0.0000000 0.0015226 0.0000000 0.0000000 0.0000000 0.0000000 0.1032011 0.1178914 0.0000000 0.5783811 0.0081559 0.0000000 0.0068879 0.0060660 0.0000000 0.0089649 0.1689291
173 A 173 0.2027143 0.0815223 0.0059959 0.0092734 0.0157666 0.0499220 0.0190923 0.1073102 0.0060734 0.0159556 0.0618087 0.0810768 0.0218221 0.0729183 0.0000000 0.0968482 0.1153719 0.0049602 0.0000000 0.0315677
174 A 174 0.0514867 0.1688491 0.0571222 0.0031559 0.0275686 0.0543630 0.0046452 0.1796837 0.0359005 0.0030929 0.0098388 0.2966745 0.0042893 0.0000000 0.0020097 0.0797766 0.0162469 0.0000000 0.0000000 0.0052963
175 L 175 0.0250968 0.0056252 0.0026116 0.0060203 0.0036951 0.0000000 0.0000000 0.0199243 0.0000000 0.1340157 0.4731086 0.0140515 0.0482352 0.0055173 0.0055243 0.0355598 0.0255888 0.0000000 0.0056339 0.1897915
176 T 176 0.2843039 0.0231888 0.0000000 0.0526417 0.0784716 0.0193432 0.0141907 0.0188738 0.0000000 0.0120497 0.0429236 0.0146334 0.0543418 0.0000000 0.0000000 0.0698713 0.2636225 0.0000000 0.0000000 0.0515441
177 V 177 0.0212449 0.0470176 0.0207904 0.0117820 0.0174115 0.1346843 0.0280042 0.0000000 0.0067007 0.1594154 0.0537115 0.1055970 0.0958475 0.0119404 0.0019380 0.0200689 0.0323461 0.0075392 0.0000000 0.2239602
178 A 178 0.5285326 0.0212175 0.0000000 0.0674806 0.0366084 0.0000000 0.0298722 0.0158059 0.0109834 0.0285250 0.0186408 0.0081713 0.0790970 0.0103721 0.0077596 0.0295097 0.0589142 0.0000000 0.0217728 0.0267368
179 C 179 0.0677032 0.0042582 0.0000000 0.0269952 0.6358797 0.0000000 0.0125540 0.0187986 0.0156256 0.0000000 0.0000000 0.0085472 0.0065309 0.0000000 0.0000000 0.0908429 0.0478059 0.0039146 0.0605440 0.0000000
180 N 180 0.0000000 0.0124422 0.3240336 0.0222459 0.0000000 0.0248000 0.0395908 0.0047948 0.4190693 0.0000000 0.0000000 0.0052802 0.0040415 0.0413010 0.0000000 0.0109100 0.0087136 0.0000000 0.0827771 0.0000000
181 N 181 0.0407938 0.0184393 0.0483480 0.2145272 0.0000000 0.0363992 0.3325321 0.0170181 0.0563629 0.0049003 0.0000000 0.1598712 0.0000000 0.0000000 0.0000000 0.0435985 0.0055327 0.0000000 0.0162703 0.0054064
182 F 182 0.0708638 0.0152180 0.0263679 0.0135388 0.0298269 0.0079307 0.0773215 0.0000000 0.0717571 0.0625879 0.0078581 0.1049283 0.0000000 0.1570074 0.0000000 0.1408335 0.0479875 0.0000000 0.1388712 0.0271014
183 F 183 0.0000000 0.0000000 0.0060849 0.0000000 0.0052579 0.0000000 0.0000000 0.0000000 0.0000000 0.0866659 0.2348436 0.0000000 0.1095296 0.4025732 0.0000000 0.0158083 0.0341191 0.0193706 0.0773516 0.0083952
184 W 184 0.0000000 0.0285820 0.0100567 0.0099071 0.0211499 0.0867794 0.0750154 0.0265407 0.2053169 0.0207899 0.1765295 0.0483495 0.0089907 0.0000000 0.0000000 0.1151613 0.0255913 0.0204564 0.0000000 0.1207834
185 E 185 0.0098746 0.1485200 0.0135376 0.0595750 0.0000000 0.1232692 0.2117709 0.0192812 0.0112540 0.0000000 0.0090033 0.3398780 0.0075995 0.0000000 0.0000000 0.0178211 0.0000000 0.0000000 0.0000000 0.0286156
186 N 186 0.0291489 0.0073276 0.1160250 0.0893339 0.0350662 0.1315395 0.1850981 0.0118274 0.0858288 0.0000000 0.0000000 0.0566240 0.0000000 0.0000000 0.0000000 0.1706230 0.0653593 0.0000000 0.0161983 0.0000000
187 S 187 0.2180077 0.0000000 0.1293987 0.0000000 0.0000000 0.0000000 0.0000000 0.0000000 0.0000000 0.0000000 0.0000000 0.0000000 0.0000000 0.0000000 0.2242403 0.3298410 0.0985123 0.0000000 0.0000000 0.0000000
