  176         A         R         N         D         C         Q         E         G         H         I         L         K         M         F         P         S         T         W         Y         V    
  1 M   1 0.0000000 0.0000000 0.0000000 0.0000000 0.0000000 0.0000000 0.0000000 0.0000000 0.0000000 0.0000000 0.0000000 0.0000000 1.0000000 0.0000000 0.0000000 0.0000000 0.0000000 0.0000000 0.0000000 0.0000000
  2 A   2 0.2792035 0.0045321 0.0281782 0.0128469 0.0000000 0.0054975 0.0181101 0.0178797 0.0000000 0.0025480 0.0000000 0.3615840 0.0018766 0.0000000 0.0243951 0.2114869 0.0293045 0.0000000 0.0025568 0.0000000
  3 I   3 0.0039550 0.1103233 0.0683812 0.0161218 0.0000000 0.0191533 0.0302626 0.0026193 0.0028291 0.0199034 0.0192557 0.4869697 0.0072953 0.0011347 0.0447764 0.0436190 0.1127732 0.0000000 0.0015444 0.0090827
  4 T   4 0.0681787 0.0000000 0.0016836 0.0000000 0.0103707 0.0000000 0.0000000 0.0000000 0.0000000 0.4877800 0.1061204 0.0000000 0.0069481 0.0024803 0.0000000 0.0019129 0.0678161 0.0000000 0.0000000 0.2467093
  5 G   5 0.0594437 0.0078548 0.0076821 0.0008156 0.0104920 0.0017162 0.0040117 0.3813340 0.0058606 0.0350274 0.1174341 0.0200961 0.0027897 0.0031041 0.0014356 0.0118505 0.2404186 0.0000000 0.0027943 0.0858389
  6 I   6 0.0000000 0.0000000 0.0000000 0.0000000 0.0000000 0.0000000 0.0000000 0.0000000 0.0000000 0.5061107 0.2240964 0.0000000 0.0114089 0.0067777 0.0000000 0.0000000 0.0000000 0.0000000 0.0000000 0.2516062
  7 F   7 0.0223955 0.0000000 0.0000000 0.0000000 0.0041974 0.0000000 0.0000000 0.0044322 0.0000000 0.1135218 0.3082724 0.0000000 0.0010593 0.4142956 0.0000000 0.0027352 0.0026406 0.0000000 0.0298411 0.0966089
  8 F   8 0.0010536 0.0000000 0.0000000 0.0000000 0.0047224 0.0000000 0.0000000 0.0000000 0.0027328 0.0000000 0.0000000 0.0000000 0.0000000 0.2826658 0.0000000 0.0437799 0.0039674 0.0584408 0.5993454 0.0032919
  9 G   9 0.2724749 0.0000000 0.0036393 0.0000000 0.0000000 0.0000000 0.0000000 0.6970885 0.0000000 0.0027328 0.0000000 0.0000000 0.0000000 0.0000000 0.0000000 0.0116491 0.0074594 0.0000000 0.0000000 0.0049559
 10 S  10 0.0060855 0.0000000 0.0000000 0.0000000 0.0000000 0.0000000 0.0000000 0.0032883 0.0000000 0.0000000 0.0000000 0.0000000 0.0031078 0.0061392 0.0075794 0.7657824 0.2080173 0.0000000 0.0000000 0.0000000
 11 D  11 0.0098990 0.0034406 0.0183561 0.1708564 0.0014377 0.3238106 0.1079622 0.0035796 0.0036148 0.0039413 0.0162138 0.0161581 0.0464924 0.0000000 0.0000000 0.1222890 0.1473258 0.0000000 0.0022538 0.0023688
 12 T  12 0.0146899 0.0039239 0.0267700 0.0014525 0.0000000 0.0033190 0.0072175 0.0633223 0.0000000 0.0000000 0.0202049 0.0083797 0.0165161 0.0000000 0.0000000 0.0940824 0.7360660 0.0000000 0.0015108 0.0025450
 13 G  13 0.0052262 0.0046588 0.0050527 0.0070020 0.0609227 0.0018727 0.0029848 0.8940647 0.0036329 0.0000000 0.0000000 0.0045175 0.0000000 0.0012432 0.0000000 0.0016224 0.0025428 0.0000000 0.0000000 0.0046568
 14 N  14 0.0206958 0.0037455 0.5319992 0.0151467 0.0072854 0.0026047 0.0000000 0.0058424 0.0122034 0.0076221 0.0000000 0.0629143 0.0100138 0.0000000 0.0000000 0.0186045 0.2151064 0.0000000 0.0643291 0.0218866
 15 T  15 0.3591407 0.0000000 0.0091586 0.0000000 0.0257560 0.0000000 0.0000000 0.0282363 0.0000000 0.0033805 0.0019033 0.0000000 0.0000000 0.0000000 0.0000000 0.0711659 0.4894270 0.0000000 0.0000000 0.0118317
 16 E  16 0.0321606 0.0786158 0.0011577 0.0031578 0.0009125 0.1100954 0.5996998 0.0057292 0.0137518 0.0017256 0.0083209 0.0904235 0.0136380 0.0000000 0.0000000 0.0157773 0.0184894 0.0000000 0.0000000 0.0063447
 17 N  17 0.0898479 0.0543577 0.0538612 0.1601788 0.0020829 0.0179245 0.1521728 0.1060150 0.0111825 0.0178254 0.0303648 0.0764684 0.0704590 0.0091253 0.0000000 0.0779599 0.0292018 0.0113359 0.0242254 0.0054110
 18 I  18 0.1199281 0.0000000 0.0000000 0.0016130 0.0075315 0.0061285 0.0025785 0.0000000 0.0000000 0.2124534 0.1813297 0.0014246 0.0245571 0.0728941 0.0000000 0.0000000 0.0143402 0.0000000 0.0304573 0.3247641
 19 A  19 0.9204063 0.0000000 0.0000000 0.0000000 0.0092549 0.0000000 0.0000000 0.0105063 0.0000000 0.0020195 0.0000000 0.0000000 0.0015411 0.0000000 0.0000000 0.0262087 0.0116127 0.0000000 0.0000000 0.0184503
 20 K  20 0.0371472 0.0342961 0.0591973 0.1053914 0.0000000 0.0418277 0.3567697 0.0415011 0.0059492 0.0118308 0.0067347 0.2128719 0.0092724 0.0047220 0.0019016 0.0337808 0.0248481 0.0000000 0.0096602 0.0022980
 21 M  21 0.0609524 0.2040772 0.0143343 0.0300044 0.0000000 0.0816304 0.0506473 0.0084014 0.0165353 0.0667621 0.0614637 0.2287457 0.0658995 0.0082836 0.0000000 0.0272682 0.0460179 0.0000000 0.0224685 0.0065082
 22 I  22 0.0381255 0.0000000 0.0000000 0.0000000 0.0103820 0.0000000 0.0000000 0.0000000 0.0000000 0.5141645 0.2787317 0.0000000 0.0219591 0.0304756 0.0000000 0.0016547 0.0149416 0.0000000 0.0117155 0.0778497
 23 Q  23 0.3925766 0.1012042 0.0114470 0.0017424 0.0036956 0.1290869 0.0515255 0.0586066 0.0348527 0.0086939 0.0070282 0.0744675 0.0000000 0.0045723 0.0000000 0.0553605 0.0138510 0.0034533 0.0131749 0.0346608
 24 K  24 0.0990177 0.0945126 0.0365946 0.1180876 0.0000000 0.0531412 0.2082657 0.0333127 0.0043042 0.0019906 0.0025662 0.2304569 0.0000000 0.0115404 0.0016998 0.0534573 0.0408438 0.0000000 0.0021537 0.0080550
 25 Q  25 0.0786500 0.1280063 0.0105710 0.0292470 0.0033284 0.1098370 0.1838729 0.0354997 0.0191271 0.0443888 0.0531509 0.2104119 0.0066879 0.0145645 0.0012650 0.0134685 0.0246487 0.0000000 0.0126338 0.0206406
 26 L  26 0.1805281 0.0019326 0.0000000 0.0000000 0.0029538 0.0000000 0.0000000 0.0283733 0.0030381 0.0961790 0.5361355 0.0000000 0.0261357 0.0789392 0.0021537 0.0033662 0.0045793 0.0104982 0.0012703 0.0239171
 27 G  27 0.0638176 0.0835993 0.0275717 0.0351861 0.0000000 0.0591067 0.1033371 0.3462453 0.0012105 0.0046739 0.0135918 0.1359387 0.0081208 0.0000000 0.0072742 0.0573083 0.0360425 0.0000000 0.0042225 0.0127528
 28 K  28 0.1850695 0.0512214 0.0363760 0.0929410 0.0044547 0.0241326 0.1748843 0.1210862 0.0194120 0.0246591 0.0141794 0.0924018 0.0031099 0.0113304 0.0117098 0.0633305 0.0334992 0.0000000 0.0016666 0.0345355
 29 D  29 0.1155169 0.1044486 0.0246672 0.1436515 0.0022414 0.0659842 0.1134081 0.0130986 0.0498883 0.0147002 0.1104600 0.0813507 0.0388991 0.0181342 0.0153964 0.0346970 0.0117831 0.0000000 0.0372309 0.0044436
 30 V  30 0.0818569 0.0202678 0.0833566 0.0527303 0.0053211 0.0355671 0.0282718 0.3230677 0.0223617 0.0417854 0.0897945 0.0281768 0.0049909 0.0054785 0.0154552 0.0490933 0.0230800 0.0013291 0.0025675 0.0854477
 31 A  31 0.2042890 0.0023501 0.0000000 0.0145234 0.0371658 0.0015035 0.0068986 0.0071892 0.0351887 0.0814355 0.0626169 0.0058965 0.0105417 0.0892027 0.0238613 0.0261323 0.0370193 0.0000000 0.0187901 0.3353955
 32 D  32 0.0315975 0.0362958 0.0405507 0.3685742 0.0021137 0.0396570 0.1688221 0.0020286 0.0165631 0.0040738 0.0043268 0.0913579 0.0011712 0.0000000 0.0064708 0.0551010 0.1207483 0.0000000 0.0000000 0.0105477
 33 V  33 0.0227387 0.0023502 0.0027156 0.0000000 0.0083912 0.0000000 0.0061541 0.0000000 0.0018841 0.1616777 0.2548986 0.0000000 0.0125545 0.0000000 0.0846937 0.0070391 0.0375510 0.0025850 0.0000000 0.3947666
 34 H  34 0.0281046 0.0368894 0.0107834 0.0169542 0.0138456 0.0290293 0.0926945 0.0034160 0.1299223 0.0789405 0.0831207 0.0958103 0.0427710 0.1002896 0.0000000 0.0277664 0.0292420 0.0000000 0.0701677 0.1102525
 35 D  35 0.0797081 0.0070017 0.2357642 0.2887800 0.0061691 0.0040033 0.1257052 0.0174104 0.0024725 0.0064340 0.0101788 0.0064450 0.0053011 0.0018405 0.0296846 0.1284999 0.0196502 0.0000000 0.0031337 0.0218176
 36 I  36 0.0715811 0.0023309 0.0000000 0.0000000 0.0329895 0.0000000 0.0037890 0.0000000 0.0013871 0.2479673 0.1291485 0.0023161 0.2645658 0.0104419 0.0011088 0.0013205 0.0036629 0.0000000 0.0383817 0.1890090
 37 A  37 0.1982605 0.0067659 0.0726057 0.2744657 0.0045885 0.0076788 0.0791029 0.0672403 0.0112063 0.0033004 0.0100576 0.0808804 0.0064431 0.0000000 0.0022130 0.1127266 0.0525905 0.0011723 0.0068653 0.0018361
 38 K  38 0.0409657 0.0375953 0.0367442 0.3819452 0.0058178 0.0503279 0.1489967 0.0408616 0.0089810 0.0010924 0.0181660 0.0993205 0.0204508 0.0178227 0.0000000 0.0572033 0.0246866 0.0000000 0.0074025 0.0016199
 39 S  39 0.1741325 0.0000000 0.0011585 0.0434147 0.0271298 0.0055170 0.0255872 0.0148141 0.0050588 0.0551706 0.0459332 0.0000000 0.0135630 0.0933581 0.0097970 0.0887714 0.0795246 0.0000000 0.2132234 0.1038460
 40 S  40 0.0622645 0.0161441 0.0730216 0.1895632 0.0029149 0.0114769 0.0860409 0.0290196 0.0068597 0.0037753 0.0044816 0.1545795 0.0020534 0.0013750 0.0898353 0.1458774 0.1015490 0.0174512 0.0017168 0.0000000
 41 K  41 0.1711415 0.0118448 0.0090297 0.0071408 0.0000000 0.0258467 0.0150794 0.0188982 0.0091884 0.0792143 0.1655230 0.0729761 0.0105822 0.0415081 0.1566027 0.0143555 0.0390499 0.0000000 0.0050775 0.1469414
 42 E  42 0.1319046 0.0423145 0.0482302 0.1494229 0.0000000 0.0304758 0.2343066 0.0205237 0.0056551 0.0051800 0.0155753 0.1169805 0.0014491 0.0036199 0.0068355 0.1260061 0.0431604 0.0000000 0.0045015 0.0138584
 43 D  43 0.0591029 0.0292724 0.0637402 0.3348232 0.0069665 0.1068088 0.1418838 0.0120627 0.0068809 0.0073083 0.0504568 0.0533949 0.0032749 0.0077080 0.0060157 0.0536353 0.0420485 0.0000000 0.0022709 0.0123454
 44 L  44 0.0162989 0.0000000 0.0000000 0.0000000 0.0012278 0.0000000 0.0000000 0.0000000 0.0000000 0.1402415 0.5422781 0.0000000 0.0846589 0.1522244 0.0000000 0.0030822 0.0033595 0.0049831 0.0013618 0.0502837
 45 E  45 0.1878538 0.0114357 0.0575146 0.0400076 0.0016988 0.0335111 0.1734668 0.0191970 0.0052294 0.0223581 0.0773322 0.1303425 0.0094047 0.0062903 0.1123032 0.0504527 0.0437035 0.0000000 0.0019699 0.0159280
 46 A  46 0.0980977 0.0219135 0.0827613 0.1249783 0.0006934 0.0867948 0.1284629 0.0915232 0.0162362 0.0021076 0.0096552 0.1478626 0.0010350 0.0045888 0.0248825 0.1039386 0.0387073 0.0000000 0.0052212 0.0105398
 47 Y  47 0.0542047 0.0071945 0.0206357 0.0364600 0.0121569 0.0040622 0.2273146 0.0084431 0.0277353 0.0258563 0.0161779 0.0027395 0.0148744 0.0996336 0.0067531 0.0110017 0.0124790 0.0000000 0.3758806 0.0363967
 48 D  48 0.0225029 0.0504064 0.0383890 0.4192049 0.0090749 0.0573582 0.1323381 0.0201447 0.0164112 0.0009545 0.0020060 0.0886354 0.0000000 0.0000000 0.0226350 0.0636787 0.0488297 0.0022693 0.0011678 0.0039934
 49 I  49 0.0592848 0.0344460 0.1474725 0.0375411 0.0199713 0.0093065 0.0033428 0.0292055 0.0461343 0.1083340 0.1758829 0.0349278 0.0174608 0.0804963 0.0020732 0.0143009 0.0270430 0.0030349 0.0599172 0.0898241
 50 L  50 0.0664639 0.0000000 0.0011209 0.0000000 0.0153058 0.0000000 0.0000000 0.0000000 0.0036744 0.1275838 0.5171783 0.0000000 0.0064202 0.0185132 0.0000000 0.0000000 0.0058690 0.0152274 0.0114169 0.2112263
 51 L  51 0.0057945 0.0000000 0.0000000 0.0000000 0.0021331 0.0000000 0.0000000 0.0000000 0.0000000 0.4423404 0.2981997 0.0000000 0.0153324 0.0581040 0.0000000 0.0034040 0.0053247 0.0000000 0.0065128 0.1628544
 52 L  52 0.0072328 0.0000000 0.0000000 0.0000000 0.0203287 0.0000000 0.0000000 0.0000000 0.0000000 0.1728917 0.3755195 0.0000000 0.0109538 0.2684221 0.0000000 0.0000000 0.0025817 0.0000000 0.0030737 0.1389959
 53 G  53 0.0641213 0.0000000 0.0000000 0.0000000 0.0352330 0.0000000 0.0000000 0.4519808 0.0000000 0.1235983 0.0119330 0.0000000 0.0206837 0.0115174 0.0000000 0.0020852 0.0017189 0.0000000 0.0021594 0.2749689
 54 I  54 0.1003686 0.0000000 0.0038907 0.0000000 0.1233030 0.0022627 0.0000000 0.0028258 0.0000000 0.1794779 0.0344350 0.0000000 0.0354821 0.0000000 0.0049862 0.0927269 0.2857399 0.0000000 0.0000000 0.1345012
 55 P  55 0.1020129 0.0000000 0.0000000 0.0000000 0.0019124 0.0000000 0.0000000 0.0000000 0.0000000 0.0000000 0.0000000 0.0000000 0.0000000 0.0000000 0.2652672 0.5712967 0.0000000 0.0000000 0.0595108 0.0000000
 56 T  56 0.0000000 0.0000000 0.0066285 0.0000000 0.0000000 0.0000000 0.0000000 0.0000000 0.0000000 0.0000000 0.0000000 0.0000000 0.0000000 0.0000000 0.0000000 0.0264972 0.9628750 0.0000000 0.0000000 0.0039994
 57 W  57 0.0342863 0.0000000 0.0093557 0.0000000 0.0057472 0.0525261 0.0000000 0.0000000 0.0862518 0.0000000 0.0220562 0.0000000 0.0068638 0.0407915 0.0000000 0.0099990 0.0909803 0.4168755 0.2213967 0.0028700
 58 Y  58 0.0035929 0.0000000 0.0496613 0.0986662 0.0000000 0.0044792 0.0000000 0.7265868 0.0043309 0.0000000 0.0000000 0.0000000 0.0000000 0.0276564 0.0000000 0.0022309 0.0000000 0.0044099 0.0783856 0.0000000
 59 Y  59 0.0648835 0.0000000 0.0110868 0.2292200 0.0041601 0.1173599 0.2464718 0.0012965 0.0072054 0.0293932 0.0155135 0.0017671 0.0070535 0.0812143 0.0000000 0.0170005 0.0319467 0.0000000 0.0960532 0.0383740
 60 G  60 0.0000000 0.0000000 0.0030924 0.0044397 0.0000000 0.0000000 0.0054715 0.9825866 0.0000000 0.0000000 0.0000000 0.0000000 0.0044099 0.0000000 0.0000000 0.0000000 0.0000000 0.0000000 0.0000000 0.0000000
 61 E  61 0.0191506 0.0117704 0.0000000 0.3043269 0.0000000 0.0417408 0.5880923 0.0147432 0.0017773 0.0013453 0.0011411 0.0000000 0.0034965 0.0000000 0.0000000 0.0046528 0.0038351 0.0000000 0.0000000 0.0039277
 62 A  62 0.0975588 0.0013439 0.0010712 0.0107236 0.0000000 0.0071657 0.0270066 0.0000000 0.0000000 0.0683465 0.3607246 0.0010871 0.0428254 0.0508726 0.2656086 0.0211609 0.0062846 0.0000000 0.0102974 0.0279225
 63 Q  63 0.0117350 0.0000000 0.0019273 0.0000000 0.0000000 0.3608132 0.0027539 0.0117907 0.0064833 0.0000000 0.0037198 0.0044175 0.0025781 0.0027120 0.5059588 0.0000000 0.0824244 0.0000000 0.0026860 0.0000000
 64 C  64 0.0379524 0.0070948 0.0155659 0.4668940 0.0622951 0.0434320 0.1522204 0.0106626 0.0019089 0.0053068 0.0051671 0.0102733 0.0000000 0.0080726 0.0223795 0.0604637 0.0640958 0.0000000 0.0236210 0.0025941
 65 D  65 0.0236709 0.0067968 0.3144447 0.3943604 0.0000000 0.0023214 0.0980412 0.0249117 0.0051440 0.0000000 0.0033423 0.0025557 0.0000000 0.0000000 0.0118920 0.0730380 0.0120025 0.0000000 0.0237649 0.0037134
 66 W  66 0.2742248 0.0000000 0.0000000 0.0000000 0.0029548 0.0000000 0.0000000 0.0964451 0.0000000 0.0190907 0.0087257 0.0000000 0.0743069 0.0436893 0.0000000 0.0140181 0.0049076 0.4553760 0.0000000 0.0062610
 67 D  67 0.0677284 0.0697008 0.0104569 0.1525633 0.0000000 0.0643792 0.1872939 0.0196918 0.0033066 0.0478657 0.0836292 0.0768242 0.0238149 0.0040870 0.0043861 0.0239276 0.0183222 0.0035077 0.0468060 0.0917084
 68 D  68 0.1246850 0.0257447 0.0380397 0.2854444 0.0000000 0.0327023 0.1689981 0.0641818 0.0000000 0.0028982 0.0153488 0.0334219 0.0071595 0.0016560 0.0575205 0.1006188 0.0240620 0.0000000 0.0038198 0.0136982
 69 F  69 0.0272099 0.0049861 0.0125402 0.0000000 0.0061107 0.0050297 0.0000000 0.0345957 0.0151839 0.0438057 0.1529292 0.0252787 0.0087826 0.5928263 0.0072010 0.0024842 0.0138734 0.0062008 0.0100633 0.0308989
 70 F  70 0.0188574 0.0032290 0.0000000 0.0053485 0.0043046 0.0020142 0.0132704 0.0050635 0.0727208 0.0490533 0.1639208 0.0037102 0.0229272 0.1117930 0.0000000 0.0032933 0.0048766 0.2777387 0.1773944 0.0604840
 71 P  71 0.0190449 0.0339437 0.0287446 0.2451572 0.0000000 0.0341610 0.2355967 0.0249982 0.0028889 0.0039631 0.0112714 0.1421365 0.0093899 0.0073949 0.1569001 0.0279616 0.0102803 0.0000000 0.0037932 0.0023740
 72 T  72 0.0902641 0.0220371 0.0263081 0.1045463 0.0000000 0.0683233 0.1502550 0.0210126 0.0046039 0.0144749 0.0350899 0.0651709 0.0047674 0.1580567 0.0000000 0.0477972 0.0800251 0.0440413 0.0290774 0.0341489
 73 L  73 0.0069159 0.0000000 0.0024782 0.0016384 0.0000000 0.0000000 0.0000000 0.0000000 0.0000000 0.1558273 0.6845990 0.0010288 0.0413593 0.0548310 0.0000000 0.0000000 0.0041529 0.0000000 0.0000000 0.0471693
 74 E  74 0.0830456 0.0378444 0.0428965 0.0946752 0.0091507 0.0577274 0.1560191 0.0372753 0.0174245 0.0000000 0.0315782 0.2410863 0.0090117 0.0022706 0.0792434 0.0651626 0.0328124 0.0000000 0.0000000 0.0027762
 75 E  75 0.2094456 0.0289516 0.0483804 0.1385034 0.0000000 0.0525419 0.1524698 0.0875844 0.0061392 0.0016107 0.0036811 0.0760913 0.0000000 0.0000000 0.0227472 0.1201376 0.0479735 0.0000000 0.0000000 0.0037425
 76 I  76 0.1034254 0.0176106 0.0108866 0.0320512 0.0025133 0.0189500 0.0348304 0.0173910 0.0068540 0.1290804 0.1944421 0.0184612 0.0290179 0.0059518 0.2394762 0.0182442 0.0434781 0.0000000 0.0000000 0.0773357
 77 D  77 0.0125107 0.0493761 0.1278618 0.4792132 0.0039468 0.0178347 0.0322231 0.0233243 0.0139504 0.0000000 0.0025229 0.1099289 0.0019239 0.0122483 0.0118540 0.0731317 0.0080978 0.0150089 0.0037254 0.0013169
 78 F  78 0.0032631 0.0000000 0.0000000 0.0000000 0.0036451 0.0000000 0.0000000 0.0000000 0.0000000 0.0045950 0.7433307 0.0000000 0.0145307 0.2099874 0.0000000 0.0000000 0.0022954 0.0000000 0.0000000 0.0183525
 79 N  79 0.0921878 0.0118449 0.0773649 0.0768369 0.0067904 0.0377835 0.1187244 0.0202435 0.0116063 0.0031333 0.0059081 0.1008834 0.0000000 0.0000000 0.0506702 0.2825798 0.1005653 0.0000000 0.0013315 0.0015458
 80 G  80 0.0174921 0.0074822 0.1411685 0.0656996 0.0038250 0.0318502 0.0229229 0.5991584 0.0387451 0.0000000 0.0000000 0.0182037 0.0010678 0.0010294 0.0053368 0.0321937 0.0138246 0.0000000 0.0000000 0.0000000
 81 K  81 0.0106573 0.0345502 0.0000000 0.0000000 0.0020662 0.0032697 0.0000000 0.0000000 0.0017400 0.0284667 0.2161987 0.4799692 0.0292360 0.0037354 0.0000000 0.0025375 0.0498249 0.0000000 0.0000000 0.1377481
 82 L  82 0.0201292 0.1632088 0.0726476 0.0131456 0.0030683 0.0518299 0.0064284 0.0010481 0.0340776 0.0541778 0.0532701 0.2511572 0.0042544 0.0097720 0.0213883 0.0315040 0.1480659 0.0000000 0.0088779 0.0519488
 83 V  83 0.0175150 0.0000000 0.0000000 0.0000000 0.0124485 0.0000000 0.0000000 0.0021908 0.0030678 0.1050937 0.0000000 0.0000000 0.0020679 0.2347087 0.0000000 0.0000000 0.0093587 0.0000000 0.2435561 0.3699929
 84 A  84 0.7043718 0.0000000 0.0000000 0.0000000 0.0000000 0.0000000 0.0000000 0.1158816 0.0000000 0.0000000 0.0037118 0.0000000 0.0000000 0.0000000 0.0014768 0.1180396 0.0339859 0.0000000 0.0000000 0.0225325
 85 L  85 0.0225358 0.0000000 0.0000000 0.0000000 0.0239422 0.0020567 0.0000000 0.0000000 0.0000000 0.1388854 0.2936450 0.0000000 0.0150603 0.0213670 0.0000000 0.0038737 0.0052612 0.0019947 0.0192390 0.4521390
 86 F  86 0.0049841 0.0000000 0.0000000 0.0000000 0.0197259 0.0000000 0.0000000 0.0000000 0.0000000 0.0334681 0.2233717 0.0000000 0.0025346 0.6012220 0.0000000 0.0017014 0.0000000 0.0000000 0.0504878 0.0625044
 87 G  87 0.1691143 0.0000000 0.0000000 0.0038891 0.0000000 0.0000000 0.0000000 0.8087354 0.0000000 0.0000000 0.0000000 0.0000000 0.0000000 0.0000000 0.0000000 0.0182613 0.0000000 0.0000000 0.0000000 0.0000000
 88 C  88 0.0235245 0.0000000 0.0000000 0.0016013 0.1432991 0.0000000 0.0000000 0.0036068 0.0000000 0.0226926 0.6148495 0.0000000 0.0437969 0.0228847 0.0022758 0.0603639 0.0328853 0.0000000 0.0000000 0.0282197
 89 G  89 0.0026135 0.0000000 0.0000000 0.0033028 0.0081517 0.0000000 0.0000000 0.9859321 0.0000000 0.0000000 0.0000000 0.0000000 0.0000000 0.0000000 0.0000000 0.0000000 0.0000000 0.0000000 0.0000000 0.0000000
 90 D  90 0.0059775 0.0000000 0.0987138 0.8778996 0.0000000 0.0000000 0.0000000 0.0032932 0.0020904 0.0000000 0.0000000 0.0000000 0.0000000 0.0000000 0.0000000 0.0120255 0.0000000 0.0000000 0.0000000 0.0000000
 91 Q  91 0.0227408 0.0553877 0.0000000 0.0000000 0.0122018 0.4092897 0.0054258 0.0043520 0.0177430 0.0010403 0.0011577 0.0432661 0.0046076 0.0000000 0.0051781 0.3148368 0.0901289 0.0000000 0.0087159 0.0039277
 92 E  92 0.0366835 0.0131045 0.0137959 0.0260300 0.0000000 0.0527767 0.2019891 0.0143369 0.0262604 0.0419035 0.0335610 0.0124398 0.0032057 0.0573054 0.0000000 0.3029484 0.0774386 0.0000000 0.0075742 0.0786465
 93 D  93 0.0326489 0.0507009 0.0404330 0.1274335 0.0000000 0.0000000 0.0061774 0.2432492 0.0000000 0.0217361 0.0000000 0.0395604 0.0023137 0.0018419 0.0000000 0.2663723 0.0726655 0.0031476 0.0728209 0.0188985
 94 Y  94 0.0132932 0.0000000 0.0348112 0.0053182 0.0056812 0.0000000 0.0000000 0.0327447 0.0710785 0.0075043 0.0000000 0.0000000 0.0028167 0.0582196 0.0000000 0.0052367 0.0392978 0.0596656 0.6625375 0.0017948
 95 A  95 0.0948559 0.0000000 0.0000000 0.0028745 0.0111757 0.0000000 0.0013939 0.1318144 0.0000000 0.0000000 0.0000000 0.0039031 0.0000000 0.0044238 0.1629474 0.1136349 0.0106773 0.0000000 0.4622991 0.0000000
 96 E  96 0.0247476 0.0354948 0.0202867 0.3046316 0.0000000 0.0420871 0.3895378 0.0102916 0.0164078 0.0009145 0.0067051 0.0118293 0.0016969 0.0088055 0.0681484 0.0316240 0.0177466 0.0000000 0.0037209 0.0053239
 97 Y  97 0.0066327 0.0217888 0.1034498 0.0520252 0.0016598 0.0462682 0.0352852 0.0093962 0.0926635 0.0015712 0.0134569 0.0906886 0.0018626 0.0899448 0.0000000 0.0397942 0.1479611 0.0735993 0.1658626 0.0060892
 98 F  98 0.0000000 0.0000000 0.0000000 0.0000000 0.0000000 0.0000000 0.0000000 0.0000000 0.0000000 0.0000000 0.0046199 0.0000000 0.0000000 0.8172263 0.0000000 0.0000000 0.0000000 0.0000000 0.1745707 0.0035831
 99 C  99 0.0379854 0.0000000 0.1988500 0.0000000 0.4854557 0.0463467 0.0000000 0.0146275 0.0000000 0.0063198 0.0895019 0.0000000 0.0029856 0.0046199 0.0000000 0.0054454 0.0000000 0.0000000 0.0000000 0.1078622
100 D 100 0.0498568 0.0200744 0.0194953 0.3562095 0.0000000 0.1158933 0.0481656 0.1199491 0.0064282 0.0031577 0.0115716 0.1035556 0.0000000 0.0433482 0.0000000 0.0635561 0.0038273 0.0150552 0.0075464 0.0123096
101 A 101 0.5083985 0.0000000 0.0000000 0.0000000 0.0057809 0.0000000 0.0074628 0.1452070 0.0376113 0.0228747 0.0009958 0.0000000 0.0342870 0.0159566 0.0421979 0.0427681 0.0915799 0.0000000 0.0011543 0.0437250
102 L 102 0.1442327 0.0000000 0.0000000 0.0000000 0.0017488 0.0000000 0.0000000 0.2854175 0.0020843 0.0849769 0.1419855 0.0000000 0.2235587 0.0000000 0.0000000 0.0147677 0.0057239 0.0000000 0.0000000 0.0955040
103 G 103 0.0290070 0.1204962 0.0050848 0.0592805 0.0009532 0.0116292 0.0404787 0.3292204 0.0027879 0.0312517 0.0076227 0.2897422 0.0043068 0.0109612 0.0000000 0.0225534 0.0078897 0.0000000 0.0033267 0.0234078
104 T 104 0.0227099 0.0606012 0.0236456 0.1941451 0.0000000 0.0165315 0.0927717 0.0000000 0.0332045 0.1383018 0.0566440 0.1262244 0.0809963 0.0064390 0.0048412 0.0093697 0.0673601 0.0060607 0.0308195 0.0293340
105 I 105 0.0036648 0.0000000 0.0000000 0.0000000 0.0011878 0.0000000 0.0000000 0.0000000 0.0000000 0.1314279 0.5460090 0.0000000 0.0318804 0.1750412 0.0000000 0.0000000 0.0052315 0.0118917 0.0023436 0.0913221
106 R 106 0.0629108 0.0469123 0.0197929 0.3598122 0.0052608 0.0038368 0.0587800 0.0208148 0.1335721 0.0038511 0.0152821 0.0103758 0.0000000 0.0200685 0.0000000 0.0060140 0.0054650 0.0074618 0.2135682 0.0062209
107 D 107 0.1065574 0.0703135 0.0372266 0.2496707 0.0000000 0.0604806 0.2203093 0.0099639 0.0212865 0.0021394 0.0023869 0.1301521 0.0017011 0.0006632 0.0152821 0.0350280 0.0289699 0.0008783 0.0010897 0.0059007
108 I 108 0.0958354 0.3219563 0.0033725 0.0141339 0.0086501 0.0530989 0.0478914 0.0078742 0.0170310 0.0822184 0.0543214 0.1380640 0.0122922 0.0273181 0.0000000 0.0039871 0.0196746 0.0063132 0.0155123 0.0704549
109 I 109 0.0262307 0.0000000 0.0000000 0.0000000 0.0029304 0.0000000 0.0000000 0.0000000 0.0000000 0.1313687 0.5651969 0.0000000 0.0146411 0.1547941 0.0000000 0.0000000 0.0000000 0.0000000 0.0017660 0.1030721
110 E 110 0.1701294 0.0250261 0.0169817 0.0106443 0.0028112 0.0628781 0.2296309 0.0184066 0.0075430 0.0341834 0.0725781 0.1493126 0.0079645 0.0000000 0.0000000 0.0682352 0.0667637 0.0000000 0.0016685 0.0552426
111 P 111 0.1233726 0.0146540 0.0498634 0.0695308 0.0000000 0.1142965 0.2517838 0.0464643 0.0061929 0.0026514 0.0171742 0.1375855 0.0015898 0.0199027 0.0589528 0.0578690 0.0139246 0.0000000 0.0016727 0.0125190
112 R 112 0.0662534 0.1019347 0.0436571 0.0053856 0.0281556 0.0467409 0.0000000 0.0020811 0.0093075 0.0122743 0.4455127 0.0794981 0.0145767 0.0072813 0.0000000 0.0465210 0.0628900 0.0000000 0.0183100 0.0096200
113 G 113 0.0012255 0.0015740 0.0148265 0.0061295 0.0000000 0.0053865 0.0033286 0.9334901 0.0053878 0.0000000 0.0000000 0.0165230 0.0000000 0.0000000 0.0000000 0.0078110 0.0043176 0.0000000 0.0000000 0.0000000
114 A 114 0.7235890 0.0000000 0.0000000 0.0000000 0.0465559 0.0000000 0.0000000 0.1725271 0.0000000 0.0056998 0.0000000 0.0000000 0.0000000 0.0014397 0.0077860 0.0079037 0.0030138 0.0000000 0.0000000 0.0314851
115 T 115 0.0202926 0.0458953 0.0818670 0.0141645 0.0049047 0.0865332 0.1121783 0.0018544 0.0229948 0.0403186 0.0091363 0.2259083 0.0083681 0.0000000 0.0000000 0.0326952 0.2379551 0.0000000 0.0000000 0.0549336
116 I 116 0.0268403 0.2927749 0.0039190 0.0000000 0.0032347 0.0239031 0.0289695 0.0018694 0.0013929 0.1385430 0.0910248 0.0321278 0.0395875 0.0931981 0.0459583 0.0213435 0.0223084 0.0011173 0.0000000 0.1318875
117 V 117 0.0135719 0.0000000 0.0000000 0.0000000 0.0065237 0.0000000 0.0000000 0.0237273 0.0000000 0.2900653 0.2391917 0.0000000 0.0117079 0.0454695 0.0018063 0.0016092 0.0066523 0.0010422 0.0064679 0.3521649
118 G 118 0.0706279 0.0000000 0.0012313 0.0000000 0.0170472 0.0135380 0.0045203 0.5481650 0.0242619 0.0332918 0.0877062 0.0014812 0.0032079 0.0225371 0.0090021 0.0116298 0.0330365 0.0000000 0.0468701 0.0718459
119 H 119 0.1081698 0.0140216 0.0207304 0.1110314 0.0000000 0.0377080 0.2121660 0.0191290 0.0595331 0.0000000 0.0079366 0.0353546 0.0062234 0.0866756 0.1402482 0.0369125 0.0058709 0.0027427 0.0893691 0.0061771
120 W 120 0.0136222 0.2805698 0.0050611 0.0016892 0.0175067 0.0000000 0.0000000 0.0078641 0.0112685 0.0192003 0.0435106 0.0061220 0.0105718 0.0183698 0.0069798 0.0284851 0.1283668 0.2727917 0.0157897 0.1122308
121 P 121 0.0483132 0.0011913 0.0077826 0.0438864 0.0045818 0.0158557 0.0269875 0.0944302 0.0046434 0.0285743 0.0531164 0.0101216 0.0008614 0.0019254 0.2674940 0.1819056 0.0170657 0.0000000 0.0046178 0.1866456
122 T 122 0.0628076 0.0185665 0.0591634 0.2770174 0.0016939 0.0057836 0.0665803 0.0052951 0.0000000 0.0299173 0.0264193 0.0623776 0.0017930 0.0033419 0.0224537 0.0238559 0.2792179 0.0010463 0.0014761 0.0511934
123 A 123 0.1068787 0.0051637 0.0043565 0.2073554 0.2377725 0.0239029 0.1925541 0.0281727 0.0109072 0.0357139 0.0150566 0.0389917 0.0017351 0.0000000 0.0000000 0.0473888 0.0128950 0.0000000 0.0000000 0.0311551
124 G 124 0.0016868 0.0027068 0.0158133 0.4291420 0.0000000 0.0024261 0.0784199 0.4242057 0.0101384 0.0000000 0.0000000 0.0000000 0.0000000 0.0000000 0.0000000 0.0224989 0.0129620 0.0000000 0.0000000 0.0000000
125 Y 125 0.0224332 0.0000000 0.0000000 0.0229513 0.0000000 0.0000000 0.0183683 0.0115193 0.0024960 0.0268560 0.0917283 0.0168253 0.0000000 0.0181318 0.0337675 0.0041319 0.0109325 0.0000000 0.5553700 0.1644887
126 H 126 0.0365571 0.0134903 0.0330296 0.3373160 0.0083913 0.0626589 0.1776883 0.0039478 0.0517398 0.0090814 0.0023859 0.0486777 0.0016093 0.0051602 0.0036701 0.0778367 0.1087621 0.0000000 0.0168799 0.0011174
127 F 127 0.0196191 0.0000000 0.0000000 0.0075499 0.0000000 0.0025193 0.0016646 0.0036653 0.0723297 0.0199586 0.0046842 0.0042911 0.0263900 0.5331698 0.0268338 0.0031488 0.0043985 0.0016072 0.2570564 0.0111136
128 E 128 0.0158582 0.0019981 0.0416373 0.2270440 0.0036738 0.0648431 0.4300850 0.0083579 0.0049371 0.0079457 0.0036655 0.0299688 0.0000000 0.0045023 0.0120059 0.0561653 0.0758879 0.0000000 0.0020683 0.0093560
129 A 129 0.2086698 0.0270681 0.0194204 0.1446190 0.0031458 0.0279469 0.2532302 0.0410020 0.0396246 0.0070997 0.0092132 0.0181622 0.0101290 0.0216400 0.0111926 0.1064560 0.0278260 0.0000000 0.0168158 0.0067387
130 S 130 0.0505773 0.0031662 0.0020726 0.1069323 0.0140484 0.0200768 0.0147164 0.0032952 0.0010513 0.0019239 0.0127857 0.0078655 0.0010917 0.0000000 0.0914993 0.5986104 0.0472846 0.0000000 0.0026204 0.0203821
131 K 131 0.2580649 0.1133692 0.0068478 0.0186501 0.0030012 0.0197513 0.0658300 0.0091394 0.0023680 0.0268752 0.0449399 0.2772106 0.0021506 0.0375972 0.0175932 0.0288626 0.0276509 0.0000000 0.0304039 0.0096942
132 G 132 0.5561662 0.0104449 0.0099601 0.0469106 0.0000000 0.0136682 0.0567972 0.0866538 0.0039175 0.0095876 0.0337467 0.0117439 0.0019976 0.0000000 0.0276015 0.1133558 0.0153317 0.0000000 0.0000000 0.0021167
133 L 133 0.1024486 0.0099955 0.0076922 0.0148883 0.0129546 0.0577934 0.0795740 0.0277104 0.0029990 0.0458743 0.2689187 0.0279642 0.0168839 0.0390913 0.0031550 0.0109844 0.0287165 0.0035923 0.0034422 0.2353214
134 A 134 0.0532114 0.0104781 0.0050131 0.0110513 0.0100623 0.0385373 0.0503388 0.0427410 0.0000000 0.1148839 0.0327991 0.0145991 0.0097035 0.0109200 0.0000000 0.0081537 0.1087964 0.3307023 0.0099278 0.1380808
135 D 135 0.0544708 0.1571962 0.0316052 0.1602465 0.0048557 0.0286069 0.1123141 0.0328430 0.0078622 0.0851577 0.0864650 0.0999256 0.0337648 0.0036330 0.0333951 0.0156000 0.0262379 0.0037586 0.0060185 0.0160431
136 D 136 0.0294569 0.0119600 0.1210319 0.5738383 0.0058239 0.0200207 0.0921178 0.0698218 0.0030529 0.0018340 0.0066016 0.0377646 0.0000000 0.0000000 0.0000000 0.0132074 0.0061032 0.0000000 0.0056856 0.0016792
137 D 137 0.0298432 0.0126121 0.0736289 0.0793536 0.0000000 0.0757406 0.0944982 0.4889080 0.0052740 0.0000000 0.0000000 0.0811362 0.0000000 0.0000000 0.0121057 0.0341058 0.0108266 0.0000000 0.0000000 0.0019671
138 H 138 0.0372803 0.0485429 0.0437209 0.0088200 0.0017198 0.1043122 0.0436962 0.0000000 0.1290100 0.0080706 0.0160380 0.2779244 0.0703726 0.0000000 0.0000000 0.0168525 0.0602744 0.0170999 0.0216698 0.0945956
139 F 139 0.0268464 0.0015504 0.0029176 0.0077621 0.0000000 0.0000000 0.0039137 0.0000000 0.0000000 0.0339185 0.0964419 0.0020945 0.0082993 0.7528894 0.0000000 0.0000000 0.0038545 0.0415345 0.0092022 0.0087750
140 V 140 0.0544170 0.0049017 0.0061912 0.0055110 0.0704644 0.0039520 0.0093106 0.0126387 0.0012824 0.1722511 0.1025863 0.0088462 0.0189055 0.0227908 0.0069680 0.0099817 0.0137575 0.0000000 0.0144820 0.4607617
141 G 141 0.0562941 0.0064429 0.0000000 0.0017645 0.0018943 0.0000000 0.0136500 0.8304353 0.0000000 0.0127829 0.0141997 0.0031251 0.0000000 0.0000000 0.0236490 0.0199881 0.0097534 0.0000000 0.0028050 0.0032157
142 L 142 0.0066191 0.0035771 0.0107371 0.0013510 0.0017034 0.0023177 0.0000000 0.0000000 0.0000000 0.0145445 0.8850175 0.0030545 0.0084714 0.0024118 0.0033535 0.0000000 0.0032034 0.0519487 0.0000000 0.0016893
143 A 143 0.5135941 0.0032522 0.0015303 0.0000000 0.0323318 0.0020271 0.0024498 0.1707261 0.0000000 0.0092809 0.0135390 0.0014010 0.0171265 0.0000000 0.0906133 0.0302237 0.0138968 0.0000000 0.0042510 0.0937563
144 I 144 0.0087233 0.0015906 0.0022765 0.0806823 0.0110974 0.0000000 0.0051576 0.0000000 0.0035359 0.3091223 0.5153610 0.0026180 0.0000000 0.0164756 0.0055892 0.0014312 0.0066207 0.0000000 0.0000000 0.0297184
145 D 145 0.0000000 0.0000000 0.0021823 0.8920163 0.0000000 0.0038035 0.0055442 0.0764595 0.0000000 0.0000000 0.0000000 0.0023054 0.0000000 0.0000000 0.0037123 0.0065466 0.0021793 0.0000000 0.0000000 0.0052507
146 E 146 0.0437986 0.0000000 0.0236805 0.2089601 0.0000000 0.1218304 0.4690137 0.0022910 0.0094453 0.0252682 0.0254782 0.0165322 0.0070146 0.0175157 0.0066676 0.0043771 0.0128602 0.0000000 0.0035912 0.0016755
147 D 147 0.0314299 0.0201326 0.0089247 0.5467283 0.0134656 0.0057058 0.0897484 0.0390880 0.0204456 0.0290429 0.0099358 0.0160480 0.0076165 0.0000000 0.0117736 0.0115239 0.0245115 0.0000000 0.0064891 0.1073901
148 R 148 0.0201595 0.1268399 0.4948883 0.0234541 0.0082462 0.0987718 0.0000000 0.0253314 0.0035849 0.0064089 0.0028787 0.0240937 0.0000000 0.0094359 0.0034022 0.1038956 0.0347473 0.0043435 0.0095182 0.0000000
149 Q 149 0.0082215 0.0000000 0.0029567 0.0498029 0.0000000 0.6330940 0.2143187 0.0158094 0.0450734 0.0000000 0.0000000 0.0000000 0.0000000 0.0042881 0.0026460 0.0112223 0.0063033 0.0000000 0.0062636 0.0000000
150 P 150 0.0805359 0.0079721 0.0181206 0.0972231 0.0000000 0.0138606 0.0578382 0.0365443 0.0227123 0.0000000 0.0026469 0.0125429 0.0027752 0.0419920 0.2866688 0.2207496 0.0053666 0.0000000 0.0877684 0.0046826
151 E 151 0.0282220 0.0043083 0.0451613 0.3888870 0.0000000 0.0180082 0.3115730 0.0387351 0.0254188 0.0129035 0.0113967 0.0155689 0.0097608 0.0043679 0.0000000 0.0630546 0.0167784 0.0000000 0.0000000 0.0058554
152 L 152 0.0169779 0.0150282 0.0117487 0.0086285 0.0098848 0.0824307 0.0415739 0.0956172 0.0024121 0.0041437 0.4281196 0.1658890 0.0498236 0.0159021 0.0040523 0.0138630 0.0049781 0.0139453 0.0080862 0.0068952
153 T 153 0.0116002 0.0000000 0.0123565 0.0000000 0.0000000 0.0000000 0.0000000 0.0000000 0.0019183 0.0338232 0.0347977 0.0038249 0.0091849 0.0362666 0.0212338 0.1140390 0.6360855 0.0022452 0.0715860 0.0110383
154 A 154 0.0715938 0.0030083 0.0487822 0.3370989 0.0019851 0.0587929 0.3395842 0.0140348 0.0076211 0.0035528 0.0000000 0.0331628 0.0000000 0.0000000 0.0332499 0.0252478 0.0174718 0.0000000 0.0048136 0.0000000
155 E 155 0.1147080 0.0039341 0.0038358 0.0837997 0.0000000 0.0995861 0.3619836 0.0677867 0.0000000 0.0095378 0.0049967 0.0681193 0.0060527 0.0058868 0.0108420 0.0470226 0.0983523 0.0000000 0.0057457 0.0078101
156 R 156 0.0419751 0.7556865 0.0073309 0.0447599 0.0000000 0.0104616 0.0042145 0.0517986 0.0066301 0.0033123 0.0000000 0.0192876 0.0000000 0.0000000 0.0000000 0.0076338 0.0164944 0.0000000 0.0026163 0.0277985
157 V 157 0.0295138 0.0000000 0.0000000 0.0000000 0.0000000 0.0000000 0.0000000 0.0000000 0.0000000 0.4386169 0.1831847 0.0000000 0.0065513 0.0725514 0.0000000 0.0000000 0.0069874 0.0000000 0.0442685 0.2183262
158 E 158 0.1050552 0.0232828 0.0742396 0.2446745 0.0026552 0.0785228 0.1407637 0.0075233 0.0027394 0.0302691 0.0113348 0.1180873 0.0026988 0.0061535 0.0040598 0.0735137 0.0498880 0.0000000 0.0028979 0.0216404
159 K 159 0.1949341 0.0575824 0.0772793 0.0422259 0.0013474 0.0971224 0.1100045 0.0255739 0.0038801 0.0048731 0.0115967 0.1070431 0.0016157 0.0081358 0.0849132 0.0670226 0.0952372 0.0000000 0.0035982 0.0060143
160 W 160 0.0000000 0.0000000 0.0000000 0.0000000 0.0000000 0.0000000 0.0000000 0.0000000 0.0000000 0.0040264 0.0053997 0.0000000 0.0000000 0.0000000 0.0000000 0.0104609 0.0000000 0.9752678 0.0048452 0.0000000
161 V 161 0.0370403 0.0328415 0.0030743 0.0000000 0.1576843 0.0027577 0.0476909 0.0000000 0.0029128 0.1368249 0.2004896 0.0228747 0.0077434 0.0000000 0.0000000 0.0118927 0.0388994 0.0000000 0.0000000 0.2972736
162 K 162 0.1591845 0.0200371 0.0305050 0.0600374 0.0030370 0.0417681 0.3204992 0.0119661 0.0042282 0.0106552 0.0190591 0.1554803 0.0095191 0.0000000 0.0630187 0.0551322 0.0260680 0.0000000 0.0000000 0.0098051
163 Q 163 0.0371064 0.0462122 0.0061958 0.0504070 0.0000000 0.4671943 0.0679452 0.0207061 0.0020174 0.0115054 0.0288723 0.1027992 0.0046161 0.0017687 0.0015952 0.1008411 0.0243531 0.0102356 0.0033383 0.0122907
164 I 164 0.0105681 0.0000000 0.0074068 0.0000000 0.0000000 0.0000000 0.0000000 0.0000000 0.0000000 0.3594772 0.4011344 0.0000000 0.0077057 0.0266119 0.0000000 0.0031472 0.0000000 0.0000000 0.0000000 0.1839487
165 S 165 0.0322777 0.0522007 0.0136104 0.0000000 0.0087929 0.0211601 0.0127169 0.0042908 0.0120960 0.0244454 0.1377329 0.3399165 0.0173062 0.0161969 0.0000000 0.0236553 0.0093751 0.2159770 0.0342854 0.0239637
166 E 166 0.0533945 0.0263582 0.0490739 0.0493907 0.0000000 0.0576745 0.1530409 0.0431593 0.0133661 0.0079445 0.0300767 0.1310669 0.0000000 0.0000000 0.2366969 0.0638784 0.0607376 0.0000000 0.0000000 0.0241410
167 E 167 0.1761701 0.0000000 0.0159568 0.0201127 0.0000000 0.0189233 0.5503412 0.0033214 0.0204488 0.0211155 0.0264719 0.0442485 0.0047170 0.0000000 0.0000000 0.0386287 0.0236795 0.0000000 0.0191095 0.0167552
168 L 168 0.0051650 0.0078140 0.0000000 0.0000000 0.0000000 0.0000000 0.0000000 0.0000000 0.0000000 0.1117285 0.4039475 0.0000000 0.1349444 0.2511946 0.0000000 0.0000000 0.0047749 0.0153518 0.0324386 0.0326407
169 H 169 0.0169679 0.0047797 0.1389867 0.0231449 0.1183100 0.0561854 0.0856580 0.2933480 0.0711095 0.0000000 0.0042872 0.0178713 0.0000000 0.0000000 0.0048679 0.1466703 0.0033766 0.0000000 0.0144365 0.0000000
170 L 170 0.0000000 0.0000000 0.0069643 0.0000000 0.0000000 0.0075403 0.0000000 0.0000000 0.0105389 0.0636375 0.5868071 0.0000000 0.0123152 0.0105958 0.0000000 0.0284024 0.0276649 0.0000000 0.0139254 0.2316082
171 D 171 0.2141746 0.0137171 0.0774768 0.2786174 0.0000000 0.0226354 0.0652756 0.0081245 0.0000000 0.0111792 0.0154407 0.1216689 0.0000000 0.0000000 0.0102045 0.0899953 0.0137171 0.0000000 0.0305237 0.0272491
172 E 172 0.0118808 0.0000000 0.2456913 0.0918196 0.0000000 0.0300253 0.3339977 0.0000000 0.0000000 0.0097900 0.0394684 0.0858876 0.0000000 0.0000000 0.0558249 0.0457981 0.0498163 0.0000000 0.0000000 0.0000000
173 I 173 0.0752773 0.0000000 0.0000000 0.0000000 0.0000000 0.0000000 0.0000000 0.0000000 0.0000000 0.1899477 0.2957293 0.0000000 0.0000000 0.0000000 0.1113219 0.0311115 0.0000000 0.0000000 0.0000000 0.2966122
174 L 174 0.1125429 0.0000000 0.0000000 0.0316508 0.0000000 0.0228633 0.4448556 0.0000000 0.0000000 0.1407146 0.1360650 0.0149762 0.0000000 0.0000000 0.0000000 0.0000000 0.0377620 0.0000000 0.0000000 0.0585697
175 N 175 0.0494445 0.0000000 0.0499716 0.1579808 0.0000000 0.0000000 0.1164995 0.4584455 0.0000000 0.0000000 0.0000000 0.0245413 0.0000000 0.0000000 0.0000000 0.1431168 0.0000000 0.0000000 0.0000000 0.0000000
176 A 176 0.5048485 0.0000000 0.0000000 0.0000000 0.0000000 0.0000000 0.0000000 0.0000000 0.0000000 0.0614126 0.0000000 0.0000000 0.0000000 0.0000000 0.0000000 0.0896822 0.0000000 0.0000000 0.0000000 0.3440567
