  176         A         R         N         D         C         Q         E         G         H         I         L         K         M         F         P         S         T         W         Y         V         X    
  1 M   1 0.0000000 0.0000000 0.0000000 0.0000000 0.0000000 0.0000000 0.0000000 0.0000000 0.0000000 0.0000000 0.0000000 0.0000000 0.4341785 0.0000000 0.0000000 0.0000000 0.0000000 0.0000000 0.0000000 0.0000000 0.5658215
  2 A   2 0.1555380 0.0024883 0.0154255 0.0070427 0.0000000 0.0030406 0.0105364 0.0101986 0.0000000 0.0013945 0.0000000 0.2051939 0.0010281 0.0000000 0.0140988 0.1204351 0.0164473 0.0000000 0.0014484 0.0000000 0.4356838
  3 I   3 0.0028641 0.0814036 0.0504536 0.0119916 0.0000000 0.0135695 0.0221332 0.0019865 0.0020928 0.0137613 0.0141744 0.3542987 0.0051871 0.0008419 0.0329834 0.0312351 0.0829019 0.0000000 0.0010962 0.0064060 0.2706191
  4 T   4 0.0598336 0.0000000 0.0013940 0.0000000 0.0090739 0.0000000 0.0000000 0.0000000 0.0000000 0.4176450 0.0922552 0.0000000 0.0058994 0.0022744 0.0000000 0.0015743 0.0590485 0.0000000 0.0000000 0.2147988 0.1362030
  5 G   5 0.0553028 0.0075145 0.0074858 0.0007916 0.0096931 0.0015943 0.0037718 0.3497853 0.0056459 0.0344927 0.1120924 0.0192249 0.0026553 0.0031363 0.0013505 0.0114788 0.2308850 0.0000000 0.0026278 0.0821854 0.0582858
  6 I   6 0.0000000 0.0000000 0.0000000 0.0000000 0.0000000 0.0000000 0.0000000 0.0000000 0.0000000 0.4902683 0.2136346 0.0000000 0.0106409 0.0061992 0.0000000 0.0000000 0.0000000 0.0000000 0.0000000 0.2476689 0.0315881
  7 F   7 0.0216861 0.0000000 0.0000000 0.0000000 0.0039297 0.0000000 0.0000000 0.0044810 0.0000000 0.1123345 0.3029865 0.0000000 0.0010374 0.3930390 0.0000000 0.0026459 0.0025598 0.0000000 0.0283819 0.0960765 0.0308416
  8 F   8 0.0010039 0.0000000 0.0000000 0.0000000 0.0043684 0.0000000 0.0000000 0.0000000 0.0025625 0.0000000 0.0000000 0.0000000 0.0000000 0.2714363 0.0000000 0.0439803 0.0038083 0.0574221 0.5814265 0.0031501 0.0308416
  9 G   9 0.2663141 0.0000000 0.0032938 0.0000000 0.0000000 0.0000000 0.0000000 0.6733246 0.0000000 0.0025625 0.0000000 0.0000000 0.0000000 0.0000000 0.0000000 0.0108652 0.0078944 0.0000000 0.0000000 0.0049037 0.0308416
 10 S  10 0.0056031 0.0000000 0.0000000 0.0000000 0.0000000 0.0000000 0.0000000 0.0030509 0.0000000 0.0000000 0.0000000 0.0000000 0.0028414 0.0055816 0.0067723 0.7456860 0.1996230 0.0000000 0.0000000 0.0000000 0.0308416
 11 D  11 0.0093590 0.0032093 0.0175885 0.1616436 0.0013544 0.3188598 0.1053532 0.0034013 0.0035048 0.0037796 0.0156730 0.0151084 0.0464645 0.0000000 0.0000000 0.1188614 0.1406244 0.0000000 0.0021049 0.0022683 0.0308416
 12 T  12 0.0137031 0.0037547 0.0257335 0.0013652 0.0000000 0.0034055 0.0064842 0.0609547 0.0000000 0.0000000 0.0196021 0.0086381 0.0165074 0.0000000 0.0000000 0.0930852 0.7145871 0.0000000 0.0014242 0.0024089 0.0283460
 13 G  13 0.0047889 0.0043022 0.0047446 0.0065949 0.0583422 0.0017535 0.0027957 0.8714424 0.0032938 0.0000000 0.0000000 0.0042493 0.0000000 0.0011660 0.0000000 0.0015247 0.0023691 0.0000000 0.0000000 0.0042866 0.0283460
 14 N  14 0.0202033 0.0034973 0.5178135 0.0146760 0.0069774 0.0027814 0.0000000 0.0056732 0.0129676 0.0072197 0.0000000 0.0592620 0.0093219 0.0000000 0.0000000 0.0176111 0.2106890 0.0000000 0.0615226 0.0214380 0.0283460
 15 T  15 0.3537528 0.0000000 0.0088026 0.0000000 0.0261599 0.0000000 0.0000000 0.0277011 0.0000000 0.0032899 0.0018293 0.0000000 0.0000000 0.0000000 0.0000000 0.0703625 0.4688712 0.0000000 0.0000000 0.0108847 0.0283460
 16 E  16 0.0310121 0.0763470 0.0011655 0.0029506 0.0008914 0.1081564 0.5821264 0.0053833 0.0125227 0.0013982 0.0079612 0.0903636 0.0129839 0.0000000 0.0000000 0.0149129 0.0175208 0.0000000 0.0000000 0.0059580 0.0283460
 17 N  17 0.0874022 0.0539037 0.0505776 0.1564878 0.0019655 0.0168712 0.1503441 0.1055297 0.0105942 0.0169394 0.0287315 0.0721639 0.0675901 0.0087063 0.0000000 0.0766861 0.0277739 0.0105612 0.0237418 0.0050840 0.0283460
 18 I  18 0.1156958 0.0000000 0.0000000 0.0015050 0.0071901 0.0055816 0.0024960 0.0000000 0.0000000 0.2047024 0.1774477 0.0013722 0.0244346 0.0727759 0.0000000 0.0000000 0.0138574 0.0000000 0.0296130 0.3149823 0.0283460
 19 A  19 0.8952387 0.0000000 0.0000000 0.0000000 0.0095443 0.0000000 0.0000000 0.0098483 0.0000000 0.0018740 0.0000000 0.0000000 0.0014383 0.0000000 0.0000000 0.0253968 0.0110815 0.0000000 0.0000000 0.0172322 0.0283460
 20 K  20 0.0368766 0.0334406 0.0593298 0.1047850 0.0000000 0.0409784 0.3470670 0.0417821 0.0056518 0.0115605 0.0065115 0.2015039 0.0089369 0.0045586 0.0018606 0.0334014 0.0243357 0.0000000 0.0088232 0.0022629 0.0263336
 21 M  21 0.0607751 0.1998373 0.0135549 0.0292772 0.0000000 0.0798891 0.0505560 0.0082255 0.0163006 0.0647969 0.0594768 0.2195602 0.0610380 0.0079872 0.0000000 0.0268821 0.0462812 0.0000000 0.0230863 0.0061421 0.0263336
 22 I  22 0.0384479 0.0000000 0.0000000 0.0000000 0.0102549 0.0000000 0.0000000 0.0000000 0.0000000 0.4940724 0.2763898 0.0000000 0.0208745 0.0291273 0.0000000 0.0016322 0.0148002 0.0000000 0.0114876 0.0765796 0.0263336
 23 Q  23 0.3862932 0.0983587 0.0110190 0.0017296 0.0036451 0.1206275 0.0510763 0.0577595 0.0330320 0.0080189 0.0068082 0.0717664 0.0000000 0.0047597 0.0000000 0.0550187 0.0134328 0.0033971 0.0122452 0.0337576 0.0272545
 24 K  24 0.0966121 0.0931243 0.0354703 0.1173442 0.0000000 0.0510279 0.2024220 0.0329868 0.0041441 0.0019147 0.0024406 0.2206856 0.0000000 0.0108683 0.0016720 0.0529963 0.0393661 0.0000000 0.0029957 0.0075955 0.0263336
 25 Q  25 0.0752069 0.1240721 0.0103439 0.0294023 0.0031413 0.1077374 0.1783547 0.0356981 0.0184288 0.0429261 0.0510882 0.2063256 0.0063463 0.0138405 0.0012664 0.0135618 0.0239320 0.0000000 0.0120988 0.0198951 0.0263336
 26 L  26 0.1786623 0.0018716 0.0000000 0.0000000 0.0029742 0.0000000 0.0000000 0.0269064 0.0028296 0.0929063 0.5254540 0.0000000 0.0257334 0.0753526 0.0020144 0.0033483 0.0054128 0.0100266 0.0011880 0.0236238 0.0216956
 27 G  27 0.0623703 0.0812208 0.0268164 0.0332923 0.0000000 0.0576091 0.1001030 0.3275607 0.0011663 0.0045474 0.0133159 0.1333214 0.0077529 0.0000000 0.0068116 0.0553398 0.0362266 0.0000000 0.0041092 0.0120514 0.0363848
 28 K  28 0.1749637 0.0474968 0.0333003 0.0853466 0.0038528 0.0224901 0.1610409 0.1139507 0.0178835 0.0224348 0.0135020 0.0854109 0.0028285 0.0104881 0.0106622 0.0588088 0.0314233 0.0000000 0.0014793 0.0315071 0.0711292
 29 D  29 0.1087888 0.0964952 0.0222534 0.1290879 0.0021872 0.0617703 0.1040742 0.0116870 0.0460976 0.0135070 0.1038346 0.0742471 0.0363755 0.0169447 0.0137353 0.0323075 0.0110249 0.0000000 0.0355543 0.0040338 0.0759938
 30 V  30 0.0760458 0.0183419 0.0775471 0.0480154 0.0047484 0.0323377 0.0257494 0.3032514 0.0216350 0.0374058 0.0821703 0.0257281 0.0044033 0.0048699 0.0143378 0.0468925 0.0210706 0.0011977 0.0022857 0.0780312 0.0739352
 31 A  31 0.1937600 0.0021566 0.0000000 0.0133238 0.0358033 0.0017239 0.0064843 0.0067747 0.0335456 0.0771650 0.0607422 0.0058700 0.0099301 0.0862800 0.0232264 0.0242025 0.0348743 0.0000000 0.0186626 0.3201658 0.0453089
 32 D  32 0.0302942 0.0357560 0.0401215 0.3501565 0.0019796 0.0402414 0.1621979 0.0018915 0.0158239 0.0037510 0.0041115 0.0882691 0.0011028 0.0000000 0.0059976 0.0537736 0.1179114 0.0000000 0.0000000 0.0098919 0.0367290
 33 V  33 0.0229988 0.0023266 0.0025053 0.0000000 0.0077825 0.0000000 0.0055816 0.0000000 0.0017458 0.1550129 0.2483045 0.0000000 0.0119021 0.0000000 0.0816566 0.0066543 0.0368234 0.0023910 0.0000000 0.3838043 0.0305102
 34 H  34 0.0292068 0.0356586 0.0100695 0.0172022 0.0134041 0.0287695 0.0914504 0.0032569 0.1230700 0.0762131 0.0806236 0.0937011 0.0412394 0.0955375 0.0000000 0.0270999 0.0290888 0.0000000 0.0672806 0.1080880 0.0290400
 35 D  35 0.0782608 0.0070127 0.2288899 0.2777158 0.0063250 0.0038477 0.1244597 0.0178533 0.0023555 0.0059976 0.0097840 0.0060524 0.0050916 0.0017500 0.0279472 0.1259404 0.0193768 0.0000000 0.0027776 0.0204754 0.0280866
 36 I  36 0.0715660 0.0024716 0.0000000 0.0000000 0.0328121 0.0000000 0.0035433 0.0000000 0.0013496 0.2357666 0.1298819 0.0023192 0.2573656 0.0101732 0.0010715 0.0012702 0.0036102 0.0000000 0.0374662 0.1823659 0.0269669
 37 A  37 0.1917744 0.0070432 0.0707416 0.2680799 0.0044212 0.0071782 0.0751635 0.0666760 0.0110579 0.0032122 0.0099676 0.0773272 0.0064388 0.0000000 0.0021539 0.1081090 0.0528819 0.0011546 0.0064768 0.0017087 0.0284334
 38 K  38 0.0404398 0.0362775 0.0347862 0.3743518 0.0070519 0.0477356 0.1426378 0.0404356 0.0085749 0.0010117 0.0172082 0.0924624 0.0200704 0.0172583 0.0000000 0.0561986 0.0237377 0.0000000 0.0072179 0.0015585 0.0309853
 39 S  39 0.1651625 0.0000000 0.0011147 0.0413382 0.0263864 0.0052016 0.0247325 0.0148534 0.0045747 0.0532605 0.0440390 0.0000000 0.0129979 0.0901697 0.0095503 0.0825196 0.0770364 0.0000000 0.2091225 0.1029000 0.0350400
 40 S  40 0.0624485 0.0152016 0.0704629 0.1796605 0.0027491 0.0112995 0.0815265 0.0272617 0.0063500 0.0036546 0.0042907 0.1491165 0.0019637 0.0012603 0.0849383 0.1380739 0.0952320 0.0157665 0.0016664 0.0000000 0.0470769
 41 K  41 0.1713303 0.0111019 0.0087253 0.0067090 0.0000000 0.0236253 0.0147511 0.0185178 0.0083586 0.0768826 0.1606036 0.0679062 0.0103102 0.0409334 0.1521168 0.0139014 0.0382099 0.0000000 0.0048841 0.1451652 0.0259674
 42 E  42 0.1315600 0.0416963 0.0470351 0.1472843 0.0000000 0.0297648 0.2277676 0.0201275 0.0054310 0.0051060 0.0145020 0.1139388 0.0013652 0.0034773 0.0064955 0.1234940 0.0417657 0.0000000 0.0044414 0.0135404 0.0212070
 43 D  43 0.0589779 0.0284335 0.0625731 0.3267575 0.0064970 0.1065760 0.1373981 0.0117102 0.0064680 0.0071026 0.0487395 0.0525236 0.0031458 0.0076392 0.0055130 0.0521413 0.0425244 0.0000000 0.0021886 0.0122932 0.0207974
 44 L  44 0.0154044 0.0000000 0.0000000 0.0000000 0.0011508 0.0000000 0.0000000 0.0000000 0.0000000 0.1369504 0.5360376 0.0000000 0.0841555 0.1483575 0.0000000 0.0028597 0.0031902 0.0047376 0.0012967 0.0494265 0.0164330
 45 E  45 0.1877677 0.0114218 0.0567075 0.0395157 0.0030313 0.0318478 0.1686507 0.0187322 0.0051601 0.0220359 0.0736979 0.1294718 0.0088181 0.0058963 0.1090268 0.0510578 0.0429685 0.0000000 0.0018697 0.0156377 0.0166847
 46 A  46 0.0956231 0.0214964 0.0808119 0.1239159 0.0007029 0.0844507 0.1280410 0.0905672 0.0173118 0.0020023 0.0092438 0.1446789 0.0010124 0.0057795 0.0241262 0.1037263 0.0379769 0.0000000 0.0051786 0.0101763 0.0131779
 47 Y  47 0.0543229 0.0070221 0.0210556 0.0361642 0.0130324 0.0039908 0.2256360 0.0080306 0.0268170 0.0256519 0.0160968 0.0026826 0.0151494 0.0994405 0.0067250 0.0109083 0.0118990 0.0000000 0.3637838 0.0354305 0.0161607
 48 D  48 0.0217772 0.0495626 0.0371062 0.4101492 0.0089613 0.0553583 0.1285923 0.0204012 0.0156502 0.0009673 0.0019161 0.0895834 0.0000000 0.0000000 0.0217160 0.0641853 0.0486213 0.0021424 0.0011479 0.0037040 0.0184577
 49 I  49 0.0582465 0.0335315 0.1443084 0.0366009 0.0190956 0.0090651 0.0033631 0.0291111 0.0473359 0.1058487 0.1757154 0.0339054 0.0175534 0.0778653 0.0019655 0.0163189 0.0265889 0.0029489 0.0582752 0.0866921 0.0156642
 50 L  50 0.0667481 0.0000000 0.0010885 0.0000000 0.0150206 0.0000000 0.0000000 0.0000000 0.0035344 0.1254331 0.5115765 0.0000000 0.0061766 0.0182307 0.0000000 0.0000000 0.0059119 0.0149180 0.0106277 0.2092800 0.0114540
 51 L  51 0.0057265 0.0000000 0.0000000 0.0000000 0.0020863 0.0000000 0.0000000 0.0000000 0.0000000 0.4364444 0.2978757 0.0000000 0.0148179 0.0569944 0.0000000 0.0031226 0.0052474 0.0000000 0.0063770 0.1598537 0.0114540
 52 L  52 0.0070124 0.0000000 0.0000000 0.0000000 0.0202254 0.0000000 0.0000000 0.0000000 0.0000000 0.1703823 0.3687555 0.0000000 0.0114180 0.2644121 0.0000000 0.0000000 0.0025038 0.0000000 0.0028597 0.1409767 0.0114540
 53 G  53 0.0645855 0.0000000 0.0000000 0.0000000 0.0353053 0.0000000 0.0000000 0.4436837 0.0000000 0.1224372 0.0118525 0.0000000 0.0200564 0.0111955 0.0000000 0.0020366 0.0016642 0.0000000 0.0021347 0.2735944 0.0114540
 54 I  54 0.1023387 0.0000000 0.0037547 0.0000000 0.1207558 0.0021213 0.0000000 0.0027219 0.0000000 0.1740297 0.0339944 0.0000000 0.0351156 0.0000000 0.0048143 0.0901874 0.2857265 0.0000000 0.0000000 0.1329857 0.0114540
 55 P  55 0.1012055 0.0000000 0.0000000 0.0000000 0.0017151 0.0000000 0.0000000 0.0000000 0.0000000 0.0000000 0.0000000 0.0000000 0.0000000 0.0000000 0.2633237 0.5625584 0.0000000 0.0000000 0.0597432 0.0000000 0.0114540
 56 T  56 0.0000000 0.0000000 0.0060286 0.0000000 0.0000000 0.0000000 0.0000000 0.0000000 0.0000000 0.0000000 0.0000000 0.0000000 0.0000000 0.0000000 0.0000000 0.0255161 0.9533245 0.0000000 0.0000000 0.0036769 0.0114540
 57 W  57 0.0333230 0.0000000 0.0097838 0.0000000 0.0074678 0.0526402 0.0000000 0.0000000 0.0855141 0.0000000 0.0207332 0.0000000 0.0077488 0.0416893 0.0000000 0.0096853 0.0892496 0.4075032 0.2201577 0.0030500 0.0114540
 58 Y  58 0.0033557 0.0000000 0.0487736 0.0959592 0.0000000 0.0042493 0.0000000 0.7237844 0.0041041 0.0000000 0.0000000 0.0000000 0.0000000 0.0257033 0.0000000 0.0021049 0.0000000 0.0039946 0.0765170 0.0000000 0.0114540
 59 Y  59 0.0639038 0.0000000 0.0112824 0.2256072 0.0040513 0.1144015 0.2476109 0.0012188 0.0071602 0.0280121 0.0149101 0.0016626 0.0070691 0.0776988 0.0000000 0.0174300 0.0315686 0.0000000 0.0932524 0.0370682 0.0160920
 60 G  60 0.0000000 0.0000000 0.0027776 0.0044738 0.0000000 0.0000000 0.0050293 0.9722707 0.0000000 0.0000000 0.0000000 0.0000000 0.0039946 0.0000000 0.0000000 0.0000000 0.0000000 0.0000000 0.0000000 0.0000000 0.0114540
 61 E  61 0.0190801 0.0131047 0.0000000 0.3009968 0.0000000 0.0414202 0.5794878 0.0148070 0.0017273 0.0013035 0.0010689 0.0000000 0.0034745 0.0000000 0.0000000 0.0043897 0.0038795 0.0000000 0.0000000 0.0038062 0.0114540
 62 A  62 0.0957869 0.0012593 0.0010034 0.0101589 0.0000000 0.0066698 0.0261133 0.0000000 0.0000000 0.0658573 0.3567772 0.0010792 0.0428035 0.0496367 0.2636495 0.0220552 0.0060557 0.0000000 0.0099462 0.0271983 0.0139496
 63 Q  63 0.0114344 0.0000000 0.0018374 0.0000000 0.0000000 0.3530750 0.0026294 0.0131047 0.0061124 0.0000000 0.0036021 0.0039946 0.0024076 0.0026459 0.5015200 0.0000000 0.0811815 0.0000000 0.0025053 0.0000000 0.0139496
 64 C  64 0.0366560 0.0072801 0.0149422 0.4632271 0.0615284 0.0421866 0.1500428 0.0110278 0.0017990 0.0051914 0.0050821 0.0100717 0.0000000 0.0077048 0.0240915 0.0585816 0.0634688 0.0000000 0.0231441 0.0025199 0.0114540
 65 D  65 0.0246546 0.0066120 0.3117197 0.3886881 0.0000000 0.0023134 0.0983370 0.0240051 0.0058301 0.0000000 0.0032693 0.0024843 0.0000000 0.0000000 0.0111864 0.0719404 0.0118460 0.0000000 0.0220575 0.0036021 0.0114540
 66 W  66 0.2750064 0.0000000 0.0000000 0.0000000 0.0030748 0.0000000 0.0000000 0.0952671 0.0000000 0.0189118 0.0085638 0.0000000 0.0735016 0.0434484 0.0000000 0.0138891 0.0047940 0.4460818 0.0000000 0.0060074 0.0114540
 67 D  67 0.0680788 0.0690435 0.0100705 0.1491758 0.0000000 0.0661020 0.1830764 0.0187293 0.0033078 0.0482186 0.0825824 0.0751415 0.0234348 0.0038584 0.0041387 0.0247096 0.0180542 0.0033976 0.0462256 0.0912008 0.0114540
 68 D  68 0.1239160 0.0255150 0.0368182 0.2788984 0.0000000 0.0327666 0.1674072 0.0628599 0.0000000 0.0028361 0.0152859 0.0331587 0.0072398 0.0015943 0.0565097 0.0989493 0.0243580 0.0000000 0.0039836 0.0136058 0.0142976
 69 F  69 0.0312293 0.0049304 0.0123669 0.0000000 0.0057931 0.0057879 0.0000000 0.0346126 0.0146659 0.0420800 0.1637147 0.0249740 0.0085226 0.5791825 0.0068768 0.0040064 0.0130682 0.0058576 0.0100268 0.0294609 0.0028436
 70 F  70 0.0188808 0.0030966 0.0000000 0.0051205 0.0041905 0.0018631 0.0124372 0.0047446 0.0731158 0.0479015 0.1598645 0.0034947 0.0217458 0.1197055 0.0000000 0.0031670 0.0055531 0.2690252 0.1763418 0.0585085 0.0112433
 71 P  71 0.0184007 0.0333383 0.0286836 0.2395128 0.0000000 0.0343934 0.2309874 0.0259297 0.0028373 0.0036340 0.0104918 0.1389759 0.0089026 0.0069813 0.1624024 0.0272309 0.0099279 0.0000000 0.0040044 0.0021221 0.0112433
 72 T  72 0.0910428 0.0231374 0.0255069 0.1033092 0.0000000 0.0657003 0.1584173 0.0201205 0.0045403 0.0137850 0.0354652 0.0625258 0.0061964 0.1569872 0.0000000 0.0474947 0.0774993 0.0448707 0.0285216 0.0348795 0.0000000
 73 L  73 0.0068604 0.0000000 0.0024580 0.0016142 0.0000000 0.0000000 0.0000000 0.0000000 0.0000000 0.1524610 0.6884510 0.0010468 0.0402781 0.0570156 0.0000000 0.0000000 0.0039297 0.0000000 0.0000000 0.0458853 0.0000000
 74 E  74 0.0820191 0.0384511 0.0425340 0.0916651 0.0089201 0.0579207 0.1628151 0.0360760 0.0170362 0.0000000 0.0302383 0.2409689 0.0087987 0.0022409 0.0785716 0.0651776 0.0325633 0.0000000 0.0000000 0.0026603 0.0013429
 75 E  75 0.2189375 0.0278820 0.0483860 0.1348922 0.0000000 0.0516543 0.1543218 0.0862356 0.0057790 0.0015555 0.0036113 0.0729121 0.0000000 0.0000000 0.0224235 0.1206569 0.0457378 0.0000000 0.0000000 0.0036718 0.0013429
 76 I  76 0.1032464 0.0168861 0.0105520 0.0321300 0.0023731 0.0182630 0.0340989 0.0184257 0.0068889 0.1357215 0.1917246 0.0179951 0.0285276 0.0056937 0.2391530 0.0181966 0.0430179 0.0000000 0.0000000 0.0771060 0.0000000
 77 D  77 0.0131349 0.0490660 0.1254224 0.4828023 0.0038788 0.0177385 0.0313153 0.0230132 0.0135482 0.0000000 0.0024973 0.1104291 0.0018716 0.0122432 0.0122502 0.0722672 0.0087273 0.0151689 0.0033706 0.0012550 0.0000000
 78 F  78 0.0033912 0.0000000 0.0000000 0.0000000 0.0035056 0.0000000 0.0000000 0.0000000 0.0000000 0.0044813 0.7348251 0.0000000 0.0138539 0.2144363 0.0000000 0.0000000 0.0021566 0.0000000 0.0000000 0.0182262 0.0051239
 79 N  79 0.0920571 0.0114782 0.0769735 0.0770435 0.0065430 0.0369139 0.1173194 0.0203519 0.0125222 0.0030243 0.0056001 0.0987767 0.0000000 0.0000000 0.0513492 0.2886193 0.0986556 0.0000000 0.0012760 0.0014960 0.0000000
 80 G  80 0.0171726 0.0074498 0.1387637 0.0637784 0.0035557 0.0317372 0.0228856 0.5938818 0.0374780 0.0000000 0.0000000 0.0199201 0.0010288 0.0009902 0.0050868 0.0316615 0.0246099 0.0000000 0.0000000 0.0000000 0.0000000
 81 K  81 0.0104683 0.0347746 0.0000000 0.0000000 0.0020785 0.0031242 0.0000000 0.0000000 0.0017830 0.0280395 0.2162732 0.4829790 0.0291993 0.0037023 0.0000000 0.0025350 0.0491697 0.0000000 0.0000000 0.1358734 0.0000000
 82 L  82 0.0219264 0.1593057 0.0725405 0.0130340 0.0029717 0.0512488 0.0066401 0.0011625 0.0333575 0.0548037 0.0624049 0.2490819 0.0040366 0.0094869 0.0210311 0.0312556 0.1461526 0.0000000 0.0086642 0.0508955 0.0000000
 83 V  83 0.0178674 0.0000000 0.0000000 0.0000000 0.0121130 0.0000000 0.0000000 0.0022744 0.0030116 0.1026849 0.0000000 0.0000000 0.0020585 0.2326655 0.0000000 0.0000000 0.0092001 0.0000000 0.2426868 0.3754377 0.0000000
 84 A  84 0.7039262 0.0000000 0.0000000 0.0000000 0.0000000 0.0000000 0.0000000 0.1179316 0.0000000 0.0000000 0.0036021 0.0000000 0.0000000 0.0000000 0.0014958 0.1171454 0.0335582 0.0000000 0.0000000 0.0223406 0.0000000
 85 L  85 0.0222619 0.0000000 0.0000000 0.0000000 0.0237193 0.0020772 0.0000000 0.0000000 0.0000000 0.1476452 0.2885507 0.0000000 0.0143090 0.0204520 0.0000000 0.0037731 0.0052349 0.0020499 0.0185212 0.4514055 0.0000000
 86 F  86 0.0048143 0.0000000 0.0000000 0.0000000 0.0194749 0.0000000 0.0000000 0.0000000 0.0000000 0.0340544 0.2233944 0.0000000 0.0025045 0.6034221 0.0000000 0.0016657 0.0000000 0.0000000 0.0488454 0.0618243 0.0000000
 87 G  87 0.1681338 0.0000000 0.0000000 0.0037547 0.0000000 0.0000000 0.0000000 0.8098679 0.0000000 0.0000000 0.0000000 0.0000000 0.0000000 0.0000000 0.0000000 0.0182436 0.0000000 0.0000000 0.0000000 0.0000000 0.0000000
 88 C  88 0.0221910 0.0000000 0.0000000 0.0015050 0.1534380 0.0000000 0.0000000 0.0032938 0.0000000 0.0239675 0.6041426 0.0000000 0.0431747 0.0227404 0.0021795 0.0605303 0.0325543 0.0000000 0.0000000 0.0286173 0.0016657
 89 G  89 0.0025588 0.0000000 0.0000000 0.0046380 0.0082127 0.0000000 0.0000000 0.9845905 0.0000000 0.0000000 0.0000000 0.0000000 0.0000000 0.0000000 0.0000000 0.0000000 0.0000000 0.0000000 0.0000000 0.0000000 0.0000000
 90 D  90 0.0054162 0.0000000 0.0984483 0.8773856 0.0000000 0.0000000 0.0000000 0.0034055 0.0018758 0.0000000 0.0000000 0.0000000 0.0000000 0.0000000 0.0000000 0.0115260 0.0000000 0.0000000 0.0000000 0.0000000 0.0019426
 91 Q  91 0.0199511 0.0495420 0.0000000 0.0000000 0.0111842 0.3696384 0.0046995 0.0036928 0.0151409 0.0009227 0.0010244 0.0386935 0.0039547 0.0000000 0.0045809 0.2807154 0.0810689 0.0000000 0.0075709 0.0034291 0.1041906
 92 E  92 0.0335916 0.0128434 0.0122904 0.0232754 0.0000000 0.0471876 0.1901543 0.0123610 0.0228949 0.0362166 0.0289124 0.0105898 0.0028549 0.0511111 0.0000000 0.2756568 0.0697224 0.0000000 0.0064551 0.0696223 0.0942601
 93 D  93 0.0233216 0.0296081 0.0251310 0.0893439 0.0000000 0.0000000 0.0036752 0.1484577 0.0000000 0.0137712 0.0000000 0.0234111 0.0013630 0.0013684 0.0000000 0.1640671 0.0457418 0.0019113 0.0447120 0.0118802 0.3722366
 94 Y  94 0.0085595 0.0000000 0.0215169 0.0031933 0.0035214 0.0000000 0.0000000 0.0205686 0.0438222 0.0047044 0.0000000 0.0000000 0.0017273 0.0369497 0.0000000 0.0046380 0.0244384 0.0364265 0.4193680 0.0019426 0.3686232
 95 A  95 0.1014119 0.0000000 0.0000000 0.0027859 0.0106531 0.0000000 0.0013481 0.1294292 0.0000000 0.0000000 0.0000000 0.0037547 0.0000000 0.0042731 0.1590935 0.1133533 0.0102656 0.0000000 0.4594333 0.0000000 0.0041982
 96 E  96 0.0243286 0.0359954 0.0189768 0.2971935 0.0000000 0.0415310 0.3968052 0.0107721 0.0159055 0.0009234 0.0064715 0.0115023 0.0030313 0.0088503 0.0683012 0.0306580 0.0172116 0.0000000 0.0036021 0.0051104 0.0028298
 97 Y  97 0.0068063 0.0204060 0.0992435 0.0522427 0.0017090 0.0456249 0.0357122 0.0094215 0.0929723 0.0016298 0.0134256 0.0892784 0.0018731 0.0904816 0.0000000 0.0399308 0.1484849 0.0709090 0.1739328 0.0059158 0.0000000
 98 F  98 0.0000000 0.0000000 0.0000000 0.0000000 0.0000000 0.0000000 0.0000000 0.0000000 0.0000000 0.0000000 0.0051239 0.0000000 0.0000000 0.8203555 0.0000000 0.0000000 0.0000000 0.0000000 0.1709992 0.0035214 0.0000000
 99 C  99 0.0362845 0.0000000 0.1952249 0.0000000 0.4955558 0.0464983 0.0000000 0.0145309 0.0000000 0.0061154 0.0869242 0.0000000 0.0028664 0.0051239 0.0000000 0.0056231 0.0000000 0.0000000 0.0000000 0.1052526 0.0000000
100 D 100 0.0504452 0.0197104 0.0197414 0.3593481 0.0000000 0.1165649 0.0476911 0.1207820 0.0065171 0.0031753 0.0112899 0.1027008 0.0000000 0.0423516 0.0000000 0.0615198 0.0037269 0.0149299 0.0074534 0.0120522 0.0000000
101 A 101 0.5136288 0.0000000 0.0000000 0.0000000 0.0057494 0.0000000 0.0073032 0.1426796 0.0377881 0.0229448 0.0009966 0.0000000 0.0340318 0.0159065 0.0405344 0.0422721 0.0915567 0.0000000 0.0011694 0.0434387 0.0000000
102 L 102 0.1431497 0.0000000 0.0000000 0.0000000 0.0017409 0.0000000 0.0000000 0.2845948 0.0020366 0.0845002 0.1410018 0.0000000 0.2275263 0.0000000 0.0000000 0.0146475 0.0054933 0.0000000 0.0000000 0.0953090 0.0000000
103 G 103 0.0288703 0.1219157 0.0050234 0.0592262 0.0009653 0.0113021 0.0411521 0.3301150 0.0029925 0.0314227 0.0074459 0.2881259 0.0040793 0.0106055 0.0000000 0.0219717 0.0075907 0.0000000 0.0034002 0.0237953 0.0000000
104 T 104 0.0221481 0.0592521 0.0233637 0.1947969 0.0000000 0.0166947 0.0943324 0.0000000 0.0327450 0.1353948 0.0552969 0.1243825 0.0791694 0.0063435 0.0045875 0.0093099 0.0762749 0.0057372 0.0304421 0.0297285 0.0000000
105 I 105 0.0036161 0.0000000 0.0000000 0.0000000 0.0011940 0.0000000 0.0000000 0.0000000 0.0000000 0.1305004 0.5364784 0.0000000 0.0327887 0.1756867 0.0000000 0.0000000 0.0049624 0.0118104 0.0022683 0.1006948 0.0000000
106 R 106 0.0615920 0.0546130 0.0209961 0.3596230 0.0051119 0.0038492 0.0577702 0.0193515 0.1300316 0.0038689 0.0157041 0.0099930 0.0000000 0.0192998 0.0000000 0.0062015 0.0055122 0.0070999 0.2133632 0.0060191 0.0000000
107 D 107 0.1055211 0.0692219 0.0380535 0.2561149 0.0000000 0.0591225 0.2161135 0.0100231 0.0206968 0.0022570 0.0023761 0.1288487 0.0017556 0.0006874 0.0157041 0.0364533 0.0292475 0.0008923 0.0010862 0.0058244 0.0000000
108 I 108 0.0969736 0.3195794 0.0034020 0.0134500 0.0091570 0.0518021 0.0460232 0.0075010 0.0162279 0.0916866 0.0532262 0.1343029 0.0121035 0.0292479 0.0000000 0.0038381 0.0183492 0.0060899 0.0159671 0.0670122 0.0040603
109 I 109 0.0272518 0.0000000 0.0000000 0.0000000 0.0027839 0.0000000 0.0000000 0.0000000 0.0000000 0.1369795 0.5576284 0.0000000 0.0139457 0.1533420 0.0000000 0.0000000 0.0000000 0.0000000 0.0016678 0.1023406 0.0040603
110 E 110 0.1696154 0.0253196 0.0167874 0.0100993 0.0027569 0.0728475 0.2235971 0.0175769 0.0073689 0.0322632 0.0712006 0.1470199 0.0077143 0.0000000 0.0000000 0.0677120 0.0675266 0.0000000 0.0016655 0.0555234 0.0034055
111 P 111 0.1322099 0.0143343 0.0488227 0.0692363 0.0000000 0.1114951 0.2498680 0.0436314 0.0059906 0.0025134 0.0167530 0.1368189 0.0015410 0.0187627 0.0549725 0.0556065 0.0140414 0.0000000 0.0015517 0.0134717 0.0083792
112 R 112 0.0639680 0.0993918 0.0409427 0.0049127 0.0266135 0.0460113 0.0000000 0.0022483 0.0086977 0.0113062 0.4306860 0.0874205 0.0140340 0.0068397 0.0000000 0.0446024 0.0609893 0.0000000 0.0170659 0.0091074 0.0251628
113 G 113 0.0011114 0.0014441 0.0138451 0.0056979 0.0000000 0.0049678 0.0031005 0.9097284 0.0066382 0.0000000 0.0000000 0.0157859 0.0000000 0.0000000 0.0000000 0.0072571 0.0040372 0.0000000 0.0000000 0.0000000 0.0263864
114 A 114 0.7280575 0.0000000 0.0000000 0.0000000 0.0443113 0.0000000 0.0000000 0.1693584 0.0000000 0.0056403 0.0000000 0.0000000 0.0000000 0.0013352 0.0071082 0.0076386 0.0042863 0.0000000 0.0000000 0.0303790 0.0018853
115 T 115 0.0195124 0.0464917 0.0831378 0.0139604 0.0047469 0.0856148 0.1099728 0.0018827 0.0227935 0.0398217 0.0085711 0.2212690 0.0081333 0.0000000 0.0000000 0.0317212 0.2434238 0.0000000 0.0000000 0.0533389 0.0056079
116 I 116 0.0262970 0.2899167 0.0037820 0.0000000 0.0031417 0.0232537 0.0284119 0.0017535 0.0013349 0.1439807 0.0880573 0.0315070 0.0393488 0.0896062 0.0454286 0.0220497 0.0210020 0.0010504 0.0000000 0.1322110 0.0078669
117 V 117 0.0131371 0.0000000 0.0000000 0.0000000 0.0075646 0.0000000 0.0000000 0.0232710 0.0000000 0.2817588 0.2356969 0.0000000 0.0116293 0.0445870 0.0017365 0.0015585 0.0062139 0.0010160 0.0062595 0.3554296 0.0101413
118 G 118 0.0678773 0.0000000 0.0012197 0.0000000 0.0161776 0.0130794 0.0042470 0.5324003 0.0234994 0.0321848 0.0858457 0.0014118 0.0032834 0.0218656 0.0091948 0.0113149 0.0316864 0.0000000 0.0442095 0.0700334 0.0304690
119 H 119 0.1042818 0.0128439 0.0191905 0.1069492 0.0000000 0.0358819 0.2020686 0.0202121 0.0666181 0.0000000 0.0073537 0.0347954 0.0056993 0.0827470 0.1360711 0.0365438 0.0056065 0.0024608 0.0829590 0.0056218 0.0320956
120 W 120 0.0119200 0.2485615 0.0044171 0.0014455 0.0154968 0.0000000 0.0000000 0.0068249 0.0096820 0.0171819 0.0393122 0.0047689 0.0090679 0.0159776 0.0061423 0.0254519 0.1131259 0.2451282 0.0133779 0.1007864 0.1113312
121 P 121 0.0424369 0.0010636 0.0062175 0.0368768 0.0037111 0.0133187 0.0227792 0.0796388 0.0047713 0.0243662 0.0445976 0.0084180 0.0007417 0.0016589 0.2307489 0.1567702 0.0144845 0.0000000 0.0040965 0.1595478 0.1437559
122 T 122 0.0512937 0.0153534 0.0483375 0.2363894 0.0014079 0.0058649 0.0561407 0.0044589 0.0000000 0.0261112 0.0223068 0.0542861 0.0014482 0.0028035 0.0180809 0.0196216 0.2440574 0.0008930 0.0012338 0.0442027 0.1457085
123 A 123 0.0915249 0.0039946 0.0036195 0.1774175 0.2023224 0.0198413 0.1672420 0.0244456 0.0107455 0.0294921 0.0128288 0.0325313 0.0014444 0.0000000 0.0000000 0.0390466 0.0119629 0.0000000 0.0000000 0.0264021 0.1451385
124 G 124 0.0014079 0.0021572 0.0129063 0.3661511 0.0000000 0.0019821 0.0690466 0.3666978 0.0082863 0.0000000 0.0000000 0.0000000 0.0000000 0.0000000 0.0000000 0.0184186 0.0107940 0.0000000 0.0000000 0.0000000 0.1421521
125 Y 125 0.0189525 0.0000000 0.0000000 0.0191681 0.0000000 0.0000000 0.0152659 0.0093330 0.0019475 0.0222563 0.0768646 0.0140856 0.0000000 0.0147489 0.0287417 0.0033649 0.0091038 0.0000000 0.4710086 0.1393811 0.1557775
126 H 126 0.0305896 0.0112387 0.0268087 0.2842184 0.0066236 0.0507289 0.1547431 0.0031047 0.0423190 0.0070009 0.0018915 0.0398356 0.0013232 0.0040704 0.0028882 0.0638180 0.0894187 0.0000000 0.0134529 0.0008882 0.1650378
127 F 127 0.0163780 0.0000000 0.0000000 0.0065505 0.0000000 0.0020023 0.0013258 0.0028882 0.0610319 0.0167919 0.0037642 0.0035214 0.0218618 0.4497193 0.0215886 0.0025433 0.0035344 0.0013232 0.2120995 0.0092345 0.1638414
128 E 128 0.0147562 0.0016190 0.0337188 0.1865725 0.0028882 0.0540667 0.3651877 0.0067779 0.0039455 0.0063092 0.0030081 0.0237306 0.0000000 0.0035667 0.0098723 0.0469417 0.0612132 0.0000000 0.0024956 0.0075635 0.1657665
129 A 129 0.1782095 0.0208891 0.0150084 0.1214703 0.0024086 0.0218361 0.2043234 0.0332251 0.0319903 0.0056029 0.0073152 0.0144839 0.0077839 0.0165415 0.0090152 0.0850646 0.0222473 0.0000000 0.0129610 0.0053635 0.1842603
130 S 130 0.0397432 0.0025085 0.0015789 0.0816666 0.0105819 0.0158317 0.0115544 0.0025693 0.0008108 0.0015443 0.0099760 0.0059272 0.0008488 0.0000000 0.0710079 0.4700224 0.0370822 0.0000000 0.0020038 0.0156535 0.2190888
131 K 131 0.2007241 0.0875034 0.0050731 0.0151145 0.0022683 0.0145123 0.0511023 0.0068692 0.0017150 0.0201348 0.0342870 0.2225234 0.0017755 0.0289968 0.0137953 0.0221916 0.0218597 0.0000000 0.0234004 0.0073720 0.2187813
132 G 132 0.4349575 0.0081759 0.0076562 0.0359144 0.0000000 0.0108625 0.0433905 0.0637387 0.0031328 0.0073426 0.0257668 0.0089880 0.0015105 0.0000000 0.0204930 0.0852950 0.0118013 0.0000000 0.0000000 0.0016628 0.2293115
133 L 133 0.0768459 0.0077395 0.0058779 0.0109373 0.0092545 0.0447961 0.0587899 0.0206889 0.0021994 0.0331404 0.2036805 0.0206320 0.0118602 0.0297131 0.0023731 0.0081400 0.0223061 0.0026356 0.0026887 0.1788487 0.2468523
134 A 134 0.0383321 0.0071869 0.0048818 0.0076350 0.0069281 0.0268457 0.0356166 0.0307285 0.0000000 0.0817325 0.0240230 0.0101750 0.0067486 0.0089814 0.0000000 0.0055970 0.0749930 0.2404417 0.0068870 0.1113169 0.2709491
135 D 135 0.0356811 0.1067254 0.0218400 0.1157541 0.0031589 0.0189891 0.0742322 0.0213099 0.0051249 0.0569242 0.0582223 0.0657386 0.0218811 0.0024588 0.0213492 0.0103082 0.0171529 0.0022951 0.0039573 0.0112234 0.3256733
136 D 136 0.0208284 0.0082994 0.0864863 0.4125063 0.0041254 0.0148400 0.0785070 0.0487226 0.0021049 0.0013068 0.0046968 0.0284013 0.0000000 0.0000000 0.0000000 0.0093024 0.0042814 0.0000000 0.0039297 0.0011957 0.2704655
137 D 137 0.0197840 0.0083799 0.0575978 0.0518360 0.0000000 0.0498483 0.0632098 0.3256547 0.0034187 0.0000000 0.0000000 0.0521407 0.0000000 0.0000000 0.0080394 0.0221524 0.0085285 0.0000000 0.0000000 0.0012750 0.3281348
138 H 138 0.0237429 0.0325837 0.0285365 0.0054575 0.0010748 0.0653243 0.0276927 0.0000000 0.0938225 0.0051397 0.0104061 0.1794269 0.0454142 0.0000000 0.0000000 0.0108421 0.0381856 0.0107528 0.0134362 0.0623363 0.3458254
139 F 139 0.0171535 0.0010039 0.0018716 0.0049587 0.0000000 0.0000000 0.0025032 0.0000000 0.0000000 0.0223336 0.0616016 0.0013505 0.0050656 0.5000771 0.0000000 0.0000000 0.0025030 0.0265081 0.0057272 0.0056895 0.3416528
140 V 140 0.0384862 0.0034609 0.0043139 0.0038807 0.0489211 0.0027828 0.0065210 0.0085743 0.0009070 0.1216058 0.0717134 0.0062352 0.0127730 0.0174060 0.0048558 0.0070578 0.0102586 0.0000000 0.0097727 0.3325655 0.2879084
141 G 141 0.0396377 0.0046158 0.0000000 0.0012229 0.0013184 0.0000000 0.0094570 0.5894596 0.0000000 0.0087026 0.0096512 0.0022206 0.0000000 0.0000000 0.0168606 0.0137255 0.0067146 0.0000000 0.0019161 0.0021635 0.2923339
142 L 142 0.0047384 0.0023910 0.0072011 0.0009537 0.0011420 0.0015854 0.0000000 0.0000000 0.0000000 0.0104594 0.6305029 0.0020618 0.0060545 0.0016511 0.0022578 0.0000000 0.0021566 0.0363599 0.0000000 0.0013486 0.2891356
143 A 143 0.3526723 0.0021635 0.0010438 0.0000000 0.0322385 0.0013610 0.0016511 0.1187336 0.0000000 0.0062575 0.0099894 0.0009556 0.0116011 0.0000000 0.0646429 0.0205723 0.0094080 0.0000000 0.0029186 0.0632323 0.3005585
144 I 144 0.0055536 0.0010291 0.0014495 0.0510713 0.0079635 0.0000000 0.0032072 0.0000000 0.0024716 0.2066089 0.3302453 0.0016284 0.0000000 0.0106624 0.0035832 0.0009158 0.0041903 0.0000000 0.0000000 0.0183944 0.3510253
145 D 145 0.0000000 0.0000000 0.0013571 0.5742775 0.0000000 0.0023540 0.0035176 0.0488614 0.0000000 0.0000000 0.0000000 0.0014308 0.0000000 0.0000000 0.0022578 0.0040124 0.0013353 0.0000000 0.0000000 0.0032934 0.3573026
146 E 146 0.0267207 0.0000000 0.0147320 0.1291182 0.0000000 0.0744353 0.2991962 0.0014118 0.0056121 0.0152031 0.0153555 0.0097933 0.0040946 0.0108209 0.0055443 0.0025951 0.0078966 0.0000000 0.0021424 0.0010553 0.3742727
147 D 147 0.0208121 0.0120409 0.0056459 0.3540442 0.0087269 0.0043947 0.0540348 0.0243419 0.0123007 0.0177603 0.0061891 0.0101868 0.0046589 0.0000000 0.0073722 0.0070313 0.0160103 0.0000000 0.0039297 0.0692095 0.3613097
148 R 148 0.0118437 0.0876929 0.2990161 0.0142751 0.0048322 0.0579509 0.0000000 0.0153960 0.0020836 0.0039630 0.0016626 0.0147824 0.0000000 0.0055475 0.0019345 0.0608070 0.0218685 0.0025859 0.0053499 0.0000000 0.3884082
149 Q 149 0.0047069 0.0000000 0.0016856 0.0295137 0.0000000 0.3784190 0.1245248 0.0098036 0.0259186 0.0000000 0.0000000 0.0000000 0.0000000 0.0028436 0.0016120 0.0062640 0.0036821 0.0000000 0.0035465 0.0000000 0.4074795
150 P 150 0.0483955 0.0047884 0.0108610 0.0597935 0.0000000 0.0081883 0.0360321 0.0222504 0.0137280 0.0000000 0.0015461 0.0073093 0.0024956 0.0258314 0.1836787 0.1357499 0.0032873 0.0000000 0.0522080 0.0028132 0.3810435
151 E 151 0.0161710 0.0024998 0.0293826 0.2362423 0.0000000 0.0105330 0.1943522 0.0228550 0.0161476 0.0073080 0.0067714 0.0090423 0.0054162 0.0026253 0.0000000 0.0374095 0.0098309 0.0000000 0.0000000 0.0033892 0.3900238
152 L 152 0.0100653 0.0087133 0.0079209 0.0050338 0.0061834 0.0498239 0.0244536 0.0568193 0.0013971 0.0028436 0.2670831 0.1007822 0.0307379 0.0094048 0.0023272 0.0077929 0.0028736 0.0085357 0.0045855 0.0041701 0.3884528
153 T 153 0.0067849 0.0000000 0.0072077 0.0000000 0.0000000 0.0000000 0.0000000 0.0000000 0.0011774 0.0207184 0.0209237 0.0023382 0.0053853 0.0223007 0.0129575 0.0715692 0.3940198 0.0013730 0.0432793 0.0068788 0.3830861
154 A 154 0.0451981 0.0017990 0.0306359 0.2064052 0.0011822 0.0357304 0.2249373 0.0100705 0.0050876 0.0021424 0.0000000 0.0201024 0.0000000 0.0000000 0.0210179 0.0151583 0.0104025 0.0000000 0.0027533 0.0000000 0.3673768
155 E 155 0.0709431 0.0023626 0.0022820 0.0523972 0.0000000 0.0755116 0.2204709 0.0422486 0.0000000 0.0056530 0.0029936 0.0418681 0.0036779 0.0036021 0.0066076 0.0285978 0.0616302 0.0000000 0.0034589 0.0046978 0.3709969
156 R 156 0.0253928 0.4772209 0.0048091 0.0280305 0.0000000 0.0063841 0.0026013 0.0320308 0.0038460 0.0019345 0.0000000 0.0115189 0.0000000 0.0000000 0.0000000 0.0046106 0.0096798 0.0000000 0.0015461 0.0170596 0.3733351
157 V 157 0.0196229 0.0000000 0.0000000 0.0000000 0.0000000 0.0000000 0.0000000 0.0000000 0.0000000 0.2685015 0.1118858 0.0000000 0.0038715 0.0457655 0.0000000 0.0000000 0.0039490 0.0000000 0.0269100 0.1461233 0.3733706
158 E 158 0.0657889 0.0151621 0.0445564 0.1493293 0.0015517 0.0481816 0.0849175 0.0044239 0.0016277 0.0196581 0.0068474 0.0730196 0.0016720 0.0036027 0.0022951 0.0442542 0.0416245 0.0000000 0.0017087 0.0132213 0.3765575
159 K 159 0.1226993 0.0363326 0.0485909 0.0262526 0.0008175 0.0619385 0.0666149 0.0152645 0.0023094 0.0028388 0.0069655 0.0762929 0.0010089 0.0049147 0.0517916 0.0417424 0.0576820 0.0000000 0.0021330 0.0036861 0.3701237
160 W 160 0.0000000 0.0000000 0.0000000 0.0000000 0.0000000 0.0000000 0.0000000 0.0000000 0.0000000 0.0022951 0.0031226 0.0000000 0.0000000 0.0000000 0.0000000 0.0061146 0.0000000 0.6143772 0.0027533 0.0000000 0.3713371
161 V 161 0.0223708 0.0206986 0.0018593 0.0000000 0.0979334 0.0016370 0.0290159 0.0000000 0.0017869 0.0840218 0.1240010 0.0140933 0.0047872 0.0000000 0.0000000 0.0070354 0.0232967 0.0000000 0.0000000 0.1943720 0.3730906
162 K 162 0.0998083 0.0121013 0.0296430 0.0371774 0.0017990 0.0260916 0.1972085 0.0071290 0.0024608 0.0064166 0.0114012 0.0959662 0.0057207 0.0000000 0.0389072 0.0335269 0.0156435 0.0000000 0.0000000 0.0059081 0.3730906
163 Q 163 0.0223546 0.0275512 0.0037866 0.0306500 0.0000000 0.2933293 0.0414284 0.0138182 0.0012664 0.0069358 0.0212811 0.0622384 0.0027107 0.0010922 0.0009762 0.0614015 0.0148277 0.0060629 0.0019934 0.0072515 0.3790440
164 I 164 0.0061146 0.0000000 0.0051239 0.0000000 0.0000000 0.0000000 0.0000000 0.0000000 0.0000000 0.2185555 0.2462940 0.0000000 0.0046969 0.0166257 0.0000000 0.0018697 0.0000000 0.0000000 0.0000000 0.1232193 0.3775005
165 S 165 0.0213685 0.0293626 0.0081495 0.0000000 0.0049044 0.0120315 0.0074613 0.0024843 0.0064698 0.0136993 0.0798071 0.1979249 0.0104910 0.0090370 0.0000000 0.0131068 0.0051915 0.1262320 0.0318726 0.0134516 0.4069541
166 E 166 0.0297015 0.0144930 0.0281632 0.0288145 0.0000000 0.0320128 0.0947612 0.0260361 0.0088771 0.0040877 0.0176852 0.0732335 0.0000000 0.0000000 0.1345470 0.0373155 0.0335034 0.0000000 0.0000000 0.0134231 0.4233453
167 E 167 0.0964178 0.0000000 0.0087074 0.0106495 0.0000000 0.0103356 0.3123446 0.0017458 0.0110765 0.0111713 0.0139301 0.0248566 0.0024883 0.0000000 0.0000000 0.0220102 0.0135557 0.0000000 0.0101560 0.0089467 0.4416079
168 L 168 0.0026511 0.0038403 0.0000000 0.0000000 0.0000000 0.0000000 0.0000000 0.0000000 0.0000000 0.0577240 0.2039601 0.0000000 0.0792937 0.1272652 0.0000000 0.0000000 0.0023272 0.0075281 0.0161254 0.0170033 0.4822815
169 H 169 0.0053617 0.0015311 0.0459365 0.0073240 0.0510581 0.0177720 0.0272431 0.0958351 0.0227970 0.0000000 0.0014243 0.0061550 0.0000000 0.0000000 0.0015349 0.0483787 0.0010675 0.0000000 0.0045853 0.0000000 0.6619956
170 L 170 0.0000000 0.0000000 0.0014029 0.0000000 0.0000000 0.0015586 0.0000000 0.0000000 0.0020823 0.0128072 0.1336941 0.0000000 0.0024883 0.0021330 0.0000000 0.0056644 0.0061324 0.0000000 0.0031363 0.0477843 0.7811163
171 D 171 0.0420923 0.0019520 0.0112606 0.0413600 0.0000000 0.0033307 0.0094955 0.0011782 0.0000000 0.0016762 0.0022480 0.0197377 0.0000000 0.0000000 0.0014735 0.0166292 0.0019722 0.0000000 0.0045552 0.0040194 0.8370192
172 E 172 0.0014735 0.0000000 0.0333536 0.0113497 0.0000000 0.0037299 0.0541249 0.0000000 0.0000000 0.0012232 0.0049829 0.0110740 0.0000000 0.0000000 0.0070909 0.0058474 0.0065290 0.0000000 0.0000000 0.0000000 0.8592211
173 I 173 0.0083507 0.0000000 0.0000000 0.0000000 0.0000000 0.0000000 0.0000000 0.0000000 0.0000000 0.0226792 0.0459711 0.0000000 0.0000000 0.0000000 0.0129167 0.0033706 0.0000000 0.0000000 0.0000000 0.0343452 0.8723664
174 L 174 0.0109832 0.0000000 0.0000000 0.0032361 0.0000000 0.0022480 0.0581531 0.0000000 0.0000000 0.0152835 0.0129613 0.0014144 0.0000000 0.0000000 0.0000000 0.0000000 0.0037605 0.0000000 0.0000000 0.0057102 0.8862496
175 N 175 0.0037578 0.0000000 0.0039147 0.0256982 0.0000000 0.0000000 0.0098539 0.0381765 0.0000000 0.0000000 0.0000000 0.0019520 0.0000000 0.0000000 0.0000000 0.0115934 0.0000000 0.0000000 0.0000000 0.0000000 0.9050534
176 A 176 0.0174947 0.0000000 0.0000000 0.0000000 0.0000000 0.0000000 0.0000000 0.0000000 0.0000000 0.0019547 0.0000000 0.0000000 0.0000000 0.0000000 0.0000000 0.0028327 0.0000000 0.0000000 0.0000000 0.0120642 0.9656537
