  201         A         R         N         D         C         Q         E         G         H         I         L         K         M         F         P         S         T         W         Y         V    
  1 G   1 0.5087890 0.0000000 0.0000000 0.0000000 0.0000000 0.0000000 0.0000000 0.1740329 0.0000000 0.0000000 0.0000000 0.0000000 0.0000000 0.0000000 0.0000000 0.3171780 0.0000000 0.0000000 0.0000000 0.0000000
  2 S   2 0.0317175 0.0000000 0.0726271 0.0000000 0.0000000 0.0000000 0.0312876 0.0000000 0.0000000 0.0000000 0.0000000 0.0000000 0.0369616 0.0000000 0.0000000 0.5829464 0.2444598 0.0000000 0.0000000 0.0000000
  3 H   3 0.5968389 0.0538667 0.0888191 0.0000000 0.0000000 0.0000000 0.0000000 0.0000000 0.0101876 0.0200765 0.0211771 0.0233931 0.0000000 0.0298463 0.0141308 0.0292154 0.0214767 0.0000000 0.0414081 0.0495638
  4 M   4 0.0000000 0.0390897 0.0000000 0.0000000 0.0000000 0.0000000 0.0000000 0.0000000 0.0108955 0.1077178 0.3832460 0.0120556 0.2650409 0.0760531 0.0113550 0.0264086 0.0130849 0.0000000 0.0210545 0.0339984
  5 E   5 0.0280675 0.0060780 0.0547276 0.0897735 0.0000000 0.1543729 0.2578130 0.0000000 0.0494803 0.0000000 0.0000000 0.0921536 0.0250921 0.0000000 0.0000000 0.1720402 0.0602187 0.0000000 0.0000000 0.0101824
  6 F   6 0.0300550 0.0798984 0.0000000 0.0000000 0.0000000 0.0525534 0.1678506 0.0000000 0.0000000 0.0661943 0.1980806 0.0220358 0.0195771 0.1425705 0.0501366 0.0805537 0.0466603 0.0000000 0.0000000 0.0438336
  7 Q   7 0.0733412 0.0110360 0.0796010 0.2251135 0.0000000 0.0516542 0.1241284 0.0944891 0.0159219 0.0419342 0.0463106 0.0112053 0.0000000 0.0055081 0.0000000 0.1609983 0.0162192 0.0000000 0.0000000 0.0425389
  8 S   8 0.0334075 0.0220105 0.0725816 0.1177298 0.0277277 0.0504945 0.0701512 0.0535360 0.0106263 0.0080186 0.0139858 0.0321011 0.0425007 0.0058146 0.0574818 0.2568000 0.0611491 0.0000000 0.0077606 0.0561225
  9 D   9 0.0264757 0.0100461 0.1621152 0.3838712 0.0000000 0.0000000 0.0857924 0.0295548 0.0083622 0.0365196 0.0143319 0.0330467 0.0000000 0.0000000 0.0060319 0.0595171 0.0833750 0.0108541 0.0315769 0.0185293
 10 H  10 0.0078493 0.0132782 0.1179236 0.1187896 0.0000000 0.1600686 0.1925857 0.0049479 0.1386417 0.0297463 0.0117336 0.0194819 0.0153607 0.0070543 0.0396486 0.0403222 0.0103643 0.0000000 0.0201487 0.0520548
 11 R  11 0.0526293 0.1621423 0.0246177 0.0207582 0.0000000 0.0219958 0.1083896 0.0657145 0.0360892 0.0260374 0.0427933 0.0054606 0.0000000 0.0062524 0.2385071 0.1446729 0.0206126 0.0000000 0.0138746 0.0094526
 12 E  12 0.0403683 0.0056522 0.0997395 0.1761899 0.0272566 0.1000528 0.1684021 0.0228228 0.1374256 0.0274739 0.0218561 0.0267402 0.0052665 0.0000000 0.0065045 0.0932647 0.0000000 0.0000000 0.0000000 0.0409844
 13 L  13 0.0000000 0.0085650 0.0319455 0.0000000 0.0000000 0.0000000 0.0333047 0.0050672 0.0164770 0.0082526 0.6549494 0.0000000 0.0569091 0.0252482 0.0262932 0.0981724 0.0000000 0.0000000 0.0109954 0.0238203
 14 I  14 0.0215940 0.0216275 0.0000000 0.0622865 0.0034939 0.0371535 0.0108718 0.0194451 0.0073530 0.5174586 0.0040763 0.0212939 0.0000000 0.0076553 0.0651583 0.0132295 0.0647531 0.0000000 0.0000000 0.1225498
 15 G  15 0.0797032 0.0108974 0.0781636 0.0147555 0.0261738 0.0281750 0.0070630 0.5128102 0.0000000 0.0000000 0.0139960 0.0520970 0.0338170 0.0000000 0.0295786 0.0787185 0.0040759 0.0000000 0.0000000 0.0299753
 16 D  16 0.0211978 0.0000000 0.0074994 0.6040356 0.0085382 0.0291398 0.0103828 0.0000000 0.0167375 0.0220618 0.0207053 0.0083516 0.0066846 0.0153543 0.0190927 0.0848184 0.1254001 0.0000000 0.0000000 0.0000000
 17 Y  17 0.0250160 0.0184779 0.0367887 0.0283411 0.0000000 0.0000000 0.0066749 0.0164481 0.0209035 0.0728600 0.2106209 0.0000000 0.0091019 0.3651425 0.0401292 0.0185877 0.0114692 0.0267998 0.0830248 0.0096137
 18 S  18 0.0287851 0.0134237 0.0000000 0.0378756 0.0000000 0.0143909 0.1025176 0.0031570 0.0266651 0.0286469 0.0677803 0.0167782 0.0106242 0.0089446 0.0091311 0.4718284 0.0659043 0.0123739 0.0000000 0.0811728
 19 K  19 0.0480425 0.0855843 0.0151491 0.0160829 0.0038751 0.0541209 0.0606539 0.0072030 0.0000000 0.0212202 0.1111004 0.4222835 0.0000000 0.0023536 0.0237623 0.0260402 0.0361614 0.0000000 0.0088274 0.0575392
 20 A  20 0.1464199 0.0359123 0.0140462 0.0419290 0.0237298 0.0278033 0.0455529 0.0227570 0.0289255 0.0163554 0.0360725 0.0934934 0.0142828 0.0376094 0.2092807 0.0593310 0.0457536 0.0000000 0.0035326 0.0972127
 21 F  21 0.0000000 0.0185551 0.0044798 0.0000000 0.1482920 0.0076713 0.0201286 0.0000000 0.0650557 0.0175455 0.0829219 0.0113068 0.0000000 0.1367293 0.0288636 0.0066840 0.0588520 0.0074881 0.3824075 0.0030189
 22 L  22 0.1660078 0.0108103 0.0310531 0.0000000 0.0169506 0.0147691 0.0282853 0.0257649 0.0208469 0.0945658 0.1696333 0.0176197 0.0099803 0.0459231 0.0452278 0.1166540 0.0831660 0.0000000 0.0000000 0.1027421
 23 L  23 0.0194889 0.0000000 0.0029252 0.0038026 0.0000000 0.0000000 0.0205463 0.0000000 0.0044745 0.1145169 0.6546378 0.0000000 0.0218287 0.0415462 0.0496484 0.0155425 0.0184803 0.0031204 0.0028752 0.0265661
 24 Q  24 0.0321206 0.0219098 0.0128484 0.0323995 0.0000000 0.0475323 0.0355077 0.0046468 0.0232654 0.0116441 0.0229657 0.0244735 0.0000000 0.0062006 0.6478038 0.0188866 0.0438253 0.0000000 0.0000000 0.0139699
 25 T  25 0.0313493 0.0111314 0.0134655 0.0000000 0.0850167 0.0081563 0.0105748 0.0087495 0.0242268 0.0447058 0.1918170 0.0275557 0.0042709 0.1148919 0.0024775 0.0415533 0.3042560 0.0000000 0.0232141 0.0525875
 26 V  26 0.0296349 0.0061218 0.0229226 0.0094602 0.0279655 0.0052148 0.0324467 0.0241583 0.0363092 0.0746372 0.1133445 0.0098588 0.0297195 0.0890889 0.0096336 0.0885180 0.1083499 0.0000000 0.0062629 0.2763528
 27 D  27 0.0554569 0.0383049 0.0493777 0.1508060 0.0038778 0.0571378 0.1439666 0.0208051 0.0365531 0.0185750 0.0176571 0.0743640 0.0091340 0.0045754 0.0270396 0.2000384 0.0772814 0.0000000 0.0069045 0.0081448
 28 G  28 0.1054725 0.0118612 0.0377712 0.0800322 0.0019767 0.0128217 0.0387130 0.3040612 0.0050517 0.0098422 0.0429022 0.0392274 0.0030495 0.0119038 0.0497927 0.1107112 0.0571732 0.0000000 0.0000000 0.0776363
 29 K  29 0.0579811 0.1252292 0.0414017 0.0317807 0.0037468 0.0597104 0.1073570 0.0212164 0.0167935 0.0143181 0.0061886 0.2653179 0.0052286 0.0000000 0.1585669 0.0360296 0.0240356 0.0079031 0.0116970 0.0054979
 30 H  30 0.0572418 0.0331230 0.0829189 0.0817972 0.0220469 0.0498533 0.0322528 0.0114805 0.2740360 0.0170041 0.0058130 0.0429897 0.0096425 0.0057400 0.0446777 0.1443770 0.0657939 0.0000000 0.0025603 0.0166515
 31 Q  31 0.0365030 0.0686239 0.0148046 0.2234614 0.0212943 0.1802060 0.0673088 0.0320238 0.0134909 0.0036506 0.0074181 0.0463325 0.0024002 0.0000000 0.0528025 0.1920329 0.0127253 0.0017266 0.0053705 0.0178240
 32 D  32 0.0605204 0.0093908 0.0629328 0.2817482 0.0095197 0.0411929 0.0425875 0.1184653 0.0034947 0.0049737 0.0344946 0.0206476 0.0000000 0.0065049 0.0462975 0.1422280 0.0595604 0.0000000 0.0000000 0.0554410
 33 L  33 0.0038535 0.0041602 0.0000000 0.0000000 0.0033524 0.0027578 0.0000000 0.0112364 0.0018227 0.1627131 0.3958065 0.0016960 0.0028200 0.1677261 0.0207784 0.0184970 0.0016396 0.0032048 0.0851919 0.1127436
 34 K  34 0.0219449 0.1220623 0.0317345 0.0033378 0.0031691 0.0713971 0.0141921 0.0066842 0.0167618 0.0039720 0.0040107 0.3514090 0.0253647 0.0000000 0.2299457 0.0434698 0.0265920 0.0027023 0.0162419 0.0050084
 35 Y  35 0.0098754 0.2965296 0.0468148 0.0126641 0.0289020 0.0263419 0.0425467 0.0074558 0.0180765 0.0096954 0.0179142 0.0208473 0.0152871 0.0129472 0.0052091 0.1438414 0.0677381 0.0000000 0.2021947 0.0151189
 36 I  36 0.0025450 0.0000000 0.0000000 0.0026683 0.0029098 0.0011169 0.0000000 0.0000000 0.0000000 0.7276020 0.0873982 0.0012671 0.0326812 0.0047828 0.0000000 0.0000000 0.0000000 0.0000000 0.0000000 0.1370285
 37 S  37 0.0184683 0.0040023 0.0487808 0.1059332 0.0027915 0.0138990 0.0542843 0.0112512 0.0047337 0.0012991 0.0099051 0.0343620 0.0000000 0.0000000 0.0134135 0.4001488 0.2657114 0.0014643 0.0007459 0.0088055
 38 P  38 0.1918720 0.0815715 0.0104224 0.0053696 0.0314518 0.0217226 0.0164370 0.0566365 0.0089427 0.0165839 0.0030084 0.0348216 0.0024502 0.0000000 0.3126710 0.0926827 0.0351946 0.0000000 0.0070228 0.0711389
 39 E  39 0.0790845 0.0122030 0.0258275 0.1965107 0.0047338 0.0749569 0.3170433 0.0224713 0.0205309 0.0108219 0.0066416 0.0574019 0.0028053 0.0000000 0.0087107 0.0905455 0.0401753 0.0000000 0.0134205 0.0161155
 40 T  40 0.0259973 0.0106644 0.0042744 0.0781016 0.0000000 0.1120144 0.2119737 0.0108926 0.0044616 0.0453679 0.0061038 0.0357005 0.0151898 0.0042656 0.0012523 0.0168490 0.3424174 0.0000000 0.0051169 0.0693569
 41 M  41 0.1058390 0.0000000 0.0000000 0.0000000 0.0009135 0.0000000 0.0000000 0.0000000 0.0000000 0.0156512 0.5657425 0.0000000 0.1030819 0.0377757 0.0000000 0.0076020 0.0017221 0.0000000 0.0076015 0.1540706
 42 V  42 0.2268861 0.0618314 0.0262321 0.0296050 0.0073296 0.0227376 0.0186154 0.0015897 0.0271867 0.0514097 0.0934781 0.1197331 0.0083004 0.0121856 0.0000000 0.0484946 0.0414901 0.0037725 0.0347202 0.1644023
 43 A  43 0.1463145 0.0842087 0.0437752 0.1780477 0.0022118 0.1068907 0.1497615 0.0287459 0.0142068 0.0041413 0.0104548 0.0878682 0.0018047 0.0043596 0.0055710 0.0857667 0.0410673 0.0000000 0.0020434 0.0027602
 44 L  44 0.0352846 0.0136247 0.0007136 0.0000000 0.0033073 0.0105947 0.0193745 0.0000000 0.0019040 0.1547039 0.4553586 0.0200023 0.0892935 0.0062029 0.0019377 0.0093512 0.0062222 0.0773679 0.0057569 0.0889994
 45 L  45 0.0030083 0.0020334 0.0052618 0.0060750 0.0098290 0.0012533 0.0055749 0.0012047 0.0000000 0.2184879 0.5059225 0.0027903 0.1192262 0.0378063 0.0039057 0.0106842 0.0200400 0.0000000 0.0000000 0.0468964
 46 T  46 0.0234575 0.1395774 0.1314145 0.1637934 0.0091720 0.1036190 0.1141672 0.0017762 0.0172788 0.0017690 0.0437120 0.1050853 0.0082625 0.0015031 0.0034021 0.0731427 0.0519164 0.0046310 0.0000000 0.0023201
 47 G  47 0.0553475 0.0209471 0.0860540 0.0944046 0.0000000 0.0412520 0.0607327 0.3958090 0.0043029 0.0000000 0.0131532 0.0750867 0.0199559 0.0045842 0.0014424 0.0988639 0.0222238 0.0000000 0.0015863 0.0042536
 48 K  48 0.0570606 0.0433813 0.0199963 0.0847978 0.0016802 0.0496635 0.1811825 0.0649456 0.0442583 0.0030974 0.0325896 0.2651861 0.0204089 0.0080696 0.0210539 0.0475031 0.0278585 0.0000000 0.0000000 0.0272666
 49 F  49 0.0202884 0.0262863 0.0124666 0.0159255 0.0138448 0.0397392 0.0315244 0.0643413 0.0588155 0.0023315 0.0268054 0.0390580 0.0046651 0.2436372 0.0161620 0.0641935 0.0599301 0.0000000 0.2359859 0.0239994
 50 S  50 0.0960240 0.0552899 0.1192258 0.1258795 0.0020630 0.0797819 0.0466342 0.0191490 0.0227268 0.0102510 0.0113756 0.1180876 0.0072218 0.0115459 0.0509428 0.1635507 0.0349333 0.0000000 0.0119003 0.0134167
 51 N  51 0.0563358 0.0261949 0.0693025 0.1776708 0.0015392 0.0503355 0.1364683 0.0503230 0.0683198 0.0175546 0.0137944 0.0278536 0.0153330 0.0078890 0.0454727 0.1721813 0.0428182 0.0000000 0.0075564 0.0130572
 52 I  52 0.0870713 0.0783603 0.0395310 0.0304339 0.0080555 0.0849768 0.0614646 0.1105308 0.0527922 0.0375729 0.1089639 0.0495464 0.0048120 0.0638215 0.0365829 0.0508228 0.0357168 0.0000000 0.0243804 0.0345642
 53 V  53 0.0360117 0.0424196 0.0520243 0.0362565 0.0119275 0.0172595 0.0377550 0.0490092 0.0299734 0.1305362 0.0541201 0.0405665 0.0191676 0.1526106 0.0315147 0.0298680 0.0429181 0.0019425 0.1013445 0.0827744
 54 D  54 0.0417207 0.0818324 0.0770223 0.2011872 0.0000000 0.0531692 0.1790515 0.0649710 0.0067947 0.0000000 0.0110810 0.1440730 0.0099517 0.0000000 0.0620639 0.0442394 0.0133632 0.0000000 0.0019911 0.0074876
 55 K  55 0.0120364 0.0741902 0.1135894 0.1985978 0.0000000 0.0796704 0.1025290 0.0363143 0.0396709 0.0050394 0.0053753 0.1959779 0.0000000 0.0000000 0.0251464 0.0823524 0.0236003 0.0000000 0.0015246 0.0043852
 56 F  56 0.1020565 0.0077516 0.0027149 0.0008910 0.0241589 0.0000000 0.0027295 0.0040936 0.0068100 0.0827803 0.1166376 0.0358042 0.0125494 0.2376604 0.0058761 0.0082733 0.0272043 0.0039727 0.1646035 0.1534323
 57 V  57 0.0797155 0.0169442 0.0013907 0.0042615 0.0068863 0.1338593 0.0126009 0.0018241 0.0164297 0.1496344 0.1409781 0.0286775 0.0486044 0.0338588 0.0051947 0.0082259 0.0518438 0.0019236 0.0507750 0.2063715
 58 I  58 0.0076634 0.0041548 0.0029885 0.0016431 0.0010323 0.0000000 0.0000000 0.0000000 0.0000000 0.4524295 0.2317049 0.0000000 0.0040308 0.0064846 0.0000000 0.0000000 0.0055347 0.0000000 0.0010437 0.2812897
 59 V  59 0.0042702 0.0000000 0.0000000 0.0018638 0.0024492 0.0000000 0.0000000 0.0000000 0.0000000 0.5096468 0.1080903 0.0000000 0.0009396 0.0260237 0.0000000 0.0000000 0.0000000 0.0000000 0.0057770 0.3409394
 60 D  60 0.0000000 0.0000000 0.0000000 0.9909676 0.0000000 0.0000000 0.0034198 0.0000000 0.0000000 0.0000000 0.0000000 0.0000000 0.0000000 0.0000000 0.0000000 0.0000000 0.0000000 0.0000000 0.0000000 0.0056126
 61 C  61 0.0208847 0.0000000 0.0000000 0.0041739 0.4515845 0.0000000 0.0000000 0.0000000 0.0000000 0.0449771 0.0400785 0.0000000 0.0013071 0.0000000 0.0000000 0.0216880 0.0147102 0.0000000 0.0000000 0.4005960
 62 R  62 0.0000000 0.9868661 0.0000000 0.0000000 0.0000000 0.0020657 0.0000000 0.0000000 0.0050336 0.0000000 0.0000000 0.0000000 0.0000000 0.0000000 0.0000000 0.0000000 0.0000000 0.0000000 0.0000000 0.0060346
 63 Y  63 0.0051829 0.0679492 0.0154692 0.1106494 0.0000000 0.0100533 0.1366902 0.0082022 0.0020803 0.0018617 0.0011253 0.0034583 0.0000000 0.2054834 0.0280347 0.0415339 0.1021476 0.0000000 0.2585235 0.0015549
 64 P  64 0.0536143 0.0203456 0.0050637 0.1059558 0.0000000 0.0215285 0.1594159 0.0344030 0.0059505 0.0017401 0.0051854 0.0480884 0.0055352 0.0224706 0.4214386 0.0365700 0.0379800 0.0007438 0.0027972 0.0111733
 65 Y  65 0.0540557 0.0090841 0.0478134 0.0659541 0.0043297 0.0125692 0.1019644 0.0264949 0.0292267 0.0052791 0.0033565 0.0341716 0.0010340 0.0620997 0.0025531 0.0751525 0.0109711 0.0034283 0.4186505 0.0318113
 66 E  66 0.0050677 0.0122253 0.0000000 0.1939855 0.0000000 0.0027322 0.7466341 0.0016172 0.0000000 0.0000000 0.0070295 0.0000000 0.0010142 0.0000000 0.0000000 0.0146764 0.0032060 0.0000000 0.0091370 0.0026749
 67 Y  67 0.0010820 0.0134582 0.0028913 0.0059692 0.0032565 0.0000000 0.0009817 0.0025068 0.0380830 0.0050583 0.0038174 0.0000000 0.0008291 0.2979488 0.0000000 0.0070304 0.0000000 0.0229526 0.5804861 0.0136487
 68 E  68 0.1208570 0.0331993 0.1237631 0.1157847 0.0014165 0.0548221 0.2672802 0.0049898 0.0124888 0.0413248 0.0475606 0.0648855 0.0061540 0.0155237 0.0011001 0.0270085 0.0170321 0.0000000 0.0097071 0.0351020
 69 G  69 0.1109620 0.0302364 0.0217389 0.0367554 0.0051566 0.0387903 0.0469839 0.5748087 0.0037060 0.0089246 0.0109103 0.0325009 0.0078816 0.0053119 0.0011131 0.0295967 0.0217948 0.0000000 0.0056733 0.0071544
 70 G  70 0.0173808 0.0008148 0.0040892 0.0030040 0.0054493 0.0000000 0.0132208 0.8941208 0.0000000 0.0016276 0.0024910 0.0020663 0.0007577 0.0008526 0.0000000 0.0403384 0.0000000 0.0019092 0.0040178 0.0078595
 71 H  71 0.0062682 0.0289298 0.0168936 0.0000000 0.0014802 0.0000000 0.0000000 0.0000000 0.8508837 0.0000000 0.0033289 0.0078950 0.0036633 0.0069093 0.0000000 0.0166885 0.0432172 0.0010227 0.0059630 0.0068566
 72 I  72 0.0019275 0.0000000 0.0000000 0.0000000 0.0000000 0.0000000 0.0000000 0.0011520 0.0000000 0.8757868 0.0415014 0.0000000 0.0015565 0.0058561 0.0000000 0.0000000 0.0000000 0.0000000 0.0036767 0.0685430
 73 K  73 0.0658277 0.1160941 0.0359737 0.0580268 0.0026826 0.0400257 0.0496343 0.0146718 0.0107072 0.0480285 0.0694067 0.2338350 0.0081963 0.0043405 0.1442409 0.0367156 0.0220123 0.0000000 0.0065263 0.0330541
 74 T  74 0.0044002 0.0045068 0.1182167 0.0295449 0.0020336 0.0071889 0.0170432 0.6885027 0.0257256 0.0000000 0.0000000 0.0150294 0.0000000 0.0000000 0.0010797 0.0424664 0.0379380 0.0000000 0.0055237 0.0008001
 75 A  75 0.7720670 0.0000000 0.0000000 0.0000000 0.0227913 0.0000000 0.0000000 0.0087243 0.0000000 0.0000000 0.0012469 0.0000000 0.0014668 0.0045417 0.0000000 0.1842758 0.0010222 0.0014524 0.0000000 0.0024117
 76 V  76 0.0025462 0.0715222 0.0074998 0.0000000 0.0031677 0.0307174 0.0067145 0.0007442 0.0179159 0.3091655 0.1473450 0.0647611 0.0353095 0.0091012 0.0000000 0.0043399 0.0310627 0.0244904 0.0189924 0.2146043
 77 N  77 0.0009613 0.0048954 0.7999832 0.0000000 0.0047791 0.0027061 0.0000000 0.0000000 0.1097693 0.0017432 0.0277261 0.0000000 0.0010008 0.0014587 0.0072184 0.0212016 0.0020605 0.0137046 0.0000000 0.0007915
 78 L  78 0.0176266 0.0021272 0.0000000 0.0000000 0.0147491 0.0021637 0.0000000 0.0000000 0.0119692 0.3798653 0.2837425 0.0019405 0.0265578 0.0584779 0.0014627 0.0043431 0.0011568 0.0031207 0.0857987 0.1048983
 79 P  79 0.0282814 0.0056987 0.1301194 0.0256874 0.0169801 0.0073413 0.0020465 0.0038309 0.0442185 0.0070846 0.0000000 0.0034675 0.0023847 0.0579114 0.4447281 0.0685840 0.0090684 0.0324400 0.1101272 0.0000000
 80 L  80 0.0827964 0.0344175 0.0566675 0.1284836 0.0194543 0.0125361 0.0179356 0.0060212 0.0098105 0.0262666 0.1281922 0.0109731 0.0342446 0.0340477 0.0107111 0.1812260 0.1150926 0.0020623 0.0343130 0.0547481
 81 E  81 0.0275974 0.0649052 0.0215710 0.0515442 0.0000000 0.1259339 0.1022830 0.0629090 0.0386170 0.0130998 0.0193882 0.1816652 0.0043469 0.0130796 0.0787783 0.1200545 0.0441756 0.0073084 0.0126068 0.0101359
 82 R  82 0.0321448 0.0442838 0.0512008 0.1609486 0.0000000 0.0872651 0.2532747 0.0438216 0.0125476 0.0061092 0.0044214 0.0784348 0.0070182 0.0054203 0.0067236 0.1116773 0.0735116 0.0010093 0.0007941 0.0193930
 83 D  83 0.0564542 0.0128511 0.0269046 0.0866041 0.0037276 0.0902637 0.0955433 0.0111017 0.0218496 0.0778007 0.2910547 0.0301111 0.0214570 0.0932389 0.0027218 0.0165823 0.0253831 0.0028290 0.0072269 0.0262946
 84 A  84 0.0710477 0.0432887 0.0107193 0.0084167 0.0040887 0.0058200 0.0567886 0.0183881 0.0061718 0.1179227 0.3357937 0.0308518 0.0457826 0.0165430 0.0077820 0.0310085 0.0178263 0.0062055 0.0561301 0.1094243
 85 E  85 0.1178259 0.0359576 0.0289245 0.0841775 0.0065874 0.0891596 0.2381128 0.0268521 0.0263097 0.0084559 0.0623312 0.0587252 0.0027252 0.0467549 0.0292921 0.0585506 0.0377852 0.0024262 0.0196562 0.0193902
 86 S  86 0.0537866 0.1385974 0.0948586 0.0909754 0.0000000 0.0367443 0.1683104 0.0473182 0.0196869 0.0040787 0.0106167 0.0766006 0.0026280 0.0114696 0.0071049 0.1251682 0.1018049 0.0045599 0.0049393 0.0007514
 87 F  87 0.0317919 0.0887701 0.0257641 0.0226393 0.0000000 0.0537035 0.0918401 0.0135547 0.0431376 0.0612319 0.1498910 0.0665505 0.0337913 0.1364045 0.0158730 0.0152749 0.0247795 0.0000000 0.0803915 0.0446105
 88 L  88 0.0113796 0.0055925 0.0057303 0.0522239 0.0000000 0.0105174 0.0166253 0.0083465 0.0079006 0.0300098 0.3829087 0.0129383 0.0190302 0.3013197 0.0560359 0.0206358 0.0058879 0.0000000 0.0304929 0.0224247
 89 L  89 0.0839264 0.0047986 0.0067398 0.0233862 0.0000000 0.0412282 0.0271783 0.0060081 0.0127689 0.0653719 0.2338267 0.0291296 0.0180776 0.2436895 0.0161767 0.0392545 0.0466703 0.0000000 0.0617526 0.0400159
 90 K  90 0.0376619 0.0569719 0.0716238 0.1184171 0.0016386 0.1194141 0.0946781 0.0244062 0.0194439 0.0173396 0.0552459 0.1327480 0.0140405 0.0000000 0.0783891 0.0833678 0.0346129 0.0019624 0.0042768 0.0337613
 91 S  91 0.0219809 0.0345941 0.0961426 0.1042957 0.0118070 0.0427193 0.1476861 0.0329421 0.0136939 0.0165385 0.0682795 0.0903017 0.0277989 0.0444444 0.0147209 0.0562665 0.0814291 0.0018457 0.0532418 0.0392712
 92 P  92 0.0458923 0.0267486 0.0580845 0.0881966 0.0079860 0.0432678 0.0581835 0.0154393 0.0077308 0.0141893 0.0662786 0.1079143 0.0051860 0.0112816 0.3598065 0.0493217 0.0228399 0.0000000 0.0077345 0.0039181
 93 I  93 0.0804115 0.0135760 0.0132874 0.0575832 0.0057980 0.0439282 0.0897112 0.0291076 0.0179406 0.1607909 0.1288286 0.0888678 0.0382414 0.0140949 0.0059607 0.0557256 0.0809294 0.0054296 0.0240353 0.0457521
 94 A  94 0.0584672 0.0756535 0.0420597 0.0292643 0.0096926 0.0405947 0.0572685 0.0439198 0.0211005 0.0468462 0.1882458 0.0532184 0.0076633 0.0506573 0.0657898 0.0467163 0.0676563 0.0074610 0.0039188 0.0838058
 95 P  95 0.0861066 0.0450720 0.0038865 0.0136384 0.0025676 0.0255910 0.1091834 0.0271403 0.0063792 0.0977068 0.0717977 0.1198752 0.0229778 0.0193156 0.1388797 0.0589717 0.0297592 0.0037398 0.0109034 0.1065081
 96 C  96 0.0931978 0.1015514 0.0621808 0.0607585 0.0372167 0.0706884 0.0444383 0.0446205 0.0129553 0.0303776 0.1245925 0.0960902 0.0063414 0.0210725 0.0189460 0.0981707 0.0619826 0.0024381 0.0038567 0.0085237
 97 S  97 0.0874285 0.0435415 0.0462986 0.1146635 0.0101103 0.0580261 0.1666328 0.0253800 0.0095448 0.0286373 0.0336400 0.0786099 0.0170205 0.0097854 0.0305678 0.1369055 0.0617346 0.0000000 0.0200659 0.0214070
 98 L  98 0.0691978 0.0179113 0.0243868 0.0243022 0.0071507 0.0727067 0.0333309 0.0816326 0.0252184 0.0931729 0.2112499 0.0636569 0.0508576 0.0296635 0.0354133 0.0458375 0.0701831 0.0000000 0.0152592 0.0288687
 99 D  99 0.0273994 0.0623692 0.0804800 0.1736655 0.0045703 0.0780526 0.0699827 0.0478664 0.0317544 0.0298670 0.0350156 0.0788343 0.0303413 0.0071738 0.0834551 0.0804315 0.0224249 0.0035567 0.0329646 0.0197947
100 K 100 0.0157811 0.0866628 0.0237975 0.0675085 0.0000000 0.0571143 0.0335233 0.0726083 0.0303831 0.0145698 0.0171597 0.4547184 0.0172371 0.0125767 0.0216101 0.0406347 0.0151105 0.0015372 0.0041654 0.0133015
101 R 101 0.0193452 0.2291885 0.1131596 0.1635752 0.0044597 0.0333811 0.0359091 0.0351348 0.0084437 0.0215517 0.0020500 0.2027188 0.0043234 0.0012127 0.0494502 0.0287599 0.0181436 0.0000000 0.0116656 0.0175270
102 V 102 0.0465115 0.0872823 0.0391810 0.0433580 0.0030271 0.0987167 0.0485150 0.0155966 0.0188139 0.0650135 0.0339901 0.1843022 0.0086181 0.0058249 0.0359971 0.0344248 0.1460601 0.0000000 0.0014807 0.0832866
103 I 103 0.0536236 0.0096530 0.0144648 0.0308340 0.0190071 0.0223266 0.0241140 0.0000000 0.0046482 0.1993803 0.1377299 0.0725389 0.0184993 0.0073821 0.1894713 0.0092510 0.0771653 0.0029906 0.0030658 0.1038543
104 L 104 0.0100251 0.0020465 0.0000000 0.0000000 0.0039071 0.0000000 0.0000000 0.0000000 0.0008272 0.2667747 0.2682982 0.0012546 0.0038980 0.0166520 0.0503671 0.0034455 0.0017733 0.0020920 0.0281035 0.3405352
105 I 105 0.0169333 0.0000000 0.0000000 0.0000000 0.0029361 0.0000000 0.0000000 0.0000000 0.0000000 0.4465325 0.0594984 0.0000000 0.0023700 0.0111581 0.0000000 0.0016487 0.0017288 0.0000000 0.0648854 0.3923087
106 F 106 0.0065604 0.0000000 0.0000000 0.0020564 0.0170522 0.0000000 0.0000000 0.0000000 0.0000000 0.0467275 0.1588075 0.0000000 0.0048408 0.5586694 0.0000000 0.0000000 0.0070916 0.0171544 0.0088037 0.1722361
107 H 107 0.0039427 0.0000000 0.0059228 0.0000000 0.0007818 0.0041776 0.0040352 0.0006650 0.5053416 0.0170632 0.0180505 0.0000000 0.0015197 0.0195194 0.0000000 0.0069739 0.0143583 0.0000000 0.3616559 0.0359923
108 C 108 0.0127432 0.0000000 0.0000000 0.0240126 0.9385097 0.0000000 0.0000000 0.0021622 0.0055819 0.0021206 0.0000000 0.0000000 0.0000000 0.0000000 0.0000000 0.0033253 0.0000000 0.0000000 0.0000000 0.0115444
109 E 109 0.1232079 0.0953098 0.0202483 0.0248567 0.0034592 0.0720600 0.4768354 0.0735680 0.0049073 0.0008556 0.0000000 0.0347743 0.0198821 0.0059642 0.0058529 0.0164138 0.0126952 0.0026051 0.0065040 0.0000000
110 F 110 0.0287134 0.0115513 0.0189417 0.0043680 0.0000000 0.0227180 0.0041940 0.0091952 0.0308110 0.0112631 0.1132722 0.0126535 0.0203062 0.3899366 0.0000000 0.0894635 0.0381425 0.0000000 0.1770231 0.0174470
111 S 111 0.0037687 0.0029570 0.0104910 0.0137547 0.0090117 0.0042606 0.0043884 0.1003977 0.0135905 0.0000000 0.0000000 0.0025280 0.0008227 0.0016625 0.0014579 0.7997281 0.0234313 0.0000000 0.0000000 0.0077495
112 S 112 0.1212836 0.0247352 0.0132407 0.0018054 0.0094260 0.2195533 0.0051969 0.2541718 0.0086415 0.0127153 0.0205701 0.0369736 0.0099634 0.0000000 0.0000000 0.1839327 0.0247142 0.0111781 0.0018990 0.0399994
113 E 113 0.0367422 0.0341951 0.0745378 0.0187320 0.0026879 0.1071741 0.1564405 0.0626429 0.1136038 0.0211608 0.0208586 0.1236189 0.0250180 0.0345001 0.0050339 0.0214606 0.0597445 0.0000000 0.0191771 0.0626711
114 R 114 0.0159503 0.8997686 0.0113928 0.0000000 0.0000000 0.0009654 0.0058639 0.0066367 0.0060182 0.0015936 0.0028574 0.0053754 0.0000000 0.0060232 0.0037563 0.0199223 0.0000000 0.0011155 0.0020252 0.0107354
115 G 115 0.2162096 0.0000000 0.0000000 0.0000000 0.0042264 0.0033797 0.0000000 0.4870249 0.0017975 0.0000000 0.0043101 0.0000000 0.0000000 0.0000000 0.0000000 0.2667427 0.0147886 0.0000000 0.0000000 0.0015206
116 P 116 0.0971292 0.0238376 0.0047160 0.0051130 0.0000000 0.0280980 0.0166869 0.0251096 0.0000000 0.0118960 0.0184479 0.0404224 0.0057170 0.0034544 0.5997261 0.0347853 0.0291382 0.0047493 0.0303695 0.0206036
117 R 117 0.0696002 0.1907255 0.0517943 0.0162278 0.0038130 0.0626873 0.0199376 0.0151626 0.0106904 0.0641474 0.0877423 0.1423481 0.0355179 0.0052432 0.0041599 0.1330335 0.0752256 0.0000000 0.0027658 0.0091773
118 M 118 0.3842061 0.0024388 0.0000000 0.0000000 0.0606066 0.0102328 0.0036321 0.0062874 0.0000000 0.0232226 0.1125580 0.0031887 0.2858777 0.0234862 0.0046873 0.0341095 0.0163078 0.0052369 0.0008399 0.0230816
119 C 119 0.6437619 0.0019567 0.0000000 0.0020365 0.1003912 0.0008686 0.0084963 0.0096686 0.0000000 0.0015392 0.0437923 0.0018573 0.0187756 0.0122183 0.0016376 0.0795600 0.0168200 0.0086450 0.0375629 0.0104122
120 R 120 0.0725814 0.2998708 0.0409689 0.0360107 0.0038080 0.0633731 0.0347676 0.0550392 0.0264613 0.0031382 0.0518964 0.1705488 0.0184777 0.0032698 0.0009329 0.0814506 0.0189645 0.0007811 0.0096268 0.0080320
121 F 121 0.0820089 0.0381375 0.0072290 0.0000000 0.0106251 0.0254986 0.0190431 0.0020075 0.1390236 0.0851741 0.0795855 0.0624097 0.0226963 0.1609322 0.0000000 0.0287536 0.0317837 0.0735949 0.1150978 0.0163989
122 I 122 0.0173256 0.0022920 0.0000000 0.0000000 0.0000000 0.0000000 0.0000000 0.0018495 0.0000000 0.0840256 0.6204740 0.0000000 0.0457181 0.1273429 0.0000000 0.0000000 0.0051303 0.0000000 0.0243665 0.0714755
123 R 123 0.0974071 0.5836441 0.0102016 0.0021165 0.0058632 0.0639003 0.0122250 0.0081456 0.0072584 0.0080842 0.0166671 0.0838282 0.0047623 0.0019291 0.0000000 0.0251202 0.0118808 0.0000000 0.0068216 0.0501449
124 E 124 0.0542242 0.0516760 0.1220537 0.1005223 0.0037425 0.0463820 0.2346357 0.0264108 0.0416077 0.0000000 0.0070357 0.1625337 0.0000000 0.0000000 0.0016978 0.1214598 0.0085574 0.0021702 0.0000000 0.0152904
125 R 125 0.0808120 0.1215572 0.0576584 0.0066456 0.0527926 0.0711291 0.0510474 0.0000000 0.0534093 0.0490060 0.1092542 0.0918892 0.0582717 0.0246005 0.0000000 0.0296177 0.0275123 0.0024117 0.0823496 0.0300356
126 D 126 0.0105079 0.0178401 0.0095426 0.6905360 0.0115043 0.0069790 0.0312429 0.0302412 0.0029496 0.0369153 0.1142762 0.0030397 0.0057223 0.0099831 0.0023211 0.0056097 0.0045940 0.0000000 0.0000000 0.0061953
127 R 127 0.0280666 0.6657080 0.0240226 0.0569454 0.0000000 0.0320434 0.0412087 0.0103303 0.0000000 0.0000000 0.0211736 0.0164394 0.0052940 0.0071291 0.0054927 0.0132326 0.0445870 0.0116458 0.0067024 0.0099782
128 A 128 0.1720161 0.0225728 0.0659024 0.0471115 0.0079086 0.0468773 0.1043912 0.0216930 0.0516196 0.0560620 0.0659895 0.0766209 0.0420562 0.0121849 0.0020934 0.0645902 0.0638074 0.0000000 0.0090541 0.0674488
129 V 129 0.0784742 0.1111820 0.0055818 0.0054114 0.0295572 0.0336666 0.0311794 0.0145504 0.0292689 0.0663650 0.2612062 0.0497165 0.0422248 0.0166784 0.0018723 0.0581996 0.0354689 0.0000000 0.0199227 0.1094740
130 N 130 0.0251276 0.0036721 0.6109033 0.0216335 0.0041182 0.0117416 0.0278900 0.1055512 0.0671204 0.0083322 0.0408808 0.0131037 0.0145703 0.0061928 0.0012127 0.0170820 0.0065175 0.0109089 0.0000000 0.0034414
131 D 131 0.0211737 0.0831608 0.1152862 0.1010117 0.0030018 0.1010213 0.1742384 0.0394298 0.0481879 0.0319572 0.0218439 0.0917613 0.0030323 0.0048826 0.0272231 0.0658027 0.0290483 0.0000000 0.0039294 0.0340076
132 Y 132 0.0254113 0.0032627 0.0077491 0.0359635 0.0038970 0.0145025 0.0435587 0.0093244 0.0264046 0.0034066 0.0764919 0.0475784 0.0062749 0.0083293 0.0060167 0.0133526 0.0416480 0.0076966 0.6149126 0.0042184
133 P 133 0.0193604 0.0209248 0.0103610 0.0343174 0.0000000 0.0195465 0.0676675 0.0611900 0.0115917 0.0040137 0.0272437 0.0267495 0.0081855 0.0044913 0.6001163 0.0633029 0.0062513 0.0000000 0.0053168 0.0093697
134 S 134 0.1454383 0.0597312 0.0701161 0.0391325 0.0154855 0.0427150 0.0426411 0.0266535 0.0628301 0.0302623 0.0472391 0.2068579 0.0274606 0.0252429 0.0054477 0.0828652 0.0162192 0.0000000 0.0415278 0.0121340
135 L 135 0.0247558 0.0229378 0.0060155 0.0118826 0.0334638 0.0328734 0.0111887 0.0114669 0.0008422 0.0306209 0.6158725 0.0722737 0.0190965 0.0076704 0.0059958 0.0328307 0.0110311 0.0000000 0.0031824 0.0459995
136 Y 136 0.0252410 0.0186879 0.0159745 0.0672887 0.0032654 0.0055867 0.0146406 0.3376611 0.1103448 0.0124047 0.0174503 0.0208250 0.0013277 0.0301896 0.0129439 0.1095110 0.0873745 0.0024649 0.1039906 0.0028270
137 Y 137 0.0103773 0.0064890 0.0124093 0.0018998 0.0027375 0.0013008 0.0117979 0.0085864 0.0137474 0.0158252 0.0222565 0.0265838 0.0032348 0.3022558 0.0110713 0.0043051 0.0075188 0.0117424 0.5174367 0.0084241
138 P 138 0.0274493 0.0194572 0.0230139 0.0236499 0.0056221 0.0675710 0.0575430 0.0106722 0.0122140 0.0058159 0.0112363 0.0933063 0.0057558 0.0225905 0.4674606 0.0425107 0.0901273 0.0000000 0.0021186 0.0118854
139 E 139 0.0098668 0.0548295 0.1335813 0.1779248 0.0015948 0.0630847 0.4138563 0.0017244 0.0367714 0.0006840 0.0014057 0.0591291 0.0006680 0.0030035 0.0000000 0.0290363 0.0097264 0.0000000 0.0031131 0.0000000
140 M 140 0.0234862 0.0000000 0.0000000 0.0000000 0.0055109 0.0000000 0.0000000 0.0000000 0.0000000 0.2565412 0.1417770 0.0000000 0.0884585 0.0014561 0.0000000 0.0143078 0.0086263 0.0000000 0.0000000 0.4598361
141 Y 141 0.0126071 0.0141402 0.0049705 0.0015268 0.0206620 0.0053247 0.0012959 0.0076247 0.0197853 0.0154855 0.0583335 0.0187754 0.0198420 0.0681760 0.0000000 0.0148658 0.0133864 0.0190390 0.6083056 0.0758536
142 I 142 0.0030583 0.0061834 0.1155267 0.0350591 0.0051510 0.0101820 0.0169737 0.0013767 0.0159245 0.2885464 0.1676536 0.0033967 0.0065051 0.0018311 0.0000000 0.0522030 0.0032765 0.0000000 0.0088325 0.2583196
143 L 143 0.0014984 0.0000000 0.0000000 0.0013020 0.0000000 0.0000000 0.0031696 0.0000000 0.0000000 0.0371418 0.8442121 0.0000000 0.0589019 0.0023463 0.0000000 0.0000000 0.0000000 0.0012626 0.0101071 0.0400581
144 K 144 0.0410456 0.0558707 0.0218646 0.2188162 0.0041612 0.0641097 0.2112342 0.0056382 0.0691874 0.0037311 0.0146578 0.1632414 0.0019371 0.0180245 0.0037006 0.0493242 0.0404757 0.0000000 0.0048729 0.0081069
145 G 145 0.0029600 0.0338949 0.0296666 0.0197040 0.0000000 0.0066008 0.0202616 0.8163381 0.0000000 0.0000000 0.0046392 0.0395768 0.0000000 0.0000000 0.0000000 0.0081851 0.0000000 0.0000000 0.0181728 0.0000000
146 G 146 0.0000000 0.0000000 0.0000000 0.0048084 0.0000000 0.0000000 0.0000000 0.9819971 0.0023099 0.0000000 0.0000000 0.0000000 0.0000000 0.0000000 0.0000000 0.0108846 0.0000000 0.0000000 0.0000000 0.0000000
147 Y 147 0.0013605 0.0000000 0.0000000 0.0030085 0.0000000 0.0000000 0.0000000 0.0000000 0.0000000 0.1629702 0.0338250 0.0000000 0.0347740 0.2303905 0.0000000 0.0000000 0.0097709 0.0122790 0.4959093 0.0157121
148 K 148 0.0369158 0.0938212 0.1050338 0.0203192 0.0210501 0.0225531 0.0526570 0.0104860 0.0045534 0.0128351 0.0466979 0.2948302 0.0233405 0.0055886 0.0065366 0.1338611 0.0556936 0.0000000 0.0069313 0.0462954
149 E 149 0.2066405 0.0512695 0.0727465 0.0848411 0.0033043 0.0316454 0.1261275 0.1722328 0.0214663 0.0000000 0.0113893 0.0941023 0.0008461 0.0007948 0.0000000 0.0876091 0.0208347 0.0000000 0.0073436 0.0068061
150 F 150 0.0000000 0.0000000 0.0000000 0.0000000 0.0000000 0.0000000 0.0000000 0.0000000 0.0000000 0.0140068 0.0079367 0.0000000 0.0038089 0.4935025 0.0000000 0.0000000 0.0000000 0.4569154 0.0168581 0.0069716
151 F 151 0.0561945 0.0392000 0.0120316 0.0049054 0.0009268 0.1235965 0.0448588 0.0035458 0.0316843 0.0083562 0.0215945 0.0369728 0.0074559 0.2828774 0.0000000 0.0447112 0.0092686 0.0239744 0.1999760 0.0478693
152 P 152 0.1414428 0.0604788 0.0362909 0.0365259 0.0056491 0.0836209 0.2237332 0.0472049 0.0178634 0.0032186 0.0274493 0.0914363 0.0082470 0.0000000 0.0538195 0.1077953 0.0513499 0.0000000 0.0000000 0.0038743
153 Q 153 0.1492274 0.0479834 0.0555717 0.0265495 0.0274786 0.0849259 0.2111811 0.0074043 0.0235512 0.0121194 0.0386412 0.1219400 0.0106315 0.0000000 0.0007417 0.0677609 0.0580854 0.0000000 0.0223995 0.0338072
154 H 154 0.0032733 0.0103407 0.0372675 0.0171437 0.0363317 0.0291139 0.0024229 0.1644711 0.1595244 0.0052743 0.0101580 0.0117014 0.0067697 0.1837649 0.0000000 0.0136408 0.0010863 0.0036758 0.2963758 0.0076637
155 P 155 0.0317443 0.1245478 0.0483343 0.0098792 0.0023644 0.0483737 0.0299157 0.1294439 0.0088973 0.0069973 0.0318689 0.1619663 0.0168392 0.0112217 0.2500893 0.0406417 0.0321388 0.0000000 0.0035656 0.0111705
156 N 156 0.0281008 0.0120506 0.0481810 0.1689375 0.0071224 0.0714139 0.3054888 0.0676805 0.0195564 0.0026307 0.0050796 0.0317519 0.0015824 0.0078757 0.0713308 0.1026240 0.0413920 0.0000000 0.0072012 0.0000000
157 F 157 0.0030518 0.1024405 0.0040414 0.0537271 0.0107465 0.0242704 0.0075957 0.0044169 0.0597346 0.0343613 0.4381982 0.0231877 0.0200666 0.0820917 0.0050576 0.0068798 0.0028512 0.0195755 0.0697337 0.0279717
158 C 158 0.0060712 0.0039503 0.0000000 0.0031608 0.7067505 0.0016494 0.0135466 0.0066193 0.0000000 0.0202668 0.0031708 0.0026628 0.0036876 0.0000000 0.0000000 0.0272242 0.0869640 0.0000000 0.0000000 0.1142757
159 E 159 0.0143836 0.0174394 0.0282313 0.0995104 0.0020037 0.0442031 0.4488224 0.0000000 0.0160802 0.0427162 0.0030403 0.0184462 0.0062219 0.0664825 0.0000000 0.0355413 0.0345568 0.0000000 0.0886623 0.0336583
160 P 160 0.0000000 0.0026050 0.0118026 0.0000000 0.0112673 0.0000000 0.0174040 0.1626303 0.0000000 0.0037113 0.0067784 0.0068602 0.0024760 0.0043474 0.6920178 0.0000000 0.0570239 0.0174549 0.0000000 0.0036210
161 Q 161 0.0429438 0.0956302 0.0554393 0.0330125 0.0364846 0.3446596 0.0603195 0.0354006 0.0274846 0.0182027 0.0099492 0.0869059 0.0358420 0.0000000 0.0694864 0.0204194 0.0089362 0.0058864 0.0000000 0.0129971
162 D 162 0.1216887 0.0104886 0.1967494 0.1037045 0.0000000 0.0184433 0.0494397 0.2420504 0.0053623 0.0031641 0.0068503 0.0000000 0.0057733 0.0080194 0.0000000 0.1788686 0.0267166 0.0000000 0.0201691 0.0025117
163 Y 163 0.0042309 0.0000000 0.0000000 0.0000000 0.0000000 0.0000000 0.0045380 0.0108764 0.0122501 0.0036094 0.0080892 0.0095407 0.0000000 0.0111408 0.0000000 0.0064472 0.0019765 0.0048809 0.9149872 0.0074326
164 R 164 0.0221818 0.1402543 0.0048282 0.0060625 0.0617577 0.0101672 0.0214388 0.0000000 0.0019369 0.1395423 0.0465226 0.0288612 0.0019744 0.0000000 0.0013991 0.0076132 0.0737036 0.0000000 0.0000000 0.4317562
165 P 165 0.0471162 0.0495953 0.0101385 0.0023409 0.0110351 0.0170788 0.2991921 0.0258241 0.0000000 0.0096474 0.0040181 0.0340503 0.0056090 0.0000000 0.3621603 0.0639357 0.0500239 0.0000000 0.0000000 0.0082342
166 M 166 0.0000000 0.0180937 0.0076558 0.0118574 0.0000000 0.0000000 0.0000000 0.0043945 0.0000000 0.0000000 0.0000000 0.0026120 0.8878222 0.0060664 0.0000000 0.0194091 0.0022447 0.0117400 0.0281041 0.0000000
167 N 167 0.0280137 0.0457533 0.1474106 0.1856389 0.0044516 0.0126710 0.0144337 0.0143589 0.1498896 0.0163044 0.1496330 0.0638242 0.0109823 0.0150011 0.0000000 0.0694840 0.0338533 0.0000000 0.0112454 0.0270511
168 H 168 0.1669634 0.0000000 0.0350374 0.3804427 0.0000000 0.0050451 0.0371765 0.0000000 0.2350450 0.0000000 0.0051831 0.0068447 0.0000000 0.0000000 0.0029425 0.0622650 0.0493783 0.0136764 0.0000000 0.0000000
169 E 169 0.0478364 0.0453544 0.0092458 0.0294939 0.0000000 0.0845038 0.2324976 0.0019111 0.0083812 0.0173685 0.0313112 0.1587812 0.0000000 0.0000000 0.1761658 0.0767403 0.0560585 0.0000000 0.0050592 0.0192910
170 A 170 0.1418182 0.1256663 0.0757309 0.1691938 0.0043855 0.0236054 0.1542831 0.0569713 0.0026356 0.0085106 0.0293600 0.0791125 0.0056122 0.0028349 0.0332569 0.0379826 0.0122120 0.0000000 0.0000000 0.0368280
171 F 171 0.0000000 0.0000000 0.0448704 0.0000000 0.0000000 0.0000000 0.0070945 0.0000000 0.3748475 0.0082840 0.0137068 0.0064423 0.0000000 0.2149345 0.0000000 0.0000000 0.0000000 0.0339713 0.2958488 0.0000000
172 K 172 0.0870512 0.1026247 0.0591113 0.0172118 0.0025751 0.0431207 0.1920188 0.0197040 0.0000000 0.0091100 0.0112525 0.1956750 0.0036874 0.0187902 0.0000000 0.0814317 0.0960199 0.0000000 0.0000000 0.0606158
173 D 173 0.1006560 0.0432284 0.0585606 0.0955539 0.0804164 0.0518676 0.1833870 0.0000000 0.0413080 0.0135099 0.0103713 0.1460037 0.0122622 0.0163529 0.0114672 0.0620160 0.0287808 0.0000000 0.0210926 0.0231653
174 E 174 0.0904256 0.0102569 0.0453414 0.1758461 0.0000000 0.0257842 0.4977414 0.0000000 0.0277563 0.0067469 0.0394437 0.0050566 0.0000000 0.0000000 0.0000000 0.0293464 0.0358531 0.0000000 0.0000000 0.0104016
175 L 175 0.0029516 0.0861023 0.0000000 0.0000000 0.1596502 0.0045149 0.0039710 0.0197901 0.0051905 0.0194091 0.4956992 0.0153060 0.0549268 0.0717032 0.0000000 0.0000000 0.0000000 0.0000000 0.0492506 0.0115344
176 K 176 0.0361603 0.2234801 0.0225778 0.0435098 0.0073530 0.0367148 0.1696223 0.0621520 0.0166964 0.0171433 0.0703582 0.1644924 0.0110019 0.0000000 0.0000000 0.0421359 0.0068530 0.0583504 0.0000000 0.0113984
177 T 177 0.0318643 0.1284018 0.0421810 0.0121275 0.0102758 0.0904577 0.0267525 0.0126144 0.0842107 0.0194866 0.1324267 0.1659302 0.0405597 0.0069252 0.0000000 0.0713248 0.0651928 0.0037805 0.0298162 0.0256717
178 F 178 0.0370175 0.0125589 0.0536258 0.0056466 0.0517690 0.0126882 0.0143483 0.1494178 0.0159100 0.0038768 0.0068922 0.0079047 0.0000000 0.3866192 0.0000000 0.0139450 0.0000000 0.0276292 0.1885057 0.0116452
179 R 179 0.0059555 0.5377431 0.0083013 0.0000000 0.0101291 0.0432359 0.0234936 0.0000000 0.0444465 0.0120083 0.0786701 0.1058473 0.0456372 0.0000000 0.0061530 0.0180059 0.0440964 0.0000000 0.0034727 0.0128041
180 L 180 0.0874760 0.0840010 0.0405467 0.0208815 0.0000000 0.0707482 0.0042654 0.0318096 0.0321559 0.0269123 0.1301192 0.0795952 0.0136120 0.0386876 0.0075183 0.1556090 0.0817890 0.0000000 0.0337942 0.0604791
181 K 181 0.0121620 0.1196852 0.0217182 0.0285992 0.0064391 0.0858257 0.0304855 0.0074832 0.1435251 0.0048394 0.0120164 0.4490802 0.0041559 0.0080033 0.0000000 0.0071850 0.0148479 0.0000000 0.0123150 0.0316334
182 T 182 0.0267763 0.0219338 0.0471401 0.0068207 0.0260499 0.0748247 0.0164662 0.0180978 0.0567354 0.0181041 0.0337280 0.0483251 0.0107869 0.0250479 0.0000000 0.3492463 0.1337883 0.0076254 0.0000000 0.0785030
183 R 183 0.0000000 0.4163961 0.0383854 0.0000000 0.0000000 0.0582023 0.0103223 0.0000000 0.0299058 0.0000000 0.0044789 0.4165815 0.0000000 0.0000000 0.0137019 0.0120258 0.0000000 0.0000000 0.0000000 0.0000000
184 S 184 0.0685845 0.0444858 0.0085033 0.0055385 0.0000000 0.1105219 0.0272966 0.0118113 0.0000000 0.0000000 0.0074480 0.1555033 0.0061678 0.0169626 0.0097923 0.3574554 0.1564016 0.0000000 0.0064554 0.0070717
185 W 185 0.0381584 0.0633819 0.0041201 0.0417841 0.0083124 0.0491174 0.0236511 0.0297750 0.0137364 0.0125462 0.0411500 0.0964245 0.0571665 0.0368296 0.0228641 0.0377045 0.0471803 0.2827481 0.0367950 0.0565545
186 A 186 0.2504367 0.0071318 0.0920013 0.0000000 0.0047876 0.0461444 0.0543153 0.0300417 0.0154445 0.0426708 0.1002338 0.0120713 0.0222422 0.0190415 0.0130464 0.2146240 0.0511187 0.0000000 0.0000000 0.0246482
187 G 187 0.0301563 0.1164700 0.0129560 0.0236472 0.0054509 0.0000000 0.0483285 0.3948903 0.0217381 0.0341611 0.0197736 0.1319558 0.0000000 0.0000000 0.0000000 0.1415175 0.0086626 0.0000000 0.0000000 0.0102920
188 E 188 0.0177646 0.1644523 0.0293621 0.0788201 0.0000000 0.0073132 0.2432642 0.0168713 0.0768584 0.0000000 0.2010788 0.0461396 0.0000000 0.0140587 0.0247567 0.0630639 0.0059942 0.0000000 0.0000000 0.0102018
189 R 189 0.1083602 0.2980305 0.1035979 0.0000000 0.0000000 0.0256342 0.0000000 0.0501441 0.0000000 0.0121866 0.0193444 0.1195150 0.0259998 0.0000000 0.0272041 0.1181139 0.0700841 0.0085139 0.0000000 0.0132713
