  201         A         R         N         D         C         Q         E         G         H         I         L         K         M         F         P         S         T         W         Y         V         X    
  1 G   1 0.0256567 0.0000000 0.0000000 0.0000000 0.0000000 0.0000000 0.0000000 0.0085101 0.0000000 0.0000000 0.0000000 0.0000000 0.0000000 0.0000000 0.0000000 0.0155884 0.0000000 0.0000000 0.0000000 0.0000000 0.9502448
  2 S   2 0.0030103 0.0000000 0.0065261 0.0000000 0.0000000 0.0000000 0.0026860 0.0000000 0.0000000 0.0000000 0.0000000 0.0000000 0.0032552 0.0000000 0.0000000 0.0520449 0.0219449 0.0000000 0.0000000 0.0000000 0.9105326
  3 H   3 0.0854224 0.0077304 0.0127492 0.0000000 0.0000000 0.0000000 0.0000000 0.0000000 0.0013626 0.0028603 0.0030353 0.0033463 0.0000000 0.0040543 0.0020190 0.0042170 0.0030862 0.0000000 0.0060596 0.0068951 0.8571624
  4 M   4 0.0000000 0.0075369 0.0000000 0.0000000 0.0000000 0.0000000 0.0000000 0.0000000 0.0020996 0.0209567 0.0756025 0.0023275 0.0511998 0.0149722 0.0022023 0.0051052 0.0025124 0.0000000 0.0040855 0.0065866 0.8048130
  5 E   5 0.0057575 0.0012609 0.0114107 0.0185715 0.0000000 0.0322369 0.0547179 0.0000000 0.0102570 0.0000000 0.0000000 0.0189671 0.0051573 0.0000000 0.0000000 0.0354834 0.0123813 0.0000000 0.0000000 0.0021331 0.7916654
  6 F   6 0.0072867 0.0191602 0.0000000 0.0000000 0.0000000 0.0126800 0.0414346 0.0000000 0.0000000 0.0158395 0.0486892 0.0054653 0.0045364 0.0351029 0.0119222 0.0192600 0.0111957 0.0000000 0.0000000 0.0105091 0.7569181
  7 Q   7 0.0191215 0.0026069 0.0201315 0.0594049 0.0000000 0.0129340 0.0313557 0.0235338 0.0040215 0.0106242 0.0118251 0.0026860 0.0000000 0.0014399 0.0000000 0.0405934 0.0040761 0.0000000 0.0000000 0.0108067 0.7448386
  8 S   8 0.0089085 0.0057691 0.0192195 0.0309334 0.0072149 0.0132811 0.0188601 0.0142587 0.0029982 0.0021341 0.0036342 0.0090961 0.0112116 0.0015427 0.0149991 0.0702375 0.0160779 0.0000000 0.0020448 0.0147796 0.7327989
  9 D   9 0.0075491 0.0028481 0.0477522 0.1110985 0.0000000 0.0000000 0.0245019 0.0081273 0.0023376 0.0103442 0.0040854 0.0094477 0.0000000 0.0000000 0.0017196 0.0175925 0.0236511 0.0030862 0.0088697 0.0052389 0.7117500
 10 H  10 0.0023040 0.0039011 0.0354498 0.0345595 0.0000000 0.0478476 0.0565467 0.0014696 0.0411396 0.0086116 0.0033833 0.0056313 0.0043619 0.0020448 0.0120800 0.0116040 0.0030431 0.0000000 0.0058517 0.0151037 0.7050666
 11 R  11 0.0155831 0.0487893 0.0073336 0.0061910 0.0000000 0.0065205 0.0325741 0.0208018 0.0110780 0.0077378 0.0125950 0.0016266 0.0000000 0.0018235 0.0712750 0.0429509 0.0061190 0.0000000 0.0041138 0.0028461 0.7000408
 12 E  12 0.0123575 0.0017385 0.0318552 0.0541954 0.0083352 0.0305805 0.0512850 0.0068838 0.0417793 0.0086661 0.0069235 0.0081562 0.0015869 0.0000000 0.0019791 0.0301705 0.0000000 0.0000000 0.0000000 0.0126447 0.6908626
 13 L  13 0.0000000 0.0026276 0.0099677 0.0000000 0.0000000 0.0000000 0.0100637 0.0015649 0.0050279 0.0025880 0.2044902 0.0000000 0.0178464 0.0080701 0.0078043 0.0301284 0.0000000 0.0000000 0.0033463 0.0072818 0.6891926
 14 I  14 0.0063608 0.0069212 0.0000000 0.0184949 0.0015037 0.0111261 0.0032119 0.0057159 0.0021635 0.1571339 0.0012495 0.0063606 0.0000000 0.0023545 0.0190979 0.0039508 0.0193147 0.0000000 0.0000000 0.0364956 0.6985444
 15 G  15 0.0249583 0.0033463 0.0241607 0.0045260 0.0086025 0.0087587 0.0021635 0.1615900 0.0000000 0.0000000 0.0043948 0.0165351 0.0103555 0.0000000 0.0089986 0.0247750 0.0012752 0.0000000 0.0000000 0.0095531 0.6860066
 16 D  16 0.0071375 0.0000000 0.0029438 0.2034596 0.0029902 0.0096365 0.0033833 0.0000000 0.0052919 0.0072626 0.0070001 0.0027487 0.0022039 0.0051662 0.0063940 0.0282035 0.0414360 0.0000000 0.0000000 0.0000000 0.6647422
 17 Y  17 0.0087416 0.0061381 0.0123863 0.0093276 0.0000000 0.0000000 0.0022023 0.0065834 0.0068662 0.0238923 0.0698842 0.0000000 0.0030170 0.1233662 0.0132966 0.0061465 0.0038118 0.0093010 0.0281515 0.0031722 0.6637152
 18 S  18 0.0098851 0.0055490 0.0000000 0.0127541 0.0000000 0.0050694 0.0352867 0.0011291 0.0091246 0.0098176 0.0234542 0.0061714 0.0036931 0.0030353 0.0031684 0.1645089 0.0222308 0.0045478 0.0000000 0.0280681 0.6525066
 19 K  19 0.0180318 0.0319702 0.0053724 0.0057101 0.0014221 0.0193915 0.0214622 0.0026288 0.0000000 0.0074012 0.0395327 0.1520226 0.0000000 0.0008846 0.0084054 0.0092851 0.0127494 0.0000000 0.0031014 0.0200700 0.6405585
 20 A  20 0.0592408 0.0142500 0.0057323 0.0168322 0.0096273 0.0115129 0.0182756 0.0096395 0.0114616 0.0068676 0.0145621 0.0374894 0.0057101 0.0152336 0.0838195 0.0241118 0.0180895 0.0000000 0.0014503 0.0407401 0.5953539
 21 F  21 0.0000000 0.0085248 0.0018794 0.0000000 0.0612727 0.0031310 0.0084439 0.0000000 0.0263973 0.0072388 0.0348064 0.0049191 0.0000000 0.0569515 0.0117342 0.0027896 0.0237123 0.0030353 0.1591916 0.0012726 0.5846994
 22 L  22 0.0801240 0.0051129 0.0142686 0.0000000 0.0079002 0.0069046 0.0132486 0.0125232 0.0097274 0.0443490 0.0816201 0.0081626 0.0047501 0.0212938 0.0215800 0.0555734 0.0388856 0.0000000 0.0000000 0.0483676 0.5256081
 23 L  23 0.0097399 0.0000000 0.0014503 0.0018794 0.0000000 0.0000000 0.0102011 0.0000000 0.0022165 0.0561774 0.3206414 0.0000000 0.0108017 0.0206546 0.0245082 0.0074423 0.0090972 0.0015733 0.0014876 0.0133976 0.5087314
 24 Q  24 0.0168335 0.0109600 0.0069390 0.0160669 0.0000000 0.0238143 0.0175584 0.0023981 0.0120598 0.0059275 0.0118058 0.0122277 0.0000000 0.0030353 0.3256977 0.0092286 0.0221764 0.0000000 0.0000000 0.0069428 0.4963282
 25 T  25 0.0160140 0.0058512 0.0067269 0.0000000 0.0431817 0.0041573 0.0055222 0.0044022 0.0119717 0.0228583 0.0971016 0.0140767 0.0022118 0.0578787 0.0012756 0.0208529 0.1555682 0.0000000 0.0114872 0.0276886 0.4911735
 26 V  26 0.0150745 0.0031412 0.0124440 0.0051023 0.0144316 0.0027340 0.0172759 0.0125625 0.0186162 0.0390430 0.0581201 0.0050926 0.0151401 0.0453347 0.0049663 0.0456049 0.0559595 0.0000000 0.0036294 0.1443603 0.4813670
 27 D  27 0.0313054 0.0211523 0.0283585 0.0849972 0.0022099 0.0320050 0.0796481 0.0117695 0.0199900 0.0102303 0.0098346 0.0421906 0.0050983 0.0025718 0.0156423 0.1142802 0.0430158 0.0000000 0.0037890 0.0045446 0.4373665
 28 G  28 0.0619770 0.0077206 0.0208095 0.0444828 0.0011597 0.0073510 0.0223755 0.1734186 0.0028602 0.0056904 0.0246996 0.0225967 0.0018743 0.0066062 0.0290066 0.0622563 0.0323710 0.0000000 0.0000000 0.0435806 0.4291633
 29 K  29 0.0342989 0.0741922 0.0249689 0.0184111 0.0020162 0.0352012 0.0625100 0.0125625 0.0097184 0.0083472 0.0037173 0.1568376 0.0031456 0.0000000 0.0926277 0.0214120 0.0150478 0.0046970 0.0069140 0.0033971 0.4099774
 30 H  30 0.0353736 0.0207710 0.0502785 0.0496627 0.0130691 0.0304702 0.0196311 0.0073449 0.1648099 0.0103381 0.0037193 0.0271500 0.0060268 0.0035240 0.0265546 0.0874277 0.0396522 0.0000000 0.0016472 0.0102105 0.3923386
 31 Q  31 0.0243189 0.0450865 0.0098439 0.1451898 0.0138125 0.1186007 0.0448414 0.0217854 0.0086340 0.0024159 0.0048628 0.0312993 0.0016603 0.0000000 0.0355789 0.1291111 0.0085014 0.0011996 0.0035044 0.0117494 0.3380038
 32 D  32 0.0436874 0.0070641 0.0444012 0.2038204 0.0066130 0.0299471 0.0318563 0.0877575 0.0025224 0.0035983 0.0247399 0.0153780 0.0000000 0.0046656 0.0337722 0.1046374 0.0431731 0.0000000 0.0000000 0.0402532 0.2721131
 33 L  33 0.0029936 0.0031014 0.0000000 0.0000000 0.0025193 0.0020263 0.0000000 0.0085893 0.0013752 0.1274675 0.3036014 0.0013366 0.0022009 0.1300059 0.0166440 0.0144374 0.0012756 0.0025213 0.0682056 0.0869760 0.2247228
 34 K  34 0.0171851 0.0963252 0.0255078 0.0026661 0.0023694 0.0579272 0.0115160 0.0051241 0.0146206 0.0031804 0.0032008 0.2812472 0.0197713 0.0000000 0.1803918 0.0352643 0.0212168 0.0026885 0.0126514 0.0039248 0.2032212
 35 Y  35 0.0080807 0.2418255 0.0402468 0.0107967 0.0239474 0.0222027 0.0369446 0.0062143 0.0154574 0.0081982 0.0147083 0.0175321 0.0121793 0.0107772 0.0039482 0.1178050 0.0561586 0.0000000 0.1663536 0.0133481 0.1732754
 36 I  36 0.0022185 0.0000000 0.0000000 0.0022509 0.0024535 0.0009860 0.0000000 0.0000000 0.0000000 0.6366757 0.0780745 0.0011118 0.0295546 0.0043132 0.0000000 0.0000000 0.0000000 0.0000000 0.0000000 0.1250478 0.1173135
 37 S  37 0.0166376 0.0036962 0.0434016 0.0943066 0.0024864 0.0125452 0.0484582 0.0104637 0.0040552 0.0011676 0.0091972 0.0307409 0.0000000 0.0000000 0.0123075 0.3620089 0.2381853 0.0013053 0.0007028 0.0081057 0.1002281
 38 P  38 0.1755991 0.0744899 0.0095136 0.0048564 0.0284856 0.0195794 0.0145544 0.0506127 0.0079532 0.0154464 0.0026276 0.0316464 0.0023138 0.0000000 0.2854727 0.0826192 0.0326489 0.0000000 0.0064442 0.0655829 0.0895536
 39 E  39 0.0731488 0.0115705 0.0237276 0.1812047 0.0044497 0.0685345 0.2906382 0.0202138 0.0185646 0.0096303 0.0062261 0.0535685 0.0030541 0.0000000 0.0079241 0.0829629 0.0359718 0.0000000 0.0120605 0.0147637 0.0817854
 40 T  40 0.0247140 0.0101447 0.0040844 0.0726177 0.0000000 0.1036051 0.1988915 0.0100130 0.0042291 0.0409555 0.0054143 0.0336962 0.0136973 0.0040389 0.0011494 0.0163148 0.3088148 0.0000000 0.0048859 0.0615642 0.0811693
 41 M  41 0.1033245 0.0000000 0.0000000 0.0000000 0.0008680 0.0000000 0.0000000 0.0000000 0.0000000 0.0150464 0.5220824 0.0000000 0.0944834 0.0358406 0.0000000 0.0070402 0.0016603 0.0000000 0.0071543 0.1475683 0.0649314
 42 V  42 0.2102519 0.0591588 0.0244037 0.0270026 0.0066008 0.0220548 0.0177251 0.0014344 0.0237622 0.0477599 0.0868621 0.1162622 0.0077494 0.0112173 0.0000000 0.0454715 0.0396141 0.0035395 0.0324564 0.1524876 0.0641859
 43 A  43 0.1379940 0.0765913 0.0413715 0.1635196 0.0020020 0.1006530 0.1421458 0.0271598 0.0136066 0.0039079 0.0097040 0.0817960 0.0018020 0.0041960 0.0052832 0.0798795 0.0409142 0.0000000 0.0018420 0.0028533 0.0627783
 44 L  44 0.0331479 0.0132208 0.0007036 0.0000000 0.0037019 0.0099336 0.0177526 0.0000000 0.0017466 0.1405822 0.4276913 0.0197426 0.0853088 0.0058710 0.0018388 0.0087405 0.0057242 0.0720020 0.0050986 0.0807162 0.0664768
 45 L  45 0.0027272 0.0018764 0.0049818 0.0061245 0.0088130 0.0012090 0.0049804 0.0010898 0.0000000 0.1961695 0.4474010 0.0026543 0.1090686 0.0334848 0.0032732 0.0102741 0.0202422 0.0000000 0.0000000 0.0424527 0.1031776
 46 T  46 0.0209595 0.1200879 0.1150947 0.1432018 0.0076903 0.0912009 0.1027124 0.0017102 0.0146327 0.0015896 0.0385912 0.0922323 0.0069292 0.0013496 0.0030266 0.0643621 0.0458442 0.0039203 0.0000000 0.0026212 0.1222433
 47 G  47 0.0455081 0.0166793 0.0706036 0.0768319 0.0000000 0.0337072 0.0522271 0.3108855 0.0036630 0.0000000 0.0105880 0.0621859 0.0154308 0.0036445 0.0011450 0.0804891 0.0183449 0.0000000 0.0013509 0.0032565 0.1934590
 48 K  48 0.0448412 0.0331770 0.0154874 0.0644650 0.0012586 0.0377948 0.1401433 0.0504860 0.0325464 0.0023448 0.0242607 0.2000025 0.0148146 0.0059049 0.0163733 0.0361853 0.0214271 0.0000000 0.0000000 0.0202646 0.2382226
 49 F  49 0.0141879 0.0180145 0.0088480 0.0113352 0.0092746 0.0260005 0.0216001 0.0440522 0.0392205 0.0016253 0.0181972 0.0280573 0.0031073 0.1678007 0.0111192 0.0434989 0.0400254 0.0000000 0.1551225 0.0164715 0.3224412
 50 S  50 0.0687597 0.0424349 0.0829359 0.0879136 0.0013845 0.0565428 0.0329192 0.0140588 0.0173681 0.0077594 0.0080532 0.0845595 0.0056487 0.0081104 0.0385816 0.1146257 0.0246298 0.0000000 0.0081551 0.0095735 0.2859856
 51 N  51 0.0434360 0.0199568 0.0525936 0.1298594 0.0011464 0.0386769 0.1013835 0.0367932 0.0498788 0.0134437 0.0105329 0.0219315 0.0116785 0.0056977 0.0342491 0.1278811 0.0311364 0.0000000 0.0054671 0.0101409 0.2541166
 52 I  52 0.0668409 0.0589965 0.0305172 0.0230781 0.0065487 0.0626455 0.0458300 0.0876596 0.0389943 0.0289296 0.0795401 0.0365850 0.0035961 0.0465169 0.0283653 0.0385703 0.0273357 0.0000000 0.0185573 0.0251929 0.2456998
 53 V  53 0.0278676 0.0326075 0.0413343 0.0282501 0.0089307 0.0137248 0.0292235 0.0387967 0.0236419 0.0972720 0.0419714 0.0314336 0.0155508 0.1131009 0.0246158 0.0235528 0.0335558 0.0015035 0.0778954 0.0633152 0.2318555
 54 D  54 0.0348908 0.0731556 0.0641030 0.1667206 0.0000000 0.0452027 0.1478461 0.0553037 0.0056856 0.0000000 0.0091369 0.1223260 0.0084809 0.0000000 0.0536916 0.0373493 0.0113208 0.0000000 0.0018911 0.0070358 0.1558594
 55 K  55 0.0112805 0.0670710 0.1042853 0.1865905 0.0000000 0.0713264 0.0937717 0.0347375 0.0354188 0.0045012 0.0047667 0.1821619 0.0000000 0.0000000 0.0223544 0.0736308 0.0215153 0.0000000 0.0014055 0.0043747 0.0808078
 56 F  56 0.1029583 0.0071455 0.0024535 0.0008893 0.0220946 0.0000000 0.0025793 0.0039570 0.0066236 0.0790627 0.1099127 0.0323939 0.0122668 0.2231719 0.0057897 0.0079938 0.0258700 0.0038172 0.1530090 0.1483077 0.0497037
 57 V  57 0.0782289 0.0164205 0.0013686 0.0044826 0.0067490 0.1349410 0.0123593 0.0017466 0.0158290 0.1426675 0.1387501 0.0268241 0.0461738 0.0322707 0.0050417 0.0078061 0.0512503 0.0018841 0.0473637 0.2034782 0.0243641
 58 I  58 0.0072051 0.0041903 0.0026718 0.0018499 0.0010178 0.0000000 0.0000000 0.0000000 0.0000000 0.4386167 0.2341112 0.0000000 0.0041695 0.0064650 0.0000000 0.0000000 0.0053753 0.0000000 0.0010246 0.2761648 0.0171382
 59 V  59 0.0043822 0.0000000 0.0000000 0.0018657 0.0022904 0.0000000 0.0000000 0.0000000 0.0000000 0.5010546 0.1087920 0.0000000 0.0009223 0.0247327 0.0000000 0.0000000 0.0000000 0.0000000 0.0054757 0.3368927 0.0135917
 60 D  60 0.0000000 0.0000000 0.0000000 0.9736333 0.0000000 0.0000000 0.0029094 0.0000000 0.0000000 0.0000000 0.0000000 0.0000000 0.0000000 0.0000000 0.0000000 0.0000000 0.0000000 0.0000000 0.0000000 0.0048497 0.0186076
 61 C  61 0.0205344 0.0000000 0.0000000 0.0035432 0.4273607 0.0000000 0.0000000 0.0000000 0.0000000 0.0457073 0.0399996 0.0000000 0.0012575 0.0000000 0.0000000 0.0214684 0.0145969 0.0000000 0.0000000 0.4070419 0.0184902
 62 R  62 0.0000000 0.9712019 0.0000000 0.0000000 0.0000000 0.0017971 0.0000000 0.0000000 0.0049676 0.0000000 0.0000000 0.0000000 0.0000000 0.0000000 0.0000000 0.0000000 0.0000000 0.0000000 0.0000000 0.0054089 0.0166245
 63 Y  63 0.0049516 0.0661061 0.0149993 0.1085787 0.0000000 0.0102681 0.1374907 0.0080819 0.0020073 0.0017451 0.0010829 0.0034734 0.0000000 0.1894170 0.0267470 0.0401897 0.1024453 0.0000000 0.2373244 0.0014849 0.0436066
 64 P  64 0.0522370 0.0191912 0.0047309 0.0980745 0.0000000 0.0205271 0.1434405 0.0303695 0.0054387 0.0017154 0.0048814 0.0456401 0.0049464 0.0210507 0.3899814 0.0335858 0.0358582 0.0007276 0.0026198 0.0107638 0.0742199
 65 Y  65 0.0535603 0.0091172 0.0471632 0.0639295 0.0041119 0.0125787 0.0976963 0.0259470 0.0272998 0.0046955 0.0032758 0.0335524 0.0009981 0.0559353 0.0024263 0.0709756 0.0103382 0.0034653 0.3783053 0.0307655 0.0638628
 66 E  66 0.0051555 0.0122570 0.0000000 0.1928149 0.0000000 0.0029290 0.7317685 0.0015979 0.0000000 0.0000000 0.0068505 0.0000000 0.0010481 0.0000000 0.0000000 0.0153175 0.0032893 0.0000000 0.0092478 0.0027515 0.0149725
 67 Y  67 0.0010513 0.0132817 0.0033177 0.0056954 0.0032194 0.0000000 0.0009686 0.0024476 0.0384274 0.0049915 0.0036921 0.0000000 0.0008458 0.2976908 0.0000000 0.0070855 0.0000000 0.0236552 0.5652767 0.0133810 0.0149725
 68 E  68 0.1237140 0.0328982 0.1194699 0.1131829 0.0014158 0.0543054 0.2615618 0.0050657 0.0118083 0.0415132 0.0452562 0.0644432 0.0056072 0.0146652 0.0010706 0.0275708 0.0163518 0.0000000 0.0096252 0.0346032 0.0158716
 69 G  69 0.1123501 0.0303107 0.0225157 0.0366880 0.0049547 0.0392238 0.0480354 0.5535861 0.0035704 0.0090837 0.0109495 0.0334134 0.0078640 0.0053970 0.0010836 0.0304013 0.0220223 0.0000000 0.0061199 0.0070856 0.0153448
 70 G  70 0.0179352 0.0008229 0.0042737 0.0029701 0.0054824 0.0000000 0.0133625 0.8779082 0.0000000 0.0016486 0.0024453 0.0021563 0.0007675 0.0008475 0.0000000 0.0401425 0.0000000 0.0018828 0.0041409 0.0078689 0.0153448
 71 H  71 0.0064739 0.0283767 0.0169906 0.0000000 0.0015266 0.0000000 0.0000000 0.0000000 0.8366115 0.0000000 0.0031790 0.0078417 0.0036301 0.0068204 0.0000000 0.0162165 0.0430253 0.0010006 0.0059758 0.0069865 0.0153448
 72 I  72 0.0017948 0.0000000 0.0000000 0.0000000 0.0000000 0.0000000 0.0000000 0.0010988 0.0000000 0.8621980 0.0429548 0.0000000 0.0016122 0.0055723 0.0000000 0.0000000 0.0000000 0.0000000 0.0034654 0.0675141 0.0137895
 73 K  73 0.0659582 0.1125556 0.0352352 0.0565495 0.0025261 0.0383719 0.0489879 0.0144023 0.0107328 0.0467253 0.0711867 0.2267808 0.0078279 0.0043070 0.1466809 0.0368911 0.0216501 0.0000000 0.0062610 0.0317182 0.0146516
 74 T  74 0.0043344 0.0043261 0.1163081 0.0285328 0.0019176 0.0071442 0.0172750 0.6789435 0.0260846 0.0000000 0.0000000 0.0151148 0.0000000 0.0000000 0.0010679 0.0416680 0.0367212 0.0000000 0.0051802 0.0012729 0.0141086
 75 A  75 0.7574236 0.0000000 0.0000000 0.0000000 0.0225619 0.0000000 0.0000000 0.0072985 0.0000000 0.0000000 0.0012005 0.0000000 0.0014735 0.0046682 0.0000000 0.1855701 0.0009949 0.0023450 0.0000000 0.0023311 0.0141326
 76 V  76 0.0025065 0.0759152 0.0075160 0.0000000 0.0030221 0.0304978 0.0075810 0.0007603 0.0177117 0.3055276 0.1445827 0.0635195 0.0339490 0.0087092 0.0000000 0.0042984 0.0315722 0.0230608 0.0183810 0.2084958 0.0123932
 77 N  77 0.0009557 0.0046960 0.7809386 0.0000000 0.0047930 0.0029281 0.0000000 0.0000000 0.1100937 0.0016898 0.0290381 0.0000000 0.0009711 0.0014676 0.0072825 0.0217276 0.0019841 0.0136844 0.0000000 0.0008145 0.0169353
 78 L  78 0.0168674 0.0025935 0.0000000 0.0000000 0.0147529 0.0020961 0.0000000 0.0000000 0.0114442 0.3785951 0.2729041 0.0018861 0.0255278 0.0559215 0.0013900 0.0044967 0.0012187 0.0032567 0.0809353 0.1041652 0.0219487
 79 P  79 0.0279875 0.0051134 0.1201454 0.0249979 0.0160024 0.0057992 0.0021258 0.0036585 0.0401261 0.0064290 0.0000000 0.0032963 0.0022409 0.0542490 0.4345384 0.0631105 0.0085357 0.0295569 0.1005290 0.0000000 0.0515581
 80 L  80 0.0787570 0.0315036 0.0532840 0.1153531 0.0183481 0.0112920 0.0165283 0.0052302 0.0091117 0.0249470 0.1229243 0.0100869 0.0326221 0.0319997 0.0098696 0.1689225 0.1039900 0.0019294 0.0327517 0.0530576 0.0674913
 81 E  81 0.0269869 0.0593018 0.0208977 0.0486163 0.0000000 0.1157665 0.0936353 0.0599808 0.0361744 0.0122746 0.0176495 0.1619364 0.0039322 0.0119603 0.0696605 0.1144349 0.0425338 0.0066336 0.0112873 0.0087319 0.0776055
 82 R  82 0.0288454 0.0402111 0.0479087 0.1442000 0.0000000 0.0817686 0.2270351 0.0412701 0.0117033 0.0056022 0.0043332 0.0717559 0.0069640 0.0052017 0.0060556 0.1052899 0.0687319 0.0011111 0.0008819 0.0180511 0.0830791
 83 D  83 0.0500444 0.0110297 0.0233245 0.0745157 0.0032911 0.0774370 0.0827706 0.0094791 0.0186894 0.0716385 0.2631977 0.0258649 0.0193560 0.0857703 0.0024596 0.0148591 0.0217276 0.0027677 0.0053460 0.0239721 0.1124589
 84 A  84 0.0614174 0.0377575 0.0093186 0.0075533 0.0034160 0.0051431 0.0488136 0.0167988 0.0053777 0.0964951 0.2772919 0.0281602 0.0388389 0.0139203 0.0069743 0.0273859 0.0159005 0.0051462 0.0489272 0.0914913 0.1538720
 85 E  85 0.0978943 0.0299608 0.0250953 0.0740303 0.0054068 0.0789016 0.1992413 0.0237814 0.0220850 0.0068382 0.0513461 0.0499545 0.0023861 0.0393770 0.0252361 0.0502240 0.0320067 0.0020731 0.0161884 0.0165066 0.1514663
 86 S  86 0.0448571 0.1205666 0.0806669 0.0764099 0.0000000 0.0306788 0.1403602 0.0405069 0.0173022 0.0034604 0.0091730 0.0659494 0.0022394 0.0109388 0.0061122 0.1070870 0.0868886 0.0038810 0.0042121 0.0006788 0.1480309
 87 F  87 0.0255871 0.0719126 0.0214040 0.0187511 0.0000000 0.0426989 0.0735388 0.0112353 0.0347509 0.0493143 0.1221982 0.0532425 0.0278858 0.1080596 0.0136838 0.0128831 0.0194931 0.0000000 0.0652045 0.0357594 0.1923969
 88 L  88 0.0088019 0.0040798 0.0044212 0.0407336 0.0000000 0.0080126 0.0125318 0.0066779 0.0062255 0.0235548 0.2844257 0.0091617 0.0139954 0.2213658 0.0438697 0.0163895 0.0045471 0.0000000 0.0226755 0.0172885 0.2512420
 89 L  89 0.0648846 0.0036986 0.0054443 0.0183029 0.0000000 0.0315595 0.0213458 0.0049884 0.0087758 0.0489362 0.1725800 0.0218930 0.0135221 0.1808966 0.0123830 0.0312128 0.0361445 0.0000000 0.0470460 0.0305122 0.2458737
 90 K  90 0.0287136 0.0423204 0.0553045 0.0897417 0.0012408 0.0904311 0.0722173 0.0184271 0.0144221 0.0136413 0.0441238 0.0985335 0.0104770 0.0000000 0.0580278 0.0635357 0.0263870 0.0014908 0.0031014 0.0263608 0.2415023
 91 S  91 0.0174511 0.0270983 0.0744754 0.0816153 0.0092392 0.0324309 0.1123387 0.0260239 0.0105966 0.0129429 0.0541500 0.0675539 0.0221351 0.0358058 0.0113252 0.0429428 0.0615810 0.0014818 0.0419746 0.0306497 0.2261878
 92 P  92 0.0369699 0.0212000 0.0451943 0.0701345 0.0062292 0.0350718 0.0476236 0.0120763 0.0063924 0.0124900 0.0528099 0.0867706 0.0042961 0.0094835 0.2842592 0.0387118 0.0188250 0.0000000 0.0063183 0.0031288 0.2020149
 93 I  93 0.0659885 0.0110038 0.0108615 0.0471328 0.0044082 0.0343314 0.0711281 0.0233447 0.0140052 0.1253183 0.1028964 0.0696953 0.0313409 0.0114120 0.0045458 0.0451090 0.0636627 0.0041633 0.0192140 0.0361474 0.2042905
 94 A  94 0.0464897 0.0620899 0.0343549 0.0231400 0.0080949 0.0329608 0.0472143 0.0350645 0.0166916 0.0361983 0.1541681 0.0425978 0.0059942 0.0413049 0.0522065 0.0380723 0.0528017 0.0062836 0.0032355 0.0649616 0.1960749
 95 P  95 0.0712193 0.0364609 0.0031603 0.0115200 0.0019909 0.0195211 0.0895043 0.0216236 0.0056388 0.0804715 0.0596686 0.0987668 0.0186226 0.0162172 0.1092066 0.0481808 0.0250359 0.0030602 0.0089979 0.0860438 0.1850886
 96 C  96 0.0797351 0.0854424 0.0532888 0.0511663 0.0304171 0.0609134 0.0397134 0.0383371 0.0113037 0.0258223 0.1060106 0.0828649 0.0055428 0.0174867 0.0158170 0.0838570 0.0524883 0.0020481 0.0033323 0.0076468 0.1467660
 97 S  97 0.0757413 0.0367589 0.0404004 0.0943421 0.0081345 0.0511377 0.1467199 0.0216669 0.0081597 0.0239378 0.0293587 0.0680597 0.0142073 0.0080368 0.0259577 0.1137778 0.0523999 0.0000000 0.0167063 0.0183949 0.1461017
 98 L  98 0.0595640 0.0152267 0.0206434 0.0205005 0.0061677 0.0625204 0.0280211 0.0692954 0.0222793 0.0818596 0.1850562 0.0563091 0.0421388 0.0264979 0.0297041 0.0387186 0.0587212 0.0000000 0.0133536 0.0254897 0.1379326
 99 D  99 0.0243907 0.0557704 0.0698068 0.1537751 0.0038685 0.0652586 0.0587330 0.0408384 0.0288532 0.0258198 0.0300319 0.0688927 0.0255751 0.0063810 0.0738560 0.0688812 0.0187715 0.0032809 0.0289659 0.0175852 0.1306640
100 K 100 0.0141999 0.0782179 0.0209500 0.0616365 0.0000000 0.0506253 0.0302800 0.0621836 0.0263706 0.0125183 0.0154995 0.4078827 0.0155630 0.0113999 0.0214995 0.0359805 0.0139148 0.0014800 0.0036572 0.0116840 0.1044568
101 R 101 0.0185803 0.2076795 0.1056870 0.1619184 0.0039564 0.0315415 0.0348589 0.0326899 0.0081282 0.0204772 0.0018764 0.1892860 0.0041744 0.0011382 0.0468263 0.0271053 0.0180192 0.0000000 0.0109097 0.0165105 0.0586367
102 V 102 0.0434043 0.0815120 0.0352960 0.0408919 0.0027922 0.0947467 0.0473139 0.0147359 0.0173639 0.0586598 0.0304718 0.1744522 0.0086187 0.0063757 0.0330841 0.0312666 0.1332357 0.0000000 0.0013161 0.0748856 0.0695769
103 I 103 0.0502151 0.0091978 0.0127124 0.0289434 0.0171467 0.0216167 0.0232685 0.0000000 0.0044419 0.1797211 0.1239830 0.0698537 0.0174869 0.0068978 0.1867561 0.0089180 0.0730737 0.0027910 0.0028916 0.0973907 0.0626939
104 L 104 0.0098194 0.0018949 0.0000000 0.0000000 0.0036919 0.0000000 0.0000000 0.0000000 0.0008251 0.2581216 0.2534116 0.0012076 0.0037922 0.0160383 0.0467899 0.0032212 0.0016898 0.0021010 0.0271263 0.3366862 0.0335832
105 I 105 0.0167697 0.0000000 0.0000000 0.0000000 0.0034379 0.0000000 0.0000000 0.0000000 0.0000000 0.4355478 0.0607433 0.0000000 0.0024107 0.0114517 0.0000000 0.0015740 0.0016472 0.0000000 0.0685212 0.3841383 0.0137582
106 F 106 0.0063554 0.0000000 0.0000000 0.0019611 0.0171189 0.0000000 0.0000000 0.0000000 0.0000000 0.0477489 0.1601073 0.0000000 0.0047487 0.5381488 0.0000000 0.0000000 0.0071760 0.0170317 0.0092797 0.1760910 0.0142324
107 H 107 0.0040434 0.0000000 0.0061117 0.0000000 0.0008086 0.0044974 0.0039500 0.0006837 0.4841763 0.0174601 0.0176215 0.0000000 0.0015366 0.0189646 0.0000000 0.0068962 0.0136325 0.0000000 0.3659716 0.0370959 0.0165498
108 C 108 0.0122443 0.0000000 0.0000000 0.0239029 0.9117660 0.0000000 0.0000000 0.0020173 0.0057534 0.0019748 0.0000000 0.0000000 0.0000000 0.0000000 0.0000000 0.0033402 0.0000000 0.0000000 0.0000000 0.0114291 0.0275720
109 E 109 0.1179399 0.0946558 0.0200630 0.0241998 0.0035281 0.0717713 0.4323362 0.0711654 0.0048471 0.0008605 0.0000000 0.0342540 0.0186986 0.0055440 0.0052943 0.0153527 0.0119590 0.0024442 0.0058868 0.0000000 0.0591994
110 F 110 0.0241118 0.0095554 0.0173372 0.0036401 0.0000000 0.0189330 0.0034731 0.0077524 0.0258327 0.0096397 0.0942112 0.0105367 0.0170994 0.3128077 0.0000000 0.0764696 0.0332480 0.0000000 0.1414457 0.0148219 0.1790845
111 S 111 0.0036704 0.0028855 0.0109505 0.0134731 0.0088805 0.0039121 0.0039564 0.0986246 0.0137526 0.0000000 0.0000000 0.0026281 0.0008266 0.0015979 0.0014279 0.7609232 0.0232981 0.0000000 0.0000000 0.0075575 0.0416350
112 S 112 0.1150065 0.0237887 0.0136745 0.0016726 0.0088496 0.2108298 0.0051919 0.2595239 0.0080777 0.0120161 0.0191889 0.0354846 0.0096077 0.0000000 0.0000000 0.1751164 0.0238125 0.0103908 0.0018359 0.0392262 0.0267060
113 E 113 0.0348477 0.0324838 0.0717469 0.0175960 0.0026097 0.1020195 0.1399195 0.0603728 0.1023943 0.0205471 0.0197900 0.1137348 0.0241928 0.0311280 0.0047613 0.0203900 0.0550658 0.0000000 0.0175386 0.0589146 0.0699467
114 R 114 0.0158078 0.8599930 0.0110540 0.0000000 0.0000000 0.0009389 0.0054496 0.0060401 0.0058821 0.0015924 0.0028770 0.0055331 0.0000000 0.0057166 0.0035179 0.0200843 0.0000000 0.0010125 0.0019889 0.0106620 0.0418499
115 G 115 0.2086492 0.0000000 0.0000000 0.0000000 0.0040406 0.0032286 0.0000000 0.4649954 0.0016698 0.0000000 0.0039564 0.0000000 0.0000000 0.0000000 0.0000000 0.2733996 0.0148615 0.0000000 0.0000000 0.0014696 0.0237292
116 P 116 0.0987797 0.0244799 0.0048653 0.0047622 0.0000000 0.0289902 0.0159848 0.0268596 0.0000000 0.0120545 0.0183300 0.0408150 0.0057836 0.0029094 0.5682325 0.0352204 0.0294535 0.0048174 0.0298754 0.0202983 0.0274884
117 R 117 0.0674632 0.1860181 0.0500787 0.0162145 0.0035847 0.0636062 0.0194273 0.0149369 0.0102089 0.0601215 0.0843561 0.1387928 0.0336401 0.0051580 0.0042738 0.1277587 0.0710839 0.0000000 0.0026544 0.0092482 0.0313738
118 M 118 0.3843981 0.0023376 0.0000000 0.0000000 0.0601743 0.0094325 0.0033070 0.0060663 0.0000000 0.0218103 0.1067104 0.0029820 0.2652704 0.0223372 0.0043831 0.0335021 0.0157716 0.0048165 0.0008482 0.0225429 0.0333093
119 C 119 0.6208265 0.0018881 0.0000000 0.0018737 0.0929285 0.0008754 0.0081463 0.0096492 0.0000000 0.0015793 0.0412594 0.0017451 0.0177381 0.0114800 0.0015734 0.0766379 0.0158679 0.0080411 0.0350709 0.0101444 0.0426747
120 R 120 0.0719188 0.2756362 0.0382910 0.0341137 0.0035997 0.0633240 0.0334500 0.0532389 0.0240327 0.0031083 0.0487390 0.1595619 0.0178290 0.0029820 0.0008939 0.0762560 0.0179918 0.0007581 0.0085162 0.0079140 0.0578450
121 F 121 0.0766154 0.0351617 0.0067183 0.0000000 0.0099648 0.0246438 0.0170710 0.0018828 0.1256290 0.0804665 0.0744584 0.0607939 0.0225100 0.1489729 0.0000000 0.0262009 0.0303706 0.0701517 0.1072689 0.0158317 0.0652877
122 I 122 0.0158266 0.0022355 0.0000000 0.0000000 0.0000000 0.0000000 0.0000000 0.0016819 0.0000000 0.0758899 0.5836934 0.0000000 0.0431979 0.1181805 0.0000000 0.0000000 0.0047722 0.0000000 0.0236975 0.0632942 0.0675304
123 R 123 0.0905391 0.5086126 0.0094933 0.0019300 0.0051973 0.0584251 0.0116733 0.0070851 0.0066571 0.0075925 0.0153892 0.0767869 0.0046072 0.0017760 0.0000000 0.0228107 0.0108246 0.0000000 0.0067611 0.0471377 0.1067012
124 E 124 0.0468764 0.0445072 0.1047483 0.0899921 0.0031014 0.0409518 0.2021030 0.0232160 0.0349812 0.0000000 0.0060611 0.1441762 0.0000000 0.0000000 0.0014696 0.1051116 0.0072687 0.0018723 0.0000000 0.0132364 0.1303268
125 R 125 0.0689865 0.0990303 0.0489050 0.0056499 0.0418408 0.0596817 0.0411192 0.0000000 0.0446974 0.0392254 0.0892861 0.0749688 0.0496707 0.0196299 0.0000000 0.0245011 0.0220578 0.0019176 0.0687817 0.0261575 0.1738925
126 D 126 0.0073116 0.0122771 0.0068655 0.4540898 0.0076917 0.0047691 0.0217555 0.0208607 0.0022958 0.0257504 0.0793032 0.0019962 0.0038965 0.0066621 0.0016636 0.0037565 0.0033029 0.0000000 0.0000000 0.0043521 0.3313998
127 R 127 0.0187685 0.4255097 0.0162250 0.0376315 0.0000000 0.0210691 0.0275418 0.0066327 0.0000000 0.0000000 0.0136644 0.0110274 0.0033793 0.0048849 0.0034654 0.0087999 0.0279224 0.0074708 0.0045211 0.0067778 0.3547083
128 A 128 0.1112587 0.0147687 0.0424131 0.0307820 0.0050660 0.0301057 0.0699232 0.0144708 0.0328722 0.0364500 0.0446412 0.0500181 0.0265391 0.0078564 0.0014279 0.0420711 0.0409502 0.0000000 0.0059062 0.0455960 0.3468832
129 V 129 0.0506959 0.0715757 0.0036391 0.0034669 0.0185652 0.0234666 0.0197626 0.0092117 0.0189292 0.0422713 0.1665483 0.0319395 0.0269449 0.0106731 0.0012093 0.0394716 0.0229862 0.0000000 0.0127326 0.0696795 0.3562307
130 N 130 0.0166946 0.0024705 0.3961369 0.0148720 0.0026276 0.0079594 0.0185023 0.0723452 0.0431774 0.0057757 0.0272371 0.0089643 0.0096217 0.0042462 0.0008107 0.0114095 0.0042432 0.0071712 0.0000000 0.0022751 0.3434596
131 D 131 0.0143886 0.0559754 0.0745755 0.0678917 0.0020248 0.0662143 0.1151604 0.0270443 0.0311479 0.0216908 0.0152602 0.0608641 0.0020809 0.0035408 0.0181699 0.0434948 0.0204490 0.0000000 0.0026663 0.0227330 0.3346272
132 Y 132 0.0172044 0.0021292 0.0051287 0.0241442 0.0025656 0.0097136 0.0291649 0.0061803 0.0168899 0.0023192 0.0516779 0.0313589 0.0044615 0.0058542 0.0037383 0.0090049 0.0277900 0.0048389 0.3909592 0.0028058 0.3520705
133 P 133 0.0136303 0.0142144 0.0073340 0.0244356 0.0000000 0.0134901 0.0479809 0.0431858 0.0079790 0.0027747 0.0193368 0.0192588 0.0056148 0.0032010 0.4012573 0.0439184 0.0044547 0.0000000 0.0037529 0.0065952 0.3175851
134 S 134 0.1031366 0.0424302 0.0500765 0.0283057 0.0107817 0.0305439 0.0295550 0.0200574 0.0439798 0.0220400 0.0336765 0.1491355 0.0203762 0.0197271 0.0037746 0.0591569 0.0115872 0.0000000 0.0289965 0.0087506 0.2839121
135 L 135 0.0190625 0.0173711 0.0045974 0.0091919 0.0247437 0.0252954 0.0083138 0.0086603 0.0006549 0.0222140 0.4458074 0.0552512 0.0150936 0.0057606 0.0044708 0.0244804 0.0085919 0.0000000 0.0022509 0.0332336 0.2649547
136 Y 136 0.0226088 0.0167131 0.0140373 0.0582081 0.0028505 0.0050092 0.0127369 0.3186401 0.0967355 0.0107206 0.0151243 0.0187889 0.0011632 0.0261817 0.0120662 0.0962589 0.0751489 0.0021331 0.0914814 0.0026266 0.1007667
137 Y 137 0.0097436 0.0048814 0.0110183 0.0017767 0.0031541 0.0011635 0.0105517 0.0078020 0.0123061 0.0147631 0.0203326 0.0246301 0.0029347 0.2790178 0.0098296 0.0039936 0.0065956 0.0102856 0.4622013 0.0078947 0.0951240
138 P 138 0.0259236 0.0188458 0.0210985 0.0224402 0.0041106 0.0634322 0.0537244 0.0096161 0.0114345 0.0053116 0.0103054 0.0872628 0.0056004 0.0208167 0.4122800 0.0402540 0.0865320 0.0000000 0.0019193 0.0105859 0.0885059
139 E 139 0.0094993 0.0504639 0.1277584 0.1644804 0.0014849 0.0624106 0.3778751 0.0016296 0.0339953 0.0006970 0.0012910 0.0563107 0.0006923 0.0027044 0.0000000 0.0274171 0.0088291 0.0000000 0.0028377 0.0000000 0.0696231
140 M 140 0.0225766 0.0000000 0.0000000 0.0000000 0.0052760 0.0000000 0.0000000 0.0000000 0.0000000 0.2440965 0.1304195 0.0000000 0.0790775 0.0015092 0.0000000 0.0133796 0.0077921 0.0000000 0.0000000 0.4384898 0.0573832
141 Y 141 0.0118115 0.0133964 0.0049628 0.0014203 0.0203618 0.0054988 0.0013283 0.0073403 0.0194379 0.0150265 0.0562218 0.0183130 0.0193643 0.0650069 0.0000000 0.0149294 0.0129717 0.0171289 0.5776259 0.0711539 0.0466995
142 I 142 0.0029573 0.0058161 0.1175208 0.0357541 0.0048169 0.0110883 0.0173313 0.0014912 0.0161945 0.2736014 0.1582374 0.0034246 0.0069012 0.0017466 0.0000000 0.0536649 0.0032853 0.0000000 0.0086985 0.2498886 0.0275813
143 L 143 0.0014876 0.0000000 0.0000000 0.0013041 0.0000000 0.0000000 0.0032165 0.0000000 0.0000000 0.0363472 0.8104188 0.0000000 0.0605780 0.0022733 0.0000000 0.0000000 0.0000000 0.0012671 0.0099368 0.0386736 0.0344970
144 K 144 0.0410258 0.0538421 0.0209574 0.2082009 0.0038577 0.0625840 0.2011995 0.0055048 0.0652007 0.0037788 0.0141557 0.1595565 0.0019656 0.0183786 0.0035866 0.0485797 0.0389812 0.0000000 0.0053927 0.0079779 0.0352739
145 G 145 0.0028319 0.0335601 0.0288076 0.0191315 0.0000000 0.0071073 0.0197227 0.7983487 0.0000000 0.0000000 0.0041175 0.0374458 0.0000000 0.0000000 0.0000000 0.0079166 0.0000000 0.0000000 0.0167298 0.0000000 0.0242806
146 G 146 0.0000000 0.0000000 0.0000000 0.0046767 0.0000000 0.0000000 0.0000000 0.9563105 0.0020162 0.0000000 0.0000000 0.0000000 0.0000000 0.0000000 0.0000000 0.0105361 0.0000000 0.0000000 0.0000000 0.0000000 0.0264604
147 Y 147 0.0013766 0.0000000 0.0000000 0.0026069 0.0000000 0.0000000 0.0000000 0.0000000 0.0000000 0.1659200 0.0334583 0.0000000 0.0347956 0.2271941 0.0000000 0.0000000 0.0093528 0.0121704 0.4716550 0.0157837 0.0256866
148 K 148 0.0362426 0.0889404 0.1041685 0.0211207 0.0195050 0.0224131 0.0516245 0.0101863 0.0044905 0.0131628 0.0463252 0.2823699 0.0241369 0.0052530 0.0065205 0.1285339 0.0550002 0.0000000 0.0069769 0.0457274 0.0273015
149 E 149 0.2062358 0.0481933 0.0684260 0.0806577 0.0034504 0.0307999 0.1211652 0.1668202 0.0203335 0.0000000 0.0112752 0.0918115 0.0009154 0.0007901 0.0000000 0.0841218 0.0206075 0.0000000 0.0070522 0.0067109 0.0306334
150 F 150 0.0000000 0.0000000 0.0000000 0.0000000 0.0000000 0.0000000 0.0000000 0.0000000 0.0000000 0.0129292 0.0072225 0.0000000 0.0034654 0.4547982 0.0000000 0.0000000 0.0000000 0.4497670 0.0156045 0.0063235 0.0498897
151 F 151 0.0493885 0.0343755 0.0103402 0.0042783 0.0008405 0.1082357 0.0402596 0.0029742 0.0280875 0.0072535 0.0191911 0.0329882 0.0066273 0.2339731 0.0000000 0.0393641 0.0083371 0.0197731 0.1689756 0.0430679 0.1416690
152 P 152 0.1223340 0.0533225 0.0313480 0.0314417 0.0046044 0.0716444 0.1909271 0.0413144 0.0149858 0.0027886 0.0225879 0.0785234 0.0069571 0.0000000 0.0431161 0.0900124 0.0428403 0.0000000 0.0000000 0.0033625 0.1478892
153 Q 153 0.1307013 0.0406625 0.0460469 0.0221061 0.0228382 0.0703933 0.1749567 0.0070885 0.0194244 0.0101301 0.0317938 0.1059365 0.0090570 0.0000000 0.0006697 0.0576351 0.0490583 0.0000000 0.0186987 0.0274889 0.1553138
154 H 154 0.0024938 0.0079198 0.0295072 0.0137325 0.0278194 0.0232954 0.0019699 0.1358194 0.1218022 0.0048743 0.0077788 0.0091738 0.0051134 0.1450027 0.0000000 0.0104857 0.0008991 0.0027757 0.2325312 0.0059064 0.2110993
155 P 155 0.0229167 0.0901603 0.0352660 0.0073363 0.0017451 0.0351627 0.0224654 0.0964051 0.0065962 0.0049694 0.0247843 0.1197283 0.0121144 0.0089229 0.1851487 0.0311685 0.0228799 0.0000000 0.0027594 0.0081588 0.2613114
156 N 156 0.0202117 0.0085122 0.0341311 0.1202369 0.0049822 0.0502818 0.2193930 0.0487491 0.0159422 0.0018823 0.0035604 0.0230111 0.0011172 0.0055941 0.0538907 0.0719422 0.0290128 0.0000000 0.0053936 0.0000000 0.2821554
157 F 157 0.0019781 0.0676484 0.0027193 0.0356412 0.0070009 0.0159052 0.0050110 0.0030628 0.0391827 0.0237615 0.2940595 0.0155429 0.0130518 0.0536010 0.0034682 0.0045817 0.0019776 0.0126364 0.0475309 0.0200317 0.3316072
158 C 158 0.0040894 0.0025004 0.0000000 0.0020393 0.4448984 0.0010632 0.0085362 0.0042067 0.0000000 0.0126405 0.0020254 0.0017225 0.0023497 0.0000000 0.0000000 0.0162300 0.0569800 0.0000000 0.0000000 0.0759677 0.3647507
159 E 159 0.0088441 0.0106644 0.0164653 0.0578304 0.0011665 0.0272667 0.2619257 0.0000000 0.0100730 0.0245582 0.0017473 0.0116282 0.0037081 0.0384291 0.0000000 0.0206911 0.0223142 0.0000000 0.0509098 0.0193278 0.4124501
160 P 160 0.0000000 0.0014908 0.0066596 0.0000000 0.0065177 0.0000000 0.0097510 0.0914915 0.0000000 0.0020399 0.0039909 0.0038404 0.0013847 0.0025642 0.3855244 0.0000000 0.0317439 0.0100541 0.0000000 0.0019781 0.4409688
161 Q 161 0.0204777 0.0479977 0.0297662 0.0167534 0.0182597 0.1736651 0.0314322 0.0180469 0.0136482 0.0090765 0.0050503 0.0444910 0.0190137 0.0000000 0.0352966 0.0102985 0.0044683 0.0030749 0.0000000 0.0065072 0.4926759
162 D 162 0.0630617 0.0053663 0.1016658 0.0539914 0.0000000 0.0093132 0.0266014 0.1229802 0.0027369 0.0016052 0.0036190 0.0000000 0.0029099 0.0040440 0.0000000 0.0913401 0.0146507 0.0000000 0.0101882 0.0013025 0.4846236
163 Y 163 0.0022324 0.0000000 0.0000000 0.0000000 0.0000000 0.0000000 0.0023245 0.0057493 0.0061588 0.0018828 0.0041358 0.0049671 0.0000000 0.0056265 0.0000000 0.0029094 0.0010302 0.0025124 0.4590799 0.0038048 0.4975861
164 R 164 0.0110882 0.0695161 0.0024788 0.0031949 0.0299543 0.0050083 0.0113522 0.0000000 0.0009936 0.0690401 0.0222524 0.0141493 0.0010023 0.0000000 0.0007894 0.0038627 0.0364585 0.0000000 0.0000000 0.2157509 0.5031077
165 P 165 0.0234300 0.0253797 0.0051697 0.0012236 0.0054405 0.0085798 0.1517242 0.0130075 0.0000000 0.0047984 0.0020618 0.0194432 0.0027757 0.0000000 0.1813031 0.0320218 0.0251743 0.0000000 0.0000000 0.0042622 0.4942046
166 M 166 0.0000000 0.0090867 0.0038498 0.0060194 0.0000000 0.0000000 0.0000000 0.0023114 0.0000000 0.0000000 0.0000000 0.0013178 0.4316328 0.0029550 0.0000000 0.0091033 0.0011029 0.0058569 0.0142408 0.0000000 0.5125232
167 N 167 0.0134842 0.0220542 0.0715656 0.0909723 0.0021514 0.0061225 0.0070980 0.0068362 0.0717976 0.0081245 0.0737959 0.0306713 0.0054435 0.0083492 0.0000000 0.0343081 0.0166761 0.0000000 0.0054350 0.0136574 0.5114568
168 H 168 0.0820962 0.0000000 0.0180267 0.1865870 0.0000000 0.0024704 0.0193618 0.0000000 0.1140898 0.0000000 0.0025261 0.0034136 0.0000000 0.0000000 0.0014685 0.0305027 0.0248495 0.0071072 0.0000000 0.0000000 0.5075004
169 E 169 0.0233244 0.0244328 0.0053551 0.0144501 0.0000000 0.0409218 0.1141416 0.0009658 0.0040705 0.0085210 0.0152354 0.0778340 0.0000000 0.0000000 0.0870974 0.0376492 0.0276237 0.0000000 0.0024535 0.0094244 0.5064991
170 A 170 0.0697518 0.0613071 0.0372060 0.0833980 0.0021223 0.0115586 0.0748061 0.0275886 0.0012897 0.0041690 0.0143166 0.0384143 0.0027025 0.0014011 0.0160877 0.0187430 0.0059259 0.0000000 0.0000000 0.0181823 0.5110294
171 F 171 0.0000000 0.0000000 0.0214411 0.0000000 0.0000000 0.0000000 0.0033563 0.0000000 0.1810917 0.0039564 0.0066951 0.0031014 0.0000000 0.1046116 0.0000000 0.0000000 0.0000000 0.0172166 0.1483180 0.0000000 0.5102118
172 K 172 0.0411677 0.0509710 0.0295160 0.0082902 0.0012379 0.0203071 0.0912978 0.0091917 0.0000000 0.0040543 0.0053329 0.0919649 0.0017496 0.0088950 0.0000000 0.0391553 0.0456742 0.0000000 0.0000000 0.0287723 0.5224221
173 D 173 0.0471754 0.0207150 0.0285425 0.0452697 0.0379375 0.0246725 0.0874268 0.0000000 0.0198531 0.0064317 0.0048982 0.0703079 0.0057809 0.0075819 0.0054236 0.0292841 0.0154286 0.0000000 0.0102109 0.0107386 0.5223212
174 E 174 0.0428071 0.0047044 0.0208525 0.0809502 0.0000000 0.0120730 0.2309684 0.0000000 0.0149881 0.0030543 0.0181897 0.0023148 0.0000000 0.0000000 0.0000000 0.0135163 0.0164040 0.0000000 0.0000000 0.0047776 0.5343997
175 L 175 0.0014055 0.0390519 0.0000000 0.0000000 0.0723143 0.0020592 0.0018190 0.0089455 0.0024566 0.0093184 0.2268011 0.0069453 0.0250697 0.0335274 0.0000000 0.0000000 0.0000000 0.0000000 0.0235650 0.0051999 0.5415213
176 K 176 0.0160179 0.1015497 0.0099763 0.0193256 0.0033020 0.0162903 0.0747764 0.0275974 0.0077653 0.0079801 0.0307564 0.0733014 0.0048020 0.0000000 0.0000000 0.0188130 0.0030433 0.0268764 0.0000000 0.0050839 0.5527428
177 T 177 0.0136558 0.0551778 0.0179532 0.0052568 0.0045158 0.0387050 0.0116062 0.0053903 0.0371412 0.0084203 0.0592389 0.0718395 0.0172513 0.0029689 0.0000000 0.0304475 0.0279945 0.0016292 0.0128382 0.0109779 0.5669918
178 F 178 0.0151653 0.0051134 0.0218070 0.0023504 0.0212480 0.0052178 0.0059485 0.0615111 0.0065061 0.0016125 0.0031453 0.0032864 0.0000000 0.1595945 0.0000000 0.0057161 0.0000000 0.0111762 0.0807981 0.0048329 0.5849701
179 R 179 0.0024566 0.2146178 0.0033472 0.0000000 0.0039564 0.0171752 0.0092966 0.0000000 0.0176008 0.0047564 0.0310064 0.0427783 0.0180233 0.0000000 0.0024316 0.0071032 0.0182554 0.0000000 0.0013855 0.0050803 0.6007287
180 L 180 0.0351860 0.0350518 0.0158329 0.0080447 0.0000000 0.0293351 0.0016636 0.0125265 0.0125286 0.0105155 0.0502863 0.0314211 0.0053460 0.0151644 0.0029364 0.0605730 0.0319908 0.0000000 0.0130415 0.0236252 0.6049305
