  148         A         R         N         D         C         Q         E         G         H         I         L         K         M         F         P         S         T         W         Y         V    
  1 A   1 0.9363393 0.0000000 0.0000000 0.0000000 0.0000000 0.0000000 0.0000000 0.0000000 0.0000000 0.0000000 0.0000000 0.0000000 0.0000000 0.0000000 0.0000000 0.0636607 0.0000000 0.0000000 0.0000000 0.0000000
  2 D   2 0.0096337 0.1055445 0.0354591 0.2434797 0.0000000 0.0527939 0.3495670 0.0329208 0.0493750 0.0028882 0.0056471 0.0869455 0.0000000 0.0000000 0.0000000 0.0110112 0.0107015 0.0000000 0.0000000 0.0040328
  3 Q   3 0.0164628 0.0467532 0.1253656 0.0242423 0.0268621 0.1276010 0.2741677 0.0233681 0.0891153 0.0017517 0.0194898 0.0627738 0.0021119 0.0431331 0.0023814 0.0914715 0.0123537 0.0027832 0.0032775 0.0045343
  4 L   4 0.0000000 0.0000000 0.0000000 0.0000000 0.0017474 0.0000000 0.0000000 0.0000000 0.0000000 0.0353682 0.8316053 0.0000000 0.0288666 0.0932589 0.0000000 0.0000000 0.0017740 0.0027106 0.0000000 0.0046690
  5 T   5 0.0056388 0.0236682 0.0593152 0.0338671 0.0022847 0.0013352 0.0067980 0.0145999 0.0000000 0.0021187 0.0194532 0.0050931 0.0015695 0.0000000 0.0373491 0.4281359 0.3552503 0.0000000 0.0000000 0.0035233
  6 E   6 0.0435982 0.0154384 0.0276728 0.1099705 0.0000000 0.0706598 0.4884350 0.0101969 0.0046351 0.0045348 0.0134729 0.0778935 0.0048242 0.0015118 0.0702403 0.0048761 0.0190570 0.0000000 0.0013086 0.0316740
  7 E   7 0.0295394 0.0026277 0.0111836 0.1907453 0.0000000 0.0505465 0.6137952 0.0107870 0.0011557 0.0046929 0.0037412 0.0236335 0.0017872 0.0017794 0.0038744 0.0265220 0.0169052 0.0000000 0.0017637 0.0049202
  8 Q   8 0.0021053 0.0113694 0.0043651 0.0205250 0.0000000 0.5594961 0.3249507 0.0000000 0.0037227 0.0000000 0.0086151 0.0342221 0.0105838 0.0000000 0.0072550 0.0029417 0.0062350 0.0000000 0.0000000 0.0036130
  9 I   9 0.0135954 0.0490262 0.0026267 0.0051907 0.0012102 0.0284557 0.0271437 0.0021855 0.0020737 0.4452007 0.0912196 0.1459500 0.0360704 0.0016772 0.0028108 0.0000000 0.0155051 0.0000000 0.0070330 0.1230254
 10 A  10 0.2675716 0.0372008 0.0419893 0.0565633 0.0024111 0.1522862 0.1567701 0.0222082 0.0132690 0.0147038 0.0135309 0.0910315 0.0146668 0.0019787 0.0000000 0.0618505 0.0181490 0.0000000 0.0000000 0.0338193
 11 E  11 0.0117658 0.0037854 0.0080696 0.0960245 0.0000000 0.0323025 0.5967122 0.1475255 0.0117165 0.0051097 0.0157235 0.0166516 0.0061625 0.0014287 0.0020674 0.0125534 0.0000000 0.0029115 0.0000000 0.0294896
 12 F  12 0.0103300 0.0000000 0.0000000 0.0000000 0.0000000 0.0040424 0.0000000 0.0000000 0.0000000 0.2591623 0.3081880 0.0000000 0.0321398 0.2746955 0.0000000 0.0000000 0.0028521 0.0000000 0.1006222 0.0079677
 13 K  13 0.0067741 0.2798077 0.0053074 0.0000000 0.0016982 0.0553715 0.0178809 0.0061087 0.0086183 0.0050103 0.0186478 0.5414545 0.0021891 0.0032290 0.0000000 0.0063053 0.0076138 0.0081765 0.0236644 0.0021424
 14 E  14 0.0567994 0.0250453 0.0289736 0.1113780 0.0000000 0.0599276 0.6190376 0.0104425 0.0028244 0.0038071 0.0067796 0.0412620 0.0010390 0.0026037 0.0000000 0.0040289 0.0139108 0.0022001 0.0014449 0.0084953
 15 A  15 0.6703659 0.0000000 0.0000000 0.0023287 0.0271034 0.0040556 0.0000000 0.0115869 0.0000000 0.0263231 0.0216452 0.0051470 0.1355432 0.0029278 0.0000000 0.0081033 0.0266356 0.0000000 0.0015293 0.0567050
 16 F  16 0.0000000 0.0000000 0.0000000 0.0000000 0.0000000 0.0000000 0.0000000 0.0000000 0.0000000 0.0064645 0.0039192 0.0000000 0.0041759 0.9782295 0.0000000 0.0000000 0.0000000 0.0000000 0.0072110 0.0000000
 17 S  17 0.0748378 0.0997172 0.0788185 0.1253875 0.0163120 0.0738918 0.0973787 0.0122599 0.0124238 0.0012708 0.0185013 0.1420223 0.0216820 0.0021582 0.0000000 0.1889814 0.0279710 0.0020252 0.0000000 0.0043605
 18 L  18 0.0294313 0.0207584 0.0331980 0.0021230 0.0109556 0.0129623 0.0459941 0.0081741 0.0078788 0.0496269 0.4619977 0.0198401 0.1131472 0.0177379 0.0000000 0.0421053 0.0163216 0.0023174 0.0290971 0.0763333
 19 F  19 0.0064867 0.0000000 0.0000000 0.0000000 0.0000000 0.0000000 0.0000000 0.0000000 0.0000000 0.0819328 0.0388450 0.0000000 0.1137777 0.6915816 0.0000000 0.0071146 0.0000000 0.0000000 0.0430775 0.0171841
 20 D  20 0.0041794 0.0016447 0.0045980 0.9672001 0.0000000 0.0027729 0.0043869 0.0028766 0.0000000 0.0000000 0.0000000 0.0000000 0.0000000 0.0000000 0.0000000 0.0029121 0.0047652 0.0000000 0.0000000 0.0046641
 21 K  21 0.0363048 0.1040765 0.0104511 0.0125166 0.0000000 0.0376722 0.0263432 0.0013720 0.0077020 0.0230611 0.0180711 0.3520512 0.0266461 0.0000000 0.0120534 0.0335080 0.2607535 0.0000000 0.0000000 0.0374172
 22 D  22 0.0052727 0.0142813 0.1570465 0.6335716 0.0000000 0.0120277 0.0822855 0.0126091 0.0072252 0.0000000 0.0000000 0.0290865 0.0000000 0.0000000 0.0000000 0.0126544 0.0246170 0.0000000 0.0000000 0.0093223
 23 G  23 0.0137102 0.0540039 0.1863777 0.0076075 0.0128542 0.0335241 0.0244159 0.4678971 0.0174257 0.0018589 0.0029181 0.1345559 0.0000000 0.0000000 0.0013806 0.0369209 0.0000000 0.0000000 0.0015429 0.0030063
 24 D  24 0.0031954 0.0300165 0.0977144 0.4454089 0.0000000 0.0045673 0.0194656 0.0155754 0.0000000 0.0021368 0.0000000 0.0350126 0.0000000 0.0000000 0.0000000 0.2698185 0.0754682 0.0000000 0.0000000 0.0016205
 25 G  25 0.0028682 0.0048071 0.0147487 0.0034971 0.0030691 0.0068540 0.0094254 0.9367246 0.0023092 0.0000000 0.0000000 0.0032068 0.0038060 0.0000000 0.0000000 0.0068562 0.0000000 0.0000000 0.0018277 0.0000000
 26 T  26 0.0515603 0.0502469 0.0202319 0.0161184 0.0447153 0.0248607 0.0126598 0.0000000 0.0286525 0.0140917 0.0170335 0.1533940 0.0132217 0.0854827 0.0041935 0.0883388 0.2412150 0.0000000 0.1093963 0.0245871
 27 I  27 0.0030721 0.0000000 0.0000000 0.0000000 0.0000000 0.0000000 0.0000000 0.0000000 0.0000000 0.8733624 0.0516744 0.0000000 0.0118464 0.0000000 0.0000000 0.0000000 0.0039142 0.0000000 0.0000000 0.0561305
 28 T  28 0.0209942 0.0067539 0.0575386 0.1798775 0.0007359 0.0156017 0.0251449 0.0198755 0.0117102 0.0018324 0.0125357 0.0236787 0.0041801 0.0000000 0.0113717 0.1713184 0.4338106 0.0000000 0.0000000 0.0030402
 29 T  29 0.1456529 0.0200172 0.0095388 0.0000000 0.0190422 0.0088543 0.0147190 0.0080176 0.0040926 0.0738835 0.0645514 0.0492566 0.0208159 0.0880775 0.0251676 0.0448889 0.1692503 0.0000000 0.1273208 0.1068529
 30 K  30 0.0445733 0.0598777 0.0185086 0.1230428 0.0000000 0.0510897 0.2138377 0.0265598 0.0642005 0.0010390 0.0125908 0.2532037 0.0007374 0.0016679 0.0051522 0.0862815 0.0239593 0.0013260 0.0009799 0.0113720
 31 E  31 0.0000000 0.0015157 0.0127334 0.1178670 0.0000000 0.0535100 0.7760002 0.0000000 0.0025573 0.0024806 0.0000000 0.0133672 0.0098282 0.0019583 0.0000000 0.0027675 0.0000000 0.0000000 0.0044139 0.0010005
 32 L  32 0.0000000 0.0000000 0.0000000 0.0000000 0.0216332 0.0000000 0.0000000 0.0000000 0.0000000 0.0333650 0.8551152 0.0000000 0.0217640 0.0323876 0.0000000 0.0000000 0.0022427 0.0000000 0.0000000 0.0334923
 33 G  33 0.0538280 0.1241087 0.0221066 0.0044585 0.0006420 0.0173310 0.0286849 0.3611890 0.0161946 0.0137847 0.0192516 0.3002996 0.0055182 0.0015493 0.0029245 0.0213251 0.0027084 0.0000000 0.0025606 0.0015346
 34 T  34 0.1219284 0.0254935 0.0309519 0.0865773 0.0048396 0.0418093 0.0613348 0.0119320 0.0320762 0.0550258 0.0186642 0.0275692 0.0076147 0.0074503 0.0062343 0.0462529 0.2173365 0.0018836 0.0094244 0.1856010
 35 V  35 0.2206138 0.0000000 0.0000000 0.0000000 0.0306475 0.0000000 0.0016286 0.1701041 0.0000000 0.0471519 0.0889422 0.0041457 0.0273358 0.0091873 0.0000000 0.0127509 0.0090164 0.0000000 0.0000000 0.3784759
 36 M  36 0.0150254 0.0023094 0.0000000 0.0000000 0.0098499 0.0000000 0.0000000 0.0000000 0.0000000 0.0474154 0.3496415 0.0023354 0.5229549 0.0284619 0.0000000 0.0024681 0.0049997 0.0000000 0.0000000 0.0145384
 37 R  37 0.0592908 0.5794101 0.0085733 0.0066839 0.0013637 0.0456663 0.0319254 0.0103590 0.0207012 0.0065078 0.0094585 0.1075120 0.0083199 0.0018379 0.0130898 0.0230161 0.0504544 0.0070743 0.0027590 0.0059963
 38 S  38 0.2513534 0.0676683 0.0315070 0.0065888 0.0371559 0.0179135 0.0311557 0.0075294 0.0029451 0.0044036 0.0152434 0.1247479 0.0246513 0.0038121 0.0028903 0.3018380 0.0597831 0.0000000 0.0036438 0.0051695
 39 L  39 0.0021917 0.0000000 0.0026599 0.0016551 0.0041515 0.0186611 0.0022221 0.0000000 0.0070088 0.0461738 0.7399728 0.0067432 0.0597171 0.0310280 0.0000000 0.0031158 0.0041390 0.0000000 0.0176425 0.0529178
 40 G  40 0.0089869 0.0119089 0.0107404 0.0180685 0.0018691 0.0055987 0.0078568 0.9196677 0.0000000 0.0016783 0.0000000 0.0062941 0.0015715 0.0000000 0.0000000 0.0042370 0.0000000 0.0000000 0.0000000 0.0015221
 41 Q  41 0.0371132 0.0192822 0.0024675 0.0231423 0.0091558 0.2587347 0.0826595 0.0181004 0.0523206 0.0192853 0.0608203 0.0370628 0.0217675 0.1592209 0.0096298 0.0959217 0.0346320 0.0074082 0.0428950 0.0083803
 42 N  42 0.0152777 0.0324553 0.3430063 0.0763563 0.0057965 0.0631219 0.1360033 0.0172555 0.0186242 0.0063027 0.0047233 0.1124147 0.0284494 0.0198021 0.0237191 0.0484022 0.0374155 0.0000000 0.0056549 0.0052192
 43 P  43 0.0446950 0.0018732 0.0000000 0.0094371 0.0052993 0.0062087 0.0026067 0.0000000 0.0011511 0.0476988 0.2259101 0.0029513 0.0426427 0.0281279 0.4887581 0.0052716 0.0097360 0.0000000 0.0018497 0.0757827
 44 T  44 0.0244434 0.0279653 0.0188308 0.0366776 0.0000000 0.0050349 0.0118048 0.0050452 0.0077104 0.0044525 0.0121969 0.1243591 0.0093004 0.0000000 0.0516874 0.1744192 0.4787262 0.0000000 0.0000000 0.0073458
 45 E  45 0.0175479 0.0228595 0.0420152 0.1750459 0.0000000 0.0420367 0.4267676 0.0145248 0.0077695 0.0067973 0.0065303 0.1641510 0.0033695 0.0038498 0.0375351 0.0042184 0.0098036 0.0000000 0.0034615 0.0117164
 46 A  46 0.2843266 0.0213659 0.0196479 0.0516655 0.0013434 0.0386880 0.2462176 0.0333344 0.0070219 0.0104693 0.0084908 0.0395914 0.0281481 0.0010644 0.0304477 0.1187641 0.0400381 0.0000000 0.0048114 0.0145632
 47 E  47 0.0009298 0.0074530 0.0031686 0.1198750 0.0048161 0.0542500 0.7389489 0.0030703 0.0076664 0.0026736 0.0000000 0.0135420 0.0043421 0.0027000 0.0010442 0.0027525 0.0196279 0.0000000 0.0074697 0.0056700
 48 L  48 0.0075058 0.0000000 0.0000000 0.0000000 0.0084397 0.0000000 0.0015601 0.0016888 0.0000000 0.2760493 0.4116144 0.0000000 0.0187354 0.0136473 0.0000000 0.0000000 0.0046145 0.0000000 0.0062009 0.2499440
 49 Q  49 0.0337764 0.1193489 0.0226465 0.0799286 0.0000000 0.2352388 0.0927335 0.0077188 0.0215951 0.0281509 0.0973281 0.1908149 0.0098233 0.0072475 0.0000000 0.0107031 0.0121323 0.0019378 0.0231688 0.0057064
 50 D  50 0.0672448 0.0557602 0.0234229 0.2275770 0.0000000 0.1188559 0.2179499 0.0160233 0.0024193 0.0248956 0.0172195 0.1232645 0.0248807 0.0011650 0.0000000 0.0454190 0.0287486 0.0015531 0.0000000 0.0036007
 51 M  51 0.0205772 0.0000000 0.0000000 0.0000000 0.0067525 0.0023183 0.0039926 0.0000000 0.0190590 0.1578781 0.2981964 0.0000000 0.4111820 0.0031462 0.0000000 0.0024421 0.0008370 0.0083589 0.0108910 0.0543687
 52 I  52 0.0184742 0.0019796 0.0000000 0.0000000 0.0043236 0.0052333 0.0021201 0.0018411 0.0016207 0.4232154 0.1337253 0.0118735 0.2367590 0.0290633 0.0000000 0.0277549 0.0118596 0.0000000 0.0053237 0.0848327
 53 I  53 0.1025270 0.0875906 0.1766383 0.0953085 0.0044155 0.1002502 0.1373698 0.0309852 0.0265592 0.0036067 0.0061367 0.1144186 0.0032891 0.0018912 0.0022689 0.0745920 0.0203585 0.0000000 0.0053910 0.0064029
 54 E  54 0.1627619 0.0181249 0.0252665 0.1315262 0.0000000 0.0464517 0.4573868 0.0106790 0.0155448 0.0031850 0.0098530 0.0310557 0.0049706 0.0010126 0.0021213 0.0284693 0.0222101 0.0000000 0.0064960 0.0228844
 55 V  55 0.2531073 0.0000000 0.0030071 0.0000000 0.0036473 0.0014253 0.0061070 0.0150038 0.0326725 0.1395845 0.0440969 0.0011862 0.0127749 0.0354149 0.0238480 0.0081939 0.0070985 0.0000000 0.0466403 0.3661915
 56 D  56 0.0041260 0.0076553 0.0187622 0.8634453 0.0000000 0.0034892 0.0128072 0.0083139 0.0017095 0.0000000 0.0026029 0.0514555 0.0016220 0.0000000 0.0129136 0.0018510 0.0030069 0.0000000 0.0020845 0.0041550
 57 A  57 0.1466572 0.0457908 0.0095577 0.0088963 0.0043298 0.0336427 0.0526623 0.0093839 0.0039207 0.0827537 0.0597199 0.1247334 0.0289638 0.0072869 0.0503160 0.0483499 0.1030813 0.0000000 0.0051995 0.1747542
 58 D  58 0.0019702 0.0136354 0.0996396 0.7022088 0.0000000 0.0087472 0.1078301 0.0089802 0.0067671 0.0000000 0.0000000 0.0118524 0.0076665 0.0019444 0.0049856 0.0096958 0.0116905 0.0000000 0.0000000 0.0023862
 59 G  59 0.0167952 0.0286066 0.1503126 0.0125676 0.0073754 0.0093439 0.0305432 0.5846971 0.0088124 0.0019877 0.0184627 0.0654717 0.0128547 0.0000000 0.0054920 0.0369882 0.0053788 0.0012162 0.0000000 0.0030943
 60 N  60 0.0054923 0.0268357 0.2990984 0.2404310 0.0000000 0.0070093 0.0068675 0.0304828 0.0051009 0.0087687 0.0066294 0.0364093 0.0041884 0.0009320 0.0153494 0.2223564 0.0730932 0.0000000 0.0016280 0.0093271
 61 G  61 0.0111695 0.0147090 0.0120215 0.0097895 0.0000000 0.0032193 0.0065162 0.8787567 0.0067886 0.0000000 0.0000000 0.0293424 0.0030186 0.0000000 0.0037283 0.0142256 0.0022291 0.0000000 0.0000000 0.0044857
 62 T  62 0.0380484 0.1029997 0.0197917 0.0028313 0.0134622 0.0440603 0.0644027 0.0065060 0.0197613 0.0054986 0.0508181 0.0919081 0.0229991 0.0353654 0.0241592 0.0740966 0.3015325 0.0041316 0.0328480 0.0447792
 63 I  63 0.0059961 0.0000000 0.0000000 0.0000000 0.0000000 0.0000000 0.0000000 0.0000000 0.0000000 0.6429067 0.1345564 0.0000000 0.0235057 0.0283881 0.0000000 0.0000000 0.0023368 0.0000000 0.0000000 0.1623103
 64 D  64 0.0121304 0.0066503 0.1268747 0.5612544 0.0029457 0.0064457 0.0878868 0.0124456 0.0114335 0.0000000 0.0012249 0.0096386 0.0000000 0.0000000 0.0015260 0.1212043 0.0282845 0.0000000 0.0083098 0.0017449
 65 F  65 0.0100917 0.0041335 0.0000000 0.0000000 0.0178119 0.0019142 0.0062329 0.0025876 0.0019567 0.0080604 0.0400446 0.0044920 0.0049232 0.5859414 0.0000000 0.0011379 0.0036364 0.0062584 0.2817718 0.0190053
 66 P  66 0.0504139 0.0113494 0.0586744 0.1538630 0.0000000 0.0428216 0.2698155 0.0885372 0.0048100 0.0254132 0.0141742 0.0268658 0.0000000 0.0016408 0.1166430 0.0736323 0.0395567 0.0000000 0.0077083 0.0140806
 67 E  67 0.0056362 0.0107662 0.0117693 0.1392545 0.0013492 0.0214692 0.7014114 0.0167618 0.0066697 0.0000000 0.0026799 0.0078084 0.0136765 0.0000000 0.0000000 0.0083041 0.0388165 0.0000000 0.0016720 0.0119553
 68 F  68 0.0000000 0.0000000 0.0000000 0.0000000 0.0000000 0.0000000 0.0000000 0.0000000 0.0000000 0.0000000 0.0184316 0.0000000 0.0000000 0.9642636 0.0000000 0.0020277 0.0000000 0.0000000 0.0134108 0.0018664
 69 L  69 0.0173489 0.0158387 0.0105108 0.0010814 0.0331853 0.0073124 0.0128167 0.0104247 0.0000000 0.1350737 0.4253963 0.0110968 0.0223200 0.0256760 0.0000000 0.0113363 0.0202697 0.0015194 0.0142926 0.2245002
 70 T  70 0.2066811 0.0463765 0.0526908 0.0450069 0.0139418 0.0465352 0.0866900 0.0193345 0.0296133 0.0097518 0.0113398 0.0619845 0.0101438 0.0029709 0.0453564 0.0719741 0.1894270 0.0000000 0.0199889 0.0301929
 71 M  71 0.1603836 0.0039901 0.0023193 0.0000000 0.0030068 0.0000000 0.0051879 0.0009872 0.0038706 0.1702174 0.2410064 0.0017920 0.2587511 0.0086154 0.0060148 0.0035030 0.0032353 0.0028022 0.0020761 0.1222407
 72 M  72 0.0164095 0.0000000 0.0117797 0.0000000 0.0043709 0.0009379 0.0011312 0.0021819 0.0073325 0.0538108 0.0803413 0.0018509 0.6204750 0.0227200 0.0000000 0.0029977 0.0828233 0.0018540 0.0227432 0.0662400
 73 A  73 0.2079345 0.0337817 0.0100380 0.0020193 0.0072583 0.0503050 0.0261389 0.1011902 0.0206850 0.0150388 0.0249382 0.0386646 0.0647521 0.0000000 0.0027651 0.1422726 0.1959880 0.0000000 0.0028739 0.0533560
 74 R  74 0.0552331 0.2183202 0.0339233 0.0314216 0.0011958 0.0523355 0.0875249 0.0132910 0.0986703 0.0350777 0.0527871 0.1253072 0.0176878 0.0023148 0.0425601 0.0429195 0.0508223 0.0008354 0.0046261 0.0331461
 75 K  75 0.0056874 0.1050269 0.0246041 0.0130395 0.0064265 0.0889531 0.0159654 0.0413573 0.1269940 0.0250555 0.0093755 0.4189866 0.0326666 0.0181095 0.0167343 0.0132460 0.0131928 0.0079344 0.0091782 0.0074662
 76 M  76 0.0102391 0.0149006 0.0499579 0.0107841 0.0023258 0.0182600 0.0220637 0.0132265 0.0220008 0.1129320 0.2541638 0.0249921 0.2958647 0.0131169 0.0063304 0.0359334 0.0285224 0.0000000 0.0261046 0.0382811
 77 K  77 0.0528471 0.1272734 0.1278150 0.0143017 0.0011807 0.0749210 0.0183195 0.0544717 0.0108259 0.0126075 0.0913490 0.2739436 0.0021175 0.0063800 0.0093267 0.0755137 0.0186209 0.0000000 0.0009792 0.0272058
 78 D  78 0.0672581 0.0473333 0.0342825 0.2180374 0.0000000 0.0618566 0.2586443 0.0516286 0.0045321 0.0011322 0.0035381 0.1390327 0.0017064 0.0018779 0.0310884 0.0472258 0.0217842 0.0000000 0.0057592 0.0032821
 79 T  79 0.0387683 0.1338005 0.0348528 0.0408837 0.0006619 0.0505864 0.1467916 0.0207519 0.0085108 0.0449503 0.0829249 0.0811466 0.0614960 0.0034117 0.0323796 0.0264938 0.1465613 0.0038546 0.0075743 0.0335989
 80 D  80 0.0265238 0.0053891 0.0551670 0.4614831 0.0000000 0.0224434 0.1866385 0.0776861 0.0028246 0.0064640 0.0164908 0.0132452 0.0013687 0.0042827 0.0162631 0.0410595 0.0425914 0.0000000 0.0129450 0.0071339
 81 S  81 0.0700114 0.0930244 0.0737945 0.0311224 0.0053009 0.0924911 0.0588107 0.0138075 0.0094685 0.0101289 0.0068402 0.0531237 0.0009653 0.0178600 0.1354955 0.1715597 0.1221481 0.0000000 0.0077815 0.0262657
 82 E  82 0.0318718 0.0494423 0.0061563 0.1397858 0.0000000 0.0317015 0.4250881 0.0060052 0.0166177 0.0322384 0.0322097 0.1458662 0.0150414 0.0086422 0.0042602 0.0048285 0.0133110 0.0000000 0.0186775 0.0182563
 83 E  83 0.0501832 0.0384967 0.0167038 0.1637857 0.0000000 0.0909709 0.5232612 0.0069881 0.0013681 0.0000000 0.0045471 0.0687405 0.0008562 0.0000000 0.0000000 0.0163240 0.0098567 0.0000000 0.0000000 0.0079177
 84 E  84 0.0000000 0.0044067 0.0396510 0.1350318 0.0015424 0.0272030 0.5872138 0.0089867 0.1234329 0.0060848 0.0065407 0.0064393 0.0153318 0.0000000 0.0020704 0.0050317 0.0064376 0.0000000 0.0037137 0.0208816
 85 I  85 0.0000000 0.0013186 0.0000000 0.0000000 0.0023470 0.0000000 0.0000000 0.0000000 0.0000000 0.3176928 0.4813506 0.0000000 0.0426140 0.0925202 0.0000000 0.0022272 0.0025785 0.0015325 0.0316493 0.0241693
 86 R  86 0.0190970 0.3356434 0.0037752 0.0012243 0.0000000 0.0500400 0.0080905 0.0011428 0.0219554 0.0386819 0.1182260 0.1966786 0.0345432 0.0341048 0.0039307 0.0184148 0.0105907 0.0090724 0.0420451 0.0527432
 87 E  87 0.0988553 0.0675385 0.0277715 0.1109379 0.0000000 0.0285333 0.3887024 0.0014095 0.0022343 0.0126757 0.0200188 0.1984759 0.0032343 0.0000000 0.0000000 0.0100155 0.0220919 0.0011457 0.0008333 0.0055261
 88 A  88 0.8338430 0.0023379 0.0000000 0.0036828 0.0126373 0.0000000 0.0019622 0.0466888 0.0000000 0.0199386 0.0097924 0.0000000 0.0123933 0.0025757 0.0000000 0.0118496 0.0107899 0.0000000 0.0009990 0.0305094
 89 F  89 0.0000000 0.0000000 0.0000000 0.0000000 0.0000000 0.0000000 0.0000000 0.0000000 0.0000000 0.0079430 0.0516602 0.0000000 0.0128488 0.9177090 0.0000000 0.0000000 0.0000000 0.0041379 0.0026286 0.0030725
 90 R  90 0.0501541 0.3309568 0.0374522 0.0699586 0.0070140 0.0952118 0.0563772 0.0082010 0.0126686 0.0000000 0.0209371 0.1827005 0.0126406 0.0008628 0.0026575 0.0946166 0.0119606 0.0007345 0.0015040 0.0033914
 91 V  91 0.0229959 0.0063270 0.0057958 0.0000000 0.0126747 0.0058542 0.0505735 0.0000000 0.0262002 0.0687871 0.2741601 0.0034442 0.0538465 0.0521681 0.0000000 0.0066899 0.0095319 0.0017898 0.1012529 0.2979082
 92 F  92 0.0088419 0.0000000 0.0000000 0.0000000 0.0017856 0.0000000 0.0000000 0.0000000 0.0000000 0.0233779 0.0320777 0.0000000 0.0068835 0.8680142 0.0000000 0.0049822 0.0102661 0.0000000 0.0346910 0.0090800
 93 D  93 0.0018906 0.0000000 0.0014980 0.9827917 0.0000000 0.0016785 0.0036887 0.0028240 0.0000000 0.0000000 0.0000000 0.0000000 0.0000000 0.0000000 0.0000000 0.0023435 0.0019305 0.0000000 0.0000000 0.0013544
 94 K  94 0.0181659 0.1027778 0.0063634 0.1010940 0.0000000 0.0495762 0.0490012 0.0055255 0.0071086 0.0223059 0.0283621 0.4755441 0.0094594 0.0000000 0.0078858 0.0161205 0.0801201 0.0000000 0.0015471 0.0190425
 95 D  95 0.0068718 0.0010432 0.1574801 0.6699816 0.0000000 0.0101626 0.1145861 0.0078328 0.0124098 0.0000000 0.0000000 0.0091574 0.0000000 0.0000000 0.0023439 0.0057818 0.0011101 0.0000000 0.0000000 0.0012388
 96 G  96 0.0325987 0.0371241 0.1317647 0.0341324 0.0084961 0.0632769 0.0334833 0.5068574 0.0139531 0.0028266 0.0013090 0.0981802 0.0000000 0.0000000 0.0000000 0.0338416 0.0021561 0.0000000 0.0000000 0.0000000
 97 N  97 0.0031188 0.0197182 0.2440210 0.2557313 0.0000000 0.0066703 0.0044001 0.0044232 0.0052679 0.0016729 0.0018509 0.0385138 0.0000000 0.0000000 0.0000000 0.2463970 0.1672132 0.0000000 0.0000000 0.0010015
 98 G  98 0.0007983 0.0023370 0.0026128 0.0016114 0.0000000 0.0009001 0.0023317 0.9800543 0.0012493 0.0000000 0.0000000 0.0017542 0.0000000 0.0000000 0.0000000 0.0036312 0.0016376 0.0010822 0.0000000 0.0000000
 99 Y  99 0.0202842 0.0365531 0.0055881 0.0044233 0.0196777 0.0127544 0.0167653 0.0054321 0.0277290 0.0094049 0.0258086 0.1528344 0.0040697 0.1791240 0.0000000 0.0586241 0.1125355 0.0000000 0.2952780 0.0131135
100 I 100 0.0045392 0.0000000 0.0000000 0.0000000 0.0000000 0.0000000 0.0000000 0.0000000 0.0026247 0.8899306 0.0200525 0.0000000 0.0102863 0.0042080 0.0000000 0.0000000 0.0000000 0.0000000 0.0000000 0.0683588
101 S 101 0.0199379 0.0011041 0.0370726 0.0989493 0.0031069 0.0128032 0.0648316 0.0132762 0.0098685 0.0000000 0.0051079 0.0093402 0.0319962 0.0021557 0.0138554 0.3805423 0.2922421 0.0000000 0.0000000 0.0038098
102 A 102 0.2413197 0.0463096 0.0034921 0.0038700 0.0076049 0.0157319 0.0188393 0.0313472 0.0081472 0.0702192 0.0954436 0.0390731 0.0232499 0.0668856 0.0467684 0.0463162 0.0669817 0.0057659 0.0334735 0.1291610
103 A 103 0.1818875 0.0634995 0.0422421 0.1555623 0.0000000 0.0482945 0.1512540 0.0237182 0.0259690 0.0051185 0.0059703 0.1497049 0.0026829 0.0010324 0.0049768 0.0899866 0.0357419 0.0009005 0.0009328 0.0105253
104 E 104 0.0064187 0.0033194 0.1146186 0.0957142 0.0000000 0.0062000 0.7205654 0.0000000 0.0035409 0.0000000 0.0000000 0.0126238 0.0017550 0.0000000 0.0000000 0.0144622 0.0071395 0.0000000 0.0078799 0.0057625
105 L 105 0.0000000 0.0055598 0.0000000 0.0000000 0.0000000 0.0000000 0.0000000 0.0000000 0.0000000 0.0553531 0.8674211 0.0000000 0.0259716 0.0345149 0.0000000 0.0000000 0.0000000 0.0000000 0.0000000 0.0111795
106 R 106 0.0306148 0.4013417 0.0076104 0.0038481 0.0130460 0.0674727 0.0541591 0.0862483 0.0176504 0.0117520 0.0101152 0.2541581 0.0045349 0.0027809 0.0023418 0.0162521 0.0062507 0.0000000 0.0029882 0.0068344
107 H 107 0.0552818 0.1494381 0.0322080 0.0390326 0.0046789 0.1072596 0.0908957 0.0049819 0.1874567 0.0264216 0.0169703 0.0385860 0.0103655 0.0129688 0.0000000 0.0514582 0.0670452 0.0027835 0.0251188 0.0770488
108 V 108 0.2615853 0.0000000 0.0000000 0.0000000 0.0218301 0.0000000 0.0000000 0.0097484 0.0000000 0.0970021 0.0535346 0.0177013 0.0232682 0.0135976 0.0000000 0.0119382 0.0147672 0.0000000 0.0000000 0.4750270
109 M 109 0.1414453 0.0037148 0.0000000 0.0000000 0.0486263 0.0000000 0.0000000 0.0000000 0.0000000 0.0186561 0.3301882 0.0000000 0.4021636 0.0157821 0.0011869 0.0109092 0.0108310 0.0010538 0.0016287 0.0138140
110 T 110 0.0902200 0.2353652 0.0169825 0.0068956 0.0060331 0.0322881 0.0402761 0.0201641 0.0114872 0.0359753 0.0056437 0.1849155 0.0340719 0.0038771 0.0012806 0.0381733 0.2088767 0.0009702 0.0026510 0.0238526
111 N 111 0.1152195 0.0172730 0.1334551 0.0483962 0.0196408 0.0219008 0.2357340 0.0134908 0.0136517 0.0063856 0.0151514 0.0738256 0.0075553 0.0030219 0.0096321 0.1734388 0.0843411 0.0000000 0.0022403 0.0056461
112 L 112 0.0053609 0.0020686 0.0016971 0.0154967 0.0021594 0.0041602 0.0180566 0.0000000 0.0111485 0.0603991 0.6801390 0.0054727 0.0649112 0.0565543 0.0032837 0.0089920 0.0137473 0.0000000 0.0263755 0.0199771
113 G 113 0.0012765 0.0057534 0.0096671 0.0253850 0.0055347 0.0023068 0.0127633 0.9023566 0.0000000 0.0036669 0.0037318 0.0085431 0.0000000 0.0024257 0.0000000 0.0095246 0.0000000 0.0000000 0.0000000 0.0070646
114 E 114 0.0060150 0.0098982 0.0026490 0.0811652 0.0082362 0.0748459 0.5534832 0.0131686 0.0368850 0.0062534 0.0340022 0.0047416 0.0417172 0.0704799 0.0041569 0.0069117 0.0064548 0.0039266 0.0171365 0.0178731
115 K 115 0.0193610 0.0755761 0.2177390 0.0714343 0.0016831 0.0398526 0.0653149 0.0418804 0.0221664 0.0030149 0.0025732 0.2772158 0.0180312 0.0061730 0.0463076 0.0291070 0.0562467 0.0000000 0.0026029 0.0037198
116 L 116 0.0225527 0.0060575 0.0082337 0.0100826 0.0179707 0.0101425 0.0010497 0.0042586 0.0054400 0.0570117 0.4675939 0.0016709 0.1116127 0.0444243 0.1423200 0.0102971 0.0101525 0.0000000 0.0048943 0.0642348
117 T 117 0.0120416 0.0113584 0.0292079 0.0878785 0.0042128 0.0057098 0.0343558 0.0242862 0.0024302 0.0032624 0.0021098 0.0461533 0.0000000 0.0013258 0.0191093 0.1983565 0.5115353 0.0000000 0.0009409 0.0057256
118 D 118 0.0246792 0.0111747 0.0274697 0.4050576 0.0027724 0.0301580 0.2752696 0.0144707 0.0178208 0.0119608 0.0121272 0.0726715 0.0065762 0.0025061 0.0371169 0.0087875 0.0131814 0.0000000 0.0073565 0.0188432
119 E 119 0.1264624 0.0404877 0.0106942 0.1450741 0.0000000 0.0428096 0.4447978 0.0127083 0.0042823 0.0062295 0.0081449 0.0526098 0.0146517 0.0007406 0.0082280 0.0276258 0.0185132 0.0000000 0.0014675 0.0344725
120 E 120 0.0061176 0.0102616 0.0060048 0.0757407 0.0017132 0.0227651 0.7457071 0.0027367 0.0182886 0.0039921 0.0027412 0.0088196 0.0023954 0.0072791 0.0026653 0.0101067 0.0220888 0.0019298 0.0032383 0.0454083
121 V 121 0.0329197 0.0000000 0.0000000 0.0000000 0.0233067 0.0000000 0.0000000 0.0066588 0.0000000 0.2645021 0.3518368 0.0000000 0.0125055 0.0234638 0.0000000 0.0023268 0.0093236 0.0000000 0.0000000 0.2731563
122 D 122 0.0223787 0.0801949 0.0426902 0.2820539 0.0000000 0.1470895 0.1945446 0.0025713 0.0124663 0.0131918 0.0307630 0.1146840 0.0046692 0.0083551 0.0054573 0.0136214 0.0122973 0.0017519 0.0044210 0.0067985
123 E 123 0.1071573 0.0258158 0.0177803 0.1818461 0.0000000 0.0640062 0.4479716 0.0147543 0.0086134 0.0018586 0.0111626 0.0616162 0.0071622 0.0000000 0.0000000 0.0247168 0.0223873 0.0000000 0.0000000 0.0031513
124 M 124 0.0106130 0.0000000 0.0000000 0.0000000 0.0026920 0.0013065 0.0000000 0.0000000 0.0051349 0.1926050 0.1591356 0.0000000 0.5770879 0.0023547 0.0000000 0.0022794 0.0009462 0.0111118 0.0010703 0.0336627
125 I 125 0.0015236 0.0011833 0.0000000 0.0000000 0.0000000 0.0000000 0.0000000 0.0018417 0.0031357 0.6212403 0.1549486 0.0023543 0.0922053 0.0437179 0.0000000 0.0078003 0.0032980 0.0000000 0.0084254 0.0583256
126 R 126 0.0989375 0.2613208 0.0588532 0.1273296 0.0050711 0.0840853 0.0510368 0.0126350 0.0251400 0.0011007 0.0142095 0.1500033 0.0027041 0.0044836 0.0000000 0.0657212 0.0225320 0.0000000 0.0040911 0.0107451
127 E 127 0.0306813 0.0085965 0.0131702 0.1430002 0.0000000 0.0201388 0.6582490 0.0481726 0.0140838 0.0016228 0.0124975 0.0101037 0.0032496 0.0011427 0.0031429 0.0106620 0.0041585 0.0000000 0.0007686 0.0165593
128 A 128 0.4164361 0.0000000 0.0011114 0.0000000 0.0015689 0.0153219 0.0000000 0.0173506 0.0125202 0.0820402 0.0135806 0.0000000 0.0088892 0.0766109 0.0000000 0.0109435 0.0061910 0.0000000 0.0221905 0.3152451
129 D 129 0.0020119 0.0018863 0.0234881 0.8807813 0.0000000 0.0066590 0.0100916 0.0097315 0.0213402 0.0000000 0.0000000 0.0177660 0.0000000 0.0000000 0.0158154 0.0036027 0.0024739 0.0000000 0.0027698 0.0015823
130 I 130 0.0593916 0.0711759 0.0000000 0.0018135 0.0068299 0.0623706 0.0548761 0.0119319 0.0115640 0.1035761 0.1292060 0.1108123 0.0277627 0.0100381 0.0182220 0.0486836 0.1494254 0.0000000 0.0043010 0.1180191
131 D 131 0.0033141 0.0058171 0.1487572 0.7337957 0.0000000 0.0085425 0.0472379 0.0220287 0.0013472 0.0000000 0.0000000 0.0147958 0.0012015 0.0000000 0.0000000 0.0075316 0.0056307 0.0000000 0.0000000 0.0000000
132 G 132 0.0127466 0.0172423 0.1408417 0.0103212 0.0046976 0.0435633 0.0191713 0.5162073 0.0149398 0.0000000 0.0101557 0.1085581 0.0081368 0.0024953 0.0153816 0.0671686 0.0037303 0.0000000 0.0000000 0.0046427
133 D 133 0.0018975 0.0021586 0.1162491 0.7001295 0.0032674 0.0140890 0.0130818 0.0111394 0.0022905 0.0020719 0.0020852 0.0184413 0.0000000 0.0006314 0.0022971 0.0816681 0.0268379 0.0000000 0.0000000 0.0016644
134 G 134 0.0035704 0.0067002 0.0159596 0.0030275 0.0000000 0.0000000 0.0047074 0.9478491 0.0025698 0.0000000 0.0029733 0.0024216 0.0009390 0.0000000 0.0032553 0.0051619 0.0008650 0.0000000 0.0000000 0.0000000
135 Q 135 0.0205542 0.1878828 0.0372380 0.0039828 0.0280116 0.1397362 0.1562334 0.0100651 0.0257038 0.0031933 0.0462444 0.1293562 0.0247025 0.0139101 0.0036250 0.0337179 0.0971072 0.0000000 0.0155450 0.0231905
136 V 136 0.0015066 0.0000000 0.0000000 0.0000000 0.0000000 0.0000000 0.0000000 0.0056460 0.0000000 0.6453404 0.0513079 0.0000000 0.0106137 0.0174657 0.0000000 0.0013791 0.0020787 0.0000000 0.0000000 0.2646617
137 N 137 0.0043037 0.0147903 0.3527592 0.3480869 0.0062558 0.0036198 0.0286566 0.0096331 0.0125363 0.0021026 0.0032767 0.0300638 0.0006338 0.0000000 0.0011123 0.1581511 0.0205590 0.0000000 0.0022951 0.0011640
138 Y 138 0.0164407 0.0073053 0.0000000 0.0000000 0.0036639 0.0241366 0.0771047 0.0010020 0.0024993 0.0092818 0.0257946 0.0046525 0.0057237 0.3057413 0.0072777 0.0011676 0.0000000 0.0029448 0.4960264 0.0092372
139 E 139 0.0354092 0.0086196 0.0552752 0.1857181 0.0000000 0.0621376 0.4646791 0.0237058 0.0132493 0.0070594 0.0064939 0.0169185 0.0015860 0.0015504 0.0341242 0.0467542 0.0169586 0.0000000 0.0106062 0.0091547
140 E 140 0.0120955 0.0044405 0.0059553 0.1165297 0.0012159 0.0087726 0.8231293 0.0046095 0.0000000 0.0000000 0.0011544 0.0040586 0.0023405 0.0014410 0.0000000 0.0019011 0.0115115 0.0000000 0.0000000 0.0008448
141 F 141 0.0000000 0.0000000 0.0000000 0.0000000 0.0000000 0.0000000 0.0000000 0.0000000 0.0000000 0.0000000 0.0210039 0.0000000 0.0000000 0.9666508 0.0000000 0.0000000 0.0000000 0.0027094 0.0077048 0.0019311
142 V 142 0.0717931 0.0203664 0.0069445 0.0009370 0.0307617 0.0072594 0.0085092 0.0000000 0.0011698 0.1078962 0.2032336 0.0340946 0.0402088 0.0150100 0.0000000 0.0139281 0.0329341 0.0021929 0.0202706 0.3824898
143 Q 143 0.2005871 0.1916984 0.0501523 0.0153880 0.0041246 0.0697400 0.0550045 0.0089440 0.0314296 0.0129247 0.0100593 0.1474117 0.0136268 0.0021028 0.0012266 0.0602836 0.0941994 0.0047114 0.0121924 0.0141926
144 M 144 0.0186284 0.0169640 0.0000000 0.0000000 0.0009080 0.0021783 0.0000000 0.0000000 0.0135167 0.2058264 0.1236740 0.0137626 0.4893362 0.0162161 0.0016087 0.0025077 0.0058538 0.0000000 0.0021086 0.0869107
145 M 145 0.0023830 0.0000000 0.0000000 0.0000000 0.0156628 0.0000000 0.0000000 0.0000000 0.0000000 0.0811705 0.0894098 0.0061359 0.7412025 0.0053348 0.0000000 0.0000000 0.0000000 0.0000000 0.0000000 0.0587007
146 T 146 0.0830794 0.1093902 0.0099706 0.0000000 0.0012898 0.0335987 0.0014455 0.0201490 0.0060981 0.0082104 0.0545801 0.2025665 0.0962620 0.0000000 0.0019173 0.0942161 0.2483630 0.0000000 0.0000000 0.0288634
147 A 147 0.1440532 0.1296219 0.0137781 0.0042777 0.0013925 0.0392274 0.0245901 0.0946194 0.0076111 0.0083003 0.0049883 0.2413618 0.0086473 0.0014877 0.0307422 0.1495997 0.0881084 0.0000000 0.0000000 0.0075928
148 K 148 0.0000000 0.1226745 0.0000000 0.0000000 0.0000000 0.0619011 0.0000000 0.0000000 0.0000000 0.0000000 0.0000000 0.8154243 0.0000000 0.0000000 0.0000000 0.0000000 0.0000000 0.0000000 0.0000000 0.0000000
