  102         A         R         N         D         C         Q         E         G         H         I         L         K         M         F         P         S         T         W         Y         V         X    
  1 M   1 0.0000000 0.0000000 0.0000000 0.0000000 0.0000000 0.0000000 0.0000000 0.0000000 0.0000000 0.0060800 0.0518480 0.0000000 0.0145237 0.0043143 0.0000000 0.0000000 0.0000000 0.0000000 0.0000000 0.0219866 0.9012474
  2 H   2 0.0076066 0.0085419 0.0199328 0.0012424 0.0000000 0.0053135 0.0300829 0.0090479 0.0118366 0.0000000 0.0000000 0.0025851 0.0000000 0.0000000 0.0017426 0.0070843 0.0020029 0.0000000 0.0240484 0.0000000 0.8689320
  3 H   3 0.0014103 0.0358994 0.0083426 0.0007935 0.0000000 0.0077197 0.0100875 0.0016819 0.0166637 0.0038189 0.0029250 0.0179865 0.0012866 0.0011863 0.0020653 0.0344469 0.0009562 0.0012355 0.0025419 0.0195083 0.8294440
  4 H   4 0.0098916 0.0391300 0.0069863 0.0083451 0.0000000 0.0400734 0.0141665 0.0059168 0.0256875 0.0015212 0.0046102 0.0185132 0.0047242 0.0000000 0.0121487 0.0132588 0.0014256 0.0060136 0.0095005 0.0000000 0.7780868
  5 H   5 0.0074667 0.0716801 0.0181376 0.0053964 0.0000000 0.0334822 0.0221989 0.0014569 0.0225017 0.0014582 0.0081793 0.0070551 0.0056565 0.0022518 0.0060020 0.0093697 0.0039070 0.0132204 0.0444883 0.0023584 0.7137328
  6 H   6 0.0065717 0.0560374 0.0106966 0.0199374 0.0000000 0.0203210 0.0193271 0.0016266 0.0360752 0.0016284 0.0032505 0.0091132 0.0053463 0.0037936 0.0544059 0.0428276 0.0017249 0.0010088 0.0222427 0.0049967 0.6790682
  7 H   7 0.0073193 0.0167533 0.0099413 0.0777372 0.0000000 0.0219233 0.0458241 0.0184187 0.0133618 0.0012871 0.0260788 0.0242450 0.0062490 0.0097299 0.0132145 0.0415418 0.0176871 0.0000000 0.0016229 0.0017650 0.6452999
  8 M   8 0.0150996 0.0282607 0.0076180 0.0087877 0.0000000 0.0057777 0.0276034 0.0065155 0.0000000 0.0383309 0.0480636 0.0103508 0.0057452 0.0052794 0.0887342 0.0484944 0.0184646 0.0008637 0.0016869 0.0307986 0.6035249
  9 K   9 0.0181638 0.0171066 0.0061223 0.0141950 0.0000000 0.0384959 0.0465880 0.0130546 0.0018468 0.0207701 0.0402317 0.0656294 0.0012494 0.0000000 0.0914552 0.0199226 0.0378519 0.0000000 0.0000000 0.0109505 0.5563661
 10 P  10 0.0117845 0.0051312 0.0164287 0.0807642 0.0013454 0.0093154 0.0971425 0.0318481 0.0023817 0.0157540 0.0100552 0.0110338 0.0055264 0.0008248 0.1394752 0.0407608 0.0196880 0.0023705 0.0000000 0.0031674 0.4952020
 11 G  11 0.0288231 0.0413894 0.0079629 0.0190214 0.0101895 0.0192589 0.0531513 0.1474293 0.0015845 0.0025461 0.0173341 0.0074625 0.0093786 0.0117127 0.0692091 0.0663969 0.0189169 0.0252958 0.0135389 0.0144066 0.4149916
 12 D  12 0.0034793 0.0384994 0.0416395 0.0819428 0.0100185 0.0716721 0.2699900 0.0381832 0.0039902 0.0234243 0.0054646 0.0716486 0.0023779 0.0050562 0.0125761 0.0105238 0.0123106 0.0000000 0.0016593 0.0226020 0.2729417
 13 T  13 0.0187257 0.0220611 0.0022532 0.0077377 0.0096374 0.0185520 0.0651245 0.0015420 0.0041605 0.1520735 0.1049918 0.0270736 0.0156496 0.0313668 0.0782555 0.0115874 0.0881328 0.0007348 0.0343290 0.1166497 0.1893614
 14 F  14 0.0034290 0.1267853 0.0030520 0.0020553 0.0012742 0.0433292 0.0678790 0.0009918 0.0466676 0.0749682 0.0882624 0.0294737 0.0467894 0.1107980 0.0013696 0.0136934 0.0423212 0.0096895 0.0581804 0.0608706 0.1681201
 15 E  15 0.0083188 0.0245723 0.0256260 0.0652558 0.0137905 0.0162131 0.2003423 0.0054330 0.0335149 0.0436649 0.0291656 0.0448378 0.0184556 0.0125261 0.0194587 0.0342205 0.1884397 0.0000000 0.0130086 0.0613873 0.1417685
 16 V  16 0.0171603 0.0000000 0.0000000 0.0000000 0.0020826 0.0000000 0.0000000 0.0000000 0.0000000 0.3275671 0.0335121 0.0000000 0.0143111 0.0020480 0.0000000 0.0046649 0.0252007 0.0000000 0.0011218 0.4880033 0.0843282
 17 E  17 0.0166528 0.0283321 0.0225271 0.0524611 0.0099999 0.0385136 0.2468442 0.0066540 0.0309835 0.0231013 0.0160069 0.0889666 0.0029965 0.0144888 0.0163140 0.0267916 0.1832239 0.0000000 0.0031850 0.0990180 0.0729394
 18 L  18 0.0015114 0.0024927 0.0021224 0.0000000 0.0066588 0.0000000 0.0000000 0.0000000 0.0000000 0.1512635 0.6497036 0.0020880 0.0175103 0.0339654 0.0000000 0.0000000 0.0000000 0.0000000 0.0010927 0.0661353 0.0654557
 19 A  19 0.0202889 0.0604989 0.0532464 0.0129429 0.0068987 0.0581051 0.1261506 0.0037460 0.0648355 0.0617423 0.0364957 0.0988783 0.0151920 0.0232718 0.0322435 0.0507027 0.0736150 0.0126776 0.0251716 0.1003744 0.0629222
 20 K  20 0.0060633 0.2454568 0.0344071 0.0090217 0.0119209 0.0012386 0.0018309 0.0086382 0.0013953 0.0011116 0.0009587 0.6020353 0.0038062 0.0000000 0.0025732 0.0046234 0.0032249 0.0000000 0.0000000 0.0010318 0.0606622
 21 T  21 0.0230192 0.0097972 0.0598030 0.1335247 0.0000000 0.0337006 0.1188025 0.3230606 0.0111425 0.0044333 0.0048425 0.0417918 0.0042648 0.0016469 0.0204874 0.0869794 0.0408007 0.0000000 0.0078784 0.0087059 0.0653187
 22 D  22 0.0690508 0.0210016 0.0951933 0.0753990 0.0020207 0.0457189 0.0895649 0.0869861 0.0140535 0.0030724 0.0030048 0.0334811 0.0019387 0.0047457 0.1984345 0.1476046 0.0438047 0.0014139 0.0017023 0.0118396 0.0499689
 23 G  23 0.0461310 0.0513502 0.0591579 0.0500722 0.0041064 0.0438340 0.1011527 0.2510715 0.0083000 0.0016578 0.0080129 0.1053439 0.0183213 0.0009346 0.0000000 0.1177059 0.0665324 0.0000000 0.0069393 0.0045844 0.0547917
 24 S  24 0.0107463 0.0015169 0.0052259 0.0079285 0.0048908 0.0024740 0.0254345 0.6859635 0.0008159 0.0000000 0.0030929 0.0221073 0.0000000 0.0033373 0.0494587 0.1100930 0.0175369 0.0000000 0.0020564 0.0036099 0.0437112
 25 L  25 0.0018682 0.0000000 0.0000000 0.0000000 0.0000000 0.0000000 0.0000000 0.0009371 0.0014484 0.0131490 0.7184256 0.0000000 0.0130331 0.1854964 0.0013147 0.0011770 0.0000000 0.0011283 0.0078740 0.0134094 0.0407388
 26 G  26 0.0019599 0.0000000 0.0038421 0.0022115 0.0000000 0.0000000 0.0000000 0.9477169 0.0000000 0.0000000 0.0000000 0.0000000 0.0000000 0.0000000 0.0030929 0.0000000 0.0000000 0.0000000 0.0000000 0.0000000 0.0411767
 27 I  27 0.0019287 0.0000000 0.0000000 0.0000000 0.0015334 0.0000000 0.0000000 0.0000000 0.0000000 0.2402968 0.1600439 0.0000000 0.0295558 0.4963065 0.0000000 0.0014347 0.0000000 0.0000000 0.0000000 0.0315566 0.0373438
 28 S  28 0.0389112 0.0432058 0.0567244 0.0032640 0.0043140 0.0287212 0.0075875 0.0446430 0.0345176 0.0039193 0.0015802 0.0127774 0.0056470 0.0097301 0.0009951 0.4894748 0.1393283 0.0000000 0.0016134 0.0408327 0.0322129
 29 V  29 0.0000000 0.0000000 0.0020414 0.0000000 0.0000000 0.0000000 0.0000000 0.0000000 0.0000000 0.5520998 0.1830927 0.0000000 0.0040051 0.0209750 0.0000000 0.0000000 0.0013859 0.0000000 0.0014409 0.1941428 0.0408163
 30 T  30 0.2224074 0.0523343 0.0075381 0.0111485 0.0181652 0.0095018 0.0345450 0.0026679 0.0000000 0.0750642 0.0456384 0.0588396 0.0134887 0.0013454 0.0000000 0.0813269 0.0689607 0.0000000 0.0000000 0.2432812 0.0537466
 31 G  31 0.0357380 0.0105998 0.0049833 0.0353294 0.0124009 0.0053680 0.0148682 0.6521661 0.0000000 0.0000000 0.0098060 0.0132074 0.0000000 0.0000000 0.0266044 0.0340436 0.0164991 0.0000000 0.0010105 0.0013144 0.1260610
 32 G  32 0.0185426 0.0291034 0.0342497 0.0029541 0.0153935 0.0045883 0.0120391 0.5882363 0.0022798 0.0000000 0.0187206 0.0093513 0.0020370 0.0155146 0.0076277 0.0219184 0.0228992 0.0007628 0.0460558 0.0007550 0.1469709
 33 V  33 0.0519703 0.1264941 0.0234303 0.0639922 0.0037166 0.0408520 0.0489051 0.0007943 0.0113928 0.0406556 0.0314087 0.1412137 0.0092792 0.0144077 0.0076331 0.0551221 0.0664915 0.0000000 0.0153514 0.1036401 0.1432493
 34 N  34 0.0269611 0.0144989 0.0651981 0.3056538 0.0112543 0.0070861 0.1261967 0.1574763 0.0137180 0.0020165 0.0027138 0.0227876 0.0008894 0.0008870 0.0116386 0.0882113 0.0154107 0.0000000 0.0043326 0.0096590 0.1134102
 35 T  35 0.0286057 0.0349382 0.1146308 0.0174934 0.0120563 0.0188895 0.0532577 0.0613569 0.0422780 0.0068479 0.0231732 0.0243913 0.0116782 0.0069615 0.0555123 0.2064437 0.0831567 0.0008845 0.0238907 0.0321609 0.1413926
 36 S  36 0.0200939 0.0208214 0.0363101 0.0605722 0.0071515 0.0567555 0.0902546 0.1256978 0.0249240 0.0254749 0.0374144 0.0769328 0.0024885 0.0048185 0.1440831 0.0640038 0.0173455 0.0000000 0.0016594 0.0196032 0.1635952
 37 V  37 0.0237494 0.0714804 0.0281750 0.0367660 0.0089462 0.0367707 0.0811515 0.0757686 0.1132980 0.0056399 0.0961875 0.0464090 0.0063434 0.0080220 0.0262587 0.0465095 0.0386139 0.0023123 0.0190619 0.0429998 0.1855362
 38 R  38 0.0282397 0.0303044 0.0653536 0.0538434 0.0054038 0.0486459 0.0656225 0.2833800 0.0105046 0.0056672 0.0342176 0.0276961 0.0044651 0.0379459 0.0380248 0.0493110 0.0224675 0.0015963 0.0013113 0.0152703 0.1707291
 39 H  39 0.0337321 0.0463644 0.0694018 0.2498852 0.0033894 0.0433808 0.0672782 0.0176084 0.0239645 0.0085703 0.0211119 0.0417658 0.0055620 0.0101928 0.0615218 0.0599236 0.0217234 0.0021230 0.0055280 0.0276782 0.1792945
 40 G  40 0.0359613 0.0445054 0.0530930 0.0243147 0.0083909 0.0203314 0.0449885 0.0620427 0.0173990 0.0260686 0.1138815 0.0357764 0.0749013 0.0039297 0.1036428 0.0710435 0.0466776 0.0000000 0.0033636 0.0309043 0.1787838
 41 G  41 0.0208910 0.0054620 0.0010220 0.0157820 0.0022114 0.0102980 0.0076022 0.5057436 0.0263948 0.0037394 0.0066564 0.0076994 0.0012054 0.0187024 0.1499037 0.0733712 0.0048005 0.0000000 0.0017804 0.0192432 0.1174910
 42 I  42 0.0058027 0.0000000 0.0000000 0.0000000 0.0173211 0.0088812 0.0000000 0.0000000 0.0327495 0.5587974 0.1098792 0.0028179 0.0085375 0.0049309 0.0062735 0.0041720 0.0070148 0.0013505 0.0108815 0.1588594 0.0617309
 43 Y  43 0.0062773 0.0310553 0.0031748 0.0000000 0.0017452 0.0293282 0.0023423 0.0000000 0.0038849 0.0474588 0.0587547 0.0117511 0.0086848 0.3456681 0.0000000 0.0073718 0.0226904 0.0015963 0.2729187 0.1038341 0.0414631
 44 V  44 0.0000000 0.0028226 0.0019352 0.0000000 0.0023123 0.0000000 0.0000000 0.0000000 0.0000000 0.5082369 0.0043077 0.0000000 0.0015053 0.0021803 0.0000000 0.0000000 0.0000000 0.0000000 0.0000000 0.4596275 0.0170722
 45 K  45 0.0376430 0.0785187 0.0101709 0.0062319 0.0066839 0.0367426 0.0103830 0.0594962 0.0524198 0.0009320 0.0316365 0.2926250 0.0011103 0.0020616 0.0000000 0.2431995 0.0905258 0.0000000 0.0018862 0.0252319 0.0125012
 46 A  46 0.0381332 0.1273670 0.0568733 0.0749484 0.0045469 0.0337378 0.0776234 0.0512090 0.0388581 0.0009055 0.0011880 0.1465748 0.0168466 0.0202147 0.0000000 0.2097482 0.0731421 0.0007524 0.0113938 0.0028393 0.0130976
 47 I  47 0.0000000 0.0000000 0.0000000 0.0000000 0.0021808 0.0020661 0.0000000 0.0000000 0.0000000 0.5126757 0.1570318 0.0000000 0.0233787 0.0018220 0.0028226 0.0000000 0.0000000 0.0000000 0.0000000 0.2845238 0.0134984
 48 I  48 0.0582336 0.0265684 0.0313057 0.0274126 0.0055597 0.0431643 0.0477038 0.0016469 0.0118450 0.1530433 0.1528789 0.0347802 0.0176665 0.0931379 0.0000000 0.0345713 0.0851224 0.0012633 0.0200085 0.1391152 0.0149724
 49 P  49 0.0631097 0.0232449 0.0095631 0.0604088 0.0008518 0.0263116 0.1716471 0.0058874 0.0202103 0.0013225 0.0095773 0.0897348 0.0037632 0.0007071 0.4286561 0.0453734 0.0100222 0.0000000 0.0009693 0.0063996 0.0222397
 50 K  50 0.0146778 0.0321181 0.0979655 0.1319283 0.0006711 0.0139408 0.0484742 0.5059416 0.0163360 0.0007640 0.0098150 0.0326507 0.0031083 0.0007711 0.0016088 0.0386767 0.0163801 0.0007485 0.0078916 0.0061899 0.0193418
 51 G  51 0.0029606 0.0019488 0.0000000 0.0010708 0.0046912 0.0246053 0.0011335 0.6744706 0.0024753 0.0000000 0.0099195 0.0153152 0.0045604 0.0000000 0.0000000 0.1965528 0.0158896 0.0000000 0.0000000 0.0000000 0.0444064
 52 A  52 0.3460831 0.0209463 0.0000000 0.0012752 0.0031397 0.0168892 0.0058634 0.0037925 0.0015781 0.0525814 0.0388964 0.0110549 0.0027317 0.0000000 0.3043316 0.0335231 0.0073662 0.0000000 0.0000000 0.1171957 0.0327515
 53 A  53 0.8420024 0.0000000 0.0000000 0.0000000 0.0042108 0.0016088 0.0000000 0.0052168 0.0000000 0.0200159 0.0108099 0.0000000 0.0000000 0.0000000 0.0000000 0.0120460 0.0036452 0.0011050 0.0000000 0.0625586 0.0367807
 54 E  54 0.2476804 0.0123468 0.0011222 0.2004083 0.0052079 0.0423535 0.1446293 0.0620714 0.0567168 0.0229974 0.0093068 0.0353022 0.0024026 0.0167340 0.0035403 0.0650146 0.0051617 0.0055090 0.0199525 0.0115310 0.0300112
 55 S  55 0.0470797 0.2749119 0.0080705 0.0112858 0.0056674 0.1173603 0.0721213 0.0054222 0.0238800 0.0179087 0.1005178 0.1789414 0.0211238 0.0016367 0.0000000 0.0210647 0.0229270 0.0047150 0.0008695 0.0295091 0.0349873
 56 D  56 0.0470552 0.0010349 0.0434228 0.4937905 0.0691412 0.0109474 0.0734008 0.0071810 0.0154317 0.0000000 0.0098864 0.0051311 0.0037098 0.0000000 0.0007713 0.1120047 0.0577072 0.0000000 0.0000000 0.0055561 0.0438280
 57 G  57 0.0062068 0.0165735 0.0278792 0.0092589 0.0012340 0.0296551 0.0071846 0.8077277 0.0054889 0.0008408 0.0008586 0.0262084 0.0007099 0.0000000 0.0037429 0.0193827 0.0011690 0.0000000 0.0000000 0.0008268 0.0350524
 58 R  58 0.0276603 0.4388084 0.0358673 0.0047763 0.0091794 0.0571348 0.0332033 0.0344633 0.0084810 0.0110831 0.0468035 0.1265700 0.0086757 0.0033631 0.0028536 0.0266664 0.0510572 0.0000000 0.0000000 0.0129041 0.0604492
 59 I  59 0.0025347 0.0000000 0.0000000 0.0000000 0.0000000 0.0000000 0.0000000 0.0000000 0.0013796 0.1733298 0.7116033 0.0000000 0.0389332 0.0237132 0.0021084 0.0000000 0.0000000 0.0000000 0.0000000 0.0313433 0.0150545
 60 H  60 0.0333470 0.2353462 0.0146427 0.0130837 0.0167014 0.1947975 0.0433376 0.0046637 0.0559517 0.0071217 0.0291248 0.2058928 0.0271925 0.0240841 0.0025347 0.0364837 0.0067256 0.0104570 0.0127992 0.0129267 0.0127856
 61 K  61 0.0726301 0.0598995 0.0028356 0.0008615 0.0042922 0.0233275 0.1214396 0.0020269 0.0021832 0.0920117 0.0389329 0.0320684 0.0221626 0.0030463 0.1415330 0.0493069 0.0404086 0.0000000 0.0030262 0.2714455 0.0165620
 62 G  62 0.0180265 0.0031152 0.1003292 0.0103159 0.0021820 0.0052042 0.0140697 0.7811120 0.0141972 0.0000000 0.0114235 0.0008274 0.0009798 0.0000000 0.0000000 0.0087237 0.0031937 0.0000000 0.0098376 0.0000000 0.0164624
 63 D  63 0.0000000 0.0000000 0.0011925 0.9209972 0.0011495 0.0042074 0.0190337 0.0098545 0.0013110 0.0013654 0.0031467 0.0014739 0.0113413 0.0000000 0.0000000 0.0028997 0.0019949 0.0000000 0.0026790 0.0008908 0.0164624
 64 R  64 0.0245578 0.2711127 0.0035184 0.0000000 0.0359500 0.1964669 0.1665081 0.0010531 0.0318748 0.0505119 0.0298915 0.0810125 0.0100007 0.0090291 0.0000000 0.0034494 0.0065099 0.0000000 0.0085398 0.0535512 0.0164624
 65 V  65 0.0000000 0.0022342 0.0018140 0.0000000 0.0000000 0.0000000 0.0000000 0.0000000 0.0000000 0.5963088 0.3091141 0.0000000 0.0019695 0.0000000 0.0000000 0.0000000 0.0016998 0.0000000 0.0000000 0.0703972 0.0164624
 66 L  66 0.0045468 0.0027818 0.0000000 0.0000000 0.0013008 0.0045032 0.0017296 0.0000000 0.0114814 0.1504540 0.5834311 0.0109736 0.0310335 0.0010393 0.0000000 0.0038632 0.0122824 0.0020465 0.0016487 0.1621695 0.0147147
 67 A  67 0.2093319 0.0386987 0.0102807 0.0126981 0.0131381 0.0612800 0.2605880 0.0036122 0.0022444 0.0037820 0.0054636 0.0935247 0.0235203 0.0159181 0.0000000 0.1747574 0.0191769 0.0000000 0.0336425 0.0076472 0.0106951
 68 V  68 0.0071604 0.0000000 0.0000000 0.0000000 0.0000000 0.0000000 0.0000000 0.0000000 0.0015296 0.2841924 0.0196061 0.0000000 0.0029330 0.0000000 0.0000000 0.0000000 0.0000000 0.0000000 0.0000000 0.6681741 0.0164044
 69 N  69 0.0000000 0.0020682 0.7916484 0.1158718 0.0167934 0.0029686 0.0022042 0.0296198 0.0049253 0.0000000 0.0000000 0.0000000 0.0013825 0.0000000 0.0000000 0.0072220 0.0000000 0.0000000 0.0043764 0.0000000 0.0209195
 70 G  70 0.0047108 0.0061523 0.0677947 0.1084615 0.0008712 0.0154063 0.0495932 0.6203819 0.0289978 0.0000000 0.0010625 0.0103965 0.0015594 0.0000000 0.0000000 0.0517451 0.0125477 0.0000000 0.0017089 0.0000000 0.0186101
 71 V  71 0.0287010 0.0536214 0.0206739 0.0079879 0.0091352 0.1108176 0.1024131 0.0088210 0.0420837 0.1369436 0.0127942 0.0578012 0.0162925 0.0044340 0.0000000 0.0170804 0.1360232 0.0016120 0.0135196 0.2019631 0.0172813
 72 S  72 0.0252129 0.0378114 0.1103423 0.2144265 0.0395554 0.0149486 0.0201828 0.0064897 0.0101576 0.0194894 0.0184625 0.0105918 0.0033521 0.0009555 0.0884481 0.3081160 0.0184584 0.0000000 0.0030699 0.0319892 0.0179401
 73 L  73 0.0041454 0.0000000 0.0000000 0.0000000 0.0096961 0.0000000 0.0000000 0.0000000 0.0000000 0.0603843 0.4997526 0.0000000 0.0632172 0.0209391 0.0000000 0.0046284 0.0909824 0.0000000 0.0000000 0.2283145 0.0179401
 74 E  74 0.0438211 0.1558265 0.0112783 0.0376089 0.0094636 0.0967158 0.1501636 0.0019586 0.0195446 0.0492534 0.1062364 0.0548303 0.0080850 0.0026499 0.0023095 0.0507000 0.0778958 0.0008829 0.0253142 0.0781803 0.0172813
 75 G  75 0.0115627 0.0138446 0.1757686 0.0916360 0.0008148 0.0181108 0.0525001 0.4922259 0.0328832 0.0009728 0.0031760 0.0322505 0.0016256 0.0011258 0.0022485 0.0301960 0.0116805 0.0005891 0.0070849 0.0019636 0.0177400
 76 A  76 0.1733121 0.0352778 0.0021172 0.0021867 0.0171838 0.0062093 0.0177084 0.0047318 0.0132936 0.0580262 0.1956075 0.0779801 0.1293876 0.0365619 0.0000000 0.0205730 0.0075705 0.0018414 0.0241346 0.1466098 0.0296870
 77 T  77 0.0263400 0.0259957 0.0270759 0.0247217 0.0074233 0.0041257 0.0233693 0.0145619 0.0158623 0.0046765 0.0118626 0.0146180 0.0108503 0.0008001 0.0430376 0.2868263 0.4117476 0.0000000 0.0017904 0.0117274 0.0325874
 78 H  78 0.0042248 0.0476499 0.0555879 0.0030863 0.0065017 0.0853442 0.0040505 0.0000000 0.5427030 0.0116437 0.0752759 0.0000000 0.0109280 0.0538797 0.0035306 0.0269072 0.0045911 0.0000000 0.0282762 0.0120790 0.0237402
 79 K  79 0.1156339 0.0379547 0.0323656 0.0899605 0.0061897 0.1390192 0.2414088 0.0226427 0.0341810 0.0107833 0.0249662 0.0400964 0.0040297 0.0101285 0.0085535 0.0915621 0.0413468 0.0000000 0.0135922 0.0134345 0.0221507
 80 Q  80 0.0302319 0.0392824 0.0247432 0.1737904 0.0000000 0.1967968 0.3433617 0.0020480 0.0109987 0.0022175 0.0171316 0.0507493 0.0096443 0.0181739 0.0000000 0.0165135 0.0231646 0.0000000 0.0118575 0.0070598 0.0222349
 81 A  81 0.6459276 0.0000000 0.0000000 0.0000000 0.0081215 0.0000000 0.0000000 0.0033592 0.0000000 0.0341303 0.0108713 0.0000000 0.0045710 0.0071079 0.0000000 0.0124479 0.0127354 0.0000000 0.0000000 0.2410370 0.0196909
 82 V  82 0.0944918 0.0409885 0.0116276 0.0000000 0.0044730 0.0342800 0.0062308 0.0013316 0.0099732 0.1190442 0.0473540 0.0115026 0.0221890 0.0000000 0.0000000 0.0258125 0.0128709 0.0137612 0.0090936 0.5162701 0.0187054
 83 E  83 0.1622622 0.0618157 0.1026724 0.0808407 0.0011450 0.1168469 0.1603393 0.0145609 0.0374996 0.0021822 0.0195142 0.0468371 0.0058313 0.0017664 0.0074459 0.1116446 0.0425035 0.0007473 0.0012746 0.0035648 0.0187054
 84 T  84 0.1517232 0.0055844 0.0009693 0.0000000 0.0138744 0.0114810 0.0111942 0.0015459 0.0043729 0.1841660 0.2709956 0.0039845 0.0654296 0.0277845 0.0000000 0.0086637 0.0504050 0.0000000 0.0117866 0.1558599 0.0201793
 85 L  85 0.0000000 0.0000000 0.0000000 0.0000000 0.0045203 0.0000000 0.0000000 0.0000000 0.0000000 0.1522068 0.6734852 0.0000000 0.0419333 0.0908967 0.0000000 0.0000000 0.0000000 0.0000000 0.0000000 0.0148181 0.0221396
 86 R  86 0.0129194 0.3178020 0.0044762 0.0090207 0.0025402 0.1028095 0.0216615 0.0054088 0.0124653 0.0072142 0.0294962 0.3879838 0.0008040 0.0000000 0.0000000 0.0220666 0.0284566 0.0000000 0.0000000 0.0096151 0.0252598
 87 N  87 0.0695406 0.0877810 0.1537933 0.0475075 0.0236205 0.1193762 0.0869336 0.0619150 0.0316870 0.0024782 0.0149665 0.0806139 0.0106648 0.0000000 0.0000000 0.1344760 0.0435437 0.0000000 0.0009821 0.0053537 0.0247663
 88 T  88 0.3125890 0.0007581 0.0060963 0.0037393 0.0814363 0.0093492 0.0065144 0.0368445 0.0050496 0.0366175 0.0414660 0.0083087 0.0026410 0.0032543 0.0391494 0.1594363 0.1514847 0.0000000 0.0010162 0.0577315 0.0365178
 89 G  89 0.0204151 0.0527485 0.0133168 0.0133148 0.0125590 0.0388760 0.0251138 0.3605137 0.0037408 0.0006508 0.0174971 0.0754365 0.0081473 0.0027051 0.1680194 0.0851755 0.0325633 0.0000000 0.0041426 0.0100027 0.0550613
 90 Q  90 0.0358908 0.0357218 0.0962540 0.1127994 0.0011382 0.0890020 0.0857552 0.2153185 0.0057713 0.0125188 0.0139184 0.0457093 0.0066263 0.0007551 0.0608948 0.0791711 0.0270847 0.0000000 0.0122558 0.0049870 0.0584274
 91 V  91 0.0273014 0.0712221 0.0323141 0.0324617 0.0064604 0.0331391 0.1022840 0.0085072 0.0333297 0.0350236 0.0257054 0.0823701 0.0228126 0.0133143 0.0824908 0.0757411 0.1598269 0.0024971 0.0092494 0.0857790 0.0581702
 92 V  92 0.0389683 0.0000000 0.0009285 0.0000000 0.0030186 0.0000000 0.0011882 0.0027226 0.0000000 0.1207844 0.0902128 0.0010969 0.0099352 0.0140133 0.0037820 0.0031270 0.0086006 0.0000000 0.0010222 0.6413599 0.0592396
 93 H  93 0.0173050 0.1590383 0.0340136 0.0401271 0.0178642 0.0692123 0.0458309 0.0048341 0.0365004 0.0204356 0.0319759 0.0946216 0.0034725 0.0025698 0.0050727 0.0622456 0.1855490 0.0009597 0.0236896 0.0845822 0.0601000
 94 L  94 0.0034473 0.0000000 0.0000000 0.0000000 0.0000000 0.0000000 0.0000000 0.0000000 0.0000000 0.1012194 0.7064416 0.0000000 0.0470242 0.0420090 0.0000000 0.0000000 0.0052777 0.0000000 0.0000000 0.0313012 0.0632795
 95 L  95 0.0060827 0.0329660 0.0030335 0.0037664 0.0047758 0.0379953 0.0594277 0.0240746 0.0212208 0.0795670 0.1488984 0.0792815 0.0119301 0.0069014 0.0000000 0.0105182 0.1280915 0.0000000 0.0117366 0.2603717 0.0693609
 96 L  96 0.0211264 0.0009640 0.0000000 0.0000000 0.0318189 0.0000000 0.0000000 0.0013178 0.0000000 0.2422317 0.1296479 0.0011094 0.0033052 0.0141870 0.0000000 0.0000000 0.0053261 0.0000000 0.0011455 0.4535042 0.0943159
 97 E  97 0.1542633 0.1092842 0.0016447 0.0037223 0.1013627 0.0744753 0.0442911 0.0636636 0.0090032 0.0197035 0.0549571 0.0567356 0.0059212 0.0089533 0.0027113 0.0748023 0.0231484 0.0033515 0.0186107 0.0172141 0.1521804
 98 K  98 0.0011388 0.5532351 0.0020363 0.0109134 0.0000000 0.0233947 0.0013761 0.0017576 0.0335825 0.0000000 0.0007728 0.1183346 0.0000000 0.0000000 0.0036641 0.0099932 0.0031313 0.0000000 0.0078684 0.0020372 0.2267638
 99 G  99 0.0036315 0.0931007 0.0251673 0.0742259 0.0041943 0.0252864 0.0690089 0.1296436 0.0231752 0.0000000 0.0051593 0.0173628 0.0017023 0.0010792 0.1404160 0.0351151 0.0030544 0.0000000 0.0009506 0.0008863 0.3468401
100 Q 100 0.0046898 0.0638779 0.0069855 0.0359128 0.0000000 0.0210236 0.0772853 0.0244113 0.0020148 0.0020843 0.0165598 0.0652897 0.0006573 0.0035350 0.1182246 0.0086883 0.0080630 0.0038062 0.0030568 0.0168132 0.5170207
101 V 101 0.0097838 0.0033766 0.0173479 0.0654288 0.0026234 0.0056142 0.0078882 0.0028185 0.0076044 0.0162211 0.0700548 0.0019487 0.0125826 0.0009723 0.0584760 0.0099102 0.0268269 0.0000000 0.0000000 0.0366115 0.6439100
102 P 102 0.0000000 0.0000000 0.0000000 0.0000000 0.0000000 0.0000000 0.0000000 0.0000000 0.0000000 0.0000000 0.0000000 0.0000000 0.0000000 0.0000000 0.2033001 0.0000000 0.0000000 0.0000000 0.0000000 0.0000000 0.7966999
