  102         A         R         N         D         C         Q         E         G         H         I         L         K         M         F         P         S         T         W         Y         V    
  1 M   1 0.0000000 0.0000000 0.0000000 0.0000000 0.0000000 0.0000000 0.0000000 0.0000000 0.0000000 0.0645345 0.5118073 0.0000000 0.1515942 0.0469806 0.0000000 0.0000000 0.0000000 0.0000000 0.0000000 0.2250834
  2 H   2 0.0586562 0.0653542 0.1531366 0.0091519 0.0000000 0.0413621 0.2352934 0.0702914 0.0923577 0.0000000 0.0000000 0.0201698 0.0000000 0.0000000 0.0137619 0.0553049 0.0156139 0.0000000 0.1695459 0.0000000
  3 H   3 0.0084288 0.2108022 0.0500649 0.0047583 0.0000000 0.0467417 0.0612170 0.0105205 0.0926120 0.0198470 0.0175969 0.1081387 0.0077373 0.0072440 0.0124963 0.2064011 0.0056727 0.0074193 0.0151735 0.1071278
  4 H   4 0.0460154 0.1732181 0.0317612 0.0381793 0.0000000 0.1792014 0.0651588 0.0277158 0.1168660 0.0072273 0.0213733 0.0842933 0.0194827 0.0000000 0.0504542 0.0610963 0.0066236 0.0284374 0.0428958 0.0000000
  5 H   5 0.0266268 0.2454939 0.0653452 0.0177053 0.0000000 0.1157927 0.0783865 0.0052747 0.0796850 0.0055065 0.0293240 0.0247865 0.0201927 0.0080586 0.0165712 0.0338108 0.0139678 0.0475139 0.1574225 0.0085355
  6 H   6 0.0207211 0.1706241 0.0338588 0.0624676 0.0000000 0.0646578 0.0556983 0.0051036 0.1131024 0.0052322 0.0103899 0.0274740 0.0162554 0.0121390 0.1732434 0.1345251 0.0055214 0.0032363 0.0702660 0.0154837
  7 H   7 0.0210359 0.0460963 0.0285746 0.2135625 0.0000000 0.0633073 0.1297048 0.0519886 0.0383602 0.0036940 0.0729959 0.0650929 0.0180249 0.0280419 0.0383897 0.1204498 0.0509027 0.0000000 0.0046820 0.0050961
  8 M   8 0.0370726 0.0716316 0.0196691 0.0225521 0.0000000 0.0149010 0.0700333 0.0171458 0.0000000 0.0924967 0.1203950 0.0269861 0.0153610 0.0125891 0.2202559 0.1241587 0.0478960 0.0022385 0.0043859 0.0802313
  9 K   9 0.0409767 0.0383988 0.0140900 0.0320957 0.0000000 0.0879258 0.1028069 0.0292623 0.0042668 0.0420757 0.0906575 0.1496394 0.0029062 0.0000000 0.2080736 0.0457623 0.0867857 0.0000000 0.0000000 0.0242766
 10 P  10 0.0226452 0.0103735 0.0329567 0.1635190 0.0015690 0.0189849 0.1930706 0.0640505 0.0048451 0.0322855 0.0188007 0.0227605 0.0107555 0.0016524 0.2726039 0.0807819 0.0372027 0.0048003 0.0000000 0.0063419
 11 G  11 0.0501296 0.0717657 0.0129966 0.0327923 0.0181652 0.0338037 0.0908684 0.2463605 0.0028190 0.0044458 0.0298164 0.0125591 0.0164946 0.0203269 0.1160894 0.1165435 0.0332251 0.0433390 0.0231850 0.0242740
 12 D  12 0.0048997 0.0490587 0.0580283 0.1130126 0.0115967 0.0976302 0.3713123 0.0539684 0.0054813 0.0333327 0.0077307 0.1004432 0.0033525 0.0069097 0.0178263 0.0143863 0.0163895 0.0000000 0.0022243 0.0324167
 13 T  13 0.0237126 0.0279300 0.0028697 0.0099430 0.0122047 0.0230828 0.0781356 0.0019598 0.0052389 0.1874915 0.1280213 0.0325254 0.0198003 0.0396109 0.0938156 0.0147436 0.1103083 0.0009347 0.0427390 0.1449323
 14 F  14 0.0042857 0.1502130 0.0037883 0.0024736 0.0015844 0.0529005 0.0827907 0.0012444 0.0570511 0.0912042 0.1076366 0.0343648 0.0549869 0.1355387 0.0017762 0.0169526 0.0501990 0.0076286 0.0696124 0.0737683
 15 E  15 0.0099082 0.0271599 0.0296817 0.0776143 0.0163260 0.0192711 0.2353767 0.0066847 0.0405384 0.0519731 0.0346104 0.0485594 0.0202739 0.0148973 0.0230136 0.0406403 0.2150250 0.0000000 0.0154360 0.0730102
 16 V  16 0.0188115 0.0000000 0.0000000 0.0000000 0.0023418 0.0000000 0.0000000 0.0000000 0.0000000 0.3582963 0.0356552 0.0000000 0.0122590 0.0023596 0.0000000 0.0052046 0.0284360 0.0000000 0.0013084 0.5353276
 17 E  17 0.0167418 0.0306594 0.0242825 0.0578755 0.0103934 0.0407799 0.2613899 0.0073880 0.0335506 0.0253322 0.0172712 0.0959835 0.0033106 0.0160360 0.0171242 0.0296643 0.2001882 0.0000000 0.0034612 0.1085678
 18 L  18 0.0015933 0.0027826 0.0023899 0.0000000 0.0074329 0.0000000 0.0000000 0.0000000 0.0000000 0.1580092 0.6981225 0.0022524 0.0191023 0.0368919 0.0000000 0.0000000 0.0000000 0.0000000 0.0012426 0.0701804
 19 A  19 0.0207349 0.0653405 0.0584490 0.0139711 0.0073524 0.0625501 0.1364678 0.0040511 0.0691835 0.0650253 0.0354908 0.1050472 0.0166569 0.0245493 0.0336062 0.0527616 0.0803617 0.0132599 0.0276804 0.1074605
 20 K  20 0.0065017 0.2635137 0.0363596 0.0097118 0.0131756 0.0018438 0.0019262 0.0094523 0.0015373 0.0012236 0.0010504 0.6369083 0.0042554 0.0000000 0.0027994 0.0051235 0.0034861 0.0000000 0.0000000 0.0011312
 21 T  21 0.0232879 0.0103999 0.0656181 0.1441522 0.0000000 0.0366830 0.1258910 0.3404103 0.0116955 0.0048131 0.0054384 0.0450771 0.0047238 0.0017967 0.0225604 0.0954151 0.0437140 0.0000000 0.0089790 0.0093444
 22 D  22 0.0741437 0.0208298 0.0991490 0.0808764 0.0021696 0.0469530 0.0958148 0.0913369 0.0151311 0.0032562 0.0032550 0.0365335 0.0020818 0.0051446 0.2084904 0.1517071 0.0470237 0.0015148 0.0018595 0.0127293
 23 G  23 0.0496999 0.0559629 0.0628593 0.0476998 0.0042291 0.0452994 0.1090136 0.2674778 0.0095925 0.0018009 0.0084513 0.1108469 0.0192029 0.0010205 0.0000000 0.1259545 0.0683624 0.0000000 0.0075315 0.0049948
 24 S  24 0.0102882 0.0016474 0.0057760 0.0084267 0.0052433 0.0024704 0.0273565 0.7165928 0.0008737 0.0000000 0.0036401 0.0235032 0.0000000 0.0036701 0.0516942 0.1138521 0.0188864 0.0000000 0.0022522 0.0038266
 25 L  25 0.0018790 0.0000000 0.0000000 0.0000000 0.0000000 0.0000000 0.0000000 0.0010235 0.0015851 0.0143233 0.7460239 0.0000000 0.0138187 0.1954270 0.0014239 0.0012136 0.0000000 0.0012550 0.0082982 0.0137288
 26 G  26 0.0023515 0.0000000 0.0043872 0.0026202 0.0000000 0.0000000 0.0000000 0.9870096 0.0000000 0.0000000 0.0000000 0.0000000 0.0000000 0.0000000 0.0036316 0.0000000 0.0000000 0.0000000 0.0000000 0.0000000
 27 I  27 0.0020609 0.0000000 0.0000000 0.0000000 0.0017263 0.0000000 0.0000000 0.0000000 0.0000000 0.2468109 0.1650483 0.0000000 0.0305957 0.5206849 0.0000000 0.0016260 0.0000000 0.0000000 0.0000000 0.0314470
 28 S  28 0.0385317 0.0445266 0.0572588 0.0034336 0.0045817 0.0269283 0.0080828 0.0478409 0.0355969 0.0043510 0.0016970 0.0140874 0.0060028 0.0102909 0.0010692 0.5072622 0.1434137 0.0000000 0.0016512 0.0433932
 29 V  29 0.0000000 0.0000000 0.0022917 0.0000000 0.0000000 0.0000000 0.0000000 0.0000000 0.0000000 0.5750929 0.1932958 0.0000000 0.0046682 0.0224119 0.0000000 0.0000000 0.0015325 0.0000000 0.0015662 0.1991408
 30 T  30 0.2337280 0.0551746 0.0089743 0.0119294 0.0194217 0.0103936 0.0361324 0.0026922 0.0000000 0.0824870 0.0497495 0.0629991 0.0143009 0.0014905 0.0000000 0.0817384 0.0744832 0.0000000 0.0000000 0.2543051
 31 G  31 0.0409809 0.0127689 0.0054935 0.0412944 0.0147209 0.0059797 0.0180722 0.7429245 0.0000000 0.0000000 0.0105302 0.0156125 0.0000000 0.0000000 0.0299096 0.0397860 0.0191923 0.0000000 0.0011639 0.0015705
 32 G  32 0.0220716 0.0349156 0.0398323 0.0035853 0.0185753 0.0054189 0.0146416 0.6876996 0.0027679 0.0000000 0.0228616 0.0098607 0.0024690 0.0176325 0.0092953 0.0260506 0.0260688 0.0009227 0.0544161 0.0009146
 33 V  33 0.0624336 0.1447550 0.0279218 0.0760251 0.0044362 0.0487296 0.0571327 0.0009620 0.0137243 0.0486013 0.0370712 0.1662947 0.0105607 0.0170500 0.0093552 0.0628635 0.0765967 0.0000000 0.0168263 0.1186601
 34 N  34 0.0300657 0.0164757 0.0748331 0.3421359 0.0124528 0.0082166 0.1446336 0.1724223 0.0163209 0.0022722 0.0030688 0.0266007 0.0009541 0.0010383 0.0131657 0.1012586 0.0174456 0.0000000 0.0052122 0.0114271
 35 T  35 0.0344873 0.0400760 0.1352450 0.0197141 0.0146027 0.0224849 0.0614773 0.0702475 0.0503851 0.0081610 0.0278903 0.0282382 0.0138332 0.0080868 0.0669722 0.2346352 0.0972524 0.0010588 0.0287315 0.0364204
 36 S  36 0.0241846 0.0254714 0.0445603 0.0724291 0.0086856 0.0685665 0.1049632 0.1504471 0.0308815 0.0315428 0.0453771 0.0892648 0.0030387 0.0059339 0.1705040 0.0769112 0.0212779 0.0000000 0.0020191 0.0239411
 37 V  37 0.0290997 0.0853707 0.0351794 0.0432543 0.0110955 0.0465756 0.1001062 0.0922557 0.1390383 0.0070836 0.1192628 0.0586572 0.0074227 0.0099800 0.0331360 0.0556837 0.0471840 0.0030918 0.0237603 0.0527626
 38 R  38 0.0346572 0.0358018 0.0787214 0.0651833 0.0067381 0.0589939 0.0798486 0.3428411 0.0131074 0.0070211 0.0426634 0.0330058 0.0054009 0.0456127 0.0472399 0.0558247 0.0252012 0.0018964 0.0016163 0.0186247
 39 H  39 0.0420899 0.0572883 0.0864832 0.3039162 0.0043209 0.0519140 0.0833639 0.0219805 0.0274702 0.0107926 0.0255351 0.0510415 0.0062019 0.0125793 0.0721718 0.0741067 0.0245169 0.0026914 0.0068647 0.0346709
 40 G  40 0.0450260 0.0525318 0.0648669 0.0297579 0.0105070 0.0247150 0.0566362 0.0731031 0.0173582 0.0309213 0.1375620 0.0438847 0.0930645 0.0050195 0.1293099 0.0867262 0.0570583 0.0000000 0.0037663 0.0381852
 41 G  41 0.0198150 0.0064345 0.0011900 0.0183474 0.0025347 0.0118649 0.0091252 0.5744655 0.0280680 0.0044058 0.0074113 0.0090714 0.0013824 0.0219197 0.1712598 0.0834788 0.0053603 0.0000000 0.0020570 0.0218082
 42 I  42 0.0063004 0.0000000 0.0000000 0.0000000 0.0184529 0.0088796 0.0000000 0.0000000 0.0334738 0.5963992 0.1176721 0.0025859 0.0083469 0.0053167 0.0067301 0.0044810 0.0077683 0.0015074 0.0118495 0.1702362
 43 Y  43 0.0066674 0.0324274 0.0035750 0.0000000 0.0018571 0.0312269 0.0024457 0.0000000 0.0040630 0.0482855 0.0595737 0.0123106 0.0087432 0.3619340 0.0000000 0.0073422 0.0242285 0.0016456 0.2877611 0.1059131
 44 V  44 0.0000000 0.0030042 0.0021343 0.0000000 0.0025755 0.0000000 0.0000000 0.0000000 0.0000000 0.5186837 0.0045265 0.0000000 0.0016774 0.0023610 0.0000000 0.0000000 0.0000000 0.0000000 0.0000000 0.4650374
 45 K  45 0.0377299 0.0791276 0.0104145 0.0063888 0.0068609 0.0379872 0.0106254 0.0613961 0.0547640 0.0009858 0.0325726 0.2939482 0.0010522 0.0021726 0.0000000 0.2475560 0.0890905 0.0000000 0.0017793 0.0255484
 46 A  46 0.0395089 0.1302600 0.0591066 0.0768300 0.0047699 0.0307234 0.0782284 0.0525125 0.0376561 0.0009558 0.0012633 0.1494816 0.0156992 0.0192238 0.0000000 0.2139861 0.0740927 0.0007972 0.0119657 0.0029386
 47 I  47 0.0000000 0.0000000 0.0000000 0.0000000 0.0023863 0.0017324 0.0000000 0.0000000 0.0000000 0.5223266 0.1605205 0.0000000 0.0207084 0.0020115 0.0029942 0.0000000 0.0000000 0.0000000 0.0000000 0.2873200
 48 I  48 0.0602925 0.0268086 0.0327849 0.0277832 0.0056809 0.0435876 0.0467087 0.0017174 0.0113079 0.1576381 0.1542604 0.0327844 0.0184483 0.0956680 0.0000000 0.0357116 0.0851866 0.0012606 0.0204388 0.1419313
 49 P  49 0.0631293 0.0234206 0.0094062 0.0625448 0.0009109 0.0274226 0.1716883 0.0061111 0.0191742 0.0014011 0.0103834 0.0926099 0.0032076 0.0007325 0.4416190 0.0477436 0.0106839 0.0000000 0.0010215 0.0067896
 50 K  50 0.0151217 0.0338422 0.1014788 0.1352948 0.0007053 0.0141242 0.0500151 0.5144411 0.0150703 0.0008207 0.0103726 0.0328829 0.0032719 0.0008237 0.0017256 0.0397828 0.0155398 0.0008014 0.0073290 0.0065563
 51 G  51 0.0032407 0.0021312 0.0000000 0.0010480 0.0049159 0.0258928 0.0012534 0.7022055 0.0027045 0.0000000 0.0108588 0.0158356 0.0049676 0.0000000 0.0000000 0.2079587 0.0169872 0.0000000 0.0000000 0.0000000
 52 A  52 0.3583354 0.0211126 0.0000000 0.0013391 0.0027439 0.0182552 0.0058544 0.0040627 0.0016541 0.0548373 0.0395095 0.0106774 0.0022182 0.0000000 0.3138252 0.0351139 0.0076598 0.0000000 0.0000000 0.1228013
 53 A  53 0.8747308 0.0000000 0.0000000 0.0000000 0.0044970 0.0017552 0.0000000 0.0055590 0.0000000 0.0197843 0.0110447 0.0000000 0.0000000 0.0000000 0.0000000 0.0128112 0.0039545 0.0012370 0.0000000 0.0646263
 54 E  54 0.2588694 0.0121625 0.0011534 0.2064781 0.0056266 0.0434682 0.1490579 0.0621578 0.0557072 0.0247320 0.0093916 0.0378363 0.0024237 0.0172310 0.0034298 0.0669246 0.0043722 0.0057081 0.0210884 0.0121813
 55 S  55 0.0498184 0.2839091 0.0086317 0.0114734 0.0062582 0.1218057 0.0769618 0.0058697 0.0237712 0.0191262 0.1004640 0.1848452 0.0227468 0.0017346 0.0000000 0.0230966 0.0224688 0.0045524 0.0009375 0.0315289
 56 D  56 0.0513208 0.0010755 0.0443614 0.5167773 0.0718564 0.0112047 0.0780933 0.0076929 0.0162234 0.0000000 0.0094461 0.0056967 0.0040885 0.0000000 0.0008346 0.1165610 0.0594658 0.0000000 0.0000000 0.0053016
 57 G  57 0.0065143 0.0168204 0.0272204 0.0097583 0.0013091 0.0302854 0.0076188 0.8385281 0.0055192 0.0009087 0.0009313 0.0274730 0.0007753 0.0000000 0.0037490 0.0204741 0.0012479 0.0000000 0.0000000 0.0008667
 58 R  58 0.0297422 0.4653808 0.0362544 0.0052419 0.0100980 0.0622474 0.0348246 0.0362431 0.0088580 0.0117146 0.0491702 0.1361157 0.0093584 0.0036767 0.0031447 0.0296713 0.0542108 0.0000000 0.0000000 0.0140473
 59 I  59 0.0024058 0.0000000 0.0000000 0.0000000 0.0000000 0.0000000 0.0000000 0.0000000 0.0014359 0.1768232 0.7205954 0.0000000 0.0406815 0.0232838 0.0022654 0.0000000 0.0000000 0.0000000 0.0000000 0.0325090
 60 H  60 0.0341116 0.2340402 0.0152993 0.0136460 0.0159407 0.1983277 0.0452148 0.0040156 0.0560471 0.0074253 0.0295085 0.2100012 0.0267916 0.0247963 0.0023999 0.0381253 0.0071001 0.0105281 0.0134763 0.0132045
 61 K  61 0.0752446 0.0599097 0.0027500 0.0009182 0.0046646 0.0235160 0.1207418 0.0021197 0.0022857 0.0939633 0.0394432 0.0317173 0.0211404 0.0023518 0.1457926 0.0515118 0.0404473 0.0000000 0.0033927 0.2780892
 62 G  62 0.0189574 0.0027518 0.0994225 0.0101115 0.0023164 0.0054233 0.0133463 0.7961411 0.0147533 0.0000000 0.0120760 0.0008786 0.0010452 0.0000000 0.0000000 0.0091670 0.0033665 0.0000000 0.0102431 0.0000000
 63 D  63 0.0000000 0.0000000 0.0012638 0.9335412 0.0012225 0.0044719 0.0200282 0.0110833 0.0013777 0.0014678 0.0033233 0.0014546 0.0119940 0.0000000 0.0000000 0.0031411 0.0020946 0.0000000 0.0026013 0.0009347
 64 R  64 0.0255190 0.2782316 0.0036763 0.0000000 0.0352217 0.1977141 0.1701581 0.0010645 0.0320914 0.0497579 0.0294900 0.0832783 0.0100279 0.0092692 0.0000000 0.0035765 0.0068586 0.0000000 0.0085648 0.0554999
 65 V  65 0.0000000 0.0024462 0.0020372 0.0000000 0.0000000 0.0000000 0.0000000 0.0000000 0.0000000 0.6062251 0.3133891 0.0000000 0.0021908 0.0000000 0.0000000 0.0000000 0.0019083 0.0000000 0.0000000 0.0718033
 66 L  66 0.0046237 0.0029430 0.0000000 0.0000000 0.0013046 0.0048193 0.0016371 0.0000000 0.0121093 0.1532268 0.5919209 0.0107910 0.0318925 0.0011058 0.0000000 0.0039899 0.0125644 0.0019349 0.0017018 0.1634349
 67 A  67 0.2114927 0.0382616 0.0091729 0.0132957 0.0135572 0.0618483 0.2648765 0.0037486 0.0023014 0.0038928 0.0041225 0.0939649 0.0236271 0.0164825 0.0000000 0.1776948 0.0191298 0.0000000 0.0353233 0.0072077
 68 V  68 0.0076866 0.0000000 0.0000000 0.0000000 0.0000000 0.0000000 0.0000000 0.0000000 0.0017683 0.2871342 0.0210505 0.0000000 0.0032829 0.0000000 0.0000000 0.0000000 0.0000000 0.0000000 0.0000000 0.6790776
 69 N  69 0.0000000 0.0019609 0.8071472 0.1194057 0.0178203 0.0031300 0.0021514 0.0300487 0.0053416 0.0000000 0.0000000 0.0000000 0.0014578 0.0000000 0.0000000 0.0074216 0.0000000 0.0000000 0.0041149 0.0000000
 70 G  70 0.0047598 0.0065145 0.0687835 0.1110733 0.0009265 0.0155560 0.0508752 0.6301544 0.0302180 0.0000000 0.0011036 0.0100755 0.0016272 0.0000000 0.0000000 0.0535924 0.0128446 0.0000000 0.0018955 0.0000000
 71 V  71 0.0295281 0.0553249 0.0216520 0.0083576 0.0094910 0.1127299 0.1004493 0.0080098 0.0436691 0.1382313 0.0128595 0.0591376 0.0164947 0.0046662 0.0000000 0.0179335 0.1380376 0.0016792 0.0134067 0.2083419
 72 S  72 0.0253440 0.0383782 0.1121029 0.2162762 0.0412576 0.0147813 0.0203780 0.0069110 0.0099135 0.0199300 0.0188450 0.0097029 0.0029623 0.0010049 0.0912325 0.3180298 0.0183120 0.0000000 0.0031939 0.0314440
 73 L  73 0.0043118 0.0000000 0.0000000 0.0000000 0.0100324 0.0000000 0.0000000 0.0000000 0.0000000 0.0622905 0.5105241 0.0000000 0.0637980 0.0217424 0.0000000 0.0044933 0.0911565 0.0000000 0.0000000 0.2316510
 74 E  74 0.0449478 0.1558274 0.0115288 0.0385929 0.0100350 0.0975988 0.1536474 0.0020635 0.0195480 0.0483856 0.1070690 0.0572970 0.0084223 0.0027859 0.0023536 0.0525813 0.0806241 0.0009295 0.0254346 0.0803276
 75 G  75 0.0116035 0.0139411 0.1771640 0.0948076 0.0008435 0.0190628 0.0532778 0.5039348 0.0338452 0.0010118 0.0033792 0.0311716 0.0016919 0.0011813 0.0022244 0.0297600 0.0114527 0.0006102 0.0072191 0.0018176
 76 A  76 0.1779525 0.0355595 0.0022204 0.0022185 0.0177268 0.0058766 0.0181527 0.0047847 0.0144719 0.0602295 0.2014226 0.0793057 0.1330252 0.0391009 0.0000000 0.0215542 0.0079483 0.0019508 0.0248176 0.1516814
 77 T  77 0.0278104 0.0256029 0.0273898 0.0254186 0.0075194 0.0041224 0.0245604 0.0149244 0.0166714 0.0047964 0.0123754 0.0154008 0.0115304 0.0008374 0.0441526 0.2936865 0.4291831 0.0000000 0.0018998 0.0121177
 78 H  78 0.0045107 0.0479937 0.0537423 0.0032070 0.0067677 0.0887945 0.0031540 0.0000000 0.5575381 0.0121239 0.0778365 0.0000000 0.0112844 0.0554451 0.0036681 0.0270759 0.0048743 0.0000000 0.0295420 0.0124417
 79 K  79 0.1174334 0.0383578 0.0332869 0.0922603 0.0064431 0.1452090 0.2460625 0.0230450 0.0333238 0.0109233 0.0251107 0.0421947 0.0042268 0.0106935 0.0090587 0.0933718 0.0412245 0.0000000 0.0140792 0.0136949
 80 Q  80 0.0308352 0.0407983 0.0254070 0.1786590 0.0000000 0.1998330 0.3503115 0.0021658 0.0110046 0.0023172 0.0177890 0.0511317 0.0108738 0.0184617 0.0000000 0.0168147 0.0236074 0.0000000 0.0126523 0.0073378
 81 A  81 0.6587894 0.0000000 0.0000000 0.0000000 0.0086403 0.0000000 0.0000000 0.0036590 0.0000000 0.0345942 0.0109197 0.0000000 0.0046369 0.0073040 0.0000000 0.0134411 0.0127955 0.0000000 0.0000000 0.2452199
 82 V  82 0.0967214 0.0399992 0.0122229 0.0000000 0.0046383 0.0326701 0.0064105 0.0011479 0.0106011 0.1206937 0.0492734 0.0118970 0.0194686 0.0000000 0.0000000 0.0264056 0.0133173 0.0142095 0.0096667 0.5306567
 83 E  83 0.1645945 0.0655657 0.1041554 0.0829748 0.0011936 0.1194092 0.1615170 0.0152961 0.0383979 0.0022317 0.0197761 0.0474985 0.0061800 0.0018146 0.0076483 0.1134069 0.0425098 0.0007838 0.0013365 0.0037096
 84 T  84 0.1581069 0.0056488 0.0010222 0.0000000 0.0144278 0.0106963 0.0119534 0.0015917 0.0043818 0.1888973 0.2762179 0.0040776 0.0661607 0.0276326 0.0000000 0.0081441 0.0496483 0.0000000 0.0118254 0.1595673
 85 L  85 0.0000000 0.0000000 0.0000000 0.0000000 0.0050274 0.0000000 0.0000000 0.0000000 0.0000000 0.1570584 0.6845751 0.0000000 0.0431594 0.0946225 0.0000000 0.0000000 0.0000000 0.0000000 0.0000000 0.0155571
 86 R  86 0.0134073 0.3221104 0.0045952 0.0095396 0.0026815 0.1091955 0.0214773 0.0056551 0.0130452 0.0068566 0.0309236 0.3986311 0.0008578 0.0000000 0.0000000 0.0222848 0.0287613 0.0000000 0.0000000 0.0099778
 87 N  87 0.0730567 0.0864124 0.1593468 0.0485478 0.0243863 0.1209243 0.0878469 0.0650160 0.0329149 0.0024677 0.0158558 0.0809062 0.0112456 0.0000000 0.0000000 0.1399022 0.0446172 0.0000000 0.0010435 0.0055099
 88 T  88 0.3244888 0.0008073 0.0060641 0.0039026 0.0840794 0.0086471 0.0062607 0.0393767 0.0053042 0.0390709 0.0429228 0.0088127 0.0028508 0.0032210 0.0418176 0.1642974 0.1578407 0.0000000 0.0010576 0.0591778
 89 G  89 0.0222111 0.0519136 0.0143938 0.0134074 0.0130274 0.0413901 0.0253292 0.3855057 0.0035354 0.0007067 0.0188859 0.0797737 0.0088168 0.0028465 0.1770990 0.0906333 0.0352862 0.0000000 0.0044031 0.0108351
 90 Q  90 0.0380858 0.0385794 0.1016910 0.1223397 0.0011983 0.0937637 0.0919703 0.2259388 0.0061999 0.0135605 0.0150096 0.0491260 0.0071597 0.0008219 0.0639069 0.0836158 0.0288641 0.0000000 0.0127726 0.0053957
 91 V  91 0.0291101 0.0746945 0.0349674 0.0343731 0.0065280 0.0359204 0.1072717 0.0094063 0.0363350 0.0379139 0.0276666 0.0869247 0.0223288 0.0136312 0.0879812 0.0817065 0.1694236 0.0027037 0.0099818 0.0911314
 92 V  92 0.0416459 0.0000000 0.0010253 0.0000000 0.0032937 0.0000000 0.0012965 0.0029089 0.0000000 0.1274475 0.0937261 0.0012057 0.0112282 0.0138903 0.0041740 0.0033027 0.0085766 0.0000000 0.0011331 0.6851457
 93 H  93 0.0186569 0.1691792 0.0370597 0.0425075 0.0186559 0.0702286 0.0491596 0.0053889 0.0400017 0.0220484 0.0346223 0.1002290 0.0037877 0.0027679 0.0049150 0.0666549 0.1969895 0.0009959 0.0245570 0.0915942
 94 L  94 0.0038541 0.0000000 0.0000000 0.0000000 0.0000000 0.0000000 0.0000000 0.0000000 0.0000000 0.1083695 0.7535295 0.0000000 0.0495139 0.0458039 0.0000000 0.0000000 0.0059745 0.0000000 0.0000000 0.0329545
 95 L  95 0.0067423 0.0349996 0.0024812 0.0040649 0.0052296 0.0412203 0.0650362 0.0263877 0.0232060 0.0877385 0.1597576 0.0860077 0.0127176 0.0075369 0.0000000 0.0113090 0.1361939 0.0000000 0.0127274 0.2766436
 96 L  96 0.0237764 0.0011184 0.0000000 0.0000000 0.0339585 0.0000000 0.0000000 0.0015207 0.0000000 0.2671722 0.1442137 0.0012819 0.0037698 0.0157735 0.0000000 0.0000000 0.0059120 0.0000000 0.0013345 0.5001683
 97 E  97 0.1798850 0.1309950 0.0020073 0.0044980 0.1208916 0.0871169 0.0532575 0.0749429 0.0103870 0.0235131 0.0609508 0.0670734 0.0072157 0.0104516 0.0034084 0.0908846 0.0282731 0.0038735 0.0197327 0.0206421
 98 K  98 0.0015262 0.7082752 0.0027439 0.0147318 0.0000000 0.0319698 0.0018471 0.0023301 0.0436210 0.0000000 0.0010309 0.1564754 0.0000000 0.0000000 0.0048605 0.0134126 0.0041630 0.0000000 0.0103048 0.0027077
 99 G  99 0.0058699 0.1399998 0.0393893 0.1085802 0.0066901 0.0399385 0.1055833 0.1985216 0.0369168 0.0000000 0.0082626 0.0268695 0.0026955 0.0017189 0.2161750 0.0550509 0.0048290 0.0000000 0.0015125 0.0013964
100 Q 100 0.0100671 0.1334304 0.0148574 0.0726588 0.0000000 0.0446688 0.1544202 0.0498606 0.0042464 0.0044225 0.0338922 0.1383085 0.0014009 0.0076492 0.2459241 0.0185231 0.0169263 0.0081875 0.0065994 0.0339565
101 V 101 0.0228219 0.0097420 0.0505521 0.1857555 0.0075584 0.0162820 0.0228753 0.0081552 0.0219701 0.0449914 0.1986337 0.0056552 0.0332914 0.0028299 0.1628688 0.0290254 0.0763002 0.0000000 0.0000000 0.1006914
102 P 102 0.0000000 0.0000000 0.0000000 0.0000000 0.0000000 0.0000000 0.0000000 0.0000000 0.0000000 0.0000000 0.0000000 0.0000000 0.0000000 0.0000000 1.0000000 0.0000000 0.0000000 0.0000000 0.0000000 0.0000000
