  138         A         R         N         D         C         Q         E         G         H         I         L         K         M         F         P         S         T         W         Y         V    
  1 P   1 0.0000000 0.0000000 0.0000000 0.0000000 0.0000000 0.0000000 0.0000000 0.0000000 0.0000000 0.0000000 0.0000000 0.0000000 0.0000000 0.0000000 1.0000000 0.0000000 0.0000000 0.0000000 0.0000000 0.0000000
  2 L   2 0.0164111 0.0114177 0.0000000 0.0159520 0.0000000 0.0213323 0.0000000 0.0277980 0.0000000 0.0242014 0.6330882 0.0126614 0.1264159 0.0791197 0.0000000 0.0075924 0.0000000 0.0090087 0.0000000 0.0150012
  3 I   3 0.1429415 0.0103444 0.0049703 0.0212074 0.0000000 0.0215159 0.0442365 0.0028246 0.0000000 0.0502346 0.0081291 0.0287197 0.0061846 0.0090872 0.2685660 0.0352330 0.2177381 0.0000000 0.0000000 0.1280673
  4 V   4 0.0000000 0.0000000 0.0036063 0.0040013 0.0000000 0.0000000 0.0047722 0.0000000 0.0000000 0.2093639 0.2115664 0.0000000 0.0699580 0.0000000 0.0000000 0.0000000 0.0138946 0.0000000 0.0000000 0.4828374
  5 P   5 0.0144825 0.0066755 0.0000000 0.0000000 0.0059628 0.0263409 0.0000000 0.0000000 0.0000000 0.0000000 0.0025489 0.0000000 0.0000000 0.0000000 0.9325166 0.0000000 0.0042293 0.0000000 0.0000000 0.0072434
  6 Y   6 0.0053751 0.0027978 0.0000000 0.0000000 0.0422828 0.0071351 0.0000000 0.0080030 0.0427615 0.0214423 0.0341618 0.0000000 0.0082119 0.4023116 0.0000000 0.0174028 0.0147690 0.0050404 0.3795556 0.0087493
  7 N   7 0.0655139 0.0563304 0.0347244 0.0459910 0.0248815 0.0437454 0.0798056 0.0015511 0.0043215 0.0178927 0.0396595 0.0891009 0.0088433 0.0281913 0.0034414 0.1064550 0.1685956 0.0000000 0.0321547 0.1488008
  8 L   8 0.1256516 0.0491944 0.0271509 0.0033395 0.0192481 0.0336834 0.0150146 0.2266066 0.0232495 0.0167818 0.1411736 0.0173618 0.0126353 0.0151927 0.0000000 0.0830775 0.1392145 0.0056211 0.0155328 0.0302703
  9 P   9 0.0930992 0.0923158 0.0451651 0.0587556 0.0062901 0.0455259 0.0673145 0.0224731 0.0309895 0.0237027 0.0351079 0.0531904 0.0109142 0.0265292 0.1967659 0.0711831 0.0863885 0.0062495 0.0044535 0.0235865
 10 L  10 0.0000000 0.0000000 0.0055970 0.0000000 0.0190731 0.0000000 0.0000000 0.0000000 0.0036656 0.4136019 0.4118413 0.0032243 0.0108393 0.0329900 0.0000000 0.0000000 0.0000000 0.0000000 0.0042993 0.0948681
 11 P  11 0.0477359 0.0150994 0.0405860 0.0230912 0.0028294 0.0774518 0.0457660 0.0150893 0.0226526 0.0066308 0.0335242 0.0250263 0.0000000 0.0204181 0.4727954 0.0938905 0.0212536 0.0000000 0.0258213 0.0103382
 12 G  12 0.0320635 0.0619218 0.0732784 0.0486761 0.0988456 0.0474056 0.0944794 0.3778673 0.0196432 0.0031123 0.0035254 0.0431877 0.0000000 0.0097121 0.0019266 0.0501415 0.0279907 0.0000000 0.0044774 0.0017454
 13 G  13 0.0120202 0.0249442 0.0211514 0.0046827 0.0073139 0.0431171 0.0387341 0.6305867 0.0015304 0.0030922 0.0030766 0.0411382 0.0000000 0.0024435 0.1116542 0.0214806 0.0153638 0.0000000 0.0080110 0.0096593
 14 V  14 0.0015652 0.0023564 0.0000000 0.0000000 0.0101122 0.0000000 0.0000000 0.0000000 0.0000000 0.0554802 0.5502412 0.0000000 0.1217767 0.1361440 0.0221577 0.0050885 0.0020659 0.0027357 0.0249773 0.0652990
 15 V  15 0.0678781 0.1048134 0.0180099 0.0147415 0.0239469 0.0796642 0.0920691 0.0430525 0.0308549 0.0240530 0.0186504 0.1219242 0.0226029 0.0150054 0.0280410 0.0874392 0.0794150 0.0305412 0.0492682 0.0480289
 16 P  16 0.0807480 0.0096392 0.0191473 0.0637245 0.0045777 0.0297213 0.0819642 0.0012652 0.0064813 0.0533662 0.0465052 0.0180682 0.0017129 0.0116200 0.3485310 0.0371719 0.0357758 0.0000000 0.0173050 0.1326751
 17 R  17 0.0089947 0.0411139 0.0108721 0.0201173 0.0000000 0.0010659 0.0015032 0.8294005 0.0135873 0.0017129 0.0000000 0.0166184 0.0036977 0.0020674 0.0067968 0.0278057 0.0079150 0.0020108 0.0047204 0.0000000
 18 M  18 0.0184213 0.0851419 0.0095211 0.0778485 0.0078172 0.1065027 0.0304652 0.0083931 0.0558249 0.0033407 0.0556830 0.1513223 0.0714477 0.0072174 0.0000000 0.1695592 0.0951056 0.0275887 0.0030693 0.0157302
 19 L  19 0.0455916 0.0704398 0.0393232 0.0061679 0.0492060 0.0329495 0.0576377 0.0042420 0.0309216 0.0259582 0.0595205 0.0801032 0.0694438 0.0094380 0.0000000 0.1580947 0.1432988 0.0070954 0.0092278 0.1013402
 20 I  20 0.0088193 0.0000000 0.0000000 0.0000000 0.0000000 0.0000000 0.0000000 0.0000000 0.0000000 0.3974344 0.2503787 0.0000000 0.0295244 0.0541426 0.0000000 0.0000000 0.0056205 0.0034333 0.0061342 0.2445127
 21 T  21 0.0284181 0.0791058 0.0082549 0.0145102 0.0013555 0.0021361 0.0711930 0.0034751 0.0243103 0.1399488 0.0665757 0.0561298 0.0184874 0.0361209 0.0000000 0.0108182 0.2698660 0.0000000 0.0320810 0.1372130
 22 I  22 0.0108467 0.0000000 0.0000000 0.0000000 0.0022302 0.0000000 0.0000000 0.0035068 0.0034904 0.4531754 0.1143131 0.0000000 0.0349274 0.0446055 0.0000000 0.0000000 0.0026087 0.0029181 0.0000000 0.3273777
 23 L  23 0.0153949 0.1538541 0.0419375 0.0057889 0.0105029 0.1049690 0.0365870 0.0131117 0.0439540 0.0395814 0.0169976 0.1361819 0.0252956 0.0103745 0.0006776 0.0883543 0.1246992 0.0046397 0.0236853 0.1034127
 24 G  24 0.0730387 0.0000000 0.0000000 0.0000000 0.0124695 0.0000000 0.0000000 0.8736445 0.0034961 0.0075849 0.0046249 0.0000000 0.0031287 0.0044950 0.0000000 0.0014752 0.0000000 0.0009873 0.0064144 0.0086409
 25 T  25 0.0363808 0.1124221 0.0181847 0.0054464 0.0219606 0.0152656 0.0442086 0.0049855 0.0512669 0.0913945 0.0590274 0.1182568 0.0298600 0.0296431 0.0000000 0.0301285 0.1796957 0.0000000 0.0294762 0.1223965
 26 V  26 0.0649978 0.0051067 0.0000000 0.0000000 0.0216229 0.0000000 0.0000000 0.0024758 0.0000000 0.1428995 0.0809197 0.0000000 0.0153995 0.0096948 0.2147962 0.0215347 0.0381168 0.0000000 0.0000000 0.3824355
 27 K  27 0.0306131 0.0583015 0.0906246 0.0555879 0.0110760 0.0180542 0.0174973 0.0230845 0.0510442 0.0155953 0.1415879 0.1360329 0.0035863 0.0446192 0.1372471 0.0549844 0.0548233 0.0184556 0.0291527 0.0080320
 28 P  28 0.0472083 0.0147189 0.0347744 0.0872782 0.0092025 0.0633196 0.0613008 0.0657094 0.0522162 0.0293951 0.0754553 0.0627991 0.0056619 0.0083111 0.2137659 0.1174132 0.0202322 0.0084225 0.0170309 0.0057848
 29 N  29 0.0368140 0.0144021 0.2214300 0.1910275 0.0024214 0.0163886 0.0679054 0.1251972 0.0598682 0.0057915 0.0482020 0.0638587 0.0112221 0.0046461 0.0156593 0.0623535 0.0349414 0.0000000 0.0122999 0.0055711
 30 A  30 0.3855590 0.0234424 0.0220359 0.0361783 0.0464235 0.0102197 0.0443633 0.0563649 0.0290721 0.0084798 0.0252258 0.0073375 0.0134360 0.0008660 0.1704866 0.0774032 0.0235608 0.0030015 0.0000000 0.0165438
 31 N  31 0.0197135 0.0294565 0.0908110 0.1456546 0.0000000 0.0705674 0.0915862 0.0761628 0.0392024 0.0069656 0.0083003 0.2158475 0.0000000 0.0007418 0.0575733 0.0624707 0.0590537 0.0039461 0.0015716 0.0203751
 32 R  32 0.0132351 0.4085277 0.0390585 0.0342169 0.0112539 0.1094733 0.0543755 0.0576034 0.0265854 0.0069204 0.0068726 0.0453871 0.0196442 0.0060655 0.0000000 0.1223480 0.0137077 0.0061169 0.0046373 0.0139706
 33 I  33 0.0031509 0.0000000 0.0000000 0.0000000 0.0110182 0.0000000 0.0021818 0.0012729 0.0000000 0.0473424 0.0608995 0.0000000 0.0099383 0.7841335 0.0011683 0.0224752 0.0015157 0.0189923 0.0018067 0.0341043
 34 A  34 0.1467654 0.0424351 0.0646754 0.0273703 0.0132293 0.0936098 0.0613512 0.0129884 0.0728123 0.0295706 0.0110468 0.0077463 0.0245985 0.0084626 0.0000000 0.1677356 0.1069651 0.0056672 0.0388847 0.0640851
 35 L  35 0.0028406 0.0000000 0.0000000 0.0000000 0.0000000 0.0000000 0.0000000 0.0000000 0.0000000 0.4269753 0.0938998 0.0000000 0.0158704 0.0498403 0.0000000 0.0028772 0.0109611 0.0000000 0.0000000 0.3967353
 36 D  36 0.0169733 0.0074850 0.5639756 0.1860578 0.0089013 0.0038235 0.0815289 0.0061402 0.0127407 0.0057438 0.0111638 0.0130202 0.0000000 0.0053764 0.0000000 0.0586276 0.0105315 0.0000000 0.0079105 0.0000000
 37 F  37 0.0000000 0.0000000 0.0023335 0.0000000 0.0000000 0.0000000 0.0000000 0.0000000 0.0000000 0.0331746 0.5573905 0.0000000 0.0116869 0.3367391 0.0046975 0.0046818 0.0060225 0.0021580 0.0155087 0.0256068
 38 Q  38 0.0266370 0.0748940 0.0035389 0.0090593 0.0406490 0.2115134 0.0040039 0.1008970 0.0559317 0.0169745 0.1163176 0.0749230 0.0347440 0.0029975 0.0057880 0.0242693 0.0697326 0.0000000 0.0470560 0.0800734
 39 R  39 0.0346827 0.0500866 0.0525609 0.0462880 0.1787067 0.0403371 0.0620945 0.0290302 0.0195787 0.0197570 0.0215970 0.0870418 0.0021051 0.0086709 0.0392230 0.1267424 0.1421423 0.0000000 0.0167149 0.0226403
 40 G  40 0.0185743 0.0127226 0.0941487 0.1217508 0.0000000 0.0120757 0.0669233 0.4939429 0.0116398 0.0025177 0.0000000 0.0208185 0.0000000 0.0000000 0.0285720 0.0825047 0.0323684 0.0000000 0.0014406 0.0000000
 41 N  41 0.0409852 0.0179596 0.1441072 0.1357227 0.0293964 0.0242125 0.0297257 0.1095833 0.0114794 0.0019545 0.0028336 0.0543421 0.0109244 0.0174835 0.1097471 0.2227002 0.0320666 0.0000000 0.0017900 0.0029860
 42 D  42 0.0118657 0.0019494 0.1420273 0.5572917 0.0000000 0.0134343 0.0651624 0.0436241 0.0290262 0.0030068 0.0000000 0.0029960 0.0044982 0.0029160 0.0607927 0.0230069 0.0256294 0.0000000 0.0079402 0.0048328
 43 V  43 0.0163512 0.0200372 0.0074760 0.0023150 0.0080202 0.0195363 0.0138263 0.0059130 0.0027095 0.5015107 0.0715815 0.0209034 0.0080010 0.0147821 0.0034541 0.0045655 0.0371636 0.0079415 0.0128729 0.2210389
 44 A  44 0.5480226 0.0000000 0.0098958 0.0022997 0.0112082 0.0000000 0.0099496 0.0345313 0.0030226 0.0762456 0.0591179 0.0032388 0.0043681 0.0081588 0.0888789 0.0210245 0.0244625 0.0000000 0.0086721 0.0869029
 45 F  45 0.0155154 0.0010734 0.0000000 0.0000000 0.0072290 0.0000000 0.0025262 0.0072618 0.0000000 0.0427442 0.4844899 0.0000000 0.0235665 0.3464019 0.0012986 0.0000000 0.0022749 0.0000000 0.0350423 0.0305761
 46 H  46 0.0030297 0.0402265 0.0023560 0.0042509 0.0085036 0.0280376 0.0177289 0.0000000 0.8441095 0.0000000 0.0087681 0.0098598 0.0039991 0.0111897 0.0000000 0.0017825 0.0026564 0.0000000 0.0070562 0.0064456
 47 F  47 0.0036149 0.0023077 0.0039250 0.0017587 0.0099429 0.0000000 0.0000000 0.0000000 0.0014699 0.1637660 0.1726807 0.0000000 0.0280758 0.4838378 0.0000000 0.0056415 0.0024325 0.0027069 0.0319042 0.0859357
 48 N  48 0.0196522 0.0611663 0.5853195 0.0322067 0.0108895 0.0195868 0.0207419 0.0156078 0.0046835 0.0000000 0.0063149 0.0670165 0.0000000 0.0000000 0.0136860 0.1262474 0.0139173 0.0000000 0.0000000 0.0029636
 49 P  49 0.0659977 0.0000000 0.0045482 0.0015119 0.0110561 0.0137097 0.0000000 0.0048665 0.0057030 0.0499271 0.0284354 0.0000000 0.0094708 0.0460327 0.5542527 0.0038172 0.0139141 0.0000000 0.0000000 0.1867568
 50 R  50 0.0000000 0.7915260 0.0322941 0.0048678 0.0082223 0.0114741 0.0072769 0.0027245 0.0247130 0.0099990 0.0064896 0.0047085 0.0025020 0.0033496 0.0000000 0.0230577 0.0100074 0.0013542 0.0272779 0.0281553
 51 F  51 0.0000000 0.0056950 0.0032087 0.0071052 0.0067203 0.0077203 0.0000000 0.0021361 0.0000000 0.0298936 0.2014109 0.0025064 0.0277827 0.6221503 0.0266789 0.0031904 0.0035089 0.0132720 0.0281984 0.0088219
 52 N  52 0.0283633 0.0463367 0.1413472 0.2799688 0.0020516 0.0118381 0.0700801 0.0905403 0.0444809 0.0036599 0.0183564 0.0698974 0.0026012 0.0059218 0.0249447 0.0927862 0.0447089 0.0082588 0.0072122 0.0066454
 53 E  53 0.0442458 0.0601006 0.0126643 0.0526649 0.0000000 0.0585018 0.3474659 0.0649429 0.0941062 0.0060350 0.0257992 0.0119890 0.0133721 0.0171906 0.0045743 0.0391693 0.0364006 0.0605130 0.0376596 0.0126049
 54 N  54 0.0144127 0.0364817 0.0610977 0.0524929 0.0205465 0.0101472 0.0221587 0.2833347 0.0032881 0.0118981 0.0118727 0.0223233 0.0018699 0.0115062 0.0898872 0.2082623 0.0825038 0.0193553 0.0221090 0.0144519
 55 N  55 0.0353122 0.0397640 0.0812149 0.1974334 0.0056154 0.0258783 0.0712226 0.2183595 0.0299623 0.0142664 0.0225248 0.0736736 0.0000000 0.0074209 0.0554472 0.0575396 0.0454654 0.0043315 0.0033879 0.0111802
 56 R  56 0.0451727 0.1036120 0.0262360 0.1156481 0.0101981 0.1056390 0.1074209 0.0345479 0.0242245 0.0265095 0.0288678 0.1871866 0.0066818 0.0015269 0.0211193 0.0603420 0.0467405 0.0000000 0.0000000 0.0483262
 57 R  57 0.0654738 0.1219438 0.2283743 0.0197518 0.0115552 0.0648948 0.0144980 0.0608525 0.0412769 0.0062520 0.0165713 0.1410701 0.0039447 0.0027522 0.1359675 0.0332289 0.0041119 0.0084654 0.0119241 0.0070909
 58 V  58 0.0899977 0.0393543 0.0189157 0.0000000 0.0581611 0.0546907 0.0218552 0.0000000 0.0351034 0.0645319 0.0358248 0.0448353 0.0122574 0.0335068 0.0000000 0.0415685 0.1435445 0.0086840 0.0949681 0.2022009
 59 I  59 0.0119426 0.0137483 0.0000000 0.0000000 0.0057354 0.0000000 0.0000000 0.0000000 0.0024226 0.4078715 0.0758958 0.0000000 0.0226649 0.0328337 0.0000000 0.0034450 0.0330828 0.0000000 0.0030345 0.3873229
 60 V  60 0.0328644 0.0024814 0.0030237 0.0225722 0.0100507 0.0087904 0.0474891 0.0033869 0.0000000 0.1294174 0.0318345 0.0030007 0.0000000 0.0122534 0.0000000 0.0144724 0.0259316 0.0000000 0.0092128 0.6432183
 61 C  61 0.0118342 0.3632240 0.0107606 0.0032437 0.1924136 0.0596351 0.0121383 0.0122476 0.0158416 0.0134962 0.0711233 0.0021954 0.0847560 0.0816114 0.0000000 0.0017519 0.0070948 0.0054241 0.0380201 0.0131881
 62 N  62 0.0029572 0.0067443 0.8994071 0.0100962 0.0000000 0.0045383 0.0000000 0.0052541 0.0000000 0.0000000 0.0031115 0.0068199 0.0000000 0.0000000 0.0028274 0.0284209 0.0298232 0.0000000 0.0000000 0.0000000
 63 T  63 0.0966594 0.0111817 0.0236925 0.0057419 0.0271934 0.0000000 0.0027448 0.0030494 0.0285629 0.0017648 0.0131399 0.0000000 0.0053161 0.0063745 0.0000000 0.4318695 0.3060105 0.0021848 0.0280821 0.0064320
 64 K  64 0.0180767 0.1088441 0.0164301 0.0022355 0.0812043 0.0397521 0.0124661 0.0019523 0.0301442 0.0192497 0.1226860 0.1610897 0.0564009 0.1411196 0.0033582 0.0135999 0.0171750 0.0667632 0.0716580 0.0157944
 65 L  65 0.0221508 0.0402071 0.0193268 0.0296062 0.0074720 0.1671883 0.0900456 0.0028400 0.0182360 0.1278464 0.1143864 0.0542864 0.0260878 0.0331026 0.0073573 0.0461594 0.0528551 0.0230665 0.0402617 0.0775175
 66 D  66 0.0443738 0.0903180 0.2835975 0.0803747 0.0097886 0.0455342 0.0286951 0.1621516 0.0257635 0.0104733 0.0042463 0.0680758 0.0095533 0.0242693 0.0018785 0.0803156 0.0055715 0.0025716 0.0150257 0.0074222
 67 N  67 0.0092595 0.0194478 0.0955981 0.0651664 0.0000000 0.0254260 0.0618580 0.5604339 0.0058051 0.0026959 0.0054119 0.0253779 0.0436118 0.0034328 0.0029099 0.0606695 0.0030376 0.0000000 0.0010169 0.0088408
 68 N  68 0.0716461 0.0726874 0.0661793 0.0226167 0.0269522 0.1031569 0.0771782 0.0523506 0.0242100 0.0383063 0.0151533 0.1280358 0.0082970 0.0060273 0.0133370 0.1349975 0.0663112 0.0000000 0.0052652 0.0672920
 69 W  69 0.0000000 0.0118863 0.0000000 0.0000000 0.0014318 0.0000000 0.0000000 0.0036456 0.0000000 0.0020585 0.0000000 0.0029924 0.0000000 0.0169062 0.0035062 0.0143000 0.0000000 0.9254957 0.0070601 0.0107173
 70 G  70 0.0215143 0.0140901 0.0233183 0.0409598 0.0119321 0.0766078 0.0408689 0.6595860 0.0106123 0.0008498 0.0114662 0.0288492 0.0065847 0.0000000 0.0000000 0.0375753 0.0088435 0.0000000 0.0000000 0.0063418
 71 R  71 0.0546826 0.1282704 0.0477388 0.0607572 0.0183598 0.0860475 0.0944349 0.0151915 0.0223885 0.0099062 0.0226309 0.0963780 0.0117712 0.0000000 0.1108462 0.0959701 0.0748656 0.0122317 0.0110452 0.0264838
 72 E  72 0.0439349 0.0108198 0.0083034 0.0054391 0.0000000 0.0096834 0.8118018 0.0103931 0.0017572 0.0036393 0.0119327 0.0261658 0.0024174 0.0000000 0.0121135 0.0185037 0.0098826 0.0000000 0.0072194 0.0059929
 73 E  73 0.0266781 0.0080657 0.0012070 0.0342551 0.0000000 0.0844250 0.6582647 0.0046704 0.0383401 0.0279671 0.0339796 0.0240112 0.0046752 0.0046454 0.0000000 0.0000000 0.0038917 0.0000000 0.0011601 0.0437635
 74 R  74 0.0046059 0.5598260 0.0306630 0.0034770 0.0033752 0.0245985 0.0103309 0.0043100 0.0075518 0.0629012 0.0074852 0.0910525 0.0024960 0.0149895 0.0043358 0.0367197 0.0674791 0.0029990 0.0104813 0.0503224
 75 Q  75 0.0179188 0.0174586 0.0377148 0.0586518 0.0869341 0.0246852 0.1549228 0.0229855 0.0855591 0.0290720 0.0386727 0.0680582 0.0068657 0.0211130 0.0174186 0.1615781 0.0693744 0.0178319 0.0258857 0.0372991
 76 S  76 0.0581795 0.0451598 0.0315847 0.0472334 0.0078115 0.0427278 0.0274455 0.1553234 0.0381956 0.0350532 0.0345768 0.0431750 0.0413006 0.0190855 0.1198430 0.1213220 0.0338500 0.0312456 0.0399201 0.0269669
 77 V  77 0.0411846 0.0334171 0.0807469 0.0496925 0.0146173 0.0243432 0.0440931 0.1346299 0.0871035 0.0150004 0.0142936 0.0740320 0.0000000 0.0167753 0.1512902 0.0707237 0.0258697 0.0029406 0.0861157 0.0331307
 78 F  78 0.0137302 0.0203959 0.1025538 0.0074142 0.0356464 0.0167524 0.0105925 0.0024272 0.0046097 0.0311947 0.0986111 0.0008295 0.1548236 0.3737774 0.0028372 0.0215887 0.0247812 0.0127318 0.0250345 0.0396679
 79 P  79 0.0214427 0.0048842 0.0277161 0.0045125 0.0172396 0.0013928 0.0037570 0.0089671 0.0091682 0.0044092 0.0467661 0.0109868 0.0010020 0.0083838 0.7349130 0.0347231 0.0190594 0.0229020 0.0014417 0.0163328
 80 F  80 0.0000000 0.0014512 0.0012863 0.0000000 0.0049589 0.0000000 0.0029341 0.0000000 0.0000000 0.0801849 0.1223238 0.0050392 0.0075211 0.7013385 0.0026054 0.0056270 0.0051395 0.0131122 0.0271081 0.0193699
 81 E  81 0.0649878 0.0831556 0.0154929 0.0132894 0.0083901 0.1555646 0.0898823 0.0243604 0.0553840 0.0429229 0.0292298 0.1100316 0.0214768 0.0240866 0.0157983 0.0783713 0.0469460 0.0000000 0.0241400 0.0964897
 82 S  82 0.0684391 0.1662805 0.0074361 0.0497162 0.0138867 0.0714210 0.0749733 0.0049630 0.0280722 0.0092496 0.0348667 0.1433745 0.0102361 0.0246962 0.2209918 0.0399146 0.0123161 0.0013695 0.0066308 0.0111662
 83 G  83 0.0046879 0.0156490 0.0730113 0.0678657 0.0012250 0.0294974 0.0536731 0.6716591 0.0116127 0.0000000 0.0049682 0.0207777 0.0015235 0.0018088 0.0027320 0.0247553 0.0066010 0.0000000 0.0079524 0.0000000
 84 K  84 0.0548974 0.1045763 0.0241603 0.0555015 0.0054072 0.2155793 0.1511255 0.0127927 0.0168109 0.0167843 0.0076914 0.1268433 0.0330910 0.0039864 0.0077835 0.0963954 0.0389629 0.0000000 0.0116329 0.0159777
 85 P  85 0.0481926 0.0214421 0.0486459 0.0473282 0.0000000 0.0490830 0.0833501 0.0204205 0.0339393 0.0162570 0.0625496 0.0170945 0.0071964 0.0521757 0.2554201 0.0893360 0.0628316 0.0000000 0.0537957 0.0309416
 86 F  86 0.0353234 0.0000000 0.0000000 0.0000000 0.0065605 0.0000000 0.0016829 0.0000000 0.0080921 0.0109802 0.0064506 0.0021728 0.0095595 0.8309291 0.0080547 0.0089011 0.0184781 0.0000000 0.0237660 0.0290492
 87 K  87 0.0209586 0.0337062 0.0281695 0.1473672 0.0161195 0.0404674 0.2654526 0.0039246 0.0248848 0.0092136 0.0416544 0.1100185 0.0144298 0.0049546 0.0000000 0.0468420 0.0964510 0.0050913 0.0060493 0.0842452
 88 I  88 0.0364682 0.0000000 0.0000000 0.0000000 0.0029172 0.0000000 0.0034389 0.0000000 0.0000000 0.2879352 0.3784705 0.0000000 0.0909384 0.0146897 0.0000000 0.0030851 0.0037556 0.0000000 0.0000000 0.1783011
 89 Q  89 0.0495499 0.0937203 0.0066511 0.0055545 0.0505440 0.0720820 0.1019629 0.0045061 0.0117282 0.0838495 0.1011384 0.0556124 0.0319211 0.0096661 0.0040406 0.0841127 0.1421799 0.0110994 0.0149711 0.0651099
 90 V  90 0.0000000 0.0000000 0.0000000 0.0000000 0.0036082 0.0000000 0.0000000 0.0000000 0.0000000 0.5475530 0.1191255 0.0000000 0.0147564 0.1633815 0.0000000 0.0000000 0.0073420 0.0000000 0.0017411 0.1424922
 91 L  91 0.0388185 0.1303364 0.0135030 0.0031993 0.0011143 0.0242969 0.0339253 0.0152901 0.0355344 0.0635094 0.2496418 0.0253254 0.0380791 0.0253330 0.0000000 0.0731871 0.0809820 0.0177189 0.0481791 0.0820257
 92 V  92 0.1525523 0.0193126 0.0487155 0.0114430 0.2157681 0.0000000 0.0000000 0.0023011 0.0036324 0.0533588 0.0377813 0.0083007 0.0046256 0.1203486 0.0034752 0.0312171 0.0250102 0.0048723 0.0082348 0.2490504
 93 E  93 0.0224513 0.0202284 0.0425842 0.1066564 0.0109368 0.0878137 0.1911362 0.1364164 0.0612333 0.0074230 0.0893161 0.0257660 0.0061175 0.0085646 0.0010154 0.0253522 0.1401449 0.0000000 0.0120641 0.0047793
 94 P  94 0.0882449 0.0267689 0.0700938 0.0875784 0.0036034 0.0628189 0.1598324 0.0571546 0.0605919 0.0135299 0.0361593 0.0527223 0.0112945 0.0072680 0.0859746 0.0764888 0.0318388 0.0035701 0.0295493 0.0349171
 95 D  95 0.0327738 0.0450794 0.0936626 0.2446416 0.0044922 0.0384379 0.1856866 0.0616511 0.0652331 0.0012305 0.0083747 0.0450448 0.0072546 0.0054287 0.0152485 0.0677231 0.0418535 0.0012921 0.0296772 0.0052139
 96 H  96 0.0590856 0.0541651 0.0226053 0.0358784 0.0727258 0.0382885 0.1282730 0.2004819 0.1052561 0.0045755 0.0017436 0.0912946 0.0058108 0.0084790 0.0000000 0.0910072 0.0208620 0.0024798 0.0420402 0.0149477
 97 F  97 0.0098893 0.0000000 0.0000000 0.0000000 0.0051706 0.0000000 0.0000000 0.0000000 0.0105908 0.0795131 0.0530564 0.0000000 0.0100812 0.4942413 0.0000000 0.0156571 0.0000000 0.0014218 0.2856289 0.0347496
 98 K  98 0.0032550 0.0736289 0.0163708 0.0212138 0.0013125 0.1640276 0.0857831 0.0107752 0.1114729 0.0218171 0.0579903 0.2839100 0.0123190 0.0042850 0.0012121 0.0332375 0.0558634 0.0034875 0.0141358 0.0239027
 99 V  99 0.0171902 0.0000000 0.0000000 0.0000000 0.0031217 0.0000000 0.0000000 0.0018320 0.0000000 0.3567709 0.0630085 0.0000000 0.0493965 0.0110629 0.0000000 0.0000000 0.0218645 0.0041012 0.0015530 0.4700986
100 A 100 0.2157533 0.0115644 0.0261836 0.0100265 0.0096648 0.0095506 0.0118457 0.0064321 0.0379421 0.0319788 0.0230573 0.0494738 0.0397591 0.1448014 0.0026306 0.1039726 0.1042409 0.0110733 0.1136918 0.0363575
101 V 101 0.0539352 0.0000000 0.0019672 0.0000000 0.0070931 0.0000000 0.0027666 0.0212331 0.0012924 0.1295748 0.1420131 0.0026342 0.0181163 0.0368296 0.0000000 0.0084359 0.0064427 0.0000000 0.0025962 0.5650696
102 N 102 0.0024368 0.0000000 0.6235014 0.1829082 0.0018255 0.0175729 0.0213024 0.0485272 0.0090949 0.0000000 0.0031731 0.0023659 0.0000000 0.0000000 0.0642671 0.0174592 0.0016296 0.0020452 0.0018906 0.0000000
103 D 103 0.0057627 0.0249257 0.0564349 0.1594485 0.0000000 0.0268082 0.0367027 0.6083948 0.0185788 0.0000000 0.0000000 0.0215008 0.0000000 0.0041035 0.0023443 0.0252922 0.0019690 0.0038987 0.0038353 0.0000000
104 A 104 0.0691020 0.1033597 0.0583885 0.0166752 0.0107402 0.1499047 0.0631249 0.0670919 0.0637554 0.0291993 0.0100210 0.1498638 0.0077599 0.0096830 0.0000000 0.0608791 0.0288567 0.0013028 0.0181475 0.0821444
105 H 105 0.0083297 0.0388351 0.0286790 0.0127468 0.0046182 0.0625033 0.0748377 0.0184339 0.4020217 0.0042560 0.0544019 0.0539694 0.0078895 0.0419965 0.0712632 0.0355534 0.0114760 0.0102293 0.0492635 0.0086961
106 L 106 0.0126958 0.0015485 0.0019067 0.0044131 0.0229886 0.0322212 0.0367087 0.0000000 0.0243417 0.1217950 0.2013221 0.0045353 0.0182349 0.2577077 0.0067961 0.0210667 0.0287200 0.0010631 0.0787554 0.1231794
107 L 107 0.1131700 0.0019462 0.0070341 0.0068457 0.1074642 0.0000000 0.0095673 0.0688457 0.0339215 0.0488711 0.1616293 0.0306303 0.0229104 0.0984458 0.0054442 0.0105911 0.1415334 0.0000000 0.0667144 0.0644354
108 Q 108 0.0401036 0.0200492 0.0516558 0.1209708 0.0041157 0.0914489 0.1984753 0.0097937 0.0567747 0.0095971 0.0171566 0.0629856 0.0066820 0.0078981 0.0071297 0.1562026 0.1029477 0.0043662 0.0210792 0.0105676
109 Y 109 0.0000000 0.0000000 0.0008215 0.0000000 0.0000000 0.0094846 0.0029012 0.0000000 0.0000000 0.0023133 0.0154125 0.0064069 0.0018199 0.6107966 0.0014555 0.0020656 0.0161673 0.0000000 0.3303551 0.0000000
110 N 110 0.1453075 0.0657387 0.0928111 0.0210153 0.0000000 0.0201049 0.0602644 0.0355458 0.0246657 0.0095894 0.0109081 0.1514094 0.0033145 0.0109132 0.1582305 0.0728424 0.0426103 0.0042851 0.0295431 0.0409007
111 H 111 0.0081056 0.0017316 0.0759037 0.0024017 0.0072266 0.0096435 0.0228846 0.0030006 0.5544086 0.0107980 0.0181810 0.0124922 0.0043814 0.0389326 0.0123765 0.0075342 0.0000000 0.0075930 0.1963985 0.0060060
112 R 112 0.0038044 0.8591721 0.0052812 0.0058554 0.0095538 0.0265713 0.0019245 0.0057795 0.0177647 0.0000000 0.0024515 0.0189514 0.0000000 0.0024412 0.0133816 0.0123822 0.0146852 0.0000000 0.0000000 0.0000000
113 V 113 0.0122898 0.0000000 0.0133491 0.0218088 0.0016790 0.0419149 0.0084290 0.0134848 0.0216819 0.1413317 0.3097522 0.0090656 0.0702793 0.0588066 0.0095253 0.0132957 0.0661548 0.0041197 0.0361295 0.1469024
114 K 114 0.0453598 0.1033142 0.0199776 0.0357480 0.0149863 0.0838219 0.0649185 0.1755057 0.0125624 0.0000000 0.0383432 0.1135673 0.0055974 0.0328851 0.1094323 0.0750383 0.0395308 0.0000000 0.0044685 0.0249427
115 K 115 0.0635177 0.0046013 0.0772981 0.0708342 0.0000000 0.0152511 0.0304781 0.0129381 0.0121109 0.0020042 0.0033728 0.0194698 0.0015314 0.0240009 0.5447179 0.0833252 0.0265459 0.0000000 0.0000000 0.0080026
116 L 116 0.0200526 0.0065442 0.0067177 0.0117539 0.0073360 0.0072830 0.0000000 0.0119197 0.0014194 0.0612685 0.4948547 0.0012907 0.0297446 0.1079242 0.0150328 0.0136997 0.0046985 0.0429152 0.0880197 0.0675250
117 N 117 0.0527492 0.0468195 0.0601229 0.0744898 0.0000000 0.0984198 0.2403989 0.0475096 0.0587892 0.0063758 0.0071854 0.0364691 0.0034519 0.0000000 0.0243382 0.1669609 0.0436616 0.0138103 0.0148156 0.0036324
118 E 118 0.0939194 0.1017341 0.0561064 0.1224541 0.0040009 0.0837106 0.0668284 0.0350389 0.0245291 0.0104867 0.0621861 0.0954659 0.0250666 0.0119143 0.0017396 0.1314520 0.0445111 0.0085202 0.0046614 0.0156743
119 I 119 0.0681143 0.0000000 0.0000000 0.0000000 0.0019534 0.0000000 0.0000000 0.0043686 0.0000000 0.4506885 0.0647982 0.0000000 0.0013514 0.0045235 0.0038732 0.0021851 0.0121335 0.0000000 0.0354646 0.3505457
120 S 120 0.0209312 0.1149645 0.1242677 0.2039900 0.0162938 0.0516372 0.0352691 0.0272293 0.0126088 0.0089175 0.0038753 0.0846000 0.0063162 0.0044102 0.0057459 0.0948833 0.1674223 0.0000000 0.0017959 0.0148419
121 K 121 0.0917856 0.0418532 0.0280593 0.0036094 0.0053315 0.0248439 0.0546177 0.0866355 0.0908590 0.0189663 0.0347081 0.0328145 0.0506464 0.0467105 0.0000000 0.0720658 0.1861046 0.0049292 0.1027543 0.0227053
122 L 122 0.0082712 0.0000000 0.0000000 0.0000000 0.0024677 0.0000000 0.0000000 0.0000000 0.0000000 0.2135867 0.4944321 0.0000000 0.0400094 0.0425612 0.0000000 0.0000000 0.0000000 0.0000000 0.0000000 0.1986716
123 G 123 0.0544596 0.0948943 0.0415061 0.0211296 0.0226520 0.1280914 0.1763608 0.0674597 0.0299342 0.0156831 0.0259275 0.0520865 0.0033190 0.0130324 0.0000000 0.1185285 0.0499753 0.0086720 0.0477166 0.0285714
124 I 124 0.0257425 0.0000000 0.0000000 0.0000000 0.0166577 0.0000000 0.0000000 0.0046900 0.0000000 0.4101836 0.1020792 0.0000000 0.0213696 0.0203789 0.0000000 0.0072652 0.0066680 0.0000000 0.0000000 0.3849652
125 S 125 0.0569097 0.0607962 0.0929933 0.1183865 0.0099161 0.0438032 0.0658222 0.0547363 0.0163821 0.0090590 0.0330580 0.0852134 0.0108768 0.0217656 0.0031768 0.1389911 0.0601152 0.0556873 0.0480304 0.0142805
126 G 126 0.0041312 0.0360589 0.0121999 0.0487822 0.0000000 0.0032044 0.0148475 0.8353478 0.0016896 0.0000000 0.0015808 0.0047141 0.0029415 0.0000000 0.0054533 0.0195180 0.0014429 0.0000000 0.0053740 0.0027137
127 D 127 0.0130948 0.0133287 0.0567628 0.6553551 0.0111548 0.0167532 0.0241789 0.0829495 0.0088440 0.0023682 0.0077060 0.0285312 0.0079724 0.0013264 0.0046281 0.0533193 0.0102155 0.0000000 0.0000000 0.0015109
128 I 128 0.0436458 0.0021332 0.0000000 0.0000000 0.0188612 0.0000000 0.0000000 0.0027757 0.0114634 0.2309093 0.1599778 0.0000000 0.0192957 0.0521677 0.0012540 0.0000000 0.0053090 0.0175919 0.0000000 0.4346151
129 D 129 0.0183009 0.0781400 0.0512388 0.0889633 0.0036064 0.1514868 0.1420892 0.0049751 0.0495705 0.0198914 0.0244286 0.1049663 0.0060116 0.0053100 0.0000000 0.0895440 0.0963919 0.0012835 0.0124720 0.0513294
130 L 130 0.0000000 0.0000000 0.0000000 0.0114377 0.0000000 0.0000000 0.0053008 0.0000000 0.0000000 0.2411740 0.4702382 0.0025011 0.0109002 0.0170474 0.0000000 0.0000000 0.0000000 0.0000000 0.0027570 0.2386437
131 T 131 0.0221010 0.0250172 0.0519321 0.0726001 0.0087068 0.0669362 0.0510761 0.0091172 0.0985769 0.0307744 0.0602606 0.0494367 0.0027454 0.0291524 0.0033604 0.1030483 0.1960299 0.0166709 0.0788519 0.0236053
132 S 132 0.0688726 0.0261720 0.0451043 0.0377286 0.0418138 0.0503535 0.0532885 0.0470166 0.0216919 0.0018843 0.0269948 0.0654353 0.0035156 0.0221693 0.0000000 0.3908242 0.0353670 0.0000000 0.0559724 0.0057953
133 A 133 0.0289238 0.0000000 0.0000000 0.0000000 0.0023573 0.0000000 0.0000000 0.0000000 0.0000000 0.3310149 0.0474229 0.0000000 0.0204429 0.0561984 0.0052298 0.0000000 0.0000000 0.0000000 0.0000000 0.5084101
134 S 134 0.0528851 0.0355969 0.0562082 0.0140253 0.0085988 0.1103775 0.1508329 0.0579629 0.1238209 0.0065133 0.0237591 0.0867042 0.0025599 0.0018585 0.0000000 0.1421482 0.1014980 0.0000000 0.0020143 0.0226359
135 Y 135 0.0076580 0.0078831 0.0000000 0.0000000 0.0000000 0.0147060 0.0000000 0.0000000 0.0344496 0.1541368 0.0505566 0.0000000 0.0675131 0.3876773 0.0129043 0.0060477 0.0054799 0.0612001 0.1398345 0.0499530
136 T 136 0.0273478 0.0451769 0.0067659 0.0056012 0.0405801 0.1791965 0.2556306 0.0167060 0.0000000 0.0000000 0.0354417 0.0135842 0.0000000 0.0000000 0.0000000 0.2102874 0.1570550 0.0000000 0.0000000 0.0066267
137 M 137 0.0000000 0.0000000 0.3155168 0.0095030 0.0000000 0.0950676 0.0000000 0.0347231 0.0000000 0.0188256 0.0141489 0.0000000 0.2010531 0.0990620 0.0000000 0.0159225 0.0397003 0.0000000 0.1564771 0.0000000
138 I 138 0.0000000 0.0000000 0.0000000 0.0000000 0.0000000 0.0000000 0.0000000 0.0000000 0.0000000 0.4803701 0.2249555 0.0000000 0.1097887 0.0000000 0.0000000 0.0000000 0.0000000 0.0000000 0.0000000 0.1848858
