  119         A         R         N         D         C         Q         E         G         H         I         L         K         M         F         P         S         T         W         Y         V         X    
  1 G   1 0.0000000 0.0000000 0.0000000 0.0000000 0.0000000 0.0000000 0.0000000 0.0379628 0.0000000 0.0000000 0.0000000 0.0000000 0.0000000 0.0000000 0.0000000 0.0000000 0.0000000 0.0000000 0.0000000 0.0000000 0.9620372
  2 Q   2 0.0000000 0.0000000 0.0000000 0.0000000 0.0000000 0.0796980 0.0000000 0.0000000 0.0000000 0.0000000 0.0000000 0.0000000 0.0000000 0.0000000 0.0000000 0.0000000 0.0000000 0.0000000 0.0000000 0.0000000 0.9203020
  3 D   3 0.0000000 0.0000000 0.0000000 0.1235518 0.0000000 0.0232198 0.0000000 0.0000000 0.0000000 0.0000000 0.0000000 0.0000000 0.0000000 0.0000000 0.0000000 0.0000000 0.0000000 0.0000000 0.0000000 0.0000000 0.8532284
  4 S   4 0.0000000 0.0000000 0.0000000 0.0000000 0.0000000 0.0000000 0.0000000 0.0000000 0.0000000 0.0000000 0.0451790 0.0000000 0.0000000 0.0000000 0.0000000 0.1015926 0.0000000 0.0000000 0.0000000 0.0000000 0.8532284
  5 L   5 0.0000000 0.0000000 0.0000000 0.0000000 0.0000000 0.0000000 0.0000000 0.0000000 0.0000000 0.0000000 0.1235518 0.0000000 0.0000000 0.0232198 0.0000000 0.0000000 0.0000000 0.0000000 0.0000000 0.0000000 0.8532284
  6 S   6 0.0000000 0.0000000 0.0000000 0.0000000 0.0000000 0.0000000 0.0000000 0.0000000 0.0000000 0.0000000 0.0000000 0.0000000 0.0000000 0.0000000 0.0000000 0.0993358 0.0474358 0.0000000 0.0000000 0.0000000 0.8532284
  7 V   7 0.0000000 0.0000000 0.0000000 0.0000000 0.0000000 0.0000000 0.0000000 0.0000000 0.0000000 0.0000000 0.0000000 0.0000000 0.0000000 0.0000000 0.0000000 0.0000000 0.0000000 0.0000000 0.0000000 0.1481000 0.8519000
  8 A   8 0.1042440 0.0000000 0.0000000 0.0000000 0.0000000 0.0000000 0.0000000 0.0000000 0.0000000 0.0000000 0.0000000 0.0000000 0.0000000 0.0000000 0.0000000 0.0218947 0.0219614 0.0000000 0.0000000 0.0000000 0.8519000
  9 D   9 0.0000000 0.0000000 0.0000000 0.1235518 0.0000000 0.0245482 0.0000000 0.0000000 0.0000000 0.0000000 0.0000000 0.0000000 0.0000000 0.0000000 0.0000000 0.0000000 0.0000000 0.0000000 0.0000000 0.0000000 0.8519000
 10 Y  10 0.0000000 0.0000000 0.0000000 0.0000000 0.0000000 0.0245482 0.0000000 0.0000000 0.0000000 0.0000000 0.0000000 0.0000000 0.0000000 0.0000000 0.0000000 0.0000000 0.0000000 0.0000000 0.1235518 0.0000000 0.8519000
 11 G  11 0.0000000 0.0000000 0.0000000 0.0000000 0.0000000 0.0000000 0.0000000 0.2078581 0.0000000 0.0000000 0.0000000 0.0000000 0.0000000 0.0000000 0.0000000 0.0245482 0.0000000 0.0000000 0.0000000 0.0000000 0.7675937
 12 W  12 0.0000000 0.0000000 0.0197233 0.0000000 0.0000000 0.0000000 0.0000000 0.0000000 0.0000000 0.0000000 0.0245482 0.0000000 0.0000000 0.0000000 0.0000000 0.0826975 0.0000000 0.2085124 0.0000000 0.0000000 0.6645186
 13 P  13 0.0000000 0.0000000 0.0299991 0.0000000 0.0000000 0.0000000 0.0197233 0.0000000 0.0000000 0.0000000 0.0390775 0.0000000 0.0232198 0.0000000 0.2071407 0.0329944 0.0245482 0.0000000 0.0000000 0.0000000 0.6232971
 14 N  14 0.0000000 0.0000000 0.1376739 0.1061071 0.0219670 0.0156119 0.0232198 0.0410351 0.0000000 0.0000000 0.0000000 0.0143872 0.0000000 0.0000000 0.0000000 0.0197233 0.0329944 0.0000000 0.0000000 0.0000000 0.5872803
 15 D  15 0.0000000 0.0000000 0.0519370 0.2678084 0.0000000 0.0000000 0.0207922 0.0000000 0.0000000 0.0000000 0.0000000 0.0210160 0.0000000 0.0000000 0.0000000 0.0511661 0.0000000 0.0000000 0.0000000 0.0000000 0.5872803
 16 V  16 0.0152246 0.0197233 0.0000000 0.0000000 0.0000000 0.0000000 0.0000000 0.0000000 0.0000000 0.0407029 0.0586013 0.0000000 0.1514878 0.0000000 0.0000000 0.0000000 0.0000000 0.0000000 0.0000000 0.1417882 0.5724719
 17 D  17 0.0451145 0.0000000 0.0778019 0.0806942 0.0000000 0.0362407 0.0777292 0.0000000 0.0000000 0.0000000 0.0000000 0.0000000 0.0000000 0.0000000 0.0000000 0.0720269 0.0147453 0.0000000 0.0000000 0.0207922 0.5748552
 18 Q  18 0.0000000 0.0000000 0.0141035 0.0245482 0.0000000 0.1721273 0.0000000 0.0000000 0.0197233 0.0000000 0.0000000 0.0520758 0.0000000 0.0000000 0.0000000 0.0560300 0.0629935 0.0000000 0.0000000 0.0181145 0.5802839
 19 S  19 0.0574711 0.1014989 0.0405154 0.0000000 0.0141035 0.0000000 0.0000000 0.0428577 0.0000000 0.0000000 0.0000000 0.0000000 0.0000000 0.0000000 0.0232198 0.0976997 0.0503879 0.0000000 0.0000000 0.0000000 0.5722459
 20 H  20 0.0245482 0.0000000 0.0000000 0.0210160 0.0491175 0.0197233 0.0000000 0.0000000 0.1667321 0.0629935 0.0000000 0.0000000 0.0000000 0.0209630 0.0000000 0.0394406 0.0000000 0.0000000 0.0000000 0.0000000 0.5954658
 21 L  21 0.0000000 0.0000000 0.0317394 0.0000000 0.0000000 0.0744549 0.0197233 0.0210160 0.0000000 0.0586595 0.1501135 0.0000000 0.0000000 0.0000000 0.0000000 0.0000000 0.0000000 0.0817981 0.0000000 0.0152246 0.5472707
 22 D  22 0.0000000 0.0000000 0.0437069 0.1236049 0.0000000 0.0141035 0.0000000 0.0481475 0.0000000 0.0219670 0.0000000 0.0164869 0.0000000 0.0000000 0.1192812 0.0546532 0.0419219 0.0000000 0.0000000 0.0000000 0.5161269
 23 S  23 0.0165383 0.0000000 0.0109473 0.0164869 0.0000000 0.0152246 0.0827168 0.0141035 0.0000000 0.0000000 0.0000000 0.0083998 0.0000000 0.0000000 0.1047515 0.2379242 0.0000000 0.0000000 0.0000000 0.0000000 0.4929071
 24 S  24 0.0000000 0.0165383 0.0389404 0.0412748 0.0000000 0.0152246 0.0147453 0.1014442 0.0677347 0.0000000 0.0000000 0.0000000 0.0000000 0.0000000 0.0000000 0.1406212 0.0000000 0.0000000 0.0629935 0.0219670 0.4785158
 25 D  25 0.0000000 0.0000000 0.0000000 0.1041715 0.0219670 0.0349479 0.1375299 0.0148084 0.0000000 0.0000000 0.0000000 0.0392823 0.0248554 0.0210160 0.0000000 0.0164869 0.0000000 0.0000000 0.0000000 0.0862134 0.4987213
 26 M  26 0.0000000 0.0147453 0.0248554 0.0000000 0.0242160 0.0874958 0.0165383 0.0000000 0.0000000 0.0076294 0.0358245 0.0000000 0.0783728 0.0374499 0.0152246 0.0542428 0.0000000 0.0000000 0.0197233 0.1030750 0.4806068
 27 F  27 0.0000000 0.0245482 0.0000000 0.0000000 0.0000000 0.0936760 0.0000000 0.0000000 0.0392308 0.0000000 0.0647869 0.0000000 0.0197233 0.1848346 0.0000000 0.0477188 0.0000000 0.0000000 0.0181145 0.0219670 0.4853998
 28 D  28 0.0000000 0.0000000 0.0000000 0.1416663 0.0000000 0.1268813 0.0083336 0.0000000 0.0563404 0.0000000 0.0141035 0.0497224 0.0000000 0.0329944 0.0076294 0.0219670 0.0164869 0.0000000 0.0464639 0.0000000 0.4774109
 29 V  29 0.0954169 0.0178896 0.0000000 0.0000000 0.0299991 0.0152246 0.0000000 0.0000000 0.0000000 0.0525917 0.0528475 0.0230938 0.0181145 0.0447110 0.0000000 0.0148084 0.0231451 0.0000000 0.0000000 0.1650356 0.4471223
 30 D  30 0.0218947 0.0000000 0.0719840 0.0774411 0.0151048 0.0277122 0.0148084 0.0000000 0.0181145 0.0083998 0.0294697 0.1101858 0.0152246 0.0000000 0.0588323 0.0721873 0.0000000 0.0178896 0.0000000 0.0164869 0.4242641
 31 E  31 0.0231451 0.0000000 0.0210160 0.0000000 0.0000000 0.0169838 0.2358676 0.0076294 0.0000000 0.0000000 0.0317394 0.0649470 0.0000000 0.0000000 0.1479444 0.0312953 0.0000000 0.0000000 0.0219670 0.0000000 0.3974648
 32 L  32 0.0263541 0.0000000 0.0495327 0.0000000 0.0136512 0.0317394 0.0000000 0.0000000 0.0000000 0.0000000 0.2080653 0.0000000 0.0402036 0.0210160 0.0147453 0.1506178 0.0221739 0.0000000 0.0000000 0.0565942 0.3653064
 33 L  33 0.0630916 0.0000000 0.0000000 0.0000000 0.0000000 0.1362359 0.0142227 0.0486977 0.0000000 0.0000000 0.2048673 0.0000000 0.0000000 0.0000000 0.0000000 0.0693599 0.0148084 0.0000000 0.0147244 0.1023002 0.3316920
 34 R  34 0.0305023 0.0736664 0.0000000 0.0164869 0.0000000 0.1125665 0.0000000 0.2154342 0.0000000 0.0147244 0.0156119 0.0437600 0.0957743 0.0000000 0.0178896 0.0000000 0.0000000 0.0000000 0.0000000 0.0442794 0.3193041
 35 D  35 0.0000000 0.0000000 0.0097936 0.2149404 0.0000000 0.0890985 0.0000000 0.0428924 0.0000000 0.0227439 0.0000000 0.0000000 0.0433922 0.0000000 0.0000000 0.1511656 0.0156119 0.0000000 0.0219670 0.0294697 0.3589247
 36 L  36 0.0281002 0.0079890 0.0768156 0.0000000 0.0000000 0.0543754 0.0231451 0.0083336 0.0101310 0.0614568 0.1770466 0.0123879 0.0637510 0.0136512 0.0152246 0.0357404 0.0162970 0.0000000 0.0136143 0.0181145 0.3638256
 37 N  37 0.0000000 0.0281002 0.1875173 0.0000000 0.0083336 0.1711397 0.0660032 0.1074214 0.0219670 0.0000000 0.0000000 0.0504199 0.0000000 0.0147244 0.0000000 0.0574966 0.0000000 0.0000000 0.0180205 0.0000000 0.2688561
 38 G  38 0.0083336 0.0232198 0.0097936 0.0219670 0.0000000 0.1533319 0.0920483 0.2109539 0.0000000 0.0000000 0.0156119 0.0998747 0.0000000 0.0000000 0.0000000 0.0416528 0.0712070 0.0000000 0.0000000 0.0000000 0.2520054
 39 D  39 0.2333273 0.0000000 0.0000000 0.1038209 0.0000000 0.0615426 0.0000000 0.0000000 0.0000000 0.0000000 0.0394955 0.0334840 0.0000000 0.0000000 0.0242160 0.1659249 0.0000000 0.0000000 0.0000000 0.0719556 0.2662333
 40 D  40 0.0405318 0.0000000 0.0000000 0.0679951 0.0303669 0.0515839 0.0580994 0.0469600 0.0301012 0.0557514 0.0000000 0.0000000 0.0000000 0.0000000 0.2041942 0.0453851 0.0869781 0.0000000 0.0000000 0.0158197 0.2662333
 41 V  41 0.0691296 0.0240252 0.0525023 0.0000000 0.0430091 0.0219670 0.0000000 0.0270407 0.0245482 0.0227439 0.0213318 0.0147453 0.0512408 0.0437558 0.1400043 0.0636307 0.0335751 0.0000000 0.0000000 0.1056801 0.2410700
 42 F  42 0.0363583 0.0329434 0.0178679 0.0000000 0.0065066 0.0057833 0.0000000 0.0625480 0.0444215 0.0394587 0.1505967 0.0175547 0.0246020 0.0995755 0.0281002 0.1015833 0.0684321 0.0000000 0.0000000 0.0391360 0.2245316
 43 A  43 0.1235244 0.0246631 0.0000000 0.0000000 0.0165383 0.0242160 0.0392632 0.1493787 0.0162970 0.0227839 0.0230520 0.0219670 0.0394955 0.0000000 0.0136512 0.1074978 0.1071177 0.0000000 0.0000000 0.0670243 0.2035297
 44 G  44 0.0232082 0.0288748 0.0513138 0.0394807 0.0091878 0.1088324 0.0307470 0.1940480 0.0000000 0.0000000 0.0000000 0.0719679 0.0000000 0.0202055 0.0445304 0.1349124 0.0254489 0.0000000 0.0000000 0.0162970 0.2009451
 45 M  45 0.0240252 0.0103441 0.0162970 0.0402036 0.0000000 0.1573042 0.0824255 0.0657226 0.0238149 0.0141035 0.1446731 0.0101310 0.0147429 0.0000000 0.0757633 0.1432299 0.0000000 0.0000000 0.0000000 0.0000000 0.1772190
 46 S  46 0.0754891 0.0550501 0.1193120 0.0242160 0.0000000 0.0097936 0.0291406 0.0321531 0.0000000 0.0147244 0.0000000 0.0590352 0.0579376 0.0099387 0.0375443 0.1635669 0.1343197 0.0000000 0.0000000 0.0237823 0.1539963
 47 T  47 0.0348280 0.1134123 0.0476062 0.0000000 0.0000000 0.0921800 0.0374406 0.0813833 0.0164869 0.0000000 0.0491681 0.0741611 0.0202055 0.0000000 0.0786337 0.0706309 0.1262099 0.0000000 0.0000000 0.0253692 0.1322845
 48 T  48 0.0000000 0.1531317 0.0679760 0.0417352 0.0000000 0.0739160 0.0479816 0.0201578 0.0000000 0.0177539 0.0668703 0.1507444 0.0000000 0.0000000 0.0636027 0.0479268 0.0666477 0.0000000 0.0000000 0.0508241 0.1307317
 49 R  49 0.0794899 0.2823907 0.0768983 0.0000000 0.0000000 0.0429774 0.0000000 0.0506969 0.0000000 0.0181145 0.0202217 0.0546138 0.0000000 0.0000000 0.0000000 0.1091706 0.0419535 0.0000000 0.0000000 0.0989977 0.1244750
 50 P  50 0.0350922 0.0156119 0.0075238 0.0109473 0.0000000 0.0000000 0.0000000 0.1027204 0.0000000 0.0000000 0.0103441 0.0210160 0.0000000 0.0000000 0.5630371 0.0207922 0.0247377 0.0000000 0.0000000 0.0000000 0.1881773
 51 K  51 0.0178896 0.0665901 0.0780615 0.0000000 0.0181145 0.0212058 0.0000000 0.0692603 0.0136512 0.0000000 0.0000000 0.1792117 0.0000000 0.0136143 0.0000000 0.0805755 0.1730008 0.0000000 0.0647518 0.0299991 0.1740737
 52 S  52 0.0668406 0.0000000 0.0426356 0.0000000 0.0000000 0.0986423 0.0000000 0.0110865 0.0000000 0.0000000 0.0136143 0.0000000 0.0000000 0.0000000 0.0511940 0.4615450 0.0659808 0.0000000 0.0000000 0.0143872 0.1740737
 53 P  53 0.0303583 0.0299991 0.0545704 0.0000000 0.0000000 0.0097936 0.0232228 0.0000000 0.0162970 0.0000000 0.0000000 0.1156451 0.0000000 0.0000000 0.5018991 0.0111465 0.0178896 0.0000000 0.0000000 0.0151048 0.1740737
 54 W  54 0.0430580 0.0178896 0.0000000 0.0299991 0.0214779 0.0883795 0.0000000 0.0162970 0.0000000 0.0099318 0.0000000 0.0579457 0.0000000 0.0309553 0.0000000 0.1244024 0.0000000 0.3424296 0.0348570 0.0451083 0.1372688
 55 M  55 0.0000000 0.0292083 0.0000000 0.0178896 0.0000000 0.0000000 0.0000000 0.0000000 0.0000000 0.2185530 0.0422470 0.0000000 0.3044094 0.0000000 0.0000000 0.0000000 0.0115170 0.0000000 0.0219670 0.2466775 0.1075312
 56 P  56 0.0222460 0.0000000 0.0000000 0.0151048 0.0000000 0.0000000 0.0000000 0.0000000 0.0141035 0.0000000 0.0207600 0.0116374 0.0178896 0.0000000 0.4517817 0.2768231 0.0457749 0.0000000 0.0000000 0.0000000 0.1238790
 57 F  57 0.0000000 0.0000000 0.0000000 0.0000000 0.0000000 0.0000000 0.0000000 0.0000000 0.0000000 0.0110865 0.0601424 0.0000000 0.0000000 0.7714983 0.0000000 0.0000000 0.0000000 0.0000000 0.0136143 0.0348496 0.1088089
 58 P  58 0.0894135 0.0510124 0.0647518 0.0000000 0.0000000 0.0000000 0.0456300 0.0609917 0.0348510 0.0000000 0.0000000 0.0000000 0.0097936 0.0000000 0.3650717 0.1428041 0.0066658 0.0000000 0.0000000 0.0202055 0.1088089
 59 T  59 0.1025522 0.0345928 0.0212058 0.0165383 0.0000000 0.0000000 0.0099318 0.0000000 0.0000000 0.0296397 0.0390915 0.0673471 0.3073684 0.0000000 0.0000000 0.0265579 0.1232877 0.0000000 0.0000000 0.1130779 0.1088089
 60 L  60 0.0000000 0.0000000 0.0000000 0.0000000 0.0000000 0.0000000 0.0000000 0.0000000 0.0000000 0.0000000 0.8709856 0.0000000 0.0000000 0.0000000 0.0000000 0.0000000 0.0000000 0.0000000 0.0000000 0.0202055 0.1088089
 61 F  61 0.0000000 0.0000000 0.0000000 0.0000000 0.0000000 0.0000000 0.0000000 0.0000000 0.0153784 0.2014182 0.3179709 0.0000000 0.0413485 0.3029389 0.0000000 0.0000000 0.0000000 0.0000000 0.0000000 0.0121363 0.1088089
 62 A  62 0.2555964 0.0000000 0.0084861 0.0495800 0.0000000 0.0000000 0.0000000 0.0000000 0.0097340 0.0000000 0.0319167 0.0461391 0.0000000 0.0000000 0.2596520 0.1959003 0.0341866 0.0000000 0.0000000 0.0000000 0.1088089
 63 A  63 0.2736829 0.0090695 0.0000000 0.0000000 0.0000000 0.0000000 0.0629935 0.0000000 0.0000000 0.1602606 0.0362041 0.0613689 0.0662212 0.0100117 0.0000000 0.0520976 0.0532722 0.0000000 0.0000000 0.1060088 0.1088089
 64 I  64 0.0000000 0.0000000 0.0000000 0.0000000 0.0000000 0.0000000 0.0000000 0.0000000 0.0000000 0.3811681 0.4514718 0.0000000 0.0373454 0.0000000 0.0000000 0.0000000 0.0000000 0.0000000 0.0000000 0.0212058 0.1088089
 65 S  65 0.0141035 0.1448239 0.0000000 0.0000000 0.0000000 0.1615608 0.0292262 0.0000000 0.0000000 0.0412150 0.0207922 0.0813245 0.0281002 0.0000000 0.0000000 0.3073021 0.0165383 0.0000000 0.0000000 0.0462044 0.1088089
 66 H  66 0.0731516 0.0562080 0.1675736 0.0236758 0.0000000 0.0000000 0.0497599 0.0000000 0.0294560 0.0136143 0.0000000 0.2367769 0.0000000 0.0000000 0.1404452 0.0136512 0.0868786 0.0000000 0.0000000 0.0000000 0.1088089
 67 K  67 0.0000000 0.0000000 0.0394955 0.0000000 0.0097340 0.0821719 0.0111465 0.0000000 0.1746718 0.0419010 0.0301527 0.2002170 0.0400578 0.1253571 0.0000000 0.0714982 0.0000000 0.0136512 0.0000000 0.0511365 0.1088089
 68 V  68 0.0000000 0.0000000 0.0000000 0.0000000 0.0000000 0.0000000 0.0000000 0.0000000 0.0000000 0.0612786 0.5123896 0.0000000 0.0099387 0.0110865 0.0000000 0.0089948 0.0000000 0.0000000 0.0000000 0.2875029 0.1088089
 69 A  69 0.0788412 0.0000000 0.0171098 0.2110476 0.0000000 0.0000000 0.0097340 0.0462044 0.0165383 0.0000000 0.0000000 0.0212058 0.0000000 0.0000000 0.3769293 0.1135807 0.0000000 0.0000000 0.0000000 0.0000000 0.1088089
 70 E  70 0.0260356 0.1005176 0.0000000 0.0000000 0.0000000 0.0174809 0.0294560 0.0000000 0.0078894 0.0000000 0.0457485 0.1845903 0.0000000 0.0202055 0.2431345 0.1532948 0.0181145 0.0000000 0.0000000 0.0147244 0.1388080
 71 N  71 0.0882556 0.0000000 0.0813512 0.2488933 0.0080031 0.0268714 0.0594029 0.0000000 0.0116374 0.0000000 0.0089948 0.0859076 0.0000000 0.0000000 0.0237587 0.1507949 0.0578248 0.0000000 0.0000000 0.0394955 0.1088089
 72 D  72 0.0394955 0.1623454 0.0263541 0.1768430 0.0000000 0.0784783 0.0171793 0.0148084 0.0000000 0.0400578 0.0000000 0.2677673 0.0000000 0.0000000 0.0000000 0.0304323 0.0193152 0.0000000 0.0181145 0.0000000 0.1088089
 73 M  73 0.1015223 0.0232692 0.0000000 0.0977590 0.0299991 0.0000000 0.0310278 0.0264649 0.0000000 0.0777067 0.0714998 0.0245510 0.3381325 0.0202055 0.0000000 0.0099318 0.0128087 0.0000000 0.0000000 0.0263130 0.1088089
 74 L  74 0.0623367 0.0390768 0.0673435 0.1599788 0.0000000 0.0840414 0.1016167 0.0179214 0.0000000 0.0354302 0.0859434 0.0185920 0.1528254 0.0122438 0.0000000 0.0259067 0.0116374 0.0000000 0.0162970 0.0000000 0.1088089
 75 L  75 0.0000000 0.0000000 0.0000000 0.0141035 0.0000000 0.2582656 0.0492326 0.0000000 0.0100117 0.0168575 0.3482469 0.0000000 0.0381765 0.0000000 0.0000000 0.0132609 0.0511089 0.0000000 0.0426129 0.0493141 0.1088089
 76 I  76 0.0000000 0.0000000 0.0000000 0.0000000 0.0000000 0.0000000 0.0000000 0.0000000 0.0000000 0.2956984 0.4237583 0.0000000 0.0083247 0.0000000 0.0000000 0.0000000 0.0000000 0.0000000 0.0000000 0.1634097 0.1088089
 77 N  77 0.0322189 0.0673825 0.0871472 0.0283092 0.0089948 0.2402178 0.0790422 0.0000000 0.0457607 0.0458263 0.0625705 0.0148084 0.0000000 0.0394955 0.0000000 0.0727368 0.0239134 0.0000000 0.0114148 0.0313520 0.1088089
 78 A  78 0.0728200 0.0579521 0.0368242 0.0162970 0.0000000 0.0111465 0.0502047 0.0638301 0.0648381 0.0246020 0.0000000 0.1777889 0.0091511 0.0000000 0.0000000 0.0947270 0.2110095 0.0000000 0.0000000 0.0000000 0.1088089
 79 D  79 0.0000000 0.0000000 0.0188706 0.0554553 0.0263541 0.0562308 0.0000000 0.0069657 0.1425492 0.0315383 0.1945933 0.0000000 0.0000000 0.0288997 0.0000000 0.0882657 0.0726988 0.0136143 0.0904035 0.0647518 0.1088089
 80 Y  80 0.0000000 0.0000000 0.0000000 0.0000000 0.0477176 0.0000000 0.0000000 0.0000000 0.0429129 0.0000000 0.0225013 0.0000000 0.0000000 0.1047103 0.0000000 0.0000000 0.0000000 0.0647518 0.6085971 0.0000000 0.1088089
 81 Q  81 0.1982681 0.0406803 0.1042421 0.0996032 0.0116374 0.0628919 0.1944763 0.0000000 0.0000000 0.0000000 0.0202976 0.0822578 0.0000000 0.0000000 0.0000000 0.0372272 0.0281945 0.0000000 0.0000000 0.0114148 0.1088089
 82 Q  82 0.0156022 0.0536439 0.0072281 0.1486151 0.0329944 0.1293859 0.1721920 0.0000000 0.0000000 0.0212058 0.0341991 0.1922992 0.0000000 0.0000000 0.0000000 0.0143872 0.0355814 0.0000000 0.0000000 0.0338568 0.1088089
 83 L  83 0.0000000 0.0204096 0.0000000 0.0000000 0.0000000 0.0103441 0.0000000 0.0000000 0.0455537 0.0000000 0.3543403 0.0080031 0.0000000 0.3513254 0.0000000 0.0000000 0.0000000 0.0000000 0.1012149 0.0000000 0.1088089
 84 R  84 0.0153784 0.3496749 0.0000000 0.0000000 0.0000000 0.0619118 0.0000000 0.0000000 0.0116374 0.0000000 0.0000000 0.4125308 0.0285408 0.0000000 0.0000000 0.0000000 0.0000000 0.0000000 0.0000000 0.0115170 0.1088089
 85 D  85 0.1158482 0.1731749 0.0287187 0.0548585 0.0000000 0.0202055 0.1336584 0.0000000 0.0000000 0.0078894 0.0000000 0.2392848 0.0299991 0.0000000 0.0000000 0.0618139 0.0257396 0.0000000 0.0000000 0.0000000 0.1088089
 86 K  86 0.0111465 0.1077445 0.2442856 0.0184711 0.0308260 0.0212058 0.0277579 0.1670330 0.0000000 0.0000000 0.0000000 0.2348974 0.0000000 0.0000000 0.0000000 0.0278232 0.0000000 0.0000000 0.0000000 0.0000000 0.1088089
 87 K  87 0.0000000 0.0881066 0.0000000 0.0000000 0.0000000 0.0571752 0.2160592 0.0147453 0.0148084 0.0091878 0.0000000 0.4911086 0.0000000 0.0000000 0.0000000 0.0000000 0.0000000 0.0000000 0.0000000 0.0000000 0.1088089
 88 M  88 0.0000000 0.0000000 0.0000000 0.0000000 0.0000000 0.0000000 0.0000000 0.0000000 0.0000000 0.5907401 0.0872488 0.0000000 0.0883320 0.0000000 0.0000000 0.0000000 0.0000000 0.0000000 0.0000000 0.1248701 0.1088089
 89 T  89 0.0429831 0.0314166 0.0465631 0.0000000 0.0000000 0.0000000 0.0000000 0.0181145 0.0647518 0.0000000 0.0166268 0.0629935 0.0000000 0.0000000 0.1367195 0.2971277 0.1638828 0.0000000 0.0000000 0.0100117 0.1088089
 90 R  90 0.0000000 0.5371301 0.0000000 0.0000000 0.0000000 0.0114148 0.0000000 0.0153784 0.0000000 0.0000000 0.0000000 0.3272677 0.0000000 0.0000000 0.0000000 0.0000000 0.0000000 0.0000000 0.0000000 0.0000000 0.1088089
 91 A  91 0.0532375 0.0000000 0.0338568 0.2846078 0.0084861 0.0309526 0.2358166 0.0399750 0.0355655 0.0000000 0.0408026 0.0069657 0.0000000 0.0086237 0.0207877 0.0416278 0.0164869 0.0000000 0.0000000 0.0333988 0.1088089
 92 E  92 0.0227439 0.0000000 0.0151532 0.1920953 0.0000000 0.2192914 0.2390468 0.0422038 0.0232136 0.0317657 0.0097340 0.0000000 0.0219670 0.0000000 0.0000000 0.0207922 0.0459561 0.0000000 0.0000000 0.0072281 0.1088089
 93 F  93 0.0000000 0.0000000 0.0000000 0.0000000 0.0122438 0.0000000 0.0000000 0.0000000 0.0000000 0.0181145 0.2907508 0.0000000 0.0619968 0.4868793 0.0000000 0.0000000 0.0000000 0.0212058 0.0000000 0.0000000 0.1088089
 94 V  94 0.0091511 0.0000000 0.0000000 0.0000000 0.0000000 0.0000000 0.0162970 0.0000000 0.0000000 0.2529825 0.1127262 0.0000000 0.0000000 0.0153784 0.0000000 0.0000000 0.0281002 0.0000000 0.0069657 0.4495900 0.1088089
 95 R  95 0.0000000 0.4073196 0.0212058 0.0000000 0.0000000 0.1308261 0.0089948 0.0162970 0.0000000 0.0147453 0.0122438 0.2795588 0.0000000 0.0000000 0.0000000 0.0000000 0.0000000 0.0000000 0.0000000 0.0000000 0.1088089
 96 K  96 0.0153784 0.1259909 0.0000000 0.0000000 0.0000000 0.0627788 0.0000000 0.0099318 0.0582898 0.0000000 0.1094944 0.2505840 0.0220365 0.0629935 0.0219670 0.0251945 0.0183806 0.0000000 0.0000000 0.1081709 0.1088089
 97 L  97 0.0099318 0.0000000 0.0000000 0.0000000 0.0000000 0.0000000 0.0000000 0.0000000 0.0000000 0.1161997 0.3470329 0.0000000 0.2138470 0.0202055 0.0000000 0.0000000 0.0114148 0.0000000 0.0000000 0.1725594 0.1088089
 98 R  98 0.0000000 0.7430284 0.0000000 0.0000000 0.0000000 0.0000000 0.0000000 0.0000000 0.0000000 0.0394955 0.0000000 0.1086672 0.0000000 0.0000000 0.0000000 0.0000000 0.0000000 0.0000000 0.0000000 0.0000000 0.1088089
 99 V  99 0.0099318 0.0308260 0.1179181 0.0483058 0.0000000 0.1109368 0.0394197 0.0954637 0.0263541 0.0394955 0.1112754 0.0321730 0.0464407 0.0115170 0.0000000 0.0511071 0.0717029 0.0000000 0.0000000 0.0483236 0.1088089
100 I 100 0.0219670 0.0000000 0.0000000 0.0000000 0.0000000 0.0000000 0.0165383 0.0000000 0.0178896 0.6806950 0.0269662 0.0000000 0.0000000 0.0151048 0.0000000 0.0000000 0.0062013 0.0000000 0.0299991 0.0758297 0.1088089
101 V 101 0.1151183 0.0000000 0.0000000 0.0000000 0.0000000 0.0000000 0.0000000 0.0000000 0.0000000 0.0666423 0.0000000 0.0000000 0.0000000 0.0066769 0.0000000 0.0097340 0.0505056 0.0000000 0.0000000 0.6357606 0.1155624
102 G 102 0.0122438 0.0091511 0.0000000 0.0164869 0.0000000 0.0000000 0.0000000 0.8465559 0.0000000 0.0000000 0.0000000 0.0000000 0.0000000 0.0000000 0.0000000 0.0000000 0.0000000 0.0000000 0.0000000 0.0000000 0.1155624
103 D 103 0.0165383 0.0000000 0.0122438 0.7859427 0.0000000 0.0000000 0.0552248 0.0000000 0.0000000 0.0000000 0.0000000 0.0000000 0.0000000 0.0000000 0.0000000 0.0000000 0.0000000 0.0000000 0.0000000 0.0000000 0.1300504
104 D 104 0.0322833 0.0888245 0.0678861 0.0455728 0.0000000 0.2495210 0.0839731 0.0148084 0.0147244 0.0000000 0.0000000 0.2143010 0.0121363 0.0000000 0.0000000 0.0084861 0.0237815 0.0000000 0.0136512 0.0000000 0.1300504
105 L 105 0.0100117 0.0279532 0.0000000 0.0000000 0.0000000 0.0000000 0.0000000 0.0000000 0.0000000 0.0425593 0.3876265 0.0111465 0.1877141 0.0000000 0.0000000 0.0000000 0.0202055 0.0000000 0.0000000 0.1827328 0.1300504
106 L 106 0.0000000 0.0000000 0.0000000 0.0000000 0.0000000 0.0000000 0.0000000 0.0000000 0.0000000 0.0162970 0.8421357 0.0000000 0.0115170 0.0000000 0.0000000 0.0000000 0.0000000 0.0000000 0.0000000 0.0000000 0.1300504
107 R 107 0.0264256 0.1848925 0.0000000 0.0000000 0.0000000 0.0000000 0.0000000 0.0000000 0.0121363 0.1335133 0.0968112 0.2146300 0.0000000 0.0295882 0.0000000 0.0000000 0.0812967 0.0000000 0.0000000 0.0906558 0.1300504
108 S 108 0.0802597 0.0116374 0.0000000 0.0000000 0.0000000 0.1015274 0.0705302 0.0000000 0.0268825 0.0075238 0.0953048 0.0258709 0.0281002 0.0000000 0.0000000 0.3055619 0.0778019 0.0000000 0.0000000 0.0066658 0.1623335
109 T 109 0.3084614 0.0000000 0.0000000 0.0000000 0.0000000 0.0000000 0.0000000 0.0000000 0.0000000 0.1171102 0.0000000 0.0000000 0.0202055 0.0000000 0.0000000 0.0000000 0.2396659 0.0000000 0.0000000 0.1522235 0.1623335
110 I 110 0.1487614 0.0000000 0.0000000 0.0000000 0.0000000 0.0000000 0.0000000 0.0000000 0.0000000 0.4432015 0.1053039 0.0000000 0.0000000 0.0153784 0.0000000 0.0000000 0.0000000 0.0000000 0.0000000 0.1138748 0.1734800
111 T 111 0.0518199 0.0235831 0.0136143 0.0000000 0.0000000 0.0332193 0.0083247 0.0097340 0.0647518 0.0280950 0.0000000 0.2892482 0.0554768 0.0000000 0.0000000 0.0281002 0.1516126 0.0000000 0.0122438 0.0397487 0.1904276
112 T 112 0.0150451 0.1039276 0.0517154 0.0000000 0.0000000 0.0409596 0.0492326 0.0091511 0.0237815 0.0162970 0.0281757 0.2198866 0.0000000 0.0000000 0.0000000 0.1829108 0.0247551 0.0000000 0.0205117 0.0000000 0.2136504
113 L 113 0.0000000 0.0000000 0.0000000 0.0000000 0.0103441 0.0147244 0.0000000 0.0000000 0.0263386 0.0745752 0.3903742 0.0000000 0.0301373 0.0336395 0.0000000 0.0268953 0.0000000 0.0000000 0.0369599 0.1247450 0.2312665
114 Q 114 0.0000000 0.2014735 0.0000000 0.0000000 0.0000000 0.3507171 0.0000000 0.0274539 0.0776885 0.0000000 0.0000000 0.0171668 0.0000000 0.0647518 0.0000000 0.0000000 0.0153784 0.0000000 0.0000000 0.0000000 0.2453700
115 N 115 0.1142813 0.0000000 0.0645071 0.0426818 0.0285485 0.0914689 0.0000000 0.1188901 0.0268310 0.0000000 0.0272443 0.0099318 0.0000000 0.0263254 0.0123879 0.0790852 0.0247513 0.0000000 0.0250075 0.0207922 0.2872657
116 Q 116 0.0000000 0.0196727 0.0080031 0.0000000 0.0550066 0.1997732 0.0000000 0.0000000 0.0000000 0.0000000 0.0000000 0.2820399 0.0000000 0.0000000 0.0000000 0.0155899 0.0000000 0.0000000 0.0000000 0.0000000 0.4199145
117 P 117 0.0000000 0.0000000 0.0099387 0.0200372 0.0000000 0.0000000 0.0000000 0.0162970 0.0000000 0.0148084 0.0123965 0.0361278 0.0647518 0.0000000 0.1008573 0.0147453 0.0290618 0.0000000 0.0000000 0.0857756 0.5952026
118 K 118 0.0000000 0.0158763 0.0000000 0.0000000 0.0000000 0.1075255 0.0000000 0.0100117 0.0171098 0.0000000 0.0000000 0.0973106 0.0000000 0.0000000 0.0680282 0.0000000 0.0000000 0.0000000 0.0000000 0.0000000 0.6841379
119 S 119 0.0647518 0.0000000 0.0000000 0.0000000 0.0267382 0.0000000 0.0000000 0.0000000 0.0000000 0.0000000 0.0000000 0.0000000 0.0000000 0.0000000 0.0000000 0.0890166 0.0224420 0.0000000 0.0000000 0.0000000 0.7970515
