  119         A         R         N         D         C         Q         E         G         H         I         L         K         M         F         P         S         T         W         Y         V    
  1 G   1 0.0000000 0.0000000 0.0000000 0.0000000 0.0000000 0.0000000 0.0000000 1.0000000 0.0000000 0.0000000 0.0000000 0.0000000 0.0000000 0.0000000 0.0000000 0.0000000 0.0000000 0.0000000 0.0000000 0.0000000
  2 Q   2 0.0000000 0.0000000 0.0000000 0.0000000 0.0000000 1.0000000 0.0000000 0.0000000 0.0000000 0.0000000 0.0000000 0.0000000 0.0000000 0.0000000 0.0000000 0.0000000 0.0000000 0.0000000 0.0000000 0.0000000
  3 D   3 0.0000000 0.0000000 0.0000000 0.7510769 0.0000000 0.2489231 0.0000000 0.0000000 0.0000000 0.0000000 0.0000000 0.0000000 0.0000000 0.0000000 0.0000000 0.0000000 0.0000000 0.0000000 0.0000000 0.0000000
  4 S   4 0.0000000 0.0000000 0.0000000 0.0000000 0.0000000 0.0000000 0.0000000 0.0000000 0.0000000 0.0000000 0.2405994 0.0000000 0.0000000 0.0000000 0.0000000 0.7594006 0.0000000 0.0000000 0.0000000 0.0000000
  5 L   5 0.0000000 0.0000000 0.0000000 0.0000000 0.0000000 0.0000000 0.0000000 0.0000000 0.0000000 0.0000000 0.7510769 0.0000000 0.0000000 0.2489231 0.0000000 0.0000000 0.0000000 0.0000000 0.0000000 0.0000000
  6 S   6 0.0000000 0.0000000 0.0000000 0.0000000 0.0000000 0.0000000 0.0000000 0.0000000 0.0000000 0.0000000 0.0000000 0.0000000 0.0000000 0.0000000 0.0000000 0.6141543 0.3858457 0.0000000 0.0000000 0.0000000
  7 V   7 0.0000000 0.0000000 0.0000000 0.0000000 0.0000000 0.0000000 0.0000000 0.0000000 0.0000000 0.0000000 0.0000000 0.0000000 0.0000000 0.0000000 0.0000000 0.0000000 0.0000000 0.0000000 0.0000000 1.0000000
  8 A   8 0.7568495 0.0000000 0.0000000 0.0000000 0.0000000 0.0000000 0.0000000 0.0000000 0.0000000 0.0000000 0.0000000 0.0000000 0.0000000 0.0000000 0.0000000 0.1192768 0.1238737 0.0000000 0.0000000 0.0000000
  9 D   9 0.0000000 0.0000000 0.0000000 0.7527774 0.0000000 0.2472226 0.0000000 0.0000000 0.0000000 0.0000000 0.0000000 0.0000000 0.0000000 0.0000000 0.0000000 0.0000000 0.0000000 0.0000000 0.0000000 0.0000000
 10 Y  10 0.0000000 0.0000000 0.0000000 0.0000000 0.0000000 0.2472226 0.0000000 0.0000000 0.0000000 0.0000000 0.0000000 0.0000000 0.0000000 0.0000000 0.0000000 0.0000000 0.0000000 0.0000000 0.7527774 0.0000000
 11 G  11 0.0000000 0.0000000 0.0000000 0.0000000 0.0000000 0.0000000 0.0000000 0.8608574 0.0000000 0.0000000 0.0000000 0.0000000 0.0000000 0.0000000 0.0000000 0.1391426 0.0000000 0.0000000 0.0000000 0.0000000
 12 W  12 0.0000000 0.0000000 0.0650142 0.0000000 0.0000000 0.0000000 0.0000000 0.0000000 0.0000000 0.0000000 0.0932962 0.0000000 0.0000000 0.0000000 0.0000000 0.2869616 0.0000000 0.5547280 0.0000000 0.0000000
 13 P  13 0.0000000 0.0000000 0.0834003 0.0000000 0.0000000 0.0000000 0.0573194 0.0000000 0.0000000 0.0000000 0.0864536 0.0000000 0.0830074 0.0000000 0.5143343 0.0932309 0.0822541 0.0000000 0.0000000 0.0000000
 14 N  14 0.0000000 0.0000000 0.2826913 0.2547997 0.0563349 0.0394968 0.0754434 0.1180986 0.0000000 0.0000000 0.0000000 0.0363038 0.0000000 0.0000000 0.0000000 0.0520962 0.0847353 0.0000000 0.0000000 0.0000000
 15 D  15 0.0000000 0.0000000 0.1321438 0.6172951 0.0000000 0.0000000 0.0535566 0.0000000 0.0000000 0.0000000 0.0000000 0.0531398 0.0000000 0.0000000 0.0000000 0.1438646 0.0000000 0.0000000 0.0000000 0.0000000
 16 V  16 0.0361998 0.0501995 0.0000000 0.0000000 0.0000000 0.0000000 0.0000000 0.0000000 0.0000000 0.0817494 0.1076995 0.0000000 0.3624952 0.0000000 0.0000000 0.0000000 0.0000000 0.0000000 0.0000000 0.3616565
 17 D  17 0.1083120 0.0000000 0.1926281 0.1555492 0.0000000 0.0881043 0.1830281 0.0000000 0.0000000 0.0000000 0.0000000 0.0000000 0.0000000 0.0000000 0.0000000 0.1832147 0.0371439 0.0000000 0.0000000 0.0520197
 18 Q  18 0.0000000 0.0000000 0.0345678 0.0736223 0.0000000 0.3608430 0.0000000 0.0000000 0.0513043 0.0000000 0.0000000 0.1319864 0.0000000 0.0000000 0.0000000 0.1431443 0.1580955 0.0000000 0.0000000 0.0464365
 19 S  19 0.1542029 0.2501849 0.1020189 0.0000000 0.0338941 0.0000000 0.0000000 0.0651696 0.0000000 0.0000000 0.0000000 0.0000000 0.0000000 0.0000000 0.0728486 0.2184362 0.1032448 0.0000000 0.0000000 0.0000000
 20 H  20 0.0778594 0.0000000 0.0000000 0.0553438 0.1325959 0.0542569 0.0000000 0.0000000 0.3976790 0.1671941 0.0000000 0.0000000 0.0000000 0.0327255 0.0000000 0.0823453 0.0000000 0.0000000 0.0000000 0.0000000
 21 L  21 0.0000000 0.0000000 0.0751886 0.0000000 0.0000000 0.1866428 0.0481133 0.0490770 0.0000000 0.1423233 0.3292528 0.0000000 0.0000000 0.0000000 0.0000000 0.0000000 0.0000000 0.1347068 0.0000000 0.0346954
 22 D  22 0.0000000 0.0000000 0.0743778 0.2153309 0.0000000 0.0303120 0.0000000 0.1057895 0.0000000 0.0486484 0.0000000 0.0374264 0.0000000 0.0000000 0.2734951 0.1238304 0.0907894 0.0000000 0.0000000 0.0000000
 23 S  23 0.0342340 0.0000000 0.0225842 0.0351372 0.0000000 0.0304575 0.1723888 0.0284580 0.0000000 0.0000000 0.0000000 0.0166285 0.0000000 0.0000000 0.1973854 0.4627263 0.0000000 0.0000000 0.0000000 0.0000000
 24 S  24 0.0000000 0.0332782 0.0617614 0.0795854 0.0000000 0.0296070 0.0301381 0.2288415 0.1183744 0.0000000 0.0000000 0.0000000 0.0000000 0.0000000 0.0000000 0.2474981 0.0000000 0.0000000 0.1265184 0.0443976
 25 D  25 0.0000000 0.0000000 0.0000000 0.2076319 0.0463875 0.0738313 0.2358912 0.0311118 0.0000000 0.0000000 0.0000000 0.0798169 0.0515751 0.0437566 0.0000000 0.0356870 0.0000000 0.0000000 0.0000000 0.1943108
 26 M  26 0.0000000 0.0303119 0.0496474 0.0000000 0.0328936 0.1960277 0.0334701 0.0000000 0.0000000 0.0147229 0.0720701 0.0000000 0.1226345 0.0592600 0.0297778 0.1086122 0.0000000 0.0000000 0.0412939 0.2092778
 27 F  27 0.0000000 0.0599323 0.0000000 0.0000000 0.0000000 0.2027680 0.0000000 0.0000000 0.0786020 0.0000000 0.1287164 0.0000000 0.0417643 0.3077660 0.0000000 0.0974871 0.0000000 0.0000000 0.0378016 0.0451623
 28 D  28 0.0000000 0.0000000 0.0000000 0.2171956 0.0000000 0.2617393 0.0158322 0.0000000 0.1224662 0.0000000 0.0277444 0.1010907 0.0000000 0.0669755 0.0146813 0.0445276 0.0342562 0.0000000 0.0934910 0.0000000
 29 V  29 0.1921216 0.0344400 0.0000000 0.0000000 0.0567411 0.0281215 0.0000000 0.0000000 0.0000000 0.0836603 0.0993893 0.0422996 0.0352969 0.0831215 0.0000000 0.0282832 0.0439791 0.0000000 0.0000000 0.2725458
 30 D  30 0.0259849 0.0000000 0.1381069 0.1081140 0.0279000 0.0503419 0.0272204 0.0000000 0.0339706 0.0147763 0.0541117 0.1942588 0.0270648 0.0000000 0.1031898 0.1305908 0.0000000 0.0331458 0.0000000 0.0312233
 31 E  31 0.0403946 0.0000000 0.0365361 0.0000000 0.0000000 0.0291508 0.3408907 0.0127707 0.0000000 0.0000000 0.0559753 0.1137646 0.0000000 0.0000000 0.2760082 0.0557761 0.0000000 0.0000000 0.0387329 0.0000000
 32 L  32 0.0423360 0.0000000 0.0830790 0.0000000 0.0218523 0.0532739 0.0000000 0.0000000 0.0000000 0.0000000 0.2811272 0.0000000 0.0771116 0.0347729 0.0250239 0.2498143 0.0336257 0.0000000 0.0000000 0.0979833
 33 L  33 0.0943682 0.0000000 0.0000000 0.0000000 0.0000000 0.2099944 0.0198192 0.0736163 0.0000000 0.0000000 0.2689673 0.0000000 0.0000000 0.0000000 0.0000000 0.1105027 0.0234482 0.0000000 0.0228806 0.1764031
 34 R  34 0.0462940 0.0969294 0.0000000 0.0264245 0.0000000 0.1719504 0.0000000 0.3080971 0.0000000 0.0224792 0.0240814 0.0657549 0.1429142 0.0000000 0.0280516 0.0000000 0.0000000 0.0000000 0.0000000 0.0670234
 35 D  35 0.0000000 0.0000000 0.0153246 0.2953638 0.0000000 0.1520260 0.0000000 0.0707709 0.0000000 0.0362099 0.0000000 0.0000000 0.0709704 0.0000000 0.0000000 0.2461907 0.0261423 0.0000000 0.0372872 0.0497143
 36 L  36 0.0481824 0.0118737 0.1281245 0.0000000 0.0000000 0.0921790 0.0392322 0.0133756 0.0172056 0.0847761 0.2631554 0.0192150 0.0930264 0.0222997 0.0250862 0.0601045 0.0280763 0.0000000 0.0226003 0.0314872
 37 N  37 0.0000000 0.0408319 0.2206486 0.0000000 0.0113350 0.2612011 0.0956142 0.1477899 0.0318794 0.0000000 0.0000000 0.0710881 0.0000000 0.0208638 0.0000000 0.0734710 0.0000000 0.0000000 0.0252769 0.0000000
 38 G  38 0.0110824 0.0417414 0.0128101 0.0311690 0.0000000 0.2165824 0.1056382 0.2733900 0.0000000 0.0000000 0.0218528 0.1341642 0.0000000 0.0000000 0.0000000 0.0572884 0.0942812 0.0000000 0.0000000 0.0000000
 39 D  39 0.3368703 0.0000000 0.0000000 0.1224745 0.0000000 0.0831423 0.0000000 0.0000000 0.0000000 0.0000000 0.0500128 0.0479422 0.0000000 0.0000000 0.0231902 0.2339161 0.0000000 0.0000000 0.0000000 0.1024516
 40 D  40 0.0539462 0.0000000 0.0000000 0.0827633 0.0429428 0.0676473 0.0826808 0.0537619 0.0431324 0.0692346 0.0000000 0.0000000 0.0000000 0.0000000 0.2992287 0.0631610 0.1198469 0.0000000 0.0000000 0.0216541
 41 V  41 0.0951270 0.0311703 0.0688015 0.0000000 0.0602645 0.0304325 0.0000000 0.0369574 0.0403852 0.0295533 0.0280441 0.0206583 0.0694425 0.0490085 0.1830076 0.0848383 0.0415126 0.0000000 0.0000000 0.1307962
 42 F  42 0.0467696 0.0429229 0.0227975 0.0000000 0.0079658 0.0069956 0.0000000 0.0899438 0.0506658 0.0470491 0.1984093 0.0226586 0.0321842 0.1176198 0.0381093 0.1426247 0.0813867 0.0000000 0.0000000 0.0518972
 43 A  43 0.1727825 0.0314509 0.0000000 0.0000000 0.0217839 0.0214087 0.0512696 0.1777432 0.0216909 0.0282859 0.0278040 0.0290627 0.0461706 0.0000000 0.0172280 0.1404061 0.1264525 0.0000000 0.0000000 0.0864605
 44 G  44 0.0296840 0.0367220 0.0649267 0.0503797 0.0116205 0.1444710 0.0374601 0.2288176 0.0000000 0.0000000 0.0000000 0.0904140 0.0000000 0.0277168 0.0652064 0.1586205 0.0325506 0.0000000 0.0000000 0.0214101
 45 M  45 0.0285963 0.0124872 0.0208375 0.0584019 0.0000000 0.1834478 0.1028862 0.0796329 0.0288930 0.0173961 0.1621025 0.0127696 0.0250016 0.0000000 0.0951773 0.1723701 0.0000000 0.0000000 0.0000000 0.0000000
 46 S  46 0.0908925 0.0683041 0.1248536 0.0200115 0.0000000 0.0111649 0.0341698 0.0372341 0.0000000 0.0177790 0.0000000 0.0712303 0.0698892 0.0116193 0.0433249 0.2011341 0.1698640 0.0000000 0.0000000 0.0285286
 47 T  47 0.0390295 0.1473431 0.0562085 0.0000000 0.0000000 0.0825024 0.0430105 0.0927876 0.0204038 0.0000000 0.0555661 0.0881700 0.0256251 0.0000000 0.0904375 0.0822528 0.1494331 0.0000000 0.0000000 0.0272300
 48 T  48 0.0000000 0.1778529 0.0708528 0.0323551 0.0000000 0.0895517 0.0517684 0.0229985 0.0000000 0.0194268 0.0668013 0.1901500 0.0000000 0.0000000 0.0771836 0.0566745 0.0837812 0.0000000 0.0000000 0.0606034
 49 R  49 0.0864558 0.3328809 0.0804189 0.0000000 0.0000000 0.0424521 0.0000000 0.0591344 0.0000000 0.0220948 0.0229084 0.0618575 0.0000000 0.0000000 0.0000000 0.1282773 0.0490095 0.0000000 0.0000000 0.1145104
 50 P  50 0.0401824 0.0196540 0.0089409 0.0138617 0.0000000 0.0000000 0.0000000 0.1417571 0.0000000 0.0000000 0.0125380 0.0264430 0.0000000 0.0000000 0.6800881 0.0266504 0.0298844 0.0000000 0.0000000 0.0000000
 51 K  51 0.0225013 0.0782371 0.0946928 0.0000000 0.0230612 0.0241390 0.0000000 0.0743680 0.0163323 0.0000000 0.0000000 0.2173852 0.0000000 0.0165524 0.0000000 0.0975920 0.2038723 0.0000000 0.0941948 0.0370717
 52 S  52 0.0832522 0.0000000 0.0425872 0.0000000 0.0000000 0.1336191 0.0000000 0.0130391 0.0000000 0.0000000 0.0165524 0.0000000 0.0000000 0.0000000 0.0629251 0.5483048 0.0819649 0.0000000 0.0000000 0.0177550
 53 P  53 0.0380893 0.0370717 0.0558894 0.0000000 0.0000000 0.0113234 0.0273683 0.0000000 0.0205631 0.0000000 0.0000000 0.1427664 0.0000000 0.0000000 0.6128184 0.0126687 0.0225013 0.0000000 0.0000000 0.0189401
 54 W  54 0.0504134 0.0215725 0.0000000 0.0355414 0.0219932 0.1053460 0.0000000 0.0197143 0.0000000 0.0110193 0.0000000 0.0654500 0.0000000 0.0350485 0.0000000 0.1592736 0.0000000 0.3929631 0.0388007 0.0428639
 55 M  55 0.0000000 0.0335493 0.0000000 0.0209073 0.0000000 0.0000000 0.0000000 0.0000000 0.0000000 0.2567855 0.0452574 0.0000000 0.3375553 0.0000000 0.0000000 0.0000000 0.0133858 0.0000000 0.0255999 0.2669593
 56 P  56 0.0231443 0.0000000 0.0000000 0.0179442 0.0000000 0.0000000 0.0000000 0.0000000 0.0162643 0.0000000 0.0231328 0.0134027 0.0213181 0.0000000 0.5324510 0.3023846 0.0499580 0.0000000 0.0000000 0.0000000
 57 F  57 0.0000000 0.0000000 0.0000000 0.0000000 0.0000000 0.0000000 0.0000000 0.0000000 0.0000000 0.0120567 0.0668395 0.0000000 0.0000000 0.8683848 0.0000000 0.0000000 0.0000000 0.0000000 0.0153052 0.0374138
 58 P  58 0.1005674 0.0537929 0.0870974 0.0000000 0.0000000 0.0000000 0.0510316 0.0677119 0.0381104 0.0000000 0.0000000 0.0000000 0.0104702 0.0000000 0.4007649 0.1590542 0.0067846 0.0000000 0.0000000 0.0246145
 59 T  59 0.1111879 0.0410317 0.0223201 0.0190952 0.0000000 0.0000000 0.0106277 0.0000000 0.0000000 0.0333582 0.0417452 0.0772061 0.3544600 0.0000000 0.0000000 0.0281541 0.1429478 0.0000000 0.0000000 0.1178658
 60 L  60 0.0000000 0.0000000 0.0000000 0.0000000 0.0000000 0.0000000 0.0000000 0.0000000 0.0000000 0.0000000 0.9753855 0.0000000 0.0000000 0.0000000 0.0000000 0.0000000 0.0000000 0.0000000 0.0000000 0.0246145
 61 F  61 0.0000000 0.0000000 0.0000000 0.0000000 0.0000000 0.0000000 0.0000000 0.0000000 0.0173430 0.2330682 0.3590810 0.0000000 0.0427357 0.3345226 0.0000000 0.0000000 0.0000000 0.0000000 0.0000000 0.0132495
 62 A  62 0.2835903 0.0000000 0.0088735 0.0564127 0.0000000 0.0000000 0.0000000 0.0000000 0.0105131 0.0000000 0.0364383 0.0513995 0.0000000 0.0000000 0.3024483 0.2105049 0.0398195 0.0000000 0.0000000 0.0000000
 63 A  63 0.3058309 0.0090706 0.0000000 0.0000000 0.0000000 0.0000000 0.0725972 0.0000000 0.0000000 0.1897536 0.0402361 0.0691320 0.0690995 0.0104543 0.0000000 0.0568362 0.0604430 0.0000000 0.0000000 0.1165464
 64 I  64 0.0000000 0.0000000 0.0000000 0.0000000 0.0000000 0.0000000 0.0000000 0.0000000 0.0000000 0.4244599 0.5104013 0.0000000 0.0428187 0.0000000 0.0000000 0.0000000 0.0000000 0.0000000 0.0000000 0.0223201
 65 S  65 0.0158735 0.1629991 0.0000000 0.0000000 0.0000000 0.1929332 0.0331664 0.0000000 0.0000000 0.0454621 0.0242193 0.0914159 0.0326298 0.0000000 0.0000000 0.3324356 0.0190952 0.0000000 0.0000000 0.0497700
 66 H  66 0.0963725 0.0633486 0.1886401 0.0229488 0.0000000 0.0000000 0.0557203 0.0000000 0.0373957 0.0153052 0.0000000 0.2529711 0.0000000 0.0000000 0.1560737 0.0151016 0.0961223 0.0000000 0.0000000 0.0000000
 67 K  67 0.0000000 0.0000000 0.0404721 0.0000000 0.0105131 0.0946579 0.0117141 0.0000000 0.2045433 0.0454722 0.0344005 0.2256900 0.0462302 0.1371686 0.0000000 0.0789072 0.0000000 0.0151016 0.0000000 0.0551291
 68 V  68 0.0000000 0.0000000 0.0000000 0.0000000 0.0000000 0.0000000 0.0000000 0.0000000 0.0000000 0.0611596 0.5781214 0.0000000 0.0108963 0.0120567 0.0000000 0.0094507 0.0000000 0.0000000 0.0000000 0.3283154
 69 A  69 0.0916770 0.0000000 0.0182009 0.2465598 0.0000000 0.0000000 0.0105131 0.0497700 0.0190952 0.0000000 0.0000000 0.0223201 0.0000000 0.0000000 0.4189115 0.1229522 0.0000000 0.0000000 0.0000000 0.0000000
 70 E  70 0.0272570 0.1224205 0.0000000 0.0000000 0.0000000 0.0189745 0.0387230 0.0000000 0.0088509 0.0000000 0.0515226 0.2207419 0.0000000 0.0254882 0.2729278 0.1737485 0.0220804 0.0000000 0.0000000 0.0172646
 71 N  71 0.0937945 0.0000000 0.0983382 0.2936720 0.0085276 0.0313991 0.0656541 0.0000000 0.0130806 0.0000000 0.0094507 0.0907216 0.0000000 0.0000000 0.0259965 0.1654268 0.0634663 0.0000000 0.0000000 0.0404721
 72 D  72 0.0404721 0.1793744 0.0292575 0.1977382 0.0000000 0.0844062 0.0177173 0.0170864 0.0000000 0.0462302 0.0000000 0.3139706 0.0000000 0.0000000 0.0000000 0.0326420 0.0197816 0.0000000 0.0213236 0.0000000
 73 M  73 0.1143248 0.0240885 0.0000000 0.1225973 0.0342784 0.0000000 0.0344851 0.0293997 0.0000000 0.0814483 0.0828897 0.0247403 0.3754516 0.0246145 0.0000000 0.0106277 0.0129611 0.0000000 0.0000000 0.0280930
 74 L  74 0.0653850 0.0436766 0.0719302 0.1780056 0.0000000 0.0930065 0.1091031 0.0188341 0.0000000 0.0416032 0.1017764 0.0189508 0.1850354 0.0138957 0.0000000 0.0267031 0.0130806 0.0000000 0.0190137 0.0000000
 75 L  75 0.0000000 0.0000000 0.0000000 0.0158735 0.0000000 0.3049821 0.0558825 0.0000000 0.0104543 0.0175941 0.3777753 0.0000000 0.0413267 0.0000000 0.0000000 0.0127653 0.0596424 0.0000000 0.0489004 0.0548035
 76 I  76 0.0000000 0.0000000 0.0000000 0.0000000 0.0000000 0.0000000 0.0000000 0.0000000 0.0000000 0.3221608 0.4881978 0.0000000 0.0083567 0.0000000 0.0000000 0.0000000 0.0000000 0.0000000 0.0000000 0.1812847
 77 N  77 0.0330801 0.0764647 0.1011827 0.0305550 0.0094507 0.2848729 0.0876935 0.0000000 0.0507603 0.0502090 0.0653950 0.0170864 0.0000000 0.0404721 0.0000000 0.0782121 0.0262235 0.0000000 0.0120136 0.0363286
 78 A  78 0.0824245 0.0663386 0.0405454 0.0190137 0.0000000 0.0117141 0.0588929 0.0725037 0.0685577 0.0275566 0.0000000 0.1880511 0.0101320 0.0000000 0.0000000 0.1199110 0.2343588 0.0000000 0.0000000 0.0000000
 79 D  79 0.0000000 0.0000000 0.0203765 0.0641701 0.0292575 0.0627910 0.0000000 0.0060634 0.1515055 0.0333865 0.2197950 0.0000000 0.0000000 0.0291721 0.0000000 0.0954878 0.0829754 0.0153052 0.1026166 0.0870974
 80 Y  80 0.0000000 0.0000000 0.0000000 0.0000000 0.0540304 0.0000000 0.0000000 0.0000000 0.0440372 0.0000000 0.0240703 0.0000000 0.0000000 0.1151262 0.0000000 0.0000000 0.0000000 0.0870974 0.6756386 0.0000000
 81 Q  81 0.2399077 0.0420658 0.1190179 0.1059334 0.0130806 0.0731820 0.2123741 0.0000000 0.0000000 0.0000000 0.0218460 0.0868827 0.0000000 0.0000000 0.0000000 0.0410405 0.0326555 0.0000000 0.0000000 0.0120136
 82 Q  82 0.0162542 0.0611187 0.0067621 0.1563501 0.0383188 0.1478217 0.1878726 0.0000000 0.0000000 0.0223201 0.0366372 0.2296303 0.0000000 0.0000000 0.0000000 0.0164172 0.0407809 0.0000000 0.0000000 0.0397161
 83 L  83 0.0000000 0.0214643 0.0000000 0.0000000 0.0000000 0.0113942 0.0000000 0.0000000 0.0474963 0.0000000 0.4096257 0.0085276 0.0000000 0.3910466 0.0000000 0.0000000 0.0000000 0.0000000 0.1104453 0.0000000
 84 R  84 0.0173430 0.3958020 0.0000000 0.0000000 0.0000000 0.0679296 0.0000000 0.0000000 0.0130806 0.0000000 0.0000000 0.4596145 0.0329094 0.0000000 0.0000000 0.0000000 0.0000000 0.0000000 0.0000000 0.0133209
 85 D  85 0.1304225 0.2085985 0.0298705 0.0657190 0.0000000 0.0246145 0.1358758 0.0000000 0.0000000 0.0085475 0.0000000 0.2636048 0.0342784 0.0000000 0.0000000 0.0707058 0.0277629 0.0000000 0.0000000 0.0000000
 86 K  86 0.0117141 0.1146421 0.2819606 0.0207225 0.0324270 0.0223201 0.0302826 0.1940168 0.0000000 0.0000000 0.0000000 0.2618125 0.0000000 0.0000000 0.0000000 0.0301016 0.0000000 0.0000000 0.0000000 0.0000000
 87 K  87 0.0000000 0.0944426 0.0000000 0.0000000 0.0000000 0.0652063 0.2551605 0.0172934 0.0170864 0.0103198 0.0000000 0.5404910 0.0000000 0.0000000 0.0000000 0.0000000 0.0000000 0.0000000 0.0000000 0.0000000
 88 M  88 0.0000000 0.0000000 0.0000000 0.0000000 0.0000000 0.0000000 0.0000000 0.0000000 0.0000000 0.6488705 0.0961894 0.0000000 0.1044333 0.0000000 0.0000000 0.0000000 0.0000000 0.0000000 0.0000000 0.1505068
 89 T  89 0.0495064 0.0321080 0.0506008 0.0000000 0.0000000 0.0000000 0.0000000 0.0213236 0.0870974 0.0000000 0.0178550 0.0725972 0.0000000 0.0000000 0.1539664 0.3213879 0.1831030 0.0000000 0.0000000 0.0104543
 90 R  90 0.0000000 0.5869221 0.0000000 0.0000000 0.0000000 0.0120136 0.0000000 0.0173430 0.0000000 0.0000000 0.0000000 0.3837212 0.0000000 0.0000000 0.0000000 0.0000000 0.0000000 0.0000000 0.0000000 0.0000000
 91 A  91 0.0616765 0.0000000 0.0397161 0.3389585 0.0088735 0.0328622 0.2514953 0.0442488 0.0359567 0.0000000 0.0436094 0.0060634 0.0000000 0.0093274 0.0222878 0.0477829 0.0195990 0.0000000 0.0000000 0.0375424
 92 E  92 0.0247396 0.0000000 0.0165249 0.2262607 0.0000000 0.2403365 0.2620406 0.0485033 0.0250298 0.0364252 0.0105131 0.0000000 0.0254757 0.0000000 0.0000000 0.0242193 0.0531692 0.0000000 0.0000000 0.0067621
 93 F  93 0.0000000 0.0000000 0.0000000 0.0000000 0.0138957 0.0000000 0.0000000 0.0000000 0.0000000 0.0213236 0.3181075 0.0000000 0.0645423 0.5598107 0.0000000 0.0000000 0.0000000 0.0223201 0.0000000 0.0000000
 94 V  94 0.0101320 0.0000000 0.0000000 0.0000000 0.0000000 0.0000000 0.0190137 0.0000000 0.0000000 0.2766598 0.1391465 0.0000000 0.0000000 0.0173430 0.0000000 0.0000000 0.0326298 0.0000000 0.0060634 0.4990120
 95 R  95 0.0000000 0.4768673 0.0223201 0.0000000 0.0000000 0.1401198 0.0094507 0.0190137 0.0000000 0.0172934 0.0138957 0.3010392 0.0000000 0.0000000 0.0000000 0.0000000 0.0000000 0.0000000 0.0000000 0.0000000
 96 K  96 0.0173430 0.1387037 0.0000000 0.0000000 0.0000000 0.0683142 0.0000000 0.0106277 0.0668267 0.0000000 0.1214213 0.2736203 0.0238485 0.0725972 0.0254757 0.0264031 0.0180770 0.0000000 0.0000000 0.1367416
 97 L  97 0.0106277 0.0000000 0.0000000 0.0000000 0.0000000 0.0000000 0.0000000 0.0000000 0.0000000 0.1425912 0.3884768 0.0000000 0.2374313 0.0246145 0.0000000 0.0000000 0.0120136 0.0000000 0.0000000 0.1842449
 98 R  98 0.0000000 0.8348310 0.0000000 0.0000000 0.0000000 0.0000000 0.0000000 0.0000000 0.0000000 0.0404721 0.0000000 0.1246970 0.0000000 0.0000000 0.0000000 0.0000000 0.0000000 0.0000000 0.0000000 0.0000000
 99 V  99 0.0106277 0.0324270 0.1480846 0.0572443 0.0000000 0.1231728 0.0406355 0.1057075 0.0292575 0.0404721 0.1234053 0.0329727 0.0516390 0.0133209 0.0000000 0.0574908 0.0788895 0.0000000 0.0000000 0.0546529
100 I 100 0.0254757 0.0000000 0.0000000 0.0000000 0.0000000 0.0000000 0.0190952 0.0000000 0.0208058 0.7669391 0.0292373 0.0000000 0.0000000 0.0175130 0.0000000 0.0000000 0.0061576 0.0000000 0.0342784 0.0804979
101 V 101 0.1239837 0.0000000 0.0000000 0.0000000 0.0000000 0.0000000 0.0000000 0.0000000 0.0000000 0.0744411 0.0000000 0.0000000 0.0000000 0.0071653 0.0000000 0.0105611 0.0568826 0.0000000 0.0000000 0.7269663
102 G 102 0.0139591 0.0101782 0.0000000 0.0196884 0.0000000 0.0000000 0.0000000 0.9561744 0.0000000 0.0000000 0.0000000 0.0000000 0.0000000 0.0000000 0.0000000 0.0000000 0.0000000 0.0000000 0.0000000 0.0000000
103 D 103 0.0194288 0.0000000 0.0141385 0.9024219 0.0000000 0.0000000 0.0640108 0.0000000 0.0000000 0.0000000 0.0000000 0.0000000 0.0000000 0.0000000 0.0000000 0.0000000 0.0000000 0.0000000 0.0000000 0.0000000
104 D 104 0.0353732 0.0992049 0.0792937 0.0545271 0.0000000 0.3004641 0.0953789 0.0173849 0.0169640 0.0000000 0.0000000 0.2388295 0.0134809 0.0000000 0.0000000 0.0090285 0.0247049 0.0000000 0.0153654 0.0000000
105 L 105 0.0106369 0.0316523 0.0000000 0.0000000 0.0000000 0.0000000 0.0000000 0.0000000 0.0000000 0.0504948 0.4296081 0.0119187 0.2301488 0.0000000 0.0000000 0.0000000 0.0250444 0.0000000 0.0000000 0.2104959
106 L 106 0.0000000 0.0000000 0.0000000 0.0000000 0.0000000 0.0000000 0.0000000 0.0000000 0.0000000 0.0193458 0.9671007 0.0000000 0.0135535 0.0000000 0.0000000 0.0000000 0.0000000 0.0000000 0.0000000 0.0000000
107 R 107 0.0310280 0.2143331 0.0000000 0.0000000 0.0000000 0.0000000 0.0000000 0.0000000 0.0134809 0.1484571 0.1107249 0.2554657 0.0000000 0.0318611 0.0000000 0.0000000 0.0940775 0.0000000 0.0000000 0.1005714
108 S 108 0.0919721 0.0137875 0.0000000 0.0000000 0.0000000 0.1332717 0.0850577 0.0000000 0.0321371 0.0085644 0.1122671 0.0299209 0.0343931 0.0000000 0.0000000 0.3569473 0.0945300 0.0000000 0.0000000 0.0071512
109 T 109 0.3812712 0.0000000 0.0000000 0.0000000 0.0000000 0.0000000 0.0000000 0.0000000 0.0000000 0.1333944 0.0000000 0.0000000 0.0259446 0.0000000 0.0000000 0.0000000 0.2819497 0.0000000 0.0000000 0.1774401
110 I 110 0.1960746 0.0000000 0.0000000 0.0000000 0.0000000 0.0000000 0.0000000 0.0000000 0.0000000 0.5212132 0.1269193 0.0000000 0.0000000 0.0185088 0.0000000 0.0000000 0.0000000 0.0000000 0.0000000 0.1372842
111 T 111 0.0638762 0.0279961 0.0166536 0.0000000 0.0000000 0.0422580 0.0090929 0.0114393 0.0947706 0.0360835 0.0000000 0.3455045 0.0678561 0.0000000 0.0000000 0.0355045 0.1850042 0.0000000 0.0151199 0.0488405
112 T 112 0.0176532 0.1303240 0.0655135 0.0000000 0.0000000 0.0504772 0.0625275 0.0113367 0.0271680 0.0212746 0.0360019 0.2963004 0.0000000 0.0000000 0.0000000 0.2190055 0.0369383 0.0000000 0.0254793 0.0000000
113 L 113 0.0000000 0.0000000 0.0000000 0.0000000 0.0130137 0.0190425 0.0000000 0.0000000 0.0322013 0.0959027 0.5037390 0.0000000 0.0402512 0.0389984 0.0000000 0.0350222 0.0000000 0.0000000 0.0450177 0.1768113
114 Q 114 0.0000000 0.2588530 0.0000000 0.0000000 0.0000000 0.4615344 0.0000000 0.0344256 0.1031591 0.0000000 0.0000000 0.0205406 0.0000000 0.1013134 0.0000000 0.0000000 0.0201738 0.0000000 0.0000000 0.0000000
115 N 115 0.1723459 0.0000000 0.0937401 0.0568016 0.0354336 0.1264882 0.0000000 0.1683066 0.0381535 0.0000000 0.0389137 0.0130830 0.0000000 0.0374320 0.0160189 0.1063189 0.0328740 0.0000000 0.0342755 0.0298145
116 Q 116 0.0000000 0.0324181 0.0129124 0.0000000 0.0940641 0.3673945 0.0000000 0.0000000 0.0000000 0.0000000 0.0000000 0.4671274 0.0000000 0.0000000 0.0000000 0.0260834 0.0000000 0.0000000 0.0000000 0.0000000
117 P 117 0.0000000 0.0000000 0.0233476 0.0479018 0.0000000 0.0000000 0.0000000 0.0407407 0.0000000 0.0366111 0.0276467 0.0769965 0.1866241 0.0000000 0.2509930 0.0370548 0.0726822 0.0000000 0.0000000 0.1994015
118 K 118 0.0000000 0.0474934 0.0000000 0.0000000 0.0000000 0.3646998 0.0000000 0.0280776 0.0488827 0.0000000 0.0000000 0.3046371 0.0000000 0.0000000 0.2062095 0.0000000 0.0000000 0.0000000 0.0000000 0.0000000
119 S 119 0.3536551 0.0000000 0.0000000 0.0000000 0.1244570 0.0000000 0.0000000 0.0000000 0.0000000 0.0000000 0.0000000 0.0000000 0.0000000 0.0000000 0.0000000 0.4173005 0.1045874 0.0000000 0.0000000 0.0000000
