   91         A         R         N         D         C         Q         E         G         H         I         L         K         M         F         P         S         T         W         Y         V    
  1 S   1 0.0000000 0.0000000 0.0000000 0.0000000 0.0000000 0.0000000 0.0000000 0.0000000 0.0000000 0.0000000 0.0000000 0.0000000 0.0000000 0.0000000 0.0000000 0.5216553 0.4783447 0.0000000 0.0000000 0.0000000
  2 E   2 0.0036778 0.0536607 0.0108321 0.1833471 0.0000000 0.2073394 0.2262187 0.0056336 0.0000000 0.0000000 0.0108688 0.0831705 0.0000000 0.0000000 0.1457985 0.0175885 0.0429112 0.0000000 0.0065245 0.0024286
  3 L   3 0.0325266 0.0000000 0.0023403 0.0000000 0.0000000 0.0000000 0.0038039 0.0000000 0.0000000 0.0234995 0.6661269 0.0000000 0.1213485 0.0089014 0.0000000 0.0288619 0.0620931 0.0000000 0.0000000 0.0504978
  4 E   4 0.0043670 0.0000000 0.0036344 0.0213595 0.0000000 0.0281043 0.7233358 0.0000000 0.0000000 0.0035803 0.1894261 0.0053534 0.0000000 0.0047305 0.0031286 0.0041210 0.0088592 0.0000000 0.0000000 0.0000000
  5 K   5 0.0257812 0.1910213 0.0597939 0.0432238 0.0105633 0.1119064 0.1079095 0.0122086 0.0495780 0.0060041 0.0305877 0.1913470 0.0169442 0.0000000 0.0000000 0.0665502 0.0608053 0.0074056 0.0043793 0.0039905
  6 A   6 0.4449605 0.0000000 0.0605994 0.0420177 0.0767512 0.0000000 0.0359563 0.0354381 0.0218565 0.0000000 0.0118828 0.0000000 0.0000000 0.0083675 0.0000000 0.2183064 0.0250095 0.0000000 0.0025016 0.0163526
  7 M   7 0.0102842 0.0062307 0.0000000 0.0031980 0.0024519 0.0018694 0.0056701 0.0000000 0.0000000 0.4559570 0.1475144 0.0000000 0.2328437 0.0096791 0.0105370 0.0000000 0.0053382 0.0000000 0.0000000 0.1084263
  8 V   8 0.1022495 0.0247821 0.0717168 0.0671813 0.0144927 0.0316209 0.3077285 0.0352409 0.0170099 0.0339667 0.0763611 0.0412909 0.0086087 0.0472526 0.0028896 0.0215615 0.0264890 0.0000000 0.0000000 0.0695573
  9 A   9 0.0700836 0.0059471 0.0579849 0.0440664 0.0468356 0.0289709 0.0697634 0.0709116 0.0062746 0.0100057 0.0508045 0.0325598 0.0200109 0.0068634 0.0089904 0.1336188 0.2850760 0.0000000 0.0000000 0.0512323
 10 L  10 0.0455491 0.0046549 0.0000000 0.0000000 0.0000000 0.0000000 0.0000000 0.0000000 0.0000000 0.2925539 0.3543742 0.0000000 0.1051666 0.0082953 0.0057886 0.0000000 0.0254503 0.0000000 0.0000000 0.1581671
 11 I  11 0.0380102 0.0453542 0.0025622 0.0000000 0.0000000 0.0069912 0.0062897 0.0000000 0.0000000 0.4435424 0.0579442 0.0272245 0.0576315 0.0356247 0.0000000 0.0061170 0.0303803 0.0000000 0.0059571 0.2363707
 12 D  12 0.1080925 0.0605654 0.0818693 0.1477467 0.0121114 0.0114810 0.1626504 0.0185034 0.0235053 0.0019484 0.0644586 0.0985463 0.0152168 0.0371498 0.0000000 0.0613459 0.0741352 0.0000000 0.0114532 0.0092205
 13 V  13 0.0993811 0.0050885 0.0265120 0.0000000 0.0424619 0.0294186 0.0094657 0.0027797 0.0000000 0.1417289 0.0616568 0.0072115 0.0210241 0.0000000 0.0000000 0.0070566 0.2177541 0.0000000 0.0000000 0.3284604
 14 F  14 0.0000000 0.0000000 0.0000000 0.0000000 0.0036288 0.0000000 0.0000000 0.0000000 0.0000000 0.0068691 0.0063486 0.0035737 0.0000000 0.9109459 0.0000000 0.0000000 0.0000000 0.0000000 0.0643771 0.0042567
 15 H  15 0.0074530 0.0606112 0.0548027 0.0338043 0.0070499 0.1839558 0.0301995 0.0165927 0.4187801 0.0042855 0.0232725 0.0643126 0.0084209 0.0142772 0.0061775 0.0038140 0.0016236 0.0000000 0.0517917 0.0087752
 16 Q  16 0.0198355 0.1195127 0.0626088 0.0053787 0.0148718 0.1733855 0.0733641 0.0026806 0.0294783 0.0033997 0.0112417 0.3839153 0.0202837 0.0016478 0.0000000 0.0233097 0.0347507 0.0026827 0.0000000 0.0176526
 17 Y  17 0.0206487 0.0000000 0.0043452 0.0176309 0.0083753 0.0000000 0.0000000 0.0000000 0.0523146 0.0030005 0.0056191 0.0000000 0.0051813 0.1678918 0.0000000 0.0363603 0.0000000 0.0000000 0.6786324 0.0000000
 18 S  18 0.4852278 0.0059315 0.0051959 0.0535282 0.0087886 0.0000000 0.0075674 0.0000000 0.0000000 0.0124217 0.0026058 0.0000000 0.0043849 0.0198211 0.0000000 0.3360677 0.0439250 0.0000000 0.0000000 0.0145342
 19 G  19 0.0699188 0.1037998 0.0059191 0.1791422 0.0094339 0.0218775 0.0213533 0.2621106 0.0032711 0.0228548 0.0282457 0.0635324 0.0079058 0.0022332 0.0000000 0.0960162 0.0436689 0.0000000 0.0000000 0.0587166
 20 R  20 0.0201878 0.1814400 0.0398411 0.0720444 0.0072752 0.0727504 0.0694128 0.0193655 0.0249205 0.0154163 0.0240680 0.2842497 0.0041155 0.0079187 0.0227405 0.0545204 0.0593374 0.0000000 0.0058083 0.0145875
 21 E  21 0.0323302 0.0081699 0.0520938 0.4022606 0.0137528 0.0249609 0.2731443 0.0193561 0.0222232 0.0034422 0.0128747 0.0718069 0.0017225 0.0000000 0.0076992 0.0241232 0.0065811 0.0000000 0.0075904 0.0158678
 22 G  22 0.0049199 0.0104664 0.0101322 0.1021848 0.0205565 0.0000000 0.0253679 0.7201452 0.0000000 0.0000000 0.0000000 0.0483901 0.0000000 0.0021424 0.0098169 0.0335215 0.0065514 0.0000000 0.0000000 0.0058049
 23 D  23 0.0051524 0.0356043 0.2256288 0.3730316 0.0078223 0.0134675 0.0622528 0.0547484 0.0658725 0.0000000 0.0000000 0.0464390 0.0000000 0.0000000 0.0038792 0.0585088 0.0129412 0.0000000 0.0086434 0.0260078
 24 K  24 0.0222485 0.0401320 0.0649439 0.0242423 0.0806853 0.0103678 0.0067595 0.0946538 0.0129075 0.0000000 0.0121809 0.2999254 0.0128726 0.0174224 0.0683899 0.1431405 0.0357047 0.0046779 0.0280868 0.0206585
 25 H  25 0.0605417 0.0179170 0.0623977 0.1733776 0.0394745 0.0099465 0.0778086 0.2255839 0.0516812 0.0000000 0.0298068 0.0353026 0.0052045 0.0604659 0.0158567 0.0397487 0.0344132 0.0089203 0.0454437 0.0061088
 26 K  26 0.0587307 0.0328145 0.0199794 0.0000000 0.0042545 0.0571010 0.0086661 0.0068279 0.0065503 0.0000000 0.0292825 0.1881728 0.0241346 0.0046553 0.0045125 0.0804097 0.3293869 0.0000000 0.1181511 0.0263703
 27 L  27 0.0000000 0.0056379 0.0000000 0.0000000 0.0000000 0.0000000 0.0000000 0.0000000 0.0058290 0.2329384 0.6631199 0.0000000 0.0560837 0.0044698 0.0000000 0.0053976 0.0000000 0.0000000 0.0000000 0.0265237
 28 K  28 0.0020523 0.0049942 0.1138588 0.0763221 0.0363652 0.0077997 0.0242161 0.0222760 0.0000000 0.0028543 0.0000000 0.0302863 0.0191334 0.0042027 0.0054130 0.4426326 0.1804457 0.0000000 0.0254168 0.0017306
 29 K  29 0.0448714 0.1560064 0.0235148 0.0080008 0.0088782 0.0396157 0.0039408 0.0224863 0.0130243 0.0149377 0.0367880 0.5061638 0.0011907 0.0162588 0.0225142 0.0156584 0.0216932 0.0000000 0.0158777 0.0285788
 30 S  30 0.1193117 0.0563942 0.0321948 0.1167760 0.0032863 0.0445928 0.1473898 0.1333632 0.0015208 0.0012236 0.0027869 0.1546083 0.0010867 0.0000000 0.0186861 0.0762250 0.0753142 0.0031094 0.0059121 0.0062182
 31 E  31 0.0149243 0.0067182 0.0119930 0.1001756 0.0000000 0.0211273 0.7696813 0.0171449 0.0015582 0.0022312 0.0000000 0.0164582 0.0000000 0.0000000 0.0000000 0.0205153 0.0145503 0.0000000 0.0000000 0.0029222
 32 L  32 0.0286866 0.0000000 0.0000000 0.0000000 0.0000000 0.0000000 0.0000000 0.0000000 0.0000000 0.0108426 0.6612581 0.0000000 0.0504566 0.2123424 0.0098261 0.0072409 0.0063184 0.0000000 0.0000000 0.0130284
 33 K  33 0.0370834 0.1673026 0.0038147 0.0012919 0.0044803 0.0808921 0.0280490 0.0179140 0.0148173 0.0044979 0.0760294 0.5013753 0.0026006 0.0084504 0.0034611 0.0230045 0.0119423 0.0000000 0.0025786 0.0104146
 34 E  34 0.0512539 0.0695556 0.0668371 0.0757172 0.0000000 0.1430674 0.2139713 0.0192862 0.0285631 0.0072867 0.0292141 0.1232255 0.0119190 0.0000000 0.0029157 0.0713296 0.0529626 0.0000000 0.0000000 0.0328949
 35 L  35 0.0771909 0.0000000 0.0000000 0.0000000 0.0000000 0.0000000 0.0000000 0.0146043 0.0000000 0.0145611 0.6744610 0.0000000 0.0857812 0.0706742 0.0000000 0.0017971 0.0095889 0.0000000 0.0019511 0.0493903
 36 I  36 0.0082627 0.0000000 0.0000000 0.0000000 0.0000000 0.0000000 0.0000000 0.0000000 0.0000000 0.1039983 0.5118502 0.0042118 0.2207696 0.0166713 0.0028627 0.0041501 0.0082667 0.0000000 0.0000000 0.1189566
 37 N  37 0.0191439 0.0766167 0.1116856 0.0116926 0.0000000 0.1684288 0.2326320 0.0238659 0.0194489 0.0019958 0.0561055 0.1096534 0.0146482 0.0013984 0.0000000 0.0276436 0.1137268 0.0000000 0.0021389 0.0091749
 38 N  38 0.0734108 0.0769293 0.0668725 0.0557639 0.0042908 0.0548832 0.0664184 0.0380766 0.0116899 0.0097329 0.0025770 0.2766621 0.0063585 0.0015515 0.0024682 0.0887996 0.1523315 0.0000000 0.0018817 0.0093017
 39 E  39 0.0046174 0.0064824 0.0558180 0.0279436 0.0000000 0.1354597 0.6599576 0.0037964 0.0023443 0.0045130 0.0378063 0.0140118 0.0122862 0.0000000 0.0000000 0.0209452 0.0140182 0.0000000 0.0000000 0.0000000
 40 L  40 0.0306522 0.0034260 0.0000000 0.0030395 0.0328924 0.0000000 0.0048307 0.0095790 0.0024134 0.0222314 0.4637411 0.0000000 0.0329474 0.3096630 0.0297334 0.0094677 0.0031216 0.0000000 0.0115647 0.0306965
 41 S  41 0.1449527 0.0504926 0.0214790 0.0118321 0.0028123 0.0166845 0.0320587 0.1703581 0.0195562 0.0053282 0.0122052 0.0146750 0.0083751 0.0000000 0.3737868 0.0658290 0.0373004 0.0000000 0.0052748 0.0069993
 42 H  42 0.0866301 0.0299587 0.1802692 0.1554766 0.0057496 0.0484274 0.0753033 0.0805216 0.0796066 0.0095081 0.0164330 0.0246062 0.0000000 0.0000000 0.0503778 0.0733708 0.0639857 0.0034280 0.0000000 0.0163472
 43 F  43 0.0183939 0.0000000 0.0122012 0.0048395 0.0227464 0.0058883 0.0100629 0.0061454 0.0000000 0.1347179 0.1552857 0.0097791 0.0385565 0.3729368 0.0125488 0.0151742 0.0273794 0.0270232 0.0520034 0.0743173
 44 L  44 0.0128469 0.0109174 0.0030612 0.0020562 0.0069072 0.0015912 0.0046535 0.0272431 0.0053588 0.0752881 0.5491013 0.0043848 0.0736847 0.0249683 0.0056317 0.0218486 0.0990702 0.0000000 0.0000000 0.0713868
 45 E  45 0.0119280 0.0497778 0.0166775 0.0109208 0.0067299 0.1122695 0.0992964 0.1756262 0.0000000 0.0031014 0.0049434 0.3089644 0.0031522 0.0105955 0.0579703 0.0584417 0.0296619 0.0028923 0.0130804 0.0239704
 46 E  46 0.0139677 0.0548434 0.2295098 0.1145347 0.0218321 0.0217176 0.1081249 0.0911457 0.0269618 0.0062980 0.0095569 0.1079093 0.0049911 0.0000000 0.0212371 0.0686238 0.0692607 0.0000000 0.0163951 0.0130902
 47 I  47 0.0634098 0.0653351 0.0099431 0.0135427 0.0166400 0.1999510 0.0495361 0.0355939 0.0148925 0.0257477 0.0219605 0.1162107 0.0401718 0.0000000 0.1776400 0.0398129 0.0611943 0.0051046 0.0056997 0.0376135
 48 K  48 0.0155256 0.0421073 0.0845934 0.0608955 0.0023132 0.0460967 0.0489305 0.0674632 0.0580053 0.0148391 0.0840807 0.2916759 0.0270688 0.0174224 0.0174499 0.0382562 0.0384537 0.0000000 0.0038627 0.0409600
 49 E  49 0.0117993 0.0283146 0.1218320 0.5268222 0.0038173 0.0177718 0.0622157 0.0408457 0.0061444 0.0038571 0.0096648 0.0072984 0.0026177 0.0000000 0.0149033 0.0592898 0.0590105 0.0000000 0.0000000 0.0237953
 50 Q  50 0.0369262 0.0306089 0.0233374 0.0731443 0.0021567 0.0672797 0.1335608 0.0086316 0.0101099 0.0214919 0.0196873 0.1180986 0.0056041 0.0072835 0.3499279 0.0436542 0.0230733 0.0000000 0.0041897 0.0212339
 51 E  51 0.1354816 0.0334140 0.0459980 0.1192192 0.0277017 0.0535703 0.1472672 0.0823154 0.0347465 0.0113394 0.0412811 0.0834737 0.0154151 0.0000000 0.0438836 0.0566570 0.0211652 0.0000000 0.0220851 0.0249858
 52 V  52 0.1946121 0.0036030 0.0059980 0.0576754 0.0000000 0.0054707 0.1052148 0.0473347 0.0011182 0.0358036 0.0361433 0.0667278 0.0089646 0.0219679 0.0015217 0.0412237 0.2031266 0.0052405 0.0656058 0.0926477
 53 V  53 0.0737595 0.0044039 0.0040121 0.0000000 0.0107056 0.0000000 0.0000000 0.0017585 0.0000000 0.1779059 0.2459426 0.0045015 0.0191949 0.0221487 0.0042988 0.0074345 0.0000000 0.0091482 0.0454556 0.3693297
 54 D  54 0.0349249 0.0274452 0.0598466 0.4780066 0.0139316 0.0479260 0.1529987 0.0257086 0.0084755 0.0044838 0.0026036 0.1022472 0.0000000 0.0000000 0.0023975 0.0181670 0.0167717 0.0000000 0.0000000 0.0040654
 55 K  55 0.0262343 0.0811569 0.0589598 0.0627865 0.0098372 0.0519279 0.2554811 0.0043396 0.0285082 0.0314525 0.0171615 0.2308318 0.0031204 0.0000000 0.0000000 0.0464875 0.0398928 0.0016048 0.0028747 0.0473425
 56 V  56 0.0189955 0.0000000 0.0235034 0.0023332 0.0079668 0.0049728 0.0087593 0.0029006 0.0038613 0.2970199 0.2278561 0.0265108 0.1432948 0.0597326 0.0011717 0.0060046 0.0266013 0.0223356 0.0051038 0.1110759
 57 M  57 0.0000000 0.0058333 0.0000000 0.0000000 0.0000000 0.0048987 0.0000000 0.0043041 0.0000000 0.1240590 0.2304378 0.0018828 0.3874745 0.2204135 0.0000000 0.0042306 0.0000000 0.0041866 0.0000000 0.0122791
 58 E  58 0.0189454 0.1212464 0.0825174 0.0632739 0.0078761 0.1315077 0.1318851 0.0240364 0.0269568 0.0030744 0.0019168 0.2674745 0.0103858 0.0016844 0.0029484 0.0768130 0.0241681 0.0000000 0.0032895 0.0000000
 59 T  59 0.0689298 0.0221959 0.0544910 0.2175381 0.0030596 0.0510084 0.1822971 0.0184989 0.0199162 0.0148226 0.1051368 0.0935817 0.0249079 0.0130009 0.0000000 0.0686677 0.0196076 0.0018220 0.0000000 0.0205180
 60 L  60 0.0838600 0.0000000 0.0045808 0.0000000 0.0065805 0.0128029 0.0000000 0.0041061 0.0000000 0.0292732 0.6297151 0.0269295 0.0539914 0.0240156 0.0044867 0.0000000 0.0101595 0.0000000 0.0046747 0.1048240
 61 D  61 0.0034277 0.0000000 0.0188569 0.9174708 0.0035612 0.0000000 0.0124952 0.0294894 0.0021708 0.0018640 0.0000000 0.0000000 0.0043039 0.0000000 0.0000000 0.0021733 0.0041866 0.0000000 0.0000000 0.0000000
 62 E  62 0.0978672 0.0901823 0.0112543 0.0213246 0.0013501 0.0697395 0.1057845 0.0152274 0.0142649 0.0749694 0.0884230 0.1534540 0.0187209 0.0102779 0.0000000 0.0486089 0.1184801 0.0025816 0.0000000 0.0574895
 63 D  63 0.0000000 0.0064868 0.5373416 0.3515635 0.0276469 0.0167843 0.0053681 0.0033956 0.0164948 0.0000000 0.0000000 0.0107739 0.0000000 0.0000000 0.0000000 0.0125550 0.0047683 0.0000000 0.0033625 0.0034587
 64 G  64 0.0195044 0.0942076 0.0733673 0.0152835 0.0217570 0.0791302 0.0263418 0.2100551 0.0975000 0.0000000 0.0072716 0.1885242 0.0029349 0.0069568 0.0132738 0.1092364 0.0320565 0.0000000 0.0000000 0.0025987
 65 D  65 0.0023670 0.0000000 0.1085795 0.7723952 0.0000000 0.0000000 0.0287557 0.0250388 0.0090735 0.0000000 0.0000000 0.0022734 0.0000000 0.0000000 0.0000000 0.0294845 0.0184400 0.0000000 0.0035925 0.0000000
 66 G  66 0.0309268 0.0278551 0.0881298 0.0319473 0.0131700 0.0632214 0.0211470 0.5562961 0.0046440 0.0000000 0.0018025 0.0892040 0.0000000 0.0000000 0.0000000 0.0622628 0.0000000 0.0051885 0.0042047 0.0000000
 67 E  67 0.0365560 0.0878103 0.0100412 0.0040402 0.0143247 0.1788758 0.2045128 0.0084248 0.0325309 0.0073076 0.0283600 0.2040245 0.0000000 0.0055899 0.0000000 0.0240849 0.0882490 0.0000000 0.0229607 0.0423068
 68 C  68 0.0000000 0.0000000 0.0000000 0.0000000 0.0112936 0.0000000 0.0034180 0.0000000 0.0000000 0.3381126 0.2061066 0.0000000 0.0114105 0.0021757 0.0030719 0.0000000 0.0027660 0.0000000 0.0000000 0.4216450
 69 D  69 0.0000000 0.0091303 0.1543504 0.4817081 0.0223693 0.0042127 0.0395687 0.0304557 0.0000000 0.0014752 0.0000000 0.0157383 0.0000000 0.0000000 0.0000000 0.1824947 0.0520296 0.0000000 0.0024908 0.0039761
 70 F  70 0.0000000 0.0000000 0.0000000 0.0000000 0.0000000 0.0054847 0.0000000 0.0000000 0.0000000 0.0000000 0.0167573 0.0000000 0.0000000 0.9129324 0.0000000 0.0044753 0.0000000 0.0000000 0.0603503 0.0000000
 71 Q  71 0.0197542 0.0362767 0.0694552 0.1235385 0.0043531 0.2141387 0.2529426 0.0284399 0.0408790 0.0027817 0.0076440 0.0641319 0.0049108 0.0000000 0.0089506 0.0567260 0.0554894 0.0000000 0.0000000 0.0095879
 72 E  72 0.0000000 0.0000000 0.0167913 0.0385089 0.0000000 0.0149321 0.8714459 0.0026271 0.0075254 0.0000000 0.0000000 0.0042103 0.0058562 0.0000000 0.0000000 0.0381030 0.0000000 0.0000000 0.0000000 0.0000000
 73 F  73 0.0000000 0.0000000 0.0000000 0.0000000 0.0119170 0.0000000 0.0000000 0.0000000 0.0000000 0.0000000 0.0099699 0.0000000 0.0000000 0.7798153 0.0000000 0.0025870 0.0000000 0.0049089 0.1845436 0.0062583
 74 M  74 0.0268697 0.0041220 0.0000000 0.0000000 0.0319178 0.0087080 0.0055041 0.0000000 0.0026968 0.0681912 0.2986640 0.0038399 0.1069609 0.0400005 0.0064789 0.0310161 0.0075127 0.0789133 0.0032509 0.2753533
 75 A  75 0.0605584 0.0659548 0.0745585 0.0199826 0.0139917 0.0448524 0.0312579 0.0123182 0.0093029 0.0725118 0.1516947 0.0263575 0.0445367 0.0089371 0.0142661 0.1074862 0.1037983 0.0000000 0.0263090 0.1113253
 76 F  76 0.0441365 0.0000000 0.0000000 0.0000000 0.0095985 0.0119896 0.0000000 0.0054020 0.0035599 0.0308862 0.4855962 0.0000000 0.1979397 0.1215555 0.0000000 0.0137012 0.0049336 0.0000000 0.0088489 0.0618520
 77 V  77 0.0059486 0.0000000 0.0000000 0.0000000 0.0000000 0.0000000 0.0000000 0.0023586 0.0000000 0.2638008 0.2066214 0.0000000 0.1381685 0.0150681 0.0000000 0.0000000 0.0262390 0.0000000 0.0188807 0.3229144
 78 S  78 0.2344747 0.0108159 0.0085720 0.0109310 0.0181312 0.0265178 0.0062515 0.2713622 0.0000000 0.0252742 0.0435351 0.0191177 0.0051921 0.1676880 0.0000000 0.0580978 0.0510494 0.0000000 0.0000000 0.0429894
 79 M  79 0.0713115 0.1166167 0.0342338 0.0462720 0.0404343 0.0418694 0.0466781 0.1649411 0.0018555 0.0043284 0.0177663 0.2263748 0.0233720 0.0000000 0.0000000 0.0887954 0.0347627 0.0047060 0.0202092 0.0154730
 80 V  80 0.0178988 0.0025736 0.0000000 0.0000000 0.0038125 0.0105100 0.0030129 0.0000000 0.0000000 0.1487639 0.5701894 0.0047222 0.0324609 0.0116253 0.0000000 0.0092323 0.0113382 0.0000000 0.0000000 0.1738599
 81 T  81 0.4064727 0.0048481 0.0000000 0.0000000 0.0399252 0.0000000 0.0000000 0.0253900 0.0000000 0.0215560 0.0930146 0.0000000 0.0347512 0.0108324 0.0000000 0.0476782 0.2542288 0.0000000 0.0000000 0.0613028
 82 T  82 0.0126651 0.0306953 0.0782646 0.0118830 0.0261858 0.1245165 0.0070883 0.0031760 0.0042239 0.1415727 0.0576412 0.0914268 0.1111613 0.0075851 0.0039834 0.0386271 0.0821010 0.0046367 0.0047521 0.1578142
 83 A  83 0.4554027 0.0058814 0.0000000 0.0853837 0.0332245 0.0157802 0.0172109 0.0306064 0.0110807 0.0423989 0.0665303 0.0118669 0.0702707 0.0080030 0.0253925 0.0112125 0.0413125 0.0083572 0.0170124 0.0430727
 84 C  84 0.0702027 0.0061523 0.0000000 0.0137667 0.5581568 0.0163639 0.0000000 0.0155119 0.0098634 0.0181235 0.0110208 0.0023409 0.0058170 0.0213145 0.0000000 0.0786387 0.0170716 0.0076224 0.1389978 0.0090353
 85 H  85 0.0191996 0.0000000 0.2520832 0.0184597 0.0000000 0.0069159 0.0261787 0.0000000 0.4345536 0.0000000 0.0000000 0.0184801 0.0000000 0.0387408 0.0000000 0.0120263 0.0059232 0.0000000 0.1674388 0.0000000
 86 E  86 0.0177787 0.0174561 0.0553857 0.1553922 0.0099749 0.0232627 0.3097497 0.0423575 0.0445281 0.0028821 0.0635413 0.1797910 0.0000000 0.0000000 0.0000000 0.0314212 0.0036949 0.0000000 0.0387577 0.0040263
 87 F  87 0.0743900 0.0205062 0.0189586 0.0641632 0.0270871 0.0587941 0.0305021 0.0027368 0.0365411 0.0555162 0.0468745 0.0782998 0.0031195 0.1536121 0.0000000 0.1024394 0.0406476 0.0000000 0.1547402 0.0310713
 88 F  88 0.0000000 0.0000000 0.0035776 0.0000000 0.0048773 0.0000000 0.0000000 0.0000000 0.0050863 0.1407507 0.1999550 0.0043352 0.0627876 0.3878032 0.0000000 0.0820096 0.0354536 0.0000000 0.0605552 0.0128087
 89 E  89 0.0034403 0.0609110 0.0123088 0.0509951 0.0000000 0.1154563 0.0821863 0.0490787 0.2944473 0.0069532 0.0679054 0.0811667 0.0037422 0.0000000 0.0000000 0.0805785 0.0202412 0.0000000 0.0000000 0.0705891
 90 H  90 0.0172457 0.1074761 0.0291054 0.0051103 0.0000000 0.1467672 0.2384439 0.0251486 0.0290252 0.0044305 0.0107161 0.3583772 0.0000000 0.0000000 0.0000000 0.0281538 0.0000000 0.0000000 0.0000000 0.0000000
 91 E  91 0.0000000 0.0000000 0.0000000 0.1040568 0.0000000 0.3012557 0.3974012 0.0000000 0.0000000 0.0000000 0.0000000 0.1972863 0.0000000 0.0000000 0.0000000 0.0000000 0.0000000 0.0000000 0.0000000 0.0000000
