   91         A         R         N         D         C         Q         E         G         H         I         L         K         M         F         P         S         T         W         Y         V         X    
  1 S   1 0.0000000 0.0000000 0.0000000 0.0000000 0.0000000 0.0000000 0.0000000 0.0000000 0.0000000 0.0000000 0.0000000 0.0000000 0.0000000 0.0000000 0.0000000 0.2942656 0.2652368 0.0000000 0.0000000 0.0000000 0.4404977
  2 E   2 0.0025638 0.0359962 0.0073001 0.1274195 0.0000000 0.1435172 0.1617569 0.0037213 0.0000000 0.0000000 0.0072520 0.0560952 0.0000000 0.0000000 0.0993795 0.0118653 0.0288511 0.0000000 0.0044331 0.0016154 0.3082333
  3 L   3 0.0221970 0.0000000 0.0017235 0.0000000 0.0000000 0.0000000 0.0027589 0.0000000 0.0000000 0.0173447 0.4823939 0.0000000 0.0905537 0.0066618 0.0000000 0.0220380 0.0477678 0.0000000 0.0000000 0.0396513 0.2669093
  4 E   4 0.0037761 0.0000000 0.0026474 0.0159264 0.0000000 0.0207856 0.5529321 0.0000000 0.0000000 0.0026139 0.1397703 0.0039062 0.0000000 0.0034734 0.0023086 0.0030357 0.0066925 0.0000000 0.0000000 0.0000000 0.2421317
  5 K   5 0.0196127 0.1454230 0.0437977 0.0326419 0.0078079 0.0845645 0.0826060 0.0084902 0.0410439 0.0044449 0.0230339 0.1439822 0.0125754 0.0000000 0.0000000 0.0526940 0.0477448 0.0047323 0.0033782 0.0029437 0.2384828
  6 A   6 0.3476333 0.0000000 0.0449431 0.0315618 0.0582919 0.0000000 0.0294116 0.0264451 0.0162403 0.0000000 0.0089231 0.0000000 0.0000000 0.0057444 0.0000000 0.1615348 0.0185302 0.0000000 0.0018338 0.0131592 0.2357476
  7 M   7 0.0080525 0.0051762 0.0000000 0.0025723 0.0019967 0.0015268 0.0044331 0.0000000 0.0000000 0.3635940 0.1159514 0.0000000 0.1887817 0.0075815 0.0088361 0.0000000 0.0041729 0.0000000 0.0000000 0.0863917 0.2009332
  8 V   8 0.0839001 0.0214646 0.0591490 0.0550128 0.0118268 0.0262159 0.2683474 0.0296437 0.0138583 0.0274765 0.0621816 0.0357213 0.0071595 0.0381076 0.0023769 0.0176239 0.0211481 0.0000000 0.0000000 0.0584710 0.1603147
  9 A   9 0.0596966 0.0051762 0.0478836 0.0366915 0.0384217 0.0238036 0.0614616 0.0574234 0.0053915 0.0081101 0.0425947 0.0268817 0.0162889 0.0049996 0.0075494 0.1103895 0.2445780 0.0000000 0.0000000 0.0423438 0.1603147
 10 L  10 0.0394278 0.0038217 0.0000000 0.0000000 0.0000000 0.0000000 0.0000000 0.0000000 0.0000000 0.2495371 0.3152978 0.0000000 0.0928475 0.0071330 0.0047624 0.0000000 0.0209541 0.0000000 0.0000000 0.1351021 0.1311164
 11 I  11 0.0327310 0.0439963 0.0021603 0.0000000 0.0000000 0.0065069 0.0053937 0.0000000 0.0000000 0.3836214 0.0502958 0.0255267 0.0536605 0.0325623 0.0000000 0.0051884 0.0251701 0.0000000 0.0052547 0.2059885 0.1219432
 12 D  12 0.0974236 0.0539337 0.0730141 0.1294492 0.0105191 0.0101225 0.1436264 0.0155317 0.0202919 0.0020634 0.0579638 0.0884654 0.0138783 0.0347428 0.0000000 0.0542200 0.0660346 0.0000000 0.0097935 0.0079878 0.1109382
 13 V  13 0.0939442 0.0045163 0.0251176 0.0000000 0.0387870 0.0265302 0.0081693 0.0024218 0.0000000 0.1239548 0.0525291 0.0061892 0.0188324 0.0000000 0.0000000 0.0074615 0.1954570 0.0000000 0.0000000 0.2913788 0.1047109
 14 F  14 0.0000000 0.0000000 0.0000000 0.0000000 0.0030988 0.0000000 0.0000000 0.0000000 0.0000000 0.0062135 0.0055848 0.0031620 0.0000000 0.8395473 0.0000000 0.0000000 0.0000000 0.0000000 0.0573007 0.0038311 0.0812618
 15 H  15 0.0072282 0.0570008 0.0475294 0.0299256 0.0060461 0.1638096 0.0269390 0.0143052 0.3678100 0.0038205 0.0209770 0.0582314 0.0073061 0.0139063 0.0051901 0.0033671 0.0015559 0.0000000 0.0452053 0.0078054 0.1120411
 16 Q  16 0.0202854 0.1057742 0.0536820 0.0047581 0.0128343 0.1490138 0.0679586 0.0023019 0.0260489 0.0030760 0.0102229 0.3366799 0.0193394 0.0015278 0.0000000 0.0205476 0.0318371 0.0022744 0.0000000 0.0166307 0.1152070
 17 Y  17 0.0175837 0.0000000 0.0037093 0.0139283 0.0069764 0.0000000 0.0000000 0.0000000 0.0492739 0.0026220 0.0050579 0.0000000 0.0045163 0.1594362 0.0000000 0.0307800 0.0000000 0.0000000 0.5879942 0.0000000 0.1181217
 18 S  18 0.4020669 0.0048422 0.0039199 0.0476499 0.0070477 0.0000000 0.0062135 0.0000000 0.0000000 0.0101502 0.0021522 0.0000000 0.0034627 0.0192287 0.0000000 0.2783994 0.0347003 0.0000000 0.0000000 0.0115728 0.1685936
 19 G  19 0.0594946 0.0878736 0.0049193 0.1640014 0.0078603 0.0185804 0.0177149 0.2297856 0.0028605 0.0195505 0.0237929 0.0523468 0.0069244 0.0021257 0.0000000 0.0801961 0.0381821 0.0000000 0.0000000 0.0518835 0.1319072
 20 R  20 0.0166129 0.1552478 0.0332629 0.0621596 0.0059969 0.0580655 0.0584320 0.0152157 0.0202430 0.0133013 0.0206601 0.2435542 0.0034154 0.0066099 0.0186986 0.0462557 0.0513440 0.0000000 0.0047656 0.0124445 0.1537142
 21 E  21 0.0271513 0.0067424 0.0461507 0.3521886 0.0114939 0.0211837 0.2368949 0.0160414 0.0182734 0.0030104 0.0106056 0.0622227 0.0014275 0.0000000 0.0064115 0.0206657 0.0057272 0.0000000 0.0062296 0.0124817 0.1350980
 22 G  22 0.0042420 0.0091999 0.0089383 0.0948950 0.0177000 0.0000000 0.0226607 0.6567150 0.0000000 0.0000000 0.0000000 0.0417810 0.0000000 0.0021257 0.0084190 0.0291224 0.0057978 0.0000000 0.0000000 0.0049450 0.0934582
 23 D  23 0.0042603 0.0330283 0.1995531 0.3267490 0.0070943 0.0113570 0.0522292 0.0476373 0.0549966 0.0000000 0.0000000 0.0418431 0.0000000 0.0000000 0.0026672 0.0499733 0.0107745 0.0000000 0.0076682 0.0215087 0.1286598
 24 K  24 0.0180576 0.0312474 0.0537664 0.0198922 0.0651069 0.0084473 0.0055444 0.0814661 0.0099470 0.0000000 0.0098514 0.2548667 0.0107155 0.0139637 0.0558030 0.1263494 0.0287402 0.0038311 0.0227007 0.0172082 0.1624947
 25 H  25 0.0523461 0.0155439 0.0545583 0.1514087 0.0351105 0.0086863 0.0731058 0.2196269 0.0468154 0.0000000 0.0264297 0.0313697 0.0050247 0.0555927 0.0140267 0.0352748 0.0314982 0.0079398 0.0419158 0.0057170 0.0880091
 26 K  26 0.0530192 0.0314615 0.0186999 0.0000000 0.0045364 0.0536277 0.0085702 0.0062463 0.0085996 0.0000000 0.0261638 0.1757597 0.0217892 0.0042729 0.0041528 0.0747462 0.2988563 0.0000000 0.1168485 0.0241857 0.0684640
 27 L  27 0.0000000 0.0051932 0.0000000 0.0000000 0.0000000 0.0000000 0.0000000 0.0000000 0.0053604 0.2418249 0.6379233 0.0000000 0.0523052 0.0041439 0.0000000 0.0049450 0.0000000 0.0000000 0.0000000 0.0259552 0.0223489
 28 K  28 0.0019303 0.0046352 0.1091154 0.0731704 0.0333192 0.0074429 0.0242081 0.0211788 0.0000000 0.0026384 0.0000000 0.0297333 0.0184154 0.0038235 0.0049450 0.4324469 0.1828436 0.0000000 0.0240902 0.0016288 0.0244347
 29 K  29 0.0446720 0.1511389 0.0221742 0.0080877 0.0084795 0.0373964 0.0038541 0.0215429 0.0125385 0.0153595 0.0362910 0.4866864 0.0012088 0.0155366 0.0239917 0.0170047 0.0230667 0.0000000 0.0148753 0.0306205 0.0254745
 30 S  30 0.1182705 0.0522238 0.0323281 0.1177047 0.0030700 0.0444653 0.1475900 0.1260521 0.0014248 0.0013242 0.0026080 0.1459727 0.0013416 0.0000000 0.0172781 0.0758887 0.0751579 0.0028971 0.0062234 0.0057329 0.0224464
 31 E  31 0.0129049 0.0066658 0.0113636 0.0974827 0.0000000 0.0200801 0.7580586 0.0162006 0.0026140 0.0020910 0.0000000 0.0153641 0.0000000 0.0000000 0.0000000 0.0195443 0.0137637 0.0000000 0.0000000 0.0027270 0.0211394
 32 L  32 0.0271503 0.0000000 0.0000000 0.0000000 0.0000000 0.0000000 0.0000000 0.0000000 0.0000000 0.0102920 0.6546922 0.0000000 0.0475125 0.2047116 0.0091179 0.0066410 0.0058696 0.0000000 0.0000000 0.0128734 0.0211394
 33 K  33 0.0376439 0.1734062 0.0049122 0.0013876 0.0047751 0.0792729 0.0271695 0.0187574 0.0142848 0.0041763 0.0713658 0.4756387 0.0025381 0.0083379 0.0037761 0.0226291 0.0116941 0.0000000 0.0024218 0.0109461 0.0248666
 34 E  34 0.0499369 0.0665421 0.0623556 0.0749589 0.0000000 0.1361377 0.2112693 0.0183136 0.0289003 0.0067438 0.0278623 0.1188582 0.0121868 0.0000000 0.0027052 0.0719056 0.0489067 0.0000000 0.0000000 0.0351961 0.0272208
 35 L  35 0.0842178 0.0000000 0.0000000 0.0000000 0.0000000 0.0000000 0.0000000 0.0146661 0.0000000 0.0148469 0.6438537 0.0000000 0.0823808 0.0671142 0.0000000 0.0017583 0.0089456 0.0000000 0.0018861 0.0514508 0.0288797
 36 I  36 0.0085218 0.0000000 0.0000000 0.0000000 0.0000000 0.0000000 0.0000000 0.0000000 0.0000000 0.1001639 0.4955757 0.0038217 0.2191165 0.0163898 0.0020858 0.0042400 0.0081708 0.0000000 0.0000000 0.1164139 0.0255001
 37 N  37 0.0196436 0.0784371 0.1068341 0.0106217 0.0000000 0.1579605 0.2191021 0.0232886 0.0178125 0.0018041 0.0520209 0.1049014 0.0132387 0.0014734 0.0000000 0.0257063 0.1132960 0.0000000 0.0019240 0.0086269 0.0433080
 38 N  38 0.0695758 0.0732965 0.0654123 0.0524556 0.0038998 0.0583115 0.0638686 0.0349967 0.0107279 0.0089896 0.0023874 0.2615758 0.0064139 0.0014529 0.0022140 0.0856531 0.1448107 0.0000000 0.0017304 0.0083544 0.0438730
 39 E  39 0.0070077 0.0058221 0.0470063 0.0234426 0.0000000 0.1185203 0.5655922 0.0051696 0.0020937 0.0038859 0.0365017 0.0127852 0.0114776 0.0000000 0.0000000 0.0182618 0.0118822 0.0000000 0.0000000 0.0000000 0.1305511
 40 L  40 0.0314608 0.0030104 0.0000000 0.0026061 0.0285595 0.0000000 0.0041528 0.0090283 0.0022013 0.0192790 0.4024677 0.0000000 0.0282104 0.2663676 0.0262857 0.0087135 0.0025807 0.0000000 0.0100782 0.0261945 0.1288035
 41 S  41 0.1244310 0.0419049 0.0181142 0.0103729 0.0023468 0.0141320 0.0290021 0.1467650 0.0154657 0.0050058 0.0103548 0.0122906 0.0072685 0.0000000 0.3321149 0.0604160 0.0309270 0.0000000 0.0045163 0.0059555 0.1286158
 42 H  42 0.0811570 0.0250757 0.1516490 0.1330855 0.0047476 0.0422601 0.0656715 0.0753463 0.0746691 0.0080041 0.0145657 0.0205330 0.0000000 0.0000000 0.0427305 0.0635399 0.0538783 0.0030104 0.0000000 0.0155406 0.1245356
 43 F  43 0.0170016 0.0000000 0.0109806 0.0050088 0.0210137 0.0061934 0.0085194 0.0060014 0.0000000 0.1137865 0.1470618 0.0093665 0.0331718 0.3256707 0.0114911 0.0125979 0.0246345 0.0236747 0.0454477 0.0629494 0.1154283
 44 L  44 0.0117710 0.0104621 0.0028407 0.0019919 0.0068045 0.0016873 0.0041294 0.0252338 0.0057570 0.0692209 0.5209333 0.0041940 0.0690307 0.0226828 0.0053602 0.0214463 0.0906313 0.0000000 0.0000000 0.0661243 0.0596986
 45 E  45 0.0112235 0.0443608 0.0153032 0.0108178 0.0059786 0.1020550 0.0960088 0.1749607 0.0000000 0.0029342 0.0044331 0.2811495 0.0028094 0.0094017 0.0574607 0.0518224 0.0271345 0.0025712 0.0131934 0.0220921 0.0642895
 46 E  46 0.0123004 0.0471023 0.1978112 0.1027402 0.0185212 0.0196299 0.1044923 0.0814909 0.0242789 0.0055882 0.0094030 0.0929966 0.0050478 0.0000000 0.0196535 0.0598574 0.0602867 0.0000000 0.0156025 0.0111777 0.1120191
 47 I  47 0.0582147 0.0588778 0.0086548 0.0121463 0.0142695 0.1781320 0.0433994 0.0314809 0.0122209 0.0240771 0.0190602 0.1032931 0.0388428 0.0000000 0.1599165 0.0358695 0.0534848 0.0045163 0.0054528 0.0333858 0.1047049
 48 K  48 0.0141106 0.0363616 0.0733906 0.0522224 0.0020384 0.0420567 0.0422895 0.0618904 0.0513172 0.0130804 0.0842156 0.2524003 0.0238653 0.0156337 0.0169122 0.0344147 0.0347761 0.0000000 0.0035268 0.0376265 0.1078712
 49 E  49 0.0112289 0.0241184 0.1060302 0.4584591 0.0033464 0.0150337 0.0586303 0.0360757 0.0052543 0.0035424 0.0103184 0.0068049 0.0023256 0.0000000 0.0129891 0.0555647 0.0531979 0.0000000 0.0000000 0.0219739 0.1151062
 50 Q  50 0.0337429 0.0286817 0.0215387 0.0697948 0.0018786 0.0614462 0.1237720 0.0122613 0.0093346 0.0195576 0.0187100 0.1064379 0.0051488 0.0071719 0.3141101 0.0406128 0.0210404 0.0000000 0.0042473 0.0198977 0.0806147
 51 E  51 0.1261135 0.0329728 0.0417823 0.1098643 0.0252796 0.0500482 0.1373314 0.0776070 0.0317472 0.0101999 0.0411380 0.0756565 0.0149981 0.0000000 0.0416062 0.0542515 0.0226582 0.0000000 0.0198726 0.0254578 0.0614148
 52 V  52 0.1828227 0.0033197 0.0056610 0.0557118 0.0000000 0.0051095 0.1100107 0.0426154 0.0012247 0.0347849 0.0327350 0.0637787 0.0080820 0.0214533 0.0014307 0.0391133 0.1886952 0.0048422 0.0604032 0.0846311 0.0535750
 53 V  53 0.0702074 0.0041034 0.0038859 0.0000000 0.0104435 0.0000000 0.0000000 0.0016259 0.0000000 0.1724702 0.2452136 0.0043711 0.0181516 0.0211940 0.0041528 0.0070583 0.0000000 0.0085655 0.0428737 0.3619130 0.0237702
 54 D  54 0.0342834 0.0271235 0.0584587 0.4717306 0.0132126 0.0474900 0.1497326 0.0254255 0.0075749 0.0043711 0.0027671 0.0986016 0.0000000 0.0000000 0.0022530 0.0178491 0.0161902 0.0000000 0.0000000 0.0037968 0.0191390
 55 K  55 0.0259640 0.0785116 0.0561916 0.0606478 0.0089443 0.0500443 0.2624634 0.0049169 0.0253580 0.0304332 0.0168599 0.2247234 0.0029143 0.0000000 0.0000000 0.0448875 0.0369929 0.0016471 0.0027329 0.0449809 0.0207860
 56 V  56 0.0187317 0.0000000 0.0221319 0.0022086 0.0076339 0.0047455 0.0082011 0.0027052 0.0037281 0.2899830 0.2181612 0.0254198 0.1438690 0.0565555 0.0012351 0.0055480 0.0260944 0.0213390 0.0048422 0.1068621 0.0300046
 57 M  57 0.0000000 0.0056226 0.0000000 0.0000000 0.0000000 0.0047557 0.0000000 0.0041373 0.0000000 0.1274065 0.2312549 0.0017428 0.3697828 0.2132972 0.0000000 0.0039974 0.0000000 0.0039074 0.0000000 0.0117527 0.0223425
 58 E  58 0.0190354 0.1261797 0.0793175 0.0626202 0.0076271 0.1279127 0.1254677 0.0234676 0.0265833 0.0030278 0.0018202 0.2590302 0.0099110 0.0015990 0.0028614 0.0749396 0.0231971 0.0000000 0.0030602 0.0000000 0.0223425
 59 T  59 0.0658132 0.0231292 0.0515451 0.2135599 0.0029806 0.0500234 0.1857451 0.0179353 0.0191240 0.0145210 0.1020703 0.0874956 0.0238614 0.0124107 0.0000000 0.0653098 0.0194201 0.0021083 0.0000000 0.0206045 0.0223425
 60 L  60 0.0840312 0.0000000 0.0045593 0.0000000 0.0067951 0.0121616 0.0000000 0.0041216 0.0000000 0.0302469 0.5983808 0.0251805 0.0566943 0.0242205 0.0043711 0.0000000 0.0099552 0.0000000 0.0045163 0.1124230 0.0223425
 61 D  61 0.0037761 0.0000000 0.0178458 0.8990433 0.0032866 0.0000000 0.0116987 0.0274919 0.0020394 0.0024415 0.0000000 0.0000000 0.0040664 0.0000000 0.0000000 0.0020603 0.0039074 0.0000000 0.0000000 0.0000000 0.0223425
 62 E  62 0.0948659 0.0865935 0.0109931 0.0202727 0.0012963 0.0668138 0.1003770 0.0143432 0.0138491 0.0734769 0.0928032 0.1498466 0.0198217 0.0098954 0.0000000 0.0469266 0.1167153 0.0024258 0.0000000 0.0563413 0.0223425
 63 D  63 0.0000000 0.0058727 0.5160232 0.3391635 0.0278132 0.0155091 0.0049732 0.0031343 0.0154131 0.0000000 0.0000000 0.0099030 0.0000000 0.0000000 0.0000000 0.0120870 0.0045844 0.0000000 0.0031268 0.0036837 0.0387129
 64 G  64 0.0184697 0.0890240 0.0720310 0.0148136 0.0204555 0.0740817 0.0251014 0.2178909 0.0924671 0.0000000 0.0074668 0.1800635 0.0027866 0.0067267 0.0123853 0.1030363 0.0302212 0.0000000 0.0000000 0.0024192 0.0305595
 65 D  65 0.0022218 0.0000000 0.1037624 0.7515718 0.0000000 0.0000000 0.0270357 0.0234953 0.0084035 0.0000000 0.0000000 0.0020921 0.0000000 0.0000000 0.0000000 0.0285970 0.0173426 0.0000000 0.0032866 0.0000000 0.0321913
 66 G  66 0.0303205 0.0256335 0.0824117 0.0300745 0.0124844 0.0586364 0.0198813 0.5559091 0.0043093 0.0000000 0.0017008 0.0829280 0.0000000 0.0000000 0.0000000 0.0595777 0.0000000 0.0047624 0.0039074 0.0000000 0.0274630
 67 E  67 0.0348911 0.0884675 0.0095952 0.0041086 0.0137882 0.1696099 0.1964228 0.0080253 0.0300267 0.0070078 0.0290094 0.1972058 0.0000000 0.0065791 0.0000000 0.0232679 0.0906730 0.0000000 0.0222929 0.0406403 0.0283886
 68 C  68 0.0000000 0.0000000 0.0000000 0.0000000 0.0104076 0.0000000 0.0036837 0.0000000 0.0000000 0.3358893 0.1922107 0.0000000 0.0107553 0.0020258 0.0022944 0.0000000 0.0025471 0.0000000 0.0000000 0.4117976 0.0283886
 69 D  69 0.0000000 0.0090792 0.1502870 0.4672760 0.0208620 0.0042205 0.0368110 0.0295496 0.0000000 0.0022056 0.0000000 0.0147099 0.0000000 0.0000000 0.0000000 0.1764082 0.0510160 0.0000000 0.0023295 0.0036684 0.0315769
 70 F  70 0.0000000 0.0000000 0.0000000 0.0000000 0.0000000 0.0051067 0.0000000 0.0000000 0.0000000 0.0000000 0.0160927 0.0000000 0.0000000 0.8793898 0.0000000 0.0039199 0.0000000 0.0000000 0.0639139 0.0000000 0.0315769
 71 Q  71 0.0195375 0.0349167 0.0668843 0.1265601 0.0040664 0.2021963 0.2489622 0.0269015 0.0386289 0.0025412 0.0072787 0.0604942 0.0046466 0.0000000 0.0085810 0.0532942 0.0510634 0.0000000 0.0000000 0.0089869 0.0344597
 72 E  72 0.0000000 0.0000000 0.0154733 0.0361585 0.0000000 0.0133175 0.8428297 0.0023741 0.0071114 0.0000000 0.0000000 0.0038235 0.0053604 0.0000000 0.0000000 0.0375160 0.0000000 0.0000000 0.0000000 0.0000000 0.0360356
 73 F  73 0.0000000 0.0000000 0.0000000 0.0000000 0.0115717 0.0000000 0.0000000 0.0000000 0.0000000 0.0000000 0.0090875 0.0000000 0.0000000 0.7581417 0.0000000 0.0023249 0.0000000 0.0044243 0.1727477 0.0056666 0.0360356
 74 M  74 0.0245515 0.0039147 0.0000000 0.0000000 0.0306905 0.0084609 0.0053788 0.0000000 0.0025381 0.0629204 0.2693264 0.0037371 0.0993017 0.0368121 0.0055886 0.0269228 0.0066775 0.0720777 0.0032498 0.2667038 0.0711474
 75 A  75 0.0587870 0.0630386 0.0649725 0.0177312 0.0124455 0.0427820 0.0288937 0.0111802 0.0086018 0.0646117 0.1339048 0.0249428 0.0450088 0.0083322 0.0132211 0.0968236 0.0942357 0.0000000 0.0235374 0.0988204 0.0881290
 76 F  76 0.0403247 0.0000000 0.0000000 0.0000000 0.0085194 0.0108283 0.0000000 0.0048422 0.0023987 0.0283325 0.4315530 0.0000000 0.1947528 0.1087113 0.0000000 0.0121836 0.0043073 0.0000000 0.0077901 0.0552875 0.0901685
 77 V  77 0.0052057 0.0000000 0.0000000 0.0000000 0.0000000 0.0000000 0.0000000 0.0020265 0.0000000 0.2335319 0.1899284 0.0000000 0.1355298 0.0132185 0.0000000 0.0000000 0.0227590 0.0000000 0.0171494 0.2840738 0.0965770
 78 S  78 0.1877966 0.0089443 0.0067854 0.0090024 0.0146731 0.0226799 0.0049973 0.2181881 0.0000000 0.0203573 0.0350517 0.0163115 0.0043612 0.1335004 0.0000000 0.0510129 0.0408133 0.0000000 0.0000000 0.0340812 0.1914433
 79 M  79 0.0556865 0.0949240 0.0272745 0.0366885 0.0318637 0.0319273 0.0377137 0.1310286 0.0014910 0.0033908 0.0130788 0.1799979 0.0183418 0.0000000 0.0000000 0.0697797 0.0274200 0.0036867 0.0162978 0.0119888 0.2074200
 80 V  80 0.0138106 0.0021166 0.0000000 0.0000000 0.0029806 0.0079758 0.0023852 0.0000000 0.0000000 0.1134805 0.4327658 0.0035621 0.0238984 0.0086519 0.0000000 0.0069807 0.0086667 0.0000000 0.0000000 0.1322397 0.2404854
 81 T  81 0.3000861 0.0035621 0.0000000 0.0000000 0.0294095 0.0000000 0.0000000 0.0189610 0.0000000 0.0155713 0.0693359 0.0000000 0.0256166 0.0081760 0.0000000 0.0359814 0.1880342 0.0000000 0.0000000 0.0439921 0.2612737
 82 T  82 0.0089852 0.0217312 0.0561697 0.0084705 0.0186095 0.0885039 0.0052477 0.0022242 0.0023741 0.1019832 0.0409125 0.0652380 0.0768434 0.0053348 0.0029642 0.0279312 0.0589371 0.0032402 0.0033874 0.1098605 0.2910517
 83 A  83 0.2956744 0.0038522 0.0000000 0.0554121 0.0215668 0.0103543 0.0112354 0.0199719 0.0071496 0.0277678 0.0448476 0.0079157 0.0452242 0.0052788 0.0164138 0.0072999 0.0269237 0.0053604 0.0111873 0.0278466 0.3487174
 84 C  84 0.0449261 0.0039437 0.0000000 0.0087781 0.3565962 0.0105752 0.0000000 0.0098735 0.0064608 0.0114036 0.0070584 0.0014856 0.0036684 0.0125058 0.0000000 0.0497915 0.0107272 0.0047624 0.0888736 0.0058470 0.3627229
 85 H  85 0.0114036 0.0000000 0.1521354 0.0111206 0.0000000 0.0041113 0.0156422 0.0000000 0.2601516 0.0000000 0.0000000 0.0112549 0.0000000 0.0233918 0.0000000 0.0066847 0.0035621 0.0000000 0.1003118 0.0000000 0.4002299
 86 E  86 0.0100735 0.0098906 0.0312435 0.0863999 0.0056033 0.0131378 0.1753607 0.0244587 0.0246047 0.0016212 0.0359842 0.1016943 0.0000000 0.0000000 0.0000000 0.0183831 0.0021122 0.0000000 0.0226959 0.0022744 0.4344621
 87 F  87 0.0420462 0.0114044 0.0105438 0.0364419 0.0151541 0.0325857 0.0166338 0.0015613 0.0202906 0.0312195 0.0264091 0.0430851 0.0017961 0.0852197 0.0000000 0.0561394 0.0231374 0.0000000 0.0887836 0.0172852 0.4402632
 88 F  88 0.0000000 0.0000000 0.0019486 0.0000000 0.0026582 0.0000000 0.0000000 0.0000000 0.0027833 0.0778764 0.1108037 0.0023829 0.0341825 0.2127137 0.0000000 0.0453777 0.0193774 0.0000000 0.0343552 0.0071789 0.4483616
 89 E  89 0.0017037 0.0300206 0.0061354 0.0247755 0.0000000 0.0575001 0.0412139 0.0241497 0.1452100 0.0034120 0.0332261 0.0399353 0.0018455 0.0000000 0.0000000 0.0408230 0.0091986 0.0000000 0.0000000 0.0357472 0.5051034
 90 H  90 0.0065569 0.0406859 0.0107192 0.0019610 0.0000000 0.0577767 0.0925847 0.0097322 0.0112775 0.0017146 0.0041405 0.1400856 0.0000000 0.0000000 0.0000000 0.0109533 0.0000000 0.0000000 0.0000000 0.0000000 0.6118118
 91 E  91 0.0000000 0.0000000 0.0000000 0.0245950 0.0000000 0.0703972 0.0943694 0.0000000 0.0000000 0.0000000 0.0000000 0.0463383 0.0000000 0.0000000 0.0000000 0.0000000 0.0000000 0.0000000 0.0000000 0.0000000 0.7643001
