  148         A         R         N         D         C         Q         E         G         H         I         L         K         M         F         P         S         T         W         Y         V    
  1 A   1 0.9366037 0.0000000 0.0000000 0.0000000 0.0000000 0.0000000 0.0000000 0.0000000 0.0000000 0.0000000 0.0000000 0.0000000 0.0000000 0.0000000 0.0000000 0.0633963 0.0000000 0.0000000 0.0000000 0.0000000
  2 D   2 0.0099656 0.1104370 0.0375646 0.2472789 0.0000000 0.0568959 0.3622059 0.0344392 0.0541408 0.0030352 0.0058199 0.0517743 0.0000000 0.0000000 0.0000000 0.0114200 0.0108081 0.0000000 0.0000000 0.0042146
  3 Q   3 0.0164511 0.0528572 0.1222373 0.0248099 0.0269044 0.1218666 0.2706977 0.0233691 0.0900017 0.0017513 0.0197964 0.0633065 0.0021576 0.0455064 0.0023849 0.0911794 0.0140776 0.0026674 0.0033410 0.0046364
  4 L   4 0.0000000 0.0000000 0.0000000 0.0000000 0.0020328 0.0000000 0.0000000 0.0000000 0.0000000 0.0354183 0.8311954 0.0000000 0.0272897 0.0949313 0.0000000 0.0000000 0.0017853 0.0027210 0.0000000 0.0046263
  5 T   5 0.0056753 0.0260665 0.0626520 0.0349310 0.0022548 0.0013297 0.0109576 0.0149654 0.0000000 0.0021292 0.0203898 0.0051098 0.0015432 0.0000000 0.0370372 0.4247158 0.3468566 0.0000000 0.0000000 0.0033861
  6 E   6 0.0419289 0.0149179 0.0288225 0.1116292 0.0000000 0.0777305 0.4835571 0.0102575 0.0045489 0.0044707 0.0133036 0.0773983 0.0050193 0.0014915 0.0686365 0.0048378 0.0190758 0.0000000 0.0013312 0.0310428
  7 E   7 0.0306278 0.0026369 0.0114920 0.1866053 0.0000000 0.0506910 0.6075421 0.0106180 0.0011594 0.0069032 0.0037800 0.0238912 0.0024672 0.0017420 0.0037227 0.0271753 0.0220028 0.0000000 0.0019707 0.0049722
  8 Q   8 0.0020459 0.0112455 0.0041445 0.0199819 0.0000000 0.5580444 0.3259654 0.0000000 0.0037599 0.0000000 0.0085980 0.0343301 0.0106817 0.0000000 0.0085005 0.0026395 0.0064774 0.0000000 0.0000000 0.0035854
  9 I   9 0.0134451 0.0514238 0.0026307 0.0050456 0.0012238 0.0258630 0.0259063 0.0021694 0.0020074 0.4449336 0.0898541 0.1483888 0.0370701 0.0017527 0.0028340 0.0000000 0.0156272 0.0000000 0.0070131 0.1228112
 10 A  10 0.2597108 0.0364048 0.0429706 0.0554134 0.0024409 0.1574541 0.1643503 0.0219637 0.0131114 0.0121162 0.0135650 0.0904877 0.0146673 0.0019501 0.0000000 0.0616091 0.0181474 0.0000000 0.0000000 0.0336372
 11 E  11 0.0112688 0.0037512 0.0081137 0.0993962 0.0000000 0.0312518 0.5988213 0.1464228 0.0113759 0.0051964 0.0143639 0.0160286 0.0078957 0.0014168 0.0020547 0.0123158 0.0000000 0.0029120 0.0000000 0.0274144
 12 F  12 0.0102168 0.0000000 0.0000000 0.0000000 0.0000000 0.0028352 0.0000000 0.0000000 0.0000000 0.2582436 0.3116749 0.0000000 0.0316550 0.2719635 0.0000000 0.0000000 0.0028525 0.0000000 0.1006671 0.0098914
 13 K  13 0.0074515 0.2793480 0.0052402 0.0000000 0.0016622 0.0494731 0.0177826 0.0048978 0.0085562 0.0059069 0.0213249 0.5435804 0.0034632 0.0031124 0.0000000 0.0069490 0.0076217 0.0080528 0.0234444 0.0021327
 14 E  14 0.0575232 0.0237099 0.0297198 0.1123124 0.0000000 0.0592074 0.6205392 0.0092176 0.0028498 0.0037592 0.0078659 0.0397991 0.0010237 0.0025933 0.0000000 0.0039780 0.0138505 0.0021544 0.0014381 0.0084585
 15 A  15 0.6688566 0.0000000 0.0000000 0.0023269 0.0283078 0.0040203 0.0000000 0.0124999 0.0000000 0.0274247 0.0215974 0.0051275 0.1361031 0.0029162 0.0000000 0.0078302 0.0278245 0.0000000 0.0015320 0.0536329
 16 F  16 0.0000000 0.0000000 0.0000000 0.0000000 0.0000000 0.0000000 0.0000000 0.0000000 0.0000000 0.0060035 0.0061972 0.0000000 0.0030822 0.9755556 0.0000000 0.0000000 0.0000000 0.0000000 0.0067591 0.0024023
 17 S  17 0.0738862 0.0988761 0.0776295 0.1281557 0.0162793 0.0732043 0.0947888 0.0146631 0.0115779 0.0012003 0.0154796 0.1422362 0.0214777 0.0020761 0.0000000 0.1891109 0.0330217 0.0019851 0.0000000 0.0043515
 18 L  18 0.0282101 0.0189197 0.0328975 0.0021068 0.0111249 0.0127806 0.0489563 0.0080313 0.0079429 0.0528169 0.4540989 0.0199981 0.1145619 0.0172145 0.0000000 0.0417544 0.0181149 0.0023017 0.0321867 0.0759817
 19 F  19 0.0074931 0.0000000 0.0000000 0.0000000 0.0000000 0.0000000 0.0000000 0.0000000 0.0000000 0.0867757 0.0386313 0.0000000 0.1160861 0.6832319 0.0000000 0.0059608 0.0000000 0.0000000 0.0452643 0.0165568
 20 D  20 0.0039457 0.0019713 0.0047588 0.9682771 0.0000000 0.0027711 0.0043757 0.0028357 0.0000000 0.0000000 0.0000000 0.0000000 0.0000000 0.0000000 0.0000000 0.0029037 0.0036117 0.0000000 0.0000000 0.0045492
 21 K  21 0.0349036 0.1006741 0.0095520 0.0122299 0.0000000 0.0420532 0.0273440 0.0013903 0.0083507 0.0232236 0.0210577 0.3562274 0.0262938 0.0000000 0.0109365 0.0319039 0.2558803 0.0000000 0.0000000 0.0379793
 22 D  22 0.0051275 0.0125654 0.1581386 0.6377250 0.0000000 0.0133340 0.0832478 0.0121244 0.0071360 0.0000000 0.0000000 0.0289532 0.0000000 0.0000000 0.0000000 0.0126530 0.0195092 0.0000000 0.0000000 0.0094859
 23 G  23 0.0136070 0.0587825 0.1841775 0.0077074 0.0129091 0.0341128 0.0241492 0.4637927 0.0181852 0.0018279 0.0029036 0.1334435 0.0000000 0.0000000 0.0014421 0.0381193 0.0000000 0.0000000 0.0015433 0.0032970
 24 D  24 0.0031272 0.0307489 0.1002335 0.4392555 0.0000000 0.0045414 0.0181175 0.0154792 0.0000000 0.0021551 0.0000000 0.0374941 0.0000000 0.0000000 0.0000000 0.2715675 0.0747232 0.0000000 0.0000000 0.0025568
 25 G  25 0.0028402 0.0047855 0.0144959 0.0031609 0.0019710 0.0068031 0.0093408 0.9404146 0.0022795 0.0000000 0.0000000 0.0031792 0.0039824 0.0000000 0.0000000 0.0049246 0.0000000 0.0000000 0.0018222 0.0000000
 26 T  26 0.0511213 0.0487081 0.0194769 0.0161140 0.0476793 0.0251744 0.0124075 0.0000000 0.0283122 0.0138895 0.0176939 0.1472936 0.0135920 0.0916060 0.0039592 0.0909420 0.2356519 0.0000000 0.1123382 0.0240401
 27 I  27 0.0030053 0.0000000 0.0000000 0.0000000 0.0000000 0.0000000 0.0000000 0.0000000 0.0000000 0.8682950 0.0530427 0.0000000 0.0133535 0.0000000 0.0000000 0.0000000 0.0038989 0.0000000 0.0000000 0.0584044
 28 T  28 0.0203975 0.0067568 0.0572226 0.1850134 0.0007307 0.0146318 0.0246217 0.0193289 0.0120959 0.0018267 0.0122550 0.0265523 0.0053623 0.0000000 0.0111738 0.1725510 0.4264719 0.0000000 0.0000000 0.0030077
 29 T  29 0.1488067 0.0207036 0.0092172 0.0000000 0.0191487 0.0111669 0.0157508 0.0079057 0.0039908 0.0739369 0.0591116 0.0536901 0.0195202 0.0908200 0.0238001 0.0482287 0.1638878 0.0000000 0.1251287 0.1051854
 30 K  30 0.0473116 0.0600883 0.0210308 0.1250903 0.0000000 0.0497427 0.2157187 0.0254910 0.0632250 0.0010270 0.0145458 0.2477950 0.0007393 0.0007702 0.0081138 0.0830765 0.0227890 0.0012666 0.0009580 0.0112202
 31 E  31 0.0000000 0.0029532 0.0128161 0.1255091 0.0000000 0.0476095 0.7725465 0.0000000 0.0023883 0.0024648 0.0000000 0.0147366 0.0089418 0.0019257 0.0000000 0.0027700 0.0000000 0.0000000 0.0043432 0.0009951
 32 L  32 0.0000000 0.0000000 0.0000000 0.0000000 0.0209676 0.0000000 0.0000000 0.0000000 0.0000000 0.0335907 0.8624676 0.0000000 0.0214070 0.0309968 0.0000000 0.0000000 0.0022269 0.0000000 0.0000000 0.0283434
 33 G  33 0.0515876 0.1299097 0.0219019 0.0031572 0.0006353 0.0203877 0.0296592 0.3546175 0.0173277 0.0138465 0.0201567 0.2994866 0.0051594 0.0015299 0.0029239 0.0209965 0.0026456 0.0000000 0.0025405 0.0015305
 34 T  34 0.1194560 0.0259194 0.0315806 0.0866409 0.0048087 0.0426285 0.0617005 0.0142654 0.0345913 0.0539133 0.0184333 0.0274509 0.0108663 0.0073652 0.0061992 0.0479800 0.2099722 0.0018922 0.0093059 0.1850303
 35 V  35 0.2197983 0.0000000 0.0000000 0.0000000 0.0297390 0.0000000 0.0016807 0.1687893 0.0000000 0.0486630 0.0897256 0.0053276 0.0330550 0.0103722 0.0000000 0.0132808 0.0123477 0.0000000 0.0000000 0.3672207
 36 M  36 0.0189879 0.0023093 0.0000000 0.0000000 0.0111958 0.0000000 0.0000000 0.0000000 0.0000000 0.0467698 0.3500062 0.0023299 0.5148326 0.0333705 0.0000000 0.0012022 0.0049617 0.0000000 0.0000000 0.0140340
 37 R  37 0.0621497 0.5718478 0.0088050 0.0065056 0.0019631 0.0453285 0.0306527 0.0102840 0.0218272 0.0061524 0.0111891 0.1074650 0.0070671 0.0018501 0.0129815 0.0218349 0.0547636 0.0069396 0.0027463 0.0076467
 38 S  38 0.2485668 0.0670817 0.0329611 0.0086174 0.0380098 0.0197113 0.0310368 0.0075227 0.0027363 0.0044377 0.0147789 0.1215569 0.0235292 0.0037759 0.0028923 0.3000270 0.0630709 0.0000000 0.0035986 0.0060887
 39 L  39 0.0021509 0.0000000 0.0027056 0.0000000 0.0055485 0.0184377 0.0022457 0.0000000 0.0078919 0.0439836 0.7383819 0.0068800 0.0607162 0.0345561 0.0000000 0.0030857 0.0040848 0.0000000 0.0172097 0.0521220
 40 G  40 0.0073076 0.0115247 0.0107622 0.0177011 0.0018031 0.0052022 0.0079013 0.9222117 0.0000000 0.0016921 0.0000000 0.0066106 0.0015156 0.0000000 0.0000000 0.0042486 0.0000000 0.0000000 0.0000000 0.0015192
 41 Q  41 0.0378244 0.0247875 0.0024492 0.0240518 0.0087940 0.2543479 0.0849729 0.0179863 0.0550787 0.0200877 0.0611641 0.0391095 0.0213623 0.1577959 0.0079397 0.0938639 0.0314229 0.0074094 0.0427232 0.0068287
 42 N  42 0.0150254 0.0334210 0.3409476 0.0799788 0.0057174 0.0637380 0.1338169 0.0145870 0.0195448 0.0061716 0.0046656 0.1153306 0.0286005 0.0194531 0.0219459 0.0494968 0.0367207 0.0000000 0.0054388 0.0053993
 43 P  43 0.0425180 0.0018876 0.0000000 0.0099565 0.0052100 0.0061213 0.0025955 0.0000000 0.0011535 0.0480625 0.2299679 0.0029484 0.0457879 0.0297364 0.4809800 0.0052389 0.0086490 0.0000000 0.0018772 0.0773095
 44 T  44 0.0248868 0.0276785 0.0208520 0.0354306 0.0000000 0.0050096 0.0141528 0.0068378 0.0077212 0.0043649 0.0120022 0.1273524 0.0092472 0.0000000 0.0495420 0.1812786 0.4672392 0.0000000 0.0000000 0.0064043
 45 E  45 0.0181124 0.0226118 0.0423724 0.1810420 0.0000000 0.0419077 0.4196743 0.0157100 0.0087817 0.0067127 0.0064637 0.1624087 0.0031193 0.0037986 0.0392180 0.0046327 0.0097560 0.0000000 0.0020070 0.0116710
 46 A  46 0.2759385 0.0241768 0.0196844 0.0476209 0.0013319 0.0382552 0.2521711 0.0341575 0.0069165 0.0101570 0.0102938 0.0386061 0.0282292 0.0010467 0.0312631 0.1187796 0.0402285 0.0000000 0.0046853 0.0164579
 47 E  47 0.0009017 0.0077743 0.0030805 0.1209686 0.0042762 0.0566658 0.7335734 0.0029663 0.0090719 0.0026244 0.0009178 0.0131952 0.0042940 0.0030152 0.0009585 0.0032072 0.0168613 0.0000000 0.0100933 0.0055545
 48 L  48 0.0090096 0.0000000 0.0000000 0.0000000 0.0083317 0.0000000 0.0015380 0.0016770 0.0000000 0.2806137 0.4099429 0.0000000 0.0180048 0.0132095 0.0000000 0.0000000 0.0055994 0.0000000 0.0062221 0.2458513
 49 Q  49 0.0308838 0.1207028 0.0225806 0.0883442 0.0012049 0.2335776 0.0976844 0.0074369 0.0187661 0.0282654 0.0953908 0.1855171 0.0097341 0.0070894 0.0000000 0.0104482 0.0119827 0.0018498 0.0229188 0.0056225
 50 D  50 0.0691016 0.0558629 0.0229543 0.2214945 0.0000000 0.1195900 0.2303280 0.0172976 0.0024466 0.0247012 0.0165891 0.1174446 0.0247248 0.0011570 0.0000000 0.0429924 0.0283780 0.0015748 0.0000000 0.0033628
 51 M  51 0.0210659 0.0000000 0.0000000 0.0000000 0.0058177 0.0023125 0.0039599 0.0000000 0.0203318 0.1632482 0.2980981 0.0000000 0.4107924 0.0022294 0.0000000 0.0024304 0.0013720 0.0083134 0.0107071 0.0493212
 52 I  52 0.0181169 0.0019511 0.0000000 0.0000000 0.0043927 0.0051037 0.0021274 0.0018496 0.0016137 0.4223831 0.1361384 0.0109986 0.2346496 0.0327710 0.0000000 0.0279935 0.0097810 0.0000000 0.0052496 0.0848803
 53 N  53 0.1034139 0.0921877 0.1739288 0.0900271 0.0043481 0.1021606 0.1354822 0.0270899 0.0283973 0.0034095 0.0067714 0.1186609 0.0034072 0.0019438 0.0020917 0.0748753 0.0204171 0.0000000 0.0049932 0.0063943
 54 E  54 0.1626961 0.0194533 0.0210124 0.1280841 0.0000000 0.0486797 0.4595400 0.0116186 0.0153047 0.0029097 0.0098505 0.0321074 0.0049447 0.0009932 0.0020725 0.0279851 0.0228664 0.0000000 0.0065392 0.0233423
 55 V  55 0.2633105 0.0000000 0.0029897 0.0000000 0.0035707 0.0014438 0.0060676 0.0143610 0.0349208 0.1394946 0.0377642 0.0011859 0.0126163 0.0394250 0.0200189 0.0082904 0.0070859 0.0000000 0.0467082 0.3607465
 56 D  56 0.0041570 0.0078215 0.0175743 0.8614431 0.0016312 0.0044166 0.0113319 0.0104983 0.0016851 0.0000000 0.0000000 0.0547977 0.0016594 0.0000000 0.0126351 0.0000000 0.0030069 0.0000000 0.0020808 0.0052612
 57 A  57 0.1458079 0.0451253 0.0070679 0.0088902 0.0042748 0.0360050 0.0458776 0.0092409 0.0016146 0.0846692 0.0614718 0.1284208 0.0287066 0.0071492 0.0495265 0.0556442 0.1021835 0.0000000 0.0052002 0.1731241
 58 D  58 0.0027069 0.0135155 0.1097731 0.6999765 0.0000000 0.0082779 0.1057878 0.0104978 0.0067233 0.0016656 0.0000000 0.0116971 0.0000000 0.0018987 0.0049779 0.0096024 0.0116461 0.0000000 0.0000000 0.0012534
 59 G  59 0.0143706 0.0270751 0.1482686 0.0137098 0.0060680 0.0091949 0.0312327 0.5915106 0.0083776 0.0019837 0.0183604 0.0673643 0.0126786 0.0000000 0.0066443 0.0336591 0.0053074 0.0011526 0.0000000 0.0030419
 60 N  60 0.0025451 0.0269754 0.2956006 0.2428561 0.0000000 0.0080214 0.0066376 0.0327219 0.0042660 0.0086981 0.0081103 0.0354180 0.0039299 0.0009242 0.0206188 0.2198344 0.0721914 0.0000000 0.0016015 0.0090492
 61 G  61 0.0113758 0.0172242 0.0132039 0.0093893 0.0000000 0.0031782 0.0060523 0.8802433 0.0066789 0.0000000 0.0000000 0.0246136 0.0029829 0.0000000 0.0036867 0.0147772 0.0021737 0.0000000 0.0000000 0.0044198
 62 T  62 0.0383657 0.1011910 0.0212834 0.0028006 0.0132019 0.0464223 0.0661818 0.0062808 0.0190911 0.0049737 0.0551436 0.0922401 0.0231054 0.0293188 0.0269555 0.0780153 0.2953051 0.0062447 0.0297513 0.0441280
 63 I  63 0.0058501 0.0000000 0.0000000 0.0000000 0.0000000 0.0000000 0.0000000 0.0000000 0.0000000 0.6385088 0.1346126 0.0000000 0.0231534 0.0291852 0.0000000 0.0000000 0.0023121 0.0000000 0.0000000 0.1663779
 64 D  64 0.0138700 0.0060786 0.1286936 0.5557325 0.0029231 0.0063327 0.0856664 0.0123584 0.0122232 0.0000000 0.0012119 0.0101440 0.0000000 0.0000000 0.0014986 0.1248482 0.0291581 0.0000000 0.0075617 0.0016991
 65 F  65 0.0145231 0.0040863 0.0000000 0.0000000 0.0173536 0.0025295 0.0063940 0.0025556 0.0019423 0.0080186 0.0361960 0.0043211 0.0080677 0.5813659 0.0000000 0.0011386 0.0036082 0.0058894 0.2857340 0.0162761
 66 P  66 0.0551524 0.0112101 0.0583262 0.1518743 0.0000000 0.0419626 0.2654241 0.0863184 0.0047800 0.0253272 0.0153195 0.0262177 0.0000000 0.0016081 0.1140116 0.0764010 0.0446849 0.0000000 0.0076186 0.0137633
 67 E  67 0.0058611 0.0105750 0.0129892 0.1385726 0.0013173 0.0169388 0.7022064 0.0166336 0.0065323 0.0000000 0.0025771 0.0078084 0.0134945 0.0000000 0.0000000 0.0079050 0.0414976 0.0000000 0.0016240 0.0134670
 68 F  68 0.0000000 0.0000000 0.0000000 0.0000000 0.0000000 0.0000000 0.0000000 0.0000000 0.0000000 0.0000000 0.0204395 0.0000000 0.0033060 0.9588488 0.0000000 0.0017629 0.0000000 0.0000000 0.0127628 0.0028800
 69 L  69 0.0197090 0.0182609 0.0122839 0.0010601 0.0347522 0.0072067 0.0133730 0.0111964 0.0000000 0.1377227 0.4135975 0.0108731 0.0215301 0.0255378 0.0000000 0.0112429 0.0207904 0.0015391 0.0140192 0.2253049
 70 T  70 0.2045703 0.0511827 0.0517376 0.0444397 0.0137214 0.0464597 0.0855504 0.0186366 0.0320917 0.0095053 0.0110221 0.0610617 0.0097679 0.0029975 0.0393314 0.0725259 0.1961136 0.0000000 0.0197523 0.0295320
 71 M  71 0.1603083 0.0039348 0.0020670 0.0000000 0.0030167 0.0000000 0.0045911 0.0009730 0.0038399 0.1656916 0.2415644 0.0039057 0.2601671 0.0067226 0.0058543 0.0034599 0.0031990 0.0027420 0.0020594 0.1259031
 72 M  72 0.0184062 0.0000000 0.0115771 0.0000000 0.0044777 0.0009273 0.0010966 0.0021935 0.0054147 0.0566019 0.0837815 0.0018553 0.6136340 0.0261641 0.0000000 0.0030533 0.0821147 0.0018984 0.0203091 0.0664945
 73 A  73 0.1994892 0.0322745 0.0099058 0.0019796 0.0060382 0.0463672 0.0252709 0.1012820 0.0214354 0.0172660 0.0323001 0.0386676 0.0682583 0.0000000 0.0029649 0.1456069 0.1962357 0.0000000 0.0028758 0.0517818
 74 R  74 0.0548222 0.2107575 0.0342962 0.0342179 0.0011738 0.0562351 0.0874253 0.0129063 0.1099375 0.0345330 0.0485102 0.1245487 0.0136364 0.0023049 0.0429792 0.0418193 0.0516894 0.0009863 0.0046001 0.0326207
 75 K  75 0.0056848 0.1071222 0.0208059 0.0107081 0.0063467 0.0878735 0.0159898 0.0482234 0.1148376 0.0227733 0.0092287 0.4249138 0.0324073 0.0209012 0.0192915 0.0100794 0.0134682 0.0095190 0.0107450 0.0090807
 76 M  76 0.0124140 0.0137722 0.0481407 0.0116098 0.0022952 0.0212296 0.0237073 0.0136947 0.0217230 0.1131217 0.2580431 0.0239743 0.2908509 0.0122891 0.0063004 0.0332852 0.0298026 0.0000000 0.0253823 0.0383636
 77 K  77 0.0505502 0.1236178 0.1253548 0.0157004 0.0011362 0.0767455 0.0145496 0.0556201 0.0107865 0.0147667 0.0917698 0.2703809 0.0021123 0.0083952 0.0091059 0.0813972 0.0199139 0.0000000 0.0009722 0.0271248
 78 D  78 0.0634287 0.0476373 0.0357616 0.2161439 0.0000000 0.0651760 0.2522322 0.0569507 0.0088760 0.0011239 0.0035136 0.1372598 0.0017446 0.0018789 0.0294493 0.0475140 0.0223662 0.0000000 0.0057083 0.0032349
 79 T  79 0.0430227 0.1288830 0.0348537 0.0411992 0.0015351 0.0471333 0.1523220 0.0229284 0.0084247 0.0442958 0.0793049 0.0811572 0.0610992 0.0037171 0.0307237 0.0260848 0.1467894 0.0037839 0.0086834 0.0340584
 80 D  80 0.0326261 0.0036723 0.0537999 0.4638104 0.0000000 0.0222370 0.1825782 0.0780998 0.0027977 0.0062621 0.0180529 0.0143645 0.0013541 0.0047606 0.0150063 0.0369131 0.0435740 0.0000000 0.0127739 0.0073174
 81 S  81 0.0685888 0.0940712 0.0740933 0.0313834 0.0052730 0.0954806 0.0612779 0.0110059 0.0093280 0.0099658 0.0051990 0.0509848 0.0009945 0.0173918 0.1385889 0.1716964 0.1164401 0.0000000 0.0094404 0.0287963
 82 E  82 0.0311875 0.0493531 0.0059874 0.1368163 0.0010679 0.0367857 0.4260713 0.0050826 0.0195145 0.0350296 0.0329960 0.1411254 0.0152220 0.0048616 0.0041700 0.0055010 0.0152286 0.0000000 0.0158024 0.0181973
 83 E  83 0.0461018 0.0406461 0.0168223 0.1616616 0.0000000 0.0938065 0.5225832 0.0081217 0.0019171 0.0000000 0.0045083 0.0698846 0.0008547 0.0000000 0.0000000 0.0153975 0.0098828 0.0000000 0.0000000 0.0078119
 84 E  84 0.0000000 0.0044036 0.0396771 0.1355299 0.0015559 0.0280465 0.5781534 0.0089166 0.1223414 0.0078354 0.0063807 0.0064005 0.0167472 0.0000000 0.0020194 0.0055702 0.0109330 0.0000000 0.0037124 0.0217768
 85 I  85 0.0000000 0.0013119 0.0000000 0.0000000 0.0023390 0.0000000 0.0000000 0.0000000 0.0000000 0.3253037 0.4801108 0.0000000 0.0452797 0.0841356 0.0000000 0.0021971 0.0022878 0.0015432 0.0317926 0.0236988
 86 R  86 0.0186973 0.3326136 0.0037297 0.0012066 0.0000000 0.0527147 0.0091728 0.0011129 0.0229180 0.0384741 0.1216539 0.1969437 0.0344136 0.0340611 0.0039896 0.0182469 0.0119878 0.0074247 0.0426081 0.0480311
 87 E  87 0.1024798 0.0663085 0.0367220 0.1112571 0.0000000 0.0277078 0.3767677 0.0014042 0.0022061 0.0124115 0.0207846 0.1982033 0.0032329 0.0000000 0.0000000 0.0099514 0.0220481 0.0011527 0.0016228 0.0057394
 88 A  88 0.8373667 0.0023614 0.0000000 0.0036658 0.0099031 0.0000000 0.0018975 0.0414876 0.0000000 0.0205389 0.0142198 0.0000000 0.0111215 0.0025915 0.0000000 0.0117056 0.0112815 0.0000000 0.0010033 0.0308557
 89 F  89 0.0000000 0.0000000 0.0000000 0.0000000 0.0000000 0.0000000 0.0000000 0.0000000 0.0000000 0.0058959 0.0486298 0.0000000 0.0155567 0.9200775 0.0000000 0.0000000 0.0000000 0.0040801 0.0026390 0.0031211
 90 R  90 0.0523231 0.3248781 0.0375846 0.0685308 0.0069777 0.0952928 0.0564161 0.0075205 0.0127504 0.0000000 0.0213498 0.1911840 0.0134271 0.0008790 0.0026782 0.0901908 0.0131309 0.0000000 0.0015196 0.0033666
 91 V  91 0.0229077 0.0065925 0.0056975 0.0000000 0.0138509 0.0057438 0.0493389 0.0000000 0.0246466 0.0688365 0.2690026 0.0045491 0.0582060 0.0511913 0.0030737 0.0077840 0.0109388 0.0017958 0.1016434 0.2942007
 92 F  92 0.0130428 0.0000000 0.0000000 0.0000000 0.0017846 0.0000000 0.0000000 0.0000000 0.0000000 0.0249149 0.0313962 0.0000000 0.0079759 0.8695355 0.0000000 0.0043947 0.0103662 0.0000000 0.0288671 0.0077220
 93 D  93 0.0018651 0.0000000 0.0015085 0.9829852 0.0000000 0.0015919 0.0037021 0.0027507 0.0000000 0.0000000 0.0000000 0.0000000 0.0000000 0.0000000 0.0000000 0.0023376 0.0019098 0.0000000 0.0000000 0.0013491
 94 K  94 0.0187824 0.1020857 0.0059874 0.1009985 0.0000000 0.0500086 0.0528582 0.0063706 0.0072339 0.0182194 0.0289874 0.4652976 0.0088267 0.0000000 0.0109222 0.0159690 0.0832427 0.0000000 0.0014919 0.0227177
 95 D  95 0.0067374 0.0010420 0.1612990 0.6687048 0.0000000 0.0100882 0.1147211 0.0077984 0.0125343 0.0000000 0.0000000 0.0057424 0.0000000 0.0000000 0.0023380 0.0057207 0.0020375 0.0000000 0.0000000 0.0012360
 96 G  96 0.0318824 0.0362411 0.1329321 0.0340056 0.0084474 0.0627245 0.0340628 0.5033681 0.0153407 0.0027532 0.0013133 0.1007214 0.0000000 0.0000000 0.0000000 0.0341511 0.0020563 0.0000000 0.0000000 0.0000000
 97 N  97 0.0030862 0.0206171 0.2330323 0.2656230 0.0000000 0.0066147 0.0038046 0.0044704 0.0053442 0.0016715 0.0018229 0.0413298 0.0000000 0.0000000 0.0000000 0.2435734 0.1667734 0.0000000 0.0000000 0.0022365
 98 G  98 0.0008004 0.0023536 0.0025875 0.0016054 0.0000000 0.0008904 0.0022804 0.9793027 0.0012547 0.0000000 0.0000000 0.0026319 0.0000000 0.0000000 0.0000000 0.0036605 0.0015649 0.0010674 0.0000000 0.0000000
 99 Y  99 0.0206055 0.0350479 0.0054907 0.0040973 0.0195239 0.0159309 0.0181343 0.0056020 0.0272509 0.0112035 0.0247394 0.1491118 0.0041442 0.1802078 0.0000000 0.0596062 0.1088629 0.0000000 0.2945535 0.0158873
100 I 100 0.0045613 0.0000000 0.0000000 0.0000000 0.0000000 0.0000000 0.0000000 0.0000000 0.0026111 0.8868949 0.0260896 0.0000000 0.0098895 0.0041272 0.0000000 0.0000000 0.0000000 0.0000000 0.0000000 0.0658263
101 S 101 0.0201913 0.0010969 0.0377027 0.1028110 0.0030574 0.0129961 0.0624443 0.0134588 0.0108250 0.0000000 0.0050895 0.0132484 0.0295165 0.0021520 0.0136945 0.3785211 0.2904857 0.0000000 0.0000000 0.0027088
102 A 102 0.2395958 0.0460919 0.0034823 0.0037762 0.0081447 0.0167852 0.0204309 0.0266842 0.0081280 0.0694439 0.0962743 0.0406534 0.0233126 0.0675498 0.0472930 0.0484395 0.0672398 0.0057317 0.0368798 0.1240630
103 A 103 0.1732806 0.0634512 0.0421491 0.1585476 0.0000000 0.0478929 0.1529849 0.0261414 0.0260465 0.0050469 0.0076448 0.1445686 0.0026247 0.0010457 0.0049325 0.0965345 0.0349756 0.0008618 0.0009156 0.0103550
104 E 104 0.0064154 0.0042153 0.1122686 0.0945391 0.0000000 0.0058567 0.7201861 0.0000000 0.0033758 0.0000000 0.0000000 0.0132907 0.0018063 0.0000000 0.0000000 0.0143654 0.0070913 0.0000000 0.0116007 0.0049886
105 L 105 0.0000000 0.0054581 0.0000000 0.0000000 0.0000000 0.0000000 0.0000000 0.0000000 0.0000000 0.0577883 0.8592539 0.0000000 0.0253185 0.0394256 0.0000000 0.0000000 0.0000000 0.0000000 0.0000000 0.0127556
106 R 106 0.0317961 0.3959613 0.0075619 0.0033992 0.0116820 0.0706214 0.0557006 0.0883480 0.0184966 0.0085929 0.0110061 0.2518610 0.0053996 0.0027731 0.0023580 0.0155276 0.0062368 0.0000000 0.0029740 0.0097037
107 H 107 0.0550785 0.1544675 0.0304566 0.0405763 0.0047813 0.1058813 0.0963338 0.0059498 0.1842478 0.0268296 0.0156569 0.0343210 0.0102996 0.0130724 0.0000000 0.0530339 0.0650162 0.0028167 0.0248986 0.0762822
108 V 108 0.2635858 0.0000000 0.0000000 0.0000000 0.0225571 0.0000000 0.0000000 0.0095928 0.0000000 0.0988340 0.0557014 0.0189106 0.0299943 0.0134655 0.0000000 0.0132918 0.0157463 0.0000000 0.0000000 0.4583204
109 M 109 0.1403811 0.0036941 0.0023108 0.0000000 0.0485563 0.0000000 0.0000000 0.0000000 0.0000000 0.0182093 0.3316434 0.0000000 0.3995814 0.0164826 0.0011343 0.0107366 0.0108596 0.0010164 0.0016064 0.0137877
110 T 110 0.0894418 0.2288769 0.0154588 0.0068404 0.0076791 0.0314727 0.0412630 0.0177325 0.0129521 0.0361035 0.0061564 0.1854455 0.0334656 0.0038640 0.0012733 0.0394765 0.2114923 0.0009665 0.0026414 0.0273977
111 N 111 0.1153512 0.0150289 0.1315304 0.0477582 0.0168561 0.0216642 0.2354394 0.0137710 0.0134292 0.0063440 0.0149936 0.0767564 0.0075623 0.0029962 0.0096726 0.1796859 0.0815033 0.0000000 0.0022734 0.0073837
112 L 112 0.0053413 0.0021088 0.0017164 0.0165941 0.0021780 0.0075284 0.0183187 0.0000000 0.0116755 0.0576001 0.6763854 0.0040560 0.0664564 0.0562591 0.0034783 0.0083863 0.0137144 0.0000000 0.0286463 0.0195565
113 G 113 0.0043491 0.0056612 0.0097822 0.0239477 0.0054857 0.0023698 0.0127443 0.8993966 0.0000000 0.0045509 0.0037190 0.0064744 0.0000000 0.0023744 0.0000000 0.0101748 0.0000000 0.0018789 0.0000000 0.0070912
114 E 114 0.0069586 0.0099750 0.0043423 0.0802716 0.0081420 0.0779604 0.5465672 0.0151550 0.0402940 0.0067598 0.0342625 0.0050380 0.0395001 0.0699599 0.0033162 0.0062689 0.0061080 0.0039263 0.0177310 0.0174631
115 K 115 0.0210464 0.0803960 0.2134803 0.0676757 0.0016826 0.0395024 0.0681656 0.0448041 0.0211980 0.0030193 0.0037639 0.2741921 0.0186307 0.0059807 0.0470898 0.0277533 0.0543499 0.0000000 0.0040490 0.0032203
116 L 116 0.0252157 0.0072318 0.0090319 0.0095362 0.0151838 0.0078047 0.0010438 0.0042818 0.0033943 0.0581741 0.4607394 0.0016743 0.1105063 0.0502340 0.1432553 0.0091212 0.0106152 0.0000000 0.0046735 0.0682827
117 T 117 0.0119394 0.0111088 0.0310461 0.0894197 0.0042633 0.0057420 0.0377851 0.0252829 0.0034168 0.0032645 0.0020786 0.0447843 0.0000000 0.0013281 0.0185379 0.1991688 0.5041649 0.0000000 0.0009310 0.0057379
118 D 118 0.0265690 0.0110664 0.0291540 0.4064594 0.0027269 0.0295767 0.2686935 0.0151344 0.0192646 0.0118699 0.0121867 0.0756006 0.0060846 0.0013996 0.0376824 0.0109425 0.0123273 0.0000000 0.0059778 0.0172840
119 E 119 0.1254453 0.0428966 0.0126161 0.1495374 0.0000000 0.0410743 0.4359461 0.0110325 0.0042359 0.0077384 0.0073028 0.0517131 0.0153040 0.0007442 0.0087307 0.0301301 0.0183857 0.0000000 0.0014951 0.0356718
120 E 120 0.0058108 0.0102625 0.0045219 0.0782577 0.0016979 0.0230137 0.7456049 0.0027633 0.0183793 0.0025135 0.0041838 0.0087746 0.0024396 0.0077885 0.0026880 0.0106237 0.0199202 0.0019350 0.0035793 0.0452419
121 V 121 0.0331252 0.0000000 0.0000000 0.0000000 0.0201650 0.0000000 0.0000000 0.0065750 0.0000000 0.2660225 0.3493509 0.0000000 0.0123299 0.0264475 0.0000000 0.0023443 0.0108383 0.0000000 0.0000000 0.2728013
122 D 122 0.0223014 0.0834621 0.0439407 0.2813047 0.0016559 0.1464864 0.1906033 0.0025205 0.0108126 0.0138828 0.0332140 0.1116237 0.0048567 0.0084032 0.0056481 0.0134391 0.0135214 0.0017182 0.0045242 0.0060811
123 E 123 0.1049843 0.0264212 0.0162928 0.1780556 0.0000000 0.0667960 0.4522967 0.0155255 0.0086134 0.0018499 0.0108103 0.0629623 0.0063931 0.0000000 0.0000000 0.0253792 0.0204508 0.0000000 0.0000000 0.0031689
124 M 124 0.0122061 0.0000000 0.0023258 0.0000000 0.0027398 0.0013132 0.0000000 0.0000000 0.0024468 0.1961099 0.1570955 0.0000000 0.5778028 0.0024667 0.0000000 0.0000000 0.0009514 0.0110858 0.0010528 0.0324033
125 I 125 0.0015241 0.0011515 0.0000000 0.0000000 0.0000000 0.0000000 0.0000000 0.0017932 0.0025525 0.6163769 0.1536090 0.0023775 0.0919934 0.0485298 0.0000000 0.0102392 0.0032081 0.0000000 0.0092121 0.0574328
126 R 126 0.0997769 0.2586475 0.0585442 0.1266645 0.0049619 0.0856501 0.0509238 0.0125535 0.0248098 0.0011089 0.0140342 0.1543531 0.0026872 0.0045156 0.0000000 0.0628725 0.0229657 0.0000000 0.0042583 0.0106723
127 E 127 0.0353836 0.0092227 0.0121981 0.1428720 0.0000000 0.0226295 0.6669830 0.0424331 0.0140336 0.0024520 0.0124155 0.0099790 0.0028927 0.0011993 0.0031711 0.0071309 0.0048747 0.0000000 0.0007905 0.0093386
128 A 128 0.4223884 0.0000000 0.0020675 0.0000000 0.0015372 0.0128801 0.0000000 0.0172898 0.0098052 0.0837843 0.0129581 0.0000000 0.0080100 0.0788377 0.0000000 0.0108183 0.0062630 0.0000000 0.0226289 0.3107317
129 D 129 0.0018773 0.0018316 0.0232578 0.8771361 0.0007934 0.0065677 0.0098815 0.0117673 0.0197909 0.0000000 0.0000000 0.0142635 0.0000000 0.0000000 0.0225492 0.0033190 0.0026639 0.0000000 0.0027506 0.0015501
130 I 130 0.0605035 0.0699706 0.0000000 0.0018324 0.0068569 0.0661678 0.0504586 0.0129243 0.0114680 0.1018622 0.1317119 0.1111220 0.0268969 0.0101882 0.0223784 0.0468604 0.1496678 0.0000000 0.0042425 0.1148877
131 D 131 0.0050720 0.0057391 0.1518249 0.7287852 0.0000000 0.0083775 0.0481797 0.0223942 0.0013603 0.0000000 0.0000000 0.0141257 0.0012197 0.0000000 0.0000000 0.0072698 0.0056518 0.0000000 0.0000000 0.0000000
132 G 132 0.0119039 0.0197360 0.1385670 0.0090921 0.0041904 0.0424147 0.0215853 0.5192351 0.0149773 0.0000000 0.0106830 0.1044704 0.0077779 0.0024411 0.0164997 0.0646630 0.0036654 0.0000000 0.0000000 0.0080977
133 D 133 0.0018766 0.0017237 0.1153191 0.6994649 0.0034494 0.0123407 0.0138239 0.0123652 0.0024438 0.0020500 0.0020218 0.0176146 0.0000000 0.0006344 0.0021317 0.0808745 0.0303197 0.0000000 0.0000000 0.0015459
134 G 134 0.0035420 0.0064615 0.0148878 0.0030125 0.0000000 0.0000000 0.0046370 0.9468592 0.0026234 0.0000000 0.0029538 0.0023699 0.0009255 0.0000000 0.0034341 0.0074367 0.0008565 0.0000000 0.0000000 0.0000000
135 Q 135 0.0216344 0.1891894 0.0378423 0.0039296 0.0230647 0.1391247 0.1530255 0.0097984 0.0260509 0.0031878 0.0460793 0.1328415 0.0258919 0.0136122 0.0058849 0.0339530 0.0950025 0.0000000 0.0165556 0.0233313
136 V 136 0.0015176 0.0000000 0.0000000 0.0000000 0.0000000 0.0000000 0.0000000 0.0055556 0.0000000 0.6454774 0.0515108 0.0000000 0.0104805 0.0192371 0.0000000 0.0028797 0.0021134 0.0000000 0.0000000 0.2612278
137 N 137 0.0039654 0.0147634 0.3460832 0.3480834 0.0093281 0.0036155 0.0298053 0.0081077 0.0128132 0.0020703 0.0032396 0.0306607 0.0023456 0.0000000 0.0011088 0.1592156 0.0213081 0.0000000 0.0022722 0.0012142
138 Y 138 0.0184926 0.0073238 0.0000000 0.0000000 0.0036655 0.0259421 0.0760021 0.0010425 0.0024799 0.0090847 0.0262555 0.0046174 0.0053419 0.3058005 0.0071950 0.0007858 0.0000000 0.0028425 0.4940266 0.0091017
139 E 139 0.0365481 0.0101795 0.0553177 0.1868402 0.0000000 0.0617625 0.4594414 0.0241544 0.0137759 0.0078961 0.0074054 0.0201819 0.0015944 0.0015085 0.0336076 0.0440884 0.0163457 0.0000000 0.0105758 0.0087766
140 E 140 0.0103631 0.0050376 0.0087134 0.1179160 0.0011909 0.0085887 0.8185379 0.0056684 0.0000000 0.0019595 0.0011205 0.0040564 0.0026797 0.0014122 0.0000000 0.0018180 0.0092047 0.0000000 0.0000000 0.0017331
141 F 141 0.0000000 0.0000000 0.0000000 0.0000000 0.0000000 0.0000000 0.0000000 0.0000000 0.0000000 0.0000000 0.0257218 0.0000000 0.0000000 0.9624079 0.0000000 0.0000000 0.0000000 0.0027232 0.0071955 0.0019515
142 V 142 0.0708051 0.0205916 0.0088359 0.0009549 0.0338663 0.0092094 0.0084601 0.0000000 0.0011753 0.1092578 0.2029363 0.0311898 0.0384290 0.0143949 0.0000000 0.0137062 0.0354656 0.0021655 0.0204260 0.3781303
143 Q 143 0.2018552 0.1942971 0.0487058 0.0158304 0.0041257 0.0633531 0.0562709 0.0088843 0.0378633 0.0127168 0.0101470 0.1422028 0.0138202 0.0020496 0.0012707 0.0581076 0.0937587 0.0046491 0.0122333 0.0178583
144 M 144 0.0193718 0.0184423 0.0000000 0.0000000 0.0009078 0.0021503 0.0000000 0.0000000 0.0119823 0.2073045 0.1330202 0.0146672 0.4768536 0.0159819 0.0016121 0.0025015 0.0074431 0.0000000 0.0023452 0.0854163
145 M 145 0.0022731 0.0000000 0.0017991 0.0000000 0.0148435 0.0000000 0.0000000 0.0000000 0.0000000 0.0881921 0.0894902 0.0060262 0.7323707 0.0052884 0.0000000 0.0000000 0.0000000 0.0000000 0.0000000 0.0597165
146 T 146 0.0883387 0.1117643 0.0089329 0.0000000 0.0012957 0.0304099 0.0014552 0.0210882 0.0029254 0.0089506 0.0563884 0.2018781 0.0921421 0.0000000 0.0019760 0.0952272 0.2520679 0.0000000 0.0000000 0.0251594
147 A 147 0.1463899 0.1208867 0.0133325 0.0061790 0.0014326 0.0425409 0.0241890 0.0879469 0.0076852 0.0078140 0.0050236 0.2452115 0.0086671 0.0015220 0.0339528 0.1508119 0.0887835 0.0000000 0.0000000 0.0076309
148 K 148 0.0000000 0.1321898 0.0000000 0.0000000 0.0000000 0.0602202 0.0000000 0.0000000 0.0000000 0.0000000 0.0000000 0.8075900 0.0000000 0.0000000 0.0000000 0.0000000 0.0000000 0.0000000 0.0000000 0.0000000
