  433         A         R         N         D         C         Q         E         G         H         I         L         K         M         F         P         S         T         W         Y         V    
  1 N   1 0.0000000 0.0000000 0.7245346 0.0000000 0.0000000 0.0000000 0.0000000 0.0000000 0.2754654 0.0000000 0.0000000 0.0000000 0.0000000 0.0000000 0.0000000 0.0000000 0.0000000 0.0000000 0.0000000 0.0000000
  2 P   2 0.0141383 0.0166384 0.0000000 0.0000000 0.0000000 0.0000000 0.0060621 0.0000000 0.0000000 0.0000000 0.0078280 0.0066187 0.0000000 0.0000000 0.9333862 0.0082885 0.0000000 0.0000000 0.0000000 0.0070399
  3 P   3 0.0103132 0.0022746 0.0057005 0.0397139 0.0000000 0.0215927 0.0241366 0.0171856 0.0079644 0.0049868 0.0021451 0.0366234 0.0031606 0.0000000 0.7735979 0.0145794 0.0119776 0.0000000 0.0000000 0.0240477
  4 P   4 0.0252344 0.0106457 0.0037421 0.0000000 0.0000000 0.0312319 0.0974004 0.0082059 0.0000000 0.0000000 0.0304046 0.0596125 0.0016829 0.0054364 0.4231357 0.2620319 0.0380795 0.0000000 0.0000000 0.0031561
  5 P   5 0.0174729 0.0466371 0.0085605 0.0113011 0.0000000 0.0418599 0.0226182 0.0063776 0.0000000 0.0042330 0.0236763 0.1147692 0.0000000 0.0000000 0.5681631 0.0487192 0.0636570 0.0000000 0.0016930 0.0202619
  6 E   6 0.0828298 0.0612074 0.0160733 0.0703281 0.0000000 0.0336246 0.2565158 0.0160769 0.0233338 0.0065882 0.0291111 0.0524467 0.0011151 0.0048460 0.0172442 0.2102520 0.0450765 0.0000000 0.0069314 0.0663990
  7 T   7 0.0660466 0.0318791 0.0190952 0.0356400 0.0019404 0.0514192 0.0612824 0.0561738 0.0299338 0.0219583 0.0375759 0.0499296 0.0718743 0.0333641 0.0783938 0.1040528 0.0965912 0.0019938 0.0681714 0.0826844
  8 S   8 0.0442942 0.0544590 0.0200570 0.0604733 0.0067051 0.0360567 0.0226812 0.0465116 0.0110187 0.1025741 0.0620842 0.1054998 0.0050401 0.0072473 0.1343066 0.1675158 0.0651902 0.0006516 0.0111699 0.0364639
  9 N   9 0.0478471 0.1249122 0.2074599 0.0674033 0.0014977 0.0685801 0.0809908 0.0203124 0.0035105 0.0023107 0.0087445 0.0646672 0.0096601 0.0081604 0.0618626 0.1187082 0.0588994 0.0000000 0.0330178 0.0114549
 10 P  10 0.0830031 0.0645124 0.0162660 0.0145186 0.0159496 0.0077397 0.0308642 0.0068797 0.0044394 0.0048038 0.0439854 0.1146664 0.0066770 0.0028286 0.3262201 0.1306488 0.0823267 0.0138456 0.0026714 0.0271534
 11 N  11 0.0592065 0.0989376 0.0941024 0.0191767 0.0027524 0.0491268 0.0227281 0.1509919 0.0254493 0.0207779 0.0116184 0.2206427 0.0046601 0.0025044 0.0299552 0.0985785 0.0639195 0.0000000 0.0050854 0.0197861
 12 K  12 0.0399059 0.2352471 0.0373482 0.0216792 0.0012951 0.0409948 0.0380398 0.0116907 0.0035999 0.0010730 0.0266743 0.4338351 0.0042894 0.0014175 0.0137878 0.0665762 0.0180850 0.0000000 0.0012537 0.0032072
 13 P  13 0.0202788 0.0855779 0.0581798 0.0034093 0.0134831 0.0360293 0.0482132 0.0133116 0.0128226 0.0047098 0.0069825 0.2434120 0.0146559 0.0000000 0.2765032 0.0970950 0.0281591 0.0024499 0.0121149 0.0226119
 14 K  14 0.0384417 0.0954088 0.0303031 0.0040704 0.0015118 0.0306164 0.0132593 0.2669014 0.0020580 0.0635052 0.0223406 0.2038982 0.0206973 0.0077136 0.0588676 0.0447488 0.0488414 0.0000000 0.0036099 0.0432064
 15 R  15 0.0119294 0.4307488 0.0082576 0.0023973 0.0157721 0.0054430 0.0284729 0.0139034 0.0088782 0.0276120 0.0189345 0.1630748 0.0125976 0.0829085 0.0860046 0.0162799 0.0269399 0.0023836 0.0266543 0.0108076
 16 Q  16 0.0172431 0.0869323 0.0235741 0.0533016 0.0031384 0.0507720 0.0426101 0.0153591 0.0543304 0.0341788 0.1509879 0.1930055 0.1145769 0.0021476 0.0188436 0.0278432 0.0253024 0.0130379 0.0220593 0.0507557
 17 T  17 0.0308316 0.0147524 0.0091735 0.0292673 0.0000000 0.0428096 0.0477004 0.0175142 0.0088202 0.0086549 0.0441101 0.1022500 0.0105229 0.0022026 0.1474556 0.0699627 0.4007701 0.0000000 0.0029628 0.0102392
 18 N  18 0.0269633 0.0508057 0.2998562 0.1047048 0.0016387 0.0418296 0.1469671 0.0064943 0.0519773 0.0014262 0.0101904 0.0910629 0.0057447 0.0083428 0.0678999 0.0667881 0.0077882 0.0000000 0.0062211 0.0032986
 19 Q  19 0.0242203 0.0655540 0.0321616 0.0820482 0.0091518 0.2950424 0.2338854 0.0063781 0.0186322 0.0107531 0.0209175 0.0769480 0.0067212 0.0010594 0.0304960 0.0235806 0.0116691 0.0039935 0.0063175 0.0404701
 20 L  20 0.0232804 0.0014866 0.0044827 0.0402192 0.0049516 0.0702636 0.0118748 0.0033551 0.0039067 0.0342039 0.5951989 0.0229562 0.0721584 0.0103417 0.0035332 0.0021874 0.0182317 0.0497347 0.0026950 0.0249383
 21 Q  21 0.0132195 0.1475168 0.0135393 0.0330541 0.0123602 0.2151952 0.0604192 0.0009057 0.0599613 0.0304697 0.0463826 0.1998318 0.0310295 0.0254080 0.0000000 0.0183468 0.0156562 0.0059321 0.0644928 0.0062792
 22 Y  22 0.0654503 0.0939407 0.0380723 0.0492791 0.0000000 0.0996374 0.1028572 0.0030809 0.0364639 0.0366010 0.0069396 0.1720589 0.0065122 0.0840151 0.0033603 0.0274181 0.0306976 0.0009612 0.1382462 0.0044080
 23 L  23 0.1515469 0.0261816 0.0119237 0.0041649 0.0049865 0.0760430 0.0116110 0.0127551 0.0151476 0.0638066 0.2658384 0.0679623 0.0348078 0.1279165 0.0044018 0.0260724 0.0193420 0.0028981 0.0145352 0.0580585
 24 L  24 0.0132966 0.0084214 0.0020423 0.0000000 0.3098031 0.0903401 0.0104013 0.0000000 0.0147189 0.0349624 0.3488432 0.0109865 0.0380536 0.0671588 0.0000000 0.0016598 0.0006811 0.0000000 0.0256882 0.0229426
 25 R  25 0.0384598 0.1207722 0.0740153 0.0096909 0.0000000 0.0703121 0.1198557 0.0248196 0.0361417 0.0080712 0.0606104 0.2188475 0.0872465 0.0145097 0.0000000 0.0568768 0.0188172 0.0027399 0.0245706 0.0136430
 26 V  26 0.0632950 0.0613486 0.0491275 0.0327192 0.0077632 0.0840447 0.1183449 0.0260892 0.0290067 0.0214815 0.0164735 0.0712777 0.0129807 0.0086204 0.0942311 0.0703766 0.1032202 0.0000000 0.0110346 0.1185646
 27 V  27 0.0198378 0.0020391 0.0000000 0.0000000 0.0111409 0.0019358 0.0000000 0.0035739 0.0000000 0.1913954 0.2788356 0.0117689 0.0168736 0.0096159 0.0000000 0.0137619 0.0843721 0.0000000 0.0000000 0.3548489
 28 L  28 0.0000000 0.0047834 0.0010140 0.0000000 0.0000000 0.0009303 0.0000000 0.0030847 0.0135093 0.1282569 0.5815644 0.0016730 0.0651063 0.0359853 0.0000000 0.0000000 0.0154133 0.0064106 0.0676656 0.0746031
 29 K  29 0.0341780 0.0754101 0.1134648 0.1476551 0.0007573 0.0435937 0.1954763 0.0104641 0.0010719 0.0040025 0.0122917 0.2595838 0.0096054 0.0000000 0.0042414 0.0389371 0.0452189 0.0000000 0.0010870 0.0029609
 30 T  30 0.2250570 0.0405527 0.0301529 0.0323104 0.0032603 0.0864635 0.1121013 0.0265787 0.0014141 0.0160467 0.0302874 0.1121159 0.0029648 0.0140090 0.0151004 0.1113095 0.0816790 0.0000000 0.0271260 0.0314706
 31 L  31 0.0272551 0.0287106 0.0000000 0.0000000 0.0008855 0.0041137 0.0000000 0.0014094 0.0000000 0.1595826 0.5298757 0.0010470 0.0715348 0.0088284 0.0000000 0.0012007 0.0042782 0.0000000 0.0024481 0.1588303
 32 W  32 0.0121149 0.1093682 0.0074781 0.0119612 0.0135158 0.0521030 0.0511868 0.0021079 0.0134310 0.0091795 0.0621040 0.1764192 0.1092063 0.0443747 0.0012261 0.0178620 0.0241847 0.1741538 0.0670309 0.0409918
 33 K  33 0.0644817 0.2022847 0.1179458 0.0440328 0.0071717 0.0457518 0.0275226 0.0517660 0.0030916 0.0018284 0.0049525 0.2815319 0.0007686 0.0000000 0.0000000 0.1060348 0.0337075 0.0000000 0.0000000 0.0071274
 34 H  34 0.0076634 0.0765266 0.0249493 0.0154945 0.0226682 0.0969791 0.0254079 0.0087713 0.3964928 0.0097501 0.0810217 0.0865969 0.0170992 0.0044564 0.0085835 0.0270901 0.0216827 0.0000000 0.0623647 0.0064015
 35 Q  35 0.0267976 0.1106400 0.0233265 0.1194627 0.0000000 0.1150035 0.0989624 0.0070677 0.0457040 0.0040869 0.0184572 0.2697011 0.0048991 0.0033481 0.0680608 0.0473187 0.0325762 0.0032198 0.0000000 0.0013676
 36 F  36 0.0289374 0.0044446 0.0295413 0.2185861 0.0142744 0.0057089 0.0935854 0.0220010 0.0978793 0.0714889 0.0628437 0.0012491 0.0146920 0.1581784 0.0169156 0.0473939 0.0242311 0.0210145 0.0531104 0.0139241
 37 A  37 0.4321346 0.0005791 0.0112074 0.0008474 0.0680694 0.0000000 0.0008042 0.0754867 0.0094004 0.0034409 0.0026302 0.0032515 0.0038921 0.0175540 0.0000000 0.3398879 0.0055489 0.0000000 0.0179017 0.0073636
 38 W  38 0.0693218 0.0319591 0.0082925 0.0515350 0.0000000 0.0084066 0.1553308 0.0413366 0.0106492 0.0308242 0.0792248 0.0155454 0.0048121 0.0208373 0.0047674 0.0273114 0.0219005 0.3524300 0.0395630 0.0259523
 39 P  39 0.0599160 0.0000000 0.0110995 0.0099640 0.0017655 0.0010388 0.0029658 0.0000000 0.0250747 0.0447072 0.0981548 0.0000000 0.0316823 0.0257080 0.5839796 0.0220174 0.0141749 0.0081895 0.0042437 0.0553184
 40 F  40 0.0000000 0.0000000 0.0000000 0.0000000 0.0000000 0.0000000 0.0000000 0.0000000 0.0000000 0.0000000 0.0026316 0.0000000 0.0000000 0.9823264 0.0000000 0.0000000 0.0000000 0.0000000 0.0150420 0.0000000
 41 Q  41 0.0434872 0.1897855 0.0496305 0.0039822 0.0007044 0.1026323 0.0124667 0.0008969 0.0449501 0.0767791 0.2138922 0.0317320 0.1063831 0.0169538 0.0000000 0.0124529 0.0131349 0.0032783 0.0561170 0.0207409
 42 Q  42 0.0459251 0.1300278 0.0278543 0.0340566 0.0000000 0.2148840 0.1861153 0.0245994 0.0475261 0.0067531 0.0283314 0.1192077 0.0094368 0.0239774 0.0000000 0.0171730 0.0302269 0.0007908 0.0223353 0.0307789
 43 P  43 0.0093909 0.0056543 0.0046765 0.0000000 0.0000000 0.0012085 0.0012427 0.0000000 0.0000000 0.0000000 0.0012172 0.0278713 0.0049780 0.0000000 0.9263809 0.0165947 0.0007851 0.0000000 0.0000000 0.0000000
 44 V  44 0.0000000 0.0000000 0.0000000 0.0000000 0.0000000 0.0000000 0.0000000 0.0000000 0.0000000 0.0076178 0.0091090 0.0000000 0.0038460 0.0000000 0.0062761 0.0000000 0.0052136 0.0000000 0.0000000 0.9679374
 45 D  45 0.0502723 0.0000000 0.0679139 0.6560499 0.0000000 0.0094560 0.0036655 0.0000000 0.0000000 0.0000000 0.1597815 0.0296711 0.0000000 0.0000000 0.0075592 0.0039847 0.0000000 0.0000000 0.0011753 0.0104705
 46 A  46 0.1917102 0.0005653 0.0011305 0.0038481 0.0007239 0.0089994 0.0043308 0.0000000 0.0072314 0.0129150 0.0394022 0.0050897 0.0004783 0.0000000 0.6197781 0.0095559 0.0484741 0.0047883 0.0052074 0.0357714
 47 V  47 0.0350761 0.0111323 0.0355860 0.0221420 0.0021778 0.0550572 0.0515418 0.0032978 0.0035350 0.0632318 0.0196856 0.1394003 0.0035301 0.0023787 0.0109172 0.2303575 0.0277786 0.0000000 0.0026054 0.2805689
 48 K  48 0.1501267 0.2011076 0.0040157 0.0073058 0.0000000 0.0088955 0.0416288 0.0238279 0.0012344 0.0073291 0.0948098 0.3772005 0.0046874 0.0062227 0.0000000 0.0304817 0.0079991 0.0140308 0.0027536 0.0163430
 49 L  49 0.0089003 0.1414375 0.0052691 0.0599770 0.0220834 0.0168279 0.0337432 0.0005799 0.0096383 0.0013254 0.4550281 0.1262360 0.0184587 0.0106905 0.0181012 0.0384602 0.0041035 0.0063472 0.0021106 0.0206820
 50 N  50 0.0125318 0.0042005 0.2177561 0.0760198 0.0121318 0.1141814 0.1048399 0.1938070 0.0226692 0.0294572 0.0386350 0.0501773 0.0105211 0.0218222 0.0000000 0.0251681 0.0365653 0.0000000 0.0233942 0.0061222
 51 L  51 0.0694391 0.0000000 0.0047818 0.0100105 0.0140713 0.0175273 0.0414661 0.0012280 0.0210130 0.2190296 0.2184540 0.0021032 0.0000000 0.0321379 0.0000000 0.0021981 0.0003939 0.0073661 0.2344727 0.1043075
 52 P  52 0.0175487 0.0000000 0.0020945 0.0027044 0.0000000 0.0004470 0.0023040 0.0013116 0.0414185 0.0022421 0.0122593 0.0016627 0.0000000 0.0000000 0.8887200 0.0064784 0.0052982 0.0052107 0.0045280 0.0057719
 53 D  53 0.0067846 0.0070640 0.0543762 0.6125469 0.0000000 0.0154825 0.0801599 0.0327329 0.0250652 0.0000000 0.0096254 0.0271434 0.0064836 0.0131973 0.0000000 0.0382880 0.0651682 0.0000000 0.0017101 0.0041718
 54 Y  54 0.0000000 0.0000000 0.0000000 0.0000000 0.0000000 0.0000000 0.0000000 0.0000000 0.0023356 0.0000000 0.0000000 0.0000000 0.0000000 0.0000000 0.0000000 0.0000000 0.0017530 0.0000000 0.9959114 0.0000000
 55 Y  55 0.0182718 0.0266433 0.0026500 0.0000000 0.0265523 0.0000000 0.0000000 0.0000000 0.1503762 0.0005671 0.0235358 0.0101027 0.0000000 0.2116276 0.0443309 0.0096937 0.0012127 0.0000000 0.4691191 0.0053168
 56 K  56 0.0526727 0.0182805 0.0603509 0.2313694 0.0000000 0.0944582 0.1809880 0.0029557 0.0130089 0.0050214 0.0121705 0.1645995 0.0072494 0.0034238 0.0000000 0.0487945 0.0955360 0.0000000 0.0041716 0.0049489
 57 I  57 0.0047304 0.0079189 0.0024155 0.0031404 0.0005500 0.0282567 0.0239540 0.0000000 0.0106729 0.4586636 0.0182825 0.0398195 0.0108315 0.0221308 0.0000000 0.0016197 0.0206803 0.0000000 0.0302490 0.3160844
 58 I  58 0.0000000 0.0000000 0.0000000 0.0000000 0.0000000 0.0000000 0.0000000 0.0000000 0.0000000 0.7492391 0.0031317 0.0000000 0.0000000 0.0000000 0.0000000 0.0000000 0.0023080 0.0000000 0.0000000 0.2453213
 59 K  59 0.0624819 0.0281288 0.0073498 0.0319853 0.0007151 0.0327286 0.0706338 0.0000000 0.0051482 0.0012551 0.0250747 0.5925226 0.0000000 0.0000000 0.0169025 0.0593479 0.0482353 0.0000000 0.0000000 0.0174904
 60 T  60 0.0049385 0.1123762 0.1938003 0.0194323 0.0103055 0.1003852 0.1276899 0.0000000 0.1124459 0.0070179 0.0017501 0.1471823 0.0083990 0.0101542 0.0000000 0.0161798 0.0770256 0.0000000 0.0475965 0.0033208
 61 P  61 0.0079306 0.0034216 0.0000000 0.0000000 0.0000000 0.0000000 0.0038050 0.0000000 0.0000000 0.0000000 0.0000000 0.0000000 0.0000000 0.0000000 0.9814257 0.0018966 0.0000000 0.0000000 0.0000000 0.0015204
 62 M  62 0.0031239 0.0050412 0.0000000 0.0000000 0.0020670 0.0000000 0.0000000 0.0000000 0.0000000 0.2734405 0.0106502 0.0000000 0.6477325 0.0000000 0.0000000 0.0008464 0.0284554 0.0000000 0.0000000 0.0286429
 63 D  63 0.0110416 0.0000000 0.0011398 0.9135962 0.0091641 0.0000000 0.0009600 0.0000000 0.0029372 0.0000000 0.0000000 0.0000000 0.0000000 0.0000000 0.0000000 0.0587904 0.0000000 0.0023708 0.0000000 0.0000000
 64 M  64 0.0000000 0.0000000 0.0000000 0.0031351 0.0032993 0.0000000 0.0000000 0.0000000 0.0000000 0.0406895 0.7235850 0.0000000 0.1509360 0.0618785 0.0023271 0.0000000 0.0000000 0.0000000 0.0020745 0.0120750
 65 G  65 0.0296747 0.0454065 0.0338013 0.0071401 0.0010656 0.0390020 0.0188357 0.2675900 0.0092260 0.0111500 0.0587056 0.0951470 0.0234878 0.0085383 0.0000000 0.2738195 0.0528994 0.0000000 0.0175490 0.0069612
 66 T  66 0.0127753 0.0232719 0.0006352 0.0096057 0.0048755 0.0515784 0.0041255 0.0049951 0.0000000 0.0216256 0.0308967 0.0771960 0.0159631 0.0000000 0.0000000 0.0298700 0.7101740 0.0004943 0.0000000 0.0019176
 67 I  67 0.0012385 0.0000000 0.0000000 0.0000000 0.0000000 0.0000000 0.0000000 0.0000000 0.0000000 0.7095628 0.0127870 0.0000000 0.1147933 0.0000000 0.0000000 0.0000000 0.0000000 0.0000000 0.0000000 0.1616185
 68 K  68 0.0803438 0.1791703 0.0044176 0.0149669 0.0006502 0.1131324 0.2019525 0.0098739 0.0172968 0.0061467 0.0084508 0.3162511 0.0048017 0.0000000 0.0000000 0.0304143 0.0092133 0.0005832 0.0007608 0.0015738
 69 K  69 0.0384861 0.1449895 0.0522766 0.0147053 0.0000000 0.1280221 0.0618287 0.0083278 0.0471334 0.0055613 0.0065300 0.2958540 0.0239036 0.0021079 0.0000000 0.0760712 0.0762151 0.0000000 0.0051166 0.0128710
 70 R  70 0.0005936 0.3126160 0.0843395 0.0047719 0.0010007 0.0089491 0.0006562 0.0015357 0.0087840 0.0000000 0.0005781 0.5599710 0.0041712 0.0000000 0.0000000 0.0010372 0.0109957 0.0000000 0.0000000 0.0000000
 71 L  71 0.0000000 0.0000000 0.0016377 0.0000000 0.0000000 0.0010308 0.0000000 0.0080557 0.0039702 0.1884516 0.6998383 0.0000000 0.0459811 0.0152767 0.0000000 0.0000000 0.0009215 0.0008537 0.0000000 0.0339827
 72 E  72 0.0297072 0.0922854 0.0732565 0.1182790 0.0007358 0.0925853 0.2319404 0.0060865 0.0175603 0.0102647 0.0275750 0.2182471 0.0116543 0.0000000 0.0000000 0.0263021 0.0182133 0.0000000 0.0046596 0.0206473
 73 N  73 0.0772119 0.0250958 0.3405535 0.0468857 0.0018842 0.0250727 0.0221228 0.0394006 0.0279345 0.0063679 0.0149113 0.0790462 0.0296969 0.0000000 0.0003714 0.1064520 0.1289491 0.0000000 0.0078510 0.0201925
 74 N  74 0.0046652 0.0743397 0.2315917 0.1041703 0.0128009 0.0159555 0.0649743 0.2960886 0.0370885 0.0043828 0.0105011 0.0586816 0.0014126 0.0018505 0.0214767 0.0316018 0.0103002 0.0045782 0.0065317 0.0070080
 75 Y  75 0.0757114 0.0377613 0.0176912 0.0463121 0.0014639 0.1423253 0.1583924 0.0140614 0.0184715 0.0075082 0.0390602 0.0933329 0.0110180 0.0525716 0.0015517 0.0587111 0.0168638 0.0072657 0.1767655 0.0231607
 76 Y  76 0.0000000 0.0000000 0.0000000 0.0000000 0.0019159 0.0000000 0.0000000 0.0000000 0.0046163 0.0089131 0.0000000 0.0000000 0.0000000 0.0075088 0.0000000 0.0000000 0.0000000 0.0000000 0.9758933 0.0011525
 77 W  77 0.0837253 0.0913025 0.0285839 0.0563155 0.0140221 0.0737270 0.1117326 0.0245406 0.0245128 0.0046236 0.0193316 0.1193757 0.0049653 0.0047821 0.0460266 0.0891958 0.0697350 0.0919009 0.0188649 0.0227361
 78 N  78 0.0257561 0.0429632 0.1317472 0.1452195 0.0126001 0.0184732 0.0374426 0.0223902 0.0118481 0.0033163 0.0017401 0.0357700 0.0036024 0.0015843 0.0026208 0.2787742 0.2142920 0.0038641 0.0008463 0.0051493
 79 A  79 0.1872255 0.0208946 0.0004911 0.0016247 0.0012581 0.0023203 0.0405182 0.0168163 0.0085792 0.0950046 0.1509767 0.0436711 0.0330779 0.0228580 0.1869822 0.0331445 0.0111194 0.0000000 0.0098443 0.1335933
 80 Q  80 0.0556725 0.0323878 0.0459007 0.1642938 0.0007082 0.0771706 0.2003451 0.0266627 0.0176176 0.0018242 0.0210721 0.0827909 0.0112633 0.0070014 0.0025953 0.1394311 0.0235860 0.0735071 0.0070181 0.0091515
 81 E  81 0.1093045 0.0019230 0.0014581 0.1870285 0.0000000 0.1395387 0.4322847 0.0236484 0.0185453 0.0027848 0.0262734 0.0095990 0.0046720 0.0033177 0.0000000 0.0223134 0.0155638 0.0000000 0.0000000 0.0017445
 82 C  82 0.0388722 0.0000000 0.0000000 0.0000000 0.1131489 0.0000000 0.0000000 0.0000000 0.0000000 0.0409536 0.1830826 0.0000000 0.1172755 0.3708889 0.0000000 0.0027452 0.0018434 0.0042463 0.0648043 0.0621390
 83 I  83 0.1640302 0.0125662 0.0079248 0.0108779 0.0342478 0.0201160 0.0968431 0.0025949 0.0029703 0.1883892 0.0480788 0.0507324 0.0920785 0.0091036 0.0000000 0.0216482 0.0477352 0.0019789 0.0097299 0.1783543
 84 Q  84 0.2344186 0.0419516 0.0471261 0.1535524 0.0134066 0.1057155 0.1082480 0.0417089 0.0134466 0.0024072 0.0090329 0.0951933 0.0033249 0.0028356 0.0000000 0.0553612 0.0195078 0.0286755 0.0121432 0.0119439
 85 D  85 0.0042907 0.0000000 0.0021225 0.9362387 0.0000000 0.0000000 0.0378585 0.0000000 0.0060738 0.0000000 0.0032132 0.0019675 0.0000000 0.0000000 0.0000000 0.0024933 0.0008880 0.0000000 0.0000000 0.0048539
 86 F  86 0.0278660 0.0000000 0.0000000 0.0000000 0.0149877 0.0000000 0.0000000 0.0019675 0.0000000 0.1403642 0.1492612 0.0000000 0.1189215 0.2609201 0.0000000 0.0033826 0.0017801 0.0000000 0.0082906 0.2722585
 87 N  87 0.0097976 0.2625334 0.1867139 0.0558759 0.0015159 0.0388918 0.0827694 0.0043549 0.0112148 0.0028072 0.0354848 0.1185645 0.0282661 0.0208859 0.0000000 0.0182313 0.0217109 0.0670634 0.0163850 0.0169334
 88 T  88 0.0028641 0.0259426 0.0005388 0.0000000 0.0000000 0.0490589 0.0038568 0.0000000 0.0000000 0.0139572 0.6883494 0.0185689 0.0184174 0.0000000 0.0029115 0.0018462 0.1229200 0.0000000 0.0369385 0.0138296
 89 M  89 0.0000000 0.0000000 0.0000000 0.0000000 0.0043328 0.0000000 0.0000000 0.0000000 0.0000000 0.2211482 0.1266571 0.0000000 0.4921864 0.0069797 0.0000000 0.0000000 0.0468981 0.0000000 0.0000000 0.1017977
 90 F  90 0.0284965 0.0000000 0.0000000 0.0000000 0.0257478 0.0000000 0.0246659 0.0000000 0.0000000 0.0609753 0.0506148 0.0000000 0.0006664 0.6447721 0.0060213 0.0007343 0.0234838 0.0091728 0.0129533 0.1116957
 91 T  91 0.0319603 0.0728880 0.1507823 0.1422898 0.0000000 0.0426957 0.0979704 0.0155374 0.0406595 0.0046864 0.0067647 0.1130051 0.0020119 0.0013619 0.0000000 0.1387577 0.1303420 0.0070873 0.0008375 0.0003620
 92 N  92 0.0000000 0.0014496 0.9886490 0.0015943 0.0000000 0.0000000 0.0028863 0.0000000 0.0000000 0.0000000 0.0000000 0.0000000 0.0000000 0.0000000 0.0000000 0.0054207 0.0000000 0.0000000 0.0000000 0.0000000
 93 C  93 0.4977118 0.0000000 0.0178849 0.0000000 0.4297956 0.0000000 0.0000000 0.0010348 0.0000000 0.0000000 0.0000000 0.0000000 0.0000000 0.0000000 0.0035790 0.0330722 0.0160372 0.0000000 0.0000000 0.0008845
 94 Y  94 0.0145807 0.1603435 0.0010078 0.0011234 0.0453906 0.0325606 0.0286472 0.0000000 0.0045657 0.0342247 0.0495709 0.2026526 0.0721711 0.0377117 0.0000000 0.0034515 0.0022538 0.0838741 0.1984315 0.0274385
 95 I  95 0.0803224 0.0505664 0.0108327 0.0188226 0.0018527 0.0588437 0.0343665 0.0052897 0.0339175 0.0743098 0.1653721 0.1590972 0.0144622 0.0022960 0.0004377 0.0225964 0.2095782 0.0000000 0.0113706 0.0456657
 96 Y  96 0.0138723 0.0000000 0.0000000 0.0000000 0.0008334 0.0000000 0.0000000 0.0000000 0.0012281 0.0000000 0.0050619 0.0000000 0.0000000 0.3422117 0.0000000 0.0038731 0.0019780 0.0000000 0.6294680 0.0014734
 97 N  97 0.0000000 0.0000000 0.8717834 0.0007060 0.0000000 0.0000000 0.0024595 0.0000000 0.0006240 0.0000000 0.0000000 0.0000000 0.0023290 0.0121231 0.0000000 0.0125177 0.0162344 0.0060576 0.0751653 0.0000000
 98 K  98 0.0244869 0.0814799 0.0456449 0.0277718 0.0018824 0.0225599 0.1992386 0.1318748 0.0012513 0.0129879 0.0225731 0.1740511 0.0187559 0.0000000 0.1531334 0.0385134 0.0150253 0.0000000 0.0011140 0.0276555
 99 P  99 0.0338715 0.0242130 0.0059267 0.0649238 0.0000000 0.0028866 0.1417164 0.0020052 0.0054505 0.0064873 0.0192186 0.1478559 0.0000000 0.0000000 0.4855171 0.0265910 0.0153679 0.0024169 0.0000000 0.0155513
100 G 100 0.0210546 0.0201548 0.0985932 0.1716498 0.0000000 0.0171420 0.0949777 0.3053507 0.0248121 0.0035907 0.0070021 0.0189874 0.0006449 0.0012246 0.0031511 0.0570342 0.1493899 0.0011787 0.0016134 0.0024479
101 D 101 0.0256811 0.0040156 0.0399578 0.1185164 0.0000000 0.0129023 0.0379484 0.0000000 0.0928800 0.0052011 0.0082204 0.0124571 0.0000000 0.0000000 0.0043816 0.5231571 0.1073109 0.0000000 0.0073703 0.0000000
102 D 102 0.0529338 0.0925063 0.0107143 0.2088367 0.0018690 0.1313349 0.0827508 0.0152920 0.0056316 0.0262848 0.0346544 0.0543625 0.0250159 0.0082749 0.1225666 0.0318753 0.0198365 0.0069870 0.0155544 0.0527182
103 I 103 0.0093771 0.0014672 0.0000000 0.0000000 0.0024123 0.0018665 0.0911922 0.0000000 0.0000000 0.3287399 0.0409724 0.0000000 0.0103301 0.0212174 0.0080557 0.0048579 0.0166839 0.0000000 0.0641317 0.3986958
104 V 104 0.0569834 0.0145384 0.0268244 0.0040804 0.0169719 0.0000000 0.0058463 0.0306068 0.1082743 0.0049169 0.0099638 0.0000000 0.0096231 0.0547792 0.0000000 0.0466096 0.0675871 0.0139790 0.3767060 0.1517093
105 L 105 0.0285051 0.1454786 0.0450241 0.0149527 0.0016294 0.0980414 0.0306076 0.0089523 0.0083125 0.0489191 0.1112973 0.3055387 0.0415801 0.0128286 0.0010316 0.0282290 0.0157131 0.0034530 0.0020544 0.0478515
106 M 106 0.0994042 0.0273605 0.0128463 0.2287902 0.0453450 0.0204462 0.0310467 0.0000000 0.0225825 0.0239297 0.0313648 0.0107971 0.2852048 0.0198120 0.0083599 0.0375835 0.0145450 0.0145376 0.0604787 0.0055653
107 A 107 0.6291301 0.0000000 0.0000000 0.0000000 0.0785974 0.0088997 0.0009293 0.1439629 0.0000000 0.0026851 0.0301301 0.0148287 0.0117982 0.0000000 0.0016817 0.0333935 0.0184829 0.0000000 0.0000000 0.0254805
108 E 108 0.0081987 0.0684562 0.0750875 0.0430335 0.0406061 0.1408279 0.1099225 0.0012199 0.0433266 0.0344798 0.0863883 0.1520558 0.0075913 0.0031466 0.0000000 0.0384392 0.0836795 0.0000000 0.0049849 0.0585556
109 A 109 0.0936254 0.0798164 0.0681278 0.0255989 0.0060120 0.0609187 0.0654069 0.0318225 0.0103061 0.0535767 0.0262897 0.2449104 0.0160689 0.0016001 0.0005611 0.0622419 0.1091749 0.0085190 0.0022813 0.0331413
110 L 110 0.0028327 0.0000000 0.0000000 0.0000000 0.0051118 0.0000000 0.0000000 0.0000000 0.0000000 0.0845044 0.7842025 0.0000000 0.0589768 0.0147968 0.0000000 0.0094369 0.0051698 0.0000000 0.0000000 0.0349683
111 E 111 0.0280596 0.0489122 0.0096937 0.0052848 0.0033134 0.1507324 0.3300782 0.0012328 0.0153659 0.0000000 0.0562030 0.1685757 0.0165857 0.0015969 0.0000000 0.0784761 0.0240873 0.0474723 0.0073428 0.0069875
112 K 112 0.0923922 0.0866434 0.0752626 0.0867026 0.0315210 0.0571354 0.1525929 0.0158847 0.0091931 0.0067291 0.0096889 0.3068548 0.0016434 0.0000000 0.0014430 0.0322028 0.0240134 0.0016898 0.0035370 0.0048697
113 L 113 0.0751893 0.0098415 0.0318343 0.0134703 0.0244721 0.0180203 0.0097903 0.0004592 0.0218470 0.1726216 0.1884120 0.0194692 0.0182523 0.0680719 0.0011339 0.0214356 0.0201749 0.0031102 0.0334102 0.2489839
114 F 114 0.0272003 0.0026261 0.0000000 0.0000000 0.0205680 0.0016640 0.0000000 0.0034208 0.0000000 0.0632466 0.0729991 0.0041300 0.0573648 0.6186693 0.0000000 0.0059358 0.0100175 0.0076807 0.0515790 0.0528979
115 L 115 0.0157142 0.0429282 0.0772530 0.0484151 0.0007080 0.1200293 0.2460246 0.0017832 0.0326118 0.0165350 0.1571682 0.0590684 0.0320935 0.0077399 0.0102546 0.0334135 0.0238701 0.0191430 0.0302991 0.0249475
116 Q 116 0.0825138 0.1112772 0.0348186 0.0431709 0.0000000 0.1528609 0.0916447 0.0127994 0.0259325 0.0032074 0.0149630 0.2217445 0.0305049 0.0034488 0.0040910 0.0727835 0.0797599 0.0000000 0.0039750 0.0105039
117 K 117 0.0531901 0.1315486 0.0137013 0.0135407 0.0010795 0.1393839 0.0868562 0.0078471 0.0484427 0.0204738 0.0424521 0.3455997 0.0124086 0.0075660 0.0000000 0.0121315 0.0470110 0.0016535 0.0058562 0.0092576
118 I 118 0.0289322 0.0831268 0.0000000 0.0000000 0.0142763 0.0063928 0.0000000 0.0000000 0.0000000 0.1718472 0.2471379 0.0745660 0.0942206 0.0325178 0.0000000 0.0000000 0.0055334 0.1023606 0.0510204 0.0880681
119 N 119 0.1747293 0.0487460 0.0517703 0.0679751 0.0017490 0.0525536 0.0664254 0.0173296 0.0045620 0.0227494 0.0637495 0.1671986 0.0143838 0.0042685 0.1010922 0.0759600 0.0378478 0.0022793 0.0013821 0.0232485
120 E 120 0.0205995 0.0675933 0.0745354 0.0434779 0.0046968 0.1056848 0.2627539 0.0223941 0.0135216 0.0048909 0.0325098 0.2053913 0.0030836 0.0090525 0.0390816 0.0490326 0.0218512 0.0025970 0.0106090 0.0066433
121 L 121 0.0125026 0.0104374 0.0025886 0.0072787 0.0028728 0.0065414 0.0327447 0.0019932 0.0185421 0.1679098 0.2688735 0.0299966 0.2717690 0.0462332 0.0089555 0.0102272 0.0076972 0.0009274 0.0173835 0.0745258
122 P 122 0.0273804 0.0248471 0.0137825 0.0367579 0.0073909 0.0181036 0.1131241 0.0507810 0.0022517 0.0125727 0.0519169 0.0363095 0.0436402 0.0156303 0.4541694 0.0364637 0.0162142 0.0000000 0.0077192 0.0309448
123 T 123 0.0634810 0.0745431 0.0313345 0.0507517 0.0154805 0.1306209 0.0688299 0.0371679 0.0290938 0.0115721 0.0542308 0.1367391 0.0200625 0.0240811 0.1025021 0.0813976 0.0184182 0.0000000 0.0126616 0.0370316
124 E 124 0.0576108 0.0381037 0.0301011 0.0792593 0.0037602 0.0348944 0.2108665 0.0722319 0.0141082 0.0216140 0.0468072 0.0722762 0.0419204 0.0185602 0.0514204 0.0679725 0.0366261 0.0490980 0.0157852 0.0369837
125 E 125 0.0173190 0.0304581 0.0216803 0.1294150 0.0035347 0.0442188 0.2867108 0.0339143 0.0162007 0.0294728 0.0618749 0.0371084 0.0171915 0.0272691 0.0617582 0.0341741 0.0125560 0.0192859 0.1094711 0.0063861
126 T 126 0.0501537 0.0249507 0.0358244 0.1090106 0.0125667 0.0535634 0.1036388 0.0646483 0.0186944 0.1477427 0.0491889 0.0475673 0.0190798 0.0115134 0.0730023 0.0446926 0.0394315 0.0056181 0.0289005 0.0602120
127 E 127 0.1278636 0.0298159 0.0175250 0.0620221 0.0095142 0.0251015 0.1219197 0.0465431 0.0243188 0.0534202 0.0547494 0.0503796 0.0232723 0.0252974 0.0454635 0.0854176 0.0533134 0.0064052 0.0578001 0.0798574
128 I 128 0.0415948 0.1150403 0.0351197 0.1013764 0.0433048 0.0397138 0.1050567 0.0546372 0.0390444 0.0522001 0.0575056 0.0624227 0.0199352 0.0088525 0.0754141 0.0477162 0.0335017 0.0080717 0.0087488 0.0507434
129 M 129 0.0236668 0.0096140 0.0320545 0.1023578 0.0595362 0.0338305 0.0700345 0.0598987 0.0109858 0.0361811 0.1462197 0.0366602 0.0435978 0.0175413 0.0657558 0.0875779 0.0454885 0.0110487 0.0394429 0.0685074
130 I 130 0.0377272 0.0557812 0.0227115 0.0710609 0.0421030 0.0264728 0.0604943 0.0678453 0.0126158 0.0505833 0.0336889 0.0831809 0.0459381 0.0210012 0.0859191 0.0703708 0.0355691 0.0024405 0.0213078 0.1531884
131 V 131 0.0682869 0.0745312 0.0480869 0.0561653 0.0422416 0.0388214 0.0929681 0.0292655 0.0269602 0.0169013 0.0381660 0.1000900 0.0133451 0.0591215 0.0940388 0.0361889 0.0333649 0.0024553 0.0779356 0.0510655
132 Q 132 0.0665286 0.0399144 0.0329824 0.1621485 0.0000000 0.0453734 0.1022750 0.0568062 0.0097419 0.0330623 0.0554693 0.0816117 0.0138190 0.0189276 0.0698163 0.0939907 0.0459549 0.0085638 0.0085124 0.0545018
133 A 133 0.0461541 0.1361513 0.0282976 0.0617030 0.0285092 0.0411976 0.0783073 0.0348901 0.0359277 0.0245618 0.0519231 0.0781326 0.0314888 0.0138971 0.1342967 0.0699939 0.0478404 0.0017053 0.0317993 0.0232231
134 K 134 0.0678094 0.0886004 0.0261078 0.0499793 0.0185105 0.0340699 0.1137792 0.0277118 0.0134793 0.0339438 0.0304273 0.2635761 0.0180516 0.0036488 0.0205219 0.0847836 0.0555999 0.0093199 0.0055556 0.0345235
135 G 135 0.0538501 0.0522544 0.0545119 0.0461613 0.0070145 0.0306682 0.0543483 0.0824755 0.1169883 0.0281776 0.0845440 0.1037480 0.0104623 0.0364097 0.0609316 0.0648586 0.0456982 0.0000000 0.0386231 0.0282745
136 R 136 0.0441921 0.1134818 0.0380943 0.0306006 0.0078597 0.0226595 0.0576105 0.0393673 0.0036631 0.0281225 0.1068724 0.1607244 0.0154130 0.0172454 0.0732080 0.1139321 0.0677299 0.0000000 0.0166932 0.0425300
137 G 137 0.0557081 0.0601168 0.0373413 0.0436702 0.0210147 0.0415508 0.0746120 0.0668381 0.0247837 0.0186950 0.0608344 0.0788520 0.0143491 0.0322436 0.0931333 0.1690127 0.0524814 0.0028137 0.0218705 0.0300786
138 R 138 0.0375321 0.0739008 0.0564927 0.0712296 0.0190728 0.0611310 0.0642854 0.0316600 0.0337558 0.0576570 0.0630455 0.0796102 0.0489720 0.0244753 0.0460685 0.1066078 0.0667151 0.0036964 0.0201318 0.0339601
139 G 139 0.1661842 0.0795777 0.0402224 0.0396416 0.0090696 0.0442103 0.0507814 0.0631626 0.0088838 0.0135070 0.0304723 0.1213010 0.0115605 0.0063558 0.0915328 0.1206617 0.0525288 0.0000000 0.0157383 0.0346083
140 R 140 0.0674916 0.0788238 0.0369235 0.0388153 0.0112170 0.0646229 0.0546479 0.0478963 0.0197249 0.0742768 0.0833494 0.1013274 0.0304208 0.0173390 0.0981351 0.0747244 0.0400288 0.0017776 0.0152341 0.0432232
141 K 141 0.0741259 0.0778176 0.0303597 0.0355461 0.0467385 0.0374215 0.0622069 0.0512027 0.0150899 0.0539259 0.0415894 0.0659135 0.0121213 0.0158386 0.0490926 0.0819955 0.0691252 0.0310799 0.0315293 0.1172799
142 E 142 0.0727209 0.0842068 0.0322485 0.0793681 0.0324261 0.0373156 0.0950968 0.0630655 0.0159173 0.0216597 0.0506858 0.1516003 0.0084728 0.0069807 0.0651337 0.0757972 0.0688789 0.0022206 0.0091463 0.0270584
143 T 143 0.0702352 0.0601085 0.0293884 0.0656278 0.0352553 0.0411344 0.0649704 0.0522004 0.0285892 0.0495900 0.0833995 0.1220984 0.0199173 0.0067029 0.0555164 0.0768930 0.0567341 0.0000000 0.0357683 0.0458707
144 G 144 0.0713456 0.0733246 0.0297267 0.0421096 0.0585871 0.0422377 0.0389386 0.0786639 0.0177412 0.0608980 0.0629362 0.0631173 0.0116630 0.0210009 0.1198611 0.0803571 0.0548635 0.0034003 0.0205204 0.0487074
145 T 145 0.0581344 0.0733468 0.0286807 0.0685466 0.0524362 0.0356552 0.0601462 0.0529951 0.0149470 0.0294233 0.0884193 0.0881385 0.0206222 0.0200761 0.0727894 0.0658140 0.0550024 0.0109662 0.0438389 0.0600215
146 A 146 0.0734425 0.0824575 0.0542621 0.0406945 0.0094992 0.0342334 0.0680500 0.0676650 0.0261513 0.0419004 0.0396393 0.0750142 0.0279558 0.0267541 0.0831001 0.0973014 0.0651984 0.0083153 0.0320318 0.0463337
147 K 147 0.0801215 0.0962322 0.0301760 0.0502739 0.0234469 0.0334431 0.0715397 0.0414185 0.0096530 0.0459001 0.0710890 0.1052486 0.0473647 0.0107347 0.0466752 0.0706067 0.0463458 0.0049959 0.0170465 0.0976881
148 P 148 0.0942737 0.0510241 0.0240876 0.0547377 0.0373427 0.0555736 0.0552247 0.0600842 0.0124338 0.0342405 0.0593340 0.0744124 0.0339117 0.0117560 0.0895820 0.0860639 0.0659122 0.0024588 0.0129175 0.0846287
149 G 149 0.0617318 0.0565610 0.0309943 0.0573319 0.0137633 0.0466829 0.0631676 0.1437644 0.0095956 0.0185210 0.0600638 0.0646775 0.0195656 0.0503728 0.0928526 0.0819638 0.0699019 0.0048519 0.0123179 0.0413184
150 V 150 0.0797603 0.0497966 0.0191472 0.0599544 0.0339208 0.0393239 0.0566951 0.1032654 0.0386759 0.0677492 0.0633210 0.0561729 0.0134387 0.0158357 0.0862813 0.0893076 0.0430485 0.0128993 0.0249900 0.0464162
151 S 151 0.0717640 0.0578919 0.0387652 0.0331249 0.0384124 0.0383582 0.0743082 0.0345094 0.0271695 0.0803357 0.0505176 0.0525796 0.0320269 0.0194747 0.0674797 0.1097776 0.1004501 0.0062145 0.0133078 0.0535320
152 T 152 0.0523991 0.0663458 0.0190333 0.0479558 0.0272810 0.0589384 0.0732434 0.0391184 0.0278340 0.0529925 0.0342749 0.0708585 0.0054704 0.0174159 0.0723389 0.0947756 0.1546435 0.0049305 0.0354545 0.0446956
153 V 153 0.0802405 0.0496372 0.0186382 0.0650045 0.0156167 0.0307089 0.0988515 0.0661604 0.0144884 0.0435458 0.0431955 0.0629756 0.0114171 0.0178755 0.1180076 0.1021687 0.0432917 0.0010735 0.0590440 0.0580588
154 P 154 0.0608729 0.1434821 0.0297084 0.0450130 0.0162381 0.0367736 0.0692627 0.0576130 0.0254815 0.0483734 0.0463285 0.0509163 0.0393653 0.0356374 0.0832612 0.0826296 0.0562041 0.0037783 0.0341762 0.0348845
155 N 155 0.0568139 0.0784394 0.0398295 0.0616404 0.0112120 0.0644831 0.0597667 0.0565054 0.0195112 0.0295503 0.0373632 0.0508235 0.0292222 0.0298150 0.1144996 0.0745607 0.1124625 0.0181939 0.0229810 0.0323265
156 T 156 0.0655072 0.0876335 0.0249264 0.0458495 0.0287335 0.0528192 0.0994214 0.0480160 0.0288372 0.0243986 0.0556415 0.0497197 0.0159573 0.0644218 0.0875078 0.0765992 0.0684736 0.0017761 0.0337511 0.0400094
157 T 157 0.0798945 0.1026826 0.0289695 0.0407130 0.0196624 0.0373740 0.0633216 0.0734053 0.0170012 0.0416281 0.0184297 0.1057125 0.0098005 0.0097639 0.0899459 0.1146526 0.0778529 0.0081553 0.0344853 0.0265494
158 Q 158 0.0671725 0.0635844 0.0274134 0.0676519 0.0117534 0.0589017 0.0431039 0.0632633 0.0192418 0.0403103 0.0717512 0.0691737 0.0157411 0.0102428 0.0744440 0.1072287 0.0627866 0.0000000 0.0571450 0.0690903
159 A 159 0.0867887 0.1044251 0.0540977 0.0310898 0.0116517 0.0380901 0.0662142 0.0759038 0.0354126 0.0424628 0.0421707 0.0585881 0.0159655 0.0399065 0.0559787 0.0629609 0.0581260 0.0048565 0.0670534 0.0482570
160 S 160 0.0483625 0.0719340 0.0156888 0.0655051 0.0438474 0.0583592 0.1105980 0.0423755 0.0288831 0.0342233 0.0504348 0.0718131 0.0154309 0.0356682 0.0621187 0.1080605 0.0488369 0.0105021 0.0409344 0.0364234
161 T 161 0.0937202 0.0630813 0.0600067 0.0536206 0.0168017 0.0321492 0.0348726 0.0407776 0.0276214 0.0197612 0.0464045 0.0420861 0.0319720 0.0744175 0.0664650 0.0902687 0.0651006 0.0232799 0.0512580 0.0663352
162 P 162 0.1127533 0.0760285 0.0475881 0.0412973 0.0169663 0.0501176 0.0783303 0.0191003 0.0221072 0.0359155 0.0387484 0.0533334 0.0276060 0.0138333 0.0834020 0.1136459 0.0493611 0.0099357 0.0463767 0.0635531
163 P 163 0.0547083 0.0414636 0.0569127 0.0340181 0.0039742 0.0603777 0.1204599 0.0289287 0.0073308 0.0210950 0.0627952 0.0549018 0.0127149 0.0060817 0.1305301 0.1430878 0.0545453 0.0000000 0.0664431 0.0396312
164 Q 164 0.0591987 0.0521565 0.0630342 0.0399931 0.0302213 0.0624642 0.0600504 0.0388252 0.0256189 0.0808165 0.0430983 0.0837698 0.0212386 0.0170698 0.0811150 0.1073771 0.0521456 0.0151877 0.0153727 0.0512461
165 T 165 0.0555344 0.0674063 0.0514849 0.0662855 0.0034785 0.0680305 0.0705711 0.0391719 0.0148954 0.0190423 0.0540936 0.0724695 0.0235957 0.0468077 0.0402940 0.0772467 0.0680665 0.0000000 0.0434734 0.1180521
166 Q 166 0.0621597 0.0435812 0.0734778 0.0386908 0.0147303 0.0603331 0.0972885 0.0317547 0.0246305 0.0501826 0.0551418 0.0808573 0.0096281 0.0914825 0.0620813 0.0567571 0.0466837 0.0045736 0.0599303 0.0360350
167 T 167 0.0595269 0.0800755 0.0482302 0.0344212 0.0935691 0.0771082 0.0658024 0.0379475 0.0325711 0.0533466 0.0333999 0.0599954 0.0178816 0.0434292 0.0616968 0.0740843 0.0496267 0.0134867 0.0348242 0.0289766
168 P 168 0.1071273 0.0700133 0.0305473 0.0400517 0.0502570 0.0342570 0.0629851 0.0248341 0.0133244 0.0227426 0.0564038 0.0696125 0.0202361 0.0287322 0.0904121 0.0743886 0.0364418 0.0000000 0.0547484 0.1128847
169 Q 169 0.0577914 0.0548087 0.0212943 0.0368993 0.0274690 0.0651525 0.0640944 0.0330396 0.0163206 0.0699981 0.0731570 0.1221727 0.0198424 0.0126806 0.0608383 0.0832040 0.0765205 0.0223041 0.0316077 0.0508049
170 P 170 0.0517204 0.0318440 0.0209371 0.0517099 0.0097751 0.0531996 0.0769823 0.0671408 0.0085203 0.0386834 0.0399729 0.0763370 0.0104450 0.0258282 0.1651732 0.1846730 0.0478327 0.0029732 0.0120484 0.0242035
171 N 171 0.0889268 0.0608278 0.0770236 0.0335141 0.0230334 0.0301960 0.0505401 0.0539065 0.0185118 0.0208999 0.0884206 0.0950042 0.0077278 0.0147566 0.0590704 0.1178293 0.0522540 0.0026436 0.0500480 0.0548656
172 P 172 0.0694352 0.0744768 0.0602604 0.0781313 0.0230076 0.0372051 0.0639673 0.0648008 0.0122678 0.0400538 0.0571867 0.0425283 0.0302493 0.0364969 0.1040029 0.0928357 0.0554381 0.0017724 0.0277585 0.0281251
173 P 173 0.0540350 0.0418826 0.0417622 0.0330373 0.0179243 0.0896070 0.0757948 0.0546065 0.0285387 0.0322210 0.0614484 0.0806507 0.0225124 0.0516297 0.0984897 0.0473123 0.0657565 0.0150473 0.0416623 0.0460813
174 P 174 0.0758534 0.0806014 0.0489168 0.0442677 0.0215757 0.0907207 0.0544292 0.0316775 0.0439968 0.0695043 0.0531283 0.0413215 0.0415601 0.0116798 0.0631057 0.0616160 0.0842707 0.0089884 0.0325177 0.0402683
175 V 175 0.0405151 0.0654471 0.0320317 0.0480585 0.0243208 0.0352735 0.0401104 0.0329369 0.0147683 0.0626334 0.1378271 0.0539341 0.0433365 0.0316704 0.0860223 0.0640200 0.0762968 0.0098154 0.0265015 0.0744802
176 Q 176 0.0784540 0.0652018 0.0392634 0.0400504 0.0401633 0.0499958 0.0315376 0.0414320 0.0253518 0.0452637 0.0958081 0.0860040 0.0553577 0.0410323 0.0902336 0.0428247 0.0528401 0.0213238 0.0274963 0.0303657
177 A 177 0.0576735 0.0457928 0.0874187 0.0488135 0.0589855 0.0630990 0.0385684 0.0799231 0.0324007 0.0144129 0.0522923 0.0780718 0.0230982 0.0245183 0.0743840 0.0822202 0.0637706 0.0107534 0.0418276 0.0219756
178 T 178 0.1026056 0.0231897 0.0313105 0.0777136 0.0217489 0.0337756 0.0282051 0.0621648 0.0372784 0.0272603 0.1245099 0.0737078 0.0152811 0.0121087 0.0648587 0.0729427 0.0659842 0.0066425 0.0785992 0.0401130
179 P 179 0.0479696 0.0669274 0.0288961 0.0289025 0.0296953 0.0708094 0.0596673 0.0721976 0.0127387 0.0361410 0.0686229 0.0767984 0.0193450 0.0128771 0.1917985 0.0469401 0.0775673 0.0000000 0.0111001 0.0410057
180 H 180 0.0627193 0.0609180 0.0582999 0.0462773 0.0421040 0.0493714 0.0432296 0.0401876 0.0444097 0.0421585 0.0820261 0.0766869 0.0242690 0.0512987 0.0759687 0.0598141 0.0387762 0.0080593 0.0438791 0.0495465
181 P 181 0.0573008 0.0411958 0.0674942 0.0489260 0.0153195 0.0438325 0.0853492 0.0418812 0.0568332 0.0481592 0.1020488 0.0596110 0.0126303 0.0373083 0.0727913 0.0759966 0.0419974 0.0031901 0.0385086 0.0496260
182 F 182 0.0587920 0.0572811 0.0494924 0.0663432 0.0324685 0.0377938 0.0793293 0.0235078 0.0272011 0.0462619 0.0924964 0.0503230 0.0421904 0.0330312 0.0654388 0.0669332 0.0499244 0.0263802 0.0476808 0.0471306
183 P 183 0.0471819 0.0762596 0.0537172 0.0661388 0.0202771 0.0336843 0.0391621 0.0767367 0.0370129 0.0568255 0.0841989 0.0800716 0.0704687 0.0094990 0.0813140 0.0536019 0.0567022 0.0000000 0.0256976 0.0314499
184 A 184 0.0792030 0.0592408 0.0507779 0.0649331 0.0141997 0.0384945 0.0611811 0.0480135 0.0350187 0.0550737 0.0557221 0.0885334 0.0164198 0.0385105 0.0907076 0.0767611 0.0386318 0.0021456 0.0392812 0.0471508
185 V 185 0.0777150 0.0507276 0.0170940 0.0606901 0.0085671 0.0524777 0.0519163 0.0289580 0.0430269 0.0567825 0.0650174 0.0850068 0.0249833 0.0223263 0.0930659 0.1340135 0.0671779 0.0017477 0.0148009 0.0439051
186 T 186 0.0763598 0.0550602 0.0322865 0.0640957 0.0240802 0.0424382 0.0500202 0.0369393 0.0553373 0.0645066 0.1072143 0.0555723 0.0164755 0.0387098 0.0861272 0.0692991 0.0720221 0.0045115 0.0223933 0.0265511
187 P 187 0.0482888 0.0434721 0.0394899 0.0562901 0.0225446 0.0501335 0.0298606 0.0488226 0.0227497 0.0612184 0.0567756 0.0928617 0.0157550 0.0276910 0.1046051 0.0962681 0.0719096 0.0273137 0.0495718 0.0343779
188 D 188 0.0368926 0.0409206 0.0374837 0.0865449 0.0221796 0.0523283 0.1045158 0.0456177 0.0111695 0.0757507 0.0936550 0.0652493 0.0388234 0.0300793 0.0567613 0.0422935 0.0557312 0.0028783 0.0466814 0.0544438
189 L 189 0.0528086 0.0622269 0.0248851 0.0540176 0.0157014 0.0506830 0.0403386 0.0333252 0.0194254 0.0435113 0.1035461 0.0935422 0.0392644 0.0267770 0.0795203 0.0723549 0.0740552 0.0000000 0.0746409 0.0393757
