  433         A         R         N         D         C         Q         E         G         H         I         L         K         M         F         P         S         T         W         Y         V         X    
  1 N   1 0.0000000 0.0000000 0.0368486 0.0000000 0.0000000 0.0000000 0.0000000 0.0000000 0.0152077 0.0000000 0.0000000 0.0000000 0.0000000 0.0000000 0.0000000 0.0000000 0.0000000 0.0000000 0.0000000 0.0000000 0.9479437
  2 P   2 0.0015531 0.0018551 0.0000000 0.0000000 0.0000000 0.0000000 0.0006517 0.0000000 0.0000000 0.0000000 0.0008359 0.0007112 0.0000000 0.0000000 0.1005449 0.0008598 0.0000000 0.0000000 0.0000000 0.0007301 0.8922582
  3 P   3 0.0015386 0.0003508 0.0008130 0.0061284 0.0000000 0.0030836 0.0035978 0.0025692 0.0011400 0.0007333 0.0003320 0.0055615 0.0004905 0.0000000 0.1146665 0.0021033 0.0017363 0.0000000 0.0000000 0.0035726 0.8515824
  4 P   4 0.0054181 0.0023928 0.0008503 0.0000000 0.0000000 0.0065784 0.0206849 0.0018157 0.0000000 0.0000000 0.0066562 0.0135011 0.0003733 0.0012557 0.0898964 0.0576555 0.0081342 0.0000000 0.0000000 0.0007042 0.7840832
  5 P   5 0.0043304 0.0116287 0.0021817 0.0027858 0.0000000 0.0105716 0.0057348 0.0016205 0.0000000 0.0010871 0.0059964 0.0292566 0.0000000 0.0000000 0.1421443 0.0123270 0.0157351 0.0000000 0.0004310 0.0050548 0.7491143
  6 E   6 0.0235457 0.0177030 0.0046684 0.0211520 0.0000000 0.0097117 0.0725605 0.0045816 0.0063319 0.0017925 0.0083304 0.0151975 0.0003323 0.0014672 0.0049498 0.0605610 0.0127041 0.0000000 0.0020731 0.0187270 0.7136103
  7 T   7 0.0190313 0.0094825 0.0058096 0.0109640 0.0006271 0.0151102 0.0180249 0.0171416 0.0089528 0.0063600 0.0117442 0.0145168 0.0219533 0.0095557 0.0230678 0.0306822 0.0280620 0.0006081 0.0193573 0.0239232 0.7050254
  8 S   8 0.0132469 0.0161637 0.0059994 0.0189106 0.0019638 0.0105099 0.0066871 0.0136634 0.0033619 0.0299035 0.0187495 0.0316330 0.0015643 0.0020779 0.0399032 0.0499101 0.0194394 0.0002128 0.0032403 0.0111835 0.7016757
  9 N   9 0.0142830 0.0371694 0.0607106 0.0203540 0.0004578 0.0205525 0.0254828 0.0062925 0.0010558 0.0007326 0.0027095 0.0196477 0.0028386 0.0024826 0.0183641 0.0349036 0.0172483 0.0000000 0.0104173 0.0035565 0.7007408
 10 P  10 0.0264204 0.0201924 0.0050236 0.0047451 0.0048495 0.0024410 0.0098227 0.0022629 0.0013891 0.0015672 0.0146164 0.0359616 0.0020788 0.0009560 0.1015843 0.0395039 0.0253585 0.0043105 0.0008694 0.0088118 0.6872348
 11 N  11 0.0207787 0.0335246 0.0313237 0.0066672 0.0009705 0.0168112 0.0077081 0.0493340 0.0083655 0.0067668 0.0040652 0.0741770 0.0016364 0.0008827 0.0102430 0.0339148 0.0216834 0.0000000 0.0018006 0.0070112 0.6623355
 12 K  12 0.0137642 0.0824595 0.0129825 0.0074816 0.0004578 0.0139758 0.0131201 0.0039242 0.0012607 0.0003829 0.0094537 0.1499144 0.0015814 0.0005238 0.0048521 0.0217877 0.0062219 0.0000000 0.0004419 0.0011930 0.6542209
 13 P  13 0.0073798 0.0298966 0.0200036 0.0012340 0.0046451 0.0129212 0.0176335 0.0046828 0.0043978 0.0016446 0.0024542 0.0848521 0.0053386 0.0000000 0.0970236 0.0325152 0.0101605 0.0008433 0.0042491 0.0077586 0.6503660
 14 K  14 0.0137838 0.0351049 0.0108456 0.0015626 0.0005847 0.0109823 0.0051273 0.0945744 0.0008297 0.0231726 0.0088540 0.0769779 0.0075874 0.0028469 0.0225207 0.0162811 0.0176541 0.0000000 0.0012777 0.0159060 0.6335264
 15 R  15 0.0046154 0.1609386 0.0032795 0.0009437 0.0057441 0.0021821 0.0105334 0.0050720 0.0032734 0.0101967 0.0071818 0.0641322 0.0047154 0.0312203 0.0332352 0.0064291 0.0102213 0.0008878 0.0101197 0.0039698 0.6211085
 16 Q  16 0.0070045 0.0334540 0.0094015 0.0218333 0.0012040 0.0195719 0.0164815 0.0067299 0.0216598 0.0131698 0.0598936 0.0747137 0.0439474 0.0009018 0.0072013 0.0109309 0.0099574 0.0049438 0.0087377 0.0181828 0.6100793
 17 T  17 0.0127497 0.0062568 0.0039954 0.0117550 0.0000000 0.0178179 0.0196369 0.0077639 0.0036647 0.0035728 0.0179367 0.0409102 0.0045379 0.0009587 0.0604253 0.0291562 0.1584688 0.0000000 0.0012975 0.0042350 0.5948605
 18 N  18 0.0118403 0.0205436 0.1209664 0.0447099 0.0007075 0.0174133 0.0624529 0.0028850 0.0220208 0.0006107 0.0042229 0.0380480 0.0025003 0.0035826 0.0294730 0.0286241 0.0033798 0.0000000 0.0027676 0.0014922 0.5817592
 19 Q  19 0.0102973 0.0269367 0.0141937 0.0341108 0.0036966 0.1197760 0.0974704 0.0024580 0.0078700 0.0044299 0.0085506 0.0332920 0.0028821 0.0004461 0.0127681 0.0099241 0.0049042 0.0016242 0.0025665 0.0165658 0.5852369
 20 L  20 0.0104062 0.0006700 0.0021290 0.0189019 0.0020056 0.0299989 0.0051580 0.0014686 0.0017021 0.0148123 0.2563655 0.0098814 0.0309174 0.0046802 0.0014683 0.0010418 0.0076557 0.0223060 0.0012524 0.0107852 0.5663936
 21 Q  21 0.0058035 0.0669729 0.0062049 0.0144216 0.0054706 0.0937928 0.0271221 0.0004496 0.0272908 0.0136626 0.0218218 0.0910498 0.0150599 0.0120524 0.0000000 0.0081976 0.0069910 0.0027878 0.0313443 0.0029113 0.5465927
 22 Y  22 0.0309475 0.0440327 0.0187286 0.0223220 0.0000000 0.0459020 0.0478192 0.0015794 0.0168649 0.0166051 0.0029815 0.0812145 0.0029083 0.0377600 0.0015371 0.0133346 0.0144718 0.0004804 0.0613891 0.0021815 0.5369399
 23 L  23 0.0696674 0.0118852 0.0055370 0.0020051 0.0024300 0.0360150 0.0054583 0.0065704 0.0069305 0.0285873 0.1179287 0.0310971 0.0157084 0.0601262 0.0021056 0.0125373 0.0094757 0.0013287 0.0065088 0.0263997 0.5416976
 24 L  24 0.0067908 0.0042311 0.0010327 0.0000000 0.1611372 0.0437860 0.0050929 0.0000000 0.0058774 0.0177874 0.1776442 0.0056125 0.0203273 0.0337120 0.0000000 0.0008779 0.0003565 0.0000000 0.0127503 0.0113232 0.4916605
 25 R  25 0.0196910 0.0611573 0.0382300 0.0052455 0.0000000 0.0364248 0.0620303 0.0132337 0.0183436 0.0039939 0.0312149 0.1105185 0.0439738 0.0072179 0.0000000 0.0296047 0.0094316 0.0014153 0.0124470 0.0073397 0.4884866
 26 V  26 0.0319308 0.0320596 0.0256160 0.0166427 0.0038226 0.0423392 0.0609409 0.0135972 0.0155104 0.0111225 0.0084656 0.0369463 0.0068761 0.0045533 0.0474840 0.0359999 0.0531671 0.0000000 0.0055974 0.0574787 0.4898498
 27 V  27 0.0101161 0.0010132 0.0000000 0.0000000 0.0055916 0.0009532 0.0000000 0.0017961 0.0000000 0.1004934 0.1451240 0.0057521 0.0086410 0.0051646 0.0000000 0.0068562 0.0430442 0.0000000 0.0000000 0.1783110 0.4871433
 28 L  28 0.0000000 0.0025982 0.0005461 0.0000000 0.0000000 0.0004749 0.0000000 0.0014887 0.0067390 0.0650389 0.3003603 0.0009187 0.0322534 0.0181565 0.0000000 0.0000000 0.0074752 0.0032510 0.0334392 0.0376875 0.4895723
 29 K  29 0.0182148 0.0397626 0.0595673 0.0763627 0.0004314 0.0227341 0.1007274 0.0056489 0.0005837 0.0021198 0.0064354 0.1332429 0.0052300 0.0000000 0.0020920 0.0206215 0.0245226 0.0000000 0.0006218 0.0017104 0.4793709
 30 T  30 0.1126930 0.0220474 0.0153841 0.0174914 0.0016382 0.0465383 0.0624045 0.0137424 0.0007860 0.0080829 0.0160062 0.0583539 0.0016058 0.0073193 0.0075174 0.0578631 0.0416952 0.0000000 0.0139172 0.0164213 0.4784926
 31 L  31 0.0138203 0.0142818 0.0000000 0.0000000 0.0004648 0.0021936 0.0000000 0.0007808 0.0000000 0.0834104 0.2758512 0.0005681 0.0391771 0.0045441 0.0000000 0.0006065 0.0022389 0.0000000 0.0012169 0.0821962 0.4786493
 32 W  32 0.0063536 0.0557004 0.0039739 0.0061174 0.0067438 0.0303461 0.0276266 0.0011305 0.0073934 0.0049029 0.0327292 0.0932260 0.0580656 0.0240321 0.0006651 0.0094080 0.0129601 0.0867390 0.0350341 0.0208454 0.4760068
 33 K  33 0.0347495 0.1041917 0.0628610 0.0230510 0.0039857 0.0249110 0.0143917 0.0263390 0.0017567 0.0009679 0.0030569 0.1457869 0.0004118 0.0000000 0.0000000 0.0576298 0.0181404 0.0000000 0.0000000 0.0037721 0.4739969
 34 H  34 0.0039488 0.0391179 0.0131506 0.0078695 0.0123719 0.0507899 0.0128919 0.0048455 0.2100707 0.0050117 0.0422377 0.0469283 0.0087797 0.0022571 0.0046934 0.0140124 0.0113471 0.0000000 0.0320324 0.0033671 0.4742764
 35 Q  35 0.0145162 0.0567909 0.0120579 0.0636427 0.0000000 0.0590673 0.0534337 0.0035511 0.0237274 0.0021341 0.0093756 0.1450789 0.0024516 0.0016861 0.0365776 0.0250066 0.0171283 0.0016249 0.0000000 0.0008297 0.4713197
 36 F  36 0.0156643 0.0023524 0.0155984 0.1163127 0.0073849 0.0033117 0.0491702 0.0117323 0.0529283 0.0374683 0.0325191 0.0007130 0.0085537 0.0805920 0.0087390 0.0268194 0.0132771 0.0113738 0.0286493 0.0072772 0.4695629
 37 A  37 0.2370984 0.0003292 0.0062597 0.0004622 0.0357004 0.0000000 0.0004435 0.0413338 0.0051358 0.0018188 0.0013759 0.0017140 0.0020414 0.0095159 0.0000000 0.1841089 0.0031549 0.0000000 0.0102238 0.0040812 0.4552023
 38 W  38 0.0373977 0.0169201 0.0043882 0.0269834 0.0000000 0.0046157 0.0828608 0.0228766 0.0058980 0.0167458 0.0432609 0.0084003 0.0026519 0.0115669 0.0027182 0.0146378 0.0118609 0.1956097 0.0214232 0.0139816 0.4552023
 39 P  39 0.0327120 0.0000000 0.0059705 0.0055213 0.0009485 0.0005693 0.0015605 0.0000000 0.0131896 0.0251765 0.0522800 0.0000000 0.0167794 0.0140667 0.3233290 0.0114815 0.0076004 0.0045314 0.0022409 0.0313048 0.4507377
 40 F  40 0.0000000 0.0000000 0.0000000 0.0000000 0.0000000 0.0000000 0.0000000 0.0000000 0.0000000 0.0000000 0.0012487 0.0000000 0.0000000 0.5442981 0.0000000 0.0000000 0.0000000 0.0000000 0.0081022 0.0000000 0.4463510
 41 Q  41 0.0244974 0.1032627 0.0281398 0.0022192 0.0004349 0.0557643 0.0067777 0.0005032 0.0242037 0.0412317 0.1222216 0.0179575 0.0593078 0.0091285 0.0000000 0.0072207 0.0075253 0.0017590 0.0319218 0.0116399 0.4442836
 42 Q  42 0.0247555 0.0675529 0.0150493 0.0187216 0.0000000 0.1123100 0.1016724 0.0129997 0.0249205 0.0036919 0.0158932 0.0641465 0.0049618 0.0125450 0.0000000 0.0094554 0.0165532 0.0004335 0.0117494 0.0168612 0.4657269
 43 P  43 0.0041660 0.0026890 0.0018892 0.0000000 0.0000000 0.0005073 0.0005222 0.0000000 0.0000000 0.0000000 0.0005163 0.0114873 0.0020134 0.0000000 0.3995280 0.0068176 0.0003411 0.0000000 0.0000000 0.0000000 0.5695225
 44 V  44 0.0000000 0.0000000 0.0000000 0.0000000 0.0000000 0.0000000 0.0000000 0.0000000 0.0000000 0.0032374 0.0039130 0.0000000 0.0016339 0.0000000 0.0026104 0.0000000 0.0021741 0.0000000 0.0000000 0.4351393 0.5512919
 45 D  45 0.0258859 0.0000000 0.0389726 0.3501047 0.0000000 0.0048435 0.0020730 0.0000000 0.0000000 0.0000000 0.0825887 0.0152070 0.0000000 0.0000000 0.0041585 0.0021520 0.0000000 0.0000000 0.0006186 0.0052437 0.4681518
 46 A  46 0.0995046 0.0003160 0.0006023 0.0020018 0.0003820 0.0046804 0.0023283 0.0000000 0.0038321 0.0068614 0.0215628 0.0026274 0.0002714 0.0000000 0.3269065 0.0050426 0.0263272 0.0025874 0.0027993 0.0204627 0.4709036
 47 V  47 0.0185458 0.0063529 0.0198964 0.0120029 0.0011508 0.0297751 0.0296188 0.0017096 0.0019304 0.0340030 0.0104523 0.0759791 0.0018763 0.0012647 0.0056998 0.1217087 0.0152228 0.0000000 0.0014376 0.1502121 0.4611609
 48 K  48 0.0843674 0.1095108 0.0021267 0.0040747 0.0000000 0.0050490 0.0234819 0.0139749 0.0006814 0.0039943 0.0537043 0.2049174 0.0027147 0.0033247 0.0000000 0.0165646 0.0045000 0.0075984 0.0015331 0.0089892 0.4488924
 49 L  49 0.0050072 0.0745189 0.0031308 0.0341976 0.0119361 0.0089619 0.0185170 0.0003296 0.0051108 0.0007642 0.2451572 0.0660606 0.0100658 0.0057167 0.0095484 0.0211393 0.0025531 0.0034626 0.0012246 0.0108782 0.4617194
 50 N  50 0.0070319 0.0023965 0.1237598 0.0440802 0.0069006 0.0644416 0.0640516 0.1107026 0.0127740 0.0165185 0.0214079 0.0279828 0.0059270 0.0120734 0.0000000 0.0141023 0.0206205 0.0000000 0.0135163 0.0033506 0.4283618
 51 L  51 0.0430361 0.0000000 0.0027463 0.0056310 0.0083592 0.0100499 0.0232216 0.0007149 0.0120812 0.1284997 0.1268381 0.0011699 0.0000000 0.0190108 0.0000000 0.0012342 0.0002511 0.0041810 0.1341965 0.0643067 0.4144718
 52 P  52 0.0102466 0.0000000 0.0011699 0.0016528 0.0000000 0.0002781 0.0013978 0.0008735 0.0264162 0.0011659 0.0073436 0.0009800 0.0000000 0.0000000 0.5201187 0.0040399 0.0031833 0.0030352 0.0025488 0.0034210 0.4121287
 53 D  53 0.0040040 0.0042136 0.0321606 0.3615204 0.0000000 0.0088095 0.0457956 0.0201372 0.0145984 0.0000000 0.0057052 0.0158092 0.0038350 0.0076745 0.0000000 0.0219177 0.0393750 0.0000000 0.0009836 0.0023797 0.4110808
 54 Y  54 0.0000000 0.0000000 0.0000000 0.0000000 0.0000000 0.0000000 0.0000000 0.0000000 0.0011726 0.0000000 0.0000000 0.0000000 0.0000000 0.0000000 0.0000000 0.0000000 0.0008702 0.0000000 0.5889984 0.0000000 0.4089587
 55 Y  55 0.0106617 0.0168893 0.0017049 0.0000000 0.0156625 0.0000000 0.0000000 0.0000000 0.0878657 0.0003468 0.0140325 0.0064725 0.0000000 0.1250742 0.0261076 0.0057909 0.0007090 0.0000000 0.2766219 0.0031018 0.4089587
 56 K  56 0.0303004 0.0108490 0.0359506 0.1392824 0.0000000 0.0547786 0.1068966 0.0022254 0.0075872 0.0029088 0.0072685 0.0961875 0.0043231 0.0020333 0.0000000 0.0287787 0.0563090 0.0000000 0.0024827 0.0028794 0.4089587
 57 I  57 0.0027747 0.0046856 0.0013759 0.0018060 0.0003399 0.0161583 0.0138773 0.0000000 0.0065378 0.2705369 0.0107829 0.0232129 0.0061972 0.0135089 0.0000000 0.0009405 0.0121700 0.0000000 0.0178371 0.1887943 0.4084639
 58 I  58 0.0000000 0.0000000 0.0000000 0.0000000 0.0000000 0.0000000 0.0000000 0.0000000 0.0000000 0.4462586 0.0016885 0.0000000 0.0000000 0.0000000 0.0000000 0.0000000 0.0012362 0.0000000 0.0000000 0.1445269 0.4062898
 59 K  59 0.0365349 0.0176152 0.0042882 0.0196420 0.0004327 0.0191114 0.0416979 0.0000000 0.0029845 0.0007981 0.0144138 0.3539507 0.0000000 0.0000000 0.0098345 0.0343555 0.0285975 0.0000000 0.0000000 0.0099729 0.4057701
 60 T  60 0.0030072 0.0662160 0.1140805 0.0118994 0.0061195 0.0574426 0.0770225 0.0000000 0.0676078 0.0042155 0.0010343 0.0887633 0.0048564 0.0064929 0.0000000 0.0101459 0.0456747 0.0000000 0.0286993 0.0020020 0.4047202
 61 P  61 0.0048295 0.0019476 0.0000000 0.0000000 0.0000000 0.0000000 0.0021724 0.0000000 0.0000000 0.0000000 0.0000000 0.0000000 0.0000000 0.0000000 0.5847045 0.0010553 0.0000000 0.0000000 0.0000000 0.0008602 0.4044304
 62 M  62 0.0016885 0.0031416 0.0000000 0.0000000 0.0011699 0.0000000 0.0000000 0.0000000 0.0000000 0.1586660 0.0060599 0.0000000 0.3916689 0.0000000 0.0000000 0.0004992 0.0169012 0.0000000 0.0000000 0.0165955 0.4036094
 63 D  63 0.0063233 0.0000000 0.0006894 0.5456603 0.0052965 0.0000000 0.0005598 0.0000000 0.0016524 0.0000000 0.0000000 0.0000000 0.0000000 0.0000000 0.0000000 0.0339038 0.0000000 0.0014043 0.0000000 0.0000000 0.4045103
 64 M  64 0.0000000 0.0000000 0.0000000 0.0016885 0.0018668 0.0000000 0.0000000 0.0000000 0.0000000 0.0241473 0.4309142 0.0000000 0.0874967 0.0388300 0.0011726 0.0000000 0.0000000 0.0000000 0.0011699 0.0070461 0.4056678
 65 G  65 0.0183154 0.0266413 0.0192739 0.0042046 0.0006611 0.0234316 0.0114178 0.1595409 0.0054209 0.0062551 0.0336062 0.0566742 0.0137340 0.0048980 0.0000000 0.1655858 0.0304828 0.0000000 0.0104053 0.0038910 0.4055601
 66 T  66 0.0073830 0.0139165 0.0003868 0.0054994 0.0029031 0.0298056 0.0024195 0.0028206 0.0000000 0.0124540 0.0180394 0.0449501 0.0092368 0.0000000 0.0000000 0.0176270 0.4255269 0.0003078 0.0000000 0.0011634 0.4055601
 67 I  67 0.0007023 0.0000000 0.0000000 0.0000000 0.0000000 0.0000000 0.0000000 0.0000000 0.0000000 0.4161057 0.0073885 0.0000000 0.0730553 0.0000000 0.0000000 0.0000000 0.0000000 0.0000000 0.0000000 0.0971881 0.4055601
 68 K  68 0.0467093 0.1071666 0.0026146 0.0086447 0.0003924 0.0662702 0.1217492 0.0062301 0.0101514 0.0036760 0.0050790 0.1874395 0.0028246 0.0000000 0.0000000 0.0184963 0.0062180 0.0003606 0.0004889 0.0009781 0.4045103
 69 K  69 0.0230749 0.0842349 0.0315100 0.0092747 0.0000000 0.0745959 0.0401288 0.0052007 0.0271837 0.0035171 0.0042571 0.1744021 0.0142180 0.0013617 0.0000000 0.0460294 0.0451662 0.0000000 0.0029637 0.0076378 0.4052435
 70 R  70 0.0003639 0.1846989 0.0493220 0.0029402 0.0005862 0.0053605 0.0003988 0.0008894 0.0052921 0.0000000 0.0003549 0.3354929 0.0023861 0.0000000 0.0000000 0.0006722 0.0070032 0.0000000 0.0000000 0.0000000 0.4042386
 71 L  71 0.0000000 0.0000000 0.0010319 0.0000000 0.0000000 0.0006066 0.0000000 0.0046084 0.0026757 0.1096312 0.4161307 0.0000000 0.0285947 0.0092167 0.0000000 0.0000000 0.0005437 0.0005060 0.0000000 0.0205272 0.4059271
 72 E  72 0.0182632 0.0535305 0.0442491 0.0713778 0.0004700 0.0548037 0.1364124 0.0037559 0.0102752 0.0061745 0.0164313 0.1274428 0.0070218 0.0000000 0.0000000 0.0155839 0.0113233 0.0000000 0.0027090 0.0123592 0.4078163
 73 N  73 0.0472625 0.0154061 0.1990111 0.0281195 0.0012276 0.0153008 0.0133230 0.0237015 0.0161880 0.0036602 0.0087690 0.0474401 0.0172880 0.0000000 0.0002388 0.0642173 0.0748219 0.0000000 0.0044498 0.0117583 0.4078163
 74 N  74 0.0027664 0.0462019 0.1336420 0.0612140 0.0072373 0.0096930 0.0373433 0.1764472 0.0214741 0.0025376 0.0068513 0.0352179 0.0008670 0.0011107 0.0122216 0.0187341 0.0058804 0.0028541 0.0038656 0.0040934 0.4097472
 75 Y  75 0.0447803 0.0220760 0.0109910 0.0270170 0.0008783 0.0842241 0.0936864 0.0085299 0.0109253 0.0044817 0.0235686 0.0547576 0.0066872 0.0310120 0.0008894 0.0347164 0.0103129 0.0044910 0.1020882 0.0139469 0.4099397
 76 Y  76 0.0000000 0.0000000 0.0000000 0.0000000 0.0010307 0.0000000 0.0000000 0.0000000 0.0024532 0.0051100 0.0000000 0.0000000 0.0000000 0.0043064 0.0000000 0.0000000 0.0000000 0.0000000 0.5780230 0.0006450 0.4084317
 77 W  77 0.0490563 0.0535222 0.0169315 0.0334945 0.0083330 0.0439035 0.0665777 0.0141928 0.0146169 0.0028744 0.0111616 0.0723212 0.0029630 0.0028433 0.0273837 0.0524483 0.0417316 0.0510435 0.0107467 0.0142927 0.4095616
 78 N  78 0.0135317 0.0254237 0.0780962 0.0850242 0.0072909 0.0106269 0.0220889 0.0131365 0.0070819 0.0020053 0.0010353 0.0222083 0.0020495 0.0009191 0.0014885 0.1662241 0.1285974 0.0021681 0.0005358 0.0029973 0.4074707
 79 A  79 0.1076223 0.0132788 0.0003064 0.0009952 0.0008182 0.0013605 0.0234162 0.0097782 0.0050173 0.0551158 0.0898228 0.0267192 0.0194812 0.0138364 0.1129202 0.0196965 0.0063702 0.0000000 0.0055979 0.0783214 0.4095255
 80 Q  80 0.0327700 0.0197956 0.0267762 0.0961367 0.0004547 0.0453316 0.1192040 0.0156607 0.0102284 0.0011933 0.0127775 0.0497255 0.0068467 0.0041794 0.0016991 0.0804127 0.0145383 0.0430262 0.0042126 0.0055053 0.4095255
 81 E  81 0.0636696 0.0010865 0.0009557 0.1112562 0.0000000 0.0821731 0.2545436 0.0136432 0.0106673 0.0017014 0.0163703 0.0055812 0.0030073 0.0018668 0.0000000 0.0131965 0.0093747 0.0000000 0.0000000 0.0011197 0.4097870
 82 C  82 0.0223715 0.0000000 0.0000000 0.0000000 0.0629702 0.0000000 0.0000000 0.0000000 0.0000000 0.0240432 0.1062995 0.0000000 0.0671867 0.2271784 0.0000000 0.0015569 0.0011394 0.0025046 0.0379074 0.0364469 0.4103952
 83 I  83 0.0979666 0.0072704 0.0044903 0.0063698 0.0210164 0.0116253 0.0570983 0.0015094 0.0017567 0.1102291 0.0280252 0.0292483 0.0526715 0.0053376 0.0000000 0.0124377 0.0274056 0.0011503 0.0059972 0.1057422 0.4126519
 84 Q  84 0.1409393 0.0250267 0.0273989 0.0896322 0.0076783 0.0587100 0.0624413 0.0247054 0.0078434 0.0015417 0.0055596 0.0559676 0.0018901 0.0016407 0.0000000 0.0330464 0.0115927 0.0167498 0.0077122 0.0073793 0.4125443
 85 D  85 0.0024530 0.0000000 0.0012325 0.5578999 0.0000000 0.0000000 0.0221988 0.0000000 0.0036533 0.0000000 0.0018149 0.0011194 0.0000000 0.0000000 0.0000000 0.0014115 0.0005193 0.0000000 0.0000000 0.0027158 0.4049816
 86 F  86 0.0180452 0.0000000 0.0000000 0.0000000 0.0087225 0.0000000 0.0000000 0.0011194 0.0000000 0.0823819 0.0877653 0.0000000 0.0717913 0.1514927 0.0000000 0.0018994 0.0010904 0.0000000 0.0048564 0.1658539 0.4049816
 87 N  87 0.0058581 0.1612750 0.1079295 0.0326508 0.0009183 0.0237345 0.0483168 0.0025607 0.0065321 0.0018148 0.0211822 0.0706074 0.0167616 0.0126229 0.0000000 0.0105221 0.0140792 0.0396499 0.0094765 0.0100829 0.4034246
 88 T  88 0.0016739 0.0165025 0.0003336 0.0000000 0.0000000 0.0295709 0.0021854 0.0000000 0.0000000 0.0079805 0.4123637 0.0120986 0.0109200 0.0000000 0.0016107 0.0010650 0.0702363 0.0000000 0.0220286 0.0080057 0.4034246
 89 M  89 0.0000000 0.0000000 0.0000000 0.0000000 0.0024803 0.0000000 0.0000000 0.0000000 0.0000000 0.1383124 0.0737426 0.0000000 0.2912295 0.0040077 0.0000000 0.0000000 0.0293097 0.0000000 0.0000000 0.0625689 0.3983490
 90 F  90 0.0167559 0.0000000 0.0000000 0.0000000 0.0154031 0.0000000 0.0147877 0.0000000 0.0000000 0.0365887 0.0302931 0.0000000 0.0004016 0.3894118 0.0034895 0.0004752 0.0138222 0.0059257 0.0075778 0.0661131 0.3989546
 91 T  91 0.0192766 0.0433090 0.0905741 0.0881276 0.0000000 0.0255635 0.0581863 0.0090198 0.0244365 0.0029427 0.0039864 0.0670467 0.0013152 0.0008335 0.0000000 0.0843403 0.0763011 0.0040578 0.0005300 0.0002367 0.3999162
 92 N  92 0.0000000 0.0008095 0.5951537 0.0008899 0.0000000 0.0000000 0.0016107 0.0000000 0.0000000 0.0000000 0.0000000 0.0000000 0.0000000 0.0000000 0.0000000 0.0031285 0.0000000 0.0000000 0.0000000 0.0000000 0.3984077
 93 C  93 0.2964977 0.0000000 0.0103253 0.0000000 0.2625712 0.0000000 0.0000000 0.0006065 0.0000000 0.0000000 0.0000000 0.0000000 0.0000000 0.0000000 0.0020548 0.0200019 0.0095285 0.0000000 0.0000000 0.0005200 0.3978941
 94 Y  94 0.0089025 0.0989960 0.0006023 0.0006599 0.0269852 0.0191769 0.0180928 0.0000000 0.0027242 0.0202136 0.0296870 0.1186596 0.0443448 0.0228316 0.0000000 0.0021476 0.0013261 0.0494064 0.1164320 0.0161888 0.4026229
 95 I  95 0.0476421 0.0301521 0.0065501 0.0108142 0.0012190 0.0351773 0.0209665 0.0029458 0.0195056 0.0417891 0.0981141 0.0969359 0.0087616 0.0015010 0.0002777 0.0137093 0.1258504 0.0000000 0.0079914 0.0268139 0.4032828
 96 Y  96 0.0080354 0.0000000 0.0000000 0.0000000 0.0004948 0.0000000 0.0000000 0.0000000 0.0007439 0.0000000 0.0028642 0.0000000 0.0000000 0.2040461 0.0000000 0.0021741 0.0011333 0.0000000 0.3777881 0.0008487 0.4018713
 97 N  97 0.0000000 0.0000000 0.5565145 0.0004499 0.0000000 0.0000000 0.0015098 0.0000000 0.0003988 0.0000000 0.0000000 0.0000000 0.0014115 0.0074685 0.0000000 0.0075920 0.0106636 0.0041221 0.0462170 0.0000000 0.3636522
 98 K  98 0.0163349 0.0522243 0.0298837 0.0181065 0.0011831 0.0143877 0.1275977 0.0851838 0.0008832 0.0085083 0.0141109 0.1080690 0.0117376 0.0000000 0.1031942 0.0252801 0.0095817 0.0000000 0.0007149 0.0172643 0.3557541
 99 P  99 0.0223104 0.0154727 0.0038256 0.0436604 0.0000000 0.0019811 0.0925491 0.0012839 0.0035165 0.0041339 0.0123357 0.0967988 0.0000000 0.0000000 0.3099763 0.0179644 0.0098734 0.0015098 0.0000000 0.0102652 0.3525429
100 G 100 0.0135571 0.0138223 0.0640330 0.1149490 0.0000000 0.0110530 0.0627224 0.1975702 0.0162114 0.0023100 0.0043729 0.0122652 0.0004335 0.0008190 0.0020322 0.0372494 0.0948002 0.0007904 0.0010849 0.0015747 0.3483491
101 D 101 0.0165570 0.0025279 0.0265941 0.0752133 0.0000000 0.0089375 0.0240893 0.0000000 0.0617203 0.0033626 0.0053875 0.0080310 0.0000000 0.0000000 0.0028345 0.3409072 0.0731978 0.0000000 0.0046752 0.0000000 0.3459649
102 D 102 0.0344540 0.0604175 0.0067887 0.1362212 0.0012198 0.0843336 0.0561142 0.0100505 0.0037109 0.0181851 0.0224296 0.0356513 0.0160405 0.0055657 0.0827554 0.0210822 0.0132570 0.0045061 0.0099703 0.0348921 0.3423541
103 I 103 0.0061316 0.0009441 0.0000000 0.0000000 0.0015922 0.0011839 0.0584165 0.0000000 0.0000000 0.2126796 0.0266689 0.0000000 0.0070398 0.0152748 0.0052400 0.0031451 0.0108532 0.0000000 0.0457856 0.2644594 0.3405853
104 V 104 0.0384163 0.0097073 0.0180870 0.0026439 0.0113516 0.0000000 0.0038600 0.0215969 0.0718207 0.0032587 0.0065236 0.0000000 0.0063105 0.0360622 0.0000000 0.0304849 0.0447207 0.0094879 0.2485056 0.0975210 0.3396413
105 L 105 0.0195286 0.0967555 0.0291479 0.0100904 0.0010827 0.0639172 0.0201834 0.0060137 0.0054958 0.0321048 0.0708331 0.2036008 0.0276042 0.0085412 0.0006814 0.0196144 0.0106524 0.0021153 0.0012994 0.0317743 0.3389636
106 M 106 0.0672431 0.0175465 0.0088976 0.1468826 0.0330512 0.0141352 0.0202532 0.0000000 0.0147651 0.0157701 0.0206676 0.0071907 0.1903128 0.0133307 0.0054100 0.0254089 0.0094455 0.0095678 0.0400180 0.0038302 0.3362731
107 A 107 0.4165320 0.0000000 0.0000000 0.0000000 0.0518448 0.0057606 0.0006041 0.0979979 0.0000000 0.0017096 0.0196306 0.0096463 0.0075526 0.0000000 0.0010879 0.0220349 0.0126460 0.0000000 0.0000000 0.0166960 0.3362567
108 E 108 0.0055066 0.0456960 0.0502764 0.0284644 0.0257346 0.0885225 0.0726624 0.0008448 0.0295273 0.0224549 0.0563379 0.0988631 0.0051774 0.0020731 0.0000000 0.0250460 0.0540342 0.0000000 0.0032884 0.0377268 0.3477632
109 A 109 0.0606739 0.0533533 0.0447676 0.0163388 0.0038044 0.0395426 0.0418489 0.0213871 0.0064460 0.0345464 0.0169590 0.1593723 0.0103334 0.0010189 0.0004073 0.0407118 0.0696586 0.0054100 0.0014364 0.0218637 0.3501196
110 L 110 0.0019255 0.0000000 0.0000000 0.0000000 0.0035349 0.0000000 0.0000000 0.0000000 0.0000000 0.0578952 0.5403810 0.0000000 0.0418284 0.0103808 0.0000000 0.0061949 0.0035902 0.0000000 0.0000000 0.0239124 0.3103566
111 E 111 0.0192746 0.0350324 0.0067788 0.0035569 0.0021681 0.1044813 0.2276729 0.0008890 0.0106392 0.0000000 0.0391242 0.1142488 0.0112345 0.0011089 0.0000000 0.0548285 0.0164786 0.0317155 0.0049325 0.0047362 0.3110991
112 K 112 0.0644298 0.0597773 0.0515573 0.0600895 0.0217144 0.0389420 0.1053626 0.0110664 0.0062800 0.0046971 0.0065780 0.2110751 0.0011376 0.0000000 0.0009769 0.0234978 0.0167905 0.0011194 0.0023141 0.0034341 0.3091598
113 L 113 0.0511429 0.0068714 0.0216086 0.0092592 0.0167975 0.0123163 0.0071903 0.0003318 0.0150347 0.1162849 0.1278656 0.0136172 0.0126292 0.0509126 0.0007710 0.0148404 0.0140209 0.0021747 0.0252114 0.1706140 0.3105052
114 F 114 0.0189370 0.0017697 0.0000000 0.0000000 0.0139018 0.0011050 0.0000000 0.0024940 0.0000000 0.0427645 0.0491381 0.0027425 0.0395355 0.4282758 0.0000000 0.0039925 0.0067878 0.0053559 0.0348579 0.0352923 0.3130497
115 L 115 0.0107697 0.0297589 0.0535380 0.0344519 0.0005007 0.0830219 0.1764256 0.0011643 0.0225772 0.0112973 0.1065682 0.0406566 0.0217031 0.0056326 0.0070103 0.0232143 0.0164104 0.0140158 0.0208543 0.0184532 0.3019759
116 Q 116 0.0567444 0.0773135 0.0242298 0.0301881 0.0000000 0.1053554 0.0651751 0.0090962 0.0181444 0.0022120 0.0102701 0.1556053 0.0215254 0.0027654 0.0029505 0.0517651 0.0546189 0.0000000 0.0028379 0.0075890 0.3016133
117 K 117 0.0363287 0.0925621 0.0094885 0.0095291 0.0007746 0.0966218 0.0604344 0.0054722 0.0338884 0.0142383 0.0305642 0.2406302 0.0088035 0.0052268 0.0000000 0.0085458 0.0324169 0.0011890 0.0040074 0.0064387 0.3028393
118 I 118 0.0194491 0.0564400 0.0000000 0.0000000 0.0097269 0.0042862 0.0000000 0.0000000 0.0000000 0.1201670 0.1716067 0.0506270 0.0661243 0.0238825 0.0000000 0.0000000 0.0037355 0.0751102 0.0355167 0.0589701 0.3043579
119 N 119 0.1179535 0.0343989 0.0349621 0.0463067 0.0011659 0.0353202 0.0454874 0.0120302 0.0031297 0.0152856 0.0435688 0.1168133 0.0097257 0.0028966 0.0693904 0.0515601 0.0260388 0.0015673 0.0009302 0.0158685 0.3156001
120 E 120 0.0143339 0.0448745 0.0509766 0.0291931 0.0032739 0.0704963 0.1756732 0.0147218 0.0092913 0.0033486 0.0220139 0.1377184 0.0019201 0.0060398 0.0264194 0.0314439 0.0143392 0.0016524 0.0069835 0.0046119 0.3306742
121 L 121 0.0079814 0.0070228 0.0016945 0.0046455 0.0018809 0.0041933 0.0205558 0.0012946 0.0120588 0.1110502 0.1740340 0.0198679 0.1746854 0.0303831 0.0056866 0.0066291 0.0049990 0.0006584 0.0113016 0.0482143 0.3511630
122 P 122 0.0167410 0.0153170 0.0087077 0.0223225 0.0044627 0.0109994 0.0702001 0.0310386 0.0014493 0.0078064 0.0315669 0.0223162 0.0271325 0.0097970 0.2809800 0.0225395 0.0100588 0.0000000 0.0046059 0.0188745 0.3830840
123 T 123 0.0378247 0.0448955 0.0186334 0.0308429 0.0090859 0.0765200 0.0426685 0.0223395 0.0172079 0.0069437 0.0325013 0.0827491 0.0119587 0.0144482 0.0611975 0.0484705 0.0108991 0.0000000 0.0076972 0.0224988 0.4006178
124 E 124 0.0342450 0.0226159 0.0179395 0.0482622 0.0022594 0.0208061 0.1241249 0.0431597 0.0083888 0.0127100 0.0275869 0.0432036 0.0251751 0.0111434 0.0306778 0.0401996 0.0216167 0.0313569 0.0099761 0.0217405 0.4028119
125 E 125 0.0102664 0.0180033 0.0128137 0.0770616 0.0021028 0.0264313 0.1687421 0.0199779 0.0096562 0.0179834 0.0373657 0.0219283 0.0102808 0.0169685 0.0368055 0.0214696 0.0074164 0.0115848 0.0660401 0.0038544 0.4032474
126 T 126 0.0291870 0.0143597 0.0206476 0.0624477 0.0072581 0.0292305 0.0594756 0.0373334 0.0115753 0.0852241 0.0280515 0.0276831 0.0111498 0.0066177 0.0418966 0.0258542 0.0225012 0.0032106 0.0162492 0.0344032 0.4256440
127 E 127 0.0734576 0.0171289 0.0100990 0.0354707 0.0055088 0.0143731 0.0691951 0.0267112 0.0139162 0.0306591 0.0311850 0.0292939 0.0133948 0.0143304 0.0262798 0.0488536 0.0308058 0.0036711 0.0335225 0.0453680 0.4267752
128 I 128 0.0237866 0.0665659 0.0199242 0.0577281 0.0252223 0.0228219 0.0600346 0.0318145 0.0229440 0.0292701 0.0323209 0.0353512 0.0117720 0.0050200 0.0428046 0.0271226 0.0189355 0.0046124 0.0049740 0.0289277 0.4280468
129 M 129 0.0135085 0.0055279 0.0181602 0.0581446 0.0343798 0.0198007 0.0396378 0.0338680 0.0064121 0.0206449 0.0840022 0.0208000 0.0247869 0.0100467 0.0372810 0.0495384 0.0256330 0.0063851 0.0228033 0.0390830 0.4295561
130 I 130 0.0211925 0.0317256 0.0129280 0.0403245 0.0241018 0.0150681 0.0340472 0.0384409 0.0072364 0.0284289 0.0188648 0.0467740 0.0256894 0.0119140 0.0486664 0.0395008 0.0200209 0.0013853 0.0120710 0.0873431 0.4342764
131 V 131 0.0380534 0.0419864 0.0270729 0.0313235 0.0240266 0.0219491 0.0522286 0.0163382 0.0155494 0.0094735 0.0212498 0.0559410 0.0075264 0.0335590 0.0524261 0.0202366 0.0186050 0.0014008 0.0444709 0.0282147 0.4383681
132 Q 132 0.0371588 0.0222771 0.0185929 0.0919368 0.0000000 0.0254430 0.0572751 0.0321624 0.0057546 0.0182869 0.0309486 0.0458645 0.0077569 0.0106922 0.0389878 0.0522469 0.0258212 0.0048583 0.0049079 0.0303701 0.4386578
133 A 133 0.0259005 0.0775169 0.0158263 0.0344772 0.0161476 0.0230829 0.0443697 0.0197531 0.0202655 0.0138741 0.0291272 0.0437078 0.0176695 0.0081478 0.0753858 0.0390635 0.0270055 0.0009636 0.0180325 0.0132220 0.4364610
134 K 134 0.0383465 0.0503391 0.0148045 0.0282067 0.0102787 0.0193396 0.0640822 0.0155429 0.0076502 0.0191469 0.0174132 0.1492032 0.0102576 0.0020952 0.0116185 0.0481411 0.0315578 0.0055021 0.0031573 0.0194173 0.4338994
135 G 135 0.0301607 0.0292874 0.0305674 0.0258819 0.0039904 0.0172294 0.0303992 0.0455575 0.0665596 0.0160670 0.0478862 0.0579193 0.0059890 0.0206271 0.0339008 0.0364499 0.0255805 0.0000000 0.0217105 0.0156164 0.4386198
136 R 136 0.0245603 0.0634402 0.0212776 0.0170778 0.0044264 0.0126798 0.0322613 0.0219701 0.0020746 0.0157675 0.0601241 0.0896326 0.0085290 0.0096557 0.0406042 0.0634173 0.0380680 0.0000000 0.0093572 0.0236354 0.4414410
137 G 137 0.0309007 0.0337146 0.0208793 0.0243041 0.0117670 0.0232159 0.0418627 0.0368273 0.0136568 0.0103647 0.0336631 0.0434549 0.0080193 0.0182484 0.0518458 0.0947047 0.0295400 0.0015457 0.0119849 0.0166434 0.4428569
138 R 138 0.0207395 0.0409426 0.0314170 0.0399619 0.0106977 0.0344139 0.0359522 0.0176615 0.0189598 0.0322804 0.0355304 0.0442435 0.0275636 0.0139522 0.0257664 0.0595882 0.0370461 0.0020134 0.0112630 0.0187240 0.4412826
139 G 139 0.0934945 0.0441963 0.0223958 0.0220672 0.0051187 0.0251175 0.0284617 0.0353710 0.0049251 0.0075776 0.0170826 0.0669823 0.0064981 0.0035538 0.0513876 0.0678347 0.0291338 0.0000000 0.0088338 0.0192673 0.4407005
140 R 140 0.0373103 0.0438671 0.0202141 0.0214863 0.0062941 0.0360675 0.0303433 0.0264426 0.0110281 0.0416562 0.0466858 0.0557673 0.0168825 0.0097720 0.0545339 0.0415163 0.0220166 0.0009926 0.0085590 0.0242429 0.4443216
141 K 141 0.0401172 0.0423959 0.0165468 0.0194456 0.0257848 0.0207952 0.0338751 0.0278043 0.0084237 0.0297502 0.0226608 0.0357418 0.0065221 0.0089902 0.0266101 0.0443332 0.0377003 0.0168977 0.0172866 0.0646639 0.4536548
142 E 142 0.0396063 0.0462546 0.0177683 0.0430742 0.0179654 0.0203438 0.0518392 0.0343091 0.0088254 0.0117278 0.0279310 0.0834680 0.0045343 0.0038202 0.0352725 0.0413760 0.0375411 0.0012150 0.0049661 0.0148072 0.4533544
143 T 143 0.0379481 0.0325316 0.0157922 0.0354213 0.0193338 0.0223154 0.0352792 0.0279559 0.0155554 0.0265976 0.0454625 0.0662880 0.0107640 0.0036466 0.0300152 0.0414172 0.0304538 0.0000000 0.0195957 0.0248444 0.4587822
144 G 144 0.0375530 0.0395084 0.0159321 0.0225194 0.0319582 0.0226506 0.0208780 0.0421847 0.0094272 0.0326746 0.0333078 0.0337326 0.0063129 0.0113990 0.0643770 0.0428809 0.0292002 0.0017860 0.0109311 0.0259384 0.4648476
145 T 145 0.0308514 0.0392440 0.0152829 0.0366679 0.0287845 0.0194763 0.0320954 0.0281932 0.0080886 0.0158119 0.0478219 0.0471651 0.0109808 0.0107995 0.0388183 0.0351942 0.0294163 0.0058284 0.0236877 0.0321743 0.4636175
146 A 146 0.0389765 0.0439014 0.0292805 0.0216175 0.0050938 0.0181790 0.0364436 0.0360591 0.0140254 0.0223049 0.0209228 0.0398101 0.0148540 0.0145468 0.0439462 0.0516630 0.0348477 0.0043684 0.0174490 0.0246297 0.4670805
147 K 147 0.0424026 0.0514282 0.0160297 0.0267150 0.0128629 0.0177563 0.0379244 0.0222516 0.0052190 0.0242252 0.0378380 0.0558408 0.0249283 0.0056590 0.0247290 0.0373598 0.0246116 0.0026521 0.0090674 0.0526770 0.4678221
148 P 148 0.0494360 0.0270580 0.0130649 0.0290284 0.0199420 0.0298116 0.0292369 0.0317795 0.0066739 0.0183599 0.0314018 0.0395803 0.0184439 0.0063031 0.0473976 0.0454043 0.0347334 0.0013216 0.0068628 0.0453142 0.4688458
149 G 149 0.0323537 0.0301675 0.0164644 0.0301602 0.0073459 0.0247383 0.0333332 0.0764380 0.0051126 0.0098861 0.0321296 0.0341377 0.0102918 0.0271033 0.0491738 0.0434913 0.0370953 0.0025838 0.0065510 0.0218986 0.4695440
150 V 150 0.0417552 0.0262098 0.0100277 0.0315302 0.0181483 0.0207541 0.0296253 0.0547831 0.0206038 0.0357041 0.0335386 0.0295544 0.0070371 0.0083283 0.0455515 0.0467574 0.0224492 0.0068470 0.0130775 0.0241811 0.4735364
151 S 151 0.0373302 0.0304991 0.0204071 0.0172576 0.0204689 0.0204051 0.0390873 0.0181119 0.0143337 0.0428393 0.0262591 0.0275004 0.0168049 0.0103115 0.0355044 0.0579078 0.0530405 0.0032616 0.0070223 0.0281110 0.4735364
152 T 152 0.0274418 0.0351018 0.0099495 0.0252400 0.0144382 0.0313282 0.0382095 0.0205729 0.0147329 0.0280478 0.0180123 0.0371857 0.0028748 0.0092310 0.0378477 0.0496546 0.0815264 0.0026080 0.0186126 0.0233638 0.4740205
153 V 153 0.0419438 0.0264859 0.0098725 0.0346330 0.0083606 0.0161789 0.0522439 0.0353168 0.0076771 0.0234487 0.0228334 0.0330548 0.0060773 0.0095701 0.0626334 0.0539222 0.0228089 0.0005863 0.0317656 0.0307826 0.4698045
154 P 154 0.0321429 0.0768034 0.0155590 0.0239188 0.0086472 0.0193657 0.0365577 0.0304263 0.0134295 0.0254947 0.0243716 0.0270092 0.0208622 0.0192073 0.0441208 0.0437192 0.0295248 0.0020313 0.0179048 0.0183943 0.4705092
155 N 155 0.0299618 0.0419528 0.0209414 0.0329131 0.0059730 0.0339991 0.0317940 0.0300285 0.0103067 0.0154818 0.0196596 0.0272123 0.0155697 0.0156603 0.0611723 0.0392816 0.0597960 0.0096934 0.0123214 0.0170807 0.4692004
156 T 156 0.0355167 0.0473853 0.0134267 0.0248956 0.0156138 0.0282651 0.0538259 0.0257105 0.0156217 0.0131458 0.0298354 0.0268105 0.0085308 0.0352575 0.0471375 0.0411729 0.0366285 0.0009636 0.0183525 0.0213079 0.4605960
157 T 157 0.0435555 0.0558699 0.0156124 0.0222333 0.0107806 0.0200777 0.0342598 0.0395163 0.0092852 0.0228871 0.0099699 0.0575815 0.0053684 0.0053195 0.0484475 0.0619384 0.0417726 0.0044731 0.0187841 0.0143918 0.4578752
158 Q 158 0.0365376 0.0347180 0.0148736 0.0365096 0.0064569 0.0321314 0.0234275 0.0344622 0.0104648 0.0219392 0.0386883 0.0373981 0.0085603 0.0055534 0.0403545 0.0583975 0.0342121 0.0000000 0.0315457 0.0379822 0.4557871
159 A 159 0.0470051 0.0576141 0.0294946 0.0168998 0.0063865 0.0207218 0.0360517 0.0411662 0.0193668 0.0231625 0.0227591 0.0319636 0.0087290 0.0222503 0.0303003 0.0346164 0.0317083 0.0026592 0.0372637 0.0262338 0.4536472
160 S 160 0.0262217 0.0391306 0.0086954 0.0357424 0.0243879 0.0319719 0.0602455 0.0231521 0.0158501 0.0187139 0.0275297 0.0393217 0.0084872 0.0197114 0.0336557 0.0587333 0.0265756 0.0057621 0.0225901 0.0199004 0.4536214
161 T 161 0.0512868 0.0346680 0.0328791 0.0290642 0.0093421 0.0174646 0.0188741 0.0221972 0.0151043 0.0108325 0.0253176 0.0232875 0.0173549 0.0412697 0.0360610 0.0494510 0.0354465 0.0127515 0.0281772 0.0360519 0.4531183
162 P 162 0.0619604 0.0415483 0.0259071 0.0223625 0.0093544 0.0278535 0.0427550 0.0103466 0.0121696 0.0196617 0.0213131 0.0292436 0.0148368 0.0075926 0.0454477 0.0616960 0.0270029 0.0054606 0.0255952 0.0347814 0.4531111
163 P 163 0.0304913 0.0230910 0.0318127 0.0187423 0.0022045 0.0336590 0.0672645 0.0158254 0.0040316 0.0115451 0.0346060 0.0304862 0.0070059 0.0033881 0.0720682 0.0790474 0.0301952 0.0000000 0.0368596 0.0220765 0.4455995
164 Q 164 0.0326730 0.0290162 0.0349496 0.0219697 0.0168753 0.0341354 0.0331583 0.0214341 0.0140686 0.0452196 0.0237696 0.0463957 0.0118048 0.0094266 0.0448012 0.0596062 0.0288178 0.0083581 0.0086058 0.0283255 0.4465888
165 T 165 0.0304861 0.0378853 0.0286690 0.0366229 0.0019407 0.0375574 0.0386104 0.0217020 0.0082881 0.0107598 0.0300448 0.0402186 0.0129776 0.0261760 0.0222711 0.0426120 0.0377465 0.0000000 0.0242246 0.0655823 0.4456248
166 Q 166 0.0343568 0.0243576 0.0405224 0.0212461 0.0082348 0.0332851 0.0537711 0.0174695 0.0136921 0.0280108 0.0306050 0.0447115 0.0053421 0.0511930 0.0344574 0.0311889 0.0259586 0.0025572 0.0332264 0.0198771 0.4459365
167 T 167 0.0330749 0.0444894 0.0267223 0.0190312 0.0527923 0.0429704 0.0361419 0.0208729 0.0184385 0.0293472 0.0183184 0.0333732 0.0098719 0.0241212 0.0341755 0.0409986 0.0273395 0.0074978 0.0193169 0.0159376 0.4451687
168 P 168 0.0599807 0.0388141 0.0169497 0.0219704 0.0282954 0.0192019 0.0345838 0.0137927 0.0073860 0.0127529 0.0311880 0.0387357 0.0110665 0.0161291 0.0499044 0.0406937 0.0201748 0.0000000 0.0302747 0.0628152 0.4452903
169 Q 169 0.0320052 0.0305169 0.0117436 0.0206238 0.0156259 0.0362454 0.0355894 0.0183149 0.0091833 0.0392567 0.0405607 0.0682088 0.0110950 0.0070188 0.0338678 0.0459974 0.0425277 0.0123447 0.0175911 0.0279495 0.4437332
170 P 170 0.0286869 0.0175975 0.0116739 0.0286722 0.0054888 0.0294393 0.0430877 0.0376542 0.0046925 0.0215851 0.0221036 0.0430063 0.0057501 0.0141938 0.0915307 0.1030725 0.0263451 0.0016735 0.0067932 0.0135635 0.4433896
171 N 171 0.0491147 0.0336724 0.0427224 0.0186975 0.0129579 0.0167008 0.0280912 0.0295160 0.0103673 0.0117093 0.0491575 0.0531574 0.0043167 0.0082058 0.0325558 0.0658401 0.0289753 0.0014384 0.0283337 0.0306844 0.4437853
172 P 172 0.0385851 0.0412339 0.0336947 0.0436692 0.0131203 0.0205922 0.0357091 0.0362972 0.0068390 0.0226220 0.0315090 0.0235894 0.0167894 0.0206058 0.0572097 0.0514168 0.0310775 0.0009955 0.0154350 0.0156435 0.4433655
173 P 173 0.0299474 0.0232963 0.0234644 0.0183663 0.0100251 0.0501151 0.0422905 0.0301036 0.0159638 0.0178087 0.0340527 0.0447476 0.0125091 0.0291928 0.0549927 0.0262123 0.0366679 0.0083510 0.0233037 0.0255236 0.4430654
174 P 174 0.0417820 0.0445098 0.0273745 0.0247331 0.0120022 0.0507002 0.0303012 0.0175215 0.0247749 0.0386093 0.0292927 0.0229786 0.0227558 0.0064504 0.0346353 0.0339911 0.0463584 0.0049439 0.0180413 0.0224418 0.4458019
175 V 175 0.0223178 0.0361094 0.0177484 0.0268334 0.0135798 0.0194238 0.0224341 0.0183904 0.0082536 0.0347199 0.0767703 0.0300616 0.0240283 0.0174977 0.0471556 0.0351673 0.0421806 0.0054334 0.0148035 0.0415431 0.4455479
176 Q 176 0.0429973 0.0361489 0.0218033 0.0219704 0.0223030 0.0274644 0.0174939 0.0230201 0.0140753 0.0250105 0.0527402 0.0476401 0.0310529 0.0226146 0.0502648 0.0235187 0.0289660 0.0118059 0.0152789 0.0166773 0.4471537
177 A 177 0.0321672 0.0253927 0.0489753 0.0270403 0.0330828 0.0353294 0.0214375 0.0451719 0.0181823 0.0079685 0.0289896 0.0431969 0.0127735 0.0137717 0.0413680 0.0457293 0.0348557 0.0060715 0.0233099 0.0122552 0.4429306
178 T 178 0.0568066 0.0129156 0.0174632 0.0430352 0.0121154 0.0187405 0.0157342 0.0349873 0.0211573 0.0153016 0.0695939 0.0413605 0.0084677 0.0068053 0.0360424 0.0406492 0.0367164 0.0037287 0.0443308 0.0222403 0.4418079
179 P 179 0.0266849 0.0370775 0.0161054 0.0160649 0.0167392 0.0391978 0.0335395 0.0407689 0.0071808 0.0199497 0.0381188 0.0430173 0.0108118 0.0071910 0.1061738 0.0259540 0.0433894 0.0000000 0.0061202 0.0227614 0.4431535
180 H 180 0.0352660 0.0339369 0.0325277 0.0258891 0.0237014 0.0273996 0.0240546 0.0220207 0.0248381 0.0233473 0.0455192 0.0434177 0.0135244 0.0287400 0.0419625 0.0333454 0.0217353 0.0044808 0.0242772 0.0275639 0.4424521
