  170         A         R         N         D         C         Q         E         G         H         I         L         K         M         F         P         S         T         W         Y         V    
  1 A   1 0.9454180 0.0000000 0.0000000 0.0000000 0.0000000 0.0000000 0.0000000 0.0000000 0.0000000 0.0000000 0.0000000 0.0000000 0.0000000 0.0000000 0.0000000 0.0545820 0.0000000 0.0000000 0.0000000 0.0000000
  2 D   2 0.0102478 0.1130351 0.0360383 0.2647106 0.0000000 0.0471520 0.3685357 0.0365355 0.0419572 0.0030941 0.0052509 0.0489084 0.0000000 0.0000000 0.0000000 0.0112957 0.0095122 0.0000000 0.0000000 0.0037263
  3 Q   3 0.0139832 0.0712673 0.1231442 0.0278999 0.0302852 0.1270312 0.2627910 0.0257080 0.0844733 0.0018244 0.0200799 0.0585327 0.0021206 0.0442175 0.0026230 0.0753446 0.0112635 0.0030885 0.0094203 0.0049018
  4 L   4 0.0000000 0.0000000 0.0000000 0.0000000 0.0040643 0.0000000 0.0000000 0.0000000 0.0000000 0.0326816 0.8212128 0.0000000 0.0277068 0.1049356 0.0000000 0.0000000 0.0020309 0.0028034 0.0000000 0.0045647
  5 T   5 0.0056399 0.0258885 0.0560636 0.0395295 0.0023179 0.0013420 0.0118638 0.0127630 0.0000000 0.0021322 0.0191453 0.0065905 0.0016597 0.0000000 0.0398490 0.4289337 0.3427118 0.0000000 0.0000000 0.0035695
  6 E   6 0.0414532 0.0126170 0.0204591 0.1036304 0.0000000 0.0864984 0.5051909 0.0100914 0.0060768 0.0044672 0.0132643 0.0707434 0.0048165 0.0014749 0.0652542 0.0052027 0.0153406 0.0000000 0.0012988 0.0321202
  7 E   7 0.0305764 0.0013119 0.0113211 0.1889201 0.0000000 0.0465049 0.6113814 0.0115222 0.0012716 0.0030951 0.0041215 0.0189417 0.0039372 0.0017209 0.0051797 0.0296060 0.0246317 0.0000000 0.0017156 0.0042410
  8 Q   8 0.0022527 0.0093623 0.0048216 0.0183743 0.0000000 0.5542800 0.3364390 0.0000000 0.0033143 0.0000000 0.0077537 0.0304365 0.0124923 0.0000000 0.0080421 0.0026800 0.0058310 0.0000000 0.0000000 0.0039202
  9 I   9 0.0158828 0.0435481 0.0026133 0.0060461 0.0010812 0.0239022 0.0183728 0.0022852 0.0022008 0.4794899 0.0950039 0.1343226 0.0344657 0.0018594 0.0028116 0.0000000 0.0129577 0.0000000 0.0065610 0.1165957
 10 A  10 0.2759688 0.0299035 0.0403454 0.0601978 0.0024085 0.1532380 0.1422775 0.0351153 0.0146387 0.0136952 0.0131347 0.0848544 0.0160929 0.0018670 0.0000000 0.0652914 0.0185439 0.0000000 0.0000000 0.0324269
 11 E  11 0.0104238 0.0041824 0.0067628 0.0870400 0.0000000 0.0299593 0.5937544 0.1747599 0.0078084 0.0056193 0.0099488 0.0155206 0.0086793 0.0013938 0.0020776 0.0081762 0.0000000 0.0030280 0.0000000 0.0308653
 12 F  12 0.0078122 0.0000000 0.0000000 0.0000000 0.0000000 0.0037854 0.0000000 0.0000000 0.0000000 0.2470899 0.3153992 0.0000000 0.0300011 0.2879584 0.0000000 0.0000000 0.0032039 0.0000000 0.0963748 0.0083750
 13 K  13 0.0068236 0.2593035 0.0047120 0.0000000 0.0016580 0.0535527 0.0145021 0.0057610 0.0089797 0.0058002 0.0174194 0.5754154 0.0000000 0.0015642 0.0000000 0.0068745 0.0074937 0.0083097 0.0180749 0.0037554
 14 E  14 0.0507936 0.0261516 0.0203896 0.1005054 0.0000000 0.0648289 0.6490607 0.0119982 0.0026343 0.0024749 0.0073776 0.0296267 0.0045450 0.0029263 0.0000000 0.0047130 0.0118507 0.0022604 0.0000000 0.0078630
 15 A  15 0.6449924 0.0000000 0.0000000 0.0000000 0.0278288 0.0039296 0.0000000 0.0128482 0.0000000 0.0261272 0.0360890 0.0027466 0.1509851 0.0033531 0.0000000 0.0083394 0.0252728 0.0000000 0.0000000 0.0574879
 16 F  16 0.0000000 0.0000000 0.0000000 0.0000000 0.0000000 0.0000000 0.0000000 0.0000000 0.0000000 0.0058590 0.0071156 0.0000000 0.0045794 0.9760674 0.0000000 0.0000000 0.0000000 0.0000000 0.0063787 0.0000000
 17 S  17 0.0663304 0.0921457 0.0813534 0.1251737 0.0147469 0.0697481 0.0924529 0.0108766 0.0126886 0.0013408 0.0197478 0.1634602 0.0227786 0.0020242 0.0000000 0.1856281 0.0306479 0.0026447 0.0014483 0.0047630
 18 L  18 0.0269045 0.0168323 0.0355478 0.0032775 0.0036657 0.0146537 0.0439815 0.0099406 0.0067870 0.0480008 0.4537773 0.0233068 0.1368188 0.0142918 0.0000000 0.0442075 0.0196425 0.0023402 0.0244561 0.0715678
 19 F  19 0.0068694 0.0000000 0.0000000 0.0000000 0.0000000 0.0000000 0.0000000 0.0000000 0.0000000 0.0997663 0.0374217 0.0000000 0.1284677 0.6629231 0.0000000 0.0052079 0.0000000 0.0000000 0.0413201 0.0180237
 20 D  20 0.0045886 0.0018336 0.0040676 0.9705978 0.0000000 0.0029156 0.0045387 0.0030595 0.0000000 0.0000000 0.0000000 0.0000000 0.0000000 0.0000000 0.0000000 0.0000000 0.0045486 0.0000000 0.0000000 0.0038500
 21 K  21 0.0371831 0.1047241 0.0085755 0.0127423 0.0000000 0.0467460 0.0206460 0.0014774 0.0048524 0.0234406 0.0161928 0.3423733 0.0225132 0.0000000 0.0107999 0.0348136 0.2739849 0.0000000 0.0000000 0.0389347
 22 D  22 0.0036077 0.0158681 0.1643564 0.6418814 0.0000000 0.0121295 0.0653623 0.0118980 0.0053160 0.0000000 0.0000000 0.0313725 0.0000000 0.0000000 0.0000000 0.0123094 0.0250735 0.0000000 0.0000000 0.0108253
 23 G  23 0.0076654 0.0634476 0.1933973 0.0067008 0.0133019 0.0327023 0.0205118 0.4668993 0.0212152 0.0019534 0.0033388 0.1269498 0.0000000 0.0000000 0.0013141 0.0345100 0.0015021 0.0000000 0.0014832 0.0031069
 24 D  24 0.0000000 0.0303218 0.0981554 0.4533312 0.0000000 0.0048771 0.0148502 0.0146829 0.0000000 0.0022632 0.0019769 0.0329520 0.0000000 0.0000000 0.0000000 0.2759570 0.0689646 0.0000000 0.0000000 0.0016679
 25 G  25 0.0027625 0.0050181 0.0145720 0.0016049 0.0038098 0.0058564 0.0064974 0.9415228 0.0020735 0.0000000 0.0000000 0.0033209 0.0037247 0.0000000 0.0000000 0.0072525 0.0000000 0.0000000 0.0019845 0.0000000
 26 T  26 0.0512630 0.0434620 0.0225730 0.0156218 0.0478448 0.0282218 0.0123982 0.0000000 0.0243345 0.0113522 0.0159264 0.1566842 0.0126888 0.0911679 0.0045976 0.0876802 0.2577792 0.0000000 0.0972309 0.0191734
 27 I  27 0.0026995 0.0000000 0.0000000 0.0000000 0.0000000 0.0000000 0.0000000 0.0000000 0.0000000 0.8705019 0.0519119 0.0000000 0.0108231 0.0000000 0.0000000 0.0000000 0.0042914 0.0000000 0.0000000 0.0597721
 28 T  28 0.0149706 0.0068262 0.0530914 0.1865896 0.0008910 0.0109872 0.0219091 0.0192470 0.0076763 0.0019881 0.0144296 0.0232568 0.0045625 0.0000000 0.0085747 0.1757453 0.4463469 0.0000000 0.0000000 0.0029078
 29 T  29 0.1407119 0.0180912 0.0094961 0.0000000 0.0184495 0.0123537 0.0091582 0.0074055 0.0042448 0.0691668 0.0702062 0.0595274 0.0156936 0.1053565 0.0189395 0.0408272 0.1690222 0.0000000 0.1269655 0.1043842
 30 K  30 0.0459748 0.0582399 0.0189037 0.1313906 0.0000000 0.0502596 0.2242504 0.0277692 0.0615106 0.0023813 0.0126437 0.2433144 0.0007707 0.0000000 0.0058061 0.0784983 0.0236356 0.0015841 0.0012461 0.0118208
 31 E  31 0.0000000 0.0000000 0.0121302 0.1201906 0.0000000 0.0564158 0.7825836 0.0000000 0.0000000 0.0030328 0.0000000 0.0102918 0.0086234 0.0023271 0.0000000 0.0030974 0.0000000 0.0000000 0.0000000 0.0013074
 32 L  32 0.0000000 0.0000000 0.0000000 0.0000000 0.0224911 0.0000000 0.0000000 0.0000000 0.0000000 0.0333113 0.8589839 0.0000000 0.0169155 0.0309915 0.0000000 0.0000000 0.0022190 0.0000000 0.0035500 0.0315376
 33 G  33 0.0458708 0.1147176 0.0197059 0.0033150 0.0000000 0.0163660 0.0249283 0.3537457 0.0202124 0.0168226 0.0211009 0.3264689 0.0066807 0.0000000 0.0030957 0.0203119 0.0020920 0.0000000 0.0028424 0.0017232
 34 T  34 0.1209646 0.0312917 0.0311512 0.1128724 0.0032254 0.0351763 0.0588377 0.0127514 0.0292692 0.0531665 0.0184865 0.0241518 0.0059672 0.0076013 0.0032905 0.0489155 0.2183412 0.0019178 0.0076897 0.1749318
 35 V  35 0.2019141 0.0000000 0.0000000 0.0000000 0.0311831 0.0000000 0.0016184 0.2014538 0.0000000 0.0462845 0.0737613 0.0045162 0.0373831 0.0077207 0.0000000 0.0133736 0.0168097 0.0000000 0.0000000 0.3639815
 36 M  36 0.0166837 0.0000000 0.0000000 0.0000000 0.0098377 0.0000000 0.0000000 0.0000000 0.0000000 0.0476573 0.3806866 0.0025224 0.4902103 0.0295330 0.0000000 0.0013443 0.0046605 0.0000000 0.0034453 0.0134189
 37 R  37 0.0693379 0.5671007 0.0083363 0.0046322 0.0013894 0.0427971 0.0334526 0.0114682 0.0272265 0.0097450 0.0120536 0.1105530 0.0088959 0.0019298 0.0111419 0.0250101 0.0382421 0.0055924 0.0027011 0.0083940
 38 S  38 0.2444869 0.0871859 0.0271769 0.0071424 0.0376898 0.0130860 0.0275129 0.0071821 0.0055563 0.0035025 0.0136161 0.1263335 0.0252954 0.0038579 0.0030571 0.3069813 0.0461177 0.0000000 0.0041355 0.0100838
 39 L  39 0.0020538 0.0000000 0.0043900 0.0000000 0.0043861 0.0190606 0.0036965 0.0000000 0.0068434 0.0427788 0.7334261 0.0073529 0.0485672 0.0313103 0.0000000 0.0026953 0.0042580 0.0000000 0.0173439 0.0718370
 40 G  40 0.0081181 0.0083785 0.0145960 0.0160123 0.0000000 0.0056128 0.0086093 0.9212403 0.0000000 0.0017041 0.0000000 0.0088126 0.0013903 0.0000000 0.0000000 0.0038162 0.0000000 0.0000000 0.0000000 0.0017095
 41 Q  41 0.0431595 0.0194372 0.0038082 0.0182994 0.0080592 0.2604523 0.0760505 0.0147282 0.0503569 0.0213975 0.0622217 0.0430317 0.0197019 0.1548882 0.0070216 0.1108697 0.0367846 0.0053759 0.0379889 0.0063667
 42 N  42 0.0136754 0.0346956 0.3567477 0.0677429 0.0062941 0.0622979 0.1547673 0.0114991 0.0162099 0.0057344 0.0057354 0.1059017 0.0269282 0.0189387 0.0188138 0.0466682 0.0376133 0.0000000 0.0052009 0.0045355
 43 P  43 0.0411423 0.0019461 0.0000000 0.0086297 0.0039840 0.0041952 0.0028726 0.0000000 0.0011986 0.0475594 0.2506035 0.0035367 0.0400483 0.0202298 0.4775174 0.0066377 0.0075035 0.0000000 0.0018475 0.0805480
 44 T  44 0.0267362 0.0280736 0.0183844 0.0236888 0.0000000 0.0082719 0.0111646 0.0084701 0.0057898 0.0048865 0.0108932 0.1324181 0.0217605 0.0000000 0.0511642 0.1820909 0.4578020 0.0000000 0.0000000 0.0084050
 45 E  45 0.0130257 0.0204457 0.0446942 0.1706079 0.0000000 0.0368712 0.4373071 0.0113703 0.0099985 0.0073958 0.0116586 0.1625115 0.0030152 0.0036477 0.0391936 0.0024231 0.0086863 0.0000000 0.0019569 0.0151909
 46 A  46 0.2798537 0.0205085 0.0226905 0.0481852 0.0013909 0.0392090 0.2385804 0.0322570 0.0070911 0.0095224 0.0069494 0.0379771 0.0282891 0.0015889 0.0280327 0.1365119 0.0402327 0.0000000 0.0049872 0.0161422
 47 E  47 0.0027491 0.0076184 0.0030505 0.1078432 0.0039274 0.0473801 0.7607306 0.0029031 0.0089828 0.0029518 0.0000000 0.0107450 0.0027388 0.0027998 0.0000000 0.0037353 0.0125187 0.0000000 0.0128894 0.0064360
 48 L  48 0.0109462 0.0000000 0.0000000 0.0000000 0.0085348 0.0000000 0.0015917 0.0016771 0.0000000 0.2843665 0.4010222 0.0000000 0.0205315 0.0157699 0.0000000 0.0000000 0.0044293 0.0000000 0.0054096 0.2457212
 49 Q  49 0.0375679 0.1236231 0.0203322 0.0751604 0.0024801 0.2259682 0.0944693 0.0072749 0.0214187 0.0246444 0.0917499 0.2029878 0.0087150 0.0043237 0.0054649 0.0104772 0.0127329 0.0000000 0.0230747 0.0075347
 50 D  50 0.0732126 0.0569186 0.0273857 0.2272477 0.0000000 0.1129515 0.2055865 0.0196759 0.0023965 0.0240841 0.0195335 0.1204218 0.0303116 0.0011864 0.0000000 0.0449637 0.0304856 0.0011757 0.0000000 0.0024625
 51 M  51 0.0320100 0.0000000 0.0000000 0.0000000 0.0066390 0.0024554 0.0037660 0.0000000 0.0194637 0.1423668 0.3125031 0.0000000 0.3981587 0.0046976 0.0000000 0.0029203 0.0015002 0.0089224 0.0114575 0.0531392
 52 I  52 0.0150362 0.0021250 0.0000000 0.0000000 0.0042549 0.0054446 0.0020669 0.0011914 0.0000000 0.3873470 0.1390741 0.0114947 0.2591465 0.0510851 0.0000000 0.0266878 0.0095304 0.0000000 0.0019187 0.0835967
 53 N  53 0.0922293 0.0833802 0.1780487 0.1073142 0.0040641 0.0933315 0.1492212 0.0305098 0.0317173 0.0036067 0.0064359 0.1141175 0.0030798 0.0014170 0.0022431 0.0673551 0.0207306 0.0000000 0.0041565 0.0070416
 54 E  54 0.1844150 0.0218036 0.0246601 0.1162478 0.0000000 0.0502099 0.4276531 0.0101539 0.0144712 0.0026917 0.0181688 0.0343532 0.0090819 0.0011029 0.0021144 0.0283559 0.0228102 0.0000000 0.0059861 0.0257204
 55 V  55 0.2817071 0.0000000 0.0031116 0.0000000 0.0027823 0.0013260 0.0029496 0.0142250 0.0326231 0.1377623 0.0320815 0.0012073 0.0190893 0.0489361 0.0247328 0.0086492 0.0068763 0.0000000 0.0455916 0.3363489
 56 D  56 0.0037604 0.0089983 0.0172067 0.8662710 0.0015303 0.0046330 0.0105886 0.0096069 0.0016395 0.0000000 0.0021875 0.0536192 0.0015980 0.0000000 0.0064301 0.0018006 0.0026570 0.0000000 0.0016996 0.0057731
 57 A  57 0.1510388 0.0435403 0.0067578 0.0085487 0.0041826 0.0321491 0.0466918 0.0078342 0.0015642 0.0858866 0.0620839 0.1314254 0.0271929 0.0066700 0.0436240 0.0567360 0.1012491 0.0000000 0.0047776 0.1780471
 58 D  58 0.0019076 0.0117795 0.1054270 0.7178129 0.0000000 0.0087215 0.1000937 0.0118630 0.0075700 0.0000000 0.0000000 0.0106866 0.0019684 0.0000000 0.0041060 0.0079415 0.0088001 0.0000000 0.0000000 0.0013223
 59 G  59 0.0161305 0.0278803 0.1511897 0.0123774 0.0058046 0.0104001 0.0334210 0.5846553 0.0070868 0.0019694 0.0168090 0.0709030 0.0117100 0.0000000 0.0058159 0.0346559 0.0052936 0.0012423 0.0000000 0.0026552
 60 N  60 0.0052699 0.0219357 0.3038384 0.2388369 0.0000000 0.0073829 0.0033428 0.0305678 0.0046534 0.0088720 0.0034557 0.0283601 0.0044459 0.0009608 0.0243304 0.2343806 0.0696782 0.0000000 0.0000000 0.0096885
 61 G  61 0.0101548 0.0153603 0.0122755 0.0086628 0.0000000 0.0049412 0.0042425 0.8838196 0.0066102 0.0000000 0.0000000 0.0285006 0.0031673 0.0000000 0.0027930 0.0125690 0.0011143 0.0000000 0.0000000 0.0057889
 62 T  62 0.0374186 0.0899390 0.0158620 0.0067386 0.0146198 0.0388205 0.0585457 0.0045241 0.0211519 0.0053029 0.0457955 0.1052898 0.0214593 0.0292676 0.0295184 0.0750945 0.3254364 0.0064854 0.0299964 0.0387337
 63 I  63 0.0042728 0.0000000 0.0000000 0.0000000 0.0000000 0.0000000 0.0000000 0.0000000 0.0000000 0.6631021 0.1402102 0.0000000 0.0194641 0.0190399 0.0000000 0.0000000 0.0024154 0.0000000 0.0000000 0.1514956
 64 D  64 0.0102770 0.0034767 0.1195554 0.5656392 0.0030505 0.0063903 0.0826722 0.0109191 0.0128213 0.0000000 0.0012359 0.0071162 0.0000000 0.0000000 0.0024054 0.1338945 0.0325939 0.0000000 0.0063401 0.0016123
 65 F  65 0.0157342 0.0034376 0.0000000 0.0000000 0.0176768 0.0050004 0.0075016 0.0022708 0.0021504 0.0097137 0.0342236 0.0028456 0.0097805 0.5695324 0.0000000 0.0038132 0.0074610 0.0057373 0.2832893 0.0198314
 66 P  66 0.0497658 0.0078196 0.0602050 0.1369008 0.0000000 0.0485447 0.2677451 0.1023580 0.0080501 0.0205519 0.0125508 0.0386995 0.0000000 0.0019014 0.1160612 0.0627128 0.0489739 0.0000000 0.0054668 0.0116925
 67 E  67 0.0058190 0.0056547 0.0114901 0.1261037 0.0000000 0.0226489 0.7113340 0.0159448 0.0068596 0.0000000 0.0014498 0.0061144 0.0203059 0.0000000 0.0000000 0.0080126 0.0405691 0.0000000 0.0017834 0.0159100
 68 F  68 0.0000000 0.0000000 0.0000000 0.0015812 0.0000000 0.0000000 0.0000000 0.0000000 0.0000000 0.0000000 0.0262974 0.0000000 0.0030640 0.9505329 0.0000000 0.0018157 0.0000000 0.0000000 0.0167087 0.0000000
 69 L  69 0.0163969 0.0177387 0.0099656 0.0010610 0.0300433 0.0055033 0.0113914 0.0172600 0.0000000 0.1418808 0.4422588 0.0185739 0.0226522 0.0255456 0.0000000 0.0111753 0.0137754 0.0023335 0.0125361 0.1999082
 70 T  70 0.1998376 0.0455994 0.0546139 0.0401616 0.0142662 0.0414753 0.0826248 0.0211826 0.0249742 0.0090404 0.0119955 0.0877765 0.0074576 0.0041992 0.0467611 0.0604598 0.2084584 0.0000000 0.0129835 0.0261323
 71 M  71 0.1839284 0.0035268 0.0000000 0.0000000 0.0030290 0.0000000 0.0026028 0.0042284 0.0039186 0.1478840 0.2288300 0.0017896 0.2565655 0.0063815 0.0040871 0.0061870 0.0031785 0.0027246 0.0020016 0.1391366
 72 M  72 0.0527550 0.0000000 0.0125162 0.0000000 0.0050079 0.0009633 0.0010198 0.0037118 0.0053357 0.0522729 0.0771328 0.0015008 0.5640235 0.0305852 0.0000000 0.0026539 0.0996397 0.0018411 0.0256803 0.0633601
 73 A  73 0.2250372 0.0280333 0.0126595 0.0007326 0.0059049 0.0455569 0.0203630 0.0976077 0.0183272 0.0207013 0.0593032 0.0279286 0.0731036 0.0011089 0.0010363 0.1261423 0.1747015 0.0000000 0.0028090 0.0589431
 74 R  74 0.0525510 0.2292764 0.0339388 0.0356473 0.0012091 0.0499897 0.0899449 0.0176342 0.1134240 0.0320957 0.0495635 0.1184863 0.0173003 0.0031414 0.0412970 0.0308047 0.0464444 0.0010103 0.0045554 0.0316854
 75 K  75 0.0136887 0.0982059 0.0197815 0.0133174 0.0047261 0.0866832 0.0147860 0.0261745 0.1301741 0.0311030 0.0062112 0.4098106 0.0282240 0.0210284 0.0118268 0.0185672 0.0132609 0.0089244 0.0096678 0.0338382
 76 M  76 0.0078078 0.0085295 0.0445022 0.0107411 0.0020173 0.0191892 0.0199500 0.0129704 0.0201759 0.1394039 0.2917938 0.0228298 0.2782261 0.0098428 0.0036238 0.0335806 0.0229606 0.0000000 0.0188725 0.0329829
 77 K  77 0.0818388 0.1116663 0.1352230 0.0135521 0.0010143 0.0601676 0.0141622 0.0773699 0.0084483 0.0147478 0.0784327 0.2479410 0.0008504 0.0089361 0.0068454 0.0922421 0.0209498 0.0000000 0.0009122 0.0246999
 78 D  78 0.0612131 0.0442657 0.0263989 0.2036796 0.0000000 0.0632166 0.2543283 0.0678456 0.0137157 0.0010073 0.0008046 0.1540526 0.0050287 0.0069512 0.0222196 0.0448788 0.0226905 0.0000000 0.0040675 0.0036357
 79 T  79 0.0365567 0.1169534 0.0426518 0.0541427 0.0078256 0.0557905 0.1488498 0.0241776 0.0064428 0.0443587 0.0941716 0.0677994 0.0544606 0.0034652 0.0282033 0.0317492 0.1366612 0.0029156 0.0076410 0.0351836
 80 D  80 0.0263769 0.0030005 0.0425225 0.4127498 0.0000000 0.0209331 0.2046815 0.0752926 0.0022663 0.0073515 0.0650100 0.0143244 0.0044038 0.0043553 0.0178591 0.0356710 0.0389441 0.0000000 0.0117620 0.0124955
 81 S  81 0.0590266 0.1069522 0.0666905 0.0195856 0.0041129 0.1080657 0.0652663 0.0109464 0.0091864 0.0103064 0.0060102 0.0473383 0.0008306 0.0111656 0.1280173 0.1947595 0.1216988 0.0000000 0.0053618 0.0246788
 82 E  82 0.0274519 0.0397992 0.0050059 0.1212397 0.0008417 0.0302469 0.4587718 0.0036141 0.0157139 0.0442495 0.0333709 0.1262600 0.0154562 0.0044113 0.0046786 0.0061056 0.0142968 0.0000000 0.0193811 0.0291050
 83 E  83 0.0512914 0.0313028 0.0232750 0.1535458 0.0000000 0.0822436 0.5351691 0.0102205 0.0029652 0.0016403 0.0072415 0.0654366 0.0009494 0.0000000 0.0030002 0.0150370 0.0100030 0.0000000 0.0000000 0.0066788
 84 E  84 0.0017348 0.0033969 0.0473486 0.1325942 0.0011076 0.0286802 0.5929331 0.0090968 0.1052061 0.0070858 0.0058870 0.0056265 0.0139815 0.0000000 0.0011459 0.0053328 0.0103179 0.0000000 0.0045143 0.0240098
 85 I  85 0.0012844 0.0010686 0.0000000 0.0000000 0.0020661 0.0000000 0.0000000 0.0000000 0.0000000 0.3034366 0.4450768 0.0000000 0.0386707 0.1275415 0.0000000 0.0018911 0.0025638 0.0000000 0.0469989 0.0294017
 86 R  86 0.0154842 0.2994061 0.0061674 0.0011629 0.0000000 0.0520382 0.0098752 0.0013527 0.0199340 0.0274222 0.1072712 0.2733721 0.0259614 0.0318825 0.0054189 0.0156980 0.0105134 0.0089103 0.0380790 0.0500503
 87 E  87 0.0938501 0.0544507 0.0389371 0.0963324 0.0000000 0.0370697 0.4311530 0.0045301 0.0027273 0.0091327 0.0176706 0.1586742 0.0027094 0.0000000 0.0000000 0.0183951 0.0266549 0.0014190 0.0000000 0.0062935
 88 A  88 0.7719180 0.0008121 0.0000000 0.0027929 0.0145561 0.0015967 0.0014424 0.0434598 0.0000000 0.0244442 0.0254535 0.0011661 0.0559880 0.0017093 0.0000000 0.0101863 0.0122794 0.0000000 0.0000000 0.0321951
 89 F  89 0.0000000 0.0000000 0.0000000 0.0000000 0.0000000 0.0000000 0.0000000 0.0000000 0.0000000 0.0148404 0.0444101 0.0009696 0.0160311 0.9128662 0.0000000 0.0000000 0.0000000 0.0029628 0.0043353 0.0035845
 90 R  90 0.0622645 0.2667847 0.0425453 0.0702424 0.0071553 0.0904056 0.0588702 0.0116854 0.0133663 0.0007839 0.0213934 0.1808482 0.0177293 0.0012749 0.0022203 0.1276180 0.0197690 0.0006395 0.0014856 0.0029182
 91 V  91 0.0263792 0.0082157 0.0132098 0.0064866 0.0138599 0.0083316 0.0490140 0.0032448 0.0237865 0.0586246 0.2876805 0.0118652 0.0737841 0.0480645 0.0022751 0.0183189 0.0148859 0.0033751 0.0921948 0.2364030
 92 F  92 0.0148426 0.0000000 0.0000000 0.0000000 0.0000000 0.0000000 0.0000000 0.0000000 0.0000000 0.0435187 0.0335057 0.0000000 0.0441845 0.7994923 0.0000000 0.0058013 0.0079976 0.0000000 0.0336389 0.0170184
 93 D  93 0.0031958 0.0000000 0.0012988 0.9824705 0.0000000 0.0013662 0.0028150 0.0025016 0.0000000 0.0000000 0.0000000 0.0000000 0.0000000 0.0000000 0.0000000 0.0018296 0.0016133 0.0000000 0.0000000 0.0029093
 94 K  94 0.0188430 0.0976679 0.0053281 0.0790043 0.0000000 0.0476076 0.0446417 0.0034937 0.0069421 0.0231018 0.0289848 0.4530375 0.0095158 0.0012462 0.0093628 0.0172667 0.1258921 0.0000000 0.0011377 0.0269262
 95 D  95 0.0044856 0.0029305 0.1655386 0.6750714 0.0000000 0.0097944 0.0942841 0.0100620 0.0103215 0.0000000 0.0000000 0.0103372 0.0000000 0.0000000 0.0018292 0.0079136 0.0039437 0.0000000 0.0000000 0.0034884
 96 G  96 0.0287267 0.0431341 0.1530005 0.0261748 0.0068949 0.0579677 0.0294212 0.5012975 0.0151131 0.0018772 0.0009974 0.0970587 0.0000000 0.0000000 0.0000000 0.0355716 0.0008756 0.0000000 0.0007853 0.0011036
 97 N  97 0.0021884 0.0242693 0.2141386 0.3015691 0.0000000 0.0037911 0.0045963 0.0049175 0.0042214 0.0009614 0.0018862 0.0397745 0.0000000 0.0000000 0.0000000 0.2610666 0.1350880 0.0000000 0.0000000 0.0015316
 98 G  98 0.0005809 0.0023791 0.0052390 0.0013546 0.0010339 0.0045749 0.0021703 0.9703360 0.0009565 0.0000000 0.0000000 0.0017295 0.0000000 0.0000000 0.0000000 0.0064200 0.0013843 0.0008000 0.0010409 0.0000000
 99 Y  99 0.0265616 0.0426298 0.0092237 0.0047536 0.0247128 0.0204963 0.0163421 0.0038483 0.0283354 0.0111144 0.0186717 0.1494636 0.0087780 0.1521351 0.0019904 0.0595764 0.1486035 0.0000000 0.2570887 0.0156745
100 I 100 0.0022842 0.0000000 0.0000000 0.0000000 0.0000000 0.0000000 0.0000000 0.0000000 0.0019772 0.8820265 0.0353813 0.0000000 0.0084428 0.0032856 0.0000000 0.0000000 0.0018607 0.0000000 0.0000000 0.0647416
101 S 101 0.0187623 0.0018341 0.0466726 0.1093710 0.0024127 0.0121859 0.0582912 0.0135983 0.0077019 0.0010413 0.0085330 0.0160519 0.0266007 0.0013586 0.0102679 0.3247957 0.3387557 0.0000000 0.0000000 0.0017651
102 A 102 0.2097854 0.0419207 0.0052449 0.0027911 0.0084997 0.0142225 0.0189256 0.0255046 0.0065577 0.0797679 0.0905023 0.0402293 0.0203373 0.0925245 0.0411464 0.0454278 0.0889146 0.0046567 0.0590281 0.1040128
103 A 103 0.1527303 0.0577665 0.0351997 0.1658095 0.0000000 0.0427729 0.1953356 0.0288409 0.0298843 0.0054833 0.0060142 0.1451379 0.0022704 0.0009309 0.0074995 0.0837776 0.0297041 0.0015738 0.0007064 0.0085624
104 E 104 0.0051269 0.0057944 0.0852380 0.0869052 0.0000000 0.0135583 0.7513043 0.0000000 0.0035933 0.0016377 0.0000000 0.0128867 0.0028734 0.0008855 0.0000000 0.0106773 0.0057779 0.0000000 0.0096839 0.0040571
105 L 105 0.0000000 0.0031945 0.0000000 0.0000000 0.0040349 0.0000000 0.0000000 0.0000000 0.0000000 0.0537986 0.8507126 0.0000000 0.0200323 0.0507448 0.0000000 0.0000000 0.0011251 0.0000000 0.0000000 0.0163573
106 R 106 0.0285612 0.3367937 0.0081169 0.0033840 0.0105064 0.0666113 0.0589888 0.1392724 0.0144135 0.0101855 0.0152915 0.2560626 0.0089121 0.0016130 0.0014028 0.0148158 0.0057621 0.0000000 0.0023562 0.0169501
107 H 107 0.0776551 0.1229852 0.0296463 0.0501775 0.0037551 0.1000446 0.0995187 0.0063287 0.1522787 0.0264364 0.0157101 0.0344355 0.0092029 0.0116609 0.0000000 0.0537917 0.1014377 0.0031168 0.0216401 0.0801778
108 V 108 0.2519095 0.0000000 0.0000000 0.0000000 0.0198182 0.0000000 0.0008720 0.0671917 0.0000000 0.0732453 0.0611984 0.0144880 0.0380079 0.0104618 0.0000000 0.0128556 0.0118067 0.0000000 0.0000000 0.4381449
109 M 109 0.1059921 0.0028036 0.0000000 0.0000000 0.0535672 0.0029056 0.0000000 0.0000000 0.0000000 0.0225121 0.3576390 0.0000000 0.3996098 0.0158873 0.0009349 0.0098827 0.0121403 0.0008057 0.0023624 0.0129573
110 T 110 0.0931189 0.2718223 0.0190815 0.0070183 0.0041804 0.0305621 0.0445086 0.0173087 0.0167067 0.0292787 0.0074053 0.1797216 0.0284735 0.0032075 0.0040347 0.0363557 0.1806237 0.0048987 0.0026785 0.0190145
111 N 111 0.1147697 0.0362947 0.1088424 0.0371874 0.0215451 0.0177439 0.1990891 0.0142279 0.0174524 0.0047291 0.0157256 0.1062336 0.0120451 0.0062054 0.0057993 0.1931906 0.0804968 0.0000000 0.0020418 0.0063801
112 L 112 0.0047958 0.0028024 0.0025805 0.0130156 0.0024004 0.0146054 0.0139855 0.0042529 0.0102116 0.0538932 0.6612684 0.0076181 0.0623476 0.0624077 0.0020778 0.0103682 0.0096973 0.0000000 0.0326514 0.0290202
113 G 113 0.0055110 0.0074768 0.0119526 0.0171676 0.0030488 0.0015676 0.0122609 0.9060326 0.0000000 0.0064010 0.0028111 0.0055650 0.0000000 0.0018606 0.0000000 0.0113291 0.0000000 0.0015881 0.0000000 0.0054275
114 E 114 0.0185181 0.0095092 0.0082253 0.0711209 0.0066762 0.1176662 0.4339340 0.0173765 0.0417948 0.0134203 0.0352604 0.0210704 0.0361246 0.0661733 0.0053629 0.0365259 0.0176924 0.0048330 0.0217842 0.0169314
115 K 115 0.0173941 0.0828067 0.2447496 0.0672230 0.0032710 0.0471421 0.0666623 0.0321635 0.0195467 0.0095177 0.0038552 0.2429481 0.0176308 0.0086535 0.0403906 0.0358747 0.0538725 0.0000000 0.0025645 0.0037335
116 L 116 0.0252077 0.0104374 0.0084005 0.0147443 0.0147590 0.0078709 0.0033959 0.0073565 0.0037849 0.0532660 0.4286316 0.0013938 0.0952092 0.0417793 0.1909740 0.0090172 0.0130780 0.0000000 0.0055909 0.0651027
117 T 117 0.0197886 0.0124991 0.0320259 0.0732566 0.0041034 0.0083827 0.0274677 0.0240973 0.0040498 0.0042694 0.0029662 0.0580754 0.0024984 0.0010187 0.0319043 0.1971355 0.4902410 0.0000000 0.0007553 0.0054648
118 D 118 0.0249890 0.0158165 0.0327032 0.3716713 0.0020076 0.0308585 0.3108249 0.0151262 0.0155771 0.0087538 0.0159606 0.0760871 0.0047856 0.0014510 0.0346868 0.0064258 0.0128071 0.0000000 0.0046700 0.0147978
119 E 119 0.1757066 0.0354703 0.0134801 0.1184068 0.0007133 0.0413363 0.3822967 0.0170941 0.0039428 0.0086178 0.0102905 0.0437394 0.0153629 0.0008665 0.0142270 0.0542932 0.0271672 0.0000000 0.0025634 0.0344250
120 E 120 0.0052485 0.0093878 0.0064119 0.0896621 0.0017645 0.0252215 0.7288450 0.0028685 0.0289496 0.0027681 0.0032884 0.0077275 0.0033163 0.0066321 0.0028609 0.0101297 0.0221803 0.0013484 0.0051186 0.0362702
121 V 121 0.0268917 0.0000000 0.0000000 0.0000000 0.0188434 0.0000000 0.0008254 0.0040247 0.0000000 0.2669738 0.3678900 0.0000000 0.0098737 0.0161939 0.0000000 0.0018422 0.0087310 0.0000000 0.0000000 0.2779103
122 D 122 0.0267047 0.0990170 0.0384664 0.2368045 0.0017849 0.1656458 0.1691074 0.0048779 0.0107600 0.0133119 0.0414610 0.1181994 0.0083911 0.0066378 0.0036472 0.0191770 0.0140788 0.0014163 0.0145517 0.0059592
123 E 123 0.1008872 0.0312574 0.0180452 0.1886993 0.0000000 0.0884396 0.3881130 0.0164968 0.0061384 0.0098041 0.0137668 0.0656142 0.0133833 0.0006102 0.0000000 0.0292724 0.0265919 0.0006472 0.0000000 0.0022332
124 M 124 0.0300400 0.0000000 0.0000000 0.0000000 0.0031845 0.0010016 0.0016054 0.0000000 0.0082582 0.1797647 0.2031521 0.0000000 0.5221133 0.0021387 0.0000000 0.0016439 0.0008342 0.0066372 0.0041660 0.0354600
125 I 125 0.0051478 0.0009622 0.0000000 0.0000000 0.0027812 0.0011746 0.0000000 0.0008283 0.0021511 0.5511322 0.1500755 0.0036070 0.1384696 0.0645592 0.0000000 0.0122548 0.0026713 0.0000000 0.0067679 0.0574174
126 R 126 0.0912614 0.2291872 0.0796185 0.1165994 0.0035966 0.0862146 0.0847630 0.0144261 0.0247577 0.0012282 0.0137803 0.1524653 0.0025453 0.0048158 0.0010019 0.0627719 0.0203760 0.0000000 0.0017771 0.0088138
127 E 127 0.0857523 0.0128617 0.0131225 0.1324697 0.0000000 0.0265334 0.5802422 0.0405409 0.0149560 0.0054365 0.0124053 0.0130126 0.0037388 0.0048281 0.0029765 0.0119045 0.0142746 0.0000000 0.0020388 0.0229057
128 A 128 0.4022145 0.0000000 0.0013282 0.0000000 0.0013747 0.0124645 0.0030196 0.0176094 0.0136302 0.0951800 0.0177870 0.0007387 0.0079101 0.0768136 0.0029005 0.0099626 0.0058548 0.0000000 0.0255303 0.3056812
129 D 129 0.0021052 0.0028195 0.0190729 0.8766717 0.0007200 0.0062177 0.0100734 0.0073477 0.0192990 0.0000000 0.0000000 0.0207786 0.0000000 0.0000000 0.0258989 0.0035511 0.0021780 0.0000000 0.0018812 0.0013850
130 I 130 0.0743109 0.0645954 0.0022838 0.0027676 0.0094961 0.0734594 0.0531582 0.0111820 0.0101683 0.1089284 0.1060080 0.1091858 0.0252005 0.0087231 0.0242281 0.0407020 0.1364146 0.0000000 0.0039655 0.1352223
131 D 131 0.0016435 0.0076785 0.1306783 0.7570454 0.0000000 0.0057604 0.0465277 0.0170964 0.0033920 0.0000000 0.0000000 0.0130585 0.0009710 0.0000000 0.0000000 0.0087442 0.0058034 0.0000000 0.0000000 0.0016006
132 G 132 0.0114513 0.0197620 0.1577794 0.0091939 0.0033431 0.0366997 0.0208007 0.5264941 0.0134106 0.0010955 0.0087964 0.1020741 0.0091122 0.0020215 0.0117469 0.0587488 0.0018602 0.0010949 0.0000000 0.0045145
133 D 133 0.0062710 0.0074985 0.1784540 0.5970761 0.0020792 0.0140855 0.0046566 0.0130421 0.0016653 0.0029048 0.0013382 0.0215247 0.0020292 0.0004866 0.0018031 0.1065749 0.0355253 0.0000000 0.0000000 0.0029848
134 G 134 0.0046639 0.0089354 0.0118454 0.0029943 0.0000000 0.0009395 0.0043823 0.9401815 0.0029070 0.0000000 0.0022822 0.0060541 0.0009934 0.0000000 0.0026239 0.0080108 0.0012987 0.0000000 0.0000000 0.0018876
135 Q 135 0.0190730 0.1734700 0.0337793 0.0038802 0.0259720 0.1294584 0.1271579 0.0073302 0.0213520 0.0038636 0.0401894 0.1148217 0.0264944 0.0172500 0.0064539 0.0449218 0.1471079 0.0020091 0.0298925 0.0255226
136 V 136 0.0011460 0.0000000 0.0000000 0.0000000 0.0000000 0.0000000 0.0000000 0.0039171 0.0000000 0.6468141 0.0732156 0.0000000 0.0095345 0.0236158 0.0000000 0.0023325 0.0036224 0.0000000 0.0000000 0.2358021
137 N 137 0.0041687 0.0090435 0.3023113 0.4095422 0.0070282 0.0030985 0.0418083 0.0069193 0.0105707 0.0015272 0.0028126 0.0234657 0.0018717 0.0000000 0.0007701 0.1454104 0.0266320 0.0000000 0.0022049 0.0008147
138 Y 138 0.0240052 0.0094949 0.0000000 0.0000000 0.0094180 0.0182485 0.0599126 0.0006454 0.0016330 0.0094128 0.0238191 0.0053533 0.0071718 0.3320652 0.0070890 0.0004119 0.0008784 0.0023272 0.4773110 0.0108027
139 E 139 0.0399472 0.0113622 0.0555000 0.1678564 0.0000000 0.0612602 0.4130378 0.0545534 0.0095846 0.0154260 0.0110354 0.0232644 0.0011761 0.0012059 0.0477324 0.0487508 0.0207420 0.0000000 0.0090311 0.0085341
140 E 140 0.0139935 0.0037005 0.0097512 0.0980250 0.0000000 0.0111398 0.8177548 0.0054517 0.0013585 0.0015713 0.0008918 0.0048376 0.0031862 0.0010630 0.0000000 0.0031551 0.0174695 0.0000000 0.0015009 0.0051495
141 F 141 0.0000000 0.0000000 0.0000000 0.0000000 0.0000000 0.0000000 0.0000000 0.0000000 0.0000000 0.0092905 0.0393530 0.0000000 0.0000000 0.9416196 0.0000000 0.0010983 0.0000000 0.0017644 0.0056646 0.0012096
142 V 142 0.0618449 0.0300439 0.0061799 0.0006769 0.0346204 0.0076308 0.0107882 0.0012081 0.0021299 0.1213238 0.2301193 0.0375587 0.0317879 0.0146069 0.0000000 0.0122191 0.0306567 0.0017333 0.0168304 0.3480411
143 Q 143 0.2234563 0.1681952 0.0372079 0.0212865 0.0076004 0.0593975 0.0595105 0.0105964 0.0347289 0.0100838 0.0093129 0.1155319 0.0137903 0.0021600 0.0108672 0.0573484 0.1215175 0.0022511 0.0149257 0.0202316
144 M 144 0.0812788 0.0119263 0.0016132 0.0000000 0.0011405 0.0015751 0.0006129 0.0015013 0.0128739 0.1763151 0.1353241 0.0129540 0.4418259 0.0149028 0.0011937 0.0034096 0.0067895 0.0008192 0.0013225 0.0926213
145 M 145 0.0103698 0.0006342 0.0032675 0.0000000 0.0108831 0.0000000 0.0000000 0.0000000 0.0007736 0.0753884 0.0974319 0.0005963 0.6613066 0.0091475 0.0000000 0.0140960 0.0526102 0.0013677 0.0037526 0.0583745
146 T 146 0.0943689 0.1136910 0.0107405 0.0007796 0.0026125 0.0452084 0.0078376 0.0415583 0.0109158 0.0180775 0.0593836 0.1667564 0.0992062 0.0013720 0.0012302 0.0789397 0.2024727 0.0036222 0.0015101 0.0397167
147 A 147 0.1110141 0.1272660 0.0280349 0.0189184 0.0020022 0.0501579 0.0388027 0.0622567 0.1103151 0.0058479 0.0080241 0.2069312 0.0115451 0.0000000 0.0296472 0.1078039 0.0708858 0.0010661 0.0028333 0.0066474
148 K 148 0.0079350 0.0632396 0.0170234 0.0112081 0.0052155 0.0494063 0.0099856 0.2669024 0.0144912 0.0165088 0.0839567 0.3394156 0.0475318 0.0115110 0.0162959 0.0113570 0.0042365 0.0053851 0.0126401 0.0057546
149 T 149 0.0495228 0.0212505 0.1594021 0.0190814 0.0032933 0.0195841 0.0123933 0.0531120 0.0154229 0.0848680 0.0911957 0.0372320 0.1842416 0.0042307 0.0039890 0.0642443 0.1395579 0.0013073 0.0139164 0.0221546
150 R 150 0.0519388 0.1496633 0.0360370 0.0191406 0.0011843 0.0806874 0.0763214 0.0584478 0.0074835 0.0067452 0.0742455 0.2639731 0.0026630 0.0044805 0.0462597 0.0701677 0.0232668 0.0000000 0.0063990 0.0208954
151 K 151 0.0657381 0.0315057 0.0578991 0.1806904 0.0000000 0.0688550 0.2388181 0.0699880 0.0080765 0.0283780 0.0479291 0.0756114 0.0431175 0.0015906 0.0127914 0.0208955 0.0219433 0.0033493 0.0034886 0.0193341
152 K 152 0.0598342 0.1122357 0.0675345 0.1081287 0.0110414 0.0337440 0.1874660 0.0314444 0.0109823 0.0285409 0.0466748 0.1120523 0.0117254 0.0153863 0.0216509 0.0287249 0.0900801 0.0020425 0.0025353 0.0181753
153 T 153 0.0150536 0.0942920 0.0938424 0.3637181 0.0017976 0.0238208 0.0326273 0.0506312 0.0028183 0.0027677 0.0102346 0.0334709 0.0030324 0.0000000 0.0227329 0.0986407 0.1407260 0.0000000 0.0036795 0.0061141
154 F 154 0.0637970 0.0503175 0.0214306 0.1447073 0.0059615 0.0302726 0.3305848 0.0092095 0.0015719 0.0154385 0.0138984 0.0155254 0.0094244 0.0189237 0.1110439 0.0802805 0.0557128 0.0068512 0.0052281 0.0098204
155 K 155 0.0231434 0.0730676 0.0071598 0.1467390 0.0000000 0.0787237 0.4892991 0.0141786 0.0029384 0.0000000 0.0035570 0.1313917 0.0000000 0.0079358 0.0000000 0.0075734 0.0105640 0.0000000 0.0000000 0.0037285
156 E 156 0.0065193 0.0066557 0.0438345 0.1229443 0.0016107 0.0203059 0.5817207 0.0039839 0.1109106 0.0000000 0.0107874 0.0206154 0.0049136 0.0032723 0.0000000 0.0017188 0.0340622 0.0000000 0.0230316 0.0031131
157 V 157 0.0021807 0.0121173 0.0022974 0.0000000 0.0155992 0.0000000 0.0035603 0.0000000 0.0000000 0.2781015 0.4594483 0.0025582 0.0763578 0.0340407 0.0000000 0.0194527 0.0061950 0.0000000 0.0179525 0.0701384
158 A 158 0.0442737 0.3862471 0.0088240 0.0187186 0.0000000 0.0432906 0.0138765 0.0058434 0.0201575 0.0313867 0.1482675 0.1026151 0.0358775 0.0339741 0.0057802 0.0165610 0.0103555 0.0055091 0.0374295 0.0310122
159 N 159 0.0902888 0.0737544 0.0724470 0.1126194 0.0000000 0.0217071 0.3209572 0.0019503 0.0054566 0.0156297 0.0201579 0.2153742 0.0027856 0.0000000 0.0030910 0.0194654 0.0215591 0.0000000 0.0000000 0.0027563
160 A 160 0.7681056 0.0212030 0.0050936 0.0040314 0.0058959 0.0000000 0.0032094 0.0301983 0.0000000 0.0129869 0.0098439 0.0000000 0.0500466 0.0059088 0.0000000 0.0318344 0.0200867 0.0000000 0.0000000 0.0315556
161 V 161 0.0000000 0.0000000 0.0000000 0.0000000 0.0000000 0.0000000 0.0000000 0.0000000 0.0000000 0.0317685 0.0558785 0.0000000 0.0277924 0.8440807 0.0000000 0.0000000 0.0000000 0.0036124 0.0035944 0.0332732
162 K 162 0.0367368 0.3575603 0.0590438 0.0352735 0.0057537 0.1016520 0.0302599 0.0139787 0.0094948 0.0000000 0.0215916 0.2258083 0.0084889 0.0000000 0.0035632 0.0693139 0.0162758 0.0000000 0.0019328 0.0032719
163 I 163 0.0403844 0.0030224 0.0024525 0.0000000 0.0081093 0.0073375 0.0764067 0.0000000 0.0255795 0.0818131 0.2131563 0.0049164 0.0677407 0.0506407 0.0000000 0.0029309 0.0077662 0.0000000 0.1124427 0.2953006
164 S 164 0.0432229 0.0109698 0.0029663 0.0000000 0.0000000 0.0000000 0.0034753 0.0149347 0.0000000 0.0212277 0.0253496 0.0031080 0.0019436 0.8080526 0.0000000 0.0204458 0.0102617 0.0000000 0.0239613 0.0100806
165 A 165 0.0171543 0.0000000 0.0000000 0.9828457 0.0000000 0.0000000 0.0000000 0.0000000 0.0000000 0.0000000 0.0000000 0.0000000 0.0000000 0.0000000 0.0000000 0.0000000 0.0000000 0.0000000 0.0000000 0.0000000
166 S 166 0.1485092 0.0505745 0.0170203 0.0000000 0.0000000 0.0000000 0.0000000 0.0000000 0.0438431 0.0000000 0.0000000 0.1903523 0.0170681 0.0000000 0.0283703 0.1371114 0.2394106 0.0000000 0.0000000 0.1277403
167 L 167 0.0197886 0.0000000 0.1226500 0.5594178 0.0000000 0.0000000 0.0235828 0.0455169 0.0000000 0.0290160 0.1834432 0.0000000 0.0000000 0.0000000 0.0000000 0.0000000 0.0000000 0.0000000 0.0000000 0.0165847
168 M 168 0.0690956 0.1657029 0.0331077 0.0000000 0.0324677 0.1845098 0.0302523 0.0865980 0.0148234 0.0000000 0.0173790 0.0423753 0.2265817 0.0000000 0.0259331 0.0000000 0.0000000 0.0000000 0.0711736 0.0000000
169 G 169 0.1035820 0.0000000 0.0000000 0.6125061 0.0000000 0.0000000 0.0000000 0.1823065 0.0000000 0.0000000 0.1016055 0.0000000 0.0000000 0.0000000 0.0000000 0.0000000 0.0000000 0.0000000 0.0000000 0.0000000
170 T 170 0.0000000 0.0000000 0.0000000 0.0000000 0.0000000 0.0000000 0.0000000 0.0000000 0.0000000 0.0000000 0.0000000 0.0000000 0.0000000 0.0000000 0.0000000 0.2834581 0.7165419 0.0000000 0.0000000 0.0000000
