  170         A         R         N         D         C         Q         E         G         H         I         L         K         M         F         P         S         T         W         Y         V         X    
  1 A   1 0.2344874 0.0000000 0.0000000 0.0000000 0.0000000 0.0000000 0.0000000 0.0000000 0.0000000 0.0000000 0.0000000 0.0000000 0.0000000 0.0000000 0.0000000 0.0128776 0.0000000 0.0000000 0.0000000 0.0000000 0.7526350
  2 D   2 0.0034842 0.0390074 0.0123268 0.0875320 0.0000000 0.0158932 0.1248950 0.0124267 0.0140886 0.0010377 0.0017630 0.0165068 0.0000000 0.0000000 0.0000000 0.0038308 0.0035420 0.0000000 0.0000000 0.0012549 0.6624110
  3 Q   3 0.0061231 0.0303793 0.0539552 0.0121885 0.0133463 0.0549428 0.1150049 0.0112905 0.0382656 0.0008089 0.0088249 0.0268929 0.0009361 0.0192548 0.0011596 0.0336855 0.0051390 0.0013459 0.0041961 0.0021572 0.5601030
  4 L   4 0.0000000 0.0000000 0.0000000 0.0000000 0.0020211 0.0000000 0.0000000 0.0000000 0.0000000 0.0174718 0.4290602 0.0000000 0.0156555 0.0544531 0.0000000 0.0000000 0.0011859 0.0014133 0.0000000 0.0023778 0.4763611
  5 T   5 0.0031926 0.0144502 0.0315260 0.0215777 0.0012577 0.0007283 0.0070807 0.0071730 0.0000000 0.0011462 0.0103372 0.0039066 0.0008990 0.0000000 0.0212966 0.2332374 0.1852969 0.0000000 0.0000000 0.0019092 0.4549847
  6 E   6 0.0231787 0.0075418 0.0116051 0.0611423 0.0000000 0.0486010 0.2822516 0.0056726 0.0034095 0.0024858 0.0074298 0.0415385 0.0027025 0.0008260 0.0368118 0.0029187 0.0087579 0.0000000 0.0007303 0.0181458 0.4342503
  7 E   7 0.0173949 0.0007494 0.0067114 0.1096440 0.0000000 0.0276201 0.3476262 0.0067287 0.0007230 0.0018672 0.0026909 0.0107468 0.0024087 0.0009809 0.0032761 0.0164458 0.0144807 0.0000000 0.0009753 0.0024142 0.4265156
  8 Q   8 0.0014470 0.0053308 0.0029155 0.0114448 0.0000000 0.3154497 0.1956473 0.0000000 0.0019197 0.0000000 0.0043635 0.0175611 0.0073798 0.0000000 0.0051123 0.0016988 0.0040122 0.0000000 0.0000000 0.0029301 0.4227874
  9 I   9 0.0098001 0.0261501 0.0015438 0.0042048 0.0006417 0.0143284 0.0133048 0.0015061 0.0014470 0.2786146 0.0576223 0.0793228 0.0204616 0.0010966 0.0016238 0.0000000 0.0076480 0.0000000 0.0037965 0.0692202 0.4076667
 10 A  10 0.1682738 0.0188686 0.0248279 0.0392567 0.0014959 0.0949565 0.0949162 0.0207145 0.0089233 0.0083824 0.0082328 0.0537229 0.0099642 0.0011510 0.0000000 0.0405455 0.0113639 0.0000000 0.0000000 0.0197735 0.3746306
 11 E  11 0.0064187 0.0025914 0.0046865 0.0570025 0.0000000 0.0185709 0.3751218 0.1073430 0.0051918 0.0034046 0.0060712 0.0095500 0.0062411 0.0008610 0.0012788 0.0050257 0.0000000 0.0018291 0.0000000 0.0188404 0.3699717
 12 F  12 0.0047860 0.0000000 0.0000000 0.0000000 0.0000000 0.0022425 0.0000000 0.0000000 0.0000000 0.1568147 0.2053692 0.0000000 0.0191853 0.1784556 0.0000000 0.0000000 0.0019361 0.0000000 0.0594531 0.0055032 0.3662544
 13 K  13 0.0043821 0.1685606 0.0029044 0.0000000 0.0010326 0.0345155 0.0090420 0.0034725 0.0059830 0.0043944 0.0116569 0.3589489 0.0000000 0.0009676 0.0000000 0.0048074 0.0048066 0.0053063 0.0119534 0.0023384 0.3649274
 14 E  14 0.0334800 0.0181869 0.0123055 0.0648898 0.0000000 0.0406961 0.4103242 0.0073572 0.0016582 0.0020887 0.0049197 0.0193723 0.0029630 0.0018164 0.0000000 0.0033293 0.0077709 0.0014264 0.0000000 0.0051394 0.3622761
 15 A  15 0.4289239 0.0000000 0.0000000 0.0000000 0.0175536 0.0024652 0.0000000 0.0083341 0.0000000 0.0166391 0.0223196 0.0017273 0.0966561 0.0021381 0.0000000 0.0053019 0.0159792 0.0000000 0.0000000 0.0369184 0.3450436
 16 F  16 0.0000000 0.0000000 0.0000000 0.0000000 0.0000000 0.0000000 0.0000000 0.0000000 0.0000000 0.0038819 0.0046856 0.0000000 0.0029278 0.6401730 0.0000000 0.0000000 0.0000000 0.0000000 0.0038477 0.0000000 0.3444839
 17 S  17 0.0437182 0.0665754 0.0520343 0.0811052 0.0094199 0.0469146 0.0590222 0.0069028 0.0081833 0.0008646 0.0126216 0.1071544 0.0148758 0.0012914 0.0000000 0.1202085 0.0199453 0.0016881 0.0009274 0.0032281 0.3433190
 18 L  18 0.0177091 0.0106738 0.0233017 0.0020968 0.0022425 0.0091959 0.0292114 0.0063447 0.0051282 0.0312173 0.2914839 0.0149029 0.0870605 0.0093544 0.0000000 0.0282432 0.0128429 0.0014717 0.0194303 0.0551106 0.3429783
 19 F  19 0.0043616 0.0000000 0.0000000 0.0000000 0.0000000 0.0000000 0.0000000 0.0000000 0.0000000 0.0628056 0.0243159 0.0000000 0.0824925 0.4394168 0.0000000 0.0032017 0.0000000 0.0000000 0.0269516 0.0115735 0.3448807
 20 D  20 0.0027761 0.0011577 0.0025744 0.6388222 0.0000000 0.0018291 0.0028593 0.0019356 0.0000000 0.0000000 0.0000000 0.0000000 0.0000000 0.0000000 0.0000000 0.0000000 0.0028022 0.0000000 0.0000000 0.0025009 0.3427426
 21 K  21 0.0244656 0.0699859 0.0055505 0.0093596 0.0000000 0.0316110 0.0133333 0.0009409 0.0030770 0.0150621 0.0108716 0.2289012 0.0143777 0.0000000 0.0068949 0.0222302 0.1758578 0.0000000 0.0000000 0.0250414 0.3424393
 22 D  22 0.0024332 0.0101476 0.1070909 0.4241344 0.0000000 0.0076835 0.0425445 0.0077769 0.0047682 0.0000000 0.0000000 0.0201252 0.0000000 0.0000000 0.0000000 0.0080425 0.0159616 0.0000000 0.0000000 0.0069271 0.3423644
 23 G  23 0.0051470 0.0412672 0.1274816 0.0043193 0.0087323 0.0225017 0.0133726 0.3082820 0.0137884 0.0012399 0.0021381 0.0821053 0.0000000 0.0000000 0.0008564 0.0228402 0.0010836 0.0000000 0.0009550 0.0019775 0.3419118
 24 D  24 0.0000000 0.0207132 0.0692234 0.2938763 0.0000000 0.0030880 0.0094586 0.0096322 0.0000000 0.0014470 0.0013804 0.0210735 0.0000000 0.0000000 0.0000000 0.1803817 0.0470505 0.0000000 0.0000000 0.0010484 0.3416269
 25 G  25 0.0014311 0.0032176 0.0093091 0.0010210 0.0024344 0.0037465 0.0041980 0.6225564 0.0013338 0.0000000 0.0000000 0.0021370 0.0023943 0.0000000 0.0000000 0.0044938 0.0000000 0.0000000 0.0012697 0.0000000 0.3404572
 26 T  26 0.0329098 0.0282774 0.0143899 0.0099724 0.0309510 0.0175901 0.0079512 0.0000000 0.0156031 0.0072479 0.0106898 0.1018912 0.0081775 0.0627612 0.0027761 0.0570603 0.1641345 0.0000000 0.0709624 0.0131868 0.3434674
 27 I  27 0.0018082 0.0000000 0.0000000 0.0000000 0.0000000 0.0000000 0.0000000 0.0000000 0.0000000 0.5743550 0.0334543 0.0000000 0.0068320 0.0000000 0.0000000 0.0000000 0.0020621 0.0000000 0.0000000 0.0387085 0.3427799
 28 T  28 0.0097460 0.0043605 0.0340955 0.1198471 0.0007472 0.0070407 0.0140402 0.0127094 0.0048889 0.0012697 0.0091525 0.0147645 0.0029278 0.0000000 0.0055464 0.1211752 0.2943939 0.0000000 0.0000000 0.0018543 0.3414402
 29 T  29 0.0972700 0.0131683 0.0060778 0.0000000 0.0119189 0.0086767 0.0065961 0.0049316 0.0029013 0.0458113 0.0461672 0.0383023 0.0105517 0.0671883 0.0130358 0.0269845 0.1081621 0.0000000 0.0824328 0.0683830 0.3414402
 30 K  30 0.0328977 0.0383967 0.0127510 0.0886250 0.0000000 0.0340326 0.1459666 0.0177544 0.0396121 0.0020498 0.0081061 0.1555730 0.0004980 0.0000000 0.0038732 0.0529346 0.0156206 0.0011899 0.0009701 0.0077083 0.3414402
 31 E  31 0.0000000 0.0000000 0.0092985 0.0791384 0.0000000 0.0363440 0.5155242 0.0000000 0.0000000 0.0019127 0.0000000 0.0065648 0.0055133 0.0014618 0.0000000 0.0019361 0.0000000 0.0000000 0.0000000 0.0009914 0.3413148
 32 L  32 0.0000000 0.0000000 0.0000000 0.0000000 0.0145304 0.0000000 0.0000000 0.0000000 0.0000000 0.0218767 0.5671265 0.0000000 0.0112114 0.0213002 0.0000000 0.0000000 0.0013794 0.0000000 0.0022305 0.0201949 0.3401498
 33 G  33 0.0295227 0.0834764 0.0131261 0.0021201 0.0000000 0.0135737 0.0178367 0.2268020 0.0134999 0.0106890 0.0138622 0.2118206 0.0042634 0.0000000 0.0019655 0.0134276 0.0013521 0.0000000 0.0018164 0.0010927 0.3397529
 34 T  34 0.0798925 0.0223242 0.0207725 0.0722016 0.0020815 0.0258263 0.0387699 0.0082194 0.0236060 0.0344816 0.0120728 0.0169809 0.0039606 0.0048834 0.0020969 0.0328005 0.1411256 0.0012322 0.0056729 0.1139769 0.3370217
 35 V  35 0.1349839 0.0000000 0.0000000 0.0000000 0.0204835 0.0000000 0.0010378 0.1301473 0.0000000 0.0312180 0.0478772 0.0029278 0.0244218 0.0062014 0.0000000 0.0090398 0.0110295 0.0000000 0.0000000 0.2456677 0.3349644
 36 M  36 0.0130094 0.0000000 0.0000000 0.0000000 0.0089087 0.0000000 0.0000000 0.0000000 0.0000000 0.0310601 0.2513060 0.0016114 0.3255488 0.0192537 0.0000000 0.0010303 0.0030358 0.0000000 0.0022140 0.0086091 0.3344126
 37 R  37 0.0465230 0.3685878 0.0057647 0.0031739 0.0009026 0.0297763 0.0242220 0.0078839 0.0184328 0.0075153 0.0080099 0.0740509 0.0064726 0.0012492 0.0078696 0.0169906 0.0291207 0.0029532 0.0019244 0.0059500 0.3326263
 38 S  38 0.1588710 0.0559969 0.0219811 0.0052959 0.0257918 0.0090742 0.0225468 0.0050120 0.0044388 0.0022810 0.0088223 0.0836879 0.0163944 0.0024910 0.0019655 0.2023159 0.0307866 0.0000000 0.0027145 0.0069061 0.3326263
 39 L  39 0.0013355 0.0000000 0.0030298 0.0000000 0.0028186 0.0125955 0.0022445 0.0000000 0.0048576 0.0294636 0.4877018 0.0047948 0.0336902 0.0221868 0.0000000 0.0017273 0.0029361 0.0000000 0.0119098 0.0462103 0.3324979
 40 G  40 0.0051964 0.0047195 0.0095831 0.0105314 0.0000000 0.0038277 0.0061702 0.6125680 0.0000000 0.0010867 0.0000000 0.0061330 0.0008850 0.0000000 0.0000000 0.0024831 0.0000000 0.0000000 0.0000000 0.0010927 0.3357230
 41 Q  41 0.0276667 0.0124106 0.0024690 0.0127430 0.0055300 0.1698632 0.0602833 0.0094718 0.0327297 0.0149176 0.0426070 0.0281172 0.0144863 0.1003028 0.0045237 0.0718297 0.0239974 0.0034565 0.0250658 0.0044177 0.3331112
 42 N  42 0.0088902 0.0242626 0.2324247 0.0474268 0.0042597 0.0412915 0.1009500 0.0088543 0.0110676 0.0038954 0.0037375 0.0735834 0.0178159 0.0123095 0.0133112 0.0310651 0.0253177 0.0000000 0.0035552 0.0029568 0.3330250
 43 P  43 0.0270999 0.0012492 0.0000000 0.0059102 0.0034450 0.0031834 0.0018327 0.0000000 0.0009468 0.0314467 0.1713393 0.0022305 0.0267250 0.0143837 0.3068520 0.0043555 0.0048742 0.0000000 0.0011927 0.0522235 0.3407098
 44 T  44 0.0178131 0.0185842 0.0124609 0.0170388 0.0000000 0.0053991 0.0078358 0.0061818 0.0039412 0.0033074 0.0070027 0.0856519 0.0135000 0.0000000 0.0338828 0.1243847 0.3068606 0.0000000 0.0000000 0.0054820 0.3306730
 45 E  45 0.0089633 0.0136064 0.0301189 0.1215220 0.0000000 0.0243655 0.2903066 0.0078626 0.0067881 0.0057492 0.0082977 0.1062082 0.0019890 0.0023680 0.0268018 0.0016016 0.0058641 0.0000000 0.0012699 0.0103463 0.3259706
 46 A  46 0.1858385 0.0137543 0.0151369 0.0345489 0.0009310 0.0263524 0.1655482 0.0214429 0.0047352 0.0062776 0.0045717 0.0253671 0.0189808 0.0012293 0.0184958 0.0899378 0.0274082 0.0000000 0.0033012 0.0127334 0.3234089
 47 E  47 0.0018272 0.0055616 0.0022001 0.0728455 0.0027662 0.0314603 0.5159265 0.0019297 0.0076217 0.0019336 0.0000000 0.0076162 0.0018254 0.0018492 0.0000000 0.0027842 0.0088440 0.0000000 0.0085466 0.0043808 0.3200814
 48 L  48 0.0079764 0.0000000 0.0000000 0.0000000 0.0070381 0.0000000 0.0010438 0.0010974 0.0000000 0.1916295 0.2728137 0.0000000 0.0139767 0.0110218 0.0000000 0.0000000 0.0031114 0.0000000 0.0035813 0.1693462 0.3173638
 49 Q  49 0.0252074 0.0851639 0.0137804 0.0565033 0.0018160 0.1500458 0.0672586 0.0048249 0.0143323 0.0165974 0.0611889 0.1356642 0.0057910 0.0033693 0.0035702 0.0069531 0.0084409 0.0000000 0.0150582 0.0050084 0.3194259
 50 D  50 0.0503183 0.0388681 0.0184196 0.1534417 0.0000000 0.0769653 0.1478443 0.0130907 0.0015800 0.0160007 0.0129924 0.0802105 0.0202748 0.0007896 0.0000000 0.0296538 0.0203218 0.0007895 0.0000000 0.0016470 0.3167919
 51 M  51 0.0214029 0.0000000 0.0000000 0.0000000 0.0044301 0.0016114 0.0024652 0.0000000 0.0128057 0.0975497 0.2080955 0.0000000 0.2790508 0.0031193 0.0000000 0.0019127 0.0011627 0.0060666 0.0074279 0.0361075 0.3167919
 52 I  52 0.0098452 0.0014083 0.0000000 0.0000000 0.0028327 0.0036010 0.0013702 0.0008109 0.0000000 0.2720631 0.0945641 0.0075724 0.1733161 0.0344466 0.0000000 0.0180745 0.0063549 0.0000000 0.0012881 0.0564148 0.3160372
 53 N  53 0.0618419 0.0635828 0.1189880 0.0721225 0.0027021 0.0627036 0.1002315 0.0207901 0.0215632 0.0023758 0.0042814 0.0795797 0.0024062 0.0009438 0.0014727 0.0472297 0.0137960 0.0000000 0.0027683 0.0047167 0.3159042
 54 E  54 0.1233265 0.0144540 0.0164835 0.0788958 0.0000000 0.0342465 0.2982237 0.0074947 0.0097355 0.0018809 0.0122681 0.0232145 0.0059626 0.0009060 0.0014264 0.0188816 0.0151340 0.0000000 0.0039783 0.0175831 0.3159042
 55 V  55 0.1927851 0.0000000 0.0020382 0.0000000 0.0018293 0.0008764 0.0019127 0.0095080 0.0213744 0.0931271 0.0210144 0.0008018 0.0124369 0.0336412 0.0163883 0.0056864 0.0044750 0.0000000 0.0302924 0.2283492 0.3234630
 56 D  56 0.0024384 0.0058392 0.0111386 0.5755255 0.0010014 0.0031070 0.0068304 0.0061322 0.0010566 0.0000000 0.0013990 0.0347524 0.0010430 0.0000000 0.0040981 0.0011579 0.0017304 0.0000000 0.0010937 0.0037012 0.3379549
 57 A  57 0.0976635 0.0287194 0.0043747 0.0055428 0.0031348 0.0234172 0.0311454 0.0052499 0.0010448 0.0564027 0.0426430 0.0856635 0.0179448 0.0043327 0.0280911 0.0387261 0.0667258 0.0000000 0.0030497 0.1191316 0.3369966
 58 D  58 0.0012503 0.0077043 0.0707273 0.4794157 0.0000000 0.0055965 0.0634147 0.0081624 0.0048048 0.0000000 0.0000000 0.0068337 0.0012767 0.0000000 0.0026373 0.0051626 0.0057189 0.0000000 0.0000000 0.0008522 0.3364424
 59 G  59 0.0105081 0.0180820 0.1021430 0.0081466 0.0037635 0.0074918 0.0227173 0.3906244 0.0049757 0.0012788 0.0110306 0.0460798 0.0077043 0.0000000 0.0037924 0.0233315 0.0033880 0.0008093 0.0000000 0.0018082 0.3323248
 60 N  60 0.0034920 0.0144409 0.2013976 0.1756253 0.0000000 0.0050053 0.0022178 0.0205217 0.0030831 0.0051824 0.0022933 0.0187102 0.0027761 0.0006403 0.0161117 0.1547570 0.0454496 0.0000000 0.0000000 0.0064102 0.3218856
 61 G  61 0.0067154 0.0101972 0.0083218 0.0056888 0.0000000 0.0032699 0.0031960 0.6027922 0.0044441 0.0000000 0.0000000 0.0189153 0.0020900 0.0000000 0.0018485 0.0082437 0.0007347 0.0000000 0.0000000 0.0038226 0.3197197
 62 T  62 0.0252158 0.0661143 0.0110454 0.0046781 0.0097919 0.0312625 0.0415821 0.0030328 0.0143277 0.0035749 0.0312646 0.0720700 0.0148888 0.0197399 0.0197209 0.0506336 0.2169518 0.0041760 0.0205482 0.0260889 0.3132920
 63 I  63 0.0027312 0.0000000 0.0000000 0.0000000 0.0000000 0.0000000 0.0000000 0.0000000 0.0000000 0.4571105 0.0947792 0.0000000 0.0130978 0.0128205 0.0000000 0.0000000 0.0015482 0.0000000 0.0000000 0.1052954 0.3126172
 64 D  64 0.0069135 0.0024841 0.0862519 0.3878258 0.0020274 0.0043343 0.0559414 0.0073447 0.0087762 0.0000000 0.0008313 0.0049522 0.0000000 0.0000000 0.0016172 0.0909331 0.0220259 0.0000000 0.0042141 0.0010746 0.3124521
 65 F  65 0.0108826 0.0022815 0.0000000 0.0000000 0.0118507 0.0033181 0.0062475 0.0015442 0.0014364 0.0064988 0.0240406 0.0018790 0.0064678 0.3854128 0.0000000 0.0025906 0.0049442 0.0040494 0.2012386 0.0132017 0.3121156
 66 P  66 0.0342434 0.0053764 0.0424750 0.0951442 0.0000000 0.0339633 0.1883421 0.0682924 0.0057224 0.0141039 0.0086401 0.0267183 0.0000000 0.0014465 0.0775697 0.0432963 0.0332882 0.0000000 0.0047128 0.0080323 0.3086327
 67 E  67 0.0039217 0.0037921 0.0076796 0.0851842 0.0000000 0.0156636 0.4971560 0.0106960 0.0046798 0.0000000 0.0009799 0.0040791 0.0136959 0.0000000 0.0000000 0.0054073 0.0271470 0.0000000 0.0013738 0.0107249 0.3078190
 68 F  68 0.0000000 0.0000000 0.0000000 0.0009831 0.0000000 0.0000000 0.0000000 0.0000000 0.0000000 0.0000000 0.0177205 0.0000000 0.0019462 0.6496787 0.0000000 0.0011161 0.0000000 0.0000000 0.0109310 0.0000000 0.3176244
 69 L  69 0.0125572 0.0132419 0.0069042 0.0007315 0.0217640 0.0039512 0.0079394 0.0117365 0.0000000 0.0989090 0.3030308 0.0144265 0.0157038 0.0166609 0.0000000 0.0082234 0.0098771 0.0016002 0.0085345 0.1468596 0.2973485
 70 T  70 0.1433858 0.0357605 0.0394877 0.0284519 0.0094790 0.0308732 0.0589467 0.0150085 0.0187993 0.0065335 0.0084055 0.0670992 0.0058275 0.0029643 0.0329645 0.0430284 0.1472272 0.0000000 0.0093023 0.0190859 0.2773691
 71 M  71 0.1297950 0.0026490 0.0000000 0.0000000 0.0020969 0.0000000 0.0018286 0.0029957 0.0020621 0.1052192 0.1634737 0.0012584 0.1913992 0.0044398 0.0027312 0.0043368 0.0022027 0.0018790 0.0013897 0.1008856 0.2793573
 72 M  72 0.0373848 0.0000000 0.0083729 0.0000000 0.0043586 0.0006753 0.0007023 0.0024590 0.0037785 0.0356410 0.0540422 0.0009982 0.3880938 0.0212899 0.0000000 0.0017624 0.0664215 0.0012164 0.0166089 0.0433447 0.3128495
 73 A  73 0.1649235 0.0234288 0.0100382 0.0005379 0.0044435 0.0348456 0.0140520 0.0724494 0.0130861 0.0154934 0.0456808 0.0208998 0.0550193 0.0008232 0.0008005 0.0919139 0.1298441 0.0000000 0.0020536 0.0429173 0.2567489
 74 R  74 0.0399890 0.1675164 0.0251243 0.0269381 0.0008741 0.0367866 0.0689258 0.0130583 0.0817113 0.0231037 0.0358638 0.0897666 0.0125959 0.0018127 0.0310143 0.0234550 0.0348068 0.0008992 0.0026020 0.0225708 0.2605853
 75 K  75 0.0090266 0.0675248 0.0134493 0.0092539 0.0032127 0.0588638 0.0100365 0.0214884 0.0881793 0.0215167 0.0042307 0.2769938 0.0198588 0.0143765 0.0083013 0.0126353 0.0089920 0.0060545 0.0064135 0.0245817 0.3150098
 76 M  76 0.0060810 0.0066990 0.0352980 0.0087398 0.0015312 0.0142558 0.0151836 0.0098023 0.0150147 0.1037591 0.2132177 0.0164790 0.2045606 0.0072270 0.0026609 0.0249563 0.0176996 0.0000000 0.0138784 0.0244929 0.2584630
 77 K  77 0.0638784 0.0830429 0.0984707 0.0100263 0.0007384 0.0451876 0.0106828 0.0580539 0.0062733 0.0109933 0.0592131 0.1815161 0.0006510 0.0068771 0.0055186 0.0684537 0.0160757 0.0000000 0.0006757 0.0183960 0.2552754
 78 D  78 0.0442762 0.0317598 0.0193219 0.1483045 0.0000000 0.0469357 0.1851751 0.0516449 0.0099013 0.0007217 0.0006015 0.1083437 0.0035567 0.0049591 0.0163953 0.0330011 0.0167419 0.0000000 0.0028737 0.0026415 0.2728444
 79 T  79 0.0294468 0.0910770 0.0332749 0.0428975 0.0067217 0.0450248 0.1196176 0.0189135 0.0050245 0.0344984 0.0741303 0.0519306 0.0423451 0.0027164 0.0223298 0.0256885 0.1059228 0.0022596 0.0058984 0.0278124 0.2124697
 80 D  80 0.0209073 0.0023520 0.0334539 0.3256421 0.0000000 0.0167442 0.1671259 0.0621008 0.0017513 0.0059512 0.0547863 0.0112195 0.0034957 0.0035741 0.0143517 0.0281748 0.0318039 0.0000000 0.0091569 0.0100475 0.1973610
 81 S  81 0.0479098 0.0856537 0.0538936 0.0162353 0.0032637 0.0927623 0.0531593 0.0092292 0.0073207 0.0084286 0.0050771 0.0409925 0.0006740 0.0089442 0.1036923 0.1608830 0.0992438 0.0000000 0.0043281 0.0202437 0.1780649
 82 E  82 0.0218670 0.0329959 0.0040479 0.0974150 0.0008367 0.0244007 0.3714458 0.0028552 0.0125422 0.0372471 0.0268487 0.1041156 0.0126534 0.0035316 0.0038023 0.0050088 0.0119385 0.0000000 0.0155606 0.0245307 0.1863565
 83 E  83 0.0440474 0.0269070 0.0195393 0.1283711 0.0000000 0.0710344 0.4486286 0.0089415 0.0025189 0.0013677 0.0059202 0.0555256 0.0008375 0.0000000 0.0024590 0.0127285 0.0083750 0.0000000 0.0000000 0.0054588 0.1573395
 84 E  84 0.0015418 0.0031727 0.0406728 0.1160042 0.0009661 0.0258749 0.5365353 0.0085926 0.0922482 0.0062757 0.0051239 0.0050043 0.0126694 0.0000000 0.0011506 0.0047843 0.0093114 0.0000000 0.0039307 0.0213003 0.1048406
 85 I  85 0.0011610 0.0009398 0.0000000 0.0000000 0.0018327 0.0000000 0.0000000 0.0000000 0.0000000 0.2778255 0.4069327 0.0000000 0.0355568 0.1229342 0.0000000 0.0018271 0.0023196 0.0000000 0.0434798 0.0266234 0.0785676
 86 R  86 0.0140503 0.2755038 0.0055906 0.0010829 0.0000000 0.0482807 0.0093846 0.0012367 0.0180899 0.0247369 0.0957453 0.2621664 0.0236144 0.0280897 0.0048316 0.0142229 0.0095170 0.0081237 0.0349996 0.0445873 0.0761458
 87 E  87 0.0849176 0.0489369 0.0356223 0.0879991 0.0000000 0.0349928 0.4053703 0.0041935 0.0025050 0.0083124 0.0157336 0.1426176 0.0024255 0.0000000 0.0000000 0.0161567 0.0244330 0.0012979 0.0000000 0.0059081 0.0785776
 88 A  88 0.7088204 0.0007327 0.0000000 0.0024652 0.0134743 0.0014460 0.0012914 0.0393434 0.0000000 0.0223575 0.0234492 0.0010679 0.0555774 0.0014721 0.0000000 0.0093428 0.0114572 0.0000000 0.0000000 0.0299019 0.0778005
 89 F  89 0.0000000 0.0000000 0.0000000 0.0000000 0.0000000 0.0000000 0.0000000 0.0000000 0.0000000 0.0132864 0.0399811 0.0008533 0.0141335 0.8403455 0.0000000 0.0000000 0.0000000 0.0026010 0.0038702 0.0031406 0.0817883
 90 R  90 0.0569876 0.2401676 0.0397524 0.0675700 0.0068263 0.0827515 0.0552161 0.0105564 0.0124038 0.0007246 0.0193012 0.1650630 0.0164961 0.0011652 0.0019655 0.1189576 0.0186845 0.0006070 0.0013748 0.0027308 0.0806980
 91 V  91 0.0245505 0.0077005 0.0137138 0.0059033 0.0124032 0.0076840 0.0456613 0.0031806 0.0214751 0.0533185 0.2706480 0.0110974 0.0690351 0.0426871 0.0019462 0.0178056 0.0136505 0.0029367 0.0825205 0.2115767 0.0805053
 92 F  92 0.0131609 0.0000000 0.0000000 0.0000000 0.0000000 0.0000000 0.0000000 0.0000000 0.0000000 0.0414984 0.0306659 0.0000000 0.0441161 0.7289036 0.0000000 0.0050928 0.0070529 0.0000000 0.0303781 0.0154493 0.0836821
 93 D  93 0.0029000 0.0000000 0.0011906 0.9050915 0.0000000 0.0012181 0.0025349 0.0022341 0.0000000 0.0000000 0.0000000 0.0000000 0.0000000 0.0000000 0.0000000 0.0015909 0.0014025 0.0000000 0.0000000 0.0026874 0.0791500
 94 K  94 0.0182141 0.0896291 0.0050759 0.0704001 0.0000000 0.0434729 0.0401918 0.0031858 0.0063206 0.0210360 0.0261050 0.4142981 0.0088672 0.0011354 0.0085845 0.0161190 0.1229030 0.0000000 0.0010135 0.0242979 0.0791500
 95 D  95 0.0040960 0.0027274 0.1505554 0.6247091 0.0000000 0.0089300 0.0860336 0.0093313 0.0093585 0.0000000 0.0000000 0.0094492 0.0000000 0.0000000 0.0015909 0.0073853 0.0037099 0.0000000 0.0000000 0.0032048 0.0789187
 96 G  96 0.0261264 0.0397246 0.1431276 0.0230149 0.0066293 0.0531356 0.0268030 0.4604928 0.0140400 0.0016607 0.0009045 0.0906928 0.0000000 0.0000000 0.0000000 0.0318114 0.0007917 0.0000000 0.0007268 0.0009930 0.0793249
 97 N  97 0.0019376 0.0223557 0.1930426 0.2822164 0.0000000 0.0034005 0.0042594 0.0049094 0.0037340 0.0009251 0.0016881 0.0361726 0.0000000 0.0000000 0.0000000 0.2422868 0.1224785 0.0000000 0.0000000 0.0013899 0.0792034
 98 G  98 0.0005460 0.0022392 0.0050184 0.0012428 0.0009597 0.0040194 0.0020993 0.8944836 0.0009139 0.0000000 0.0000000 0.0016564 0.0000000 0.0000000 0.0000000 0.0058299 0.0012309 0.0007161 0.0009601 0.0000000 0.0780842
 99 Y  99 0.0256105 0.0385736 0.0087661 0.0048141 0.0241764 0.0196011 0.0151452 0.0034480 0.0257078 0.0102255 0.0171615 0.1366814 0.0083739 0.1384139 0.0017837 0.0554962 0.1437661 0.0000000 0.2299139 0.0145059 0.0778351
100 I 100 0.0020192 0.0000000 0.0000000 0.0000000 0.0000000 0.0000000 0.0000000 0.0000000 0.0014311 0.8142204 0.0327183 0.0000000 0.0077553 0.0028924 0.0000000 0.0000000 0.0013778 0.0000000 0.0000000 0.0594160 0.0781696
101 S 101 0.0169059 0.0017335 0.0436707 0.1038131 0.0022000 0.0109933 0.0528436 0.0130665 0.0068958 0.0009601 0.0076851 0.0143855 0.0239567 0.0012206 0.0091648 0.2946591 0.3162249 0.0000000 0.0000000 0.0016559 0.0779651
102 A 102 0.1891729 0.0381179 0.0048001 0.0025376 0.0083125 0.0127909 0.0171354 0.0231355 0.0056291 0.0723594 0.0827440 0.0373661 0.0187507 0.0852621 0.0366987 0.0419421 0.0860695 0.0041520 0.0575583 0.0963472 0.0791181
103 A 103 0.1364153 0.0538390 0.0314771 0.1509996 0.0000000 0.0389670 0.1824526 0.0260889 0.0282349 0.0049645 0.0056380 0.1403637 0.0021754 0.0008331 0.0068517 0.0755816 0.0261070 0.0014101 0.0006362 0.0078463 0.0791181
104 E 104 0.0045484 0.0052048 0.0765339 0.0803304 0.0000000 0.0125788 0.6953488 0.0000000 0.0031956 0.0014815 0.0000000 0.0118383 0.0027573 0.0008217 0.0000000 0.0088085 0.0051526 0.0000000 0.0086466 0.0036347 0.0791181
105 L 105 0.0000000 0.0027312 0.0000000 0.0000000 0.0037197 0.0000000 0.0000000 0.0000000 0.0000000 0.0473393 0.7870402 0.0000000 0.0180819 0.0459437 0.0000000 0.0000000 0.0009953 0.0000000 0.0000000 0.0150306 0.0791181
106 R 106 0.0267782 0.3026907 0.0080042 0.0030579 0.0092694 0.0587038 0.0525791 0.1357774 0.0132889 0.0092625 0.0138373 0.2386224 0.0080309 0.0014364 0.0012671 0.0137557 0.0051980 0.0000000 0.0021469 0.0153487 0.0809445
107 H 107 0.0728588 0.1099382 0.0271913 0.0469010 0.0033587 0.0895531 0.0905682 0.0058099 0.1350195 0.0249831 0.0144796 0.0304878 0.0084165 0.0104045 0.0000000 0.0484023 0.0989354 0.0027885 0.0194376 0.0785897 0.0818765
108 V 108 0.2309907 0.0000000 0.0000000 0.0000000 0.0190103 0.0000000 0.0007923 0.0670073 0.0000000 0.0661781 0.0557641 0.0128057 0.0346928 0.0087777 0.0000000 0.0117031 0.0106082 0.0000000 0.0000000 0.4007349 0.0809347
109 M 109 0.0947547 0.0024652 0.0000000 0.0000000 0.0467759 0.0025631 0.0000000 0.0000000 0.0000000 0.0216815 0.3277103 0.0000000 0.3734832 0.0147693 0.0008392 0.0087992 0.0106053 0.0007191 0.0021736 0.0116926 0.0809680
110 T 110 0.0854713 0.2614439 0.0163976 0.0063612 0.0037815 0.0287978 0.0398282 0.0158902 0.0156846 0.0264756 0.0068772 0.1613074 0.0253161 0.0028742 0.0041803 0.0328590 0.1602810 0.0040611 0.0024141 0.0172050 0.0824927
111 N 111 0.1083743 0.0351032 0.0965598 0.0331951 0.0197040 0.0161200 0.1774382 0.0127539 0.0157485 0.0042525 0.0143577 0.0981923 0.0112993 0.0047080 0.0051824 0.1826521 0.0734168 0.0000000 0.0018826 0.0058801 0.0831791
112 L 112 0.0042932 0.0024688 0.0023517 0.0114256 0.0021828 0.0134996 0.0122977 0.0037172 0.0091401 0.0482833 0.6022328 0.0069964 0.0560831 0.0540768 0.0018122 0.0090540 0.0086408 0.0000000 0.0296427 0.0273687 0.0944324
113 G 113 0.0048773 0.0061877 0.0105445 0.0154022 0.0026313 0.0013728 0.0105684 0.8095850 0.0000000 0.0055343 0.0024364 0.0049223 0.0000000 0.0016054 0.0000000 0.0097660 0.0000000 0.0013723 0.0000000 0.0047388 0.1084552
114 E 114 0.0166760 0.0083127 0.0070646 0.0602158 0.0056987 0.1092796 0.3655964 0.0149962 0.0365216 0.0116433 0.0309447 0.0186306 0.0301927 0.0613376 0.0046109 0.0348010 0.0162255 0.0040960 0.0198483 0.0145072 0.1288003
115 K 115 0.0149534 0.0700218 0.2155181 0.0581485 0.0028755 0.0413212 0.0605738 0.0274422 0.0167441 0.0080753 0.0034023 0.2062117 0.0160249 0.0079844 0.0342807 0.0310151 0.0466813 0.0000000 0.0021983 0.0032368 0.1332904
116 L 116 0.0225551 0.0089083 0.0072009 0.0126330 0.0126129 0.0067246 0.0029295 0.0062683 0.0032262 0.0469037 0.3696728 0.0012102 0.0823770 0.0361526 0.1782441 0.0078431 0.0104195 0.0000000 0.0048144 0.0572467 0.1220571
117 T 117 0.0181936 0.0122380 0.0287196 0.0648362 0.0035774 0.0075766 0.0237090 0.0213482 0.0036262 0.0037911 0.0026855 0.0555376 0.0024959 0.0009320 0.0294158 0.1777311 0.4402669 0.0000000 0.0006688 0.0049447 0.0977059
118 D 118 0.0224475 0.0136223 0.0294579 0.3307415 0.0017630 0.0279496 0.2897984 0.0136285 0.0138518 0.0079808 0.0142854 0.0725124 0.0043447 0.0013383 0.0312087 0.0057759 0.0113787 0.0000000 0.0041636 0.0134655 0.0902856
119 E 119 0.1632479 0.0319622 0.0123860 0.1048428 0.0006876 0.0377666 0.3433195 0.0156083 0.0037063 0.0078571 0.0085395 0.0393925 0.0148397 0.0008018 0.0135332 0.0522162 0.0257920 0.0000000 0.0024204 0.0303435 0.0907372
120 E 120 0.0046890 0.0085238 0.0057170 0.0818662 0.0016083 0.0236519 0.6649291 0.0026179 0.0242866 0.0025039 0.0029176 0.0070834 0.0030309 0.0060098 0.0025292 0.0090709 0.0201424 0.0011921 0.0048389 0.0322112 0.0905799
121 V 121 0.0240233 0.0000000 0.0000000 0.0000000 0.0168739 0.0000000 0.0007464 0.0034616 0.0000000 0.2468406 0.3394141 0.0000000 0.0093178 0.0144013 0.0000000 0.0016238 0.0077896 0.0000000 0.0000000 0.2519210 0.0835866
122 D 122 0.0245368 0.0917987 0.0346920 0.2091910 0.0016116 0.1549992 0.1510955 0.0045298 0.0100149 0.0130331 0.0388683 0.1111636 0.0076488 0.0059259 0.0032121 0.0163915 0.0127995 0.0012577 0.0134933 0.0053712 0.0883653
123 E 123 0.0917417 0.0289682 0.0166372 0.1769823 0.0000000 0.0823492 0.3485260 0.0150973 0.0055097 0.0095487 0.0127770 0.0621365 0.0125603 0.0005780 0.0000000 0.0267385 0.0244183 0.0006035 0.0000000 0.0020243 0.0828033
124 M 124 0.0268953 0.0000000 0.0000000 0.0000000 0.0028370 0.0009320 0.0014460 0.0000000 0.0076460 0.1640497 0.1912528 0.0000000 0.4756613 0.0019465 0.0000000 0.0014815 0.0007772 0.0059183 0.0037932 0.0325597 0.0828033
125 I 125 0.0047269 0.0008798 0.0000000 0.0000000 0.0025146 0.0010679 0.0000000 0.0007603 0.0019037 0.5016354 0.1356774 0.0033176 0.1317412 0.0575207 0.0000000 0.0118858 0.0024794 0.0000000 0.0060700 0.0533447 0.0844746
126 R 126 0.0842713 0.2044283 0.0779426 0.1054363 0.0033404 0.0786053 0.0809269 0.0133095 0.0225265 0.0011445 0.0124617 0.1358556 0.0024074 0.0043292 0.0009243 0.0583405 0.0186392 0.0000000 0.0016569 0.0080480 0.0854054
127 E 127 0.0829471 0.0119195 0.0118946 0.1212072 0.0000000 0.0248008 0.5268372 0.0364758 0.0136962 0.0048782 0.0112472 0.0118318 0.0033564 0.0042821 0.0026681 0.0109170 0.0129327 0.0000000 0.0018389 0.0208637 0.0854054
128 A 128 0.3578984 0.0000000 0.0012178 0.0000000 0.0012285 0.0110171 0.0026888 0.0158955 0.0124089 0.0883648 0.0160032 0.0006774 0.0071844 0.0678867 0.0025947 0.0088203 0.0052912 0.0000000 0.0236511 0.2796347 0.0975366
129 D 129 0.0019130 0.0025312 0.0170048 0.7860118 0.0006575 0.0053682 0.0090092 0.0064932 0.0168778 0.0000000 0.0000000 0.0186740 0.0000000 0.0000000 0.0230144 0.0031130 0.0019646 0.0000000 0.0016539 0.0012285 0.1044849
130 I 130 0.0711388 0.0584003 0.0021126 0.0024269 0.0075253 0.0636967 0.0477181 0.0100448 0.0083531 0.0963619 0.0945166 0.1005803 0.0228558 0.0080000 0.0216379 0.0366983 0.1220171 0.0000000 0.0034736 0.1249252 0.0975167
131 D 131 0.0015536 0.0070590 0.1165182 0.6797978 0.0000000 0.0052137 0.0423463 0.0149669 0.0030080 0.0000000 0.0000000 0.0114517 0.0008438 0.0000000 0.0000000 0.0079960 0.0053810 0.0000000 0.0000000 0.0014444 0.1024198
132 G 132 0.0104170 0.0179191 0.1411089 0.0084575 0.0030494 0.0325347 0.0185068 0.4787553 0.0121087 0.0009629 0.0082798 0.0910267 0.0083741 0.0017830 0.0102348 0.0523720 0.0017296 0.0009792 0.0000000 0.0039296 0.0974710
133 D 133 0.0056902 0.0069842 0.1680807 0.5271118 0.0018122 0.0124819 0.0042603 0.0124640 0.0015276 0.0023589 0.0013016 0.0195103 0.0017837 0.0004596 0.0016748 0.1009738 0.0332560 0.0000000 0.0000000 0.0027659 0.0955026
134 G 134 0.0042921 0.0081221 0.0107377 0.0027874 0.0000000 0.0008474 0.0039035 0.8526837 0.0029244 0.0000000 0.0020024 0.0055492 0.0009383 0.0000000 0.0023392 0.0072663 0.0011769 0.0000000 0.0000000 0.0017371 0.0926922
135 Q 135 0.0182584 0.1554430 0.0307665 0.0034916 0.0235296 0.1136710 0.1142234 0.0061652 0.0196223 0.0036697 0.0368327 0.1045557 0.0240230 0.0159169 0.0061763 0.0421283 0.1428274 0.0017837 0.0271969 0.0236839 0.0860346
136 V 136 0.0010449 0.0000000 0.0000000 0.0000000 0.0000000 0.0000000 0.0000000 0.0033487 0.0000000 0.5939162 0.0679228 0.0000000 0.0090170 0.0213871 0.0000000 0.0020634 0.0030740 0.0000000 0.0000000 0.2119272 0.0862986
137 N 137 0.0040944 0.0080416 0.2691500 0.3808162 0.0062515 0.0029805 0.0402017 0.0064929 0.0095031 0.0013359 0.0025176 0.0206062 0.0016522 0.0000000 0.0007068 0.1320292 0.0243510 0.0000000 0.0020362 0.0007485 0.0864846
138 Y 138 0.0214053 0.0084587 0.0000000 0.0000000 0.0087671 0.0163259 0.0525117 0.0005990 0.0014859 0.0085883 0.0216967 0.0048015 0.0063380 0.3111038 0.0063200 0.0003992 0.0008082 0.0021908 0.4277846 0.0096114 0.0908040
139 E 139 0.0366865 0.0102076 0.0505106 0.1523904 0.0000000 0.0554661 0.3680802 0.0504216 0.0085534 0.0149202 0.0102319 0.0210181 0.0010752 0.0011046 0.0474614 0.0447616 0.0193818 0.0000000 0.0081804 0.0080346 0.0915139
140 E 140 0.0122834 0.0034523 0.0086143 0.0888301 0.0000000 0.0101168 0.7319805 0.0048717 0.0012073 0.0013535 0.0008057 0.0043158 0.0030458 0.0009283 0.0000000 0.0029634 0.0156904 0.0000000 0.0013579 0.0046563 0.1035265
141 F 141 0.0000000 0.0000000 0.0000000 0.0000000 0.0000000 0.0000000 0.0000000 0.0000000 0.0000000 0.0080274 0.0346004 0.0000000 0.0000000 0.8427893 0.0000000 0.0009255 0.0000000 0.0014721 0.0051126 0.0009979 0.1060747
142 V 142 0.0532889 0.0265495 0.0058162 0.0006146 0.0309633 0.0067327 0.0096173 0.0011140 0.0018587 0.1095585 0.2116962 0.0327264 0.0281074 0.0129557 0.0000000 0.0106900 0.0266777 0.0015221 0.0148734 0.3063405 0.1082969
143 Q 143 0.1976343 0.1443838 0.0338790 0.0196621 0.0063818 0.0512125 0.0543960 0.0099065 0.0311624 0.0089149 0.0082888 0.0999958 0.0122085 0.0019256 0.0096106 0.0515049 0.1119294 0.0019601 0.0131746 0.0181171 0.1137512
144 M 144 0.0754804 0.0100147 0.0013723 0.0000000 0.0009667 0.0013308 0.0005528 0.0012726 0.0106793 0.1539467 0.1228268 0.0109927 0.3827885 0.0126997 0.0010449 0.0029629 0.0057460 0.0007279 0.0011469 0.0812224 0.1222250
145 M 145 0.0090039 0.0005518 0.0029754 0.0000000 0.0091662 0.0000000 0.0000000 0.0000000 0.0006730 0.0639955 0.0831310 0.0005273 0.5708629 0.0081039 0.0000000 0.0129774 0.0495834 0.0011610 0.0029658 0.0502867 0.1340347
146 T 146 0.0838717 0.0913968 0.0088019 0.0006999 0.0021687 0.0365936 0.0063270 0.0359730 0.0092418 0.0157991 0.0504269 0.1358258 0.0835323 0.0008050 0.0009982 0.0670659 0.1675272 0.0029384 0.0012789 0.0343247 0.1644032
147 A 147 0.0835050 0.1024929 0.0224527 0.0151673 0.0014936 0.0396169 0.0302906 0.0472248 0.0899320 0.0047252 0.0063628 0.1578093 0.0090843 0.0000000 0.0237856 0.0822253 0.0543120 0.0008282 0.0018660 0.0056172 0.2212085
148 K 148 0.0049005 0.0407411 0.0106662 0.0068864 0.0032650 0.0317516 0.0063294 0.1618803 0.0090689 0.0105354 0.0547713 0.2189685 0.0313761 0.0071709 0.0100319 0.0070236 0.0028700 0.0035600 0.0069944 0.0036801 0.3675284
149 T 149 0.0257922 0.0116791 0.0845487 0.0101596 0.0016881 0.0109179 0.0063567 0.0279449 0.0092028 0.0460096 0.0502709 0.0198237 0.1048164 0.0023675 0.0020983 0.0327943 0.0711846 0.0006768 0.0077264 0.0120755 0.4618657
150 R 150 0.0255044 0.0710769 0.0170252 0.0092920 0.0005675 0.0374729 0.0354130 0.0274680 0.0036275 0.0030865 0.0361335 0.1327072 0.0012271 0.0020001 0.0215557 0.0337477 0.0110812 0.0000000 0.0031476 0.0101581 0.5177080
151 K 151 0.0315262 0.0135866 0.0261340 0.0884920 0.0000000 0.0318343 0.1148640 0.0317686 0.0038105 0.0137060 0.0247743 0.0328333 0.0214340 0.0008220 0.0059337 0.0100019 0.0101447 0.0015367 0.0016277 0.0096100 0.5255597
152 K 152 0.0264906 0.0517083 0.0300442 0.0482886 0.0047122 0.0153270 0.0863138 0.0142760 0.0048482 0.0115558 0.0202259 0.0491445 0.0051811 0.0067138 0.0095259 0.0132835 0.0442574 0.0009007 0.0011431 0.0078034 0.5482561
153 T 153 0.0065068 0.0425229 0.0412752 0.1656486 0.0008217 0.0101570 0.0148831 0.0207020 0.0012096 0.0011609 0.0043051 0.0155564 0.0013283 0.0000000 0.0099601 0.0427379 0.0597084 0.0000000 0.0015967 0.0027878 0.5571315
154 F 154 0.0284503 0.0199810 0.0090276 0.0637764 0.0024590 0.0131043 0.1497383 0.0038954 0.0007210 0.0063818 0.0058739 0.0066272 0.0039211 0.0065114 0.0484089 0.0355052 0.0246413 0.0028252 0.0022073 0.0042553 0.5616882
155 K 155 0.0096515 0.0298500 0.0030090 0.0638923 0.0000000 0.0321973 0.2161103 0.0057189 0.0012073 0.0000000 0.0014152 0.0526580 0.0000000 0.0031578 0.0000000 0.0032262 0.0042318 0.0000000 0.0000000 0.0015437 0.5721305
156 E 156 0.0025681 0.0026385 0.0184207 0.0497043 0.0006547 0.0081299 0.2413169 0.0016155 0.0483585 0.0000000 0.0043546 0.0080588 0.0023038 0.0012979 0.0000000 0.0007300 0.0125393 0.0000000 0.0090217 0.0012300 0.5870568
157 V 157 0.0008243 0.0046175 0.0009007 0.0000000 0.0059422 0.0000000 0.0014068 0.0000000 0.0000000 0.1157222 0.1883514 0.0009667 0.0295224 0.0133786 0.0000000 0.0073832 0.0023856 0.0000000 0.0069705 0.0264187 0.5952091
158 A 158 0.0157511 0.1540413 0.0034194 0.0073758 0.0000000 0.0168333 0.0054622 0.0022289 0.0084365 0.0127890 0.0602342 0.0417256 0.0148740 0.0141226 0.0022391 0.0067724 0.0041865 0.0021970 0.0162783 0.0127144 0.5983185
159 N 159 0.0366803 0.0291482 0.0260843 0.0447991 0.0000000 0.0087800 0.1286542 0.0007547 0.0020794 0.0062172 0.0080056 0.0886892 0.0010993 0.0000000 0.0011582 0.0070837 0.0089114 0.0000000 0.0000000 0.0010790 0.6007761
160 A 160 0.2960333 0.0075085 0.0017853 0.0014460 0.0022948 0.0000000 0.0011652 0.0110662 0.0000000 0.0050346 0.0035966 0.0000000 0.0181300 0.0020854 0.0000000 0.0112905 0.0065304 0.0000000 0.0000000 0.0117174 0.6203158
161 V 161 0.0000000 0.0000000 0.0000000 0.0000000 0.0000000 0.0000000 0.0000000 0.0000000 0.0000000 0.0114298 0.0199624 0.0000000 0.0099929 0.3235610 0.0000000 0.0000000 0.0000000 0.0012767 0.0012345 0.0103073 0.6222354
162 K 162 0.0141160 0.1368991 0.0195595 0.0128290 0.0020581 0.0394005 0.0119418 0.0049330 0.0037031 0.0000000 0.0080766 0.0840104 0.0033318 0.0000000 0.0012671 0.0261122 0.0059387 0.0000000 0.0007107 0.0012378 0.6238748
163 I 163 0.0140205 0.0010484 0.0008854 0.0000000 0.0030237 0.0024938 0.0274851 0.0000000 0.0096645 0.0280095 0.0766923 0.0017162 0.0236195 0.0187510 0.0000000 0.0010545 0.0028232 0.0000000 0.0427117 0.1095721 0.6364287
164 S 164 0.0147830 0.0035385 0.0009804 0.0000000 0.0000000 0.0000000 0.0011505 0.0043075 0.0000000 0.0078564 0.0089837 0.0010269 0.0006804 0.2949736 0.0000000 0.0054244 0.0035980 0.0000000 0.0085617 0.0033582 0.6407766
165 A 165 0.0043127 0.0000000 0.0000000 0.3529049 0.0000000 0.0000000 0.0000000 0.0000000 0.0000000 0.0000000 0.0000000 0.0000000 0.0000000 0.0000000 0.0000000 0.0000000 0.0000000 0.0000000 0.0000000 0.0000000 0.6427824
166 S 166 0.0126963 0.0046230 0.0016603 0.0000000 0.0000000 0.0000000 0.0000000 0.0000000 0.0030191 0.0000000 0.0000000 0.0170531 0.0015418 0.0000000 0.0024911 0.0107796 0.0223203 0.0000000 0.0000000 0.0114930 0.9123223
167 L 167 0.0013815 0.0000000 0.0083094 0.0425917 0.0000000 0.0000000 0.0015946 0.0031618 0.0000000 0.0020211 0.0112493 0.0000000 0.0000000 0.0000000 0.0000000 0.0000000 0.0000000 0.0000000 0.0000000 0.0011848 0.9285057
168 M 168 0.0033166 0.0079122 0.0014512 0.0000000 0.0016293 0.0079023 0.0014777 0.0033739 0.0007050 0.0000000 0.0008477 0.0020836 0.0090331 0.0000000 0.0011848 0.0000000 0.0000000 0.0000000 0.0031618 0.0000000 0.9559208
169 G 169 0.0038390 0.0000000 0.0000000 0.0242924 0.0000000 0.0000000 0.0000000 0.0057639 0.0000000 0.0000000 0.0033739 0.0000000 0.0000000 0.0000000 0.0000000 0.0000000 0.0000000 0.0000000 0.0000000 0.0000000 0.9627308
170 T 170 0.0000000 0.0000000 0.0000000 0.0000000 0.0000000 0.0000000 0.0000000 0.0000000 0.0000000 0.0000000 0.0000000 0.0000000 0.0000000 0.0000000 0.0000000 0.0030191 0.0076866 0.0000000 0.0000000 0.0000000 0.9892943
