   97         A         R         N         D         C         Q         E         G         H         I         L         K         M         F         P         S         T         W         Y         V    
  1 P   1 0.0000000 0.0000000 0.0000000 0.0000000 0.0000000 0.0000000 0.0000000 0.0000000 0.0000000 0.0000000 0.0000000 0.0000000 0.0000000 0.0000000 1.0000000 0.0000000 0.0000000 0.0000000 0.0000000 0.0000000
  2 Q   2 0.0000000 0.0000000 0.0000000 0.0000000 0.0000000 0.9950954 0.0000000 0.0000000 0.0049046 0.0000000 0.0000000 0.0000000 0.0000000 0.0000000 0.0000000 0.0000000 0.0000000 0.0000000 0.0000000 0.0000000
  3 V   3 0.0000000 0.0000000 0.0000000 0.0000000 0.0000000 0.0000000 0.0000000 0.0000000 0.0000000 0.9701598 0.0000000 0.0093728 0.0000000 0.0023099 0.0000000 0.0000000 0.0058554 0.0000000 0.0000000 0.0123021
  4 T   4 0.0025196 0.0000000 0.0000000 0.0000000 0.0000000 0.0000000 0.0000000 0.0000000 0.0000000 0.0000000 0.0000000 0.0093367 0.0000000 0.0000000 0.0059035 0.0096995 0.9725407 0.0000000 0.0000000 0.0000000
  5 L   5 0.0000000 0.0000000 0.0000000 0.0000000 0.0000000 0.0000000 0.0000000 0.0000000 0.0000000 0.0000000 0.9798079 0.0000000 0.0000000 0.0041527 0.0000000 0.0000000 0.0000000 0.0000000 0.0000000 0.0160394
  6 W   6 0.0000000 0.0000000 0.0000000 0.0000000 0.0043889 0.0000000 0.0000000 0.0000000 0.0000000 0.0000000 0.0000000 0.0000000 0.0000000 0.0000000 0.0000000 0.0000000 0.0000000 0.9956111 0.0000000 0.0000000
  7 Q   7 0.0000000 0.0000000 0.0000000 0.0000000 0.0000000 0.9929164 0.0035117 0.0000000 0.0000000 0.0000000 0.0000000 0.0035719 0.0000000 0.0000000 0.0000000 0.0000000 0.0000000 0.0000000 0.0000000 0.0000000
  8 R   8 0.0000000 0.9873326 0.0000000 0.0000000 0.0000000 0.0083395 0.0000000 0.0043278 0.0000000 0.0000000 0.0000000 0.0000000 0.0000000 0.0000000 0.0000000 0.0000000 0.0000000 0.0000000 0.0000000 0.0000000
  9 P   9 0.0000000 0.0000000 0.0000000 0.0000000 0.0000000 0.0000000 0.0000000 0.0000000 0.0000000 0.0000000 0.0000000 0.0000000 0.0000000 0.0000000 0.9943451 0.0000000 0.0056549 0.0000000 0.0000000 0.0000000
 10 L  10 0.0000000 0.0012585 0.0000000 0.0000000 0.0017666 0.0000000 0.0000000 0.0029139 0.0019031 0.3723364 0.4147294 0.0097500 0.0014952 0.1232612 0.0000000 0.0000000 0.0010371 0.0000000 0.0069186 0.0626299
 11 V  11 0.0000000 0.0000000 0.0000000 0.0000000 0.0000000 0.0000000 0.0000000 0.0027619 0.0000000 0.0319221 0.0166197 0.0000000 0.0000000 0.0000000 0.0000000 0.0000000 0.0019287 0.0000000 0.0000000 0.9467675
 12 T  12 0.0176710 0.0010037 0.0080138 0.0044199 0.0000000 0.0043961 0.0071511 0.0000000 0.0000000 0.0089554 0.0000000 0.0197633 0.0009703 0.0000000 0.0192988 0.0476084 0.8575305 0.0000000 0.0000000 0.0032177
 13 I  13 0.0040264 0.0000000 0.0000000 0.0000000 0.0000000 0.0000000 0.0000000 0.0000000 0.0000000 0.6404658 0.0035249 0.0000000 0.0083920 0.0000000 0.0000000 0.0037099 0.0000000 0.0000000 0.0000000 0.3398810
 14 K  14 0.0000000 0.1126916 0.0052150 0.0000000 0.0000000 0.0000000 0.0000000 0.0000000 0.0000000 0.0000000 0.0000000 0.8752645 0.0028887 0.0000000 0.0000000 0.0000000 0.0039402 0.0000000 0.0000000 0.0000000
 15 I  15 0.0000000 0.0000000 0.0000000 0.0000000 0.0000000 0.0000000 0.0000000 0.0000000 0.0000000 0.6997601 0.0042932 0.0000000 0.0000000 0.0000000 0.0000000 0.0000000 0.0000000 0.0000000 0.0000000 0.2959467
 16 G  16 0.0289887 0.0000000 0.0000000 0.0000000 0.0000000 0.0041289 0.0485568 0.9183256 0.0000000 0.0000000 0.0000000 0.0000000 0.0000000 0.0000000 0.0000000 0.0000000 0.0000000 0.0000000 0.0000000 0.0000000
 17 G  17 0.0000000 0.0000000 0.0000000 0.0035113 0.0000000 0.0000000 0.0068659 0.9896229 0.0000000 0.0000000 0.0000000 0.0000000 0.0000000 0.0000000 0.0000000 0.0000000 0.0000000 0.0000000 0.0000000 0.0000000
 18 Q  18 0.0000000 0.0036193 0.0000000 0.0000000 0.0000000 0.9683680 0.0087365 0.0000000 0.0095978 0.0000000 0.0020272 0.0033722 0.0042790 0.0000000 0.0000000 0.0000000 0.0000000 0.0000000 0.0000000 0.0000000
 19 L  19 0.0000000 0.0000000 0.0000000 0.0000000 0.0000000 0.0175765 0.0031205 0.0000000 0.0000000 0.1120698 0.8135133 0.0029092 0.0019854 0.0000000 0.0063777 0.0012036 0.0147743 0.0000000 0.0000000 0.0264697
 20 K  20 0.0019623 0.2079165 0.0000000 0.0000000 0.0000000 0.0000000 0.0000000 0.0000000 0.0000000 0.0990172 0.0014484 0.6175030 0.0222520 0.0000000 0.0000000 0.0000000 0.0339110 0.0000000 0.0000000 0.0159894
 21 E  21 0.0000000 0.0000000 0.0000000 0.0000000 0.0000000 0.0000000 0.9943467 0.0000000 0.0000000 0.0000000 0.0000000 0.0056533 0.0000000 0.0000000 0.0000000 0.0000000 0.0000000 0.0000000 0.0000000 0.0000000
 22 A  22 0.9890247 0.0000000 0.0000000 0.0000000 0.0000000 0.0000000 0.0000000 0.0000000 0.0000000 0.0000000 0.0000000 0.0000000 0.0000000 0.0000000 0.0000000 0.0000000 0.0000000 0.0000000 0.0000000 0.0109753
 23 L  23 0.0000000 0.0000000 0.0000000 0.0000000 0.0000000 0.0000000 0.0000000 0.0000000 0.0000000 0.0191812 0.9808188 0.0000000 0.0000000 0.0000000 0.0000000 0.0000000 0.0000000 0.0000000 0.0000000 0.0000000
 24 L  24 0.0000000 0.0000000 0.0000000 0.0000000 0.0000000 0.0000000 0.0000000 0.0000000 0.0000000 0.0490125 0.9422843 0.0000000 0.0000000 0.0087032 0.0000000 0.0000000 0.0000000 0.0000000 0.0000000 0.0000000
 25 D  25 0.0000000 0.0000000 0.0000000 0.9922014 0.0000000 0.0000000 0.0046830 0.0000000 0.0000000 0.0000000 0.0000000 0.0000000 0.0000000 0.0000000 0.0000000 0.0000000 0.0000000 0.0000000 0.0000000 0.0031157
 26 T  26 0.0000000 0.0000000 0.0000000 0.0000000 0.0000000 0.0000000 0.0000000 0.0000000 0.0000000 0.0000000 0.0000000 0.0000000 0.0000000 0.0000000 0.0000000 0.0000000 1.0000000 0.0000000 0.0000000 0.0000000
 27 G  27 0.0000000 0.0000000 0.0000000 0.0000000 0.0000000 0.0000000 0.0000000 1.0000000 0.0000000 0.0000000 0.0000000 0.0000000 0.0000000 0.0000000 0.0000000 0.0000000 0.0000000 0.0000000 0.0000000 0.0000000
 28 A  28 1.0000000 0.0000000 0.0000000 0.0000000 0.0000000 0.0000000 0.0000000 0.0000000 0.0000000 0.0000000 0.0000000 0.0000000 0.0000000 0.0000000 0.0000000 0.0000000 0.0000000 0.0000000 0.0000000 0.0000000
 29 D  29 0.0000000 0.0000000 0.0000000 0.9908224 0.0000000 0.0000000 0.0091776 0.0000000 0.0000000 0.0000000 0.0000000 0.0000000 0.0000000 0.0000000 0.0000000 0.0000000 0.0000000 0.0000000 0.0000000 0.0000000
 30 D  30 0.0000000 0.0000000 0.0302482 0.9697518 0.0000000 0.0000000 0.0000000 0.0000000 0.0000000 0.0000000 0.0000000 0.0000000 0.0000000 0.0000000 0.0000000 0.0000000 0.0000000 0.0000000 0.0000000 0.0000000
 31 T  31 0.0000000 0.0000000 0.0000000 0.0000000 0.0000000 0.0000000 0.0000000 0.0000000 0.0000000 0.0000000 0.0000000 0.0000000 0.0000000 0.0000000 0.0000000 0.0000000 1.0000000 0.0000000 0.0000000 0.0000000
 32 V  32 0.0000000 0.0000000 0.0000000 0.0000000 0.0000000 0.0000000 0.0000000 0.0000000 0.0000000 0.0593940 0.0000000 0.0000000 0.0000000 0.0000000 0.0000000 0.0000000 0.0000000 0.0000000 0.0000000 0.9406060
 33 L  33 0.0000000 0.0000000 0.0000000 0.0000000 0.0000000 0.0000000 0.0000000 0.0000000 0.0000000 0.0266556 0.7752083 0.0000000 0.0037830 0.1875430 0.0000000 0.0000000 0.0000000 0.0000000 0.0000000 0.0068102
 34 E  34 0.0037474 0.0000000 0.0020111 0.0000000 0.0000000 0.0381534 0.9468192 0.0016517 0.0000000 0.0000000 0.0000000 0.0076172 0.0000000 0.0000000 0.0000000 0.0000000 0.0000000 0.0000000 0.0000000 0.0000000
 35 E  35 0.0015033 0.0000000 0.0131504 0.4248115 0.0000000 0.0037894 0.5473044 0.0060905 0.0000000 0.0000000 0.0000000 0.0033505 0.0000000 0.0000000 0.0000000 0.0000000 0.0000000 0.0000000 0.0000000 0.0000000
 36 M  36 0.0030458 0.0000000 0.0000000 0.0000000 0.0000000 0.0015581 0.0018130 0.0000000 0.0000000 0.5087884 0.0401655 0.0000000 0.4275797 0.0000000 0.0000000 0.0000000 0.0013805 0.0000000 0.0000000 0.0156690
 37 S  37 0.0038565 0.0000000 0.6459964 0.1884510 0.0056621 0.0027372 0.0321998 0.0000000 0.0085263 0.0000000 0.0000000 0.0081375 0.0000000 0.0000000 0.0000000 0.0895068 0.0126927 0.0000000 0.0022337 0.0000000
 38 L  38 0.0000000 0.0000000 0.0000000 0.0000000 0.0000000 0.0000000 0.0000000 0.0000000 0.0000000 0.0039710 0.9873570 0.0000000 0.0000000 0.0000000 0.0000000 0.0000000 0.0000000 0.0086720 0.0000000 0.0000000
 39 G  39 0.0000000 0.0000000 0.0000000 0.0000000 0.0000000 0.0000000 0.0000000 0.9945270 0.0000000 0.0000000 0.0000000 0.0000000 0.0000000 0.0000000 0.0054730 0.0000000 0.0000000 0.0000000 0.0000000 0.0000000
 40 R  40 0.0000000 0.5961311 0.0036169 0.0000000 0.0000000 0.0000000 0.0000000 0.0000000 0.0043365 0.0015003 0.0000000 0.3895379 0.0000000 0.0000000 0.0015650 0.0000000 0.0033122 0.0000000 0.0000000 0.0000000
 41 W  41 0.0000000 0.0000000 0.0000000 0.0000000 0.0000000 0.0000000 0.0000000 0.0000000 0.0000000 0.0000000 0.0000000 0.0000000 0.0000000 0.0000000 0.0000000 0.0000000 0.0000000 0.9952379 0.0047621 0.0000000
 42 K  42 0.0000000 0.0000000 0.0000000 0.0000000 0.0000000 0.0000000 0.0000000 0.0000000 0.0000000 0.0000000 0.0000000 0.8679871 0.0000000 0.0000000 0.1320129 0.0000000 0.0000000 0.0000000 0.0000000 0.0000000
 43 K  43 0.0000000 0.0231707 0.0000000 0.0000000 0.0000000 0.0084654 0.0000000 0.0000000 0.0000000 0.0000000 0.0000000 0.9620215 0.0000000 0.0000000 0.0063424 0.0000000 0.0000000 0.0000000 0.0000000 0.0000000
 44 M  44 0.0000000 0.0000000 0.0000000 0.0000000 0.0000000 0.0000000 0.0000000 0.0000000 0.0000000 0.1985942 0.0931279 0.0000000 0.7036632 0.0000000 0.0000000 0.0000000 0.0000000 0.0000000 0.0000000 0.0046147
 45 I  45 0.0071996 0.0000000 0.0000000 0.0000000 0.0000000 0.0000000 0.0000000 0.0000000 0.0000000 0.9387381 0.0000000 0.0000000 0.0000000 0.0000000 0.0000000 0.0000000 0.0000000 0.0000000 0.0000000 0.0540623
 46 G  46 0.0046534 0.0175106 0.0000000 0.0000000 0.0000000 0.0000000 0.0022428 0.9263742 0.0000000 0.0000000 0.0012435 0.0000000 0.0032310 0.0000000 0.0000000 0.0027540 0.0036952 0.0014623 0.0000000 0.0368331
 47 G  47 0.0000000 0.0173741 0.0000000 0.0000000 0.0000000 0.0000000 0.0032066 0.9794193 0.0000000 0.0000000 0.0000000 0.0000000 0.0000000 0.0000000 0.0000000 0.0000000 0.0000000 0.0000000 0.0000000 0.0000000
 48 I  48 0.0000000 0.0000000 0.0000000 0.0000000 0.0000000 0.0000000 0.0000000 0.0000000 0.0000000 0.9619378 0.0066180 0.0000000 0.0000000 0.0000000 0.0000000 0.0000000 0.0031138 0.0000000 0.0000000 0.0283304
 49 G  49 0.0071128 0.0173741 0.0000000 0.0000000 0.0000000 0.0000000 0.0000000 0.9755131 0.0000000 0.0000000 0.0000000 0.0000000 0.0000000 0.0000000 0.0000000 0.0000000 0.0000000 0.0000000 0.0000000 0.0000000
 50 G  50 0.0000000 0.0000000 0.0000000 0.0000000 0.0000000 0.0000000 0.0000000 0.9825203 0.0000000 0.0000000 0.0000000 0.0000000 0.0000000 0.0000000 0.0000000 0.0174797 0.0000000 0.0000000 0.0000000 0.0000000
 51 F  51 0.0000000 0.0000000 0.0000000 0.0000000 0.0000000 0.0000000 0.0000000 0.0000000 0.0000000 0.0020022 0.0541279 0.0000000 0.0000000 0.9386870 0.0000000 0.0000000 0.0000000 0.0029989 0.0021841 0.0000000
 52 I  52 0.0139263 0.0000000 0.0000000 0.0000000 0.0000000 0.0000000 0.0000000 0.0000000 0.0000000 0.5765885 0.0355655 0.0000000 0.0359250 0.0013616 0.0000000 0.0093552 0.0075697 0.0000000 0.0000000 0.3197083
 53 K  53 0.0000000 0.0661047 0.0061247 0.0000000 0.0000000 0.0000000 0.0000000 0.0000000 0.0031693 0.0000000 0.0000000 0.9246013 0.0000000 0.0000000 0.0000000 0.0000000 0.0000000 0.0000000 0.0000000 0.0000000
 54 V  54 0.0000000 0.0000000 0.0000000 0.0000000 0.0000000 0.0000000 0.0000000 0.0000000 0.0000000 0.0000000 0.0000000 0.0000000 0.0000000 0.0000000 0.0000000 0.0000000 0.0000000 0.0000000 0.0000000 1.0000000
 55 R  55 0.0000000 0.8147052 0.0000000 0.0000000 0.0000000 0.0000000 0.0000000 0.0000000 0.0000000 0.0000000 0.0000000 0.1852948 0.0000000 0.0000000 0.0000000 0.0000000 0.0000000 0.0000000 0.0000000 0.0000000
 56 Q  56 0.0000000 0.0000000 0.0000000 0.0000000 0.0000000 0.9356521 0.0643479 0.0000000 0.0000000 0.0000000 0.0000000 0.0000000 0.0000000 0.0000000 0.0000000 0.0000000 0.0000000 0.0000000 0.0000000 0.0000000
 57 Y  57 0.0000000 0.0000000 0.0000000 0.0000000 0.0000000 0.0000000 0.0000000 0.0000000 0.0000000 0.0000000 0.0000000 0.0000000 0.0000000 0.0000000 0.0000000 0.0076072 0.0000000 0.0000000 0.9923928 0.0000000
 58 D  58 0.0092440 0.0000000 0.0072075 0.8736503 0.0000000 0.0000000 0.1098982 0.0000000 0.0000000 0.0000000 0.0000000 0.0000000 0.0000000 0.0000000 0.0000000 0.0000000 0.0000000 0.0000000 0.0000000 0.0000000
 59 Q  59 0.0000000 0.0030691 0.0425036 0.0230559 0.0000000 0.8449897 0.0494815 0.0000000 0.0180482 0.0000000 0.0013283 0.0175238 0.0000000 0.0000000 0.0000000 0.0000000 0.0000000 0.0000000 0.0000000 0.0000000
 60 I  60 0.0000000 0.0000000 0.0000000 0.0000000 0.0000000 0.0000000 0.0000000 0.0000000 0.0000000 0.5577791 0.0000000 0.0000000 0.0000000 0.0000000 0.0000000 0.0099473 0.0000000 0.0000000 0.0000000 0.4322737
 61 L  61 0.0390343 0.0011390 0.0010031 0.0015122 0.0053725 0.0047808 0.0018410 0.0007873 0.0045619 0.0045626 0.1325913 0.0011999 0.0016104 0.0013875 0.7236986 0.0207117 0.0377709 0.0000000 0.0000000 0.0164347
 62 I  62 0.0000000 0.0000000 0.0000000 0.0000000 0.0000000 0.0000000 0.0000000 0.0000000 0.0000000 0.8280342 0.0278868 0.0000000 0.0273465 0.0000000 0.0000000 0.0000000 0.0000000 0.0000000 0.0000000 0.1167325
 63 E  63 0.0000000 0.0000000 0.0000000 0.0185920 0.0000000 0.0000000 0.9814080 0.0000000 0.0000000 0.0000000 0.0000000 0.0000000 0.0000000 0.0000000 0.0000000 0.0000000 0.0000000 0.0000000 0.0000000 0.0000000
 64 I  64 0.0000000 0.0000000 0.0000000 0.0000000 0.0000000 0.0000000 0.0000000 0.0000000 0.0000000 0.9768932 0.0000000 0.0000000 0.0000000 0.0140467 0.0000000 0.0000000 0.0000000 0.0000000 0.0000000 0.0090602
 65 A  65 0.0033184 0.0000000 0.0000000 0.0026984 0.9673049 0.0000000 0.0112939 0.0000000 0.0000000 0.0000000 0.0022742 0.0000000 0.0000000 0.0049936 0.0000000 0.0052220 0.0000000 0.0000000 0.0028945 0.0000000
 66 G  66 0.0000000 0.0175186 0.0000000 0.0023747 0.0000000 0.0000000 0.0038483 0.9762583 0.0000000 0.0000000 0.0000000 0.0000000 0.0000000 0.0000000 0.0000000 0.0000000 0.0000000 0.0000000 0.0000000 0.0000000
 67 H  67 0.0000000 0.0087297 0.0014745 0.0000000 0.0000000 0.0284886 0.0000000 0.0000000 0.7940236 0.0018169 0.0000000 0.1499050 0.0000000 0.0000000 0.0000000 0.0000000 0.0000000 0.0000000 0.0155616 0.0000000
 68 K  68 0.0000000 0.0266375 0.0035103 0.0000000 0.0000000 0.0000000 0.0053913 0.0000000 0.0000000 0.0000000 0.0000000 0.9560991 0.0000000 0.0000000 0.0000000 0.0000000 0.0083618 0.0000000 0.0000000 0.0000000
 69 A  69 0.5468673 0.0000000 0.0000000 0.0000000 0.0000000 0.0000000 0.0000000 0.0000000 0.0000000 0.0317910 0.0055818 0.0000000 0.0000000 0.0000000 0.0000000 0.0000000 0.0869761 0.0000000 0.0000000 0.3287837
 70 I  70 0.0000000 0.0062886 0.0000000 0.0000000 0.0000000 0.0000000 0.0085196 0.0000000 0.0000000 0.7949612 0.0430146 0.0029891 0.0150408 0.0000000 0.0000000 0.0000000 0.0451197 0.0000000 0.0000000 0.0840664
 71 G  71 0.0041564 0.0000000 0.0000000 0.0036156 0.0157218 0.0000000 0.0000000 0.8610598 0.0000000 0.0032391 0.0000000 0.0000000 0.0000000 0.0000000 0.0000000 0.0827286 0.0294787 0.0000000 0.0000000 0.0000000
 72 T  72 0.0115406 0.0000000 0.0000000 0.0000000 0.0000000 0.0000000 0.0000000 0.0000000 0.0000000 0.0000000 0.0000000 0.0020231 0.0000000 0.0000000 0.0246973 0.0649412 0.8967978 0.0000000 0.0000000 0.0000000
 73 V  73 0.0000000 0.0000000 0.0000000 0.0000000 0.0000000 0.0000000 0.0000000 0.0000000 0.0000000 0.0075761 0.0094150 0.0000000 0.0000000 0.0000000 0.0000000 0.0000000 0.0000000 0.0000000 0.0000000 0.9830089
 74 L  74 0.0000000 0.0000000 0.0000000 0.0000000 0.0000000 0.0000000 0.0000000 0.0000000 0.0000000 0.0000000 0.9585867 0.0000000 0.0000000 0.0000000 0.0000000 0.0000000 0.0000000 0.0000000 0.0000000 0.0414133
 75 V  75 0.0000000 0.0000000 0.0000000 0.0000000 0.0000000 0.0000000 0.0000000 0.0000000 0.0000000 0.2368859 0.0047683 0.0046900 0.0000000 0.0000000 0.0000000 0.0000000 0.0028282 0.0000000 0.0000000 0.7508276
 76 G  76 0.0000000 0.0000000 0.0000000 0.0000000 0.0000000 0.0000000 0.0000000 1.0000000 0.0000000 0.0000000 0.0000000 0.0000000 0.0000000 0.0000000 0.0000000 0.0000000 0.0000000 0.0000000 0.0000000 0.0000000
 77 P  77 0.0053168 0.0000000 0.0027196 0.0019460 0.0000000 0.0000000 0.0017394 0.0000000 0.0000000 0.0000000 0.0000000 0.0000000 0.0000000 0.0000000 0.9813171 0.0069611 0.0000000 0.0000000 0.0000000 0.0000000
 78 T  78 0.0000000 0.0000000 0.0000000 0.0000000 0.0000000 0.0000000 0.0000000 0.0000000 0.0000000 0.0000000 0.0000000 0.0000000 0.0000000 0.0000000 0.0154272 0.0000000 0.9845728 0.0000000 0.0000000 0.0000000
 79 P  79 0.0000000 0.0000000 0.0000000 0.0000000 0.0000000 0.0000000 0.0000000 0.0000000 0.0000000 0.0000000 0.0000000 0.0000000 0.0000000 0.0000000 1.0000000 0.0000000 0.0000000 0.0000000 0.0000000 0.0000000
 80 V  80 0.2964204 0.0000000 0.0000000 0.0000000 0.0084509 0.0000000 0.0000000 0.0018402 0.0000000 0.0449460 0.0023927 0.0000000 0.0049454 0.0166404 0.0000000 0.0119835 0.0235299 0.0000000 0.0000000 0.5888506
 81 N  81 0.0000000 0.0000000 0.9844728 0.0076502 0.0000000 0.0000000 0.0000000 0.0000000 0.0000000 0.0020482 0.0000000 0.0018924 0.0000000 0.0000000 0.0000000 0.0039365 0.0000000 0.0000000 0.0000000 0.0000000
 82 I  82 0.0024168 0.0000000 0.0000000 0.0000000 0.0000000 0.0000000 0.0000000 0.0000000 0.0000000 0.8455292 0.0000000 0.0058692 0.0000000 0.0000000 0.0000000 0.0000000 0.0000000 0.0000000 0.0000000 0.1461848
 83 I  83 0.0000000 0.0000000 0.0000000 0.0000000 0.0000000 0.0000000 0.0000000 0.0000000 0.0000000 0.9453122 0.0000000 0.0000000 0.0058820 0.0000000 0.0000000 0.0000000 0.0102651 0.0000000 0.0000000 0.0385408
 84 G  84 0.0000000 0.0174911 0.0000000 0.0000000 0.0000000 0.0000000 0.0000000 0.9825089 0.0000000 0.0000000 0.0000000 0.0000000 0.0000000 0.0000000 0.0000000 0.0000000 0.0000000 0.0000000 0.0000000 0.0000000
 85 R  85 0.0000000 0.9949311 0.0000000 0.0000000 0.0000000 0.0000000 0.0000000 0.0000000 0.0000000 0.0000000 0.0000000 0.0000000 0.0000000 0.0000000 0.0000000 0.0050689 0.0000000 0.0000000 0.0000000 0.0000000
 86 N  86 0.0000000 0.0000000 0.9626788 0.0301445 0.0000000 0.0000000 0.0000000 0.0032720 0.0000000 0.0000000 0.0000000 0.0000000 0.0000000 0.0000000 0.0000000 0.0039047 0.0000000 0.0000000 0.0000000 0.0000000
 87 L  87 0.0000000 0.0035182 0.0000000 0.0000000 0.0000000 0.0000000 0.0000000 0.0000000 0.0000000 0.0242672 0.7521537 0.0000000 0.1687607 0.0000000 0.0000000 0.0000000 0.0021492 0.0000000 0.0000000 0.0491509
 88 L  88 0.0000000 0.0000000 0.0000000 0.0000000 0.0000000 0.0000000 0.0000000 0.0000000 0.0000000 0.0000000 0.5994303 0.0000000 0.3884624 0.0000000 0.0000000 0.0024103 0.0000000 0.0096969 0.0000000 0.0000000
 89 T  89 0.0052197 0.0000000 0.0112854 0.0000000 0.0000000 0.0000000 0.0000000 0.0000000 0.0000000 0.0000000 0.0000000 0.0000000 0.0000000 0.0000000 0.0000000 0.0170113 0.9632545 0.0000000 0.0000000 0.0032291
 90 Q  90 0.0021654 0.0097817 0.0000000 0.0000000 0.0000000 0.9534417 0.0025586 0.0000000 0.0000000 0.0000000 0.0000000 0.0320526 0.0000000 0.0000000 0.0000000 0.0000000 0.0000000 0.0000000 0.0000000 0.0000000
 91 I  91 0.0000000 0.0014655 0.0000000 0.0000000 0.0000000 0.0000000 0.0000000 0.0000000 0.0000000 0.6146811 0.3665410 0.0000000 0.0099228 0.0022736 0.0000000 0.0000000 0.0035101 0.0000000 0.0000000 0.0016058
 92 G  92 0.0000000 0.0000000 0.0000000 0.0000000 0.0000000 0.0000000 0.0043735 0.9956265 0.0000000 0.0000000 0.0000000 0.0000000 0.0000000 0.0000000 0.0000000 0.0000000 0.0000000 0.0000000 0.0000000 0.0000000
 93 A  93 0.0033022 0.0019907 0.0000000 0.0000000 0.9798510 0.0000000 0.0000000 0.0000000 0.0000000 0.0000000 0.0000000 0.0000000 0.0000000 0.0119433 0.0000000 0.0000000 0.0000000 0.0000000 0.0000000 0.0029128
 94 T  94 0.0000000 0.0000000 0.0000000 0.0000000 0.0000000 0.0000000 0.0000000 0.0000000 0.0000000 0.0000000 0.0000000 0.0000000 0.0000000 0.0000000 0.0112726 0.0000000 0.9887274 0.0000000 0.0000000 0.0000000
 95 L  95 0.0000000 0.0000000 0.0000000 0.0000000 0.0000000 0.0000000 0.0000000 0.0000000 0.0000000 0.0030079 0.9857037 0.0000000 0.0000000 0.0112884 0.0000000 0.0000000 0.0000000 0.0000000 0.0000000 0.0000000
 96 N  96 0.0000000 0.0000000 0.9840485 0.0000000 0.0000000 0.0000000 0.0000000 0.0000000 0.0000000 0.0047296 0.0000000 0.0112220 0.0000000 0.0000000 0.0000000 0.0000000 0.0000000 0.0000000 0.0000000 0.0000000
 97 F  97 0.0000000 0.0000000 0.0000000 0.0000000 0.0000000 0.0000000 0.0000000 0.0000000 0.0000000 0.0000000 0.0000000 0.0000000 0.0000000 0.9956119 0.0000000 0.0000000 0.0000000 0.0000000 0.0043881 0.0000000
