   97         A         R         N         D         C         Q         E         G         H         I         L         K         M         F         P         S         T         W         Y         V         X    
  1 P   1 0.0000000 0.0000000 0.0000000 0.0000000 0.0000000 0.0000000 0.0000000 0.0000000 0.0000000 0.0000000 0.0000000 0.0000000 0.0000000 0.0000000 0.9631967 0.0000000 0.0000000 0.0000000 0.0000000 0.0000000 0.0368033
  2 Q   2 0.0000000 0.0000000 0.0000000 0.0000000 0.0000000 0.9654565 0.0000000 0.0000000 0.0042767 0.0000000 0.0000000 0.0000000 0.0000000 0.0000000 0.0000000 0.0000000 0.0000000 0.0000000 0.0000000 0.0000000 0.0302668
  3 V   3 0.0000000 0.0000000 0.0000000 0.0000000 0.0000000 0.0000000 0.0000000 0.0000000 0.0000000 0.9357293 0.0000000 0.0088545 0.0000000 0.0023678 0.0000000 0.0000000 0.0056767 0.0000000 0.0000000 0.0117417 0.0356300
  4 T   4 0.0025703 0.0000000 0.0000000 0.0000000 0.0000000 0.0000000 0.0000000 0.0000000 0.0000000 0.0000000 0.0000000 0.0088545 0.0000000 0.0000000 0.0059633 0.0096213 0.9484797 0.0000000 0.0000000 0.0000000 0.0245109
  5 L   5 0.0000000 0.0000000 0.0000000 0.0000000 0.0000000 0.0000000 0.0000000 0.0000000 0.0000000 0.0000000 0.9657123 0.0000000 0.0000000 0.0040239 0.0000000 0.0000000 0.0000000 0.0000000 0.0000000 0.0146472 0.0156165
  6 W   6 0.0000000 0.0000000 0.0000000 0.0000000 0.0038341 0.0000000 0.0000000 0.0000000 0.0000000 0.0000000 0.0000000 0.0000000 0.0000000 0.0000000 0.0000000 0.0000000 0.0000000 0.9914604 0.0000000 0.0000000 0.0047055
  7 Q   7 0.0000000 0.0000000 0.0000000 0.0000000 0.0000000 0.9819208 0.0033725 0.0000000 0.0000000 0.0000000 0.0000000 0.0034974 0.0000000 0.0000000 0.0000000 0.0000000 0.0000000 0.0000000 0.0000000 0.0000000 0.0112093
  8 R   8 0.0000000 0.9753012 0.0000000 0.0000000 0.0000000 0.0095969 0.0000000 0.0041547 0.0000000 0.0000000 0.0000000 0.0000000 0.0000000 0.0000000 0.0000000 0.0000000 0.0000000 0.0000000 0.0000000 0.0000000 0.0109473
  9 P   9 0.0000000 0.0000000 0.0000000 0.0000000 0.0000000 0.0000000 0.0000000 0.0000000 0.0000000 0.0000000 0.0000000 0.0000000 0.0000000 0.0000000 0.9930203 0.0000000 0.0069797 0.0000000 0.0000000 0.0000000 0.0000000
 10 L  10 0.0000000 0.0012686 0.0000000 0.0000000 0.0018220 0.0000000 0.0000000 0.0029624 0.0018872 0.3496250 0.3926093 0.0089203 0.0014949 0.1172990 0.0000000 0.0000000 0.0013104 0.0000000 0.0062684 0.0599666 0.0545660
 11 V  11 0.0000000 0.0000000 0.0000000 0.0000000 0.0000000 0.0000000 0.0000000 0.0029406 0.0000000 0.0318545 0.0162615 0.0000000 0.0000000 0.0000000 0.0000000 0.0000000 0.0020223 0.0000000 0.0000000 0.9349974 0.0119237
 12 T  12 0.0194462 0.0011103 0.0092265 0.0049859 0.0000000 0.0048334 0.0069770 0.0000000 0.0000000 0.0089738 0.0000000 0.0187758 0.0010640 0.0000000 0.0191209 0.0485656 0.8387770 0.0000000 0.0000000 0.0033016 0.0148421
 13 I  13 0.0040229 0.0000000 0.0000000 0.0000000 0.0000000 0.0000000 0.0000000 0.0000000 0.0000000 0.6209813 0.0036383 0.0000000 0.0084619 0.0000000 0.0000000 0.0039263 0.0000000 0.0000000 0.0000000 0.3379349 0.0210344
 14 K  14 0.0000000 0.1075805 0.0052229 0.0000000 0.0000000 0.0000000 0.0000000 0.0000000 0.0000000 0.0000000 0.0000000 0.8618308 0.0030240 0.0000000 0.0000000 0.0000000 0.0040450 0.0000000 0.0000000 0.0000000 0.0182969
 15 I  15 0.0000000 0.0000000 0.0000000 0.0000000 0.0000000 0.0000000 0.0000000 0.0000000 0.0000000 0.6839755 0.0040879 0.0000000 0.0000000 0.0000000 0.0000000 0.0000000 0.0000000 0.0000000 0.0000000 0.2905280 0.0214086
 16 G  16 0.0289502 0.0000000 0.0000000 0.0000000 0.0000000 0.0044534 0.0496230 0.9102899 0.0000000 0.0000000 0.0000000 0.0000000 0.0000000 0.0000000 0.0000000 0.0000000 0.0000000 0.0000000 0.0000000 0.0000000 0.0066835
 17 G  17 0.0000000 0.0000000 0.0000000 0.0034122 0.0000000 0.0000000 0.0068084 0.9864425 0.0000000 0.0000000 0.0000000 0.0000000 0.0000000 0.0000000 0.0000000 0.0000000 0.0000000 0.0000000 0.0000000 0.0000000 0.0033369
 18 Q  18 0.0000000 0.0039052 0.0000000 0.0000000 0.0000000 0.9644227 0.0084617 0.0000000 0.0098185 0.0000000 0.0021545 0.0035064 0.0041176 0.0000000 0.0000000 0.0000000 0.0000000 0.0000000 0.0000000 0.0000000 0.0036134
 19 L  19 0.0000000 0.0000000 0.0000000 0.0000000 0.0000000 0.0175155 0.0032121 0.0000000 0.0000000 0.1083662 0.7957011 0.0030322 0.0020062 0.0000000 0.0061853 0.0012381 0.0141160 0.0000000 0.0000000 0.0274085 0.0212188
 20 K  20 0.0019134 0.2020426 0.0000000 0.0000000 0.0000000 0.0000000 0.0000000 0.0000000 0.0000000 0.0966097 0.0015380 0.5909573 0.0221961 0.0000000 0.0000000 0.0000000 0.0326117 0.0000000 0.0000000 0.0172249 0.0349063
 21 E  21 0.0000000 0.0000000 0.0000000 0.0000000 0.0000000 0.0000000 0.9931738 0.0000000 0.0000000 0.0000000 0.0000000 0.0068262 0.0000000 0.0000000 0.0000000 0.0000000 0.0000000 0.0000000 0.0000000 0.0000000 0.0000000
 22 A  22 0.9829595 0.0000000 0.0000000 0.0000000 0.0000000 0.0000000 0.0000000 0.0000000 0.0000000 0.0000000 0.0000000 0.0000000 0.0000000 0.0000000 0.0000000 0.0000000 0.0000000 0.0000000 0.0000000 0.0106448 0.0063956
 23 L  23 0.0000000 0.0000000 0.0000000 0.0000000 0.0000000 0.0000000 0.0000000 0.0000000 0.0000000 0.0174490 0.9773775 0.0000000 0.0000000 0.0000000 0.0000000 0.0000000 0.0000000 0.0000000 0.0000000 0.0000000 0.0051735
 24 L  24 0.0000000 0.0000000 0.0000000 0.0000000 0.0000000 0.0000000 0.0000000 0.0000000 0.0000000 0.0489425 0.9389976 0.0000000 0.0000000 0.0085189 0.0000000 0.0000000 0.0000000 0.0000000 0.0000000 0.0000000 0.0035411
 25 D  25 0.0000000 0.0000000 0.0000000 0.9891353 0.0000000 0.0000000 0.0047063 0.0000000 0.0000000 0.0000000 0.0000000 0.0000000 0.0000000 0.0000000 0.0000000 0.0000000 0.0000000 0.0000000 0.0000000 0.0030263 0.0031321
 26 T  26 0.0000000 0.0000000 0.0000000 0.0000000 0.0000000 0.0000000 0.0000000 0.0000000 0.0000000 0.0000000 0.0000000 0.0000000 0.0000000 0.0000000 0.0000000 0.0000000 1.0000000 0.0000000 0.0000000 0.0000000 0.0000000
 27 G  27 0.0000000 0.0000000 0.0000000 0.0000000 0.0000000 0.0000000 0.0000000 0.9939267 0.0000000 0.0000000 0.0000000 0.0000000 0.0000000 0.0000000 0.0000000 0.0000000 0.0000000 0.0000000 0.0000000 0.0000000 0.0060733
 28 A  28 1.0000000 0.0000000 0.0000000 0.0000000 0.0000000 0.0000000 0.0000000 0.0000000 0.0000000 0.0000000 0.0000000 0.0000000 0.0000000 0.0000000 0.0000000 0.0000000 0.0000000 0.0000000 0.0000000 0.0000000 0.0000000
 29 D  29 0.0000000 0.0000000 0.0000000 0.9869968 0.0000000 0.0000000 0.0088545 0.0000000 0.0000000 0.0000000 0.0000000 0.0000000 0.0000000 0.0000000 0.0000000 0.0000000 0.0000000 0.0000000 0.0000000 0.0000000 0.0041487
 30 D  30 0.0000000 0.0000000 0.0303459 0.9658055 0.0000000 0.0000000 0.0000000 0.0000000 0.0000000 0.0000000 0.0000000 0.0000000 0.0000000 0.0000000 0.0000000 0.0000000 0.0000000 0.0000000 0.0000000 0.0000000 0.0038486
 31 T  31 0.0000000 0.0000000 0.0000000 0.0000000 0.0000000 0.0000000 0.0000000 0.0000000 0.0000000 0.0000000 0.0000000 0.0000000 0.0000000 0.0000000 0.0000000 0.0000000 0.9941801 0.0000000 0.0000000 0.0000000 0.0058199
 32 V  32 0.0000000 0.0000000 0.0000000 0.0000000 0.0000000 0.0000000 0.0000000 0.0000000 0.0000000 0.0589695 0.0000000 0.0000000 0.0000000 0.0000000 0.0000000 0.0000000 0.0000000 0.0000000 0.0000000 0.9214524 0.0195781
 33 L  33 0.0000000 0.0000000 0.0000000 0.0000000 0.0000000 0.0000000 0.0000000 0.0000000 0.0000000 0.0253538 0.7607679 0.0000000 0.0036057 0.1873671 0.0000000 0.0000000 0.0000000 0.0000000 0.0000000 0.0066858 0.0162198
 34 E  34 0.0036727 0.0000000 0.0019554 0.0000000 0.0000000 0.0377761 0.9409794 0.0015916 0.0000000 0.0000000 0.0000000 0.0076488 0.0000000 0.0000000 0.0000000 0.0000000 0.0000000 0.0000000 0.0000000 0.0000000 0.0063761
 35 E  35 0.0014740 0.0000000 0.0132801 0.4235689 0.0000000 0.0038489 0.5295100 0.0059769 0.0000000 0.0000000 0.0000000 0.0034536 0.0000000 0.0000000 0.0000000 0.0000000 0.0000000 0.0000000 0.0000000 0.0000000 0.0188876
 36 M  36 0.0031359 0.0000000 0.0000000 0.0000000 0.0000000 0.0016349 0.0019194 0.0000000 0.0000000 0.4913937 0.0390704 0.0000000 0.4179428 0.0000000 0.0000000 0.0000000 0.0014888 0.0000000 0.0000000 0.0157257 0.0276884
 37 S  37 0.0038503 0.0000000 0.6418370 0.1879426 0.0055984 0.0028198 0.0321138 0.0000000 0.0087228 0.0000000 0.0000000 0.0082909 0.0000000 0.0000000 0.0000000 0.0807517 0.0125945 0.0000000 0.0023134 0.0000000 0.0131648
 38 L  38 0.0000000 0.0000000 0.0000000 0.0000000 0.0000000 0.0000000 0.0000000 0.0000000 0.0000000 0.0039232 0.9822028 0.0000000 0.0000000 0.0000000 0.0000000 0.0000000 0.0000000 0.0085225 0.0000000 0.0000000 0.0053516
 39 G  39 0.0000000 0.0000000 0.0000000 0.0000000 0.0000000 0.0000000 0.0000000 0.9897547 0.0000000 0.0000000 0.0000000 0.0000000 0.0000000 0.0000000 0.0049310 0.0000000 0.0000000 0.0000000 0.0000000 0.0000000 0.0053143
 40 R  40 0.0000000 0.5867130 0.0037312 0.0000000 0.0000000 0.0000000 0.0000000 0.0000000 0.0039902 0.0018890 0.0000000 0.3843701 0.0000000 0.0000000 0.0016915 0.0000000 0.0034334 0.0000000 0.0000000 0.0000000 0.0141817
 41 W  41 0.0000000 0.0000000 0.0000000 0.0000000 0.0000000 0.0000000 0.0000000 0.0000000 0.0000000 0.0000000 0.0000000 0.0000000 0.0000000 0.0000000 0.0000000 0.0000000 0.0000000 0.9940697 0.0059303 0.0000000 0.0000000
 42 K  42 0.0000000 0.0000000 0.0000000 0.0000000 0.0000000 0.0000000 0.0000000 0.0000000 0.0000000 0.0000000 0.0000000 0.8710718 0.0000000 0.0000000 0.1289282 0.0000000 0.0000000 0.0000000 0.0000000 0.0000000 0.0000000
 43 K  43 0.0000000 0.0259272 0.0000000 0.0000000 0.0000000 0.0084254 0.0000000 0.0000000 0.0000000 0.0000000 0.0000000 0.9585569 0.0000000 0.0000000 0.0070905 0.0000000 0.0000000 0.0000000 0.0000000 0.0000000 0.0000000
 44 M  44 0.0000000 0.0000000 0.0000000 0.0000000 0.0000000 0.0000000 0.0000000 0.0000000 0.0000000 0.1955730 0.0913429 0.0000000 0.6928026 0.0000000 0.0000000 0.0000000 0.0000000 0.0000000 0.0000000 0.0043183 0.0159633
 45 I  45 0.0070361 0.0000000 0.0000000 0.0000000 0.0000000 0.0000000 0.0000000 0.0000000 0.0000000 0.9325374 0.0000000 0.0000000 0.0000000 0.0000000 0.0000000 0.0000000 0.0000000 0.0000000 0.0000000 0.0539932 0.0064333
 46 G  46 0.0046980 0.0179569 0.0000000 0.0000000 0.0000000 0.0000000 0.0022270 0.9160763 0.0000000 0.0000000 0.0013857 0.0000000 0.0034029 0.0000000 0.0000000 0.0030515 0.0034424 0.0016276 0.0000000 0.0374971 0.0086348
 47 G  47 0.0000000 0.0179569 0.0000000 0.0000000 0.0000000 0.0000000 0.0039592 0.9780840 0.0000000 0.0000000 0.0000000 0.0000000 0.0000000 0.0000000 0.0000000 0.0000000 0.0000000 0.0000000 0.0000000 0.0000000 0.0000000
 48 I  48 0.0000000 0.0000000 0.0000000 0.0000000 0.0000000 0.0000000 0.0000000 0.0000000 0.0000000 0.9545856 0.0069030 0.0000000 0.0000000 0.0000000 0.0000000 0.0000000 0.0031467 0.0000000 0.0000000 0.0279069 0.0074579
 49 G  49 0.0073360 0.0179569 0.0000000 0.0000000 0.0000000 0.0000000 0.0000000 0.9747072 0.0000000 0.0000000 0.0000000 0.0000000 0.0000000 0.0000000 0.0000000 0.0000000 0.0000000 0.0000000 0.0000000 0.0000000 0.0000000
 50 G  50 0.0000000 0.0000000 0.0000000 0.0000000 0.0000000 0.0000000 0.0000000 0.9759871 0.0000000 0.0000000 0.0000000 0.0000000 0.0000000 0.0000000 0.0000000 0.0179569 0.0000000 0.0000000 0.0000000 0.0000000 0.0060561
 51 F  51 0.0000000 0.0000000 0.0000000 0.0000000 0.0000000 0.0000000 0.0000000 0.0000000 0.0000000 0.0021089 0.0542037 0.0000000 0.0000000 0.9314272 0.0000000 0.0000000 0.0000000 0.0031398 0.0023198 0.0000000 0.0068004
 52 I  52 0.0138218 0.0000000 0.0000000 0.0000000 0.0000000 0.0000000 0.0000000 0.0000000 0.0000000 0.5699708 0.0358180 0.0000000 0.0362936 0.0014963 0.0000000 0.0098406 0.0075030 0.0000000 0.0000000 0.3165202 0.0087356
 53 K  53 0.0000000 0.0645312 0.0060988 0.0000000 0.0000000 0.0000000 0.0000000 0.0000000 0.0031683 0.0000000 0.0000000 0.9153390 0.0000000 0.0000000 0.0000000 0.0000000 0.0000000 0.0000000 0.0000000 0.0000000 0.0108627
 54 V  54 0.0000000 0.0000000 0.0000000 0.0000000 0.0000000 0.0000000 0.0000000 0.0000000 0.0000000 0.0000000 0.0000000 0.0000000 0.0000000 0.0000000 0.0000000 0.0000000 0.0000000 0.0000000 0.0000000 1.0000000 0.0000000
 55 R  55 0.0000000 0.7942798 0.0000000 0.0000000 0.0000000 0.0000000 0.0000000 0.0000000 0.0000000 0.0000000 0.0000000 0.1844355 0.0000000 0.0000000 0.0000000 0.0000000 0.0000000 0.0000000 0.0000000 0.0000000 0.0212847
 56 Q  56 0.0000000 0.0000000 0.0000000 0.0000000 0.0000000 0.9317624 0.0624586 0.0000000 0.0000000 0.0000000 0.0000000 0.0000000 0.0000000 0.0000000 0.0000000 0.0000000 0.0000000 0.0000000 0.0000000 0.0000000 0.0057790
 57 Y  57 0.0000000 0.0000000 0.0000000 0.0000000 0.0000000 0.0000000 0.0000000 0.0000000 0.0000000 0.0000000 0.0000000 0.0000000 0.0000000 0.0000000 0.0000000 0.0087878 0.0000000 0.0000000 0.9912122 0.0000000 0.0000000
 58 D  58 0.0102805 0.0000000 0.0065755 0.8557239 0.0000000 0.0000000 0.1082992 0.0000000 0.0000000 0.0000000 0.0000000 0.0000000 0.0000000 0.0000000 0.0000000 0.0000000 0.0000000 0.0000000 0.0000000 0.0000000 0.0191209
 59 Q  59 0.0000000 0.0030580 0.0419009 0.0198904 0.0000000 0.8430196 0.0499170 0.0000000 0.0178470 0.0000000 0.0012502 0.0180082 0.0000000 0.0000000 0.0000000 0.0000000 0.0000000 0.0000000 0.0000000 0.0000000 0.0051088
 60 I  60 0.0000000 0.0000000 0.0000000 0.0000000 0.0000000 0.0000000 0.0000000 0.0000000 0.0000000 0.5321278 0.0000000 0.0000000 0.0000000 0.0000000 0.0000000 0.0091362 0.0000000 0.0000000 0.0000000 0.4249913 0.0337448
 61 L  61 0.0339478 0.0012012 0.0010981 0.0015604 0.0052570 0.0047729 0.0018897 0.0008656 0.0044877 0.0050439 0.1249304 0.0013034 0.0016694 0.0014379 0.7240343 0.0219681 0.0317530 0.0000000 0.0000000 0.0155057 0.0172736
 62 I  62 0.0000000 0.0000000 0.0000000 0.0000000 0.0000000 0.0000000 0.0000000 0.0000000 0.0000000 0.8128104 0.0289287 0.0000000 0.0279690 0.0000000 0.0000000 0.0000000 0.0000000 0.0000000 0.0000000 0.1151615 0.0151304
 63 E  63 0.0000000 0.0000000 0.0000000 0.0177778 0.0000000 0.0000000 0.9768320 0.0000000 0.0000000 0.0000000 0.0000000 0.0000000 0.0000000 0.0000000 0.0000000 0.0000000 0.0000000 0.0000000 0.0000000 0.0000000 0.0053902
 64 I  64 0.0000000 0.0000000 0.0000000 0.0000000 0.0000000 0.0000000 0.0000000 0.0000000 0.0000000 0.9688927 0.0000000 0.0000000 0.0000000 0.0133947 0.0000000 0.0000000 0.0000000 0.0000000 0.0000000 0.0091865 0.0085260
 65 A  65 0.0035884 0.0000000 0.0000000 0.0028511 0.9591418 0.0000000 0.0109000 0.0000000 0.0000000 0.0000000 0.0024140 0.0000000 0.0000000 0.0054433 0.0000000 0.0053544 0.0000000 0.0000000 0.0030630 0.0000000 0.0072442
 66 G  66 0.0000000 0.0179569 0.0000000 0.0024140 0.0000000 0.0000000 0.0038702 0.9681656 0.0000000 0.0000000 0.0000000 0.0000000 0.0000000 0.0000000 0.0000000 0.0000000 0.0000000 0.0000000 0.0000000 0.0000000 0.0075933
 67 H  67 0.0000000 0.0090472 0.0016006 0.0000000 0.0000000 0.0286105 0.0000000 0.0000000 0.7819300 0.0019775 0.0000000 0.1519123 0.0000000 0.0000000 0.0000000 0.0000000 0.0000000 0.0000000 0.0162159 0.0000000 0.0087058
 68 K  68 0.0000000 0.0270467 0.0037582 0.0000000 0.0000000 0.0000000 0.0053771 0.0000000 0.0000000 0.0000000 0.0000000 0.9490449 0.0000000 0.0000000 0.0000000 0.0000000 0.0096497 0.0000000 0.0000000 0.0000000 0.0051234
 69 A  69 0.5287651 0.0000000 0.0000000 0.0000000 0.0000000 0.0000000 0.0000000 0.0000000 0.0000000 0.0309283 0.0055988 0.0000000 0.0000000 0.0000000 0.0000000 0.0000000 0.0837236 0.0000000 0.0000000 0.3239586 0.0270256
 70 I  70 0.0000000 0.0061449 0.0000000 0.0000000 0.0000000 0.0000000 0.0082846 0.0000000 0.0000000 0.7665323 0.0427845 0.0029672 0.0150117 0.0000000 0.0000000 0.0000000 0.0446322 0.0000000 0.0000000 0.0815085 0.0321340
 71 G  71 0.0042394 0.0000000 0.0000000 0.0037714 0.0159389 0.0000000 0.0000000 0.8502165 0.0000000 0.0031932 0.0000000 0.0000000 0.0000000 0.0000000 0.0000000 0.0828557 0.0298681 0.0000000 0.0000000 0.0000000 0.0099168
 72 T  72 0.0115776 0.0000000 0.0000000 0.0000000 0.0000000 0.0000000 0.0000000 0.0000000 0.0000000 0.0000000 0.0000000 0.0021053 0.0000000 0.0000000 0.0243434 0.0638641 0.8878009 0.0000000 0.0000000 0.0000000 0.0103087
 73 V  73 0.0000000 0.0000000 0.0000000 0.0000000 0.0000000 0.0000000 0.0000000 0.0000000 0.0000000 0.0074790 0.0105012 0.0000000 0.0000000 0.0000000 0.0000000 0.0000000 0.0000000 0.0000000 0.0000000 0.9763262 0.0056936
 74 L  74 0.0000000 0.0000000 0.0000000 0.0000000 0.0000000 0.0000000 0.0000000 0.0000000 0.0000000 0.0000000 0.9537265 0.0000000 0.0000000 0.0000000 0.0000000 0.0000000 0.0000000 0.0000000 0.0000000 0.0407586 0.0055148
 75 V  75 0.0000000 0.0000000 0.0000000 0.0000000 0.0000000 0.0000000 0.0000000 0.0000000 0.0000000 0.2313601 0.0047063 0.0037699 0.0000000 0.0000000 0.0000000 0.0000000 0.0027898 0.0000000 0.0000000 0.7369535 0.0204203
 76 G  76 0.0000000 0.0000000 0.0000000 0.0000000 0.0000000 0.0000000 0.0000000 0.9909918 0.0000000 0.0000000 0.0000000 0.0000000 0.0000000 0.0000000 0.0000000 0.0000000 0.0000000 0.0000000 0.0000000 0.0000000 0.0090082
 77 P  77 0.0053930 0.0000000 0.0028245 0.0020976 0.0000000 0.0000000 0.0018606 0.0000000 0.0000000 0.0000000 0.0000000 0.0000000 0.0000000 0.0000000 0.9775128 0.0071165 0.0000000 0.0000000 0.0000000 0.0000000 0.0031950
 78 T  78 0.0000000 0.0000000 0.0000000 0.0000000 0.0000000 0.0000000 0.0000000 0.0000000 0.0000000 0.0000000 0.0000000 0.0000000 0.0000000 0.0000000 0.0148129 0.0000000 0.9778511 0.0000000 0.0000000 0.0000000 0.0073360
 79 P  79 0.0000000 0.0000000 0.0000000 0.0000000 0.0000000 0.0000000 0.0000000 0.0000000 0.0000000 0.0000000 0.0000000 0.0000000 0.0000000 0.0000000 0.9945477 0.0000000 0.0000000 0.0000000 0.0000000 0.0000000 0.0054523
 80 V  80 0.2913615 0.0000000 0.0000000 0.0000000 0.0085735 0.0000000 0.0000000 0.0019711 0.0000000 0.0466081 0.0025164 0.0000000 0.0050125 0.0164538 0.0000000 0.0119188 0.0237306 0.0000000 0.0000000 0.5799696 0.0118840
 81 N  81 0.0000000 0.0000000 0.9776732 0.0081160 0.0000000 0.0000000 0.0000000 0.0000000 0.0000000 0.0021584 0.0000000 0.0024290 0.0000000 0.0000000 0.0000000 0.0039467 0.0000000 0.0000000 0.0000000 0.0000000 0.0056767
 82 I  82 0.0024475 0.0000000 0.0000000 0.0000000 0.0000000 0.0000000 0.0000000 0.0000000 0.0000000 0.8383388 0.0000000 0.0059062 0.0000000 0.0000000 0.0000000 0.0000000 0.0000000 0.0000000 0.0000000 0.1473997 0.0059078
 83 I  83 0.0000000 0.0000000 0.0000000 0.0000000 0.0000000 0.0000000 0.0000000 0.0000000 0.0000000 0.9359155 0.0000000 0.0000000 0.0059062 0.0000000 0.0000000 0.0000000 0.0114001 0.0000000 0.0000000 0.0386614 0.0081168
 84 G  84 0.0000000 0.0179569 0.0000000 0.0000000 0.0000000 0.0000000 0.0000000 0.9760611 0.0000000 0.0000000 0.0000000 0.0000000 0.0000000 0.0000000 0.0000000 0.0000000 0.0000000 0.0000000 0.0000000 0.0000000 0.0059820
 85 R  85 0.0000000 0.9892030 0.0000000 0.0000000 0.0000000 0.0000000 0.0000000 0.0000000 0.0000000 0.0000000 0.0000000 0.0000000 0.0000000 0.0000000 0.0000000 0.0046559 0.0000000 0.0000000 0.0000000 0.0000000 0.0061410
 86 N  86 0.0000000 0.0000000 0.9602169 0.0298006 0.0000000 0.0000000 0.0000000 0.0028784 0.0000000 0.0000000 0.0000000 0.0000000 0.0000000 0.0000000 0.0000000 0.0035749 0.0000000 0.0000000 0.0000000 0.0000000 0.0035293
 87 L  87 0.0000000 0.0037582 0.0000000 0.0000000 0.0000000 0.0000000 0.0000000 0.0000000 0.0000000 0.0236214 0.7449225 0.0000000 0.1687706 0.0000000 0.0000000 0.0000000 0.0022789 0.0000000 0.0000000 0.0492970 0.0073514
 88 L  88 0.0000000 0.0000000 0.0000000 0.0000000 0.0000000 0.0000000 0.0000000 0.0000000 0.0000000 0.0000000 0.5927780 0.0000000 0.3869290 0.0000000 0.0000000 0.0024597 0.0000000 0.0091362 0.0000000 0.0000000 0.0086971
 89 T  89 0.0051703 0.0000000 0.0106049 0.0000000 0.0000000 0.0000000 0.0000000 0.0000000 0.0000000 0.0000000 0.0000000 0.0000000 0.0000000 0.0000000 0.0000000 0.0174232 0.9558984 0.0000000 0.0000000 0.0033295 0.0075737
 90 Q  90 0.0022922 0.0094270 0.0000000 0.0000000 0.0000000 0.9458495 0.0026217 0.0000000 0.0000000 0.0000000 0.0000000 0.0330587 0.0000000 0.0000000 0.0000000 0.0000000 0.0000000 0.0000000 0.0000000 0.0000000 0.0067508
 91 I  91 0.0000000 0.0014589 0.0000000 0.0000000 0.0000000 0.0000000 0.0000000 0.0000000 0.0000000 0.6121442 0.3652042 0.0000000 0.0099796 0.0022674 0.0000000 0.0000000 0.0035303 0.0000000 0.0000000 0.0016100 0.0038053
 92 G  92 0.0000000 0.0000000 0.0000000 0.0000000 0.0000000 0.0000000 0.0037576 0.9853670 0.0000000 0.0000000 0.0000000 0.0000000 0.0000000 0.0000000 0.0000000 0.0000000 0.0000000 0.0000000 0.0000000 0.0000000 0.0108754
 93 A  93 0.0035884 0.0021208 0.0000000 0.0000000 0.9768758 0.0000000 0.0000000 0.0000000 0.0000000 0.0000000 0.0000000 0.0000000 0.0000000 0.0121403 0.0000000 0.0000000 0.0000000 0.0000000 0.0000000 0.0029580 0.0023166
 94 T  94 0.0000000 0.0000000 0.0000000 0.0000000 0.0000000 0.0000000 0.0000000 0.0000000 0.0000000 0.0000000 0.0000000 0.0000000 0.0000000 0.0000000 0.0106049 0.0000000 0.9840895 0.0000000 0.0000000 0.0000000 0.0053056
 95 L  95 0.0000000 0.0000000 0.0000000 0.0000000 0.0000000 0.0000000 0.0000000 0.0000000 0.0000000 0.0028951 0.9771065 0.0000000 0.0000000 0.0106049 0.0000000 0.0000000 0.0000000 0.0000000 0.0000000 0.0000000 0.0093935
 96 N  96 0.0000000 0.0000000 0.9792719 0.0000000 0.0000000 0.0000000 0.0000000 0.0000000 0.0000000 0.0044513 0.0000000 0.0106049 0.0000000 0.0000000 0.0000000 0.0000000 0.0000000 0.0000000 0.0000000 0.0000000 0.0056719
 97 F  97 0.0000000 0.0000000 0.0000000 0.0000000 0.0000000 0.0000000 0.0000000 0.0000000 0.0000000 0.0000000 0.0000000 0.0000000 0.0000000 0.9774539 0.0000000 0.0000000 0.0000000 0.0000000 0.0037924 0.0000000 0.0187537
