  262         A         R         N         D         C         Q         E         G         H         I         L         K         M         F         P         S         T         W         Y         V    
  1 G   1 0.0000000 0.0000000 0.0000000 0.0000000 0.0000000 0.0000000 0.0000000 1.0000000 0.0000000 0.0000000 0.0000000 0.0000000 0.0000000 0.0000000 0.0000000 0.0000000 0.0000000 0.0000000 0.0000000 0.0000000
  2 P   2 0.0000000 0.0000000 0.0387563 0.0000000 0.0000000 0.0000000 0.0000000 0.0522704 0.0000000 0.0384460 0.0000000 0.6595637 0.0000000 0.0000000 0.2109636 0.0000000 0.0000000 0.0000000 0.0000000 0.0000000
  3 G   3 0.0214630 0.0000000 0.0568259 0.0000000 0.0000000 0.0371468 0.1962051 0.3414599 0.0000000 0.0000000 0.0000000 0.0000000 0.0172678 0.0000000 0.1679759 0.0905493 0.0298304 0.0000000 0.0000000 0.0412760
  4 M   4 0.0181931 0.0000000 0.0000000 0.0000000 0.0071566 0.0034088 0.0092079 0.0000000 0.0106103 0.0000000 0.0060656 0.0913979 0.8381293 0.0000000 0.0000000 0.0000000 0.0102490 0.0000000 0.0000000 0.0055815
  5 S   5 0.1855929 0.0055820 0.0000000 0.0000000 0.0000000 0.0000000 0.0032406 0.0200606 0.0000000 0.0112557 0.0067720 0.0035826 0.0000000 0.0000000 0.0098642 0.7454613 0.0085881 0.0000000 0.0000000 0.0000000
  6 G   6 0.1300830 0.0054338 0.0216369 0.0022646 0.0107707 0.0028827 0.0079074 0.6673960 0.0000000 0.0000000 0.0000000 0.0000000 0.0000000 0.0000000 0.0000000 0.1282079 0.0086990 0.0067728 0.0000000 0.0079452
  7 R   7 0.0028223 0.6124871 0.0273244 0.0000000 0.0315509 0.0148016 0.0124892 0.0419236 0.0161545 0.0000000 0.0000000 0.1995813 0.0000000 0.0000000 0.0047735 0.0316648 0.0044268 0.0000000 0.0000000 0.0000000
  8 G   8 0.0357827 0.0513318 0.0000000 0.0075363 0.0000000 0.0000000 0.0149754 0.7785680 0.0000000 0.0000000 0.0000000 0.0764194 0.0000000 0.0000000 0.0000000 0.0148844 0.0139711 0.0000000 0.0000000 0.0065310
  9 K   9 0.0203495 0.0313261 0.0266846 0.0036775 0.0000000 0.0260724 0.0200523 0.1064899 0.0000000 0.0085090 0.0101031 0.6839211 0.0000000 0.0000000 0.0000000 0.0582867 0.0023670 0.0000000 0.0000000 0.0021606
 10 Q  10 0.0332208 0.0825743 0.0458634 0.0652275 0.0000000 0.2317100 0.0645098 0.0700832 0.0033682 0.0000000 0.0037544 0.1539236 0.0374417 0.0000000 0.0334707 0.0660478 0.0990851 0.0000000 0.0000000 0.0097198
 11 G  11 0.0795384 0.0096853 0.0185518 0.0165383 0.0063500 0.0052284 0.0033892 0.5029937 0.0000000 0.0000000 0.0033153 0.0581744 0.0000000 0.0267078 0.0200741 0.2063195 0.0328592 0.0000000 0.0000000 0.0102748
 12 G  12 0.0957709 0.0144351 0.0172859 0.0017219 0.0293103 0.0069108 0.0203521 0.5864480 0.0082852 0.0000000 0.0275658 0.0963503 0.0116285 0.0033808 0.0069950 0.0573465 0.0054566 0.0000000 0.0000000 0.0107563
 13 K  13 0.0561212 0.1103200 0.0041834 0.0054794 0.0000000 0.0157675 0.0575216 0.0491892 0.0161408 0.0012514 0.0089685 0.5808952 0.0000000 0.0070872 0.0223039 0.0501409 0.0130491 0.0000000 0.0000000 0.0015808
 14 A  14 0.3659805 0.0541776 0.0099601 0.0296631 0.0000000 0.0043685 0.0160824 0.0433748 0.0060762 0.0046775 0.0016236 0.2063619 0.0000000 0.0058731 0.0879038 0.0579544 0.0556647 0.0000000 0.0086963 0.0415616
 15 R  15 0.0950373 0.3728538 0.0049492 0.0058214 0.0100046 0.0026906 0.0106341 0.0296860 0.0200893 0.0015642 0.0082526 0.3304490 0.0000000 0.0000000 0.0120496 0.0530794 0.0333726 0.0000000 0.0000000 0.0094663
 16 A  16 0.2354515 0.0975219 0.0115264 0.0504102 0.0108243 0.0098524 0.0225238 0.0838208 0.0000000 0.0153408 0.0131671 0.1761336 0.0287469 0.0000000 0.0055748 0.0918503 0.1193439 0.0000000 0.0000000 0.0279113
 17 K  17 0.0933908 0.0379797 0.0078815 0.0082313 0.0000000 0.0644402 0.0703455 0.0313348 0.0189882 0.0000000 0.0011843 0.4680712 0.0013501 0.0000000 0.0167967 0.0803238 0.0931396 0.0044593 0.0000000 0.0020830
 18 A  18 0.2504228 0.0635422 0.0182782 0.0039834 0.0036910 0.0190910 0.0000000 0.0423692 0.0075183 0.0327673 0.0577315 0.1783228 0.0000000 0.0132932 0.0928835 0.1319601 0.0545717 0.0000000 0.0037599 0.0258139
 19 K  19 0.0132211 0.0405019 0.0185629 0.0000000 0.0027206 0.0686981 0.0639054 0.0110229 0.0112665 0.0636238 0.0909140 0.2282363 0.0465481 0.0000000 0.0095198 0.0229924 0.1308438 0.0000000 0.0000000 0.1774224
 20 T  20 0.0112450 0.0042367 0.0041435 0.0365359 0.0056666 0.0000000 0.0025916 0.0000000 0.0088178 0.0026282 0.0098579 0.0712614 0.0048169 0.0000000 0.0035696 0.5803283 0.2543006 0.0000000 0.0000000 0.0000000
 21 R  21 0.0000000 0.6416747 0.0020196 0.0082299 0.0135820 0.0255664 0.0093169 0.0559972 0.0366441 0.0028074 0.0122876 0.1405214 0.0122611 0.0000000 0.0026132 0.0154319 0.0054625 0.0035723 0.0088006 0.0032112
 22 S  22 0.0140987 0.0180715 0.0000000 0.0000000 0.0000000 0.0047465 0.0000000 0.0000000 0.0080521 0.0025706 0.0209314 0.0694246 0.0000000 0.0034914 0.0116703 0.8267648 0.0113414 0.0088368 0.0000000 0.0000000
 23 S  23 0.2503799 0.0216781 0.0237661 0.0049868 0.0041229 0.0510157 0.0065905 0.0007956 0.0039077 0.0250343 0.0077428 0.1331566 0.0072178 0.0153649 0.0097015 0.3104835 0.0702010 0.0000000 0.0012330 0.0526214
 24 R  24 0.0000000 0.5431888 0.0077464 0.0000000 0.0016067 0.0109255 0.0000000 0.0000000 0.0016222 0.0000000 0.0138952 0.3836508 0.0000000 0.0000000 0.0000000 0.0261548 0.0000000 0.0081869 0.0000000 0.0030225
 25 A  25 0.7714547 0.0000000 0.0000000 0.0189207 0.0000000 0.0000000 0.0051428 0.0093295 0.0034321 0.0000000 0.0056452 0.0424148 0.0000000 0.0000000 0.0029309 0.0747809 0.0510056 0.0000000 0.0000000 0.0149427
 26 G  26 0.0068314 0.0031207 0.0221100 0.0118767 0.0067678 0.0063792 0.0855838 0.7009497 0.0066066 0.0000000 0.0023467 0.0429508 0.0034243 0.0015545 0.0601301 0.0317579 0.0000000 0.0009093 0.0000000 0.0067006
 27 L  27 0.0000000 0.0000000 0.0000000 0.0000000 0.0034283 0.0038982 0.0000000 0.0000000 0.0000000 0.0445092 0.7459039 0.0000000 0.0000000 0.0041961 0.0166135 0.0136764 0.0111786 0.0000000 0.0000000 0.1565958
 28 Q  28 0.0122670 0.0031008 0.0120128 0.0000000 0.0016993 0.5506101 0.0201676 0.0039147 0.0177528 0.1126114 0.0815454 0.0038240 0.0000000 0.0000000 0.0000000 0.0111759 0.0434685 0.0056090 0.0000000 0.1202406
 29 F  29 0.0000000 0.0000000 0.0000000 0.0000000 0.0000000 0.0000000 0.0000000 0.0190451 0.0000000 0.0334582 0.0906807 0.0000000 0.0024937 0.8251849 0.0047079 0.0000000 0.0168785 0.0000000 0.0000000 0.0075512
 30 P  30 0.0014116 0.0206224 0.0075472 0.0000000 0.0000000 0.0000000 0.0000000 0.0000000 0.0000000 0.0232635 0.0104203 0.0000000 0.0000000 0.0000000 0.8910532 0.0288342 0.0000000 0.0000000 0.0168476 0.0000000
 31 V  31 0.0045870 0.0000000 0.0000000 0.0018132 0.0105342 0.0000000 0.0000000 0.0000000 0.0000000 0.0023855 0.0016613 0.0365746 0.0290063 0.0000000 0.0073669 0.0000000 0.0263418 0.0055363 0.0000000 0.8741930
 32 G  32 0.0308518 0.0016659 0.0126858 0.0858527 0.0101245 0.0036468 0.0000000 0.6284769 0.0000000 0.0405897 0.0257371 0.0186075 0.0000000 0.0043313 0.0000000 0.1322244 0.0038379 0.0000000 0.0000000 0.0013677
 33 R  33 0.0000000 0.8058441 0.0000000 0.0000000 0.0248978 0.0098408 0.0000000 0.0098552 0.0193335 0.0000000 0.0109988 0.0526878 0.0000000 0.0073851 0.0387810 0.0009250 0.0000000 0.0029652 0.0164856 0.0000000
 34 V  34 0.0235233 0.0000000 0.0000000 0.0000000 0.0038168 0.0000000 0.0000000 0.0008001 0.0000000 0.4040936 0.0637816 0.0239134 0.1045247 0.0332759 0.0000000 0.0000000 0.0029984 0.0000000 0.0000000 0.3392722
 35 H  35 0.0714737 0.0535175 0.0060536 0.0548791 0.0000000 0.0277056 0.0545649 0.0614328 0.4689704 0.0184056 0.0545630 0.0303359 0.0420484 0.0168697 0.0000000 0.0221268 0.0078153 0.0000000 0.0092377 0.0000000
 36 R  36 0.0030295 0.7830331 0.0000000 0.0000000 0.0037520 0.0567689 0.0000000 0.0049517 0.0249252 0.0016817 0.0077510 0.0359746 0.0000000 0.0000000 0.0000000 0.0424776 0.0266779 0.0012179 0.0077589 0.0000000
 37 L  37 0.0103064 0.0323904 0.0071486 0.0000000 0.0120733 0.0176464 0.0000000 0.0027265 0.0832748 0.0069536 0.3823776 0.0105961 0.0324637 0.1005082 0.0045491 0.0074497 0.0009733 0.0000000 0.2722530 0.0163093
 38 L  38 0.0000000 0.0000000 0.0000000 0.0000000 0.0000000 0.0000000 0.0000000 0.0000000 0.0000000 0.0557559 0.8576060 0.0000000 0.0129654 0.0075687 0.0150871 0.0000000 0.0000000 0.0000000 0.0000000 0.0510168
 39 R  39 0.0183074 0.3971097 0.0000000 0.0000000 0.0000000 0.0825872 0.0000000 0.0035922 0.0164206 0.0000000 0.0181741 0.4330485 0.0000000 0.0076815 0.0000000 0.0109962 0.0104954 0.0015871 0.0000000 0.0000000
 40 K  40 0.0327634 0.1149699 0.0217041 0.0125095 0.0029894 0.0644412 0.1075413 0.0133914 0.0140641 0.0244860 0.0046686 0.4897683 0.0078762 0.0000000 0.0000000 0.0438724 0.0369880 0.0000000 0.0000000 0.0079661
 41 G  41 0.0261414 0.1282542 0.0155498 0.0129387 0.0141225 0.0007623 0.0779599 0.6045955 0.0048457 0.0237295 0.0040260 0.0011973 0.0175408 0.0020418 0.0000000 0.0459082 0.0017925 0.0000000 0.0000000 0.0185940
 42 N  42 0.0381709 0.1257229 0.2745495 0.0037241 0.0237078 0.0590746 0.0000000 0.0303553 0.0667538 0.0092906 0.0397349 0.0540450 0.0000000 0.0047064 0.0020424 0.0179373 0.1495528 0.0000000 0.0000000 0.1006317
 43 Y  43 0.0132657 0.0090962 0.0079986 0.0048911 0.0111900 0.0387336 0.0000000 0.0237851 0.0765613 0.0037489 0.0934890 0.0047417 0.0019500 0.0439952 0.0719670 0.0369752 0.0488512 0.0034822 0.4972781 0.0080000
 44 S  44 0.4332906 0.0115398 0.0204631 0.0354684 0.0135438 0.0841981 0.0000000 0.0259238 0.0701039 0.0040260 0.0141938 0.1158505 0.0000000 0.0000000 0.0000000 0.1170455 0.0164733 0.0000000 0.0075503 0.0303292
 45 E  45 0.0050694 0.0474115 0.0320530 0.0195278 0.0128474 0.1364585 0.2546915 0.0050859 0.0986256 0.0200273 0.0064966 0.1027680 0.0311591 0.0499687 0.0107509 0.0097350 0.0059750 0.0040260 0.1461422 0.0011805
 46 R  46 0.0000000 0.8135997 0.0000000 0.0000000 0.0087788 0.0041046 0.0000000 0.0223989 0.0395444 0.0012404 0.0076842 0.0876879 0.0000000 0.0000000 0.0079604 0.0070007 0.0000000 0.0000000 0.0000000 0.0000000
 47 V  47 0.0000000 0.0000000 0.0000000 0.0000000 0.0156785 0.0000000 0.0000000 0.0036921 0.0065451 0.3579672 0.1231067 0.0042496 0.0014109 0.0449210 0.0051985 0.0044886 0.0049155 0.0000000 0.0022205 0.4256058
 48 G  48 0.0327057 0.0126256 0.0222720 0.0779709 0.0037495 0.0450103 0.0117523 0.6054146 0.0000000 0.0000000 0.0000000 0.0000000 0.0000000 0.0000000 0.0000000 0.1640688 0.0132712 0.0000000 0.0047071 0.0064522
 49 A  49 0.4146927 0.0064644 0.0063156 0.0000000 0.0040195 0.0037120 0.0233088 0.0398326 0.0000000 0.0086152 0.0130846 0.0045602 0.0248906 0.0010085 0.0151732 0.2734362 0.0347621 0.0000000 0.0000000 0.1261237
 50 G  50 0.0260753 0.0053696 0.0133752 0.0154472 0.0088663 0.0798930 0.0000000 0.5108497 0.0000000 0.0016327 0.0266924 0.0561832 0.0065911 0.0000000 0.0141958 0.1230452 0.1077590 0.0000000 0.0000000 0.0040243
 51 A  51 0.7360335 0.0000000 0.0000000 0.0037265 0.0087319 0.0000000 0.0037744 0.0150778 0.0000000 0.0184268 0.0145346 0.0000000 0.0077316 0.0000000 0.0065657 0.0451620 0.0604036 0.0000000 0.0000000 0.0798317
 52 P  52 0.1563857 0.0036424 0.0047460 0.0050387 0.0000000 0.0150502 0.0000000 0.0039974 0.0000000 0.0000000 0.0649729 0.0000000 0.0265518 0.0000000 0.5513954 0.1293439 0.0000000 0.0000000 0.0180108 0.0208649
 53 V  53 0.0084703 0.0000000 0.0027515 0.0233319 0.0000000 0.0000000 0.0200650 0.0159657 0.0034404 0.0586282 0.0808098 0.0000000 0.0195429 0.0114485 0.0000000 0.0036433 0.0064586 0.0000000 0.0000000 0.7454439
 54 Y  54 0.0259332 0.0000000 0.0000000 0.0000000 0.0092155 0.0048163 0.0179678 0.0000000 0.0000000 0.0159238 0.0232706 0.0000000 0.0000000 0.1624393 0.0000000 0.0029703 0.0000000 0.0000000 0.7374633 0.0000000
 55 L  55 0.0082524 0.0000000 0.0000000 0.0231716 0.0070618 0.0317520 0.0000000 0.0000000 0.0000000 0.0143775 0.5677207 0.0034880 0.1701221 0.0089348 0.0044227 0.0604369 0.0499556 0.0000000 0.0000000 0.0503040
 56 A  56 0.6696493 0.0179464 0.0159047 0.0000000 0.0010062 0.0194682 0.0015445 0.0120058 0.0064339 0.0157893 0.0281207 0.0000000 0.0000000 0.0020420 0.0000000 0.0450285 0.0719905 0.0000000 0.0000000 0.0930700
 57 A  57 0.7644861 0.0039632 0.0000000 0.0000000 0.0000000 0.0000000 0.0194682 0.1317038 0.0000000 0.0000000 0.0038546 0.0000000 0.0000000 0.0000000 0.0000000 0.0597762 0.0071759 0.0000000 0.0000000 0.0095720
 58 V  58 0.0257155 0.0000000 0.0000000 0.0141450 0.0012017 0.0000000 0.0000000 0.0000000 0.0000000 0.1245094 0.0070783 0.0000000 0.0000000 0.0199051 0.0232254 0.0139669 0.0073854 0.0000000 0.0000000 0.7628673
 59 L  59 0.0000000 0.0000000 0.0039088 0.0000000 0.0000000 0.0000000 0.0000000 0.0000000 0.0000000 0.1284413 0.7534190 0.0000000 0.0629798 0.0000000 0.0113499 0.0194537 0.0065762 0.0000000 0.0000000 0.0138713
 60 E  60 0.0000000 0.0039140 0.0159141 0.0000000 0.0000000 0.0218963 0.9261549 0.0141639 0.0000000 0.0000000 0.0000000 0.0179569 0.0000000 0.0000000 0.0000000 0.0000000 0.0000000 0.0000000 0.0000000 0.0000000
 61 Y  61 0.0194506 0.0000000 0.0108690 0.0218386 0.0099514 0.0000000 0.0000000 0.0000000 0.0044323 0.0000000 0.0000000 0.0141428 0.0000000 0.0113830 0.0000000 0.0000000 0.0000000 0.0059405 0.8840616 0.0179301
 62 L  62 0.0000000 0.0044115 0.0000000 0.0000000 0.0000000 0.0027405 0.0141530 0.0000000 0.0000000 0.0971542 0.7905774 0.0000000 0.0296035 0.0250666 0.0000000 0.0000000 0.0000000 0.0000000 0.0194646 0.0168287
 63 T  63 0.2500912 0.0044410 0.0000000 0.0000000 0.0222121 0.0000000 0.0000000 0.0034855 0.0000000 0.0151551 0.0574224 0.0000000 0.0333465 0.0159018 0.0000000 0.1320362 0.4284403 0.0000000 0.0000000 0.0374681
 64 A  64 0.7759163 0.0000000 0.0019818 0.0000000 0.0000000 0.0000000 0.0338448 0.0159013 0.0059448 0.0046276 0.0156441 0.0232385 0.0039110 0.0032354 0.0035207 0.0516678 0.0270117 0.0000000 0.0037134 0.0298409
 65 E  65 0.0141530 0.0011465 0.0778962 0.0878818 0.0232385 0.0080662 0.7197102 0.0194646 0.0000000 0.0000000 0.0000000 0.0484430 0.0000000 0.0000000 0.0000000 0.0000000 0.0000000 0.0000000 0.0000000 0.0000000
 66 I  66 0.0169042 0.0000000 0.0000000 0.0000000 0.0000000 0.0000000 0.0000000 0.0028708 0.0000000 0.5045611 0.0568099 0.0000000 0.0043956 0.0000000 0.0000000 0.0141504 0.0136271 0.0000000 0.0232342 0.3634468
 67 L  67 0.0157162 0.0000000 0.0046796 0.0000000 0.0021825 0.0000000 0.0000000 0.0000000 0.0113087 0.0573947 0.7934772 0.0030702 0.0227749 0.0367491 0.0301375 0.0000000 0.0068367 0.0061454 0.0000000 0.0095272
 68 E  68 0.0035371 0.0178307 0.0000000 0.0284075 0.0000000 0.0184324 0.7785981 0.0148693 0.0000000 0.0000000 0.0000000 0.0857566 0.0028534 0.0000000 0.0000000 0.0180653 0.0000000 0.0000000 0.0136474 0.0180021
 69 L  69 0.0012129 0.0000000 0.0000000 0.0369873 0.0157226 0.0000000 0.0157231 0.0000000 0.0000000 0.0364005 0.8102388 0.0369470 0.0258163 0.0000000 0.0043856 0.0087253 0.0065336 0.0000000 0.0000000 0.0013069
 70 A  70 0.7704905 0.0000000 0.0000000 0.0000000 0.0000000 0.0156811 0.0000000 0.0210899 0.0000000 0.0000000 0.0000000 0.0449785 0.0028316 0.0000000 0.0022463 0.0917782 0.0314269 0.0000000 0.0000000 0.0194771
 71 G  71 0.0125064 0.0105873 0.0223682 0.0237725 0.0000000 0.0000000 0.0376800 0.7655148 0.0192626 0.0251765 0.0068026 0.0148423 0.0000000 0.0000000 0.0000000 0.0243102 0.0018125 0.0039588 0.0025555 0.0288499
 72 N  72 0.0070093 0.0157381 0.7189441 0.0045659 0.0000000 0.0080028 0.0171453 0.0029123 0.0108169 0.0071319 0.0332715 0.0909963 0.0067527 0.0059162 0.0000000 0.0325307 0.0242809 0.0000000 0.0139850 0.0000000
 73 A  73 0.5878286 0.0100102 0.0070527 0.0000000 0.0332831 0.0029133 0.0933551 0.0033925 0.0000000 0.0191740 0.0315568 0.0000000 0.0038720 0.0139715 0.0053002 0.0235923 0.0205028 0.0046462 0.0989964 0.0405523
 74 A  74 0.6371966 0.0406806 0.0011453 0.0000000 0.0181353 0.0000000 0.0120616 0.0000000 0.0000000 0.0000000 0.0173871 0.0000000 0.0000000 0.0000000 0.0252083 0.0998635 0.0576904 0.0000000 0.0000000 0.0906313
 75 R  75 0.0036304 0.4704269 0.0042931 0.0140888 0.0315869 0.0313388 0.0280849 0.0022675 0.0380057 0.0215380 0.0072819 0.2980491 0.0024997 0.0046716 0.0051310 0.0089569 0.0132723 0.0038932 0.0075723 0.0034111
 76 D  76 0.0184641 0.0048571 0.1250943 0.6188774 0.0000000 0.0221035 0.0175624 0.0214247 0.0481790 0.0263873 0.0160824 0.0162254 0.0000000 0.0039496 0.0000000 0.0107683 0.0171230 0.0000000 0.0299156 0.0029860
 77 N  77 0.0556098 0.0000000 0.5094855 0.0207897 0.0017478 0.0125046 0.0000000 0.0000000 0.0329684 0.1051533 0.1259139 0.0222746 0.0010944 0.0067761 0.0159292 0.0647416 0.0096303 0.0000000 0.0153808 0.0000000
 78 K  78 0.0000000 0.1004767 0.0347959 0.0000000 0.0134799 0.0080074 0.0156834 0.0536078 0.0429598 0.0000000 0.0158503 0.6932555 0.0000000 0.0000000 0.0000000 0.0179014 0.0039819 0.0000000 0.0000000 0.0000000
 79 K  79 0.0053898 0.1486273 0.0000000 0.0000000 0.0000000 0.0206229 0.0260228 0.0000000 0.0882630 0.0000000 0.0234403 0.5324772 0.0075579 0.0000000 0.0051747 0.0170382 0.0118024 0.0000000 0.0000000 0.1135834
 80 T  80 0.0460592 0.0414880 0.0642185 0.0000000 0.0013500 0.0348637 0.0190218 0.0778579 0.0231823 0.0363059 0.0155310 0.1770679 0.0209234 0.0000000 0.0230215 0.0906227 0.2138447 0.0000000 0.0230375 0.0916041
 81 R  81 0.0157638 0.6880900 0.0054305 0.0000000 0.0381256 0.0019569 0.0770635 0.0294146 0.0015421 0.0000000 0.0250053 0.0047053 0.0000000 0.0000000 0.0112174 0.0231750 0.0621036 0.0000000 0.0120009 0.0044057
 82 I  82 0.0000000 0.0000000 0.0027165 0.0000000 0.0000000 0.0000000 0.0000000 0.0000000 0.0000000 0.8051717 0.0633890 0.0000000 0.0000000 0.0000000 0.0000000 0.0000000 0.0072540 0.0000000 0.0000000 0.1214687
 83 I  83 0.0642364 0.0000000 0.0395211 0.0000000 0.0000000 0.0033955 0.0000000 0.0000000 0.0000000 0.2316117 0.0279587 0.0124640 0.0278465 0.0048681 0.0000000 0.1045197 0.4233648 0.0000000 0.0000000 0.0602134
 84 P  84 0.0210829 0.0300047 0.0000000 0.0000000 0.0522368 0.0038751 0.0000000 0.0227261 0.0000000 0.0000000 0.0342182 0.0155507 0.0106884 0.0000000 0.7725846 0.0209791 0.0023764 0.0000000 0.0000000 0.0136770
 85 R  85 0.0000000 0.6781112 0.0000000 0.0118387 0.0225579 0.0358273 0.1377156 0.0062909 0.0120004 0.0000000 0.0053571 0.0417616 0.0175474 0.0018383 0.0039066 0.0170037 0.0000000 0.0036193 0.0000000 0.0046239
 86 H  86 0.0062196 0.0058244 0.0019622 0.1177942 0.0000000 0.0376492 0.0343564 0.0039066 0.7202767 0.0020449 0.0127436 0.0155507 0.0143271 0.0023568 0.0071592 0.0106884 0.0065010 0.0000000 0.0006390 0.0000000
 87 L  87 0.0000000 0.0043196 0.0021548 0.0000000 0.0294282 0.0227544 0.0107017 0.0000000 0.0000000 0.4077016 0.3580739 0.0000000 0.0254707 0.0117439 0.0047754 0.0029334 0.0039115 0.0000000 0.0000000 0.1160309
 88 Q  88 0.0012473 0.0700811 0.0175043 0.0081998 0.0445965 0.4761090 0.0484249 0.0000000 0.0145896 0.0000000 0.1881915 0.0235555 0.0231325 0.0053719 0.0029461 0.0000000 0.0127880 0.0000000 0.0160331 0.0472288
 89 L  89 0.0000000 0.0255518 0.0039617 0.0000000 0.0000000 0.0473271 0.0046891 0.0000000 0.0086450 0.0120056 0.6875757 0.0057675 0.0219866 0.0018138 0.0000000 0.0253341 0.0334942 0.0190151 0.0197847 0.0830478
 90 A  90 0.8623247 0.0000000 0.0000000 0.0009669 0.0000000 0.0000000 0.0000000 0.0086984 0.0000000 0.0000000 0.0000000 0.0118390 0.0000000 0.0169085 0.0256565 0.0605461 0.0000000 0.0000000 0.0000000 0.0130600
 91 I  91 0.0080669 0.0189594 0.0000000 0.0000000 0.0000000 0.0000000 0.0000000 0.0154885 0.0033951 0.4270870 0.0678604 0.0000000 0.0949852 0.0089362 0.0000000 0.0184784 0.0324148 0.0000000 0.0000000 0.3043282
 92 R  92 0.1499274 0.5469906 0.0021185 0.0098067 0.0594737 0.0451867 0.0182905 0.0355000 0.0164447 0.0056329 0.0000000 0.0428677 0.0046923 0.0000000 0.0096763 0.0172116 0.0000000 0.0000000 0.0318155 0.0043649
 93 N  93 0.0809881 0.0119267 0.6188339 0.0035212 0.0042664 0.0031734 0.0140013 0.1305178 0.0131395 0.0192560 0.0029000 0.0348041 0.0000000 0.0000000 0.0157309 0.0292593 0.0176814 0.0000000 0.0000000 0.0000000
 94 D  94 0.0000000 0.0230071 0.0724548 0.8195083 0.0000000 0.0000000 0.0048215 0.0071062 0.0109565 0.0000000 0.0354317 0.0177175 0.0000000 0.0000000 0.0000000 0.0089965 0.0000000 0.0000000 0.0000000 0.0000000
 95 E  95 0.0194890 0.0250861 0.0031539 0.0610757 0.0139150 0.0361667 0.5826194 0.0203605 0.0131785 0.0056865 0.0612435 0.0495751 0.0333652 0.0000000 0.0121542 0.0323435 0.0046140 0.0000000 0.0021636 0.0238098
 96 E  96 0.0000000 0.0040641 0.0075052 0.0446430 0.0000000 0.0291467 0.7137325 0.0104007 0.0121025 0.0000000 0.0082055 0.0217062 0.0000000 0.0156484 0.0000000 0.0291532 0.0029514 0.0000000 0.0027418 0.0979987
 97 L  97 0.0000000 0.0190898 0.0000000 0.0000000 0.0014852 0.0000000 0.0107189 0.0227910 0.0027395 0.0191736 0.8573285 0.0000000 0.0040962 0.0349739 0.0171788 0.0021583 0.0000000 0.0000000 0.0000000 0.0082663
 98 N  98 0.0229294 0.0350559 0.3833619 0.1355331 0.0022950 0.0275354 0.0025286 0.0500137 0.0485393 0.0059162 0.0154818 0.0149306 0.0894648 0.0000000 0.0154823 0.1172849 0.0069054 0.0000000 0.0107936 0.0159480
 99 K  99 0.0122691 0.0483936 0.0179209 0.0869436 0.0050520 0.1800605 0.0375287 0.0308940 0.0319633 0.0119521 0.0067182 0.3455988 0.0062160 0.0000000 0.0127439 0.0666294 0.0731794 0.0115621 0.0000000 0.0143746
100 L 100 0.0155899 0.0000000 0.0000000 0.0155722 0.0339418 0.0000000 0.0155630 0.0106299 0.0000000 0.0297041 0.7337814 0.0000000 0.0851461 0.0334877 0.0000000 0.0037717 0.0040418 0.0000000 0.0034417 0.0153287
101 L 101 0.0111231 0.0282775 0.0000000 0.0000000 0.0071611 0.0000000 0.0000000 0.0000000 0.0170315 0.1420667 0.5166033 0.0040300 0.0179432 0.1806644 0.0104167 0.0000000 0.0192249 0.0000000 0.0098521 0.0356055
102 G 102 0.0734398 0.0838993 0.0330074 0.0053480 0.0009851 0.0296325 0.0268609 0.2115522 0.0346359 0.0177140 0.0044496 0.2249833 0.0000000 0.0000000 0.0183634 0.1171393 0.0240428 0.0000000 0.0578768 0.0360699
103 R 103 0.1116740 0.0725469 0.0561571 0.0639565 0.0298407 0.0794275 0.0165038 0.3427252 0.0367163 0.0000000 0.0114054 0.0696793 0.0067388 0.0083356 0.0289989 0.0376448 0.0230989 0.0000000 0.0000000 0.0045501
104 V 104 0.0063083 0.0036403 0.0204796 0.0717774 0.0133600 0.0000000 0.0190926 0.0362739 0.0211453 0.0263174 0.0474468 0.0000000 0.0091902 0.0000000 0.0000000 0.0453457 0.1490345 0.0000000 0.0000000 0.5305881
105 T 105 0.0527569 0.0039708 0.0000000 0.0697495 0.0039304 0.0110449 0.0236779 0.0000000 0.0191436 0.1654605 0.0254190 0.0091544 0.0000000 0.0000000 0.0166847 0.0332194 0.5318258 0.0000000 0.0000000 0.0339623
106 I 106 0.1272462 0.0019015 0.0367730 0.0114121 0.0372229 0.0000000 0.0070655 0.0275888 0.0008638 0.5341842 0.0345802 0.0202526 0.0047280 0.0127596 0.0035047 0.0241168 0.0244631 0.0274819 0.0272916 0.0365633
107 A 107 0.3971733 0.0245262 0.0036304 0.0035194 0.0282784 0.0111990 0.0105549 0.1184787 0.0226596 0.0213131 0.0273764 0.0018213 0.0000000 0.0000000 0.0514078 0.1772412 0.0745854 0.0000000 0.0102847 0.0159502
108 Q 108 0.0752713 0.0229425 0.0597672 0.0123955 0.0000000 0.2265907 0.1247348 0.1487688 0.0572712 0.0080143 0.0043662 0.0183843 0.0129032 0.0067487 0.0251913 0.1586266 0.0000000 0.0019356 0.0360879 0.0000000
109 G 109 0.0171487 0.0267672 0.0000000 0.0036926 0.0076083 0.0039037 0.0078387 0.7452468 0.0027954 0.0000000 0.0103310 0.0067952 0.0019267 0.0000000 0.0000000 0.0701684 0.0045905 0.0291277 0.0139021 0.0481570
110 G 110 0.0101584 0.0140534 0.0000000 0.0405823 0.0106574 0.0347856 0.0191387 0.5226747 0.0105482 0.0063915 0.0395643 0.0196784 0.0241653 0.0000000 0.0576908 0.0269060 0.0319308 0.0098162 0.0000000 0.1212581
111 V 111 0.0435499 0.0039724 0.0230063 0.0196297 0.0100602 0.0369990 0.0057521 0.0299652 0.0215731 0.0914498 0.0406965 0.0250385 0.0052711 0.0103057 0.0274956 0.0449062 0.0137052 0.0000000 0.0000000 0.5466235
112 L 112 0.0346380 0.0037273 0.0046337 0.0213788 0.0186759 0.0113453 0.0036819 0.0261040 0.0013575 0.0137926 0.4384680 0.0193753 0.0496167 0.0104067 0.2002753 0.0579804 0.0528978 0.0000000 0.0000000 0.0316445
113 P 113 0.0196122 0.0220146 0.0069330 0.0156547 0.0175342 0.0056468 0.0047610 0.0366106 0.1280952 0.0040292 0.0269153 0.0218242 0.0047669 0.0145952 0.5488296 0.0626155 0.0262934 0.0000000 0.0052812 0.0279872
114 N 114 0.0074701 0.0667647 0.3816149 0.0113211 0.0403465 0.0486459 0.0100013 0.0062302 0.0561489 0.1220132 0.0325302 0.0311595 0.0277314 0.0331586 0.0436722 0.0141213 0.0440687 0.0017889 0.0159426 0.0052697
115 I 115 0.0047915 0.0190399 0.0333753 0.0000000 0.0000000 0.0231818 0.0016308 0.0164229 0.1133556 0.4982518 0.0795706 0.0193887 0.0043453 0.0125382 0.0373987 0.0634152 0.0152034 0.0049864 0.0184865 0.0346175
116 Q 116 0.0358499 0.0272749 0.0724082 0.0087754 0.0000000 0.2478609 0.0167503 0.0119189 0.2241674 0.0257611 0.0658424 0.0595411 0.0221888 0.0683311 0.0605897 0.0235491 0.0098347 0.0041354 0.0000000 0.0152206
117 A 117 0.2265426 0.0039594 0.0183753 0.0177887 0.0065315 0.0622910 0.0295934 0.0319448 0.0248966 0.0180976 0.0424194 0.0161078 0.0027493 0.0000000 0.2527993 0.1427272 0.0528084 0.0000000 0.0162339 0.0341339
118 V 118 0.0659402 0.0279011 0.0236070 0.0364984 0.0251153 0.0300263 0.2112199 0.0168606 0.0052797 0.0305484 0.1180258 0.0118177 0.0191805 0.0042690 0.0262881 0.0569262 0.0451798 0.0000000 0.0115141 0.2338019
119 L 119 0.0189879 0.0094509 0.0158510 0.0063459 0.0115350 0.0328105 0.0775371 0.0023091 0.0076416 0.0504512 0.5250132 0.0119115 0.0209330 0.0139938 0.0817109 0.0728275 0.0202920 0.0000000 0.0040959 0.0163020
120 L 120 0.0350738 0.0370638 0.0223221 0.0052660 0.0134269 0.0144579 0.0234709 0.0737059 0.0000000 0.0289664 0.4962994 0.0239461 0.0067344 0.0260318 0.0415690 0.1076061 0.0220457 0.0000000 0.0012066 0.0208074
121 P 121 0.1405697 0.0220578 0.0284591 0.0271354 0.0026554 0.0131926 0.0000000 0.0062420 0.0078895 0.0131394 0.0777365 0.1210175 0.0262212 0.0077170 0.3127653 0.0820907 0.0826599 0.0029112 0.0092312 0.0163086
122 K 122 0.0430139 0.0464715 0.0382564 0.0127329 0.0000000 0.0373376 0.0287766 0.0425358 0.0066276 0.0128280 0.0212990 0.5419465 0.0133127 0.0000000 0.0361623 0.0659510 0.0136307 0.0048414 0.0278394 0.0064367
123 K 123 0.0579231 0.0712076 0.0069267 0.0054260 0.0197108 0.0300934 0.0416068 0.0615962 0.0338176 0.0179142 0.0589443 0.4589519 0.0000000 0.0000000 0.0441861 0.0218208 0.0389833 0.0026472 0.0070610 0.0211829
124 T 124 0.0440891 0.1615724 0.0075512 0.0418677 0.0000000 0.0400728 0.0592552 0.0373523 0.0141412 0.0111017 0.0546763 0.1097141 0.0075740 0.0018593 0.0588735 0.0758365 0.2018627 0.0105737 0.0091991 0.0528272
125 E 125 0.0609128 0.0410672 0.0173074 0.0718951 0.0124017 0.0591201 0.1357579 0.1981793 0.0219243 0.0026913 0.0093043 0.1078976 0.0096724 0.0032731 0.0361578 0.0807016 0.0437347 0.0000000 0.0307822 0.0572193
126 S 126 0.0671646 0.0139450 0.0166435 0.0260766 0.0155560 0.0167019 0.0648751 0.0628549 0.0384085 0.0367290 0.0172074 0.1878519 0.0144827 0.0050368 0.0572152 0.2816977 0.0494595 0.0000000 0.0000000 0.0280936
127 H 127 0.0416588 0.0892232 0.0086152 0.0109113 0.0000000 0.1024035 0.1054193 0.0326893 0.1179556 0.0105965 0.0244823 0.2205244 0.0125613 0.0067907 0.0605736 0.0830365 0.0307881 0.0000000 0.0178968 0.0238736
128 H 128 0.0808479 0.0463830 0.0089395 0.0312199 0.0000000 0.0178107 0.0313096 0.1200494 0.1106171 0.0204352 0.0250220 0.0684402 0.0151602 0.0752252 0.0302840 0.1166879 0.1231425 0.0000000 0.0255705 0.0528550
129 K 129 0.0055634 0.0367215 0.0200179 0.0134741 0.0228234 0.0411829 0.0429914 0.0288890 0.0395519 0.0578695 0.0252227 0.2962223 0.0151510 0.0054222 0.0868183 0.0355356 0.0839395 0.0000000 0.0691669 0.0734364
130 A 130 0.0824368 0.0310311 0.0119936 0.0765951 0.0000000 0.0397768 0.1352782 0.0479506 0.0052430 0.0418429 0.1014735 0.1263110 0.0343912 0.0045445 0.0383647 0.0749548 0.0714144 0.0000000 0.0141584 0.0622395
131 K 131 0.0659890 0.0169916 0.0195944 0.0295267 0.0196949 0.0050012 0.2478895 0.0223432 0.0216448 0.0463270 0.0590949 0.1036001 0.0265394 0.0166867 0.1067234 0.0611991 0.0796723 0.0000000 0.0083068 0.0431750
132 G 132 0.1609026 0.0382991 0.0382107 0.0383314 0.0139198 0.0277196 0.0792732 0.0675497 0.0039719 0.0450912 0.1073031 0.0448653 0.0165180 0.0644169 0.0155486 0.1171309 0.0799722 0.0125913 0.0074477 0.0209369
133 K 133 0.0677084 0.0434684 0.0613510 0.0356666 0.0000000 0.0646967 0.1071590 0.0165750 0.0223636 0.1030915 0.0768751 0.0567452 0.0174236 0.0373130 0.0997661 0.0764675 0.0132944 0.0000000 0.0075057 0.0925292
134 G 134 0.0391994 0.1070009 0.0087874 0.0627907 0.0236705 0.0588611 0.0514917 0.0103899 0.0614184 0.0419430 0.0819499 0.0817137 0.0000000 0.0394645 0.0964668 0.1259174 0.0465924 0.0033754 0.0144147 0.0445520
135 P 135 0.1133739 0.0510487 0.0211571 0.1555584 0.0087172 0.0121760 0.0144382 0.0294606 0.0400508 0.0323677 0.0334872 0.0918135 0.0233039 0.0095840 0.0667364 0.1595930 0.0556962 0.0000000 0.0418953 0.0395418
136 G 136 0.0925621 0.0173713 0.0283859 0.0212551 0.0183952 0.0599456 0.0762170 0.0146214 0.0388653 0.0604423 0.1076865 0.0732499 0.0000000 0.0305179 0.1547169 0.0995350 0.0253476 0.0111587 0.0151206 0.0546059
137 M 137 0.0794304 0.0612253 0.0445008 0.0073441 0.0037369 0.0514593 0.0499237 0.0263696 0.0225385 0.1120292 0.0243436 0.0866120 0.0785108 0.0241836 0.1528736 0.0772023 0.0876027 0.0000000 0.0000000 0.0101135
138 P 138 0.0089033 0.0221376 0.0295457 0.0266413 0.0037797 0.0984620 0.1389050 0.0089432 0.1025785 0.0174627 0.0382775 0.0293258 0.0202103 0.0225688 0.2068387 0.1252868 0.0548462 0.0012355 0.0000000 0.0440513
139 E 139 0.1275367 0.0193588 0.0227273 0.1215507 0.0043812 0.0489772 0.1402775 0.0048581 0.0021661 0.0220324 0.0512103 0.1031447 0.0243826 0.0404104 0.0997250 0.0293893 0.0715148 0.0000000 0.0381716 0.0281854
140 P 140 0.0898585 0.0513560 0.0047319 0.0119531 0.0045271 0.0960098 0.1581049 0.0108697 0.0171924 0.0125920 0.0379892 0.1281813 0.0425539 0.0000000 0.1538880 0.0691131 0.0515966 0.0000000 0.0218569 0.0376254
141 A 141 0.1752187 0.0988990 0.0357217 0.0031639 0.0111944 0.0498651 0.0454923 0.1023237 0.0167946 0.0000000 0.0288186 0.1703463 0.0107756 0.0093915 0.1198160 0.0411809 0.0424249 0.0000000 0.0233103 0.0152623
142 K 142 0.0865330 0.1094338 0.0578350 0.0410828 0.0179782 0.0504785 0.1279077 0.0696834 0.0589394 0.0367456 0.0126793 0.1405123 0.0175004 0.0026420 0.0756826 0.0437067 0.0355260 0.0000000 0.0000000 0.0151333
143 S 143 0.0839758 0.0815110 0.0039696 0.0102103 0.0016110 0.0322265 0.0195734 0.0225559 0.0000000 0.0503345 0.0544875 0.1934670 0.0431890 0.0328367 0.0825736 0.1583479 0.0247876 0.0134947 0.0725966 0.0182515
144 A 144 0.1402101 0.0234131 0.0382504 0.0062324 0.0060886 0.0124999 0.0055274 0.0162080 0.0528891 0.1065193 0.0383802 0.1728105 0.0448675 0.0076832 0.0485599 0.1244830 0.0812256 0.0000000 0.0187762 0.0553755
145 P 145 0.0759180 0.0868271 0.0043250 0.0176219 0.0137107 0.0216127 0.0253055 0.0555316 0.0186761 0.0181860 0.0379871 0.0578306 0.0404158 0.0023311 0.2529702 0.1407288 0.0638270 0.0029755 0.0120680 0.0511512
146 A 146 0.1062522 0.0254623 0.0091377 0.0853339 0.0337070 0.0053574 0.0219562 0.0271666 0.0198869 0.0401436 0.0359100 0.1600131 0.0168453 0.0164138 0.0779514 0.1189609 0.1137970 0.0000000 0.0057478 0.0799570
147 P 147 0.1507589 0.0312660 0.0206757 0.0101748 0.0000000 0.0314614 0.0520280 0.0534352 0.0176201 0.0484070 0.0683590 0.0903150 0.0248154 0.0320139 0.1921691 0.1094508 0.0486699 0.0000000 0.0021866 0.0161932
148 K 148 0.0805341 0.0840774 0.0281851 0.0042292 0.0000000 0.0550353 0.0394405 0.0344461 0.0945188 0.0217412 0.0306192 0.2557656 0.0104665 0.0038283 0.0873085 0.0396751 0.0440425 0.0059857 0.0267866 0.0533142
149 K 149 0.1231365 0.0744344 0.0106794 0.0472705 0.0000000 0.0464090 0.0540996 0.0212813 0.0000000 0.0000000 0.0495002 0.2931962 0.0799980 0.0038520 0.1017761 0.0130267 0.0365349 0.0000000 0.0000000 0.0448053
150 G 150 0.1101612 0.0254967 0.0094838 0.0170964 0.0064212 0.0307547 0.0178721 0.1544686 0.0000000 0.0632344 0.0204478 0.2448925 0.0099245 0.0590997 0.1297570 0.0219613 0.0197529 0.0135813 0.0277921 0.0178016
151 S 151 0.0874551 0.0973008 0.0046729 0.0000000 0.0064027 0.0330349 0.0274634 0.0666739 0.0331982 0.0678573 0.0626460 0.1758855 0.0049791 0.0180090 0.0347903 0.1880797 0.0493419 0.0000000 0.0135210 0.0286883
152 K 152 0.0782883 0.0418314 0.0202472 0.0055875 0.0102802 0.0183596 0.0661745 0.0414503 0.0169643 0.0106228 0.0821682 0.3276326 0.0085704 0.0393681 0.0844592 0.0670945 0.0533692 0.0000000 0.0000000 0.0275317
153 K 153 0.0780534 0.0551164 0.0247844 0.0062004 0.0087817 0.0332878 0.0673123 0.0551344 0.0023495 0.0286618 0.0431285 0.3838610 0.0171110 0.0249120 0.0270839 0.0487966 0.0186287 0.0000000 0.0008750 0.0759211
154 A 154 0.2048433 0.0449057 0.0013403 0.0086936 0.0031571 0.0796429 0.0408254 0.0399697 0.0197555 0.0042441 0.0683934 0.2327761 0.0030853 0.0604855 0.0083179 0.1134181 0.0562534 0.0019555 0.0017447 0.0061927
155 V 155 0.0959463 0.1319302 0.0176776 0.0083337 0.0042307 0.0619869 0.0265533 0.0744253 0.0102052 0.0237385 0.0317847 0.1487866 0.0292282 0.0000000 0.0864014 0.0423204 0.0702142 0.0000000 0.0000000 0.1362370
156 T 156 0.0993717 0.0699248 0.0084261 0.0166100 0.0000000 0.0395690 0.0481003 0.0950570 0.0117030 0.0089540 0.0398094 0.2015073 0.0096342 0.0000000 0.0600585 0.0764801 0.1624512 0.0104425 0.0000000 0.0419008
157 K 157 0.1598421 0.0755196 0.0259138 0.0178781 0.0037968 0.0599656 0.1019684 0.0502504 0.0229062 0.0438444 0.0171247 0.2315077 0.0016778 0.0000000 0.0632471 0.0664779 0.0306782 0.0000000 0.0000000 0.0274011
158 A 158 0.1676675 0.0690706 0.0281188 0.0207562 0.0061433 0.0624029 0.0166876 0.0791422 0.0178535 0.0831245 0.0049088 0.1450269 0.0033678 0.0142106 0.0711019 0.0631629 0.0543613 0.0000000 0.0190038 0.0738890
159 Q 159 0.1361173 0.1361425 0.0047358 0.0201320 0.0079216 0.1392457 0.0502555 0.1171154 0.0065214 0.0130212 0.0153012 0.1185699 0.0142601 0.0234420 0.0720583 0.0501632 0.0311979 0.0000000 0.0074703 0.0363289
160 K 160 0.0517382 0.1541951 0.0213212 0.0552672 0.0228150 0.0380049 0.0476652 0.1217466 0.0075180 0.0386220 0.0150433 0.2742687 0.0000000 0.0000000 0.0488805 0.0531156 0.0248136 0.0000000 0.0000000 0.0249849
161 K 161 0.0261200 0.0767787 0.0199351 0.0364441 0.0082705 0.0295611 0.0565373 0.0659542 0.0299612 0.0307249 0.0818417 0.2670294 0.0012426 0.0018641 0.0787980 0.0477805 0.0563344 0.0253852 0.0136252 0.0458120
162 D 162 0.0524547 0.0857700 0.0269286 0.1415608 0.0249268 0.0304583 0.0556868 0.0923766 0.0323257 0.0118342 0.0137553 0.1887478 0.0007457 0.0030167 0.0535617 0.0721217 0.0582502 0.0043214 0.0000000 0.0511570
163 G 163 0.0494918 0.0982536 0.0288650 0.0671711 0.0351696 0.0558321 0.0502790 0.1623526 0.0057605 0.0148083 0.0304482 0.2164259 0.0224038 0.0066065 0.0238982 0.0677214 0.0458026 0.0000000 0.0018565 0.0168534
164 K 164 0.0399510 0.1105849 0.0354286 0.0360878 0.0254335 0.0048948 0.0394347 0.0446419 0.0504021 0.0226132 0.0950106 0.3638823 0.0034414 0.0000000 0.0248256 0.0741114 0.0169623 0.0000000 0.0050562 0.0072377
165 K 165 0.0114721 0.0898808 0.0144532 0.0376997 0.0427128 0.0084023 0.0091429 0.0475903 0.0332440 0.0085603 0.0208646 0.4492342 0.0050593 0.0127060 0.0471873 0.0964913 0.0461650 0.0000000 0.0084909 0.0106430
166 R 166 0.0481571 0.2793594 0.0321028 0.0114826 0.0298314 0.0382361 0.0459310 0.0586277 0.0649571 0.0042551 0.0398662 0.1367367 0.0069297 0.0000000 0.0199761 0.1310231 0.0287935 0.0000000 0.0203477 0.0033866
167 K 167 0.0665934 0.0840834 0.0498472 0.0295153 0.0217189 0.0009047 0.0561120 0.0725180 0.0643676 0.0537549 0.0371221 0.2708062 0.0035123 0.0000000 0.0405246 0.0635379 0.0710963 0.0000000 0.0000000 0.0139852
168 R 168 0.0273043 0.2128755 0.0526837 0.0469926 0.0383393 0.0193689 0.0402418 0.0377485 0.0416425 0.0466822 0.0663620 0.2296397 0.0050039 0.0407897 0.0219842 0.0405284 0.0028290 0.0000000 0.0031643 0.0258194
169 S 169 0.0331612 0.1197725 0.0292566 0.0464201 0.0355852 0.0206933 0.0515023 0.0523371 0.0357013 0.0166523 0.0209976 0.1880265 0.0215049 0.0188792 0.0135578 0.2033810 0.0599759 0.0056805 0.0024707 0.0244438
170 R 170 0.0021797 0.3610639 0.0646229 0.0704705 0.0372958 0.0354719 0.0115105 0.0765440 0.0196428 0.0032694 0.0180781 0.0954799 0.0028276 0.0163592 0.0304652 0.0889663 0.0422142 0.0000000 0.0000000 0.0235378
171 K 171 0.0356758 0.0648662 0.0299760 0.0250894 0.0000000 0.0329945 0.0151545 0.0497417 0.0501885 0.0571581 0.0526128 0.3283872 0.0124801 0.0251905 0.0324821 0.0500459 0.0257481 0.0284423 0.0199322 0.0638341
172 E 172 0.0294547 0.0780504 0.0175647 0.1129091 0.0000000 0.0260454 0.3447087 0.0740997 0.0204214 0.0177552 0.0354019 0.0403138 0.0181873 0.0475850 0.0305303 0.0360103 0.0130143 0.0000000 0.0216145 0.0363330
173 S 173 0.0203231 0.0238237 0.0922046 0.0294033 0.0139828 0.0000000 0.0386530 0.0718559 0.0098169 0.0077789 0.0167018 0.0823562 0.0037483 0.0054585 0.0301883 0.4236824 0.1245580 0.0000000 0.0000000 0.0054643
174 Y 174 0.0056510 0.0332061 0.0563547 0.0459085 0.0054227 0.0000000 0.0146792 0.0434270 0.0078825 0.0256627 0.0306422 0.0355244 0.0036121 0.2037195 0.0000000 0.0040251 0.0423796 0.0301710 0.3887288 0.0230029
175 S 175 0.1859461 0.0536495 0.0335708 0.0071148 0.0007952 0.0686510 0.0053455 0.0846508 0.0095234 0.0763581 0.0037590 0.1330004 0.0000000 0.0071999 0.0011125 0.2209725 0.0545888 0.0008232 0.0250349 0.0279035
176 I 176 0.0488141 0.0481274 0.0145038 0.0215975 0.0030595 0.0181113 0.0381008 0.0648268 0.0000000 0.2328821 0.0965345 0.0058766 0.0484868 0.0037266 0.0199157 0.0773319 0.1347892 0.0000000 0.0000000 0.1233153
177 Y 177 0.0446418 0.0020846 0.0323470 0.0795443 0.0000000 0.0000000 0.0474345 0.0149742 0.0304463 0.0227810 0.0270679 0.0252365 0.0000000 0.0146983 0.0000000 0.0208613 0.0000000 0.0000000 0.6054556 0.0324267
178 V 178 0.0418744 0.0159859 0.0100211 0.0081522 0.0000000 0.0000000 0.0000000 0.0273041 0.0000000 0.3828053 0.0374741 0.0000000 0.0153933 0.1137897 0.0111150 0.0688720 0.0294725 0.0000000 0.0243381 0.2134024
179 Y 179 0.0122883 0.0675583 0.0251750 0.0048986 0.0111452 0.0000000 0.0091306 0.0425325 0.0373714 0.0000000 0.0147394 0.0717296 0.0000000 0.0655301 0.0854164 0.0728403 0.0559246 0.0218792 0.3721660 0.0296746
180 K 180 0.0094747 0.2466869 0.0056189 0.0059486 0.0000000 0.0110891 0.1072604 0.0184929 0.0000000 0.0024509 0.0111518 0.4864816 0.0000000 0.0000000 0.0039861 0.0482766 0.0353899 0.0000000 0.0030970 0.0045947
181 V 181 0.0432277 0.0000000 0.0251232 0.0051605 0.0000000 0.0000000 0.0381330 0.0066205 0.0708476 0.0368752 0.0873610 0.0096656 0.0059722 0.0000000 0.0081646 0.0312719 0.0219346 0.0000000 0.0000000 0.6096425
182 L 182 0.0570739 0.0148888 0.0193294 0.0373435 0.0184039 0.0000000 0.0000000 0.0245681 0.0000000 0.0333871 0.6793731 0.0118877 0.0048337 0.0194895 0.0000000 0.0000000 0.0515890 0.0000000 0.0000000 0.0278324
183 K 183 0.0146850 0.0832584 0.0149707 0.0000000 0.0000000 0.0271275 0.0000000 0.0930318 0.0000000 0.0055858 0.0065135 0.6413323 0.0038357 0.0000000 0.0000000 0.0399440 0.0406201 0.0000000 0.0000000 0.0290951
184 Q 184 0.0503232 0.0425693 0.0177582 0.0241953 0.0000000 0.5066432 0.0462314 0.0061010 0.0229493 0.0000000 0.0554404 0.0334025 0.0000000 0.0122624 0.0674746 0.0842790 0.0019248 0.0074071 0.0000000 0.0210380
185 V 185 0.0073141 0.0106436 0.0000000 0.0438324 0.0185716 0.0000000 0.0039478 0.0607790 0.0000000 0.1082190 0.0592177 0.0000000 0.0030668 0.0259540 0.0000000 0.0112336 0.0058693 0.0000000 0.0000000 0.6413511
186 H 186 0.0113621 0.0229614 0.0396752 0.0723791 0.0000000 0.0115653 0.0649621 0.0079358 0.5730857 0.0034626 0.0017837 0.0292721 0.0169432 0.0077251 0.0000000 0.0511935 0.0224784 0.0000000 0.0172586 0.0459561
187 P 187 0.0308974 0.0240576 0.0083169 0.0509452 0.0111543 0.0459642 0.0308081 0.0570268 0.0359020 0.0032961 0.0180486 0.0410451 0.0104574 0.0000000 0.4752706 0.0190131 0.1158423 0.0000000 0.0000000 0.0219544
188 D 188 0.0057746 0.0187320 0.0486406 0.4200579 0.0000000 0.0319820 0.0450989 0.1281055 0.0107863 0.0000000 0.0524795 0.0467413 0.0136961 0.0664834 0.0073529 0.0154461 0.0335272 0.0000000 0.0085555 0.0465404
189 T 189 0.0188912 0.0385369 0.0095162 0.0127549 0.0058248 0.0108508 0.0166510 0.0157311 0.0145045 0.1382063 0.2001666 0.0146615 0.0398127 0.0257029 0.0010563 0.0040869 0.3864075 0.0000000 0.0140089 0.0326289
