  262         A         R         N         D         C         Q         E         G         H         I         L         K         M         F         P         S         T         W         Y         V         X    
  1 G   1 0.0000000 0.0000000 0.0000000 0.0000000 0.0000000 0.0000000 0.0000000 0.0225079 0.0000000 0.0000000 0.0000000 0.0000000 0.0000000 0.0000000 0.0000000 0.0000000 0.0000000 0.0000000 0.0000000 0.0000000 0.9774921
  2 P   2 0.0000000 0.0000000 0.0016467 0.0000000 0.0000000 0.0000000 0.0000000 0.0022345 0.0000000 0.0017628 0.0000000 0.0294856 0.0000000 0.0000000 0.0095272 0.0000000 0.0000000 0.0000000 0.0000000 0.0000000 0.9553431
  3 G   3 0.0012406 0.0000000 0.0032035 0.0000000 0.0000000 0.0020690 0.0112828 0.0188567 0.0000000 0.0000000 0.0000000 0.0000000 0.0009550 0.0000000 0.0093213 0.0051844 0.0016633 0.0000000 0.0000000 0.0022913 0.9439322
  4 M   4 0.0058272 0.0000000 0.0000000 0.0000000 0.0022759 0.0010194 0.0028734 0.0000000 0.0032463 0.0000000 0.0019894 0.0282923 0.2659027 0.0000000 0.0000000 0.0000000 0.0026784 0.0000000 0.0000000 0.0016467 0.6842483
  5 S   5 0.0621310 0.0018543 0.0000000 0.0000000 0.0000000 0.0000000 0.0010964 0.0065161 0.0000000 0.0036825 0.0022282 0.0011409 0.0000000 0.0000000 0.0026784 0.2440720 0.0028671 0.0000000 0.0000000 0.0000000 0.6717330
  6 G   6 0.0433731 0.0018485 0.0070960 0.0008067 0.0035526 0.0010048 0.0027039 0.2233614 0.0000000 0.0000000 0.0000000 0.0000000 0.0000000 0.0000000 0.0000000 0.0426484 0.0030448 0.0022759 0.0000000 0.0027094 0.6655745
  7 R   7 0.0010740 0.2098831 0.0094772 0.0000000 0.0097222 0.0050291 0.0043554 0.0152136 0.0056860 0.0000000 0.0000000 0.0703587 0.0000000 0.0000000 0.0017270 0.0107487 0.0015414 0.0000000 0.0000000 0.0000000 0.6551835
  8 G   8 0.0124356 0.0179182 0.0000000 0.0025302 0.0000000 0.0000000 0.0048840 0.2646919 0.0000000 0.0000000 0.0000000 0.0258001 0.0000000 0.0000000 0.0000000 0.0049982 0.0047215 0.0000000 0.0000000 0.0022761 0.6597440
  9 K   9 0.0060526 0.0091856 0.0078411 0.0011103 0.0000000 0.0076481 0.0056806 0.0325199 0.0000000 0.0025435 0.0029829 0.1993467 0.0000000 0.0000000 0.0000000 0.0169107 0.0007298 0.0000000 0.0000000 0.0006749 0.7067731
 10 Q  10 0.0103021 0.0242346 0.0131064 0.0199021 0.0000000 0.0655692 0.0182610 0.0211537 0.0010058 0.0000000 0.0011812 0.0460995 0.0107109 0.0000000 0.0097198 0.0197911 0.0250622 0.0000000 0.0000000 0.0028368 0.7110635
 11 G  11 0.0273771 0.0031925 0.0061289 0.0056084 0.0021701 0.0016633 0.0011505 0.1645875 0.0000000 0.0000000 0.0012609 0.0198383 0.0000000 0.0088293 0.0067340 0.0685478 0.0109007 0.0000000 0.0000000 0.0033420 0.6686687
 12 G  12 0.0393020 0.0059929 0.0068357 0.0007301 0.0116308 0.0028021 0.0080058 0.2309794 0.0033542 0.0000000 0.0110722 0.0398743 0.0045956 0.0013829 0.0029657 0.0230081 0.0022443 0.0000000 0.0000000 0.0044311 0.6007929
 13 K  13 0.0238290 0.0445796 0.0017425 0.0023616 0.0000000 0.0065026 0.0228972 0.0214349 0.0068945 0.0005630 0.0035803 0.2349750 0.0000000 0.0028661 0.0096267 0.0198484 0.0054901 0.0000000 0.0000000 0.0006948 0.5921135
 14 A  14 0.1616668 0.0241968 0.0044859 0.0137207 0.0000000 0.0019834 0.0074208 0.0199449 0.0027918 0.0023822 0.0007741 0.0909433 0.0000000 0.0026329 0.0408540 0.0275131 0.0252372 0.0000000 0.0038429 0.0192573 0.5503518
 15 R  15 0.0441373 0.1697190 0.0025665 0.0027352 0.0044733 0.0013367 0.0052343 0.0142921 0.0090740 0.0007772 0.0038116 0.1519933 0.0000000 0.0000000 0.0051523 0.0254652 0.0161515 0.0000000 0.0000000 0.0042549 0.5388256
 16 A  16 0.1089956 0.0463984 0.0055511 0.0233664 0.0049680 0.0047268 0.0105318 0.0398868 0.0000000 0.0071308 0.0061048 0.0875836 0.0118779 0.0000000 0.0026862 0.0447959 0.0569725 0.0000000 0.0000000 0.0132078 0.5252156
 17 K  17 0.0451537 0.0185849 0.0038962 0.0041368 0.0000000 0.0309433 0.0331353 0.0158255 0.0093169 0.0000000 0.0006245 0.2294926 0.0007084 0.0000000 0.0082663 0.0378620 0.0447587 0.0021498 0.0000000 0.0010430 0.5141019
 18 A  18 0.1260580 0.0313732 0.0088575 0.0019882 0.0019292 0.0105017 0.0000000 0.0215762 0.0036820 0.0160254 0.0283125 0.0871125 0.0000000 0.0065308 0.0489064 0.0707814 0.0272557 0.0000000 0.0019066 0.0127462 0.4944565
 19 K  19 0.0070539 0.0213565 0.0094055 0.0000000 0.0014121 0.0371577 0.0319394 0.0055612 0.0057040 0.0329867 0.0441587 0.1152005 0.0242652 0.0000000 0.0048045 0.0117174 0.0665745 0.0000000 0.0000000 0.0956983 0.4850040
 20 T  20 0.0060654 0.0022161 0.0022374 0.0187025 0.0026860 0.0000000 0.0013924 0.0000000 0.0045715 0.0014121 0.0052282 0.0363492 0.0026027 0.0000000 0.0019066 0.3147815 0.1341810 0.0000000 0.0000000 0.0000000 0.4656674
 21 R  21 0.0000000 0.3480926 0.0011696 0.0042549 0.0071515 0.0134252 0.0048616 0.0290436 0.0203029 0.0015037 0.0064206 0.0748070 0.0062944 0.0000000 0.0014121 0.0082258 0.0028661 0.0019169 0.0041130 0.0016981 0.4624405
 22 S  22 0.0080877 0.0093213 0.0000000 0.0000000 0.0000000 0.0025286 0.0000000 0.0000000 0.0043839 0.0014121 0.0106344 0.0364191 0.0000000 0.0019066 0.0059003 0.4541252 0.0063461 0.0046855 0.0000000 0.0000000 0.4542492
 23 S  23 0.1398350 0.0119856 0.0140542 0.0027768 0.0022814 0.0290349 0.0036714 0.0004896 0.0025008 0.0140988 0.0047612 0.0716916 0.0041203 0.0080045 0.0048053 0.1733694 0.0387191 0.0000000 0.0008084 0.0311789 0.4418126
 24 R  24 0.0000000 0.3084273 0.0042549 0.0000000 0.0009404 0.0062395 0.0000000 0.0000000 0.0009682 0.0000000 0.0079757 0.2202500 0.0000000 0.0000000 0.0000000 0.0142930 0.0000000 0.0044733 0.0000000 0.0016981 0.4304797
 25 A  25 0.4580759 0.0000000 0.0000000 0.0106062 0.0000000 0.0000000 0.0026860 0.0053779 0.0019882 0.0000000 0.0026784 0.0237688 0.0000000 0.0000000 0.0016981 0.0427850 0.0292238 0.0000000 0.0000000 0.0082090 0.4129026
 26 G  26 0.0039931 0.0018122 0.0125128 0.0072111 0.0038686 0.0038042 0.0494196 0.4174183 0.0038569 0.0000000 0.0013924 0.0244652 0.0019882 0.0009404 0.0340490 0.0175567 0.0000000 0.0005797 0.0000000 0.0036542 0.4114774
 27 L  27 0.0000000 0.0000000 0.0000000 0.0000000 0.0019882 0.0022570 0.0000000 0.0000000 0.0000000 0.0259637 0.4451134 0.0000000 0.0000000 0.0025028 0.0093847 0.0077000 0.0062944 0.0000000 0.0000000 0.0868599 0.4119358
 28 Q  28 0.0073813 0.0018147 0.0072467 0.0000000 0.0010224 0.3301226 0.0113380 0.0022570 0.0105013 0.0626088 0.0459222 0.0021280 0.0000000 0.0000000 0.0000000 0.0067172 0.0260234 0.0032990 0.0000000 0.0680314 0.4135862
 29 F  29 0.0000000 0.0000000 0.0000000 0.0000000 0.0000000 0.0000000 0.0000000 0.0106062 0.0000000 0.0187527 0.0507262 0.0000000 0.0014370 0.4866866 0.0026371 0.0000000 0.0093213 0.0000000 0.0000000 0.0043072 0.4155257
 30 P  30 0.0008462 0.0114586 0.0042549 0.0000000 0.0000000 0.0000000 0.0000000 0.0000000 0.0000000 0.0129414 0.0059034 0.0000000 0.0000000 0.0000000 0.5234055 0.0168245 0.0000000 0.0000000 0.0093213 0.0000000 0.4150444
 31 V  31 0.0026371 0.0000000 0.0000000 0.0011103 0.0067825 0.0000000 0.0000000 0.0000000 0.0000000 0.0014301 0.0010224 0.0207799 0.0166483 0.0000000 0.0042549 0.0000000 0.0150795 0.0026784 0.0000000 0.5261376 0.4014388
 32 G  32 0.0184155 0.0010224 0.0073568 0.0487911 0.0060120 0.0020690 0.0000000 0.3808902 0.0000000 0.0230962 0.0141370 0.0106062 0.0000000 0.0025286 0.0000000 0.0787317 0.0023066 0.0000000 0.0000000 0.0008595 0.4031770
 33 R  33 0.0000000 0.4857834 0.0000000 0.0000000 0.0145152 0.0057401 0.0000000 0.0055736 0.0112562 0.0000000 0.0063972 0.0303943 0.0000000 0.0042549 0.0220648 0.0005939 0.0000000 0.0017603 0.0093213 0.0000000 0.4023448
 34 V  34 0.0135925 0.0000000 0.0000000 0.0000000 0.0024011 0.0000000 0.0000000 0.0005257 0.0000000 0.2496651 0.0362487 0.0137750 0.0607309 0.0193065 0.0000000 0.0000000 0.0018501 0.0000000 0.0000000 0.2033591 0.3985454
 35 H  35 0.0454123 0.0312725 0.0036967 0.0330877 0.0000000 0.0155826 0.0325668 0.0389513 0.2847459 0.0106062 0.0317465 0.0188916 0.0231731 0.0097080 0.0000000 0.0135495 0.0047293 0.0000000 0.0056516 0.0000000 0.3966285
 36 R  36 0.0018229 0.4747048 0.0000000 0.0000000 0.0022335 0.0330037 0.0000000 0.0028734 0.0145610 0.0010413 0.0044733 0.0210073 0.0000000 0.0000000 0.0000000 0.0252089 0.0154524 0.0007668 0.0046201 0.0000000 0.3982307
 37 L  37 0.0061448 0.0185540 0.0042188 0.0000000 0.0071159 0.0108571 0.0000000 0.0016549 0.0513605 0.0045062 0.2270579 0.0062382 0.0203899 0.0646045 0.0026371 0.0044532 0.0006273 0.0000000 0.1637993 0.0093213 0.3964592
 38 L  38 0.0000000 0.0000000 0.0000000 0.0000000 0.0000000 0.0000000 0.0000000 0.0000000 0.0000000 0.0327189 0.5212745 0.0000000 0.0078708 0.0044353 0.0089009 0.0000000 0.0000000 0.0000000 0.0000000 0.0294884 0.3953112
 39 R  39 0.0106062 0.2407227 0.0000000 0.0000000 0.0000000 0.0482040 0.0000000 0.0021498 0.0094926 0.0000000 0.0106524 0.2672792 0.0000000 0.0044733 0.0000000 0.0062764 0.0059602 0.0009993 0.0000000 0.0000000 0.3931840
 40 K  40 0.0209631 0.0704022 0.0144502 0.0078190 0.0018122 0.0403145 0.0654794 0.0081583 0.0086490 0.0144691 0.0029287 0.2976090 0.0046013 0.0000000 0.0000000 0.0275080 0.0237234 0.0000000 0.0000000 0.0050186 0.3860940
 41 G  41 0.0160735 0.0805484 0.0097477 0.0080197 0.0084055 0.0005295 0.0462207 0.3750961 0.0030573 0.0140868 0.0023352 0.0008650 0.0106391 0.0012866 0.0000000 0.0279798 0.0012084 0.0000000 0.0000000 0.0110125 0.3828883
 42 N  42 0.0230442 0.0808315 0.1697179 0.0022814 0.0143421 0.0360773 0.0000000 0.0181866 0.0404789 0.0058913 0.0236263 0.0351567 0.0000000 0.0028649 0.0012630 0.0110985 0.0908805 0.0000000 0.0000000 0.0613706 0.3828883
 43 Y  43 0.0084227 0.0058807 0.0051832 0.0026860 0.0065169 0.0239503 0.0000000 0.0141160 0.0460742 0.0022759 0.0552482 0.0028661 0.0011409 0.0254523 0.0427406 0.0233845 0.0314633 0.0023266 0.3125986 0.0047847 0.3828883
 44 S  44 0.2758644 0.0068765 0.0134183 0.0207799 0.0081991 0.0501922 0.0000000 0.0162305 0.0419633 0.0023352 0.0083530 0.0680067 0.0000000 0.0000000 0.0000000 0.0730804 0.0101027 0.0000000 0.0044733 0.0172363 0.3828883
 45 E  45 0.0033966 0.0294581 0.0210174 0.0126229 0.0079377 0.0872865 0.1559423 0.0031218 0.0614461 0.0120967 0.0040784 0.0636298 0.0190600 0.0295568 0.0067877 0.0066676 0.0042095 0.0023352 0.0856834 0.0007772 0.3828883
 46 R  46 0.0000000 0.5061248 0.0000000 0.0000000 0.0053354 0.0026199 0.0000000 0.0131899 0.0236574 0.0007885 0.0046386 0.0520585 0.0000000 0.0000000 0.0045513 0.0041473 0.0000000 0.0000000 0.0000000 0.0000000 0.3828883
 47 V  47 0.0000000 0.0000000 0.0000000 0.0000000 0.0094651 0.0000000 0.0000000 0.0021972 0.0038686 0.2141946 0.0740251 0.0025286 0.0008956 0.0264739 0.0031019 0.0023433 0.0030241 0.0000000 0.0014976 0.2649754 0.3914090
 48 G  48 0.0196508 0.0076644 0.0132779 0.0462207 0.0022759 0.0265981 0.0070425 0.3814524 0.0000000 0.0000000 0.0000000 0.0000000 0.0000000 0.0000000 0.0000000 0.0980462 0.0079818 0.0000000 0.0028649 0.0038686 0.3830560
 49 A  49 0.2604156 0.0040463 0.0040315 0.0000000 0.0024853 0.0023066 0.0137750 0.0243054 0.0000000 0.0052675 0.0078442 0.0029130 0.0150114 0.0006647 0.0093823 0.1679318 0.0231734 0.0000000 0.0000000 0.0733900 0.3830560
 50 G  50 0.0161103 0.0026784 0.0080899 0.0087085 0.0050965 0.0473965 0.0000000 0.3178565 0.0000000 0.0010411 0.0159789 0.0349741 0.0040201 0.0000000 0.0083530 0.0748150 0.0692429 0.0000000 0.0000000 0.0025824 0.3830560
 51 A  51 0.4467704 0.0000000 0.0000000 0.0021972 0.0052368 0.0000000 0.0022282 0.0094020 0.0000000 0.0106062 0.0083530 0.0000000 0.0044733 0.0000000 0.0035716 0.0283671 0.0357425 0.0000000 0.0000000 0.0462207 0.3968310
 52 P  52 0.1007703 0.0021972 0.0028661 0.0031166 0.0000000 0.0085277 0.0000000 0.0025599 0.0000000 0.0000000 0.0381093 0.0000000 0.0157033 0.0000000 0.3416360 0.0780204 0.0000000 0.0000000 0.0106062 0.0123122 0.3835749
 53 V  53 0.0042882 0.0000000 0.0014270 0.0137750 0.0000000 0.0000000 0.0118846 0.0093213 0.0021272 0.0367535 0.0477863 0.0000000 0.0114586 0.0067874 0.0000000 0.0021972 0.0038686 0.0000000 0.0000000 0.4645304 0.3837949
 54 Y  54 0.0153272 0.0000000 0.0000000 0.0000000 0.0055246 0.0028734 0.0106062 0.0000000 0.0000000 0.0093213 0.0137750 0.0000000 0.0000000 0.0982515 0.0000000 0.0018122 0.0000000 0.0000000 0.4603154 0.0000000 0.3821932
 55 L  55 0.0056138 0.0000000 0.0000000 0.0137750 0.0044971 0.0189638 0.0000000 0.0000000 0.0000000 0.0088614 0.3543699 0.0022223 0.1031982 0.0054210 0.0026371 0.0386261 0.0316336 0.0000000 0.0000000 0.0305437 0.3796371
 56 A  56 0.4177947 0.0106062 0.0093213 0.0000000 0.0006627 0.0114586 0.0009798 0.0072938 0.0038686 0.0093943 0.0164609 0.0000000 0.0000000 0.0012784 0.0000000 0.0289906 0.0449465 0.0000000 0.0000000 0.0553999 0.3815437
 57 A  57 0.4774484 0.0024105 0.0000000 0.0000000 0.0000000 0.0000000 0.0114586 0.0793503 0.0000000 0.0000000 0.0020915 0.0000000 0.0000000 0.0000000 0.0000000 0.0362150 0.0037302 0.0000000 0.0000000 0.0057517 0.3815437
 58 V  58 0.0153859 0.0000000 0.0000000 0.0083530 0.0007722 0.0000000 0.0000000 0.0000000 0.0000000 0.0795309 0.0044971 0.0000000 0.0000000 0.0116564 0.0137750 0.0084067 0.0047168 0.0000000 0.0000000 0.4718813 0.3810248
 59 L  59 0.0000000 0.0000000 0.0023281 0.0000000 0.0000000 0.0000000 0.0000000 0.0000000 0.0000000 0.0761945 0.4695403 0.0000000 0.0402093 0.0000000 0.0067440 0.0114586 0.0039739 0.0000000 0.0000000 0.0085264 0.3810248
 60 E  60 0.0000000 0.0023281 0.0093213 0.0000000 0.0000000 0.0133505 0.5741699 0.0083530 0.0000000 0.0000000 0.0000000 0.0106062 0.0000000 0.0000000 0.0000000 0.0000000 0.0000000 0.0000000 0.0000000 0.0000000 0.3818710
 61 Y  61 0.0114586 0.0000000 0.0065718 0.0129278 0.0059770 0.0000000 0.0000000 0.0000000 0.0026371 0.0000000 0.0000000 0.0083530 0.0000000 0.0068110 0.0000000 0.0000000 0.0000000 0.0035526 0.5502021 0.0106062 0.3809028
 62 L  62 0.0000000 0.0023433 0.0000000 0.0000000 0.0000000 0.0014270 0.0083530 0.0000000 0.0000000 0.0576109 0.4946724 0.0000000 0.0178235 0.0148611 0.0000000 0.0000000 0.0000000 0.0000000 0.0114586 0.0101632 0.3812870
 63 T  63 0.1593692 0.0027099 0.0000000 0.0000000 0.0146291 0.0000000 0.0000000 0.0021100 0.0000000 0.0091620 0.0341903 0.0000000 0.0198718 0.0093213 0.0000000 0.0802544 0.2635903 0.0000000 0.0000000 0.0235047 0.3812870
 64 A  64 0.4841466 0.0000000 0.0012283 0.0000000 0.0000000 0.0000000 0.0199275 0.0093889 0.0035526 0.0028899 0.0096352 0.0137750 0.0023281 0.0020611 0.0021498 0.0310763 0.0163687 0.0000000 0.0022814 0.0179035 0.3812870
 65 E  65 0.0083530 0.0008038 0.0474529 0.0521873 0.0137750 0.0048529 0.4511838 0.0114586 0.0000000 0.0000000 0.0000000 0.0286458 0.0000000 0.0000000 0.0000000 0.0000000 0.0000000 0.0000000 0.0000000 0.0000000 0.3812870
 66 I  66 0.0100516 0.0000000 0.0000000 0.0000000 0.0000000 0.0000000 0.0000000 0.0017370 0.0000000 0.3051213 0.0345804 0.0000000 0.0027212 0.0000000 0.0000000 0.0083530 0.0082507 0.0000000 0.0137750 0.2343860 0.3810238
 67 L  67 0.0093213 0.0000000 0.0029669 0.0000000 0.0014444 0.0000000 0.0000000 0.0000000 0.0068458 0.0344587 0.5006391 0.0020083 0.0137933 0.0220135 0.0181621 0.0000000 0.0042250 0.0038812 0.0000000 0.0060632 0.3741773
 68 E  68 0.0016023 0.0106062 0.0000000 0.0174395 0.0000000 0.0110298 0.4900602 0.0089956 0.0000000 0.0000000 0.0000000 0.0516744 0.0017370 0.0000000 0.0000000 0.0107987 0.0000000 0.0000000 0.0082495 0.0107635 0.3770432
 69 L  69 0.0008161 0.0000000 0.0000000 0.0220648 0.0093889 0.0000000 0.0093213 0.0000000 0.0000000 0.0221262 0.5107401 0.0223147 0.0155922 0.0000000 0.0026371 0.0053751 0.0040583 0.0000000 0.0000000 0.0008536 0.3747116
 70 A  70 0.4872213 0.0000000 0.0000000 0.0000000 0.0000000 0.0093889 0.0000000 0.0130663 0.0000000 0.0000000 0.0000000 0.0271601 0.0017370 0.0000000 0.0014098 0.0568617 0.0186173 0.0000000 0.0000000 0.0114819 0.3730557
 71 G  71 0.0077572 0.0065573 0.0134669 0.0139604 0.0000000 0.0000000 0.0224059 0.4852992 0.0117041 0.0153084 0.0042294 0.0089454 0.0000000 0.0000000 0.0000000 0.0146697 0.0011604 0.0024312 0.0015999 0.0176174 0.3728872
 72 N  72 0.0044971 0.0093213 0.4563412 0.0029506 0.0000000 0.0050102 0.0108421 0.0018229 0.0065394 0.0044724 0.0198116 0.0557489 0.0041113 0.0037454 0.0000000 0.0196580 0.0146489 0.0000000 0.0084378 0.0000000 0.3720411
 73 A  73 0.3784829 0.0062727 0.0042549 0.0000000 0.0198116 0.0018229 0.0572959 0.0021272 0.0000000 0.0118047 0.0189622 0.0000000 0.0023281 0.0084716 0.0026784 0.0138012 0.0128763 0.0028649 0.0594598 0.0244656 0.3722191
 74 A  74 0.4006187 0.0243135 0.0007412 0.0000000 0.0117445 0.0000000 0.0072084 0.0000000 0.0000000 0.0000000 0.0105454 0.0000000 0.0000000 0.0000000 0.0150697 0.0648304 0.0347515 0.0000000 0.0000000 0.0542573 0.3759193
 75 R  75 0.0023085 0.2971911 0.0026329 0.0083530 0.0191842 0.0191004 0.0169810 0.0014098 0.0233649 0.0128231 0.0039001 0.1867116 0.0016149 0.0028649 0.0032070 0.0056324 0.0081446 0.0023281 0.0046440 0.0021272 0.3754764
 76 D  76 0.0116445 0.0030571 0.0751431 0.3929507 0.0000000 0.0136015 0.0108325 0.0129091 0.0286042 0.0158360 0.0097106 0.0098705 0.0000000 0.0024105 0.0000000 0.0067230 0.0106909 0.0000000 0.0177928 0.0018384 0.3763845
 77 N  77 0.0330534 0.0000000 0.3196515 0.0126390 0.0011143 0.0080171 0.0000000 0.0000000 0.0204787 0.0624268 0.0808024 0.0133755 0.0007162 0.0046771 0.0093889 0.0393158 0.0057826 0.0000000 0.0092715 0.0000000 0.3792893
 78 K  78 0.0000000 0.0607198 0.0216437 0.0000000 0.0082208 0.0050669 0.0095090 0.0326642 0.0262510 0.0000000 0.0093889 0.4374655 0.0000000 0.0000000 0.0000000 0.0107260 0.0024312 0.0000000 0.0000000 0.0000000 0.3759131
 79 K  79 0.0032785 0.0911827 0.0000000 0.0000000 0.0000000 0.0125025 0.0159440 0.0000000 0.0530664 0.0000000 0.0142741 0.3369860 0.0047178 0.0000000 0.0033000 0.0103103 0.0075507 0.0000000 0.0000000 0.0747441 0.3721428
 80 T  80 0.0269483 0.0260127 0.0414952 0.0000000 0.0008752 0.0215505 0.0117055 0.0470502 0.0139858 0.0220303 0.0096832 0.1135550 0.0127287 0.0000000 0.0136383 0.0588587 0.1376832 0.0000000 0.0137750 0.0551439 0.3732805
 81 R  81 0.0093889 0.4387194 0.0034049 0.0000000 0.0231357 0.0012379 0.0462207 0.0176436 0.0009993 0.0000000 0.0151344 0.0029579 0.0000000 0.0000000 0.0067482 0.0140499 0.0371673 0.0000000 0.0072084 0.0027032 0.3732805
 82 I  82 0.0000000 0.0000000 0.0016094 0.0000000 0.0000000 0.0000000 0.0000000 0.0000000 0.0000000 0.5092138 0.0384511 0.0000000 0.0000000 0.0000000 0.0000000 0.0000000 0.0043170 0.0000000 0.0000000 0.0734744 0.3729343
 83 I  83 0.0383086 0.0000000 0.0252004 0.0000000 0.0000000 0.0021272 0.0000000 0.0000000 0.0000000 0.1493763 0.0173143 0.0078899 0.0163959 0.0030666 0.0000000 0.0639701 0.2636360 0.0000000 0.0000000 0.0397803 0.3729343
 84 P  84 0.0127342 0.0182840 0.0000000 0.0000000 0.0317731 0.0024105 0.0000000 0.0137750 0.0000000 0.0000000 0.0203113 0.0093889 0.0065394 0.0000000 0.4942225 0.0127517 0.0015037 0.0000000 0.0000000 0.0084007 0.3679051
 85 R  85 0.0000000 0.4345151 0.0000000 0.0072084 0.0139955 0.0224154 0.0848599 0.0038686 0.0068423 0.0000000 0.0034049 0.0252336 0.0106062 0.0011923 0.0024312 0.0103984 0.0000000 0.0022570 0.0000000 0.0028661 0.3679051
 86 H  86 0.0038364 0.0033230 0.0012632 0.0716049 0.0000000 0.0228508 0.0207845 0.0024312 0.4613576 0.0013064 0.0080301 0.0093889 0.0088291 0.0015654 0.0043170 0.0065394 0.0042012 0.0000000 0.0004658 0.0000000 0.3679051
 87 L  87 0.0000000 0.0023433 0.0013790 0.0000000 0.0177419 0.0137750 0.0065394 0.0000000 0.0000000 0.2538407 0.2320488 0.0000000 0.0157954 0.0072400 0.0026860 0.0018384 0.0024312 0.0000000 0.0000000 0.0736876 0.3686535
 88 Q  88 0.0008256 0.0420619 0.0110869 0.0051653 0.0274402 0.3060857 0.0296950 0.0000000 0.0086763 0.0000000 0.1167677 0.0144286 0.0147519 0.0034138 0.0018384 0.0000000 0.0081861 0.0000000 0.0098620 0.0287180 0.3709968
 89 L  89 0.0000000 0.0158574 0.0024312 0.0000000 0.0000000 0.0285799 0.0028661 0.0000000 0.0053071 0.0072084 0.4337673 0.0035768 0.0136603 0.0011604 0.0000000 0.0152051 0.0203778 0.0119038 0.0118694 0.0499419 0.3762872
 90 A  90 0.5472784 0.0000000 0.0000000 0.0006511 0.0000000 0.0000000 0.0000000 0.0054703 0.0000000 0.0000000 0.0000000 0.0072084 0.0000000 0.0103758 0.0156134 0.0372514 0.0000000 0.0000000 0.0000000 0.0080767 0.3680745
 91 I  91 0.0050092 0.0114586 0.0000000 0.0000000 0.0000000 0.0000000 0.0000000 0.0093889 0.0021100 0.2766853 0.0419320 0.0000000 0.0579097 0.0055896 0.0000000 0.0113191 0.0201623 0.0000000 0.0000000 0.1928948 0.3655405
 92 R  92 0.0904083 0.3549556 0.0013645 0.0062037 0.0363830 0.0282268 0.0115298 0.0222814 0.0101362 0.0035098 0.0000000 0.0266278 0.0028734 0.0000000 0.0059786 0.0106692 0.0000000 0.0000000 0.0193750 0.0028107 0.3666662
 93 N  93 0.0487547 0.0071295 0.3877792 0.0016023 0.0026329 0.0019834 0.0083530 0.0855318 0.0083357 0.0114586 0.0018147 0.0213770 0.0000000 0.0000000 0.0093889 0.0181813 0.0108942 0.0000000 0.0000000 0.0000000 0.3747828
 94 D  94 0.0000000 0.0135686 0.0437725 0.5092975 0.0000000 0.0000000 0.0028734 0.0041879 0.0065394 0.0000000 0.0209833 0.0105029 0.0000000 0.0000000 0.0000000 0.0054070 0.0000000 0.0000000 0.0000000 0.0000000 0.3828674
 95 E  95 0.0121929 0.0154468 0.0019834 0.0394316 0.0083530 0.0225886 0.3716390 0.0122731 0.0080674 0.0035978 0.0373515 0.0295350 0.0201852 0.0000000 0.0076271 0.0196090 0.0028649 0.0000000 0.0013790 0.0145568 0.3713180
 96 E  96 0.0000000 0.0025340 0.0046887 0.0273675 0.0000000 0.0182193 0.4531445 0.0064498 0.0075789 0.0000000 0.0051653 0.0131692 0.0000000 0.0093889 0.0000000 0.0177557 0.0018485 0.0000000 0.0017225 0.0590946 0.3718726
 97 L  97 0.0000000 0.0114586 0.0000000 0.0000000 0.0009741 0.0000000 0.0065394 0.0137750 0.0016902 0.0119008 0.5430516 0.0000000 0.0025286 0.0213200 0.0104792 0.0013790 0.0000000 0.0000000 0.0000000 0.0051828 0.3697208
 98 N  98 0.0142731 0.0218890 0.2404252 0.0896563 0.0014707 0.0170402 0.0017026 0.0343463 0.0302554 0.0037015 0.0093889 0.0093182 0.0545737 0.0000000 0.0093213 0.0764954 0.0043876 0.0000000 0.0066654 0.0099676 0.3651217
 99 K  99 0.0080323 0.0317746 0.0110927 0.0529004 0.0032738 0.1095724 0.0233039 0.0186356 0.0196798 0.0078539 0.0043488 0.2205207 0.0040177 0.0000000 0.0079525 0.0429774 0.0479251 0.0071159 0.0000000 0.0090276 0.3699948
100 L 100 0.0096235 0.0000000 0.0000000 0.0096897 0.0206207 0.0000000 0.0093213 0.0064035 0.0000000 0.0184063 0.4689620 0.0000000 0.0523480 0.0216238 0.0000000 0.0020915 0.0025340 0.0000000 0.0020690 0.0081889 0.3681176
101 L 101 0.0070982 0.0177198 0.0000000 0.0000000 0.0046320 0.0000000 0.0000000 0.0000000 0.0106679 0.0947053 0.3346215 0.0025119 0.0122886 0.1147132 0.0064035 0.0000000 0.0119009 0.0000000 0.0063590 0.0228508 0.3535273
102 G 102 0.0487562 0.0541992 0.0209545 0.0035483 0.0007400 0.0192431 0.0170519 0.1348367 0.0218321 0.0108870 0.0029427 0.1441455 0.0000000 0.0000000 0.0117004 0.0760303 0.0153090 0.0000000 0.0355764 0.0221827 0.3600639
103 R 103 0.0750817 0.0447523 0.0360937 0.0414113 0.0181787 0.0492345 0.0107723 0.2198753 0.0244582 0.0000000 0.0071159 0.0434535 0.0042284 0.0050551 0.0179380 0.0243167 0.0150944 0.0000000 0.0000000 0.0028760 0.3600639
104 V 104 0.0041487 0.0023254 0.0127317 0.0445691 0.0085677 0.0000000 0.0120086 0.0225435 0.0130349 0.0168940 0.0293119 0.0000000 0.0059084 0.0000000 0.0000000 0.0280198 0.0992917 0.0000000 0.0000000 0.3419809 0.3586638
105 T 105 0.0325669 0.0025340 0.0000000 0.0433115 0.0025191 0.0069724 0.0147295 0.0000000 0.0120421 0.1097013 0.0158105 0.0054452 0.0000000 0.0000000 0.0105420 0.0210215 0.3454622 0.0000000 0.0000000 0.0220945 0.3552472
106 I 106 0.0841572 0.0012467 0.0228672 0.0071159 0.0229015 0.0000000 0.0044839 0.0169553 0.0006117 0.3436141 0.0219968 0.0127757 0.0026860 0.0082688 0.0021280 0.0152246 0.0155335 0.0168769 0.0169409 0.0225933 0.3610220
107 A 107 0.2580848 0.0153462 0.0023172 0.0022335 0.0176158 0.0071035 0.0065394 0.0779941 0.0140999 0.0129788 0.0168769 0.0011945 0.0000000 0.0000000 0.0327665 0.1126095 0.0463566 0.0000000 0.0071345 0.0101877 0.3585606
108 Q 108 0.0463739 0.0145041 0.0380874 0.0079830 0.0000000 0.1433406 0.0765697 0.0966895 0.0373673 0.0050157 0.0027099 0.0111836 0.0080583 0.0042294 0.0159167 0.0994823 0.0000000 0.0012452 0.0223058 0.0000000 0.3689378
109 G 109 0.0109389 0.0163212 0.0000000 0.0023172 0.0048145 0.0024614 0.0049682 0.4735762 0.0017762 0.0000000 0.0064114 0.0042837 0.0012467 0.0000000 0.0000000 0.0430915 0.0028700 0.0177436 0.0083530 0.0297744 0.3690518
110 G 110 0.0063598 0.0080073 0.0000000 0.0247016 0.0066270 0.0208909 0.0114549 0.3300474 0.0065766 0.0038686 0.0237285 0.0122666 0.0144476 0.0000000 0.0349956 0.0159491 0.0192077 0.0061971 0.0000000 0.0786231 0.3760507
111 V 111 0.0265501 0.0024829 0.0137750 0.0118811 0.0064110 0.0223899 0.0036049 0.0185643 0.0129429 0.0591582 0.0260225 0.0151315 0.0033110 0.0061355 0.0169516 0.0274929 0.0085714 0.0000000 0.0000000 0.3448363 0.3737869
112 L 112 0.0208485 0.0023172 0.0028700 0.0130590 0.0116839 0.0068458 0.0022814 0.0159066 0.0008950 0.0092313 0.2747810 0.0117269 0.0318472 0.0065511 0.1266973 0.0350921 0.0324268 0.0000000 0.0000000 0.0201690 0.3747700
113 P 113 0.0120763 0.0134722 0.0044160 0.0095400 0.0109163 0.0035646 0.0030336 0.0222234 0.0827282 0.0025191 0.0166696 0.0132141 0.0029643 0.0091120 0.3477739 0.0379239 0.0162241 0.0000000 0.0035497 0.0169914 0.3710872
114 N 114 0.0045745 0.0391846 0.2329608 0.0068368 0.0237935 0.0291521 0.0060339 0.0037015 0.0340340 0.0764297 0.0194513 0.0186460 0.0161929 0.0199794 0.0257008 0.0087077 0.0257757 0.0011143 0.0095712 0.0032710 0.3948884
115 I 115 0.0029204 0.0110893 0.0205483 0.0000000 0.0000000 0.0137206 0.0010164 0.0096777 0.0705075 0.3011597 0.0467409 0.0111362 0.0025905 0.0074157 0.0222824 0.0368860 0.0091639 0.0029643 0.0106846 0.0210074 0.3984880
116 Q 116 0.0202560 0.0157405 0.0436014 0.0050239 0.0000000 0.1382641 0.0094110 0.0067661 0.1312980 0.0144337 0.0366028 0.0356353 0.0128037 0.0376371 0.0339713 0.0132367 0.0055399 0.0023411 0.0000000 0.0085608 0.4288766
117 A 117 0.1272140 0.0022937 0.0112837 0.0098647 0.0037136 0.0362402 0.0164860 0.0174178 0.0138676 0.0099319 0.0234065 0.0091542 0.0015841 0.0000000 0.1411264 0.0840727 0.0299227 0.0000000 0.0088169 0.0188873 0.4347161
118 V 118 0.0358834 0.0147033 0.0137440 0.0193488 0.0133484 0.0166159 0.1123444 0.0088864 0.0030694 0.0171827 0.0653057 0.0064217 0.0108427 0.0023254 0.0143195 0.0308936 0.0245808 0.0000000 0.0062678 0.1284859 0.4554302
119 L 119 0.0100555 0.0051649 0.0083680 0.0032708 0.0059882 0.0168786 0.0393261 0.0012452 0.0040292 0.0275738 0.2779734 0.0064370 0.0110014 0.0074911 0.0421389 0.0377292 0.0104295 0.0000000 0.0022325 0.0086676 0.4739991
120 L 120 0.0183062 0.0188274 0.0119075 0.0027032 0.0072060 0.0074645 0.0118527 0.0389864 0.0000000 0.0148735 0.2597614 0.0121197 0.0036080 0.0136948 0.0210198 0.0554088 0.0113620 0.0000000 0.0006795 0.0109906 0.4792278
121 P 121 0.0732846 0.0120126 0.0152844 0.0143191 0.0015210 0.0071011 0.0000000 0.0033991 0.0042479 0.0067874 0.0403879 0.0655896 0.0138188 0.0042183 0.1724618 0.0427886 0.0431015 0.0015748 0.0047777 0.0083530 0.4649710
122 K 122 0.0228408 0.0242769 0.0195743 0.0064035 0.0000000 0.0187806 0.0148456 0.0217185 0.0035499 0.0066597 0.0108217 0.2893525 0.0070477 0.0000000 0.0185210 0.0337061 0.0072247 0.0025340 0.0143915 0.0034909 0.4742601
123 K 123 0.0299899 0.0372677 0.0037667 0.0030821 0.0102578 0.0159775 0.0219885 0.0330043 0.0175303 0.0093072 0.0305276 0.2458248 0.0000000 0.0000000 0.0235045 0.0116455 0.0202710 0.0014468 0.0037015 0.0109536 0.4699528
124 T 124 0.0216307 0.0770312 0.0036368 0.0199457 0.0000000 0.0204603 0.0282699 0.0183508 0.0070262 0.0051984 0.0261382 0.0532587 0.0037399 0.0009596 0.0295163 0.0376433 0.0962026 0.0051713 0.0046745 0.0253235 0.5158220
125 E 125 0.0299568 0.0198705 0.0086726 0.0338218 0.0060742 0.0300247 0.0629298 0.0935216 0.0109330 0.0014028 0.0045352 0.0519937 0.0047360 0.0017103 0.0180230 0.0389001 0.0212703 0.0000000 0.0144476 0.0273119 0.5198640
126 S 126 0.0319669 0.0067925 0.0079767 0.0124618 0.0072084 0.0082013 0.0312021 0.0297843 0.0178275 0.0171041 0.0082589 0.0879971 0.0069485 0.0024849 0.0272231 0.1310577 0.0240249 0.0000000 0.0000000 0.0136793 0.5278001
127 H 127 0.0190822 0.0399321 0.0041652 0.0052899 0.0000000 0.0454331 0.0469612 0.0150115 0.0523376 0.0049160 0.0110295 0.1003984 0.0059315 0.0028832 0.0249209 0.0379669 0.0141107 0.0000000 0.0079917 0.0108981 0.5507403
128 H 128 0.0335442 0.0196963 0.0039735 0.0132197 0.0000000 0.0078660 0.0134688 0.0499654 0.0458756 0.0087127 0.0105557 0.0293602 0.0065543 0.0309855 0.0132960 0.0492821 0.0511051 0.0000000 0.0105532 0.0217602 0.5802255
129 K 129 0.0024475 0.0154238 0.0083713 0.0058603 0.0092736 0.0172825 0.0176271 0.0121430 0.0162405 0.0235352 0.0104387 0.1208079 0.0065580 0.0023636 0.0371615 0.0150337 0.0348018 0.0000000 0.0282195 0.0299865 0.5864241
130 A 130 0.0328825 0.0124872 0.0049655 0.0304899 0.0000000 0.0161026 0.0532930 0.0194820 0.0022691 0.0165002 0.0399160 0.0502875 0.0138434 0.0019214 0.0158839 0.0300318 0.0283611 0.0000000 0.0057637 0.0246130 0.6009060
131 K 131 0.0244592 0.0065172 0.0075439 0.0110660 0.0075079 0.0019760 0.0909832 0.0083496 0.0080595 0.0171985 0.0216983 0.0378743 0.0102096 0.0065069 0.0393392 0.0231661 0.0294284 0.0000000 0.0033061 0.0157512 0.6290587
132 G 132 0.0594744 0.0144176 0.0142582 0.0143234 0.0053388 0.0109487 0.0299888 0.0247988 0.0015959 0.0167312 0.0395099 0.0167471 0.0063957 0.0235572 0.0060850 0.0434713 0.0296008 0.0048464 0.0030350 0.0077567 0.6271190
133 K 133 0.0252730 0.0166328 0.0231892 0.0136298 0.0000000 0.0247237 0.0412039 0.0064393 0.0086124 0.0382661 0.0285537 0.0213029 0.0064911 0.0139409 0.0375860 0.0289986 0.0050495 0.0000000 0.0028580 0.0346448 0.6226045
134 G 134 0.0144987 0.0390823 0.0033643 0.0232989 0.0087040 0.0221800 0.0191618 0.0039225 0.0227903 0.0153955 0.0304049 0.0301707 0.0000000 0.0146214 0.0366276 0.0465782 0.0172455 0.0013057 0.0055088 0.0163112 0.6288275
135 P 135 0.0419394 0.0195287 0.0081458 0.0573400 0.0030509 0.0045663 0.0055461 0.0110603 0.0149602 0.0124724 0.0125395 0.0341728 0.0088267 0.0036831 0.0252517 0.0599843 0.0206801 0.0000000 0.0155385 0.0147154 0.6259977
136 G 136 0.0344329 0.0065751 0.0105915 0.0081463 0.0072099 0.0224308 0.0286609 0.0052906 0.0148846 0.0226846 0.0399352 0.0272705 0.0000000 0.0115227 0.0580227 0.0384235 0.0095869 0.0043735 0.0056107 0.0203954 0.6239517
137 M 137 0.0307443 0.0237087 0.0169679 0.0028580 0.0015860 0.0203808 0.0192800 0.0101394 0.0087246 0.0427183 0.0094000 0.0331521 0.0313752 0.0090725 0.0585695 0.0298319 0.0339873 0.0000000 0.0000000 0.0039153 0.6135885
138 P 138 0.0035873 0.0085589 0.0115864 0.0104699 0.0014956 0.0378900 0.0536241 0.0035424 0.0388659 0.0067103 0.0146474 0.0110838 0.0079653 0.0086198 0.0801779 0.0482923 0.0210418 0.0005328 0.0000000 0.0169994 0.6143085
139 E 139 0.0487909 0.0076786 0.0092382 0.0461482 0.0017479 0.0189080 0.0554801 0.0019363 0.0009108 0.0086576 0.0198762 0.0397274 0.0092328 0.0153296 0.0387393 0.0114064 0.0274569 0.0000000 0.0144476 0.0108988 0.6133885
140 P 140 0.0350137 0.0201683 0.0019915 0.0047473 0.0018147 0.0374415 0.0612612 0.0044644 0.0066448 0.0050895 0.0150073 0.0500656 0.0178451 0.0000000 0.0615753 0.0272493 0.0202136 0.0000000 0.0083530 0.0146153 0.6064387
141 A 141 0.0698223 0.0385305 0.0141960 0.0013057 0.0043170 0.0197597 0.0183579 0.0400866 0.0066226 0.0000000 0.0114734 0.0672411 0.0047052 0.0038146 0.0487377 0.0166964 0.0171091 0.0000000 0.0090700 0.0061383 0.6020158
142 K 142 0.0353329 0.0438599 0.0234332 0.0163839 0.0071750 0.0203969 0.0517897 0.0279901 0.0235465 0.0147770 0.0051922 0.0574463 0.0070575 0.0011162 0.0319417 0.0178880 0.0145536 0.0000000 0.0000000 0.0060648 0.5940545
143 S 143 0.0341215 0.0330069 0.0016801 0.0042678 0.0007332 0.0130809 0.0083363 0.0091899 0.0000000 0.0202348 0.0220127 0.0791401 0.0176718 0.0134930 0.0345297 0.0662335 0.0099888 0.0056723 0.0291052 0.0074398 0.5900619
144 A 144 0.0588690 0.0095554 0.0161955 0.0025905 0.0026173 0.0051658 0.0023956 0.0068568 0.0212933 0.0429271 0.0155070 0.0705540 0.0182637 0.0032447 0.0203112 0.0511580 0.0339407 0.0000000 0.0078673 0.0228057 0.5878817
145 P 145 0.0311571 0.0356020 0.0019096 0.0075356 0.0058016 0.0090416 0.0103183 0.0230491 0.0079688 0.0075735 0.0154850 0.0246364 0.0167655 0.0010375 0.1059180 0.0593661 0.0267753 0.0012890 0.0051606 0.0209991 0.5826104
146 A 146 0.0465353 0.0111033 0.0040557 0.0357981 0.0141202 0.0023945 0.0095282 0.0124681 0.0083708 0.0168293 0.0150959 0.0671868 0.0072724 0.0068601 0.0333679 0.0506122 0.0486087 0.0000000 0.0024829 0.0334552 0.5738543
147 P 147 0.0673490 0.0140110 0.0090625 0.0047714 0.0000000 0.0140409 0.0233151 0.0237990 0.0080989 0.0212325 0.0297893 0.0410766 0.0113052 0.0138708 0.0864731 0.0483623 0.0215925 0.0000000 0.0010375 0.0072529 0.5535592
148 K 148 0.0394082 0.0397167 0.0135974 0.0021233 0.0000000 0.0264637 0.0197056 0.0161259 0.0441341 0.0102052 0.0146699 0.1245747 0.0050721 0.0019426 0.0420080 0.0194244 0.0209647 0.0028580 0.0128071 0.0248867 0.5193118
149 K 149 0.0608929 0.0367116 0.0055131 0.0228011 0.0000000 0.0236265 0.0271188 0.0111322 0.0000000 0.0000000 0.0236156 0.1463144 0.0392552 0.0019169 0.0499796 0.0065190 0.0180079 0.0000000 0.0000000 0.0215589 0.5050363
150 G 150 0.0550177 0.0126932 0.0047877 0.0086043 0.0032492 0.0156025 0.0088187 0.0782627 0.0000000 0.0300896 0.0101021 0.1231278 0.0049443 0.0282225 0.0633142 0.0109552 0.0096016 0.0065394 0.0138035 0.0086151 0.5036484
151 S 151 0.0440191 0.0474024 0.0023983 0.0000000 0.0033229 0.0166203 0.0140467 0.0327906 0.0162836 0.0327242 0.0306271 0.0882838 0.0026539 0.0093949 0.0173407 0.0949154 0.0252117 0.0000000 0.0065394 0.0141218 0.5013032
152 K 152 0.0404630 0.0213452 0.0102641 0.0029496 0.0051901 0.0092499 0.0326017 0.0206513 0.0081114 0.0051882 0.0405170 0.1652569 0.0044872 0.0195785 0.0418518 0.0336833 0.0266584 0.0000000 0.0000000 0.0141733 0.4977792
153 K 153 0.0406089 0.0288284 0.0127078 0.0031499 0.0043170 0.0172793 0.0343433 0.0295854 0.0012520 0.0142493 0.0219291 0.1958026 0.0086829 0.0123242 0.0144945 0.0252267 0.0099807 0.0000000 0.0005192 0.0378961 0.4868229
154 A 154 0.1085866 0.0242050 0.0007670 0.0045988 0.0016871 0.0414952 0.0208586 0.0213295 0.0105637 0.0023166 0.0345630 0.1234976 0.0016486 0.0304794 0.0048801 0.0576738 0.0291572 0.0010569 0.0009706 0.0031645 0.4765002
155 V 155 0.0522801 0.0697907 0.0096041 0.0046728 0.0023162 0.0320026 0.0141643 0.0385190 0.0054770 0.0131111 0.0167766 0.0779841 0.0156413 0.0000000 0.0452553 0.0225900 0.0371512 0.0000000 0.0000000 0.0728732 0.4697902
156 T 156 0.0527300 0.0375269 0.0048027 0.0093611 0.0000000 0.0227489 0.0253502 0.0507927 0.0064946 0.0050864 0.0207704 0.1074260 0.0052977 0.0000000 0.0334480 0.0415798 0.0893769 0.0055333 0.0000000 0.0220768 0.4595974
157 K 157 0.0859031 0.0414242 0.0139247 0.0096377 0.0021683 0.0323467 0.0541520 0.0271491 0.0122463 0.0232658 0.0092071 0.1304797 0.0009706 0.0000000 0.0344751 0.0362529 0.0169737 0.0000000 0.0000000 0.0152477 0.4541754
158 A 158 0.0940213 0.0376584 0.0167116 0.0116080 0.0035029 0.0338280 0.0094862 0.0440753 0.0096431 0.0448749 0.0027673 0.0777526 0.0020349 0.0075835 0.0388512 0.0356467 0.0305346 0.0000000 0.0102717 0.0398856 0.4492622
159 Q 159 0.0756990 0.0757601 0.0027903 0.0111474 0.0044478 0.0789762 0.0275982 0.0653530 0.0036532 0.0084488 0.0084984 0.0655628 0.0079363 0.0123708 0.0389735 0.0285799 0.0177188 0.0000000 0.0042727 0.0198789 0.4423338
160 K 160 0.0297252 0.0857222 0.0120991 0.0308379 0.0122639 0.0208970 0.0267119 0.0681656 0.0042474 0.0212420 0.0084003 0.1542099 0.0000000 0.0000000 0.0280851 0.0309757 0.0149619 0.0000000 0.0000000 0.0136975 0.4377573
161 K 161 0.0150295 0.0434677 0.0112704 0.0222415 0.0046562 0.0168476 0.0323472 0.0386696 0.0170512 0.0170080 0.0448060 0.1543251 0.0007670 0.0011106 0.0434040 0.0281565 0.0305317 0.0137750 0.0074414 0.0247408 0.4323531
162 D 162 0.0297103 0.0479669 0.0152064 0.0816825 0.0136056 0.0170003 0.0327502 0.0547307 0.0183062 0.0065174 0.0074988 0.1068299 0.0004919 0.0017100 0.0302291 0.0387112 0.0323414 0.0024155 0.0000000 0.0280474 0.4342483
163 G 163 0.0288805 0.0561090 0.0162283 0.0399543 0.0194641 0.0308861 0.0283714 0.0943644 0.0033114 0.0083939 0.0168756 0.1224698 0.0123973 0.0038653 0.0139594 0.0385868 0.0255841 0.0000000 0.0011106 0.0097164 0.4294715
164 K 164 0.0224995 0.0646012 0.0198765 0.0198696 0.0144213 0.0029166 0.0221532 0.0252921 0.0290956 0.0126647 0.0524815 0.2121239 0.0022253 0.0000000 0.0140492 0.0412974 0.0097945 0.0000000 0.0029556 0.0041327 0.4275495
165 K 165 0.0066365 0.0525521 0.0081689 0.0209950 0.0243544 0.0046685 0.0051658 0.0268611 0.0191458 0.0046450 0.0118535 0.2632876 0.0028580 0.0070969 0.0261353 0.0529275 0.0259757 0.0000000 0.0047698 0.0060185 0.4258842
166 R 166 0.0267561 0.1639276 0.0178313 0.0065203 0.0170745 0.0209157 0.0253592 0.0325816 0.0369635 0.0024869 0.0219992 0.0777423 0.0040194 0.0000000 0.0111674 0.0729515 0.0159644 0.0000000 0.0114300 0.0019169 0.4323924
167 K 167 0.0360087 0.0514077 0.0277532 0.0160982 0.0122389 0.0005798 0.0307555 0.0399792 0.0367099 0.0298433 0.0206158 0.1569984 0.0020808 0.0000000 0.0224364 0.0360468 0.0402444 0.0000000 0.0000000 0.0078107 0.4323924
168 R 168 0.0150302 0.1229001 0.0294422 0.0259585 0.0207777 0.0107549 0.0219498 0.0207441 0.0234909 0.0250023 0.0357134 0.1285902 0.0028586 0.0219564 0.0123384 0.0232974 0.0018559 0.0000000 0.0017787 0.0142914 0.4412690
169 S 169 0.0189550 0.0693905 0.0162853 0.0241700 0.0204660 0.0118654 0.0281203 0.0287262 0.0196485 0.0091155 0.0119707 0.1095492 0.0118427 0.0108163 0.0075746 0.1149087 0.0335890 0.0031499 0.0015139 0.0141794 0.4341631
170 R 170 0.0012685 0.2113780 0.0362051 0.0386995 0.0211519 0.0195102 0.0064231 0.0431363 0.0112821 0.0018576 0.0099089 0.0529754 0.0016132 0.0092411 0.0170824 0.0476242 0.0227998 0.0000000 0.0000000 0.0126373 0.4352054
171 K 171 0.0200833 0.0377549 0.0169806 0.0122034 0.0000000 0.0186304 0.0086087 0.0283562 0.0284902 0.0315606 0.0291575 0.1913305 0.0067874 0.0144982 0.0176752 0.0283691 0.0148329 0.0154850 0.0115983 0.0368719 0.4307261
172 E 172 0.0168010 0.0460007 0.0101751 0.0658406 0.0000000 0.0153346 0.2173260 0.0426956 0.0115159 0.0101724 0.0199802 0.0213832 0.0103097 0.0268862 0.0174238 0.0209239 0.0078541 0.0000000 0.0125087 0.0207091 0.4061592
173 S 173 0.0116877 0.0136950 0.0538114 0.0166267 0.0080551 0.0000000 0.0204931 0.0411552 0.0057563 0.0043194 0.0093015 0.0468191 0.0021799 0.0031499 0.0173562 0.2566013 0.0794719 0.0000000 0.0000000 0.0032633 0.4062568
174 Y 174 0.0031722 0.0187167 0.0319782 0.0259312 0.0031965 0.0000000 0.0083572 0.0228416 0.0045466 0.0144476 0.0177337 0.0200484 0.0021282 0.1214128 0.0000000 0.0023411 0.0242354 0.0181182 0.2422625 0.0132361 0.4052959
175 S 175 0.1146119 0.0313899 0.0210893 0.0043518 0.0005445 0.0401685 0.0032608 0.0528735 0.0058456 0.0442097 0.0024400 0.0819399 0.0000000 0.0044850 0.0007336 0.1391260 0.0304839 0.0005573 0.0144476 0.0163737 0.3910677
176 I 176 0.0285452 0.0290354 0.0087595 0.0125623 0.0018576 0.0106258 0.0220105 0.0371830 0.0000000 0.1475339 0.0583782 0.0034221 0.0290047 0.0023243 0.0118638 0.0465748 0.0814534 0.0000000 0.0000000 0.0760878 0.3927777
177 Y 177 0.0249215 0.0012685 0.0167359 0.0451759 0.0000000 0.0000000 0.0270426 0.0082442 0.0174735 0.0128111 0.0155088 0.0143833 0.0000000 0.0084536 0.0000000 0.0119293 0.0000000 0.0000000 0.3723913 0.0184261 0.4052342
178 V 178 0.0239167 0.0090083 0.0060614 0.0046837 0.0000000 0.0000000 0.0000000 0.0157146 0.0000000 0.2387453 0.0224185 0.0000000 0.0090583 0.0672467 0.0062944 0.0375789 0.0169402 0.0000000 0.0137750 0.1275449 0.4010132
179 Y 179 0.0071199 0.0389735 0.0150744 0.0028580 0.0065811 0.0000000 0.0053298 0.0243480 0.0225791 0.0000000 0.0087889 0.0406339 0.0000000 0.0417327 0.0502882 0.0425092 0.0303839 0.0129167 0.2319388 0.0169305 0.4010132
180 K 180 0.0056310 0.1473284 0.0036112 0.0034221 0.0000000 0.0065721 0.0612002 0.0106285 0.0000000 0.0014862 0.0065860 0.3007075 0.0000000 0.0000000 0.0023411 0.0261822 0.0201175 0.0000000 0.0018576 0.0026290 0.3996995
