  162         A         R         N         D         C         Q         E         G         H         I         L         K         M         F         P         S         T         W         Y         V    
  1 E   1 0.0000000 0.0000000 0.0000000 0.1138668 0.0000000 0.3417690 0.5443642 0.0000000 0.0000000 0.0000000 0.0000000 0.0000000 0.0000000 0.0000000 0.0000000 0.0000000 0.0000000 0.0000000 0.0000000 0.0000000
  2 E   2 0.3140007 0.0000000 0.0303448 0.2461299 0.0000000 0.0667328 0.2681879 0.0257674 0.0000000 0.0036044 0.0038485 0.0000000 0.0000000 0.0000000 0.0194608 0.0080597 0.0138632 0.0000000 0.0000000 0.0000000
  3 A   3 0.1420912 0.0062574 0.2148344 0.1895507 0.0000000 0.0588121 0.0588110 0.0818662 0.0100534 0.0288195 0.0308760 0.0179758 0.0041925 0.0086855 0.0115638 0.0960787 0.0245424 0.0000000 0.0000000 0.0149897
  4 S   4 0.0074420 0.0040015 0.0135442 0.0129346 0.0000000 0.0323166 0.0197303 0.0000000 0.0027746 0.2267173 0.0618049 0.0000000 0.0228752 0.0545671 0.1491013 0.0437567 0.0204233 0.0000000 0.0000000 0.3280103
  5 S   5 0.0431933 0.0635441 0.0076096 0.0087325 0.0000000 0.1746665 0.1233550 0.0016762 0.0102768 0.0034539 0.0316993 0.0700418 0.0151302 0.0030202 0.1981262 0.1134328 0.1009376 0.0000000 0.0000000 0.0311040
  6 T   6 0.0793655 0.0015403 0.0038526 0.0040543 0.0000000 0.0000000 0.0173689 0.0077159 0.0000000 0.0244038 0.0576320 0.0020365 0.0095141 0.0044114 0.2273038 0.0097287 0.1550469 0.0000000 0.0000000 0.3960254
  7 G   7 0.0446619 0.0341129 0.0000000 0.0068621 0.0023484 0.2760710 0.0238017 0.0102115 0.0031438 0.0211247 0.0161058 0.0822201 0.1422248 0.0000000 0.0320729 0.0096698 0.0180168 0.0000000 0.0000000 0.2773516
  8 R   8 0.0882245 0.0901918 0.0173663 0.0566875 0.0000000 0.1469457 0.1585406 0.0310331 0.0086551 0.0024790 0.0039831 0.1060494 0.0016505 0.0000000 0.1781845 0.0581023 0.0404582 0.0000000 0.0000000 0.0114483
  9 N   9 0.0065749 0.0048913 0.4717196 0.2880324 0.0000000 0.0061995 0.0479564 0.0685690 0.0084142 0.0000000 0.0000000 0.0102409 0.0000000 0.0000000 0.0184222 0.0441163 0.0181507 0.0000000 0.0067125 0.0000000
 10 F  10 0.0032927 0.0078735 0.0000000 0.0030062 0.0000000 0.0080670 0.0000000 0.0000000 0.0000000 0.0279297 0.1794193 0.0035334 0.0064644 0.7173251 0.0018219 0.0021022 0.0000000 0.0014297 0.0143142 0.0234206
 11 N  11 0.0072805 0.0106042 0.1621752 0.5427558 0.0000000 0.0799138 0.1124938 0.0036652 0.0028880 0.0025754 0.0000000 0.0197968 0.0000000 0.0000000 0.0000000 0.0244156 0.0115721 0.0040137 0.0000000 0.0158498
 12 V  12 0.0937622 0.0147930 0.0041181 0.0239708 0.0037192 0.0240349 0.0441658 0.0045872 0.0091571 0.0881418 0.3330728 0.0327592 0.0410988 0.0116504 0.1013203 0.0165098 0.0183742 0.0232853 0.0069290 0.1045501
 13 E  13 0.0560268 0.0141969 0.1129360 0.1547859 0.0000000 0.1284434 0.1720736 0.0122958 0.0144497 0.0073202 0.0014316 0.0634265 0.0013025 0.0026850 0.0440943 0.1361500 0.0591504 0.0000000 0.0029330 0.0162984
 14 K  14 0.0343637 0.3436463 0.0147967 0.0339677 0.0000000 0.1873810 0.0510516 0.0055241 0.0060144 0.0000000 0.0159492 0.2864737 0.0026901 0.0000000 0.0079298 0.0102118 0.0000000 0.0000000 0.0000000 0.0000000
 15 I  15 0.0040348 0.0000000 0.0000000 0.0000000 0.0024423 0.0000000 0.0000000 0.0000000 0.0000000 0.1316271 0.1217678 0.0000000 0.0502769 0.2447088 0.0000000 0.0000000 0.0053410 0.0018583 0.3570925 0.0808506
 16 N  16 0.1512343 0.0042529 0.0231868 0.0059593 0.0000000 0.0795734 0.0350020 0.0120663 0.0042594 0.0117058 0.2759496 0.0074450 0.0958216 0.0039477 0.0029042 0.1886036 0.0641112 0.0000000 0.0178766 0.0161003
 17 G  17 0.0000000 0.0086387 0.0000000 0.0033111 0.0000000 0.0000000 0.0000000 0.9814218 0.0022866 0.0000000 0.0000000 0.0000000 0.0000000 0.0000000 0.0000000 0.0043419 0.0000000 0.0000000 0.0000000 0.0000000
 18 E  18 0.0085023 0.1359184 0.0252113 0.0359318 0.0050939 0.0213033 0.0444935 0.0000000 0.0176814 0.0241207 0.0420167 0.2648959 0.0099958 0.0376312 0.0264422 0.0273785 0.2083438 0.0039374 0.0110806 0.0500214
 19 W  19 0.0000000 0.0031411 0.0000000 0.0000000 0.0000000 0.0000000 0.0000000 0.0043076 0.0000000 0.0000000 0.0000000 0.0000000 0.0020217 0.0000000 0.0000000 0.0000000 0.0000000 0.9844537 0.0060759 0.0000000
 20 H  20 0.0029603 0.0310680 0.0044524 0.0029877 0.0017659 0.0030635 0.0000000 0.0000000 0.0990051 0.0096659 0.0224812 0.0145857 0.0013958 0.1357696 0.0000000 0.0066734 0.0021092 0.0081062 0.6364924 0.0174177
 21 T  21 0.0272403 0.0096176 0.0166629 0.0179592 0.0000000 0.0080468 0.3641323 0.0116143 0.0045017 0.0485806 0.0823722 0.0012842 0.0144002 0.0104705 0.0131237 0.0878093 0.1053505 0.0000000 0.0392809 0.1375531
 22 I  22 0.0258153 0.0048123 0.0019902 0.0013350 0.0000000 0.0066010 0.0000000 0.0000000 0.0060408 0.4499159 0.1126193 0.0653014 0.0307425 0.0055713 0.0000000 0.0115330 0.0169072 0.0000000 0.0056562 0.2551586
 23 I  23 0.5685679 0.0089619 0.0079552 0.0000000 0.0036088 0.0252153 0.0367157 0.1580976 0.0049492 0.0062379 0.0169673 0.0055023 0.0107454 0.0063003 0.0000000 0.0478282 0.0020436 0.0000000 0.0635357 0.0267677
 24 L  24 0.0423159 0.0830157 0.0000000 0.0000000 0.0073211 0.0033706 0.0189976 0.0237676 0.0000000 0.1230153 0.1641194 0.0273945 0.1547230 0.0396252 0.0000000 0.0519620 0.0382097 0.0089636 0.0264302 0.1867686
 25 A  25 0.6612794 0.0042716 0.0000000 0.0000000 0.0040644 0.0052459 0.0015099 0.0479387 0.0064260 0.0238559 0.0356665 0.0000000 0.0044866 0.0196098 0.0016606 0.0139016 0.0213397 0.0000000 0.0459897 0.1027538
 26 S  26 0.1351082 0.0000000 0.0000000 0.0185153 0.0141328 0.0071714 0.0246660 0.0545604 0.0123791 0.0056669 0.0051898 0.0246907 0.0062902 0.0387868 0.0902607 0.4488973 0.0697049 0.0029656 0.0133109 0.0277028
 27 D  27 0.0106102 0.0860258 0.2614885 0.2327448 0.0000000 0.0184510 0.0288178 0.0170086 0.0081007 0.0000000 0.0264344 0.0607950 0.0000000 0.0134183 0.0082993 0.1354411 0.0816033 0.0014700 0.0053645 0.0039268
 28 K  28 0.0664312 0.1885030 0.1137596 0.0938025 0.1091372 0.0259505 0.0355711 0.0183180 0.0125084 0.0132522 0.0200186 0.0850156 0.0070848 0.0133542 0.0088767 0.0976211 0.0479437 0.0037682 0.0223670 0.0167166
 29 R  29 0.0151384 0.1008028 0.0277430 0.0051395 0.0032973 0.0513184 0.0533580 0.0088737 0.0112200 0.0684698 0.1089759 0.1215724 0.0257785 0.0687920 0.1574078 0.0637173 0.0248039 0.0012034 0.0337310 0.0486570
 30 E  30 0.0094112 0.0178746 0.0212569 0.1673708 0.0000000 0.0608927 0.2028677 0.0520566 0.0172091 0.0364981 0.0466651 0.0250481 0.0135031 0.0564525 0.0187543 0.0742591 0.0359037 0.0820088 0.0353304 0.0266371
 31 K  31 0.0038917 0.0330452 0.0487656 0.0020522 0.0057544 0.0162132 0.0040278 0.0016618 0.1163235 0.0093416 0.1451819 0.1263841 0.0275005 0.2191756 0.0843108 0.0096835 0.0540319 0.0032447 0.0588790 0.0305309
 32 I  32 0.0633119 0.0806943 0.0251246 0.0097179 0.0026802 0.0461768 0.0235364 0.0404344 0.0101906 0.1423246 0.1440397 0.0654831 0.0312002 0.0305051 0.0634903 0.0914225 0.0283028 0.0000000 0.0057428 0.0956218
 33 E  33 0.0280172 0.0302966 0.0277395 0.0632355 0.0211227 0.0576759 0.2719748 0.0679970 0.0077379 0.0128320 0.0103703 0.0634898 0.0035341 0.1615947 0.0530157 0.0689294 0.0260320 0.0018567 0.0059621 0.0165862
 34 D  34 0.0276700 0.0432225 0.0291926 0.0275505 0.0036767 0.0750586 0.4108998 0.0241415 0.0357576 0.0136831 0.0338009 0.0811152 0.0377911 0.0316073 0.0260322 0.0399334 0.0199089 0.0000000 0.0263830 0.0125751
 35 N  35 0.0430749 0.1667518 0.1197343 0.0326084 0.0049840 0.0289371 0.0580369 0.1146942 0.0150894 0.0188797 0.0185852 0.2286397 0.0213813 0.0223915 0.0082331 0.0368685 0.0193380 0.0020195 0.0142581 0.0254945
 36 G  36 0.0957626 0.0566950 0.0410089 0.1095509 0.0238732 0.0591308 0.0186256 0.3412525 0.0253809 0.0106752 0.0238729 0.0413263 0.0017914 0.0152343 0.0234509 0.0529405 0.0440625 0.0022418 0.0000000 0.0131239
 37 N  37 0.0404825 0.0417846 0.0165137 0.0443662 0.0361250 0.0477518 0.0784869 0.0584245 0.0306348 0.0098361 0.1508831 0.0967590 0.0342755 0.0073946 0.1392987 0.0774025 0.0647195 0.0013142 0.0037998 0.0197469
 38 F  38 0.0318602 0.0858338 0.0263075 0.0567316 0.0124154 0.0117074 0.0385295 0.0197703 0.0055561 0.0550539 0.1858524 0.0512835 0.1513581 0.0438444 0.0025506 0.0598322 0.0478792 0.0018423 0.0373402 0.0744517
 39 R  39 0.0281973 0.2103067 0.0912884 0.0400363 0.0870161 0.0816202 0.0540192 0.0063588 0.0182706 0.0065100 0.0186474 0.1493346 0.0014319 0.0031509 0.0217204 0.0817473 0.0570065 0.0028614 0.0055112 0.0349649
 40 L  40 0.1447250 0.0061376 0.0130022 0.0000000 0.0456151 0.0026517 0.0028750 0.0208444 0.0227176 0.1054932 0.0551786 0.0017799 0.1263561 0.0186875 0.0295428 0.0344206 0.0628046 0.0000000 0.0090733 0.2980948
 41 F  41 0.0645222 0.0134911 0.0125865 0.0036304 0.0448493 0.0141009 0.0478942 0.0727373 0.0087072 0.0139290 0.0088741 0.0165270 0.0162882 0.1304345 0.0538609 0.1240656 0.2164908 0.0000000 0.1273237 0.0096870
 42 L  42 0.3096240 0.0175222 0.0167434 0.0094111 0.0027630 0.0053122 0.0134571 0.0254388 0.0070305 0.0871919 0.0262192 0.0169146 0.0499618 0.0540929 0.0456633 0.0509813 0.1431621 0.0000000 0.0216872 0.0968233
 43 E  43 0.0664121 0.0742904 0.0536794 0.0158443 0.0045333 0.0543220 0.1099639 0.0079077 0.0427662 0.0266065 0.0888410 0.0262345 0.0331299 0.0612275 0.0019957 0.0725179 0.1730293 0.0000000 0.0289515 0.0577468
 44 Q  44 0.0099740 0.0219397 0.0477801 0.0214295 0.0000000 0.0214390 0.0593841 0.0566629 0.0524442 0.0424130 0.0422586 0.0336967 0.0213239 0.0411311 0.0024874 0.0596919 0.0874387 0.0030455 0.2898916 0.0855681
 45 I  45 0.0198041 0.0384481 0.0099874 0.0036961 0.0026931 0.0065620 0.0111694 0.0189921 0.0017391 0.1746841 0.1635484 0.0110303 0.0194272 0.0678859 0.0085629 0.1151542 0.0994667 0.0092323 0.0622983 0.1556181
 46 H  46 0.0712036 0.0530082 0.0374447 0.0310295 0.0016160 0.0555745 0.1305608 0.0141698 0.0217409 0.0163212 0.1573138 0.0428974 0.0158497 0.0112135 0.0178459 0.0400410 0.1718348 0.0204694 0.0230985 0.0667670
 47 V  47 0.0741397 0.1184391 0.0667504 0.0184876 0.0449171 0.0286378 0.0125042 0.0177678 0.0049650 0.0230570 0.1652406 0.0413479 0.0140875 0.0239476 0.1777274 0.0211201 0.0578863 0.0023615 0.0093219 0.0772935
 48 L  48 0.0432133 0.0122449 0.0578230 0.1303598 0.0021389 0.0547404 0.1230166 0.0282348 0.0243936 0.0436602 0.0950586 0.0460089 0.0041179 0.0141678 0.0927758 0.0952506 0.1121919 0.0031165 0.0046815 0.0128048
 49 E  49 0.0116170 0.0082956 0.1046766 0.3780171 0.0055384 0.0069367 0.2000049 0.1373443 0.0039484 0.0045992 0.0253092 0.0307124 0.0019044 0.0018530 0.0284351 0.0237059 0.0146332 0.0014889 0.0000000 0.0109797
 50 N  50 0.0356374 0.0193441 0.1183726 0.1508678 0.0000000 0.0149335 0.0435016 0.5157887 0.0056998 0.0029242 0.0069683 0.0194352 0.0000000 0.0000000 0.0191513 0.0209584 0.0213084 0.0000000 0.0000000 0.0051086
 51 S  51 0.0342855 0.0245289 0.1725511 0.0872275 0.0329824 0.0291770 0.0379864 0.1058428 0.0381060 0.0057909 0.0119397 0.0650129 0.0050296 0.0000000 0.0017380 0.1731305 0.1386520 0.0000000 0.0063244 0.0296945
 52 L  52 0.0133874 0.0017631 0.0026670 0.0058979 0.0016478 0.0000000 0.0000000 0.0053856 0.0000000 0.2183814 0.3627400 0.0019977 0.0710908 0.0488277 0.0038688 0.0032871 0.0122727 0.0218299 0.0403872 0.1845679
 53 V  53 0.0514248 0.0787707 0.1218412 0.0488479 0.0000000 0.0527191 0.1795408 0.0282388 0.0237213 0.0282502 0.0289601 0.1419994 0.0149532 0.0111452 0.0030517 0.1047846 0.0556940 0.0000000 0.0154392 0.0106177
 54 L  54 0.0726373 0.0000000 0.0000000 0.0000000 0.0064629 0.0024045 0.0035632 0.0113176 0.0000000 0.0795184 0.1493846 0.0056702 0.0593154 0.0838049 0.0000000 0.0089895 0.0191903 0.0000000 0.0029344 0.4948069
 55 K  55 0.0145946 0.0891448 0.0533191 0.0270360 0.0013800 0.0243042 0.0197831 0.0154283 0.0181509 0.0866114 0.0683091 0.1377293 0.0118530 0.0096306 0.0000000 0.1053761 0.2077946 0.0031190 0.0119985 0.0944372
 56 F  56 0.0351122 0.0239862 0.2294369 0.0044735 0.0069935 0.0045442 0.0460604 0.0448347 0.0113573 0.0297827 0.0704040 0.0033395 0.0431777 0.1691817 0.0000000 0.0867271 0.0787479 0.0067856 0.0644733 0.0405817
 57 H  57 0.0716440 0.0550509 0.0204230 0.0089715 0.0221098 0.0254797 0.0440616 0.0152305 0.0434510 0.0341825 0.0280479 0.0173306 0.0021601 0.0932647 0.0000000 0.1123378 0.2016967 0.0197622 0.1635804 0.0212151
 58 T  58 0.0232833 0.0765764 0.0571309 0.0427486 0.0338990 0.0590003 0.0506865 0.0322528 0.0265503 0.0550061 0.0510938 0.0190486 0.0551921 0.1358494 0.0147005 0.0621757 0.0700865 0.0069926 0.0487831 0.0789435
 59 V  59 0.0394650 0.0868399 0.0502901 0.0086968 0.0019802 0.0212747 0.0088521 0.0088861 0.0278854 0.0449064 0.1269887 0.1092651 0.0518724 0.0346464 0.0858709 0.0221685 0.1063598 0.0610826 0.0223259 0.0803431
 60 R  60 0.0282927 0.1901845 0.0388583 0.0340823 0.0026294 0.0244470 0.0995079 0.0342143 0.0176999 0.0710316 0.0746894 0.0957696 0.0254394 0.0253262 0.0145437 0.0539713 0.0526007 0.0052875 0.0103508 0.1010735
 61 D  61 0.0277742 0.0477259 0.2152268 0.2064540 0.0000000 0.0291672 0.0787187 0.0749038 0.0288319 0.0024095 0.0207670 0.1001702 0.0029722 0.0012294 0.0558396 0.0633792 0.0311507 0.0012264 0.0084284 0.0036248
 62 E  62 0.0080346 0.0237146 0.0895380 0.1195161 0.0020343 0.0722343 0.0794654 0.4578534 0.0128921 0.0016320 0.0050518 0.0642700 0.0012501 0.0094240 0.0036923 0.0189690 0.0151702 0.0064684 0.0054766 0.0033127
 63 E  63 0.0163529 0.0885502 0.0243158 0.0259434 0.0000000 0.1682024 0.1233963 0.1351332 0.0254336 0.0332773 0.0133959 0.1133970 0.0100672 0.0105092 0.0101150 0.0490545 0.0716445 0.0000000 0.0109061 0.0703054
 64 C  64 0.0062290 0.0239126 0.0029832 0.0033590 0.6170594 0.0199050 0.0071478 0.0023456 0.0056508 0.0270354 0.0412423 0.0084909 0.0010468 0.0064856 0.0347100 0.0218052 0.0177080 0.1214301 0.0107396 0.0207137
 65 S  65 0.0524214 0.0520031 0.0349095 0.0584409 0.0000000 0.1159651 0.0920417 0.0212582 0.0334568 0.0477244 0.0293001 0.0999303 0.0169908 0.0148783 0.0000000 0.0815948 0.0449541 0.0517958 0.0191426 0.1331921
 66 E  66 0.0222256 0.0434234 0.0543848 0.0280184 0.0000000 0.1243707 0.2648781 0.0162592 0.0264615 0.0269963 0.0322685 0.0841383 0.0020925 0.0115178 0.0138482 0.0502529 0.1090007 0.0018634 0.0647548 0.0232449
 67 L  67 0.1223379 0.0351245 0.0414626 0.0107436 0.0000000 0.0257974 0.0571414 0.0394658 0.0194769 0.1553728 0.0433755 0.0738531 0.0916137 0.0309347 0.0031703 0.0535380 0.0435348 0.0413062 0.0117960 0.0999551
 68 S  68 0.0332005 0.0482337 0.0621800 0.0608909 0.0041084 0.0138890 0.1357039 0.0089615 0.0072801 0.0545381 0.0148931 0.1414869 0.0041615 0.0279223 0.0070162 0.1452764 0.1478666 0.0000000 0.0218399 0.0605509
 69 M  69 0.0701534 0.0250658 0.0072105 0.0039481 0.0000000 0.0344414 0.0131070 0.2843814 0.0132647 0.0740175 0.1053168 0.0098670 0.0531943 0.0200403 0.0119915 0.0499501 0.0420458 0.0136753 0.0405661 0.1277629
 70 V  70 0.0207178 0.0489045 0.0186298 0.0292957 0.0000000 0.0376048 0.0762851 0.0092788 0.0156241 0.0806471 0.0908170 0.0970153 0.0201492 0.0109187 0.0071027 0.0296346 0.1944204 0.0055340 0.0264680 0.1809526
 71 A  71 0.3138196 0.0022230 0.0032961 0.0031036 0.0235736 0.0017748 0.0023101 0.1075888 0.0047044 0.0363725 0.1893908 0.0040613 0.0434355 0.1051175 0.0010320 0.0196161 0.0012100 0.0000000 0.0983816 0.0389886
 72 D  72 0.0213957 0.0878478 0.0421932 0.0379564 0.0011374 0.0747305 0.1421688 0.0248476 0.0175799 0.0393790 0.0318357 0.1061811 0.0051034 0.0173739 0.0436460 0.0325801 0.0715384 0.0089174 0.1090577 0.0845300
 73 K  73 0.0117290 0.0623900 0.0203708 0.0565625 0.0000000 0.0214878 0.0570226 0.0077528 0.0116580 0.0434368 0.0403436 0.3310809 0.0000000 0.1014891 0.1286833 0.0359606 0.0142019 0.0057317 0.0000000 0.0500986
 74 T  74 0.0629328 0.0214339 0.0247094 0.0393872 0.0011987 0.0819895 0.0169520 0.0361251 0.0074450 0.0411661 0.0096637 0.0155101 0.0210603 0.0115623 0.0345577 0.0537576 0.3944171 0.0037227 0.0126505 0.1097582
 75 E  75 0.0633227 0.0561880 0.0576712 0.1963554 0.0008820 0.0269956 0.1948409 0.1685393 0.0041786 0.0127747 0.0064940 0.0415826 0.0000000 0.0092498 0.0300762 0.0697888 0.0199307 0.0046668 0.0028267 0.0336359
 76 K  76 0.0388665 0.0219864 0.0461595 0.1294616 0.0042272 0.0770457 0.2007055 0.0390674 0.0028892 0.0346411 0.0320023 0.1137817 0.0038975 0.0093122 0.0134279 0.0750719 0.0882315 0.0000000 0.0036405 0.0655845
 77 A  77 0.0561556 0.0213192 0.0825578 0.0981395 0.0015052 0.0138625 0.0603937 0.0216852 0.0117131 0.0069951 0.0143504 0.0401648 0.0000000 0.0000000 0.4820198 0.0494041 0.0234264 0.0012490 0.0074346 0.0076242
 78 G  78 0.1964944 0.0176773 0.0463080 0.0209936 0.0000000 0.0081085 0.0036833 0.5843831 0.0033150 0.0034904 0.0078959 0.0156288 0.0035092 0.0090859 0.0110715 0.0251987 0.0153484 0.0204892 0.0043596 0.0029592
 79 E  79 0.0130065 0.1480885 0.0125066 0.0016658 0.0076395 0.0949858 0.0731180 0.0018070 0.0666345 0.0304050 0.0168895 0.2963186 0.0023835 0.0109652 0.0000000 0.0191364 0.0804867 0.0035328 0.0160348 0.1043950
 80 Y  80 0.0160566 0.0010534 0.0000000 0.0052682 0.0095081 0.0000000 0.0013893 0.0000000 0.0011477 0.0361755 0.2101453 0.0000000 0.0200380 0.4210371 0.0000000 0.0014182 0.0040880 0.0237860 0.2147615 0.0341270
 81 S  81 0.0374729 0.0428607 0.0227049 0.0187884 0.0023573 0.0301333 0.0581148 0.0803034 0.0106369 0.0221304 0.0582664 0.1586747 0.0094081 0.0384334 0.0000000 0.1663435 0.1969479 0.0051433 0.0100533 0.0312263
 82 V  82 0.0812714 0.0236613 0.0438422 0.0048404 0.0014530 0.0095401 0.0022211 0.0255878 0.0121399 0.0687724 0.1309727 0.0216795 0.0412611 0.0440789 0.0620803 0.0090031 0.0378323 0.0068619 0.0925986 0.2803020
 83 T  83 0.0237528 0.0514415 0.0870063 0.0828326 0.0014574 0.0459386 0.0467818 0.0198482 0.0605239 0.0060013 0.0223909 0.0917860 0.0029334 0.0732531 0.0982713 0.1278265 0.1222761 0.0056379 0.0173719 0.0126686
 84 Y  84 0.0559631 0.0065791 0.0343679 0.0221008 0.0139674 0.0000000 0.0473923 0.0156735 0.0165884 0.0046484 0.0197126 0.0152728 0.0053999 0.2986406 0.0055215 0.0392000 0.0025784 0.0656396 0.3079260 0.0228278
 85 D  85 0.0319774 0.0464205 0.0315672 0.0600552 0.0000000 0.0225041 0.1091761 0.1518400 0.0094597 0.0218949 0.0635686 0.0434952 0.0400996 0.0583749 0.1059948 0.1039713 0.0178584 0.0331301 0.0401528 0.0084592
 86 G  86 0.0359651 0.0223726 0.0342384 0.0398342 0.0000000 0.0164054 0.0242136 0.5755903 0.0094751 0.0062333 0.0065124 0.0290736 0.0018692 0.0169471 0.0661730 0.0545190 0.0191688 0.0021881 0.0052205 0.0340001
 87 F  87 0.0329873 0.0532468 0.0588972 0.0565290 0.0000000 0.0395107 0.0863939 0.0385339 0.0375934 0.0189176 0.0107306 0.1091879 0.0028620 0.0155928 0.0249517 0.0820566 0.0781741 0.0318589 0.1429219 0.0790536
 88 N  88 0.0692848 0.0535935 0.2375856 0.0277274 0.0000000 0.0255392 0.0625150 0.0823419 0.0402959 0.0214016 0.0500131 0.0612953 0.0086602 0.0032050 0.0209008 0.0511766 0.0466259 0.0000000 0.0796510 0.0581872
 89 T  89 0.0192275 0.0219409 0.0611620 0.1657924 0.0000000 0.0269183 0.0964714 0.0204103 0.0498354 0.0412781 0.0404010 0.0581972 0.0020202 0.0209896 0.0750175 0.0707375 0.0801671 0.0016227 0.0179226 0.1298883
 90 F  90 0.0314430 0.0096396 0.0020249 0.0000000 0.0042728 0.0035193 0.0000000 0.0000000 0.0313063 0.1423406 0.0667836 0.0098229 0.0518883 0.1665221 0.0047873 0.0062778 0.0495477 0.0000000 0.2365191 0.1833049
 91 T  91 0.0609252 0.1276430 0.0243162 0.0217562 0.0046596 0.0402572 0.0276357 0.0082815 0.0510500 0.0163106 0.0410203 0.0320038 0.0103880 0.0310554 0.0118445 0.0497210 0.0597205 0.1722566 0.1394075 0.0697472
 92 I  92 0.0145113 0.0008681 0.0000000 0.0048305 0.0000000 0.0000000 0.0136097 0.0020807 0.0122489 0.2247636 0.1128963 0.0041863 0.0094974 0.0360877 0.0156834 0.0016400 0.0041259 0.0000000 0.0118678 0.5311024
 93 P  93 0.0469460 0.0000000 0.0076694 0.0257881 0.0000000 0.0168915 0.0337785 0.0150163 0.0055311 0.1369008 0.3643860 0.0096771 0.0347289 0.0460131 0.0142213 0.0239162 0.0084581 0.0000000 0.0138049 0.1962725
 94 K  94 0.1005309 0.0310270 0.0100400 0.2851040 0.0028278 0.0126182 0.1688430 0.0294398 0.0515925 0.0138118 0.0338372 0.0525282 0.0111027 0.0180865 0.0354619 0.0671368 0.0225871 0.0046647 0.0330568 0.0157031
 95 T  95 0.0384209 0.0073625 0.0070192 0.0043233 0.0000000 0.0065429 0.0153192 0.0105610 0.0025992 0.0406236 0.1011250 0.0361373 0.0042894 0.0134419 0.0256188 0.0548729 0.5479828 0.0000000 0.0011825 0.0825776
 96 D  96 0.0139742 0.0062276 0.1119553 0.5924922 0.0000000 0.0062920 0.0235332 0.0127788 0.0062168 0.0039932 0.0155886 0.0282788 0.0000000 0.0086337 0.0327991 0.0603406 0.0509061 0.0000000 0.0022148 0.0237749
 97 Y  97 0.0056088 0.0218015 0.0068324 0.0151242 0.0041521 0.0100151 0.0457460 0.0368302 0.0077120 0.0040124 0.0036027 0.0420217 0.0009799 0.0226264 0.0616920 0.0139747 0.0024525 0.0013190 0.6321976 0.0612990
 98 D  98 0.0083919 0.0626419 0.0767068 0.3204353 0.0000000 0.0460013 0.1358310 0.0261309 0.0064484 0.0043289 0.0046823 0.1361120 0.0058992 0.0012211 0.0030034 0.0583588 0.0762530 0.0065944 0.0076012 0.0133580
 99 N  99 0.0261400 0.0274524 0.2214460 0.1348219 0.0000000 0.0618274 0.0994435 0.0255840 0.0544327 0.0146304 0.0195543 0.0313830 0.0118046 0.0094219 0.0072452 0.1431354 0.0871435 0.0038838 0.0139445 0.0067054
100 F 100 0.0139598 0.0014589 0.0034732 0.0051539 0.0084429 0.0000000 0.0017334 0.0074711 0.0975262 0.0188158 0.0461074 0.0048954 0.0094412 0.1694821 0.0000000 0.0155699 0.0057184 0.0408393 0.5460621 0.0038491
101 L 101 0.4840427 0.0042006 0.0017044 0.0013191 0.0013012 0.0118275 0.0008954 0.0199982 0.0021729 0.0804608 0.0945266 0.0024907 0.0195580 0.0133385 0.0018623 0.0601868 0.0399999 0.0352396 0.0522714 0.0726033
102 M 102 0.0136852 0.0000000 0.0000000 0.0000000 0.0069351 0.0000000 0.0036942 0.0160957 0.0000000 0.3095000 0.2554225 0.0029492 0.0707012 0.1102251 0.0000000 0.0022087 0.0185025 0.0000000 0.0155957 0.1744849
103 A 103 0.0415598 0.0043938 0.0052581 0.0042517 0.0000000 0.0123867 0.0048525 0.0176892 0.0351299 0.0889940 0.1865160 0.0042404 0.0834915 0.1279100 0.0000000 0.0294821 0.0294516 0.0000000 0.0310023 0.2933904
104 H 104 0.0087834 0.0155512 0.0265383 0.0227873 0.0740717 0.0074710 0.0000000 0.0021993 0.0941171 0.0120211 0.0696623 0.0053660 0.0097266 0.0974168 0.0000000 0.0345979 0.0206347 0.0332469 0.4511529 0.0146555
105 L 105 0.0375459 0.0173735 0.0132430 0.0077037 0.1209676 0.0298690 0.0168733 0.0450932 0.0031315 0.0635323 0.1505733 0.0169993 0.0501475 0.0557992 0.0000000 0.1718327 0.1040958 0.0023480 0.0312733 0.0615977
106 I 106 0.0590212 0.0521919 0.0648436 0.0223821 0.1823383 0.0548266 0.1410772 0.0038042 0.0191127 0.0399323 0.0170669 0.0915998 0.0036186 0.0288630 0.0097468 0.0335116 0.0587387 0.0189813 0.0539313 0.0444119
107 N 107 0.0712969 0.0710858 0.1691682 0.0510489 0.0026508 0.0316677 0.0306622 0.0910145 0.0079592 0.0152907 0.0570415 0.1514020 0.0200019 0.0104060 0.0085055 0.0745443 0.0640199 0.0020787 0.0012119 0.0689435
108 E 108 0.0275868 0.0184035 0.0382620 0.1351118 0.0000000 0.0807982 0.1062314 0.0281713 0.0114547 0.0486459 0.1053626 0.0738058 0.0223828 0.0593945 0.0101039 0.0498692 0.0936736 0.0021347 0.0268189 0.0617883
109 K 109 0.0233531 0.1047444 0.0285151 0.0740506 0.0000000 0.0151646 0.0397002 0.0192203 0.0197751 0.0725326 0.0890144 0.1407314 0.0103370 0.0726772 0.0244443 0.0903668 0.0316330 0.0236237 0.0305945 0.0895216
110 D 110 0.0825891 0.0475142 0.0986082 0.1019121 0.0000000 0.0649897 0.0620924 0.2016389 0.0473140 0.0086322 0.0247228 0.0734980 0.0039133 0.0121114 0.0124432 0.0950010 0.0344406 0.0068146 0.0057189 0.0160456
111 G 111 0.0302027 0.0452518 0.0784303 0.0736350 0.0000000 0.0137380 0.0509582 0.4244133 0.0261639 0.0032602 0.0170801 0.0215559 0.0011972 0.0294048 0.0469628 0.0748443 0.0318960 0.0065369 0.0060347 0.0184337
112 E 112 0.0375222 0.0845060 0.0315015 0.0466046 0.0156747 0.0692536 0.1341662 0.0656019 0.0239491 0.0207676 0.0255605 0.1267544 0.0171481 0.0304494 0.1319375 0.0245850 0.0410177 0.0045883 0.0153407 0.0530710
113 T 113 0.0363322 0.0618510 0.0930253 0.0893349 0.0015758 0.0628544 0.0654601 0.0305820 0.0585636 0.0204895 0.0285512 0.1008276 0.0024068 0.0241334 0.0629216 0.1084872 0.0905251 0.0075124 0.0113497 0.0432163
114 F 114 0.0189804 0.1136123 0.0481393 0.0258549 0.0169774 0.0081360 0.0095780 0.0135874 0.0684077 0.0412387 0.0467476 0.0178317 0.0202063 0.1478964 0.0013573 0.0939198 0.1807392 0.0000000 0.0982686 0.0285211
115 Q 115 0.0086839 0.1206715 0.0512540 0.0894457 0.0169385 0.1076169 0.0517725 0.0107097 0.0481113 0.0460623 0.0976878 0.1025486 0.0081859 0.0414031 0.0029361 0.0582229 0.0371073 0.0086874 0.0081497 0.0838049
116 L 116 0.0279617 0.0227938 0.0238061 0.0053174 0.0000000 0.0143802 0.0198967 0.0569232 0.0034075 0.0304265 0.0816931 0.0326557 0.1049041 0.0517408 0.0030325 0.0882939 0.0629317 0.0172400 0.2289793 0.1236158
117 M 117 0.1946206 0.0036228 0.0207820 0.0000000 0.0365053 0.0019757 0.0000000 0.0439579 0.0000000 0.0596327 0.3031019 0.0000000 0.0568215 0.0232124 0.0000000 0.0630774 0.0424674 0.0028577 0.0073424 0.1400223
118 G 118 0.0314230 0.0098661 0.0146088 0.0050141 0.0000000 0.0784477 0.0503545 0.0181858 0.0085629 0.0151206 0.0537150 0.1634105 0.0072181 0.0516370 0.0000000 0.0683501 0.0550554 0.3384912 0.0119913 0.0185479
119 L 119 0.0106300 0.0020882 0.0000000 0.0000000 0.0038853 0.0013092 0.0000000 0.0050591 0.0040429 0.2464187 0.5156323 0.0216626 0.0089795 0.0486355 0.0053497 0.0031690 0.0016207 0.0000000 0.0387920 0.0827253
120 Y 120 0.0173292 0.0000000 0.0048665 0.0012578 0.0039495 0.0042048 0.0013711 0.0000000 0.0203643 0.0232120 0.4300628 0.0023170 0.0549592 0.1039910 0.0000000 0.0183422 0.0057800 0.0000000 0.2656782 0.0423143
121 G 121 0.2266765 0.0058289 0.0017585 0.0000000 0.0254132 0.0000000 0.0031960 0.2826370 0.0077099 0.0000000 0.0000000 0.0052470 0.0000000 0.0000000 0.0000000 0.3616425 0.0595944 0.0000000 0.0000000 0.0202961
122 R 122 0.0000000 0.8688425 0.0024214 0.0260628 0.0000000 0.0021102 0.0018819 0.0000000 0.0016049 0.0025455 0.0031831 0.0777043 0.0000000 0.0019674 0.0073144 0.0022440 0.0021176 0.0000000 0.0000000 0.0000000
123 E 123 0.0228910 0.0398594 0.0737375 0.0780585 0.0050455 0.0644362 0.1054383 0.0557277 0.0205898 0.0102451 0.0047486 0.0572553 0.0024548 0.0019301 0.0012072 0.1268065 0.3160891 0.0000000 0.0042994 0.0091801
124 P 124 0.0246962 0.0909026 0.0272759 0.0139630 0.0000000 0.0547936 0.0253445 0.0030027 0.0027136 0.0104836 0.0932254 0.1092280 0.0123580 0.0022590 0.4364230 0.0271928 0.0353763 0.0186644 0.0000000 0.0120974
125 D 125 0.0242896 0.0175754 0.0527781 0.1399389 0.0014434 0.0747382 0.2326493 0.0129626 0.0315667 0.0111481 0.0263717 0.0583156 0.0144412 0.0073548 0.0249811 0.0682574 0.1486512 0.0011549 0.0123701 0.0390117
126 L 126 0.0528845 0.0020132 0.0152489 0.0141386 0.0037721 0.0074503 0.0459945 0.0102208 0.0099719 0.0951383 0.3907656 0.0042764 0.0418765 0.0109758 0.0844942 0.0173965 0.0259134 0.0000000 0.0037839 0.1636847
127 S 127 0.0233701 0.0526702 0.1124726 0.1369026 0.0000000 0.0203236 0.0431180 0.0481276 0.0087398 0.0116938 0.0070876 0.0218090 0.0000000 0.0052689 0.1091792 0.2849647 0.1131935 0.0000000 0.0000000 0.0010788
128 S 128 0.0678523 0.0166826 0.0281765 0.1388240 0.0043500 0.0992472 0.1366044 0.0242483 0.0126280 0.0049429 0.0304777 0.0525711 0.0040041 0.0171902 0.2556938 0.0535159 0.0347308 0.0008430 0.0039442 0.0134728
129 D 129 0.0679359 0.0074366 0.0502490 0.1065467 0.0000000 0.0609624 0.4368650 0.0287310 0.0057842 0.0058573 0.0180549 0.0551404 0.0042659 0.0026546 0.0276646 0.0702208 0.0389766 0.0000000 0.0011023 0.0115517
130 I 130 0.1862439 0.0068309 0.0036035 0.0261585 0.0000000 0.0699537 0.0379051 0.0293631 0.0067565 0.1300947 0.1279586 0.0095211 0.0176243 0.0275019 0.0012520 0.0267435 0.0748126 0.0019067 0.0174013 0.1983681
131 K 131 0.0180182 0.0771762 0.0048836 0.0000000 0.0021591 0.0257487 0.0071606 0.0000000 0.0035655 0.1204990 0.2932801 0.1863679 0.1015577 0.0260919 0.0035363 0.0025555 0.0068013 0.0059248 0.0456873 0.0689862
132 E 132 0.0530052 0.0432710 0.0594634 0.1171900 0.0000000 0.1510175 0.3206888 0.0262656 0.0095558 0.0000000 0.0079835 0.0731056 0.0049208 0.0024348 0.0032348 0.0587000 0.0436597 0.0139504 0.0065982 0.0049549
133 R 133 0.0634564 0.1268839 0.0253530 0.0629845 0.0000000 0.0504819 0.1837775 0.0151222 0.0329073 0.0146636 0.0250989 0.2755712 0.0067251 0.0156513 0.0045672 0.0151629 0.0252450 0.0000000 0.0331618 0.0231862
134 F 134 0.0607338 0.0000000 0.0000000 0.0000000 0.0010575 0.0097040 0.0000000 0.0013425 0.0000000 0.0467691 0.1648163 0.0022555 0.0350631 0.5763353 0.0011037 0.0000000 0.0028791 0.0027335 0.0704799 0.0247268
135 A 135 0.0269173 0.1223615 0.0140666 0.0219124 0.0032855 0.0643189 0.1056327 0.0013181 0.0268535 0.0605383 0.1153349 0.1830171 0.0294656 0.0092591 0.0000000 0.0154118 0.0412820 0.0014715 0.0436224 0.1139308
136 Q 136 0.0982231 0.0649447 0.0728780 0.0903077 0.0166911 0.1132356 0.2237524 0.0146515 0.0107461 0.0027110 0.0100540 0.1600503 0.0104793 0.0013239 0.0000000 0.0627555 0.0328874 0.0022357 0.0034589 0.0086139
137 L 137 0.1021142 0.0713688 0.0048519 0.0086502 0.0011625 0.0215460 0.0180380 0.0000000 0.0222047 0.0876057 0.1589668 0.0783012 0.0221284 0.1986482 0.0000000 0.0084616 0.0287039 0.0163111 0.0581054 0.0928314
138 C 138 0.3425670 0.0000000 0.0080547 0.0000000 0.0911101 0.0027694 0.0000000 0.0034158 0.0000000 0.0540833 0.1875105 0.0014684 0.0137699 0.0218862 0.0000000 0.0705247 0.0586704 0.0018504 0.0155118 0.1268076
139 E 139 0.0601871 0.1571253 0.0207060 0.0390479 0.0028520 0.1054012 0.0999639 0.0242591 0.0149083 0.0111948 0.0597281 0.2116447 0.0096108 0.0000000 0.0385613 0.0417883 0.0729470 0.0029479 0.0093679 0.0177583
140 K 140 0.0990474 0.0939628 0.0321314 0.0765886 0.0472731 0.0544606 0.1790493 0.0502064 0.0201170 0.0118267 0.0180193 0.0916228 0.0030119 0.0019067 0.0102945 0.1354221 0.0595170 0.0026227 0.0034504 0.0094694
141 H 141 0.0336852 0.0802674 0.0520938 0.0022169 0.0010833 0.1080950 0.0349732 0.0077057 0.0528171 0.0236630 0.2469140 0.0943725 0.0248145 0.0278525 0.0000000 0.0185714 0.0366570 0.0057855 0.0843689 0.0640631
142 G 142 0.0043851 0.0252363 0.0722357 0.0423660 0.0224666 0.0046364 0.0208185 0.7096380 0.0178835 0.0018642 0.0000000 0.0203875 0.0022953 0.0000000 0.0275776 0.0205950 0.0045885 0.0000000 0.0030257 0.0000000
143 I 143 0.0030738 0.0053589 0.0000000 0.0000000 0.0000000 0.0000000 0.0000000 0.0031329 0.0010421 0.2662759 0.2763621 0.0020998 0.0480056 0.2139225 0.0022985 0.0000000 0.0000000 0.0000000 0.1095203 0.0689077
144 L 144 0.0362498 0.0334952 0.0580484 0.2723050 0.0000000 0.0407303 0.0319085 0.0318959 0.0319056 0.0113103 0.0500139 0.0310444 0.0000000 0.0076449 0.1477398 0.1000758 0.0823669 0.0013652 0.0036658 0.0282343
145 R 145 0.0186560 0.0572081 0.0150943 0.0764830 0.0000000 0.0382257 0.1732545 0.0096268 0.0036610 0.0393639 0.0778425 0.0915925 0.0186381 0.0029655 0.1206519 0.0309881 0.1166759 0.0000000 0.0070233 0.1020488
146 E 146 0.0414310 0.0306560 0.0389225 0.2315881 0.0012622 0.0741967 0.2845842 0.0255332 0.0083880 0.0000000 0.0029915 0.0175170 0.0028090 0.0101006 0.0124084 0.1795422 0.0298887 0.0049891 0.0017611 0.0014304
147 N 147 0.0427828 0.0584961 0.2489254 0.0731764 0.0000000 0.0769377 0.0910799 0.0080332 0.0324882 0.0275524 0.0081255 0.1607474 0.0174426 0.0145752 0.0062837 0.0526842 0.0273535 0.0000000 0.0462209 0.0070949
148 I 148 0.0229648 0.0000000 0.0000000 0.0000000 0.0000000 0.0152636 0.0000000 0.0076215 0.0046902 0.4453577 0.2299452 0.0026176 0.0782676 0.0523504 0.0000000 0.0026481 0.0129051 0.0035757 0.0133966 0.1083958
149 I 149 0.0375667 0.0539036 0.0018859 0.0000000 0.0000000 0.0292364 0.0284710 0.0032475 0.0177843 0.2757037 0.1034738 0.0396438 0.0210009 0.1228268 0.0015259 0.0223658 0.0261000 0.0079401 0.0232923 0.1840316
150 D 150 0.0111479 0.0482232 0.0453217 0.1394509 0.0000000 0.0173686 0.0208799 0.0028581 0.0298759 0.1144120 0.0333464 0.0481250 0.0331839 0.1562636 0.0258787 0.0154960 0.0590248 0.0572834 0.0853624 0.0564975
151 L 151 0.0093850 0.0015376 0.0029996 0.0021045 0.0000000 0.0109180 0.0014131 0.0000000 0.0000000 0.0547949 0.2426803 0.0168586 0.0492936 0.0731877 0.1570143 0.0132930 0.1701117 0.0026132 0.0000000 0.1917948
152 S 152 0.0541644 0.0334896 0.0384893 0.1024340 0.0000000 0.0492560 0.1037024 0.0103631 0.0019877 0.0378111 0.0312723 0.0685154 0.0032487 0.0029210 0.2299084 0.0711333 0.1201489 0.0000000 0.0014059 0.0397484
153 N 153 0.0111483 0.0338201 0.0500855 0.0630145 0.0000000 0.3764766 0.0362758 0.0055466 0.0946330 0.0049782 0.0146365 0.1706186 0.0015533 0.0030458 0.0625905 0.0190527 0.0422125 0.0000000 0.0024253 0.0078862
154 A 154 0.0385503 0.0563836 0.0728438 0.1059120 0.0000000 0.0649888 0.0179777 0.0180108 0.0229640 0.0243605 0.0068481 0.1133540 0.0162884 0.0000000 0.0253127 0.1069093 0.2288838 0.0000000 0.0373659 0.0430463
155 N 155 0.0206722 0.0121111 0.0217536 0.3834550 0.0033636 0.0033954 0.2101175 0.2754693 0.0000000 0.0023475 0.0148069 0.0054676 0.0018987 0.0072913 0.0000000 0.0099092 0.0028616 0.0000000 0.0000000 0.0250795
156 R 156 0.0453858 0.1236253 0.1446899 0.0212273 0.0044338 0.0947006 0.1416916 0.0000000 0.0146155 0.0191030 0.0357822 0.0808444 0.0121182 0.0476714 0.0244432 0.0470436 0.1127438 0.0000000 0.0087232 0.0211572
157 C 157 0.0039479 0.0000000 0.0000000 0.0000000 0.9508806 0.0000000 0.0000000 0.0105316 0.0000000 0.0000000 0.0059421 0.0000000 0.0000000 0.0000000 0.0171227 0.0000000 0.0077443 0.0000000 0.0000000 0.0038308
158 L 158 0.0703324 0.0032139 0.0243538 0.0320689 0.0000000 0.0192545 0.0831175 0.0394111 0.0000000 0.0597564 0.1012970 0.0058956 0.0396371 0.0078936 0.3012466 0.0552464 0.0249567 0.0000000 0.0050042 0.1273145
159 Q 159 0.0692536 0.0154624 0.0034961 0.0214513 0.0000000 0.1171602 0.2207727 0.0090251 0.0602593 0.0048423 0.0049090 0.0501574 0.0000000 0.0051245 0.3151717 0.0801241 0.0201172 0.0000000 0.0000000 0.0026731
160 A 160 0.2627704 0.0087910 0.0000000 0.0000000 0.0000000 0.0312605 0.2068752 0.2408863 0.0000000 0.0163134 0.0740829 0.0052349 0.0000000 0.0064287 0.0000000 0.0424615 0.0882500 0.0000000 0.0000000 0.0166453
161 R 161 0.0125331 0.1820101 0.0071281 0.1451069 0.0000000 0.0572242 0.3289782 0.0326272 0.1010839 0.0000000 0.0000000 0.0198081 0.0000000 0.0000000 0.0000000 0.0993988 0.0141013 0.0000000 0.0000000 0.0000000
162 E 162 0.0000000 0.0000000 0.0000000 0.2527146 0.0000000 0.3172153 0.1877679 0.0000000 0.0000000 0.0000000 0.0000000 0.2423022 0.0000000 0.0000000 0.0000000 0.0000000 0.0000000 0.0000000 0.0000000 0.0000000
