  277         A         R         N         D         C         Q         E         G         H         I         L         K         M         F         P         S         T         W         Y         V         X    
  1 S   1 0.0951777 0.0000000 0.0315632 0.0000000 0.0000000 0.0000000 0.0000000 0.0000000 0.0000000 0.0000000 0.0000000 0.0000000 0.0000000 0.0000000 0.0000000 0.1176819 0.0521374 0.0000000 0.0000000 0.0000000 0.7034398
  2 H   2 0.1237858 0.0193508 0.0367716 0.0143149 0.0008648 0.0312569 0.0378627 0.0860931 0.0129581 0.0000000 0.0014033 0.0182618 0.0000000 0.0034993 0.0188660 0.1091859 0.0187042 0.0000000 0.0016695 0.0097262 0.4554250
  3 M   3 0.1507440 0.0120722 0.0246667 0.0210903 0.0023072 0.0438985 0.0130898 0.1049390 0.0109297 0.0044938 0.0678678 0.0532319 0.0022301 0.0045865 0.0125718 0.1105081 0.0310008 0.0008985 0.0018498 0.0035429 0.3234805
  4 E   4 0.1234899 0.0152559 0.0236368 0.1069231 0.0000000 0.0633320 0.0876472 0.0528281 0.0040874 0.0000000 0.0018975 0.0875321 0.0000000 0.0073511 0.0197517 0.1171685 0.0293416 0.0000000 0.0011120 0.0015740 0.2570712
  5 K   5 0.1155189 0.0183255 0.0334310 0.0798826 0.0000000 0.0372546 0.0593581 0.1823499 0.0045655 0.0039911 0.0050900 0.1245465 0.0012046 0.0000000 0.0203793 0.0838020 0.0362928 0.0000000 0.0000000 0.0084066 0.1856009
  6 E   6 0.0862089 0.0331365 0.0327253 0.1338390 0.0000000 0.0474055 0.1015960 0.1319258 0.0017059 0.0034608 0.0031898 0.1245261 0.0000000 0.0000000 0.0637995 0.0246064 0.0340919 0.0000000 0.0000000 0.0268308 0.1509517
  7 N   7 0.0350162 0.0381339 0.0283961 0.0551765 0.0000000 0.0475497 0.0562595 0.0194592 0.0154549 0.0023493 0.0051816 0.0971931 0.0020737 0.0000000 0.1179933 0.0814999 0.2586519 0.0000000 0.0000000 0.0281033 0.1115079
  8 L   8 0.0027486 0.0000000 0.0000000 0.0000000 0.0000000 0.0000000 0.0000000 0.0000000 0.0000000 0.4188250 0.1998460 0.0000000 0.0032497 0.0030252 0.0000000 0.0000000 0.0013030 0.0000000 0.0123267 0.2938457 0.0648302
  9 I   9 0.0212441 0.1007512 0.0298983 0.0045642 0.0000000 0.0019262 0.0070749 0.0040966 0.0234360 0.0679569 0.0011210 0.0861924 0.0039140 0.0000000 0.0047147 0.0183312 0.2212455 0.0000000 0.0000000 0.3446940 0.0588389
 10 I  10 0.0022749 0.0000000 0.0000000 0.0000000 0.0000000 0.0000000 0.0000000 0.0000000 0.0000000 0.4263306 0.0733105 0.0000000 0.0069352 0.0044361 0.0000000 0.0000000 0.0015922 0.0000000 0.0000000 0.4303152 0.0548053
 11 A  11 0.2317262 0.0000000 0.0000000 0.0000000 0.0016101 0.0000000 0.0028707 0.5966653 0.0000000 0.0027185 0.0000000 0.0000000 0.0000000 0.0000000 0.0000000 0.0507784 0.0415937 0.0000000 0.0073160 0.0114868 0.0532343
 12 G  12 0.1271841 0.0000000 0.0020737 0.0144301 0.0012271 0.0042836 0.0020325 0.1414519 0.0068642 0.0000000 0.0034630 0.0000000 0.0008548 0.0000000 0.0000000 0.4563710 0.1009977 0.0058582 0.0711169 0.0091209 0.0526703
 13 K  13 0.1258493 0.0120487 0.0270961 0.0042070 0.0000000 0.0518508 0.0000000 0.0610595 0.0000000 0.0155351 0.0115640 0.5126033 0.0220380 0.0058142 0.0107045 0.0093776 0.0249627 0.0000000 0.0020821 0.0539285 0.0492785
 14 I  14 0.0417957 0.0147463 0.2405927 0.1436535 0.0000000 0.0326849 0.0523941 0.0447569 0.0008920 0.0715121 0.0864729 0.0182091 0.0078182 0.0000000 0.0748622 0.0647794 0.0409954 0.0000000 0.0008748 0.0149309 0.0480289
 15 G  15 0.0064726 0.0047966 0.0020300 0.1010025 0.0000000 0.0024103 0.0025461 0.0907683 0.0011758 0.0043668 0.0017435 0.0000000 0.0327997 0.4472319 0.0000000 0.0163161 0.0484620 0.1213399 0.0595011 0.0090080 0.0480289
 16 P  16 0.0990601 0.0011549 0.0116291 0.0676073 0.0000000 0.0035919 0.0039476 0.0232424 0.0000000 0.0062934 0.0023463 0.0037052 0.0000000 0.0000000 0.0868521 0.1415045 0.4592327 0.0000000 0.0268495 0.0149538 0.0480289
 17 E  17 0.0042148 0.0000000 0.0000000 0.0248051 0.0069432 0.0063176 0.8327890 0.0000000 0.0000000 0.0000000 0.0000000 0.0000000 0.0000000 0.0000000 0.0000000 0.0680411 0.0068612 0.0000000 0.0000000 0.0000000 0.0500281
 18 P  18 0.0517256 0.0098334 0.1002224 0.0114653 0.0000000 0.2513883 0.0520403 0.1024931 0.0011036 0.0000000 0.0039476 0.0000000 0.0055831 0.0042909 0.0844467 0.2476716 0.0099699 0.0000000 0.0010508 0.0147385 0.0480289
 19 E  19 0.0537040 0.0240346 0.0142995 0.0390274 0.0000000 0.1152300 0.1351685 0.0148715 0.0124193 0.0981885 0.0729953 0.0446922 0.0082063 0.0198197 0.0015218 0.0334559 0.0346241 0.0000000 0.1067598 0.1229527 0.0480289
 20 I  20 0.1089920 0.0000000 0.0029216 0.0000000 0.0000000 0.0000000 0.0000000 0.0000000 0.0000000 0.4780279 0.1947292 0.0000000 0.0029276 0.0028235 0.0039476 0.0000000 0.0299358 0.0000000 0.0000000 0.1276658 0.0480289
 21 L  21 0.0058721 0.0000000 0.0000000 0.0000000 0.0000000 0.0000000 0.0000000 0.0000000 0.0000000 0.1106827 0.6089463 0.0000000 0.0443300 0.0024801 0.0000000 0.0508686 0.0188836 0.0000000 0.0000000 0.1107578 0.0471790
 22 A  22 0.3544767 0.0000000 0.0076966 0.0020029 0.0059803 0.0000000 0.0000000 0.3106154 0.0056776 0.0638299 0.0000000 0.0000000 0.0165752 0.0000000 0.0042595 0.0886830 0.0872137 0.0000000 0.0000000 0.0058103 0.0471790
 23 N  23 0.0390441 0.0178772 0.2537282 0.0278118 0.0000000 0.0661622 0.2931457 0.0137474 0.0823432 0.0000000 0.0023551 0.0332028 0.0000000 0.0076836 0.0000000 0.0288842 0.0148562 0.0026336 0.0693459 0.0000000 0.0471790
 24 M  24 0.0086590 0.0000000 0.0000000 0.0000000 0.0022379 0.0000000 0.0000000 0.0000000 0.0000000 0.3137250 0.2072023 0.0000000 0.3195222 0.0011559 0.0000000 0.0000000 0.0025085 0.0000000 0.0000000 0.0960857 0.0489036
 25 Y  25 0.0551661 0.0000000 0.0000000 0.0009334 0.0014426 0.0060966 0.0048400 0.0054286 0.0000000 0.1270286 0.1391542 0.0000000 0.0349973 0.0128006 0.0000000 0.0046962 0.0753939 0.0484864 0.3629606 0.0691414 0.0514335
 26 K  26 0.3742412 0.0286857 0.0031128 0.0046326 0.0000000 0.0400019 0.0261584 0.0533845 0.0016003 0.0125875 0.0270661 0.2142967 0.0044333 0.0011036 0.0000000 0.0614055 0.0366941 0.0000000 0.0135043 0.0499124 0.0471790
 27 L  27 0.0718961 0.0106518 0.0059054 0.0520317 0.0000000 0.2782136 0.1334027 0.0545294 0.0099351 0.0653597 0.1372614 0.0192699 0.0174835 0.0144407 0.0000000 0.0115108 0.0182335 0.0000000 0.0127876 0.0386891 0.0483982
 28 L  28 0.2624830 0.0240081 0.0000000 0.0000000 0.0000000 0.0147496 0.0114721 0.0010812 0.0036552 0.0307100 0.3149871 0.0012059 0.0597208 0.0016452 0.0000000 0.0177665 0.0263583 0.0023223 0.0481573 0.1285588 0.0511185
 29 I  29 0.0136122 0.0000000 0.0000000 0.0000000 0.0000000 0.0000000 0.0000000 0.0042776 0.0000000 0.2599307 0.6015835 0.0000000 0.0140473 0.0122971 0.0000000 0.0000000 0.0017792 0.0000000 0.0000000 0.0361610 0.0563113
 30 E  30 0.0209320 0.1262839 0.0231900 0.0088914 0.0000000 0.0521736 0.5127724 0.0120409 0.0027853 0.0019499 0.0027795 0.0974189 0.0009262 0.0000000 0.0000000 0.0107450 0.0196311 0.0000000 0.0000000 0.0020512 0.1054285
 31 E  31 0.2562330 0.0137566 0.0291805 0.1335711 0.0000000 0.0837757 0.1104658 0.0211195 0.0780639 0.0017667 0.0012192 0.0484493 0.0000000 0.0092648 0.0037003 0.0744443 0.0133313 0.0000000 0.0041219 0.0069575 0.1105786
 32 N  32 0.0253633 0.0925500 0.1566406 0.0585249 0.0000000 0.0364261 0.0897912 0.0187560 0.0729374 0.0000000 0.0000000 0.1440152 0.0000000 0.0014043 0.0000000 0.0049301 0.0115360 0.0000000 0.0647362 0.0033287 0.2190600
 33 T  33 0.2261439 0.0030347 0.0017070 0.0059961 0.0000000 0.0021696 0.0047542 0.0327606 0.0013082 0.0070346 0.0345080 0.0088131 0.0185407 0.0000000 0.0285107 0.0504545 0.2344111 0.0000000 0.0073249 0.0063732 0.3261551
 34 S  34 0.0067133 0.0050970 0.0529224 0.1793250 0.0000000 0.0060090 0.0061859 0.6193681 0.0226011 0.0000000 0.0000000 0.0256111 0.0000000 0.0000000 0.0101834 0.0086549 0.0000000 0.0000000 0.0000000 0.0000000 0.0573288
 35 M  35 0.1083962 0.0093835 0.0078942 0.0053003 0.0000000 0.0031906 0.0081521 0.0087842 0.0097671 0.1182620 0.1782648 0.0046199 0.0134777 0.1072857 0.0000000 0.0054098 0.0174579 0.0000000 0.2516605 0.0912041 0.0514893
 36 T  36 0.0406595 0.0462844 0.0780686 0.1455594 0.0000000 0.0567449 0.1069763 0.0118381 0.0274951 0.0000000 0.0000000 0.2136469 0.0000000 0.0000000 0.0760821 0.0457862 0.0980443 0.0000000 0.0000000 0.0041225 0.0486915
 37 A  37 0.0862250 0.0000000 0.0000000 0.0000000 0.0038123 0.0000000 0.0017072 0.0000000 0.0000000 0.0264479 0.0106615 0.0000000 0.0016669 0.0019992 0.0149053 0.0020500 0.1008806 0.0000000 0.0036747 0.6965582 0.0494113
 38 T  38 0.0183041 0.0551394 0.0463095 0.0846644 0.0000000 0.0490837 0.3004538 0.0157224 0.0026012 0.0162196 0.0076026 0.0682880 0.0008324 0.0000000 0.0000000 0.0465091 0.1688034 0.0000000 0.0027185 0.0643202 0.0524277
 39 V  39 0.0143953 0.1623255 0.0375375 0.1004910 0.0000000 0.0100513 0.0144806 0.0066038 0.0341716 0.0784007 0.1770675 0.0222643 0.0299977 0.0060507 0.0117962 0.0055284 0.0730247 0.0000000 0.0269323 0.1250224 0.0638584
 40 K  40 0.0099755 0.1921590 0.0164948 0.0093367 0.0000000 0.0804244 0.0295478 0.0021090 0.0034025 0.0593874 0.0473897 0.2937649 0.0141521 0.0040461 0.0011410 0.0328517 0.1069160 0.0000000 0.0014704 0.0313746 0.0640566
 41 P  41 0.0385578 0.0226373 0.0526108 0.0419149 0.0045215 0.0432251 0.0373468 0.0134831 0.0091300 0.0220540 0.0982002 0.0159987 0.0176985 0.0713696 0.1726679 0.0562830 0.1656520 0.0000000 0.0127751 0.0214759 0.0823981
 42 N  42 0.0245294 0.0235425 0.2958759 0.0302221 0.0000000 0.0768389 0.0326507 0.2489104 0.0007584 0.0008587 0.0476701 0.0047907 0.0034630 0.0018081 0.0078039 0.0504218 0.0131253 0.0026830 0.0091439 0.0190496 0.1058536
 43 F  43 0.0166722 0.0000000 0.0000000 0.0000000 0.0000000 0.0000000 0.0073233 0.0000000 0.0000000 0.1823159 0.3898381 0.0042909 0.0469998 0.0808572 0.0092899 0.0057984 0.0117823 0.0000000 0.0075142 0.0824173 0.1549007
 44 G  44 0.0654073 0.0000000 0.0067161 0.0115554 0.0000000 0.0185008 0.0019992 0.6454818 0.0010282 0.0000000 0.0040756 0.0106612 0.0000000 0.0000000 0.0297186 0.0239001 0.0073503 0.0000000 0.0000000 0.0059283 0.1676770
 45 T  45 0.0469789 0.0038395 0.0576268 0.0859534 0.0000000 0.0333082 0.0379192 0.2895772 0.0000000 0.0000000 0.0000000 0.0552421 0.0000000 0.0000000 0.0185470 0.2315424 0.0568707 0.0000000 0.0027185 0.0024415 0.0774347
 46 T  46 0.0461900 0.1798592 0.0680929 0.0016841 0.0000000 0.0080160 0.0028324 0.0096527 0.0000000 0.0049244 0.0058675 0.0212317 0.0020179 0.0000000 0.0092891 0.1527977 0.3642925 0.0039476 0.0000000 0.0285200 0.0907842
 47 S  47 0.1679652 0.0332735 0.0388117 0.0316859 0.0000000 0.0353749 0.1525349 0.0260545 0.0000000 0.0185149 0.0188580 0.0291974 0.0104888 0.0255915 0.0371214 0.1302046 0.0793638 0.0000000 0.0075654 0.0315867 0.1258070
 48 F  48 0.0655785 0.0000000 0.0501545 0.0200949 0.0000000 0.0074829 0.0053891 0.0187810 0.0000000 0.1961044 0.0840482 0.0000000 0.0138095 0.0835574 0.0299423 0.0314557 0.0353654 0.0000000 0.0000000 0.2792141 0.0790221
 49 L  49 0.1008894 0.0052614 0.0368471 0.0013278 0.0497840 0.0227533 0.0040986 0.0041257 0.0040619 0.1020642 0.1757309 0.0000000 0.0447740 0.0030003 0.0132176 0.0366734 0.0418899 0.0000000 0.1304536 0.1452536 0.0777934
 50 Y  50 0.0051832 0.1864014 0.0032870 0.0028049 0.0000000 0.0394974 0.0294514 0.0000000 0.0971724 0.0402369 0.0715978 0.0076080 0.0380371 0.1918596 0.0000000 0.0065389 0.0091875 0.0869495 0.0920906 0.0251701 0.0669262
 51 E  51 0.0696421 0.0290254 0.1030595 0.0463293 0.0000000 0.1692013 0.1158227 0.0427232 0.0008623 0.0012642 0.0043787 0.0834218 0.0044028 0.0000000 0.1493254 0.0574618 0.0495770 0.0035450 0.0022022 0.0052454 0.0625099
 52 A  52 0.7155959 0.0000000 0.0018659 0.0047438 0.0000000 0.0167363 0.0304064 0.0545195 0.0000000 0.0000000 0.0165330 0.0065391 0.0009398 0.0000000 0.0000000 0.0671994 0.0227896 0.0000000 0.0000000 0.0000000 0.0621314
 53 L  53 0.0012809 0.0000000 0.0000000 0.0000000 0.0000000 0.0329991 0.0000000 0.0000000 0.0009866 0.1046230 0.5556333 0.0000000 0.1186774 0.0093289 0.0000000 0.0000000 0.0067269 0.0000000 0.0055118 0.1098422 0.0543898
 54 K  54 0.1049205 0.0545024 0.0118696 0.0622256 0.0000000 0.0743477 0.1715616 0.0037561 0.0000000 0.0323849 0.0973616 0.1733196 0.0130646 0.0031941 0.0000000 0.0235990 0.0659664 0.0000000 0.0000000 0.0546766 0.0532496
 55 K  55 0.1275115 0.0539666 0.1869971 0.0685669 0.0000000 0.0365299 0.0158898 0.0231482 0.0079113 0.0000000 0.0000000 0.1025057 0.0000000 0.0000000 0.0017385 0.2558583 0.0598956 0.0000000 0.0027484 0.0034827 0.0532496
 56 G  56 0.0092345 0.0103531 0.0345147 0.0500212 0.0017551 0.0044619 0.0030614 0.7789518 0.0191255 0.0000000 0.0000000 0.0254006 0.0000000 0.0000000 0.0000000 0.0091413 0.0000000 0.0007295 0.0000000 0.0000000 0.0532496
 57 D  57 0.0562479 0.0193846 0.0369599 0.2609881 0.0000000 0.1704020 0.2217844 0.0158678 0.0025350 0.0021566 0.0000000 0.0324641 0.0000000 0.0000000 0.0000000 0.1073694 0.0202808 0.0000000 0.0012222 0.0061811 0.0461564
 58 I  58 0.1002795 0.0000000 0.0000000 0.0000000 0.0088611 0.0018595 0.0000000 0.0000000 0.0000000 0.5323299 0.0827882 0.0000000 0.0173938 0.0533710 0.0000000 0.0044270 0.0080437 0.0000000 0.0031069 0.1413831 0.0461564
 59 D  59 0.0135107 0.0114585 0.0367928 0.7508738 0.0000000 0.0338599 0.0010604 0.0076944 0.0186848 0.0000000 0.0000000 0.0000000 0.0000000 0.0000000 0.0000000 0.0259937 0.0539146 0.0000000 0.0000000 0.0000000 0.0461564
 60 I  60 0.0977599 0.0000000 0.0000000 0.0000000 0.0023551 0.0000000 0.0000000 0.0267116 0.0000000 0.2303739 0.2494922 0.0000000 0.0723829 0.0209603 0.0000000 0.0023397 0.0054394 0.0000000 0.0000000 0.2342227 0.0579623
 61 Y  61 0.0507295 0.0000000 0.0000000 0.0000000 0.0029868 0.0054235 0.0010081 0.0117085 0.0054157 0.0434076 0.0587034 0.0014036 0.0457562 0.0438570 0.0000000 0.0806343 0.0251627 0.0000000 0.4396851 0.1115835 0.0725344
 62 P  62 0.0657456 0.0000000 0.0018611 0.0000000 0.0000000 0.0020737 0.0000000 0.0110902 0.0017228 0.0163405 0.0229385 0.0000000 0.0212021 0.0086486 0.5055050 0.0017746 0.0096239 0.0869053 0.0276289 0.1300892 0.0868499
 63 E  63 0.0121639 0.0449905 0.0030370 0.1263328 0.0019300 0.0043192 0.6156997 0.0287014 0.0012002 0.0017228 0.0089500 0.0011081 0.0100935 0.0014410 0.0000000 0.0115933 0.0091533 0.0000000 0.0000000 0.0030347 0.1145286
 64 F  64 0.0000000 0.0000000 0.0000000 0.0000000 0.0012002 0.0000000 0.0042909 0.0000000 0.0112566 0.0000000 0.0044634 0.0000000 0.0000000 0.1246159 0.0000000 0.0000000 0.0000000 0.0153153 0.6979132 0.0000000 0.1409445
 65 T  65 0.0403302 0.0000000 0.0309627 0.0144323 0.0000000 0.0098625 0.0026330 0.0041265 0.0000000 0.0105645 0.0227779 0.0000000 0.0055118 0.0000000 0.0000000 0.0859463 0.6242997 0.0000000 0.0009988 0.0087646 0.1387892
 66 G  66 0.0381212 0.0042909 0.0000000 0.0035450 0.0000000 0.0000000 0.0000000 0.7917510 0.0000000 0.0000000 0.0000000 0.0000000 0.0000000 0.0000000 0.0048488 0.0104084 0.0056720 0.0000000 0.0000000 0.0026643 0.1386985
 67 T  67 0.0494373 0.0251196 0.1417424 0.0037720 0.0000000 0.0094961 0.0151371 0.0041630 0.0000000 0.0036773 0.0069401 0.0063088 0.0013982 0.0000000 0.0057398 0.0446499 0.5529194 0.0000000 0.0000000 0.0112485 0.1182504
 68 V  68 0.2121211 0.0000000 0.0037052 0.0334594 0.0009138 0.0016970 0.0075882 0.1563916 0.0000000 0.0760863 0.2378365 0.0000000 0.0056672 0.0071284 0.0000000 0.0507909 0.0088056 0.0058522 0.0043192 0.0919680 0.0956694
 69 T  69 0.1168158 0.0098810 0.0042783 0.0059044 0.0000000 0.0017549 0.0014426 0.0076058 0.0025342 0.0261093 0.4048100 0.0027071 0.0040890 0.0133253 0.0000000 0.0057968 0.0411726 0.1960263 0.0417007 0.0204400 0.0936059
 70 E  70 0.0969905 0.0156760 0.0338894 0.0247418 0.0000000 0.0892141 0.0670970 0.0378856 0.0172664 0.0717520 0.1207363 0.0052890 0.0259695 0.0673783 0.0083267 0.0562955 0.1144049 0.0014726 0.0088515 0.0536888 0.0830740
 71 S  71 0.0805972 0.0204820 0.0952333 0.0228698 0.0000000 0.0195452 0.0557688 0.0459108 0.0129735 0.0253024 0.0171817 0.0011210 0.0146253 0.1089999 0.0331837 0.1001937 0.1103965 0.0166061 0.0915072 0.0435674 0.0839346
 72 L  72 0.0170360 0.0000000 0.0093156 0.0000000 0.0000000 0.0154576 0.0153566 0.0027796 0.0222080 0.1110329 0.2307383 0.0000000 0.0060161 0.1554721 0.0023583 0.0092714 0.0327443 0.0252013 0.1411592 0.1232677 0.0805851
 73 L  73 0.0177974 0.0020821 0.1016291 0.1201096 0.0013374 0.0166322 0.0067722 0.0098006 0.0055121 0.0102795 0.3935576 0.0154766 0.0301546 0.0302234 0.0189078 0.0246111 0.0375502 0.0000000 0.0075809 0.0346031 0.1153825
 74 Q  74 0.0481391 0.0261337 0.0279135 0.0436982 0.0000000 0.0527827 0.0341968 0.1528214 0.0681889 0.0007812 0.0066719 0.2845671 0.0065358 0.0039054 0.0826633 0.0086721 0.0161426 0.0000000 0.0014280 0.0022551 0.1325031
 75 P  75 0.0560729 0.0444326 0.0786281 0.0291613 0.0000000 0.0839124 0.1462919 0.0500542 0.0640722 0.0361477 0.0539683 0.0902453 0.0420680 0.0039001 0.0224519 0.0064648 0.0290351 0.0119807 0.0164019 0.0286529 0.1060579
 76 S  76 0.1004651 0.0054870 0.0315754 0.1431981 0.0000000 0.0214522 0.1152077 0.0079880 0.0166566 0.0000000 0.0140294 0.0750087 0.0000000 0.0060809 0.1127085 0.0840326 0.1135900 0.0000000 0.0076679 0.0049514 0.1399004
 77 P  77 0.0517056 0.0124870 0.0148177 0.1751878 0.0000000 0.0242915 0.1084184 0.0379599 0.0037229 0.0051850 0.0215208 0.0479930 0.0031742 0.0009796 0.1853290 0.0482796 0.0576792 0.0000000 0.0121888 0.0073454 0.1817346
 78 K  78 0.1775282 0.0260480 0.0217274 0.0300161 0.0000000 0.0254404 0.0517491 0.0214302 0.0020797 0.0167505 0.0159338 0.0808808 0.0034216 0.0119802 0.1741211 0.0385571 0.0455118 0.0149859 0.0000000 0.0396945 0.2021437
 79 V  79 0.1133436 0.0172144 0.0080988 0.0245283 0.0000000 0.0205312 0.0282519 0.0161977 0.0107161 0.0406916 0.0863896 0.0156349 0.0212772 0.0058352 0.0391117 0.0287635 0.1631714 0.0139614 0.0287856 0.0987445 0.2187517
 80 S  80 0.0887089 0.0016270 0.0252334 0.0227634 0.0000000 0.0231069 0.0198878 0.0482721 0.0194137 0.1109837 0.0449127 0.0096913 0.0066133 0.0139229 0.0665552 0.1521986 0.0725668 0.0590161 0.0167079 0.0370173 0.1608008
 81 H  81 0.0527141 0.0830924 0.0588558 0.0212275 0.0000000 0.0194439 0.0162638 0.0225003 0.0226492 0.0041204 0.0224092 0.1473365 0.0086070 0.0072009 0.0466339 0.1087786 0.1080301 0.0113012 0.0086751 0.0074978 0.2226623
 82 E  82 0.0231520 0.0042236 0.0783050 0.4296713 0.0000000 0.0072302 0.0570549 0.0109918 0.0023483 0.0014592 0.0085271 0.0075565 0.0020821 0.0000000 0.0147255 0.0802944 0.0621273 0.0000000 0.0055322 0.0071885 0.1975301
 83 P  83 0.1583002 0.0268254 0.0051650 0.0550992 0.0000000 0.0264329 0.0338961 0.0242366 0.0286824 0.0101744 0.0150688 0.0242647 0.0050508 0.0060773 0.2901207 0.0448818 0.0234858 0.0010034 0.0131283 0.0191178 0.1889882
 84 E  84 0.1033456 0.0323150 0.0163775 0.1177987 0.0000000 0.1093161 0.2026476 0.0263918 0.0139032 0.0041392 0.0198767 0.1037975 0.0126973 0.0000000 0.0047461 0.0090570 0.0270885 0.0015295 0.0168816 0.0332382 0.1448528
 85 Q  85 0.1388285 0.0186747 0.0116969 0.0842266 0.0000000 0.1143371 0.2360696 0.0102114 0.0014381 0.0021112 0.0073262 0.1525639 0.0012118 0.0000000 0.0010026 0.0340701 0.0494753 0.0000000 0.0022684 0.0214651 0.1130226
 86 V  86 0.1246087 0.0014098 0.0087484 0.0220111 0.0040085 0.0760532 0.0088986 0.0439899 0.0000000 0.0472796 0.0867134 0.0195925 0.0326217 0.0023060 0.0000000 0.0284637 0.0693979 0.0069638 0.0073889 0.2911041 0.1184404
 87 Y  87 0.0308288 0.0062925 0.0131218 0.0163504 0.0000000 0.0090218 0.0159330 0.0043915 0.0144963 0.0039386 0.0964946 0.0038369 0.0235242 0.0951278 0.0010412 0.0085530 0.0361017 0.0315012 0.4789669 0.0162040 0.0942738
 88 Q  88 0.1415222 0.0723386 0.0488463 0.1240106 0.0000000 0.0801701 0.1963693 0.0170854 0.0095814 0.0100798 0.0273247 0.0927082 0.0091606 0.0000000 0.0083138 0.0210259 0.0191404 0.0088563 0.0005963 0.0292632 0.0836070
 89 V  89 0.2368406 0.0498828 0.0063911 0.0338225 0.0000000 0.0862648 0.0811031 0.0162615 0.0056029 0.0346228 0.0646442 0.1009425 0.0080950 0.0145162 0.0000000 0.0056508 0.1068054 0.0022913 0.0339698 0.0236554 0.0886373
 90 A  90 0.1676479 0.0036452 0.0050318 0.0000000 0.0025155 0.0069823 0.0023958 0.0091386 0.0000000 0.0296421 0.2390667 0.0016105 0.0329854 0.0013906 0.0000000 0.0171100 0.0315635 0.0045740 0.0313679 0.3319346 0.0813975
 91 R  91 0.0586025 0.1457466 0.0509770 0.0103979 0.0000000 0.0768816 0.0228659 0.0063564 0.0265267 0.0092540 0.0559825 0.3478948 0.0052840 0.0016437 0.0131997 0.0337016 0.0146262 0.0000000 0.0023389 0.0343385 0.0833814
 92 D  92 0.0834773 0.1078070 0.0278763 0.1275135 0.0000000 0.0726897 0.1471010 0.0185635 0.0027200 0.0015840 0.0062194 0.1712547 0.0037747 0.0021686 0.0000000 0.0658269 0.0371239 0.0000000 0.0127755 0.0055388 0.1059854
 93 G  93 0.1869364 0.0186808 0.0104729 0.0238667 0.0000000 0.0236892 0.1415577 0.1034498 0.0045980 0.0145244 0.1552249 0.0566561 0.0092564 0.0060041 0.0080188 0.0315981 0.0233021 0.0224569 0.0135083 0.0346176 0.1115805
 94 I  94 0.0213062 0.0031885 0.0000000 0.2066669 0.0000000 0.0000000 0.0110431 0.0044537 0.0000000 0.0401821 0.2933372 0.0042513 0.0386663 0.1030441 0.0000000 0.0037818 0.0055493 0.0153750 0.1214455 0.0067778 0.1209313
 95 A  95 0.2103809 0.0315046 0.0183803 0.0357148 0.0000000 0.0491230 0.0743600 0.0341329 0.0023347 0.0031954 0.0962242 0.1183133 0.0038556 0.0058756 0.1248690 0.0106864 0.0034831 0.0000000 0.0453760 0.0135491 0.1186412
 96 K  96 0.0989324 0.0445939 0.0196316 0.0679182 0.0000000 0.0542206 0.2458591 0.0224055 0.0018692 0.0023912 0.0233144 0.1852634 0.0021319 0.0061609 0.0266922 0.0363498 0.0241815 0.0000000 0.0000000 0.0209120 0.1171723
 97 Q  97 0.0419921 0.1182654 0.0191351 0.0254954 0.0028235 0.1255052 0.0993979 0.0227808 0.0064350 0.0000000 0.0214932 0.1672905 0.0000000 0.0000000 0.0544759 0.0151365 0.0144049 0.0000000 0.0046652 0.0078230 0.2528801
 98 D  98 0.0244762 0.0224028 0.1491475 0.1092274 0.0008165 0.0111342 0.0091222 0.0198698 0.0443255 0.0012020 0.0273477 0.0166730 0.0090368 0.1170214 0.0010456 0.0074566 0.0176462 0.0085421 0.1348693 0.0046412 0.2639959
 99 H  99 0.0158867 0.0214061 0.1151146 0.1204685 0.0000000 0.0656948 0.0209249 0.4009832 0.0315909 0.0000000 0.0021505 0.0822764 0.0016443 0.0000000 0.0055118 0.0125127 0.0000000 0.0000000 0.0038648 0.0000000 0.0999699
100 L 100 0.0113207 0.0041119 0.0013035 0.0025652 0.0000000 0.0289685 0.0033249 0.0052715 0.0021008 0.1742103 0.4541629 0.0000000 0.0762361 0.0243913 0.0000000 0.0016143 0.0098089 0.0000000 0.0062713 0.1217054 0.0726325
101 A 101 0.0819015 0.0559658 0.0045206 0.0352392 0.0000000 0.0161395 0.1100197 0.0344091 0.0147760 0.0366873 0.0109112 0.0608945 0.0012033 0.0009160 0.0000000 0.0448922 0.2125508 0.0000000 0.0036194 0.2109975 0.0643566
102 Y 102 0.0776090 0.0044268 0.0063496 0.0196840 0.0010035 0.0000000 0.0035057 0.0016003 0.0000000 0.0513833 0.1078402 0.0060485 0.0483457 0.0346704 0.0036652 0.0048530 0.0128796 0.3569345 0.0487278 0.1452112 0.0652616
103 L 103 0.0279843 0.0000000 0.0000000 0.0011904 0.0000000 0.0000000 0.0025087 0.0712730 0.0000000 0.0092759 0.6060208 0.0037345 0.0289740 0.0470454 0.0028191 0.0364992 0.0267301 0.0000000 0.0457233 0.0344507 0.0557704
104 K 104 0.0525394 0.0150281 0.0688079 0.1904372 0.0022589 0.0303785 0.1000973 0.1399608 0.0032071 0.0054748 0.0034189 0.0873009 0.0000000 0.0000000 0.1159671 0.0296735 0.0727701 0.0000000 0.0045620 0.0230506 0.0550670
105 P 105 0.0495549 0.0251673 0.0056388 0.0019510 0.0007228 0.0384960 0.0144632 0.0028418 0.0013159 0.0083987 0.0164666 0.0267166 0.0328563 0.0077640 0.4993354 0.0864259 0.0318111 0.0000000 0.0817413 0.0043205 0.0640117
106 M 106 0.2447762 0.0000000 0.0477705 0.0000000 0.0014704 0.0000000 0.0022284 0.0281359 0.0022825 0.0284781 0.1683150 0.0000000 0.0841193 0.0262254 0.0000000 0.1523123 0.0482418 0.0057694 0.0816074 0.0108396 0.0674278
107 S 107 0.1059258 0.0304275 0.0277815 0.0380156 0.0000000 0.0171716 0.0438794 0.3072102 0.0014512 0.0009832 0.0411748 0.0481181 0.0010861 0.0015637 0.1802425 0.0557417 0.0067881 0.0000000 0.0193153 0.0090122 0.0641115
108 Y 108 0.3020286 0.0013906 0.0000000 0.0075238 0.0000000 0.0008809 0.0100484 0.0173703 0.0066381 0.0111236 0.0558245 0.0232138 0.0389862 0.3357831 0.0000000 0.0112766 0.0120972 0.0055118 0.0758531 0.0231537 0.0612956
109 Q 109 0.0495057 0.0112398 0.3657586 0.0445398 0.0000000 0.0978506 0.2040291 0.0587656 0.0059914 0.0000000 0.0000000 0.0088052 0.0000000 0.0000000 0.0000000 0.0340454 0.0303216 0.0000000 0.0000000 0.0257910 0.0633561
110 N 110 0.0526177 0.0035450 0.5462345 0.2888407 0.0000000 0.0000000 0.0000000 0.0000000 0.0000000 0.0000000 0.0060981 0.0000000 0.0000000 0.0000000 0.0000000 0.0141127 0.0117320 0.0000000 0.0000000 0.0089498 0.0678696
111 T 111 0.0560307 0.0226594 0.0147896 0.0138115 0.0000000 0.0740665 0.0012139 0.0292419 0.0000000 0.0107807 0.0060009 0.1319342 0.0000000 0.0054157 0.0000000 0.0500743 0.5033736 0.0000000 0.0039476 0.0011515 0.0755080
112 Y 112 0.0047966 0.0060009 0.0572179 0.1130573 0.0000000 0.0307432 0.0018853 0.0000000 0.0000000 0.0152050 0.0299526 0.0000000 0.0000000 0.0407880 0.0421926 0.0053372 0.0156150 0.0752510 0.4752823 0.0090165 0.0776586
113 A 113 0.5060243 0.0055612 0.0026235 0.0034731 0.0056908 0.0050200 0.0046081 0.1511999 0.0013990 0.0000000 0.0054656 0.0000000 0.0000000 0.0000000 0.0000000 0.0694825 0.0910310 0.0000000 0.0000000 0.0728361 0.0755849
114 V 114 0.0000000 0.0000000 0.0000000 0.0000000 0.0000000 0.0000000 0.0000000 0.0000000 0.0000000 0.1554629 0.4196096 0.0000000 0.0451088 0.1766736 0.0000000 0.0030733 0.0000000 0.0187705 0.0402647 0.0754316 0.0656050
115 A 115 0.4740937 0.0024316 0.0066826 0.0000000 0.0167476 0.0000000 0.0000000 0.0476989 0.0000000 0.0199257 0.0426711 0.0000000 0.0611560 0.0103957 0.0041672 0.0229369 0.0545225 0.0000000 0.0000000 0.1784178 0.0581527
116 V 116 0.0278637 0.0000000 0.0000000 0.0000000 0.0000000 0.0000000 0.0085596 0.0000000 0.0000000 0.0641216 0.0368639 0.0017792 0.1423106 0.0000000 0.0000000 0.0044890 0.0277830 0.0000000 0.0033980 0.6284937 0.0543377
117 P 117 0.0057741 0.2515704 0.0333374 0.0191143 0.0000000 0.0128584 0.0048943 0.0059470 0.0023008 0.0000000 0.0126868 0.0687625 0.0034446 0.0000000 0.1652544 0.0725258 0.2815151 0.0000000 0.0008238 0.0057891 0.0534011
118 K 118 0.0793244 0.1593540 0.0153775 0.0305772 0.0000000 0.1072856 0.1263886 0.0321145 0.0027989 0.0000000 0.0000000 0.2271389 0.0000000 0.0000000 0.0488332 0.0714211 0.0419888 0.0000000 0.0000000 0.0008898 0.0565074
119 K 119 0.1715553 0.0114599 0.0105315 0.1985258 0.0000000 0.0401301 0.2637755 0.0114774 0.0019211 0.0000000 0.0000000 0.0677863 0.0018124 0.0000000 0.0128811 0.0490397 0.0107262 0.0000000 0.0897187 0.0039413 0.0547177
120 I 120 0.0312834 0.0565054 0.0167622 0.0445860 0.0000000 0.0303223 0.0173739 0.0025581 0.0028126 0.0485451 0.0986119 0.0196994 0.0463044 0.1376658 0.0000000 0.0105774 0.2187955 0.0084463 0.0416389 0.1121247 0.0553867
121 A 121 0.7461408 0.0000000 0.0025790 0.0008373 0.0015364 0.0051301 0.0095864 0.0096157 0.0025177 0.0068983 0.0047966 0.0092130 0.0051571 0.0046037 0.0110348 0.0364793 0.0088165 0.0000000 0.0042904 0.0118420 0.1189250
122 Q 122 0.0759977 0.0669192 0.0199319 0.1063314 0.0000000 0.0954532 0.2695284 0.0110583 0.0028726 0.0026760 0.0030874 0.1605139 0.0014327 0.0000000 0.0065078 0.0197434 0.0272378 0.0000000 0.0000000 0.0034659 0.1272424
123 E 123 0.1158439 0.0844487 0.0030901 0.0126303 0.0000000 0.0888140 0.1789554 0.0092246 0.0036978 0.0006915 0.0017092 0.2738625 0.0039530 0.0030063 0.0051694 0.0323409 0.0323072 0.0010634 0.0028191 0.0075996 0.1387732
124 Y 124 0.0133616 0.0126789 0.1243526 0.0166606 0.0000000 0.0109552 0.0265364 0.0057751 0.1172854 0.0000000 0.1440322 0.0276070 0.0016053 0.0105777 0.0000000 0.0059615 0.0363361 0.0615881 0.2597049 0.0020583 0.1229232
125 G 125 0.0087317 0.0181651 0.1986983 0.0927175 0.0000000 0.0390863 0.0156430 0.3402501 0.0875360 0.0000000 0.0000000 0.0643327 0.0000000 0.0000000 0.0000000 0.0533519 0.0116606 0.0000000 0.0000000 0.0000000 0.0698268
126 L 126 0.0103905 0.0000000 0.0000000 0.0000000 0.0000000 0.0000000 0.0000000 0.0279012 0.0000000 0.2496184 0.4564203 0.0000000 0.0049660 0.0035222 0.0065189 0.0048081 0.0067401 0.0073408 0.0072325 0.1643421 0.0501990
127 K 127 0.0445594 0.1266197 0.0845657 0.0329269 0.0000000 0.0411886 0.1127350 0.0077189 0.0264965 0.0021353 0.0000000 0.2466274 0.0007556 0.0013088 0.0028191 0.0679782 0.1394197 0.0000000 0.0024192 0.0162696 0.0434563
128 T 128 0.0156554 0.0229366 0.0323472 0.0395531 0.0000000 0.0021611 0.0082865 0.0022516 0.0010512 0.0000000 0.0000000 0.1032503 0.0000000 0.0000000 0.0000000 0.2753488 0.4559288 0.0000000 0.0000000 0.0011495 0.0400799
129 I 129 0.0025466 0.0000000 0.0000000 0.0000000 0.0028990 0.0012916 0.0000000 0.0000000 0.0013088 0.4326507 0.2921068 0.0000000 0.0480321 0.0344838 0.0041672 0.0015740 0.0099534 0.0000000 0.0346648 0.0942412 0.0400799
130 S 130 0.1504379 0.0059952 0.0050660 0.0335214 0.0000000 0.0041986 0.1014173 0.0375428 0.0020699 0.0021686 0.0026686 0.0019300 0.0024957 0.0000000 0.0017680 0.5756948 0.0273811 0.0000000 0.0000000 0.0011717 0.0444723
131 D 131 0.0234381 0.0000000 0.0061701 0.8189460 0.0000000 0.0306344 0.0586551 0.0025110 0.0000000 0.0041672 0.0038838 0.0000000 0.0000000 0.0000000 0.0000000 0.0000000 0.0050013 0.0000000 0.0017072 0.0019889 0.0428969
132 L 132 0.0164909 0.0000000 0.0000000 0.0000000 0.0000000 0.0033160 0.0000000 0.0000000 0.0042836 0.0234976 0.7887050 0.0009087 0.0287415 0.0380699 0.0000000 0.0000000 0.0015754 0.0000000 0.0137120 0.0406217 0.0400777
133 K 133 0.3662865 0.0238557 0.0336176 0.0112233 0.0019031 0.0462251 0.0372365 0.0891401 0.0044717 0.0106604 0.0122274 0.1558928 0.0057373 0.0009734 0.0101740 0.0397717 0.0482161 0.0000000 0.0000000 0.0625729 0.0398143
134 K 134 0.1436589 0.1387644 0.0432480 0.0597815 0.0000000 0.0355908 0.0581707 0.0632548 0.0017070 0.0069863 0.0033447 0.2720072 0.0000000 0.0013402 0.0887410 0.0259893 0.0159466 0.0000000 0.0000000 0.0043625 0.0371060
135 V 135 0.0477254 0.0419095 0.0369704 0.0249880 0.0000000 0.0550323 0.0085946 0.0090316 0.1375105 0.0673422 0.0874280 0.0536229 0.0047467 0.0069186 0.0039040 0.0323253 0.0020982 0.0267721 0.1208608 0.1874376 0.0447813
136 E 136 0.2878621 0.0051160 0.0179462 0.0259500 0.0805687 0.0285493 0.0360614 0.1171288 0.0000000 0.0029186 0.0056296 0.0658784 0.0039998 0.0054663 0.0812954 0.1142645 0.0184574 0.0000000 0.0009077 0.0153263 0.0866738
137 G 137 0.0613211 0.0103407 0.0892341 0.1786309 0.0000000 0.0243593 0.0453147 0.1995707 0.0098983 0.0032268 0.0177502 0.0593765 0.0000000 0.0000000 0.1227800 0.0982650 0.0182752 0.0000000 0.0000000 0.0070895 0.0545669
138 Q 138 0.0493431 0.0518764 0.0632754 0.1105144 0.0000000 0.1295538 0.1763957 0.0323767 0.0083415 0.0015125 0.0035966 0.1364552 0.0008623 0.0024699 0.0277045 0.0521239 0.0494886 0.0000000 0.0048444 0.0043649 0.0949003
139 L 139 0.0495170 0.0179653 0.0010404 0.0085739 0.0000000 0.0055379 0.0111391 0.0040090 0.0085956 0.0812406 0.4157452 0.0157669 0.0499606 0.0798086 0.0000000 0.0093302 0.0274899 0.0218596 0.0076681 0.1103330 0.0744191
140 K 140 0.0231240 0.1668958 0.0127897 0.0067101 0.0000000 0.0116864 0.0127843 0.0000000 0.0067296 0.0944627 0.0150593 0.2147394 0.0075190 0.0000000 0.0035944 0.0412392 0.1733626 0.0054157 0.0000000 0.1551056 0.0487822
141 A 141 0.1293058 0.0022284 0.0000000 0.0000000 0.0027111 0.0000000 0.0000000 0.0122077 0.0000000 0.1048711 0.2668856 0.0000000 0.0181258 0.2198418 0.0196828 0.0037858 0.0488488 0.0000000 0.0100953 0.1129526 0.0484574
142 G 142 0.2191570 0.0027253 0.0000000 0.0101371 0.0678021 0.0048488 0.0000000 0.5960302 0.0021881 0.0023675 0.0000000 0.0000000 0.0000000 0.0000000 0.0000000 0.0140278 0.0064702 0.0000000 0.0017890 0.0239995 0.0484574
143 F 143 0.2314824 0.0022975 0.0000000 0.0020998 0.0215531 0.0022526 0.0000000 0.1683988 0.0000000 0.0698285 0.0630818 0.0036433 0.0332295 0.1318626 0.0122152 0.0481585 0.0406793 0.0015154 0.0000000 0.1222963 0.0454056
144 T 144 0.0302329 0.0088941 0.0558961 0.1982200 0.0018332 0.0192812 0.1392278 0.0733600 0.0000000 0.0038939 0.0029253 0.0204546 0.0000000 0.0085683 0.1094921 0.1229778 0.1292702 0.0000000 0.0017075 0.0244524 0.0493127
145 L 145 0.1352939 0.0050614 0.0360844 0.0454295 0.0000000 0.0238066 0.0170818 0.0361409 0.0404452 0.0425955 0.0871074 0.0073051 0.0160782 0.0125127 0.2120578 0.0962752 0.0675128 0.0000000 0.0584950 0.0127647 0.0479517
146 E 146 0.0268616 0.0000000 0.0016970 0.0784977 0.0000000 0.0120344 0.6062926 0.0875786 0.0000000 0.0249876 0.0000000 0.0000000 0.0019020 0.0000000 0.0070253 0.0353247 0.0361959 0.0069310 0.0023310 0.0164920 0.0558487
147 F 147 0.0890922 0.0019020 0.0000000 0.0021590 0.0527413 0.0000000 0.0000000 0.0459760 0.0050013 0.0059121 0.0257080 0.0000000 0.0000000 0.5928137 0.0061409 0.0037052 0.0051027 0.0881546 0.0146039 0.0093263 0.0516607
148 N 148 0.1165866 0.0311141 0.0417394 0.0284153 0.0018853 0.0475177 0.0414853 0.0608013 0.0059082 0.0952565 0.0949380 0.0399388 0.0572444 0.0732216 0.0401763 0.0315103 0.0198877 0.0046464 0.0396838 0.0782996 0.0497435
149 D 149 0.0431545 0.0085846 0.1004271 0.1382307 0.0000000 0.0406160 0.2082576 0.0563481 0.0123806 0.0259068 0.0130493 0.0371755 0.0017582 0.0013893 0.0053814 0.0864383 0.1206546 0.0000000 0.0042909 0.0394649 0.0564917
150 R 150 0.0099831 0.7123548 0.0054157 0.0142340 0.0000000 0.0072473 0.0051419 0.0000000 0.0015151 0.0091199 0.0143462 0.0025150 0.0427993 0.0042826 0.0357809 0.0460124 0.0083972 0.0035450 0.0000000 0.0068612 0.0704485
151 E 151 0.1180934 0.0127533 0.0308745 0.0333011 0.0000000 0.0562361 0.1437103 0.1020728 0.0072738 0.0012156 0.0124753 0.0383812 0.0021867 0.0000000 0.2448278 0.0692283 0.0230913 0.0039294 0.0051073 0.0239581 0.0712837
152 D 152 0.0910431 0.0000000 0.0156817 0.5379376 0.0000000 0.0266732 0.0575143 0.0220302 0.0012452 0.0000000 0.0118191 0.0095453 0.0000000 0.0255825 0.0094213 0.0290889 0.0158641 0.0000000 0.0527073 0.0154684 0.0783778
153 G 153 0.1020245 0.0033583 0.0019354 0.0000000 0.0643666 0.0000000 0.0000000 0.6363558 0.0000000 0.0039465 0.0058284 0.0054157 0.0014624 0.0000000 0.0056194 0.0255362 0.0337643 0.0049966 0.0000000 0.0051423 0.1002476
154 N 154 0.0290760 0.0057957 0.0235459 0.0085438 0.0000000 0.0286882 0.0333793 0.0032276 0.0000000 0.0362208 0.2797039 0.0180091 0.0412384 0.0651301 0.0440999 0.0093345 0.0046601 0.0859332 0.1951859 0.0224321 0.0657956
155 K 155 0.0607404 0.0373209 0.0160878 0.0419187 0.0038074 0.0260088 0.0386015 0.0040025 0.0007824 0.0289237 0.0356286 0.1693388 0.0303219 0.0046953 0.3609545 0.0140302 0.0264168 0.0008915 0.0010393 0.0404657 0.0580233
156 G 156 0.2326337 0.0413315 0.0189402 0.0176493 0.0000000 0.0052879 0.0053333 0.4569893 0.0000000 0.0047371 0.0090429 0.0069043 0.0019019 0.0000000 0.0687354 0.0346619 0.0259516 0.0000000 0.0008555 0.0019992 0.0670450
157 L 157 0.0256275 0.0056137 0.0000000 0.0000000 0.0000000 0.0027916 0.0000000 0.0000000 0.0000000 0.0600451 0.5122845 0.0082315 0.0908827 0.1516203 0.0043169 0.0021686 0.0104763 0.0032710 0.0023871 0.0593919 0.0608913
158 Q 158 0.0581292 0.0851778 0.0117357 0.0058167 0.0167299 0.1615645 0.1296494 0.0048483 0.0000000 0.0232828 0.0498472 0.2041586 0.0064619 0.0013893 0.0031491 0.0519449 0.0491581 0.0000000 0.0041894 0.0654976 0.0672696
159 S 159 0.0868834 0.0591695 0.0175405 0.0989596 0.0000000 0.0652076 0.1852863 0.0270751 0.0038291 0.0000000 0.0016710 0.2837470 0.0000000 0.0000000 0.0000000 0.0822805 0.0217597 0.0000000 0.0054157 0.0026991 0.0584761
160 M 160 0.2267602 0.0418522 0.0139073 0.0140101 0.0000000 0.0167731 0.0369206 0.0102496 0.0239126 0.0202754 0.0452698 0.0819098 0.0057360 0.0181558 0.0065726 0.0262878 0.1703196 0.0014749 0.0439287 0.1284864 0.0671975
161 Y 161 0.0027540 0.0000000 0.0022080 0.0159693 0.0269567 0.0000000 0.0000000 0.0062043 0.0065616 0.0000000 0.0000000 0.0000000 0.0000000 0.0051919 0.0060675 0.0164035 0.0072462 0.0000000 0.8523430 0.0021233 0.0499708
162 G 162 0.0040701 0.0313717 0.0982421 0.0834062 0.0047966 0.0163514 0.0208668 0.6192686 0.0174299 0.0017070 0.0023037 0.0277629 0.0000000 0.0000000 0.0038550 0.0104664 0.0095149 0.0000000 0.0000000 0.0008236 0.0477632
163 L 163 0.0060634 0.0075450 0.0019300 0.0000000 0.0294781 0.0054157 0.0000000 0.0000000 0.0000000 0.0927904 0.4091346 0.0017539 0.0697382 0.2411362 0.0043887 0.0023037 0.0084789 0.0000000 0.0106027 0.0584724 0.0507682
164 N 164 0.0261070 0.0368137 0.1007522 0.1965554 0.0000000 0.0473794 0.1322279 0.0124913 0.0266556 0.0000000 0.0017070 0.1126117 0.0000000 0.0000000 0.1064501 0.0683021 0.0704308 0.0000000 0.0000000 0.0143637 0.0471518
165 L 165 0.0395215 0.0157728 0.0021791 0.0080315 0.0000000 0.0360354 0.0087185 0.0040528 0.0000000 0.0652724 0.1513528 0.0053322 0.0201863 0.4412266 0.0255152 0.0042396 0.0081625 0.0463636 0.0225220 0.0445560 0.0509592
166 N 166 0.0508196 0.0443658 0.0997023 0.0915552 0.0000000 0.0538854 0.0846686 0.0311874 0.0086224 0.0012599 0.0020267 0.2736819 0.0021791 0.0000000 0.0270923 0.1167919 0.0541671 0.0000000 0.0000000 0.0070352 0.0509592
167 V 167 0.0382860 0.0388590 0.0050197 0.0075130 0.0000000 0.0641956 0.0566116 0.0066082 0.0017429 0.0888337 0.1094438 0.0151337 0.0034097 0.0538686 0.0816789 0.0415735 0.1039149 0.0000000 0.0079751 0.2243728 0.0509592
168 A 168 0.0437598 0.1281376 0.0176453 0.0490510 0.0000000 0.0246159 0.0438322 0.0036939 0.0023910 0.0291857 0.0588391 0.1708900 0.0193588 0.0106487 0.0092430 0.0678180 0.0986719 0.0021562 0.0326865 0.1364161 0.0509592
169 T 169 0.0352939 0.0259235 0.0388334 0.1164475 0.0000000 0.1437492 0.0530818 0.0998130 0.0008251 0.0209025 0.0102009 0.0119429 0.0009980 0.0267149 0.1453533 0.0837630 0.0971283 0.0000000 0.0045501 0.0318850 0.0525940
170 M 170 0.0468463 0.0000000 0.0035619 0.0000000 0.0000000 0.0011845 0.0021791 0.0463353 0.0000000 0.0720983 0.1956357 0.0028910 0.2979622 0.0299555 0.0333572 0.0861946 0.0201953 0.0000000 0.0255284 0.0817011 0.0543736
171 Q 171 0.0600461 0.0000000 0.0180880 0.3718486 0.0000000 0.0850232 0.1422045 0.0841306 0.0000000 0.0000000 0.0000000 0.0065753 0.0110035 0.0000000 0.0021936 0.1473137 0.0137014 0.0025902 0.0000000 0.0074947 0.0477866
172 P 172 0.0858389 0.0055537 0.0124759 0.0348442 0.0000000 0.0108054 0.0310073 0.1670518 0.0459941 0.1090696 0.0449364 0.0013432 0.0076341 0.0049218 0.1545202 0.0622986 0.1223029 0.0000000 0.0098634 0.0407037 0.0488348
173 A 173 0.1686152 0.0038550 0.0177417 0.0388845 0.0000000 0.0055861 0.0140421 0.3674454 0.0016710 0.0000000 0.0025085 0.0208217 0.0064193 0.0000000 0.1362386 0.0716496 0.0967346 0.0000000 0.0000000 0.0000000 0.0477866
174 L 174 0.1622462 0.0015732 0.0011914 0.0072599 0.0000000 0.0415276 0.0160845 0.0045091 0.0000000 0.0884831 0.4688110 0.0000000 0.0069097 0.0243896 0.0160682 0.0035854 0.0415299 0.0000000 0.0000000 0.0648168 0.0510143
175 R 175 0.0718451 0.1478470 0.0032340 0.0000000 0.0000000 0.0091506 0.0000000 0.0076053 0.0000000 0.0566588 0.0471954 0.0958760 0.1872671 0.0000000 0.0000000 0.0164269 0.1823997 0.0000000 0.0000000 0.1267074 0.0477866
176 Y 176 0.0576260 0.0116216 0.0000000 0.0032275 0.0000000 0.0126162 0.0101215 0.0061360 0.0017075 0.0227322 0.0435184 0.0606479 0.0183508 0.0353567 0.0000000 0.0040992 0.0426777 0.0010393 0.5294697 0.0912653 0.0477866
177 Q 177 0.1601892 0.0917662 0.0341066 0.0786463 0.0000000 0.1725426 0.0840099 0.0178635 0.0014414 0.0008260 0.0108585 0.1013822 0.0000000 0.0000000 0.0063161 0.0651802 0.1243067 0.0000000 0.0000000 0.0054111 0.0451537
178 A 178 0.8302063 0.0035811 0.0009382 0.0019641 0.0000000 0.0125403 0.0079706 0.0226543 0.0000000 0.0077467 0.0018853 0.0042909 0.0000000 0.0000000 0.0000000 0.0318893 0.0118270 0.0000000 0.0016101 0.0150203 0.0458757
179 I 179 0.0380796 0.0019676 0.0050374 0.0020962 0.0000000 0.0179594 0.0097652 0.0000000 0.0000000 0.1596327 0.4548239 0.0000000 0.0165894 0.0020639 0.0015790 0.0022513 0.0412740 0.0026330 0.0341723 0.1649215 0.0451537
180 H 180 0.2131745 0.1049991 0.0366792 0.0559841 0.0000000 0.0714331 0.0675834 0.0186463 0.0103821 0.0106646 0.0390517 0.2027211 0.0079678 0.0041479 0.0000000 0.0331568 0.0330696 0.0000000 0.0120566 0.0331286 0.0451537
