  277         A         R         N         D         C         Q         E         G         H         I         L         K         M         F         P         S         T         W         Y         V    
  1 S   1 0.3190493 0.0000000 0.1079639 0.0000000 0.0000000 0.0000000 0.0000000 0.0000000 0.0000000 0.0000000 0.0000000 0.0000000 0.0000000 0.0000000 0.0000000 0.4010027 0.1719841 0.0000000 0.0000000 0.0000000
  2 H   2 0.2312952 0.0348961 0.0648560 0.0252537 0.0016375 0.0569400 0.0652630 0.1565525 0.0245197 0.0000000 0.0026639 0.0316575 0.0000000 0.0066836 0.0347317 0.2049656 0.0365918 0.0000000 0.0031255 0.0183667
  3 M   3 0.2262079 0.0185197 0.0367262 0.0316535 0.0033800 0.0669667 0.0194013 0.1444757 0.0178958 0.0068317 0.1028247 0.0748610 0.0034090 0.0069641 0.0191275 0.1643003 0.0468851 0.0013569 0.0028139 0.0053990
  4 E   4 0.1689849 0.0191388 0.0303319 0.1441216 0.0000000 0.0863395 0.1181502 0.0709515 0.0056380 0.0000000 0.0026308 0.1154459 0.0000000 0.0102216 0.0265224 0.1578895 0.0398639 0.0000000 0.0015564 0.0022131
  5 K   5 0.1412365 0.0228787 0.0400623 0.1000047 0.0000000 0.0471677 0.0751627 0.2212180 0.0057698 0.0049786 0.0063750 0.1519891 0.0015139 0.0000000 0.0255897 0.1027075 0.0426997 0.0000000 0.0000000 0.0106462
  6 E   6 0.1036053 0.0393151 0.0406829 0.1616285 0.0000000 0.0566114 0.1208081 0.1420015 0.0020680 0.0042730 0.0038893 0.1484120 0.0000000 0.0000000 0.0751154 0.0279568 0.0414693 0.0000000 0.0000000 0.0321636
  7 N   7 0.0399289 0.0440102 0.0313094 0.0629641 0.0000000 0.0536835 0.0634407 0.0223674 0.0179531 0.0027355 0.0059976 0.1109141 0.0022652 0.0000000 0.1324974 0.0914234 0.2868053 0.0000000 0.0000000 0.0317041
  8 L   8 0.0030207 0.0000000 0.0000000 0.0000000 0.0000000 0.0000000 0.0000000 0.0000000 0.0000000 0.4471736 0.2162041 0.0000000 0.0035584 0.0033801 0.0000000 0.0000000 0.0015178 0.0000000 0.0133254 0.3118199
  9 I   9 0.0226977 0.1052910 0.0315466 0.0048023 0.0000000 0.0020753 0.0074598 0.0044657 0.0247482 0.0715307 0.0012280 0.0907439 0.0037908 0.0000000 0.0050796 0.0188685 0.2370918 0.0000000 0.0000000 0.3685801
 10 I  10 0.0025228 0.0000000 0.0000000 0.0000000 0.0000000 0.0000000 0.0000000 0.0000000 0.0000000 0.4537280 0.0757439 0.0000000 0.0058857 0.0048724 0.0000000 0.0000000 0.0017836 0.0000000 0.0000000 0.4554636
 11 A  11 0.2503627 0.0000000 0.0000000 0.0000000 0.0017763 0.0000000 0.0031517 0.6228637 0.0000000 0.0030214 0.0000000 0.0000000 0.0000000 0.0000000 0.0000000 0.0540640 0.0449871 0.0000000 0.0076254 0.0121476
 12 G  12 0.1304041 0.0000000 0.0021241 0.0153188 0.0013313 0.0044688 0.0022804 0.1525548 0.0069309 0.0000000 0.0034792 0.0000000 0.0009380 0.0000000 0.0000000 0.4814861 0.1085582 0.0062145 0.0739847 0.0099262
 13 K  13 0.1297895 0.0127990 0.0281875 0.0045005 0.0000000 0.0560925 0.0000000 0.0639646 0.0000000 0.0160586 0.0120808 0.5403673 0.0235166 0.0062072 0.0112643 0.0101498 0.0266168 0.0000000 0.0022665 0.0561385
 14 I  14 0.0431888 0.0157366 0.2487336 0.1543662 0.0000000 0.0346762 0.0551572 0.0481412 0.0009621 0.0699701 0.0941640 0.0195503 0.0085029 0.0000000 0.0786636 0.0697452 0.0430242 0.0000000 0.0009488 0.0144689
 15 G  15 0.0070940 0.0055064 0.0021957 0.1082476 0.0000000 0.0022551 0.0027183 0.0986779 0.0012671 0.0047934 0.0018920 0.0000000 0.0356217 0.4612736 0.0000000 0.0176123 0.0521421 0.1258267 0.0631281 0.0097479
 16 P  16 0.1021138 0.0012341 0.0125380 0.0703726 0.0000000 0.0039142 0.0042510 0.0208095 0.0000000 0.0068895 0.0025343 0.0037688 0.0000000 0.0000000 0.0936681 0.1484474 0.4845491 0.0000000 0.0288247 0.0160849
 17 E  17 0.0045384 0.0000000 0.0000000 0.0262294 0.0074237 0.0069482 0.8757450 0.0000000 0.0000000 0.0000000 0.0000000 0.0000000 0.0000000 0.0000000 0.0000000 0.0720004 0.0071151 0.0000000 0.0000000 0.0000000
 18 P  18 0.0546842 0.0106852 0.1043375 0.0121161 0.0000000 0.2608143 0.0546124 0.1079836 0.0011945 0.0000000 0.0042510 0.0000000 0.0061318 0.0047656 0.0919068 0.2588210 0.0103095 0.0000000 0.0011336 0.0162529
 19 E  19 0.0558495 0.0254472 0.0157888 0.0426163 0.0000000 0.1212509 0.1448489 0.0160271 0.0133642 0.1015553 0.0756874 0.0481262 0.0088461 0.0215336 0.0016883 0.0362276 0.0362098 0.0000000 0.1049037 0.1300289
 20 I  20 0.1132477 0.0000000 0.0031808 0.0000000 0.0000000 0.0000000 0.0000000 0.0000000 0.0000000 0.5026680 0.2076564 0.0000000 0.0031957 0.0030132 0.0042510 0.0000000 0.0254160 0.0000000 0.0000000 0.1373712
 21 L  21 0.0063974 0.0000000 0.0000000 0.0000000 0.0000000 0.0000000 0.0000000 0.0000000 0.0000000 0.1179389 0.6364505 0.0000000 0.0464986 0.0027132 0.0000000 0.0524791 0.0203754 0.0000000 0.0000000 0.1171469
 22 A  22 0.3653690 0.0000000 0.0083549 0.0021298 0.0064780 0.0000000 0.0000000 0.3298033 0.0057393 0.0683884 0.0000000 0.0000000 0.0178756 0.0000000 0.0046452 0.0932082 0.0917001 0.0000000 0.0000000 0.0063082
 23 N  23 0.0408659 0.0191950 0.2671882 0.0295692 0.0000000 0.0693299 0.3060496 0.0137694 0.0856481 0.0000000 0.0025435 0.0360219 0.0000000 0.0079769 0.0000000 0.0295788 0.0154816 0.0028403 0.0739417 0.0000000
 24 M  24 0.0093444 0.0000000 0.0000000 0.0000000 0.0024428 0.0000000 0.0000000 0.0000000 0.0000000 0.3321344 0.2160907 0.0000000 0.3356213 0.0012890 0.0000000 0.0000000 0.0027125 0.0000000 0.0000000 0.1003648
 25 Y  25 0.0587320 0.0000000 0.0000000 0.0010215 0.0015590 0.0062952 0.0052790 0.0058778 0.0000000 0.1348719 0.1483694 0.0000000 0.0378553 0.0130152 0.0000000 0.0051371 0.0790818 0.0503494 0.3772264 0.0753290
 26 K  26 0.3966706 0.0268977 0.0033431 0.0050122 0.0000000 0.0428877 0.0283279 0.0563638 0.0008571 0.0119110 0.0285262 0.2249703 0.0048236 0.0011935 0.0000000 0.0635807 0.0383192 0.0000000 0.0146114 0.0517040
 27 L  27 0.0757129 0.0114818 0.0063084 0.0543744 0.0000000 0.2937848 0.1398199 0.0590662 0.0103017 0.0672033 0.1446431 0.0206841 0.0156673 0.0156981 0.0000000 0.0123887 0.0196536 0.0000000 0.0130569 0.0401547
 28 L  28 0.2788838 0.0253340 0.0000000 0.0000000 0.0000000 0.0149760 0.0125332 0.0011594 0.0039960 0.0315647 0.3296617 0.0012988 0.0649822 0.0017854 0.0000000 0.0187765 0.0285009 0.0025386 0.0522191 0.1317897
 29 I  29 0.0146256 0.0000000 0.0000000 0.0000000 0.0000000 0.0000000 0.0000000 0.0046281 0.0000000 0.2755411 0.6361608 0.0000000 0.0150703 0.0135718 0.0000000 0.0000000 0.0019825 0.0000000 0.0000000 0.0384199
 30 E  30 0.0239023 0.1414100 0.0253200 0.0101481 0.0000000 0.0595741 0.5765419 0.0132418 0.0032080 0.0017609 0.0031755 0.1061825 0.0010761 0.0000000 0.0000000 0.0124323 0.0201525 0.0000000 0.0000000 0.0018740
 31 E  31 0.2910629 0.0158792 0.0319429 0.1510621 0.0000000 0.0944078 0.1252720 0.0157233 0.0891646 0.0020335 0.0013910 0.0558259 0.0000000 0.0105778 0.0042277 0.0835710 0.0152802 0.0000000 0.0047160 0.0078622
 32 N  32 0.0326630 0.1186758 0.2023579 0.0762813 0.0000000 0.0449906 0.1173654 0.0238620 0.0921573 0.0000000 0.0000000 0.1863542 0.0000000 0.0008105 0.0000000 0.0064070 0.0145650 0.0000000 0.0791616 0.0043483
 33 T  33 0.3329090 0.0044831 0.0026230 0.0078697 0.0000000 0.0033131 0.0068523 0.0490429 0.0019935 0.0108357 0.0526412 0.0136477 0.0275487 0.0000000 0.0437550 0.0778597 0.3444866 0.0000000 0.0110854 0.0090534
 34 S  34 0.0072122 0.0047081 0.0564572 0.1919047 0.0000000 0.0057462 0.0059761 0.6558014 0.0242632 0.0000000 0.0000000 0.0282680 0.0000000 0.0000000 0.0102297 0.0094331 0.0000000 0.0000000 0.0000000 0.0000000
 35 M  35 0.1175891 0.0101805 0.0095016 0.0057981 0.0000000 0.0034571 0.0087633 0.0089059 0.0105620 0.1272752 0.1869840 0.0050304 0.0146874 0.1126223 0.0000000 0.0058966 0.0189048 0.0000000 0.2563993 0.0974423
 36 T  36 0.0431718 0.0477747 0.0816181 0.1507247 0.0000000 0.0578754 0.1134737 0.0126241 0.0296593 0.0000000 0.0000000 0.2262119 0.0000000 0.0000000 0.0786943 0.0489707 0.1047929 0.0000000 0.0000000 0.0044082
 37 A  37 0.0882051 0.0000000 0.0000000 0.0000000 0.0040865 0.0000000 0.0018276 0.0000000 0.0000000 0.0284821 0.0113073 0.0000000 0.0009616 0.0021654 0.0161799 0.0021773 0.1069617 0.0000000 0.0039197 0.7337259
 38 T  38 0.0173792 0.0575753 0.0497443 0.0903760 0.0000000 0.0528373 0.3165265 0.0170199 0.0028182 0.0176467 0.0083477 0.0717389 0.0009063 0.0000000 0.0000000 0.0495008 0.1794572 0.0000000 0.0030192 0.0651066
 39 V  39 0.0142417 0.1777102 0.0408528 0.1066880 0.0000000 0.0110684 0.0159022 0.0072107 0.0360513 0.0851588 0.1896690 0.0243959 0.0313600 0.0067307 0.0128827 0.0060348 0.0722662 0.0000000 0.0291013 0.1326753
 40 K  40 0.0109162 0.2050979 0.0170220 0.0101510 0.0000000 0.0832188 0.0315362 0.0023463 0.0037846 0.0649484 0.0521460 0.3117781 0.0153962 0.0044648 0.0012497 0.0357720 0.1141933 0.0000000 0.0016163 0.0343620
 41 P  41 0.0417640 0.0251512 0.0582929 0.0461653 0.0050628 0.0465825 0.0403914 0.0150596 0.0102354 0.0246910 0.1085330 0.0176619 0.0196409 0.0796013 0.1910817 0.0615487 0.1704012 0.0000000 0.0140058 0.0241293
 42 N  42 0.0278609 0.0270139 0.3391896 0.0321477 0.0000000 0.0844398 0.0363599 0.2731625 0.0008723 0.0009855 0.0521725 0.0055030 0.0036786 0.0020917 0.0089732 0.0563334 0.0146266 0.0030791 0.0102273 0.0212823
 43 F  43 0.0194718 0.0000000 0.0000000 0.0000000 0.0000000 0.0000000 0.0086592 0.0000000 0.0000000 0.2147378 0.4588653 0.0053647 0.0565321 0.0970058 0.0111494 0.0071259 0.0143307 0.0000000 0.0090706 0.0976868
 44 G  44 0.0796434 0.0000000 0.0083314 0.0143105 0.0000000 0.0229723 0.0024707 0.7701152 0.0012683 0.0000000 0.0049091 0.0132028 0.0000000 0.0000000 0.0368610 0.0294694 0.0090867 0.0000000 0.0000000 0.0073592
 45 T  45 0.0517313 0.0042217 0.0579994 0.0927404 0.0000000 0.0369192 0.0405307 0.3114027 0.0000000 0.0000000 0.0000000 0.0621745 0.0000000 0.0000000 0.0206847 0.2527172 0.0630612 0.0000000 0.0031024 0.0027146
 46 T  46 0.0514077 0.1939337 0.0756450 0.0018329 0.0000000 0.0086007 0.0032273 0.0110242 0.0000000 0.0054328 0.0066342 0.0229514 0.0022292 0.0000000 0.0106792 0.1729962 0.3973243 0.0044534 0.0000000 0.0316279
 47 S  47 0.1911743 0.0389895 0.0457260 0.0367393 0.0000000 0.0391720 0.1710524 0.0301795 0.0000000 0.0219516 0.0222597 0.0272245 0.0124226 0.0303023 0.0412567 0.1520714 0.0935430 0.0000000 0.0089561 0.0369791
 48 F  48 0.0702699 0.0000000 0.0555388 0.0223554 0.0000000 0.0075951 0.0060682 0.0211590 0.0000000 0.2086126 0.0879513 0.0000000 0.0151719 0.0940067 0.0324227 0.0353351 0.0362000 0.0000000 0.0000000 0.3073132
 49 L  49 0.1118403 0.0059162 0.0400040 0.0014905 0.0479579 0.0255282 0.0040627 0.0046189 0.0045490 0.1116594 0.1921947 0.0000000 0.0484016 0.0033673 0.0145013 0.0409896 0.0461590 0.0000000 0.1365537 0.1602057
 50 Y  50 0.0057340 0.2022224 0.0035482 0.0030761 0.0000000 0.0436541 0.0296217 0.0000000 0.1064628 0.0439674 0.0736565 0.0084025 0.0407206 0.2019661 0.0000000 0.0071907 0.0090797 0.0929794 0.1003042 0.0274138
 51 E  51 0.0756740 0.0315815 0.1102251 0.0428745 0.0000000 0.1843784 0.1256563 0.0449203 0.0009456 0.0013887 0.0046390 0.0896336 0.0048247 0.0000000 0.1547328 0.0628222 0.0538213 0.0039598 0.0024207 0.0055016
 52 A  52 0.7627885 0.0000000 0.0020038 0.0047213 0.0000000 0.0181662 0.0332531 0.0583394 0.0000000 0.0000000 0.0169217 0.0070910 0.0010358 0.0000000 0.0000000 0.0716890 0.0239901 0.0000000 0.0000000 0.0000000
 53 L  53 0.0013951 0.0000000 0.0000000 0.0000000 0.0000000 0.0359981 0.0000000 0.0000000 0.0010890 0.1109955 0.5819375 0.0000000 0.1279863 0.0101885 0.0000000 0.0000000 0.0072654 0.0000000 0.0059945 0.1171501
 54 K  54 0.1105211 0.0558394 0.0129010 0.0676847 0.0000000 0.0789193 0.1784127 0.0040499 0.0000000 0.0339154 0.1057626 0.1862603 0.0134615 0.0026110 0.0000000 0.0239480 0.0685564 0.0000000 0.0000000 0.0571568
 55 K  55 0.1381569 0.0574625 0.1945127 0.0726874 0.0000000 0.0393488 0.0170456 0.0248791 0.0086169 0.0000000 0.0000000 0.1061772 0.0000000 0.0000000 0.0018890 0.2701840 0.0621878 0.0000000 0.0030091 0.0038429
 56 G  56 0.0103754 0.0112909 0.0358095 0.0492004 0.0017273 0.0048787 0.0033621 0.8251970 0.0199756 0.0000000 0.0000000 0.0275970 0.0000000 0.0000000 0.0000000 0.0097796 0.0000000 0.0008063 0.0000000 0.0000000
 57 D  57 0.0573419 0.0209392 0.0390919 0.2763650 0.0000000 0.1761491 0.2308487 0.0171003 0.0018906 0.0023444 0.0000000 0.0346487 0.0000000 0.0000000 0.0000000 0.1138196 0.0213945 0.0000000 0.0013308 0.0067354
 58 I  58 0.1067660 0.0000000 0.0000000 0.0000000 0.0091892 0.0019165 0.0000000 0.0000000 0.0000000 0.5519886 0.0869104 0.0000000 0.0187839 0.0564705 0.0000000 0.0047147 0.0085216 0.0000000 0.0033934 0.1513451
 59 D  59 0.0136011 0.0121913 0.0398480 0.7905649 0.0000000 0.0315076 0.0011730 0.0082831 0.0190846 0.0000000 0.0000000 0.0000000 0.0000000 0.0000000 0.0000000 0.0274113 0.0563353 0.0000000 0.0000000 0.0000000
 60 I  60 0.1033406 0.0000000 0.0000000 0.0000000 0.0025736 0.0000000 0.0000000 0.0290814 0.0000000 0.2466249 0.2651412 0.0000000 0.0779440 0.0194855 0.0000000 0.0025768 0.0054790 0.0000000 0.0000000 0.2477530
 61 Y  61 0.0560797 0.0000000 0.0000000 0.0000000 0.0024372 0.0060617 0.0011252 0.0127335 0.0062716 0.0472655 0.0644951 0.0015673 0.0496869 0.0450255 0.0000000 0.0876987 0.0280326 0.0000000 0.4734444 0.1180750
 62 P  62 0.0731281 0.0000000 0.0021269 0.0000000 0.0000000 0.0022042 0.0000000 0.0126177 0.0019622 0.0179552 0.0255046 0.0000000 0.0234206 0.0097467 0.5484114 0.0020116 0.0108921 0.0937181 0.0314286 0.1448718
 63 E  63 0.0137412 0.0520475 0.0035483 0.1451220 0.0022602 0.0049654 0.6895179 0.0333330 0.0014280 0.0020227 0.0101419 0.0012884 0.0116799 0.0016943 0.0000000 0.0129619 0.0108388 0.0000000 0.0000000 0.0034086
 64 F  64 0.0000000 0.0000000 0.0000000 0.0000000 0.0014718 0.0000000 0.0052796 0.0000000 0.0135948 0.0000000 0.0052882 0.0000000 0.0000000 0.1490868 0.0000000 0.0000000 0.0000000 0.0182332 0.8070456 0.0000000
 65 T  65 0.0429565 0.0000000 0.0365535 0.0169471 0.0000000 0.0116369 0.0030592 0.0049217 0.0000000 0.0125056 0.0252036 0.0000000 0.0065770 0.0000000 0.0000000 0.1017415 0.7272994 0.0000000 0.0012040 0.0093942
 66 G  66 0.0397736 0.0052662 0.0000000 0.0043079 0.0000000 0.0000000 0.0000000 0.9239982 0.0000000 0.0000000 0.0000000 0.0000000 0.0000000 0.0000000 0.0055923 0.0113318 0.0065561 0.0000000 0.0000000 0.0031739
 67 T  67 0.0569154 0.0292227 0.1635327 0.0044646 0.0000000 0.0108916 0.0176900 0.0048639 0.0000000 0.0042024 0.0077283 0.0074423 0.0015562 0.0000000 0.0066736 0.0498022 0.6220042 0.0000000 0.0000000 0.0130099
 68 V  68 0.2373376 0.0000000 0.0039669 0.0376309 0.0010463 0.0019448 0.0086871 0.1675062 0.0000000 0.0856512 0.2624593 0.0000000 0.0045443 0.0080936 0.0000000 0.0577043 0.0090186 0.0060319 0.0048619 0.1035150
 69 T  69 0.1266616 0.0111034 0.0045001 0.0065024 0.0000000 0.0018688 0.0016317 0.0077167 0.0028860 0.0298430 0.4438561 0.0030547 0.0046690 0.0152035 0.0000000 0.0064281 0.0443126 0.2190210 0.0475273 0.0232140
 70 E  70 0.1078664 0.0172848 0.0379301 0.0264095 0.0000000 0.0986576 0.0704149 0.0413015 0.0191533 0.0807470 0.1245596 0.0057793 0.0255321 0.0749702 0.0092704 0.0629975 0.1269139 0.0007769 0.0099444 0.0594907
 71 S  71 0.0884722 0.0226950 0.1055983 0.0256415 0.0000000 0.0217140 0.0606065 0.0513495 0.0144167 0.0273828 0.0183706 0.0012623 0.0173750 0.1151268 0.0365378 0.1129306 0.1199687 0.0174396 0.1010857 0.0420264
 72 L  72 0.0185943 0.0000000 0.0106096 0.0000000 0.0000000 0.0168267 0.0172773 0.0031369 0.0240528 0.1180930 0.2472036 0.0000000 0.0058392 0.1715193 0.0026534 0.0093102 0.0365498 0.0272232 0.1579730 0.1331376
 73 L  73 0.0207403 0.0024377 0.1116679 0.1378224 0.0015699 0.0195666 0.0072600 0.0122738 0.0064279 0.0111038 0.4467609 0.0166911 0.0324324 0.0329729 0.0217773 0.0270885 0.0427015 0.0000000 0.0086836 0.0400216
 74 Q  74 0.0565563 0.0309448 0.0320869 0.0516773 0.0000000 0.0562395 0.0370239 0.1766987 0.0791157 0.0009343 0.0077675 0.3304303 0.0078009 0.0043811 0.0956241 0.0102274 0.0181287 0.0000000 0.0017016 0.0026610
 75 P  75 0.0623454 0.0507827 0.0893358 0.0302669 0.0000000 0.0952827 0.1649241 0.0566982 0.0730664 0.0407988 0.0611977 0.1014397 0.0483261 0.0044034 0.0203055 0.0073998 0.0305028 0.0132451 0.0178814 0.0317973
 76 S  76 0.1157183 0.0065359 0.0371786 0.1629901 0.0000000 0.0254274 0.1343062 0.0076946 0.0197129 0.0000000 0.0161862 0.0901573 0.0000000 0.0071689 0.1310932 0.0970968 0.1340426 0.0000000 0.0089009 0.0057902
 77 P  77 0.0624599 0.0147773 0.0177706 0.2127700 0.0000000 0.0285649 0.1310773 0.0448998 0.0044980 0.0065962 0.0270964 0.0602145 0.0040183 0.0012336 0.2283316 0.0588833 0.0725032 0.0000000 0.0151138 0.0091915
 78 K  78 0.2212536 0.0335302 0.0272644 0.0386092 0.0000000 0.0308021 0.0651579 0.0276615 0.0027021 0.0193273 0.0204596 0.1028397 0.0043337 0.0155697 0.2198420 0.0462104 0.0569237 0.0184841 0.0000000 0.0490288
 79 V  79 0.1464081 0.0223695 0.0106177 0.0316268 0.0000000 0.0252485 0.0373203 0.0208940 0.0141298 0.0530587 0.1092039 0.0208311 0.0280784 0.0077929 0.0507829 0.0359573 0.2068355 0.0178878 0.0375731 0.1233836
 80 S  80 0.1057441 0.0019867 0.0309805 0.0278791 0.0000000 0.0269241 0.0242992 0.0570276 0.0231360 0.1305716 0.0521794 0.0120771 0.0081123 0.0162568 0.0800491 0.1801920 0.0871084 0.0718858 0.0199723 0.0436181
 81 H  81 0.0663960 0.1081395 0.0772726 0.0257827 0.0000000 0.0236519 0.0214626 0.0284069 0.0302615 0.0055171 0.0292096 0.1910489 0.0110195 0.0094653 0.0604194 0.1378777 0.1388155 0.0149010 0.0113263 0.0090260
 82 E  82 0.0276972 0.0053161 0.0956043 0.5404119 0.0000000 0.0092037 0.0714198 0.0141141 0.0030429 0.0018985 0.0108007 0.0091899 0.0026884 0.0000000 0.0155067 0.1005067 0.0766628 0.0000000 0.0069656 0.0089708
 83 P  83 0.1975371 0.0325664 0.0066561 0.0657524 0.0000000 0.0332307 0.0418576 0.0298654 0.0349686 0.0125203 0.0189322 0.0246438 0.0064343 0.0077449 0.3630937 0.0556741 0.0286092 0.0012744 0.0158894 0.0227494
 84 E  84 0.1222075 0.0398675 0.0196961 0.1322726 0.0000000 0.1280000 0.2395201 0.0307941 0.0148341 0.0049679 0.0217801 0.1232544 0.0147154 0.0000000 0.0056968 0.0104384 0.0321420 0.0017558 0.0194013 0.0386560
 85 Q  85 0.1572322 0.0215553 0.0134830 0.0927471 0.0000000 0.1303566 0.2648610 0.0117095 0.0016753 0.0023507 0.0085016 0.1706227 0.0014158 0.0000000 0.0011659 0.0376709 0.0570032 0.0000000 0.0026411 0.0250083
 86 V  86 0.1419959 0.0016601 0.0099623 0.0252975 0.0028331 0.0874142 0.0091621 0.0507367 0.0000000 0.0549051 0.0995712 0.0206699 0.0378964 0.0025823 0.0000000 0.0330383 0.0747047 0.0078102 0.0085555 0.3312045
 87 Y  87 0.0339970 0.0069989 0.0147691 0.0182018 0.0000000 0.0099973 0.0177878 0.0050309 0.0163760 0.0044353 0.1074285 0.0043804 0.0262067 0.1063908 0.0011761 0.0096801 0.0372287 0.0357664 0.5274367 0.0167117
 88 Q  88 0.1549557 0.0797850 0.0519784 0.1364368 0.0000000 0.0868623 0.2162351 0.0181372 0.0098462 0.0107308 0.0299185 0.1019264 0.0101586 0.0000000 0.0094356 0.0234717 0.0216011 0.0095949 0.0006715 0.0282542
 89 V  89 0.2628243 0.0543901 0.0066152 0.0377119 0.0000000 0.0965275 0.0898395 0.0176249 0.0063435 0.0387611 0.0723953 0.1102650 0.0091729 0.0147439 0.0000000 0.0063576 0.1176315 0.0026007 0.0301269 0.0260683
 90 A  90 0.1847651 0.0039622 0.0050539 0.0000000 0.0019464 0.0076878 0.0026556 0.0097654 0.0000000 0.0317592 0.2628621 0.0016992 0.0363929 0.0014819 0.0000000 0.0190736 0.0351831 0.0049104 0.0336690 0.3571322
 91 R  91 0.0643451 0.1617317 0.0549833 0.0115787 0.0000000 0.0845569 0.0251901 0.0069607 0.0294782 0.0102075 0.0568990 0.3797123 0.0059501 0.0015643 0.0147444 0.0358767 0.0162646 0.0000000 0.0017481 0.0382082
 92 D  92 0.0937543 0.1225690 0.0306545 0.1448234 0.0000000 0.0807960 0.1642695 0.0202929 0.0031460 0.0017439 0.0070558 0.1916022 0.0042657 0.0024272 0.0000000 0.0729126 0.0392369 0.0000000 0.0142039 0.0062463
 93 G  93 0.2091904 0.0215892 0.0118003 0.0274873 0.0000000 0.0224439 0.1599412 0.1182821 0.0053618 0.0169381 0.1774596 0.0639484 0.0114822 0.0069702 0.0067017 0.0366131 0.0261011 0.0229298 0.0153914 0.0393684
 94 I  94 0.0239452 0.0036080 0.0000000 0.2374469 0.0000000 0.0000000 0.0123820 0.0046015 0.0000000 0.0466562 0.3341221 0.0047763 0.0454113 0.1117613 0.0000000 0.0025459 0.0065819 0.0171199 0.1411786 0.0078629
 95 A  95 0.2380863 0.0351162 0.0217369 0.0412639 0.0000000 0.0567023 0.0848754 0.0348144 0.0027586 0.0028112 0.1069014 0.1339391 0.0045411 0.0077916 0.1445861 0.0125917 0.0040444 0.0000000 0.0515415 0.0158979
 96 K  96 0.1134108 0.0517069 0.0222072 0.0759657 0.0000000 0.0584237 0.2789452 0.0255392 0.0021732 0.0027691 0.0261440 0.2112653 0.0024314 0.0068574 0.0295773 0.0421582 0.0264952 0.0000000 0.0000000 0.0239302
 97 Q  97 0.0566819 0.1604994 0.0239726 0.0339389 0.0038598 0.1675154 0.1321837 0.0303298 0.0089050 0.0000000 0.0289508 0.2223834 0.0000000 0.0000000 0.0744673 0.0208161 0.0185576 0.0000000 0.0062395 0.0106988
 98 D  98 0.0285707 0.0307686 0.2054668 0.1524838 0.0011512 0.0155377 0.0121209 0.0271503 0.0592034 0.0016463 0.0381018 0.0236073 0.0124928 0.1616917 0.0010694 0.0091835 0.0237739 0.0120475 0.1791773 0.0047552
 99 H  99 0.0177578 0.0236862 0.1281192 0.1315986 0.0000000 0.0724769 0.0240442 0.4441327 0.0363664 0.0000000 0.0023407 0.0928482 0.0017937 0.0000000 0.0063078 0.0143019 0.0000000 0.0000000 0.0042257 0.0000000
100 L 100 0.0127408 0.0045678 0.0013278 0.0028903 0.0000000 0.0317945 0.0036062 0.0055586 0.0022322 0.1841558 0.4885561 0.0000000 0.0849850 0.0260759 0.0000000 0.0017844 0.0111421 0.0000000 0.0068908 0.1316920
101 A 101 0.0865454 0.0597853 0.0048929 0.0369475 0.0000000 0.0149500 0.1189093 0.0364533 0.0154715 0.0388575 0.0110043 0.0661992 0.0013225 0.0010057 0.0000000 0.0467977 0.2304830 0.0000000 0.0039841 0.2263910
102 Y 102 0.0846615 0.0047264 0.0067198 0.0209649 0.0011083 0.0000000 0.0037353 0.0008743 0.0000000 0.0562333 0.1159679 0.0065472 0.0524306 0.0331279 0.0039887 0.0053196 0.0141755 0.3783566 0.0541085 0.1569535
103 L 103 0.0301192 0.0000000 0.0000000 0.0012953 0.0000000 0.0000000 0.0027371 0.0690228 0.0000000 0.0100644 0.6432698 0.0040874 0.0318137 0.0500997 0.0029884 0.0394774 0.0290294 0.0000000 0.0490765 0.0369189
104 K 104 0.0551326 0.0155166 0.0734476 0.2042261 0.0024799 0.0274740 0.1060945 0.1487387 0.0035080 0.0057771 0.0036882 0.0927819 0.0000000 0.0000000 0.1247370 0.0312973 0.0763868 0.0000000 0.0046692 0.0240443
105 P 105 0.0524454 0.0276422 0.0062453 0.0020659 0.0007916 0.0418147 0.0153403 0.0031033 0.0014448 0.0092142 0.0181735 0.0288500 0.0360662 0.0075679 0.5298105 0.0940411 0.0340910 0.0000000 0.0865725 0.0047195
106 M 106 0.2636940 0.0000000 0.0509188 0.0000000 0.0016222 0.0000000 0.0023567 0.0308887 0.0025067 0.0263257 0.1803206 0.0000000 0.0931899 0.0278519 0.0000000 0.1600449 0.0522731 0.0062070 0.0899309 0.0118688
107 S 107 0.1129059 0.0334152 0.0314726 0.0404523 0.0000000 0.0183857 0.0453292 0.3263044 0.0016226 0.0011077 0.0433349 0.0529778 0.0011799 0.0016565 0.1922674 0.0604871 0.0070051 0.0000000 0.0202623 0.0098332
108 Y 108 0.3176150 0.0014519 0.0000000 0.0079980 0.0000000 0.0009717 0.0106410 0.0189991 0.0071272 0.0121318 0.0602014 0.0242956 0.0422247 0.3553399 0.0000000 0.0123783 0.0129467 0.0060400 0.0838377 0.0257999
109 Q 109 0.0524807 0.0122813 0.3878288 0.0488459 0.0000000 0.1013799 0.2209261 0.0625514 0.0066672 0.0000000 0.0000000 0.0084664 0.0000000 0.0000000 0.0000000 0.0372591 0.0331657 0.0000000 0.0000000 0.0281473
110 N 110 0.0564987 0.0039834 0.5865100 0.3095407 0.0000000 0.0000000 0.0000000 0.0000000 0.0000000 0.0000000 0.0066004 0.0000000 0.0000000 0.0000000 0.0000000 0.0149790 0.0123462 0.0000000 0.0000000 0.0095415
111 T 111 0.0562836 0.0253731 0.0165293 0.0151707 0.0000000 0.0750682 0.0013480 0.0324679 0.0000000 0.0117122 0.0067524 0.1420811 0.0000000 0.0062921 0.0000000 0.0525615 0.5527087 0.0000000 0.0043785 0.0012727
112 Y 112 0.0056846 0.0067678 0.0556660 0.1240748 0.0000000 0.0343521 0.0021103 0.0000000 0.0000000 0.0163561 0.0322376 0.0000000 0.0000000 0.0431814 0.0464715 0.0058786 0.0167305 0.0834662 0.5173181 0.0097045
113 A 113 0.5463383 0.0062125 0.0029592 0.0038763 0.0045604 0.0056178 0.0050653 0.1634117 0.0015455 0.0000000 0.0060310 0.0000000 0.0000000 0.0000000 0.0000000 0.0765923 0.0972726 0.0000000 0.0000000 0.0805171
114 V 114 0.0000000 0.0000000 0.0000000 0.0000000 0.0000000 0.0000000 0.0000000 0.0000000 0.0000000 0.1683640 0.4456132 0.0000000 0.0501876 0.1856401 0.0000000 0.0034250 0.0000000 0.0204612 0.0436975 0.0826114
115 A 115 0.5081693 0.0026312 0.0072487 0.0000000 0.0184819 0.0000000 0.0000000 0.0518506 0.0000000 0.0220731 0.0434425 0.0000000 0.0570372 0.0105040 0.0043995 0.0249703 0.0591000 0.0000000 0.0000000 0.1900918
116 V 116 0.0308299 0.0000000 0.0000000 0.0000000 0.0000000 0.0000000 0.0085346 0.0000000 0.0000000 0.0690294 0.0402706 0.0019804 0.1418190 0.0000000 0.0000000 0.0049764 0.0294724 0.0000000 0.0035867 0.6695008
117 P 117 0.0062350 0.2613123 0.0360713 0.0215512 0.0000000 0.0125001 0.0053379 0.0064164 0.0025217 0.0000000 0.0136535 0.0743974 0.0037729 0.0000000 0.1752745 0.0779054 0.2957896 0.0000000 0.0009003 0.0063604
118 K 118 0.0842832 0.1657970 0.0168020 0.0324813 0.0000000 0.1123329 0.1341381 0.0348142 0.0030757 0.0000000 0.0000000 0.2423568 0.0000000 0.0000000 0.0530284 0.0756317 0.0442773 0.0000000 0.0000000 0.0009813
119 K 119 0.1774962 0.0123467 0.0106042 0.2152450 0.0000000 0.0418590 0.2786983 0.0124945 0.0020679 0.0000000 0.0000000 0.0709252 0.0019812 0.0000000 0.0139464 0.0534701 0.0105084 0.0000000 0.0940339 0.0043228
120 I 120 0.0340834 0.0588969 0.0183319 0.0460678 0.0000000 0.0252279 0.0188307 0.0027747 0.0029702 0.0535892 0.1058271 0.0204969 0.0483752 0.1433011 0.0000000 0.0109259 0.2363374 0.0092965 0.0456092 0.1190580
121 A 121 0.8485218 0.0000000 0.0030337 0.0009825 0.0011299 0.0060360 0.0108069 0.0111113 0.0020248 0.0081242 0.0059535 0.0105468 0.0052054 0.0053101 0.0128812 0.0400136 0.0094078 0.0000000 0.0050577 0.0138528
122 Q 122 0.0866199 0.0774977 0.0226864 0.1185684 0.0000000 0.1069477 0.3081730 0.0128674 0.0033614 0.0031700 0.0036623 0.1880738 0.0016784 0.0000000 0.0074521 0.0227296 0.0324325 0.0000000 0.0000000 0.0040792
123 E 123 0.1376383 0.0987915 0.0037158 0.0140863 0.0000000 0.1043589 0.2037100 0.0109899 0.0044535 0.0008309 0.0020160 0.3182254 0.0047421 0.0036404 0.0061096 0.0356062 0.0378280 0.0012655 0.0032773 0.0087144
124 Y 124 0.0148760 0.0148741 0.1455230 0.0196360 0.0000000 0.0128055 0.0309772 0.0065059 0.1327605 0.0000000 0.1557618 0.0317898 0.0018931 0.0105933 0.0000000 0.0070433 0.0417417 0.0713978 0.2996087 0.0022122
125 G 125 0.0088209 0.0202741 0.2140324 0.0968846 0.0000000 0.0434191 0.0162932 0.3644055 0.0943200 0.0000000 0.0000000 0.0704913 0.0000000 0.0000000 0.0000000 0.0584051 0.0126539 0.0000000 0.0000000 0.0000000
126 L 126 0.0110195 0.0000000 0.0000000 0.0000000 0.0000000 0.0000000 0.0000000 0.0296798 0.0000000 0.2581293 0.4888793 0.0000000 0.0053903 0.0038348 0.0063787 0.0051012 0.0074074 0.0071299 0.0076841 0.1693657
127 K 127 0.0458831 0.1332128 0.0881888 0.0340567 0.0000000 0.0412156 0.1169966 0.0082153 0.0285530 0.0023082 0.0000000 0.2610161 0.0008149 0.0014178 0.0029533 0.0704059 0.1445741 0.0000000 0.0026104 0.0175772
128 T 128 0.0167682 0.0246750 0.0331959 0.0416924 0.0000000 0.0022933 0.0087380 0.0023877 0.0011240 0.0000000 0.0000000 0.1087722 0.0000000 0.0000000 0.0000000 0.2857288 0.4734183 0.0000000 0.0000000 0.0012063
129 I 129 0.0027489 0.0000000 0.0000000 0.0000000 0.0031431 0.0014078 0.0000000 0.0000000 0.0014130 0.4456810 0.3039542 0.0000000 0.0510679 0.0367279 0.0043206 0.0017156 0.0107393 0.0000000 0.0371924 0.0998882
130 S 130 0.1585206 0.0065308 0.0052864 0.0362108 0.0000000 0.0045235 0.1058067 0.0402304 0.0022427 0.0022989 0.0028453 0.0020981 0.0027600 0.0000000 0.0018911 0.6006741 0.0268168 0.0000000 0.0000000 0.0012639
131 D 131 0.0249715 0.0000000 0.0040966 0.8595083 0.0000000 0.0322455 0.0589052 0.0027262 0.0000000 0.0043335 0.0040877 0.0000000 0.0000000 0.0000000 0.0000000 0.0000000 0.0051959 0.0000000 0.0018186 0.0021110
132 L 132 0.0176622 0.0000000 0.0000000 0.0000000 0.0000000 0.0034068 0.0000000 0.0000000 0.0044195 0.0253909 0.8162715 0.0009856 0.0316979 0.0404183 0.0000000 0.0000000 0.0011149 0.0000000 0.0148854 0.0437472
133 K 133 0.3789657 0.0255548 0.0347450 0.0118122 0.0020597 0.0490833 0.0392092 0.0944460 0.0048158 0.0115345 0.0129018 0.1604060 0.0062213 0.0010453 0.0106451 0.0415500 0.0502297 0.0000000 0.0000000 0.0647746
134 K 134 0.1478056 0.1464326 0.0435740 0.0619072 0.0000000 0.0386139 0.0548960 0.0674350 0.0018424 0.0072585 0.0027649 0.2852920 0.0000000 0.0014423 0.0949300 0.0263674 0.0147437 0.0000000 0.0000000 0.0046945
135 V 135 0.0491619 0.0451051 0.0389626 0.0268700 0.0000000 0.0574806 0.0090972 0.0094289 0.1452675 0.0726683 0.0927883 0.0541999 0.0050081 0.0075185 0.0032556 0.0342710 0.0018215 0.0274644 0.1180491 0.2015815
136 E 136 0.3172206 0.0056391 0.0197128 0.0292186 0.0831773 0.0324285 0.0400346 0.1274213 0.0000000 0.0032740 0.0045704 0.0720090 0.0044917 0.0050816 0.0902693 0.1273087 0.0207666 0.0000000 0.0009956 0.0163804
137 G 137 0.0644388 0.0112293 0.0947124 0.1883561 0.0000000 0.0260232 0.0483362 0.2101397 0.0107173 0.0033571 0.0191959 0.0640627 0.0000000 0.0000000 0.1306860 0.1018045 0.0193638 0.0000000 0.0000000 0.0075769
138 Q 138 0.0538721 0.0565227 0.0681063 0.1230696 0.0000000 0.1434873 0.1970643 0.0329140 0.0095399 0.0017267 0.0040679 0.1511430 0.0009783 0.0028139 0.0314620 0.0579555 0.0554617 0.0000000 0.0055127 0.0043021
139 L 139 0.0540417 0.0200986 0.0011613 0.0094551 0.0000000 0.0061563 0.0121488 0.0044384 0.0095118 0.0882162 0.4475836 0.0164230 0.0551081 0.0849858 0.0000000 0.0102773 0.0271315 0.0236759 0.0085080 0.1210786
140 K 140 0.0240162 0.1773387 0.0137639 0.0072515 0.0000000 0.0117736 0.0135800 0.0000000 0.0073411 0.0986770 0.0137168 0.2270031 0.0080977 0.0000000 0.0038693 0.0443402 0.1852553 0.0061045 0.0000000 0.1578711
141 A 141 0.1335107 0.0023050 0.0000000 0.0000000 0.0029179 0.0000000 0.0000000 0.0126364 0.0000000 0.1112528 0.2780877 0.0000000 0.0181785 0.2337501 0.0212575 0.0041046 0.0505289 0.0000000 0.0107656 0.1207043
142 G 142 0.2285479 0.0029419 0.0000000 0.0107090 0.0731811 0.0050557 0.0000000 0.6251563 0.0023639 0.0025485 0.0000000 0.0000000 0.0000000 0.0000000 0.0000000 0.0147632 0.0070143 0.0000000 0.0019537 0.0257644
143 F 143 0.2456839 0.0024613 0.0000000 0.0022210 0.0232014 0.0023792 0.0000000 0.1717263 0.0000000 0.0722623 0.0670557 0.0038133 0.0359550 0.1350965 0.0128217 0.0504491 0.0405848 0.0024777 0.0000000 0.1318107
144 T 144 0.0312485 0.0094154 0.0595055 0.2113274 0.0019824 0.0205171 0.1478800 0.0780227 0.0000000 0.0040991 0.0030406 0.0213380 0.0000000 0.0094214 0.1111219 0.1291947 0.1348311 0.0000000 0.0011973 0.0258568
145 L 145 0.1432411 0.0063357 0.0387516 0.0486603 0.0000000 0.0256059 0.0187003 0.0384804 0.0401637 0.0448072 0.0939137 0.0075018 0.0174011 0.0135099 0.2150538 0.1009937 0.0718815 0.0000000 0.0624195 0.0125788
146 E 146 0.0291215 0.0000000 0.0018591 0.0844130 0.0000000 0.0129206 0.6386245 0.0912281 0.0000000 0.0265387 0.0000000 0.0000000 0.0019836 0.0000000 0.0076090 0.0382725 0.0383929 0.0086520 0.0025569 0.0178276
147 F 147 0.0938044 0.0019765 0.0000000 0.0023184 0.0497494 0.0000000 0.0000000 0.0482042 0.0052264 0.0062202 0.0276611 0.0000000 0.0000000 0.6301096 0.0067266 0.0037785 0.0054401 0.0936937 0.0152043 0.0098866
148 N 148 0.1259485 0.0329084 0.0455293 0.0307562 0.0020452 0.0500748 0.0447385 0.0627373 0.0063102 0.1011375 0.1009685 0.0427353 0.0562621 0.0779658 0.0361460 0.0333548 0.0203742 0.0050386 0.0422526 0.0827163
149 D 149 0.0461422 0.0086020 0.1085821 0.1503580 0.0000000 0.0410368 0.2190869 0.0546448 0.0128469 0.0263656 0.0139601 0.0393979 0.0017743 0.0008693 0.0058039 0.0938172 0.1303387 0.0000000 0.0048024 0.0415710
150 R 150 0.0110779 0.7652654 0.0062482 0.0158077 0.0000000 0.0080797 0.0047023 0.0000000 0.0016860 0.0097691 0.0159341 0.0027984 0.0450964 0.0047506 0.0384674 0.0501884 0.0088793 0.0039873 0.0000000 0.0072617
151 E 151 0.1271521 0.0140145 0.0338978 0.0363000 0.0000000 0.0593861 0.1556436 0.1113504 0.0076886 0.0012795 0.0134212 0.0401400 0.0023318 0.0000000 0.2621375 0.0747556 0.0249948 0.0035103 0.0056885 0.0263078
152 D 152 0.0990406 0.0000000 0.0174879 0.5883496 0.0000000 0.0288003 0.0628702 0.0242562 0.0006120 0.0000000 0.0126709 0.0081020 0.0000000 0.0246212 0.0104975 0.0314649 0.0170863 0.0000000 0.0574507 0.0166896
153 G 153 0.1146763 0.0038571 0.0022059 0.0000000 0.0650083 0.0000000 0.0000000 0.7121517 0.0000000 0.0043644 0.0065397 0.0064568 0.0015928 0.0000000 0.0064246 0.0282211 0.0370171 0.0056390 0.0000000 0.0058452
154 N 154 0.0316766 0.0062534 0.0244650 0.0071950 0.0000000 0.0250230 0.0351350 0.0034980 0.0000000 0.0382539 0.3032245 0.0186749 0.0446716 0.0716579 0.0481798 0.0099190 0.0051006 0.0922366 0.2105492 0.0242858
155 K 155 0.0637109 0.0410511 0.0171773 0.0454698 0.0040292 0.0278570 0.0419999 0.0043537 0.0008586 0.0297586 0.0359999 0.1818817 0.0320523 0.0051339 0.3804495 0.0152293 0.0286612 0.0009597 0.0011418 0.0422244
156 G 156 0.2521438 0.0446025 0.0196911 0.0186362 0.0000000 0.0057618 0.0058395 0.4849389 0.0000000 0.0052316 0.0100136 0.0073996 0.0020916 0.0000000 0.0754332 0.0377107 0.0273608 0.0000000 0.0009439 0.0022011
157 L 157 0.0274998 0.0061377 0.0000000 0.0000000 0.0000000 0.0029335 0.0000000 0.0000000 0.0000000 0.0651359 0.5383889 0.0091503 0.0985242 0.1641240 0.0046169 0.0023305 0.0112468 0.0036155 0.0026125 0.0636835
158 Q 158 0.0627553 0.0902049 0.0127779 0.0061635 0.0184646 0.1741296 0.1363824 0.0052944 0.0000000 0.0248559 0.0545274 0.2195481 0.0071473 0.0008787 0.0033900 0.0572976 0.0523229 0.0000000 0.0046706 0.0691890
159 S 159 0.0923841 0.0635802 0.0193085 0.1048401 0.0000000 0.0688978 0.1927732 0.0289543 0.0041867 0.0000000 0.0018039 0.3045246 0.0000000 0.0000000 0.0000000 0.0860103 0.0236489 0.0000000 0.0061635 0.0029239
160 M 160 0.2457239 0.0448757 0.0151203 0.0151007 0.0000000 0.0181588 0.0392127 0.0115426 0.0247820 0.0216728 0.0492495 0.0890635 0.0063379 0.0196778 0.0070723 0.0278504 0.1799207 0.0015497 0.0467380 0.1363508
161 Y 161 0.0028507 0.0000000 0.0024090 0.0172141 0.0287067 0.0000000 0.0000000 0.0065763 0.0070661 0.0000000 0.0000000 0.0000000 0.0000000 0.0056589 0.0063287 0.0170790 0.0078528 0.0000000 0.8960152 0.0022424
162 G 162 0.0043208 0.0331464 0.1028274 0.0861194 0.0054939 0.0175129 0.0219866 0.6498178 0.0187333 0.0018510 0.0023941 0.0298842 0.0000000 0.0000000 0.0041924 0.0106579 0.0101753 0.0000000 0.0000000 0.0008866
163 L 163 0.0065586 0.0084993 0.0021030 0.0000000 0.0317434 0.0061100 0.0000000 0.0000000 0.0000000 0.0997856 0.4239844 0.0019130 0.0754347 0.2537425 0.0047371 0.0024001 0.0091176 0.0000000 0.0115234 0.0623475
164 N 164 0.0280153 0.0384418 0.1069248 0.2072185 0.0000000 0.0470243 0.1372973 0.0134635 0.0287279 0.0000000 0.0018485 0.1156928 0.0000000 0.0000000 0.1131052 0.0721603 0.0748688 0.0000000 0.0000000 0.0152110
165 L 165 0.0423130 0.0173184 0.0023042 0.0085263 0.0000000 0.0381205 0.0094250 0.0044037 0.0000000 0.0656280 0.1625871 0.0056463 0.0204209 0.4648698 0.0268291 0.0045460 0.0087777 0.0481364 0.0235301 0.0466174
166 N 166 0.0535640 0.0460534 0.1065614 0.0945125 0.0000000 0.0577526 0.0882247 0.0337950 0.0068293 0.0013511 0.0021683 0.2930239 0.0023042 0.0000000 0.0287100 0.1213496 0.0567070 0.0000000 0.0000000 0.0070929
167 V 167 0.0413567 0.0416329 0.0054696 0.0080768 0.0000000 0.0672665 0.0604781 0.0071279 0.0012393 0.0960289 0.1135889 0.0164951 0.0036798 0.0540278 0.0854491 0.0418566 0.1081104 0.0000000 0.0079077 0.2402078
168 A 168 0.0457632 0.1347671 0.0186514 0.0530272 0.0000000 0.0264459 0.0467987 0.0039936 0.0025869 0.0305163 0.0581240 0.1831307 0.0209714 0.0115239 0.0100233 0.0721379 0.1034347 0.0023053 0.0354668 0.1403317
169 T 169 0.0377321 0.0283927 0.0413051 0.1196109 0.0000000 0.1543396 0.0548679 0.1064227 0.0008948 0.0221804 0.0096268 0.0129987 0.0010829 0.0286132 0.1567633 0.0869384 0.1038114 0.0000000 0.0048782 0.0295412
170 M 170 0.0478646 0.0000000 0.0038345 0.0000000 0.0000000 0.0008325 0.0023164 0.0493365 0.0000000 0.0736622 0.2071637 0.0031694 0.3199103 0.0320980 0.0354027 0.0898586 0.0213420 0.0000000 0.0261014 0.0871072
171 Q 171 0.0642917 0.0000000 0.0185642 0.3921807 0.0000000 0.0890263 0.1536116 0.0864941 0.0000000 0.0000000 0.0000000 0.0064754 0.0115961 0.0000000 0.0023183 0.1503961 0.0149053 0.0027666 0.0000000 0.0073737
172 P 172 0.0904863 0.0059502 0.0133564 0.0335414 0.0000000 0.0097547 0.0326878 0.1736923 0.0487062 0.1149245 0.0476950 0.0014512 0.0083106 0.0032998 0.1663850 0.0656311 0.1303815 0.0000000 0.0105903 0.0431557
173 A 173 0.1768938 0.0041807 0.0177082 0.0412880 0.0000000 0.0060156 0.0150167 0.3844217 0.0017854 0.0000000 0.0027431 0.0226285 0.0064060 0.0000000 0.1401629 0.0765363 0.1042130 0.0000000 0.0000000 0.0000000
174 L 174 0.1711251 0.0011611 0.0012725 0.0080017 0.0000000 0.0433099 0.0171932 0.0049351 0.0000000 0.0932379 0.4949471 0.0000000 0.0074942 0.0257207 0.0171063 0.0038170 0.0435804 0.0000000 0.0000000 0.0670980
175 R 175 0.0761559 0.1600979 0.0035329 0.0000000 0.0000000 0.0100233 0.0000000 0.0082470 0.0000000 0.0596224 0.0505498 0.1019519 0.1895960 0.0000000 0.0000000 0.0173105 0.1872647 0.0000000 0.0000000 0.1356477
176 Y 176 0.0616804 0.0120317 0.0000000 0.0033357 0.0000000 0.0133066 0.0108783 0.0052758 0.0011965 0.0244458 0.0459754 0.0587879 0.0192778 0.0376966 0.0000000 0.0044408 0.0446354 0.0011296 0.5585563 0.0973494
177 Q 177 0.1687565 0.0975486 0.0343019 0.0830952 0.0000000 0.1795372 0.0850961 0.0190169 0.0015604 0.0008839 0.0116842 0.1038668 0.0000000 0.0000000 0.0067030 0.0691000 0.1330388 0.0000000 0.0000000 0.0058103
178 A 178 0.8678468 0.0038755 0.0010035 0.0021106 0.0000000 0.0136601 0.0086941 0.0233450 0.0000000 0.0083295 0.0019891 0.0047492 0.0000000 0.0000000 0.0000000 0.0337774 0.0127990 0.0000000 0.0017606 0.0160596
179 I 179 0.0365826 0.0021291 0.0054199 0.0022198 0.0000000 0.0193963 0.0104549 0.0000000 0.0000000 0.1682240 0.4754029 0.0000000 0.0178672 0.0022242 0.0016550 0.0023896 0.0441489 0.0027566 0.0350799 0.1740492
180 H 180 0.2259712 0.1071825 0.0385193 0.0589297 0.0000000 0.0759272 0.0722777 0.0191173 0.0105496 0.0115066 0.0414054 0.2120497 0.0079308 0.0038303 0.0000000 0.0357078 0.0351625 0.0000000 0.0086176 0.0353148
181 S 181 0.0923012 0.0320666 0.2231552 0.1550435 0.0000000 0.0590472 0.0856764 0.0172216 0.0047168 0.0011268 0.0046366 0.0951019 0.0000000 0.0000000 0.0000000 0.1677257 0.0608878 0.0000000 0.0000000 0.0012927
182 G 182 0.0147002 0.0206854 0.1085790 0.0549114 0.0000000 0.0135909 0.0251581 0.5726829 0.0156890 0.0055063 0.0010414 0.1310308 0.0000000 0.0000000 0.0000000 0.0364246 0.0000000 0.0000000 0.0000000 0.0000000
183 D 183 0.0438649 0.0351059 0.0257932 0.1157051 0.0000000 0.1948707 0.2048278 0.0553262 0.0056223 0.0025649 0.0082039 0.1638322 0.0007693 0.0090047 0.0000000 0.0439396 0.0755050 0.0000000 0.0059429 0.0091214
184 I 184 0.0988091 0.0000000 0.0020939 0.0420775 0.0753160 0.0024438 0.0060291 0.0100411 0.0000000 0.1809968 0.0516350 0.0000000 0.0542229 0.0050096 0.0608707 0.0161252 0.0141868 0.0262664 0.0041278 0.3497483
185 Q 185 0.0055787 0.0092800 0.1755484 0.4295562 0.0000000 0.1480602 0.0146373 0.0064632 0.0037373 0.0937872 0.0059769 0.0039025 0.0045786 0.0086893 0.0076733 0.0098787 0.0458463 0.0060896 0.0000000 0.0207163
186 I 186 0.2126569 0.0000000 0.0000000 0.0000000 0.0010937 0.0000000 0.0000000 0.0074191 0.0000000 0.0817130 0.1437112 0.0000000 0.0205828 0.0561919 0.0000000 0.0064102 0.0121176 0.0000000 0.0064472 0.4516564
187 T 187 0.2673305 0.0023549 0.0015865 0.0000000 0.0000000 0.0000000 0.0000000 0.1717725 0.0000000 0.1849608 0.0153550 0.0018388 0.0336597 0.0000000 0.0000000 0.0132601 0.0823447 0.0000000 0.0000000 0.2255365
188 D 188 0.0411443 0.0000000 0.0733658 0.2203135 0.0016108 0.0029962 0.0806438 0.0068833 0.0000000 0.0179976 0.1534104 0.0013253 0.0953468 0.0092451 0.0371101 0.0308750 0.1358732 0.0315198 0.0000000 0.0603390
189 A 189 0.2685159 0.0000000 0.0000000 0.0000000 0.0123175 0.0000000 0.0000000 0.1892004 0.0000000 0.1044063 0.1116168 0.0000000 0.0020339 0.0025083 0.0014436 0.0066492 0.0618143 0.0000000 0.0000000 0.2394938
