  205         A         R         N         D         C         Q         E         G         H         I         L         K         M         F         P         S         T         W         Y         V         X    
  1 M   1 0.0000000 0.0000000 0.0000000 0.0000000 0.0000000 0.0000000 0.0000000 0.0000000 0.0000000 0.0000000 0.0000000 0.0000000 0.1989785 0.0000000 0.0000000 0.0000000 0.0000000 0.0000000 0.0000000 0.0000000 0.8010215
  2 E   2 0.0041041 0.0012636 0.0605441 0.0031757 0.0000000 0.0044789 0.0180670 0.0000000 0.0000000 0.0042745 0.0010308 0.0044099 0.0026582 0.0035871 0.0025838 0.0344596 0.0699988 0.0000000 0.0000000 0.0000000 0.7853640
  3 A   3 0.0078974 0.0012413 0.0360297 0.0041108 0.0000000 0.0251801 0.0307925 0.0035431 0.0059348 0.0013812 0.0016902 0.0231810 0.0354707 0.0000000 0.0157784 0.0136028 0.0353638 0.0000000 0.0000000 0.0047397 0.7540627
  4 T   4 0.0063112 0.0009871 0.0177978 0.0029721 0.0000000 0.0087736 0.0181141 0.0000000 0.0030075 0.0236422 0.0061726 0.0152946 0.0048166 0.0019892 0.0124649 0.0323583 0.0979855 0.0000000 0.0000000 0.0045711 0.7427416
  5 L   5 0.0125831 0.0055643 0.0106166 0.0075255 0.0000000 0.0227048 0.0031829 0.0000000 0.0044049 0.0778071 0.0442177 0.0097360 0.0418847 0.0088537 0.0012509 0.0051759 0.0226129 0.0000000 0.0050350 0.0195724 0.6972715
  6 P   6 0.0065790 0.0036652 0.0270539 0.0187628 0.0000000 0.0158809 0.0173674 0.0000000 0.0059225 0.0153744 0.0106927 0.0417497 0.0090591 0.0013174 0.0256216 0.0310857 0.0546255 0.0000000 0.0020230 0.0133632 0.6998560
  7 V   7 0.0146042 0.0104161 0.0324244 0.0046567 0.0000000 0.0113881 0.0094168 0.0000000 0.0044776 0.0111143 0.0067232 0.0622759 0.1479148 0.0016332 0.0227459 0.0213265 0.0605392 0.0046474 0.0012749 0.0070368 0.5653838
  8 L   8 0.0181194 0.0041426 0.1673927 0.0049649 0.0000000 0.0321699 0.0281542 0.0000000 0.0009647 0.0104302 0.0318582 0.0324240 0.3468013 0.0000000 0.0019210 0.0375889 0.0199692 0.0000000 0.0000000 0.0000000 0.2630989
  9 D   9 0.0168949 0.0000000 0.1079570 0.2701501 0.0000000 0.0642318 0.1538264 0.0031056 0.0118901 0.0000000 0.0000000 0.0319955 0.0000000 0.0000000 0.0232553 0.0661276 0.0418146 0.0000000 0.0000000 0.0013276 0.2074235
 10 A  10 0.0202101 0.0000000 0.0019051 0.0000000 0.0050786 0.0020061 0.0000000 0.0000000 0.0014452 0.1438520 0.1796386 0.0000000 0.0064966 0.2196413 0.0000000 0.0037272 0.1067870 0.0000000 0.0110041 0.2199091 0.0782989
 11 K  11 0.0218172 0.0152991 0.0261800 0.0075067 0.0036571 0.0139115 0.0230906 0.0040802 0.0197011 0.1887135 0.2818598 0.0728735 0.0305928 0.0690515 0.0033263 0.0293924 0.0278155 0.0017194 0.0967224 0.0194973 0.0431918
 12 T  12 0.0195807 0.0685184 0.0477506 0.2194505 0.0000000 0.0671581 0.3436613 0.0041988 0.0080694 0.0013208 0.0009228 0.0950519 0.0000000 0.0018699 0.0012598 0.0458160 0.0420846 0.0000000 0.0017443 0.0026316 0.0289105
 13 A  13 0.3390168 0.0034260 0.0221320 0.0111208 0.0146593 0.0145447 0.0068654 0.0028800 0.0081480 0.1006454 0.1441764 0.0234015 0.0015596 0.0072559 0.0010682 0.0283771 0.0770330 0.0000000 0.0022895 0.1654994 0.0259010
 14 A  14 0.0468778 0.0009721 0.0142577 0.0000000 0.0013775 0.0095633 0.0000000 0.0000000 0.0010993 0.3537689 0.2832218 0.0000000 0.0877293 0.0875929 0.0000000 0.0031531 0.0078851 0.0026500 0.0225894 0.0655961 0.0116655
 15 L  15 0.0250066 0.1033702 0.1063421 0.0202143 0.0035793 0.1030645 0.0851747 0.0073625 0.0521185 0.0082504 0.0998262 0.1983338 0.0155247 0.0469990 0.0000000 0.0299668 0.0497229 0.0000000 0.0329614 0.0052169 0.0069652
 16 K  16 0.0429658 0.0260480 0.0875420 0.0263028 0.0014543 0.0586096 0.1423462 0.0678860 0.0096169 0.0000000 0.0042741 0.0774914 0.0041535 0.0842858 0.0000000 0.1416297 0.0771494 0.1254146 0.0192921 0.0011739 0.0023642
 17 R  17 0.0000000 0.8559692 0.0000000 0.0000000 0.0000000 0.0019175 0.0000000 0.0000000 0.1367367 0.0000000 0.0000000 0.0020417 0.0000000 0.0000000 0.0000000 0.0033350 0.0000000 0.0000000 0.0000000 0.0000000 0.0000000
 18 R  18 0.0111895 0.5206500 0.0000000 0.0000000 0.0058543 0.0125331 0.0021221 0.0000000 0.1351641 0.0034332 0.0000000 0.0376869 0.0013006 0.0067633 0.0000000 0.0187912 0.0218199 0.0000000 0.2013455 0.0213462 0.0000000
 19 S  19 0.3377077 0.0000000 0.0032667 0.0943244 0.0000000 0.0000000 0.0000000 0.0000000 0.0000000 0.0000000 0.0000000 0.0000000 0.0000000 0.0000000 0.0000000 0.5142812 0.0504200 0.0000000 0.0000000 0.0000000 0.0000000
 20 I  20 0.0502714 0.0000000 0.0022619 0.0027933 0.0738602 0.0000000 0.0052642 0.0017181 0.0000000 0.3123979 0.0048544 0.0000000 0.0284686 0.0025271 0.0000000 0.0027035 0.2254168 0.0000000 0.0052922 0.2821705 0.0000000
 21 R  21 0.0000000 0.5548959 0.0309261 0.0015591 0.0000000 0.0024458 0.0000000 0.0025869 0.0051958 0.0000000 0.0000000 0.3845646 0.0015032 0.0000000 0.0072616 0.0042678 0.0047932 0.0000000 0.0000000 0.0000000 0.0000000
 22 R  22 0.0939994 0.0774764 0.0510987 0.0047516 0.0000000 0.0831705 0.0602478 0.0068599 0.0925293 0.0110498 0.0161001 0.3041894 0.0022765 0.0172396 0.0000000 0.0844160 0.0170023 0.0000000 0.0298304 0.0477623 0.0000000
 23 Y  23 0.0000000 0.0000000 0.0000000 0.0000000 0.0000000 0.0000000 0.0000000 0.0000000 0.0000000 0.0000000 0.0024707 0.0000000 0.0400973 0.6007829 0.0000000 0.0000000 0.0000000 0.0018540 0.3547951 0.0000000 0.0000000
 24 R  24 0.0209269 0.0522539 0.0791378 0.4381873 0.0013447 0.0262429 0.0183085 0.0000000 0.0011065 0.0169277 0.0650210 0.1059948 0.0015259 0.0000000 0.0000000 0.0371378 0.1213342 0.0000000 0.0000000 0.0145501 0.0000000
 25 K  25 0.0485765 0.0095767 0.0536734 0.1624851 0.0000000 0.0210386 0.0760399 0.0705343 0.0032187 0.0000000 0.0021543 0.0389183 0.0000000 0.0000000 0.3598099 0.1182840 0.0356901 0.0000000 0.0000000 0.0000000 0.0000000
 26 D  26 0.0287800 0.0999618 0.0585711 0.1753064 0.0017120 0.0610274 0.1605901 0.0192046 0.0118767 0.0045326 0.0000000 0.2476151 0.0000000 0.0000000 0.0000000 0.0538287 0.0649760 0.0000000 0.0017301 0.0102873 0.0000000
 27 P  27 0.0457099 0.0299208 0.0028678 0.0324911 0.0025821 0.0188491 0.0547622 0.0000000 0.0190127 0.0052000 0.0075387 0.3976267 0.0098221 0.0022010 0.3009577 0.0233386 0.0325000 0.0000000 0.0016995 0.0083620 0.0045579
 28 V  28 0.0000000 0.0000000 0.0000000 0.0000000 0.0000000 0.0000000 0.0000000 0.0000000 0.0000000 0.5253098 0.1220358 0.0000000 0.0404961 0.0041349 0.0000000 0.0000000 0.0000000 0.0000000 0.0000000 0.3034655 0.0045579
 29 P  29 0.0459578 0.0020061 0.0131294 0.0880511 0.0019620 0.0034158 0.0761394 0.0059309 0.0000000 0.0000000 0.0019968 0.0118672 0.0000000 0.0000000 0.3381933 0.3264237 0.0803688 0.0000000 0.0000000 0.0000000 0.0045579
 30 E  30 0.0904455 0.0785017 0.0181667 0.2211100 0.0000000 0.0971520 0.2096221 0.0056380 0.0410214 0.0000000 0.0078986 0.0941693 0.0000000 0.0060452 0.0732692 0.0214919 0.0192619 0.0030538 0.0038183 0.0047763 0.0045579
 31 G  31 0.1021938 0.0030277 0.0180795 0.1317430 0.0000000 0.0328972 0.5644173 0.0247832 0.0061314 0.0014802 0.0011369 0.0399123 0.0000000 0.0000000 0.0060072 0.0462072 0.0140283 0.0000000 0.0000000 0.0033968 0.0045579
 32 L  32 0.0069392 0.0000000 0.0075023 0.2430614 0.0000000 0.0950589 0.1772919 0.0000000 0.0089810 0.0417622 0.0825817 0.1161387 0.0206929 0.0011790 0.0000000 0.0022512 0.0724383 0.0000000 0.0041665 0.1153968 0.0045579
 33 L  33 0.0068039 0.0147368 0.0000000 0.0000000 0.0000000 0.0016796 0.0138412 0.0000000 0.0015107 0.2061154 0.4308486 0.0104488 0.0802507 0.1131310 0.0000000 0.0000000 0.0026196 0.0253637 0.0000000 0.0858502 0.0067997
 34 R  34 0.0896338 0.1025574 0.0906429 0.1494251 0.0000000 0.0887925 0.1705712 0.0114505 0.0327374 0.0124053 0.0476650 0.0707262 0.0107569 0.0025753 0.0000000 0.0269165 0.0705572 0.0000000 0.0055791 0.0124496 0.0045579
 35 E  35 0.0996557 0.1583428 0.0124507 0.0376215 0.0029659 0.0855884 0.2206527 0.0030261 0.0045344 0.0145163 0.0231687 0.0841855 0.0056087 0.0577107 0.0013056 0.0203445 0.1032577 0.0015469 0.0390088 0.0199506 0.0045579
 36 I  36 0.0142577 0.0000000 0.0000000 0.0000000 0.0145352 0.0000000 0.0000000 0.0000000 0.0000000 0.5183340 0.3219015 0.0000000 0.0533579 0.0028446 0.0000000 0.0000000 0.0025631 0.0000000 0.0000000 0.0676481 0.0045579
 37 L  37 0.0054971 0.0028152 0.0000000 0.0000000 0.0000000 0.0035365 0.0172286 0.0000000 0.0014771 0.1601774 0.6135670 0.0505077 0.0225764 0.0384925 0.0013675 0.0013553 0.0000000 0.0000000 0.0045579 0.0768438 0.0000000
 38 E  38 0.0342497 0.0766854 0.0349260 0.1012458 0.0011898 0.0718203 0.5004596 0.0073036 0.0105487 0.0021789 0.0065573 0.0496154 0.0036823 0.0000000 0.0000000 0.0381811 0.0471684 0.0023305 0.0033884 0.0043379 0.0041309
 39 A  39 0.4755237 0.0025918 0.0020302 0.0114157 0.0325647 0.0099545 0.0657396 0.0084164 0.0054340 0.0468922 0.1326821 0.0158241 0.0110214 0.0055690 0.0000000 0.0761923 0.0654999 0.0000000 0.0052555 0.0232621 0.0041309
 40 A  40 0.5728870 0.0000000 0.0000000 0.0000000 0.0000000 0.0000000 0.0000000 0.1985623 0.0000000 0.0315363 0.0701876 0.0000000 0.0000000 0.0160270 0.0000000 0.0164699 0.0425642 0.0000000 0.0000000 0.0476347 0.0041309
 41 L  41 0.0284657 0.3186834 0.0425945 0.0000000 0.0072867 0.1262563 0.0089376 0.0085674 0.1125856 0.0468240 0.0534461 0.0193526 0.0181532 0.0089030 0.0000000 0.0389657 0.0985720 0.0191244 0.0009913 0.0381595 0.0041309
 42 R  42 0.0628559 0.0603396 0.0121649 0.0016764 0.0031925 0.0524917 0.0031873 0.0070193 0.0741718 0.0110089 0.4667353 0.0307471 0.0406110 0.0231269 0.0000000 0.0444054 0.0525418 0.0231871 0.0253198 0.0010864 0.0041309
 43 A  43 0.6742410 0.0000000 0.0000000 0.0000000 0.0018105 0.0000000 0.0000000 0.0031591 0.0000000 0.0000000 0.0000000 0.0000000 0.0036232 0.0000000 0.0000000 0.2519158 0.0594159 0.0000000 0.0000000 0.0017037 0.0041309
 44 P  44 0.0782465 0.0000000 0.0000000 0.0000000 0.0000000 0.0015740 0.0000000 0.0018119 0.0000000 0.0000000 0.0000000 0.0000000 0.0000000 0.0000000 0.8228450 0.0854801 0.0034448 0.0000000 0.0000000 0.0024669 0.0041309
 45 S  45 0.0000000 0.0000000 0.0168788 0.0000000 0.0022832 0.0000000 0.0000000 0.0000000 0.0000000 0.0000000 0.0000000 0.0000000 0.0000000 0.0000000 0.0000000 0.7556455 0.2137138 0.0000000 0.0000000 0.0000000 0.0114788
 46 A  46 0.1960916 0.0000000 0.0000000 0.0081125 0.0070424 0.0000000 0.0000000 0.0578140 0.0000000 0.0000000 0.0000000 0.0037710 0.0137312 0.0000000 0.0000000 0.5649662 0.0091962 0.0289116 0.0000000 0.0988844 0.0114788
 47 W  47 0.0287915 0.0050357 0.0327065 0.0032667 0.0315303 0.0000000 0.0000000 0.1602501 0.0228087 0.0486049 0.0389207 0.0152659 0.0135485 0.1684098 0.0000000 0.1733553 0.0236807 0.0408633 0.0892972 0.0963162 0.0073479
 48 N  48 0.0000000 0.0000000 0.5271633 0.0000000 0.0000000 0.0000000 0.0000000 0.2790964 0.0436981 0.0000000 0.0063658 0.0000000 0.0072428 0.1004235 0.0000000 0.0035198 0.0021364 0.0000000 0.0230059 0.0000000 0.0073479
 49 L  49 0.0176545 0.0143256 0.0017923 0.0000000 0.0020977 0.0077200 0.0000000 0.0185938 0.0036384 0.1038305 0.4265399 0.0057256 0.1595664 0.0514389 0.0000000 0.1037702 0.0228226 0.0011553 0.0065548 0.0431838 0.0095897
 50 Q  50 0.0000000 0.0000000 0.0000000 0.0000000 0.0000000 0.8428040 0.1498481 0.0000000 0.0000000 0.0000000 0.0000000 0.0000000 0.0000000 0.0000000 0.0000000 0.0000000 0.0000000 0.0000000 0.0000000 0.0000000 0.0073479
 51 P  51 0.0917709 0.0000000 0.0392746 0.0043625 0.0368802 0.0319976 0.0073689 0.0127996 0.0891933 0.0000000 0.0387434 0.0000000 0.0032590 0.0012682 0.5885713 0.0299575 0.0072437 0.0000000 0.0000000 0.0099613 0.0073479
 52 W  52 0.0090473 0.0110330 0.0062780 0.0000000 0.0129102 0.0031115 0.0000000 0.0037626 0.0000000 0.0120793 0.0046778 0.0000000 0.0000000 0.0458536 0.0000000 0.0057804 0.0285734 0.6655717 0.1450777 0.0388957 0.0073479
 53 R  53 0.0029596 0.3370675 0.0372340 0.0456730 0.0000000 0.0382424 0.0660429 0.0000000 0.0930404 0.0000000 0.0000000 0.1829866 0.0015104 0.0049064 0.0000000 0.1482084 0.0296260 0.0000000 0.0051544 0.0000000 0.0073479
 54 I  54 0.0000000 0.0000000 0.0000000 0.0000000 0.0000000 0.0000000 0.0000000 0.0000000 0.0025631 0.1578255 0.0672662 0.0000000 0.0074963 0.5907365 0.0032467 0.0000000 0.0000000 0.0000000 0.0329136 0.1306042 0.0073479
 55 V  55 0.0134176 0.0010111 0.0000000 0.0016014 0.0000000 0.0020903 0.0010985 0.0000000 0.0037030 0.3478813 0.2051270 0.0155275 0.0125235 0.0406429 0.0000000 0.0000000 0.0071675 0.0000000 0.0262988 0.3145617 0.0073479
 56 V  56 0.0552126 0.0801311 0.0048340 0.0050302 0.0000000 0.0084715 0.0043964 0.0207886 0.0086949 0.1073101 0.0528277 0.0011252 0.0046361 0.0052326 0.0000000 0.0026049 0.0083995 0.0060942 0.0049796 0.6118829 0.0073479
 57 V  57 0.0410294 0.0000000 0.0013288 0.0000000 0.0022536 0.0000000 0.0000000 0.0000000 0.0000000 0.2882119 0.0660548 0.0000000 0.0000000 0.0167016 0.0016395 0.0000000 0.0324016 0.0000000 0.0000000 0.5430309 0.0073479
 58 R  58 0.0021722 0.1755036 0.0106021 0.1001243 0.0000000 0.1572684 0.1120664 0.0069748 0.0150714 0.0023688 0.0047234 0.1198892 0.0030469 0.0028735 0.0000000 0.0661244 0.1997138 0.0013281 0.0028471 0.0059515 0.0113499
 59 D  59 0.0036938 0.0087171 0.2163066 0.4381694 0.0033471 0.0110667 0.0301531 0.0120199 0.0033687 0.0000000 0.0009454 0.0106407 0.0000000 0.0000000 0.0000000 0.1697776 0.0749252 0.0000000 0.0000000 0.0000000 0.0168687
 60 P  60 0.0922309 0.0460614 0.0129784 0.0600341 0.0000000 0.1176833 0.1373337 0.0073633 0.0067750 0.0069265 0.0087620 0.1398525 0.0099726 0.0012631 0.2855516 0.0295584 0.0098715 0.0000000 0.0021031 0.0114154 0.0142633
 61 A  61 0.1978155 0.0057137 0.0201305 0.0996329 0.0000000 0.0371579 0.4689430 0.0213807 0.0064664 0.0034221 0.0039201 0.0475533 0.0000000 0.0015259 0.0050076 0.0263939 0.0321446 0.0000000 0.0000000 0.0089818 0.0138101
 62 T  62 0.0570632 0.0417814 0.0232465 0.0087333 0.0000000 0.0383229 0.0076549 0.0878080 0.0038804 0.0892159 0.3054878 0.1005250 0.0414392 0.0030617 0.0000000 0.0152770 0.0688298 0.0000000 0.0000000 0.0916568 0.0160162
 63 K  63 0.0000000 0.4428659 0.0072531 0.0000000 0.0000000 0.0322395 0.0000000 0.0000000 0.0000000 0.0130906 0.0257497 0.4668573 0.0019685 0.0000000 0.0000000 0.0000000 0.0000000 0.0000000 0.0000000 0.0000000 0.0099754
 64 R  64 0.1969140 0.0614405 0.0372286 0.0488608 0.0000000 0.1303922 0.3240668 0.0117933 0.0102683 0.0000000 0.0096224 0.1078779 0.0039299 0.0000000 0.0000000 0.0245611 0.0197529 0.0000000 0.0017368 0.0042065 0.0073479
 65 A  65 0.0942373 0.1737505 0.0060861 0.0194195 0.0028146 0.1229065 0.1018504 0.0052090 0.0035961 0.0059642 0.0260330 0.3811712 0.0021046 0.0000000 0.0000000 0.0117832 0.0309053 0.0032422 0.0000000 0.0015783 0.0073479
 66 L  66 0.0089167 0.0000000 0.0000000 0.0000000 0.0015552 0.0000000 0.0000000 0.0000000 0.0000000 0.2405079 0.6245244 0.0000000 0.0450910 0.0135836 0.0000000 0.0000000 0.0021911 0.0000000 0.0000000 0.0636300 0.0000000
 67 R  67 0.2499468 0.1938508 0.0038164 0.0000000 0.0044043 0.0349222 0.0053327 0.0079188 0.0781933 0.0061024 0.0772492 0.1667499 0.0075127 0.0078114 0.0030261 0.0612830 0.0092326 0.0030237 0.0201565 0.0567246 0.0027422
 68 E  68 0.1290398 0.0179289 0.0123998 0.0523970 0.0000000 0.0462616 0.2458778 0.0168818 0.0143951 0.0035920 0.0090129 0.1124998 0.0030334 0.0011812 0.2493306 0.0438334 0.0204719 0.0032626 0.0000000 0.0079878 0.0106126
 69 A  69 0.2539841 0.0021865 0.0024889 0.0047284 0.0245994 0.0057797 0.0099025 0.0065467 0.0248070 0.1336101 0.2132529 0.0038502 0.0034307 0.0541945 0.0037200 0.0122107 0.0116724 0.0029138 0.0466050 0.1479645 0.0315519
 70 A  70 0.4602446 0.0000000 0.0108033 0.0020115 0.0705999 0.0029351 0.0014167 0.0361133 0.0310612 0.0219791 0.0059011 0.0000000 0.0121415 0.0165015 0.0027670 0.2110479 0.0419430 0.0000000 0.0014771 0.0540029 0.0170532
 71 F  71 0.0115550 0.0081184 0.0436367 0.0073027 0.0029420 0.0062927 0.0153776 0.1324397 0.0166683 0.0000000 0.0364684 0.0049393 0.0270802 0.2500699 0.0231653 0.0126986 0.0046233 0.2434971 0.1201837 0.0018857 0.0310555
 72 G  72 0.0121271 0.0289739 0.4251205 0.0991826 0.0010834 0.0116838 0.0394732 0.2788117 0.0254727 0.0000000 0.0010641 0.0227039 0.0074046 0.0010022 0.0028092 0.0156464 0.0000000 0.0000000 0.0042952 0.0023304 0.0208152
 73 Q  73 0.0635438 0.0198376 0.0121875 0.0000000 0.0000000 0.7060099 0.0356959 0.0082765 0.0086909 0.0147391 0.0110949 0.0240455 0.0118788 0.0059413 0.0068031 0.0072023 0.0306293 0.0000000 0.0075802 0.0090858 0.0167574
 74 A  74 0.1760904 0.0876061 0.0289549 0.0154660 0.0012509 0.0712300 0.0820682 0.0345542 0.0134704 0.0091373 0.0234594 0.1123090 0.0064642 0.0009691 0.1669811 0.0834398 0.0377809 0.0025831 0.0299589 0.0126755 0.0035509
 75 H  75 0.0496743 0.0352948 0.0274263 0.0100867 0.0025648 0.4278940 0.0047668 0.0018307 0.0739005 0.0022773 0.0030598 0.1094430 0.0260610 0.0546818 0.0108444 0.0065821 0.0070624 0.0449794 0.0834971 0.0103420 0.0077309
 76 V  76 0.0502965 0.0209979 0.0271273 0.0031513 0.0037710 0.0043763 0.0078406 0.0026152 0.0031115 0.2480901 0.1190418 0.0011605 0.0401561 0.0128541 0.0011256 0.0077370 0.0151142 0.0016902 0.0000000 0.4179482 0.0117948
 77 E  77 0.1281609 0.0403246 0.0036840 0.0839058 0.0012355 0.0082529 0.1602724 0.0127744 0.0058465 0.0113396 0.0750140 0.0744754 0.0206480 0.0069192 0.0298622 0.0479566 0.1955087 0.0000000 0.0138498 0.0712996 0.0086701
 78 E  78 0.0604350 0.0065453 0.0437202 0.2404078 0.0000000 0.0935279 0.1893143 0.0176779 0.0094663 0.0000000 0.0026175 0.0195560 0.0012873 0.0000000 0.0000000 0.0745094 0.2275315 0.0000000 0.0000000 0.0012581 0.0121455
 79 A  79 0.6763436 0.0029718 0.0140127 0.0000000 0.1271182 0.0000000 0.0000000 0.0189794 0.0000000 0.0000000 0.0032192 0.0100828 0.0038801 0.0000000 0.0000000 0.1198619 0.0022088 0.0000000 0.0025688 0.0017924 0.0169603
 80 P  80 0.0980939 0.0055324 0.0021911 0.0041194 0.0010500 0.0170014 0.0115845 0.0331305 0.0000000 0.0011590 0.0034999 0.0014599 0.0024515 0.0000000 0.2301227 0.5510572 0.0032097 0.0000000 0.0024346 0.0015849 0.0303173
 81 V  81 0.2095573 0.0056908 0.0026829 0.0081076 0.0058553 0.0053135 0.0721562 0.0055780 0.3005096 0.0170921 0.0694719 0.0080959 0.0305763 0.0036860 0.0000000 0.0000000 0.0061644 0.0037030 0.0218928 0.1959599 0.0279066
 82 V  82 0.0146064 0.0000000 0.0114195 0.0019762 0.0023954 0.0016995 0.0014048 0.0032192 0.0086992 0.0684583 0.2486965 0.0000000 0.0497881 0.2327562 0.0128481 0.0020608 0.0538220 0.0000000 0.0119436 0.2455003 0.0287057
 83 L  83 0.0034596 0.0044180 0.0000000 0.0029453 0.0000000 0.0000000 0.0117589 0.0025071 0.0000000 0.2958395 0.2659294 0.0136305 0.0092828 0.0827027 0.0056500 0.0024487 0.0023455 0.0120677 0.0020915 0.2464335 0.0364894
 84 V  84 0.1096097 0.0016948 0.0000000 0.0014543 0.0073670 0.0016374 0.0109889 0.0234008 0.0000000 0.1577267 0.1204448 0.0000000 0.0111582 0.0098551 0.0000000 0.0000000 0.0375970 0.0000000 0.0000000 0.4676325 0.0394328
 85 L  85 0.0259123 0.0153269 0.0000000 0.0035498 0.0572801 0.0000000 0.0200716 0.0054681 0.0020547 0.1551660 0.1404018 0.0050971 0.0054697 0.2990500 0.0031216 0.0000000 0.0000000 0.0141056 0.0041326 0.2053196 0.0384724
 86 Y  86 0.1153905 0.0138395 0.0000000 0.0000000 0.3404007 0.0015243 0.0038048 0.0000000 0.0000000 0.0308230 0.2410011 0.0138429 0.0012814 0.0748980 0.0034667 0.0066017 0.0288355 0.0000000 0.0179455 0.0695848 0.0367598
 87 A  87 0.4999302 0.0138997 0.0165585 0.0000000 0.0036756 0.0056827 0.0047511 0.2049413 0.0033903 0.0433532 0.0061165 0.0182530 0.0040053 0.0059875 0.0000000 0.0581029 0.0339621 0.0000000 0.0066125 0.0301972 0.0405802
 88 D  88 0.0117759 0.1062953 0.0456016 0.5100219 0.0000000 0.0327294 0.0395149 0.0060226 0.0100483 0.0040629 0.0056519 0.0799291 0.0054197 0.0032338 0.0018653 0.0057082 0.0155173 0.0510851 0.0115266 0.0095282 0.0444621
 89 L  89 0.0252690 0.0674307 0.0082126 0.0560216 0.0000000 0.0089387 0.0091319 0.0025631 0.0046054 0.0411760 0.2067221 0.0888439 0.0565060 0.0820421 0.0495245 0.0142138 0.1639602 0.0000000 0.0398769 0.0269455 0.0480159
 90 E  90 0.0550465 0.0481574 0.1552190 0.1487961 0.0015552 0.0605641 0.1314710 0.0112735 0.0564217 0.0114421 0.0131808 0.1230819 0.0027674 0.0000000 0.0121473 0.0361143 0.0219631 0.0021364 0.0716412 0.0110101 0.0260109
 91 D  91 0.1823228 0.2026858 0.0626740 0.0684849 0.0063849 0.0197876 0.0199849 0.0170793 0.0075420 0.0420464 0.0249053 0.0762151 0.0147102 0.0235021 0.0206846 0.0456837 0.0081228 0.0015842 0.0803722 0.0395142 0.0357131
 92 A  92 0.1022894 0.0309260 0.0344426 0.0839706 0.0016478 0.0066807 0.0146678 0.0410263 0.0826606 0.0258541 0.0863730 0.0072067 0.0071476 0.0351854 0.0119515 0.1251605 0.1220429 0.0797661 0.0369484 0.0298722 0.0341798
 93 L  93 0.0753872 0.0543204 0.0144317 0.0811221 0.0036285 0.0372448 0.2258231 0.0445344 0.0101838 0.0171107 0.0624212 0.0939717 0.0225690 0.0086126 0.0393155 0.0796385 0.0279170 0.0160913 0.0184403 0.0193264 0.0479099
 94 A  94 0.1166811 0.0538302 0.0308715 0.0433510 0.0000000 0.0872894 0.1888166 0.0273721 0.0119153 0.0133735 0.0209538 0.1875328 0.0047191 0.0190352 0.0135500 0.0550513 0.0265305 0.0008837 0.0229486 0.0217483 0.0535459
 95 H  95 0.0507617 0.1256453 0.0321081 0.0623983 0.0017280 0.0137268 0.0292455 0.0219634 0.0569756 0.1970973 0.0308723 0.0265779 0.0177109 0.0556368 0.0017997 0.0116231 0.0089280 0.0387476 0.1130366 0.0385482 0.0648688
 96 L  96 0.0731984 0.0379835 0.0133532 0.0202267 0.0348806 0.0129483 0.0288000 0.0316856 0.0125921 0.1276896 0.1530814 0.0173674 0.0130144 0.0299456 0.0480584 0.0454793 0.0064503 0.0017105 0.1085375 0.1035596 0.0794376
 97 D  97 0.0728013 0.0368157 0.0566472 0.2237405 0.0000000 0.0673851 0.1826330 0.0702779 0.0057277 0.0011954 0.0128258 0.0490298 0.0022345 0.0029145 0.0348671 0.0504184 0.0264053 0.0000000 0.0000000 0.0066875 0.0973934
 98 E  98 0.0829732 0.1198983 0.0258641 0.0603565 0.0000000 0.0730016 0.1380621 0.0253173 0.0331190 0.0147286 0.0140178 0.0772740 0.0319011 0.0037891 0.0390865 0.0719461 0.0489841 0.0013648 0.0121101 0.0282718 0.0979338
 99 V  99 0.0788007 0.0337957 0.0159529 0.0053497 0.0000000 0.0050543 0.0110547 0.0081537 0.0179597 0.0641452 0.1062533 0.0142824 0.0629588 0.0606370 0.0594702 0.0241060 0.0176366 0.0096356 0.1689923 0.0930203 0.1427408
100 I 100 0.0222398 0.0201936 0.0097589 0.0057379 0.0016688 0.0148391 0.0300675 0.0737242 0.0052988 0.0972460 0.1285447 0.0345658 0.0590035 0.0760088 0.0042414 0.0127132 0.0077174 0.0453175 0.0212023 0.1842580 0.1456526
101 H 101 0.0617552 0.1036613 0.1038645 0.0852196 0.0013281 0.0458858 0.1821981 0.0250597 0.0230229 0.0096094 0.0175213 0.1101647 0.0053337 0.0034714 0.0105501 0.0179278 0.0072884 0.0083860 0.0077465 0.0164551 0.1535504
102 P 102 0.0680410 0.2258959 0.0198031 0.0358512 0.0025120 0.0659933 0.0542428 0.0207325 0.0168815 0.0508229 0.1117165 0.0744455 0.0111557 0.0009297 0.0369085 0.0242498 0.0144889 0.0015849 0.0000000 0.0048406 0.1589036
103 G 103 0.0501069 0.0093555 0.0722299 0.0375840 0.0408154 0.0313525 0.0630820 0.2964984 0.0140889 0.0142976 0.0150674 0.0792534 0.0276440 0.0163680 0.0053750 0.0278225 0.0023726 0.0062467 0.0018416 0.0265083 0.1620892
104 V 104 0.0653420 0.0096815 0.0018345 0.0077073 0.0000000 0.0078827 0.0348886 0.0083852 0.0071463 0.1405363 0.1105315 0.0134597 0.1230455 0.0533146 0.0124975 0.0124017 0.0306800 0.0000000 0.0084440 0.1836652 0.1685559
105 Q 105 0.0591884 0.0121901 0.0086769 0.0252281 0.0011117 0.0373152 0.0816936 0.0136095 0.0032994 0.0297407 0.0145800 0.0746305 0.0295864 0.0085647 0.2086325 0.0664524 0.1442535 0.0027933 0.0067281 0.0042257 0.1674992
106 G 106 0.0893802 0.0254347 0.0555879 0.1020984 0.0423228 0.0463713 0.1142165 0.0928683 0.0178203 0.0102341 0.0195211 0.0455233 0.0019935 0.0020436 0.0771708 0.0180035 0.0372725 0.0000000 0.0125119 0.0217530 0.1678723
107 E 107 0.0453412 0.0016764 0.0142591 0.1377493 0.0024420 0.0238851 0.3545035 0.0682199 0.0100576 0.0321010 0.0123026 0.0112994 0.0144235 0.0107702 0.0194408 0.0207634 0.0195470 0.0000000 0.0072834 0.0192734 0.1746611
108 R 108 0.0508820 0.1115930 0.0223080 0.0542830 0.0000000 0.0374100 0.0631718 0.0418637 0.0058557 0.0492855 0.0385543 0.0387127 0.0375760 0.0197345 0.0322177 0.0552323 0.0302039 0.0022188 0.0262260 0.1178825 0.1647886
109 R 109 0.0593285 0.0789292 0.0119187 0.0227421 0.0025821 0.0399344 0.0525602 0.0137219 0.0075452 0.0535033 0.1227837 0.0834054 0.0315073 0.0237573 0.0360061 0.0308763 0.0726270 0.0221507 0.0264014 0.0412960 0.1664231
110 E 110 0.0653222 0.0739790 0.0300836 0.1385212 0.0356406 0.0843768 0.2062422 0.0172320 0.0023190 0.0055826 0.0104061 0.0917648 0.0034815 0.0066528 0.0024301 0.0203304 0.0204007 0.0000000 0.0036869 0.0173660 0.1641814
111 A 111 0.0934480 0.0468021 0.0495589 0.0524228 0.0000000 0.0581955 0.0462314 0.1356732 0.0012292 0.0123216 0.0218075 0.0656133 0.0191264 0.0540285 0.0330136 0.0525516 0.0334884 0.0022993 0.0349371 0.0174707 0.1697809
112 Q 112 0.0482310 0.0149375 0.0069676 0.0000000 0.0000000 0.0542561 0.0522278 0.0947237 0.0032667 0.0565875 0.0633256 0.0104877 0.0639581 0.1010232 0.0073740 0.0151926 0.0413735 0.0023363 0.1778819 0.0188668 0.1669824
113 K 113 0.0571350 0.1040122 0.0160058 0.0136426 0.0099588 0.0289892 0.0274884 0.0187818 0.0062906 0.0506882 0.1522581 0.0600326 0.0520391 0.0197315 0.0270875 0.0139869 0.0350470 0.0193623 0.0211110 0.0945864 0.1717649
114 Q 114 0.0633502 0.0165714 0.0901770 0.0982561 0.0011872 0.0633278 0.1057098 0.0421606 0.0364641 0.0070333 0.0529045 0.0895915 0.0058040 0.0040347 0.0333411 0.0295171 0.0168736 0.0000000 0.0023697 0.0502328 0.1910936
115 A 115 0.0934644 0.0439366 0.0378181 0.0189215 0.0026051 0.0534097 0.0093897 0.0363997 0.0038161 0.0212200 0.0219460 0.0643236 0.0733074 0.0992610 0.0104862 0.0276890 0.0811372 0.0138369 0.0084143 0.0675589 0.2110586
116 I 116 0.0390874 0.0103788 0.0043123 0.0110889 0.0041533 0.0545522 0.0031457 0.0190869 0.0096946 0.1710387 0.1804451 0.0059502 0.0595779 0.0382494 0.0111657 0.0152817 0.0282043 0.0036464 0.0639760 0.0588654 0.2080990
117 Q 117 0.0572313 0.0763652 0.0172402 0.0460419 0.0031111 0.0284130 0.0664851 0.0276260 0.0125879 0.0483008 0.0687505 0.1139099 0.0285898 0.0124796 0.0246590 0.0241571 0.0442452 0.0009668 0.0189198 0.0430506 0.2368693
118 R 118 0.0640926 0.0686573 0.0967715 0.0578206 0.0000000 0.0463390 0.0479249 0.1346831 0.0142503 0.0023966 0.0069072 0.0494602 0.0008546 0.0009072 0.0638890 0.0728592 0.0288481 0.0000000 0.0022832 0.0078670 0.2331884
119 A 119 0.0872470 0.0202371 0.0329623 0.0756364 0.0000000 0.0161189 0.0406175 0.0383539 0.0192654 0.0155784 0.0627153 0.0182945 0.0291301 0.1026647 0.0109034 0.0497683 0.0448352 0.0009967 0.0892740 0.0128284 0.2325724
120 F 120 0.0219668 0.0260880 0.0034026 0.0094525 0.0016037 0.0258972 0.0070499 0.0067018 0.0129863 0.0566686 0.0864132 0.0115603 0.0195062 0.1685525 0.0101096 0.0132626 0.0191658 0.0044836 0.2268444 0.0394406 0.2288436
121 A 121 0.0982103 0.0393203 0.0413896 0.0326379 0.0025631 0.0444358 0.0914579 0.0487479 0.0604079 0.0165822 0.0309307 0.0680732 0.0080475 0.0086074 0.0513021 0.0454804 0.0274429 0.0037380 0.0340511 0.0538357 0.1927380
122 A 122 0.1048289 0.0118124 0.0952005 0.0479375 0.0011372 0.0590175 0.0430431 0.1124315 0.0119868 0.0207712 0.0484135 0.0383297 0.0198449 0.0076245 0.0382867 0.0688759 0.0341024 0.0000000 0.0009384 0.0630141 0.1724033
123 M 123 0.0653830 0.0804599 0.0193482 0.0481868 0.0010783 0.0289616 0.0179652 0.0285295 0.0157010 0.0142392 0.1627776 0.0777870 0.0564858 0.0892537 0.0097638 0.0056239 0.0162429 0.0028306 0.0504982 0.0164730 0.1924109
124 G 124 0.0053014 0.0088638 0.0728799 0.1566102 0.0000000 0.0153469 0.0301802 0.2059511 0.0298747 0.0000000 0.0074299 0.0044311 0.0000000 0.0021543 0.0854349 0.1478961 0.0701276 0.0041425 0.0228991 0.0024315 0.1280447
125 Q 125 0.0652962 0.1574144 0.0642010 0.0895715 0.0014445 0.0589441 0.1824727 0.0070692 0.0045303 0.0023337 0.0198455 0.0475363 0.0092169 0.0116731 0.0863424 0.0303286 0.0256746 0.0066478 0.0085914 0.0183523 0.1025134
126 E 126 0.0884810 0.1573668 0.0283039 0.0499949 0.0023936 0.0959106 0.1959558 0.0059031 0.0211209 0.0073317 0.0169522 0.0236104 0.0044493 0.0278751 0.0067997 0.0333110 0.0859453 0.0114659 0.0074828 0.0197075 0.1096383
127 A 127 0.1269986 0.0223938 0.0113532 0.0438761 0.0000000 0.0701930 0.1756391 0.0399366 0.0234436 0.0115547 0.0468360 0.0360670 0.0208055 0.0316673 0.0046568 0.0379898 0.1223295 0.0050547 0.0117095 0.0639769 0.0935181
128 R 128 0.0508048 0.0693591 0.0775230 0.0057170 0.0000000 0.1311878 0.0094857 0.0252629 0.0083709 0.0801558 0.2109205 0.0644955 0.0816193 0.0128312 0.0026992 0.0263287 0.0158275 0.0100615 0.0054463 0.0256641 0.0862390
129 K 129 0.0434035 0.1388725 0.0261671 0.0186817 0.0012732 0.0261694 0.0345090 0.0236767 0.0283719 0.0218632 0.0630308 0.0986405 0.0032557 0.1838309 0.0889442 0.0294699 0.0315574 0.0052319 0.0315925 0.0175427 0.0839154
130 A 130 0.0840742 0.0087872 0.0387234 0.3014736 0.0042631 0.0553644 0.1398182 0.0118593 0.0343998 0.0324995 0.1127803 0.0151149 0.0156966 0.0029647 0.0033692 0.0259859 0.0195423 0.0000000 0.0050405 0.0158032 0.0724394
131 W 131 0.0282902 0.0043228 0.0199726 0.0192995 0.0000000 0.0090503 0.0998863 0.0040853 0.0499378 0.0783970 0.0157687 0.0000000 0.0833036 0.0326765 0.0000000 0.0096256 0.0444034 0.2986089 0.0895190 0.0452940 0.0675582
132 A 132 0.4406545 0.0000000 0.0102743 0.0689548 0.0322991 0.0012819 0.0000000 0.0930803 0.0000000 0.0169447 0.0437733 0.0000000 0.0314426 0.0058323 0.0000000 0.0785873 0.0638837 0.0000000 0.0097119 0.0588652 0.0444141
133 S 133 0.2165776 0.0195090 0.0213429 0.0081000 0.0241745 0.0357068 0.0349347 0.0162289 0.0130491 0.0945147 0.1232890 0.0301881 0.0777676 0.0233864 0.0154880 0.1031316 0.0605207 0.0014918 0.0063507 0.0526797 0.0215682
134 G 134 0.0403860 0.2112380 0.0264407 0.0000000 0.0052452 0.0318831 0.0154457 0.0046689 0.0046898 0.0999405 0.0619769 0.2204202 0.0131434 0.0276545 0.0000000 0.0154191 0.0442148 0.0046275 0.0533809 0.1024024 0.0168224
135 Q 135 0.0016149 0.0000000 0.1044283 0.3391244 0.0021865 0.3347572 0.0012579 0.0000000 0.0082962 0.0000000 0.0000000 0.0000000 0.0000000 0.0000000 0.0000000 0.1838431 0.0129622 0.0000000 0.0000000 0.0000000 0.0115294
136 S 136 0.3504246 0.0000000 0.0000000 0.0000000 0.0810561 0.0000000 0.0000000 0.0469044 0.0000000 0.0172139 0.0133519 0.0000000 0.0027103 0.0000000 0.0000000 0.0943159 0.2620941 0.0000000 0.0000000 0.1203994 0.0115294
137 Y 137 0.1853042 0.0000000 0.0079833 0.0032341 0.0110288 0.0000000 0.0000000 0.2000088 0.0090808 0.0071272 0.0227660 0.0000000 0.0178690 0.0145518 0.0000000 0.1456297 0.0254898 0.0000000 0.2990695 0.0393278 0.0115294
138 I 138 0.0256585 0.0000000 0.0000000 0.0000000 0.0651586 0.0000000 0.0000000 0.0000000 0.0000000 0.4082900 0.4188409 0.0000000 0.0367358 0.0298228 0.0000000 0.0000000 0.0000000 0.0000000 0.0013191 0.0026449 0.0115294
139 L 139 0.6648825 0.0000000 0.0192103 0.0000000 0.0042891 0.0000000 0.0000000 0.0258923 0.0000000 0.0055634 0.0124357 0.0000000 0.0544964 0.0464777 0.0063599 0.0407619 0.0073458 0.0082097 0.0081400 0.0821917 0.0137436
140 L 140 0.3376275 0.0000000 0.0000000 0.0000000 0.0223131 0.0032959 0.0020992 0.0237998 0.0000000 0.0750436 0.2559093 0.0000000 0.0588308 0.0401102 0.0000000 0.0416569 0.0234157 0.0000000 0.0019102 0.1012194 0.0127684
141 G 141 0.0926047 0.0000000 0.0010543 0.0106945 0.0000000 0.2590162 0.0821998 0.2594062 0.0000000 0.0000000 0.0030930 0.0000000 0.2092621 0.0000000 0.0000000 0.0274166 0.0376604 0.0000000 0.0010918 0.0014904 0.0150102
142 Y 142 0.0244612 0.0000000 0.4792375 0.0011546 0.0033537 0.1549322 0.0018953 0.0021670 0.0712643 0.0055046 0.0153648 0.0000000 0.0111983 0.0307333 0.0000000 0.0406426 0.1171429 0.0000000 0.0223612 0.0058182 0.0127684
143 L 143 0.1004378 0.0000000 0.0000000 0.0000000 0.0130179 0.0000000 0.0000000 0.0082418 0.0000000 0.0768365 0.3946127 0.0000000 0.2329233 0.1061730 0.0000000 0.0039713 0.0066368 0.0000000 0.0000000 0.0416419 0.0155070
144 L 144 0.0350155 0.0000000 0.0021865 0.0000000 0.0358112 0.0015469 0.0000000 0.0000000 0.0025120 0.0514151 0.2137076 0.0000000 0.4440867 0.0019898 0.0000000 0.0102978 0.0235689 0.0943244 0.0000000 0.0657890 0.0177488
145 L 145 0.0430791 0.0000000 0.0383639 0.0010682 0.0000000 0.0027582 0.0023294 0.0013965 0.0031400 0.0503477 0.5468545 0.0000000 0.0103384 0.0095559 0.0012944 0.0212027 0.1810571 0.0016233 0.0275813 0.0425024 0.0155070
146 L 146 0.5975115 0.0182159 0.0014122 0.0012790 0.0080881 0.0161587 0.0221404 0.0598505 0.0000000 0.0269413 0.0294919 0.0026288 0.0214660 0.0000000 0.0000000 0.0510108 0.0406804 0.0000000 0.0046975 0.0840108 0.0144161
147 L 147 0.8961433 0.0000000 0.0000000 0.0000000 0.0282406 0.0000000 0.0000000 0.0040752 0.0000000 0.0030761 0.0308657 0.0000000 0.0000000 0.0020436 0.0000000 0.0039370 0.0011811 0.0000000 0.0000000 0.0160212 0.0144161
148 E 148 0.2892401 0.2106062 0.0098156 0.0022881 0.0067071 0.0284711 0.1810309 0.0089706 0.0351367 0.0029562 0.0029879 0.1070439 0.0066155 0.0000000 0.0000000 0.0126994 0.0579462 0.0049880 0.0050621 0.0233288 0.0041055
149 A 149 0.3138229 0.0014296 0.0225070 0.0719070 0.0017376 0.0218457 0.1000076 0.0339790 0.0048632 0.0099522 0.0765305 0.0017424 0.0383143 0.0283045 0.0000000 0.2177500 0.0136511 0.0000000 0.0164260 0.0223428 0.0028867
150 Y 150 0.0260289 0.0343691 0.0023481 0.0000000 0.0017120 0.0394298 0.1867884 0.0000000 0.0737114 0.0673624 0.3268429 0.0658621 0.1086433 0.0193381 0.0000000 0.0009147 0.0042743 0.0000000 0.0292813 0.0105955 0.0024979
151 G 151 0.0000000 0.0136062 0.0291413 0.0151901 0.0000000 0.0099073 0.0294671 0.8497224 0.0000000 0.0000000 0.0000000 0.0494612 0.0000000 0.0000000 0.0000000 0.0035043 0.0000000 0.0000000 0.0000000 0.0000000 0.0000000
152 L 152 0.0000000 0.0000000 0.0000000 0.0000000 0.0000000 0.0000000 0.0000000 0.0000000 0.0000000 0.2510670 0.3926247 0.0000000 0.0026308 0.0222402 0.0000000 0.0000000 0.0000000 0.0251228 0.2001222 0.1061923 0.0000000
153 G 153 0.0386822 0.0000000 0.0082587 0.5237610 0.0000000 0.0133808 0.0210670 0.3710519 0.0042543 0.0000000 0.0000000 0.0000000 0.0000000 0.0000000 0.0000000 0.0123322 0.0030324 0.0000000 0.0000000 0.0041795 0.0000000
154 S 154 0.1261531 0.0000000 0.0000000 0.0000000 0.0043996 0.0000000 0.0000000 0.0461447 0.0000000 0.0670824 0.0101425 0.0000000 0.0306309 0.0015291 0.0000000 0.3314476 0.3130007 0.0000000 0.0000000 0.0694694 0.0000000
155 V 155 0.0091880 0.0000000 0.0736442 0.0000000 0.5173458 0.0000000 0.0000000 0.1066195 0.0210106 0.0040645 0.0077475 0.0013799 0.0000000 0.0000000 0.0000000 0.0119542 0.0982081 0.0000000 0.0000000 0.1488378 0.0000000
156 P 156 0.0450145 0.0000000 0.0000000 0.0000000 0.0050063 0.0000000 0.0000000 0.0000000 0.0000000 0.0352403 0.0062602 0.0000000 0.0178984 0.0313540 0.5553022 0.0010006 0.0061732 0.1916368 0.1018803 0.0032332 0.0000000
157 M 157 0.0035424 0.0000000 0.0019762 0.0000000 0.0000000 0.0035527 0.0000000 0.0000000 0.0000000 0.3826852 0.0451425 0.0000000 0.3729975 0.0032667 0.0000000 0.0018416 0.0039409 0.0022096 0.0017194 0.1771252 0.0000000
158 L 158 0.0312797 0.0058650 0.0033263 0.0521247 0.0036117 0.0091511 0.3182931 0.3696473 0.0012444 0.0456375 0.0247760 0.0018698 0.0080958 0.0000000 0.0000000 0.1025741 0.0126358 0.0000000 0.0000000 0.0098678 0.0000000
159 G 159 0.0561027 0.0030723 0.0051221 0.0000000 0.0000000 0.0000000 0.0034071 0.7167381 0.0017315 0.0532691 0.0503821 0.0000000 0.0134462 0.0299192 0.0000000 0.0218055 0.0105948 0.0245092 0.0028562 0.0070440 0.0000000
160 F 160 0.0095204 0.0000000 0.0362471 0.0030723 0.0000000 0.0000000 0.0000000 0.0022096 0.0000000 0.1022491 0.0288593 0.0000000 0.0119474 0.6903716 0.0000000 0.0000000 0.0000000 0.0033263 0.0903896 0.0218073 0.0000000
161 D 161 0.0102654 0.0311599 0.1864451 0.4607468 0.0010398 0.0293529 0.1017476 0.0031411 0.0442825 0.0164195 0.0096256 0.0154133 0.0028139 0.0011193 0.0018733 0.0344679 0.0218913 0.0000000 0.0121307 0.0160640 0.0000000
162 P 162 0.1186312 0.0454677 0.0328192 0.0092538 0.0015713 0.0583349 0.1204315 0.0028280 0.0274783 0.0404124 0.0189075 0.1109549 0.0086924 0.0448609 0.2323741 0.0271600 0.0105264 0.0000000 0.0609220 0.0283736 0.0000000
163 E 163 0.1736712 0.0290163 0.0240883 0.2547122 0.0011380 0.0733359 0.2511401 0.0132150 0.0063488 0.0011865 0.0021525 0.0653190 0.0000000 0.0000000 0.0249917 0.0340352 0.0278308 0.0000000 0.0000000 0.0178184 0.0000000
164 R 164 0.2457953 0.0413745 0.0113541 0.0286908 0.0000000 0.0958839 0.1670911 0.0328420 0.0094815 0.0146896 0.0216544 0.2653768 0.0111886 0.0000000 0.0054964 0.0081772 0.0149004 0.0015123 0.0017368 0.0212638 0.0014904
165 V 165 0.0243924 0.0000000 0.0000000 0.0000000 0.0043168 0.0000000 0.0000000 0.0000000 0.0000000 0.1572931 0.2056572 0.0000000 0.0614984 0.0540769 0.0000000 0.0000000 0.0177001 0.0000000 0.0582197 0.4168453 0.0000000
166 R 166 0.1608298 0.1127483 0.0878629 0.1717062 0.0088046 0.0163021 0.0411944 0.0476286 0.0221924 0.0591305 0.0079683 0.1061617 0.0093597 0.0000000 0.0000000 0.0763086 0.0345902 0.0000000 0.0000000 0.0372117 0.0000000
167 A 167 0.0734869 0.0895545 0.0131006 0.0811114 0.0000000 0.0810635 0.4031397 0.0103879 0.0074559 0.0000000 0.0033912 0.1631511 0.0013277 0.0000000 0.0164085 0.0203959 0.0336748 0.0000000 0.0000000 0.0023502 0.0000000
168 I 168 0.1342889 0.0052620 0.0000000 0.0011718 0.0034613 0.0067510 0.0855903 0.0055528 0.0041317 0.2788770 0.2731747 0.0055696 0.0045801 0.0209067 0.0000000 0.0025079 0.0413663 0.0021865 0.0174850 0.1071364 0.0000000
169 L 169 0.0000000 0.0000000 0.0000000 0.0000000 0.0016332 0.0000000 0.0000000 0.0000000 0.0000000 0.0582514 0.7261272 0.0000000 0.0098808 0.1862025 0.0000000 0.0000000 0.0000000 0.0000000 0.0043598 0.0135450 0.0000000
170 G 170 0.0316735 0.0318597 0.2019708 0.0834320 0.0000000 0.0518426 0.0768275 0.4046276 0.0322612 0.0011999 0.0048643 0.0530066 0.0000000 0.0015497 0.0000000 0.0225896 0.0000000 0.0000000 0.0011143 0.0000000 0.0011808
171 L 171 0.0119944 0.0012606 0.0000000 0.0028773 0.0029651 0.0024983 0.0120838 0.0000000 0.0000000 0.2269870 0.6315533 0.0022340 0.0308872 0.0052540 0.0000000 0.0000000 0.0051991 0.0042551 0.0047344 0.0506169 0.0045995
172 P 172 0.0269636 0.0318579 0.0120706 0.1495910 0.0000000 0.0052609 0.0432863 0.0174288 0.0000000 0.0000000 0.0047152 0.0497718 0.0000000 0.0064896 0.5677384 0.0403483 0.0382017 0.0000000 0.0000000 0.0000000 0.0062759
173 S 173 0.0782150 0.0138340 0.0210860 0.1969704 0.0000000 0.0320687 0.3513385 0.0232955 0.0153016 0.0000000 0.0091443 0.1146020 0.0037282 0.0009974 0.0532441 0.0658998 0.0115844 0.0000000 0.0037864 0.0021031 0.0028004
174 R 174 0.0037299 0.1687295 0.1058936 0.1081462 0.0000000 0.0536783 0.0658795 0.1245899 0.1184936 0.0000000 0.0407167 0.0986804 0.0000000 0.0095600 0.0077336 0.0240792 0.0233095 0.0000000 0.0417783 0.0000000 0.0050020
175 A 175 0.0406296 0.0106892 0.0018195 0.0039844 0.0082911 0.0148357 0.0526068 0.0721062 0.0572516 0.0524847 0.1068932 0.0195860 0.0029638 0.0853562 0.0000000 0.0095300 0.0301623 0.0208688 0.2332296 0.1751921 0.0015191
176 A 176 0.0573628 0.1301861 0.0084966 0.0223555 0.0000000 0.0320975 0.0803617 0.0712709 0.0150212 0.0764885 0.0776317 0.0570797 0.0134822 0.0468372 0.0015511 0.0093934 0.0335623 0.0143147 0.0671880 0.1824745 0.0028444
177 I 177 0.0374649 0.0000000 0.0036496 0.0039417 0.0061053 0.0000000 0.0000000 0.0014575 0.0010731 0.1263110 0.0321031 0.0000000 0.0071309 0.0102482 0.4550107 0.1143383 0.0301847 0.0000000 0.0000000 0.1694620 0.0015191
178 P 178 0.1115853 0.0000000 0.0020436 0.0000000 0.0203795 0.0011685 0.0156873 0.0192365 0.0000000 0.0900847 0.0884579 0.0000000 0.0110759 0.0013709 0.0169578 0.1053447 0.0546709 0.0000000 0.0000000 0.4619364 0.0000000
179 A 179 0.2203479 0.0000000 0.0026579 0.0000000 0.0383467 0.0025120 0.0015511 0.0295908 0.0000000 0.0224244 0.1103773 0.0000000 0.1963871 0.0968402 0.0091202 0.0389060 0.0278743 0.0000000 0.0112875 0.1905100 0.0012666
180 L 180 0.0538232 0.0000000 0.0019409 0.0026964 0.0012290 0.0000000 0.0000000 0.1362459 0.0000000 0.1339631 0.2539865 0.0000000 0.1819569 0.0305961 0.0000000 0.0022536 0.0307003 0.0085147 0.0537520 0.1072504 0.0010909
