  205         A         R         N         D         C         Q         E         G         H         I         L         K         M         F         P         S         T         W         Y         V    
  1 M   1 0.0000000 0.0000000 0.0000000 0.0000000 0.0000000 0.0000000 0.0000000 0.0000000 0.0000000 0.0000000 0.0000000 0.0000000 1.0000000 0.0000000 0.0000000 0.0000000 0.0000000 0.0000000 0.0000000 0.0000000
  2 E   2 0.0203317 0.0061690 0.2868264 0.0157717 0.0000000 0.0221713 0.0867818 0.0000000 0.0000000 0.0179618 0.0051442 0.0219284 0.0128154 0.0167843 0.0127627 0.1664489 0.3081025 0.0000000 0.0000000 0.0000000
  3 A   3 0.0336174 0.0053485 0.1242591 0.0175812 0.0000000 0.1040236 0.1235075 0.0143570 0.0255145 0.0058609 0.0072483 0.0924092 0.1461689 0.0000000 0.0655013 0.0576581 0.1567555 0.0000000 0.0000000 0.0201889
  4 T   4 0.0254381 0.0040667 0.0720860 0.0122393 0.0000000 0.0358090 0.0726964 0.0000000 0.0124013 0.0914437 0.0250143 0.0626197 0.0185242 0.0081723 0.0505458 0.0981955 0.3920105 0.0000000 0.0000000 0.0187372
  5 L   5 0.0431811 0.0190691 0.0366928 0.0261644 0.0000000 0.0811689 0.0109790 0.0000000 0.0150695 0.2568385 0.1486838 0.0333416 0.1402595 0.0289627 0.0043338 0.0179381 0.0759453 0.0000000 0.0170420 0.0443298
  6 P   6 0.0227453 0.0121508 0.0892624 0.0645410 0.0000000 0.0550549 0.0587149 0.0000000 0.0191172 0.0535088 0.0372989 0.1193781 0.0316095 0.0046033 0.0846123 0.1057160 0.1924720 0.0000000 0.0068296 0.0423851
  7 V   7 0.0373348 0.0250880 0.0784655 0.0112430 0.0000000 0.0274209 0.0223988 0.0000000 0.0108592 0.0304461 0.0158168 0.1459340 0.3284037 0.0038497 0.0544952 0.0498658 0.1280784 0.0107088 0.0028506 0.0167408
  8 L   8 0.0256707 0.0057563 0.2151859 0.0069691 0.0000000 0.0457738 0.0395271 0.0000000 0.0013960 0.0141967 0.0442606 0.0452094 0.4708310 0.0000000 0.0027482 0.0525440 0.0299313 0.0000000 0.0000000 0.0000000
  9 D   9 0.0214478 0.0000000 0.1379221 0.3371688 0.0000000 0.0836940 0.1956774 0.0041164 0.0152413 0.0000000 0.0000000 0.0401508 0.0000000 0.0000000 0.0250396 0.0840354 0.0537312 0.0000000 0.0000000 0.0017752
 10 A  10 0.0227894 0.0000000 0.0021500 0.0000000 0.0055098 0.0022810 0.0000000 0.0000000 0.0016503 0.1608182 0.1986116 0.0000000 0.0065911 0.2390387 0.0000000 0.0041936 0.1071973 0.0000000 0.0124207 0.2367484
 11 K  11 0.0233254 0.0168506 0.0229183 0.0080660 0.0039768 0.0160721 0.0248747 0.0044451 0.0211154 0.1938901 0.2985349 0.0787613 0.0314776 0.0691741 0.0035476 0.0314293 0.0296926 0.0017780 0.0984141 0.0216560
 12 T  12 0.0201369 0.0680515 0.0494824 0.2260877 0.0000000 0.0707244 0.3500898 0.0044641 0.0084319 0.0013804 0.0009788 0.0995375 0.0000000 0.0019963 0.0013726 0.0482788 0.0443489 0.0000000 0.0018708 0.0027673
 13 A  13 0.3471763 0.0036439 0.0235235 0.0117699 0.0152453 0.0154668 0.0070728 0.0029470 0.0086809 0.1013904 0.1416457 0.0247933 0.0014113 0.0076212 0.0011427 0.0295952 0.0788442 0.0000000 0.0024348 0.1755949
 14 A  14 0.0493064 0.0010261 0.0138503 0.0000000 0.0013938 0.0099537 0.0000000 0.0000000 0.0011707 0.3499640 0.2840021 0.0000000 0.0906611 0.0911031 0.0000000 0.0033172 0.0084983 0.0028129 0.0225577 0.0703827
 15 L  15 0.0256061 0.1005645 0.1116586 0.0209142 0.0036529 0.1038298 0.0873918 0.0075965 0.0541779 0.0085522 0.0981625 0.2035150 0.0144649 0.0463722 0.0000000 0.0308824 0.0437527 0.0000000 0.0335291 0.0053766
 16 K  16 0.0438341 0.0260711 0.0878560 0.0261858 0.0015031 0.0591323 0.1426213 0.0634185 0.0099578 0.0000000 0.0042749 0.0772268 0.0041122 0.0873313 0.0000000 0.1417530 0.0742031 0.1291228 0.0202601 0.0011358
 17 R  17 0.0000000 0.8652170 0.0000000 0.0000000 0.0000000 0.0019397 0.0000000 0.0000000 0.1275387 0.0000000 0.0000000 0.0019778 0.0000000 0.0000000 0.0000000 0.0033269 0.0000000 0.0000000 0.0000000 0.0000000
 18 R  18 0.0115236 0.5052568 0.0000000 0.0000000 0.0059711 0.0124566 0.0021484 0.0000000 0.1373217 0.0035470 0.0000000 0.0407680 0.0013575 0.0070929 0.0000000 0.0193769 0.0233627 0.0000000 0.2079818 0.0218351
 19 S  19 0.3418045 0.0000000 0.0033297 0.0916614 0.0000000 0.0000000 0.0000000 0.0000000 0.0000000 0.0000000 0.0000000 0.0000000 0.0000000 0.0000000 0.0000000 0.5119319 0.0512725 0.0000000 0.0000000 0.0000000
 20 I  20 0.0511617 0.0000000 0.0023438 0.0027007 0.0757164 0.0000000 0.0051388 0.0016863 0.0000000 0.2982018 0.0047712 0.0000000 0.0257746 0.0025086 0.0000000 0.0027701 0.2311605 0.0000000 0.0054526 0.2906130
 21 R  21 0.0000000 0.5417735 0.0320961 0.0016089 0.0000000 0.0024048 0.0000000 0.0026732 0.0052900 0.0000000 0.0000000 0.3969907 0.0015407 0.0000000 0.0062762 0.0044248 0.0049211 0.0000000 0.0000000 0.0000000
 22 R  22 0.0925334 0.0780624 0.0538523 0.0048335 0.0000000 0.0803768 0.0615051 0.0071381 0.0912085 0.0110570 0.0165532 0.2982803 0.0023459 0.0177660 0.0000000 0.0837557 0.0170748 0.0000000 0.0310839 0.0525731
 23 Y  23 0.0000000 0.0000000 0.0000000 0.0000000 0.0000000 0.0000000 0.0000000 0.0000000 0.0000000 0.0000000 0.0025226 0.0000000 0.0408471 0.6028566 0.0000000 0.0000000 0.0000000 0.0018896 0.3518841 0.0000000
 24 R  24 0.0210299 0.0519779 0.0811287 0.4455229 0.0013352 0.0263373 0.0177156 0.0000000 0.0011380 0.0166763 0.0640697 0.1062491 0.0015021 0.0000000 0.0000000 0.0360474 0.1145267 0.0000000 0.0000000 0.0147433
 25 K  25 0.0496999 0.0096839 0.0536761 0.1606541 0.0000000 0.0214389 0.0791918 0.0708958 0.0032712 0.0000000 0.0022622 0.0392442 0.0000000 0.0000000 0.3524952 0.1196300 0.0378566 0.0000000 0.0000000 0.0000000
 26 D  26 0.0270305 0.0997454 0.0628439 0.1741316 0.0017749 0.0614228 0.1595496 0.0192822 0.0123580 0.0045514 0.0000000 0.2530775 0.0000000 0.0000000 0.0000000 0.0490146 0.0629995 0.0000000 0.0017940 0.0104241
 27 P  27 0.0460047 0.0305499 0.0028092 0.0330291 0.0026928 0.0192156 0.0540362 0.0000000 0.0198082 0.0053610 0.0077455 0.4095413 0.0100375 0.0023142 0.2899633 0.0236610 0.0334629 0.0000000 0.0017644 0.0080033
 28 V  28 0.0000000 0.0000000 0.0000000 0.0000000 0.0000000 0.0000000 0.0000000 0.0000000 0.0000000 0.5329277 0.1256173 0.0000000 0.0414424 0.0044423 0.0000000 0.0000000 0.0000000 0.0000000 0.0000000 0.2955703
 29 P  29 0.0463069 0.0021103 0.0136982 0.0870403 0.0020147 0.0035181 0.0754256 0.0060676 0.0000000 0.0000000 0.0020892 0.0115720 0.0000000 0.0000000 0.3419259 0.3273596 0.0808716 0.0000000 0.0000000 0.0000000
 30 E  30 0.0889993 0.0827771 0.0183015 0.2245681 0.0000000 0.0995241 0.2089812 0.0052749 0.0424391 0.0000000 0.0077667 0.0910871 0.0000000 0.0059561 0.0712683 0.0214157 0.0200553 0.0029771 0.0036893 0.0049192
 31 G  31 0.1007152 0.0028946 0.0184497 0.1332035 0.0000000 0.0336423 0.5643068 0.0255952 0.0064216 0.0014904 0.0011890 0.0404374 0.0000000 0.0000000 0.0060989 0.0475144 0.0145826 0.0000000 0.0000000 0.0034584
 32 L  32 0.0070747 0.0000000 0.0078271 0.2483595 0.0000000 0.0891010 0.1822005 0.0000000 0.0090603 0.0411842 0.0830469 0.1168955 0.0206151 0.0012143 0.0000000 0.0023275 0.0723120 0.0000000 0.0042532 0.1145283
 33 L  33 0.0082137 0.0150833 0.0000000 0.0000000 0.0000000 0.0017597 0.0143466 0.0000000 0.0016092 0.2092633 0.4300617 0.0109869 0.0765345 0.1164947 0.0000000 0.0000000 0.0028197 0.0262717 0.0000000 0.0865551
 34 R  34 0.0898674 0.1009496 0.0929803 0.1518724 0.0000000 0.0888661 0.1718373 0.0114277 0.0338599 0.0122971 0.0487288 0.0719778 0.0107615 0.0026180 0.0000000 0.0268463 0.0667473 0.0000000 0.0058170 0.0125454
 35 E  35 0.0989610 0.1566669 0.0128687 0.0389392 0.0031403 0.0838321 0.2206720 0.0030889 0.0046445 0.0149273 0.0245010 0.0866926 0.0051883 0.0584412 0.0013627 0.0207708 0.1034115 0.0015584 0.0401265 0.0202060
 36 I  36 0.0137233 0.0000000 0.0000000 0.0000000 0.0151457 0.0000000 0.0000000 0.0000000 0.0000000 0.5182445 0.3251848 0.0000000 0.0553548 0.0029347 0.0000000 0.0000000 0.0026541 0.0000000 0.0000000 0.0667580
 37 L  37 0.0055723 0.0028308 0.0000000 0.0000000 0.0000000 0.0030450 0.0182518 0.0000000 0.0014198 0.1621473 0.6124275 0.0532785 0.0233874 0.0394506 0.0014089 0.0013914 0.0000000 0.0000000 0.0009554 0.0744333
 38 E  38 0.0328224 0.0711324 0.0357538 0.1040503 0.0011771 0.0724402 0.5092344 0.0075917 0.0106553 0.0022449 0.0064636 0.0506312 0.0037198 0.0000000 0.0000000 0.0383824 0.0435963 0.0021998 0.0035120 0.0043923
 39 A  39 0.4706900 0.0026791 0.0021253 0.0118647 0.0315915 0.0104087 0.0633774 0.0084208 0.0056491 0.0471969 0.1384442 0.0179461 0.0116613 0.0058338 0.0000000 0.0761978 0.0667911 0.0000000 0.0052169 0.0239053
 40 A  40 0.5719343 0.0000000 0.0000000 0.0000000 0.0000000 0.0000000 0.0000000 0.1957957 0.0000000 0.0325589 0.0730510 0.0000000 0.0000000 0.0167275 0.0000000 0.0167728 0.0441768 0.0000000 0.0000000 0.0489830
 41 L  41 0.0295714 0.3204479 0.0438275 0.0000000 0.0074191 0.1232106 0.0089928 0.0088300 0.1096984 0.0475856 0.0533922 0.0198913 0.0185596 0.0086302 0.0000000 0.0402881 0.0979819 0.0210323 0.0009782 0.0396629
 42 R  42 0.0618564 0.0606319 0.0126879 0.0016004 0.0031335 0.0525630 0.0032919 0.0070837 0.0679509 0.0108388 0.4732378 0.0332088 0.0378916 0.0237568 0.0000000 0.0444764 0.0546038 0.0231156 0.0271331 0.0009376
 43 A  43 0.6672244 0.0000000 0.0000000 0.0000000 0.0017983 0.0000000 0.0000000 0.0032162 0.0000000 0.0000000 0.0000000 0.0000000 0.0037794 0.0000000 0.0000000 0.2612815 0.0609030 0.0000000 0.0000000 0.0017972
 44 P  44 0.0798858 0.0000000 0.0000000 0.0000000 0.0000000 0.0016592 0.0000000 0.0017822 0.0000000 0.0000000 0.0000000 0.0000000 0.0000000 0.0000000 0.8296126 0.0808161 0.0036205 0.0000000 0.0000000 0.0026236
 45 S  45 0.0000000 0.0000000 0.0169109 0.0000000 0.0025788 0.0000000 0.0000000 0.0000000 0.0000000 0.0000000 0.0000000 0.0000000 0.0000000 0.0000000 0.0000000 0.7664954 0.2140149 0.0000000 0.0000000 0.0000000
 46 A  46 0.1967413 0.0000000 0.0000000 0.0084835 0.0071736 0.0000000 0.0000000 0.0562027 0.0000000 0.0000000 0.0000000 0.0039382 0.0138013 0.0000000 0.0000000 0.5795844 0.0093457 0.0283682 0.0000000 0.0963609
 47 W  47 0.0295108 0.0049255 0.0323092 0.0033316 0.0326354 0.0000000 0.0000000 0.1580904 0.0220894 0.0502601 0.0397960 0.0146793 0.0140000 0.1691375 0.0000000 0.1677048 0.0255700 0.0427168 0.0899349 0.1033084
 48 N  48 0.0000000 0.0000000 0.5335415 0.0000000 0.0000000 0.0000000 0.0000000 0.2881920 0.0435332 0.0000000 0.0061428 0.0000000 0.0071765 0.0935361 0.0000000 0.0031453 0.0022301 0.0000000 0.0225025 0.0000000
 49 L  49 0.0184818 0.0142646 0.0018156 0.0000000 0.0022010 0.0079838 0.0000000 0.0185252 0.0038134 0.1026294 0.4363490 0.0056396 0.1591009 0.0518727 0.0000000 0.1071796 0.0226840 0.0012050 0.0067813 0.0394731
 50 Q  50 0.0000000 0.0000000 0.0000000 0.0000000 0.0000000 0.8453713 0.1546287 0.0000000 0.0000000 0.0000000 0.0000000 0.0000000 0.0000000 0.0000000 0.0000000 0.0000000 0.0000000 0.0000000 0.0000000 0.0000000
 51 P  51 0.0837126 0.0000000 0.0406028 0.0043772 0.0364810 0.0322047 0.0070414 0.0141927 0.0886489 0.0000000 0.0394873 0.0000000 0.0033971 0.0013487 0.6005643 0.0304696 0.0076339 0.0000000 0.0000000 0.0098376
 52 W  52 0.0094277 0.0109316 0.0027725 0.0000000 0.0094476 0.0030770 0.0000000 0.0037989 0.0000000 0.0123970 0.0049051 0.0000000 0.0000000 0.0472123 0.0000000 0.0057730 0.0292533 0.6806313 0.1416331 0.0387395
 53 R  53 0.0030581 0.3423016 0.0375217 0.0460101 0.0000000 0.0389837 0.0671391 0.0000000 0.0969308 0.0000000 0.0000000 0.1868439 0.0015364 0.0049612 0.0000000 0.1414154 0.0281641 0.0000000 0.0051342 0.0000000
 54 I  54 0.0000000 0.0000000 0.0000000 0.0000000 0.0000000 0.0000000 0.0000000 0.0000000 0.0026531 0.1541604 0.0687508 0.0000000 0.0078441 0.6030406 0.0034097 0.0000000 0.0000000 0.0000000 0.0298016 0.1303398
 55 V  55 0.0155000 0.0010547 0.0000000 0.0016884 0.0000000 0.0021887 0.0011521 0.0000000 0.0038973 0.3399755 0.2139216 0.0160954 0.0127295 0.0418646 0.0000000 0.0000000 0.0071657 0.0000000 0.0269136 0.3158528
 56 V  56 0.0537462 0.0738574 0.0050408 0.0052365 0.0000000 0.0078181 0.0045606 0.0188464 0.0085930 0.1100551 0.0531877 0.0011771 0.0048041 0.0050427 0.0000000 0.0026535 0.0085262 0.0056916 0.0047320 0.6264310
 57 V  57 0.0430856 0.0000000 0.0013598 0.0000000 0.0023958 0.0000000 0.0000000 0.0000000 0.0000000 0.2927568 0.0693507 0.0000000 0.0000000 0.0174402 0.0016674 0.0000000 0.0324801 0.0000000 0.0000000 0.5394636
 58 R  58 0.0022847 0.1770777 0.0106729 0.1072753 0.0000000 0.1630682 0.1158127 0.0073043 0.0156228 0.0023718 0.0047383 0.1153716 0.0030481 0.0028075 0.0000000 0.0684682 0.1936547 0.0014078 0.0028537 0.0061594
 59 D  59 0.0036988 0.0086236 0.2244443 0.4355878 0.0033035 0.0111765 0.0295476 0.0124182 0.0035501 0.0000000 0.0009663 0.0111714 0.0000000 0.0000000 0.0000000 0.1763971 0.0791148 0.0000000 0.0000000 0.0000000
 60 P  60 0.0929421 0.0462795 0.0132777 0.0639371 0.0000000 0.1177613 0.1425780 0.0075843 0.0070020 0.0070416 0.0090543 0.1406965 0.0100407 0.0013261 0.2862772 0.0301565 0.0100580 0.0000000 0.0022270 0.0117602
 61 A  61 0.1964810 0.0059023 0.0202052 0.1006740 0.0000000 0.0368282 0.4824065 0.0180920 0.0067773 0.0035026 0.0038791 0.0493131 0.0000000 0.0015124 0.0063252 0.0259880 0.0329803 0.0000000 0.0000000 0.0091327
 62 T  62 0.0594165 0.0413121 0.0236279 0.0091898 0.0000000 0.0391523 0.0081513 0.0940708 0.0040553 0.0938825 0.3022624 0.1008553 0.0419118 0.0032314 0.0000000 0.0154103 0.0688555 0.0000000 0.0000000 0.0946147
 63 K  63 0.0000000 0.4398109 0.0073586 0.0000000 0.0000000 0.0337489 0.0000000 0.0000000 0.0000000 0.0133847 0.0256176 0.4779724 0.0021069 0.0000000 0.0000000 0.0000000 0.0000000 0.0000000 0.0000000 0.0000000
 64 R  64 0.1945776 0.0594975 0.0377622 0.0491396 0.0000000 0.1314470 0.3342252 0.0119149 0.0102564 0.0000000 0.0099640 0.1089375 0.0040891 0.0000000 0.0000000 0.0234378 0.0187251 0.0000000 0.0017915 0.0042345
 65 A  65 0.0938125 0.1757376 0.0062679 0.0194655 0.0028183 0.1240441 0.0990924 0.0049498 0.0036790 0.0060493 0.0266106 0.3889614 0.0021992 0.0000000 0.0000000 0.0119364 0.0293520 0.0033882 0.0000000 0.0016359
 66 L  66 0.0091902 0.0000000 0.0000000 0.0000000 0.0015817 0.0000000 0.0000000 0.0000000 0.0000000 0.2439216 0.6168160 0.0000000 0.0455945 0.0138750 0.0000000 0.0000000 0.0022748 0.0000000 0.0000000 0.0667460
 67 R  67 0.2387425 0.1941775 0.0040089 0.0000000 0.0044292 0.0359593 0.0055796 0.0080433 0.0770374 0.0063146 0.0800823 0.1735745 0.0073157 0.0080038 0.0031926 0.0620436 0.0095630 0.0029537 0.0206569 0.0583217
 68 E  68 0.1292480 0.0179913 0.0119187 0.0529633 0.0000000 0.0474651 0.2462255 0.0153847 0.0147868 0.0036682 0.0090853 0.1058130 0.0030044 0.0012446 0.2633682 0.0453681 0.0210319 0.0031627 0.0000000 0.0082703
 69 A  69 0.2622729 0.0023252 0.0026634 0.0049192 0.0253305 0.0055297 0.0104500 0.0069111 0.0253046 0.1401515 0.2128153 0.0040014 0.0035598 0.0599739 0.0037813 0.0137182 0.0119262 0.0030209 0.0484052 0.1529397
 70 A  70 0.4665133 0.0000000 0.0109818 0.0020103 0.0713520 0.0030811 0.0014106 0.0390701 0.0316743 0.0231946 0.0060173 0.0000000 0.0124462 0.0171993 0.0029312 0.2148702 0.0432885 0.0000000 0.0014340 0.0525251
 71 F  71 0.0120227 0.0086164 0.0462203 0.0073324 0.0031816 0.0066208 0.0148244 0.1277582 0.0170408 0.0000000 0.0375665 0.0048738 0.0281907 0.2598977 0.0236910 0.0134690 0.0048753 0.2552822 0.1265844 0.0019518
 72 G  72 0.0115979 0.0295898 0.4348542 0.0992110 0.0011306 0.0122035 0.0390102 0.2908654 0.0224340 0.0000000 0.0010884 0.0236565 0.0075103 0.0010063 0.0028945 0.0159345 0.0000000 0.0000000 0.0045769 0.0024359
 73 Q  73 0.0632664 0.0198035 0.0123873 0.0000000 0.0000000 0.7135827 0.0365809 0.0085399 0.0090412 0.0156038 0.0116690 0.0245703 0.0124665 0.0061946 0.0071740 0.0093182 0.0322650 0.0000000 0.0080447 0.0094919
 74 A  74 0.1684962 0.0910919 0.0300822 0.0150140 0.0013250 0.0737127 0.0813974 0.0341874 0.0131994 0.0089435 0.0247986 0.1146740 0.0066443 0.0010228 0.1697081 0.0778414 0.0385931 0.0025419 0.0324053 0.0143207
 75 H  75 0.0502807 0.0339238 0.0273439 0.0103664 0.0025833 0.4380681 0.0048729 0.0017858 0.0757215 0.0023811 0.0031941 0.1119791 0.0262939 0.0548957 0.0112891 0.0069087 0.0073953 0.0442997 0.0756914 0.0107256
 76 V  76 0.0515022 0.0204953 0.0288655 0.0032302 0.0039800 0.0044548 0.0076993 0.0027588 0.0031116 0.2543076 0.1253367 0.0012291 0.0404953 0.0131547 0.0011897 0.0077688 0.0155427 0.0018121 0.0000000 0.4130658
 77 E  77 0.1278335 0.0400187 0.0038802 0.0877046 0.0012803 0.0083005 0.1555383 0.0131642 0.0061668 0.0110982 0.0776879 0.0766164 0.0208038 0.0069341 0.0305564 0.0497113 0.1997516 0.0000000 0.0141263 0.0688269
 78 E  78 0.0615695 0.0063165 0.0450669 0.2472969 0.0000000 0.0935471 0.1859290 0.0178813 0.0086143 0.0000000 0.0026965 0.0197973 0.0013524 0.0000000 0.0000000 0.0769573 0.2317181 0.0000000 0.0000000 0.0012569
 79 A  79 0.6890253 0.0030820 0.0132900 0.0000000 0.1283674 0.0000000 0.0000000 0.0199206 0.0000000 0.0000000 0.0034100 0.0104037 0.0041648 0.0000000 0.0000000 0.1214948 0.0023279 0.0000000 0.0026071 0.0019064
 80 P  80 0.0979853 0.0055973 0.0023398 0.0041843 0.0011289 0.0172623 0.0121057 0.0330458 0.0000000 0.0011338 0.0034875 0.0015316 0.0025653 0.0000000 0.2332448 0.5768057 0.0033753 0.0000000 0.0025054 0.0017011
 81 V  81 0.2171305 0.0059695 0.0027897 0.0083523 0.0060335 0.0056895 0.0708751 0.0057637 0.3167995 0.0172329 0.0720606 0.0085969 0.0319669 0.0039167 0.0000000 0.0000000 0.0058774 0.0039975 0.0223224 0.1946253
 82 V  82 0.0151876 0.0000000 0.0115588 0.0020048 0.0023939 0.0018138 0.0011767 0.0034545 0.0089484 0.0718540 0.2577538 0.0000000 0.0462919 0.2325969 0.0134363 0.0021628 0.0566096 0.0000000 0.0127561 0.2600002
 83 L  83 0.0032644 0.0046644 0.0000000 0.0030480 0.0000000 0.0000000 0.0122155 0.0027173 0.0000000 0.3057116 0.2726315 0.0143052 0.0099271 0.0861467 0.0059682 0.0024630 0.0024639 0.0126675 0.0022476 0.2595580
 84 V  84 0.1108827 0.0018388 0.0000000 0.0015574 0.0077502 0.0017954 0.0112475 0.0245324 0.0000000 0.1693390 0.1283293 0.0000000 0.0117129 0.0107252 0.0000000 0.0000000 0.0390531 0.0000000 0.0000000 0.4812360
 85 L  85 0.0261459 0.0157669 0.0000000 0.0037956 0.0582717 0.0000000 0.0212340 0.0057610 0.0020852 0.1684220 0.1426732 0.0054508 0.0057391 0.3101154 0.0032318 0.0000000 0.0000000 0.0119735 0.0044096 0.2149244
 86 Y  86 0.1229180 0.0141205 0.0000000 0.0000000 0.3428705 0.0016431 0.0038360 0.0000000 0.0000000 0.0335549 0.2569817 0.0145544 0.0012195 0.0754459 0.0036265 0.0070537 0.0310354 0.0000000 0.0191473 0.0719926
 87 A  87 0.5155333 0.0147159 0.0181170 0.0000000 0.0038655 0.0059194 0.0049169 0.2144643 0.0036717 0.0454481 0.0061765 0.0192194 0.0042304 0.0065036 0.0000000 0.0620978 0.0358927 0.0000000 0.0069713 0.0322563
 88 D  88 0.0126541 0.1120282 0.0482134 0.5234080 0.0000000 0.0350173 0.0435117 0.0060834 0.0108008 0.0041477 0.0060969 0.0881969 0.0059337 0.0035047 0.0020428 0.0061015 0.0153432 0.0545131 0.0124481 0.0099544
 89 L  89 0.0247003 0.0735323 0.0089001 0.0599027 0.0000000 0.0096782 0.0097654 0.0027817 0.0048796 0.0431446 0.2131115 0.0959791 0.0571960 0.0852782 0.0521808 0.0151401 0.1759740 0.0000000 0.0387866 0.0290689
 90 E  90 0.0545721 0.0492988 0.1620824 0.1463478 0.0016219 0.0631993 0.1389309 0.0120663 0.0532322 0.0121469 0.0140308 0.1297921 0.0029407 0.0000000 0.0124854 0.0364409 0.0229631 0.0022854 0.0740883 0.0114748
 91 D  91 0.1896558 0.2021544 0.0598848 0.0743473 0.0063207 0.0201219 0.0210948 0.0178207 0.0081572 0.0449806 0.0264377 0.0800756 0.0156194 0.0253315 0.0222702 0.0478550 0.0084412 0.0016898 0.0857298 0.0420118
 92 A  92 0.1016762 0.0319225 0.0368589 0.0903980 0.0012425 0.0071645 0.0155435 0.0441525 0.0815349 0.0272265 0.0858215 0.0075803 0.0075575 0.0369597 0.0126654 0.1331316 0.1280668 0.0791821 0.0397563 0.0315590
 93 L  93 0.0813811 0.0553917 0.0155158 0.0882615 0.0039081 0.0395139 0.2373348 0.0445313 0.0108161 0.0181892 0.0672376 0.0943762 0.0239324 0.0090361 0.0430475 0.0809569 0.0287811 0.0170150 0.0199961 0.0207775
 94 A  94 0.1274244 0.0553373 0.0354304 0.0475357 0.0000000 0.0899865 0.1948573 0.0289860 0.0129341 0.0139905 0.0216756 0.1940066 0.0049562 0.0209807 0.0144694 0.0596713 0.0287872 0.0009737 0.0249906 0.0230063
 95 H  95 0.0531159 0.1319066 0.0350507 0.0634564 0.0018190 0.0153469 0.0311324 0.0238422 0.0627744 0.2073049 0.0337791 0.0285691 0.0196092 0.0617016 0.0020036 0.0114361 0.0099956 0.0430149 0.1226118 0.0415296
 96 L  96 0.0775630 0.0419578 0.0149880 0.0214772 0.0378783 0.0131661 0.0315180 0.0331179 0.0128277 0.1406409 0.1708284 0.0205075 0.0143699 0.0333235 0.0496900 0.0498864 0.0060438 0.0019323 0.1180362 0.1102470
 97 D  97 0.0775148 0.0408070 0.0656480 0.2504486 0.0000000 0.0759660 0.2027065 0.0729464 0.0055981 0.0013796 0.0144837 0.0539337 0.0025470 0.0033750 0.0389016 0.0563131 0.0296972 0.0000000 0.0000000 0.0077337
 98 E  98 0.0916159 0.1295549 0.0292619 0.0699589 0.0000000 0.0796494 0.1514305 0.0290385 0.0370172 0.0165083 0.0142532 0.0874199 0.0357998 0.0043114 0.0445699 0.0830856 0.0494119 0.0015698 0.0136100 0.0319331
 99 V  99 0.0900650 0.0393869 0.0191309 0.0062447 0.0000000 0.0059250 0.0112350 0.0086653 0.0191695 0.0746621 0.1280652 0.0168694 0.0744189 0.0679919 0.0688364 0.0281488 0.0210652 0.0115892 0.1972693 0.1112613
100 I 100 0.0268790 0.0238105 0.0118038 0.0069009 0.0017112 0.0164352 0.0361003 0.0833517 0.0061872 0.1148297 0.1520794 0.0400078 0.0668394 0.0863976 0.0051864 0.0153091 0.0092356 0.0546326 0.0247081 0.2175944
101 H 101 0.0737729 0.1218936 0.1190434 0.1045794 0.0016482 0.0527873 0.2140443 0.0295185 0.0271101 0.0116460 0.0206954 0.1325139 0.0064231 0.0039872 0.0122107 0.0210728 0.0087679 0.0097993 0.0093002 0.0191859
102 P 102 0.0827806 0.2673472 0.0239583 0.0404278 0.0028223 0.0838195 0.0646726 0.0250009 0.0202253 0.0600925 0.1278089 0.0914611 0.0128052 0.0010742 0.0436260 0.0278151 0.0171031 0.0019482 0.0000000 0.0052112
103 G 103 0.0610405 0.0112413 0.0879795 0.0445490 0.0492527 0.0392094 0.0775514 0.3499289 0.0171135 0.0162793 0.0181463 0.0923595 0.0340830 0.0198700 0.0066401 0.0317204 0.0029701 0.0078308 0.0022106 0.0300235
104 V 104 0.0758185 0.0111583 0.0022169 0.0101775 0.0000000 0.0098176 0.0417911 0.0102732 0.0086277 0.1727260 0.1369505 0.0158024 0.1430846 0.0654822 0.0156976 0.0148744 0.0376117 0.0000000 0.0099049 0.2179851
105 Q 105 0.0732636 0.0150495 0.0104126 0.0308864 0.0013081 0.0459512 0.0924718 0.0169610 0.0039572 0.0364989 0.0179116 0.0924272 0.0364223 0.0098964 0.2431967 0.0817330 0.1748890 0.0033844 0.0081696 0.0052094
106 G 106 0.1015302 0.0315332 0.0680044 0.1257542 0.0510663 0.0593266 0.1404613 0.1075152 0.0208003 0.0127116 0.0240723 0.0570515 0.0024873 0.0022638 0.0910596 0.0202405 0.0434219 0.0000000 0.0133592 0.0273404
107 E 107 0.0564446 0.0019375 0.0171377 0.1690676 0.0029925 0.0289722 0.4242927 0.0859078 0.0121737 0.0379887 0.0148462 0.0137061 0.0175063 0.0135568 0.0246446 0.0249265 0.0231451 0.0000000 0.0088528 0.0219005
108 R 108 0.0578403 0.1338957 0.0267044 0.0699834 0.0000000 0.0461537 0.0783943 0.0507916 0.0072401 0.0612969 0.0461118 0.0462555 0.0434667 0.0240363 0.0389799 0.0651594 0.0352001 0.0026635 0.0313825 0.1344440
109 R 109 0.0740301 0.0958739 0.0147579 0.0271114 0.0032255 0.0448752 0.0581017 0.0177650 0.0090386 0.0678875 0.1504383 0.0943294 0.0378316 0.0292563 0.0430855 0.0368479 0.0851672 0.0274349 0.0329478 0.0499945
110 E 110 0.0746888 0.0900741 0.0348004 0.1721256 0.0393854 0.1022363 0.2385355 0.0205653 0.0025722 0.0068081 0.0141153 0.1165303 0.0043598 0.0080524 0.0030253 0.0251227 0.0209962 0.0000000 0.0045704 0.0214358
111 A 111 0.1182860 0.0594502 0.0617835 0.0565382 0.0000000 0.0676558 0.0575043 0.1584941 0.0015349 0.0154337 0.0271638 0.0785270 0.0241286 0.0652687 0.0409782 0.0617939 0.0404868 0.0028752 0.0410585 0.0210384
112 Q 112 0.0609939 0.0186298 0.0086904 0.0000000 0.0000000 0.0627939 0.0593975 0.1150542 0.0039938 0.0686229 0.0781080 0.0130814 0.0746266 0.1163499 0.0087612 0.0199654 0.0486876 0.0029136 0.2162910 0.0230390
113 K 113 0.0651204 0.1294449 0.0206939 0.0162478 0.0119556 0.0356933 0.0327140 0.0236302 0.0075084 0.0609253 0.1858581 0.0751245 0.0536288 0.0248421 0.0328082 0.0174316 0.0425091 0.0240910 0.0264500 0.1133227
114 Q 114 0.0782210 0.0204235 0.1140774 0.1290594 0.0014753 0.0782132 0.1294459 0.0484714 0.0458087 0.0089422 0.0645316 0.1031277 0.0070117 0.0051424 0.0444068 0.0372643 0.0216566 0.0000000 0.0030411 0.0596799
115 A 115 0.1202180 0.0560123 0.0488275 0.0248900 0.0032006 0.0631417 0.0122529 0.0471006 0.0049948 0.0272322 0.0279844 0.0781914 0.0892424 0.1273179 0.0132054 0.0364136 0.1036999 0.0205432 0.0107341 0.0847970
116 I 116 0.0502154 0.0135444 0.0056457 0.0134989 0.0054400 0.0699666 0.0040185 0.0261383 0.0120871 0.2175735 0.2192204 0.0077789 0.0773515 0.0502988 0.0144875 0.0192831 0.0346013 0.0048498 0.0826484 0.0713521
117 Q 117 0.0741812 0.0986494 0.0232894 0.0592295 0.0039946 0.0397809 0.0887510 0.0364635 0.0165871 0.0637046 0.0958301 0.1524352 0.0334364 0.0168392 0.0311121 0.0226765 0.0594792 0.0013139 0.0269810 0.0552651
118 R 118 0.0731755 0.0887639 0.1298027 0.0670741 0.0000000 0.0608479 0.0641453 0.1798675 0.0188565 0.0032583 0.0088560 0.0657202 0.0011485 0.0012205 0.0874548 0.0981689 0.0381945 0.0000000 0.0033376 0.0101072
119 A 119 0.1123096 0.0259789 0.0447979 0.1003892 0.0000000 0.0216266 0.0499467 0.0504992 0.0250996 0.0209447 0.0840688 0.0246803 0.0391280 0.1363620 0.0147291 0.0671524 0.0569083 0.0013563 0.1072339 0.0167885
120 F 120 0.0253073 0.0308112 0.0043667 0.0120981 0.0020789 0.0333488 0.0093148 0.0089538 0.0166146 0.0757898 0.1109791 0.0148405 0.0260351 0.2166393 0.0129477 0.0173493 0.0249971 0.0057155 0.3015763 0.0502360
121 A 121 0.1226888 0.0498599 0.0528984 0.0401108 0.0032678 0.0566219 0.1183203 0.0615289 0.0723014 0.0203253 0.0314082 0.0874916 0.0100802 0.0109856 0.0647644 0.0480150 0.0346551 0.0047222 0.0429817 0.0669724
122 A 122 0.1257204 0.0142026 0.1231376 0.0608622 0.0013697 0.0709933 0.0532508 0.1345198 0.0144586 0.0250943 0.0598212 0.0477164 0.0161604 0.0090595 0.0465130 0.0818992 0.0419648 0.0000000 0.0011728 0.0720831
123 M 123 0.0789804 0.0974161 0.0245441 0.0606906 0.0012310 0.0355200 0.0228632 0.0360252 0.0200756 0.0181408 0.2061140 0.0982939 0.0720225 0.1068193 0.0125131 0.0071249 0.0206974 0.0036909 0.0634319 0.0138052
124 G 124 0.0062237 0.0105776 0.0846956 0.1826275 0.0000000 0.0147588 0.0351421 0.2312123 0.0364996 0.0000000 0.0074393 0.0052554 0.0000000 0.0025686 0.1011185 0.1731890 0.0740988 0.0049245 0.0268278 0.0028408
125 Q 125 0.0733128 0.1765648 0.0694263 0.0993936 0.0012754 0.0671288 0.2043520 0.0078874 0.0052178 0.0027203 0.0219418 0.0546762 0.0102305 0.0127323 0.0915987 0.0343842 0.0293815 0.0072611 0.0097221 0.0207922
126 E 126 0.0955090 0.1777644 0.0320833 0.0563131 0.0027901 0.1048199 0.2190789 0.0066445 0.0239280 0.0083697 0.0188889 0.0268975 0.0049606 0.0315494 0.0078468 0.0403144 0.0968505 0.0133902 0.0081857 0.0238150
127 A 127 0.1425568 0.0247519 0.0123583 0.0495921 0.0000000 0.0755548 0.1965520 0.0462336 0.0255969 0.0131824 0.0523995 0.0407267 0.0235534 0.0360673 0.0042249 0.0435716 0.1342498 0.0056771 0.0134181 0.0597329
128 R 128 0.0559185 0.0782881 0.0847334 0.0064241 0.0000000 0.1422300 0.0104140 0.0273968 0.0092788 0.0862039 0.2359203 0.0722286 0.0822741 0.0142275 0.0030531 0.0287302 0.0175081 0.0111174 0.0060631 0.0279903
129 K 129 0.0431880 0.1517920 0.0297601 0.0211113 0.0014340 0.0283530 0.0382875 0.0261922 0.0313021 0.0241144 0.0693392 0.1063749 0.0036113 0.2039731 0.0937179 0.0324008 0.0349882 0.0059587 0.0345615 0.0195399
130 A 130 0.0875451 0.0097284 0.0430680 0.3263814 0.0047236 0.0604333 0.1498340 0.0125205 0.0369042 0.0353696 0.1207528 0.0166815 0.0170123 0.0033474 0.0037335 0.0284693 0.0212082 0.0000000 0.0049784 0.0173084
131 W 131 0.0311354 0.0046505 0.0214451 0.0215329 0.0000000 0.0098666 0.1062262 0.0045403 0.0544413 0.0827308 0.0172255 0.0000000 0.0862353 0.0356136 0.0000000 0.0122579 0.0402028 0.3281769 0.0951665 0.0485525
132 A 132 0.4685173 0.0000000 0.0111327 0.0689230 0.0347644 0.0014244 0.0000000 0.0941119 0.0000000 0.0192587 0.0445972 0.0000000 0.0332888 0.0061020 0.0000000 0.0836331 0.0656040 0.0000000 0.0097938 0.0588488
133 S 133 0.2207554 0.0204992 0.0225510 0.0084458 0.0244534 0.0373105 0.0366845 0.0172835 0.0138008 0.0976988 0.1190524 0.0320068 0.0775394 0.0246462 0.0159329 0.1065725 0.0619438 0.0015487 0.0067462 0.0545285
134 G 134 0.0385121 0.2159152 0.0269223 0.0000000 0.0053986 0.0324987 0.0155853 0.0049353 0.0048732 0.0959937 0.0634145 0.2301534 0.0134382 0.0284334 0.0000000 0.0162862 0.0447658 0.0047387 0.0542357 0.1038998
135 Q 135 0.0016998 0.0000000 0.1079360 0.3364997 0.0022829 0.3477338 0.0013435 0.0000000 0.0077096 0.0000000 0.0000000 0.0000000 0.0000000 0.0000000 0.0000000 0.1815296 0.0132651 0.0000000 0.0000000 0.0000000
136 S 136 0.3540130 0.0000000 0.0000000 0.0000000 0.0834817 0.0000000 0.0000000 0.0384616 0.0000000 0.0175423 0.0131731 0.0000000 0.0027532 0.0000000 0.0000000 0.1001240 0.2688935 0.0000000 0.0000000 0.1215575
137 Y 137 0.1807626 0.0000000 0.0083794 0.0032849 0.0111282 0.0000000 0.0000000 0.1951475 0.0089699 0.0071998 0.0230841 0.0000000 0.0173375 0.0152043 0.0000000 0.1516024 0.0258223 0.0000000 0.3122828 0.0397944
138 I 138 0.0258049 0.0000000 0.0000000 0.0000000 0.0628155 0.0000000 0.0000000 0.0000000 0.0000000 0.4177837 0.4202242 0.0000000 0.0382058 0.0309799 0.0000000 0.0000000 0.0000000 0.0000000 0.0014376 0.0027483
139 L 139 0.6771622 0.0000000 0.0212464 0.0000000 0.0043990 0.0000000 0.0000000 0.0268828 0.0000000 0.0058723 0.0129607 0.0000000 0.0517013 0.0481266 0.0062102 0.0415510 0.0076450 0.0086525 0.0081924 0.0793975
140 L 140 0.3337362 0.0000000 0.0000000 0.0000000 0.0225169 0.0034654 0.0015513 0.0245821 0.0000000 0.0729281 0.2650413 0.0000000 0.0605198 0.0416477 0.0000000 0.0450927 0.0239968 0.0000000 0.0013527 0.1035689
141 G 141 0.0969806 0.0000000 0.0011261 0.0108226 0.0000000 0.2529304 0.0833636 0.2713021 0.0000000 0.0000000 0.0027632 0.0000000 0.2124427 0.0000000 0.0000000 0.0284419 0.0375345 0.0000000 0.0010608 0.0012313
142 Y 142 0.0252383 0.0000000 0.4832399 0.0012330 0.0033538 0.1588752 0.0019786 0.0022022 0.0713539 0.0057386 0.0160407 0.0000000 0.0117551 0.0316010 0.0000000 0.0413783 0.1177303 0.0000000 0.0221975 0.0060835
143 L 143 0.0995263 0.0000000 0.0000000 0.0000000 0.0130817 0.0000000 0.0000000 0.0084611 0.0000000 0.0785341 0.4066853 0.0000000 0.2362888 0.1042661 0.0000000 0.0040726 0.0065618 0.0000000 0.0000000 0.0425222
144 L 144 0.0359788 0.0000000 0.0023052 0.0000000 0.0366082 0.0015830 0.0000000 0.0000000 0.0024362 0.0533992 0.2184164 0.0000000 0.4525149 0.0019464 0.0000000 0.0105694 0.0240444 0.0931991 0.0000000 0.0669988
145 L 145 0.0445575 0.0000000 0.0395323 0.0011278 0.0000000 0.0028870 0.0025043 0.0014108 0.0033087 0.0513904 0.5477197 0.0000000 0.0108148 0.0099026 0.0013143 0.0219098 0.1876745 0.0016979 0.0287290 0.0435189
146 L 146 0.5923255 0.0189595 0.0014792 0.0013570 0.0085068 0.0161702 0.0222762 0.0637386 0.0000000 0.0282800 0.0306122 0.0026501 0.0204370 0.0000000 0.0000000 0.0534944 0.0447442 0.0000000 0.0049356 0.0900335
147 L 147 0.9065283 0.0000000 0.0000000 0.0000000 0.0293297 0.0000000 0.0000000 0.0042752 0.0000000 0.0032326 0.0315207 0.0000000 0.0000000 0.0019031 0.0000000 0.0041121 0.0012684 0.0000000 0.0000000 0.0178297
148 E 148 0.3005941 0.2077861 0.0095999 0.0021897 0.0066403 0.0255478 0.1764266 0.0092872 0.0351025 0.0026482 0.0031101 0.1127895 0.0068632 0.0000000 0.0000000 0.0133602 0.0541154 0.0051528 0.0050822 0.0237042
149 A 149 0.3111095 0.0014935 0.0225009 0.0732021 0.0017626 0.0215904 0.1024773 0.0350756 0.0048840 0.0104174 0.0801002 0.0017980 0.0399937 0.0293387 0.0000000 0.2111211 0.0142584 0.0000000 0.0169549 0.0219218
150 Y 150 0.0266343 0.0318036 0.0023513 0.0000000 0.0017808 0.0394183 0.1865873 0.0000000 0.0729280 0.0690633 0.3242937 0.0680554 0.1107800 0.0196960 0.0000000 0.0009548 0.0044844 0.0000000 0.0303424 0.0108264
151 G 151 0.0000000 0.0139873 0.0298791 0.0155234 0.0000000 0.0102404 0.0302362 0.8454168 0.0000000 0.0000000 0.0000000 0.0510984 0.0000000 0.0000000 0.0000000 0.0036185 0.0000000 0.0000000 0.0000000 0.0000000
152 L 152 0.0000000 0.0000000 0.0000000 0.0000000 0.0000000 0.0000000 0.0000000 0.0000000 0.0000000 0.2573679 0.3844321 0.0000000 0.0026008 0.0232766 0.0000000 0.0000000 0.0000000 0.0261797 0.1980179 0.1081251
153 G 153 0.0392996 0.0000000 0.0085796 0.5370005 0.0000000 0.0100713 0.0220169 0.3588725 0.0043034 0.0000000 0.0000000 0.0000000 0.0000000 0.0000000 0.0000000 0.0125008 0.0030794 0.0000000 0.0000000 0.0042760
154 S 154 0.1306857 0.0000000 0.0000000 0.0000000 0.0044533 0.0000000 0.0000000 0.0422640 0.0000000 0.0623029 0.0097092 0.0000000 0.0282234 0.0015281 0.0000000 0.3377909 0.3133249 0.0000000 0.0000000 0.0697176
155 V 155 0.0082700 0.0000000 0.0792181 0.0000000 0.5162219 0.0000000 0.0000000 0.1044553 0.0216995 0.0041490 0.0078896 0.0014329 0.0000000 0.0000000 0.0000000 0.0121711 0.1002004 0.0000000 0.0000000 0.1442921
156 P 156 0.0463460 0.0000000 0.0000000 0.0000000 0.0048816 0.0000000 0.0000000 0.0000000 0.0000000 0.0350019 0.0064461 0.0000000 0.0182605 0.0311353 0.5650776 0.0010153 0.0064000 0.1885877 0.0935378 0.0033103
157 M 157 0.0036630 0.0000000 0.0019484 0.0000000 0.0000000 0.0034298 0.0000000 0.0000000 0.0000000 0.3790695 0.0447960 0.0000000 0.3796046 0.0033297 0.0000000 0.0018622 0.0039463 0.0023146 0.0017027 0.1743332
158 L 158 0.0315164 0.0061716 0.0033975 0.0502332 0.0036090 0.0094622 0.3273207 0.3618255 0.0012766 0.0468293 0.0246958 0.0019379 0.0082390 0.0000000 0.0000000 0.1003905 0.0129854 0.0000000 0.0000000 0.0101095
159 G 159 0.0552687 0.0030926 0.0051445 0.0000000 0.0000000 0.0000000 0.0030542 0.7204353 0.0017253 0.0534048 0.0480575 0.0000000 0.0135989 0.0298144 0.0000000 0.0216052 0.0107096 0.0241948 0.0030383 0.0068560
160 F 160 0.0094026 0.0000000 0.0342427 0.0030926 0.0000000 0.0000000 0.0000000 0.0022765 0.0000000 0.0956759 0.0290299 0.0000000 0.0123816 0.6941342 0.0000000 0.0000000 0.0000000 0.0033975 0.0945554 0.0218111
161 D 161 0.0106337 0.0306445 0.1833511 0.4668127 0.0010356 0.0295753 0.0987098 0.0031625 0.0454305 0.0165054 0.0099798 0.0156319 0.0029480 0.0011406 0.0019446 0.0334156 0.0213475 0.0000000 0.0119325 0.0157984
162 P 162 0.1222698 0.0470671 0.0333637 0.0092785 0.0015661 0.0577512 0.1214742 0.0029237 0.0282919 0.0386921 0.0177267 0.1087197 0.0089909 0.0467162 0.2295100 0.0268803 0.0107366 0.0000000 0.0609155 0.0271259
163 E 163 0.1724085 0.0292831 0.0241760 0.2495067 0.0011923 0.0746168 0.2549278 0.0133286 0.0065086 0.0011952 0.0021433 0.0667103 0.0000000 0.0000000 0.0249292 0.0342920 0.0270294 0.0000000 0.0000000 0.0177522
164 R 164 0.2449659 0.0414879 0.0135239 0.0282928 0.0000000 0.0934754 0.1618310 0.0334288 0.0097887 0.0150812 0.0220541 0.2705274 0.0113347 0.0000000 0.0052313 0.0083147 0.0143866 0.0014826 0.0017926 0.0230003
165 V 165 0.0249065 0.0000000 0.0000000 0.0000000 0.0043868 0.0000000 0.0000000 0.0000000 0.0000000 0.1551698 0.2089761 0.0000000 0.0621444 0.0551891 0.0000000 0.0000000 0.0176457 0.0000000 0.0598691 0.4117125
166 R 166 0.1589563 0.1114800 0.0908356 0.1771412 0.0073814 0.0166821 0.0421334 0.0447980 0.0220473 0.0598390 0.0082946 0.1067812 0.0095739 0.0000000 0.0000000 0.0710072 0.0349428 0.0000000 0.0000000 0.0381057
167 A 167 0.0755967 0.0913285 0.0134789 0.0818266 0.0000000 0.0821970 0.3970968 0.0098474 0.0087561 0.0000000 0.0035109 0.1621554 0.0013502 0.0000000 0.0161024 0.0209253 0.0334119 0.0000000 0.0000000 0.0024160
168 I 168 0.1303535 0.0052471 0.0000000 0.0012008 0.0035253 0.0069275 0.0891429 0.0057249 0.0042265 0.2865753 0.2657355 0.0058267 0.0046723 0.0208402 0.0000000 0.0024685 0.0426681 0.0022672 0.0177511 0.1048464
169 L 169 0.0000000 0.0000000 0.0000000 0.0000000 0.0016751 0.0000000 0.0000000 0.0000000 0.0000000 0.0580587 0.7249973 0.0000000 0.0102610 0.1869484 0.0000000 0.0000000 0.0000000 0.0000000 0.0045248 0.0135348
170 G 170 0.0331829 0.0307212 0.2013482 0.0843276 0.0000000 0.0504406 0.0768427 0.4057143 0.0324739 0.0012673 0.0050753 0.0526250 0.0000000 0.0016405 0.0000000 0.0232376 0.0000000 0.0000000 0.0011029 0.0000000
171 L 171 0.0123184 0.0012682 0.0000000 0.0030715 0.0030658 0.0026231 0.0126017 0.0000000 0.0000000 0.2305452 0.6299039 0.0023492 0.0291834 0.0055301 0.0000000 0.0000000 0.0053659 0.0045080 0.0066642 0.0510013
172 P 172 0.0281115 0.0331808 0.0126743 0.1515909 0.0000000 0.0054830 0.0463680 0.0176628 0.0000000 0.0000000 0.0049523 0.0517418 0.0000000 0.0068625 0.5601034 0.0418079 0.0394607 0.0000000 0.0000000 0.0000000
173 S 173 0.0793791 0.0142039 0.0215403 0.2020509 0.0000000 0.0321743 0.3515968 0.0241767 0.0077226 0.0000000 0.0088541 0.1156424 0.0032604 0.0009961 0.0534243 0.0667288 0.0120432 0.0000000 0.0039913 0.0022147
174 R 174 0.0037773 0.1701187 0.1095432 0.1066844 0.0000000 0.0511652 0.0676805 0.1242817 0.1202108 0.0000000 0.0379823 0.1025909 0.0000000 0.0096174 0.0076077 0.0231086 0.0239755 0.0000000 0.0416557 0.0000000
175 A 175 0.0379810 0.0108366 0.0019120 0.0041237 0.0082374 0.0154762 0.0558596 0.0742675 0.0552658 0.0524139 0.1093437 0.0191949 0.0028835 0.0869651 0.0000000 0.0087837 0.0296424 0.0217610 0.2381077 0.1669444
176 A 176 0.0590149 0.1306878 0.0088466 0.0221778 0.0000000 0.0328304 0.0812470 0.0746995 0.0153178 0.0739572 0.0804373 0.0565201 0.0133919 0.0473867 0.0015235 0.0098494 0.0346393 0.0141618 0.0625495 0.1807615
177 I 177 0.0385089 0.0000000 0.0038496 0.0041121 0.0064022 0.0000000 0.0000000 0.0015318 0.0011250 0.1309784 0.0316547 0.0000000 0.0075163 0.0104383 0.4479918 0.1187026 0.0313443 0.0000000 0.0000000 0.1658441
178 P 178 0.1130484 0.0000000 0.0021423 0.0000000 0.0204297 0.0011934 0.0152007 0.0197350 0.0000000 0.0896084 0.0851908 0.0000000 0.0110647 0.0013230 0.0175292 0.1067286 0.0562569 0.0000000 0.0000000 0.4605490
179 A 179 0.2192587 0.0000000 0.0028060 0.0000000 0.0392072 0.0024025 0.0015248 0.0292171 0.0000000 0.0231167 0.1152872 0.0000000 0.1929975 0.0882922 0.0094672 0.0403186 0.0287200 0.0000000 0.0114393 0.1959451
180 L 180 0.0571811 0.0000000 0.0019050 0.0027227 0.0012899 0.0000000 0.0000000 0.1276344 0.0000000 0.1357163 0.2535364 0.0000000 0.1872081 0.0273880 0.0000000 0.0023996 0.0311003 0.0085661 0.0540428 0.1093093
181 V 181 0.0449225 0.0000000 0.0000000 0.0000000 0.0149147 0.0018477 0.0000000 0.0000000 0.0000000 0.2386091 0.3799020 0.0000000 0.0602553 0.0084759 0.0000000 0.0000000 0.0140335 0.0000000 0.0015661 0.2354734
182 A 182 0.3046233 0.0000000 0.0000000 0.0000000 0.1649494 0.0000000 0.0000000 0.0118590 0.0000000 0.0029477 0.0000000 0.0000000 0.0019009 0.0000000 0.1817447 0.1094262 0.1732025 0.0000000 0.0036630 0.0456833
183 L 183 0.0294732 0.0000000 0.0000000 0.0000000 0.0017201 0.0000000 0.0000000 0.0000000 0.0000000 0.2499810 0.3327301 0.0000000 0.0165583 0.1245839 0.0000000 0.0000000 0.0027631 0.0000000 0.0000000 0.2421903
184 G 184 0.0000000 0.0000000 0.0000000 0.0000000 0.0000000 0.0000000 0.0000000 1.0000000 0.0000000 0.0000000 0.0000000 0.0000000 0.0000000 0.0000000 0.0000000 0.0000000 0.0000000 0.0000000 0.0000000 0.0000000
185 Y 185 0.0000000 0.0166247 0.0000000 0.0000000 0.0000000 0.0062804 0.0260877 0.0000000 0.0922027 0.0044719 0.0000000 0.2098632 0.0000000 0.0152218 0.0000000 0.0027092 0.0027558 0.0214446 0.5776198 0.0247182
186 P 186 0.1483275 0.3259281 0.0016500 0.0000000 0.0021957 0.0040933 0.0125782 0.0403247 0.0215446 0.0018212 0.0021748 0.0303999 0.0031684 0.0039043 0.2684489 0.0339257 0.0133477 0.0000000 0.0000000 0.0861670
187 A 187 0.3102791 0.0094003 0.0342757 0.2685580 0.0000000 0.0085982 0.0316515 0.0233522 0.0128062 0.0202258 0.0424397 0.0466363 0.0024388 0.0000000 0.0000000 0.1118693 0.0298247 0.0000000 0.0000000 0.0476441
188 E 188 0.0569454 0.0390166 0.0342205 0.0891780 0.0000000 0.1232501 0.3762009 0.0286108 0.0147846 0.0032914 0.0047498 0.1076503 0.0030203 0.0014417 0.0346246 0.0330007 0.0271571 0.0000000 0.0000000 0.0228571
189 E 189 0.0486575 0.0169917 0.0748094 0.1900509 0.0036750 0.0569999 0.2718229 0.0151824 0.0058700 0.0052209 0.0069503 0.0536682 0.0049362 0.0011575 0.1111290 0.0741446 0.0393852 0.0035007 0.0020241 0.0138234
