  417         A         R         N         D         C         Q         E         G         H         I         L         K         M         F         P         S         T         W         Y         V    
  1 N   1 0.0000000 0.0000000 0.7398543 0.0000000 0.0000000 0.0000000 0.0000000 0.0000000 0.2601457 0.0000000 0.0000000 0.0000000 0.0000000 0.0000000 0.0000000 0.0000000 0.0000000 0.0000000 0.0000000 0.0000000
  2 P   2 0.0259211 0.0800086 0.0000000 0.0000000 0.0000000 0.0077679 0.0044047 0.0292628 0.0000000 0.0082102 0.0101138 0.0081751 0.0000000 0.0000000 0.7689203 0.0111228 0.0000000 0.0000000 0.0000000 0.0460927
  3 P   3 0.0239413 0.0044177 0.0052756 0.0503332 0.0000000 0.0020453 0.1090837 0.0141532 0.0079172 0.0000000 0.0000000 0.0110695 0.0020869 0.0000000 0.6555778 0.0151580 0.0117814 0.0000000 0.0000000 0.0871592
  4 P   4 0.0493091 0.0089091 0.0060791 0.0034659 0.0000000 0.0636684 0.0382072 0.0329853 0.0000000 0.0000000 0.0291220 0.0547273 0.0030007 0.0099384 0.4414982 0.2278123 0.0282678 0.0000000 0.0000000 0.0030092
  5 P   5 0.0229139 0.0378749 0.0060053 0.0102752 0.0000000 0.0859502 0.0201062 0.0039217 0.0083305 0.0108432 0.0446104 0.0651609 0.0000000 0.0000000 0.5227588 0.1025542 0.0385342 0.0000000 0.0034845 0.0166759
  6 E   6 0.0748278 0.0534044 0.0121150 0.0477544 0.0000000 0.0253636 0.2965689 0.0187995 0.0238041 0.0010951 0.0105365 0.0825478 0.0018690 0.0027920 0.0190077 0.1778021 0.0845558 0.0000000 0.0076199 0.0595366
  7 T   7 0.0520861 0.0186970 0.0210984 0.0266341 0.0024712 0.0240168 0.0705661 0.0402007 0.0377056 0.0170635 0.0374768 0.0472075 0.0493378 0.0505267 0.1254751 0.1150039 0.1110761 0.0026660 0.0737330 0.0769578
  8 S   8 0.0309040 0.0524852 0.0265906 0.0684553 0.0073616 0.0143191 0.0116305 0.0448535 0.0105609 0.1089330 0.0466393 0.1260880 0.0024066 0.0019174 0.1431031 0.1918996 0.0728478 0.0006832 0.0093630 0.0289582
  9 N   9 0.0690403 0.1292575 0.1867979 0.0574935 0.0015485 0.0773841 0.0724688 0.0295180 0.0202219 0.0013931 0.0178842 0.0710138 0.0218257 0.0087805 0.0662319 0.0889728 0.0331328 0.0000000 0.0301556 0.0168791
 10 P  10 0.0576087 0.0986605 0.0285288 0.0145324 0.0184056 0.0076557 0.0174798 0.0554021 0.0067036 0.0045154 0.0307330 0.0890378 0.0025015 0.0000000 0.3146532 0.1465644 0.0640798 0.0094312 0.0017012 0.0318051
 11 N  11 0.0629860 0.1027255 0.1071515 0.0366574 0.0077634 0.0500433 0.0285312 0.1339213 0.0175450 0.0129383 0.0113457 0.2003318 0.0032525 0.0018482 0.0292023 0.1068864 0.0500536 0.0000000 0.0152133 0.0216034
 12 K  12 0.0233149 0.2491376 0.0207556 0.0073236 0.0013572 0.0275204 0.0310039 0.0099647 0.0041803 0.0010955 0.0409056 0.4490023 0.0057100 0.0019139 0.0145712 0.0806379 0.0195521 0.0000000 0.0014045 0.0106488
 13 P  13 0.0222035 0.0962657 0.0450988 0.0074737 0.0051803 0.0442097 0.0572061 0.0138220 0.0132671 0.0025742 0.0022743 0.2141266 0.0137766 0.0000000 0.3027910 0.0983347 0.0289327 0.0025033 0.0093498 0.0206097
 14 K  14 0.0266997 0.1036321 0.0259276 0.0070053 0.0016097 0.0242318 0.0244980 0.2786312 0.0020787 0.0475579 0.0234965 0.2246227 0.0253048 0.0071062 0.0501740 0.0437110 0.0491835 0.0000000 0.0039459 0.0305835
 15 R  15 0.0084609 0.4276489 0.0310093 0.0015043 0.0177701 0.0049310 0.0149246 0.0212370 0.0171474 0.0214937 0.0270538 0.1788031 0.0109291 0.0585918 0.0755434 0.0313777 0.0223280 0.0069035 0.0160434 0.0062989
 16 Q  16 0.0253315 0.0874589 0.0394699 0.0593027 0.0030421 0.0566395 0.0401570 0.0134014 0.0553184 0.0267091 0.1500041 0.1557799 0.0989909 0.0024860 0.0194163 0.0376743 0.0289318 0.0177422 0.0249742 0.0571698
 17 T  17 0.0339704 0.0251292 0.0093282 0.0290332 0.0000000 0.0466316 0.0364646 0.0131085 0.0051707 0.0165615 0.0553514 0.0929053 0.0117104 0.0058267 0.1341265 0.0913862 0.3786505 0.0000000 0.0024441 0.0122011
 18 N  18 0.0355182 0.0374102 0.3013525 0.1095294 0.0023462 0.0291014 0.1490218 0.0115525 0.0464544 0.0051240 0.0052657 0.0908802 0.0105065 0.0070505 0.0659671 0.0619673 0.0195419 0.0000000 0.0066811 0.0047289
 19 Q  19 0.0306761 0.0529175 0.0363735 0.0847755 0.0110496 0.2902829 0.2223068 0.0049626 0.0165309 0.0179710 0.0129267 0.0774023 0.0049752 0.0006791 0.0470387 0.0335750 0.0092719 0.0000000 0.0070823 0.0392025
 20 L  20 0.0249615 0.0056736 0.0050381 0.0388290 0.0057416 0.0551245 0.0177525 0.0028055 0.0179095 0.0292318 0.6082605 0.0154207 0.0590889 0.0086059 0.0017628 0.0008900 0.0221966 0.0508773 0.0069438 0.0228857
 21 Q  21 0.0110982 0.1293345 0.0143971 0.0197239 0.0114663 0.2211683 0.0625422 0.0005152 0.0563795 0.0304467 0.0458003 0.2011305 0.0407957 0.0286732 0.0000000 0.0144275 0.0261669 0.0068785 0.0722808 0.0067750
 22 Y  22 0.0722720 0.0860827 0.0364133 0.0529501 0.0000000 0.0919541 0.1014552 0.0033318 0.0302398 0.0298214 0.0070079 0.1826337 0.0062902 0.0743635 0.0044601 0.0254020 0.0427558 0.0020805 0.1453394 0.0051464
 23 L  23 0.1479478 0.0429569 0.0119235 0.0059725 0.0115817 0.0798223 0.0093729 0.0153146 0.0160227 0.0601511 0.2655135 0.0646069 0.0399024 0.1150114 0.0044186 0.0230323 0.0158595 0.0000000 0.0169108 0.0536787
 24 L  24 0.0184872 0.0074115 0.0030867 0.0000000 0.3123682 0.0911664 0.0056709 0.0000000 0.0160494 0.0339158 0.3373054 0.0130111 0.0572783 0.0623679 0.0000000 0.0018251 0.0006679 0.0000000 0.0212706 0.0181176
 25 R  25 0.0347626 0.1305668 0.0609304 0.0103372 0.0029510 0.0732190 0.1215615 0.0308423 0.0266247 0.0072898 0.0665126 0.2370984 0.0680220 0.0149907 0.0000000 0.0557689 0.0149325 0.0020441 0.0269502 0.0145952
 26 V  26 0.0675902 0.0498243 0.0514758 0.0350492 0.0079525 0.0817706 0.1042222 0.0329122 0.0322080 0.0287545 0.0202676 0.0782629 0.0159911 0.0098860 0.0825591 0.0790541 0.0943845 0.0000000 0.0096140 0.1182212
 27 V  27 0.0175045 0.0026886 0.0000000 0.0000000 0.0151178 0.0008400 0.0000000 0.0011827 0.0000000 0.1892182 0.2827019 0.0160615 0.0162628 0.0163798 0.0000000 0.0138048 0.0769452 0.0000000 0.0000000 0.3512920
 28 L  28 0.0000000 0.0110221 0.0006273 0.0000000 0.0009370 0.0011700 0.0000000 0.0000000 0.0137875 0.1288418 0.5798486 0.0031474 0.0578054 0.0326919 0.0000000 0.0000000 0.0121566 0.0094736 0.0710901 0.0774006
 29 K  29 0.0344479 0.0805216 0.1248823 0.1541503 0.0007926 0.0418013 0.1639716 0.0064360 0.0007608 0.0045625 0.0122381 0.2644703 0.0100987 0.0000000 0.0073447 0.0399174 0.0487546 0.0000000 0.0013219 0.0035271
 30 T  30 0.2029755 0.0410480 0.0285906 0.0328218 0.0037887 0.0730726 0.1360144 0.0257055 0.0017729 0.0191491 0.0322354 0.1093541 0.0037904 0.0162439 0.0141067 0.1031634 0.0911792 0.0000000 0.0263949 0.0385928
 31 L  31 0.0280765 0.0181972 0.0000000 0.0039627 0.0000000 0.0049209 0.0000000 0.0000000 0.0000000 0.1615228 0.5285515 0.0007631 0.0762619 0.0096858 0.0000000 0.0013663 0.0050253 0.0000000 0.0000000 0.1616662
 32 W  32 0.0152225 0.0884085 0.0089911 0.0114850 0.0153377 0.0584081 0.0433428 0.0045474 0.0132862 0.0077521 0.0657588 0.1759926 0.1104275 0.0521502 0.0014101 0.0183246 0.0270550 0.1760596 0.0610554 0.0449850
 33 K  33 0.0791413 0.1829200 0.1156536 0.0407537 0.0076672 0.0490559 0.0377589 0.0405918 0.0034549 0.0018824 0.0051980 0.2903472 0.0007613 0.0000000 0.0000000 0.1014617 0.0359327 0.0000000 0.0000000 0.0074193
 34 H  34 0.0095259 0.0676399 0.0282482 0.0114483 0.0246789 0.0877798 0.0240221 0.0081330 0.4074917 0.0102818 0.0748177 0.0974781 0.0169459 0.0050403 0.0073458 0.0298553 0.0211311 0.0000000 0.0612178 0.0069186
 35 Q  35 0.0274349 0.1079116 0.0196078 0.1131295 0.0034144 0.1148535 0.1088576 0.0076095 0.0430579 0.0043481 0.0129699 0.2815032 0.0050718 0.0041006 0.0664668 0.0476431 0.0304852 0.0000000 0.0000000 0.0015347
 36 F  36 0.0300664 0.0048480 0.0182695 0.2159787 0.0132935 0.0055429 0.0863059 0.0244393 0.1049628 0.0645599 0.0620796 0.0013496 0.0140061 0.1581337 0.0160439 0.0489358 0.0264894 0.0238499 0.0643725 0.0164726
 37 A  37 0.4214389 0.0005915 0.0091373 0.0009074 0.0478638 0.0007318 0.0031048 0.0878008 0.0117381 0.0030508 0.0030745 0.0040075 0.0038625 0.0076105 0.0000000 0.3571604 0.0054805 0.0000000 0.0214016 0.0110375
 38 W  38 0.0527740 0.0288344 0.0096326 0.0371135 0.0000000 0.0091586 0.1414051 0.0444789 0.0119579 0.0293568 0.0783160 0.0144528 0.0124471 0.0201030 0.0044892 0.0311193 0.0305448 0.3789385 0.0403025 0.0245751
 39 P  39 0.0646513 0.0000000 0.0099162 0.0105181 0.0018521 0.0008359 0.0027601 0.0000000 0.0247467 0.0498200 0.0875975 0.0000000 0.0319097 0.0203816 0.5978308 0.0108469 0.0131112 0.0089270 0.0040357 0.0602595
 40 F  40 0.0000000 0.0000000 0.0000000 0.0000000 0.0000000 0.0000000 0.0000000 0.0000000 0.0000000 0.0000000 0.0034474 0.0000000 0.0000000 0.9875710 0.0000000 0.0000000 0.0000000 0.0000000 0.0089816 0.0000000
 41 Q  41 0.0434804 0.1743997 0.0531278 0.0034380 0.0007156 0.1002545 0.0106977 0.0006926 0.0425170 0.0671381 0.2260741 0.0320069 0.1099613 0.0216983 0.0014360 0.0153508 0.0133929 0.0033918 0.0652286 0.0149980
 42 Q  42 0.0435266 0.1117776 0.0286576 0.0382765 0.0000000 0.2112429 0.1955377 0.0202542 0.0482233 0.0077373 0.0304241 0.1249183 0.0061695 0.0251084 0.0000000 0.0199183 0.0387951 0.0014416 0.0185014 0.0294896
 43 P  43 0.0351803 0.0108406 0.0053778 0.0000000 0.0000000 0.0011215 0.0011951 0.0000000 0.0000000 0.0000000 0.0011384 0.0377567 0.0048531 0.0000000 0.8892393 0.0125164 0.0007809 0.0000000 0.0000000 0.0000000
 44 V  44 0.0000000 0.0000000 0.0000000 0.0000000 0.0000000 0.0000000 0.0000000 0.0000000 0.0000000 0.0027277 0.0105206 0.0000000 0.0036299 0.0000000 0.0064324 0.0000000 0.0053411 0.0000000 0.0000000 0.9713483
 45 D  45 0.0158680 0.0000000 0.0756135 0.6837856 0.0034736 0.0081476 0.0032702 0.0000000 0.0000000 0.0029228 0.1446722 0.0322946 0.0000000 0.0039797 0.0037016 0.0018769 0.0000000 0.0000000 0.0012418 0.0191518
 46 A  46 0.1955114 0.0005409 0.0010342 0.0027088 0.0017230 0.0046235 0.0047052 0.0000000 0.0085660 0.0117170 0.0371665 0.0036167 0.0004965 0.0036439 0.6055940 0.0078206 0.0527944 0.0051643 0.0059025 0.0466707
 47 V  47 0.0345501 0.0098126 0.0349151 0.0213456 0.0021531 0.0443859 0.0634479 0.0062004 0.0039295 0.0647088 0.0172671 0.1418061 0.0025642 0.0019838 0.0132968 0.2321139 0.0254837 0.0000000 0.0029783 0.2770573
 48 K  48 0.1559653 0.1914609 0.0037908 0.0063216 0.0000000 0.0103725 0.0437745 0.0261630 0.0012746 0.0084412 0.0843535 0.3881877 0.0049003 0.0034732 0.0010811 0.0307083 0.0083421 0.0116656 0.0023204 0.0174035
 49 L  49 0.0097283 0.1392813 0.0066775 0.0570653 0.0169264 0.0162516 0.0307286 0.0005620 0.0100501 0.0023599 0.4522763 0.1395130 0.0190619 0.0080867 0.0163540 0.0434268 0.0041942 0.0069903 0.0027560 0.0177097
 50 N  50 0.0131112 0.0038331 0.2128930 0.0841274 0.0122228 0.1022888 0.1073425 0.1829769 0.0230769 0.0328577 0.0502255 0.0568674 0.0114170 0.0194579 0.0000000 0.0228463 0.0295255 0.0008297 0.0281019 0.0059984
 51 L  51 0.0808431 0.0000000 0.0015829 0.0082260 0.0093942 0.0177666 0.0392640 0.0000000 0.0213651 0.2002244 0.2325368 0.0000000 0.0000000 0.0327732 0.0000000 0.0021394 0.0037438 0.0105872 0.2400732 0.0994802
 52 P  52 0.0171564 0.0000000 0.0000000 0.0029324 0.0000000 0.0004296 0.0041717 0.0012757 0.0585077 0.0020185 0.0085995 0.0016890 0.0000000 0.0000000 0.8757355 0.0063293 0.0054978 0.0059228 0.0040436 0.0056905
 53 D  53 0.0074341 0.0050480 0.0578889 0.6235499 0.0000000 0.0102590 0.0765812 0.0336119 0.0212679 0.0000000 0.0081699 0.0259501 0.0062480 0.0113034 0.0000000 0.0376325 0.0667032 0.0000000 0.0040827 0.0042694
 54 Y  54 0.0000000 0.0000000 0.0000000 0.0000000 0.0000000 0.0000000 0.0000000 0.0000000 0.0021511 0.0000000 0.0000000 0.0000000 0.0030289 0.0000000 0.0000000 0.0000000 0.0014942 0.0000000 0.9933257 0.0000000
 55 Y  55 0.0156313 0.0282269 0.0037791 0.0000000 0.0249064 0.0000000 0.0000000 0.0000000 0.1561535 0.0005690 0.0258813 0.0084878 0.0000000 0.1919255 0.0441606 0.0096733 0.0020114 0.0000000 0.4813352 0.0072587
 56 K  56 0.0512255 0.0202090 0.0572862 0.2426025 0.0000000 0.0978070 0.1772335 0.0029892 0.0130582 0.0050347 0.0074651 0.1650211 0.0087427 0.0018008 0.0000000 0.0451855 0.0966566 0.0000000 0.0045767 0.0031057
 57 I  57 0.0068532 0.0111649 0.0027708 0.0023006 0.0000000 0.0257365 0.0232330 0.0000000 0.0105635 0.4659648 0.0206156 0.0323072 0.0112537 0.0228358 0.0000000 0.0017852 0.0160287 0.0000000 0.0296541 0.3169324
 58 I  58 0.0000000 0.0000000 0.0000000 0.0000000 0.0000000 0.0000000 0.0000000 0.0000000 0.0000000 0.7626525 0.0036316 0.0000000 0.0000000 0.0000000 0.0000000 0.0000000 0.0024589 0.0000000 0.0000000 0.2312570
 59 K  59 0.0583846 0.0281649 0.0075326 0.0321636 0.0006244 0.0317799 0.0686408 0.0000000 0.0066858 0.0009872 0.0260225 0.5950957 0.0009725 0.0000000 0.0158007 0.0634493 0.0459427 0.0000000 0.0000000 0.0177529
 60 T  60 0.0078848 0.1057333 0.1918848 0.0235098 0.0119146 0.0904287 0.1242630 0.0000000 0.1259485 0.0065736 0.0019754 0.1444960 0.0115360 0.0102825 0.0000000 0.0180724 0.0757374 0.0000000 0.0438897 0.0058696
 61 P  61 0.0056140 0.0033385 0.0000000 0.0000000 0.0000000 0.0000000 0.0041545 0.0000000 0.0000000 0.0000000 0.0000000 0.0000000 0.0000000 0.0000000 0.9838978 0.0018498 0.0000000 0.0000000 0.0000000 0.0011453
 62 M  62 0.0036393 0.0046923 0.0000000 0.0000000 0.0000000 0.0000000 0.0000000 0.0000000 0.0000000 0.2716143 0.0118697 0.0000000 0.6603371 0.0000000 0.0000000 0.0008741 0.0237133 0.0000000 0.0000000 0.0232597
 63 D  63 0.0113981 0.0000000 0.0010963 0.9081806 0.0092127 0.0000000 0.0009441 0.0000000 0.0028440 0.0000000 0.0000000 0.0000000 0.0000000 0.0000000 0.0000000 0.0617231 0.0000000 0.0046010 0.0000000 0.0000000
 64 M  64 0.0000000 0.0000000 0.0000000 0.0036301 0.0033533 0.0000000 0.0000000 0.0000000 0.0000000 0.0424087 0.7212681 0.0000000 0.1478409 0.0711032 0.0021398 0.0000000 0.0000000 0.0000000 0.0000000 0.0082559
 65 G  65 0.0307012 0.0556131 0.0385448 0.0075850 0.0028376 0.0424793 0.0139975 0.2777519 0.0132146 0.0074109 0.0588986 0.0892697 0.0224077 0.0074629 0.0000000 0.2606580 0.0489132 0.0000000 0.0152212 0.0070328
 66 T  66 0.0147519 0.0226125 0.0018430 0.0092383 0.0048341 0.0534827 0.0023928 0.0051586 0.0000000 0.0195258 0.0318100 0.0736053 0.0210644 0.0000000 0.0000000 0.0343287 0.6999461 0.0005236 0.0000000 0.0048821
 67 I  67 0.0013308 0.0000000 0.0000000 0.0000000 0.0000000 0.0000000 0.0000000 0.0000000 0.0000000 0.6915891 0.0155802 0.0000000 0.1217108 0.0000000 0.0000000 0.0000000 0.0000000 0.0000000 0.0000000 0.1697891
 68 K  68 0.0750377 0.1710434 0.0065264 0.0175414 0.0000000 0.1034171 0.1978539 0.0121239 0.0215715 0.0054202 0.0083507 0.3276484 0.0045442 0.0000000 0.0000000 0.0311877 0.0136338 0.0006495 0.0014941 0.0019563
 69 K  69 0.0380346 0.1291727 0.0458050 0.0163669 0.0000000 0.1244093 0.0730228 0.0070115 0.0452173 0.0061091 0.0074340 0.3043108 0.0198343 0.0017705 0.0000000 0.0810733 0.0825391 0.0000000 0.0048726 0.0130162
 70 R  70 0.0005819 0.3029006 0.0878420 0.0060429 0.0011773 0.0119142 0.0011337 0.0006139 0.0044004 0.0000000 0.0005962 0.5622776 0.0033447 0.0000000 0.0000000 0.0012726 0.0153578 0.0000000 0.0005443 0.0000000
 71 L  71 0.0009996 0.0000000 0.0018614 0.0000000 0.0006085 0.0008889 0.0000000 0.0042995 0.0041528 0.1938855 0.6864069 0.0000000 0.0468138 0.0183171 0.0000000 0.0000000 0.0008843 0.0009658 0.0000000 0.0399160
 72 E  72 0.0355234 0.0895677 0.0737234 0.1197724 0.0007765 0.0885536 0.2335237 0.0078187 0.0197053 0.0112917 0.0295156 0.2190933 0.0065360 0.0000000 0.0000000 0.0253700 0.0183411 0.0000000 0.0045583 0.0163292
 73 N  73 0.0809283 0.0317649 0.3204596 0.0439596 0.0028350 0.0266431 0.0253986 0.0439917 0.0299985 0.0034726 0.0113255 0.0828901 0.0316092 0.0000000 0.0003791 0.1130186 0.1205925 0.0000000 0.0080846 0.0226486
 74 N  74 0.0083706 0.0759064 0.2330586 0.1110447 0.0134657 0.0179416 0.0578555 0.2989721 0.0271954 0.0047418 0.0151535 0.0579102 0.0014428 0.0017167 0.0135245 0.0352799 0.0085289 0.0056784 0.0055621 0.0066505
 75 Y  75 0.0792346 0.0483680 0.0218472 0.0418157 0.0017433 0.1279591 0.1652269 0.0145998 0.0191192 0.0065901 0.0467446 0.0885037 0.0106992 0.0466662 0.0000000 0.0539710 0.0122575 0.0081589 0.1807313 0.0257637
 76 Y  76 0.0000000 0.0000000 0.0000000 0.0000000 0.0016625 0.0000000 0.0000000 0.0000000 0.0045103 0.0060001 0.0000000 0.0000000 0.0000000 0.0068208 0.0000000 0.0000000 0.0000000 0.0000000 0.9796463 0.0013599
 77 W  77 0.0910504 0.0942725 0.0311742 0.0655754 0.0181901 0.0626881 0.1097648 0.0213652 0.0226287 0.0044213 0.0154681 0.1165321 0.0042501 0.0037626 0.0444727 0.0918135 0.0727756 0.0908045 0.0149337 0.0240564
 78 N  78 0.0282776 0.0425991 0.1257606 0.1394262 0.0121185 0.0157635 0.0307409 0.0212916 0.0131883 0.0045976 0.0025635 0.0380751 0.0037825 0.0013562 0.0026750 0.3006754 0.2081795 0.0036169 0.0022370 0.0030749
 79 A  79 0.1925683 0.0230517 0.0005689 0.0000000 0.0013587 0.0028296 0.0419417 0.0163436 0.0094162 0.0848978 0.1523421 0.0528825 0.0272214 0.0208118 0.1810017 0.0333864 0.0120634 0.0010109 0.0036836 0.1426196
 80 Q  80 0.0596587 0.0317697 0.0488177 0.1567834 0.0009228 0.0862211 0.2094963 0.0241768 0.0124564 0.0023750 0.0230024 0.0746263 0.0128833 0.0077513 0.0034258 0.1359521 0.0271917 0.0654343 0.0076886 0.0093662
 81 E  81 0.1010826 0.0025918 0.0018005 0.2006001 0.0000000 0.1345060 0.4376754 0.0273970 0.0187453 0.0030614 0.0248055 0.0081306 0.0051891 0.0033903 0.0000000 0.0135846 0.0150272 0.0000000 0.0000000 0.0024127
 82 C  82 0.0377619 0.0000000 0.0000000 0.0000000 0.1150277 0.0000000 0.0000000 0.0000000 0.0000000 0.0375502 0.1855852 0.0000000 0.1112549 0.3949769 0.0000000 0.0028049 0.0017388 0.0052650 0.0550032 0.0530314
 83 I  83 0.1729047 0.0128919 0.0055600 0.0100312 0.0347821 0.0174908 0.1058159 0.0049901 0.0043592 0.1860955 0.0512919 0.0450942 0.0967315 0.0046857 0.0000000 0.0200020 0.0503327 0.0017950 0.0076137 0.1675319
 84 Q  84 0.2438757 0.0438554 0.0482326 0.1458235 0.0146027 0.0987631 0.1088970 0.0397552 0.0129661 0.0027119 0.0093792 0.0948293 0.0033915 0.0020815 0.0000000 0.0601603 0.0217716 0.0243429 0.0123200 0.0122405
 85 D  85 0.0045633 0.0000000 0.0018940 0.9479402 0.0000000 0.0000000 0.0295721 0.0000000 0.0061791 0.0000000 0.0013540 0.0021686 0.0000000 0.0000000 0.0000000 0.0025711 0.0000000 0.0000000 0.0000000 0.0037576
 86 F  86 0.0300244 0.0000000 0.0000000 0.0000000 0.0113714 0.0000000 0.0000000 0.0021761 0.0000000 0.1321872 0.1609557 0.0000000 0.1269784 0.2582973 0.0000000 0.0006337 0.0016999 0.0000000 0.0085060 0.2671698
 87 N  87 0.0071702 0.2675667 0.1884564 0.0541858 0.0015947 0.0400158 0.0803479 0.0044925 0.0088850 0.0035927 0.0403749 0.1289783 0.0236818 0.0205633 0.0000000 0.0220014 0.0224984 0.0566382 0.0168381 0.0121178
 88 T  88 0.0042689 0.0287422 0.0005464 0.0000000 0.0000000 0.0521183 0.0048612 0.0000000 0.0000000 0.0149565 0.6983454 0.0182267 0.0078487 0.0000000 0.0000000 0.0014597 0.1267778 0.0000000 0.0287816 0.0130667
 89 M  89 0.0000000 0.0000000 0.0000000 0.0000000 0.0042483 0.0000000 0.0000000 0.0000000 0.0000000 0.2217694 0.1219403 0.0000000 0.4859955 0.0029308 0.0000000 0.0000000 0.0534693 0.0000000 0.0000000 0.1096463
 90 F  90 0.0243875 0.0000000 0.0000000 0.0000000 0.0355191 0.0000000 0.0200804 0.0000000 0.0000000 0.0540094 0.0530739 0.0000000 0.0007007 0.6497420 0.0040180 0.0008198 0.0289823 0.0150455 0.0114222 0.1021992
 91 T  91 0.0366783 0.0816829 0.1389488 0.1369438 0.0000000 0.0393666 0.1056528 0.0144149 0.0349804 0.0045842 0.0082818 0.1051043 0.0034673 0.0008152 0.0000000 0.1470135 0.1331109 0.0069207 0.0015993 0.0004341
 92 N  92 0.0000000 0.0020855 0.9917562 0.0018043 0.0000000 0.0000000 0.0000000 0.0000000 0.0000000 0.0000000 0.0000000 0.0000000 0.0000000 0.0000000 0.0000000 0.0043540 0.0000000 0.0000000 0.0000000 0.0000000
 93 C  93 0.4926222 0.0000000 0.0118889 0.0000000 0.4462193 0.0000000 0.0000000 0.0011821 0.0000000 0.0000000 0.0000000 0.0000000 0.0000000 0.0000000 0.0000000 0.0323967 0.0120239 0.0000000 0.0000000 0.0036668
 94 Y  94 0.0109690 0.1576213 0.0009309 0.0000000 0.0459276 0.0299483 0.0310360 0.0000000 0.0063986 0.0346212 0.0485102 0.2072891 0.0726375 0.0404393 0.0000000 0.0023698 0.0009637 0.0711735 0.2138193 0.0253446
 95 I  95 0.0813574 0.0542893 0.0130601 0.0112818 0.0030283 0.0544382 0.0271371 0.0050880 0.0362818 0.0691662 0.1707574 0.1764536 0.0152672 0.0023808 0.0004663 0.0263421 0.1934205 0.0000000 0.0112529 0.0485311
 96 Y  96 0.0141203 0.0000000 0.0000000 0.0000000 0.0009105 0.0000000 0.0000000 0.0000000 0.0014058 0.0000000 0.0020731 0.0000000 0.0000000 0.3256618 0.0000000 0.0039368 0.0021285 0.0000000 0.6497632 0.0000000
 97 N  97 0.0000000 0.0000000 0.8719372 0.0007991 0.0000000 0.0000000 0.0025581 0.0000000 0.0006246 0.0000000 0.0024773 0.0000000 0.0024483 0.0197447 0.0000000 0.0104609 0.0151238 0.0052881 0.0685379 0.0000000
 98 K  98 0.0263362 0.0796913 0.0393431 0.0254808 0.0019988 0.0174859 0.1964876 0.1313919 0.0019766 0.0133265 0.0225906 0.1739063 0.0175720 0.0000000 0.1717329 0.0377072 0.0143504 0.0000000 0.0000000 0.0286219
 99 P  99 0.0324775 0.0200662 0.0049782 0.0582103 0.0000000 0.0067184 0.1515087 0.0021667 0.0056543 0.0084374 0.0162918 0.1432150 0.0000000 0.0000000 0.4855674 0.0300366 0.0171943 0.0024887 0.0000000 0.0149884
100 G 100 0.0170125 0.0202809 0.0996106 0.1863599 0.0000000 0.0143431 0.0906632 0.3144233 0.0197155 0.0054791 0.0077238 0.0208340 0.0005686 0.0011600 0.0025093 0.0585637 0.1326102 0.0016533 0.0045143 0.0019749
101 D 101 0.0263086 0.0041532 0.0424885 0.1232099 0.0000000 0.0134972 0.0370237 0.0000000 0.1067438 0.0000000 0.0100143 0.0121330 0.0000000 0.0000000 0.0056956 0.5098375 0.1010211 0.0000000 0.0078737 0.0000000
102 D 102 0.0529953 0.0812719 0.0118374 0.2172537 0.0020260 0.1378081 0.0905928 0.0138027 0.0024859 0.0308440 0.0323490 0.0517109 0.0198072 0.0127236 0.1149649 0.0322897 0.0226566 0.0068471 0.0161147 0.0496184
103 I 103 0.0101264 0.0016251 0.0000000 0.0000000 0.0023672 0.0017577 0.0763685 0.0000000 0.0000000 0.3297257 0.0398810 0.0000000 0.0061762 0.0263083 0.0070187 0.0022053 0.0141463 0.0004684 0.0784794 0.4033459
104 V 104 0.0437289 0.0207560 0.0265052 0.0040572 0.0112119 0.0000000 0.0023207 0.0300874 0.1063616 0.0040900 0.0131720 0.0000000 0.0094937 0.0479131 0.0000000 0.0428746 0.0612693 0.0134572 0.4029035 0.1597975
105 L 105 0.0354117 0.1399227 0.0479895 0.0144640 0.0016678 0.0989178 0.0310641 0.0126729 0.0067229 0.0446558 0.1214409 0.2970415 0.0305121 0.0157572 0.0010726 0.0287877 0.0246505 0.0018201 0.0019445 0.0434839
106 M 106 0.1000849 0.0327367 0.0130786 0.2309737 0.0498381 0.0233789 0.0243808 0.0000000 0.0179562 0.0191359 0.0284028 0.0119680 0.3054209 0.0198340 0.0088841 0.0268489 0.0131322 0.0157034 0.0507989 0.0074431
107 A 107 0.6652953 0.0000000 0.0000000 0.0000000 0.0672006 0.0076631 0.0007704 0.1385202 0.0000000 0.0023516 0.0252959 0.0063388 0.0064228 0.0000000 0.0018306 0.0347695 0.0220748 0.0000000 0.0018451 0.0196213
108 E 108 0.0067414 0.0767115 0.0786025 0.0441675 0.0404383 0.1402443 0.1084913 0.0017848 0.0486368 0.0329220 0.0857289 0.1471282 0.0074140 0.0032035 0.0000000 0.0386203 0.0700930 0.0000000 0.0051690 0.0639028
109 A 109 0.0999219 0.0823157 0.0761187 0.0241683 0.0066815 0.0567683 0.0732726 0.0237951 0.0101428 0.0508601 0.0221248 0.2280916 0.0200113 0.0012725 0.0006718 0.0674765 0.1099695 0.0090057 0.0069648 0.0303666
110 L 110 0.0032788 0.0000000 0.0000000 0.0000000 0.0071048 0.0000000 0.0000000 0.0000000 0.0000000 0.0799996 0.7806236 0.0000000 0.0675237 0.0133131 0.0000000 0.0055447 0.0057456 0.0000000 0.0017653 0.0351007
111 E 111 0.0225987 0.0514547 0.0144840 0.0050744 0.0043678 0.1671223 0.3283542 0.0033209 0.0132303 0.0025620 0.0592627 0.1546504 0.0164367 0.0014947 0.0000000 0.0819124 0.0171556 0.0454965 0.0063264 0.0046954
112 K 112 0.0903508 0.0894181 0.0673062 0.0857969 0.0324705 0.0546114 0.1510533 0.0195132 0.0113971 0.0076808 0.0108176 0.3148266 0.0014181 0.0000000 0.0015907 0.0358632 0.0194564 0.0018757 0.0000000 0.0045533
113 L 113 0.0746432 0.0083461 0.0219115 0.0150670 0.0254166 0.0150673 0.0132906 0.0004706 0.0164384 0.1633765 0.1935116 0.0149490 0.0228104 0.0729494 0.0014640 0.0243530 0.0202646 0.0031335 0.0384008 0.2541360
114 F 114 0.0378894 0.0017986 0.0000000 0.0000000 0.0187218 0.0030069 0.0000000 0.0027212 0.0000000 0.0583462 0.0744723 0.0056408 0.0575560 0.6207610 0.0000000 0.0043983 0.0135861 0.0061289 0.0423513 0.0526212
115 L 115 0.0214536 0.0516848 0.0817983 0.0526940 0.0000000 0.1164890 0.2488690 0.0012055 0.0346082 0.0140940 0.1422052 0.0528845 0.0324743 0.0092753 0.0083897 0.0365505 0.0229394 0.0182618 0.0227020 0.0314209
116 Q 116 0.0804687 0.1051711 0.0398271 0.0495401 0.0000000 0.1548829 0.0928412 0.0104806 0.0321374 0.0036726 0.0108434 0.2086728 0.0365092 0.0060531 0.0029594 0.0782725 0.0752920 0.0000000 0.0039681 0.0084078
117 K 117 0.0659602 0.1339318 0.0152010 0.0132891 0.0035829 0.1288151 0.0710446 0.0091391 0.0438643 0.0165737 0.0473751 0.3558165 0.0148490 0.0058749 0.0000000 0.0144084 0.0413104 0.0018190 0.0045450 0.0125999
118 I 118 0.0190771 0.0766365 0.0023258 0.0000000 0.0147591 0.0059846 0.0000000 0.0000000 0.0017370 0.1567976 0.2362336 0.0822267 0.0991037 0.0456058 0.0000000 0.0034208 0.0032124 0.1098673 0.0514620 0.0915499
119 N 119 0.1728579 0.0536066 0.0570399 0.0611538 0.0051777 0.0509905 0.0511175 0.0177425 0.0111912 0.0198810 0.0576422 0.1643202 0.0164165 0.0061486 0.0980299 0.0729429 0.0373548 0.0101880 0.0064921 0.0297061
120 E 120 0.0209214 0.0738028 0.0704265 0.0425998 0.0048934 0.1053126 0.2516851 0.0227921 0.0138587 0.0043387 0.0340113 0.1923600 0.0032629 0.0073443 0.0604384 0.0491118 0.0167608 0.0017739 0.0133214 0.0109840
121 L 121 0.0107273 0.0158236 0.0046881 0.0046056 0.0083244 0.0066374 0.0273312 0.0005040 0.0218090 0.1864904 0.2513069 0.0246638 0.2631266 0.0425665 0.0060978 0.0045885 0.0105488 0.0024418 0.0196385 0.0880802
122 P 122 0.0230083 0.0475634 0.0173741 0.0366769 0.0196873 0.0197422 0.0976756 0.0191452 0.0017346 0.0027324 0.0636035 0.0269490 0.0645138 0.0297708 0.4244308 0.0443236 0.0242185 0.0000000 0.0112956 0.0255543
123 T 123 0.0613917 0.0626024 0.0301862 0.0791472 0.0065670 0.1619211 0.0880543 0.0300332 0.0220283 0.0044962 0.0504131 0.1680411 0.0138435 0.0063633 0.0870895 0.0874969 0.0286211 0.0000000 0.0031344 0.0085694
124 E 124 0.0527070 0.0628495 0.0340732 0.0774657 0.0061660 0.0354356 0.2242442 0.0727087 0.0199837 0.0174512 0.0230243 0.0828352 0.0234148 0.0164245 0.0327379 0.0810165 0.0425545 0.0501515 0.0157322 0.0290237
125 E 125 0.0092251 0.0228762 0.0250245 0.1122605 0.0085733 0.0307575 0.2983154 0.0346408 0.0153016 0.0362421 0.0864367 0.0228695 0.0242148 0.0316839 0.0569937 0.0393344 0.0064859 0.0192946 0.1010241 0.0184453
126 T 126 0.0478579 0.0285933 0.0294914 0.1082064 0.0151733 0.0454472 0.1255490 0.0753471 0.0225133 0.1042913 0.0588429 0.0431094 0.0236661 0.0116191 0.0570672 0.0363792 0.0432328 0.0043377 0.0546871 0.0645884
127 E 127 0.1011075 0.0218356 0.0254873 0.0965273 0.0023252 0.0166122 0.2243427 0.0429900 0.0260341 0.0366986 0.0174394 0.0456535 0.0074814 0.0152906 0.0417885 0.0772385 0.0620682 0.0069736 0.0670680 0.0650378
128 I 128 0.0446009 0.1177064 0.0315135 0.0939316 0.0623172 0.0372768 0.1123198 0.0310377 0.0350639 0.0637060 0.0694936 0.0525686 0.0228415 0.0064329 0.0789873 0.0531607 0.0246374 0.0127942 0.0056913 0.0439185
129 M 129 0.0492911 0.0225667 0.0262671 0.0887708 0.0760062 0.0345366 0.0718718 0.0480420 0.0177669 0.0296767 0.1127435 0.0226597 0.0439675 0.0057133 0.0746066 0.1055289 0.0562314 0.0070755 0.0138045 0.0928731
130 I 130 0.0497584 0.0353339 0.0261692 0.0932593 0.0158536 0.0339843 0.0383829 0.1099557 0.0409642 0.0528014 0.0231467 0.0708852 0.0315295 0.0277354 0.1001448 0.0792526 0.0315862 0.0025754 0.0199355 0.1167456
131 V 131 0.0462770 0.0773841 0.0249977 0.0754836 0.0153208 0.0374409 0.0957841 0.0317937 0.0315185 0.0216291 0.0753612 0.0850122 0.0098571 0.0629161 0.0960406 0.0649530 0.0313557 0.0061828 0.0442218 0.0664701
132 Q 132 0.0539536 0.0435823 0.0349191 0.1345207 0.0055912 0.0460248 0.1197322 0.0209032 0.0143596 0.0344772 0.0390623 0.1205932 0.0166246 0.0146114 0.0840910 0.1031469 0.0405645 0.0068290 0.0129628 0.0534501
133 A 133 0.0533722 0.0785568 0.0263254 0.0538204 0.0382955 0.0630120 0.0974407 0.0276895 0.0226836 0.0464958 0.0655805 0.0847593 0.0394523 0.0274105 0.1252576 0.0407801 0.0392999 0.0000000 0.0500870 0.0196809
134 K 134 0.0849433 0.0777084 0.0328721 0.0533059 0.0133386 0.0218777 0.0989039 0.0502897 0.0202860 0.0412196 0.0452099 0.1674631 0.0262655 0.0092965 0.0287019 0.0762161 0.0672940 0.0217250 0.0212910 0.0417918
135 G 135 0.0487185 0.0637916 0.0390068 0.0577292 0.0104381 0.0263209 0.0581200 0.0910027 0.0840980 0.0644474 0.0503896 0.1121529 0.0082273 0.0654583 0.0502249 0.0788669 0.0415583 0.0000000 0.0140236 0.0354249
136 R 136 0.0522077 0.1166790 0.0649543 0.0334791 0.0135250 0.0413248 0.0627381 0.0314681 0.0090185 0.0331885 0.0734396 0.1549441 0.0091989 0.0113418 0.0775335 0.1125952 0.0357631 0.0014376 0.0120935 0.0530698
137 G 137 0.0621628 0.0706743 0.0248491 0.0548266 0.0148940 0.0261419 0.0865702 0.1021197 0.0224255 0.0133253 0.0237989 0.1495263 0.0205654 0.0132687 0.1005800 0.1414777 0.0442833 0.0000000 0.0133477 0.0151628
138 R 138 0.0345428 0.1045277 0.0386025 0.0723570 0.0245779 0.0805406 0.0493174 0.0430919 0.0280254 0.0441869 0.0701420 0.0887143 0.0356577 0.0183613 0.0515385 0.0860411 0.0635948 0.0080779 0.0301936 0.0279087
139 G 139 0.1260570 0.0523598 0.0320726 0.0392899 0.0136814 0.0495067 0.0678596 0.0850060 0.0063848 0.0118593 0.0418880 0.1154508 0.0101522 0.0157975 0.0889446 0.1151259 0.0633248 0.0066181 0.0091472 0.0494740
140 R 140 0.0530565 0.0869085 0.0411043 0.0543121 0.0085384 0.0523102 0.0786259 0.0356397 0.0128958 0.0538107 0.1395129 0.0848705 0.0130940 0.0212693 0.0741613 0.0982358 0.0512802 0.0000000 0.0041076 0.0362660
141 K 141 0.0838880 0.0772048 0.0242197 0.0420550 0.0783680 0.0274707 0.0751184 0.0686008 0.0151178 0.0669099 0.0390035 0.0511981 0.0143725 0.0161001 0.0566256 0.0671475 0.0735012 0.0122691 0.0316186 0.0792106
142 E 142 0.0564048 0.0607134 0.0234791 0.0544946 0.0638989 0.0433834 0.0782332 0.0695175 0.0280524 0.0347391 0.0382877 0.0976088 0.0157777 0.0135641 0.0883503 0.0549231 0.0534369 0.0039423 0.0245321 0.0966608
143 T 143 0.0548729 0.0619321 0.0292557 0.0606162 0.0249497 0.0290447 0.0654418 0.0642040 0.0171354 0.0334046 0.0553048 0.1187141 0.0291348 0.0153588 0.0658222 0.0906466 0.0495822 0.0072169 0.0596559 0.0677065
144 G 144 0.0786537 0.0881697 0.0276918 0.0548591 0.0294221 0.0329276 0.0373037 0.1498414 0.0248337 0.0431006 0.0610949 0.0456445 0.0171894 0.0067417 0.0972042 0.0645784 0.0584087 0.0127229 0.0225651 0.0470470
145 T 145 0.0598287 0.0636163 0.0250630 0.0617681 0.0369358 0.0341683 0.0568656 0.0893225 0.0192890 0.0349416 0.0730952 0.1316767 0.0164951 0.0270550 0.0484062 0.0906367 0.0500927 0.0043821 0.0391737 0.0371878
146 A 146 0.0749907 0.0894040 0.0513642 0.0516292 0.0135637 0.0750551 0.0460720 0.0475979 0.0079409 0.0564545 0.0417922 0.0809811 0.0275983 0.0227365 0.0592232 0.1044163 0.0727519 0.0083589 0.0123693 0.0557000
147 K 147 0.0705917 0.0839918 0.0355094 0.0509477 0.0252272 0.0399749 0.0890766 0.0318376 0.0156269 0.0662976 0.0842892 0.0615148 0.0213828 0.0172239 0.0706931 0.0665384 0.0776490 0.0106994 0.0167292 0.0641989
148 P 148 0.0734856 0.0662527 0.0330548 0.0510015 0.0665269 0.0175869 0.0686736 0.0586197 0.0146925 0.0507702 0.0368432 0.0771440 0.0324375 0.0242215 0.0702936 0.0812448 0.0600166 0.0026186 0.0546981 0.0598177
149 G 149 0.0718878 0.1082313 0.0236538 0.0519071 0.0098959 0.0396248 0.0734181 0.1156627 0.0188318 0.0232196 0.0397855 0.0684632 0.0231496 0.0333035 0.0656038 0.0600913 0.0990457 0.0073172 0.0285597 0.0383475
150 V 150 0.0695146 0.0694481 0.0181612 0.0529754 0.0087289 0.0572938 0.0526459 0.0626126 0.0181651 0.0950889 0.0602342 0.0735423 0.0330379 0.0064392 0.1132243 0.0819628 0.0588155 0.0020026 0.0218521 0.0442546
151 S 151 0.0700097 0.0680882 0.0277557 0.0391612 0.0248819 0.0509730 0.0505339 0.0348399 0.0347233 0.0376340 0.0532861 0.0396368 0.0228421 0.0536519 0.1118170 0.1270131 0.0794019 0.0108390 0.0191909 0.0437205
152 T 152 0.0661012 0.1158664 0.0300380 0.0356526 0.0238803 0.0703384 0.0886361 0.0292662 0.0366506 0.0140504 0.0314907 0.0952705 0.0078324 0.0207973 0.0990662 0.0807573 0.0721148 0.0062008 0.0325702 0.0434195
153 V 153 0.0718621 0.0506728 0.0387577 0.0787982 0.0234169 0.0515628 0.0750459 0.0863010 0.0261458 0.0337659 0.0528870 0.0539257 0.0211690 0.0250273 0.0793101 0.0827155 0.0451848 0.0043469 0.0403986 0.0587060
154 P 154 0.0842318 0.1285085 0.0214177 0.0431638 0.0291125 0.0479328 0.0554432 0.0652654 0.0196260 0.0317548 0.0492191 0.0703508 0.0414596 0.0305051 0.0914049 0.0837087 0.0400031 0.0058397 0.0209930 0.0400591
155 N 155 0.0652736 0.0725033 0.0303668 0.0372415 0.0101046 0.0725410 0.0826798 0.0564679 0.0326303 0.0267296 0.0377694 0.0723497 0.0344789 0.0382443 0.0767998 0.0720570 0.0936859 0.0146903 0.0367670 0.0366194
156 T 156 0.0603373 0.0593828 0.0170246 0.0473968 0.0355914 0.0360616 0.0623200 0.0539391 0.0249666 0.0439653 0.0660102 0.0708374 0.0095551 0.0534649 0.0999747 0.0693265 0.0764148 0.0000000 0.0579918 0.0554392
157 T 157 0.1043125 0.0718887 0.0267433 0.0297902 0.0191634 0.0222467 0.0500470 0.0548463 0.0120393 0.0293506 0.0324576 0.0571018 0.0177590 0.0223413 0.0903194 0.1740362 0.0649171 0.0387207 0.0496290 0.0322899
158 Q 158 0.0548617 0.0684819 0.0496641 0.0544815 0.0168228 0.0538165 0.0895981 0.0323421 0.0226527 0.0454728 0.0389050 0.0629749 0.0254891 0.0297594 0.0634749 0.1333109 0.0626739 0.0019547 0.0195383 0.0737247
159 A 159 0.0836852 0.0907905 0.0287811 0.0446212 0.0410074 0.0361846 0.0649763 0.0609066 0.0306911 0.0894141 0.0489789 0.0477161 0.0268129 0.0331518 0.0618670 0.0643581 0.0411084 0.0161583 0.0572260 0.0315644
160 S 160 0.0646325 0.0592131 0.0261983 0.0506227 0.0347469 0.0743786 0.0644159 0.0315099 0.0192690 0.0222055 0.0739945 0.0461566 0.0244717 0.0467787 0.0738627 0.1078159 0.0672993 0.0079811 0.0383943 0.0660530
161 T 161 0.0730237 0.0721960 0.0799667 0.0461282 0.0195486 0.0373879 0.0458549 0.0259560 0.0371113 0.0345589 0.0498880 0.0571562 0.0429336 0.0571051 0.0763662 0.0741270 0.0684981 0.0165369 0.0383716 0.0472850
162 P 162 0.0838253 0.1025628 0.0236648 0.0471432 0.0492820 0.0407450 0.0824310 0.0473483 0.0283146 0.0400756 0.0448127 0.0504787 0.0133061 0.0092089 0.0800526 0.1068587 0.0799225 0.0046304 0.0150665 0.0502702
163 P 163 0.1008701 0.0485774 0.0378791 0.0459801 0.0074076 0.0243889 0.0617907 0.0408567 0.0035557 0.0258637 0.0761616 0.0589727 0.0070229 0.0090280 0.1341905 0.1561074 0.0639183 0.0075040 0.0555093 0.0344153
164 Q 164 0.0599287 0.0410925 0.0432322 0.0476161 0.0226752 0.0675791 0.0714979 0.0453683 0.0455286 0.0847659 0.0465838 0.0691687 0.0147651 0.0194021 0.0774436 0.1094135 0.0471443 0.0044905 0.0198110 0.0624930
165 T 165 0.0698938 0.0497476 0.0621281 0.0528786 0.0016104 0.0509887 0.0561510 0.0401326 0.0192038 0.0285024 0.0480051 0.0946676 0.0155389 0.0600983 0.0756509 0.1044416 0.0748861 0.0064336 0.0355655 0.0534754
166 Q 166 0.0780671 0.0644181 0.0546258 0.0479051 0.0484148 0.0766438 0.0996470 0.0296753 0.0160213 0.0217431 0.0157704 0.0915254 0.0152357 0.0313895 0.0928699 0.1093111 0.0374027 0.0038026 0.0360973 0.0294340
167 T 167 0.0614504 0.0764974 0.0590415 0.0786371 0.0319680 0.0588893 0.0772325 0.0481896 0.0158517 0.0360337 0.0563634 0.0468590 0.0148031 0.0167084 0.0762065 0.0999186 0.0582281 0.0017367 0.0230057 0.0623794
168 P 168 0.0613097 0.0910135 0.0356788 0.0425244 0.0112991 0.0606020 0.0629893 0.0410203 0.0179636 0.0261211 0.0757604 0.1046259 0.0174354 0.0211401 0.0899453 0.0734679 0.0449347 0.0089032 0.0340148 0.0792503
169 Q 169 0.0716527 0.0752565 0.0289670 0.0484797 0.0475970 0.0732889 0.0314024 0.0392394 0.0118237 0.0446112 0.0440379 0.1323441 0.0208753 0.0168920 0.0851335 0.0871824 0.0648182 0.0117812 0.0248257 0.0397912
170 P 170 0.0464638 0.0348334 0.0261719 0.0337500 0.0079067 0.0925891 0.0622156 0.0317936 0.0150040 0.0105938 0.0567101 0.0747096 0.0278681 0.0311262 0.1606157 0.1498375 0.0436964 0.0046865 0.0295187 0.0599093
171 N 171 0.0899110 0.0649229 0.0897385 0.0333503 0.0129138 0.0451261 0.0469058 0.0606410 0.0135009 0.0216022 0.0809652 0.1035516 0.0200720 0.0185327 0.0656912 0.0877165 0.0470375 0.0028047 0.0385060 0.0565100
172 P 172 0.0644922 0.0647469 0.0447838 0.0454302 0.0269704 0.0298131 0.0861024 0.1016971 0.0260986 0.0425897 0.0428720 0.0452825 0.0292137 0.0396871 0.1025445 0.0723467 0.0706859 0.0091682 0.0334754 0.0219997
173 P 173 0.0484089 0.0655624 0.0346672 0.0296069 0.0199573 0.0561976 0.0469245 0.0378677 0.0314320 0.0831338 0.0606078 0.0751599 0.0443737 0.0258316 0.0871792 0.0516338 0.0779963 0.0175237 0.0701458 0.0357900
174 P 174 0.0662479 0.0490576 0.0245736 0.0375004 0.0209295 0.0647401 0.0610414 0.0641841 0.0461320 0.0399764 0.0691468 0.0819298 0.0223304 0.0250691 0.1065011 0.0658482 0.0772598 0.0096369 0.0201102 0.0477848
175 V 175 0.0848982 0.0390081 0.0385380 0.0393175 0.0213841 0.0281014 0.0420134 0.0576002 0.0049120 0.0344701 0.1181305 0.0817554 0.0370665 0.0352173 0.0827538 0.0735311 0.0689996 0.0023084 0.0364133 0.0735812
176 Q 176 0.0581929 0.0400872 0.0464923 0.0537375 0.0185726 0.0398579 0.0541994 0.0577680 0.0498185 0.0376544 0.1096440 0.0675781 0.0414802 0.0305256 0.0867937 0.0773952 0.0385707 0.0069874 0.0286559 0.0559885
177 A 177 0.0633983 0.0573891 0.0811969 0.0573494 0.0288818 0.0541880 0.0422986 0.0660927 0.0338264 0.0368909 0.0820331 0.0630763 0.0282952 0.0260332 0.0703949 0.0724056 0.0616196 0.0148620 0.0264875 0.0332805
178 T 178 0.0762096 0.0528887 0.0389241 0.0438782 0.0038261 0.0456952 0.0410480 0.0370879 0.0359296 0.0397618 0.1055379 0.0770527 0.0510828 0.0208597 0.0743244 0.0715789 0.0527810 0.0152113 0.0503282 0.0659939
179 P 179 0.0572662 0.0643085 0.0413191 0.0252619 0.0295515 0.0528483 0.0397516 0.0445756 0.0232295 0.0225193 0.0439739 0.0686509 0.0188055 0.0258889 0.1869017 0.0959749 0.0828536 0.0089811 0.0174942 0.0498437
180 H 180 0.0576240 0.0578405 0.0495025 0.0580941 0.0287339 0.0425551 0.0546405 0.0455766 0.0652483 0.0385152 0.1073192 0.0823871 0.0134193 0.0316251 0.0949926 0.0714187 0.0370465 0.0075497 0.0201782 0.0357330
181 P 181 0.0390372 0.0707122 0.0518681 0.0563867 0.0104030 0.0549621 0.0833654 0.0644648 0.0446572 0.0402507 0.1033644 0.0666743 0.0216486 0.0235280 0.0715713 0.0722448 0.0390291 0.0019261 0.0371328 0.0467732
182 F 182 0.0540562 0.0607514 0.0262168 0.0652228 0.0294391 0.0414139 0.0904273 0.0403175 0.0249715 0.0314527 0.1058501 0.0767353 0.0287982 0.0280277 0.0633822 0.0918792 0.0286189 0.0129310 0.0470417 0.0524666
183 P 183 0.0603018 0.0524755 0.0479765 0.1000870 0.0490813 0.0349938 0.0628763 0.0328436 0.0395669 0.0495351 0.0695687 0.0834120 0.0395555 0.0124722 0.0929434 0.0590159 0.0664376 0.0000000 0.0255214 0.0213357
184 A 184 0.0662671 0.0489195 0.0404086 0.0616640 0.0277446 0.0369987 0.0501639 0.0380027 0.0314512 0.0551194 0.0676159 0.0687975 0.0477279 0.0391664 0.0837616 0.0616433 0.0542647 0.0169282 0.0605394 0.0428155
185 V 185 0.0560625 0.0567543 0.0212763 0.0437475 0.0145102 0.0300195 0.0526925 0.0372448 0.0291358 0.0628866 0.0740512 0.0943787 0.0213176 0.0220321 0.0856040 0.1046156 0.0781729 0.0076368 0.0437827 0.0640784
186 T 186 0.0805166 0.0452807 0.0325485 0.0409200 0.0189195 0.0580656 0.0594217 0.0349929 0.0509797 0.0440680 0.0825269 0.1216911 0.0152958 0.0219783 0.0829706 0.0615068 0.0515913 0.0000000 0.0571541 0.0395718
187 P 187 0.0683019 0.0526604 0.0543671 0.0516593 0.0262064 0.0460589 0.0694823 0.0350248 0.0091956 0.0442804 0.0696114 0.0847896 0.0272252 0.0138169 0.0873929 0.0832823 0.0789587 0.0081056 0.0476193 0.0419611
188 D 188 0.0581635 0.0489466 0.0243003 0.0671777 0.0226120 0.0672665 0.0406452 0.0508788 0.0077917 0.0578989 0.0643410 0.0910781 0.0280862 0.0415847 0.0615678 0.0582793 0.0699882 0.0041300 0.0688607 0.0664027
189 L 189 0.0452479 0.0762043 0.0141025 0.0356812 0.0215236 0.0759304 0.0421614 0.0256464 0.0192670 0.0835300 0.0980699 0.0996328 0.0286997 0.0181692 0.0655540 0.1061071 0.0729612 0.0021937 0.0261594 0.0431585
