  417         A         R         N         D         C         Q         E         G         H         I         L         K         M         F         P         S         T         W         Y         V         X    
  1 N   1 0.0000000 0.0000000 0.0516867 0.0000000 0.0000000 0.0000000 0.0000000 0.0000000 0.0192745 0.0000000 0.0000000 0.0000000 0.0000000 0.0000000 0.0000000 0.0000000 0.0000000 0.0000000 0.0000000 0.0000000 0.9290389
  2 P   2 0.0034447 0.0108173 0.0000000 0.0000000 0.0000000 0.0010329 0.0006014 0.0037693 0.0000000 0.0011184 0.0013165 0.0011079 0.0000000 0.0000000 0.1031909 0.0014802 0.0000000 0.0000000 0.0000000 0.0059573 0.8661633
  3 P   3 0.0039675 0.0007547 0.0008507 0.0090104 0.0000000 0.0003550 0.0181084 0.0024392 0.0012821 0.0000000 0.0000000 0.0019116 0.0003539 0.0000000 0.1101279 0.0025528 0.0019603 0.0000000 0.0000000 0.0144376 0.8318880
  4 P   4 0.0111607 0.0021941 0.0014567 0.0008393 0.0000000 0.0143437 0.0087017 0.0075154 0.0000000 0.0000000 0.0069490 0.0131399 0.0007410 0.0022869 0.1001763 0.0539260 0.0063927 0.0000000 0.0000000 0.0007116 0.7694648
  5 P   5 0.0058677 0.0097616 0.0016212 0.0027754 0.0000000 0.0222901 0.0052494 0.0010406 0.0020519 0.0027328 0.0114381 0.0174552 0.0000000 0.0000000 0.1354463 0.0263462 0.0099447 0.0000000 0.0008854 0.0043543 0.7407392
  6 E   6 0.0215151 0.0153615 0.0034829 0.0143433 0.0000000 0.0076163 0.0831012 0.0052487 0.0065651 0.0003244 0.0031134 0.0235137 0.0005613 0.0008514 0.0055132 0.0511090 0.0235200 0.0000000 0.0022738 0.0169383 0.7150472
  7 T   7 0.0151854 0.0056935 0.0062976 0.0081458 0.0007664 0.0073446 0.0206504 0.0125570 0.0111328 0.0050213 0.0114617 0.0138899 0.0150595 0.0145974 0.0366124 0.0336400 0.0322081 0.0008138 0.0209432 0.0223303 0.7056488
  8 S   8 0.0092367 0.0157396 0.0078522 0.0208708 0.0021718 0.0042822 0.0034387 0.0131744 0.0033487 0.0317304 0.0140004 0.0374211 0.0007443 0.0005971 0.0425288 0.0569645 0.0214068 0.0002208 0.0028457 0.0089313 0.7024939
  9 N   9 0.0209355 0.0391944 0.0556277 0.0177033 0.0004807 0.0237197 0.0230739 0.0091088 0.0060241 0.0004543 0.0055487 0.0219857 0.0064780 0.0027293 0.0200696 0.0263998 0.0101411 0.0000000 0.0096759 0.0052311 0.6954183
 10 P  10 0.0184866 0.0312094 0.0088794 0.0047801 0.0057165 0.0024308 0.0057038 0.0174476 0.0021208 0.0015044 0.0105072 0.0288663 0.0008422 0.0000000 0.1003158 0.0451569 0.0202483 0.0029435 0.0005663 0.0105557 0.6817183
 11 N  11 0.0219094 0.0354114 0.0359020 0.0126506 0.0026496 0.0173426 0.0098934 0.0440563 0.0058438 0.0044243 0.0040880 0.0684480 0.0011312 0.0006539 0.0101422 0.0369357 0.0173913 0.0000000 0.0051823 0.0076745 0.6582694
 12 K  12 0.0082208 0.0878447 0.0073216 0.0025759 0.0004807 0.0095578 0.0109098 0.0034021 0.0014846 0.0003922 0.0144338 0.1561884 0.0020482 0.0007159 0.0051066 0.0264652 0.0068320 0.0000000 0.0004952 0.0036832 0.6518412
 13 P  13 0.0080558 0.0339860 0.0156638 0.0027062 0.0018583 0.0157952 0.0207920 0.0048479 0.0046348 0.0009121 0.0008463 0.0754526 0.0049928 0.0000000 0.1066489 0.0334775 0.0105567 0.0008675 0.0034062 0.0071006 0.6473988
 14 K  14 0.0100175 0.0384113 0.0094385 0.0026037 0.0006142 0.0088805 0.0091735 0.0999805 0.0008169 0.0177330 0.0094433 0.0852057 0.0093081 0.0026387 0.0193844 0.0163711 0.0180751 0.0000000 0.0014133 0.0115341 0.6289566
 15 R  15 0.0034085 0.1634728 0.0118252 0.0005813 0.0066617 0.0020014 0.0058316 0.0080336 0.0064155 0.0082113 0.0103329 0.0719968 0.0041300 0.0228125 0.0300631 0.0122262 0.0085956 0.0025082 0.0064385 0.0023725 0.6120807
 16 Q  16 0.0104236 0.0346609 0.0159603 0.0247341 0.0012039 0.0224974 0.0159289 0.0061327 0.0227043 0.0107171 0.0614289 0.0627147 0.0393713 0.0010777 0.0076129 0.0151809 0.0116628 0.0069479 0.0101663 0.0215850 0.5972883
 17 T  17 0.0144413 0.0106217 0.0041067 0.0119654 0.0000000 0.0199837 0.0152269 0.0060731 0.0022294 0.0068222 0.0229010 0.0379687 0.0051667 0.0024479 0.0566721 0.0389181 0.1538724 0.0000000 0.0010915 0.0052309 0.5842604
 18 N  18 0.0158785 0.0155941 0.1249803 0.0479182 0.0010136 0.0126664 0.0655789 0.0050572 0.0203413 0.0021491 0.0022955 0.0390407 0.0044143 0.0031167 0.0293656 0.0272040 0.0083980 0.0000000 0.0030145 0.0021225 0.5698503
 19 Q  19 0.0133041 0.0226207 0.0162912 0.0366366 0.0046289 0.1229867 0.0961359 0.0019721 0.0072008 0.0075822 0.0055437 0.0342508 0.0022626 0.0003059 0.0199846 0.0142913 0.0040953 0.0000000 0.0029976 0.0166508 0.5702582
 20 L  20 0.0111245 0.0024485 0.0024057 0.0182998 0.0024423 0.0238751 0.0075949 0.0012544 0.0077950 0.0128378 0.2652448 0.0067865 0.0258586 0.0039788 0.0007815 0.0004267 0.0093355 0.0233512 0.0030474 0.0100506 0.5610605
 21 Q  21 0.0050461 0.0603870 0.0066849 0.0089197 0.0051958 0.0986192 0.0286782 0.0002555 0.0261819 0.0139109 0.0219501 0.0936680 0.0198015 0.0135798 0.0000000 0.0065770 0.0117511 0.0033126 0.0354802 0.0031777 0.5368228
 22 Y  22 0.0346566 0.0409485 0.0181316 0.0242364 0.0000000 0.0432292 0.0479641 0.0017009 0.0143460 0.0137900 0.0030654 0.0870769 0.0028573 0.0341721 0.0020985 0.0124501 0.0200666 0.0010529 0.0657812 0.0026003 0.5297755
 23 L  23 0.0692005 0.0195071 0.0055895 0.0028813 0.0056970 0.0382788 0.0044873 0.0077934 0.0074552 0.0275722 0.1193792 0.0300433 0.0181847 0.0552176 0.0021366 0.0112450 0.0080575 0.0000000 0.0076754 0.0248252 0.5347734
 24 L  24 0.0093790 0.0037107 0.0015845 0.0000000 0.1629235 0.0442636 0.0027951 0.0000000 0.0065173 0.0172775 0.1720514 0.0065601 0.0294777 0.0312174 0.0000000 0.0009829 0.0003499 0.0000000 0.0106476 0.0089333 0.4913284
 25 R  25 0.0179974 0.0665155 0.0319345 0.0056142 0.0014519 0.0380889 0.0631061 0.0162189 0.0137497 0.0035753 0.0341955 0.1195496 0.0346097 0.0074615 0.0000000 0.0296131 0.0075084 0.0010519 0.0136585 0.0078379 0.4862615
 26 V  26 0.0343668 0.0267132 0.0270810 0.0179010 0.0039240 0.0416339 0.0548641 0.0174218 0.0171523 0.0147689 0.0104419 0.0406979 0.0083895 0.0052005 0.0421351 0.0405142 0.0493884 0.0000000 0.0048922 0.0578002 0.4847131
 27 V  27 0.0089812 0.0013640 0.0000000 0.0000000 0.0076417 0.0004251 0.0000000 0.0006198 0.0000000 0.1003668 0.1478246 0.0078990 0.0083866 0.0085344 0.0000000 0.0069278 0.0396142 0.0000000 0.0000000 0.1776537 0.4837610
 28 L  28 0.0000000 0.0056221 0.0003327 0.0000000 0.0004843 0.0005951 0.0000000 0.0000000 0.0069041 0.0660118 0.3026215 0.0017130 0.0289984 0.0166649 0.0000000 0.0000000 0.0059488 0.0047429 0.0355082 0.0393882 0.4844640
 29 K  29 0.0182870 0.0422506 0.0653666 0.0795332 0.0004479 0.0218666 0.0852862 0.0036286 0.0004021 0.0023858 0.0062678 0.1362598 0.0054989 0.0000000 0.0036169 0.0212065 0.0262820 0.0000000 0.0007641 0.0019856 0.4786639
 30 T  30 0.1018512 0.0221875 0.0146646 0.0177442 0.0019056 0.0400412 0.0747547 0.0133204 0.0009887 0.0096618 0.0171286 0.0568658 0.0021040 0.0084052 0.0070676 0.0537086 0.0464556 0.0000000 0.0134748 0.0199143 0.4777555
 31 L  31 0.0142311 0.0090159 0.0000000 0.0019678 0.0000000 0.0026446 0.0000000 0.0000000 0.0000000 0.0844505 0.2748725 0.0003959 0.0418697 0.0049850 0.0000000 0.0006782 0.0026315 0.0000000 0.0000000 0.0836403 0.4786169
 32 W  32 0.0078634 0.0452569 0.0047356 0.0058740 0.0076007 0.0332649 0.0236922 0.0022959 0.0072577 0.0041355 0.0347134 0.0932156 0.0586783 0.0282294 0.0007546 0.0096778 0.0143442 0.0877452 0.0317918 0.0228550 0.4760178
 33 K  33 0.0427404 0.0949441 0.0619388 0.0215120 0.0040396 0.0268589 0.0196014 0.0208631 0.0019668 0.0009980 0.0031755 0.1506681 0.0004094 0.0000000 0.0000000 0.0556102 0.0193505 0.0000000 0.0000000 0.0039432 0.4713799
 34 H  34 0.0048857 0.0346040 0.0148130 0.0059159 0.0135806 0.0461614 0.0122388 0.0044752 0.2152951 0.0052783 0.0393042 0.0530028 0.0087881 0.0025697 0.0039991 0.0154447 0.0110434 0.0000000 0.0316672 0.0036025 0.4733304
 35 Q  35 0.0149933 0.0552645 0.0101600 0.0602472 0.0017126 0.0586385 0.0584841 0.0038341 0.0224755 0.0022550 0.0066174 0.1510153 0.0025255 0.0020519 0.0355275 0.0251166 0.0160629 0.0000000 0.0000000 0.0009074 0.4721105
 36 F  36 0.0161858 0.0025904 0.0100045 0.1154339 0.0069047 0.0032015 0.0454452 0.0129341 0.0571793 0.0342943 0.0319721 0.0007624 0.0080938 0.0805874 0.0082732 0.0275943 0.0143416 0.0127560 0.0348140 0.0085887 0.4680427
 37 A  37 0.2310019 0.0003351 0.0052192 0.0004899 0.0250380 0.0004083 0.0016102 0.0475552 0.0063088 0.0015902 0.0016046 0.0020949 0.0019904 0.0042468 0.0000000 0.1935592 0.0031032 0.0000000 0.0119902 0.0059677 0.4558864
 38 W  38 0.0287279 0.0152725 0.0050969 0.0194633 0.0000000 0.0050369 0.0756323 0.0244022 0.0065558 0.0160225 0.0425102 0.0078076 0.0066132 0.0112270 0.0025038 0.0166815 0.0164336 0.2092605 0.0217695 0.0131736 0.4558093
 39 P  39 0.0350559 0.0000000 0.0052450 0.0057238 0.0009889 0.0004615 0.0014502 0.0000000 0.0129774 0.0277071 0.0465642 0.0000000 0.0167417 0.0112734 0.3297610 0.0055622 0.0069957 0.0048933 0.0021226 0.0337298 0.4527462
 40 F  40 0.0000000 0.0000000 0.0000000 0.0000000 0.0000000 0.0000000 0.0000000 0.0000000 0.0000000 0.0000000 0.0016915 0.0000000 0.0000000 0.5451433 0.0000000 0.0000000 0.0000000 0.0000000 0.0048984 0.0000000 0.4482668
 41 Q  41 0.0244294 0.0947250 0.0297715 0.0018906 0.0004385 0.0542100 0.0058321 0.0003936 0.0228716 0.0359586 0.1282376 0.0179666 0.0606115 0.0115685 0.0007090 0.0086942 0.0076107 0.0018104 0.0371722 0.0087272 0.4463712
 42 Q  42 0.0236875 0.0581558 0.0155920 0.0204923 0.0000000 0.1100888 0.1061570 0.0107952 0.0252257 0.0041782 0.0168940 0.0675406 0.0033092 0.0130525 0.0000000 0.0107804 0.0209559 0.0007917 0.0098066 0.0161766 0.4663199
 43 P  43 0.0155657 0.0051523 0.0022972 0.0000000 0.0000000 0.0004980 0.0005306 0.0000000 0.0000000 0.0000000 0.0005101 0.0162732 0.0020713 0.0000000 0.4052563 0.0054315 0.0003566 0.0000000 0.0000000 0.0000000 0.5460573
 44 V  44 0.0000000 0.0000000 0.0000000 0.0000000 0.0000000 0.0000000 0.0000000 0.0000000 0.0000000 0.0012009 0.0045043 0.0000000 0.0015122 0.0000000 0.0026797 0.0000000 0.0022214 0.0000000 0.0000000 0.4369135 0.5509680
 45 D  45 0.0079342 0.0000000 0.0417520 0.3551768 0.0017126 0.0040436 0.0017720 0.0000000 0.0000000 0.0014519 0.0728561 0.0160270 0.0000000 0.0019678 0.0020317 0.0010023 0.0000000 0.0000000 0.0006382 0.0094011 0.4822328
 46 A  46 0.1024201 0.0003057 0.0005579 0.0014404 0.0008838 0.0024530 0.0025321 0.0000000 0.0045411 0.0062925 0.0207548 0.0018780 0.0002826 0.0019098 0.3217935 0.0041947 0.0287869 0.0027974 0.0031409 0.0267249 0.4663098
 47 V  47 0.0184374 0.0056823 0.0197465 0.0116680 0.0011443 0.0243785 0.0360912 0.0031629 0.0021729 0.0350057 0.0091960 0.0777417 0.0013936 0.0010672 0.0069542 0.1236454 0.0140108 0.0000000 0.0016320 0.1492026 0.4576667
 48 K  48 0.0885043 0.1052635 0.0020265 0.0035768 0.0000000 0.0058375 0.0246507 0.0153086 0.0007090 0.0046594 0.0486421 0.2123867 0.0028715 0.0018745 0.0006057 0.0169018 0.0047672 0.0064151 0.0013165 0.0095581 0.4441246
 49 L  49 0.0055596 0.0746059 0.0039282 0.0330450 0.0094065 0.0088021 0.0171304 0.0003243 0.0053838 0.0013705 0.2479872 0.0738450 0.0105133 0.0044109 0.0087788 0.0240763 0.0026232 0.0038805 0.0015736 0.0095367 0.4532180
 50 N  50 0.0075416 0.0022142 0.1237544 0.0496069 0.0070586 0.0590668 0.0667738 0.1073135 0.0132619 0.0188224 0.0283116 0.0322202 0.0065486 0.0110142 0.0000000 0.0131085 0.0171199 0.0005237 0.0163879 0.0033429 0.4160084
 51 L  51 0.0504171 0.0000000 0.0009761 0.0047445 0.0058816 0.0104024 0.0223937 0.0000000 0.0125853 0.1200337 0.1380137 0.0000000 0.0000000 0.0196609 0.0000000 0.0012259 0.0021693 0.0061029 0.1401830 0.0623826 0.4028272
 52 P  52 0.0102103 0.0000000 0.0000000 0.0018069 0.0000000 0.0002718 0.0024473 0.0008628 0.0371206 0.0011220 0.0053893 0.0010113 0.0000000 0.0000000 0.5212645 0.0039768 0.0033664 0.0035037 0.0023232 0.0034275 0.4018957
 53 D  53 0.0043842 0.0031384 0.0347878 0.3736447 0.0000000 0.0060130 0.0445389 0.0209625 0.0126373 0.0000000 0.0049478 0.0154003 0.0038449 0.0067194 0.0000000 0.0220011 0.0406947 0.0000000 0.0023657 0.0024725 0.4014466
 54 Y  54 0.0000000 0.0000000 0.0000000 0.0000000 0.0000000 0.0000000 0.0000000 0.0000000 0.0011464 0.0000000 0.0000000 0.0000000 0.0016663 0.0000000 0.0000000 0.0000000 0.0008006 0.0000000 0.5973197 0.0000000 0.3990670
 55 Y  55 0.0094330 0.0181019 0.0023852 0.0000000 0.0153580 0.0000000 0.0000000 0.0000000 0.0928155 0.0003529 0.0157558 0.0056632 0.0000000 0.1156284 0.0263399 0.0059025 0.0011697 0.0000000 0.2877680 0.0042591 0.3990670
 56 K  56 0.0300659 0.0121632 0.0348351 0.1483649 0.0000000 0.0575935 0.1062447 0.0022603 0.0077385 0.0029866 0.0046724 0.0976867 0.0052689 0.0011680 0.0000000 0.0270524 0.0580914 0.0000000 0.0028350 0.0019057 0.3990670
 57 I  57 0.0040955 0.0066803 0.0016046 0.0013343 0.0000000 0.0149796 0.0137258 0.0000000 0.0065583 0.2796457 0.0122703 0.0191611 0.0065299 0.0140689 0.0000000 0.0010493 0.0096830 0.0000000 0.0178000 0.1922838 0.3985297
 58 I  58 0.0000000 0.0000000 0.0000000 0.0000000 0.0000000 0.0000000 0.0000000 0.0000000 0.0000000 0.4614104 0.0019963 0.0000000 0.0000000 0.0000000 0.0000000 0.0000000 0.0013422 0.0000000 0.0000000 0.1389428 0.3963083
 59 K  59 0.0347595 0.0178578 0.0044499 0.0201197 0.0003867 0.0187446 0.0410659 0.0000000 0.0039060 0.0006243 0.0151754 0.3608502 0.0006391 0.0000000 0.0093611 0.0372870 0.0276545 0.0000000 0.0000000 0.0102657 0.3968527
 60 T  60 0.0047140 0.0630441 0.1141780 0.0144148 0.0071493 0.0526342 0.0759492 0.0000000 0.0766286 0.0040064 0.0011770 0.0879194 0.0067199 0.0066783 0.0000000 0.0113009 0.0456726 0.0000000 0.0271847 0.0034808 0.3971477
 61 P  61 0.0035123 0.0019223 0.0000000 0.0000000 0.0000000 0.0000000 0.0023936 0.0000000 0.0000000 0.0000000 0.0000000 0.0000000 0.0000000 0.0000000 0.5936250 0.0010395 0.0000000 0.0000000 0.0000000 0.0006546 0.3968527
 62 M  62 0.0019963 0.0029336 0.0000000 0.0000000 0.0000000 0.0000000 0.0000000 0.0000000 0.0000000 0.1594177 0.0068145 0.0000000 0.4040276 0.0000000 0.0000000 0.0005156 0.0144819 0.0000000 0.0000000 0.0137034 0.3961095
 63 D  63 0.0065673 0.0000000 0.0006730 0.5516090 0.0054105 0.0000000 0.0005581 0.0000000 0.0016250 0.0000000 0.0000000 0.0000000 0.0000000 0.0000000 0.0000000 0.0361853 0.0000000 0.0027392 0.0000000 0.0000000 0.3946326
 64 M  64 0.0000000 0.0000000 0.0000000 0.0019963 0.0019242 0.0000000 0.0000000 0.0000000 0.0000000 0.0254325 0.4376686 0.0000000 0.0874791 0.0446773 0.0011464 0.0000000 0.0000000 0.0000000 0.0000000 0.0049351 0.3947405
 65 G  65 0.0192601 0.0330990 0.0223849 0.0045197 0.0016458 0.0259357 0.0088558 0.1681852 0.0078208 0.0042145 0.0342286 0.0542964 0.0132706 0.0044013 0.0000000 0.1612722 0.0287409 0.0000000 0.0092259 0.0040099 0.3946326
 66 T  66 0.0086230 0.0137373 0.0011118 0.0053874 0.0029295 0.0314710 0.0014256 0.0029597 0.0000000 0.0113984 0.0188690 0.0437376 0.0124013 0.0000000 0.0000000 0.0204825 0.4276787 0.0003295 0.0000000 0.0028249 0.3946326
 67 I  67 0.0007677 0.0000000 0.0000000 0.0000000 0.0000000 0.0000000 0.0000000 0.0000000 0.0000000 0.4135289 0.0090697 0.0000000 0.0782608 0.0000000 0.0000000 0.0000000 0.0000000 0.0000000 0.0000000 0.1037402 0.3946326
 68 K  68 0.0444185 0.1040189 0.0039124 0.0102448 0.0000000 0.0616140 0.1211240 0.0077025 0.0127437 0.0032832 0.0050851 0.1976855 0.0027813 0.0000000 0.0000000 0.0192757 0.0089519 0.0004040 0.0009453 0.0011768 0.3946326
 69 K  69 0.0231429 0.0764560 0.0282057 0.0103953 0.0000000 0.0739151 0.0473963 0.0045721 0.0263798 0.0038851 0.0048010 0.1826209 0.0121328 0.0011602 0.0000000 0.0499876 0.0495500 0.0000000 0.0028869 0.0078795 0.3946326
 70 R  70 0.0003631 0.1819711 0.0518138 0.0038163 0.0006957 0.0071239 0.0007077 0.0003824 0.0028878 0.0000000 0.0003711 0.3424364 0.0019242 0.0000000 0.0000000 0.0008104 0.0097214 0.0000000 0.0003424 0.0000000 0.3946326
 71 L  71 0.0006057 0.0000000 0.0012051 0.0000000 0.0003758 0.0005366 0.0000000 0.0024926 0.0028108 0.1142268 0.4148582 0.0000000 0.0298477 0.0111408 0.0000000 0.0000000 0.0005331 0.0005813 0.0000000 0.0241567 0.3966289
 72 E  72 0.0218513 0.0527325 0.0450961 0.0732569 0.0004984 0.0531016 0.1395256 0.0048039 0.0116677 0.0068091 0.0179118 0.1296922 0.0041818 0.0000000 0.0000000 0.0151738 0.0115175 0.0000000 0.0026956 0.0100738 0.3994104
 73 N  73 0.0502201 0.0194511 0.1904592 0.0267224 0.0018101 0.0164480 0.0154226 0.0267572 0.0176025 0.0020500 0.0068355 0.0501026 0.0185945 0.0000000 0.0002458 0.0689064 0.0709883 0.0000000 0.0046525 0.0133209 0.3994104
 74 N  74 0.0048806 0.0483402 0.1366047 0.0658585 0.0077567 0.0110591 0.0339410 0.1808769 0.0162371 0.0028054 0.0097365 0.0350432 0.0008943 0.0010465 0.0078605 0.0211369 0.0049601 0.0035601 0.0033143 0.0039527 0.4001348
 75 Y  75 0.0471791 0.0282033 0.0137218 0.0247890 0.0010448 0.0768614 0.0989941 0.0089416 0.0114239 0.0039741 0.0280239 0.0522775 0.0065300 0.0281427 0.0000000 0.0322850 0.0078018 0.0050340 0.1053049 0.0155478 0.4039194
 76 Y  76 0.0000000 0.0000000 0.0000000 0.0000000 0.0009170 0.0000000 0.0000000 0.0000000 0.0024766 0.0034718 0.0000000 0.0000000 0.0000000 0.0039472 0.0000000 0.0000000 0.0000000 0.0000000 0.5860993 0.0007613 0.4023268
 77 W  77 0.0537712 0.0564474 0.0185709 0.0391828 0.0107698 0.0382352 0.0662292 0.0124820 0.0136425 0.0027557 0.0090569 0.0717021 0.0025596 0.0022906 0.0267947 0.0543714 0.0436760 0.0511062 0.0086729 0.0151158 0.4025670
 78 N  78 0.0149865 0.0254372 0.0753855 0.0832130 0.0070471 0.0091680 0.0185372 0.0126383 0.0079286 0.0027525 0.0015010 0.0235144 0.0021782 0.0007992 0.0015348 0.1807187 0.1260035 0.0020549 0.0013257 0.0018530 0.4014227
 79 A  79 0.1125035 0.0146204 0.0003544 0.0000000 0.0008809 0.0016652 0.0244310 0.0096027 0.0055700 0.0499163 0.0913044 0.0323000 0.0162821 0.0127380 0.1106296 0.0201474 0.0069483 0.0006057 0.0021775 0.0842336 0.4030890
 80 Q  80 0.0354678 0.0195698 0.0286805 0.0928871 0.0006059 0.0515992 0.1252623 0.0143921 0.0074506 0.0015141 0.0140299 0.0455736 0.0079385 0.0046408 0.0021715 0.0792019 0.0167747 0.0387551 0.0047153 0.0056803 0.4030890
 81 E  81 0.0597915 0.0014344 0.0012113 0.1202402 0.0000000 0.0804503 0.2610598 0.0159567 0.0109145 0.0018755 0.0157217 0.0047831 0.0033264 0.0019242 0.0000000 0.0084608 0.0091978 0.0000000 0.0000000 0.0015015 0.4021504
 82 C  82 0.0220169 0.0000000 0.0000000 0.0000000 0.0650007 0.0000000 0.0000000 0.0000000 0.0000000 0.0223567 0.1094132 0.0000000 0.0646321 0.2445489 0.0000000 0.0016094 0.0011024 0.0031175 0.0327406 0.0315121 0.4019494
 83 I  83 0.1050923 0.0075873 0.0032247 0.0059743 0.0217343 0.0101957 0.0630597 0.0031244 0.0025619 0.1105793 0.0302892 0.0265458 0.0564231 0.0029330 0.0000000 0.0117922 0.0292883 0.0010697 0.0048363 0.1010235 0.4026648
 84 Q  84 0.1484323 0.0264826 0.0283191 0.0863692 0.0084624 0.0557171 0.0638537 0.0238847 0.0076328 0.0017248 0.0058883 0.0567912 0.0019558 0.0012369 0.0000000 0.0361211 0.0130692 0.0146348 0.0079265 0.0076412 0.4038564
 85 D  85 0.0026198 0.0000000 0.0010994 0.5693667 0.0000000 0.0000000 0.0177608 0.0000000 0.0037386 0.0000000 0.0007613 0.0012398 0.0000000 0.0000000 0.0000000 0.0014659 0.0000000 0.0000000 0.0000000 0.0021611 0.3997866
 86 F  86 0.0192974 0.0000000 0.0000000 0.0000000 0.0066550 0.0000000 0.0000000 0.0012398 0.0000000 0.0782655 0.0949742 0.0000000 0.0766605 0.1505381 0.0000000 0.0003840 0.0010485 0.0000000 0.0049036 0.1642790 0.4017544
 87 N  87 0.0043500 0.1654658 0.1096079 0.0318220 0.0009591 0.0244459 0.0472186 0.0026521 0.0052375 0.0023211 0.0240730 0.0769183 0.0141057 0.0124082 0.0000000 0.0127350 0.0145844 0.0338298 0.0097775 0.0073982 0.4000898
 88 T  88 0.0024939 0.0181669 0.0003380 0.0000000 0.0000000 0.0313090 0.0027265 0.0000000 0.0000000 0.0086742 0.4205642 0.0119244 0.0049060 0.0000000 0.0000000 0.0008766 0.0726452 0.0000000 0.0176723 0.0076130 0.4000898
 89 M  89 0.0000000 0.0000000 0.0000000 0.0000000 0.0024286 0.0000000 0.0000000 0.0000000 0.0000000 0.1384298 0.0711151 0.0000000 0.2876073 0.0016672 0.0000000 0.0000000 0.0329616 0.0000000 0.0000000 0.0669060 0.3988844
 90 F  90 0.0145561 0.0000000 0.0000000 0.0000000 0.0210628 0.0000000 0.0122632 0.0000000 0.0000000 0.0325486 0.0316095 0.0000000 0.0004209 0.3922332 0.0022972 0.0005224 0.0169506 0.0094077 0.0067263 0.0606249 0.3987765
 91 T  91 0.0219616 0.0482121 0.0837118 0.0849142 0.0000000 0.0235662 0.0625202 0.0083875 0.0211959 0.0028787 0.0048738 0.0624891 0.0022620 0.0004952 0.0000000 0.0895527 0.0780377 0.0039291 0.0009927 0.0002776 0.3997419
 92 N  92 0.0000000 0.0011219 0.5945587 0.0009698 0.0000000 0.0000000 0.0000000 0.0000000 0.0000000 0.0000000 0.0000000 0.0000000 0.0000000 0.0000000 0.0000000 0.0024529 0.0000000 0.0000000 0.0000000 0.0000000 0.4008967
 93 C  93 0.2918515 0.0000000 0.0068467 0.0000000 0.2710130 0.0000000 0.0000000 0.0006782 0.0000000 0.0000000 0.0000000 0.0000000 0.0000000 0.0000000 0.0000000 0.0197715 0.0072764 0.0000000 0.0000000 0.0021134 0.4004494
 94 Y  94 0.0066926 0.0971394 0.0005579 0.0000000 0.0273467 0.0176240 0.0194951 0.0000000 0.0037893 0.0203853 0.0290306 0.1214516 0.0444554 0.0242347 0.0000000 0.0015296 0.0005909 0.0420626 0.1257341 0.0149781 0.4029023
 95 I  95 0.0483986 0.0323824 0.0079277 0.0064966 0.0018873 0.0326704 0.0166982 0.0028388 0.0209153 0.0389146 0.1011480 0.1076570 0.0092173 0.0015499 0.0002940 0.0159231 0.1171565 0.0000000 0.0079052 0.0286086 0.4014103
 96 Y  96 0.0082348 0.0000000 0.0000000 0.0000000 0.0005373 0.0000000 0.0000000 0.0000000 0.0008470 0.0000000 0.0011219 0.0000000 0.0000000 0.1957504 0.0000000 0.0022214 0.0012231 0.0000000 0.3928297 0.0000000 0.3972344
 97 N  97 0.0000000 0.0000000 0.5508458 0.0005005 0.0000000 0.0000000 0.0015587 0.0000000 0.0003966 0.0000000 0.0014919 0.0000000 0.0014659 0.0120460 0.0000000 0.0062094 0.0100263 0.0035377 0.0417326 0.0000000 0.3701884
 98 K  98 0.0173736 0.0507761 0.0257204 0.0164967 0.0012491 0.0112702 0.1251908 0.0843120 0.0013217 0.0086806 0.0140622 0.1071413 0.0109364 0.0000000 0.1146866 0.0245477 0.0091671 0.0000000 0.0000000 0.0177656 0.3593019
 99 P  99 0.0213786 0.0128717 0.0032567 0.0392912 0.0000000 0.0044156 0.0983391 0.0013838 0.0036362 0.0053600 0.0104106 0.0937009 0.0000000 0.0000000 0.3105634 0.0199595 0.0108275 0.0015587 0.0000000 0.0099119 0.3531346
100 G 100 0.0110731 0.0139726 0.0640780 0.1237553 0.0000000 0.0092369 0.0597709 0.2018719 0.0130940 0.0034924 0.0047872 0.0134416 0.0003834 0.0007744 0.0016227 0.0378684 0.0836448 0.0010779 0.0028805 0.0012491 0.3519252
101 D 101 0.0168651 0.0025918 0.0279123 0.0774700 0.0000000 0.0092412 0.0234328 0.0000000 0.0708782 0.0000000 0.0065080 0.0077522 0.0000000 0.0000000 0.0036342 0.3304391 0.0686044 0.0000000 0.0049602 0.0000000 0.3497106
102 D 102 0.0340762 0.0528550 0.0073803 0.1401334 0.0013013 0.0873617 0.0609019 0.0090478 0.0017313 0.0209009 0.0208557 0.0336410 0.0125878 0.0083605 0.0771956 0.0211957 0.0149039 0.0044054 0.0102121 0.0326581 0.3482942
103 I 103 0.0065632 0.0010433 0.0000000 0.0000000 0.0015649 0.0011147 0.0486445 0.0000000 0.0000000 0.2127270 0.0259622 0.0000000 0.0042630 0.0184763 0.0045557 0.0014268 0.0092519 0.0003217 0.0545019 0.2670185 0.3425646
104 V 104 0.0298987 0.0137966 0.0177921 0.0026353 0.0077240 0.0000000 0.0015645 0.0213140 0.0705798 0.0027245 0.0085546 0.0000000 0.0062067 0.0317468 0.0000000 0.0282622 0.0404780 0.0090093 0.2655807 0.1036139 0.3385185
105 L 105 0.0243819 0.0931804 0.0309336 0.0097543 0.0011097 0.0645587 0.0203413 0.0083756 0.0044322 0.0293956 0.0772469 0.1983250 0.0204135 0.0104567 0.0007090 0.0201412 0.0164731 0.0011220 0.0012308 0.0289000 0.3385185
106 M 106 0.0672927 0.0209282 0.0090413 0.1479497 0.0358065 0.0159502 0.0159459 0.0000000 0.0118974 0.0125001 0.0186807 0.0079116 0.2035638 0.0132930 0.0057401 0.0186150 0.0085146 0.0102483 0.0338438 0.0050157 0.3372615
107 A 107 0.4387714 0.0000000 0.0000000 0.0000000 0.0444519 0.0049923 0.0005025 0.0939513 0.0000000 0.0014966 0.0163206 0.0041221 0.0040730 0.0000000 0.0011817 0.0227327 0.0150147 0.0000000 0.0011826 0.0127480 0.3384585
108 E 108 0.0045702 0.0514470 0.0523701 0.0288586 0.0255971 0.0879291 0.0713939 0.0012222 0.0327906 0.0215084 0.0559389 0.0959057 0.0050181 0.0021035 0.0000000 0.0250946 0.0453056 0.0000000 0.0033644 0.0409378 0.3486443
109 A 109 0.0647246 0.0553800 0.0499571 0.0154660 0.0042207 0.0370913 0.0468707 0.0162823 0.0063586 0.0330297 0.0143418 0.1496202 0.0129330 0.0008174 0.0004762 0.0441890 0.0700567 0.0057401 0.0044510 0.0201877 0.3478059
110 L 110 0.0022332 0.0000000 0.0000000 0.0000000 0.0048653 0.0000000 0.0000000 0.0000000 0.0000000 0.0550647 0.5387488 0.0000000 0.0476086 0.0093861 0.0000000 0.0036845 0.0039678 0.0000000 0.0011826 0.0242113 0.3090472
111 E 111 0.0156010 0.0365479 0.0099126 0.0033830 0.0028855 0.1156528 0.2255079 0.0022941 0.0092371 0.0017043 0.0410038 0.1046448 0.0110633 0.0010384 0.0000000 0.0572603 0.0118239 0.0303395 0.0041955 0.0031829 0.3127213
112 K 112 0.0634662 0.0615069 0.0462532 0.0601911 0.0223860 0.0372899 0.1043393 0.0134515 0.0078030 0.0053126 0.0072703 0.2163895 0.0009896 0.0000000 0.0010766 0.0257136 0.0137326 0.0012398 0.0000000 0.0031916 0.3083966
113 L 113 0.0507066 0.0058755 0.0148129 0.0103113 0.0173974 0.0102147 0.0096264 0.0003385 0.0114457 0.1097041 0.1312669 0.0106649 0.0156818 0.0540119 0.0009911 0.0167791 0.0140775 0.0021859 0.0283218 0.1742899 0.3112961
114 F 114 0.0260878 0.0012094 0.0000000 0.0000000 0.0127975 0.0019994 0.0000000 0.0020379 0.0000000 0.0393041 0.0498969 0.0038036 0.0396569 0.4297917 0.0000000 0.0029928 0.0092027 0.0043070 0.0288771 0.0351759 0.3128590
115 L 115 0.0147227 0.0358468 0.0567246 0.0373948 0.0000000 0.0806039 0.1790759 0.0007486 0.0238249 0.0095895 0.0967318 0.0367367 0.0218807 0.0066750 0.0057401 0.0253671 0.0157770 0.0134235 0.0158241 0.0227102 0.3006020
116 Q 116 0.0555401 0.0733235 0.0276492 0.0343414 0.0000000 0.1068330 0.0662325 0.0075080 0.0223931 0.0025565 0.0075820 0.1466899 0.0261445 0.0047069 0.0021732 0.0554673 0.0517720 0.0000000 0.0028403 0.0061643 0.3000822
117 K 117 0.0448861 0.0946549 0.0104823 0.0093307 0.0025034 0.0895170 0.0497039 0.0063278 0.0311397 0.0116610 0.0338165 0.2475350 0.0104121 0.0040248 0.0000000 0.0100505 0.0284532 0.0012968 0.0031776 0.0086170 0.3024098
118 I 118 0.0131421 0.0526087 0.0016048 0.0000000 0.0101624 0.0040698 0.0000000 0.0000000 0.0011972 0.1114039 0.1653024 0.0562390 0.0703228 0.0335284 0.0000000 0.0022972 0.0022149 0.0806557 0.0361339 0.0621460 0.2969709
119 N 119 0.1183283 0.0379219 0.0387531 0.0419879 0.0035277 0.0345568 0.0357542 0.0123726 0.0076106 0.0134576 0.0396652 0.1157387 0.0112099 0.0041938 0.0678529 0.0499198 0.0259091 0.0066195 0.0044062 0.0203411 0.3098729
120 E 120 0.0148312 0.0502398 0.0492241 0.0295246 0.0034712 0.0719212 0.1724156 0.0153606 0.0095607 0.0030886 0.0234805 0.1332083 0.0020876 0.0051060 0.0417627 0.0322635 0.0113549 0.0011972 0.0089644 0.0076398 0.3132975
121 L 121 0.0071622 0.0108064 0.0031173 0.0030100 0.0054893 0.0042650 0.0177845 0.0003544 0.0145064 0.1263943 0.1678860 0.0168298 0.1747617 0.0287516 0.0040283 0.0030729 0.0069089 0.0016721 0.0131062 0.0589246 0.3311682
122 P 122 0.0143945 0.0305672 0.0112432 0.0226508 0.0120530 0.0124074 0.0621423 0.0120986 0.0011621 0.0017990 0.0396766 0.0170902 0.0408765 0.0188181 0.2685857 0.0281010 0.0156363 0.0000000 0.0073013 0.0159411 0.3674553
123 T 123 0.0387042 0.0393987 0.0187424 0.0512303 0.0040431 0.0998753 0.0572210 0.0188797 0.0136039 0.0028530 0.0315351 0.1067631 0.0085809 0.0040411 0.0545275 0.0549438 0.0175735 0.0000000 0.0019525 0.0054912 0.3700396
124 E 124 0.0316030 0.0373960 0.0206275 0.0478384 0.0036584 0.0212919 0.1332064 0.0436558 0.0119832 0.0103856 0.0136204 0.0506069 0.0139792 0.0098864 0.0199151 0.0485233 0.0251389 0.0320501 0.0099304 0.0172445 0.3974586
125 E 125 0.0053894 0.0132188 0.0144471 0.0659846 0.0050135 0.0177837 0.1723777 0.0200112 0.0092112 0.0217022 0.0512838 0.0132856 0.0144420 0.0191607 0.0341160 0.0238894 0.0037629 0.0112827 0.0597648 0.0109742 0.4128985
126 T 126 0.0271990 0.0160546 0.0169296 0.0612287 0.0086395 0.0238622 0.0707890 0.0429493 0.0134101 0.0590373 0.0331247 0.0247840 0.0135672 0.0066048 0.0323476 0.0204014 0.0244204 0.0024315 0.0307924 0.0365220 0.4349047
127 E 127 0.0566893 0.0123259 0.0142217 0.0543611 0.0012821 0.0093329 0.1251953 0.0241919 0.0145742 0.0207486 0.0096746 0.0260156 0.0042671 0.0084750 0.0236508 0.0438206 0.0349401 0.0039477 0.0383572 0.0361621 0.4377663
128 I 128 0.0247322 0.0655550 0.0173946 0.0517390 0.0351102 0.0206494 0.0614797 0.0174006 0.0200881 0.0346557 0.0379908 0.0288673 0.0129112 0.0035971 0.0437387 0.0290064 0.0133676 0.0068609 0.0031050 0.0240011 0.4477493
129 M 129 0.0271751 0.0122647 0.0143945 0.0486809 0.0425641 0.0195046 0.0395321 0.0260355 0.0098726 0.0161874 0.0621531 0.0124205 0.0241449 0.0031581 0.0407311 0.0575360 0.0310411 0.0039442 0.0076757 0.0506183 0.4503655
130 I 130 0.0270419 0.0194050 0.0142641 0.0509363 0.0087014 0.0183361 0.0208486 0.0602449 0.0226879 0.0285310 0.0124112 0.0383939 0.0172493 0.0152169 0.0549383 0.0428025 0.0171880 0.0014108 0.0109559 0.0640898 0.4543461
131 V 131 0.0248790 0.0424296 0.0134530 0.0406816 0.0083988 0.0203185 0.0517923 0.0171221 0.0172354 0.0116535 0.0409328 0.0457321 0.0054401 0.0347061 0.0517345 0.0348009 0.0169559 0.0033221 0.0242089 0.0351648 0.4590378
132 Q 132 0.0288311 0.0234646 0.0189740 0.0728811 0.0029881 0.0249451 0.0643188 0.0112365 0.0080569 0.0184130 0.0209274 0.0656481 0.0089578 0.0079151 0.0452580 0.0560584 0.0216428 0.0037600 0.0070157 0.0288036 0.4599039
133 A 133 0.0285566 0.0422885 0.0140523 0.0287413 0.0206254 0.0336170 0.0522139 0.0147930 0.0122690 0.0251803 0.0353391 0.0448417 0.0211835 0.0149890 0.0667818 0.0218370 0.0209966 0.0000000 0.0271705 0.0105450 0.4639784
134 K 134 0.0454410 0.0414537 0.0175533 0.0282798 0.0072455 0.0117690 0.0530060 0.0264543 0.0109269 0.0217956 0.0238863 0.0894255 0.0140864 0.0049774 0.0153272 0.0402166 0.0361067 0.0117849 0.0112352 0.0223638 0.4666649
135 G 135 0.0260263 0.0340406 0.0208501 0.0307183 0.0056420 0.0142449 0.0309951 0.0482624 0.0456371 0.0349629 0.0274459 0.0594077 0.0044786 0.0355774 0.0266266 0.0423100 0.0222338 0.0000000 0.0076365 0.0185136 0.4643902
136 R 136 0.0278285 0.0621780 0.0347177 0.0176821 0.0072719 0.0220808 0.0333189 0.0167721 0.0048706 0.0173779 0.0391334 0.0824223 0.0049676 0.0060714 0.0409308 0.0602184 0.0192269 0.0007736 0.0064354 0.0283937 0.4673281
137 G 137 0.0330395 0.0379150 0.0131045 0.0291306 0.0080592 0.0139506 0.0459892 0.0542469 0.0118708 0.0070479 0.0124024 0.0793337 0.0109237 0.0070509 0.0541957 0.0755906 0.0235235 0.0000000 0.0071011 0.0081278 0.4673966
138 R 138 0.0181772 0.0551773 0.0203979 0.0386245 0.0131782 0.0435859 0.0262626 0.0230706 0.0150664 0.0234203 0.0373372 0.0470833 0.0191669 0.0098295 0.0273160 0.0457738 0.0335476 0.0042290 0.0161293 0.0145854 0.4680411
139 G 139 0.0668875 0.0277603 0.0169755 0.0207892 0.0073517 0.0265285 0.0360088 0.0449586 0.0034006 0.0062701 0.0221218 0.0607458 0.0053806 0.0082016 0.0474336 0.0610667 0.0339536 0.0035187 0.0048780 0.0264577 0.4693111
140 R 140 0.0278577 0.0462644 0.0217850 0.0286830 0.0045890 0.0273798 0.0414973 0.0185893 0.0068391 0.0285898 0.0748953 0.0448456 0.0070331 0.0114054 0.0391180 0.0516498 0.0268453 0.0000000 0.0022767 0.0193472 0.4705089
141 K 141 0.0437245 0.0401698 0.0127486 0.0219744 0.0416645 0.0145133 0.0394308 0.0358692 0.0080243 0.0352592 0.0202380 0.0265304 0.0075109 0.0087442 0.0294547 0.0348496 0.0383395 0.0063494 0.0164888 0.0415740 0.4765417
142 E 142 0.0293503 0.0315444 0.0122257 0.0283028 0.0341309 0.0227210 0.0405916 0.0360847 0.0147706 0.0177800 0.0199712 0.0511550 0.0082287 0.0070089 0.0457189 0.0285239 0.0275920 0.0020548 0.0128013 0.0506072 0.4788360
143 T 143 0.0282829 0.0321645 0.0148541 0.0315492 0.0129985 0.0152896 0.0337793 0.0334027 0.0090021 0.0174333 0.0285559 0.0614197 0.0150268 0.0080251 0.0340648 0.0468609 0.0256898 0.0037213 0.0317274 0.0355039 0.4806484
144 G 144 0.0403383 0.0456585 0.0142535 0.0282128 0.0153860 0.0171909 0.0191417 0.0785867 0.0128079 0.0225442 0.0313696 0.0236590 0.0088969 0.0035107 0.0502272 0.0332883 0.0299791 0.0065238 0.0116091 0.0241221 0.4826936
145 T 145 0.0306629 0.0330229 0.0128457 0.0316137 0.0192388 0.0176920 0.0292409 0.0461729 0.0100403 0.0178028 0.0376053 0.0682747 0.0084157 0.0139725 0.0247477 0.0463497 0.0255787 0.0022711 0.0202752 0.0190277 0.4851488
146 A 146 0.0385186 0.0461594 0.0265684 0.0264464 0.0070328 0.0392560 0.0237556 0.0241932 0.0041461 0.0294229 0.0211483 0.0416868 0.0141297 0.0119002 0.0302840 0.0534048 0.0372065 0.0042134 0.0063658 0.0288731 0.4852881
147 K 147 0.0359202 0.0433949 0.0182006 0.0258581 0.0133009 0.0202993 0.0454848 0.0162963 0.0081043 0.0339707 0.0439423 0.0313241 0.0110590 0.0088551 0.0362593 0.0339402 0.0401761 0.0054868 0.0084035 0.0331380 0.4865854
148 P 148 0.0376497 0.0341459 0.0170524 0.0262981 0.0349770 0.0091048 0.0350674 0.0302171 0.0075849 0.0259963 0.0188986 0.0392534 0.0168355 0.0126379 0.0359340 0.0414941 0.0306743 0.0013735 0.0283371 0.0308254 0.4856426
149 G 149 0.0367250 0.0560450 0.0122452 0.0266965 0.0051305 0.0201201 0.0375871 0.0598962 0.0096762 0.0120630 0.0202935 0.0354021 0.0119235 0.0174233 0.0340037 0.0310847 0.0517448 0.0037836 0.0147005 0.0197153 0.4837402
150 V 150 0.0356436 0.0359591 0.0094216 0.0270653 0.0045410 0.0292486 0.0274370 0.0323572 0.0094651 0.0500353 0.0309257 0.0378822 0.0170566 0.0033010 0.0587888 0.0421674 0.0302549 0.0010432 0.0111453 0.0227558 0.4835054
151 S 151 0.0356822 0.0351904 0.0143214 0.0201192 0.0129727 0.0263963 0.0261251 0.0178823 0.0179537 0.0194873 0.0274086 0.0201110 0.0116667 0.0279618 0.0579841 0.0653412 0.0408000 0.0056254 0.0098139 0.0224683 0.4846882
152 T 152 0.0339608 0.0604629 0.0156106 0.0182771 0.0121011 0.0364478 0.0451823 0.0151568 0.0189933 0.0071425 0.0162137 0.0489112 0.0040819 0.0108686 0.0506951 0.0414513 0.0370502 0.0032533 0.0168614 0.0222948 0.4849834
153 V 153 0.0367354 0.0263988 0.0200608 0.0408965 0.0122030 0.0266017 0.0386265 0.0447239 0.0135559 0.0172924 0.0272406 0.0277136 0.0108926 0.0130350 0.0408345 0.0424062 0.0231392 0.0022765 0.0209000 0.0302776 0.4841894
154 P 154 0.0444037 0.0672470 0.0110975 0.0226648 0.0151823 0.0249516 0.0286897 0.0339903 0.0101668 0.0165994 0.0255639 0.0364221 0.0217000 0.0158890 0.0472648 0.0435182 0.0206021 0.0030524 0.0109635 0.0208281 0.4792028
155 N 155 0.0342975 0.0381253 0.0158701 0.0195137 0.0053080 0.0379556 0.0435452 0.0295416 0.0171902 0.0138139 0.0195442 0.0384658 0.0181152 0.0201221 0.0403247 0.0376295 0.0490768 0.0076971 0.0193318 0.0191778 0.4753542
156 T 156 0.0321616 0.0319412 0.0092577 0.0254104 0.0193116 0.0193174 0.0337392 0.0289044 0.0135637 0.0238445 0.0353222 0.0381770 0.0051503 0.0293209 0.0535219 0.0373916 0.0411015 0.0000000 0.0319482 0.0296813 0.4609336
157 T 157 0.0564276 0.0389869 0.0145053 0.0162431 0.0103802 0.0119498 0.0267194 0.0295506 0.0065987 0.0160471 0.0175160 0.0307883 0.0096863 0.0123185 0.0487739 0.0941455 0.0349587 0.0210807 0.0274195 0.0175754 0.4583287
158 Q 158 0.0295861 0.0376208 0.0268051 0.0294691 0.0091377 0.0294069 0.0492073 0.0177543 0.0123246 0.0246008 0.0208418 0.0342445 0.0138303 0.0163006 0.0344440 0.0730882 0.0341502 0.0010728 0.0107207 0.0403202 0.4550740
159 A 159 0.0454634 0.0497981 0.0158789 0.0241989 0.0222055 0.0195985 0.0352151 0.0330197 0.0165631 0.0487505 0.0266077 0.0260558 0.0143654 0.0183835 0.0336679 0.0352113 0.0224062 0.0086556 0.0319134 0.0170213 0.4550203
160 S 160 0.0350086 0.0322766 0.0142261 0.0275653 0.0192678 0.0412202 0.0348973 0.0172826 0.0105917 0.0122568 0.0401512 0.0252427 0.0133779 0.0253821 0.0400784 0.0585973 0.0366818 0.0044285 0.0209794 0.0363616 0.4541260
161 T 161 0.0401869 0.0396474 0.0443504 0.0252456 0.0108736 0.0204933 0.0249624 0.0141669 0.0203964 0.0189398 0.0271195 0.0314223 0.0231779 0.0317723 0.0420023 0.0405149 0.0374188 0.0091253 0.0209248 0.0258525 0.4514067
162 P 162 0.0462926 0.0572319 0.0131626 0.0260718 0.0278175 0.0228658 0.0456890 0.0261706 0.0157647 0.0219545 0.0248058 0.0279823 0.0074197 0.0051824 0.0444128 0.0589232 0.0439664 0.0026027 0.0082796 0.0280566 0.4453475
163 P 163 0.0564492 0.0272616 0.0212465 0.0254212 0.0041835 0.0135448 0.0347398 0.0226667 0.0020084 0.0145238 0.0424480 0.0333740 0.0036783 0.0051399 0.0747569 0.0873724 0.0357862 0.0042464 0.0317324 0.0192359 0.4401843
164 Q 164 0.0333648 0.0228796 0.0240114 0.0265622 0.0128283 0.0376390 0.0395323 0.0252239 0.0259497 0.0478942 0.0260490 0.0388063 0.0083108 0.0109378 0.0429769 0.0612279 0.0266175 0.0024905 0.0111874 0.0350654 0.4404451
165 T 165 0.0393351 0.0280915 0.0349438 0.0296163 0.0009153 0.0288304 0.0316692 0.0226223 0.0108945 0.0159589 0.0271243 0.0532009 0.0087037 0.0343089 0.0423322 0.0588362 0.0418532 0.0036279 0.0199685 0.0300955 0.4370714
166 Q 166 0.0437503 0.0367979 0.0307756 0.0269002 0.0278584 0.0434565 0.0564201 0.0164922 0.0090671 0.0123401 0.0088159 0.0520431 0.0086031 0.0178547 0.0524168 0.0617817 0.0210877 0.0021497 0.0204498 0.0165369 0.4344021
167 T 167 0.0346306 0.0433158 0.0331067 0.0444803 0.0183325 0.0335923 0.0439656 0.0271820 0.0090971 0.0203133 0.0318730 0.0265385 0.0083465 0.0094995 0.0430905 0.0562101 0.0329261 0.0009913 0.0129311 0.0351752 0.4344021
168 P 168 0.0346092 0.0511588 0.0201355 0.0238750 0.0064753 0.0348230 0.0354416 0.0229892 0.0101875 0.0148887 0.0426912 0.0595709 0.0097473 0.0118912 0.0506364 0.0411296 0.0253750 0.0050420 0.0192838 0.0449904 0.4350585
169 Q 169 0.0403329 0.0425716 0.0164271 0.0272274 0.0275565 0.0415213 0.0176618 0.0222779 0.0068072 0.0252384 0.0247759 0.0753782 0.0117729 0.0094695 0.0479433 0.0489452 0.0367397 0.0066745 0.0140422 0.0223751 0.4342616
170 P 170 0.0261815 0.0197164 0.0148476 0.0191347 0.0045398 0.0525103 0.0351975 0.0183181 0.0085027 0.0060571 0.0318693 0.0422569 0.0157081 0.0181274 0.0906298 0.0849380 0.0246400 0.0026745 0.0169314 0.0343879 0.4328312
171 N 171 0.0511379 0.0367903 0.0515927 0.0187446 0.0073971 0.0255807 0.0265401 0.0345395 0.0077625 0.0124638 0.0456844 0.0593748 0.0113610 0.0105896 0.0372351 0.0500372 0.0270217 0.0015701 0.0223127 0.0325425 0.4297219
172 P 172 0.0368525 0.0366082 0.0255726 0.0257655 0.0154521 0.0169742 0.0495654 0.0582936 0.0148005 0.0244308 0.0239756 0.0256424 0.0166627 0.0224731 0.0578978 0.0410329 0.0400208 0.0051653 0.0190868 0.0124597 0.4312675
173 P 173 0.0275168 0.0373328 0.0198293 0.0167530 0.0113896 0.0320244 0.0267961 0.0214616 0.0179772 0.0478304 0.0343847 0.0423331 0.0250551 0.0147045 0.0496506 0.0291369 0.0445395 0.0100126 0.0402534 0.0203680 0.4306505
174 P 174 0.0375383 0.0279352 0.0140312 0.0214984 0.0120044 0.0373849 0.0347173 0.0369635 0.0266784 0.0227735 0.0390951 0.0466173 0.0126872 0.0142180 0.0606648 0.0374279 0.0436747 0.0054835 0.0114585 0.0273285 0.4298197
175 V 175 0.0485815 0.0221812 0.0219880 0.0225009 0.0121182 0.0159162 0.0236430 0.0335856 0.0028531 0.0196505 0.0674126 0.0466215 0.0211811 0.0199635 0.0469140 0.0416376 0.0393370 0.0012738 0.0208436 0.0419117 0.4298856
176 Q 176 0.0331151 0.0227367 0.0264999 0.0306642 0.0106544 0.0226723 0.0312886 0.0329151 0.0287883 0.0212152 0.0616765 0.0384140 0.0237790 0.0173973 0.0491727 0.0441344 0.0219017 0.0039423 0.0164505 0.0317656 0.4308162
177 A 177 0.0358744 0.0324888 0.0466801 0.0326440 0.0165946 0.0304693 0.0238018 0.0380996 0.0194023 0.0209357 0.0462451 0.0357748 0.0161022 0.0148675 0.0397737 0.0413037 0.0350379 0.0085482 0.0150592 0.0188014 0.4314959
178 T 178 0.0433314 0.0303167 0.0221204 0.0249945 0.0021878 0.0258788 0.0233924 0.0211114 0.0207078 0.0226382 0.0601601 0.0440883 0.0296008 0.0119486 0.0419223 0.0408652 0.0300880 0.0086346 0.0288746 0.0378029 0.4293352
179 P 179 0.0330024 0.0365229 0.0237869 0.0145853 0.0171522 0.0302253 0.0229099 0.0258575 0.0134600 0.0130122 0.0253167 0.0397543 0.0107552 0.0148021 0.1073804 0.0550326 0.0477757 0.0051748 0.0100746 0.0284859 0.4249330
180 H 180 0.0330981 0.0330116 0.0284948 0.0334820 0.0167414 0.0246857 0.0313455 0.0259907 0.0380523 0.0220743 0.0622878 0.0477975 0.0077012 0.0183308 0.0544660 0.0410299 0.0214476 0.0041164 0.0115201 0.0207765 0.4235497
