  106         A         R         N         D         C         Q         E         G         H         I         L         K         M         F         P         S         T         W         Y         V         X    
  1 G   1 0.0000000 0.0000000 0.0000000 0.0000000 0.0000000 0.0000000 0.0000000 0.0299096 0.0000000 0.0000000 0.0000000 0.0000000 0.0000000 0.0000000 0.0000000 0.0000000 0.0000000 0.0000000 0.0000000 0.0000000 0.9700904
  2 S   2 0.0125726 0.0000000 0.0000000 0.0000000 0.0000000 0.0000000 0.0000000 0.0000000 0.0000000 0.0000000 0.0000000 0.0000000 0.0000000 0.0000000 0.0000000 0.0173371 0.0117332 0.0000000 0.0000000 0.0000000 0.9583572
  3 S   3 0.0000000 0.0000000 0.0000000 0.0193333 0.0000000 0.0000000 0.0067748 0.8145347 0.0000000 0.0000000 0.0000000 0.0000000 0.0000000 0.0000000 0.0000000 0.0442028 0.0000000 0.0000000 0.0000000 0.0000000 0.1151543
  4 H   4 0.0000000 0.0000000 0.0000000 0.3679358 0.0000000 0.0205687 0.4732707 0.0353420 0.0173371 0.0000000 0.0000000 0.0000000 0.0000000 0.0000000 0.0000000 0.0000000 0.0000000 0.0000000 0.0000000 0.0000000 0.0855457
  5 H   5 0.0000000 0.0000000 0.0071846 0.3498317 0.0000000 0.0000000 0.5891397 0.0083712 0.0173371 0.0000000 0.0000000 0.0000000 0.0000000 0.0000000 0.0000000 0.0281357 0.0000000 0.0000000 0.0000000 0.0000000 0.0000000
  6 H   6 0.0189653 0.0000000 0.0074242 0.2145181 0.0000000 0.0156233 0.5538326 0.1467292 0.0173371 0.0000000 0.0000000 0.0239904 0.0000000 0.0000000 0.0000000 0.0015796 0.0000000 0.0000000 0.0000000 0.0000000 0.0000000
  7 H   7 0.0053056 0.0000000 0.0033961 0.9036505 0.0000000 0.0000000 0.0324538 0.0160997 0.0173371 0.0000000 0.0000000 0.0000000 0.0000000 0.0000000 0.0000000 0.0095836 0.0121736 0.0000000 0.0000000 0.0000000 0.0000000
  8 H   8 0.0387401 0.0000000 0.0045884 0.0000000 0.0000000 0.0040475 0.0000000 0.0091552 0.0173371 0.0000000 0.0000000 0.0000000 0.0000000 0.0000000 0.0017810 0.8348249 0.0685937 0.0000000 0.0000000 0.0209321 0.0000000
  9 H   9 0.0092038 0.0465009 0.0358757 0.0049230 0.0030590 0.0978067 0.1075397 0.0000000 0.4535563 0.0105186 0.0133149 0.0000000 0.0000000 0.0258705 0.0000000 0.1048115 0.0471720 0.0000000 0.0109294 0.0289180 0.0000000
 10 S  10 0.0000000 0.0000000 0.0000000 0.0000000 0.0000000 0.0000000 0.0000000 0.0000000 0.0000000 0.0261575 0.8124839 0.0000000 0.0177953 0.1051758 0.0000000 0.0173371 0.0000000 0.0000000 0.0100103 0.0110402 0.0000000
 11 S  11 0.0174942 0.0000000 0.0000000 0.0000000 0.0000000 0.0000000 0.0214525 0.8873927 0.0000000 0.0000000 0.0093056 0.0227913 0.0000000 0.0000000 0.0000000 0.0325644 0.0000000 0.0000000 0.0000000 0.0089993 0.0000000
 12 G  12 0.0000000 0.0000000 0.0040483 0.9520372 0.0000000 0.0000000 0.0265774 0.0173371 0.0000000 0.0000000 0.0000000 0.0000000 0.0000000 0.0000000 0.0000000 0.0000000 0.0000000 0.0000000 0.0000000 0.0000000 0.0000000
 13 L  13 0.0000000 0.0000000 0.0000000 0.0000000 0.0000000 0.0000000 0.0000000 0.0000000 0.0000000 0.0000000 0.1279693 0.0000000 0.0249423 0.8414577 0.0000000 0.0000000 0.0000000 0.0000000 0.0000000 0.0056307 0.0000000
 14 V  14 0.0000000 0.0000000 0.0000000 0.0000000 0.0000000 0.0000000 0.0000000 0.0000000 0.0000000 0.8940226 0.0397864 0.0000000 0.0000000 0.0000000 0.0000000 0.0000000 0.0000000 0.0000000 0.0000000 0.0661910 0.0000000
 15 P  15 0.0469815 0.0000000 0.0000000 0.0000000 0.0000000 0.0306430 0.7811887 0.0000000 0.0058873 0.0000000 0.0000000 0.0045600 0.0000000 0.0000000 0.0874577 0.0124425 0.0024047 0.0000000 0.0000000 0.0173425 0.0110920
 16 R  16 0.0000000 0.0173371 0.0045884 0.9208729 0.0000000 0.0000000 0.0000000 0.0000000 0.0000000 0.0000000 0.0000000 0.0000000 0.0000000 0.0000000 0.0000000 0.0206706 0.0000000 0.0000000 0.0000000 0.0000000 0.0365310
 17 G  17 0.0247777 0.0179489 0.0168081 0.1408447 0.0009748 0.0793785 0.0632091 0.0497293 0.0100678 0.0052499 0.0013879 0.2139536 0.0008989 0.0014189 0.0086820 0.1638094 0.0715955 0.0000000 0.0000000 0.0230432 0.1062219
 18 S  18 0.0403535 0.0045635 0.1637647 0.1998784 0.0000000 0.0074582 0.1606327 0.0282165 0.0154353 0.0000000 0.0000000 0.0396372 0.0045560 0.0000000 0.0000000 0.0985333 0.0364299 0.0000000 0.0000000 0.0000000 0.2005409
 19 H  19 0.5084462 0.0000000 0.0495198 0.0000000 0.0000000 0.0012491 0.0550386 0.0021618 0.0198695 0.0045083 0.0000000 0.0000000 0.0028175 0.0081814 0.0000000 0.0161710 0.1002246 0.0000000 0.0000000 0.0057693 0.2260430
 20 M  20 0.0107278 0.0109496 0.0150398 0.0262384 0.0000000 0.0016012 0.0043167 0.0200339 0.0080364 0.1049402 0.0833820 0.0289770 0.0369974 0.0089993 0.0241895 0.0436744 0.1110532 0.0000000 0.0018464 0.1846305 0.2743664
 21 L  21 0.0321045 0.0000000 0.0028096 0.0000000 0.0000000 0.0227393 0.0081525 0.0278731 0.0000000 0.1332970 0.1195910 0.0000000 0.0305069 0.0056391 0.0015139 0.0105063 0.0017329 0.0000000 0.0000000 0.2081375 0.3953963
 22 E  22 0.0958212 0.0000000 0.0029306 0.0277216 0.0000000 0.0139571 0.1600741 0.0055184 0.0024024 0.0233805 0.0347251 0.0081146 0.0063181 0.0000000 0.1449086 0.0222075 0.0068005 0.0000000 0.0000000 0.0181286 0.4269913
 23 L  23 0.1686260 0.0000000 0.1009663 0.0091662 0.0000000 0.0062484 0.0000000 0.0048076 0.0000000 0.0000000 0.0528070 0.0089059 0.0014387 0.0000000 0.0187184 0.3056843 0.0648850 0.0000000 0.0000000 0.0260973 0.2316488
 24 P  24 0.0000000 0.0000000 0.0000000 0.0000000 0.0000000 0.0000000 0.0066348 0.0000000 0.0000000 0.0073909 0.0000000 0.0000000 0.0000000 0.0000000 0.9049795 0.0000000 0.0000000 0.0000000 0.0000000 0.0183049 0.0626898
 25 L  25 0.2409660 0.0000000 0.0000000 0.0595247 0.0000000 0.0103089 0.1463016 0.0086366 0.0050516 0.0717880 0.1044371 0.0138903 0.0257387 0.0181625 0.0125610 0.0893176 0.0126911 0.0058750 0.0175695 0.1529452 0.0042348
 26 D  26 0.0161548 0.0076902 0.0292429 0.5194282 0.0000000 0.0244203 0.3306955 0.0077551 0.0104455 0.0010801 0.0021717 0.0157035 0.0147591 0.0000000 0.0000000 0.0042627 0.0050188 0.0000000 0.0000000 0.0111716 0.0000000
 27 S  27 0.4959965 0.0047861 0.0182996 0.0232637 0.0014277 0.0330781 0.0784259 0.0000000 0.0370771 0.0168605 0.0226045 0.0087053 0.0276081 0.0097273 0.0000000 0.1533752 0.0202519 0.0011590 0.0251602 0.0221932 0.0000000
 28 A  28 0.6315529 0.0000000 0.0000000 0.0000000 0.0000000 0.0000000 0.0000000 0.0000000 0.0000000 0.0229853 0.0106823 0.0000000 0.0089948 0.0000000 0.0000000 0.0000000 0.1043840 0.0000000 0.0000000 0.2214007 0.0000000
 29 T  29 0.1837601 0.0000000 0.0344676 0.0128092 0.0000000 0.0092355 0.0518771 0.0272099 0.0000000 0.1293260 0.0397265 0.0000000 0.0521739 0.0023064 0.0000000 0.2200559 0.1754671 0.0000000 0.0000000 0.0615849 0.0000000
 30 T  30 0.0255339 0.0939448 0.0562168 0.0226056 0.0012358 0.1335976 0.0039484 0.0164596 0.0477170 0.0129467 0.0250373 0.0758589 0.0112609 0.2076914 0.0000000 0.1053156 0.0215352 0.0000000 0.1241108 0.0083488 0.0066348
 31 E  31 0.1125843 0.0167849 0.0465315 0.0065769 0.0000000 0.0569087 0.1631724 0.0202234 0.0163073 0.0411502 0.0343810 0.0357331 0.0372969 0.0091658 0.0000000 0.1512536 0.1761029 0.0000000 0.0119031 0.0572891 0.0066348
 32 S  32 0.0107436 0.0079413 0.1310248 0.0125782 0.0000000 0.0065825 0.0073909 0.0663330 0.0000000 0.0253105 0.4576242 0.0167526 0.1105216 0.0071205 0.0000000 0.1276578 0.0019480 0.0000000 0.0000000 0.0104705 0.0000000
 33 L  33 0.0000000 0.0044021 0.0000000 0.0000000 0.0000000 0.0000000 0.0000000 0.0000000 0.0000000 0.0053792 0.9253719 0.0000000 0.0564606 0.0033346 0.0000000 0.0000000 0.0000000 0.0000000 0.0000000 0.0050516 0.0000000
 34 R  34 0.0222107 0.4176137 0.0000000 0.0000000 0.0020833 0.1830922 0.0012143 0.0047611 0.0199129 0.0044166 0.0000000 0.2868710 0.0042535 0.0000000 0.0000000 0.0393425 0.0084430 0.0000000 0.0000000 0.0057853 0.0000000
 35 A  35 0.0401955 0.0311746 0.0152598 0.1469117 0.0000000 0.0427730 0.6304799 0.0086191 0.0029659 0.0017302 0.0106150 0.0387706 0.0036387 0.0032637 0.0000000 0.0095902 0.0085247 0.0000000 0.0000000 0.0054875 0.0000000
 36 A  36 0.1447601 0.0012573 0.0016435 0.0557347 0.0000000 0.4417297 0.0769462 0.0000000 0.0553777 0.0057012 0.0000000 0.0474709 0.0114392 0.0000000 0.0000000 0.0127509 0.0828096 0.0000000 0.0040829 0.0582963 0.0000000
 37 T  37 0.0024383 0.0000000 0.0000000 0.0000000 0.0020519 0.0000000 0.0000000 0.0000000 0.0000000 0.2184954 0.4300868 0.0000000 0.0058191 0.0146863 0.0000000 0.0000000 0.2285126 0.0000000 0.0000000 0.0979096 0.0000000
 38 H  38 0.0221487 0.1070322 0.0762811 0.1468800 0.0010269 0.0669358 0.2436092 0.0216167 0.0734875 0.0151449 0.0084548 0.0743069 0.0137225 0.0029338 0.0000000 0.0386376 0.0792869 0.0000000 0.0000000 0.0084945 0.0000000
 39 D  39 0.0461240 0.0882457 0.0582265 0.1874780 0.0000000 0.0573128 0.2639427 0.0424612 0.0108976 0.0000000 0.0016172 0.0800219 0.0045482 0.0000000 0.0000000 0.1243522 0.0320881 0.0000000 0.0000000 0.0026840 0.0000000
 40 V  40 0.0591679 0.0000000 0.0000000 0.0000000 0.0000000 0.0000000 0.0000000 0.0000000 0.0000000 0.0975357 0.0632827 0.0000000 0.0197999 0.0000000 0.0000000 0.0031499 0.0057221 0.0000000 0.0000000 0.7513418 0.0000000
 41 L  41 0.0000000 0.0000000 0.0000000 0.0000000 0.0000000 0.0000000 0.0000000 0.0000000 0.0000000 0.0232000 0.9491135 0.0000000 0.0061825 0.0164501 0.0000000 0.0000000 0.0000000 0.0000000 0.0000000 0.0050539 0.0000000
 42 A  42 0.2080260 0.0118168 0.0573046 0.2564146 0.0088648 0.0267512 0.1115389 0.0467234 0.0301327 0.0000000 0.0027751 0.0583272 0.0071846 0.0000000 0.0000000 0.1543355 0.0198047 0.0000000 0.0000000 0.0000000 0.0000000
 43 G  43 0.0213371 0.0035606 0.0120742 0.0270177 0.0209610 0.0046823 0.0272652 0.1264502 0.0022902 0.0041708 0.0000000 0.0296881 0.0000000 0.0000000 0.0000000 0.1915078 0.5269166 0.0000000 0.0020782 0.0000000 0.0000000
 44 L  44 0.0000000 0.0000000 0.0000000 0.0000000 0.0000000 0.0000000 0.0000000 0.0000000 0.0000000 0.0000000 0.9896167 0.0000000 0.0103833 0.0000000 0.0000000 0.0000000 0.0000000 0.0000000 0.0000000 0.0000000 0.0000000
 45 T  45 0.0236924 0.0000000 0.0312982 0.0000000 0.0000000 0.0072574 0.0000000 0.0249177 0.0038866 0.0000000 0.0000000 0.0219574 0.0000000 0.0000000 0.0820416 0.2467864 0.5581624 0.0000000 0.0000000 0.0000000 0.0000000
 46 A  46 0.1044543 0.0000000 0.0010583 0.1621346 0.0000000 0.0075338 0.2908343 0.0032444 0.0019379 0.0011465 0.0032882 0.0000000 0.0000000 0.0000000 0.3888362 0.0193300 0.0029176 0.0020617 0.0099909 0.0012313 0.0000000
 47 R  47 0.0000000 0.9707512 0.0000000 0.0000000 0.0000000 0.0089993 0.0000000 0.0000000 0.0000000 0.0000000 0.0000000 0.0202496 0.0000000 0.0000000 0.0000000 0.0000000 0.0000000 0.0000000 0.0000000 0.0000000 0.0000000
 48 E  48 0.0000000 0.0000000 0.0000000 0.0000000 0.0000000 0.0000000 1.0000000 0.0000000 0.0000000 0.0000000 0.0000000 0.0000000 0.0000000 0.0000000 0.0000000 0.0000000 0.0000000 0.0000000 0.0000000 0.0000000 0.0000000
 49 A  49 0.3579438 0.1967576 0.0000000 0.0000000 0.0000000 0.0992009 0.2401545 0.0031751 0.0049066 0.0000000 0.0000000 0.0761186 0.0013000 0.0000000 0.0000000 0.0060028 0.0000000 0.0000000 0.0000000 0.0144401 0.0000000
 50 K  50 0.0000000 0.1719522 0.0456285 0.0406482 0.0000000 0.0527511 0.0953470 0.1036370 0.0018358 0.0000000 0.0030363 0.4415372 0.0333880 0.0000000 0.0000000 0.0059304 0.0043084 0.0000000 0.0000000 0.0000000 0.0000000
 51 V  51 0.0000000 0.0000000 0.0000000 0.0000000 0.0000000 0.0000000 0.0000000 0.0000000 0.0000000 0.1035816 0.0000000 0.0000000 0.0000000 0.0000000 0.0000000 0.0000000 0.0000000 0.0000000 0.0000000 0.8964184 0.0000000
 52 L  52 0.0000000 0.0000000 0.0000000 0.0000000 0.0000000 0.0000000 0.0000000 0.0000000 0.0000000 0.2010367 0.6974605 0.0000000 0.0056307 0.0000000 0.0000000 0.0000000 0.0000000 0.0000000 0.0000000 0.0958721 0.0000000
 53 R  53 0.0179187 0.5989604 0.0000000 0.0000000 0.0000000 0.0695373 0.0307558 0.0000000 0.0000000 0.0224076 0.0045156 0.1631708 0.0171307 0.0000000 0.0000000 0.0439722 0.0118170 0.0000000 0.0098462 0.0099677 0.0000000
 54 M  54 0.0000000 0.0000000 0.0000000 0.0000000 0.0000000 0.0118187 0.0000000 0.0000000 0.0000000 0.0000000 0.4576229 0.0119305 0.4736826 0.0072148 0.0000000 0.0038866 0.0000000 0.0000000 0.0338440 0.0000000 0.0000000
 55 R  55 0.0000000 1.0000000 0.0000000 0.0000000 0.0000000 0.0000000 0.0000000 0.0000000 0.0000000 0.0000000 0.0000000 0.0000000 0.0000000 0.0000000 0.0000000 0.0000000 0.0000000 0.0000000 0.0000000 0.0000000 0.0000000
 56 F  56 0.0000000 0.0000000 0.0000000 0.0000000 0.0000000 0.0000000 0.0000000 0.0000000 0.0000000 0.0000000 0.0000000 0.0100103 0.0000000 0.8122342 0.0000000 0.0000000 0.0000000 0.0000000 0.1777555 0.0000000 0.0000000
 57 G  57 0.0000000 0.0000000 0.0000000 0.0000000 0.0000000 0.0000000 0.0000000 1.0000000 0.0000000 0.0000000 0.0000000 0.0000000 0.0000000 0.0000000 0.0000000 0.0000000 0.0000000 0.0000000 0.0000000 0.0000000 0.0000000
 58 I  58 0.0000000 0.0000000 0.0000000 0.0000000 0.0000000 0.0000000 0.0000000 0.0000000 0.0000000 0.3444585 0.6251243 0.0000000 0.0067533 0.0096976 0.0000000 0.0000000 0.0000000 0.0050539 0.0000000 0.0089123 0.0000000
 59 D  59 0.0221903 0.0044815 0.0125040 0.3356849 0.0000000 0.0028220 0.2152788 0.1717064 0.0000000 0.0282701 0.0473045 0.0243736 0.0021219 0.0058750 0.0000000 0.0010627 0.0813191 0.0000000 0.0115560 0.0334490 0.0000000
 60 M  60 0.0000000 0.0000000 0.0077266 0.6210058 0.0059304 0.0020833 0.0448811 0.0238280 0.0000000 0.0062494 0.0048949 0.0000000 0.2461811 0.0000000 0.0000000 0.0115867 0.0188579 0.0000000 0.0000000 0.0067748 0.0000000
 61 N  61 0.0108707 0.0023567 0.2135515 0.0268256 0.0000000 0.0049629 0.0016585 0.6273411 0.0014032 0.0000000 0.0031499 0.0329768 0.0000000 0.0000000 0.0159708 0.0469260 0.0120064 0.0000000 0.0000000 0.0000000 0.0000000
 62 T  62 0.0066089 0.2558526 0.0085109 0.0183049 0.0017080 0.1281150 0.0015700 0.0023590 0.0428888 0.0049570 0.0021495 0.0687056 0.0131177 0.0054141 0.0000000 0.0861431 0.2715674 0.0000000 0.0749036 0.0071239 0.0000000
 63 D  63 0.0716783 0.0000000 0.0016166 0.3409921 0.0051995 0.0315795 0.0586728 0.0010599 0.0049720 0.0106957 0.0000000 0.0000000 0.0347390 0.0065264 0.2577330 0.0877439 0.0692287 0.0000000 0.0117647 0.0057977 0.0000000
 64 Y  64 0.0000000 0.3444972 0.0000000 0.0000000 0.0000000 0.0132275 0.0000000 0.0000000 0.3614787 0.0000000 0.0258826 0.1466443 0.0161271 0.0000000 0.0000000 0.0050975 0.0000000 0.0106353 0.0764098 0.0000000 0.0000000
 65 T  65 0.0000000 0.0000000 0.0000000 0.0000000 0.0000000 0.0000000 0.0000000 0.0000000 0.0000000 0.0000000 0.0000000 0.0000000 0.0000000 0.0000000 0.0000000 0.0000000 1.0000000 0.0000000 0.0000000 0.0000000 0.0000000
 66 L  66 0.0000000 0.0000000 0.0000000 0.0000000 0.0000000 0.0000000 0.0000000 0.0000000 0.0000000 0.0000000 1.0000000 0.0000000 0.0000000 0.0000000 0.0000000 0.0000000 0.0000000 0.0000000 0.0000000 0.0000000 0.0000000
 67 E  67 0.0000000 0.0000000 0.0000000 0.0977620 0.0000000 0.0000000 0.8923054 0.0000000 0.0000000 0.0000000 0.0000000 0.0099327 0.0000000 0.0000000 0.0000000 0.0000000 0.0000000 0.0000000 0.0000000 0.0000000 0.0000000
 68 E  68 0.0000000 0.0093056 0.0000000 0.0219073 0.0000000 0.0495485 0.9192386 0.0000000 0.0000000 0.0000000 0.0000000 0.0000000 0.0000000 0.0000000 0.0000000 0.0000000 0.0000000 0.0000000 0.0000000 0.0000000 0.0000000
 69 V  69 0.0000000 0.0000000 0.0000000 0.0000000 0.0000000 0.0000000 0.0000000 0.0000000 0.0000000 0.1939550 0.0157321 0.0000000 0.0000000 0.0000000 0.0000000 0.0000000 0.0051645 0.0000000 0.0000000 0.7851484 0.0000000
 70 G  70 0.0000000 0.0000000 0.0000000 0.0000000 0.0000000 0.0000000 0.0000000 0.9900566 0.0000000 0.0000000 0.0000000 0.0000000 0.0000000 0.0000000 0.0000000 0.0099434 0.0000000 0.0000000 0.0000000 0.0000000 0.0000000
 71 K  71 0.0100103 0.1737653 0.0049720 0.0061685 0.0000000 0.2578527 0.0110712 0.0030590 0.0084575 0.0000000 0.0284794 0.4563214 0.0063896 0.0000000 0.0000000 0.0140540 0.0090045 0.0000000 0.0074914 0.0029031 0.0000000
 72 Q  72 0.0037398 0.0194800 0.0036818 0.0312234 0.0000000 0.3197883 0.1991315 0.0020617 0.0146811 0.0754894 0.0352967 0.0342432 0.0172607 0.0088222 0.0000000 0.0110995 0.0050161 0.0000000 0.0660475 0.1529372 0.0000000
 73 F  73 0.0000000 0.0000000 0.0000000 0.0000000 0.0000000 0.0000000 0.0000000 0.0000000 0.0000000 0.0000000 0.0088642 0.0000000 0.0117332 0.8888074 0.0000000 0.0000000 0.0000000 0.0000000 0.0905952 0.0000000 0.0000000
 74 D  74 0.0144435 0.0066674 0.2108213 0.2501581 0.0037723 0.0128408 0.0287119 0.3405885 0.0057534 0.0000000 0.0000000 0.0576044 0.0000000 0.0019480 0.0000000 0.0645365 0.0021540 0.0000000 0.0000000 0.0000000 0.0000000
 75 V  75 0.0000000 0.0000000 0.0000000 0.0000000 0.0000000 0.0000000 0.0000000 0.0000000 0.0000000 0.0512164 0.0172443 0.0000000 0.0000000 0.0000000 0.0000000 0.0000000 0.0000000 0.0000000 0.0000000 0.9315393 0.0000000
 76 T  76 0.0000000 0.0000000 0.0000000 0.0000000 0.0000000 0.0000000 0.0000000 0.0000000 0.0000000 0.0000000 0.0000000 0.0000000 0.0000000 0.0000000 0.0123713 0.0000000 0.9876287 0.0000000 0.0000000 0.0000000 0.0000000
 77 R  77 0.0000000 0.9876287 0.0000000 0.0000000 0.0000000 0.0123713 0.0000000 0.0000000 0.0000000 0.0000000 0.0000000 0.0000000 0.0000000 0.0000000 0.0000000 0.0000000 0.0000000 0.0000000 0.0000000 0.0000000 0.0000000
 78 E  78 0.0000000 0.0000000 0.0000000 0.0000000 0.0000000 0.0000000 1.0000000 0.0000000 0.0000000 0.0000000 0.0000000 0.0000000 0.0000000 0.0000000 0.0000000 0.0000000 0.0000000 0.0000000 0.0000000 0.0000000 0.0000000
 79 R  79 0.0000000 1.0000000 0.0000000 0.0000000 0.0000000 0.0000000 0.0000000 0.0000000 0.0000000 0.0000000 0.0000000 0.0000000 0.0000000 0.0000000 0.0000000 0.0000000 0.0000000 0.0000000 0.0000000 0.0000000 0.0000000
 80 I  80 0.0000000 0.0000000 0.0000000 0.0000000 0.0000000 0.0000000 0.0000000 0.0000000 0.0000000 0.9488173 0.0000000 0.0000000 0.0000000 0.0000000 0.0000000 0.0000000 0.0000000 0.0000000 0.0000000 0.0511827 0.0000000
 81 R  81 0.0000000 1.0000000 0.0000000 0.0000000 0.0000000 0.0000000 0.0000000 0.0000000 0.0000000 0.0000000 0.0000000 0.0000000 0.0000000 0.0000000 0.0000000 0.0000000 0.0000000 0.0000000 0.0000000 0.0000000 0.0000000
 82 Q  82 0.0000000 0.0000000 0.0000000 0.0000000 0.0000000 1.0000000 0.0000000 0.0000000 0.0000000 0.0000000 0.0000000 0.0000000 0.0000000 0.0000000 0.0000000 0.0000000 0.0000000 0.0000000 0.0000000 0.0000000 0.0000000
 83 I  83 0.0000000 0.0000000 0.0000000 0.0000000 0.0000000 0.0000000 0.0000000 0.0000000 0.0000000 1.0000000 0.0000000 0.0000000 0.0000000 0.0000000 0.0000000 0.0000000 0.0000000 0.0000000 0.0000000 0.0000000 0.0000000
 84 E  84 0.0000000 0.0000000 0.0000000 0.0000000 0.0000000 0.0099327 0.9900673 0.0000000 0.0000000 0.0000000 0.0000000 0.0000000 0.0000000 0.0000000 0.0000000 0.0000000 0.0000000 0.0000000 0.0000000 0.0000000 0.0000000
 85 A  85 0.6965123 0.0000000 0.0126981 0.0049720 0.0000000 0.0000000 0.0093056 0.0168703 0.0000000 0.0000000 0.0000000 0.0000000 0.0000000 0.0000000 0.0000000 0.2068846 0.0047834 0.0000000 0.0000000 0.0479737 0.0000000
 86 K  86 0.0000000 0.0260779 0.0000000 0.0000000 0.0000000 0.0202128 0.0000000 0.0000000 0.0000000 0.0000000 0.0000000 0.9473197 0.0000000 0.0000000 0.0000000 0.0000000 0.0000000 0.0000000 0.0000000 0.0063896 0.0000000
 87 A  87 0.8316344 0.0000000 0.0000000 0.0000000 0.0000000 0.0000000 0.0000000 0.0037407 0.0000000 0.0000000 0.0000000 0.0000000 0.0000000 0.0000000 0.0000000 0.0045156 0.1547342 0.0000000 0.0000000 0.0053751 0.0000000
 88 L  88 0.0000000 0.0000000 0.0000000 0.0000000 0.0000000 0.0000000 0.0000000 0.0000000 0.0000000 0.0676914 0.7970341 0.0000000 0.1304481 0.0000000 0.0000000 0.0000000 0.0000000 0.0000000 0.0000000 0.0048264 0.0000000
 89 R  89 0.0449899 0.7891594 0.0065934 0.0000000 0.0000000 0.0000000 0.0000000 0.0045271 0.0000000 0.0000000 0.0017871 0.0236331 0.0000000 0.0000000 0.0000000 0.1222370 0.0038970 0.0000000 0.0000000 0.0031761 0.0000000
 90 K  90 0.0000000 0.0628583 0.0000000 0.0000000 0.0000000 0.0000000 0.0000000 0.0000000 0.0000000 0.0000000 0.0000000 0.9371417 0.0000000 0.0000000 0.0000000 0.0000000 0.0000000 0.0000000 0.0000000 0.0000000 0.0000000
 91 L  91 0.0000000 0.0000000 0.0000000 0.0000000 0.0000000 0.0000000 0.0000000 0.0000000 0.0000000 0.0078008 0.9701928 0.0000000 0.0189568 0.0000000 0.0000000 0.0030496 0.0000000 0.0000000 0.0000000 0.0000000 0.0000000
 92 R  92 0.0000000 0.8477551 0.0031271 0.0000000 0.0000000 0.0161525 0.0000000 0.0000000 0.0000000 0.0000000 0.0057726 0.1064011 0.0059637 0.0000000 0.0000000 0.0148278 0.0000000 0.0000000 0.0000000 0.0000000 0.0000000
 93 H  93 0.0041934 0.0088762 0.0341522 0.0095806 0.0000000 0.0202711 0.0039606 0.0020103 0.8966076 0.0000000 0.0000000 0.0032217 0.0000000 0.0000000 0.0000000 0.0120288 0.0000000 0.0000000 0.0050975 0.0000000 0.0000000
 94 P  94 0.0000000 0.0038970 0.0000000 0.0000000 0.0000000 0.0093578 0.0100103 0.0000000 0.0167629 0.0000000 0.0000000 0.0000000 0.0000000 0.0000000 0.9451785 0.0049472 0.0000000 0.0098462 0.0000000 0.0000000 0.0000000
 95 S  95 0.0487861 0.0237827 0.0598721 0.0000000 0.0045083 0.0075138 0.0000000 0.0207918 0.0179643 0.0077289 0.0000000 0.0290473 0.0022983 0.0000000 0.0000000 0.6365524 0.1000569 0.0000000 0.0066849 0.0344122 0.0000000
 96 R  96 0.0039606 0.8982240 0.0000000 0.0032217 0.0035606 0.0025309 0.0000000 0.0000000 0.0049066 0.0117332 0.0079831 0.0392887 0.0023064 0.0095835 0.0000000 0.0000000 0.0000000 0.0000000 0.0127006 0.0000000 0.0000000
 97 S  97 0.1200085 0.0330976 0.0415167 0.0000000 0.0014286 0.0050516 0.0000000 0.0169784 0.0000000 0.0100753 0.0280241 0.0096313 0.0000000 0.0000000 0.0000000 0.7119552 0.0162256 0.0000000 0.0000000 0.0060072 0.0000000
 98 E  98 0.0340910 0.2056020 0.0316554 0.1030617 0.0000000 0.1305914 0.1244029 0.0296152 0.0174778 0.0000000 0.0000000 0.2826683 0.0000000 0.0000000 0.0000000 0.0341369 0.0042047 0.0000000 0.0000000 0.0024926 0.0000000
 99 V  99 0.0145814 0.1126127 0.0073909 0.0000000 0.0000000 0.1020679 0.0150838 0.0211163 0.0411449 0.0428979 0.0192820 0.3745073 0.0144385 0.0070807 0.0146685 0.0168256 0.0276992 0.0000000 0.0363644 0.1322379 0.0000000
100 L 100 0.0000000 0.0000000 0.0000000 0.0000000 0.0000000 0.0000000 0.0000000 0.0000000 0.0000000 0.0430822 0.9367167 0.0000000 0.0123287 0.0000000 0.0000000 0.0000000 0.0000000 0.0000000 0.0000000 0.0078725 0.0000000
101 R 101 0.0039170 0.5263513 0.0061616 0.0000000 0.0000000 0.0142959 0.0198583 0.0000000 0.0128567 0.0042114 0.0000000 0.4104437 0.0000000 0.0000000 0.0000000 0.0019042 0.0000000 0.0000000 0.0000000 0.0000000 0.0000000
102 S 102 0.0312156 0.0000000 0.0104768 0.4505095 0.0050277 0.0049720 0.0632248 0.1015661 0.0015307 0.0031761 0.0000000 0.0000000 0.0000000 0.0000000 0.0241126 0.2728243 0.0228092 0.0000000 0.0000000 0.0000000 0.0085547
103 F 103 0.0000000 0.0000000 0.0028290 0.0000000 0.0000000 0.0000000 0.0000000 0.0000000 0.0000000 0.0000000 0.0095468 0.0000000 0.0000000 0.5909154 0.0000000 0.0000000 0.0000000 0.0000000 0.3782044 0.0000000 0.0185045
104 L 104 0.0016396 0.0000000 0.0000000 0.0000000 0.0022565 0.0000000 0.0000000 0.0000000 0.0000000 0.0942924 0.7270319 0.0000000 0.0213806 0.0078507 0.0000000 0.0060792 0.0043229 0.0000000 0.0091327 0.0511005 0.0749130
105 D 105 0.0000000 0.0042114 0.0274160 0.4782225 0.0000000 0.0018343 0.2424085 0.0138955 0.0029306 0.0000000 0.0000000 0.0041790 0.0000000 0.0000000 0.0000000 0.0015986 0.0000000 0.0000000 0.0050539 0.0000000 0.2182497
106 D 106 0.0000000 0.0000000 0.0713568 0.0797866 0.0000000 0.0000000 0.0880814 0.0000000 0.0000000 0.0000000 0.0000000 0.0000000 0.0000000 0.0000000 0.0000000 0.0000000 0.0000000 0.0000000 0.0000000 0.0000000 0.7607753
