  106         A         R         N         D         C         Q         E         G         H         I         L         K         M         F         P         S         T         W         Y         V    
  1 G   1 0.0000000 0.0000000 0.0000000 0.0000000 0.0000000 0.0000000 0.0000000 1.0000000 0.0000000 0.0000000 0.0000000 0.0000000 0.0000000 0.0000000 0.0000000 0.0000000 0.0000000 0.0000000 0.0000000 0.0000000
  2 S   2 0.3344039 0.0000000 0.0000000 0.0000000 0.0000000 0.0000000 0.0000000 0.0000000 0.0000000 0.0000000 0.0000000 0.0000000 0.0000000 0.0000000 0.0000000 0.4107345 0.2548616 0.0000000 0.0000000 0.0000000
  3 S   3 0.0000000 0.0000000 0.0000000 0.0231390 0.0000000 0.0000000 0.0103404 0.9099984 0.0000000 0.0000000 0.0000000 0.0000000 0.0000000 0.0000000 0.0000000 0.0565223 0.0000000 0.0000000 0.0000000 0.0000000
  4 H   4 0.0000000 0.0000000 0.0000000 0.4015497 0.0000000 0.0227111 0.5111520 0.0421777 0.0224095 0.0000000 0.0000000 0.0000000 0.0000000 0.0000000 0.0000000 0.0000000 0.0000000 0.0000000 0.0000000 0.0000000
  5 H   5 0.0000000 0.0000000 0.0071960 0.3535994 0.0000000 0.0000000 0.5820987 0.0084158 0.0206058 0.0000000 0.0000000 0.0000000 0.0000000 0.0000000 0.0000000 0.0280844 0.0000000 0.0000000 0.0000000 0.0000000
  6 H   6 0.0189926 0.0000000 0.0073664 0.2143139 0.0000000 0.0155563 0.5523661 0.1452936 0.0206058 0.0000000 0.0000000 0.0239367 0.0000000 0.0000000 0.0000000 0.0015686 0.0000000 0.0000000 0.0000000 0.0000000
  7 H   7 0.0051075 0.0000000 0.0034737 0.8968521 0.0000000 0.0000000 0.0331702 0.0185741 0.0206058 0.0000000 0.0000000 0.0000000 0.0000000 0.0000000 0.0000000 0.0096338 0.0125828 0.0000000 0.0000000 0.0000000
  8 H   8 0.0387614 0.0000000 0.0050665 0.0000000 0.0000000 0.0039890 0.0000000 0.0092460 0.0206058 0.0000000 0.0000000 0.0000000 0.0000000 0.0000000 0.0017733 0.8302625 0.0688484 0.0000000 0.0000000 0.0214470
  9 H   9 0.0091731 0.0435661 0.0360367 0.0048955 0.0030514 0.0960430 0.1067267 0.0000000 0.4541374 0.0105701 0.0132583 0.0000000 0.0000000 0.0258654 0.0000000 0.1045242 0.0487913 0.0000000 0.0109904 0.0323704
 10 S  10 0.0000000 0.0000000 0.0000000 0.0000000 0.0000000 0.0000000 0.0000000 0.0000000 0.0000000 0.0279699 0.8092860 0.0000000 0.0173151 0.1044811 0.0000000 0.0206058 0.0000000 0.0000000 0.0099997 0.0103423
 11 S  11 0.0173506 0.0000000 0.0000000 0.0000000 0.0000000 0.0000000 0.0216664 0.8838674 0.0000000 0.0000000 0.0096763 0.0226400 0.0000000 0.0000000 0.0000000 0.0354980 0.0000000 0.0000000 0.0000000 0.0093014
 12 G  12 0.0000000 0.0000000 0.0040473 0.9480400 0.0000000 0.0000000 0.0273069 0.0206058 0.0000000 0.0000000 0.0000000 0.0000000 0.0000000 0.0000000 0.0000000 0.0000000 0.0000000 0.0000000 0.0000000 0.0000000
 13 L  13 0.0000000 0.0000000 0.0000000 0.0000000 0.0000000 0.0000000 0.0000000 0.0000000 0.0000000 0.0000000 0.1310690 0.0000000 0.0250650 0.8383043 0.0000000 0.0000000 0.0000000 0.0000000 0.0000000 0.0055617
 14 V  14 0.0000000 0.0000000 0.0000000 0.0000000 0.0000000 0.0000000 0.0000000 0.0000000 0.0000000 0.8903338 0.0406699 0.0000000 0.0000000 0.0000000 0.0000000 0.0000000 0.0000000 0.0000000 0.0000000 0.0689963
 15 P  15 0.0474789 0.0000000 0.0000000 0.0000000 0.0000000 0.0310023 0.7858603 0.0000000 0.0065177 0.0000000 0.0000000 0.0046487 0.0000000 0.0000000 0.0906526 0.0131417 0.0025461 0.0000000 0.0000000 0.0181516
 16 R  16 0.0000000 0.0212890 0.0052345 0.9523007 0.0000000 0.0000000 0.0000000 0.0000000 0.0000000 0.0000000 0.0000000 0.0000000 0.0000000 0.0000000 0.0000000 0.0211758 0.0000000 0.0000000 0.0000000 0.0000000
 17 G  17 0.0272697 0.0200263 0.0187315 0.1580630 0.0011075 0.0861979 0.0713753 0.0589416 0.0110790 0.0058720 0.0015661 0.2411440 0.0010248 0.0016079 0.0098035 0.1808258 0.0796842 0.0000000 0.0000000 0.0256800
 18 S  18 0.0502263 0.0058014 0.2072574 0.2461222 0.0000000 0.0094035 0.1980476 0.0356817 0.0192364 0.0000000 0.0000000 0.0489092 0.0057169 0.0000000 0.0000000 0.1274140 0.0461837 0.0000000 0.0000000 0.0000000
 19 H  19 0.6544057 0.0000000 0.0646772 0.0000000 0.0000000 0.0017016 0.0680685 0.0029402 0.0301004 0.0059100 0.0000000 0.0000000 0.0037583 0.0105547 0.0000000 0.0209630 0.1292840 0.0000000 0.0000000 0.0076364
 20 M  20 0.0150244 0.0151467 0.0203664 0.0317735 0.0000000 0.0020065 0.0058904 0.0276569 0.0108798 0.1452089 0.1181230 0.0397780 0.0552985 0.0128494 0.0317113 0.0581649 0.1550287 0.0000000 0.0025766 0.2525160
 21 L  21 0.0502570 0.0000000 0.0044593 0.0000000 0.0000000 0.0414516 0.0135797 0.0438972 0.0000000 0.2164761 0.2059253 0.0000000 0.0510183 0.0092758 0.0025622 0.0180580 0.0029872 0.0000000 0.0000000 0.3400523
 22 E  22 0.1653056 0.0000000 0.0053715 0.0521688 0.0000000 0.0243266 0.2794646 0.0077619 0.0042943 0.0410756 0.0611557 0.0142438 0.0112752 0.0000000 0.2509283 0.0388391 0.0122018 0.0000000 0.0000000 0.0315870
 23 L  23 0.2183122 0.0000000 0.1282585 0.0117589 0.0000000 0.0085804 0.0000000 0.0063194 0.0000000 0.0000000 0.0724341 0.0142701 0.0019621 0.0000000 0.0258837 0.3956968 0.0831392 0.0000000 0.0000000 0.0333847
 24 P  24 0.0000000 0.0000000 0.0000000 0.0000000 0.0000000 0.0000000 0.0064683 0.0000000 0.0000000 0.0084160 0.0000000 0.0000000 0.0000000 0.0000000 0.9649302 0.0000000 0.0000000 0.0000000 0.0000000 0.0201855
 25 L  25 0.2412617 0.0000000 0.0000000 0.0606228 0.0000000 0.0103781 0.1443494 0.0086711 0.0051180 0.0749790 0.1080173 0.0122247 0.0260599 0.0181765 0.0127655 0.0897282 0.0129071 0.0060480 0.0167747 0.1519179
 26 D  26 0.0155466 0.0077235 0.0290665 0.5212725 0.0000000 0.0226172 0.3329367 0.0077119 0.0107539 0.0010735 0.0020966 0.0140063 0.0147670 0.0000000 0.0000000 0.0042313 0.0049698 0.0000000 0.0000000 0.0112267
 27 S  27 0.4923177 0.0047580 0.0182238 0.0213670 0.0014260 0.0322756 0.0765130 0.0000000 0.0364725 0.0173826 0.0225911 0.0085705 0.0281797 0.0097396 0.0000000 0.1583981 0.0214694 0.0011563 0.0251207 0.0240384
 28 A  28 0.6381438 0.0000000 0.0000000 0.0000000 0.0000000 0.0000000 0.0000000 0.0000000 0.0000000 0.0238418 0.0100702 0.0000000 0.0089290 0.0000000 0.0000000 0.0000000 0.1031263 0.0000000 0.0000000 0.2158889
 29 T  29 0.1795828 0.0000000 0.0336529 0.0132607 0.0000000 0.0092832 0.0524120 0.0271428 0.0000000 0.1283286 0.0399427 0.0000000 0.0536366 0.0022986 0.0000000 0.2167866 0.1796934 0.0000000 0.0000000 0.0639790
 30 T  30 0.0253051 0.0942814 0.0571457 0.0230243 0.0012643 0.1352821 0.0040038 0.0168145 0.0477965 0.0131736 0.0257462 0.0747220 0.0115072 0.2058705 0.0000000 0.1061727 0.0251391 0.0000000 0.1246185 0.0081323
 31 E  31 0.1124131 0.0170795 0.0448652 0.0067568 0.0000000 0.0574623 0.1669456 0.0203416 0.0166300 0.0410339 0.0347922 0.0371719 0.0390638 0.0092994 0.0000000 0.1542356 0.1725395 0.0000000 0.0119985 0.0573711
 32 S  32 0.0108173 0.0079331 0.1337859 0.0125971 0.0000000 0.0065297 0.0079124 0.0672063 0.0000000 0.0246279 0.4511159 0.0168798 0.1099576 0.0070875 0.0000000 0.1311779 0.0019422 0.0000000 0.0000000 0.0104296
 33 L  33 0.0000000 0.0044630 0.0000000 0.0000000 0.0000000 0.0000000 0.0000000 0.0000000 0.0000000 0.0048247 0.9270238 0.0000000 0.0552468 0.0033426 0.0000000 0.0000000 0.0000000 0.0000000 0.0000000 0.0050989
 34 R  34 0.0222392 0.4215227 0.0000000 0.0000000 0.0020960 0.1809176 0.0012075 0.0047745 0.0196288 0.0045531 0.0000000 0.2850371 0.0042411 0.0000000 0.0000000 0.0394472 0.0085344 0.0000000 0.0000000 0.0058009
 35 A  35 0.0436350 0.0316645 0.0153510 0.1451069 0.0000000 0.0435616 0.6275386 0.0082159 0.0030114 0.0015804 0.0104029 0.0393666 0.0034320 0.0033365 0.0000000 0.0096888 0.0086274 0.0000000 0.0000000 0.0054807
 36 A  36 0.1488605 0.0012523 0.0016351 0.0522395 0.0000000 0.4374761 0.0766676 0.0000000 0.0559399 0.0058006 0.0000000 0.0476929 0.0119597 0.0000000 0.0000000 0.0129454 0.0828278 0.0000000 0.0041307 0.0605721
 37 T  37 0.0025364 0.0000000 0.0000000 0.0000000 0.0020743 0.0000000 0.0000000 0.0000000 0.0000000 0.2182902 0.4244477 0.0000000 0.0058244 0.0146298 0.0000000 0.0000000 0.2347136 0.0000000 0.0000000 0.0974836
 38 H  38 0.0222862 0.1075165 0.0769657 0.1451350 0.0010210 0.0656761 0.2412372 0.0214849 0.0762559 0.0148567 0.0084899 0.0740176 0.0133987 0.0029299 0.0000000 0.0389226 0.0812653 0.0000000 0.0000000 0.0085408
 39 D  39 0.0456820 0.0905717 0.0575946 0.1893327 0.0000000 0.0573788 0.2652244 0.0397483 0.0109281 0.0000000 0.0016028 0.0799566 0.0045519 0.0000000 0.0000000 0.1226507 0.0320708 0.0000000 0.0000000 0.0027064
 40 V  40 0.0592792 0.0000000 0.0000000 0.0000000 0.0000000 0.0000000 0.0000000 0.0000000 0.0000000 0.1002803 0.0631012 0.0000000 0.0199044 0.0000000 0.0000000 0.0031502 0.0057266 0.0000000 0.0000000 0.7485580
 41 L  41 0.0000000 0.0000000 0.0000000 0.0000000 0.0000000 0.0000000 0.0000000 0.0000000 0.0000000 0.0228469 0.9498178 0.0000000 0.0059938 0.0163585 0.0000000 0.0000000 0.0000000 0.0000000 0.0000000 0.0049830
 42 A  42 0.2123997 0.0115134 0.0582298 0.2565144 0.0087080 0.0261571 0.1080824 0.0465735 0.0297266 0.0000000 0.0027797 0.0580203 0.0071960 0.0000000 0.0000000 0.1540643 0.0200347 0.0000000 0.0000000 0.0000000
 43 G  43 0.0213249 0.0035992 0.0121565 0.0270054 0.0208498 0.0047473 0.0280663 0.1302426 0.0022743 0.0041664 0.0000000 0.0296720 0.0000000 0.0000000 0.0000000 0.1931501 0.5206205 0.0000000 0.0021248 0.0000000
 44 L  44 0.0000000 0.0000000 0.0000000 0.0000000 0.0000000 0.0000000 0.0000000 0.0000000 0.0000000 0.0000000 0.9894122 0.0000000 0.0105878 0.0000000 0.0000000 0.0000000 0.0000000 0.0000000 0.0000000 0.0000000
 45 T  45 0.0235694 0.0000000 0.0290289 0.0000000 0.0000000 0.0089689 0.0000000 0.0248489 0.0038785 0.0000000 0.0000000 0.0222851 0.0000000 0.0000000 0.0829125 0.2413505 0.5631571 0.0000000 0.0000000 0.0000000
 46 A  46 0.1079734 0.0000000 0.0010371 0.1601100 0.0000000 0.0075062 0.2881924 0.0032316 0.0019608 0.0011258 0.0032786 0.0000000 0.0000000 0.0000000 0.3897966 0.0195850 0.0029196 0.0020563 0.0099926 0.0012340
 47 R  47 0.0000000 0.9700942 0.0000000 0.0000000 0.0000000 0.0093014 0.0000000 0.0000000 0.0000000 0.0000000 0.0000000 0.0206044 0.0000000 0.0000000 0.0000000 0.0000000 0.0000000 0.0000000 0.0000000 0.0000000
 48 E  48 0.0000000 0.0000000 0.0000000 0.0000000 0.0000000 0.0000000 1.0000000 0.0000000 0.0000000 0.0000000 0.0000000 0.0000000 0.0000000 0.0000000 0.0000000 0.0000000 0.0000000 0.0000000 0.0000000 0.0000000
 49 A  49 0.3612733 0.1933339 0.0000000 0.0000000 0.0000000 0.0983194 0.2409435 0.0031991 0.0049083 0.0000000 0.0000000 0.0751982 0.0012922 0.0000000 0.0000000 0.0060486 0.0000000 0.0000000 0.0000000 0.0154837
 50 K  50 0.0000000 0.1755869 0.0450763 0.0368887 0.0000000 0.0526970 0.0957009 0.1014885 0.0018320 0.0000000 0.0024875 0.4431050 0.0348690 0.0000000 0.0000000 0.0059708 0.0042975 0.0000000 0.0000000 0.0000000
 51 V  51 0.0000000 0.0000000 0.0000000 0.0000000 0.0000000 0.0000000 0.0000000 0.0000000 0.0000000 0.1054305 0.0000000 0.0000000 0.0000000 0.0000000 0.0000000 0.0000000 0.0000000 0.0000000 0.0000000 0.8945695
 52 L  52 0.0000000 0.0000000 0.0000000 0.0000000 0.0000000 0.0000000 0.0000000 0.0000000 0.0000000 0.2022455 0.6987351 0.0000000 0.0055617 0.0000000 0.0000000 0.0000000 0.0000000 0.0000000 0.0000000 0.0934576
 53 R  53 0.0177364 0.5980884 0.0000000 0.0000000 0.0000000 0.0704947 0.0307225 0.0000000 0.0000000 0.0224896 0.0045147 0.1637071 0.0170229 0.0000000 0.0000000 0.0437771 0.0117665 0.0000000 0.0097777 0.0099024
 54 M  54 0.0000000 0.0000000 0.0000000 0.0000000 0.0000000 0.0116810 0.0000000 0.0000000 0.0000000 0.0000000 0.4520624 0.0120243 0.4802482 0.0072434 0.0000000 0.0038785 0.0000000 0.0000000 0.0328622 0.0000000
 55 R  55 0.0000000 1.0000000 0.0000000 0.0000000 0.0000000 0.0000000 0.0000000 0.0000000 0.0000000 0.0000000 0.0000000 0.0000000 0.0000000 0.0000000 0.0000000 0.0000000 0.0000000 0.0000000 0.0000000 0.0000000
 56 F  56 0.0000000 0.0000000 0.0000000 0.0000000 0.0000000 0.0000000 0.0000000 0.0000000 0.0000000 0.0000000 0.0000000 0.0099997 0.0000000 0.8151681 0.0000000 0.0000000 0.0000000 0.0000000 0.1748323 0.0000000
 57 G  57 0.0000000 0.0000000 0.0000000 0.0000000 0.0000000 0.0000000 0.0000000 1.0000000 0.0000000 0.0000000 0.0000000 0.0000000 0.0000000 0.0000000 0.0000000 0.0000000 0.0000000 0.0000000 0.0000000 0.0000000
 58 I  58 0.0000000 0.0000000 0.0000000 0.0000000 0.0000000 0.0000000 0.0000000 0.0000000 0.0000000 0.3503324 0.6194148 0.0000000 0.0066768 0.0097033 0.0000000 0.0000000 0.0000000 0.0049830 0.0000000 0.0088897
 59 D  59 0.0220689 0.0045012 0.0125014 0.3335210 0.0000000 0.0028076 0.2152774 0.1745055 0.0000000 0.0277963 0.0501062 0.0243750 0.0021022 0.0060255 0.0000000 0.0010544 0.0792781 0.0000000 0.0109504 0.0331289
 60 M  60 0.0000000 0.0000000 0.0071632 0.6145339 0.0059708 0.0020960 0.0451301 0.0243594 0.0000000 0.0062670 0.0048834 0.0000000 0.2497972 0.0000000 0.0000000 0.0116590 0.0189325 0.0000000 0.0000000 0.0092075
 61 N  61 0.0109749 0.0023892 0.2201755 0.0271331 0.0000000 0.0050350 0.0016564 0.6200962 0.0014023 0.0000000 0.0031502 0.0332013 0.0000000 0.0000000 0.0160426 0.0465972 0.0121461 0.0000000 0.0000000 0.0000000
 62 T  62 0.0067325 0.2500375 0.0086870 0.0189777 0.0016122 0.1280791 0.0015618 0.0024385 0.0428862 0.0049170 0.0021179 0.0691623 0.0126281 0.0054060 0.0000000 0.0858244 0.2771163 0.0000000 0.0746772 0.0071383
 63 D  63 0.0706563 0.0000000 0.0016057 0.3473973 0.0051831 0.0319575 0.0590349 0.0010566 0.0050120 0.0103868 0.0000000 0.0000000 0.0312655 0.0066106 0.2539578 0.0871869 0.0693632 0.0000000 0.0117567 0.0075690
 64 Y  64 0.0000000 0.3409110 0.0000000 0.0000000 0.0000000 0.0131322 0.0000000 0.0000000 0.3642128 0.0000000 0.0258114 0.1428257 0.0159326 0.0000000 0.0000000 0.0051026 0.0000000 0.0111440 0.0809276 0.0000000
 65 T  65 0.0000000 0.0000000 0.0000000 0.0000000 0.0000000 0.0000000 0.0000000 0.0000000 0.0000000 0.0000000 0.0000000 0.0000000 0.0000000 0.0000000 0.0000000 0.0000000 1.0000000 0.0000000 0.0000000 0.0000000
 66 L  66 0.0000000 0.0000000 0.0000000 0.0000000 0.0000000 0.0000000 0.0000000 0.0000000 0.0000000 0.0000000 1.0000000 0.0000000 0.0000000 0.0000000 0.0000000 0.0000000 0.0000000 0.0000000 0.0000000 0.0000000
 67 E  67 0.0000000 0.0000000 0.0000000 0.0954630 0.0000000 0.0000000 0.8945890 0.0000000 0.0000000 0.0000000 0.0000000 0.0099480 0.0000000 0.0000000 0.0000000 0.0000000 0.0000000 0.0000000 0.0000000 0.0000000
 68 E  68 0.0000000 0.0096763 0.0000000 0.0218105 0.0000000 0.0492451 0.9192682 0.0000000 0.0000000 0.0000000 0.0000000 0.0000000 0.0000000 0.0000000 0.0000000 0.0000000 0.0000000 0.0000000 0.0000000 0.0000000
 69 V  69 0.0000000 0.0000000 0.0000000 0.0000000 0.0000000 0.0000000 0.0000000 0.0000000 0.0000000 0.1885106 0.0157798 0.0000000 0.0000000 0.0000000 0.0000000 0.0000000 0.0051737 0.0000000 0.0000000 0.7905359
 70 G  70 0.0000000 0.0000000 0.0000000 0.0000000 0.0000000 0.0000000 0.0000000 0.9900594 0.0000000 0.0000000 0.0000000 0.0000000 0.0000000 0.0000000 0.0000000 0.0099406 0.0000000 0.0000000 0.0000000 0.0000000
 71 K  71 0.0099997 0.1743836 0.0050120 0.0061193 0.0000000 0.2549619 0.0110745 0.0030514 0.0084185 0.0000000 0.0284043 0.4589614 0.0064306 0.0000000 0.0000000 0.0140532 0.0089060 0.0000000 0.0073216 0.0029022
 72 Q  72 0.0038063 0.0192906 0.0037535 0.0313325 0.0000000 0.3255635 0.1979784 0.0020563 0.0146346 0.0711183 0.0360290 0.0353366 0.0171550 0.0088308 0.0000000 0.0109863 0.0049800 0.0000000 0.0665609 0.1505876
 73 F  73 0.0000000 0.0000000 0.0000000 0.0000000 0.0000000 0.0000000 0.0000000 0.0000000 0.0000000 0.0000000 0.0088220 0.0000000 0.0127860 0.8898383 0.0000000 0.0000000 0.0000000 0.0000000 0.0885537 0.0000000
 74 D  74 0.0145771 0.0067360 0.2106860 0.2515779 0.0037426 0.0127436 0.0283785 0.3383817 0.0057071 0.0000000 0.0000000 0.0569928 0.0000000 0.0019422 0.0000000 0.0663500 0.0021844 0.0000000 0.0000000 0.0000000
 75 V  75 0.0000000 0.0000000 0.0000000 0.0000000 0.0000000 0.0000000 0.0000000 0.0000000 0.0000000 0.0515993 0.0171861 0.0000000 0.0000000 0.0000000 0.0000000 0.0000000 0.0000000 0.0000000 0.0000000 0.9312146
 76 T  76 0.0000000 0.0000000 0.0000000 0.0000000 0.0000000 0.0000000 0.0000000 0.0000000 0.0000000 0.0000000 0.0000000 0.0000000 0.0000000 0.0000000 0.0123127 0.0000000 0.9876873 0.0000000 0.0000000 0.0000000
 77 R  77 0.0000000 0.9876873 0.0000000 0.0000000 0.0000000 0.0123127 0.0000000 0.0000000 0.0000000 0.0000000 0.0000000 0.0000000 0.0000000 0.0000000 0.0000000 0.0000000 0.0000000 0.0000000 0.0000000 0.0000000
 78 E  78 0.0000000 0.0000000 0.0000000 0.0000000 0.0000000 0.0000000 1.0000000 0.0000000 0.0000000 0.0000000 0.0000000 0.0000000 0.0000000 0.0000000 0.0000000 0.0000000 0.0000000 0.0000000 0.0000000 0.0000000
 79 R  79 0.0000000 1.0000000 0.0000000 0.0000000 0.0000000 0.0000000 0.0000000 0.0000000 0.0000000 0.0000000 0.0000000 0.0000000 0.0000000 0.0000000 0.0000000 0.0000000 0.0000000 0.0000000 0.0000000 0.0000000
 80 I  80 0.0000000 0.0000000 0.0000000 0.0000000 0.0000000 0.0000000 0.0000000 0.0000000 0.0000000 0.9478778 0.0000000 0.0000000 0.0000000 0.0000000 0.0000000 0.0000000 0.0000000 0.0000000 0.0000000 0.0521222
 81 R  81 0.0000000 1.0000000 0.0000000 0.0000000 0.0000000 0.0000000 0.0000000 0.0000000 0.0000000 0.0000000 0.0000000 0.0000000 0.0000000 0.0000000 0.0000000 0.0000000 0.0000000 0.0000000 0.0000000 0.0000000
 82 Q  82 0.0000000 0.0000000 0.0000000 0.0000000 0.0000000 1.0000000 0.0000000 0.0000000 0.0000000 0.0000000 0.0000000 0.0000000 0.0000000 0.0000000 0.0000000 0.0000000 0.0000000 0.0000000 0.0000000 0.0000000
 83 I  83 0.0000000 0.0000000 0.0000000 0.0000000 0.0000000 0.0000000 0.0000000 0.0000000 0.0000000 1.0000000 0.0000000 0.0000000 0.0000000 0.0000000 0.0000000 0.0000000 0.0000000 0.0000000 0.0000000 0.0000000
 84 E  84 0.0000000 0.0000000 0.0000000 0.0000000 0.0000000 0.0099480 0.9900520 0.0000000 0.0000000 0.0000000 0.0000000 0.0000000 0.0000000 0.0000000 0.0000000 0.0000000 0.0000000 0.0000000 0.0000000 0.0000000
 85 A  85 0.6976770 0.0000000 0.0126456 0.0050120 0.0000000 0.0000000 0.0096763 0.0167878 0.0000000 0.0000000 0.0000000 0.0000000 0.0000000 0.0000000 0.0000000 0.2056691 0.0047510 0.0000000 0.0000000 0.0477813
 86 K  86 0.0000000 0.0261177 0.0000000 0.0000000 0.0000000 0.0212579 0.0000000 0.0000000 0.0000000 0.0000000 0.0000000 0.9461938 0.0000000 0.0000000 0.0000000 0.0000000 0.0000000 0.0000000 0.0000000 0.0064306
 87 A  87 0.8337567 0.0000000 0.0000000 0.0000000 0.0000000 0.0000000 0.0000000 0.0037493 0.0000000 0.0000000 0.0000000 0.0000000 0.0000000 0.0000000 0.0000000 0.0045147 0.1526530 0.0000000 0.0000000 0.0053262
 88 L  88 0.0000000 0.0000000 0.0000000 0.0000000 0.0000000 0.0000000 0.0000000 0.0000000 0.0000000 0.0680609 0.7987447 0.0000000 0.1283754 0.0000000 0.0000000 0.0000000 0.0000000 0.0000000 0.0000000 0.0048190
 89 R  89 0.0450478 0.7898391 0.0065719 0.0000000 0.0000000 0.0000000 0.0000000 0.0044991 0.0000000 0.0000000 0.0016625 0.0241188 0.0000000 0.0000000 0.0000000 0.1211400 0.0038830 0.0000000 0.0000000 0.0032378
 90 K  90 0.0000000 0.0641484 0.0000000 0.0000000 0.0000000 0.0000000 0.0000000 0.0000000 0.0000000 0.0000000 0.0000000 0.9358516 0.0000000 0.0000000 0.0000000 0.0000000 0.0000000 0.0000000 0.0000000 0.0000000
 91 L  91 0.0000000 0.0000000 0.0000000 0.0000000 0.0000000 0.0000000 0.0000000 0.0000000 0.0000000 0.0077475 0.9702721 0.0000000 0.0189218 0.0000000 0.0000000 0.0030586 0.0000000 0.0000000 0.0000000 0.0000000
 92 R  92 0.0000000 0.8479384 0.0031270 0.0000000 0.0000000 0.0162819 0.0000000 0.0000000 0.0000000 0.0000000 0.0057742 0.1061401 0.0059724 0.0000000 0.0000000 0.0147661 0.0000000 0.0000000 0.0000000 0.0000000
 93 H  93 0.0042138 0.0113323 0.0340283 0.0095483 0.0000000 0.0198260 0.0039863 0.0019984 0.8947002 0.0000000 0.0000000 0.0032236 0.0000000 0.0000000 0.0000000 0.0120401 0.0000000 0.0000000 0.0051026 0.0000000
 94 P  94 0.0000000 0.0038830 0.0000000 0.0000000 0.0000000 0.0093875 0.0099997 0.0000000 0.0167582 0.0000000 0.0000000 0.0000000 0.0000000 0.0000000 0.9452897 0.0049042 0.0000000 0.0097777 0.0000000 0.0000000
 95 S  95 0.0481742 0.0237841 0.0586095 0.0000000 0.0045623 0.0076306 0.0000000 0.0206898 0.0179470 0.0078456 0.0000000 0.0289860 0.0023192 0.0000000 0.0000000 0.6384691 0.1002555 0.0000000 0.0063976 0.0343296
 96 R  96 0.0039863 0.8971578 0.0000000 0.0032236 0.0035992 0.0025221 0.0000000 0.0000000 0.0049083 0.0127860 0.0080601 0.0391855 0.0022986 0.0095939 0.0000000 0.0000000 0.0000000 0.0000000 0.0126786 0.0000000
 97 S  97 0.1225748 0.0336294 0.0379483 0.0000000 0.0014168 0.0050989 0.0000000 0.0170672 0.0000000 0.0099948 0.0287277 0.0091804 0.0000000 0.0000000 0.0000000 0.7120716 0.0162899 0.0000000 0.0000000 0.0060002
 98 E  98 0.0360238 0.2041789 0.0316667 0.1037272 0.0000000 0.1285697 0.1273937 0.0276476 0.0181238 0.0000000 0.0000000 0.2835820 0.0000000 0.0000000 0.0000000 0.0323997 0.0042015 0.0000000 0.0000000 0.0024854
 99 V  99 0.0147240 0.1120157 0.0079124 0.0000000 0.0000000 0.1045921 0.0151124 0.0210569 0.0415155 0.0415668 0.0194581 0.3759440 0.0145459 0.0071437 0.0147939 0.0168032 0.0271221 0.0000000 0.0345130 0.1311800
100 L 100 0.0000000 0.0000000 0.0000000 0.0000000 0.0000000 0.0000000 0.0000000 0.0000000 0.0000000 0.0439826 0.9365437 0.0000000 0.0121756 0.0000000 0.0000000 0.0000000 0.0000000 0.0000000 0.0000000 0.0072981
101 R 101 0.0039178 0.5268259 0.0062892 0.0000000 0.0000000 0.0141857 0.0187893 0.0000000 0.0129076 0.0043289 0.0000000 0.4108573 0.0000000 0.0000000 0.0000000 0.0018983 0.0000000 0.0000000 0.0000000 0.0000000
102 S 102 0.0319028 0.0000000 0.0108888 0.4492699 0.0051599 0.0050469 0.0618803 0.1046709 0.0016070 0.0032604 0.0000000 0.0000000 0.0000000 0.0000000 0.0242905 0.2786356 0.0233870 0.0000000 0.0000000 0.0000000
103 F 103 0.0000000 0.0000000 0.0033677 0.0000000 0.0000000 0.0000000 0.0000000 0.0000000 0.0000000 0.0000000 0.0105261 0.0000000 0.0000000 0.6067640 0.0000000 0.0000000 0.0000000 0.0000000 0.3793421 0.0000000
104 L 104 0.0018623 0.0000000 0.0000000 0.0000000 0.0025540 0.0000000 0.0000000 0.0000000 0.0000000 0.0994380 0.7878585 0.0000000 0.0232398 0.0085866 0.0000000 0.0066929 0.0047920 0.0000000 0.0099476 0.0550282
105 D 105 0.0000000 0.0055223 0.0350862 0.6095152 0.0000000 0.0024564 0.3103252 0.0191593 0.0039123 0.0000000 0.0000000 0.0055009 0.0000000 0.0000000 0.0000000 0.0021655 0.0000000 0.0000000 0.0063568 0.0000000
106 D 106 0.0000000 0.0000000 0.2935447 0.3438150 0.0000000 0.0000000 0.3626403 0.0000000 0.0000000 0.0000000 0.0000000 0.0000000 0.0000000 0.0000000 0.0000000 0.0000000 0.0000000 0.0000000 0.0000000 0.0000000
