  207         A         R         N         D         C         Q         E         G         H         I         L         K         M         F         P         S         T         W         Y         V         X    
  1 G   1 0.0151738 0.0000000 0.0204623 0.0000000 0.0000000 0.0000000 0.0000000 0.2473791 0.0000000 0.0000000 0.0000000 0.0000000 0.0000000 0.0000000 0.0000000 0.0220061 0.0000000 0.0000000 0.0000000 0.0000000 0.6949788
  2 P   2 0.0085275 0.0000000 0.0000000 0.0000000 0.0000000 0.0000000 0.0000000 0.0000000 0.0000000 0.0211728 0.0000000 0.0329308 0.0000000 0.0000000 0.5960351 0.0000000 0.0000000 0.0000000 0.0000000 0.0000000 0.3413337
  3 Y   3 0.0091346 0.0181300 0.0083035 0.0031150 0.0331060 0.0181818 0.0544760 0.0020945 0.0729162 0.0000000 0.0000000 0.0401680 0.0000000 0.0633013 0.0027029 0.0084033 0.0000000 0.0030586 0.3496537 0.0091122 0.3041422
  4 L   4 0.0000000 0.0000000 0.0000000 0.0000000 0.0111252 0.0000000 0.0000000 0.0000000 0.0000000 0.1673625 0.5606556 0.0000000 0.0062014 0.0000000 0.0000000 0.0000000 0.0065691 0.0000000 0.0000000 0.1313314 0.1167549
  5 Q   5 0.0070616 0.1178656 0.0087570 0.0000000 0.0000000 0.1298537 0.1757080 0.0000000 0.0127939 0.0047453 0.0038418 0.1587284 0.0000000 0.0000000 0.0000000 0.0535835 0.0446145 0.0000000 0.0000000 0.1656920 0.1167549
  6 I   6 0.0000000 0.0000000 0.0000000 0.0000000 0.0000000 0.0000000 0.0000000 0.0000000 0.0000000 0.8345625 0.0102577 0.0000000 0.0000000 0.0000000 0.0000000 0.0000000 0.0000000 0.0000000 0.0000000 0.0431049 0.1120749
  7 L   7 0.0119088 0.0000000 0.0000000 0.0000000 0.0045345 0.0000000 0.0622641 0.0000000 0.0000000 0.1528641 0.2266530 0.0000000 0.0116960 0.0220805 0.0000000 0.0042007 0.1535466 0.0000000 0.0000000 0.2381767 0.1120749
  8 E   8 0.0024818 0.0377340 0.0182402 0.0000000 0.0321197 0.0046677 0.5887521 0.0000000 0.0000000 0.0051836 0.0000000 0.0109259 0.0000000 0.0000000 0.0000000 0.0214544 0.0162451 0.0000000 0.0000000 0.1501205 0.1120749
  9 Q   9 0.0000000 0.0000000 0.0066178 0.0000000 0.0000000 0.7876600 0.0704944 0.0000000 0.0184729 0.0046799 0.0000000 0.0000000 0.0000000 0.0000000 0.0000000 0.0000000 0.0000000 0.0000000 0.0000000 0.0000000 0.1120749
 10 P  10 0.0000000 0.0000000 0.0000000 0.0000000 0.0000000 0.0000000 0.0000000 0.0000000 0.0000000 0.0000000 0.0000000 0.0000000 0.0000000 0.0000000 0.8879251 0.0000000 0.0000000 0.0000000 0.0000000 0.0000000 0.1120749
 11 K  11 0.0521400 0.0587494 0.0000000 0.0000000 0.0000000 0.0603634 0.0809939 0.0000000 0.0102150 0.0114073 0.0000000 0.3143676 0.0332125 0.0000000 0.0046799 0.0116455 0.0461823 0.0000000 0.0000000 0.0744887 0.2415544
 12 Q  12 0.0112126 0.0000000 0.0385937 0.0527040 0.0000000 0.3621626 0.1575268 0.0230793 0.0000000 0.0000000 0.0000000 0.0191118 0.0000000 0.0000000 0.0409544 0.1720587 0.0000000 0.0000000 0.0000000 0.0000000 0.1225961
 13 R  13 0.0125647 0.3808016 0.0475415 0.0067523 0.0000000 0.0000000 0.0000000 0.0000000 0.0000000 0.0000000 0.0000000 0.2317072 0.0000000 0.0000000 0.0000000 0.0323994 0.0395016 0.0000000 0.0163482 0.0088149 0.2235688
 14 G  14 0.0621272 0.0072929 0.0041147 0.0165668 0.0000000 0.1377836 0.0210312 0.3390114 0.0742982 0.0219445 0.0070483 0.0000000 0.0000000 0.0000000 0.0000000 0.0076877 0.0088212 0.0000000 0.0256965 0.0040333 0.2625425
 15 F  15 0.0000000 0.0000000 0.0000000 0.0000000 0.0073115 0.0040453 0.0000000 0.0000000 0.2294364 0.0365355 0.1014293 0.0000000 0.1436890 0.3155594 0.0000000 0.0000000 0.0137197 0.0000000 0.0332720 0.0000000 0.1150019
 16 R  16 0.0000000 0.8878225 0.0088212 0.0000000 0.0000000 0.0000000 0.0000000 0.0000000 0.0000000 0.0000000 0.0000000 0.0000000 0.0000000 0.0000000 0.0000000 0.0000000 0.0000000 0.0000000 0.0000000 0.0000000 0.1033563
 17 F  17 0.2139240 0.0000000 0.0000000 0.0000000 0.0000000 0.0000000 0.0000000 0.0000000 0.0000000 0.0000000 0.0000000 0.0000000 0.0000000 0.6515911 0.0000000 0.0000000 0.0000000 0.0000000 0.0340634 0.0000000 0.1004215
 18 R  18 0.0000000 0.8548134 0.0000000 0.0000000 0.0000000 0.0000000 0.0000000 0.0116455 0.0459159 0.0000000 0.0000000 0.0000000 0.0000000 0.0000000 0.0088212 0.0000000 0.0000000 0.0000000 0.0000000 0.0000000 0.0788041
 19 Y  19 0.0000000 0.0000000 0.0000000 0.0000000 0.0000000 0.0000000 0.0000000 0.0000000 0.0000000 0.0077347 0.0103821 0.0000000 0.0000000 0.0000000 0.0000000 0.0000000 0.0000000 0.0000000 0.9030792 0.0000000 0.0788041
 20 V  20 0.0147567 0.0166325 0.0000000 0.0204661 0.0000000 0.1372631 0.2398238 0.0558088 0.0000000 0.0064884 0.0548470 0.2628005 0.0088149 0.0000000 0.0263536 0.0000000 0.0066178 0.0000000 0.0000000 0.0705227 0.0788041
 21 C  21 0.0000000 0.0000000 0.0000000 0.0116455 0.4352388 0.0000000 0.0077347 0.0000000 0.0000000 0.0000000 0.0000000 0.0000000 0.0000000 0.0000000 0.0000000 0.2441922 0.2134461 0.0000000 0.0000000 0.0089386 0.0788041
 22 E  22 0.0000000 0.0103821 0.0000000 0.0000000 0.0000000 0.0000000 0.9108138 0.0000000 0.0000000 0.0000000 0.0000000 0.0000000 0.0000000 0.0000000 0.0000000 0.0000000 0.0000000 0.0000000 0.0000000 0.0000000 0.0788041
 23 G  23 0.0000000 0.0000000 0.0000000 0.0000000 0.0000000 0.0186939 0.0000000 0.7046912 0.0000000 0.0077347 0.0000000 0.0126519 0.1637046 0.0000000 0.0000000 0.0137197 0.0000000 0.0000000 0.0000000 0.0000000 0.0788041
 24 P  24 0.0000000 0.3411503 0.0000000 0.0000000 0.0000000 0.0084747 0.0000000 0.1502332 0.0472801 0.0000000 0.0000000 0.0077347 0.0000000 0.0000000 0.1380894 0.2013678 0.0000000 0.0000000 0.0000000 0.0163482 0.0893218
 25 S  25 0.0000000 0.1931650 0.0000000 0.0000000 0.0289196 0.0089386 0.0000000 0.0000000 0.0000000 0.0000000 0.0028838 0.0000000 0.0000000 0.0000000 0.0000000 0.4248673 0.2406854 0.0000000 0.0041993 0.0000000 0.0963409
 26 H  26 0.3071671 0.0207590 0.0000000 0.0000000 0.0000000 0.0000000 0.0000000 0.0000000 0.3708076 0.0000000 0.0000000 0.0000000 0.0000000 0.0073115 0.0041993 0.0000000 0.0036874 0.0000000 0.0000000 0.0000000 0.2860680
 27 G  27 0.0073115 0.0000000 0.0000000 0.0000000 0.0000000 0.0000000 0.0000000 0.7053068 0.0000000 0.0000000 0.0000000 0.0000000 0.0000000 0.0000000 0.0000000 0.0000000 0.0000000 0.0000000 0.0000000 0.0103821 0.2769996
 28 G  28 0.0129652 0.0000000 0.0079882 0.0000000 0.0377749 0.0158610 0.0073115 0.1732415 0.0000000 0.0000000 0.0000000 0.0000000 0.0000000 0.0000000 0.0218224 0.4173714 0.0198430 0.0000000 0.0088212 0.0000000 0.2769996
 29 L  29 0.0000000 0.0000000 0.0000000 0.0000000 0.0000000 0.0000000 0.0000000 0.0000000 0.0000000 0.3307432 0.3778812 0.0000000 0.0000000 0.0000000 0.0000000 0.0000000 0.0025392 0.0000000 0.0000000 0.0041021 0.2847343
 30 P  30 0.0247430 0.0000000 0.0320013 0.0000000 0.0059421 0.0184205 0.0000000 0.0103821 0.0104243 0.0137197 0.1744596 0.0285173 0.0294164 0.0000000 0.3330692 0.0000000 0.0087783 0.0000000 0.0088212 0.0165707 0.2847343
 31 G  31 0.0453429 0.0000000 0.0000000 0.0000000 0.0000000 0.0000000 0.0000000 0.8640668 0.0000000 0.0000000 0.0000000 0.0000000 0.0000000 0.0000000 0.0103821 0.0000000 0.0000000 0.0000000 0.0000000 0.0000000 0.0802083
 32 A  32 0.3271063 0.0172099 0.0000000 0.0246821 0.0119327 0.0185248 0.2350774 0.0066178 0.0000000 0.0211918 0.0000000 0.0391019 0.0219445 0.0000000 0.0102358 0.0831281 0.0099911 0.0000000 0.0000000 0.1046930 0.0685627
 33 S  33 0.0296075 0.0831553 0.1559970 0.0051773 0.0000000 0.0033121 0.0000000 0.0130604 0.0624501 0.0024818 0.0000000 0.0490974 0.0000000 0.0208263 0.0088212 0.2707173 0.0062592 0.0077347 0.0057083 0.2070313 0.0685627
 34 S  34 0.0371157 0.0000000 0.0444455 0.0000000 0.0000000 0.0000000 0.0079186 0.0000000 0.0000000 0.0000000 0.0000000 0.2011694 0.0000000 0.0116455 0.0103821 0.5379298 0.0436546 0.0000000 0.0164170 0.0000000 0.0893218
 35 E  35 0.0082533 0.0086959 0.0447221 0.2107310 0.0163482 0.0139390 0.1443809 0.0179365 0.0000000 0.0116455 0.0000000 0.0419235 0.0015704 0.0000000 0.0000000 0.0671158 0.2825626 0.0103821 0.0000000 0.0000000 0.1197932
 36 K  36 0.0709408 0.1979409 0.0252381 0.0803500 0.0000000 0.0201444 0.1096163 0.0375825 0.0146489 0.0095799 0.0018726 0.1441142 0.0000000 0.0000000 0.0759315 0.0805478 0.0335358 0.0000000 0.0000000 0.0125647 0.0853916
 37 N  37 0.0461340 0.0129652 0.2183126 0.0611683 0.0000000 0.0219225 0.1011261 0.0505832 0.0149180 0.0045345 0.0036264 0.0142015 0.0000000 0.0000000 0.0000000 0.2131838 0.1325489 0.0000000 0.0070616 0.0000000 0.0977135
 38 K  38 0.0483258 0.1771646 0.1303327 0.0081027 0.0061883 0.0825615 0.0040737 0.1009215 0.0223396 0.0000000 0.0128122 0.1692413 0.0000000 0.0000000 0.0320013 0.0812884 0.0303558 0.0000000 0.0000000 0.0000000 0.0942907
 39 K  39 0.0085275 0.1209916 0.1063947 0.0134033 0.0000000 0.0450743 0.0152063 0.0304714 0.0213795 0.0000000 0.0000000 0.5173228 0.0039481 0.0000000 0.0159870 0.0000000 0.0177156 0.0000000 0.0000000 0.0000000 0.0835777
 40 S  40 0.0340391 0.0088212 0.0242515 0.0000000 0.0000000 0.0000000 0.0195493 0.1903279 0.0000000 0.0082028 0.0103821 0.0132431 0.0000000 0.0000000 0.0053371 0.1261459 0.4762870 0.0000000 0.0000000 0.0152798 0.0681333
 41 Y  41 0.0154822 0.0000000 0.0132431 0.0000000 0.0280910 0.0038418 0.0036264 0.0000000 0.1233855 0.0000000 0.0479863 0.0000000 0.0000000 0.3270518 0.0052616 0.0165307 0.0000000 0.0191076 0.3070526 0.0270177 0.0623217
 42 P  42 0.0071098 0.0000000 0.0000000 0.0000000 0.0038736 0.0000000 0.0000000 0.0000000 0.0000000 0.0168255 0.0135462 0.0000000 0.0000000 0.0000000 0.8881236 0.0128543 0.0000000 0.0000000 0.0000000 0.0000000 0.0576670
 43 Q  43 0.0860308 0.0168255 0.0000000 0.0000000 0.0000000 0.0592207 0.0512837 0.0043541 0.0000000 0.0804392 0.0077347 0.0333122 0.0000000 0.0000000 0.0102372 0.1383914 0.4292596 0.0103821 0.0000000 0.0148619 0.0576670
 44 V  44 0.0119638 0.0000000 0.0000000 0.0000000 0.0052981 0.0000000 0.0000000 0.0000000 0.0000000 0.3502580 0.0441250 0.0000000 0.0000000 0.0000000 0.0000000 0.0000000 0.0000000 0.0000000 0.0000000 0.5197836 0.0685715
 45 K  45 0.0000000 0.1426112 0.0027924 0.0000000 0.0000000 0.2198557 0.1908576 0.0000000 0.0084747 0.0060541 0.0000000 0.3354764 0.0058548 0.0000000 0.0000000 0.0029673 0.0128580 0.0000000 0.0000000 0.0000000 0.0721978
 46 I  46 0.0000000 0.0000000 0.0000000 0.0208484 0.0000000 0.0000000 0.0000000 0.0000000 0.0000000 0.3146439 0.4378715 0.0000000 0.0000000 0.0000000 0.0076397 0.0000000 0.0000000 0.0000000 0.0000000 0.1355344 0.0834622
 47 C  47 0.0292086 0.0822481 0.0675925 0.0025961 0.1145965 0.0413650 0.0809683 0.0000000 0.1370754 0.0371718 0.1144752 0.0187105 0.0469450 0.0044707 0.0000000 0.0207857 0.0196928 0.0000000 0.0048542 0.0937813 0.0834622
 48 N  48 0.0000000 0.0000000 0.4597280 0.0474590 0.0000000 0.0035104 0.0000000 0.3656993 0.0092889 0.0000000 0.0000000 0.0219943 0.0000000 0.0000000 0.0000000 0.0029381 0.0000000 0.0000000 0.0000000 0.0000000 0.0893819
 49 Y  49 0.0000000 0.0114814 0.0000000 0.0000000 0.0891481 0.0000000 0.0000000 0.0276374 0.0309404 0.0035607 0.0368631 0.0000000 0.0000000 0.0627507 0.0031150 0.0040737 0.0000000 0.0372468 0.5855017 0.0182990 0.0893819
 50 V  50 0.0114796 0.0452071 0.1462896 0.0816354 0.0088537 0.0879083 0.0380326 0.0340111 0.0255302 0.0071888 0.0744484 0.0649294 0.0000000 0.0042415 0.0161503 0.0857093 0.0847946 0.0000000 0.0276689 0.0665393 0.0893819
 51 G  51 0.0027636 0.0284881 0.0087783 0.0463746 0.0000000 0.0056717 0.1043471 0.6008956 0.0046799 0.0000000 0.0079186 0.0930724 0.0000000 0.0000000 0.0000000 0.0000000 0.0076281 0.0000000 0.0000000 0.0000000 0.0893819
 52 P  52 0.0066790 0.1314239 0.0374446 0.0115505 0.0000000 0.0480571 0.0932801 0.0036403 0.0034097 0.0039445 0.0081817 0.1073217 0.0123551 0.0000000 0.3448764 0.0830106 0.0085104 0.0000000 0.0066178 0.0140344 0.0756622
 53 A  53 0.5013158 0.0000000 0.0000000 0.0000000 0.0076004 0.0000000 0.0332596 0.0634941 0.0000000 0.0137010 0.0087213 0.0000000 0.0000000 0.0073115 0.0000000 0.0281361 0.0401787 0.0000000 0.0000000 0.2079630 0.0883185
 54 K  54 0.0225802 0.1089075 0.0040737 0.0000000 0.0121332 0.0027636 0.0489402 0.0000000 0.0036874 0.0972890 0.0477023 0.1636410 0.0200912 0.0087783 0.0332596 0.0219033 0.0933038 0.0218224 0.0073115 0.1969939 0.0848178
 55 V  55 0.0041147 0.0000000 0.0000000 0.0134033 0.0000000 0.0000000 0.0000000 0.0000000 0.0000000 0.3192949 0.1901350 0.0000000 0.0052981 0.0000000 0.0000000 0.0000000 0.0213594 0.0000000 0.0000000 0.3615768 0.0848178
 56 I  56 0.0000000 0.2694118 0.0000000 0.0076397 0.0000000 0.1336916 0.0398642 0.0137197 0.0000000 0.0496624 0.0166246 0.0218185 0.0113520 0.0114460 0.0000000 0.0000000 0.1145838 0.0000000 0.0000000 0.2451339 0.0650518
 57 V  57 0.0751791 0.0000000 0.0000000 0.0000000 0.1510083 0.0000000 0.0000000 0.0076281 0.0000000 0.1017634 0.0626806 0.0000000 0.0000000 0.0000000 0.0000000 0.0000000 0.0042415 0.0000000 0.0134033 0.5228386 0.0612570
 58 Q  58 0.0000000 0.0330785 0.0000000 0.0240885 0.0753657 0.1269466 0.0000000 0.0202960 0.0081027 0.0134033 0.0000000 0.0070616 0.0085275 0.1336916 0.0000000 0.3356520 0.1308648 0.0000000 0.0216642 0.0000000 0.0612570
 59 L  59 0.0000000 0.0000000 0.0000000 0.0000000 0.1620348 0.0000000 0.0000000 0.0076397 0.0000000 0.0824296 0.5961113 0.0000000 0.0000000 0.0134033 0.0000000 0.0000000 0.0000000 0.0000000 0.0000000 0.0771243 0.0612570
 60 V  60 0.0560298 0.0000000 0.0000000 0.0000000 0.0000000 0.0076397 0.0000000 0.1267423 0.0000000 0.0062308 0.0070483 0.0000000 0.0000000 0.0799564 0.0000000 0.0062879 0.0000000 0.0000000 0.0441233 0.5909648 0.0749767
 61 T  61 0.0163482 0.0066011 0.0450957 0.0000000 0.0210430 0.0763915 0.0000000 0.0000000 0.0000000 0.0000000 0.0000000 0.0000000 0.0000000 0.0000000 0.0000000 0.0301453 0.6677526 0.0616460 0.0000000 0.0000000 0.0749767
 62 N  62 0.0896983 0.0244074 0.0763803 0.1605465 0.0000000 0.0000000 0.0289128 0.0000000 0.0633468 0.0119354 0.0000000 0.3049389 0.0000000 0.0000000 0.0000000 0.0714870 0.0527625 0.0000000 0.0059421 0.0379238 0.0717182
 63 G  63 0.0284523 0.0000000 0.1171464 0.4287991 0.0000000 0.0075089 0.0672372 0.0253824 0.0299317 0.0175063 0.0288615 0.0000000 0.0020778 0.0032658 0.0000000 0.0991737 0.0364491 0.0000000 0.0125647 0.0108845 0.0847584
 64 K  64 0.0205445 0.0046366 0.0122925 0.2124167 0.0000000 0.0312136 0.1647507 0.1496906 0.0000000 0.0031150 0.0371315 0.0838425 0.0040333 0.0016364 0.0898301 0.0317346 0.0148763 0.0546465 0.0000000 0.0088798 0.0747288
 65 N  65 0.0000000 0.1518147 0.0732022 0.0691402 0.0000000 0.0126198 0.0155984 0.0160639 0.0277437 0.0158530 0.0000000 0.0486077 0.0000000 0.0000000 0.4189908 0.0379991 0.0155861 0.0000000 0.0056410 0.0154806 0.0756590
 66 I  66 0.0214399 0.0626575 0.0000000 0.0000000 0.0067379 0.0279635 0.0321939 0.0000000 0.1180976 0.0344776 0.0389679 0.0039721 0.0000000 0.0171191 0.1807865 0.0054652 0.0308692 0.0000000 0.1973519 0.1333556 0.0885447
 67 H  67 0.0496567 0.4156141 0.0000000 0.0207541 0.0105745 0.0276188 0.0204738 0.0163877 0.0428566 0.0000000 0.0110165 0.2046432 0.0332807 0.0000000 0.0000000 0.0408225 0.0336332 0.0000000 0.0087880 0.0098384 0.0540412
 68 L  68 0.0281054 0.0372204 0.0000000 0.0000000 0.0000000 0.0259778 0.0297705 0.0000000 0.0000000 0.0029427 0.0806129 0.0000000 0.0163482 0.0000000 0.6391249 0.0000000 0.0000000 0.0000000 0.0000000 0.0858561 0.0540412
 69 H  69 0.0000000 0.0112693 0.0000000 0.0000000 0.0000000 0.0000000 0.0000000 0.0000000 0.9346895 0.0000000 0.0000000 0.0000000 0.0000000 0.0000000 0.0000000 0.0000000 0.0000000 0.0000000 0.0000000 0.0000000 0.0540412
 70 A  70 0.3453327 0.0000000 0.0000000 0.0000000 0.0000000 0.0000000 0.0000000 0.0043845 0.0000000 0.0163482 0.0000000 0.0000000 0.0000000 0.0088212 0.4500739 0.0472801 0.0058489 0.0000000 0.0081027 0.0326437 0.0811642
 71 H  71 0.0000000 0.0076397 0.0000000 0.0000000 0.1297021 0.0000000 0.0000000 0.0000000 0.7304868 0.0000000 0.0000000 0.0000000 0.0000000 0.0076281 0.0000000 0.0202653 0.0000000 0.0000000 0.0196130 0.0000000 0.0846649
 72 S  72 0.0041021 0.2230589 0.0898936 0.0487539 0.0190211 0.0363858 0.0573015 0.0116108 0.0217701 0.0000000 0.0125647 0.1417440 0.0000000 0.0000000 0.0000000 0.2271840 0.0000000 0.0219445 0.0000000 0.0000000 0.0846649
 73 L  73 0.0000000 0.0000000 0.0000000 0.0000000 0.0000000 0.0000000 0.0000000 0.0000000 0.0000000 0.0539391 0.7112565 0.0000000 0.0000000 0.0000000 0.0000000 0.0043845 0.0000000 0.0000000 0.0000000 0.1591584 0.0712616
 74 V  74 0.0175063 0.0000000 0.0000000 0.0000000 0.0158808 0.0000000 0.0000000 0.0168255 0.0081027 0.0298818 0.0230182 0.0000000 0.0087783 0.0367975 0.0000000 0.0608640 0.1134480 0.0000000 0.0134033 0.5979516 0.0575419
 75 G  75 0.0000000 0.0154931 0.0279937 0.0062879 0.0000000 0.0000000 0.0234826 0.7369577 0.0071098 0.0283671 0.0000000 0.0138607 0.0000000 0.0134033 0.0000000 0.0259778 0.0000000 0.0000000 0.0052616 0.0382629 0.0575419
 76 K  76 0.0000000 0.2110804 0.0000000 0.0327875 0.0000000 0.0070429 0.0315193 0.0171107 0.0000000 0.0000000 0.0061333 0.5994020 0.0000000 0.0000000 0.0081027 0.0134033 0.0193767 0.0000000 0.0000000 0.0000000 0.0540412
 77 H  77 0.0134033 0.0000000 0.2089246 0.2705660 0.0000000 0.0717008 0.1273998 0.0329051 0.0764806 0.0044477 0.0000000 0.0320013 0.0000000 0.0056410 0.0000000 0.0351549 0.0429196 0.0000000 0.0000000 0.0000000 0.0784553
 78 C  78 0.0084747 0.0000000 0.0200754 0.0911024 0.6105399 0.0234826 0.0052906 0.0212208 0.0000000 0.0130199 0.0137197 0.0000000 0.0000000 0.0000000 0.0000000 0.0642353 0.0205099 0.0000000 0.0000000 0.0251937 0.0831352
 79 E  79 0.0116558 0.0811802 0.0052981 0.0732916 0.0046895 0.0558883 0.1618793 0.0057083 0.0099422 0.0173583 0.0000000 0.2575695 0.0000000 0.0000000 0.0079155 0.0648346 0.1463523 0.0000000 0.0107268 0.0025746 0.0831352
 80 D  80 0.0100146 0.0668763 0.0897540 0.3514671 0.0000000 0.0149743 0.1344301 0.0000000 0.0389998 0.0078235 0.0109513 0.0879415 0.0000000 0.0000000 0.0000000 0.0335520 0.0263173 0.0000000 0.0021212 0.0000000 0.1247770
 81 G  81 0.0000000 0.0251092 0.0000000 0.1125644 0.0000000 0.0000000 0.0105986 0.6471812 0.0000000 0.0000000 0.0000000 0.0245890 0.0062879 0.0000000 0.0151873 0.0000000 0.0059856 0.0000000 0.0000000 0.0277197 0.1247770
 82 V  82 0.0000000 0.0084747 0.0151822 0.0000000 0.0000000 0.0000000 0.0000000 0.0000000 0.0118416 0.1833459 0.0326188 0.0039445 0.0101291 0.0286779 0.0642244 0.0122735 0.0743064 0.0000000 0.0625406 0.3739569 0.1184835
 83 C  83 0.0134033 0.0000000 0.0125647 0.0061333 0.4522744 0.0000000 0.0000000 0.0000000 0.0905306 0.0375047 0.0138776 0.0000000 0.0419803 0.0027807 0.0000000 0.0168814 0.0495458 0.0000000 0.1320398 0.0191097 0.1113737
 84 T  84 0.0157876 0.0489402 0.0084820 0.0759999 0.0120750 0.0332474 0.1602233 0.0000000 0.0462076 0.0242708 0.0163482 0.0264432 0.0057083 0.0040737 0.0000000 0.0780211 0.2140672 0.0000000 0.0092541 0.1180653 0.1027849
 85 V  85 0.1125914 0.0254869 0.0000000 0.0000000 0.0000000 0.0041993 0.0057083 0.0000000 0.0000000 0.1720764 0.1054479 0.0377873 0.0427386 0.0131604 0.0000000 0.0164511 0.0099215 0.0066011 0.0000000 0.3379349 0.1098947
 86 T  86 0.0058489 0.0952916 0.0229351 0.0643276 0.0039573 0.0447540 0.2438576 0.0000000 0.0119437 0.0247417 0.0260516 0.0620391 0.0108463 0.0119327 0.0273571 0.0539429 0.1025338 0.0000000 0.0217870 0.0559576 0.1098947
 87 A  87 0.0410265 0.0137197 0.0000000 0.0088212 0.0066178 0.0000000 0.0062879 0.0000000 0.0000000 0.1154089 0.2274980 0.0000000 0.0196003 0.0760202 0.0234826 0.0290590 0.0244141 0.0000000 0.0000000 0.2981491 0.1098947
 88 G  88 0.0061333 0.0518750 0.0916560 0.1386366 0.0198242 0.0263273 0.0229067 0.2280660 0.0212455 0.0000000 0.0000000 0.0562199 0.0000000 0.0000000 0.0648885 0.1124941 0.0589434 0.0000000 0.0000000 0.0000000 0.1007835
 89 P  89 0.0375532 0.0116455 0.0161356 0.0469828 0.0000000 0.0695664 0.1041121 0.0040228 0.0000000 0.0000000 0.0000000 0.0192072 0.0000000 0.0000000 0.4377725 0.1240593 0.0151607 0.0000000 0.0000000 0.0000000 0.1137818
 90 K  90 0.0029006 0.0029427 0.1250110 0.0649791 0.0281850 0.0261740 0.1992570 0.0694940 0.1100556 0.0000000 0.0042672 0.1218075 0.0000000 0.0000000 0.0178278 0.0232548 0.0771873 0.0000000 0.0000000 0.0163482 0.1103083
 91 D  91 0.0000000 0.1269749 0.1437384 0.3026139 0.0000000 0.0149119 0.0867502 0.0155813 0.0017456 0.0067523 0.0066790 0.0230930 0.0000000 0.0000000 0.0103240 0.1006894 0.0423719 0.0000000 0.0000000 0.0025832 0.1151910
 92 M  92 0.0363870 0.0938402 0.0105406 0.0140932 0.0203096 0.0000000 0.0297515 0.0000000 0.0000000 0.0000000 0.0168355 0.0116455 0.3083227 0.0315258 0.0722608 0.0441172 0.0185505 0.0224686 0.1221477 0.0071098 0.1400940
 93 V  93 0.0209942 0.1209090 0.0038888 0.0038736 0.0019505 0.0313586 0.0261689 0.0000000 0.0000000 0.0845538 0.0052981 0.0423515 0.0000000 0.0000000 0.0234299 0.0414538 0.2947413 0.0000000 0.0127419 0.1817624 0.1045237
 94 V  94 0.2660570 0.0000000 0.0000000 0.0000000 0.0140537 0.0088149 0.0028838 0.0052981 0.1118014 0.1067248 0.1530162 0.0000000 0.0000000 0.0000000 0.0000000 0.0000000 0.0076397 0.0000000 0.0395494 0.1553511 0.1288100
 95 G  95 0.0642367 0.0053227 0.0070616 0.0000000 0.0187387 0.0912155 0.0231748 0.0378708 0.0171108 0.0254597 0.0000000 0.0118953 0.0155043 0.0196159 0.0025961 0.3399327 0.1134611 0.0000000 0.0000000 0.0817502 0.1250533
 96 F  96 0.0000000 0.0000000 0.0137197 0.0000000 0.0323682 0.0000000 0.0000000 0.0000000 0.0000000 0.0297046 0.0397505 0.0000000 0.0031450 0.6444957 0.0000000 0.0071098 0.0000000 0.0000000 0.0039481 0.0855725 0.1401860
 97 A  97 0.0777194 0.0220287 0.0788835 0.1397233 0.0105017 0.1784630 0.0273025 0.0168814 0.0505301 0.0277341 0.0000000 0.0272585 0.0000000 0.0000000 0.1122481 0.0721572 0.0126740 0.0000000 0.0000000 0.0057083 0.1401860
 98 N  98 0.0000000 0.0000000 0.5084402 0.0176085 0.1358173 0.0041021 0.0297515 0.0912556 0.0131973 0.0000000 0.0000000 0.0398465 0.0000000 0.0000000 0.0000000 0.0495464 0.0000000 0.0000000 0.0000000 0.0000000 0.1104345
 99 L  99 0.0215018 0.0000000 0.0000000 0.0000000 0.0000000 0.0000000 0.0071098 0.0000000 0.0000000 0.0410850 0.5452130 0.0000000 0.1240537 0.0000000 0.0179204 0.0000000 0.0000000 0.0000000 0.0000000 0.1367326 0.1063838
100 G 100 0.0186469 0.0000000 0.0000000 0.0000000 0.0137406 0.0000000 0.0202963 0.7926668 0.0000000 0.0000000 0.0000000 0.0000000 0.0000000 0.0116455 0.0000000 0.0081027 0.0214077 0.0000000 0.0071098 0.0000000 0.1063838
101 I 101 0.0000000 0.0000000 0.0000000 0.0000000 0.0000000 0.0000000 0.0000000 0.0000000 0.0205489 0.7923152 0.0137197 0.0000000 0.0000000 0.0000000 0.0000000 0.0000000 0.0000000 0.0000000 0.0000000 0.0670325 0.1063838
102 L 102 0.0039481 0.0364429 0.0000000 0.0000000 0.0000000 0.3510842 0.0116455 0.0000000 0.0000000 0.1580482 0.2531142 0.0040333 0.0160474 0.0000000 0.0461589 0.0000000 0.0000000 0.0000000 0.0000000 0.0208189 0.0986584
103 H 103 0.0163482 0.0243529 0.0000000 0.0000000 0.3613659 0.0000000 0.0000000 0.0000000 0.3382986 0.0000000 0.0000000 0.1358173 0.0000000 0.0087783 0.0000000 0.0228946 0.0000000 0.0000000 0.0000000 0.0000000 0.0921443
104 V 104 0.0331055 0.0137197 0.0000000 0.0000000 0.0070429 0.0000000 0.0323682 0.0000000 0.0000000 0.0488009 0.1115518 0.0000000 0.0000000 0.0000000 0.0000000 0.0000000 0.1511258 0.0000000 0.0000000 0.5040717 0.0982136
105 T 105 0.1525830 0.2458971 0.0116455 0.0000000 0.0042007 0.0163482 0.0282385 0.0142435 0.0000000 0.0137197 0.0070483 0.2363407 0.0089386 0.0000000 0.0000000 0.0065141 0.1560685 0.0000000 0.0000000 0.0000000 0.0982136
106 K 106 0.0000000 0.1838677 0.1402939 0.0000000 0.0000000 0.0163482 0.0000000 0.0066790 0.0000000 0.0000000 0.0000000 0.5364380 0.0000000 0.0000000 0.0065141 0.0000000 0.0000000 0.0000000 0.0000000 0.0116455 0.0982136
107 K 107 0.1033868 0.1306741 0.0141215 0.0000000 0.0000000 0.0000000 0.0279937 0.0000000 0.0070429 0.0000000 0.0116054 0.5307086 0.0000000 0.0000000 0.0000000 0.0128788 0.0229038 0.0081027 0.0000000 0.0323682 0.0982136
108 K 108 0.0000000 0.0042007 0.1022559 0.3934213 0.0000000 0.0131817 0.1858616 0.0140025 0.0284268 0.0000000 0.0000000 0.0784896 0.0000000 0.0150403 0.0000000 0.0078804 0.0061333 0.0000000 0.0246540 0.0000000 0.1264521
109 V 109 0.0070616 0.0244345 0.0000000 0.0000000 0.0000000 0.0044707 0.0000000 0.0081027 0.0000000 0.2479615 0.0795368 0.0000000 0.0425681 0.0000000 0.0000000 0.0000000 0.0322092 0.0000000 0.0000000 0.4554414 0.0982136
110 F 110 0.0754871 0.0548946 0.0042873 0.0803260 0.0000000 0.0000000 0.2705101 0.0124207 0.0000000 0.0175992 0.0032373 0.1144490 0.0332444 0.0556873 0.0357838 0.0222157 0.0320588 0.0000000 0.0130523 0.0485537 0.1261929
111 E 111 0.0911173 0.0083153 0.0179567 0.1391527 0.0000000 0.0366964 0.3807577 0.0563918 0.0119327 0.0040737 0.0000000 0.0630497 0.0000000 0.0000000 0.0274507 0.0130521 0.0066178 0.0000000 0.0000000 0.0038418 0.1395935
112 T 112 0.2259257 0.0353779 0.0175475 0.0000000 0.0000000 0.0000000 0.1340774 0.0134033 0.0175063 0.0556666 0.0234826 0.0119327 0.0000000 0.0000000 0.0279952 0.1009147 0.1230314 0.0062879 0.0000000 0.0672573 0.1395935
113 L 113 0.0321800 0.0000000 0.0000000 0.0126563 0.0000000 0.0000000 0.0000000 0.0119327 0.0198530 0.2211147 0.4819501 0.0163482 0.0196178 0.0000000 0.0065141 0.0000000 0.0000000 0.0000000 0.0000000 0.0382396 0.1395935
114 E 114 0.0482492 0.0680635 0.0606707 0.0065141 0.0115395 0.0203739 0.1256939 0.0163272 0.0068854 0.1069837 0.0648897 0.0859803 0.0271710 0.0322696 0.0000000 0.0223734 0.0529588 0.0000000 0.0323276 0.0860062 0.1247224
115 A 115 0.0559938 0.0659564 0.0000000 0.0170978 0.0175805 0.1205283 0.1308849 0.0126563 0.0239019 0.0174542 0.0649319 0.1536381 0.0000000 0.0163482 0.0000000 0.0334430 0.0799838 0.0000000 0.0000000 0.0454856 0.1441154
116 R 116 0.0000000 0.5914448 0.0000000 0.0000000 0.0000000 0.0000000 0.0000000 0.0000000 0.0000000 0.0000000 0.0282809 0.2361590 0.0000000 0.0000000 0.0000000 0.0000000 0.0000000 0.0000000 0.0000000 0.0000000 0.1441154
117 M 117 0.0236392 0.0114793 0.0241853 0.0000000 0.0000000 0.0070483 0.0170373 0.0081027 0.0000000 0.0796298 0.1224649 0.1473792 0.0997074 0.0287550 0.0184468 0.0088149 0.0000000 0.0000000 0.0315818 0.0278583 0.3438699
118 T 118 0.0067523 0.1130908 0.0152693 0.0000000 0.0000000 0.1139008 0.1029431 0.0088455 0.0070616 0.1618371 0.0696751 0.1663617 0.0059419 0.0000000 0.0000000 0.0286788 0.0622876 0.0000000 0.0000000 0.0131999 0.1241546
119 E 119 0.0182043 0.1046241 0.0271475 0.0892450 0.0000000 0.0700180 0.2633770 0.0000000 0.0000000 0.0144326 0.0058489 0.1040533 0.0240775 0.0000000 0.0000000 0.0620789 0.0412891 0.0000000 0.0000000 0.0000000 0.1756039
120 A 120 0.0845376 0.1093111 0.0323159 0.0163787 0.0000000 0.0667207 0.0715495 0.0000000 0.0176805 0.1245951 0.1029019 0.0948983 0.0066178 0.0000000 0.0081027 0.0177420 0.0384956 0.0000000 0.0053917 0.0191258 0.1836351
121 C 121 0.0111735 0.1343543 0.1043370 0.0450829 0.0488148 0.0456701 0.0036925 0.1109325 0.0000000 0.0044707 0.0751379 0.0414223 0.0000000 0.0235428 0.0216515 0.0365570 0.0263257 0.0000000 0.0158864 0.0419926 0.2089554
122 I 122 0.0305205 0.0719438 0.0051074 0.0000000 0.0000000 0.0102358 0.0000000 0.0000000 0.0152924 0.1661081 0.1319518 0.0439451 0.0361571 0.0000000 0.0000000 0.0036137 0.0356106 0.0000000 0.0000000 0.1885792 0.2609345
123 R 123 0.0125647 0.1080401 0.1184841 0.2710535 0.0108899 0.0000000 0.0339464 0.0088455 0.0000000 0.0000000 0.0345705 0.0174290 0.0208835 0.0277341 0.0000000 0.0232053 0.0388704 0.0000000 0.0134033 0.0202421 0.2398376
124 G 124 0.0000000 0.0088455 0.0027071 0.0065141 0.0088149 0.0193634 0.0779802 0.0764569 0.0073335 0.0067523 0.0239276 0.0054652 0.0000000 0.0000000 0.3665175 0.0502930 0.0140810 0.0000000 0.0070483 0.0265218 0.2913778
125 Y 125 0.0377613 0.0490466 0.0089221 0.0000000 0.0000000 0.0000000 0.0381338 0.0000000 0.0194307 0.0301134 0.0223233 0.0592521 0.0391252 0.2342416 0.0070483 0.0208667 0.0182661 0.0000000 0.1278680 0.0111436 0.2764572
126 N 126 0.0119327 0.0634563 0.3350310 0.0271231 0.0000000 0.0320551 0.0000000 0.0216174 0.0133997 0.0000000 0.0266511 0.1420762 0.0019505 0.0163272 0.0169108 0.0041080 0.0000000 0.0000000 0.0000000 0.0000000 0.2873609
127 P 127 0.0727543 0.0611935 0.0391394 0.0188468 0.0217206 0.0169108 0.0068968 0.0236832 0.0000000 0.0114692 0.0073335 0.0020184 0.0040453 0.0076004 0.0944130 0.0121175 0.1446468 0.0000000 0.0169947 0.0588751 0.3793408
128 G 128 0.0228173 0.0073335 0.0145831 0.0000000 0.0046548 0.0000000 0.0043845 0.2681111 0.0000000 0.0000000 0.0071884 0.0338964 0.0806881 0.0603351 0.0503523 0.0051074 0.0000000 0.0000000 0.0175338 0.0163272 0.4066872
129 L 129 0.0000000 0.0565943 0.0368104 0.0129545 0.0000000 0.0044814 0.0115120 0.0045345 0.0000000 0.0534105 0.0594890 0.0162259 0.0120735 0.1301400 0.0039301 0.0450813 0.0037215 0.0000000 0.0247699 0.0595610 0.4647103
130 L 130 0.0296805 0.0000000 0.0172670 0.0245010 0.0131999 0.0033457 0.0085960 0.0255995 0.0000000 0.0412437 0.0769731 0.0108220 0.0125647 0.0265808 0.0307156 0.0470917 0.0231795 0.0000000 0.0000000 0.0585036 0.5501359
131 V 131 0.0000000 0.0119327 0.0172195 0.0000000 0.0000000 0.0372281 0.0079186 0.0000000 0.0448420 0.0608011 0.0070616 0.0000000 0.0000000 0.0041147 0.0440662 0.0086425 0.0657422 0.0000000 0.0000000 0.0763721 0.6140589
132 H 132 0.0444469 0.0358682 0.0079186 0.0000000 0.0282385 0.0000000 0.0326841 0.0039572 0.0822700 0.0304810 0.0197151 0.0225100 0.0119851 0.0000000 0.0126563 0.0000000 0.0000000 0.0000000 0.0000000 0.0351324 0.6321366
133 S 133 0.0000000 0.0160518 0.0262766 0.0832467 0.0000000 0.0000000 0.0314317 0.0128599 0.0000000 0.0076004 0.0237209 0.0036141 0.0000000 0.0000000 0.0956667 0.0301960 0.0163482 0.0000000 0.0000000 0.0084747 0.6445125
134 D 134 0.0000000 0.0088149 0.0257209 0.1047230 0.0660559 0.0071475 0.0451051 0.0126563 0.0000000 0.0119327 0.0158673 0.0000000 0.0000000 0.0163482 0.0000000 0.0172195 0.0109954 0.0000000 0.0049823 0.0000000 0.6524311
135 L 135 0.0244141 0.0119372 0.0000000 0.0000000 0.0000000 0.0211310 0.0161484 0.0391831 0.0000000 0.0352315 0.0566686 0.0285951 0.0081486 0.0000000 0.0119327 0.0134119 0.0125647 0.0000000 0.0000000 0.0579900 0.6626433
136 A 136 0.0206324 0.0181042 0.0203693 0.0387928 0.0000000 0.0000000 0.0392841 0.0684596 0.0000000 0.0165865 0.0229874 0.0434874 0.0084747 0.0000000 0.0104663 0.0195645 0.0125647 0.0000000 0.0000000 0.0000000 0.6602262
137 Y 137 0.0259378 0.0323956 0.0125647 0.0119327 0.0085849 0.0065141 0.0178264 0.0220148 0.0000000 0.0733894 0.0396259 0.0122898 0.0000000 0.0000000 0.0085275 0.0041121 0.0058489 0.0000000 0.0434268 0.0168589 0.6581497
138 L 138 0.0000000 0.0299657 0.0000000 0.0244974 0.0000000 0.0131999 0.0000000 0.0000000 0.0085275 0.0049823 0.1642445 0.0137406 0.0000000 0.0000000 0.0000000 0.0190507 0.0246053 0.0126563 0.0000000 0.0271072 0.6574226
139 Q 139 0.0249467 0.0092585 0.0081259 0.0102358 0.0213430 0.0580177 0.0216097 0.0241879 0.0000000 0.0000000 0.0488958 0.0660559 0.0070616 0.0000000 0.0041740 0.0000000 0.0163272 0.0000000 0.0077767 0.0124048 0.6595788
140 A 140 0.0568265 0.0093518 0.0202809 0.0248228 0.0000000 0.0126563 0.0282385 0.0527967 0.0000000 0.0000000 0.0708992 0.0000000 0.0134033 0.0127777 0.0023642 0.0205698 0.0154334 0.0000000 0.0000000 0.0000000 0.6595788
141 E 141 0.0046895 0.1428293 0.0066790 0.0146619 0.0102358 0.0261536 0.0598773 0.0000000 0.0058489 0.0000000 0.0189885 0.0000000 0.0087783 0.0000000 0.0058115 0.0049823 0.0214712 0.0065141 0.0204602 0.0084747 0.6335438
142 G 142 0.0126563 0.0158772 0.0928703 0.0084747 0.0000000 0.0087783 0.0513767 0.0371961 0.0000000 0.0000000 0.0250136 0.0326018 0.0066790 0.0000000 0.0000000 0.0165894 0.0316988 0.0000000 0.0000000 0.0169793 0.6432085
143 G 143 0.0066011 0.0170573 0.0561471 0.0248757 0.0056410 0.0088149 0.0000000 0.0759276 0.0058115 0.0046895 0.0051836 0.0000000 0.0115548 0.0051773 0.0263617 0.0165865 0.0164034 0.0000000 0.0000000 0.0340874 0.6790796
144 G 144 0.0327367 0.0000000 0.0274586 0.0282385 0.0088149 0.0039445 0.0032373 0.0823145 0.0000000 0.0366769 0.0171100 0.0059421 0.0092600 0.0117486 0.0160474 0.0366481 0.0084747 0.0000000 0.0000000 0.0222190 0.6491282
145 D 145 0.0076004 0.0385796 0.0285670 0.0368886 0.0000000 0.0322702 0.0318623 0.0042672 0.0209609 0.0058489 0.0102358 0.0107268 0.0059421 0.0000000 0.0349530 0.0516866 0.0084747 0.0000000 0.0000000 0.0282385 0.6428974
146 R 146 0.0442314 0.1417234 0.0091601 0.0177420 0.0121317 0.0000000 0.0282385 0.0052616 0.0000000 0.0000000 0.0327268 0.0066011 0.0049090 0.0000000 0.0230062 0.0137972 0.0058489 0.0000000 0.0039445 0.0538817 0.5967959
147 Q 147 0.0119327 0.0098974 0.0066178 0.0246701 0.0000000 0.0452573 0.0918153 0.0000000 0.0608242 0.0218703 0.0154195 0.0036297 0.0000000 0.0000000 0.0287380 0.0339997 0.0501964 0.0000000 0.0000000 0.0079186 0.5872132
148 L 148 0.0182238 0.0419582 0.0000000 0.0000000 0.0126563 0.0102358 0.0066011 0.0215255 0.0000000 0.0551638 0.2133952 0.0000000 0.0080044 0.0075742 0.0165078 0.0166222 0.0000000 0.0049823 0.0000000 0.0171777 0.5493716
149 T 149 0.0268152 0.0000000 0.0237383 0.0000000 0.0163272 0.0000000 0.0000000 0.0162719 0.0000000 0.0088149 0.0000000 0.0066178 0.0000000 0.0282385 0.0054653 0.0928539 0.1961495 0.0000000 0.0000000 0.0528684 0.5258391
150 D 150 0.0268349 0.0080044 0.0177295 0.0725353 0.0000000 0.0475996 0.0894991 0.0000000 0.0027203 0.0141519 0.0183637 0.0000000 0.0000000 0.0044477 0.0407493 0.0317598 0.0772122 0.0000000 0.0000000 0.0272501 0.5211421
151 R 151 0.0536603 0.1052522 0.0080044 0.0120500 0.0251630 0.0521661 0.0354912 0.0000000 0.0134662 0.0259073 0.0105000 0.0652956 0.0000000 0.0128891 0.0049823 0.0523987 0.0190266 0.0000000 0.0000000 0.0250001 0.4787470
152 E 152 0.0166222 0.0049090 0.0581480 0.0908646 0.0000000 0.0398020 0.2260770 0.0000000 0.0041121 0.0065141 0.0089386 0.0000000 0.0000000 0.0000000 0.0309219 0.0317762 0.0177420 0.0000000 0.0000000 0.0000000 0.4635723
153 K 153 0.0658858 0.0631490 0.0537669 0.0290159 0.0119327 0.0143845 0.1056644 0.0206607 0.0000000 0.0295295 0.0250498 0.0545959 0.0073335 0.0049884 0.0021754 0.0214292 0.0123490 0.0000000 0.0000000 0.0145172 0.4635723
154 E 154 0.0729799 0.0580629 0.0341119 0.0084747 0.0000000 0.0604480 0.0785041 0.0445657 0.0039721 0.0244990 0.0079186 0.0803880 0.0089386 0.0021754 0.0058115 0.0235205 0.0163804 0.0000000 0.0124286 0.0000000 0.4568200
155 I 155 0.0331790 0.0288650 0.0200394 0.0264773 0.0000000 0.0784937 0.1166495 0.0068854 0.0071098 0.0287853 0.0740667 0.0436592 0.0000000 0.0000000 0.0116931 0.0111080 0.0116674 0.0000000 0.0134033 0.0418591 0.4460588
156 I 156 0.0184300 0.0244141 0.0000000 0.0000000 0.0102358 0.0000000 0.0125647 0.0000000 0.0000000 0.1807749 0.1808163 0.0134033 0.0241390 0.0116931 0.0207476 0.0183209 0.0000000 0.0000000 0.0000000 0.0567369 0.4277234
157 R 157 0.0117951 0.0647726 0.0089386 0.0149616 0.0000000 0.1017989 0.0538663 0.0000000 0.0395698 0.0000000 0.0273975 0.1200828 0.0036297 0.0000000 0.0434034 0.0170888 0.0433324 0.0000000 0.0000000 0.0198727 0.4294897
158 Q 158 0.0395356 0.0122851 0.0041121 0.0234682 0.0000000 0.1379621 0.0598148 0.0930620 0.0074400 0.0067523 0.0159872 0.0644721 0.0079186 0.0000000 0.0125647 0.0620513 0.0000000 0.0000000 0.0000000 0.0348993 0.4176746
159 A 159 0.0687031 0.0544841 0.0053371 0.0944075 0.0076281 0.0758119 0.2148190 0.0546538 0.0062879 0.0000000 0.0319691 0.0265232 0.0119327 0.0000000 0.0166020 0.0027029 0.0000000 0.0000000 0.0076004 0.0038888 0.3166484
160 A 160 0.3076159 0.0000000 0.0134033 0.0102865 0.0297705 0.0416778 0.0126563 0.0000000 0.1259698 0.0166020 0.0076281 0.0159381 0.0000000 0.0000000 0.0524352 0.0347526 0.0689801 0.0000000 0.0000000 0.0119107 0.2503731
161 V 161 0.0360254 0.0271607 0.0077959 0.0523405 0.0000000 0.0150924 0.2637461 0.0025832 0.0000000 0.0032373 0.0687399 0.2196700 0.0101792 0.0000000 0.0000000 0.0274942 0.0120822 0.0069995 0.0000000 0.0211599 0.2256936
162 Q 162 0.0156424 0.0801560 0.0646453 0.0630857 0.0000000 0.0786997 0.1088411 0.0181444 0.0042415 0.0874427 0.0494988 0.1300727 0.0041121 0.0184758 0.0000000 0.0433562 0.0169695 0.0000000 0.0000000 0.0342394 0.1823766
163 Q 163 0.0224201 0.0026680 0.0919185 0.0222460 0.0000000 0.1743827 0.0985369 0.0396411 0.0203829 0.0133271 0.1197169 0.0521040 0.0681332 0.0000000 0.0049884 0.0280612 0.0171213 0.0175805 0.0445325 0.0000000 0.1622388
164 T 164 0.2293254 0.0452171 0.0049884 0.0000000 0.0000000 0.0619449 0.0175805 0.0184437 0.0470598 0.0950411 0.0054640 0.0946205 0.0365367 0.0000000 0.0613879 0.0584939 0.0645238 0.0000000 0.0000000 0.0228301 0.1365423
165 K 165 0.0350672 0.0415121 0.0356076 0.0282288 0.0000000 0.0630429 0.1035721 0.0418948 0.0089386 0.0000000 0.0053917 0.3837682 0.0000000 0.0000000 0.0000000 0.0508446 0.0594172 0.0000000 0.0000000 0.0102865 0.1324276
166 E 166 0.0129921 0.0398989 0.0872196 0.2013648 0.0146004 0.0039572 0.1535189 0.0199604 0.0000000 0.0090141 0.0000000 0.0363536 0.0000000 0.0059421 0.0125647 0.1565221 0.0691635 0.0079186 0.0132431 0.0352610 0.1205051
167 M 167 0.0000000 0.0000000 0.0000000 0.0000000 0.0514014 0.0000000 0.0000000 0.0000000 0.0000000 0.2468593 0.0850066 0.0134033 0.2728204 0.0216258 0.0126563 0.0000000 0.0044707 0.0000000 0.0733073 0.0735297 0.1449192
168 D 168 0.0000000 0.0000000 0.2362217 0.5064059 0.0000000 0.0137406 0.0129839 0.0000000 0.0163272 0.0000000 0.0000000 0.0125647 0.0000000 0.0000000 0.0000000 0.0323931 0.0000000 0.0000000 0.0000000 0.0000000 0.1693630
169 L 169 0.0000000 0.0258746 0.0134033 0.0000000 0.0076281 0.0000000 0.0000000 0.0000000 0.0000000 0.0241682 0.6127228 0.0000000 0.0639867 0.0036141 0.0125647 0.0370748 0.0000000 0.0000000 0.0000000 0.0237882 0.1751745
170 S 170 0.0000000 0.0000000 0.5086244 0.0074400 0.0515110 0.0000000 0.0000000 0.0125647 0.0243526 0.0000000 0.0000000 0.0274099 0.0000000 0.0000000 0.0000000 0.1596336 0.0317256 0.0000000 0.0259778 0.0000000 0.1507604
171 V 171 0.1320746 0.0467274 0.0000000 0.0000000 0.0000000 0.0472801 0.0341807 0.0000000 0.0000000 0.0971193 0.0137197 0.0354740 0.0039572 0.0074400 0.0000000 0.1707865 0.0283098 0.0000000 0.0000000 0.2410159 0.1419149
172 V 172 0.0125647 0.0000000 0.0000000 0.0000000 0.0000000 0.0000000 0.0000000 0.0000000 0.0000000 0.0206874 0.0358272 0.0000000 0.0000000 0.0000000 0.0000000 0.0126563 0.0000000 0.0000000 0.0000000 0.7763495 0.1419149
173 R 173 0.0460403 0.6940540 0.0000000 0.0000000 0.0319605 0.0000000 0.0102358 0.0000000 0.0000000 0.0000000 0.0000000 0.0489244 0.0000000 0.0000000 0.0000000 0.0074400 0.0050696 0.0000000 0.0000000 0.0425989 0.1136764
174 L 174 0.0000000 0.0000000 0.0000000 0.0000000 0.0033457 0.0000000 0.0000000 0.0473106 0.0000000 0.0701865 0.7073879 0.0000000 0.0454366 0.0000000 0.0000000 0.0000000 0.0000000 0.0000000 0.0000000 0.0126563 0.1136764
175 M 175 0.0354704 0.0501993 0.0000000 0.0000000 0.5091725 0.0137197 0.0000000 0.0491976 0.0000000 0.0036925 0.0000000 0.0580213 0.0677448 0.0089386 0.0000000 0.0000000 0.0000000 0.0000000 0.0000000 0.0863722 0.1174712
176 F 176 0.0000000 0.0000000 0.0000000 0.0000000 0.0000000 0.0000000 0.0370748 0.0000000 0.0000000 0.0088537 0.0024167 0.0000000 0.0000000 0.7977361 0.0000000 0.0000000 0.0000000 0.0000000 0.0262117 0.0102358 0.1174712
177 T 177 0.0000000 0.0931516 0.0000000 0.0059421 0.0000000 0.4541466 0.1410487 0.0000000 0.0163482 0.0066178 0.0047904 0.0000000 0.0160020 0.0000000 0.0000000 0.0604010 0.0840805 0.0000000 0.0000000 0.0000000 0.1174712
178 A 178 0.4414552 0.0000000 0.0000000 0.0000000 0.0313360 0.0000000 0.0126563 0.0276943 0.0000000 0.0020999 0.0325756 0.0000000 0.0190507 0.0033457 0.0000000 0.0000000 0.0332208 0.0000000 0.0000000 0.2790944 0.1174712
179 F 179 0.0000000 0.0190675 0.0000000 0.0000000 0.0000000 0.0000000 0.0287075 0.0000000 0.0664955 0.0062473 0.0274812 0.0000000 0.0000000 0.4996295 0.0000000 0.0542582 0.0497864 0.0118261 0.0972550 0.0000000 0.1392458
180 L 180 0.0166969 0.0117072 0.0000000 0.0196413 0.0257076 0.0161133 0.0000000 0.0126563 0.0073335 0.2327204 0.3467781 0.0277341 0.0091690 0.0136116 0.0000000 0.0000000 0.0000000 0.0000000 0.0460024 0.0865280 0.1276003
