  207         A         R         N         D         C         Q         E         G         H         I         L         K         M         F         P         S         T         W         Y         V    
  1 G   1 0.0526214 0.0000000 0.0703428 0.0000000 0.0000000 0.0000000 0.0000000 0.8013729 0.0000000 0.0000000 0.0000000 0.0000000 0.0000000 0.0000000 0.0000000 0.0756629 0.0000000 0.0000000 0.0000000 0.0000000
  2 P   2 0.0136929 0.0000000 0.0000000 0.0000000 0.0000000 0.0000000 0.0000000 0.0000000 0.0000000 0.0331852 0.0000000 0.0425760 0.0000000 0.0000000 0.9105458 0.0000000 0.0000000 0.0000000 0.0000000 0.0000000
  3 Y   3 0.0137023 0.0267786 0.0120732 0.0045821 0.0447074 0.0263500 0.0717407 0.0031299 0.1097488 0.0000000 0.0000000 0.0582158 0.0000000 0.0910770 0.0039359 0.0124002 0.0000000 0.0045560 0.5035214 0.0134807
  4 L   4 0.0000000 0.0000000 0.0000000 0.0000000 0.0131572 0.0000000 0.0000000 0.0000000 0.0000000 0.1956873 0.6226200 0.0000000 0.0073826 0.0000000 0.0000000 0.0000000 0.0078425 0.0000000 0.0000000 0.1533104
  5 Q   5 0.0082858 0.1307657 0.0103721 0.0000000 0.0000000 0.1403215 0.2005024 0.0000000 0.0143173 0.0047802 0.0045151 0.1781014 0.0000000 0.0000000 0.0000000 0.0631427 0.0508596 0.0000000 0.0000000 0.1940361
  6 I   6 0.0000000 0.0000000 0.0000000 0.0000000 0.0000000 0.0000000 0.0000000 0.0000000 0.0000000 0.9377080 0.0116745 0.0000000 0.0000000 0.0000000 0.0000000 0.0000000 0.0000000 0.0000000 0.0000000 0.0506175
  7 L   7 0.0138083 0.0000000 0.0000000 0.0000000 0.0054130 0.0000000 0.0670145 0.0000000 0.0000000 0.1748983 0.2578461 0.0000000 0.0136826 0.0261413 0.0000000 0.0050261 0.1755406 0.0000000 0.0000000 0.2606292
  8 E   8 0.0021580 0.0442516 0.0215163 0.0000000 0.0307014 0.0054049 0.6827096 0.0000000 0.0000000 0.0058195 0.0000000 0.0117631 0.0000000 0.0000000 0.0000000 0.0180869 0.0156468 0.0000000 0.0000000 0.1619418
  9 Q   9 0.0000000 0.0000000 0.0078161 0.0000000 0.0000000 0.8840195 0.0825603 0.0000000 0.0213121 0.0042919 0.0000000 0.0000000 0.0000000 0.0000000 0.0000000 0.0000000 0.0000000 0.0000000 0.0000000 0.0000000
 10 P  10 0.0000000 0.0000000 0.0000000 0.0000000 0.0000000 0.0000000 0.0000000 0.0000000 0.0000000 0.0000000 0.0000000 0.0000000 0.0000000 0.0000000 1.0000000 0.0000000 0.0000000 0.0000000 0.0000000 0.0000000
 11 K  11 0.0695431 0.0808179 0.0000000 0.0000000 0.0000000 0.0826403 0.0902879 0.0000000 0.0138813 0.0154875 0.0000000 0.4176887 0.0450665 0.0000000 0.0050003 0.0161747 0.0633868 0.0000000 0.0000000 0.1000248
 12 Q  12 0.0133811 0.0000000 0.0452835 0.0622645 0.0000000 0.4070485 0.1748247 0.0270790 0.0000000 0.0000000 0.0000000 0.0230699 0.0000000 0.0000000 0.0483207 0.1987281 0.0000000 0.0000000 0.0000000 0.0000000
 13 R  13 0.0164436 0.4940068 0.0605071 0.0089703 0.0000000 0.0000000 0.0000000 0.0000000 0.0000000 0.0000000 0.0000000 0.3012909 0.0000000 0.0000000 0.0000000 0.0426691 0.0428663 0.0000000 0.0219620 0.0112838
 14 G  14 0.0866330 0.0089682 0.0058369 0.0239499 0.0000000 0.1654280 0.0301347 0.4752132 0.0967985 0.0312479 0.0101062 0.0000000 0.0000000 0.0000000 0.0000000 0.0109784 0.0123080 0.0000000 0.0367214 0.0056757
 15 F  15 0.0000000 0.0000000 0.0000000 0.0000000 0.0089412 0.0048280 0.0000000 0.0000000 0.2381273 0.0431004 0.1182492 0.0000000 0.1694963 0.3622977 0.0000000 0.0000000 0.0159965 0.0000000 0.0389633 0.0000000
 16 R  16 0.0000000 0.9899551 0.0100449 0.0000000 0.0000000 0.0000000 0.0000000 0.0000000 0.0000000 0.0000000 0.0000000 0.0000000 0.0000000 0.0000000 0.0000000 0.0000000 0.0000000 0.0000000 0.0000000 0.0000000
 17 F  17 0.2154063 0.0000000 0.0000000 0.0000000 0.0000000 0.0000000 0.0000000 0.0000000 0.0000000 0.0000000 0.0000000 0.0000000 0.0000000 0.7461861 0.0000000 0.0000000 0.0000000 0.0000000 0.0384076 0.0000000
 18 R  18 0.0000000 0.9308308 0.0000000 0.0000000 0.0000000 0.0000000 0.0000000 0.0134343 0.0459541 0.0000000 0.0000000 0.0000000 0.0000000 0.0000000 0.0097808 0.0000000 0.0000000 0.0000000 0.0000000 0.0000000
 19 Y  19 0.0000000 0.0000000 0.0000000 0.0000000 0.0000000 0.0000000 0.0000000 0.0000000 0.0000000 0.0086731 0.0129123 0.0000000 0.0000000 0.0000000 0.0000000 0.0000000 0.0000000 0.0000000 0.9784147 0.0000000
 20 V  20 0.0169055 0.0181394 0.0000000 0.0223274 0.0000000 0.1389224 0.2637075 0.0544261 0.0000000 0.0072960 0.0542676 0.2966432 0.0097074 0.0000000 0.0301335 0.0000000 0.0075635 0.0000000 0.0000000 0.0799605
 21 C  21 0.0000000 0.0000000 0.0000000 0.0134343 0.4817906 0.0000000 0.0086731 0.0000000 0.0000000 0.0000000 0.0000000 0.0000000 0.0000000 0.0000000 0.0000000 0.2760407 0.2098344 0.0000000 0.0000000 0.0102268
 22 E  22 0.0000000 0.0129123 0.0000000 0.0000000 0.0000000 0.0000000 0.9870877 0.0000000 0.0000000 0.0000000 0.0000000 0.0000000 0.0000000 0.0000000 0.0000000 0.0000000 0.0000000 0.0000000 0.0000000 0.0000000
 23 G  23 0.0000000 0.0000000 0.0000000 0.0000000 0.0000000 0.0214655 0.0000000 0.7567838 0.0000000 0.0086731 0.0000000 0.0144837 0.1832329 0.0000000 0.0000000 0.0153611 0.0000000 0.0000000 0.0000000 0.0000000
 24 P  24 0.0000000 0.3905692 0.0000000 0.0000000 0.0000000 0.0097195 0.0000000 0.1698797 0.0536653 0.0000000 0.0000000 0.0087919 0.0000000 0.0000000 0.1490766 0.1991451 0.0000000 0.0000000 0.0000000 0.0191526
 25 S  25 0.0000000 0.1914662 0.0000000 0.0000000 0.0334758 0.0104589 0.0000000 0.0000000 0.0000000 0.0000000 0.0033215 0.0000000 0.0000000 0.0000000 0.0000000 0.4796621 0.2767123 0.0000000 0.0049032 0.0000000
 26 H  26 0.4342116 0.0290994 0.0000000 0.0000000 0.0000000 0.0000000 0.0000000 0.0000000 0.5145847 0.0000000 0.0000000 0.0000000 0.0000000 0.0108031 0.0060324 0.0000000 0.0052689 0.0000000 0.0000000 0.0000000
 27 G  27 0.0106353 0.0000000 0.0000000 0.0000000 0.0000000 0.0000000 0.0000000 0.9733706 0.0000000 0.0000000 0.0000000 0.0000000 0.0000000 0.0000000 0.0000000 0.0000000 0.0000000 0.0000000 0.0000000 0.0159941
 28 G  28 0.0183724 0.0000000 0.0111993 0.0000000 0.0528904 0.0227531 0.0106353 0.2352123 0.0000000 0.0000000 0.0000000 0.0000000 0.0000000 0.0000000 0.0298546 0.5777084 0.0292590 0.0000000 0.0121152 0.0000000
 29 L  29 0.0000000 0.0000000 0.0000000 0.0000000 0.0000000 0.0000000 0.0000000 0.0000000 0.0000000 0.4670303 0.5244754 0.0000000 0.0000000 0.0000000 0.0000000 0.0000000 0.0025294 0.0000000 0.0000000 0.0059649
 30 P  30 0.0350148 0.0000000 0.0446642 0.0000000 0.0083839 0.0246789 0.0000000 0.0161678 0.0142585 0.0192341 0.2489566 0.0410140 0.0405623 0.0000000 0.4595531 0.0000000 0.0126224 0.0000000 0.0122468 0.0226425
 31 G  31 0.0519231 0.0000000 0.0000000 0.0000000 0.0000000 0.0000000 0.0000000 0.9351151 0.0000000 0.0000000 0.0000000 0.0000000 0.0000000 0.0000000 0.0129618 0.0000000 0.0000000 0.0000000 0.0000000 0.0000000
 32 A  32 0.3360736 0.0167444 0.0000000 0.0278817 0.0133643 0.0207711 0.2629201 0.0074914 0.0000000 0.0224887 0.0000000 0.0436616 0.0245954 0.0000000 0.0115215 0.0831942 0.0111410 0.0000000 0.0000000 0.1181511
 33 S  33 0.0319247 0.0918024 0.1731516 0.0058560 0.0000000 0.0036402 0.0000000 0.0145960 0.0685117 0.0020683 0.0000000 0.0554678 0.0000000 0.0235190 0.0096877 0.2956550 0.0070436 0.0085905 0.0064048 0.2020809
 34 S  34 0.0427929 0.0000000 0.0497233 0.0000000 0.0000000 0.0000000 0.0091446 0.0000000 0.0000000 0.0000000 0.0000000 0.1990970 0.0000000 0.0136184 0.0130892 0.6047886 0.0490919 0.0000000 0.0186542 0.0000000
 35 E  35 0.0091079 0.0077839 0.0513659 0.2227931 0.0197330 0.0163833 0.1664056 0.0171344 0.0000000 0.0140311 0.0000000 0.0489588 0.0018068 0.0000000 0.0000000 0.0800544 0.3309562 0.0134858 0.0000000 0.0000000
 36 K  36 0.0751435 0.1987541 0.0260930 0.0888162 0.0000000 0.0234785 0.1263596 0.0409894 0.0169415 0.0109242 0.0020750 0.1606991 0.0000000 0.0000000 0.0873206 0.0907127 0.0373918 0.0000000 0.0000000 0.0143008
 37 N  37 0.0534894 0.0151736 0.2472152 0.0693062 0.0000000 0.0251630 0.1143785 0.0581647 0.0172723 0.0053586 0.0016847 0.0164115 0.0000000 0.0000000 0.0000000 0.2300581 0.1381569 0.0000000 0.0081672 0.0000000
 38 K  38 0.0511890 0.1952809 0.1486700 0.0089003 0.0071952 0.0844530 0.0046372 0.0975649 0.0261464 0.0000000 0.0148965 0.1971485 0.0000000 0.0000000 0.0363210 0.0949621 0.0326349 0.0000000 0.0000000 0.0000000
 39 K  39 0.0100091 0.1342244 0.1021205 0.0149144 0.0000000 0.0442861 0.0169847 0.0292053 0.0240104 0.0000000 0.0000000 0.5806971 0.0036929 0.0000000 0.0183778 0.0000000 0.0214774 0.0000000 0.0000000 0.0000000
 40 S  40 0.0359064 0.0096800 0.0266160 0.0000000 0.0000000 0.0000000 0.0196516 0.1827685 0.0000000 0.0091407 0.0127792 0.0131740 0.0000000 0.0000000 0.0059647 0.1408568 0.5259833 0.0000000 0.0000000 0.0174789
 41 Y  41 0.0160690 0.0000000 0.0130842 0.0000000 0.0317863 0.0042761 0.0016187 0.0000000 0.1299351 0.0000000 0.0539539 0.0000000 0.0000000 0.3377600 0.0058137 0.0154768 0.0000000 0.0212158 0.3388242 0.0301861
 42 P  42 0.0072241 0.0000000 0.0000000 0.0000000 0.0043133 0.0000000 0.0000000 0.0000000 0.0000000 0.0185829 0.0152874 0.0000000 0.0000000 0.0000000 0.9391710 0.0154212 0.0000000 0.0000000 0.0000000 0.0000000
 43 Q  43 0.0963838 0.0185829 0.0000000 0.0000000 0.0000000 0.0640846 0.0546437 0.0046951 0.0000000 0.0739858 0.0084964 0.0363938 0.0000000 0.0000000 0.0081335 0.1504552 0.4599389 0.0126493 0.0000000 0.0115569
 44 V  44 0.0135233 0.0000000 0.0000000 0.0000000 0.0060009 0.0000000 0.0000000 0.0000000 0.0000000 0.3857451 0.0460630 0.0000000 0.0000000 0.0000000 0.0000000 0.0000000 0.0000000 0.0000000 0.0000000 0.5486677
 45 K  45 0.0000000 0.1453718 0.0008731 0.0000000 0.0000000 0.2375148 0.2105458 0.0000000 0.0095096 0.0067327 0.0000000 0.3655513 0.0065197 0.0000000 0.0000000 0.0032769 0.0141042 0.0000000 0.0000000 0.0000000
 46 I  46 0.0000000 0.0000000 0.0000000 0.0234234 0.0000000 0.0000000 0.0000000 0.0000000 0.0000000 0.3523569 0.4652523 0.0000000 0.0000000 0.0000000 0.0093525 0.0000000 0.0000000 0.0000000 0.0000000 0.1496150
 47 C  47 0.0328136 0.0864591 0.0724361 0.0022689 0.1298575 0.0497726 0.0857518 0.0000000 0.1488714 0.0399279 0.1281651 0.0213465 0.0527998 0.0050693 0.0000000 0.0236964 0.0163805 0.0000000 0.0054243 0.0989593
 48 N  48 0.0000000 0.0000000 0.5233664 0.0546677 0.0000000 0.0040792 0.0000000 0.3793961 0.0105878 0.0000000 0.0000000 0.0244948 0.0000000 0.0000000 0.0000000 0.0034080 0.0000000 0.0000000 0.0000000 0.0000000
 49 Y  49 0.0000000 0.0137536 0.0000000 0.0000000 0.1023443 0.0000000 0.0000000 0.0309089 0.0289842 0.0034663 0.0419183 0.0000000 0.0000000 0.0703694 0.0035561 0.0045896 0.0000000 0.0426249 0.6380555 0.0194289
 50 V  50 0.0132609 0.0515080 0.1580647 0.0819869 0.0102727 0.0995619 0.0421184 0.0388547 0.0293570 0.0081457 0.0792919 0.0729265 0.0000000 0.0048726 0.0162422 0.0949843 0.0947608 0.0000000 0.0305063 0.0732846
 51 G  51 0.0031041 0.0328356 0.0101592 0.0506336 0.0000000 0.0051547 0.1059828 0.6796944 0.0041854 0.0000000 0.0090912 0.0902850 0.0000000 0.0000000 0.0000000 0.0000000 0.0088740 0.0000000 0.0000000 0.0000000
 52 P  52 0.0075155 0.1474459 0.0376782 0.0129744 0.0000000 0.0528993 0.1030946 0.0028981 0.0037474 0.0044050 0.0086358 0.1203609 0.0139195 0.0000000 0.3677454 0.0854258 0.0096270 0.0000000 0.0075061 0.0141213
 53 A  53 0.5578909 0.0000000 0.0000000 0.0000000 0.0087095 0.0000000 0.0317817 0.0683922 0.0000000 0.0156772 0.0098924 0.0000000 0.0000000 0.0086443 0.0000000 0.0317970 0.0395451 0.0000000 0.0000000 0.2276696
 54 K  54 0.0250083 0.1246875 0.0045763 0.0000000 0.0135213 0.0030951 0.0561344 0.0000000 0.0042080 0.1083747 0.0515956 0.1819341 0.0228810 0.0101297 0.0317208 0.0236651 0.0969109 0.0242191 0.0086277 0.2087104
 55 V  55 0.0046609 0.0000000 0.0000000 0.0148890 0.0000000 0.0000000 0.0000000 0.0000000 0.0000000 0.3598630 0.1852967 0.0000000 0.0060897 0.0000000 0.0000000 0.0000000 0.0247780 0.0000000 0.0000000 0.4044226
 56 I  56 0.0000000 0.2936262 0.0000000 0.0091424 0.0000000 0.1248895 0.0439940 0.0151054 0.0000000 0.0536206 0.0178488 0.0244616 0.0120519 0.0129623 0.0000000 0.0000000 0.1212991 0.0000000 0.0000000 0.2709982
 57 V  57 0.0845184 0.0000000 0.0000000 0.0000000 0.1656685 0.0000000 0.0000000 0.0086291 0.0000000 0.1078382 0.0649500 0.0000000 0.0000000 0.0000000 0.0000000 0.0000000 0.0047382 0.0000000 0.0145203 0.5491372
 58 Q  58 0.0000000 0.0368564 0.0000000 0.0260746 0.0837418 0.1322984 0.0000000 0.0232095 0.0085659 0.0145203 0.0000000 0.0078236 0.0097447 0.1244602 0.0000000 0.3658266 0.1433362 0.0000000 0.0235419 0.0000000
 59 L  59 0.0000000 0.0000000 0.0000000 0.0000000 0.1774541 0.0000000 0.0000000 0.0091110 0.0000000 0.0747118 0.6471134 0.0000000 0.0000000 0.0145203 0.0000000 0.0000000 0.0000000 0.0000000 0.0000000 0.0770894
 60 V  60 0.0619339 0.0000000 0.0000000 0.0000000 0.0000000 0.0092503 0.0000000 0.1198639 0.0000000 0.0070827 0.0079906 0.0000000 0.0000000 0.0827612 0.0000000 0.0070421 0.0000000 0.0000000 0.0501769 0.6538985
 61 T  61 0.0187984 0.0073542 0.0440300 0.0000000 0.0239925 0.0853220 0.0000000 0.0000000 0.0000000 0.0000000 0.0000000 0.0000000 0.0000000 0.0000000 0.0000000 0.0334939 0.7172709 0.0697381 0.0000000 0.0000000
 62 N  62 0.0952522 0.0257965 0.0855266 0.1523305 0.0000000 0.0000000 0.0328233 0.0000000 0.0707046 0.0133569 0.0000000 0.3373573 0.0000000 0.0000000 0.0000000 0.0782847 0.0589034 0.0000000 0.0066518 0.0430122
 63 G  63 0.0314624 0.0000000 0.1329267 0.4760589 0.0000000 0.0071670 0.0758631 0.0274154 0.0344343 0.0139476 0.0282881 0.0000000 0.0016427 0.0031409 0.0000000 0.1057936 0.0387886 0.0000000 0.0142631 0.0088076
 64 K  64 0.0221543 0.0051988 0.0129227 0.2341227 0.0000000 0.0341356 0.1848095 0.1435297 0.0000000 0.0035173 0.0416979 0.0912061 0.0044957 0.0017915 0.0952228 0.0359881 0.0165580 0.0620276 0.0000000 0.0106218
 65 N  65 0.0000000 0.1427979 0.0821594 0.0777563 0.0000000 0.0143907 0.0165015 0.0180619 0.0291537 0.0178686 0.0000000 0.0526669 0.0000000 0.0000000 0.4647752 0.0423317 0.0176482 0.0000000 0.0064231 0.0174649
 66 I  66 0.0247128 0.0726136 0.0000000 0.0000000 0.0077340 0.0304480 0.0370222 0.0000000 0.1316907 0.0373586 0.0384892 0.0045365 0.0000000 0.0196995 0.2046973 0.0062416 0.0354056 0.0000000 0.2201663 0.1291840
 67 H  67 0.0424351 0.4441612 0.0000000 0.0228004 0.0118058 0.0292333 0.0227051 0.0179045 0.0451935 0.0000000 0.0115754 0.2170473 0.0371458 0.0000000 0.0000000 0.0443752 0.0355608 0.0000000 0.0076443 0.0104123
 68 L  68 0.0303130 0.0420083 0.0000000 0.0000000 0.0000000 0.0286473 0.0327172 0.0000000 0.0000000 0.0032081 0.0869431 0.0000000 0.0184464 0.0000000 0.6621881 0.0000000 0.0000000 0.0000000 0.0000000 0.0955285
 69 H  69 0.0000000 0.0134351 0.0000000 0.0000000 0.0000000 0.0000000 0.0000000 0.0000000 0.9865649 0.0000000 0.0000000 0.0000000 0.0000000 0.0000000 0.0000000 0.0000000 0.0000000 0.0000000 0.0000000 0.0000000
 70 A  70 0.3598204 0.0000000 0.0000000 0.0000000 0.0000000 0.0000000 0.0000000 0.0052292 0.0000000 0.0190064 0.0000000 0.0000000 0.0000000 0.0098391 0.4995693 0.0532555 0.0066247 0.0000000 0.0087930 0.0378624
 71 H  71 0.0000000 0.0093706 0.0000000 0.0000000 0.1239305 0.0000000 0.0000000 0.0000000 0.8129351 0.0000000 0.0000000 0.0000000 0.0000000 0.0088750 0.0000000 0.0225363 0.0000000 0.0000000 0.0223525 0.0000000
 72 S  72 0.0048014 0.2337696 0.0999235 0.0556172 0.0193821 0.0411915 0.0596213 0.0131298 0.0248495 0.0000000 0.0142580 0.1506590 0.0000000 0.0000000 0.0000000 0.2577694 0.0000000 0.0250279 0.0000000 0.0000000
 73 L  73 0.0000000 0.0000000 0.0000000 0.0000000 0.0000000 0.0000000 0.0000000 0.0000000 0.0000000 0.0542812 0.7864133 0.0000000 0.0000000 0.0000000 0.0000000 0.0051622 0.0000000 0.0000000 0.0000000 0.1541433
 74 V  74 0.0135310 0.0000000 0.0000000 0.0000000 0.0167865 0.0000000 0.0000000 0.0185546 0.0085499 0.0333734 0.0252299 0.0000000 0.0098605 0.0397769 0.0000000 0.0587148 0.1113491 0.0000000 0.0144932 0.6497804
 75 G  75 0.0000000 0.0171240 0.0316215 0.0069231 0.0000000 0.0000000 0.0258552 0.7750567 0.0072131 0.0311386 0.0000000 0.0153733 0.0000000 0.0144932 0.0000000 0.0287008 0.0000000 0.0000000 0.0057853 0.0407153
 76 K  76 0.0000000 0.2244484 0.0000000 0.0360381 0.0000000 0.0063183 0.0349306 0.0191379 0.0000000 0.0000000 0.0057963 0.6286711 0.0000000 0.0000000 0.0085339 0.0144662 0.0216591 0.0000000 0.0000000 0.0000000
 77 H  77 0.0147885 0.0000000 0.2119533 0.2945142 0.0000000 0.0798681 0.1411103 0.0370422 0.0855290 0.0050038 0.0000000 0.0356019 0.0000000 0.0064275 0.0000000 0.0399247 0.0482364 0.0000000 0.0000000 0.0000000
 78 C  78 0.0096095 0.0000000 0.0229296 0.1024916 0.6694813 0.0264918 0.0058415 0.0240186 0.0000000 0.0150859 0.0153953 0.0000000 0.0000000 0.0000000 0.0000000 0.0576205 0.0228348 0.0000000 0.0000000 0.0281995
 79 E  79 0.0110559 0.0880423 0.0060738 0.0809506 0.0052900 0.0626076 0.1820372 0.0064808 0.0111736 0.0197594 0.0000000 0.2803654 0.0000000 0.0000000 0.0089243 0.0706226 0.1523052 0.0000000 0.0121092 0.0022023
 80 D  80 0.0115733 0.0788116 0.1061414 0.3971491 0.0000000 0.0177849 0.1479919 0.0000000 0.0440828 0.0092406 0.0122587 0.1022374 0.0000000 0.0000000 0.0000000 0.0399960 0.0310315 0.0000000 0.0017008 0.0000000
 81 G  81 0.0000000 0.0285146 0.0000000 0.1318089 0.0000000 0.0000000 0.0124882 0.7359378 0.0000000 0.0000000 0.0000000 0.0291561 0.0074019 0.0000000 0.0169932 0.0000000 0.0065512 0.0000000 0.0000000 0.0311480
 82 V  82 0.0000000 0.0099498 0.0179547 0.0000000 0.0000000 0.0000000 0.0000000 0.0000000 0.0128711 0.2097820 0.0382194 0.0046061 0.0117514 0.0299362 0.0749521 0.0138454 0.0694809 0.0000000 0.0708857 0.4357652
 83 C  83 0.0152592 0.0000000 0.0145684 0.0061140 0.5190510 0.0000000 0.0000000 0.0000000 0.1052631 0.0424958 0.0144861 0.0000000 0.0414886 0.0032356 0.0000000 0.0196095 0.0498465 0.0000000 0.1475585 0.0210235
 84 T  84 0.0181445 0.0572471 0.0097941 0.0873973 0.0140045 0.0381810 0.1766890 0.0000000 0.0541211 0.0274801 0.0193618 0.0306334 0.0066265 0.0046670 0.0000000 0.0901427 0.2392375 0.0000000 0.0106462 0.1156260
 85 V  85 0.1251207 0.0295053 0.0000000 0.0000000 0.0000000 0.0049506 0.0066770 0.0000000 0.0000000 0.1826271 0.1219270 0.0428822 0.0486291 0.0156658 0.0000000 0.0184772 0.0113193 0.0076324 0.0000000 0.3845866
 86 T  86 0.0068000 0.1109848 0.0248518 0.0706308 0.0023613 0.0519202 0.2634978 0.0000000 0.0138768 0.0285128 0.0298403 0.0706476 0.0120531 0.0139323 0.0316489 0.0567841 0.1209432 0.0000000 0.0257364 0.0649777
 87 A  87 0.0471645 0.0158615 0.0000000 0.0100994 0.0078098 0.0000000 0.0073084 0.0000000 0.0000000 0.1266374 0.2541229 0.0000000 0.0218832 0.0888543 0.0272940 0.0325691 0.0230516 0.0000000 0.0000000 0.3373437
 88 G  88 0.0060583 0.0598576 0.1024708 0.1482331 0.0190361 0.0294414 0.0258871 0.2576548 0.0246819 0.0000000 0.0000000 0.0620566 0.0000000 0.0000000 0.0730606 0.1291158 0.0624460 0.0000000 0.0000000 0.0000000
 89 P  89 0.0429834 0.0139416 0.0179226 0.0540111 0.0000000 0.0790969 0.1143151 0.0032251 0.0000000 0.0000000 0.0000000 0.0224966 0.0000000 0.0000000 0.5016473 0.1333391 0.0170212 0.0000000 0.0000000 0.0000000
 90 K  90 0.0033103 0.0034072 0.1374381 0.0716044 0.0322795 0.0308185 0.2293787 0.0797021 0.1180665 0.0000000 0.0049607 0.1379315 0.0000000 0.0000000 0.0197400 0.0267370 0.0850347 0.0000000 0.0000000 0.0195909
 91 D  91 0.0000000 0.1422278 0.1585096 0.3455770 0.0000000 0.0179003 0.0940043 0.0182124 0.0020199 0.0080141 0.0078644 0.0268528 0.0000000 0.0000000 0.0112802 0.1162419 0.0483199 0.0000000 0.0000000 0.0029755
 92 M  92 0.0396211 0.1090133 0.0122438 0.0171868 0.0222462 0.0000000 0.0361843 0.0000000 0.0000000 0.0000000 0.0203359 0.0144200 0.3502061 0.0388576 0.0867707 0.0502110 0.0214559 0.0265844 0.1467474 0.0079154
 93 V  93 0.0212171 0.1359582 0.0045485 0.0045300 0.0022039 0.0357961 0.0299883 0.0000000 0.0000000 0.0899964 0.0062351 0.0488278 0.0000000 0.0000000 0.0269775 0.0463368 0.3250759 0.0000000 0.0147869 0.2075215
 94 V  94 0.3158106 0.0000000 0.0000000 0.0000000 0.0170047 0.0103105 0.0034496 0.0064368 0.1249678 0.1192738 0.1678838 0.0000000 0.0000000 0.0000000 0.0000000 0.0000000 0.0098748 0.0000000 0.0440464 0.1809411
 95 G  95 0.0694960 0.0063117 0.0084704 0.0000000 0.0226313 0.1084225 0.0277810 0.0460601 0.0177083 0.0296543 0.0000000 0.0144184 0.0186625 0.0232353 0.0023931 0.3854614 0.1215669 0.0000000 0.0000000 0.0977268
 96 F  96 0.0000000 0.0000000 0.0166107 0.0000000 0.0277156 0.0000000 0.0000000 0.0000000 0.0000000 0.0355392 0.0478605 0.0000000 0.0038178 0.7632699 0.0000000 0.0079742 0.0000000 0.0000000 0.0039672 0.0932448
 97 A  97 0.0904598 0.0260337 0.0953238 0.1501270 0.0128532 0.2114427 0.0327932 0.0205904 0.0606734 0.0333991 0.0000000 0.0303060 0.0000000 0.0000000 0.1263159 0.0871367 0.0155526 0.0000000 0.0000000 0.0069924
 98 N  98 0.0000000 0.0000000 0.5742815 0.0206389 0.1398500 0.0049702 0.0351712 0.1065018 0.0157615 0.0000000 0.0000000 0.0475551 0.0000000 0.0000000 0.0000000 0.0552698 0.0000000 0.0000000 0.0000000 0.0000000
 99 L  99 0.0246133 0.0000000 0.0000000 0.0000000 0.0000000 0.0000000 0.0076813 0.0000000 0.0000000 0.0466774 0.6134335 0.0000000 0.1445369 0.0000000 0.0210666 0.0000000 0.0000000 0.0000000 0.0000000 0.1419910
100 G 100 0.0209740 0.0000000 0.0000000 0.0000000 0.0162040 0.0000000 0.0235018 0.8835358 0.0000000 0.0000000 0.0000000 0.0000000 0.0000000 0.0139936 0.0000000 0.0091048 0.0250048 0.0000000 0.0076813 0.0000000
101 I 101 0.0000000 0.0000000 0.0000000 0.0000000 0.0000000 0.0000000 0.0000000 0.0000000 0.0247463 0.8821815 0.0160005 0.0000000 0.0000000 0.0000000 0.0000000 0.0000000 0.0000000 0.0000000 0.0000000 0.0770716
102 L 102 0.0038034 0.0419771 0.0000000 0.0000000 0.0000000 0.3884469 0.0139274 0.0000000 0.0000000 0.1841624 0.2706989 0.0046758 0.0187967 0.0000000 0.0486996 0.0000000 0.0000000 0.0000000 0.0000000 0.0248116
103 H 103 0.0193856 0.0282710 0.0000000 0.0000000 0.3900049 0.0000000 0.0000000 0.0000000 0.3874487 0.0000000 0.0000000 0.1375324 0.0000000 0.0103432 0.0000000 0.0270143 0.0000000 0.0000000 0.0000000 0.0000000
104 V 104 0.0391987 0.0158470 0.0000000 0.0000000 0.0066762 0.0000000 0.0264413 0.0000000 0.0000000 0.0507074 0.1208598 0.0000000 0.0000000 0.0000000 0.0000000 0.0000000 0.1748620 0.0000000 0.0000000 0.5654077
105 T 105 0.1768987 0.2577514 0.0138593 0.0000000 0.0050174 0.0194915 0.0275969 0.0167626 0.0000000 0.0158470 0.0082852 0.2612680 0.0105503 0.0000000 0.0000000 0.0103542 0.1763175 0.0000000 0.0000000 0.0000000
106 K 106 0.0000000 0.2031017 0.1432576 0.0000000 0.0000000 0.0194915 0.0000000 0.0078125 0.0000000 0.0000000 0.0000000 0.6021233 0.0000000 0.0000000 0.0103542 0.0000000 0.0000000 0.0000000 0.0000000 0.0138593
107 K 107 0.1126441 0.1463014 0.0154520 0.0000000 0.0000000 0.0000000 0.0333508 0.0000000 0.0066762 0.0000000 0.0136817 0.5957171 0.0000000 0.0000000 0.0000000 0.0141884 0.0265295 0.0090174 0.0000000 0.0264413
108 K 108 0.0000000 0.0051598 0.1183850 0.4341477 0.0000000 0.0160205 0.2167280 0.0171364 0.0368468 0.0000000 0.0000000 0.0928509 0.0000000 0.0179679 0.0000000 0.0093524 0.0062985 0.0000000 0.0291061 0.0000000
109 V 109 0.0082360 0.0312186 0.0000000 0.0000000 0.0000000 0.0051988 0.0000000 0.0090174 0.0000000 0.2780828 0.0807238 0.0000000 0.0494427 0.0000000 0.0000000 0.0000000 0.0384414 0.0000000 0.0000000 0.4996384
110 F 110 0.0913608 0.0666880 0.0051640 0.0821046 0.0000000 0.0000000 0.2935316 0.0149151 0.0000000 0.0213291 0.0039344 0.1392175 0.0395031 0.0679081 0.0434597 0.0203856 0.0356997 0.0000000 0.0155219 0.0592767
111 E 111 0.1016841 0.0101649 0.0218755 0.1681445 0.0000000 0.0398702 0.4429748 0.0624415 0.0144341 0.0048719 0.0000000 0.0690681 0.0000000 0.0000000 0.0359265 0.0157990 0.0080911 0.0000000 0.0000000 0.0046538
112 T 112 0.2547102 0.0422825 0.0204082 0.0000000 0.0000000 0.0000000 0.1580982 0.0158507 0.0147984 0.0677137 0.0282769 0.0144341 0.0000000 0.0000000 0.0360519 0.1202005 0.1385009 0.0075716 0.0000000 0.0811022
113 L 113 0.0405784 0.0000000 0.0000000 0.0153902 0.0000000 0.0000000 0.0000000 0.0144341 0.0227838 0.2499357 0.5630423 0.0202118 0.0230727 0.0000000 0.0107369 0.0000000 0.0000000 0.0000000 0.0000000 0.0398141
114 E 114 0.0448524 0.0803929 0.0652910 0.0105939 0.0135900 0.0244139 0.1407396 0.0191952 0.0083494 0.1290749 0.0775067 0.0970242 0.0320536 0.0382230 0.0000000 0.0263280 0.0564525 0.0000000 0.0385843 0.0973346
115 A 115 0.0680143 0.0784996 0.0000000 0.0209761 0.0154899 0.1331361 0.1578553 0.0154712 0.0287629 0.0199466 0.0807285 0.1804166 0.0000000 0.0203183 0.0000000 0.0368546 0.0887057 0.0000000 0.0000000 0.0548244
116 R 116 0.0000000 0.6942422 0.0000000 0.0000000 0.0000000 0.0000000 0.0000000 0.0000000 0.0000000 0.0000000 0.0348283 0.2709294 0.0000000 0.0000000 0.0000000 0.0000000 0.0000000 0.0000000 0.0000000 0.0000000
117 M 117 0.0372103 0.0175302 0.0301156 0.0000000 0.0000000 0.0112986 0.0232937 0.0122972 0.0000000 0.1170715 0.1866979 0.2354732 0.1488560 0.0463136 0.0331025 0.0136569 0.0000000 0.0000000 0.0502230 0.0368598
118 T 118 0.0081470 0.1296345 0.0183273 0.0000000 0.0000000 0.1253798 0.1207403 0.0097580 0.0084283 0.1855772 0.0807351 0.1907411 0.0062916 0.0000000 0.0000000 0.0311440 0.0725019 0.0000000 0.0000000 0.0125938
119 E 119 0.0230051 0.1284258 0.0321061 0.1094681 0.0000000 0.0899285 0.3145404 0.0000000 0.0000000 0.0212958 0.0073589 0.1234797 0.0303419 0.0000000 0.0000000 0.0750331 0.0450165 0.0000000 0.0000000 0.0000000
120 A 120 0.1015210 0.1393337 0.0344611 0.0211533 0.0000000 0.0817820 0.0925478 0.0000000 0.0226299 0.1484199 0.1362518 0.1148853 0.0085413 0.0000000 0.0098710 0.0226519 0.0418952 0.0000000 0.0035267 0.0205280
121 C 121 0.0147506 0.1735998 0.1282390 0.0564392 0.0617563 0.0572054 0.0042053 0.1445048 0.0000000 0.0058836 0.0984483 0.0525635 0.0000000 0.0276787 0.0231066 0.0410654 0.0343470 0.0000000 0.0200399 0.0561665
122 I 122 0.0422590 0.0964498 0.0034540 0.0000000 0.0000000 0.0143998 0.0000000 0.0000000 0.0249038 0.2282713 0.1777293 0.0616358 0.0442825 0.0000000 0.0000000 0.0050580 0.0399576 0.0000000 0.0000000 0.2615992
123 R 123 0.0172575 0.1406557 0.1522693 0.3650755 0.0151011 0.0000000 0.0469691 0.0112759 0.0000000 0.0000000 0.0412415 0.0246970 0.0242251 0.0376794 0.0000000 0.0298846 0.0475883 0.0000000 0.0180758 0.0280040
124 G 124 0.0000000 0.0120379 0.0040038 0.0130714 0.0126426 0.0281396 0.1121275 0.0984942 0.0109725 0.0100505 0.0349507 0.0080327 0.0000000 0.0000000 0.5107790 0.0744959 0.0200430 0.0000000 0.0104594 0.0396994
125 Y 125 0.0485333 0.0698054 0.0059456 0.0000000 0.0000000 0.0000000 0.0481363 0.0000000 0.0243301 0.0442831 0.0298788 0.0847027 0.0560920 0.3226986 0.0102583 0.0337271 0.0255865 0.0000000 0.1799866 0.0160356
126 N 126 0.0175765 0.0911820 0.4578872 0.0393118 0.0000000 0.0452610 0.0000000 0.0317543 0.0195618 0.0000000 0.0390673 0.2030380 0.0027904 0.0236894 0.0240911 0.0047892 0.0000000 0.0000000 0.0000000 0.0000000
127 P 127 0.1253618 0.1071826 0.0590575 0.0287136 0.0367588 0.0278139 0.0100003 0.0375903 0.0000000 0.0167825 0.0126709 0.0033582 0.0069727 0.0130105 0.1437648 0.0199639 0.2393460 0.0000000 0.0232164 0.0884353
128 G 128 0.0381279 0.0132649 0.0257884 0.0000000 0.0054172 0.0000000 0.0081844 0.4610563 0.0000000 0.0000000 0.0128109 0.0604013 0.1336860 0.0943693 0.0828790 0.0043930 0.0000000 0.0000000 0.0309891 0.0286323
129 L 129 0.0000000 0.0988598 0.0721101 0.0225351 0.0000000 0.0088277 0.0274493 0.0091340 0.0000000 0.1036172 0.1004372 0.0322374 0.0207309 0.2566300 0.0047278 0.0813637 0.0072776 0.0000000 0.0471612 0.1069011
130 L 130 0.0586540 0.0000000 0.0370776 0.0524373 0.0248095 0.0079983 0.0201751 0.0594360 0.0000000 0.0855718 0.1755745 0.0262750 0.0294206 0.0599306 0.0708182 0.1096118 0.0542309 0.0000000 0.0000000 0.1279789
131 V 131 0.0000000 0.0327597 0.0427002 0.0000000 0.0000000 0.1027145 0.0219025 0.0000000 0.1239031 0.1480349 0.0193834 0.0000000 0.0000000 0.0112618 0.1079512 0.0216440 0.1678929 0.0000000 0.0000000 0.1998517
132 H 132 0.1208071 0.1015861 0.0227459 0.0000000 0.0674502 0.0000000 0.0941167 0.0113480 0.2228177 0.0744022 0.0564783 0.0595954 0.0343821 0.0000000 0.0362748 0.0000000 0.0000000 0.0000000 0.0000000 0.0979953
133 S 133 0.0000000 0.0479760 0.0752675 0.2182555 0.0000000 0.0000000 0.0902203 0.0391036 0.0000000 0.0226073 0.0702594 0.0105042 0.0000000 0.0000000 0.2613023 0.0900716 0.0493754 0.0000000 0.0000000 0.0250568
134 D 134 0.0000000 0.0259810 0.0758101 0.3135133 0.1710016 0.0219777 0.1200219 0.0385043 0.0000000 0.0361122 0.0439765 0.0000000 0.0000000 0.0505675 0.0000000 0.0470700 0.0404114 0.0000000 0.0150526 0.0000000
135 L 135 0.0615135 0.0378043 0.0000000 0.0000000 0.0000000 0.0660609 0.0499629 0.1158653 0.0000000 0.0996075 0.1737008 0.0842823 0.0255085 0.0000000 0.0371785 0.0429379 0.0389793 0.0000000 0.0000000 0.1665982
136 A 136 0.0605083 0.0561938 0.0553904 0.1089166 0.0000000 0.0000000 0.1288764 0.1821670 0.0000000 0.0467327 0.0718187 0.1363984 0.0262068 0.0000000 0.0283515 0.0597738 0.0386654 0.0000000 0.0000000 0.0000000
137 Y 137 0.0774854 0.1017418 0.0384234 0.0366483 0.0167096 0.0272611 0.0544857 0.0587680 0.0000000 0.1964240 0.1228580 0.0378332 0.0000000 0.0000000 0.0270089 0.0126555 0.0178871 0.0000000 0.1232872 0.0505228
138 L 138 0.0000000 0.0949716 0.0000000 0.0749340 0.0000000 0.0323419 0.0000000 0.0000000 0.0269593 0.0152480 0.4631586 0.0421760 0.0000000 0.0000000 0.0000000 0.0578553 0.0702744 0.0390043 0.0000000 0.0830765
139 Q 139 0.0852708 0.0282845 0.0251537 0.0317533 0.0661341 0.1665297 0.0677207 0.0698389 0.0000000 0.0000000 0.1509862 0.1744102 0.0217930 0.0000000 0.0048692 0.0000000 0.0496420 0.0000000 0.0240393 0.0335744
140 A 140 0.1773337 0.0285855 0.0578342 0.0777488 0.0000000 0.0392719 0.0730230 0.1478411 0.0000000 0.0000000 0.2032152 0.0000000 0.0404470 0.0397538 0.0074036 0.0654994 0.0420428 0.0000000 0.0000000 0.0000000
141 E 141 0.0132347 0.3742812 0.0189886 0.0417093 0.0291671 0.0732916 0.1540042 0.0000000 0.0165126 0.0000000 0.0536624 0.0000000 0.0252769 0.0000000 0.0173818 0.0141022 0.0604139 0.0251663 0.0587656 0.0240416
142 G 142 0.0373569 0.0465618 0.2398648 0.0248971 0.0000000 0.0261763 0.1479279 0.0993788 0.0000000 0.0000000 0.0726610 0.0952773 0.0196643 0.0000000 0.0000000 0.0498674 0.0930571 0.0000000 0.0000000 0.0473094
143 G 143 0.0210035 0.0525758 0.1812013 0.0819435 0.0182992 0.0275841 0.0000000 0.2321625 0.0196980 0.0149983 0.0160019 0.0000000 0.0370528 0.0168001 0.0847081 0.0485844 0.0526600 0.0000000 0.0000000 0.0947265
144 G 144 0.0875607 0.0000000 0.0820767 0.0699378 0.0253793 0.0116046 0.0096306 0.2291546 0.0000000 0.1093798 0.0507331 0.0175056 0.0252958 0.0349783 0.0485352 0.1070297 0.0250675 0.0000000 0.0000000 0.0661308
145 D 145 0.0222037 0.1135294 0.0834191 0.1049624 0.0000000 0.0934708 0.0848745 0.0122793 0.0599956 0.0169027 0.0298560 0.0310112 0.0171857 0.0000000 0.1005742 0.1364661 0.0246095 0.0000000 0.0000000 0.0686600
146 R 146 0.1137136 0.3537785 0.0233651 0.0454246 0.0270397 0.0000000 0.0605796 0.0133940 0.0000000 0.0000000 0.0852063 0.0167389 0.0048296 0.0000000 0.0583324 0.0347198 0.0149134 0.0000000 0.0100518 0.1379127
147 Q 147 0.0297394 0.0173582 0.0166706 0.0611978 0.0000000 0.1090572 0.2195100 0.0000000 0.1403926 0.0543010 0.0380507 0.0098384 0.0000000 0.0000000 0.0727679 0.0857027 0.1255302 0.0000000 0.0000000 0.0198832
148 L 148 0.0403829 0.0850281 0.0000000 0.0000000 0.0290480 0.0234867 0.0149243 0.0500861 0.0000000 0.1274392 0.4732042 0.0000000 0.0185524 0.0179749 0.0371677 0.0379006 0.0000000 0.0113558 0.0000000 0.0334491
149 T 149 0.0583034 0.0000000 0.0504038 0.0000000 0.0348775 0.0000000 0.0000000 0.0355869 0.0000000 0.0186176 0.0000000 0.0145057 0.0000000 0.0513045 0.0062448 0.1947582 0.4202610 0.0000000 0.0000000 0.1151366
150 D 150 0.0619404 0.0173573 0.0377338 0.1505746 0.0000000 0.1022920 0.1851848 0.0000000 0.0057029 0.0297225 0.0393698 0.0000000 0.0000000 0.0094707 0.0776170 0.0619591 0.1622692 0.0000000 0.0000000 0.0588059
151 R 151 0.1033247 0.2055294 0.0160756 0.0240148 0.0500393 0.0937533 0.0701319 0.0000000 0.0215832 0.0499402 0.0207517 0.1282859 0.0000000 0.0253149 0.0098398 0.0955407 0.0371407 0.0000000 0.0000000 0.0487339
152 E 152 0.0320716 0.0036438 0.1120376 0.1620020 0.0000000 0.0716294 0.4221013 0.0000000 0.0079609 0.0171484 0.0174733 0.0000000 0.0000000 0.0000000 0.0587204 0.0609397 0.0342716 0.0000000 0.0000000 0.0000000
153 K 153 0.1178030 0.1164984 0.1024564 0.0562879 0.0230534 0.0273874 0.2072530 0.0402796 0.0000000 0.0479006 0.0479807 0.1026951 0.0143948 0.0098120 0.0040994 0.0422562 0.0122471 0.0000000 0.0000000 0.0275953
154 E 154 0.1310787 0.1139318 0.0649507 0.0161689 0.0000000 0.1147248 0.1321998 0.0757777 0.0075596 0.0467842 0.0152125 0.1543087 0.0172459 0.0040460 0.0116899 0.0398528 0.0312078 0.0000000 0.0232602 0.0000000
155 I 155 0.0573497 0.0542650 0.0377035 0.0498893 0.0000000 0.1470307 0.2109070 0.0130596 0.0121748 0.0486338 0.1225853 0.0857806 0.0000000 0.0000000 0.0211385 0.0193660 0.0219840 0.0000000 0.0244626 0.0736697
156 I 156 0.0332765 0.0356559 0.0000000 0.0000000 0.0185787 0.0000000 0.0225941 0.0000000 0.0000000 0.3210458 0.3124394 0.0236654 0.0441866 0.0204496 0.0370547 0.0282949 0.0000000 0.0000000 0.0000000 0.1027582
157 R 157 0.0216023 0.1144623 0.0163941 0.0276214 0.0000000 0.1798283 0.0967601 0.0000000 0.0715419 0.0000000 0.0493075 0.2072587 0.0071556 0.0000000 0.0784405 0.0262100 0.0673289 0.0000000 0.0000000 0.0360885
158 Q 158 0.0744461 0.0219954 0.0073120 0.0422204 0.0000000 0.2411840 0.1065271 0.1480364 0.0079020 0.0121105 0.0283084 0.1144923 0.0141568 0.0000000 0.0221999 0.1034617 0.0000000 0.0000000 0.0000000 0.0556468
159 A 159 0.0981525 0.0756130 0.0080786 0.1417820 0.0118033 0.1140794 0.3112677 0.0865933 0.0094874 0.0000000 0.0431350 0.0403152 0.0180863 0.0000000 0.0200213 0.0040630 0.0000000 0.0000000 0.0115960 0.0059260
160 A 160 0.4118973 0.0000000 0.0181134 0.0144289 0.0409659 0.0575683 0.0175871 0.0000000 0.1709630 0.0182592 0.0107644 0.0221140 0.0000000 0.0000000 0.0718604 0.0449715 0.0881906 0.0000000 0.0000000 0.0123160
161 V 161 0.0448352 0.0362092 0.0104835 0.0624790 0.0000000 0.0204518 0.3417128 0.0034165 0.0000000 0.0043924 0.0935168 0.2793526 0.0137689 0.0000000 0.0000000 0.0348942 0.0164759 0.0093757 0.0000000 0.0286353
162 Q 162 0.0199313 0.0993904 0.0785015 0.0809794 0.0000000 0.0989977 0.1295936 0.0199728 0.0054648 0.1051178 0.0633464 0.1623172 0.0052663 0.0232744 0.0000000 0.0521063 0.0215803 0.0000000 0.0000000 0.0341599
163 Q 163 0.0242744 0.0032796 0.1144630 0.0275354 0.0000000 0.2027332 0.1224919 0.0438517 0.0252140 0.0166720 0.1452929 0.0594285 0.0844235 0.0000000 0.0063250 0.0329825 0.0215238 0.0158643 0.0536443 0.0000000
164 T 164 0.2736742 0.0430804 0.0061237 0.0000000 0.0000000 0.0699664 0.0153594 0.0225092 0.0607070 0.1122957 0.0065640 0.1065941 0.0445169 0.0000000 0.0734624 0.0649648 0.0759036 0.0000000 0.0000000 0.0242782
165 K 165 0.0416980 0.0497269 0.0389064 0.0341317 0.0000000 0.0796661 0.1166579 0.0381158 0.0108515 0.0000000 0.0033137 0.4477955 0.0000000 0.0000000 0.0000000 0.0607203 0.0658920 0.0000000 0.0000000 0.0125241
166 E 166 0.0123749 0.0423242 0.0976795 0.2224026 0.0173269 0.0047304 0.1752684 0.0237244 0.0000000 0.0107677 0.0000000 0.0432777 0.0000000 0.0070376 0.0148685 0.1815983 0.0821118 0.0094816 0.0139908 0.0410347
167 M 167 0.0000000 0.0000000 0.0000000 0.0000000 0.0566014 0.0000000 0.0000000 0.0000000 0.0000000 0.2881821 0.1034099 0.0159477 0.3252753 0.0204931 0.0154844 0.0000000 0.0054239 0.0000000 0.0774143 0.0917679
168 D 168 0.0000000 0.0000000 0.2880356 0.6022500 0.0000000 0.0171731 0.0164077 0.0000000 0.0200754 0.0000000 0.0000000 0.0156165 0.0000000 0.0000000 0.0000000 0.0404417 0.0000000 0.0000000 0.0000000 0.0000000
169 L 169 0.0000000 0.0327109 0.0164831 0.0000000 0.0097956 0.0000000 0.0000000 0.0000000 0.0000000 0.0270006 0.7388063 0.0000000 0.0823366 0.0044714 0.0157369 0.0460390 0.0000000 0.0000000 0.0000000 0.0266197
170 S 170 0.0000000 0.0000000 0.6010220 0.0054658 0.0589599 0.0000000 0.0000000 0.0153555 0.0304827 0.0000000 0.0000000 0.0331843 0.0000000 0.0000000 0.0000000 0.1901268 0.0335527 0.0000000 0.0318503 0.0000000
171 V 171 0.1451677 0.0504318 0.0000000 0.0000000 0.0000000 0.0568946 0.0414597 0.0000000 0.0000000 0.1164728 0.0165085 0.0435750 0.0048368 0.0054115 0.0000000 0.1946914 0.0340376 0.0000000 0.0000000 0.2905126
172 V 172 0.0152030 0.0000000 0.0000000 0.0000000 0.0000000 0.0000000 0.0000000 0.0000000 0.0000000 0.0181376 0.0436967 0.0000000 0.0000000 0.0000000 0.0000000 0.0154612 0.0000000 0.0000000 0.0000000 0.9075015
173 R 173 0.0523886 0.7771934 0.0000000 0.0000000 0.0376981 0.0000000 0.0121518 0.0000000 0.0000000 0.0000000 0.0000000 0.0580833 0.0000000 0.0000000 0.0000000 0.0052602 0.0060653 0.0000000 0.0000000 0.0511592
174 L 174 0.0000000 0.0000000 0.0000000 0.0000000 0.0040176 0.0000000 0.0000000 0.0553860 0.0000000 0.0870364 0.7914421 0.0000000 0.0470888 0.0000000 0.0000000 0.0000000 0.0000000 0.0000000 0.0000000 0.0150291
175 M 175 0.0421861 0.0594645 0.0000000 0.0000000 0.5740300 0.0161062 0.0000000 0.0577793 0.0000000 0.0037766 0.0000000 0.0690650 0.0755497 0.0107229 0.0000000 0.0000000 0.0000000 0.0000000 0.0000000 0.0913198
176 F 176 0.0000000 0.0000000 0.0000000 0.0000000 0.0000000 0.0000000 0.0433932 0.0000000 0.0000000 0.0106878 0.0029482 0.0000000 0.0000000 0.8997217 0.0000000 0.0000000 0.0000000 0.0000000 0.0310526 0.0121965
177 T 177 0.0000000 0.0982032 0.0000000 0.0070205 0.0000000 0.5163452 0.1601726 0.0000000 0.0198103 0.0079303 0.0056303 0.0000000 0.0191168 0.0000000 0.0000000 0.0706333 0.0951374 0.0000000 0.0000000 0.0000000
178 A 178 0.5143961 0.0000000 0.0000000 0.0000000 0.0352443 0.0000000 0.0150844 0.0328378 0.0000000 0.0024718 0.0355263 0.0000000 0.0223748 0.0040324 0.0000000 0.0000000 0.0339453 0.0000000 0.0000000 0.3040868
179 F 179 0.0000000 0.0220527 0.0000000 0.0000000 0.0000000 0.0000000 0.0323808 0.0000000 0.0711672 0.0063641 0.0347657 0.0000000 0.0000000 0.5920831 0.0000000 0.0628887 0.0512734 0.0078836 0.1191407 0.0000000
180 L 180 0.0202690 0.0104195 0.0000000 0.0235422 0.0307367 0.0196438 0.0000000 0.0152657 0.0089399 0.2642823 0.4038822 0.0327738 0.0106550 0.0105400 0.0000000 0.0000000 0.0000000 0.0000000 0.0591710 0.0898789
181 P 181 0.0240321 0.1144174 0.0060250 0.0000000 0.0226906 0.0452885 0.1756414 0.0057452 0.0000000 0.0987079 0.0594107 0.0365800 0.0000000 0.0219085 0.2914457 0.0000000 0.0455449 0.0000000 0.0202339 0.0323281
182 D 182 0.0210806 0.0000000 0.0260476 0.5114645 0.0000000 0.0424234 0.0829655 0.1600529 0.0833461 0.0000000 0.0160748 0.0000000 0.0000000 0.0000000 0.0049557 0.0193242 0.0157005 0.0127567 0.0000000 0.0038075
183 S 183 0.0710134 0.0150631 0.0283036 0.0578510 0.0034453 0.1562488 0.1431070 0.0326173 0.0022070 0.0058970 0.0000000 0.0818842 0.0042145 0.0155358 0.0943890 0.2236069 0.0516578 0.0000000 0.0129583 0.0000000
184 T 184 0.0147256 0.0238816 0.3242402 0.1544359 0.0156649 0.0988734 0.0131062 0.0135807 0.0734300 0.0000000 0.0000000 0.0418893 0.0000000 0.0142031 0.0209333 0.0711314 0.0844805 0.0000000 0.0000000 0.0354239
185 G 185 0.0302837 0.0027906 0.0298462 0.0222742 0.0000000 0.0077310 0.0151598 0.7893044 0.0040625 0.0266544 0.0000000 0.0233235 0.0000000 0.0000000 0.0000000 0.0195621 0.0228858 0.0000000 0.0000000 0.0061219
186 S 186 0.0307615 0.1781112 0.0980837 0.0251298 0.0000000 0.0920317 0.0316051 0.0826398 0.0382137 0.0430243 0.0255939 0.0932733 0.0078158 0.0104987 0.0000000 0.1101491 0.0724790 0.0000000 0.0000000 0.0605892
187 F 187 0.0000000 0.0214547 0.0216046 0.0000000 0.0156354 0.0034097 0.0184790 0.0328179 0.0034797 0.0214005 0.1007456 0.0121296 0.1130158 0.3693261 0.0000000 0.0533150 0.0038425 0.0971568 0.1062460 0.0059412
188 T 188 0.0045891 0.1258401 0.0314810 0.0199919 0.0233955 0.0218816 0.0367522 0.0000000 0.0302808 0.0578329 0.0116339 0.0446703 0.0034044 0.0000000 0.0240539 0.0800441 0.3995468 0.0000000 0.0431949 0.0414066
189 R 189 0.0000000 0.2702747 0.0048227 0.0123274 0.0035775 0.0295469 0.0925008 0.0000000 0.0093894 0.0831786 0.0938332 0.0358237 0.0052811 0.0272461 0.1476496 0.0288114 0.0743517 0.0000000 0.0086610 0.0727241
