  114         A         R         N         D         C         Q         E         G         H         I         L         K         M         F         P         S         T         W         Y         V         X    
  1 P   1 0.0000000 0.0000000 0.0000000 0.0000000 0.0000000 0.0000000 0.0000000 0.0000000 0.0000000 0.0000000 0.0000000 0.0000000 0.0000000 0.0000000 0.7560467 0.0000000 0.0000000 0.0000000 0.0000000 0.0000000 0.2439533
  2 M   2 0.0109002 0.0037462 0.0042942 0.0000000 0.0832622 0.0039825 0.0063552 0.0000000 0.0195021 0.0797711 0.1366018 0.0101648 0.0484533 0.1713151 0.0000000 0.0308010 0.0555479 0.0000000 0.1102834 0.0769541 0.1480646
  3 F   3 0.0540748 0.0000000 0.0000000 0.0000000 0.0444969 0.0000000 0.0000000 0.0000000 0.0000000 0.2838217 0.2456766 0.0000000 0.0036718 0.0871266 0.0000000 0.0000000 0.0026757 0.0000000 0.0000000 0.1372852 0.1411706
  4 I   4 0.0185964 0.0528653 0.1171117 0.0381446 0.0000000 0.0662488 0.1821996 0.0047983 0.0249152 0.0381464 0.0112329 0.0725421 0.0183721 0.0117472 0.0000000 0.0619294 0.0855029 0.0000000 0.0141422 0.0531275 0.1283774
  5 V   5 0.0127058 0.0037332 0.0000000 0.0000000 0.0035829 0.0000000 0.0000000 0.0000000 0.0000000 0.2433200 0.2575549 0.0000000 0.0283632 0.0302118 0.0019646 0.0402701 0.0320654 0.0000000 0.0000000 0.2164556 0.1297724
  6 N   6 0.0237373 0.0778698 0.0676787 0.0503599 0.0019172 0.0900715 0.0524844 0.0000000 0.0494164 0.0217134 0.0121282 0.1669935 0.0000000 0.0448869 0.0000000 0.0827143 0.0883002 0.0000000 0.0244359 0.0189806 0.1263119
  7 T   7 0.0099768 0.0000000 0.0000000 0.0000000 0.0087590 0.0000000 0.0000000 0.0000000 0.0000000 0.0175605 0.0288238 0.0000000 0.0029406 0.0000000 0.0000000 0.0683050 0.6790217 0.0000000 0.0000000 0.0592645 0.1253483
  8 N   8 0.0081219 0.0000000 0.6950796 0.0000000 0.0000000 0.0000000 0.0000000 0.0040492 0.0000000 0.0000000 0.0000000 0.0151888 0.0000000 0.0000000 0.0091515 0.1090064 0.0274480 0.0000000 0.0000000 0.0042388 0.1277159
  9 V   9 0.0200848 0.0029406 0.0000000 0.0000000 0.0041121 0.0300818 0.0136057 0.0000000 0.0079642 0.0676179 0.1570227 0.0380810 0.0045831 0.0143713 0.0000000 0.0172993 0.0193081 0.0000000 0.0073555 0.4550876 0.1404844
 10 P  10 0.0982660 0.0240077 0.0408431 0.0210279 0.0092591 0.0383231 0.0200033 0.0000000 0.0000000 0.0223342 0.0189257 0.1482974 0.0000000 0.0027606 0.2355129 0.1275851 0.0427622 0.0000000 0.0000000 0.0069952 0.1430965
 11 R  11 0.1573695 0.0426411 0.0054731 0.0133895 0.0094376 0.0216846 0.0484231 0.0024891 0.0097736 0.0874480 0.1721437 0.0649138 0.0212879 0.0195309 0.0223323 0.0561148 0.0329106 0.0000000 0.0027136 0.0832807 0.1266425
 12 A  12 0.0885382 0.0028530 0.0329569 0.2023886 0.0063976 0.0148286 0.0494284 0.0237553 0.0000000 0.0301981 0.0056898 0.0223168 0.0000000 0.0020143 0.0403880 0.2190011 0.0831851 0.0000000 0.0031476 0.0397376 0.1331749
 13 S  13 0.0925254 0.1007516 0.0485760 0.1574859 0.0000000 0.0519024 0.0692418 0.0510344 0.0043091 0.0000000 0.0036218 0.1418952 0.0000000 0.0021210 0.0266561 0.1060382 0.0112113 0.0000000 0.0067326 0.0251521 0.1007451
 14 V  14 0.0622501 0.0041410 0.0161685 0.1257950 0.0035368 0.0330744 0.1618424 0.0133571 0.0043091 0.1043941 0.0438842 0.0139150 0.0040382 0.0333604 0.0040710 0.0050013 0.0129730 0.0000000 0.0053948 0.2323170 0.1161767
 15 P  15 0.0392622 0.0231811 0.0113350 0.0247224 0.0024041 0.0815714 0.0647531 0.0090144 0.0000000 0.0209757 0.0019089 0.1432885 0.0052285 0.0088191 0.2562564 0.0605280 0.0990364 0.0018197 0.0000000 0.0331774 0.1127177
 16 D  16 0.1021445 0.0361621 0.0388067 0.0923354 0.0000000 0.0656052 0.1903368 0.0047940 0.0126317 0.0123863 0.0030006 0.1232890 0.0000000 0.0285580 0.0219885 0.1144993 0.0194135 0.0000000 0.0141363 0.0193550 0.1005572
 17 G  17 0.1470058 0.0081498 0.0312345 0.1809189 0.0000000 0.0182889 0.1566080 0.1192681 0.0106777 0.0042759 0.0023133 0.0712977 0.0024218 0.0018696 0.0118294 0.0773080 0.0560676 0.0000000 0.0000000 0.0080371 0.0924278
 18 F  18 0.0392147 0.0160950 0.0078216 0.0000000 0.0049440 0.0000000 0.0051380 0.0000000 0.0000000 0.1339700 0.3130930 0.0000000 0.0030744 0.3115922 0.0000000 0.0102808 0.0291677 0.0000000 0.0000000 0.0355012 0.0901074
 19 L  19 0.0682596 0.0068013 0.0102662 0.0105838 0.0206896 0.0098826 0.0694091 0.0048622 0.0185951 0.0695737 0.4045276 0.0750770 0.0386102 0.0266306 0.0056907 0.0124095 0.0084018 0.0000000 0.0022889 0.0596788 0.0777615
 20 S  20 0.0635524 0.0282724 0.0076906 0.0206440 0.0014686 0.0428727 0.0687509 0.0078445 0.0000000 0.0120906 0.0550564 0.2855979 0.0027677 0.0000000 0.0045906 0.1856221 0.0990074 0.0000000 0.0000000 0.0391297 0.0750416
 21 E  21 0.0722615 0.1018153 0.0253088 0.1338536 0.0000000 0.0488519 0.2532354 0.0272529 0.0000000 0.0072340 0.0142734 0.1018194 0.0000000 0.0000000 0.0000000 0.0577361 0.0452934 0.0104860 0.0024725 0.0211635 0.0769422
 22 L  22 0.1340821 0.0000000 0.0000000 0.0000000 0.0149880 0.0000000 0.0039913 0.0000000 0.0000000 0.1074329 0.4199477 0.0000000 0.0169924 0.0914515 0.0000000 0.0114340 0.0570687 0.0000000 0.0025274 0.0692693 0.0708146
 23 T  23 0.0757892 0.0067338 0.0045668 0.0035556 0.0716951 0.0000000 0.0267699 0.1223977 0.0115149 0.0244616 0.0033430 0.0040536 0.0035193 0.0000000 0.0040307 0.3591731 0.1636500 0.0000000 0.0200177 0.0239136 0.0708146
 24 Q  24 0.1149384 0.0613944 0.0429866 0.0389512 0.0020946 0.0962751 0.0794229 0.0145140 0.0262308 0.0162320 0.0159227 0.2164540 0.0000000 0.0164343 0.0066505 0.0931842 0.0321477 0.0000000 0.0294081 0.0200940 0.0766645
 25 Q  25 0.2492903 0.0278903 0.0155767 0.0033736 0.0105412 0.0514714 0.0583746 0.0152876 0.0384851 0.0465635 0.1621197 0.0312058 0.0228969 0.0481193 0.0000000 0.0338461 0.0508170 0.0000000 0.0055439 0.0588355 0.0697614
 26 L  26 0.0688144 0.0081908 0.0000000 0.0000000 0.0085278 0.0000000 0.0000000 0.0042879 0.0000000 0.1996218 0.2963576 0.0000000 0.0670964 0.0270120 0.0000000 0.0053609 0.0411513 0.0036296 0.0000000 0.2045904 0.0653591
 27 A  27 0.4862210 0.0130743 0.0036269 0.0000000 0.0280131 0.0128408 0.0278726 0.0210238 0.0000000 0.0033430 0.0084540 0.0179383 0.0031320 0.0000000 0.0086691 0.2295095 0.0461321 0.0000000 0.0108756 0.0139836 0.0652903
 28 Q  28 0.0629194 0.0309657 0.0416114 0.0562723 0.0019867 0.0713619 0.1628145 0.0168564 0.0030154 0.0328817 0.0432975 0.1964137 0.0099102 0.0109270 0.0000000 0.0800080 0.0822285 0.0000000 0.0000000 0.0291551 0.0673747
 29 A  29 0.1036102 0.0583658 0.0155647 0.0068615 0.0031317 0.0238448 0.0186388 0.0118782 0.0357270 0.2415254 0.1527829 0.0121312 0.0206229 0.0145852 0.0000000 0.0405180 0.0468129 0.0036565 0.0000000 0.1260261 0.0637163
 30 T  30 0.0094408 0.0000000 0.0000000 0.0040710 0.0035221 0.0000000 0.0000000 0.0000000 0.0000000 0.0782187 0.3934741 0.0000000 0.0677826 0.0407295 0.1289792 0.0125446 0.0946153 0.0036269 0.0713202 0.0279586 0.0637163
 31 G  31 0.0117743 0.0207891 0.0777249 0.0518632 0.0026827 0.0780963 0.0283162 0.5304914 0.0095633 0.0035193 0.0000000 0.0605619 0.0000000 0.0000000 0.0068013 0.0369023 0.0189993 0.0000000 0.0000000 0.0032943 0.0586202
 32 K  32 0.0000000 0.1199727 0.0072698 0.0068013 0.0000000 0.0000000 0.0062652 0.0038524 0.0000000 0.0000000 0.0061953 0.7361111 0.0152750 0.0077182 0.0000000 0.0045831 0.0143092 0.0000000 0.0000000 0.0152566 0.0563901
 33 P  33 0.0064682 0.0077998 0.0102891 0.0325075 0.0000000 0.0024412 0.0119116 0.0031317 0.0110323 0.0000000 0.0054229 0.0256717 0.0000000 0.0000000 0.6431315 0.1458577 0.0319229 0.0000000 0.0053655 0.0000000 0.0570465
 34 P  34 0.0844811 0.0170690 0.0086495 0.0070756 0.0000000 0.0278641 0.5479065 0.0055427 0.0000000 0.0226077 0.0369363 0.0383911 0.0094946 0.0000000 0.0367948 0.0144069 0.0243839 0.0000000 0.0000000 0.0553700 0.0630263
 35 Q  35 0.0919456 0.0443735 0.0508247 0.0990543 0.0000000 0.0857167 0.0951788 0.0277291 0.0072952 0.0067554 0.0077144 0.0679690 0.0065816 0.0021249 0.0215766 0.2741728 0.0338661 0.0031730 0.0000000 0.0059187 0.0680296
 36 Y  36 0.0277068 0.0993966 0.0148137 0.0134623 0.0109188 0.0153398 0.0123359 0.0145753 0.0250661 0.0063976 0.0323638 0.0291674 0.0030123 0.0691479 0.0000000 0.0915717 0.0041166 0.0845450 0.3469846 0.0304408 0.0686370
 37 I  37 0.0087145 0.0061277 0.0000000 0.0000000 0.0271255 0.0000000 0.0000000 0.0000000 0.0000000 0.2682029 0.1395776 0.0000000 0.0705881 0.0356238 0.0000000 0.0042761 0.0208320 0.0000000 0.0000000 0.3731137 0.0458183
 38 A  38 0.0983343 0.0000000 0.0534077 0.0000000 0.0369660 0.0028010 0.0074979 0.0035641 0.0000000 0.0283833 0.0460003 0.0000000 0.4496708 0.0229572 0.0000000 0.0542323 0.0629596 0.0063976 0.0000000 0.0892622 0.0375656
 39 V  39 0.0370433 0.0000000 0.0000000 0.0000000 0.0174736 0.0000000 0.0000000 0.0042312 0.0000000 0.1222651 0.0554813 0.0000000 0.0248891 0.0000000 0.0000000 0.0198672 0.0998783 0.0000000 0.0000000 0.5802493 0.0386215
 40 H  40 0.0537097 0.0364258 0.0616935 0.0121476 0.0171650 0.0560669 0.0350982 0.0595224 0.1107242 0.0369007 0.0558451 0.0149401 0.0425800 0.0031971 0.0171656 0.1181231 0.1722805 0.0000000 0.0060585 0.0604092 0.0299468
 41 V  41 0.0077260 0.0000000 0.0000000 0.0000000 0.0020568 0.0000000 0.0051380 0.0033289 0.0000000 0.1899131 0.2811663 0.0000000 0.0174361 0.1431090 0.0000000 0.0140385 0.0020771 0.0056658 0.0341662 0.2642315 0.0299468
 42 V  42 0.0172726 0.0830013 0.0918267 0.0930437 0.0041649 0.0899370 0.2238308 0.0000000 0.0440756 0.0287885 0.0269126 0.0636810 0.0111993 0.0000000 0.0000000 0.0350454 0.0595979 0.0000000 0.0057060 0.0783777 0.0435389
 43 P  43 0.0582042 0.0072495 0.0000000 0.1884336 0.0071764 0.0228786 0.0179195 0.1074708 0.0976007 0.0000000 0.0186803 0.0109370 0.0027670 0.0042846 0.2156560 0.0608559 0.0855585 0.0000000 0.0455111 0.0155229 0.0332933
 44 D  44 0.0381625 0.0145537 0.1816447 0.2228955 0.0044428 0.0165418 0.0689171 0.2524056 0.0102792 0.0027256 0.0019373 0.0119859 0.0000000 0.0000000 0.0025197 0.1098008 0.0097609 0.0000000 0.0000000 0.0137406 0.0376864
 45 Q  45 0.1399884 0.0177769 0.0000000 0.0155431 0.0476560 0.1780247 0.0384497 0.0184567 0.0084036 0.0303371 0.0758816 0.0595676 0.0250242 0.0016874 0.0324765 0.0239993 0.0478520 0.0000000 0.0410821 0.1610182 0.0367748
 46 L  46 0.0762214 0.0797602 0.0242243 0.0568113 0.0836042 0.0499318 0.0156096 0.0184416 0.0278399 0.0250834 0.0568148 0.0501818 0.0431843 0.0176404 0.1756015 0.0813223 0.0447368 0.0056791 0.0097688 0.0175577 0.0399847
 47 M  47 0.0000000 0.0073051 0.0053948 0.0000000 0.0000000 0.0068615 0.0047605 0.0000000 0.0000000 0.1800260 0.2147716 0.0000000 0.4847028 0.0239315 0.0000000 0.0000000 0.0093738 0.0000000 0.0089197 0.0229172 0.0310356
 48 A  48 0.0552306 0.0570305 0.0032767 0.0078085 0.0328699 0.0053771 0.0038486 0.0186626 0.0182266 0.0404015 0.1202348 0.0000000 0.0414928 0.0599505 0.0000000 0.1276454 0.1550426 0.0323484 0.1300974 0.0550758 0.0353796
 49 F  49 0.0000000 0.0770830 0.0000000 0.0000000 0.0075398 0.0000000 0.0000000 0.0000000 0.0461095 0.0113521 0.0991826 0.0130342 0.0511261 0.5744696 0.0061277 0.0080167 0.0000000 0.0251455 0.0222495 0.0310387 0.0275251
 50 G  50 0.1745564 0.0403509 0.0443432 0.0075714 0.0124124 0.0432047 0.0226101 0.4694143 0.0100142 0.0068615 0.0045920 0.0314076 0.0067203 0.0043091 0.0050695 0.0725458 0.0057060 0.0000000 0.0031476 0.0024041 0.0327588
 51 G  51 0.0385666 0.0263113 0.0284389 0.0196041 0.0112600 0.0027670 0.0070250 0.7568019 0.0000000 0.0031799 0.0135797 0.0113285 0.0000000 0.0151251 0.0051797 0.0141090 0.0125641 0.0000000 0.0000000 0.0000000 0.0341591
 52 S  52 0.0110091 0.0135626 0.0792092 0.0404017 0.0000000 0.0111480 0.0420143 0.0150139 0.0074747 0.0000000 0.0186792 0.0691543 0.0070475 0.0000000 0.0101700 0.3845772 0.2524067 0.0000000 0.0000000 0.0101405 0.0279912
 53 S  53 0.0499975 0.0105339 0.0605963 0.1674839 0.0224818 0.0306853 0.1235847 0.0348104 0.0306047 0.0049340 0.0105245 0.0598597 0.0027251 0.0894364 0.0235741 0.0764039 0.1520106 0.0000000 0.0113922 0.0141555 0.0242056
 54 E  54 0.0937159 0.0181262 0.0097136 0.3206316 0.0050695 0.0290724 0.3540041 0.0178663 0.0028779 0.0100735 0.0181635 0.0165839 0.0047984 0.0000000 0.0071774 0.0228492 0.0267365 0.0000000 0.0000000 0.0160583 0.0264818
 55 P  55 0.0289975 0.0057454 0.0211360 0.0411954 0.0000000 0.0116220 0.0054488 0.0131412 0.0042312 0.0000000 0.0128929 0.0462476 0.0000000 0.0000000 0.7438288 0.0143118 0.0172382 0.0000000 0.0116582 0.0000000 0.0223050
 56 C  56 0.3172619 0.0035742 0.0055256 0.0000000 0.2865078 0.0000000 0.0000000 0.0534391 0.0060163 0.0201863 0.0434844 0.0057060 0.0313683 0.0085512 0.0000000 0.0460317 0.0549178 0.0079120 0.0246601 0.0647519 0.0201055
 57 A  57 0.5071772 0.0000000 0.0000000 0.0000000 0.1051066 0.0000000 0.0000000 0.0387442 0.0000000 0.0313665 0.0096848 0.0000000 0.0219265 0.0398211 0.0048158 0.0057454 0.0407615 0.0000000 0.1163371 0.0584077 0.0201055
 58 L  58 0.0053868 0.0091529 0.0045997 0.0000000 0.0131108 0.0736165 0.0000000 0.0000000 0.0137037 0.0983691 0.1769906 0.0047984 0.0552165 0.1705535 0.0000000 0.0257945 0.0213801 0.0041643 0.2305386 0.0777346 0.0148895
 59 C  59 0.0841792 0.0019987 0.0000000 0.0000000 0.0936344 0.0000000 0.0000000 0.0671414 0.0000000 0.1379396 0.1885110 0.0000000 0.0852447 0.0152044 0.0000000 0.0116240 0.0025420 0.0000000 0.0068013 0.2908018 0.0143773
 60 S  60 0.0068371 0.0556508 0.0691015 0.0560446 0.0108858 0.0260069 0.3320897 0.0000000 0.0333777 0.0047502 0.0242858 0.0431757 0.0070915 0.0204253 0.0000000 0.1465387 0.1044076 0.0000000 0.0124814 0.0349448 0.0119048
 61 L  61 0.0134798 0.0000000 0.0000000 0.0000000 0.0141957 0.0000000 0.0000000 0.0000000 0.0000000 0.2629012 0.3158533 0.0000000 0.0074353 0.0365265 0.0000000 0.0000000 0.0041477 0.0000000 0.0048264 0.3240580 0.0165761
 62 H  62 0.0300959 0.0846121 0.0401923 0.0126038 0.0048254 0.0402245 0.0388451 0.0124004 0.0736282 0.0298912 0.0104604 0.2015766 0.0315906 0.0265553 0.0000000 0.1318714 0.1194065 0.0000000 0.0402681 0.0563868 0.0145652
 63 S  63 0.1595545 0.0038227 0.0165137 0.0073496 0.0199253 0.0000000 0.0000000 0.0162531 0.0000000 0.0634776 0.0544181 0.0027819 0.0061277 0.0091784 0.0000000 0.5090313 0.0405256 0.0000000 0.0109328 0.0567667 0.0233410
 64 I  64 0.0086629 0.0047634 0.0000000 0.0000000 0.0075454 0.0032756 0.0068615 0.0000000 0.0040536 0.4614217 0.1965906 0.0087472 0.0239950 0.0749840 0.0000000 0.0218565 0.0287478 0.0035125 0.0468504 0.0664022 0.0317299
 65 G  65 0.0289197 0.0224291 0.0314146 0.0227159 0.0108832 0.0063784 0.0047634 0.6546492 0.0047984 0.0000000 0.0062803 0.0060419 0.0000000 0.0000000 0.0688310 0.0381532 0.0233861 0.0037440 0.0047838 0.0125714 0.0492565
 66 K  66 0.0734281 0.0306635 0.0820315 0.0285411 0.0151413 0.0167751 0.0250988 0.1759873 0.0339494 0.0038677 0.0264594 0.1251892 0.0086149 0.0000000 0.0215358 0.1199698 0.0479749 0.0000000 0.0000000 0.0941684 0.0706040
 67 I  67 0.0269495 0.0162858 0.0095154 0.0000000 0.0045920 0.0042694 0.0140707 0.0097275 0.0024214 0.2171527 0.3000750 0.0000000 0.0550517 0.0668816 0.0184506 0.0281031 0.0502565 0.0000000 0.0150680 0.1279985 0.0331305
 68 G  68 0.0547320 0.0204208 0.1026013 0.1051189 0.0096615 0.0367949 0.0385193 0.2244655 0.0074233 0.0033194 0.0076245 0.0485569 0.0000000 0.0000000 0.0544552 0.1610298 0.0921462 0.0000000 0.0000000 0.0000000 0.0331305
 69 G  69 0.1223338 0.0757182 0.0135535 0.0499887 0.0000000 0.0194186 0.0579517 0.0980836 0.0201622 0.0210753 0.0309998 0.0382268 0.0030006 0.0059018 0.3055752 0.0483587 0.0150311 0.0000000 0.0131396 0.0215141 0.0399666
 70 A  70 0.1230513 0.0240512 0.0219896 0.0953847 0.0000000 0.0402539 0.2863326 0.0340617 0.0000000 0.0360212 0.0233399 0.0388663 0.0000000 0.0000000 0.0238301 0.1215396 0.0756821 0.0000000 0.0000000 0.0193973 0.0361985
 71 Q  71 0.0839902 0.0495456 0.0479893 0.0504803 0.0134513 0.1588713 0.1258164 0.0348869 0.0108147 0.0035641 0.0617770 0.0851172 0.0084404 0.0073248 0.0042081 0.0141598 0.1068931 0.0000000 0.0146487 0.0714580 0.0465629
 72 N  72 0.0172322 0.0105088 0.5415074 0.0060157 0.0396526 0.0050695 0.0000000 0.0000000 0.0062128 0.0189550 0.0098589 0.0989512 0.0000000 0.0157311 0.0193871 0.0194715 0.0735548 0.0128358 0.0305966 0.0072063 0.0672528
 73 R  73 0.0233441 0.1355738 0.0368560 0.0315726 0.0200417 0.0327191 0.1273856 0.0465204 0.0068902 0.0272166 0.0400373 0.2871126 0.0024474 0.0037329 0.0587322 0.0326774 0.0132797 0.0000000 0.0146850 0.0162955 0.0428800
 74 S  74 0.1075491 0.1584184 0.0473279 0.0185886 0.0030474 0.0614837 0.1196715 0.0366404 0.0104998 0.0169279 0.0104680 0.2273182 0.0103528 0.0000000 0.0000000 0.0727753 0.0512686 0.0000000 0.0000000 0.0137504 0.0339121
 75 Y  75 0.0228186 0.0105686 0.0664326 0.0000000 0.0031799 0.0050695 0.0000000 0.0000000 0.1284620 0.0707833 0.2216117 0.0051797 0.0867272 0.0806397 0.0000000 0.0133596 0.0264259 0.0123505 0.1918126 0.0307889 0.0237896
 76 S  76 0.1936875 0.0000000 0.0213270 0.0045479 0.0228750 0.0000000 0.0000000 0.0188693 0.0045389 0.0508129 0.0000000 0.0042761 0.0000000 0.0000000 0.0000000 0.3980029 0.2210222 0.0000000 0.0088417 0.0274090 0.0237896
 77 K  77 0.2843320 0.0276649 0.0088980 0.0605274 0.0000000 0.0459168 0.0692001 0.0336059 0.0076391 0.0176492 0.0188652 0.2305715 0.0000000 0.0034749 0.0106321 0.0870345 0.0346341 0.0000000 0.0043223 0.0312425 0.0237896
 78 L  78 0.2200050 0.0591833 0.0236292 0.0334884 0.0000000 0.0307725 0.0900977 0.0163603 0.0188735 0.0284208 0.1760488 0.1325455 0.0144070 0.0032960 0.0125177 0.0255962 0.0459560 0.0000000 0.0044887 0.0368969 0.0274165
 79 L  79 0.0057454 0.0000000 0.0000000 0.0000000 0.0000000 0.0000000 0.0000000 0.0000000 0.0000000 0.3806090 0.3466075 0.0000000 0.0381958 0.1389386 0.0000000 0.0000000 0.0000000 0.0000000 0.0035105 0.0626037 0.0237896
 80 C  80 0.0800065 0.0055256 0.0000000 0.0000000 0.2142685 0.1170129 0.0063976 0.0267515 0.0079948 0.0102471 0.0295314 0.0047762 0.0363711 0.1325195 0.0025197 0.1033940 0.1402732 0.0000000 0.0498598 0.0087610 0.0237896
 81 G  81 0.1076101 0.0390128 0.0376756 0.1459147 0.0076319 0.0527506 0.2310448 0.0658629 0.0086224 0.0041649 0.0033196 0.1146396 0.0042414 0.0000000 0.0165290 0.0605594 0.0715614 0.0000000 0.0000000 0.0000000 0.0288591
 82 L  82 0.0786389 0.0033466 0.0000000 0.0076832 0.0046536 0.0115831 0.0465408 0.0034643 0.0672545 0.1341545 0.2188072 0.0083553 0.0145197 0.2150205 0.0037322 0.0076327 0.0409683 0.0127186 0.0413801 0.0506870 0.0288591
 83 L  83 0.0187790 0.0000000 0.0000000 0.0045920 0.0211490 0.0000000 0.0000000 0.0000000 0.0000000 0.2043016 0.4496984 0.0000000 0.0774738 0.0729365 0.0000000 0.0000000 0.0068013 0.0047605 0.0263072 0.0843416 0.0288591
 84 A  84 0.0826456 0.0233038 0.0677533 0.0085466 0.0121185 0.1188466 0.2404852 0.0211284 0.0577481 0.0022571 0.0182284 0.0683406 0.0107005 0.0027606 0.0000000 0.0940477 0.1022952 0.0000000 0.0240899 0.0118796 0.0328242
 85 E  85 0.0658860 0.0219602 0.0461960 0.1166792 0.0000000 0.0877121 0.2338293 0.0315872 0.0025706 0.0083025 0.0033466 0.2144644 0.0047984 0.0000000 0.0000000 0.0559484 0.0733074 0.0000000 0.0000000 0.0024041 0.0310077
 86 R  86 0.0507200 0.0424935 0.0573012 0.0046306 0.0032756 0.0594923 0.2432848 0.0063491 0.0996575 0.0655297 0.0156067 0.1389747 0.0027200 0.0042761 0.0088392 0.0281807 0.0645388 0.0000000 0.0090782 0.0581726 0.0368788
 87 L  87 0.0160678 0.0000000 0.0000000 0.0000000 0.0168538 0.0000000 0.0000000 0.0000000 0.0000000 0.0387770 0.7515116 0.0000000 0.0238718 0.0499315 0.0053948 0.0000000 0.0501122 0.0000000 0.0040492 0.0050364 0.0383938
 88 R  88 0.0485843 0.0253561 0.0450463 0.0467522 0.0061860 0.0128162 0.0063357 0.4981108 0.0716913 0.0000000 0.0052217 0.0892875 0.0000000 0.0025809 0.0083781 0.0822550 0.0061786 0.0000000 0.0070419 0.0000000 0.0381773
 89 I  89 0.0023344 0.0000000 0.0068615 0.0000000 0.0000000 0.0000000 0.0000000 0.0000000 0.0000000 0.4561102 0.1196335 0.0052160 0.0063562 0.0050187 0.0000000 0.0000000 0.0109314 0.0000000 0.0135885 0.3341385 0.0398111
 90 S  90 0.0648549 0.0117423 0.0275876 0.0938348 0.0016148 0.0337646 0.0558588 0.0384629 0.0089497 0.0000000 0.0283677 0.0560375 0.0000000 0.0000000 0.3865847 0.1213248 0.0250155 0.0000000 0.0000000 0.0061882 0.0398111
 91 P  91 0.1202221 0.0208758 0.0139875 0.0060559 0.0026539 0.0809073 0.0248341 0.0674932 0.0030123 0.0232519 0.0225500 0.1458551 0.0018375 0.0029674 0.3087397 0.0845840 0.0092845 0.0000000 0.0069586 0.0141179 0.0398111
 92 D  92 0.0654194 0.0160091 0.1350061 0.3566486 0.0042761 0.0210130 0.1235220 0.0313412 0.0124447 0.0000000 0.0067006 0.0196348 0.0031297 0.0024041 0.0000000 0.0985038 0.0471346 0.0000000 0.0078468 0.0081048 0.0408605
 93 R  93 0.0296185 0.7012340 0.0430640 0.0279329 0.0021348 0.0321996 0.0000000 0.0000000 0.0425814 0.0000000 0.0000000 0.0296107 0.0000000 0.0000000 0.0037332 0.0278945 0.0000000 0.0033159 0.0071846 0.0068615 0.0426344
 94 V  94 0.0104901 0.0000000 0.0064649 0.0000000 0.0406818 0.0177276 0.0000000 0.1554388 0.0000000 0.3112883 0.0266605 0.0000000 0.0603462 0.0805441 0.0000000 0.0125675 0.0250023 0.0000000 0.0034914 0.1960394 0.0532572
 95 Y  95 0.0000000 0.0051797 0.0094652 0.0000000 0.0033159 0.0000000 0.0099132 0.0000000 0.0037440 0.0667849 0.0547898 0.0097687 0.0216895 0.1169328 0.0000000 0.0092878 0.0127258 0.0000000 0.5344196 0.0803330 0.0616502
 96 I  96 0.0027819 0.0000000 0.0000000 0.0000000 0.0027528 0.0000000 0.0000000 0.0020360 0.0000000 0.5256937 0.1276871 0.0000000 0.0438013 0.0237674 0.0000000 0.0000000 0.0201115 0.0000000 0.0000000 0.1918366 0.0595317
 97 N  97 0.0534914 0.1220750 0.1374357 0.0118953 0.0061023 0.0335653 0.0924476 0.0093296 0.0267502 0.0211904 0.0557397 0.1550025 0.0098044 0.0077437 0.0000000 0.0615108 0.0896070 0.0000000 0.0107675 0.0342932 0.0612483
 98 Y  98 0.0000000 0.0000000 0.0000000 0.0000000 0.0063976 0.0000000 0.0000000 0.0000000 0.0036296 0.0554214 0.0449608 0.0000000 0.0196326 0.5761304 0.0000000 0.0027236 0.0000000 0.0000000 0.1930232 0.0245615 0.0735193
 99 C  99 0.0544216 0.0249494 0.0273167 0.0673709 0.0057453 0.0572171 0.0820958 0.0066996 0.0746386 0.0459257 0.0366109 0.0108933 0.0020922 0.0811781 0.0000000 0.0661801 0.0743028 0.0041315 0.1049590 0.0940151 0.0792562
100 D 100 0.0456482 0.0133562 0.0759229 0.3787797 0.0000000 0.0024122 0.1356269 0.0033430 0.0088392 0.0068013 0.0024725 0.0000000 0.0000000 0.0138640 0.1468183 0.0374070 0.0102331 0.0000000 0.0046306 0.0097275 0.1041175
101 M 101 0.0780433 0.0118250 0.0083294 0.0000000 0.0257837 0.0157023 0.0033738 0.0000000 0.0089946 0.1183642 0.1694247 0.0219740 0.1140442 0.0098192 0.0523333 0.0294311 0.0342998 0.0000000 0.0107002 0.1819014 0.1056560
102 N 102 0.0752350 0.0107504 0.0903083 0.0932600 0.0040536 0.0481001 0.1272899 0.0388169 0.0000000 0.0037462 0.0024452 0.0675659 0.0000000 0.0000000 0.1755602 0.0955716 0.0436341 0.0000000 0.0034688 0.0028827 0.1173112
103 A 103 0.2130788 0.1026007 0.0040784 0.0074162 0.0000000 0.0106077 0.0933964 0.0914832 0.0052160 0.0035268 0.0079687 0.0109762 0.0070602 0.0092973 0.1568872 0.0331825 0.0499784 0.0000000 0.0089157 0.0143298 0.1699999
104 A 104 0.1598200 0.0019967 0.0178590 0.0420826 0.0032756 0.0427838 0.1542700 0.0216706 0.0793482 0.0050430 0.0186651 0.0400419 0.0016232 0.0091340 0.0117922 0.1208809 0.0291770 0.0468799 0.0195718 0.0078231 0.1662616
105 N 105 0.0046704 0.0099372 0.3185537 0.1153572 0.0274361 0.0736774 0.0318602 0.0073226 0.0598527 0.0037322 0.0507804 0.0000000 0.0404518 0.0447004 0.0000000 0.0465920 0.0154398 0.0017847 0.0149764 0.0000000 0.1328747
106 V 106 0.0027434 0.0000000 0.0000000 0.0000000 0.0239030 0.0025593 0.0000000 0.0000000 0.0000000 0.1112651 0.0707506 0.0000000 0.0354102 0.1192769 0.0000000 0.0031297 0.0114759 0.3009814 0.0176110 0.1811063 0.1197873
107 G 107 0.2084800 0.0000000 0.0000000 0.0088392 0.0000000 0.0063976 0.0000000 0.6382830 0.0000000 0.0000000 0.0000000 0.0000000 0.0000000 0.0000000 0.0000000 0.0116726 0.0000000 0.0000000 0.0000000 0.0030532 0.1232745
108 W 108 0.0076402 0.0107589 0.0103445 0.0000000 0.0217451 0.0096728 0.0000000 0.0042388 0.0103872 0.0384953 0.0044594 0.0633112 0.0282167 0.1115627 0.0000000 0.0112986 0.0688753 0.3118242 0.1034315 0.0262606 0.1574772
109 N 109 0.0123034 0.0148836 0.4777389 0.0537159 0.0000000 0.0402949 0.0050957 0.0756015 0.0000000 0.0086038 0.0072831 0.0847375 0.0026230 0.0000000 0.0057060 0.0405375 0.0000000 0.0000000 0.0000000 0.0000000 0.1708752
110 N 110 0.0090748 0.0083949 0.0207017 0.0062572 0.0000000 0.0000000 0.0045389 0.6950897 0.0083369 0.0000000 0.0000000 0.0120640 0.0000000 0.0000000 0.0000000 0.0417283 0.0000000 0.0000000 0.0095513 0.0000000 0.1842622
111 S 111 0.0173997 0.0622340 0.0176081 0.0084678 0.0000000 0.0047010 0.0000000 0.0527950 0.0043267 0.0133484 0.0000000 0.0921063 0.0187352 0.0045313 0.0000000 0.1863128 0.2480005 0.0000000 0.0092492 0.0151442 0.2450399
112 T 112 0.0044887 0.0000000 0.0766379 0.0000000 0.0000000 0.0000000 0.0000000 0.0000000 0.0000000 0.0052755 0.0297458 0.0000000 0.0044317 0.0000000 0.0045389 0.0081561 0.5346301 0.0000000 0.0000000 0.0536574 0.2784379
113 F 113 0.0030474 0.0000000 0.0000000 0.0000000 0.0000000 0.0000000 0.0000000 0.0000000 0.0000000 0.0521472 0.0111623 0.0000000 0.0769492 0.4491584 0.0000000 0.0000000 0.0082465 0.0000000 0.0070258 0.0398087 0.3524546
114 A 114 0.1753939 0.0000000 0.0000000 0.0000000 0.0000000 0.0000000 0.0000000 0.1279721 0.0000000 0.0000000 0.0000000 0.0000000 0.0000000 0.0000000 0.0000000 0.0133095 0.0370918 0.0000000 0.0000000 0.0000000 0.6462328
