  114         A         R         N         D         C         Q         E         G         H         I         L         K         M         F         P         S         T         W         Y         V    
  1 P   1 0.0000000 0.0000000 0.0000000 0.0000000 0.0000000 0.0000000 0.0000000 0.0000000 0.0000000 0.0000000 0.0000000 0.0000000 0.0000000 0.0000000 1.0000000 0.0000000 0.0000000 0.0000000 0.0000000 0.0000000
  2 M   2 0.0127059 0.0045223 0.0051254 0.0000000 0.0977623 0.0048190 0.0076055 0.0000000 0.0232990 0.0947901 0.1549714 0.0124182 0.0630424 0.1976254 0.0000000 0.0363246 0.0629124 0.0000000 0.1307163 0.0913599
  3 F   3 0.0622143 0.0000000 0.0000000 0.0000000 0.0532819 0.0000000 0.0000000 0.0000000 0.0000000 0.3265679 0.2801462 0.0000000 0.0041011 0.1103701 0.0000000 0.0000000 0.0031983 0.0000000 0.0000000 0.1601202
  4 I   4 0.0216011 0.0575003 0.1325506 0.0446374 0.0000000 0.0769011 0.2082781 0.0056288 0.0291627 0.0500296 0.0127066 0.0806104 0.0215942 0.0117292 0.0000000 0.0707021 0.0988269 0.0000000 0.0158206 0.0617203
  5 V   5 0.0148315 0.0043344 0.0000000 0.0000000 0.0041848 0.0000000 0.0000000 0.0000000 0.0000000 0.2789777 0.2903727 0.0000000 0.0331225 0.0353591 0.0020442 0.0452619 0.0377045 0.0000000 0.0000000 0.2538069
  6 N   6 0.0258090 0.0874296 0.0848136 0.0573519 0.0022685 0.1026903 0.0616550 0.0000000 0.0571160 0.0262797 0.0101602 0.1872462 0.0000000 0.0525440 0.0000000 0.0929243 0.1009301 0.0000000 0.0286066 0.0221749
  7 T   7 0.0118477 0.0000000 0.0000000 0.0000000 0.0103630 0.0000000 0.0000000 0.0000000 0.0000000 0.0205272 0.0337755 0.0000000 0.0034997 0.0000000 0.0000000 0.0775175 0.7752465 0.0000000 0.0000000 0.0672228
  8 N   8 0.0096047 0.0000000 0.7986120 0.0000000 0.0000000 0.0000000 0.0000000 0.0048123 0.0000000 0.0000000 0.0000000 0.0175038 0.0000000 0.0000000 0.0087695 0.1235464 0.0321580 0.0000000 0.0000000 0.0049933
  9 V   9 0.0235928 0.0035547 0.0000000 0.0000000 0.0048273 0.0358998 0.0162119 0.0000000 0.0093854 0.0796014 0.1804195 0.0449085 0.0054368 0.0159157 0.0000000 0.0201958 0.0227845 0.0000000 0.0085895 0.5286764
 10 P  10 0.1160799 0.0282465 0.0472951 0.0250585 0.0110724 0.0451521 0.0197329 0.0000000 0.0000000 0.0249544 0.0224357 0.1759837 0.0000000 0.0032107 0.2718336 0.1525019 0.0484681 0.0000000 0.0000000 0.0079744
 11 R  11 0.1801174 0.0552600 0.0061969 0.0143286 0.0109977 0.0255637 0.0492250 0.0029436 0.0112681 0.0956103 0.1970203 0.0749419 0.0246580 0.0226955 0.0259341 0.0642597 0.0383670 0.0000000 0.0031733 0.0974389
 12 A  12 0.1038350 0.0033041 0.0370469 0.2351932 0.0077184 0.0157200 0.0574758 0.0279361 0.0000000 0.0346768 0.0065081 0.0239762 0.0000000 0.0023289 0.0462451 0.2524771 0.0962750 0.0000000 0.0037117 0.0455713
 13 S  13 0.0997391 0.1106613 0.0540872 0.1753787 0.0000000 0.0588514 0.0780970 0.0569396 0.0049062 0.0000000 0.0021336 0.1583968 0.0000000 0.0023104 0.0302427 0.1202556 0.0128040 0.0000000 0.0075602 0.0276361
 14 V  14 0.0699425 0.0048008 0.0184658 0.1392331 0.0040992 0.0358814 0.1835255 0.0130614 0.0049936 0.1199072 0.0486373 0.0161387 0.0045954 0.0371223 0.0045848 0.0057827 0.0149298 0.0000000 0.0060208 0.2682776
 15 P  15 0.0460079 0.0260615 0.0128546 0.0281625 0.0027092 0.0920933 0.0713336 0.0104511 0.0000000 0.0237058 0.0022220 0.1645783 0.0058791 0.0098488 0.2931688 0.0659275 0.1109935 0.0020874 0.0000000 0.0319150
 16 D  16 0.1140258 0.0369072 0.0438343 0.1109081 0.0000000 0.0729994 0.2065805 0.0052172 0.0137256 0.0137142 0.0033891 0.1373081 0.0000000 0.0310264 0.0250212 0.1259147 0.0219724 0.0000000 0.0157926 0.0216635
 17 G  17 0.1584972 0.0090590 0.0357240 0.1988533 0.0000000 0.0206004 0.1694153 0.1365589 0.0119090 0.0046180 0.0023967 0.0791459 0.0027026 0.0021071 0.0127476 0.0852456 0.0616141 0.0000000 0.0000000 0.0088053
 18 F  18 0.0437684 0.0177815 0.0088138 0.0000000 0.0055008 0.0000000 0.0055715 0.0000000 0.0000000 0.1500432 0.3335724 0.0000000 0.0035213 0.3508967 0.0000000 0.0114658 0.0298382 0.0000000 0.0000000 0.0392263
 19 L  19 0.0749460 0.0073666 0.0112765 0.0092643 0.0231435 0.0109982 0.0752515 0.0042757 0.0207611 0.0751299 0.4396887 0.0810598 0.0420581 0.0276765 0.0061659 0.0132631 0.0093480 0.0000000 0.0024462 0.0658804
 20 S  20 0.0649235 0.0317296 0.0082531 0.0223750 0.0016358 0.0468929 0.0731696 0.0086005 0.0000000 0.0131933 0.0604998 0.3056063 0.0031029 0.0000000 0.0047438 0.2093169 0.1049336 0.0000000 0.0000000 0.0410236
 21 E  21 0.0773064 0.1058237 0.0274762 0.1448023 0.0000000 0.0503815 0.2837363 0.0301583 0.0000000 0.0080004 0.0144589 0.1080272 0.0000000 0.0000000 0.0000000 0.0620493 0.0502647 0.0113982 0.0033341 0.0227826
 22 L  22 0.1425319 0.0000000 0.0000000 0.0000000 0.0164110 0.0000000 0.0041957 0.0000000 0.0000000 0.1168717 0.4511202 0.0000000 0.0185936 0.0961639 0.0000000 0.0131279 0.0629145 0.0000000 0.0028136 0.0752560
 23 T  23 0.0815973 0.0072385 0.0046122 0.0039062 0.0750138 0.0000000 0.0303047 0.1307425 0.0121478 0.0269585 0.0036909 0.0043612 0.0037117 0.0000000 0.0109560 0.3798579 0.1774480 0.0000000 0.0216599 0.0257928
 24 Q  24 0.1203010 0.0642803 0.0475065 0.0440672 0.0022619 0.1035233 0.0864263 0.0162049 0.0288786 0.0171531 0.0175624 0.2372122 0.0000000 0.0179985 0.0074724 0.1012393 0.0347014 0.0000000 0.0314923 0.0217186
 25 Q  25 0.2659325 0.0299303 0.0168714 0.0037234 0.0114092 0.0550461 0.0621797 0.0169303 0.0409915 0.0512662 0.1766681 0.0348073 0.0254078 0.0523729 0.0000000 0.0348649 0.0518884 0.0000000 0.0057774 0.0639324
 26 L  26 0.0725971 0.0088602 0.0000000 0.0000000 0.0091823 0.0000000 0.0000000 0.0047941 0.0000000 0.2147690 0.3175928 0.0000000 0.0705270 0.0288626 0.0000000 0.0059252 0.0453059 0.0040197 0.0000000 0.2175640
 27 A  27 0.5144830 0.0141957 0.0037430 0.0000000 0.0306264 0.0130990 0.0308755 0.0238716 0.0000000 0.0036976 0.0091815 0.0188153 0.0034925 0.0000000 0.0097106 0.2475419 0.0496083 0.0000000 0.0116658 0.0153923
 28 Q  28 0.0692785 0.0338719 0.0465366 0.0570595 0.0022001 0.0759424 0.1756494 0.0186461 0.0032116 0.0358729 0.0435719 0.2123957 0.0110113 0.0121371 0.0000000 0.0826545 0.0881280 0.0000000 0.0000000 0.0318324
 29 A  29 0.1135677 0.0619346 0.0161111 0.0076390 0.0034481 0.0236612 0.0205774 0.0117894 0.0354424 0.2600083 0.1619316 0.0130027 0.0207158 0.0160972 0.0000000 0.0440580 0.0505398 0.0040133 0.0000000 0.1354624
 30 T  30 0.0105195 0.0000000 0.0000000 0.0043646 0.0036414 0.0000000 0.0000000 0.0000000 0.0000000 0.0843362 0.4184794 0.0000000 0.0748080 0.0439686 0.1379797 0.0134255 0.1020747 0.0037365 0.0754013 0.0272647
 31 G  31 0.0113071 0.0223753 0.0815369 0.0561387 0.0029390 0.0840964 0.0305455 0.5636961 0.0105010 0.0036966 0.0000000 0.0638080 0.0000000 0.0000000 0.0072740 0.0383198 0.0201085 0.0000000 0.0000000 0.0036572
 32 K  32 0.0000000 0.1270617 0.0079082 0.0072605 0.0000000 0.0000000 0.0057362 0.0041124 0.0000000 0.0000000 0.0067248 0.7807302 0.0160174 0.0080702 0.0000000 0.0050188 0.0152436 0.0000000 0.0000000 0.0161159
 33 P  33 0.0070204 0.0084875 0.0112658 0.0350746 0.0000000 0.0024698 0.0130310 0.0034336 0.0116233 0.0000000 0.0040395 0.0278582 0.0000000 0.0000000 0.6809239 0.1539684 0.0350506 0.0000000 0.0057537 0.0000000
 34 P  34 0.0912859 0.0175438 0.0093730 0.0074056 0.0000000 0.0298232 0.5828821 0.0070069 0.0000000 0.0241508 0.0401351 0.0414662 0.0105783 0.0000000 0.0398829 0.0153992 0.0244758 0.0000000 0.0000000 0.0585913
 35 Q  35 0.0956521 0.0481495 0.0557068 0.1072719 0.0000000 0.0979439 0.1025096 0.0305206 0.0078838 0.0074053 0.0081010 0.0733565 0.0072954 0.0023225 0.0235352 0.2870177 0.0357706 0.0034958 0.0000000 0.0060618
 36 Y  36 0.0295996 0.1039280 0.0163227 0.0147510 0.0118783 0.0165464 0.0133769 0.0161479 0.0269091 0.0072345 0.0349796 0.0318050 0.0033389 0.0740671 0.0000000 0.0973616 0.0045326 0.0912125 0.3746909 0.0313173
 37 I  37 0.0090660 0.0062976 0.0000000 0.0000000 0.0289996 0.0000000 0.0000000 0.0000000 0.0000000 0.2881045 0.1461228 0.0000000 0.0734245 0.0379838 0.0000000 0.0045587 0.0224225 0.0000000 0.0000000 0.3830200
 38 A  38 0.1103523 0.0000000 0.0526632 0.0000000 0.0388144 0.0028971 0.0079471 0.0038342 0.0000000 0.0305507 0.0445402 0.0000000 0.4609103 0.0237299 0.0000000 0.0563759 0.0664990 0.0070300 0.0000000 0.0938559
 39 V  39 0.0389073 0.0000000 0.0000000 0.0000000 0.0188516 0.0000000 0.0000000 0.0044984 0.0000000 0.1257099 0.0576845 0.0000000 0.0234614 0.0000000 0.0000000 0.0213602 0.0999524 0.0000000 0.0000000 0.6095742
 40 H  40 0.0514801 0.0384012 0.0644388 0.0129722 0.0180827 0.0580254 0.0355732 0.0616023 0.1233515 0.0346937 0.0572512 0.0151481 0.0446907 0.0033355 0.0179975 0.1219346 0.1739094 0.0000000 0.0062374 0.0608742
 41 V  41 0.0079188 0.0000000 0.0000000 0.0000000 0.0021928 0.0000000 0.0052780 0.0035672 0.0000000 0.2005402 0.2844500 0.0000000 0.0178710 0.1434884 0.0000000 0.0135174 0.0022429 0.0060012 0.0348183 0.2781138
 42 V  42 0.0186102 0.0858463 0.0987608 0.0979847 0.0044533 0.0929675 0.2264223 0.0000000 0.0445580 0.0305457 0.0286427 0.0652215 0.0120188 0.0000000 0.0000000 0.0380756 0.0615249 0.0000000 0.0061496 0.0882181
 43 P  43 0.0590997 0.0077468 0.0000000 0.1940088 0.0076917 0.0241152 0.0188010 0.1046625 0.0983461 0.0000000 0.0195727 0.0117488 0.0029282 0.0045780 0.2278599 0.0636068 0.0912255 0.0000000 0.0482705 0.0157379
 44 D  44 0.0395343 0.0152400 0.1837740 0.2403745 0.0047610 0.0180356 0.0713633 0.2568076 0.0110965 0.0027115 0.0019943 0.0127604 0.0000000 0.0000000 0.0027055 0.1135499 0.0106246 0.0000000 0.0000000 0.0146670
 45 Q  45 0.1409501 0.0185705 0.0000000 0.0164373 0.0500340 0.1944629 0.0409877 0.0197961 0.0089777 0.0304909 0.0770297 0.0610650 0.0266412 0.0017865 0.0341519 0.0253570 0.0488436 0.0000000 0.0418687 0.1625493
 46 L  46 0.0790315 0.0830891 0.0254402 0.0603059 0.0850381 0.0521458 0.0159880 0.0186506 0.0297079 0.0269064 0.0666475 0.0527943 0.0446507 0.0185956 0.1775877 0.0834466 0.0455233 0.0061052 0.0103801 0.0179656
 47 M  47 0.0000000 0.0071797 0.0055469 0.0000000 0.0000000 0.0073929 0.0049609 0.0000000 0.0000000 0.1849306 0.2224209 0.0000000 0.5011290 0.0241701 0.0000000 0.0000000 0.0100250 0.0000000 0.0092076 0.0230364
 48 A  48 0.0623745 0.0595001 0.0035365 0.0082324 0.0349521 0.0052425 0.0028046 0.0193210 0.0184231 0.0409193 0.1256625 0.0000000 0.0427836 0.0635846 0.0000000 0.1313852 0.1571178 0.0317365 0.1358577 0.0565662
 49 F  49 0.0000000 0.0806778 0.0000000 0.0000000 0.0077684 0.0000000 0.0000000 0.0000000 0.0470899 0.0121339 0.0991955 0.0138606 0.0536960 0.5894139 0.0061916 0.0084566 0.0000000 0.0263038 0.0237383 0.0314737
 50 G  50 0.1789174 0.0412426 0.0452782 0.0079931 0.0130020 0.0452079 0.0228499 0.4899926 0.0107446 0.0074056 0.0041275 0.0313554 0.0070996 0.0046086 0.0043788 0.0739083 0.0060728 0.0000000 0.0033628 0.0024524
 51 G  51 0.0415234 0.0269917 0.0295739 0.0204154 0.0113083 0.0029259 0.0068121 0.7840026 0.0000000 0.0032000 0.0141193 0.0117915 0.0000000 0.0157684 0.0055123 0.0146382 0.0114170 0.0000000 0.0000000 0.0000000
 52 S  52 0.0091368 0.0140205 0.0831310 0.0425113 0.0000000 0.0118668 0.0446380 0.0137810 0.0074338 0.0000000 0.0193509 0.0711476 0.0055193 0.0000000 0.0099588 0.4020818 0.2551864 0.0000000 0.0000000 0.0102359
 53 S  53 0.0518551 0.0075836 0.0604205 0.1743231 0.0239583 0.0295139 0.1266356 0.0351246 0.0325280 0.0050136 0.0100335 0.0623726 0.0028530 0.0911270 0.0252342 0.0826727 0.1532197 0.0000000 0.0117122 0.0138189
 54 E  54 0.0968334 0.0191550 0.0112071 0.3209376 0.0043633 0.0280569 0.3710598 0.0188459 0.0030011 0.0106466 0.0186920 0.0173684 0.0048441 0.0000000 0.0057708 0.0241621 0.0284003 0.0000000 0.0000000 0.0166554
 55 P  55 0.0301831 0.0057325 0.0213468 0.0426825 0.0000000 0.0122796 0.0050270 0.0140905 0.0044344 0.0000000 0.0135066 0.0467154 0.0000000 0.0000000 0.7616833 0.0129423 0.0180132 0.0000000 0.0113628 0.0000000
 56 C  56 0.3239934 0.0035737 0.0055413 0.0000000 0.2937244 0.0000000 0.0000000 0.0562209 0.0063341 0.0212721 0.0435668 0.0060234 0.0295185 0.0090567 0.0000000 0.0454369 0.0578743 0.0083987 0.0256813 0.0637837
 57 A  57 0.5240651 0.0000000 0.0000000 0.0000000 0.1029316 0.0000000 0.0000000 0.0402830 0.0000000 0.0329179 0.0088237 0.0000000 0.0225129 0.0400404 0.0052101 0.0057300 0.0413430 0.0000000 0.1169911 0.0591511
 58 L  58 0.0056397 0.0095223 0.0048951 0.0000000 0.0128174 0.0721435 0.0000000 0.0000000 0.0143926 0.1000094 0.1807555 0.0048053 0.0572464 0.1777542 0.0000000 0.0264030 0.0220125 0.0044384 0.2278606 0.0793041
 59 C  59 0.0858677 0.0021548 0.0000000 0.0000000 0.0984933 0.0000000 0.0000000 0.0666521 0.0000000 0.1391491 0.1921654 0.0000000 0.0851973 0.0159316 0.0000000 0.0119626 0.0027194 0.0000000 0.0070157 0.2926910
 60 S  60 0.0071486 0.0566724 0.0697737 0.0585189 0.0112984 0.0271532 0.3342435 0.0000000 0.0345405 0.0051083 0.0234167 0.0409968 0.0074965 0.0204502 0.0000000 0.1511427 0.1078997 0.0000000 0.0103593 0.0337805
 61 L  61 0.0139911 0.0000000 0.0000000 0.0000000 0.0147602 0.0000000 0.0000000 0.0000000 0.0000000 0.2630812 0.3260077 0.0000000 0.0079175 0.0381957 0.0000000 0.0000000 0.0044444 0.0000000 0.0050935 0.3265085
 62 H  62 0.0314942 0.0845743 0.0413103 0.0125797 0.0051116 0.0420795 0.0396919 0.0121828 0.0781526 0.0304395 0.0095637 0.2026001 0.0338584 0.0265031 0.0000000 0.1314316 0.1213176 0.0000000 0.0409647 0.0561444
 63 S  63 0.1618658 0.0039011 0.0177145 0.0077226 0.0208804 0.0000000 0.0000000 0.0167850 0.0000000 0.0650004 0.0548501 0.0029983 0.0061724 0.0097316 0.0000000 0.5216421 0.0401662 0.0000000 0.0113845 0.0591849
 64 I  64 0.0068283 0.0050254 0.0000000 0.0000000 0.0080330 0.0028577 0.0073896 0.0000000 0.0042192 0.4801398 0.2017899 0.0093353 0.0244958 0.0776679 0.0000000 0.0226269 0.0301357 0.0037457 0.0496695 0.0660401
 65 G  65 0.0301307 0.0240820 0.0335264 0.0232026 0.0112969 0.0067338 0.0051161 0.6905199 0.0049384 0.0000000 0.0065921 0.0065299 0.0000000 0.0000000 0.0710916 0.0397696 0.0252954 0.0040969 0.0049320 0.0121455
 66 K  66 0.0786832 0.0325057 0.0881451 0.0313073 0.0167664 0.0181086 0.0268693 0.1895147 0.0364974 0.0042719 0.0281230 0.1390915 0.0092800 0.0000000 0.0237553 0.1248896 0.0515333 0.0000000 0.0000000 0.1006578
 67 I  67 0.0288450 0.0168631 0.0100062 0.0000000 0.0041389 0.0045348 0.0150674 0.0103734 0.0026041 0.2268445 0.3065762 0.0000000 0.0565494 0.0682000 0.0196900 0.0296471 0.0538778 0.0000000 0.0160935 0.1300886
 68 G  68 0.0564250 0.0202403 0.1054451 0.1125226 0.0085297 0.0371682 0.0415095 0.2345837 0.0079155 0.0018598 0.0077573 0.0514489 0.0000000 0.0000000 0.0581085 0.1614181 0.0950677 0.0000000 0.0000000 0.0000000
 69 G  69 0.1256059 0.0793344 0.0137922 0.0530875 0.0000000 0.0206922 0.0599655 0.1014292 0.0217095 0.0222120 0.0321593 0.0410584 0.0032051 0.0063443 0.3193517 0.0513113 0.0153496 0.0000000 0.0108772 0.0225149
 70 A  70 0.1307272 0.0256652 0.0204309 0.0973110 0.0000000 0.0416028 0.2936147 0.0357416 0.0000000 0.0369417 0.0231188 0.0415399 0.0000000 0.0000000 0.0258191 0.1308957 0.0780039 0.0000000 0.0000000 0.0185876
 71 Q  71 0.0909526 0.0534343 0.0502475 0.0525240 0.0136482 0.1685116 0.1315637 0.0383810 0.0117814 0.0038736 0.0657797 0.0865282 0.0089416 0.0078939 0.0043688 0.0150915 0.1098028 0.0000000 0.0157597 0.0709159
 72 N  72 0.0191685 0.0112237 0.5768591 0.0059960 0.0422805 0.0045450 0.0000000 0.0000000 0.0066146 0.0210096 0.0109907 0.1049138 0.0000000 0.0173944 0.0203831 0.0211299 0.0816041 0.0142488 0.0338819 0.0077564
 73 R  73 0.0240735 0.1383055 0.0401435 0.0341065 0.0202278 0.0349701 0.1368817 0.0482778 0.0073090 0.0274620 0.0416891 0.2899999 0.0025815 0.0039879 0.0673631 0.0356420 0.0144741 0.0000000 0.0148611 0.0176441
 74 S  74 0.1144758 0.1612412 0.0450583 0.0206429 0.0033528 0.0623244 0.1261832 0.0377525 0.0113684 0.0149758 0.0114651 0.2366366 0.0110318 0.0000000 0.0000000 0.0788142 0.0507632 0.0000000 0.0000000 0.0139139
 75 Y  75 0.0243543 0.0112356 0.0653468 0.0000000 0.0031764 0.0043516 0.0000000 0.0000000 0.1331486 0.0724810 0.2303251 0.0054717 0.0905606 0.0848376 0.0000000 0.0131691 0.0247827 0.0127422 0.1943544 0.0296623
 76 S  76 0.1961197 0.0000000 0.0224580 0.0048090 0.0225045 0.0000000 0.0000000 0.0198008 0.0049197 0.0528746 0.0000000 0.0044776 0.0000000 0.0000000 0.0000000 0.4116738 0.2229281 0.0000000 0.0088761 0.0285581
 77 K  77 0.2919168 0.0287474 0.0090862 0.0632857 0.0000000 0.0463022 0.0717399 0.0356583 0.0074138 0.0178766 0.0196607 0.2369638 0.0000000 0.0036687 0.0112037 0.0887991 0.0338357 0.0000000 0.0014174 0.0324242
 78 L  78 0.2282232 0.0609888 0.0243211 0.0356326 0.0000000 0.0329589 0.0930383 0.0170840 0.0182379 0.0290451 0.1736344 0.1407696 0.0150761 0.0035239 0.0125208 0.0243557 0.0481095 0.0000000 0.0048510 0.0376291
 79 L  79 0.0057411 0.0000000 0.0000000 0.0000000 0.0000000 0.0000000 0.0000000 0.0000000 0.0000000 0.3854987 0.3570018 0.0000000 0.0402020 0.1424714 0.0000000 0.0000000 0.0000000 0.0000000 0.0035237 0.0655613
 80 C  80 0.0813195 0.0055520 0.0000000 0.0000000 0.2207263 0.1178229 0.0069494 0.0268510 0.0081632 0.0103930 0.0312442 0.0049188 0.0380407 0.1381631 0.0026710 0.1036502 0.1440520 0.0000000 0.0501800 0.0093027
 81 G  81 0.1101652 0.0400443 0.0386863 0.1484180 0.0080639 0.0553393 0.2372358 0.0706686 0.0092220 0.0043894 0.0035102 0.1178740 0.0044365 0.0000000 0.0178940 0.0599215 0.0741309 0.0000000 0.0000000 0.0000000
 82 L  82 0.0797367 0.0035190 0.0000000 0.0081041 0.0049170 0.0117719 0.0480602 0.0036719 0.0690996 0.1404439 0.2291503 0.0089141 0.0114141 0.2203547 0.0039721 0.0082793 0.0403434 0.0126332 0.0430440 0.0525707
 83 L  83 0.0195722 0.0000000 0.0000000 0.0041198 0.0226257 0.0000000 0.0000000 0.0000000 0.0000000 0.2101920 0.4653998 0.0000000 0.0765143 0.0761378 0.0000000 0.0000000 0.0070679 0.0049601 0.0248863 0.0885242
 84 A  84 0.0888012 0.0245014 0.0734188 0.0090874 0.0127052 0.1255226 0.2426503 0.0224265 0.0590327 0.0024786 0.0187618 0.0693903 0.0113323 0.0028783 0.0000000 0.0943827 0.1060886 0.0000000 0.0249939 0.0115473
 85 E  85 0.0694228 0.0215760 0.0487760 0.1181450 0.0000000 0.0916196 0.2456662 0.0330493 0.0027471 0.0088389 0.0035233 0.2163607 0.0048581 0.0000000 0.0000000 0.0571338 0.0757755 0.0000000 0.0000000 0.0025078
 86 R  86 0.0521161 0.0467945 0.0604723 0.0049987 0.0028780 0.0622770 0.2516322 0.0051499 0.1030691 0.0661903 0.0162683 0.1447033 0.0027140 0.0045277 0.0080156 0.0295220 0.0669994 0.0000000 0.0096880 0.0619836
 87 L  87 0.0134724 0.0000000 0.0000000 0.0000000 0.0173561 0.0000000 0.0000000 0.0000000 0.0000000 0.0386501 0.7854132 0.0000000 0.0250772 0.0515491 0.0055917 0.0000000 0.0529248 0.0000000 0.0044242 0.0055412
 88 R  88 0.0502031 0.0327980 0.0482051 0.0439959 0.0065358 0.0132870 0.0067906 0.5207692 0.0643044 0.0000000 0.0056206 0.0951980 0.0000000 0.0027397 0.0089563 0.0860659 0.0066366 0.0000000 0.0078937 0.0000000
 89 I  89 0.0025563 0.0000000 0.0074549 0.0000000 0.0000000 0.0000000 0.0000000 0.0000000 0.0000000 0.4787141 0.1246408 0.0034911 0.0065439 0.0053354 0.0000000 0.0000000 0.0103153 0.0000000 0.0147849 0.3461632
 90 S  90 0.0675209 0.0125219 0.0281787 0.0968186 0.0017628 0.0357799 0.0583622 0.0394636 0.0095146 0.0000000 0.0281889 0.0593858 0.0000000 0.0000000 0.4029527 0.1264695 0.0264684 0.0000000 0.0000000 0.0066114
 91 P  91 0.1212126 0.0218060 0.0151324 0.0066072 0.0025904 0.0842937 0.0262219 0.0690574 0.0032489 0.0244198 0.0224362 0.1541604 0.0019812 0.0031573 0.3218240 0.0896478 0.0099257 0.0000000 0.0074033 0.0148738
 92 D  92 0.0664217 0.0170928 0.1425127 0.3718396 0.0045390 0.0208694 0.1321655 0.0322590 0.0128967 0.0000000 0.0069971 0.0205500 0.0033303 0.0025281 0.0000000 0.1006513 0.0486581 0.0000000 0.0083307 0.0083577
 93 R  93 0.0318140 0.7364294 0.0462335 0.0295301 0.0023206 0.0324331 0.0000000 0.0000000 0.0427851 0.0000000 0.0000000 0.0315751 0.0000000 0.0000000 0.0039756 0.0261595 0.0000000 0.0036318 0.0056401 0.0074720
 94 V  94 0.0107597 0.0000000 0.0071086 0.0000000 0.0411885 0.0190317 0.0000000 0.1594213 0.0000000 0.3311525 0.0291519 0.0000000 0.0648296 0.0852767 0.0000000 0.0137356 0.0249363 0.0000000 0.0038727 0.2095349
 95 Y  95 0.0000000 0.0056538 0.0097917 0.0000000 0.0036962 0.0000000 0.0104717 0.0000000 0.0041414 0.0674862 0.0578760 0.0104921 0.0224098 0.1255569 0.0000000 0.0100325 0.0137059 0.0000000 0.5722718 0.0864141
 96 I  96 0.0030979 0.0000000 0.0000000 0.0000000 0.0030217 0.0000000 0.0000000 0.0022045 0.0000000 0.5585516 0.1345337 0.0000000 0.0454159 0.0256404 0.0000000 0.0000000 0.0220482 0.0000000 0.0000000 0.2054861
 97 N  97 0.0560422 0.1291459 0.1478150 0.0129202 0.0065768 0.0326406 0.1023448 0.0099199 0.0297943 0.0228846 0.0587049 0.1633616 0.0103996 0.0084389 0.0000000 0.0662427 0.0944085 0.0000000 0.0115692 0.0367905
 98 Y  98 0.0000000 0.0000000 0.0000000 0.0000000 0.0072807 0.0000000 0.0000000 0.0000000 0.0040511 0.0605800 0.0472329 0.0000000 0.0213361 0.6223640 0.0000000 0.0031051 0.0000000 0.0000000 0.2077890 0.0262612
 99 C  99 0.0612234 0.0278878 0.0301278 0.0727625 0.0056791 0.0628396 0.0895923 0.0074917 0.0821004 0.0486724 0.0364036 0.0119257 0.0023791 0.0843908 0.0000000 0.0693949 0.0811541 0.0045843 0.1170684 0.1043222
100 D 100 0.0508908 0.0154489 0.0836737 0.4261701 0.0000000 0.0028053 0.1494720 0.0038533 0.0085890 0.0076250 0.0034584 0.0000000 0.0000000 0.0158284 0.1618182 0.0421581 0.0117133 0.0000000 0.0053562 0.0111394
101 M 101 0.0891043 0.0120031 0.0096275 0.0000000 0.0300626 0.0173291 0.0039047 0.0000000 0.0102483 0.1275884 0.1911940 0.0244301 0.1278145 0.0113319 0.0578293 0.0335950 0.0381457 0.0000000 0.0120257 0.2037658
102 N 102 0.0828675 0.0125341 0.1016867 0.1034949 0.0046071 0.0565528 0.1471294 0.0449147 0.0000000 0.0043959 0.0028378 0.0775008 0.0000000 0.0000000 0.1969840 0.1089885 0.0481981 0.0000000 0.0038986 0.0034091
103 A 103 0.2568402 0.1241478 0.0050421 0.0088776 0.0000000 0.0132689 0.1081332 0.1130815 0.0040224 0.0038953 0.0099324 0.0135875 0.0085059 0.0113861 0.1889142 0.0400565 0.0616317 0.0000000 0.0112282 0.0174485
104 A 104 0.1917841 0.0025148 0.0217364 0.0503621 0.0033181 0.0535342 0.1789607 0.0269348 0.0959890 0.0062793 0.0223835 0.0492092 0.0020295 0.0098095 0.0153891 0.1433020 0.0361918 0.0562640 0.0242670 0.0097410
105 N 105 0.0054064 0.0099633 0.3654418 0.1305898 0.0305531 0.0859128 0.0370908 0.0087235 0.0696826 0.0044254 0.0596816 0.0000000 0.0479884 0.0534394 0.0000000 0.0544745 0.0185139 0.0020947 0.0160181 0.0000000
106 V 106 0.0031262 0.0000000 0.0000000 0.0000000 0.0272991 0.0030050 0.0000000 0.0000000 0.0000000 0.1267844 0.0788545 0.0000000 0.0407533 0.1354320 0.0000000 0.0036175 0.0117969 0.3429106 0.0197740 0.2066468
107 G 107 0.2349262 0.0000000 0.0000000 0.0087629 0.0000000 0.0076823 0.0000000 0.7319848 0.0000000 0.0000000 0.0000000 0.0000000 0.0000000 0.0000000 0.0000000 0.0129941 0.0000000 0.0000000 0.0000000 0.0036498
108 W 108 0.0094469 0.0130092 0.0125995 0.0000000 0.0239510 0.0117352 0.0000000 0.0052153 0.0126186 0.0435754 0.0054768 0.0763251 0.0338820 0.1320087 0.0000000 0.0122440 0.0784010 0.3722811 0.1253425 0.0318877
109 N 109 0.0129071 0.0172580 0.5805005 0.0632498 0.0000000 0.0495574 0.0063919 0.0921109 0.0000000 0.0095213 0.0090764 0.1028925 0.0032573 0.0000000 0.0070506 0.0462263 0.0000000 0.0000000 0.0000000 0.0000000
110 N 110 0.0114675 0.0106788 0.0331539 0.0080680 0.0000000 0.0000000 0.0058344 0.8411862 0.0102418 0.0000000 0.0000000 0.0152020 0.0000000 0.0000000 0.0000000 0.0522497 0.0000000 0.0000000 0.0119178 0.0000000
111 S 111 0.0233625 0.0834340 0.0235796 0.0114399 0.0000000 0.0064947 0.0000000 0.0716253 0.0059644 0.0158398 0.0000000 0.1169321 0.0250062 0.0060698 0.0000000 0.2505725 0.3276532 0.0000000 0.0125100 0.0195159
112 T 112 0.0064799 0.0000000 0.1089606 0.0000000 0.0000000 0.0000000 0.0000000 0.0000000 0.0000000 0.0074103 0.0356972 0.0000000 0.0063926 0.0000000 0.0065955 0.0105805 0.7417584 0.0000000 0.0000000 0.0761250
113 F 113 0.0049504 0.0000000 0.0000000 0.0000000 0.0000000 0.0000000 0.0000000 0.0000000 0.0000000 0.0818524 0.0145791 0.0000000 0.1172455 0.6992097 0.0000000 0.0000000 0.0129300 0.0000000 0.0100237 0.0592092
114 A 114 0.4955586 0.0000000 0.0000000 0.0000000 0.0000000 0.0000000 0.0000000 0.3593049 0.0000000 0.0000000 0.0000000 0.0000000 0.0000000 0.0000000 0.0000000 0.0389964 0.1061400 0.0000000 0.0000000 0.0000000
