  208         A         R         N         D         C         Q         E         G         H         I         L         K         M         F         P         S         T         W         Y         V    
  1 N   1 0.0000000 0.0000000 0.6218445 0.0000000 0.0000000 0.0000000 0.0000000 0.0857232 0.0136426 0.0000000 0.0000000 0.1814815 0.0000000 0.0000000 0.0000000 0.0973082 0.0000000 0.0000000 0.0000000 0.0000000
  2 T   2 0.2427882 0.0000000 0.0294638 0.0129949 0.0000000 0.0000000 0.0000000 0.0000000 0.0000000 0.0000000 0.0000000 0.0000000 0.0000000 0.0000000 0.0000000 0.1547759 0.5522962 0.0000000 0.0000000 0.0076809
  3 A   3 0.2073621 0.0000000 0.0814218 0.0000000 0.0000000 0.0000000 0.0000000 0.2443591 0.0000000 0.0000000 0.0000000 0.0038953 0.0000000 0.0000000 0.0144473 0.3921402 0.0497940 0.0000000 0.0065803 0.0000000
  4 E   4 0.0082705 0.0000000 0.0910063 0.2681871 0.0000000 0.0461022 0.4184830 0.0000000 0.0390865 0.0062517 0.0082269 0.0446481 0.0057754 0.0000000 0.0000000 0.0047582 0.0149828 0.0000000 0.0082316 0.0359899
  5 L   5 0.0000000 0.0000000 0.0000000 0.0000000 0.0000000 0.0000000 0.0000000 0.0000000 0.0000000 0.0000000 0.6997128 0.0000000 0.0000000 0.0000000 0.2903165 0.0000000 0.0000000 0.0000000 0.0099707 0.0000000
  6 K   6 0.0196555 0.1445077 0.0126492 0.0081554 0.0000000 0.0508042 0.1723072 0.0000000 0.0000000 0.0217996 0.0287122 0.2764826 0.0373561 0.0000000 0.0000000 0.0161083 0.0512840 0.0000000 0.0141010 0.1460772
  7 I   7 0.0000000 0.0000000 0.0000000 0.0000000 0.0000000 0.0000000 0.0000000 0.0000000 0.0000000 0.9498466 0.0130066 0.0000000 0.0000000 0.0000000 0.0000000 0.0000000 0.0000000 0.0000000 0.0000000 0.0371468
  8 C   8 0.0051704 0.0000000 0.0245705 0.0122944 0.4915415 0.0000000 0.0299995 0.0000000 0.0138214 0.0051422 0.1079756 0.0000000 0.0518363 0.0142873 0.0000000 0.0528666 0.0754135 0.0126343 0.0312511 0.0711954
  9 R   9 0.0000000 0.5438602 0.0000000 0.0361600 0.0000000 0.0000000 0.0125924 0.0000000 0.0130879 0.0000000 0.0000000 0.3155092 0.0000000 0.0000000 0.0053819 0.0405119 0.0000000 0.0190008 0.0138957 0.0000000
 10 V  10 0.0199991 0.0073631 0.0000000 0.0000000 0.0000000 0.0675091 0.0000000 0.0053819 0.0000000 0.1300661 0.2438691 0.1195860 0.1313305 0.0000000 0.0000000 0.0270136 0.0116378 0.0000000 0.0261198 0.2101239
 11 N  11 0.0000000 0.0000000 0.1983312 0.1999448 0.0698656 0.0000000 0.0000000 0.0000000 0.0000000 0.0000000 0.0000000 0.0000000 0.0000000 0.0000000 0.0000000 0.5080246 0.0238338 0.0000000 0.0000000 0.0000000
 12 R  12 0.0249026 0.1472519 0.0126532 0.0333139 0.0033045 0.0061686 0.0000000 0.0000000 0.1289379 0.0574312 0.1649482 0.2212370 0.0194467 0.0000000 0.0754840 0.0683017 0.0273262 0.0000000 0.0000000 0.0092925
 13 N  13 0.0306710 0.0139955 0.1882293 0.0790300 0.1767243 0.0063360 0.0393866 0.0000000 0.0493148 0.0070202 0.0259946 0.0000000 0.0000000 0.0073179 0.0168206 0.1181605 0.1356167 0.0000000 0.0468124 0.0585695
 14 S  14 0.0935251 0.0449212 0.0153981 0.0038249 0.0734958 0.0107085 0.0432834 0.0066483 0.0124241 0.0000000 0.0000000 0.0365490 0.0000000 0.0029077 0.0000000 0.5190910 0.0789458 0.0000000 0.0203637 0.0379135
 15 G  15 0.1586999 0.0000000 0.0000000 0.0061686 0.2193340 0.0000000 0.0000000 0.5266215 0.0000000 0.0000000 0.0000000 0.0000000 0.0000000 0.0034679 0.0000000 0.0679186 0.0000000 0.0000000 0.0104715 0.0073179
 16 S  16 0.0346340 0.0217668 0.0110804 0.0000000 0.0557200 0.0000000 0.0000000 0.0209654 0.0000000 0.0040814 0.0262367 0.0335990 0.0000000 0.0061686 0.2448836 0.4566398 0.0697558 0.0000000 0.0087249 0.0057436
 17 C  17 0.1483923 0.0000000 0.0000000 0.0000000 0.1881030 0.0000000 0.0000000 0.0000000 0.0000000 0.0805172 0.0108420 0.0000000 0.0112757 0.0000000 0.0424067 0.0057617 0.0071491 0.0000000 0.0000000 0.5055523
 18 L  18 0.0735339 0.1164894 0.0782749 0.0667326 0.0036333 0.0053489 0.0858055 0.0063360 0.0000000 0.0044048 0.1042596 0.0978131 0.0215968 0.0019293 0.0000000 0.1169480 0.1800619 0.0000000 0.0274912 0.0093407
 19 G  19 0.0000000 0.0000000 0.0000000 0.0000000 0.0000000 0.0000000 0.0000000 1.0000000 0.0000000 0.0000000 0.0000000 0.0000000 0.0000000 0.0000000 0.0000000 0.0000000 0.0000000 0.0000000 0.0000000 0.0000000
 20 G  20 0.0059013 0.0035872 0.0752819 0.0161245 0.0000000 0.0063316 0.0261031 0.8208320 0.0057617 0.0000000 0.0000000 0.0264199 0.0000000 0.0000000 0.0000000 0.0136567 0.0000000 0.0000000 0.0000000 0.0000000
 21 D  21 0.0132534 0.0069059 0.0131769 0.2574743 0.0000000 0.0346377 0.2491373 0.0119073 0.0213511 0.0000000 0.0714531 0.0963873 0.0239054 0.0000000 0.0000000 0.0064732 0.1794154 0.0000000 0.0000000 0.0145217
 22 E  22 0.0000000 0.0052237 0.0029426 0.0592943 0.0000000 0.1195730 0.7140690 0.0000000 0.0051372 0.0116052 0.0000000 0.0375279 0.0047679 0.0000000 0.0000000 0.0000000 0.0087260 0.0000000 0.0238151 0.0073179
 23 I  23 0.0000000 0.0000000 0.0000000 0.0000000 0.0000000 0.0000000 0.0000000 0.0000000 0.0000000 0.3267307 0.1833026 0.0000000 0.1342273 0.0047947 0.0000000 0.0000000 0.0000000 0.0000000 0.0000000 0.3509446
 24 F  24 0.0256255 0.0000000 0.0124736 0.0000000 0.0208285 0.0000000 0.0000000 0.0114022 0.0039506 0.2687074 0.0180526 0.0000000 0.0100016 0.3595842 0.0000000 0.0000000 0.0232767 0.0302848 0.1365672 0.0792452
 25 L  25 0.0000000 0.0000000 0.0000000 0.0000000 0.0000000 0.0000000 0.0000000 0.0000000 0.0000000 0.2715233 0.5982215 0.0000000 0.0772405 0.0000000 0.0000000 0.0000000 0.0000000 0.0000000 0.0000000 0.0530147
 26 L  26 0.0000000 0.0247174 0.0045336 0.0000000 0.0000000 0.0000000 0.0000000 0.0000000 0.0000000 0.0976422 0.6683419 0.0226449 0.0000000 0.0533482 0.0000000 0.0353033 0.0890915 0.0000000 0.0000000 0.0043770
 27 C  27 0.0000000 0.0000000 0.0000000 0.0136975 0.5273863 0.0000000 0.0000000 0.3307898 0.0000000 0.0000000 0.0000000 0.0000000 0.0000000 0.0000000 0.0000000 0.0033073 0.0168433 0.0000000 0.0000000 0.1079758
 28 D  28 0.0029196 0.0062692 0.0000000 0.2837601 0.0000000 0.0304180 0.3298768 0.0000000 0.0282925 0.0000000 0.0044912 0.1846747 0.0000000 0.0160043 0.0188124 0.0642369 0.0302443 0.0000000 0.0000000 0.0000000
 29 K  29 0.0000000 0.0166831 0.2572643 0.0306710 0.0000000 0.0310097 0.0000000 0.0000000 0.0074142 0.0000000 0.0135774 0.6049428 0.0000000 0.0000000 0.0069828 0.0245008 0.0069540 0.0000000 0.0000000 0.0000000
 30 V  30 0.0066547 0.0000000 0.0000000 0.0000000 0.0000000 0.0000000 0.0000000 0.0000000 0.0000000 0.0760139 0.0314563 0.0000000 0.0157177 0.3324048 0.0000000 0.0000000 0.0000000 0.0000000 0.0000000 0.5377525
 31 Q  31 0.0889194 0.0252773 0.1019599 0.0267147 0.0111874 0.2518196 0.0094382 0.0655823 0.0063238 0.0013822 0.1622311 0.0335068 0.0000000 0.0102128 0.0172774 0.0950058 0.0787411 0.0000000 0.0000000 0.0144204
 32 K  32 0.0199866 0.1389693 0.0145766 0.0000000 0.0000000 0.0000000 0.0000000 0.0000000 0.0000000 0.0359017 0.0000000 0.7097987 0.0079323 0.0000000 0.0508445 0.0112458 0.0107446 0.0000000 0.0000000 0.0000000
 33 E  33 0.0102134 0.0167530 0.0302246 0.3017868 0.0000000 0.0296814 0.3318069 0.0697907 0.0000000 0.0000000 0.0000000 0.1291976 0.0000000 0.0000000 0.0143388 0.0601792 0.0000000 0.0000000 0.0000000 0.0060276
 34 D  34 0.0070939 0.0000000 0.1182939 0.6047480 0.0111731 0.0068950 0.0556069 0.0056073 0.0073812 0.0000000 0.0000000 0.0408415 0.0000000 0.0108532 0.0059994 0.1034676 0.0043563 0.0000000 0.0000000 0.0176826
 35 I  35 0.0000000 0.0000000 0.0000000 0.0144361 0.0099650 0.0000000 0.0000000 0.0000000 0.0000000 0.6787546 0.0308982 0.0000000 0.0000000 0.0000000 0.0000000 0.0310532 0.1725275 0.0000000 0.0000000 0.0623654
 36 E  36 0.0601772 0.1071826 0.0000000 0.0024835 0.0000000 0.1132608 0.2343182 0.0148281 0.0427930 0.0000000 0.0055329 0.2887950 0.0113984 0.0000000 0.0000000 0.0902838 0.0171085 0.0000000 0.0000000 0.0118381
 37 V  37 0.0000000 0.0000000 0.0000000 0.0000000 0.0000000 0.0000000 0.0000000 0.0000000 0.0000000 0.1736822 0.0430730 0.0000000 0.0000000 0.0000000 0.0114240 0.0000000 0.0243078 0.0000000 0.0000000 0.7475130
 38 Y  38 0.0000000 0.4358009 0.0000000 0.0293934 0.0463128 0.0022549 0.0113584 0.0000000 0.0088223 0.1539668 0.0181153 0.0666329 0.0000000 0.0000000 0.0000000 0.0000000 0.0000000 0.0035889 0.0572534 0.1665001
 39 F  39 0.0000000 0.0000000 0.0000000 0.0000000 0.0000000 0.0153308 0.0311773 0.0000000 0.0000000 0.0066033 0.0217120 0.0234558 0.0080411 0.8443824 0.0295461 0.0083338 0.0114174 0.0000000 0.0000000 0.0000000
 40 T  40 0.0028890 0.0523964 0.0000000 0.0173012 0.0000000 0.1120442 0.0400725 0.0040360 0.0061193 0.0149833 0.0319453 0.0032549 0.0290180 0.2827950 0.0000000 0.0680091 0.0557580 0.0103410 0.1722349 0.0968018
 41 G  41 0.0294614 0.0698082 0.0000000 0.0560522 0.0000000 0.0770617 0.5600606 0.0541282 0.0318328 0.0041107 0.0635171 0.0191373 0.0056597 0.0000000 0.0000000 0.0046717 0.0183284 0.0000000 0.0061700 0.0000000
 42 P  42 0.0216295 0.0198204 0.1149846 0.0907497 0.0000000 0.0704279 0.3509410 0.0181522 0.0035602 0.0219021 0.0450296 0.0405080 0.0051937 0.0000000 0.1066628 0.0043832 0.0786856 0.0000000 0.0000000 0.0073695
 43 G  43 0.0390526 0.0068341 0.0434047 0.1611421 0.0000000 0.0303071 0.0366235 0.0869383 0.0421309 0.1311327 0.0749825 0.0155166 0.0152421 0.0000000 0.0227055 0.0658583 0.0512077 0.0000000 0.0000000 0.1769215
 44 W  44 0.0000000 0.0000000 0.0000000 0.0000000 0.0000000 0.0322906 0.0000000 0.0000000 0.0161547 0.0000000 0.0033425 0.0094446 0.0000000 0.0311338 0.0000000 0.0113217 0.0000000 0.8736683 0.0226438 0.0000000
 45 E  45 0.0000000 0.0000000 0.0000000 0.0036680 0.0061460 0.0703503 0.6780272 0.0032176 0.0044910 0.0155346 0.0000000 0.1171168 0.0137132 0.0072912 0.0000000 0.0454148 0.0239440 0.0000000 0.0000000 0.0110853
 46 A  46 0.4133437 0.0152492 0.0059819 0.0791691 0.0207357 0.0326991 0.1104425 0.0983089 0.0228082 0.0000000 0.0106764 0.0049367 0.0452283 0.0095106 0.0000000 0.0460341 0.0349015 0.0000000 0.0173201 0.0326540
 47 R  47 0.0511395 0.0886033 0.0498134 0.0040845 0.0000000 0.0102154 0.1764696 0.0000000 0.0061624 0.0131470 0.0572709 0.1547641 0.0200821 0.1218334 0.0107877 0.0384237 0.0667345 0.0085289 0.1101623 0.0117774
 48 G  48 0.3201765 0.0376266 0.0000000 0.0000000 0.0067125 0.0000000 0.0237642 0.4350899 0.0000000 0.0064594 0.0157847 0.0000000 0.0000000 0.0000000 0.0078658 0.0000000 0.0050827 0.0000000 0.0000000 0.1414378
 49 S  49 0.0359759 0.0621960 0.0422405 0.2175709 0.0000000 0.0535497 0.1746622 0.0000000 0.0111557 0.0873021 0.0253412 0.1073792 0.0038443 0.0000000 0.0000000 0.0718121 0.0713518 0.0000000 0.0000000 0.0356183
 50 F  50 0.0370549 0.0000000 0.0000000 0.0000000 0.0103662 0.0000000 0.0152272 0.0119144 0.0000000 0.0972351 0.0475453 0.0000000 0.0198016 0.5049960 0.0919325 0.0291643 0.0242676 0.0000000 0.0163342 0.0941607
 51 S  51 0.0683145 0.0231987 0.0506949 0.1289062 0.0000000 0.1228554 0.0000000 0.0478579 0.0079151 0.0425671 0.0213406 0.0539285 0.0056436 0.0129796 0.0232956 0.2609589 0.0547377 0.0000000 0.0000000 0.0748056
 52 Q  52 0.0186141 0.0841381 0.0000000 0.0730417 0.0000000 0.1760440 0.1328168 0.0053637 0.0529318 0.0000000 0.0189839 0.1699925 0.0000000 0.0037357 0.1698117 0.0868631 0.0026662 0.0000000 0.0000000 0.0049968
 53 A  53 0.1933036 0.0000000 0.0459373 0.0452788 0.0100065 0.0000000 0.0885907 0.0127257 0.0053078 0.0221488 0.0439078 0.0324583 0.0474566 0.0026724 0.0376501 0.1176107 0.2592556 0.0083212 0.0000000 0.0273680
 54 D  54 0.0000000 0.0000000 0.0683833 0.5805629 0.0000000 0.0172657 0.0562726 0.0153908 0.0334774 0.0119042 0.0034215 0.0710974 0.0595935 0.0083264 0.0000000 0.0127525 0.0217666 0.0000000 0.0397852 0.0000000
 55 V  55 0.0000000 0.0061637 0.0784986 0.0000000 0.0220978 0.0000000 0.0000000 0.0000000 0.0000000 0.1133440 0.1352043 0.0000000 0.0000000 0.0394602 0.0083073 0.0347609 0.0376365 0.0000000 0.0212248 0.5033020
 56 H  56 0.0000000 0.0138899 0.0000000 0.0000000 0.0209421 0.0481374 0.0000000 0.0858070 0.5843275 0.0000000 0.1010302 0.0000000 0.0000000 0.0791780 0.0000000 0.0193639 0.0000000 0.0000000 0.0233665 0.0239574
 57 R  57 0.0119915 0.3060313 0.1672335 0.0000000 0.0000000 0.0573097 0.0000000 0.0303212 0.1577497 0.0000000 0.0000000 0.2086907 0.0040670 0.0000000 0.0186052 0.0296536 0.0000000 0.0000000 0.0018357 0.0065109
 58 Q  58 0.0498394 0.0000000 0.0641249 0.0000000 0.0000000 0.6929253 0.0198678 0.0000000 0.0000000 0.0000000 0.0000000 0.0863560 0.0000000 0.0000000 0.0225641 0.0643224 0.0000000 0.0000000 0.0000000 0.0000000
 59 V  59 0.0097162 0.0000000 0.0945141 0.0080761 0.0049648 0.0000000 0.0024177 0.0197382 0.0131201 0.0594589 0.0000000 0.0000000 0.0293417 0.0349505 0.0086181 0.0083189 0.1324255 0.0000000 0.1579844 0.4163549
 60 A  60 0.5497863 0.1672284 0.0000000 0.0000000 0.0363611 0.0000000 0.0070819 0.0043774 0.1291467 0.0000000 0.0486808 0.0023406 0.0000000 0.0000000 0.0000000 0.0321022 0.0137549 0.0000000 0.0000000 0.0091396
 61 I  61 0.0000000 0.0000000 0.0044899 0.0000000 0.0000000 0.0000000 0.0000000 0.0083107 0.0000000 0.4980626 0.3323225 0.0000000 0.0894379 0.0154720 0.0000000 0.0000000 0.0047893 0.0000000 0.0000000 0.0471151
 62 V  62 0.0654353 0.0037108 0.0000000 0.0000000 0.1387263 0.0000000 0.0000000 0.0000000 0.0000000 0.0829036 0.0124306 0.0000000 0.0000000 0.0000000 0.0071384 0.0197502 0.0373208 0.0044646 0.0000000 0.6281194
 63 F  63 0.0000000 0.0000000 0.0046763 0.0000000 0.1013857 0.0000000 0.0000000 0.0000000 0.0000000 0.0327851 0.0389418 0.0000000 0.0000000 0.7330468 0.0000000 0.0000000 0.0000000 0.0000000 0.0000000 0.0891643
 64 R  64 0.0044784 0.3562339 0.0327055 0.0025831 0.0135448 0.1018603 0.1137512 0.0000000 0.0041445 0.0085013 0.0174150 0.2608510 0.0052851 0.0000000 0.0000000 0.0012828 0.0489503 0.0066809 0.0000000 0.0217319
 65 T  65 0.0936216 0.0000000 0.0000000 0.0000000 0.0000000 0.0097296 0.0000000 0.0165447 0.0000000 0.0631849 0.0060286 0.0000000 0.0000000 0.0000000 0.0063196 0.0078795 0.5285643 0.0000000 0.0000000 0.2681271
 66 P  66 0.0069739 0.0042014 0.0057535 0.0000000 0.0000000 0.0230477 0.0102725 0.0099028 0.0185340 0.0047649 0.0000000 0.0000000 0.0000000 0.0746616 0.8167497 0.0039424 0.0211957 0.0000000 0.0000000 0.0000000
 67 P  67 0.1276100 0.1145537 0.0000000 0.0000000 0.0000000 0.0021866 0.0671831 0.0073810 0.0000000 0.0586322 0.0530650 0.0613286 0.0000000 0.0000000 0.4357017 0.0388424 0.0143033 0.0000000 0.0000000 0.0192125
 68 Y  68 0.0250389 0.0000000 0.0027891 0.0000000 0.0000000 0.0181791 0.0303382 0.0349280 0.0000000 0.0170167 0.0191133 0.0105575 0.0000000 0.0798727 0.0112194 0.0049737 0.0824300 0.0000000 0.6509451 0.0125983
 69 A  69 0.0217013 0.2718927 0.0234903 0.0963517 0.0098457 0.0474313 0.0462015 0.0290041 0.1932063 0.0216061 0.0190546 0.1372726 0.0015951 0.0110888 0.0123860 0.0309209 0.0000000 0.0044612 0.0111565 0.0113335
 70 D  70 0.0193667 0.0451039 0.1676865 0.2986137 0.0427546 0.0094047 0.0469945 0.0194181 0.0240705 0.0192164 0.0330037 0.0127384 0.0064833 0.0000000 0.0683247 0.0748276 0.0817269 0.0000000 0.0112542 0.0190114
 71 P  71 0.0064730 0.0349534 0.0316930 0.0744245 0.0000000 0.2352296 0.0150595 0.0108702 0.0211564 0.0124872 0.1246815 0.1419853 0.0113754 0.0000000 0.1453919 0.0337167 0.0740315 0.0000000 0.0000000 0.0264708
 72 S  72 0.0566621 0.0411467 0.1568880 0.1502828 0.0000000 0.0918057 0.0892832 0.0741590 0.0855100 0.0000000 0.0381126 0.0388594 0.0043804 0.0142100 0.0076424 0.0845715 0.0403254 0.0000000 0.0130615 0.0130994
 73 L  73 0.0232189 0.0235988 0.0045094 0.0152229 0.0000000 0.0026804 0.0071630 0.0313791 0.0000000 0.5968158 0.0836940 0.0086472 0.0000000 0.0000000 0.0174193 0.0200625 0.0690514 0.0000000 0.0000000 0.0965373
 74 Q  74 0.0412819 0.0493723 0.0568308 0.1015812 0.0104238 0.0605891 0.0641197 0.0296259 0.0031344 0.0059214 0.0209980 0.0361721 0.0324205 0.0043343 0.0654808 0.0866344 0.2707621 0.0103099 0.0050174 0.0449900
 75 A  75 0.0446009 0.1148592 0.0465784 0.0340492 0.0030502 0.0872404 0.2577606 0.0268666 0.0399234 0.0078517 0.0358545 0.0619718 0.0052983 0.0267237 0.0204049 0.1002063 0.0634505 0.0000000 0.0067276 0.0165817
 76 P  76 0.0882623 0.0000000 0.0302076 0.0318308 0.0554155 0.0020703 0.0405317 0.0000000 0.0183272 0.0000000 0.0000000 0.0416102 0.0030607 0.0045733 0.4911157 0.0931123 0.0718583 0.0084969 0.0040345 0.0154927
 77 V  77 0.0484955 0.0031567 0.0228606 0.0320110 0.0000000 0.0000000 0.0317619 0.0169646 0.0075013 0.0798487 0.0696188 0.0142156 0.0072865 0.0077128 0.0000000 0.0105998 0.0154976 0.0000000 0.0000000 0.6324686
 78 R  78 0.0124561 0.1740411 0.0363161 0.0452187 0.0072123 0.2090606 0.0690197 0.0830174 0.0046976 0.0078037 0.0043612 0.0789546 0.0163736 0.0000000 0.0311411 0.0566755 0.1526569 0.0000000 0.0064839 0.0045101
 79 V  79 0.0282125 0.0344816 0.0000000 0.0000000 0.0000000 0.0157473 0.0046145 0.0000000 0.0000000 0.0209044 0.1314857 0.0000000 0.0000000 0.0000000 0.0000000 0.0246116 0.0000000 0.0000000 0.0000000 0.7399424
 80 S  80 0.0252828 0.0313217 0.1248892 0.0025688 0.1186924 0.0766417 0.0265986 0.0257615 0.0451344 0.0124229 0.0278519 0.0992145 0.0183302 0.1287142 0.0000000 0.0792878 0.0708587 0.0174669 0.0572001 0.0117616
 81 M  81 0.0047461 0.0000000 0.0000000 0.0043825 0.0000000 0.0000000 0.0000000 0.0215975 0.0000000 0.2149272 0.1774099 0.0000000 0.1090658 0.2704313 0.0000000 0.0000000 0.0000000 0.0000000 0.0000000 0.1974396
 82 Q  82 0.0178965 0.0327840 0.0000000 0.0000000 0.0070547 0.4937126 0.0784235 0.0000000 0.0123316 0.0000000 0.0052495 0.0341279 0.0091105 0.0716755 0.0000000 0.0709790 0.0261494 0.0000000 0.1090569 0.0314484
 83 L  83 0.0092573 0.0025516 0.0247225 0.0000000 0.0045493 0.0058380 0.0084307 0.0067591 0.0000000 0.0302393 0.5850715 0.0000000 0.0062829 0.0436664 0.0000000 0.0041646 0.0099056 0.0153144 0.0049028 0.2383440
 84 R  84 0.0020559 0.2307622 0.0000000 0.0000000 0.0465268 0.1334532 0.0672320 0.0040164 0.0174966 0.0474378 0.0154173 0.0949004 0.0037802 0.0424229 0.0023240 0.0122296 0.1565923 0.0000000 0.0462396 0.0771127
 85 R  85 0.0205697 0.5444487 0.0937083 0.0209386 0.0000000 0.0224230 0.0285639 0.0000000 0.0047249 0.0623856 0.0343121 0.0415057 0.0000000 0.0087586 0.0172990 0.0245782 0.0509362 0.0000000 0.0055845 0.0192630
 86 P  86 0.0219786 0.0415132 0.0022833 0.0000000 0.0000000 0.0070309 0.0518157 0.0032228 0.0029181 0.0827764 0.0925947 0.0596129 0.0044879 0.0027182 0.5177385 0.0047775 0.0543006 0.0000000 0.0055289 0.0447020
 87 S  87 0.0257475 0.0230931 0.0582782 0.0225715 0.0255344 0.0000000 0.0048240 0.0674073 0.0000000 0.0022837 0.2505343 0.0080899 0.0152935 0.0018446 0.0019737 0.3870545 0.0898659 0.0000000 0.0000000 0.0156039
 88 D  88 0.0494953 0.0043004 0.0314417 0.4218232 0.0000000 0.0406824 0.0589825 0.0684962 0.0071226 0.0000000 0.0342201 0.0879874 0.0000000 0.0000000 0.1081347 0.0592704 0.0189259 0.0000000 0.0056260 0.0034914
 89 R  89 0.0229696 0.1030449 0.0220246 0.0351765 0.0043081 0.1184195 0.0150115 0.2149404 0.0086135 0.0000000 0.0168704 0.0308164 0.0014051 0.0072089 0.3700140 0.0138085 0.0139484 0.0000000 0.0014199 0.0000000
 90 E  90 0.1018581 0.0451566 0.0000000 0.0332501 0.0097435 0.0067731 0.1289596 0.0141327 0.0035408 0.0637814 0.0022581 0.0988859 0.0219772 0.0000000 0.0000000 0.0513183 0.0196461 0.0000000 0.0080314 0.3906872
 91 L  91 0.1090056 0.0884453 0.0000000 0.0114816 0.0819506 0.0106948 0.0152099 0.0000000 0.0012723 0.0224874 0.0902812 0.0256204 0.0036552 0.0390807 0.0000000 0.0314983 0.1228862 0.0060504 0.0924018 0.2479784
 92 S  92 0.0000000 0.0019526 0.0018246 0.0000000 0.0032770 0.0000000 0.0000000 0.0031197 0.0130238 0.0000000 0.0000000 0.0000000 0.0000000 0.0000000 0.0050566 0.9453725 0.0227045 0.0000000 0.0000000 0.0036686
 93 E  93 0.0140522 0.0241281 0.1819313 0.1639933 0.0000000 0.1129504 0.2719796 0.0011056 0.0397241 0.0155259 0.0279484 0.0268664 0.0052621 0.0080411 0.0069068 0.0480576 0.0253630 0.0000000 0.0020015 0.0241627
 94 P  94 0.0748579 0.0040379 0.0043083 0.0018204 0.0053375 0.0106959 0.0012242 0.0045201 0.0043601 0.0221904 0.0147964 0.0134203 0.0000000 0.0017061 0.6419089 0.0959767 0.0488045 0.0029493 0.0147860 0.0322991
 95 M  95 0.0000000 0.0109142 0.0116621 0.0000000 0.0031864 0.0666162 0.0033309 0.0000000 0.0433863 0.4938847 0.0964810 0.0587656 0.0708402 0.0416714 0.0000000 0.0000000 0.0000000 0.0000000 0.0000000 0.0992610
 96 E  96 0.0332140 0.0241191 0.0661097 0.0650715 0.0080909 0.0419470 0.1352577 0.0160299 0.0625495 0.0293767 0.0268284 0.0155201 0.0000000 0.0508083 0.1722372 0.0172931 0.0425678 0.0000000 0.1659501 0.0270291
 97 F  97 0.0000000 0.0000000 0.1013946 0.2099842 0.1844614 0.0000000 0.0000000 0.0000000 0.0000000 0.0087482 0.0019409 0.0000000 0.0000000 0.4685017 0.0000000 0.0037429 0.0036465 0.0016057 0.0159740 0.0000000
 98 Q  98 0.0164413 0.0921794 0.0634606 0.0000000 0.0000000 0.0546633 0.0615525 0.0034404 0.0031133 0.0136876 0.0643255 0.1390152 0.0241512 0.0000000 0.0000000 0.1405973 0.2991815 0.0000000 0.0092738 0.0149173
 99 Y  99 0.0000000 0.0444076 0.0000000 0.0000000 0.0037244 0.1817712 0.0057683 0.0064762 0.0000000 0.0044291 0.0214991 0.2686666 0.0116734 0.0237221 0.0000000 0.0054016 0.0000000 0.0000000 0.4224604 0.0000000
100 L 100 0.1612665 0.1084254 0.0119630 0.0034694 0.0046266 0.0161664 0.0079396 0.0000000 0.0244475 0.0664727 0.1703409 0.0504035 0.0155098 0.0069011 0.0450368 0.1303431 0.0893160 0.0000000 0.0416741 0.0456977
101 P 101 0.1433592 0.0000000 0.0050513 0.0000000 0.0000000 0.0000000 0.0000000 0.0197737 0.0000000 0.0030517 0.0112429 0.0327344 0.0000000 0.0000000 0.6268259 0.1263126 0.0316483 0.0000000 0.0000000 0.0000000
102 D 102 0.1800706 0.0610036 0.1442870 0.1296778 0.0054043 0.0495944 0.0391430 0.0313846 0.0072488 0.0020242 0.1032659 0.0620436 0.0041844 0.0000000 0.0554875 0.0383334 0.0491405 0.0000000 0.0207759 0.0169303
103 A 103 0.0965251 0.0023587 0.0503815 0.1005128 0.0000000 0.0986997 0.0867898 0.0434850 0.0313655 0.0259420 0.0122459 0.0019097 0.0707593 0.0230416 0.0324279 0.0685409 0.2315876 0.0000000 0.0039813 0.0194457
104 S 104 0.1156059 0.0168704 0.0407205 0.0422286 0.0078684 0.0180699 0.1351364 0.2154277 0.0282380 0.0030564 0.0017360 0.0603130 0.0000000 0.0052911 0.0690982 0.1873828 0.0454163 0.0000000 0.0019844 0.0055561
105 N 105 0.0202570 0.0000000 0.0757407 0.3855321 0.0000000 0.0221405 0.2056544 0.0098911 0.0169690 0.0238476 0.1167002 0.0196818 0.0112041 0.0000000 0.0027320 0.0154383 0.0131028 0.0000000 0.0062600 0.0548485
106 L 106 0.0276530 0.0057006 0.0069146 0.0036646 0.0000000 0.0000000 0.0035447 0.0158989 0.0000000 0.0033076 0.4418189 0.0187747 0.0000000 0.0000000 0.4003280 0.0433747 0.0117310 0.0000000 0.0066340 0.0106546
107 K 107 0.0549365 0.0979428 0.0221814 0.0064263 0.0000000 0.0541499 0.1413168 0.0096779 0.0101458 0.0201830 0.0580304 0.1953121 0.0331831 0.0159342 0.0066524 0.0284142 0.0392396 0.0048532 0.0871559 0.1142645
108 I 108 0.0035511 0.0240895 0.0081538 0.0000000 0.0122616 0.0042147 0.0181446 0.0416296 0.0168460 0.6501021 0.0193160 0.0045854 0.0135940 0.0131868 0.0000000 0.0068201 0.0046167 0.0000000 0.0019943 0.1568938
109 V 109 0.0275058 0.0093894 0.0227292 0.0207407 0.3049500 0.0033736 0.1123320 0.0158465 0.0115715 0.0208809 0.1078379 0.0393139 0.0281519 0.0063874 0.0025865 0.0637506 0.0694474 0.0069187 0.0069097 0.1193763
110 R 110 0.0285534 0.4383576 0.0286370 0.0219578 0.0008765 0.0083196 0.0249430 0.0266321 0.0148195 0.0000000 0.0000000 0.2998560 0.0000000 0.0000000 0.0075617 0.0658980 0.0067247 0.0109082 0.0087583 0.0071967
111 M 111 0.0245274 0.0712033 0.0039999 0.0000000 0.0044726 0.0882085 0.0128635 0.0031520 0.0000000 0.1302316 0.1844357 0.1851462 0.0921812 0.0123485 0.0000000 0.0208526 0.0069831 0.0016243 0.0314884 0.1262809
112 D 112 0.0000000 0.0154759 0.1130883 0.1483838 0.0309898 0.0106814 0.0202851 0.0000000 0.0000000 0.0000000 0.0000000 0.1682748 0.0000000 0.0000000 0.0079018 0.4345196 0.0455864 0.0000000 0.0000000 0.0048132
113 R 113 0.0304515 0.2633459 0.0099454 0.0327133 0.0034907 0.0094952 0.0073378 0.0035960 0.0884456 0.0416839 0.1404280 0.1790924 0.0192900 0.0000000 0.0807533 0.0381110 0.0417860 0.0000000 0.0000000 0.0100339
114 T 114 0.0343913 0.0283668 0.1457508 0.0681576 0.1161148 0.0311821 0.0373924 0.0045772 0.0508769 0.0211351 0.0120659 0.1082497 0.0042697 0.0040727 0.0292385 0.0945588 0.1362077 0.0000000 0.0294077 0.0439842
115 A 115 0.1005491 0.0765621 0.0257597 0.0019540 0.0347137 0.0247402 0.0168621 0.0099621 0.0142220 0.0050239 0.0075139 0.0696902 0.0018386 0.0016990 0.0026864 0.4036149 0.1421784 0.0020863 0.0329186 0.0254251
116 G 116 0.1270876 0.0041030 0.0105592 0.0071370 0.2078308 0.0033700 0.0029471 0.4358039 0.0000000 0.0046936 0.0047402 0.0146770 0.0060817 0.0126831 0.0124729 0.1080103 0.0130967 0.0000000 0.0182389 0.0064670
117 C 117 0.0050083 0.0206486 0.0527248 0.0050574 0.0492464 0.0000000 0.0131302 0.0134201 0.0000000 0.0036304 0.0402975 0.0205789 0.0370123 0.0044671 0.2605832 0.4062003 0.0585229 0.0000000 0.0052002 0.0042715
118 V 118 0.1329418 0.0048710 0.0000000 0.0000000 0.1384830 0.0000000 0.0028798 0.0030094 0.0086951 0.0197814 0.0200695 0.0344106 0.0030353 0.0000000 0.1100190 0.0192714 0.0343733 0.0000000 0.0000000 0.4681593
119 T 119 0.1206193 0.0658320 0.0573087 0.0775126 0.0037395 0.0034543 0.0839486 0.0067110 0.0074851 0.0190106 0.0752901 0.0929224 0.0366008 0.0126022 0.0033916 0.1260341 0.1560030 0.0000000 0.0318860 0.0196483
120 G 120 0.0051874 0.0000000 0.0118122 0.0042187 0.0000000 0.0000000 0.0082560 0.8863797 0.0000000 0.0000000 0.0150534 0.0324272 0.0000000 0.0025502 0.0000000 0.0036880 0.0000000 0.0000000 0.0000000 0.0304272
121 G 121 0.0102737 0.0055431 0.0734480 0.0110858 0.0000000 0.0043675 0.0197045 0.7561252 0.0028215 0.0000000 0.0306503 0.0484779 0.0000000 0.0045016 0.0000000 0.0234525 0.0095483 0.0000000 0.0000000 0.0000000
122 E 122 0.0132332 0.0120683 0.0161513 0.2435237 0.0000000 0.0758334 0.2861440 0.0209192 0.0140524 0.0000000 0.0714481 0.0904688 0.0249532 0.0000000 0.0000000 0.0156089 0.1017180 0.0000000 0.0000000 0.0138773
123 E 123 0.0000000 0.0071637 0.0027205 0.0381262 0.0000000 0.0841602 0.6624464 0.0000000 0.0103901 0.0000000 0.0000000 0.1014118 0.0082374 0.0000000 0.0203604 0.0271582 0.0330612 0.0000000 0.0000000 0.0047639
124 I 124 0.0000000 0.0000000 0.0000000 0.0000000 0.0000000 0.0000000 0.0000000 0.0000000 0.0000000 0.2555884 0.2582205 0.0000000 0.1766043 0.0031708 0.0098112 0.0000000 0.0346035 0.0000000 0.0000000 0.2620013
125 Y 125 0.0000000 0.0039394 0.0098386 0.0000000 0.0265358 0.0000000 0.0000000 0.0087994 0.0163369 0.2771744 0.0321195 0.0081693 0.0083758 0.3264194 0.0056871 0.0000000 0.0769216 0.0347209 0.1020552 0.0629066
126 L 126 0.0000000 0.0000000 0.0000000 0.0000000 0.0000000 0.0000000 0.0000000 0.0000000 0.0000000 0.2541570 0.6081628 0.0048437 0.0585396 0.0000000 0.0000000 0.0000000 0.0056467 0.0000000 0.0000000 0.0686501
127 L 127 0.0000000 0.0058118 0.0073291 0.0085835 0.0036371 0.0000000 0.0282084 0.0058375 0.0000000 0.1179496 0.5889560 0.0000000 0.0000000 0.0424445 0.0070707 0.0520782 0.1163530 0.0000000 0.0000000 0.0157405
128 C 128 0.0101181 0.0000000 0.0000000 0.0000000 0.3918258 0.0000000 0.0000000 0.3695921 0.0000000 0.0096206 0.0130510 0.0000000 0.0121351 0.0426712 0.0000000 0.0000000 0.0229324 0.0000000 0.0000000 0.1280537
129 D 129 0.0209620 0.0063892 0.0000000 0.2722521 0.0000000 0.1019293 0.2985421 0.0000000 0.0448238 0.0000000 0.0069073 0.1765229 0.0000000 0.0000000 0.0087420 0.0450053 0.0109149 0.0000000 0.0070092 0.0000000
130 K 130 0.0120868 0.0155255 0.3379550 0.0264074 0.0000000 0.0129990 0.0000000 0.0000000 0.0206444 0.0000000 0.0000000 0.5496552 0.0000000 0.0000000 0.0030290 0.0100778 0.0116200 0.0000000 0.0000000 0.0000000
131 V 131 0.0220360 0.0000000 0.0000000 0.0000000 0.0000000 0.0129911 0.0000000 0.0000000 0.0000000 0.0533591 0.0606177 0.0000000 0.0000000 0.3539222 0.0000000 0.0000000 0.0087306 0.0000000 0.0178484 0.4704949
132 Q 132 0.0871649 0.0253114 0.0863955 0.0213890 0.0307847 0.2187220 0.0129106 0.0339754 0.0114683 0.0079353 0.2085422 0.0000000 0.0044465 0.0063993 0.0245990 0.0762932 0.1059770 0.0174512 0.0000000 0.0202345
133 K 133 0.0387817 0.0814449 0.0000000 0.0000000 0.0000000 0.0757788 0.0070497 0.0204065 0.0038484 0.0000000 0.0000000 0.6367790 0.0030691 0.0000000 0.0937521 0.0319539 0.0000000 0.0000000 0.0000000 0.0071358
134 D 134 0.0105566 0.0086036 0.0691198 0.4099539 0.0000000 0.0473910 0.2553947 0.0258188 0.0000000 0.0000000 0.0000000 0.1121619 0.0000000 0.0000000 0.0000000 0.0258858 0.0296736 0.0000000 0.0000000 0.0054405
135 D 135 0.0036507 0.0133985 0.1584820 0.4349810 0.0214618 0.0144097 0.0273096 0.1192330 0.0153936 0.0000000 0.0000000 0.0000000 0.0000000 0.0000000 0.0000000 0.1694146 0.0116698 0.0000000 0.0000000 0.0105957
136 I 136 0.0232231 0.0059392 0.0000000 0.0000000 0.0000000 0.0126843 0.0000000 0.0000000 0.0163610 0.6486147 0.0472283 0.0132761 0.0000000 0.0107867 0.0000000 0.0000000 0.1672334 0.0000000 0.0000000 0.0546532
137 Q 137 0.0500060 0.0987688 0.0000000 0.0025862 0.0000000 0.1333531 0.1912472 0.0136075 0.0316914 0.0000000 0.0235835 0.3337698 0.0103262 0.0000000 0.0000000 0.0643030 0.0130838 0.0000000 0.0000000 0.0336736
138 I 138 0.0000000 0.0000000 0.0137652 0.0000000 0.0213267 0.0000000 0.0000000 0.0074576 0.0000000 0.2023238 0.0000000 0.0000000 0.0000000 0.0000000 0.0000000 0.0000000 0.0043282 0.0000000 0.0000000 0.7507985
139 R 139 0.0048613 0.4160143 0.0000000 0.0248482 0.0155540 0.0119035 0.0000000 0.0042108 0.0090996 0.1542925 0.0174665 0.0829931 0.0000000 0.0249984 0.0000000 0.0115995 0.0000000 0.0041984 0.0327282 0.1852314
140 F 140 0.0000000 0.0000000 0.0070731 0.0000000 0.0000000 0.0170950 0.0000000 0.0000000 0.0512900 0.0050160 0.0194770 0.0097415 0.0097172 0.8750943 0.0000000 0.0018458 0.0036501 0.0000000 0.0000000 0.0000000
141 Y 141 0.0023947 0.0587751 0.0000000 0.0000000 0.0043764 0.1479973 0.0082081 0.0399647 0.0028338 0.0290682 0.0434632 0.0000000 0.0357552 0.2577943 0.0082113 0.0520558 0.0370188 0.0102100 0.1837901 0.0780829
142 E 142 0.0267125 0.0326448 0.0000000 0.0446025 0.0000000 0.0554067 0.6178219 0.0200466 0.0335873 0.0314785 0.0699807 0.0230932 0.0022207 0.0000000 0.0303500 0.0061384 0.0059159 0.0000000 0.0000000 0.0000000
143 E 143 0.0000000 0.0622673 0.0792256 0.1210257 0.0000000 0.0362278 0.3104696 0.0023527 0.0094252 0.0372869 0.0623002 0.1772295 0.0056412 0.0000000 0.0103383 0.0094449 0.0563019 0.0000000 0.0000000 0.0204632
144 E 144 0.1099740 0.0332953 0.1011283 0.2014764 0.0163231 0.0305089 0.1334812 0.1096503 0.0038712 0.0126264 0.0096996 0.0806626 0.0136797 0.0000000 0.0034629 0.0498814 0.0663443 0.0000000 0.0073032 0.0166312
145 E 145 0.0464386 0.0036936 0.0896957 0.1588922 0.0000000 0.0875335 0.1678766 0.0452599 0.0232985 0.0000000 0.0074734 0.0609040 0.0000000 0.0083518 0.1774417 0.0613759 0.0582273 0.0000000 0.0035372 0.0000000
146 N 146 0.0139423 0.0438295 0.1372286 0.4174879 0.0053024 0.0021829 0.0460955 0.1356272 0.0067613 0.0000000 0.0089745 0.0170632 0.0172648 0.0000000 0.0000000 0.0902365 0.0490006 0.0000000 0.0054872 0.0035156
147 G 147 0.0413874 0.0386998 0.0385612 0.0181326 0.0045658 0.0881057 0.0417410 0.4844301 0.0137979 0.0188303 0.0486702 0.0566958 0.0455741 0.0000000 0.0000000 0.0179100 0.0257681 0.0000000 0.0034616 0.0136684
148 G 148 0.0525137 0.0733473 0.0470310 0.0055614 0.0145146 0.0578854 0.1563532 0.0484752 0.0668613 0.0530478 0.0226129 0.0969552 0.0224351 0.0000000 0.0425165 0.0776322 0.0560802 0.0000000 0.0036584 0.1025187
149 V 149 0.0188156 0.0000000 0.0018644 0.0000000 0.0195523 0.0000000 0.0194555 0.0435858 0.0075547 0.1982476 0.1041727 0.0142727 0.0050523 0.0136708 0.0936598 0.1221552 0.1010693 0.0000000 0.0020294 0.2348419
150 W 150 0.0074823 0.0000000 0.0000000 0.0000000 0.0039710 0.0000000 0.0000000 0.0082472 0.0000000 0.0000000 0.0119592 0.0093948 0.0000000 0.0000000 0.0193945 0.0000000 0.0000000 0.9015632 0.0283184 0.0096694
151 E 151 0.0000000 0.0000000 0.0137253 0.0030749 0.0088304 0.0724901 0.7360091 0.0000000 0.0033881 0.0162582 0.0000000 0.0553667 0.0066107 0.0075948 0.0000000 0.0427306 0.0242170 0.0000000 0.0000000 0.0097041
152 G 152 0.3456959 0.0221341 0.0052494 0.0852869 0.0243336 0.0422872 0.0922863 0.1167267 0.0049196 0.0126013 0.0125480 0.0096007 0.0569925 0.0000000 0.0072537 0.0629305 0.0618144 0.0000000 0.0051441 0.0321950
153 F 153 0.0359224 0.0816330 0.0428528 0.0039359 0.0000000 0.0167880 0.2009977 0.0205917 0.0039584 0.0214488 0.0599993 0.0822661 0.0299870 0.1666160 0.0000000 0.0494634 0.0265380 0.0142015 0.1339169 0.0088831
154 G 154 0.3861004 0.0045722 0.0188651 0.0000000 0.0102220 0.0000000 0.0000000 0.3989640 0.0000000 0.0354026 0.0057943 0.0315443 0.0000000 0.0078410 0.0097729 0.0000000 0.0000000 0.0000000 0.0000000 0.0909211
155 D 155 0.0187147 0.0714938 0.0278336 0.2034645 0.0000000 0.0359175 0.1576523 0.0000000 0.0165317 0.0489524 0.0447891 0.1634757 0.0053935 0.0000000 0.0000000 0.0907518 0.0745719 0.0000000 0.0000000 0.0404575
156 F 156 0.0285024 0.0000000 0.0000000 0.0000000 0.0089438 0.0000000 0.0038534 0.0110634 0.0000000 0.1224385 0.0222402 0.0080032 0.0021993 0.4864000 0.0864721 0.0000000 0.0655420 0.0000000 0.0000000 0.1543417
157 S 157 0.0224873 0.0575462 0.0533644 0.2250738 0.0000000 0.0756464 0.0314093 0.0331950 0.0128155 0.0391816 0.0289757 0.0398145 0.0333769 0.0000000 0.0000000 0.2593890 0.0417820 0.0000000 0.0060618 0.0398806
158 P 158 0.0193800 0.0957570 0.0000000 0.0228752 0.0000000 0.1507833 0.1435802 0.0063928 0.0388994 0.0000000 0.0039073 0.2312027 0.0000000 0.0045036 0.2423797 0.0288918 0.0049019 0.0000000 0.0000000 0.0065451
159 T 159 0.1888998 0.0142567 0.0418145 0.0441363 0.0033240 0.0000000 0.1436795 0.0148653 0.0043313 0.0030208 0.0767450 0.0467019 0.0421497 0.0066331 0.0172921 0.1574341 0.1594315 0.0000000 0.0087262 0.0265581
160 D 160 0.0000000 0.0053943 0.0544758 0.5154834 0.0000000 0.0247417 0.0361063 0.0044211 0.0480132 0.0061480 0.0105800 0.1123478 0.0051802 0.0367791 0.0000000 0.0522495 0.0218484 0.0000000 0.0662312 0.0000000
161 V 161 0.0074677 0.0067881 0.0057048 0.0000000 0.0397140 0.0000000 0.0000000 0.0040883 0.0000000 0.0425573 0.1751358 0.0064375 0.0036558 0.0064312 0.0504783 0.0647637 0.0402596 0.0000000 0.0093687 0.5371491
162 H 162 0.0000000 0.0074845 0.0000000 0.0000000 0.0276885 0.0341500 0.0000000 0.0000000 0.6718492 0.0036741 0.0000000 0.0000000 0.0248061 0.1504863 0.0000000 0.0544757 0.0071300 0.0000000 0.0182556 0.0000000
163 R 163 0.0094464 0.2458290 0.0467507 0.0000000 0.0000000 0.0585499 0.0000000 0.0325882 0.2336298 0.0000000 0.0000000 0.2228587 0.0048261 0.0101279 0.0150703 0.1063323 0.0051937 0.0000000 0.0016892 0.0071079
164 Q 164 0.0323894 0.0000000 0.0309505 0.0000000 0.0000000 0.7354153 0.0344494 0.0000000 0.0210859 0.0000000 0.0000000 0.0146801 0.0000000 0.0000000 0.0771842 0.0275384 0.0037055 0.0000000 0.0000000 0.0226013
165 F 165 0.0426139 0.0000000 0.1629076 0.0077687 0.0096573 0.0000000 0.0023044 0.0417109 0.0126061 0.0432963 0.0000000 0.0000000 0.0131605 0.0525498 0.0490511 0.0144542 0.1441475 0.0000000 0.2113298 0.1924420
166 A 166 0.5813639 0.0218589 0.0231512 0.0000000 0.0000000 0.0000000 0.0000000 0.0050892 0.1626215 0.0000000 0.0280287 0.0000000 0.0000000 0.0141087 0.0044286 0.0850965 0.0675984 0.0000000 0.0000000 0.0066543
167 I 167 0.0000000 0.0279598 0.0000000 0.0000000 0.0000000 0.0000000 0.0000000 0.0229022 0.0000000 0.5921401 0.2203592 0.0000000 0.0509608 0.0032708 0.0128338 0.0000000 0.0000000 0.0000000 0.0000000 0.0695733
168 V 168 0.0800545 0.0367470 0.0000000 0.0000000 0.0335080 0.0000000 0.0000000 0.0000000 0.0000000 0.1273418 0.1092143 0.0000000 0.0000000 0.0061867 0.0044757 0.0297805 0.0535024 0.0048400 0.0129179 0.5014313
169 F 169 0.0197197 0.0000000 0.0000000 0.0000000 0.1656703 0.0000000 0.0000000 0.0129179 0.0000000 0.0487131 0.0651072 0.0000000 0.0000000 0.5050721 0.0118851 0.0000000 0.0081962 0.0000000 0.0138929 0.1488255
170 K 170 0.0433392 0.2373719 0.0040637 0.0026115 0.0185580 0.0476403 0.1622412 0.0000000 0.0054138 0.0197214 0.0000000 0.2997411 0.0086516 0.0000000 0.0000000 0.0213843 0.0858759 0.0076153 0.0000000 0.0357707
171 T 171 0.0242701 0.0000000 0.0000000 0.0000000 0.0000000 0.0000000 0.0000000 0.0000000 0.0000000 0.1086296 0.0102051 0.0000000 0.0081877 0.0000000 0.0091233 0.0298293 0.5755195 0.0000000 0.0129046 0.2213308
172 P 172 0.0000000 0.0000000 0.0000000 0.0000000 0.0000000 0.0000000 0.0000000 0.0000000 0.0000000 0.0000000 0.0000000 0.0000000 0.0000000 0.0000000 0.9914049 0.0085951 0.0000000 0.0000000 0.0000000 0.0000000
173 K 173 0.1305477 0.1202009 0.0000000 0.0000000 0.0000000 0.0030652 0.0657421 0.0000000 0.0000000 0.0000000 0.0000000 0.0520534 0.0000000 0.0000000 0.5252501 0.0638067 0.0257975 0.0000000 0.0000000 0.0135364
174 Y 174 0.0000000 0.0300119 0.0000000 0.0000000 0.0000000 0.0000000 0.0000000 0.0000000 0.0320220 0.0000000 0.0000000 0.0000000 0.0000000 0.1040372 0.0000000 0.0000000 0.0000000 0.0000000 0.8339289 0.0000000
175 K 175 0.0160857 0.2992196 0.0118388 0.0268079 0.0352908 0.0190065 0.0282822 0.0000000 0.1764294 0.0121335 0.0311519 0.1903437 0.0041580 0.0158027 0.0196378 0.0670466 0.0000000 0.0058837 0.0237132 0.0171680
176 D 176 0.0057495 0.0511278 0.2757653 0.3780221 0.0113595 0.0000000 0.0231109 0.0052729 0.0430769 0.0115545 0.0033690 0.0150090 0.0138332 0.0000000 0.0000000 0.0620680 0.0872916 0.0000000 0.0081407 0.0052491
177 V 177 0.0379953 0.0323245 0.0000000 0.0000000 0.0000000 0.2644164 0.0208925 0.0267798 0.0083959 0.0181299 0.1248026 0.1615272 0.0093247 0.0000000 0.1291298 0.0109101 0.1060420 0.0000000 0.0000000 0.0493291
178 N 178 0.0518800 0.0815305 0.2066207 0.1879042 0.0000000 0.0567179 0.1172524 0.0000000 0.0526505 0.0000000 0.0091871 0.0275994 0.0089502 0.0089515 0.0046789 0.1204051 0.0485983 0.0000000 0.0094054 0.0076679
179 I 179 0.0212661 0.0043878 0.0000000 0.0000000 0.0000000 0.0000000 0.0058456 0.0000000 0.0000000 0.6506915 0.1117517 0.0000000 0.0000000 0.0000000 0.0000000 0.0000000 0.0156368 0.0138574 0.0000000 0.1765630
180 T 180 0.0583912 0.0550781 0.0138280 0.0806545 0.0110976 0.0599461 0.0909552 0.0067229 0.0000000 0.0070981 0.0243514 0.0266538 0.0310506 0.0000000 0.0340745 0.1473301 0.3167340 0.0000000 0.0064190 0.0296149
181 K 181 0.0591207 0.1023621 0.0099435 0.0269306 0.0000000 0.0733895 0.1924604 0.0056045 0.0847330 0.0000000 0.0108843 0.1313505 0.0019656 0.0037597 0.0215966 0.1623359 0.0579863 0.0000000 0.0078835 0.0476932
182 P 182 0.0721259 0.0032467 0.0095107 0.0427407 0.0022329 0.0000000 0.0557233 0.0122529 0.0128697 0.0000000 0.0000000 0.0058315 0.0000000 0.0000000 0.6826284 0.0785488 0.0204551 0.0000000 0.0000000 0.0018334
183 A 183 0.1072256 0.0067161 0.0000000 0.0000000 0.0000000 0.0000000 0.0447343 0.0088850 0.0000000 0.0569859 0.0101707 0.0235764 0.0095704 0.0000000 0.0000000 0.0034361 0.0143772 0.0000000 0.0000000 0.7143223
184 S 184 0.0124632 0.0707964 0.0579676 0.0263434 0.0097302 0.1839555 0.1021423 0.0088187 0.0181329 0.0089211 0.0000000 0.1312095 0.0185913 0.0000000 0.0610005 0.1058244 0.1685844 0.0000000 0.0076563 0.0078624
185 V 185 0.0043019 0.0000000 0.0000000 0.0000000 0.0000000 0.0000000 0.0000000 0.0132317 0.0000000 0.0091336 0.0000000 0.0000000 0.0042967 0.0000000 0.0000000 0.0000000 0.0053304 0.0000000 0.0000000 0.9637057
186 F 186 0.0000000 0.0335311 0.1616125 0.0337777 0.0115035 0.1418462 0.0232256 0.0341598 0.0489338 0.0000000 0.0412955 0.0799974 0.0103813 0.1587899 0.0000000 0.1030619 0.0028268 0.0131003 0.0980044 0.0039523
187 V 187 0.0133104 0.0000000 0.0000000 0.0000000 0.0000000 0.0000000 0.0000000 0.0000000 0.0000000 0.2865652 0.1329188 0.0000000 0.1300553 0.1960936 0.0000000 0.0000000 0.0000000 0.0000000 0.0000000 0.2410566
188 Q 188 0.0086591 0.0205151 0.0000000 0.0000000 0.0098407 0.4160770 0.1102269 0.0000000 0.0101475 0.0273771 0.0084727 0.0599291 0.0052926 0.0627004 0.0000000 0.0442970 0.0000000 0.0000000 0.2045494 0.0119153
189 L 189 0.0000000 0.0000000 0.0000000 0.0000000 0.0000000 0.0000000 0.0000000 0.0000000 0.0000000 0.0586730 0.6216664 0.0000000 0.0000000 0.0000000 0.0131624 0.0000000 0.0096442 0.0000000 0.0000000 0.2968539
