  208         A         R         N         D         C         Q         E         G         H         I         L         K         M         F         P         S         T         W         Y         V         X    
  1 N   1 0.0000000 0.0000000 0.0888876 0.0000000 0.0000000 0.0000000 0.0000000 0.0133503 0.0018933 0.0000000 0.0000000 0.0261953 0.0000000 0.0000000 0.0000000 0.0144820 0.0000000 0.0000000 0.0000000 0.0000000 0.8551915
  2 T   2 0.0642426 0.0000000 0.0074112 0.0030864 0.0000000 0.0000000 0.0000000 0.0000000 0.0000000 0.0000000 0.0000000 0.0000000 0.0000000 0.0000000 0.0000000 0.0375910 0.1337192 0.0000000 0.0000000 0.0018459 0.7521037
  3 A   3 0.0656995 0.0000000 0.0277739 0.0000000 0.0000000 0.0000000 0.0000000 0.0841107 0.0000000 0.0000000 0.0000000 0.0013298 0.0000000 0.0000000 0.0053117 0.1356600 0.0159863 0.0000000 0.0021764 0.0000000 0.6619519
  4 E   4 0.0032002 0.0000000 0.0373482 0.1018863 0.0000000 0.0172431 0.1548076 0.0000000 0.0138870 0.0026494 0.0031759 0.0165676 0.0022008 0.0000000 0.0000000 0.0019434 0.0058514 0.0000000 0.0030542 0.0141741 0.6220109
  5 L   5 0.0000000 0.0000000 0.0000000 0.0000000 0.0000000 0.0000000 0.0000000 0.0000000 0.0000000 0.0000000 0.2978459 0.0000000 0.0000000 0.0000000 0.1220553 0.0000000 0.0000000 0.0000000 0.0037975 0.0000000 0.5763013
  6 K   6 0.0080043 0.0630472 0.0052777 0.0033537 0.0000000 0.0207320 0.0743891 0.0000000 0.0000000 0.0095258 0.0118366 0.1159187 0.0149004 0.0000000 0.0000000 0.0068785 0.0221419 0.0000000 0.0056858 0.0620069 0.5763013
  7 I   7 0.0000000 0.0000000 0.0000000 0.0000000 0.0000000 0.0000000 0.0000000 0.0000000 0.0000000 0.4124241 0.0051254 0.0000000 0.0000000 0.0000000 0.0000000 0.0000000 0.0000000 0.0000000 0.0000000 0.0149716 0.5674789
  8 C   8 0.0022235 0.0000000 0.0106180 0.0051295 0.2113747 0.0000000 0.0134968 0.0000000 0.0056858 0.0021764 0.0460812 0.0000000 0.0218056 0.0059952 0.0000000 0.0242556 0.0321937 0.0052278 0.0125555 0.0337018 0.5674789
  9 R   9 0.0000000 0.2561553 0.0000000 0.0158437 0.0000000 0.0000000 0.0057858 0.0000000 0.0057582 0.0000000 0.0000000 0.1519114 0.0000000 0.0000000 0.0024831 0.0185464 0.0000000 0.0085802 0.0063374 0.0000000 0.5285985
 10 V  10 0.0095076 0.0033524 0.0000000 0.0000000 0.0000000 0.0334309 0.0000000 0.0024831 0.0000000 0.0603408 0.1147208 0.0583351 0.0655434 0.0000000 0.0000000 0.0122353 0.0052278 0.0000000 0.0128541 0.0933702 0.5285985
 11 N  11 0.0000000 0.0000000 0.0895419 0.0991145 0.0326186 0.0000000 0.0000000 0.0000000 0.0000000 0.0000000 0.0000000 0.0000000 0.0000000 0.0000000 0.0000000 0.2422213 0.0104053 0.0000000 0.0000000 0.0000000 0.5260985
 12 R  12 0.0123592 0.0673432 0.0056858 0.0168610 0.0015920 0.0028763 0.0000000 0.0000000 0.0601331 0.0283828 0.0793709 0.1076249 0.0095155 0.0000000 0.0333830 0.0317056 0.0130307 0.0000000 0.0000000 0.0045477 0.5255884
 13 N  13 0.0146179 0.0063696 0.0859110 0.0377009 0.0841611 0.0029415 0.0191331 0.0000000 0.0242271 0.0033725 0.0113144 0.0000000 0.0000000 0.0033524 0.0088474 0.0555492 0.0680922 0.0000000 0.0217767 0.0270445 0.5255884
 14 S  14 0.0471073 0.0202913 0.0074568 0.0019434 0.0352275 0.0050124 0.0191978 0.0032002 0.0057756 0.0000000 0.0000000 0.0165536 0.0000000 0.0014150 0.0000000 0.2456504 0.0389971 0.0000000 0.0094582 0.0171250 0.5255884
 15 G  15 0.0752081 0.0000000 0.0000000 0.0028763 0.1080038 0.0000000 0.0000000 0.2463316 0.0000000 0.0000000 0.0000000 0.0000000 0.0000000 0.0016609 0.0000000 0.0319207 0.0000000 0.0000000 0.0050578 0.0033524 0.5255884
 16 S  16 0.0153220 0.0105419 0.0052558 0.0000000 0.0282915 0.0000000 0.0000000 0.0097900 0.0000000 0.0019447 0.0132060 0.0158903 0.0000000 0.0028763 0.1183073 0.2133824 0.0326326 0.0000000 0.0041255 0.0028452 0.5255884
 17 C  17 0.0696725 0.0000000 0.0000000 0.0000000 0.0855630 0.0000000 0.0000000 0.0000000 0.0000000 0.0359958 0.0050782 0.0000000 0.0050639 0.0000000 0.0189836 0.0026415 0.0032157 0.0000000 0.0000000 0.2481973 0.5255884
 18 L  18 0.0353773 0.0555947 0.0367542 0.0316237 0.0017443 0.0024831 0.0404483 0.0029415 0.0000000 0.0020839 0.0447278 0.0475502 0.0112620 0.0009905 0.0000000 0.0560715 0.0863980 0.0000000 0.0138384 0.0045224 0.5255884
 19 G  19 0.0000000 0.0000000 0.0000000 0.0000000 0.0000000 0.0000000 0.0000000 0.4744116 0.0000000 0.0000000 0.0000000 0.0000000 0.0000000 0.0000000 0.0000000 0.0000000 0.0000000 0.0000000 0.0000000 0.0000000 0.5255884
 20 G  20 0.0028594 0.0017379 0.0362745 0.0075104 0.0000000 0.0029765 0.0126444 0.3892721 0.0026415 0.0000000 0.0000000 0.0120737 0.0000000 0.0000000 0.0000000 0.0064212 0.0000000 0.0000000 0.0000000 0.0000000 0.5255884
 21 D  21 0.0061299 0.0034559 0.0061934 0.1200443 0.0000000 0.0176364 0.1206794 0.0051254 0.0106673 0.0000000 0.0351453 0.0465200 0.0116132 0.0000000 0.0000000 0.0031144 0.0813619 0.0000000 0.0000000 0.0067247 0.5255884
 22 E  22 0.0000000 0.0026001 0.0015646 0.0276273 0.0000000 0.0575541 0.3396508 0.0000000 0.0024019 0.0052018 0.0000000 0.0178393 0.0022527 0.0000000 0.0000000 0.0000000 0.0039614 0.0000000 0.0104053 0.0033524 0.5255884
 23 I  23 0.0000000 0.0000000 0.0000000 0.0000000 0.0000000 0.0000000 0.0000000 0.0000000 0.0000000 0.1525967 0.0884927 0.0000000 0.0661636 0.0021502 0.0000000 0.0000000 0.0000000 0.0000000 0.0000000 0.1650083 0.5255884
 24 F  24 0.0113144 0.0000000 0.0056858 0.0000000 0.0096898 0.0000000 0.0000000 0.0052278 0.0019099 0.1318009 0.0086774 0.0000000 0.0047308 0.1706687 0.0000000 0.0000000 0.0107458 0.0143644 0.0680545 0.0379345 0.5191953
 25 L  25 0.0000000 0.0000000 0.0000000 0.0000000 0.0000000 0.0000000 0.0000000 0.0000000 0.0000000 0.1304280 0.2904365 0.0000000 0.0364047 0.0000000 0.0000000 0.0000000 0.0000000 0.0000000 0.0000000 0.0251731 0.5175577
 26 L  26 0.0000000 0.0113144 0.0022527 0.0000000 0.0000000 0.0000000 0.0000000 0.0000000 0.0000000 0.0498877 0.3319140 0.0104053 0.0000000 0.0261060 0.0000000 0.0178988 0.0457352 0.0000000 0.0000000 0.0021502 0.5023357
 27 C  27 0.0000000 0.0000000 0.0000000 0.0063931 0.2608227 0.0000000 0.0000000 0.1656213 0.0000000 0.0000000 0.0000000 0.0000000 0.0000000 0.0000000 0.0000000 0.0016377 0.0086956 0.0000000 0.0000000 0.0544940 0.5023357
 28 D  28 0.0015248 0.0030989 0.0000000 0.1414574 0.0000000 0.0164649 0.1670788 0.0000000 0.0147133 0.0000000 0.0022527 0.0926719 0.0000000 0.0075029 0.0090395 0.0321444 0.0141439 0.0000000 0.0000000 0.0000000 0.4979067
 29 K  29 0.0000000 0.0083463 0.1324901 0.0143667 0.0000000 0.0147033 0.0000000 0.0000000 0.0036258 0.0000000 0.0063931 0.3036231 0.0000000 0.0000000 0.0035453 0.0113144 0.0033839 0.0000000 0.0000000 0.0000000 0.4982080
 30 V  30 0.0032832 0.0000000 0.0000000 0.0000000 0.0000000 0.0000000 0.0000000 0.0000000 0.0000000 0.0385216 0.0151331 0.0000000 0.0075029 0.1705862 0.0000000 0.0000000 0.0000000 0.0000000 0.0000000 0.2756838 0.4892892
 31 Q  31 0.0449522 0.0123135 0.0508777 0.0127569 0.0055697 0.1248427 0.0044290 0.0308531 0.0030989 0.0009609 0.0836425 0.0158536 0.0000000 0.0051090 0.0082820 0.0472402 0.0400570 0.0000000 0.0000000 0.0073805 0.5017805
 32 K  32 0.0110744 0.0678259 0.0070175 0.0000000 0.0000000 0.0000000 0.0000000 0.0000000 0.0000000 0.0170002 0.0000000 0.3623919 0.0040944 0.0000000 0.0264951 0.0061518 0.0052278 0.0000000 0.0000000 0.0000000 0.4927210
 33 E  33 0.0048580 0.0075029 0.0147894 0.1479629 0.0000000 0.0144983 0.1599521 0.0339206 0.0000000 0.0000000 0.0000000 0.0624328 0.0000000 0.0000000 0.0066157 0.0268637 0.0000000 0.0000000 0.0000000 0.0028294 0.5177740
 34 D  34 0.0035419 0.0000000 0.0603324 0.3114826 0.0051254 0.0032633 0.0263739 0.0027639 0.0036258 0.0000000 0.0000000 0.0192208 0.0000000 0.0052278 0.0028898 0.0528981 0.0022008 0.0000000 0.0000000 0.0084719 0.4925814
 35 I  35 0.0000000 0.0000000 0.0000000 0.0063931 0.0045293 0.0000000 0.0000000 0.0000000 0.0000000 0.3243869 0.0138927 0.0000000 0.0000000 0.0000000 0.0000000 0.0151398 0.0818978 0.0000000 0.0000000 0.0279346 0.5258259
 36 E  36 0.0299106 0.0547131 0.0000000 0.0013319 0.0000000 0.0627313 0.1225624 0.0075448 0.0225032 0.0000000 0.0029517 0.1531924 0.0059640 0.0000000 0.0000000 0.0466302 0.0084163 0.0000000 0.0000000 0.0061818 0.4753664
 37 V  37 0.0000000 0.0000000 0.0000000 0.0000000 0.0000000 0.0000000 0.0000000 0.0000000 0.0000000 0.0935175 0.0214408 0.0000000 0.0000000 0.0000000 0.0056858 0.0000000 0.0119319 0.0000000 0.0000000 0.3943672 0.4730568
 38 Y  38 0.0000000 0.2330360 0.0000000 0.0142868 0.0232830 0.0012361 0.0056858 0.0000000 0.0047061 0.0816454 0.0094390 0.0352640 0.0000000 0.0000000 0.0000000 0.0000000 0.0000000 0.0019033 0.0289224 0.0904251 0.4701669
 39 F  39 0.0000000 0.0000000 0.0000000 0.0000000 0.0000000 0.0075029 0.0155554 0.0000000 0.0000000 0.0033537 0.0110664 0.0113144 0.0040429 0.4501901 0.0142868 0.0042461 0.0056858 0.0000000 0.0000000 0.0000000 0.4727555
 40 T  40 0.0015271 0.0257958 0.0000000 0.0085562 0.0000000 0.0597502 0.0198765 0.0022101 0.0032490 0.0075212 0.0170715 0.0017047 0.0150258 0.1465537 0.0000000 0.0353509 0.0232765 0.0052470 0.0930523 0.0501201 0.4841113
 41 G  41 0.0145565 0.0346271 0.0000000 0.0270211 0.0000000 0.0381408 0.2958345 0.0215467 0.0159760 0.0020909 0.0323324 0.0099826 0.0027727 0.0000000 0.0000000 0.0027285 0.0100785 0.0000000 0.0029987 0.0000000 0.4893131
 42 P  42 0.0114711 0.0101107 0.0582797 0.0465732 0.0000000 0.0369475 0.1824356 0.0090626 0.0018574 0.0112793 0.0220518 0.0210390 0.0027492 0.0000000 0.0492127 0.0022235 0.0398027 0.0000000 0.0000000 0.0037207 0.4911830
 43 G  43 0.0186043 0.0036339 0.0223042 0.0842202 0.0000000 0.0159233 0.0192366 0.0369183 0.0215113 0.0676798 0.0377311 0.0081487 0.0073188 0.0000000 0.0118769 0.0337478 0.0251704 0.0000000 0.0000000 0.0908300 0.4951444
 44 W  44 0.0000000 0.0000000 0.0000000 0.0000000 0.0000000 0.0152032 0.0000000 0.0000000 0.0075029 0.0000000 0.0016691 0.0044290 0.0000000 0.0142868 0.0000000 0.0051254 0.0000000 0.4373786 0.0104053 0.0000000 0.5039997
 45 E  45 0.0000000 0.0000000 0.0000000 0.0019099 0.0032079 0.0364411 0.3500672 0.0016691 0.0024011 0.0084665 0.0000000 0.0589463 0.0069196 0.0038523 0.0000000 0.0229585 0.0121900 0.0000000 0.0000000 0.0056074 0.4853632
 46 A  46 0.2089278 0.0075957 0.0031578 0.0408975 0.0111350 0.0179613 0.0554434 0.0538801 0.0115031 0.0000000 0.0054192 0.0025200 0.0247004 0.0040653 0.0000000 0.0237133 0.0176289 0.0000000 0.0085555 0.0175326 0.4853632
 47 R  47 0.0262047 0.0408217 0.0256225 0.0020996 0.0000000 0.0050639 0.0942437 0.0000000 0.0030864 0.0066356 0.0297129 0.0789231 0.0105795 0.0668142 0.0051254 0.0210012 0.0338467 0.0043971 0.0593998 0.0060826 0.4803393
 48 G  48 0.1742826 0.0186032 0.0000000 0.0000000 0.0034817 0.0000000 0.0119319 0.2316737 0.0000000 0.0033537 0.0078893 0.0000000 0.0000000 0.0000000 0.0040429 0.0000000 0.0025886 0.0000000 0.0000000 0.0746425 0.4675098
 49 S  49 0.0178264 0.0318425 0.0211153 0.1160729 0.0000000 0.0275141 0.0904648 0.0000000 0.0057057 0.0438683 0.0137330 0.0579346 0.0021654 0.0000000 0.0000000 0.0323534 0.0383601 0.0000000 0.0000000 0.0184012 0.4826422
 50 F  50 0.0185319 0.0000000 0.0000000 0.0000000 0.0052278 0.0000000 0.0075029 0.0061176 0.0000000 0.0521384 0.0243639 0.0000000 0.0100769 0.2673347 0.0481362 0.0143667 0.0127778 0.0000000 0.0084198 0.0493338 0.4756716
 51 S  51 0.0346828 0.0130238 0.0253368 0.0695405 0.0000000 0.0641680 0.0000000 0.0250818 0.0041462 0.0228302 0.0110884 0.0269124 0.0030406 0.0065389 0.0123649 0.1357559 0.0282392 0.0000000 0.0000000 0.0369833 0.4802662
 52 Q  52 0.0110522 0.0494317 0.0000000 0.0432521 0.0000000 0.0971867 0.0788358 0.0030542 0.0306527 0.0000000 0.0106239 0.0988847 0.0000000 0.0021867 0.1020680 0.0478351 0.0015976 0.0000000 0.0000000 0.0030059 0.4203327
 53 A  53 0.1032702 0.0000000 0.0255945 0.0262205 0.0056296 0.0000000 0.0512115 0.0073170 0.0029415 0.0121719 0.0249015 0.0184193 0.0269117 0.0015485 0.0200950 0.0659795 0.1491005 0.0044290 0.0000000 0.0148329 0.4394255
 54 D  54 0.0000000 0.0000000 0.0374866 0.3249494 0.0000000 0.0099478 0.0327585 0.0084422 0.0192013 0.0065873 0.0019504 0.0415474 0.0323172 0.0045293 0.0000000 0.0071642 0.0113144 0.0000000 0.0230927 0.0000000 0.4387111
 55 V  55 0.0000000 0.0033839 0.0424346 0.0000000 0.0130541 0.0000000 0.0000000 0.0000000 0.0000000 0.0628539 0.0769397 0.0000000 0.0000000 0.0222344 0.0045293 0.0199368 0.0204606 0.0000000 0.0116522 0.2847094 0.4378111
 56 H  56 0.0000000 0.0069908 0.0000000 0.0000000 0.0111951 0.0258177 0.0000000 0.0436646 0.2999030 0.0000000 0.0504704 0.0000000 0.0000000 0.0408919 0.0000000 0.0096103 0.0000000 0.0000000 0.0117150 0.0113144 0.4884269
 57 R  57 0.0064689 0.1672858 0.0849200 0.0000000 0.0000000 0.0303119 0.0000000 0.0163341 0.0862030 0.0000000 0.0000000 0.1138593 0.0021867 0.0000000 0.0106019 0.0161982 0.0000000 0.0000000 0.0012066 0.0033839 0.4610397
 58 Q  58 0.0257587 0.0000000 0.0344799 0.0000000 0.0000000 0.3868298 0.0105313 0.0000000 0.0000000 0.0000000 0.0000000 0.0469606 0.0000000 0.0000000 0.0128559 0.0345362 0.0000000 0.0000000 0.0000000 0.0000000 0.4480476
 59 V  59 0.0059902 0.0000000 0.0542917 0.0045293 0.0028294 0.0000000 0.0014608 0.0114895 0.0073806 0.0344004 0.0000000 0.0000000 0.0178437 0.0228133 0.0054782 0.0048368 0.0775175 0.0000000 0.0939526 0.2413518 0.4138343
 60 A  60 0.3254136 0.0957040 0.0000000 0.0000000 0.0204024 0.0000000 0.0039614 0.0025200 0.0764991 0.0000000 0.0275518 0.0013845 0.0000000 0.0000000 0.0000000 0.0197104 0.0077019 0.0000000 0.0000000 0.0051890 0.4139621
 61 I  61 0.0000000 0.0000000 0.0028412 0.0000000 0.0000000 0.0000000 0.0000000 0.0052278 0.0000000 0.3331408 0.2172695 0.0000000 0.0595558 0.0108903 0.0000000 0.0000000 0.0030225 0.0000000 0.0000000 0.0293474 0.3387048
 62 V  62 0.0435624 0.0024019 0.0000000 0.0000000 0.0879993 0.0000000 0.0000000 0.0000000 0.0000000 0.0549018 0.0087119 0.0000000 0.0000000 0.0000000 0.0045855 0.0132558 0.0240746 0.0029811 0.0000000 0.4154372 0.3420887
 63 F  63 0.0000000 0.0000000 0.0030225 0.0000000 0.0690703 0.0000000 0.0000000 0.0000000 0.0000000 0.0209108 0.0266995 0.0000000 0.0000000 0.4978026 0.0000000 0.0000000 0.0000000 0.0000000 0.0000000 0.0603541 0.3221402
 64 R  64 0.0030225 0.2514208 0.0231977 0.0018574 0.0092395 0.0713937 0.0811923 0.0000000 0.0028763 0.0056858 0.0114352 0.1871890 0.0036258 0.0000000 0.0000000 0.0009412 0.0343400 0.0045293 0.0000000 0.0156684 0.2923851
 65 T  65 0.0632989 0.0000000 0.0000000 0.0000000 0.0000000 0.0065389 0.0000000 0.0112128 0.0000000 0.0449227 0.0040429 0.0000000 0.0000000 0.0000000 0.0044221 0.0053741 0.3732230 0.0000000 0.0000000 0.1897243 0.2972403
 66 P  66 0.0042620 0.0026680 0.0034538 0.0000000 0.0000000 0.0141270 0.0064396 0.0056804 0.0116002 0.0029965 0.0000000 0.0000000 0.0000000 0.0434588 0.5088511 0.0024019 0.0131729 0.0000000 0.0000000 0.0000000 0.3808877
 67 P  67 0.0814425 0.0728347 0.0000000 0.0000000 0.0000000 0.0015646 0.0445208 0.0044290 0.0000000 0.0371527 0.0324838 0.0401055 0.0000000 0.0000000 0.2780859 0.0253793 0.0095145 0.0000000 0.0000000 0.0120601 0.3604269
 68 Y  68 0.0153104 0.0000000 0.0017630 0.0000000 0.0000000 0.0122309 0.0181268 0.0208231 0.0000000 0.0100803 0.0116165 0.0067286 0.0000000 0.0517518 0.0068862 0.0030584 0.0509317 0.0000000 0.4188241 0.0076255 0.3642426
 69 A  69 0.0137643 0.1754397 0.0143521 0.0586146 0.0063603 0.0312102 0.0288877 0.0171126 0.1244481 0.0132184 0.0127959 0.0891175 0.0010897 0.0068105 0.0076947 0.0184548 0.0000000 0.0029016 0.0075567 0.0072394 0.3629313
 70 D  70 0.0126917 0.0295414 0.1130896 0.2006781 0.0276290 0.0060924 0.0305872 0.0124876 0.0163031 0.0129738 0.0230517 0.0088740 0.0047252 0.0000000 0.0444800 0.0476646 0.0539027 0.0000000 0.0075411 0.0125812 0.3351055
 71 P  71 0.0044632 0.0232131 0.0203407 0.0491457 0.0000000 0.1553699 0.0102178 0.0069655 0.0139395 0.0087710 0.0827458 0.0928702 0.0078852 0.0000000 0.0944720 0.0219934 0.0501889 0.0000000 0.0000000 0.0186664 0.3387519
 72 S  72 0.0404358 0.0295914 0.1151538 0.1078380 0.0000000 0.0647284 0.0640870 0.0525699 0.0619998 0.0000000 0.0257593 0.0272215 0.0032032 0.0096891 0.0053357 0.0607464 0.0285450 0.0000000 0.0097446 0.0090638 0.2842874
 73 L  73 0.0155403 0.0159099 0.0032183 0.0106809 0.0000000 0.0018981 0.0049529 0.0211654 0.0000000 0.4265487 0.0596369 0.0056804 0.0000000 0.0000000 0.0113144 0.0141678 0.0481298 0.0000000 0.0000000 0.0702395 0.2909167
 74 Q  74 0.0287519 0.0356524 0.0383679 0.0721478 0.0075758 0.0428311 0.0473889 0.0206585 0.0022880 0.0044272 0.0158370 0.0245698 0.0224505 0.0029216 0.0460279 0.0610580 0.1956944 0.0068169 0.0034538 0.0310087 0.2900718
 75 A  75 0.0315620 0.0811222 0.0332393 0.0247087 0.0020996 0.0613488 0.1801682 0.0186784 0.0278374 0.0052018 0.0246433 0.0461697 0.0038090 0.0172741 0.0145674 0.0706263 0.0432835 0.0000000 0.0045293 0.0116936 0.2974374
 76 P  76 0.0659509 0.0000000 0.0207576 0.0228124 0.0402769 0.0015297 0.0300173 0.0000000 0.0129201 0.0000000 0.0000000 0.0305389 0.0022161 0.0031805 0.3622944 0.0686533 0.0527095 0.0061082 0.0030428 0.0107492 0.2662424
 77 V  77 0.0380719 0.0024658 0.0169481 0.0242929 0.0000000 0.0000000 0.0233561 0.0126854 0.0051254 0.0590929 0.0520843 0.0106633 0.0052278 0.0056349 0.0000000 0.0080874 0.0118077 0.0000000 0.0000000 0.4784147 0.2460414
 78 R  78 0.0086691 0.1266160 0.0270887 0.0313733 0.0052028 0.1516348 0.0494508 0.0604338 0.0034497 0.0055067 0.0030225 0.0578792 0.0116121 0.0000000 0.0216551 0.0440245 0.1116453 0.0000000 0.0047331 0.0033111 0.2726914
 79 V  79 0.0197182 0.0248773 0.0000000 0.0000000 0.0000000 0.0114662 0.0031805 0.0000000 0.0000000 0.0149152 0.0956917 0.0000000 0.0000000 0.0000000 0.0000000 0.0183489 0.0000000 0.0000000 0.0000000 0.5401378 0.2716642
 80 S  80 0.0163740 0.0205687 0.0837813 0.0017046 0.0809304 0.0521337 0.0176175 0.0176943 0.0304444 0.0083948 0.0192008 0.0654029 0.0118701 0.0891159 0.0000000 0.0539309 0.0464468 0.0115948 0.0385472 0.0079494 0.3262976
 81 M  81 0.0029987 0.0000000 0.0000000 0.0029543 0.0000000 0.0000000 0.0000000 0.0145498 0.0000000 0.1436248 0.1182801 0.0000000 0.0736906 0.1819859 0.0000000 0.0000000 0.0000000 0.0000000 0.0000000 0.1332817 0.3286342
 82 Q  82 0.0117766 0.0216871 0.0000000 0.0000000 0.0049015 0.3417037 0.0530987 0.0000000 0.0088843 0.0000000 0.0036079 0.0237005 0.0061218 0.0482491 0.0000000 0.0481368 0.0183489 0.0000000 0.0764717 0.0201774 0.3131340
 83 L  83 0.0063175 0.0017760 0.0161461 0.0000000 0.0029498 0.0041252 0.0056365 0.0047008 0.0000000 0.0209023 0.4108294 0.0000000 0.0045921 0.0317080 0.0000000 0.0029327 0.0066483 0.0100007 0.0034752 0.1681524 0.2991070
 84 R  84 0.0015413 0.1712173 0.0000000 0.0000000 0.0349290 0.0976111 0.0479784 0.0029543 0.0128038 0.0353999 0.0108312 0.0698567 0.0028173 0.0314030 0.0019149 0.0094342 0.1142509 0.0000000 0.0342126 0.0561314 0.2647127
 85 R  85 0.0136579 0.3645134 0.0645056 0.0135133 0.0000000 0.0145283 0.0190085 0.0000000 0.0030989 0.0418407 0.0234622 0.0264008 0.0000000 0.0055259 0.0112876 0.0166611 0.0352134 0.0000000 0.0036258 0.0121609 0.3309958
 86 P  86 0.0151891 0.0286458 0.0015976 0.0000000 0.0000000 0.0050125 0.0332170 0.0022008 0.0019622 0.0557817 0.0634813 0.0437459 0.0030775 0.0018745 0.3569671 0.0034217 0.0367206 0.0000000 0.0037486 0.0308834 0.3124728
 87 S  87 0.0183935 0.0183576 0.0445195 0.0163750 0.0192338 0.0000000 0.0036258 0.0542234 0.0000000 0.0017771 0.1974889 0.0066101 0.0120323 0.0015063 0.0015605 0.3033000 0.0690220 0.0000000 0.0000000 0.0118272 0.2201471
 88 D  88 0.0398273 0.0033797 0.0247753 0.3389891 0.0000000 0.0317581 0.0479592 0.0527924 0.0056944 0.0000000 0.0284943 0.0734083 0.0000000 0.0000000 0.0873476 0.0475055 0.0153802 0.0000000 0.0044574 0.0028761 0.1953552
 89 R  89 0.0187347 0.0885748 0.0191981 0.0291961 0.0034817 0.0993348 0.0120155 0.1817605 0.0068222 0.0000000 0.0155281 0.0257157 0.0012463 0.0060090 0.3111780 0.0114975 0.0111972 0.0000000 0.0013672 0.0000000 0.1571426
 90 E  90 0.0899123 0.0396355 0.0000000 0.0301118 0.0087858 0.0059729 0.1180571 0.0121155 0.0030542 0.0567138 0.0020562 0.0907060 0.0187753 0.0000000 0.0000000 0.0430265 0.0171490 0.0000000 0.0068564 0.3491612 0.1079106
 91 L  91 0.1021513 0.0841490 0.0000000 0.0106117 0.0767994 0.0099775 0.0136073 0.0000000 0.0013084 0.0216676 0.0841387 0.0253915 0.0032832 0.0347187 0.0000000 0.0295908 0.1182233 0.0051254 0.0832676 0.2347860 0.0612026
 92 S  92 0.0000000 0.0018597 0.0017609 0.0000000 0.0030989 0.0000000 0.0000000 0.0029415 0.0129277 0.0000000 0.0000000 0.0000000 0.0000000 0.0000000 0.0046189 0.9175044 0.0209254 0.0000000 0.0000000 0.0034247 0.0309380
 93 E  93 0.0136736 0.0222638 0.1737623 0.1571167 0.0000000 0.1114198 0.2660146 0.0011105 0.0384267 0.0154915 0.0253494 0.0248668 0.0048095 0.0076671 0.0069071 0.0469236 0.0242324 0.0000000 0.0020323 0.0229993 0.0349327
 94 P  94 0.0742314 0.0038049 0.0041820 0.0017830 0.0052614 0.0102237 0.0012559 0.0044594 0.0037975 0.0213585 0.0142772 0.0121824 0.0000000 0.0016948 0.6270506 0.0930678 0.0456428 0.0026846 0.0145155 0.0314604 0.0270662
 95 M  95 0.0000000 0.0107702 0.0104053 0.0000000 0.0031495 0.0670043 0.0030864 0.0000000 0.0431154 0.4798379 0.0944259 0.0598021 0.0629814 0.0377729 0.0000000 0.0000000 0.0000000 0.0000000 0.0000000 0.0960534 0.0315954
 96 E  96 0.0315305 0.0242372 0.0627334 0.0632628 0.0075486 0.0411935 0.1271656 0.0147080 0.0629668 0.0284864 0.0265370 0.0151402 0.0000000 0.0490673 0.1645357 0.0164411 0.0418148 0.0000000 0.1654172 0.0265021 0.0307115
 97 F  97 0.0000000 0.0000000 0.0955508 0.2074880 0.1796125 0.0000000 0.0000000 0.0000000 0.0000000 0.0081006 0.0018597 0.0000000 0.0000000 0.4468576 0.0000000 0.0035533 0.0034247 0.0015827 0.0145499 0.0000000 0.0374203
 98 Q  98 0.0154878 0.0890553 0.0622042 0.0000000 0.0000000 0.0423366 0.0588610 0.0032239 0.0029587 0.0137524 0.0636081 0.1338005 0.0224021 0.0000000 0.0000000 0.1404955 0.2911999 0.0000000 0.0086659 0.0145278 0.0374203
 99 Y  99 0.0000000 0.0450427 0.0000000 0.0000000 0.0035132 0.1780504 0.0056682 0.0008840 0.0000000 0.0042496 0.0207557 0.2603133 0.0116132 0.0228044 0.0000000 0.0050584 0.0000000 0.0000000 0.4074244 0.0000000 0.0346224
100 L 100 0.1452931 0.1005274 0.0103558 0.0030989 0.0040896 0.0143055 0.0071211 0.0000000 0.0234443 0.0574026 0.1493694 0.0465407 0.0142077 0.0063560 0.0410204 0.1180406 0.0839313 0.0000000 0.0402116 0.0401233 0.0945605
101 P 101 0.1167236 0.0000000 0.0037975 0.0000000 0.0000000 0.0000000 0.0000000 0.0173374 0.0000000 0.0025233 0.0095190 0.0263964 0.0000000 0.0000000 0.5259285 0.1078772 0.0274195 0.0000000 0.0000000 0.0000000 0.1624775
102 D 102 0.1413670 0.0477539 0.1108125 0.0940091 0.0041769 0.0380840 0.0318865 0.0247227 0.0055911 0.0016057 0.0791868 0.0493940 0.0035293 0.0000000 0.0427484 0.0291669 0.0367722 0.0000000 0.0149297 0.0128658 0.2313975
103 A 103 0.0817648 0.0019447 0.0411632 0.0834553 0.0000000 0.0821729 0.0694453 0.0350151 0.0266971 0.0220898 0.0094853 0.0015920 0.0579443 0.0182458 0.0265841 0.0568712 0.1794092 0.0000000 0.0033190 0.0168059 0.1859950
104 S 104 0.0929761 0.0137207 0.0340101 0.0287004 0.0064992 0.0153797 0.1162194 0.1788310 0.0238104 0.0026467 0.0014912 0.0521990 0.0000000 0.0045145 0.0567263 0.1615529 0.0368872 0.0000000 0.0017290 0.0048353 0.1672710
105 N 105 0.0164045 0.0000000 0.0631541 0.3070308 0.0000000 0.0182288 0.1632616 0.0081760 0.0131950 0.0198150 0.0970415 0.0150490 0.0089390 0.0000000 0.0023365 0.0120892 0.0107826 0.0000000 0.0050125 0.0448504 0.1946334
106 L 106 0.0213880 0.0046149 0.0050639 0.0027639 0.0000000 0.0000000 0.0030189 0.0118447 0.0000000 0.0025200 0.3390992 0.0149377 0.0000000 0.0000000 0.3088546 0.0328789 0.0092461 0.0000000 0.0050442 0.0083158 0.2304092
107 K 107 0.0412128 0.0767930 0.0172826 0.0049294 0.0000000 0.0421598 0.1093298 0.0075341 0.0084692 0.0158444 0.0457853 0.1476768 0.0261626 0.0118410 0.0050739 0.0224805 0.0311561 0.0038002 0.0665014 0.0864682 0.2294990
108 I 108 0.0027872 0.0185077 0.0063280 0.0000000 0.0090741 0.0030864 0.0137882 0.0327879 0.0126309 0.4924863 0.0145769 0.0034942 0.0105752 0.0099620 0.0000000 0.0052543 0.0034247 0.0000000 0.0015605 0.1204978 0.2391777
109 V 109 0.0203395 0.0070322 0.0182177 0.0156312 0.2262820 0.0025200 0.0872818 0.0123893 0.0084092 0.0156034 0.0808246 0.0291068 0.0209599 0.0047807 0.0019674 0.0490363 0.0507310 0.0050584 0.0052527 0.0921908 0.2463853
110 R 110 0.0205868 0.3319908 0.0211927 0.0168987 0.0008497 0.0066400 0.0175763 0.0189588 0.0110915 0.0000000 0.0000000 0.2278030 0.0000000 0.0000000 0.0055717 0.0485325 0.0050253 0.0080172 0.0064317 0.0055665 0.2472669
111 M 111 0.0182900 0.0535141 0.0029415 0.0000000 0.0032536 0.0677719 0.0098325 0.0023181 0.0000000 0.0947106 0.1369466 0.1381886 0.0716386 0.0094513 0.0000000 0.0160116 0.0050584 0.0012693 0.0240518 0.0913847 0.2533668
112 D 112 0.0000000 0.0118749 0.0823442 0.1146380 0.0241036 0.0078769 0.0152522 0.0000000 0.0000000 0.0000000 0.0000000 0.1259698 0.0000000 0.0000000 0.0059637 0.3206680 0.0320957 0.0000000 0.0000000 0.0034817 0.2557315
113 R 113 0.0221981 0.1914141 0.0071924 0.0240855 0.0026747 0.0071787 0.0055665 0.0027775 0.0637512 0.0316276 0.1039957 0.1348180 0.0146313 0.0000000 0.0570798 0.0292836 0.0316172 0.0000000 0.0000000 0.0078102 0.2622978
114 T 114 0.0251763 0.0214324 0.1033893 0.0516996 0.0861997 0.0227361 0.0282678 0.0032157 0.0374392 0.0159054 0.0085954 0.0782084 0.0032396 0.0029587 0.0209749 0.0688626 0.1030091 0.0000000 0.0210076 0.0321780 0.2655041
115 A 115 0.0747245 0.0561154 0.0184029 0.0015063 0.0267200 0.0170822 0.0122123 0.0072134 0.0102554 0.0036863 0.0052278 0.0494865 0.0013716 0.0012944 0.0019674 0.2924224 0.1009836 0.0015559 0.0235850 0.0179114 0.2762754
116 G 116 0.0890920 0.0027727 0.0071341 0.0049785 0.1488894 0.0023453 0.0020839 0.3040725 0.0000000 0.0033418 0.0032536 0.0098553 0.0040573 0.0089351 0.0088313 0.0758037 0.0088098 0.0000000 0.0133410 0.0045507 0.2978519
117 C 117 0.0034811 0.0141165 0.0353924 0.0034247 0.0357703 0.0000000 0.0086996 0.0094917 0.0000000 0.0026132 0.0297942 0.0148335 0.0254314 0.0030281 0.1812821 0.2773843 0.0404219 0.0000000 0.0035981 0.0030548 0.3081820
118 V 118 0.0901985 0.0032536 0.0000000 0.0000000 0.0922551 0.0000000 0.0019383 0.0020517 0.0057474 0.0133062 0.0143250 0.0229014 0.0020993 0.0000000 0.0742511 0.0128379 0.0223935 0.0000000 0.0000000 0.3250843 0.3173568
119 T 119 0.0791960 0.0466762 0.0394871 0.0528466 0.0025233 0.0023181 0.0562333 0.0044977 0.0049623 0.0130328 0.0472195 0.0637557 0.0246920 0.0083882 0.0022676 0.0863220 0.1081355 0.0000000 0.0226614 0.0134482 0.3213365
120 G 120 0.0032536 0.0000000 0.0075976 0.0026415 0.0000000 0.0000000 0.0050639 0.5692150 0.0000000 0.0000000 0.0093176 0.0202599 0.0000000 0.0016460 0.0000000 0.0023453 0.0000000 0.0000000 0.0000000 0.0198332 0.3588264
121 G 121 0.0065381 0.0036023 0.0464983 0.0070942 0.0000000 0.0030049 0.0129795 0.4841709 0.0018186 0.0000000 0.0197861 0.0306093 0.0000000 0.0027727 0.0000000 0.0148887 0.0057582 0.0000000 0.0000000 0.0000000 0.3604780
122 E 122 0.0082913 0.0075592 0.0100699 0.1539581 0.0000000 0.0490763 0.1822202 0.0138056 0.0096052 0.0000000 0.0457686 0.0586039 0.0150097 0.0000000 0.0000000 0.0098011 0.0637723 0.0000000 0.0000000 0.0085240 0.3639346
123 E 123 0.0000000 0.0045098 0.0017509 0.0238820 0.0000000 0.0549122 0.4166709 0.0000000 0.0057114 0.0000000 0.0000000 0.0632724 0.0050069 0.0000000 0.0126309 0.0159333 0.0195685 0.0000000 0.0000000 0.0029587 0.3731921
124 I 124 0.0000000 0.0000000 0.0000000 0.0000000 0.0000000 0.0000000 0.0000000 0.0000000 0.0000000 0.1582457 0.1603136 0.0000000 0.1122261 0.0019622 0.0057582 0.0000000 0.0210564 0.0000000 0.0000000 0.1632496 0.3771883
125 Y 125 0.0000000 0.0023388 0.0056365 0.0000000 0.0151486 0.0000000 0.0000000 0.0050584 0.0091810 0.1650675 0.0190905 0.0046189 0.0048716 0.1898700 0.0032157 0.0000000 0.0435746 0.0201249 0.0637419 0.0383460 0.4101150
126 L 126 0.0000000 0.0000000 0.0000000 0.0000000 0.0000000 0.0000000 0.0000000 0.0000000 0.0000000 0.1502062 0.3626843 0.0027727 0.0352127 0.0000000 0.0000000 0.0000000 0.0032157 0.0000000 0.0000000 0.0398411 0.4060673
127 L 127 0.0000000 0.0034198 0.0046018 0.0050403 0.0022092 0.0000000 0.0159333 0.0034324 0.0000000 0.0705214 0.3557929 0.0000000 0.0000000 0.0250722 0.0040573 0.0326261 0.0709282 0.0000000 0.0000000 0.0092230 0.3971421
128 C 128 0.0057582 0.0000000 0.0000000 0.0000000 0.2382419 0.0000000 0.0000000 0.2242024 0.0000000 0.0056365 0.0073845 0.0000000 0.0069138 0.0251040 0.0000000 0.0000000 0.0136361 0.0000000 0.0000000 0.0759804 0.3971421
129 D 129 0.0123209 0.0038049 0.0000000 0.1651936 0.0000000 0.0619664 0.1809647 0.0000000 0.0283556 0.0000000 0.0045007 0.1068751 0.0000000 0.0000000 0.0053140 0.0280779 0.0064908 0.0000000 0.0040573 0.0000000 0.3920782
130 K 130 0.0069138 0.0094052 0.2070352 0.0150242 0.0000000 0.0073845 0.0000000 0.0000000 0.0119825 0.0000000 0.0000000 0.3327653 0.0000000 0.0000000 0.0020113 0.0057582 0.0068688 0.0000000 0.0000000 0.0000000 0.3948509
131 V 131 0.0127340 0.0000000 0.0000000 0.0000000 0.0000000 0.0073845 0.0000000 0.0000000 0.0000000 0.0330786 0.0360153 0.0000000 0.0000000 0.2157897 0.0000000 0.0000000 0.0050639 0.0000000 0.0103385 0.2851467 0.3944487
132 Q 132 0.0497466 0.0139243 0.0493470 0.0119739 0.0168242 0.1250622 0.0069138 0.0188047 0.0066154 0.0045620 0.1205036 0.0000000 0.0024981 0.0039073 0.0133286 0.0433613 0.0603735 0.0099332 0.0000000 0.0106909 0.4316294
133 K 133 0.0241335 0.0473232 0.0000000 0.0000000 0.0000000 0.0453228 0.0040477 0.0113144 0.0022676 0.0000000 0.0000000 0.3811895 0.0020113 0.0000000 0.0567690 0.0191801 0.0000000 0.0000000 0.0000000 0.0040573 0.4023836
134 D 134 0.0056804 0.0047191 0.0384277 0.2411080 0.0000000 0.0257782 0.1499610 0.0146424 0.0000000 0.0000000 0.0000000 0.0636271 0.0000000 0.0000000 0.0000000 0.0141838 0.0164999 0.0000000 0.0000000 0.0030584 0.4223138
135 D 135 0.0020034 0.0069138 0.0842733 0.2440195 0.0113955 0.0073845 0.0148619 0.0631853 0.0081328 0.0000000 0.0000000 0.0000000 0.0000000 0.0000000 0.0000000 0.0961823 0.0062796 0.0000000 0.0000000 0.0055259 0.4498422
136 I 136 0.0104053 0.0028258 0.0000000 0.0000000 0.0000000 0.0057582 0.0000000 0.0000000 0.0073845 0.3171751 0.0218788 0.0061921 0.0000000 0.0050584 0.0000000 0.0000000 0.0801189 0.0000000 0.0000000 0.0254532 0.5177497
137 Q 137 0.0279113 0.0554561 0.0000000 0.0014627 0.0000000 0.0765725 0.1105411 0.0074527 0.0176323 0.0000000 0.0128025 0.1920044 0.0057926 0.0000000 0.0000000 0.0370459 0.0072509 0.0000000 0.0000000 0.0185844 0.4294907
138 I 138 0.0000000 0.0000000 0.0073845 0.0000000 0.0113144 0.0000000 0.0000000 0.0040573 0.0000000 0.1168619 0.0000000 0.0000000 0.0000000 0.0000000 0.0000000 0.0000000 0.0023776 0.0000000 0.0000000 0.4343062 0.4236981
139 R 139 0.0028258 0.2415014 0.0000000 0.0135645 0.0093628 0.0067319 0.0000000 0.0023776 0.0054418 0.0931986 0.0101975 0.0479906 0.0000000 0.0138377 0.0000000 0.0065563 0.0000000 0.0024761 0.0189628 0.1108408 0.4141339
140 F 140 0.0000000 0.0000000 0.0040477 0.0000000 0.0000000 0.0101136 0.0000000 0.0000000 0.0231288 0.0029620 0.0110711 0.0056365 0.0055259 0.5278107 0.0000000 0.0011562 0.0021444 0.0000000 0.0000000 0.0000000 0.4064030
141 Y 141 0.0014225 0.0265593 0.0000000 0.0000000 0.0023776 0.0834383 0.0046205 0.0214646 0.0016384 0.0163553 0.0251415 0.0000000 0.0204660 0.1455388 0.0044118 0.0295035 0.0212122 0.0056957 0.1068570 0.0464071 0.4368900
142 E 142 0.0145688 0.0183859 0.0000000 0.0241923 0.0000000 0.0308423 0.3524259 0.0108357 0.0185952 0.0113282 0.0406620 0.0129957 0.0013035 0.0000000 0.0159859 0.0035448 0.0035624 0.0000000 0.0000000 0.0000000 0.4407714
143 E 143 0.0000000 0.0341134 0.0459180 0.0695725 0.0000000 0.0197195 0.1680332 0.0013475 0.0050639 0.0206504 0.0337475 0.1020028 0.0032443 0.0000000 0.0056365 0.0054336 0.0325584 0.0000000 0.0000000 0.0116932 0.4412653
144 E 144 0.0594894 0.0177730 0.0545612 0.1113190 0.0088295 0.0156743 0.0648536 0.0594672 0.0020993 0.0068172 0.0050584 0.0422922 0.0069138 0.0000000 0.0018888 0.0264242 0.0366663 0.0000000 0.0040134 0.0092819 0.4665772
145 E 145 0.0231135 0.0018957 0.0442444 0.0807064 0.0000000 0.0450756 0.0874489 0.0224854 0.0114884 0.0000000 0.0037927 0.0242494 0.0000000 0.0040477 0.0896580 0.0316072 0.0293473 0.0000000 0.0019981 0.0000000 0.4988411
146 N 146 0.0075418 0.0157443 0.0721338 0.2192798 0.0027154 0.0011845 0.0238749 0.0705991 0.0035763 0.0000000 0.0044118 0.0088896 0.0085863 0.0000000 0.0000000 0.0468992 0.0202715 0.0000000 0.0026846 0.0018434 0.4897637
147 G 147 0.0204223 0.0200527 0.0191234 0.0091682 0.0022801 0.0445639 0.0213632 0.2447023 0.0072254 0.0093633 0.0250011 0.0216885 0.0222643 0.0000000 0.0000000 0.0088708 0.0138085 0.0000000 0.0017579 0.0068816 0.5014629
148 G 148 0.0270101 0.0317358 0.0235243 0.0028898 0.0074896 0.0302625 0.0785187 0.0253869 0.0345829 0.0262474 0.0117893 0.0480292 0.0109925 0.0000000 0.0162306 0.0391888 0.0279271 0.0000000 0.0018571 0.0495225 0.5068147
149 V 149 0.0094302 0.0000000 0.0010356 0.0000000 0.0095191 0.0000000 0.0098736 0.0177486 0.0038049 0.1029140 0.0540671 0.0069975 0.0028081 0.0070767 0.0487454 0.0646876 0.0457243 0.0000000 0.0011112 0.1209552 0.4935009
150 W 150 0.0040477 0.0000000 0.0000000 0.0000000 0.0022309 0.0000000 0.0000000 0.0044118 0.0000000 0.0000000 0.0061800 0.0050639 0.0000000 0.0000000 0.0103771 0.0000000 0.0000000 0.5103879 0.0095643 0.0052018 0.4425346
151 E 151 0.0000000 0.0000000 0.0073845 0.0017966 0.0049384 0.0417999 0.4159569 0.0000000 0.0021258 0.0094978 0.0000000 0.0319161 0.0037954 0.0045072 0.0000000 0.0242804 0.0137761 0.0000000 0.0000000 0.0055040 0.4327210
152 G 152 0.1979611 0.0124970 0.0031417 0.0492673 0.0145435 0.0247641 0.0530272 0.0692757 0.0028258 0.0069138 0.0070556 0.0054259 0.0348123 0.0000000 0.0040477 0.0359776 0.0297143 0.0000000 0.0029620 0.0199803 0.4258072
153 F 153 0.0212659 0.0438343 0.0253305 0.0023520 0.0000000 0.0094837 0.1225507 0.0113144 0.0023634 0.0120573 0.0352597 0.0499115 0.0172726 0.0937120 0.0000000 0.0292289 0.0159393 0.0081512 0.0794894 0.0052796 0.4152037
154 G 154 0.2313379 0.0025816 0.0104053 0.0000000 0.0056804 0.0000000 0.0000000 0.2352079 0.0000000 0.0200293 0.0033776 0.0121845 0.0000000 0.0044118 0.0055259 0.0000000 0.0000000 0.0000000 0.0000000 0.0540541 0.4152037
155 D 155 0.0108984 0.0415697 0.0160858 0.1221555 0.0000000 0.0208412 0.0925658 0.0000000 0.0095190 0.0293582 0.0267448 0.0971520 0.0032246 0.0000000 0.0000000 0.0427065 0.0451214 0.0000000 0.0000000 0.0233829 0.4186743
156 F 156 0.0155569 0.0000000 0.0000000 0.0000000 0.0050584 0.0000000 0.0022309 0.0063396 0.0000000 0.0657414 0.0128284 0.0044118 0.0013270 0.2828099 0.0502730 0.0000000 0.0372257 0.0000000 0.0000000 0.0894948 0.4267023
157 S 157 0.0133364 0.0324117 0.0305186 0.1325537 0.0000000 0.0445688 0.0173046 0.0198193 0.0065887 0.0236301 0.0163098 0.0223396 0.0128630 0.0000000 0.0000000 0.1498652 0.0233869 0.0000000 0.0034198 0.0224875 0.4285965
158 P 158 0.0111344 0.0550887 0.0000000 0.0126644 0.0000000 0.0826200 0.0785873 0.0035132 0.0221648 0.0000000 0.0020857 0.1230216 0.0000000 0.0024981 0.1361119 0.0163040 0.0027154 0.0000000 0.0000000 0.0036898 0.4478008
159 T 159 0.0997715 0.0073845 0.0230457 0.0255535 0.0018571 0.0000000 0.0813310 0.0083548 0.0023475 0.0016923 0.0421631 0.0189762 0.0236535 0.0037107 0.0093905 0.0848528 0.0921104 0.0000000 0.0046189 0.0143911 0.4547951
160 D 160 0.0000000 0.0031284 0.0296448 0.2884079 0.0000000 0.0138188 0.0205650 0.0024761 0.0257618 0.0033776 0.0059191 0.0646465 0.0030702 0.0205504 0.0000000 0.0225779 0.0113144 0.0000000 0.0362749 0.0000000 0.4484662
161 V 161 0.0042657 0.0036152 0.0030584 0.0000000 0.0225157 0.0000000 0.0000000 0.0022309 0.0000000 0.0236868 0.0959242 0.0034324 0.0020157 0.0034538 0.0207205 0.0353379 0.0214276 0.0000000 0.0050604 0.2929918 0.4602626
162 H 162 0.0000000 0.0037003 0.0000000 0.0000000 0.0140470 0.0176701 0.0000000 0.0000000 0.3290177 0.0017912 0.0000000 0.0000000 0.0113144 0.0673189 0.0000000 0.0263516 0.0034198 0.0000000 0.0091961 0.0000000 0.5161728
163 R 163 0.0047191 0.1272010 0.0241646 0.0000000 0.0000000 0.0305403 0.0000000 0.0178109 0.1211085 0.0000000 0.0000000 0.1188945 0.0024981 0.0050639 0.0073845 0.0547292 0.0026170 0.0000000 0.0010409 0.0036152 0.4786121
164 Q 164 0.0168644 0.0000000 0.0161538 0.0000000 0.0000000 0.4039911 0.0184393 0.0000000 0.0105919 0.0000000 0.0000000 0.0077556 0.0000000 0.0000000 0.0362666 0.0155972 0.0020157 0.0000000 0.0000000 0.0113144 0.4610100
165 F 165 0.0182355 0.0000000 0.0900974 0.0042424 0.0055726 0.0000000 0.0013528 0.0228877 0.0069379 0.0252774 0.0000000 0.0000000 0.0079225 0.0311670 0.0277699 0.0080298 0.0807066 0.0000000 0.1178735 0.1103131 0.4416136
166 A 166 0.3296527 0.0113144 0.0136688 0.0000000 0.0000000 0.0000000 0.0000000 0.0026846 0.0918763 0.0000000 0.0153437 0.0000000 0.0000000 0.0073845 0.0024337 0.0488728 0.0302723 0.0000000 0.0000000 0.0036152 0.4428810
167 I 167 0.0000000 0.0095643 0.0000000 0.0000000 0.0000000 0.0000000 0.0000000 0.0124429 0.0000000 0.3429728 0.1273827 0.0000000 0.0301294 0.0018557 0.0069138 0.0000000 0.0000000 0.0000000 0.0000000 0.0375766 0.4311618
168 V 168 0.0458194 0.0136296 0.0000000 0.0000000 0.0187742 0.0000000 0.0000000 0.0000000 0.0000000 0.0715574 0.0608884 0.0000000 0.0000000 0.0034198 0.0025233 0.0168984 0.0304693 0.0028518 0.0069138 0.2914775 0.4347771
169 F 169 0.0104053 0.0000000 0.0000000 0.0000000 0.0925174 0.0000000 0.0000000 0.0069138 0.0000000 0.0211002 0.0376711 0.0000000 0.0000000 0.2927389 0.0061800 0.0000000 0.0044118 0.0000000 0.0073845 0.0858999 0.4347771
170 K 170 0.0179431 0.1363631 0.0022876 0.0015189 0.0104104 0.0267799 0.0952776 0.0000000 0.0030281 0.0108383 0.0000000 0.1754966 0.0047191 0.0000000 0.0000000 0.0113144 0.0479879 0.0042424 0.0000000 0.0206306 0.4311618
171 T 171 0.0131754 0.0000000 0.0000000 0.0000000 0.0000000 0.0000000 0.0000000 0.0000000 0.0000000 0.0635200 0.0055259 0.0000000 0.0044118 0.0000000 0.0051050 0.0159969 0.3298798 0.0000000 0.0069138 0.1212870 0.4341843
172 P 172 0.0000000 0.0000000 0.0000000 0.0000000 0.0000000 0.0000000 0.0000000 0.0000000 0.0000000 0.0000000 0.0000000 0.0000000 0.0000000 0.0000000 0.5617504 0.0040653 0.0000000 0.0000000 0.0000000 0.0000000 0.4341843
173 K 173 0.0727662 0.0672194 0.0000000 0.0000000 0.0000000 0.0017509 0.0370869 0.0000000 0.0000000 0.0000000 0.0000000 0.0303702 0.0000000 0.0000000 0.2964082 0.0282633 0.0140192 0.0000000 0.0000000 0.0075261 0.4445896
174 Y 174 0.0000000 0.0095643 0.0000000 0.0000000 0.0000000 0.0000000 0.0000000 0.0000000 0.0159333 0.0000000 0.0000000 0.0000000 0.0000000 0.0567656 0.0000000 0.0000000 0.0000000 0.0000000 0.4499691 0.0000000 0.4677677
175 K 175 0.0088843 0.1612343 0.0060494 0.0138887 0.0193239 0.0105420 0.0158540 0.0000000 0.0945745 0.0062884 0.0166080 0.1007643 0.0021347 0.0080083 0.0099356 0.0285569 0.0000000 0.0031620 0.0127117 0.0089658 0.4725134
176 D 176 0.0029587 0.0274073 0.1469119 0.1972419 0.0058592 0.0000000 0.0121848 0.0027413 0.0222029 0.0061012 0.0017794 0.0084912 0.0070616 0.0000000 0.0000000 0.0264563 0.0447114 0.0000000 0.0044762 0.0028532 0.4805615
177 V 177 0.0136462 0.0171755 0.0000000 0.0000000 0.0000000 0.1395095 0.0109147 0.0131110 0.0042203 0.0097886 0.0658858 0.0855430 0.0054538 0.0000000 0.0682727 0.0056201 0.0565433 0.0000000 0.0000000 0.0261890 0.4781265
178 N 178 0.0293472 0.0445434 0.1099203 0.0990676 0.0000000 0.0293643 0.0627892 0.0000000 0.0289128 0.0000000 0.0047679 0.0153633 0.0047193 0.0048609 0.0024761 0.0575551 0.0256406 0.0000000 0.0051437 0.0040211 0.4715071
179 I 179 0.0113711 0.0022876 0.0000000 0.0000000 0.0000000 0.0000000 0.0030281 0.0000000 0.0000000 0.3491177 0.0603476 0.0000000 0.0000000 0.0000000 0.0000000 0.0000000 0.0084463 0.0069138 0.0000000 0.0875724 0.4709154
180 T 180 0.0319463 0.0306097 0.0074159 0.0443019 0.0061392 0.0339563 0.0491131 0.0038859 0.0000000 0.0039796 0.0134912 0.0145540 0.0165031 0.0000000 0.0123150 0.0800628 0.1775752 0.0000000 0.0034198 0.0164007 0.4543300
