  106         A         R         N         D         C         Q         E         G         H         I         L         K         M         F         P         S         T         W         Y         V    
  1 M   1 0.0000000 0.0000000 0.0000000 0.0000000 0.0000000 0.0000000 0.0000000 0.0000000 0.0000000 0.0304190 0.0778827 0.0000000 0.8254421 0.0000000 0.0000000 0.0000000 0.0000000 0.0000000 0.0000000 0.0662562
  2 A   2 0.1797296 0.0058219 0.1053286 0.0163080 0.0000000 0.0078873 0.1945505 0.0104655 0.0049500 0.0098792 0.0000000 0.1858943 0.0000000 0.0000000 0.0224897 0.1677881 0.0645353 0.0000000 0.0000000 0.0243720
  3 E   3 0.1200519 0.0223969 0.0305899 0.1143575 0.0000000 0.0586945 0.2462247 0.0069637 0.0050019 0.0000000 0.0000000 0.0372093 0.0000000 0.0000000 0.0673044 0.0806949 0.0726150 0.0000000 0.0048561 0.1330392
  4 Q   4 0.0363251 0.1898332 0.0474264 0.0482157 0.0084920 0.1093805 0.0711149 0.0000000 0.0345747 0.0119124 0.0254134 0.1584880 0.0046838 0.0042063 0.0873369 0.0660281 0.0454742 0.0164426 0.0160775 0.0185744
  5 Y   5 0.1367171 0.1073265 0.0179514 0.0245620 0.0028360 0.0275452 0.1093319 0.0097867 0.0322435 0.0148484 0.0850066 0.1164151 0.0247907 0.0565407 0.0563056 0.0578968 0.0464858 0.0056195 0.0130574 0.0547333
  6 S   6 0.1769980 0.0422827 0.0899547 0.0270224 0.0056054 0.0732568 0.1337412 0.0169702 0.0145087 0.0164372 0.0134989 0.0898169 0.0034595 0.0033068 0.0631900 0.1253676 0.0835398 0.0000000 0.0000000 0.0210433
  7 E   7 0.0540915 0.0779676 0.0428169 0.0414124 0.0018871 0.0394780 0.0727795 0.0033195 0.0079974 0.0384409 0.1098651 0.0562384 0.2349487 0.0073089 0.1319601 0.0380639 0.0313985 0.0000000 0.0000000 0.0100257
  8 I   8 0.0154062 0.0035715 0.0028394 0.0000000 0.0000000 0.0016219 0.0075821 0.0044603 0.0000000 0.1228065 0.3673296 0.0000000 0.0647356 0.0117303 0.3071640 0.0017816 0.0067509 0.0042368 0.0044685 0.0735147
  9 N   9 0.0484644 0.0115366 0.0634951 0.2926627 0.0000000 0.0461942 0.1058135 0.0152461 0.0062792 0.0013903 0.0046198 0.0483172 0.0123137 0.0000000 0.1071506 0.1728053 0.0561319 0.0000000 0.0041403 0.0034390
 10 T  10 0.0841021 0.0288491 0.0248066 0.1848623 0.0000000 0.0470504 0.3112615 0.0270978 0.0025469 0.0146961 0.0114730 0.0337701 0.0112332 0.0086578 0.0785796 0.0458525 0.0567460 0.0000000 0.0000000 0.0284150
 11 D  11 0.0832474 0.0218895 0.0466037 0.2258134 0.0021206 0.0366826 0.3796591 0.0193479 0.0105009 0.0104912 0.0059016 0.0466096 0.0029715 0.0000000 0.0204190 0.0235392 0.0343646 0.0000000 0.0041807 0.0256575
 12 T  12 0.0445762 0.0295365 0.0385326 0.1462966 0.0024234 0.0908200 0.1512716 0.0156701 0.0165904 0.0518144 0.0662096 0.0870123 0.0099642 0.0028733 0.0064794 0.0576742 0.1370495 0.0032131 0.0081369 0.0338559
 13 L  13 0.1649482 0.0062296 0.0000000 0.0031870 0.0046615 0.0018955 0.0027991 0.0013380 0.0019541 0.1650255 0.2887760 0.0000000 0.0467253 0.0566811 0.0061325 0.0098229 0.0307410 0.0000000 0.0964671 0.1126156
 14 E  14 0.0885330 0.0315792 0.0340031 0.0770478 0.0050787 0.1264411 0.2151718 0.0439576 0.0098193 0.0254203 0.0361400 0.0307835 0.0096917 0.0385804 0.0039849 0.0568055 0.0521741 0.0000000 0.0715982 0.0431897
 15 R  15 0.0696831 0.1061379 0.0376731 0.1787722 0.0000000 0.0529226 0.1577051 0.0615508 0.0244100 0.0168260 0.0560143 0.0844975 0.0083473 0.0042526 0.0196280 0.0438213 0.0412417 0.0000000 0.0100809 0.0264355
 16 V  16 0.1428552 0.0000000 0.0276655 0.0056263 0.0018949 0.0192923 0.0113522 0.0022947 0.0048842 0.0631731 0.3538391 0.0167421 0.0857776 0.0017151 0.0025233 0.0129592 0.0423401 0.0000000 0.0107968 0.1942683
 17 T  17 0.5745763 0.0038420 0.0056647 0.0000000 0.0036971 0.0048545 0.0201815 0.0264178 0.0018373 0.0081114 0.0062215 0.0000000 0.0000000 0.0000000 0.0000000 0.2205481 0.0458405 0.0000000 0.0000000 0.0782074
 18 E  18 0.0598842 0.0863234 0.0320252 0.1798865 0.0000000 0.0823587 0.3104914 0.0160222 0.0070471 0.0023993 0.0246948 0.1128275 0.0035717 0.0033916 0.0096812 0.0227877 0.0295670 0.0000000 0.0017089 0.0153315
 19 I  19 0.0148210 0.0075258 0.0015251 0.0000000 0.0070986 0.0037549 0.0064008 0.0057837 0.0039359 0.1965058 0.3176162 0.0036377 0.0403198 0.1407876 0.0000000 0.0105910 0.1005663 0.0019783 0.0079726 0.1291788
 20 F  20 0.0038199 0.0000000 0.0000000 0.0000000 0.0080809 0.0000000 0.0000000 0.0000000 0.0058243 0.0086747 0.1831517 0.0000000 0.0078332 0.7599764 0.0000000 0.0000000 0.0021701 0.0000000 0.0204687 0.0000000
 21 K  21 0.0118274 0.1189862 0.0000000 0.0098069 0.0000000 0.0380281 0.0084315 0.0227023 0.0205586 0.0000000 0.0000000 0.7376236 0.0000000 0.0000000 0.0000000 0.0282827 0.0037527 0.0000000 0.0000000 0.0000000
 22 A  22 0.5249179 0.0000000 0.0017874 0.0000000 0.0020232 0.0169269 0.0000000 0.0093271 0.0021706 0.0373303 0.1144580 0.0000000 0.0566173 0.0043660 0.0016448 0.0078041 0.0299035 0.0000000 0.0000000 0.1907227
 23 L  23 0.0000000 0.0000000 0.0000000 0.0000000 0.0018703 0.0025436 0.0000000 0.0000000 0.0000000 0.0472200 0.7266906 0.0000000 0.0376252 0.1655756 0.0000000 0.0000000 0.0031546 0.0000000 0.0014474 0.0138726
 24 G  24 0.2898290 0.0000000 0.0034286 0.0019126 0.0176624 0.0042455 0.0000000 0.3868121 0.0000000 0.0000000 0.0000000 0.0000000 0.0043586 0.0000000 0.0000000 0.2874377 0.0026019 0.0000000 0.0000000 0.0017116
 25 D  25 0.0239610 0.0000000 0.0673357 0.7795339 0.0000000 0.0000000 0.0193535 0.0000000 0.0598476 0.0000000 0.0000000 0.0000000 0.0000000 0.0000000 0.0000000 0.0190282 0.0246162 0.0000000 0.0000000 0.0063238
 26 Y  26 0.0443891 0.0113856 0.0111331 0.0245890 0.0000000 0.0151658 0.1049695 0.0256978 0.0035228 0.0036894 0.0087030 0.0484063 0.0050426 0.0090317 0.5442504 0.0819118 0.0393163 0.0000000 0.0074368 0.0113591
 27 N  27 0.0128697 0.0076892 0.1268791 0.0110624 0.0029612 0.0021333 0.0000000 0.0208471 0.0038800 0.0172129 0.0084444 0.0204313 0.0050972 0.0013910 0.0000000 0.0784836 0.6067283 0.0000000 0.0022201 0.0716691
 28 R  28 0.0000000 0.9944437 0.0000000 0.0000000 0.0000000 0.0000000 0.0000000 0.0000000 0.0000000 0.0000000 0.0000000 0.0055563 0.0000000 0.0000000 0.0000000 0.0000000 0.0000000 0.0000000 0.0000000 0.0000000
 29 I  29 0.0313519 0.0125417 0.0000000 0.0000000 0.0000000 0.0000000 0.0000000 0.0000000 0.0000000 0.2279761 0.5313583 0.0000000 0.0406540 0.0075799 0.0000000 0.0052133 0.0144309 0.0038721 0.0086556 0.1163663
 30 R  30 0.0481310 0.3589031 0.0122631 0.0000000 0.0000000 0.0756487 0.0056529 0.0129838 0.0144476 0.0022045 0.0340654 0.3530336 0.0386810 0.0022449 0.0000000 0.0196638 0.0162740 0.0000000 0.0030327 0.0027700
 31 I  31 0.0037413 0.0000000 0.0000000 0.0000000 0.0017574 0.0000000 0.0000000 0.0000000 0.0000000 0.8029534 0.1037026 0.0000000 0.0377689 0.0000000 0.0000000 0.0000000 0.0080580 0.0000000 0.0000000 0.0420185
 32 M  32 0.0298066 0.0000000 0.0000000 0.0000000 0.0000000 0.0000000 0.0000000 0.0000000 0.0000000 0.1439018 0.6096893 0.0000000 0.0477510 0.0222013 0.0000000 0.0018589 0.0138119 0.0000000 0.0000000 0.1309793
 33 E  33 0.0346120 0.0097408 0.0442569 0.0727315 0.0501455 0.0151126 0.0816553 0.0143443 0.0391749 0.0072398 0.0942816 0.0361916 0.0099823 0.0495295 0.0000000 0.1530127 0.0245454 0.0945886 0.1622034 0.0066512
 34 L  34 0.3267346 0.0244672 0.0018281 0.0044676 0.0109278 0.0335403 0.0149755 0.0000000 0.0151881 0.0617537 0.2950858 0.0036087 0.0873575 0.0120022 0.0000000 0.0313370 0.0133617 0.0000000 0.0185695 0.0447947
 35 L  35 0.0000000 0.0000000 0.0000000 0.0000000 0.0225176 0.0019201 0.0000000 0.0000000 0.0000000 0.0518190 0.8979396 0.0000000 0.0053016 0.0000000 0.0000000 0.0000000 0.0023181 0.0000000 0.0000000 0.0181839
 36 S  36 0.1420994 0.1249742 0.0206042 0.0127161 0.0519105 0.0442275 0.0428413 0.0240074 0.0083735 0.0200623 0.1007989 0.0458944 0.0322663 0.0644555 0.0000000 0.1935867 0.0302841 0.0018692 0.0116351 0.0273932
 37 V  37 0.0487808 0.0323797 0.0353886 0.0920995 0.0614770 0.1408739 0.2584169 0.0346076 0.0582843 0.0135897 0.0104460 0.0646329 0.0049922 0.0053727 0.0025492 0.0752463 0.0210452 0.0000000 0.0081700 0.0316477
 38 S  38 0.0383006 0.0928704 0.0280104 0.0332508 0.0141663 0.0475983 0.0929104 0.4377454 0.0345636 0.0000000 0.0019017 0.0543379 0.0000000 0.0000000 0.0024476 0.1002416 0.0200925 0.0000000 0.0000000 0.0015625
 39 E  39 0.0082446 0.0101313 0.0041581 0.0329944 0.0000000 0.0137237 0.8373602 0.0000000 0.0052382 0.0000000 0.0000000 0.0105308 0.0000000 0.0000000 0.0570084 0.0174700 0.0031404 0.0000000 0.0000000 0.0000000
 40 A  40 0.0828074 0.0830747 0.0022045 0.0000000 0.0507741 0.0106353 0.0174378 0.0000000 0.0171308 0.0086039 0.3804870 0.0822057 0.1590384 0.0103106 0.0000000 0.0303977 0.0060815 0.0050662 0.0171221 0.0366224
 41 S  41 0.0248502 0.0122532 0.0393973 0.0118047 0.6937889 0.0000000 0.0000000 0.0050066 0.0030578 0.0000000 0.0000000 0.0047483 0.0031940 0.0039343 0.0105333 0.1549786 0.0304939 0.0000000 0.0019587 0.0000000
 42 V  42 0.1114649 0.0000000 0.0000000 0.0000000 0.0000000 0.0000000 0.0000000 0.0099399 0.0000000 0.0019399 0.0000000 0.0000000 0.0000000 0.0000000 0.0032020 0.0071109 0.0120228 0.0000000 0.0000000 0.8543195
 43 G  43 0.0240048 0.0085421 0.0731938 0.0040772 0.5485910 0.0112574 0.0019970 0.1299961 0.0416008 0.0089168 0.0080103 0.0051924 0.0000000 0.0030741 0.0000000 0.0568131 0.0624085 0.0000000 0.0053369 0.0069878
 44 H  44 0.0323612 0.0029688 0.0333141 0.5093884 0.0123828 0.0243625 0.2882518 0.0054686 0.0390932 0.0000000 0.0000000 0.0373662 0.0000000 0.0000000 0.0000000 0.0021831 0.0093157 0.0000000 0.0000000 0.0035437
 45 I  45 0.0000000 0.0000000 0.0000000 0.0000000 0.0000000 0.0000000 0.0000000 0.0000000 0.0000000 0.4212698 0.4945193 0.0000000 0.0177466 0.0229533 0.0000000 0.0000000 0.0021933 0.0000000 0.0000000 0.0413178
 46 S  46 0.4577194 0.0000000 0.0052212 0.0000000 0.0304601 0.0204538 0.0386299 0.0082687 0.0000000 0.0164723 0.0922314 0.0000000 0.0291497 0.0032471 0.0000000 0.1057768 0.0843583 0.0038005 0.0020231 0.1021880
 47 H  47 0.1651361 0.0115592 0.0562643 0.1500420 0.0009965 0.0385292 0.3509879 0.0214899 0.0261621 0.0137099 0.0116325 0.0133099 0.0021678 0.0033651 0.0193056 0.0347095 0.0330189 0.0012353 0.0074034 0.0389748
 48 Q  48 0.1787994 0.0293066 0.0170446 0.0254698 0.0021527 0.0222303 0.0599247 0.0155577 0.0346490 0.1549244 0.1592015 0.0305296 0.0115449 0.0088451 0.0226303 0.0479834 0.0497229 0.0015238 0.0168326 0.1111264
 49 L  49 0.0178746 0.0000000 0.0000000 0.0031528 0.0048643 0.0000000 0.0000000 0.0000000 0.0012814 0.0800882 0.5610189 0.0000000 0.0236159 0.1216348 0.0000000 0.0078721 0.0446536 0.0000000 0.0000000 0.1339434
 50 N  50 0.0204537 0.0078325 0.1252798 0.1943867 0.0042675 0.0396929 0.1032837 0.3781760 0.0264468 0.0000000 0.0014494 0.0467962 0.0015819 0.0010252 0.0039618 0.0386204 0.0056662 0.0000000 0.0000000 0.0010792
 51 L  51 0.0519245 0.0051482 0.0000000 0.0016517 0.0064036 0.0132382 0.0031360 0.0021866 0.0023668 0.1090133 0.2244029 0.0349683 0.3284073 0.0353676 0.0000000 0.0442213 0.0278033 0.0000000 0.0028206 0.1069399
 52 S  52 0.0224789 0.0254585 0.0373964 0.0119918 0.0000000 0.0172540 0.0713069 0.0379758 0.0027504 0.0000000 0.0047782 0.0101608 0.0017609 0.0000000 0.0828789 0.4209297 0.2504720 0.0000000 0.0000000 0.0024069
 53 Q  53 0.0353519 0.0068322 0.0100810 0.0079829 0.0000000 0.6635342 0.0538628 0.0049812 0.0081194 0.0141421 0.0106595 0.0494595 0.0074397 0.0000000 0.0370229 0.0182732 0.0179762 0.0000000 0.0000000 0.0542813
 54 S  54 0.0972122 0.0000000 0.0025308 0.0000000 0.0000000 0.0034566 0.0000000 0.0000000 0.0000000 0.0000000 0.0000000 0.0000000 0.0000000 0.0000000 0.3212045 0.5448700 0.0307259 0.0000000 0.0000000 0.0000000
 55 N  55 0.4400983 0.0071177 0.0544444 0.0000000 0.0000000 0.0057803 0.0000000 0.0142386 0.0065150 0.0000000 0.0592670 0.0205204 0.0000000 0.0000000 0.0000000 0.0843481 0.2852172 0.0000000 0.0055257 0.0169272
 56 V  56 0.0639815 0.0000000 0.0000000 0.0000000 0.0108530 0.0000000 0.0000000 0.0000000 0.0000000 0.2635791 0.1163144 0.0000000 0.0058501 0.0000000 0.0000000 0.0000000 0.0322954 0.0000000 0.0000000 0.5071266
 57 S  57 0.0104878 0.0000000 0.0000000 0.0000000 0.0029347 0.0000000 0.0000000 0.0000000 0.0000000 0.0000000 0.0032094 0.0000000 0.0000000 0.0000000 0.0000000 0.9833682 0.0000000 0.0000000 0.0000000 0.0000000
 58 H  58 0.0026611 0.0216557 0.0094231 0.0000000 0.0000000 0.2020566 0.0000000 0.0000000 0.7241969 0.0000000 0.0000000 0.0055165 0.0000000 0.0148875 0.0000000 0.0093303 0.0047682 0.0000000 0.0055040 0.0000000
 59 Q  59 0.0109747 0.0047878 0.0042470 0.0084216 0.0000000 0.4326790 0.0000000 0.0038758 0.5241067 0.0000000 0.0000000 0.0000000 0.0043426 0.0000000 0.0000000 0.0030338 0.0017829 0.0000000 0.0000000 0.0017481
 60 L  60 0.0000000 0.0000000 0.0000000 0.0000000 0.0000000 0.0000000 0.0000000 0.0000000 0.0000000 0.0075663 0.8752888 0.0000000 0.1066475 0.0000000 0.0000000 0.0000000 0.0000000 0.0000000 0.0000000 0.0104974
 61 K  61 0.1367328 0.4815661 0.0210160 0.0000000 0.0021469 0.0162605 0.0000000 0.0140496 0.0028448 0.0000000 0.0000000 0.2631161 0.0053389 0.0000000 0.0000000 0.0444459 0.0124823 0.0000000 0.0000000 0.0000000
 62 L  62 0.0170165 0.0307752 0.0089046 0.0000000 0.0088829 0.0150478 0.0056487 0.0000000 0.0116624 0.1902533 0.2073121 0.1024599 0.0126478 0.0343807 0.0021693 0.0181548 0.0688258 0.0000000 0.0299087 0.2359494
 63 L  63 0.0000000 0.0000000 0.0000000 0.0000000 0.0000000 0.0000000 0.0000000 0.0000000 0.0000000 0.0000000 0.9630576 0.0000000 0.0317076 0.0052348 0.0000000 0.0000000 0.0000000 0.0000000 0.0000000 0.0000000
 64 K  64 0.0000000 0.5100550 0.0024549 0.0000000 0.0356950 0.0075311 0.0025483 0.0013409 0.0097703 0.0091884 0.0068461 0.3479877 0.0097952 0.0031940 0.0000000 0.0116051 0.0123227 0.0035776 0.0110578 0.0150299
 65 S  65 0.1061890 0.0148805 0.1437490 0.1761958 0.0000000 0.1575878 0.0919990 0.0231972 0.0149468 0.0064571 0.0378286 0.0726316 0.0252583 0.0077911 0.0000000 0.0614235 0.0397245 0.0078864 0.0029187 0.0093352
 66 V  66 0.3746926 0.0198799 0.0546541 0.0048207 0.0573071 0.0425230 0.0286410 0.0216444 0.0199616 0.0091688 0.1266551 0.0118981 0.0531335 0.0039612 0.0042197 0.0893064 0.0453317 0.0000000 0.0110362 0.0211646
 67 H  67 0.0057786 0.2368422 0.0641073 0.0303128 0.0000000 0.0268337 0.0120728 0.4799744 0.0337097 0.0000000 0.0000000 0.0996916 0.0000000 0.0000000 0.0000000 0.0089746 0.0000000 0.0017023 0.0000000 0.0000000
 68 L  68 0.0015267 0.0000000 0.0000000 0.0000000 0.0000000 0.0029464 0.0000000 0.0000000 0.0000000 0.1619089 0.7142100 0.0000000 0.0121407 0.0158162 0.0000000 0.0000000 0.0020040 0.0107303 0.0031125 0.0756042
 69 V  69 0.0410136 0.0000000 0.0000000 0.0000000 0.0032395 0.0000000 0.0000000 0.0000000 0.0000000 0.1108466 0.0499661 0.0000000 0.0000000 0.0000000 0.0000000 0.0000000 0.0054237 0.0000000 0.0000000 0.7895105
 70 K  70 0.0360168 0.1369552 0.0426017 0.0379635 0.0021930 0.0384426 0.0325999 0.0142087 0.0104201 0.0107206 0.0086311 0.3720717 0.0021469 0.0029424 0.0000000 0.0941435 0.1205386 0.0000000 0.0046216 0.0327820
 71 A  71 0.1032252 0.0351561 0.0417535 0.0387812 0.0168303 0.0112810 0.0469847 0.1260214 0.0056908 0.0024069 0.0000000 0.0064162 0.0030547 0.1040220 0.0128432 0.2127112 0.0632606 0.0055978 0.1168062 0.0471568
 72 K  72 0.0082826 0.6902648 0.0075609 0.0148801 0.0000000 0.0246690 0.1368481 0.0000000 0.0106909 0.0020178 0.0033461 0.0550111 0.0000000 0.0000000 0.0000000 0.0132725 0.0231833 0.0000000 0.0000000 0.0099730
 73 R  73 0.0029505 0.5973973 0.0000000 0.0000000 0.0000000 0.0216710 0.0000000 0.0000000 0.0027880 0.0000000 0.0000000 0.3696978 0.0000000 0.0000000 0.0028958 0.0000000 0.0025995 0.0000000 0.0000000 0.0000000
 74 Q  74 0.0349107 0.1126439 0.0131515 0.1528252 0.0024819 0.0902196 0.4184771 0.0038078 0.0176135 0.0122471 0.0034319 0.0411084 0.0012496 0.0000000 0.0000000 0.0494159 0.0035349 0.0000000 0.0027356 0.0401452
 75 G  75 0.0282059 0.0060388 0.0025526 0.0023743 0.0000000 0.0000000 0.0000000 0.9488198 0.0000000 0.0000000 0.0000000 0.0051218 0.0000000 0.0000000 0.0000000 0.0068868 0.0000000 0.0000000 0.0000000 0.0000000
 76 Q  76 0.0042534 0.2022484 0.0234716 0.0000000 0.0000000 0.0938429 0.0000000 0.0000000 0.0000000 0.0078096 0.0308397 0.4810532 0.0000000 0.0000000 0.0043586 0.0184575 0.1124706 0.0000000 0.0026725 0.0185221
 77 S  77 0.0112800 0.0495251 0.0998752 0.0000000 0.0000000 0.0644273 0.0704722 0.0000000 0.0335344 0.0305391 0.0430840 0.0271638 0.0502475 0.0352350 0.0000000 0.0815382 0.0946718 0.2531464 0.0111626 0.0440973
 78 M  78 0.0879841 0.0025530 0.0301177 0.0000000 0.0000000 0.0083402 0.0000000 0.0000000 0.0102724 0.2273345 0.0214978 0.0037486 0.0640193 0.0012678 0.0000000 0.0308952 0.0457374 0.0000000 0.0041671 0.4620650
 79 I  79 0.0038688 0.0173269 0.0124011 0.0014030 0.0069700 0.0021397 0.0046386 0.0000000 0.0547914 0.0732079 0.0452356 0.0000000 0.0105749 0.2374236 0.0000000 0.0020765 0.0018686 0.0074190 0.4778771 0.0407777
 80 Y  80 0.0000000 0.0000000 0.0000000 0.0000000 0.0036335 0.0000000 0.0000000 0.0000000 0.0027638 0.0000000 0.0000000 0.0000000 0.0000000 0.0052960 0.0000000 0.0000000 0.0000000 0.0000000 0.9883067 0.0000000
 81 S  81 0.0583608 0.1972018 0.0011434 0.0000000 0.0019687 0.0165770 0.0221160 0.0052812 0.0098496 0.0028152 0.0048565 0.0359770 0.0070065 0.0038370 0.0000000 0.5526846 0.0446579 0.0070909 0.0153517 0.0132242
 82 L  82 0.0356607 0.0000000 0.0000000 0.0000000 0.0047302 0.0073551 0.0037012 0.0000000 0.0082210 0.1381696 0.7063515 0.0016142 0.0035213 0.0068353 0.0070036 0.0013352 0.0015224 0.0000000 0.0046694 0.0693094
 83 D  83 0.2292597 0.0211976 0.1376580 0.2635004 0.0109442 0.0139402 0.0367217 0.0104254 0.0221793 0.0165172 0.0142924 0.0237302 0.0035808 0.0000000 0.0018866 0.0806132 0.0236443 0.0000000 0.0247199 0.0651889
 84 D  84 0.0063392 0.0132764 0.0683147 0.6968796 0.0030639 0.0099834 0.0299130 0.0078556 0.0075037 0.0104250 0.0078389 0.0180019 0.0085031 0.0000000 0.0605402 0.0212325 0.0226113 0.0000000 0.0049679 0.0027500
 85 I  85 0.0391027 0.0215457 0.0533171 0.1986296 0.0000000 0.0427946 0.2689566 0.0390261 0.0415899 0.0049771 0.0059513 0.0365123 0.0035830 0.0014940 0.1110790 0.0782697 0.0469057 0.0000000 0.0021219 0.0041437
 86 H  86 0.0587627 0.0457324 0.0324698 0.0167225 0.0087714 0.0094297 0.0554911 0.0121241 0.6372273 0.0000000 0.0070420 0.0327605 0.0010967 0.0035829 0.0038534 0.0126778 0.0149117 0.0000000 0.0085414 0.0388025
 87 V  87 0.0334261 0.0019014 0.0000000 0.0000000 0.0156038 0.0111912 0.0000000 0.0000000 0.0000000 0.2323939 0.1040169 0.0047718 0.0135578 0.0312395 0.0043149 0.0043443 0.0187634 0.0000000 0.0052312 0.5192438
 88 A  88 0.1435667 0.1354589 0.0358689 0.0102668 0.0012999 0.0585749 0.0685228 0.0285764 0.0187541 0.0546850 0.0985522 0.1153965 0.0303653 0.0329010 0.0018336 0.0602037 0.0284246 0.0020886 0.0258830 0.0487771
 89 T  89 0.0649899 0.0617509 0.0500689 0.0728673 0.0027892 0.1362419 0.1504988 0.0405567 0.0602394 0.0127567 0.0085470 0.0695605 0.0313671 0.0015105 0.0270857 0.0703548 0.1180486 0.0062758 0.0026439 0.0118464
 90 M  90 0.0057344 0.0012315 0.0019286 0.0031551 0.0000000 0.0016945 0.0000000 0.0000000 0.0000000 0.3349433 0.4667272 0.0000000 0.0531298 0.0141653 0.0000000 0.0022786 0.0071268 0.0000000 0.0018763 0.1060086
 91 L  91 0.0065149 0.0000000 0.0000000 0.0000000 0.0000000 0.0032221 0.0000000 0.0019315 0.0000000 0.2275026 0.3855793 0.0000000 0.0474306 0.1345176 0.0000000 0.0019026 0.0066289 0.0000000 0.0496776 0.1350924
 92 K  92 0.0865061 0.0662460 0.0812564 0.1420129 0.0023120 0.0930129 0.1337879 0.0282389 0.0358015 0.0090327 0.0514474 0.1106142 0.0106660 0.0036020 0.0000000 0.0579221 0.0438783 0.0000000 0.0111830 0.0324796
 93 Q  93 0.0306737 0.0057570 0.0281424 0.1179836 0.0093755 0.2280987 0.1096684 0.0190857 0.0153260 0.0531288 0.0933216 0.0334686 0.0435486 0.0251231 0.0047895 0.0399742 0.0627911 0.0191035 0.0060154 0.0546245
 94 A  94 0.3354340 0.0000000 0.0000000 0.0000000 0.0177721 0.0033627 0.0000000 0.2267160 0.0000000 0.0297537 0.0967094 0.0000000 0.0763588 0.0435013 0.0000000 0.0154932 0.0682221 0.0000000 0.0000000 0.0866767
 95 I  95 0.0391699 0.0568797 0.0058677 0.0071754 0.0017612 0.0088877 0.0077820 0.0050840 0.0049923 0.1611561 0.3674787 0.0176149 0.0692238 0.0798861 0.0000000 0.0172298 0.0082384 0.0000000 0.0447669 0.0968051
 96 H  96 0.1070824 0.0186935 0.0543379 0.1104270 0.0075483 0.0431978 0.3576314 0.0112029 0.0376121 0.0195852 0.0085596 0.0307283 0.0015890 0.0321389 0.0095386 0.0382700 0.0504243 0.0034890 0.0314857 0.0264580
 97 H  97 0.0132006 0.0039176 0.0345334 0.0000000 0.0038587 0.0371839 0.0097247 0.0000000 0.7770395 0.0300870 0.0220966 0.0125082 0.0103686 0.0131298 0.0000000 0.0106588 0.0038196 0.0000000 0.0144064 0.0034666
 98 A  98 0.2105063 0.0036132 0.0000000 0.0027182 0.0000000 0.0096324 0.0000000 0.0028059 0.0099098 0.2885684 0.1103316 0.0129840 0.0227783 0.0310018 0.0000000 0.0257845 0.0161552 0.0000000 0.0167691 0.2364415
 99 N  99 0.0670893 0.0829109 0.0582680 0.0825995 0.0419295 0.0657114 0.1664488 0.0349742 0.0105343 0.0093007 0.0266452 0.1142918 0.0087413 0.0102395 0.0300356 0.0681741 0.1042041 0.0000000 0.0067334 0.0111684
100 H 100 0.0065387 0.0071785 0.0037218 0.0358151 0.0264795 0.0053842 0.5421204 0.0032629 0.3101426 0.0024006 0.0063875 0.0136661 0.0000000 0.0000000 0.0024134 0.0292487 0.0052401 0.0000000 0.0000000 0.0000000
101 P 101 0.0268340 0.0341093 0.0251465 0.1706429 0.0000000 0.0926661 0.1338197 0.0786215 0.0128207 0.0066247 0.0294781 0.0453980 0.0046671 0.0115244 0.1537100 0.0422431 0.0481379 0.0000000 0.0045781 0.0789775
102 K 102 0.0467278 0.0998532 0.0288966 0.0766691 0.0045066 0.0604220 0.1554350 0.0168583 0.0534952 0.0115518 0.0148779 0.2501897 0.0040384 0.0000000 0.0222072 0.0326210 0.0699713 0.0000000 0.0000000 0.0516788
103 E 103 0.0526409 0.0777128 0.0353952 0.1850546 0.0102428 0.0951504 0.4172143 0.0446871 0.0192327 0.0000000 0.0000000 0.0346683 0.0000000 0.0000000 0.0101973 0.0178035 0.0000000 0.0000000 0.0000000 0.0000000
104 S 104 0.0000000 0.0093482 0.1691536 0.3021949 0.0566295 0.0081630 0.0252539 0.2442892 0.0000000 0.0092275 0.0076012 0.0201727 0.0000000 0.0000000 0.0569722 0.0670287 0.0160461 0.0000000 0.0000000 0.0079190
105 G 105 0.1224951 0.0169940 0.0000000 0.0466449 0.2595101 0.0000000 0.0000000 0.3333737 0.0000000 0.1289188 0.0000000 0.0226707 0.0000000 0.0000000 0.0000000 0.0230661 0.0194487 0.0000000 0.0268778 0.0000000
106 L 106 0.0000000 0.0000000 0.0000000 0.0000000 0.3529233 0.0000000 0.0000000 0.0000000 0.0000000 0.4504687 0.1153994 0.0000000 0.0000000 0.0000000 0.0000000 0.0000000 0.0000000 0.0000000 0.0000000 0.0812086
