  106         A         R         N         D         C         Q         E         G         H         I         L         K         M         F         P         S         T         W         Y         V         X    
  1 M   1 0.0000000 0.0000000 0.0000000 0.0000000 0.0000000 0.0000000 0.0000000 0.0000000 0.0000000 0.0037444 0.0102725 0.0000000 0.1124272 0.0000000 0.0000000 0.0000000 0.0000000 0.0000000 0.0000000 0.0086044 0.8649515
  2 A   2 0.0486704 0.0015454 0.0288216 0.0044444 0.0000000 0.0021098 0.0521212 0.0029049 0.0013205 0.0026735 0.0000000 0.0502623 0.0000000 0.0000000 0.0059563 0.0454482 0.0174481 0.0000000 0.0000000 0.0066149 0.7296586
  3 E   3 0.0363473 0.0067259 0.0092727 0.0341499 0.0000000 0.0177030 0.0742794 0.0020864 0.0014869 0.0000000 0.0000000 0.0112965 0.0000000 0.0000000 0.0204504 0.0245354 0.0225156 0.0000000 0.0014513 0.0405094 0.6971899
  4 Q   4 0.0143391 0.0753035 0.0190948 0.0190202 0.0032626 0.0434261 0.0282042 0.0000000 0.0136271 0.0049982 0.0099814 0.0627900 0.0018237 0.0016411 0.0353053 0.0261214 0.0181073 0.0064537 0.0062206 0.0069479 0.6033318
  5 Y   5 0.0648318 0.0509191 0.0083336 0.0113764 0.0013104 0.0128478 0.0509011 0.0048319 0.0149482 0.0069453 0.0390071 0.0535832 0.0114053 0.0262102 0.0261125 0.0263693 0.0215766 0.0026127 0.0058582 0.0252726 0.5347466
  6 S   6 0.0909482 0.0208783 0.0447085 0.0135131 0.0027031 0.0367727 0.0679263 0.0084343 0.0071147 0.0082017 0.0070263 0.0446940 0.0017170 0.0016485 0.0317284 0.0623819 0.0417179 0.0000000 0.0000000 0.0103330 0.4975521
  7 E   7 0.0324672 0.0459439 0.0252031 0.0243795 0.0010980 0.0233000 0.0431706 0.0019531 0.0047021 0.0224164 0.0647458 0.0329651 0.1388093 0.0042985 0.0836823 0.0224238 0.0184782 0.0000000 0.0000000 0.0059330 0.4040301
  8 I   8 0.0106431 0.0023823 0.0018924 0.0000000 0.0000000 0.0010997 0.0052080 0.0030178 0.0000000 0.0847414 0.2582081 0.0000000 0.0457332 0.0083960 0.2113144 0.0012102 0.0046145 0.0029016 0.0030799 0.0504253 0.3051321
  9 N   9 0.0358213 0.0084248 0.0467773 0.2180529 0.0000000 0.0339933 0.0780462 0.0116368 0.0046372 0.0010041 0.0033641 0.0355033 0.0089567 0.0000000 0.0783334 0.1281831 0.0424828 0.0000000 0.0029488 0.0024179 0.2594162
 10 T  10 0.0664146 0.0221473 0.0191465 0.1429796 0.0000000 0.0363786 0.2434950 0.0209011 0.0019377 0.0114787 0.0087859 0.0261171 0.0086854 0.0066233 0.0604210 0.0351982 0.0439862 0.0000000 0.0000000 0.0221948 0.2231088
 11 D  11 0.0676240 0.0177945 0.0381370 0.1851335 0.0017102 0.0299249 0.3102297 0.0158895 0.0084351 0.0087135 0.0046750 0.0377224 0.0024177 0.0000000 0.0168556 0.0190441 0.0276789 0.0000000 0.0034111 0.0211398 0.1834634
 12 T  12 0.0394499 0.0267481 0.0332679 0.1282343 0.0020952 0.0812289 0.1335655 0.0136553 0.0145177 0.0454068 0.0577152 0.0757462 0.0086873 0.0024488 0.0055909 0.0500678 0.1190517 0.0029999 0.0071347 0.0296036 0.1227844
 13 L  13 0.1562182 0.0055997 0.0000000 0.0028078 0.0042450 0.0017051 0.0024547 0.0011978 0.0020176 0.1488728 0.2614783 0.0000000 0.0424667 0.0519088 0.0055410 0.0092326 0.0275568 0.0000000 0.0880182 0.1025537 0.0861252
 14 E  14 0.0841168 0.0295410 0.0318515 0.0708983 0.0047138 0.1183005 0.2024594 0.0413234 0.0090530 0.0234544 0.0330137 0.0286401 0.0090355 0.0353978 0.0036862 0.0529659 0.0485906 0.0000000 0.0665994 0.0410108 0.0653481
 15 R  15 0.0650348 0.1007912 0.0354906 0.1685748 0.0000000 0.0504725 0.1503736 0.0580332 0.0229155 0.0158242 0.0526889 0.0805520 0.0078822 0.0039568 0.0183024 0.0413539 0.0394833 0.0000000 0.0096780 0.0252000 0.0533921
 16 V  16 0.1356756 0.0000000 0.0262621 0.0055282 0.0017734 0.0185446 0.0109436 0.0021541 0.0045419 0.0601345 0.3410052 0.0158452 0.0819236 0.0018808 0.0023820 0.0123188 0.0405290 0.0000000 0.0107388 0.1839345 0.0438842
 17 T  17 0.5597503 0.0036460 0.0055592 0.0000000 0.0035622 0.0046447 0.0193578 0.0252407 0.0017229 0.0077191 0.0058915 0.0000000 0.0000000 0.0000000 0.0000000 0.2117085 0.0434966 0.0000000 0.0000000 0.0754022 0.0322984
 18 E  18 0.0593709 0.0864264 0.0313765 0.1752223 0.0000000 0.0807255 0.3026363 0.0157353 0.0068461 0.0023069 0.0240012 0.1125680 0.0034510 0.0032502 0.0097251 0.0223838 0.0297277 0.0000000 0.0016563 0.0150570 0.0175335
 19 I  19 0.0149487 0.0074575 0.0015216 0.0000000 0.0070347 0.0038282 0.0063482 0.0056794 0.0039351 0.1924553 0.3115913 0.0035881 0.0418732 0.1374954 0.0000000 0.0102886 0.0988025 0.0020119 0.0079778 0.1311995 0.0119630
 20 F  20 0.0036203 0.0000000 0.0000000 0.0000000 0.0079198 0.0000000 0.0000000 0.0000000 0.0058360 0.0083096 0.1809231 0.0000000 0.0076248 0.7580627 0.0000000 0.0000000 0.0020540 0.0000000 0.0203937 0.0000000 0.0052560
 21 K  21 0.0116568 0.1171244 0.0000000 0.0093029 0.0000000 0.0377765 0.0082533 0.0221917 0.0206898 0.0000000 0.0000000 0.7379685 0.0000000 0.0000000 0.0000000 0.0278981 0.0036268 0.0000000 0.0000000 0.0000000 0.0035113
 22 A  22 0.5285203 0.0000000 0.0017306 0.0000000 0.0019653 0.0163966 0.0000000 0.0092993 0.0021271 0.0376841 0.1122517 0.0000000 0.0558607 0.0042463 0.0015902 0.0079009 0.0292737 0.0000000 0.0000000 0.1876418 0.0035113
 23 L  23 0.0000000 0.0000000 0.0000000 0.0000000 0.0017645 0.0024488 0.0000000 0.0000000 0.0000000 0.0468420 0.7253136 0.0000000 0.0373427 0.1644555 0.0000000 0.0000000 0.0030282 0.0000000 0.0013375 0.0139558 0.0035113
 24 G  24 0.2874205 0.0000000 0.0032616 0.0018917 0.0182699 0.0042079 0.0000000 0.3878563 0.0000000 0.0000000 0.0000000 0.0000000 0.0043129 0.0000000 0.0000000 0.2885033 0.0025685 0.0000000 0.0000000 0.0017073 0.0000000
 25 D  25 0.0234016 0.0000000 0.0656516 0.7822336 0.0000000 0.0000000 0.0191734 0.0000000 0.0595225 0.0000000 0.0000000 0.0000000 0.0000000 0.0000000 0.0000000 0.0189402 0.0245570 0.0000000 0.0000000 0.0065201 0.0000000
 26 Y  26 0.0439724 0.0111457 0.0109538 0.0243876 0.0000000 0.0151821 0.1049802 0.0250955 0.0034766 0.0035759 0.0083538 0.0479099 0.0049535 0.0089158 0.5489782 0.0806133 0.0392084 0.0000000 0.0071527 0.0111446 0.0000000
 27 N  27 0.0127716 0.0075880 0.1264150 0.0108262 0.0029799 0.0020572 0.0000000 0.0199606 0.0038609 0.0174358 0.0083063 0.0202225 0.0050992 0.0013999 0.0000000 0.0771309 0.6056535 0.0000000 0.0022213 0.0760711 0.0000000
 28 R  28 0.0000000 0.9944569 0.0000000 0.0000000 0.0000000 0.0000000 0.0000000 0.0000000 0.0000000 0.0000000 0.0000000 0.0055431 0.0000000 0.0000000 0.0000000 0.0000000 0.0000000 0.0000000 0.0000000 0.0000000 0.0000000
 29 I  29 0.0309114 0.0134467 0.0000000 0.0000000 0.0000000 0.0000000 0.0000000 0.0000000 0.0000000 0.2251758 0.5361293 0.0000000 0.0396396 0.0074446 0.0000000 0.0051480 0.0143381 0.0037933 0.0085318 0.1154415 0.0000000
 30 R  30 0.0477610 0.3649421 0.0122022 0.0000000 0.0000000 0.0746787 0.0056608 0.0128177 0.0143112 0.0022080 0.0336459 0.3492078 0.0386265 0.0022538 0.0000000 0.0193631 0.0165275 0.0000000 0.0029883 0.0028054 0.0000000
 31 I  31 0.0036460 0.0000000 0.0000000 0.0000000 0.0019940 0.0000000 0.0000000 0.0000000 0.0000000 0.7950971 0.1119294 0.0000000 0.0374129 0.0000000 0.0000000 0.0000000 0.0079712 0.0000000 0.0000000 0.0419495 0.0000000
 32 M  32 0.0291670 0.0000000 0.0000000 0.0000000 0.0000000 0.0000000 0.0000000 0.0000000 0.0000000 0.1436026 0.6123580 0.0000000 0.0470177 0.0230413 0.0000000 0.0018543 0.0135401 0.0000000 0.0000000 0.1294191 0.0000000
 33 E  33 0.0347249 0.0096900 0.0437261 0.0725441 0.0489213 0.0150327 0.0820656 0.0141368 0.0392303 0.0069659 0.0923836 0.0365085 0.0099358 0.0485789 0.0000000 0.1586322 0.0274159 0.0929557 0.1600567 0.0064948 0.0000000
 34 L  34 0.3248177 0.0242117 0.0017172 0.0044384 0.0108098 0.0328432 0.0149382 0.0000000 0.0148052 0.0606738 0.2968894 0.0037873 0.0901729 0.0117796 0.0000000 0.0314805 0.0132663 0.0000000 0.0185499 0.0448190 0.0000000
 35 L  35 0.0000000 0.0000000 0.0000000 0.0000000 0.0218585 0.0019645 0.0000000 0.0000000 0.0000000 0.0562358 0.8930204 0.0000000 0.0052770 0.0000000 0.0000000 0.0000000 0.0022939 0.0000000 0.0000000 0.0193499 0.0000000
 36 S  36 0.1466097 0.1253828 0.0206205 0.0126757 0.0507872 0.0444695 0.0419494 0.0265469 0.0084119 0.0197339 0.0992688 0.0467481 0.0313802 0.0632887 0.0000000 0.1916514 0.0299105 0.0017645 0.0116942 0.0271060 0.0000000
 37 V  37 0.0487566 0.0315552 0.0354942 0.0911380 0.0606436 0.1387266 0.2566547 0.0349537 0.0578279 0.0133992 0.0103383 0.0645690 0.0048423 0.0053170 0.0025075 0.0791569 0.0249019 0.0000000 0.0080754 0.0311421 0.0000000
 38 S  38 0.0378168 0.0927860 0.0278861 0.0332360 0.0137582 0.0470362 0.0913279 0.4433612 0.0341908 0.0000000 0.0018652 0.0537114 0.0000000 0.0000000 0.0024419 0.0987007 0.0203297 0.0000000 0.0000000 0.0015519 0.0000000
 39 E  39 0.0082640 0.0099960 0.0043228 0.0334457 0.0000000 0.0135402 0.8381472 0.0000000 0.0050223 0.0000000 0.0000000 0.0106439 0.0000000 0.0000000 0.0561990 0.0173131 0.0031057 0.0000000 0.0000000 0.0000000 0.0000000
 40 A  40 0.0843864 0.0822660 0.0022080 0.0000000 0.0505556 0.0106555 0.0169325 0.0000000 0.0170446 0.0088274 0.3803375 0.0815784 0.1583442 0.0102143 0.0000000 0.0299450 0.0059660 0.0050995 0.0168265 0.0388126 0.0000000
 41 S  41 0.0244469 0.0120775 0.0386015 0.0116632 0.6984334 0.0000000 0.0000000 0.0048899 0.0030294 0.0000000 0.0000000 0.0046984 0.0031038 0.0037828 0.0104678 0.1519453 0.0309461 0.0000000 0.0019140 0.0000000 0.0000000
 42 V  42 0.1126391 0.0000000 0.0000000 0.0000000 0.0000000 0.0000000 0.0000000 0.0098448 0.0000000 0.0019817 0.0000000 0.0000000 0.0000000 0.0000000 0.0032067 0.0070600 0.0113265 0.0000000 0.0000000 0.8539412 0.0000000
 43 G  43 0.0235259 0.0084116 0.0718920 0.0040309 0.5552711 0.0111385 0.0019377 0.1279888 0.0409561 0.0086597 0.0079285 0.0052449 0.0000000 0.0030689 0.0000000 0.0560706 0.0617165 0.0000000 0.0052906 0.0068675 0.0000000
 44 H  44 0.0316316 0.0029698 0.0325657 0.5110254 0.0121795 0.0241800 0.2890653 0.0054170 0.0382425 0.0000000 0.0000000 0.0376707 0.0000000 0.0000000 0.0000000 0.0021893 0.0091351 0.0000000 0.0000000 0.0037281 0.0000000
 45 I  45 0.0000000 0.0000000 0.0000000 0.0000000 0.0000000 0.0000000 0.0000000 0.0000000 0.0000000 0.4178542 0.4985328 0.0000000 0.0177836 0.0227617 0.0000000 0.0000000 0.0021848 0.0000000 0.0000000 0.0408828 0.0000000
 46 S  46 0.4550129 0.0000000 0.0053622 0.0000000 0.0302288 0.0204355 0.0379908 0.0081440 0.0000000 0.0166429 0.0927414 0.0000000 0.0292131 0.0032721 0.0000000 0.1056732 0.0877313 0.0038561 0.0020257 0.1016700 0.0000000
 47 H  47 0.1633260 0.0114484 0.0557665 0.1503434 0.0009886 0.0389337 0.3487385 0.0219222 0.0254760 0.0133934 0.0144986 0.0133208 0.0020364 0.0032757 0.0221904 0.0345966 0.0327278 0.0012420 0.0072766 0.0384983 0.0000000
 48 Q  48 0.1788845 0.0286935 0.0170598 0.0255084 0.0021031 0.0225065 0.0594893 0.0153613 0.0347568 0.1550455 0.1559258 0.0299501 0.0113040 0.0087117 0.0235782 0.0467477 0.0485306 0.0015249 0.0164352 0.1105904 0.0072925
 49 L  49 0.0203296 0.0000000 0.0000000 0.0030282 0.0047333 0.0000000 0.0000000 0.0000000 0.0012754 0.0790187 0.5569471 0.0000000 0.0232543 0.1257872 0.0000000 0.0077869 0.0434885 0.0000000 0.0000000 0.1343507 0.0000000
 50 N  50 0.0204790 0.0077157 0.1254472 0.1967539 0.0042459 0.0391235 0.1020871 0.3781965 0.0266167 0.0000000 0.0014421 0.0462012 0.0017400 0.0010268 0.0039418 0.0381826 0.0057289 0.0000000 0.0000000 0.0010711 0.0000000
 51 L  51 0.0510046 0.0051815 0.0000000 0.0016683 0.0065156 0.0130315 0.0030799 0.0021675 0.0023613 0.1093393 0.2263916 0.0346157 0.3252485 0.0345493 0.0000000 0.0435015 0.0301383 0.0000000 0.0028045 0.1084013 0.0000000
 52 S  52 0.0223302 0.0247446 0.0363838 0.0119677 0.0000000 0.0171601 0.0708135 0.0379917 0.0026735 0.0000000 0.0046427 0.0098771 0.0017170 0.0000000 0.0832476 0.4260826 0.2479850 0.0000000 0.0000000 0.0023830 0.0000000
 53 Q  53 0.0348885 0.0067362 0.0099429 0.0078248 0.0000000 0.6644818 0.0560252 0.0054073 0.0080166 0.0138918 0.0106504 0.0498553 0.0073164 0.0000000 0.0363435 0.0178690 0.0177083 0.0000000 0.0000000 0.0530418 0.0000000
 54 S  54 0.0955988 0.0000000 0.0025255 0.0000000 0.0000000 0.0034356 0.0000000 0.0000000 0.0000000 0.0000000 0.0000000 0.0000000 0.0000000 0.0000000 0.3264436 0.5417173 0.0302791 0.0000000 0.0000000 0.0000000 0.0000000
 55 N  55 0.4376747 0.0069182 0.0536762 0.0000000 0.0000000 0.0056938 0.0000000 0.0139779 0.0065255 0.0000000 0.0579971 0.0211043 0.0000000 0.0000000 0.0000000 0.0845360 0.2897040 0.0000000 0.0054741 0.0167184 0.0000000
 56 V  56 0.0632698 0.0000000 0.0000000 0.0000000 0.0108169 0.0000000 0.0000000 0.0000000 0.0000000 0.2652528 0.1169509 0.0000000 0.0058390 0.0000000 0.0000000 0.0000000 0.0320718 0.0000000 0.0000000 0.5057988 0.0000000
 57 S  57 0.0104488 0.0000000 0.0000000 0.0000000 0.0029260 0.0000000 0.0000000 0.0000000 0.0000000 0.0000000 0.0031961 0.0000000 0.0000000 0.0000000 0.0000000 0.9834291 0.0000000 0.0000000 0.0000000 0.0000000 0.0000000
 58 H  58 0.0026127 0.0225374 0.0093871 0.0000000 0.0000000 0.2000096 0.0000000 0.0000000 0.7251354 0.0000000 0.0000000 0.0055496 0.0000000 0.0150218 0.0000000 0.0092751 0.0047966 0.0000000 0.0056745 0.0000000 0.0000000
 59 Q  59 0.0105901 0.0047482 0.0042163 0.0083026 0.0000000 0.4291924 0.0000000 0.0038353 0.5285237 0.0000000 0.0000000 0.0000000 0.0040898 0.0000000 0.0000000 0.0030069 0.0017655 0.0000000 0.0000000 0.0017292 0.0000000
 60 L  60 0.0000000 0.0000000 0.0000000 0.0000000 0.0000000 0.0000000 0.0000000 0.0000000 0.0000000 0.0075530 0.8743572 0.0000000 0.1075260 0.0000000 0.0000000 0.0000000 0.0000000 0.0000000 0.0000000 0.0105638 0.0000000
 61 K  61 0.1362123 0.4787692 0.0212440 0.0000000 0.0021340 0.0159880 0.0000000 0.0137608 0.0028146 0.0000000 0.0000000 0.2670034 0.0053494 0.0000000 0.0000000 0.0442081 0.0125163 0.0000000 0.0000000 0.0000000 0.0000000
 62 L  62 0.0170073 0.0304407 0.0088746 0.0000000 0.0088019 0.0149551 0.0054829 0.0000000 0.0113887 0.1901724 0.2099344 0.1028364 0.0124794 0.0334930 0.0021271 0.0179239 0.0684799 0.0000000 0.0300092 0.2355930 0.0000000
 63 L  63 0.0000000 0.0000000 0.0000000 0.0000000 0.0000000 0.0000000 0.0000000 0.0000000 0.0000000 0.0000000 0.9634025 0.0000000 0.0313862 0.0052113 0.0000000 0.0000000 0.0000000 0.0000000 0.0000000 0.0000000 0.0000000
 64 K  64 0.0000000 0.5104198 0.0024151 0.0000000 0.0365564 0.0074985 0.0024513 0.0013247 0.0096460 0.0089629 0.0068201 0.3473069 0.0093887 0.0031038 0.0000000 0.0115605 0.0125388 0.0035120 0.0107866 0.0157079 0.0000000
 65 S  65 0.1047265 0.0147592 0.1429499 0.1747352 0.0000000 0.1587782 0.0969844 0.0225624 0.0146472 0.0063049 0.0374673 0.0724134 0.0249775 0.0077028 0.0000000 0.0609127 0.0395246 0.0078170 0.0029913 0.0097455 0.0000000
 66 V  66 0.3792341 0.0193109 0.0536233 0.0047739 0.0559175 0.0452811 0.0278672 0.0212141 0.0199534 0.0090365 0.1244591 0.0117318 0.0531249 0.0038910 0.0039650 0.0901053 0.0447741 0.0000000 0.0106210 0.0211156 0.0000000
 67 H  67 0.0055958 0.2331163 0.0663513 0.0308757 0.0000000 0.0263387 0.0118440 0.4843717 0.0332152 0.0000000 0.0000000 0.0977323 0.0000000 0.0000000 0.0000000 0.0088815 0.0000000 0.0016778 0.0000000 0.0000000 0.0000000
 68 L  68 0.0015206 0.0000000 0.0000000 0.0000000 0.0000000 0.0029061 0.0000000 0.0000000 0.0000000 0.1612249 0.7156738 0.0000000 0.0120015 0.0157522 0.0000000 0.0000000 0.0019684 0.0109447 0.0031632 0.0748445 0.0000000
 69 V  69 0.0403698 0.0000000 0.0000000 0.0000000 0.0031895 0.0000000 0.0000000 0.0000000 0.0000000 0.1123853 0.0515845 0.0000000 0.0000000 0.0000000 0.0000000 0.0000000 0.0052787 0.0000000 0.0000000 0.7871922 0.0000000
 70 K  70 0.0358111 0.1355944 0.0427488 0.0407307 0.0021896 0.0379236 0.0321547 0.0145790 0.0102737 0.0109524 0.0115505 0.3678629 0.0021340 0.0028605 0.0000000 0.0938601 0.1214543 0.0000000 0.0045429 0.0327767 0.0000000
 71 A  71 0.1024381 0.0356290 0.0413673 0.0400614 0.0190845 0.0108229 0.0471535 0.1252080 0.0056988 0.0023830 0.0000000 0.0063188 0.0029933 0.1027497 0.0154288 0.2133365 0.0621957 0.0055358 0.1152516 0.0463432 0.0000000
 72 K  72 0.0081745 0.6869557 0.0076000 0.0149026 0.0000000 0.0241862 0.1418715 0.0000000 0.0105329 0.0019987 0.0032583 0.0541665 0.0000000 0.0000000 0.0000000 0.0132959 0.0232385 0.0000000 0.0000000 0.0098186 0.0000000
 73 R  73 0.0029666 0.5962496 0.0000000 0.0000000 0.0000000 0.0222093 0.0000000 0.0000000 0.0027320 0.0000000 0.0000000 0.3703868 0.0000000 0.0000000 0.0028780 0.0000000 0.0025776 0.0000000 0.0000000 0.0000000 0.0000000
 74 Q  74 0.0347567 0.1175793 0.0129254 0.1503443 0.0024690 0.0892548 0.4188287 0.0038608 0.0180528 0.0123216 0.0032916 0.0407969 0.0012385 0.0000000 0.0000000 0.0485220 0.0035158 0.0000000 0.0027375 0.0395043 0.0000000
 75 G  75 0.0279795 0.0059184 0.0025201 0.0024563 0.0000000 0.0000000 0.0000000 0.9489729 0.0000000 0.0000000 0.0000000 0.0051047 0.0000000 0.0000000 0.0000000 0.0070481 0.0000000 0.0000000 0.0000000 0.0000000 0.0000000
 76 Q  76 0.0044314 0.2032851 0.0228740 0.0000000 0.0000000 0.0937770 0.0000000 0.0000000 0.0000000 0.0076225 0.0309645 0.4763014 0.0000000 0.0000000 0.0043129 0.0185362 0.1165530 0.0000000 0.0026659 0.0186761 0.0000000
 77 S  77 0.0111143 0.0488580 0.0985255 0.0000000 0.0000000 0.0633176 0.0693240 0.0000000 0.0331104 0.0299161 0.0424515 0.0269194 0.0493946 0.0346750 0.0000000 0.0800071 0.0933424 0.2608389 0.0112347 0.0469705 0.0000000
 78 M  78 0.0876745 0.0025163 0.0295579 0.0000000 0.0000000 0.0088465 0.0000000 0.0000000 0.0101421 0.2261158 0.0210356 0.0036733 0.0634099 0.0012596 0.0000000 0.0307236 0.0462117 0.0000000 0.0040967 0.4647364 0.0000000
 79 I  79 0.0039022 0.0172149 0.0123936 0.0014140 0.0069998 0.0021127 0.0044777 0.0000000 0.0554320 0.0721959 0.0444712 0.0000000 0.0103206 0.2340203 0.0000000 0.0020573 0.0018556 0.0073714 0.4830604 0.0407004 0.0000000
 80 Y  80 0.0000000 0.0000000 0.0000000 0.0000000 0.0036607 0.0000000 0.0000000 0.0000000 0.0027627 0.0000000 0.0000000 0.0000000 0.0000000 0.0052652 0.0000000 0.0000000 0.0000000 0.0000000 0.9883114 0.0000000 0.0000000
 81 S  81 0.0572261 0.2011082 0.0011179 0.0000000 0.0018731 0.0163886 0.0218407 0.0051834 0.0095860 0.0027537 0.0046231 0.0353892 0.0069796 0.0036958 0.0000000 0.5472621 0.0445059 0.0079268 0.0153180 0.0130134 0.0042084
 82 L  82 0.0348349 0.0000000 0.0000000 0.0000000 0.0046058 0.0072253 0.0036401 0.0000000 0.0078876 0.1369982 0.7005961 0.0015632 0.0034072 0.0068904 0.0068478 0.0012660 0.0015470 0.0000000 0.0045616 0.0701296 0.0079996
 83 D  83 0.2274905 0.0212680 0.1378091 0.2564256 0.0106138 0.0135729 0.0366123 0.0099389 0.0218015 0.0165320 0.0140973 0.0236546 0.0034604 0.0000000 0.0018535 0.0793141 0.0229500 0.0000000 0.0244987 0.0647881 0.0133189
 84 D  84 0.0061657 0.0130828 0.0661480 0.6776177 0.0029778 0.0095242 0.0296068 0.0076675 0.0074481 0.0098555 0.0076518 0.0179234 0.0082745 0.0000000 0.0614151 0.0211200 0.0232992 0.0000000 0.0048979 0.0026834 0.0226406
 85 I  85 0.0409664 0.0208476 0.0516076 0.1933941 0.0000000 0.0414299 0.2629301 0.0387683 0.0407278 0.0046531 0.0057799 0.0353232 0.0034509 0.0014412 0.1080153 0.0766365 0.0464190 0.0000000 0.0019821 0.0039525 0.0216745
 86 H  86 0.0578357 0.0442206 0.0308591 0.0159319 0.0085387 0.0091141 0.0539861 0.0118734 0.6142858 0.0000000 0.0068506 0.0314875 0.0011174 0.0036860 0.0036609 0.0121827 0.0146280 0.0000000 0.0080719 0.0397676 0.0319020
 87 V  87 0.0319889 0.0018028 0.0000000 0.0000000 0.0146202 0.0106423 0.0000000 0.0000000 0.0000000 0.2227356 0.1021226 0.0045142 0.0136498 0.0307789 0.0040360 0.0040997 0.0175752 0.0000000 0.0050028 0.5020401 0.0343908
 88 A  88 0.1380549 0.1289759 0.0337693 0.0097297 0.0012529 0.0579685 0.0659642 0.0273489 0.0176081 0.0523815 0.0940937 0.1106223 0.0287916 0.0316585 0.0017745 0.0575107 0.0304175 0.0020257 0.0248691 0.0466967 0.0384858
 89 T  89 0.0632529 0.0593357 0.0486150 0.0737842 0.0026775 0.1313134 0.1445490 0.0385322 0.0575443 0.0120987 0.0081534 0.0665484 0.0299757 0.0014140 0.0258841 0.0677192 0.1135242 0.0059545 0.0025165 0.0112808 0.0353263
 90 M  90 0.0052146 0.0011430 0.0017683 0.0028966 0.0000000 0.0015589 0.0000000 0.0000000 0.0000000 0.3144975 0.4418203 0.0000000 0.0504223 0.0132320 0.0000000 0.0021458 0.0065869 0.0000000 0.0017291 0.0992496 0.0577350
 91 L  91 0.0057162 0.0000000 0.0000000 0.0000000 0.0000000 0.0028078 0.0000000 0.0016771 0.0000000 0.2052245 0.3498863 0.0000000 0.0419627 0.1209942 0.0000000 0.0016478 0.0058262 0.0000000 0.0445790 0.1217484 0.0979300
 92 K  92 0.0781018 0.0627040 0.0735288 0.1294030 0.0020790 0.0839295 0.1218174 0.0259005 0.0321692 0.0081645 0.0458784 0.0997055 0.0095515 0.0032577 0.0000000 0.0528100 0.0395663 0.0000000 0.0101112 0.0290553 0.0922665
 93 Q  93 0.0275099 0.0050210 0.0279327 0.1053713 0.0085291 0.2041319 0.0981253 0.0167728 0.0135755 0.0474123 0.0834924 0.0298864 0.0387939 0.0219983 0.0042627 0.0358074 0.0556941 0.0180863 0.0054081 0.0485014 0.1036870
 94 A  94 0.2994304 0.0000000 0.0000000 0.0000000 0.0157196 0.0029818 0.0000000 0.2031902 0.0000000 0.0265911 0.0858786 0.0000000 0.0679775 0.0394890 0.0000000 0.0138652 0.0607164 0.0000000 0.0000000 0.0809527 0.1032076
 95 I  95 0.0331543 0.0483980 0.0049638 0.0060305 0.0014599 0.0077325 0.0065748 0.0042786 0.0040753 0.1356043 0.3138641 0.0149330 0.0584252 0.0679169 0.0000000 0.0144914 0.0068722 0.0000000 0.0377667 0.0822237 0.1512347
 96 H  96 0.0893408 0.0153920 0.0446642 0.0921993 0.0061924 0.0362374 0.3001869 0.0092955 0.0310287 0.0162993 0.0071041 0.0253162 0.0013133 0.0267666 0.0079926 0.0319460 0.0418460 0.0029666 0.0265368 0.0219875 0.1653878
 97 H  97 0.0103986 0.0030178 0.0273575 0.0000000 0.0030089 0.0292543 0.0076393 0.0000000 0.6132818 0.0231698 0.0171678 0.0096547 0.0080576 0.0107117 0.0000000 0.0082119 0.0029606 0.0000000 0.0114496 0.0027113 0.2119468
 98 A  98 0.1652907 0.0027812 0.0000000 0.0021102 0.0000000 0.0077635 0.0000000 0.0021649 0.0078379 0.2270787 0.0860566 0.0102259 0.0177933 0.0239227 0.0000000 0.0202518 0.0126619 0.0000000 0.0132128 0.1882841 0.2125638
 99 N  99 0.0509468 0.0629618 0.0439618 0.0627143 0.0314479 0.0507525 0.1271941 0.0301809 0.0079988 0.0071500 0.0203199 0.0869562 0.0067149 0.0076516 0.0227885 0.0513646 0.0787192 0.0000000 0.0050513 0.0086393 0.2364855
100 H 100 0.0048555 0.0050586 0.0027810 0.0262260 0.0192795 0.0039301 0.3999955 0.0023206 0.2268123 0.0017135 0.0046515 0.0098677 0.0000000 0.0000000 0.0017354 0.0212113 0.0037473 0.0000000 0.0000000 0.0000000 0.2658142
101 P 101 0.0109117 0.0137163 0.0102223 0.0709340 0.0000000 0.0382170 0.0551075 0.0324009 0.0052448 0.0027288 0.0119910 0.0187520 0.0019140 0.0045651 0.0626459 0.0172911 0.0196654 0.0000000 0.0018899 0.0326418 0.5891606
102 K 102 0.0167212 0.0359647 0.0105310 0.0273342 0.0015971 0.0218126 0.0568060 0.0060528 0.0194026 0.0041466 0.0053127 0.0894609 0.0014408 0.0000000 0.0078508 0.0114531 0.0248430 0.0000000 0.0000000 0.0184350 0.6408351
103 E 103 0.0135395 0.0200961 0.0090302 0.0477184 0.0025469 0.0247343 0.1073574 0.0113032 0.0048819 0.0000000 0.0000000 0.0088357 0.0000000 0.0000000 0.0024666 0.0045079 0.0000000 0.0000000 0.0000000 0.0000000 0.7429818
104 S 104 0.0000000 0.0017578 0.0327154 0.0576755 0.0106458 0.0015523 0.0047116 0.0465902 0.0000000 0.0017547 0.0014315 0.0038145 0.0000000 0.0000000 0.0108456 0.0127320 0.0031149 0.0000000 0.0000000 0.0014964 0.8091618
105 G 105 0.0150384 0.0020364 0.0000000 0.0056153 0.0320972 0.0000000 0.0000000 0.0409244 0.0000000 0.0155671 0.0000000 0.0026588 0.0000000 0.0000000 0.0000000 0.0028605 0.0023313 0.0000000 0.0032616 0.0000000 0.8776090
106 L 106 0.0000000 0.0000000 0.0000000 0.0000000 0.0268778 0.0000000 0.0000000 0.0000000 0.0000000 0.0351964 0.0084467 0.0000000 0.0000000 0.0000000 0.0000000 0.0000000 0.0000000 0.0000000 0.0000000 0.0059517 0.9235274
