  110         A         R         N         D         C         Q         E         G         H         I         L         K         M         F         P         S         T         W         Y         V    
  1 S   1 0.0709796 0.0000000 0.0000000 0.0000000 0.0000000 0.0000000 0.0000000 0.0000000 0.0000000 0.0000000 0.0000000 0.0000000 0.0000000 0.0000000 0.0000000 0.4159527 0.5130678 0.0000000 0.0000000 0.0000000
  2 I   2 0.0618858 0.0169864 0.0302666 0.0186091 0.0000000 0.0000000 0.0000000 0.0769750 0.0000000 0.1214703 0.1070599 0.0000000 0.1962131 0.0320937 0.0511960 0.0997410 0.0636274 0.0000000 0.0155714 0.1083043
  3 T   3 0.1345733 0.0000000 0.0164627 0.0234538 0.0000000 0.0175074 0.0274832 0.0000000 0.0551297 0.0000000 0.0000000 0.0000000 0.0136216 0.0000000 0.0000000 0.2179622 0.4938062 0.0000000 0.0000000 0.0000000
  4 S   4 0.1676784 0.0000000 0.0343034 0.0000000 0.0000000 0.0283513 0.0210350 0.0898214 0.0107870 0.1023504 0.0952467 0.0079219 0.0401779 0.0758970 0.0170231 0.2184822 0.0383874 0.0087407 0.0307856 0.0130107
  5 G   5 0.1203348 0.0637913 0.2441790 0.0000000 0.0096425 0.0000000 0.0367011 0.1032278 0.0189390 0.0000000 0.0099264 0.0168075 0.0293235 0.0000000 0.0227600 0.1649216 0.1340805 0.0000000 0.0158724 0.0094927
  6 S   6 0.1088015 0.0244173 0.0361070 0.0310301 0.0000000 0.0960589 0.0178328 0.2327063 0.0065768 0.0000000 0.0000000 0.0363108 0.0116756 0.0000000 0.1132241 0.1485194 0.1135620 0.0000000 0.0000000 0.0231773
  7 S   7 0.1302037 0.0113096 0.0319702 0.0557967 0.0132010 0.0106704 0.0068040 0.0197604 0.0000000 0.0000000 0.0937398 0.0000000 0.0087347 0.0000000 0.2584950 0.2285412 0.0789611 0.0000000 0.0518123 0.0000000
  8 L   8 0.0661603 0.0441534 0.0216737 0.0211422 0.0000000 0.0907341 0.0335523 0.0211180 0.0057863 0.0913884 0.2934457 0.0271008 0.0119597 0.0311997 0.0340810 0.0284949 0.0820398 0.0000000 0.0185445 0.0774251
  9 P   9 0.0316170 0.0627000 0.0055323 0.0110738 0.0000000 0.0542012 0.0149954 0.0246287 0.0000000 0.0212890 0.0432584 0.0381551 0.0000000 0.0095886 0.4902489 0.0823516 0.0816385 0.0000000 0.0000000 0.0287214
 10 D  10 0.0343260 0.0304148 0.1034050 0.1106941 0.0139769 0.0096050 0.1428938 0.1043262 0.0453300 0.0465445 0.0000000 0.0663128 0.0400426 0.0000000 0.0581904 0.1462645 0.0197136 0.0000000 0.0059765 0.0219832
 11 G  11 0.0489668 0.0656282 0.0738318 0.0225496 0.0000000 0.0271780 0.0979476 0.1156831 0.0367798 0.0295581 0.0335863 0.0608154 0.0000000 0.0026641 0.0279028 0.1666831 0.1330159 0.0061482 0.0390095 0.0120520
 12 C  12 0.1022512 0.0630791 0.0109833 0.0547182 0.0387670 0.0583877 0.2229245 0.0245457 0.0249907 0.0286154 0.0464758 0.0214041 0.0242695 0.0215026 0.0453806 0.1157578 0.0327513 0.0134811 0.0101216 0.0395929
 13 E  13 0.0247211 0.0876635 0.0358355 0.1768444 0.0291283 0.0278012 0.2223540 0.0242774 0.0060191 0.0261202 0.0621130 0.0487906 0.0000000 0.0000000 0.0469638 0.1000008 0.0443735 0.0000000 0.0107430 0.0262506
 14 G  14 0.0599988 0.1169495 0.0795399 0.0860485 0.0099183 0.0043071 0.1562869 0.0391526 0.0260682 0.0051611 0.0686100 0.0581268 0.0021449 0.0110314 0.0663078 0.1484348 0.0169193 0.0000000 0.0085733 0.0364206
 15 R  15 0.0427244 0.0552191 0.0261217 0.0662136 0.0085065 0.0362643 0.1149288 0.0332179 0.0186383 0.0490410 0.0544433 0.0895680 0.0235410 0.0190957 0.1423125 0.1333276 0.0463073 0.0000000 0.0112969 0.0292320
 16 G  16 0.0244559 0.1743496 0.1093864 0.0393557 0.0128501 0.0945487 0.0414476 0.0259150 0.0363112 0.0373377 0.0117204 0.0857055 0.0116317 0.0051988 0.1551051 0.0483385 0.0265633 0.0000000 0.0107638 0.0490149
 17 L  17 0.0034674 0.0078465 0.0052023 0.0137090 0.0026803 0.0152277 0.0506550 0.0080470 0.0368659 0.0780937 0.5008640 0.0083170 0.0721977 0.0604488 0.0072967 0.0704510 0.0190321 0.0049182 0.0196974 0.0149825
 18 S  18 0.0325290 0.0200129 0.1232509 0.0548226 0.0072439 0.0296632 0.0266695 0.0208690 0.0193977 0.0470648 0.1220052 0.0644587 0.0112892 0.0000000 0.1072968 0.1443304 0.1105673 0.0077779 0.0039817 0.0467690
 19 V  19 0.0666838 0.0452416 0.0433522 0.0409727 0.0360906 0.0108635 0.0521284 0.0123191 0.0230578 0.0652258 0.0320271 0.1036164 0.0094199 0.0053149 0.0419422 0.0759035 0.0808407 0.0000000 0.0314643 0.2235356
 20 H  20 0.0130006 0.0549894 0.1220202 0.0611480 0.0129972 0.0287925 0.0260094 0.0234690 0.0706763 0.0091593 0.0622349 0.0399059 0.0356728 0.0196187 0.0571290 0.1833226 0.0957251 0.0000000 0.0685548 0.0155743
 21 T  21 0.1068912 0.0405402 0.0216558 0.1105642 0.0151907 0.0114267 0.0300537 0.0134279 0.0118736 0.1382439 0.0386522 0.0741946 0.0449442 0.0086518 0.0029856 0.1343048 0.1214323 0.0000000 0.0080356 0.0669310
 22 D  22 0.0225200 0.0350542 0.0742814 0.1867279 0.0042822 0.0599942 0.1227279 0.0062591 0.0120261 0.0124074 0.0282063 0.2106083 0.0000000 0.0000000 0.0428966 0.1191714 0.0590698 0.0000000 0.0000000 0.0037673
 23 M  23 0.0163447 0.0000000 0.0099474 0.0040978 0.0072911 0.0027140 0.0000000 0.0000000 0.0000000 0.1328137 0.4194133 0.0299916 0.2533036 0.0158894 0.0244778 0.0099043 0.0094750 0.0134885 0.0220716 0.0287764
 24 A  24 0.1384048 0.0418515 0.0333744 0.0317375 0.0020701 0.0347750 0.2528185 0.0431250 0.0237852 0.0211823 0.0318396 0.0929173 0.0276674 0.0159329 0.0239396 0.1287280 0.0075315 0.0050467 0.0144810 0.0287919
 25 S  25 0.1446265 0.1150481 0.0303495 0.0904386 0.0116781 0.0266403 0.1184152 0.0280765 0.0095558 0.0195841 0.0153880 0.0927633 0.0431473 0.0139830 0.0091068 0.0820217 0.0897761 0.0218440 0.0075575 0.0299994
 26 V  26 0.0178191 0.0086048 0.0000000 0.0000000 0.0070486 0.0000000 0.0000000 0.0000000 0.0000000 0.3514630 0.3295606 0.0000000 0.0268218 0.0054555 0.0000000 0.0000000 0.0169696 0.0044620 0.0187950 0.2130000
 27 T  27 0.2411510 0.0087250 0.0044548 0.0000000 0.0188897 0.0000000 0.0055231 0.0025372 0.0110320 0.0982910 0.0931605 0.0127235 0.0129145 0.0151301 0.0000000 0.0222685 0.0132794 0.0356523 0.0708957 0.3333716
 28 K  28 0.0362978 0.1679270 0.0209402 0.0602498 0.0000000 0.0992781 0.2248033 0.0031314 0.0478848 0.0311211 0.0402185 0.1327016 0.0134844 0.0000000 0.0000000 0.0209967 0.0461468 0.0000000 0.0082163 0.0466020
 29 A  29 0.2216116 0.0637986 0.0088869 0.0424032 0.0112904 0.0550665 0.1370248 0.0166270 0.0150280 0.0226056 0.0451981 0.1183240 0.0392805 0.0065922 0.0000000 0.0798338 0.0380086 0.0000000 0.0061137 0.0723065
 30 M  30 0.0000000 0.0000000 0.0000000 0.0000000 0.0000000 0.0000000 0.0000000 0.0000000 0.0000000 0.1271825 0.2046326 0.0028935 0.5892505 0.0562831 0.0000000 0.0046692 0.0044017 0.0000000 0.0000000 0.0106868
 31 A  31 0.0906856 0.1646582 0.0050426 0.0000000 0.0328026 0.3008954 0.0059491 0.0000000 0.0228454 0.0293290 0.0808876 0.1238127 0.0463051 0.0130224 0.0000000 0.0248014 0.0215360 0.0000000 0.0113422 0.0260847
 32 A  32 0.0682226 0.0556202 0.0636653 0.2809831 0.0041013 0.0901293 0.0496717 0.0442557 0.1317332 0.0034620 0.0587829 0.0207315 0.0177314 0.0032444 0.0000000 0.0644632 0.0314378 0.0000000 0.0016770 0.0100875
 33 P  33 0.0568878 0.0468087 0.0113395 0.0274516 0.0129784 0.0272897 0.0802532 0.0386467 0.0142124 0.0069228 0.0221689 0.0482396 0.0000000 0.0221821 0.3896832 0.1154627 0.0415836 0.0000000 0.0166092 0.0212798
 34 E  34 0.0174830 0.0620909 0.0807834 0.2094379 0.0048090 0.0534586 0.1779034 0.0305646 0.0434239 0.0044304 0.0322854 0.0835377 0.0000000 0.0082242 0.0111863 0.1074148 0.0558938 0.0000000 0.0062525 0.0108201
 35 S  35 0.0394842 0.0281927 0.1081262 0.0335620 0.0048851 0.0716229 0.0101068 0.0640723 0.0154380 0.0126044 0.0118413 0.0657739 0.0133421 0.0000000 0.0145208 0.2840170 0.1848309 0.0000000 0.0167363 0.0208430
 36 G  36 0.0314825 0.0064804 0.0241378 0.0204083 0.0111775 0.0148931 0.0100439 0.7852968 0.0073846 0.0047559 0.0020910 0.0053063 0.0000000 0.0000000 0.0264689 0.0234385 0.0233799 0.0000000 0.0000000 0.0032545
 37 L  37 0.0000000 0.0000000 0.0106561 0.0035085 0.0000000 0.0059295 0.0000000 0.0019234 0.0088357 0.2139015 0.3290918 0.0066734 0.0710049 0.0016798 0.0135822 0.0159227 0.0077292 0.0000000 0.0000000 0.3095614
 38 E  38 0.0309150 0.0813294 0.0121876 0.0444889 0.0343635 0.0440134 0.1551042 0.0198851 0.0000000 0.0145800 0.0515731 0.1267227 0.0220502 0.0024608 0.2418776 0.0278964 0.0363039 0.0000000 0.0030938 0.0511544
 39 V  39 0.0000000 0.0115164 0.0000000 0.0030490 0.0047825 0.0021373 0.0207412 0.0100873 0.0025017 0.3148132 0.2000206 0.0000000 0.0745909 0.0791151 0.0190525 0.0090471 0.0380715 0.0000000 0.0015484 0.2089252
 40 R  40 0.0245933 0.3088136 0.0062014 0.0032456 0.0024808 0.1127283 0.0037593 0.0403219 0.0043583 0.0145337 0.0537806 0.3015506 0.0267859 0.0040856 0.0000000 0.0420304 0.0157080 0.0000000 0.0031604 0.0318622
 41 D  41 0.0095325 0.0322458 0.1229042 0.4309197 0.0000000 0.0122116 0.0595684 0.0046657 0.0082524 0.0000000 0.0103099 0.0453307 0.0027663 0.0031629 0.0339980 0.0791274 0.1289729 0.0000000 0.0025176 0.0135140
 42 R  42 0.0059772 0.5457836 0.0271252 0.0033184 0.0063235 0.1031061 0.0152645 0.0036846 0.1324123 0.0143090 0.0248847 0.0470549 0.0024331 0.0000000 0.0000000 0.0000000 0.0014092 0.0000000 0.0052046 0.0617090
 43 M  43 0.0033931 0.3287342 0.0096464 0.0225562 0.0021043 0.0400074 0.0428265 0.0009148 0.0084888 0.0112196 0.0255785 0.2321753 0.0737770 0.0189125 0.0087907 0.0147149 0.0987923 0.0086608 0.0143885 0.0343182
 44 W  44 0.0181503 0.0496397 0.0113322 0.0012279 0.0312219 0.0375733 0.0298732 0.0117394 0.0614868 0.0202144 0.0778601 0.0684526 0.0157364 0.0248769 0.0078249 0.0716692 0.0285449 0.2129963 0.1548732 0.0647063
 45 L  45 0.0036005 0.1170974 0.0576146 0.0300330 0.0000000 0.0461465 0.0155614 0.0714839 0.2147747 0.0099871 0.2033195 0.0785055 0.0153645 0.0841668 0.0020517 0.0115892 0.0045666 0.0135375 0.0158606 0.0047391
 46 K  46 0.0175485 0.0181211 0.0189609 0.0212677 0.0000000 0.0042264 0.0141807 0.0728340 0.0117280 0.0543095 0.3538792 0.1333387 0.0755900 0.0811988 0.0163059 0.0212432 0.0138016 0.0297539 0.0064669 0.0352449
 47 I  47 0.0083813 0.2199652 0.0157853 0.0050266 0.0063757 0.0206969 0.0091556 0.0362325 0.0057633 0.1036052 0.0351066 0.2508193 0.0063144 0.0026446 0.0044698 0.1098712 0.1259847 0.0057789 0.0044258 0.0235970
 48 T  48 0.0247884 0.0687732 0.0147188 0.0058309 0.0028533 0.0116553 0.0042263 0.0066031 0.0140923 0.0536689 0.1138587 0.1051745 0.0119734 0.0288758 0.0297553 0.0844115 0.2966316 0.0000000 0.0096677 0.1124410
 49 I  49 0.0013815 0.0065637 0.0000000 0.0029076 0.0033989 0.0000000 0.0000000 0.0000000 0.1233341 0.2119170 0.0119015 0.0030547 0.0103642 0.0934698 0.0317847 0.0256092 0.0079376 0.0000000 0.3708734 0.0955020
 50 P  50 0.0475679 0.1195080 0.0409074 0.0246377 0.0000000 0.0244600 0.0438133 0.0170429 0.0235591 0.0012066 0.0119215 0.1529786 0.0000000 0.0000000 0.3448745 0.0638733 0.0398533 0.0036290 0.0311098 0.0090571
 51 N  51 0.0123562 0.0758511 0.3070325 0.0945253 0.0110429 0.0660144 0.0173007 0.0396663 0.0932887 0.0000000 0.0038288 0.0874972 0.0311277 0.0021296 0.0014929 0.1369059 0.0034999 0.0000000 0.0164399 0.0000000
 52 A  52 0.1807193 0.0000000 0.0000000 0.0000000 0.4351613 0.0000000 0.0000000 0.0020449 0.0000000 0.0061730 0.0000000 0.0000000 0.0032551 0.0000000 0.0000000 0.1128064 0.1031108 0.0000000 0.0027178 0.1540115
 53 F  53 0.0140951 0.0000000 0.0000000 0.0000000 0.0396932 0.0000000 0.0000000 0.0035573 0.0000000 0.0341515 0.0200028 0.0000000 0.0401983 0.7755321 0.0000000 0.0023460 0.0011531 0.0044584 0.0021687 0.0626435
 54 L  54 0.0330532 0.0171345 0.0069448 0.0074297 0.0112019 0.0030921 0.0072636 0.0017765 0.0044678 0.1682509 0.1249761 0.0117035 0.0357917 0.0077754 0.0276468 0.0734921 0.2727194 0.0026500 0.0084988 0.1741313
 55 G  55 0.0911301 0.0000000 0.0000000 0.0031312 0.0022452 0.0000000 0.0000000 0.8385975 0.0000000 0.0000000 0.0000000 0.0000000 0.0000000 0.0000000 0.0026348 0.0588286 0.0034325 0.0000000 0.0000000 0.0000000
 56 S  56 0.1532693 0.0537149 0.0607397 0.0089389 0.0439705 0.0223885 0.0402693 0.0162298 0.0104537 0.0273761 0.0104147 0.0794772 0.0095916 0.0289839 0.0000000 0.3342616 0.0694524 0.0000000 0.0226183 0.0078496
 57 D  57 0.0329208 0.0033369 0.0064145 0.3975879 0.0103514 0.0260149 0.4635996 0.0012392 0.0000000 0.0029990 0.0012266 0.0224801 0.0009070 0.0017925 0.0000000 0.0102838 0.0095796 0.0000000 0.0049606 0.0043057
 58 V  58 0.2899860 0.0000000 0.0000000 0.0000000 0.0098833 0.0000000 0.0000000 0.0064249 0.0000000 0.0670735 0.3384585 0.0000000 0.0756192 0.0802261 0.0000000 0.0026930 0.0053268 0.0000000 0.0000000 0.1243088
 59 V  59 0.0204265 0.0027673 0.0000000 0.0000000 0.0018062 0.0000000 0.0000000 0.0000000 0.0000000 0.1578517 0.0209576 0.0000000 0.0158262 0.0062575 0.0000000 0.0027080 0.0464884 0.0000000 0.0000000 0.7249107
 60 D  60 0.0496201 0.0065588 0.0884666 0.4492256 0.0037623 0.0733297 0.1240243 0.0140361 0.0213953 0.0010703 0.0093405 0.0085587 0.0021259 0.0000000 0.0041464 0.0692910 0.0641104 0.0028561 0.0027192 0.0053625
 61 W  61 0.0070248 0.0030784 0.0000000 0.0000000 0.0014596 0.0027035 0.0027672 0.0106207 0.0177904 0.0057631 0.0088265 0.0037589 0.0000000 0.0345770 0.0000000 0.0000000 0.0020767 0.8478332 0.0147880 0.0369321
 62 L  62 0.0052008 0.0032592 0.0000000 0.0000000 0.0032139 0.0014485 0.0000000 0.0000000 0.0000000 0.0899326 0.7383779 0.0019614 0.0879353 0.0338357 0.0000000 0.0000000 0.0044752 0.0000000 0.0011712 0.0291881
 63 Y  63 0.0293498 0.0056511 0.0094365 0.0000000 0.0321612 0.0215337 0.0033432 0.0000000 0.0258017 0.2248572 0.2093006 0.0071296 0.1685102 0.0160795 0.0000000 0.0310079 0.0189090 0.0000000 0.0537006 0.1432281
 64 H  64 0.0826512 0.0746916 0.0639533 0.1028256 0.0091959 0.1451403 0.1739083 0.0083347 0.0401468 0.0058412 0.0099353 0.1057438 0.0010067 0.0093611 0.0037586 0.1097866 0.0467314 0.0000000 0.0016904 0.0052973
 65 H  65 0.0078943 0.0948068 0.3079231 0.0082951 0.0241070 0.0931729 0.0447013 0.0044646 0.1931184 0.0079516 0.0247715 0.0632046 0.0027823 0.0088010 0.0000000 0.0234973 0.0375402 0.0071005 0.0422646 0.0036028
 66 V  66 0.0103850 0.0000000 0.0022352 0.0050920 0.0395229 0.0184972 0.0108075 0.0800896 0.0068169 0.0953104 0.1294944 0.0407194 0.0694335 0.1778371 0.0058363 0.0569058 0.0395705 0.0110149 0.0225117 0.1779198
 67 E  67 0.0154593 0.0531688 0.0696712 0.0925017 0.0021432 0.0442858 0.2016691 0.1618530 0.0295455 0.0470402 0.0209817 0.0627775 0.0022822 0.0045509 0.0446117 0.1009145 0.0349380 0.0000000 0.0096400 0.0019659
 68 G  68 0.0165752 0.0228143 0.0168075 0.2103208 0.0444456 0.0276646 0.0334156 0.2105089 0.0079941 0.0470670 0.0799202 0.0617780 0.0022985 0.0659436 0.0316060 0.0356533 0.0393916 0.0035326 0.0162265 0.0260361
 69 F  69 0.1785274 0.0018756 0.0056004 0.0087973 0.0603803 0.0019613 0.0326334 0.0349143 0.0000000 0.1737366 0.0862879 0.0000000 0.0154817 0.0805138 0.0049097 0.0222183 0.0457849 0.0088887 0.0179788 0.2195095
 70 P  70 0.0514615 0.0653358 0.0286615 0.0875345 0.0044473 0.0635396 0.1059861 0.0213217 0.0591324 0.0696176 0.0455067 0.0508393 0.0137689 0.0044089 0.0402703 0.1080464 0.1013247 0.0008761 0.0038028 0.0741179
 71 E  71 0.0055218 0.0060468 0.0563451 0.2920984 0.0096509 0.0016918 0.0543231 0.0050348 0.0018496 0.0033012 0.0008876 0.0214666 0.0000000 0.0035730 0.0138374 0.2602479 0.2614537 0.0000000 0.0014506 0.0012197
 72 R  72 0.0124321 0.6899046 0.0176106 0.0171220 0.0000000 0.0324045 0.0471834 0.0054678 0.0134755 0.0121346 0.0310201 0.0193088 0.0020569 0.0000000 0.0258375 0.0106340 0.0208556 0.0000000 0.0052363 0.0373158
 73 R  73 0.0869988 0.0848371 0.0589713 0.0863350 0.0000000 0.0774852 0.2334549 0.0299930 0.0095384 0.0171304 0.0277848 0.0681223 0.0109557 0.0098224 0.0187355 0.0615891 0.0492678 0.0015920 0.0060661 0.0613203
 74 E  74 0.0274470 0.0051902 0.0106589 0.1079663 0.0000000 0.1706198 0.4705080 0.0102262 0.0265972 0.0059086 0.0437402 0.0594744 0.0210095 0.0000000 0.0000000 0.0116100 0.0273936 0.0000000 0.0000000 0.0016501
 75 A  75 0.8117135 0.0000000 0.0000000 0.0000000 0.0090814 0.0000000 0.0000000 0.0845845 0.0000000 0.0045711 0.0000000 0.0000000 0.0055473 0.0000000 0.0019965 0.0160414 0.0383219 0.0000000 0.0000000 0.0281424
 76 R  76 0.0403550 0.1014829 0.0043318 0.0000000 0.0128226 0.0363410 0.0305678 0.0029304 0.0000000 0.1641467 0.1772397 0.0137430 0.0123312 0.0067261 0.0000000 0.0118119 0.0510664 0.0030117 0.0010251 0.3300668
 77 K  77 0.1043166 0.0850065 0.0598240 0.0406123 0.0037190 0.0775728 0.1172767 0.0606173 0.1239050 0.0309299 0.0758253 0.1110160 0.0219967 0.0000000 0.0000000 0.0373621 0.0372899 0.0019916 0.0018007 0.0089377
 78 Y  78 0.0055946 0.0050493 0.0022850 0.0000000 0.0025647 0.0033725 0.0000000 0.0000000 0.0000000 0.1862764 0.3926428 0.0016413 0.0486970 0.0938117 0.0000000 0.0028162 0.0116748 0.0148484 0.1574698 0.0712556
 79 A  79 0.2357858 0.0000000 0.0000000 0.0000000 0.0690901 0.0000000 0.0000000 0.4842481 0.0000000 0.0020582 0.0616377 0.0000000 0.0525329 0.0094217 0.0000000 0.0135689 0.0026380 0.0587144 0.0020180 0.0082861
 80 S  80 0.0323539 0.1333859 0.1249501 0.0242197 0.0093904 0.3564979 0.0287708 0.0166548 0.0305432 0.0073774 0.0026247 0.0339267 0.0047801 0.0000000 0.0000000 0.1266792 0.0425679 0.0000000 0.0000000 0.0252772
 81 G  81 0.1829825 0.0805054 0.0438010 0.0324922 0.0040716 0.0513537 0.0734574 0.0340138 0.0184942 0.0138186 0.1351297 0.1327096 0.0390287 0.0177801 0.0000000 0.0551901 0.0145415 0.0000000 0.0166132 0.0540166
 82 L  82 0.0000000 0.0000000 0.0000000 0.0000000 0.0000000 0.0000000 0.0000000 0.0000000 0.0000000 0.0438396 0.7272506 0.0000000 0.1465919 0.0673921 0.0000000 0.0000000 0.0033896 0.0000000 0.0034332 0.0081030
 83 L  83 0.0820821 0.0053653 0.0011270 0.0355648 0.0409743 0.0192408 0.0086507 0.0000000 0.0049031 0.0552110 0.4196604 0.0000000 0.1410769 0.0140754 0.0000000 0.0185248 0.0128517 0.0074813 0.0026451 0.1305654
 84 K  84 0.0942790 0.0471112 0.0592442 0.1794308 0.0084481 0.0691146 0.2297404 0.0061449 0.0078738 0.0037080 0.0135231 0.1791725 0.0040295 0.0000000 0.0013578 0.0636022 0.0255284 0.0000000 0.0011055 0.0065858
 85 A  85 0.1243231 0.0489344 0.1001181 0.0271756 0.0103093 0.0789127 0.1417609 0.0610019 0.1412562 0.0071766 0.0486263 0.0615367 0.0184795 0.0160523 0.0000000 0.0344339 0.0025951 0.0013372 0.0657414 0.0102286
 86 G  86 0.0038637 0.0578275 0.0400033 0.0184070 0.0000000 0.0185417 0.0080200 0.6328048 0.0605389 0.0000000 0.0073270 0.1138806 0.0000000 0.0000000 0.0000000 0.0311476 0.0017820 0.0000000 0.0058560 0.0000000
 87 L  87 0.0057780 0.0048298 0.0000000 0.0023457 0.0033981 0.0000000 0.0000000 0.0020994 0.0090157 0.1172814 0.2287721 0.0063103 0.0107828 0.1637893 0.0000000 0.0023763 0.0000000 0.0272035 0.2400351 0.1759824
 88 I  88 0.0022968 0.0000000 0.0000000 0.0025236 0.0000000 0.0000000 0.0000000 0.0054214 0.0000000 0.4965008 0.1928943 0.0000000 0.0341951 0.2367897 0.0000000 0.0000000 0.0025488 0.0000000 0.0021012 0.0247284
 89 R  89 0.0206519 0.1284569 0.0193197 0.0211659 0.0465816 0.0987903 0.1303837 0.0026891 0.1740463 0.0122361 0.0215785 0.0672709 0.0027654 0.0804388 0.0000000 0.0345519 0.0257117 0.0025607 0.0713724 0.0394284
 90 H  90 0.0262343 0.0085443 0.0149961 0.0743439 0.0267014 0.0201711 0.0115789 0.0054925 0.5497040 0.0000000 0.0021710 0.0104567 0.0028897 0.0000000 0.1880720 0.0413662 0.0088386 0.0000000 0.0023863 0.0060531
 91 T  91 0.1098764 0.0000000 0.0050194 0.0000000 0.0155524 0.0025286 0.0000000 0.0101847 0.0000000 0.1267692 0.0628816 0.0000000 0.0000000 0.0043338 0.0043964 0.0064776 0.0945641 0.0000000 0.0022678 0.5551479
 92 V  92 0.0167640 0.0536500 0.0537332 0.0647747 0.0375399 0.0522470 0.0670213 0.0426087 0.0161902 0.0103721 0.0673095 0.0473584 0.0024717 0.0228931 0.0033495 0.1706381 0.1302371 0.0030269 0.0104116 0.1274030
 93 N  93 0.0187119 0.0519930 0.1718864 0.2371291 0.0084724 0.0437954 0.0494678 0.1607207 0.0504034 0.0000000 0.0051521 0.0947922 0.0026740 0.0021388 0.0111796 0.0334849 0.0131955 0.0000000 0.0434380 0.0013646
 94 K  94 0.0252572 0.1213524 0.0074019 0.1722389 0.0032109 0.0190480 0.2098508 0.0167636 0.0390927 0.0017180 0.0116763 0.2146355 0.0000000 0.0025083 0.0466384 0.0684314 0.0186574 0.0000000 0.0043392 0.0171791
 95 I  95 0.0198856 0.0801194 0.0535779 0.0104099 0.0091364 0.0625227 0.0162168 0.0043715 0.3379514 0.0565500 0.0471488 0.0715538 0.0081093 0.0212640 0.0210336 0.0528739 0.0197337 0.0354889 0.0386969 0.0333555
 96 T  96 0.0332257 0.0596426 0.0514891 0.0442548 0.0175918 0.0709029 0.0580870 0.0903034 0.0588996 0.0182623 0.0272721 0.0359906 0.0058966 0.0000000 0.1001629 0.0723169 0.1698547 0.0012343 0.0077309 0.0768816
 97 F  97 0.0023830 0.0000000 0.0080921 0.0000000 0.0000000 0.0018839 0.0000000 0.0000000 0.0000000 0.0000000 0.1950811 0.0025565 0.0035561 0.7578508 0.0016996 0.0000000 0.0025030 0.0000000 0.0091438 0.0152500
 98 S  98 0.0207474 0.1417086 0.0057520 0.0199455 0.0031760 0.0564650 0.1109372 0.0025483 0.0167515 0.0544942 0.0978405 0.1428226 0.0132176 0.0062474 0.0041340 0.1358526 0.0939261 0.0000000 0.0109836 0.0624501
 99 E  99 0.0056406 0.0046893 0.0541343 0.7270547 0.0000000 0.0039394 0.1253043 0.0000000 0.0025323 0.0000000 0.0075575 0.0165829 0.0000000 0.0022661 0.0126141 0.0015735 0.0031825 0.0000000 0.0296944 0.0032342
100 Q 100 0.0196826 0.0383913 0.0535931 0.0691073 0.0000000 0.1252339 0.1199743 0.3031834 0.0093730 0.0000000 0.0000000 0.1068010 0.0000000 0.0015922 0.0000000 0.1291273 0.0157590 0.0000000 0.0047552 0.0034263
101 C 101 0.0389147 0.0170007 0.1206561 0.0051897 0.1405447 0.0529294 0.0266927 0.0052758 0.0685004 0.0124401 0.0803900 0.0015145 0.0085853 0.0566398 0.0073261 0.1135480 0.1034858 0.0000000 0.1224130 0.0179531
102 Y 102 0.0022663 0.0000000 0.0000000 0.0000000 0.0023207 0.0039107 0.0000000 0.0000000 0.0103957 0.0103503 0.3214627 0.0000000 0.0224894 0.2584561 0.0278835 0.0093443 0.0000000 0.0000000 0.3241695 0.0069507
103 Y 103 0.0000000 0.0000000 0.0058833 0.0000000 0.0000000 0.0000000 0.0000000 0.0000000 0.0027069 0.0000000 0.0079579 0.0000000 0.0000000 0.1436550 0.0000000 0.0030504 0.0000000 0.0000000 0.8367465 0.0000000
104 V 104 0.0117240 0.5821112 0.0060536 0.0000000 0.0107959 0.1235815 0.0138741 0.0035189 0.0024469 0.0454311 0.0043147 0.0124979 0.0037574 0.0085076 0.0000000 0.0042904 0.0384970 0.0021273 0.0335414 0.0929291
105 F 105 0.0064413 0.0000000 0.0000000 0.0000000 0.0023551 0.0031744 0.0000000 0.0000000 0.0021525 0.0097096 0.0458115 0.0000000 0.0108473 0.8848383 0.0000000 0.0000000 0.0000000 0.0098796 0.0086989 0.0160915
106 G 106 0.0720179 0.1866088 0.0432180 0.0094989 0.0107245 0.2225756 0.0216756 0.1603409 0.0167755 0.0011030 0.0894279 0.0472986 0.0046353 0.0037070 0.0140930 0.0439560 0.0254380 0.0000000 0.0044953 0.0224101
107 D 107 0.0106237 0.0000000 0.0851954 0.5051234 0.0000000 0.0082217 0.3260756 0.0000000 0.0000000 0.0000000 0.0000000 0.0310967 0.0000000 0.0000000 0.0000000 0.0000000 0.0336636 0.0000000 0.0000000 0.0000000
108 L 108 0.0000000 0.0178792 0.0000000 0.0888662 0.0000000 0.0000000 0.2823451 0.0000000 0.0000000 0.0709646 0.2119704 0.0603927 0.0331540 0.0628789 0.0373964 0.0074234 0.0690040 0.0000000 0.0352780 0.0224471
109 S 109 0.1151335 0.0000000 0.0156731 0.1753081 0.3912366 0.0000000 0.0380128 0.0000000 0.0000000 0.0000000 0.0508323 0.0179093 0.0532685 0.0000000 0.0080673 0.0443367 0.0902217 0.0000000 0.0000000 0.0000000
110 G 110 0.0000000 0.0000000 0.1108825 0.0000000 0.0000000 0.0000000 0.0000000 0.8891175 0.0000000 0.0000000 0.0000000 0.0000000 0.0000000 0.0000000 0.0000000 0.0000000 0.0000000 0.0000000 0.0000000 0.0000000
