  110         A         R         N         D         C         Q         E         G         H         I         L         K         M         F         P         S         T         W         Y         V         X    
  1 S   1 0.0055095 0.0000000 0.0000000 0.0000000 0.0000000 0.0000000 0.0000000 0.0000000 0.0000000 0.0000000 0.0000000 0.0000000 0.0000000 0.0000000 0.0000000 0.0364622 0.0433266 0.0000000 0.0000000 0.0000000 0.9147017
  2 I   2 0.0086629 0.0024088 0.0043091 0.0025919 0.0000000 0.0000000 0.0000000 0.0122555 0.0000000 0.0175406 0.0151633 0.0000000 0.0285622 0.0045521 0.0073352 0.0141151 0.0087304 0.0000000 0.0021975 0.0154567 0.8561187
  3 T   3 0.0261072 0.0000000 0.0031449 0.0059056 0.0000000 0.0033859 0.0053453 0.0000000 0.0108636 0.0000000 0.0000000 0.0000000 0.0026033 0.0000000 0.0000000 0.0448322 0.0965611 0.0000000 0.0000000 0.0000000 0.8012509
  4 S   4 0.0392047 0.0000000 0.0076541 0.0000000 0.0000000 0.0063469 0.0047958 0.0219801 0.0024088 0.0234808 0.0214928 0.0017671 0.0088583 0.0177172 0.0038646 0.0488149 0.0088122 0.0020007 0.0069781 0.0029663 0.7708565
  5 G   5 0.0330434 0.0173316 0.0678393 0.0000000 0.0026306 0.0000000 0.0104097 0.0276229 0.0048647 0.0000000 0.0026828 0.0046972 0.0078425 0.0000000 0.0074820 0.0445350 0.0361180 0.0000000 0.0042596 0.0025782 0.7260627
  6 S   6 0.0353630 0.0073276 0.0107152 0.0087438 0.0000000 0.0287924 0.0052844 0.0684710 0.0019323 0.0000000 0.0000000 0.0106650 0.0033859 0.0000000 0.0331807 0.0439844 0.0338890 0.0000000 0.0000000 0.0068287 0.7014365
  7 S   7 0.0400526 0.0033945 0.0098448 0.0173079 0.0041046 0.0033070 0.0020869 0.0058151 0.0000000 0.0000000 0.0293568 0.0000000 0.0026828 0.0000000 0.0829990 0.0701358 0.0245311 0.0000000 0.0162661 0.0000000 0.6881148
  8 L   8 0.0229136 0.0143096 0.0070185 0.0071689 0.0000000 0.0292898 0.0106379 0.0068127 0.0018614 0.0288944 0.0950271 0.0087376 0.0039657 0.0099687 0.0122809 0.0090760 0.0260692 0.0000000 0.0057672 0.0246044 0.6755964
  9 P   9 0.0104896 0.0210140 0.0018524 0.0037184 0.0000000 0.0186070 0.0050663 0.0081873 0.0000000 0.0068089 0.0145667 0.0130966 0.0000000 0.0032021 0.1662996 0.0278632 0.0273020 0.0000000 0.0000000 0.0108589 0.6610671
 10 D  10 0.0131442 0.0119179 0.0410269 0.0446382 0.0055235 0.0037828 0.0568856 0.0412872 0.0182220 0.0183809 0.0000000 0.0273751 0.0160165 0.0000000 0.0250188 0.0601521 0.0078061 0.0000000 0.0037080 0.0087746 0.5963395
 11 G  11 0.0216334 0.0287842 0.0331180 0.0099228 0.0000000 0.0121278 0.0437144 0.0546228 0.0162825 0.0131327 0.0152417 0.0268501 0.0000000 0.0025822 0.0123163 0.0745026 0.0585223 0.0027233 0.0169582 0.0051986 0.5517660
 12 C  12 0.0472316 0.0292603 0.0051038 0.0270050 0.0178857 0.0271872 0.1031477 0.0111575 0.0114417 0.0127636 0.0232820 0.0098018 0.0112726 0.0123641 0.0210313 0.0536760 0.0152223 0.0061634 0.0046903 0.0184861 0.5318260
 13 E  13 0.0123594 0.0431736 0.0174576 0.0911705 0.0142030 0.0134446 0.1097740 0.0122827 0.0031432 0.0141981 0.0302534 0.0237251 0.0000000 0.0000000 0.0224692 0.0489337 0.0218807 0.0000000 0.0052289 0.0126964 0.5036060
 14 G  14 0.0306577 0.0589833 0.0400465 0.0476391 0.0049376 0.0021767 0.0798104 0.0200066 0.0131929 0.0026306 0.0351751 0.0306335 0.0011015 0.0055413 0.0331423 0.0778517 0.0086109 0.0000000 0.0042596 0.0182792 0.4853232
 15 R  15 0.0215950 0.0284193 0.0134338 0.0346146 0.0043931 0.0189723 0.0607553 0.0169961 0.0122840 0.0254522 0.0280747 0.0468680 0.0122423 0.0094152 0.0754139 0.0695109 0.0239856 0.0000000 0.0060632 0.0166206 0.4748898
 16 G  16 0.0134419 0.0959976 0.0620703 0.0216692 0.0068875 0.0525610 0.0253179 0.0137974 0.0207504 0.0203151 0.0063159 0.0469877 0.0062500 0.0029501 0.0828099 0.0260714 0.0143941 0.0000000 0.0063150 0.0266959 0.4484018
 17 L  17 0.0018312 0.0041732 0.0027077 0.0071862 0.0014254 0.0081744 0.0295156 0.0042111 0.0202538 0.0413266 0.2677392 0.0043656 0.0419850 0.0319723 0.0038555 0.0369467 0.0100416 0.0025997 0.0103987 0.0080435 0.4612471
 18 S  18 0.0178332 0.0109871 0.0690088 0.0304536 0.0040847 0.0165792 0.0172835 0.0114424 0.0107101 0.0260176 0.0687526 0.0357681 0.0062391 0.0000000 0.0605847 0.0787430 0.0621510 0.0043138 0.0021767 0.0253242 0.4415467
 19 V  19 0.0377551 0.0254670 0.0251241 0.0237089 0.0207392 0.0061917 0.0296249 0.0070827 0.0144026 0.0383298 0.0181177 0.0609593 0.0053375 0.0030325 0.0253765 0.0478402 0.0459336 0.0000000 0.0177164 0.1288975 0.4183629
 20 H  20 0.0074725 0.0313962 0.0751790 0.0358514 0.0076638 0.0170768 0.0159928 0.0144577 0.0410412 0.0052900 0.0373733 0.0231225 0.0205943 0.0117246 0.0334492 0.1096264 0.0595028 0.0000000 0.0422844 0.0090487 0.4018524
 21 T  21 0.0654899 0.0265784 0.0132406 0.0714020 0.0091479 0.0067166 0.0183826 0.0079585 0.0071001 0.0855913 0.0234285 0.0461258 0.0270146 0.0053882 0.0019167 0.0819744 0.0720155 0.0000000 0.0048490 0.0403926 0.3852870
 22 D  22 0.0147357 0.0222180 0.0508848 0.1196166 0.0027233 0.0388420 0.0823288 0.0041291 0.0075160 0.0078184 0.0177164 0.1386678 0.0000000 0.0000000 0.0275897 0.0767646 0.0376439 0.0000000 0.0000000 0.0023692 0.3484356
 23 M  23 0.0107220 0.0000000 0.0067666 0.0027233 0.0048018 0.0017914 0.0000000 0.0000000 0.0000000 0.0909063 0.2839687 0.0195702 0.1754492 0.0105689 0.0163965 0.0066744 0.0062680 0.0089097 0.0149560 0.0207327 0.3187941
 24 A  24 0.0965054 0.0293571 0.0232132 0.0222925 0.0014477 0.0255781 0.1837642 0.0296433 0.0169563 0.0149344 0.0223044 0.0651296 0.0192821 0.0112902 0.0176020 0.0921490 0.0052986 0.0035637 0.0100895 0.0232733 0.2863254
 25 S  25 0.1088339 0.0845423 0.0216674 0.0668748 0.0083557 0.0197705 0.0886643 0.0221179 0.0069972 0.0147837 0.0111982 0.0683587 0.0317729 0.0101663 0.0065210 0.0606157 0.0648670 0.0169497 0.0053879 0.0234688 0.2580859
 26 V  26 0.0131376 0.0063734 0.0000000 0.0000000 0.0053312 0.0000000 0.0000000 0.0000000 0.0000000 0.2722997 0.2513977 0.0000000 0.0197172 0.0041071 0.0000000 0.0000000 0.0126220 0.0032054 0.0139711 0.1605815 0.2372562
 27 T  27 0.1800967 0.0065491 0.0032054 0.0000000 0.0141934 0.0000000 0.0046850 0.0019265 0.0082126 0.0759651 0.0725098 0.0095063 0.0097763 0.0125441 0.0000000 0.0168994 0.0095864 0.0264510 0.0540796 0.2578523 0.2359610
 28 K  28 0.0289549 0.1262099 0.0156141 0.0458552 0.0000000 0.0747532 0.1725736 0.0023124 0.0363642 0.0230768 0.0304036 0.1047988 0.0101658 0.0000000 0.0000000 0.0161980 0.0362319 0.0000000 0.0061686 0.0360604 0.2342587
 29 A  29 0.1677068 0.0510123 0.0065831 0.0347910 0.0082992 0.0405719 0.1024520 0.0119789 0.0111814 0.0166859 0.0340093 0.0903939 0.0290466 0.0049167 0.0000000 0.0607130 0.0294660 0.0000000 0.0045830 0.0560843 0.2395248
 30 M  30 0.0000000 0.0000000 0.0000000 0.0000000 0.0000000 0.0000000 0.0000000 0.0000000 0.0000000 0.0970609 0.1596115 0.0021560 0.4580012 0.0421234 0.0000000 0.0033945 0.0032054 0.0000000 0.0000000 0.0079939 0.2264532
 31 A  31 0.0686299 0.1281453 0.0038437 0.0000000 0.0247708 0.2335328 0.0044294 0.0000000 0.0176719 0.0221436 0.0612811 0.0964808 0.0362408 0.0100095 0.0000000 0.0191293 0.0156820 0.0000000 0.0090037 0.0196957 0.2293097
 32 A  32 0.0498749 0.0423341 0.0503524 0.2127626 0.0029667 0.0692274 0.0366034 0.0335370 0.0998342 0.0025088 0.0425417 0.0147987 0.0126889 0.0023710 0.0000000 0.0476873 0.0230192 0.0000000 0.0012380 0.0072291 0.2484247
 33 P  33 0.0404104 0.0349429 0.0082037 0.0197994 0.0091955 0.0203542 0.0594399 0.0281508 0.0102105 0.0049493 0.0157961 0.0360335 0.0000000 0.0156981 0.2863879 0.0838011 0.0301160 0.0000000 0.0119152 0.0170951 0.2675005
 34 E  34 0.0120325 0.0423580 0.0553689 0.1452250 0.0032152 0.0366499 0.1255570 0.0206486 0.0300748 0.0030005 0.0224213 0.0587919 0.0000000 0.0055235 0.0089961 0.0761774 0.0395100 0.0000000 0.0042111 0.0075377 0.3027008
 35 S  35 0.0271686 0.0197606 0.0766745 0.0234561 0.0035515 0.0508901 0.0070041 0.0451381 0.0110889 0.0100512 0.0091070 0.0471708 0.0093848 0.0000000 0.0101740 0.1975064 0.1347104 0.0000000 0.0115545 0.0142979 0.2913105
 36 G  36 0.0229484 0.0046546 0.0174179 0.0148209 0.0081266 0.0109468 0.0072819 0.5873037 0.0054169 0.0035318 0.0015178 0.0038531 0.0000000 0.0000000 0.0192776 0.0172008 0.0169088 0.0000000 0.0000000 0.0023735 0.2564191
 37 L  37 0.0000000 0.0000000 0.0090573 0.0029423 0.0000000 0.0048773 0.0000000 0.0016997 0.0072455 0.1812829 0.2757825 0.0054896 0.0593578 0.0013989 0.0113049 0.0129432 0.0060754 0.0000000 0.0000000 0.2665783 0.1539644
 38 E  38 0.0253459 0.0695962 0.0100794 0.0359220 0.0278130 0.0398812 0.1281378 0.0166516 0.0000000 0.0126343 0.0425202 0.1089770 0.0179439 0.0020007 0.2040350 0.0228165 0.0295272 0.0000000 0.0024618 0.0421532 0.1615030
 39 V  39 0.0000000 0.0102589 0.0000000 0.0029453 0.0043271 0.0020826 0.0188490 0.0089301 0.0023706 0.2911249 0.1867423 0.0000000 0.0725253 0.0716055 0.0179852 0.0082376 0.0340739 0.0000000 0.0014238 0.1943653 0.0721526
 40 R  40 0.0225424 0.2869403 0.0055803 0.0029473 0.0023706 0.1091171 0.0034312 0.0363757 0.0040237 0.0133803 0.0528322 0.2812369 0.0246320 0.0037143 0.0000000 0.0404051 0.0144849 0.0000000 0.0028700 0.0290296 0.0640860
 41 D  41 0.0086280 0.0298654 0.1149149 0.4025278 0.0000000 0.0116171 0.0569351 0.0043969 0.0074086 0.0000000 0.0093624 0.0433735 0.0025143 0.0028700 0.0322182 0.0753642 0.1185901 0.0000000 0.0022675 0.0124903 0.0646555
 42 R  42 0.0054816 0.5177716 0.0253483 0.0030492 0.0058233 0.0997004 0.0167879 0.0034370 0.1243878 0.0134253 0.0234607 0.0449439 0.0023444 0.0000000 0.0000000 0.0000000 0.0013488 0.0000000 0.0049792 0.0590592 0.0486515
 43 M  43 0.0031376 0.3108891 0.0088367 0.0224400 0.0019512 0.0397746 0.0398418 0.0008612 0.0078868 0.0104309 0.0268803 0.2200696 0.0676459 0.0177728 0.0089022 0.0135670 0.0905500 0.0081259 0.0129833 0.0319384 0.0555150
 44 W  44 0.0168305 0.0459241 0.0106264 0.0012799 0.0295150 0.0348862 0.0281660 0.0109043 0.0590311 0.0190021 0.0723132 0.0649767 0.0176304 0.0227226 0.0070714 0.0677995 0.0256246 0.1951206 0.1435781 0.0621833 0.0648141
 45 L  45 0.0034216 0.1129789 0.0544075 0.0281597 0.0000000 0.0436004 0.0146794 0.0706570 0.2044011 0.0093285 0.1939023 0.0759615 0.0145154 0.0808941 0.0020241 0.0106643 0.0042061 0.0125410 0.0148749 0.0043900 0.0443924
 46 K  46 0.0167859 0.0176496 0.0177080 0.0212912 0.0000000 0.0040902 0.0138268 0.0697250 0.0110758 0.0509360 0.3419162 0.1249515 0.0750425 0.0774075 0.0157535 0.0203688 0.0130213 0.0280711 0.0062210 0.0366900 0.0374681
 47 I  47 0.0086406 0.2114455 0.0150061 0.0052432 0.0059433 0.0196811 0.0086903 0.0349862 0.0056313 0.0961896 0.0332898 0.2452973 0.0058881 0.0025373 0.0041884 0.1082590 0.1228206 0.0053875 0.0041612 0.0230286 0.0336850
 48 T  48 0.0232517 0.0652516 0.0147231 0.0063248 0.0027213 0.0113798 0.0040442 0.0066168 0.0134293 0.0541167 0.1095770 0.1020178 0.0111763 0.0272848 0.0296150 0.0843553 0.2832832 0.0000000 0.0090025 0.1097818 0.0320469
 49 I  49 0.0013408 0.0061763 0.0000000 0.0027504 0.0032720 0.0000000 0.0000000 0.0000000 0.1185457 0.2041560 0.0118478 0.0028700 0.0100471 0.0900783 0.0299299 0.0255161 0.0074084 0.0000000 0.3623894 0.0956051 0.0280666
 50 P  50 0.0454802 0.1171264 0.0388137 0.0233894 0.0000000 0.0239627 0.0434019 0.0164636 0.0226886 0.0012033 0.0112040 0.1520327 0.0000000 0.0000000 0.3322896 0.0608780 0.0382082 0.0032979 0.0298942 0.0083749 0.0312908
 51 N  51 0.0126108 0.0749761 0.2977859 0.0904547 0.0113033 0.0636240 0.0164578 0.0381664 0.0916726 0.0000000 0.0036856 0.0846017 0.0290482 0.0020132 0.0022326 0.1342461 0.0039340 0.0000000 0.0160763 0.0000000 0.0271108
 52 A  52 0.1774547 0.0000000 0.0000000 0.0000000 0.4317305 0.0000000 0.0000000 0.0020604 0.0000000 0.0063717 0.0000000 0.0000000 0.0031088 0.0000000 0.0000000 0.1107273 0.1014879 0.0000000 0.0027089 0.1529075 0.0114422
 53 F  53 0.0132313 0.0000000 0.0000000 0.0000000 0.0394719 0.0000000 0.0000000 0.0032979 0.0000000 0.0327717 0.0205822 0.0000000 0.0409816 0.7690690 0.0000000 0.0023197 0.0011028 0.0042111 0.0021526 0.0625744 0.0082340
 54 L  54 0.0348107 0.0176266 0.0067264 0.0068748 0.0111853 0.0029604 0.0073954 0.0017318 0.0042828 0.1656839 0.1209502 0.0115406 0.0361433 0.0078300 0.0275447 0.0747019 0.2706651 0.0030837 0.0093320 0.1706965 0.0082340
 55 G  55 0.0898054 0.0000000 0.0000000 0.0029051 0.0020698 0.0000000 0.0000000 0.8271231 0.0000000 0.0000000 0.0000000 0.0000000 0.0000000 0.0000000 0.0024079 0.0604432 0.0032694 0.0000000 0.0000000 0.0000000 0.0119761
 56 S  56 0.1516299 0.0522610 0.0605391 0.0094668 0.0427655 0.0212727 0.0387876 0.0164865 0.0102358 0.0262983 0.0101759 0.0799866 0.0094170 0.0274541 0.0000000 0.3299565 0.0678681 0.0000000 0.0226186 0.0077924 0.0149877
 57 D  57 0.0337358 0.0031948 0.0060826 0.3878121 0.0100970 0.0252912 0.4599051 0.0011939 0.0000000 0.0028253 0.0011874 0.0235204 0.0010157 0.0017973 0.0000000 0.0102869 0.0095558 0.0000000 0.0048598 0.0043262 0.0133126
 58 V  58 0.2842018 0.0000000 0.0000000 0.0000000 0.0095103 0.0000000 0.0000000 0.0062277 0.0000000 0.0667577 0.3318243 0.0000000 0.0764693 0.0786373 0.0000000 0.0025291 0.0050949 0.0000000 0.0000000 0.1254349 0.0133126
 59 V  59 0.0193148 0.0025832 0.0000000 0.0000000 0.0018042 0.0000000 0.0000000 0.0000000 0.0000000 0.1536025 0.0209544 0.0000000 0.0151249 0.0060986 0.0000000 0.0027171 0.0452396 0.0000000 0.0000000 0.7192479 0.0133126
 60 D  60 0.0475092 0.0064146 0.0870706 0.4440311 0.0036501 0.0746577 0.1230905 0.0132778 0.0235265 0.0010458 0.0090115 0.0080642 0.0020627 0.0000000 0.0040019 0.0689306 0.0628126 0.0027504 0.0026667 0.0051245 0.0103011
 61 W  61 0.0066445 0.0029588 0.0000000 0.0000000 0.0014267 0.0025143 0.0026640 0.0122979 0.0171116 0.0053523 0.0083516 0.0033090 0.0000000 0.0328533 0.0000000 0.0000000 0.0019492 0.8114931 0.0139072 0.0379184 0.0392481
 62 L  62 0.0049207 0.0031088 0.0000000 0.0000000 0.0030492 0.0014514 0.0000000 0.0000000 0.0000000 0.0906183 0.7279921 0.0018650 0.0853870 0.0327132 0.0000000 0.0000000 0.0042612 0.0000000 0.0025086 0.0279775 0.0141470
 63 Y  63 0.0280455 0.0054620 0.0090491 0.0000000 0.0305903 0.0204755 0.0033089 0.0000000 0.0242410 0.2222348 0.2008998 0.0066410 0.1625084 0.0148842 0.0000000 0.0297678 0.0181750 0.0000000 0.0514695 0.1406499 0.0315972
 64 H  64 0.0813916 0.0711179 0.0636229 0.1011051 0.0086246 0.1425047 0.1682206 0.0080041 0.0401731 0.0055613 0.0098408 0.1020411 0.0009863 0.0092913 0.0041090 0.1060651 0.0458920 0.0000000 0.0015983 0.0052782 0.0245720
 65 H  65 0.0072651 0.0837131 0.2711035 0.0073948 0.0217697 0.0822050 0.0387533 0.0037452 0.1690972 0.0066457 0.0212861 0.0546080 0.0024331 0.0075527 0.0000000 0.0205759 0.0323658 0.0060381 0.0374773 0.0032857 0.1226848
 66 V  66 0.0096831 0.0000000 0.0020032 0.0043139 0.0359156 0.0158429 0.0095959 0.0709792 0.0064839 0.0838902 0.1132265 0.0361182 0.0610024 0.1589796 0.0050773 0.0508263 0.0340511 0.0095573 0.0198506 0.1586255 0.1139772
 67 E  67 0.0142589 0.0501615 0.0650065 0.0891574 0.0019388 0.0409073 0.1886099 0.1532570 0.0269461 0.0440258 0.0200789 0.0582064 0.0020883 0.0042850 0.0412890 0.0934744 0.0333846 0.0000000 0.0089950 0.0017638 0.0621656
 68 G  68 0.0124392 0.0178736 0.0127664 0.1614662 0.0368591 0.0213581 0.0261891 0.1614863 0.0060153 0.0364130 0.0628409 0.0469439 0.0019352 0.0509621 0.0247234 0.0272836 0.0312963 0.0026306 0.0123925 0.0199874 0.2261377
 69 F  69 0.1597511 0.0016173 0.0049489 0.0078095 0.0554140 0.0018572 0.0297488 0.0308558 0.0000000 0.1547750 0.0771077 0.0000000 0.0138171 0.0701915 0.0044385 0.0201017 0.0413645 0.0079150 0.0159509 0.1954149 0.1069206
 70 P  70 0.0474779 0.0616865 0.0269705 0.0814785 0.0040374 0.0621059 0.1010168 0.0200467 0.0546528 0.0647865 0.0425753 0.0493073 0.0126353 0.0040252 0.0368768 0.0999684 0.0940232 0.0008517 0.0034336 0.0700627 0.0619811
 71 E  71 0.0053567 0.0060861 0.0533606 0.2775858 0.0094899 0.0015638 0.0521879 0.0047842 0.0019352 0.0030562 0.0008697 0.0200540 0.0000000 0.0034423 0.0133721 0.2480145 0.2535668 0.0000000 0.0013621 0.0011846 0.0427274
 72 R  72 0.0119266 0.6655171 0.0164363 0.0159808 0.0000000 0.0336165 0.0459979 0.0051327 0.0128882 0.0115531 0.0292058 0.0183504 0.0019492 0.0000000 0.0251085 0.0102655 0.0192493 0.0000000 0.0050203 0.0358719 0.0359298
 73 R  73 0.0861078 0.0811101 0.0565442 0.0848017 0.0000000 0.0736431 0.2267526 0.0290970 0.0091448 0.0163774 0.0275996 0.0654596 0.0108581 0.0094751 0.0179941 0.0601231 0.0471079 0.0014928 0.0057746 0.0588103 0.0317259
 74 E  74 0.0265478 0.0049865 0.0103816 0.1054552 0.0000000 0.1666201 0.4653521 0.0100833 0.0254547 0.0057395 0.0427105 0.0597218 0.0231063 0.0000000 0.0000000 0.0109553 0.0268092 0.0000000 0.0000000 0.0016057 0.0144704
 75 A  75 0.8001438 0.0000000 0.0000000 0.0000000 0.0086880 0.0000000 0.0000000 0.0823543 0.0000000 0.0042596 0.0000000 0.0000000 0.0052660 0.0000000 0.0023591 0.0151452 0.0391445 0.0000000 0.0000000 0.0281691 0.0144704
 76 R  76 0.0382027 0.0990109 0.0043076 0.0000000 0.0128278 0.0369482 0.0303586 0.0027817 0.0000000 0.1618179 0.1734401 0.0136586 0.0125836 0.0067121 0.0000000 0.0111430 0.0499383 0.0028700 0.0010994 0.3280759 0.0142236
 77 K  77 0.1008868 0.0833496 0.0605665 0.0421227 0.0035967 0.0767517 0.1182734 0.0593621 0.1203256 0.0300316 0.0750291 0.1088786 0.0217704 0.0000000 0.0000000 0.0358920 0.0366983 0.0019038 0.0018241 0.0085135 0.0142236
 78 Y  78 0.0053244 0.0048699 0.0021379 0.0000000 0.0024708 0.0032624 0.0000000 0.0000000 0.0000000 0.1866473 0.3872980 0.0015865 0.0467779 0.0910780 0.0000000 0.0027589 0.0114279 0.0140434 0.1561251 0.0699680 0.0142236
 79 A  79 0.2308549 0.0000000 0.0000000 0.0000000 0.0682046 0.0000000 0.0000000 0.4765506 0.0000000 0.0020001 0.0608315 0.0000000 0.0534661 0.0089695 0.0000000 0.0130833 0.0024857 0.0567866 0.0020032 0.0075150 0.0172488
 80 S  80 0.0319222 0.1309541 0.1241252 0.0230702 0.0086721 0.3482490 0.0280531 0.0156917 0.0293297 0.0071307 0.0025276 0.0362453 0.0045823 0.0000000 0.0000000 0.1254101 0.0409656 0.0000000 0.0000000 0.0258221 0.0172488
 81 G  81 0.1771168 0.0799484 0.0411429 0.0313546 0.0042541 0.0528790 0.0715314 0.0339162 0.0184269 0.0133311 0.1308817 0.1287952 0.0385333 0.0192233 0.0000000 0.0551328 0.0143697 0.0000000 0.0157346 0.0528860 0.0205420
 82 L  82 0.0000000 0.0000000 0.0000000 0.0000000 0.0000000 0.0000000 0.0000000 0.0000000 0.0000000 0.0443460 0.7140207 0.0000000 0.1407835 0.0671520 0.0000000 0.0000000 0.0031159 0.0000000 0.0031881 0.0076444 0.0197495
 83 L  83 0.0811328 0.0049854 0.0010807 0.0347854 0.0415062 0.0191846 0.0081078 0.0000000 0.0046481 0.0536761 0.4079903 0.0000000 0.1373928 0.0132735 0.0000000 0.0177360 0.0125128 0.0077227 0.0024857 0.1296703 0.0221086
 84 K  84 0.0914945 0.0479779 0.0593667 0.1756216 0.0079877 0.0667887 0.2236881 0.0060332 0.0071956 0.0035357 0.0136776 0.1771111 0.0039187 0.0000000 0.0013204 0.0607766 0.0240967 0.0000000 0.0010591 0.0062414 0.0221086
 85 A  85 0.1182144 0.0476065 0.0983345 0.0262602 0.0100295 0.0768031 0.1376205 0.0607529 0.1393822 0.0070170 0.0466477 0.0621764 0.0179331 0.0156112 0.0000000 0.0340069 0.0028157 0.0012867 0.0659674 0.0094252 0.0221086
 86 G  86 0.0036831 0.0572297 0.0384354 0.0183139 0.0000000 0.0185552 0.0079552 0.6164499 0.0617147 0.0000000 0.0068215 0.1107749 0.0000000 0.0000000 0.0000000 0.0297383 0.0016756 0.0000000 0.0055558 0.0000000 0.0230967
 87 L  87 0.0058516 0.0045271 0.0000000 0.0022394 0.0031159 0.0000000 0.0000000 0.0019974 0.0086984 0.1145841 0.2226135 0.0059555 0.0102344 0.1647633 0.0000000 0.0023706 0.0000000 0.0255913 0.2310942 0.1732665 0.0230967
 88 I  88 0.0021379 0.0000000 0.0000000 0.0023711 0.0000000 0.0000000 0.0000000 0.0053231 0.0000000 0.4827155 0.1912779 0.0000000 0.0349016 0.2295273 0.0000000 0.0000000 0.0024967 0.0000000 0.0019547 0.0241976 0.0230967
 89 R  89 0.0200535 0.1254493 0.0186371 0.0212884 0.0446830 0.0961299 0.1260118 0.0026159 0.1724318 0.0115472 0.0209683 0.0629553 0.0031679 0.0780126 0.0000000 0.0329407 0.0253054 0.0023851 0.0697884 0.0383224 0.0273061
 90 H  90 0.0252264 0.0079825 0.0142461 0.0715590 0.0245534 0.0191203 0.0109119 0.0053313 0.5291255 0.0000000 0.0020118 0.0097670 0.0028242 0.0000000 0.1808092 0.0399595 0.0085948 0.0000000 0.0022394 0.0054576 0.0402798
 91 T  91 0.1051415 0.0000000 0.0046492 0.0000000 0.0148094 0.0023735 0.0000000 0.0095030 0.0000000 0.1233198 0.0615753 0.0000000 0.0000000 0.0041522 0.0041488 0.0060378 0.0894940 0.0000000 0.0021056 0.5344943 0.0381956
 92 V  92 0.0153079 0.0487742 0.0499459 0.0608695 0.0344519 0.0507438 0.0613527 0.0386891 0.0148014 0.0095625 0.0623767 0.0445111 0.0022394 0.0238802 0.0029474 0.1570712 0.1198738 0.0027504 0.0091641 0.1162318 0.0744550
 93 N  93 0.0174370 0.0486324 0.1623055 0.2250031 0.0078824 0.0418237 0.0479613 0.1546470 0.0477108 0.0000000 0.0048658 0.0899146 0.0025973 0.0019656 0.0107263 0.0313580 0.0122110 0.0000000 0.0412649 0.0012655 0.0504278
 94 K  94 0.0225288 0.1126073 0.0068788 0.1590221 0.0030632 0.0178229 0.1954780 0.0151443 0.0354825 0.0015617 0.0107082 0.1970753 0.0000000 0.0022476 0.0441935 0.0625815 0.0175851 0.0000000 0.0038660 0.0167040 0.0754493
 95 I  95 0.0180240 0.0750918 0.0518846 0.0096230 0.0081486 0.0569830 0.0148204 0.0038832 0.3133626 0.0528522 0.0431584 0.0682603 0.0075561 0.0194359 0.0191558 0.0495902 0.0180440 0.0336725 0.0369003 0.0305263 0.0690266
 96 T  96 0.0307538 0.0552453 0.0497296 0.0432512 0.0158184 0.0656092 0.0545763 0.0830411 0.0569132 0.0162899 0.0246926 0.0322385 0.0053523 0.0000000 0.0910931 0.0654865 0.1564621 0.0011721 0.0073968 0.0705298 0.0743481
 97 F  97 0.0021883 0.0000000 0.0075056 0.0000000 0.0000000 0.0017318 0.0000000 0.0000000 0.0000000 0.0000000 0.1807463 0.0023101 0.0032708 0.7022864 0.0016169 0.0000000 0.0023380 0.0000000 0.0086044 0.0136234 0.0737780
 98 S  98 0.0186253 0.1315680 0.0052482 0.0185241 0.0033361 0.0533427 0.1056634 0.0022781 0.0154400 0.0509921 0.0888468 0.1316116 0.0119797 0.0058868 0.0035016 0.1236382 0.0863999 0.0000000 0.0103305 0.0580923 0.0746947
 99 E  99 0.0051777 0.0041556 0.0497726 0.6728332 0.0000000 0.0036267 0.1140316 0.0000000 0.0022796 0.0000000 0.0069920 0.0150693 0.0000000 0.0020660 0.0115504 0.0014515 0.0028253 0.0000000 0.0274617 0.0028993 0.0778075
100 Q 100 0.0175197 0.0354766 0.0485929 0.0630435 0.0000000 0.1149300 0.1104840 0.2795519 0.0084533 0.0000000 0.0000000 0.0973891 0.0000000 0.0014328 0.0000000 0.1212547 0.0144257 0.0000000 0.0042111 0.0030562 0.0801787
101 C 101 0.0342860 0.0153166 0.1105396 0.0045457 0.1245585 0.0490426 0.0235240 0.0047342 0.0635568 0.0111736 0.0745740 0.0013454 0.0077852 0.0512556 0.0065283 0.1042213 0.0926146 0.0000000 0.1095249 0.0165629 0.0943103
102 Y 102 0.0019425 0.0000000 0.0000000 0.0000000 0.0021559 0.0034458 0.0000000 0.0000000 0.0090836 0.0089962 0.2881485 0.0000000 0.0202172 0.2301981 0.0241174 0.0082031 0.0000000 0.0000000 0.2899516 0.0063967 0.1071433
103 Y 103 0.0000000 0.0000000 0.0048565 0.0000000 0.0000000 0.0000000 0.0000000 0.0000000 0.0022290 0.0000000 0.0067470 0.0000000 0.0000000 0.1258618 0.0000000 0.0024967 0.0000000 0.0000000 0.7268448 0.0000000 0.1309642
104 V 104 0.0090537 0.4643360 0.0056039 0.0000000 0.0083580 0.0986100 0.0107036 0.0027504 0.0020241 0.0348473 0.0034310 0.0099058 0.0029503 0.0071710 0.0000000 0.0033260 0.0305193 0.0016513 0.0261366 0.0737286 0.2048929
105 F 105 0.0044614 0.0000000 0.0000000 0.0000000 0.0016939 0.0022871 0.0000000 0.0000000 0.0015548 0.0068672 0.0336701 0.0000000 0.0078494 0.6672717 0.0000000 0.0000000 0.0000000 0.0069521 0.0063900 0.0114720 0.2495303
106 G 106 0.0424852 0.1103846 0.0255206 0.0060902 0.0068204 0.1333000 0.0124420 0.0944092 0.0104237 0.0019381 0.0540010 0.0276814 0.0026731 0.0021336 0.0082236 0.0257289 0.0145860 0.0000000 0.0026909 0.0131271 0.4053403
107 D 107 0.0037971 0.0000000 0.0324752 0.1910873 0.0000000 0.0030122 0.1270130 0.0000000 0.0000000 0.0000000 0.0000000 0.0117772 0.0000000 0.0000000 0.0000000 0.0000000 0.0124605 0.0000000 0.0000000 0.0000000 0.6183773
108 L 108 0.0000000 0.0037971 0.0000000 0.0198498 0.0000000 0.0000000 0.0621924 0.0000000 0.0000000 0.0154886 0.0491104 0.0132654 0.0069954 0.0137377 0.0082804 0.0016356 0.0156529 0.0000000 0.0078463 0.0049422 0.7772057
109 S 109 0.0192693 0.0000000 0.0025919 0.0300445 0.0698646 0.0000000 0.0064126 0.0000000 0.0000000 0.0000000 0.0089768 0.0030572 0.0092898 0.0000000 0.0013728 0.0071532 0.0157446 0.0000000 0.0000000 0.0000000 0.8262225
110 G 110 0.0000000 0.0000000 0.0099197 0.0000000 0.0000000 0.0000000 0.0000000 0.0890209 0.0000000 0.0000000 0.0000000 0.0000000 0.0000000 0.0000000 0.0000000 0.0000000 0.0000000 0.0000000 0.0000000 0.0000000 0.9010593
