  128         A         R         N         D         C         Q         E         G         H         I         L         K         M         F         P         S         T         W         Y         V    
  1 G   1 0.0000000 0.0000000 0.0000000 0.0000000 0.0000000 0.0000000 0.0000000 1.0000000 0.0000000 0.0000000 0.0000000 0.0000000 0.0000000 0.0000000 0.0000000 0.0000000 0.0000000 0.0000000 0.0000000 0.0000000
  2 G   2 0.6179327 0.0000000 0.0000000 0.0000000 0.0000000 0.0000000 0.0000000 0.3467049 0.0000000 0.0000000 0.0000000 0.0000000 0.0000000 0.0000000 0.0000000 0.0353624 0.0000000 0.0000000 0.0000000 0.0000000
  3 A   3 0.1999806 0.0000000 0.0131804 0.0000000 0.0000000 0.0049427 0.0068850 0.0416125 0.0000000 0.1610947 0.3810468 0.0000000 0.0038815 0.0127037 0.0095742 0.0062311 0.0235110 0.0000000 0.0076418 0.1277138
  4 M   4 0.0060744 0.0000000 0.0158620 0.0040093 0.0000000 0.0079889 0.0000000 0.0000000 0.0000000 0.1205047 0.0773434 0.0190281 0.1001003 0.0660162 0.0059494 0.0391212 0.0121818 0.0000000 0.4756344 0.0501858
  5 S   5 0.0372597 0.0098042 0.0214916 0.0000000 0.0058572 0.0000000 0.0000000 0.0082867 0.0000000 0.0189601 0.4805174 0.0056163 0.0069889 0.0039852 0.0000000 0.1686729 0.0450885 0.0000000 0.1590658 0.0284056
  6 E   6 0.0223198 0.0470914 0.0000000 0.2473709 0.0000000 0.0161493 0.3500116 0.0192326 0.0000000 0.0000000 0.1873655 0.0141631 0.0000000 0.0000000 0.0478951 0.0319234 0.0057892 0.0000000 0.0000000 0.0106881
  7 E   7 0.0296791 0.0184177 0.0184685 0.0738551 0.0290144 0.1654086 0.1483333 0.0000000 0.0234481 0.0084575 0.0236041 0.1453195 0.0374894 0.0116665 0.0191813 0.2008310 0.0393291 0.0000000 0.0000000 0.0074969
  8 E   8 0.0072948 0.0033152 0.0271509 0.7917421 0.0000000 0.0160522 0.0761286 0.0108877 0.0000000 0.0000000 0.0070352 0.0151183 0.0030834 0.0045795 0.0000000 0.0179244 0.0164415 0.0032463 0.0000000 0.0000000
  9 Q   9 0.1394163 0.0287512 0.0215228 0.0043206 0.0041772 0.1927488 0.0497950 0.2493540 0.0156694 0.0123413 0.0083778 0.0496328 0.0000000 0.0030056 0.0027641 0.1661233 0.0173877 0.0000000 0.0272207 0.0073914
 10 G  10 0.1039806 0.0000000 0.0411142 0.0276809 0.0016807 0.0103539 0.0407513 0.6771980 0.0000000 0.0112585 0.0054335 0.0117179 0.0000000 0.0000000 0.0134600 0.0302499 0.0136194 0.0000000 0.0027034 0.0087979
 11 S  11 0.0243500 0.0178051 0.0087797 0.0142500 0.0078430 0.0320111 0.0169126 0.0064513 0.0033577 0.1105140 0.2390527 0.0467322 0.0727540 0.1772247 0.0070439 0.0516372 0.0096789 0.0115195 0.1059703 0.0361119
 12 G  12 0.0857929 0.0096330 0.0639161 0.1717021 0.0011998 0.0335751 0.4056955 0.0468107 0.0011195 0.0067297 0.0029513 0.0597753 0.0022746 0.0023084 0.0216547 0.0424406 0.0378420 0.0000000 0.0012749 0.0033039
 13 T  13 0.2541381 0.0304584 0.0279995 0.0030738 0.0117076 0.0182319 0.0555027 0.0241754 0.0034000 0.0417259 0.0335257 0.0655917 0.0068429 0.0388125 0.0531117 0.0621909 0.1602949 0.0018508 0.0033282 0.1040374
 14 T  14 0.3775858 0.0072681 0.0068248 0.0078158 0.0557325 0.0015578 0.0333957 0.0060392 0.0114384 0.0500139 0.0099055 0.0159044 0.0028977 0.0033304 0.0186951 0.0160033 0.0999458 0.0000000 0.0027330 0.2729129
 15 T  15 0.0432065 0.3081997 0.0225015 0.0072262 0.0043999 0.0460711 0.0973103 0.0091610 0.0434832 0.0136930 0.0400663 0.1686717 0.0098083 0.0109967 0.0088593 0.0623864 0.0518984 0.0081331 0.0155025 0.0284250
 16 G  16 0.0769044 0.1431633 0.0609030 0.0763205 0.0080824 0.0858192 0.1146661 0.0386212 0.0224168 0.0204209 0.0166375 0.1425253 0.0021454 0.0000000 0.0350685 0.0952303 0.0434749 0.0009498 0.0012038 0.0154465
 17 C  17 0.0396037 0.0156326 0.0070931 0.0000000 0.0150950 0.0231344 0.0134092 0.0000000 0.0194250 0.0628111 0.1182448 0.0013552 0.0078291 0.3688456 0.0386200 0.0335060 0.0308008 0.0428764 0.0316640 0.1300539
 18 G  18 0.0386452 0.0110352 0.0045758 0.0000000 0.0018563 0.0026556 0.0084996 0.0159702 0.0071483 0.2975296 0.1218561 0.0057022 0.0278716 0.0707891 0.0408377 0.0521611 0.0220448 0.0010993 0.0244755 0.2452467
 19 L  19 0.0627993 0.0383870 0.0196379 0.0577215 0.0095902 0.0443714 0.0982788 0.0127471 0.0557751 0.0647897 0.2816711 0.0378498 0.0372645 0.0263937 0.0121497 0.0265317 0.0547229 0.0016257 0.0092552 0.0484376
 20 P  20 0.0355456 0.1718638 0.0229629 0.0449948 0.0090894 0.0398810 0.1120581 0.0266728 0.0129303 0.0038678 0.0095971 0.1171159 0.0028718 0.0021118 0.2823874 0.0610294 0.0351587 0.0000000 0.0000000 0.0098616
 21 S  21 0.0546408 0.0984662 0.0273965 0.0086447 0.0018051 0.0218942 0.0310849 0.0000000 0.0779030 0.0550770 0.2317244 0.0455373 0.0272353 0.0370217 0.0350770 0.0665174 0.0438671 0.0207279 0.0570172 0.0583622
 22 I  22 0.0275717 0.0122758 0.0032951 0.0030764 0.0000000 0.0090596 0.0020965 0.0000000 0.0057885 0.2075785 0.2769646 0.0182270 0.0322953 0.1147784 0.0280204 0.0067859 0.0296678 0.1020634 0.0238317 0.0966235
 23 E  23 0.0759028 0.0277474 0.0367418 0.1281544 0.0000000 0.0728349 0.2430182 0.0357031 0.0101460 0.0136387 0.0220881 0.1018888 0.0079262 0.0473211 0.0623600 0.0454027 0.0420786 0.0000000 0.0183993 0.0086479
 24 Q  24 0.0379011 0.0453070 0.0541297 0.1325399 0.0012488 0.0508745 0.1648794 0.0181679 0.0174768 0.0040276 0.0134909 0.1289236 0.0049972 0.0041753 0.1340312 0.1095919 0.0714847 0.0000000 0.0013593 0.0053930
 25 M  25 0.0928931 0.0662009 0.0402751 0.0421952 0.0055370 0.0152651 0.0366938 0.0236459 0.0240347 0.1309327 0.1430527 0.0600329 0.0444897 0.0317519 0.0099606 0.0737211 0.0425344 0.0025731 0.0143324 0.0998779
 26 L  26 0.0770045 0.0271621 0.0252594 0.0586257 0.0000000 0.0285971 0.0531662 0.0129985 0.0021461 0.1705887 0.1590118 0.0405747 0.0913357 0.0216740 0.0537651 0.0614902 0.0174564 0.0103379 0.0180518 0.0707541
 27 A  27 0.1698623 0.0252583 0.0509100 0.1063131 0.0000000 0.0189297 0.1085269 0.0345824 0.0065604 0.0238588 0.0470692 0.0503026 0.0165318 0.0076529 0.1277562 0.1236946 0.0653522 0.0000000 0.0017088 0.0151298
 28 A  28 0.0914561 0.0348010 0.1343602 0.0861220 0.0056387 0.0346625 0.0923077 0.1113330 0.0211960 0.0254330 0.0772089 0.0453222 0.0094085 0.0348294 0.0223544 0.0725296 0.0377270 0.0000000 0.0330201 0.0302896
 29 N  29 0.0746055 0.0468690 0.0807821 0.0990750 0.0000000 0.0480849 0.0798749 0.1105309 0.0116500 0.0323403 0.0621858 0.0519676 0.0009568 0.0119788 0.0847817 0.0874347 0.0693849 0.0029476 0.0019353 0.0426141
 30 P  30 0.1192251 0.0198089 0.0391875 0.0723397 0.0029549 0.0686297 0.0578402 0.0303817 0.0611544 0.0343488 0.0757004 0.0647792 0.0114745 0.0112645 0.1198548 0.0976894 0.0573575 0.0073970 0.0217097 0.0269021
 31 G  31 0.0417690 0.0448265 0.0484263 0.0426979 0.0046052 0.0661408 0.0964286 0.2349546 0.0221950 0.0324644 0.0524082 0.0470873 0.0176036 0.0591603 0.0592831 0.0489888 0.0302206 0.0000000 0.0066734 0.0440663
 32 K  32 0.0060481 0.1140634 0.0127767 0.0106920 0.0134950 0.0312713 0.0244091 0.0199530 0.0185198 0.0299599 0.0779483 0.4596335 0.0784719 0.0190823 0.0012343 0.0058709 0.0172761 0.0000000 0.0247821 0.0345123
 33 T  33 0.0000000 0.0000000 0.3162480 0.5104523 0.0000000 0.0036596 0.0021159 0.0000000 0.0157063 0.0000000 0.0000000 0.0000000 0.0000000 0.0027121 0.0023034 0.0564545 0.0883633 0.0000000 0.0000000 0.0019847
 34 P  34 0.1129829 0.0000000 0.0060063 0.0032572 0.0000000 0.0000000 0.0211070 0.0019144 0.0192717 0.0000000 0.0000000 0.0009915 0.0000000 0.0617270 0.4161394 0.0367204 0.0034324 0.0627387 0.2521006 0.0016103
 35 I  35 0.0000000 0.0000000 0.0000000 0.0000000 0.0000000 0.0000000 0.0000000 0.0000000 0.0000000 0.1810206 0.0108507 0.5901012 0.0322357 0.0000000 0.0000000 0.0000000 0.0132555 0.0000000 0.0000000 0.1725363
 36 S  36 0.0153588 0.0000000 0.0074321 0.0047341 0.0514959 0.0109376 0.0000000 0.0950844 0.0000000 0.0000000 0.0000000 0.0000000 0.0269957 0.0000000 0.0000000 0.3216252 0.4635735 0.0000000 0.0000000 0.0027625
 37 L  37 0.1066811 0.1431289 0.0082982 0.0084963 0.0048138 0.1025933 0.0582747 0.0520825 0.0058539 0.0757093 0.1471793 0.0580811 0.0188182 0.0034550 0.0000000 0.0745404 0.0554255 0.0242858 0.0098098 0.0424729
 38 L  38 0.0000000 0.0000000 0.0000000 0.0000000 0.0021304 0.0000000 0.0000000 0.0000000 0.0000000 0.0078614 0.9005849 0.0000000 0.0017718 0.0179923 0.0000000 0.0000000 0.0000000 0.0000000 0.0000000 0.0696592
 39 Q  39 0.0000000 0.0000000 0.1161074 0.0000000 0.0000000 0.6933827 0.0000000 0.0041109 0.0254100 0.0331555 0.0720972 0.0057409 0.0277666 0.0137477 0.0000000 0.0000000 0.0021670 0.0000000 0.0052721 0.0010419
 40 E  40 0.0029213 0.0009483 0.0048685 0.0141137 0.0000000 0.0296302 0.8904377 0.0047294 0.0064901 0.0303863 0.0000000 0.0087188 0.0000000 0.0000000 0.0000000 0.0026275 0.0023638 0.0000000 0.0000000 0.0017645
 41 Y  41 0.0059177 0.0123097 0.0020486 0.0008771 0.0234596 0.0332676 0.0028508 0.0000000 0.0292501 0.0956951 0.2866970 0.0117433 0.0431711 0.0674168 0.0000000 0.0032514 0.0054043 0.1175283 0.2315139 0.0275976
 42 G  42 0.2479452 0.0000000 0.0014830 0.0000000 0.0853951 0.0542113 0.0027043 0.0469117 0.0009724 0.0374984 0.1870103 0.0000000 0.0410934 0.0033322 0.0023289 0.0659336 0.0953266 0.0000000 0.0042108 0.1236429
 43 T  43 0.1298550 0.0582478 0.0090903 0.0018052 0.0000000 0.6152612 0.0040642 0.0011520 0.0494132 0.0196654 0.0305042 0.0028220 0.0246261 0.0000000 0.0000000 0.0225630 0.0163497 0.0000000 0.0000000 0.0145808
 44 R  44 0.0978647 0.2030195 0.0000000 0.0016731 0.0010518 0.0374695 0.0432729 0.0524441 0.0235883 0.0106339 0.0038715 0.3592532 0.0036068 0.0403978 0.0000000 0.0837397 0.0111732 0.0000000 0.0186026 0.0083372
 45 I  45 0.0239490 0.1940446 0.1432424 0.0386155 0.0024448 0.0646879 0.0446383 0.0212940 0.0946501 0.0138672 0.0892848 0.1279778 0.0116422 0.0238474 0.0008180 0.0418971 0.0378565 0.0049907 0.0140727 0.0061791
 46 G  46 0.0071832 0.0836015 0.0697980 0.0086453 0.0028719 0.0218362 0.0470753 0.3678488 0.0346926 0.0013842 0.0409549 0.1923835 0.0048439 0.0119072 0.0000000 0.0602398 0.0030310 0.0365854 0.0051174 0.0000000
 47 K  47 0.0387377 0.0406918 0.0362550 0.0242277 0.0084413 0.0448750 0.0531120 0.0147015 0.0115581 0.0709470 0.1435711 0.1112220 0.0566685 0.0252104 0.1639794 0.0503274 0.0200788 0.0116019 0.0065172 0.0672762
 48 T  48 0.0598539 0.0226636 0.0134714 0.0132799 0.0071418 0.0562371 0.0884705 0.0415952 0.0082670 0.0266336 0.1806058 0.0227815 0.0258525 0.0046637 0.0859344 0.0711740 0.1712065 0.0000000 0.0041543 0.0960133
 49 P  49 0.0303206 0.0000000 0.0000000 0.0000000 0.0565928 0.0018720 0.0000000 0.0000000 0.0247141 0.1165381 0.0633941 0.0000000 0.0000000 0.0058859 0.6089645 0.0000000 0.0000000 0.0000000 0.0032753 0.0884426
 50 V  50 0.0245525 0.0602643 0.0352234 0.0528366 0.0036782 0.0851196 0.2756501 0.0127870 0.0292577 0.0625101 0.0138253 0.0604946 0.0050785 0.0011999 0.0116708 0.0880282 0.0762241 0.0014005 0.0010658 0.0991328
 51 Y  51 0.0108413 0.0000000 0.0000000 0.0054504 0.0000000 0.0000000 0.0000000 0.0000000 0.0000000 0.0038316 0.0000000 0.0000000 0.0000000 0.1638413 0.0046622 0.0000000 0.0000000 0.0000000 0.8113731 0.0000000
 52 D  52 0.0225172 0.1593795 0.0408453 0.0380925 0.0013440 0.0521097 0.2513753 0.0008086 0.0200314 0.0315790 0.0224470 0.1419539 0.0068744 0.0063291 0.0000000 0.0260861 0.0874690 0.0009917 0.0144910 0.0752754
 53 L  53 0.0070110 0.0000000 0.0060856 0.0071725 0.0154979 0.0112121 0.0491460 0.0000000 0.0000000 0.0955896 0.4491403 0.0019333 0.0329439 0.0119717 0.0105781 0.0060143 0.0327234 0.0000000 0.0043988 0.2585815
 54 L  54 0.0262041 0.0016426 0.0037699 0.0058689 0.0137461 0.0049396 0.0432545 0.0036879 0.0032276 0.2259608 0.2309254 0.0167243 0.0127072 0.0011203 0.0000000 0.0159014 0.1005570 0.0000000 0.0063937 0.2833687
 55 K  55 0.0722664 0.0599557 0.0484602 0.1197597 0.0090755 0.0613935 0.1460148 0.0817621 0.0211264 0.0000000 0.0078958 0.1049983 0.0021243 0.0047482 0.0036662 0.1873648 0.0667696 0.0000000 0.0000000 0.0026186
 56 A  56 0.0344418 0.0996159 0.0075552 0.0445044 0.0073831 0.1251142 0.4026984 0.0071952 0.0053845 0.0629113 0.0017687 0.0377761 0.0061481 0.0032123 0.0065646 0.0436245 0.0485582 0.0000000 0.0077766 0.0477668
 57 E  57 0.0161536 0.0753309 0.0180634 0.0412349 0.0157004 0.0385012 0.2090366 0.0230386 0.0145997 0.0144853 0.0147643 0.0707379 0.0030063 0.0142825 0.0046733 0.2587767 0.1322856 0.0009056 0.0155312 0.0188919
 58 G  58 0.0000000 0.0042893 0.0015795 0.0057504 0.0000000 0.0017175 0.0013828 0.9419646 0.0000000 0.0000000 0.0133598 0.0109132 0.0012121 0.0000000 0.0056766 0.0015872 0.0047223 0.0000000 0.0000000 0.0058446
 59 Q  59 0.0474762 0.0063187 0.0187125 0.0239184 0.0000000 0.0380596 0.0678233 0.0191645 0.0051124 0.0062718 0.0389174 0.0118850 0.0139573 0.0023207 0.6757479 0.0064187 0.0074374 0.0000000 0.0016631 0.0087952
 60 A  60 0.2481435 0.0082112 0.0111174 0.2737967 0.0009716 0.0103307 0.0781727 0.0090065 0.0165176 0.0211195 0.0000000 0.0021992 0.0029025 0.0017705 0.2118216 0.0780081 0.0136563 0.0000000 0.0000000 0.0122547
 61 H  61 0.0052236 0.0500777 0.0432631 0.0000000 0.0000000 0.0034162 0.0000000 0.0079289 0.8593527 0.0026675 0.0000000 0.0000000 0.0039480 0.0000000 0.0052582 0.0011215 0.0051302 0.0019167 0.0080768 0.0026187
 62 Q  62 0.1649859 0.0804625 0.1314431 0.1996052 0.0233694 0.0500514 0.1375577 0.0035351 0.0199863 0.0094610 0.0185889 0.0369448 0.0451365 0.0031525 0.0090143 0.0535363 0.0037203 0.0000000 0.0034326 0.0060159
 63 P  63 0.0079550 0.1725064 0.0090457 0.0026682 0.0084446 0.1037337 0.0025249 0.0000000 0.0000000 0.0000000 0.0046629 0.3834998 0.0000000 0.0013344 0.2807655 0.0139891 0.0071131 0.0000000 0.0000000 0.0017569
 64 N  64 0.0063065 0.1086649 0.0516382 0.0026238 0.0075750 0.0508944 0.1726198 0.0000000 0.0155621 0.0759338 0.0525093 0.0773076 0.0341066 0.0056402 0.0038040 0.0390230 0.1971975 0.0038359 0.0053365 0.0894209
 65 F  65 0.0000000 0.0000000 0.0000000 0.0000000 0.0092152 0.0000000 0.0000000 0.0000000 0.0000000 0.0039532 0.0000000 0.0000000 0.0019128 0.9537577 0.0000000 0.0000000 0.0000000 0.0000000 0.0289208 0.0022402
 66 T  66 0.0048981 0.0467062 0.0081523 0.0077858 0.0071033 0.0351099 0.0966351 0.0000000 0.0287711 0.0525064 0.0222023 0.0737911 0.0134604 0.0236804 0.0000000 0.0425950 0.3171705 0.0135772 0.0335282 0.1723268
 67 F  67 0.1087320 0.0000000 0.0000000 0.0000000 0.0272531 0.0019162 0.0000000 0.0000000 0.0000000 0.1261041 0.0056706 0.0000000 0.1267160 0.0631102 0.0000000 0.0432262 0.0678415 0.0037952 0.1045450 0.3210901
 68 R  68 0.1164751 0.1309225 0.0199055 0.0102443 0.0398178 0.1532258 0.2197605 0.0226529 0.0113098 0.0101422 0.0102799 0.0505015 0.0022849 0.0102462 0.0000000 0.0780282 0.0760613 0.0036208 0.0038245 0.0306962
 69 V  69 0.1075200 0.0000000 0.0000000 0.0000000 0.1972739 0.0000000 0.0000000 0.0000000 0.0000000 0.0121295 0.0952539 0.0000000 0.0000000 0.0000000 0.0000000 0.0015679 0.0029057 0.0000000 0.0064852 0.5768640
 70 T  70 0.0416914 0.1002592 0.0086995 0.0207869 0.0082958 0.0274850 0.0409478 0.0025167 0.0196546 0.0724194 0.0579633 0.1471626 0.0124673 0.0312324 0.0022402 0.1303945 0.1213678 0.0112211 0.0450780 0.0981166
 71 V  71 0.0419945 0.0000000 0.0012380 0.0024993 0.0326367 0.0000000 0.0021535 0.0097512 0.0014088 0.2573705 0.1728272 0.0000000 0.0255276 0.0180229 0.0008398 0.0044768 0.0016659 0.0059445 0.0080779 0.4135650
 72 G  72 0.0381411 0.0056742 0.1735539 0.1407635 0.0041027 0.0170244 0.0921105 0.3703962 0.0100656 0.0013004 0.0168316 0.0407882 0.0021927 0.0041383 0.0322444 0.0413815 0.0073138 0.0000000 0.0012378 0.0007391
 73 D  73 0.0183086 0.0372037 0.1087866 0.2009180 0.0000000 0.0172752 0.1294566 0.3451907 0.0052065 0.0007572 0.0029024 0.0687515 0.0021616 0.0000000 0.0038566 0.0402468 0.0163357 0.0000000 0.0008723 0.0017701
 74 T  74 0.0172494 0.1007936 0.0144018 0.0057013 0.0055832 0.1213645 0.1106608 0.0010210 0.0360725 0.1026150 0.1133889 0.1147193 0.0140914 0.0705410 0.0025088 0.0142191 0.0191859 0.0000000 0.0344415 0.1014408
 75 S  75 0.0238654 0.0395455 0.0214010 0.0075488 0.0041126 0.0230592 0.1168705 0.0038444 0.0081208 0.0840595 0.0894195 0.0404502 0.0167567 0.0434264 0.0218616 0.0691757 0.1415507 0.0244486 0.1055594 0.1149235
 76 C  76 0.1965975 0.0050893 0.0000000 0.0024892 0.0267364 0.0077473 0.0628796 0.2921643 0.0011914 0.0102430 0.0099371 0.0010878 0.0010223 0.1546492 0.0481300 0.0378252 0.0510281 0.0161314 0.0481906 0.0268600
 77 T  77 0.0140719 0.0800641 0.0101025 0.0180624 0.0021831 0.0536848 0.1972994 0.0068796 0.0121954 0.0815081 0.0119795 0.0497500 0.0213200 0.0125135 0.0811064 0.0842617 0.1746571 0.0014852 0.0150034 0.0718719
 78 G  78 0.2134190 0.0000000 0.0000000 0.0000000 0.0057280 0.0000000 0.0027587 0.7359910 0.0000000 0.0000000 0.0000000 0.0000000 0.0027898 0.0000000 0.0000000 0.0096942 0.0000000 0.0000000 0.0000000 0.0296194
 79 Q  79 0.0362344 0.0311425 0.0059356 0.0125673 0.0091025 0.0576754 0.2040788 0.0056123 0.0075498 0.0508038 0.0108214 0.0785679 0.0163286 0.0086887 0.0019394 0.1434175 0.1765683 0.0160149 0.0214147 0.1055362
 80 G  80 0.1475471 0.0000000 0.0013599 0.0049566 0.0000000 0.0020218 0.0056491 0.8221444 0.0000000 0.0000000 0.0000000 0.0000000 0.0000000 0.0000000 0.0000000 0.0135535 0.0027675 0.0000000 0.0000000 0.0000000
 81 P  81 0.0241236 0.2082527 0.0726125 0.0012397 0.0038172 0.0065099 0.0059064 0.0689184 0.0497934 0.0028177 0.0031801 0.1991611 0.0000000 0.0135949 0.1107807 0.1157244 0.0881380 0.0000000 0.0225550 0.0028743
 82 S  82 0.0036605 0.0108276 0.1290890 0.0000000 0.0057101 0.0000000 0.0000000 0.0194335 0.0000000 0.0000000 0.0000000 0.0132162 0.0000000 0.0000000 0.0000000 0.6539155 0.1641476 0.0000000 0.0000000 0.0000000
 83 K  83 0.0081081 0.1459178 0.0000000 0.0000000 0.0012706 0.0000000 0.0000000 0.0000000 0.0000000 0.0406813 0.0053928 0.7863093 0.0013321 0.0000000 0.0000000 0.0020845 0.0015147 0.0000000 0.0000000 0.0073888
 84 K  84 0.0038485 0.1678012 0.0000000 0.0000000 0.0000000 0.0409331 0.0000000 0.0000000 0.0020992 0.0000000 0.0000000 0.7853180 0.0000000 0.0000000 0.0000000 0.0000000 0.0000000 0.0000000 0.0000000 0.0000000
 85 A  85 0.0889789 0.0224810 0.0110881 0.0408751 0.0012670 0.0790244 0.3172095 0.0108562 0.0116037 0.0658976 0.0984500 0.1095868 0.0122952 0.0053225 0.0000000 0.0256777 0.0153670 0.0000000 0.0016751 0.0823441
 86 A  86 0.8957399 0.0000000 0.0000000 0.0000000 0.0000000 0.0000000 0.0000000 0.0292824 0.0000000 0.0026958 0.0000000 0.0000000 0.0000000 0.0000000 0.0000000 0.0722819 0.0000000 0.0000000 0.0000000 0.0000000
 87 K  87 0.0057717 0.0299940 0.0000000 0.0000000 0.0000000 0.0691594 0.5377840 0.0014169 0.0018549 0.0000000 0.0000000 0.3472753 0.0000000 0.0000000 0.0000000 0.0052203 0.0015235 0.0000000 0.0000000 0.0000000
 88 H  88 0.0099374 0.0901680 0.0056437 0.0000000 0.0000000 0.6177337 0.0180235 0.0047882 0.0999185 0.0106543 0.0201205 0.0789782 0.0152925 0.0000000 0.0000000 0.0145930 0.0141486 0.0000000 0.0000000 0.0000000
 89 K  89 0.1215850 0.0788264 0.1899950 0.0694387 0.0032868 0.0903063 0.1204531 0.0008697 0.0452017 0.0136694 0.0618336 0.0800816 0.0539033 0.0008053 0.0000000 0.0411839 0.0066192 0.0000000 0.0014885 0.0204524
 90 A  90 0.9590143 0.0000000 0.0000000 0.0000000 0.0098690 0.0000000 0.0000000 0.0043065 0.0000000 0.0000000 0.0000000 0.0000000 0.0000000 0.0000000 0.0000000 0.0119770 0.0030799 0.0000000 0.0000000 0.0117533
 91 A  91 0.9949333 0.0000000 0.0000000 0.0000000 0.0000000 0.0000000 0.0000000 0.0000000 0.0000000 0.0000000 0.0000000 0.0000000 0.0000000 0.0000000 0.0000000 0.0050667 0.0000000 0.0000000 0.0000000 0.0000000
 92 E  92 0.0731830 0.1220238 0.0139764 0.0234477 0.0038669 0.1174768 0.2482833 0.0102945 0.0219662 0.0085010 0.0301350 0.1965739 0.0216599 0.0028096 0.0000000 0.0441449 0.0263860 0.0022891 0.0279207 0.0050613
 93 V  93 0.1635959 0.0484733 0.0792631 0.0405138 0.0088582 0.0695076 0.1033198 0.0019385 0.0223166 0.0288192 0.0841957 0.2076206 0.0285219 0.0071103 0.0000000 0.0478347 0.0228769 0.0000000 0.0037313 0.0315027
 94 A  94 0.5950219 0.0000000 0.0000000 0.0000000 0.0061203 0.0000000 0.0000000 0.0088437 0.0000000 0.0216166 0.0789366 0.0000000 0.1695941 0.0126836 0.0000000 0.0088153 0.0256490 0.0000000 0.0016372 0.0710817
 95 L  95 0.0000000 0.0000000 0.0000000 0.0000000 0.0111987 0.0000000 0.0000000 0.0000000 0.0000000 0.0877441 0.6335267 0.0000000 0.0563902 0.0279659 0.0000000 0.0011541 0.0023731 0.0803420 0.0601211 0.0391841
 96 K  96 0.0707644 0.1057756 0.0324276 0.0738317 0.0033975 0.0762252 0.2619609 0.0078696 0.0147111 0.0262408 0.0543880 0.1463706 0.0059342 0.0018931 0.0019698 0.0518878 0.0415644 0.0000000 0.0011392 0.0216481
 97 H  97 0.1209035 0.0962722 0.0231639 0.0124060 0.0065247 0.1009142 0.1174679 0.0113524 0.0166882 0.0636470 0.0579056 0.2003182 0.0116360 0.0088049 0.0000000 0.0552749 0.0350182 0.0021935 0.0079004 0.0516084
 98 L  98 0.0021995 0.0000000 0.0000000 0.0000000 0.0000000 0.0026705 0.0000000 0.0000000 0.0027571 0.1702762 0.7388694 0.0000000 0.0378023 0.0187003 0.0000000 0.0000000 0.0100296 0.0000000 0.0026048 0.0140903
 99 K  99 0.0204003 0.0951429 0.0241514 0.0213296 0.0202910 0.1240210 0.1158787 0.0251511 0.0655848 0.0505919 0.0638468 0.2080633 0.0214273 0.0239951 0.0000000 0.0441570 0.0458752 0.0000000 0.0000000 0.0300925
100 G 100 0.1324776 0.0744185 0.1304228 0.0456839 0.0000000 0.0503248 0.1047005 0.1835076 0.0121460 0.0016813 0.0028940 0.1867506 0.0054199 0.0000000 0.0111733 0.0299900 0.0074872 0.0000000 0.0035226 0.0173994
101 G 101 0.0494242 0.0262752 0.0698469 0.0833720 0.0053917 0.0394984 0.2355655 0.0492476 0.0271042 0.0219985 0.1054590 0.0452816 0.0131751 0.0206323 0.0050923 0.0965448 0.0551849 0.0000000 0.0214997 0.0294062
102 S 102 0.1540140 0.0224131 0.0744826 0.0244977 0.0000000 0.0450574 0.0313244 0.0836717 0.0259143 0.0044347 0.0176135 0.0747898 0.0019307 0.0111243 0.1990823 0.1393369 0.0548918 0.0000000 0.0128528 0.0225681
103 M 103 0.0866589 0.0220494 0.0464041 0.0329454 0.0000000 0.0112324 0.0616102 0.0093809 0.0328415 0.0742984 0.0988102 0.0799702 0.0107418 0.0072436 0.1687877 0.0993590 0.0337396 0.0096127 0.0066988 0.1076151
104 L 104 0.1064626 0.0198752 0.0223658 0.0519126 0.0015887 0.0618574 0.0534894 0.0123208 0.0140142 0.0351356 0.1751964 0.0685718 0.0183710 0.0267808 0.1667880 0.0345330 0.0495178 0.0148878 0.0077884 0.0585428
105 E 105 0.1096356 0.0368900 0.0213324 0.1076254 0.0043776 0.1223067 0.1263479 0.0072026 0.0234304 0.0029490 0.0399779 0.1238364 0.0090064 0.0072458 0.0545406 0.0830654 0.0830720 0.0000000 0.0039439 0.0332140
106 P 106 0.0830341 0.0247334 0.0246214 0.0938306 0.0000000 0.0453900 0.1149051 0.0207006 0.0108673 0.0075619 0.0078650 0.0393405 0.0000000 0.0092250 0.3036602 0.1167388 0.0727070 0.0000000 0.0000000 0.0248191
107 A 107 0.1968768 0.0429620 0.0114701 0.0262190 0.0000000 0.1713245 0.0484144 0.0291436 0.0060077 0.0140815 0.0245011 0.0775235 0.0000000 0.0000000 0.0669351 0.1763048 0.0770734 0.0062763 0.0000000 0.0248864
108 L 108 0.0836782 0.0188765 0.0230285 0.0718492 0.0000000 0.0032896 0.0476790 0.0821926 0.0150975 0.0657756 0.0583764 0.0537981 0.0484004 0.0059728 0.1601908 0.1214080 0.0620939 0.0000000 0.0128539 0.0654391
109 G 109 0.0464711 0.0622126 0.0714969 0.0749364 0.0000000 0.0808837 0.1726593 0.1350020 0.0048252 0.0085274 0.0117598 0.0533268 0.0050782 0.0072260 0.0829088 0.1057606 0.0681409 0.0000000 0.0000000 0.0087845
110 G 110 0.0979653 0.0614962 0.0788152 0.0987345 0.0000000 0.0778592 0.0596538 0.0620556 0.0092399 0.0000000 0.0196811 0.1710294 0.0000000 0.0000000 0.0322963 0.0744673 0.1098556 0.0000000 0.0144982 0.0323524
111 A 111 0.0890521 0.0487246 0.0615047 0.0244465 0.0036923 0.0349549 0.1253573 0.0249896 0.0122512 0.0146400 0.0233072 0.0309739 0.0000000 0.0000000 0.2143123 0.1436085 0.0964247 0.0000000 0.0000000 0.0517602
112 G 112 0.1513570 0.0205743 0.1076033 0.0587470 0.0055412 0.0274214 0.0992955 0.1597766 0.0000000 0.0386491 0.0202502 0.0788466 0.0255978 0.0093184 0.0305009 0.0745016 0.0322400 0.0000000 0.0201455 0.0396334
113 A 113 0.1219026 0.0610823 0.0392375 0.0322658 0.0105724 0.0371598 0.1846204 0.0174854 0.0332395 0.0185796 0.0747681 0.0420229 0.0139022 0.0148272 0.0851279 0.0966694 0.0592463 0.0000000 0.0058610 0.0514296
114 A 114 0.0766021 0.0508991 0.1232712 0.0446692 0.0000000 0.0488616 0.1295823 0.0215982 0.0000000 0.0223649 0.0303897 0.1161672 0.0134638 0.0064344 0.0206434 0.2095382 0.0566580 0.0000000 0.0055267 0.0233299
115 A 115 0.0998635 0.0557954 0.1138553 0.0557687 0.0057481 0.0142184 0.0862640 0.0266169 0.0157789 0.0287796 0.0284051 0.0857205 0.0228565 0.0000000 0.0696251 0.1545339 0.0988669 0.0000000 0.0090723 0.0282310
116 G 116 0.0724318 0.0070964 0.0143437 0.1059460 0.0234363 0.0194796 0.1178236 0.2303694 0.0127790 0.0082674 0.0242735 0.0572852 0.0123425 0.0087427 0.0279087 0.1133683 0.1143424 0.0000000 0.0088102 0.0209533
117 G 117 0.0684592 0.0000000 0.0287719 0.1589219 0.0000000 0.0551693 0.1436743 0.0774511 0.0076197 0.0074818 0.0709729 0.0076073 0.0130884 0.0223724 0.0968505 0.1107488 0.0312582 0.0468763 0.0122626 0.0404134
118 C 118 0.0547778 0.0275491 0.1142225 0.0662588 0.0695476 0.0269984 0.0476204 0.0207792 0.0000000 0.0349938 0.0350968 0.0852074 0.0282086 0.0267190 0.0543716 0.1168634 0.0977251 0.0000000 0.0198842 0.0731763
119 G 119 0.0767346 0.0000000 0.0000000 0.0369478 0.0000000 0.0607810 0.1745954 0.1266940 0.0000000 0.0146767 0.0655049 0.0084982 0.0103156 0.0000000 0.0240760 0.0966993 0.2634291 0.0000000 0.0000000 0.0410475
120 C 120 0.0906127 0.0000000 0.0092907 0.0239759 0.0493448 0.0556346 0.1046554 0.0292494 0.0000000 0.0000000 0.0113789 0.0159867 0.0000000 0.0000000 0.3516277 0.0755926 0.0833570 0.0000000 0.0000000 0.0992937
121 A 121 0.1345841 0.0299355 0.0607409 0.1395119 0.0000000 0.0240828 0.0753279 0.0691480 0.0097162 0.0307488 0.0198407 0.0502787 0.0000000 0.0000000 0.0284612 0.1778472 0.0746242 0.0000000 0.0000000 0.0751520
122 G 122 0.1151888 0.0083647 0.0104924 0.0332099 0.0000000 0.0098149 0.0306701 0.2578959 0.0270359 0.0000000 0.0581406 0.1302380 0.0655523 0.0118458 0.0000000 0.1534238 0.0247672 0.0000000 0.0000000 0.0633600
123 G 123 0.0780948 0.0000000 0.1030103 0.0513768 0.0000000 0.0477740 0.1640731 0.1001684 0.0000000 0.0000000 0.0000000 0.0660862 0.0000000 0.0000000 0.0481486 0.2243056 0.0935846 0.0000000 0.0000000 0.0233775
124 G 124 0.0806374 0.0306522 0.0551934 0.1095551 0.0000000 0.0147156 0.0118097 0.1201443 0.0000000 0.0112794 0.0350129 0.1020423 0.0000000 0.0091921 0.1629299 0.1982860 0.0115647 0.0000000 0.0340114 0.0129734
125 A 125 0.1323103 0.0000000 0.0964168 0.0143745 0.0000000 0.0183693 0.0553484 0.1699483 0.0000000 0.0000000 0.0459396 0.0313902 0.0243605 0.0173025 0.0723850 0.1944999 0.0339024 0.0000000 0.0000000 0.0934522
126 G 126 0.1152761 0.0194659 0.0232526 0.3298593 0.0000000 0.0000000 0.1119198 0.1690193 0.0000000 0.0000000 0.0000000 0.0359250 0.0000000 0.0000000 0.0391871 0.1560949 0.0000000 0.0000000 0.0000000 0.0000000
127 G 127 0.0587156 0.0000000 0.0926374 0.0000000 0.0000000 0.0000000 0.0497497 0.5541490 0.0000000 0.0000000 0.0597955 0.0000000 0.0000000 0.0000000 0.0294809 0.0591833 0.0962885 0.0000000 0.0000000 0.0000000
128 A 128 0.8074213 0.0000000 0.0000000 0.0000000 0.0000000 0.0000000 0.0000000 0.0000000 0.0000000 0.0000000 0.0000000 0.0000000 0.0000000 0.0000000 0.0000000 0.1925787 0.0000000 0.0000000 0.0000000 0.0000000
