  128         A         R         N         D         C         Q         E         G         H         I         L         K         M         F         P         S         T         W         Y         V         X    
  1 G   1 0.0000000 0.0000000 0.0000000 0.0000000 0.0000000 0.0000000 0.0000000 0.1883583 0.0000000 0.0000000 0.0000000 0.0000000 0.0000000 0.0000000 0.0000000 0.0000000 0.0000000 0.0000000 0.0000000 0.0000000 0.8116417
  2 G   2 0.1639188 0.0000000 0.0000000 0.0000000 0.0000000 0.0000000 0.0000000 0.0917559 0.0000000 0.0000000 0.0000000 0.0000000 0.0000000 0.0000000 0.0000000 0.0087207 0.0000000 0.0000000 0.0000000 0.0000000 0.7356046
  3 A   3 0.0545746 0.0000000 0.0034904 0.0000000 0.0000000 0.0013178 0.0018204 0.0109091 0.0000000 0.0435427 0.1045878 0.0000000 0.0010607 0.0033674 0.0025034 0.0017025 0.0062382 0.0000000 0.0020357 0.0344991 0.7283503
  4 M   4 0.0025333 0.0000000 0.0044243 0.0011407 0.0000000 0.0022238 0.0000000 0.0000000 0.0000000 0.0347607 0.0220241 0.0051769 0.0301954 0.0186991 0.0017097 0.0109969 0.0034629 0.0000000 0.1361702 0.0139887 0.7124932
  5 S   5 0.0120188 0.0028812 0.0070734 0.0000000 0.0017165 0.0000000 0.0000000 0.0024285 0.0000000 0.0057482 0.1427713 0.0016501 0.0020453 0.0011987 0.0000000 0.0504221 0.0134634 0.0000000 0.0476060 0.0082822 0.7006944
  6 E   6 0.0050575 0.0108124 0.0000000 0.0577395 0.0000000 0.0036342 0.0818928 0.0042611 0.0000000 0.0000000 0.0435212 0.0030684 0.0000000 0.0000000 0.0108538 0.0073148 0.0013041 0.0000000 0.0000000 0.0024285 0.7681117
  7 E   7 0.0069675 0.0045516 0.0043598 0.0178521 0.0067861 0.0403506 0.0369044 0.0000000 0.0055819 0.0020442 0.0055744 0.0343027 0.0091263 0.0027714 0.0044896 0.0471698 0.0090382 0.0000000 0.0000000 0.0017704 0.7603589
  8 E   8 0.0041687 0.0019313 0.0164359 0.4694832 0.0000000 0.0092762 0.0454934 0.0062394 0.0000000 0.0000000 0.0040693 0.0091083 0.0017955 0.0026039 0.0000000 0.0110092 0.0098036 0.0018642 0.0000000 0.0000000 0.4067178
  9 Q   9 0.0887719 0.0178321 0.0134213 0.0026039 0.0026274 0.1218945 0.0307675 0.1573966 0.0098256 0.0075114 0.0052400 0.0309761 0.0000000 0.0018328 0.0017019 0.1042103 0.0106530 0.0000000 0.0168250 0.0046314 0.3712774
 10 G  10 0.0688941 0.0000000 0.0267650 0.0190291 0.0011473 0.0071162 0.0263317 0.4493368 0.0000000 0.0072679 0.0033930 0.0073658 0.0000000 0.0000000 0.0086338 0.0197805 0.0087755 0.0000000 0.0017414 0.0056915 0.3387305
 11 S  11 0.0162380 0.0118079 0.0059828 0.0102353 0.0056234 0.0215687 0.0112621 0.0043427 0.0022711 0.0746138 0.1624385 0.0319757 0.0505540 0.1214927 0.0047607 0.0353319 0.0064666 0.0078132 0.0723512 0.0249542 0.3179155
 12 G  12 0.0592071 0.0066083 0.0445123 0.1188614 0.0008302 0.0228334 0.2800326 0.0339492 0.0007568 0.0045939 0.0020105 0.0410625 0.0015695 0.0015988 0.0148246 0.0292296 0.0264679 0.0000000 0.0008811 0.0022530 0.3079175
 13 T  13 0.1790056 0.0216043 0.0199355 0.0021601 0.0082181 0.0133073 0.0377018 0.0173473 0.0027656 0.0290096 0.0229423 0.0459222 0.0047088 0.0268490 0.0375603 0.0442999 0.1125918 0.0016430 0.0024637 0.0733385 0.2966252
 14 T  14 0.2728984 0.0051210 0.0047519 0.0054046 0.0405167 0.0014728 0.0238887 0.0042096 0.0082451 0.0358547 0.0068897 0.0120806 0.0020271 0.0024586 0.0131174 0.0115611 0.0722345 0.0000000 0.0019428 0.1952382 0.2800863
 15 T  15 0.0317562 0.2264225 0.0160834 0.0052779 0.0030890 0.0339572 0.0708964 0.0066241 0.0315270 0.0098530 0.0296279 0.1232232 0.0071604 0.0079992 0.0064335 0.0460946 0.0397218 0.0057279 0.0118789 0.0215285 0.2651172
 16 G  16 0.0573535 0.1053988 0.0452656 0.0563942 0.0059817 0.0637973 0.0860083 0.0293889 0.0161040 0.0145350 0.0120501 0.1047896 0.0015711 0.0000000 0.0256198 0.0713910 0.0315187 0.0006997 0.0008728 0.0110738 0.2601863
 17 C  17 0.0284647 0.0117984 0.0050324 0.0000000 0.0124244 0.0174744 0.0098627 0.0000000 0.0141729 0.0457903 0.0863605 0.0009943 0.0055671 0.2735546 0.0288468 0.0254204 0.0224514 0.0315329 0.0231125 0.0963284 0.2608106
 18 G  18 0.0292062 0.0082451 0.0033109 0.0000000 0.0013681 0.0019278 0.0062286 0.0140899 0.0046989 0.2231107 0.0898464 0.0041749 0.0202609 0.0521103 0.0297275 0.0384982 0.0160581 0.0008405 0.0183684 0.1844620 0.2534666
 19 L  19 0.0477775 0.0286599 0.0144644 0.0425907 0.0073672 0.0334211 0.0734532 0.0097319 0.0430556 0.0481400 0.2131277 0.0283332 0.0279560 0.0188036 0.0096006 0.0196864 0.0410083 0.0012029 0.0072818 0.0357608 0.2485771
 20 P  20 0.0270008 0.1303513 0.0173072 0.0337188 0.0067435 0.0298533 0.0835903 0.0197704 0.0098412 0.0028407 0.0076409 0.0890952 0.0023151 0.0015988 0.2121093 0.0469323 0.0276570 0.0000000 0.0000000 0.0080780 0.2435558
 21 S  21 0.0425162 0.0750361 0.0214147 0.0069251 0.0014110 0.0169032 0.0236903 0.0000000 0.0598983 0.0414705 0.1771754 0.0340343 0.0210991 0.0290436 0.0275980 0.0539753 0.0341390 0.0166719 0.0439716 0.0450082 0.2280183
 22 I  22 0.0212290 0.0095915 0.0035253 0.0027359 0.0000000 0.0069025 0.0015852 0.0000000 0.0043721 0.1634051 0.2145198 0.0137755 0.0255820 0.0895120 0.0224559 0.0051812 0.0225028 0.0801098 0.0189671 0.0759163 0.2181311
 23 E  23 0.0611345 0.0222461 0.0289624 0.1011343 0.0000000 0.0580682 0.1976924 0.0294525 0.0079941 0.0108638 0.0176530 0.0816748 0.0062723 0.0375453 0.0499828 0.0359739 0.0341280 0.0000000 0.0148802 0.0072738 0.1970676
 24 Q  24 0.0313786 0.0365388 0.0449367 0.1074587 0.0010043 0.0440700 0.1329913 0.0157484 0.0142076 0.0032698 0.0106853 0.1046696 0.0040974 0.0032729 0.1083937 0.0898298 0.0573864 0.0000000 0.0011335 0.0046372 0.1842898
 25 M  25 0.0747930 0.0548363 0.0324361 0.0340790 0.0043983 0.0124708 0.0301821 0.0182052 0.0192976 0.1052002 0.1181388 0.0487592 0.0393595 0.0259835 0.0089661 0.0591453 0.0345772 0.0020304 0.0116885 0.0807426 0.1847102
 26 L  26 0.0628331 0.0220544 0.0209219 0.0482273 0.0000000 0.0236221 0.0447429 0.0106163 0.0015917 0.1397153 0.1351407 0.0333796 0.0752592 0.0177264 0.0437037 0.0510445 0.0142672 0.0090678 0.0145356 0.0583657 0.1731844
 27 A  27 0.1434942 0.0205471 0.0420809 0.0887376 0.0000000 0.0158929 0.0904231 0.0294735 0.0056868 0.0192243 0.0389778 0.0421476 0.0136891 0.0062543 0.1060525 0.1012704 0.0546853 0.0000000 0.0014063 0.0123688 0.1675876
 28 A  28 0.0783983 0.0287979 0.1119097 0.0715517 0.0051019 0.0286803 0.0774671 0.0928083 0.0176534 0.0208893 0.0636112 0.0400104 0.0076819 0.0285661 0.0187233 0.0603195 0.0317027 0.0000000 0.0268049 0.0263594 0.1629627
 29 N  29 0.0621782 0.0392707 0.0693067 0.0834840 0.0000000 0.0397146 0.0667344 0.0913827 0.0097866 0.0273891 0.0534895 0.0441383 0.0008244 0.0095780 0.0707141 0.0740441 0.0579683 0.0025316 0.0016193 0.0357003 0.1601452
 30 P  30 0.1020393 0.0171664 0.0340198 0.0597606 0.0025501 0.0605480 0.0476209 0.0255229 0.0525730 0.0293631 0.0650199 0.0558791 0.0094952 0.0095543 0.1061499 0.0822955 0.0483184 0.0062118 0.0182916 0.0226887 0.1449315
 31 G  31 0.0362087 0.0385975 0.0440336 0.0378642 0.0043200 0.0582168 0.0864391 0.2062375 0.0191320 0.0280985 0.0460761 0.0402703 0.0158165 0.0505757 0.0534490 0.0441299 0.0264912 0.0000000 0.0058449 0.0381128 0.1200860
 32 K  32 0.0054122 0.1026957 0.0111425 0.0091183 0.0117712 0.0286818 0.0217660 0.0174498 0.0161252 0.0262831 0.0692628 0.4205077 0.0697595 0.0163776 0.0010866 0.0052224 0.0151760 0.0000000 0.0225466 0.0297468 0.0998679
 33 T  33 0.0000000 0.0000000 0.3043138 0.4943566 0.0000000 0.0033674 0.0019618 0.0000000 0.0145794 0.0000000 0.0000000 0.0000000 0.0000000 0.0025195 0.0021085 0.0548071 0.0908055 0.0000000 0.0000000 0.0021725 0.0290079
 34 P  34 0.1111643 0.0000000 0.0057435 0.0030114 0.0000000 0.0000000 0.0220528 0.0017755 0.0182782 0.0000000 0.0000000 0.0009503 0.0000000 0.0595750 0.4108776 0.0353096 0.0032184 0.0598756 0.2420141 0.0015180 0.0246357
 35 I  35 0.0000000 0.0000000 0.0000000 0.0000000 0.0000000 0.0000000 0.0000000 0.0000000 0.0000000 0.1799384 0.0107368 0.5711728 0.0315086 0.0000000 0.0000000 0.0000000 0.0125474 0.0000000 0.0000000 0.1694603 0.0246357
 36 S  36 0.0143799 0.0000000 0.0069150 0.0044508 0.0502863 0.0107309 0.0000000 0.0909758 0.0000000 0.0000000 0.0000000 0.0000000 0.0260621 0.0000000 0.0000000 0.3187542 0.4502495 0.0000000 0.0000000 0.0025597 0.0246357
 37 L  37 0.1028517 0.1406178 0.0078575 0.0085552 0.0045946 0.0986563 0.0555291 0.0530858 0.0056961 0.0738097 0.1466792 0.0558413 0.0183011 0.0034498 0.0000000 0.0716439 0.0530434 0.0233381 0.0092498 0.0425639 0.0246357
 38 L  38 0.0000000 0.0000000 0.0000000 0.0000000 0.0019338 0.0000000 0.0000000 0.0000000 0.0000000 0.0078343 0.8781713 0.0000000 0.0015566 0.0171262 0.0000000 0.0000000 0.0000000 0.0000000 0.0000000 0.0687420 0.0246357
 39 Q  39 0.0000000 0.0000000 0.1118393 0.0000000 0.0000000 0.6769535 0.0000000 0.0038848 0.0245138 0.0315175 0.0699596 0.0050808 0.0277571 0.0152694 0.0000000 0.0000000 0.0020900 0.0000000 0.0048689 0.0016296 0.0246357
 40 E  40 0.0027191 0.0009019 0.0045580 0.0133074 0.0000000 0.0289427 0.8706812 0.0044233 0.0062381 0.0289661 0.0000000 0.0080924 0.0000000 0.0000000 0.0000000 0.0026417 0.0022286 0.0000000 0.0000000 0.0016639 0.0246357
 41 Y  41 0.0051197 0.0117399 0.0019894 0.0008551 0.0223579 0.0318859 0.0027720 0.0000000 0.0281126 0.0942434 0.2796586 0.0113914 0.0422472 0.0658126 0.0000000 0.0030401 0.0053002 0.1146185 0.2264757 0.0277440 0.0246357
 42 G  42 0.2373047 0.0000000 0.0013932 0.0000000 0.0798841 0.0512605 0.0025161 0.0456291 0.0010375 0.0354042 0.1791444 0.0000000 0.0387881 0.0031411 0.0021722 0.0621077 0.0884840 0.0000000 0.0039964 0.1167929 0.0509438
 43 T  43 0.1215269 0.0560230 0.0081491 0.0016946 0.0000000 0.5823920 0.0033706 0.0010579 0.0456782 0.0183114 0.0305193 0.0025034 0.0241545 0.0000000 0.0000000 0.0220028 0.0177874 0.0000000 0.0000000 0.0138852 0.0509438
 44 R  44 0.0934329 0.1962587 0.0000000 0.0015516 0.0010305 0.0360678 0.0398772 0.0498030 0.0230726 0.0094240 0.0035675 0.3401099 0.0034226 0.0393206 0.0000000 0.0793032 0.0103209 0.0000000 0.0183822 0.0078515 0.0472035
 45 I  45 0.0234340 0.1879317 0.1339536 0.0367897 0.0027099 0.0615564 0.0421278 0.0206729 0.0885005 0.0150585 0.0839303 0.1224313 0.0113866 0.0226913 0.0007769 0.0395434 0.0358577 0.0040673 0.0127073 0.0062483 0.0476245
 46 G  46 0.0068273 0.0802724 0.0685299 0.0085567 0.0029669 0.0208430 0.0451754 0.3640074 0.0334995 0.0012810 0.0397231 0.1855005 0.0047566 0.0118806 0.0000000 0.0585519 0.0029372 0.0359597 0.0048704 0.0000000 0.0238605
 47 K  47 0.0383155 0.0393604 0.0347873 0.0238455 0.0076648 0.0454542 0.0516712 0.0140206 0.0110811 0.0709733 0.1386499 0.1099128 0.0536984 0.0252097 0.1599634 0.0483995 0.0198854 0.0114193 0.0066993 0.0651280 0.0238605
 48 T  48 0.0589813 0.0219182 0.0143918 0.0125352 0.0070141 0.0546360 0.0851082 0.0392274 0.0079031 0.0264579 0.1766687 0.0219483 0.0245327 0.0043721 0.0836112 0.0701207 0.1699374 0.0000000 0.0039741 0.0923498 0.0243118
 49 P  49 0.0302749 0.0000000 0.0000000 0.0000000 0.0558741 0.0018019 0.0000000 0.0000000 0.0240394 0.1118373 0.0624060 0.0000000 0.0000000 0.0054601 0.5912858 0.0000000 0.0000000 0.0000000 0.0030400 0.0842920 0.0296885
 50 V  50 0.0239117 0.0579758 0.0350436 0.0510289 0.0035707 0.0824501 0.2652210 0.0121825 0.0280818 0.0596724 0.0132623 0.0610781 0.0047093 0.0011770 0.0108488 0.0848738 0.0735244 0.0013825 0.0009977 0.0997703 0.0292372
 51 Y  51 0.0101622 0.0000000 0.0000000 0.0049733 0.0000000 0.0000000 0.0000000 0.0000000 0.0000000 0.0035352 0.0000000 0.0000000 0.0000000 0.1623065 0.0043721 0.0000000 0.0000000 0.0000000 0.7907902 0.0000000 0.0238605
 52 D  52 0.0216026 0.1522015 0.0391187 0.0409714 0.0013196 0.0490100 0.2448576 0.0007513 0.0191271 0.0296068 0.0228308 0.1351106 0.0064782 0.0060155 0.0000000 0.0247428 0.0847115 0.0009632 0.0132873 0.0706791 0.0366145
 53 L  53 0.0067589 0.0000000 0.0056256 0.0069582 0.0143871 0.0105746 0.0455746 0.0000000 0.0000000 0.0901111 0.4311216 0.0017955 0.0321335 0.0117670 0.0096712 0.0056651 0.0318186 0.0000000 0.0041068 0.2481584 0.0437720
 54 L  54 0.0255080 0.0015779 0.0036225 0.0056840 0.0133177 0.0048652 0.0415514 0.0036409 0.0030755 0.2196897 0.2265819 0.0163746 0.0126603 0.0011203 0.0000000 0.0150576 0.0973158 0.0000000 0.0061521 0.2754158 0.0267887
 55 K  55 0.0691946 0.0571521 0.0477938 0.1163201 0.0086028 0.0616824 0.1415652 0.0790843 0.0207954 0.0000000 0.0075184 0.1048495 0.0020618 0.0044817 0.0035177 0.1810830 0.0633382 0.0000000 0.0000000 0.0025074 0.0284518
 56 A  56 0.0354860 0.0946390 0.0071594 0.0414630 0.0071003 0.1224483 0.3870728 0.0071208 0.0052092 0.0620801 0.0017178 0.0359240 0.0057835 0.0031205 0.0062622 0.0407968 0.0466981 0.0000000 0.0074703 0.0464563 0.0359916
 57 E  57 0.0164439 0.0729881 0.0168645 0.0398676 0.0149266 0.0376758 0.2058955 0.0221504 0.0139132 0.0137371 0.0143597 0.0681934 0.0028926 0.0133435 0.0043983 0.2523643 0.1279235 0.0008750 0.0149098 0.0183544 0.0279230
 58 G  58 0.0000000 0.0039770 0.0015124 0.0054589 0.0000000 0.0017408 0.0013964 0.9222236 0.0000000 0.0000000 0.0127978 0.0104685 0.0012365 0.0000000 0.0052788 0.0016796 0.0044583 0.0000000 0.0000000 0.0056337 0.0221377
 59 Q  59 0.0484135 0.0060323 0.0183342 0.0235812 0.0000000 0.0388905 0.0667374 0.0185020 0.0048825 0.0057969 0.0376605 0.0117567 0.0136163 0.0023746 0.6601424 0.0062067 0.0070334 0.0000000 0.0015927 0.0084369 0.0200093
 60 A  60 0.2441124 0.0095801 0.0105982 0.2667449 0.0009414 0.0099649 0.0751728 0.0085874 0.0159381 0.0207168 0.0000000 0.0021048 0.0027191 0.0017297 0.2126863 0.0791357 0.0137867 0.0000000 0.0000000 0.0141328 0.0113479
 61 H  61 0.0049394 0.0480507 0.0408740 0.0000000 0.0000000 0.0039225 0.0000000 0.0074442 0.8467111 0.0025592 0.0000000 0.0000000 0.0076396 0.0000000 0.0055019 0.0010699 0.0058105 0.0018326 0.0075418 0.0025161 0.0135866
 62 Q  62 0.1596198 0.0778681 0.1283176 0.1956348 0.0226829 0.0506075 0.1381879 0.0033535 0.0193565 0.0095234 0.0189297 0.0358836 0.0445173 0.0030662 0.0114677 0.0521791 0.0035687 0.0000000 0.0033040 0.0059118 0.0160198
 63 P  63 0.0074627 0.1691703 0.0089763 0.0025592 0.0080995 0.1021175 0.0024052 0.0000000 0.0000000 0.0000000 0.0044168 0.3823523 0.0000000 0.0013040 0.2809076 0.0132342 0.0067975 0.0000000 0.0000000 0.0016639 0.0085329
 64 N  64 0.0069937 0.1075130 0.0518212 0.0025007 0.0074698 0.0495749 0.1675159 0.0000000 0.0156770 0.0812582 0.0509162 0.0765561 0.0326433 0.0055612 0.0035975 0.0410939 0.1986133 0.0036799 0.0051344 0.0876595 0.0042204
 65 F  65 0.0000000 0.0000000 0.0000000 0.0000000 0.0087704 0.0000000 0.0000000 0.0000000 0.0000000 0.0038983 0.0000000 0.0000000 0.0019016 0.9539272 0.0000000 0.0000000 0.0000000 0.0000000 0.0292542 0.0022483 0.0000000
 66 T  66 0.0048231 0.0488988 0.0073830 0.0075474 0.0068639 0.0340710 0.0938727 0.0000000 0.0288851 0.0510675 0.0215031 0.0717570 0.0134355 0.0231969 0.0000000 0.0404484 0.3148177 0.0139981 0.0439325 0.1734984 0.0000000
 67 F  67 0.1055545 0.0000000 0.0000000 0.0000000 0.0262125 0.0019125 0.0000000 0.0000000 0.0000000 0.1261711 0.0049280 0.0000000 0.1266200 0.0652699 0.0000000 0.0416213 0.0662813 0.0035975 0.1043148 0.3275166 0.0000000
 68 R  68 0.1139718 0.1333642 0.0194628 0.0099926 0.0384510 0.1609638 0.2162989 0.0220481 0.0113747 0.0108653 0.0097869 0.0496838 0.0022558 0.0097488 0.0000000 0.0791493 0.0750102 0.0034614 0.0037379 0.0303727 0.0000000
 69 V  69 0.1051861 0.0000000 0.0000000 0.0000000 0.1954867 0.0000000 0.0000000 0.0000000 0.0000000 0.0116859 0.1051032 0.0000000 0.0000000 0.0000000 0.0000000 0.0015710 0.0029304 0.0000000 0.0062669 0.5717699 0.0000000
 70 T  70 0.0412744 0.0991956 0.0098878 0.0201840 0.0081464 0.0279818 0.0406425 0.0025299 0.0192601 0.0698900 0.0558719 0.1458163 0.0138421 0.0297557 0.0022483 0.1289089 0.1336111 0.0108737 0.0446607 0.0954189 0.0000000
 71 V  71 0.0407901 0.0000000 0.0012664 0.0024332 0.0322140 0.0000000 0.0021208 0.0093212 0.0013716 0.2548446 0.1729423 0.0000000 0.0242352 0.0174024 0.0008446 0.0044325 0.0017979 0.0056969 0.0087310 0.4195551 0.0000000
 72 G  72 0.0379171 0.0055270 0.1706711 0.1380026 0.0040006 0.0173979 0.0907402 0.3794080 0.0095515 0.0012780 0.0176724 0.0395084 0.0021433 0.0039557 0.0315671 0.0402132 0.0076088 0.0000000 0.0012463 0.0007324 0.0008586
 73 D  73 0.0176307 0.0355744 0.1142610 0.2009386 0.0000000 0.0168261 0.1305624 0.3420689 0.0065038 0.0007698 0.0024485 0.0671478 0.0021593 0.0000000 0.0037506 0.0408317 0.0158975 0.0000000 0.0008763 0.0017526 0.0000000
 74 T  74 0.0167029 0.1033425 0.0193851 0.0054143 0.0055938 0.1196346 0.1079863 0.0010270 0.0356593 0.1001876 0.1127549 0.1119660 0.0141335 0.0723637 0.0029162 0.0157938 0.0200762 0.0000000 0.0335843 0.1014781 0.0000000
 75 S  75 0.0251467 0.0409707 0.0220143 0.0083798 0.0040777 0.0234460 0.1234428 0.0037653 0.0080736 0.0832052 0.0871768 0.0400100 0.0163073 0.0438551 0.0214273 0.0683455 0.1400996 0.0254812 0.1008515 0.1139235 0.0000000
 76 C  76 0.1964087 0.0045347 0.0000000 0.0024488 0.0282957 0.0072665 0.0636521 0.2851976 0.0011518 0.0098443 0.0095969 0.0010363 0.0009880 0.1645289 0.0477577 0.0366469 0.0497358 0.0157122 0.0479638 0.0263450 0.0008882
 77 T  77 0.0138189 0.0772427 0.0112052 0.0170283 0.0020983 0.0536182 0.1942199 0.0065998 0.0133608 0.0836470 0.0117310 0.0483686 0.0218949 0.0186312 0.0810339 0.0827314 0.1719684 0.0014159 0.0155667 0.0723758 0.0014429
 78 G  78 0.2117017 0.0000000 0.0000000 0.0000000 0.0055854 0.0000000 0.0026469 0.7397675 0.0000000 0.0000000 0.0000000 0.0000000 0.0027509 0.0000000 0.0000000 0.0091144 0.0000000 0.0000000 0.0000000 0.0284332 0.0000000
 79 Q  79 0.0354260 0.0302479 0.0058017 0.0133503 0.0089379 0.0573877 0.2128437 0.0055697 0.0079490 0.0502072 0.0107706 0.0787278 0.0160703 0.0088193 0.0018455 0.1412835 0.1744670 0.0153901 0.0204208 0.1044838 0.0000000
 80 G  80 0.1447504 0.0000000 0.0012652 0.0049288 0.0000000 0.0018794 0.0055092 0.8201789 0.0000000 0.0000000 0.0000000 0.0000000 0.0000000 0.0000000 0.0000000 0.0141001 0.0026469 0.0000000 0.0000000 0.0000000 0.0047411
 81 P  81 0.0252959 0.2064667 0.0719216 0.0011689 0.0036722 0.0076274 0.0060579 0.0670489 0.0481537 0.0026762 0.0034668 0.2019154 0.0000000 0.0136427 0.1079936 0.1155670 0.0865534 0.0000000 0.0216753 0.0028267 0.0062696
 82 S  82 0.0035507 0.0103531 0.1269494 0.0000000 0.0056609 0.0000000 0.0000000 0.0181371 0.0000000 0.0000000 0.0000000 0.0128052 0.0000000 0.0000000 0.0000000 0.6475289 0.1694282 0.0000000 0.0000000 0.0000000 0.0055865
 83 K  83 0.0076984 0.1543228 0.0000000 0.0000000 0.0011858 0.0000000 0.0000000 0.0000000 0.0000000 0.0387222 0.0051346 0.7596863 0.0012449 0.0000000 0.0000000 0.0019390 0.0013953 0.0000000 0.0000000 0.0069400 0.0217307
 84 K  84 0.0035975 0.1632959 0.0000000 0.0000000 0.0000000 0.0506963 0.0000000 0.0000000 0.0018093 0.0000000 0.0000000 0.7557545 0.0000000 0.0000000 0.0000000 0.0000000 0.0000000 0.0000000 0.0000000 0.0000000 0.0248466
 85 A  85 0.0957318 0.0220567 0.0099797 0.0393844 0.0012458 0.0771396 0.3020299 0.0102352 0.0110840 0.0647904 0.0981096 0.1048393 0.0122119 0.0051726 0.0000000 0.0244732 0.0147718 0.0000000 0.0016241 0.0790438 0.0260759
 86 A  86 0.8738050 0.0000000 0.0000000 0.0000000 0.0000000 0.0000000 0.0000000 0.0287553 0.0000000 0.0023596 0.0000000 0.0000000 0.0000000 0.0000000 0.0000000 0.0684109 0.0000000 0.0000000 0.0000000 0.0000000 0.0266691
 87 K  87 0.0055045 0.0388103 0.0000000 0.0000000 0.0000000 0.0654302 0.5185031 0.0013026 0.0017612 0.0000000 0.0000000 0.3356136 0.0000000 0.0000000 0.0000000 0.0049990 0.0014065 0.0000000 0.0000000 0.0000000 0.0266691
 88 H  88 0.0099815 0.0883481 0.0052386 0.0000000 0.0000000 0.5935429 0.0170216 0.0044918 0.1082029 0.0100718 0.0188439 0.0755510 0.0148762 0.0000000 0.0000000 0.0138038 0.0133568 0.0000000 0.0000000 0.0000000 0.0266691
 89 K  89 0.1164232 0.0746384 0.1912980 0.0677759 0.0031264 0.0875944 0.1153029 0.0008338 0.0435604 0.0131291 0.0586253 0.0766416 0.0516295 0.0007767 0.0000000 0.0399266 0.0065043 0.0000000 0.0014355 0.0198773 0.0309006
 90 A  90 0.9288075 0.0000000 0.0000000 0.0000000 0.0091177 0.0000000 0.0000000 0.0039266 0.0000000 0.0000000 0.0000000 0.0000000 0.0000000 0.0000000 0.0000000 0.0112405 0.0027724 0.0000000 0.0000000 0.0110389 0.0330966
 91 A  91 0.9632376 0.0000000 0.0000000 0.0000000 0.0000000 0.0000000 0.0000000 0.0000000 0.0000000 0.0000000 0.0000000 0.0000000 0.0000000 0.0000000 0.0000000 0.0036658 0.0000000 0.0000000 0.0000000 0.0000000 0.0330966
 92 E  92 0.0714195 0.1149612 0.0129594 0.0230686 0.0036801 0.1126557 0.2361463 0.0098872 0.0211293 0.0082238 0.0291514 0.1871274 0.0286690 0.0026062 0.0000000 0.0429999 0.0257283 0.0021960 0.0280689 0.0045994 0.0347227
 93 V  93 0.1568183 0.0461144 0.0760267 0.0381969 0.0083423 0.0663984 0.0978410 0.0018454 0.0209614 0.0271245 0.0805239 0.2089179 0.0259564 0.0070371 0.0000000 0.0456972 0.0217613 0.0000000 0.0035404 0.0301017 0.0367948
 94 A  94 0.5768340 0.0000000 0.0000000 0.0000000 0.0057337 0.0000000 0.0000000 0.0084830 0.0000000 0.0209081 0.0747347 0.0000000 0.1631627 0.0119136 0.0000000 0.0077686 0.0247041 0.0000000 0.0015626 0.0672308 0.0369641
 95 L  95 0.0000000 0.0000000 0.0000000 0.0000000 0.0105247 0.0000000 0.0000000 0.0000000 0.0000000 0.0831393 0.6110644 0.0000000 0.0530822 0.0259806 0.0000000 0.0010381 0.0023746 0.0765583 0.0561151 0.0367560 0.0433668
 96 K  96 0.0664219 0.0996914 0.0305082 0.0672180 0.0031166 0.0797853 0.2417759 0.0073158 0.0143817 0.0240455 0.0496322 0.1377480 0.0056709 0.0017328 0.0017940 0.0478991 0.0392261 0.0000000 0.0010458 0.0200274 0.0609634
 97 H  97 0.1186089 0.0885135 0.0219087 0.0110638 0.0059457 0.0909019 0.1066381 0.0103436 0.0150343 0.0588225 0.0526324 0.1816219 0.0109471 0.0075262 0.0000000 0.0485782 0.0329850 0.0020200 0.0071823 0.0483846 0.0803413
 98 L  98 0.0018455 0.0000000 0.0000000 0.0000000 0.0000000 0.0022015 0.0000000 0.0000000 0.0023238 0.1457474 0.6455206 0.0000000 0.0326664 0.0154520 0.0000000 0.0000000 0.0082526 0.0000000 0.0022299 0.0120360 0.1317243
 99 K  99 0.0154144 0.0723898 0.0182687 0.0158591 0.0150963 0.1010605 0.0868381 0.0186379 0.0491481 0.0384348 0.0472868 0.1558758 0.0157671 0.0184474 0.0000000 0.0323349 0.0342710 0.0000000 0.0000000 0.0215069 0.2433626
100 G 100 0.0917462 0.0521121 0.1005126 0.0342805 0.0000000 0.0348080 0.0739519 0.1285075 0.0084495 0.0012115 0.0019934 0.1323859 0.0036983 0.0000000 0.0075477 0.0212266 0.0052293 0.0000000 0.0024718 0.0119664 0.2879009
101 G 101 0.0306265 0.0162566 0.0454996 0.0524332 0.0033109 0.0248028 0.1597846 0.0311012 0.0169421 0.0139522 0.0668226 0.0283268 0.0083943 0.0129252 0.0031538 0.0593037 0.0342888 0.0000000 0.0135558 0.0182948 0.3602244
102 S 102 0.0876140 0.0126715 0.0429798 0.0140039 0.0000000 0.0255978 0.0177528 0.0464658 0.0150172 0.0025161 0.0099118 0.0416954 0.0010835 0.0060641 0.1260556 0.0791707 0.0313472 0.0000000 0.0075410 0.0129999 0.4195120
103 M 103 0.0440141 0.0111154 0.0237168 0.0163965 0.0000000 0.0057212 0.0319763 0.0048475 0.0161941 0.0485125 0.0505870 0.0405264 0.0054343 0.0037028 0.0869207 0.0497701 0.0172032 0.0047588 0.0033721 0.0553841 0.4798461
104 L 104 0.0507144 0.0098492 0.0107583 0.0260783 0.0008176 0.0289538 0.0267692 0.0059642 0.0067044 0.0167392 0.0849750 0.0339641 0.0088984 0.0124985 0.0896834 0.0168092 0.0239939 0.0072679 0.0036342 0.0286612 0.5062658
105 E 105 0.0496262 0.0161782 0.0097292 0.0467352 0.0019357 0.0546513 0.0655644 0.0031048 0.0102235 0.0013023 0.0195314 0.0546024 0.0039012 0.0032048 0.0242487 0.0376604 0.0365742 0.0000000 0.0017635 0.0148938 0.5445688
106 P 106 0.0364286 0.0115303 0.0103203 0.0406224 0.0000000 0.0222952 0.0494473 0.0089233 0.0047394 0.0032918 0.0033577 0.0174679 0.0000000 0.0049670 0.1365848 0.0496375 0.0325302 0.0000000 0.0000000 0.0108635 0.5569928
107 A 107 0.0840013 0.0204793 0.0049032 0.0111773 0.0000000 0.0810781 0.0207331 0.0127331 0.0025195 0.0061360 0.0106609 0.0332969 0.0000000 0.0000000 0.0290177 0.0783275 0.0328298 0.0027509 0.0000000 0.0102611 0.5590941
108 L 108 0.0359968 0.0077700 0.0147368 0.0305883 0.0000000 0.0013551 0.0188428 0.0350972 0.0060836 0.0276572 0.0252103 0.0214566 0.0202650 0.0025023 0.0666406 0.0523139 0.0262267 0.0000000 0.0047122 0.0273351 0.5752095
109 G 109 0.0185675 0.0254733 0.0290320 0.0308341 0.0000000 0.0312113 0.0699404 0.0610057 0.0019320 0.0034854 0.0057006 0.0216214 0.0020906 0.0029003 0.0370347 0.0417585 0.0272753 0.0000000 0.0000000 0.0035608 0.5865759
110 G 110 0.0363849 0.0226718 0.0300247 0.0378735 0.0000000 0.0312561 0.0309215 0.0230555 0.0034691 0.0000000 0.0071725 0.0649441 0.0000000 0.0000000 0.0119163 0.0283149 0.0401334 0.0000000 0.0053517 0.0118877 0.6146225
111 A 111 0.0315389 0.0174344 0.0215172 0.0087602 0.0024687 0.0126488 0.0464314 0.0099171 0.0043983 0.0047122 0.0091543 0.0119744 0.0000000 0.0000000 0.0781050 0.0573044 0.0372398 0.0000000 0.0000000 0.0188208 0.6275742
112 G 112 0.0526820 0.0069558 0.0382993 0.0206018 0.0019205 0.0094214 0.0357444 0.0623731 0.0000000 0.0142451 0.0070100 0.0275647 0.0095753 0.0031015 0.0104901 0.0284197 0.0112498 0.0000000 0.0071616 0.0140470 0.6391370
113 A 113 0.0410344 0.0199571 0.0126027 0.0108785 0.0036235 0.0121735 0.0636720 0.0072879 0.0115001 0.0062514 0.0250165 0.0204798 0.0046103 0.0049122 0.0302724 0.0329302 0.0198607 0.0000000 0.0019555 0.0172278 0.6537535
114 A 114 0.0236568 0.0160142 0.0402255 0.0165039 0.0000000 0.0153290 0.0501109 0.0068785 0.0000000 0.0070817 0.0095842 0.0365836 0.0043458 0.0020407 0.0065223 0.0677930 0.0179886 0.0000000 0.0017879 0.0074963 0.6700571
115 A 115 0.0298079 0.0176200 0.0340634 0.0181446 0.0017551 0.0051684 0.0262227 0.0078593 0.0045994 0.0084414 0.0091924 0.0269702 0.0123690 0.0000000 0.0201127 0.0475105 0.0301232 0.0000000 0.0027464 0.0083416 0.6889519
116 G 116 0.0206106 0.0019721 0.0039773 0.0351326 0.0063933 0.0053420 0.0339587 0.0667063 0.0034216 0.0023900 0.0066631 0.0157934 0.0034960 0.0024463 0.0085538 0.0317276 0.0329387 0.0000000 0.0023788 0.0057540 0.7103438
117 G 117 0.0184776 0.0000000 0.0078988 0.0494151 0.0000000 0.0147090 0.0429177 0.0211135 0.0020608 0.0020218 0.0202287 0.0020709 0.0034216 0.0060152 0.0268429 0.0292542 0.0087492 0.0127822 0.0033109 0.0115773 0.7171325
118 C 118 0.0144661 0.0074215 0.0315087 0.0240839 0.0183142 0.0070251 0.0144372 0.0055632 0.0000000 0.0089022 0.0093487 0.0225467 0.0073457 0.0069878 0.0142562 0.0318055 0.0268028 0.0000000 0.0047122 0.0190406 0.7254317
119 G 119 0.0193063 0.0000000 0.0000000 0.0090626 0.0000000 0.0143313 0.0445598 0.0314181 0.0000000 0.0034904 0.0158857 0.0020709 0.0025248 0.0000000 0.0058298 0.0232879 0.0633442 0.0000000 0.0000000 0.0100103 0.7548780
120 C 120 0.0205207 0.0000000 0.0020302 0.0051854 0.0104824 0.0120397 0.0236771 0.0062191 0.0000000 0.0000000 0.0024645 0.0035429 0.0000000 0.0000000 0.0770601 0.0171278 0.0172769 0.0000000 0.0000000 0.0207955 0.7815777
121 A 121 0.0281240 0.0063596 0.0127410 0.0290314 0.0000000 0.0051241 0.0167866 0.0157677 0.0020491 0.0065974 0.0041792 0.0108421 0.0000000 0.0000000 0.0061622 0.0375757 0.0164202 0.0000000 0.0000000 0.0155618 0.7866778
122 G 122 0.0233980 0.0016038 0.0020765 0.0062089 0.0000000 0.0018568 0.0058478 0.0497705 0.0047122 0.0000000 0.0107138 0.0252290 0.0127374 0.0023900 0.0000000 0.0294984 0.0047142 0.0000000 0.0000000 0.0119632 0.8072795
123 G 123 0.0139069 0.0000000 0.0186908 0.0102913 0.0000000 0.0084516 0.0291557 0.0177771 0.0000000 0.0000000 0.0000000 0.0121463 0.0000000 0.0000000 0.0085733 0.0398767 0.0162887 0.0000000 0.0000000 0.0041901 0.8206514
124 G 124 0.0138830 0.0049428 0.0088772 0.0172383 0.0000000 0.0022931 0.0019515 0.0191251 0.0000000 0.0018201 0.0054807 0.0163053 0.0000000 0.0014970 0.0266130 0.0313235 0.0018722 0.0000000 0.0054202 0.0020721 0.8392849
125 A 125 0.0188943 0.0000000 0.0138393 0.0020721 0.0000000 0.0025686 0.0078325 0.0251995 0.0000000 0.0000000 0.0067039 0.0040673 0.0034904 0.0024536 0.0103065 0.0289195 0.0048281 0.0000000 0.0000000 0.0135927 0.8552315
126 G 126 0.0144783 0.0024180 0.0028789 0.0406790 0.0000000 0.0000000 0.0138598 0.0209928 0.0000000 0.0000000 0.0000000 0.0044110 0.0000000 0.0000000 0.0048281 0.0192574 0.0000000 0.0000000 0.0000000 0.0000000 0.8761967
127 G 127 0.0054075 0.0000000 0.0081338 0.0000000 0.0000000 0.0000000 0.0045994 0.0520401 0.0000000 0.0000000 0.0054807 0.0000000 0.0000000 0.0000000 0.0026738 0.0053945 0.0084783 0.0000000 0.0000000 0.0000000 0.9077919
128 A 128 0.0396907 0.0000000 0.0000000 0.0000000 0.0000000 0.0000000 0.0000000 0.0000000 0.0000000 0.0000000 0.0000000 0.0000000 0.0000000 0.0000000 0.0000000 0.0087796 0.0000000 0.0000000 0.0000000 0.0000000 0.9515298
