   56         A         R         N         D         C         Q         E         G         H         I         L         K         M         F         P         S         T         W         Y         V    
  1 M   1 0.0000000 0.0000000 0.0000000 0.0000000 0.0000000 0.0000000 0.0000000 0.0000000 0.0000000 0.0000000 0.0000000 0.0000000 1.0000000 0.0000000 0.0000000 0.0000000 0.0000000 0.0000000 0.0000000 0.0000000
  2 T   2 0.0000000 0.0000000 0.0000000 0.0000000 0.0000000 0.0282061 0.0279791 0.0000000 0.0000000 0.0000000 0.0000000 0.0000000 0.0000000 0.0000000 0.0000000 0.0440477 0.8155710 0.0000000 0.0841961 0.0000000
  3 Y   3 0.0000000 0.0000000 0.0000000 0.0000000 0.0000000 0.0000000 0.0000000 0.0000000 0.0000000 0.0000000 0.0000000 0.0000000 0.0000000 0.0723961 0.0000000 0.0000000 0.0000000 0.0000000 0.9276039 0.0000000
  4 K   4 0.0000000 0.0417856 0.0000000 0.0000000 0.0000000 0.0000000 0.0000000 0.0000000 0.0000000 0.0000000 0.0841961 0.8740182 0.0000000 0.0000000 0.0000000 0.0000000 0.0000000 0.0000000 0.0000000 0.0000000
  5 L   5 0.0000000 0.0000000 0.0000000 0.0000000 0.0000000 0.0000000 0.0000000 0.0000000 0.0000000 0.0321328 0.8863766 0.0000000 0.0000000 0.0000000 0.0000000 0.0000000 0.0000000 0.0000000 0.0000000 0.0814907
  6 I   6 0.0000000 0.0000000 0.0000000 0.0000000 0.0000000 0.0000000 0.0000000 0.0000000 0.0000000 0.4603063 0.0321328 0.0000000 0.0000000 0.0565651 0.0000000 0.0000000 0.0000000 0.0000000 0.0000000 0.4509958
  7 L   7 0.0000000 0.0000000 0.0814907 0.0000000 0.0000000 0.0000000 0.0000000 0.0000000 0.0000000 0.4656934 0.3310970 0.0000000 0.0000000 0.0000000 0.0000000 0.0000000 0.0000000 0.0000000 0.0000000 0.1217189
  8 N   8 0.0000000 0.0000000 0.6105048 0.0000000 0.0000000 0.0000000 0.0000000 0.0000000 0.0000000 0.0000000 0.0000000 0.2862849 0.0000000 0.0000000 0.0000000 0.0000000 0.0000000 0.0000000 0.0000000 0.1032104
  9 G   9 0.0000000 0.0000000 0.0000000 0.0000000 0.0321328 0.0000000 0.0000000 0.7334178 0.0000000 0.0565651 0.1778843 0.0000000 0.0000000 0.0000000 0.0000000 0.0000000 0.0000000 0.0000000 0.0000000 0.0000000
 10 K  10 0.0426323 0.0000000 0.1683642 0.0000000 0.0000000 0.1136234 0.0000000 0.0565651 0.0000000 0.0000000 0.0000000 0.5783720 0.0000000 0.0000000 0.0000000 0.0000000 0.0000000 0.0000000 0.0000000 0.0404429
 11 T  11 0.0000000 0.0000000 0.0814907 0.0565651 0.0000000 0.1312390 0.0000000 0.0466453 0.0000000 0.0000000 0.0000000 0.0000000 0.0000000 0.0000000 0.0000000 0.0000000 0.6840599 0.0000000 0.0000000 0.0000000
 12 L  12 0.2197922 0.0584431 0.0000000 0.0000000 0.0000000 0.0000000 0.0000000 0.0000000 0.0000000 0.0000000 0.4619776 0.0000000 0.0000000 0.2115932 0.0000000 0.0000000 0.0481939 0.0000000 0.0000000 0.0000000
 13 K  13 0.0000000 0.0000000 0.0000000 0.0000000 0.0000000 0.0000000 0.0000000 0.0000000 0.0000000 0.0000000 0.0000000 0.5975737 0.0000000 0.0841961 0.0000000 0.2115932 0.0481939 0.0000000 0.0000000 0.0584431
 14 G  14 0.0000000 0.0000000 0.0000000 0.0000000 0.0000000 0.0000000 0.1355961 0.6735708 0.0000000 0.0000000 0.0000000 0.0000000 0.0000000 0.0481939 0.0000000 0.0000000 0.0000000 0.0000000 0.0841961 0.0584431
 15 E  15 0.0000000 0.0000000 0.0000000 0.0000000 0.0000000 0.0000000 0.8933631 0.0000000 0.0000000 0.0000000 0.0000000 0.0000000 0.0000000 0.0000000 0.0000000 0.0000000 0.0481939 0.0000000 0.0000000 0.0584431
 16 T  16 0.1293079 0.0000000 0.0000000 0.0000000 0.0000000 0.0000000 0.0000000 0.0000000 0.0000000 0.0345224 0.0000000 0.0000000 0.0000000 0.0000000 0.0000000 0.0000000 0.7344780 0.0000000 0.0459589 0.0557328
 17 T  17 0.0818529 0.0000000 0.0000000 0.0000000 0.0000000 0.0000000 0.0000000 0.0000000 0.0000000 0.1293079 0.0802916 0.0000000 0.0000000 0.0000000 0.0000000 0.0000000 0.7085476 0.0000000 0.0000000 0.0000000
 18 T  18 0.0000000 0.0000000 0.0000000 0.0000000 0.0000000 0.0000000 0.0000000 0.0000000 0.0000000 0.0345224 0.0000000 0.1293079 0.0000000 0.0000000 0.0000000 0.0000000 0.8361697 0.0000000 0.0000000 0.0000000
 19 E  19 0.0000000 0.0000000 0.0000000 0.0000000 0.0266816 0.0000000 0.5294854 0.0000000 0.0000000 0.0000000 0.0000000 0.4438330 0.0000000 0.0000000 0.0000000 0.0000000 0.0000000 0.0000000 0.0000000 0.0000000
 20 A  20 0.8706921 0.0000000 0.0000000 0.0000000 0.0000000 0.0000000 0.0000000 0.0000000 0.0000000 0.0000000 0.1293079 0.0000000 0.0000000 0.0000000 0.0000000 0.0000000 0.0000000 0.0000000 0.0000000 0.0000000
 21 V  21 0.0000000 0.0000000 0.0000000 0.0000000 0.0000000 0.0000000 0.0000000 0.0000000 0.0000000 0.1028044 0.0000000 0.0000000 0.0000000 0.0000000 0.0000000 0.0000000 0.0000000 0.0000000 0.0000000 0.8971956
 22 D  22 0.0000000 0.0000000 0.0000000 1.0000000 0.0000000 0.0000000 0.0000000 0.0000000 0.0000000 0.0000000 0.0000000 0.0000000 0.0000000 0.0000000 0.0000000 0.0000000 0.0000000 0.0000000 0.0000000 0.0000000
 23 A  23 0.9190282 0.0000000 0.0000000 0.0000000 0.0000000 0.0000000 0.0000000 0.0000000 0.0000000 0.0000000 0.0000000 0.0000000 0.0000000 0.0000000 0.0000000 0.0000000 0.0616586 0.0000000 0.0000000 0.0193131
 24 A  24 0.6305231 0.0000000 0.0000000 0.0000000 0.0000000 0.0000000 0.2832144 0.0862625 0.0000000 0.0000000 0.0000000 0.0000000 0.0000000 0.0000000 0.0000000 0.0000000 0.0000000 0.0000000 0.0000000 0.0000000
 25 T  25 0.0000000 0.0000000 0.0000000 0.0000000 0.0000000 0.0000000 0.0345224 0.0000000 0.0000000 0.0862625 0.0000000 0.0000000 0.0000000 0.0000000 0.0000000 0.0000000 0.8372101 0.0000000 0.0000000 0.0420050
 26 A  26 1.0000000 0.0000000 0.0000000 0.0000000 0.0000000 0.0000000 0.0000000 0.0000000 0.0000000 0.0000000 0.0000000 0.0000000 0.0000000 0.0000000 0.0000000 0.0000000 0.0000000 0.0000000 0.0000000 0.0000000
 27 E  27 0.0463743 0.1484125 0.0000000 0.0000000 0.0000000 0.0000000 0.8052131 0.0000000 0.0000000 0.0000000 0.0000000 0.0000000 0.0000000 0.0000000 0.0000000 0.0000000 0.0000000 0.0000000 0.0000000 0.0000000
 28 K  28 0.0000000 0.0240387 0.0802916 0.0000000 0.0000000 0.0818529 0.0000000 0.0000000 0.0000000 0.0000000 0.0000000 0.7456959 0.0000000 0.0000000 0.0000000 0.0681209 0.0000000 0.0000000 0.0000000 0.0000000
 29 V  29 0.2591757 0.0000000 0.0000000 0.0000000 0.0000000 0.0000000 0.1028044 0.0000000 0.0000000 0.0345224 0.0000000 0.0000000 0.0000000 0.0681209 0.0000000 0.0000000 0.0818529 0.0000000 0.1293079 0.3242159
 30 F  30 0.0000000 0.0000000 0.0000000 0.0000000 0.0000000 0.0000000 0.0000000 0.0000000 0.0000000 0.0862625 0.0345165 0.0000000 0.0000000 0.8792210 0.0000000 0.0000000 0.0000000 0.0000000 0.0000000 0.0000000
 31 K  31 0.0000000 0.0818529 0.0000000 0.0000000 0.0000000 0.0000000 0.0000000 0.0000000 0.0000000 0.0802916 0.0000000 0.7697346 0.0000000 0.0000000 0.0681209 0.0000000 0.0000000 0.0000000 0.0000000 0.0000000
 32 Q  32 0.0000000 0.0000000 0.0000000 0.0420050 0.0000000 0.7030193 0.0240387 0.0000000 0.0335082 0.0681209 0.1293079 0.0000000 0.0000000 0.0000000 0.0000000 0.0000000 0.0000000 0.0000000 0.0000000 0.0000000
 33 Y  33 0.0000000 0.0000000 0.0000000 0.0000000 0.0000000 0.0000000 0.0000000 0.0000000 0.0000000 0.0862625 0.0681209 0.0000000 0.0000000 0.0000000 0.0000000 0.0802916 0.0000000 0.0000000 0.7653249 0.0000000
 34 A  34 0.8170710 0.0000000 0.0000000 0.0000000 0.0000000 0.0000000 0.0681209 0.0000000 0.0000000 0.0345165 0.0802916 0.0000000 0.0000000 0.0000000 0.0000000 0.0000000 0.0000000 0.0000000 0.0000000 0.0000000
 35 N  35 0.0000000 0.0000000 0.7757418 0.0000000 0.0000000 0.0000000 0.0000000 0.0000000 0.0000000 0.0000000 0.0000000 0.1043303 0.0000000 0.0000000 0.0000000 0.0000000 0.1199279 0.0000000 0.0000000 0.0000000
 36 D  36 0.2492358 0.0000000 0.0000000 0.5366960 0.0000000 0.0000000 0.0799036 0.0000000 0.0000000 0.0000000 0.0000000 0.0660437 0.0000000 0.0000000 0.0000000 0.0681209 0.0000000 0.0000000 0.0000000 0.0000000
 37 N  37 0.0000000 0.0000000 0.6887714 0.0802916 0.0000000 0.0000000 0.0000000 0.0000000 0.0335082 0.0000000 0.0000000 0.1293079 0.0000000 0.0000000 0.0000000 0.0681209 0.0000000 0.0000000 0.0000000 0.0000000
 38 G  38 0.0000000 0.0000000 0.1199279 0.0000000 0.0000000 0.0000000 0.0000000 0.6826433 0.0000000 0.0000000 0.0000000 0.0000000 0.0000000 0.0000000 0.0000000 0.0681209 0.1293079 0.0000000 0.0000000 0.0000000
 39 V  39 0.0000000 0.0000000 0.0000000 0.0000000 0.0000000 0.0000000 0.0000000 0.0000000 0.0000000 0.1552610 0.0000000 0.0000000 0.0000000 0.0000000 0.0000000 0.0000000 0.0000000 0.0000000 0.0000000 0.8447390
 40 D  40 0.0000000 0.0000000 0.0000000 0.6489236 0.0000000 0.0802916 0.1293079 0.0000000 0.0335082 0.0000000 0.0000000 0.0000000 0.0000000 0.0000000 0.0681209 0.0000000 0.0398479 0.0000000 0.0000000 0.0000000
 41 G  41 0.0000000 0.0000000 0.0000000 0.0000000 0.0000000 0.0000000 0.0000000 1.0000000 0.0000000 0.0000000 0.0000000 0.0000000 0.0000000 0.0000000 0.0000000 0.0000000 0.0000000 0.0000000 0.0000000 0.0000000
 42 E  42 0.0000000 0.0000000 0.0000000 0.0681209 0.0000000 0.0000000 0.4850058 0.0000000 0.0335082 0.0000000 0.0000000 0.0000000 0.0000000 0.0000000 0.0000000 0.0000000 0.0000000 0.0000000 0.0000000 0.4133651
 43 W  43 0.0000000 0.0000000 0.0000000 0.0000000 0.0000000 0.0000000 0.0000000 0.0000000 0.0000000 0.0000000 0.0000000 0.0000000 0.0000000 0.0000000 0.0681209 0.0000000 0.0000000 0.9318791 0.0000000 0.0000000
 44 T  44 0.0878364 0.0000000 0.0000000 0.0000000 0.0000000 0.0000000 0.0000000 0.0000000 0.0000000 0.0000000 0.0000000 0.0000000 0.0000000 0.0000000 0.0000000 0.1286947 0.7834690 0.0000000 0.0000000 0.0000000
 45 Y  45 0.0000000 0.0000000 0.0000000 0.0000000 0.0000000 0.0000000 0.0000000 0.0000000 0.0000000 0.0000000 0.0925684 0.0000000 0.0000000 0.0000000 0.0000000 0.0000000 0.0000000 0.0000000 0.9074316 0.0000000
 46 D  46 0.0493185 0.0000000 0.0000000 0.8119211 0.0000000 0.0000000 0.0000000 0.0000000 0.0000000 0.0000000 0.0000000 0.1387604 0.0000000 0.0000000 0.0000000 0.0000000 0.0000000 0.0000000 0.0000000 0.0000000
 47 D  47 0.0450756 0.0000000 0.0000000 0.8522748 0.0000000 0.0000000 0.0000000 0.0000000 0.0000000 0.0000000 0.0000000 0.0000000 0.0000000 0.0000000 0.0359576 0.0000000 0.0427608 0.0000000 0.0239312 0.0000000
 48 A  48 0.8252820 0.0000000 0.0000000 0.0000000 0.0000000 0.0000000 0.1747180 0.0000000 0.0000000 0.0000000 0.0000000 0.0000000 0.0000000 0.0000000 0.0000000 0.0000000 0.0000000 0.0000000 0.0000000 0.0000000
 49 T  49 0.0598069 0.0000000 0.0000000 0.0000000 0.0000000 0.0000000 0.0000000 0.0000000 0.0000000 0.0925684 0.0000000 0.0000000 0.0000000 0.0000000 0.0000000 0.0000000 0.8476247 0.0000000 0.0000000 0.0000000
 50 K  50 0.0000000 0.0000000 0.0000000 0.0000000 0.0000000 0.0000000 0.0000000 0.0000000 0.0000000 0.0000000 0.0925684 0.9074316 0.0000000 0.0000000 0.0000000 0.0000000 0.0000000 0.0000000 0.0000000 0.0000000
 51 T  51 0.0000000 0.0000000 0.0000000 0.0000000 0.0000000 0.0000000 0.0000000 0.0000000 0.0000000 0.0000000 0.0000000 0.0000000 0.0000000 0.0000000 0.0000000 0.0000000 1.0000000 0.0000000 0.0000000 0.0000000
 52 F  52 0.0000000 0.0000000 0.0000000 0.0000000 0.0000000 0.0000000 0.0000000 0.0000000 0.0000000 0.0000000 0.0000000 0.0000000 0.0000000 0.9340961 0.0000000 0.0000000 0.0000000 0.0370396 0.0288643 0.0000000
 53 T  53 0.0000000 0.0000000 0.0000000 0.0000000 0.0000000 0.0000000 0.0000000 0.0000000 0.0000000 0.0000000 0.0000000 0.0000000 0.0000000 0.0000000 0.0000000 0.0000000 1.0000000 0.0000000 0.0000000 0.0000000
 54 V  54 0.0000000 0.0000000 0.0000000 0.0000000 0.0000000 0.0000000 0.0000000 0.0000000 0.0000000 0.0000000 0.0000000 0.0000000 0.0000000 0.0000000 0.0000000 0.0000000 0.0000000 0.0000000 0.0000000 1.0000000
 55 T  55 0.0000000 0.0000000 0.0000000 0.0000000 0.0000000 0.0000000 0.0000000 0.0000000 0.0000000 0.0000000 0.0000000 0.0000000 0.0000000 0.0000000 0.0000000 0.0000000 1.0000000 0.0000000 0.0000000 0.0000000
 56 E  56 0.0000000 0.0000000 0.0000000 0.0000000 0.0000000 0.0000000 1.0000000 0.0000000 0.0000000 0.0000000 0.0000000 0.0000000 0.0000000 0.0000000 0.0000000 0.0000000 0.0000000 0.0000000 0.0000000 0.0000000
