  158         A         R         N         D         C         Q         E         G         H         I         L         K         M         F         P         S         T         W         Y         V    
  1 F   1 0.0000000 0.0000000 0.0000000 0.0000000 0.0000000 0.0000000 0.0000000 0.0000000 0.0000000 0.0000000 0.0000000 0.0000000 0.0000000 0.8387187 0.0000000 0.0000000 0.0000000 0.0000000 0.1612813 0.0000000
  2 A   2 0.1378018 0.0000000 0.0000000 0.0000000 0.0000000 0.0704311 0.1530710 0.0499089 0.0000000 0.0000000 0.0000000 0.0000000 0.0000000 0.0000000 0.0000000 0.1714626 0.4173246 0.0000000 0.0000000 0.0000000
  3 C   3 0.0000000 0.0000000 0.0000000 0.0000000 1.0000000 0.0000000 0.0000000 0.0000000 0.0000000 0.0000000 0.0000000 0.0000000 0.0000000 0.0000000 0.0000000 0.0000000 0.0000000 0.0000000 0.0000000 0.0000000
  4 K   4 0.0000000 0.3937778 0.0274636 0.0000000 0.0000000 0.1255068 0.0000000 0.0000000 0.0000000 0.0669024 0.0000000 0.2166217 0.0000000 0.0000000 0.0000000 0.0405549 0.0351031 0.0000000 0.0940696 0.0000000
  5 T   5 0.0000000 0.0000000 0.2384941 0.1185630 0.0000000 0.0000000 0.0000000 0.0000000 0.0000000 0.0589136 0.0000000 0.0000000 0.0000000 0.0000000 0.0000000 0.0000000 0.3290767 0.0000000 0.0000000 0.2549527
  6 A   6 0.3138531 0.0587783 0.1836274 0.1486656 0.0000000 0.0000000 0.0000000 0.0000000 0.0000000 0.0526959 0.0000000 0.0493485 0.0000000 0.0000000 0.0000000 0.1305433 0.0624881 0.0000000 0.0000000 0.0000000
  7 N   7 0.0234561 0.0173017 0.2104671 0.0806628 0.0000000 0.0000000 0.0000000 0.3703665 0.0000000 0.0000000 0.0000000 0.0000000 0.0000000 0.0000000 0.0280052 0.0370214 0.2327193 0.0000000 0.0000000 0.0000000
  8 G   8 0.0000000 0.0000000 0.0695006 0.0468449 0.0000000 0.2417262 0.0000000 0.6419283 0.0000000 0.0000000 0.0000000 0.0000000 0.0000000 0.0000000 0.0000000 0.0000000 0.0000000 0.0000000 0.0000000 0.0000000
  9 T   9 0.0306483 0.0662251 0.1420693 0.0347478 0.0000000 0.0550502 0.0000000 0.1062495 0.0000000 0.0000000 0.0000000 0.0000000 0.0000000 0.0000000 0.0514141 0.0745254 0.3532483 0.0000000 0.0401443 0.0456776
 10 A  10 0.0493996 0.0000000 0.0000000 0.0401443 0.0000000 0.0000000 0.0254987 0.3268612 0.0000000 0.1141253 0.1155768 0.0000000 0.0000000 0.0000000 0.0000000 0.0790760 0.0760215 0.1083119 0.0000000 0.0649846
 11 I  11 0.0000000 0.0000000 0.0000000 0.0000000 0.0000000 0.3719965 0.0000000 0.0328848 0.0000000 0.3792754 0.1083671 0.0000000 0.0000000 0.0000000 0.0000000 0.0000000 0.0000000 0.0000000 0.0000000 0.1074762
 12 P  12 0.0000000 0.0000000 0.0244731 0.0442747 0.0000000 0.0000000 0.1453179 0.1147348 0.0000000 0.0646906 0.0000000 0.0234028 0.0000000 0.0499425 0.1700661 0.1390192 0.1279091 0.0000000 0.0000000 0.0961691
 13 I  13 0.0000000 0.0000000 0.0000000 0.0000000 0.0000000 0.0000000 0.0000000 0.0343192 0.0000000 0.1803708 0.0666669 0.0000000 0.0638807 0.1837070 0.0487430 0.0458734 0.0240273 0.0512504 0.0975645 0.2035970
 14 G  14 0.0000000 0.0000000 0.0956428 0.0245147 0.0000000 0.0445191 0.0000000 0.5115600 0.0537295 0.0000000 0.0000000 0.0686824 0.0000000 0.0000000 0.0000000 0.0481695 0.1531822 0.0000000 0.0000000 0.0000000
 15 G  15 0.0994891 0.0000000 0.0000000 0.0294947 0.0000000 0.0894009 0.0000000 0.4274864 0.0000000 0.0000000 0.0000000 0.0000000 0.0000000 0.0000000 0.0000000 0.2204259 0.0810110 0.0000000 0.0000000 0.0526920
 16 G  16 0.0444432 0.0000000 0.0000000 0.0000000 0.0000000 0.0000000 0.0000000 0.7271636 0.0633691 0.0000000 0.0000000 0.0759543 0.0000000 0.0000000 0.0000000 0.0890699 0.0000000 0.0000000 0.0000000 0.0000000
 17 S  17 0.0480546 0.0000000 0.0782326 0.1811993 0.0000000 0.0509810 0.0526920 0.0000000 0.0000000 0.0000000 0.0000000 0.0000000 0.0000000 0.0000000 0.0000000 0.2066707 0.3596408 0.0000000 0.0000000 0.0225291
 18 A  18 0.4205525 0.0000000 0.0000000 0.0000000 0.0000000 0.0963044 0.0000000 0.0000000 0.0000000 0.0613299 0.1003057 0.0000000 0.0000000 0.0000000 0.0000000 0.1255573 0.1098725 0.0000000 0.0860778 0.0000000
 19 N  19 0.0000000 0.0405182 0.4447119 0.1455856 0.0000000 0.0000000 0.0000000 0.0000000 0.0321793 0.0000000 0.0000000 0.0000000 0.0000000 0.0000000 0.1140219 0.2229831 0.0000000 0.0000000 0.0000000 0.0000000
 20 V  20 0.0405000 0.0000000 0.0000000 0.0000000 0.0000000 0.0000000 0.0000000 0.0000000 0.0000000 0.1736264 0.1003057 0.0000000 0.0000000 0.1233514 0.0000000 0.0000000 0.0000000 0.0000000 0.0000000 0.5622165
 21 Y  21 0.0000000 0.1580316 0.0885730 0.0613299 0.0000000 0.1003057 0.0000000 0.0000000 0.0000000 0.0000000 0.0000000 0.0000000 0.0000000 0.0000000 0.0000000 0.0000000 0.1134910 0.0000000 0.4782688 0.0000000
 22 V  22 0.0000000 0.0000000 0.0000000 0.0524638 0.0000000 0.0000000 0.0000000 0.0000000 0.0000000 0.0405182 0.0000000 0.0000000 0.0000000 0.0000000 0.0000000 0.0000000 0.0000000 0.0000000 0.0000000 0.9070180
 23 N  23 0.0000000 0.0457037 0.4284992 0.0810802 0.0000000 0.0371769 0.0000000 0.0000000 0.0000000 0.0438405 0.0000000 0.0000000 0.0000000 0.0000000 0.1628157 0.0509810 0.0885730 0.0000000 0.0000000 0.0613299
 24 L  24 0.0000000 0.0000000 0.0000000 0.0524638 0.0000000 0.0000000 0.0000000 0.0000000 0.0000000 0.1082137 0.6519694 0.0000000 0.0000000 0.0000000 0.0000000 0.0000000 0.0000000 0.0000000 0.0000000 0.1873531
 25 A  25 0.0867469 0.0000000 0.0000000 0.0251761 0.0000000 0.0862342 0.0371769 0.0457037 0.0000000 0.0524638 0.0000000 0.0438405 0.0000000 0.0000000 0.0489009 0.2514055 0.2515624 0.0000000 0.0000000 0.0707889
 26 P  26 0.0371769 0.0625100 0.0000000 0.0000000 0.0000000 0.0000000 0.0000000 0.0000000 0.0000000 0.0000000 0.0000000 0.0613299 0.0000000 0.0524638 0.6373128 0.0000000 0.0489009 0.0000000 0.0000000 0.1003057
 27 V  27 0.1133182 0.0294947 0.0000000 0.1093846 0.0000000 0.1743975 0.0371769 0.0000000 0.0000000 0.0000000 0.0000000 0.0948216 0.0000000 0.0000000 0.0000000 0.1895536 0.1557202 0.0000000 0.0000000 0.0961327
 28 V  28 0.0000000 0.0000000 0.0000000 0.0000000 0.0000000 0.0000000 0.0000000 0.0000000 0.0000000 0.1170286 0.2584950 0.0613299 0.0000000 0.0000000 0.0000000 0.0000000 0.0000000 0.0000000 0.0000000 0.5631466
 29 N  29 0.0233320 0.0000000 0.2156948 0.0000000 0.0000000 0.2020450 0.0294947 0.2046352 0.0000000 0.0000000 0.0000000 0.0000000 0.0000000 0.0000000 0.0524638 0.1082315 0.1152020 0.0000000 0.0000000 0.0489009
 30 V  30 0.2281834 0.0000000 0.0558917 0.0000000 0.0000000 0.0000000 0.0000000 0.0520959 0.0000000 0.0251568 0.0000000 0.0000000 0.0000000 0.0437381 0.1359880 0.0000000 0.0722966 0.0000000 0.1333957 0.2532538
 31 G  31 0.0000000 0.0558917 0.0314218 0.2436612 0.0000000 0.0000000 0.0000000 0.5751074 0.0543120 0.0000000 0.0000000 0.0000000 0.0000000 0.0000000 0.0000000 0.0000000 0.0000000 0.0000000 0.0396060 0.0000000
 32 Q  32 0.0000000 0.1972613 0.0000000 0.0438405 0.0000000 0.4063989 0.1748209 0.0000000 0.0000000 0.0524638 0.0000000 0.1252146 0.0000000 0.0000000 0.0000000 0.0000000 0.0000000 0.0000000 0.0000000 0.0000000
 33 N  33 0.0843587 0.0000000 0.6036022 0.0000000 0.0000000 0.1114109 0.0000000 0.0000000 0.0000000 0.0000000 0.0000000 0.0000000 0.0000000 0.0000000 0.0000000 0.0389927 0.1003057 0.0000000 0.0000000 0.0613299
 34 L  34 0.0000000 0.1003057 0.0000000 0.0000000 0.0000000 0.0000000 0.0981675 0.0000000 0.0000000 0.1743324 0.4677287 0.0480547 0.0000000 0.0000000 0.0000000 0.0000000 0.0489009 0.0000000 0.0000000 0.0625100
 35 V  35 0.0000000 0.0000000 0.0000000 0.0000000 0.0000000 0.0000000 0.0000000 0.0000000 0.0000000 0.3650063 0.0321793 0.0000000 0.0000000 0.1013647 0.0000000 0.0000000 0.0000000 0.0000000 0.0000000 0.5014497
 36 V  36 0.0524638 0.0000000 0.0000000 0.0000000 0.0000000 0.0000000 0.0000000 0.0000000 0.0000000 0.1046147 0.0795109 0.0000000 0.1003057 0.0848962 0.0000000 0.0000000 0.0000000 0.0000000 0.0613299 0.5168789
 37 D  37 0.0000000 0.0000000 0.0946046 0.8050898 0.0000000 0.0000000 0.0000000 0.0000000 0.0000000 0.0000000 0.1003057 0.0000000 0.0000000 0.0000000 0.0000000 0.0000000 0.0000000 0.0000000 0.0000000 0.0000000
 38 L  38 0.0000000 0.0000000 0.0000000 0.0000000 0.0000000 0.0000000 0.1003057 0.0000000 0.0000000 0.1114109 0.6391349 0.0000000 0.0000000 0.0509810 0.0000000 0.0000000 0.0000000 0.0000000 0.0000000 0.0981675
 39 S  39 0.0236139 0.0480547 0.0405182 0.0000000 0.0000000 0.0000000 0.0489009 0.1628157 0.0000000 0.0000000 0.0000000 0.0613299 0.0000000 0.0000000 0.0000000 0.6147667 0.0000000 0.0000000 0.0000000 0.0000000
 40 T  40 0.0526920 0.0568580 0.0695930 0.0963044 0.0000000 0.2917300 0.0000000 0.0000000 0.0000000 0.0000000 0.0000000 0.0214543 0.0000000 0.0000000 0.0000000 0.1538133 0.2099413 0.0000000 0.0000000 0.0476137
 41 Q  41 0.0000000 0.1051096 0.0642671 0.0000000 0.0000000 0.2369923 0.0534226 0.0000000 0.0653393 0.0000000 0.0833189 0.0000000 0.0000000 0.1009166 0.0000000 0.1738869 0.0000000 0.0000000 0.0655038 0.0512429
 42 I  42 0.0000000 0.0000000 0.0000000 0.0000000 0.0000000 0.0000000 0.0000000 0.0000000 0.0000000 0.4492316 0.1863835 0.0000000 0.0524638 0.0000000 0.0000000 0.0000000 0.0613299 0.0000000 0.0625100 0.1880812
 43 F  43 0.0236139 0.0438405 0.0613299 0.1036730 0.0000000 0.0489009 0.1101237 0.0000000 0.0000000 0.0223116 0.0700129 0.0371769 0.0000000 0.2112318 0.0000000 0.1510575 0.0981675 0.0000000 0.0000000 0.0185599
 44 C  44 0.0000000 0.0000000 0.0000000 0.0000000 1.0000000 0.0000000 0.0000000 0.0000000 0.0000000 0.0000000 0.0000000 0.0000000 0.0000000 0.0000000 0.0000000 0.0000000 0.0000000 0.0000000 0.0000000 0.0000000
 45 H  45 0.0000000 0.2615159 0.0000000 0.0000000 0.0000000 0.0795109 0.0000000 0.0000000 0.1249975 0.0000000 0.0000000 0.3788812 0.0927414 0.0000000 0.0000000 0.0000000 0.0000000 0.0623530 0.0000000 0.0000000
 46 N  46 0.0000000 0.0000000 0.7873834 0.0509810 0.0000000 0.0000000 0.0000000 0.0613299 0.0000000 0.0000000 0.0000000 0.0000000 0.0000000 0.1003057 0.0000000 0.0000000 0.0000000 0.0000000 0.0000000 0.0000000
 47 D  47 0.0000000 0.0000000 0.0000000 0.7662130 0.0000000 0.0000000 0.0963044 0.0000000 0.0000000 0.0000000 0.0000000 0.0000000 0.0000000 0.0000000 0.0000000 0.1374826 0.0000000 0.0000000 0.0000000 0.0000000
 48 A  48 0.1380306 0.0000000 0.0685945 0.1136204 0.0000000 0.0000000 0.0000000 0.0507246 0.0000000 0.0228561 0.0543120 0.0000000 0.0000000 0.0199083 0.0000000 0.2372613 0.0561347 0.0000000 0.1898677 0.0486898
 49 P  49 0.0000000 0.0000000 0.0000000 0.0000000 0.0000000 0.0000000 0.0000000 0.1907186 0.0000000 0.0000000 0.0000000 0.0000000 0.0000000 0.0533208 0.5791270 0.1001371 0.0436665 0.0000000 0.0330301 0.0000000
 50 E  50 0.0000000 0.0214543 0.0233320 0.0733957 0.0000000 0.1123109 0.0741309 0.3280023 0.0000000 0.0000000 0.0196811 0.0000000 0.0000000 0.0000000 0.0000000 0.2174771 0.0198079 0.1104078 0.0000000 0.0000000
 51 T  51 0.0731560 0.0714300 0.1051704 0.0000000 0.0000000 0.1389994 0.0000000 0.0969163 0.0000000 0.0000000 0.0000000 0.0000000 0.0000000 0.0000000 0.0000000 0.1851373 0.1818135 0.0526920 0.0466305 0.0480547
 52 I  52 0.0000000 0.1587341 0.1722523 0.1399025 0.0000000 0.0000000 0.0000000 0.0000000 0.0236139 0.1117169 0.0732926 0.0000000 0.0508666 0.0613299 0.0000000 0.0000000 0.0000000 0.0457037 0.1625875 0.0000000
 53 T  53 0.0000000 0.0403732 0.0673154 0.0000000 0.0000000 0.0000000 0.0526920 0.0000000 0.0000000 0.1295658 0.0000000 0.0198079 0.0000000 0.1102308 0.0000000 0.0891104 0.2484176 0.0000000 0.1233514 0.1191355
 54 D  54 0.0000000 0.0000000 0.0000000 0.9519453 0.0000000 0.0000000 0.0000000 0.0000000 0.0000000 0.0000000 0.0000000 0.0000000 0.0480547 0.0000000 0.0000000 0.0000000 0.0000000 0.0000000 0.0000000 0.0000000
 55 Y  55 0.0613299 0.0000000 0.0233320 0.0000000 0.0000000 0.0206921 0.0000000 0.0000000 0.0918478 0.0509810 0.0394890 0.0000000 0.0225291 0.0321793 0.0000000 0.0000000 0.0000000 0.0480547 0.6095651 0.0000000
 56 V  56 0.0000000 0.0000000 0.0000000 0.0000000 0.0000000 0.0000000 0.0000000 0.0000000 0.0000000 0.1222506 0.2870631 0.0000000 0.0625100 0.0509810 0.0000000 0.0000000 0.0000000 0.1003057 0.0000000 0.3768897
 57 T  57 0.0956684 0.1018481 0.2249013 0.0000000 0.0000000 0.0000000 0.0410556 0.0000000 0.0000000 0.0000000 0.0000000 0.1774378 0.0000000 0.0000000 0.0000000 0.1616559 0.1249975 0.0509810 0.0214543 0.0000000
 58 L  58 0.0000000 0.0000000 0.0000000 0.0000000 0.0000000 0.0000000 0.0000000 0.0000000 0.0000000 0.1003226 0.3441972 0.0000000 0.1060421 0.0000000 0.0509810 0.0480547 0.2085193 0.0000000 0.0000000 0.1418829
 59 Q  59 0.0000000 0.1040398 0.0480547 0.0457037 0.0000000 0.1553282 0.0371769 0.0526920 0.0000000 0.0206921 0.1573685 0.0000000 0.0000000 0.0000000 0.0000000 0.0476137 0.2766595 0.0000000 0.0000000 0.0546709
 60 R  60 0.1398467 0.2130791 0.0235469 0.0226422 0.0000000 0.1180296 0.0538038 0.0507155 0.0000000 0.0000000 0.0000000 0.0657755 0.0000000 0.0000000 0.0392354 0.1746386 0.0647256 0.0000000 0.0000000 0.0339610
 61 G  61 0.1140219 0.0000000 0.0410556 0.0000000 0.0000000 0.0321793 0.0000000 0.6975304 0.0214543 0.0000000 0.0000000 0.0000000 0.0480547 0.0000000 0.0457037 0.0000000 0.0000000 0.0000000 0.0000000 0.0000000
 62 S  62 0.1149738 0.0000000 0.0509810 0.0000000 0.0000000 0.0000000 0.0000000 0.0000000 0.0000000 0.0000000 0.0000000 0.0000000 0.0000000 0.0000000 0.0476137 0.5429081 0.2435233 0.0000000 0.0000000 0.0000000
 63 A  63 0.3551616 0.0000000 0.0000000 0.0524638 0.0000000 0.0000000 0.0509810 0.2132204 0.0000000 0.0613299 0.0480547 0.0000000 0.0457037 0.0000000 0.0000000 0.0625100 0.0783956 0.0000000 0.0000000 0.0321793
 64 Y  64 0.0000000 0.0000000 0.0937584 0.0000000 0.0000000 0.0000000 0.0000000 0.0000000 0.0613299 0.0000000 0.0896408 0.0000000 0.0000000 0.2889008 0.0000000 0.0625100 0.1015929 0.0476137 0.2546536 0.0000000
 65 G  65 0.0251761 0.0000000 0.0000000 0.0321793 0.0000000 0.0000000 0.0000000 0.4421069 0.0000000 0.0509810 0.0000000 0.0000000 0.0000000 0.0000000 0.0438405 0.2943052 0.1114109 0.0000000 0.0000000 0.0000000
 66 G  66 0.1447395 0.0000000 0.0000000 0.0000000 0.0000000 0.0000000 0.0000000 0.4063989 0.0438405 0.0000000 0.0000000 0.0613299 0.0000000 0.0000000 0.2811813 0.0000000 0.0625100 0.0000000 0.0000000 0.0000000
 67 V  67 0.1519989 0.0000000 0.0438405 0.0000000 0.0000000 0.0000000 0.0000000 0.0000000 0.0000000 0.0937584 0.1463690 0.1492065 0.0000000 0.0000000 0.0881580 0.0656943 0.0524638 0.0000000 0.0000000 0.2085106
 68 L  68 0.0000000 0.0000000 0.0000000 0.0000000 0.0000000 0.0000000 0.0509810 0.0000000 0.0000000 0.0613299 0.5348106 0.0000000 0.0000000 0.2903685 0.0625100 0.0000000 0.0000000 0.0000000 0.0000000 0.0000000
 69 S  69 0.0889513 0.0000000 0.0501869 0.0795109 0.0000000 0.0740770 0.0185599 0.0895442 0.0000000 0.0000000 0.0000000 0.2686227 0.0000000 0.0371769 0.0214543 0.1651913 0.1067246 0.0000000 0.0000000 0.0000000
 70 N  70 0.1853119 0.0000000 0.3283691 0.0870474 0.0000000 0.0489009 0.0214543 0.1070336 0.0000000 0.0509810 0.0000000 0.0000000 0.0000000 0.0000000 0.0000000 0.1709017 0.0000000 0.0000000 0.0000000 0.0000000
 71 F  71 0.0000000 0.0000000 0.0000000 0.0000000 0.0000000 0.0476137 0.0526920 0.0000000 0.0000000 0.0457037 0.1410368 0.0948216 0.0000000 0.4827254 0.0000000 0.0000000 0.0000000 0.0000000 0.1354069 0.0000000
 72 S  72 0.0489009 0.0206921 0.0706621 0.1110686 0.0000000 0.0000000 0.0214543 0.1460094 0.0000000 0.0000000 0.0000000 0.1493086 0.0000000 0.0000000 0.0000000 0.1299952 0.2405790 0.0000000 0.0000000 0.0613299
 73 G  73 0.1540567 0.0000000 0.0000000 0.0000000 0.0000000 0.0000000 0.0000000 0.6106050 0.0000000 0.0000000 0.0000000 0.0000000 0.0000000 0.0405182 0.0000000 0.0846964 0.1101237 0.0000000 0.0000000 0.0000000
 74 T  74 0.0000000 0.0828332 0.0000000 0.0000000 0.0000000 0.0000000 0.0000000 0.3579388 0.0000000 0.0000000 0.0000000 0.0000000 0.0000000 0.0613299 0.0000000 0.3090504 0.1888477 0.0000000 0.0000000 0.0000000
 75 V  75 0.0625100 0.0000000 0.0405182 0.0000000 0.0000000 0.0000000 0.0000000 0.0000000 0.0000000 0.0644853 0.4749183 0.0000000 0.0690356 0.0000000 0.0389927 0.0000000 0.0000000 0.0000000 0.0000000 0.2495398
 76 K  76 0.0000000 0.3241044 0.0179098 0.0509810 0.0000000 0.0000000 0.0438405 0.0000000 0.0000000 0.0716687 0.0705504 0.0787502 0.0000000 0.0000000 0.0000000 0.0000000 0.1460263 0.0000000 0.1437049 0.0524638
 77 Y  77 0.0000000 0.0000000 0.0000000 0.0000000 0.0000000 0.0000000 0.0000000 0.0389927 0.0000000 0.2744839 0.0405182 0.0000000 0.0000000 0.0000000 0.0000000 0.0000000 0.0000000 0.2516272 0.3419141 0.0524638
 78 S  78 0.0375860 0.0524638 0.3607019 0.0935092 0.0000000 0.0000000 0.0000000 0.0000000 0.0000000 0.0000000 0.0000000 0.0489009 0.0000000 0.0000000 0.0000000 0.1262409 0.0000000 0.0509810 0.2117065 0.0179098
 79 G  79 0.0569025 0.0000000 0.0985114 0.0849438 0.0000000 0.0000000 0.0000000 0.7176497 0.0000000 0.0000000 0.0000000 0.0000000 0.0000000 0.0000000 0.0000000 0.0000000 0.0419926 0.0000000 0.0000000 0.0000000
 80 S  80 0.0551613 0.0890511 0.1020655 0.0000000 0.0000000 0.0000000 0.0000000 0.0657239 0.0000000 0.0196481 0.0000000 0.1041277 0.0000000 0.0000000 0.0000000 0.2874605 0.1190771 0.0000000 0.0886960 0.0689886
 81 S  81 0.0188307 0.0536022 0.0000000 0.0480535 0.0000000 0.0409975 0.0000000 0.0000000 0.0554012 0.0000000 0.0000000 0.1302071 0.0000000 0.0000000 0.0000000 0.2563143 0.2098338 0.0000000 0.1362342 0.0505255
 82 Y  82 0.0000000 0.0526920 0.0000000 0.0000000 0.0000000 0.0405182 0.0000000 0.0000000 0.0000000 0.0179098 0.1492235 0.0000000 0.0000000 0.0000000 0.0000000 0.0000000 0.0000000 0.0000000 0.7396565 0.0000000
 83 P  83 0.0000000 0.0000000 0.1003057 0.1238399 0.0000000 0.0000000 0.0000000 0.0000000 0.0179098 0.0000000 0.0524638 0.0000000 0.0000000 0.0000000 0.4846825 0.1595879 0.0612103 0.0000000 0.0000000 0.0000000
 84 F  84 0.0536141 0.0000000 0.0486576 0.0000000 0.0000000 0.0000000 0.0491083 0.0000000 0.0000000 0.0839887 0.1804569 0.0000000 0.0000000 0.4926669 0.0000000 0.0915074 0.0000000 0.0000000 0.0000000 0.0000000
 85 P  85 0.0000000 0.0000000 0.0000000 0.0000000 0.0000000 0.0389927 0.0000000 0.0000000 0.0000000 0.0000000 0.0000000 0.0000000 0.0000000 0.0000000 0.9610073 0.0000000 0.0000000 0.0000000 0.0000000 0.0000000
 86 T  86 0.0000000 0.0000000 0.0000000 0.0000000 0.0000000 0.0000000 0.0000000 0.0000000 0.0000000 0.0526920 0.4266960 0.0000000 0.0885670 0.0914565 0.0179098 0.0613299 0.0985223 0.0000000 0.0000000 0.1628264
 87 T  87 0.0188139 0.0000000 0.1709588 0.0409611 0.0000000 0.1299219 0.0000000 0.0000000 0.0000000 0.0000000 0.0513694 0.0000000 0.0000000 0.0000000 0.1710347 0.1031231 0.2621589 0.0000000 0.0309837 0.0206746
 88 S  88 0.0000000 0.0613299 0.1539393 0.0000000 0.0000000 0.2252963 0.0000000 0.0714899 0.0000000 0.0000000 0.0389927 0.0179098 0.0000000 0.0000000 0.0480547 0.2999336 0.0535590 0.0000000 0.0294947 0.0000000
 89 E  89 0.0837554 0.0186766 0.0654491 0.1697224 0.0000000 0.0406621 0.1864095 0.1522605 0.0000000 0.0000000 0.0000000 0.0547100 0.0000000 0.0000000 0.1827147 0.0456397 0.0000000 0.0000000 0.0000000 0.0000000
 90 T  90 0.0000000 0.0179098 0.0613299 0.0000000 0.0000000 0.0000000 0.0524638 0.0509810 0.0000000 0.1460094 0.0000000 0.0000000 0.0000000 0.0000000 0.0000000 0.0598975 0.4618511 0.0000000 0.0000000 0.1495574
 91 P  91 0.0894277 0.1353897 0.1197826 0.0000000 0.0000000 0.0000000 0.0491083 0.0238435 0.0615006 0.0536141 0.0000000 0.1336716 0.0000000 0.0499730 0.0284486 0.1705910 0.0398476 0.0000000 0.0448017 0.0000000
 92 R  92 0.0000000 0.0765507 0.0000000 0.0000000 0.0000000 0.1151146 0.1141390 0.0626745 0.0000000 0.1270872 0.0183025 0.0228007 0.0486576 0.0000000 0.0000000 0.0751218 0.0238435 0.0000000 0.0947747 0.2209331
 93 V  93 0.0812541 0.0000000 0.0000000 0.0000000 0.0626745 0.0615006 0.0000000 0.0000000 0.0989653 0.0630262 0.0878518 0.0000000 0.0190970 0.1093666 0.0000000 0.0538473 0.0486576 0.0000000 0.1559855 0.1577735
 94 V  94 0.0000000 0.0328848 0.1173627 0.0468739 0.0000000 0.0000000 0.0520988 0.0000000 0.0379920 0.0890752 0.0000000 0.0000000 0.0000000 0.0934617 0.0000000 0.1438831 0.3165128 0.0000000 0.0414066 0.0284486
 95 Y  95 0.0000000 0.0536141 0.0000000 0.0000000 0.0000000 0.0000000 0.0000000 0.0000000 0.0000000 0.2026728 0.2542916 0.0000000 0.0486576 0.1083671 0.0000000 0.0000000 0.0000000 0.0414066 0.2681895 0.0228007
 96 N  96 0.0000000 0.0183025 0.0977991 0.0290051 0.0000000 0.1472016 0.0000000 0.0637201 0.0000000 0.0000000 0.0536141 0.1042461 0.0000000 0.0000000 0.1645732 0.1338703 0.1876678 0.0000000 0.0000000 0.0000000
 97 S  97 0.0491083 0.0000000 0.0953633 0.2226083 0.0000000 0.0000000 0.0183025 0.0000000 0.0384100 0.0000000 0.0000000 0.0419558 0.0000000 0.0626745 0.0499730 0.2419343 0.0536141 0.0000000 0.1260559 0.0000000
 98 R  98 0.0000000 0.1058976 0.1253056 0.0000000 0.0000000 0.0491083 0.0000000 0.3784505 0.0000000 0.0190970 0.0846978 0.0827445 0.0000000 0.0000000 0.0000000 0.0000000 0.1546986 0.0000000 0.0000000 0.0000000
 99 T  99 0.1057129 0.0000000 0.2058851 0.0384100 0.0000000 0.0000000 0.0491083 0.0000000 0.0000000 0.1208074 0.0000000 0.0328848 0.0448017 0.0000000 0.0000000 0.1067602 0.1453055 0.0000000 0.0000000 0.1503242
100 D 100 0.0000000 0.0000000 0.0626745 0.0765507 0.0000000 0.0000000 0.0241316 0.1025048 0.0000000 0.0000000 0.0000000 0.0000000 0.0000000 0.0503836 0.0966049 0.1186223 0.0491083 0.1760289 0.2433902 0.0000000
101 K 101 0.0000000 0.0372693 0.0000000 0.0000000 0.0000000 0.1414805 0.0536141 0.0000000 0.0940546 0.0301414 0.0422440 0.1878162 0.0637201 0.0000000 0.0000000 0.0190970 0.2280581 0.0000000 0.0538473 0.0486576
102 P 102 0.0211458 0.0000000 0.0419558 0.0000000 0.0000000 0.0000000 0.0000000 0.0795133 0.0448017 0.0000000 0.0626745 0.0000000 0.0000000 0.0000000 0.6310718 0.1188371 0.0000000 0.0000000 0.0000000 0.0000000
103 W 103 0.0000000 0.0000000 0.0000000 0.0000000 0.0000000 0.0000000 0.0000000 0.0000000 0.0000000 0.2171754 0.3226077 0.0000000 0.0387003 0.0827690 0.0000000 0.0000000 0.0000000 0.2464448 0.0000000 0.0923027
104 P 104 0.0475765 0.0000000 0.1410908 0.1574860 0.0000000 0.0546137 0.0000000 0.0000000 0.0000000 0.0000000 0.0000000 0.0000000 0.0000000 0.0000000 0.5992330 0.0000000 0.0000000 0.0000000 0.0000000 0.0000000
105 V 105 0.1123149 0.0000000 0.0000000 0.0000000 0.0000000 0.0000000 0.0000000 0.0509047 0.0000000 0.1449282 0.2287431 0.0000000 0.0387003 0.0000000 0.0000000 0.0000000 0.1544220 0.0000000 0.0000000 0.2699868
106 A 106 0.0624769 0.1915365 0.0000000 0.0000000 0.0000000 0.1531254 0.0500239 0.0000000 0.0000000 0.0000000 0.0000000 0.3507221 0.0387003 0.0000000 0.0000000 0.0000000 0.1044159 0.0000000 0.0000000 0.0489990
107 L 107 0.0000000 0.0000000 0.0000000 0.0000000 0.0000000 0.0000000 0.0000000 0.0000000 0.0000000 0.0000000 0.6476690 0.0000000 0.1045305 0.0530701 0.1044159 0.0000000 0.0000000 0.0000000 0.0000000 0.0903145
108 Y 108 0.0000000 0.0000000 0.0000000 0.0000000 0.0000000 0.0000000 0.0000000 0.0000000 0.0000000 0.0000000 0.0000000 0.0638430 0.0000000 0.0509047 0.0000000 0.0456370 0.0530701 0.0000000 0.7865452 0.0000000
109 L 109 0.0509047 0.0000000 0.0000000 0.0000000 0.0000000 0.0000000 0.0000000 0.0000000 0.0000000 0.0737843 0.7187061 0.0000000 0.0000000 0.0500239 0.0000000 0.0000000 0.0000000 0.0000000 0.0427380 0.0638430
110 T 110 0.0000000 0.0000000 0.0000000 0.0000000 0.0000000 0.0000000 0.0500239 0.0000000 0.0000000 0.0000000 0.0000000 0.0307034 0.0000000 0.0000000 0.0000000 0.1596511 0.4246096 0.0000000 0.1284060 0.2066061
111 P 111 0.0869335 0.1044159 0.1021902 0.0000000 0.0000000 0.0000000 0.0000000 0.0000000 0.0000000 0.0638430 0.1009286 0.0000000 0.0427380 0.0000000 0.4682475 0.0307034 0.0000000 0.0000000 0.0000000 0.0000000
112 V 112 0.0405905 0.1114195 0.1044159 0.0000000 0.0000000 0.0509047 0.0878155 0.0000000 0.0000000 0.1594651 0.0242880 0.0427380 0.0000000 0.0000000 0.0000000 0.0000000 0.1654459 0.0000000 0.0000000 0.2129168
113 S 113 0.0000000 0.0000000 0.0548512 0.0923027 0.0000000 0.0000000 0.0000000 0.1192631 0.0000000 0.0000000 0.0456370 0.0546137 0.0000000 0.0475765 0.0827690 0.4277941 0.0242880 0.0000000 0.0000000 0.0509047
114 S 114 0.2075540 0.0000000 0.0530701 0.0000000 0.0000000 0.0000000 0.0000000 0.1284060 0.0000000 0.0000000 0.0000000 0.0000000 0.0500239 0.0000000 0.3600541 0.0484320 0.1524599 0.0000000 0.0000000 0.0000000
115 A 115 0.5526800 0.0000000 0.0000000 0.0000000 0.0000000 0.0000000 0.0000000 0.1138669 0.0000000 0.0000000 0.0000000 0.0000000 0.0000000 0.0000000 0.0427380 0.0548512 0.1021902 0.0000000 0.0509047 0.0827690
116 G 116 0.0000000 0.0000000 0.1574860 0.0245815 0.0000000 0.0000000 0.0000000 0.4629554 0.0000000 0.0000000 0.0000000 0.0500239 0.0000000 0.1284060 0.1021902 0.0234523 0.0000000 0.0000000 0.0000000 0.0509047
117 G 117 0.0638430 0.0000000 0.0000000 0.0475765 0.0000000 0.0427380 0.0000000 0.6367890 0.0000000 0.0000000 0.0000000 0.0000000 0.0000000 0.0000000 0.1044159 0.1046376 0.0000000 0.0000000 0.0000000 0.0000000
118 V 118 0.0509047 0.0000000 0.0000000 0.0000000 0.0000000 0.0000000 0.0000000 0.0000000 0.0000000 0.1762804 0.0734762 0.1591094 0.0000000 0.0000000 0.0000000 0.0000000 0.0000000 0.0000000 0.0000000 0.5402293
119 A 119 0.1502997 0.0000000 0.0638430 0.1044159 0.0000000 0.0807273 0.0000000 0.0000000 0.0000000 0.0530701 0.1811295 0.0903145 0.0000000 0.0509047 0.0000000 0.0000000 0.0000000 0.0000000 0.0000000 0.2252953
120 I 120 0.0000000 0.0000000 0.0000000 0.0000000 0.0000000 0.0000000 0.0000000 0.0000000 0.0000000 0.7898190 0.0844626 0.0000000 0.0000000 0.0000000 0.0000000 0.0000000 0.0000000 0.0000000 0.0000000 0.1257184
121 K 121 0.0000000 0.3625015 0.2688869 0.0000000 0.0000000 0.0000000 0.0242880 0.0000000 0.0421785 0.0000000 0.0000000 0.1534579 0.0000000 0.0000000 0.0000000 0.1191412 0.0295459 0.0000000 0.0000000 0.0000000
122 A 122 0.2967587 0.1354069 0.0405905 0.0000000 0.0000000 0.0509047 0.0000000 0.0000000 0.0000000 0.1044159 0.0000000 0.2698087 0.0000000 0.0000000 0.0000000 0.1021145 0.0000000 0.0000000 0.0000000 0.0000000
123 G 123 0.0000000 0.0000000 0.0000000 0.0000000 0.0000000 0.0000000 0.0000000 1.0000000 0.0000000 0.0000000 0.0000000 0.0000000 0.0000000 0.0000000 0.0000000 0.0000000 0.0000000 0.0000000 0.0000000 0.0000000
124 S 124 0.0000000 0.0000000 0.0000000 0.4426715 0.0000000 0.0958081 0.2150756 0.0000000 0.0000000 0.0000000 0.0000000 0.0000000 0.0000000 0.0000000 0.0000000 0.1014302 0.1450146 0.0000000 0.0000000 0.0000000
125 L 125 0.0000000 0.0705115 0.0548512 0.0000000 0.0000000 0.0334979 0.0000000 0.0000000 0.0656119 0.0638430 0.3786344 0.0000000 0.0242880 0.0000000 0.0530701 0.0000000 0.0814383 0.0000000 0.0000000 0.1742537
126 I 126 0.0000000 0.0000000 0.0000000 0.0000000 0.0000000 0.0000000 0.0000000 0.0000000 0.0000000 0.5030181 0.2923820 0.0000000 0.0000000 0.0869352 0.0000000 0.0000000 0.0000000 0.0000000 0.0000000 0.1176648
127 A 127 0.6894191 0.0000000 0.0000000 0.0000000 0.0000000 0.0000000 0.0000000 0.2559672 0.0000000 0.0000000 0.0000000 0.0000000 0.0546137 0.0000000 0.0000000 0.0000000 0.0000000 0.0000000 0.0000000 0.0000000
128 V 128 0.0000000 0.1731699 0.0000000 0.0000000 0.0000000 0.1174061 0.0000000 0.0000000 0.0000000 0.0245815 0.0000000 0.0307034 0.0000000 0.0000000 0.0000000 0.0881310 0.3893230 0.0000000 0.0530701 0.1236149
129 L 129 0.0000000 0.0000000 0.0000000 0.0000000 0.0000000 0.0000000 0.0000000 0.0000000 0.0000000 0.1932119 0.6476965 0.0000000 0.0000000 0.1169131 0.0000000 0.0000000 0.0000000 0.0000000 0.0000000 0.0421785
130 I 130 0.0000000 0.0509047 0.2684121 0.0881116 0.0000000 0.0427380 0.0837734 0.0000000 0.0810589 0.0779779 0.0000000 0.0500239 0.0000000 0.0000000 0.0000000 0.0000000 0.0638430 0.0000000 0.0827690 0.1103874
131 L 131 0.0638430 0.0000000 0.0000000 0.0000000 0.0000000 0.0000000 0.0000000 0.0000000 0.0000000 0.0456370 0.3132434 0.0000000 0.2929324 0.1485051 0.0000000 0.0000000 0.0000000 0.0000000 0.0530701 0.0827690
132 R 132 0.0000000 0.0819299 0.0827690 0.0495647 0.0000000 0.0456370 0.0638430 0.0000000 0.2669011 0.0500239 0.0509047 0.0000000 0.0000000 0.0000000 0.0000000 0.0475765 0.0548512 0.0000000 0.2059989 0.0000000
133 Q 133 0.0548512 0.0000000 0.0000000 0.0000000 0.0000000 0.5105231 0.0000000 0.0000000 0.0000000 0.0000000 0.0000000 0.4346258 0.0000000 0.0000000 0.0000000 0.0000000 0.0000000 0.0000000 0.0000000 0.0000000
134 T 134 0.0000000 0.1138669 0.0546137 0.0000000 0.0000000 0.0000000 0.0965417 0.0000000 0.0000000 0.0956115 0.0000000 0.0530701 0.0000000 0.0000000 0.0000000 0.0000000 0.4378448 0.0000000 0.0000000 0.1484514
135 N 135 0.1579634 0.0000000 0.4792748 0.0000000 0.0000000 0.0000000 0.0000000 0.0860994 0.0000000 0.0000000 0.0000000 0.0405905 0.0421785 0.0000000 0.0000000 0.1511553 0.0427380 0.0000000 0.0000000 0.0000000
136 N 136 0.0000000 0.0000000 0.3981809 0.1169802 0.0000000 0.0000000 0.0000000 0.2867992 0.0000000 0.0000000 0.0000000 0.0000000 0.0000000 0.0000000 0.0000000 0.1261950 0.0718447 0.0000000 0.0000000 0.0000000
137 Y 137 0.0000000 0.0507403 0.0000000 0.0000000 0.0000000 0.1465184 0.0000000 0.2455483 0.1118491 0.0000000 0.0565992 0.0207466 0.0000000 0.0000000 0.0000000 0.0000000 0.0000000 0.1421074 0.1901653 0.0357255
138 N 138 0.0509047 0.0530701 0.3636253 0.1828341 0.0000000 0.0000000 0.0827690 0.0956609 0.0546137 0.0000000 0.0000000 0.0000000 0.0000000 0.0000000 0.0903145 0.0262078 0.0000000 0.0000000 0.0000000 0.0000000
139 S 139 0.2367677 0.0000000 0.0670296 0.0000000 0.0000000 0.0883750 0.0245815 0.1579634 0.0000000 0.1390762 0.0000000 0.0000000 0.0000000 0.0000000 0.0548512 0.1415875 0.0000000 0.0000000 0.0000000 0.0897679
140 D 140 0.0000000 0.0477403 0.1694197 0.4222823 0.0000000 0.0976004 0.0204876 0.1630371 0.0000000 0.0000000 0.0000000 0.0000000 0.0000000 0.0000000 0.0000000 0.0794327 0.0000000 0.0000000 0.0000000 0.0000000
141 D 141 0.0456370 0.0000000 0.1081033 0.0484320 0.0475765 0.0000000 0.0827690 0.0530701 0.1362217 0.0000000 0.0000000 0.0000000 0.0000000 0.0000000 0.2338411 0.1339618 0.1103874 0.0000000 0.0000000 0.0000000
142 F 142 0.1046229 0.1350531 0.0208487 0.0558647 0.0000000 0.0449885 0.0000000 0.0500818 0.0000000 0.0000000 0.0000000 0.1859772 0.0000000 0.1173459 0.0900597 0.1951577 0.0000000 0.0000000 0.0000000 0.0000000
143 Q 143 0.0543726 0.0938535 0.1412747 0.0935569 0.0000000 0.0855419 0.0000000 0.0000000 0.0500639 0.0000000 0.0000000 0.0257272 0.0000000 0.0000000 0.0521915 0.0558426 0.1903333 0.0000000 0.1572420 0.0000000
144 F 144 0.0000000 0.0000000 0.0000000 0.0000000 0.0000000 0.0000000 0.0000000 0.0000000 0.0000000 0.0585919 0.0529449 0.0000000 0.0000000 0.7012596 0.0000000 0.0000000 0.0000000 0.0000000 0.1872037 0.0000000
145 V 145 0.0495647 0.0475765 0.0548512 0.0000000 0.0000000 0.0000000 0.0509047 0.0530701 0.0000000 0.0993755 0.0000000 0.0881116 0.0000000 0.0000000 0.0000000 0.0000000 0.4835322 0.0000000 0.0000000 0.0730135
146 W 146 0.0000000 0.0000000 0.0000000 0.0000000 0.0000000 0.0000000 0.0000000 0.0000000 0.0000000 0.0000000 0.0509047 0.0000000 0.0000000 0.0334979 0.0000000 0.0000000 0.0000000 0.8111815 0.0000000 0.1044159
147 N 147 0.0000000 0.3530145 0.4295616 0.0000000 0.0000000 0.0000000 0.0387003 0.0000000 0.0000000 0.0000000 0.0000000 0.0456370 0.0000000 0.0000000 0.0000000 0.0000000 0.0495647 0.0000000 0.0835218 0.0000000
148 I 148 0.0000000 0.0000000 0.0000000 0.0000000 0.0000000 0.0000000 0.0000000 0.0000000 0.0000000 0.3886996 0.1345117 0.0000000 0.0000000 0.3477913 0.0000000 0.0000000 0.0000000 0.0000000 0.1044159 0.0245815
149 Y 149 0.0000000 0.0000000 0.0548512 0.0000000 0.0000000 0.0000000 0.0000000 0.0000000 0.0334979 0.2174508 0.0530701 0.0000000 0.0000000 0.0456370 0.0000000 0.0638430 0.0495647 0.0000000 0.4433849 0.0387003
150 A 150 0.8712489 0.0000000 0.0000000 0.0000000 0.0000000 0.0000000 0.0000000 0.0000000 0.0000000 0.0000000 0.0638430 0.0000000 0.0000000 0.0000000 0.0000000 0.0649081 0.0000000 0.0000000 0.0000000 0.0000000
151 N 151 0.1971778 0.0334979 0.2571193 0.0932135 0.0000000 0.0245815 0.0000000 0.1076838 0.0000000 0.0000000 0.0307034 0.1534481 0.0000000 0.0000000 0.0000000 0.0198057 0.0827690 0.0000000 0.0000000 0.0000000
152 N 152 0.0000000 0.0000000 0.9156627 0.0000000 0.0000000 0.0000000 0.0000000 0.0000000 0.0000000 0.0000000 0.0000000 0.0456370 0.0000000 0.0000000 0.0000000 0.0000000 0.0000000 0.0000000 0.0387003 0.0000000
153 D 153 0.0000000 0.0000000 0.2329162 0.6612640 0.0000000 0.0000000 0.0334979 0.0000000 0.0000000 0.0000000 0.0000000 0.0000000 0.0000000 0.0000000 0.0000000 0.0723218 0.0000000 0.0000000 0.0000000 0.0000000
154 V 154 0.0475765 0.0000000 0.0000000 0.0000000 0.0000000 0.0000000 0.0000000 0.0000000 0.0000000 0.0000000 0.1147477 0.0000000 0.0000000 0.1044159 0.0000000 0.0427380 0.0000000 0.0000000 0.0000000 0.6905219
155 V 155 0.0000000 0.0000000 0.0000000 0.0500239 0.0000000 0.0000000 0.0000000 0.0000000 0.0000000 0.1477983 0.0000000 0.0000000 0.0000000 0.0000000 0.0000000 0.0495647 0.0935515 0.0000000 0.1759825 0.4830790
156 V 156 0.0000000 0.0000000 0.0000000 0.0000000 0.0000000 0.0000000 0.0000000 0.0000000 0.0000000 0.3968536 0.0456370 0.0000000 0.0956115 0.0903145 0.0000000 0.0000000 0.0000000 0.0000000 0.0000000 0.3715835
157 P 157 0.0000000 0.0000000 0.0586552 0.0000000 0.0000000 0.2102498 0.0000000 0.0640369 0.0000000 0.0000000 0.0000000 0.0000000 0.0000000 0.0000000 0.6112725 0.0000000 0.0000000 0.0000000 0.0000000 0.0557856
158 T 158 0.0000000 0.0000000 0.0000000 0.0000000 0.0000000 0.0000000 0.0000000 0.0000000 0.0000000 0.0000000 0.0000000 0.0000000 0.0000000 0.0000000 0.0000000 0.0000000 1.0000000 0.0000000 0.0000000 0.0000000
