  159         A         R         N         D         C         Q         E         G         H         I         L         K         M         F         P         S         T         W         Y         V         X    
  1 M   1 0.0000000 0.0000000 0.0000000 0.0000000 0.0000000 0.0813684 0.0000000 0.0000000 0.0000000 0.0000000 0.0133135 0.0000000 0.0034889 0.0000000 0.0000000 0.0000000 0.0000000 0.0000000 0.0000000 0.0000000 0.9018292
  2 G   2 0.0010478 0.0042134 0.0543203 0.0000000 0.0000000 0.0000000 0.0022622 0.2481860 0.0000000 0.0000000 0.0000000 0.0021397 0.0000000 0.0000000 0.0000000 0.0476807 0.0019373 0.0000000 0.0000000 0.0013738 0.6368388
  3 P   3 0.0212993 0.0094671 0.0376774 0.0037179 0.0000000 0.0422083 0.0021417 0.0179375 0.0153317 0.0088615 0.0201254 0.0026481 0.0000000 0.0000000 0.2075582 0.0788457 0.0165477 0.0000000 0.0098708 0.0064726 0.4992892
  4 V   4 0.0095970 0.2179393 0.0000000 0.0028324 0.0013708 0.0153713 0.0000000 0.0106175 0.0072418 0.0049889 0.0000000 0.3375598 0.0064886 0.0051426 0.0016727 0.0114564 0.0088313 0.0021743 0.0098794 0.0210714 0.3257644
  5 W   5 0.0000000 0.0000000 0.0000000 0.0000000 0.0000000 0.0000000 0.0000000 0.0000000 0.0000000 0.0026754 0.0031183 0.0000000 0.0000000 0.0027829 0.0000000 0.0000000 0.0023286 0.7551871 0.0000000 0.0000000 0.2339078
  6 R   6 0.0220575 0.0750347 0.0761473 0.0924550 0.0000000 0.0337390 0.0529010 0.0560039 0.0246559 0.0023257 0.0073284 0.0699406 0.0037429 0.0017676 0.0967971 0.0854871 0.0699377 0.0000000 0.0173394 0.0065340 0.2058049
  7 K   7 0.0020663 0.0594171 0.0397773 0.0434588 0.0000000 0.0251568 0.0258163 0.0107049 0.0957036 0.0017507 0.0000000 0.3645456 0.0020306 0.0013282 0.0047343 0.0543602 0.0562178 0.0000000 0.0036585 0.0179056 0.1913675
  8 H   8 0.0104981 0.1378973 0.1198421 0.0262522 0.0000000 0.0192147 0.0051189 0.0062742 0.0402687 0.0115707 0.0237916 0.1341583 0.0067829 0.0236600 0.0143450 0.0717477 0.1527743 0.0013140 0.0114041 0.0052780 0.1778074
  9 Y   9 0.0157210 0.0157730 0.2008780 0.1066794 0.0024811 0.0234081 0.0379582 0.0000000 0.1042667 0.0210563 0.0200228 0.0387937 0.0046812 0.0052305 0.0317006 0.0411112 0.1226072 0.0000000 0.0091644 0.0436961 0.1547705
 10 I  10 0.0266962 0.0000000 0.0000000 0.0000000 0.0000000 0.0000000 0.0000000 0.0000000 0.0000000 0.2107147 0.5276805 0.0000000 0.0082761 0.0000000 0.0000000 0.0000000 0.0041731 0.0000000 0.0000000 0.0843734 0.1380861
 11 T  11 0.0056968 0.0144587 0.0203919 0.0031370 0.0000000 0.0029706 0.0000000 0.0000000 0.0027672 0.0014682 0.0043414 0.0528068 0.0000000 0.0061773 0.0000000 0.0649948 0.6793061 0.0000000 0.0015161 0.0063913 0.1335755
 12 Y  12 0.0000000 0.0000000 0.0000000 0.0000000 0.0000000 0.0000000 0.0000000 0.0028324 0.0013708 0.0092532 0.0032790 0.0000000 0.0000000 0.0437600 0.0000000 0.0000000 0.0000000 0.1568635 0.6151270 0.0410794 0.1264348
 13 R  13 0.0769972 0.2678924 0.0161973 0.0024137 0.0268934 0.0133775 0.0012761 0.0403794 0.0097721 0.0022686 0.0049283 0.0709721 0.0016035 0.0217889 0.0000000 0.2027147 0.0279775 0.0127257 0.0739757 0.0018219 0.1240239
 14 I  14 0.0014530 0.0017768 0.0000000 0.0000000 0.0100351 0.0000000 0.0000000 0.0000000 0.0000000 0.4041651 0.1223778 0.0000000 0.0081180 0.2364034 0.0000000 0.0000000 0.0012624 0.0000000 0.0063357 0.0887621 0.1193107
 15 N  15 0.0486209 0.0489146 0.0372476 0.0459127 0.0000000 0.0536232 0.0645578 0.0162424 0.0131129 0.0324221 0.1485518 0.0348105 0.0200706 0.0179287 0.0166123 0.1000670 0.0270256 0.0008143 0.0275129 0.0906931 0.1552590
 16 N  16 0.0332798 0.0278859 0.3142631 0.0192047 0.0015955 0.0291885 0.0214443 0.0519885 0.0137738 0.0000000 0.0000000 0.0483932 0.0000000 0.0000000 0.0293538 0.1257520 0.0798356 0.0000000 0.0013110 0.0000000 0.2027305
 17 Y  17 0.0098727 0.0061408 0.0094168 0.0393633 0.0006424 0.0180633 0.0096654 0.0309435 0.0225180 0.0043571 0.0303364 0.0142575 0.0068037 0.0994142 0.0071078 0.0610393 0.0656854 0.0203283 0.3159167 0.0265877 0.2015396
 18 T  18 0.0384798 0.0027358 0.0368865 0.0060723 0.0010141 0.0000000 0.0000000 0.0254994 0.0048217 0.0139499 0.0101488 0.0000000 0.0076578 0.0076790 0.2214444 0.1446834 0.2782798 0.0023346 0.0020482 0.0303422 0.1659223
 19 P  19 0.0282590 0.0500585 0.0337682 0.0315922 0.0013518 0.0477177 0.0403896 0.0227259 0.0092126 0.0039684 0.0087135 0.0292752 0.0051758 0.0096307 0.2624796 0.1720960 0.0609288 0.0133944 0.0045152 0.0122446 0.1525022
 20 D  20 0.0054053 0.0350943 0.0927698 0.2991211 0.0008362 0.0642275 0.0216101 0.0689735 0.0318755 0.0021344 0.0059459 0.0657157 0.0044402 0.0027740 0.0025080 0.0676111 0.0349708 0.0017653 0.0384003 0.0129755 0.1408455
 21 M  21 0.0213930 0.0020084 0.0142364 0.0000000 0.0000000 0.0142896 0.0077103 0.0103943 0.0055746 0.0898019 0.4076928 0.0052970 0.0991914 0.0218208 0.0059039 0.0257687 0.0166848 0.0038547 0.0445136 0.0704807 0.1333828
 22 N  22 0.0495736 0.0167457 0.0670913 0.1003420 0.0000000 0.0018325 0.0222220 0.1012170 0.0026387 0.0163667 0.0183622 0.0199297 0.0021949 0.0109313 0.1615193 0.2076735 0.0634176 0.0000000 0.0064909 0.0091468 0.1223043
 23 R  23 0.0529247 0.1390366 0.0640210 0.0233693 0.0000000 0.0539517 0.0783551 0.0185098 0.0219328 0.0258591 0.0258710 0.0789242 0.0134107 0.0043444 0.0923031 0.0745639 0.0564323 0.0075605 0.0173495 0.0391813 0.1120991
 24 E  24 0.1500189 0.0262629 0.0475597 0.1311977 0.0000000 0.0416829 0.1094341 0.0457555 0.0112921 0.0081389 0.0216972 0.0244736 0.0016601 0.0196821 0.0291098 0.1366659 0.0483163 0.0000000 0.0191760 0.0185779 0.1092984
 25 D  25 0.1001648 0.0263688 0.0236850 0.1619388 0.0000000 0.0727848 0.1917706 0.0047988 0.0114541 0.0185202 0.0265308 0.0226839 0.0045858 0.0074356 0.0058486 0.0416112 0.1030884 0.0000000 0.0224732 0.0619696 0.0922873
 26 V  26 0.0295554 0.0035256 0.0000000 0.0000000 0.0022660 0.1126452 0.0107621 0.0000000 0.0000000 0.1100600 0.0567405 0.0024618 0.0414045 0.0172783 0.0027672 0.0121072 0.0961237 0.0114592 0.0322034 0.3682333 0.0904067
 27 D  27 0.0195875 0.2859371 0.0137280 0.1759345 0.0000000 0.0584769 0.0756756 0.0083306 0.0138474 0.0241506 0.0197917 0.1164769 0.0086487 0.0137644 0.0000000 0.0169929 0.0183134 0.0033311 0.0114464 0.0320431 0.0835233
 28 Y  28 0.1020262 0.1280814 0.0808103 0.1210317 0.0000000 0.0743975 0.0901868 0.0236125 0.0056331 0.0059542 0.0085403 0.0649501 0.0030186 0.0094711 0.0079562 0.0967291 0.0592146 0.0010512 0.0221708 0.0045721 0.0905922
 29 A  29 0.3747148 0.0020184 0.0070036 0.0081500 0.0012272 0.0378849 0.0685234 0.0247597 0.0018698 0.0728999 0.0804150 0.0000000 0.0181985 0.0028294 0.0054165 0.0155746 0.0613168 0.0000000 0.0017029 0.1219709 0.0935237
 30 I  30 0.0569593 0.0000000 0.0000000 0.0000000 0.0094693 0.0016021 0.0020557 0.0026741 0.0000000 0.2716858 0.1137942 0.0000000 0.0672631 0.1847527 0.0000000 0.0035020 0.0350893 0.0155472 0.0186601 0.1407633 0.0761820
 31 R  31 0.1536269 0.2342810 0.0277192 0.0114097 0.0000000 0.1021948 0.1134213 0.0108407 0.0316408 0.0018381 0.0271436 0.0838403 0.0000000 0.0027323 0.0000000 0.0485343 0.0376273 0.0024731 0.0276089 0.0174702 0.0655975
 32 K  32 0.0588987 0.2116853 0.0433009 0.0516126 0.0000000 0.0849003 0.0628780 0.0045337 0.0109878 0.0138489 0.0646534 0.1793851 0.0087272 0.0046832 0.0000000 0.0676497 0.0352252 0.0011323 0.0266957 0.0011945 0.0680077
 33 A  33 0.8330997 0.0000000 0.0000000 0.0000000 0.0027358 0.0000000 0.0000000 0.0203702 0.0000000 0.0163491 0.0000000 0.0000000 0.0034946 0.0000000 0.0000000 0.0509204 0.0057301 0.0000000 0.0000000 0.0036057 0.0636943
 34 F  34 0.0171414 0.0000000 0.0000000 0.0000000 0.0000000 0.0014028 0.0000000 0.0000000 0.0000000 0.0564181 0.2308655 0.0000000 0.0329883 0.5431185 0.0000000 0.0050870 0.0112408 0.0061761 0.0050520 0.0268150 0.0636943
 35 Q  35 0.1406310 0.0789986 0.0553128 0.0791504 0.0023286 0.1750423 0.0642550 0.0508420 0.0080430 0.0000000 0.0049516 0.1487154 0.0101681 0.0000000 0.0000000 0.0691837 0.0429956 0.0013994 0.0040849 0.0010249 0.0628729
 36 V  36 0.0941956 0.0808159 0.0217936 0.0083445 0.0051424 0.0426194 0.0355605 0.0017455 0.0049218 0.0334389 0.1086940 0.0434140 0.0669826 0.0046789 0.0027358 0.0662195 0.0522920 0.0093074 0.0285865 0.2263494 0.0621618
 37 W  37 0.0000000 0.0021601 0.0000000 0.0000000 0.0000000 0.0000000 0.0000000 0.0000000 0.0000000 0.0068178 0.0127445 0.0000000 0.0000000 0.0070557 0.0000000 0.0000000 0.0000000 0.8909792 0.0155263 0.0000000 0.0647165
 38 S  38 0.1723884 0.0055132 0.0695725 0.0145612 0.0000000 0.0601508 0.1222602 0.0217375 0.0000000 0.0000000 0.0000000 0.0043396 0.0016542 0.0000000 0.0000000 0.4263948 0.0270718 0.0000000 0.0000000 0.0092913 0.0650644
 39 N  39 0.0946982 0.0499442 0.1098333 0.2360126 0.0000000 0.0685253 0.1280800 0.0142980 0.0060164 0.0078080 0.0021590 0.0833853 0.0074521 0.0000000 0.0023624 0.0871894 0.0222254 0.0000000 0.0016312 0.0159960 0.0623834
 40 V  40 0.1028086 0.0013555 0.0211303 0.0022358 0.0026762 0.0155816 0.0251074 0.0119061 0.0224651 0.0251305 0.0206072 0.0083771 0.0000000 0.0091468 0.0097196 0.0082972 0.0716045 0.0000000 0.0518936 0.5230601 0.0668966
 41 T  41 0.1648500 0.0000000 0.0027270 0.0049283 0.0021848 0.0022833 0.0000000 0.0633523 0.0032773 0.0750565 0.0194968 0.0113669 0.0041955 0.0018636 0.0025508 0.1926520 0.3588533 0.0000000 0.0000000 0.0324910 0.0578705
 42 P  42 0.0591577 0.0269571 0.1815991 0.0599095 0.0043391 0.0056658 0.0039417 0.0559736 0.0196012 0.0058701 0.0128875 0.0327241 0.0047417 0.0000000 0.3829433 0.0418047 0.0257247 0.0000000 0.0038362 0.0159166 0.0564063
 43 L  43 0.0047646 0.0023346 0.0000000 0.0000000 0.0000000 0.0000000 0.0000000 0.0000000 0.0000000 0.0953473 0.6013861 0.0000000 0.0049513 0.1064996 0.0077851 0.0049283 0.0000000 0.0037471 0.0050332 0.1089919 0.0542309
 44 K  44 0.0126323 0.0849067 0.1152616 0.0677866 0.0000000 0.0260611 0.0361764 0.0015647 0.0063390 0.0116205 0.0082497 0.0770670 0.0034377 0.0072823 0.0035187 0.0893485 0.3582564 0.0028180 0.0015172 0.0276446 0.0585109
 45 F  45 0.0080970 0.0000000 0.0000000 0.0000000 0.0015738 0.0000000 0.0000000 0.0024102 0.0048323 0.0297453 0.0489595 0.0000000 0.0044402 0.8364300 0.0030368 0.0015142 0.0000000 0.0032773 0.0031370 0.0000000 0.0525464
 46 S  46 0.0211931 0.1143257 0.0166640 0.0085420 0.0029169 0.0700991 0.0649296 0.0072769 0.0295900 0.0355624 0.0297878 0.0523072 0.0062878 0.0057625 0.0017622 0.0655651 0.2509726 0.0103931 0.0199022 0.1269806 0.0591793
 47 K  47 0.0055641 0.1681066 0.0045832 0.0070125 0.0000000 0.0845436 0.4905907 0.0096904 0.0163010 0.0183028 0.0155699 0.0618271 0.0046046 0.0089741 0.0197915 0.0031991 0.0063491 0.0073197 0.0115480 0.0020187 0.0541035
 48 I  48 0.0657685 0.0094114 0.0095490 0.0204610 0.0000000 0.0030584 0.0043682 0.0139100 0.0000000 0.1153960 0.0673169 0.0330460 0.0090339 0.0061448 0.0124537 0.0475239 0.1173955 0.0088253 0.0123695 0.3758799 0.0680881
 49 N  49 0.0815712 0.0299757 0.0968196 0.0770391 0.0014643 0.0497079 0.0343207 0.0195656 0.0413175 0.0063264 0.0219133 0.0480370 0.0076560 0.0180625 0.0992770 0.1076542 0.1080223 0.0038788 0.0684912 0.0124717 0.0664281
 50 T  50 0.0424967 0.0275107 0.0426841 0.2259029 0.0000000 0.0162550 0.0866033 0.0592805 0.0156606 0.0017515 0.0101307 0.0337700 0.0023957 0.0064415 0.0135641 0.2078993 0.0642285 0.0063545 0.0470464 0.0200207 0.0700034
 51 G  51 0.0362033 0.0255790 0.0694111 0.0701149 0.0000000 0.0680518 0.0792134 0.2829192 0.0185615 0.0078186 0.0177790 0.0435964 0.0000000 0.0026172 0.0425462 0.0924717 0.0509231 0.0066247 0.0192024 0.0107365 0.0556299
 52 M  52 0.0467742 0.0524231 0.0807071 0.1432486 0.0000000 0.0650452 0.1363621 0.0464858 0.0085950 0.0228653 0.0044262 0.0632036 0.0029601 0.0024904 0.0904866 0.0749760 0.0785621 0.0059507 0.0062482 0.0090502 0.0591393
 53 A  53 0.5740045 0.0040046 0.0399505 0.0184054 0.0056413 0.0041985 0.0076114 0.0393758 0.0055872 0.0047331 0.0017750 0.0088901 0.0000000 0.0023996 0.0519024 0.0805915 0.0205299 0.0000000 0.0043391 0.0606897 0.0653705
 54 D  54 0.0321094 0.0000000 0.1167283 0.6459902 0.0000000 0.0107637 0.0148660 0.0133754 0.0264835 0.0046091 0.0055832 0.0137711 0.0186190 0.0000000 0.0083675 0.0089368 0.0136196 0.0000000 0.0000000 0.0000000 0.0661774
 55 I  55 0.0137520 0.0000000 0.0167292 0.0108654 0.0072389 0.0132031 0.0034894 0.0139084 0.0045249 0.6889014 0.0606565 0.0000000 0.0155286 0.0058114 0.0059136 0.0143991 0.0053541 0.0000000 0.0045790 0.0427878 0.0723571
 56 L  56 0.0030547 0.1113055 0.0437095 0.0334929 0.0023066 0.0617885 0.0566772 0.0288772 0.0073598 0.0371876 0.0554262 0.1230351 0.1332159 0.0045998 0.0036948 0.0161991 0.1110257 0.0000000 0.0152507 0.0759571 0.0758361
 57 V  57 0.0048562 0.0081707 0.0000000 0.0055845 0.0022385 0.0000000 0.0000000 0.0139634 0.0000000 0.5773062 0.0918237 0.0047279 0.0085737 0.0528676 0.0034488 0.0000000 0.0032178 0.0000000 0.0052970 0.1383428 0.0795812
 58 V  58 0.0840713 0.0627178 0.0209775 0.0582215 0.0021682 0.0326896 0.0148688 0.1896021 0.0049143 0.0294197 0.0568247 0.0338143 0.0097631 0.0518263 0.0000000 0.1938452 0.0505760 0.0000000 0.0119509 0.0241659 0.0675828
 59 F  59 0.0181593 0.0135019 0.0345746 0.0134756 0.0031362 0.0024102 0.0026741 0.0376347 0.0026390 0.0197740 0.0068641 0.0057944 0.0061859 0.6151879 0.0049463 0.0291030 0.0169035 0.0488070 0.0147383 0.0284743 0.0750157
 60 A  60 0.1668619 0.0380018 0.0505948 0.0227748 0.0000000 0.0237605 0.0516336 0.1340242 0.0421451 0.0163850 0.0169965 0.0111811 0.0115598 0.0387959 0.0084308 0.0474277 0.0386677 0.0063284 0.1245025 0.0736265 0.0763015
 61 R  61 0.0543733 0.1918474 0.0915417 0.0410255 0.0000000 0.0464882 0.0464317 0.0236868 0.0318068 0.0157413 0.0109511 0.0541393 0.0022168 0.0084712 0.0158810 0.1579175 0.0718010 0.0049074 0.0127980 0.0423266 0.0756472
 62 G  62 0.0525762 0.1164938 0.0511903 0.0063870 0.0047574 0.0339613 0.0233661 0.3509492 0.0100786 0.0256456 0.0225393 0.0465323 0.0049067 0.0272960 0.0180981 0.0362400 0.0215055 0.0129044 0.0394082 0.0131596 0.0820044
 63 A  63 0.0526386 0.0237064 0.0678303 0.2623943 0.0000000 0.0251440 0.1060700 0.0518092 0.0171228 0.0071211 0.0319284 0.0112475 0.0148561 0.0569806 0.0102158 0.0632905 0.0427766 0.0126361 0.0349227 0.0269399 0.0803692
 64 H  64 0.0170932 0.0119057 0.0245313 0.0217537 0.0011819 0.0245092 0.0263842 0.0171283 0.5751378 0.0177920 0.0232337 0.0068764 0.0132117 0.0153545 0.0145524 0.0332808 0.0193390 0.0083066 0.0245218 0.0169703 0.0869357
 65 G  65 0.0199476 0.0427916 0.0803730 0.0289653 0.0016144 0.0237308 0.0195193 0.4078092 0.0009581 0.0110246 0.0238499 0.0192448 0.0079863 0.0265564 0.0362980 0.0578744 0.0423563 0.0121903 0.0307675 0.0093361 0.0968060
 66 D  66 0.0096768 0.0139978 0.0130225 0.5884328 0.0825035 0.0041345 0.0064911 0.0456669 0.0098696 0.0036948 0.0062604 0.0099338 0.0073047 0.0171139 0.0150676 0.0167382 0.0157245 0.0028705 0.0050855 0.0316670 0.0947435
 67 F  67 0.0466967 0.0337332 0.0623784 0.0192178 0.0401119 0.0127973 0.0339127 0.2858214 0.0073867 0.0093578 0.0181440 0.0177435 0.0085965 0.0585023 0.0665620 0.1212947 0.0142660 0.0078871 0.0216842 0.0382362 0.0756695
 68 H  68 0.0288965 0.0482976 0.0801697 0.0438589 0.0119611 0.0271116 0.0665598 0.0564164 0.0321014 0.0259268 0.0417335 0.0091869 0.0053426 0.0482354 0.0272941 0.1030018 0.0255174 0.0311216 0.1953403 0.0200378 0.0718887
 69 A  69 0.0809401 0.0115040 0.0307997 0.0446387 0.0318058 0.0107400 0.0136567 0.0298230 0.0105616 0.0151307 0.0156773 0.0192124 0.0047505 0.0277855 0.4232700 0.0434413 0.0259213 0.0076437 0.0234754 0.0548345 0.0743877
 70 F  70 0.0293805 0.0191516 0.0205983 0.0180516 0.0059483 0.0103533 0.0116204 0.0105297 0.0017455 0.0118601 0.0258852 0.0122762 0.0105125 0.6050491 0.0168301 0.0305422 0.0229779 0.0000000 0.0361467 0.0345605 0.0659802
 71 D  71 0.0412384 0.0090924 0.0207115 0.6115651 0.0000000 0.0188109 0.0202167 0.0301680 0.0013017 0.0073497 0.0260613 0.0080001 0.0015828 0.0216706 0.0098040 0.0285365 0.0426673 0.0069910 0.0161659 0.0109268 0.0671392
 72 G  72 0.0270267 0.0093855 0.0106702 0.0239674 0.0031648 0.0142264 0.0122344 0.6426078 0.0000000 0.0144165 0.0163233 0.0032420 0.0061876 0.0235883 0.0101697 0.0245010 0.0354731 0.0028768 0.0084943 0.0423000 0.0691443
 73 K  73 0.0262085 0.0483466 0.0291399 0.0146564 0.0000000 0.0534006 0.0684473 0.0242430 0.0032092 0.0086701 0.0464649 0.0860816 0.0032335 0.0205067 0.3111640 0.0587752 0.0462436 0.0048080 0.0150164 0.0706301 0.0607545
 74 G  74 0.0451324 0.0094552 0.0578139 0.0756607 0.0000000 0.0080160 0.0203239 0.4810176 0.0093437 0.0016017 0.0630909 0.0119813 0.0095295 0.0042617 0.0273185 0.0453070 0.0375996 0.0033523 0.0216027 0.0072940 0.0602974
 75 G  75 0.0179520 0.0317411 0.0938675 0.0209811 0.0000000 0.0615781 0.0150415 0.5087539 0.0074442 0.0164474 0.0063280 0.0350942 0.0039081 0.0076802 0.0092414 0.0291556 0.0279023 0.0075013 0.0216361 0.0116261 0.0661199
 76 I  76 0.0431867 0.0075530 0.0127924 0.0113700 0.0000000 0.0133923 0.0622579 0.0237272 0.0111395 0.1069399 0.0629194 0.0202004 0.0026447 0.0527054 0.0104425 0.0410016 0.2322341 0.0056828 0.0385682 0.1952455 0.0459967
 77 L  77 0.0595277 0.0094861 0.0023996 0.0049378 0.0075758 0.0213245 0.0050980 0.0244528 0.0014643 0.0233336 0.5848163 0.0028060 0.0067852 0.0355797 0.0022063 0.0092703 0.0322763 0.0070294 0.0467081 0.0591725 0.0537499
 78 A  78 0.7062038 0.0101801 0.0119889 0.0094572 0.0000000 0.0060644 0.0114547 0.0743661 0.0000000 0.0164013 0.0130059 0.0084311 0.0032951 0.0113809 0.0176040 0.0119911 0.0218019 0.0000000 0.0063998 0.0012470 0.0587267
 79 H  79 0.0021011 0.0183378 0.0092200 0.0000000 0.0000000 0.0146970 0.0057490 0.0158205 0.6291745 0.0230380 0.0074604 0.0102694 0.0019823 0.0357897 0.0407148 0.0294340 0.0230558 0.0094686 0.0471242 0.0192728 0.0572903
 80 A  80 0.6702843 0.0168430 0.0190397 0.0000000 0.0172109 0.0061332 0.0052414 0.0281908 0.0016989 0.0045346 0.0057407 0.0100593 0.0000000 0.0080669 0.0073294 0.0459831 0.0741971 0.0043391 0.0148249 0.0016342 0.0586486
 81 F  81 0.0068369 0.0040500 0.0196076 0.0236977 0.0017368 0.0133131 0.0040135 0.0102360 0.0055182 0.0294207 0.0184062 0.0095976 0.0038476 0.4507413 0.0035167 0.0317580 0.0556870 0.0216101 0.2072081 0.0180544 0.0611427
 82 G  82 0.0753286 0.0225784 0.0155565 0.0113714 0.0046219 0.0377625 0.0088584 0.0318278 0.0045799 0.0320471 0.0900129 0.0109994 0.0119085 0.2476544 0.1061632 0.0815890 0.0214673 0.0000000 0.1135164 0.0129130 0.0592435
 83 P  83 0.0122375 0.0071804 0.0134356 0.0242561 0.0000000 0.0111241 0.0194260 0.0235040 0.0086670 0.0000000 0.0206082 0.0045020 0.0024091 0.0000000 0.6998047 0.0312463 0.0205035 0.0039038 0.0056180 0.0081115 0.0834625
 84 G  84 0.0173419 0.0357709 0.0623120 0.0453579 0.0026954 0.0313529 0.0401550 0.2845895 0.0118137 0.0123012 0.0218538 0.0286988 0.0170743 0.0139857 0.0752847 0.0467939 0.0573099 0.0163701 0.0277278 0.0227419 0.1284685
 85 S  85 0.0349258 0.0735512 0.1141676 0.0746201 0.0030209 0.0295067 0.0437843 0.0310375 0.0266791 0.0173822 0.0214092 0.0288605 0.0025335 0.0150783 0.1174476 0.1216384 0.0669927 0.0007364 0.0405581 0.0086965 0.1273735
 86 G  86 0.0244019 0.0118342 0.0261085 0.0453753 0.0000000 0.0027985 0.0139033 0.4365274 0.0572525 0.0234236 0.0277709 0.0059804 0.0132492 0.0148604 0.0315638 0.0599542 0.0153152 0.0089882 0.0155993 0.0324926 0.1326003
 87 I  87 0.0574080 0.0978297 0.0148632 0.0383169 0.0000000 0.0167855 0.0629892 0.0273270 0.0274993 0.1822907 0.0838996 0.0263665 0.0224721 0.0168385 0.0218291 0.0305732 0.0714837 0.0152392 0.0190857 0.0538278 0.1130753
 88 G  88 0.0767478 0.0310367 0.0316975 0.0827609 0.0101493 0.0377836 0.0406480 0.2604555 0.0360415 0.0235468 0.0461216 0.0220993 0.0040812 0.0511426 0.0206371 0.0718845 0.0380081 0.0087692 0.0133556 0.0111089 0.0819243
 89 G  89 0.0530616 0.0028332 0.0219139 0.0128451 0.0031362 0.0076219 0.0043625 0.5399359 0.0723472 0.0258872 0.0332647 0.0204434 0.0000000 0.0081069 0.0066459 0.0448041 0.0207597 0.0031890 0.0177439 0.0376178 0.0634797
 90 D  90 0.0137226 0.0455355 0.0385831 0.4407827 0.0000000 0.0207936 0.0583011 0.0232316 0.0549125 0.0139674 0.0278121 0.0142279 0.0139298 0.0219730 0.0163783 0.0314334 0.0252213 0.0132207 0.0159102 0.0333957 0.0766677
 91 A  91 0.1447223 0.0070844 0.0373950 0.0446577 0.0033139 0.0095108 0.0000000 0.0072821 0.0000000 0.1772374 0.0550057 0.0036216 0.0083451 0.0383798 0.0047428 0.0296496 0.1119918 0.0363006 0.0329961 0.1737286 0.0740346
 92 H  92 0.0267968 0.0153893 0.0334243 0.0650290 0.0222145 0.0053854 0.0160935 0.0058211 0.4412679 0.0161085 0.0337791 0.0202155 0.0064323 0.0539075 0.0055572 0.0181679 0.0236781 0.0499505 0.0424061 0.0637853 0.0345903
 93 F  93 0.0540655 0.0199337 0.0330389 0.0748232 0.0017368 0.0043272 0.0218834 0.0481173 0.0141291 0.0459324 0.0996819 0.0095743 0.0074552 0.4297427 0.0000000 0.0248142 0.0197735 0.0000000 0.0227611 0.0328886 0.0353211
 94 D  94 0.0112645 0.0147737 0.1294315 0.5440824 0.0000000 0.0061721 0.0402411 0.0506371 0.0225534 0.0108477 0.0126371 0.0121090 0.0000000 0.0160463 0.0043199 0.0275848 0.0132443 0.0070655 0.0217643 0.0084799 0.0467453
 95 E  95 0.0936628 0.0090661 0.0517322 0.2235342 0.0023639 0.0160281 0.1861824 0.0336676 0.0049739 0.0146385 0.0181949 0.0242542 0.0087522 0.0078226 0.0288656 0.0845516 0.0577482 0.0269042 0.0438732 0.0275942 0.0355895
 96 D  96 0.0661893 0.0346887 0.0406591 0.3679463 0.0000000 0.0342305 0.1074022 0.0051501 0.0176891 0.0168813 0.0176611 0.0291587 0.0131455 0.0103837 0.0085703 0.0650449 0.0532353 0.0291952 0.0328570 0.0181284 0.0317834
 97 E  97 0.0379541 0.0211069 0.0200345 0.0127837 0.0040795 0.0266733 0.3847767 0.0282913 0.0165402 0.0082490 0.0195153 0.0421663 0.0202714 0.0395095 0.0090026 0.0437069 0.0820656 0.0602708 0.0524484 0.0361790 0.0343751
 98 F  98 0.0240221 0.0378246 0.1290745 0.0395831 0.0030702 0.0225580 0.0099293 0.0355212 0.0399142 0.0168107 0.0561762 0.0249738 0.0051813 0.1030456 0.0515591 0.0932936 0.1123472 0.0557771 0.0680705 0.0399059 0.0313617
 99 W  99 0.0322100 0.0113366 0.0617173 0.0290152 0.0043391 0.0172229 0.0441949 0.0633356 0.0130409 0.0195264 0.0279025 0.0123199 0.0067654 0.0569684 0.0141436 0.0514432 0.0776355 0.3809487 0.0206572 0.0164302 0.0388464
100 T 100 0.0332259 0.0143301 0.0748223 0.0682318 0.0038018 0.0147505 0.0267288 0.0447757 0.0078789 0.0276447 0.0442824 0.0422547 0.0049253 0.0751807 0.0235852 0.0804257 0.2444020 0.0393023 0.0359936 0.0379786 0.0554791
101 T 101 0.0566255 0.0277975 0.0821872 0.0595151 0.0326803 0.0418510 0.0546521 0.0728837 0.0187995 0.0475713 0.0391922 0.0743318 0.0176371 0.0554117 0.0407571 0.0654987 0.0571462 0.0170480 0.0435604 0.0340316 0.0608220
102 H 102 0.0361840 0.0476632 0.0988492 0.1041964 0.0000000 0.0388343 0.0349388 0.1108463 0.0169914 0.0159499 0.0171832 0.0299275 0.0074905 0.0089258 0.1271374 0.1246734 0.0739501 0.0068726 0.0221938 0.0236474 0.0535450
103 S 103 0.0607117 0.0388463 0.0508811 0.0982801 0.0000000 0.0252658 0.0614527 0.0663881 0.0189812 0.0124287 0.0256225 0.0435965 0.0090116 0.0271853 0.0607844 0.1422051 0.0553347 0.0167911 0.1003725 0.0343339 0.0515266
104 G 104 0.0544568 0.0796276 0.0659379 0.1028260 0.0000000 0.0515377 0.0785121 0.0775574 0.0337608 0.0196605 0.0210550 0.0549729 0.0105600 0.0014948 0.0376229 0.1086063 0.0790174 0.0357329 0.0140874 0.0191224 0.0538513
105 G 105 0.0733645 0.0141789 0.0559099 0.0281691 0.0000000 0.0285675 0.0225597 0.5147573 0.0127598 0.0031222 0.0247505 0.0343707 0.0076387 0.0015384 0.0220204 0.0297137 0.0246202 0.0000000 0.0171181 0.0184791 0.0663614
106 T 106 0.0527585 0.0269127 0.0933994 0.0224588 0.0009764 0.0122881 0.0371214 0.0175779 0.0137789 0.0964853 0.0251280 0.0216883 0.0393795 0.0691739 0.0091482 0.0379206 0.1705802 0.0161143 0.0861151 0.0878381 0.0631562
107 N 107 0.0141450 0.0328228 0.2538991 0.2844746 0.0084017 0.0171829 0.0154151 0.0064092 0.0213299 0.0082146 0.0105056 0.0057872 0.0094469 0.0150351 0.0102107 0.1049385 0.0208838 0.0079420 0.0855061 0.0072578 0.0601913
108 L 108 0.0075026 0.0042101 0.0000000 0.0093263 0.0225124 0.0032773 0.0000000 0.0717483 0.0000000 0.0490159 0.6062671 0.0095014 0.0151527 0.0906450 0.0010148 0.0176736 0.0076316 0.0000000 0.0135296 0.0174023 0.0535891
109 F 109 0.0025186 0.0890614 0.0047352 0.0098903 0.0000000 0.0379544 0.1003773 0.0089681 0.0282539 0.0198329 0.1832162 0.0088604 0.0060980 0.2885837 0.0110086 0.0064498 0.0064325 0.0033179 0.0950194 0.0481475 0.0412738
110 L 110 0.0629874 0.0073676 0.0724506 0.0120751 0.0039493 0.1096114 0.0162433 0.0268872 0.0365824 0.0388651 0.1716057 0.0309342 0.0234680 0.0392849 0.0085808 0.1339782 0.0828092 0.0404515 0.0255039 0.0169588 0.0394057
111 T 111 0.0358234 0.0073809 0.0093193 0.0000000 0.0000000 0.0000000 0.0000000 0.0000000 0.0000000 0.0798471 0.0130272 0.0022622 0.0015776 0.0015868 0.0181733 0.0081799 0.1759659 0.0000000 0.0000000 0.6101270 0.0367295
112 A 112 0.6522082 0.0000000 0.0000000 0.0000000 0.0000000 0.0000000 0.0000000 0.0114146 0.0000000 0.0206214 0.1203487 0.0000000 0.0100908 0.0574630 0.0000000 0.0065771 0.0179069 0.0000000 0.0051636 0.0598862 0.0383196
113 V 113 0.2793483 0.0103933 0.0000000 0.0000000 0.0000000 0.0030682 0.0386122 0.0015385 0.0000000 0.0729953 0.1232697 0.0125843 0.0493465 0.0000000 0.0000000 0.0010942 0.1640800 0.0000000 0.0000000 0.2040792 0.0395904
114 H 114 0.0000000 0.0000000 0.0000000 0.0000000 0.0000000 0.0062527 0.0000000 0.0000000 0.9147381 0.0000000 0.0000000 0.0000000 0.0000000 0.0181733 0.0035020 0.0051424 0.0093193 0.0000000 0.0022686 0.0000000 0.0406036
115 E 115 0.0026871 0.0000000 0.0000000 0.0034286 0.0051424 0.0294901 0.9030026 0.0000000 0.0025508 0.0000000 0.0000000 0.0000000 0.0015830 0.0000000 0.0000000 0.0000000 0.0093193 0.0000000 0.0000000 0.0015442 0.0412520
116 I 116 0.0059113 0.0000000 0.0000000 0.0000000 0.0000000 0.0000000 0.0043391 0.0022183 0.0000000 0.4047495 0.2109955 0.0000000 0.0166838 0.2321236 0.0000000 0.0021989 0.0060815 0.0000000 0.0000000 0.0552732 0.0594253
117 G 117 0.0000000 0.0093193 0.0000000 0.0000000 0.0035020 0.0000000 0.0000000 0.9171393 0.0000000 0.0000000 0.0036948 0.0051424 0.0000000 0.0000000 0.0000000 0.0000000 0.0000000 0.0000000 0.0024091 0.0000000 0.0587931
118 H 118 0.0046873 0.0000000 0.0000000 0.0000000 0.0000000 0.0000000 0.0000000 0.0000000 0.9220579 0.0000000 0.0000000 0.0000000 0.0000000 0.0000000 0.0093193 0.0000000 0.0000000 0.0000000 0.0051424 0.0000000 0.0587931
119 S 119 0.4052583 0.0000000 0.0061237 0.0000000 0.0034123 0.0000000 0.0093193 0.0000000 0.0000000 0.0360414 0.0939802 0.0000000 0.0022534 0.0068202 0.0000000 0.2242665 0.0782904 0.0031362 0.0041761 0.0681288 0.0587931
120 L 120 0.0000000 0.0093193 0.0000000 0.0000000 0.0000000 0.0000000 0.0000000 0.0000000 0.0000000 0.0883551 0.8038974 0.0000000 0.0191096 0.0068762 0.0028743 0.0000000 0.0000000 0.0000000 0.0000000 0.0062390 0.0633291
121 G 121 0.0000000 0.0000000 0.0000000 0.0000000 0.0000000 0.0000000 0.0028743 0.9345443 0.0000000 0.0000000 0.0000000 0.0000000 0.0000000 0.0000000 0.0000000 0.0080645 0.0000000 0.0093193 0.0000000 0.0000000 0.0451976
122 L 122 0.0000000 0.0069457 0.0000000 0.0000000 0.0000000 0.0037431 0.0000000 0.0000000 0.0000000 0.0214734 0.8657102 0.0012559 0.0147575 0.0239640 0.0000000 0.0102425 0.0030365 0.0000000 0.0000000 0.0036737 0.0451976
123 G 123 0.0893963 0.0263314 0.0152974 0.1389931 0.0000000 0.0332300 0.1116905 0.2078642 0.0120639 0.0000000 0.0117315 0.0565187 0.0161550 0.0167446 0.0258242 0.1428580 0.0194254 0.0048812 0.0175205 0.0070069 0.0464670
124 H 124 0.0000000 0.0000000 0.0000000 0.0121811 0.0000000 0.0093193 0.0044402 0.0034488 0.9052287 0.0000000 0.0000000 0.0000000 0.0000000 0.0000000 0.0000000 0.0000000 0.0000000 0.0000000 0.0142277 0.0046873 0.0464670
125 S 125 0.0100367 0.0019122 0.0331500 0.0084691 0.0000000 0.0093193 0.0054292 0.0031230 0.0020438 0.0201399 0.0013230 0.0000000 0.0017653 0.0013017 0.0884640 0.6673064 0.0741532 0.0000000 0.0048668 0.0165394 0.0506568
126 S 126 0.0473668 0.0429581 0.1280368 0.0807228 0.0024268 0.0410145 0.0217858 0.0770944 0.0438961 0.0028768 0.0190380 0.0218158 0.0076582 0.0168824 0.0383407 0.2609713 0.0595424 0.0056187 0.0205065 0.0130404 0.0484070
127 D 127 0.0771556 0.0396983 0.0765316 0.3031322 0.0158294 0.0198587 0.0436565 0.0058186 0.0076449 0.0254958 0.0087602 0.0249245 0.0011917 0.0082501 0.0045682 0.0638750 0.0152241 0.0020438 0.0190324 0.1846564 0.0526520
128 P 128 0.0267832 0.1026108 0.0188058 0.0190617 0.0000000 0.0653907 0.0988453 0.0150397 0.0181961 0.0195098 0.0094981 0.0937343 0.0026998 0.0045717 0.2403537 0.0642734 0.0627089 0.0011443 0.0607994 0.0277601 0.0482132
129 K 129 0.0474101 0.0321713 0.1450823 0.1604550 0.0000000 0.0234772 0.1252633 0.1772222 0.0084950 0.0038112 0.0082557 0.0456731 0.0017939 0.0045164 0.0083648 0.0932168 0.0384467 0.0000000 0.0031230 0.0115365 0.0616855
130 A 130 0.4525428 0.0010314 0.0023906 0.0311700 0.0000000 0.0028792 0.0021989 0.0000000 0.0000000 0.0000000 0.0039038 0.0049283 0.0000000 0.0000000 0.0000000 0.4069379 0.0310848 0.0000000 0.0023039 0.0000000 0.0586283
131 V 131 0.0109380 0.0000000 0.0047707 0.0000000 0.0000000 0.0000000 0.0000000 0.0122093 0.0000000 0.2970024 0.2713603 0.0000000 0.0073138 0.0037733 0.0028060 0.0073802 0.0293693 0.0093193 0.0039764 0.2800751 0.0597059
132 M 132 0.0040476 0.0117752 0.0051812 0.0020246 0.0000000 0.0054452 0.0067397 0.0023996 0.0000000 0.0000000 0.0042066 0.0000000 0.8782997 0.0028060 0.0000000 0.0017480 0.0109587 0.0000000 0.0000000 0.0019418 0.0624263
133 F 133 0.1122536 0.0270707 0.0371230 0.0000000 0.0013849 0.0461432 0.0068344 0.0090017 0.0514575 0.0015109 0.0038444 0.0034585 0.0000000 0.1192241 0.0024316 0.0745822 0.0236590 0.0147401 0.3896990 0.0032339 0.0723472
134 P 134 0.0644155 0.0051562 0.0000000 0.0000000 0.0000000 0.0023139 0.0034488 0.0149664 0.0037679 0.0012718 0.0060532 0.0020482 0.0000000 0.0079985 0.6685430 0.0288430 0.0419021 0.0026013 0.0601278 0.0000000 0.0865424
135 T 135 0.0316912 0.0146792 0.0711441 0.0015448 0.0031554 0.0093186 0.0080910 0.0048479 0.0155509 0.0644740 0.0280664 0.0116290 0.0337022 0.1164570 0.0000000 0.0738661 0.1076406 0.0648937 0.1516287 0.0631041 0.1245151
136 Y 136 0.0209019 0.0017815 0.0092835 0.0149615 0.0130283 0.0000000 0.0086037 0.0345084 0.0064657 0.0763852 0.0204799 0.0025791 0.0374683 0.0295451 0.0000000 0.0281358 0.0062692 0.0016035 0.5394056 0.0247173 0.1238766
137 K 137 0.0574743 0.0882881 0.0475337 0.0222192 0.0012443 0.1126368 0.0472083 0.0183134 0.0147891 0.0168612 0.0306289 0.0911015 0.0037765 0.0099022 0.0096561 0.1703153 0.0917172 0.0016646 0.0000000 0.0197545 0.1449148
138 Y 138 0.0172590 0.0142580 0.0347507 0.0260978 0.0000000 0.0274442 0.0166643 0.2176837 0.0034302 0.0040876 0.0179336 0.0242919 0.0035213 0.0641113 0.1083525 0.0380979 0.0173218 0.0215061 0.1817945 0.0085031 0.1528907
139 V 139 0.0301374 0.0635056 0.0581306 0.0186271 0.0025086 0.0506180 0.0214097 0.0769814 0.0160578 0.0209504 0.0539445 0.0090738 0.0361977 0.0244964 0.0064662 0.0715046 0.0777766 0.0020084 0.1199375 0.0593790 0.1802886
140 D 140 0.0085653 0.0723689 0.0718796 0.2137850 0.0000000 0.0469845 0.0854864 0.0582731 0.0211131 0.0103524 0.0123507 0.0407182 0.0080874 0.0142076 0.0112076 0.0404923 0.0666492 0.0000000 0.0191173 0.0205347 0.1778268
141 I 141 0.0200368 0.0256309 0.0268954 0.0205709 0.0000000 0.0394253 0.0331187 0.0808294 0.0059919 0.0542386 0.0199190 0.0182344 0.0036283 0.0076303 0.2059999 0.0554476 0.1672063 0.0117216 0.0057635 0.0142404 0.1834707
142 N 142 0.0592888 0.0805211 0.0573987 0.0452022 0.0000000 0.0382528 0.0579367 0.1206990 0.0291945 0.0130872 0.0219947 0.1015762 0.0000000 0.0011694 0.0207574 0.0911734 0.0133761 0.0018036 0.0471247 0.0082308 0.1912125
143 T 143 0.0269594 0.0302727 0.1332515 0.0911563 0.0011399 0.0207066 0.0258890 0.0429765 0.0215737 0.0097738 0.0210694 0.1677767 0.0106081 0.0102807 0.0767783 0.0351473 0.0719025 0.0000000 0.0014099 0.0240693 0.1772583
144 F 144 0.0172076 0.0742750 0.0086983 0.0128070 0.0000000 0.0102995 0.0014575 0.0042633 0.0000000 0.0280179 0.0729016 0.0092148 0.0068947 0.2962151 0.0320793 0.0107950 0.0282886 0.0097368 0.1174568 0.0895918 0.1697995
145 R 145 0.0097630 0.0891370 0.0130768 0.0470045 0.0026739 0.1122655 0.0903337 0.0205440 0.0236685 0.0079799 0.0218449 0.1263870 0.0048636 0.0065073 0.0139871 0.0944910 0.0951026 0.0000000 0.0000000 0.0438773 0.1764922
146 L 146 0.0000000 0.0016921 0.0000000 0.0000000 0.0000000 0.0000000 0.0000000 0.0149436 0.0000000 0.0825581 0.7000813 0.0017519 0.0047314 0.0178413 0.0485660 0.0000000 0.0000000 0.0000000 0.0000000 0.0110237 0.1168106
147 S 147 0.0313624 0.0062502 0.0321027 0.0635435 0.0000000 0.0664832 0.0128534 0.0396936 0.1368985 0.0054435 0.0083721 0.0132204 0.0525085 0.0000000 0.1325210 0.1914123 0.0999877 0.0000000 0.0016518 0.0027379 0.1029572
148 A 148 0.0580859 0.0317189 0.0301273 0.0686981 0.0000000 0.1669174 0.0833737 0.0115216 0.0088640 0.0289836 0.0481528 0.0446659 0.0165413 0.0022479 0.0940174 0.0740925 0.0348531 0.0290335 0.0431056 0.0215277 0.1034719
149 D 149 0.0240405 0.0030447 0.0224635 0.6049257 0.0060159 0.0076483 0.0447666 0.0172339 0.0050100 0.0110841 0.0090625 0.0092037 0.0137757 0.0050822 0.0048407 0.0551186 0.0136935 0.0000000 0.0358332 0.0090764 0.0980802
150 D 150 0.0000000 0.0000000 0.0000000 0.9038093 0.0000000 0.0000000 0.0131395 0.0000000 0.0000000 0.0000000 0.0000000 0.0000000 0.0000000 0.0000000 0.0000000 0.0000000 0.0000000 0.0000000 0.0000000 0.0000000 0.0830512
151 I 151 0.0080156 0.0838400 0.0150187 0.0032790 0.0011996 0.0035525 0.0060949 0.0000000 0.0007995 0.4413148 0.0581902 0.0614015 0.0150289 0.0038507 0.0000000 0.0021344 0.0131998 0.0000000 0.0000000 0.1993829 0.0836970
152 R 152 0.1663263 0.0868455 0.0960779 0.0698870 0.0123648 0.0966198 0.0720778 0.0011259 0.0157001 0.0079913 0.0704322 0.0721745 0.0137505 0.0000000 0.0000000 0.0473097 0.0197810 0.0245294 0.0167744 0.0265349 0.0836970
153 G 153 0.2824567 0.0476803 0.0378234 0.0022994 0.0000000 0.0048454 0.0053046 0.5060667 0.0057947 0.0000000 0.0032490 0.0027550 0.0000000 0.0000000 0.0000000 0.0049292 0.0049554 0.0020272 0.0000000 0.0061160 0.0836970
154 I 154 0.0365145 0.0000000 0.0000000 0.0000000 0.0000000 0.0000000 0.0000000 0.0000000 0.0000000 0.6097270 0.0873715 0.0000000 0.0332913 0.0025443 0.0000000 0.0000000 0.0000000 0.0000000 0.0019057 0.1433507 0.0852951
155 Q 155 0.0076999 0.1016541 0.0070816 0.0057510 0.0130934 0.6182357 0.0187294 0.0000000 0.0303687 0.0075891 0.0064491 0.0499167 0.0000000 0.0000000 0.0000000 0.0054127 0.0125867 0.0141996 0.0052038 0.0047838 0.0912447
156 S 156 0.2030301 0.0622943 0.0181230 0.0125686 0.0000000 0.1172970 0.0474952 0.0096634 0.0380803 0.0025182 0.0132128 0.0970653 0.0105518 0.0195959 0.0000000 0.1120251 0.0187686 0.0106865 0.0954808 0.0085873 0.1029555
157 L 157 0.0057464 0.0028768 0.0070980 0.0000000 0.0000000 0.0028896 0.0000000 0.0000000 0.0041304 0.1433158 0.6678950 0.0087492 0.0260559 0.0000000 0.0000000 0.0000000 0.0000000 0.0000000 0.0111754 0.0140063 0.1060613
158 Y 158 0.0000000 0.0000000 0.0000000 0.0000000 0.0000000 0.0000000 0.0000000 0.0000000 0.0041761 0.0000000 0.0000000 0.0000000 0.0000000 0.0000000 0.0000000 0.0000000 0.0000000 0.0000000 0.8843055 0.0000000 0.1115184
159 G 159 0.0000000 0.0000000 0.0000000 0.0000000 0.0000000 0.0000000 0.0000000 0.6999894 0.0000000 0.0000000 0.0000000 0.0000000 0.0000000 0.0000000 0.0000000 0.0000000 0.0000000 0.0000000 0.0000000 0.0000000 0.3000106
