  159         A         R         N         D         C         Q         E         G         H         I         L         K         M         F         P         S         T         W         Y         V    
  1 M   1 0.0000000 0.0000000 0.0000000 0.0000000 0.0000000 0.8188733 0.0000000 0.0000000 0.0000000 0.0000000 0.1407655 0.0000000 0.0403612 0.0000000 0.0000000 0.0000000 0.0000000 0.0000000 0.0000000 0.0000000
  2 G   2 0.0030419 0.0119273 0.1511729 0.0000000 0.0000000 0.0000000 0.0056014 0.6822092 0.0000000 0.0000000 0.0000000 0.0062773 0.0000000 0.0000000 0.0000000 0.1307480 0.0054899 0.0000000 0.0000000 0.0035322
  3 P   3 0.0429914 0.0194725 0.0731575 0.0076024 0.0000000 0.0860402 0.0044493 0.0358750 0.0307359 0.0181747 0.0377167 0.0055774 0.0000000 0.0000000 0.4107678 0.1602667 0.0336519 0.0000000 0.0203705 0.0131501
  4 V   4 0.0134845 0.3313865 0.0000000 0.0044032 0.0027012 0.0228925 0.0000000 0.0164634 0.0110297 0.0075041 0.0000000 0.4892257 0.0091066 0.0078528 0.0025721 0.0174291 0.0136289 0.0032740 0.0149877 0.0320580
  5 W   5 0.0000000 0.0000000 0.0000000 0.0000000 0.0000000 0.0000000 0.0000000 0.0000000 0.0000000 0.0037803 0.0043759 0.0000000 0.0000000 0.0038401 0.0000000 0.0000000 0.0033251 0.9846786 0.0000000 0.0000000
  6 R   6 0.0284723 0.0981248 0.0978953 0.1075318 0.0000000 0.0409853 0.0653425 0.0717309 0.0283073 0.0029914 0.0091848 0.0908142 0.0048842 0.0023033 0.1248973 0.1084740 0.0895244 0.0000000 0.0199011 0.0086350
  7 K   7 0.0026112 0.0744559 0.0493327 0.0549377 0.0000000 0.0317496 0.0341202 0.0134539 0.1085563 0.0022758 0.0000000 0.4521279 0.0024904 0.0017936 0.0060323 0.0680446 0.0702336 0.0000000 0.0046575 0.0231269
  8 H   8 0.0130858 0.1708787 0.1377326 0.0327867 0.0000000 0.0219319 0.0064735 0.0072842 0.0461497 0.0142116 0.0292203 0.1634670 0.0081972 0.0292195 0.0178679 0.0895652 0.1892483 0.0016633 0.0144028 0.0066138
  9 Y   9 0.0175094 0.0200153 0.2404028 0.1214218 0.0029897 0.0248607 0.0454279 0.0000000 0.1210294 0.0254293 0.0234123 0.0473505 0.0058271 0.0058110 0.0378072 0.0495625 0.1477741 0.0000000 0.0111760 0.0521928
 10 I  10 0.0312963 0.0000000 0.0000000 0.0000000 0.0000000 0.0000000 0.0000000 0.0000000 0.0000000 0.2392981 0.6191861 0.0000000 0.0094647 0.0000000 0.0000000 0.0000000 0.0049821 0.0000000 0.0000000 0.0957727
 11 T  11 0.0067271 0.0169592 0.0245069 0.0037055 0.0000000 0.0035033 0.0000000 0.0000000 0.0036095 0.0017206 0.0057865 0.0633193 0.0000000 0.0072816 0.0000000 0.0742203 0.7792472 0.0000000 0.0018075 0.0076055
 12 Y  12 0.0000000 0.0000000 0.0000000 0.0000000 0.0000000 0.0000000 0.0000000 0.0033879 0.0020784 0.0108476 0.0039121 0.0000000 0.0000000 0.0511441 0.0000000 0.0000000 0.0000000 0.1833717 0.6983283 0.0469300
 13 R  13 0.0897304 0.2954006 0.0202892 0.0027702 0.0310304 0.0154777 0.0015027 0.0464895 0.0111992 0.0025540 0.0059603 0.0821013 0.0018651 0.0260798 0.0000000 0.2370697 0.0325181 0.0108369 0.0850244 0.0021006
 14 I  14 0.0017260 0.0015320 0.0000000 0.0000000 0.0113402 0.0000000 0.0000000 0.0000000 0.0000000 0.4534750 0.1398224 0.0000000 0.0091486 0.2736691 0.0000000 0.0000000 0.0011680 0.0000000 0.0073476 0.1007711
 15 N  15 0.0579158 0.0602676 0.0452528 0.0558250 0.0000000 0.0603670 0.0767024 0.0201335 0.0149803 0.0349338 0.1690960 0.0408894 0.0240338 0.0213689 0.0202141 0.1223404 0.0332504 0.0009885 0.0334223 0.1080180
 16 N  16 0.0429914 0.0351553 0.3894044 0.0246083 0.0032898 0.0373936 0.0275468 0.0575979 0.0186492 0.0000000 0.0000000 0.0619460 0.0000000 0.0000000 0.0378779 0.1599170 0.1019224 0.0000000 0.0017001 0.0000000
 17 Y  17 0.0120570 0.0079388 0.0119473 0.0517396 0.0008318 0.0230220 0.0123202 0.0400555 0.0275664 0.0054934 0.0395776 0.0183274 0.0087651 0.1289218 0.0091548 0.0773584 0.0845088 0.0235641 0.3842008 0.0326493
 18 T  18 0.0472003 0.0033974 0.0452970 0.0073955 0.0012451 0.0000000 0.0000000 0.0311022 0.0059541 0.0172435 0.0123256 0.0000000 0.0090720 0.0093702 0.2671386 0.1639500 0.3360204 0.0028980 0.0025369 0.0378531
 19 P  19 0.0340547 0.0597697 0.0407792 0.0380479 0.0016002 0.0560631 0.0429999 0.0267159 0.0107056 0.0050492 0.0100338 0.0351653 0.0062433 0.0115956 0.3059936 0.2067454 0.0730418 0.0157274 0.0054746 0.0141939
 20 D  20 0.0063475 0.0409079 0.1098958 0.3380517 0.0010064 0.0757324 0.0256608 0.0818565 0.0359732 0.0025329 0.0069650 0.0774818 0.0054242 0.0028181 0.0029826 0.0815771 0.0411270 0.0020838 0.0459863 0.0155891
 21 M  21 0.0249790 0.0023660 0.0162141 0.0000000 0.0000000 0.0164473 0.0088909 0.0124450 0.0063758 0.1062222 0.4631695 0.0062114 0.1156499 0.0259799 0.0066767 0.0301623 0.0196566 0.0044729 0.0519811 0.0820994
 22 N  22 0.0572242 0.0196628 0.0787311 0.1033989 0.0000000 0.0021340 0.0250256 0.1170913 0.0038079 0.0184461 0.0209438 0.0234446 0.0025597 0.0128460 0.1814016 0.2409805 0.0742786 0.0000000 0.0073437 0.0106796
 23 R  23 0.0593456 0.1563619 0.0734614 0.0267582 0.0000000 0.0621045 0.0865635 0.0209229 0.0248933 0.0295712 0.0299751 0.0900697 0.0152856 0.0049621 0.1012585 0.0813432 0.0637410 0.0087610 0.0198327 0.0447886
 24 E  24 0.1706876 0.0295413 0.0540333 0.1464077 0.0000000 0.0494297 0.1175325 0.0520104 0.0123611 0.0088160 0.0240343 0.0282693 0.0019287 0.0220204 0.0311786 0.1550604 0.0543231 0.0000000 0.0214400 0.0209258
 25 D  25 0.1096827 0.0290639 0.0258613 0.1841271 0.0000000 0.0814476 0.2149590 0.0051506 0.0132131 0.0200494 0.0280634 0.0259081 0.0062350 0.0083687 0.0064448 0.0473054 0.1085551 0.0000000 0.0247954 0.0607694
 26 V  26 0.0326452 0.0040235 0.0000000 0.0000000 0.0025459 0.1247520 0.0120821 0.0000000 0.0000000 0.1137500 0.0639235 0.0027441 0.0459054 0.0194346 0.0034376 0.0136866 0.1070239 0.0132989 0.0352973 0.4054493
 27 D  27 0.0222036 0.3166303 0.0141323 0.1806816 0.0000000 0.0645280 0.0839253 0.0088864 0.0152165 0.0272280 0.0219740 0.1293894 0.0096068 0.0149796 0.0000000 0.0189855 0.0196946 0.0037463 0.0127048 0.0354870
 28 Y  28 0.1127075 0.1441646 0.0900718 0.1188376 0.0000000 0.0831756 0.1014452 0.0251888 0.0063012 0.0069121 0.0090747 0.0722640 0.0034367 0.0105900 0.0089515 0.1091900 0.0665965 0.0011817 0.0252213 0.0046892
 29 A  29 0.4029392 0.0021819 0.0079280 0.0092598 0.0013996 0.0420861 0.0768591 0.0291230 0.0021031 0.0830857 0.0902620 0.0000000 0.0203063 0.0031250 0.0066040 0.0168226 0.0680370 0.0000000 0.0019100 0.1359674
 30 I  30 0.0623638 0.0000000 0.0000000 0.0000000 0.0105539 0.0017468 0.0022843 0.0029819 0.0000000 0.3006512 0.1268860 0.0000000 0.0743320 0.1859594 0.0000000 0.0040507 0.0383993 0.0171012 0.0205167 0.1521727
 31 R  31 0.1545140 0.2514178 0.0302494 0.0117345 0.0000000 0.1098395 0.1243158 0.0119840 0.0360447 0.0020176 0.0293921 0.0924979 0.0000000 0.0021122 0.0000000 0.0520571 0.0413751 0.0028000 0.0294481 0.0182003
 32 K  32 0.0634917 0.2142536 0.0483001 0.0563189 0.0000000 0.0914069 0.0683182 0.0049829 0.0124605 0.0153173 0.0703061 0.1958015 0.0093887 0.0050583 0.0000000 0.0741124 0.0383928 0.0012537 0.0295980 0.0012384
 33 A  33 0.8866068 0.0000000 0.0000000 0.0000000 0.0030183 0.0000000 0.0000000 0.0225922 0.0000000 0.0178617 0.0000000 0.0000000 0.0039048 0.0000000 0.0000000 0.0556446 0.0064917 0.0000000 0.0000000 0.0038798
 34 F  34 0.0188854 0.0000000 0.0000000 0.0000000 0.0000000 0.0015948 0.0000000 0.0000000 0.0000000 0.0611216 0.2486263 0.0000000 0.0359813 0.5741231 0.0000000 0.0056275 0.0122932 0.0070222 0.0054597 0.0292650
 35 Q  35 0.1489743 0.0851075 0.0590164 0.0847989 0.0027169 0.1850204 0.0696263 0.0576659 0.0087217 0.0000000 0.0053619 0.1538446 0.0106635 0.0000000 0.0000000 0.0745635 0.0471950 0.0015377 0.0040650 0.0011207
 36 V  36 0.1024063 0.0870850 0.0237504 0.0083884 0.0059466 0.0460416 0.0379969 0.0018931 0.0053142 0.0366275 0.1139525 0.0477644 0.0722566 0.0061520 0.0030158 0.0710670 0.0587178 0.0101975 0.0312186 0.2302078
 37 W  37 0.0000000 0.0024908 0.0000000 0.0000000 0.0000000 0.0000000 0.0000000 0.0000000 0.0000000 0.0077029 0.0140611 0.0000000 0.0000000 0.0077947 0.0000000 0.0000000 0.0000000 0.9511507 0.0167997 0.0000000
 38 S  38 0.1866981 0.0056447 0.0755274 0.0152578 0.0000000 0.0649631 0.1323310 0.0237296 0.0000000 0.0000000 0.0000000 0.0046405 0.0018243 0.0000000 0.0000000 0.4474258 0.0314431 0.0000000 0.0000000 0.0105147
 39 N  39 0.1013207 0.0542539 0.1149859 0.2442956 0.0000000 0.0742695 0.1377827 0.0163604 0.0065766 0.0085196 0.0023499 0.0899393 0.0079067 0.0000000 0.0025639 0.0947558 0.0242047 0.0000000 0.0017979 0.0181167
 40 V  40 0.1122933 0.0014759 0.0228036 0.0024839 0.0029118 0.0172045 0.0268123 0.0126326 0.0241914 0.0281348 0.0227477 0.0088998 0.0000000 0.0101613 0.0108070 0.0090659 0.0780190 0.0000000 0.0571015 0.5522537
 41 T  41 0.1775636 0.0000000 0.0029630 0.0055413 0.0023060 0.0024389 0.0000000 0.0680044 0.0035645 0.0807467 0.0222261 0.0121296 0.0046176 0.0020176 0.0027994 0.2059079 0.3720417 0.0000000 0.0000000 0.0351318
 42 P  42 0.0611546 0.0290325 0.1960380 0.0656323 0.0047383 0.0060358 0.0039543 0.0600465 0.0208115 0.0062950 0.0139835 0.0347508 0.0051139 0.0000000 0.3985159 0.0448276 0.0277813 0.0000000 0.0041282 0.0171601
 43 L  43 0.0052317 0.0025520 0.0000000 0.0000000 0.0000000 0.0000000 0.0000000 0.0000000 0.0000000 0.1025919 0.6285424 0.0000000 0.0053400 0.1154146 0.0081001 0.0055216 0.0000000 0.0040292 0.0052510 0.1174256
 44 K  44 0.0135632 0.0879620 0.1242925 0.0738718 0.0000000 0.0281713 0.0361523 0.0017138 0.0063105 0.0126773 0.0087998 0.0815962 0.0033710 0.0078443 0.0037503 0.0971366 0.3784200 0.0028632 0.0016441 0.0298597
 45 F  45 0.0086145 0.0000000 0.0000000 0.0000000 0.0015309 0.0000000 0.0000000 0.0025702 0.0050858 0.0329709 0.0524962 0.0000000 0.0049172 0.8796646 0.0029092 0.0022944 0.0000000 0.0035489 0.0033971 0.0000000
 46 S  46 0.0235675 0.1230633 0.0161904 0.0093552 0.0031782 0.0756970 0.0685335 0.0077680 0.0325732 0.0380732 0.0325264 0.0571468 0.0068446 0.0060605 0.0017845 0.0695470 0.2597727 0.0092564 0.0215943 0.1374671
 47 K  47 0.0058684 0.1658810 0.0045815 0.0074087 0.0000000 0.0908086 0.5256413 0.0104729 0.0173426 0.0191802 0.0168907 0.0668083 0.0049601 0.0098834 0.0212815 0.0034203 0.0069434 0.0081924 0.0123525 0.0020824
 48 I  48 0.0693504 0.0099162 0.0106862 0.0222514 0.0000000 0.0033240 0.0046968 0.0149668 0.0000000 0.1187170 0.0696757 0.0361554 0.0100406 0.0076377 0.0144787 0.0519292 0.1276229 0.0095943 0.0125727 0.4063841
 49 N  49 0.0900610 0.0325606 0.1049886 0.0832620 0.0014625 0.0544616 0.0371160 0.0209393 0.0416793 0.0067856 0.0240276 0.0518610 0.0060277 0.0176062 0.1052050 0.1175596 0.1179027 0.0041645 0.0688199 0.0135091
 50 T  50 0.0466951 0.0298467 0.0457391 0.2365355 0.0000000 0.0190071 0.0939321 0.0636948 0.0171948 0.0018071 0.0112003 0.0368145 0.0026629 0.0068510 0.0145879 0.2234711 0.0703926 0.0064822 0.0510493 0.0220359
 51 G  51 0.0394399 0.0258277 0.0749741 0.0738765 0.0000000 0.0737265 0.0836169 0.2936955 0.0200782 0.0085727 0.0185079 0.0457589 0.0000000 0.0028642 0.0452888 0.1003295 0.0541574 0.0070799 0.0206449 0.0115604
 52 M  52 0.0513336 0.0557226 0.0880191 0.1535661 0.0000000 0.0698338 0.1360961 0.0504214 0.0100791 0.0243125 0.0048335 0.0687838 0.0029151 0.0027006 0.0961201 0.0811867 0.0807112 0.0064862 0.0069453 0.0099332
 53 A  53 0.6052306 0.0043650 0.0440878 0.0200856 0.0062169 0.0045720 0.0082981 0.0448797 0.0057620 0.0052656 0.0019038 0.0097716 0.0000000 0.0026515 0.0554996 0.0889107 0.0223342 0.0000000 0.0047959 0.0653693
 54 D  54 0.0344513 0.0000000 0.1274170 0.6868134 0.0000000 0.0117022 0.0163079 0.0145048 0.0291271 0.0050636 0.0062156 0.0149721 0.0189585 0.0000000 0.0094865 0.0100077 0.0149722 0.0000000 0.0000000 0.0000000
 55 I  55 0.0151597 0.0000000 0.0184013 0.0121293 0.0079858 0.0145316 0.0038224 0.0153298 0.0050380 0.7387052 0.0679690 0.0000000 0.0166982 0.0063727 0.0059847 0.0140732 0.0058897 0.0000000 0.0051210 0.0467885
 56 L  56 0.0034240 0.1218771 0.0478676 0.0361657 0.0025660 0.0683147 0.0630260 0.0322413 0.0087242 0.0403069 0.0605560 0.1364797 0.1353414 0.0050815 0.0042938 0.0178831 0.1205236 0.0000000 0.0168520 0.0784753
 57 V  57 0.0053457 0.0089278 0.0000000 0.0062034 0.0024688 0.0000000 0.0000000 0.0158092 0.0000000 0.6220373 0.0990088 0.0052531 0.0103274 0.0612430 0.0039445 0.0000000 0.0035052 0.0000000 0.0053912 0.1505349
 58 V  58 0.0922250 0.0688361 0.0157317 0.0640966 0.0021688 0.0322921 0.0159452 0.2051171 0.0053564 0.0315978 0.0595533 0.0365891 0.0100623 0.0583218 0.0000000 0.2085980 0.0537440 0.0000000 0.0132965 0.0264683
 59 F  59 0.0201606 0.0148841 0.0383803 0.0148361 0.0034884 0.0026373 0.0029895 0.0389772 0.0028160 0.0220694 0.0075141 0.0062431 0.0068021 0.6613673 0.0055554 0.0325285 0.0184785 0.0531417 0.0161089 0.0310215
 60 A  60 0.1836006 0.0423317 0.0538254 0.0254405 0.0000000 0.0274027 0.0565957 0.1304307 0.0459607 0.0185339 0.0188135 0.0120668 0.0127841 0.0413394 0.0094131 0.0529218 0.0420417 0.0062669 0.1390710 0.0811597
 61 R  61 0.0593552 0.2026094 0.1002276 0.0453845 0.0000000 0.0496060 0.0506814 0.0259593 0.0360097 0.0185377 0.0119693 0.0565939 0.0024901 0.0094030 0.0178164 0.1718341 0.0785314 0.0054543 0.0143038 0.0432330
 62 G  62 0.0553200 0.1307424 0.0541226 0.0064983 0.0052914 0.0367062 0.0226702 0.3875903 0.0106598 0.0286690 0.0245304 0.0502136 0.0053471 0.0306016 0.0200737 0.0399186 0.0230950 0.0096498 0.0432747 0.0150253
 63 A  63 0.0576902 0.0272870 0.0762704 0.2867375 0.0000000 0.0280921 0.1041092 0.0557852 0.0184992 0.0078870 0.0344498 0.0125917 0.0164980 0.0625451 0.0113109 0.0699580 0.0475090 0.0136264 0.0393914 0.0297617
 64 H  64 0.0184119 0.0128622 0.0276231 0.0244242 0.0012495 0.0274837 0.0279427 0.0187971 0.6264816 0.0202326 0.0255904 0.0074069 0.0146307 0.0168457 0.0162297 0.0358784 0.0214505 0.0092696 0.0272972 0.0198926
 65 G  65 0.0232785 0.0493469 0.0888099 0.0338646 0.0018395 0.0266546 0.0215986 0.4441565 0.0010845 0.0127855 0.0258851 0.0209752 0.0089947 0.0314407 0.0384783 0.0646828 0.0477794 0.0134897 0.0344389 0.0104161
 66 D  66 0.0107528 0.0155036 0.0147974 0.6468924 0.0894220 0.0046799 0.0071447 0.0525595 0.0108874 0.0043894 0.0070314 0.0114774 0.0078165 0.0192035 0.0171873 0.0185821 0.0174461 0.0033496 0.0056442 0.0352326
 67 F  67 0.0519944 0.0358898 0.0699156 0.0209677 0.0462415 0.0136145 0.0371063 0.3021896 0.0077928 0.0103846 0.0192487 0.0188552 0.0095498 0.0638588 0.0707129 0.1322761 0.0156889 0.0090070 0.0238244 0.0408812
 68 H  68 0.0312678 0.0529448 0.0855066 0.0477385 0.0126553 0.0297277 0.0726390 0.0622019 0.0356485 0.0288008 0.0458387 0.0099974 0.0058728 0.0493732 0.0297763 0.1164970 0.0279107 0.0353997 0.1978431 0.0223603
 69 A  69 0.0869638 0.0126377 0.0330776 0.0490650 0.0356266 0.0118414 0.0151058 0.0335935 0.0117658 0.0169368 0.0170290 0.0210200 0.0053337 0.0303272 0.4511797 0.0463261 0.0278834 0.0085567 0.0256746 0.0600557
 70 F  70 0.0318322 0.0206739 0.0229172 0.0200963 0.0066813 0.0112363 0.0125955 0.0115209 0.0019128 0.0128258 0.0285910 0.0134603 0.0115212 0.6406836 0.0176640 0.0332954 0.0252409 0.0000000 0.0394266 0.0378247
 71 D  71 0.0455121 0.0099420 0.0226000 0.6495734 0.0000000 0.0201537 0.0219121 0.0329483 0.0014362 0.0077286 0.0294229 0.0081674 0.0016992 0.0234557 0.0105967 0.0318905 0.0451463 0.0078647 0.0177980 0.0121522
 72 G  72 0.0293206 0.0096291 0.0116770 0.0264087 0.0034827 0.0154410 0.0133659 0.6860404 0.0000000 0.0159163 0.0179846 0.0036970 0.0067963 0.0232694 0.0111261 0.0266223 0.0400246 0.0032039 0.0094050 0.0465892
 73 K  73 0.0282996 0.0516162 0.0315153 0.0160154 0.0000000 0.0577849 0.0739803 0.0264854 0.0035172 0.0096402 0.0483304 0.0783887 0.0035125 0.0230404 0.3369212 0.0628932 0.0505873 0.0049060 0.0163512 0.0762142
 74 G  74 0.0484105 0.0103917 0.0627237 0.0672829 0.0000000 0.0087391 0.0224184 0.5159085 0.0094727 0.0015187 0.0684404 0.0131182 0.0100763 0.0051366 0.0311715 0.0487601 0.0413046 0.0036842 0.0235351 0.0079069
 75 G  75 0.0201916 0.0341147 0.1014694 0.0216624 0.0000000 0.0665587 0.0166359 0.5392882 0.0080109 0.0175111 0.0070084 0.0364386 0.0045974 0.0084865 0.0101565 0.0326397 0.0306491 0.0081695 0.0236067 0.0128048
 76 I  76 0.0454908 0.0084151 0.0136269 0.0121290 0.0000000 0.0140733 0.0666714 0.0247919 0.0129454 0.1146740 0.0524297 0.0211242 0.0027385 0.0560726 0.0104884 0.0435606 0.2456732 0.0061273 0.0407818 0.2081857
 77 L  77 0.0630413 0.0114310 0.0026229 0.0052968 0.0080139 0.0226499 0.0055969 0.0265004 0.0014461 0.0256231 0.6141966 0.0030336 0.0074006 0.0381819 0.0023644 0.0099979 0.0336177 0.0078172 0.0477283 0.0634395
 78 A  78 0.7492397 0.0106971 0.0130705 0.0096395 0.0000000 0.0061785 0.0114123 0.0801341 0.0000000 0.0176781 0.0141283 0.0089804 0.0038879 0.0125874 0.0189768 0.0122202 0.0232241 0.0000000 0.0067990 0.0011460
 79 H  79 0.0022797 0.0198398 0.0103156 0.0000000 0.0000000 0.0162321 0.0063104 0.0169930 0.6649636 0.0247736 0.0079496 0.0110128 0.0020378 0.0386790 0.0427871 0.0286094 0.0246804 0.0102807 0.0512417 0.0210136
 80 A  80 0.7105276 0.0178659 0.0207916 0.0000000 0.0154865 0.0067001 0.0055448 0.0301984 0.0017519 0.0048550 0.0061957 0.0109892 0.0000000 0.0085294 0.0079962 0.0497025 0.0804397 0.0047556 0.0159040 0.0017658
 81 F  81 0.0073161 0.0044067 0.0210991 0.0254490 0.0016975 0.0158188 0.0043165 0.0113353 0.0060843 0.0310500 0.0197999 0.0103157 0.0042323 0.4793137 0.0038202 0.0341087 0.0578993 0.0230767 0.2189242 0.0199357
 82 G  82 0.0758394 0.0251762 0.0168855 0.0135772 0.0044439 0.0412409 0.0094954 0.0348508 0.0049526 0.0342385 0.0976147 0.0119342 0.0129515 0.2651016 0.1070264 0.0866445 0.0225006 0.0000000 0.1221065 0.0134196
 83 P  83 0.0131866 0.0080663 0.0145060 0.0270455 0.0000000 0.0123211 0.0205371 0.0259324 0.0099438 0.0000000 0.0230141 0.0049653 0.0027268 0.0000000 0.7611615 0.0338323 0.0228787 0.0044290 0.0063867 0.0090667
 84 G  84 0.0205994 0.0417044 0.0724319 0.0522936 0.0042972 0.0366959 0.0473696 0.3140428 0.0136016 0.0145273 0.0256978 0.0333396 0.0201523 0.0164289 0.0880837 0.0544385 0.0674742 0.0175195 0.0325452 0.0267566
 85 S  85 0.0409347 0.0818873 0.1329216 0.0890108 0.0022111 0.0346246 0.0467668 0.0352456 0.0318051 0.0208211 0.0253532 0.0322261 0.0030025 0.0181495 0.1277229 0.1419436 0.0767498 0.0008713 0.0478558 0.0098967
 86 G  86 0.0277381 0.0139019 0.0309069 0.0528517 0.0000000 0.0031261 0.0165331 0.4976301 0.0677824 0.0271643 0.0321419 0.0070246 0.0157604 0.0169253 0.0372813 0.0686041 0.0179218 0.0106446 0.0182009 0.0378606
 87 I  87 0.0676846 0.1114244 0.0164828 0.0410342 0.0000000 0.0192184 0.0720234 0.0314433 0.0322938 0.2003747 0.0970935 0.0299334 0.0252529 0.0196077 0.0246023 0.0353753 0.0809408 0.0173713 0.0220180 0.0558252
 88 G  88 0.0849580 0.0352786 0.0353684 0.0928036 0.0109996 0.0323198 0.0444793 0.2793256 0.0399338 0.0263087 0.0506201 0.0242273 0.0045551 0.0582933 0.0226292 0.0797844 0.0415610 0.0097525 0.0147588 0.0120431
 89 G  89 0.0578070 0.0027469 0.0233058 0.0140930 0.0034418 0.0082627 0.0047143 0.5704359 0.0784325 0.0284990 0.0359701 0.0205350 0.0000000 0.0087872 0.0073404 0.0485674 0.0234823 0.0034090 0.0192542 0.0409155
 90 D  90 0.0152320 0.0498048 0.0417829 0.4691653 0.0000000 0.0229573 0.0645168 0.0248796 0.0618876 0.0155920 0.0295944 0.0152246 0.0142605 0.0247210 0.0187470 0.0341962 0.0278467 0.0151494 0.0176278 0.0368141
 91 A  91 0.1523788 0.0080380 0.0353385 0.0494518 0.0034392 0.0105219 0.0000000 0.0076677 0.0000000 0.1947614 0.0596379 0.0040223 0.0092787 0.0435704 0.0052531 0.0266223 0.1233498 0.0377351 0.0364174 0.1925155
 92 H  92 0.0286759 0.0163876 0.0359390 0.0689115 0.0212089 0.0056486 0.0169386 0.0062054 0.4539615 0.0174483 0.0363145 0.0214743 0.0068553 0.0524292 0.0056401 0.0197157 0.0249818 0.0533314 0.0399813 0.0679509
 93 F  93 0.0577456 0.0214351 0.0348499 0.0700024 0.0016655 0.0046418 0.0227640 0.0504324 0.0150458 0.0490961 0.1054221 0.0102306 0.0078301 0.4427221 0.0000000 0.0259913 0.0206657 0.0000000 0.0241583 0.0353012
 94 D  94 0.0119021 0.0139135 0.1394937 0.5658381 0.0000000 0.0062786 0.0431096 0.0551971 0.0242723 0.0116706 0.0136708 0.0126346 0.0000000 0.0175687 0.0046808 0.0272377 0.0123644 0.0075390 0.0234572 0.0091713
 95 E  95 0.0996806 0.0094175 0.0548029 0.2139061 0.0029171 0.0167636 0.1986025 0.0353738 0.0054108 0.0158430 0.0198504 0.0249856 0.0094104 0.0083615 0.0310761 0.0888672 0.0602049 0.0288474 0.0462047 0.0294738
 96 D  96 0.0698328 0.0337946 0.0435833 0.3785024 0.0000000 0.0353825 0.1104814 0.0051280 0.0173091 0.0184801 0.0194822 0.0251204 0.0142284 0.0110049 0.0090819 0.0669833 0.0567473 0.0313053 0.0341698 0.0193824
 97 E  97 0.0399160 0.0219055 0.0199554 0.0145352 0.0046027 0.0289143 0.3924851 0.0296394 0.0167952 0.0090280 0.0209034 0.0353229 0.0214231 0.0429273 0.0094130 0.0467190 0.0877558 0.0635028 0.0555804 0.0386755
 98 F  98 0.0257115 0.0390156 0.1380152 0.0419803 0.0032796 0.0217698 0.0105299 0.0371528 0.0415745 0.0175907 0.0526874 0.0267654 0.0051796 0.1054363 0.0534974 0.1013836 0.1195144 0.0460474 0.0696208 0.0432477
 99 W  99 0.0343907 0.0119237 0.0661268 0.0298114 0.0047005 0.0185560 0.0484816 0.0559270 0.0146579 0.0205274 0.0297501 0.0133079 0.0072690 0.0614188 0.0149170 0.0546970 0.0823950 0.3912786 0.0222898 0.0175738
100 T 100 0.0357243 0.0159499 0.0812693 0.0721774 0.0051391 0.0160013 0.0286712 0.0489615 0.0076823 0.0299633 0.0464169 0.0458631 0.0058646 0.0646792 0.0250690 0.0854618 0.2635425 0.0426556 0.0371064 0.0418012
101 T 101 0.0616144 0.0301737 0.0890485 0.0631909 0.0205550 0.0454211 0.0592682 0.0748226 0.0204126 0.0528519 0.0408193 0.0823084 0.0188160 0.0592143 0.0455492 0.0700834 0.0632763 0.0185630 0.0473470 0.0366642
102 H 102 0.0384521 0.0520844 0.1014327 0.1123854 0.0000000 0.0420529 0.0378096 0.1186827 0.0184494 0.0170178 0.0180486 0.0316257 0.0076935 0.0092022 0.1231730 0.1356091 0.0794738 0.0071582 0.0235006 0.0261482
103 S 103 0.0615957 0.0408925 0.0538511 0.0903392 0.0000000 0.0279499 0.0658570 0.0714727 0.0204798 0.0133799 0.0276242 0.0457279 0.0097743 0.0290313 0.0666445 0.1532818 0.0595681 0.0174495 0.1070911 0.0379894
104 G 104 0.0578439 0.0842400 0.0697112 0.1087811 0.0000000 0.0442587 0.0822070 0.0832515 0.0377907 0.0221560 0.0219183 0.0578234 0.0109155 0.0016246 0.0397905 0.1168286 0.0855174 0.0386894 0.0161369 0.0205153
105 G 105 0.0807951 0.0154681 0.0592949 0.0300471 0.0000000 0.0309756 0.0240234 0.5429824 0.0146415 0.0032868 0.0280094 0.0377433 0.0093406 0.0017018 0.0241452 0.0320573 0.0266756 0.0000000 0.0188251 0.0199870
106 T 106 0.0523308 0.0285853 0.1019928 0.0242511 0.0008495 0.0134900 0.0411248 0.0188872 0.0136073 0.1057753 0.0276107 0.0239068 0.0443610 0.0736537 0.0095428 0.0407510 0.1865784 0.0182800 0.0794456 0.0949759
107 N 107 0.0143574 0.0345285 0.2764774 0.3114538 0.0083800 0.0185909 0.0168227 0.0067847 0.0230744 0.0088597 0.0106302 0.0063023 0.0092716 0.0161796 0.0089513 0.0977830 0.0224093 0.0087466 0.0924779 0.0079189
108 L 108 0.0080779 0.0043926 0.0000000 0.0100622 0.0199565 0.0035587 0.0000000 0.0771452 0.0000000 0.0519690 0.6402774 0.0098731 0.0156928 0.0967719 0.0011025 0.0190337 0.0082434 0.0000000 0.0145383 0.0193045
109 F 109 0.0026892 0.0960502 0.0049753 0.0105614 0.0000000 0.0413862 0.1055061 0.0097989 0.0253436 0.0214205 0.1926827 0.0090024 0.0065822 0.2931211 0.0115406 0.0068422 0.0065757 0.0035778 0.1000597 0.0522844
110 L 110 0.0670417 0.0073994 0.0767433 0.0125298 0.0033576 0.1155545 0.0168813 0.0294600 0.0398114 0.0421359 0.1681402 0.0321104 0.0246829 0.0376371 0.0090930 0.1436513 0.0879211 0.0423034 0.0265524 0.0169932
111 T 111 0.0376115 0.0081551 0.0107810 0.0000000 0.0000000 0.0000000 0.0000000 0.0000000 0.0000000 0.0860684 0.0146629 0.0021499 0.0013673 0.0017149 0.0149344 0.0084505 0.1854012 0.0000000 0.0000000 0.6287030
112 A 112 0.6764791 0.0000000 0.0000000 0.0000000 0.0000000 0.0000000 0.0000000 0.0120368 0.0000000 0.0221285 0.1269187 0.0000000 0.0107728 0.0556883 0.0000000 0.0067616 0.0190272 0.0000000 0.0054124 0.0647746
113 V 113 0.2820605 0.0110551 0.0000000 0.0000000 0.0000000 0.0032971 0.0407265 0.0016712 0.0000000 0.0778509 0.1303206 0.0127657 0.0513605 0.0000000 0.0000000 0.0011949 0.1723525 0.0000000 0.0000000 0.2153447
114 H 114 0.0000000 0.0000000 0.0000000 0.0000000 0.0000000 0.0068979 0.0000000 0.0000000 0.9552288 0.0000000 0.0000000 0.0000000 0.0000000 0.0149887 0.0039086 0.0058212 0.0108202 0.0000000 0.0023347 0.0000000
115 E 115 0.0029459 0.0000000 0.0000000 0.0034525 0.0058231 0.0308454 0.9399990 0.0000000 0.0027535 0.0000000 0.0000000 0.0000000 0.0016711 0.0000000 0.0000000 0.0000000 0.0108236 0.0000000 0.0000000 0.0016860
116 I 116 0.0063514 0.0000000 0.0000000 0.0000000 0.0000000 0.0000000 0.0047384 0.0024184 0.0000000 0.4340224 0.2289486 0.0000000 0.0182545 0.2342808 0.0000000 0.0024226 0.0065704 0.0000000 0.0000000 0.0619924
117 G 117 0.0000000 0.0109838 0.0000000 0.0000000 0.0039677 0.0000000 0.0000000 0.9723073 0.0000000 0.0000000 0.0041895 0.0059093 0.0000000 0.0000000 0.0000000 0.0000000 0.0000000 0.0000000 0.0026425 0.0000000
118 H 118 0.0053932 0.0000000 0.0000000 0.0000000 0.0000000 0.0000000 0.0000000 0.0000000 0.9777138 0.0000000 0.0000000 0.0000000 0.0000000 0.0000000 0.0109838 0.0000000 0.0000000 0.0000000 0.0059093 0.0000000
119 S 119 0.4224405 0.0000000 0.0066802 0.0000000 0.0037042 0.0000000 0.0109838 0.0000000 0.0000000 0.0394432 0.1016755 0.0000000 0.0024638 0.0074167 0.0000000 0.2406123 0.0830972 0.0034082 0.0055225 0.0725520
120 L 120 0.0000000 0.0110358 0.0000000 0.0000000 0.0000000 0.0000000 0.0000000 0.0000000 0.0000000 0.0953877 0.8561534 0.0000000 0.0193137 0.0075810 0.0034663 0.0000000 0.0000000 0.0000000 0.0000000 0.0070622
121 G 121 0.0000000 0.0000000 0.0000000 0.0000000 0.0000000 0.0000000 0.0034091 0.9769040 0.0000000 0.0000000 0.0000000 0.0000000 0.0000000 0.0000000 0.0000000 0.0088333 0.0000000 0.0108536 0.0000000 0.0000000
122 L 122 0.0000000 0.0057151 0.0000000 0.0000000 0.0000000 0.0037736 0.0000000 0.0000000 0.0000000 0.0228379 0.9068140 0.0011506 0.0157158 0.0257785 0.0000000 0.0116339 0.0026179 0.0000000 0.0000000 0.0039626
123 G 123 0.0964130 0.0275771 0.0161575 0.1380968 0.0000000 0.0351644 0.1111692 0.2231328 0.0125145 0.0000000 0.0125789 0.0601802 0.0180268 0.0181460 0.0271346 0.1510602 0.0206685 0.0054071 0.0191032 0.0074692
124 H 124 0.0000000 0.0000000 0.0000000 0.0132661 0.0000000 0.0108638 0.0048758 0.0037915 0.9495949 0.0000000 0.0000000 0.0000000 0.0000000 0.0000000 0.0000000 0.0000000 0.0000000 0.0000000 0.0122738 0.0053342
125 S 125 0.0107914 0.0020644 0.0358781 0.0091451 0.0000000 0.0109121 0.0057900 0.0034214 0.0021487 0.0211154 0.0014115 0.0000000 0.0018815 0.0014013 0.0944715 0.6978709 0.0779982 0.0000000 0.0051510 0.0185474
126 S 126 0.0478602 0.0475788 0.1346382 0.0833028 0.0025750 0.0423812 0.0216709 0.0835627 0.0466955 0.0031124 0.0206460 0.0224416 0.0081032 0.0179560 0.0422788 0.2712891 0.0616552 0.0062555 0.0212916 0.0147052
127 D 127 0.0847713 0.0417289 0.0814373 0.3230412 0.0138526 0.0213513 0.0471875 0.0063350 0.0085484 0.0245910 0.0094418 0.0267028 0.0012894 0.0100303 0.0049080 0.0688526 0.0163089 0.0021534 0.0203833 0.1870850
128 P 128 0.0296158 0.1067872 0.0198438 0.0204201 0.0000000 0.0685205 0.1040199 0.0164540 0.0194902 0.0205729 0.0105128 0.0985260 0.0029244 0.0049649 0.2495662 0.0684665 0.0633300 0.0012427 0.0646003 0.0301416
129 K 129 0.0509580 0.0346805 0.1563998 0.1703349 0.0000000 0.0265400 0.1289068 0.1863862 0.0092394 0.0041219 0.0088283 0.0504155 0.0018943 0.0048311 0.0090183 0.1005994 0.0411532 0.0000000 0.0034528 0.0122396
130 A 130 0.4732436 0.0007814 0.0026141 0.0339638 0.0000000 0.0030971 0.0024199 0.0000000 0.0000000 0.0000000 0.0042893 0.0055274 0.0000000 0.0000000 0.0000000 0.4371323 0.0344489 0.0000000 0.0024821 0.0000000
131 V 131 0.0116810 0.0000000 0.0054935 0.0000000 0.0000000 0.0000000 0.0000000 0.0130484 0.0000000 0.3199112 0.2773411 0.0000000 0.0079552 0.0042091 0.0030296 0.0080480 0.0321146 0.0109873 0.0043117 0.3018694
132 M 132 0.0043548 0.0127614 0.0054658 0.0021716 0.0000000 0.0060399 0.0072616 0.0026259 0.0000000 0.0000000 0.0045012 0.0000000 0.9350271 0.0030371 0.0000000 0.0018714 0.0127926 0.0000000 0.0000000 0.0020897
133 F 133 0.1194434 0.0310945 0.0406547 0.0000000 0.0015294 0.0489720 0.0074695 0.0098182 0.0578902 0.0011766 0.0042145 0.0038256 0.0000000 0.1289801 0.0026441 0.0807497 0.0261136 0.0157623 0.4160988 0.0035629
134 P 134 0.0719089 0.0057765 0.0000000 0.0000000 0.0000000 0.0025655 0.0039473 0.0169466 0.0042356 0.0015033 0.0072443 0.0023043 0.0000000 0.0087658 0.7260452 0.0314033 0.0475793 0.0028901 0.0668841 0.0000000
135 T 135 0.0363848 0.0170888 0.0834380 0.0018133 0.0036499 0.0108591 0.0090622 0.0054276 0.0182388 0.0710247 0.0327707 0.0135709 0.0274334 0.1345051 0.0000000 0.0849351 0.1243260 0.0748950 0.1756979 0.0748785
136 Y 136 0.0248411 0.0020304 0.0106098 0.0171828 0.0148460 0.0000000 0.0098994 0.0398817 0.0074079 0.0886404 0.0239066 0.0027880 0.0435669 0.0341987 0.0000000 0.0327186 0.0078317 0.0018606 0.6090668 0.0287224
137 K 137 0.0691958 0.1012724 0.0567446 0.0273774 0.0011872 0.1336348 0.0555954 0.0218019 0.0169659 0.0191752 0.0369514 0.1055595 0.0045629 0.0119978 0.0115611 0.1974369 0.1037030 0.0019815 0.0000000 0.0232952
138 Y 138 0.0212356 0.0172062 0.0408556 0.0312300 0.0000000 0.0320792 0.0201351 0.2620131 0.0041826 0.0048033 0.0221200 0.0289372 0.0040160 0.0697861 0.1306761 0.0456054 0.0210621 0.0262837 0.2074978 0.0102749
139 V 139 0.0373850 0.0780671 0.0718478 0.0223261 0.0030580 0.0607411 0.0265059 0.0977411 0.0195336 0.0271643 0.0642945 0.0112772 0.0438787 0.0302195 0.0078233 0.0859817 0.0938971 0.0024767 0.1472243 0.0685571
140 D 140 0.0112139 0.0907058 0.0879765 0.2637346 0.0000000 0.0564915 0.0951709 0.0712571 0.0263117 0.0125724 0.0150889 0.0507295 0.0097186 0.0172830 0.0137097 0.0496688 0.0805054 0.0000000 0.0227970 0.0250643
141 I 141 0.0247800 0.0316037 0.0323832 0.0261652 0.0000000 0.0477183 0.0398022 0.0943547 0.0075495 0.0640198 0.0245873 0.0223587 0.0045489 0.0094480 0.2572190 0.0691094 0.2045061 0.0150591 0.0071943 0.0175925
142 N 142 0.0730671 0.1008966 0.0725638 0.0560237 0.0000000 0.0474416 0.0703770 0.1523352 0.0355869 0.0161642 0.0284872 0.1224935 0.0000000 0.0014945 0.0223941 0.1125272 0.0168676 0.0023269 0.0588233 0.0101296
143 T 143 0.0330899 0.0385098 0.1588836 0.1065399 0.0014164 0.0259776 0.0323773 0.0523606 0.0258010 0.0118718 0.0265932 0.2076505 0.0131750 0.0120903 0.0900985 0.0431308 0.0896265 0.0000000 0.0015306 0.0292767
144 F 144 0.0209025 0.0909948 0.0105792 0.0155129 0.0000000 0.0125596 0.0017715 0.0053205 0.0000000 0.0340048 0.0879203 0.0115487 0.0081515 0.3496432 0.0379395 0.0130668 0.0342425 0.0117358 0.1456804 0.1084258
145 R 145 0.0121413 0.1083211 0.0162004 0.0576577 0.0032941 0.1343891 0.1085751 0.0257674 0.0288117 0.0095320 0.0265469 0.1554481 0.0057779 0.0080601 0.0163922 0.1128004 0.1171666 0.0000000 0.0000000 0.0531180
146 L 146 0.0000000 0.0019755 0.0000000 0.0000000 0.0000000 0.0000000 0.0000000 0.0171824 0.0000000 0.0951523 0.7883867 0.0020275 0.0051392 0.0206888 0.0567720 0.0000000 0.0000000 0.0000000 0.0000000 0.0126754
147 S 147 0.0349035 0.0068487 0.0355571 0.0706507 0.0000000 0.0751341 0.0146964 0.0443600 0.1444215 0.0064904 0.0093381 0.0149937 0.0591611 0.0000000 0.1503608 0.2154257 0.1127541 0.0000000 0.0018752 0.0030287
148 A 148 0.0659015 0.0359232 0.0322728 0.0778583 0.0000000 0.1874504 0.0874408 0.0132041 0.0091923 0.0329907 0.0555649 0.0482012 0.0181673 0.0025648 0.1063189 0.0823932 0.0394115 0.0321300 0.0487803 0.0242341
149 D 149 0.0268740 0.0034467 0.0259310 0.6656444 0.0065215 0.0089247 0.0508419 0.0195724 0.0056269 0.0123678 0.0102281 0.0102524 0.0155929 0.0056150 0.0054474 0.0612229 0.0153745 0.0000000 0.0403332 0.0101822
150 D 150 0.0000000 0.0000000 0.0000000 0.9846592 0.0000000 0.0000000 0.0153408 0.0000000 0.0000000 0.0000000 0.0000000 0.0000000 0.0000000 0.0000000 0.0000000 0.0000000 0.0000000 0.0000000 0.0000000 0.0000000
151 I 151 0.0088341 0.0922513 0.0167243 0.0037152 0.0013498 0.0039472 0.0067938 0.0000000 0.0008966 0.4820662 0.0650458 0.0670417 0.0170891 0.0043283 0.0000000 0.0023600 0.0149107 0.0000000 0.0000000 0.2126458
152 R 152 0.1829408 0.0933336 0.1052665 0.0783128 0.0137497 0.1051199 0.0778700 0.0012742 0.0170704 0.0090182 0.0764212 0.0742684 0.0148917 0.0000000 0.0000000 0.0512060 0.0213076 0.0278901 0.0197948 0.0302642
153 G 153 0.3103958 0.0534044 0.0419291 0.0025839 0.0000000 0.0053154 0.0059663 0.5463506 0.0062852 0.0000000 0.0036021 0.0030788 0.0000000 0.0000000 0.0000000 0.0055369 0.0054981 0.0022786 0.0000000 0.0077749
154 I 154 0.0416776 0.0000000 0.0000000 0.0000000 0.0000000 0.0000000 0.0000000 0.0000000 0.0000000 0.6604630 0.0977235 0.0000000 0.0369809 0.0029155 0.0000000 0.0000000 0.0000000 0.0000000 0.0021783 0.1580612
155 Q 155 0.0086376 0.1130571 0.0079338 0.0064613 0.0147049 0.6756917 0.0206635 0.0000000 0.0339662 0.0086583 0.0069741 0.0552623 0.0000000 0.0000000 0.0000000 0.0059947 0.0141394 0.0167770 0.0057234 0.0053547
156 S 156 0.2313396 0.0710244 0.0203378 0.0146154 0.0000000 0.1351103 0.0487852 0.0110489 0.0386411 0.0027907 0.0150889 0.1076262 0.0119979 0.0212365 0.0000000 0.1262960 0.0212319 0.0120177 0.1011529 0.0096586
157 L 157 0.0065143 0.0032980 0.0080152 0.0000000 0.0000000 0.0031607 0.0000000 0.0000000 0.0040782 0.1655176 0.7410901 0.0100213 0.0291467 0.0000000 0.0000000 0.0000000 0.0000000 0.0000000 0.0128210 0.0163369
158 Y 158 0.0000000 0.0000000 0.0000000 0.0000000 0.0000000 0.0000000 0.0000000 0.0000000 0.0058342 0.0000000 0.0000000 0.0000000 0.0000000 0.0000000 0.0000000 0.0000000 0.0000000 0.0000000 0.9941658 0.0000000
159 G 159 0.0000000 0.0000000 0.0000000 0.0000000 0.0000000 0.0000000 0.0000000 1.0000000 0.0000000 0.0000000 0.0000000 0.0000000 0.0000000 0.0000000 0.0000000 0.0000000 0.0000000 0.0000000 0.0000000 0.0000000
