   44         A         R         N         D         C         Q         E         G         H         I         L         K         M         F         P         S         T         W         Y         V         X    
  1 N   1 0.0000000 0.0000000 0.4421335 0.0000000 0.0000000 0.0000000 0.0000000 0.0000000 0.0000000 0.0000000 0.0000000 0.0000000 0.0000000 0.0000000 0.0000000 0.0000000 0.0000000 0.0000000 0.0000000 0.0000000 0.5578665
  2 P   2 0.1016810 0.0000000 0.0000000 0.0000000 0.0000000 0.0000000 0.0000000 0.0000000 0.0000000 0.0000000 0.0000000 0.0000000 0.0000000 0.0000000 0.1804423 0.2594193 0.0000000 0.0000000 0.0000000 0.0000000 0.4584575
  3 N   3 0.0000000 0.0000000 0.6261675 0.0829047 0.0000000 0.0000000 0.0000000 0.0000000 0.0000000 0.0000000 0.0000000 0.0000000 0.0000000 0.0000000 0.0000000 0.0944915 0.0000000 0.0000000 0.0000000 0.0000000 0.1964363
  4 A   4 0.4251136 0.0000000 0.0000000 0.0000000 0.0000000 0.0000000 0.0000000 0.0000000 0.0000000 0.0000000 0.0000000 0.0000000 0.0000000 0.0000000 0.0000000 0.0000000 0.3784501 0.0000000 0.0000000 0.0000000 0.1964363
  5 Q   5 0.0000000 0.1679874 0.0000000 0.0000000 0.0000000 0.0810333 0.0000000 0.0000000 0.2933674 0.0000000 0.0000000 0.0820592 0.0000000 0.0000000 0.0000000 0.0944915 0.0846250 0.0000000 0.0000000 0.0000000 0.1964363
  6 L   6 0.0000000 0.0000000 0.0000000 0.0000000 0.0000000 0.0000000 0.0000000 0.0000000 0.0000000 0.5120677 0.1827143 0.0000000 0.0000000 0.1087817 0.0000000 0.0000000 0.0000000 0.0000000 0.0000000 0.0000000 0.1964363
  7 I   7 0.0000000 0.0000000 0.0000000 0.0000000 0.0000000 0.0000000 0.0000000 0.0000000 0.0000000 0.7018827 0.1016810 0.0000000 0.0000000 0.0000000 0.0000000 0.0000000 0.0000000 0.0000000 0.0000000 0.0000000 0.1964363
  8 E   8 0.0000000 0.0000000 0.0000000 0.1087817 0.0000000 0.0000000 0.5008814 0.0000000 0.0000000 0.0994090 0.0000000 0.0944915 0.0000000 0.0000000 0.0000000 0.0000000 0.0000000 0.0000000 0.0000000 0.0000000 0.1964363
  9 D   9 0.0829047 0.0000000 0.3735326 0.3471264 0.0000000 0.0000000 0.0000000 0.0000000 0.0000000 0.0000000 0.0000000 0.0000000 0.0000000 0.0000000 0.0000000 0.0000000 0.0000000 0.0000000 0.0000000 0.0000000 0.1964363
 10 P  10 0.0994090 0.0000000 0.0000000 0.0000000 0.0000000 0.0000000 0.0000000 0.1087817 0.0000000 0.0000000 0.0000000 0.0000000 0.0000000 0.0000000 0.5078560 0.0846250 0.1016810 0.0000000 0.0000000 0.0000000 0.0976473
 11 L  11 0.0000000 0.0000000 0.0000000 0.0000000 0.0000000 0.0000000 0.0000000 0.0000000 0.0000000 0.0976473 0.8006717 0.0000000 0.0000000 0.0000000 0.0000000 0.0000000 0.0000000 0.0000000 0.0000000 0.1016810 0.0000000
 12 D  12 0.0000000 0.0000000 0.2064291 0.3595588 0.0000000 0.0000000 0.4340121 0.0000000 0.0000000 0.0000000 0.0000000 0.0000000 0.0000000 0.0000000 0.0000000 0.0000000 0.0000000 0.0000000 0.0000000 0.0000000 0.0000000
 13 K  13 0.0000000 0.0000000 0.1087817 0.0000000 0.0000000 0.0000000 0.0820592 0.0000000 0.0000000 0.0000000 0.0976473 0.2749338 0.0000000 0.0000000 0.0987890 0.1845856 0.1532034 0.0000000 0.0000000 0.0000000 0.0000000
 14 P  14 0.0000000 0.0000000 0.0000000 0.0000000 0.0000000 0.0994090 0.0000000 0.0000000 0.0000000 0.0000000 0.1675297 0.0000000 0.0000000 0.0000000 0.3719611 0.2523185 0.0000000 0.0000000 0.1087817 0.0000000 0.0000000
 15 I  15 0.0000000 0.0000000 0.0000000 0.0000000 0.0000000 0.0000000 0.0000000 0.0000000 0.0000000 0.1786806 0.0944915 0.0000000 0.0000000 0.1506375 0.0000000 0.2692106 0.2081907 0.0000000 0.0000000 0.0987890 0.0000000
 16 Q  16 0.0000000 0.0000000 0.3919309 0.1932805 0.0000000 0.1496116 0.2651770 0.0000000 0.0000000 0.0000000 0.0000000 0.0000000 0.0000000 0.0000000 0.0000000 0.0000000 0.0000000 0.0000000 0.0000000 0.0000000 0.0000000
 17 Y  17 0.0000000 0.0000000 0.0000000 0.0000000 0.0000000 0.0000000 0.0000000 0.0000000 0.0000000 0.0000000 0.0000000 0.0000000 0.0000000 0.1823137 0.0000000 0.0000000 0.0000000 0.0000000 0.8176863 0.0000000 0.0000000
 18 R  18 0.0000000 1.0000000 0.0000000 0.0000000 0.0000000 0.0000000 0.0000000 0.0000000 0.0000000 0.0000000 0.0000000 0.0000000 0.0000000 0.0000000 0.0000000 0.0000000 0.0000000 0.0000000 0.0000000 0.0000000 0.0000000
 19 V  19 0.0000000 0.0000000 0.0000000 0.0000000 0.0000000 0.0000000 0.0000000 0.0000000 0.0000000 0.2782317 0.1087817 0.0000000 0.0000000 0.0000000 0.0000000 0.0000000 0.0976473 0.0000000 0.0000000 0.5153393 0.0000000
 20 C  20 0.0000000 0.0000000 0.0000000 0.0000000 1.0000000 0.0000000 0.0000000 0.0000000 0.0000000 0.0000000 0.0000000 0.0000000 0.0000000 0.0000000 0.0000000 0.0000000 0.0000000 0.0000000 0.0000000 0.0000000 0.0000000
 21 E  21 0.0000000 0.0000000 0.6421615 0.0944915 0.0000000 0.0000000 0.0810333 0.0000000 0.0000000 0.0000000 0.0000000 0.1823137 0.0000000 0.0000000 0.0000000 0.0000000 0.0000000 0.0000000 0.0000000 0.0000000 0.0000000
 22 K  22 0.1087817 0.0000000 0.0000000 0.1964363 0.0000000 0.0846250 0.0000000 0.1939005 0.0000000 0.0000000 0.0000000 0.1639379 0.0000000 0.0000000 0.0000000 0.2523185 0.0000000 0.0000000 0.0000000 0.0000000 0.0000000
 23 C  23 0.0000000 0.0000000 0.0000000 0.0000000 1.0000000 0.0000000 0.0000000 0.0000000 0.0000000 0.0000000 0.0000000 0.0000000 0.0000000 0.0000000 0.0000000 0.0000000 0.0000000 0.0000000 0.0000000 0.0000000 0.0000000
 24 G  24 0.0000000 0.0000000 0.0000000 0.0000000 0.0000000 0.0000000 0.0000000 1.0000000 0.0000000 0.0000000 0.0000000 0.0000000 0.0000000 0.0000000 0.0000000 0.0000000 0.0000000 0.0000000 0.0000000 0.0000000 0.0000000
 25 K  25 0.0820592 0.2981173 0.0000000 0.0000000 0.0000000 0.0000000 0.0000000 0.0000000 0.0000000 0.0000000 0.0000000 0.6198236 0.0000000 0.0000000 0.0000000 0.0000000 0.0000000 0.0000000 0.0000000 0.0000000 0.0000000
 26 P  26 0.0000000 0.0000000 0.0000000 0.0000000 0.0000000 0.0000000 0.0000000 0.0000000 0.0000000 0.0000000 0.0000000 0.0000000 0.0000000 0.0000000 1.0000000 0.0000000 0.0000000 0.0000000 0.0000000 0.0000000 0.0000000
 27 L  27 0.0000000 0.0000000 0.0000000 0.0000000 0.0000000 0.0000000 0.0000000 0.0000000 0.0000000 0.6738377 0.2316708 0.0000000 0.0000000 0.0000000 0.0000000 0.0000000 0.0000000 0.0000000 0.0000000 0.0944915 0.0000000
 28 A  28 0.4281071 0.0000000 0.0000000 0.0000000 0.0000000 0.0000000 0.0000000 0.0000000 0.0000000 0.0000000 0.0994090 0.1675297 0.0000000 0.0000000 0.0000000 0.3049542 0.0000000 0.0000000 0.0000000 0.0000000 0.0000000
 29 L  29 0.0000000 0.0000000 0.0000000 0.0000000 0.0000000 0.0000000 0.0000000 0.0000000 0.0000000 0.1087817 0.6947820 0.0000000 0.0000000 0.0000000 0.0000000 0.0000000 0.0000000 0.0000000 0.1964363 0.0000000 0.0000000
 30 T  30 0.0000000 0.0000000 0.1506375 0.0000000 0.0000000 0.0000000 0.3098717 0.0000000 0.0000000 0.0000000 0.0000000 0.0000000 0.0000000 0.0000000 0.0000000 0.2909278 0.1639379 0.0000000 0.0846250 0.0000000 0.0000000
 31 A  31 0.7074781 0.0000000 0.0000000 0.0000000 0.0000000 0.0000000 0.0000000 0.0000000 0.0000000 0.0000000 0.0000000 0.0000000 0.0000000 0.0000000 0.0000000 0.0820592 0.1016810 0.0000000 0.0000000 0.1087817 0.0000000
 32 I  32 0.0000000 0.0000000 0.0000000 0.0000000 0.0000000 0.0000000 0.0000000 0.0000000 0.0000000 0.6360340 0.3639660 0.0000000 0.0000000 0.0000000 0.0000000 0.0000000 0.0000000 0.0000000 0.0000000 0.0000000 0.0000000
 33 V  33 0.0000000 0.0000000 0.0000000 0.0000000 0.0000000 0.0000000 0.0000000 0.0000000 0.0000000 0.1822723 0.0987890 0.0000000 0.1908409 0.0000000 0.0000000 0.0000000 0.0000000 0.0000000 0.0000000 0.5280978 0.0000000
 34 D  34 0.0846250 0.0000000 0.0000000 0.7220945 0.0000000 0.0000000 0.0944915 0.0000000 0.0000000 0.0000000 0.0000000 0.0000000 0.0000000 0.0000000 0.0000000 0.0000000 0.0000000 0.0000000 0.0000000 0.0987890 0.0000000
 35 H  35 0.0000000 0.0000000 0.0000000 0.0000000 0.0000000 0.0000000 0.0000000 0.0000000 1.0000000 0.0000000 0.0000000 0.0000000 0.0000000 0.0000000 0.0000000 0.0000000 0.0000000 0.0000000 0.0000000 0.0000000 0.0000000
 36 L  36 0.0000000 0.0000000 0.0000000 0.0000000 0.0000000 0.0000000 0.0000000 0.0000000 0.0000000 0.0994090 0.9005910 0.0000000 0.0000000 0.0000000 0.0000000 0.0000000 0.0000000 0.0000000 0.0000000 0.0000000 0.0000000
 37 E  37 0.0000000 0.0000000 0.1016810 0.0000000 0.0000000 0.2909278 0.4986095 0.0000000 0.0000000 0.0000000 0.0000000 0.1087817 0.0000000 0.0000000 0.0000000 0.0000000 0.0000000 0.0000000 0.0000000 0.0000000 0.0000000
 38 N  38 0.0000000 0.0000000 0.6979378 0.0000000 0.0000000 0.0000000 0.0987890 0.0000000 0.0000000 0.0000000 0.0000000 0.0000000 0.0000000 0.0000000 0.0000000 0.0000000 0.2032733 0.0000000 0.0000000 0.0000000 0.0000000
 39 H  39 0.0000000 0.0000000 0.0829047 0.0000000 0.0000000 0.0000000 0.0000000 0.0846250 0.6291971 0.0000000 0.0000000 0.0000000 0.0000000 0.0000000 0.0000000 0.0000000 0.0000000 0.0000000 0.2032733 0.0000000 0.0000000
 40 C  40 0.0000000 0.0000000 0.0000000 0.0000000 1.0000000 0.0000000 0.0000000 0.0000000 0.0000000 0.0000000 0.0000000 0.0000000 0.0000000 0.0000000 0.0000000 0.0000000 0.0000000 0.0000000 0.0000000 0.0000000 0.0000000
 41 A  41 0.0810333 0.1964363 0.1016810 0.0000000 0.0000000 0.0000000 0.0000000 0.0000000 0.0000000 0.0000000 0.0000000 0.3297540 0.0000000 0.0000000 0.0000000 0.2910954 0.0000000 0.0000000 0.0000000 0.0000000 0.0000000
 42 G  42 0.0000000 0.0000000 0.0994090 0.0000000 0.0000000 0.0000000 0.0000000 0.4238097 0.0000000 0.0000000 0.0000000 0.0000000 0.0000000 0.0000000 0.0000000 0.1863060 0.0000000 0.0000000 0.0000000 0.0000000 0.2904754
 43 A  43 0.0810333 0.0000000 0.1837401 0.0685784 0.0000000 0.0000000 0.0000000 0.0000000 0.0000000 0.0000000 0.0000000 0.0000000 0.0000000 0.0000000 0.0000000 0.0994090 0.0000000 0.0000000 0.0000000 0.0000000 0.5672392
 44 S  44 0.0000000 0.0000000 0.1506375 0.0000000 0.0000000 0.0000000 0.0000000 0.0000000 0.0000000 0.0000000 0.0000000 0.0000000 0.0000000 0.0000000 0.0000000 0.1827143 0.0000000 0.0000000 0.0000000 0.0000000 0.6666482
