   44         A         R         N         D         C         Q         E         G         H         I         L         K         M         F         P         S         T         W         Y         V    
  1 N   1 0.0000000 0.0000000 1.0000000 0.0000000 0.0000000 0.0000000 0.0000000 0.0000000 0.0000000 0.0000000 0.0000000 0.0000000 0.0000000 0.0000000 0.0000000 0.0000000 0.0000000 0.0000000 0.0000000 0.0000000
  2 P   2 0.1958913 0.0000000 0.0000000 0.0000000 0.0000000 0.0000000 0.0000000 0.0000000 0.0000000 0.0000000 0.0000000 0.0000000 0.0000000 0.0000000 0.3295249 0.4745838 0.0000000 0.0000000 0.0000000 0.0000000
  3 N   3 0.0000000 0.0000000 0.7930163 0.0954853 0.0000000 0.0000000 0.0000000 0.0000000 0.0000000 0.0000000 0.0000000 0.0000000 0.0000000 0.0000000 0.0000000 0.1114985 0.0000000 0.0000000 0.0000000 0.0000000
  4 A   4 0.5178546 0.0000000 0.0000000 0.0000000 0.0000000 0.0000000 0.0000000 0.0000000 0.0000000 0.0000000 0.0000000 0.0000000 0.0000000 0.0000000 0.0000000 0.0000000 0.4821454 0.0000000 0.0000000 0.0000000
  5 Q   5 0.0000000 0.2131847 0.0000000 0.0000000 0.0000000 0.1065162 0.0000000 0.0000000 0.3644460 0.0000000 0.0000000 0.1059462 0.0000000 0.0000000 0.0000000 0.1114985 0.0984085 0.0000000 0.0000000 0.0000000
  6 L   6 0.0000000 0.0000000 0.0000000 0.0000000 0.0000000 0.0000000 0.0000000 0.0000000 0.0000000 0.6245231 0.2425838 0.0000000 0.0000000 0.1328932 0.0000000 0.0000000 0.0000000 0.0000000 0.0000000 0.0000000
  7 I   7 0.0000000 0.0000000 0.0000000 0.0000000 0.0000000 0.0000000 0.0000000 0.0000000 0.0000000 0.8639324 0.1360676 0.0000000 0.0000000 0.0000000 0.0000000 0.0000000 0.0000000 0.0000000 0.0000000 0.0000000
  8 E   8 0.0000000 0.0000000 0.0000000 0.1328932 0.0000000 0.0000000 0.6332340 0.0000000 0.0000000 0.1223744 0.0000000 0.1114985 0.0000000 0.0000000 0.0000000 0.0000000 0.0000000 0.0000000 0.0000000 0.0000000
  9 D   9 0.0954853 0.0000000 0.4712695 0.4332453 0.0000000 0.0000000 0.0000000 0.0000000 0.0000000 0.0000000 0.0000000 0.0000000 0.0000000 0.0000000 0.0000000 0.0000000 0.0000000 0.0000000 0.0000000 0.0000000
 10 P  10 0.1128860 0.0000000 0.0000000 0.0000000 0.0000000 0.0000000 0.0000000 0.1225892 0.0000000 0.0000000 0.0000000 0.0000000 0.0000000 0.0000000 0.5482289 0.0907783 0.1255175 0.0000000 0.0000000 0.0000000
 11 L  11 0.0000000 0.0000000 0.0000000 0.0000000 0.0000000 0.0000000 0.0000000 0.0000000 0.0000000 0.0693735 0.8138165 0.0000000 0.0000000 0.0000000 0.0000000 0.0000000 0.0000000 0.0000000 0.0000000 0.1168099
 12 D  12 0.0000000 0.0000000 0.1834583 0.3766944 0.0000000 0.0000000 0.4398473 0.0000000 0.0000000 0.0000000 0.0000000 0.0000000 0.0000000 0.0000000 0.0000000 0.0000000 0.0000000 0.0000000 0.0000000 0.0000000
 13 K  13 0.0000000 0.0000000 0.1140848 0.0000000 0.0000000 0.0000000 0.0909517 0.0000000 0.0000000 0.0000000 0.0693735 0.2922137 0.0000000 0.0000000 0.0721566 0.1987812 0.1624386 0.0000000 0.0000000 0.0000000
 14 P  14 0.0000000 0.0000000 0.0000000 0.0000000 0.0000000 0.1050547 0.0000000 0.0000000 0.0000000 0.0000000 0.1664519 0.0000000 0.0000000 0.0000000 0.3286891 0.2857195 0.0000000 0.0000000 0.1140848 0.0000000
 15 I  15 0.0000000 0.0000000 0.0000000 0.0000000 0.0000000 0.0000000 0.0000000 0.0000000 0.0000000 0.1608144 0.0957181 0.0000000 0.0000000 0.1689095 0.0000000 0.2832619 0.2191395 0.0000000 0.0000000 0.0721566
 16 Q  16 0.0000000 0.0000000 0.4269011 0.1678746 0.0000000 0.1693988 0.2358254 0.0000000 0.0000000 0.0000000 0.0000000 0.0000000 0.0000000 0.0000000 0.0000000 0.0000000 0.0000000 0.0000000 0.0000000 0.0000000
 17 Y  17 0.0000000 0.0000000 0.0000000 0.0000000 0.0000000 0.0000000 0.0000000 0.0000000 0.0000000 0.0000000 0.0000000 0.0000000 0.0000000 0.1870260 0.0000000 0.0000000 0.0000000 0.0000000 0.8129740 0.0000000
 18 R  18 0.0000000 1.0000000 0.0000000 0.0000000 0.0000000 0.0000000 0.0000000 0.0000000 0.0000000 0.0000000 0.0000000 0.0000000 0.0000000 0.0000000 0.0000000 0.0000000 0.0000000 0.0000000 0.0000000 0.0000000
 19 V  19 0.0000000 0.0000000 0.0000000 0.0000000 0.0000000 0.0000000 0.0000000 0.0000000 0.0000000 0.3034797 0.1140848 0.0000000 0.0000000 0.0000000 0.0000000 0.0000000 0.0693735 0.0000000 0.0000000 0.5130620
 20 C  20 0.0000000 0.0000000 0.0000000 0.0000000 1.0000000 0.0000000 0.0000000 0.0000000 0.0000000 0.0000000 0.0000000 0.0000000 0.0000000 0.0000000 0.0000000 0.0000000 0.0000000 0.0000000 0.0000000 0.0000000
 21 E  21 0.0000000 0.0000000 0.6258150 0.0957181 0.0000000 0.0000000 0.0914409 0.0000000 0.0000000 0.0000000 0.0000000 0.1870260 0.0000000 0.0000000 0.0000000 0.0000000 0.0000000 0.0000000 0.0000000 0.0000000
 22 K  22 0.1140848 0.0000000 0.0000000 0.1415301 0.0000000 0.0844807 0.0000000 0.2007728 0.0000000 0.0000000 0.0000000 0.1734122 0.0000000 0.0000000 0.0000000 0.2857195 0.0000000 0.0000000 0.0000000 0.0000000
 23 C  23 0.0000000 0.0000000 0.0000000 0.0000000 1.0000000 0.0000000 0.0000000 0.0000000 0.0000000 0.0000000 0.0000000 0.0000000 0.0000000 0.0000000 0.0000000 0.0000000 0.0000000 0.0000000 0.0000000 0.0000000
 24 G  24 0.0000000 0.0000000 0.0000000 0.0000000 0.0000000 0.0000000 0.0000000 1.0000000 0.0000000 0.0000000 0.0000000 0.0000000 0.0000000 0.0000000 0.0000000 0.0000000 0.0000000 0.0000000 0.0000000 0.0000000
 25 K  25 0.0909517 0.2583400 0.0000000 0.0000000 0.0000000 0.0000000 0.0000000 0.0000000 0.0000000 0.0000000 0.0000000 0.6507083 0.0000000 0.0000000 0.0000000 0.0000000 0.0000000 0.0000000 0.0000000 0.0000000
 26 P  26 0.0000000 0.0000000 0.0000000 0.0000000 0.0000000 0.0000000 0.0000000 0.0000000 0.0000000 0.0000000 0.0000000 0.0000000 0.0000000 0.0000000 1.0000000 0.0000000 0.0000000 0.0000000 0.0000000 0.0000000
 27 L  27 0.0000000 0.0000000 0.0000000 0.0000000 0.0000000 0.0000000 0.0000000 0.0000000 0.0000000 0.6439315 0.2603505 0.0000000 0.0000000 0.0000000 0.0000000 0.0000000 0.0000000 0.0000000 0.0000000 0.0957181
 28 A  28 0.4018805 0.0000000 0.0000000 0.0000000 0.0000000 0.0000000 0.0000000 0.0000000 0.0000000 0.0000000 0.1050547 0.1664519 0.0000000 0.0000000 0.0000000 0.3266128 0.0000000 0.0000000 0.0000000 0.0000000
 29 L  29 0.0000000 0.0000000 0.0000000 0.0000000 0.0000000 0.0000000 0.0000000 0.0000000 0.0000000 0.1140848 0.7443851 0.0000000 0.0000000 0.0000000 0.0000000 0.0000000 0.0000000 0.0000000 0.1415301 0.0000000
 30 T  30 0.0000000 0.0000000 0.1689095 0.0000000 0.0000000 0.0000000 0.3359495 0.0000000 0.0000000 0.0000000 0.0000000 0.0000000 0.0000000 0.0000000 0.0000000 0.2372482 0.1734122 0.0000000 0.0844807 0.0000000
 31 A  31 0.6781536 0.0000000 0.0000000 0.0000000 0.0000000 0.0000000 0.0000000 0.0000000 0.0000000 0.0000000 0.0000000 0.0000000 0.0000000 0.0000000 0.0000000 0.0909517 0.1168099 0.0000000 0.0000000 0.1140848
 32 I  32 0.0000000 0.0000000 0.0000000 0.0000000 0.0000000 0.0000000 0.0000000 0.0000000 0.0000000 0.6920180 0.3079820 0.0000000 0.0000000 0.0000000 0.0000000 0.0000000 0.0000000 0.0000000 0.0000000 0.0000000
 33 V  33 0.0000000 0.0000000 0.0000000 0.0000000 0.0000000 0.0000000 0.0000000 0.0000000 0.0000000 0.1538542 0.0721566 0.0000000 0.2050364 0.0000000 0.0000000 0.0000000 0.0000000 0.0000000 0.0000000 0.5689528
 34 D  34 0.0844807 0.0000000 0.0000000 0.7476447 0.0000000 0.0000000 0.0957181 0.0000000 0.0000000 0.0000000 0.0000000 0.0000000 0.0000000 0.0000000 0.0000000 0.0000000 0.0000000 0.0000000 0.0000000 0.0721566
 35 H  35 0.0000000 0.0000000 0.0000000 0.0000000 0.0000000 0.0000000 0.0000000 0.0000000 1.0000000 0.0000000 0.0000000 0.0000000 0.0000000 0.0000000 0.0000000 0.0000000 0.0000000 0.0000000 0.0000000 0.0000000
 36 L  36 0.0000000 0.0000000 0.0000000 0.0000000 0.0000000 0.0000000 0.0000000 0.0000000 0.0000000 0.1050547 0.8949453 0.0000000 0.0000000 0.0000000 0.0000000 0.0000000 0.0000000 0.0000000 0.0000000 0.0000000
 37 E  37 0.0000000 0.0000000 0.1168099 0.0000000 0.0000000 0.2372482 0.5318571 0.0000000 0.0000000 0.0000000 0.0000000 0.1140848 0.0000000 0.0000000 0.0000000 0.0000000 0.0000000 0.0000000 0.0000000 0.0000000
 38 N  38 0.0000000 0.0000000 0.7180406 0.0000000 0.0000000 0.0000000 0.0721566 0.0000000 0.0000000 0.0000000 0.0000000 0.0000000 0.0000000 0.0000000 0.0000000 0.0000000 0.2098028 0.0000000 0.0000000 0.0000000
 39 H  39 0.0000000 0.0000000 0.0819712 0.0000000 0.0000000 0.0000000 0.0000000 0.0844807 0.6237452 0.0000000 0.0000000 0.0000000 0.0000000 0.0000000 0.0000000 0.0000000 0.0000000 0.0000000 0.2098028 0.0000000
 40 C  40 0.0000000 0.0000000 0.0000000 0.0000000 1.0000000 0.0000000 0.0000000 0.0000000 0.0000000 0.0000000 0.0000000 0.0000000 0.0000000 0.0000000 0.0000000 0.0000000 0.0000000 0.0000000 0.0000000 0.0000000
 41 A  41 0.0914409 0.1415301 0.1168099 0.0000000 0.0000000 0.0000000 0.0000000 0.0000000 0.0000000 0.0000000 0.0000000 0.3491083 0.0000000 0.0000000 0.0000000 0.3011107 0.0000000 0.0000000 0.0000000 0.0000000
 42 G  42 0.0000000 0.0000000 0.1435591 0.0000000 0.0000000 0.0000000 0.0000000 0.5813738 0.0000000 0.0000000 0.0000000 0.0000000 0.0000000 0.0000000 0.0000000 0.2750671 0.0000000 0.0000000 0.0000000 0.0000000
 43 A  43 0.1896268 0.0000000 0.4308483 0.1616662 0.0000000 0.0000000 0.0000000 0.0000000 0.0000000 0.0000000 0.0000000 0.0000000 0.0000000 0.0000000 0.0000000 0.2178587 0.0000000 0.0000000 0.0000000 0.0000000
 44 S  44 0.0000000 0.0000000 0.4478454 0.0000000 0.0000000 0.0000000 0.0000000 0.0000000 0.0000000 0.0000000 0.0000000 0.0000000 0.0000000 0.0000000 0.0000000 0.5521546 0.0000000 0.0000000 0.0000000 0.0000000
