  119         A         R         N         D         C         Q         E         G         H         I         L         K         M         F         P         S         T         W         Y         V    
  1 G   1 0.0871022 0.0000000 0.0000000 0.0000000 0.0000000 0.0000000 0.0000000 0.3165541 0.0000000 0.0000000 0.0000000 0.0000000 0.0000000 0.0000000 0.0000000 0.5963438 0.0000000 0.0000000 0.0000000 0.0000000
  2 S   2 0.1408083 0.0000000 0.0345104 0.0112789 0.0044744 0.0168054 0.0182922 0.0133986 0.0000000 0.0422126 0.0045033 0.0625394 0.0217946 0.0000000 0.0083463 0.4448231 0.1569338 0.0000000 0.0083551 0.0109236
  3 H   3 0.0270602 0.0103218 0.0241600 0.1239293 0.0000000 0.0527697 0.0679297 0.0352952 0.1077321 0.0240661 0.0140650 0.0300947 0.0112414 0.0000000 0.0267911 0.2838835 0.1233090 0.0000000 0.0000000 0.0373511
  4 M   4 0.0762108 0.0485157 0.1185490 0.0334866 0.0026162 0.0195633 0.0331374 0.0863322 0.0130588 0.0308842 0.1675228 0.0222959 0.0590558 0.0304531 0.0515994 0.1057684 0.0433733 0.0000000 0.0026540 0.0549233
  5 G   5 0.1155827 0.0044324 0.0296029 0.0256814 0.0000000 0.0171927 0.0861720 0.2731402 0.0044968 0.0037016 0.0127307 0.0186883 0.0026093 0.0026503 0.2181764 0.1052011 0.0532492 0.0000000 0.0164606 0.0102314
  6 S   6 0.0675451 0.0141089 0.0112666 0.2304235 0.0000000 0.0145937 0.0812115 0.0196880 0.0141347 0.0021233 0.0029044 0.0116246 0.0088762 0.0000000 0.0471675 0.3542413 0.0993128 0.0000000 0.0047470 0.0160309
  7 D   7 0.0209660 0.0383276 0.0286680 0.2158362 0.0041057 0.0227165 0.1100566 0.0457706 0.0125817 0.0061060 0.0028527 0.0331241 0.0104804 0.0463321 0.2566842 0.1031331 0.0257601 0.0000000 0.0048879 0.0116103
  8 Y   8 0.0975086 0.0264181 0.0082285 0.0108099 0.0274137 0.0311465 0.0661677 0.0726610 0.0578242 0.1080249 0.0861138 0.0278373 0.0084180 0.0233020 0.0302610 0.1269016 0.0491874 0.0028413 0.0737755 0.0651590
  9 I   9 0.0615128 0.0151160 0.0211042 0.0718841 0.0116980 0.0120567 0.0807681 0.0394129 0.0176126 0.0810242 0.0663136 0.0129094 0.0056850 0.0083749 0.1163788 0.0399518 0.0809508 0.1578129 0.0224990 0.0769341
 10 I  10 0.0365972 0.0576873 0.0269011 0.0097162 0.0011037 0.0483667 0.0358163 0.0520613 0.0157050 0.0507492 0.0717656 0.0125532 0.0141400 0.0212311 0.2458431 0.1125121 0.0791869 0.0180195 0.0369442 0.0531004
 11 K  11 0.0232761 0.1296102 0.0354738 0.0165494 0.0015613 0.1697379 0.2185596 0.1260847 0.0345819 0.0030407 0.0081826 0.1022110 0.0061576 0.0000000 0.0493165 0.0315218 0.0165656 0.0000000 0.0114338 0.0161354
 12 E  12 0.0179780 0.0668106 0.0000000 0.0144451 0.0139585 0.0763160 0.1698525 0.0059359 0.0075244 0.0078147 0.0516798 0.0184757 0.0128211 0.0122753 0.3660969 0.0206463 0.0779556 0.0000000 0.0254895 0.0339240
 13 K  13 0.0030823 0.4428339 0.0020096 0.0016348 0.0071940 0.0192685 0.0954137 0.0017634 0.0398358 0.0298295 0.0535732 0.1403613 0.0024515 0.0220120 0.0120569 0.0198728 0.0080181 0.0000000 0.0532150 0.0455736
 14 T  14 0.0093706 0.0467953 0.0127622 0.0862861 0.0186452 0.0200699 0.1383042 0.0008462 0.0396210 0.0305216 0.1530098 0.0468136 0.0171394 0.0217881 0.0265577 0.0263515 0.2430757 0.0000000 0.0057529 0.0562888
 15 V  15 0.0184253 0.0014928 0.0025535 0.0044531 0.1068746 0.0024729 0.0171334 0.0000000 0.0039957 0.1914813 0.0858385 0.0029430 0.0035509 0.0038031 0.0378330 0.0097691 0.0356499 0.0000000 0.0048673 0.4668624
 16 L  16 0.0196567 0.0420936 0.0180074 0.0146665 0.0128404 0.0167696 0.1561358 0.0000000 0.0522181 0.1588705 0.0479056 0.0403520 0.0063932 0.0133366 0.0030309 0.0202611 0.1975767 0.0000000 0.0151406 0.1647447
 17 L  17 0.0013583 0.0081207 0.0087835 0.0102642 0.0082534 0.0020557 0.0612407 0.0000000 0.0091862 0.2020425 0.4989989 0.0013763 0.0162056 0.0174661 0.0018823 0.0024738 0.0266824 0.0000000 0.0016698 0.1219396
 18 Q  18 0.0149218 0.0412032 0.0257345 0.0073115 0.0098416 0.0976376 0.1086338 0.0011458 0.0755562 0.1194308 0.1573257 0.0298858 0.0283312 0.0174901 0.0160938 0.0308377 0.0534079 0.0154654 0.0194539 0.1302917
 19 K  19 0.0053036 0.3405543 0.0009706 0.0074223 0.0032604 0.0068727 0.0537372 0.0000000 0.0212509 0.0123975 0.0076078 0.4637639 0.0039106 0.0023407 0.0184518 0.0170635 0.0091820 0.0000000 0.0020490 0.0238613
 20 K  20 0.0402201 0.1609499 0.0516153 0.0507042 0.0014747 0.0800129 0.0904359 0.0572678 0.0061674 0.0020044 0.0047705 0.2999952 0.0050956 0.0000000 0.0231786 0.0842944 0.0309732 0.0012058 0.0035577 0.0060763
 21 D  21 0.0261142 0.0028543 0.0251479 0.1798781 0.0032909 0.0189964 0.1279636 0.3204611 0.0076869 0.0081979 0.0077609 0.0178443 0.0015500 0.0009721 0.1295952 0.0649866 0.0490152 0.0022628 0.0008117 0.0046100
 22 S  22 0.0554739 0.0308095 0.1876098 0.0357178 0.0043675 0.0349387 0.0487806 0.1825829 0.0217782 0.0100471 0.0029175 0.0351056 0.0030536 0.0045039 0.0960547 0.1454243 0.0715883 0.0000000 0.0015849 0.0276612
 23 E  23 0.0282493 0.0595405 0.0484179 0.0626051 0.0025944 0.0864756 0.1508543 0.1745510 0.0107101 0.0017584 0.0176436 0.1363514 0.0278830 0.0048202 0.0018198 0.0987714 0.0542048 0.0000000 0.0093151 0.0234342
 24 G  24 0.0142525 0.0114970 0.0074548 0.0237334 0.0039109 0.0063847 0.0106343 0.6821727 0.0033576 0.0070451 0.0010242 0.0355523 0.0000000 0.0000000 0.0278185 0.1233939 0.0404726 0.0000000 0.0000000 0.0012954
 25 F  25 0.0000000 0.0000000 0.0000000 0.0000000 0.0016786 0.0000000 0.0000000 0.0000000 0.0012780 0.0057831 0.5113408 0.0000000 0.0023194 0.3411655 0.0022368 0.0000000 0.0000000 0.0072421 0.1253114 0.0016444
 26 G  26 0.0031982 0.0000000 0.0000000 0.0000000 0.0000000 0.0000000 0.0000000 0.9919390 0.0000000 0.0000000 0.0048628 0.0000000 0.0000000 0.0000000 0.0000000 0.0000000 0.0000000 0.0000000 0.0000000 0.0000000
 27 F  27 0.0000000 0.0000000 0.0000000 0.0000000 0.0000000 0.0000000 0.0000000 0.0000000 0.0000000 0.1495142 0.1289640 0.0000000 0.0216811 0.6884416 0.0000000 0.0000000 0.0000000 0.0000000 0.0022374 0.0091617
 28 V  28 0.0276417 0.0596106 0.1020674 0.0016717 0.0027716 0.0097206 0.0256394 0.0165739 0.0400660 0.0102030 0.0066417 0.0069532 0.0089965 0.0134076 0.0013643 0.4341379 0.1604591 0.0000000 0.0087454 0.0633283
 29 L  29 0.0000000 0.0000000 0.0000000 0.0000000 0.0000000 0.0000000 0.0000000 0.0000000 0.0000000 0.5805932 0.2904047 0.0000000 0.0045622 0.0028474 0.0000000 0.0000000 0.0000000 0.0000000 0.0000000 0.1215925
 30 R  30 0.2116703 0.2120053 0.0081553 0.0022553 0.0065563 0.0500019 0.0092802 0.0089067 0.0498718 0.0672962 0.0282347 0.0696231 0.0092218 0.0022984 0.0000000 0.0398825 0.0308891 0.0000000 0.0010572 0.1927940
 31 G  31 0.0521437 0.0043519 0.0000000 0.0097996 0.0014325 0.0102031 0.0148726 0.7496677 0.0340067 0.0131708 0.0000000 0.0031799 0.0000000 0.0000000 0.0000000 0.0788453 0.0233955 0.0000000 0.0000000 0.0049306
 32 A  32 0.0516587 0.0048714 0.0054247 0.0186176 0.0000000 0.0172756 0.0516265 0.6343432 0.0077449 0.0480157 0.0257421 0.0149858 0.0018292 0.0296185 0.0024434 0.0407100 0.0096377 0.0011016 0.0275057 0.0068477
 33 K  33 0.0535387 0.1982950 0.0089674 0.0292204 0.0065140 0.0111913 0.0383122 0.0020895 0.0113327 0.0900370 0.0216045 0.3037339 0.0020453 0.0023639 0.0061921 0.0318928 0.0696555 0.0000000 0.0000000 0.1130138
 34 A  34 0.0553906 0.0319367 0.0591470 0.2595455 0.0017569 0.0069154 0.1148560 0.2236256 0.0083438 0.0029298 0.0037973 0.0059600 0.0012833 0.0017454 0.0129667 0.1017672 0.0093731 0.0017390 0.0000000 0.0969207
 35 Q  35 0.0081756 0.0572851 0.1240423 0.0262285 0.0120936 0.0859999 0.0797183 0.0845816 0.0888989 0.0000000 0.0150180 0.0612963 0.0166697 0.0025641 0.0218580 0.1180077 0.0696111 0.0000000 0.1090219 0.0189292
 36 T  36 0.0141362 0.0100989 0.0746184 0.0548182 0.0000000 0.0528702 0.0126845 0.0929844 0.0039901 0.0098315 0.0294006 0.0674014 0.0256146 0.0018750 0.2435836 0.0755469 0.1750480 0.0000000 0.0235223 0.0319753
 37 P  37 0.0108903 0.0183374 0.0103882 0.0153896 0.0133480 0.0235518 0.0546981 0.2736852 0.1185017 0.0072997 0.0498144 0.0164096 0.0339842 0.0190562 0.2135235 0.0389114 0.0020025 0.0000000 0.0635464 0.0166618
 38 I  38 0.0366573 0.0560911 0.0326047 0.0331076 0.0051032 0.0526086 0.0885213 0.1381650 0.0039231 0.1529367 0.0908345 0.0185932 0.0034456 0.1104314 0.0209754 0.0260952 0.0221461 0.0193709 0.0462209 0.0421682
 39 E  39 0.0497569 0.0310565 0.0000000 0.0691882 0.0032185 0.0721057 0.0618261 0.1106337 0.0311941 0.0385853 0.2152222 0.1101362 0.0211411 0.0099532 0.0253588 0.0790710 0.0230251 0.0000000 0.0125427 0.0359848
 40 E  40 0.0798222 0.0982028 0.0579348 0.1106714 0.0259491 0.1024095 0.1186365 0.0829115 0.0442986 0.0335096 0.0201590 0.0207438 0.0000000 0.0000000 0.0324289 0.0502162 0.0526656 0.0000000 0.0387506 0.0306900
 41 F  41 0.0418290 0.0287653 0.0735737 0.1016979 0.0353525 0.0568518 0.0067841 0.1461658 0.0276810 0.0257018 0.0920154 0.0024356 0.0032457 0.1131877 0.0142912 0.1160470 0.0192637 0.0121058 0.0382672 0.0447378
 42 T  42 0.0209167 0.0371335 0.0937709 0.0809940 0.0206764 0.0678358 0.0383298 0.0571617 0.0929811 0.0675599 0.0323484 0.0608371 0.0031949 0.0404827 0.0489299 0.0710735 0.1233296 0.0000000 0.0379455 0.0044986
 43 P  43 0.0173384 0.0127716 0.1549040 0.1692675 0.0195992 0.0069258 0.0284924 0.0654929 0.0033378 0.0042244 0.0140377 0.0309652 0.0000000 0.0163187 0.2969658 0.1063373 0.0375846 0.0000000 0.0000000 0.0154367
 44 T  44 0.0324912 0.0066590 0.0263189 0.0517619 0.0211893 0.0206215 0.0523123 0.1118456 0.0108348 0.0381969 0.0555134 0.0470488 0.0207195 0.0727911 0.0047314 0.2450550 0.1408089 0.0032850 0.0070182 0.0307972
 45 P  45 0.0526269 0.0312555 0.0408236 0.2525128 0.0221418 0.0485665 0.1388708 0.0858495 0.0114085 0.0108876 0.0321787 0.0296017 0.0047531 0.0086328 0.1211310 0.0476505 0.0202096 0.0023719 0.0137324 0.0247950
 46 A  46 0.0955055 0.0692840 0.0279748 0.0689263 0.0166422 0.0389810 0.1266191 0.0520400 0.0249268 0.0289275 0.0930377 0.0799187 0.0070931 0.0257982 0.1087803 0.0433895 0.0346643 0.0000000 0.0041244 0.0533666
 47 F  47 0.0278868 0.0148491 0.0485821 0.0517787 0.0116541 0.0342312 0.0480446 0.1587675 0.0083723 0.0187574 0.0624584 0.0248733 0.0106513 0.0645129 0.0452775 0.1070095 0.0730445 0.0100966 0.1093786 0.0697735
 48 P  48 0.0672982 0.0838874 0.0152859 0.2521165 0.0062922 0.0169150 0.1519818 0.0411156 0.0069346 0.0065599 0.0170001 0.0489011 0.0203744 0.0052586 0.1071301 0.0657599 0.0606108 0.0000000 0.0000000 0.0265780
 49 A  49 0.0932281 0.0408316 0.0304009 0.0229936 0.0080155 0.0321752 0.1195441 0.0370825 0.0094419 0.0439105 0.0566667 0.0421394 0.1015709 0.0010345 0.1054778 0.0646262 0.0770980 0.0000000 0.0051348 0.1086280
 50 L  50 0.0248174 0.0029401 0.0174292 0.0069291 0.0260549 0.0053510 0.0045808 0.4816371 0.0538409 0.0125607 0.0689933 0.0128070 0.0008577 0.0086997 0.1696509 0.0433379 0.0070212 0.0015100 0.0052969 0.0456841
 51 Q  51 0.0000000 0.0064923 0.0027297 0.0000000 0.0061333 0.1476074 0.0019561 0.0010901 0.1100672 0.4519022 0.0425483 0.0000000 0.0064235 0.0032584 0.0051157 0.0030230 0.0387652 0.0000000 0.0000000 0.1728876
 52 Y  52 0.0040243 0.0109685 0.0026849 0.0000000 0.0038467 0.0056828 0.0009312 0.0000000 0.0234223 0.0669649 0.0658760 0.0372254 0.0163714 0.3985127 0.0029805 0.0014460 0.0131637 0.0047353 0.2492696 0.0918940
 53 L  53 0.0044109 0.0000000 0.0000000 0.0000000 0.0020348 0.0000000 0.0000000 0.0000000 0.0000000 0.5039389 0.0463799 0.0000000 0.0080556 0.0133735 0.0000000 0.0023212 0.0000000 0.0026023 0.0000000 0.4168828
 54 E  54 0.0386195 0.0801128 0.0062994 0.0315475 0.0316188 0.0252353 0.0525547 0.0650323 0.0338681 0.0037735 0.0232297 0.1828453 0.0094717 0.0000000 0.0000000 0.2676540 0.0991383 0.0249557 0.0010153 0.0230281
 55 S  55 0.0672766 0.1250465 0.0380744 0.0763521 0.0066096 0.0469217 0.0951651 0.0368859 0.0541243 0.0008049 0.0128695 0.1740245 0.0227581 0.0261284 0.0057768 0.1417796 0.0424061 0.0044739 0.0143465 0.0081755
 56 V  56 0.0021466 0.0000000 0.0000000 0.0000000 0.0013326 0.0000000 0.0000000 0.0000000 0.0000000 0.4064452 0.0886886 0.0000000 0.0080574 0.0000000 0.0154994 0.0000000 0.0095580 0.0000000 0.0000000 0.4682722
 57 D  57 0.0348710 0.0351809 0.0367022 0.1277953 0.0011680 0.0625369 0.0875596 0.0107060 0.0228877 0.1176453 0.1292230 0.0350620 0.0090240 0.0538075 0.0000000 0.0380036 0.0712309 0.0000000 0.0218473 0.1047489
 58 E  58 0.0764952 0.0258880 0.0063785 0.0679587 0.0084953 0.0223263 0.2447017 0.0053087 0.0100385 0.0059674 0.0119354 0.0951873 0.0042098 0.0007185 0.3375210 0.0473422 0.0096833 0.0000000 0.0088415 0.0110027
 59 G  59 0.0154184 0.0324789 0.0921240 0.1447399 0.0014949 0.0132104 0.0562288 0.5289860 0.0106546 0.0007126 0.0105361 0.0278360 0.0033736 0.0009824 0.0045032 0.0379203 0.0079651 0.0000000 0.0037027 0.0071321
 60 G  60 0.0078419 0.0008862 0.0061104 0.0000000 0.0072267 0.0237022 0.0000000 0.6077622 0.0013978 0.0000000 0.0154524 0.0029514 0.0074135 0.0029723 0.0063742 0.2928806 0.0154565 0.0000000 0.0000000 0.0015717
 61 V  61 0.2869045 0.0057039 0.0041701 0.0012314 0.0051646 0.0038848 0.0067527 0.0013807 0.0021032 0.0480457 0.0317583 0.0102555 0.0035055 0.0018662 0.4095862 0.0350295 0.0080540 0.0071792 0.0000000 0.1274239
 62 A  62 0.9255667 0.0000000 0.0000000 0.0084928 0.0089224 0.0046006 0.0000000 0.0052488 0.0015867 0.0060392 0.0017116 0.0055400 0.0000000 0.0000000 0.0000000 0.0049108 0.0025603 0.0000000 0.0000000 0.0248200
 63 W  63 0.1808193 0.0136323 0.0007161 0.2337195 0.0086396 0.0460054 0.1972209 0.0604865 0.0743140 0.0054203 0.0094761 0.0149134 0.0093344 0.0240847 0.0010867 0.0504886 0.0000000 0.0379971 0.0263317 0.0053132
 64 R  64 0.0611891 0.2890898 0.0189104 0.0167297 0.0175046 0.1127162 0.0711935 0.0059035 0.0292842 0.0137615 0.1060060 0.1639059 0.0152751 0.0040975 0.0000000 0.0245862 0.0168159 0.0000000 0.0047427 0.0282882
 65 A  65 0.3239703 0.0030456 0.0261000 0.3084890 0.0551747 0.0102540 0.0167599 0.0430328 0.0085831 0.0012403 0.0134601 0.0026994 0.0008772 0.0000000 0.0026327 0.1106584 0.0691583 0.0000000 0.0000000 0.0038645
 66 G  66 0.0146859 0.0376567 0.0073024 0.0009003 0.0000000 0.0107527 0.0015581 0.8788792 0.0014703 0.0000000 0.0031689 0.0288009 0.0000000 0.0000000 0.0009885 0.0116835 0.0021526 0.0000000 0.0000000 0.0000000
 67 L  67 0.0000000 0.0000000 0.0000000 0.0000000 0.0000000 0.0000000 0.0000000 0.0000000 0.0000000 0.0929167 0.8093548 0.0000000 0.0490234 0.0000000 0.0000000 0.0000000 0.0000000 0.0000000 0.0000000 0.0487051
 68 R  68 0.0155294 0.2883036 0.0110014 0.0044328 0.0331051 0.1613706 0.0304659 0.0031973 0.0310627 0.0060105 0.0549174 0.2225525 0.0254622 0.0242624 0.0123527 0.0169261 0.0155247 0.0149401 0.0115268 0.0170559
 69 M  69 0.1144661 0.0458443 0.0094711 0.0246877 0.0052945 0.0213384 0.0930272 0.0000000 0.0007914 0.0810180 0.0158407 0.0418027 0.0285438 0.0024678 0.1382348 0.0310904 0.0866542 0.0000000 0.0000000 0.2594267
 70 G  70 0.0202255 0.0039068 0.0560817 0.0109797 0.0000000 0.0168475 0.0104214 0.8376758 0.0154088 0.0000000 0.0032132 0.0061887 0.0046962 0.0000000 0.0000000 0.0025912 0.0047111 0.0013041 0.0057482 0.0000000
 71 D  71 0.0123432 0.0000000 0.0019911 0.9495097 0.0000000 0.0050370 0.0022490 0.0010038 0.0013167 0.0000000 0.0039597 0.0013371 0.0149071 0.0000000 0.0000000 0.0000000 0.0042048 0.0000000 0.0010239 0.0011171
 72 F  72 0.0332200 0.3530725 0.0000000 0.0000000 0.0201034 0.1443553 0.0720097 0.0037822 0.0368881 0.0443433 0.0642340 0.0821785 0.0085198 0.0400117 0.0000000 0.0054560 0.0095024 0.0009445 0.0115113 0.0698674
 73 L  73 0.0021649 0.0000000 0.0000000 0.0000000 0.0000000 0.0000000 0.0000000 0.0000000 0.0000000 0.5832304 0.3089836 0.0000000 0.0000000 0.0022182 0.0000000 0.0000000 0.0000000 0.0000000 0.0000000 0.1034029
 74 I  74 0.0194901 0.0000000 0.0000000 0.0000000 0.0015078 0.0013131 0.0000000 0.0000000 0.0032216 0.1735104 0.5187784 0.0132109 0.0380358 0.0011514 0.0000000 0.0081290 0.0402996 0.0021999 0.0000000 0.1791521
 75 E  75 0.1672667 0.0366972 0.0108289 0.0110476 0.0129473 0.0600481 0.3449912 0.0103488 0.0352847 0.0000000 0.0022726 0.0650835 0.0148507 0.0235028 0.0000000 0.1590080 0.0185463 0.0045102 0.0204324 0.0023329
 76 V  76 0.0113455 0.0000000 0.0000000 0.0000000 0.0058922 0.0000000 0.0000000 0.0000000 0.0000000 0.2598940 0.0094202 0.0000000 0.0021666 0.0000000 0.0000000 0.0000000 0.0000000 0.0000000 0.0000000 0.7112815
 77 N  77 0.0060576 0.0016873 0.8307683 0.0931983 0.0131205 0.0028391 0.0047545 0.0266394 0.0024073 0.0000000 0.0000000 0.0000000 0.0012092 0.0000000 0.0000000 0.0116371 0.0000000 0.0000000 0.0056814 0.0000000
 78 G  78 0.0039424 0.0074295 0.0702539 0.0825330 0.0007804 0.0149193 0.0460701 0.6947353 0.0248716 0.0000000 0.0009023 0.0113925 0.0012327 0.0000000 0.0000000 0.0366762 0.0017204 0.0016642 0.0008763 0.0000000
 79 Q  79 0.0214908 0.0221311 0.0174770 0.0089417 0.0114487 0.1170265 0.1643493 0.0006105 0.0285893 0.1296677 0.0236734 0.0437820 0.0179002 0.0032293 0.0000000 0.0097913 0.1102939 0.0060847 0.0180009 0.2455114
 80 N  80 0.0239941 0.0169991 0.2136902 0.2518810 0.0426048 0.0037608 0.0172778 0.0031988 0.0054562 0.0119131 0.0046853 0.0033903 0.0022047 0.0088835 0.0934028 0.2457133 0.0172750 0.0010476 0.0029005 0.0297213
 81 V  81 0.0048121 0.0000000 0.0000000 0.0000000 0.0076168 0.0000000 0.0000000 0.0000000 0.0000000 0.0783340 0.3150642 0.0000000 0.0651499 0.0262010 0.0000000 0.0045633 0.0597510 0.0000000 0.0000000 0.4385078
 82 V  82 0.0310427 0.1526915 0.0056151 0.0563888 0.0014201 0.0939785 0.2321466 0.0077686 0.0298418 0.0389099 0.0836726 0.0421577 0.0057308 0.0016083 0.0024893 0.0480265 0.0811182 0.0008614 0.0153773 0.0691544
 83 K  83 0.0194749 0.0143574 0.1918921 0.0932447 0.0026536 0.0152675 0.0555109 0.3750904 0.0355323 0.0008999 0.0052403 0.0889911 0.0071171 0.0019903 0.0000000 0.0506002 0.0268159 0.0066971 0.0071927 0.0014315
 84 V  84 0.2366153 0.0208512 0.0014116 0.0056965 0.0306600 0.0036552 0.0724852 0.0062376 0.0095446 0.0466817 0.1476093 0.0784818 0.0820316 0.0466447 0.0000000 0.0380973 0.0093986 0.0037278 0.0224352 0.1377348
 85 G  85 0.0166484 0.0411855 0.0225955 0.0378758 0.0131720 0.0183234 0.0431092 0.0466431 0.0143187 0.0058294 0.0049060 0.0226705 0.0048412 0.0028265 0.0466987 0.2384300 0.3874662 0.0000000 0.0042829 0.0281769
 86 H  86 0.0032062 0.0270716 0.0248378 0.0037322 0.0081452 0.0216786 0.0000000 0.0000000 0.7655510 0.0064165 0.0384586 0.0012677 0.0031490 0.0102531 0.0000000 0.0219057 0.0089425 0.0000000 0.0500539 0.0053304
 87 R  87 0.1055546 0.0409556 0.0299582 0.1159670 0.0059937 0.1219051 0.2569553 0.0249519 0.0242370 0.0031614 0.0249509 0.0690657 0.0060098 0.0058588 0.0150076 0.0797778 0.0494618 0.0000000 0.0155500 0.0046778
 88 Q  88 0.0249219 0.0300678 0.0311424 0.1375063 0.0014466 0.2955171 0.3069033 0.0033291 0.0218982 0.0024931 0.0124869 0.0495689 0.0033083 0.0058591 0.0000000 0.0144564 0.0353668 0.0000000 0.0144733 0.0092546
 89 V  89 0.4838865 0.0024990 0.0000000 0.0016403 0.0066343 0.0000000 0.0000000 0.0015787 0.0000000 0.0584415 0.0235622 0.0017770 0.0089807 0.0064830 0.0000000 0.0078105 0.0085240 0.0000000 0.0000000 0.3881824
 90 V  90 0.0757624 0.0152425 0.0111637 0.0000000 0.0033744 0.0031504 0.0000000 0.0012994 0.0039936 0.1015151 0.0427139 0.0025031 0.0078637 0.0047272 0.0000000 0.0279548 0.0065077 0.0021011 0.0040434 0.6860837
 91 N  91 0.1547851 0.0503619 0.1055728 0.0998277 0.0011425 0.1293565 0.2144484 0.0106638 0.0180121 0.0015727 0.0212494 0.0467972 0.0068515 0.0000000 0.0060143 0.0902111 0.0332371 0.0006855 0.0057510 0.0034595
 92 M  92 0.1704003 0.0556946 0.0017842 0.0000000 0.0094397 0.0112373 0.0110834 0.0012368 0.0045036 0.1304681 0.3335463 0.0316201 0.0687828 0.0217428 0.0000000 0.0071876 0.0164186 0.0016131 0.0054253 0.1178154
 93 I  93 0.0081827 0.0000000 0.0000000 0.0000000 0.0017142 0.0000000 0.0000000 0.0000000 0.0000000 0.3343524 0.5496981 0.0000000 0.0343217 0.0403857 0.0000000 0.0000000 0.0000000 0.0000000 0.0000000 0.0313451
 94 R  94 0.0215424 0.2830047 0.0025398 0.0032576 0.0022558 0.1040871 0.0080123 0.0073776 0.0086484 0.0079265 0.0671115 0.4197171 0.0012140 0.0000000 0.0000000 0.0168888 0.0336844 0.0055549 0.0000000 0.0071770
 95 Q  95 0.1268013 0.0686838 0.1435901 0.0387239 0.0180589 0.1334711 0.0869657 0.0459055 0.0211155 0.0008381 0.0128107 0.1268155 0.0068532 0.0000000 0.0000000 0.1163207 0.0457613 0.0000000 0.0000000 0.0072846
 96 G  96 0.2989274 0.0059367 0.0148238 0.0027839 0.0910818 0.0202000 0.0028152 0.0983871 0.0031758 0.0235394 0.0222451 0.0070890 0.0023212 0.0128525 0.0225222 0.2481659 0.0829678 0.0000000 0.0043587 0.0358066
 97 G  97 0.0317697 0.0245553 0.0012150 0.0290870 0.0060619 0.0400291 0.0497742 0.5586001 0.0108780 0.0000000 0.0098778 0.0492213 0.0034546 0.0026244 0.0946136 0.0474161 0.0305264 0.0000000 0.0043983 0.0058972
 98 N  98 0.0452235 0.0470873 0.1971561 0.1528599 0.0016328 0.0810578 0.0823410 0.1397623 0.0029268 0.0103883 0.0165841 0.0405501 0.0053585 0.0028473 0.0508255 0.0905919 0.0253719 0.0000000 0.0035364 0.0038986
 99 T  99 0.0251961 0.0955216 0.0191079 0.0161299 0.0146387 0.0525585 0.1404763 0.0024972 0.0422994 0.0317806 0.0341502 0.0870469 0.0102249 0.0181568 0.0548420 0.0870696 0.1746024 0.0042784 0.0104511 0.0789716
100 L 100 0.0263474 0.0000000 0.0000000 0.0000000 0.0108124 0.0000000 0.0000000 0.0009653 0.0000000 0.1091524 0.1860529 0.0022694 0.0137110 0.0039583 0.0067096 0.0000000 0.0354735 0.0000000 0.0000000 0.6045477
101 M 101 0.0218225 0.1783131 0.0368449 0.0371696 0.0170676 0.0443128 0.0473361 0.0047825 0.0316655 0.0197891 0.0251684 0.0960258 0.0246340 0.0030660 0.0068782 0.0833071 0.2267677 0.0014339 0.0129147 0.0807003
102 V 102 0.0000000 0.0000000 0.0000000 0.0000000 0.0000000 0.0017228 0.0000000 0.0000000 0.0000000 0.0951675 0.7186727 0.0000000 0.0947864 0.0472861 0.0019008 0.0000000 0.0000000 0.0000000 0.0000000 0.0404636
103 K 103 0.0083755 0.0380228 0.0027872 0.0038137 0.0052755 0.0328210 0.0728015 0.0181363 0.0100655 0.0655378 0.2214838 0.0948441 0.0172202 0.0030181 0.0011977 0.0258840 0.1696288 0.0000000 0.0167312 0.1923554
104 V 104 0.0333160 0.0000000 0.0000000 0.0000000 0.0076319 0.0000000 0.0000000 0.0000000 0.0000000 0.1621056 0.1116316 0.0000000 0.0018761 0.0115242 0.0000000 0.0000000 0.0475806 0.0000000 0.0035647 0.6207693
105 V 105 0.0714688 0.1010396 0.0013948 0.0000000 0.0718362 0.1385545 0.0244827 0.0155874 0.0126278 0.0739048 0.1311785 0.0428177 0.0301899 0.0029597 0.0000000 0.0292586 0.0479121 0.0068942 0.0168745 0.1810181
106 M 106 0.0161089 0.4510720 0.0091986 0.0848927 0.0010472 0.0046100 0.0012721 0.0034765 0.0331322 0.0028696 0.0027161 0.0322165 0.0196722 0.0106241 0.1046844 0.1178640 0.0291165 0.0000000 0.0707061 0.0047203
107 V 107 0.0165268 0.0907601 0.0072160 0.0684159 0.0054288 0.0169937 0.0736670 0.1977278 0.0124314 0.0663306 0.1087724 0.0885094 0.0097918 0.0061174 0.0779826 0.0128597 0.0294072 0.0054394 0.0065212 0.0991009
108 T 108 0.0307098 0.0659948 0.0180437 0.0933024 0.0027868 0.0121311 0.1446594 0.0784885 0.0098542 0.0263768 0.0568901 0.0468649 0.0019803 0.0065221 0.1300641 0.0796067 0.0999849 0.0000000 0.0558609 0.0398786
109 R 109 0.0473034 0.1667893 0.0276171 0.0365276 0.0031668 0.0446926 0.2058999 0.0107938 0.0034429 0.0043632 0.0423776 0.0674342 0.0145606 0.0020505 0.2035370 0.0567537 0.0392972 0.0012901 0.0068237 0.0152789
110 H 110 0.0359633 0.0725185 0.0402087 0.1695443 0.0037836 0.0508074 0.0156505 0.0510084 0.0428465 0.0195056 0.1112762 0.0785474 0.0210211 0.0014505 0.1095754 0.0432945 0.0347615 0.0017977 0.0507424 0.0456967
111 P 111 0.0497698 0.0108718 0.0025948 0.0135915 0.0020014 0.0406139 0.0636527 0.0019220 0.0000000 0.0197558 0.0292663 0.0561858 0.0062886 0.0000000 0.5156794 0.1239152 0.0188262 0.0000000 0.0229328 0.0221321
112 D 112 0.0555224 0.0602125 0.0146992 0.1231147 0.0000000 0.0234545 0.3612562 0.0534068 0.0099251 0.0346988 0.0078163 0.0486932 0.0059391 0.0015458 0.0527962 0.0794110 0.0117413 0.0000000 0.0144558 0.0413109
113 M 113 0.0579432 0.0124320 0.0030094 0.0410751 0.0029125 0.0128596 0.0735808 0.0033884 0.0041264 0.0110245 0.1494667 0.0276589 0.0567806 0.1198272 0.0951055 0.0500120 0.1443080 0.0000000 0.0653317 0.0691576
114 D 114 0.0151958 0.0388313 0.0327524 0.2923069 0.0000000 0.0881430 0.4218665 0.0033451 0.0063818 0.0043613 0.0036905 0.0213129 0.0092252 0.0000000 0.0050723 0.0397283 0.0062019 0.0000000 0.0000000 0.0115849
115 E 115 0.0828159 0.0610295 0.0639079 0.1564292 0.0000000 0.0938435 0.3243106 0.0372347 0.0000000 0.0066622 0.0112642 0.0702869 0.0033206 0.0024675 0.0158382 0.0416161 0.0247386 0.0042345 0.0000000 0.0000000
116 A 116 0.0932545 0.0663571 0.0217353 0.0129737 0.0666357 0.0491761 0.0500813 0.0057634 0.0186680 0.0611227 0.0364260 0.0979785 0.0333365 0.0553104 0.0118405 0.1237510 0.0510917 0.0000000 0.0683170 0.0761806
117 V 117 0.0359449 0.0032836 0.0000000 0.0000000 0.0596093 0.0069123 0.0105202 0.0000000 0.0034614 0.1120778 0.2230637 0.0000000 0.0844652 0.1359643 0.0122934 0.0379157 0.0198156 0.0040978 0.0468913 0.2036834
118 H 118 0.0000000 0.2465619 0.0109718 0.0000000 0.0000000 0.1852192 0.1276347 0.0000000 0.1743707 0.0090411 0.0000000 0.2093625 0.0000000 0.0000000 0.0000000 0.0211489 0.0000000 0.0000000 0.0000000 0.0156891
119 K 119 0.0000000 0.1956736 0.0000000 0.0000000 0.0000000 0.1642479 0.1005770 0.0000000 0.0000000 0.0000000 0.0000000 0.5395015 0.0000000 0.0000000 0.0000000 0.0000000 0.0000000 0.0000000 0.0000000 0.0000000
