  119         A         R         N         D         C         Q         E         G         H         I         L         K         M         F         P         S         T         W         Y         V         X    
  1 G   1 0.0101907 0.0000000 0.0000000 0.0000000 0.0000000 0.0000000 0.0000000 0.0371176 0.0000000 0.0000000 0.0000000 0.0000000 0.0000000 0.0000000 0.0000000 0.0707019 0.0000000 0.0000000 0.0000000 0.0000000 0.8819898
  2 S   2 0.0267238 0.0000000 0.0063523 0.0020798 0.0008232 0.0030711 0.0034204 0.0024667 0.0000000 0.0077070 0.0008453 0.0117700 0.0040551 0.0000000 0.0015728 0.0843606 0.0293777 0.0000000 0.0015357 0.0019986 0.8118398
  3 H   3 0.0066775 0.0024941 0.0058730 0.0297717 0.0000000 0.0126945 0.0176412 0.0082584 0.0261015 0.0058018 0.0033803 0.0071047 0.0027774 0.0000000 0.0063963 0.0709357 0.0297413 0.0000000 0.0000000 0.0091155 0.7552350
  4 M   4 0.0225940 0.0142487 0.0365802 0.0098501 0.0007698 0.0057478 0.0098492 0.0251676 0.0038195 0.0090765 0.0513733 0.0066499 0.0188116 0.0089430 0.0150685 0.0307860 0.0127480 0.0000000 0.0007825 0.0162832 0.7008509
  5 G   5 0.0394595 0.0014099 0.0095481 0.0083523 0.0000000 0.0055178 0.0276392 0.0882113 0.0014374 0.0011849 0.0040206 0.0060068 0.0008293 0.0008421 0.0724953 0.0341017 0.0173330 0.0000000 0.0052512 0.0032662 0.6730935
  6 S   6 0.0271418 0.0055451 0.0048129 0.0920852 0.0000000 0.0057856 0.0317137 0.0078526 0.0056681 0.0008304 0.0011662 0.0045840 0.0035182 0.0000000 0.0199827 0.1448452 0.0408772 0.0000000 0.0018759 0.0064544 0.5952607
  7 D   7 0.0100899 0.0183142 0.0136349 0.1053531 0.0019466 0.0110209 0.0539890 0.0231661 0.0061025 0.0029269 0.0013430 0.0157815 0.0051485 0.0219178 0.1237379 0.0511168 0.0123919 0.0000000 0.0023142 0.0056303 0.5140740
  8 Y   8 0.0506937 0.0132248 0.0042051 0.0055574 0.0140667 0.0159032 0.0340019 0.0390659 0.0296943 0.0609308 0.0448154 0.0141966 0.0043955 0.0112785 0.0154997 0.0654262 0.0253601 0.0015182 0.0379368 0.0336418 0.4785875
  9 I   9 0.0347467 0.0083587 0.0115651 0.0403329 0.0061832 0.0064753 0.0454077 0.0218803 0.0095709 0.0434482 0.0361599 0.0072475 0.0032921 0.0045300 0.0641807 0.0217417 0.0437747 0.0871835 0.0118820 0.0421949 0.4498439
 10 I  10 0.0212998 0.0357819 0.0176097 0.0056634 0.0006544 0.0282512 0.0209036 0.0298406 0.0091612 0.0290758 0.0419876 0.0073210 0.0081476 0.0137341 0.1439448 0.0654793 0.0473539 0.0116804 0.0225794 0.0324974 0.4070329
 11 K  11 0.0146940 0.0843373 0.0224643 0.0105253 0.0009780 0.1109364 0.1417260 0.0812200 0.0221603 0.0019209 0.0051617 0.0651595 0.0050651 0.0000000 0.0314771 0.0202647 0.0105280 0.0000000 0.0072225 0.0100727 0.3540862
 12 E  12 0.0124079 0.0461948 0.0000000 0.0099246 0.0098316 0.0524815 0.1199344 0.0040553 0.0052003 0.0054356 0.0353560 0.0128108 0.0090385 0.0094534 0.2610517 0.0142015 0.0546384 0.0000000 0.0180329 0.0237898 0.2961610
 13 K  13 0.0022061 0.3263064 0.0014226 0.0011801 0.0051922 0.0141195 0.0728970 0.0012546 0.0288684 0.0214831 0.0390288 0.1013858 0.0027720 0.0160989 0.0087150 0.0142269 0.0057416 0.0000000 0.0390623 0.0336716 0.2643672
 14 T  14 0.0073859 0.0412257 0.0113996 0.0698421 0.0151535 0.0162107 0.1115040 0.0006768 0.0324614 0.0248338 0.1266225 0.0378402 0.0136629 0.0190659 0.0213918 0.0211196 0.1955847 0.0000000 0.0046562 0.0450560 0.1843067
 15 V  15 0.0152583 0.0012364 0.0021172 0.0036388 0.0908132 0.0021013 0.0153086 0.0000000 0.0032402 0.1650105 0.0712096 0.0023995 0.0029898 0.0030932 0.0314417 0.0082597 0.0302556 0.0000000 0.0040847 0.3926522 0.1548896
 16 L  16 0.0170271 0.0373842 0.0156570 0.0128605 0.0107893 0.0150420 0.1399275 0.0000000 0.0472650 0.1385132 0.0415139 0.0354997 0.0055089 0.0123317 0.0026619 0.0184072 0.1749982 0.0000000 0.0132334 0.1480368 0.1133425
 17 L  17 0.0011659 0.0074360 0.0075969 0.0082790 0.0071391 0.0029555 0.0543039 0.0000000 0.0079679 0.1777177 0.4383952 0.0011704 0.0140300 0.0151625 0.0017039 0.0020917 0.0232850 0.0000000 0.0014842 0.1077145 0.1204007
 18 Q  18 0.0133697 0.0351867 0.0224302 0.0063976 0.0087017 0.0853986 0.0953781 0.0009994 0.0695197 0.1046119 0.1407056 0.0260536 0.0249780 0.0150052 0.0139128 0.0268819 0.0464935 0.0154192 0.0173609 0.1150435 0.1161525
 19 K  19 0.0059523 0.3066111 0.0008545 0.0065404 0.0029357 0.0060920 0.0488515 0.0000000 0.0189926 0.0106232 0.0067557 0.4124352 0.0034306 0.0020252 0.0165750 0.0151124 0.0079945 0.0000000 0.0017842 0.0226030 0.1038307
 20 K  20 0.0314449 0.1285397 0.0407750 0.0403754 0.0011659 0.0630318 0.0745417 0.0462076 0.0060709 0.0016133 0.0037874 0.2475098 0.0041459 0.0000000 0.0193005 0.0675540 0.0245674 0.0009521 0.0028947 0.0049855 0.1905366
 21 D  21 0.0232129 0.0025632 0.0223887 0.1612636 0.0029541 0.0169503 0.1157951 0.2961746 0.0068406 0.0071576 0.0075631 0.0149951 0.0013801 0.0008657 0.1183451 0.0592638 0.0434636 0.0019571 0.0007205 0.0040712 0.0920739
 22 S  22 0.0515586 0.0285788 0.1732633 0.0323032 0.0042369 0.0322089 0.0470150 0.1676196 0.0194809 0.0091992 0.0029330 0.0323416 0.0027886 0.0040645 0.0911286 0.1378921 0.0668499 0.0000000 0.0013983 0.0246854 0.0704535
 23 E  23 0.0258026 0.0543903 0.0429094 0.0561069 0.0023699 0.0792722 0.1337442 0.1581071 0.0095868 0.0015880 0.0154578 0.1274042 0.0270000 0.0042670 0.0016984 0.0905833 0.0505771 0.0000000 0.0083909 0.0213933 0.0893504
 24 G  24 0.0133228 0.0107529 0.0068723 0.0218553 0.0035744 0.0059595 0.0101226 0.6558363 0.0031439 0.0065310 0.0009614 0.0334551 0.0000000 0.0000000 0.0251490 0.1171618 0.0373052 0.0000000 0.0000000 0.0011887 0.0468078
 25 F  25 0.0000000 0.0000000 0.0000000 0.0000000 0.0015184 0.0000000 0.0000000 0.0000000 0.0011511 0.0052080 0.4931000 0.0000000 0.0021212 0.3263251 0.0020421 0.0000000 0.0000000 0.0066338 0.1168842 0.0014990 0.0435171
 26 G  26 0.0024076 0.0000000 0.0000000 0.0000000 0.0000000 0.0000000 0.0000000 0.9523303 0.0000000 0.0000000 0.0039478 0.0000000 0.0000000 0.0000000 0.0000000 0.0000000 0.0000000 0.0000000 0.0000000 0.0000000 0.0413143
 27 F  27 0.0000000 0.0000000 0.0000000 0.0000000 0.0000000 0.0000000 0.0000000 0.0000000 0.0000000 0.1441911 0.1234225 0.0000000 0.0205910 0.6623559 0.0000000 0.0000000 0.0000000 0.0000000 0.0019518 0.0085246 0.0389630
 28 V  28 0.0266666 0.0576178 0.0977794 0.0015743 0.0026528 0.0091886 0.0236864 0.0151282 0.0377808 0.0094413 0.0062068 0.0065331 0.0085386 0.0122414 0.0012930 0.4212108 0.1545659 0.0000000 0.0083410 0.0594067 0.0401462
 29 L  29 0.0000000 0.0000000 0.0000000 0.0000000 0.0000000 0.0000000 0.0000000 0.0000000 0.0000000 0.5639485 0.2760239 0.0000000 0.0041561 0.0024643 0.0000000 0.0000000 0.0000000 0.0000000 0.0000000 0.1182111 0.0351961
 30 R  30 0.1984962 0.1912248 0.0074443 0.0020401 0.0058562 0.0446134 0.0086368 0.0080670 0.0446626 0.0610888 0.0255714 0.0622439 0.0083424 0.0020137 0.0000000 0.0369046 0.0297167 0.0000000 0.0009418 0.1802420 0.0818933
 31 G  31 0.0427401 0.0034611 0.0000000 0.0080005 0.0011284 0.0080910 0.0120962 0.6200445 0.0286348 0.0108379 0.0000000 0.0025002 0.0000000 0.0000000 0.0000000 0.0637480 0.0190353 0.0000000 0.0000000 0.0041031 0.1755788
 32 A  32 0.0392735 0.0039091 0.0043884 0.0139010 0.0000000 0.0131670 0.0394588 0.4972009 0.0059059 0.0369934 0.0209175 0.0122758 0.0013701 0.0236735 0.0020797 0.0313871 0.0074738 0.0011452 0.0210005 0.0052387 0.2192403
 33 K  33 0.0369342 0.1425468 0.0065840 0.0215783 0.0044883 0.0077644 0.0291786 0.0015536 0.0084600 0.0651310 0.0153406 0.2126291 0.0014232 0.0016063 0.0043602 0.0220775 0.0509336 0.0000000 0.0000000 0.0812445 0.2861660
 34 A  34 0.0360794 0.0225307 0.0401685 0.1767758 0.0011624 0.0048561 0.0782359 0.1519288 0.0056287 0.0019004 0.0025858 0.0052788 0.0008373 0.0012434 0.0090096 0.0674555 0.0062405 0.0012907 0.0000000 0.0639462 0.3228456
 35 Q  35 0.0053015 0.0343674 0.0788702 0.0155770 0.0071989 0.0531274 0.0511909 0.0551481 0.0528267 0.0000000 0.0093852 0.0379739 0.0118286 0.0016151 0.0141913 0.0719205 0.0422401 0.0000000 0.0667505 0.0114161 0.3790707
 36 T  36 0.0081537 0.0059971 0.0434306 0.0326543 0.0000000 0.0327288 0.0078235 0.0581313 0.0022767 0.0056136 0.0167861 0.0391473 0.0148023 0.0010288 0.1425822 0.0436084 0.1012996 0.0000000 0.0130638 0.0182604 0.4126116
 37 P  37 0.0056315 0.0094174 0.0052138 0.0079126 0.0068602 0.0125902 0.0291557 0.1424827 0.0645628 0.0036461 0.0253815 0.0084212 0.0180025 0.0114404 0.1104057 0.0230710 0.0010084 0.0000000 0.0321434 0.0089860 0.4736668
 38 I  38 0.0166371 0.0269866 0.0144434 0.0166954 0.0024544 0.0248253 0.0394568 0.0631633 0.0016885 0.0717174 0.0430628 0.0084815 0.0015803 0.0503536 0.0095023 0.0118707 0.0098502 0.0104116 0.0210021 0.0191298 0.5366869
 39 E  39 0.0209211 0.0132022 0.0000000 0.0297546 0.0013653 0.0298520 0.0252737 0.0505543 0.0128144 0.0158490 0.0955892 0.0460397 0.0089192 0.0040986 0.0109338 0.0330237 0.0096981 0.0000000 0.0045859 0.0159862 0.5715390
 40 E  40 0.0314368 0.0390032 0.0232419 0.0457067 0.0107447 0.0415023 0.0475450 0.0337201 0.0179186 0.0140712 0.0080428 0.0090328 0.0000000 0.0000000 0.0128771 0.0226668 0.0207492 0.0000000 0.0164488 0.0137926 0.5914996
 41 F  41 0.0171396 0.0108289 0.0290868 0.0387991 0.0138667 0.0223498 0.0046366 0.0557619 0.0104063 0.0096253 0.0366181 0.0009132 0.0012190 0.0429030 0.0053106 0.0450724 0.0072717 0.0039478 0.0146939 0.0171940 0.6123555
 42 T  42 0.0080866 0.0146050 0.0362699 0.0322005 0.0079548 0.0256329 0.0146413 0.0246087 0.0346459 0.0277347 0.0126270 0.0234027 0.0013106 0.0154351 0.0199161 0.0287389 0.0493871 0.0000000 0.0144785 0.0016905 0.6066333
 43 P  43 0.0074616 0.0055295 0.0675895 0.0736748 0.0093993 0.0040292 0.0124061 0.0300651 0.0015536 0.0023261 0.0061258 0.0133911 0.0000000 0.0071453 0.1309207 0.0490937 0.0168735 0.0000000 0.0000000 0.0070537 0.5553614
 44 T  44 0.0152858 0.0040847 0.0124627 0.0241532 0.0104999 0.0099852 0.0263115 0.0547956 0.0052070 0.0179589 0.0276880 0.0225551 0.0100503 0.0352442 0.0022563 0.1172759 0.0668074 0.0015749 0.0033445 0.0156773 0.5167815
 45 P  45 0.0267939 0.0160643 0.0209808 0.1288025 0.0107761 0.0251171 0.0715916 0.0444908 0.0057920 0.0055105 0.0162815 0.0151348 0.0023959 0.0042941 0.0607429 0.0238217 0.0100767 0.0011821 0.0068052 0.0129521 0.4903934
 46 A  46 0.0548167 0.0398942 0.0159150 0.0417176 0.0095378 0.0224428 0.0757260 0.0312198 0.0142189 0.0164033 0.0529832 0.0458842 0.0039667 0.0147046 0.0649167 0.0245106 0.0199037 0.0000000 0.0022684 0.0300409 0.4189290
 47 F  47 0.0168391 0.0088570 0.0282513 0.0320311 0.0069945 0.0210586 0.0280157 0.0966624 0.0049304 0.0111721 0.0366857 0.0143319 0.0061736 0.0370946 0.0276128 0.0648323 0.0454304 0.0060004 0.0642498 0.0424409 0.4003353
 48 P  48 0.0477456 0.0602779 0.0107567 0.1809196 0.0044159 0.0114128 0.1058321 0.0294023 0.0047786 0.0049925 0.0128694 0.0340965 0.0157741 0.0038040 0.0745332 0.0462296 0.0433368 0.0000000 0.0000000 0.0192950 0.2895274
 49 A  49 0.0719048 0.0333018 0.0265660 0.0176457 0.0063900 0.0248996 0.0937392 0.0296558 0.0077463 0.0342654 0.0443432 0.0320988 0.0782022 0.0007853 0.0831918 0.0505766 0.0613525 0.0000000 0.0039968 0.0853047 0.2140337
 50 L  50 0.0205484 0.0025097 0.0141540 0.0058091 0.0212015 0.0043188 0.0036384 0.4057563 0.0451260 0.0102080 0.0560791 0.0116332 0.0006977 0.0070943 0.1386806 0.0384032 0.0056149 0.0012212 0.0042624 0.0381106 0.1649326
 51 Q  51 0.0000000 0.0057067 0.0024061 0.0000000 0.0054730 0.1368434 0.0017578 0.0009926 0.1003601 0.4258488 0.0407795 0.0000000 0.0059464 0.0032559 0.0046801 0.0030953 0.0356340 0.0000000 0.0000000 0.1612567 0.0659635
 52 Y  52 0.0038375 0.0107478 0.0024325 0.0000000 0.0036233 0.0052704 0.0008663 0.0000000 0.0217914 0.0648891 0.0617960 0.0352522 0.0154203 0.3805598 0.0036008 0.0013305 0.0130392 0.0043274 0.2370775 0.0868098 0.0473282
 53 L  53 0.0041358 0.0000000 0.0000000 0.0000000 0.0018729 0.0000000 0.0000000 0.0000000 0.0000000 0.4954063 0.0442286 0.0000000 0.0077259 0.0127276 0.0000000 0.0021426 0.0000000 0.0024061 0.0000000 0.4107641 0.0185900
 54 E  54 0.0373192 0.0786331 0.0060025 0.0316030 0.0300800 0.0249420 0.0497055 0.0638642 0.0332506 0.0036035 0.0230230 0.1812274 0.0091292 0.0000000 0.0000000 0.2636374 0.0979294 0.0240683 0.0009549 0.0224368 0.0185900
 55 S  55 0.0644786 0.1215515 0.0367761 0.0736904 0.0062921 0.0470512 0.0936126 0.0365573 0.0551911 0.0007673 0.0115693 0.1708274 0.0222949 0.0271602 0.0053796 0.1414291 0.0408925 0.0041891 0.0138891 0.0078106 0.0185900
 56 V  56 0.0019578 0.0000000 0.0000000 0.0000000 0.0012429 0.0000000 0.0000000 0.0000000 0.0000000 0.4010272 0.0897379 0.0000000 0.0077627 0.0000000 0.0160084 0.0000000 0.0095624 0.0000000 0.0000000 0.4541106 0.0185900
 57 D  57 0.0341967 0.0353233 0.0353587 0.1245806 0.0012380 0.0617590 0.0834862 0.0100499 0.0219182 0.1154498 0.1299223 0.0335611 0.0091450 0.0519627 0.0000000 0.0370634 0.0709283 0.0000000 0.0213172 0.1047916 0.0179478
 58 E  58 0.0769957 0.0250166 0.0061706 0.0681636 0.0094928 0.0218205 0.2440216 0.0050401 0.0099353 0.0051299 0.0121511 0.0930563 0.0040551 0.0007031 0.3340335 0.0456748 0.0099420 0.0000000 0.0084522 0.0106812 0.0094642
 59 G  59 0.0150405 0.0331842 0.0907006 0.1432980 0.0014327 0.0126965 0.0552858 0.5229936 0.0116668 0.0006814 0.0102129 0.0270129 0.0032931 0.0009436 0.0042383 0.0367725 0.0077175 0.0000000 0.0037381 0.0068793 0.0122114
 60 G  60 0.0072648 0.0008348 0.0059301 0.0000000 0.0070256 0.0228322 0.0000000 0.5985064 0.0013251 0.0000000 0.0148256 0.0028279 0.0071862 0.0027501 0.0062296 0.2860340 0.0146703 0.0000000 0.0000000 0.0014630 0.0202944
 61 V  61 0.2837345 0.0054819 0.0038582 0.0012075 0.0051730 0.0038246 0.0068355 0.0015565 0.0019571 0.0489114 0.0300501 0.0096972 0.0033368 0.0017578 0.3990383 0.0357418 0.0076641 0.0069780 0.0000000 0.1246916 0.0185039
 62 A  62 0.8995308 0.0000000 0.0000000 0.0079073 0.0089998 0.0045819 0.0000000 0.0049470 0.0014630 0.0059925 0.0017151 0.0050727 0.0000000 0.0000000 0.0000000 0.0044158 0.0024213 0.0000000 0.0000000 0.0242589 0.0286938
 63 W  63 0.1799190 0.0133314 0.0006739 0.2274540 0.0082985 0.0446930 0.1886019 0.0604973 0.0725241 0.0053540 0.0089584 0.0144292 0.0090978 0.0229302 0.0010126 0.0486087 0.0000000 0.0357428 0.0251181 0.0051960 0.0275593
 64 R  64 0.0588666 0.2766869 0.0182730 0.0158002 0.0167599 0.1075880 0.0680819 0.0054862 0.0278564 0.0133006 0.1048748 0.1636700 0.0147753 0.0037302 0.0000000 0.0232527 0.0164956 0.0000000 0.0043835 0.0270869 0.0330314
 65 A  65 0.3102043 0.0030773 0.0276024 0.3050473 0.0532745 0.0100933 0.0160626 0.0407480 0.0081435 0.0011473 0.0128675 0.0025581 0.0008108 0.0000000 0.0026374 0.1078179 0.0657380 0.0000000 0.0000000 0.0037652 0.0284045
 66 G  66 0.0144265 0.0363771 0.0069243 0.0008523 0.0000000 0.0106985 0.0015229 0.8694531 0.0013923 0.0000000 0.0030100 0.0286355 0.0000000 0.0000000 0.0009322 0.0113533 0.0020137 0.0000000 0.0000000 0.0000000 0.0124082
 67 L  67 0.0000000 0.0000000 0.0000000 0.0000000 0.0000000 0.0000000 0.0000000 0.0000000 0.0000000 0.0948354 0.8027351 0.0000000 0.0488372 0.0000000 0.0000000 0.0000000 0.0000000 0.0000000 0.0000000 0.0490318 0.0045605
 68 R  68 0.0157702 0.2864642 0.0105841 0.0044218 0.0322604 0.1614875 0.0308621 0.0034155 0.0309190 0.0059397 0.0539900 0.2216343 0.0262011 0.0241595 0.0137328 0.0165715 0.0149907 0.0149839 0.0112586 0.0171021 0.0032512
 69 M  69 0.1110319 0.0453439 0.0092837 0.0239798 0.0051995 0.0215929 0.0957634 0.0000000 0.0007879 0.0806771 0.0154460 0.0429743 0.0280924 0.0024164 0.1427947 0.0308319 0.0863067 0.0000000 0.0000000 0.2574774 0.0000000
 70 G  70 0.0196701 0.0039169 0.0564243 0.0106599 0.0000000 0.0160068 0.0102139 0.8405443 0.0147989 0.0000000 0.0031515 0.0060190 0.0044140 0.0000000 0.0000000 0.0026322 0.0046753 0.0012848 0.0055883 0.0000000 0.0000000
 71 D  71 0.0137328 0.0000000 0.0019221 0.9487945 0.0000000 0.0049955 0.0022508 0.0009936 0.0013557 0.0000000 0.0038623 0.0015108 0.0143830 0.0000000 0.0000000 0.0000000 0.0040753 0.0000000 0.0010151 0.0011086 0.0000000
 72 F  72 0.0324738 0.3473356 0.0000000 0.0000000 0.0208267 0.1481732 0.0732975 0.0036650 0.0365441 0.0437968 0.0642958 0.0827228 0.0093502 0.0384844 0.0000000 0.0052599 0.0092767 0.0009396 0.0113679 0.0721900 0.0000000
 73 L  73 0.0018728 0.0000000 0.0000000 0.0000000 0.0000000 0.0000000 0.0000000 0.0000000 0.0000000 0.5861723 0.3068309 0.0000000 0.0000000 0.0019144 0.0000000 0.0000000 0.0000000 0.0000000 0.0000000 0.1009086 0.0023010
 74 I  74 0.0184649 0.0000000 0.0000000 0.0000000 0.0014440 0.0012699 0.0000000 0.0000000 0.0031515 0.1716537 0.5217116 0.0132135 0.0373016 0.0011026 0.0000000 0.0077103 0.0391198 0.0023541 0.0000000 0.1792016 0.0023010
 75 E  75 0.1683264 0.0376056 0.0104767 0.0109497 0.0128302 0.0601284 0.3473078 0.0098180 0.0342440 0.0000000 0.0022540 0.0641470 0.0154243 0.0234789 0.0000000 0.1576368 0.0182453 0.0047339 0.0201235 0.0022693 0.0000000
 76 V  76 0.0112448 0.0000000 0.0000000 0.0000000 0.0060992 0.0000000 0.0000000 0.0000000 0.0000000 0.2588149 0.0092150 0.0000000 0.0019349 0.0000000 0.0000000 0.0000000 0.0000000 0.0000000 0.0000000 0.7088381 0.0038531
 77 N  77 0.0058203 0.0020422 0.8250196 0.0938903 0.0125396 0.0026946 0.0043843 0.0263694 0.0022684 0.0000000 0.0000000 0.0000000 0.0011483 0.0000000 0.0000000 0.0112907 0.0000000 0.0000000 0.0056603 0.0000000 0.0068721
 78 G  78 0.0041907 0.0074737 0.0692425 0.0842785 0.0007540 0.0146721 0.0448420 0.6866213 0.0245082 0.0000000 0.0008805 0.0127032 0.0012131 0.0000000 0.0000000 0.0360879 0.0017438 0.0016144 0.0008507 0.0000000 0.0083234
 79 Q  79 0.0215511 0.0217545 0.0172246 0.0086348 0.0118678 0.1146755 0.1631843 0.0005925 0.0282961 0.1309551 0.0233488 0.0432339 0.0180612 0.0033452 0.0000000 0.0097910 0.1117626 0.0057937 0.0185991 0.2390049 0.0083234
 80 N  80 0.0233714 0.0167894 0.2084516 0.2490050 0.0431983 0.0035774 0.0183696 0.0031737 0.0055597 0.0120714 0.0049731 0.0033125 0.0020888 0.0085743 0.0962094 0.2411147 0.0176687 0.0010024 0.0029683 0.0301969 0.0083234
 81 V  81 0.0044590 0.0000000 0.0000000 0.0000000 0.0074156 0.0000000 0.0000000 0.0000000 0.0000000 0.0758721 0.3098807 0.0000000 0.0638030 0.0259929 0.0000000 0.0044923 0.0589854 0.0000000 0.0000000 0.4407756 0.0083234
 82 V  82 0.0308876 0.1492881 0.0054289 0.0554266 0.0013784 0.0954180 0.2272206 0.0084390 0.0297897 0.0381905 0.0830970 0.0410859 0.0055534 0.0015623 0.0026198 0.0503910 0.0800076 0.0008257 0.0154393 0.0687985 0.0091522
 83 K  83 0.0195129 0.0134859 0.1903976 0.0923649 0.0025803 0.0146552 0.0549587 0.3724325 0.0349374 0.0008664 0.0046898 0.0864811 0.0068130 0.0018936 0.0000000 0.0498693 0.0268573 0.0065102 0.0069399 0.0017794 0.0119746
 84 V  84 0.2293038 0.0204291 0.0013097 0.0059562 0.0296110 0.0036142 0.0706341 0.0063401 0.0096599 0.0454596 0.1465715 0.0757131 0.0808821 0.0456913 0.0000000 0.0370900 0.0092492 0.0035843 0.0221748 0.1332718 0.0234542
 85 G  85 0.0160026 0.0390098 0.0227700 0.0364213 0.0129946 0.0171657 0.0414358 0.0434945 0.0138086 0.0059817 0.0047556 0.0223343 0.0048511 0.0027073 0.0470687 0.2333132 0.3802354 0.0000000 0.0041586 0.0276892 0.0238020
 86 H  86 0.0031220 0.0284217 0.0241395 0.0039722 0.0077667 0.0225698 0.0000000 0.0000000 0.7533777 0.0064723 0.0385127 0.0012035 0.0030664 0.0103523 0.0000000 0.0220948 0.0081245 0.0000000 0.0490969 0.0062588 0.0114481
 87 R  87 0.1042218 0.0416577 0.0317538 0.1122924 0.0057752 0.1199443 0.2552671 0.0245760 0.0240224 0.0031295 0.0249523 0.0670413 0.0058318 0.0055173 0.0147559 0.0788060 0.0483522 0.0000000 0.0149494 0.0046120 0.0125415
 88 Q  88 0.0251054 0.0303551 0.0305151 0.1363521 0.0013735 0.2904683 0.3013675 0.0032387 0.0216488 0.0024072 0.0124563 0.0504117 0.0032497 0.0056158 0.0000000 0.0145621 0.0344036 0.0000000 0.0141976 0.0091377 0.0131338
 89 V  89 0.4756804 0.0027935 0.0000000 0.0016166 0.0063111 0.0000000 0.0000000 0.0015069 0.0000000 0.0560312 0.0245300 0.0018288 0.0086067 0.0075937 0.0000000 0.0074999 0.0105186 0.0000000 0.0000000 0.3807091 0.0147735
 90 V  90 0.0741559 0.0152761 0.0112164 0.0000000 0.0032561 0.0031317 0.0000000 0.0012274 0.0036709 0.1019939 0.0441677 0.0023970 0.0074855 0.0039478 0.0000000 0.0289948 0.0063450 0.0020401 0.0040574 0.6739004 0.0127359
 91 N  91 0.1562851 0.0502567 0.1025758 0.0979508 0.0012210 0.1280678 0.2107298 0.0104080 0.0174566 0.0015462 0.0210539 0.0457849 0.0067718 0.0000000 0.0060146 0.0881793 0.0339903 0.0006627 0.0049799 0.0033288 0.0127359
 92 M  92 0.1659409 0.0534382 0.0017439 0.0000000 0.0091843 0.0113405 0.0107630 0.0011870 0.0042847 0.1286836 0.3301490 0.0323490 0.0673465 0.0218172 0.0000000 0.0072238 0.0160262 0.0015623 0.0052601 0.1170385 0.0146614
 93 I  93 0.0077184 0.0000000 0.0000000 0.0000000 0.0015503 0.0000000 0.0000000 0.0000000 0.0000000 0.3251457 0.5465758 0.0000000 0.0343106 0.0398625 0.0000000 0.0000000 0.0000000 0.0000000 0.0000000 0.0305228 0.0143139
 94 R  94 0.0215313 0.2734254 0.0024492 0.0031515 0.0024712 0.1016281 0.0075447 0.0071851 0.0085898 0.0083661 0.0646393 0.4097024 0.0011401 0.0000000 0.0000000 0.0171033 0.0328715 0.0061503 0.0000000 0.0070900 0.0249607
 95 Q  95 0.1225718 0.0660038 0.1391142 0.0389708 0.0178204 0.1302230 0.0874250 0.0447809 0.0231398 0.0007937 0.0126615 0.1225812 0.0066975 0.0000000 0.0000000 0.1146013 0.0456187 0.0000000 0.0000000 0.0080950 0.0189014
 96 G  96 0.2905481 0.0057237 0.0143185 0.0029314 0.0886688 0.0197511 0.0033515 0.0941160 0.0030403 0.0233303 0.0225215 0.0072184 0.0022333 0.0151837 0.0215733 0.2413729 0.0810229 0.0000000 0.0040950 0.0355484 0.0234508
 97 G  97 0.0299450 0.0256669 0.0011520 0.0270077 0.0056079 0.0387480 0.0484412 0.5289848 0.0100724 0.0000000 0.0093235 0.0478414 0.0032615 0.0024729 0.0917076 0.0449928 0.0286227 0.0000000 0.0042399 0.0055638 0.0463479
 98 N  98 0.0444086 0.0457450 0.1872437 0.1469205 0.0015651 0.0780533 0.0814726 0.1349958 0.0027863 0.0098093 0.0156752 0.0388744 0.0051991 0.0026710 0.0491477 0.0896714 0.0248148 0.0000000 0.0034117 0.0038395 0.0336950
 99 T  99 0.0238020 0.0921212 0.0185490 0.0154811 0.0140708 0.0516568 0.1345398 0.0023615 0.0401854 0.0313999 0.0322105 0.0831234 0.0098149 0.0175456 0.0551197 0.0834722 0.1669835 0.0039626 0.0102883 0.0751398 0.0381721
100 L 100 0.0249833 0.0000000 0.0000000 0.0000000 0.0098474 0.0000000 0.0000000 0.0008968 0.0000000 0.1035746 0.1752087 0.0021801 0.0127675 0.0036817 0.0062133 0.0000000 0.0341919 0.0000000 0.0000000 0.5848637 0.0415910
101 M 101 0.0208522 0.1722022 0.0345555 0.0366662 0.0165068 0.0424179 0.0450954 0.0044137 0.0300155 0.0185074 0.0239619 0.0920170 0.0228013 0.0030472 0.0066792 0.0798013 0.2168783 0.0013448 0.0131713 0.0761448 0.0429199
102 V 102 0.0000000 0.0000000 0.0000000 0.0000000 0.0000000 0.0014935 0.0000000 0.0000000 0.0000000 0.0898138 0.6909502 0.0000000 0.0907308 0.0444363 0.0017258 0.0000000 0.0000000 0.0000000 0.0000000 0.0381766 0.0426731
103 K 103 0.0077412 0.0353810 0.0025803 0.0035204 0.0049071 0.0310819 0.0682316 0.0171700 0.0094529 0.0624101 0.2112286 0.0914240 0.0165187 0.0029300 0.0011010 0.0241099 0.1602905 0.0000000 0.0165988 0.1806705 0.0526514
104 V 104 0.0295346 0.0000000 0.0000000 0.0000000 0.0076836 0.0000000 0.0000000 0.0000000 0.0000000 0.1524172 0.1042913 0.0000000 0.0016671 0.0110833 0.0000000 0.0000000 0.0456269 0.0000000 0.0031251 0.5780353 0.0665356
105 V 105 0.0657214 0.0894626 0.0014374 0.0000000 0.0637129 0.1215157 0.0211558 0.0135506 0.0105345 0.0641739 0.1131942 0.0375405 0.0257683 0.0026694 0.0000000 0.0250443 0.0413088 0.0058710 0.0146789 0.1568270 0.1258328
106 M 106 0.0137579 0.3603499 0.0070622 0.0652202 0.0008069 0.0035767 0.0009720 0.0028702 0.0256809 0.0022265 0.0020362 0.0251400 0.0146121 0.0078036 0.0810597 0.0915447 0.0227445 0.0000000 0.0555859 0.0035942 0.2133557
107 V 107 0.0106538 0.0610517 0.0046273 0.0460215 0.0037799 0.0113503 0.0489124 0.1327556 0.0081447 0.0428983 0.0706866 0.0584327 0.0064245 0.0039878 0.0537760 0.0083727 0.0195617 0.0034449 0.0042300 0.0645248 0.3363628
108 T 108 0.0194846 0.0424719 0.0120741 0.0587567 0.0017372 0.0074491 0.0910146 0.0528489 0.0062524 0.0166899 0.0359017 0.0293186 0.0012407 0.0040905 0.0825783 0.0500993 0.0633936 0.0000000 0.0358789 0.0246567 0.3640624
109 R 109 0.0272828 0.0929305 0.0159001 0.0205082 0.0017852 0.0258324 0.1150274 0.0061313 0.0021758 0.0024444 0.0239796 0.0402026 0.0083583 0.0011500 0.1187590 0.0325834 0.0223588 0.0007257 0.0038266 0.0089906 0.4290473
110 H 110 0.0190014 0.0388165 0.0216578 0.0924217 0.0020167 0.0276295 0.0084970 0.0289143 0.0233517 0.0106555 0.0606746 0.0420060 0.0120973 0.0007745 0.0595784 0.0228544 0.0183994 0.0009633 0.0265293 0.0271945 0.4559661
111 P 111 0.0236670 0.0053235 0.0012313 0.0065979 0.0009456 0.0196172 0.0309668 0.0009200 0.0000000 0.0127781 0.0144242 0.0270782 0.0030502 0.0000000 0.2526052 0.0592502 0.0086306 0.0000000 0.0114295 0.0107646 0.5107197
112 D 112 0.0238210 0.0255698 0.0087572 0.0542420 0.0000000 0.0105466 0.1599809 0.0230845 0.0042724 0.0150289 0.0034503 0.0215319 0.0025796 0.0006749 0.0231546 0.0340924 0.0055005 0.0000000 0.0064312 0.0185205 0.5587607
113 M 113 0.0240233 0.0052025 0.0012584 0.0177794 0.0012081 0.0054193 0.0315243 0.0014448 0.0017266 0.0046841 0.0635685 0.0144413 0.0236629 0.0499705 0.0406399 0.0215421 0.0629485 0.0000000 0.0280871 0.0310639 0.5698045
114 D 114 0.0056764 0.0142843 0.0124750 0.1121184 0.0000000 0.0335391 0.1599388 0.0012346 0.0024284 0.0016141 0.0013525 0.0075766 0.0035127 0.0000000 0.0018990 0.0148808 0.0023339 0.0000000 0.0000000 0.0042677 0.6208675
115 E 115 0.0287049 0.0207961 0.0226270 0.0552899 0.0000000 0.0330798 0.1168305 0.0130970 0.0000000 0.0023085 0.0038498 0.0246961 0.0011388 0.0008528 0.0055594 0.0140921 0.0087738 0.0014543 0.0000000 0.0000000 0.6468493
116 A 116 0.0276794 0.0200891 0.0068596 0.0042210 0.0201126 0.0166953 0.0157740 0.0017336 0.0056824 0.0186405 0.0111993 0.0288664 0.0102343 0.0166463 0.0035372 0.0373213 0.0155844 0.0000000 0.0208770 0.0234314 0.6948149
117 V 117 0.0094661 0.0008560 0.0000000 0.0000000 0.0177893 0.0018291 0.0029266 0.0000000 0.0008970 0.0291762 0.0601164 0.0000000 0.0226692 0.0361673 0.0032350 0.0100211 0.0051804 0.0011284 0.0127122 0.0546313 0.7311982
118 H 118 0.0000000 0.0499149 0.0020844 0.0000000 0.0000000 0.0361684 0.0253472 0.0000000 0.0341555 0.0017218 0.0000000 0.0413546 0.0000000 0.0000000 0.0000000 0.0040754 0.0000000 0.0000000 0.0000000 0.0030622 0.8021155
119 K 119 0.0000000 0.0246226 0.0000000 0.0000000 0.0000000 0.0224180 0.0124805 0.0000000 0.0000000 0.0000000 0.0000000 0.0678980 0.0000000 0.0000000 0.0000000 0.0000000 0.0000000 0.0000000 0.0000000 0.0000000 0.8725809
