   69         A         R         N         D         C         Q         E         G         H         I         L         K         M         F         P         S         T         W         Y         V    
  1 Q   1 0.0000000 0.0983490 0.0000000 0.0000000 0.0000000 0.6234051 0.1973935 0.0000000 0.0000000 0.0000000 0.0000000 0.0808525 0.0000000 0.0000000 0.0000000 0.0000000 0.0000000 0.0000000 0.0000000 0.0000000
  2 G   2 0.1475632 0.0000000 0.0000000 0.0000000 0.0000000 0.0000000 0.0456521 0.2311497 0.0000000 0.0000000 0.0000000 0.0000000 0.0000000 0.0000000 0.3695470 0.1946577 0.0114304 0.0000000 0.0000000 0.0000000
  3 P   3 0.0113126 0.0000000 0.0569724 0.1359396 0.0000000 0.0582987 0.0454573 0.0518403 0.0000000 0.0201905 0.0742763 0.0000000 0.0731556 0.0156547 0.3728491 0.0545119 0.0000000 0.0000000 0.0080513 0.0214899
  4 P   4 0.1944860 0.0519039 0.0173338 0.0194633 0.0000000 0.0000000 0.0000000 0.1174926 0.0879328 0.0179989 0.0040859 0.0116653 0.0047623 0.0134109 0.0773523 0.1879393 0.0000000 0.0189051 0.1363893 0.0388784
  5 L   5 0.3053035 0.0069702 0.0000000 0.0413769 0.0000000 0.0245041 0.0327404 0.2043495 0.0000000 0.0297780 0.0324765 0.0060548 0.0044191 0.0189485 0.0080581 0.0768148 0.0245949 0.0000000 0.0123390 0.1712716
  6 M   6 0.1535953 0.0073056 0.1971254 0.1290227 0.0037492 0.0289834 0.0122523 0.0192218 0.0170737 0.0204127 0.0172404 0.0080557 0.0256995 0.0052897 0.0333446 0.2120836 0.0336452 0.0000000 0.0096477 0.0662514
  7 A   7 0.0759686 0.0000000 0.0773811 0.1253553 0.0000000 0.0153559 0.0326963 0.0689976 0.0282614 0.0978157 0.0156195 0.0067516 0.0087763 0.0164969 0.0777836 0.1806807 0.1146561 0.0000000 0.0000000 0.0574035
  8 T   8 0.1000510 0.0066902 0.0728971 0.0162191 0.0000000 0.0083439 0.0296389 0.0029077 0.0000000 0.0035081 0.0092094 0.0062308 0.0138233 0.0029974 0.4518056 0.1245917 0.0728254 0.0000000 0.0424217 0.0358388
  9 Q   9 0.0892454 0.0613489 0.0129019 0.0408725 0.0000000 0.0312143 0.1349131 0.0489572 0.0038532 0.0205524 0.0525411 0.0433957 0.0221698 0.0318340 0.0248651 0.1395946 0.1875478 0.0000000 0.0035559 0.0506372
 10 S  10 0.0582688 0.0459832 0.0460661 0.2906264 0.0081490 0.0091722 0.0634908 0.0000000 0.0033087 0.0196565 0.0097469 0.0486816 0.0074686 0.0084012 0.0909617 0.1602150 0.1038340 0.0000000 0.0021126 0.0238566
 11 C  11 0.0000000 0.0000000 0.0000000 0.0000000 0.9533781 0.0000000 0.0000000 0.0000000 0.0134425 0.0119475 0.0031804 0.0000000 0.0000000 0.0038194 0.0000000 0.0000000 0.0027650 0.0000000 0.0049035 0.0065637
 12 C  12 0.0000000 0.0000000 0.0000000 0.0000000 0.9914380 0.0000000 0.0000000 0.0000000 0.0000000 0.0000000 0.0000000 0.0000000 0.0000000 0.0000000 0.0000000 0.0000000 0.0000000 0.0000000 0.0085620 0.0000000
 13 F  13 0.0030153 0.0249433 0.0074679 0.0035167 0.0000000 0.0062272 0.0137770 0.0000000 0.0073995 0.0586609 0.3050767 0.0093505 0.0354076 0.3347681 0.0075073 0.0208887 0.0314249 0.0000000 0.0645211 0.0660472
 14 A  14 0.0829674 0.0917947 0.0759822 0.0340787 0.0000000 0.0298588 0.0530111 0.0604372 0.0069551 0.0033959 0.0058128 0.1759799 0.0163140 0.0041814 0.0000000 0.2751528 0.0751117 0.0000000 0.0040046 0.0049616
 15 Y  15 0.0080680 0.0021249 0.0044593 0.0000000 0.0000000 0.0000000 0.0100823 0.0061351 0.0197511 0.0183457 0.0517495 0.0051889 0.0305495 0.2081309 0.0000000 0.0083773 0.0901559 0.0026435 0.4261846 0.1080537
 16 I  16 0.0305668 0.0128267 0.0313647 0.0018530 0.0029131 0.0310604 0.0018626 0.0055512 0.0713606 0.1535894 0.0295126 0.0262868 0.0102046 0.0593572 0.0000000 0.1341835 0.2745267 0.0022767 0.0247790 0.0959244
 17 A  17 0.0615117 0.0976850 0.0953264 0.0471710 0.0000000 0.0709386 0.0519477 0.0153584 0.0395270 0.0067292 0.0081864 0.1088887 0.0065712 0.0000000 0.0469895 0.2174903 0.1171454 0.0000000 0.0035306 0.0050028
 18 R  18 0.0305157 0.3210845 0.0343478 0.0072537 0.0023782 0.0851867 0.0058848 0.0721391 0.0525137 0.0106446 0.0105463 0.2555659 0.0048072 0.0121703 0.0031628 0.0190160 0.0323002 0.0066416 0.0248545 0.0089865
 19 P  19 0.0626795 0.1751477 0.0110261 0.0162485 0.0000000 0.0569980 0.0304881 0.0000000 0.0032078 0.0246393 0.0140926 0.2356602 0.0154425 0.0346690 0.2297926 0.0228272 0.0230730 0.0043685 0.0000000 0.0396395
 20 L  20 0.0000000 0.0188167 0.0078279 0.0000000 0.0000000 0.0000000 0.0000000 0.0049776 0.0000000 0.5540597 0.2253752 0.0116450 0.0215337 0.0203344 0.0188170 0.0036294 0.0076287 0.0031357 0.0056913 0.0965276
 21 P  21 0.0095947 0.0459783 0.0109566 0.0150758 0.0000000 0.0101888 0.0028750 0.0116047 0.0549463 0.0031660 0.0091930 0.0338194 0.0040508 0.0000000 0.6903407 0.0840652 0.0082379 0.0000000 0.0000000 0.0059070
 22 R  22 0.0367478 0.1632195 0.0036184 0.0032742 0.0602224 0.0453422 0.0273934 0.0265104 0.0105023 0.0519018 0.1378044 0.0845597 0.0165543 0.0423957 0.1108889 0.0269710 0.0160664 0.0317225 0.0233891 0.0809157
 23 A  23 0.0790270 0.1781691 0.1360522 0.0289094 0.0000000 0.0957363 0.0314330 0.0306877 0.0497408 0.0091276 0.0000000 0.2216728 0.0048887 0.0073028 0.0063926 0.0775093 0.0312124 0.0017095 0.0045363 0.0058925
 24 H  24 0.0310803 0.1859266 0.0827857 0.0032401 0.0000000 0.0288494 0.0041513 0.0019887 0.0821379 0.0763464 0.1492147 0.0928642 0.0097576 0.1038841 0.0023381 0.0172798 0.0062640 0.0206887 0.0168168 0.0843856
 25 I  25 0.0239135 0.0000000 0.0000000 0.0000000 0.0000000 0.0000000 0.0000000 0.0000000 0.0000000 0.3991195 0.2047685 0.0000000 0.0261625 0.0114176 0.0000000 0.0000000 0.0000000 0.0000000 0.0108338 0.3237846
 26 K  26 0.0623100 0.0766395 0.0055713 0.0135282 0.0039505 0.0878172 0.0899786 0.0082191 0.0023285 0.0438418 0.0451177 0.2547307 0.0288041 0.0000000 0.0000000 0.0234318 0.0536567 0.0000000 0.0058809 0.1941935
 27 E  27 0.0287157 0.0421836 0.0706652 0.1369934 0.0250231 0.0071111 0.0832033 0.1480658 0.0332578 0.0000000 0.0023747 0.0147771 0.0113391 0.0093646 0.0000000 0.2976890 0.0608537 0.0000000 0.0260619 0.0023208
 28 Y  28 0.0109038 0.0000000 0.0000000 0.0000000 0.0102642 0.0000000 0.0000000 0.0000000 0.0101075 0.0269577 0.0201756 0.0000000 0.0000000 0.0644727 0.0000000 0.0053377 0.0000000 0.0316687 0.7458574 0.0742548
 29 F  29 0.0104230 0.2082680 0.0070355 0.0042877 0.0000000 0.1017092 0.0674595 0.0015804 0.0270557 0.0300983 0.0302396 0.0590489 0.0070214 0.1372985 0.0000000 0.0376271 0.1068449 0.0054116 0.1459002 0.0126906
 30 Y  30 0.0072200 0.0870439 0.0183666 0.0012808 0.0000000 0.0349650 0.1940342 0.0024298 0.0232838 0.1774828 0.0842524 0.0930689 0.0333862 0.0197624 0.0308613 0.0091924 0.0155939 0.0412518 0.0668212 0.0597026
 31 T  31 0.0032882 0.0068150 0.0311699 0.0000000 0.0000000 0.2409886 0.0020659 0.0000000 0.0017338 0.0543048 0.0117360 0.0184878 0.0045177 0.0030508 0.0121691 0.0155318 0.5834955 0.0051052 0.0000000 0.0055401
 32 S  32 0.0324984 0.0283386 0.0665756 0.0807157 0.0000000 0.0359933 0.0778549 0.0694502 0.0435736 0.0000000 0.0020927 0.0204421 0.0000000 0.0000000 0.0366903 0.4372116 0.0622756 0.0000000 0.0027300 0.0035575
 33 G  33 0.0316547 0.0105530 0.0235801 0.0655185 0.0000000 0.0378258 0.0736280 0.1563525 0.0126349 0.0197248 0.0294740 0.0148148 0.0000000 0.0076668 0.0406151 0.4347393 0.0351763 0.0000000 0.0000000 0.0060413
 34 K  34 0.0352225 0.0720347 0.0449809 0.0475864 0.0000000 0.1261797 0.0443312 0.2110193 0.0377242 0.0152820 0.0522224 0.0667492 0.0105791 0.0062963 0.0077100 0.1587924 0.0349986 0.0000000 0.0149493 0.0133418
 35 C  35 0.0041904 0.0055516 0.0000000 0.0000000 0.9487663 0.0000000 0.0000000 0.0000000 0.0035542 0.0000000 0.0058529 0.0000000 0.0175274 0.0000000 0.0058229 0.0031336 0.0000000 0.0000000 0.0000000 0.0056007
 36 S  36 0.0349797 0.1013565 0.0907631 0.0693890 0.0000000 0.0127793 0.0159169 0.0185016 0.0173417 0.0078204 0.0330174 0.0192161 0.0000000 0.0000000 0.2780859 0.2321668 0.0586018 0.0000000 0.0074582 0.0026055
 37 N  37 0.0000000 0.1073161 0.0818615 0.0045703 0.0000000 0.1064949 0.0150137 0.0017191 0.0164772 0.1891037 0.1089847 0.1945782 0.0303515 0.0113558 0.0022532 0.0060377 0.0243330 0.0087024 0.0118905 0.0789567
 38 P  38 0.0359616 0.0725982 0.0550892 0.0898026 0.0000000 0.0317043 0.1017144 0.0020591 0.0127071 0.0000000 0.0064248 0.1427941 0.0023802 0.0049207 0.3562525 0.0317440 0.0346697 0.0000000 0.0000000 0.0191774
 39 A  39 0.6747053 0.0042264 0.0000000 0.0027798 0.0000000 0.0000000 0.0696142 0.2035565 0.0125762 0.0000000 0.0037915 0.0000000 0.0000000 0.0028040 0.0000000 0.0224494 0.0000000 0.0000000 0.0000000 0.0034968
 40 V  40 0.0057423 0.0000000 0.0037556 0.0000000 0.0000000 0.0000000 0.0044347 0.0000000 0.0000000 0.3252336 0.0198494 0.0000000 0.0068228 0.0310763 0.0000000 0.0000000 0.0396195 0.0000000 0.0046316 0.5588343
 41 V  41 0.0038283 0.0108995 0.0000000 0.0000000 0.0000000 0.0000000 0.0026181 0.0000000 0.0000000 0.5989440 0.0564907 0.0035414 0.0190409 0.0000000 0.0000000 0.0000000 0.0000000 0.0000000 0.0000000 0.3046371
 42 F  42 0.0224606 0.0000000 0.0000000 0.0000000 0.0000000 0.0000000 0.0000000 0.0000000 0.0000000 0.0345874 0.1249001 0.0000000 0.0000000 0.7504873 0.0000000 0.0000000 0.0000000 0.0000000 0.0056545 0.0619101
 43 V  43 0.0057870 0.0386237 0.0200644 0.0000000 0.0021999 0.0365216 0.0338381 0.0058483 0.0762167 0.1359213 0.0995193 0.1235350 0.0070474 0.0180289 0.0000000 0.0167833 0.2018329 0.0050370 0.0461970 0.1269982
 44 T  44 0.0145197 0.0102497 0.0073480 0.0000000 0.0000000 0.0000000 0.0000000 0.0026563 0.0000000 0.0131266 0.1117129 0.0057046 0.0314709 0.0254025 0.0190602 0.0127753 0.7336558 0.0026367 0.0000000 0.0096806
 45 R  45 0.0272167 0.1716246 0.0245069 0.0000000 0.0000000 0.0292795 0.0194660 0.0042035 0.0147948 0.0384950 0.0372426 0.4581355 0.0020631 0.0138668 0.0307285 0.0125019 0.0188894 0.0000000 0.0000000 0.0969851
 46 K  46 0.0479714 0.2496941 0.0646289 0.0244042 0.0000000 0.0367939 0.0275993 0.0195086 0.0083671 0.0041172 0.0507891 0.3814511 0.0059695 0.0027043 0.0217689 0.0332293 0.0113814 0.0000000 0.0065031 0.0031184
 47 N  47 0.0291588 0.0361224 0.1180931 0.0634501 0.0000000 0.0343886 0.0227084 0.5726366 0.0239800 0.0000000 0.0020475 0.0687471 0.0000000 0.0087379 0.0016788 0.0112728 0.0021308 0.0000000 0.0048470 0.0000000
 48 R  48 0.0081673 0.3937035 0.0081393 0.0000000 0.0000000 0.0422935 0.0122025 0.0117741 0.0313854 0.0274384 0.0649720 0.2925688 0.0053550 0.0140787 0.0047531 0.0288943 0.0212420 0.0000000 0.0227414 0.0102908
 49 Q  49 0.0246111 0.0762261 0.0147457 0.0208519 0.0000000 0.1968705 0.1906377 0.0041618 0.0346816 0.0110204 0.0404530 0.1632573 0.0233563 0.0346510 0.0214039 0.0648040 0.0501638 0.0000000 0.0135793 0.0145247
 50 V  50 0.0392522 0.0000000 0.0000000 0.0073929 0.0029053 0.0000000 0.0000000 0.0000000 0.0049486 0.2838631 0.1803093 0.0000000 0.0111936 0.0920378 0.0000000 0.0094384 0.0118904 0.0000000 0.0080828 0.3486857
 51 C  51 0.0000000 0.0090069 0.0000000 0.0000000 0.9788861 0.0044375 0.0000000 0.0000000 0.0037111 0.0000000 0.0000000 0.0000000 0.0000000 0.0000000 0.0000000 0.0039584 0.0000000 0.0000000 0.0000000 0.0000000
 52 A  52 0.5952915 0.0000000 0.0000000 0.0000000 0.0000000 0.0000000 0.0000000 0.0435816 0.0000000 0.0103162 0.0521594 0.0000000 0.0186714 0.0000000 0.0000000 0.0542422 0.0582967 0.0000000 0.0121743 0.1552668
 53 N  53 0.0118120 0.0250256 0.2905335 0.4540426 0.0000000 0.0145244 0.0171902 0.0038143 0.0086545 0.0000000 0.0210149 0.0361406 0.0000000 0.0000000 0.0793223 0.0196146 0.0183104 0.0000000 0.0000000 0.0000000
 54 P  54 0.0350535 0.0025493 0.0027185 0.0028638 0.0000000 0.0267157 0.0000000 0.0045116 0.0038328 0.0028454 0.0197074 0.0037815 0.0000000 0.0000000 0.8506322 0.0281416 0.0107051 0.0000000 0.0000000 0.0059415
 55 E  55 0.0265423 0.0692944 0.0897446 0.0826839 0.0000000 0.0585919 0.1135818 0.0330186 0.0205423 0.0114022 0.0031942 0.2223321 0.0027465 0.0045137 0.0000000 0.1762354 0.0753367 0.0000000 0.0034525 0.0067870
 56 K  56 0.1621641 0.0081479 0.0574029 0.1829936 0.0000000 0.1369527 0.2101545 0.0105984 0.0055662 0.0048518 0.0283210 0.0773086 0.0054616 0.0047543 0.0018677 0.0317579 0.0060007 0.0068209 0.0037306 0.0551446
 57 K  57 0.0430756 0.0648168 0.0368081 0.0800747 0.0000000 0.0648002 0.0759257 0.0258708 0.0115362 0.0098292 0.0283767 0.2786062 0.0085698 0.0018618 0.1693053 0.0298312 0.0583020 0.0017861 0.0000000 0.0106236
 58 W  58 0.0036244 0.0230166 0.0024566 0.0038923 0.0000000 0.0084170 0.0080969 0.0092942 0.0104676 0.0025585 0.0075413 0.0105830 0.0000000 0.0079930 0.0000000 0.0048759 0.0041189 0.8852048 0.0000000 0.0078590
 59 V  59 0.0494535 0.0000000 0.0000000 0.0000000 0.0000000 0.0000000 0.0000000 0.0000000 0.0000000 0.0328971 0.0050232 0.0000000 0.0000000 0.0188589 0.0000000 0.0000000 0.0304438 0.0000000 0.0000000 0.8633235
 60 R  60 0.0042747 0.0924288 0.0185717 0.0071309 0.0000000 0.4829793 0.0356008 0.0073218 0.0057699 0.0152987 0.0118236 0.2561101 0.0240913 0.0022156 0.0091987 0.0104150 0.0129930 0.0000000 0.0000000 0.0037759
 61 E  61 0.0247676 0.1587097 0.0817348 0.1898139 0.0000000 0.0413844 0.1679074 0.0059341 0.0105435 0.0068072 0.0248436 0.2276933 0.0114049 0.0018845 0.0075801 0.0193447 0.0113440 0.0000000 0.0016029 0.0066993
 62 Y  62 0.1615195 0.0113844 0.0073070 0.0000000 0.0427688 0.0080208 0.0077364 0.0180567 0.0436670 0.1234164 0.1698462 0.0067679 0.0081881 0.0119556 0.0000000 0.0267663 0.0167729 0.0018947 0.2498707 0.0840606
 63 I  63 0.0000000 0.0112274 0.0000000 0.0000000 0.0000000 0.0174481 0.0000000 0.0000000 0.0000000 0.3678258 0.1267847 0.0147242 0.2655679 0.0266043 0.0000000 0.0000000 0.0180407 0.0000000 0.0000000 0.1517770
 64 N  64 0.0455350 0.1546457 0.1398621 0.0477282 0.0000000 0.0805205 0.0659796 0.0076100 0.0207502 0.0110954 0.0145348 0.3091161 0.0000000 0.0000000 0.0019897 0.0489387 0.0300087 0.0073389 0.0039994 0.0103470
 65 S  65 0.0463920 0.1165993 0.0347983 0.0746094 0.0250386 0.0289555 0.0400414 0.0100287 0.1056849 0.0380969 0.0556488 0.1642617 0.0149392 0.0299421 0.0000000 0.0940914 0.0283061 0.0034406 0.0818715 0.0072536
 66 L  66 0.0000000 0.0000000 0.0000000 0.0000000 0.0000000 0.0043134 0.0000000 0.0000000 0.0000000 0.1153430 0.6909331 0.0077357 0.0518038 0.0215765 0.0042968 0.0000000 0.0049000 0.0000000 0.0000000 0.0990977
 67 S  67 0.0000000 0.0078854 0.0731256 0.4030667 0.0000000 0.0539529 0.2101039 0.0000000 0.0000000 0.0076853 0.0086713 0.1468160 0.0049077 0.0000000 0.0053984 0.0664717 0.0119151 0.0000000 0.0000000 0.0000000
 68 M  68 0.0222253 0.0150664 0.0000000 0.0000000 0.0000000 0.2169427 0.1176935 0.0000000 0.0046139 0.0000000 0.1833773 0.2852232 0.1198780 0.0000000 0.0048590 0.0043695 0.0126156 0.0000000 0.0000000 0.0131357
 69 S  69 0.0000000 0.0000000 0.4068478 0.0353757 0.0000000 0.0000000 0.0000000 0.0000000 0.0000000 0.0000000 0.0000000 0.0000000 0.0000000 0.0000000 0.0000000 0.4906372 0.0671393 0.0000000 0.0000000 0.0000000
