   69         A         R         N         D         C         Q         E         G         H         I         L         K         M         F         P         S         T         W         Y         V         X    
  1 Q   1 0.0000000 0.0116263 0.0000000 0.0000000 0.0000000 0.0772887 0.0244976 0.0000000 0.0000000 0.0000000 0.0000000 0.0101825 0.0000000 0.0000000 0.0000000 0.0000000 0.0000000 0.0000000 0.0000000 0.0000000 0.8764050
  2 G   2 0.0492061 0.0000000 0.0000000 0.0000000 0.0000000 0.0000000 0.0151129 0.0793166 0.0000000 0.0000000 0.0000000 0.0000000 0.0000000 0.0000000 0.1312239 0.0420645 0.0036113 0.0000000 0.0000000 0.0000000 0.6794648
  3 P   3 0.0046950 0.0000000 0.0213089 0.0523127 0.0000000 0.0229337 0.0209155 0.0197800 0.0000000 0.0076466 0.0274840 0.0000000 0.0318335 0.0065720 0.1207525 0.0206106 0.0000000 0.0000000 0.0030799 0.0080483 0.6320269
  4 P   4 0.0876846 0.0229811 0.0077134 0.0089456 0.0000000 0.0000000 0.0000000 0.0552232 0.0146593 0.0079314 0.0018005 0.0050579 0.0021340 0.0059118 0.0348085 0.0841057 0.0000000 0.0104261 0.0625055 0.0173534 0.5707579
  5 L   5 0.1295741 0.0033843 0.0000000 0.0208916 0.0000000 0.0121959 0.0163285 0.1049125 0.0000000 0.0148602 0.0172915 0.0029498 0.0022090 0.0094875 0.0046627 0.0418072 0.0121976 0.0000000 0.0060741 0.0900083 0.5111653
  6 M   6 0.0936266 0.0043497 0.1190789 0.0790435 0.0022124 0.0169254 0.0071162 0.0117730 0.0099092 0.0128528 0.0100471 0.0048846 0.0145874 0.0031441 0.0203376 0.1010994 0.0211675 0.0000000 0.0054598 0.0400365 0.4223483
  7 A   7 0.0500890 0.0000000 0.0542917 0.0590521 0.0000000 0.0100991 0.0207788 0.0459735 0.0189960 0.0651623 0.0105372 0.0044340 0.0057475 0.0110372 0.0556405 0.1199869 0.0765812 0.0000000 0.0000000 0.0380197 0.3535733
  8 T   8 0.0725509 0.0048885 0.0526728 0.0122023 0.0000000 0.0060591 0.0212635 0.0021111 0.0000000 0.0026224 0.0066447 0.0045642 0.0100560 0.0021790 0.3357624 0.0891799 0.0295782 0.0000000 0.0307620 0.0283435 0.2885595
  9 Q   9 0.0711014 0.0521155 0.0105601 0.0334437 0.0000000 0.0256056 0.1143939 0.0400967 0.0031487 0.0166397 0.0424549 0.0368697 0.0180528 0.0269515 0.0206753 0.1162855 0.1324670 0.0000000 0.0029137 0.0410917 0.1951325
 10 S  10 0.0530312 0.0392392 0.0393659 0.2504305 0.0067289 0.0077569 0.0551747 0.0000000 0.0028048 0.0166567 0.0084633 0.0417248 0.0063393 0.0077178 0.0548280 0.1387166 0.0914357 0.0000000 0.0018076 0.0195208 0.1582572
 11 C  11 0.0000000 0.0000000 0.0000000 0.0000000 0.8538540 0.0000000 0.0000000 0.0000000 0.0120267 0.0118840 0.0027770 0.0000000 0.0000000 0.0042578 0.0000000 0.0000000 0.0025590 0.0000000 0.0042207 0.0064467 0.1019742
 12 C  12 0.0000000 0.0000000 0.0000000 0.0000000 0.9631087 0.0000000 0.0000000 0.0000000 0.0000000 0.0000000 0.0000000 0.0000000 0.0000000 0.0000000 0.0000000 0.0000000 0.0000000 0.0000000 0.0063456 0.0000000 0.0305458
 13 F  13 0.0029364 0.0263532 0.0076544 0.0035307 0.0000000 0.0060368 0.0135557 0.0000000 0.0074128 0.0580774 0.3007820 0.0093203 0.0337882 0.3072116 0.0072593 0.0211967 0.0313671 0.0000000 0.0627920 0.0689542 0.0317710
 14 A  14 0.0575501 0.0893659 0.0745138 0.0333628 0.0000000 0.0318483 0.0570918 0.0586475 0.0067761 0.0032991 0.0057707 0.1756472 0.0136459 0.0040330 0.0000000 0.2731464 0.0720690 0.0000000 0.0038658 0.0047186 0.0346480
 15 Y  15 0.0076337 0.0020595 0.0042695 0.0000000 0.0000000 0.0000000 0.0096514 0.0058924 0.0195071 0.0175911 0.0543535 0.0051409 0.0305801 0.2047805 0.0000000 0.0080252 0.0886553 0.0030515 0.4017289 0.1053915 0.0316880
 16 I  16 0.0295812 0.0132921 0.0305367 0.0017745 0.0027952 0.0303335 0.0019523 0.0055469 0.0715024 0.1235672 0.0295767 0.0254132 0.0100899 0.0635587 0.0000000 0.1345547 0.2698753 0.0022515 0.0265864 0.0922440 0.0349677
 17 A  17 0.0387829 0.0956617 0.0922217 0.0457030 0.0000000 0.0686227 0.0533051 0.0148503 0.0408632 0.0067003 0.0079162 0.1069957 0.0063664 0.0000000 0.0458079 0.2107059 0.1162895 0.0000000 0.0033938 0.0049065 0.0409072
 18 R  18 0.0292286 0.2880697 0.0332021 0.0070029 0.0023124 0.0855019 0.0057337 0.0743086 0.0534809 0.0100518 0.0103099 0.2542948 0.0045818 0.0119822 0.0031601 0.0188505 0.0324321 0.0068969 0.0235713 0.0087125 0.0363154
 19 P  19 0.0609060 0.1668908 0.0104559 0.0157606 0.0000000 0.0534373 0.0302913 0.0000000 0.0030298 0.0256517 0.0133363 0.2306524 0.0145071 0.0328536 0.1996467 0.0220984 0.0217860 0.0040836 0.0000000 0.0400130 0.0545995
 20 L  20 0.0000000 0.0180897 0.0076677 0.0000000 0.0000000 0.0000000 0.0000000 0.0049616 0.0000000 0.5479847 0.2101780 0.0113231 0.0205835 0.0212149 0.0181094 0.0035113 0.0074591 0.0031601 0.0055401 0.0953393 0.0248773
 21 P  21 0.0091881 0.0450170 0.0109794 0.0153258 0.0000000 0.0106768 0.0027695 0.0117228 0.0540819 0.0030968 0.0089106 0.0343675 0.0039859 0.0000000 0.6682791 0.0824256 0.0080546 0.0000000 0.0000000 0.0057242 0.0253946
 22 R  22 0.0368444 0.1422360 0.0035595 0.0041383 0.0577287 0.0435435 0.0276104 0.0254711 0.0101481 0.0516359 0.1385798 0.0854002 0.0160630 0.0423636 0.1112026 0.0266999 0.0158679 0.0338372 0.0229478 0.0832508 0.0208712
 23 A  23 0.0555373 0.1813850 0.1381722 0.0291865 0.0000000 0.0939494 0.0316747 0.0305350 0.0473704 0.0092778 0.0000000 0.2231243 0.0045425 0.0071551 0.0065683 0.0765457 0.0303991 0.0016627 0.0043153 0.0056984 0.0229002
 24 H  24 0.0305487 0.1824330 0.0826586 0.0034338 0.0000000 0.0287010 0.0041293 0.0019561 0.0571945 0.0751314 0.1501792 0.0913591 0.0128963 0.1046667 0.0023343 0.0177379 0.0065596 0.0229280 0.0168503 0.0834482 0.0248539
 25 I  25 0.0233882 0.0000000 0.0000000 0.0000000 0.0000000 0.0000000 0.0000000 0.0000000 0.0000000 0.3724302 0.2080390 0.0000000 0.0254248 0.0111886 0.0000000 0.0000000 0.0000000 0.0000000 0.0103656 0.3251599 0.0240038
 26 K  26 0.0611781 0.0762338 0.0054623 0.0129831 0.0038513 0.0863369 0.0881063 0.0079436 0.0044599 0.0438673 0.0455341 0.2350509 0.0280894 0.0000000 0.0000000 0.0226413 0.0528695 0.0000000 0.0057498 0.1987711 0.0208712
 27 E  27 0.0277805 0.0410257 0.0713457 0.1361494 0.0242844 0.0067289 0.0589043 0.1471596 0.0343351 0.0000000 0.0023031 0.0159294 0.0130576 0.0116655 0.0000000 0.2975096 0.0632378 0.0000000 0.0254305 0.0022817 0.0208712
 28 Y  28 0.0114452 0.0000000 0.0000000 0.0000000 0.0099416 0.0000000 0.0000000 0.0000000 0.0099332 0.0267398 0.0208664 0.0000000 0.0000000 0.0654730 0.0000000 0.0052978 0.0000000 0.0347678 0.7224985 0.0751509 0.0178858
 29 F  29 0.0100967 0.2083734 0.0069318 0.0041028 0.0000000 0.1036606 0.0689677 0.0015365 0.0266664 0.0299972 0.0295617 0.0619632 0.0068997 0.1095933 0.0000000 0.0388339 0.1065506 0.0052878 0.1497168 0.0133741 0.0178858
 30 Y  30 0.0070397 0.0883943 0.0181769 0.0012500 0.0000000 0.0358226 0.1956719 0.0024693 0.0229207 0.1782947 0.0837764 0.0970066 0.0316618 0.0215604 0.0305356 0.0089782 0.0150310 0.0427744 0.0418748 0.0605842 0.0161767
 31 T  31 0.0032788 0.0073662 0.0327756 0.0000000 0.0000000 0.2380325 0.0021840 0.0000000 0.0016929 0.0532760 0.0107156 0.0197488 0.0043746 0.0029533 0.0119855 0.0149593 0.5606923 0.0050390 0.0000000 0.0074536 0.0234720
 32 S  32 0.0334012 0.0294548 0.0628792 0.0783671 0.0000000 0.0385083 0.0779428 0.0673163 0.0417015 0.0000000 0.0019831 0.0203886 0.0000000 0.0000000 0.0351398 0.4268756 0.0601005 0.0000000 0.0028041 0.0034684 0.0196685
 33 G  33 0.0309555 0.0115090 0.0248252 0.0645184 0.0000000 0.0362298 0.0743416 0.1501508 0.0120073 0.0184541 0.0307153 0.0140421 0.0000000 0.0074671 0.0401770 0.4266716 0.0319137 0.0000000 0.0000000 0.0066073 0.0194143
 34 K  34 0.0336911 0.0696770 0.0456418 0.0450600 0.0000000 0.1185163 0.0421162 0.1995835 0.0364474 0.0146719 0.0557471 0.0627456 0.0109344 0.0058743 0.0076058 0.1614187 0.0336726 0.0000000 0.0138518 0.0132858 0.0294590
 35 C  35 0.0039827 0.0052978 0.0000000 0.0000000 0.9181483 0.0000000 0.0000000 0.0000000 0.0033266 0.0000000 0.0055887 0.0000000 0.0171420 0.0000000 0.0056275 0.0030656 0.0000000 0.0000000 0.0000000 0.0061341 0.0316869
 36 S  36 0.0339705 0.1003380 0.0882877 0.0634558 0.0000000 0.0126065 0.0156309 0.0218152 0.0187172 0.0072968 0.0315869 0.0181514 0.0000000 0.0000000 0.2694478 0.2226880 0.0550287 0.0000000 0.0073013 0.0024461 0.0312313
 37 N  37 0.0000000 0.1063629 0.0739207 0.0044139 0.0000000 0.1059967 0.0172119 0.0016359 0.0153264 0.1790654 0.1093248 0.1892310 0.0310486 0.0107118 0.0021193 0.0057488 0.0236950 0.0084852 0.0111877 0.0772245 0.0272896
 38 P  38 0.0371675 0.0702968 0.0528732 0.0856808 0.0000000 0.0332238 0.1006198 0.0020443 0.0119546 0.0000000 0.0059523 0.1374660 0.0022425 0.0046796 0.3476395 0.0305848 0.0331622 0.0000000 0.0000000 0.0181945 0.0262177
 39 A  39 0.6663882 0.0039512 0.0000000 0.0025456 0.0000000 0.0000000 0.0672280 0.2009447 0.0118587 0.0000000 0.0035120 0.0000000 0.0000000 0.0026239 0.0000000 0.0211056 0.0000000 0.0000000 0.0000000 0.0034295 0.0164127
 40 V  40 0.0055839 0.0000000 0.0034911 0.0000000 0.0000000 0.0000000 0.0041071 0.0000000 0.0000000 0.3248933 0.0187796 0.0000000 0.0064663 0.0322001 0.0000000 0.0000000 0.0373826 0.0000000 0.0044601 0.5462232 0.0164127
 41 V  41 0.0035266 0.0105832 0.0000000 0.0000000 0.0000000 0.0000000 0.0024046 0.0000000 0.0000000 0.5922011 0.0543639 0.0031963 0.0227067 0.0000000 0.0000000 0.0000000 0.0000000 0.0000000 0.0000000 0.2913781 0.0196396
 42 F  42 0.0219379 0.0000000 0.0000000 0.0000000 0.0000000 0.0000000 0.0000000 0.0000000 0.0000000 0.0332217 0.1253345 0.0000000 0.0000000 0.7287746 0.0000000 0.0000000 0.0000000 0.0000000 0.0052889 0.0623376 0.0231048
 43 V  43 0.0056691 0.0389574 0.0193557 0.0000000 0.0022355 0.0342886 0.0349927 0.0054753 0.0719908 0.1347962 0.1000112 0.1186825 0.0066201 0.0170297 0.0000000 0.0161690 0.1963115 0.0047465 0.0472683 0.1183951 0.0270049
 44 T  44 0.0138598 0.0094761 0.0069545 0.0000000 0.0000000 0.0000000 0.0000000 0.0025096 0.0000000 0.0122978 0.1056079 0.0053924 0.0297351 0.0263191 0.0182191 0.0122248 0.7246714 0.0025000 0.0000000 0.0090792 0.0211532
 45 R  45 0.0258078 0.1584244 0.0228277 0.0000000 0.0000000 0.0283050 0.0184760 0.0040333 0.0143821 0.0358349 0.0353919 0.4487883 0.0019268 0.0132526 0.0322729 0.0109783 0.0178038 0.0000000 0.0000000 0.0956326 0.0358617
 46 K  46 0.0451925 0.2455910 0.0616155 0.0238174 0.0000000 0.0375377 0.0270009 0.0187031 0.0078732 0.0038928 0.0496874 0.3736832 0.0055999 0.0026224 0.0186641 0.0311997 0.0109137 0.0000000 0.0061648 0.0029088 0.0273318
 47 N  47 0.0272404 0.0337139 0.1146873 0.0628866 0.0000000 0.0328615 0.0213481 0.5442034 0.0249865 0.0000000 0.0019519 0.0669615 0.0000000 0.0090683 0.0031151 0.0104461 0.0019651 0.0000000 0.0045264 0.0000000 0.0400377
 48 R  48 0.0075997 0.3867830 0.0076072 0.0000000 0.0000000 0.0390322 0.0114050 0.0111676 0.0296359 0.0276749 0.0630209 0.2716060 0.0050701 0.0137579 0.0054091 0.0266451 0.0198713 0.0000000 0.0206167 0.0100485 0.0430489
 49 Q  49 0.0231147 0.0730221 0.0140384 0.0198417 0.0000000 0.1919051 0.1863615 0.0038328 0.0322140 0.0132577 0.0388038 0.1575789 0.0216895 0.0313612 0.0204596 0.0609625 0.0501688 0.0000000 0.0126969 0.0137791 0.0349117
 50 V  50 0.0376532 0.0000000 0.0000000 0.0067289 0.0027382 0.0000000 0.0000000 0.0000000 0.0046850 0.2775181 0.1725023 0.0000000 0.0109066 0.0935162 0.0000000 0.0088298 0.0109619 0.0000000 0.0078361 0.3384707 0.0276528
 51 C  51 0.0000000 0.0082874 0.0000000 0.0000000 0.9594900 0.0039431 0.0000000 0.0000000 0.0031487 0.0000000 0.0000000 0.0000000 0.0000000 0.0000000 0.0000000 0.0033987 0.0000000 0.0000000 0.0000000 0.0000000 0.0217320
 52 A  52 0.5847492 0.0000000 0.0000000 0.0000000 0.0000000 0.0000000 0.0000000 0.0449947 0.0000000 0.0094761 0.0506831 0.0000000 0.0176021 0.0000000 0.0000000 0.0521263 0.0556989 0.0000000 0.0115398 0.1506893 0.0224405
 53 N  53 0.0123994 0.0244366 0.2798890 0.4420504 0.0000000 0.0135380 0.0160755 0.0035014 0.0087672 0.0000000 0.0194045 0.0344583 0.0000000 0.0000000 0.0731580 0.0184749 0.0171202 0.0000000 0.0000000 0.0000000 0.0367266
 54 P  54 0.0326725 0.0023702 0.0025212 0.0026482 0.0000000 0.0252195 0.0000000 0.0041072 0.0035014 0.0026803 0.0181299 0.0035186 0.0000000 0.0000000 0.8198968 0.0260987 0.0098263 0.0000000 0.0000000 0.0055562 0.0412530
 55 E  55 0.0255204 0.0682076 0.0864947 0.0770568 0.0000000 0.0586044 0.1108278 0.0307934 0.0210770 0.0105905 0.0028412 0.2140105 0.0026492 0.0041430 0.0000000 0.1653319 0.0714406 0.0000000 0.0032420 0.0063341 0.0408350
 56 K  56 0.1538480 0.0074427 0.0537703 0.1724262 0.0000000 0.1306065 0.2067680 0.0113390 0.0051532 0.0043720 0.0277990 0.0719039 0.0092475 0.0044601 0.0017630 0.0291890 0.0055068 0.0063913 0.0032622 0.0510208 0.0437305
 57 K  57 0.0437853 0.0648801 0.0350136 0.0766858 0.0000000 0.0621510 0.0783973 0.0242061 0.0109092 0.0092635 0.0267997 0.2490137 0.0082236 0.0018200 0.1715852 0.0294332 0.0562134 0.0017198 0.0000000 0.0102033 0.0396961
 58 W  58 0.0034497 0.0220377 0.0024627 0.0038193 0.0000000 0.0079554 0.0080287 0.0089530 0.0101406 0.0024461 0.0073172 0.0105433 0.0000000 0.0075898 0.0000000 0.0046150 0.0039447 0.8473112 0.0000000 0.0094547 0.0399308
 59 V  59 0.0472152 0.0000000 0.0000000 0.0000000 0.0000000 0.0000000 0.0000000 0.0000000 0.0000000 0.0312200 0.0045425 0.0000000 0.0000000 0.0173561 0.0000000 0.0000000 0.0268994 0.0000000 0.0000000 0.8234388 0.0493279
 60 R  60 0.0042861 0.0682394 0.0178322 0.0063888 0.0000000 0.4685851 0.0335020 0.0070318 0.0054801 0.0147630 0.0111781 0.2506370 0.0239618 0.0020976 0.0085251 0.0097074 0.0121465 0.0000000 0.0000000 0.0034911 0.0521468
 61 E  61 0.0244015 0.1504323 0.0775718 0.1807707 0.0000000 0.0401215 0.1435156 0.0057565 0.0100026 0.0065168 0.0235365 0.2231765 0.0102162 0.0018302 0.0073269 0.0190182 0.0132043 0.0000000 0.0015198 0.0061313 0.0549509
 62 Y  62 0.1650963 0.0109694 0.0068021 0.0000000 0.0396672 0.0074981 0.0072129 0.0151487 0.0409842 0.1193489 0.1586978 0.0064816 0.0078742 0.0113044 0.0000000 0.0248486 0.0156715 0.0017861 0.2179480 0.0793352 0.0633249
 63 I  63 0.0000000 0.0103272 0.0000000 0.0000000 0.0000000 0.0159973 0.0000000 0.0000000 0.0000000 0.3240393 0.1222786 0.0136029 0.2508599 0.0242876 0.0000000 0.0000000 0.0189956 0.0000000 0.0000000 0.1499865 0.0696251
 64 N  64 0.0424271 0.1440787 0.1025960 0.0494777 0.0000000 0.0797102 0.0631721 0.0070279 0.0188230 0.0101235 0.0131553 0.2879975 0.0000000 0.0000000 0.0018743 0.0443989 0.0325640 0.0068029 0.0036296 0.0105146 0.0816268
 65 S  65 0.0418016 0.1064207 0.0308786 0.0693882 0.0212700 0.0257930 0.0379910 0.0090177 0.0974938 0.0360509 0.0500852 0.1532827 0.0129621 0.0265082 0.0000000 0.0599940 0.0260461 0.0028666 0.0730037 0.0065643 0.1125817
 66 L  66 0.0000000 0.0000000 0.0000000 0.0000000 0.0000000 0.0036594 0.0000000 0.0000000 0.0000000 0.1009183 0.5899156 0.0064164 0.0450250 0.0184678 0.0036494 0.0000000 0.0041071 0.0000000 0.0000000 0.0865028 0.1413382
 67 S  67 0.0000000 0.0059074 0.0540043 0.3233324 0.0000000 0.0412066 0.1417977 0.0000000 0.0000000 0.0058443 0.0065437 0.1125216 0.0036454 0.0000000 0.0040836 0.0521899 0.0092067 0.0000000 0.0000000 0.0000000 0.2397164
 68 M  68 0.0106654 0.0070997 0.0000000 0.0000000 0.0000000 0.1117631 0.0556830 0.0000000 0.0022094 0.0000000 0.0950498 0.1398174 0.0340347 0.0000000 0.0023405 0.0021139 0.0060604 0.0000000 0.0000000 0.0063138 0.5268488
 69 S  69 0.0000000 0.0000000 0.1033958 0.0077732 0.0000000 0.0000000 0.0000000 0.0000000 0.0000000 0.0000000 0.0000000 0.0000000 0.0000000 0.0000000 0.0000000 0.0891110 0.0152837 0.0000000 0.0000000 0.0000000 0.7844364
