  196         A         R         N         D         C         Q         E         G         H         I         L         K         M         F         P         S         T         W         Y         V         X    
  1 G   1 0.0000000 0.0000000 0.0000000 0.0000000 0.0000000 0.0000000 0.0000000 0.0676703 0.0000000 0.0000000 0.0000000 0.0000000 0.0000000 0.0000000 0.0000000 0.0000000 0.0000000 0.0000000 0.0000000 0.0000000 0.9323297
  2 R   2 0.0028935 0.0417120 0.0008156 0.0018176 0.0000000 0.0127256 0.0269186 0.0000000 0.0059184 0.0008128 0.0000000 0.0262702 0.0000000 0.0000000 0.0045161 0.0383026 0.0253274 0.0000000 0.0000000 0.0000000 0.8119697
  3 A   3 0.0922609 0.0148677 0.0000000 0.0017308 0.0000000 0.0367230 0.0100957 0.0274265 0.0015679 0.0033752 0.0016772 0.0341328 0.0027314 0.0008238 0.0059546 0.0492864 0.0506390 0.0000000 0.0008432 0.0084876 0.6573763
  4 M   4 0.0220793 0.0502417 0.0031290 0.0031403 0.0460685 0.0142906 0.0342461 0.0093353 0.0000000 0.0161607 0.0511019 0.0257960 0.0163608 0.0052727 0.0087550 0.0192393 0.0174900 0.0012822 0.0060738 0.0326017 0.6173350
  5 G   5 0.0313163 0.0123281 0.0071852 0.0149991 0.0031332 0.0713081 0.0822131 0.0543733 0.0133603 0.0030843 0.0000000 0.0319038 0.0073495 0.0006441 0.0432723 0.0467172 0.0227424 0.0000000 0.0000000 0.0091005 0.5449693
  6 A   6 0.0484462 0.0398701 0.0029791 0.0221661 0.0661121 0.0177306 0.0615330 0.0486914 0.0006002 0.0104782 0.0039290 0.0339651 0.0000000 0.0000000 0.0064626 0.0248418 0.0358897 0.0046112 0.0016539 0.0731988 0.4968409
  7 C   7 0.0017196 0.0014861 0.0015917 0.0009114 0.5375285 0.0127414 0.0000000 0.0025844 0.0000000 0.0022179 0.0051113 0.0020954 0.0014905 0.0005181 0.0136436 0.0054902 0.0124406 0.0000000 0.0011502 0.0234166 0.3738626
  8 S   8 0.0046675 0.0709114 0.0151609 0.0315299 0.0115410 0.0272571 0.0310384 0.0129770 0.0091381 0.0095458 0.0031059 0.1168030 0.0016071 0.0000000 0.1474596 0.1203657 0.0459752 0.0005021 0.0055154 0.0052856 0.3296134
  9 H   9 0.0393995 0.0627197 0.0562316 0.0470287 0.0051045 0.0245074 0.0585685 0.0232874 0.0244069 0.0147205 0.0168907 0.0341484 0.0069643 0.0067761 0.0112602 0.1000402 0.0997738 0.0000000 0.0098675 0.0423736 0.3159306
 10 G  10 0.1305788 0.0385979 0.0160586 0.0207327 0.0180368 0.0715643 0.0341600 0.0937072 0.0097037 0.0170296 0.0135650 0.0903695 0.0424294 0.0221514 0.0177061 0.0312012 0.0277493 0.0000000 0.0213672 0.0302796 0.2530118
 11 P  11 0.0798460 0.0418043 0.0140176 0.0107439 0.0000000 0.0303225 0.0819796 0.0181878 0.0150495 0.0083379 0.0603645 0.1026414 0.0035307 0.0055099 0.1756065 0.0573688 0.0080853 0.0025081 0.0205167 0.0481072 0.2154717
 12 V  12 0.2136821 0.0131632 0.0070600 0.0000000 0.0005475 0.0055539 0.0000000 0.0043330 0.0024740 0.0745528 0.2239206 0.0073367 0.0855731 0.0205675 0.0000000 0.0128174 0.0918828 0.0000000 0.0059421 0.1317488 0.0988444
 13 D  13 0.0000000 0.0000000 0.0188411 0.8566411 0.0000000 0.0000000 0.0854468 0.0012490 0.0012345 0.0000000 0.0000000 0.0000000 0.0000000 0.0000000 0.0000000 0.0000000 0.0000000 0.0000000 0.0000000 0.0000000 0.0365875
 14 V  14 0.0109105 0.0000000 0.0000000 0.0000000 0.0000000 0.0000000 0.0000000 0.0000000 0.0000000 0.3108210 0.3832753 0.0000000 0.0219935 0.0081225 0.0000000 0.0000000 0.0013563 0.0000000 0.0000000 0.2285957 0.0349252
 15 V  15 0.1440345 0.0000000 0.0000000 0.0000000 0.0032096 0.0037503 0.0000000 0.0248271 0.0038029 0.0831844 0.0841139 0.0000000 0.0226518 0.0218885 0.0006651 0.0065421 0.0083561 0.0006612 0.0459037 0.5122319 0.0341768
 16 F  16 0.0000000 0.0000000 0.0000000 0.0000000 0.0009367 0.0000000 0.0000000 0.0000000 0.0000000 0.0498084 0.0661324 0.0000000 0.0076936 0.8129277 0.0007411 0.0007552 0.0000000 0.0009035 0.0067245 0.0192001 0.0341768
 17 L  17 0.0636914 0.0000000 0.0000000 0.0000000 0.0000000 0.0000000 0.0000000 0.0048867 0.0000000 0.1022760 0.5818086 0.0000000 0.0197159 0.0038436 0.0000000 0.0013278 0.0011725 0.0000000 0.0000000 0.1889525 0.0323251
 18 L  18 0.0039712 0.0000000 0.0000000 0.0000000 0.0179404 0.0020597 0.0000000 0.0000000 0.0000000 0.2316502 0.4221678 0.0000000 0.0332892 0.0306099 0.0022929 0.0000000 0.0072276 0.0000000 0.0014864 0.2149797 0.0323251
 19 H  19 0.0040107 0.0000000 0.0000000 0.8907686 0.0000000 0.0024075 0.0478501 0.0029439 0.0165005 0.0000000 0.0000000 0.0000000 0.0000000 0.0000000 0.0019014 0.0019950 0.0000000 0.0000000 0.0000000 0.0000000 0.0316222
 20 A  20 0.0679961 0.0062559 0.0168999 0.0093974 0.0015446 0.0156967 0.0424782 0.4679048 0.0108345 0.0014075 0.0059159 0.0155467 0.0163681 0.0010628 0.0000000 0.2316907 0.0482206 0.0000000 0.0010234 0.0068158 0.0329405
 21 T  21 0.0038335 0.0000000 0.0016311 0.0019950 0.0000000 0.0000000 0.0000000 0.0011422 0.0000000 0.0000000 0.0000000 0.0000000 0.0000000 0.0014655 0.0012071 0.9265231 0.0218743 0.0000000 0.0000000 0.0008393 0.0394889
 22 R  22 0.0549448 0.0708601 0.0686398 0.1013064 0.0000000 0.0403271 0.0818033 0.2122532 0.0112021 0.0025102 0.0046670 0.0272552 0.0068454 0.0049130 0.0012106 0.1641992 0.0291255 0.0563647 0.0213041 0.0091954 0.0310729
 23 D  23 0.0217011 0.0258041 0.0579647 0.0474900 0.0012073 0.0091386 0.0104731 0.0670889 0.0143823 0.0143064 0.0052642 0.0490140 0.0077359 0.0077845 0.0000000 0.5944215 0.0250929 0.0000000 0.0035680 0.0048256 0.0327368
 24 N  24 0.0219437 0.0086515 0.0174495 0.0029714 0.0000000 0.0009926 0.0034718 0.0104282 0.0000000 0.3157289 0.1057958 0.0016248 0.0210088 0.0043622 0.0015906 0.0187169 0.0716992 0.0000000 0.0007438 0.3576719 0.0351483
 25 A  25 0.0481425 0.0594410 0.0184823 0.0266071 0.0004929 0.0309929 0.0223926 0.3828786 0.0000000 0.0010730 0.0098291 0.0270179 0.0019070 0.0016101 0.1177584 0.1328655 0.0555679 0.0009324 0.0228198 0.0049343 0.0342547
 26 H  26 0.0379589 0.0612034 0.0558936 0.0969119 0.0000000 0.1017145 0.2413335 0.0192404 0.0454575 0.0035384 0.0130509 0.0569459 0.0035295 0.0070928 0.0541596 0.1108530 0.0347248 0.0007130 0.0189545 0.0088705 0.0278534
 27 N  27 0.0144761 0.0454867 0.3512836 0.1864170 0.0000000 0.0321462 0.1320864 0.0463863 0.0251381 0.0084800 0.0128795 0.0087652 0.0000000 0.0029512 0.0016147 0.0632261 0.0075344 0.0052289 0.0095708 0.0047459 0.0415828
 28 A  28 0.0115986 0.0000000 0.0006781 0.0000000 0.0000000 0.0056480 0.0026259 0.0023550 0.0086227 0.0094629 0.0339709 0.0014989 0.0006137 0.7784519 0.0000000 0.0067779 0.0043491 0.0563410 0.0443751 0.0096438 0.0229864
 29 E  29 0.0474043 0.0802136 0.1144672 0.0628225 0.0000000 0.1318294 0.2387725 0.0245537 0.0122367 0.0115961 0.0307762 0.0528749 0.0032875 0.0038620 0.0568439 0.0438738 0.0365469 0.0007373 0.0055179 0.0184419 0.0233417
 30 A  30 0.0593935 0.1266699 0.0197768 0.0307750 0.0000000 0.0611829 0.0922479 0.0039293 0.0251258 0.0578985 0.1029130 0.1803152 0.0077165 0.0137597 0.0026050 0.0386142 0.0709115 0.0053363 0.0267053 0.0474466 0.0266769
 31 V  31 0.0574394 0.0007889 0.0043744 0.0000000 0.0025055 0.0516437 0.0360807 0.0028892 0.0022372 0.1242683 0.0963798 0.0000000 0.2531135 0.0094393 0.0000000 0.0481520 0.0247505 0.0000000 0.0038642 0.2624326 0.0196407
 32 R  32 0.0033496 0.1984800 0.0007889 0.0037857 0.0011112 0.0518584 0.0000000 0.0015855 0.0000000 0.0412270 0.0851983 0.5264132 0.0116299 0.0026885 0.0000000 0.0006595 0.0196847 0.0000000 0.0112286 0.0189181 0.0213929
 33 R  33 0.0846202 0.0539271 0.1242813 0.1892696 0.0000000 0.0706891 0.1270065 0.0199450 0.0278523 0.0131171 0.0052711 0.0666621 0.0102268 0.0023655 0.0025459 0.0712728 0.0800021 0.0008211 0.0077228 0.0199158 0.0224861
 34 V  34 0.0102777 0.0000000 0.0000000 0.0000000 0.0000000 0.0006133 0.0010299 0.0005556 0.0021400 0.0247763 0.0451316 0.0000000 0.0124532 0.7852816 0.0000000 0.0070929 0.0078869 0.0394393 0.0207372 0.0228183 0.0197661
 35 L  35 0.0436072 0.0000000 0.0000000 0.0000000 0.0009801 0.0010614 0.0000000 0.0036469 0.0000000 0.1596359 0.2847705 0.0000000 0.0968390 0.0016361 0.0000000 0.0024410 0.0431452 0.0000000 0.0000000 0.3401647 0.0220719
 36 E  36 0.0775980 0.0753846 0.0344229 0.0081871 0.0012471 0.0309486 0.1082043 0.0349149 0.0117925 0.0753661 0.0530404 0.1662957 0.0091427 0.0100706 0.0020236 0.1200729 0.0397955 0.0026069 0.0326594 0.0869225 0.0193036
 37 R  37 0.0650634 0.1179439 0.1272748 0.1056340 0.0000000 0.0520911 0.1005579 0.0551746 0.0227263 0.0054720 0.0081161 0.1039226 0.0025345 0.0011860 0.0000000 0.1522080 0.0442085 0.0000000 0.0116340 0.0043858 0.0198665
 38 L  38 0.0097991 0.0032549 0.0000000 0.0000000 0.0077071 0.0008272 0.0000000 0.0000000 0.0000000 0.1682081 0.2965870 0.0019066 0.0956088 0.0674463 0.0000000 0.0124627 0.0478822 0.0000000 0.0019289 0.2593821 0.0269991
 39 V  39 0.0690673 0.0000000 0.0000000 0.0000000 0.0139313 0.0000000 0.0000000 0.0020742 0.0000000 0.2167038 0.1187240 0.0000000 0.0846172 0.0029037 0.0000000 0.0271844 0.0562958 0.0000000 0.0033580 0.3829703 0.0221700
 40 S  40 0.0385990 0.0731285 0.0932716 0.1791671 0.0000000 0.0894143 0.1433206 0.0568249 0.0113824 0.0012837 0.0269113 0.0731930 0.0113840 0.0000000 0.0021898 0.1387662 0.0175027 0.0025956 0.0022164 0.0067504 0.0320987
 41 A  41 0.1007081 0.1431871 0.0652093 0.0601809 0.0013278 0.0737197 0.0314491 0.0460670 0.0217444 0.0035135 0.0102853 0.1300011 0.0142589 0.0000000 0.0212721 0.1372565 0.0538963 0.0016539 0.0211554 0.0133411 0.0497727
 42 L  42 0.0017156 0.0017573 0.0046254 0.0000000 0.0000000 0.0053153 0.0000000 0.0000000 0.0023191 0.0354047 0.3863964 0.0000000 0.0745874 0.3595805 0.0000000 0.0000000 0.0012304 0.0000000 0.0041411 0.0325875 0.0903392
 43 G  43 0.0536435 0.0025260 0.0899916 0.0255948 0.0016879 0.0163214 0.0293004 0.0258569 0.0524397 0.0086091 0.0452573 0.0281562 0.0033870 0.0445398 0.0090833 0.0726812 0.0566736 0.0023300 0.0264614 0.0292931 0.3761660
 44 P  44 0.0156429 0.0223775 0.0489298 0.2706431 0.0000000 0.0413817 0.0928227 0.0175888 0.0046530 0.0192710 0.0075010 0.0178857 0.0035066 0.0008087 0.0587228 0.0567811 0.0231155 0.0000000 0.0005264 0.0130802 0.2847614
 45 L  45 0.0145001 0.0027286 0.0395264 0.0086430 0.0000000 0.0022275 0.0057849 0.0010370 0.0010688 0.4135880 0.0524637 0.0071246 0.0125056 0.0202857 0.0070236 0.0126892 0.0248948 0.0000000 0.0022102 0.3010570 0.0706415
 46 G  46 0.0309820 0.0167283 0.0227329 0.0291907 0.0517586 0.0144149 0.0373500 0.3977178 0.0134610 0.0008420 0.0000000 0.0251251 0.0000000 0.0000000 0.0036919 0.2804352 0.0095102 0.0018463 0.0062702 0.0056943 0.0522489
 47 P  47 0.0563789 0.0410577 0.0241189 0.0499183 0.0000000 0.1034378 0.0757683 0.0114398 0.0080730 0.0078197 0.0374532 0.0312552 0.0011054 0.0166024 0.3679559 0.0589030 0.0213070 0.0062172 0.0084559 0.0171251 0.0556071
 48 Q  48 0.0302068 0.0419824 0.1332590 0.2448849 0.0000000 0.0531166 0.0827503 0.0452956 0.0320015 0.0082676 0.0065791 0.0749843 0.0048247 0.0026027 0.0111163 0.0785067 0.0769413 0.0000000 0.0098899 0.0185703 0.0442199
 49 A  49 0.0998446 0.1295626 0.0553253 0.0622930 0.0258026 0.0535163 0.0203882 0.1919885 0.0182101 0.0037151 0.0280304 0.1149940 0.0014202 0.0152650 0.0070645 0.0603630 0.0363834 0.0042951 0.0130137 0.0198791 0.0386455
 50 A  50 0.1253492 0.0000000 0.0045369 0.0377504 0.0000000 0.0029784 0.0012570 0.0020689 0.0043214 0.1520022 0.0203120 0.0000000 0.0299125 0.0105282 0.0165812 0.0373278 0.2895309 0.0010430 0.0299499 0.2089891 0.0255612
 51 Q  51 0.0032169 0.5790650 0.0146183 0.0011716 0.0000000 0.2104962 0.0044454 0.0000000 0.0981447 0.0000000 0.0218137 0.0297816 0.0032052 0.0000000 0.0000000 0.0088908 0.0009261 0.0000000 0.0009165 0.0000000 0.0233080
 52 V  52 0.0215691 0.0000000 0.0019866 0.0000000 0.0000000 0.0000000 0.0000000 0.0000000 0.0000000 0.1673215 0.0378761 0.0000000 0.0300072 0.1113323 0.0013707 0.0000000 0.0039908 0.0000000 0.0050681 0.5991220 0.0203555
 53 G  53 0.3252226 0.0000000 0.0000000 0.0021929 0.0026788 0.0000000 0.0007263 0.4685705 0.0000000 0.0000000 0.0000000 0.0000000 0.0071066 0.0000000 0.0000000 0.1407866 0.0269667 0.0000000 0.0000000 0.0057584 0.0199907
 54 L  54 0.1064728 0.0000000 0.0000000 0.0012768 0.0000000 0.0000000 0.0000000 0.0083734 0.0000000 0.0950290 0.3286407 0.0000000 0.0225186 0.0186414 0.0000000 0.0010717 0.0040273 0.0000000 0.0023971 0.3919968 0.0195545
 55 L  55 0.1158378 0.0042686 0.0013922 0.0022819 0.0000000 0.0000000 0.0027804 0.0032082 0.0000000 0.1311481 0.1581308 0.0000000 0.0549961 0.0185087 0.0000000 0.0155037 0.0107483 0.0000000 0.0023454 0.4578808 0.0209689
 56 T  56 0.0172156 0.0371453 0.0188247 0.0000000 0.0008444 0.5447560 0.0424361 0.0028577 0.0185851 0.0050015 0.0313893 0.0206964 0.0039605 0.0063059 0.0015036 0.0729487 0.1054383 0.0015114 0.0013325 0.0464777 0.0207692
 57 Y  57 0.0063287 0.0000000 0.0000000 0.0000000 0.0000000 0.0037947 0.0000000 0.0000000 0.0147751 0.0031950 0.0036494 0.0000000 0.0009048 0.2558717 0.0000000 0.0020782 0.0009212 0.0000000 0.6776987 0.0103204 0.0204621
 58 S  58 0.0937071 0.0019725 0.0823347 0.0184808 0.0025099 0.0006015 0.0023450 0.1398897 0.0428263 0.0000000 0.0009309 0.0000000 0.0000000 0.0000000 0.0000000 0.5657752 0.0278192 0.0000000 0.0006593 0.0000000 0.0201479
 59 H  59 0.0175302 0.0403440 0.0694174 0.2556598 0.0087337 0.0110894 0.0555561 0.0657836 0.0433322 0.0009267 0.0039750 0.0124231 0.0018351 0.0054327 0.0062318 0.2422861 0.0907747 0.0016604 0.0461398 0.0031689 0.0176993
 60 R  60 0.0212190 0.1045365 0.0654512 0.1681435 0.0000000 0.0505022 0.1183138 0.0588708 0.0218436 0.0317087 0.0082945 0.0468745 0.0095681 0.0095134 0.0181713 0.0662123 0.1079778 0.0049239 0.0289558 0.0396719 0.0192473
 61 P  61 0.0953166 0.0033651 0.0380801 0.0005402 0.0052948 0.0277403 0.0006178 0.0224615 0.0014884 0.0467171 0.0285217 0.0021497 0.0052516 0.0239507 0.2650392 0.0599193 0.0800571 0.0053367 0.0255023 0.2426239 0.0200259
 62 S  62 0.0183997 0.1984344 0.0319554 0.0304437 0.0000000 0.0977543 0.0637924 0.0038171 0.1036531 0.0148743 0.0131575 0.1446143 0.0037897 0.0149086 0.0026439 0.0538196 0.1095394 0.0020653 0.0377220 0.0345169 0.0200983
 63 P  63 0.0424916 0.0098283 0.0181128 0.0166937 0.0000000 0.0281674 0.0447053 0.0015956 0.0268409 0.1008954 0.1224359 0.0196089 0.0230596 0.0042792 0.0502577 0.0441778 0.2241788 0.0025645 0.0237282 0.1770190 0.0193596
 64 L  64 0.0387570 0.0109277 0.0162873 0.0337029 0.0009580 0.0366041 0.4983046 0.0107004 0.0492949 0.0508376 0.0787952 0.0065840 0.0102914 0.0062281 0.0036991 0.0104513 0.0026193 0.0012288 0.0456878 0.0693759 0.0186646
 65 F  65 0.0093997 0.0051817 0.0046314 0.0000000 0.0034751 0.0073017 0.0000000 0.0022272 0.0090750 0.1315081 0.0484974 0.0011136 0.0126720 0.5773524 0.0095567 0.0407922 0.0082472 0.0338250 0.0275315 0.0524761 0.0151359
 66 P  66 0.0251350 0.0737581 0.0941810 0.0816988 0.0000000 0.0465416 0.0567135 0.0568750 0.0457784 0.0018831 0.0591997 0.0300044 0.0034117 0.0238267 0.1140095 0.1201089 0.0760919 0.0006204 0.0654200 0.0043429 0.0203995
 67 L  67 0.0027334 0.0010634 0.0008652 0.0050692 0.0005708 0.0011502 0.0000000 0.0042699 0.0012852 0.0284049 0.6192203 0.0006953 0.0134465 0.2405759 0.0052089 0.0056651 0.0028879 0.0150185 0.0041285 0.0281634 0.0195774
 68 N  68 0.0244021 0.0550816 0.2747915 0.1354438 0.0000000 0.0270411 0.0231080 0.0975647 0.0051184 0.0073818 0.0170244 0.1011927 0.0020412 0.0010163 0.0051616 0.1102977 0.0848945 0.0007647 0.0017098 0.0088789 0.0170854
 69 S  69 0.0781245 0.0487491 0.0317969 0.1884275 0.0000000 0.0819712 0.0945746 0.0146005 0.0171158 0.0016779 0.0080318 0.0643067 0.0103055 0.0086025 0.0079637 0.0975990 0.1892845 0.0008640 0.0160845 0.0141044 0.0258154
 70 S  70 0.0368939 0.0406012 0.0104016 0.0066672 0.0028905 0.0042685 0.0014829 0.0103893 0.1530229 0.0222507 0.0199374 0.0103209 0.0039784 0.1753568 0.0177147 0.0719193 0.0170304 0.0154189 0.3373002 0.0081416 0.0340128
 71 H  71 0.0288951 0.0647123 0.0665090 0.0315431 0.0000000 0.1203612 0.0123950 0.0436322 0.0396078 0.0060554 0.0358617 0.1440682 0.0170193 0.0327779 0.0365093 0.1603946 0.0818839 0.0023024 0.0313190 0.0151467 0.0290059
 72 D  72 0.0101166 0.0828850 0.1523227 0.1577010 0.0033416 0.0072310 0.0186537 0.0251019 0.0188729 0.0007283 0.0069916 0.0301101 0.0000000 0.0008360 0.0009430 0.2475822 0.2170385 0.0000000 0.0006009 0.0011495 0.0177937
 73 L  73 0.0403149 0.1024535 0.0283079 0.0080695 0.0004687 0.0614641 0.0134229 0.0266548 0.0056175 0.0233209 0.0463323 0.4311455 0.0105642 0.0040222 0.0663290 0.0397955 0.0202757 0.0006853 0.0095282 0.0383766 0.0228506
 74 G  74 0.1109795 0.0520326 0.0469100 0.0884113 0.0172756 0.0751319 0.1329052 0.0535583 0.0152928 0.0090180 0.0141515 0.0609525 0.0055039 0.0050422 0.0448917 0.1524464 0.0553704 0.0022817 0.0068359 0.0227074 0.0283010
 75 I  75 0.0941125 0.0160310 0.0365076 0.2097302 0.0016768 0.0837018 0.2414921 0.0250552 0.0157585 0.0127361 0.0276830 0.0254080 0.0034937 0.0026787 0.0182900 0.0936456 0.0392356 0.0006839 0.0056010 0.0241519 0.0223269
 76 I  76 0.0296897 0.0026414 0.0012927 0.0011281 0.0000000 0.0016226 0.0008607 0.0000000 0.0013862 0.1746739 0.3289603 0.0000000 0.0852283 0.0576311 0.0190081 0.0069337 0.0088639 0.0091053 0.0008499 0.2502949 0.0198291
 77 L  77 0.0168630 0.0762886 0.0109784 0.0144170 0.0024354 0.0584867 0.0316683 0.0067970 0.0030859 0.0971149 0.3779512 0.1509495 0.0164162 0.0093128 0.0000000 0.0259143 0.0150997 0.0006815 0.0042486 0.0615960 0.0196950
 78 R  78 0.0951316 0.1418949 0.1020640 0.1033014 0.0015900 0.1289058 0.0959803 0.0283301 0.0148672 0.0025549 0.0087866 0.0798678 0.0034709 0.0126480 0.0016441 0.0958327 0.0443989 0.0020135 0.0041857 0.0113219 0.0212097
 79 K  79 0.4434279 0.0605932 0.0104897 0.0138715 0.0000000 0.0502909 0.0233788 0.0258757 0.1047189 0.0412355 0.0508432 0.0561159 0.0032899 0.0163445 0.0011722 0.0372639 0.0118262 0.0000000 0.0140177 0.0138153 0.0214291
 80 I  80 0.0578891 0.0014989 0.0000000 0.0000000 0.0011281 0.0032251 0.0044566 0.0018498 0.0016938 0.4282935 0.1680802 0.0000000 0.0192034 0.0094692 0.0000000 0.0000000 0.0111980 0.0000000 0.0052949 0.2649992 0.0217199
 81 R  81 0.0383526 0.1890067 0.0688559 0.1401437 0.0008006 0.1021808 0.0656520 0.0318571 0.0121318 0.0049350 0.0224862 0.1354678 0.0110593 0.0077855 0.0069543 0.1042989 0.0155882 0.0010931 0.0034647 0.0137086 0.0241773
 82 D  82 0.0628788 0.1247756 0.1876290 0.0476395 0.0000000 0.0983665 0.0892439 0.0646806 0.0207172 0.0027802 0.0065952 0.1072495 0.0011978 0.0015162 0.0201803 0.0959839 0.0340555 0.0023550 0.0035203 0.0048036 0.0238316
 83 I  83 0.0347557 0.0094293 0.0183756 0.0074751 0.0000000 0.0026891 0.0025985 0.0030466 0.0027590 0.3262075 0.2317670 0.0082426 0.1275611 0.0127482 0.0027447 0.0296318 0.0252206 0.0000000 0.0017815 0.1265125 0.0264536
 84 P  84 0.0380399 0.1576047 0.0336019 0.0124034 0.0011083 0.0815244 0.0463892 0.0166299 0.0144220 0.0248146 0.0229150 0.1058272 0.0217031 0.0212098 0.1339193 0.0979112 0.0688803 0.0011986 0.0025959 0.0625818 0.0347197
 85 Y  85 0.0102692 0.0176104 0.0102739 0.0030649 0.0000000 0.1658852 0.0055599 0.0134510 0.0535332 0.0118997 0.0613123 0.0226557 0.0052471 0.0784050 0.0594620 0.0101890 0.0154859 0.0065300 0.3876599 0.0178372 0.0436685
 86 V  86 0.0374527 0.1314030 0.0060523 0.0070825 0.0007539 0.0891027 0.0245078 0.0039497 0.0150243 0.0763763 0.1750072 0.0872950 0.0775984 0.0317026 0.0243643 0.0136818 0.0232833 0.0090837 0.0166352 0.0380774 0.1115660
 87 D  87 0.0385733 0.0414390 0.0555385 0.0292552 0.0016416 0.0400112 0.0447770 0.2759221 0.0052529 0.0082912 0.0507900 0.0736265 0.0090377 0.0090380 0.0296376 0.0926693 0.0605091 0.0000000 0.0045141 0.0097736 0.1197020
 88 P  88 0.0054399 0.0075143 0.0263075 0.0088002 0.0000000 0.0213432 0.0120519 0.6639624 0.0066172 0.0015115 0.0000000 0.0226651 0.0029923 0.0016261 0.0282699 0.0885002 0.0159367 0.0006064 0.0030933 0.0044907 0.0782712
 89 S  89 0.0275106 0.0813792 0.1137278 0.0399271 0.0029353 0.0400843 0.0435262 0.2545121 0.0136844 0.0010102 0.0098609 0.0446665 0.0021252 0.0024994 0.0179728 0.0870075 0.0543497 0.0041022 0.0051686 0.0111760 0.1427741
 90 G  90 0.0476888 0.0452501 0.0317896 0.0302841 0.0000000 0.0348204 0.0342845 0.2782055 0.0074715 0.0069501 0.0470049 0.0208634 0.0027838 0.0148294 0.0527205 0.0570188 0.0439911 0.0068014 0.0136750 0.0594486 0.1641185
 91 N  91 0.0813219 0.0429486 0.0157409 0.0006915 0.0011555 0.0205156 0.0014774 0.0057441 0.0024801 0.0048036 0.0572634 0.0060092 0.0043333 0.0019014 0.0273542 0.0787321 0.5700243 0.0007999 0.0017365 0.0176313 0.0573352
 92 N  92 0.0560522 0.1128355 0.2475805 0.0195513 0.0025954 0.0249398 0.0164715 0.0032418 0.0347824 0.0000000 0.0519090 0.0599184 0.0524008 0.0648857 0.0011861 0.0733595 0.0153524 0.0056962 0.1187442 0.0011132 0.0373841
 93 L  93 0.0166886 0.0007150 0.0010136 0.0023653 0.0000000 0.0023550 0.0000000 0.0070775 0.0000000 0.1122284 0.0919759 0.0017953 0.0281110 0.0025365 0.0020742 0.0162736 0.6321171 0.0016416 0.0011861 0.0439631 0.0358822
 94 G  94 0.1074206 0.0090322 0.0078809 0.0425484 0.0000000 0.0045317 0.0172182 0.6416834 0.0165781 0.0000000 0.0039028 0.0209904 0.0006252 0.0168981 0.0046491 0.0456128 0.0101904 0.0010430 0.0219104 0.0030047 0.0242796
 95 T  95 0.1478087 0.0619416 0.0373278 0.0375286 0.0057201 0.0465656 0.0901283 0.0437830 0.0340556 0.0060776 0.1250672 0.1389877 0.0102310 0.0136261 0.0019729 0.0738424 0.0652697 0.0030231 0.0229379 0.0146667 0.0194385
 96 A  96 0.8080285 0.0000000 0.0000000 0.0017886 0.0000000 0.0013708 0.0007484 0.0782351 0.0000000 0.0034197 0.0109461 0.0000000 0.0033569 0.0020085 0.0000000 0.0132460 0.0130710 0.0000000 0.0007737 0.0454052 0.0176014
 97 V  97 0.0000000 0.0000000 0.0000000 0.0023782 0.0000000 0.0000000 0.0063487 0.0000000 0.0000000 0.2303577 0.6187405 0.0010254 0.0630763 0.0286856 0.0022938 0.0026608 0.0071852 0.0000000 0.0000000 0.0201927 0.0170551
 98 T  98 0.0311596 0.1342263 0.0705811 0.1002712 0.0000000 0.1586884 0.1225499 0.0171622 0.0133427 0.0035877 0.0375498 0.1458976 0.0059323 0.0019617 0.0000000 0.0570009 0.0546848 0.0012175 0.0123632 0.0125587 0.0192644
 99 T  99 0.0218117 0.0271963 0.0205568 0.0076467 0.0000000 0.0281521 0.0342694 0.0044136 0.1034659 0.0082115 0.0378740 0.0645702 0.0075764 0.2531742 0.0000000 0.0126080 0.0287178 0.0303426 0.2668843 0.0244554 0.0180731
100 A 100 0.2945703 0.0000000 0.0011635 0.0000000 0.0041295 0.0000000 0.0027201 0.0069980 0.0000000 0.0885143 0.0851459 0.0000000 0.0513219 0.0044856 0.0000000 0.0193002 0.1280852 0.0000000 0.0000000 0.2955296 0.0180358
101 H 101 0.0976251 0.1441678 0.0366204 0.0092218 0.0077902 0.0230248 0.0091798 0.0154977 0.0417563 0.0497800 0.1900220 0.0614354 0.0307175 0.0122625 0.0000000 0.0868373 0.0528446 0.0012901 0.0291872 0.0821274 0.0186123
102 R 102 0.0183938 0.1513911 0.0725046 0.1371705 0.0007133 0.0930535 0.1951608 0.0078754 0.0160852 0.0130652 0.0088890 0.0809610 0.0024631 0.0385197 0.0149205 0.0512432 0.0560236 0.0014715 0.0069962 0.0086599 0.0244388
103 Y 103 0.0132458 0.0360879 0.2299599 0.0216529 0.0000000 0.1059536 0.0951128 0.0048654 0.1093725 0.0365100 0.0420452 0.0496142 0.0322085 0.0113876 0.0009020 0.0271351 0.0404437 0.0012833 0.0699824 0.0391244 0.0331128
104 L 104 0.0615704 0.0007999 0.0142722 0.0034353 0.0009843 0.0040778 0.0028540 0.0485924 0.0340147 0.1454866 0.1853817 0.0027505 0.0381233 0.1282938 0.0006079 0.0715638 0.0272111 0.0000000 0.0224773 0.1787270 0.0287761
105 L 105 0.0098032 0.0137026 0.0077521 0.0117243 0.0010523 0.0151198 0.0156501 0.0018359 0.0024407 0.0127969 0.1039826 0.0215873 0.0219816 0.6123931 0.0000000 0.0043907 0.0385039 0.0028703 0.0199706 0.0076473 0.0747947
106 A 106 0.0316399 0.0335635 0.0237964 0.0199450 0.0016311 0.0379569 0.0463279 0.0459036 0.0178699 0.0188061 0.0407420 0.0984279 0.0065785 0.0133432 0.0346793 0.1828125 0.1744591 0.0062807 0.0073341 0.0352740 0.1226283
107 S 107 0.1101609 0.0773120 0.0303873 0.0315944 0.0006602 0.0319108 0.1185463 0.0255142 0.0126186 0.0070973 0.0167222 0.0806870 0.0087179 0.0079216 0.1049866 0.0903182 0.0451346 0.0038538 0.0029110 0.0326263 0.1603189
108 N 108 0.0831009 0.0181067 0.0390348 0.0278953 0.0000000 0.0299665 0.1191598 0.0772927 0.0146871 0.0192540 0.0067174 0.0272107 0.0130969 0.0091423 0.0366163 0.1964976 0.0539957 0.0006540 0.0059487 0.0481731 0.1734497
109 A 109 0.2358411 0.0775819 0.0116867 0.0105130 0.0000000 0.0381913 0.0193739 0.0793239 0.0046342 0.0174704 0.0349605 0.0546548 0.0054658 0.0161594 0.0114891 0.0979670 0.0248636 0.0010677 0.0134619 0.0291320 0.2161618
110 P 110 0.0265495 0.1217456 0.1048525 0.0129179 0.0000000 0.0506665 0.0097037 0.2243812 0.0224046 0.0010721 0.0078123 0.0508260 0.0016918 0.0040394 0.0363895 0.0661139 0.0166994 0.0011309 0.0058762 0.0015767 0.2335504
111 G 111 0.0160448 0.0749447 0.0106366 0.0098026 0.0000000 0.0077316 0.0043681 0.4738805 0.0099661 0.0069172 0.0167999 0.0036449 0.0009256 0.0017102 0.0324640 0.1396995 0.0305128 0.0039392 0.0041985 0.0052378 0.1465754
112 R 112 0.1848668 0.2129900 0.0336862 0.0812646 0.0000000 0.0076736 0.0111703 0.0610585 0.0037784 0.0239133 0.0379816 0.0110354 0.0257995 0.0206013 0.0443519 0.0562733 0.0199199 0.0025110 0.0102340 0.0323801 0.1185102
113 R 113 0.0278535 0.5714716 0.0646786 0.0193115 0.0000000 0.0137519 0.0210230 0.0054497 0.0162692 0.0140344 0.0282931 0.0352871 0.0078809 0.0063655 0.0107431 0.0428921 0.0132629 0.0051215 0.0027068 0.0085980 0.0850056
114 Q 114 0.0616893 0.0332792 0.0175659 0.0413915 0.0000000 0.0924932 0.1440790 0.0279505 0.0028157 0.0049445 0.0264002 0.0941390 0.0058384 0.0030579 0.2561605 0.0647056 0.0235508 0.0000000 0.0023657 0.0165184 0.0810546
115 Q 115 0.0196406 0.0730700 0.1516101 0.1034080 0.0019979 0.0636542 0.0754344 0.2908526 0.0343637 0.0008121 0.0027244 0.0338418 0.0017286 0.0056331 0.0046752 0.0442311 0.0144258 0.0011678 0.0027657 0.0030658 0.0708969
116 V 116 0.2334660 0.0174434 0.0031055 0.0142802 0.0000000 0.0078973 0.0070271 0.0116891 0.0041463 0.0631723 0.0131011 0.0356314 0.0170448 0.0212467 0.0125363 0.0493468 0.0281846 0.0000000 0.0060436 0.4095930 0.0450446
117 P 117 0.0337680 0.1101820 0.0329137 0.0050376 0.0000000 0.0360829 0.0157735 0.0046816 0.0127406 0.0045217 0.0267494 0.0745363 0.0020841 0.0083443 0.4250837 0.0872116 0.0476602 0.0000000 0.0022746 0.0294192 0.0409350
118 G 118 0.0105018 0.1614433 0.0560559 0.0274039 0.0132445 0.2180420 0.0032652 0.0113746 0.0218285 0.0011919 0.0052284 0.3921831 0.0013617 0.0039860 0.0149182 0.0022629 0.0099046 0.0026919 0.0032032 0.0072337 0.0326743
119 V 119 0.0427211 0.0042385 0.0033452 0.0000000 0.0000000 0.0019712 0.0010167 0.0012479 0.0168497 0.2442985 0.0944761 0.0042221 0.0223827 0.0520217 0.0000000 0.0045160 0.0201046 0.0011678 0.0345815 0.4300650 0.0207739
120 M 120 0.2264588 0.0000000 0.0000000 0.0006599 0.0066170 0.0000000 0.0000000 0.0286137 0.0000000 0.1092975 0.3323244 0.0000000 0.0624539 0.0085167 0.0000000 0.0040701 0.0100788 0.0000000 0.0012319 0.1900188 0.0196586
121 V 121 0.0052498 0.0000000 0.0000000 0.0007812 0.0000000 0.0000000 0.0000000 0.0000000 0.0000000 0.3251031 0.1116335 0.0000000 0.0165638 0.0641214 0.0000000 0.0000000 0.0067264 0.0000000 0.0444506 0.4077759 0.0175943
122 L 122 0.0198335 0.0000000 0.0023550 0.0000000 0.0000000 0.0026134 0.0000000 0.0019866 0.0017522 0.0946646 0.3369768 0.0000000 0.0374756 0.0496615 0.0000000 0.0015634 0.0137850 0.0095712 0.0000000 0.4093583 0.0184029
123 L 123 0.0031794 0.0000000 0.0015634 0.0000000 0.0000000 0.0000000 0.0000000 0.0041926 0.0000000 0.3278303 0.2926516 0.0000000 0.0558884 0.0978401 0.0000000 0.0057606 0.0027780 0.0000000 0.0000000 0.1896008 0.0187147
124 V 124 0.0301065 0.0000000 0.0045708 0.0000000 0.0000000 0.0078085 0.0019126 0.0055556 0.0000000 0.0132820 0.0220857 0.0000000 0.0108841 0.0028269 0.0006316 0.1086305 0.7241609 0.0000000 0.0000000 0.0478090 0.0197354
125 D 125 0.1065707 0.0027735 0.0307329 0.5934769 0.0000000 0.0013863 0.0179532 0.0891357 0.0167464 0.0000000 0.0010315 0.0043445 0.0036526 0.0000000 0.0030020 0.0705320 0.0265515 0.0012608 0.0000000 0.0088562 0.0219933
126 E 126 0.0159403 0.0226880 0.0267326 0.0141653 0.0000000 0.0049327 0.0147525 0.7724248 0.0013538 0.0041554 0.0000000 0.0078608 0.0000000 0.0000000 0.0014243 0.0772417 0.0118071 0.0000000 0.0008497 0.0016655 0.0220053
127 P 127 0.0221189 0.1967829 0.0191329 0.0298559 0.0000000 0.0954397 0.1362412 0.0168575 0.0187215 0.0118484 0.0161476 0.1536697 0.0081668 0.0180426 0.1145100 0.0321043 0.0150128 0.0219567 0.0131984 0.0316306 0.0285616
128 L 128 0.1071130 0.0134044 0.0143673 0.0131401 0.0027131 0.0116985 0.0132203 0.0162555 0.0034805 0.0097064 0.0184702 0.0292437 0.0193070 0.0007802 0.0772251 0.5352714 0.0540926 0.0024108 0.0072541 0.0138630 0.0369829
129 R 129 0.0431815 0.0457792 0.0802785 0.0467982 0.0049458 0.2269555 0.0671549 0.0194608 0.0697485 0.0027229 0.0193112 0.0175137 0.0100045 0.0208458 0.0224482 0.1299539 0.0737404 0.0036309 0.0409656 0.0199143 0.0346457
130 G 130 0.0166271 0.0257868 0.0076686 0.6407934 0.0000000 0.0113926 0.0754670 0.0798886 0.0040069 0.0000000 0.0052753 0.0280774 0.0034136 0.0015434 0.0260614 0.0206586 0.0028357 0.0000000 0.0115626 0.0019399 0.0370012
131 D 131 0.0345886 0.0333388 0.0991191 0.3228704 0.0000000 0.0273216 0.1285798 0.0334210 0.0150861 0.0070150 0.0155198 0.0429362 0.0013770 0.0025791 0.0389553 0.1124171 0.0173861 0.0000000 0.0138446 0.0138196 0.0398249
132 I 132 0.0541683 0.0016539 0.0021996 0.0078194 0.0000000 0.0070824 0.0043603 0.0031539 0.0008949 0.1355842 0.1276415 0.0062645 0.0046803 0.0183878 0.0902351 0.0098288 0.0255200 0.0000000 0.0211466 0.4392585 0.0401201
133 L 133 0.1062008 0.1220655 0.0401767 0.0496850 0.0000000 0.0601635 0.0972634 0.0216588 0.0115434 0.0329311 0.0681836 0.1070769 0.0072398 0.0142805 0.0092793 0.0823896 0.0659933 0.0010728 0.0040853 0.0672250 0.0314857
134 S 134 0.0581096 0.0806816 0.0353635 0.1071059 0.0000000 0.0558168 0.2094800 0.0593444 0.0060285 0.0253422 0.0432368 0.0613064 0.0054156 0.0038807 0.0411611 0.0486836 0.0643120 0.0010299 0.0058617 0.0288684 0.0589713
135 P 135 0.2791591 0.0022637 0.0148963 0.0074916 0.0000000 0.0118631 0.0376153 0.0084087 0.0058569 0.0486766 0.0159566 0.0071549 0.0098801 0.0038527 0.2735682 0.0264039 0.0167700 0.0142841 0.0358813 0.1209461 0.0590709
136 I 136 0.5217430 0.0019277 0.0016655 0.0017898 0.0008880 0.0014753 0.0012319 0.0131556 0.0000000 0.0801265 0.0184781 0.0005461 0.0157517 0.0011175 0.0092119 0.1571472 0.0285086 0.0000000 0.0000000 0.0857431 0.0594926
137 R 137 0.1076999 0.1038255 0.0578964 0.0474413 0.0000000 0.1528748 0.0884266 0.0104788 0.0082601 0.0159708 0.0878930 0.1094444 0.0262829 0.0026649 0.0242762 0.0433529 0.0177984 0.0022260 0.0016922 0.0281532 0.0633418
138 E 138 0.1612303 0.1077216 0.0441363 0.0486276 0.0000000 0.0625910 0.1370858 0.0355925 0.0129045 0.0152755 0.0615244 0.0969734 0.0150040 0.0034997 0.0084168 0.0470835 0.0220695 0.0007537 0.0093432 0.0466237 0.0635428
139 A 139 0.2731584 0.0000000 0.0034183 0.0000000 0.0167078 0.0010992 0.0000000 0.0024270 0.0000000 0.0352635 0.5088190 0.0040361 0.0164169 0.0103465 0.0059944 0.0125081 0.0035661 0.0000000 0.0052989 0.0355038 0.0654360
140 Q 140 0.0149577 0.4304862 0.0110551 0.0132316 0.0050443 0.0437043 0.0367551 0.0031655 0.0486793 0.0066002 0.0028840 0.2925657 0.0026954 0.0000000 0.0000000 0.0244241 0.0117315 0.0014411 0.0045278 0.0035838 0.0424672
141 T 141 0.1232516 0.0952488 0.0802636 0.1514370 0.0446186 0.0829855 0.1076794 0.0234610 0.0131082 0.0052112 0.0354825 0.0847559 0.0226528 0.0040292 0.0008799 0.0564764 0.0138717 0.0000000 0.0023526 0.0037923 0.0484420
142 S 142 0.1531896 0.0601336 0.0586600 0.0754350 0.0010633 0.0826207 0.0800979 0.0085262 0.0149007 0.0100289 0.0794427 0.1245923 0.0172412 0.0180597 0.0300230 0.0946569 0.0257681 0.0000000 0.0098198 0.0048284 0.0509120
143 G 143 0.0097506 0.0191798 0.0904341 0.0582983 0.0000000 0.0114138 0.0131162 0.6641075 0.0048985 0.0027745 0.0019639 0.0459704 0.0016506 0.0000000 0.0000000 0.0208010 0.0005518 0.0009582 0.0046381 0.0030597 0.0464330
144 L 144 0.0498277 0.0000000 0.0051208 0.0037691 0.0000000 0.0011797 0.0000000 0.0019866 0.0000000 0.3880834 0.0365775 0.0000000 0.0021707 0.0162588 0.0000000 0.0010562 0.0096821 0.0007316 0.0420234 0.3998873 0.0416451
145 K 145 0.0403283 0.0330805 0.0527495 0.0376311 0.0115153 0.0491148 0.1057997 0.0025361 0.0093957 0.1170536 0.0710473 0.0682505 0.0110083 0.0271375 0.0026367 0.0572857 0.1734119 0.0000000 0.0047861 0.0795777 0.0456540
146 V 146 0.0077658 0.0724637 0.0000000 0.0000000 0.0029450 0.0000000 0.0000000 0.0000000 0.0000000 0.2789261 0.1020627 0.0000000 0.0444882 0.0211607 0.0380968 0.0157819 0.0502681 0.0000000 0.0000000 0.3197297 0.0463114
147 M 147 0.0020671 0.0000000 0.0029206 0.0000000 0.0007703 0.0000000 0.0000000 0.0029250 0.0141720 0.1106202 0.0869222 0.0000000 0.0200767 0.3989628 0.0009001 0.0011970 0.0109366 0.0025065 0.2285570 0.0742322 0.0422339
148 A 148 0.4132218 0.0015051 0.0000000 0.0000000 0.0229639 0.0000000 0.0000000 0.0610110 0.0000000 0.0416898 0.0112282 0.0000000 0.0039510 0.0125438 0.0822851 0.0825079 0.0759804 0.0000000 0.0000000 0.1438385 0.0472736
149 L 149 0.0105971 0.0011797 0.0000000 0.0000000 0.0000000 0.0091472 0.0013863 0.0018815 0.0021896 0.3666675 0.0985269 0.0000000 0.0141254 0.0494333 0.0000000 0.0000000 0.0016816 0.0021216 0.0057165 0.3960161 0.0393299
150 S 150 0.0547911 0.0022169 0.0039597 0.0033973 0.0011555 0.0075912 0.0008793 0.7606766 0.0000000 0.0014972 0.0107898 0.0018613 0.0000000 0.0029915 0.0043730 0.0623651 0.0182176 0.0000000 0.0018887 0.0176530 0.0436954
151 L 151 0.0219881 0.0025463 0.0037969 0.0038493 0.0013922 0.0008035 0.0054691 0.0029141 0.0022354 0.2996411 0.0733448 0.0000000 0.0151455 0.0152639 0.0051853 0.0155405 0.0399323 0.0000000 0.0000000 0.4314477 0.0595039
152 V 152 0.0661655 0.0773226 0.0216911 0.0164409 0.0000000 0.0502924 0.0396447 0.4368277 0.0036096 0.0036904 0.0197705 0.0919368 0.0005269 0.0084406 0.0053288 0.0550746 0.0349134 0.0073979 0.0054918 0.0104809 0.0449530
153 G 153 0.0332950 0.0664450 0.1752472 0.1576839 0.0000000 0.0362811 0.0603450 0.1147331 0.0748975 0.0031565 0.0053997 0.0827582 0.0058217 0.0208826 0.0352623 0.0433116 0.0125256 0.0128059 0.0043930 0.0043947 0.0503606
154 A 154 0.4082791 0.0039979 0.0060585 0.0057634 0.0000000 0.0193388 0.0155366 0.0403940 0.0112915 0.0560490 0.0166125 0.0077467 0.0037853 0.0280389 0.0300154 0.0373571 0.0403324 0.0023173 0.0655580 0.1519755 0.0495523
155 D 155 0.0299929 0.0264398 0.2527977 0.2940447 0.0006227 0.0134383 0.0256006 0.0049391 0.0149156 0.0117356 0.0361490 0.0190097 0.0010734 0.0251367 0.0069908 0.0982006 0.0109863 0.0006968 0.0163891 0.0525642 0.0582764
156 P 156 0.0218294 0.1115986 0.0310498 0.0557801 0.0000000 0.0722797 0.1495180 0.0031339 0.0102173 0.0458383 0.0906672 0.0782729 0.0361146 0.0106213 0.0471452 0.0303271 0.0274970 0.0239680 0.0237361 0.0737953 0.0566102
157 E 157 0.1209464 0.0582135 0.0584482 0.0830071 0.0000000 0.0831277 0.1530107 0.0261912 0.0123710 0.0078101 0.0186457 0.1023125 0.0048773 0.0055308 0.0226056 0.0738440 0.0883508 0.0022941 0.0063170 0.0130847 0.0590116
158 Q 158 0.0251154 0.0070747 0.0221629 0.0266491 0.0000000 0.2015282 0.5401623 0.0072866 0.0029383 0.0000000 0.0162621 0.0175517 0.0013783 0.0065938 0.0000000 0.0202857 0.0311223 0.0000000 0.0045934 0.0104972 0.0587979
159 L 159 0.0028727 0.0007344 0.0023191 0.0009149 0.0069416 0.0027767 0.0000000 0.0007827 0.0000000 0.0921527 0.7444362 0.0098585 0.0355019 0.0025986 0.0014864 0.0000000 0.0025886 0.0006676 0.0013708 0.0317555 0.0602410
160 R 160 0.0239071 0.1739900 0.0797724 0.0224299 0.0000000 0.0947753 0.1777141 0.0141655 0.0418504 0.0149781 0.0767069 0.1039465 0.0066317 0.0028114 0.0057151 0.0317797 0.0172407 0.0009669 0.0165756 0.0293568 0.0646858
161 R 161 0.1065917 0.0665422 0.0346606 0.0703227 0.0000000 0.0870556 0.1652348 0.0171905 0.0122529 0.0252751 0.0919255 0.0587969 0.0182380 0.0047288 0.0101445 0.0609530 0.0645016 0.0031057 0.0139887 0.0226228 0.0658684
162 L 162 0.0116570 0.0000000 0.0000000 0.0000000 0.0011329 0.0012328 0.0000000 0.0000000 0.0000000 0.5989177 0.1349756 0.0000000 0.0936107 0.0189739 0.0000000 0.0047161 0.0017190 0.0000000 0.0009297 0.0593050 0.0728296
163 A 163 0.6119881 0.0000000 0.0000000 0.0022715 0.0026852 0.0088437 0.0019729 0.0350269 0.0000000 0.0031234 0.0055764 0.0000000 0.0014972 0.0000000 0.0000000 0.0866824 0.0599925 0.0000000 0.0000000 0.0506839 0.1296559
164 P 164 0.0048395 0.0033975 0.0312573 0.0039856 0.0037639 0.0064985 0.0505078 0.1900059 0.0040964 0.0107732 0.0148182 0.0032060 0.0012812 0.0243706 0.0114882 0.4051844 0.0798872 0.0178467 0.0042626 0.0194257 0.1091038
165 G 165 0.0310523 0.0139074 0.0567380 0.1346425 0.0179557 0.0275835 0.1055630 0.0303152 0.0315623 0.0103483 0.0153495 0.1037730 0.0030985 0.0041775 0.0691986 0.1119028 0.0391880 0.0012618 0.0327586 0.0138944 0.1457289
166 T 166 0.0157451 0.0227466 0.0437713 0.0172612 0.0000000 0.0527667 0.0099202 0.0115711 0.0075448 0.0040455 0.0027456 0.0214198 0.0069499 0.0000000 0.5008751 0.0599645 0.0287800 0.0006731 0.0009630 0.0075965 0.1846600
167 D 167 0.1324407 0.0116329 0.0343412 0.1572484 0.0017479 0.0195257 0.0183415 0.0222323 0.0067482 0.0062671 0.0450880 0.0491041 0.0015351 0.0131882 0.0099069 0.0600347 0.0646008 0.0027970 0.0041958 0.0226823 0.3163413
168 P 168 0.0164538 0.0507849 0.0398796 0.1032290 0.0000000 0.0046980 0.1193662 0.0318585 0.0104527 0.0018572 0.0074887 0.0153631 0.0007498 0.0081385 0.1084894 0.1557718 0.0169651 0.0006781 0.0207724 0.0016375 0.2853655
169 I 169 0.0402328 0.0353183 0.0159302 0.0297109 0.0012927 0.0515720 0.1098728 0.0264468 0.0271981 0.0318851 0.0333165 0.0577373 0.0078253 0.0019613 0.0143314 0.0382914 0.0564168 0.0075076 0.0045903 0.0385606 0.3700019
170 Q 170 0.0102544 0.0558202 0.0978544 0.0632379 0.0048275 0.0547743 0.1180785 0.0247791 0.0735871 0.0170879 0.0060971 0.0691655 0.0009531 0.0326080 0.0029117 0.0359333 0.0129926 0.0000000 0.0106726 0.0065149 0.3018500
171 N 171 0.0092836 0.0504110 0.0710760 0.0009760 0.0012479 0.0077420 0.0022338 0.0049779 0.2561074 0.0056014 0.0567824 0.0969559 0.0087832 0.0808418 0.0134084 0.0136792 0.0368622 0.0000000 0.0666878 0.0261238 0.1902184
172 F 172 0.1074708 0.0038199 0.0000000 0.0021351 0.0088467 0.0017496 0.0009275 0.0025972 0.0163898 0.0770683 0.0679715 0.0000000 0.0225681 0.0810315 0.0024770 0.0348146 0.0180408 0.0007061 0.0280901 0.3651933 0.1581021
173 F 173 0.0092130 0.0058676 0.0032231 0.0046970 0.0000000 0.0092581 0.0025337 0.0018793 0.0150040 0.0551576 0.0741504 0.0207487 0.0159964 0.4384501 0.0038849 0.0330048 0.0155749 0.0025848 0.1018055 0.0250334 0.1619327
174 A 174 0.0549960 0.0391247 0.0842527 0.0036622 0.0026465 0.0444376 0.0251146 0.0120776 0.0326094 0.0392276 0.0954330 0.0343945 0.0160027 0.0620504 0.0145607 0.0511220 0.0892439 0.0017534 0.0773509 0.0608454 0.1590943
175 V 175 0.0530138 0.0053472 0.0130125 0.0018974 0.0000000 0.0049054 0.0254284 0.0116594 0.0021148 0.0769284 0.1814787 0.0039621 0.0183752 0.0224265 0.0082618 0.0191032 0.0362803 0.0000000 0.0155125 0.3595372 0.1407553
176 D 176 0.0623447 0.0396574 0.0568977 0.1362014 0.0000000 0.0640649 0.1282241 0.0222680 0.0276093 0.0017841 0.0084893 0.0391255 0.0009361 0.0020987 0.0684062 0.1222151 0.0640201 0.0000000 0.0056782 0.0056792 0.1442998
177 N 177 0.0137283 0.0069229 0.1714560 0.3014432 0.0000000 0.0052230 0.0541576 0.0581836 0.0043097 0.0014386 0.0010716 0.0116050 0.0000000 0.0026693 0.0016947 0.1432682 0.0718222 0.0041013 0.0011819 0.0106625 0.1350605
178 G 178 0.0145087 0.0057918 0.0021324 0.0039812 0.0000000 0.0039818 0.0338568 0.0130967 0.0019206 0.0080080 0.0398500 0.0007815 0.0061829 0.4775297 0.0220003 0.0142644 0.0097124 0.0284957 0.1030343 0.0745054 0.1363655
179 P 179 0.0577504 0.0512160 0.0642665 0.2289291 0.0000000 0.0475156 0.0846251 0.0442480 0.0064232 0.0086049 0.0198750 0.0250608 0.0020456 0.0172584 0.0308122 0.1099735 0.0503179 0.0000000 0.0019965 0.0090607 0.1400209
180 G 180 0.1594512 0.0157390 0.0226077 0.1197398 0.0000000 0.0408802 0.1479285 0.0580488 0.0071658 0.0178024 0.0327647 0.0488677 0.0056640 0.0109305 0.0006510 0.0914648 0.0487733 0.0024084 0.0056665 0.0241710 0.1392746
