  196         A         R         N         D         C         Q         E         G         H         I         L         K         M         F         P         S         T         W         Y         V    
  1 G   1 0.0000000 0.0000000 0.0000000 0.0000000 0.0000000 0.0000000 0.0000000 1.0000000 0.0000000 0.0000000 0.0000000 0.0000000 0.0000000 0.0000000 0.0000000 0.0000000 0.0000000 0.0000000 0.0000000 0.0000000
  2 R   2 0.0157685 0.2217363 0.0044755 0.0098894 0.0000000 0.0650675 0.1386641 0.0000000 0.0305620 0.0044480 0.0000000 0.1392327 0.0000000 0.0000000 0.0246706 0.2107790 0.1347064 0.0000000 0.0000000 0.0000000
  3 A   3 0.2662715 0.0427310 0.0000000 0.0051618 0.0000000 0.1065318 0.0295043 0.0828297 0.0048036 0.0102063 0.0050657 0.1016451 0.0082216 0.0024977 0.0179391 0.1415849 0.1467004 0.0000000 0.0025547 0.0257509
  4 M   4 0.0586135 0.1322702 0.0083255 0.0082428 0.1223525 0.0375592 0.0879882 0.0247848 0.0000000 0.0425325 0.1342622 0.0660021 0.0459488 0.0127848 0.0229456 0.0471786 0.0456331 0.0031856 0.0157076 0.0836825
  5 G   5 0.0684980 0.0289928 0.0164283 0.0335109 0.0058555 0.1557672 0.1815485 0.1187597 0.0296306 0.0067989 0.0000000 0.0703921 0.0162262 0.0014797 0.0947062 0.1011127 0.0505125 0.0000000 0.0000000 0.0197801
  6 A   6 0.0948434 0.0791413 0.0059493 0.0442143 0.1330301 0.0344780 0.1203304 0.0981644 0.0012291 0.0211879 0.0068584 0.0650386 0.0000000 0.0000000 0.0128928 0.0560340 0.0681655 0.0090879 0.0033459 0.1460086
  7 C   7 0.0027430 0.0023539 0.0026056 0.0015155 0.8576583 0.0194976 0.0000000 0.0041592 0.0000000 0.0034972 0.0101161 0.0033356 0.0023038 0.0008333 0.0221340 0.0086179 0.0198568 0.0000000 0.0018179 0.0369546
  8 S   8 0.0070874 0.1041868 0.0226495 0.0469953 0.0170453 0.0401036 0.0452488 0.0194725 0.0137087 0.0140638 0.0045936 0.1699417 0.0023142 0.0000000 0.2152388 0.1906035 0.0700825 0.0007473 0.0080994 0.0078172
  9 H   9 0.0575611 0.0995078 0.0803914 0.0681087 0.0075135 0.0356750 0.0860990 0.0331693 0.0349411 0.0219075 0.0243911 0.0500267 0.0099105 0.0099192 0.0166004 0.1479194 0.1438015 0.0000000 0.0145645 0.0579922
 10 G  10 0.1740701 0.0515356 0.0214739 0.0278748 0.0239922 0.0969048 0.0454166 0.1259543 0.0125134 0.0223562 0.0176330 0.1260192 0.0573337 0.0291962 0.0226724 0.0418254 0.0372298 0.0000000 0.0250317 0.0409667
 11 P  11 0.1000845 0.0527306 0.0168697 0.0143644 0.0000000 0.0380857 0.1056878 0.0237033 0.0195713 0.0097876 0.0871749 0.1303408 0.0045648 0.0063593 0.2177002 0.0724419 0.0102718 0.0032563 0.0260726 0.0609326
 12 V  12 0.2348090 0.0144525 0.0077871 0.0000000 0.0006115 0.0060127 0.0000000 0.0048237 0.0027466 0.0819065 0.2587227 0.0081713 0.0923239 0.0226317 0.0000000 0.0149640 0.0983914 0.0000000 0.0065876 0.1450576
 13 D  13 0.0000000 0.0000000 0.0189741 0.8925967 0.0000000 0.0000000 0.0855992 0.0014233 0.0014067 0.0000000 0.0000000 0.0000000 0.0000000 0.0000000 0.0000000 0.0000000 0.0000000 0.0000000 0.0000000 0.0000000
 14 V  14 0.0112461 0.0000000 0.0000000 0.0000000 0.0000000 0.0000000 0.0000000 0.0000000 0.0000000 0.3183432 0.4015152 0.0000000 0.0226143 0.0085399 0.0000000 0.0000000 0.0014591 0.0000000 0.0000000 0.2362822
 15 V  15 0.1524001 0.0000000 0.0000000 0.0000000 0.0034026 0.0039564 0.0000000 0.0255157 0.0039458 0.0855065 0.0867970 0.0000000 0.0235098 0.0223167 0.0006996 0.0068097 0.0086705 0.0006957 0.0471703 0.5286036
 16 F  16 0.0000000 0.0000000 0.0000000 0.0000000 0.0009897 0.0000000 0.0000000 0.0000000 0.0000000 0.0523500 0.0693719 0.0000000 0.0079974 0.8398905 0.0008160 0.0008117 0.0000000 0.0009456 0.0070129 0.0198142
 17 L  17 0.0624765 0.0000000 0.0000000 0.0000000 0.0000000 0.0000000 0.0000000 0.0051213 0.0000000 0.1054605 0.6057305 0.0000000 0.0207138 0.0040287 0.0000000 0.0014138 0.0012540 0.0000000 0.0000000 0.1938010
 18 L  18 0.0038464 0.0000000 0.0000000 0.0000000 0.0185869 0.0021303 0.0000000 0.0000000 0.0000000 0.2374350 0.4406141 0.0000000 0.0346644 0.0314379 0.0024531 0.0000000 0.0075577 0.0000000 0.0015359 0.2197382
 19 H  19 0.0041876 0.0000000 0.0000000 0.9176751 0.0000000 0.0025359 0.0509781 0.0031175 0.0173072 0.0000000 0.0000000 0.0000000 0.0000000 0.0000000 0.0020403 0.0021583 0.0000000 0.0000000 0.0000000 0.0000000
 20 A  20 0.0706089 0.0064767 0.0169526 0.0097827 0.0019868 0.0141700 0.0438753 0.4894654 0.0112347 0.0013601 0.0059210 0.0158076 0.0164280 0.0011045 0.0000000 0.2381700 0.0486822 0.0000000 0.0010554 0.0069180
 21 T  21 0.0055777 0.0000000 0.0017416 0.0021731 0.0000000 0.0000000 0.0000000 0.0012309 0.0000000 0.0000000 0.0000000 0.0000000 0.0000000 0.0015645 0.0012985 0.9642911 0.0212142 0.0000000 0.0000000 0.0009083
 22 R  22 0.0571780 0.0709352 0.0706731 0.1035355 0.0000000 0.0411518 0.0833504 0.2157621 0.0114602 0.0025836 0.0047801 0.0275423 0.0068768 0.0051313 0.0012524 0.1779132 0.0300742 0.0589831 0.0213955 0.0094213
 23 D  23 0.0234952 0.0277271 0.0583553 0.0479855 0.0012620 0.0104268 0.0096456 0.0688163 0.0150239 0.0147444 0.0054513 0.0575449 0.0080820 0.0084025 0.0000000 0.6085279 0.0258402 0.0000000 0.0036508 0.0050183
 24 N  24 0.0225653 0.0093271 0.0182628 0.0031616 0.0000000 0.0010291 0.0036595 0.0107097 0.0000000 0.3256750 0.1194170 0.0016907 0.0218685 0.0044588 0.0016359 0.0187799 0.0732812 0.0000000 0.0007767 0.3637013
 25 A  25 0.0491484 0.0599754 0.0190702 0.0274418 0.0015741 0.0318077 0.0228317 0.3935397 0.0000000 0.0011121 0.0099522 0.0274948 0.0019832 0.0016605 0.1216127 0.1463458 0.0550248 0.0009656 0.0234554 0.0050040
 26 H  26 0.0384596 0.0649362 0.0555024 0.0986452 0.0000000 0.1039923 0.2530954 0.0198051 0.0467961 0.0032453 0.0131806 0.0579798 0.0035875 0.0072795 0.0561231 0.1138244 0.0350682 0.0007412 0.0192306 0.0085075
 27 N  27 0.0150114 0.0452647 0.3644972 0.1938624 0.0000000 0.0333200 0.1450770 0.0467416 0.0260403 0.0086199 0.0132451 0.0090728 0.0000000 0.0030705 0.0016228 0.0664939 0.0075976 0.0053103 0.0101487 0.0050037
 28 A  28 0.0119546 0.0000000 0.0007026 0.0000000 0.0000000 0.0057885 0.0027067 0.0024393 0.0104440 0.0097545 0.0345737 0.0015678 0.0006296 0.7956248 0.0000000 0.0070364 0.0045246 0.0573362 0.0449715 0.0099453
 29 E  29 0.0485432 0.0838758 0.1158481 0.0628976 0.0000000 0.1358441 0.2470918 0.0248817 0.0125325 0.0115735 0.0312287 0.0529798 0.0034102 0.0040028 0.0562033 0.0468285 0.0368645 0.0007603 0.0056299 0.0190036
 30 A  30 0.0603414 0.1328205 0.0197664 0.0311525 0.0000000 0.0627941 0.0927857 0.0039758 0.0255884 0.0602069 0.1041333 0.1829610 0.0107553 0.0144651 0.0025547 0.0389595 0.0728898 0.0053176 0.0269644 0.0515676
 31 V  31 0.0593022 0.0007916 0.0044684 0.0000000 0.0027139 0.0522315 0.0367805 0.0029714 0.0022733 0.1236278 0.1080202 0.0000000 0.2521921 0.0098037 0.0000000 0.0498778 0.0249887 0.0000000 0.0039604 0.2659964
 32 R  32 0.0034217 0.1971459 0.0007931 0.0038766 0.0011426 0.0533821 0.0000000 0.0016365 0.0000000 0.0416799 0.0869575 0.5440530 0.0119867 0.0026434 0.0000000 0.0006798 0.0200155 0.0000000 0.0112790 0.0193066
 33 R  33 0.0935160 0.0555957 0.1265079 0.1900069 0.0000000 0.0712307 0.1304651 0.0212219 0.0280707 0.0133686 0.0051815 0.0672299 0.0104758 0.0024838 0.0026388 0.0739671 0.0789077 0.0007154 0.0077825 0.0206338
 34 V  34 0.0105225 0.0000000 0.0000000 0.0000000 0.0000000 0.0006312 0.0010414 0.0005555 0.0022143 0.0229508 0.0448244 0.0000000 0.0120237 0.8074882 0.0000000 0.0073991 0.0071352 0.0389924 0.0208851 0.0233363
 35 L  35 0.0442820 0.0000000 0.0000000 0.0000000 0.0010306 0.0011040 0.0000000 0.0038194 0.0000000 0.1604016 0.2884945 0.0000000 0.0989061 0.0016980 0.0000000 0.0025466 0.0433449 0.0000000 0.0000000 0.3543722
 36 E  36 0.0801475 0.0762556 0.0356352 0.0083600 0.0012702 0.0294355 0.1078299 0.0353153 0.0119854 0.0765101 0.0529797 0.1673890 0.0091052 0.0103198 0.0020156 0.1224665 0.0384265 0.0026572 0.0336553 0.0982404
 37 R  37 0.0663088 0.1190162 0.1284280 0.1104188 0.0000000 0.0527581 0.1051282 0.0616983 0.0227598 0.0055412 0.0077811 0.1027696 0.0022330 0.0011251 0.0000000 0.1520254 0.0459132 0.0000000 0.0116423 0.0044530
 38 L  38 0.0095685 0.0033790 0.0000000 0.0000000 0.0083144 0.0004696 0.0000000 0.0000000 0.0000000 0.1715217 0.3011215 0.0019853 0.1039768 0.0694736 0.0000000 0.0127846 0.0513796 0.0000000 0.0019951 0.2640302
 39 V  39 0.0694517 0.0000000 0.0000000 0.0000000 0.0142243 0.0000000 0.0000000 0.0021364 0.0000000 0.2195639 0.1198152 0.0000000 0.0971208 0.0018979 0.0000000 0.0278393 0.0576286 0.0000000 0.0034563 0.3868656
 40 S  40 0.0377018 0.0763928 0.0948251 0.1845628 0.0000000 0.0929406 0.1549452 0.0581951 0.0116594 0.0013140 0.0279970 0.0743928 0.0117148 0.0000000 0.0021474 0.1414628 0.0179120 0.0027419 0.0022949 0.0067998
 41 A  41 0.1053732 0.1581764 0.0678820 0.0604083 0.0014395 0.0769475 0.0329638 0.0475810 0.0226270 0.0036815 0.0116242 0.1352652 0.0149474 0.0000000 0.0224839 0.1426354 0.0585897 0.0017738 0.0212562 0.0143440
 42 L  42 0.0018701 0.0018519 0.0051473 0.0000000 0.0000000 0.0058419 0.0000000 0.0000000 0.0025201 0.0384259 0.4299603 0.0000000 0.0821387 0.3908489 0.0000000 0.0000000 0.0012072 0.0000000 0.0045653 0.0356224
 43 G  43 0.0870759 0.0038360 0.1403849 0.0400174 0.0026942 0.0260945 0.0451895 0.0417983 0.0983120 0.0138481 0.0706178 0.0443525 0.0054390 0.0716208 0.0148531 0.1116662 0.0892723 0.0037359 0.0424233 0.0467683
 44 P  44 0.0220151 0.0309129 0.0665938 0.3810331 0.0000000 0.0574663 0.1306495 0.0244000 0.0062033 0.0268649 0.0110278 0.0251828 0.0049587 0.0011324 0.0828614 0.0778950 0.0326430 0.0000000 0.0007452 0.0174148
 45 L  45 0.0154497 0.0028470 0.0394530 0.0097603 0.0000000 0.0022922 0.0061799 0.0009982 0.0009337 0.4496898 0.0567395 0.0083023 0.0134787 0.0219491 0.0075037 0.0134408 0.0262526 0.0000000 0.0024045 0.3223251
 46 G  46 0.0324574 0.0175817 0.0245020 0.0307005 0.0517153 0.0152829 0.0389327 0.4157066 0.0143331 0.0008974 0.0000000 0.0264000 0.0000000 0.0000000 0.0039039 0.3032319 0.0100293 0.0019567 0.0065803 0.0057884
 47 P  47 0.0584043 0.0434719 0.0254936 0.0537254 0.0000000 0.1208741 0.0767214 0.0120619 0.0083638 0.0084274 0.0396218 0.0338656 0.0011186 0.0180735 0.3822416 0.0619203 0.0221263 0.0065506 0.0089704 0.0179674
 48 Q  48 0.0315068 0.0430023 0.1352771 0.2551490 0.0000000 0.0559969 0.0859491 0.0471455 0.0332742 0.0084229 0.0070217 0.0908328 0.0048601 0.0027628 0.0116903 0.0814915 0.0779872 0.0000000 0.0104556 0.0171741
 49 A  49 0.1002452 0.1437729 0.0571495 0.0645165 0.0267100 0.0546547 0.0213718 0.1957664 0.0190286 0.0039305 0.0301998 0.1191985 0.0014881 0.0155874 0.0073386 0.0614173 0.0370655 0.0056964 0.0136835 0.0211789
 50 A  50 0.1269602 0.0000000 0.0045484 0.0362133 0.0000000 0.0029934 0.0006717 0.0021441 0.0042334 0.1640809 0.0210311 0.0000000 0.0308825 0.0105037 0.0169367 0.0382352 0.2939836 0.0010871 0.0305639 0.2149309
 51 Q  51 0.0033506 0.5919828 0.0149728 0.0012050 0.0000000 0.2163803 0.0044582 0.0000000 0.0998351 0.0000000 0.0230436 0.0302156 0.0033199 0.0000000 0.0000000 0.0093222 0.0009629 0.0000000 0.0009510 0.0000000
 52 V  52 0.0225061 0.0000000 0.0021017 0.0000000 0.0000000 0.0000000 0.0000000 0.0000000 0.0000000 0.1689803 0.0386578 0.0000000 0.0310127 0.1122769 0.0014387 0.0000000 0.0041371 0.0000000 0.0051466 0.6137422
 53 G  53 0.3409273 0.0000000 0.0000000 0.0022715 0.0027383 0.0000000 0.0006780 0.4760677 0.0000000 0.0000000 0.0000000 0.0000000 0.0070749 0.0000000 0.0000000 0.1390701 0.0264512 0.0000000 0.0000000 0.0047211
 54 L  54 0.1082283 0.0000000 0.0000000 0.0013411 0.0000000 0.0000000 0.0000000 0.0085358 0.0000000 0.0932831 0.3387092 0.0000000 0.0224477 0.0187694 0.0000000 0.0010075 0.0040878 0.0000000 0.0025211 0.4010693
 55 L  55 0.1194120 0.0043511 0.0014424 0.0023836 0.0000000 0.0000000 0.0029527 0.0032857 0.0000000 0.1316850 0.1596652 0.0000000 0.0568183 0.0191220 0.0000000 0.0158536 0.0110182 0.0000000 0.0022131 0.4697970
 56 T  56 0.0173324 0.0378743 0.0181046 0.0000000 0.0008810 0.5506268 0.0531474 0.0029384 0.0192169 0.0049007 0.0320023 0.0213203 0.0040677 0.0065420 0.0014913 0.0717597 0.1073027 0.0015464 0.0013462 0.0475990
 57 Y  57 0.0062563 0.0000000 0.0000000 0.0000000 0.0000000 0.0038544 0.0000000 0.0000000 0.0149816 0.0032801 0.0037190 0.0000000 0.0009167 0.2613694 0.0000000 0.0021245 0.0009529 0.0000000 0.6916193 0.0109256
 58 S  58 0.0931270 0.0020703 0.0826329 0.0174979 0.0025704 0.0006265 0.0023587 0.1440300 0.0535067 0.0000000 0.0009505 0.0000000 0.0000000 0.0000000 0.0000000 0.5724879 0.0274509 0.0000000 0.0006904 0.0000000
 59 H  59 0.0177470 0.0394114 0.0691256 0.2674342 0.0086264 0.0113593 0.0569565 0.0685312 0.0439507 0.0009490 0.0038592 0.0122645 0.0018709 0.0055664 0.0062918 0.2416647 0.0914860 0.0016806 0.0476071 0.0036176
 60 R  60 0.0214084 0.1063592 0.0655993 0.1696591 0.0000000 0.0507890 0.1190436 0.0694217 0.0212099 0.0322133 0.0080709 0.0474404 0.0092328 0.0095845 0.0182014 0.0681910 0.1050841 0.0050355 0.0296607 0.0437952
 61 P  61 0.0939796 0.0034199 0.0382750 0.0005336 0.0051667 0.0274224 0.0006312 0.0225451 0.0015049 0.0478098 0.0291863 0.0021618 0.0052521 0.0251073 0.2684156 0.0705582 0.0791567 0.0054445 0.0258836 0.2475457
 62 S  62 0.0212810 0.2012164 0.0320485 0.0309379 0.0000000 0.0994269 0.0640079 0.0036614 0.1152481 0.0143186 0.0134261 0.1438894 0.0038496 0.0152758 0.0027171 0.0525866 0.1107502 0.0021083 0.0379292 0.0353211
 63 P  63 0.0503402 0.0101711 0.0187081 0.0172421 0.0000000 0.0286752 0.0446765 0.0015484 0.0270866 0.1028542 0.1271980 0.0197763 0.0222899 0.0043960 0.0508967 0.0465765 0.2265143 0.0026429 0.0220333 0.1763735
 64 L  64 0.0398837 0.0109853 0.0162842 0.0342555 0.0010004 0.0367264 0.5028526 0.0111975 0.0497798 0.0518506 0.0770506 0.0067268 0.0105174 0.0063406 0.0037822 0.0103118 0.0026935 0.0012706 0.0564930 0.0699974
 65 F  65 0.0092248 0.0052358 0.0047212 0.0000000 0.0034951 0.0071711 0.0000000 0.0035786 0.0106944 0.1397094 0.0497223 0.0011329 0.0128086 0.5775156 0.0096442 0.0414116 0.0084817 0.0338152 0.0295109 0.0521267
 66 P  66 0.0257254 0.0718004 0.0963371 0.0830768 0.0000000 0.0479867 0.0639274 0.0580801 0.0456091 0.0018901 0.0594984 0.0302029 0.0035328 0.0245343 0.1220558 0.1206900 0.0762759 0.0006353 0.0639323 0.0042093
 67 L  67 0.0023260 0.0009685 0.0009009 0.0051975 0.0005754 0.0011661 0.0000000 0.0032409 0.0012841 0.0287986 0.6370479 0.0007157 0.0135625 0.2435673 0.0047846 0.0056555 0.0029702 0.0143712 0.0042898 0.0285773
 68 N  68 0.0244535 0.0575687 0.2751554 0.1369267 0.0000000 0.0263575 0.0245408 0.1008849 0.0050909 0.0074415 0.0172971 0.1082198 0.0020924 0.0010427 0.0052604 0.1109580 0.0852756 0.0009894 0.0016428 0.0088019
 69 S  69 0.0797760 0.0518346 0.0323009 0.1989755 0.0000000 0.0830843 0.0980514 0.0148256 0.0177653 0.0017135 0.0082705 0.0656011 0.0102953 0.0089915 0.0081701 0.0991112 0.1901674 0.0008936 0.0157655 0.0144066
 70 S  70 0.0412752 0.0510041 0.0108633 0.0070007 0.0024855 0.0044737 0.0017596 0.0100375 0.1568084 0.0230286 0.0204134 0.0106119 0.0041561 0.1819423 0.0186557 0.0743334 0.0155765 0.0154147 0.3419500 0.0082094
 71 H  71 0.0287406 0.0656076 0.0675851 0.0319542 0.0000000 0.1251166 0.0136754 0.0438481 0.0415605 0.0057996 0.0365976 0.1569902 0.0173762 0.0324689 0.0361697 0.1631581 0.0836274 0.0023683 0.0319857 0.0153702
 72 D  72 0.0100575 0.0930210 0.1526009 0.1612226 0.0029413 0.0073896 0.0186552 0.0249422 0.0190177 0.0006942 0.0070904 0.0303225 0.0000000 0.0008223 0.0009513 0.2470947 0.2214090 0.0000000 0.0006067 0.0011608
 73 L  73 0.0414066 0.1027797 0.0293240 0.0082076 0.0004827 0.0614617 0.0137115 0.0264812 0.0055938 0.0237280 0.0477083 0.4376693 0.0106179 0.0040470 0.0767357 0.0402870 0.0205205 0.0006969 0.0095851 0.0389555
 74 G  74 0.1142998 0.0514655 0.0467268 0.0897277 0.0176360 0.0771578 0.1345106 0.0565162 0.0155019 0.0088381 0.0145579 0.0634200 0.0052002 0.0046410 0.0464403 0.1659196 0.0555844 0.0023680 0.0070522 0.0224362
 75 I  75 0.0950967 0.0156099 0.0366463 0.2157639 0.0017238 0.0838857 0.2540602 0.0253726 0.0146971 0.0132030 0.0280238 0.0255062 0.0035298 0.0024953 0.0182384 0.0957632 0.0399699 0.0006839 0.0053370 0.0243933
 76 I  76 0.0310516 0.0026818 0.0013304 0.0011629 0.0000000 0.0015888 0.0008902 0.0000000 0.0013913 0.1800926 0.3340861 0.0000000 0.0855585 0.0589094 0.0198470 0.0068877 0.0087429 0.0093071 0.0008692 0.2556024
 77 L  77 0.0167613 0.0864557 0.0112675 0.0143919 0.0018859 0.0599940 0.0325869 0.0067132 0.0031264 0.0973576 0.3800058 0.1555151 0.0154406 0.0093924 0.0000000 0.0263918 0.0154806 0.0006978 0.0042861 0.0622495
 78 R  78 0.0973376 0.1550196 0.1016449 0.1040219 0.0016444 0.1296912 0.0963715 0.0280787 0.0148768 0.0026052 0.0089290 0.0815079 0.0029893 0.0135219 0.0016948 0.0976356 0.0445866 0.0020485 0.0043147 0.0114800
 79 K  79 0.4507880 0.0650560 0.0105919 0.0138801 0.0000000 0.0514744 0.0224725 0.0261903 0.1047169 0.0466986 0.0541309 0.0567589 0.0033620 0.0165302 0.0008296 0.0365317 0.0120335 0.0000000 0.0137724 0.0141823
 80 I  80 0.0655054 0.0015731 0.0000000 0.0000000 0.0011685 0.0033154 0.0040801 0.0018398 0.0017245 0.4307511 0.1707365 0.0000000 0.0197802 0.0093703 0.0000000 0.0000000 0.0113483 0.0000000 0.0055256 0.2732812
 81 R  81 0.0381534 0.1942759 0.0711863 0.1419505 0.0008260 0.1020951 0.0664602 0.0318650 0.0144744 0.0045299 0.0231930 0.1375238 0.0110648 0.0078165 0.0070162 0.1123774 0.0157164 0.0011226 0.0034790 0.0148735
 82 D  82 0.0636809 0.1266377 0.1923185 0.0492584 0.0000000 0.1061999 0.0927501 0.0642157 0.0208453 0.0023216 0.0067440 0.1101300 0.0012294 0.0015393 0.0210295 0.0955850 0.0343981 0.0024470 0.0037089 0.0049605
 83 I  83 0.0358520 0.0096804 0.0196667 0.0077559 0.0000000 0.0027501 0.0026513 0.0031131 0.0027456 0.3317685 0.2340399 0.0084721 0.1304524 0.0126856 0.0028271 0.0298692 0.0254407 0.0000000 0.0018038 0.1384256
 84 P  84 0.0395061 0.1652528 0.0349344 0.0129502 0.0011179 0.0832800 0.0481700 0.0165563 0.0143254 0.0257540 0.0232674 0.1123674 0.0222512 0.0218619 0.1369825 0.1019592 0.0704338 0.0012220 0.0026877 0.0651197
 85 Y  85 0.0099841 0.0186643 0.0108148 0.0032459 0.0000000 0.1724189 0.0057404 0.0139511 0.0543829 0.0124691 0.0625001 0.0228761 0.0054646 0.0825591 0.0609922 0.0106455 0.0161786 0.0068837 0.4108287 0.0193999
 86 V  86 0.0514579 0.1457176 0.0066878 0.0079856 0.0005864 0.0996873 0.0264200 0.0040932 0.0156998 0.0849973 0.1948204 0.0969753 0.0891195 0.0356029 0.0262988 0.0156207 0.0264861 0.0101608 0.0186486 0.0429340
 87 D  87 0.0428505 0.0459577 0.0611206 0.0329758 0.0013162 0.0443893 0.0529357 0.3204342 0.0058468 0.0090427 0.0570589 0.0829047 0.0106232 0.0104250 0.0326060 0.1040456 0.0679259 0.0000000 0.0057993 0.0117419
 88 P  88 0.0055478 0.0082238 0.0279259 0.0097161 0.0000000 0.0227074 0.0123624 0.7141047 0.0072827 0.0016513 0.0000000 0.0268911 0.0032594 0.0018262 0.0301698 0.1034736 0.0165864 0.0006645 0.0032505 0.0043563
 89 S  89 0.0321077 0.0946249 0.1339573 0.0459509 0.0034500 0.0480886 0.0547181 0.2921322 0.0159788 0.0011395 0.0115408 0.0548067 0.0024913 0.0028854 0.0209677 0.0989304 0.0625153 0.0046340 0.0060382 0.0130422
 90 G  90 0.0557478 0.0557761 0.0366443 0.0352649 0.0000000 0.0414550 0.0401263 0.3312006 0.0093690 0.0080755 0.0565765 0.0241876 0.0030490 0.0177145 0.0624753 0.0659643 0.0513858 0.0077865 0.0164312 0.0807700
 91 N  91 0.0949782 0.0435327 0.0167598 0.0006287 0.0012432 0.0213319 0.0015574 0.0057699 0.0019381 0.0048810 0.0601814 0.0063387 0.0046125 0.0020992 0.0285617 0.0839360 0.6011972 0.0008348 0.0018689 0.0177487
 92 N  92 0.0582404 0.1144055 0.2581017 0.0188075 0.0019400 0.0259774 0.0164622 0.0033833 0.0366546 0.0000000 0.0518096 0.0632583 0.0554153 0.0663896 0.0012499 0.0844582 0.0141782 0.0059558 0.1223470 0.0009654
 93 L  93 0.0174794 0.0007613 0.0010579 0.0024767 0.0000000 0.0024800 0.0000000 0.0060200 0.0000000 0.1138445 0.0950111 0.0014779 0.0274237 0.0025787 0.0021585 0.0169223 0.6630624 0.0012046 0.0012505 0.0447904
 94 G  94 0.1104057 0.0092952 0.0081614 0.0437554 0.0000000 0.0045884 0.0174953 0.6513766 0.0165607 0.0000000 0.0032938 0.0210216 0.0006374 0.0170203 0.0047841 0.0542740 0.0103091 0.0010847 0.0227883 0.0031480
 95 T  95 0.1503096 0.0615930 0.0369204 0.0385918 0.0058015 0.0464619 0.0997944 0.0429189 0.0341766 0.0062814 0.1300482 0.1391747 0.0103183 0.0138391 0.0020515 0.0743031 0.0661566 0.0025974 0.0232333 0.0154282
 96 A  96 0.8186432 0.0000000 0.0000000 0.0018475 0.0000000 0.0014040 0.0007348 0.0797941 0.0000000 0.0035448 0.0095577 0.0000000 0.0033972 0.0020638 0.0000000 0.0119905 0.0129415 0.0000000 0.0007993 0.0532816
 97 V  97 0.0000000 0.0000000 0.0000000 0.0017402 0.0000000 0.0000000 0.0058750 0.0000000 0.0000000 0.2324937 0.6363073 0.0010780 0.0613895 0.0289277 0.0021047 0.0024467 0.0067344 0.0000000 0.0000000 0.0209026
 98 T  98 0.0320146 0.1333224 0.0707663 0.1003577 0.0000000 0.1627099 0.1242589 0.0171857 0.0135352 0.0037403 0.0379530 0.1578157 0.0062630 0.0019429 0.0000000 0.0579761 0.0545393 0.0012369 0.0113594 0.0130227
 99 T  99 0.0220072 0.0275254 0.0209049 0.0078200 0.0000000 0.0287782 0.0345820 0.0042512 0.1065802 0.0077436 0.0382745 0.0666936 0.0078284 0.2505996 0.0000000 0.0128581 0.0291203 0.0302813 0.2794555 0.0246960
100 A 100 0.2967308 0.0000000 0.0012146 0.0000000 0.0040762 0.0000000 0.0028085 0.0071991 0.0000000 0.0875213 0.0907063 0.0000000 0.0526218 0.0037696 0.0000000 0.0196675 0.1375080 0.0000000 0.0000000 0.2961766
101 H 101 0.0958855 0.1441619 0.0376237 0.0093040 0.0077266 0.0230546 0.0094368 0.0158174 0.0421633 0.0519580 0.1994736 0.0623839 0.0312479 0.0124888 0.0000000 0.0888814 0.0534917 0.0013125 0.0293101 0.0842784
102 R 102 0.0188237 0.1523644 0.0718785 0.1401807 0.0007426 0.0946484 0.2009608 0.0081863 0.0165143 0.0135100 0.0092428 0.0826054 0.0026487 0.0471692 0.0151577 0.0515302 0.0562708 0.0015465 0.0073612 0.0086577
103 Y 103 0.0139208 0.0372944 0.2312305 0.0224502 0.0000000 0.1169378 0.0993453 0.0049793 0.1130245 0.0378110 0.0431902 0.0507572 0.0336651 0.0114602 0.0009361 0.0282728 0.0417875 0.0013367 0.0722871 0.0393131
104 L 104 0.0615743 0.0008371 0.0139257 0.0035047 0.0010140 0.0039406 0.0029824 0.0505909 0.0338380 0.1558780 0.1905701 0.0028790 0.0374601 0.1314664 0.0006260 0.0784351 0.0258827 0.0000000 0.0228729 0.1817222
105 L 105 0.0102622 0.0149913 0.0078865 0.0128195 0.0011548 0.0158826 0.0169381 0.0016047 0.0026619 0.0138556 0.1125862 0.0233669 0.0243563 0.6633348 0.0000000 0.0046405 0.0409117 0.0031381 0.0214001 0.0082081
106 A 106 0.0363491 0.0378935 0.0283208 0.0223905 0.0019192 0.0428246 0.0522779 0.0558034 0.0200173 0.0224051 0.0450428 0.1084940 0.0075041 0.0149004 0.0401249 0.2104374 0.1975735 0.0072150 0.0081974 0.0403093
107 S 107 0.1327677 0.0886364 0.0355561 0.0380441 0.0006057 0.0383427 0.1390503 0.0292813 0.0156582 0.0084649 0.0200388 0.1022153 0.0106590 0.0094981 0.1242241 0.1049909 0.0528471 0.0046413 0.0035011 0.0409770
108 N 108 0.0992100 0.0220239 0.0460605 0.0332950 0.0000000 0.0345248 0.1434267 0.0928061 0.0181862 0.0259598 0.0084628 0.0319088 0.0157249 0.0119071 0.0434348 0.2401484 0.0636687 0.0007940 0.0067474 0.0617101
109 A 109 0.2976579 0.0979062 0.0148884 0.0169125 0.0000000 0.0502457 0.0244681 0.1041582 0.0061818 0.0217120 0.0423507 0.0694560 0.0069435 0.0201969 0.0141236 0.1250311 0.0342852 0.0013557 0.0162163 0.0359103
110 P 110 0.0351704 0.1653380 0.1352259 0.0165350 0.0000000 0.0688335 0.0116769 0.2878849 0.0290772 0.0014102 0.0100155 0.0672795 0.0024874 0.0053558 0.0464366 0.0834269 0.0225298 0.0014733 0.0077843 0.0020589
111 G 111 0.0193083 0.0869083 0.0124238 0.0113444 0.0000000 0.0089001 0.0051015 0.5562328 0.0114069 0.0080908 0.0197625 0.0042874 0.0010823 0.0019724 0.0414002 0.1606302 0.0344181 0.0045871 0.0048921 0.0072508
112 R 112 0.2100165 0.2372872 0.0368862 0.1002548 0.0000000 0.0079231 0.0169606 0.0680268 0.0043359 0.0260671 0.0428436 0.0124884 0.0295463 0.0230086 0.0494295 0.0635231 0.0214443 0.0023456 0.0113322 0.0362801
113 R 113 0.0280069 0.6295843 0.0706353 0.0214803 0.0000000 0.0151119 0.0228375 0.0059350 0.0178972 0.0152188 0.0305056 0.0379622 0.0086748 0.0069049 0.0117527 0.0459904 0.0141633 0.0055434 0.0030191 0.0087764
114 Q 114 0.0635509 0.0356917 0.0189607 0.0443690 0.0000000 0.0997970 0.1585995 0.0305306 0.0030540 0.0053409 0.0280107 0.1004687 0.0061352 0.0031225 0.2854086 0.0708835 0.0253537 0.0000000 0.0025883 0.0181344
115 Q 115 0.0209175 0.0805996 0.1600994 0.1088668 0.0020725 0.0690569 0.0872702 0.3083133 0.0363754 0.0008822 0.0028108 0.0371983 0.0017250 0.0062559 0.0081838 0.0463395 0.0154551 0.0012683 0.0030166 0.0032929
116 V 116 0.2547705 0.0180996 0.0032838 0.0149748 0.0000000 0.0077444 0.0066875 0.0121199 0.0043253 0.0685627 0.0136484 0.0367676 0.0173370 0.0224301 0.0130360 0.0494000 0.0286888 0.0000000 0.0062651 0.4218585
117 P 117 0.0377490 0.1121135 0.0337956 0.0054238 0.0000000 0.0391822 0.0157000 0.0049541 0.0131319 0.0048521 0.0274919 0.0764479 0.0021914 0.0094406 0.4407055 0.0962986 0.0488819 0.0000000 0.0023057 0.0293343
118 G 118 0.0106565 0.1708490 0.0608661 0.0261871 0.0136246 0.2201800 0.0034141 0.0119552 0.0215956 0.0012210 0.0083490 0.4042404 0.0014188 0.0041352 0.0152554 0.0023076 0.0101575 0.0027945 0.0033458 0.0074466
119 V 119 0.0438222 0.0035891 0.0032223 0.0000000 0.0000000 0.0019483 0.0010485 0.0012899 0.0171813 0.2517438 0.1005470 0.0043342 0.0218481 0.0522168 0.0000000 0.0046412 0.0206620 0.0012049 0.0344542 0.4362463
120 M 120 0.2278494 0.0000000 0.0000000 0.0006648 0.0062807 0.0000000 0.0000000 0.0319516 0.0000000 0.1105649 0.3388789 0.0000000 0.0639796 0.0088727 0.0000000 0.0043578 0.0108410 0.0000000 0.0012047 0.1945539
121 V 121 0.0044933 0.0000000 0.0000000 0.0006647 0.0000000 0.0000000 0.0000000 0.0000000 0.0000000 0.3253268 0.1188929 0.0000000 0.0197563 0.0651338 0.0000000 0.0000000 0.0063268 0.0000000 0.0471913 0.4122141
122 L 122 0.0228138 0.0000000 0.0024328 0.0000000 0.0000000 0.0026118 0.0000000 0.0020938 0.0018533 0.0958420 0.3462509 0.0000000 0.0405626 0.0468600 0.0000000 0.0016457 0.0134303 0.0101184 0.0000000 0.4134847
123 L 123 0.0032978 0.0000000 0.0016455 0.0000000 0.0000000 0.0000000 0.0000000 0.0042157 0.0000000 0.3297054 0.3002664 0.0000000 0.0560559 0.0991761 0.0000000 0.0058280 0.0057168 0.0000000 0.0000000 0.1940923
124 V 124 0.0305931 0.0000000 0.0043874 0.0000000 0.0000000 0.0107022 0.0019565 0.0057152 0.0000000 0.0134123 0.0224271 0.0000000 0.0111376 0.0029182 0.0006595 0.1061800 0.7413804 0.0000000 0.0000000 0.0485304
125 D 125 0.1114497 0.0028819 0.0300496 0.6056581 0.0000000 0.0014297 0.0186122 0.0929359 0.0170612 0.0000000 0.0010508 0.0043870 0.0037125 0.0000000 0.0031629 0.0704529 0.0271550 0.0013051 0.0000000 0.0086955
126 E 126 0.0165674 0.0232081 0.0302978 0.0145414 0.0000000 0.0051169 0.0151548 0.7798146 0.0013971 0.0042209 0.0000000 0.0078269 0.0000000 0.0000000 0.0043519 0.0827827 0.0121034 0.0000000 0.0008824 0.0017338
127 P 127 0.0251780 0.2026205 0.0200065 0.0310144 0.0000000 0.0970736 0.1394073 0.0178264 0.0194782 0.0121512 0.0159391 0.1565394 0.0084016 0.0185657 0.1187090 0.0329455 0.0159910 0.0226367 0.0135286 0.0319872
128 L 128 0.1124721 0.0185334 0.0144968 0.0132279 0.0028506 0.0113546 0.0133497 0.0173717 0.0036250 0.0107447 0.0191007 0.0307242 0.0214587 0.0008083 0.0794751 0.5514635 0.0553927 0.0025007 0.0074888 0.0135609
129 R 129 0.0453942 0.0469899 0.0815665 0.0482981 0.0050944 0.2362878 0.0667330 0.0197607 0.0718690 0.0028560 0.0223000 0.0178216 0.0104084 0.0227421 0.0230504 0.1373465 0.0745603 0.0037200 0.0419686 0.0212325
130 G 130 0.0162969 0.0283402 0.0079129 0.6628797 0.0000000 0.0112561 0.0811249 0.0831822 0.0041559 0.0000000 0.0055638 0.0287970 0.0035782 0.0014993 0.0270796 0.0212939 0.0029122 0.0000000 0.0121359 0.0019912
131 D 131 0.0358908 0.0341684 0.1049763 0.3355848 0.0000000 0.0279592 0.1344127 0.0342760 0.0142342 0.0071033 0.0157731 0.0448337 0.0013708 0.0026833 0.0430355 0.1149660 0.0182396 0.0000000 0.0163630 0.0141293
132 I 132 0.0568686 0.0017545 0.0022904 0.0081939 0.0000000 0.0073432 0.0047398 0.0032192 0.0009152 0.1445457 0.1345528 0.0066035 0.0047441 0.0183989 0.0975662 0.0100265 0.0266471 0.0000000 0.0217095 0.4498809
133 L 133 0.1057292 0.1292625 0.0430696 0.0499875 0.0000000 0.0646697 0.1004364 0.0221247 0.0100844 0.0338585 0.0708196 0.1091625 0.0065913 0.0148029 0.0094019 0.0846849 0.0675908 0.0010913 0.0036833 0.0729490
134 S 134 0.0627982 0.0906697 0.0357510 0.1168386 0.0000000 0.0591856 0.2241006 0.0618780 0.0063510 0.0268370 0.0448801 0.0639081 0.0048819 0.0036150 0.0433774 0.0508908 0.0673988 0.0010854 0.0061432 0.0294097
135 P 135 0.2985633 0.0024462 0.0156929 0.0078513 0.0000000 0.0123926 0.0396265 0.0089363 0.0061770 0.0518532 0.0190030 0.0067279 0.0101291 0.0040582 0.2874628 0.0275303 0.0172754 0.0157005 0.0422223 0.1263512
136 I 136 0.5482185 0.0045652 0.0017977 0.0019015 0.0010945 0.0015791 0.0012512 0.0140041 0.0000000 0.0849614 0.0196108 0.0005580 0.0171510 0.0011571 0.0132810 0.1649616 0.0292143 0.0000000 0.0000000 0.0946931
137 R 137 0.1124313 0.1098088 0.0617958 0.0504229 0.0000000 0.1645191 0.0936344 0.0113913 0.0090093 0.0170306 0.0928618 0.1210465 0.0278537 0.0028810 0.0263446 0.0460581 0.0190744 0.0024075 0.0018353 0.0295936
138 E 138 0.1677873 0.1130482 0.0459165 0.0517797 0.0000000 0.0661356 0.1456902 0.0418792 0.0138429 0.0157122 0.0693079 0.1073828 0.0160757 0.0037733 0.0081525 0.0495859 0.0226928 0.0008168 0.0098685 0.0505523
139 A 139 0.2957783 0.0000000 0.0037016 0.0000000 0.0176822 0.0012172 0.0000000 0.0026577 0.0000000 0.0370307 0.5408542 0.0044526 0.0177811 0.0109095 0.0061570 0.0142654 0.0037541 0.0000000 0.0055945 0.0381638
140 Q 140 0.0154485 0.4488722 0.0114298 0.0143293 0.0052863 0.0456991 0.0377495 0.0030950 0.0503679 0.0066721 0.0029227 0.3078216 0.0028444 0.0000000 0.0000000 0.0249148 0.0128262 0.0014988 0.0045050 0.0037169
141 T 141 0.1277374 0.0993981 0.0833867 0.1608437 0.0461459 0.0856872 0.1121707 0.0246002 0.0139889 0.0054883 0.0394466 0.0923977 0.0244055 0.0042353 0.0009207 0.0584254 0.0141230 0.0000000 0.0024879 0.0041105
142 S 142 0.1573165 0.0629592 0.0609461 0.0783320 0.0011325 0.0843967 0.0857233 0.0088310 0.0163232 0.0097605 0.0852310 0.1355311 0.0182862 0.0185932 0.0340044 0.0999715 0.0268272 0.0000000 0.0106524 0.0051820
143 G 143 0.0101738 0.0205233 0.0955753 0.0602585 0.0000000 0.0119192 0.0128710 0.6935243 0.0052382 0.0058598 0.0020325 0.0491354 0.0017553 0.0000000 0.0000000 0.0213074 0.0005696 0.0010179 0.0050157 0.0032228
144 L 144 0.0501875 0.0000000 0.0054036 0.0039675 0.0000000 0.0012556 0.0000000 0.0021431 0.0000000 0.4024004 0.0407067 0.0000000 0.0023012 0.0190408 0.0000000 0.0011250 0.0100975 0.0007735 0.0433392 0.4172584
145 K 145 0.0422661 0.0352337 0.0542607 0.0398734 0.0121777 0.0542939 0.1084807 0.0026774 0.0097754 0.1266012 0.0718117 0.0725418 0.0112218 0.0282192 0.0030580 0.0598472 0.1801331 0.0000000 0.0050363 0.0824906
146 V 146 0.0077598 0.0781431 0.0000000 0.0000000 0.0031332 0.0000000 0.0000000 0.0000000 0.0000000 0.2875742 0.1058098 0.0000000 0.0497330 0.0221018 0.0388753 0.0163688 0.0515971 0.0000000 0.0000000 0.3389040
147 M 147 0.0021712 0.0000000 0.0030414 0.0000000 0.0008153 0.0000000 0.0000000 0.0030576 0.0142949 0.1183570 0.0916085 0.0000000 0.0211536 0.4131617 0.0009491 0.0012678 0.0114915 0.0026609 0.2353154 0.0806542
148 A 148 0.4257363 0.0016071 0.0000000 0.0000000 0.0228598 0.0000000 0.0000000 0.0636335 0.0000000 0.0435775 0.0118466 0.0000000 0.0042307 0.0132141 0.0942512 0.0856264 0.0788696 0.0000000 0.0000000 0.1545473
149 L 149 0.0109376 0.0012491 0.0000000 0.0000000 0.0000000 0.0139241 0.0014487 0.0018983 0.0025097 0.3802755 0.1011762 0.0000000 0.0145015 0.0505867 0.0000000 0.0000000 0.0017593 0.0022430 0.0059135 0.4115768
150 S 150 0.0566433 0.0025278 0.0040306 0.0034554 0.0012250 0.0079129 0.0009270 0.7962560 0.0000000 0.0015828 0.0113516 0.0019401 0.0000000 0.0031577 0.0046481 0.0645411 0.0190939 0.0000000 0.0021854 0.0185212
151 L 151 0.0231869 0.0027470 0.0037986 0.0040699 0.0014936 0.0008692 0.0055398 0.0031066 0.0024009 0.3190727 0.0817601 0.0000000 0.0161020 0.0158069 0.0054309 0.0162302 0.0418381 0.0000000 0.0000000 0.4565465
152 V 152 0.0694550 0.0803579 0.0224371 0.0171176 0.0000000 0.0518368 0.0407564 0.4621836 0.0037958 0.0038546 0.0205008 0.0944955 0.0005523 0.0087639 0.0056229 0.0574355 0.0367509 0.0076161 0.0055755 0.0108919
153 G 153 0.0354366 0.0714514 0.1830680 0.1617899 0.0000000 0.0379194 0.0617211 0.1203002 0.0860967 0.0033476 0.0056099 0.0848230 0.0061338 0.0217922 0.0395732 0.0452147 0.0131455 0.0133078 0.0046761 0.0045928
154 A 154 0.4316261 0.0041864 0.0063015 0.0060860 0.0000000 0.0205355 0.0163089 0.0427350 0.0116853 0.0595181 0.0167271 0.0080970 0.0040006 0.0291684 0.0316038 0.0390822 0.0420365 0.0024564 0.0665562 0.1612888
155 D 155 0.0307287 0.0281437 0.2704758 0.3079196 0.0006592 0.0138362 0.0268432 0.0052577 0.0158058 0.0124331 0.0387955 0.0199271 0.0011225 0.0270603 0.0072678 0.1094643 0.0117700 0.0007452 0.0172384 0.0545061
156 P 156 0.0224537 0.1159188 0.0334258 0.0584325 0.0000000 0.0741725 0.1593299 0.0032901 0.0108109 0.0463982 0.1039750 0.0808413 0.0379663 0.0107369 0.0498380 0.0319368 0.0286026 0.0246487 0.0252430 0.0819791
157 E 157 0.1254327 0.0610567 0.0604842 0.0883101 0.0000000 0.0904884 0.1628724 0.0262371 0.0129920 0.0082662 0.0191710 0.1156563 0.0051678 0.0057795 0.0260870 0.0760355 0.0920128 0.0023468 0.0061774 0.0154259
158 Q 158 0.0264238 0.0075373 0.0235782 0.0278724 0.0000000 0.2220946 0.5687535 0.0076562 0.0031368 0.0000000 0.0173213 0.0185017 0.0014872 0.0069938 0.0000000 0.0209727 0.0318801 0.0000000 0.0046262 0.0111642
159 L 159 0.0030730 0.0007879 0.0024309 0.0009821 0.0074860 0.0020538 0.0000000 0.0008428 0.0000000 0.1064553 0.7849723 0.0105273 0.0372439 0.0027452 0.0015744 0.0000000 0.0028245 0.0007069 0.0014566 0.0338371
160 R 160 0.0253556 0.1902464 0.0851409 0.0233608 0.0000000 0.1000728 0.1906199 0.0152491 0.0465602 0.0161698 0.0794467 0.1101687 0.0070573 0.0030363 0.0061142 0.0336707 0.0176827 0.0010303 0.0176236 0.0313941
161 R 161 0.1134441 0.0749186 0.0372124 0.0727216 0.0000000 0.0921268 0.1726179 0.0184207 0.0129612 0.0271334 0.1047820 0.0631401 0.0199781 0.0050893 0.0109519 0.0647583 0.0677121 0.0033143 0.0145617 0.0241556
162 L 162 0.0129378 0.0000000 0.0000000 0.0000000 0.0012462 0.0013500 0.0000000 0.0000000 0.0000000 0.6456341 0.1469672 0.0000000 0.0995062 0.0201131 0.0000000 0.0051953 0.0022183 0.0000000 0.0010341 0.0637979
163 A 163 0.6974060 0.0000000 0.0000000 0.0026519 0.0031516 0.0102757 0.0023179 0.0440487 0.0000000 0.0036461 0.0065314 0.0000000 0.0017491 0.0000000 0.0000000 0.1001105 0.0695836 0.0000000 0.0000000 0.0585274
164 P 164 0.0053909 0.0037095 0.0344822 0.0044428 0.0042181 0.0075911 0.0612297 0.2122814 0.0046192 0.0121136 0.0165436 0.0035945 0.0014498 0.0257077 0.0131551 0.4481312 0.0900978 0.0245256 0.0047839 0.0219322
165 G 165 0.0368950 0.0157898 0.0668491 0.1561452 0.0211767 0.0307505 0.1240754 0.0359560 0.0367345 0.0119996 0.0172769 0.1262229 0.0036858 0.0048884 0.0819381 0.1295757 0.0444719 0.0014897 0.0378382 0.0162404
166 T 166 0.0195473 0.0284307 0.0582462 0.0202560 0.0000000 0.0698234 0.0121875 0.0148303 0.0088584 0.0049679 0.0033353 0.0264988 0.0087153 0.0000000 0.6048070 0.0727092 0.0353754 0.0008264 0.0012207 0.0093642
167 D 167 0.2020292 0.0170650 0.0501110 0.2313305 0.0025857 0.0272817 0.0268156 0.0323884 0.0096725 0.0093026 0.0635606 0.0701015 0.0022099 0.0194050 0.0151355 0.0841285 0.0914950 0.0040693 0.0051615 0.0361510
168 P 168 0.0231674 0.0706310 0.0559396 0.1412856 0.0000000 0.0064729 0.1631528 0.0449929 0.0140101 0.0025934 0.0105747 0.0217122 0.0010581 0.0111378 0.1634511 0.2145024 0.0242467 0.0009591 0.0277996 0.0023127
169 I 169 0.0664277 0.0551762 0.0241957 0.0454790 0.0020696 0.0812076 0.1813596 0.0419971 0.0413166 0.0505687 0.0517965 0.0908024 0.0113441 0.0031418 0.0228608 0.0603730 0.0887897 0.0122990 0.0073374 0.0614576
170 Q 170 0.0149263 0.0809983 0.1466026 0.0902160 0.0071164 0.0786071 0.1694308 0.0355425 0.1041301 0.0246301 0.0086651 0.0979091 0.0013617 0.0421627 0.0042207 0.0515073 0.0172818 0.0000000 0.0153456 0.0093457
171 N 171 0.0115651 0.0619722 0.0869786 0.0012235 0.0015647 0.0094727 0.0027744 0.0062469 0.3175256 0.0068793 0.0696641 0.1246872 0.0108006 0.0990650 0.0167927 0.0160968 0.0428877 0.0000000 0.0811560 0.0326470
172 F 172 0.1346645 0.0045946 0.0000000 0.0025455 0.0103927 0.0021320 0.0011018 0.0020937 0.0202460 0.0913744 0.0811854 0.0000000 0.0253549 0.0952494 0.0029678 0.0407374 0.0215611 0.0008412 0.0357045 0.4272533
173 F 173 0.0110009 0.0067813 0.0038496 0.0054793 0.0000000 0.0111235 0.0030166 0.0022529 0.0181831 0.0668825 0.0872027 0.0245668 0.0194189 0.5247806 0.0046558 0.0385214 0.0177501 0.0031400 0.1212787 0.0301153
174 A 174 0.0656828 0.0478232 0.0998533 0.0043445 0.0031433 0.0507281 0.0288479 0.0134973 0.0392406 0.0464628 0.1163528 0.0399686 0.0204188 0.0733092 0.0171230 0.0596367 0.1045643 0.0021344 0.0927017 0.0741666
175 V 175 0.0609924 0.0063256 0.0150519 0.0021952 0.0000000 0.0057654 0.0295446 0.0135393 0.0024532 0.0876787 0.2144616 0.0046567 0.0215245 0.0264928 0.0096054 0.0218633 0.0442630 0.0000000 0.0181919 0.4153944
176 D 176 0.0761361 0.0459346 0.0643450 0.1561234 0.0000000 0.0742766 0.1475736 0.0259896 0.0324390 0.0020514 0.0101010 0.0459616 0.0010873 0.0024721 0.0773704 0.1503353 0.0746426 0.0000000 0.0065048 0.0066555
177 N 177 0.0156597 0.0079224 0.1944906 0.3465531 0.0000000 0.0060436 0.0617978 0.0743746 0.0050227 0.0017001 0.0012756 0.0134558 0.0000000 0.0031422 0.0019560 0.1657562 0.0823519 0.0047435 0.0013661 0.0123882
178 G 178 0.0171534 0.0067510 0.0024713 0.0046723 0.0000000 0.0046406 0.0392225 0.0155186 0.0022675 0.0093835 0.0461681 0.0009015 0.0072842 0.5464289 0.0256283 0.0162847 0.0102581 0.0332264 0.1194033 0.0923357
179 P 179 0.0653445 0.0591557 0.0743302 0.2723838 0.0000000 0.0541329 0.0998932 0.0486696 0.0070433 0.0102067 0.0221375 0.0315415 0.0023134 0.0200595 0.0362116 0.1260813 0.0576456 0.0000000 0.0023005 0.0105491
180 G 180 0.1828289 0.0182417 0.0263082 0.1434969 0.0000000 0.0467478 0.1752726 0.0652399 0.0083238 0.0196462 0.0382321 0.0567002 0.0059411 0.0115008 0.0007546 0.1060050 0.0579878 0.0025719 0.0063912 0.0278093
181 L 181 0.0087550 0.0000000 0.0000000 0.0011855 0.0000000 0.0010508 0.0021543 0.0020673 0.0034221 0.1052970 0.7267611 0.0000000 0.0276392 0.0716882 0.0012908 0.0029229 0.0160990 0.0013724 0.0011440 0.0271505
182 D 182 0.0315736 0.0461086 0.0706623 0.0846073 0.0000000 0.0764669 0.1609690 0.0484103 0.0378555 0.0102631 0.0245847 0.1302092 0.0083645 0.0154498 0.0693455 0.1011280 0.0405291 0.0000000 0.0134018 0.0300708
183 R 183 0.0616339 0.0581973 0.0604345 0.1479841 0.0000000 0.1071358 0.0687695 0.0762172 0.0289695 0.0187575 0.0089490 0.1084219 0.0042111 0.0021447 0.0164581 0.0929485 0.1053324 0.0022417 0.0143835 0.0168099
184 A 184 0.0289957 0.0486326 0.0070914 0.0053739 0.0000000 0.0300959 0.0130939 0.0011191 0.0212681 0.2957714 0.2408859 0.0314126 0.0087933 0.1011500 0.0021501 0.0094218 0.0235180 0.0025643 0.0195180 0.1091440
185 V 185 0.0816930 0.1196063 0.0107727 0.0045802 0.0007878 0.0989537 0.0705860 0.0363319 0.0102889 0.0856008 0.0797468 0.0568529 0.0125186 0.0399701 0.0084045 0.0593407 0.0396544 0.0022939 0.0194241 0.1625927
186 S 186 0.0163581 0.0603461 0.0953423 0.1866959 0.0000000 0.1298781 0.0927884 0.0583627 0.0100238 0.0047938 0.0160583 0.1058287 0.0018278 0.0054260 0.0621254 0.1008315 0.0375503 0.0040988 0.0064526 0.0052115
187 D 187 0.0418326 0.1085793 0.0864768 0.0800283 0.0000000 0.1203926 0.1656442 0.0154467 0.0044862 0.0071519 0.0247437 0.1354962 0.0069085 0.0024319 0.0427384 0.0635667 0.0633933 0.0000000 0.0010066 0.0296759
188 L 188 0.0014544 0.0000000 0.0000000 0.0000000 0.0000000 0.0000000 0.0000000 0.0000000 0.0000000 0.2515058 0.4975760 0.0000000 0.0443007 0.0811649 0.0000000 0.0008923 0.0046632 0.0020133 0.0031058 0.1133237
189 A 189 0.0504390 0.0626736 0.0053594 0.0009143 0.0000000 0.1201685 0.0242538 0.0327213 0.0047635 0.1538449 0.1271678 0.0607053 0.0136422 0.0153247 0.0045915 0.0837317 0.0818892 0.0008979 0.0030320 0.1538795
