   94         A         R         N         D         C         Q         E         G         H         I         L         K         M         F         P         S         T         W         Y         V         X    
  1 G   1 0.0144745 0.0000000 0.0000000 0.0000000 0.0000000 0.0000000 0.0000000 0.1302714 0.0000000 0.0000000 0.0000000 0.0000000 0.0000000 0.0000000 0.0000000 0.0000000 0.0000000 0.0000000 0.0000000 0.0000000 0.8552541
  2 S   2 0.0034853 0.0008631 0.0014484 0.0031587 0.3356021 0.0006810 0.0010224 0.0015585 0.0017896 0.0000000 0.0022351 0.0030845 0.0000000 0.0009968 0.0024671 0.0506216 0.0204740 0.0000000 0.0036451 0.0011697 0.5656972
  3 P   3 0.0393428 0.0106130 0.0231637 0.0611385 0.0000000 0.0127434 0.0322556 0.0188766 0.0073454 0.0023887 0.0086437 0.0170018 0.0034262 0.0022391 0.1490951 0.0322810 0.0462974 0.0000000 0.0018212 0.0140717 0.5172551
  4 V   4 0.0420425 0.0206465 0.0388863 0.0190765 0.0010965 0.0213697 0.0651708 0.0134153 0.0152267 0.0067799 0.0184270 0.0311083 0.0071343 0.0125110 0.1013018 0.0441513 0.0459301 0.0007042 0.0203483 0.0362095 0.4384633
  5 L   5 0.0160783 0.1168451 0.0184129 0.0073906 0.0045168 0.0268550 0.0154567 0.0105682 0.0274317 0.0263630 0.0347467 0.0317736 0.0085564 0.0155723 0.0818211 0.0457181 0.0434775 0.0033738 0.0072876 0.0597030 0.3980516
  6 T   6 0.0277154 0.0178285 0.0714789 0.0167338 0.0111149 0.0311760 0.0356054 0.0195893 0.0079422 0.0041424 0.0085565 0.0325297 0.0077706 0.0028489 0.0576794 0.0756785 0.2182465 0.0016849 0.0052677 0.0256776 0.3207328
  7 C   7 0.0015237 0.0000000 0.0000000 0.0015245 0.8144762 0.0000000 0.0043157 0.0022522 0.0000000 0.0000000 0.0012059 0.0000000 0.0000000 0.0000000 0.0030389 0.0014108 0.0019901 0.0000000 0.0000000 0.0000000 0.1682619
  8 G   8 0.0536242 0.0647579 0.0325116 0.0567789 0.0037714 0.0485023 0.0488895 0.0796980 0.0174610 0.0022641 0.0440143 0.0320162 0.0064610 0.0139520 0.1189358 0.1459914 0.0618609 0.0017427 0.0043849 0.0063366 0.1560454
  9 P   9 0.0874517 0.0230259 0.0165579 0.0546686 0.0049232 0.0197292 0.1147435 0.0318577 0.0106323 0.0129562 0.0246783 0.0338539 0.0039315 0.0068585 0.2187169 0.1161482 0.0337078 0.0034483 0.0103725 0.0260375 0.1457004
 10 A  10 0.0219058 0.0157858 0.1386905 0.1794562 0.0031092 0.0100724 0.0394332 0.1604824 0.0416420 0.0017773 0.0120266 0.0161120 0.0053960 0.0158603 0.0079760 0.0992371 0.0628071 0.0113488 0.0211911 0.0041756 0.1315147
 11 S  11 0.0167981 0.0186192 0.0134197 0.0345046 0.0007829 0.2372867 0.2946545 0.0076220 0.0439971 0.0008526 0.0124860 0.0315933 0.0290834 0.0180620 0.0008210 0.0363903 0.0314493 0.0069635 0.0283800 0.0028849 0.1333488
 12 F  12 0.0094638 0.0144212 0.0007334 0.0011997 0.0000000 0.0013646 0.0008851 0.0000000 0.0206972 0.0176397 0.0223118 0.0095268 0.0119134 0.6804567 0.0000000 0.0022841 0.0037796 0.0247363 0.0532941 0.0146569 0.1106356
 13 Q  13 0.0550770 0.1840659 0.0057216 0.0104721 0.0028007 0.1905822 0.0383404 0.0041632 0.0263852 0.0073427 0.0373720 0.0849343 0.0233113 0.0074656 0.0323113 0.0456189 0.1122234 0.0007084 0.0100007 0.0172119 0.1038914
 14 C  14 0.0000000 0.0000000 0.0000000 0.0000000 0.8943499 0.0000000 0.0000000 0.0000000 0.0000000 0.0000000 0.0000000 0.0028007 0.0000000 0.0000000 0.0000000 0.0028352 0.0000000 0.0000000 0.0000000 0.0032202 0.0967941
 15 N  15 0.1028423 0.0840802 0.0899830 0.1041581 0.0034758 0.0333621 0.0243711 0.1222317 0.0280099 0.0065536 0.0204101 0.0697569 0.0073363 0.0048683 0.0360164 0.0978337 0.0373231 0.0020182 0.0067111 0.0151590 0.1034988
 16 S  16 0.0047966 0.0041134 0.3755537 0.1694536 0.0009636 0.0087676 0.0128956 0.0227586 0.0051079 0.0027863 0.0069232 0.0077454 0.0015257 0.0070644 0.0033210 0.1968961 0.0519423 0.0000000 0.0164178 0.0050982 0.0958690
 17 S  17 0.0084955 0.0301942 0.0459569 0.0172897 0.0016197 0.0184537 0.0110240 0.5671611 0.0311823 0.0029153 0.0091400 0.0356397 0.0045591 0.0048660 0.0042152 0.0656863 0.0370156 0.0006147 0.0056243 0.0011118 0.0972352
 18 T  18 0.0269671 0.2081124 0.0353774 0.0249874 0.0010796 0.0979859 0.0801692 0.0220546 0.0581179 0.0149634 0.0476397 0.1241233 0.0074789 0.0095594 0.0047991 0.0409020 0.0603126 0.0042744 0.0121886 0.0273847 0.0915223
 19 C  19 0.0013923 0.0023468 0.0000000 0.0000000 0.8851883 0.0011982 0.0033834 0.0000000 0.0000000 0.0034560 0.0000000 0.0021442 0.0000000 0.0019865 0.0008609 0.0021051 0.0053582 0.0000000 0.0020506 0.0020930 0.0864364
 20 I  20 0.0040588 0.0024305 0.0000000 0.0011166 0.0000000 0.0013331 0.0000000 0.0009538 0.0000000 0.6124678 0.0791620 0.0083369 0.0055402 0.0058997 0.0024324 0.0030661 0.0087276 0.0000000 0.0232643 0.1534943 0.0877159
 21 P  21 0.0466245 0.0239709 0.0386947 0.0587923 0.0046989 0.0307404 0.0306350 0.0132146 0.0289395 0.0040327 0.0361617 0.0101638 0.0073912 0.0117729 0.4119493 0.1164389 0.0203685 0.0021096 0.0134447 0.0032528 0.0866032
 22 Q  22 0.0727077 0.0923567 0.0449636 0.0311310 0.0025194 0.0633261 0.0786552 0.0579536 0.0175603 0.0347295 0.0830129 0.1140679 0.0355514 0.0155044 0.0296796 0.0824710 0.0128311 0.0071830 0.0187861 0.0188434 0.0861661
 23 L  23 0.0742885 0.0869911 0.0406225 0.0554789 0.0017314 0.0275243 0.0662441 0.0262555 0.0402506 0.0242799 0.0279555 0.0383925 0.0116791 0.0226363 0.0062176 0.2223985 0.0669137 0.0159735 0.0402760 0.0218003 0.0820903
 24 W  24 0.0293238 0.0401043 0.0099757 0.0235175 0.0000000 0.0750318 0.0183359 0.0055844 0.0185448 0.0032864 0.0972951 0.0720518 0.0137210 0.0700914 0.0007477 0.0238475 0.0049910 0.3380014 0.0643142 0.0090953 0.0821391
 25 A  25 0.0145224 0.2199069 0.0024572 0.0016418 0.0006790 0.0504938 0.0138143 0.0011763 0.0288330 0.0522434 0.1126408 0.1016921 0.0208000 0.0211006 0.0046076 0.0045968 0.0278450 0.0125595 0.0177259 0.2088558 0.0818078
 26 C  26 0.0013202 0.0036385 0.0018134 0.0013093 0.8981165 0.0000000 0.0000000 0.0000000 0.0000000 0.0024324 0.0000000 0.0000000 0.0000000 0.0000000 0.0000000 0.0021327 0.0000000 0.0018640 0.0011996 0.0000000 0.0861734
 27 D  27 0.0000000 0.0014387 0.1514898 0.7284177 0.0000000 0.0016551 0.0046389 0.0020926 0.0013309 0.0016864 0.0017948 0.0028710 0.0000000 0.0008935 0.0000000 0.0105721 0.0011573 0.0000000 0.0000000 0.0015663 0.0883950
 28 N  28 0.0151353 0.0410777 0.0361099 0.0140792 0.0036278 0.0193398 0.0140286 0.6170818 0.0308660 0.0026289 0.0136133 0.0190847 0.0077521 0.0171227 0.0000000 0.0260138 0.0097876 0.0020837 0.0182923 0.0059171 0.0863577
 29 D  29 0.0185375 0.0518566 0.0257979 0.1600725 0.0007171 0.0604788 0.1352601 0.0040821 0.0496201 0.0797004 0.0220402 0.0529847 0.0128876 0.0337997 0.0005935 0.0193343 0.0350742 0.0086594 0.0515492 0.0959108 0.0810434
 30 P  30 0.0676093 0.0516373 0.1692099 0.1367882 0.0103359 0.0316777 0.0310981 0.0052564 0.0171993 0.0352253 0.0206287 0.0630425 0.0066683 0.0181819 0.1068167 0.0385032 0.0276155 0.0084384 0.0208742 0.0535272 0.0796660
 31 D  31 0.0033640 0.0049866 0.0324772 0.7594469 0.0009716 0.0223597 0.0420395 0.0033953 0.0337325 0.0007250 0.0021768 0.0015910 0.0024324 0.0018951 0.0000000 0.0047794 0.0018664 0.0000000 0.0054837 0.0006886 0.0755886
 32 C  32 0.0019401 0.0008300 0.0022258 0.0019269 0.9090705 0.0000000 0.0000000 0.0012867 0.0000000 0.0009489 0.0012090 0.0016418 0.0000000 0.0042100 0.0000000 0.0033606 0.0000000 0.0000000 0.0016177 0.0009453 0.0687868
 33 E  33 0.0706833 0.0453980 0.0203227 0.0416388 0.0010361 0.0303090 0.0601903 0.2081108 0.0192191 0.0161883 0.0464916 0.0418880 0.0112449 0.0122534 0.1482964 0.0923881 0.0270911 0.0033934 0.0124968 0.0266891 0.0646706
 34 D  34 0.0045135 0.0052950 0.0559853 0.7512786 0.0047810 0.0099667 0.0107762 0.0236970 0.0092294 0.0027786 0.0073556 0.0046800 0.0019844 0.0043912 0.0035740 0.0211603 0.0059868 0.0008941 0.0079640 0.0021323 0.0615757
 35 G  35 0.0430989 0.0311151 0.1189950 0.0316064 0.0061849 0.0214443 0.0174547 0.4890731 0.0331608 0.0006338 0.0123475 0.0269130 0.0217063 0.0130374 0.0019303 0.0321918 0.0030445 0.0120525 0.0234712 0.0036714 0.0568671
 36 S  36 0.0413110 0.0110487 0.0060488 0.0351638 0.0080660 0.0114807 0.0786234 0.0177714 0.0015190 0.0076620 0.0137810 0.0098245 0.0102213 0.0099734 0.0039232 0.6132153 0.0564591 0.0018810 0.0115600 0.0042082 0.0462582
 37 D  37 0.0038665 0.0029087 0.0046064 0.8614221 0.0098053 0.0062202 0.0133776 0.0099396 0.0032580 0.0056692 0.0028633 0.0037532 0.0000000 0.0015875 0.0033964 0.0089063 0.0027168 0.0000000 0.0010328 0.0058310 0.0488390
 38 E  38 0.0053638 0.0045776 0.0036156 0.0241583 0.0114342 0.0078309 0.8376497 0.0024402 0.0009302 0.0036926 0.0084651 0.0037457 0.0044935 0.0021544 0.0054668 0.0097472 0.0052208 0.0006604 0.0036789 0.0035548 0.0511194
 39 W  39 0.0392762 0.0237837 0.0212235 0.0580811 0.0153464 0.0287129 0.0460683 0.0137694 0.0118659 0.0238304 0.0429321 0.0353054 0.0210684 0.0115673 0.0209940 0.0295218 0.0279166 0.0112399 0.0153670 0.0298888 0.4722409
 40 P  40 0.0261061 0.0113638 0.0959969 0.0735224 0.0147525 0.0152786 0.0306804 0.0864102 0.0240874 0.0101792 0.0177106 0.0121999 0.0042288 0.0129994 0.0408921 0.0248247 0.0117448 0.0025566 0.0148589 0.0123501 0.4572566
 41 Q  41 0.0168747 0.0149578 0.0114726 0.0254437 0.2911188 0.0089425 0.0307658 0.0265027 0.0171392 0.0084179 0.0157169 0.0066663 0.0044846 0.0080094 0.0086773 0.0272067 0.0133770 0.0013430 0.0066993 0.0075445 0.4486392
 42 R  42 0.0253440 0.0204561 0.0352421 0.0390993 0.0453321 0.0178445 0.0483589 0.0402067 0.0265106 0.0228653 0.0363605 0.0176603 0.0171919 0.0129974 0.0434649 0.0327074 0.0440696 0.0070233 0.0130146 0.0240094 0.4302411
 43 C  43 0.0259390 0.0162797 0.0383256 0.0355197 0.1233291 0.0233818 0.0364837 0.0321667 0.0113252 0.0181406 0.0252055 0.0185327 0.0081845 0.0095897 0.0359340 0.0458333 0.0432569 0.0012961 0.0271706 0.0117305 0.4123751
 44 R  44 0.0306317 0.0300760 0.0375155 0.0353011 0.0665075 0.0194842 0.0352098 0.0283485 0.0216472 0.0170880 0.0314392 0.0249018 0.0139431 0.0174876 0.0551261 0.0465505 0.0517216 0.0055898 0.0136548 0.0332020 0.3845741
 45 G  45 0.0388352 0.0310406 0.0473534 0.0470017 0.0538913 0.0280476 0.0435078 0.0380574 0.0174793 0.0164130 0.0258231 0.0379814 0.0091873 0.0095251 0.0461222 0.0549370 0.0546227 0.0052740 0.0138543 0.0213484 0.3596972
 46 L  46 0.0312773 0.0397938 0.0429816 0.0512696 0.0880892 0.0288788 0.0523337 0.0203334 0.0227007 0.0136163 0.0258326 0.0336765 0.0080043 0.0192858 0.0484646 0.0477304 0.0429009 0.0047385 0.0165262 0.0249709 0.3365948
 47 Y  47 0.0462858 0.0346430 0.0480261 0.0590691 0.0634083 0.0250710 0.0489523 0.0369181 0.0323707 0.0128800 0.0383080 0.0281487 0.0135317 0.0214416 0.0505746 0.0592238 0.0589080 0.0033955 0.0209567 0.0258482 0.2720386
 48 V  48 0.0301163 0.0276808 0.0498615 0.0481624 0.0882519 0.0382945 0.0572869 0.0323055 0.0276758 0.0173983 0.0414719 0.0337073 0.0155059 0.0155170 0.0681100 0.0600456 0.0672116 0.0062883 0.0157945 0.0234510 0.2358630
 49 F  49 0.0454884 0.0407347 0.0434957 0.0592741 0.1190915 0.0404312 0.0566456 0.0353301 0.0262740 0.0285821 0.0370800 0.0457326 0.0139509 0.0191806 0.0827229 0.0555642 0.0543357 0.0067366 0.0160138 0.0209146 0.1524207
 50 Q  50 0.0360433 0.0374266 0.0851350 0.0543185 0.0796324 0.0297876 0.0510563 0.0593555 0.0344508 0.0218818 0.0303997 0.0375844 0.0101791 0.0242063 0.0810674 0.0608189 0.0640648 0.0030722 0.0306633 0.0353138 0.1335423
 51 G  51 0.0457000 0.0422069 0.0443046 0.0447113 0.2208850 0.0373778 0.0388711 0.0509103 0.0195491 0.0100223 0.0346442 0.0405047 0.0084621 0.0238853 0.0672141 0.0548882 0.0537698 0.0077050 0.0147721 0.0259576 0.1136584
 52 D  52 0.0554128 0.0357208 0.0622447 0.0510218 0.0855695 0.0461906 0.0775488 0.0634173 0.0221665 0.0191189 0.0347810 0.0350109 0.0097839 0.0255674 0.0824742 0.0608785 0.0686797 0.0039387 0.0198923 0.0323147 0.1082667
 53 S  53 0.0467000 0.0490337 0.0570656 0.0314836 0.0663453 0.0439255 0.0596627 0.0637382 0.0347743 0.0174243 0.0328514 0.0489861 0.0165110 0.0234023 0.0968708 0.0630888 0.0581146 0.0117981 0.0285447 0.0345512 0.1151279
 54 S  54 0.0371394 0.0844528 0.0486682 0.0241211 0.0510847 0.0474632 0.0326643 0.0350533 0.0566538 0.0373603 0.0307445 0.0507807 0.0085446 0.0560182 0.0819108 0.0592714 0.0582438 0.0066344 0.0162298 0.0513994 0.1255611
 55 P  55 0.0350538 0.0487802 0.0499540 0.0299392 0.0309438 0.0439166 0.0521319 0.0325972 0.0280631 0.0181861 0.0247424 0.0537115 0.0108011 0.0250993 0.0690534 0.0702329 0.1631276 0.0076518 0.0167593 0.0466126 0.1426422
 56 C  56 0.0066220 0.0014238 0.0044031 0.0061789 0.7487860 0.0006288 0.0038336 0.0091322 0.0016180 0.0050503 0.0051107 0.0023400 0.0023348 0.0080853 0.0101704 0.0049474 0.0126148 0.0006840 0.0016284 0.0041397 0.1602680
 57 S  57 0.0583936 0.0751863 0.0404118 0.0383701 0.0082948 0.0495903 0.0512143 0.0781159 0.0156993 0.0039231 0.0387258 0.0361389 0.0039591 0.0092001 0.1461209 0.1493771 0.0631948 0.0028869 0.0096986 0.0084795 0.1130189
 58 A  58 0.0891963 0.0240718 0.0398121 0.0656157 0.0128263 0.0210235 0.1009616 0.0397993 0.0166431 0.0112480 0.0177945 0.0384353 0.0041041 0.0116386 0.1904975 0.1152248 0.0298481 0.0059308 0.0121404 0.0276299 0.1255583
 59 F  59 0.0149778 0.0128237 0.1497096 0.1721063 0.0062092 0.0192007 0.0386587 0.1445172 0.0363689 0.0024025 0.0199887 0.0178835 0.0054096 0.0370361 0.0081494 0.0929963 0.0608655 0.0108812 0.0327325 0.0090033 0.1080793
 60 E  60 0.0221766 0.0209063 0.0177534 0.0271026 0.0058856 0.2331688 0.2830643 0.0277732 0.0371349 0.0039447 0.0197873 0.0376390 0.0179237 0.0236833 0.0070347 0.0306138 0.0388237 0.0032564 0.0286763 0.0062987 0.1073529
 61 F  61 0.0118177 0.0135181 0.0078536 0.0031508 0.0321444 0.0048674 0.0044407 0.0092501 0.0204310 0.0181586 0.0410425 0.0125795 0.0144805 0.5903322 0.0083060 0.0072763 0.0034098 0.0192459 0.0643658 0.0129378 0.1003915
 62 H  62 0.0490385 0.1885902 0.0055616 0.0081433 0.0637454 0.1483437 0.0463906 0.0091199 0.0365970 0.0055394 0.0433196 0.0812637 0.0209142 0.0083839 0.0205885 0.0342268 0.1060358 0.0034888 0.0107182 0.0146714 0.0953196
 63 C  63 0.0112561 0.0040308 0.0133581 0.0140863 0.7491551 0.0041992 0.0108374 0.0197629 0.0027924 0.0024816 0.0088534 0.0233474 0.0014921 0.0041969 0.0166168 0.0176972 0.0076682 0.0039441 0.0038785 0.0069514 0.0733942
 64 L  64 0.0900702 0.0673429 0.0863060 0.1249665 0.0056912 0.0352394 0.0260668 0.1255273 0.0290308 0.0036963 0.0262104 0.0666045 0.0085172 0.0159056 0.0522181 0.1014351 0.0426327 0.0058494 0.0065605 0.0123990 0.0677302
 65 S  65 0.0091176 0.0151069 0.3494731 0.1467169 0.0011701 0.0070370 0.0175479 0.0219312 0.0149954 0.0123022 0.0111824 0.0225976 0.0024037 0.0042461 0.0117523 0.1827763 0.0801446 0.0000000 0.0222218 0.0099866 0.0572902
 66 G  66 0.0171406 0.0445541 0.0563258 0.0212216 0.0133180 0.0158243 0.0154891 0.5467897 0.0258321 0.0058851 0.0067181 0.0447920 0.0014183 0.0066082 0.0036586 0.0609273 0.0329115 0.0006779 0.0103902 0.0040475 0.0654701
 67 E  67 0.0387042 0.2276755 0.0336950 0.0213275 0.0016731 0.1018955 0.0868415 0.0211700 0.0498006 0.0247066 0.0478960 0.1064223 0.0127592 0.0135818 0.0070604 0.0552451 0.0488492 0.0013166 0.0175749 0.0369564 0.0448486
 68 C  68 0.0009113 0.0015428 0.0017390 0.0009460 0.9309858 0.0031030 0.0009200 0.0000000 0.0009700 0.0022807 0.0028262 0.0024519 0.0010835 0.0008819 0.0000000 0.0016666 0.0037995 0.0007489 0.0013843 0.0009152 0.0408434
 69 I  69 0.0045980 0.0101778 0.0000000 0.0010523 0.0009069 0.0010410 0.0019677 0.0018218 0.0010662 0.6231784 0.0918134 0.0082576 0.0078298 0.0091791 0.0000000 0.0000000 0.0087267 0.0000000 0.0246080 0.1630513 0.0407239
 70 H  70 0.0505991 0.0230817 0.0501977 0.0653850 0.0021932 0.0265457 0.0282945 0.0121132 0.0396918 0.0051634 0.0422754 0.0119534 0.0071866 0.0120663 0.4109686 0.1346911 0.0167882 0.0024612 0.0122892 0.0062293 0.0398254
 71 S  71 0.0731435 0.0905925 0.0435061 0.0281705 0.0018376 0.0550665 0.0640117 0.0618199 0.0184317 0.0431488 0.1035980 0.1337444 0.0306823 0.0130235 0.0359658 0.0871282 0.0208441 0.0107134 0.0199268 0.0251418 0.0395028
 72 S  72 0.0858255 0.0717683 0.0481781 0.0656620 0.0005765 0.0361427 0.0669918 0.0278013 0.0504175 0.0211571 0.0255591 0.0372212 0.0078102 0.0228248 0.0056844 0.2341726 0.0729742 0.0188301 0.0356747 0.0245521 0.0401756
 73 W  73 0.0308011 0.0425421 0.0144757 0.0223060 0.0000000 0.0796496 0.0213555 0.0036727 0.0230974 0.0070978 0.0953823 0.0968313 0.0133443 0.0748925 0.0048052 0.0243974 0.0082169 0.3263939 0.0540620 0.0152559 0.0414205
 74 R  74 0.0111490 0.2260165 0.0015964 0.0008339 0.0008175 0.0575270 0.0168283 0.0011110 0.0352405 0.0576457 0.1241709 0.1013682 0.0161061 0.0189813 0.0039249 0.0037693 0.0186515 0.0123842 0.0120580 0.2423933 0.0374264
 75 C  75 0.0000000 0.0000000 0.0080330 0.0000000 0.9446276 0.0018054 0.0000000 0.0000000 0.0000000 0.0000000 0.0032460 0.0017901 0.0032001 0.0000000 0.0000000 0.0000000 0.0000000 0.0000000 0.0000000 0.0000000 0.0372977
 76 D  76 0.0000000 0.0012913 0.1458533 0.7905790 0.0000000 0.0013536 0.0019339 0.0018672 0.0000000 0.0012714 0.0000000 0.0011434 0.0011970 0.0000000 0.0000000 0.0111029 0.0000000 0.0000000 0.0000000 0.0035951 0.0388119
 77 G  77 0.0086556 0.0308170 0.0397823 0.0317270 0.0008844 0.0167280 0.0140852 0.6678611 0.0312602 0.0005953 0.0095979 0.0280233 0.0071174 0.0134611 0.0007475 0.0302826 0.0093595 0.0012964 0.0116238 0.0053220 0.0407726
 78 G  78 0.0206940 0.0540164 0.0309571 0.1545862 0.0006910 0.0615004 0.1329079 0.0049203 0.0557227 0.0863178 0.0154489 0.0682953 0.0110275 0.0352565 0.0010205 0.0225605 0.0423976 0.0077577 0.0534600 0.0996889 0.0407726
 79 P  79 0.0656312 0.0622424 0.1720884 0.1520192 0.0027081 0.0310696 0.0388202 0.0029450 0.0141510 0.0321435 0.0236320 0.0693536 0.0121487 0.0224069 0.0999269 0.0465717 0.0279766 0.0035661 0.0283584 0.0515203 0.0407201
 80 D  80 0.0018076 0.0012487 0.0438183 0.7870859 0.0000000 0.0228290 0.0371037 0.0076435 0.0358953 0.0007713 0.0000000 0.0014191 0.0000000 0.0009929 0.0000000 0.0049604 0.0073397 0.0000000 0.0038732 0.0008157 0.0423955
 81 C  81 0.0019404 0.0018631 0.0000000 0.0000000 0.9510059 0.0000000 0.0000000 0.0000000 0.0000000 0.0000000 0.0000000 0.0000000 0.0000000 0.0018589 0.0000000 0.0000000 0.0000000 0.0000000 0.0022846 0.0000000 0.0410471
 82 K  82 0.0760522 0.0536726 0.0216209 0.0330782 0.0015911 0.0339875 0.0611634 0.2136279 0.0192963 0.0233550 0.0565825 0.0408699 0.0097306 0.0139467 0.1291125 0.0990085 0.0242498 0.0038221 0.0126755 0.0283079 0.0442488
 83 D  83 0.0038579 0.0032607 0.0523787 0.8014796 0.0000000 0.0041252 0.0073413 0.0261930 0.0056207 0.0007902 0.0081916 0.0027942 0.0019474 0.0063708 0.0007943 0.0112863 0.0048182 0.0018214 0.0061227 0.0000000 0.0508061
 84 K  84 0.0400252 0.0365569 0.1136683 0.0168919 0.0027081 0.0273575 0.0154799 0.4755106 0.0368132 0.0008091 0.0185244 0.0320970 0.0227838 0.0184344 0.0005777 0.0338432 0.0038235 0.0169362 0.0197786 0.0013699 0.0660105
 85 S  85 0.0315506 0.0077172 0.0028789 0.0175166 0.0018640 0.0103806 0.0772091 0.0077830 0.0016305 0.0020592 0.0061163 0.0069101 0.0038496 0.0084528 0.0000000 0.6749259 0.0636999 0.0019505 0.0047950 0.0022558 0.0664544
 86 D  86 0.0000000 0.0000000 0.0026285 0.9237334 0.0000000 0.0000000 0.0026559 0.0020675 0.0034538 0.0000000 0.0000000 0.0000000 0.0000000 0.0000000 0.0000000 0.0000000 0.0000000 0.0000000 0.0000000 0.0000000 0.0654609
 87 E  87 0.0000000 0.0000000 0.0000000 0.0016186 0.0000000 0.0059878 0.9182197 0.0000000 0.0000000 0.0000000 0.0034538 0.0017196 0.0000000 0.0000000 0.0000000 0.0000000 0.0000000 0.0000000 0.0000000 0.0019838 0.0670167
 88 E  88 0.0980350 0.0689746 0.0187748 0.0615032 0.0009665 0.0650600 0.1035679 0.0064827 0.0213122 0.0456491 0.0872884 0.0661031 0.0245297 0.0164485 0.0029991 0.0380839 0.0362516 0.0107118 0.0140556 0.0422423 0.1709596
 89 N  89 0.0154650 0.0135611 0.2673084 0.1422481 0.0022083 0.0200309 0.0292573 0.1409697 0.0489848 0.0041809 0.0080294 0.0114534 0.0052538 0.0045112 0.0042626 0.0376569 0.0111963 0.0000000 0.0107951 0.0030133 0.2196133
 90 C  90 0.0015718 0.0000000 0.0000000 0.0000000 0.7483812 0.0000000 0.0000000 0.0014860 0.0014239 0.0000000 0.0020516 0.0000000 0.0000000 0.0000000 0.0000000 0.0000000 0.0020877 0.0015185 0.0000000 0.0000000 0.2414793
 91 A  91 0.0471487 0.0071262 0.0183363 0.0649366 0.0020516 0.0133954 0.0704793 0.0721720 0.0143618 0.0052396 0.0060719 0.0104330 0.0036986 0.0034298 0.1200073 0.0710116 0.0848233 0.0011386 0.0025846 0.0233793 0.3581747
 92 V  92 0.0523316 0.0103700 0.0584228 0.0046629 0.0525143 0.0073701 0.0148154 0.0084448 0.0068022 0.0093793 0.0168659 0.0142185 0.0059110 0.0033252 0.0312589 0.0308201 0.0724121 0.0028352 0.0321229 0.0333459 0.5317709
 93 A  93 0.0335761 0.0232130 0.0073469 0.0024023 0.0064134 0.0044981 0.0050854 0.0044790 0.0105453 0.0087979 0.0124245 0.0187567 0.0037300 0.0038299 0.0660275 0.0460165 0.0502849 0.0009066 0.0082803 0.0379552 0.6454307
 94 T  94 0.0000000 0.0000000 0.0000000 0.0000000 0.0000000 0.0000000 0.0000000 0.0000000 0.0000000 0.0000000 0.0000000 0.0000000 0.0000000 0.0000000 0.0000000 0.0467317 0.1740827 0.0000000 0.0000000 0.0167059 0.7624797
