   94         A         R         N         D         C         Q         E         G         H         I         L         K         M         F         P         S         T         W         Y         V    
  1 G   1 0.1057586 0.0000000 0.0000000 0.0000000 0.0000000 0.0000000 0.0000000 0.8942414 0.0000000 0.0000000 0.0000000 0.0000000 0.0000000 0.0000000 0.0000000 0.0000000 0.0000000 0.0000000 0.0000000 0.0000000
  2 S   2 0.0080971 0.0020035 0.0032671 0.0074250 0.7736451 0.0015815 0.0023785 0.0035863 0.0041575 0.0000000 0.0051996 0.0071921 0.0000000 0.0018901 0.0056363 0.1160262 0.0466847 0.0000000 0.0085141 0.0027154
  3 P   3 0.0806757 0.0216887 0.0568681 0.1283216 0.0000000 0.0264359 0.0680252 0.0393738 0.0148396 0.0049139 0.0178819 0.0360565 0.0071264 0.0045822 0.2984994 0.0655901 0.0955856 0.0000000 0.0037762 0.0297592
  4 V   4 0.0747088 0.0367798 0.0691152 0.0411274 0.0016487 0.0376252 0.1144220 0.0228263 0.0273023 0.0120586 0.0331546 0.0549447 0.0136958 0.0222262 0.1783768 0.0775263 0.0791810 0.0012682 0.0368174 0.0651949
  5 L   5 0.0261124 0.2002337 0.0299709 0.0117559 0.0076594 0.0441665 0.0255804 0.0171857 0.0461242 0.0443761 0.0575756 0.0536346 0.0149019 0.0259964 0.1330290 0.0740853 0.0715907 0.0054980 0.0119314 0.0985922
  6 T   6 0.0399578 0.0256604 0.1057217 0.0247363 0.0171977 0.0456060 0.0524399 0.0286725 0.0115078 0.0058962 0.0121318 0.0527718 0.0109618 0.0043224 0.0829513 0.1127453 0.3210603 0.0024751 0.0076059 0.0355781
  7 C   7 0.0019322 0.0000000 0.0000000 0.0019399 0.9780864 0.0000000 0.0055716 0.0028212 0.0000000 0.0000000 0.0015508 0.0000000 0.0000000 0.0000000 0.0038013 0.0017971 0.0024995 0.0000000 0.0000000 0.0000000
  8 G   8 0.0625365 0.0753889 0.0384241 0.0716774 0.0046464 0.0570794 0.0579633 0.0940739 0.0215172 0.0025555 0.0511555 0.0371796 0.0075470 0.0170979 0.1408921 0.1740537 0.0716722 0.0020675 0.0049887 0.0074833
  9 P   9 0.1014484 0.0273816 0.0192181 0.0629103 0.0058988 0.0223189 0.1370787 0.0376611 0.0125474 0.0152454 0.0302417 0.0396630 0.0043972 0.0079376 0.2548389 0.1343755 0.0391347 0.0039757 0.0118797 0.0318473
 10 A  10 0.0262044 0.0182159 0.1592606 0.2039022 0.0036615 0.0117752 0.0494966 0.1833145 0.0469623 0.0020400 0.0139128 0.0184647 0.0061069 0.0188568 0.0093128 0.1149182 0.0708105 0.0131092 0.0248281 0.0048470
 11 S  11 0.0193029 0.0226883 0.0149702 0.0404218 0.0009186 0.2684471 0.3415030 0.0087891 0.0510224 0.0010006 0.0142122 0.0366256 0.0354305 0.0208039 0.0009461 0.0417396 0.0367240 0.0081328 0.0331332 0.0031882
 12 F  12 0.0105843 0.0164735 0.0008391 0.0013670 0.0000000 0.0015408 0.0010155 0.0000000 0.0237334 0.0197209 0.0249772 0.0111388 0.0136770 0.7641300 0.0000000 0.0025765 0.0041869 0.0279280 0.0589025 0.0172085
 13 Q  13 0.0618188 0.2028296 0.0063783 0.0120059 0.0036301 0.2104037 0.0457880 0.0043397 0.0292994 0.0082848 0.0409071 0.0933701 0.0257249 0.0088351 0.0363137 0.0517845 0.1276159 0.0007904 0.0111833 0.0186967
 14 C  14 0.0000000 0.0000000 0.0000000 0.0000000 0.9886391 0.0000000 0.0000000 0.0000000 0.0000000 0.0000000 0.0000000 0.0036017 0.0000000 0.0000000 0.0000000 0.0036474 0.0000000 0.0000000 0.0000000 0.0041119
 15 N  15 0.1149259 0.0940538 0.0996030 0.1161761 0.0044327 0.0370713 0.0269680 0.1360045 0.0308643 0.0073193 0.0225330 0.0776762 0.0084042 0.0052527 0.0411403 0.1068460 0.0455379 0.0016167 0.0078533 0.0157208
 16 S  16 0.0093361 0.0042802 0.4130037 0.1878765 0.0010865 0.0099992 0.0144008 0.0254173 0.0054903 0.0030480 0.0078052 0.0085970 0.0016808 0.0080118 0.0036965 0.2164829 0.0561239 0.0000000 0.0181185 0.0055449
 17 S  17 0.0094135 0.0332480 0.0553492 0.0188129 0.0018170 0.0204867 0.0122022 0.6251522 0.0349242 0.0032356 0.0100653 0.0382496 0.0055709 0.0053222 0.0047196 0.0730953 0.0402713 0.0006911 0.0061470 0.0012264
 18 T  18 0.0286559 0.2280845 0.0376776 0.0260917 0.0011128 0.1120360 0.0893102 0.0230513 0.0639020 0.0163496 0.0530620 0.1370904 0.0081189 0.0104415 0.0052246 0.0440744 0.0669329 0.0048770 0.0131658 0.0307411
 19 C  19 0.0015631 0.0025945 0.0000000 0.0000000 0.9682050 0.0013495 0.0038072 0.0000000 0.0000000 0.0039937 0.0000000 0.0024021 0.0000000 0.0022176 0.0009743 0.0023441 0.0059781 0.0000000 0.0022629 0.0023079
 20 I  20 0.0048294 0.0026489 0.0000000 0.0012254 0.0000000 0.0014442 0.0000000 0.0010588 0.0000000 0.6686807 0.0862117 0.0096252 0.0066009 0.0064025 0.0027900 0.0034715 0.0096192 0.0000000 0.0261756 0.1692160
 21 P  21 0.0510670 0.0262835 0.0435712 0.0628117 0.0052344 0.0345486 0.0339731 0.0140285 0.0320007 0.0044012 0.0393269 0.0114526 0.0083391 0.0126450 0.4510228 0.1263298 0.0219213 0.0023093 0.0154894 0.0032438
 22 Q  22 0.0783214 0.1015612 0.0492167 0.0334187 0.0028110 0.0682349 0.0875871 0.0635807 0.0190308 0.0374143 0.0897700 0.1271371 0.0388255 0.0184418 0.0329760 0.0900981 0.0131672 0.0077289 0.0206375 0.0200412
 23 L  23 0.0812564 0.0941920 0.0443292 0.0585353 0.0019535 0.0305092 0.0709249 0.0288259 0.0441144 0.0267152 0.0301262 0.0464333 0.0124702 0.0254280 0.0067302 0.2403125 0.0722012 0.0174869 0.0439850 0.0234706
 24 W  24 0.0316458 0.0423210 0.0108107 0.0259906 0.0000000 0.0817147 0.0204013 0.0060762 0.0200863 0.0035753 0.1075158 0.0768050 0.0140811 0.0739329 0.0008257 0.0253302 0.0053191 0.3744722 0.0693006 0.0097955
 25 A  25 0.0164575 0.2385243 0.0027168 0.0018419 0.0007475 0.0540705 0.0149811 0.0012929 0.0299612 0.0567610 0.1273188 0.1113082 0.0232132 0.0232900 0.0050924 0.0049528 0.0320388 0.0139613 0.0188075 0.2226623
 26 C  26 0.0015338 0.0042507 0.0020745 0.0015255 0.9818604 0.0000000 0.0000000 0.0000000 0.0000000 0.0027855 0.0000000 0.0000000 0.0000000 0.0000000 0.0000000 0.0024252 0.0000000 0.0021484 0.0013959 0.0000000
 27 D  27 0.0000000 0.0016407 0.1644728 0.7996410 0.0000000 0.0018456 0.0051930 0.0023389 0.0014600 0.0018996 0.0019700 0.0032246 0.0000000 0.0010017 0.0000000 0.0122947 0.0013048 0.0000000 0.0000000 0.0017126
 28 N  28 0.0170710 0.0445948 0.0398558 0.0151740 0.0040180 0.0212789 0.0140366 0.6801013 0.0328696 0.0028716 0.0147164 0.0193800 0.0080889 0.0178381 0.0000000 0.0286911 0.0105164 0.0023460 0.0200798 0.0064718
 29 D  29 0.0195103 0.0549744 0.0276404 0.1789711 0.0007764 0.0646752 0.1467803 0.0043726 0.0541815 0.0867301 0.0247366 0.0578691 0.0138152 0.0363374 0.0006512 0.0211939 0.0372378 0.0091398 0.0556872 0.1047194
 30 P  30 0.0746399 0.0552016 0.1822398 0.1485754 0.0113326 0.0337630 0.0333693 0.0056737 0.0188824 0.0380291 0.0225155 0.0679271 0.0070054 0.0193137 0.1202233 0.0420163 0.0292809 0.0096534 0.0220671 0.0582907
 31 D  31 0.0034045 0.0051816 0.0346629 0.8188540 0.0010570 0.0239521 0.0463419 0.0037368 0.0385701 0.0006950 0.0023803 0.0017947 0.0027548 0.0020538 0.0000000 0.0051643 0.0020539 0.0000000 0.0065738 0.0007685
 32 C  32 0.0021548 0.0009212 0.0023304 0.0021056 0.9758399 0.0000000 0.0000000 0.0013998 0.0000000 0.0010477 0.0012877 0.0018185 0.0000000 0.0046196 0.0000000 0.0036322 0.0000000 0.0000000 0.0018163 0.0010263
 33 E  33 0.0749575 0.0480396 0.0216488 0.0440594 0.0009667 0.0322030 0.0646648 0.2209478 0.0207607 0.0173408 0.0503696 0.0464833 0.0118811 0.0131629 0.1562040 0.0971314 0.0291847 0.0036435 0.0131270 0.0332234
 34 D  34 0.0046094 0.0055319 0.0593101 0.8023099 0.0048926 0.0103177 0.0114877 0.0245324 0.0102355 0.0028824 0.0077096 0.0050468 0.0021424 0.0045258 0.0038327 0.0230506 0.0064391 0.0009313 0.0079520 0.0022602
 35 G  35 0.0459123 0.0315414 0.1244205 0.0332185 0.0062282 0.0224736 0.0183757 0.5217164 0.0343524 0.0006846 0.0125031 0.0304993 0.0228296 0.0143568 0.0020409 0.0340132 0.0031605 0.0126466 0.0250693 0.0039571
 36 S  36 0.0479640 0.0115115 0.0060189 0.0366294 0.0085752 0.0119231 0.0812882 0.0191885 0.0015838 0.0080072 0.0145343 0.0101456 0.0101714 0.0103767 0.0038235 0.6417134 0.0584701 0.0020126 0.0117685 0.0042940
 37 D  37 0.0038470 0.0029974 0.0048493 0.9076345 0.0096046 0.0060511 0.0140300 0.0104083 0.0034660 0.0059609 0.0028567 0.0039197 0.0000000 0.0016825 0.0036244 0.0092144 0.0028397 0.0000000 0.0010766 0.0059368
 38 E  38 0.0054294 0.0045422 0.0034847 0.0248118 0.0120999 0.0085638 0.8853962 0.0025282 0.0009540 0.0038898 0.0084777 0.0037198 0.0046817 0.0022681 0.0055677 0.0102396 0.0052428 0.0006774 0.0037335 0.0036918
 39 W  39 0.0718492 0.0435663 0.0477656 0.1113127 0.0291661 0.0556490 0.0885123 0.0260646 0.0217533 0.0446577 0.0828271 0.0654654 0.0406778 0.0189979 0.0406607 0.0538673 0.0515231 0.0195311 0.0294937 0.0566593
 40 P  40 0.0477103 0.0210061 0.1782938 0.1354962 0.0273622 0.0282161 0.0583242 0.1567062 0.0429205 0.0182683 0.0327709 0.0209697 0.0070378 0.0245214 0.0759515 0.0446838 0.0197602 0.0044032 0.0255902 0.0300077
 41 Q  41 0.0301680 0.0279421 0.0201955 0.0462804 0.5230186 0.0157874 0.0559511 0.0493423 0.0301871 0.0152720 0.0269255 0.0118946 0.0077849 0.0141528 0.0155318 0.0489718 0.0318529 0.0022809 0.0123018 0.0141585
 42 R  42 0.0438791 0.0358398 0.0609331 0.0685274 0.0776021 0.0302626 0.0844535 0.0697124 0.0484334 0.0410141 0.0713079 0.0306553 0.0283349 0.0216521 0.0773468 0.0569348 0.0772288 0.0127187 0.0216905 0.0414730
 43 C  43 0.0433695 0.0268149 0.0624184 0.0610893 0.2129775 0.0397829 0.0628197 0.0531728 0.0253197 0.0301140 0.0421523 0.0310147 0.0134090 0.0156402 0.0590512 0.0775053 0.0738014 0.0021979 0.0466419 0.0207073
 44 R  44 0.0505795 0.0489628 0.0593899 0.0564510 0.1080794 0.0316757 0.0569231 0.0461187 0.0407832 0.0263592 0.0508369 0.0409874 0.0227198 0.0281859 0.0896834 0.0763019 0.0838463 0.0091433 0.0203606 0.0526121
 45 G  45 0.0627721 0.0497980 0.0744039 0.0726522 0.0833199 0.0423771 0.0669506 0.0606911 0.0276061 0.0253870 0.0406744 0.0595202 0.0145072 0.0143820 0.0723351 0.0850629 0.0849813 0.0081690 0.0215906 0.0328193
 46 L  46 0.0466589 0.0600524 0.0651543 0.0775557 0.1353536 0.0427584 0.0788721 0.0298885 0.0338748 0.0208105 0.0396481 0.0500671 0.0113229 0.0297490 0.0726082 0.0731127 0.0643784 0.0068555 0.0253813 0.0358977
 47 Y  47 0.0632721 0.0468123 0.0660130 0.0810861 0.0849016 0.0341677 0.0666891 0.0510892 0.0441377 0.0175306 0.0525736 0.0409311 0.0186141 0.0286033 0.0700549 0.0831279 0.0826932 0.0042129 0.0289412 0.0345485
 48 V  48 0.0382451 0.0354400 0.0642495 0.0621793 0.1164951 0.0520190 0.0740451 0.0415247 0.0365281 0.0233027 0.0545075 0.0454838 0.0199723 0.0197425 0.0915153 0.0785647 0.0865801 0.0084032 0.0201525 0.0310494
 49 F  49 0.0546450 0.0482128 0.0500783 0.0701120 0.1398156 0.0472477 0.0687616 0.0409999 0.0296996 0.0339740 0.0438512 0.0541947 0.0164393 0.0218742 0.0970250 0.0678141 0.0640594 0.0077898 0.0186229 0.0247828
 50 Q  50 0.0408407 0.0441898 0.0990985 0.0628698 0.0923946 0.0334665 0.0580480 0.0676518 0.0390690 0.0252591 0.0349092 0.0430961 0.0111744 0.0285033 0.0933172 0.0710199 0.0746354 0.0033824 0.0371918 0.0398827
 51 G  51 0.0510070 0.0466088 0.0499695 0.0504942 0.2549811 0.0396179 0.0427088 0.0585854 0.0220074 0.0107777 0.0388876 0.0452719 0.0092947 0.0264914 0.0763596 0.0613912 0.0605444 0.0086636 0.0169039 0.0294341
 52 D  52 0.0614958 0.0403941 0.0717497 0.0572071 0.0958121 0.0523167 0.0864090 0.0714765 0.0241770 0.0209701 0.0393329 0.0389499 0.0110623 0.0284360 0.0922598 0.0679359 0.0772836 0.0042355 0.0225408 0.0359553
 53 S  53 0.0540396 0.0552958 0.0633275 0.0357748 0.0750093 0.0488940 0.0677651 0.0726689 0.0394321 0.0193830 0.0366713 0.0555874 0.0183175 0.0263533 0.1099377 0.0731189 0.0649954 0.0128579 0.0312461 0.0393242
 54 S  54 0.0416484 0.0997149 0.0546514 0.0262441 0.0569902 0.0536507 0.0370809 0.0395771 0.0642719 0.0422744 0.0357186 0.0580515 0.0092717 0.0686050 0.0939412 0.0668923 0.0665938 0.0076031 0.0182086 0.0590102
 55 P  55 0.0398442 0.0591681 0.0580881 0.0341731 0.0360070 0.0490097 0.0603912 0.0374243 0.0321594 0.0210944 0.0285287 0.0627093 0.0121183 0.0290476 0.0817890 0.0807910 0.1949653 0.0089311 0.0189389 0.0548213
 56 C  56 0.0068608 0.0017266 0.0050817 0.0073239 0.8928308 0.0007633 0.0046551 0.0110174 0.0018066 0.0061095 0.0058620 0.0028153 0.0026287 0.0094899 0.0127753 0.0057713 0.0149717 0.0007239 0.0018750 0.0049114
 57 S  57 0.0666251 0.0841818 0.0451389 0.0427278 0.0097033 0.0557962 0.0584023 0.0856879 0.0179230 0.0043760 0.0426091 0.0438480 0.0042469 0.0104202 0.1660237 0.1677643 0.0708363 0.0033140 0.0107801 0.0095951
 58 A  58 0.1023647 0.0258935 0.0456404 0.0765936 0.0147601 0.0238729 0.1140711 0.0447615 0.0188169 0.0128891 0.0197879 0.0469464 0.0047358 0.0133965 0.2194371 0.1316106 0.0333520 0.0062246 0.0134548 0.0313905
 59 F  59 0.0179434 0.0144518 0.1676021 0.1908028 0.0071435 0.0224235 0.0428812 0.1590798 0.0418867 0.0026646 0.0225578 0.0192921 0.0061014 0.0424679 0.0092044 0.1037124 0.0708961 0.0123591 0.0364071 0.0101224
 60 E  60 0.0246948 0.0240772 0.0193906 0.0307329 0.0065086 0.2569044 0.3172048 0.0311995 0.0417641 0.0043436 0.0222681 0.0424027 0.0204592 0.0289759 0.0079142 0.0335803 0.0445597 0.0035920 0.0318227 0.0076047
 61 F  61 0.0129277 0.0175117 0.0085697 0.0036045 0.0355029 0.0052994 0.0047276 0.0101950 0.0224628 0.0208202 0.0469429 0.0139621 0.0160526 0.6517181 0.0094691 0.0081540 0.0038326 0.0211888 0.0725878 0.0144705
 62 H  62 0.0537519 0.2091258 0.0060372 0.0089789 0.0715122 0.1634237 0.0518870 0.0103610 0.0404684 0.0062522 0.0472379 0.0899455 0.0228059 0.0095035 0.0240397 0.0381247 0.1150533 0.0041349 0.0117678 0.0155884
 63 C  63 0.0119722 0.0043263 0.0146246 0.0151878 0.8061393 0.0045344 0.0117197 0.0220910 0.0030310 0.0026372 0.0096930 0.0266383 0.0014136 0.0044582 0.0181224 0.0187820 0.0081422 0.0042627 0.0040715 0.0081526
 64 L  64 0.0963727 0.0716506 0.0940247 0.1342128 0.0063300 0.0376842 0.0277217 0.1342278 0.0341129 0.0037326 0.0277218 0.0724066 0.0090727 0.0172553 0.0555015 0.1072118 0.0451835 0.0061296 0.0070747 0.0123725
 65 S  65 0.0097156 0.0160194 0.3725992 0.1551723 0.0011758 0.0072448 0.0181468 0.0228956 0.0163507 0.0136292 0.0115846 0.0246591 0.0025259 0.0044631 0.0125108 0.1922541 0.0843239 0.0000000 0.0236517 0.0110773
 66 G  66 0.0190692 0.0487326 0.0605288 0.0225550 0.0142544 0.0169963 0.0161655 0.5795496 0.0279837 0.0065258 0.0071150 0.0472087 0.0015412 0.0109814 0.0039797 0.0657505 0.0349674 0.0007251 0.0109668 0.0044033
 67 E  67 0.0400050 0.2402683 0.0354322 0.0220818 0.0017894 0.1075230 0.0902159 0.0218360 0.0510654 0.0253562 0.0496881 0.1134914 0.0132521 0.0142864 0.0073658 0.0574239 0.0500460 0.0013227 0.0180890 0.0394615
 68 C  68 0.0008997 0.0015865 0.0018562 0.0009532 0.9705062 0.0032307 0.0009764 0.0000000 0.0010308 0.0024356 0.0029566 0.0025371 0.0011508 0.0009065 0.0000000 0.0017781 0.0039863 0.0007909 0.0014622 0.0009561
 69 I  69 0.0052990 0.0107691 0.0000000 0.0011233 0.0009217 0.0010968 0.0020817 0.0019584 0.0011143 0.6472274 0.0949925 0.0086469 0.0082712 0.0095457 0.0000000 0.0000000 0.0092583 0.0000000 0.0259827 0.1717109
 70 H  70 0.0534732 0.0271942 0.0520145 0.0669282 0.0023418 0.0283501 0.0293087 0.0125714 0.0422847 0.0053146 0.0436983 0.0120719 0.0072688 0.0124589 0.4225043 0.1426258 0.0167933 0.0026172 0.0135495 0.0066306
 71 S  71 0.0746904 0.0942227 0.0470268 0.0288681 0.0019509 0.0570285 0.0655894 0.0654342 0.0195650 0.0456088 0.1055064 0.1412708 0.0319188 0.0134063 0.0383907 0.0898919 0.0215563 0.0112981 0.0213445 0.0254312
 72 S  72 0.0903504 0.0741524 0.0498680 0.0674274 0.0005665 0.0412253 0.0684693 0.0294942 0.0540322 0.0212909 0.0264990 0.0384085 0.0101050 0.0240349 0.0060890 0.2407293 0.0756762 0.0197105 0.0370559 0.0248150
 73 W  73 0.0311192 0.0437165 0.0149533 0.0238135 0.0000000 0.0834132 0.0223733 0.0037990 0.0240692 0.0074765 0.1011555 0.0993937 0.0138894 0.0812554 0.0050452 0.0252932 0.0087468 0.3376487 0.0565655 0.0162729
 74 R  74 0.0114781 0.2314000 0.0016881 0.0008821 0.0008189 0.0594282 0.0172527 0.0011446 0.0412302 0.0609788 0.1299381 0.1022773 0.0163333 0.0193383 0.0040677 0.0039197 0.0187900 0.0145814 0.0124155 0.2520369
 75 C  75 0.0000000 0.0000000 0.0090771 0.0000000 0.9797628 0.0020621 0.0000000 0.0000000 0.0000000 0.0000000 0.0036315 0.0020503 0.0034161 0.0000000 0.0000000 0.0000000 0.0000000 0.0000000 0.0000000 0.0000000
 76 D  76 0.0000000 0.0014004 0.1512004 0.8221611 0.0000000 0.0014693 0.0020095 0.0019279 0.0000000 0.0013570 0.0000000 0.0012237 0.0012999 0.0000000 0.0000000 0.0119259 0.0000000 0.0000000 0.0000000 0.0040250
 77 G  77 0.0087120 0.0317916 0.0408987 0.0331798 0.0009368 0.0171984 0.0142588 0.7003276 0.0328637 0.0006252 0.0099600 0.0289251 0.0071243 0.0131321 0.0007371 0.0307557 0.0092480 0.0013196 0.0123105 0.0056947
 78 G  78 0.0233395 0.0551003 0.0319739 0.1591423 0.0007242 0.0679086 0.1383128 0.0052910 0.0577008 0.0889405 0.0159825 0.0705322 0.0112476 0.0363870 0.0010537 0.0237278 0.0441499 0.0075009 0.0570795 0.1039050
 79 P  79 0.0678519 0.0641265 0.1764723 0.1633621 0.0029128 0.0321578 0.0409540 0.0030200 0.0151162 0.0334482 0.0241789 0.0712303 0.0125004 0.0231053 0.1044821 0.0480957 0.0293645 0.0037208 0.0298382 0.0540621
 80 D  80 0.0016497 0.0013255 0.0455518 0.8213427 0.0000000 0.0242397 0.0370050 0.0086047 0.0383750 0.0008292 0.0000000 0.0015295 0.0000000 0.0010579 0.0000000 0.0051145 0.0082357 0.0000000 0.0042599 0.0008794
 81 C  81 0.0023256 0.0022453 0.0000000 0.0000000 0.9905238 0.0000000 0.0000000 0.0000000 0.0000000 0.0000000 0.0000000 0.0000000 0.0000000 0.0021977 0.0000000 0.0000000 0.0000000 0.0000000 0.0027075 0.0000000
 82 K  82 0.0800379 0.0563887 0.0225996 0.0345238 0.0017965 0.0355379 0.0639141 0.2274633 0.0196444 0.0255273 0.0581941 0.0422188 0.0102490 0.0143621 0.1345357 0.1018897 0.0245410 0.0038557 0.0130437 0.0296768
 83 D  83 0.0040866 0.0038735 0.0553682 0.8429811 0.0000000 0.0042959 0.0077518 0.0275960 0.0061263 0.0008216 0.0090633 0.0030382 0.0019599 0.0066355 0.0008576 0.0117541 0.0051299 0.0019229 0.0067375 0.0000000
 84 K  84 0.0424563 0.0389705 0.1199273 0.0175171 0.0029921 0.0298900 0.0162466 0.5098922 0.0427253 0.0008707 0.0201083 0.0337333 0.0242778 0.0192932 0.0006245 0.0366115 0.0039972 0.0174347 0.0210209 0.0014107
 85 S  85 0.0339295 0.0082495 0.0029939 0.0186575 0.0021044 0.0116498 0.0820506 0.0083347 0.0017368 0.0022006 0.0062972 0.0074948 0.0041433 0.0091750 0.0000000 0.7237009 0.0677144 0.0020943 0.0050895 0.0023835
 86 D  86 0.0000000 0.0000000 0.0031460 0.9869448 0.0000000 0.0000000 0.0031337 0.0025527 0.0042227 0.0000000 0.0000000 0.0000000 0.0000000 0.0000000 0.0000000 0.0000000 0.0000000 0.0000000 0.0000000 0.0000000
 87 E  87 0.0000000 0.0000000 0.0000000 0.0019426 0.0000000 0.0070690 0.9823533 0.0000000 0.0000000 0.0000000 0.0042295 0.0020513 0.0000000 0.0000000 0.0000000 0.0000000 0.0000000 0.0000000 0.0000000 0.0023543
 88 E  88 0.1160024 0.0829191 0.0223902 0.0772703 0.0011761 0.0786146 0.1252825 0.0074116 0.0250726 0.0574739 0.1039234 0.0793591 0.0293022 0.0198220 0.0036421 0.0450379 0.0441269 0.0129391 0.0174136 0.0508202
 89 N  89 0.0194138 0.0173959 0.3387193 0.1822889 0.0025726 0.0254456 0.0373942 0.1850340 0.0622799 0.0052987 0.0101579 0.0144761 0.0066008 0.0054097 0.0082100 0.0479210 0.0140121 0.0000000 0.0135558 0.0038136
 90 C  90 0.0022659 0.0000000 0.0000000 0.0000000 0.9855818 0.0000000 0.0000000 0.0021044 0.0020549 0.0000000 0.0029083 0.0000000 0.0000000 0.0000000 0.0000000 0.0000000 0.0029146 0.0021699 0.0000000 0.0000000
 91 A  91 0.0724051 0.0109526 0.0281959 0.1007786 0.0034436 0.0213571 0.1098676 0.1122990 0.0230288 0.0081928 0.0103154 0.0159882 0.0052554 0.0051904 0.1903134 0.1089652 0.1331155 0.0017234 0.0039854 0.0346265
 92 V  92 0.1105900 0.0216527 0.1253528 0.0099438 0.1107077 0.0158258 0.0319660 0.0184011 0.0148249 0.0202628 0.0364226 0.0284851 0.0128339 0.0071149 0.0681390 0.0663037 0.1562055 0.0070919 0.0672702 0.0706057
 93 A  93 0.0952004 0.0666684 0.0206796 0.0068161 0.0172741 0.0125756 0.0147566 0.0127921 0.0296489 0.0250816 0.0351471 0.0531721 0.0105091 0.0105944 0.1836989 0.1313499 0.1412282 0.0026055 0.0235167 0.1066846
 94 T  94 0.0000000 0.0000000 0.0000000 0.0000000 0.0000000 0.0000000 0.0000000 0.0000000 0.0000000 0.0000000 0.0000000 0.0000000 0.0000000 0.0000000 0.0000000 0.1940363 0.7332169 0.0000000 0.0000000 0.0727467
