  175         A         R         N         D         C         Q         E         G         H         I         L         K         M         F         P         S         T         W         Y         V         X    
  1 G   1 0.0000000 0.0000000 0.0000000 0.0000000 0.0000000 0.0000000 0.0000000 0.1033869 0.0000000 0.0000000 0.0000000 0.0000000 0.0000000 0.0000000 0.0000000 0.0000000 0.0000000 0.0000000 0.0000000 0.0000000 0.8966131
  2 R   2 0.0000000 0.0068949 0.0031743 0.0000000 0.0000000 0.0092243 0.0775284 0.0028204 0.0039286 0.0000000 0.0000000 0.0094970 0.0000000 0.0000000 0.0000000 0.0027441 0.0000000 0.0000000 0.0000000 0.0000000 0.8841879
  3 K   3 0.0022965 0.0347333 0.0834724 0.0000000 0.0000000 0.0419574 0.0389029 0.0085439 0.0014577 0.0000000 0.0000000 0.0277872 0.0000000 0.0000000 0.0000000 0.0000000 0.0011599 0.0000000 0.0000000 0.0000000 0.7596888
  4 L   4 0.0156227 0.0096886 0.0000000 0.0038003 0.0000000 0.0069373 0.0000000 0.0000000 0.0000000 0.0522418 0.0806890 0.0070577 0.0273235 0.0087996 0.0000000 0.0068912 0.0231338 0.0000000 0.0047758 0.0375845 0.7154543
  5 L   5 0.0112960 0.0127624 0.0012578 0.0000000 0.0000000 0.0901730 0.0429066 0.0036526 0.0061291 0.0159953 0.0228461 0.0103593 0.0117890 0.0270597 0.0000000 0.0211463 0.0272726 0.0000000 0.0293734 0.0049964 0.6609847
  6 T   6 0.0089260 0.0065301 0.0086691 0.0024478 0.0000000 0.0154510 0.0143465 0.0000000 0.0145044 0.0375075 0.0070662 0.0090596 0.0029647 0.0106477 0.0022142 0.0113862 0.0617273 0.0042787 0.0759171 0.0619596 0.6443961
  7 Y   7 0.0034272 0.0017703 0.0000000 0.0000000 0.0000000 0.0034525 0.0017926 0.0000000 0.0882493 0.0566345 0.0036197 0.0039456 0.0047474 0.0124184 0.0000000 0.0000000 0.0239750 0.0032552 0.1048328 0.0866463 0.6012333
  8 Q   8 0.0072625 0.0351137 0.0036337 0.0037152 0.0000000 0.0187474 0.0212181 0.0000000 0.0047526 0.0546261 0.0082992 0.0327535 0.0000000 0.0051670 0.0033950 0.0111796 0.1107831 0.0000000 0.0014528 0.0909620 0.5869385
  9 V   9 0.0712082 0.0022965 0.0000000 0.0000000 0.0000000 0.0026621 0.0119160 0.0000000 0.0000000 0.0431049 0.0176473 0.0000000 0.0000000 0.0000000 0.0415833 0.0106958 0.0255456 0.0000000 0.0000000 0.1873037 0.5860368
 10 K  10 0.0104589 0.0722321 0.0248467 0.0292881 0.0015222 0.0663138 0.0337184 0.0134151 0.0103983 0.0017926 0.0055586 0.0765694 0.0020454 0.0000000 0.0366365 0.0142313 0.0122299 0.0000000 0.0000000 0.0088438 0.5798989
 11 Q  11 0.0190520 0.0239105 0.0278292 0.0417946 0.0000000 0.0378783 0.0711394 0.0089105 0.0097154 0.0000000 0.0038562 0.0684869 0.0000000 0.0000000 0.0425629 0.0179613 0.0067609 0.0000000 0.0470120 0.0029893 0.5701408
 12 G  12 0.0024189 0.0096139 0.0362575 0.0518611 0.0000000 0.0104057 0.0565867 0.2196585 0.0155405 0.0000000 0.0000000 0.0191039 0.0000000 0.0000000 0.0000000 0.0096771 0.0053428 0.0000000 0.0000000 0.0000000 0.5635334
 13 D  13 0.0039514 0.0177734 0.0426962 0.1730723 0.0000000 0.0169353 0.1214768 0.0121305 0.0071752 0.0000000 0.0019797 0.0101367 0.0000000 0.0000000 0.0000000 0.0100060 0.0136648 0.0000000 0.0048614 0.0000000 0.5641403
 14 T  14 0.0093936 0.0000000 0.0200584 0.0012526 0.0000000 0.0087495 0.0000000 0.0000000 0.0031146 0.0000000 0.0000000 0.0023972 0.0026038 0.0011705 0.0555494 0.0678407 0.2671685 0.0000000 0.0080089 0.0044130 0.5482793
 15 L  15 0.0039568 0.0039091 0.0000000 0.0000000 0.0000000 0.0024818 0.0000000 0.0000000 0.0000000 0.0100274 0.3637223 0.0000000 0.0150718 0.0554153 0.0000000 0.0000000 0.0052498 0.0026583 0.0000000 0.0040308 0.5334767
 16 N  16 0.0478166 0.0170371 0.0080040 0.0050663 0.0000000 0.0217159 0.2137350 0.0056173 0.0015487 0.0335914 0.0651538 0.0010075 0.0034251 0.0065393 0.0268534 0.0244019 0.0040748 0.0158455 0.0162668 0.0181547 0.4641449
 17 S  17 0.0882304 0.0093758 0.0047878 0.1298548 0.0000000 0.0104637 0.0483601 0.0073616 0.0078393 0.0014596 0.0203434 0.0419686 0.0520548 0.0027863 0.0000000 0.0577445 0.0161134 0.0000000 0.0261023 0.0123284 0.4628251
 18 I  18 0.0024176 0.0000000 0.0000000 0.0000000 0.0000000 0.0000000 0.0000000 0.0000000 0.0000000 0.3026354 0.1262531 0.0000000 0.0031848 0.0524360 0.0047485 0.0000000 0.0025322 0.0000000 0.0045139 0.0414378 0.4598406
 19 A  19 0.3894550 0.0031114 0.0000000 0.0000000 0.0000000 0.0000000 0.0000000 0.0731411 0.0000000 0.0000000 0.0027213 0.0000000 0.0020980 0.0000000 0.0000000 0.0664534 0.0019599 0.0000000 0.0000000 0.0039514 0.4571084
 20 A  20 0.0904300 0.1532934 0.0163303 0.0059655 0.0000000 0.0180766 0.1420222 0.0051999 0.0010214 0.0032560 0.0046732 0.0639488 0.0053430 0.0021761 0.0000000 0.0192942 0.0099719 0.0000000 0.0030790 0.0024506 0.4534680
 21 D  21 0.0188687 0.1464205 0.0096015 0.0435827 0.0000000 0.0844034 0.0212068 0.0012220 0.0509400 0.0022373 0.0059300 0.1113798 0.0029907 0.0087975 0.0000000 0.0052137 0.0106264 0.0027941 0.0188594 0.0000000 0.4549254
 22 F  22 0.0014406 0.0069301 0.0121557 0.0025700 0.0000000 0.0000000 0.0019094 0.0000000 0.0339722 0.0016970 0.0211094 0.0000000 0.0013809 0.2268904 0.0016913 0.0022917 0.0061679 0.0000000 0.2230853 0.0031114 0.4535966
 23 R  23 0.0108856 0.0367592 0.0832080 0.1190857 0.0000000 0.0600827 0.0031914 0.0728399 0.1116268 0.0021761 0.0029647 0.0258291 0.0016261 0.0000000 0.0027225 0.0166742 0.0000000 0.0000000 0.0030104 0.0000000 0.4473173
 24 I  24 0.0075589 0.0061669 0.0000000 0.0000000 0.0000000 0.0179449 0.0022655 0.0027653 0.0000000 0.0891023 0.1184338 0.0055414 0.1151972 0.0027204 0.0125900 0.0000000 0.0540657 0.0025700 0.0000000 0.1324093 0.4306686
 25 S  25 0.0163691 0.0161242 0.0040388 0.0753935 0.0044693 0.0025616 0.0016970 0.3091509 0.0000000 0.0000000 0.0048822 0.0052879 0.0023512 0.0000000 0.0226827 0.0689912 0.0381959 0.0000000 0.0000000 0.0050466 0.4227581
 26 T  26 0.0165211 0.0218638 0.0014016 0.0011441 0.0000000 0.0286070 0.0624915 0.0011400 0.0008726 0.0453203 0.0933808 0.0037350 0.0049648 0.0730027 0.0249916 0.0034116 0.0204777 0.0176315 0.1325091 0.0299384 0.4165947
 27 A  27 0.0421647 0.0308239 0.0536133 0.0648785 0.0000000 0.0504316 0.0453045 0.0278269 0.0050858 0.0103627 0.1044259 0.0074486 0.0116078 0.0023330 0.0075334 0.0684269 0.0219091 0.0053784 0.0146594 0.0151222 0.4106633
 28 A  28 0.0941501 0.0101428 0.0581361 0.0329027 0.0000000 0.0439717 0.1382185 0.0218105 0.0071090 0.0016913 0.0799368 0.0041875 0.0031114 0.0256076 0.0045720 0.0170688 0.0069386 0.0017843 0.0322045 0.0105425 0.4059133
 29 L  29 0.0058456 0.0000000 0.0031114 0.0000000 0.0000000 0.0029028 0.0011172 0.0032282 0.0000000 0.1300556 0.2910285 0.0000000 0.1119346 0.0076898 0.0000000 0.0000000 0.0059544 0.0026521 0.0000000 0.0327330 0.4017467
 30 L  30 0.0407014 0.0544922 0.0076570 0.0048307 0.0029557 0.0144514 0.0145917 0.0023332 0.0026532 0.0242080 0.1532278 0.0683937 0.0373204 0.0000000 0.0093937 0.0348689 0.0253054 0.0041728 0.0321454 0.0654480 0.4008495
 31 Q  31 0.1647694 0.0635234 0.0222480 0.0121160 0.0000000 0.0507771 0.1290161 0.0062545 0.0030261 0.0128199 0.0525593 0.0330142 0.0156153 0.0000000 0.0000000 0.0175263 0.0044119 0.0000000 0.0161088 0.0038342 0.3923797
 32 A  32 0.3477004 0.0092861 0.0018181 0.0014016 0.0000000 0.0117773 0.0010954 0.0000000 0.0014092 0.0334445 0.1374840 0.0026368 0.0114404 0.0048007 0.0000000 0.0278720 0.0083215 0.0000000 0.0034119 0.0063473 0.3897531
 33 N  33 0.0086932 0.0048116 0.5146287 0.0023843 0.0000000 0.0012213 0.0084221 0.0051104 0.0065760 0.0056401 0.0077826 0.0013060 0.0107892 0.0039166 0.0095604 0.0036803 0.0071963 0.0000000 0.0037164 0.0030284 0.3915362
 34 P  34 0.0072939 0.0315330 0.0253563 0.0055674 0.0000000 0.0164095 0.0000000 0.0119365 0.0017075 0.0023728 0.0035382 0.0272695 0.0000000 0.0115403 0.4815251 0.0061425 0.0017369 0.0000000 0.0089771 0.0049841 0.3521095
 35 S  35 0.0438628 0.0154544 0.0421175 0.0655601 0.0000000 0.0141078 0.0271455 0.2700295 0.0083206 0.0205585 0.0363516 0.0261273 0.0023330 0.0052754 0.0048150 0.0252065 0.0360888 0.0000000 0.0065590 0.0078136 0.3422730
 36 L  36 0.0731954 0.0039555 0.0000000 0.0123458 0.0000000 0.0099042 0.0338881 0.0117952 0.0051363 0.1056885 0.0480906 0.0233763 0.0094579 0.0056561 0.0231667 0.0188212 0.0384506 0.0036942 0.0082752 0.2474430 0.3176593
 37 Q  37 0.0322330 0.0207874 0.0548557 0.3918400 0.0000000 0.0422613 0.0077651 0.0024506 0.0030875 0.0025727 0.0091687 0.0148852 0.0000000 0.0000000 0.0441339 0.0480539 0.0073461 0.0000000 0.0000000 0.0009767 0.3175822
 38 A  38 0.0706833 0.0175252 0.0024202 0.0067630 0.0000000 0.0067589 0.0046853 0.0147941 0.0028707 0.0230366 0.0378061 0.0076277 0.0025795 0.0940005 0.2944096 0.0185466 0.0354745 0.0000000 0.0044579 0.0640480 0.2915123
 39 G  39 0.0721173 0.0225691 0.0357235 0.0446365 0.0015399 0.0115983 0.0111053 0.0280650 0.0010266 0.0049460 0.0080735 0.0279527 0.0000000 0.0977377 0.0284958 0.0430123 0.0365378 0.1355514 0.0868239 0.0261026 0.2763848
 40 L  40 0.0160695 0.0442996 0.0166164 0.0216806 0.0000000 0.0106382 0.0114224 0.0044707 0.0104712 0.0638001 0.2827575 0.0402085 0.0108884 0.0069825 0.0117257 0.0033719 0.0161715 0.0069656 0.0077228 0.1222774 0.2914595
 41 T  41 0.0229169 0.0247473 0.0044964 0.0037203 0.0011860 0.0307178 0.0107966 0.0142577 0.0010653 0.0360848 0.0548163 0.0652117 0.0046956 0.0044034 0.3882161 0.0143624 0.0065887 0.0040024 0.0152525 0.0376499 0.2548120
 42 A  42 0.1663419 0.0219185 0.0138291 0.0472905 0.0000000 0.0211448 0.0526531 0.1363728 0.0056152 0.0219946 0.0125886 0.0675195 0.0045819 0.0000000 0.1236330 0.0084560 0.0103866 0.0000000 0.0229702 0.0216161 0.2410879
 43 G  43 0.0656402 0.0219752 0.0112103 0.0418799 0.0000000 0.0251119 0.0437993 0.2600860 0.0009067 0.0055173 0.0021642 0.0158124 0.0021105 0.0060216 0.1179466 0.0465925 0.0796264 0.0057698 0.0014259 0.0248650 0.2215384
 44 Q  44 0.0298131 0.0289161 0.0313979 0.0619972 0.0000000 0.1172510 0.1295177 0.1158089 0.0000000 0.0106721 0.0251037 0.0380116 0.0141620 0.0068347 0.0103572 0.0373279 0.1040409 0.0073132 0.0065821 0.0104233 0.2144694
 45 S  45 0.0410000 0.0572003 0.0136764 0.0103601 0.0000000 0.0580593 0.0368238 0.0033112 0.0052545 0.0685320 0.0616400 0.0746019 0.0104854 0.0528733 0.0267569 0.0464578 0.0861667 0.0099115 0.0557211 0.0775635 0.2036044
 46 I  46 0.0242116 0.0764033 0.0036082 0.0027792 0.0023600 0.0183730 0.0025472 0.0180085 0.0073564 0.1848566 0.1402248 0.0347447 0.0108443 0.0110704 0.0142900 0.0061081 0.0323689 0.0131640 0.0051888 0.1922069 0.1992851
 47 V  47 0.0340058 0.1057789 0.0036147 0.0105015 0.0023958 0.0180285 0.0086889 0.0019303 0.0038272 0.1765939 0.1117798 0.0444947 0.0077810 0.0138074 0.0317537 0.0112637 0.0597930 0.0250126 0.0121939 0.1246184 0.1921364
 48 I  48 0.0392103 0.0245441 0.0084666 0.0094206 0.0192878 0.0829482 0.0191981 0.0048333 0.0143543 0.1436383 0.0406247 0.0184473 0.0127279 0.0020969 0.1783148 0.0286467 0.0308380 0.0000000 0.0094639 0.1194610 0.1934771
 49 P  49 0.0787182 0.0250999 0.0417208 0.0209557 0.0000000 0.0478773 0.0340280 0.0253177 0.0167300 0.0766353 0.0458763 0.0120166 0.0123144 0.0069560 0.1585931 0.0523580 0.0654888 0.0000000 0.0114898 0.0678383 0.1999860
 50 G  50 0.0446165 0.0657490 0.0540040 0.0176580 0.0000000 0.1579789 0.0313523 0.0443536 0.0099830 0.0120792 0.0016231 0.0196109 0.0050588 0.0058503 0.1142612 0.0311754 0.0518698 0.0000000 0.0021804 0.1343733 0.1962223
 51 L  51 0.0651295 0.0388511 0.0146215 0.0214104 0.0000000 0.0158499 0.0211506 0.0324903 0.0082668 0.0622670 0.1404464 0.0162973 0.0575373 0.0736285 0.0319961 0.0213070 0.0158167 0.0033571 0.0562050 0.0956101 0.2077613
 52 P  52 0.0604978 0.0066547 0.0088718 0.0272109 0.0000000 0.0076791 0.0075429 0.0326667 0.0045132 0.1878553 0.0779548 0.0080412 0.0015078 0.0219619 0.1545777 0.0239046 0.0229162 0.0029342 0.1059808 0.0349221 0.2018062
 53 D  53 0.0390307 0.0348235 0.0803924 0.0772736 0.0000000 0.0292254 0.0229859 0.0035094 0.0027366 0.0179958 0.2738909 0.0404963 0.0038028 0.0173075 0.0799059 0.0316743 0.0222718 0.0000000 0.0105797 0.0335725 0.1785252
 54 P  54 0.0299853 0.0405788 0.0105767 0.0117738 0.0000000 0.0261466 0.0200533 0.0751486 0.0040842 0.0111134 0.0268049 0.0389539 0.0007356 0.0085620 0.4082157 0.0198668 0.0828648 0.0000000 0.0049804 0.0136840 0.1658714
 55 Y  55 0.0522826 0.0372390 0.0824759 0.1662108 0.0000000 0.0419431 0.0476907 0.0413933 0.0111739 0.0091340 0.0351507 0.0689482 0.0010653 0.0181897 0.1371657 0.0314579 0.0320337 0.0035655 0.0075633 0.0219229 0.1533937
 56 T  56 0.1353679 0.0283073 0.0062208 0.0195779 0.0000000 0.0262387 0.1487309 0.0461621 0.0114632 0.0113805 0.0073894 0.0450106 0.0052989 0.0207553 0.0263352 0.0540682 0.1495322 0.0000000 0.0384233 0.0752748 0.1444628
 57 I  57 0.1112512 0.0139826 0.0176305 0.0169815 0.0000000 0.0297366 0.0771625 0.0637600 0.0033740 0.0444691 0.0307658 0.0811569 0.0068736 0.0000000 0.2353270 0.0403667 0.0466768 0.0000000 0.0011870 0.0429035 0.1363949
 58 P  58 0.0354293 0.2122090 0.0041817 0.0357280 0.0000000 0.0143038 0.0285330 0.0409845 0.0421709 0.0105631 0.0019150 0.0405938 0.0000000 0.0047181 0.3183670 0.0061678 0.0236763 0.0203438 0.0138589 0.0378684 0.1083876
 59 Y  59 0.0239864 0.0469700 0.0100499 0.0184384 0.0000000 0.0354033 0.1381594 0.2310670 0.0166808 0.0224688 0.0316142 0.0705555 0.0081909 0.0170573 0.0210878 0.0119950 0.0497816 0.0000000 0.0836138 0.0780971 0.0847827
 60 H  60 0.0180960 0.1318109 0.0043400 0.0099819 0.0000000 0.0207842 0.0131624 0.2848292 0.0350041 0.0058838 0.0223448 0.0287070 0.0115340 0.0089381 0.0038411 0.0730632 0.2374642 0.0254432 0.0125339 0.0059672 0.0462707
 61 I  61 0.0096978 0.0000000 0.0000000 0.0000000 0.0000000 0.0000000 0.0036005 0.0000000 0.0000000 0.7421407 0.1068282 0.0019712 0.0088594 0.0000000 0.0000000 0.0000000 0.0000000 0.0000000 0.0000000 0.1166467 0.0102555
 62 A  62 0.0177660 0.0030718 0.0091825 0.0174338 0.0000000 0.0044118 0.0809477 0.0014569 0.0097062 0.1767508 0.0538096 0.0053238 0.0009659 0.0060430 0.0000000 0.0137211 0.0277571 0.0000000 0.0194550 0.5431406 0.0090563
 63 V  63 0.0496421 0.0023432 0.0000000 0.0000000 0.0000000 0.0000000 0.0000000 0.0000000 0.0000000 0.4731987 0.0483610 0.0000000 0.0000000 0.0000000 0.0000000 0.0000000 0.0000000 0.0000000 0.0000000 0.4179527 0.0085023
 64 S  64 0.0040673 0.0226114 0.4206556 0.3507661 0.0000000 0.0086895 0.0070283 0.0012453 0.0214489 0.0009922 0.0040409 0.0158420 0.0000000 0.0042489 0.0000000 0.1132028 0.0030916 0.0000000 0.0090671 0.0068128 0.0061893
 65 I  65 0.0030561 0.0429046 0.0058333 0.0000000 0.0000000 0.0000000 0.0009643 0.0013324 0.0000000 0.1087491 0.3014701 0.1545161 0.0011901 0.0037483 0.0392608 0.0344097 0.2245578 0.0000000 0.0000000 0.0718180 0.0061893
 66 G  66 0.3168731 0.0445000 0.0258388 0.0512859 0.0000000 0.0342612 0.0200628 0.0656840 0.0065406 0.0000000 0.0187086 0.0640865 0.0000000 0.0045053 0.1143628 0.1645466 0.0438709 0.0008010 0.0120671 0.0058155 0.0061893
 67 A  67 0.0880688 0.0515080 0.1154369 0.0646342 0.0000000 0.0354703 0.3984089 0.0139656 0.0213090 0.0036622 0.0039561 0.0517648 0.0020564 0.0000000 0.0000000 0.0487459 0.0816001 0.0015505 0.0051186 0.0065544 0.0061893
 68 K  68 0.0029951 0.3073263 0.0800327 0.0015284 0.0036775 0.0550897 0.0076824 0.0172015 0.0668297 0.0000000 0.1205992 0.1056769 0.1169921 0.0146298 0.0000000 0.0225594 0.0274326 0.0000000 0.0435573 0.0000000 0.0061893
 69 T  69 0.0040849 0.4674299 0.0046725 0.0024419 0.0000000 0.0824298 0.0184927 0.0000000 0.0135012 0.0168668 0.0308468 0.0703757 0.0089685 0.0860025 0.0000000 0.0125926 0.0788314 0.0034529 0.0622129 0.0306078 0.0061893
 70 L  70 0.0145244 0.0000000 0.0000000 0.0038562 0.0019143 0.0000000 0.0000000 0.0000000 0.0000000 0.0192110 0.8406316 0.0000000 0.0263758 0.0014381 0.0000000 0.0000000 0.0034167 0.0000000 0.0000000 0.0827346 0.0058972
 71 T  71 0.0706268 0.0453367 0.0097454 0.0032696 0.0014002 0.0088194 0.0161335 0.0106909 0.0127802 0.0137245 0.0197906 0.0123670 0.0032261 0.0532051 0.0000000 0.0184971 0.0904698 0.0012851 0.5902336 0.0159849 0.0024134
 72 L  72 0.0754865 0.0019871 0.0000000 0.0000000 0.0000000 0.0056812 0.0000000 0.0030719 0.0214228 0.0102799 0.3098249 0.0000000 0.0000000 0.0664093 0.0000000 0.0017632 0.0000000 0.0050222 0.3429587 0.1548033 0.0012890
 73 S  73 0.0108143 0.0061791 0.0016389 0.0043524 0.0000000 0.0033789 0.0013968 0.0040407 0.0075570 0.0609827 0.0551363 0.0110566 0.0058948 0.2479873 0.0000000 0.0063894 0.0119980 0.0156756 0.3377810 0.2077401 0.0000000
 74 L  74 0.0321802 0.0785333 0.0414962 0.0849126 0.0011550 0.1089049 0.1288960 0.0111636 0.0131147 0.0054905 0.0856909 0.0656460 0.0243416 0.0058004 0.2182195 0.0401889 0.0204140 0.0026030 0.0178215 0.0134271 0.0000000
 75 N  75 0.0426924 0.0064098 0.1557488 0.1928984 0.0000000 0.0275494 0.1049330 0.2081950 0.0132415 0.0000000 0.0052217 0.1061290 0.0000000 0.0000000 0.1007319 0.0284721 0.0042500 0.0000000 0.0025763 0.0000000 0.0009509
 76 N  76 0.0138890 0.0096083 0.2017839 0.1459342 0.0000000 0.0111687 0.0383275 0.4621381 0.0064205 0.0037234 0.0000000 0.0266257 0.0000000 0.0015544 0.0307046 0.0320062 0.0102372 0.0000000 0.0015251 0.0043534 0.0000000
 77 R  77 0.0189958 0.0929242 0.1037675 0.0106170 0.0000000 0.0978996 0.0556409 0.2215511 0.0026418 0.0366847 0.0044298 0.2145822 0.0024680 0.0018517 0.0021629 0.0460277 0.0360495 0.0000000 0.0100857 0.0379730 0.0036470
 78 V  78 0.0173066 0.1065505 0.0019268 0.0000000 0.0043351 0.0695545 0.0323984 0.0029444 0.0083646 0.0730505 0.2053465 0.1137602 0.0325111 0.0163438 0.0409380 0.0147883 0.0921193 0.0065150 0.0205556 0.1360359 0.0046549
 79 M  79 0.2271748 0.0034240 0.0000000 0.0030164 0.0000000 0.0294013 0.0080108 0.0000000 0.0015505 0.1404145 0.0904703 0.0051984 0.0074848 0.0138572 0.0011293 0.0078812 0.0153835 0.0000000 0.0399611 0.4056420 0.0000000
 80 K  80 0.1378302 0.1235084 0.0127187 0.0058426 0.0030724 0.0278690 0.0405245 0.0229681 0.0330936 0.1323178 0.0751732 0.1638972 0.0669180 0.0115761 0.0000000 0.0124942 0.0328111 0.0000000 0.0412493 0.0543425 0.0017933
 81 T  81 0.0298087 0.2262765 0.0169504 0.0055075 0.0024134 0.0374132 0.0125526 0.0019656 0.0024121 0.0449363 0.0025207 0.0290271 0.0065170 0.0072676 0.0000000 0.1332774 0.2272899 0.0000000 0.0024419 0.2114220 0.0000000
 82 Y  82 0.0165217 0.0000000 0.0000000 0.0000000 0.0000000 0.0000000 0.0071299 0.0000000 0.0165440 0.0055297 0.0539322 0.0000000 0.0000000 0.1931788 0.0000000 0.0048252 0.0079270 0.0026745 0.6865557 0.0051813 0.0000000
 83 P  83 0.0364168 0.0231585 0.0068969 0.0037094 0.0000000 0.0057822 0.0041087 0.1885651 0.0054593 0.0054412 0.0000000 0.0086345 0.0000000 0.0000000 0.6492726 0.0272342 0.0257257 0.0000000 0.0010693 0.0085255 0.0000000
 84 I  84 0.0840623 0.0000000 0.0000000 0.0000000 0.0146595 0.0000000 0.0000000 0.0000000 0.0053366 0.3779891 0.0278304 0.0000000 0.0000000 0.0000000 0.0000000 0.0052942 0.0155245 0.0000000 0.0000000 0.4693034 0.0000000
 85 A  85 0.2925766 0.0091730 0.0000000 0.0000000 0.0043889 0.0000000 0.0000000 0.4952501 0.0000000 0.0000000 0.0000000 0.0000000 0.0000000 0.0000000 0.0000000 0.1131011 0.0855103 0.0000000 0.0000000 0.0000000 0.0000000
 86 V  86 0.0063708 0.0000000 0.0000000 0.0000000 0.0029228 0.0000000 0.0014227 0.0053089 0.0000000 0.3849122 0.0627715 0.0000000 0.0080381 0.0000000 0.0083443 0.0313433 0.0921772 0.0000000 0.0000000 0.3963881 0.0000000
 87 G  87 0.0083403 0.0000000 0.0000000 0.0000000 0.0000000 0.0000000 0.0059728 0.9570407 0.0000000 0.0000000 0.0000000 0.0000000 0.0000000 0.0147620 0.0037483 0.0101360 0.0000000 0.0000000 0.0000000 0.0000000 0.0000000
 88 K  88 0.0204130 0.3096188 0.0231145 0.0170295 0.0000000 0.0805500 0.0335889 0.0038560 0.0000000 0.0000000 0.0117049 0.2976839 0.0073222 0.0012840 0.0000000 0.1056522 0.0607380 0.0000000 0.0000000 0.0118021 0.0156420
 89 I  89 0.1024777 0.0180863 0.0118325 0.0821917 0.0000000 0.0487008 0.1798548 0.0199931 0.0000000 0.0479810 0.0667257 0.0341289 0.0394413 0.0100346 0.1700510 0.0650094 0.0437437 0.0031290 0.0087179 0.0265595 0.0213411
 90 L  90 0.0483947 0.0095241 0.0146968 0.1435236 0.0000000 0.0069047 0.0985170 0.4888946 0.0097283 0.0009006 0.0340704 0.0301258 0.0008727 0.0000000 0.0095409 0.0733588 0.0145785 0.0010526 0.0064452 0.0057922 0.0030783
 91 T  91 0.0235861 0.0930849 0.0389194 0.0174832 0.0000000 0.0040678 0.0132752 0.0081600 0.0340923 0.0018462 0.0282683 0.0585690 0.0240470 0.1679364 0.0000000 0.0638898 0.2289977 0.1615649 0.0172970 0.0046655 0.0102493
 92 Q  92 0.0711586 0.0325234 0.0213990 0.0594352 0.0000000 0.0546780 0.1550701 0.0285853 0.0083421 0.0010120 0.0380805 0.0379232 0.0119657 0.0071376 0.3310437 0.0406057 0.0063311 0.0273983 0.0080200 0.0055261 0.0537644
 93 T  93 0.0226825 0.0038450 0.0019378 0.0092228 0.0000000 0.0000000 0.0075621 0.0000000 0.0000000 0.0206349 0.0082016 0.0015997 0.0000000 0.0062795 0.0017933 0.1407716 0.6560332 0.1149971 0.0000000 0.0000000 0.0044388
 94 P  94 0.0019373 0.0051938 0.0020186 0.0000000 0.0000000 0.0000000 0.0016918 0.0000000 0.0000000 0.0027903 0.0037396 0.0025913 0.0000000 0.0000000 0.7780366 0.0119151 0.0000000 0.0650213 0.0009751 0.0122900 0.1117990
 95 T  95 0.0498954 0.0404280 0.0164069 0.0095429 0.0044487 0.0267207 0.1020488 0.0163701 0.0120572 0.0841263 0.1179099 0.0233668 0.0065379 0.0137976 0.0510383 0.1421731 0.1740769 0.0000000 0.0075604 0.1014942 0.0000000
 96 G  96 0.0100269 0.0029877 0.0242892 0.0052900 0.0000000 0.0010252 0.0000000 0.7846230 0.0000000 0.0000000 0.0012139 0.0026374 0.0771510 0.0020980 0.0336540 0.0053701 0.0128835 0.0343025 0.0000000 0.0024475 0.0000000
 97 E  97 0.0192720 0.0702740 0.0604275 0.0614860 0.0012181 0.0351649 0.1185154 0.0038620 0.0069824 0.0556416 0.0216159 0.0608545 0.0069184 0.0025758 0.0080433 0.0649839 0.2164158 0.0278285 0.0100726 0.1478475 0.0000000
 98 F  98 0.0829040 0.0038375 0.0019534 0.0007925 0.0000000 0.0303954 0.0068657 0.0026805 0.0540522 0.0046189 0.0255286 0.0225737 0.0411318 0.3016633 0.0118913 0.0153127 0.2152022 0.0583407 0.0963627 0.0238929 0.0000000
 99 Y  99 0.0234864 0.1542313 0.0080787 0.0141287 0.0026997 0.0461463 0.0480665 0.0000000 0.0164042 0.0231573 0.0125171 0.2274885 0.0037204 0.0141756 0.0043902 0.1047073 0.2050908 0.0173824 0.0298299 0.0442987 0.0000000
100 I 100 0.0331895 0.0027487 0.0014620 0.0000000 0.0000000 0.0020057 0.0026772 0.0000000 0.0000000 0.4974523 0.0144742 0.0049933 0.0112494 0.0000000 0.0086972 0.0057612 0.0131415 0.0000000 0.0000000 0.4021479 0.0000000
101 I 101 0.0539991 0.0396742 0.0202720 0.0236015 0.0000000 0.0423997 0.0234399 0.0395011 0.0074810 0.1410114 0.0824406 0.0685706 0.0187659 0.0043092 0.0026772 0.1178757 0.1581352 0.0051587 0.0086974 0.1419899 0.0000000
102 N 102 0.0920923 0.1754722 0.1348156 0.0315305 0.0000000 0.1421623 0.1146053 0.0671501 0.0184720 0.0052563 0.0050864 0.0161848 0.0319940 0.0038452 0.0000000 0.0687992 0.0384745 0.0131080 0.0126480 0.0269691 0.0013344
103 R 103 0.0000000 0.0916562 0.0000000 0.0000000 0.0000000 0.0000000 0.0000000 0.0000000 0.0028167 0.0528737 0.0054180 0.7385836 0.0662569 0.0000000 0.0028725 0.0000000 0.0000000 0.0000000 0.0000000 0.0395224 0.0000000
104 Q 104 0.2041736 0.1147166 0.0128779 0.0376293 0.0000000 0.0893552 0.0389461 0.0128546 0.0067504 0.0910525 0.0142382 0.1036607 0.0107153 0.0079227 0.0822304 0.0171096 0.0225296 0.0000000 0.0310027 0.1022346 0.0000000
105 R 105 0.0584139 0.0897405 0.0013194 0.0097179 0.0000000 0.0114534 0.1524645 0.0183686 0.0104571 0.0209037 0.0103179 0.1439366 0.0173794 0.0010466 0.3412232 0.0137567 0.0102602 0.0000000 0.0129963 0.0666525 0.0095916
106 N 106 0.0164658 0.0089715 0.3063399 0.0754325 0.0000000 0.0094383 0.0265658 0.2341237 0.0406967 0.0036553 0.0039787 0.0142043 0.0194003 0.0022591 0.0055555 0.0233369 0.0210604 0.1679103 0.0196283 0.0000000 0.0009768
107 P 107 0.0100756 0.0058857 0.0035923 0.0009747 0.0000000 0.0105165 0.0039723 0.0205152 0.0212860 0.0060079 0.0107536 0.0083407 0.0023720 0.0000000 0.8266696 0.0050037 0.0042526 0.0479152 0.0118665 0.0000000 0.0000000
108 G 108 0.0221445 0.0232007 0.2139203 0.2995986 0.0000000 0.0067287 0.0667799 0.2106616 0.0229895 0.0083436 0.0044375 0.0389187 0.0063651 0.0000000 0.0109473 0.0274437 0.0277718 0.0000000 0.0037103 0.0060383 0.0000000
109 G 109 0.0165998 0.0012180 0.7155658 0.0031206 0.0000000 0.0020564 0.0031227 0.1691722 0.0000000 0.0031477 0.0000000 0.0012940 0.0122900 0.0000000 0.0052940 0.0338657 0.0078526 0.0045936 0.0000000 0.0208068 0.0000000
110 P 110 0.0184058 0.0000000 0.0061251 0.0000000 0.0000000 0.0064930 0.0189885 0.0490377 0.0000000 0.0046216 0.0028552 0.0101360 0.0033455 0.0000000 0.8315247 0.0059310 0.0000000 0.0000000 0.0038129 0.0187253 0.0199978
111 F 111 0.0063390 0.0000000 0.0105169 0.0031290 0.0000000 0.0000000 0.0000000 0.0051587 0.0000000 0.0078233 0.5281697 0.0000000 0.1674862 0.1292969 0.0000000 0.0000000 0.0000000 0.0068943 0.0209262 0.1142597 0.0000000
112 G 112 0.0000000 0.0000000 0.0000000 0.0000000 0.0000000 0.0000000 0.0000000 0.9679507 0.0000000 0.0000000 0.0000000 0.0000000 0.0063390 0.0000000 0.0000000 0.0021804 0.0000000 0.0000000 0.0050588 0.0136460 0.0048252
113 A 113 0.2507701 0.0453327 0.0219245 0.0281138 0.0009021 0.0109496 0.0606208 0.0313282 0.0130746 0.0051818 0.0800677 0.0347099 0.0125553 0.0000000 0.0826285 0.1158972 0.1575125 0.0000000 0.0134524 0.0349781 0.0000000
114 Y 114 0.0147673 0.4815636 0.0063390 0.0000000 0.0035679 0.0000000 0.0000000 0.0000000 0.0681603 0.0169528 0.0320115 0.0000000 0.0213062 0.0673619 0.0000000 0.0035654 0.0074493 0.0040024 0.1995862 0.0733663 0.0000000
115 W 115 0.5113583 0.0000000 0.0000000 0.0000000 0.0000000 0.0000000 0.0000000 0.0186899 0.0000000 0.0000000 0.0025499 0.0156194 0.0203230 0.0117769 0.0000000 0.0000000 0.0027262 0.3891754 0.0140095 0.0137714 0.0000000
116 L 116 0.0000000 0.0000000 0.0063390 0.0000000 0.0000000 0.0048252 0.0050588 0.0000000 0.0012434 0.2442142 0.3768044 0.0000000 0.3277916 0.0260297 0.0000000 0.0000000 0.0000000 0.0000000 0.0000000 0.0076937 0.0000000
117 S 117 0.0335175 0.1658793 0.0031098 0.0603275 0.0000000 0.0514045 0.0220465 0.2686550 0.0028237 0.0042059 0.0136756 0.0149269 0.0043891 0.0000000 0.0013635 0.0291036 0.0269665 0.0000000 0.2913585 0.0028797 0.0033668
118 L 118 0.0000000 0.0000000 0.0000000 0.0000000 0.0000000 0.0000000 0.0000000 0.0000000 0.0000000 0.0874653 0.7701365 0.0000000 0.0018462 0.0955669 0.0000000 0.0000000 0.0304448 0.0025036 0.0051587 0.0068779 0.0000000
119 S 119 0.0381181 0.0018412 0.0917972 0.0368975 0.0000000 0.0011034 0.0026656 0.3093097 0.0133220 0.0000000 0.0008921 0.0056318 0.0000000 0.0445939 0.0000000 0.3147902 0.0405617 0.0087323 0.0802123 0.0000000 0.0095309
120 K 120 0.0351767 0.0998791 0.0604192 0.0330776 0.0000000 0.0578217 0.0589050 0.0924385 0.0064033 0.0401310 0.0328190 0.1758124 0.0109905 0.0141920 0.0025129 0.0846504 0.0134900 0.0977648 0.0285936 0.0275819 0.0273406
121 Q 121 0.0246903 0.0267990 0.0592234 0.0560566 0.0000000 0.0145556 0.0195094 0.2914267 0.0008862 0.0029347 0.0059910 0.0332362 0.0019321 0.0000000 0.2234729 0.0748309 0.1237508 0.0015151 0.0009267 0.0046370 0.0336254
122 H 122 0.0147574 0.0061847 0.0615389 0.0421716 0.0090211 0.0356589 0.0725282 0.1758689 0.0597237 0.0508243 0.1170083 0.0182576 0.0231881 0.0026865 0.0041562 0.1130822 0.0939087 0.0050554 0.0186549 0.0552462 0.0204781
123 Y 123 0.0049600 0.0000000 0.0018826 0.0000000 0.0000000 0.0000000 0.0000000 0.0000000 0.0046707 0.0941395 0.0186599 0.0000000 0.0000000 0.0770592 0.0000000 0.0000000 0.0012962 0.0000000 0.7818439 0.0154879 0.0000000
124 G 124 0.1384467 0.2096392 0.0000000 0.0000000 0.0000000 0.0000000 0.0000000 0.4162951 0.0000000 0.0000000 0.2003914 0.0000000 0.0057117 0.0238255 0.0000000 0.0019776 0.0000000 0.0000000 0.0037127 0.0000000 0.0000000
125 I 125 0.0000000 0.0000000 0.0000000 0.0000000 0.0000000 0.0000000 0.0000000 0.0000000 0.0000000 0.8271189 0.0930556 0.0000000 0.0146297 0.0484129 0.0000000 0.0000000 0.0000000 0.0000000 0.0000000 0.0167829 0.0000000
126 H 126 0.0000000 0.0101360 0.0000000 0.0000000 0.0000000 0.0000000 0.0000000 0.0000000 0.9898640 0.0000000 0.0000000 0.0000000 0.0000000 0.0000000 0.0000000 0.0000000 0.0000000 0.0000000 0.0000000 0.0000000 0.0000000
127 G 127 0.0231706 0.0000000 0.0000000 0.0000000 0.0000000 0.0000000 0.0000000 0.9623687 0.0000000 0.0000000 0.0000000 0.0000000 0.0000000 0.0000000 0.0000000 0.0144607 0.0000000 0.0000000 0.0000000 0.0000000 0.0000000
128 T 128 0.0168170 0.0000000 0.0189491 0.0000000 0.0000000 0.0000000 0.0000000 0.0162230 0.0000000 0.0000000 0.0000000 0.0000000 0.0000000 0.0000000 0.0000000 0.0797151 0.8682958 0.0000000 0.0000000 0.0000000 0.0000000
129 N 129 0.0210443 0.0063390 0.6222886 0.0292129 0.0000000 0.0040202 0.0026102 0.0000000 0.0064372 0.0186969 0.0099711 0.0035233 0.0015347 0.0020564 0.1530731 0.0401990 0.0462725 0.0013968 0.0269716 0.0043523 0.0000000
130 N 130 0.1271392 0.0743399 0.0983706 0.0824269 0.0014337 0.0828453 0.1949834 0.0050424 0.0183310 0.0052472 0.0194915 0.1774633 0.0077922 0.0058445 0.0000000 0.0203623 0.0293230 0.0273602 0.0108831 0.0113204 0.0000000
131 P 131 0.0092589 0.0215809 0.0616220 0.0598955 0.0000000 0.0057167 0.0460049 0.0027204 0.0194330 0.0015435 0.0028551 0.0146993 0.0000000 0.0025913 0.7000630 0.0094329 0.0103820 0.0162437 0.0066924 0.0092643 0.0000000
132 A 132 0.0580961 0.0069793 0.0469125 0.0879981 0.0000000 0.0379787 0.1066008 0.0284496 0.0202615 0.0000000 0.0039523 0.0168663 0.0009804 0.1617034 0.0036907 0.1599145 0.0057354 0.1928704 0.0420666 0.0027204 0.0162230
133 S 133 0.0086991 0.0172144 0.0122900 0.0026386 0.0000000 0.0051943 0.0172058 0.2663549 0.0043992 0.0000000 0.0534589 0.0446449 0.0034656 0.0184050 0.0000000 0.3581793 0.1458450 0.0039763 0.0189395 0.0028662 0.0162230
134 I 134 0.0000000 0.0000000 0.0000000 0.0000000 0.0000000 0.0020454 0.0000000 0.0000000 0.0000000 0.7556742 0.0207339 0.0000000 0.0089974 0.0188046 0.0000000 0.0000000 0.0000000 0.0000000 0.0000000 0.1775216 0.0162230
135 G 135 0.0054526 0.0025214 0.0101186 0.0182989 0.0000000 0.0000000 0.0000000 0.9078367 0.0000000 0.0000000 0.0000000 0.0101360 0.0000000 0.0053378 0.0000000 0.0315628 0.0000000 0.0000000 0.0087352 0.0000000 0.0000000
136 K 136 0.0312522 0.1137485 0.0067134 0.0000000 0.0000000 0.0849952 0.0097577 0.0216452 0.0190790 0.0000000 0.1064279 0.2324565 0.1538199 0.0035247 0.0000000 0.0385756 0.1373358 0.0069524 0.0237407 0.0099752 0.0000000
137 A 137 0.2316928 0.2646063 0.0598879 0.0298819 0.0000000 0.0405134 0.0104498 0.0040652 0.0258859 0.0000000 0.0231963 0.0262949 0.0021471 0.0448029 0.0468797 0.0525318 0.0601440 0.0000000 0.0641541 0.0128660 0.0000000
138 V 138 0.2037982 0.0010318 0.0159091 0.0030938 0.0000000 0.0143339 0.0478401 0.0138780 0.0000000 0.0754282 0.0090982 0.0033298 0.0318524 0.0070649 0.0000000 0.0406552 0.0258386 0.0000000 0.0012746 0.5055731 0.0000000
139 S 139 0.0000000 0.0000000 0.0000000 0.0000000 0.0000000 0.0000000 0.0000000 0.0000000 0.0000000 0.0000000 0.0000000 0.0000000 0.0000000 0.0000000 0.0000000 0.9289388 0.0674688 0.0000000 0.0000000 0.0000000 0.0035923
140 K 140 0.0556935 0.0349197 0.0599498 0.0144285 0.0000000 0.0340509 0.0036914 0.0230042 0.4092259 0.0000000 0.0338296 0.0381641 0.0039514 0.0000000 0.0000000 0.2750150 0.0000000 0.0000000 0.0140759 0.0000000 0.0000000
141 G 141 0.0000000 0.0000000 0.0161088 0.0000000 0.0000000 0.0000000 0.0000000 0.9838912 0.0000000 0.0000000 0.0000000 0.0000000 0.0000000 0.0000000 0.0000000 0.0000000 0.0000000 0.0000000 0.0000000 0.0000000 0.0000000
142 C 142 0.0000000 0.0000000 0.0000000 0.0000000 0.9838912 0.0000000 0.0000000 0.0000000 0.0000000 0.0000000 0.0000000 0.0000000 0.0000000 0.0000000 0.0000000 0.0161088 0.0000000 0.0000000 0.0000000 0.0000000 0.0000000
143 I 143 0.0023130 0.0000000 0.0000000 0.0000000 0.0000000 0.0000000 0.0000000 0.0000000 0.0000000 0.6514085 0.0264778 0.0000000 0.0161460 0.0703101 0.0000000 0.0000000 0.0036756 0.0000000 0.0000000 0.2296690 0.0000000
144 R 144 0.0000000 0.9246485 0.0188046 0.0000000 0.0000000 0.0138523 0.0000000 0.0091730 0.0121928 0.0000000 0.0000000 0.0021410 0.0000000 0.0000000 0.0000000 0.0000000 0.0000000 0.0000000 0.0000000 0.0191878 0.0000000
145 M 145 0.0000000 0.0000000 0.0000000 0.0000000 0.0025122 0.0000000 0.0000000 0.0000000 0.0038562 0.0000000 0.4061548 0.0000000 0.5619161 0.0087204 0.0000000 0.0000000 0.0000000 0.0000000 0.0000000 0.0168404 0.0000000
146 H 146 0.0145938 0.1728531 0.0332280 0.0111130 0.0007711 0.0122936 0.0079550 0.0069465 0.0612415 0.0093760 0.0977053 0.0192200 0.0309196 0.0862238 0.0206494 0.0300116 0.1638867 0.0047110 0.2006912 0.0156099 0.0000000
147 N 147 0.0213429 0.0018950 0.6382821 0.0380832 0.0000000 0.0039139 0.0174694 0.0039881 0.0032536 0.0000000 0.0000000 0.0217375 0.0162230 0.0000000 0.2154301 0.0039538 0.0112797 0.0000000 0.0000000 0.0031477 0.0000000
148 K 148 0.0606090 0.0485052 0.0407159 0.1130494 0.0000000 0.1068665 0.3156232 0.0072082 0.0245913 0.0007848 0.0000000 0.1006562 0.0000000 0.0056700 0.0215969 0.0352210 0.0082707 0.1080403 0.0025913 0.0000000 0.0000000
149 D 149 0.0058876 0.0029357 0.0538287 0.8266071 0.0025913 0.0096398 0.0186320 0.0081350 0.0416779 0.0000000 0.0031477 0.0000000 0.0000000 0.0192393 0.0000000 0.0076777 0.0000000 0.0000000 0.0000000 0.0000000 0.0000000
150 V 150 0.1616994 0.0000000 0.0000000 0.0000000 0.0000000 0.0000000 0.0071999 0.0000000 0.0000000 0.3812483 0.0058711 0.0000000 0.0135519 0.0000000 0.0000000 0.0063390 0.0000000 0.0000000 0.0000000 0.4240903 0.0000000
151 I 151 0.0594134 0.0506891 0.0160412 0.0044346 0.0000000 0.0330701 0.3328998 0.0054679 0.0010766 0.1352950 0.0605383 0.1282046 0.0156324 0.0000000 0.0102783 0.0400929 0.0574247 0.0029459 0.0014711 0.0450239 0.0000000
152 E 152 0.0933112 0.0401823 0.0081499 0.2466925 0.0000000 0.0505571 0.2676361 0.0056574 0.0246045 0.0054323 0.0201112 0.0297514 0.0105450 0.0140281 0.0000000 0.0247735 0.0287728 0.0723216 0.0411670 0.0163060 0.0000000
153 L 153 0.0026038 0.0000000 0.0000000 0.0000000 0.0000000 0.0000000 0.0000000 0.0000000 0.0000000 0.0289245 0.9036588 0.0000000 0.0084452 0.0189402 0.0000000 0.0000000 0.0000000 0.0000000 0.0000000 0.0374276 0.0000000
154 A 154 0.1252920 0.0000000 0.0000000 0.0188832 0.0000000 0.0012155 0.0016732 0.0212846 0.0038728 0.0012047 0.0040256 0.0000000 0.0027204 0.4212688 0.0000000 0.0131582 0.0000000 0.0051587 0.3724836 0.0077587 0.0000000
155 S 155 0.0672528 0.0440632 0.1321750 0.1872843 0.0000000 0.0395858 0.1520553 0.0744118 0.0163697 0.0000000 0.0057972 0.0784436 0.0009222 0.0054117 0.0520266 0.1117334 0.0168574 0.0040473 0.0095280 0.0000000 0.0020349
156 I 156 0.0310285 0.2541799 0.0498410 0.0091349 0.0000000 0.0982158 0.0150970 0.0000000 0.0289238 0.0619907 0.1482406 0.0429008 0.0935753 0.0199854 0.0000000 0.0324094 0.0326269 0.0373767 0.0172597 0.0216982 0.0055156
157 V 157 0.0607270 0.0000000 0.0000000 0.0000000 0.0044194 0.0000000 0.0000000 0.0000000 0.0000000 0.0993487 0.0325262 0.0000000 0.0023764 0.0000000 0.0000000 0.0010822 0.0716906 0.0000000 0.0000000 0.7215287 0.0063008
158 P 158 0.0390889 0.0519718 0.0317827 0.0461349 0.0000000 0.0291917 0.0466795 0.0293651 0.0172385 0.0000000 0.0009276 0.1340052 0.0022665 0.0015267 0.4299803 0.0895450 0.0372095 0.0000000 0.0011884 0.0055969 0.0063008
159 N 159 0.0241702 0.0322134 0.0395119 0.0121313 0.0028707 0.0105855 0.0157481 0.0047977 0.0008227 0.1223977 0.1044564 0.0544141 0.0166637 0.0000000 0.0641952 0.0265980 0.0344415 0.0027267 0.0122447 0.4127098 0.0063008
160 G 160 0.0000000 0.0055865 0.0556461 0.0080780 0.0000000 0.0061467 0.0083512 0.8752628 0.0021699 0.0000000 0.0000000 0.0227373 0.0000000 0.0000000 0.0033920 0.0063288 0.0000000 0.0000000 0.0000000 0.0000000 0.0063008
161 T 161 0.0922489 0.0000000 0.0000000 0.0132561 0.0029947 0.0011140 0.0184300 0.0000000 0.0000000 0.0090452 0.0077475 0.0000000 0.0220672 0.0000000 0.0000000 0.0313036 0.7321084 0.0000000 0.0000000 0.0586042 0.0110802
162 R 162 0.0117570 0.1779591 0.0039368 0.0060764 0.0000000 0.0493589 0.0372479 0.0092803 0.0000000 0.0324732 0.0239772 0.1885073 0.0016234 0.0000000 0.2821542 0.0320930 0.1064951 0.0000000 0.0011298 0.0219145 0.0140159
163 V 163 0.0018110 0.0000000 0.0000000 0.0000000 0.0000000 0.0000000 0.0000000 0.0057995 0.0000000 0.0360721 0.0029395 0.0000000 0.0022484 0.0000000 0.0000000 0.0000000 0.0000000 0.0000000 0.0000000 0.9351223 0.0160072
164 T 164 0.0191720 0.1003049 0.0473615 0.0139413 0.0011667 0.0931980 0.0820934 0.0000000 0.0159041 0.1261770 0.0496515 0.0490206 0.0044583 0.0103754 0.0000000 0.0184876 0.1074434 0.0087618 0.0296980 0.2030666 0.0197179
165 I 165 0.0000000 0.0000000 0.0000000 0.0000000 0.0000000 0.0000000 0.0000000 0.0000000 0.0000000 0.4435774 0.0212029 0.0000000 0.0092826 0.1221100 0.0000000 0.0068125 0.0052575 0.0000000 0.0000000 0.3654727 0.0262844
166 N 166 0.0051941 0.1033834 0.0051882 0.0024560 0.0000000 0.0382415 0.0129507 0.0066045 0.0122837 0.2711661 0.0975267 0.0358345 0.0098544 0.0000000 0.0000000 0.0246828 0.0707333 0.0042281 0.0165282 0.1553824 0.1277613
167 R 167 0.0049406 0.0678651 0.2076162 0.1095500 0.0000000 0.0393104 0.0677424 0.0695857 0.0123528 0.0000000 0.0000000 0.0381470 0.0011213 0.0000000 0.0964925 0.0081165 0.0075633 0.0024680 0.0303297 0.0000000 0.2367986
168 G 168 0.0354871 0.0162606 0.0214276 0.0138828 0.0000000 0.1529793 0.1180220 0.0781164 0.0012851 0.0026171 0.0023330 0.0219060 0.0049115 0.0000000 0.0145892 0.0428892 0.0178467 0.0000000 0.0022381 0.0025316 0.4506766
169 S 169 0.0173036 0.0073857 0.0136205 0.0067542 0.0000000 0.0040454 0.0070693 0.0093627 0.0016041 0.0056204 0.0000000 0.0101470 0.0019898 0.0044388 0.3223722 0.0449084 0.0215523 0.0000000 0.0000000 0.0028707 0.5189550
170 H 170 0.0029688 0.0186205 0.0111076 0.0084381 0.0000000 0.0089980 0.0299810 0.0123939 0.0087390 0.0048209 0.0071502 0.0144190 0.0013155 0.0201570 0.0054246 0.0065315 0.0011771 0.0000000 0.0812766 0.0130345 0.7434463
171 H 171 0.0122451 0.0112152 0.0065264 0.0082962 0.0000000 0.0011001 0.0054740 0.0350506 0.0045278 0.0000000 0.0000000 0.0646702 0.0039334 0.0000000 0.0141757 0.0278057 0.0110011 0.0000000 0.0025316 0.0029068 0.7885401
172 H 172 0.0371808 0.0015146 0.0088633 0.0170255 0.0000000 0.0045051 0.0063191 0.0022553 0.0032847 0.0044159 0.0013601 0.0064427 0.0000000 0.0623327 0.0080834 0.0032464 0.0000000 0.0000000 0.0095929 0.0038602 0.8197173
173 H 173 0.0045726 0.0058195 0.0049350 0.0094324 0.0000000 0.0150789 0.0134405 0.0000000 0.0043757 0.0000000 0.0014799 0.0027213 0.0036906 0.0293923 0.0181009 0.0011251 0.0010921 0.0000000 0.0058798 0.0030938 0.8757696
174 H 174 0.0046683 0.0081145 0.0030849 0.0032659 0.0000000 0.0109229 0.0292940 0.0032391 0.0032847 0.0000000 0.0000000 0.0191575 0.0000000 0.0026171 0.0000000 0.0000000 0.0000000 0.0000000 0.0000000 0.0022530 0.9100981
175 H 175 0.0000000 0.0000000 0.0225383 0.0036978 0.0000000 0.0075798 0.0000000 0.0000000 0.0032847 0.0000000 0.0000000 0.0000000 0.0000000 0.0000000 0.0000000 0.0045178 0.0000000 0.0000000 0.0024680 0.0000000 0.9559136
