  141         A         R         N         D         C         Q         E         G         H         I         L         K         M         F         P         S         T         W         Y         V         X    
  1 G   1 0.0000000 0.0000000 0.0000000 0.0000000 0.0000000 0.0000000 0.0000000 0.0074939 0.0000000 0.0000000 0.0000000 0.0000000 0.0000000 0.0000000 0.0000000 0.0000000 0.0000000 0.0000000 0.0000000 0.0000000 0.9925061
  2 D   2 0.0000000 0.0000000 0.0390744 0.3797080 0.0000000 0.0000000 0.0000000 0.0000000 0.0000000 0.0000000 0.0000000 0.0000000 0.0000000 0.0000000 0.0000000 0.0000000 0.0000000 0.0000000 0.0000000 0.0000000 0.5812176
  3 I   3 0.0000000 0.0000000 0.0000000 0.0000000 0.0000000 0.0000000 0.0000000 0.0000000 0.0000000 0.3002329 0.0386075 0.0000000 0.0142106 0.0000000 0.0590782 0.0000000 0.0000000 0.0000000 0.0000000 0.0400964 0.5477745
  4 R   4 0.0000000 0.3478405 0.0000000 0.0000000 0.0000000 0.0000000 0.0000000 0.0200888 0.0000000 0.0000000 0.0189856 0.0341677 0.0142106 0.0000000 0.0000000 0.0217611 0.0293390 0.0000000 0.0000000 0.0000000 0.5136068
  5 D   5 0.0000000 0.0000000 0.0000000 0.3699445 0.0000000 0.0189856 0.0000000 0.0000000 0.0000000 0.0446471 0.0000000 0.0000000 0.0000000 0.0142106 0.0000000 0.0511001 0.0000000 0.0000000 0.0000000 0.0000000 0.5011121
  6 Y   6 0.0000000 0.0000000 0.0000000 0.0000000 0.0000000 0.0000000 0.0000000 0.0000000 0.0000000 0.0000000 0.0000000 0.0000000 0.0708179 0.0482153 0.0000000 0.0000000 0.0000000 0.0341677 0.3552289 0.0000000 0.4915702
  7 N   7 0.0000000 0.0000000 0.1760842 0.0000000 0.0000000 0.0000000 0.0000000 0.0000000 0.0000000 0.0000000 0.0000000 0.0000000 0.0000000 0.0000000 0.0000000 0.1893951 0.1763581 0.0000000 0.0000000 0.0000000 0.4581627
  8 D   8 0.0000000 0.0000000 0.0000000 0.4012218 0.0000000 0.0000000 0.1064478 0.0000000 0.0000000 0.0000000 0.0000000 0.0341677 0.0000000 0.0000000 0.0000000 0.0000000 0.0000000 0.0000000 0.0000000 0.0000000 0.4581627
  9 A   9 0.4256703 0.0000000 0.0000000 0.0000000 0.0000000 0.0000000 0.0189856 0.0000000 0.0000000 0.0000000 0.0000000 0.0746972 0.0341677 0.0000000 0.0000000 0.0095174 0.0000000 0.0000000 0.0000000 0.0200888 0.4168730
 10 D  10 0.0000000 0.0000000 0.0341127 0.5731354 0.0000000 0.0000000 0.0110865 0.0446471 0.0000000 0.0000000 0.0000000 0.0000000 0.0000000 0.0000000 0.0000000 0.0000000 0.0000000 0.0000000 0.0000000 0.0000000 0.3370183
 11 M  11 0.0142106 0.0000000 0.0000000 0.0000000 0.0000000 0.0000000 0.0000000 0.0000000 0.0000000 0.0568898 0.3266122 0.0000000 0.2100383 0.0000000 0.0000000 0.0000000 0.0000000 0.0000000 0.0335954 0.0315456 0.3271081
 12 A  12 0.0943270 0.0000000 0.0341677 0.0675202 0.0000000 0.0334431 0.3912321 0.0000000 0.0000000 0.0000000 0.0000000 0.0000000 0.0000000 0.0000000 0.0000000 0.0000000 0.0446471 0.0000000 0.0156001 0.0000000 0.3190625
 13 R  13 0.0335954 0.2954797 0.0341127 0.0124947 0.0000000 0.0189856 0.0754574 0.0780903 0.0566073 0.0000000 0.0000000 0.0761144 0.0000000 0.0000000 0.0000000 0.0000000 0.0000000 0.0000000 0.0000000 0.0000000 0.3190625
 14 L  14 0.0000000 0.0000000 0.0000000 0.0000000 0.0000000 0.0000000 0.0000000 0.0080456 0.0000000 0.0334075 0.5607245 0.0000000 0.0000000 0.0446471 0.0000000 0.0000000 0.0000000 0.0000000 0.0000000 0.0341127 0.3190625
 15 L  15 0.0334075 0.0000000 0.0000000 0.0412897 0.0000000 0.0000000 0.0914088 0.0000000 0.0000000 0.0000000 0.3508068 0.0000000 0.0000000 0.0548102 0.0000000 0.0000000 0.0000000 0.0341127 0.0751018 0.0000000 0.3190625
 16 E  16 0.0000000 0.0000000 0.0000000 0.2954888 0.0000000 0.0000000 0.2493647 0.0000000 0.0000000 0.0000000 0.0000000 0.1102938 0.0000000 0.0000000 0.0080456 0.0000000 0.0000000 0.0000000 0.0000000 0.0412897 0.2955175
 17 Q  17 0.0335954 0.0000000 0.0000000 0.0341127 0.0000000 0.5269056 0.0685791 0.0412897 0.0000000 0.0000000 0.0000000 0.0000000 0.0000000 0.0000000 0.0000000 0.0000000 0.0000000 0.0000000 0.0000000 0.0000000 0.2955175
 18 W  18 0.0000000 0.0000000 0.0000000 0.0412897 0.0000000 0.0000000 0.0341127 0.0080456 0.0000000 0.0000000 0.0000000 0.0000000 0.0334075 0.0000000 0.0000000 0.0000000 0.0000000 0.5876270 0.0000000 0.0000000 0.2955175
 19 E  19 0.0334075 0.0000000 0.0200888 0.0236136 0.0000000 0.0182590 0.5388923 0.0235450 0.0000000 0.0412897 0.0000000 0.0000000 0.0000000 0.0000000 0.0000000 0.0000000 0.0156001 0.0000000 0.0000000 0.0000000 0.2853041
 20 K  20 0.0869828 0.0000000 0.0859368 0.0682804 0.0000000 0.0124947 0.3295472 0.0000000 0.0000000 0.0000000 0.0000000 0.1329422 0.0000000 0.0000000 0.0000000 0.0000000 0.0000000 0.0000000 0.0000000 0.0114569 0.2723590
 21 D  21 0.0000000 0.0000000 0.1683712 0.4100834 0.0000000 0.0000000 0.0365744 0.0890671 0.0000000 0.0000000 0.0000000 0.0000000 0.0000000 0.0000000 0.0000000 0.0000000 0.0235450 0.0000000 0.0000000 0.0000000 0.2723590
 22 D  22 0.0000000 0.0000000 0.0000000 0.5746059 0.0000000 0.0000000 0.1138900 0.0156001 0.0000000 0.0000000 0.0000000 0.0000000 0.0000000 0.0000000 0.0235450 0.0000000 0.0000000 0.0000000 0.0000000 0.0000000 0.2723590
 23 D  23 0.0335954 0.0000000 0.0000000 0.2272538 0.0000000 0.0412897 0.2708042 0.0000000 0.0446471 0.0000000 0.0000000 0.0000000 0.0000000 0.0341127 0.0000000 0.0000000 0.0235450 0.0000000 0.0334075 0.0189856 0.2723590
 24 I  24 0.0235450 0.0000000 0.0000000 0.1108971 0.0000000 0.0000000 0.0629344 0.0000000 0.0000000 0.1641620 0.0189856 0.0443261 0.0446471 0.0000000 0.2466868 0.0000000 0.0114569 0.0000000 0.0000000 0.0000000 0.2723590
 25 E  25 0.0000000 0.0000000 0.0000000 0.0986488 0.0000000 0.0000000 0.3987614 0.0000000 0.0000000 0.0000000 0.1180159 0.0446471 0.0000000 0.0000000 0.0334551 0.0341127 0.0000000 0.0000000 0.0000000 0.0000000 0.2723590
 26 E  26 0.0000000 0.0000000 0.0000000 0.0334431 0.0000000 0.0000000 0.3447629 0.0000000 0.0000000 0.0000000 0.0938618 0.0000000 0.0000000 0.0000000 0.1532685 0.0235450 0.0000000 0.0341127 0.0000000 0.0000000 0.3170061
 27 G  27 0.0000000 0.0000000 0.0000000 0.2158795 0.0000000 0.0000000 0.0656888 0.2016322 0.0000000 0.0000000 0.0093144 0.0000000 0.0000000 0.0341677 0.1248324 0.0571404 0.0000000 0.0189856 0.0000000 0.0000000 0.2723590
 28 D  28 0.0000000 0.0000000 0.0000000 0.3242503 0.0000000 0.0000000 0.3621011 0.0000000 0.0000000 0.0000000 0.0000000 0.0000000 0.0000000 0.0000000 0.0412897 0.0000000 0.0000000 0.0000000 0.0000000 0.0000000 0.2723590
 29 L  29 0.0000000 0.0000000 0.0341677 0.1139505 0.0000000 0.0000000 0.1691732 0.0335954 0.0000000 0.0334075 0.3373507 0.0000000 0.0059959 0.0000000 0.0000000 0.0000000 0.0000000 0.0000000 0.0000000 0.0000000 0.2723590
 30 P  30 0.0000000 0.0000000 0.0000000 0.0335954 0.0000000 0.0000000 0.0738331 0.0000000 0.0000000 0.0334431 0.1122401 0.0341127 0.0102134 0.0648347 0.3566282 0.0000000 0.0200888 0.0000000 0.0000000 0.0000000 0.2610105
 31 E  31 0.0334075 0.0000000 0.0446471 0.0235450 0.0000000 0.0189856 0.3809201 0.0000000 0.0000000 0.0000000 0.0000000 0.0404255 0.0000000 0.0341127 0.1629459 0.0000000 0.0000000 0.0000000 0.0000000 0.0000000 0.2610105
 32 H  32 0.0334075 0.0542565 0.0000000 0.0000000 0.0000000 0.0189856 0.0188318 0.0959365 0.4652299 0.0000000 0.0000000 0.0000000 0.0000000 0.0000000 0.0000000 0.0000000 0.0000000 0.0124947 0.0335300 0.0000000 0.2673275
 33 K  33 0.0000000 0.1641120 0.0000000 0.0000000 0.0000000 0.0000000 0.0102134 0.0000000 0.0000000 0.0000000 0.2401976 0.2629078 0.0434425 0.0000000 0.0000000 0.0000000 0.0000000 0.0334431 0.0335954 0.0000000 0.2120881
 34 R  34 0.0000000 0.6600777 0.0000000 0.0000000 0.0000000 0.0436546 0.0000000 0.0000000 0.0000000 0.0000000 0.0000000 0.1254693 0.0000000 0.0000000 0.0000000 0.0000000 0.0000000 0.0000000 0.0000000 0.0000000 0.1707985
 35 P  35 0.0334075 0.0000000 0.0000000 0.0000000 0.0000000 0.0000000 0.0000000 0.0211609 0.0000000 0.0000000 0.0000000 0.1539816 0.0000000 0.0000000 0.5130911 0.0566623 0.0095603 0.0000000 0.0000000 0.0077423 0.2043939
 36 S  36 0.1913979 0.0412497 0.0000000 0.0000000 0.0000000 0.1152401 0.0132252 0.0000000 0.0000000 0.0121466 0.0069242 0.0340784 0.0000000 0.0000000 0.1708746 0.2082312 0.0208903 0.0000000 0.0000000 0.0000000 0.1857419
 37 A  37 0.1908138 0.0211609 0.0000000 0.0000000 0.0000000 0.0723531 0.0266388 0.0334075 0.0000000 0.0000000 0.0000000 0.0000000 0.0239358 0.0000000 0.4509603 0.0412897 0.0000000 0.0000000 0.0000000 0.0106746 0.1287655
 38 P  38 0.0000000 0.0000000 0.0000000 0.0000000 0.0000000 0.1417197 0.0000000 0.0340784 0.0106746 0.0000000 0.0341127 0.1860962 0.0000000 0.0000000 0.4401294 0.0372552 0.0000000 0.0000000 0.0000000 0.0000000 0.1159339
 39 I  39 0.0906129 0.0000000 0.0000000 0.0000000 0.0000000 0.0000000 0.0000000 0.0334075 0.0000000 0.3054615 0.1587939 0.0000000 0.0538571 0.0927558 0.0676248 0.0363917 0.0140926 0.0000000 0.0000000 0.0475846 0.0994176
 40 D  40 0.0000000 0.0000000 0.0664031 0.8247075 0.0000000 0.0000000 0.0000000 0.0000000 0.0000000 0.0000000 0.0000000 0.0000000 0.0334075 0.0000000 0.0000000 0.0000000 0.0000000 0.0000000 0.0000000 0.0000000 0.0754819
 41 F  41 0.1016879 0.0000000 0.0000000 0.0000000 0.0000000 0.0000000 0.0000000 0.0000000 0.0000000 0.0940568 0.3021024 0.0000000 0.0642255 0.2305990 0.0360009 0.0412897 0.0530640 0.0000000 0.0000000 0.0179581 0.0590156
 42 S  42 0.0147796 0.0340784 0.0790127 0.0234950 0.0000000 0.0239358 0.0200888 0.0402088 0.0000000 0.0000000 0.0000000 0.0000000 0.0404255 0.0412897 0.0000000 0.5194346 0.1042355 0.0000000 0.0000000 0.0000000 0.0590156
 43 K  43 0.0000000 0.0911635 0.0591653 0.0000000 0.0000000 0.1943543 0.0315456 0.0418039 0.0235450 0.0000000 0.0441177 0.4613771 0.0000000 0.0000000 0.0000000 0.0275075 0.0000000 0.0000000 0.0000000 0.0000000 0.0254202
 44 L  44 0.0687255 0.0000000 0.0000000 0.0000000 0.0000000 0.0000000 0.0000000 0.0000000 0.0000000 0.2864818 0.3308790 0.0000000 0.1758078 0.0528549 0.0000000 0.0000000 0.0000000 0.0000000 0.0000000 0.0598307 0.0254202
 45 D  45 0.0390744 0.0000000 0.0643243 0.5501725 0.0000000 0.0791496 0.0000000 0.0164185 0.0000000 0.0000000 0.0000000 0.0867003 0.0113484 0.0000000 0.0000000 0.0490533 0.0458549 0.0000000 0.0000000 0.0000000 0.0579039
 46 P  46 0.0765406 0.0000000 0.0550618 0.0573433 0.0000000 0.0000000 0.0151556 0.0951734 0.0000000 0.0377556 0.0797462 0.0000000 0.0947424 0.0164185 0.3058164 0.0372662 0.0352731 0.0000000 0.0000000 0.0334431 0.0602639
 47 G  47 0.0389882 0.0340784 0.0222345 0.1052727 0.0000000 0.0095174 0.0474308 0.1525901 0.0334431 0.0000000 0.0000000 0.1921752 0.0000000 0.0000000 0.0000000 0.2907599 0.0146821 0.0000000 0.0000000 0.0334075 0.0254202
 48 K  48 0.0551817 0.0046234 0.2297935 0.1845488 0.0000000 0.0789669 0.0589570 0.0214664 0.0000000 0.0000000 0.0000000 0.1816425 0.0000000 0.0000000 0.0000000 0.1278818 0.0569381 0.0000000 0.0000000 0.0000000 0.0000000
 49 P  49 0.0000000 0.0000000 0.0000000 0.0000000 0.0000000 0.0200888 0.0748851 0.0214664 0.0340784 0.1321509 0.0995263 0.0000000 0.0124947 0.0000000 0.5384588 0.0334431 0.0334075 0.0000000 0.0000000 0.0000000 0.0000000
 50 E  50 0.0341127 0.0000000 0.0000000 0.0738118 0.0000000 0.1887608 0.5231644 0.0969237 0.0000000 0.0340784 0.0211609 0.0151556 0.0128316 0.0000000 0.0000000 0.0000000 0.0000000 0.0000000 0.0000000 0.0000000 0.0000000
 51 S  51 0.0653101 0.0000000 0.1034987 0.1411763 0.0000000 0.1168583 0.1698023 0.0311070 0.0000000 0.0000000 0.0214664 0.0341127 0.0254202 0.0000000 0.0000000 0.2511739 0.0400743 0.0000000 0.0000000 0.0000000 0.0000000
 52 I  52 0.0334431 0.0000000 0.0000000 0.0214664 0.0000000 0.0412897 0.1159160 0.0000000 0.0000000 0.2248569 0.2799198 0.0000000 0.0670655 0.0128316 0.0000000 0.0000000 0.0787256 0.0000000 0.0000000 0.0908900 0.0335954
 53 L  53 0.0339611 0.0000000 0.0254202 0.0000000 0.0000000 0.0341127 0.0000000 0.0000000 0.0000000 0.0128316 0.5371720 0.0000000 0.1317101 0.0000000 0.0000000 0.0334431 0.0966183 0.0340784 0.0000000 0.0270570 0.0335954
 54 K  54 0.0808361 0.0855722 0.0000000 0.0000000 0.0000000 0.0296409 0.0410369 0.0239358 0.0000000 0.0000000 0.0453385 0.4052539 0.2207119 0.0000000 0.0000000 0.0340784 0.0000000 0.0000000 0.0000000 0.0000000 0.0335954
 55 M  55 0.1803289 0.0653586 0.0000000 0.0000000 0.0000000 0.0334075 0.0402709 0.0412897 0.0000000 0.0905460 0.0619721 0.1082151 0.2511576 0.0000000 0.0000000 0.0077423 0.0239358 0.0000000 0.0000000 0.0621801 0.0335954
 56 T  56 0.0891402 0.0994498 0.0000000 0.0000000 0.0000000 0.1070687 0.0000000 0.0164662 0.0000000 0.0780903 0.0000000 0.0000000 0.0124947 0.0000000 0.0000000 0.3526718 0.2446183 0.0000000 0.0000000 0.0000000 0.0000000
 57 K  57 0.0556341 0.0341127 0.0239358 0.0000000 0.0000000 0.0400112 0.0000000 0.0000000 0.1243209 0.0000000 0.0000000 0.7055668 0.0000000 0.0000000 0.0000000 0.0000000 0.0164185 0.0000000 0.0000000 0.0000000 0.0000000
 58 K  58 0.1878241 0.0156001 0.0000000 0.0000000 0.0000000 0.0000000 0.0000000 0.0000000 0.0235450 0.0575788 0.0000000 0.5905631 0.0000000 0.0577081 0.0000000 0.0355590 0.0316218 0.0000000 0.0000000 0.0000000 0.0000000
 59 G  59 0.0000000 0.0124947 0.0334075 0.0334431 0.0000000 0.0000000 0.0000000 0.8264477 0.0156001 0.0000000 0.0335954 0.0000000 0.0000000 0.0235450 0.0000000 0.0214664 0.0000000 0.0000000 0.0000000 0.0000000 0.0000000
 60 K  60 0.0000000 0.1261321 0.0000000 0.0000000 0.0000000 0.2167341 0.0412897 0.0786068 0.0000000 0.0000000 0.0000000 0.3872087 0.0000000 0.0000000 0.0000000 0.0000000 0.0000000 0.0000000 0.0000000 0.0000000 0.1500287
 61 T  61 0.0334075 0.0000000 0.0000000 0.0000000 0.0000000 0.0340784 0.0334431 0.0329321 0.0412897 0.0000000 0.0000000 0.0000000 0.0100350 0.0000000 0.2943631 0.1013736 0.4190775 0.0000000 0.0000000 0.0000000 0.0000000
 62 L  62 0.0524444 0.0000000 0.0000000 0.0000000 0.0000000 0.0891745 0.0000000 0.0000000 0.0000000 0.0535106 0.4220291 0.0000000 0.0334431 0.0000000 0.0000000 0.0312459 0.0341677 0.0000000 0.0000000 0.2393376 0.0446471
 63 M  63 0.0000000 0.0000000 0.0000000 0.0000000 0.0000000 0.0000000 0.0000000 0.0340784 0.0000000 0.0602130 0.0754024 0.0334431 0.7115611 0.0688835 0.0000000 0.0000000 0.0000000 0.0000000 0.0000000 0.0164185 0.0000000
 64 M  64 0.0000000 0.0000000 0.0000000 0.0000000 0.0000000 0.0000000 0.0000000 0.1394610 0.0000000 0.1134645 0.1080363 0.0000000 0.3864036 0.0254202 0.0000000 0.0115775 0.1363814 0.0000000 0.0000000 0.0792555 0.0000000
 65 F  65 0.0334075 0.0000000 0.0000000 0.0000000 0.0000000 0.0000000 0.0000000 0.0000000 0.0000000 0.0000000 0.0000000 0.0000000 0.0000000 0.8912244 0.0000000 0.0000000 0.0000000 0.0000000 0.0340784 0.0000000 0.0412897
 66 V  66 0.1200332 0.0000000 0.0000000 0.0000000 0.0000000 0.0000000 0.0000000 0.0000000 0.0000000 0.0100350 0.0254202 0.0000000 0.0000000 0.0000000 0.0000000 0.0000000 0.0000000 0.0000000 0.0000000 0.8445117 0.0000000
 67 T  67 0.0061925 0.0522393 0.1079126 0.1030182 0.0000000 0.0406681 0.0000000 0.0308652 0.0000000 0.0000000 0.0000000 0.2391577 0.0000000 0.0000000 0.0000000 0.0898491 0.3300974 0.0000000 0.0000000 0.0000000 0.0000000
 68 V  68 0.0000000 0.0000000 0.0000000 0.0000000 0.0000000 0.0000000 0.0000000 0.0000000 0.0000000 0.0464483 0.2600822 0.0000000 0.0667109 0.0588633 0.0000000 0.0000000 0.0931745 0.0000000 0.0000000 0.4747208 0.0000000
 69 S  69 0.0707973 0.2452590 0.0793344 0.0411854 0.0000000 0.0266663 0.0239358 0.0000000 0.0432016 0.0000000 0.0106897 0.0431373 0.0095603 0.0000000 0.0000000 0.2775284 0.0247118 0.0000000 0.0000000 0.1039927 0.0000000
 70 G  70 0.0254202 0.0000000 0.0099102 0.0346255 0.0000000 0.0091797 0.0359019 0.5036362 0.0000000 0.0000000 0.0817673 0.0000000 0.0000000 0.0151556 0.1906481 0.0395130 0.0000000 0.0000000 0.0000000 0.0000000 0.0542423
 71 N  71 0.0000000 0.0113484 0.1900306 0.2941706 0.0000000 0.0085507 0.0229575 0.1441893 0.0000000 0.0000000 0.0000000 0.0886651 0.0000000 0.0000000 0.0819821 0.1581055 0.0000000 0.0000000 0.0000000 0.0000000 0.0000000
 72 P  72 0.0000000 0.1146463 0.0000000 0.0600457 0.0000000 0.0334075 0.0000000 0.0335954 0.0000000 0.0761672 0.0592504 0.0000000 0.0334431 0.0000000 0.4809487 0.0132252 0.0128467 0.0000000 0.0106746 0.0717492 0.0000000
 73 T  73 0.0234950 0.1282210 0.0106746 0.0156001 0.0000000 0.0000000 0.0000000 0.0000000 0.0000000 0.0106897 0.0000000 0.0000000 0.0000000 0.0000000 0.0000000 0.3519763 0.4180537 0.0000000 0.0000000 0.0000000 0.0412897
 74 E  74 0.0090673 0.2897382 0.0000000 0.0000000 0.0000000 0.0416277 0.3495484 0.0000000 0.0000000 0.0341127 0.0000000 0.1809017 0.0000000 0.0000000 0.0124947 0.0000000 0.0334075 0.0000000 0.0000000 0.0078120 0.0412897
 75 K  75 0.0638600 0.0334075 0.0150511 0.1305127 0.0000000 0.0245956 0.2136450 0.0211609 0.0099102 0.0000000 0.0000000 0.3028753 0.0000000 0.0000000 0.0404255 0.0140926 0.0963851 0.0000000 0.0000000 0.0340784 0.0000000
 76 E  76 0.0000000 0.0099102 0.0000000 0.0692541 0.0000000 0.0453879 0.5907507 0.0000000 0.0000000 0.0000000 0.0000000 0.0090673 0.0000000 0.0610683 0.1124604 0.0000000 0.0128316 0.0000000 0.0234950 0.0164185 0.0493560
 77 T  77 0.1174995 0.0211609 0.0493560 0.0000000 0.0000000 0.0000000 0.0000000 0.0171132 0.0000000 0.0334431 0.0931002 0.0000000 0.0820380 0.0000000 0.0000000 0.0198533 0.3736527 0.0000000 0.0000000 0.1927830 0.0000000
 78 E  78 0.0788650 0.0000000 0.0341127 0.2409306 0.0000000 0.0378174 0.3940676 0.0412897 0.0000000 0.0164185 0.0000000 0.0787256 0.0147796 0.0000000 0.0465271 0.0000000 0.0000000 0.0000000 0.0000000 0.0164662 0.0000000
 79 E  79 0.0412897 0.0375668 0.0340784 0.2035988 0.0000000 0.0262214 0.3471724 0.0312459 0.0000000 0.0095419 0.0124557 0.1054254 0.0090673 0.0000000 0.0000000 0.0153031 0.0695302 0.0000000 0.0000000 0.0575030 0.0000000
 80 I  80 0.0124557 0.0000000 0.0000000 0.0000000 0.0000000 0.0000000 0.0000000 0.0000000 0.0000000 0.4530733 0.2435503 0.0000000 0.0207109 0.0260718 0.0000000 0.0000000 0.0235450 0.0639205 0.0000000 0.1566724 0.0000000
 81 T  81 0.1969922 0.0000000 0.0000000 0.0000000 0.0000000 0.0000000 0.0000000 0.0872660 0.0000000 0.0234950 0.0498404 0.0000000 0.0878402 0.0340784 0.0000000 0.0922627 0.4282250 0.0000000 0.0000000 0.0000000 0.0000000
 82 S  82 0.0879663 0.0730409 0.0379100 0.0340784 0.0000000 0.0275011 0.0580485 0.1472772 0.0000000 0.0000000 0.0579442 0.1374080 0.0952835 0.0000000 0.0000000 0.2122961 0.0312459 0.0000000 0.0000000 0.0000000 0.0000000
 83 L  83 0.0000000 0.1895743 0.0000000 0.0254202 0.0000000 0.0000000 0.0000000 0.0000000 0.0000000 0.1466411 0.3986931 0.1709711 0.0353927 0.0211609 0.0000000 0.0000000 0.0000000 0.0000000 0.0000000 0.0121466 0.0000000
 84 W  84 0.0000000 0.0000000 0.0000000 0.0000000 0.0000000 0.0000000 0.0000000 0.0000000 0.0000000 0.0000000 0.0341677 0.0000000 0.0000000 0.0000000 0.0000000 0.0000000 0.0000000 0.8718292 0.0493560 0.0000000 0.0446471
 85 Q  85 0.0555791 0.0234950 0.0000000 0.0000000 0.0000000 0.6026198 0.0211609 0.0000000 0.0000000 0.0000000 0.0334431 0.0335954 0.0000000 0.0000000 0.0000000 0.0293979 0.1100631 0.0000000 0.0000000 0.0906456 0.0000000
 86 G  86 0.0863864 0.0129316 0.0547409 0.0102134 0.0000000 0.0341677 0.0335954 0.1072722 0.0412274 0.0000000 0.0334075 0.0540561 0.0675215 0.0000000 0.0000000 0.1394108 0.2614362 0.0189856 0.0000000 0.0000000 0.0446471
 87 S  87 0.0412349 0.0334431 0.0552394 0.0000000 0.0000000 0.0620958 0.0000000 0.0443187 0.0000000 0.0000000 0.1026784 0.0000000 0.0904852 0.0000000 0.0000000 0.3993279 0.0000000 0.0000000 0.0000000 0.1265294 0.0446471
 88 L  88 0.0341677 0.0000000 0.0000000 0.0000000 0.0000000 0.0000000 0.0000000 0.0000000 0.0000000 0.0000000 0.8195509 0.0000000 0.0681911 0.0334431 0.0000000 0.0000000 0.0000000 0.0000000 0.0000000 0.0000000 0.0446471
 89 F  89 0.0000000 0.2500664 0.0000000 0.0000000 0.0000000 0.1049856 0.0000000 0.0000000 0.0128316 0.0340784 0.0211609 0.0986330 0.0100350 0.2391623 0.0000000 0.0000000 0.0000000 0.1439741 0.0404255 0.0000000 0.0446471
 90 N  90 0.0000000 0.0000000 0.6908148 0.0000000 0.0000000 0.0254202 0.0000000 0.0000000 0.0000000 0.0000000 0.0341677 0.0000000 0.0000000 0.0000000 0.0000000 0.0654892 0.1394610 0.0000000 0.0000000 0.0000000 0.0446471
 91 A  91 0.3137495 0.0000000 0.3447217 0.0000000 0.0340784 0.0000000 0.0000000 0.2628032 0.0000000 0.0000000 0.0000000 0.0000000 0.0000000 0.0000000 0.0000000 0.0000000 0.0000000 0.0000000 0.0000000 0.0000000 0.0446471
 92 N  92 0.0788650 0.0000000 0.1923509 0.0000000 0.0000000 0.0200888 0.0000000 0.1185246 0.4388203 0.0000000 0.0000000 0.0412897 0.0000000 0.0000000 0.0000000 0.0654136 0.0000000 0.0000000 0.0000000 0.0000000 0.0446471
 93 Y  93 0.0412897 0.0000000 0.0000000 0.0000000 0.0000000 0.0000000 0.0000000 0.0000000 0.0254202 0.4038819 0.0469993 0.0000000 0.0454022 0.0449431 0.0000000 0.0000000 0.0000000 0.0000000 0.1432646 0.2041519 0.0446471
 94 D  94 0.0248146 0.0000000 0.0189856 0.2623562 0.0000000 0.1501982 0.2446448 0.0705775 0.0000000 0.0583622 0.0000000 0.0000000 0.0000000 0.0000000 0.0239358 0.0555791 0.0124557 0.0000000 0.0000000 0.0334431 0.0446471
 95 V  95 0.2158377 0.0000000 0.0000000 0.0341127 0.0000000 0.0000000 0.0214664 0.0000000 0.0000000 0.0467604 0.0934896 0.0000000 0.0256675 0.0000000 0.0000000 0.0668507 0.0000000 0.0000000 0.0000000 0.4511680 0.0446471
 96 Q  96 0.0000000 0.1459799 0.0140926 0.0000000 0.0000000 0.3046346 0.2007489 0.0000000 0.0000000 0.0000000 0.0000000 0.1333307 0.0000000 0.0000000 0.0000000 0.0892295 0.0673366 0.0000000 0.0000000 0.0000000 0.0446471
 97 R  97 0.0000000 0.4762640 0.0000000 0.0000000 0.0000000 0.0000000 0.0000000 0.0000000 0.0000000 0.0335954 0.0214664 0.0000000 0.0000000 0.1606078 0.0000000 0.0239358 0.0234950 0.0000000 0.0000000 0.2071792 0.0534564
 98 F  98 0.0000000 0.0334431 0.0235450 0.0000000 0.0000000 0.0000000 0.0000000 0.0000000 0.0000000 0.0000000 0.0598619 0.0000000 0.0565829 0.2546076 0.0000000 0.0000000 0.0280872 0.0000000 0.4401844 0.0502315 0.0534564
 99 I  99 0.1162301 0.0000000 0.0000000 0.0000000 0.0000000 0.0000000 0.0593789 0.1129777 0.0000000 0.0889827 0.0284118 0.0000000 0.1066744 0.0827991 0.1237282 0.0412897 0.0883829 0.0000000 0.0000000 0.0976882 0.0534564
100 V 100 0.0000000 0.0000000 0.0000000 0.0000000 0.0257835 0.0000000 0.0000000 0.0000000 0.0000000 0.3808724 0.0971129 0.0000000 0.0000000 0.0000000 0.0000000 0.0334431 0.0000000 0.0000000 0.0000000 0.4093317 0.0534564
101 G 101 0.0464271 0.0000000 0.0422497 0.4458118 0.0000000 0.0334431 0.1816790 0.1004744 0.0000000 0.0000000 0.0000000 0.0545685 0.0000000 0.0000000 0.0000000 0.0418900 0.0000000 0.0000000 0.0000000 0.0000000 0.0534564
102 S 102 0.0540396 0.0164185 0.0266663 0.2997404 0.0000000 0.0254301 0.0768360 0.0257835 0.0124947 0.0140926 0.0541590 0.0000000 0.0000000 0.0312459 0.0000000 0.1593984 0.0858230 0.0000000 0.0000000 0.0644158 0.0534564
103 D 103 0.0412897 0.0091797 0.2951606 0.2594977 0.0000000 0.0000000 0.0340784 0.0988211 0.0000000 0.0000000 0.0000000 0.0950813 0.0000000 0.0000000 0.0000000 0.0876515 0.0000000 0.0257835 0.0000000 0.0000000 0.0534564
104 R 104 0.0000000 0.5315739 0.0000000 0.0000000 0.0000000 0.0000000 0.0334431 0.0000000 0.0573433 0.0000000 0.0000000 0.0590156 0.0000000 0.0000000 0.0000000 0.0599512 0.1950401 0.0000000 0.0000000 0.0189856 0.0446471
105 A 105 0.3798665 0.0000000 0.0000000 0.0000000 0.0000000 0.0000000 0.0000000 0.0334075 0.0000000 0.0776040 0.0777730 0.0000000 0.0681911 0.0381464 0.0000000 0.0449153 0.0000000 0.0000000 0.0124557 0.2229934 0.0446471
106 I 106 0.0000000 0.0000000 0.0000000 0.0000000 0.0000000 0.0000000 0.0334431 0.0239358 0.0000000 0.4668298 0.2413963 0.0000000 0.1394610 0.0000000 0.0000000 0.0000000 0.0000000 0.0000000 0.0000000 0.0502869 0.0446471
107 F 107 0.0000000 0.0000000 0.0000000 0.0000000 0.0000000 0.0000000 0.0000000 0.0000000 0.0000000 0.0627560 0.0781146 0.0000000 0.0000000 0.6086027 0.0000000 0.0257835 0.0000000 0.0000000 0.0441418 0.1359543 0.0446471
108 M 108 0.0000000 0.0000000 0.0989356 0.0000000 0.0000000 0.0753624 0.0000000 0.0335954 0.0000000 0.0239358 0.1617372 0.0156001 0.3360417 0.0000000 0.0000000 0.0853714 0.1133164 0.0000000 0.0000000 0.0114569 0.0446471
109 L 109 0.0000000 0.0000000 0.0000000 0.0000000 0.0000000 0.0000000 0.0000000 0.0000000 0.0000000 0.0588277 0.4171434 0.0000000 0.1004575 0.2999328 0.0000000 0.0341677 0.0102134 0.0000000 0.0106746 0.0239358 0.0446471
110 R 110 0.0234950 0.1565511 0.0156001 0.0879636 0.0000000 0.1353853 0.1002644 0.0000000 0.0435456 0.0334431 0.0334075 0.2511667 0.0000000 0.0000000 0.0745304 0.0000000 0.0000000 0.0000000 0.0000000 0.0000000 0.0446471
111 D 111 0.0000000 0.0506340 0.0687947 0.5779051 0.0000000 0.0000000 0.0709030 0.0000000 0.0211609 0.0000000 0.0000000 0.0712330 0.0000000 0.0000000 0.0000000 0.0541590 0.0147796 0.0000000 0.0000000 0.0000000 0.0704306
112 G 112 0.0000000 0.0000000 0.0000000 0.0000000 0.0000000 0.0000000 0.0000000 0.8916995 0.0000000 0.0412274 0.0000000 0.0000000 0.0000000 0.0000000 0.0000000 0.0000000 0.0412897 0.0000000 0.0000000 0.0000000 0.0257835
113 S 113 0.1327786 0.0505789 0.0000000 0.0000000 0.0000000 0.0524172 0.0661627 0.0206898 0.0000000 0.0335954 0.0000000 0.1754783 0.0000000 0.0000000 0.0000000 0.3693985 0.0055417 0.0341677 0.0334075 0.0000000 0.0257835
114 Y 114 0.0000000 0.0000000 0.0211609 0.1278556 0.0000000 0.2978046 0.0470993 0.0000000 0.0982066 0.0000000 0.0309614 0.0486818 0.0128316 0.1081743 0.0000000 0.0000000 0.0216703 0.0000000 0.1358073 0.0239628 0.0257835
115 A 115 0.5444262 0.0000000 0.0000000 0.0000000 0.0000000 0.0000000 0.0000000 0.0341677 0.0000000 0.1077891 0.1007260 0.0000000 0.0555791 0.0000000 0.0000000 0.0446471 0.0368674 0.0000000 0.0000000 0.0500139 0.0257835
116 W 116 0.0000000 0.0000000 0.0239358 0.0595329 0.0000000 0.0341677 0.0748229 0.0859368 0.0000000 0.0211609 0.0312459 0.0340784 0.0235450 0.0667155 0.0000000 0.0214664 0.0434427 0.3562908 0.0156001 0.0822748 0.0257835
117 E 117 0.0000000 0.0000000 0.0239358 0.2409901 0.0000000 0.0341677 0.5723518 0.0000000 0.0000000 0.0000000 0.0000000 0.0000000 0.0000000 0.0000000 0.0446471 0.0000000 0.0581240 0.0000000 0.0000000 0.0000000 0.0257835
118 I 118 0.2938535 0.0000000 0.0000000 0.0000000 0.0000000 0.0000000 0.0000000 0.0501613 0.0000000 0.2016796 0.1799550 0.0000000 0.0102134 0.0340784 0.0000000 0.0000000 0.0446471 0.0000000 0.0000000 0.1596281 0.0257835
119 K 119 0.0211609 0.1684960 0.0000000 0.0000000 0.0000000 0.0000000 0.0000000 0.0340784 0.0000000 0.0239358 0.0595879 0.5552717 0.0335954 0.0000000 0.0000000 0.0000000 0.0446471 0.0000000 0.0334431 0.0000000 0.0257835
120 D 120 0.0211609 0.0748851 0.1077978 0.3936576 0.0000000 0.0000000 0.2241209 0.0000000 0.0334431 0.0000000 0.0000000 0.0850727 0.0000000 0.0000000 0.0000000 0.0000000 0.0340784 0.0000000 0.0000000 0.0000000 0.0257835
121 F 121 0.0000000 0.0000000 0.0000000 0.0000000 0.0000000 0.0000000 0.0000000 0.0000000 0.0000000 0.0000000 0.0446471 0.0000000 0.0340784 0.7124576 0.0000000 0.0000000 0.0000000 0.0000000 0.1618723 0.0211609 0.0257835
122 L 122 0.0000000 0.0000000 0.0000000 0.0000000 0.0000000 0.0000000 0.0000000 0.0000000 0.0000000 0.0688835 0.7844331 0.0000000 0.0000000 0.0298109 0.0000000 0.0000000 0.0000000 0.0000000 0.0000000 0.0910890 0.0257835
123 V 123 0.0412897 0.0552394 0.0335954 0.0000000 0.0000000 0.0000000 0.0000000 0.0446471 0.0000000 0.1135460 0.2948742 0.0493560 0.0334431 0.0151556 0.0000000 0.0000000 0.0299989 0.0555791 0.0000000 0.2074921 0.0257835
124 S 124 0.0311539 0.0580283 0.0525066 0.1361334 0.0000000 0.2370404 0.1238256 0.0042678 0.0000000 0.0000000 0.0000000 0.0899094 0.0341127 0.0000000 0.0000000 0.1882144 0.0190241 0.0000000 0.0000000 0.0000000 0.0257835
125 Q 125 0.0000000 0.0341677 0.0000000 0.0340784 0.0000000 0.7493936 0.0776303 0.0000000 0.0142106 0.0000000 0.0200888 0.0000000 0.0000000 0.0000000 0.0000000 0.0000000 0.0000000 0.0000000 0.0000000 0.0000000 0.0704306
126 D 126 0.0000000 0.0000000 0.0200888 0.2545959 0.0000000 0.0067524 0.2390409 0.0000000 0.0782426 0.0000000 0.0000000 0.0340784 0.0000000 0.0000000 0.2877344 0.0536831 0.0000000 0.0000000 0.0000000 0.0000000 0.0257835
127 R 127 0.0000000 0.2781387 0.0594986 0.0519642 0.0000000 0.0234950 0.4135539 0.0446471 0.0000000 0.0000000 0.0000000 0.0000000 0.0000000 0.0110865 0.0000000 0.0088092 0.0200888 0.0000000 0.0293390 0.0000000 0.0593789
128 C 128 0.1394610 0.0000000 0.0000000 0.0000000 0.3889524 0.0000000 0.0000000 0.0000000 0.0000000 0.0378759 0.0889535 0.0000000 0.0000000 0.0000000 0.0000000 0.0000000 0.0000000 0.0000000 0.0000000 0.2853782 0.0593789
129 A 129 0.2171423 0.0341127 0.0000000 0.0746972 0.0000000 0.0290452 0.0956107 0.0000000 0.0000000 0.0000000 0.0511583 0.0796412 0.0000000 0.0276613 0.0000000 0.1129009 0.0293390 0.0000000 0.1729041 0.0164083 0.0593789
130 E 130 0.0000000 0.0000000 0.0214664 0.1675267 0.0000000 0.0603947 0.3705316 0.0418976 0.0644033 0.0000000 0.0000000 0.0341677 0.0000000 0.0000000 0.0000000 0.0663983 0.0597135 0.0000000 0.0412897 0.0128316 0.0593789
131 V 131 0.0000000 0.0000000 0.0000000 0.0000000 0.0334075 0.0000000 0.0000000 0.0000000 0.0000000 0.1126833 0.0633687 0.0000000 0.0000000 0.1420643 0.0000000 0.0000000 0.0000000 0.0412897 0.0000000 0.5478076 0.0593789
132 T 132 0.0000000 0.0000000 0.0000000 0.0000000 0.0000000 0.0099102 0.1149918 0.0000000 0.0000000 0.0000000 0.0000000 0.1394610 0.0334431 0.0000000 0.0000000 0.1184698 0.4902668 0.0000000 0.0000000 0.0340784 0.0593789
133 L 133 0.0000000 0.0000000 0.0000000 0.0000000 0.0000000 0.0000000 0.0000000 0.0000000 0.0000000 0.3556297 0.2802566 0.0000000 0.0412274 0.0839860 0.0000000 0.0000000 0.0000000 0.0897468 0.0000000 0.0897746 0.0593789
134 E 134 0.0000000 0.0000000 0.0897468 0.1275253 0.0000000 0.0189856 0.5649024 0.1394610 0.0000000 0.0000000 0.0000000 0.0000000 0.0000000 0.0000000 0.0000000 0.0000000 0.0000000 0.0000000 0.0000000 0.0000000 0.0593789
135 G 135 0.0000000 0.0000000 0.2039148 0.0801757 0.0000000 0.0556992 0.0598027 0.3449646 0.0000000 0.0000000 0.0000000 0.0164185 0.0000000 0.0000000 0.0000000 0.1796456 0.0000000 0.0000000 0.0000000 0.0000000 0.0593789
136 Q 136 0.0000000 0.1360640 0.0747328 0.0000000 0.0000000 0.4487932 0.0000000 0.0000000 0.0000000 0.0000000 0.0200888 0.2057030 0.0000000 0.0000000 0.0000000 0.0000000 0.0000000 0.0000000 0.0000000 0.0211609 0.0934573
137 M 137 0.0372287 0.0754024 0.0286395 0.0847423 0.0000000 0.0631037 0.0705497 0.0000000 0.0000000 0.0465116 0.0151556 0.0716949 0.0074939 0.0260718 0.0100350 0.0976103 0.0672812 0.0000000 0.0211609 0.1838611 0.0934573
138 Y 138 0.0000000 0.0000000 0.0000000 0.0000000 0.0000000 0.0000000 0.0000000 0.0000000 0.0000000 0.0000000 0.0000000 0.0000000 0.0000000 0.3486484 0.0000000 0.0000000 0.0000000 0.0555791 0.4529593 0.0000000 0.1428133
139 P 139 0.0077423 0.0000000 0.0000000 0.0404255 0.0000000 0.0000000 0.0000000 0.0000000 0.0124557 0.0000000 0.0000000 0.1160714 0.0000000 0.0412897 0.2682103 0.0000000 0.0446471 0.0000000 0.1061800 0.0085507 0.3544273
140 G 140 0.0000000 0.0000000 0.0000000 0.0000000 0.0000000 0.0000000 0.0000000 0.4505684 0.0000000 0.0000000 0.0000000 0.0000000 0.0000000 0.0000000 0.1021237 0.0000000 0.0000000 0.0000000 0.0000000 0.0446471 0.4026608
141 K 141 0.0000000 0.0412897 0.0000000 0.0000000 0.0000000 0.0000000 0.0136765 0.0000000 0.0000000 0.0000000 0.0000000 0.3292295 0.0000000 0.0000000 0.0000000 0.0000000 0.0000000 0.0000000 0.0000000 0.0000000 0.6158043
