  141         A         R         N         D         C         Q         E         G         H         I         L         K         M         F         P         S         T         W         Y         V    
  1 G   1 0.0000000 0.0000000 0.0000000 0.0000000 0.0000000 0.0000000 0.0000000 1.0000000 0.0000000 0.0000000 0.0000000 0.0000000 0.0000000 0.0000000 0.0000000 0.0000000 0.0000000 0.0000000 0.0000000 0.0000000
  2 D   2 0.0000000 0.0000000 0.1040249 0.8959751 0.0000000 0.0000000 0.0000000 0.0000000 0.0000000 0.0000000 0.0000000 0.0000000 0.0000000 0.0000000 0.0000000 0.0000000 0.0000000 0.0000000 0.0000000 0.0000000
  3 I   3 0.0000000 0.0000000 0.0000000 0.0000000 0.0000000 0.0000000 0.0000000 0.0000000 0.0000000 0.6355707 0.0920609 0.0000000 0.0345939 0.0000000 0.1403731 0.0000000 0.0000000 0.0000000 0.0000000 0.0974014
  4 R   4 0.0000000 0.6903014 0.0000000 0.0000000 0.0000000 0.0000000 0.0000000 0.0457670 0.0000000 0.0000000 0.0425461 0.0780742 0.0318930 0.0000000 0.0000000 0.0474250 0.0639932 0.0000000 0.0000000 0.0000000
  5 D   5 0.0000000 0.0000000 0.0000000 0.7592350 0.0000000 0.0414652 0.0000000 0.0000000 0.0000000 0.0596296 0.0000000 0.0000000 0.0000000 0.0310827 0.0000000 0.1085875 0.0000000 0.0000000 0.0000000 0.0000000
  6 Y   6 0.0000000 0.0000000 0.0000000 0.0000000 0.0000000 0.0000000 0.0000000 0.0000000 0.0000000 0.0000000 0.0000000 0.0000000 0.1477647 0.1015362 0.0000000 0.0000000 0.0000000 0.0745999 0.6760992 0.0000000
  7 N   7 0.0000000 0.0000000 0.3130104 0.0000000 0.0000000 0.0000000 0.0000000 0.0000000 0.0000000 0.0000000 0.0000000 0.0000000 0.0000000 0.0000000 0.0000000 0.3415391 0.3454505 0.0000000 0.0000000 0.0000000
  8 D   8 0.0000000 0.0000000 0.0000000 0.7228893 0.0000000 0.0000000 0.2074468 0.0000000 0.0000000 0.0000000 0.0000000 0.0696639 0.0000000 0.0000000 0.0000000 0.0000000 0.0000000 0.0000000 0.0000000 0.0000000
  9 A   9 0.7128529 0.0000000 0.0000000 0.0000000 0.0000000 0.0000000 0.0352912 0.0000000 0.0000000 0.0000000 0.0000000 0.1318879 0.0647611 0.0000000 0.0000000 0.0172441 0.0000000 0.0000000 0.0000000 0.0379628
 10 D  10 0.0000000 0.0000000 0.0550314 0.8819744 0.0000000 0.0000000 0.0179150 0.0450792 0.0000000 0.0000000 0.0000000 0.0000000 0.0000000 0.0000000 0.0000000 0.0000000 0.0000000 0.0000000 0.0000000 0.0000000
 11 M  11 0.0231423 0.0000000 0.0000000 0.0000000 0.0000000 0.0000000 0.0000000 0.0000000 0.0000000 0.0867604 0.5152669 0.0000000 0.2857392 0.0000000 0.0000000 0.0000000 0.0000000 0.0000000 0.0373915 0.0516998
 12 A  12 0.1259017 0.0000000 0.0559658 0.1066974 0.0000000 0.0523032 0.5903846 0.0000000 0.0000000 0.0000000 0.0000000 0.0000000 0.0000000 0.0000000 0.0000000 0.0000000 0.0438585 0.0000000 0.0248888 0.0000000
 13 R  13 0.0369382 0.4383970 0.0535412 0.0186868 0.0000000 0.0304983 0.1167858 0.0961617 0.0879932 0.0000000 0.0000000 0.1209979 0.0000000 0.0000000 0.0000000 0.0000000 0.0000000 0.0000000 0.0000000 0.0000000
 14 L  14 0.0000000 0.0000000 0.0000000 0.0000000 0.0000000 0.0000000 0.0000000 0.0121209 0.0000000 0.0531562 0.8373232 0.0000000 0.0000000 0.0438585 0.0000000 0.0000000 0.0000000 0.0000000 0.0000000 0.0535412
 15 L  15 0.0531562 0.0000000 0.0000000 0.0608199 0.0000000 0.0000000 0.1299138 0.0000000 0.0000000 0.0000000 0.5012252 0.0000000 0.0000000 0.0855281 0.0000000 0.0000000 0.0000000 0.0535412 0.1158157 0.0000000
 16 E  16 0.0000000 0.0000000 0.0000000 0.4433561 0.0000000 0.0000000 0.3330259 0.0000000 0.0000000 0.0000000 0.0000000 0.1531526 0.0000000 0.0000000 0.0117095 0.0000000 0.0000000 0.0000000 0.0000000 0.0587558
 17 Q  17 0.0356846 0.0000000 0.0000000 0.0517241 0.0000000 0.7499654 0.1038700 0.0587558 0.0000000 0.0000000 0.0000000 0.0000000 0.0000000 0.0000000 0.0000000 0.0000000 0.0000000 0.0000000 0.0000000 0.0000000
 18 W  18 0.0000000 0.0000000 0.0000000 0.0587558 0.0000000 0.0000000 0.0517241 0.0117095 0.0000000 0.0000000 0.0000000 0.0000000 0.0513522 0.0000000 0.0000000 0.0000000 0.0000000 0.8264584 0.0000000 0.0000000
 19 E  19 0.0506301 0.0000000 0.0312480 0.0357414 0.0000000 0.0256066 0.7416772 0.0334611 0.0000000 0.0579296 0.0000000 0.0000000 0.0000000 0.0000000 0.0000000 0.0000000 0.0237060 0.0000000 0.0000000 0.0000000
 20 K  20 0.1137467 0.0000000 0.0982091 0.1027394 0.0000000 0.0175319 0.4810909 0.0000000 0.0000000 0.0000000 0.0000000 0.1695448 0.0000000 0.0000000 0.0000000 0.0000000 0.0000000 0.0000000 0.0000000 0.0171372
 21 D  21 0.0000000 0.0000000 0.2478937 0.5509725 0.0000000 0.0000000 0.0544690 0.1137052 0.0000000 0.0000000 0.0000000 0.0000000 0.0000000 0.0000000 0.0000000 0.0000000 0.0329595 0.0000000 0.0000000 0.0000000
 22 D  22 0.0000000 0.0000000 0.0000000 0.7811972 0.0000000 0.0000000 0.1624926 0.0233507 0.0000000 0.0000000 0.0000000 0.0000000 0.0000000 0.0000000 0.0329595 0.0000000 0.0000000 0.0000000 0.0000000 0.0000000
 23 D  23 0.0346554 0.0000000 0.0000000 0.3336038 0.0000000 0.0570612 0.3718553 0.0000000 0.0411480 0.0000000 0.0000000 0.0000000 0.0000000 0.0502323 0.0000000 0.0000000 0.0329595 0.0000000 0.0498711 0.0286134
 24 I  24 0.0329595 0.0000000 0.0000000 0.1666340 0.0000000 0.0000000 0.0776926 0.0000000 0.0000000 0.2135234 0.0286134 0.0640833 0.0411480 0.0000000 0.3582086 0.0000000 0.0171372 0.0000000 0.0000000 0.0000000
 25 E  25 0.0000000 0.0000000 0.0000000 0.1421796 0.0000000 0.0000000 0.5451109 0.0000000 0.0000000 0.0000000 0.1743354 0.0411480 0.0000000 0.0000000 0.0469939 0.0502323 0.0000000 0.0000000 0.0000000 0.0000000
 26 E  26 0.0000000 0.0000000 0.0000000 0.0511766 0.0000000 0.0000000 0.4928611 0.0000000 0.0000000 0.0000000 0.1393068 0.0000000 0.0000000 0.0000000 0.2298936 0.0343739 0.0000000 0.0523880 0.0000000 0.0000000
 27 G  27 0.0000000 0.0000000 0.0000000 0.3132501 0.0000000 0.0000000 0.0961896 0.2478425 0.0000000 0.0000000 0.0135970 0.0000000 0.0000000 0.0525071 0.1803854 0.0676149 0.0000000 0.0286134 0.0000000 0.0000000
 28 D  28 0.0000000 0.0000000 0.0000000 0.4263326 0.0000000 0.0000000 0.5166062 0.0000000 0.0000000 0.0000000 0.0000000 0.0000000 0.0000000 0.0000000 0.0570612 0.0000000 0.0000000 0.0000000 0.0000000 0.0000000
 29 L  29 0.0000000 0.0000000 0.0525071 0.1643542 0.0000000 0.0000000 0.2479666 0.0346554 0.0000000 0.0498711 0.4417598 0.0000000 0.0088858 0.0000000 0.0000000 0.0000000 0.0000000 0.0000000 0.0000000 0.0000000
 30 P  30 0.0000000 0.0000000 0.0000000 0.0341752 0.0000000 0.0000000 0.1077469 0.0000000 0.0000000 0.0483908 0.1658800 0.0495362 0.0136590 0.0887732 0.4614856 0.0000000 0.0303530 0.0000000 0.0000000 0.0000000
 31 E  31 0.0491800 0.0000000 0.0405778 0.0325028 0.0000000 0.0282169 0.5099515 0.0000000 0.0000000 0.0000000 0.0000000 0.0585669 0.0000000 0.0495362 0.2314679 0.0000000 0.0000000 0.0000000 0.0000000 0.0000000
 32 H  32 0.0499736 0.0834578 0.0000000 0.0000000 0.0000000 0.0286723 0.0276348 0.1355653 0.6112454 0.0000000 0.0000000 0.0000000 0.0000000 0.0000000 0.0000000 0.0000000 0.0000000 0.0175680 0.0458828 0.0000000
 33 K  33 0.0000000 0.2206440 0.0000000 0.0000000 0.0000000 0.0000000 0.0129166 0.0000000 0.0000000 0.0000000 0.3229236 0.3053038 0.0601339 0.0000000 0.0000000 0.0000000 0.0000000 0.0457606 0.0323176 0.0000000
 34 R  34 0.0000000 0.7900893 0.0000000 0.0000000 0.0000000 0.0566867 0.0000000 0.0000000 0.0000000 0.0000000 0.0000000 0.1532240 0.0000000 0.0000000 0.0000000 0.0000000 0.0000000 0.0000000 0.0000000 0.0000000
 35 P  35 0.0455550 0.0000000 0.0000000 0.0000000 0.0000000 0.0000000 0.0000000 0.0255399 0.0000000 0.0000000 0.0000000 0.2057651 0.0000000 0.0000000 0.6268388 0.0731468 0.0126323 0.0000000 0.0000000 0.0105220
 36 S  36 0.2432949 0.0526276 0.0000000 0.0000000 0.0000000 0.1508845 0.0148602 0.0000000 0.0000000 0.0153420 0.0095227 0.0415991 0.0000000 0.0000000 0.2191477 0.2277764 0.0249450 0.0000000 0.0000000 0.0000000
 37 A  37 0.1963740 0.0236019 0.0000000 0.0000000 0.0000000 0.0806197 0.0335537 0.0420983 0.0000000 0.0000000 0.0000000 0.0000000 0.0263744 0.0000000 0.5360905 0.0481678 0.0000000 0.0000000 0.0000000 0.0131196
 38 P  38 0.0000000 0.0000000 0.0000000 0.0000000 0.0000000 0.1674578 0.0000000 0.0387023 0.0129552 0.0000000 0.0418718 0.2264551 0.0000000 0.0000000 0.4712167 0.0413410 0.0000000 0.0000000 0.0000000 0.0000000
 39 I  39 0.1053128 0.0000000 0.0000000 0.0000000 0.0000000 0.0000000 0.0000000 0.0407243 0.0000000 0.3422780 0.1858881 0.0000000 0.0617652 0.1053839 0.0689428 0.0393702 0.0139137 0.0000000 0.0000000 0.0364209
 40 D  40 0.0000000 0.0000000 0.0799541 0.8803348 0.0000000 0.0000000 0.0000000 0.0000000 0.0000000 0.0000000 0.0000000 0.0000000 0.0397111 0.0000000 0.0000000 0.0000000 0.0000000 0.0000000 0.0000000 0.0000000
 41 F  41 0.1197440 0.0000000 0.0000000 0.0000000 0.0000000 0.0000000 0.0000000 0.0000000 0.0000000 0.1007962 0.3270800 0.0000000 0.0757961 0.2143761 0.0377476 0.0447724 0.0588819 0.0000000 0.0000000 0.0208057
 42 S  42 0.0140442 0.0364307 0.0913635 0.0244618 0.0000000 0.0245153 0.0241508 0.0482753 0.0000000 0.0000000 0.0000000 0.0000000 0.0465996 0.0447724 0.0000000 0.5350369 0.1103495 0.0000000 0.0000000 0.0000000
 43 K  43 0.0000000 0.0959089 0.0618978 0.0000000 0.0000000 0.1863099 0.0366020 0.0383428 0.0251767 0.0000000 0.0493556 0.4784605 0.0000000 0.0000000 0.0000000 0.0279458 0.0000000 0.0000000 0.0000000 0.0000000
 44 L  44 0.0776091 0.0000000 0.0000000 0.0000000 0.0000000 0.0000000 0.0000000 0.0000000 0.0000000 0.2705369 0.3464361 0.0000000 0.1769270 0.0604116 0.0000000 0.0000000 0.0000000 0.0000000 0.0000000 0.0680793
 45 D  45 0.0470455 0.0000000 0.0538055 0.5919469 0.0000000 0.0805177 0.0000000 0.0159173 0.0000000 0.0000000 0.0000000 0.0978211 0.0111309 0.0000000 0.0000000 0.0543194 0.0474957 0.0000000 0.0000000 0.0000000
 46 P  46 0.0869330 0.0000000 0.0492813 0.0642455 0.0000000 0.0000000 0.0153639 0.1087572 0.0000000 0.0430931 0.0704819 0.0000000 0.1044171 0.0159158 0.3211024 0.0437709 0.0377725 0.0000000 0.0000000 0.0388655
 47 G  47 0.0366982 0.0354663 0.0252927 0.1050224 0.0000000 0.0106798 0.0476805 0.1515162 0.0374836 0.0000000 0.0000000 0.2050395 0.0000000 0.0000000 0.0000000 0.2905574 0.0164686 0.0000000 0.0000000 0.0380949
 48 K  48 0.0507434 0.0040392 0.2386394 0.1919889 0.0000000 0.0749919 0.0629331 0.0206411 0.0000000 0.0000000 0.0000000 0.1607486 0.0000000 0.0000000 0.0000000 0.1351872 0.0600874 0.0000000 0.0000000 0.0000000
 49 P  49 0.0000000 0.0000000 0.0000000 0.0000000 0.0000000 0.0230472 0.0686759 0.0206411 0.0347659 0.1256703 0.1042779 0.0000000 0.0131276 0.0000000 0.5357081 0.0367434 0.0373426 0.0000000 0.0000000 0.0000000
 50 E  50 0.0376131 0.0000000 0.0000000 0.0811548 0.0000000 0.1724015 0.5246624 0.1026840 0.0000000 0.0347659 0.0209357 0.0145250 0.0112575 0.0000000 0.0000000 0.0000000 0.0000000 0.0000000 0.0000000 0.0000000
 51 S  51 0.0604807 0.0000000 0.1106490 0.1473382 0.0000000 0.1213218 0.1676624 0.0344404 0.0000000 0.0000000 0.0206411 0.0376131 0.0197469 0.0000000 0.0000000 0.2386869 0.0414195 0.0000000 0.0000000 0.0000000
 52 I  52 0.0377223 0.0000000 0.0000000 0.0211910 0.0000000 0.0438647 0.1077399 0.0000000 0.0000000 0.2361064 0.2968124 0.0000000 0.0772848 0.0115574 0.0000000 0.0000000 0.0673239 0.0000000 0.0000000 0.1003973
 53 L  53 0.0346683 0.0000000 0.0202729 0.0000000 0.0000000 0.0386151 0.0000000 0.0000000 0.0000000 0.0115574 0.5556597 0.0000000 0.1289658 0.0000000 0.0000000 0.0377223 0.1057220 0.0356921 0.0000000 0.0311243
 54 K  54 0.0876416 0.0969393 0.0000000 0.0000000 0.0000000 0.0321841 0.0467856 0.0240183 0.0000000 0.0000000 0.0411752 0.4144970 0.2210668 0.0000000 0.0000000 0.0356921 0.0000000 0.0000000 0.0000000 0.0000000
 55 M  55 0.2006737 0.0666921 0.0000000 0.0000000 0.0000000 0.0383375 0.0426473 0.0438647 0.0000000 0.0834435 0.0636150 0.1050000 0.2520399 0.0000000 0.0000000 0.0088549 0.0240183 0.0000000 0.0000000 0.0708132
 56 T  56 0.0813564 0.0909982 0.0000000 0.0000000 0.0000000 0.1071378 0.0000000 0.0139459 0.0000000 0.0675543 0.0000000 0.0000000 0.0131276 0.0000000 0.0000000 0.3806662 0.2452135 0.0000000 0.0000000 0.0000000
 57 K  57 0.0599575 0.0376131 0.0233950 0.0000000 0.0000000 0.0386254 0.0000000 0.0000000 0.1186779 0.0000000 0.0000000 0.7066843 0.0000000 0.0000000 0.0000000 0.0000000 0.0150467 0.0000000 0.0000000 0.0000000
 58 K  58 0.1844529 0.0174846 0.0000000 0.0000000 0.0000000 0.0000000 0.0000000 0.0000000 0.0246795 0.0422357 0.0000000 0.6115036 0.0000000 0.0577732 0.0000000 0.0333995 0.0284709 0.0000000 0.0000000 0.0000000
 59 G  59 0.0000000 0.0131276 0.0373426 0.0367434 0.0000000 0.0000000 0.0000000 0.8240317 0.0174846 0.0000000 0.0259494 0.0000000 0.0000000 0.0246795 0.0000000 0.0206411 0.0000000 0.0000000 0.0000000 0.0000000
 60 K  60 0.0000000 0.1612313 0.0000000 0.0000000 0.0000000 0.2725904 0.0498301 0.0831193 0.0000000 0.0000000 0.0000000 0.4332289 0.0000000 0.0000000 0.0000000 0.0000000 0.0000000 0.0000000 0.0000000 0.0000000
 61 T  61 0.0373426 0.0000000 0.0000000 0.0000000 0.0000000 0.0347659 0.0367434 0.0363983 0.0427265 0.0000000 0.0000000 0.0000000 0.0109418 0.0000000 0.2836449 0.1064079 0.4110286 0.0000000 0.0000000 0.0000000
 62 L  62 0.0453266 0.0000000 0.0000000 0.0000000 0.0000000 0.0868805 0.0000000 0.0000000 0.0000000 0.0553516 0.4509236 0.0000000 0.0379115 0.0000000 0.0000000 0.0282178 0.0405663 0.0000000 0.0000000 0.2548221
 63 M  63 0.0000000 0.0000000 0.0000000 0.0000000 0.0000000 0.0000000 0.0000000 0.0347659 0.0000000 0.0597911 0.0803396 0.0367434 0.7085270 0.0647863 0.0000000 0.0000000 0.0000000 0.0000000 0.0000000 0.0150467
 64 M  64 0.0000000 0.0000000 0.0000000 0.0000000 0.0000000 0.0000000 0.0000000 0.1296236 0.0000000 0.1115042 0.1205299 0.0000000 0.3720805 0.0197469 0.0000000 0.0129005 0.1479210 0.0000000 0.0000000 0.0856934
 65 F  65 0.0390094 0.0000000 0.0000000 0.0000000 0.0000000 0.0000000 0.0000000 0.0000000 0.0000000 0.0000000 0.0000000 0.0000000 0.0000000 0.9246730 0.0000000 0.0000000 0.0000000 0.0000000 0.0363177 0.0000000
 66 V  66 0.1319284 0.0000000 0.0000000 0.0000000 0.0000000 0.0000000 0.0000000 0.0000000 0.0000000 0.0109418 0.0197469 0.0000000 0.0000000 0.0000000 0.0000000 0.0000000 0.0000000 0.0000000 0.0000000 0.8373829
 67 T  67 0.0067747 0.0579927 0.1142635 0.1084323 0.0000000 0.0464753 0.0000000 0.0341151 0.0000000 0.0000000 0.0000000 0.2362588 0.0000000 0.0000000 0.0000000 0.0922070 0.3034807 0.0000000 0.0000000 0.0000000
 68 V  68 0.0000000 0.0000000 0.0000000 0.0000000 0.0000000 0.0000000 0.0000000 0.0000000 0.0000000 0.0459171 0.2569903 0.0000000 0.0593567 0.0564902 0.0000000 0.0000000 0.0972696 0.0000000 0.0000000 0.4839760
 69 S  69 0.0726133 0.2426145 0.0846488 0.0453685 0.0000000 0.0297845 0.0233950 0.0000000 0.0476815 0.0000000 0.0118021 0.0362748 0.0103550 0.0000000 0.0000000 0.2670170 0.0243448 0.0000000 0.0000000 0.1041000
 70 G  70 0.0207545 0.0000000 0.0110449 0.0369931 0.0000000 0.0105232 0.0373455 0.5359290 0.0000000 0.0000000 0.0812569 0.0000000 0.0000000 0.0152662 0.2075783 0.0433085 0.0000000 0.0000000 0.0000000 0.0000000
 71 N  71 0.0000000 0.0105221 0.2115327 0.2896590 0.0000000 0.0093404 0.0247349 0.1379180 0.0000000 0.0000000 0.0000000 0.0963772 0.0000000 0.0000000 0.0848326 0.1350831 0.0000000 0.0000000 0.0000000 0.0000000
 72 P  72 0.0000000 0.1078734 0.0000000 0.0549440 0.0000000 0.0373426 0.0000000 0.0259494 0.0000000 0.0855954 0.0593868 0.0000000 0.0367434 0.0000000 0.4838411 0.0124193 0.0114215 0.0000000 0.0116376 0.0728457
 73 T  73 0.0243859 0.1242545 0.0121570 0.0182650 0.0000000 0.0000000 0.0000000 0.0000000 0.0000000 0.0123288 0.0000000 0.0000000 0.0000000 0.0000000 0.0000000 0.3875887 0.4210200 0.0000000 0.0000000 0.0000000
 74 E  74 0.0103216 0.3076875 0.0000000 0.0000000 0.0000000 0.0428410 0.3443293 0.0000000 0.0000000 0.0392919 0.0000000 0.1938917 0.0000000 0.0000000 0.0137135 0.0000000 0.0390094 0.0000000 0.0000000 0.0089141
 75 K  75 0.0705402 0.0373426 0.0164993 0.1352229 0.0000000 0.0269419 0.2158866 0.0209357 0.0105087 0.0000000 0.0000000 0.2845607 0.0000000 0.0000000 0.0444701 0.0127584 0.0895669 0.0000000 0.0000000 0.0347659
 76 E  76 0.0000000 0.0109825 0.0000000 0.0719273 0.0000000 0.0523821 0.6286451 0.0000000 0.0000000 0.0000000 0.0000000 0.0103261 0.0000000 0.0675094 0.1063408 0.0000000 0.0117650 0.0000000 0.0243965 0.0157252
 77 T  77 0.1287521 0.0209357 0.0431419 0.0000000 0.0000000 0.0000000 0.0000000 0.0192025 0.0000000 0.0367434 0.0852678 0.0000000 0.0726126 0.0000000 0.0000000 0.0190014 0.3862520 0.0000000 0.0000000 0.1880906
 78 E  78 0.0758037 0.0000000 0.0376131 0.2574947 0.0000000 0.0420753 0.3989405 0.0427265 0.0000000 0.0150467 0.0000000 0.0655768 0.0134025 0.0000000 0.0373742 0.0000000 0.0000000 0.0000000 0.0000000 0.0139459
 79 E  79 0.0427265 0.0325687 0.0347659 0.2102513 0.0000000 0.0265313 0.3245937 0.0273484 0.0000000 0.0103254 0.0137239 0.1126934 0.0098806 0.0000000 0.0000000 0.0170684 0.0738366 0.0000000 0.0000000 0.0636860
 80 I  80 0.0137239 0.0000000 0.0000000 0.0000000 0.0000000 0.0000000 0.0000000 0.0000000 0.0000000 0.4423809 0.2462170 0.0000000 0.0232195 0.0238407 0.0000000 0.0000000 0.0246795 0.0678141 0.0000000 0.1581244
 81 T  81 0.1789680 0.0000000 0.0000000 0.0000000 0.0000000 0.0000000 0.0000000 0.0983548 0.0000000 0.0233440 0.0520669 0.0000000 0.0967443 0.0347659 0.0000000 0.0884165 0.4273396 0.0000000 0.0000000 0.0000000
 82 S  82 0.0983678 0.0802850 0.0416971 0.0347659 0.0000000 0.0276244 0.0610081 0.1508830 0.0000000 0.0000000 0.0581528 0.1463240 0.0908504 0.0000000 0.0000000 0.1826929 0.0273484 0.0000000 0.0000000 0.0000000
 83 L  83 0.0000000 0.1891988 0.0000000 0.0197469 0.0000000 0.0000000 0.0000000 0.0000000 0.0000000 0.1588371 0.3965898 0.1656428 0.0362271 0.0209357 0.0000000 0.0000000 0.0000000 0.0000000 0.0000000 0.0128219
 84 W  84 0.0000000 0.0000000 0.0000000 0.0000000 0.0000000 0.0000000 0.0000000 0.0000000 0.0000000 0.0000000 0.0405663 0.0000000 0.0000000 0.0000000 0.0000000 0.0000000 0.0000000 0.9149203 0.0445134 0.0000000
 85 Q  85 0.0582542 0.0233440 0.0000000 0.0000000 0.0000000 0.6192813 0.0209357 0.0000000 0.0000000 0.0000000 0.0367434 0.0259494 0.0000000 0.0000000 0.0000000 0.0253707 0.1042529 0.0000000 0.0000000 0.0858683
 86 G  86 0.0898248 0.0117880 0.0523039 0.0107011 0.0000000 0.0405663 0.0267743 0.1028403 0.0395854 0.0000000 0.0385298 0.0541532 0.0737826 0.0000000 0.0000000 0.1535224 0.2835215 0.0221064 0.0000000 0.0000000
 87 S  87 0.0382659 0.0379115 0.0574724 0.0000000 0.0000000 0.0698249 0.0000000 0.0504734 0.0000000 0.0000000 0.1124605 0.0000000 0.0888995 0.0000000 0.0000000 0.4227354 0.0000000 0.0000000 0.0000000 0.1219564
 88 L  88 0.0405663 0.0000000 0.0000000 0.0000000 0.0000000 0.0000000 0.0000000 0.0000000 0.0000000 0.0000000 0.8468422 0.0000000 0.0746800 0.0379115 0.0000000 0.0000000 0.0000000 0.0000000 0.0000000 0.0000000
 89 F  89 0.0000000 0.2488068 0.0000000 0.0000000 0.0000000 0.1209185 0.0000000 0.0000000 0.0116153 0.0358712 0.0216013 0.1067533 0.0112896 0.2476383 0.0000000 0.0000000 0.0000000 0.1496219 0.0458838 0.0000000
 90 N  90 0.0000000 0.0000000 0.7343658 0.0000000 0.0000000 0.0203746 0.0000000 0.0000000 0.0000000 0.0000000 0.0405663 0.0000000 0.0000000 0.0000000 0.0000000 0.0709489 0.1337444 0.0000000 0.0000000 0.0000000
 91 A  91 0.3191443 0.0000000 0.3837933 0.0000000 0.0358712 0.0000000 0.0000000 0.2611912 0.0000000 0.0000000 0.0000000 0.0000000 0.0000000 0.0000000 0.0000000 0.0000000 0.0000000 0.0000000 0.0000000 0.0000000
 92 N  92 0.0782135 0.0000000 0.1947270 0.0000000 0.0000000 0.0237799 0.0000000 0.1141936 0.4762172 0.0000000 0.0000000 0.0440848 0.0000000 0.0000000 0.0000000 0.0687841 0.0000000 0.0000000 0.0000000 0.0000000
 93 Y  93 0.0440848 0.0000000 0.0000000 0.0000000 0.0000000 0.0000000 0.0000000 0.0000000 0.0203746 0.4432620 0.0521816 0.0000000 0.0454360 0.0484287 0.0000000 0.0000000 0.0000000 0.0000000 0.1414979 0.2047344
 94 D  94 0.0251182 0.0000000 0.0221064 0.2698140 0.0000000 0.1681302 0.2454241 0.0668986 0.0000000 0.0661921 0.0000000 0.0000000 0.0000000 0.0000000 0.0241387 0.0601061 0.0141602 0.0000000 0.0000000 0.0379115
 95 V  95 0.2297730 0.0000000 0.0000000 0.0388088 0.0000000 0.0000000 0.0212973 0.0000000 0.0000000 0.0438760 0.1038614 0.0000000 0.0298112 0.0000000 0.0000000 0.0764413 0.0000000 0.0000000 0.0000000 0.4561311
 96 Q  96 0.0000000 0.1497922 0.0131640 0.0000000 0.0000000 0.3134623 0.2252911 0.0000000 0.0000000 0.0000000 0.0000000 0.1373334 0.0000000 0.0000000 0.0000000 0.0886379 0.0723192 0.0000000 0.0000000 0.0000000
 97 R  97 0.0000000 0.5197195 0.0000000 0.0000000 0.0000000 0.0000000 0.0000000 0.0000000 0.0000000 0.0269620 0.0214466 0.0000000 0.0000000 0.1589340 0.0000000 0.0243080 0.0242549 0.0000000 0.0000000 0.2243749
 98 F  98 0.0000000 0.0381773 0.0256426 0.0000000 0.0000000 0.0000000 0.0000000 0.0000000 0.0000000 0.0000000 0.0454555 0.0000000 0.0536613 0.2835421 0.0000000 0.0000000 0.0269625 0.0000000 0.4758817 0.0506770
 99 I  99 0.1182175 0.0000000 0.0000000 0.0000000 0.0000000 0.0000000 0.0362949 0.1178427 0.0000000 0.0993875 0.0325917 0.0000000 0.1193897 0.0830027 0.1384941 0.0443938 0.0989561 0.0000000 0.0000000 0.1114293
100 V 100 0.0000000 0.0000000 0.0000000 0.0000000 0.0093329 0.0000000 0.0000000 0.0000000 0.0000000 0.4170607 0.1097980 0.0000000 0.0000000 0.0000000 0.0000000 0.0381773 0.0000000 0.0000000 0.0000000 0.4256312
101 G 101 0.0386588 0.0000000 0.0238230 0.4839039 0.0000000 0.0381773 0.1910773 0.1164897 0.0000000 0.0000000 0.0000000 0.0605526 0.0000000 0.0000000 0.0000000 0.0473174 0.0000000 0.0000000 0.0000000 0.0000000
102 S 102 0.0628687 0.0156339 0.0309468 0.3139165 0.0000000 0.0288374 0.0848784 0.0093329 0.0136399 0.0132563 0.0517336 0.0000000 0.0000000 0.0284156 0.0000000 0.1781773 0.0973879 0.0000000 0.0000000 0.0709749
103 D 103 0.0443938 0.0104030 0.3242890 0.2772079 0.0000000 0.0000000 0.0361226 0.1080662 0.0000000 0.0000000 0.0000000 0.1086898 0.0000000 0.0000000 0.0000000 0.0814948 0.0000000 0.0093329 0.0000000 0.0000000
104 R 104 0.0000000 0.5864799 0.0000000 0.0000000 0.0000000 0.0000000 0.0379115 0.0000000 0.0626685 0.0000000 0.0000000 0.0471490 0.0000000 0.0000000 0.0000000 0.0498342 0.1938506 0.0000000 0.0000000 0.0221064
105 A 105 0.3941802 0.0000000 0.0000000 0.0000000 0.0000000 0.0000000 0.0000000 0.0385298 0.0000000 0.0766649 0.0667801 0.0000000 0.0746800 0.0407099 0.0000000 0.0504884 0.0000000 0.0000000 0.0141602 0.2438066
106 I 106 0.0000000 0.0000000 0.0000000 0.0000000 0.0000000 0.0000000 0.0379115 0.0241387 0.0000000 0.4982585 0.2484178 0.0000000 0.1337444 0.0000000 0.0000000 0.0000000 0.0000000 0.0000000 0.0000000 0.0575290
107 F 107 0.0000000 0.0000000 0.0000000 0.0000000 0.0000000 0.0000000 0.0000000 0.0000000 0.0000000 0.0653820 0.0864133 0.0000000 0.0000000 0.6555572 0.0000000 0.0092679 0.0000000 0.0000000 0.0413589 0.1420206
108 M 108 0.0000000 0.0000000 0.0991953 0.0000000 0.0000000 0.0841900 0.0000000 0.0267743 0.0000000 0.0241387 0.1757737 0.0180404 0.3772179 0.0000000 0.0000000 0.0702088 0.1112208 0.0000000 0.0000000 0.0132400
109 L 109 0.0000000 0.0000000 0.0000000 0.0000000 0.0000000 0.0000000 0.0000000 0.0000000 0.0000000 0.0589044 0.4216143 0.0000000 0.0973577 0.3347099 0.0000000 0.0405663 0.0107011 0.0000000 0.0120075 0.0241387
110 R 110 0.0240861 0.1756652 0.0180404 0.0863434 0.0000000 0.1125083 0.1013959 0.0000000 0.0497306 0.0379115 0.0385298 0.2765141 0.0000000 0.0000000 0.0792748 0.0000000 0.0000000 0.0000000 0.0000000 0.0000000
111 D 111 0.0000000 0.0554696 0.0729195 0.6369973 0.0000000 0.0000000 0.0809840 0.0000000 0.0218034 0.0000000 0.0000000 0.0660142 0.0000000 0.0000000 0.0000000 0.0518541 0.0139579 0.0000000 0.0000000 0.0000000
112 G 112 0.0000000 0.0000000 0.0000000 0.0000000 0.0000000 0.0000000 0.0000000 0.9181728 0.0000000 0.0387135 0.0000000 0.0000000 0.0000000 0.0000000 0.0000000 0.0000000 0.0431137 0.0000000 0.0000000 0.0000000
113 S 113 0.1439634 0.0520263 0.0000000 0.0000000 0.0000000 0.0513012 0.0711586 0.0223404 0.0000000 0.0261846 0.0000000 0.1648672 0.0000000 0.0000000 0.0000000 0.3846258 0.0061786 0.0396728 0.0376811 0.0000000
114 Y 114 0.0000000 0.0000000 0.0211255 0.1222975 0.0000000 0.3301064 0.0512012 0.0000000 0.0986203 0.0000000 0.0284678 0.0502288 0.0113595 0.0875957 0.0000000 0.0000000 0.0234137 0.0000000 0.1489418 0.0266418
115 A 115 0.5955218 0.0000000 0.0000000 0.0000000 0.0000000 0.0000000 0.0000000 0.0396728 0.0000000 0.1047095 0.0937204 0.0000000 0.0587822 0.0000000 0.0000000 0.0310902 0.0351354 0.0000000 0.0000000 0.0413677
116 W 116 0.0000000 0.0000000 0.0236071 0.0578799 0.0000000 0.0396728 0.0648981 0.0742039 0.0000000 0.0211255 0.0275962 0.0350810 0.0249032 0.0731831 0.0000000 0.0208282 0.0395855 0.3882617 0.0176431 0.0915307
117 E 117 0.0000000 0.0000000 0.0236071 0.2503007 0.0000000 0.0396728 0.5935811 0.0000000 0.0000000 0.0000000 0.0000000 0.0000000 0.0000000 0.0000000 0.0310902 0.0000000 0.0617483 0.0000000 0.0000000 0.0000000
118 I 118 0.3231516 0.0000000 0.0000000 0.0000000 0.0000000 0.0000000 0.0000000 0.0536100 0.0000000 0.2184405 0.1763541 0.0000000 0.0104654 0.0350810 0.0000000 0.0000000 0.0310902 0.0000000 0.0000000 0.1518072
119 K 119 0.0211255 0.1774571 0.0000000 0.0000000 0.0000000 0.0000000 0.0000000 0.0350810 0.0000000 0.0236071 0.0595986 0.5887795 0.0261846 0.0000000 0.0000000 0.0000000 0.0310902 0.0000000 0.0370764 0.0000000
120 D 120 0.0211255 0.0692983 0.1160281 0.4202848 0.0000000 0.0000000 0.2251424 0.0000000 0.0370764 0.0000000 0.0000000 0.0759634 0.0000000 0.0000000 0.0000000 0.0000000 0.0350810 0.0000000 0.0000000 0.0000000
121 F 121 0.0000000 0.0000000 0.0000000 0.0000000 0.0000000 0.0000000 0.0000000 0.0000000 0.0000000 0.0000000 0.0310902 0.0000000 0.0350810 0.7398379 0.0000000 0.0000000 0.0000000 0.0000000 0.1728654 0.0211255
122 L 122 0.0000000 0.0000000 0.0000000 0.0000000 0.0000000 0.0000000 0.0000000 0.0000000 0.0000000 0.0653735 0.8135443 0.0000000 0.0000000 0.0301091 0.0000000 0.0000000 0.0000000 0.0000000 0.0000000 0.0909731
123 V 123 0.0431137 0.0562065 0.0261846 0.0000000 0.0000000 0.0000000 0.0000000 0.0310902 0.0000000 0.1221338 0.3038660 0.0435329 0.0370764 0.0146567 0.0000000 0.0000000 0.0338600 0.0587822 0.0000000 0.2294969
124 S 124 0.0264022 0.0562609 0.0551413 0.1327506 0.0000000 0.2350347 0.1342890 0.0048328 0.0000000 0.0000000 0.0000000 0.0970640 0.0379540 0.0000000 0.0000000 0.2020749 0.0181956 0.0000000 0.0000000 0.0000000
125 Q 125 0.0000000 0.0409458 0.0000000 0.0362067 0.0000000 0.7998203 0.0822986 0.0000000 0.0167262 0.0000000 0.0240023 0.0000000 0.0000000 0.0000000 0.0000000 0.0000000 0.0000000 0.0000000 0.0000000 0.0000000
126 D 126 0.0000000 0.0000000 0.0232561 0.2631512 0.0000000 0.0077980 0.2570935 0.0000000 0.0572748 0.0000000 0.0000000 0.0350810 0.0000000 0.0000000 0.3037835 0.0525618 0.0000000 0.0000000 0.0000000 0.0000000
127 R 127 0.0000000 0.3144380 0.0564860 0.0563318 0.0000000 0.0241889 0.4396766 0.0319261 0.0000000 0.0000000 0.0000000 0.0000000 0.0000000 0.0126878 0.0000000 0.0069914 0.0238814 0.0000000 0.0333920 0.0000000
128 C 128 0.1343155 0.0000000 0.0000000 0.0000000 0.4139282 0.0000000 0.0000000 0.0000000 0.0000000 0.0346822 0.1010754 0.0000000 0.0000000 0.0000000 0.0000000 0.0000000 0.0000000 0.0000000 0.0000000 0.3159986
129 A 129 0.2163397 0.0389746 0.0000000 0.0829673 0.0000000 0.0321443 0.1074886 0.0000000 0.0000000 0.0000000 0.0557448 0.0852901 0.0000000 0.0291115 0.0000000 0.1274490 0.0333920 0.0000000 0.1723889 0.0187093
130 E 130 0.0000000 0.0000000 0.0213882 0.1696353 0.0000000 0.0574266 0.3929625 0.0487249 0.0734720 0.0000000 0.0000000 0.0407395 0.0000000 0.0000000 0.0000000 0.0742334 0.0654796 0.0000000 0.0442730 0.0116649
131 V 131 0.0000000 0.0000000 0.0000000 0.0000000 0.0386943 0.0000000 0.0000000 0.0000000 0.0000000 0.1113474 0.0530000 0.0000000 0.0000000 0.1464189 0.0000000 0.0000000 0.0000000 0.0442730 0.0000000 0.6062664
132 T 132 0.0000000 0.0000000 0.0000000 0.0000000 0.0000000 0.0108890 0.1141829 0.0000000 0.0000000 0.0000000 0.0000000 0.1343155 0.0380734 0.0000000 0.0000000 0.1292853 0.5372296 0.0000000 0.0000000 0.0360243
133 L 133 0.0000000 0.0000000 0.0000000 0.0000000 0.0000000 0.0000000 0.0000000 0.0000000 0.0000000 0.3823624 0.2865431 0.0000000 0.0397545 0.0927269 0.0000000 0.0000000 0.0000000 0.1011023 0.0000000 0.0975109
134 E 134 0.0000000 0.0000000 0.1011023 0.1305858 0.0000000 0.0222008 0.6117956 0.1343155 0.0000000 0.0000000 0.0000000 0.0000000 0.0000000 0.0000000 0.0000000 0.0000000 0.0000000 0.0000000 0.0000000 0.0000000
135 G 135 0.0000000 0.0000000 0.2197159 0.0779474 0.0000000 0.0574777 0.0469769 0.3894499 0.0000000 0.0000000 0.0000000 0.0155914 0.0000000 0.0000000 0.0000000 0.1928408 0.0000000 0.0000000 0.0000000 0.0000000
136 Q 136 0.0000000 0.1566154 0.0854237 0.0000000 0.0000000 0.4738581 0.0000000 0.0000000 0.0000000 0.0000000 0.0247739 0.2368247 0.0000000 0.0000000 0.0000000 0.0000000 0.0000000 0.0000000 0.0000000 0.0225042
137 M 137 0.0379405 0.0863586 0.0348141 0.0994029 0.0000000 0.0706169 0.0812608 0.0000000 0.0000000 0.0492144 0.0156132 0.0728233 0.0124081 0.0256269 0.0117615 0.1113712 0.0786468 0.0000000 0.0225042 0.1896365
138 Y 138 0.0000000 0.0000000 0.0000000 0.0000000 0.0000000 0.0000000 0.0000000 0.0000000 0.0000000 0.0000000 0.0000000 0.0000000 0.0000000 0.3981535 0.0000000 0.0000000 0.0000000 0.0656637 0.5361828 0.0000000
139 P 139 0.0126734 0.0000000 0.0000000 0.0653421 0.0000000 0.0000000 0.0000000 0.0000000 0.0201651 0.0000000 0.0000000 0.1842507 0.0000000 0.0627800 0.4228826 0.0000000 0.0452719 0.0000000 0.1729099 0.0137243
140 G 140 0.0000000 0.0000000 0.0000000 0.0000000 0.0000000 0.0000000 0.0000000 0.7739776 0.0000000 0.0000000 0.0000000 0.0000000 0.0000000 0.0000000 0.1771999 0.0000000 0.0000000 0.0000000 0.0000000 0.0488225
141 K 141 0.0000000 0.1070647 0.0000000 0.0000000 0.0000000 0.0000000 0.0393074 0.0000000 0.0000000 0.0000000 0.0000000 0.8536280 0.0000000 0.0000000 0.0000000 0.0000000 0.0000000 0.0000000 0.0000000 0.0000000
