   79         A         R         N         D         C         Q         E         G         H         I         L         K         M         F         P         S         T         W         Y         V         X    
  1 A   1 0.0701025 0.0000000 0.0000000 0.0000000 0.0000000 0.0000000 0.0000000 0.0000000 0.0000000 0.0000000 0.0000000 0.0000000 0.0000000 0.0000000 0.0000000 0.0448750 0.0000000 0.0000000 0.0000000 0.0000000 0.8850225
  2 D   2 0.0051232 0.0202045 0.0104857 0.0754643 0.0000000 0.0340316 0.0542641 0.0088256 0.0038739 0.0000000 0.0000000 0.0277823 0.0000000 0.0000000 0.0035540 0.0000000 0.0022441 0.0000000 0.0000000 0.0053402 0.7488062
  3 K   3 0.0111922 0.0127570 0.0360368 0.0147025 0.0000000 0.0259588 0.0322542 0.0063088 0.0147384 0.0019385 0.0020293 0.0600341 0.0016501 0.0085751 0.0039711 0.0382198 0.0210346 0.0000000 0.0016658 0.0020782 0.7048546
  4 Q   4 0.0245764 0.0112438 0.0140241 0.0234034 0.0000000 0.0729756 0.0552077 0.0023400 0.0000000 0.0000000 0.0000000 0.0519718 0.0054428 0.0000000 0.0140148 0.0382841 0.0120198 0.0000000 0.0000000 0.0028806 0.6716150
  5 T   5 0.0152245 0.0092545 0.0293888 0.0508993 0.0000000 0.0297860 0.0812660 0.0073800 0.0061311 0.0036453 0.0028108 0.0032578 0.0335434 0.0000000 0.0167118 0.0420241 0.0805731 0.0000000 0.0000000 0.0079735 0.5801300
  6 H   6 0.0411848 0.0089563 0.0541464 0.0579141 0.0000000 0.0260179 0.0811164 0.0356107 0.0043617 0.0123684 0.0200426 0.0109885 0.0030198 0.0000000 0.0115186 0.0287872 0.0236652 0.0000000 0.0000000 0.0322937 0.5480077
  7 E   7 0.0141769 0.0017256 0.0295698 0.0857114 0.0000000 0.0156715 0.1612161 0.0215229 0.0022549 0.0034698 0.0083555 0.0548183 0.0102168 0.0079201 0.0176496 0.0121873 0.0285190 0.0000000 0.0000000 0.0052191 0.5197952
  8 T   8 0.0520842 0.0325986 0.0451159 0.0826426 0.0000000 0.0253674 0.0592557 0.0022983 0.0053695 0.0179320 0.0082395 0.0543418 0.0078641 0.0000000 0.0569655 0.0423599 0.0677698 0.0000000 0.0000000 0.0170269 0.4227683
  9 E   9 0.0198823 0.0235527 0.0107439 0.0425337 0.0000000 0.0454867 0.2135168 0.0078245 0.0055848 0.0073147 0.0352822 0.0727753 0.0281491 0.0000000 0.0252844 0.0284794 0.0283619 0.0000000 0.0000000 0.0111613 0.3940663
 10 L  10 0.0650975 0.0022585 0.0283496 0.0300306 0.0000000 0.0522984 0.0943062 0.0041943 0.0130690 0.0294393 0.1428696 0.0649290 0.0314220 0.0063061 0.0000000 0.0153946 0.0190535 0.0000000 0.0031784 0.0264965 0.3713067
 11 T  11 0.0420903 0.0208794 0.0260101 0.0661917 0.0000000 0.0593619 0.0804531 0.0034316 0.0096180 0.0089630 0.0274334 0.1025520 0.0037001 0.0031810 0.0062116 0.0656908 0.1575039 0.0000000 0.0000000 0.0094619 0.3072662
 12 F  12 0.0211861 0.0955247 0.0056289 0.0045894 0.0000000 0.0667944 0.0266022 0.0049097 0.0000000 0.0640478 0.1429545 0.0720752 0.0158499 0.0355991 0.0300637 0.0250808 0.0092789 0.0000000 0.0541164 0.0491639 0.2765343
 13 D  13 0.0119623 0.1035866 0.0411904 0.1364505 0.0000000 0.0997859 0.1381624 0.0112070 0.0143536 0.0264544 0.0332362 0.0816273 0.0239116 0.0040331 0.0021515 0.0596106 0.0112315 0.0000000 0.0000000 0.0175768 0.1834681
 14 Q  14 0.0776410 0.0401854 0.0235980 0.0655269 0.0000000 0.1476566 0.2002044 0.0121318 0.0035148 0.0092538 0.0088301 0.0726540 0.0073439 0.0000000 0.0149794 0.1254331 0.0245542 0.0046106 0.0000000 0.0050454 0.1568367
 15 V  15 0.1792472 0.0587591 0.0168564 0.0362652 0.0079063 0.1172436 0.0570769 0.0238788 0.0081889 0.0713906 0.0473829 0.0898233 0.0236347 0.0000000 0.0000000 0.0376445 0.0105346 0.0000000 0.0026244 0.0721009 0.1394418
 16 K  16 0.0027379 0.0202965 0.0082031 0.0000000 0.0000000 0.0067822 0.0026244 0.0000000 0.0000000 0.1826085 0.2600826 0.1203066 0.0156292 0.0084812 0.0000000 0.0000000 0.0000000 0.0047860 0.0035928 0.2697951 0.0940740
 17 E  17 0.0403876 0.1316264 0.0299626 0.0697391 0.0000000 0.0566786 0.0903126 0.0168579 0.0031727 0.0132518 0.0040384 0.4491971 0.0043154 0.0000000 0.0000000 0.0141977 0.0098425 0.0000000 0.0000000 0.0069094 0.0595104
 18 Q  18 0.1171334 0.0599994 0.0304466 0.0447290 0.0000000 0.1648558 0.1622341 0.0191686 0.0096955 0.0037801 0.0532409 0.1767399 0.0052143 0.0000000 0.0056681 0.0472791 0.0562778 0.0000000 0.0020743 0.0061556 0.0353075
 19 L  19 0.0000000 0.0000000 0.0000000 0.0000000 0.0000000 0.0000000 0.0000000 0.0000000 0.0000000 0.0333726 0.8421717 0.0000000 0.0597713 0.0267923 0.0000000 0.0042904 0.0000000 0.0000000 0.0000000 0.0138970 0.0197047
 20 T  20 0.0028683 0.0025093 0.0000000 0.0000000 0.0000000 0.0000000 0.0040331 0.0000000 0.0000000 0.6282746 0.1275340 0.0036573 0.0343586 0.0095675 0.0000000 0.0037842 0.0403759 0.0000000 0.0000000 0.1267261 0.0163112
 21 E  21 0.2143586 0.0368485 0.0269804 0.0507603 0.0000000 0.0357095 0.2405994 0.0062306 0.0158944 0.0265188 0.0130693 0.1742786 0.0093054 0.0000000 0.0000000 0.0560535 0.0596569 0.0000000 0.0033668 0.0140577 0.0163112
 22 S  22 0.0401107 0.1430308 0.0080723 0.0351260 0.0000000 0.0563924 0.0476533 0.0000000 0.0150007 0.0400877 0.2600863 0.2161541 0.0323961 0.0028312 0.0000000 0.0160501 0.0436699 0.0000000 0.0157271 0.0113001 0.0163112
 23 G  23 0.1689252 0.0000000 0.0072362 0.0000000 0.0000000 0.0000000 0.0000000 0.7673992 0.0000000 0.0054333 0.0000000 0.0102466 0.0000000 0.0000000 0.0000000 0.0120766 0.0035169 0.0000000 0.0139996 0.0000000 0.0111664
 24 K  24 0.0000000 0.1248106 0.0055533 0.0000000 0.0000000 0.0259470 0.0034319 0.0053607 0.0068770 0.0023656 0.0107686 0.7859051 0.0044638 0.0000000 0.0000000 0.0017996 0.0067321 0.0000000 0.0000000 0.0036854 0.0122992
 25 K  25 0.0456362 0.0180949 0.0117130 0.0392373 0.0000000 0.0464103 0.3980156 0.0077969 0.0000000 0.0046344 0.0038078 0.3340307 0.0031076 0.0000000 0.0000000 0.0289867 0.0394915 0.0000000 0.0000000 0.0093157 0.0097216
 26 R  26 0.0223224 0.3449929 0.0555476 0.0184866 0.0000000 0.2130096 0.0186138 0.0097782 0.0067007 0.0063462 0.0061263 0.2294518 0.0022519 0.0000000 0.0000000 0.0278201 0.0265539 0.0000000 0.0000000 0.0022763 0.0097216
 27 G  27 0.0049945 0.0032893 0.0157096 0.0000000 0.0000000 0.0046327 0.0000000 0.9287374 0.0000000 0.0000000 0.0000000 0.0240216 0.0000000 0.0000000 0.0000000 0.0161176 0.0024973 0.0000000 0.0000000 0.0000000 0.0000000
 28 V  28 0.0136526 0.0019089 0.0204186 0.0000000 0.0142442 0.0172615 0.0275620 0.0031052 0.0213013 0.0175875 0.0032126 0.0263784 0.0112632 0.2048391 0.0000000 0.0775078 0.0300813 0.0038318 0.4174109 0.0884330 0.0000000
 29 L  29 0.0000000 0.0000000 0.0000000 0.0000000 0.0000000 0.0000000 0.0000000 0.0000000 0.0000000 0.1553446 0.6888238 0.0000000 0.0000000 0.0000000 0.0000000 0.0000000 0.0000000 0.0000000 0.0000000 0.1558316 0.0000000
 30 T  30 0.0060046 0.0000000 0.0154221 0.0095574 0.0000000 0.0054067 0.0197323 0.0000000 0.0070655 0.0073095 0.0049816 0.0050245 0.0000000 0.0000000 0.0000000 0.0641871 0.8456248 0.0000000 0.0000000 0.0096841 0.0000000
 31 Y  31 0.0055533 0.0114892 0.0087140 0.0000000 0.0035344 0.0136856 0.0035531 0.0000000 0.0799462 0.0064265 0.0286084 0.0000000 0.0270387 0.1217176 0.0060595 0.0187402 0.0206270 0.0000000 0.6273350 0.0169713 0.0000000
 32 E  32 0.1942855 0.0072948 0.0203399 0.3172841 0.0000000 0.0259883 0.1504110 0.0635228 0.0090740 0.0035696 0.0000000 0.0845429 0.0024785 0.0000000 0.0000000 0.0928278 0.0250823 0.0000000 0.0000000 0.0032985 0.0000000
 33 E  33 0.0090603 0.0000000 0.0030690 0.1785060 0.0000000 0.0700568 0.7089286 0.0000000 0.0030363 0.0000000 0.0000000 0.0122536 0.0000000 0.0000000 0.0000000 0.0000000 0.0084289 0.0000000 0.0030921 0.0035684 0.0000000
 34 I  34 0.0000000 0.0000000 0.0000000 0.0000000 0.0000000 0.0000000 0.0000000 0.0000000 0.0000000 0.5681141 0.2311456 0.0000000 0.0044638 0.0046367 0.0000000 0.0000000 0.0000000 0.0000000 0.0000000 0.1916397 0.0000000
 35 A  35 0.0749483 0.0000000 0.5202736 0.0114788 0.0000000 0.0188048 0.0282606 0.0083029 0.0118164 0.0215789 0.0253903 0.0000000 0.1129631 0.0000000 0.0000000 0.0815581 0.0659603 0.0000000 0.0000000 0.0186638 0.0000000
 36 E  36 0.0696415 0.0076792 0.0463214 0.5400587 0.0000000 0.0125590 0.1964180 0.0038275 0.0062042 0.0000000 0.0000000 0.0607720 0.0000000 0.0051448 0.0000000 0.0214087 0.0244215 0.0000000 0.0000000 0.0055435 0.0000000
 37 R  37 0.2478322 0.0413622 0.0080817 0.0060896 0.0049097 0.0145729 0.0222977 0.0062012 0.2033372 0.0292963 0.0505959 0.0807944 0.0101955 0.0307412 0.0032126 0.0427669 0.0431319 0.0000000 0.0271939 0.1273869 0.0000000
 38 M  38 0.0000000 0.0000000 0.0000000 0.0000000 0.0000000 0.0000000 0.0000000 0.0000000 0.0000000 0.0571702 0.7841382 0.0000000 0.0608389 0.0782699 0.0000000 0.0000000 0.0000000 0.0000000 0.0000000 0.0195827 0.0000000
 39 S  39 0.0784797 0.0000000 0.0080799 0.0294981 0.0000000 0.0808756 0.0957793 0.0190724 0.0000000 0.0000000 0.0060595 0.0076707 0.0000000 0.0000000 0.5593254 0.1072339 0.0022468 0.0000000 0.0000000 0.0035344 0.0021441
 40 S  40 0.0430225 0.0032603 0.0614503 0.2453242 0.0000000 0.0656039 0.2346956 0.0531693 0.0125658 0.0057556 0.0000000 0.0399298 0.0071715 0.0000000 0.1224779 0.0905381 0.0071920 0.0000000 0.0000000 0.0051326 0.0027106
 41 F  41 0.0242848 0.0074050 0.0443603 0.2829863 0.0097301 0.0093964 0.1578900 0.0304707 0.0073196 0.0669803 0.0235498 0.0252708 0.0262824 0.1148442 0.0113517 0.0457161 0.0235601 0.0000000 0.0224740 0.0448688 0.0212585
 42 E  42 0.0356436 0.0000000 0.0227661 0.1897044 0.0000000 0.0619616 0.2022170 0.0208151 0.0000000 0.1372229 0.0815396 0.0198702 0.0408335 0.0347164 0.0185464 0.0294671 0.0116908 0.0000000 0.0048815 0.0834621 0.0046618
 43 I  43 0.0452663 0.0000000 0.0267529 0.0186241 0.0000000 0.0303210 0.0117893 0.0022709 0.0055185 0.0904391 0.2760406 0.0071177 0.0903291 0.0656257 0.0072708 0.0507914 0.0505632 0.0000000 0.0069497 0.2143296 0.0000000
 44 E  44 0.0054681 0.0000000 0.0697105 0.3679834 0.0000000 0.0218394 0.1270760 0.0163682 0.0050485 0.0024953 0.0038717 0.0019554 0.0000000 0.0033007 0.0188257 0.2248418 0.1261909 0.0000000 0.0000000 0.0050245 0.0000000
 45 S  45 0.1911498 0.0000000 0.0083732 0.0039422 0.0000000 0.0174789 0.0152316 0.0193893 0.0000000 0.0089529 0.0033007 0.0278198 0.0078329 0.0021773 0.2957248 0.3065228 0.0636511 0.0000000 0.0000000 0.0266313 0.0018215
 46 D  46 0.0232001 0.0000000 0.0096070 0.3968347 0.0000000 0.0185412 0.4911595 0.0152513 0.0045029 0.0000000 0.0000000 0.0102271 0.0000000 0.0000000 0.0000000 0.0192301 0.0114460 0.0000000 0.0000000 0.0000000 0.0000000
 47 Q  47 0.0899956 0.0098282 0.0137551 0.0312788 0.0036854 0.5455965 0.0956604 0.0182069 0.0177012 0.0084422 0.0259588 0.0595195 0.0153264 0.0166135 0.0000000 0.0119549 0.0170029 0.0000000 0.0046197 0.0148542 0.0000000
 48 M  48 0.0113311 0.0000000 0.0000000 0.0000000 0.0000000 0.0000000 0.0000000 0.0000000 0.0000000 0.5504538 0.1256888 0.0000000 0.1651283 0.0275988 0.0000000 0.0060595 0.0027135 0.0000000 0.0199924 0.0910338 0.0000000
 49 D  49 0.0000000 0.0043935 0.0069719 0.4588877 0.0000000 0.0110755 0.4874872 0.0033113 0.0036514 0.0000000 0.0000000 0.0064791 0.0000000 0.0000000 0.0000000 0.0177424 0.0000000 0.0000000 0.0000000 0.0000000 0.0000000
 50 E  50 0.0386450 0.0113823 0.0785846 0.3274130 0.0000000 0.0508477 0.2024906 0.0457902 0.0064538 0.0000000 0.0036573 0.1078239 0.0000000 0.0000000 0.0061557 0.0612408 0.0350332 0.0000000 0.0000000 0.0244819 0.0000000
 51 Y  51 0.0134978 0.0000000 0.0000000 0.0000000 0.0000000 0.0000000 0.0000000 0.0000000 0.0000000 0.3902333 0.1834763 0.0000000 0.0434854 0.0995159 0.0000000 0.0019408 0.0457445 0.0019927 0.0155992 0.2045141 0.0000000
 52 Y  52 0.0054457 0.0071603 0.0000000 0.0000000 0.0000000 0.0074696 0.0031418 0.0000000 0.0097023 0.2461279 0.1409333 0.0023354 0.1299149 0.0582027 0.0000000 0.0046106 0.0057171 0.0000000 0.2886674 0.0905709 0.0000000
 53 E  53 0.1408542 0.0365186 0.0296437 0.1039854 0.0019875 0.1071256 0.2159120 0.0542776 0.0000000 0.0113489 0.0170351 0.0128415 0.0176862 0.0097226 0.0000000 0.1653275 0.0565409 0.0000000 0.0035540 0.0156388 0.0000000
 54 F  54 0.0794185 0.0210987 0.0223929 0.0205458 0.0000000 0.0604941 0.0141956 0.0000000 0.0357715 0.0549234 0.0840573 0.0386111 0.2489670 0.0363394 0.0000000 0.0240125 0.1479499 0.0000000 0.0574987 0.0537235 0.0000000
 55 L  55 0.0000000 0.0000000 0.0000000 0.0000000 0.0126583 0.0000000 0.0000000 0.0000000 0.0000000 0.1726722 0.5914528 0.0000000 0.0114157 0.1817819 0.0000000 0.0000000 0.0000000 0.0000000 0.0082031 0.0218160 0.0000000
 56 G  56 0.0779577 0.0208924 0.2109800 0.0545224 0.0000000 0.0695370 0.2009748 0.0898995 0.0144525 0.0138807 0.0000000 0.0106742 0.0128677 0.0032223 0.0000000 0.1716199 0.0367882 0.0031727 0.0000000 0.0085582 0.0000000
 57 E  57 0.0571020 0.0153401 0.0714730 0.3446881 0.0000000 0.0428587 0.3002235 0.0450846 0.0077617 0.0000000 0.0000000 0.0397859 0.0030207 0.0000000 0.0000000 0.0466134 0.0260483 0.0000000 0.0000000 0.0000000 0.0000000
 58 Q  58 0.0470045 0.0080100 0.0557246 0.0145051 0.0000000 0.0816698 0.0597198 0.0000000 0.0259324 0.0214389 0.1867697 0.0368006 0.3906846 0.0121768 0.0000000 0.0314452 0.0030207 0.0000000 0.0047404 0.0203569 0.0000000
 59 G  59 0.0051893 0.0027881 0.0955555 0.0679216 0.0000000 0.0046953 0.0242332 0.7764530 0.0054488 0.0000000 0.0000000 0.0124135 0.0000000 0.0000000 0.0000000 0.0053017 0.0000000 0.0000000 0.0000000 0.0000000 0.0000000
 60 V  60 0.0000000 0.0000000 0.0000000 0.0000000 0.0000000 0.0000000 0.0000000 0.0000000 0.0000000 0.8420911 0.0134291 0.0000000 0.0065079 0.0051893 0.0000000 0.0000000 0.0000000 0.0000000 0.0000000 0.1286347 0.0041480
 61 E  61 0.0831929 0.0312543 0.1088830 0.1884912 0.0000000 0.1302042 0.2687116 0.0055548 0.0018350 0.0024424 0.0000000 0.0442428 0.0096380 0.0000000 0.0161383 0.0569618 0.0332437 0.0000000 0.0000000 0.0077773 0.0114285
 62 L  62 0.0036981 0.0000000 0.0000000 0.0000000 0.0000000 0.0000000 0.0000000 0.0000000 0.0000000 0.2455992 0.1018036 0.0000000 0.0041843 0.0000000 0.0000000 0.0000000 0.0075895 0.0000000 0.0000000 0.6101573 0.0269680
 63 I  63 0.0016861 0.0089531 0.0077956 0.0102121 0.0080351 0.0108367 0.0049861 0.0203937 0.0302602 0.1353867 0.1354998 0.0000000 0.0161442 0.0534390 0.0000000 0.0163826 0.0405088 0.0000000 0.0921971 0.3606763 0.0466067
 64 S  64 0.0029269 0.0103119 0.0589836 0.3038315 0.0000000 0.0054932 0.3669836 0.0885478 0.0000000 0.0000000 0.0000000 0.0102333 0.0000000 0.0080664 0.0292082 0.0154355 0.0140801 0.0000000 0.0000000 0.0000000 0.0858981
 65 E  65 0.0439777 0.0100052 0.0378372 0.1836941 0.0000000 0.1023865 0.2559283 0.0196656 0.0120822 0.0024479 0.0042668 0.0297114 0.0000000 0.0021879 0.0128848 0.1114204 0.0502688 0.0000000 0.0020773 0.0237006 0.0954572
 66 N  66 0.2740285 0.0191623 0.0483876 0.1078158 0.0000000 0.0101209 0.1254749 0.0206871 0.0067119 0.0314416 0.0031630 0.0348835 0.0139434 0.0071524 0.0331092 0.0772180 0.0491482 0.0000000 0.0000000 0.0209341 0.1166178
 67 E  67 0.0289513 0.0109172 0.0278276 0.1383583 0.0000000 0.0282267 0.1679915 0.0508671 0.0023890 0.0055658 0.0017107 0.0363686 0.0123208 0.0000000 0.2863345 0.0191308 0.0159087 0.0000000 0.0045572 0.0095199 0.1530544
 68 E  68 0.0420493 0.0118349 0.0241629 0.3627801 0.0000000 0.0236403 0.1664061 0.0063992 0.0027652 0.0204475 0.0159519 0.0227529 0.0000000 0.0031052 0.0087436 0.0318862 0.0241757 0.0000000 0.0020505 0.0416687 0.1891796
 69 T  69 0.2045722 0.0098423 0.0182132 0.1381943 0.0000000 0.0096929 0.1301251 0.0252481 0.0083066 0.0246072 0.0391170 0.0259293 0.0179107 0.0056221 0.0444602 0.0336181 0.0238282 0.0000000 0.0019033 0.0301475 0.2086616
 70 E  70 0.0447574 0.0082832 0.0102379 0.2279780 0.0000000 0.0112185 0.3195301 0.0154274 0.0000000 0.0000000 0.0028822 0.0096136 0.0063070 0.0000000 0.0274051 0.0306144 0.0191244 0.0000000 0.0000000 0.0123887 0.2542321
 71 D  71 0.0680099 0.0000000 0.0179703 0.1323502 0.0000000 0.0128900 0.1696221 0.0243053 0.0031324 0.0098299 0.0124561 0.0196606 0.0037821 0.0046636 0.0367885 0.0327793 0.1344438 0.0000000 0.0124846 0.0240408 0.2807905
 72 L  72 0.0196404 0.0155438 0.0167343 0.0568311 0.0000000 0.0032581 0.0419078 0.0034850 0.0068945 0.0510210 0.2829737 0.0209744 0.0246703 0.0094776 0.0450275 0.0236045 0.0228444 0.0000000 0.0000000 0.0101751 0.3449367
 73 E  73 0.0233887 0.0104196 0.0131480 0.1088639 0.0000000 0.0130919 0.1117601 0.0076613 0.0061292 0.0141800 0.0973885 0.0152804 0.0073660 0.0000000 0.0373096 0.0185380 0.0134282 0.0000000 0.0000000 0.0052984 0.4967481
 74 H  74 0.0382905 0.0166526 0.0127590 0.0528928 0.0000000 0.0067739 0.0574312 0.0040111 0.0118040 0.0061829 0.0749867 0.0304818 0.0478340 0.0096268 0.0283605 0.0348561 0.0141536 0.0000000 0.0014406 0.0286200 0.5228420
 75 H  75 0.0228356 0.0068995 0.0476718 0.0693142 0.0000000 0.0069027 0.0676372 0.0230745 0.0061882 0.0276293 0.0280573 0.0369680 0.0048218 0.0042880 0.0115658 0.0552925 0.0211421 0.0000000 0.0031722 0.0065894 0.5499500
 76 H  76 0.0301675 0.0170853 0.0376749 0.1438740 0.0000000 0.0068602 0.0942035 0.0097011 0.0124484 0.0031656 0.0000000 0.0287480 0.0061816 0.0000000 0.0070180 0.0105861 0.0067723 0.0000000 0.0000000 0.0102700 0.5752435
 77 H  77 0.0261501 0.0000000 0.0246130 0.0560444 0.0000000 0.0139002 0.1219037 0.0068541 0.0070507 0.0000000 0.0123657 0.0067911 0.0022625 0.0000000 0.0421376 0.0019803 0.0162974 0.0000000 0.0000000 0.0051448 0.6565046
 78 H  78 0.0263506 0.0000000 0.0000000 0.0042880 0.0000000 0.0067547 0.1344612 0.0023383 0.0128514 0.0000000 0.0035692 0.0000000 0.0000000 0.0000000 0.0033608 0.0000000 0.0097947 0.0000000 0.0000000 0.0018178 0.7944133
 79 H  79 0.0000000 0.0000000 0.0000000 0.0000000 0.0000000 0.0000000 0.0000000 0.0000000 0.0264996 0.0000000 0.0000000 0.0000000 0.0000000 0.0000000 0.0598409 0.0000000 0.0000000 0.0000000 0.0000000 0.0000000 0.9136595
