   79         A         R         N         D         C         Q         E         G         H         I         L         K         M         F         P         S         T         W         Y         V    
  1 A   1 0.6054504 0.0000000 0.0000000 0.0000000 0.0000000 0.0000000 0.0000000 0.0000000 0.0000000 0.0000000 0.0000000 0.0000000 0.0000000 0.0000000 0.0000000 0.3945496 0.0000000 0.0000000 0.0000000 0.0000000
  2 D   2 0.0217561 0.0805612 0.0424917 0.2976018 0.0000000 0.1372304 0.2154091 0.0372614 0.0155440 0.0000000 0.0000000 0.1068060 0.0000000 0.0000000 0.0140384 0.0000000 0.0094796 0.0000000 0.0000000 0.0218202
  3 K   3 0.0386610 0.0432452 0.1224303 0.0508207 0.0000000 0.0864973 0.1088662 0.0214472 0.0503738 0.0064762 0.0069566 0.2018822 0.0055359 0.0291069 0.0141491 0.1294863 0.0718129 0.0000000 0.0055908 0.0066614
  4 Q   4 0.0757737 0.0336733 0.0416934 0.0706447 0.0000000 0.2234242 0.1685080 0.0076460 0.0000000 0.0000000 0.0000000 0.1588192 0.0167514 0.0000000 0.0428285 0.1151299 0.0363699 0.0000000 0.0000000 0.0087380
  5 T   5 0.0365527 0.0222546 0.0695373 0.1220111 0.0000000 0.0724382 0.1916930 0.0176637 0.0153524 0.0086853 0.0065831 0.0077138 0.0784133 0.0000000 0.0409651 0.1006186 0.1906016 0.0000000 0.0000000 0.0189163
  6 H   6 0.0920224 0.0201292 0.1208559 0.1267559 0.0000000 0.0578434 0.1775177 0.0788234 0.0104913 0.0278289 0.0441258 0.0241329 0.0059195 0.0000000 0.0258176 0.0637741 0.0520796 0.0000000 0.0000000 0.0718824
  7 E   7 0.0294882 0.0035697 0.0589507 0.1799603 0.0000000 0.0326728 0.3380638 0.0447334 0.0047437 0.0071480 0.0170425 0.1129121 0.0208091 0.0163229 0.0375159 0.0253804 0.0595655 0.0000000 0.0000000 0.0111211
  8 T   8 0.0914379 0.0554155 0.0768453 0.1430167 0.0000000 0.0433841 0.1055020 0.0039943 0.0092023 0.0322748 0.0143493 0.0909211 0.0129863 0.0000000 0.0992838 0.0740736 0.1178378 0.0000000 0.0000000 0.0294751
  9 E   9 0.0330982 0.0386567 0.0177217 0.0703327 0.0000000 0.0740871 0.3534376 0.0130610 0.0092962 0.0121681 0.0596498 0.1173511 0.0465778 0.0000000 0.0420032 0.0465792 0.0475378 0.0000000 0.0000000 0.0184416
 10 L  10 0.1038951 0.0035618 0.0450763 0.0480571 0.0000000 0.0812785 0.1506883 0.0066534 0.0212199 0.0471857 0.2304225 0.1010446 0.0504877 0.0101440 0.0000000 0.0239662 0.0291346 0.0000000 0.0052522 0.0419320
 11 T  11 0.0615771 0.0306719 0.0371721 0.0959521 0.0000000 0.0836624 0.1188383 0.0049237 0.0140356 0.0123609 0.0403028 0.1461385 0.0052921 0.0044138 0.0089638 0.0916347 0.2304008 0.0000000 0.0000000 0.0136595
 12 F  12 0.0300280 0.1345372 0.0076689 0.0061263 0.0000000 0.0906959 0.0371554 0.0067654 0.0000000 0.0853406 0.2010144 0.0992768 0.0215210 0.0499833 0.0405854 0.0344048 0.0112791 0.0000000 0.0754128 0.0682048
 13 D  13 0.0149971 0.1295726 0.0504838 0.1659357 0.0000000 0.1193714 0.1689523 0.0138743 0.0176489 0.0326383 0.0401242 0.0996793 0.0297597 0.0050604 0.0026673 0.0734357 0.0136555 0.0000000 0.0000000 0.0221436
 14 Q  14 0.0879671 0.0495931 0.0279918 0.0768171 0.0000000 0.1758998 0.2397898 0.0149454 0.0041514 0.0113283 0.0106337 0.0865499 0.0089998 0.0000000 0.0176822 0.1465880 0.0292225 0.0057348 0.0000000 0.0061052
 15 V  15 0.2079903 0.0687411 0.0198983 0.0413569 0.0093926 0.1355660 0.0664532 0.0282294 0.0097145 0.0830936 0.0525714 0.1069935 0.0283842 0.0000000 0.0000000 0.0419437 0.0124504 0.0000000 0.0031188 0.0841020
 16 K  16 0.0030913 0.0232149 0.0091732 0.0000000 0.0000000 0.0075669 0.0029781 0.0000000 0.0000000 0.2004251 0.2883341 0.1348674 0.0178550 0.0093670 0.0000000 0.0000000 0.0000000 0.0056525 0.0041514 0.2933230
 17 E  17 0.0438360 0.1432856 0.0324190 0.0756873 0.0000000 0.0593141 0.0966208 0.0180485 0.0034868 0.0139724 0.0043934 0.4715002 0.0046212 0.0000000 0.0000000 0.0154610 0.0098379 0.0000000 0.0000000 0.0075157
 18 Q  18 0.1240053 0.0606212 0.0316920 0.0463791 0.0000000 0.1721643 0.1696282 0.0199281 0.0102387 0.0040733 0.0543682 0.1785341 0.0042841 0.0000000 0.0060631 0.0496100 0.0596646 0.0000000 0.0021952 0.0065506
 19 L  19 0.0000000 0.0000000 0.0000000 0.0000000 0.0000000 0.0000000 0.0000000 0.0000000 0.0000000 0.0340965 0.8607828 0.0000000 0.0587733 0.0283000 0.0000000 0.0039747 0.0000000 0.0000000 0.0000000 0.0140726
 20 T  20 0.0030183 0.0026322 0.0000000 0.0000000 0.0000000 0.0000000 0.0042507 0.0000000 0.0000000 0.6369646 0.1301870 0.0036408 0.0342926 0.0099903 0.0000000 0.0040316 0.0437321 0.0000000 0.0000000 0.1272600
 21 E  21 0.2136665 0.0378623 0.0273540 0.0493921 0.0000000 0.0369650 0.2474683 0.0061727 0.0165247 0.0273366 0.0134637 0.1802714 0.0095496 0.0000000 0.0000000 0.0543514 0.0612990 0.0000000 0.0035267 0.0147960
 22 S  22 0.0416785 0.1439679 0.0082900 0.0361642 0.0000000 0.0577588 0.0475257 0.0000000 0.0151320 0.0410581 0.2664828 0.2173366 0.0333769 0.0030402 0.0000000 0.0169300 0.0437799 0.0000000 0.0158712 0.0116072
 23 G  23 0.1684571 0.0000000 0.0075265 0.0000000 0.0000000 0.0000000 0.0000000 0.7772603 0.0000000 0.0058093 0.0000000 0.0105150 0.0000000 0.0000000 0.0000000 0.0122761 0.0037339 0.0000000 0.0144217 0.0000000
 24 K  24 0.0000000 0.1257525 0.0057236 0.0000000 0.0000000 0.0271884 0.0034752 0.0048939 0.0072446 0.0022913 0.0106196 0.7957787 0.0045713 0.0000000 0.0000000 0.0017631 0.0068942 0.0000000 0.0000000 0.0038035
 25 K  25 0.0465653 0.0183981 0.0094620 0.0402121 0.0000000 0.0479256 0.3999891 0.0080188 0.0000000 0.0047855 0.0039750 0.3386079 0.0031886 0.0000000 0.0000000 0.0287696 0.0407959 0.0000000 0.0000000 0.0093065
 26 R  26 0.0230641 0.3535774 0.0568749 0.0189151 0.0000000 0.2130137 0.0186013 0.0102400 0.0056944 0.0065319 0.0062005 0.2291206 0.0023124 0.0000000 0.0000000 0.0254639 0.0280987 0.0000000 0.0000000 0.0022911
 27 G  27 0.0054043 0.0032404 0.0158726 0.0000000 0.0000000 0.0045938 0.0000000 0.9278541 0.0000000 0.0000000 0.0000000 0.0244387 0.0000000 0.0000000 0.0000000 0.0161332 0.0024628 0.0000000 0.0000000 0.0000000
 28 V  28 0.0127289 0.0018854 0.0208287 0.0000000 0.0145905 0.0178147 0.0284070 0.0031384 0.0213001 0.0178690 0.0032830 0.0268496 0.0116109 0.2057268 0.0000000 0.0780204 0.0301995 0.0036829 0.4129360 0.0891283
 29 L  29 0.0000000 0.0000000 0.0000000 0.0000000 0.0000000 0.0000000 0.0000000 0.0000000 0.0000000 0.1532821 0.6927793 0.0000000 0.0000000 0.0000000 0.0000000 0.0000000 0.0000000 0.0000000 0.0000000 0.1539385
 30 T  30 0.0062873 0.0000000 0.0158734 0.0098858 0.0000000 0.0055572 0.0198696 0.0000000 0.0073211 0.0074123 0.0048886 0.0051577 0.0000000 0.0000000 0.0000000 0.0640612 0.8437476 0.0000000 0.0000000 0.0099382
 31 Y  31 0.0055644 0.0115321 0.0087931 0.0000000 0.0035781 0.0136642 0.0034804 0.0000000 0.0816451 0.0060465 0.0288750 0.0000000 0.0273923 0.1226021 0.0065241 0.0191652 0.0209359 0.0000000 0.6239271 0.0162744
 32 E  32 0.1963343 0.0074875 0.0208566 0.3108888 0.0000000 0.0263957 0.1534444 0.0652348 0.0094929 0.0036433 0.0000000 0.0815687 0.0024408 0.0000000 0.0000000 0.0931830 0.0257273 0.0000000 0.0000000 0.0033020
 33 E  33 0.0091337 0.0000000 0.0030281 0.1821909 0.0000000 0.0696428 0.7052723 0.0000000 0.0030082 0.0000000 0.0000000 0.0122011 0.0000000 0.0000000 0.0000000 0.0000000 0.0087048 0.0000000 0.0031858 0.0036323
 34 I  34 0.0000000 0.0000000 0.0000000 0.0000000 0.0000000 0.0000000 0.0000000 0.0000000 0.0000000 0.5754519 0.2262789 0.0000000 0.0045376 0.0046488 0.0000000 0.0000000 0.0000000 0.0000000 0.0000000 0.1890828
 35 A  35 0.0782133 0.0000000 0.5147376 0.0115485 0.0000000 0.0169951 0.0292272 0.0083602 0.0111716 0.0215045 0.0261945 0.0000000 0.1147626 0.0000000 0.0000000 0.0822816 0.0667119 0.0000000 0.0000000 0.0182913
 36 E  36 0.0659767 0.0077931 0.0474456 0.5381096 0.0000000 0.0123853 0.2000401 0.0029866 0.0062585 0.0000000 0.0000000 0.0619112 0.0000000 0.0045815 0.0000000 0.0216401 0.0252542 0.0000000 0.0000000 0.0056176
 37 R  37 0.2426546 0.0400916 0.0080805 0.0063172 0.0050236 0.0142309 0.0213703 0.0062585 0.2051538 0.0282790 0.0502242 0.0839090 0.0103130 0.0311097 0.0032830 0.0439039 0.0448996 0.0000000 0.0276582 0.1272395
 38 M  38 0.0000000 0.0000000 0.0000000 0.0000000 0.0000000 0.0000000 0.0000000 0.0000000 0.0000000 0.0577595 0.7815338 0.0000000 0.0616508 0.0798376 0.0000000 0.0000000 0.0000000 0.0000000 0.0000000 0.0192182
 39 S  39 0.0803551 0.0000000 0.0084371 0.0286463 0.0000000 0.0806612 0.0966481 0.0179754 0.0000000 0.0000000 0.0065316 0.0078447 0.0000000 0.0000000 0.5571554 0.1098848 0.0022782 0.0000000 0.0000000 0.0035822
 40 S  40 0.0429052 0.0033591 0.0606303 0.2487233 0.0000000 0.0639716 0.2360763 0.0535887 0.0128350 0.0059762 0.0000000 0.0407427 0.0073198 0.0000000 0.1215914 0.0894979 0.0074744 0.0000000 0.0000000 0.0053080
 41 F  41 0.0257572 0.0076095 0.0472632 0.2897004 0.0101864 0.0095956 0.1585346 0.0266378 0.0075819 0.0665562 0.0246387 0.0264267 0.0274040 0.1211267 0.0120693 0.0453243 0.0231159 0.0000000 0.0236355 0.0468362
 42 E  42 0.0362394 0.0000000 0.0231512 0.1916803 0.0000000 0.0618742 0.2006042 0.0211719 0.0000000 0.1351426 0.0824955 0.0205026 0.0424207 0.0366336 0.0181227 0.0295160 0.0111384 0.0000000 0.0048415 0.0844653
 43 I  43 0.0454696 0.0000000 0.0264644 0.0182074 0.0000000 0.0302159 0.0117056 0.0022969 0.0056824 0.0903648 0.2809187 0.0070445 0.0868175 0.0662202 0.0076826 0.0512162 0.0515150 0.0000000 0.0068372 0.2113409
 44 E  44 0.0053865 0.0000000 0.0690538 0.3705882 0.0000000 0.0225367 0.1308231 0.0168516 0.0052442 0.0024326 0.0038688 0.0019098 0.0000000 0.0033400 0.0197671 0.2172753 0.1257645 0.0000000 0.0000000 0.0051577
 45 S  45 0.1954496 0.0000000 0.0085911 0.0039432 0.0000000 0.0181008 0.0155229 0.0198822 0.0000000 0.0091754 0.0033430 0.0287245 0.0082213 0.0022049 0.2969441 0.3022520 0.0633758 0.0000000 0.0000000 0.0242692
 46 D  46 0.0241973 0.0000000 0.0097167 0.3898720 0.0000000 0.0187733 0.4951891 0.0158572 0.0046299 0.0000000 0.0000000 0.0105264 0.0000000 0.0000000 0.0000000 0.0195577 0.0116804 0.0000000 0.0000000 0.0000000
 47 Q  47 0.0916708 0.0087982 0.0143758 0.0316082 0.0037754 0.5415046 0.0940858 0.0186220 0.0176431 0.0083909 0.0253153 0.0608715 0.0158989 0.0168056 0.0000000 0.0123755 0.0179694 0.0000000 0.0047278 0.0155612
 48 M  48 0.0114176 0.0000000 0.0000000 0.0000000 0.0000000 0.0000000 0.0000000 0.0000000 0.0000000 0.5470303 0.1267851 0.0000000 0.1661011 0.0283272 0.0000000 0.0065241 0.0026942 0.0000000 0.0199310 0.0911894
 49 D  49 0.0000000 0.0048002 0.0069354 0.4624585 0.0000000 0.0110821 0.4830961 0.0033288 0.0037282 0.0000000 0.0000000 0.0062770 0.0000000 0.0000000 0.0000000 0.0182935 0.0000000 0.0000000 0.0000000 0.0000000
 50 E  50 0.0389978 0.0113993 0.0809359 0.3170985 0.0000000 0.0522660 0.2043704 0.0476465 0.0064931 0.0000000 0.0036053 0.1090072 0.0000000 0.0000000 0.0061860 0.0615461 0.0361765 0.0000000 0.0000000 0.0242716
 51 Y  51 0.0138702 0.0000000 0.0000000 0.0000000 0.0000000 0.0000000 0.0000000 0.0000000 0.0000000 0.3826686 0.1882263 0.0000000 0.0439904 0.1015895 0.0000000 0.0018989 0.0455037 0.0019480 0.0167481 0.2035563
 52 Y  52 0.0052073 0.0066080 0.0000000 0.0000000 0.0000000 0.0036525 0.0031795 0.0000000 0.0100510 0.2463836 0.1425943 0.0023615 0.1262722 0.0575432 0.0000000 0.0049202 0.0056113 0.0000000 0.2918534 0.0937621
 53 E  53 0.1422387 0.0364091 0.0305771 0.1060714 0.0020159 0.1058177 0.2195652 0.0544215 0.0000000 0.0115675 0.0172409 0.0122235 0.0170396 0.0099990 0.0000000 0.1609706 0.0550820 0.0000000 0.0037016 0.0150587
 54 F  54 0.0755426 0.0217341 0.0227952 0.0202540 0.0000000 0.0612768 0.0142729 0.0000000 0.0367279 0.0551954 0.0849778 0.0370173 0.2449967 0.0367170 0.0000000 0.0246898 0.1531781 0.0000000 0.0581604 0.0524641
 55 L  55 0.0000000 0.0000000 0.0000000 0.0000000 0.0124674 0.0000000 0.0000000 0.0000000 0.0000000 0.1717118 0.5893753 0.0000000 0.0119744 0.1838407 0.0000000 0.0000000 0.0000000 0.0000000 0.0083966 0.0222338
 56 G  56 0.0777088 0.0212311 0.2102669 0.0538936 0.0000000 0.0701114 0.2030705 0.0883784 0.0148697 0.0143714 0.0000000 0.0105647 0.0133118 0.0032938 0.0000000 0.1690965 0.0380163 0.0033127 0.0000000 0.0085023
 57 E  57 0.0589281 0.0148453 0.0726487 0.3448420 0.0000000 0.0427164 0.2963011 0.0459595 0.0078329 0.0000000 0.0000000 0.0395653 0.0030276 0.0000000 0.0000000 0.0466906 0.0266424 0.0000000 0.0000000 0.0000000
 58 Q  58 0.0481632 0.0073187 0.0562768 0.0144456 0.0000000 0.0843531 0.0610667 0.0000000 0.0262436 0.0214694 0.1888193 0.0357276 0.3837470 0.0122368 0.0000000 0.0316565 0.0030276 0.0000000 0.0047927 0.0206553
 59 G  59 0.0056316 0.0027199 0.0930334 0.0669761 0.0000000 0.0047884 0.0245394 0.7789193 0.0055648 0.0000000 0.0000000 0.0123841 0.0000000 0.0000000 0.0000000 0.0054429 0.0000000 0.0000000 0.0000000 0.0000000
 60 V  60 0.0000000 0.0000000 0.0000000 0.0000000 0.0000000 0.0000000 0.0000000 0.0000000 0.0000000 0.8446139 0.0141690 0.0000000 0.0073064 0.0056396 0.0000000 0.0000000 0.0000000 0.0000000 0.0000000 0.1282711
 61 E  61 0.0864996 0.0315141 0.1076389 0.1941951 0.0000000 0.1264272 0.2730705 0.0057383 0.0018580 0.0025311 0.0000000 0.0442017 0.0094289 0.0000000 0.0162891 0.0586378 0.0340145 0.0000000 0.0000000 0.0079552
 62 L  62 0.0041664 0.0000000 0.0000000 0.0000000 0.0000000 0.0000000 0.0000000 0.0000000 0.0000000 0.2481155 0.1049188 0.0000000 0.0046975 0.0000000 0.0000000 0.0000000 0.0081212 0.0000000 0.0000000 0.6299804
 63 I  63 0.0017822 0.0094665 0.0085150 0.0111547 0.0081289 0.0109613 0.0053814 0.0221319 0.0314802 0.1448812 0.1419661 0.0000000 0.0174107 0.0549261 0.0000000 0.0170690 0.0433182 0.0000000 0.1004573 0.3709693
 64 S  64 0.0033420 0.0118559 0.0653817 0.3296749 0.0000000 0.0060567 0.3970275 0.1002864 0.0000000 0.0000000 0.0000000 0.0113626 0.0000000 0.0088838 0.0324152 0.0180347 0.0156787 0.0000000 0.0000000 0.0000000
 65 E  65 0.0491115 0.0108244 0.0391803 0.2024837 0.0000000 0.1156712 0.2890228 0.0221073 0.0117843 0.0026806 0.0044195 0.0330950 0.0000000 0.0024500 0.0143792 0.1216430 0.0536797 0.0000000 0.0022802 0.0251874
 66 N  66 0.3106603 0.0217921 0.0562377 0.1181809 0.0000000 0.0115606 0.1420951 0.0224339 0.0063793 0.0366491 0.0036539 0.0399175 0.0160106 0.0081577 0.0372165 0.0888938 0.0564588 0.0000000 0.0000000 0.0237024
 67 E  67 0.0314624 0.0122547 0.0334435 0.1670643 0.0000000 0.0324588 0.1982589 0.0604993 0.0030000 0.0066360 0.0020149 0.0429450 0.0145829 0.0000000 0.3366214 0.0225646 0.0192549 0.0000000 0.0055625 0.0113760
 68 E  68 0.0521246 0.0149846 0.0313850 0.4438045 0.0000000 0.0281980 0.2059428 0.0079801 0.0034472 0.0258289 0.0200108 0.0281430 0.0000000 0.0038035 0.0108430 0.0395894 0.0301234 0.0000000 0.0025641 0.0512270
 69 T  69 0.2564923 0.0131168 0.0232568 0.1767419 0.0000000 0.0121783 0.1626760 0.0319856 0.0108347 0.0313005 0.0503633 0.0316769 0.0229959 0.0073001 0.0565911 0.0407354 0.0307117 0.0000000 0.0024053 0.0386373
 70 E  70 0.0601452 0.0112692 0.0139378 0.3012459 0.0000000 0.0153515 0.4286473 0.0214632 0.0000000 0.0000000 0.0040513 0.0131614 0.0084936 0.0000000 0.0374178 0.0415395 0.0261351 0.0000000 0.0000000 0.0171411
 71 D  71 0.0962104 0.0000000 0.0252057 0.1811969 0.0000000 0.0177469 0.2330382 0.0345042 0.0044568 0.0137001 0.0174560 0.0281013 0.0052460 0.0065434 0.0492899 0.0451728 0.1906538 0.0000000 0.0169678 0.0345096
 72 L  72 0.0298205 0.0244899 0.0258706 0.0863460 0.0000000 0.0051414 0.0620669 0.0055247 0.0106789 0.0778274 0.4316375 0.0312621 0.0377659 0.0153654 0.0664999 0.0373600 0.0361566 0.0000000 0.0000000 0.0161864
 73 E  73 0.0464126 0.0214702 0.0266839 0.2140671 0.0000000 0.0243409 0.2181490 0.0154032 0.0123177 0.0284064 0.1987188 0.0301567 0.0144023 0.0000000 0.0746581 0.0373705 0.0267766 0.0000000 0.0000000 0.0106659
 74 H  74 0.0803669 0.0355509 0.0247031 0.1126524 0.0000000 0.0143320 0.1149645 0.0083189 0.0258694 0.0123817 0.1606770 0.0639845 0.1019911 0.0197914 0.0612614 0.0727723 0.0273294 0.0000000 0.0029986 0.0600548
 75 H  75 0.0523168 0.0157768 0.1079749 0.1553942 0.0000000 0.0154342 0.1500153 0.0521143 0.0147263 0.0579919 0.0628600 0.0822086 0.0081712 0.0097886 0.0262368 0.1242734 0.0471591 0.0000000 0.0072325 0.0103252
 76 H  76 0.0725322 0.0416176 0.0888602 0.3369134 0.0000000 0.0165674 0.2168423 0.0229888 0.0309169 0.0074318 0.0000000 0.0678581 0.0153019 0.0000000 0.0165637 0.0252089 0.0160391 0.0000000 0.0000000 0.0243577
 77 H  77 0.0794747 0.0000000 0.0765257 0.1581549 0.0000000 0.0385835 0.3491021 0.0196937 0.0226061 0.0000000 0.0369439 0.0199448 0.0068618 0.0000000 0.1238064 0.0058242 0.0495333 0.0000000 0.0000000 0.0129450
 78 H  78 0.1341069 0.0000000 0.0000000 0.0210029 0.0000000 0.0333405 0.6426480 0.0117974 0.0636942 0.0000000 0.0176225 0.0000000 0.0000000 0.0000000 0.0165486 0.0000000 0.0501540 0.0000000 0.0000000 0.0090850
 79 H  79 0.0000000 0.0000000 0.0000000 0.0000000 0.0000000 0.0000000 0.0000000 0.0000000 0.3105216 0.0000000 0.0000000 0.0000000 0.0000000 0.0000000 0.6894784 0.0000000 0.0000000 0.0000000 0.0000000 0.0000000
