  141         A         R         N         D         C         Q         E         G         H         I         L         K         M         F         P         S         T         W         Y         V    
  1 M   1 0.0000000 0.0000000 0.0000000 0.0000000 0.0000000 0.0000000 0.0000000 0.0000000 0.0000000 0.5213330 0.0650674 0.0000000 0.3135753 0.0000000 0.0000000 0.0000000 0.0000000 0.0000000 0.0000000 0.1000244
  2 H   2 0.1273782 0.0608732 0.2208272 0.0759539 0.0042557 0.0843561 0.1637098 0.0022585 0.0307391 0.0018341 0.0017900 0.1107056 0.0041382 0.0000000 0.0215549 0.0621378 0.0209302 0.0000000 0.0022965 0.0042610
  3 H   3 0.1713544 0.0120282 0.0023285 0.1176913 0.0000000 0.0338798 0.5242270 0.0116257 0.0151721 0.0031956 0.0032183 0.0460051 0.0052726 0.0000000 0.0021580 0.0190998 0.0175515 0.0000000 0.0038752 0.0113169
  4 H   4 0.2497248 0.0000000 0.0052718 0.0000000 0.0000000 0.0000000 0.0027419 0.0065531 0.0343959 0.1514697 0.0380966 0.0000000 0.0127796 0.0337560 0.0027658 0.0241788 0.0054478 0.0000000 0.0203740 0.4124441
  5 H   5 0.0000000 0.0040953 0.0072858 0.9286318 0.0000000 0.0048332 0.0098386 0.0048151 0.0163666 0.0000000 0.0000000 0.0164692 0.0000000 0.0000000 0.0000000 0.0000000 0.0000000 0.0000000 0.0027123 0.0049521
  6 H   6 0.1955774 0.0207289 0.0079455 0.0070365 0.0078601 0.0268273 0.0711185 0.0060633 0.0164190 0.0790655 0.0445329 0.1291523 0.0123748 0.0086599 0.0404882 0.0421404 0.0905071 0.0000000 0.0064084 0.1870938
  7 H   7 0.0034007 0.0000000 0.0680721 0.7911490 0.0000000 0.0028777 0.0583447 0.0075105 0.0226409 0.0000000 0.0074530 0.0063309 0.0120999 0.0017742 0.0000000 0.0044183 0.0085477 0.0037538 0.0000000 0.0016266
  8 G   8 0.0206214 0.0337672 0.1219945 0.0132508 0.0060800 0.0127114 0.0091053 0.6689510 0.0072209 0.0000000 0.0050329 0.0664265 0.0000000 0.0000000 0.0063927 0.0226681 0.0038544 0.0019228 0.0000000 0.0000000
  9 G   9 0.0065715 0.0123956 0.3421388 0.1748062 0.0000000 0.0000000 0.0100815 0.0233845 0.0000000 0.0043519 0.0032846 0.0176271 0.0000000 0.0025964 0.0000000 0.3329919 0.0578158 0.0000000 0.0000000 0.0119544
 10 E  10 0.0080968 0.0114030 0.0025917 0.0101125 0.0000000 0.0000000 0.0195227 0.9126909 0.0050089 0.0000000 0.0000000 0.0158338 0.0000000 0.0000000 0.0000000 0.0118410 0.0028988 0.0000000 0.0000000 0.0000000
 11 N  11 0.0387701 0.0508261 0.0329931 0.0112593 0.0325300 0.0244821 0.0821437 0.0108934 0.0169268 0.0075083 0.0337722 0.0931589 0.0126101 0.0331497 0.0016874 0.0753954 0.3720349 0.0000000 0.0239446 0.0459140
 12 L  12 0.0070621 0.0119672 0.0000000 0.0000000 0.0000000 0.0000000 0.0000000 0.0000000 0.0000000 0.6424171 0.1438359 0.0052969 0.0160377 0.0071057 0.0000000 0.0000000 0.0044748 0.0000000 0.0000000 0.1618026
 13 Y  13 0.0162738 0.0055582 0.0818388 0.6380974 0.0062813 0.0068145 0.1030610 0.0057421 0.0123851 0.0000000 0.0000000 0.0034721 0.0000000 0.0000000 0.0000000 0.0934092 0.0078950 0.0000000 0.0171652 0.0020064
 14 F  14 0.0090019 0.0000000 0.0000000 0.0000000 0.0042931 0.0019099 0.0065971 0.0024401 0.0038484 0.0100040 0.0436799 0.0014639 0.0046085 0.7006317 0.0000000 0.0009959 0.0049970 0.0044745 0.1971049 0.0039491
 15 Q  15 0.0319885 0.0770469 0.0475836 0.1090917 0.0011139 0.0512529 0.2022013 0.0828213 0.0074220 0.0213361 0.0048111 0.0340107 0.0038592 0.0016352 0.1212368 0.1505074 0.0358953 0.0000000 0.0027240 0.0134622
 16 G  16 0.1324409 0.0019782 0.0038456 0.1026904 0.0000000 0.0254667 0.6087166 0.0292183 0.0068452 0.0018206 0.0035076 0.0071480 0.0074637 0.0000000 0.0064462 0.0110218 0.0349933 0.0000000 0.0000000 0.0163971
 17 M  17 0.0026131 0.0000000 0.0032698 0.0012428 0.0000000 0.0097408 0.0000000 0.0031273 0.0000000 0.0037391 0.0152242 0.0054989 0.1743879 0.7735336 0.0000000 0.0026259 0.0000000 0.0000000 0.0030675 0.0019291
 18 D  18 0.0294904 0.0099093 0.1635275 0.0233290 0.0509052 0.0062736 0.0222351 0.0149744 0.0013003 0.1086229 0.3585487 0.0084854 0.0160888 0.0144629 0.0000000 0.0120155 0.0055560 0.0026779 0.0072433 0.1443539
 19 D  19 0.1111730 0.0552603 0.0574207 0.0709494 0.0071520 0.0430889 0.1025099 0.0196406 0.0186061 0.0154461 0.0129822 0.1844273 0.0050945 0.0062754 0.0267442 0.0526806 0.1651936 0.0000000 0.0114989 0.0338564
 20 I  20 0.0293982 0.0034238 0.0026850 0.0042790 0.0026850 0.0025904 0.0055218 0.0036355 0.0015958 0.1403551 0.3603208 0.0081771 0.2649673 0.0699323 0.0098394 0.0098604 0.0067821 0.0000000 0.0096027 0.0643482
 21 Y  21 0.0689865 0.0000000 0.0144177 0.0040493 0.0103264 0.0057509 0.0055583 0.0056884 0.0057896 0.0317779 0.1250297 0.1391031 0.4619371 0.0046607 0.0000000 0.0202022 0.0069800 0.0047653 0.0340601 0.0509168
 22 K  22 0.1950427 0.0562573 0.0029660 0.0090563 0.0079384 0.0446540 0.0246590 0.0351929 0.0232593 0.0059246 0.0145451 0.2382211 0.0060866 0.0076975 0.0000000 0.1296528 0.1520620 0.0034916 0.0139708 0.0293218
 23 A  23 0.1950677 0.2082154 0.0220839 0.0141607 0.0036670 0.0323299 0.0206023 0.0219567 0.0192071 0.0163596 0.0200239 0.1270292 0.0711637 0.0221451 0.0243441 0.0424002 0.0382501 0.0000000 0.0024181 0.0985752
 24 A  24 0.1801150 0.0333181 0.0114323 0.0111598 0.0044283 0.0594839 0.0087663 0.0121531 0.0170087 0.0982251 0.0243382 0.2266320 0.1758361 0.0117003 0.0071797 0.0184846 0.0526558 0.0019794 0.0054755 0.0396277
 25 V  25 0.2615872 0.0329645 0.0166874 0.0118963 0.0048181 0.0115301 0.0114437 0.0272481 0.0068253 0.0762057 0.0771649 0.0435221 0.2260650 0.0038034 0.0034573 0.0357965 0.0647017 0.0019443 0.0055611 0.0767773
 26 E  26 0.0404602 0.0631003 0.0321437 0.1267987 0.0025109 0.0785037 0.1873944 0.0481345 0.0659129 0.0297618 0.0347068 0.1799817 0.0037675 0.0083017 0.0136109 0.0538017 0.0083044 0.0000000 0.0074864 0.0153177
 27 Q  27 0.0212372 0.0494101 0.0912709 0.1360696 0.0094621 0.1224434 0.2633668 0.0384766 0.0711966 0.0067776 0.0149871 0.0405013 0.0199084 0.0212979 0.0102544 0.0492872 0.0216926 0.0014551 0.0031254 0.0077797
 28 L  28 0.0087675 0.0166728 0.0241161 0.0581777 0.0009849 0.0107977 0.0230556 0.0230987 0.0164233 0.0476584 0.5600893 0.0240249 0.0309410 0.0567822 0.0085012 0.0179175 0.0281371 0.0026645 0.0226671 0.0185223
 29 T  29 0.0400857 0.0431724 0.0925509 0.0844230 0.0000000 0.0073794 0.0210416 0.0268545 0.0007596 0.0025892 0.0067873 0.0367456 0.0031173 0.0014438 0.0388381 0.2922301 0.2937286 0.0000000 0.0016633 0.0065895
 30 E  30 0.0620853 0.0441090 0.0336091 0.0824081 0.0000000 0.0602361 0.3517787 0.0132320 0.0044386 0.0049697 0.0214014 0.1288105 0.0112257 0.0046562 0.0705949 0.0148243 0.0626904 0.0015428 0.0094005 0.0179866
 31 E  31 0.0482634 0.0060219 0.0066089 0.2776861 0.0000000 0.0303230 0.4975479 0.0280783 0.0133159 0.0088371 0.0079532 0.0215563 0.0042271 0.0009290 0.0029366 0.0232736 0.0119960 0.0000000 0.0043991 0.0060466
 32 Q  32 0.0074674 0.0582923 0.0089339 0.0284318 0.0014781 0.3639682 0.2724443 0.0032681 0.0095462 0.0087408 0.0209286 0.0304403 0.0364203 0.0014432 0.0353643 0.0639197 0.0394907 0.0000000 0.0016753 0.0077463
 33 K  33 0.0093421 0.0321390 0.0045612 0.0318347 0.0007317 0.0369385 0.1571641 0.0013243 0.0018432 0.3250386 0.0871950 0.1428345 0.0417755 0.0054404 0.0015485 0.0034956 0.0191506 0.0000000 0.0168429 0.0807998
 34 N  34 0.1977488 0.0390167 0.0514811 0.1033806 0.0015577 0.0972900 0.2645233 0.0223439 0.0080465 0.0073468 0.0116119 0.0922429 0.0088517 0.0021505 0.0014910 0.0538425 0.0177393 0.0000000 0.0007086 0.0186261
 35 E  35 0.0082620 0.0064508 0.0179625 0.0937077 0.0000000 0.0315091 0.6126604 0.0856652 0.0601951 0.0060277 0.0119191 0.0156980 0.0037681 0.0008159 0.0012386 0.0065511 0.0038616 0.0015588 0.0006494 0.0314989
 36 F  36 0.0067456 0.0000000 0.0000000 0.0000000 0.0047695 0.0018790 0.0010638 0.0000000 0.0008107 0.1993690 0.4622647 0.0000000 0.0384757 0.1996329 0.0000000 0.0009587 0.0028326 0.0010870 0.0647635 0.0153473
 37 K  37 0.0158679 0.3125167 0.0032698 0.0000000 0.0010002 0.0484190 0.0199482 0.0024883 0.0141385 0.0112420 0.0678641 0.3893331 0.0167270 0.0240385 0.0000000 0.0115937 0.0052172 0.0086288 0.0235271 0.0241800
 38 A  38 0.1075541 0.0291053 0.0252901 0.0997529 0.0005844 0.0477152 0.4965480 0.0063129 0.0043685 0.0045028 0.0138060 0.1146084 0.0103971 0.0020026 0.0000000 0.0105174 0.0181032 0.0019574 0.0011335 0.0057401
 39 A  39 0.7498464 0.0007208 0.0000000 0.0018519 0.0233245 0.0013615 0.0000000 0.0177473 0.0000000 0.0233352 0.0201011 0.0031429 0.0677099 0.0015330 0.0000000 0.0106637 0.0134032 0.0000000 0.0034855 0.0617732
 40 F  40 0.0000000 0.0000000 0.0000000 0.0000000 0.0000000 0.0000000 0.0000000 0.0000000 0.0000000 0.0049003 0.0185613 0.0000000 0.0088364 0.9602580 0.0000000 0.0000000 0.0000000 0.0032349 0.0042090 0.0000000
 41 D  41 0.0502775 0.2124878 0.0512812 0.1365834 0.0074313 0.0801349 0.0547085 0.0083471 0.0078317 0.0036648 0.0336331 0.1712457 0.0193988 0.0009159 0.0000000 0.1378666 0.0184912 0.0013011 0.0010622 0.0033370
 42 I  42 0.0481922 0.0218156 0.0242488 0.0018546 0.0018405 0.0129741 0.0533043 0.0053824 0.0129114 0.0729761 0.3125206 0.0141914 0.0948292 0.0271722 0.0000000 0.0291154 0.0197774 0.0018799 0.0620857 0.1829282
 43 F  43 0.0066839 0.0000000 0.0000000 0.0000000 0.0000000 0.0000000 0.0000000 0.0000000 0.0000000 0.0541069 0.0414997 0.0000000 0.0486992 0.7585368 0.0000000 0.0022767 0.0073297 0.0034512 0.0624337 0.0149820
 44 V  44 0.0019010 0.0000000 0.0012343 0.9585700 0.0000000 0.0038475 0.0070820 0.0016246 0.0000000 0.0012054 0.0000000 0.0000000 0.0000000 0.0000000 0.0000000 0.0056546 0.0011921 0.0000000 0.0000000 0.0176886
 45 L  45 0.0465511 0.1245331 0.0048585 0.0090932 0.0000000 0.0352957 0.0232979 0.0037059 0.0159212 0.0133811 0.0315614 0.4490597 0.0101847 0.0000000 0.0116151 0.0260409 0.1632125 0.0000000 0.0021307 0.0295574
 46 G  46 0.0062343 0.0066007 0.1424120 0.6727165 0.0000000 0.0147219 0.0939242 0.0113737 0.0073173 0.0000000 0.0000000 0.0117027 0.0000000 0.0000000 0.0000000 0.0037652 0.0232459 0.0000000 0.0000000 0.0059858
 47 A  47 0.0276086 0.0025793 0.1722636 0.0457917 0.0025977 0.0159166 0.0018367 0.6706480 0.0032540 0.0000000 0.0000000 0.0381479 0.0000000 0.0000000 0.0101215 0.0029141 0.0063203 0.0000000 0.0000000 0.0000000
 48 E  48 0.0271598 0.0840024 0.0095951 0.0201393 0.0148797 0.0606831 0.0810806 0.0324367 0.0309298 0.0032281 0.0100320 0.1991128 0.0000000 0.0000000 0.0068091 0.3501140 0.0643385 0.0000000 0.0000000 0.0054589
 49 D  49 0.0019934 0.0047281 0.2724450 0.5143781 0.0133919 0.0042882 0.0093802 0.0048538 0.0018626 0.0000000 0.0000000 0.0048618 0.0000000 0.0000000 0.0019963 0.0861936 0.0708212 0.0010609 0.0050828 0.0026621
 50 G  50 0.0000000 0.0000000 0.0023214 0.0000000 0.0023441 0.0000000 0.0054295 0.9869441 0.0000000 0.0000000 0.0000000 0.0000000 0.0000000 0.0000000 0.0000000 0.0029609 0.0000000 0.0000000 0.0000000 0.0000000
 51 S  51 0.0249571 0.0340460 0.0100851 0.0128411 0.0354852 0.0258115 0.0108146 0.0011429 0.0213667 0.0090382 0.0261566 0.1392475 0.0097954 0.1293186 0.0000000 0.0953191 0.1960899 0.0000000 0.2006672 0.0178171
 52 I  52 0.0028154 0.0000000 0.0000000 0.0000000 0.0000000 0.0000000 0.0000000 0.0000000 0.0015260 0.9006477 0.0286926 0.0000000 0.0096800 0.0021869 0.0000000 0.0018069 0.0012888 0.0000000 0.0000000 0.0513558
 53 S  53 0.0105675 0.0027641 0.0375633 0.1137332 0.0038250 0.0126013 0.0301248 0.0264812 0.0076386 0.0013166 0.0088811 0.0222526 0.0198795 0.0015619 0.0141717 0.2968434 0.3870208 0.0000000 0.0000000 0.0027734
 54 T  54 0.1961661 0.0373286 0.0057104 0.0026044 0.0176865 0.0110089 0.0080194 0.0172031 0.0071769 0.0525302 0.0606485 0.0610986 0.0135064 0.0708533 0.0360943 0.0445078 0.1681340 0.0039868 0.0653174 0.1204184
 55 K  55 0.1057334 0.0453918 0.0328036 0.1538715 0.0000000 0.0500014 0.1901967 0.0225993 0.0112014 0.0034475 0.0112248 0.2129760 0.0026663 0.0000000 0.0065336 0.1033553 0.0361547 0.0010289 0.0006106 0.0102033
 56 E  56 0.0040704 0.0000000 0.0386879 0.0946258 0.0034734 0.0312906 0.7617813 0.0012690 0.0010438 0.0029484 0.0000000 0.0113451 0.0173562 0.0009029 0.0000000 0.0073109 0.0128629 0.0000000 0.0000000 0.0110314
 57 L  57 0.0000000 0.0032739 0.0000000 0.0000000 0.0183814 0.0000000 0.0000000 0.0000000 0.0000000 0.0561251 0.8311616 0.0000000 0.0169439 0.0291616 0.0000000 0.0000000 0.0000000 0.0000000 0.0025007 0.0424519
 58 G  58 0.0567201 0.2059387 0.0112192 0.0041647 0.0086264 0.0508543 0.0503927 0.2795124 0.0097869 0.0156691 0.0141248 0.2405096 0.0045619 0.0033815 0.0000000 0.0309604 0.0043099 0.0000000 0.0026828 0.0065847
 59 K  59 0.0929368 0.0659400 0.0404414 0.0654829 0.0038487 0.0778602 0.0800920 0.0099331 0.1000673 0.0345878 0.0143316 0.0454504 0.0126174 0.0108600 0.0050497 0.0546163 0.1720392 0.0013885 0.0171931 0.0952639
 60 V  60 0.2096095 0.0000000 0.0015989 0.0000000 0.0292125 0.0000000 0.0012982 0.0922692 0.0000000 0.1032434 0.0548311 0.0118531 0.0254309 0.0083024 0.0000000 0.0125513 0.0115363 0.0000000 0.0017670 0.4364962
 61 M  61 0.0490019 0.0018340 0.0000000 0.0000000 0.0299984 0.0000000 0.0000000 0.0000000 0.0000000 0.0330874 0.3681596 0.0000000 0.4643722 0.0230306 0.0000000 0.0041206 0.0108392 0.0014398 0.0013464 0.0127699
 62 R  62 0.0642904 0.4092578 0.0168560 0.0150775 0.0026392 0.0342239 0.0414425 0.0198484 0.0217985 0.0187997 0.0064520 0.1482855 0.0172216 0.0020953 0.0093549 0.0342406 0.1216912 0.0022383 0.0008434 0.0133432
 63 M  63 0.1648785 0.0555189 0.0856295 0.0165928 0.0279343 0.0273312 0.1213582 0.0152960 0.0113876 0.0050555 0.0118995 0.0874199 0.0481997 0.0035413 0.0010716 0.2253508 0.0835310 0.0000000 0.0019403 0.0060635
 64 L  64 0.0068908 0.0018517 0.0009967 0.0041506 0.0061030 0.0136026 0.0076682 0.0000000 0.0079058 0.0461429 0.6888250 0.0065604 0.0718376 0.0444544 0.0022282 0.0097042 0.0138889 0.0016003 0.0224520 0.0431363
 65 G  65 0.0061634 0.0064927 0.0134514 0.0391489 0.0031243 0.0039434 0.0113740 0.8997955 0.0000000 0.0000000 0.0000000 0.0041915 0.0000000 0.0009919 0.0016823 0.0056930 0.0000000 0.0000000 0.0010081 0.0029394
 66 Q  66 0.0260035 0.0081601 0.0061161 0.0568664 0.0083437 0.2066576 0.2597940 0.0137373 0.0402822 0.0275924 0.0551091 0.0151579 0.0407234 0.0722312 0.0057678 0.0625641 0.0280487 0.0043161 0.0470480 0.0154804
 67 N  67 0.0253989 0.0505008 0.2607072 0.0509975 0.0052459 0.0387560 0.1052201 0.0274171 0.0236785 0.0033657 0.0065378 0.2079799 0.0388696 0.0200787 0.0340295 0.0451379 0.0447741 0.0000000 0.0090479 0.0022571
 68 P  68 0.0474993 0.0022249 0.0000000 0.0080290 0.0165710 0.0082309 0.0072852 0.0041638 0.0012330 0.0626245 0.3196445 0.0075441 0.0516334 0.0343361 0.3429247 0.0027113 0.0115464 0.0000000 0.0042711 0.0675268
 69 T  69 0.0169339 0.0218822 0.0286491 0.0552177 0.0017776 0.0056888 0.0145516 0.0163784 0.0008033 0.0037731 0.0040702 0.0723709 0.0076025 0.0035239 0.0256214 0.2227482 0.4888788 0.0000000 0.0016786 0.0078497
 70 P  70 0.0275635 0.0230212 0.0397810 0.2445855 0.0015874 0.0302262 0.3485153 0.0133394 0.0152820 0.0075765 0.0175633 0.0887108 0.0030028 0.0028185 0.0824780 0.0145258 0.0098068 0.0013869 0.0062362 0.0219930
 71 E  71 0.1828989 0.0244607 0.0167406 0.0923147 0.0049751 0.0390174 0.3402273 0.0280249 0.0065857 0.0067684 0.0063326 0.0594847 0.0311994 0.0020718 0.0172582 0.0750844 0.0220182 0.0024346 0.0022673 0.0398352
 72 E  72 0.0057879 0.0097784 0.0130455 0.1058860 0.0012775 0.0401108 0.7432943 0.0026265 0.0129404 0.0055618 0.0011067 0.0070616 0.0045276 0.0038829 0.0000000 0.0071638 0.0243103 0.0000000 0.0018293 0.0098088
 73 L  73 0.0230883 0.0000000 0.0000000 0.0009960 0.0265430 0.0000000 0.0010834 0.0040948 0.0000000 0.2431503 0.4339390 0.0000000 0.0193705 0.0118345 0.0000000 0.0012850 0.0059896 0.0000000 0.0013285 0.2272971
 74 Q  74 0.0303370 0.0929147 0.0365202 0.1759864 0.0020974 0.1865955 0.1457186 0.0038399 0.0183086 0.0297038 0.0355947 0.1655764 0.0076837 0.0030362 0.0043002 0.0185395 0.0213134 0.0014031 0.0126224 0.0079082
 75 E  75 0.0706103 0.0622338 0.0257430 0.1828218 0.0000000 0.0975493 0.3485807 0.0155035 0.0041445 0.0088834 0.0191287 0.0872063 0.0179739 0.0000000 0.0000000 0.0250839 0.0230046 0.0008325 0.0000000 0.0106999
 76 M  76 0.0116212 0.0007720 0.0000000 0.0000000 0.0012625 0.0016320 0.0013492 0.0000000 0.0149560 0.1713046 0.2188409 0.0000000 0.4988616 0.0037516 0.0000000 0.0017579 0.0023267 0.0085942 0.0066169 0.0563526
 77 I  77 0.0081226 0.0018863 0.0000000 0.0000000 0.0017719 0.0019206 0.0000000 0.0026499 0.0006467 0.5338118 0.1391088 0.0009939 0.1753394 0.0314056 0.0000000 0.0246385 0.0035589 0.0000000 0.0000000 0.0741449
 78 D  78 0.1236779 0.1491026 0.1155070 0.1034215 0.0023121 0.1065695 0.1055653 0.0289521 0.0172714 0.0017336 0.0143653 0.1340624 0.0031657 0.0008788 0.0000000 0.0620890 0.0223943 0.0000000 0.0037116 0.0052197
 79 E  79 0.0956159 0.0185393 0.0069924 0.1090155 0.0021889 0.0490378 0.5560871 0.0229879 0.0155188 0.0057800 0.0111973 0.0383454 0.0038340 0.0025805 0.0026175 0.0211571 0.0163461 0.0000000 0.0007562 0.0214023
 80 V  80 0.3087807 0.0000000 0.0039947 0.0000000 0.0018625 0.0000000 0.0029453 0.0172918 0.0268303 0.1488924 0.0264143 0.0014287 0.0116833 0.0332715 0.0063576 0.0205483 0.0064899 0.0000000 0.0135251 0.3696838
 81 D  81 0.0010622 0.0057773 0.0211893 0.9012959 0.0000000 0.0058115 0.0094161 0.0098663 0.0051954 0.0000000 0.0000000 0.0305374 0.0000000 0.0000000 0.0000000 0.0032263 0.0031979 0.0000000 0.0015828 0.0018414
 82 E  82 0.1226428 0.0434542 0.0044872 0.0067920 0.0066108 0.0579490 0.0907427 0.0103803 0.0071911 0.0799806 0.0698104 0.1083066 0.0356863 0.0102683 0.0343385 0.0471959 0.1121863 0.0000000 0.0048787 0.1470984
 83 D  83 0.0022142 0.0113835 0.1222771 0.7315045 0.0000000 0.0021423 0.0569144 0.0197002 0.0043234 0.0000000 0.0050018 0.0090521 0.0126198 0.0021764 0.0000000 0.0053255 0.0087934 0.0021755 0.0000000 0.0043958
 84 G  84 0.0156472 0.0264816 0.1447664 0.0067574 0.0075308 0.0211058 0.0127614 0.5948241 0.0153632 0.0011977 0.0127758 0.0707087 0.0128964 0.0007369 0.0069159 0.0401236 0.0043820 0.0031727 0.0000000 0.0018523
 85 S  85 0.0054308 0.0053253 0.2099755 0.4349967 0.0022280 0.0028082 0.0039773 0.0323881 0.0021222 0.0025036 0.0019393 0.0168441 0.0000000 0.0015924 0.0013146 0.2222291 0.0458581 0.0000000 0.0000000 0.0084665
 86 G  86 0.0075169 0.0153513 0.0082887 0.0049601 0.0000000 0.0000000 0.0037859 0.9212653 0.0023110 0.0000000 0.0010751 0.0199198 0.0000000 0.0011895 0.0022304 0.0112726 0.0008335 0.0000000 0.0000000 0.0000000
 87 T  87 0.0242091 0.1265810 0.0206268 0.0062447 0.0321932 0.0956469 0.1047008 0.0093339 0.0223039 0.0063497 0.0358935 0.1128363 0.0220521 0.0288215 0.0030969 0.0463492 0.2415370 0.0017572 0.0247432 0.0347230
 88 V  88 0.0016885 0.0000000 0.0000000 0.0000000 0.0000000 0.0000000 0.0000000 0.0032990 0.0000000 0.6079458 0.1002781 0.0000000 0.0168461 0.0102437 0.0000000 0.0000000 0.0030544 0.0000000 0.0000000 0.2566443
 89 D  89 0.0082700 0.0069012 0.1844190 0.5472837 0.0070534 0.0027649 0.0733190 0.0083783 0.0102522 0.0016102 0.0016345 0.0216894 0.0005506 0.0000000 0.0000000 0.1122180 0.0097652 0.0000000 0.0029513 0.0009389
 90 F  90 0.0078558 0.0000000 0.0000000 0.0000000 0.0055766 0.0069138 0.0243002 0.0009136 0.0025592 0.0101916 0.0377288 0.0033337 0.0056314 0.5358891 0.0025873 0.0005336 0.0000000 0.0051117 0.3420250 0.0088486
 91 D  91 0.0257924 0.0078787 0.0717926 0.1836729 0.0000000 0.0481837 0.3580853 0.0601757 0.0102883 0.0161862 0.0103124 0.0212524 0.0020589 0.0013398 0.0799610 0.0583496 0.0295667 0.0000000 0.0077212 0.0073820
 92 E  92 0.0080387 0.0031734 0.0074412 0.1003649 0.0000000 0.0215469 0.7973298 0.0100484 0.0053578 0.0000000 0.0016273 0.0041582 0.0015045 0.0000000 0.0000000 0.0060793 0.0288824 0.0000000 0.0006556 0.0037916
 93 F  93 0.0000000 0.0000000 0.0000000 0.0000000 0.0000000 0.0000000 0.0000000 0.0000000 0.0000000 0.0000000 0.0165198 0.0000000 0.0000000 0.9709803 0.0000000 0.0015313 0.0000000 0.0032870 0.0062388 0.0014428
 94 L  94 0.0372671 0.0130063 0.0012100 0.0000000 0.0582279 0.0050251 0.0066193 0.0032993 0.0019063 0.1174788 0.3162609 0.0317984 0.0460276 0.0153483 0.0000000 0.0122647 0.0152711 0.0011276 0.0069517 0.3109097
 95 V  95 0.1973485 0.1012152 0.0410648 0.0264008 0.0077917 0.0647517 0.0977226 0.0132757 0.0210814 0.0157651 0.0081249 0.0916845 0.0087344 0.0018793 0.0240962 0.0544246 0.1733234 0.0022267 0.0114872 0.0376014
 96 M  96 0.0712544 0.0024971 0.0000000 0.0000000 0.0062643 0.0000000 0.0019116 0.0000000 0.0089055 0.1476553 0.2292773 0.0031065 0.4391921 0.0154709 0.0018049 0.0025124 0.0015432 0.0000000 0.0000000 0.0686045
 97 M  97 0.0342166 0.0000000 0.0106823 0.0000000 0.0000000 0.0000000 0.0000000 0.0000000 0.0299153 0.0464724 0.0824882 0.0009396 0.7234920 0.0061584 0.0000000 0.0011490 0.0168533 0.0053961 0.0095718 0.0326650
 98 V  98 0.1864133 0.0519765 0.0236617 0.0040655 0.0085792 0.0747233 0.0136532 0.0646294 0.0385929 0.0153858 0.0519638 0.0720611 0.0208061 0.0008179 0.0008752 0.1268831 0.1821000 0.0053061 0.0071634 0.0503424
 99 R  99 0.0648182 0.2628329 0.0459012 0.0068012 0.0009094 0.0726155 0.0239044 0.0284957 0.0465082 0.0132255 0.0063742 0.2239932 0.0152723 0.0000000 0.0630426 0.0441920 0.0550236 0.0000000 0.0008683 0.0252216
100 C 100 0.0103771 0.0534988 0.0340000 0.0106764 0.0204826 0.0977319 0.0088967 0.0448424 0.0408544 0.0221634 0.0398086 0.4769909 0.0211202 0.0623819 0.0054957 0.0159231 0.0122505 0.0014642 0.0126631 0.0083781
101 M 101 0.0353118 0.0325999 0.0865187 0.0066530 0.0055910 0.0189777 0.0268514 0.0177598 0.0088374 0.1047208 0.1829527 0.0274223 0.3423203 0.0013909 0.0100356 0.0201800 0.0223704 0.0000000 0.0090926 0.0404137
102 K 102 0.0502330 0.1013505 0.0435303 0.0118923 0.0036377 0.0628729 0.0508713 0.0611420 0.0125581 0.0105019 0.0921993 0.2823525 0.0039705 0.0049964 0.0182055 0.0982419 0.0358228 0.0000000 0.0065996 0.0490215
103 D 103 0.0791006 0.0112681 0.0529134 0.2396778 0.0000000 0.0752774 0.3555051 0.0552553 0.0059987 0.0111149 0.0129474 0.0346520 0.0000000 0.0016154 0.0164737 0.0219837 0.0107500 0.0000000 0.0029074 0.0125592
104 D 104 0.0313953 0.1138619 0.0321271 0.1312034 0.0008877 0.0521714 0.2150469 0.0330263 0.0115525 0.0038882 0.0078684 0.1005954 0.0070749 0.0032153 0.0221130 0.0376450 0.1740346 0.0040166 0.0067939 0.0114821
105 S 105 0.0339237 0.0119341 0.0514195 0.4512577 0.0023499 0.0298674 0.0644354 0.0874841 0.0281984 0.0081755 0.0066770 0.0138420 0.0027556 0.0050884 0.0112510 0.0592244 0.0910243 0.0000000 0.0242873 0.0168042
106 L 106 0.1535173 0.0099641 0.0434677 0.0518702 0.0063171 0.0251406 0.0543326 0.0365163 0.0158665 0.0258885 0.0499655 0.0346171 0.0036457 0.0112190 0.0793379 0.2160025 0.1329587 0.0155125 0.0070969 0.0267632
107 V 107 0.0646175 0.0618902 0.0183814 0.0764916 0.0000000 0.0455806 0.2210062 0.0374481 0.0274925 0.0038736 0.0160336 0.1879829 0.0082444 0.0173751 0.0417343 0.0284628 0.0442562 0.0048724 0.0524152 0.0418414
108 P 108 0.0424852 0.0171170 0.0178782 0.0810963 0.0024687 0.0303365 0.4125917 0.0533838 0.0021775 0.0070199 0.0243548 0.0955400 0.0933591 0.0035725 0.0294178 0.0220742 0.0241838 0.0000000 0.0146531 0.0262899
109 P 109 0.0960809 0.0094622 0.0116048 0.1677334 0.0000000 0.0348044 0.4089476 0.0338650 0.0052916 0.0540681 0.0143813 0.0288369 0.0036929 0.0026503 0.0277203 0.0451294 0.0176139 0.0076595 0.0022078 0.0282498
110 G 110 0.0238901 0.0690505 0.0069978 0.0350143 0.0016258 0.0259627 0.0508342 0.0947249 0.0052741 0.2576985 0.1233018 0.0410020 0.0627492 0.0481464 0.0219942 0.0509780 0.0207685 0.0000000 0.0271697 0.0328173
111 S 111 0.0205652 0.0432048 0.0156623 0.0624154 0.0047985 0.1024425 0.3053059 0.0042223 0.0181877 0.0453820 0.1550683 0.0290469 0.0387695 0.0013337 0.0000000 0.0275932 0.0194656 0.0000000 0.0000000 0.1065362
112 R 112 0.0455618 0.0980880 0.0367489 0.0995085 0.0000000 0.0647766 0.3627166 0.0134293 0.0043504 0.0000000 0.0220817 0.2107923 0.0016501 0.0044616 0.0096236 0.0113372 0.0086369 0.0045879 0.0016487 0.0000000
113 R 113 0.2254380 0.0237535 0.0452376 0.0438004 0.0000000 0.0130169 0.4007473 0.0559384 0.0853470 0.0052395 0.0126308 0.0076265 0.0081345 0.0047853 0.0000000 0.0236998 0.0164017 0.0000000 0.0173719 0.0108310
114 V 114 0.0000000 0.0000000 0.0000000 0.0000000 0.0069245 0.0000000 0.0000000 0.0026630 0.0000000 0.0579828 0.5975856 0.0021474 0.0472448 0.2236858 0.0000000 0.0157697 0.0040897 0.0000000 0.0073903 0.0345165
115 R 115 0.0213853 0.5112952 0.0068422 0.0035760 0.0000000 0.0277936 0.0029032 0.0000000 0.0153196 0.0054722 0.0452668 0.2072514 0.0113719 0.0295106 0.0000000 0.0457845 0.0000000 0.0056442 0.0434863 0.0170970
116 I 116 0.1080311 0.0209800 0.0177081 0.1438875 0.0025701 0.0161571 0.3150551 0.0000000 0.0075518 0.0650874 0.1010809 0.0520653 0.0323671 0.0060999 0.0000000 0.0115790 0.0206893 0.0000000 0.0135641 0.0655260
117 S 117 0.7020184 0.0162319 0.0019861 0.0000000 0.0100888 0.0000000 0.0000000 0.0102449 0.0000000 0.0099464 0.0117398 0.0020474 0.0018032 0.1462851 0.0000000 0.0341548 0.0240693 0.0067609 0.0018773 0.0207456
118 A 118 0.0096415 0.0000000 0.0000000 0.1521069 0.0000000 0.0000000 0.0146061 0.0000000 0.0000000 0.0000000 0.0056228 0.0000000 0.0000000 0.8016035 0.0000000 0.0049846 0.0000000 0.0044951 0.0069395 0.0000000
119 D 119 0.0225583 0.3544372 0.0221252 0.1311194 0.0036754 0.0874105 0.0338285 0.0088259 0.0025747 0.0026977 0.0061640 0.2096856 0.0137006 0.0000000 0.0071366 0.0749519 0.0135955 0.0000000 0.0013443 0.0041686
120 A 120 0.0362369 0.0045312 0.0021526 0.0353745 0.0000000 0.0178443 0.1446288 0.0000000 0.0235273 0.0529082 0.1211093 0.0015499 0.0450584 0.0297245 0.0097665 0.0151881 0.0244526 0.0012363 0.1060624 0.3286482
121 M 121 0.0171608 0.0000000 0.0040113 0.0066225 0.0028156 0.0023912 0.0000000 0.0557907 0.0000000 0.0151828 0.0576651 0.0000000 0.0142155 0.6886596 0.0069774 0.0103317 0.0181188 0.0016827 0.0959069 0.0024675
122 M 122 0.0022327 0.0042299 0.0355253 0.8522063 0.0000000 0.0000000 0.0044970 0.0157782 0.0068298 0.0072217 0.0075722 0.0000000 0.0092754 0.0000000 0.0000000 0.0116765 0.0320297 0.0109254 0.0000000 0.0000000
123 Q 123 0.0256738 0.1083149 0.0093884 0.0135484 0.0000000 0.0545174 0.0147736 0.0822648 0.0084258 0.0181783 0.0391277 0.5299475 0.0125827 0.0000000 0.0030414 0.0147221 0.0439562 0.0000000 0.0023997 0.0191374
124 A 124 0.0231747 0.0014381 0.1870598 0.5235276 0.0106630 0.0242597 0.0959720 0.0121077 0.0238594 0.0164858 0.0020556 0.0198176 0.0065293 0.0000000 0.0000000 0.0174910 0.0319608 0.0000000 0.0000000 0.0035978
125 L 125 0.0241738 0.0227457 0.1334234 0.0291485 0.0040003 0.0449845 0.0198464 0.4830724 0.0100869 0.0203733 0.0360737 0.0796195 0.0064663 0.0000000 0.0035631 0.0370040 0.0012228 0.0000000 0.0000000 0.0441955
126 L 126 0.0046568 0.0367118 0.2630635 0.2442273 0.0035052 0.0045286 0.0041554 0.0016368 0.0073163 0.0000000 0.0154549 0.0433964 0.0576316 0.0164027 0.0035796 0.1901541 0.1035790 0.0000000 0.0000000 0.0000000
127 G 127 0.0061431 0.0000000 0.0191460 0.0045041 0.0000000 0.0105926 0.0015624 0.9002633 0.0000000 0.0064862 0.0000000 0.0285190 0.0000000 0.0058495 0.0032808 0.0099925 0.0021697 0.0014909 0.0000000 0.0000000
128 A 128 0.0624753 0.0246886 0.0339250 0.0262309 0.0141276 0.0185878 0.0267508 0.0000000 0.0248635 0.0085349 0.0426830 0.0984179 0.0030939 0.1772776 0.0000000 0.0372704 0.0367262 0.0000000 0.3492755 0.0150712
129 R 129 0.0044079 0.0090349 0.0032546 0.0091387 0.0000000 0.0000000 0.0430015 0.0177488 0.0000000 0.8084159 0.0538262 0.0041202 0.0029592 0.0042642 0.0000000 0.0000000 0.0000000 0.0000000 0.0000000 0.0398279
130 A 130 0.0214103 0.0000000 0.0268031 0.0807832 0.0079480 0.0104821 0.0351443 0.0090775 0.0052114 0.0085491 0.0486109 0.0372693 0.0139308 0.0017419 0.0192533 0.3635020 0.3102826 0.0000000 0.0000000 0.0000000
131 K 131 0.2547360 0.1322975 0.0025016 0.0093375 0.0009169 0.0127255 0.0056811 0.0042863 0.0051883 0.0544232 0.0658122 0.0634988 0.0140045 0.0451749 0.0417048 0.0391550 0.1007866 0.0072522 0.0076637 0.1328534
132 E 132 0.1519992 0.0255806 0.0396450 0.1997565 0.0000000 0.0387502 0.1825166 0.0355860 0.0547734 0.0047699 0.0022149 0.0668057 0.0000000 0.0000000 0.0076482 0.1148776 0.0333857 0.0013212 0.0013327 0.0390365
133 S 133 0.0334469 0.0000000 0.0440864 0.0655777 0.0099103 0.0029584 0.6835298 0.0031345 0.0033976 0.0034283 0.0073164 0.0053657 0.0067776 0.0000000 0.0000000 0.0301788 0.0203368 0.0000000 0.0000000 0.0805546
134 L 134 0.0061781 0.0000000 0.0000000 0.0000000 0.0000000 0.0000000 0.0000000 0.0000000 0.0000000 0.0281734 0.8554276 0.0350447 0.0231313 0.0394577 0.0000000 0.0000000 0.0073951 0.0000000 0.0000000 0.0051921
135 D 135 0.0087252 0.4629965 0.0000000 0.0387088 0.0000000 0.0592718 0.1278433 0.0041450 0.0294080 0.0000000 0.0000000 0.2468097 0.0000000 0.0000000 0.0000000 0.0114090 0.0106828 0.0000000 0.0000000 0.0000000
136 L 136 0.0227199 0.0348148 0.0000000 0.0305614 0.0000000 0.3182785 0.2833052 0.0000000 0.0000000 0.0390110 0.2052626 0.0000000 0.0363167 0.0000000 0.0000000 0.0000000 0.0078973 0.0000000 0.0115287 0.0103040
137 R 137 0.1542334 0.1530240 0.0000000 0.0000000 0.0000000 0.0430694 0.0165169 0.2727856 0.0000000 0.1268401 0.0000000 0.0546000 0.0437408 0.0000000 0.0000000 0.0133054 0.0211361 0.0000000 0.0000000 0.1007483
138 A 138 0.3620252 0.0000000 0.0000000 0.0000000 0.0160426 0.0000000 0.2422811 0.0000000 0.0000000 0.0253847 0.2754892 0.0000000 0.0361831 0.0000000 0.0000000 0.0000000 0.0000000 0.0425941 0.0000000 0.0000000
139 H 139 0.0608838 0.0225092 0.2801891 0.0297786 0.0000000 0.0000000 0.0000000 0.0000000 0.3786122 0.0470861 0.0000000 0.0567292 0.0000000 0.0000000 0.0000000 0.0000000 0.0586855 0.0000000 0.0000000 0.0655264
140 L 140 0.0000000 0.0000000 0.0000000 0.0000000 0.0000000 0.0000000 0.0000000 0.0000000 0.0000000 0.0525666 0.8316620 0.0000000 0.1157714 0.0000000 0.0000000 0.0000000 0.0000000 0.0000000 0.0000000 0.0000000
141 K 141 0.0000000 0.0000000 0.0000000 0.0000000 0.0000000 0.1894709 0.0000000 0.0000000 0.0000000 0.0000000 0.0000000 0.8105291 0.0000000 0.0000000 0.0000000 0.0000000 0.0000000 0.0000000 0.0000000 0.0000000
