  141         A         R         N         D         C         Q         E         G         H         I         L         K         M         F         P         S         T         W         Y         V         X    
  1 M   1 0.0000000 0.0000000 0.0000000 0.0000000 0.0000000 0.0000000 0.0000000 0.0000000 0.0000000 0.1962385 0.0245496 0.0000000 0.1192749 0.0000000 0.0000000 0.0000000 0.0000000 0.0000000 0.0000000 0.0377766 0.6221604
  2 H   2 0.0513060 0.0240820 0.0866548 0.0308156 0.0016240 0.0323830 0.0659954 0.0009040 0.0116641 0.0007093 0.0006963 0.0430269 0.0015981 0.0000000 0.0089738 0.0253317 0.0082654 0.0000000 0.0008878 0.0016960 0.6033857
  3 H   3 0.0713913 0.0048405 0.0009169 0.0478756 0.0000000 0.0135793 0.2125247 0.0044350 0.0056517 0.0012655 0.0013074 0.0191602 0.0020784 0.0000000 0.0008810 0.0077032 0.0069705 0.0000000 0.0015337 0.0044294 0.5934556
  4 H   4 0.1079437 0.0000000 0.0022016 0.0000000 0.0000000 0.0000000 0.0011251 0.0026294 0.0140096 0.0646331 0.0159098 0.0000000 0.0053354 0.0151597 0.0011378 0.0107414 0.0023283 0.0000000 0.0088495 0.1755238 0.5724719
  5 H   5 0.0000000 0.0016859 0.0030164 0.4026488 0.0000000 0.0019862 0.0043069 0.0019619 0.0064761 0.0000000 0.0000000 0.0070207 0.0000000 0.0000000 0.0000000 0.0000000 0.0000000 0.0000000 0.0011139 0.0020049 0.5677782
  6 H   6 0.0836114 0.0088997 0.0032990 0.0030016 0.0034536 0.0119632 0.0316238 0.0025743 0.0066536 0.0350036 0.0190383 0.0565338 0.0053862 0.0037950 0.0170116 0.0180834 0.0387498 0.0000000 0.0026944 0.0818705 0.5667533
  7 H   7 0.0014469 0.0000000 0.0295924 0.3469523 0.0000000 0.0012304 0.0250795 0.0032015 0.0091471 0.0000000 0.0037235 0.0027071 0.0052503 0.0007507 0.0000000 0.0019583 0.0036447 0.0015981 0.0000000 0.0006898 0.5630273
  8 G   8 0.0086848 0.0145969 0.0545697 0.0056853 0.0025242 0.0055002 0.0039510 0.2928015 0.0031069 0.0000000 0.0022078 0.0297249 0.0000000 0.0000000 0.0026924 0.0100808 0.0016577 0.0008224 0.0000000 0.0000000 0.5613935
  9 G   9 0.0027274 0.0051696 0.1510492 0.0769532 0.0000000 0.0000000 0.0042953 0.0096226 0.0000000 0.0018746 0.0014237 0.0080140 0.0000000 0.0011023 0.0000000 0.1489843 0.0246142 0.0000000 0.0000000 0.0052544 0.5589152
 10 E  10 0.0037153 0.0056163 0.0011377 0.0044138 0.0000000 0.0000000 0.0084646 0.4174346 0.0023007 0.0000000 0.0000000 0.0072296 0.0000000 0.0000000 0.0000000 0.0051089 0.0012360 0.0000000 0.0000000 0.0000000 0.5433425
 11 N  11 0.0177041 0.0238315 0.0151882 0.0050075 0.0144314 0.0112469 0.0370950 0.0048148 0.0079560 0.0035592 0.0151638 0.0422097 0.0057268 0.0150408 0.0007562 0.0347336 0.1724319 0.0000000 0.0108034 0.0205711 0.5417281
 12 L  12 0.0029810 0.0052298 0.0000000 0.0000000 0.0000000 0.0000000 0.0000000 0.0000000 0.0000000 0.2980639 0.0650383 0.0022774 0.0076205 0.0032005 0.0000000 0.0000000 0.0019767 0.0000000 0.0000000 0.0751153 0.5384968
 13 Y  13 0.0074455 0.0024978 0.0376289 0.3034844 0.0028524 0.0032186 0.0498891 0.0027011 0.0056137 0.0000000 0.0000000 0.0015981 0.0000000 0.0000000 0.0000000 0.0435130 0.0037726 0.0000000 0.0075518 0.0009152 0.5273178
 14 F  14 0.0049921 0.0000000 0.0000000 0.0000000 0.0023762 0.0010205 0.0034456 0.0012848 0.0020249 0.0055872 0.0238497 0.0007849 0.0027708 0.3837916 0.0000000 0.0005407 0.0027865 0.0024225 0.1096246 0.0022115 0.4504859
 15 Q  15 0.0175656 0.0413840 0.0263108 0.0612414 0.0005958 0.0276528 0.1107226 0.0453635 0.0039949 0.0123947 0.0026323 0.0187664 0.0020249 0.0008774 0.0665645 0.0808152 0.0195777 0.0000000 0.0015096 0.0076924 0.4523135
 16 G  16 0.0704198 0.0010517 0.0020390 0.0559740 0.0000000 0.0135675 0.3406913 0.0153586 0.0037404 0.0009541 0.0018565 0.0038160 0.0039628 0.0000000 0.0033108 0.0061000 0.0192511 0.0000000 0.0000000 0.0086153 0.4492911
 17 M  17 0.0014276 0.0000000 0.0017775 0.0006730 0.0000000 0.0052978 0.0000000 0.0016653 0.0000000 0.0020859 0.0087010 0.0032478 0.0949021 0.4404376 0.0000000 0.0014398 0.0000000 0.0000000 0.0017051 0.0010416 0.4355977
 18 D  18 0.0172077 0.0057280 0.0911329 0.0116053 0.0288779 0.0034671 0.0121012 0.0084628 0.0007218 0.0628401 0.2058584 0.0048355 0.0090242 0.0077027 0.0000000 0.0072011 0.0031544 0.0014926 0.0039560 0.0823865 0.4322439
 19 D  19 0.0576217 0.0283593 0.0309889 0.0348770 0.0036891 0.0226516 0.0541183 0.0102800 0.0096805 0.0078850 0.0069030 0.0932649 0.0026580 0.0031607 0.0147051 0.0273588 0.0845178 0.0000000 0.0063543 0.0178835 0.4830426
 20 I  20 0.0152247 0.0016653 0.0013389 0.0021414 0.0013520 0.0012971 0.0027814 0.0018324 0.0010719 0.0698768 0.1877208 0.0040309 0.1359132 0.0356503 0.0051000 0.0049780 0.0033108 0.0000000 0.0044353 0.0328280 0.4874507
 21 Y  21 0.0406305 0.0000000 0.0078350 0.0022083 0.0059352 0.0032702 0.0031353 0.0031660 0.0033567 0.0187874 0.0720307 0.0789876 0.2696438 0.0026523 0.0000000 0.0116202 0.0042017 0.0027029 0.0183814 0.0298898 0.4215651
 22 K  22 0.1218003 0.0351509 0.0018440 0.0050778 0.0048330 0.0283684 0.0158567 0.0225767 0.0144057 0.0037488 0.0093066 0.1458294 0.0036892 0.0046535 0.0000000 0.0806563 0.0984670 0.0021433 0.0083289 0.0188023 0.3744612
 23 A  23 0.1310067 0.1379748 0.0148117 0.0097541 0.0023980 0.0217714 0.0135555 0.0144458 0.0134814 0.0109501 0.0136944 0.0855045 0.0474459 0.0144052 0.0169312 0.0279567 0.0256162 0.0000000 0.0015761 0.0650984 0.3316218
 24 A  24 0.1314409 0.0249331 0.0085736 0.0081510 0.0034621 0.0444695 0.0065506 0.0091533 0.0133006 0.0725687 0.0186587 0.1716447 0.1309467 0.0086512 0.0053173 0.0137155 0.0406081 0.0015303 0.0040417 0.0299566 0.2523258
 25 V  25 0.2033012 0.0255664 0.0131863 0.0090363 0.0033129 0.0090689 0.0086813 0.0215319 0.0052846 0.0585349 0.0610341 0.0337217 0.1793354 0.0029612 0.0026927 0.0272934 0.0521416 0.0015003 0.0042030 0.0582584 0.2193538
 26 E  26 0.0315218 0.0495263 0.0262428 0.0995410 0.0019370 0.0618263 0.1457204 0.0385690 0.0527814 0.0230554 0.0285634 0.1417597 0.0029958 0.0060933 0.0105968 0.0424706 0.0067052 0.0000000 0.0057707 0.0123257 0.2119975
 27 Q  27 0.0185420 0.0430419 0.0758961 0.1135541 0.0079939 0.1012767 0.2209598 0.0325608 0.0599109 0.0058019 0.0126123 0.0344974 0.0174925 0.0170039 0.0087224 0.0408588 0.0182103 0.0012200 0.0025931 0.0066169 0.1606344
 28 L  28 0.0069928 0.0136389 0.0193374 0.0468502 0.0007824 0.0084319 0.0191164 0.0185607 0.0136094 0.0354247 0.4362671 0.0193595 0.0242147 0.0430784 0.0067196 0.0146461 0.0222167 0.0021023 0.0178390 0.0148612 0.2159505
 29 T  29 0.0322734 0.0351342 0.0746292 0.0687314 0.0000000 0.0061088 0.0167540 0.0214473 0.0006060 0.0020376 0.0054367 0.0297254 0.0024435 0.0011204 0.0307326 0.2297785 0.2329695 0.0000000 0.0013277 0.0051681 0.2035757
 30 E  30 0.0568609 0.0409912 0.0296907 0.0738770 0.0000000 0.0536506 0.3128822 0.0118917 0.0039591 0.0043937 0.0201208 0.1139828 0.0103597 0.0042548 0.0622033 0.0140028 0.0556322 0.0013600 0.0084816 0.0164728 0.1049321
 31 E  31 0.0441613 0.0054177 0.0060874 0.2539850 0.0000000 0.0279085 0.4531589 0.0258034 0.0110916 0.0082965 0.0072091 0.0189770 0.0039312 0.0008356 0.0026401 0.0207728 0.0107922 0.0000000 0.0039141 0.0053696 0.0896480
 32 Q  32 0.0067710 0.0524092 0.0076754 0.0250685 0.0013197 0.3130076 0.2392903 0.0030392 0.0083648 0.0077290 0.0182802 0.0276004 0.0333616 0.0012654 0.0314815 0.0640615 0.0357481 0.0000000 0.0014878 0.0070572 0.1149816
 33 K  33 0.0080734 0.0287550 0.0041535 0.0278554 0.0006285 0.0319836 0.1388627 0.0011730 0.0015952 0.2790581 0.0738156 0.1210823 0.0349517 0.0047103 0.0013014 0.0030614 0.0164555 0.0000000 0.0151182 0.0691983 0.1381670
 34 N  34 0.1753903 0.0342556 0.0436948 0.0937227 0.0014098 0.0861630 0.2370144 0.0196763 0.0069906 0.0065396 0.0102821 0.0820513 0.0078542 0.0019310 0.0012834 0.0475422 0.0155481 0.0000000 0.0009296 0.0165977 0.1111231
 35 E  35 0.0076903 0.0061433 0.0176038 0.0883993 0.0000000 0.0291927 0.5756990 0.0794844 0.0582054 0.0056111 0.0111314 0.0148206 0.0035024 0.0007607 0.0011644 0.0061427 0.0035843 0.0014228 0.0006192 0.0290546 0.0597676
 36 F  36 0.0061119 0.0000000 0.0000000 0.0000000 0.0045745 0.0017481 0.0010333 0.0000000 0.0008540 0.1896699 0.4457489 0.0000000 0.0369847 0.1880051 0.0000000 0.0008941 0.0027166 0.0010207 0.0617568 0.0150285 0.0438527
 37 K  37 0.0152002 0.3035326 0.0031199 0.0000000 0.0009544 0.0464332 0.0192499 0.0023521 0.0135006 0.0112251 0.0657262 0.3708922 0.0163058 0.0230591 0.0000000 0.0112179 0.0054513 0.0083324 0.0239168 0.0240503 0.0354802
 38 A  38 0.1025947 0.0294144 0.0244716 0.0970047 0.0006053 0.0466135 0.4821639 0.0063868 0.0042889 0.0045966 0.0135165 0.1126070 0.0098865 0.0019605 0.0000000 0.0105421 0.0180890 0.0018709 0.0011191 0.0057175 0.0265506
 39 A  39 0.7312123 0.0006952 0.0000000 0.0017461 0.0218847 0.0012883 0.0000000 0.0178682 0.0000000 0.0222827 0.0193402 0.0029949 0.0662115 0.0014607 0.0000000 0.0102831 0.0130392 0.0000000 0.0033449 0.0603196 0.0260285
 40 F  40 0.0000000 0.0000000 0.0000000 0.0000000 0.0000000 0.0000000 0.0000000 0.0000000 0.0000000 0.0050896 0.0185963 0.0000000 0.0086193 0.9337611 0.0000000 0.0000000 0.0000000 0.0029681 0.0039653 0.0000000 0.0270004
 41 D  41 0.0487336 0.2149372 0.0489213 0.1284122 0.0072189 0.0788453 0.0535081 0.0079077 0.0075862 0.0034580 0.0317258 0.1666665 0.0186354 0.0008715 0.0000000 0.1332588 0.0179331 0.0012471 0.0010134 0.0032003 0.0259195
 42 I  42 0.0463287 0.0210691 0.0237346 0.0018626 0.0017481 0.0127321 0.0537310 0.0052038 0.0130557 0.0691868 0.3033551 0.0139114 0.0914680 0.0266680 0.0000000 0.0282186 0.0190972 0.0018414 0.0626072 0.1809895 0.0231911
 43 F  43 0.0066569 0.0000000 0.0000000 0.0000000 0.0000000 0.0000000 0.0000000 0.0000000 0.0000000 0.0525329 0.0401580 0.0000000 0.0476944 0.7405053 0.0000000 0.0021357 0.0071650 0.0032742 0.0601280 0.0144492 0.0253003
 44 V  44 0.0020105 0.0000000 0.0011478 0.9397543 0.0000000 0.0034560 0.0066631 0.0015038 0.0000000 0.0011165 0.0000000 0.0000000 0.0000000 0.0000000 0.0000000 0.0053863 0.0011042 0.0000000 0.0000000 0.0155266 0.0223309
 45 L  45 0.0444240 0.1187200 0.0047069 0.0085748 0.0000000 0.0341429 0.0223615 0.0034712 0.0148470 0.0127233 0.0287198 0.4309089 0.0095408 0.0000000 0.0108351 0.0241491 0.1542267 0.0000000 0.0020144 0.0282741 0.0473597
 46 G  46 0.0058552 0.0059867 0.1375547 0.6512989 0.0000000 0.0137039 0.0914971 0.0095196 0.0071832 0.0000000 0.0000000 0.0110116 0.0000000 0.0000000 0.0000000 0.0036303 0.0214645 0.0000000 0.0000000 0.0056260 0.0356684
 47 A  47 0.0194818 0.0019281 0.1334663 0.0358786 0.0019073 0.0120814 0.0014163 0.5112662 0.0024246 0.0000000 0.0000000 0.0284279 0.0000000 0.0000000 0.0074853 0.0021810 0.0045441 0.0000000 0.0000000 0.0000000 0.2375111
 48 E  48 0.0174529 0.0537986 0.0062245 0.0131095 0.0097717 0.0388408 0.0500866 0.0206945 0.0195717 0.0019975 0.0065596 0.1262913 0.0000000 0.0000000 0.0042156 0.2251703 0.0412720 0.0000000 0.0000000 0.0032266 0.3617162
 49 D  49 0.0012533 0.0030046 0.1822707 0.3316030 0.0080012 0.0027229 0.0057047 0.0031009 0.0011970 0.0000000 0.0000000 0.0030530 0.0000000 0.0000000 0.0012555 0.0566684 0.0458818 0.0007084 0.0031934 0.0016767 0.3487045
 50 G  50 0.0000000 0.0000000 0.0020260 0.0000000 0.0020332 0.0000000 0.0049545 0.9520347 0.0000000 0.0000000 0.0000000 0.0000000 0.0000000 0.0000000 0.0000000 0.0026858 0.0000000 0.0000000 0.0000000 0.0000000 0.0362658
 51 S  51 0.0243729 0.0335460 0.0096909 0.0123687 0.0343719 0.0255401 0.0110683 0.0011023 0.0214520 0.0088718 0.0260638 0.1362475 0.0096785 0.1317323 0.0000000 0.0917159 0.1916390 0.0000000 0.1945884 0.0174411 0.0185085
 52 I  52 0.0027209 0.0000000 0.0000000 0.0000000 0.0000000 0.0000000 0.0000000 0.0000000 0.0010829 0.8843585 0.0278255 0.0000000 0.0092495 0.0020574 0.0000000 0.0014762 0.0012075 0.0000000 0.0000000 0.0508774 0.0191442
 53 S  53 0.0102642 0.0026070 0.0360559 0.1105255 0.0037295 0.0119061 0.0293852 0.0253205 0.0074465 0.0012861 0.0084723 0.0210126 0.0199924 0.0014884 0.0138721 0.2953793 0.3790102 0.0000000 0.0000000 0.0026001 0.0196460
 54 T  54 0.1910689 0.0381684 0.0053408 0.0025801 0.0171562 0.0108827 0.0078589 0.0176666 0.0067261 0.0524511 0.0591511 0.0589302 0.0136743 0.0705177 0.0352710 0.0441619 0.1629656 0.0038375 0.0639513 0.1194664 0.0181733
 55 K  55 0.1026229 0.0441519 0.0317928 0.1540796 0.0000000 0.0490622 0.1873239 0.0222697 0.0108876 0.0034318 0.0109799 0.2076015 0.0028687 0.0000000 0.0065497 0.1011580 0.0354210 0.0010217 0.0006054 0.0099985 0.0181733
 56 E  56 0.0039197 0.0000000 0.0382982 0.0919543 0.0034956 0.0294921 0.7497920 0.0012111 0.0010020 0.0028040 0.0000000 0.0112682 0.0168994 0.0008653 0.0000000 0.0068095 0.0120410 0.0000000 0.0000000 0.0107090 0.0194386
 57 L  57 0.0000000 0.0029810 0.0000000 0.0000000 0.0174092 0.0000000 0.0000000 0.0000000 0.0000000 0.0535969 0.8178442 0.0000000 0.0163165 0.0293366 0.0000000 0.0000000 0.0000000 0.0000000 0.0023727 0.0407044 0.0194386
 58 G  58 0.0554612 0.2089072 0.0112894 0.0041281 0.0082073 0.0500062 0.0508718 0.2681804 0.0096940 0.0148030 0.0139866 0.2349913 0.0043830 0.0033349 0.0000000 0.0294732 0.0041858 0.0000000 0.0026395 0.0066285 0.0188286
 59 K  59 0.0913998 0.0659312 0.0392009 0.0639932 0.0037156 0.0788275 0.0793680 0.0096972 0.0966426 0.0337552 0.0143303 0.0427769 0.0125947 0.0105914 0.0046304 0.0546572 0.1671953 0.0013520 0.0172637 0.0935306 0.0185461
 60 V  60 0.2090878 0.0000000 0.0016066 0.0000000 0.0281356 0.0000000 0.0012655 0.0902051 0.0000000 0.1012749 0.0535264 0.0116027 0.0253394 0.0082989 0.0000000 0.0127232 0.0112045 0.0000000 0.0016889 0.4227488 0.0212915
 61 M  61 0.0499156 0.0017461 0.0000000 0.0000000 0.0302303 0.0000000 0.0000000 0.0000000 0.0000000 0.0322430 0.3605418 0.0000000 0.4514290 0.0222719 0.0000000 0.0040314 0.0101863 0.0014043 0.0012848 0.0124946 0.0222210
 62 R  62 0.0638962 0.3953569 0.0167751 0.0148957 0.0026308 0.0339080 0.0404320 0.0197116 0.0213099 0.0189640 0.0064342 0.1473009 0.0170975 0.0020491 0.0094035 0.0338253 0.1163645 0.0022285 0.0008502 0.0134155 0.0231506
 63 M  63 0.1602976 0.0543100 0.0796075 0.0163573 0.0268917 0.0271085 0.1219193 0.0149695 0.0114389 0.0048963 0.0119890 0.0868421 0.0447507 0.0033746 0.0010503 0.2211902 0.0816033 0.0000000 0.0018709 0.0060101 0.0235221
 64 L  64 0.0065675 0.0017891 0.0010048 0.0040836 0.0063962 0.0133957 0.0074499 0.0000000 0.0078882 0.0460036 0.6625522 0.0064529 0.0694213 0.0429672 0.0020817 0.0093077 0.0136260 0.0014975 0.0226265 0.0417438 0.0331444
 65 G  65 0.0060473 0.0061743 0.0127285 0.0387297 0.0030076 0.0037331 0.0107860 0.8723238 0.0000000 0.0000000 0.0000000 0.0041136 0.0000000 0.0009564 0.0015725 0.0053882 0.0000000 0.0000000 0.0009552 0.0028172 0.0306666
 66 Q  66 0.0248163 0.0078699 0.0057271 0.0560049 0.0079347 0.1967989 0.2580618 0.0131799 0.0393015 0.0266170 0.0526217 0.0145043 0.0396965 0.0691648 0.0055571 0.0602761 0.0262873 0.0040576 0.0446475 0.0144157 0.0324595
 67 N  67 0.0240581 0.0487134 0.2467425 0.0490272 0.0050083 0.0376734 0.0994874 0.0272777 0.0226569 0.0032221 0.0061979 0.2011802 0.0364172 0.0175204 0.0329560 0.0426616 0.0432201 0.0000000 0.0087316 0.0021324 0.0451155
 68 P  68 0.0440011 0.0021189 0.0000000 0.0079218 0.0158317 0.0078034 0.0068260 0.0038244 0.0011740 0.0596804 0.3011413 0.0073537 0.0502578 0.0326170 0.3190580 0.0025985 0.0107434 0.0000000 0.0040192 0.0627418 0.0602876
 69 T  69 0.0161377 0.0198897 0.0275762 0.0543913 0.0017081 0.0053692 0.0138997 0.0161702 0.0007555 0.0036267 0.0038338 0.0681417 0.0072791 0.0033144 0.0246181 0.2148306 0.4688524 0.0000000 0.0017178 0.0075173 0.0403705
 70 P  70 0.0269082 0.0221842 0.0382878 0.2367715 0.0015337 0.0296747 0.3417115 0.0133694 0.0148968 0.0075158 0.0170692 0.0855944 0.0029331 0.0026423 0.0771794 0.0140989 0.0094956 0.0013113 0.0060407 0.0204119 0.0303697
 71 E  71 0.1773808 0.0247513 0.0167014 0.0907433 0.0047123 0.0385660 0.3256115 0.0266460 0.0062462 0.0065997 0.0061751 0.0570760 0.0297824 0.0020155 0.0166959 0.0738181 0.0217798 0.0023397 0.0022123 0.0382372 0.0319094
 72 E  72 0.0054743 0.0095359 0.0118839 0.1019202 0.0012663 0.0389487 0.7181566 0.0026165 0.0122691 0.0053875 0.0011333 0.0068148 0.0043761 0.0040914 0.0000000 0.0073804 0.0237328 0.0000000 0.0017851 0.0100793 0.0331477
 73 L  73 0.0226930 0.0000000 0.0000000 0.0009901 0.0263768 0.0000000 0.0010318 0.0038047 0.0000000 0.2412950 0.4241573 0.0000000 0.0192765 0.0117482 0.0000000 0.0012300 0.0058442 0.0000000 0.0013989 0.2185244 0.0216291
 74 Q  74 0.0292023 0.0910902 0.0357844 0.1756889 0.0020024 0.1798872 0.1430102 0.0037292 0.0181153 0.0282382 0.0344557 0.1619841 0.0075658 0.0030050 0.0040756 0.0181412 0.0205802 0.0013314 0.0120664 0.0076871 0.0223594
 75 E  75 0.0691658 0.0599467 0.0249530 0.1809679 0.0000000 0.0948149 0.3406127 0.0147676 0.0039675 0.0086774 0.0183445 0.0837966 0.0177230 0.0000000 0.0000000 0.0243735 0.0221779 0.0007945 0.0000000 0.0103564 0.0245601
 76 M  76 0.0119681 0.0011376 0.0000000 0.0000000 0.0012079 0.0015983 0.0012883 0.0000000 0.0140590 0.1688644 0.2139335 0.0000000 0.4858861 0.0036648 0.0000000 0.0016827 0.0022832 0.0081975 0.0061910 0.0554867 0.0225510
 77 I  77 0.0074815 0.0018031 0.0000000 0.0000000 0.0017017 0.0018252 0.0000000 0.0026010 0.0006262 0.5226409 0.1343579 0.0009788 0.1710151 0.0306576 0.0000000 0.0235630 0.0034323 0.0000000 0.0000000 0.0739573 0.0233586
 78 D  78 0.1205615 0.1490032 0.1141020 0.0991736 0.0022481 0.1025913 0.1035322 0.0281128 0.0173275 0.0017485 0.0128473 0.1313577 0.0030726 0.0008499 0.0000000 0.0612859 0.0218722 0.0000000 0.0036023 0.0050745 0.0216366
 79 E  79 0.0933653 0.0175853 0.0067029 0.1081507 0.0020574 0.0470049 0.5475627 0.0228204 0.0151204 0.0057333 0.0110006 0.0370965 0.0036451 0.0025065 0.0025251 0.0204508 0.0158415 0.0000000 0.0007355 0.0202635 0.0198316
 80 V  80 0.3011928 0.0000000 0.0038287 0.0000000 0.0017891 0.0000000 0.0028027 0.0170246 0.0252874 0.1452139 0.0255725 0.0013600 0.0109493 0.0319748 0.0058765 0.0194194 0.0062378 0.0000000 0.0129781 0.3593562 0.0291364
 81 D  81 0.0009846 0.0058501 0.0199497 0.8626798 0.0000000 0.0055065 0.0091384 0.0097148 0.0048496 0.0000000 0.0000000 0.0285767 0.0000000 0.0000000 0.0000000 0.0030098 0.0027244 0.0000000 0.0014785 0.0017067 0.0438303
 82 E  82 0.1204594 0.0428010 0.0042102 0.0062229 0.0062657 0.0563287 0.0842803 0.0100589 0.0070152 0.0779716 0.0689898 0.1041588 0.0348476 0.0099879 0.0323772 0.0461118 0.1104545 0.0000000 0.0046249 0.1413789 0.0314548
 83 D  83 0.0021076 0.0109122 0.1203384 0.7134271 0.0000000 0.0020504 0.0536114 0.0185372 0.0040716 0.0000000 0.0047058 0.0084253 0.0115701 0.0020419 0.0000000 0.0051263 0.0081888 0.0020404 0.0000000 0.0042147 0.0286306
 84 G  84 0.0147836 0.0257814 0.1426199 0.0070970 0.0072356 0.0206025 0.0122194 0.5829729 0.0153961 0.0011644 0.0129729 0.0685657 0.0122024 0.0007202 0.0066032 0.0386596 0.0042718 0.0030401 0.0000000 0.0017891 0.0213022
 85 S  85 0.0048091 0.0050584 0.2073511 0.4314976 0.0020817 0.0027068 0.0038853 0.0312960 0.0020108 0.0023769 0.0018691 0.0158368 0.0000000 0.0014881 0.0012482 0.2122491 0.0441551 0.0000000 0.0000000 0.0081103 0.0219694
 86 G  86 0.0069842 0.0146402 0.0080080 0.0047284 0.0000000 0.0000000 0.0036713 0.9026051 0.0022822 0.0000000 0.0010194 0.0184881 0.0000000 0.0011245 0.0020817 0.0107390 0.0007919 0.0000000 0.0000000 0.0000000 0.0228361
 87 T  87 0.0236665 0.1264088 0.0194528 0.0059724 0.0312621 0.0954500 0.1018038 0.0084212 0.0214277 0.0061651 0.0350601 0.1090492 0.0213556 0.0279804 0.0030206 0.0454434 0.2365459 0.0016421 0.0237730 0.0331731 0.0229262
 88 V  88 0.0016928 0.0000000 0.0000000 0.0000000 0.0000000 0.0000000 0.0000000 0.0029810 0.0000000 0.5959158 0.0955308 0.0000000 0.0159396 0.0102367 0.0000000 0.0000000 0.0028155 0.0000000 0.0000000 0.2504390 0.0244489
 89 D  89 0.0078631 0.0066217 0.1830619 0.5327123 0.0066409 0.0026426 0.0709894 0.0080731 0.0098031 0.0014726 0.0014954 0.0204638 0.0005349 0.0000000 0.0000000 0.1089522 0.0093995 0.0000000 0.0028786 0.0008929 0.0255020
 90 F  90 0.0076092 0.0000000 0.0000000 0.0000000 0.0057421 0.0069482 0.0236769 0.0008701 0.0024913 0.0099127 0.0367876 0.0032015 0.0054113 0.5178169 0.0025760 0.0005156 0.0000000 0.0049265 0.3360373 0.0087505 0.0267264
 91 D  91 0.0252686 0.0075401 0.0688246 0.1786065 0.0000000 0.0486334 0.3467349 0.0582427 0.0099007 0.0155419 0.0098740 0.0206233 0.0019796 0.0012949 0.0803761 0.0565578 0.0280453 0.0000000 0.0075825 0.0071924 0.0271807
 92 E  92 0.0075546 0.0030290 0.0067436 0.0946983 0.0000000 0.0201215 0.7660527 0.0091151 0.0049957 0.0000000 0.0015214 0.0039000 0.0013875 0.0000000 0.0000000 0.0060197 0.0264509 0.0000000 0.0006312 0.0035022 0.0442765
 93 F  93 0.0000000 0.0000000 0.0000000 0.0000000 0.0000000 0.0000000 0.0000000 0.0000000 0.0000000 0.0000000 0.0156971 0.0000000 0.0000000 0.9233652 0.0000000 0.0013148 0.0000000 0.0030392 0.0056688 0.0012512 0.0496637
 94 L  94 0.0359690 0.0124873 0.0011343 0.0000000 0.0546326 0.0048292 0.0062969 0.0031315 0.0017730 0.1094979 0.2992116 0.0299697 0.0436327 0.0141563 0.0000000 0.0109877 0.0144440 0.0010314 0.0066059 0.2952920 0.0549168
 95 V  95 0.1844210 0.0954856 0.0383865 0.0238438 0.0071273 0.0618302 0.0901175 0.0132267 0.0198011 0.0141704 0.0074980 0.0855575 0.0083848 0.0017548 0.0213970 0.0500876 0.1644298 0.0020823 0.0105620 0.0335693 0.0662669
 96 M  96 0.0649244 0.0022603 0.0000000 0.0000000 0.0053507 0.0000000 0.0017212 0.0000000 0.0079135 0.1324540 0.2080566 0.0027677 0.4034214 0.0141970 0.0016928 0.0022486 0.0014785 0.0000000 0.0000000 0.0628375 0.0886759
 97 M  97 0.0292634 0.0000000 0.0094916 0.0000000 0.0000000 0.0000000 0.0000000 0.0000000 0.0261797 0.0403079 0.0728825 0.0008039 0.6404025 0.0054052 0.0000000 0.0009826 0.0148070 0.0046651 0.0081077 0.0291157 0.1175853
 98 V  98 0.1547998 0.0437729 0.0192741 0.0033034 0.0070519 0.0598393 0.0113283 0.0519371 0.0306567 0.0123263 0.0424022 0.0599426 0.0173768 0.0006589 0.0007351 0.1029870 0.1505973 0.0042037 0.0057085 0.0394256 0.1816724
 99 R  99 0.0506670 0.2029240 0.0354975 0.0052594 0.0006937 0.0552071 0.0185472 0.0211231 0.0353888 0.0098665 0.0048218 0.1738069 0.0116396 0.0000000 0.0483956 0.0342962 0.0418250 0.0000000 0.0006605 0.0189268 0.2304533
100 C 100 0.0069737 0.0363776 0.0209710 0.0069125 0.0121020 0.0633422 0.0059832 0.0294628 0.0274402 0.0147985 0.0262874 0.3207524 0.0147339 0.0402012 0.0035929 0.0107450 0.0080658 0.0009615 0.0083902 0.0055775 0.3363285
101 M 101 0.0212020 0.0199325 0.0520362 0.0040385 0.0034864 0.0115154 0.0161345 0.0111237 0.0050622 0.0633708 0.1112625 0.0165113 0.2084857 0.0008621 0.0060800 0.0123418 0.0142236 0.0000000 0.0054514 0.0249221 0.3919571
102 K 102 0.0302783 0.0598473 0.0252177 0.0070759 0.0021921 0.0368788 0.0295607 0.0368093 0.0073408 0.0056943 0.0543036 0.1687924 0.0023130 0.0029822 0.0106345 0.0575343 0.0199168 0.0000000 0.0043614 0.0290002 0.4092665
103 D 103 0.0440158 0.0063355 0.0288368 0.1333564 0.0000000 0.0413503 0.1985644 0.0325313 0.0033491 0.0062407 0.0071563 0.0188675 0.0000000 0.0009072 0.0091691 0.0126713 0.0060622 0.0000000 0.0016328 0.0070029 0.4419504
104 D 104 0.0171979 0.0627716 0.0176632 0.0697743 0.0004882 0.0279782 0.1136474 0.0185586 0.0062225 0.0021746 0.0042598 0.0534455 0.0038294 0.0017537 0.0118340 0.0208029 0.0975907 0.0022079 0.0035983 0.0063241 0.4578773
105 S 105 0.0183318 0.0065038 0.0273402 0.2481701 0.0012986 0.0160846 0.0344593 0.0466315 0.0152847 0.0040319 0.0035650 0.0075286 0.0016166 0.0021674 0.0065203 0.0315178 0.0482060 0.0000000 0.0129286 0.0090176 0.4587954
106 L 106 0.0770101 0.0049083 0.0219744 0.0257066 0.0031138 0.0129253 0.0264540 0.0175597 0.0078256 0.0129790 0.0249042 0.0172367 0.0018996 0.0056817 0.0387912 0.1136537 0.0658292 0.0076194 0.0036138 0.0132770 0.4970371
107 V 107 0.0299598 0.0287917 0.0086511 0.0355258 0.0000000 0.0212897 0.1065586 0.0182120 0.0129966 0.0018233 0.0075677 0.0879521 0.0037912 0.0080859 0.0196901 0.0135790 0.0211105 0.0022760 0.0242050 0.0196620 0.5282720
108 P 108 0.0228488 0.0090291 0.0090712 0.0411604 0.0012498 0.0153832 0.2127212 0.0271680 0.0011032 0.0036220 0.0125308 0.0484292 0.0480947 0.0018164 0.0145940 0.0111861 0.0122220 0.0000000 0.0073908 0.0132072 0.4871719
109 P 109 0.0496060 0.0049216 0.0059623 0.0856480 0.0000000 0.0171921 0.2123659 0.0167242 0.0028017 0.0276254 0.0074936 0.0146485 0.0018980 0.0013304 0.0138396 0.0213392 0.0089010 0.0038941 0.0011188 0.0145887 0.4881009
110 G 110 0.0120105 0.0349487 0.0034343 0.0177430 0.0007774 0.0132924 0.0248836 0.0476605 0.0022957 0.1294722 0.0603723 0.0205312 0.0313056 0.0236793 0.0098940 0.0255245 0.0106948 0.0000000 0.0133974 0.0168403 0.5012425
111 S 111 0.0102730 0.0217802 0.0077783 0.0317127 0.0023668 0.0498364 0.1531371 0.0021069 0.0090931 0.0231481 0.0767591 0.0143352 0.0195235 0.0006685 0.0000000 0.0134792 0.0097523 0.0000000 0.0000000 0.0530149 0.5012346
112 R 112 0.0240699 0.0500259 0.0184108 0.0513285 0.0000000 0.0343287 0.1919913 0.0070469 0.0022608 0.0000000 0.0115005 0.1101486 0.0008632 0.0019407 0.0040186 0.0059684 0.0044728 0.0023668 0.0008566 0.0000000 0.4784010
113 R 113 0.1139055 0.0115904 0.0230644 0.0225613 0.0000000 0.0066569 0.2047903 0.0269681 0.0436873 0.0026632 0.0063769 0.0038510 0.0042249 0.0024239 0.0000000 0.0119622 0.0083694 0.0000000 0.0086954 0.0054335 0.4927754
114 V 114 0.0000000 0.0000000 0.0000000 0.0000000 0.0035763 0.0000000 0.0000000 0.0013396 0.0000000 0.0295736 0.3086118 0.0010773 0.0250207 0.1159126 0.0000000 0.0080386 0.0020518 0.0000000 0.0038647 0.0173206 0.4836125
115 R 115 0.0119594 0.2842387 0.0036372 0.0019317 0.0000000 0.0153137 0.0015758 0.0000000 0.0083197 0.0030308 0.0245925 0.1124466 0.0061800 0.0162609 0.0000000 0.0240666 0.0000000 0.0030139 0.0238060 0.0093661 0.4502606
116 I 116 0.0587110 0.0113293 0.0095182 0.0769976 0.0013717 0.0087960 0.1736134 0.0000000 0.0041018 0.0356373 0.0543863 0.0280607 0.0173702 0.0026844 0.0000000 0.0062993 0.0112822 0.0000000 0.0062355 0.0350533 0.4585518
117 S 117 0.3911122 0.0088343 0.0010826 0.0000000 0.0054395 0.0000000 0.0000000 0.0051109 0.0000000 0.0056437 0.0062999 0.0011141 0.0009826 0.0794542 0.0000000 0.0182958 0.0126166 0.0036372 0.0010190 0.0109426 0.4484146
118 A 118 0.0048107 0.0000000 0.0000000 0.0803350 0.0000000 0.0000000 0.0066300 0.0000000 0.0000000 0.0000000 0.0029755 0.0000000 0.0000000 0.4334864 0.0000000 0.0026002 0.0000000 0.0023415 0.0035599 0.0000000 0.4632608
119 D 119 0.0120500 0.1920704 0.0121449 0.0694857 0.0018832 0.0467744 0.0179989 0.0047099 0.0013844 0.0014054 0.0037497 0.1128270 0.0072929 0.0000000 0.0028106 0.0396457 0.0072812 0.0000000 0.0007285 0.0022178 0.4635392
120 A 120 0.0200027 0.0023839 0.0011420 0.0183026 0.0000000 0.0087524 0.0759227 0.0000000 0.0124232 0.0277589 0.0638353 0.0008168 0.0238803 0.0156586 0.0041383 0.0080189 0.0128525 0.0006542 0.0565191 0.1793329 0.4676048
121 M 121 0.0092767 0.0000000 0.0021113 0.0034752 0.0014881 0.0012766 0.0000000 0.0295294 0.0000000 0.0085073 0.0308671 0.0000000 0.0073403 0.3811941 0.0028106 0.0054603 0.0095581 0.0009130 0.0519635 0.0013453 0.4528830
122 M 122 0.0012171 0.0022877 0.0190064 0.4820875 0.0000000 0.0000000 0.0024543 0.0084768 0.0028106 0.0038194 0.0041925 0.0000000 0.0048107 0.0000000 0.0000000 0.0064163 0.0173562 0.0060824 0.0000000 0.0000000 0.4389821
123 Q 123 0.0140776 0.0615102 0.0052188 0.0075313 0.0000000 0.0305466 0.0082918 0.0445952 0.0046356 0.0103274 0.0223376 0.2980481 0.0070992 0.0000000 0.0016767 0.0082229 0.0246804 0.0000000 0.0013195 0.0106308 0.4392504
124 A 124 0.0125976 0.0008134 0.1053156 0.3061061 0.0060824 0.0128439 0.0548785 0.0067290 0.0130055 0.0090741 0.0011652 0.0111598 0.0036372 0.0000000 0.0000000 0.0098030 0.0174579 0.0000000 0.0000000 0.0020118 0.4273190
125 L 125 0.0129458 0.0133147 0.0771063 0.0168274 0.0023588 0.0267128 0.0116591 0.2817834 0.0058943 0.0113839 0.0200788 0.0454139 0.0036372 0.0000000 0.0020118 0.0215373 0.0007023 0.0000000 0.0000000 0.0245821 0.4220503
126 L 126 0.0025815 0.0199534 0.1582712 0.1402888 0.0020277 0.0025586 0.0023535 0.0009314 0.0041312 0.0000000 0.0084881 0.0246523 0.0321763 0.0090741 0.0020118 0.1089980 0.0592263 0.0000000 0.0000000 0.0000000 0.4222759
127 G 127 0.0034529 0.0000000 0.0106414 0.0024567 0.0000000 0.0060824 0.0008785 0.5204011 0.0000000 0.0036372 0.0000000 0.0159340 0.0000000 0.0032267 0.0018364 0.0055898 0.0012212 0.0008388 0.0000000 0.0000000 0.4238030
128 A 128 0.0346516 0.0144344 0.0188818 0.0146718 0.0078698 0.0108504 0.0156460 0.0000000 0.0150103 0.0048296 0.0245062 0.0568275 0.0018166 0.1061565 0.0000000 0.0213689 0.0213960 0.0000000 0.1986178 0.0086619 0.4238030
129 R 129 0.0025400 0.0048107 0.0017851 0.0050788 0.0000000 0.0000000 0.0237236 0.0098759 0.0000000 0.4688797 0.0298095 0.0022877 0.0016421 0.0023020 0.0000000 0.0000000 0.0000000 0.0000000 0.0000000 0.0232364 0.4240285
130 A 130 0.0118091 0.0000000 0.0153741 0.0451780 0.0049056 0.0058550 0.0195953 0.0050410 0.0029442 0.0048161 0.0267464 0.0206984 0.0077184 0.0009870 0.0110562 0.2145498 0.1783786 0.0000000 0.0000000 0.0000000 0.4243469
131 K 131 0.1492699 0.0731656 0.0013903 0.0050225 0.0005278 0.0071429 0.0033026 0.0024275 0.0028972 0.0302854 0.0360692 0.0355766 0.0079723 0.0258145 0.0235165 0.0218882 0.0560187 0.0043355 0.0044638 0.0753311 0.4335819
132 E 132 0.0926547 0.0142548 0.0221383 0.1116373 0.0000000 0.0222861 0.1016371 0.0200425 0.0297919 0.0026903 0.0012454 0.0370883 0.0000000 0.0000000 0.0042428 0.0632860 0.0189820 0.0007431 0.0007444 0.0213356 0.4351994
133 S 133 0.0178603 0.0000000 0.0251717 0.0363865 0.0054573 0.0016292 0.3827463 0.0016889 0.0018252 0.0018364 0.0038194 0.0029189 0.0036372 0.0000000 0.0000000 0.0160515 0.0114690 0.0000000 0.0000000 0.0426745 0.4448277
134 L 134 0.0032267 0.0000000 0.0000000 0.0000000 0.0000000 0.0000000 0.0000000 0.0000000 0.0000000 0.0150012 0.4715949 0.0184846 0.0124980 0.0217899 0.0000000 0.0000000 0.0038194 0.0000000 0.0000000 0.0027585 0.4508269
135 D 135 0.0041071 0.2242405 0.0000000 0.0162774 0.0000000 0.0281856 0.0597555 0.0018446 0.0140409 0.0000000 0.0000000 0.1158934 0.0000000 0.0000000 0.0000000 0.0052267 0.0046143 0.0000000 0.0000000 0.0000000 0.5258139
136 L 136 0.0046789 0.0072445 0.0000000 0.0067160 0.0000000 0.0726698 0.0625279 0.0000000 0.0000000 0.0077625 0.0436548 0.0000000 0.0080364 0.0000000 0.0000000 0.0000000 0.0016955 0.0000000 0.0024567 0.0022083 0.7803487
137 R 137 0.0136478 0.0125015 0.0000000 0.0000000 0.0000000 0.0038194 0.0014975 0.0246253 0.0000000 0.0115634 0.0000000 0.0046789 0.0039038 0.0000000 0.0000000 0.0012087 0.0019048 0.0000000 0.0000000 0.0092493 0.9113997
138 A 138 0.0321962 0.0000000 0.0000000 0.0000000 0.0014364 0.0000000 0.0222831 0.0000000 0.0000000 0.0023020 0.0250447 0.0000000 0.0033476 0.0000000 0.0000000 0.0000000 0.0000000 0.0037894 0.0000000 0.0000000 0.9096007
139 H 139 0.0046345 0.0018446 0.0237522 0.0024567 0.0000000 0.0000000 0.0000000 0.0000000 0.0311660 0.0037894 0.0000000 0.0044830 0.0000000 0.0000000 0.0000000 0.0000000 0.0046789 0.0000000 0.0000000 0.0044232 0.9187715
140 L 140 0.0000000 0.0000000 0.0000000 0.0000000 0.0000000 0.0000000 0.0000000 0.0000000 0.0000000 0.0024587 0.0437525 0.0000000 0.0058531 0.0000000 0.0000000 0.0000000 0.0000000 0.0000000 0.0000000 0.0000000 0.9479357
141 K 141 0.0000000 0.0000000 0.0000000 0.0000000 0.0000000 0.0034157 0.0000000 0.0000000 0.0000000 0.0000000 0.0000000 0.0175551 0.0000000 0.0000000 0.0000000 0.0000000 0.0000000 0.0000000 0.0000000 0.0000000 0.9790293
