  119         A         R         N         D         C         Q         E         G         H         I         L         K         M         F         P         S         T         W         Y         V         X    
  1 S   1 0.0117514 0.0000000 0.0138245 0.0000000 0.0000000 0.0164712 0.0000000 0.0000000 0.0000000 0.0000000 0.0000000 0.0036093 0.0000000 0.0000000 0.0000000 0.0392028 0.0000000 0.0000000 0.0000000 0.0000000 0.9151408
  2 G   2 0.0652298 0.0022818 0.0050443 0.0024857 0.0017496 0.0058915 0.0011956 0.0262121 0.0000000 0.0029765 0.0024359 0.0033356 0.0295002 0.0000000 0.0015080 0.0097079 0.0034419 0.0000000 0.0000000 0.0012430 0.8357604
  3 S   3 0.0372194 0.0041473 0.0037112 0.0201827 0.0037311 0.0059737 0.0041594 0.0028014 0.0000000 0.0037410 0.0017925 0.0064383 0.0038774 0.0000000 0.0300676 0.0521095 0.0247645 0.0000000 0.0012924 0.0033327 0.7906578
  4 T   4 0.0549486 0.0049081 0.0180388 0.0205938 0.0000000 0.0192890 0.0171353 0.0037406 0.0029675 0.0000000 0.0061562 0.0049607 0.0000000 0.0000000 0.0013932 0.0298455 0.0524179 0.0000000 0.0000000 0.0108061 0.7527987
  5 P   5 0.0188372 0.0102017 0.0059372 0.0456595 0.0000000 0.0103046 0.0263264 0.0009684 0.0020791 0.0033012 0.0127679 0.0023619 0.1057244 0.0013019 0.0653798 0.0079159 0.0661423 0.0000000 0.0000000 0.0032589 0.6115317
  6 P   6 0.0732101 0.0063947 0.0331927 0.0062755 0.0033125 0.0047022 0.0364306 0.0031542 0.0101015 0.0043229 0.0060803 0.0084360 0.0021492 0.0000000 0.0834609 0.0642509 0.0944568 0.0000000 0.0000000 0.0083306 0.5517384
  7 R   7 0.0388458 0.1251260 0.0203075 0.0220349 0.0017925 0.0772732 0.0768478 0.0090953 0.0179126 0.0014810 0.0086891 0.0300972 0.0051890 0.0011146 0.0138995 0.0209496 0.0282411 0.0000000 0.0015223 0.0087781 0.4908030
  8 T   8 0.0718503 0.0225374 0.0526647 0.0329277 0.0000000 0.0533502 0.0303112 0.0031979 0.0061142 0.0080642 0.0153152 0.0166990 0.0064000 0.0021610 0.0184379 0.0943802 0.1452783 0.0020105 0.0015995 0.0149793 0.4017215
  9 P   9 0.1145041 0.0102401 0.0566758 0.0032843 0.0000000 0.0042766 0.0037213 0.0039692 0.0027685 0.0419456 0.0524633 0.0140771 0.0019451 0.0000000 0.1685211 0.0310914 0.1086438 0.0000000 0.0023957 0.0492048 0.3302721
 10 Q  10 0.1118179 0.1108437 0.0101451 0.0235789 0.0000000 0.0686180 0.1649566 0.0068991 0.0191725 0.0219205 0.0271809 0.0718747 0.0046538 0.0047917 0.0056689 0.0292558 0.0195071 0.0036392 0.0019176 0.0281142 0.2654438
 11 E  11 0.1127255 0.0434475 0.0166429 0.1495092 0.0000000 0.1088503 0.2067897 0.0051334 0.0060389 0.0042212 0.0071979 0.0542877 0.0019742 0.0013166 0.0140092 0.0324835 0.0309167 0.0000000 0.0030445 0.0038737 0.1975374
 12 V  12 0.0469887 0.0309956 0.0046644 0.0109473 0.0035795 0.0025594 0.0012925 0.0035955 0.0022578 0.1152860 0.2262501 0.0105346 0.0160237 0.0405848 0.0034397 0.0029932 0.0581774 0.0026887 0.0028549 0.2644432 0.1498430
 13 F  13 0.0856059 0.0033939 0.0069353 0.0031579 0.0031452 0.0056289 0.0047904 0.0071966 0.0105928 0.1157968 0.1795214 0.0018886 0.0214520 0.1312351 0.0082743 0.0131106 0.0188374 0.0063786 0.0353656 0.2501136 0.0875792
 14 A  14 0.1294708 0.1401277 0.0316648 0.0847540 0.0072305 0.1511106 0.1295466 0.0291027 0.0221184 0.0099486 0.0262416 0.0459866 0.0069778 0.0028482 0.0010512 0.0265752 0.0453623 0.0093860 0.0027730 0.0389650 0.0587583
 15 H  15 0.1471759 0.2275248 0.0278943 0.0930572 0.0011783 0.0864069 0.1254278 0.0174269 0.0556014 0.0009914 0.0219297 0.0475425 0.0012893 0.0225218 0.0000000 0.0334504 0.0189416 0.0036923 0.0093936 0.0077376 0.0508161
 16 H  16 0.0211262 0.0045317 0.0034246 0.0000000 0.0045903 0.0655188 0.0045975 0.0136818 0.0905891 0.0190533 0.0803271 0.0000000 0.0193721 0.2460378 0.0000000 0.0100134 0.0099882 0.1680501 0.1847039 0.0210425 0.0333517
 17 G  17 0.0401550 0.0086235 0.0551784 0.0360216 0.0176448 0.0110724 0.0389538 0.0184828 0.0382736 0.0834753 0.1417589 0.0027256 0.0143098 0.1210293 0.0017011 0.0224132 0.0203776 0.0088011 0.1797890 0.1088057 0.0304075
 18 Q  18 0.1693104 0.0758682 0.0414642 0.1747051 0.0010557 0.0852972 0.2173139 0.0198098 0.0162480 0.0012804 0.0226950 0.0553901 0.0018392 0.0000000 0.0092323 0.0261697 0.0455596 0.0023103 0.0010606 0.0040798 0.0293106
 19 A  19 0.5756783 0.0351764 0.0086764 0.0069988 0.0333788 0.0212100 0.0146121 0.0384984 0.0105163 0.0044710 0.0508493 0.0160646 0.0086647 0.0187976 0.0000000 0.0465311 0.0335719 0.0016615 0.0158623 0.0328983 0.0258823
 20 L  20 0.0412089 0.0194431 0.0030502 0.0000000 0.0057376 0.0000000 0.0070513 0.0076928 0.0000000 0.0284748 0.2317382 0.0020309 0.0267574 0.2296888 0.0000000 0.0192354 0.0023637 0.2075823 0.0906014 0.0538148 0.0235283
 21 A  21 0.1087916 0.0302873 0.4348866 0.0621695 0.0020910 0.0580052 0.0564921 0.0349669 0.0048935 0.0071932 0.0104080 0.0377880 0.0042784 0.0041284 0.0022460 0.0507681 0.0412452 0.0000000 0.0067850 0.0208455 0.0217306
 22 A  22 0.2536757 0.1527660 0.0418935 0.0466356 0.0000000 0.0712481 0.0540865 0.0296735 0.0118176 0.0092100 0.0121998 0.1003573 0.0012229 0.0011650 0.0135719 0.0988196 0.0684849 0.0000000 0.0020536 0.0150577 0.0160607
 23 G  23 0.0544757 0.1713144 0.0355907 0.0333109 0.0029798 0.0444422 0.0110740 0.2666603 0.2089184 0.0000000 0.0275064 0.0570582 0.0068600 0.0016265 0.0130266 0.0237560 0.0099158 0.0045350 0.0116909 0.0028717 0.0123866
 24 D  24 0.0137589 0.0276708 0.1266494 0.7021227 0.0019110 0.0107348 0.0144312 0.0099336 0.0089301 0.0026888 0.0033984 0.0172541 0.0018444 0.0000000 0.0112189 0.0226651 0.0056666 0.0000000 0.0000000 0.0057407 0.0133805
 25 L  25 0.0896071 0.0039944 0.0000000 0.0050083 0.0000000 0.0021923 0.0052191 0.0123718 0.0031836 0.1836630 0.3389822 0.0025310 0.0254449 0.0261764 0.0932874 0.0081197 0.0309700 0.0046522 0.0134872 0.1457500 0.0053593
 26 D  26 0.0867086 0.0101572 0.0220766 0.4398847 0.0000000 0.0252847 0.2432620 0.0143298 0.0233119 0.0014257 0.0041876 0.0150734 0.0000000 0.0033375 0.0262457 0.0412979 0.0241329 0.0000000 0.0054121 0.0075538 0.0063179
 27 E  27 0.3321970 0.0878200 0.0078994 0.0450201 0.0018832 0.0284498 0.0907221 0.1356562 0.0069253 0.0091528 0.0469705 0.0562916 0.0093699 0.0013831 0.0090927 0.0316958 0.0653685 0.0000000 0.0045279 0.0239549 0.0056191
 28 I  28 0.0745531 0.0000000 0.0000000 0.0000000 0.0037183 0.0023103 0.0050497 0.0012406 0.0025418 0.2151661 0.3354045 0.0000000 0.0758296 0.0876119 0.0012520 0.0049845 0.0074090 0.0090233 0.0039118 0.1656693 0.0043239
 29 V  29 0.1806743 0.0256370 0.0077021 0.0488559 0.0123970 0.0108011 0.0373996 0.0232179 0.0082942 0.0479097 0.1889374 0.0157073 0.1389661 0.0083324 0.0205467 0.0378098 0.0251876 0.0026358 0.0065974 0.1371549 0.0152357
 30 A  30 0.2878915 0.0772327 0.0396621 0.1135013 0.0000000 0.0394863 0.1374808 0.0405374 0.0042754 0.0015725 0.0096453 0.0339848 0.0019711 0.0000000 0.0041377 0.1356030 0.0443124 0.0000000 0.0031161 0.0083901 0.0171994
 31 D  31 0.0172733 0.0035205 0.0340155 0.0399597 0.1110614 0.0126530 0.0012703 0.0027284 0.0577932 0.0619899 0.3119280 0.0061127 0.0158320 0.0842791 0.0125542 0.0125642 0.0396690 0.0060896 0.0651553 0.0827375 0.0208132
 32 Y  32 0.0024391 0.0000000 0.0013696 0.0000000 0.0172001 0.0014909 0.0000000 0.0017892 0.0085768 0.0259676 0.0814581 0.0000000 0.0578089 0.2102082 0.0000000 0.0000000 0.0019711 0.0373560 0.4892331 0.0567362 0.0063949
 33 A  33 0.4001795 0.0071563 0.0038021 0.0535267 0.0037315 0.0039886 0.0316217 0.0202808 0.1247281 0.0042189 0.0064124 0.0048769 0.0000000 0.0000000 0.0000000 0.1616840 0.1567930 0.0000000 0.0000000 0.0122259 0.0047735
 34 D  34 0.0492287 0.0160509 0.0139039 0.3027176 0.0000000 0.0311981 0.2964737 0.0042103 0.0082691 0.0026385 0.0026978 0.0154784 0.0000000 0.0000000 0.2040113 0.0272314 0.0141350 0.0000000 0.0030013 0.0043928 0.0043614
 35 D  35 0.0120294 0.0098994 0.0927759 0.6950689 0.0000000 0.0266178 0.0530363 0.0302037 0.0110326 0.0000000 0.0022018 0.0116461 0.0000000 0.0000000 0.0053066 0.0291992 0.0155627 0.0000000 0.0000000 0.0010583 0.0043614
 36 S  36 0.3327720 0.0036149 0.0018312 0.0000000 0.1055882 0.0028164 0.0050936 0.0434720 0.0000000 0.1082304 0.0056492 0.0000000 0.0046343 0.0529470 0.0041700 0.0492877 0.0116437 0.0024544 0.0371044 0.2228303 0.0058603
 37 F  37 0.0340840 0.0529946 0.0028452 0.0114011 0.0132976 0.0382770 0.0863334 0.0018122 0.0143385 0.0921309 0.0540232 0.0108714 0.0026887 0.0135262 0.0000000 0.0160227 0.0954412 0.0013068 0.0194539 0.4320612 0.0070902
 38 V  38 0.0158318 0.0024316 0.0080493 0.0166016 0.0152723 0.0293229 0.0090483 0.0016945 0.0312645 0.0479729 0.1726217 0.0018607 0.0420228 0.3334310 0.0000000 0.0101324 0.0040698 0.0700047 0.0974802 0.0868676 0.0040195
 39 I  39 0.0297433 0.0443699 0.0174810 0.0310632 0.0083115 0.0378513 0.1494067 0.0249923 0.1396393 0.0904037 0.0711076 0.0322507 0.0076624 0.0341544 0.0057034 0.0609596 0.0576573 0.0046034 0.0824968 0.0661157 0.0040265
 40 T  40 0.0522132 0.0176305 0.0820191 0.3037582 0.0000000 0.0140425 0.0279409 0.0239564 0.0207008 0.0140902 0.0109820 0.0096490 0.0380643 0.0165808 0.0381682 0.1238162 0.1247052 0.0058678 0.0176920 0.0559414 0.0021812
 41 P  41 0.0811497 0.0059834 0.0278095 0.0015516 0.0015820 0.0060359 0.0179487 0.0395954 0.0251859 0.0066718 0.0108465 0.0056087 0.0089712 0.0546958 0.5854346 0.0424359 0.0194817 0.0000000 0.0180141 0.0409977 0.0000000
 42 A  42 0.1543304 0.0257049 0.0701495 0.0922523 0.0015808 0.0293889 0.0277209 0.0897568 0.0143432 0.0284638 0.0634728 0.0057787 0.0282668 0.0613087 0.0926643 0.0814291 0.0415877 0.0000000 0.0066254 0.0784969 0.0066781
 43 G  43 0.0760986 0.0404282 0.0488209 0.0169803 0.0000000 0.0257759 0.0300108 0.4488296 0.0893472 0.0043910 0.0024091 0.0390610 0.0074232 0.0243097 0.0264777 0.0337418 0.0349332 0.0014076 0.0029896 0.0271059 0.0194587
 44 I  44 0.0308520 0.1141571 0.0097298 0.0259214 0.0031421 0.0238997 0.1145592 0.0032755 0.0175322 0.0324859 0.0175571 0.0202662 0.0121745 0.0087095 0.2291528 0.0423465 0.1589876 0.0013401 0.0046583 0.1243586 0.0048938
 45 A  45 0.0574111 0.0461713 0.0054634 0.0219129 0.0075080 0.0167084 0.0116816 0.0101850 0.0706988 0.1282220 0.1897752 0.0127952 0.0280831 0.0943587 0.0111137 0.0080577 0.0119957 0.0142476 0.0799398 0.1699227 0.0037482
 46 R  46 0.0235400 0.1973778 0.0251311 0.0200702 0.0051531 0.0926023 0.1366490 0.0021308 0.0963607 0.0272307 0.0281544 0.0875723 0.0029967 0.0043094 0.0057950 0.0493879 0.0663755 0.0000000 0.0079082 0.1078083 0.0134470
 47 G  47 0.0066324 0.0027935 0.0148805 0.0154251 0.0000000 0.0000000 0.0017558 0.9261638 0.0013787 0.0000000 0.0000000 0.0017052 0.0026676 0.0000000 0.0000000 0.0143344 0.0066113 0.0000000 0.0000000 0.0016087 0.0040430
 48 K  48 0.0372794 0.2650805 0.0076546 0.0017032 0.0000000 0.0172032 0.0079575 0.0065650 0.0970663 0.0531143 0.1014709 0.2254884 0.0038478 0.0151367 0.0642588 0.0130116 0.0203096 0.0091095 0.0160968 0.0266577 0.0109883
 49 E  49 0.2161391 0.0222721 0.0152700 0.2438658 0.0000000 0.0496975 0.2749552 0.0196114 0.0032177 0.0063282 0.0027814 0.0315714 0.0035274 0.0051619 0.0363152 0.0273379 0.0246256 0.0000000 0.0000000 0.0137401 0.0035819
 50 G  50 0.4448573 0.0113279 0.0167566 0.0328157 0.0012478 0.0782789 0.1614371 0.1284321 0.0068515 0.0037436 0.0055964 0.0229388 0.0019833 0.0073294 0.0147128 0.0276464 0.0103763 0.0000000 0.0018482 0.0128101 0.0090097
 51 I  51 0.0386782 0.0027695 0.0039190 0.0000000 0.0124181 0.0000000 0.0026597 0.0026385 0.0015204 0.3405923 0.2420831 0.0000000 0.0391163 0.0584581 0.0013978 0.0018703 0.0073588 0.0068683 0.0283180 0.1940290 0.0153046
 52 R  52 0.0860747 0.4474819 0.0060003 0.0135153 0.0000000 0.0363825 0.0557258 0.0388471 0.0244869 0.0184023 0.0396543 0.0985694 0.0139509 0.0010166 0.0022186 0.0264117 0.0403996 0.0000000 0.0088805 0.0333367 0.0086450
 53 Q  53 0.2565734 0.1032241 0.0266927 0.1218134 0.0013663 0.0684908 0.1613080 0.0567625 0.0121727 0.0034851 0.0095739 0.0719304 0.0039481 0.0000000 0.0067973 0.0408314 0.0326045 0.0035694 0.0012248 0.0102245 0.0074066
 54 L  54 0.0891553 0.0463102 0.0233361 0.0024066 0.0000000 0.0101173 0.0033623 0.0318249 0.0217636 0.0352165 0.0616109 0.0049984 0.0892361 0.1911006 0.0017892 0.0317068 0.0127974 0.0334533 0.2420338 0.0591304 0.0086502
 55 F  55 0.0464992 0.0029927 0.0051319 0.0000000 0.0032611 0.0029443 0.0018482 0.0000000 0.0126692 0.0740619 0.1444422 0.0000000 0.0222839 0.3643189 0.0000000 0.0063119 0.0016017 0.1554413 0.1075621 0.0418456 0.0067838
 56 V  56 0.2007673 0.0981943 0.0147786 0.0310244 0.0020330 0.0878332 0.1730253 0.0679354 0.0043586 0.0111885 0.0161030 0.0478897 0.0052571 0.0022568 0.0036704 0.0888662 0.0733214 0.0014606 0.0032390 0.0584449 0.0083523
 57 K  57 0.1392083 0.0536884 0.0534487 0.0525132 0.0000000 0.0856057 0.0940828 0.0973548 0.0599146 0.0100566 0.0366806 0.0734446 0.0553217 0.0141210 0.0156845 0.0623094 0.0550391 0.0054066 0.0080379 0.0219531 0.0061284
 58 L  58 0.1003563 0.0295264 0.0062218 0.0063722 0.0096795 0.0141633 0.0227385 0.0395881 0.0106803 0.0493348 0.2976986 0.0023625 0.0775195 0.1275754 0.0017011 0.0338683 0.0245275 0.0106813 0.0393430 0.0855315 0.0105301
 59 L  59 0.0371685 0.0580133 0.0195128 0.0013103 0.0119649 0.0133042 0.0089834 0.0090935 0.0083492 0.0390574 0.2462644 0.0196324 0.0382832 0.2403273 0.0102428 0.0139618 0.0363925 0.0515138 0.0783340 0.0349736 0.0233167
 60 D  60 0.2594578 0.0608384 0.0201955 0.0678681 0.0000000 0.0881853 0.1236468 0.0585813 0.0049893 0.0054761 0.0025144 0.0952759 0.0012113 0.0167081 0.0291035 0.0769964 0.0572005 0.0016579 0.0000000 0.0181700 0.0119234
 61 D  61 0.1595213 0.0996934 0.1538009 0.0456747 0.0022597 0.0551922 0.0459748 0.0696140 0.0206222 0.0057105 0.0448414 0.0840886 0.0086092 0.0014613 0.0103181 0.0491097 0.0872250 0.0000000 0.0078346 0.0281315 0.0203170
 62 I  62 0.0531074 0.0254368 0.0390288 0.0111666 0.0109644 0.0172109 0.0075018 0.0373428 0.0323750 0.0373299 0.1538305 0.0383222 0.0379502 0.1963886 0.0061477 0.0293365 0.0384976 0.0118616 0.0264417 0.1302973 0.0594618
 63 P  63 0.0571914 0.0203760 0.0205350 0.0564433 0.0000000 0.0322692 0.0449351 0.0242023 0.0111612 0.0197879 0.0107417 0.0720933 0.0015126 0.0000000 0.4894872 0.0549120 0.0394968 0.0014726 0.0025033 0.0073985 0.0334806
 64 N  64 0.0352161 0.0469109 0.0654588 0.3260726 0.0066898 0.0786701 0.0914184 0.0680043 0.0362592 0.0059714 0.0081684 0.0376998 0.0012383 0.0049572 0.0405174 0.0422150 0.0425174 0.0000000 0.0188648 0.0181715 0.0249786
 65 A  65 0.1115248 0.0132691 0.0192184 0.0056781 0.0817389 0.0105803 0.0203029 0.0590012 0.0030742 0.0799804 0.2336699 0.0098202 0.0381670 0.0858101 0.0264196 0.0404159 0.0369223 0.0049213 0.0201770 0.0722564 0.0270519
 66 L  66 0.0436856 0.2249721 0.0167561 0.0444372 0.0043653 0.0804835 0.0775343 0.0193693 0.1301671 0.0090444 0.0034204 0.0567800 0.0013871 0.0128776 0.0022866 0.0756567 0.1071105 0.0030099 0.0128285 0.0550470 0.0187806
 67 W  67 0.0758635 0.0028611 0.0120524 0.0000000 0.0356548 0.0062583 0.0075115 0.0129433 0.0079246 0.0767337 0.0759873 0.0019817 0.0114743 0.3327762 0.0093516 0.0297879 0.0115478 0.1134496 0.0852175 0.0656597 0.0249631
 68 D  68 0.0361984 0.0887796 0.0279808 0.1225309 0.0000000 0.0342913 0.2618819 0.0142436 0.0238128 0.0215876 0.0130459 0.0550605 0.0047736 0.0016615 0.0057763 0.0541663 0.1463839 0.0009621 0.0000000 0.0622062 0.0246570
 69 L  69 0.0315669 0.0136874 0.0164495 0.0289336 0.0065941 0.0123640 0.0312827 0.0039405 0.0157848 0.2334750 0.1654470 0.0039658 0.0213184 0.0786571 0.0430983 0.0108057 0.0349865 0.0032571 0.0342903 0.1885889 0.0215064
 70 K  70 0.0296876 0.0750904 0.0206211 0.0738255 0.0021084 0.0417705 0.1046486 0.0751031 0.0782004 0.0681888 0.0776647 0.0581115 0.0070112 0.0064639 0.0246480 0.0471680 0.0783078 0.0018886 0.0139016 0.0968276 0.0187628
 71 T  71 0.0545417 0.1371151 0.0859751 0.1049736 0.0025015 0.0347813 0.1381157 0.0516785 0.0674210 0.0142027 0.0068376 0.0338363 0.0037862 0.0055863 0.0461889 0.1031003 0.0685545 0.0016411 0.0069777 0.0181615 0.0140233
 72 Q  72 0.0405985 0.0981458 0.0070313 0.0081035 0.0043142 0.0587676 0.0299649 0.0040583 0.0699990 0.1331853 0.0962906 0.0120977 0.0337551 0.0352380 0.0366224 0.0357936 0.0766884 0.0089996 0.0221243 0.1742765 0.0139455
 73 I  73 0.0664572 0.0547514 0.0020304 0.0110394 0.0041227 0.0518863 0.0342431 0.0125401 0.0232112 0.1279277 0.1318309 0.0111287 0.0315305 0.1406003 0.0088585 0.0395809 0.0630807 0.0191123 0.0331938 0.1151974 0.0176764
 74 F  74 0.1869913 0.0166558 0.0069805 0.0199523 0.0208710 0.0445158 0.0836077 0.0393106 0.0124586 0.0608875 0.0233172 0.0101066 0.0032642 0.0235745 0.0056955 0.0587350 0.0559849 0.0038667 0.0101943 0.2935505 0.0194796
 75 E  75 0.0829297 0.0115460 0.0638170 0.2030397 0.0295671 0.0603320 0.1172899 0.0627868 0.0438292 0.0226208 0.0472316 0.0094486 0.0094967 0.0199018 0.0026072 0.1121492 0.0346309 0.0000000 0.0045047 0.0428517 0.0194196
 76 G  76 0.0466085 0.0104344 0.0138824 0.1136795 0.0062273 0.0154881 0.0658444 0.5961383 0.0220019 0.0061699 0.0000000 0.0098359 0.0000000 0.0000000 0.0238013 0.0176746 0.0140385 0.0000000 0.0000000 0.0178557 0.0203194
 77 D  77 0.0114717 0.0311351 0.1874999 0.4359809 0.0039079 0.0501191 0.0994034 0.0540334 0.0184984 0.0000000 0.0029090 0.0104567 0.0000000 0.0017063 0.0086881 0.0407680 0.0165772 0.0000000 0.0013507 0.0035031 0.0219912
 78 I  78 0.0366637 0.1447967 0.0199616 0.0235091 0.0060460 0.0629988 0.0340563 0.0483125 0.0275657 0.0492640 0.1009741 0.0528889 0.0267495 0.0124129 0.0130615 0.0522686 0.1479803 0.0288439 0.0207319 0.0682071 0.0227067
 79 L  79 0.3069315 0.0029798 0.0000000 0.0038828 0.0122576 0.0000000 0.0061131 0.1547993 0.0000000 0.0436598 0.0628404 0.0017787 0.0058067 0.0173662 0.0000000 0.0097321 0.0159217 0.0128303 0.0046833 0.3167045 0.0217122
 80 F  80 0.1273940 0.0316046 0.0023267 0.0025709 0.0150942 0.0064119 0.0035683 0.0100821 0.0059684 0.1199851 0.0907894 0.0070563 0.0298661 0.1412436 0.0010347 0.0326221 0.0487726 0.0201443 0.0525713 0.2177536 0.0331400
 81 L  81 0.1099802 0.0016724 0.0110739 0.0654849 0.0040747 0.0041723 0.0099440 0.0155336 0.0056881 0.1347253 0.2246250 0.0023179 0.0293883 0.0417017 0.0023103 0.0670875 0.0406736 0.0187955 0.0111687 0.1575043 0.0420778
 82 E  82 0.0355565 0.1367495 0.0109322 0.0154349 0.0062365 0.0645677 0.2554422 0.0109894 0.1172176 0.0301883 0.0285463 0.0280367 0.0051395 0.0203467 0.0121158 0.0258027 0.0622415 0.0038130 0.0273464 0.0493101 0.0539867
 83 W  83 0.0174165 0.0082744 0.0031202 0.0018607 0.0022516 0.0019711 0.0720416 0.0397094 0.0018840 0.0098656 0.0168519 0.0026471 0.0047965 0.0631384 0.0000000 0.0351264 0.0137170 0.4828872 0.1279087 0.0252729 0.0692587
 84 T  84 0.0243623 0.1274452 0.0230996 0.0157537 0.0000000 0.0205411 0.0789304 0.0138525 0.0377626 0.0295478 0.0247189 0.0531436 0.0062264 0.0011841 0.0187955 0.0660708 0.3034400 0.0021138 0.0071653 0.0772949 0.0685514
 85 A  85 0.1485235 0.0423686 0.0106164 0.0081362 0.0141901 0.0054295 0.0033294 0.0335264 0.0042787 0.0545257 0.1004373 0.0042861 0.1506216 0.1286859 0.0061623 0.0355873 0.0284042 0.0052021 0.0411404 0.0730334 0.1015150
 86 N  86 0.0299070 0.1170604 0.0275582 0.0453211 0.0011860 0.0433705 0.0721162 0.0351830 0.0866340 0.0139477 0.0093883 0.0522316 0.0041350 0.0134691 0.0120694 0.0667055 0.2122175 0.0027265 0.0259973 0.0332644 0.0955114
 87 S  87 0.0921000 0.0187270 0.0118369 0.0381003 0.0074423 0.0042786 0.0187290 0.2065499 0.0017617 0.0085263 0.0594666 0.0180703 0.0148454 0.0614251 0.0747494 0.0874101 0.0830281 0.0162392 0.0502790 0.0318818 0.0945531
 88 A  88 0.0673926 0.0723933 0.0335727 0.1063779 0.0051591 0.0165049 0.0299253 0.1701027 0.0087504 0.0146471 0.0242564 0.0255792 0.0033798 0.0057903 0.0968107 0.0470186 0.1565594 0.0017259 0.0124469 0.0125496 0.0890569
 89 V  89 0.0275361 0.0632419 0.0388412 0.1011125 0.0018017 0.0266829 0.0659197 0.2320148 0.1878930 0.0038063 0.0057574 0.0168018 0.0039195 0.0136976 0.0083960 0.0355679 0.0560567 0.0023401 0.0062273 0.0250734 0.0773122
 90 S  90 0.0651865 0.0944200 0.0465715 0.0392755 0.0000000 0.0198040 0.0422428 0.1155882 0.0167348 0.0265541 0.0266482 0.0617042 0.0145792 0.0053681 0.1814830 0.0604099 0.0772597 0.0000000 0.0041275 0.0204277 0.0816152
 91 R  91 0.0378149 0.1909834 0.0198272 0.0425836 0.0013758 0.0553101 0.0847915 0.0713804 0.0196886 0.0351950 0.0321508 0.0852613 0.0142349 0.0108596 0.0301393 0.0352059 0.0265872 0.0029290 0.0094151 0.1101456 0.0841206
 92 V  92 0.0573278 0.0170101 0.0095736 0.0196280 0.0013891 0.0353745 0.0579164 0.0819255 0.0154967 0.0768444 0.1131735 0.0133712 0.0046917 0.0366513 0.0789745 0.0304932 0.0548376 0.0021298 0.0148699 0.1948668 0.0834547
 93 D  93 0.0795284 0.0437640 0.0655185 0.0586216 0.0000000 0.0261588 0.1080020 0.0081277 0.0155069 0.0528281 0.0921592 0.0426650 0.0271121 0.0740150 0.0057227 0.0403849 0.0272139 0.0034356 0.0264627 0.1003391 0.1024342
 94 D  94 0.0521194 0.1287704 0.0576318 0.1485331 0.0028755 0.0444307 0.1134250 0.0252505 0.0324487 0.0069955 0.0512898 0.0462496 0.0148118 0.0109708 0.0431897 0.0308518 0.0386314 0.0022407 0.0209058 0.0209026 0.1074756
 95 G  95 0.0844150 0.0102381 0.0027953 0.0026916 0.0136942 0.0038661 0.0082395 0.4883929 0.0000000 0.0455675 0.0242681 0.0049003 0.0357496 0.0170088 0.0101638 0.0340894 0.0106571 0.0040319 0.0068544 0.0922517 0.1001249
 96 V  96 0.0931576 0.0099952 0.0067655 0.0055009 0.0943609 0.0122013 0.0128660 0.0032684 0.0214117 0.1322029 0.0445380 0.0139704 0.0325672 0.0330995 0.0039248 0.0203235 0.0779412 0.0070820 0.0071046 0.2500828 0.1176357
 97 D  97 0.0901285 0.0023054 0.0214074 0.3218426 0.0033968 0.0077454 0.0949752 0.0582842 0.0096917 0.0102330 0.0050288 0.0030070 0.0127052 0.0089111 0.0012468 0.1489251 0.0218834 0.0000000 0.0183179 0.0194735 0.1404910
 98 T  98 0.0335222 0.0285537 0.0018230 0.0011774 0.0012107 0.0126660 0.0078598 0.0042346 0.0500683 0.1402815 0.0957501 0.0161578 0.0215733 0.0601532 0.0029103 0.0385312 0.0952895 0.0093960 0.0121352 0.2422335 0.1244728
 99 F  99 0.0110092 0.0019176 0.0000000 0.0036651 0.0039948 0.0115724 0.0029081 0.0027384 0.0065488 0.0751276 0.1415266 0.0000000 0.0714522 0.3476128 0.0000000 0.0032108 0.0048134 0.0192243 0.1265767 0.0414947 0.1246065
100 V 100 0.0092489 0.1607671 0.0046905 0.0225167 0.0019556 0.0319687 0.1466884 0.0074045 0.0420550 0.0424703 0.0274770 0.0428115 0.0012111 0.0147428 0.0000000 0.0147288 0.1739836 0.0000000 0.0065005 0.1253309 0.1234479
101 F 101 0.0090457 0.0025603 0.0032701 0.0046075 0.0043060 0.0012858 0.0013388 0.0000000 0.0045805 0.1424856 0.1516742 0.0000000 0.0200780 0.2464028 0.0000000 0.0011706 0.0047290 0.0158267 0.0022585 0.2538304 0.1305498
102 R 102 0.0694347 0.2756398 0.0381864 0.0434304 0.0020773 0.0353500 0.1555804 0.0164753 0.0217071 0.0000000 0.0030010 0.1059472 0.0026385 0.0029798 0.0043004 0.0371088 0.0201704 0.0000000 0.0000000 0.0278468 0.1381255
103 D 103 0.0088363 0.0021850 0.1037521 0.5284071 0.0020791 0.0170881 0.0719073 0.0736829 0.0181836 0.0000000 0.0000000 0.0194463 0.0000000 0.0000000 0.0000000 0.0070006 0.0024643 0.0000000 0.0000000 0.0000000 0.1449672
104 G 104 0.0030706 0.0065219 0.0190050 0.0634464 0.0000000 0.0064724 0.0248720 0.7013409 0.0047067 0.0000000 0.0000000 0.0030148 0.0000000 0.0000000 0.0000000 0.0086930 0.0000000 0.0000000 0.0019724 0.0014712 0.1554129
105 T 105 0.0074248 0.1576726 0.0025518 0.0016718 0.0000000 0.0294319 0.0081902 0.0014331 0.0031616 0.0043164 0.1688907 0.4114239 0.0175056 0.0028777 0.0000000 0.0068215 0.0034172 0.0035887 0.0000000 0.0080918 0.1615287
106 I 106 0.0077838 0.0000000 0.0000000 0.0000000 0.0000000 0.0016193 0.0000000 0.0000000 0.0000000 0.6477351 0.0114410 0.0021610 0.0027107 0.0000000 0.0000000 0.0048505 0.0052308 0.0000000 0.0000000 0.1314927 0.1849751
107 W 107 0.1564367 0.0452198 0.0056373 0.0022627 0.0181166 0.0375443 0.0118539 0.0000000 0.0045286 0.0737334 0.0224605 0.0227283 0.0039244 0.0068615 0.0000000 0.0359107 0.0526278 0.0243582 0.0079058 0.2341732 0.2337161
108 A 108 0.0670578 0.1536775 0.0065185 0.0053569 0.0022515 0.0138291 0.1159995 0.0083235 0.0353565 0.0040371 0.0181506 0.0287108 0.0069009 0.0290236 0.0000000 0.0456150 0.0463655 0.0037088 0.0525262 0.0536739 0.3029166
109 H 109 0.0521293 0.0026948 0.0130689 0.0033283 0.0019495 0.1072765 0.0161212 0.0054181 0.1875984 0.0091286 0.0229870 0.0699507 0.0405504 0.0162354 0.0000000 0.0103077 0.0048250 0.0125980 0.0082089 0.0427140 0.3729094
110 T 110 0.0121346 0.2099489 0.0285689 0.0397955 0.0000000 0.0191221 0.0173047 0.0026597 0.0119147 0.0035848 0.0152186 0.0168757 0.0039244 0.0087670 0.0000000 0.0187103 0.0996843 0.0827337 0.0055722 0.0041832 0.3992967
111 V 111 0.1053502 0.0000000 0.0022681 0.0952387 0.0062917 0.0050497 0.0073282 0.0040770 0.0000000 0.0404351 0.0082100 0.0000000 0.0018840 0.0906050 0.0028400 0.0410632 0.0096712 0.0000000 0.0054553 0.0852040 0.4890287
112 R 112 0.0194290 0.0225087 0.0160844 0.0018059 0.0024483 0.0000000 0.0000000 0.0000000 0.0383344 0.0091062 0.0036776 0.0048448 0.0045207 0.0751070 0.0000000 0.0102258 0.0185417 0.0000000 0.2357433 0.0134322 0.5241900
113 Y 113 0.0175158 0.0547348 0.0000000 0.0000000 0.0000000 0.0018572 0.0000000 0.0183360 0.0024483 0.0034824 0.0025617 0.0000000 0.0017921 0.1099879 0.0000000 0.0015103 0.0000000 0.0138918 0.1501436 0.0120121 0.6097260
114 T 114 0.0058134 0.0078028 0.0266934 0.0230276 0.0000000 0.0098188 0.0036255 0.0018432 0.0000000 0.0000000 0.0069978 0.0659024 0.0135718 0.0045659 0.0033578 0.0088884 0.0395495 0.0000000 0.0014534 0.0055379 0.7715503
115 P 115 0.0037068 0.0000000 0.0111019 0.0413205 0.0013740 0.0112252 0.0023151 0.0000000 0.0017921 0.0218543 0.0161806 0.0022791 0.0034824 0.0078893 0.0326093 0.0035476 0.0071437 0.0000000 0.0019414 0.0353494 0.7948873
116 H 116 0.0012166 0.0806284 0.0031725 0.0056226 0.0051560 0.0082425 0.0137394 0.0033578 0.0117632 0.0016545 0.0026160 0.0030087 0.0017879 0.0000000 0.0000000 0.0017299 0.0159553 0.0000000 0.0018557 0.0029780 0.8355151
117 P 117 0.0123624 0.0000000 0.0000000 0.0043166 0.0000000 0.0000000 0.0039244 0.0000000 0.0058198 0.0000000 0.0000000 0.0048072 0.0000000 0.0000000 0.0968121 0.0000000 0.0025142 0.0000000 0.0000000 0.0000000 0.8694433
118 K 118 0.0029780 0.0034901 0.0000000 0.0000000 0.0000000 0.0022791 0.0047207 0.0000000 0.0000000 0.0000000 0.0033578 0.0352652 0.0000000 0.0000000 0.0144024 0.0000000 0.0000000 0.0000000 0.0000000 0.0000000 0.9335066
119 T 119 0.0052508 0.0000000 0.0000000 0.0000000 0.0000000 0.0000000 0.0000000 0.0000000 0.0000000 0.0000000 0.0000000 0.0000000 0.0000000 0.0000000 0.0000000 0.0054361 0.0178949 0.0000000 0.0000000 0.0000000 0.9714182
