  119         A         R         N         D         C         Q         E         G         H         I         L         K         M         F         P         S         T         W         Y         V    
  1 S   1 0.1424420 0.0000000 0.1628554 0.0000000 0.0000000 0.1898119 0.0000000 0.0000000 0.0000000 0.0000000 0.0000000 0.0456157 0.0000000 0.0000000 0.0000000 0.4592751 0.0000000 0.0000000 0.0000000 0.0000000
  2 G   2 0.3980836 0.0139990 0.0308474 0.0152473 0.0105831 0.0367535 0.0069393 0.1604794 0.0000000 0.0181047 0.0152480 0.0210988 0.1774055 0.0000000 0.0089964 0.0593444 0.0189868 0.0000000 0.0000000 0.0078828
  3 S   3 0.1701987 0.0179463 0.0177411 0.1020696 0.0181895 0.0282739 0.0205047 0.0137258 0.0000000 0.0183565 0.0088084 0.0311869 0.0173815 0.0000000 0.1422007 0.2524977 0.1186172 0.0000000 0.0063255 0.0159761
  4 T   4 0.2153040 0.0202903 0.0726570 0.0903557 0.0000000 0.0794526 0.0651078 0.0154135 0.0122335 0.0000000 0.0254745 0.0206986 0.0000000 0.0000000 0.0059375 0.1223288 0.2102971 0.0000000 0.0000000 0.0444491
  5 P   5 0.0483762 0.0294819 0.0152757 0.1172230 0.0000000 0.0268708 0.0698990 0.0023528 0.0056129 0.0090908 0.0320314 0.0062571 0.2719978 0.0022398 0.1644753 0.0206352 0.1694883 0.0000000 0.0000000 0.0086921
  6 P   6 0.1604158 0.0144761 0.0706967 0.0141636 0.0077207 0.0106520 0.0804035 0.0068551 0.0215754 0.0098579 0.0135962 0.0191930 0.0048117 0.0000000 0.1870280 0.1488149 0.2109279 0.0000000 0.0000000 0.0188114
  7 R   7 0.0768721 0.2448019 0.0409096 0.0433305 0.0036722 0.1471027 0.1560472 0.0165063 0.0351543 0.0029919 0.0163674 0.0606365 0.0098192 0.0020530 0.0265914 0.0401077 0.0562961 0.0000000 0.0030845 0.0176555
  8 T   8 0.1191277 0.0377842 0.0876523 0.0549319 0.0000000 0.0919293 0.0496482 0.0055221 0.0106179 0.0131877 0.0259049 0.0283852 0.0089092 0.0038052 0.0308836 0.1564700 0.2435273 0.0035559 0.0027541 0.0254033
  9 P   9 0.1720659 0.0147373 0.0850798 0.0050229 0.0000000 0.0062435 0.0057229 0.0060943 0.0040711 0.0621240 0.0751994 0.0214489 0.0029659 0.0000000 0.2471278 0.0474505 0.1671440 0.0000000 0.0036801 0.0738219
 10 Q  10 0.1558267 0.1506634 0.0135918 0.0306831 0.0000000 0.0960407 0.2213462 0.0093948 0.0263576 0.0297349 0.0378463 0.0936862 0.0062455 0.0066487 0.0079438 0.0397924 0.0274140 0.0050850 0.0027028 0.0389961
 11 E  11 0.1408128 0.0547731 0.0212597 0.1837153 0.0000000 0.1363788 0.2568928 0.0065952 0.0077594 0.0051947 0.0093624 0.0675998 0.0024518 0.0017065 0.0172918 0.0406361 0.0387070 0.0000000 0.0039084 0.0049544
 12 V  12 0.0553846 0.0366270 0.0055937 0.0132953 0.0043691 0.0031088 0.0009008 0.0042999 0.0027434 0.1398103 0.2602503 0.0126766 0.0195471 0.0487728 0.0041958 0.0036099 0.0683178 0.0031860 0.0034450 0.3098658
 13 F  13 0.0935458 0.0038601 0.0076601 0.0034928 0.0036079 0.0062079 0.0030472 0.0077692 0.0120410 0.1264595 0.1986701 0.0020771 0.0238852 0.1447488 0.0093665 0.0150306 0.0183892 0.0068553 0.0379893 0.2752961
 14 A  14 0.1341913 0.1496380 0.0330716 0.0894983 0.0075331 0.1637559 0.1383179 0.0296944 0.0236028 0.0106098 0.0276027 0.0492705 0.0075806 0.0031184 0.0011293 0.0279821 0.0478205 0.0106444 0.0030404 0.0418981
 15 H  15 0.1554166 0.2403968 0.0299190 0.0972194 0.0012877 0.0910194 0.1304751 0.0187636 0.0614598 0.0009414 0.0202755 0.0512377 0.0013881 0.0231811 0.0000000 0.0348535 0.0198861 0.0039875 0.0099156 0.0083761
 16 H  16 0.0216934 0.0044794 0.0034681 0.0000000 0.0048317 0.0700842 0.0039059 0.0136284 0.0938604 0.0194998 0.0846361 0.0000000 0.0198552 0.2514630 0.0000000 0.0107513 0.0106033 0.1737262 0.1913960 0.0221176
 17 G  17 0.0422460 0.0083393 0.0570162 0.0357960 0.0183019 0.0115528 0.0411041 0.0201814 0.0385462 0.0872319 0.1451324 0.0027990 0.0152371 0.1267089 0.0017916 0.0224990 0.0213096 0.0088436 0.1848055 0.1105573
 18 Q  18 0.1735790 0.0769744 0.0423877 0.1840559 0.0011220 0.0878544 0.2218962 0.0204218 0.0169327 0.0012965 0.0230177 0.0578574 0.0012699 0.0000000 0.0092734 0.0266851 0.0474490 0.0024728 0.0011228 0.0043313
 19 A  19 0.5921166 0.0328993 0.0090370 0.0073807 0.0346183 0.0218443 0.0139973 0.0408250 0.0106959 0.0047539 0.0520167 0.0163764 0.0084611 0.0187719 0.0000000 0.0478198 0.0352510 0.0017745 0.0165040 0.0348563
 20 L  20 0.0401599 0.0195424 0.0032358 0.0000000 0.0058697 0.0000000 0.0073846 0.0067739 0.0000000 0.0284780 0.2380307 0.0020675 0.0270342 0.2365236 0.0000000 0.0184628 0.0024854 0.2129927 0.0950828 0.0558760
 21 A  21 0.1123805 0.0303116 0.4425399 0.0646843 0.0021342 0.0582082 0.0574790 0.0362987 0.0048599 0.0076249 0.0107025 0.0392600 0.0044623 0.0043623 0.0023116 0.0513347 0.0416905 0.0000000 0.0074293 0.0219256
 22 A  22 0.2557172 0.1546309 0.0431022 0.0466095 0.0000000 0.0719551 0.0542509 0.0310438 0.0122750 0.0098800 0.0132112 0.1027516 0.0012874 0.0012197 0.0137471 0.1006574 0.0703386 0.0000000 0.0021001 0.0152222
 23 G  23 0.0518812 0.1737578 0.0365680 0.0340536 0.0030480 0.0459684 0.0112715 0.2659292 0.2151401 0.0000000 0.0274825 0.0584470 0.0070140 0.0017109 0.0134010 0.0239504 0.0102538 0.0045952 0.0126280 0.0028995
 24 D  24 0.0134181 0.0274590 0.1293275 0.7125564 0.0020034 0.0108414 0.0149570 0.0099845 0.0091584 0.0014965 0.0031794 0.0179028 0.0019656 0.0000000 0.0116435 0.0225552 0.0056815 0.0000000 0.0000000 0.0058699
 25 L  25 0.0860801 0.0041370 0.0000000 0.0051099 0.0000000 0.0022723 0.0052770 0.0119075 0.0032671 0.1847091 0.3442861 0.0025731 0.0262491 0.0262449 0.0958431 0.0082325 0.0308911 0.0048566 0.0132957 0.1447677
 26 D  26 0.0901607 0.0099856 0.0226447 0.4401991 0.0000000 0.0258830 0.2426026 0.0138799 0.0237379 0.0014965 0.0044831 0.0154006 0.0000000 0.0033977 0.0268869 0.0419190 0.0240995 0.0000000 0.0054737 0.0077495
 27 E  27 0.3352353 0.0887821 0.0074289 0.0453771 0.0018997 0.0275844 0.0919638 0.1340715 0.0070327 0.0091646 0.0481253 0.0556859 0.0094555 0.0014313 0.0091079 0.0323989 0.0663991 0.0000000 0.0046010 0.0242550
 28 I  28 0.0753474 0.0000000 0.0000000 0.0000000 0.0035098 0.0024176 0.0047273 0.0012994 0.0026436 0.2174370 0.3324778 0.0000000 0.0756768 0.0908391 0.0012670 0.0046425 0.0076977 0.0094819 0.0039085 0.1666265
 29 V  29 0.1822207 0.0266215 0.0078229 0.0477588 0.0125652 0.0111234 0.0371703 0.0229684 0.0082425 0.0471842 0.1950418 0.0162943 0.1414513 0.0083572 0.0224750 0.0389807 0.0254495 0.0027740 0.0070080 0.1384902
 30 A  30 0.2919254 0.0785362 0.0407275 0.1141028 0.0000000 0.0399571 0.1406233 0.0422995 0.0040223 0.0016611 0.0101678 0.0346154 0.0019641 0.0000000 0.0043708 0.1377570 0.0453549 0.0000000 0.0030811 0.0088337
 31 D  31 0.0181424 0.0036113 0.0361319 0.0425988 0.1132314 0.0133898 0.0013271 0.0028675 0.0592746 0.0619332 0.3155186 0.0062738 0.0163818 0.0864350 0.0133503 0.0130694 0.0415780 0.0063343 0.0645256 0.0840253
 32 Y  32 0.0025260 0.0000000 0.0013839 0.0000000 0.0175019 0.0015196 0.0000000 0.0018882 0.0088208 0.0279739 0.0835457 0.0000000 0.0595513 0.2105903 0.0000000 0.0000000 0.0020169 0.0356424 0.4888680 0.0581711
 33 A  33 0.4041100 0.0071915 0.0039819 0.0533085 0.0038441 0.0041160 0.0297662 0.0205137 0.1256196 0.0042407 0.0063571 0.0049592 0.0000000 0.0000000 0.0000000 0.1614101 0.1576608 0.0000000 0.0000000 0.0129207
 34 D  34 0.0503834 0.0169034 0.0142558 0.3038069 0.0000000 0.0317455 0.2987421 0.0042699 0.0082836 0.0026887 0.0022036 0.0160588 0.0000000 0.0000000 0.2012838 0.0274091 0.0144314 0.0000000 0.0030774 0.0044567
 35 D  35 0.0123414 0.0097988 0.0921242 0.6986225 0.0000000 0.0266392 0.0538850 0.0303540 0.0103127 0.0000000 0.0023241 0.0117139 0.0000000 0.0000000 0.0054627 0.0294788 0.0158559 0.0000000 0.0000000 0.0010868
 36 S  36 0.3306098 0.0037091 0.0019209 0.0000000 0.1106083 0.0029540 0.0047419 0.0429500 0.0000000 0.1079689 0.0056702 0.0000000 0.0047143 0.0529868 0.0040736 0.0500635 0.0120586 0.0025276 0.0371063 0.2253362
 37 F  37 0.0340354 0.0536945 0.0029378 0.0104539 0.0136934 0.0389478 0.0869840 0.0018709 0.0146561 0.0917612 0.0550605 0.0109888 0.0026021 0.0140951 0.0000000 0.0164353 0.0942279 0.0013449 0.0200743 0.4361363
 38 V  38 0.0167349 0.0024383 0.0082955 0.0166246 0.0135288 0.0288244 0.0076726 0.0016567 0.0317641 0.0503526 0.1721540 0.0019614 0.0416325 0.3334284 0.0000000 0.0104188 0.0040760 0.0708930 0.0994805 0.0880626
 39 I  39 0.0261213 0.0446769 0.0179820 0.0317120 0.0080086 0.0378632 0.1534209 0.0264115 0.1380520 0.0912131 0.0723930 0.0302827 0.0076622 0.0350464 0.0057557 0.0594162 0.0583906 0.0046293 0.0843759 0.0665867
 40 T  40 0.0520949 0.0182686 0.0839245 0.3033708 0.0000000 0.0140523 0.0288805 0.0231784 0.0192257 0.0142851 0.0111107 0.0102538 0.0381911 0.0161588 0.0376129 0.1240136 0.1286280 0.0058809 0.0169234 0.0539461
 41 P  41 0.0820602 0.0060820 0.0280841 0.0015772 0.0016043 0.0062938 0.0175088 0.0378584 0.0253742 0.0068609 0.0111153 0.0057840 0.0091773 0.0565546 0.5818322 0.0431169 0.0196857 0.0000000 0.0171662 0.0422639
 42 A  42 0.1574024 0.0257117 0.0704324 0.0948796 0.0015769 0.0288643 0.0281960 0.0890499 0.0145768 0.0277700 0.0628029 0.0059805 0.0289106 0.0614071 0.0932878 0.0820880 0.0426196 0.0000000 0.0065945 0.0778491
 43 G  43 0.0778817 0.0421977 0.0489360 0.0177244 0.0000000 0.0260094 0.0312061 0.4569620 0.0901564 0.0041431 0.0024614 0.0402146 0.0077031 0.0251841 0.0269697 0.0349036 0.0352978 0.0014527 0.0031810 0.0274152
 44 I  44 0.0309440 0.1161759 0.0099953 0.0250812 0.0028949 0.0231799 0.1145337 0.0033591 0.0169771 0.0334217 0.0174414 0.0208349 0.0122710 0.0093586 0.2313682 0.0418460 0.1609505 0.0013237 0.0048309 0.1232121
 45 A  45 0.0574237 0.0463131 0.0056885 0.0222765 0.0076660 0.0164765 0.0121638 0.0099227 0.0715938 0.1298285 0.1888966 0.0123060 0.0292192 0.0948193 0.0110721 0.0081488 0.0115081 0.0146012 0.0818488 0.1682269
 46 R  46 0.0254780 0.2004143 0.0256917 0.0198912 0.0050960 0.0946575 0.1414507 0.0021975 0.0952551 0.0276864 0.0290885 0.0884858 0.0031066 0.0042737 0.0059309 0.0504353 0.0655903 0.0000000 0.0082167 0.1070541
 47 G  47 0.0067105 0.0028997 0.0147041 0.0159728 0.0000000 0.0000000 0.0018541 0.9290181 0.0014595 0.0000000 0.0000000 0.0017592 0.0027007 0.0000000 0.0000000 0.0144450 0.0067689 0.0000000 0.0000000 0.0017075
 48 K  48 0.0367611 0.2694938 0.0081263 0.0017931 0.0000000 0.0178226 0.0078739 0.0068521 0.0963589 0.0528520 0.0995769 0.2317768 0.0040169 0.0152412 0.0638158 0.0133977 0.0208664 0.0092959 0.0173290 0.0267495
 49 E  49 0.2163219 0.0222243 0.0157084 0.2445928 0.0000000 0.0519033 0.2773347 0.0195653 0.0032675 0.0068004 0.0028060 0.0317988 0.0029489 0.0045049 0.0350575 0.0273749 0.0237471 0.0000000 0.0000000 0.0140432
 50 G  50 0.4454872 0.0117806 0.0159369 0.0327828 0.0013060 0.0803989 0.1633654 0.1313228 0.0071975 0.0035044 0.0056451 0.0235662 0.0019940 0.0076573 0.0153066 0.0269996 0.0106871 0.0000000 0.0019496 0.0131121
 51 I  51 0.0394843 0.0028256 0.0040993 0.0000000 0.0142229 0.0000000 0.0028198 0.0027208 0.0015702 0.3425569 0.2427834 0.0000000 0.0402124 0.0612745 0.0014880 0.0019530 0.0074463 0.0069150 0.0271050 0.2005225
 52 R  52 0.0874631 0.4496822 0.0061764 0.0131235 0.0000000 0.0361668 0.0568422 0.0392565 0.0247439 0.0190238 0.0407335 0.0977611 0.0138131 0.0010407 0.0022210 0.0272150 0.0406357 0.0000000 0.0091222 0.0349794
 53 Q  53 0.2573623 0.1028899 0.0269769 0.1232268 0.0012822 0.0699524 0.1621474 0.0569286 0.0123986 0.0036480 0.0099215 0.0728748 0.0040023 0.0000000 0.0068117 0.0412556 0.0328292 0.0037025 0.0012852 0.0105042
 54 L  54 0.0899951 0.0475553 0.0240768 0.0022874 0.0000000 0.0103559 0.0034789 0.0326339 0.0208406 0.0346385 0.0629436 0.0041258 0.0893133 0.1930146 0.0018933 0.0308985 0.0126935 0.0343268 0.2439164 0.0610117
 55 F  55 0.0471083 0.0030332 0.0054106 0.0000000 0.0033239 0.0029959 0.0019443 0.0000000 0.0129169 0.0763968 0.1457196 0.0000000 0.0226965 0.3648590 0.0000000 0.0063837 0.0016457 0.1574409 0.1086612 0.0394634
 56 V  56 0.2020625 0.0986256 0.0143779 0.0318066 0.0021214 0.0894408 0.1731556 0.0680816 0.0043743 0.0113653 0.0154640 0.0482997 0.0052296 0.0023584 0.0031728 0.0915270 0.0736200 0.0014769 0.0032899 0.0601502
 57 K  57 0.1404172 0.0555866 0.0541835 0.0536328 0.0000000 0.0851269 0.0943680 0.0967671 0.0600078 0.0104248 0.0384094 0.0732263 0.0553677 0.0144260 0.0142200 0.0618834 0.0563996 0.0054931 0.0083594 0.0217007
 58 L  58 0.1025719 0.0308364 0.0065516 0.0063806 0.0097370 0.0146478 0.0234112 0.0404866 0.0108839 0.0507134 0.2957159 0.0024361 0.0765519 0.1293250 0.0017633 0.0357465 0.0250516 0.0109210 0.0402085 0.0860600
 59 L  59 0.0375210 0.0572148 0.0199463 0.0013982 0.0120516 0.0138133 0.0093705 0.0096234 0.0087169 0.0405151 0.2495017 0.0194191 0.0405688 0.2477571 0.0108646 0.0145796 0.0374357 0.0545138 0.0805646 0.0346238
 60 D  60 0.2603249 0.0640173 0.0215296 0.0690675 0.0000000 0.0878504 0.1236676 0.0590017 0.0052039 0.0056066 0.0025237 0.0982600 0.0012696 0.0175699 0.0292066 0.0784775 0.0579718 0.0014274 0.0000000 0.0170240
 61 D  61 0.1608883 0.1006971 0.1566833 0.0478110 0.0023104 0.0557006 0.0477409 0.0705953 0.0203788 0.0059484 0.0460353 0.0867124 0.0088076 0.0015548 0.0108711 0.0496426 0.0904034 0.0000000 0.0081098 0.0291090
 62 I  62 0.0546164 0.0270045 0.0420008 0.0120719 0.0108210 0.0192918 0.0079546 0.0393900 0.0318424 0.0401020 0.1652225 0.0402007 0.0414436 0.2080779 0.0065079 0.0309629 0.0416237 0.0127514 0.0271994 0.1409145
 63 P  63 0.0585617 0.0213170 0.0217214 0.0590834 0.0000000 0.0336133 0.0455932 0.0252748 0.0113586 0.0198958 0.0110865 0.0749307 0.0016280 0.0000000 0.5070466 0.0556454 0.0414492 0.0015513 0.0026619 0.0075813
 64 N  64 0.0364549 0.0477319 0.0677975 0.3344010 0.0069479 0.0780554 0.0932669 0.0715911 0.0374771 0.0062233 0.0085869 0.0386443 0.0012985 0.0050374 0.0410904 0.0434004 0.0435295 0.0000000 0.0195567 0.0189089
 65 A  65 0.1187500 0.0136468 0.0199824 0.0056855 0.0833856 0.0108071 0.0210159 0.0591346 0.0032842 0.0822346 0.2397439 0.0098581 0.0392169 0.0848170 0.0266068 0.0406512 0.0402243 0.0051337 0.0201819 0.0756395
 66 L  66 0.0457623 0.2304788 0.0173296 0.0452157 0.0045331 0.0817094 0.0785562 0.0194794 0.1326086 0.0084399 0.0036712 0.0581299 0.0014385 0.0130934 0.0022880 0.0764900 0.1086305 0.0030298 0.0132527 0.0558631
 67 W  67 0.0788467 0.0029518 0.0126442 0.0000000 0.0368982 0.0063149 0.0075088 0.0132934 0.0066789 0.0789483 0.0769320 0.0020279 0.0115198 0.3404712 0.0090088 0.0307569 0.0116204 0.1196075 0.0882648 0.0657054
 68 D  68 0.0365066 0.0901533 0.0292460 0.1270478 0.0000000 0.0354438 0.2675012 0.0150751 0.0248416 0.0211704 0.0136273 0.0561877 0.0049250 0.0017696 0.0059718 0.0564706 0.1496360 0.0008244 0.0000000 0.0636017
 69 L  69 0.0315589 0.0140798 0.0173329 0.0300749 0.0067635 0.0126328 0.0317671 0.0041590 0.0161743 0.2366926 0.1712906 0.0040142 0.0217455 0.0792001 0.0440216 0.0112621 0.0355083 0.0036852 0.0351692 0.1928674
 70 K  70 0.0300858 0.0775167 0.0210057 0.0750326 0.0021880 0.0409476 0.1082969 0.0767762 0.0792296 0.0702208 0.0793249 0.0595671 0.0072059 0.0066762 0.0249911 0.0474017 0.0789289 0.0019293 0.0134974 0.0991779
 71 T  71 0.0569536 0.1382205 0.0875461 0.1032752 0.0026170 0.0349976 0.1396642 0.0531777 0.0692629 0.0147455 0.0070974 0.0349685 0.0036244 0.0055605 0.0452576 0.1059484 0.0699646 0.0015991 0.0072232 0.0182960
 72 Q  72 0.0416586 0.1013644 0.0070919 0.0081103 0.0043793 0.0595653 0.0301604 0.0042043 0.0719442 0.1333886 0.0982330 0.0125192 0.0334497 0.0366568 0.0359143 0.0371352 0.0793593 0.0086141 0.0226804 0.1735705
 73 I  73 0.0673266 0.0554269 0.0020996 0.0112391 0.0042232 0.0516861 0.0336309 0.0129764 0.0239154 0.1317674 0.1314187 0.0113146 0.0316433 0.1467887 0.0092254 0.0401090 0.0650329 0.0197968 0.0340420 0.1163368
 74 F  74 0.1889837 0.0168574 0.0067718 0.0208430 0.0201467 0.0442273 0.0858880 0.0399936 0.0126149 0.0613450 0.0237826 0.0104749 0.0034334 0.0246918 0.0057558 0.0607908 0.0576110 0.0039406 0.0110565 0.3007911
 75 E  75 0.0856376 0.0119624 0.0657088 0.2043980 0.0305634 0.0601969 0.1183396 0.0647793 0.0454252 0.0234552 0.0482824 0.0098152 0.0097056 0.0206903 0.0027088 0.1147752 0.0354568 0.0000000 0.0045036 0.0435958
 76 G  76 0.0475822 0.0108455 0.0144041 0.1158109 0.0063602 0.0156452 0.0673095 0.6079460 0.0224478 0.0062499 0.0000000 0.0102423 0.0000000 0.0000000 0.0239066 0.0175689 0.0152732 0.0000000 0.0000000 0.0184077
 77 D  77 0.0119282 0.0316460 0.1920519 0.4462983 0.0039819 0.0514808 0.1019098 0.0550065 0.0191236 0.0000000 0.0028694 0.0108405 0.0000000 0.0018170 0.0087405 0.0404741 0.0168335 0.0000000 0.0014298 0.0035684
 78 I  78 0.0374413 0.1485522 0.0201153 0.0244399 0.0062063 0.0645307 0.0349874 0.0497131 0.0278472 0.0510625 0.1008459 0.0537259 0.0275287 0.0128230 0.0131533 0.0536426 0.1525698 0.0294244 0.0212669 0.0701237
 79 L  79 0.3122299 0.0033219 0.0000000 0.0039137 0.0127070 0.0000000 0.0061330 0.1581302 0.0000000 0.0449315 0.0663505 0.0018786 0.0061174 0.0173310 0.0000000 0.0099198 0.0167674 0.0129410 0.0047537 0.3225735
 80 F  80 0.1298400 0.0322001 0.0023377 0.0024315 0.0158311 0.0065851 0.0038035 0.0105536 0.0063079 0.1256446 0.0935531 0.0073567 0.0306376 0.1477449 0.0010752 0.0331932 0.0522422 0.0208177 0.0527760 0.2250683
 81 L  81 0.1127697 0.0017410 0.0117806 0.0704132 0.0043069 0.0044175 0.0106766 0.0162869 0.0060750 0.1406958 0.2342167 0.0020566 0.0307876 0.0449700 0.0024952 0.0703615 0.0419599 0.0201270 0.0116713 0.1621912
 82 E  82 0.0371783 0.1425601 0.0112657 0.0165773 0.0067163 0.0682695 0.2731932 0.0113510 0.1225451 0.0321281 0.0301465 0.0299388 0.0055394 0.0214706 0.0128762 0.0265075 0.0655933 0.0038954 0.0289829 0.0532647
 83 W  83 0.0186747 0.0090606 0.0034468 0.0020818 0.0025002 0.0021362 0.0795775 0.0414530 0.0020798 0.0104418 0.0176607 0.0027865 0.0049057 0.0677703 0.0000000 0.0385900 0.0141886 0.5182339 0.1376695 0.0267423
 84 T  84 0.0263252 0.1363548 0.0246790 0.0167069 0.0000000 0.0220689 0.0831570 0.0148061 0.0409023 0.0322857 0.0268521 0.0580781 0.0066694 0.0012972 0.0206866 0.0715482 0.3249695 0.0023185 0.0078518 0.0824428
 85 A  85 0.1659552 0.0477817 0.0119600 0.0091977 0.0168740 0.0060594 0.0036842 0.0371056 0.0046185 0.0611885 0.1114162 0.0048594 0.1663413 0.1422595 0.0066293 0.0385927 0.0312073 0.0044372 0.0480936 0.0817387
 86 N  86 0.0332599 0.1286459 0.0306321 0.0500797 0.0013465 0.0475547 0.0795175 0.0382593 0.0951418 0.0158200 0.0101189 0.0576841 0.0046493 0.0151957 0.0135294 0.0745501 0.2339036 0.0044440 0.0289153 0.0367522
 87 S  87 0.1020798 0.0206742 0.0131088 0.0430112 0.0083182 0.0044802 0.0205544 0.2266190 0.0020122 0.0095806 0.0654148 0.0200732 0.0163095 0.0682126 0.0827972 0.0967718 0.0923451 0.0172317 0.0552807 0.0351247
 88 A  88 0.0768765 0.0788336 0.0368301 0.1186383 0.0055679 0.0182043 0.0327085 0.1877288 0.0095763 0.0164808 0.0252495 0.0272629 0.0037553 0.0064045 0.1065131 0.0515048 0.1685173 0.0019362 0.0136689 0.0137423
 89 V  89 0.0300974 0.0690757 0.0424384 0.1107158 0.0020144 0.0288690 0.0716607 0.2523767 0.1993898 0.0041858 0.0052859 0.0183019 0.0039596 0.0148884 0.0091998 0.0389378 0.0621811 0.0025651 0.0068846 0.0269722
 90 S  90 0.0717388 0.1014211 0.0512438 0.0420364 0.0000000 0.0213472 0.0445344 0.1291577 0.0185944 0.0293344 0.0285977 0.0658173 0.0158847 0.0060098 0.1973990 0.0668920 0.0835072 0.0000000 0.0046207 0.0218634
 91 R  91 0.0412808 0.2065349 0.0229198 0.0477465 0.0015377 0.0607488 0.0940075 0.0751366 0.0213642 0.0386332 0.0352800 0.0942751 0.0154404 0.0120151 0.0325100 0.0384637 0.0293415 0.0026641 0.0105165 0.1195836
 92 V  92 0.0632597 0.0188245 0.0104286 0.0211002 0.0015500 0.0390940 0.0633438 0.0893970 0.0171347 0.0827005 0.1234049 0.0147356 0.0042487 0.0401333 0.0815483 0.0344444 0.0602478 0.0023111 0.0165570 0.2155359
 93 D  93 0.0867874 0.0503887 0.0705222 0.0659533 0.0000000 0.0282538 0.1205153 0.0089283 0.0176086 0.0596522 0.1014595 0.0476782 0.0305984 0.0810316 0.0064544 0.0454641 0.0308287 0.0038805 0.0294625 0.1145322
 94 D  94 0.0573489 0.1471957 0.0623266 0.1701715 0.0033352 0.0500514 0.1278492 0.0277450 0.0366143 0.0077791 0.0575108 0.0513934 0.0164340 0.0124693 0.0478403 0.0338036 0.0437099 0.0024117 0.0227654 0.0212448
 95 G  95 0.0951299 0.0107275 0.0031717 0.0029594 0.0152636 0.0039834 0.0092649 0.5404251 0.0000000 0.0505360 0.0277167 0.0055608 0.0405788 0.0194693 0.0113549 0.0383240 0.0114997 0.0041811 0.0076842 0.1021689
 96 V  96 0.1067591 0.0111770 0.0068311 0.0063976 0.1074329 0.0135340 0.0147638 0.0037654 0.0242895 0.1469011 0.0514090 0.0158499 0.0364400 0.0361051 0.0045354 0.0225614 0.0870544 0.0077464 0.0080928 0.2883541
 97 D  97 0.1037840 0.0026315 0.0261929 0.3747764 0.0039959 0.0090618 0.1115539 0.0678837 0.0114981 0.0122608 0.0057381 0.0031626 0.0137018 0.0100276 0.0014842 0.1724497 0.0257332 0.0000000 0.0209410 0.0231229
 98 T  98 0.0376782 0.0320489 0.0020430 0.0013295 0.0013717 0.0144723 0.0089901 0.0048849 0.0575990 0.1574900 0.1109178 0.0181812 0.0245408 0.0685208 0.0033356 0.0453847 0.1099055 0.0110050 0.0140392 0.2762617
 99 F  99 0.0126239 0.0022541 0.0000000 0.0039045 0.0046785 0.0133586 0.0033834 0.0031367 0.0075566 0.0865880 0.1611686 0.0000000 0.0807563 0.3992114 0.0000000 0.0036594 0.0055196 0.0223164 0.1428655 0.0470186
100 V 100 0.0104792 0.1811456 0.0054860 0.0251647 0.0022973 0.0368496 0.1678016 0.0085098 0.0489347 0.0476357 0.0312262 0.0487371 0.0014111 0.0170972 0.0000000 0.0170926 0.1974431 0.0000000 0.0075775 0.1451109
101 F 101 0.0100916 0.0030236 0.0038030 0.0054019 0.0049438 0.0015182 0.0014760 0.0000000 0.0054018 0.1640579 0.1751303 0.0000000 0.0223685 0.2847554 0.0000000 0.0012743 0.0054290 0.0183507 0.0026206 0.2903534
102 R 102 0.0777574 0.3208267 0.0449370 0.0518164 0.0024173 0.0416599 0.1794395 0.0192553 0.0257207 0.0000000 0.0034792 0.1217115 0.0030659 0.0037411 0.0051419 0.0437267 0.0236996 0.0000000 0.0000000 0.0316040
103 D 103 0.0104948 0.0025964 0.1220175 0.6159734 0.0025374 0.0202680 0.0840550 0.0858226 0.0215153 0.0000000 0.0000000 0.0234208 0.0000000 0.0000000 0.0000000 0.0083449 0.0029539 0.0000000 0.0000000 0.0000000
104 G 104 0.0035515 0.0081935 0.0223627 0.0757801 0.0000000 0.0078512 0.0291219 0.8290600 0.0056690 0.0000000 0.0000000 0.0037124 0.0000000 0.0000000 0.0000000 0.0104927 0.0000000 0.0000000 0.0024220 0.0017830
105 T 105 0.0086810 0.1902017 0.0030859 0.0019380 0.0000000 0.0344554 0.0098886 0.0017162 0.0037672 0.0050018 0.2019801 0.4875367 0.0219137 0.0034022 0.0000000 0.0083487 0.0042379 0.0044519 0.0000000 0.0093930
106 I 106 0.0095720 0.0000000 0.0000000 0.0000000 0.0000000 0.0020954 0.0000000 0.0000000 0.0000000 0.7946433 0.0141313 0.0027677 0.0034300 0.0000000 0.0000000 0.0056964 0.0064303 0.0000000 0.0000000 0.1612335
107 W 107 0.2025679 0.0602440 0.0074923 0.0030138 0.0236217 0.0492656 0.0157057 0.0000000 0.0060494 0.0956064 0.0289382 0.0302063 0.0055307 0.0090474 0.0000000 0.0475514 0.0693083 0.0319874 0.0104603 0.3034033
108 A 108 0.0965404 0.2211650 0.0092561 0.0076600 0.0033118 0.0199449 0.1618428 0.0119455 0.0495427 0.0058543 0.0268103 0.0417965 0.0100255 0.0415493 0.0000000 0.0655063 0.0669892 0.0054346 0.0760778 0.0787470
109 H 109 0.0840204 0.0037278 0.0209306 0.0053367 0.0031746 0.1704162 0.0248226 0.0089356 0.2937407 0.0150022 0.0369372 0.1142588 0.0651493 0.0263323 0.0000000 0.0166613 0.0075395 0.0215840 0.0130830 0.0683471
110 T 110 0.0206217 0.3481343 0.0487138 0.0665659 0.0000000 0.0321224 0.0293910 0.0045324 0.0195846 0.0060269 0.0261900 0.0278506 0.0070216 0.0145411 0.0000000 0.0319605 0.1669288 0.1335375 0.0091972 0.0070796
111 V 111 0.2078687 0.0000000 0.0044363 0.1832858 0.0134840 0.0089646 0.0141849 0.0081057 0.0000000 0.0778986 0.0160949 0.0000000 0.0037161 0.1775373 0.0054997 0.0820326 0.0187566 0.0000000 0.0105224 0.1676117
112 R 112 0.0411640 0.0491764 0.0352259 0.0034364 0.0052682 0.0000000 0.0000000 0.0000000 0.0821211 0.0197742 0.0078190 0.0098790 0.0094861 0.1583250 0.0000000 0.0220016 0.0380930 0.0000000 0.4905289 0.0277013
113 Y 113 0.0449552 0.1420237 0.0000000 0.0000000 0.0000000 0.0048796 0.0000000 0.0473121 0.0064162 0.0086970 0.0066815 0.0000000 0.0046855 0.2786115 0.0000000 0.0039093 0.0000000 0.0354623 0.3856382 0.0307279
114 T 114 0.0235620 0.0340534 0.1169802 0.0977171 0.0000000 0.0447935 0.0159287 0.0081123 0.0000000 0.0000000 0.0311087 0.2879926 0.0580394 0.0195957 0.0155392 0.0421211 0.1740077 0.0000000 0.0063760 0.0240725
115 P 115 0.0175540 0.0000000 0.0559220 0.2000309 0.0066049 0.0550994 0.0111784 0.0000000 0.0087942 0.1064965 0.0789910 0.0115670 0.0163233 0.0410619 0.1573746 0.0172980 0.0333500 0.0000000 0.0092266 0.1731274
116 H 116 0.0073584 0.4864870 0.0191522 0.0357211 0.0323128 0.0490713 0.0842236 0.0214247 0.0723550 0.0100440 0.0151351 0.0184039 0.0108255 0.0000000 0.0000000 0.0105296 0.0969891 0.0000000 0.0110275 0.0189393
117 P 117 0.0960410 0.0000000 0.0000000 0.0336058 0.0000000 0.0000000 0.0311656 0.0000000 0.0446198 0.0000000 0.0000000 0.0372010 0.0000000 0.0000000 0.7361950 0.0000000 0.0211718 0.0000000 0.0000000 0.0000000
118 K 118 0.0453333 0.0529956 0.0000000 0.0000000 0.0000000 0.0343344 0.0746903 0.0000000 0.0000000 0.0000000 0.0512824 0.5271754 0.0000000 0.0000000 0.2141886 0.0000000 0.0000000 0.0000000 0.0000000 0.0000000
119 T 119 0.1897171 0.0000000 0.0000000 0.0000000 0.0000000 0.0000000 0.0000000 0.0000000 0.0000000 0.0000000 0.0000000 0.0000000 0.0000000 0.0000000 0.0000000 0.1982096 0.6120733 0.0000000 0.0000000 0.0000000
