  110         A         R         N         D         C         Q         E         G         H         I         L         K         M         F         P         S         T         W         Y         V    
  1 S   1 0.1218093 0.0000000 0.0000000 0.0000000 0.0000000 0.0000000 0.0000000 0.0000000 0.0000000 0.0000000 0.0000000 0.0000000 0.0000000 0.0000000 0.0000000 0.3392615 0.5389291 0.0000000 0.0000000 0.0000000
  2 I   2 0.0602560 0.0171813 0.0163533 0.0208333 0.0000000 0.0000000 0.0000000 0.0000000 0.0000000 0.1118695 0.1592347 0.0000000 0.1815473 0.0286241 0.0387544 0.1870165 0.0583893 0.0000000 0.0191493 0.1007909
  3 T   3 0.1401939 0.0000000 0.0000000 0.0142791 0.0000000 0.0000000 0.0320882 0.0000000 0.0935128 0.0000000 0.0000000 0.0095558 0.0223096 0.0000000 0.0000000 0.1775538 0.5105067 0.0000000 0.0000000 0.0000000
  4 S   4 0.2367259 0.0102984 0.0000000 0.0000000 0.0000000 0.0134238 0.0194060 0.1000685 0.0109737 0.0858238 0.0918737 0.0000000 0.0513129 0.0636841 0.0349950 0.1700031 0.0474516 0.0084061 0.0304531 0.0251004
  5 G   5 0.1627528 0.0475396 0.2136852 0.0000000 0.0092926 0.0093347 0.0292587 0.1132220 0.0169799 0.0000000 0.0076706 0.0316953 0.0284283 0.0000000 0.0411249 0.1391558 0.1326721 0.0000000 0.0000000 0.0171877
  6 S   6 0.1447443 0.0314176 0.0548134 0.0180730 0.0000000 0.0789932 0.0171990 0.2017910 0.0064546 0.0000000 0.0000000 0.0352056 0.0070448 0.0000000 0.1177777 0.1640552 0.1032911 0.0000000 0.0000000 0.0191395
  7 S   7 0.1413217 0.0000000 0.0339177 0.0549052 0.0121707 0.0129119 0.0000000 0.0116089 0.0000000 0.0000000 0.1029406 0.0000000 0.0142941 0.0000000 0.2761441 0.2275347 0.0678240 0.0000000 0.0444265 0.0000000
  8 L   8 0.0788634 0.0360973 0.0116900 0.0285303 0.0000000 0.0989766 0.0460323 0.0190351 0.0050862 0.0783379 0.2706275 0.0144406 0.0109653 0.0294994 0.0892310 0.0346966 0.0765682 0.0000000 0.0170310 0.0542913
  9 P   9 0.0334067 0.0668425 0.0052186 0.0101630 0.0000000 0.1008825 0.0089604 0.0141774 0.0000000 0.0179213 0.0349274 0.0403634 0.0000000 0.0087788 0.4668035 0.0872391 0.0565530 0.0000000 0.0000000 0.0477623
 10 D  10 0.0477902 0.0281847 0.1091144 0.0896551 0.0138675 0.0173932 0.1472939 0.0935830 0.0508728 0.0564527 0.0108112 0.0603373 0.0385479 0.0000000 0.0380577 0.1596171 0.0154886 0.0000000 0.0124855 0.0104473
 11 G  11 0.0612191 0.0481969 0.1072581 0.0322804 0.0000000 0.0399997 0.1069477 0.1170231 0.0193309 0.0377816 0.0304347 0.0663943 0.0000000 0.0024700 0.0260094 0.1491545 0.1090891 0.0044469 0.0372369 0.0047269
 12 C  12 0.0975013 0.0707159 0.0198951 0.0581070 0.0489535 0.0507709 0.2021688 0.0292484 0.0221675 0.0325752 0.0362870 0.0181623 0.0240397 0.0240957 0.0435834 0.1090978 0.0308519 0.0105376 0.0117800 0.0594609
 13 E  13 0.0210331 0.0684196 0.0394065 0.1920411 0.0288188 0.0232228 0.2226787 0.0196121 0.0191445 0.0287175 0.0624759 0.0460966 0.0000000 0.0000000 0.0385274 0.1074361 0.0329375 0.0000000 0.0240833 0.0253485
 14 G  14 0.0423770 0.1330439 0.0722410 0.0985378 0.0067213 0.0042265 0.1344574 0.0488452 0.0216803 0.0089664 0.0925874 0.0458985 0.0020075 0.0105586 0.0681793 0.1468651 0.0262420 0.0000000 0.0066745 0.0298903
 15 R  15 0.0439379 0.0579535 0.0217606 0.0478121 0.0081858 0.0429801 0.1202071 0.0285506 0.0201495 0.0475112 0.0575957 0.0865027 0.0234105 0.0179680 0.1351281 0.1408144 0.0492572 0.0000000 0.0163232 0.0339518
 16 G  16 0.0213387 0.1729224 0.1155030 0.0392091 0.0037151 0.0920272 0.0566591 0.0364574 0.0375335 0.0349082 0.0191205 0.0801300 0.0110582 0.0086495 0.1380166 0.0541393 0.0285657 0.0000000 0.0056858 0.0443608
 17 L  17 0.0218509 0.0075765 0.0040323 0.0155323 0.0026802 0.0295588 0.0525892 0.0077641 0.0136768 0.0646848 0.4890064 0.0079665 0.0728196 0.0603041 0.0187074 0.0689270 0.0181088 0.0047094 0.0194332 0.0200719
 18 E  18 0.0512554 0.0139720 0.1020568 0.0688413 0.0079967 0.0253608 0.0305641 0.0187475 0.0271818 0.0520641 0.1205935 0.0688722 0.0095852 0.0000000 0.1037947 0.1421630 0.1163162 0.0078977 0.0039605 0.0287766
 19 V  19 0.0667463 0.0439044 0.0463976 0.0432568 0.0378951 0.0208988 0.0575988 0.0088405 0.0221020 0.0665470 0.0397770 0.0944481 0.0131423 0.0097499 0.0364138 0.0629604 0.0664109 0.0000000 0.0261370 0.2367735
 20 H  20 0.0141979 0.0551198 0.1209705 0.0531145 0.0118544 0.0207608 0.0266272 0.0283431 0.0717205 0.0177274 0.0676459 0.0330518 0.0329992 0.0432881 0.0456208 0.1840425 0.0873822 0.0000000 0.0655456 0.0199877
 21 T  21 0.1029428 0.0353012 0.0183424 0.1151175 0.0141298 0.0081505 0.0392183 0.0105720 0.0121878 0.1468814 0.0305938 0.0795776 0.0546567 0.0076890 0.0000000 0.1312499 0.1190024 0.0000000 0.0024197 0.0719671
 22 D  22 0.0210677 0.0491257 0.0686994 0.1808517 0.0078186 0.0606908 0.1176242 0.0060433 0.0074856 0.0096892 0.0237021 0.2126598 0.0000000 0.0047882 0.0422092 0.1241611 0.0563957 0.0000000 0.0000000 0.0069878
 23 M  23 0.0199685 0.0000000 0.0114275 0.0074816 0.0077499 0.0000000 0.0000000 0.0171189 0.0000000 0.1257032 0.4125995 0.0278898 0.2535624 0.0157888 0.0235771 0.0160051 0.0105151 0.0113458 0.0222637 0.0170031
 24 A  24 0.1362883 0.0432485 0.0293948 0.0315129 0.0020234 0.0415184 0.2584624 0.0437953 0.0236404 0.0214831 0.0313908 0.0850827 0.0267387 0.0163306 0.0234751 0.1300036 0.0118683 0.0049121 0.0140126 0.0248180
 25 S  25 0.1473993 0.1242439 0.0305380 0.0825626 0.0183598 0.0308933 0.1178239 0.0274268 0.0096204 0.0171041 0.0145323 0.0908789 0.0397712 0.0170142 0.0091310 0.0781195 0.0882322 0.0193934 0.0064341 0.0305210
 26 V  26 0.0161079 0.0083703 0.0038016 0.0000000 0.0050067 0.0000000 0.0000000 0.0000000 0.0043251 0.3515194 0.3306129 0.0000000 0.0257234 0.0036676 0.0000000 0.0000000 0.0150350 0.0040075 0.0186216 0.2132010
 27 T  27 0.2372619 0.0086387 0.0039878 0.0000000 0.0186770 0.0043038 0.0029599 0.0024773 0.0062422 0.0960343 0.1097589 0.0101445 0.0138568 0.0130644 0.0000000 0.0228653 0.0177305 0.0335208 0.0720929 0.3263831
 28 K  28 0.0413634 0.1613996 0.0195611 0.0610540 0.0000000 0.0948717 0.2205603 0.0030403 0.0614758 0.0289014 0.0384536 0.1286021 0.0149412 0.0080693 0.0032428 0.0160616 0.0444998 0.0000000 0.0092100 0.0446921
 29 A  29 0.2246542 0.0692954 0.0092099 0.0413786 0.0067185 0.0535763 0.1378265 0.0120366 0.0257701 0.0233568 0.0418744 0.1123800 0.0371005 0.0064265 0.0000000 0.0760541 0.0368428 0.0000000 0.0060175 0.0794813
 30 M  30 0.0000000 0.0000000 0.0000000 0.0000000 0.0000000 0.0042275 0.0030717 0.0033594 0.0000000 0.1219593 0.2083680 0.0069010 0.5745860 0.0612911 0.0000000 0.0025163 0.0039171 0.0000000 0.0000000 0.0098025
 31 A  31 0.0872521 0.1639367 0.0047188 0.0070812 0.0302629 0.3001163 0.0048432 0.0000000 0.0192716 0.0283779 0.0767118 0.1248859 0.0522813 0.0127795 0.0000000 0.0252932 0.0200250 0.0000000 0.0171695 0.0249932
 32 A  32 0.0629107 0.0570050 0.0680117 0.2840825 0.0039312 0.0834932 0.0559876 0.0454164 0.1261824 0.0037254 0.0628664 0.0212942 0.0179686 0.0032636 0.0000000 0.0655528 0.0258587 0.0000000 0.0016277 0.0108219
 33 P  33 0.0536389 0.0489512 0.0095711 0.0258891 0.0172313 0.0279791 0.0806531 0.0361371 0.0141398 0.0066117 0.0251130 0.0461446 0.0000000 0.0147234 0.3898571 0.1246661 0.0407735 0.0000000 0.0157367 0.0221832
 34 E  34 0.0193903 0.0526708 0.0846811 0.2138536 0.0054149 0.0510069 0.1828540 0.0300932 0.0447875 0.0075653 0.0301545 0.0842451 0.0000000 0.0086362 0.0133773 0.1010336 0.0527213 0.0000000 0.0062245 0.0112900
 35 S  35 0.0327127 0.0312915 0.1112672 0.0314909 0.0048884 0.0708193 0.0155474 0.0642239 0.0159345 0.0124330 0.0101135 0.0633672 0.0123186 0.0000000 0.0139625 0.2825785 0.1898951 0.0000000 0.0168705 0.0202854
 36 G  36 0.0306671 0.0056635 0.0233389 0.0195744 0.0134716 0.0152487 0.0107435 0.7822638 0.0111344 0.0056808 0.0020787 0.0052504 0.0000000 0.0000000 0.0239616 0.0232217 0.0244908 0.0000000 0.0000000 0.0032102
 37 L  37 0.0000000 0.0000000 0.0107724 0.0041436 0.0000000 0.0060585 0.0027951 0.0020023 0.0112440 0.2188968 0.3263147 0.0065450 0.0684319 0.0016074 0.0129689 0.0159670 0.0028383 0.0000000 0.0000000 0.3094142
 38 E  38 0.0342535 0.0838847 0.0112156 0.0426831 0.0358350 0.0413551 0.1525169 0.0164772 0.0000000 0.0134507 0.0570963 0.1246317 0.0230676 0.0024263 0.2374642 0.0280033 0.0347723 0.0000000 0.0051888 0.0556776
 39 V  39 0.0000000 0.0117023 0.0000000 0.0031232 0.0048411 0.0022092 0.0198138 0.0089501 0.0030020 0.3150612 0.2022258 0.0000000 0.0708564 0.0799486 0.0190598 0.0103516 0.0339468 0.0000000 0.0015009 0.2134072
 40 R  40 0.0296114 0.3077183 0.0051483 0.0032251 0.0029722 0.1108452 0.0038799 0.0361129 0.0042981 0.0165301 0.0534802 0.3067404 0.0259652 0.0040228 0.0000000 0.0389205 0.0156978 0.0000000 0.0031217 0.0317099
 41 D  41 0.0096287 0.0302538 0.1246581 0.4245875 0.0000000 0.0159345 0.0633183 0.0049119 0.0090883 0.0000000 0.0102356 0.0460819 0.0027759 0.0031232 0.0358698 0.0777126 0.1295696 0.0000000 0.0023972 0.0098531
 42 R  42 0.0100522 0.5424500 0.0275517 0.0051241 0.0062954 0.1029901 0.0149847 0.0035975 0.1289666 0.0156882 0.0232013 0.0469275 0.0023042 0.0000000 0.0000000 0.0000000 0.0032656 0.0000000 0.0050574 0.0615436
 43 M  43 0.0019881 0.3284317 0.0105964 0.0219692 0.0021174 0.0399778 0.0438718 0.0025117 0.0084562 0.0138043 0.0261674 0.2344771 0.0760726 0.0182074 0.0086203 0.0144853 0.0958797 0.0079470 0.0124065 0.0320120
 44 W  44 0.0170847 0.0499868 0.0122597 0.0012305 0.0342903 0.0368496 0.0326647 0.0152512 0.0588383 0.0220162 0.0776824 0.0710211 0.0159591 0.0249886 0.0081243 0.0653725 0.0261357 0.2130195 0.1525213 0.0647036
 45 L  45 0.0036681 0.1137036 0.0609646 0.0302983 0.0000000 0.0431586 0.0170312 0.0671181 0.2152793 0.0073027 0.2066951 0.0765171 0.0159943 0.0862329 0.0020972 0.0119500 0.0076761 0.0121999 0.0144068 0.0077063
 46 K  46 0.0192003 0.0192260 0.0167704 0.0196443 0.0000000 0.0043620 0.0123976 0.0796361 0.0117477 0.0547073 0.3490915 0.1316485 0.0787232 0.0823095 0.0169412 0.0204501 0.0133061 0.0293183 0.0063178 0.0342021
 47 I  47 0.0122926 0.2134401 0.0158587 0.0038397 0.0058272 0.0227167 0.0085216 0.0370996 0.0054309 0.1067540 0.0329893 0.2540113 0.0063871 0.0026700 0.0038203 0.1085053 0.1255933 0.0048458 0.0043821 0.0250144
 48 T  48 0.0272969 0.0674764 0.0156423 0.0051968 0.0027505 0.0101589 0.0041092 0.0074219 0.0122094 0.0493678 0.1134236 0.1101871 0.0117757 0.0300077 0.0305249 0.0856520 0.2975236 0.0000000 0.0075303 0.1117451
 49 I  49 0.0012947 0.0050547 0.0000000 0.0029080 0.0050856 0.0000000 0.0000000 0.0032665 0.1187296 0.2136976 0.0114075 0.0030145 0.0121082 0.0878259 0.0344188 0.0239319 0.0081187 0.0000000 0.3732975 0.0958403
 50 P  50 0.0484089 0.1217645 0.0391422 0.0235328 0.0000000 0.0254367 0.0501042 0.0161001 0.0243320 0.0011851 0.0127610 0.1438103 0.0000000 0.0000000 0.3390688 0.0650404 0.0436285 0.0034762 0.0300903 0.0121181
 51 N  51 0.0138872 0.0823007 0.2998708 0.0946877 0.0104714 0.0640789 0.0185638 0.0400540 0.0923080 0.0000000 0.0038417 0.0884200 0.0294622 0.0020911 0.0014543 0.1357927 0.0049922 0.0000000 0.0177234 0.0000000
 52 A  52 0.1785481 0.0000000 0.0000000 0.0000000 0.4299040 0.0000000 0.0000000 0.0017881 0.0000000 0.0090611 0.0000000 0.0000000 0.0032253 0.0000000 0.0000000 0.1161017 0.1019873 0.0000000 0.0025128 0.1568717
 53 F  53 0.0151310 0.0000000 0.0000000 0.0000000 0.0381016 0.0000000 0.0000000 0.0034221 0.0000000 0.0327221 0.0193886 0.0000000 0.0375718 0.7787408 0.0000000 0.0040204 0.0011457 0.0044052 0.0021749 0.0631759
 54 L  54 0.0327329 0.0190720 0.0066323 0.0079477 0.0106879 0.0030740 0.0065899 0.0018024 0.0037234 0.1715295 0.1235636 0.0125280 0.0385833 0.0073183 0.0282630 0.0737799 0.2695430 0.0045703 0.0085237 0.1695351
 55 G  55 0.0907468 0.0000000 0.0000000 0.0030689 0.0022647 0.0000000 0.0000000 0.8393684 0.0000000 0.0000000 0.0000000 0.0000000 0.0000000 0.0000000 0.0026086 0.0585238 0.0034190 0.0000000 0.0000000 0.0000000
 56 S  56 0.1522040 0.0532369 0.0628671 0.0089028 0.0428887 0.0224798 0.0413126 0.0168807 0.0111406 0.0262098 0.0104906 0.0759489 0.0102230 0.0252115 0.0000000 0.3381959 0.0697842 0.0000000 0.0238389 0.0081842
 57 D  57 0.0336495 0.0031186 0.0063797 0.3948486 0.0119272 0.0293670 0.4603924 0.0011978 0.0000000 0.0023989 0.0012193 0.0222701 0.0009340 0.0032684 0.0000000 0.0107968 0.0091944 0.0000000 0.0048894 0.0041481
 58 V  58 0.2888128 0.0000000 0.0000000 0.0000000 0.0096461 0.0000000 0.0000000 0.0063593 0.0000000 0.0636965 0.3436375 0.0000000 0.0758258 0.0802699 0.0000000 0.0024774 0.0052504 0.0000000 0.0000000 0.1240242
 59 V  59 0.0191243 0.0027256 0.0000000 0.0000000 0.0025646 0.0000000 0.0000000 0.0000000 0.0000000 0.1614502 0.0214937 0.0000000 0.0157155 0.0077928 0.0000000 0.0026814 0.0467300 0.0000000 0.0000000 0.7197218
 60 D  60 0.0503636 0.0057854 0.0824163 0.4480452 0.0037313 0.0739741 0.1274203 0.0124011 0.0211000 0.0010772 0.0112691 0.0083566 0.0028811 0.0000000 0.0041497 0.0707479 0.0644079 0.0028644 0.0034370 0.0055719
 61 W  61 0.0086590 0.0046246 0.0000000 0.0000000 0.0021365 0.0027261 0.0000000 0.0112245 0.0153713 0.0065176 0.0088278 0.0037451 0.0027590 0.0334288 0.0000000 0.0000000 0.0020484 0.8473036 0.0160190 0.0346086
 62 L  62 0.0073738 0.0032360 0.0000000 0.0000000 0.0044610 0.0014483 0.0000000 0.0000000 0.0000000 0.0918611 0.7362295 0.0026067 0.0828551 0.0334236 0.0000000 0.0000000 0.0045405 0.0000000 0.0012009 0.0307634
 63 Y  63 0.0283020 0.0092308 0.0093518 0.0000000 0.0287823 0.0211851 0.0032793 0.0000000 0.0242948 0.2239853 0.2093659 0.0076476 0.1711010 0.0160266 0.0000000 0.0295802 0.0182766 0.0000000 0.0549985 0.1445922
 64 H  64 0.0803088 0.0685747 0.0618580 0.1059156 0.0076943 0.1485027 0.1734200 0.0075237 0.0384619 0.0062063 0.0084232 0.1146513 0.0013406 0.0094427 0.0023785 0.1116874 0.0465304 0.0000000 0.0016179 0.0054620
 65 H  65 0.0075699 0.0942510 0.2989803 0.0077355 0.0238772 0.0847088 0.0503392 0.0069601 0.1904422 0.0048811 0.0330573 0.0628039 0.0023766 0.0076536 0.0017761 0.0282775 0.0423847 0.0098664 0.0400666 0.0019921
 66 V  66 0.0109140 0.0000000 0.0000000 0.0031303 0.0437401 0.0171378 0.0091607 0.0829219 0.0077055 0.0982276 0.1434868 0.0110061 0.0716673 0.1948078 0.0033018 0.0543559 0.0207164 0.0090269 0.0271515 0.1915417
 67 E  67 0.0160604 0.0532926 0.0653623 0.0912906 0.0022863 0.0445621 0.1923759 0.1684013 0.0289008 0.0489866 0.0217609 0.0770839 0.0034073 0.0031559 0.0445054 0.1008604 0.0346664 0.0000000 0.0010670 0.0019739
 68 G  68 0.0191928 0.0187082 0.0177189 0.2095772 0.0408495 0.0275322 0.0508721 0.2105164 0.0087962 0.0338970 0.0861718 0.0661902 0.0045867 0.0551803 0.0326599 0.0337325 0.0370641 0.0033655 0.0155491 0.0278396
 69 F  69 0.1829769 0.0018419 0.0044186 0.0084754 0.0606842 0.0017739 0.0255508 0.0268130 0.0000000 0.1798933 0.0838828 0.0000000 0.0157768 0.0811392 0.0048499 0.0230413 0.0461177 0.0088500 0.0172800 0.2266342
 70 P  70 0.0515269 0.0650494 0.0261752 0.0913407 0.0044823 0.0628898 0.0988529 0.0217605 0.0600234 0.0778146 0.0451186 0.0537529 0.0115720 0.0046836 0.0421557 0.1065083 0.1006520 0.0008663 0.0038751 0.0708999
 71 E  71 0.0073526 0.0051045 0.0538530 0.2980104 0.0092233 0.0017252 0.0631564 0.0050056 0.0018407 0.0032127 0.0008880 0.0208040 0.0000000 0.0033532 0.0129917 0.2524336 0.2579120 0.0000000 0.0019575 0.0011757
 72 R  72 0.0118534 0.6817152 0.0188373 0.0180941 0.0000000 0.0342733 0.0554322 0.0053671 0.0128176 0.0127694 0.0288092 0.0175309 0.0020023 0.0000000 0.0245279 0.0113675 0.0207333 0.0000000 0.0051181 0.0387511
 73 R  73 0.0847323 0.0846683 0.0636761 0.0869585 0.0000000 0.0755796 0.2274210 0.0310132 0.0115635 0.0188392 0.0276876 0.0652647 0.0108947 0.0093452 0.0175930 0.0700838 0.0451242 0.0015821 0.0056705 0.0623024
 74 E  74 0.0285401 0.0051419 0.0098420 0.1061585 0.0000000 0.1669363 0.4779576 0.0104909 0.0251735 0.0058911 0.0436763 0.0592091 0.0207160 0.0000000 0.0000000 0.0115756 0.0270534 0.0000000 0.0000000 0.0016378
 75 A  75 0.8163238 0.0000000 0.0000000 0.0000000 0.0084847 0.0000000 0.0000000 0.0829620 0.0000000 0.0036486 0.0000000 0.0000000 0.0057301 0.0000000 0.0020362 0.0162003 0.0374161 0.0000000 0.0000000 0.0271983
 76 R  76 0.0411022 0.1008714 0.0044903 0.0000000 0.0124174 0.0357770 0.0309715 0.0030214 0.0000000 0.1610528 0.1822490 0.0131925 0.0115781 0.0065948 0.0000000 0.0112364 0.0512360 0.0029702 0.0010121 0.3302268
 77 K  77 0.0997274 0.0842787 0.0588561 0.0390187 0.0036342 0.0771845 0.1147681 0.0616563 0.1262418 0.0291891 0.0754242 0.1157496 0.0213882 0.0000000 0.0000000 0.0381166 0.0385032 0.0019845 0.0034103 0.0108685
 78 Y  78 0.0054414 0.0048567 0.0020216 0.0000000 0.0025417 0.0033350 0.0000000 0.0000000 0.0000000 0.1873146 0.3932119 0.0021901 0.0490546 0.0910308 0.0000000 0.0027758 0.0107811 0.0142417 0.1609485 0.0702546
 79 A  79 0.2390114 0.0000000 0.0000000 0.0000000 0.0696453 0.0000000 0.0000000 0.4801086 0.0000000 0.0020362 0.0611763 0.0000000 0.0525183 0.0124008 0.0000000 0.0121574 0.0025682 0.0592473 0.0015167 0.0076135
 80 S  80 0.0318149 0.1337657 0.1245903 0.0246133 0.0088659 0.3561612 0.0295319 0.0163322 0.0317447 0.0075689 0.0025673 0.0346767 0.0046736 0.0000000 0.0000000 0.1255831 0.0430778 0.0000000 0.0000000 0.0244325
 81 G  81 0.1794866 0.0841834 0.0435027 0.0329439 0.0039628 0.0525337 0.0724105 0.0352595 0.0199964 0.0137739 0.1369140 0.1324245 0.0383801 0.0176784 0.0000000 0.0544263 0.0152498 0.0000000 0.0141893 0.0526843
 82 L  82 0.0000000 0.0000000 0.0000000 0.0000000 0.0000000 0.0000000 0.0000000 0.0000000 0.0000000 0.0413666 0.7333717 0.0000000 0.1434384 0.0672410 0.0000000 0.0000000 0.0033773 0.0000000 0.0034162 0.0077889
 83 L  83 0.0829949 0.0054884 0.0011208 0.0364365 0.0405561 0.0190529 0.0084771 0.0000000 0.0049105 0.0530396 0.4254711 0.0000000 0.1401958 0.0132035 0.0000000 0.0193857 0.0141172 0.0067766 0.0025751 0.1261983
 84 K  84 0.0909156 0.0459376 0.0618612 0.1794922 0.0088107 0.0674083 0.2307286 0.0056296 0.0077258 0.0031329 0.0140591 0.1801019 0.0039924 0.0000000 0.0013186 0.0672407 0.0250810 0.0000000 0.0011102 0.0054536
 85 A  85 0.1242064 0.0508651 0.0991942 0.0262433 0.0094554 0.0777182 0.1434118 0.0590470 0.1463025 0.0072556 0.0460150 0.0602095 0.0198841 0.0165118 0.0000000 0.0324809 0.0025837 0.0012839 0.0655370 0.0117947
 86 G  86 0.0045524 0.0580168 0.0382415 0.0181245 0.0000000 0.0174091 0.0102873 0.6322178 0.0618282 0.0000000 0.0067038 0.1126933 0.0000000 0.0000000 0.0000000 0.0313654 0.0017786 0.0000000 0.0067812 0.0000000
 87 L  87 0.0065636 0.0040187 0.0000000 0.0022099 0.0033857 0.0000000 0.0000000 0.0012233 0.0091179 0.1171200 0.2344016 0.0061594 0.0114925 0.1621120 0.0000000 0.0028424 0.0000000 0.0264520 0.2390275 0.1738733
 88 I  88 0.0020319 0.0000000 0.0000000 0.0025733 0.0000000 0.0000000 0.0000000 0.0054944 0.0000000 0.4980874 0.1925592 0.0000000 0.0341566 0.2341923 0.0000000 0.0000000 0.0028215 0.0000000 0.0019530 0.0261305
 89 R  89 0.0201323 0.1284469 0.0176054 0.0196778 0.0488302 0.1010042 0.1307634 0.0027861 0.1775563 0.0130346 0.0229656 0.0650719 0.0026482 0.0820984 0.0000000 0.0350072 0.0254879 0.0025198 0.0667139 0.0376498
 90 H  90 0.0243102 0.0105843 0.0152169 0.0747156 0.0246301 0.0185226 0.0117765 0.0054692 0.5506861 0.0000000 0.0020788 0.0104435 0.0028843 0.0000000 0.1908740 0.0413854 0.0083740 0.0000000 0.0022414 0.0058071
 91 T  91 0.1046599 0.0000000 0.0050130 0.0000000 0.0150925 0.0024854 0.0000000 0.0081914 0.0000000 0.1278470 0.0641218 0.0000000 0.0000000 0.0043061 0.0042622 0.0064368 0.0952825 0.0000000 0.0020594 0.5602419
 92 V  92 0.0177911 0.0537797 0.0534659 0.0658075 0.0363415 0.0529563 0.0671772 0.0416296 0.0217223 0.0115368 0.0656427 0.0434543 0.0023377 0.0222031 0.0022904 0.1676058 0.1334429 0.0057035 0.0091443 0.1259677
 93 N  93 0.0191246 0.0528853 0.1764830 0.2312855 0.0083409 0.0408620 0.0490437 0.1568809 0.0522059 0.0000000 0.0050640 0.0960622 0.0026147 0.0021307 0.0123664 0.0308076 0.0177590 0.0000000 0.0437649 0.0023187
 94 K  94 0.0251619 0.1171330 0.0076901 0.1793608 0.0062372 0.0199492 0.2041366 0.0148423 0.0372846 0.0016944 0.0157000 0.2195118 0.0000000 0.0034589 0.0452750 0.0636940 0.0177966 0.0000000 0.0040659 0.0170077
 95 I  95 0.0185266 0.0790049 0.0528331 0.0125849 0.0076142 0.0604512 0.0194441 0.0037302 0.3382228 0.0583496 0.0411580 0.0776835 0.0086010 0.0209817 0.0204400 0.0543547 0.0218856 0.0315735 0.0391241 0.0334362
 96 T  96 0.0369241 0.0593946 0.0611008 0.0552814 0.0210593 0.0767737 0.0590157 0.0761783 0.0591417 0.0166350 0.0251739 0.0424342 0.0059658 0.0000000 0.0990943 0.0663939 0.1671388 0.0011836 0.0076112 0.0634997
 97 F  97 0.0000000 0.0019102 0.0043060 0.0000000 0.0000000 0.0000000 0.0000000 0.0000000 0.0000000 0.0000000 0.1924779 0.0019918 0.0034186 0.7623523 0.0020050 0.0024974 0.0032938 0.0000000 0.0090568 0.0166902
 98 S  98 0.0194008 0.1395121 0.0056534 0.0163964 0.0031600 0.0576499 0.1156054 0.0024794 0.0157779 0.0544338 0.1015989 0.1348550 0.0144033 0.0062000 0.0037284 0.1334784 0.1011690 0.0000000 0.0109315 0.0635664
 99 E  99 0.0095095 0.0045861 0.0592342 0.7256210 0.0000000 0.0039386 0.1238877 0.0000000 0.0023492 0.0000000 0.0074882 0.0141402 0.0000000 0.0023408 0.0128279 0.0015943 0.0000000 0.0000000 0.0293118 0.0031704
100 Q 100 0.0179814 0.0407709 0.0650337 0.0579010 0.0000000 0.1254485 0.1163799 0.3072954 0.0092535 0.0000000 0.0000000 0.1160332 0.0000000 0.0015837 0.0000000 0.1215364 0.0127279 0.0000000 0.0047140 0.0033404
101 C 101 0.0362237 0.0192403 0.1157924 0.0049821 0.1407458 0.0556053 0.0302638 0.0038862 0.0713472 0.0132469 0.0843311 0.0015554 0.0085302 0.0516819 0.0020093 0.1239138 0.1009269 0.0000000 0.1162650 0.0194526
102 Y 102 0.0021395 0.0000000 0.0000000 0.0000000 0.0023004 0.0037975 0.0000000 0.0000000 0.0064918 0.0094605 0.3320554 0.0000000 0.0202151 0.2633507 0.0267825 0.0093701 0.0000000 0.0000000 0.3210603 0.0029761
103 Y 103 0.0000000 0.0000000 0.0062186 0.0000000 0.0000000 0.0000000 0.0000000 0.0000000 0.0026963 0.0000000 0.0027591 0.0000000 0.0036638 0.1447386 0.0000000 0.0027200 0.0000000 0.0000000 0.8372036 0.0000000
104 V 104 0.0105676 0.5381090 0.0060295 0.0000000 0.0084772 0.1130816 0.0127458 0.0032535 0.0023033 0.0414775 0.0039084 0.0111093 0.0058292 0.0000000 0.0000000 0.0053414 0.0367547 0.0019205 0.1179388 0.0811526
105 F 105 0.0067565 0.0000000 0.0000000 0.0000000 0.0023980 0.0035414 0.0000000 0.0000000 0.0021438 0.0087619 0.0443899 0.0000000 0.0093847 0.8939436 0.0000000 0.0000000 0.0000000 0.0051719 0.0083932 0.0151151
106 G 106 0.0869722 0.2362792 0.0534096 0.0061432 0.0319226 0.0191478 0.0279051 0.1994080 0.0207757 0.0013698 0.1107105 0.0482583 0.0084012 0.0113888 0.0227527 0.0568664 0.0310344 0.0000000 0.0056900 0.0215645
107 D 107 0.0103264 0.0000000 0.0688058 0.5223744 0.0000000 0.0085158 0.3290878 0.0000000 0.0000000 0.0000000 0.0000000 0.0311731 0.0000000 0.0000000 0.0000000 0.0000000 0.0297167 0.0000000 0.0000000 0.0000000
108 L 108 0.0000000 0.0173231 0.0000000 0.0897842 0.0000000 0.0000000 0.2674240 0.0000000 0.0000000 0.0724040 0.2172157 0.0535342 0.0344723 0.0630380 0.0425879 0.0075626 0.0743201 0.0000000 0.0384054 0.0219286
109 S 109 0.0999866 0.0000000 0.0180526 0.1715537 0.3952979 0.0000000 0.0386706 0.0000000 0.0000000 0.0000000 0.0648440 0.0177333 0.0393549 0.0000000 0.0081428 0.0488798 0.0974837 0.0000000 0.0000000 0.0000000
110 G 110 0.0000000 0.0000000 0.1049768 0.0000000 0.0000000 0.0000000 0.0000000 0.8950232 0.0000000 0.0000000 0.0000000 0.0000000 0.0000000 0.0000000 0.0000000 0.0000000 0.0000000 0.0000000 0.0000000 0.0000000
