  110         A         R         N         D         C         Q         E         G         H         I         L         K         M         F         P         S         T         W         Y         V         X    
  1 S   1 0.0085230 0.0000000 0.0000000 0.0000000 0.0000000 0.0000000 0.0000000 0.0000000 0.0000000 0.0000000 0.0000000 0.0000000 0.0000000 0.0000000 0.0000000 0.0247632 0.0395107 0.0000000 0.0000000 0.0000000 0.9272031
  2 I   2 0.0086823 0.0024994 0.0023702 0.0029958 0.0000000 0.0000000 0.0000000 0.0000000 0.0000000 0.0166694 0.0234212 0.0000000 0.0273315 0.0041786 0.0057404 0.0276474 0.0083308 0.0000000 0.0027561 0.0148274 0.8525493
  3 T   3 0.0274364 0.0000000 0.0000000 0.0027561 0.0000000 0.0000000 0.0063034 0.0000000 0.0186493 0.0000000 0.0000000 0.0018354 0.0042895 0.0000000 0.0000000 0.0361412 0.1015944 0.0000000 0.0000000 0.0000000 0.8009943
  4 S   4 0.0578278 0.0024155 0.0000000 0.0000000 0.0000000 0.0031283 0.0045421 0.0232933 0.0024994 0.0202426 0.0212390 0.0000000 0.0116639 0.0153028 0.0080884 0.0390732 0.0113064 0.0019732 0.0070767 0.0058635 0.7644640
  5 G   5 0.0452685 0.0130402 0.0581211 0.0000000 0.0025315 0.0024977 0.0083809 0.0303481 0.0044323 0.0000000 0.0020674 0.0084186 0.0075633 0.0000000 0.0140388 0.0376985 0.0355328 0.0000000 0.0000000 0.0048120 0.7252483
  6 S   6 0.0469340 0.0095887 0.0165023 0.0052219 0.0000000 0.0242773 0.0052111 0.0603277 0.0019355 0.0000000 0.0000000 0.0105729 0.0021563 0.0000000 0.0364125 0.0495693 0.0314245 0.0000000 0.0000000 0.0057404 0.6941256
  7 S   7 0.0453791 0.0000000 0.0107637 0.0176358 0.0039412 0.0050853 0.0000000 0.0035396 0.0000000 0.0000000 0.0334696 0.0000000 0.0045512 0.0000000 0.0923201 0.0727722 0.0216834 0.0000000 0.0146969 0.0000000 0.6741618
  8 L   8 0.0269049 0.0123218 0.0039835 0.0097840 0.0000000 0.0334292 0.0154505 0.0064982 0.0017337 0.0273198 0.0929764 0.0049554 0.0038644 0.0100291 0.0334558 0.0118257 0.0259220 0.0000000 0.0055948 0.0183660 0.6555848
  9 P   9 0.0120015 0.0239054 0.0018655 0.0036025 0.0000000 0.0366860 0.0032230 0.0050621 0.0000000 0.0061903 0.0126388 0.0146475 0.0000000 0.0031283 0.1683377 0.0317137 0.0204752 0.0000000 0.0000000 0.0199244 0.6365981
 10 D  10 0.0193301 0.0115776 0.0453264 0.0391399 0.0057404 0.0073396 0.0612253 0.0391105 0.0212989 0.0234723 0.0044993 0.0261624 0.0161876 0.0000000 0.0163795 0.0686416 0.0065507 0.0000000 0.0081414 0.0045285 0.5753480
 11 G  11 0.0283145 0.0219255 0.0494896 0.0147115 0.0000000 0.0188269 0.0497431 0.0589366 0.0089600 0.0174599 0.0144863 0.0307597 0.0000000 0.0025600 0.0128525 0.0687602 0.0503169 0.0020639 0.0168689 0.0021631 0.5308008
 12 C  12 0.0467394 0.0339198 0.0094738 0.0295953 0.0231279 0.0245645 0.0970113 0.0136731 0.0105558 0.0152099 0.0191027 0.0086307 0.0115775 0.0141680 0.0224632 0.0534511 0.0147207 0.0050907 0.0056458 0.0284050 0.5128738
 13 E  13 0.0105517 0.0339612 0.0192806 0.0991390 0.0141412 0.0113381 0.1104581 0.0100881 0.0095248 0.0155426 0.0308534 0.0225504 0.0000000 0.0000000 0.0186326 0.0530925 0.0168146 0.0000000 0.0117653 0.0123048 0.4999612
 14 G  14 0.0232116 0.0688123 0.0375198 0.0553110 0.0035216 0.0021928 0.0700578 0.0256111 0.0112464 0.0046467 0.0486796 0.0251553 0.0010609 0.0054404 0.0349184 0.0791627 0.0135309 0.0000000 0.0034048 0.0156059 0.4709099
 15 R  15 0.0232014 0.0306729 0.0116996 0.0260791 0.0043602 0.0229723 0.0656305 0.0150943 0.0134862 0.0253031 0.0304851 0.0463054 0.0124321 0.0091268 0.0737563 0.0756648 0.0264049 0.0000000 0.0086741 0.0202768 0.4583742
 16 G  16 0.0119724 0.0965740 0.0661875 0.0219983 0.0021118 0.0531188 0.0343005 0.0197557 0.0216979 0.0192421 0.0106164 0.0447661 0.0060381 0.0048239 0.0749835 0.0295844 0.0158439 0.0000000 0.0029958 0.0244697 0.4389192
 17 L  17 0.0118531 0.0041387 0.0021618 0.0085834 0.0014553 0.0160063 0.0313669 0.0041573 0.0074127 0.0351009 0.2674443 0.0042782 0.0431269 0.0325388 0.0098280 0.0379147 0.0097972 0.0025446 0.0104824 0.0110498 0.4487585
 18 E  18 0.0283629 0.0076595 0.0581893 0.0400127 0.0045159 0.0141238 0.0197112 0.0104086 0.0153098 0.0290320 0.0690002 0.0386303 0.0053324 0.0000000 0.0593503 0.0784415 0.0658270 0.0044345 0.0021928 0.0158674 0.4335979
 19 V  19 0.0389160 0.0255763 0.0275426 0.0255515 0.0223667 0.0125667 0.0336641 0.0050810 0.0142318 0.0400503 0.0231267 0.0570588 0.0074516 0.0057049 0.0229156 0.0412752 0.0390902 0.0000000 0.0151526 0.1415616 0.4011158
 20 H  20 0.0085348 0.0327198 0.0768517 0.0323959 0.0071828 0.0128636 0.0168427 0.0179669 0.0431196 0.0106778 0.0421942 0.0198204 0.0197768 0.0265303 0.0275988 0.1144707 0.0564484 0.0000000 0.0417556 0.0121726 0.3800765
 21 T  21 0.0643394 0.0238847 0.0113298 0.0751714 0.0086720 0.0050578 0.0243086 0.0064352 0.0074143 0.0922621 0.0189181 0.0500058 0.0335251 0.0048974 0.0000000 0.0824800 0.0718199 0.0000000 0.0014997 0.0441781 0.3738005
 22 D  22 0.0142202 0.0316971 0.0478612 0.1189085 0.0050638 0.0400532 0.0803643 0.0039256 0.0047551 0.0061787 0.0151526 0.1419679 0.0000000 0.0030807 0.0276375 0.0811771 0.0365329 0.0000000 0.0000000 0.0045673 0.3368565
 23 M  23 0.0133108 0.0000000 0.0078881 0.0050638 0.0052008 0.0000000 0.0000000 0.0118573 0.0000000 0.0886471 0.2841498 0.0185393 0.1781643 0.0106751 0.0160584 0.0106763 0.0070442 0.0076090 0.0153311 0.0130410 0.3067435
 24 A  24 0.0950693 0.0305277 0.0207321 0.0224642 0.0014205 0.0305564 0.1879525 0.0302027 0.0167370 0.0152296 0.0221300 0.0609164 0.0185500 0.0115256 0.0173180 0.0931424 0.0083083 0.0034861 0.0097963 0.0206832 0.2832517
 25 S  25 0.1106082 0.0914813 0.0218259 0.0615210 0.0140576 0.0225657 0.0883016 0.0216509 0.0070533 0.0130110 0.0106105 0.0671816 0.0292851 0.0123615 0.0065465 0.0577367 0.0638949 0.0152184 0.0046369 0.0237865 0.2566648
 26 V  26 0.0118475 0.0062017 0.0027870 0.0000000 0.0038209 0.0000000 0.0000000 0.0000000 0.0031681 0.2720693 0.2521988 0.0000000 0.0189194 0.0027632 0.0000000 0.0000000 0.0113044 0.0029179 0.0136569 0.1607696 0.2375752
 27 T  27 0.1787666 0.0064621 0.0029179 0.0000000 0.0140717 0.0031681 0.0027759 0.0018872 0.0046545 0.0744150 0.0850344 0.0078013 0.0104159 0.0111435 0.0000000 0.0171854 0.0128674 0.0249942 0.0549511 0.2526964 0.2337916
 28 K  28 0.0327103 0.1215150 0.0146497 0.0463770 0.0000000 0.0715208 0.1697668 0.0022506 0.0466070 0.0215385 0.0291476 0.1029098 0.0112217 0.0059551 0.0024155 0.0126296 0.0349973 0.0000000 0.0069540 0.0347216 0.2321121
 29 A  29 0.1724628 0.0556949 0.0068629 0.0340478 0.0050475 0.0399851 0.1039653 0.0089544 0.0192674 0.0173805 0.0319388 0.0866536 0.0277456 0.0048458 0.0000000 0.0584270 0.0288255 0.0000000 0.0045546 0.0622060 0.2311345
 30 M  30 0.0000000 0.0000000 0.0000000 0.0000000 0.0000000 0.0031681 0.0022989 0.0024977 0.0000000 0.0936891 0.1650320 0.0052581 0.4502338 0.0463725 0.0000000 0.0018838 0.0029179 0.0000000 0.0000000 0.0074380 0.2192102
 31 A  31 0.0666125 0.1295780 0.0036396 0.0052988 0.0231680 0.2339559 0.0036016 0.0000000 0.0149303 0.0215824 0.0587002 0.0975739 0.0409040 0.0099015 0.0000000 0.0193926 0.0147720 0.0000000 0.0132672 0.0189834 0.2241379
 32 A  32 0.0460943 0.0434851 0.0538971 0.2141468 0.0028417 0.0648295 0.0412358 0.0342068 0.0955862 0.0027044 0.0454196 0.0153966 0.0128376 0.0023801 0.0000000 0.0484714 0.0190263 0.0000000 0.0011990 0.0077416 0.2485000
 33 P  33 0.0381367 0.0366470 0.0070112 0.0187096 0.0122144 0.0207137 0.0594983 0.0263600 0.0101430 0.0047232 0.0178519 0.0346048 0.0000000 0.0104875 0.2866582 0.0902810 0.0294155 0.0000000 0.0113228 0.0177685 0.2674529
 34 E  34 0.0131692 0.0357830 0.0572086 0.1468948 0.0036016 0.0347461 0.1280623 0.0204046 0.0307457 0.0051016 0.0211370 0.0588777 0.0000000 0.0057404 0.0104165 0.0712192 0.0372431 0.0000000 0.0041573 0.0084128 0.3070783
 35 S  35 0.0227047 0.0217971 0.0784225 0.0219439 0.0035411 0.0503950 0.0105238 0.0448055 0.0112606 0.0099280 0.0078784 0.0452140 0.0086458 0.0000000 0.0097145 0.1970809 0.1378694 0.0000000 0.0116016 0.0139002 0.2927731
 36 G  36 0.0224496 0.0040654 0.0167419 0.0141909 0.0097028 0.0111592 0.0079369 0.5831034 0.0080277 0.0043801 0.0015033 0.0037868 0.0000000 0.0000000 0.0173497 0.0169737 0.0176245 0.0000000 0.0000000 0.0023427 0.2586614
 37 L  37 0.0000000 0.0000000 0.0091187 0.0034348 0.0000000 0.0049481 0.0022957 0.0016713 0.0093912 0.1843006 0.2743762 0.0053762 0.0570064 0.0013363 0.0107204 0.0129347 0.0022987 0.0000000 0.0000000 0.2647865 0.1560043
 38 E  38 0.0287775 0.0715500 0.0093102 0.0345719 0.0288446 0.0377791 0.1262682 0.0140454 0.0000000 0.0117410 0.0470706 0.1071352 0.0189090 0.0019732 0.2007961 0.0228599 0.0282991 0.0000000 0.0042307 0.0467697 0.1590686
 39 V  39 0.0000000 0.0104052 0.0000000 0.0029019 0.0043694 0.0021440 0.0179843 0.0080083 0.0028016 0.2915326 0.1885991 0.0000000 0.0689586 0.0721619 0.0178189 0.0101351 0.0303513 0.0000000 0.0013779 0.1977901 0.0726597
 40 R  40 0.0271787 0.2856407 0.0047270 0.0029305 0.0028016 0.1072625 0.0035346 0.0326964 0.0039770 0.0153935 0.0522368 0.2873055 0.0238452 0.0036548 0.0000000 0.0374789 0.0144995 0.0000000 0.0028356 0.0288247 0.0631765
 41 D  41 0.0087282 0.0281836 0.1170051 0.3980620 0.0000000 0.0148703 0.0603126 0.0046044 0.0081482 0.0000000 0.0093044 0.0438834 0.0025195 0.0028356 0.0335989 0.0740381 0.1198030 0.0000000 0.0021595 0.0090336 0.0629096
 42 R  42 0.0092842 0.5165458 0.0256411 0.0047421 0.0058060 0.0996915 0.0165453 0.0033657 0.1213016 0.0145881 0.0226327 0.0445149 0.0022373 0.0000000 0.0000000 0.0000000 0.0029998 0.0000000 0.0048469 0.0590130 0.0462439
 43 M  43 0.0018156 0.3098388 0.0096160 0.0217974 0.0019582 0.0393525 0.0408820 0.0023173 0.0078080 0.0126537 0.0269426 0.2233116 0.0695388 0.0171509 0.0087393 0.0133582 0.0880744 0.0074995 0.0112919 0.0301033 0.0559500
 44 W  44 0.0156931 0.0459505 0.0116029 0.0012768 0.0320312 0.0339826 0.0302902 0.0140295 0.0565009 0.0206085 0.0725646 0.0679405 0.0176281 0.0227573 0.0074578 0.0613586 0.0233531 0.1951690 0.1410273 0.0616477 0.0671298
 45 L  45 0.0034698 0.1096455 0.0576126 0.0283693 0.0000000 0.0404823 0.0159406 0.0665311 0.2047571 0.0069852 0.1961423 0.0741333 0.0150340 0.0828910 0.0020517 0.0109622 0.0070910 0.0113285 0.0135365 0.0071084 0.0459276
 46 K  46 0.0182365 0.0184882 0.0156244 0.0192105 0.0000000 0.0041919 0.0122082 0.0755997 0.0110426 0.0511863 0.3383050 0.1231321 0.0775803 0.0778766 0.0162494 0.0196412 0.0125211 0.0275511 0.0060582 0.0351653 0.0401312
 47 I  47 0.0128068 0.2046347 0.0150071 0.0036453 0.0054212 0.0215228 0.0081189 0.0346701 0.0053145 0.0988164 0.0313950 0.2483832 0.0059339 0.0025505 0.0035852 0.1072136 0.1214893 0.0045190 0.0041053 0.0243439 0.0365231
 48 T  48 0.0254441 0.0638767 0.0154389 0.0057319 0.0026240 0.0094507 0.0039301 0.0073460 0.0117616 0.0499360 0.1079790 0.1062577 0.0109829 0.0282452 0.0301833 0.0857256 0.2846936 0.0000000 0.0070630 0.1087102 0.0346197
 49 I  49 0.0012880 0.0047896 0.0000000 0.0027556 0.0047937 0.0000000 0.0000000 0.0030587 0.1142595 0.2073845 0.0114004 0.0028356 0.0115679 0.0848010 0.0322332 0.0232229 0.0075751 0.0000000 0.3647479 0.0957401 0.0275463
 50 P  50 0.0463440 0.1194144 0.0372420 0.0224386 0.0000000 0.0247082 0.0491228 0.0155176 0.0235143 0.0011819 0.0121799 0.1439902 0.0000000 0.0000000 0.3284312 0.0622398 0.0416673 0.0031747 0.0289945 0.0112696 0.0285691
 51 N  51 0.0138530 0.0810238 0.2920511 0.0909213 0.0108723 0.0619760 0.0177901 0.0386364 0.0905522 0.0000000 0.0037105 0.0856121 0.0276132 0.0019878 0.0021962 0.1338372 0.0052866 0.0000000 0.0171811 0.0000000 0.0248990
 52 A  52 0.1752104 0.0000000 0.0000000 0.0000000 0.4277493 0.0000000 0.0000000 0.0018263 0.0000000 0.0091396 0.0000000 0.0000000 0.0030865 0.0000000 0.0000000 0.1137657 0.1006348 0.0000000 0.0025209 0.1562630 0.0098035
 53 F  53 0.0141750 0.0000000 0.0000000 0.0000000 0.0380584 0.0000000 0.0000000 0.0031747 0.0000000 0.0314150 0.0199957 0.0000000 0.0383261 0.7710411 0.0000000 0.0038493 0.0010961 0.0041573 0.0021528 0.0629292 0.0096292
 54 L  54 0.0345709 0.0193747 0.0064498 0.0074577 0.0106975 0.0029304 0.0067605 0.0017532 0.0035982 0.1685239 0.1194523 0.0123624 0.0382211 0.0073898 0.0280378 0.0753663 0.2669662 0.0048093 0.0093184 0.1663303 0.0096292
 55 G  55 0.0894633 0.0000000 0.0000000 0.0028453 0.0020829 0.0000000 0.0000000 0.8259272 0.0000000 0.0000000 0.0000000 0.0000000 0.0000000 0.0000000 0.0023822 0.0598162 0.0032534 0.0000000 0.0000000 0.0000000 0.0142294
 56 S  56 0.1501967 0.0517729 0.0625364 0.0094064 0.0417306 0.0214447 0.0396536 0.0168489 0.0108664 0.0252235 0.0100430 0.0768390 0.0099757 0.0239472 0.0000000 0.3334432 0.0680132 0.0000000 0.0234382 0.0080781 0.0165422
 57 D  57 0.0343412 0.0029834 0.0060299 0.3847121 0.0114216 0.0287682 0.4558945 0.0011532 0.0000000 0.0024151 0.0011791 0.0232099 0.0010378 0.0030923 0.0000000 0.0105413 0.0091888 0.0000000 0.0047906 0.0041659 0.0150753
 58 V  58 0.2822726 0.0000000 0.0000000 0.0000000 0.0092733 0.0000000 0.0000000 0.0061593 0.0000000 0.0638896 0.3359865 0.0000000 0.0765014 0.0784951 0.0000000 0.0023237 0.0050174 0.0000000 0.0000000 0.1250057 0.0150753
 59 V  59 0.0179105 0.0025418 0.0000000 0.0000000 0.0025028 0.0000000 0.0000000 0.0000000 0.0000000 0.1569999 0.0213345 0.0000000 0.0150071 0.0074982 0.0000000 0.0026831 0.0451616 0.0000000 0.0000000 0.7132851 0.0150753
 60 D  60 0.0479933 0.0055024 0.0814696 0.4419711 0.0036081 0.0749374 0.1259849 0.0117769 0.0232007 0.0010502 0.0107289 0.0078642 0.0027573 0.0000000 0.0039965 0.0701906 0.0628648 0.0027556 0.0032832 0.0053018 0.0127625
 61 W  61 0.0080808 0.0042649 0.0000000 0.0000000 0.0020906 0.0025195 0.0000000 0.0127245 0.0146497 0.0060714 0.0085521 0.0032808 0.0026088 0.0316177 0.0000000 0.0000000 0.0019127 0.8067419 0.0149526 0.0359317 0.0440002
 62 L  62 0.0067422 0.0030865 0.0000000 0.0000000 0.0042499 0.0014477 0.0000000 0.0000000 0.0000000 0.0922336 0.7254225 0.0025732 0.0806018 0.0320653 0.0000000 0.0000000 0.0043146 0.0000000 0.0025496 0.0296960 0.0150170
 63 Y  63 0.0272427 0.0087883 0.0090033 0.0000000 0.0274940 0.0204635 0.0032595 0.0000000 0.0230066 0.2219454 0.2014199 0.0068957 0.1651609 0.0148789 0.0000000 0.0283115 0.0176724 0.0000000 0.0526142 0.1421225 0.0297207
 64 H  64 0.0794964 0.0658452 0.0618909 0.1040308 0.0073522 0.1459373 0.1682760 0.0071362 0.0388208 0.0059237 0.0083493 0.1109756 0.0013591 0.0093054 0.0027499 0.1081599 0.0464144 0.0000000 0.0015376 0.0054333 0.0210060
 65 H  65 0.0070648 0.0841322 0.2663187 0.0067891 0.0217478 0.0758577 0.0442293 0.0059948 0.1686880 0.0039959 0.0285114 0.0550561 0.0020375 0.0066446 0.0016279 0.0249428 0.0366135 0.0085909 0.0358423 0.0019183 0.1133966
 66 V  66 0.0097852 0.0000000 0.0000000 0.0025451 0.0379763 0.0142967 0.0078732 0.0705764 0.0070247 0.0830275 0.1226730 0.0093539 0.0603328 0.1678684 0.0027044 0.0466519 0.0171650 0.0074290 0.0229310 0.1651660 0.1446195
 67 E  67 0.0148621 0.0497471 0.0600692 0.0876616 0.0020415 0.0405978 0.1773598 0.1577185 0.0261643 0.0454667 0.0205315 0.0712748 0.0032656 0.0028407 0.0408337 0.0926399 0.0331374 0.0000000 0.0009814 0.0017563 0.0710499
 68 G  68 0.0145181 0.0151400 0.0135611 0.1623383 0.0347818 0.0214715 0.0403816 0.1626774 0.0066602 0.0267013 0.0678979 0.0504317 0.0037423 0.0427045 0.0256843 0.0259215 0.0296280 0.0025315 0.0120097 0.0214491 0.2197682
 69 F  69 0.1624211 0.0015809 0.0039061 0.0075407 0.0553875 0.0016995 0.0229253 0.0237234 0.0000000 0.1591249 0.0747961 0.0000000 0.0140711 0.0701742 0.0043798 0.0206770 0.0412595 0.0078508 0.0153045 0.2007075 0.1124700
 70 P  70 0.0473943 0.0612454 0.0247434 0.0845271 0.0040615 0.0614853 0.0937293 0.0203203 0.0552001 0.0731284 0.0420735 0.0517829 0.0105395 0.0042607 0.0386456 0.0986877 0.0928636 0.0008398 0.0034959 0.0672337 0.0637420
 71 E  71 0.0067668 0.0050530 0.0507999 0.2827252 0.0088824 0.0015894 0.0601928 0.0047469 0.0019183 0.0029652 0.0008664 0.0194250 0.0000000 0.0032326 0.0125415 0.2400621 0.2493839 0.0000000 0.0018156 0.0011420 0.0458910
 72 R  72 0.0114941 0.6630258 0.0178658 0.0168111 0.0000000 0.0355617 0.0542387 0.0050819 0.0123533 0.0131917 0.0276070 0.0169235 0.0019127 0.0000000 0.0241120 0.0109235 0.0193499 0.0000000 0.0049575 0.0372488 0.0273410
 73 R  73 0.0846946 0.0819314 0.0611932 0.0868960 0.0000000 0.0723020 0.2228104 0.0301500 0.0110630 0.0178008 0.0274041 0.0634480 0.0108505 0.0091211 0.0171267 0.0687895 0.0437845 0.0014957 0.0054522 0.0608958 0.0227904
 74 E  74 0.0276415 0.0049532 0.0096245 0.1037151 0.0000000 0.1635600 0.4734789 0.0101708 0.0241741 0.0057193 0.0426862 0.0594154 0.0228462 0.0000000 0.0000000 0.0109472 0.0264998 0.0000000 0.0000000 0.0015939 0.0129738
 75 A  75 0.8060309 0.0000000 0.0000000 0.0000000 0.0081392 0.0000000 0.0000000 0.0807489 0.0000000 0.0034048 0.0000000 0.0000000 0.0054313 0.0000000 0.0023924 0.0153082 0.0382678 0.0000000 0.0000000 0.0273026 0.0129738
 76 R  76 0.0390070 0.0983522 0.0044649 0.0000000 0.0124328 0.0362407 0.0306016 0.0028645 0.0000000 0.1590323 0.1790861 0.0131688 0.0118850 0.0065932 0.0000000 0.0106396 0.0503309 0.0028356 0.0010990 0.3285271 0.0128388
 77 K  77 0.0970291 0.0824176 0.0592519 0.0407447 0.0035247 0.0762811 0.1157038 0.0603739 0.1230655 0.0284488 0.0748783 0.1145576 0.0211168 0.0000000 0.0000000 0.0366334 0.0376744 0.0018996 0.0032655 0.0102946 0.0128388
 78 Y  78 0.0051863 0.0046930 0.0019047 0.0000000 0.0024521 0.0032312 0.0000000 0.0000000 0.0000000 0.1875016 0.3889429 0.0020959 0.0472361 0.0886827 0.0000000 0.0027210 0.0106738 0.0134870 0.1589790 0.0693738 0.0128388
 79 A  79 0.2338066 0.0000000 0.0000000 0.0000000 0.0689018 0.0000000 0.0000000 0.4740358 0.0000000 0.0019815 0.0603257 0.0000000 0.0535180 0.0115061 0.0000000 0.0118317 0.0024256 0.0573494 0.0015333 0.0069917 0.0157929
 80 S  80 0.0314594 0.1311874 0.1232879 0.0235432 0.0081941 0.3495633 0.0288282 0.0154165 0.0304463 0.0073177 0.0024755 0.0367778 0.0044871 0.0000000 0.0000000 0.1246905 0.0415436 0.0000000 0.0000000 0.0249888 0.0157929
 81 G  81 0.1739778 0.0832752 0.0409324 0.0319634 0.0041557 0.0534999 0.0717153 0.0350296 0.0197751 0.0132945 0.1328680 0.1285927 0.0384852 0.0189371 0.0000000 0.0542371 0.0150426 0.0000000 0.0135348 0.0516420 0.0190416
 82 L  82 0.0000000 0.0000000 0.0000000 0.0000000 0.0000000 0.0000000 0.0000000 0.0000000 0.0000000 0.0419530 0.7203629 0.0000000 0.1381024 0.0676448 0.0000000 0.0000000 0.0031122 0.0000000 0.0031774 0.0073636 0.0182838
 83 L  83 0.0825616 0.0051064 0.0010772 0.0356148 0.0408232 0.0189909 0.0079432 0.0000000 0.0046598 0.0528959 0.4137098 0.0000000 0.1362151 0.0124987 0.0000000 0.0185233 0.0135603 0.0070495 0.0024256 0.1256684 0.0206762
 84 K  84 0.0884880 0.0473930 0.0620007 0.1766257 0.0083443 0.0653153 0.2244361 0.0055593 0.0070721 0.0030478 0.0140146 0.1774755 0.0038901 0.0000000 0.0012857 0.0642761 0.0237141 0.0000000 0.0010631 0.0053225 0.0206762
 85 A  85 0.1180928 0.0502993 0.0974903 0.0254352 0.0092598 0.0760165 0.1387724 0.0590940 0.1439039 0.0069136 0.0447406 0.0606538 0.0192140 0.0160412 0.0000000 0.0323217 0.0028072 0.0012352 0.0661492 0.0108832 0.0206762
 86 G  86 0.0043175 0.0574649 0.0373765 0.0180883 0.0000000 0.0175324 0.0099904 0.6161913 0.0626460 0.0000000 0.0062917 0.1096869 0.0000000 0.0000000 0.0000000 0.0297310 0.0016758 0.0000000 0.0073709 0.0000000 0.0216364
 87 L  87 0.0065533 0.0038260 0.0000000 0.0021253 0.0031122 0.0000000 0.0000000 0.0011987 0.0087557 0.1149191 0.2275023 0.0058207 0.0108568 0.1639100 0.0000000 0.0028016 0.0000000 0.0249552 0.2306242 0.1714025 0.0216364
 88 I  88 0.0019047 0.0000000 0.0000000 0.0024183 0.0000000 0.0000000 0.0000000 0.0054084 0.0000000 0.4851818 0.1912386 0.0000000 0.0347937 0.2273501 0.0000000 0.0000000 0.0027593 0.0000000 0.0018183 0.0254904 0.0216364
 89 R  89 0.0195951 0.1254917 0.0171136 0.0199191 0.0465408 0.0981148 0.1265092 0.0027125 0.1764176 0.0124181 0.0222414 0.0610703 0.0030154 0.0792892 0.0000000 0.0332330 0.0251235 0.0023557 0.0661459 0.0364586 0.0262346
 90 H  90 0.0235618 0.0099985 0.0145032 0.0720839 0.0228795 0.0176973 0.0109458 0.0052544 0.5310796 0.0000000 0.0019385 0.0098105 0.0028281 0.0000000 0.1850205 0.0402124 0.0081067 0.0000000 0.0021253 0.0052686 0.0366853
 91 T  91 0.1005691 0.0000000 0.0046375 0.0000000 0.0142865 0.0023427 0.0000000 0.0075873 0.0000000 0.1246940 0.0623963 0.0000000 0.0000000 0.0041228 0.0040219 0.0060043 0.0898269 0.0000000 0.0019136 0.5375681 0.0400290
 92 V  92 0.0161712 0.0487560 0.0494105 0.0615272 0.0331760 0.0507706 0.0613033 0.0375837 0.0212911 0.0105709 0.0607776 0.0406317 0.0021253 0.0227754 0.0020989 0.1536397 0.1222777 0.0053012 0.0080213 0.1145725 0.0772183
 93 N  93 0.0178231 0.0492981 0.1656872 0.2188023 0.0076960 0.0390750 0.0479513 0.1514462 0.0491177 0.0000000 0.0047759 0.0906268 0.0025514 0.0019558 0.0118129 0.0285961 0.0163825 0.0000000 0.0414591 0.0021550 0.0527876
 94 K  94 0.0225726 0.1089307 0.0071017 0.1658557 0.0056701 0.0184253 0.1899864 0.0134261 0.0338799 0.0015403 0.0141950 0.2011030 0.0000000 0.0030807 0.0429067 0.0579070 0.0168485 0.0000000 0.0036186 0.0165587 0.0763930
 95 I  95 0.0168168 0.0746951 0.0511013 0.0113589 0.0068912 0.0560187 0.0180065 0.0033174 0.3136771 0.0542927 0.0379202 0.0736172 0.0080261 0.0192418 0.0186889 0.0509861 0.0199960 0.0299774 0.0372847 0.0304996 0.0675863
 96 T  96 0.0342265 0.0552808 0.0587064 0.0535869 0.0190048 0.0712481 0.0555543 0.0697105 0.0572815 0.0149508 0.0229891 0.0391152 0.0054381 0.0000000 0.0909934 0.0606436 0.1542423 0.0011118 0.0073175 0.0589466 0.0696519
 97 F  97 0.0000000 0.0017532 0.0039820 0.0000000 0.0000000 0.0000000 0.0000000 0.0000000 0.0000000 0.0000000 0.1778565 0.0017815 0.0031477 0.7063781 0.0018034 0.0023772 0.0031257 0.0000000 0.0085187 0.0149120 0.0743638
 98 S  98 0.0175470 0.1294673 0.0051711 0.0151978 0.0033158 0.0544480 0.1104759 0.0022193 0.0145839 0.0506103 0.0919004 0.1242899 0.0130019 0.0058512 0.0032305 0.1213997 0.0925990 0.0000000 0.0109258 0.0589150 0.0748504
 99 E  99 0.0086614 0.0041005 0.0553595 0.6742627 0.0000000 0.0036436 0.1131146 0.0000000 0.0021267 0.0000000 0.0069707 0.0128432 0.0000000 0.0021402 0.0117939 0.0014734 0.0000000 0.0000000 0.0272326 0.0028555 0.0734216
100 Q 100 0.0160387 0.0374228 0.0594386 0.0526450 0.0000000 0.1144370 0.1069012 0.2819731 0.0083235 0.0000000 0.0000000 0.1051744 0.0000000 0.0014202 0.0000000 0.1132611 0.0113975 0.0000000 0.0041573 0.0029652 0.0844445
101 C 101 0.0315942 0.0173414 0.1061228 0.0043787 0.1248178 0.0516508 0.0265809 0.0035061 0.0661204 0.0119128 0.0777080 0.0013817 0.0080222 0.0467801 0.0019066 0.1137128 0.0914538 0.0000000 0.1049738 0.0180486 0.0919865
102 Y 102 0.0018447 0.0000000 0.0000000 0.0000000 0.0021473 0.0033743 0.0000000 0.0000000 0.0056999 0.0082523 0.2986658 0.0000000 0.0182392 0.2360597 0.0234044 0.0083033 0.0000000 0.0000000 0.2886449 0.0026779 0.1026864
103 Y 103 0.0000000 0.0000000 0.0051825 0.0000000 0.0000000 0.0000000 0.0000000 0.0000000 0.0022545 0.0000000 0.0023455 0.0000000 0.0030923 0.1280068 0.0000000 0.0022632 0.0000000 0.0000000 0.7280602 0.0000000 0.1287948
104 V 104 0.0088512 0.4655340 0.0059399 0.0000000 0.0071350 0.0972391 0.0106930 0.0027556 0.0020517 0.0344539 0.0033668 0.0095405 0.0048698 0.0000000 0.0000000 0.0045189 0.0314545 0.0016124 0.1006617 0.0697109 0.1396112
105 F 105 0.0046755 0.0000000 0.0000000 0.0000000 0.0017226 0.0025451 0.0000000 0.0000000 0.0015463 0.0061818 0.0323303 0.0000000 0.0068260 0.6727450 0.0000000 0.0000000 0.0000000 0.0035762 0.0061522 0.0108354 0.2508637
106 G 106 0.0410954 0.1115788 0.0252194 0.0029763 0.0162262 0.0096900 0.0127816 0.0936832 0.0103297 0.0017940 0.0544182 0.0226459 0.0036616 0.0052541 0.0106124 0.0265945 0.0142273 0.0000000 0.0027460 0.0101402 0.5243254
107 D 107 0.0036324 0.0000000 0.0258730 0.1933572 0.0000000 0.0030656 0.1265143 0.0000000 0.0000000 0.0000000 0.0000000 0.0116294 0.0000000 0.0000000 0.0000000 0.0000000 0.0106843 0.0000000 0.0000000 0.0000000 0.6252438
108 L 108 0.0000000 0.0036324 0.0000000 0.0197913 0.0000000 0.0000000 0.0581411 0.0000000 0.0000000 0.0155791 0.0493105 0.0113799 0.0071698 0.0136129 0.0092543 0.0016441 0.0163286 0.0000000 0.0082212 0.0047694 0.7811656
109 S 109 0.0167152 0.0000000 0.0029958 0.0295455 0.0704823 0.0000000 0.0065528 0.0000000 0.0000000 0.0000000 0.0110644 0.0030403 0.0070204 0.0000000 0.0013881 0.0079367 0.0166520 0.0000000 0.0000000 0.0000000 0.8266064
110 G 110 0.0000000 0.0000000 0.0094323 0.0000000 0.0000000 0.0000000 0.0000000 0.0899437 0.0000000 0.0000000 0.0000000 0.0000000 0.0000000 0.0000000 0.0000000 0.0000000 0.0000000 0.0000000 0.0000000 0.0000000 0.9006240
