   88         A         R         N         D         C         Q         E         G         H         I         L         K         M         F         P         S         T         W         Y         V    
  1 S   1 0.7014809 0.0000000 0.0000000 0.0000000 0.0000000 0.0000000 0.0000000 0.0000000 0.0000000 0.0000000 0.0000000 0.0000000 0.0000000 0.0000000 0.0000000 0.2985191 0.0000000 0.0000000 0.0000000 0.0000000
  2 P   2 0.0821258 0.0000000 0.0000000 0.0651167 0.0000000 0.0000000 0.0000000 0.0000000 0.0000000 0.0000000 0.0000000 0.0343077 0.0000000 0.0000000 0.7426994 0.0757504 0.0000000 0.0000000 0.0000000 0.0000000
  3 A   3 0.3300592 0.0000000 0.0291374 0.0000000 0.0000000 0.0000000 0.1704171 0.0000000 0.0000000 0.0000000 0.0247230 0.0000000 0.0000000 0.0000000 0.0000000 0.1408088 0.1944013 0.0000000 0.0000000 0.1104532
  4 A   4 0.1835907 0.0000000 0.0000000 0.0000000 0.0000000 0.0000000 0.0497023 0.0789576 0.0000000 0.0402226 0.1012919 0.0000000 0.0000000 0.0000000 0.0000000 0.1094610 0.2518823 0.0000000 0.0000000 0.1848916
  5 M   5 0.0000000 0.0000000 0.0900878 0.0199602 0.0000000 0.0154523 0.2178141 0.0000000 0.0587613 0.0465971 0.1657303 0.0235242 0.0730636 0.0000000 0.0000000 0.1523890 0.0000000 0.0000000 0.0000000 0.1366201
  6 E   6 0.1053521 0.1750773 0.0630768 0.0247270 0.0000000 0.0000000 0.3072064 0.0000000 0.0528073 0.0000000 0.0000000 0.0411562 0.0000000 0.0000000 0.0877272 0.0690741 0.0737955 0.0000000 0.0000000 0.0000000
  7 R   7 0.0278273 0.3931249 0.1410149 0.0310960 0.0000000 0.0184417 0.0419466 0.0345137 0.0340447 0.0208585 0.0559849 0.0585937 0.0000000 0.0000000 0.0251218 0.0602590 0.0571723 0.0000000 0.0000000 0.0000000
  8 Q   8 0.1028892 0.2793416 0.0000000 0.0573106 0.0000000 0.2056196 0.0000000 0.1905599 0.0000000 0.0000000 0.0000000 0.0000000 0.0000000 0.0000000 0.0372622 0.0606710 0.0663459 0.0000000 0.0000000 0.0000000
  9 V   9 0.1665508 0.0000000 0.0445592 0.1393331 0.0000000 0.1010177 0.0323059 0.0596020 0.0000000 0.0000000 0.0000000 0.0000000 0.0000000 0.0000000 0.0000000 0.1077243 0.0755521 0.0000000 0.1169776 0.1563771
 10 P  10 0.0998026 0.0314712 0.0219951 0.1118611 0.0000000 0.0000000 0.0310725 0.0423022 0.0000000 0.0385700 0.0315469 0.0000000 0.0000000 0.0331556 0.3425926 0.0832936 0.1036420 0.0000000 0.0000000 0.0286945
 11 Y  11 0.0757133 0.0277364 0.0565553 0.0276698 0.0000000 0.0000000 0.0000000 0.0000000 0.0270384 0.0579899 0.0955013 0.0000000 0.0000000 0.0981289 0.0192603 0.0183508 0.0000000 0.0138904 0.3378346 0.1443305
 12 T  12 0.0153694 0.0000000 0.0174664 0.0535526 0.3548399 0.0376412 0.0199217 0.0569286 0.0000000 0.1429487 0.0697493 0.0173524 0.0000000 0.0000000 0.0000000 0.0000000 0.1425941 0.0000000 0.0000000 0.0716357
 13 P  13 0.0814882 0.0000000 0.0000000 0.0000000 0.2641848 0.0000000 0.0000000 0.0000000 0.0000000 0.0000000 0.0327090 0.0000000 0.0000000 0.0000000 0.5909711 0.0000000 0.0000000 0.0000000 0.0000000 0.0306470
 14 C  14 0.0185624 0.0000000 0.0000000 0.0287304 0.5473832 0.0000000 0.0134450 0.0152977 0.0000000 0.0000000 0.0000000 0.0000000 0.0000000 0.0000000 0.2345946 0.1045039 0.0374829 0.0000000 0.0000000 0.0000000
 15 S  15 0.0860534 0.0000000 0.0681198 0.0254132 0.0000000 0.0206788 0.0000000 0.2190951 0.0000000 0.0000000 0.0000000 0.0000000 0.0000000 0.0000000 0.0548127 0.3621087 0.1637183 0.0000000 0.0000000 0.0000000
 16 G  16 0.0807144 0.0000000 0.0000000 0.0000000 0.0000000 0.0000000 0.0000000 0.7031461 0.0000000 0.0231707 0.0794671 0.0000000 0.0000000 0.0000000 0.0209202 0.0717636 0.0208178 0.0000000 0.0000000 0.0000000
 17 L  17 0.0604699 0.0000000 0.0114987 0.0000000 0.0000000 0.0000000 0.0000000 0.0577034 0.0000000 0.0254361 0.8174756 0.0000000 0.0000000 0.0000000 0.0274163 0.0000000 0.0000000 0.0000000 0.0000000 0.0000000
 18 Y  18 0.0072107 0.0000000 0.0064901 0.0000000 0.0000000 0.0570497 0.0227230 0.0000000 0.0354013 0.0605914 0.0000000 0.0000000 0.0000000 0.0798217 0.0000000 0.0356162 0.0352175 0.0000000 0.5996729 0.0602056
 19 G  19 0.0969595 0.0000000 0.0298932 0.0585067 0.0000000 0.0000000 0.0000000 0.2741656 0.0000000 0.0000000 0.0000000 0.0137446 0.0118972 0.0000000 0.0000000 0.4111305 0.0773935 0.0000000 0.0263092 0.0000000
 20 T  20 0.0000000 0.0000000 0.4294876 0.0000000 0.0000000 0.0150371 0.0087272 0.0000000 0.0000000 0.0000000 0.0000000 0.0173199 0.0000000 0.0000000 0.0000000 0.2043389 0.2843876 0.0000000 0.0000000 0.0407018
 21 A  21 0.2037521 0.0000000 0.0000000 0.0000000 0.0000000 0.0000000 0.0000000 0.0000000 0.0000000 0.0000000 0.0075989 0.0000000 0.0193889 0.0000000 0.7169517 0.0415092 0.0000000 0.0000000 0.0000000 0.0107991
 22 Q  22 0.0000000 0.0208251 0.0254717 0.0000000 0.0000000 0.6404342 0.0332863 0.0000000 0.0000000 0.0151049 0.1404038 0.0191702 0.0271487 0.0000000 0.0000000 0.0000000 0.0000000 0.0000000 0.0000000 0.0781550
 23 C  23 0.0000000 0.0000000 0.0000000 0.0000000 0.9892748 0.0000000 0.0000000 0.0000000 0.0000000 0.0000000 0.0000000 0.0000000 0.0000000 0.0000000 0.0000000 0.0107252 0.0000000 0.0000000 0.0000000 0.0000000
 24 C  24 0.0000000 0.0000000 0.0000000 0.0000000 0.9724600 0.0000000 0.0000000 0.0000000 0.0000000 0.0000000 0.0000000 0.0000000 0.0000000 0.0000000 0.0000000 0.0275400 0.0000000 0.0000000 0.0000000 0.0000000
 25 A  25 0.4429758 0.0000000 0.0133071 0.1245547 0.0000000 0.0873968 0.0000000 0.0931325 0.0000000 0.0000000 0.0000000 0.0000000 0.0000000 0.0000000 0.0171968 0.2084451 0.0000000 0.0000000 0.0000000 0.0129912
 26 T  26 0.1108061 0.0000000 0.0000000 0.0000000 0.0000000 0.0000000 0.0000000 0.0000000 0.0000000 0.0143072 0.0599675 0.0000000 0.0000000 0.0000000 0.0000000 0.0296427 0.5696579 0.0000000 0.0000000 0.2156187
 27 D  27 0.0133980 0.0000000 0.1693447 0.5613573 0.0000000 0.0156883 0.0000000 0.0843621 0.0000000 0.0000000 0.0210417 0.0000000 0.0000000 0.0187328 0.0000000 0.0879140 0.0162027 0.0000000 0.0000000 0.0119583
 28 V  28 0.0194843 0.0000000 0.0000000 0.0000000 0.0000000 0.0000000 0.0000000 0.0000000 0.0000000 0.1865768 0.1047174 0.0000000 0.0000000 0.0000000 0.0000000 0.0000000 0.0000000 0.0000000 0.0000000 0.6892215
 29 L  29 0.0527884 0.0000000 0.0000000 0.0332863 0.0000000 0.0000000 0.0000000 0.0000000 0.0000000 0.0119583 0.8469346 0.0000000 0.0000000 0.0129912 0.0000000 0.0000000 0.0000000 0.0000000 0.0000000 0.0420411
 30 G  30 0.0000000 0.0000000 0.0259798 0.1005709 0.0000000 0.0069498 0.0149302 0.8515694 0.0000000 0.0000000 0.0000000 0.0000000 0.0000000 0.0000000 0.0000000 0.0000000 0.0000000 0.0000000 0.0000000 0.0000000
 31 V  31 0.0184684 0.0000000 0.0000000 0.0000000 0.0000000 0.0000000 0.0000000 0.0000000 0.0000000 0.1173113 0.2788346 0.0000000 0.0000000 0.0000000 0.0000000 0.0000000 0.0000000 0.0000000 0.0000000 0.5853856
 32 A  32 0.5946471 0.0000000 0.0000000 0.0000000 0.0000000 0.0000000 0.0171968 0.0000000 0.0000000 0.1059281 0.1975282 0.0000000 0.0000000 0.0000000 0.0000000 0.0000000 0.0000000 0.0000000 0.0000000 0.0846998
 33 D  33 0.0753073 0.0000000 0.1521352 0.3331872 0.0426449 0.0000000 0.0201963 0.1286707 0.0000000 0.0000000 0.0000000 0.0000000 0.0000000 0.0186967 0.0000000 0.1440277 0.0123071 0.0000000 0.0536106 0.0192163
 34 L  34 0.0000000 0.0000000 0.0000000 0.0000000 0.0000000 0.0291939 0.0000000 0.0420411 0.0000000 0.0094566 0.8764477 0.0000000 0.0000000 0.0000000 0.0000000 0.0000000 0.0000000 0.0000000 0.0000000 0.0428607
 35 D  35 0.0000000 0.0000000 0.1821695 0.6600148 0.0000000 0.0000000 0.0312759 0.0133440 0.0000000 0.0000000 0.0000000 0.0000000 0.0000000 0.0000000 0.0440071 0.0092733 0.0599154 0.0000000 0.0000000 0.0000000
 36 C  36 0.0275400 0.0000000 0.0000000 0.0000000 0.9573551 0.0000000 0.0000000 0.0151049 0.0000000 0.0000000 0.0000000 0.0000000 0.0000000 0.0000000 0.0000000 0.0000000 0.0000000 0.0000000 0.0000000 0.0000000
 37 A  37 0.2023964 0.0648218 0.0194843 0.0497157 0.0000000 0.0622422 0.1458761 0.0880737 0.0341322 0.0062920 0.0000000 0.1116735 0.0000000 0.0000000 0.0000000 0.0874706 0.0235287 0.0000000 0.0000000 0.1042927
 38 N  38 0.1637728 0.0000000 0.1440956 0.0000000 0.0000000 0.0184437 0.0111009 0.0521409 0.0000000 0.0254717 0.0000000 0.0000000 0.0000000 0.0000000 0.1097144 0.1474627 0.2280387 0.0000000 0.0000000 0.0997585
 39 P  39 0.0000000 0.0000000 0.0000000 0.0000000 0.0000000 0.0000000 0.0000000 0.0000000 0.0000000 0.0000000 0.0149790 0.0000000 0.0000000 0.0000000 0.9148590 0.0000000 0.0000000 0.0000000 0.0000000 0.0701620
 40 P  40 0.0481571 0.0669379 0.0000000 0.0000000 0.0000000 0.0000000 0.0000000 0.0355486 0.0151622 0.0000000 0.0000000 0.0582590 0.0000000 0.0000000 0.2905914 0.3051931 0.1559008 0.0000000 0.0089329 0.0153169
 41 A  41 0.1348367 0.0619868 0.0000000 0.0207056 0.0000000 0.0596927 0.1232805 0.0964528 0.0000000 0.0309756 0.0000000 0.1146523 0.0000000 0.0083681 0.0195673 0.1851281 0.0790386 0.0000000 0.0000000 0.0653149
 42 T  42 0.1972319 0.0261988 0.0158327 0.0866106 0.0000000 0.0236249 0.0132105 0.0177746 0.0000000 0.0000000 0.0442446 0.0467643 0.0000000 0.0000000 0.0559047 0.0423125 0.3214441 0.0000000 0.0000000 0.1088458
 43 L  43 0.0000000 0.0000000 0.0000000 0.0000000 0.0000000 0.0000000 0.0000000 0.0000000 0.0000000 0.0497117 0.0763965 0.0000000 0.0000000 0.0150031 0.5625445 0.0325488 0.0315812 0.0000000 0.0249709 0.2072434
 44 A  44 0.0832359 0.1144521 0.0663666 0.0361989 0.0000000 0.0063499 0.0325901 0.0000000 0.0252626 0.0163518 0.0334370 0.0105192 0.0088058 0.0207247 0.0152585 0.1715757 0.2706307 0.0000000 0.0553416 0.0328987
 45 N  45 0.0307243 0.0111313 0.1431920 0.3304110 0.0000000 0.0000000 0.0000000 0.0000000 0.0000000 0.0000000 0.0000000 0.0097121 0.0000000 0.0000000 0.0000000 0.3105642 0.1338718 0.0000000 0.0000000 0.0303933
 46 A  46 0.3779687 0.0270569 0.0000000 0.0000000 0.0312276 0.0000000 0.0000000 0.2350401 0.0000000 0.0397945 0.0798099 0.0274831 0.0000000 0.0083681 0.0258498 0.0480265 0.0129265 0.0000000 0.0000000 0.0864482
 47 T  47 0.1646166 0.0077685 0.1282924 0.1058865 0.0000000 0.0577180 0.1229084 0.0000000 0.0111313 0.0000000 0.0131108 0.1110342 0.0188687 0.0000000 0.0318406 0.0950976 0.1021351 0.0000000 0.0000000 0.0295914
 48 H  48 0.0435127 0.0000000 0.1245449 0.2198468 0.0000000 0.0475695 0.1555032 0.0357153 0.1100213 0.0286269 0.0000000 0.0000000 0.0000000 0.0093164 0.0541039 0.1337869 0.0374523 0.0000000 0.0000000 0.0000000
 49 F  49 0.0000000 0.0000000 0.0000000 0.0000000 0.0000000 0.0000000 0.0000000 0.0000000 0.0000000 0.0000000 0.1472399 0.0000000 0.0193931 0.8333670 0.0000000 0.0000000 0.0000000 0.0000000 0.0000000 0.0000000
 50 E  50 0.0121495 0.1685844 0.0237974 0.0000000 0.0000000 0.2886084 0.0851382 0.0410702 0.0000000 0.0278130 0.0000000 0.1509472 0.0000000 0.0000000 0.0000000 0.1207110 0.0260675 0.0000000 0.0000000 0.0551132
 51 S  51 0.3054534 0.0427803 0.1121253 0.0911138 0.0000000 0.0368450 0.1230170 0.0105994 0.0000000 0.0000000 0.0000000 0.0788538 0.0000000 0.0000000 0.0000000 0.1856907 0.0135213 0.0000000 0.0000000 0.0000000
 52 T  52 0.0526936 0.0254717 0.0431200 0.0201998 0.0000000 0.0106831 0.0187328 0.0105303 0.0364052 0.3637183 0.0149302 0.0000000 0.0000000 0.0000000 0.0000000 0.0620502 0.1070929 0.0000000 0.0356870 0.1986849
 53 C  53 0.0000000 0.0000000 0.0000000 0.0000000 1.0000000 0.0000000 0.0000000 0.0000000 0.0000000 0.0000000 0.0000000 0.0000000 0.0000000 0.0000000 0.0000000 0.0000000 0.0000000 0.0000000 0.0000000 0.0000000
 54 A  54 0.7955830 0.0187433 0.0089724 0.0107181 0.0000000 0.0173494 0.0261922 0.0633434 0.0000000 0.0000000 0.0000000 0.0176832 0.0000000 0.0000000 0.0000000 0.0414149 0.0000000 0.0000000 0.0000000 0.0000000
 55 A  55 0.3706730 0.0309681 0.0229772 0.0740182 0.0000000 0.0275686 0.1084376 0.0126552 0.0000000 0.0000000 0.0000000 0.1566177 0.0261922 0.0000000 0.0000000 0.0781148 0.0740940 0.0000000 0.0000000 0.0176832
 56 I  56 0.0400121 0.0000000 0.0517468 0.0455918 0.0000000 0.0476394 0.0122733 0.1042710 0.0147028 0.2325006 0.0185830 0.0549165 0.0000000 0.0000000 0.0000000 0.1451388 0.0876208 0.0000000 0.0000000 0.1450031
 57 G  57 0.0000000 0.0000000 0.0255848 0.0000000 0.0000000 0.0000000 0.0079613 0.9664538 0.0000000 0.0000000 0.0000000 0.0000000 0.0000000 0.0000000 0.0000000 0.0000000 0.0000000 0.0000000 0.0000000 0.0000000
 58 Q  58 0.0755528 0.0616735 0.0000000 0.0611928 0.0000000 0.3805439 0.0000000 0.0083286 0.0307307 0.0000000 0.1319927 0.1741706 0.0000000 0.0000000 0.0000000 0.0442379 0.0315765 0.0000000 0.0000000 0.0000000
 59 R  59 0.0409455 0.2363583 0.0000000 0.0491060 0.0000000 0.2896501 0.0655757 0.0000000 0.0168632 0.0248316 0.0000000 0.1536957 0.0000000 0.0000000 0.0000000 0.0376825 0.0852914 0.0000000 0.0000000 0.0000000
 60 A  60 0.6767314 0.0000000 0.0248316 0.0000000 0.0000000 0.0000000 0.0000000 0.0000000 0.0000000 0.0000000 0.0000000 0.0000000 0.0000000 0.0000000 0.2714318 0.0270052 0.0000000 0.0000000 0.0000000 0.0000000
 61 R  61 0.0197433 0.4102953 0.0000000 0.0000000 0.0000000 0.1183558 0.0255848 0.0000000 0.0000000 0.0000000 0.1194704 0.1602259 0.0407500 0.0319690 0.0000000 0.0478406 0.0000000 0.0000000 0.0000000 0.0257650
 62 C  62 0.0000000 0.0000000 0.0000000 0.0000000 1.0000000 0.0000000 0.0000000 0.0000000 0.0000000 0.0000000 0.0000000 0.0000000 0.0000000 0.0000000 0.0000000 0.0000000 0.0000000 0.0000000 0.0000000 0.0000000
 63 C  63 0.0276623 0.0000000 0.0000000 0.0000000 0.9723377 0.0000000 0.0000000 0.0000000 0.0000000 0.0000000 0.0000000 0.0000000 0.0000000 0.0000000 0.0000000 0.0000000 0.0000000 0.0000000 0.0000000 0.0000000
 64 K  64 0.1528123 0.0000000 0.0000000 0.0106636 0.0000000 0.0000000 0.0000000 0.0000000 0.0000000 0.0365943 0.0633833 0.0468920 0.0000000 0.0236663 0.0000000 0.0393636 0.1691543 0.0000000 0.0000000 0.4574702
 65 D  65 0.1278922 0.0000000 0.0000000 0.0303020 0.0000000 0.0000000 0.0000000 0.0000000 0.0000000 0.1618235 0.5327158 0.0000000 0.0000000 0.0000000 0.0000000 0.0000000 0.0372692 0.0000000 0.0000000 0.1099974
 66 D  66 0.0203337 0.0000000 0.0120797 0.0490712 0.0000000 0.0000000 0.0000000 0.0763756 0.0000000 0.0000000 0.0000000 0.0000000 0.0000000 0.0000000 0.7958003 0.0251591 0.0000000 0.0000000 0.0000000 0.0211804
 67 V  67 0.0765400 0.0000000 0.0000000 0.0000000 0.0000000 0.0000000 0.0000000 0.0000000 0.0000000 0.2430284 0.1711634 0.0000000 0.0000000 0.0000000 0.0000000 0.0000000 0.0196077 0.0000000 0.0000000 0.4896605
 68 T  68 0.4852373 0.0000000 0.0000000 0.0000000 0.0000000 0.0000000 0.0000000 0.0139963 0.0000000 0.0165053 0.3990338 0.0000000 0.0000000 0.0000000 0.0000000 0.0000000 0.0323383 0.0000000 0.0000000 0.0528889
 69 N  69 0.0147494 0.0000000 0.0944830 0.1740429 0.0000000 0.0000000 0.0000000 0.6952052 0.0000000 0.0000000 0.0000000 0.0106302 0.0000000 0.0000000 0.0000000 0.0108894 0.0000000 0.0000000 0.0000000 0.0000000
 70 T  70 0.0234529 0.0000000 0.0000000 0.0506768 0.0000000 0.7181739 0.0153034 0.0000000 0.0000000 0.0000000 0.1567706 0.0000000 0.0000000 0.0000000 0.0000000 0.0000000 0.0356224 0.0000000 0.0000000 0.0000000
 71 G  71 0.0744721 0.0000000 0.0000000 0.0464749 0.0000000 0.0000000 0.0000000 0.8790531 0.0000000 0.0000000 0.0000000 0.0000000 0.0000000 0.0000000 0.0000000 0.0000000 0.0000000 0.0000000 0.0000000 0.0000000
 72 N  72 0.0000000 0.0000000 0.1298638 0.0000000 0.0000000 0.0000000 0.0000000 0.0000000 0.0000000 0.0822015 0.3075435 0.0000000 0.0000000 0.0000000 0.0000000 0.0000000 0.0000000 0.0000000 0.0000000 0.4803912
 73 S  73 0.0977278 0.0000000 0.0000000 0.0000000 0.0000000 0.0000000 0.0000000 0.0000000 0.0000000 0.0000000 0.4691604 0.0000000 0.0000000 0.0000000 0.0000000 0.4331118 0.0000000 0.0000000 0.0000000 0.0000000
 74 F  74 0.0000000 0.0000000 0.0000000 0.0000000 0.5199766 0.0000000 0.2337060 0.0000000 0.0000000 0.0000000 0.0000000 0.0000000 0.0000000 0.1645152 0.0000000 0.0000000 0.0818022 0.0000000 0.0000000 0.0000000
 75 L  75 0.0000000 0.0000000 0.0000000 0.0000000 0.0000000 0.2347402 0.1157666 0.0000000 0.0000000 0.1052171 0.2463175 0.0000000 0.0000000 0.0000000 0.0000000 0.0000000 0.1694697 0.0000000 0.0000000 0.1284889
 76 I  76 0.0670609 0.0000000 0.0000000 0.1076364 0.0000000 0.0000000 0.0954076 0.0878259 0.0000000 0.1355831 0.1541295 0.0000000 0.0000000 0.1058925 0.1584271 0.0880371 0.0000000 0.0000000 0.0000000 0.0000000
 77 I  77 0.3559265 0.0000000 0.0000000 0.0674162 0.0000000 0.0000000 0.1747504 0.0000000 0.0000000 0.1355831 0.0000000 0.0000000 0.0000000 0.0000000 0.0000000 0.0878259 0.1058925 0.0000000 0.0000000 0.0726054
 78 N  78 0.0000000 0.0000000 0.1156429 0.0000000 0.0000000 0.1388774 0.0000000 0.0000000 0.0000000 0.1370169 0.3292856 0.0000000 0.0000000 0.0000000 0.0000000 0.1243962 0.0000000 0.0000000 0.0000000 0.1547810
 79 A  79 0.6341854 0.0000000 0.0000000 0.1318701 0.0000000 0.0000000 0.0000000 0.1935578 0.0000000 0.0000000 0.0000000 0.0000000 0.0000000 0.0000000 0.0403866 0.0000000 0.0000000 0.0000000 0.0000000 0.0000000
 80 A  80 0.0942043 0.0000000 0.0000000 0.0000000 0.0000000 0.0000000 0.0000000 0.0000000 0.0000000 0.1410760 0.3619870 0.0000000 0.0000000 0.0000000 0.0000000 0.0000000 0.0273861 0.0000000 0.0000000 0.3753465
 81 N  81 0.0269965 0.0000000 0.0412064 0.0000000 0.0000000 0.0000000 0.0000000 0.0000000 0.0000000 0.0152858 0.7170541 0.0281207 0.0000000 0.0875330 0.0000000 0.0239443 0.0000000 0.0000000 0.0000000 0.0598592
 82 C  82 0.0000000 0.0000000 0.0000000 0.0000000 1.0000000 0.0000000 0.0000000 0.0000000 0.0000000 0.0000000 0.0000000 0.0000000 0.0000000 0.0000000 0.0000000 0.0000000 0.0000000 0.0000000 0.0000000 0.0000000
 83 Q  83 0.0000000 0.0000000 0.2121026 0.0000000 0.0000000 0.5594228 0.0816066 0.0000000 0.0000000 0.0216596 0.0117041 0.0000000 0.0000000 0.0000000 0.0000000 0.0119802 0.1015240 0.0000000 0.0000000 0.0000000
 84 T  84 0.0280602 0.0497806 0.0643098 0.1554687 0.0000000 0.0000000 0.0465980 0.0000000 0.0000000 0.0188429 0.0000000 0.1702780 0.0159233 0.0000000 0.0000000 0.0840527 0.3499790 0.0000000 0.0000000 0.0167068
 85 P  85 0.1092184 0.0000000 0.0000000 0.0000000 0.0000000 0.0000000 0.0000000 0.0000000 0.0000000 0.0000000 0.0000000 0.0000000 0.0000000 0.0000000 0.8630074 0.0126558 0.0000000 0.0000000 0.0000000 0.0151183
 86 A  86 0.1987625 0.0000000 0.0000000 0.0000000 0.0000000 0.0000000 0.0238467 0.0000000 0.0000000 0.1402294 0.0241257 0.0000000 0.0000000 0.0000000 0.0895370 0.0365038 0.0297953 0.0000000 0.0000000 0.4571997
 87 G  87 0.0000000 0.0000000 0.0000000 0.0000000 0.0000000 0.0000000 0.0000000 1.0000000 0.0000000 0.0000000 0.0000000 0.0000000 0.0000000 0.0000000 0.0000000 0.0000000 0.0000000 0.0000000 0.0000000 0.0000000
 88 L  88 0.0000000 0.0000000 0.0000000 0.0000000 0.0000000 0.0000000 0.0000000 0.0000000 0.0000000 0.2052694 0.2173989 0.0000000 0.0553092 0.0000000 0.0000000 0.0000000 0.0000000 0.0000000 0.0000000 0.5220225
