   88         A         R         N         D         C         Q         E         G         H         I         L         K         M         F         P         S         T         W         Y         V         X    
  1 S   1 0.1395558 0.0000000 0.0000000 0.0000000 0.0000000 0.0000000 0.0000000 0.0000000 0.0000000 0.0000000 0.0000000 0.0000000 0.0000000 0.0000000 0.0000000 0.0673644 0.0000000 0.0000000 0.0000000 0.0000000 0.7930798
  2 P   2 0.0234227 0.0000000 0.0000000 0.0181277 0.0000000 0.0000000 0.0000000 0.0000000 0.0000000 0.0000000 0.0000000 0.0093408 0.0000000 0.0000000 0.2492636 0.0209698 0.0000000 0.0000000 0.0000000 0.0000000 0.6788754
  3 A   3 0.1250896 0.0000000 0.0104424 0.0000000 0.0000000 0.0000000 0.0619466 0.0000000 0.0000000 0.0000000 0.0108351 0.0000000 0.0000000 0.0000000 0.0000000 0.0624506 0.0775861 0.0000000 0.0000000 0.0635721 0.5880773
  4 A   4 0.0758708 0.0000000 0.0000000 0.0000000 0.0000000 0.0000000 0.0231249 0.0443229 0.0000000 0.0175296 0.0425685 0.0000000 0.0000000 0.0000000 0.0000000 0.0508832 0.1150961 0.0000000 0.0000000 0.1015240 0.5290799
  5 M   5 0.0000000 0.0000000 0.0434359 0.0108351 0.0000000 0.0071952 0.1246511 0.0000000 0.0279908 0.0226247 0.0903259 0.0104424 0.0312230 0.0000000 0.0000000 0.0730731 0.0000000 0.0000000 0.0000000 0.0628777 0.4953251
  6 E   6 0.0546751 0.0905633 0.0432858 0.0367547 0.0000000 0.0000000 0.1540888 0.0000000 0.0269443 0.0000000 0.0000000 0.0231429 0.0000000 0.0000000 0.0455904 0.0356566 0.0403346 0.0000000 0.0000000 0.0000000 0.4489636
  7 R   7 0.0144094 0.2255673 0.0789691 0.0173992 0.0000000 0.0096696 0.0230630 0.0196451 0.0176114 0.0104424 0.0306289 0.0301773 0.0000000 0.0000000 0.0140749 0.0429111 0.0312202 0.0000000 0.0000000 0.0000000 0.4342111
  8 Q   8 0.0567821 0.1626513 0.0000000 0.0303150 0.0000000 0.1298319 0.0000000 0.1062583 0.0000000 0.0000000 0.0000000 0.0000000 0.0000000 0.0000000 0.0208733 0.0324598 0.0343013 0.0000000 0.0000000 0.0000000 0.4265271
  9 V   9 0.0932060 0.0000000 0.0250694 0.0858734 0.0000000 0.0565470 0.0189304 0.0322038 0.0000000 0.0000000 0.0000000 0.0000000 0.0000000 0.0000000 0.0000000 0.0624687 0.0418272 0.0000000 0.0664004 0.1078066 0.4096672
 10 P  10 0.0568274 0.0183212 0.0125349 0.0682915 0.0000000 0.0000000 0.0197919 0.0255876 0.0000000 0.0209698 0.0189304 0.0000000 0.0000000 0.0181277 0.1911521 0.0468975 0.0672782 0.0000000 0.0000000 0.0160559 0.4192337
 11 Y  11 0.0527886 0.0189304 0.0357223 0.0183212 0.0000000 0.0000000 0.0000000 0.0000000 0.0171720 0.0392251 0.0745795 0.0000000 0.0000000 0.0656512 0.0122898 0.0123077 0.0000000 0.0093452 0.2352697 0.0924352 0.3159621
 12 T  12 0.0107030 0.0000000 0.0132026 0.0379865 0.2662286 0.0265609 0.0139693 0.0392910 0.0000000 0.1252741 0.0475895 0.0145277 0.0000000 0.0000000 0.0000000 0.0000000 0.0957926 0.0000000 0.0000000 0.0488947 0.2599796
 13 P  13 0.0758508 0.0000000 0.0000000 0.0000000 0.2175918 0.0000000 0.0000000 0.0000000 0.0000000 0.0000000 0.0244408 0.0000000 0.0000000 0.0000000 0.4900087 0.0000000 0.0000000 0.0000000 0.0000000 0.0255103 0.1665976
 14 C  14 0.0148136 0.0000000 0.0000000 0.0221677 0.4362951 0.0000000 0.0103169 0.0115272 0.0000000 0.0000000 0.0000000 0.0000000 0.0000000 0.0000000 0.1839635 0.0838549 0.0284844 0.0000000 0.0000000 0.0000000 0.2085767
 15 S  15 0.0857284 0.0000000 0.0554603 0.0218801 0.0000000 0.0171720 0.0000000 0.1938211 0.0000000 0.0000000 0.0000000 0.0000000 0.0000000 0.0000000 0.0479898 0.3330654 0.1435254 0.0000000 0.0000000 0.0000000 0.1013576
 16 G  16 0.0715945 0.0000000 0.0000000 0.0000000 0.0000000 0.0000000 0.0000000 0.6570864 0.0000000 0.0215434 0.0719996 0.0000000 0.0000000 0.0000000 0.0183940 0.0638357 0.0176114 0.0000000 0.0000000 0.0000000 0.0779349
 17 L  17 0.0533090 0.0000000 0.0106903 0.0000000 0.0000000 0.0000000 0.0000000 0.0504362 0.0000000 0.0218792 0.7612184 0.0000000 0.0000000 0.0000000 0.0234227 0.0000000 0.0000000 0.0000000 0.0000000 0.0000000 0.0790443
 18 Y  18 0.0062269 0.0000000 0.0063934 0.0000000 0.0000000 0.0501812 0.0181264 0.0000000 0.0304576 0.0521543 0.0000000 0.0000000 0.0000000 0.0692531 0.0000000 0.0288307 0.0291364 0.0000000 0.5385005 0.0504362 0.1203034
 19 G  19 0.0910180 0.0000000 0.0279284 0.0554969 0.0000000 0.0000000 0.0000000 0.2774112 0.0000000 0.0000000 0.0000000 0.0122408 0.0107030 0.0000000 0.0000000 0.3960441 0.0704228 0.0000000 0.0234227 0.0000000 0.0353121
 20 T  20 0.0000000 0.0000000 0.4148199 0.0000000 0.0000000 0.0139693 0.0078009 0.0000000 0.0000000 0.0000000 0.0000000 0.0175349 0.0000000 0.0000000 0.0000000 0.2185315 0.2780279 0.0000000 0.0000000 0.0389074 0.0104082
 21 A  21 0.2084151 0.0000000 0.0000000 0.0000000 0.0000000 0.0000000 0.0000000 0.0000000 0.0000000 0.0000000 0.0075918 0.0000000 0.0176114 0.0000000 0.7191312 0.0373900 0.0000000 0.0000000 0.0000000 0.0098605 0.0000000
 22 Q  22 0.0000000 0.0187297 0.0234227 0.0000000 0.0000000 0.6474447 0.0313303 0.0000000 0.0000000 0.0149386 0.1395934 0.0183212 0.0273435 0.0000000 0.0000000 0.0000000 0.0000000 0.0000000 0.0000000 0.0788760 0.0000000
 23 C  23 0.0000000 0.0000000 0.0000000 0.0000000 0.9893893 0.0000000 0.0000000 0.0000000 0.0000000 0.0000000 0.0000000 0.0000000 0.0000000 0.0000000 0.0000000 0.0106107 0.0000000 0.0000000 0.0000000 0.0000000 0.0000000
 24 C  24 0.0000000 0.0000000 0.0000000 0.0000000 0.9755592 0.0000000 0.0000000 0.0000000 0.0000000 0.0000000 0.0000000 0.0000000 0.0000000 0.0000000 0.0000000 0.0244408 0.0000000 0.0000000 0.0000000 0.0000000 0.0000000
 25 A  25 0.4558782 0.0000000 0.0122408 0.1181545 0.0000000 0.0912883 0.0000000 0.0881172 0.0000000 0.0000000 0.0000000 0.0000000 0.0000000 0.0000000 0.0175349 0.2042477 0.0000000 0.0000000 0.0000000 0.0125384 0.0000000
 26 T  26 0.1044554 0.0000000 0.0000000 0.0000000 0.0000000 0.0000000 0.0000000 0.0000000 0.0000000 0.0140749 0.0626847 0.0000000 0.0000000 0.0000000 0.0000000 0.0300965 0.5734465 0.0000000 0.0000000 0.2152419 0.0000000
 27 D  27 0.0125349 0.0000000 0.1629223 0.5736746 0.0000000 0.0147525 0.0000000 0.0821940 0.0000000 0.0000000 0.0207008 0.0000000 0.0000000 0.0171720 0.0000000 0.0886167 0.0161982 0.0000000 0.0000000 0.0112340 0.0000000
 28 V  28 0.0183940 0.0000000 0.0000000 0.0000000 0.0000000 0.0000000 0.0000000 0.0000000 0.0000000 0.1769421 0.1009596 0.0000000 0.0000000 0.0000000 0.0000000 0.0000000 0.0000000 0.0000000 0.0000000 0.7037043 0.0000000
 29 L  29 0.0513446 0.0000000 0.0000000 0.0313303 0.0000000 0.0000000 0.0000000 0.0000000 0.0000000 0.0112340 0.8515931 0.0000000 0.0000000 0.0125384 0.0000000 0.0000000 0.0000000 0.0000000 0.0000000 0.0419596 0.0000000
 30 G  30 0.0000000 0.0000000 0.0287295 0.0939554 0.0000000 0.0086714 0.0139693 0.8546744 0.0000000 0.0000000 0.0000000 0.0000000 0.0000000 0.0000000 0.0000000 0.0000000 0.0000000 0.0000000 0.0000000 0.0000000 0.0000000
 31 V  31 0.0223094 0.0000000 0.0000000 0.0000000 0.0000000 0.0000000 0.0000000 0.0000000 0.0000000 0.1075239 0.2685010 0.0000000 0.0000000 0.0000000 0.0000000 0.0000000 0.0000000 0.0000000 0.0000000 0.6016657 0.0000000
 32 A  32 0.6102127 0.0000000 0.0000000 0.0000000 0.0000000 0.0000000 0.0175349 0.0000000 0.0000000 0.1040551 0.1886958 0.0000000 0.0000000 0.0000000 0.0000000 0.0000000 0.0000000 0.0000000 0.0000000 0.0795014 0.0000000
 33 D  33 0.0722735 0.0000000 0.1730252 0.3284749 0.0393794 0.0000000 0.0181277 0.1241900 0.0000000 0.0000000 0.0000000 0.0000000 0.0000000 0.0189513 0.0000000 0.1446841 0.0115272 0.0000000 0.0504362 0.0189304 0.0000000
 34 L  34 0.0000000 0.0000000 0.0000000 0.0000000 0.0000000 0.0287367 0.0000000 0.0419596 0.0000000 0.0099142 0.8748901 0.0000000 0.0000000 0.0000000 0.0000000 0.0000000 0.0000000 0.0000000 0.0000000 0.0444994 0.0000000
 35 D  35 0.0000000 0.0000000 0.1836556 0.6573817 0.0000000 0.0000000 0.0298947 0.0122898 0.0000000 0.0000000 0.0000000 0.0000000 0.0000000 0.0000000 0.0447850 0.0100162 0.0619771 0.0000000 0.0000000 0.0000000 0.0000000
 36 C  36 0.0244408 0.0000000 0.0000000 0.0000000 0.9606206 0.0000000 0.0000000 0.0149386 0.0000000 0.0000000 0.0000000 0.0000000 0.0000000 0.0000000 0.0000000 0.0000000 0.0000000 0.0000000 0.0000000 0.0000000 0.0000000
 37 A  37 0.2121141 0.0624203 0.0183940 0.0473379 0.0000000 0.0596667 0.1421270 0.1038559 0.0309705 0.0061265 0.0000000 0.1087901 0.0000000 0.0000000 0.0000000 0.0846127 0.0250543 0.0000000 0.0000000 0.0985300 0.0000000
 38 N  38 0.1621091 0.0000000 0.1378289 0.0000000 0.0000000 0.0165360 0.0329340 0.0582922 0.0000000 0.0234227 0.0000000 0.0000000 0.0000000 0.0000000 0.1120846 0.1438643 0.2166059 0.0000000 0.0000000 0.0963222 0.0000000
 39 P  39 0.0000000 0.0000000 0.0000000 0.0000000 0.0000000 0.0000000 0.0000000 0.0000000 0.0000000 0.0000000 0.0124804 0.0000000 0.0000000 0.0000000 0.9084501 0.0000000 0.0000000 0.0000000 0.0000000 0.0633206 0.0157489
 40 P  40 0.0538696 0.0609194 0.0000000 0.0000000 0.0000000 0.0000000 0.0000000 0.0315807 0.0137884 0.0000000 0.0000000 0.0560345 0.0000000 0.0000000 0.2823341 0.2888346 0.1494724 0.0000000 0.0076616 0.0124804 0.0430244
 41 A  41 0.1471099 0.0599627 0.0000000 0.0195030 0.0000000 0.0565087 0.1155439 0.0927168 0.0000000 0.0321437 0.0000000 0.1089556 0.0000000 0.0090590 0.0176114 0.1797090 0.0793282 0.0000000 0.0000000 0.0622465 0.0196017
 42 T  42 0.1936887 0.0251730 0.0147525 0.0817102 0.0000000 0.0244200 0.0132026 0.0200778 0.0000000 0.0000000 0.0410501 0.0451191 0.0000000 0.0000000 0.0521619 0.0379071 0.3047609 0.0000000 0.0000000 0.1263745 0.0196017
 43 L  43 0.0000000 0.0000000 0.0000000 0.0000000 0.0000000 0.0000000 0.0000000 0.0000000 0.0000000 0.0449017 0.0706003 0.0000000 0.0000000 0.0140749 0.5437858 0.0284718 0.0294664 0.0000000 0.0233639 0.1888809 0.0564541
 44 A  44 0.0772997 0.1093780 0.0666752 0.0337783 0.0000000 0.0061265 0.0341429 0.0000000 0.0246856 0.0161982 0.0302569 0.0095092 0.0081668 0.0200405 0.0144869 0.1613231 0.2820254 0.0000000 0.0539831 0.0323220 0.0196017
 45 N  45 0.0296412 0.0112037 0.1319139 0.3380058 0.0000000 0.0000000 0.0000000 0.0000000 0.0000000 0.0000000 0.0000000 0.0093452 0.0000000 0.0000000 0.0000000 0.3032400 0.1275821 0.0000000 0.0000000 0.0294664 0.0196017
 46 A  46 0.3685043 0.0272500 0.0000000 0.0000000 0.0293318 0.0000000 0.0000000 0.2249928 0.0000000 0.0437260 0.0738589 0.0274020 0.0000000 0.0090590 0.0237681 0.0483233 0.0157489 0.0000000 0.0000000 0.0884334 0.0196017
 47 T  47 0.1532504 0.0084111 0.1238605 0.1009998 0.0000000 0.0553826 0.1222789 0.0000000 0.0112037 0.0000000 0.0125384 0.1077620 0.0189513 0.0000000 0.0293404 0.1166671 0.0924869 0.0000000 0.0000000 0.0272652 0.0196017
 48 H  48 0.0498737 0.0000000 0.1178757 0.2128299 0.0000000 0.0438812 0.1725760 0.0359304 0.0976750 0.0260038 0.0000000 0.0000000 0.0000000 0.0087732 0.0504362 0.1289839 0.0355593 0.0000000 0.0000000 0.0000000 0.0196017
 49 F  49 0.0000000 0.0000000 0.0000000 0.0000000 0.0000000 0.0000000 0.0000000 0.0000000 0.0000000 0.0000000 0.1397028 0.0000000 0.0189304 0.8217651 0.0000000 0.0000000 0.0000000 0.0000000 0.0000000 0.0000000 0.0196017
 50 E  50 0.0143247 0.1563395 0.0240911 0.0000000 0.0000000 0.3010431 0.0806560 0.0394369 0.0000000 0.0327577 0.0000000 0.1448910 0.0000000 0.0000000 0.0000000 0.1115526 0.0248147 0.0000000 0.0000000 0.0504910 0.0196017
 51 S  51 0.3152256 0.0421959 0.1047051 0.0935783 0.0000000 0.0374226 0.1142171 0.0096696 0.0000000 0.0000000 0.0000000 0.0746364 0.0000000 0.0000000 0.0000000 0.1762129 0.0125349 0.0000000 0.0000000 0.0000000 0.0196017
 52 T  52 0.0528565 0.0234227 0.0510125 0.0236107 0.0000000 0.0106903 0.0171720 0.0132511 0.0364305 0.3462984 0.0139693 0.0000000 0.0000000 0.0000000 0.0000000 0.0636738 0.1242002 0.0000000 0.0345923 0.1888196 0.0000000
 53 C  53 0.0000000 0.0000000 0.0000000 0.0000000 1.0000000 0.0000000 0.0000000 0.0000000 0.0000000 0.0000000 0.0000000 0.0000000 0.0000000 0.0000000 0.0000000 0.0000000 0.0000000 0.0000000 0.0000000 0.0000000 0.0000000
 54 A  54 0.7794427 0.0181923 0.0081668 0.0095092 0.0000000 0.0176080 0.0234227 0.0620751 0.0000000 0.0000000 0.0000000 0.0175349 0.0000000 0.0000000 0.0000000 0.0360587 0.0000000 0.0000000 0.0000000 0.0000000 0.0279894
 55 A  55 0.3539395 0.0294664 0.0263232 0.0904850 0.0000000 0.0272500 0.1072286 0.0115272 0.0000000 0.0000000 0.0000000 0.1432993 0.0234227 0.0000000 0.0000000 0.0739154 0.0676182 0.0000000 0.0000000 0.0175349 0.0279894
 56 I  56 0.0388772 0.0000000 0.0514039 0.0495797 0.0000000 0.0455297 0.0128607 0.1031498 0.0137884 0.2185348 0.0177278 0.0527234 0.0000000 0.0000000 0.0000000 0.1435379 0.0832845 0.0000000 0.0000000 0.1422637 0.0267385
 57 G  57 0.0000000 0.0000000 0.0234227 0.0000000 0.0000000 0.0000000 0.0073526 0.9424861 0.0000000 0.0000000 0.0000000 0.0000000 0.0000000 0.0000000 0.0000000 0.0000000 0.0000000 0.0000000 0.0000000 0.0000000 0.0267385
 58 Q  58 0.0740200 0.0578981 0.0000000 0.0569874 0.0000000 0.3722621 0.0000000 0.0090590 0.0300698 0.0000000 0.1274717 0.1667327 0.0000000 0.0000000 0.0000000 0.0419005 0.0368600 0.0000000 0.0000000 0.0000000 0.0267385
 59 R  59 0.0376474 0.2174766 0.0000000 0.0477413 0.0000000 0.2821055 0.0705697 0.0000000 0.0176302 0.0249040 0.0000000 0.1485984 0.0000000 0.0000000 0.0000000 0.0374511 0.0891375 0.0000000 0.0000000 0.0000000 0.0267385
 60 A  60 0.6633802 0.0000000 0.0249040 0.0000000 0.0000000 0.0000000 0.0000000 0.0000000 0.0000000 0.0000000 0.0000000 0.0000000 0.0000000 0.0000000 0.2580888 0.0268885 0.0000000 0.0000000 0.0000000 0.0000000 0.0267385
 61 R  61 0.0196451 0.3913929 0.0000000 0.0000000 0.0000000 0.1238377 0.0234227 0.0000000 0.0000000 0.0000000 0.1144988 0.1583653 0.0393134 0.0313518 0.0000000 0.0476168 0.0000000 0.0000000 0.0000000 0.0238170 0.0267385
 62 C  62 0.0000000 0.0000000 0.0000000 0.0000000 0.9732615 0.0000000 0.0000000 0.0000000 0.0000000 0.0000000 0.0000000 0.0000000 0.0000000 0.0000000 0.0000000 0.0000000 0.0000000 0.0000000 0.0000000 0.0000000 0.0267385
 63 C  63 0.0244408 0.0000000 0.0000000 0.0000000 0.9488207 0.0000000 0.0000000 0.0000000 0.0000000 0.0000000 0.0000000 0.0000000 0.0000000 0.0000000 0.0000000 0.0000000 0.0000000 0.0000000 0.0000000 0.0000000 0.0267385
 64 K  64 0.1411732 0.0000000 0.0000000 0.0108290 0.0000000 0.0000000 0.0000000 0.0000000 0.0000000 0.0374854 0.0666462 0.0410382 0.0000000 0.0221677 0.0000000 0.0376344 0.1565314 0.0000000 0.0000000 0.4399640 0.0465304
 65 D  65 0.1202319 0.0000000 0.0000000 0.0248400 0.0000000 0.0000000 0.0000000 0.0000000 0.0000000 0.1579294 0.5106375 0.0000000 0.0000000 0.0000000 0.0000000 0.0000000 0.0343260 0.0000000 0.0000000 0.1055048 0.0465304
 66 D  66 0.0176114 0.0000000 0.0107030 0.0423749 0.0000000 0.0000000 0.0000000 0.0693666 0.0000000 0.0000000 0.0000000 0.0000000 0.0000000 0.0000000 0.7501871 0.0229311 0.0000000 0.0000000 0.0000000 0.0181277 0.0686981
 67 V  67 0.0716076 0.0000000 0.0000000 0.0000000 0.0000000 0.0000000 0.0000000 0.0000000 0.0000000 0.2251833 0.1599913 0.0000000 0.0000000 0.0000000 0.0000000 0.0000000 0.0189513 0.0000000 0.0000000 0.4555684 0.0686981
 68 T  68 0.4220438 0.0000000 0.0000000 0.0000000 0.0000000 0.0000000 0.0000000 0.0157489 0.0000000 0.0149386 0.3644964 0.0000000 0.0000000 0.0000000 0.0000000 0.0000000 0.0248400 0.0000000 0.0000000 0.0519827 0.1059497
 69 N  69 0.0157489 0.0000000 0.0725187 0.1422886 0.0000000 0.0000000 0.0000000 0.5959344 0.0000000 0.0000000 0.0000000 0.0087732 0.0000000 0.0000000 0.0000000 0.0099142 0.0000000 0.0000000 0.0000000 0.0000000 0.1548219
 70 T  70 0.0183940 0.0000000 0.0000000 0.0451497 0.0000000 0.5793719 0.0123077 0.0000000 0.0000000 0.0000000 0.1279177 0.0000000 0.0000000 0.0000000 0.0000000 0.0000000 0.0248400 0.0000000 0.0000000 0.0000000 0.1920190
 71 G  71 0.0309603 0.0000000 0.0000000 0.0187297 0.0000000 0.0000000 0.0000000 0.3808892 0.0000000 0.0000000 0.0000000 0.0000000 0.0000000 0.0000000 0.0000000 0.0000000 0.0000000 0.0000000 0.0000000 0.0000000 0.5694208
 72 N  72 0.0000000 0.0000000 0.0248400 0.0000000 0.0000000 0.0000000 0.0000000 0.0000000 0.0000000 0.0171720 0.0755077 0.0000000 0.0000000 0.0000000 0.0000000 0.0000000 0.0000000 0.0000000 0.0000000 0.1051826 0.7772978
 73 S  73 0.0183940 0.0000000 0.0000000 0.0000000 0.0000000 0.0000000 0.0000000 0.0000000 0.0000000 0.0000000 0.0850692 0.0000000 0.0000000 0.0000000 0.0000000 0.0797854 0.0000000 0.0000000 0.0000000 0.0000000 0.8167514
 74 F  74 0.0000000 0.0000000 0.0000000 0.0000000 0.0850692 0.0000000 0.0419596 0.0000000 0.0000000 0.0000000 0.0000000 0.0000000 0.0000000 0.0248400 0.0000000 0.0000000 0.0129858 0.0000000 0.0000000 0.0000000 0.8351454
 75 L  75 0.0000000 0.0000000 0.0000000 0.0000000 0.0000000 0.0381417 0.0187297 0.0000000 0.0000000 0.0197919 0.0378258 0.0000000 0.0000000 0.0000000 0.0000000 0.0000000 0.0281978 0.0000000 0.0000000 0.0221677 0.8351454
 76 I  76 0.0137884 0.0000000 0.0000000 0.0209698 0.0000000 0.0000000 0.0187297 0.0183212 0.0000000 0.0248400 0.0327777 0.0000000 0.0000000 0.0221677 0.0315814 0.0189304 0.0000000 0.0000000 0.0000000 0.0000000 0.7978938
 77 I  77 0.0706598 0.0000000 0.0000000 0.0129858 0.0000000 0.0000000 0.0387223 0.0000000 0.0000000 0.0248400 0.0000000 0.0000000 0.0000000 0.0000000 0.0000000 0.0183212 0.0221677 0.0000000 0.0000000 0.0144094 0.7978938
 78 N  78 0.0000000 0.0000000 0.0248400 0.0000000 0.0000000 0.0317155 0.0000000 0.0000000 0.0000000 0.0333398 0.0801013 0.0000000 0.0000000 0.0000000 0.0000000 0.0313233 0.0000000 0.0000000 0.0000000 0.0379834 0.7606967
 79 A  79 0.3442476 0.0000000 0.0000000 0.0811426 0.0000000 0.0000000 0.0000000 0.1064057 0.0000000 0.0000000 0.0000000 0.0000000 0.0000000 0.0000000 0.0209698 0.0000000 0.0000000 0.0000000 0.0000000 0.0000000 0.4472343
 80 A  80 0.0667996 0.0000000 0.0000000 0.0000000 0.0000000 0.0000000 0.0000000 0.0000000 0.0000000 0.0986770 0.2580797 0.0000000 0.0000000 0.0000000 0.0000000 0.0000000 0.0187297 0.0000000 0.0000000 0.2789553 0.2787588
 81 N  81 0.0176114 0.0000000 0.0248400 0.0000000 0.0000000 0.0000000 0.0000000 0.0000000 0.0000000 0.0103482 0.4938669 0.0181277 0.0000000 0.0606893 0.0000000 0.0175349 0.0000000 0.0000000 0.0000000 0.0400810 0.3169005
 82 C  82 0.0000000 0.0000000 0.0000000 0.0000000 0.6643698 0.0000000 0.0000000 0.0000000 0.0000000 0.0000000 0.0000000 0.0000000 0.0000000 0.0000000 0.0000000 0.0000000 0.0000000 0.0000000 0.0000000 0.0000000 0.3356302
 83 Q  83 0.0000000 0.0000000 0.1353358 0.0000000 0.0000000 0.3779510 0.0532245 0.0000000 0.0000000 0.0149386 0.0077270 0.0000000 0.0000000 0.0000000 0.0000000 0.0076840 0.0675089 0.0000000 0.0000000 0.0000000 0.3356302
 84 T  84 0.0199628 0.0338690 0.0419196 0.1006466 0.0000000 0.0000000 0.0315042 0.0000000 0.0000000 0.0125384 0.0000000 0.1121241 0.0103482 0.0000000 0.0000000 0.0540665 0.2293346 0.0000000 0.0000000 0.0107030 0.3429829
 85 P  85 0.0714634 0.0000000 0.0000000 0.0000000 0.0000000 0.0000000 0.0000000 0.0000000 0.0000000 0.0000000 0.0000000 0.0000000 0.0000000 0.0000000 0.5678777 0.0081668 0.0000000 0.0000000 0.0000000 0.0095092 0.3429829
 86 A  86 0.1113521 0.0000000 0.0000000 0.0000000 0.0000000 0.0000000 0.0139693 0.0000000 0.0000000 0.0853324 0.0149386 0.0000000 0.0000000 0.0000000 0.0614438 0.0201985 0.0171915 0.0000000 0.0000000 0.2710399 0.4045340
 87 G  87 0.0000000 0.0000000 0.0000000 0.0000000 0.0000000 0.0000000 0.0000000 0.5269656 0.0000000 0.0000000 0.0000000 0.0000000 0.0000000 0.0000000 0.0000000 0.0000000 0.0000000 0.0000000 0.0000000 0.0000000 0.4730344
 88 L  88 0.0000000 0.0000000 0.0000000 0.0000000 0.0000000 0.0000000 0.0000000 0.0000000 0.0000000 0.0651275 0.0773082 0.0000000 0.0176114 0.0000000 0.0000000 0.0000000 0.0000000 0.0000000 0.0000000 0.1724969 0.6674560
