  170         A         R         N         D         C         Q         E         G         H         I         L         K         M         F         P         S         T         W         Y         V         X    
  1 M   1 0.0000000 0.0000000 0.0000000 0.0000000 0.0000000 0.0000000 0.0000000 0.0000000 0.0000000 0.0000000 0.0086024 0.0000000 0.0127588 0.0051174 0.0000000 0.0000000 0.0000000 0.0000000 0.0000000 0.0000000 0.9735213
  2 P   2 0.0076407 0.0000000 0.0000000 0.0000000 0.0000000 0.0000000 0.0000000 0.0000000 0.0000000 0.0000000 0.0000000 0.0000000 0.0000000 0.0000000 0.0457156 0.0029985 0.0037869 0.0000000 0.0000000 0.0000000 0.9398583
  3 G   3 0.0201485 0.0052463 0.0000000 0.0000000 0.0000000 0.0075414 0.0000000 0.0375580 0.0000000 0.0000000 0.0000000 0.0000000 0.0000000 0.0000000 0.0025882 0.0173941 0.0086145 0.0000000 0.0000000 0.0000000 0.9009091
  4 E   4 0.0044699 0.0020600 0.0181481 0.0079164 0.0000000 0.0024005 0.0358501 0.0046875 0.0029183 0.0039261 0.0000000 0.0000000 0.0000000 0.0051023 0.0122790 0.0322823 0.0023255 0.0000000 0.0000000 0.0023382 0.8632956
  5 V   5 0.0042275 0.0058080 0.0186252 0.0026576 0.0000000 0.0114043 0.0120868 0.0000000 0.0000000 0.0075282 0.0071044 0.0000000 0.0035235 0.0000000 0.0048140 0.0364727 0.0112301 0.0000000 0.0000000 0.0239623 0.8505554
  6 Q   6 0.0052148 0.0145837 0.0000000 0.0159773 0.0000000 0.0410001 0.0172352 0.0074987 0.0000000 0.0019537 0.0000000 0.0020993 0.0000000 0.0000000 0.0074073 0.0304922 0.0109880 0.0000000 0.0000000 0.0016511 0.8438985
  7 A   7 0.0203118 0.0094160 0.0096012 0.0024689 0.0022838 0.0054519 0.0102509 0.0106271 0.0024135 0.0021482 0.0023686 0.0048453 0.0000000 0.0000000 0.0420407 0.0293218 0.0132343 0.0000000 0.0000000 0.0057882 0.8274276
  8 S   8 0.0227228 0.0153242 0.0067137 0.0171911 0.0024005 0.0122960 0.0118065 0.0240880 0.0023686 0.0028765 0.0034088 0.0087378 0.0000000 0.0018152 0.0046468 0.0393570 0.0139058 0.0000000 0.0000000 0.0027186 0.8076220
  9 Y   9 0.0373555 0.0084075 0.0083459 0.0116835 0.0000000 0.0190566 0.0070632 0.0052995 0.0216781 0.0000000 0.0044432 0.0153798 0.0000000 0.0000000 0.0189985 0.0240453 0.0197759 0.0000000 0.0070398 0.0043902 0.7870376
 10 L  10 0.0314751 0.0427816 0.0113835 0.0000000 0.0028690 0.0095079 0.0066214 0.0200530 0.0029183 0.0000000 0.0307149 0.0000000 0.0051375 0.0000000 0.0106976 0.0187664 0.0125116 0.0072555 0.0000000 0.0082376 0.7790691
 11 K  11 0.0238164 0.0228093 0.0314993 0.0100917 0.0026749 0.0034212 0.0189941 0.0275099 0.0052014 0.0019454 0.0030003 0.0107540 0.0000000 0.0025763 0.0332187 0.0194842 0.0061442 0.0000000 0.0000000 0.0068840 0.7699747
 12 S  12 0.0395120 0.0047391 0.0110780 0.0140018 0.0000000 0.0067951 0.0128734 0.0256659 0.0056052 0.0000000 0.0074679 0.0031873 0.0024742 0.0000000 0.0195860 0.0619431 0.0234868 0.0000000 0.0020874 0.0019982 0.7574985
 13 Q  13 0.0408922 0.0297914 0.0069439 0.0045730 0.0000000 0.0276003 0.0205543 0.0075505 0.0018845 0.0081389 0.0041870 0.0041474 0.0000000 0.0077083 0.0413520 0.0315541 0.0091096 0.0000000 0.0016767 0.0155154 0.7368203
 14 S  14 0.0331926 0.0253490 0.0104505 0.0025882 0.0054206 0.0172692 0.0061462 0.0112652 0.0053249 0.0132831 0.0136863 0.0011857 0.0023348 0.0057456 0.0124510 0.0564993 0.0200526 0.0000000 0.0000000 0.0237980 0.7339571
 15 K  15 0.0382054 0.0535194 0.0160536 0.0024689 0.0000000 0.0195501 0.0049290 0.0056209 0.0017318 0.0016568 0.0075448 0.0245922 0.0061848 0.0000000 0.0260366 0.0393248 0.0134174 0.0000000 0.0018893 0.0083676 0.7289066
 16 L  16 0.0517565 0.0077380 0.0093267 0.0000000 0.0023348 0.0124037 0.0144272 0.0175882 0.0053856 0.0000000 0.0271210 0.0152997 0.0069927 0.0000000 0.0100300 0.0447177 0.0311984 0.0000000 0.0020794 0.0145826 0.7270178
 17 S  17 0.0315256 0.0034841 0.0035352 0.0013415 0.0067273 0.0256749 0.0198482 0.0021482 0.0030759 0.0041769 0.0082485 0.0157061 0.0000000 0.0000000 0.0811968 0.0471482 0.0168155 0.0000000 0.0023656 0.0048318 0.7221497
 18 D  18 0.0242342 0.0120384 0.0098396 0.0321739 0.0081268 0.0112107 0.0427828 0.0153955 0.0088074 0.0019520 0.0073051 0.0233202 0.0018225 0.0016568 0.0098387 0.0474956 0.0122651 0.0011847 0.0000000 0.0089452 0.7196047
 19 E  19 0.0281179 0.0306324 0.0141924 0.0110947 0.0000000 0.0295767 0.0194915 0.0091581 0.0100407 0.0048721 0.0043226 0.0301205 0.0045246 0.0000000 0.0152963 0.0424486 0.0223122 0.0000000 0.0000000 0.0074295 0.7163692
 20 G  20 0.0363938 0.0215692 0.0127168 0.0154988 0.0029704 0.0358532 0.0169983 0.0250001 0.0067255 0.0000000 0.0030758 0.0405514 0.0000000 0.0000000 0.0130931 0.0363687 0.0127330 0.0000000 0.0046821 0.0000000 0.7157699
 21 R  21 0.0175335 0.0209577 0.0109878 0.0016379 0.0059910 0.0223494 0.0096164 0.0099269 0.0085599 0.0000000 0.0123912 0.0199733 0.0000000 0.0094237 0.0643155 0.0341809 0.0210601 0.0000000 0.0048602 0.0117700 0.7144648
 22 L  22 0.0465794 0.0072980 0.0141982 0.0038829 0.0035830 0.0000000 0.0037572 0.0283996 0.0020794 0.0121711 0.0343094 0.0116178 0.0159615 0.0034396 0.0159760 0.0359914 0.0292021 0.0055490 0.0000000 0.0324041 0.6936004
 23 E  23 0.0498477 0.0049957 0.0068314 0.0131398 0.0000000 0.0225916 0.0021196 0.0153072 0.0000000 0.0061464 0.0329814 0.0319018 0.0091968 0.0034707 0.0592120 0.0246378 0.0167185 0.0000000 0.0000000 0.0048771 0.6960246
 24 P  24 0.0269074 0.0189234 0.0034108 0.0105861 0.0011509 0.0089076 0.0103663 0.0230486 0.0000000 0.0000000 0.0058904 0.0349671 0.0163624 0.0023255 0.0869258 0.0444826 0.0130721 0.0000000 0.0000000 0.0081488 0.6845242
 25 R  25 0.0456248 0.0237883 0.0396730 0.0020376 0.0031736 0.0138203 0.0017384 0.0241083 0.0000000 0.0022838 0.0111277 0.0537954 0.0000000 0.0010894 0.0145808 0.0533546 0.0288405 0.0000000 0.0017690 0.0028456 0.6763487
 26 K  26 0.0240460 0.0126887 0.0080829 0.0370599 0.0026752 0.0089928 0.0227685 0.0421011 0.0046637 0.0086739 0.0018152 0.0359140 0.0231949 0.0000000 0.0392554 0.0443946 0.0183976 0.0023170 0.0029183 0.0060005 0.6540399
 27 F  27 0.0314406 0.0160872 0.0213214 0.0042218 0.0041864 0.0058578 0.0072625 0.0293612 0.0163058 0.0046144 0.0120004 0.0325431 0.0170986 0.0131090 0.0304325 0.0524987 0.0253814 0.0076724 0.0000000 0.0225632 0.6460417
 28 H  28 0.0272948 0.0146729 0.0158353 0.0180877 0.0045333 0.0120258 0.0248663 0.0523518 0.0414237 0.0060158 0.0093056 0.0244242 0.0482536 0.0000000 0.0056932 0.0333660 0.0281694 0.0000000 0.0031686 0.0118582 0.6186539
 29 C  29 0.1015913 0.0152720 0.0068604 0.0242865 0.0140435 0.0125877 0.0019470 0.0551999 0.0031016 0.0053844 0.0100639 0.0178944 0.0000000 0.0044372 0.0030194 0.0726751 0.0405609 0.0000000 0.0000000 0.0116159 0.5994589
 30 K  30 0.0252679 0.0299211 0.0023143 0.0276812 0.0016331 0.0145080 0.0144619 0.0300332 0.0021593 0.0118987 0.0074777 0.0349833 0.0479091 0.0066641 0.0088616 0.0947629 0.0435528 0.0000000 0.0056185 0.0308767 0.5594144
 31 G  31 0.0594856 0.0140693 0.0288417 0.0083148 0.0000000 0.0121670 0.0127855 0.0913363 0.0010017 0.0067432 0.0027149 0.0276163 0.0072668 0.0054529 0.0113882 0.1049675 0.0359197 0.0000000 0.0000000 0.0089745 0.5609540
 32 V  32 0.0692203 0.0000000 0.0061888 0.0075397 0.0030866 0.0120347 0.0116693 0.0058534 0.0115896 0.0060197 0.0517417 0.0133727 0.1766243 0.0000000 0.0141057 0.0400518 0.0300845 0.0000000 0.0026898 0.1401941 0.3979334
 33 K  33 0.0509625 0.0239325 0.0266281 0.0149070 0.0000000 0.0135350 0.0104566 0.0278900 0.0010161 0.0153258 0.0190021 0.0983398 0.0027499 0.0000000 0.0031016 0.2256568 0.0230908 0.0000000 0.0040324 0.0781158 0.3612570
 34 V  34 0.0198364 0.0012742 0.0205089 0.0083456 0.0011324 0.0128469 0.0019063 0.0611622 0.0019454 0.0228168 0.0198501 0.0165354 0.0344011 0.0021013 0.0099177 0.1116943 0.1278805 0.0000000 0.0021046 0.2039642 0.3197760
 35 P  35 0.0391337 0.0057670 0.0153121 0.0018984 0.0000000 0.0430395 0.0071844 0.0085843 0.0036102 0.0487809 0.0176492 0.0120876 0.0824324 0.0066007 0.2566579 0.0967926 0.0475291 0.0106045 0.0000000 0.0078913 0.2884443
 36 R  36 0.3203826 0.2668628 0.0020794 0.0000000 0.0196943 0.0028391 0.0000000 0.0051625 0.0057155 0.0000000 0.0077511 0.0021046 0.0000000 0.0000000 0.0013410 0.0675962 0.0136295 0.0000000 0.0000000 0.0235287 0.2613127
 37 N  37 0.0823426 0.0764935 0.1808382 0.0062383 0.0000000 0.0407475 0.0127956 0.0139023 0.0032442 0.0200473 0.1005635 0.0328258 0.0037010 0.0000000 0.0027756 0.0913916 0.0723891 0.0000000 0.0007827 0.0312690 0.2276521
 38 F  38 0.0199287 0.1582602 0.0192892 0.0000000 0.0000000 0.0157937 0.0021075 0.0108740 0.0039699 0.0044503 0.0329200 0.3446641 0.0027620 0.1970808 0.0019279 0.0155982 0.0039260 0.0000000 0.0000000 0.0121594 0.1542883
 39 R  39 0.0151698 0.8582075 0.0000000 0.0000000 0.0035623 0.0014490 0.0000000 0.0000000 0.0000000 0.0017482 0.0208946 0.0228971 0.0007765 0.0000000 0.0000000 0.0000000 0.0000000 0.0072935 0.0040324 0.0000000 0.0639691
 40 L  40 0.0000000 0.0000000 0.0000000 0.0000000 0.0000000 0.0000000 0.0014736 0.0000000 0.0000000 0.2846973 0.6465120 0.0000000 0.0000000 0.0000000 0.0000000 0.0000000 0.0000000 0.0000000 0.0000000 0.0162503 0.0510668
 41 L  41 0.0578974 0.0518338 0.0312417 0.0029435 0.0000000 0.2747036 0.0085187 0.0045974 0.0149183 0.0657717 0.2538309 0.0291942 0.0891639 0.0055293 0.0021640 0.0240518 0.0194151 0.0000000 0.0038873 0.0140726 0.0462646
 42 E  42 0.0124811 0.1083746 0.0150777 0.0281763 0.0000000 0.0699343 0.2362967 0.0000000 0.0083825 0.0036366 0.0191795 0.3538297 0.0059467 0.0038326 0.0000000 0.0678435 0.0208954 0.0007020 0.0025675 0.0009858 0.0418577
 43 E  43 0.0000000 0.0000000 0.0000000 0.0822961 0.0038326 0.0285720 0.8408387 0.0000000 0.0000000 0.0000000 0.0000000 0.0022693 0.0000000 0.0012699 0.0000000 0.0000000 0.0028690 0.0000000 0.0000000 0.0000000 0.0380523
 44 L  44 0.0077235 0.0873973 0.0000000 0.0000000 0.0000000 0.0000000 0.0033125 0.0000000 0.0019416 0.0197880 0.6522137 0.0000000 0.0188066 0.0531060 0.0017894 0.0011651 0.0620531 0.0014107 0.0500607 0.0048131 0.0344188
 45 E  45 0.1093660 0.0436010 0.0152982 0.0109710 0.0009224 0.1024228 0.2213823 0.0038971 0.0020484 0.0014421 0.0204358 0.2403090 0.1292357 0.0000000 0.0000000 0.0382158 0.0193594 0.0000000 0.0009578 0.0081709 0.0319642
 46 E  46 0.0868570 0.1260056 0.0375846 0.1681403 0.0038326 0.0892102 0.1844863 0.0207472 0.0058882 0.0013848 0.0083026 0.1208480 0.0066418 0.0000000 0.0000000 0.0587789 0.0421545 0.0011482 0.0000000 0.0073420 0.0306475
 47 G  47 0.0017632 0.0000000 0.0000000 0.0000000 0.0109866 0.0000000 0.0000000 0.1904507 0.0000000 0.1329082 0.4567018 0.0000000 0.0378772 0.0200654 0.0000000 0.0051174 0.0038326 0.0864425 0.0015097 0.0198236 0.0325211
 48 Q  48 0.0377509 0.1212620 0.0358045 0.0005324 0.0013860 0.2215351 0.1242440 0.0155159 0.0072852 0.0156550 0.0418630 0.0348992 0.1521706 0.0000000 0.0038326 0.0442362 0.0954949 0.0009168 0.0000000 0.0148251 0.0307906
 49 K  49 0.0418423 0.1161407 0.0346358 0.0148601 0.0006240 0.0420995 0.0317262 0.0018678 0.0021013 0.0136642 0.0668771 0.3886462 0.1004047 0.0000000 0.0023165 0.0531865 0.0548476 0.0000000 0.0000000 0.0071584 0.0270009
 50 G  50 0.0075547 0.0012100 0.0908999 0.3974429 0.0096639 0.0053931 0.0947792 0.2051509 0.0112389 0.0020302 0.0000000 0.0032131 0.0011139 0.0000000 0.0000000 0.1294920 0.0102520 0.0000000 0.0000000 0.0025787 0.0279866
 51 V  51 0.0267986 0.0095495 0.0220762 0.0104215 0.0047365 0.0134521 0.0130587 0.0650395 0.0910370 0.0553000 0.0434157 0.0310017 0.0093027 0.0062880 0.4634322 0.0318246 0.0203031 0.0000000 0.0000000 0.0488904 0.0340721
 52 G  52 0.0353546 0.0024342 0.0150499 0.0754748 0.0067226 0.0092380 0.0315754 0.1842775 0.0062044 0.0120399 0.0095282 0.0010977 0.0015377 0.0000000 0.4083102 0.0331509 0.0372536 0.0000000 0.0000000 0.1041371 0.0266133
 53 D  53 0.1170749 0.0043399 0.0076599 0.1852972 0.0058501 0.0145895 0.1447446 0.0065614 0.0186141 0.0047818 0.0033540 0.0409264 0.0024115 0.0498474 0.2239158 0.0783366 0.0365704 0.0000000 0.0213451 0.0105154 0.0232641
 54 G  54 0.0051268 0.0025726 0.1134800 0.0217952 0.0000000 0.0372551 0.0441001 0.6441865 0.0128449 0.0000000 0.0038383 0.0043065 0.0051174 0.0026283 0.0022529 0.0625338 0.0117676 0.0000000 0.0035581 0.0000000 0.0226358
 55 T  55 0.0195935 0.0000000 0.0077684 0.0000000 0.2101653 0.0000000 0.0000000 0.0124493 0.0000000 0.2776088 0.0166243 0.0030723 0.0043770 0.1603167 0.0038910 0.0492201 0.1126192 0.0000000 0.0008808 0.0994792 0.0219342
 56 V  56 0.0050757 0.0217323 0.0156871 0.0048108 0.0584675 0.0045068 0.0193617 0.0025087 0.0071584 0.0750402 0.0099583 0.0224774 0.0018551 0.0167630 0.0000000 0.4425229 0.0864468 0.0119797 0.0301914 0.1399248 0.0235315
 57 S  57 0.6493934 0.0000000 0.0030723 0.0023338 0.0063543 0.0038910 0.0000000 0.0306831 0.0000000 0.0203609 0.0078508 0.0017229 0.0000000 0.0000000 0.0000000 0.2008769 0.0056335 0.0000000 0.0028545 0.0362368 0.0287357
 58 W  58 0.0464139 0.0447185 0.0032033 0.0059686 0.0055515 0.0068180 0.0472638 0.2538334 0.0063967 0.0144006 0.0076513 0.0571438 0.0063270 0.1556770 0.0000000 0.0418566 0.0413766 0.0813760 0.1126809 0.0260523 0.0352903
 59 G  59 0.0024255 0.0000000 0.0000000 0.0007805 0.0000000 0.0081558 0.0021640 0.1974277 0.0000000 0.0089049 0.0746052 0.0030723 0.0145993 0.0017323 0.6328593 0.0030565 0.0026271 0.0000000 0.0000000 0.0112010 0.0363884
 60 L  60 0.0212409 0.0089111 0.0130652 0.0464146 0.0046827 0.0126713 0.0714360 0.0018973 0.0200467 0.0574725 0.2139480 0.1039518 0.0543321 0.0102059 0.0025055 0.0395157 0.0499656 0.0000000 0.0125796 0.1865061 0.0686516
 61 E  61 0.0875517 0.0097527 0.0236402 0.1216388 0.0006655 0.0079203 0.2157088 0.2106363 0.0065939 0.0000000 0.0023621 0.0562476 0.0000000 0.0014746 0.0223064 0.0599584 0.0229785 0.0014575 0.0000000 0.0170842 0.1320228
 62 D  62 0.0089002 0.0047548 0.1042753 0.5019112 0.0021640 0.0121400 0.1169558 0.0174036 0.0044566 0.0037972 0.0091379 0.0055846 0.0012082 0.0051776 0.0126635 0.0415390 0.0092804 0.0000000 0.0038910 0.0034026 0.1313563
 63 D  63 0.0429186 0.0000000 0.2999778 0.2806572 0.0000000 0.0086810 0.0069650 0.0936028 0.0000000 0.0038466 0.0054221 0.0023464 0.0040324 0.0000000 0.0369133 0.0224456 0.0021616 0.0000000 0.0000000 0.0175511 0.1724786
 64 E  64 0.0312166 0.0011382 0.0187237 0.2570514 0.0039637 0.0097358 0.0572759 0.0668369 0.0071931 0.0033388 0.0013278 0.0035642 0.0012831 0.0000000 0.0076691 0.0370390 0.0020177 0.0000000 0.0029255 0.0081151 0.4795845
 65 D  65 0.0047875 0.0039574 0.0031900 0.2650062 0.0000000 0.0012594 0.0377207 0.0492421 0.0075861 0.0015182 0.0030828 0.0025496 0.0008288 0.0000000 0.0066692 0.0389425 0.0181899 0.0000000 0.0000000 0.0055431 0.5499266
 66 M  66 0.0184804 0.0059726 0.0137317 0.0028404 0.0016430 0.0173394 0.0338037 0.0353766 0.0063988 0.0932205 0.0506351 0.0062852 0.0886720 0.0038355 0.0025087 0.0369074 0.0135108 0.0000000 0.0039574 0.0230355 0.5418453
 67 T  67 0.0047882 0.0000000 0.1957794 0.0772087 0.0071371 0.0044245 0.0075461 0.0000000 0.0045104 0.0000000 0.0173093 0.0092199 0.0299656 0.0185997 0.0000000 0.0448531 0.1018994 0.0000000 0.0245149 0.0000000 0.4522437
 68 L  68 0.0013155 0.0000000 0.0000000 0.0000000 0.0171098 0.0000000 0.0000000 0.0000000 0.0000000 0.1815506 0.4629838 0.0000000 0.2046655 0.0292905 0.0037221 0.0000000 0.0012901 0.0024640 0.0075474 0.0311505 0.0569102
 69 T  69 0.0033340 0.0977804 0.0054675 0.0040543 0.0203489 0.0119905 0.0040749 0.0010449 0.0107990 0.0019934 0.0746894 0.0162164 0.1001578 0.2959366 0.0000000 0.0461671 0.1418879 0.0000000 0.1374019 0.0041505 0.0225047
 70 R  70 0.0083123 0.0988543 0.0880943 0.0192268 0.0110574 0.0239032 0.1213345 0.0021631 0.2266389 0.0163437 0.0282063 0.1073516 0.0089955 0.0047712 0.0000000 0.0739822 0.0350763 0.0037221 0.0663315 0.0344132 0.0212217
 71 W  71 0.0000000 0.0024342 0.0000000 0.0000000 0.0061756 0.0040749 0.0000000 0.0018162 0.0000000 0.0023338 0.0482397 0.0000000 0.0012578 0.0640743 0.0000000 0.0000000 0.0000000 0.8483719 0.0000000 0.0000000 0.0212217
 72 T  72 0.0146800 0.0486668 0.1236570 0.0382628 0.0018594 0.1370023 0.1293732 0.0022396 0.0532592 0.0766104 0.0068163 0.0771563 0.0053149 0.0045185 0.0000000 0.0277895 0.1517602 0.0000000 0.0048353 0.0736680 0.0225302
 73 G  73 0.3151532 0.0000000 0.0000000 0.0000000 0.0878020 0.0000000 0.0000000 0.3628123 0.0000000 0.0142902 0.0000000 0.0000000 0.0000000 0.0038910 0.0000000 0.0741800 0.0022201 0.0000000 0.0019954 0.1182284 0.0194274
 74 M  74 0.0528767 0.0022657 0.0013107 0.0010300 0.0051318 0.0080202 0.0067322 0.0531130 0.0042289 0.0383837 0.0588246 0.0141505 0.0853709 0.0100893 0.0000000 0.0253991 0.4997905 0.0019566 0.0101260 0.1017720 0.0194274
 75 I  75 0.0040749 0.0000000 0.0000000 0.0000000 0.0000000 0.0000000 0.0000000 0.0000000 0.0000000 0.8536349 0.0335582 0.0000000 0.0120625 0.0304280 0.0000000 0.0000000 0.0000000 0.0000000 0.0000000 0.0489773 0.0172643
 76 I  76 0.0396574 0.0159596 0.0184815 0.0232608 0.0028237 0.0290043 0.0568726 0.0009880 0.0108810 0.1774851 0.1822900 0.0232667 0.1057199 0.0744396 0.1090266 0.0176928 0.0543573 0.0000000 0.0062229 0.0343059 0.0172643
 77 G  77 0.0024043 0.0000000 0.0000000 0.0000000 0.0048453 0.0000000 0.0000000 0.9714112 0.0000000 0.0000000 0.0000000 0.0000000 0.0000000 0.0000000 0.0000000 0.0000000 0.0000000 0.0000000 0.0000000 0.0000000 0.0213392
 78 P  78 0.0265508 0.0093138 0.0039261 0.0000000 0.0069349 0.0041985 0.0000000 0.0202073 0.0021040 0.0000000 0.0000000 0.0759375 0.0000000 0.0000000 0.7996645 0.0203234 0.0019825 0.0000000 0.0000000 0.0075176 0.0213392
 79 P  79 0.1004098 0.0091336 0.0377981 0.0592424 0.0055579 0.0531106 0.0985022 0.0198572 0.0236876 0.0069933 0.0139914 0.0988195 0.0030582 0.0000000 0.3285064 0.0652856 0.0182679 0.0000000 0.0035936 0.0328456 0.0213392
 80 R  80 0.0084818 0.0712088 0.0777364 0.3364317 0.0000000 0.0261299 0.0419872 0.3188097 0.0590339 0.0000000 0.0000000 0.0147479 0.0000000 0.0000000 0.0000000 0.0222165 0.0018770 0.0000000 0.0000000 0.0000000 0.0213392
 81 T  81 0.0000000 0.0000000 0.0000000 0.0000000 0.0041750 0.0000000 0.0000000 0.0027026 0.0000000 0.0000000 0.0000000 0.0000000 0.0000000 0.0000000 0.0000000 0.3402080 0.6301501 0.0000000 0.0000000 0.0000000 0.0227643
 82 I  82 0.0512937 0.0000000 0.0346753 0.0172013 0.0180175 0.0040776 0.0036691 0.0000000 0.0010430 0.0599807 0.0775628 0.0000000 0.0053055 0.0036340 0.4450759 0.0124877 0.0080013 0.0000000 0.0070900 0.2336204 0.0172643
 83 Y  83 0.0000000 0.0000000 0.0000000 0.0000000 0.0017894 0.0029435 0.0000000 0.0000000 0.0972341 0.0000000 0.0083696 0.0000000 0.0000000 0.1492340 0.0000000 0.0000000 0.0000000 0.1399395 0.5832256 0.0000000 0.0172643
 84 E  84 0.0940131 0.0029435 0.0013781 0.0403777 0.0000000 0.0679012 0.7182695 0.0017229 0.0078002 0.0000000 0.0000000 0.0075999 0.0000000 0.0012130 0.0000000 0.0237830 0.0077151 0.0000000 0.0016304 0.0015429 0.0221096
 85 N  85 0.0000000 0.0016995 0.1792515 0.0547885 0.0048146 0.0052134 0.0042600 0.6921855 0.0022363 0.0000000 0.0000000 0.0060384 0.0000000 0.0019317 0.0000000 0.0226418 0.0013609 0.0000000 0.0014682 0.0000000 0.0221096
 86 R  86 0.0209055 0.1916890 0.0000000 0.0000000 0.0043830 0.0123418 0.0000000 0.6187124 0.0020035 0.0000000 0.1032575 0.0075878 0.0009848 0.0031016 0.0000000 0.0000000 0.0177688 0.0000000 0.0000000 0.0000000 0.0172643
 87 I  87 0.0105307 0.0181740 0.0062075 0.0039261 0.0082785 0.0092541 0.0285087 0.0046628 0.0255131 0.2483440 0.0818541 0.0453952 0.0332645 0.0198170 0.0010394 0.0394343 0.1154769 0.0000000 0.0391149 0.2439398 0.0172643
 88 Y  88 0.0000000 0.0000000 0.0000000 0.0000000 0.0000000 0.0000000 0.0000000 0.0000000 0.0000000 0.0049836 0.0157266 0.0000000 0.0017044 0.5898539 0.0000000 0.0012580 0.0000000 0.0000000 0.3692092 0.0000000 0.0172643
 89 S  89 0.0072765 0.0765594 0.0314058 0.0111006 0.0063390 0.0648995 0.0265578 0.0008918 0.0121220 0.0106801 0.0245552 0.3056085 0.0018326 0.1574525 0.0415684 0.1505523 0.0194510 0.0000000 0.0174133 0.0164692 0.0172643
 90 L  90 0.0865795 0.0000000 0.0000000 0.0000000 0.0023673 0.0000000 0.0000000 0.0019954 0.0000000 0.0587487 0.7205542 0.0000000 0.0066762 0.0059256 0.0023165 0.0011394 0.0052143 0.0000000 0.0000000 0.0912186 0.0172643
 91 K  91 0.0212875 0.0841990 0.0367562 0.1609488 0.0011697 0.0153131 0.1064153 0.0010977 0.0363510 0.0235416 0.0114212 0.1504914 0.0025595 0.0025087 0.0000000 0.1554799 0.1354936 0.0025726 0.0136871 0.0214417 0.0172643
 92 I  92 0.0000000 0.0000000 0.0000000 0.0000000 0.0000000 0.0000000 0.0000000 0.0000000 0.0000000 0.4249947 0.3660943 0.0000000 0.1031017 0.0324902 0.0000000 0.0000000 0.0000000 0.0000000 0.0000000 0.0560548 0.0172643
 93 E  93 0.0288707 0.0388907 0.0249379 0.0301355 0.0009018 0.0715636 0.1775347 0.0000000 0.1551211 0.0463313 0.0243960 0.0632056 0.0012402 0.0982941 0.0000000 0.0487087 0.1252783 0.0000000 0.0171285 0.0301969 0.0172643
 94 C  94 0.0026898 0.0000000 0.0000000 0.0000000 0.1859589 0.0000000 0.0000000 0.0024342 0.0000000 0.0466415 0.0869835 0.0000000 0.0011930 0.6208178 0.0000000 0.0000000 0.0021109 0.0019934 0.0050650 0.0268478 0.0172643
 95 G  95 0.0021564 0.0031280 0.0024583 0.0525398 0.0000000 0.0031884 0.0040671 0.1620257 0.0000000 0.0000000 0.0014575 0.0185826 0.0000000 0.0000000 0.5672565 0.0951913 0.0682211 0.0000000 0.0000000 0.0024630 0.0172643
 96 P  96 0.0411546 0.0117210 0.0585946 0.1187887 0.0048975 0.0407493 0.2109937 0.0125265 0.0126559 0.0112364 0.0155019 0.0632139 0.0094123 0.0054206 0.1758996 0.0905275 0.0854993 0.0000000 0.0058830 0.0080596 0.0172643
 97 K  97 0.0159090 0.0224304 0.1016607 0.4449553 0.0000000 0.0360289 0.1784058 0.0345887 0.0043830 0.0014746 0.0037505 0.0542879 0.0039773 0.0015361 0.0000000 0.0565051 0.0228424 0.0000000 0.0000000 0.0000000 0.0172643
 98 Y  98 0.0000000 0.0000000 0.0000000 0.0000000 0.0026749 0.0000000 0.0000000 0.0000000 0.0000000 0.0000000 0.0000000 0.0000000 0.0000000 0.0058956 0.0000000 0.0000000 0.0000000 0.0000000 0.9741652 0.0000000 0.0172643
 99 P  99 0.0000000 0.0061491 0.0000000 0.0000000 0.0000000 0.0000000 0.0000000 0.0000000 0.0000000 0.0000000 0.0060879 0.0000000 0.0000000 0.0000000 0.9680462 0.0024526 0.0000000 0.0000000 0.0000000 0.0000000 0.0172643
100 E 100 0.0159460 0.0021689 0.0604334 0.1122749 0.0036745 0.0140371 0.0640181 0.0011049 0.0142756 0.0050903 0.0516305 0.0037165 0.0934206 0.3199258 0.0000000 0.0631549 0.0324308 0.0000000 0.1215539 0.0038790 0.0172643
101 A 101 0.0895018 0.0666634 0.0425894 0.0086429 0.0124559 0.0212726 0.0701892 0.0006095 0.0102917 0.0024655 0.0069414 0.4312763 0.0118405 0.0027742 0.0000000 0.1259034 0.0342360 0.0000000 0.0039681 0.0411141 0.0172643
102 P 102 0.1304067 0.0047062 0.0000000 0.0000000 0.0039006 0.0000000 0.0000000 0.0000000 0.0019673 0.0000000 0.0102841 0.0000000 0.0000000 0.0000000 0.8090555 0.0182207 0.0021051 0.0000000 0.0000000 0.0020896 0.0172643
103 P 103 0.0000000 0.0000000 0.0000000 0.0000000 0.0000000 0.0000000 0.0000000 0.0000000 0.0000000 0.0000000 0.0025828 0.0000000 0.0000000 0.0000000 0.9775888 0.0000000 0.0000000 0.0000000 0.0000000 0.0025642 0.0172643
104 F 104 0.0171241 0.0351540 0.0182194 0.0101774 0.0013609 0.0405183 0.0305024 0.0008595 0.0078711 0.0306629 0.0170710 0.4646915 0.0007657 0.0155785 0.0000000 0.0577926 0.1662182 0.0000000 0.0035978 0.0645704 0.0172643
105 V 105 0.0197203 0.0000000 0.0000000 0.0000000 0.0809881 0.0000000 0.0000000 0.0000000 0.0000000 0.1259951 0.0320870 0.0000000 0.1037391 0.0183474 0.0000000 0.0000000 0.0000000 0.0000000 0.0000000 0.6191230 0.0000000
106 R 106 0.0563145 0.3334956 0.0143475 0.0000000 0.0059853 0.0483601 0.0030733 0.0005667 0.0179581 0.0111754 0.0314883 0.3190592 0.0051706 0.0059892 0.0000000 0.0246307 0.0873322 0.0071502 0.0015819 0.0263211 0.0000000
107 F 107 0.0000000 0.0000000 0.0000000 0.0000000 0.0000000 0.0000000 0.0000000 0.0000000 0.0000000 0.0020990 0.0027552 0.0000000 0.0017416 0.9890194 0.0000000 0.0000000 0.0000000 0.0000000 0.0023925 0.0019922 0.0000000
108 V 108 0.0140586 0.0974907 0.0087819 0.0474400 0.0084759 0.0220077 0.0716422 0.0000000 0.0171411 0.1092961 0.1941043 0.0536862 0.0269845 0.0010037 0.0231706 0.0103824 0.1360291 0.0000000 0.0000000 0.1583050 0.0000000
109 T 109 0.0112892 0.0000000 0.0123644 0.0000000 0.0097661 0.0065351 0.0013385 0.0047542 0.0000000 0.0000000 0.0000000 0.0055644 0.0000000 0.0000000 0.0698371 0.1864137 0.6921373 0.0000000 0.0000000 0.0000000 0.0000000
110 K 110 0.0067772 0.2545477 0.0087046 0.0173408 0.0035817 0.0123252 0.0529936 0.0209342 0.0021114 0.0000000 0.0065522 0.3937030 0.0051945 0.0000000 0.1812375 0.0139359 0.0119398 0.0009782 0.0000000 0.0071426 0.0000000
111 I 111 0.0000000 0.0000000 0.0000000 0.0000000 0.1036128 0.0000000 0.0000000 0.0000000 0.0000000 0.5673951 0.0788306 0.0000000 0.0919621 0.0254971 0.0000000 0.0000000 0.0024281 0.0000000 0.0021051 0.1281690 0.0000000
112 N 112 0.0000000 0.0040324 0.1711821 0.0000000 0.0018230 0.0018798 0.0041985 0.0000000 0.0048586 0.0011723 0.0178965 0.0017996 0.0000000 0.2940793 0.0000000 0.0047028 0.0000000 0.1189923 0.3733828 0.0000000 0.0000000
113 M 113 0.0000000 0.0000000 0.0000000 0.0000000 0.0000000 0.0000000 0.0000000 0.0000000 0.8055232 0.0141891 0.0750654 0.0000000 0.1016770 0.0000000 0.0000000 0.0000000 0.0000000 0.0000000 0.0000000 0.0035453 0.0000000
114 N 114 0.0097101 0.0000000 0.0537531 0.0000000 0.1159855 0.0000000 0.0000000 0.0057792 0.0066092 0.0015701 0.0038958 0.0000000 0.0000000 0.0000000 0.7470128 0.0202860 0.0332293 0.0000000 0.0000000 0.0021689 0.0000000
115 G 115 0.0000000 0.0000000 0.8022051 0.0000000 0.1118425 0.0000000 0.0000000 0.0639040 0.0028558 0.0000000 0.0000000 0.0000000 0.0000000 0.0092198 0.0000000 0.0079303 0.0000000 0.0000000 0.0000000 0.0020423 0.0000000
116 V 116 0.0037972 0.0000000 0.0000000 0.0000000 0.0000000 0.0000000 0.0000000 0.0000000 0.0000000 0.4196935 0.0000000 0.0000000 0.0000000 0.0080493 0.0000000 0.0000000 0.0024258 0.0000000 0.0000000 0.5660342 0.0000000
117 N 117 0.0131740 0.0000000 0.2808990 0.3267464 0.0000000 0.0000000 0.0034682 0.0028021 0.0216607 0.0000000 0.0015794 0.0021206 0.0000000 0.0180526 0.0000000 0.0929430 0.0048969 0.0000000 0.2248279 0.0000000 0.0068291
118 S 118 0.0643517 0.0478391 0.0621766 0.0065127 0.0031016 0.0844545 0.0420227 0.0072409 0.0130812 0.0115501 0.0216671 0.1035581 0.0083868 0.0301061 0.1567479 0.2774459 0.0288400 0.0000000 0.0027008 0.0232509 0.0049654
119 S 119 0.0338832 0.0363319 0.1817284 0.1120181 0.0037365 0.1265155 0.0393048 0.0050089 0.0469127 0.0045094 0.0790714 0.0201580 0.0000000 0.0161974 0.0019982 0.2025198 0.0344925 0.0017236 0.0183488 0.0274535 0.0080874
120 N 120 0.0000000 0.0015799 0.0740812 0.0100064 0.0000000 0.0019510 0.0000000 0.7362820 0.0022399 0.0000000 0.0000000 0.0000000 0.0000000 0.0000000 0.0000000 0.0361209 0.1266179 0.0000000 0.0000000 0.0000000 0.0111206
121 G 121 0.0258003 0.1423313 0.1240386 0.0630231 0.0024630 0.0136844 0.0151351 0.2643754 0.0048921 0.0000000 0.0030673 0.0159208 0.0056868 0.0064205 0.0000000 0.1146970 0.0964301 0.0000000 0.0096757 0.0514298 0.0409288
122 V 122 0.0699625 0.0102748 0.0000000 0.0026043 0.0000000 0.0041212 0.0355116 0.0000000 0.0068725 0.4993469 0.0208942 0.0256294 0.0235590 0.0000000 0.0000000 0.0069971 0.0042877 0.0000000 0.0015554 0.2427891 0.0455943
123 V 123 0.0031884 0.0000000 0.0000000 0.0000000 0.0022509 0.0000000 0.0032485 0.0180404 0.0000000 0.0943890 0.0014522 0.0032991 0.0022104 0.0021332 0.0000000 0.0076922 0.0000000 0.0012545 0.0000000 0.1749486 0.6858926
124 D 124 0.0000000 0.0013205 0.0093483 0.1226185 0.0028425 0.0017048 0.0344417 0.0000000 0.0000000 0.0155764 0.0078075 0.0086469 0.0024655 0.0020998 0.0032485 0.0000000 0.0043694 0.0000000 0.0000000 0.0043467 0.7791630
125 P 125 0.0273491 0.0172059 0.0068583 0.0188481 0.0000000 0.0051232 0.0258671 0.0000000 0.0051211 0.0066802 0.0155497 0.0123593 0.0024843 0.0000000 0.0821154 0.0151028 0.0090531 0.0000000 0.0021206 0.0000000 0.7481619
126 R 126 0.0022921 0.0719430 0.0139264 0.0052130 0.0000000 0.0057020 0.0072223 0.0032485 0.0075171 0.0089406 0.0345038 0.0254869 0.0000000 0.0000000 0.0000000 0.0415954 0.0120299 0.0000000 0.0000000 0.0040401 0.7563388
127 A 127 0.0184576 0.0089439 0.0052607 0.0000000 0.7612694 0.0108517 0.0012427 0.0000000 0.0102030 0.0000000 0.0138794 0.0587762 0.0087359 0.0000000 0.0000000 0.0342422 0.0082930 0.0000000 0.0061880 0.0017110 0.0519452
128 I 128 0.0000000 0.0000000 0.0000000 0.0000000 0.0000000 0.0000000 0.0000000 0.0000000 0.0027165 0.1313103 0.7061332 0.0000000 0.0165091 0.0750925 0.0000000 0.0000000 0.0032835 0.0037972 0.0022223 0.0400599 0.0188754
129 S 129 0.0158477 0.0000000 0.0044926 0.6159883 0.0000000 0.0019488 0.0000000 0.0197433 0.0203626 0.0000000 0.0020463 0.0021332 0.0000000 0.0000000 0.1034158 0.2107224 0.0000000 0.0000000 0.0000000 0.0000000 0.0032991
130 V 130 0.0127961 0.0036871 0.0000000 0.0000000 0.0175515 0.0000000 0.0031884 0.0000000 0.0000000 0.7183419 0.0378380 0.0000000 0.0233892 0.0000000 0.0088906 0.0071695 0.0572439 0.0000000 0.0000000 0.1066047 0.0032991
131 L 131 0.0000000 0.0000000 0.0031884 0.0000000 0.0000000 0.0066698 0.0000000 0.0000000 0.0085478 0.0139631 0.9506867 0.0030251 0.0000000 0.0021206 0.0010875 0.0000000 0.0028425 0.0000000 0.0000000 0.0045695 0.0032991
132 A 132 0.0825584 0.0447338 0.0485996 0.0033057 0.0000000 0.1138405 0.0036693 0.0515543 0.1101849 0.0000000 0.0019673 0.4432577 0.0000000 0.0000000 0.0000000 0.0897309 0.0014977 0.0000000 0.0000000 0.0018008 0.0032991
133 K 133 0.0094472 0.1258365 0.2513516 0.0904429 0.0000000 0.1464807 0.0535170 0.0055875 0.0173237 0.0018104 0.0000000 0.2517908 0.0000000 0.0000000 0.0030866 0.0362191 0.0051551 0.0000000 0.0000000 0.0019510 0.0000000
134 W 134 0.0000000 0.0000000 0.0000000 0.0000000 0.0000000 0.0000000 0.0000000 0.0046628 0.0000000 0.0000000 0.0000000 0.0000000 0.0000000 0.0000000 0.0000000 0.0000000 0.0000000 0.9920248 0.0033125 0.0000000 0.0000000
135 Q 135 0.0071231 0.0623112 0.0458801 0.0000000 0.0048453 0.0860856 0.0018927 0.0019287 0.0082040 0.0000000 0.0306391 0.0949962 0.0000000 0.0000000 0.0000000 0.5991188 0.0525801 0.0000000 0.0000000 0.0043952 0.0000000
136 N 136 0.1110455 0.1413659 0.0294253 0.0000000 0.0000000 0.0027165 0.0000000 0.0000000 0.0029269 0.0000000 0.0180404 0.0000000 0.0000000 0.0000000 0.6345628 0.0562332 0.0036834 0.0000000 0.0000000 0.0000000 0.0000000
137 S 137 0.4583457 0.0000000 0.0224997 0.0220002 0.0060423 0.0048187 0.0487499 0.0074346 0.0060446 0.0588977 0.0460707 0.0089461 0.0041339 0.0037221 0.0000000 0.1202434 0.0614852 0.0000000 0.0000000 0.1182482 0.0023170
138 Y 138 0.0011254 0.0012051 0.0190122 0.0000000 0.0033848 0.0613736 0.0027165 0.0040660 0.0538525 0.0811424 0.3684669 0.0000000 0.0186344 0.0258356 0.0009238 0.0059293 0.0060310 0.0039023 0.3341657 0.0082324 0.0000000
139 S 139 0.0000000 0.0037221 0.1044410 0.1350094 0.0069593 0.0850013 0.0059143 0.0130716 0.0000000 0.0050241 0.0020602 0.0012628 0.0000000 0.0000000 0.0013290 0.1176991 0.5169629 0.0000000 0.0015428 0.0000000 0.0000000
140 I 140 0.0000000 0.0000000 0.0000000 0.0000000 0.0104084 0.0000000 0.0000000 0.0000000 0.0000000 0.4631930 0.0678295 0.0000000 0.1086062 0.0000000 0.0000000 0.0000000 0.0069852 0.0000000 0.0000000 0.3429777 0.0000000
141 K 141 0.0488337 0.2197401 0.0020602 0.0082231 0.0057055 0.0368757 0.2122249 0.0137681 0.0012742 0.0033369 0.0085005 0.1882201 0.0010137 0.0000000 0.0030958 0.2265317 0.0141487 0.0032735 0.0000000 0.0031734 0.0000000
142 V 142 0.0492604 0.0018506 0.0262458 0.0336047 0.0000000 0.0907386 0.0027947 0.0061355 0.0059851 0.0038348 0.0025768 0.2667769 0.0074056 0.0031432 0.0000000 0.0788234 0.3942096 0.0000000 0.0013868 0.0252276 0.0000000
143 V 143 0.0453623 0.0000000 0.0000000 0.0000000 0.0013891 0.0000000 0.0000000 0.0000000 0.0000000 0.4274373 0.0559769 0.0000000 0.0058983 0.0023322 0.0000000 0.0017323 0.0052090 0.0000000 0.0000000 0.4524714 0.0021914
144 L 144 0.0000000 0.0000000 0.0000000 0.0000000 0.0050542 0.0000000 0.0000000 0.0000000 0.0000000 0.0042368 0.9469550 0.0000000 0.0177198 0.0017432 0.0043293 0.0012197 0.0000000 0.0000000 0.0000000 0.0115653 0.0071767
145 Q 145 0.0008576 0.0017914 0.0026898 0.0000000 0.0000000 0.0500322 0.0108222 0.0000000 0.0036340 0.1260553 0.6165793 0.0032148 0.0146973 0.0000000 0.0019010 0.0109025 0.1049934 0.0000000 0.0000000 0.0447392 0.0070901
146 E 146 0.0294830 0.0000000 0.0014062 0.0233841 0.0042811 0.0180487 0.1119969 0.0889086 0.0026635 0.0000000 0.0019010 0.0036017 0.0036745 0.0000000 0.0000000 0.6995350 0.0017085 0.0023170 0.0000000 0.0000000 0.0070901
147 L 147 0.0000000 0.0000000 0.0000000 0.0000000 0.0000000 0.0000000 0.0000000 0.0000000 0.0000000 0.5971582 0.2457104 0.0000000 0.0017091 0.0022693 0.0000000 0.0000000 0.0000000 0.0000000 0.0000000 0.1460629 0.0070901
148 R 148 0.0022382 0.1879987 0.0019010 0.0000000 0.1458633 0.4669853 0.0000000 0.0000000 0.0012463 0.0691955 0.0022570 0.0417492 0.0250401 0.0000000 0.0000000 0.0210589 0.0045730 0.0039384 0.0077569 0.0111080 0.0070901
149 R 149 0.1322595 0.1049815 0.0081105 0.0563957 0.0037221 0.0124339 0.0273430 0.0000000 0.0000000 0.0042195 0.0179250 0.0638330 0.0153601 0.0000000 0.0000000 0.5256019 0.0028425 0.0000000 0.0000000 0.0178816 0.0070901
150 L 150 0.0082928 0.0000000 0.0000000 0.0039261 0.0000000 0.0104782 0.0844115 0.0000000 0.0033827 0.0092572 0.7388476 0.0040324 0.0956047 0.0047833 0.0000000 0.0078179 0.0026478 0.0000000 0.0138473 0.0013355 0.0113353
151 M 151 0.0000000 0.0000000 0.0000000 0.0000000 0.0000000 0.0000000 0.0000000 0.0000000 0.0000000 0.0053638 0.7372895 0.0000000 0.2297510 0.0155938 0.0000000 0.0000000 0.0000000 0.0000000 0.0000000 0.0000000 0.0120018
152 M 152 0.1743585 0.0037221 0.0787574 0.0680849 0.0708128 0.0154287 0.0231376 0.1365783 0.0031859 0.0036087 0.0157057 0.0017085 0.0349665 0.0000000 0.0028545 0.1622771 0.1878348 0.0000000 0.0000000 0.0064166 0.0105614
153 S 153 0.1158077 0.0045446 0.0411453 0.3342983 0.0030755 0.0062009 0.2462124 0.0008192 0.0039060 0.0000000 0.0325084 0.0043074 0.0033170 0.0036170 0.0000000 0.1507439 0.0282775 0.0000000 0.0000000 0.0093476 0.0118715
154 K 154 0.0229870 0.0030866 0.0000000 0.0000000 0.0692804 0.0000000 0.0013072 0.0019488 0.0000000 0.0000000 0.0036659 0.0701653 0.0000000 0.0044555 0.7839991 0.0215043 0.0014405 0.0000000 0.0000000 0.0009920 0.0151675
155 E 155 0.0457317 0.0000000 0.6838727 0.0163530 0.0000000 0.0303621 0.1248602 0.0000000 0.0177238 0.0033629 0.0000000 0.0029419 0.0000000 0.0024640 0.0000000 0.0097601 0.0135939 0.0000000 0.0168705 0.0027409 0.0293622
156 N 156 0.0132376 0.0015377 0.2931387 0.0400183 0.0249273 0.0000000 0.0009820 0.0163073 0.0077761 0.0636986 0.0058244 0.0009581 0.0011073 0.0008702 0.4373863 0.0063221 0.0298307 0.0017432 0.0011324 0.0264328 0.0267690
157 M 157 0.0972947 0.0767038 0.0928717 0.2698609 0.0044039 0.0288945 0.1091314 0.0065957 0.0136912 0.0000000 0.0213356 0.0775983 0.0555865 0.0149762 0.0335005 0.0569105 0.0119472 0.0000000 0.0135922 0.0000000 0.0151052
158 K 158 0.0020486 0.0313335 0.0100945 0.3553345 0.0000000 0.0021390 0.0000000 0.0018162 0.0013278 0.0000000 0.0000000 0.1799228 0.0000000 0.0000000 0.0000000 0.3788051 0.0000000 0.0000000 0.0000000 0.0180404 0.0191377
159 L 159 0.0226600 0.0000000 0.0020486 0.0343390 0.0180404 0.0000000 0.0000000 0.0144219 0.0000000 0.0063874 0.1781724 0.0000000 0.0016170 0.0000000 0.6872635 0.0046375 0.0000000 0.0000000 0.0000000 0.0039190 0.0264932
160 P 160 0.2799008 0.0017048 0.0000000 0.0000000 0.0000000 0.0454610 0.0000000 0.0000000 0.0065065 0.0017600 0.4214186 0.0066491 0.0238769 0.0060284 0.1299649 0.0110883 0.0161591 0.0000000 0.0032990 0.0204047 0.0257781
161 Q 161 0.0416149 0.0057383 0.3302297 0.0682909 0.0008340 0.3052005 0.0243454 0.0000000 0.0028425 0.0000000 0.0104426 0.0000000 0.0069000 0.0018035 0.0000000 0.0030700 0.0000000 0.0000000 0.0000000 0.1534785 0.0452093
162 P 162 0.1129786 0.0020866 0.0652227 0.0319356 0.0085704 0.0109676 0.0214733 0.0934502 0.0011665 0.0197507 0.0094006 0.0018035 0.0014754 0.0000000 0.3491523 0.0597826 0.0587315 0.0000000 0.0011482 0.1060175 0.0448864
163 P 163 0.0573051 0.0046126 0.0216928 0.1795149 0.0000000 0.0659006 0.2864994 0.0271547 0.0170559 0.0017485 0.0044344 0.0118418 0.0021931 0.0000000 0.1685100 0.0519440 0.0092488 0.0000000 0.0214141 0.0211974 0.0477320
164 E 164 0.4011945 0.0000000 0.0000000 0.0041661 0.0000000 0.0000000 0.2112612 0.0044018 0.0000000 0.1659104 0.0115515 0.0038910 0.0038326 0.0000000 0.0107131 0.0022919 0.0000000 0.0000000 0.0000000 0.1217687 0.0590173
165 G 165 0.5626771 0.0000000 0.0063769 0.0000000 0.0110349 0.0000000 0.0000000 0.2123750 0.0021075 0.0022645 0.0000000 0.0000000 0.0000000 0.0099346 0.0000000 0.0404130 0.0000000 0.0084831 0.0653495 0.0035972 0.0753868
166 Q 166 0.0525300 0.0622960 0.0420683 0.0150695 0.0000000 0.1380761 0.1318442 0.0126924 0.0420778 0.0085814 0.0081916 0.1338035 0.0126699 0.0000000 0.0000000 0.0960207 0.1269666 0.0000000 0.0049157 0.0231536 0.0890427
167 C 167 0.0167253 0.0027430 0.0155648 0.0076998 0.0313567 0.0884828 0.0414785 0.0000000 0.0514333 0.0542712 0.3070743 0.0025917 0.1370841 0.0056718 0.0000000 0.0121938 0.0892303 0.0000000 0.0051964 0.0398845 0.0913177
168 Y 168 0.0000000 0.0000000 0.0000000 0.0000000 0.0000000 0.0000000 0.0000000 0.0000000 0.0026576 0.0019668 0.0045317 0.0000000 0.0025494 0.2345572 0.0000000 0.0000000 0.0000000 0.2467002 0.3909809 0.0000000 0.1160562
169 S 169 0.0107157 0.1033315 0.0355375 0.0328892 0.0000000 0.0239381 0.0205250 0.0027094 0.0058060 0.0104973 0.0138019 0.2306985 0.0258089 0.0000000 0.0078976 0.0778060 0.0123938 0.0000000 0.0000000 0.0130552 0.3725885
170 N 170 0.0000000 0.0000000 0.1727116 0.0689615 0.0000000 0.0000000 0.0000000 0.0000000 0.0296267 0.0000000 0.0000000 0.0000000 0.0000000 0.0000000 0.0000000 0.0000000 0.0000000 0.0000000 0.0000000 0.0000000 0.7287002
