  170         A         R         N         D         C         Q         E         G         H         I         L         K         M         F         P         S         T         W         Y         V    
  1 M   1 0.0000000 0.0000000 0.0000000 0.0000000 0.0000000 0.0000000 0.0000000 0.0000000 0.0000000 0.0000000 0.3257623 0.0000000 0.4800118 0.1942259 0.0000000 0.0000000 0.0000000 0.0000000 0.0000000 0.0000000
  2 P   2 0.1294253 0.0000000 0.0000000 0.0000000 0.0000000 0.0000000 0.0000000 0.0000000 0.0000000 0.0000000 0.0000000 0.0000000 0.0000000 0.0000000 0.7511368 0.0531083 0.0663296 0.0000000 0.0000000 0.0000000
  3 G   3 0.2076653 0.0526272 0.0000000 0.0000000 0.0000000 0.0783952 0.0000000 0.3717602 0.0000000 0.0000000 0.0000000 0.0000000 0.0000000 0.0000000 0.0262619 0.1755035 0.0877867 0.0000000 0.0000000 0.0000000
  4 E   4 0.0345784 0.0150233 0.1342019 0.0579037 0.0000000 0.0174236 0.2646360 0.0343493 0.0206111 0.0300204 0.0000000 0.0000000 0.0000000 0.0370720 0.0859880 0.2342533 0.0159676 0.0000000 0.0000000 0.0179716
  5 V   5 0.0290193 0.0390180 0.1272473 0.0180353 0.0000000 0.0757068 0.0812775 0.0000000 0.0000000 0.0526624 0.0495186 0.0000000 0.0234135 0.0000000 0.0322548 0.2382489 0.0739548 0.0000000 0.0000000 0.1596428
  6 Q   6 0.0341644 0.0902438 0.0000000 0.1022479 0.0000000 0.2641067 0.1109335 0.0491531 0.0000000 0.0123956 0.0000000 0.0133439 0.0000000 0.0000000 0.0471741 0.1953101 0.0704405 0.0000000 0.0000000 0.0104863
  7 A   7 0.1162724 0.0538193 0.0571232 0.0130377 0.0131970 0.0318533 0.0614971 0.0610804 0.0142016 0.0123951 0.0137596 0.0278992 0.0000000 0.0000000 0.2467072 0.1674207 0.0761493 0.0000000 0.0000000 0.0335868
  8 S   8 0.1169061 0.0794311 0.0352989 0.0881403 0.0125264 0.0653087 0.0624971 0.1280062 0.0123461 0.0150094 0.0177111 0.0475147 0.0000000 0.0094246 0.0242345 0.2036931 0.0678871 0.0000000 0.0000000 0.0140645
  9 Y   9 0.1776859 0.0383551 0.0371817 0.0567415 0.0000000 0.0911650 0.0328950 0.0219940 0.1047523 0.0000000 0.0208428 0.0706754 0.0000000 0.0000000 0.0888599 0.1120240 0.0941364 0.0000000 0.0336738 0.0190174
 10 L  10 0.1431364 0.1936950 0.0514509 0.0000000 0.0131827 0.0426378 0.0301187 0.0924470 0.0129196 0.0000000 0.1391069 0.0000000 0.0230775 0.0000000 0.0484791 0.0828585 0.0550522 0.0343911 0.0000000 0.0374467
 11 K  11 0.1039429 0.0982943 0.1350360 0.0437679 0.0129128 0.0147847 0.0801242 0.1200629 0.0228205 0.0084483 0.0118586 0.0489214 0.0000000 0.0112174 0.1440637 0.0859649 0.0267647 0.0000000 0.0000000 0.0310149
 12 S  12 0.1610938 0.0192831 0.0439804 0.0573482 0.0000000 0.0292186 0.0539876 0.1070844 0.0230215 0.0000000 0.0309865 0.0131292 0.0102504 0.0000000 0.0810460 0.2579193 0.0948715 0.0000000 0.0085590 0.0082204
 13 Q  13 0.1549095 0.1122381 0.0263123 0.0174593 0.0000000 0.1074487 0.0788322 0.0287226 0.0071813 0.0308738 0.0152455 0.0158543 0.0000000 0.0290704 0.1565039 0.1221779 0.0322559 0.0000000 0.0063866 0.0585277
 14 S  14 0.1229899 0.0955343 0.0393241 0.0100326 0.0197954 0.0648893 0.0218181 0.0438430 0.0199838 0.0509434 0.0519386 0.0036959 0.0085827 0.0219259 0.0469680 0.2146384 0.0738681 0.0000000 0.0000000 0.0892284
 15 K  15 0.1376388 0.1968715 0.0607232 0.0083547 0.0000000 0.0737987 0.0185119 0.0216027 0.0063329 0.0060955 0.0278458 0.0924504 0.0220380 0.0000000 0.0939725 0.1450849 0.0499247 0.0000000 0.0070088 0.0317451
 16 L  16 0.1860428 0.0287337 0.0354060 0.0000000 0.0083652 0.0454505 0.0532101 0.0662069 0.0210711 0.0000000 0.1007571 0.0537348 0.0259280 0.0000000 0.0373755 0.1638197 0.1138342 0.0000000 0.0076825 0.0523818
 17 S  17 0.1132747 0.0125827 0.0127591 0.0048282 0.0236679 0.0921192 0.0718848 0.0077527 0.0110532 0.0151661 0.0299078 0.0569862 0.0000000 0.0000000 0.2924248 0.1690097 0.0609719 0.0000000 0.0085538 0.0170572
 18 D  18 0.0855630 0.0430162 0.0350589 0.1158609 0.0291403 0.0393410 0.1503114 0.0557776 0.0314437 0.0069417 0.0255350 0.0827859 0.0065299 0.0058961 0.0353078 0.1708486 0.0449601 0.0042035 0.0000000 0.0314782
 19 E  19 0.0979070 0.1087125 0.0503179 0.0386256 0.0000000 0.1036535 0.0683071 0.0329750 0.0368779 0.0170109 0.0151843 0.1074895 0.0160679 0.0000000 0.0533978 0.1502990 0.0760808 0.0000000 0.0000000 0.0270932
 20 G  20 0.1269865 0.0760816 0.0441818 0.0569369 0.0104317 0.1275988 0.0593717 0.0880003 0.0234042 0.0000000 0.0107396 0.1400762 0.0000000 0.0000000 0.0462808 0.1285783 0.0443620 0.0000000 0.0169697 0.0000000
 21 R  21 0.0605025 0.0729872 0.0379526 0.0057398 0.0206881 0.0778475 0.0319878 0.0355843 0.0307779 0.0000000 0.0440117 0.0677413 0.0000000 0.0345318 0.2293052 0.1199619 0.0718660 0.0000000 0.0170870 0.0414275
 22 L  22 0.1496515 0.0238970 0.0474098 0.0126627 0.0116948 0.0000000 0.0123563 0.0941779 0.0068381 0.0399344 0.1129452 0.0390937 0.0516866 0.0111653 0.0533549 0.1144562 0.0952748 0.0180157 0.0000000 0.1053852
 23 E  23 0.1640908 0.0164180 0.0228088 0.0452527 0.0000000 0.0743237 0.0073845 0.0498227 0.0000000 0.0188492 0.1091365 0.1025242 0.0300532 0.0113992 0.1963389 0.0815688 0.0540435 0.0000000 0.0000000 0.0159852
 24 P  24 0.0860822 0.0596160 0.0108510 0.0345130 0.0036083 0.0290914 0.0346588 0.0719612 0.0000000 0.0000000 0.0190398 0.1099006 0.0535155 0.0070602 0.2746239 0.1379495 0.0419125 0.0000000 0.0000000 0.0256161
 25 R  25 0.1426717 0.0731430 0.1190742 0.0062925 0.0096216 0.0420078 0.0050626 0.0750102 0.0000000 0.0071038 0.0335352 0.1673423 0.0000000 0.0033567 0.0461656 0.1663572 0.0889805 0.0000000 0.0054965 0.0087787
 26 K  26 0.0693434 0.0362969 0.0230033 0.1089311 0.0075193 0.0261236 0.0647395 0.1212840 0.0135506 0.0251933 0.0052912 0.1049289 0.0671207 0.0000000 0.1138464 0.1280196 0.0531340 0.0055469 0.0083192 0.0178081
 27 F  27 0.0886613 0.0457405 0.0611637 0.0120823 0.0117613 0.0167305 0.0206641 0.0820687 0.0470962 0.0127466 0.0337299 0.0914785 0.0481991 0.0374470 0.0854482 0.1484135 0.0702990 0.0214440 0.0000000 0.0648257
 28 H  28 0.0707897 0.0382174 0.0420689 0.0478169 0.0120159 0.0317507 0.0653342 0.1368639 0.1101366 0.0148156 0.0259154 0.0641183 0.1257729 0.0000000 0.0145911 0.0858829 0.0736197 0.0000000 0.0082896 0.0320005
 29 C  29 0.2545037 0.0373397 0.0172206 0.0603440 0.0355093 0.0306750 0.0038623 0.1365757 0.0078271 0.0134936 0.0261831 0.0452779 0.0000000 0.0113147 0.0075627 0.1820069 0.1008775 0.0000000 0.0000000 0.0294262
 30 K  30 0.0574877 0.0669404 0.0050021 0.0642813 0.0037530 0.0330803 0.0334411 0.0687300 0.0049731 0.0272463 0.0170953 0.0787151 0.1054068 0.0153287 0.0204862 0.2148779 0.0994251 0.0000000 0.0125492 0.0711804
 31 G  31 0.1323006 0.0334398 0.0663210 0.0190804 0.0000000 0.0279411 0.0281654 0.2056038 0.0022717 0.0155256 0.0062427 0.0642264 0.0163809 0.0126630 0.0259766 0.2418095 0.0803530 0.0000000 0.0000000 0.0216984
 32 V  32 0.1146065 0.0000000 0.0105468 0.0124718 0.0051770 0.0202812 0.0167191 0.0098717 0.0202228 0.0101223 0.0860742 0.0217300 0.2894822 0.0000000 0.0232078 0.0668604 0.0505848 0.0000000 0.0044491 0.2375923
 33 K  33 0.0798840 0.0355625 0.0420764 0.0231229 0.0000000 0.0204836 0.0163425 0.0425338 0.0015816 0.0249421 0.0303983 0.1559440 0.0043335 0.0000000 0.0049665 0.3519237 0.0360425 0.0000000 0.0064126 0.1234494
 34 V  34 0.0293937 0.0018543 0.0303294 0.0128863 0.0016648 0.0190298 0.0028521 0.0872745 0.0029209 0.0339068 0.0290201 0.0243710 0.0509834 0.0031787 0.0149093 0.1608850 0.1868938 0.0000000 0.0031600 0.3044859
 35 P  35 0.0563606 0.0083254 0.0215060 0.0026748 0.0000000 0.0588896 0.0100589 0.0096255 0.0051666 0.0693465 0.0253538 0.0172521 0.1070254 0.0096150 0.3680936 0.1362161 0.0683109 0.0148816 0.0000000 0.0112974
 36 R  36 0.4257165 0.3681989 0.0029244 0.0000000 0.0265861 0.0039343 0.0000000 0.0071073 0.0079617 0.0000000 0.0106532 0.0029445 0.0000000 0.0000000 0.0018419 0.0905593 0.0190338 0.0000000 0.0000000 0.0325381
 37 N  37 0.1053601 0.0993303 0.2398476 0.0073882 0.0000000 0.0536678 0.0171053 0.0183367 0.0036596 0.0257278 0.1287090 0.0421425 0.0046920 0.0000000 0.0035825 0.1152814 0.0936659 0.0000000 0.0010277 0.0404758
 38 F  38 0.0242812 0.1871277 0.0227157 0.0000000 0.0000000 0.0187199 0.0025585 0.0131492 0.0048383 0.0053152 0.0370468 0.4024801 0.0033224 0.2386413 0.0023081 0.0186341 0.0046986 0.0000000 0.0000000 0.0141628
 39 R  39 0.0163625 0.9148517 0.0000000 0.0000000 0.0039252 0.0015927 0.0000000 0.0000000 0.0000000 0.0018836 0.0227152 0.0253635 0.0008565 0.0000000 0.0000000 0.0000000 0.0000000 0.0080293 0.0044197 0.0000000
 40 L  40 0.0000000 0.0000000 0.0000000 0.0000000 0.0000000 0.0000000 0.0017974 0.0000000 0.0000000 0.2908506 0.6897027 0.0000000 0.0000000 0.0000000 0.0000000 0.0000000 0.0000000 0.0000000 0.0000000 0.0176493
 41 L  41 0.0586439 0.0540447 0.0297205 0.0031976 0.0000000 0.2919438 0.0090891 0.0049216 0.0159725 0.0689373 0.2661294 0.0305633 0.0936227 0.0058677 0.0021179 0.0254740 0.0206465 0.0000000 0.0042130 0.0148945
 42 E  42 0.0131223 0.1137869 0.0159795 0.0300015 0.0000000 0.0737645 0.2518260 0.0000000 0.0087615 0.0037384 0.0203308 0.3592561 0.0060711 0.0043301 0.0000000 0.0724255 0.0221956 0.0007240 0.0026449 0.0010413
 43 E  43 0.0000000 0.0000000 0.0000000 0.0859967 0.0043164 0.0299578 0.8727602 0.0000000 0.0000000 0.0000000 0.0000000 0.0024421 0.0000000 0.0013946 0.0000000 0.0000000 0.0031322 0.0000000 0.0000000 0.0000000
 44 L  44 0.0079667 0.0915740 0.0000000 0.0000000 0.0000000 0.0000000 0.0034116 0.0000000 0.0020596 0.0209790 0.6754211 0.0000000 0.0192318 0.0547044 0.0019804 0.0012071 0.0630675 0.0014902 0.0517863 0.0051203
 45 E  45 0.1131142 0.0451368 0.0157885 0.0115618 0.0009777 0.1044082 0.2333870 0.0039676 0.0019887 0.0014525 0.0197717 0.2437535 0.1374196 0.0000000 0.0000000 0.0374029 0.0204434 0.0000000 0.0009986 0.0084273
 46 E  46 0.0901350 0.1297265 0.0400186 0.1652584 0.0042897 0.0935975 0.1908580 0.0219549 0.0061996 0.0014703 0.0085528 0.1257058 0.0068462 0.0000000 0.0000000 0.0621979 0.0443119 0.0011877 0.0000000 0.0076892
 47 G  47 0.0018101 0.0000000 0.0000000 0.0000000 0.0117025 0.0000000 0.0000000 0.2017602 0.0000000 0.1375826 0.4646689 0.0000000 0.0385367 0.0213513 0.0000000 0.0059123 0.0042995 0.0904366 0.0016015 0.0203378
 48 Q  48 0.0378360 0.1262537 0.0365815 0.0005473 0.0014443 0.2247298 0.1311263 0.0142612 0.0076769 0.0158089 0.0427722 0.0364537 0.1613171 0.0000000 0.0042944 0.0458973 0.0967130 0.0009704 0.0000000 0.0153161
 49 K  49 0.0432691 0.1170100 0.0353766 0.0149195 0.0006433 0.0428909 0.0321596 0.0019854 0.0021440 0.0141171 0.0681321 0.4000460 0.1065162 0.0000000 0.0025940 0.0538593 0.0571171 0.0000000 0.0000000 0.0072198
 50 G  50 0.0080074 0.0012477 0.0911047 0.4017024 0.0100968 0.0056906 0.0968318 0.2171050 0.0114634 0.0021459 0.0000000 0.0032550 0.0011646 0.0000000 0.0000000 0.1363455 0.0111205 0.0000000 0.0000000 0.0027188
 51 V  51 0.0285325 0.0101716 0.0231914 0.0107684 0.0046073 0.0139079 0.0138260 0.0692406 0.0965755 0.0586193 0.0456523 0.0324054 0.0099121 0.0067241 0.4684013 0.0334231 0.0215877 0.0000000 0.0000000 0.0524536
 52 G  52 0.0372859 0.0026315 0.0159116 0.0787151 0.0065870 0.0096284 0.0334056 0.1950801 0.0065704 0.0123461 0.0097318 0.0011502 0.0016601 0.0000000 0.4120430 0.0350031 0.0383964 0.0000000 0.0000000 0.1038537
 53 D  53 0.1187448 0.0045304 0.0079381 0.1939398 0.0058987 0.0149488 0.1464268 0.0065799 0.0192611 0.0049495 0.0035390 0.0429527 0.0025159 0.0515211 0.2304911 0.0793553 0.0334656 0.0000000 0.0221990 0.0107423
 54 G  54 0.0049933 0.0027599 0.1152793 0.0229405 0.0000000 0.0370735 0.0460392 0.6643185 0.0133371 0.0000000 0.0040379 0.0042510 0.0058623 0.0027359 0.0023534 0.0583316 0.0119684 0.0000000 0.0037182 0.0000000
 55 T  55 0.0204571 0.0000000 0.0081728 0.0000000 0.2080781 0.0000000 0.0000000 0.0129609 0.0000000 0.2840261 0.0171728 0.0032393 0.0041442 0.1628060 0.0041969 0.0522807 0.1185749 0.0000000 0.0009251 0.1029651
 56 V  56 0.0055471 0.0230411 0.0163498 0.0048172 0.0606455 0.0046063 0.0198341 0.0025635 0.0069185 0.0791217 0.0102283 0.0222357 0.0018902 0.0173953 0.0000000 0.4469359 0.0882461 0.0123725 0.0313016 0.1459496
 57 S  57 0.6616895 0.0000000 0.0032657 0.0025191 0.0066943 0.0042312 0.0000000 0.0309299 0.0000000 0.0215277 0.0083899 0.0018408 0.0000000 0.0000000 0.0000000 0.2131641 0.0059171 0.0000000 0.0029062 0.0369246
 58 W  58 0.0472041 0.0471037 0.0034019 0.0063678 0.0056097 0.0070955 0.0493615 0.2506287 0.0066393 0.0151471 0.0082338 0.0596484 0.0065858 0.1666113 0.0000000 0.0431691 0.0433850 0.0872084 0.1201361 0.0264629
 59 G  59 0.0025999 0.0000000 0.0000000 0.0008276 0.0000000 0.0087161 0.0021083 0.2108836 0.0000000 0.0095236 0.0743389 0.0032912 0.0158620 0.0018912 0.6521487 0.0032630 0.0027537 0.0000000 0.0000000 0.0117921
 60 L  60 0.0229260 0.0097957 0.0142144 0.0501624 0.0049503 0.0139100 0.0785801 0.0021276 0.0211408 0.0615879 0.2337560 0.1084375 0.0596567 0.0110710 0.0027522 0.0433459 0.0540619 0.0000000 0.0137322 0.1937910
 61 E  61 0.0989556 0.0111570 0.0271823 0.1416302 0.0007785 0.0092783 0.2509011 0.2383940 0.0072270 0.0000000 0.0027392 0.0653742 0.0000000 0.0017594 0.0261485 0.0697479 0.0271407 0.0016860 0.0000000 0.0199003
 62 D  62 0.0104947 0.0056119 0.1213289 0.5797693 0.0023448 0.0147859 0.1292325 0.0198013 0.0052186 0.0044757 0.0108747 0.0066736 0.0014278 0.0055517 0.0147655 0.0483577 0.0105969 0.0000000 0.0047426 0.0039460
 63 D  63 0.0533685 0.0000000 0.3601860 0.3353565 0.0000000 0.0105376 0.0085064 0.1167454 0.0000000 0.0047164 0.0063498 0.0028019 0.0050346 0.0000000 0.0451511 0.0274622 0.0026684 0.0000000 0.0000000 0.0211150
 64 E  64 0.0587171 0.0022087 0.0358369 0.4961987 0.0073375 0.0181184 0.1124894 0.1293456 0.0133902 0.0064592 0.0026364 0.0072221 0.0023614 0.0000000 0.0152263 0.0670151 0.0039492 0.0000000 0.0055314 0.0159564
 65 D  65 0.0106819 0.0073978 0.0071102 0.5961094 0.0000000 0.0027467 0.0822543 0.1101904 0.0159852 0.0034227 0.0058463 0.0056488 0.0018507 0.0000000 0.0144849 0.0865898 0.0409868 0.0000000 0.0000000 0.0086939
 66 M  66 0.0405363 0.0132889 0.0302563 0.0060898 0.0036225 0.0348687 0.0742993 0.0784181 0.0138601 0.2082509 0.1104719 0.0140693 0.1977750 0.0083157 0.0054215 0.0739179 0.0292326 0.0000000 0.0072965 0.0500087
 67 T  67 0.0088190 0.0000000 0.3555330 0.1408651 0.0123186 0.0081020 0.0139650 0.0000000 0.0084940 0.0000000 0.0316001 0.0171531 0.0553595 0.0342630 0.0000000 0.0791350 0.1891862 0.0000000 0.0452066 0.0000000
 68 L  68 0.0013918 0.0000000 0.0000000 0.0000000 0.0180926 0.0000000 0.0000000 0.0000000 0.0000000 0.1919248 0.4955035 0.0000000 0.2118053 0.0316702 0.0040531 0.0000000 0.0013387 0.0027206 0.0081284 0.0333709
 69 T  69 0.0034588 0.1003626 0.0058141 0.0041961 0.0210456 0.0125695 0.0025602 0.0010478 0.0108095 0.0021391 0.0773527 0.0166118 0.1023080 0.3022434 0.0000000 0.0487650 0.1491232 0.0000000 0.1348774 0.0047154
 70 R  70 0.0088303 0.1027199 0.0924525 0.0196717 0.0115670 0.0241987 0.1196964 0.0017705 0.2261170 0.0165437 0.0295908 0.1122623 0.0092570 0.0049791 0.0000000 0.0779645 0.0361120 0.0039011 0.0676692 0.0346962
 71 W  71 0.0000000 0.0026238 0.0000000 0.0000000 0.0065137 0.0025570 0.0000000 0.0019658 0.0000000 0.0025013 0.0499861 0.0000000 0.0012912 0.0649923 0.0000000 0.0000000 0.0000000 0.8675687 0.0000000 0.0000000
 72 T  72 0.0151722 0.0493829 0.1281159 0.0371988 0.0018241 0.1321857 0.1324913 0.0021206 0.0550093 0.0814587 0.0070402 0.0803870 0.0039690 0.0045386 0.0000000 0.0285925 0.1596416 0.0000000 0.0051465 0.0757251
 73 G  73 0.3167866 0.0000000 0.0000000 0.0000000 0.0905048 0.0000000 0.0000000 0.3788583 0.0000000 0.0126689 0.0000000 0.0000000 0.0000000 0.0041943 0.0000000 0.0731506 0.0023072 0.0000000 0.0022287 0.1193008
 74 M  74 0.0544430 0.0022793 0.0013802 0.0010252 0.0052576 0.0083012 0.0070594 0.0549900 0.0043773 0.0395557 0.0575359 0.0145931 0.0883673 0.0103542 0.0000000 0.0249532 0.5099260 0.0015956 0.0106814 0.1033244
 75 I  75 0.0025482 0.0000000 0.0000000 0.0000000 0.0000000 0.0000000 0.0000000 0.0000000 0.0000000 0.8685365 0.0351106 0.0000000 0.0125095 0.0312003 0.0000000 0.0000000 0.0000000 0.0000000 0.0000000 0.0500949
 76 I  76 0.0401111 0.0168965 0.0188894 0.0234175 0.0029465 0.0293670 0.0592066 0.0010261 0.0111880 0.1839098 0.1856787 0.0244708 0.1015698 0.0755621 0.1131022 0.0185381 0.0562977 0.0000000 0.0058698 0.0319521
 77 G  77 0.0028938 0.0000000 0.0000000 0.0000000 0.0051208 0.0000000 0.0000000 0.9919854 0.0000000 0.0000000 0.0000000 0.0000000 0.0000000 0.0000000 0.0000000 0.0000000 0.0000000 0.0000000 0.0000000 0.0000000
 78 P  78 0.0276708 0.0098494 0.0044150 0.0000000 0.0073721 0.0044078 0.0000000 0.0211248 0.0021993 0.0000000 0.0000000 0.0781822 0.0000000 0.0000000 0.8131044 0.0215942 0.0020656 0.0000000 0.0000000 0.0080145
 79 P  79 0.1026736 0.0093095 0.0373132 0.0610102 0.0059044 0.0544714 0.0997010 0.0201298 0.0246784 0.0074942 0.0142620 0.1024390 0.0031550 0.0000000 0.3363317 0.0650120 0.0186501 0.0000000 0.0036649 0.0337996
 80 R  80 0.0089345 0.0753506 0.0803416 0.3408972 0.0000000 0.0266993 0.0393774 0.3263643 0.0617728 0.0000000 0.0000000 0.0154869 0.0000000 0.0000000 0.0000000 0.0229052 0.0018701 0.0000000 0.0000000 0.0000000
 81 T  81 0.0000000 0.0000000 0.0000000 0.0000000 0.0046365 0.0000000 0.0000000 0.0030575 0.0000000 0.0000000 0.0000000 0.0000000 0.0000000 0.0000000 0.0000000 0.3408829 0.6514231 0.0000000 0.0000000 0.0000000
 82 I  82 0.0527640 0.0000000 0.0367582 0.0178006 0.0187567 0.0042923 0.0036088 0.0000000 0.0010803 0.0627852 0.0770791 0.0000000 0.0054639 0.0037376 0.4449296 0.0130374 0.0082738 0.0000000 0.0073967 0.2422359
 83 Y  83 0.0000000 0.0000000 0.0000000 0.0000000 0.0019569 0.0031254 0.0000000 0.0000000 0.1020611 0.0000000 0.0083980 0.0000000 0.0000000 0.1528146 0.0000000 0.0000000 0.0000000 0.1444595 0.5871845 0.0000000
 84 E  84 0.0944078 0.0031414 0.0013692 0.0426388 0.0000000 0.0664412 0.7406193 0.0018309 0.0078356 0.0000000 0.0000000 0.0077092 0.0000000 0.0012699 0.0000000 0.0211001 0.0082935 0.0000000 0.0017066 0.0016365
 85 N  85 0.0000000 0.0017530 0.1884118 0.0560664 0.0050990 0.0056954 0.0044812 0.7012065 0.0023118 0.0000000 0.0000000 0.0062613 0.0000000 0.0019760 0.0000000 0.0237385 0.0014257 0.0000000 0.0015735 0.0000000
 86 R  86 0.0216714 0.2013311 0.0000000 0.0000000 0.0046139 0.0131561 0.0000000 0.6174297 0.0021113 0.0000000 0.1083287 0.0080847 0.0010406 0.0032857 0.0000000 0.0000000 0.0189468 0.0000000 0.0000000 0.0000000
 87 I  87 0.0108125 0.0183136 0.0065527 0.0044037 0.0085272 0.0094632 0.0298025 0.0048646 0.0254587 0.2587434 0.0834290 0.0466487 0.0325676 0.0204887 0.0010685 0.0418627 0.1189635 0.0000000 0.0405431 0.2374859
 88 Y  88 0.0000000 0.0000000 0.0000000 0.0000000 0.0000000 0.0000000 0.0000000 0.0000000 0.0000000 0.0050894 0.0166594 0.0000000 0.0019003 0.5875792 0.0000000 0.0014018 0.0000000 0.0000000 0.3873700 0.0000000
 89 S  89 0.0075848 0.0768180 0.0321979 0.0111003 0.0064971 0.0675847 0.0273401 0.0009203 0.0126093 0.0107752 0.0212571 0.3149094 0.0017692 0.1540065 0.0423087 0.1582953 0.0197706 0.0000000 0.0177329 0.0165225
 90 L  90 0.0856143 0.0000000 0.0000000 0.0000000 0.0025133 0.0000000 0.0000000 0.0022247 0.0000000 0.0602806 0.7364412 0.0000000 0.0069427 0.0061568 0.0025776 0.0012021 0.0053580 0.0000000 0.0000000 0.0906886
 91 K  91 0.0200977 0.0863976 0.0375053 0.1636538 0.0012314 0.0156333 0.1072151 0.0011430 0.0349085 0.0222673 0.0119966 0.1580917 0.0026272 0.0025518 0.0000000 0.1627962 0.1335376 0.0027523 0.0139973 0.0215965
 92 I  92 0.0000000 0.0000000 0.0000000 0.0000000 0.0000000 0.0000000 0.0000000 0.0000000 0.0000000 0.4270118 0.3765136 0.0000000 0.1041270 0.0340077 0.0000000 0.0000000 0.0000000 0.0000000 0.0000000 0.0583399
 93 E  93 0.0300424 0.0399615 0.0260729 0.0312993 0.0009246 0.0742890 0.1849368 0.0000000 0.1506976 0.0474904 0.0250611 0.0654468 0.0012530 0.0998992 0.0000000 0.0508471 0.1230753 0.0000000 0.0175381 0.0311646
 94 C  94 0.0027727 0.0000000 0.0000000 0.0000000 0.1953032 0.0000000 0.0000000 0.0026148 0.0000000 0.0488515 0.0873410 0.0000000 0.0011995 0.6251211 0.0000000 0.0000000 0.0022325 0.0021290 0.0053733 0.0270613
 95 G  95 0.0022037 0.0034842 0.0025387 0.0545163 0.0000000 0.0033919 0.0040217 0.1700023 0.0000000 0.0000000 0.0014883 0.0185767 0.0000000 0.0000000 0.5701626 0.0970355 0.0699565 0.0000000 0.0000000 0.0026216
 96 P  96 0.0423110 0.0121106 0.0612635 0.1233099 0.0052110 0.0417075 0.2136440 0.0131861 0.0128469 0.0118014 0.0161812 0.0646931 0.0093863 0.0055502 0.1773400 0.0934800 0.0817245 0.0000000 0.0061624 0.0080903
 97 K  97 0.0164953 0.0233769 0.1060126 0.4434793 0.0000000 0.0376571 0.1820868 0.0353752 0.0045344 0.0015531 0.0039585 0.0574943 0.0040662 0.0015683 0.0000000 0.0586306 0.0237114 0.0000000 0.0000000 0.0000000
 98 Y  98 0.0000000 0.0000000 0.0000000 0.0000000 0.0031438 0.0000000 0.0000000 0.0000000 0.0000000 0.0000000 0.0000000 0.0000000 0.0000000 0.0066257 0.0000000 0.0000000 0.0000000 0.0000000 0.9902305 0.0000000
 99 P  99 0.0000000 0.0068291 0.0000000 0.0000000 0.0000000 0.0000000 0.0000000 0.0000000 0.0000000 0.0000000 0.0060450 0.0000000 0.0000000 0.0000000 0.9843080 0.0028179 0.0000000 0.0000000 0.0000000 0.0000000
100 E 100 0.0163739 0.0022418 0.0588296 0.1170288 0.0039015 0.0145717 0.0677089 0.0011463 0.0151379 0.0052964 0.0518770 0.0037688 0.0946806 0.3179172 0.0000000 0.0653531 0.0331450 0.0000000 0.1270114 0.0040102
101 A 101 0.0931542 0.0674963 0.0444229 0.0089628 0.0126446 0.0224936 0.0729569 0.0006205 0.0108966 0.0025937 0.0071178 0.4308413 0.0128260 0.0028469 0.0000000 0.1276851 0.0356130 0.0000000 0.0040537 0.0427739
102 P 102 0.1342571 0.0051934 0.0000000 0.0000000 0.0041438 0.0000000 0.0000000 0.0000000 0.0021026 0.0000000 0.0107926 0.0000000 0.0000000 0.0000000 0.8197987 0.0193140 0.0021521 0.0000000 0.0000000 0.0022456
103 P 103 0.0000000 0.0000000 0.0000000 0.0000000 0.0000000 0.0000000 0.0000000 0.0000000 0.0000000 0.0000000 0.0030716 0.0000000 0.0000000 0.0000000 0.9938733 0.0000000 0.0000000 0.0000000 0.0000000 0.0030551
104 F 104 0.0178533 0.0351658 0.0188876 0.0107102 0.0014184 0.0417496 0.0323732 0.0008862 0.0081486 0.0319909 0.0176489 0.4622795 0.0007856 0.0163226 0.0000000 0.0603640 0.1722095 0.0000000 0.0037013 0.0675048
105 V 105 0.0208744 0.0000000 0.0000000 0.0000000 0.0836652 0.0000000 0.0000000 0.0000000 0.0000000 0.1288351 0.0309532 0.0000000 0.1050616 0.0188639 0.0000000 0.0000000 0.0000000 0.0000000 0.0000000 0.6117465
106 R 106 0.0520358 0.3268368 0.0123983 0.0000000 0.0061193 0.0464360 0.0030540 0.0005599 0.0192256 0.0115429 0.0327138 0.3282212 0.0052232 0.0059241 0.0000000 0.0250663 0.0888735 0.0074149 0.0016437 0.0267106
107 F 107 0.0000000 0.0000000 0.0000000 0.0000000 0.0000000 0.0000000 0.0000000 0.0000000 0.0000000 0.0021763 0.0028129 0.0000000 0.0017614 0.9887647 0.0000000 0.0000000 0.0000000 0.0000000 0.0024207 0.0020641
108 V 108 0.0144892 0.0935106 0.0089783 0.0494949 0.0088370 0.0226051 0.0739665 0.0000000 0.0178871 0.1121178 0.1821321 0.0543372 0.0277081 0.0010236 0.0237638 0.0107349 0.1334450 0.0000000 0.0000000 0.1649687
109 T 109 0.0116480 0.0000000 0.0128671 0.0000000 0.0100332 0.0066822 0.0013628 0.0048198 0.0000000 0.0000000 0.0000000 0.0058783 0.0000000 0.0000000 0.0719295 0.1925420 0.6822370 0.0000000 0.0000000 0.0000000
110 K 110 0.0069776 0.2580960 0.0090089 0.0178592 0.0037621 0.0125500 0.0528993 0.0215187 0.0018443 0.0000000 0.0053249 0.3816029 0.0054114 0.0000000 0.1872515 0.0145672 0.0127637 0.0009730 0.0000000 0.0075893
111 I 111 0.0000000 0.0000000 0.0000000 0.0000000 0.1091593 0.0000000 0.0000000 0.0000000 0.0000000 0.5580797 0.0810513 0.0000000 0.0939993 0.0261991 0.0000000 0.0000000 0.0024691 0.0000000 0.0021514 0.1268907
112 N 112 0.0000000 0.0042410 0.1800476 0.0000000 0.0018611 0.0018680 0.0043951 0.0000000 0.0050128 0.0012000 0.0182862 0.0018629 0.0000000 0.2993297 0.0000000 0.0049082 0.0000000 0.1192135 0.3577738 0.0000000
113 M 113 0.0000000 0.0000000 0.0000000 0.0000000 0.0000000 0.0000000 0.0000000 0.0000000 0.7958032 0.0148233 0.0783435 0.0000000 0.1073743 0.0000000 0.0000000 0.0000000 0.0000000 0.0000000 0.0000000 0.0036558
114 N 114 0.0102103 0.0000000 0.0568114 0.0000000 0.1150944 0.0000000 0.0000000 0.0059520 0.0068232 0.0016143 0.0040908 0.0000000 0.0000000 0.0000000 0.7406521 0.0218796 0.0346310 0.0000000 0.0000000 0.0022410
115 G 115 0.0000000 0.0000000 0.7923888 0.0000000 0.1174464 0.0000000 0.0000000 0.0674206 0.0028485 0.0000000 0.0000000 0.0000000 0.0000000 0.0096540 0.0000000 0.0081334 0.0000000 0.0000000 0.0000000 0.0021083
116 V 116 0.0039499 0.0000000 0.0000000 0.0000000 0.0000000 0.0000000 0.0000000 0.0000000 0.0000000 0.4002515 0.0000000 0.0000000 0.0000000 0.0084045 0.0000000 0.0000000 0.0023568 0.0000000 0.0000000 0.5850372
117 N 117 0.0135895 0.0000000 0.2811498 0.3231461 0.0000000 0.0000000 0.0035725 0.0028797 0.0226617 0.0000000 0.0015589 0.0022703 0.0000000 0.0190262 0.0000000 0.0958572 0.0050975 0.0000000 0.2291904 0.0000000
118 S 118 0.0656471 0.0485530 0.0652794 0.0064066 0.0032995 0.0882995 0.0439383 0.0072186 0.0137071 0.0122187 0.0233710 0.0879554 0.0086616 0.0319568 0.1629243 0.2731071 0.0302166 0.0000000 0.0027741 0.0244653
119 S 119 0.0355991 0.0377551 0.1781322 0.1136398 0.0039436 0.1296779 0.0412339 0.0053008 0.0495974 0.0045070 0.0631607 0.0210317 0.0000000 0.0173406 0.0021227 0.2119437 0.0359167 0.0018204 0.0193749 0.0279020
120 N 120 0.0000000 0.0017205 0.0782514 0.0105749 0.0000000 0.0020983 0.0000000 0.7335555 0.0023143 0.0000000 0.0000000 0.0000000 0.0000000 0.0000000 0.0000000 0.0389221 0.1325631 0.0000000 0.0000000 0.0000000
121 G 121 0.0269659 0.1333670 0.1357856 0.0650980 0.0027323 0.0143778 0.0163899 0.2871684 0.0053671 0.0000000 0.0033618 0.0150067 0.0062468 0.0066227 0.0000000 0.1138407 0.1030267 0.0000000 0.0105818 0.0540608
122 V 122 0.0762520 0.0117820 0.0000000 0.0028481 0.0000000 0.0044154 0.0389659 0.0000000 0.0074799 0.5085527 0.0231332 0.0279155 0.0262956 0.0000000 0.0000000 0.0076668 0.0046413 0.0000000 0.0016150 0.2584367
123 V 123 0.0104176 0.0000000 0.0000000 0.0000000 0.0073619 0.0000000 0.0104460 0.0565024 0.0000000 0.2995810 0.0046846 0.0039852 0.0071244 0.0067348 0.0000000 0.0248049 0.0000000 0.0040256 0.0000000 0.5643315
124 D 124 0.0000000 0.0060676 0.0422015 0.5643925 0.0131687 0.0078080 0.1565838 0.0000000 0.0000000 0.0688409 0.0352508 0.0394303 0.0113101 0.0096886 0.0148309 0.0000000 0.0105687 0.0000000 0.0000000 0.0198576
125 P 125 0.1113362 0.0691216 0.0276835 0.0725507 0.0000000 0.0205110 0.0925940 0.0000000 0.0201715 0.0264523 0.0625558 0.0498228 0.0101050 0.0000000 0.3321678 0.0606808 0.0355729 0.0000000 0.0086743 0.0000000
126 R 126 0.0094613 0.3000720 0.0572866 0.0215658 0.0000000 0.0234056 0.0298365 0.0133993 0.0309511 0.0343761 0.1375693 0.1054284 0.0000000 0.0000000 0.0000000 0.1708258 0.0497099 0.0000000 0.0000000 0.0161122
127 A 127 0.0204586 0.0103312 0.0056801 0.0000000 0.7930068 0.0119636 0.0013799 0.0000000 0.0111464 0.0000000 0.0153262 0.0648777 0.0097023 0.0000000 0.0000000 0.0382660 0.0092415 0.0000000 0.0067505 0.0018693
128 I 128 0.0000000 0.0000000 0.0000000 0.0000000 0.0000000 0.0000000 0.0000000 0.0000000 0.0028534 0.1375264 0.7108840 0.0000000 0.0175649 0.0794828 0.0000000 0.0000000 0.0035487 0.0040185 0.0025204 0.0416010
129 S 129 0.0170302 0.0000000 0.0047422 0.6049591 0.0000000 0.0020960 0.0000000 0.0206128 0.0212794 0.0000000 0.0021821 0.0021949 0.0000000 0.0000000 0.1086785 0.2162249 0.0000000 0.0000000 0.0000000 0.0000000
130 V 130 0.0136953 0.0038936 0.0000000 0.0000000 0.0183561 0.0000000 0.0033951 0.0000000 0.0000000 0.7091091 0.0390306 0.0000000 0.0243169 0.0000000 0.0093771 0.0076100 0.0596950 0.0000000 0.0000000 0.1115211
131 L 131 0.0000000 0.0000000 0.0033951 0.0000000 0.0000000 0.0069835 0.0000000 0.0000000 0.0086633 0.0141876 0.9522690 0.0032003 0.0000000 0.0022589 0.0011582 0.0000000 0.0030228 0.0000000 0.0000000 0.0048614
132 A 132 0.0869240 0.0443177 0.0502939 0.0034893 0.0000000 0.1176097 0.0037647 0.0540883 0.1118234 0.0000000 0.0021046 0.4311755 0.0000000 0.0000000 0.0000000 0.0909205 0.0015644 0.0000000 0.0000000 0.0019239
133 K 133 0.0098044 0.1265157 0.2542173 0.0945309 0.0000000 0.1415956 0.0552678 0.0058336 0.0178318 0.0018902 0.0000000 0.2444827 0.0000000 0.0000000 0.0032252 0.0374275 0.0053008 0.0000000 0.0000000 0.0020764
134 W 134 0.0000000 0.0000000 0.0000000 0.0000000 0.0000000 0.0000000 0.0000000 0.0048630 0.0000000 0.0000000 0.0000000 0.0000000 0.0000000 0.0000000 0.0000000 0.0000000 0.0000000 0.9917671 0.0033699 0.0000000
135 Q 135 0.0072339 0.0640883 0.0476955 0.0000000 0.0051060 0.0906809 0.0019552 0.0019818 0.0090695 0.0000000 0.0286873 0.0990924 0.0000000 0.0000000 0.0000000 0.5849383 0.0549906 0.0000000 0.0000000 0.0044803
136 N 136 0.1164623 0.1482424 0.0313961 0.0000000 0.0000000 0.0028047 0.0000000 0.0000000 0.0030242 0.0000000 0.0183903 0.0000000 0.0000000 0.0000000 0.6165589 0.0592903 0.0038309 0.0000000 0.0000000 0.0000000
137 S 137 0.4434472 0.0000000 0.0239975 0.0231721 0.0060656 0.0048342 0.0514682 0.0077747 0.0062659 0.0574759 0.0484306 0.0092659 0.0043851 0.0038942 0.0000000 0.1264785 0.0626419 0.0000000 0.0000000 0.1204025
138 Y 138 0.0011462 0.0012379 0.0202107 0.0000000 0.0034935 0.0626048 0.0028047 0.0041551 0.0524752 0.0830836 0.3476129 0.0000000 0.0191409 0.0267870 0.0009271 0.0062367 0.0064096 0.0040975 0.3490852 0.0084913
139 S 139 0.0000000 0.0038863 0.1087920 0.1399161 0.0072652 0.0686071 0.0062230 0.0140949 0.0000000 0.0053000 0.0017378 0.0012918 0.0000000 0.0000000 0.0013653 0.1205726 0.5193510 0.0000000 0.0015967 0.0000000
140 I 140 0.0000000 0.0000000 0.0000000 0.0000000 0.0108989 0.0000000 0.0000000 0.0000000 0.0000000 0.4669573 0.0700059 0.0000000 0.0957504 0.0000000 0.0000000 0.0000000 0.0070489 0.0000000 0.0000000 0.3493386
141 K 141 0.0485717 0.2095397 0.0017378 0.0081995 0.0054908 0.0388810 0.2168230 0.0137778 0.0013053 0.0034355 0.0086555 0.1951993 0.0010168 0.0000000 0.0032159 0.2226694 0.0148198 0.0033499 0.0000000 0.0033115
142 V 142 0.0501267 0.0018707 0.0275185 0.0351166 0.0000000 0.0940466 0.0028695 0.0061524 0.0063813 0.0041978 0.0025821 0.2604230 0.0076548 0.0032447 0.0000000 0.0787831 0.3905556 0.0000000 0.0014388 0.0270379
143 V 143 0.0459899 0.0000000 0.0000000 0.0000000 0.0014764 0.0000000 0.0000000 0.0000000 0.0000000 0.4368255 0.0581917 0.0000000 0.0062486 0.0025251 0.0000000 0.0018566 0.0057490 0.0000000 0.0000000 0.4411373
144 L 144 0.0000000 0.0000000 0.0000000 0.0000000 0.0054105 0.0000000 0.0000000 0.0000000 0.0000000 0.0043349 0.9528642 0.0000000 0.0177527 0.0018405 0.0045378 0.0013180 0.0000000 0.0000000 0.0000000 0.0119415
145 Q 145 0.0008926 0.0018676 0.0027745 0.0000000 0.0000000 0.0531112 0.0112495 0.0000000 0.0037743 0.1268251 0.6135943 0.0033137 0.0154187 0.0000000 0.0014189 0.0116449 0.1070322 0.0000000 0.0000000 0.0470825
146 E 146 0.0313493 0.0000000 0.0014675 0.0243280 0.0044895 0.0190569 0.1177865 0.0916653 0.0027836 0.0000000 0.0014189 0.0037590 0.0039040 0.0000000 0.0000000 0.6941557 0.0018185 0.0020172 0.0000000 0.0000000
147 L 147 0.0000000 0.0000000 0.0000000 0.0000000 0.0000000 0.0000000 0.0000000 0.0000000 0.0000000 0.5925405 0.2565920 0.0000000 0.0019418 0.0024070 0.0000000 0.0000000 0.0000000 0.0000000 0.0000000 0.1465188
148 R 148 0.0022955 0.1967218 0.0014189 0.0000000 0.1451949 0.4641144 0.0000000 0.0000000 0.0013316 0.0682294 0.0023519 0.0435362 0.0255694 0.0000000 0.0000000 0.0211137 0.0047368 0.0042335 0.0077622 0.0113898
149 R 149 0.1168684 0.1103113 0.0084346 0.0582127 0.0038902 0.0130079 0.0281642 0.0000000 0.0000000 0.0040267 0.0188882 0.0669529 0.0157061 0.0000000 0.0000000 0.5340156 0.0030219 0.0000000 0.0000000 0.0184995
150 L 150 0.0088245 0.0000000 0.0000000 0.0040681 0.0000000 0.0109611 0.0890124 0.0000000 0.0036085 0.0097243 0.7439453 0.0042629 0.0939243 0.0050727 0.0000000 0.0081105 0.0025859 0.0000000 0.0144902 0.0014093
151 M 151 0.0000000 0.0000000 0.0000000 0.0000000 0.0000000 0.0000000 0.0000000 0.0000000 0.0000000 0.0058132 0.7361702 0.0000000 0.2416234 0.0163932 0.0000000 0.0000000 0.0000000 0.0000000 0.0000000 0.0000000
152 M 152 0.1810373 0.0038996 0.0812562 0.0696615 0.0731677 0.0155681 0.0239331 0.1433582 0.0032111 0.0036313 0.0164356 0.0018229 0.0372110 0.0000000 0.0028846 0.1452786 0.1907140 0.0000000 0.0000000 0.0069292
153 S 153 0.1012270 0.0047005 0.0428748 0.3385697 0.0030229 0.0062781 0.2568626 0.0008515 0.0041805 0.0000000 0.0342705 0.0045584 0.0035166 0.0041188 0.0000000 0.1575065 0.0295839 0.0000000 0.0000000 0.0078778
154 K 154 0.0229985 0.0032505 0.0000000 0.0000000 0.0709990 0.0000000 0.0013833 0.0021097 0.0000000 0.0000000 0.0034541 0.0746213 0.0000000 0.0047284 0.7913969 0.0227067 0.0013089 0.0000000 0.0000000 0.0010427
155 E 155 0.0484279 0.0000000 0.7123404 0.0174682 0.0000000 0.0322046 0.1152210 0.0000000 0.0190502 0.0036340 0.0000000 0.0030977 0.0000000 0.0026698 0.0000000 0.0103606 0.0151038 0.0000000 0.0175331 0.0028887
156 N 156 0.0139007 0.0016807 0.3142136 0.0392779 0.0256760 0.0000000 0.0010591 0.0163268 0.0081884 0.0679838 0.0061999 0.0010445 0.0011133 0.0008971 0.4334468 0.0064681 0.0312777 0.0018719 0.0011945 0.0281792
157 M 157 0.1012064 0.0810003 0.0960506 0.2582267 0.0045526 0.0297130 0.1099666 0.0067597 0.0137120 0.0000000 0.0224415 0.0809490 0.0593310 0.0156162 0.0350604 0.0593877 0.0118576 0.0000000 0.0141688 0.0000000
158 K 158 0.0022583 0.0335713 0.0106281 0.3450977 0.0000000 0.0022226 0.0000000 0.0019804 0.0014287 0.0000000 0.0000000 0.1904517 0.0000000 0.0000000 0.0000000 0.3937647 0.0000000 0.0000000 0.0000000 0.0185964
159 L 159 0.0243108 0.0000000 0.0022753 0.0360241 0.0187361 0.0000000 0.0000000 0.0151011 0.0000000 0.0068140 0.1907112 0.0000000 0.0017494 0.0000000 0.6951767 0.0049174 0.0000000 0.0000000 0.0000000 0.0041839
160 P 160 0.2892882 0.0018220 0.0000000 0.0000000 0.0000000 0.0473494 0.0000000 0.0000000 0.0068430 0.0018205 0.4212501 0.0070855 0.0246683 0.0062856 0.1393262 0.0118779 0.0170194 0.0000000 0.0034825 0.0218814
161 Q 161 0.0433020 0.0059445 0.3516182 0.0546239 0.0009010 0.3309255 0.0257397 0.0000000 0.0031337 0.0000000 0.0111763 0.0000000 0.0074103 0.0018465 0.0000000 0.0032175 0.0000000 0.0000000 0.0000000 0.1601611
162 P 162 0.1210517 0.0019480 0.0692893 0.0344219 0.0091192 0.0118799 0.0228291 0.0986889 0.0012626 0.0211678 0.0080014 0.0018455 0.0016688 0.0000000 0.3746948 0.0636598 0.0446412 0.0000000 0.0012208 0.1126091
163 P 163 0.0613011 0.0049907 0.0240201 0.1881012 0.0000000 0.0714912 0.3029603 0.0112064 0.0184258 0.0018695 0.0047291 0.0128764 0.0022470 0.0000000 0.1843858 0.0544863 0.0103193 0.0000000 0.0235668 0.0230230
164 E 164 0.4334090 0.0000000 0.0000000 0.0044666 0.0000000 0.0000000 0.2342146 0.0047026 0.0000000 0.1758148 0.0123383 0.0044089 0.0044769 0.0000000 0.0121353 0.0024927 0.0000000 0.0000000 0.0000000 0.1115403
165 G 165 0.5952948 0.0000000 0.0071414 0.0000000 0.0123295 0.0000000 0.0000000 0.2386361 0.0023788 0.0025593 0.0000000 0.0000000 0.0000000 0.0112649 0.0000000 0.0447935 0.0000000 0.0093943 0.0720854 0.0041221
166 Q 166 0.0599745 0.0692904 0.0469926 0.0169168 0.0000000 0.1549157 0.1287652 0.0148356 0.0449655 0.0096521 0.0093521 0.1469354 0.0147470 0.0000000 0.0000000 0.1080570 0.1432683 0.0000000 0.0055821 0.0257497
167 C 167 0.0192005 0.0030249 0.0184429 0.0085124 0.0363082 0.0969029 0.0453405 0.0000000 0.0373983 0.0596974 0.3472862 0.0027412 0.1538843 0.0064814 0.0000000 0.0137713 0.1020455 0.0000000 0.0060290 0.0429330
168 Y 168 0.0000000 0.0000000 0.0000000 0.0000000 0.0000000 0.0000000 0.0000000 0.0000000 0.0032367 0.0024107 0.0048091 0.0000000 0.0030809 0.2545645 0.0000000 0.0000000 0.0000000 0.2840436 0.4478545 0.0000000
169 S 169 0.0181304 0.1649401 0.0592827 0.0549308 0.0000000 0.0388923 0.0344934 0.0045454 0.0097690 0.0180228 0.0214761 0.3446285 0.0422281 0.0000000 0.0132654 0.1316002 0.0215243 0.0000000 0.0000000 0.0222706
170 N 170 0.0000000 0.0000000 0.6776022 0.2713165 0.0000000 0.0000000 0.0000000 0.0000000 0.0510813 0.0000000 0.0000000 0.0000000 0.0000000 0.0000000 0.0000000 0.0000000 0.0000000 0.0000000 0.0000000 0.0000000
