  186         A         R         N         D         C         Q         E         G         H         I         L         K         M         F         P         S         T         W         Y         V         X    
  1 H   1 0.0000000 0.0085448 0.0000000 0.0000000 0.0000000 0.0000000 0.0000000 0.0000000 0.0087768 0.0000000 0.0000000 0.0000000 0.0000000 0.0000000 0.0000000 0.0000000 0.0000000 0.0000000 0.0000000 0.0000000 0.9826784
  2 M   2 0.0000000 0.0000000 0.0000000 0.0000000 0.0039852 0.0000000 0.0000000 0.0000000 0.0000000 0.0023620 0.0035910 0.0000000 0.2228641 0.0000000 0.0000000 0.0000000 0.0000000 0.0000000 0.0000000 0.0000000 0.7671978
  3 A   3 0.1483596 0.0020729 0.0044783 0.0059209 0.0039852 0.0000000 0.0000000 0.0065519 0.0000000 0.0000000 0.0025855 0.0000000 0.0019176 0.0000000 0.0023472 0.0823966 0.0085819 0.0000000 0.0000000 0.0000000 0.7308026
  4 A   4 0.0617203 0.0061600 0.0106760 0.0052985 0.0000000 0.0118292 0.0031418 0.0213512 0.0018791 0.0000000 0.0022839 0.0208294 0.0015915 0.0059390 0.0228206 0.0871521 0.0133431 0.0000000 0.0033312 0.0019946 0.7186584
  5 N   5 0.0160156 0.0129892 0.0508025 0.0124232 0.0022590 0.0075002 0.0011300 0.0342950 0.0052389 0.0033515 0.0023813 0.0204533 0.0016455 0.0039600 0.0309900 0.0356832 0.0209139 0.0071076 0.0202654 0.0087804 0.7018141
  6 K   6 0.0235685 0.0299763 0.0103763 0.0335612 0.0000000 0.0187952 0.0132528 0.1216767 0.0031632 0.0020664 0.0064040 0.0379166 0.0327982 0.0000000 0.0156622 0.0741601 0.0160202 0.0000000 0.0028584 0.0053728 0.5523709
  7 S   7 0.1241013 0.0226012 0.0241921 0.0259448 0.0000000 0.0110168 0.0172536 0.0543729 0.0000000 0.0000000 0.0000000 0.0162649 0.0023262 0.0000000 0.0301214 0.0819226 0.0491868 0.0000000 0.0042069 0.0021216 0.5343669
  8 K   8 0.0453731 0.0897323 0.0267779 0.0099696 0.0000000 0.0240405 0.0110691 0.0423938 0.0058069 0.0036775 0.0046674 0.0560004 0.1331474 0.0032065 0.0207689 0.0530353 0.0212385 0.0000000 0.0258214 0.0051890 0.4180845
  9 G   9 0.0781944 0.0054933 0.0870784 0.0857725 0.0000000 0.0181904 0.0992554 0.0753576 0.0047028 0.0030527 0.0035910 0.0046272 0.0000000 0.0023116 0.0279424 0.0788824 0.0410583 0.0000000 0.0043329 0.0033433 0.3768136
 10 Q  10 0.0241267 0.0519543 0.0284078 0.1246774 0.0000000 0.0854784 0.0683635 0.0196954 0.0091205 0.0010756 0.0019042 0.0843027 0.0000000 0.0088497 0.0725750 0.0465529 0.0180893 0.0035910 0.0270965 0.0000000 0.3241391
 11 S  11 0.0305788 0.0074985 0.0848474 0.0892955 0.0012700 0.0390852 0.2257631 0.0267039 0.0090036 0.0015389 0.0000000 0.0295333 0.0000000 0.0105056 0.0229666 0.1063195 0.0469580 0.0000000 0.0029267 0.0000000 0.2652055
 12 S  12 0.0086180 0.0000000 0.0032818 0.0010812 0.0074629 0.0155170 0.0113912 0.0237292 0.0064438 0.0203982 0.0000000 0.0315200 0.0000000 0.0650669 0.0232035 0.0318980 0.0000000 0.0000000 0.5081108 0.0025246 0.2397528
 13 L  13 0.0304337 0.0067663 0.0154446 0.5494815 0.0026921 0.0120241 0.0186517 0.0000000 0.0069332 0.0126475 0.0394423 0.0026632 0.0916592 0.0000000 0.0078117 0.0280547 0.0081194 0.0000000 0.0024163 0.0067424 0.1580160
 14 A  14 0.0187319 0.1054504 0.0000000 0.0000000 0.0178618 0.0079347 0.0025082 0.0012472 0.0565941 0.0038061 0.0380105 0.0105290 0.0192213 0.0572253 0.0066075 0.0150482 0.0232322 0.0078388 0.4430902 0.0205596 0.1445030
 15 L  15 0.0129390 0.0092406 0.0053220 0.0096397 0.0000000 0.0284242 0.0951364 0.0000000 0.0000000 0.0435417 0.5842217 0.0000000 0.0296217 0.0029474 0.0000000 0.0101710 0.0082375 0.0000000 0.0000000 0.0664854 0.0940715
 16 H  16 0.0000000 0.0000000 0.0000000 0.0000000 0.0009623 0.0024163 0.0000000 0.0037009 0.0499081 0.0437018 0.0232952 0.0000000 0.0184891 0.5842913 0.0000000 0.0000000 0.0000000 0.0019712 0.1764935 0.0096045 0.0851657
 17 K  17 0.0000000 0.0108327 0.0000000 0.0000000 0.0000000 0.0038031 0.0000000 0.0000000 0.0179644 0.0000000 0.0000000 0.8892725 0.0000000 0.0012439 0.0015107 0.0000000 0.0000000 0.0000000 0.0000000 0.0000000 0.0753725
 18 V  18 0.0039423 0.0000000 0.0000000 0.0000000 0.0000000 0.0000000 0.0015389 0.0000000 0.0000000 0.1916516 0.4081278 0.0000000 0.0043393 0.0094401 0.0000000 0.0000000 0.0010238 0.0000000 0.0797388 0.2294441 0.0707531
 19 I  19 0.0080899 0.0000000 0.0000000 0.0000000 0.0098959 0.0000000 0.0000000 0.0017782 0.0000000 0.1382578 0.3043996 0.0000000 0.0162696 0.0000000 0.0000000 0.0021171 0.0000000 0.0000000 0.0000000 0.4506254 0.0685664
 20 M  20 0.0000000 0.0000000 0.0000000 0.0000000 0.0026934 0.0000000 0.0000000 0.0000000 0.0000000 0.1665908 0.5249463 0.0000000 0.0790959 0.0000000 0.0000000 0.0000000 0.0000000 0.0000000 0.0000000 0.1584376 0.0682360
 21 V  21 0.0000000 0.0000000 0.0000000 0.0032440 0.0000000 0.0000000 0.0000000 0.0000000 0.0000000 0.6058171 0.1805031 0.0000000 0.0118388 0.0000000 0.0000000 0.0018573 0.0038718 0.0000000 0.0000000 0.1230929 0.0697750
 22 G  22 0.0000000 0.0000000 0.0000000 0.0000000 0.0000000 0.0000000 0.0000000 0.9302250 0.0000000 0.0000000 0.0000000 0.0000000 0.0000000 0.0000000 0.0000000 0.0000000 0.0000000 0.0000000 0.0000000 0.0000000 0.0697750
 23 S  23 0.0426622 0.0000000 0.0419213 0.6767997 0.0000000 0.0041509 0.0312158 0.0135249 0.0000000 0.0000000 0.0000000 0.0000000 0.0000000 0.0000000 0.0053220 0.1047274 0.0079297 0.0000000 0.0000000 0.0019712 0.0697750
 24 G  24 0.0142105 0.0016008 0.0000000 0.0000000 0.0047349 0.0016313 0.0000000 0.2411045 0.0000000 0.0000000 0.0019712 0.0000000 0.0184464 0.0000000 0.0000000 0.5945420 0.0564458 0.0000000 0.0000000 0.0000000 0.0653126
 25 G  25 0.0935464 0.0000000 0.0024820 0.0024982 0.0042980 0.0000000 0.0000000 0.7856240 0.0000000 0.0000000 0.0000000 0.0000000 0.0000000 0.0000000 0.0000000 0.0425762 0.0041157 0.0000000 0.0000000 0.0000000 0.0648595
 26 V  26 0.0016790 0.0000000 0.0000000 0.0000000 0.0000000 0.0000000 0.0000000 0.0037487 0.0000000 0.0038031 0.0010181 0.0000000 0.0020716 0.0036848 0.0000000 0.0000000 0.0092230 0.0000000 0.0000000 0.9099122 0.0648595
 27 G  27 0.0000000 0.0000000 0.0000000 0.0000000 0.0000000 0.0000000 0.0000000 0.9351405 0.0000000 0.0000000 0.0000000 0.0000000 0.0000000 0.0000000 0.0000000 0.0000000 0.0000000 0.0000000 0.0000000 0.0000000 0.0648595
 28 K  28 0.0000000 0.0000000 0.0000000 0.0000000 0.0000000 0.0000000 0.0000000 0.0000000 0.0000000 0.0000000 0.0000000 1.0000000 0.0000000 0.0000000 0.0000000 0.0000000 0.0000000 0.0000000 0.0000000 0.0000000 0.0000000
 29 S  29 0.0000000 0.0000000 0.0000000 0.0000000 0.0000000 0.0000000 0.0000000 0.0000000 0.0000000 0.0000000 0.0000000 0.0000000 0.0000000 0.0000000 0.0000000 0.8164240 0.1835760 0.0000000 0.0000000 0.0000000 0.0000000
 30 A  30 0.2571352 0.0000000 0.2210310 0.0000000 0.3734886 0.0243928 0.0000000 0.0000000 0.0000000 0.0000000 0.0000000 0.0000000 0.0000000 0.0000000 0.0000000 0.1213668 0.0025855 0.0000000 0.0000000 0.0000000 0.0000000
 31 L  31 0.0012420 0.0000000 0.0000000 0.0000000 0.0097681 0.0000000 0.0000000 0.0000000 0.0000000 0.0703261 0.8142699 0.0000000 0.0224840 0.0283576 0.0000000 0.0000000 0.0000000 0.0000000 0.0000000 0.0535523 0.0000000
 32 T  32 0.0017782 0.0018701 0.0000000 0.0000000 0.0032008 0.0019687 0.0000000 0.0000000 0.0000000 0.0127662 0.6441370 0.0000000 0.0029792 0.0000000 0.0000000 0.0000000 0.2997705 0.0000000 0.0000000 0.0315294 0.0000000
 33 L  33 0.0521773 0.0067789 0.0034658 0.0022839 0.0000000 0.0040164 0.0000000 0.0012108 0.0256550 0.1544145 0.3682064 0.0000000 0.0211005 0.0629503 0.0000000 0.1875040 0.0086285 0.0000000 0.0027395 0.0988682 0.0000000
 34 Q  34 0.0000000 0.5959405 0.0000000 0.0000000 0.0000000 0.3840676 0.0000000 0.0000000 0.0024335 0.0000000 0.0000000 0.0027739 0.0000000 0.0000000 0.0000000 0.0147845 0.0000000 0.0000000 0.0000000 0.0000000 0.0000000
 35 F  35 0.0000000 0.0000000 0.0000000 0.0000000 0.0000000 0.0000000 0.0000000 0.0000000 0.0000000 0.0000000 0.0926476 0.0000000 0.0000000 0.8425638 0.0000000 0.0000000 0.0000000 0.0000000 0.0647886 0.0000000 0.0000000
 36 M  36 0.2000112 0.0037290 0.0000000 0.0000000 0.0479774 0.0000000 0.0024933 0.0000000 0.0000000 0.1200068 0.0000000 0.0211724 0.0439132 0.0038031 0.0000000 0.1022905 0.2958631 0.0000000 0.0000000 0.1587399 0.0000000
 37 Y  37 0.0097546 0.2034724 0.0155190 0.2938777 0.0000000 0.1805950 0.1072733 0.0000000 0.0059301 0.0000000 0.0245444 0.0350130 0.0023116 0.0023315 0.0000000 0.0538712 0.0215930 0.0000000 0.0439132 0.0000000 0.0000000
 38 D  38 0.0052604 0.0020411 0.3515037 0.3260863 0.0011202 0.0179753 0.0107638 0.1124917 0.0348798 0.0000000 0.0000000 0.0798508 0.0000000 0.0000000 0.0000000 0.0580267 0.0000000 0.0000000 0.0000000 0.0000000 0.0000000
 39 E  39 0.0675724 0.0845633 0.0220508 0.0036786 0.0000000 0.0397083 0.2643363 0.0000000 0.1217605 0.0604923 0.0070934 0.0544586 0.0035914 0.0000000 0.0000000 0.1209623 0.1159589 0.0000000 0.0054861 0.0282870 0.0000000
 40 F  40 0.0000000 0.0000000 0.0000000 0.0000000 0.0000000 0.0000000 0.0000000 0.0000000 0.0021864 0.0026301 0.0000000 0.0000000 0.0000000 0.8709792 0.0000000 0.0000000 0.0000000 0.0246681 0.0944116 0.0000000 0.0051246
 41 V  41 0.0103212 0.0148988 0.2048067 0.0235747 0.0177521 0.0540584 0.0060341 0.0000000 0.0154358 0.0620448 0.0579726 0.0048317 0.0142693 0.0037070 0.0139898 0.0951128 0.1479597 0.0000000 0.0086677 0.2326802 0.0118827
 42 E  42 0.0381743 0.0000000 0.0228116 0.1501351 0.0000000 0.0161833 0.2979530 0.0207585 0.0081746 0.0092475 0.1769485 0.0053728 0.0057831 0.0009425 0.1341841 0.0556405 0.0497442 0.0000000 0.0022725 0.0056741 0.0000000
 43 D  43 0.0245577 0.0096144 0.0455477 0.1692555 0.0021176 0.0036280 0.2545357 0.0026632 0.0110127 0.0016997 0.0046582 0.0597085 0.0020934 0.0035619 0.0000000 0.1889759 0.1177939 0.0000000 0.0543108 0.0442652 0.0000000
 44 Y  44 0.0000000 0.0000000 0.0013328 0.0000000 0.0179170 0.0216483 0.0000000 0.0000000 0.1143081 0.0078624 0.0151590 0.0018182 0.0000000 0.1605846 0.0000000 0.2269090 0.0168767 0.0000000 0.4155840 0.0000000 0.0000000
 45 E  45 0.0100862 0.0127971 0.0025464 0.3313529 0.0000000 0.0055704 0.0636094 0.0089636 0.0013985 0.2566599 0.0134515 0.2224731 0.0025325 0.0000000 0.0186792 0.0148402 0.0000000 0.0000000 0.0053938 0.0296454 0.0000000
 46 P  46 0.0567218 0.0000000 0.0101287 0.0000000 0.0024933 0.0000000 0.0000000 0.0000000 0.0218508 0.0000000 0.0586375 0.0000000 0.0000000 0.0046055 0.3448908 0.3945004 0.1021060 0.0000000 0.0000000 0.0040651 0.0000000
 47 T  47 0.0000000 0.0000000 0.0000000 0.0000000 0.0000000 0.0000000 0.0000000 0.0000000 0.0000000 0.0000000 0.0000000 0.0000000 0.0000000 0.0000000 0.0000000 0.0000000 1.0000000 0.0000000 0.0000000 0.0000000 0.0000000
 48 K  48 0.0000000 0.0036650 0.0000000 0.0000000 0.0000000 0.0000000 0.0000000 0.0000000 0.0000000 0.8922396 0.0079631 0.0447323 0.0027778 0.0000000 0.0000000 0.0000000 0.0000000 0.0000000 0.0000000 0.0486221 0.0000000
 49 A  49 0.0447323 0.0000000 0.0000000 0.0000000 0.0000000 0.0000000 0.2620421 0.6932256 0.0000000 0.0000000 0.0000000 0.0000000 0.0000000 0.0000000 0.0000000 0.0000000 0.0000000 0.0000000 0.0000000 0.0000000 0.0000000
 50 D  50 0.0206514 0.0000000 0.0048361 0.3019383 0.0000000 0.0000000 0.0000000 0.0000000 0.0000000 0.1645375 0.0000000 0.0000000 0.0000000 0.0000000 0.0000000 0.0000000 0.0000000 0.0000000 0.0000000 0.5080367 0.0000000
 51 S  51 0.0377292 0.0000000 0.0029378 0.3544770 0.0000000 0.0000000 0.3151594 0.0042203 0.0000000 0.0000000 0.0000000 0.0000000 0.0000000 0.0000000 0.0000000 0.2854763 0.0000000 0.0000000 0.0000000 0.0000000 0.0000000
 52 Y  52 0.0000000 0.0000000 0.0000000 0.0000000 0.0000000 0.0000000 0.0000000 0.0000000 0.0000000 0.0000000 0.0032440 0.0000000 0.0000000 0.6841698 0.0000000 0.0000000 0.0000000 0.0000000 0.3125862 0.0000000 0.0000000
 53 R  53 0.0000000 0.2911451 0.0000000 0.0000000 0.0017159 0.0445646 0.0000000 0.0624982 0.0029378 0.0032383 0.0018248 0.3013971 0.0026632 0.0041157 0.0011767 0.0266492 0.2488323 0.0000000 0.0033585 0.0000000 0.0038825
 54 K  54 0.0045198 0.4392498 0.0015067 0.0000000 0.0000000 0.0352727 0.0000000 0.0000000 0.0000000 0.0063154 0.0000000 0.4695456 0.0042319 0.0029378 0.0000000 0.0000000 0.0325379 0.0000000 0.0000000 0.0000000 0.0038825
 55 K  55 0.0064094 0.0192784 0.0212962 0.0000000 0.0000000 0.2394222 0.0015733 0.0013773 0.0183792 0.0201342 0.0174524 0.0602498 0.0460863 0.0015444 0.0000000 0.1355454 0.3737282 0.0000000 0.0015188 0.0256445 0.0103601
 56 V  56 0.0287174 0.0000000 0.0000000 0.0000000 0.0630267 0.0000000 0.0000000 0.0000000 0.0000000 0.3777713 0.1081154 0.0000000 0.0385462 0.0060786 0.0000000 0.0000000 0.0199898 0.0000000 0.0000000 0.3473944 0.0103601
 57 V  57 0.0089170 0.0228039 0.0631209 0.0861975 0.0129387 0.0750406 0.3393851 0.0000000 0.0041602 0.0184608 0.0190758 0.0258535 0.0118010 0.0152914 0.0028909 0.0252900 0.0841150 0.0000000 0.0098224 0.1644751 0.0103601
 58 L  58 0.0056405 0.0233108 0.0000000 0.0000000 0.0000000 0.0148512 0.0000000 0.0000000 0.0000000 0.3792625 0.2160149 0.0058736 0.0082317 0.0045591 0.0000000 0.0060063 0.0074198 0.0000000 0.0045376 0.3204094 0.0038825
 59 D  59 0.0107868 0.0054954 0.0801059 0.6389008 0.0027068 0.0231455 0.1016567 0.0392628 0.0074804 0.0029378 0.0032001 0.0144776 0.0000000 0.0000000 0.0000000 0.0102170 0.0000000 0.0000000 0.0000000 0.0000000 0.0596264
 60 G  60 0.0209362 0.0011497 0.0949793 0.1290521 0.0029212 0.0131222 0.0420009 0.5843616 0.0182552 0.0000000 0.0000000 0.0101273 0.0000000 0.0000000 0.0000000 0.0206458 0.0028221 0.0000000 0.0000000 0.0000000 0.0596264
 61 E  61 0.0062577 0.0562126 0.0064098 0.0087074 0.0000000 0.0929713 0.1697349 0.0009445 0.0078539 0.0017559 0.0031918 0.5239338 0.0053206 0.0011868 0.0000000 0.0115817 0.0251188 0.0000000 0.0016470 0.0175451 0.0596264
 62 E  62 0.0406064 0.1090189 0.0213035 0.0080262 0.0025702 0.1118507 0.0667221 0.0026735 0.0046081 0.0301673 0.0151221 0.1486524 0.0025561 0.0000000 0.0494634 0.0291373 0.2167814 0.0014196 0.0017086 0.0779857 0.0596264
 63 V  63 0.0754835 0.0000000 0.0000000 0.0000000 0.1455154 0.0000000 0.0000000 0.0036546 0.0000000 0.3546077 0.0253845 0.0000000 0.0029803 0.0102354 0.0000000 0.0022034 0.0025829 0.0000000 0.0141062 0.3036197 0.0596264
 64 Q  64 0.0015985 0.0031078 0.0089147 0.0079238 0.0000000 0.0372981 0.0008712 0.0000000 0.0000000 0.0202821 0.1137339 0.6355932 0.0880865 0.0033904 0.0000000 0.0020700 0.0051817 0.0000000 0.0039852 0.0083366 0.0596264
 65 I  65 0.1712883 0.0000000 0.0000000 0.0000000 0.0013454 0.0000000 0.0000000 0.0027195 0.0000000 0.0473000 0.6849882 0.0000000 0.0057756 0.0170167 0.0000000 0.0014348 0.0011548 0.0000000 0.0020543 0.0052961 0.0596264
 66 D  66 0.0110637 0.0020543 0.0000000 0.1916894 0.0000000 0.5779623 0.1279764 0.0000000 0.0018857 0.0000000 0.0000000 0.0000000 0.0000000 0.0000000 0.0000000 0.0020139 0.0175615 0.0000000 0.0000000 0.0000000 0.0677928
 67 I  67 0.0000000 0.0008965 0.0000000 0.0000000 0.0034658 0.0000000 0.0000000 0.0000000 0.0000000 0.8203086 0.0130852 0.0000000 0.0014978 0.0020543 0.0000000 0.0000000 0.0036848 0.0000000 0.0000000 0.0889031 0.0661039
 68 L  68 0.0000000 0.0000000 0.0000000 0.0000000 0.0000000 0.0000000 0.0000000 0.0000000 0.0000000 0.0000000 0.2949748 0.0000000 0.0000000 0.0000000 0.0000000 0.0000000 0.0000000 0.6374818 0.0053220 0.0000000 0.0622214
 69 D  69 0.0000000 0.0000000 0.0000000 0.9330593 0.0000000 0.0000000 0.0000000 0.0000000 0.0000000 0.0000000 0.0000000 0.0000000 0.0000000 0.0000000 0.0000000 0.0047193 0.0000000 0.0000000 0.0000000 0.0000000 0.0622214
 70 T  70 0.0047130 0.0000000 0.0000000 0.0000000 0.0000000 0.0000000 0.0000000 0.0047193 0.0000000 0.0000000 0.0000000 0.0000000 0.0000000 0.0000000 0.0000000 0.0000000 0.9348239 0.0000000 0.0000000 0.0000000 0.0557438
 71 A  71 0.9308704 0.0000000 0.0000000 0.0000000 0.0000000 0.0000000 0.0000000 0.0000000 0.0000000 0.0000000 0.0000000 0.0000000 0.0000000 0.0064776 0.0000000 0.0069082 0.0000000 0.0000000 0.0000000 0.0000000 0.0557438
 72 G  72 0.0000000 0.0000000 0.0000000 0.0000000 0.0000000 0.0000000 0.0000000 0.9377786 0.0000000 0.0000000 0.0000000 0.0000000 0.0000000 0.0000000 0.0000000 0.0064776 0.0000000 0.0000000 0.0000000 0.0000000 0.0557438
 73 L  73 0.0000000 0.0000000 0.0000000 0.0000000 0.0000000 0.8563890 0.0000000 0.0000000 0.0014903 0.0016803 0.0104038 0.0000000 0.0000000 0.0000000 0.0000000 0.0000000 0.0647601 0.0000000 0.0000000 0.0095326 0.0557438
 74 E  74 0.0226629 0.0000000 0.0000000 0.0223785 0.0000000 0.0000000 0.8828452 0.0015062 0.0000000 0.0025809 0.0000000 0.0000000 0.0000000 0.0000000 0.0000000 0.0000000 0.0000000 0.0000000 0.0000000 0.0122824 0.0557438
 75 D  75 0.0048084 0.5675382 0.0000000 0.0573010 0.0000000 0.0835171 0.1610775 0.0000000 0.0000000 0.0000000 0.0000000 0.0063141 0.0000000 0.0000000 0.0000000 0.0547801 0.0042203 0.0000000 0.0000000 0.0000000 0.0604433
 76 Y  76 0.0000000 0.0000000 0.0000000 0.0000000 0.0000000 0.0000000 0.0000000 0.0000000 0.0000000 0.0000000 0.0120130 0.0000000 0.0000000 0.5780858 0.0000000 0.0000000 0.0000000 0.0000000 0.3541574 0.0000000 0.0557438
 77 A  77 0.0389790 0.5746594 0.0000000 0.0000000 0.0000000 0.0017857 0.0046995 0.0094405 0.0349837 0.0033665 0.0000000 0.0284549 0.0000000 0.0000000 0.0000000 0.0963374 0.1472139 0.0000000 0.0000000 0.0043357 0.0557438
 78 A  78 0.4895985 0.0000000 0.0000000 0.0000000 0.0000000 0.0027778 0.0000000 0.0000000 0.0000000 0.0046995 0.0000000 0.0000000 0.0000000 0.0000000 0.0000000 0.1205193 0.3239029 0.0000000 0.0000000 0.0000000 0.0585021
 79 I  79 0.0000000 0.0000000 0.0000000 0.0000000 0.0000000 0.0000000 0.0000000 0.0000000 0.0000000 0.5466009 0.0744395 0.0000000 0.2168350 0.0000000 0.0000000 0.0000000 0.0000000 0.0000000 0.0000000 0.1036225 0.0585021
 80 R  80 0.0172044 0.2977506 0.0000000 0.0000000 0.0000000 0.0062656 0.0000000 0.0000000 0.0000000 0.0000000 0.0000000 0.0027583 0.0000000 0.0000000 0.0000000 0.0027195 0.6154645 0.0000000 0.0000000 0.0020934 0.0557438
 81 D  81 0.0098311 0.0954473 0.0093166 0.2144703 0.0029131 0.0191339 0.0923041 0.0021889 0.0162696 0.0000000 0.0000000 0.0032445 0.0010004 0.0000000 0.0221039 0.3194559 0.1365766 0.0000000 0.0000000 0.0000000 0.0557438
 82 N  82 0.3279257 0.0025702 0.0531690 0.0000000 0.0000000 0.1703031 0.0000000 0.0039596 0.0000000 0.0000000 0.0824506 0.0000000 0.0164312 0.0000000 0.0000000 0.2628252 0.0246216 0.0000000 0.0000000 0.0000000 0.0557438
 83 Y  83 0.0000000 0.0000000 0.0000000 0.0000000 0.0000000 0.0000000 0.0000000 0.0000000 0.0000000 0.0000000 0.0000000 0.0000000 0.0000000 0.0067905 0.0000000 0.0000000 0.0000000 0.0428230 0.8946426 0.0000000 0.0557438
 84 F  84 0.0000000 0.0000000 0.0000000 0.0000000 0.0000000 0.0000000 0.0000000 0.0000000 0.0000000 0.0562520 0.0000000 0.0000000 0.2019349 0.0415140 0.0000000 0.0000000 0.0000000 0.0000000 0.6381706 0.0063847 0.0557438
 85 R  85 0.0000000 0.8430689 0.0000000 0.0000000 0.0000000 0.0000000 0.0000000 0.0000000 0.0060661 0.0000000 0.0000000 0.0951212 0.0000000 0.0000000 0.0000000 0.0000000 0.0000000 0.0000000 0.0000000 0.0000000 0.0557438
 86 S  86 0.0097762 0.0000000 0.0761979 0.0366894 0.0148633 0.0130575 0.0120790 0.6048064 0.0000000 0.0000000 0.0000000 0.0000000 0.0000000 0.0000000 0.0000000 0.0911230 0.0856634 0.0000000 0.0000000 0.0000000 0.0557438
 87 G  87 0.5874340 0.0027739 0.0046995 0.0000000 0.0120130 0.0000000 0.0047130 0.2862879 0.0000000 0.0000000 0.0000000 0.0000000 0.0000000 0.0000000 0.0000000 0.0223093 0.0211124 0.0000000 0.0000000 0.0029132 0.0557438
 88 E  88 0.0765192 0.0036361 0.0216787 0.0229530 0.0054038 0.1302052 0.1996221 0.0000000 0.1327142 0.0073429 0.0163383 0.0062656 0.1502135 0.0053370 0.0000000 0.0073658 0.0008341 0.0000000 0.0000000 0.1578268 0.0557438
 89 G  89 0.0443532 0.0000000 0.0000000 0.0000000 0.0032501 0.0000000 0.0000000 0.8929681 0.0000000 0.0000000 0.0000000 0.0000000 0.0000000 0.0000000 0.0000000 0.0000000 0.0000000 0.0000000 0.0000000 0.0036848 0.0557438
 90 F  90 0.2873773 0.0000000 0.0000000 0.0000000 0.0000000 0.0000000 0.0000000 0.0024820 0.0000000 0.2519366 0.0221711 0.0000000 0.0000000 0.3276473 0.0000000 0.0000000 0.0027739 0.0000000 0.0036848 0.0461832 0.0557438
 91 L  91 0.0264688 0.0000000 0.0000000 0.0000000 0.0033518 0.0000000 0.0000000 0.0000000 0.0000000 0.2672236 0.4789140 0.0000000 0.0804814 0.0000000 0.0000000 0.0000000 0.0000000 0.0000000 0.0000000 0.0878166 0.0557438
 92 L  92 0.0000000 0.0000000 0.0000000 0.0000000 0.0630680 0.0000000 0.0000000 0.0000000 0.0000000 0.1288220 0.5926604 0.0009872 0.0466091 0.0030593 0.0000000 0.0000000 0.0033876 0.0000000 0.0000000 0.1056626 0.0557438
 93 V  93 0.0066087 0.0000000 0.0000000 0.0000000 0.0348531 0.0000000 0.0000000 0.0000000 0.0000000 0.0225940 0.0220708 0.0000000 0.0237653 0.0022688 0.0000000 0.0000000 0.0130480 0.0000000 0.0000000 0.8190475 0.0557438
 94 F  94 0.0000000 0.0000000 0.0000000 0.0000000 0.0000000 0.0000000 0.0000000 0.0000000 0.0000000 0.0000000 0.0000000 0.0000000 0.0000000 0.1012471 0.0000000 0.0000000 0.0000000 0.0000000 0.8430091 0.0000000 0.0557438
 95 S  95 0.0261488 0.0000000 0.0059968 0.6333316 0.0000000 0.0000000 0.0031217 0.0000000 0.0000000 0.0000000 0.0000000 0.0000000 0.0000000 0.0000000 0.0000000 0.2732127 0.0024446 0.0000000 0.0000000 0.0000000 0.0557438
 96 I  96 0.0010039 0.0000000 0.0000000 0.0000000 0.0059470 0.0000000 0.0000000 0.0000000 0.0000000 0.5837411 0.0071508 0.0000000 0.0110354 0.0000000 0.0000000 0.0016832 0.0086565 0.0000000 0.0000000 0.3250383 0.0557438
 97 T  97 0.0312876 0.0000000 0.0353348 0.0036374 0.0122611 0.0025424 0.0023766 0.0023509 0.0000000 0.0107395 0.0020700 0.0000000 0.0000000 0.0000000 0.0000000 0.0782660 0.7586904 0.0000000 0.0000000 0.0046995 0.0557438
 98 E  98 0.0407028 0.1564754 0.1406545 0.2347784 0.0087127 0.0090937 0.0429201 0.0010513 0.0000000 0.0000000 0.0024990 0.1282956 0.0000000 0.0000000 0.0000000 0.1678937 0.0047130 0.0000000 0.0053220 0.0011439 0.0557438
 99 H  99 0.0251462 0.3752537 0.0026506 0.0158633 0.0000000 0.1514171 0.1061130 0.0185521 0.0588720 0.0035586 0.0160283 0.0579836 0.0368657 0.0000000 0.0183091 0.0242819 0.0237201 0.0022590 0.0049751 0.0024067 0.0557438
100 E 100 0.0428221 0.0463026 0.0260474 0.1040150 0.0000000 0.0960094 0.2162905 0.0122454 0.0235492 0.0121664 0.0252859 0.0922260 0.0021113 0.0000000 0.0064168 0.1934271 0.0271777 0.0000000 0.0000000 0.0181632 0.0557438
101 S 101 0.0000000 0.0016889 0.0023766 0.0047130 0.0000000 0.0000000 0.0000000 0.0000000 0.0000000 0.0000000 0.0000000 0.0000000 0.0000000 0.0000000 0.0000000 0.6085577 0.3269200 0.0000000 0.0000000 0.0000000 0.0557438
102 F 102 0.0000000 0.0000000 0.0000000 0.0000000 0.0047130 0.0000000 0.0000000 0.0000000 0.0000000 0.0000000 0.0396116 0.0000000 0.0017174 0.8169732 0.0000000 0.0000000 0.0000000 0.0000000 0.0812411 0.0000000 0.0557438
103 T 103 0.0461091 0.0092002 0.2441339 0.1646081 0.0000000 0.0534616 0.2677508 0.0082211 0.0128144 0.0035598 0.0141701 0.0234795 0.0023725 0.0000000 0.0000000 0.0220426 0.0589784 0.0015597 0.0022781 0.0095163 0.0557438
104 A 104 0.0569199 0.0395267 0.3896052 0.0867657 0.0026632 0.0174051 0.1424426 0.0061363 0.1229081 0.0000000 0.0000000 0.0082303 0.0000000 0.0000000 0.0000000 0.0698279 0.0018251 0.0000000 0.0000000 0.0000000 0.0557438
105 T 105 0.0469814 0.0000000 0.0000000 0.0000000 0.0128338 0.0000000 0.0000000 0.0000000 0.0000000 0.2718931 0.2352771 0.0000000 0.0081485 0.0000000 0.0000000 0.0017384 0.0430777 0.0000000 0.0000000 0.3243061 0.0557438
106 A 106 0.0910689 0.0748750 0.0470913 0.0199696 0.0000000 0.1532090 0.0951199 0.0228226 0.0240329 0.0050679 0.0093997 0.1641736 0.0224034 0.0011979 0.0231819 0.1013617 0.0756597 0.0000000 0.0030455 0.0105757 0.0557438
107 E 107 0.0299570 0.1959028 0.0881040 0.1033364 0.0012645 0.0860379 0.1039251 0.0114543 0.0178039 0.0078248 0.0101858 0.0859117 0.0071213 0.0042506 0.0046873 0.0657340 0.1079904 0.0000000 0.0067351 0.0060293 0.0557438
108 F 108 0.0000000 0.0000000 0.0000000 0.0000000 0.0025809 0.0000000 0.0000000 0.0000000 0.0000000 0.0157057 0.0843429 0.0000000 0.0000000 0.1669210 0.0000000 0.0000000 0.0000000 0.6205793 0.0405984 0.0135280 0.0557438
109 R 109 0.0085175 0.1800069 0.0000000 0.0000000 0.0056642 0.0126047 0.0000000 0.0000000 0.0498064 0.0498192 0.4247504 0.0283344 0.0578652 0.0292280 0.0000000 0.0053210 0.0000000 0.0219546 0.0365603 0.0338234 0.0557438
110 E 110 0.0358771 0.0785927 0.0614545 0.0362123 0.0013327 0.1088703 0.2843382 0.0049161 0.0295072 0.0062489 0.0046112 0.1557822 0.0029709 0.0000000 0.0000000 0.0458094 0.0834894 0.0000000 0.0010260 0.0032171 0.0557438
111 Q 111 0.0000000 0.0000000 0.0794165 0.0794319 0.0000000 0.3004932 0.3895460 0.0000000 0.0118368 0.0000000 0.0268726 0.0252313 0.0000000 0.0000000 0.0000000 0.0086899 0.0192618 0.0000000 0.0023169 0.0000000 0.0569029
112 I 112 0.0708423 0.0000000 0.0000000 0.0000000 0.0062972 0.0000000 0.0178389 0.0000000 0.0000000 0.5473977 0.1955577 0.0000000 0.0031239 0.0000000 0.0013129 0.0000000 0.0041556 0.0000000 0.0000000 0.0918954 0.0615782
113 L 113 0.0056878 0.2244984 0.0314712 0.1019789 0.0045235 0.0686293 0.1088927 0.0000000 0.0150856 0.0342108 0.1741012 0.0926638 0.0054400 0.0051174 0.0000000 0.0186176 0.0136563 0.0000000 0.0097981 0.0118021 0.0738255
114 R 114 0.0000000 0.3982111 0.0308244 0.0993004 0.0008858 0.1328141 0.1222514 0.0024820 0.0009877 0.0000000 0.0062199 0.0318711 0.0065362 0.0000000 0.0000000 0.0061075 0.0361465 0.0000000 0.0000000 0.0000000 0.1253618
115 V 115 0.0062656 0.0000000 0.0466051 0.0011502 0.0046995 0.0227285 0.0000000 0.0009918 0.2111739 0.0313206 0.0422974 0.0000000 0.0034658 0.0175800 0.0000000 0.0035737 0.0011519 0.0000000 0.1637812 0.2641482 0.1790668
116 K 116 0.4045662 0.0363198 0.0000000 0.0000000 0.0012723 0.0000000 0.0023543 0.0156747 0.0107250 0.0026472 0.0000000 0.2704235 0.0000000 0.0000000 0.0000000 0.0374315 0.0254381 0.0000000 0.0203329 0.0018703 0.1709442
117 A 117 0.0367788 0.0093186 0.0629323 0.0336241 0.0284941 0.0135814 0.0199235 0.0185058 0.0949574 0.0000000 0.0201963 0.0027927 0.0053891 0.0038831 0.0038993 0.1648774 0.0114421 0.0230421 0.0012383 0.0000000 0.4451237
118 E 118 0.0716093 0.0042922 0.0337944 0.2426277 0.0047582 0.0067839 0.1123524 0.0235304 0.0010048 0.0000000 0.0000000 0.0053767 0.0000000 0.0000000 0.0125522 0.0889317 0.1079461 0.0000000 0.0000000 0.0023582 0.2820817
119 E 119 0.0278787 0.0216136 0.1572834 0.2679127 0.0280479 0.0193706 0.0885107 0.0040405 0.0000000 0.0030412 0.0153315 0.0290281 0.0000000 0.0000000 0.0000000 0.0548458 0.0628432 0.0000000 0.0039852 0.0144192 0.2018478
120 D 120 0.0759073 0.0035564 0.0280959 0.2433795 0.0032501 0.0285682 0.0906399 0.0073016 0.0170443 0.0013759 0.0000000 0.0284689 0.0187945 0.0010987 0.0911450 0.1029239 0.0284576 0.0000000 0.0000000 0.0063642 0.2236280
121 K 121 0.0099080 0.0169406 0.3322469 0.1014824 0.0000000 0.0577108 0.0270169 0.0574324 0.0210213 0.0021092 0.0000000 0.0323885 0.0020217 0.0021157 0.0037863 0.0953372 0.0440546 0.0011015 0.0207774 0.0158008 0.1567478
122 I 122 0.0063495 0.0000000 0.0000000 0.0000000 0.0223569 0.0000000 0.0000000 0.0000000 0.0000000 0.2431074 0.0048749 0.0000000 0.0588863 0.0453782 0.0025017 0.0000000 0.0239961 0.0000000 0.0051579 0.4981026 0.0892886
123 P 123 0.0262017 0.0042044 0.1047354 0.0024418 0.0269915 0.0120945 0.0552618 0.0000000 0.0053022 0.0302143 0.0156564 0.0019836 0.0023031 0.0029718 0.3046097 0.0260253 0.0280810 0.0000000 0.0028725 0.2429447 0.1051043
124 L 124 0.0000000 0.0496029 0.0027195 0.0000000 0.0029743 0.0080471 0.0000000 0.0000000 0.0000000 0.2642919 0.0632237 0.2241353 0.1334070 0.0442219 0.0000000 0.0000000 0.0222247 0.0000000 0.0000000 0.0946045 0.0905472
125 L 125 0.0164312 0.0000000 0.0000000 0.0000000 0.0000000 0.0000000 0.0026528 0.0065374 0.0000000 0.2017257 0.1835603 0.0000000 0.3067789 0.0237201 0.0000000 0.0000000 0.0053416 0.0000000 0.0000000 0.1963904 0.0568617
126 V 126 0.0010940 0.0000000 0.0000000 0.0000000 0.0000000 0.0011410 0.0000000 0.0000000 0.0000000 0.0597054 0.8078116 0.0000000 0.0222740 0.0000000 0.0000000 0.0000000 0.0000000 0.0000000 0.0000000 0.0506535 0.0573204
127 V 127 0.0189470 0.0000000 0.0000000 0.0000000 0.0034343 0.0000000 0.0000000 0.0000000 0.0000000 0.1827428 0.0672168 0.0000000 0.0016316 0.0000000 0.0000000 0.0066260 0.0011530 0.0000000 0.0000000 0.6609281 0.0573204
128 G 128 0.0259248 0.0000000 0.0000000 0.0000000 0.0000000 0.0000000 0.0000000 0.9183314 0.0000000 0.0000000 0.0000000 0.0000000 0.0000000 0.0000000 0.0000000 0.0000000 0.0000000 0.0000000 0.0000000 0.0000000 0.0557438
129 N 129 0.0000000 0.0000000 0.9401405 0.0000000 0.0000000 0.0000000 0.0000000 0.0000000 0.0041157 0.0000000 0.0000000 0.0000000 0.0000000 0.0000000 0.0000000 0.0000000 0.0000000 0.0000000 0.0000000 0.0000000 0.0557438
130 K 130 0.0000000 0.0000000 0.0000000 0.0000000 0.0000000 0.0000000 0.0000000 0.0000000 0.0000000 0.0000000 0.0000000 0.9442562 0.0000000 0.0000000 0.0000000 0.0000000 0.0000000 0.0000000 0.0000000 0.0000000 0.0557438
131 S 131 0.0812888 0.0000000 0.0209954 0.0026343 0.4304864 0.0000000 0.0000000 0.0091497 0.0000000 0.0251940 0.0086222 0.0060474 0.0008378 0.0081287 0.0000000 0.2689426 0.0299417 0.0000000 0.0030851 0.0489020 0.0557438
132 D 132 0.0000000 0.0000000 0.0000000 0.9313187 0.0000000 0.0000000 0.0087172 0.0000000 0.0000000 0.0000000 0.0000000 0.0000000 0.0000000 0.0000000 0.0000000 0.0000000 0.0000000 0.0000000 0.0000000 0.0042203 0.0557438
133 L 133 0.0083448 0.0222924 0.0035598 0.0173168 0.0115781 0.0012020 0.0027610 0.0007694 0.0000000 0.0116115 0.7002221 0.0251371 0.0913862 0.0011029 0.0000000 0.0102138 0.0008901 0.0126897 0.0000000 0.0217936 0.0571287
134 E 134 0.0640328 0.0666653 0.0437893 0.0741138 0.0000000 0.0234791 0.3888052 0.0190754 0.0030653 0.0131799 0.0067050 0.0476886 0.0017093 0.0012400 0.0345851 0.0394232 0.0750944 0.0000000 0.0011268 0.0376417 0.0585799
135 E 135 0.0602588 0.0110430 0.0631112 0.2237513 0.0000000 0.0337344 0.1207569 0.0179612 0.1550072 0.0076687 0.0020797 0.0100154 0.0072969 0.0014166 0.0038229 0.1357287 0.0674314 0.0000000 0.0092808 0.0061892 0.0634459
136 R 136 0.0119900 0.0959955 0.0296896 0.0550206 0.0008395 0.0799365 0.2166883 0.0015633 0.0096792 0.0124868 0.1473641 0.1915711 0.0059561 0.0066033 0.0000000 0.0431472 0.0053377 0.0000000 0.0027039 0.0007572 0.0826703
137 R 137 0.0000000 0.8334601 0.0019260 0.0000000 0.0016832 0.0009708 0.0000000 0.0000000 0.0000000 0.0033861 0.0011252 0.0831320 0.0012456 0.0000000 0.0000000 0.0000000 0.0000000 0.0031209 0.0000000 0.0076028 0.0623472
138 Q 138 0.2323902 0.0064836 0.0039207 0.0271246 0.0042093 0.1915049 0.1195572 0.0015910 0.0000000 0.0086847 0.0050651 0.0408719 0.0213068 0.0000000 0.0000000 0.0175881 0.0237318 0.0000000 0.0000000 0.2381636 0.0578067
139 V 139 0.0019206 0.0000000 0.0000000 0.0000000 0.0000000 0.0000000 0.0000000 0.0000000 0.0000000 0.0657101 0.0000000 0.0000000 0.0013460 0.0000000 0.0000000 0.0000000 0.0015541 0.0000000 0.0000000 0.8716625 0.0578067
140 P 140 0.0159929 0.0096989 0.0062287 0.0738851 0.0012325 0.0247555 0.0477096 0.0550276 0.0008500 0.0032892 0.0151105 0.0336371 0.0036258 0.0009911 0.1428352 0.3747660 0.1292105 0.0017559 0.0000000 0.0015914 0.0578067
141 V 141 0.0259826 0.0815822 0.0022038 0.0014896 0.0018787 0.0256054 0.0303037 0.0015918 0.0058603 0.0150217 0.0221492 0.1490683 0.0186450 0.0459893 0.0160880 0.0343863 0.3045676 0.0047193 0.1182944 0.0367662 0.0578067
142 E 142 0.0603766 0.0071204 0.0248286 0.1023957 0.0000000 0.0696647 0.5309122 0.0071371 0.0068363 0.0015985 0.0060224 0.0284375 0.0029762 0.0000000 0.0028921 0.0457502 0.0365223 0.0000000 0.0017143 0.0070082 0.0578067
143 E 143 0.0153017 0.0749479 0.0022058 0.1397971 0.0000000 0.1186764 0.4677554 0.0000000 0.0020272 0.0019260 0.0075926 0.0202994 0.0071420 0.0000000 0.0000000 0.0070873 0.0527755 0.0000000 0.0000000 0.0246590 0.0578067
144 A 144 0.3729952 0.0000000 0.0000000 0.0022688 0.0076675 0.0000000 0.0000000 0.5522774 0.0000000 0.0000000 0.0000000 0.0000000 0.0000000 0.0000000 0.0000000 0.0037145 0.0000000 0.0000000 0.0000000 0.0032699 0.0578067
145 R 145 0.0250307 0.1105193 0.0110588 0.0109588 0.0016499 0.2279404 0.1530207 0.0042443 0.0084742 0.0236680 0.0262660 0.2605630 0.0149184 0.0212217 0.0036650 0.0164346 0.0154469 0.0000000 0.0027240 0.0064514 0.0557438
146 S 146 0.2510731 0.0321853 0.0686925 0.0609801 0.0000000 0.1319159 0.1959674 0.0166111 0.0088794 0.0024980 0.0111613 0.0582169 0.0052137 0.0020631 0.0000000 0.0710961 0.0218755 0.0000000 0.0000000 0.0058268 0.0557438
147 K 147 0.0012737 0.0256648 0.0000000 0.0000000 0.0029575 0.0000000 0.0000000 0.0000000 0.0000000 0.0205465 0.4478677 0.0228542 0.0216587 0.3205763 0.0000000 0.0000000 0.0013640 0.0064815 0.0537339 0.0192773 0.0557438
148 A 148 0.8622638 0.0000000 0.0000000 0.0000000 0.0113591 0.0000000 0.0000000 0.0036710 0.0000000 0.0000000 0.0000000 0.0000000 0.0000000 0.0000000 0.0000000 0.0621751 0.0012266 0.0000000 0.0000000 0.0035606 0.0557438
149 E 149 0.0250712 0.1929436 0.0364711 0.1661019 0.0000000 0.0814396 0.1960375 0.0042420 0.0039493 0.0104225 0.0049107 0.1662984 0.0031863 0.0000000 0.0000000 0.0283766 0.0150336 0.0000000 0.0000000 0.0097716 0.0557438
150 E 150 0.0325559 0.0505990 0.0129528 0.0481545 0.0125993 0.1976767 0.2992986 0.0037881 0.0184943 0.0011387 0.0066914 0.1037784 0.0058617 0.0000000 0.0000000 0.1160377 0.0237587 0.0008257 0.0085381 0.0015067 0.0557438
151 W 151 0.0009038 0.0072790 0.1239995 0.0000000 0.0030046 0.0223475 0.0873120 0.0000000 0.1108948 0.0228286 0.1984111 0.0037067 0.0314464 0.1043182 0.0000000 0.0006803 0.0000000 0.1181682 0.1072593 0.0016960 0.0557438
152 G 152 0.0090711 0.0110117 0.1905768 0.0233036 0.0016811 0.0189311 0.0128910 0.5824489 0.0105255 0.0000000 0.0000000 0.0376216 0.0000000 0.0000000 0.0024510 0.0414577 0.0022852 0.0000000 0.0000000 0.0000000 0.0557438
153 V 153 0.0239851 0.0000000 0.0000000 0.0000000 0.1893447 0.0000000 0.0000000 0.0000000 0.0000000 0.2656777 0.2673594 0.0035512 0.0579876 0.0186883 0.0000000 0.0050581 0.0103243 0.0000000 0.0000000 0.1022798 0.0557438
154 Q 154 0.0645159 0.0313929 0.0058807 0.0181507 0.0053867 0.0390446 0.0466727 0.0031039 0.0045909 0.0288363 0.1001921 0.0830107 0.0175071 0.0573613 0.2885345 0.1012822 0.0165161 0.0000000 0.0125752 0.0197017 0.0557438
155 Y 155 0.0000000 0.0000000 0.0000000 0.0000000 0.0039926 0.0000000 0.0000000 0.0000000 0.0035141 0.0032383 0.0179317 0.0000000 0.0020186 0.8069888 0.0000000 0.0043827 0.0000000 0.0000000 0.0956084 0.0065810 0.0557438
156 V 156 0.0060771 0.0000000 0.0000000 0.0000000 0.0025030 0.0010341 0.0000000 0.0000000 0.0009646 0.1567467 0.2604245 0.0010971 0.2167003 0.1280464 0.0009402 0.0032616 0.0108596 0.0018153 0.0560055 0.0977802 0.0557438
157 E 157 0.0000000 0.0000000 0.0000000 0.0022549 0.0000000 0.0000000 0.9420013 0.0000000 0.0000000 0.0000000 0.0000000 0.0000000 0.0000000 0.0000000 0.0000000 0.0000000 0.0000000 0.0000000 0.0000000 0.0000000 0.0557438
158 T 158 0.1060087 0.0000000 0.0000000 0.0000000 0.0262052 0.0000000 0.0000000 0.0000000 0.0000000 0.0000000 0.0070310 0.0000000 0.0000000 0.0000000 0.0000000 0.0425912 0.7420784 0.0000000 0.0000000 0.0203417 0.0557438
159 S 159 0.0000000 0.0000000 0.0000000 0.0000000 0.0000000 0.0000000 0.0000000 0.0016748 0.0000000 0.0000000 0.0036650 0.0000000 0.0000000 0.0000000 0.0000000 0.9389164 0.0000000 0.0000000 0.0000000 0.0000000 0.0557438
160 A 160 0.9376049 0.0000000 0.0000000 0.0000000 0.0000000 0.0000000 0.0000000 0.0000000 0.0000000 0.0000000 0.0022717 0.0000000 0.0000000 0.0000000 0.0000000 0.0043795 0.0000000 0.0000000 0.0000000 0.0000000 0.0557438
161 K 161 0.0352891 0.0416739 0.0000000 0.0000000 0.0000000 0.0044920 0.0000000 0.0000000 0.0000000 0.0000000 0.1861443 0.6626477 0.0111257 0.0017063 0.0000000 0.0011771 0.0000000 0.0000000 0.0000000 0.0000000 0.0557438
162 T 162 0.0436568 0.0204360 0.1216618 0.1596952 0.0000000 0.0475750 0.1083681 0.0048649 0.0046748 0.0046211 0.0408027 0.0051278 0.0061520 0.0124400 0.0000000 0.1037797 0.2525451 0.0000000 0.0046828 0.0031723 0.0557438
163 R 163 0.2312649 0.2309437 0.1384335 0.0205428 0.0193611 0.0000000 0.0000000 0.0674741 0.0019780 0.0000000 0.0000000 0.0654006 0.0000000 0.0000000 0.0000000 0.1644950 0.0000000 0.0000000 0.0023820 0.0000000 0.0577245
164 A 164 0.0441789 0.0036611 0.0127873 0.0217104 0.0021550 0.0462885 0.0654707 0.0013905 0.0242872 0.2309483 0.0624641 0.0095317 0.0393417 0.0085516 0.0016008 0.0778737 0.2159373 0.0000000 0.0117475 0.0623492 0.0577245
165 N 165 0.0016468 0.0110905 0.8267690 0.0012108 0.0020086 0.0043909 0.0000000 0.0458362 0.0117840 0.0000000 0.0029423 0.0034542 0.0011853 0.0153953 0.0000000 0.0034357 0.0000000 0.0000000 0.0111261 0.0000000 0.0577245
166 V 166 0.0000000 0.0000000 0.0029423 0.0000000 0.0000000 0.0000000 0.0000000 0.0000000 0.0033233 0.0842267 0.0038475 0.0000000 0.0000000 0.0000000 0.0000000 0.0000000 0.0000000 0.0000000 0.0000000 0.8458642 0.0597960
167 D 167 0.0119919 0.0079167 0.0753058 0.2633766 0.0000000 0.0246143 0.4867414 0.0022717 0.0050197 0.0000000 0.0016824 0.0320071 0.0008956 0.0000000 0.0010431 0.0113833 0.0145504 0.0000000 0.0017143 0.0000000 0.0594858
168 K 168 0.0374951 0.0132958 0.0416829 0.1198591 0.0000000 0.1106861 0.3624834 0.0048154 0.0029799 0.0022101 0.0453426 0.1205527 0.0015107 0.0024022 0.0043679 0.0264556 0.0378385 0.0000000 0.0007778 0.0053344 0.0599098
169 V 169 0.6051269 0.0000000 0.0000000 0.0000000 0.0446404 0.0000000 0.0000000 0.0051622 0.0000000 0.0737029 0.0086839 0.0000000 0.0241669 0.0000000 0.0000000 0.0333715 0.0082621 0.0000000 0.0000000 0.1369733 0.0599098
170 F 170 0.0000000 0.0000000 0.0000000 0.0000000 0.0000000 0.0000000 0.0000000 0.0000000 0.0000000 0.0000000 0.0042765 0.0000000 0.0000000 0.9254971 0.0000000 0.0000000 0.0000000 0.0000000 0.0061025 0.0000000 0.0641238
171 F 171 0.0126452 0.0162233 0.0208815 0.0048672 0.0053515 0.0825967 0.0808268 0.0014727 0.0508938 0.0804538 0.1198998 0.0081543 0.0610344 0.0928593 0.0000000 0.0288203 0.0508960 0.0064472 0.1764367 0.0347359 0.0645036
172 D 172 0.0834473 0.0442311 0.0574841 0.1789559 0.0115501 0.0472738 0.1282501 0.0183039 0.0051123 0.0099067 0.0122277 0.0365688 0.0097493 0.0016301 0.0000000 0.0671709 0.2118606 0.0000000 0.0042705 0.0088346 0.0631721
173 L 173 0.0060367 0.0000000 0.0009822 0.0000000 0.0029054 0.0000000 0.0007988 0.0000000 0.0000000 0.1748057 0.4229300 0.0000000 0.1083351 0.0000000 0.0000000 0.0032501 0.0849030 0.0000000 0.0000000 0.1289332 0.0661199
174 M 174 0.3472662 0.0000000 0.0000000 0.0000000 0.0266376 0.0000000 0.0000000 0.0034297 0.0000000 0.0418490 0.1327244 0.0000000 0.0379849 0.0021889 0.0000000 0.0134231 0.0431682 0.0000000 0.0000000 0.2855880 0.0657401
175 R 175 0.0592281 0.4128620 0.0074565 0.0050340 0.0023095 0.0229723 0.0366893 0.0244006 0.0073666 0.0000000 0.0226935 0.1329982 0.0016475 0.0012214 0.0000000 0.0456992 0.1189607 0.0000000 0.0010846 0.0028767 0.0944992
176 E 176 0.0514460 0.0096697 0.0209358 0.1232648 0.0086066 0.1609277 0.3457146 0.0041619 0.0014576 0.0149203 0.0338179 0.0862611 0.0132021 0.0009346 0.0020716 0.0167566 0.0152552 0.0000000 0.0010225 0.0098928 0.0796806
177 I 177 0.0000000 0.0000000 0.0010252 0.0000000 0.0011363 0.0000000 0.0000000 0.0000000 0.0000000 0.7272743 0.0853199 0.0000000 0.0191973 0.0016978 0.0000000 0.0020139 0.0000000 0.0000000 0.0000000 0.0808765 0.0814588
178 R 178 0.0018341 0.1746353 0.0572542 0.0012193 0.0034230 0.0269015 0.0016978 0.0000000 0.0174258 0.0638129 0.0921398 0.2006111 0.0181403 0.0203171 0.0164312 0.0029585 0.0059161 0.0000000 0.2009337 0.0041800 0.0901684
179 T 179 0.0491572 0.2242262 0.0813031 0.0562440 0.0223938 0.0798788 0.1027531 0.0019656 0.0193869 0.0000000 0.0123885 0.1737883 0.0038221 0.0000000 0.0000000 0.0246977 0.0151625 0.0000000 0.0000000 0.0012700 0.1315623
180 K 180 0.0083128 0.1858066 0.0474268 0.0249759 0.0000000 0.0341358 0.0114377 0.0049662 0.0202626 0.0163657 0.0034509 0.2498113 0.0113963 0.0124491 0.0000000 0.0280985 0.0135331 0.0018480 0.0287737 0.0076005 0.2893484
