  186         A         R         N         D         C         Q         E         G         H         I         L         K         M         F         P         S         T         W         Y         V    
  1 H   1 0.0000000 0.4897246 0.0000000 0.0000000 0.0000000 0.0000000 0.0000000 0.0000000 0.5102754 0.0000000 0.0000000 0.0000000 0.0000000 0.0000000 0.0000000 0.0000000 0.0000000 0.0000000 0.0000000 0.0000000
  2 M   2 0.0000000 0.0000000 0.0000000 0.0000000 0.0183902 0.0000000 0.0000000 0.0000000 0.0000000 0.0114330 0.0168803 0.0000000 0.9532965 0.0000000 0.0000000 0.0000000 0.0000000 0.0000000 0.0000000 0.0000000
  3 A   3 0.5559725 0.0076806 0.0154430 0.0216044 0.0159397 0.0000000 0.0000000 0.0229332 0.0000000 0.0000000 0.0091969 0.0000000 0.0070042 0.0000000 0.0087629 0.3034305 0.0320322 0.0000000 0.0000000 0.0000000
  4 A   4 0.2205838 0.0218281 0.0374210 0.0193268 0.0000000 0.0428131 0.0110676 0.0752138 0.0066632 0.0000000 0.0079186 0.0741025 0.0056069 0.0203929 0.0858448 0.3051707 0.0478037 0.0000000 0.0112954 0.0069472
  5 N   5 0.0538487 0.0433162 0.1699913 0.0406416 0.0074799 0.0248716 0.0036793 0.1165934 0.0176518 0.0113074 0.0079152 0.0696569 0.0054528 0.0130121 0.1043934 0.1182141 0.0697161 0.0250860 0.0681780 0.0289940
  6 K   6 0.0608806 0.0763179 0.0264318 0.0850284 0.0000000 0.0475262 0.0335629 0.1659209 0.0080617 0.0050093 0.0171084 0.0985414 0.0834818 0.0000000 0.0404896 0.1900969 0.0408534 0.0000000 0.0072473 0.0134414
  7 S   7 0.1674704 0.0555008 0.0591271 0.0625966 0.0000000 0.0263954 0.0409630 0.1316407 0.0000000 0.0000000 0.0000000 0.0398407 0.0057059 0.0000000 0.0711576 0.2033940 0.1204397 0.0000000 0.0106421 0.0051259
  8 K   8 0.0876651 0.0647699 0.0509151 0.0188660 0.0000000 0.0440787 0.0205911 0.0805231 0.0115140 0.0070324 0.0101801 0.1084512 0.2497169 0.0060679 0.0394885 0.1008273 0.0400316 0.0000000 0.0494516 0.0098298
  9 G   9 0.1371496 0.0096688 0.1593135 0.1515230 0.0000000 0.0323142 0.0765226 0.1341119 0.0082771 0.0052390 0.0069621 0.0080502 0.0000000 0.0041593 0.0491644 0.1319901 0.0721130 0.0000000 0.0076127 0.0058283
 10 Q  10 0.0391977 0.0839407 0.0468499 0.1118850 0.0000000 0.1383194 0.1092760 0.0327474 0.0149259 0.0017393 0.0031183 0.1347969 0.0000000 0.0141198 0.1170385 0.0735539 0.0293179 0.0063866 0.0427868 0.0000000
 11 S  11 0.0474013 0.0111746 0.1189027 0.1329482 0.0018503 0.0587141 0.2547020 0.0392670 0.0133525 0.0022245 0.0000000 0.0440278 0.0000000 0.0156441 0.0336404 0.1541673 0.0676719 0.0000000 0.0043112 0.0000000
 12 S  12 0.0120485 0.0000000 0.0046849 0.0015093 0.0104552 0.0222157 0.0159179 0.0345549 0.0091252 0.0297747 0.0000000 0.0450478 0.0000000 0.0927342 0.0321288 0.0413557 0.0000000 0.0000000 0.6448090 0.0036384
 13 L  13 0.0374486 0.0092346 0.0199799 0.6268480 0.0034679 0.0143172 0.0237488 0.0000000 0.0087906 0.0162451 0.0526727 0.0033336 0.1167606 0.0000000 0.0100393 0.0344541 0.0107159 0.0000000 0.0031353 0.0088078
 14 A  14 0.0236762 0.1322357 0.0000000 0.0000000 0.0225902 0.0102749 0.0031633 0.0015729 0.0720060 0.0048085 0.0465462 0.0133270 0.0244896 0.0724209 0.0085079 0.0186391 0.0295494 0.0098699 0.4801692 0.0261529
 15 L  15 0.0153096 0.0110102 0.0066222 0.0116518 0.0000000 0.0350208 0.1112999 0.0000000 0.0000000 0.0505773 0.6200598 0.0000000 0.0349315 0.0034863 0.0000000 0.0110763 0.0097432 0.0000000 0.0000000 0.0792112
 16 H  16 0.0000000 0.0000000 0.0000000 0.0000000 0.0011347 0.0028642 0.0000000 0.0042376 0.0600604 0.0516619 0.0272975 0.0000000 0.0211834 0.6114034 0.0000000 0.0000000 0.0000000 0.0023362 0.2063371 0.0114836
 17 K  17 0.0000000 0.0134569 0.0000000 0.0000000 0.0000000 0.0044733 0.0000000 0.0000000 0.0204750 0.0000000 0.0000000 0.9583566 0.0000000 0.0015014 0.0017368 0.0000000 0.0000000 0.0000000 0.0000000 0.0000000
 18 V  18 0.0045167 0.0000000 0.0000000 0.0000000 0.0000000 0.0000000 0.0017333 0.0000000 0.0000000 0.2185946 0.4687393 0.0000000 0.0051600 0.0109576 0.0000000 0.0000000 0.0011910 0.0000000 0.0876118 0.2014955
 19 I  19 0.0091894 0.0000000 0.0000000 0.0000000 0.0119541 0.0000000 0.0000000 0.0019735 0.0000000 0.1566967 0.3456918 0.0000000 0.0186529 0.0000000 0.0000000 0.0025397 0.0000000 0.0000000 0.0000000 0.4533020
 20 M  20 0.0000000 0.0000000 0.0000000 0.0000000 0.0032632 0.0000000 0.0000000 0.0000000 0.0000000 0.1874581 0.5353187 0.0000000 0.0929584 0.0000000 0.0000000 0.0000000 0.0000000 0.0000000 0.0000000 0.1810016
 21 V  21 0.0000000 0.0000000 0.0000000 0.0036133 0.0000000 0.0000000 0.0000000 0.0000000 0.0000000 0.6247411 0.2075940 0.0000000 0.0141182 0.0000000 0.0000000 0.0021940 0.0044915 0.0000000 0.0000000 0.1432478
 22 G  22 0.0000000 0.0000000 0.0000000 0.0000000 0.0000000 0.0000000 0.0000000 1.0000000 0.0000000 0.0000000 0.0000000 0.0000000 0.0000000 0.0000000 0.0000000 0.0000000 0.0000000 0.0000000 0.0000000 0.0000000
 23 S  23 0.0492469 0.0000000 0.0477959 0.7078026 0.0000000 0.0048421 0.0359857 0.0156938 0.0000000 0.0000000 0.0000000 0.0000000 0.0000000 0.0000000 0.0064379 0.1204995 0.0094001 0.0000000 0.0000000 0.0022955
 24 G  24 0.0159876 0.0017570 0.0000000 0.0000000 0.0053245 0.0018567 0.0000000 0.2780434 0.0000000 0.0000000 0.0022846 0.0000000 0.0202320 0.0000000 0.0000000 0.6132358 0.0612784 0.0000000 0.0000000 0.0000000
 25 G  25 0.1059046 0.0000000 0.0029145 0.0028984 0.0047160 0.0000000 0.0000000 0.8295085 0.0000000 0.0000000 0.0000000 0.0000000 0.0000000 0.0000000 0.0000000 0.0485291 0.0055288 0.0000000 0.0000000 0.0000000
 26 V  26 0.0019436 0.0000000 0.0000000 0.0000000 0.0000000 0.0000000 0.0000000 0.0044337 0.0000000 0.0044232 0.0011989 0.0000000 0.0020574 0.0045081 0.0000000 0.0000000 0.0104430 0.0000000 0.0000000 0.9709921
 27 G  27 0.0000000 0.0000000 0.0000000 0.0000000 0.0000000 0.0000000 0.0000000 1.0000000 0.0000000 0.0000000 0.0000000 0.0000000 0.0000000 0.0000000 0.0000000 0.0000000 0.0000000 0.0000000 0.0000000 0.0000000
 28 K  28 0.0000000 0.0000000 0.0000000 0.0000000 0.0000000 0.0000000 0.0000000 0.0000000 0.0000000 0.0000000 0.0000000 1.0000000 0.0000000 0.0000000 0.0000000 0.0000000 0.0000000 0.0000000 0.0000000 0.0000000
 29 S  29 0.0000000 0.0000000 0.0000000 0.0000000 0.0000000 0.0000000 0.0000000 0.0000000 0.0000000 0.0000000 0.0000000 0.0000000 0.0000000 0.0000000 0.0000000 0.8014254 0.1985746 0.0000000 0.0000000 0.0000000
 30 A  30 0.2691496 0.0000000 0.1778474 0.0000000 0.3932897 0.0264357 0.0000000 0.0000000 0.0000000 0.0000000 0.0000000 0.0000000 0.0000000 0.0000000 0.0000000 0.1305927 0.0026850 0.0000000 0.0000000 0.0000000
 31 L  31 0.0012772 0.0000000 0.0000000 0.0000000 0.0105157 0.0000000 0.0000000 0.0000000 0.0000000 0.0753310 0.8008426 0.0000000 0.0240592 0.0304249 0.0000000 0.0000000 0.0000000 0.0000000 0.0000000 0.0575495
 32 T  32 0.0018530 0.0019186 0.0000000 0.0000000 0.0036804 0.0020695 0.0000000 0.0000000 0.0000000 0.0150087 0.6258905 0.0000000 0.0032052 0.0000000 0.0000000 0.0000000 0.3125373 0.0000000 0.0000000 0.0338368
 33 L  33 0.0556591 0.0080163 0.0037359 0.0024158 0.0000000 0.0042576 0.0000000 0.0012742 0.0268286 0.1566215 0.3930824 0.0000000 0.0228841 0.0666362 0.0000000 0.1420877 0.0092648 0.0000000 0.0029029 0.1043331
 34 Q  34 0.0000000 0.5800277 0.0000000 0.0000000 0.0000000 0.3996766 0.0000000 0.0000000 0.0025372 0.0000000 0.0000000 0.0029466 0.0000000 0.0000000 0.0000000 0.0148119 0.0000000 0.0000000 0.0000000 0.0000000
 35 F  35 0.0000000 0.0000000 0.0000000 0.0000000 0.0000000 0.0000000 0.0000000 0.0000000 0.0000000 0.0000000 0.0912336 0.0000000 0.0000000 0.8395711 0.0000000 0.0000000 0.0000000 0.0000000 0.0691953 0.0000000
 36 M  36 0.2140734 0.0039607 0.0000000 0.0000000 0.0522567 0.0000000 0.0026243 0.0000000 0.0000000 0.1175573 0.0000000 0.0227145 0.0485418 0.0041687 0.0000000 0.1092358 0.2551997 0.0000000 0.0000000 0.1696671
 37 Y  37 0.0106888 0.1587993 0.0166495 0.3122948 0.0000000 0.1814992 0.1142278 0.0000000 0.0061047 0.0000000 0.0266025 0.0377533 0.0025518 0.0024881 0.0000000 0.0580521 0.0237462 0.0000000 0.0485418 0.0000000
 38 D  38 0.0055920 0.0020653 0.3141740 0.3506453 0.0011678 0.0193986 0.0114247 0.1211237 0.0381530 0.0000000 0.0000000 0.0822439 0.0000000 0.0000000 0.0000000 0.0540118 0.0000000 0.0000000 0.0000000 0.0000000
 39 E  39 0.0714112 0.0880359 0.0252710 0.0040718 0.0000000 0.0431174 0.2257797 0.0000000 0.1201676 0.0642206 0.0076454 0.0584294 0.0038367 0.0000000 0.0000000 0.1291708 0.1231532 0.0000000 0.0055050 0.0301843
 40 F  40 0.0000000 0.0000000 0.0000000 0.0000000 0.0000000 0.0000000 0.0000000 0.0000000 0.0024541 0.0029320 0.0000000 0.0000000 0.0000000 0.8673576 0.0000000 0.0000000 0.0000000 0.0264005 0.1008559 0.0000000
 41 V  41 0.0111305 0.0160572 0.1623750 0.0255444 0.0194024 0.0560306 0.0064707 0.0000000 0.0168671 0.0684525 0.0631176 0.0052419 0.0148390 0.0040085 0.0154929 0.1040420 0.1595411 0.0000000 0.0092085 0.2421780
 42 E  42 0.0402925 0.0000000 0.0245606 0.1494148 0.0000000 0.0174569 0.3212825 0.0224257 0.0085818 0.0099618 0.1307269 0.0058409 0.0062687 0.0009731 0.1411207 0.0602731 0.0522722 0.0000000 0.0025391 0.0060086
 43 D  43 0.0263887 0.0102199 0.0493593 0.1808158 0.0022680 0.0040468 0.2034837 0.0028056 0.0114828 0.0017950 0.0049219 0.0632656 0.0022805 0.0037987 0.0000000 0.2008760 0.1269205 0.0000000 0.0604818 0.0447894
 44 Y  44 0.0000000 0.0000000 0.0013949 0.0000000 0.0185249 0.0232224 0.0000000 0.0000000 0.1202839 0.0081498 0.0153216 0.0019154 0.0000000 0.1711371 0.0000000 0.1852527 0.0181574 0.0000000 0.4366399 0.0000000
 45 E  45 0.0099457 0.0138372 0.0027304 0.3433816 0.0000000 0.0060112 0.0696308 0.0094789 0.0014610 0.2743137 0.0144678 0.1793941 0.0027417 0.0000000 0.0193489 0.0155598 0.0000000 0.0000000 0.0056182 0.0320790
 46 P  46 0.0605546 0.0000000 0.0106345 0.0000000 0.0026243 0.0000000 0.0000000 0.0000000 0.0227285 0.0000000 0.0597911 0.0000000 0.0000000 0.0051334 0.3609893 0.3631862 0.1100353 0.0000000 0.0000000 0.0043228
 47 T  47 0.0000000 0.0000000 0.0000000 0.0000000 0.0000000 0.0000000 0.0000000 0.0000000 0.0000000 0.0000000 0.0000000 0.0000000 0.0000000 0.0000000 0.0000000 0.0000000 1.0000000 0.0000000 0.0000000 0.0000000
 48 K  48 0.0000000 0.0042618 0.0000000 0.0000000 0.0000000 0.0000000 0.0000000 0.0000000 0.0000000 0.8813597 0.0088169 0.0494515 0.0030247 0.0000000 0.0000000 0.0000000 0.0000000 0.0000000 0.0000000 0.0530855
 49 A  49 0.0494515 0.0000000 0.0000000 0.0000000 0.0000000 0.0000000 0.2709348 0.6796136 0.0000000 0.0000000 0.0000000 0.0000000 0.0000000 0.0000000 0.0000000 0.0000000 0.0000000 0.0000000 0.0000000 0.0000000
 50 D  50 0.0226868 0.0000000 0.0049190 0.3154674 0.0000000 0.0000000 0.0000000 0.0000000 0.0000000 0.1768164 0.0000000 0.0000000 0.0000000 0.0000000 0.0000000 0.0000000 0.0000000 0.0000000 0.0000000 0.4801105
 51 S  51 0.0410999 0.0000000 0.0031462 0.3787820 0.0000000 0.0000000 0.2749986 0.0049857 0.0000000 0.0000000 0.0000000 0.0000000 0.0000000 0.0000000 0.0000000 0.2969876 0.0000000 0.0000000 0.0000000 0.0000000
 52 Y  52 0.0000000 0.0000000 0.0000000 0.0000000 0.0000000 0.0000000 0.0000000 0.0000000 0.0000000 0.0000000 0.0033879 0.0000000 0.0000000 0.6700107 0.0000000 0.0000000 0.0000000 0.0000000 0.3266014 0.0000000
 53 R  53 0.0000000 0.3034041 0.0000000 0.0000000 0.0018516 0.0477402 0.0000000 0.0643163 0.0031473 0.0034885 0.0019644 0.3256772 0.0028066 0.0052126 0.0011118 0.0284048 0.2072754 0.0000000 0.0035992 0.0000000
 54 K  54 0.0047847 0.4129981 0.0016479 0.0000000 0.0000000 0.0381273 0.0000000 0.0000000 0.0000000 0.0068625 0.0000000 0.4930061 0.0045290 0.0031473 0.0000000 0.0000000 0.0348970 0.0000000 0.0000000 0.0000000
 55 K  55 0.0067205 0.0208142 0.0234968 0.0000000 0.0000000 0.2478429 0.0017155 0.0015052 0.0201366 0.0209365 0.0191623 0.0664405 0.0469207 0.0016326 0.0000000 0.0869047 0.4067903 0.0000000 0.0016025 0.0273780
 56 V  56 0.0318710 0.0000000 0.0000000 0.0000000 0.0610201 0.0000000 0.0000000 0.0000000 0.0000000 0.3475149 0.1151095 0.0000000 0.0422825 0.0064306 0.0000000 0.0000000 0.0224434 0.0000000 0.0000000 0.3733279
 57 V  57 0.0093769 0.0252774 0.0675303 0.0943714 0.0140285 0.0810278 0.3083045 0.0000000 0.0044541 0.0194450 0.0208370 0.0278552 0.0125674 0.0163443 0.0030957 0.0274045 0.0864268 0.0000000 0.0107993 0.1708539
 58 L  58 0.0060560 0.0250543 0.0000000 0.0000000 0.0000000 0.0153297 0.0000000 0.0000000 0.0000000 0.3964283 0.2346757 0.0069356 0.0089729 0.0048647 0.0000000 0.0064084 0.0080039 0.0000000 0.0048810 0.2823897
 59 D  59 0.0115612 0.0059503 0.0842803 0.6768094 0.0028683 0.0248281 0.1121491 0.0411179 0.0078796 0.0031477 0.0035130 0.0155519 0.0000000 0.0000000 0.0000000 0.0103432 0.0000000 0.0000000 0.0000000 0.0000000
 60 G  60 0.0236408 0.0012352 0.1023260 0.1339639 0.0028686 0.0139005 0.0436791 0.6259822 0.0181604 0.0000000 0.0000000 0.0104120 0.0000000 0.0000000 0.0000000 0.0208309 0.0030005 0.0000000 0.0000000 0.0000000
 61 E  61 0.0068666 0.0571709 0.0068404 0.0090888 0.0000000 0.0999394 0.1750111 0.0010256 0.0088887 0.0018844 0.0034024 0.5626278 0.0057261 0.0012844 0.0000000 0.0125033 0.0270949 0.0000000 0.0017805 0.0188647
 62 E  62 0.0439183 0.1164231 0.0229852 0.0086895 0.0029466 0.1183910 0.0727077 0.0027786 0.0048984 0.0326634 0.0162703 0.1594028 0.0027343 0.0000000 0.0520789 0.0315040 0.2295957 0.0014804 0.0018655 0.0786663
 63 V  63 0.0764355 0.0000000 0.0000000 0.0000000 0.1528310 0.0000000 0.0000000 0.0039340 0.0000000 0.3787536 0.0257319 0.0000000 0.0035511 0.0113270 0.0000000 0.0020127 0.0024105 0.0000000 0.0154254 0.3275874
 64 Q  64 0.0017080 0.0031146 0.0095513 0.0087740 0.0000000 0.0412254 0.0009385 0.0000000 0.0000000 0.0204874 0.1114590 0.6813670 0.0956779 0.0037136 0.0000000 0.0022521 0.0055895 0.0000000 0.0046556 0.0094863
 65 I  65 0.1842645 0.0000000 0.0000000 0.0000000 0.0014555 0.0000000 0.0000000 0.0029652 0.0000000 0.0523672 0.7236529 0.0000000 0.0062083 0.0183402 0.0000000 0.0015468 0.0012453 0.0000000 0.0022766 0.0056775
 66 D  66 0.0116934 0.0022946 0.0000000 0.1990974 0.0000000 0.6250207 0.1395631 0.0000000 0.0020726 0.0000000 0.0000000 0.0000000 0.0000000 0.0000000 0.0000000 0.0022349 0.0180232 0.0000000 0.0000000 0.0000000
 67 I  67 0.0000000 0.0010017 0.0000000 0.0000000 0.0037579 0.0000000 0.0000000 0.0000000 0.0000000 0.8802062 0.0146658 0.0000000 0.0016570 0.0022889 0.0000000 0.0000000 0.0042737 0.0000000 0.0000000 0.0921489
 68 L  68 0.0000000 0.0000000 0.0000000 0.0000000 0.0000000 0.0000000 0.0000000 0.0000000 0.0000000 0.0000000 0.3106754 0.0000000 0.0000000 0.0000000 0.0000000 0.0000000 0.0000000 0.6832549 0.0060697 0.0000000
 69 D  69 0.0000000 0.0000000 0.0000000 0.9936402 0.0000000 0.0000000 0.0000000 0.0000000 0.0000000 0.0000000 0.0000000 0.0000000 0.0000000 0.0000000 0.0000000 0.0063598 0.0000000 0.0000000 0.0000000 0.0000000
 70 T  70 0.0056579 0.0000000 0.0000000 0.0000000 0.0000000 0.0000000 0.0000000 0.0063256 0.0000000 0.0000000 0.0000000 0.0000000 0.0000000 0.0000000 0.0000000 0.0000000 0.9880165 0.0000000 0.0000000 0.0000000
 71 A  71 0.9857600 0.0000000 0.0000000 0.0000000 0.0000000 0.0000000 0.0000000 0.0000000 0.0000000 0.0000000 0.0000000 0.0000000 0.0000000 0.0053844 0.0000000 0.0088556 0.0000000 0.0000000 0.0000000 0.0000000
 72 G  72 0.0000000 0.0000000 0.0000000 0.0000000 0.0000000 0.0000000 0.0000000 0.9946156 0.0000000 0.0000000 0.0000000 0.0000000 0.0000000 0.0000000 0.0000000 0.0053844 0.0000000 0.0000000 0.0000000 0.0000000
 73 L  73 0.0000000 0.0000000 0.0000000 0.0000000 0.0000000 0.9063177 0.0000000 0.0000000 0.0014836 0.0018940 0.0098622 0.0000000 0.0000000 0.0000000 0.0000000 0.0000000 0.0700085 0.0000000 0.0000000 0.0104340
 74 E  74 0.0249613 0.0000000 0.0000000 0.0239386 0.0000000 0.0000000 0.9331635 0.0016879 0.0000000 0.0028361 0.0000000 0.0000000 0.0000000 0.0000000 0.0000000 0.0000000 0.0000000 0.0000000 0.0000000 0.0134125
 75 D  75 0.0051329 0.6103892 0.0000000 0.0631953 0.0000000 0.0893007 0.1643580 0.0000000 0.0000000 0.0000000 0.0000000 0.0070334 0.0000000 0.0000000 0.0000000 0.0555795 0.0050109 0.0000000 0.0000000 0.0000000
 76 Y  76 0.0000000 0.0000000 0.0000000 0.0000000 0.0000000 0.0000000 0.0000000 0.0000000 0.0000000 0.0000000 0.0136103 0.0000000 0.0000000 0.6146547 0.0000000 0.0000000 0.0000000 0.0000000 0.3717350 0.0000000
 77 A  77 0.0430475 0.6109212 0.0000000 0.0000000 0.0000000 0.0020509 0.0049170 0.0087153 0.0373464 0.0036926 0.0000000 0.0319110 0.0000000 0.0000000 0.0000000 0.0926373 0.1600062 0.0000000 0.0000000 0.0047545
 78 A  78 0.5181806 0.0000000 0.0000000 0.0000000 0.0000000 0.0030310 0.0000000 0.0000000 0.0000000 0.0049268 0.0000000 0.0000000 0.0000000 0.0000000 0.0000000 0.1280236 0.3458380 0.0000000 0.0000000 0.0000000
 79 I  79 0.0000000 0.0000000 0.0000000 0.0000000 0.0000000 0.0000000 0.0000000 0.0000000 0.0000000 0.5870829 0.0789941 0.0000000 0.2229828 0.0000000 0.0000000 0.0000000 0.0000000 0.0000000 0.0000000 0.1109401
 80 R  80 0.0185150 0.3114196 0.0000000 0.0000000 0.0000000 0.0070182 0.0000000 0.0000000 0.0000000 0.0000000 0.0000000 0.0019861 0.0000000 0.0000000 0.0000000 0.0029641 0.6558162 0.0000000 0.0000000 0.0022807
 81 D  81 0.0106769 0.0996175 0.0100647 0.2289175 0.0031084 0.0204208 0.0915065 0.0025300 0.0175159 0.0000000 0.0000000 0.0035672 0.0010602 0.0000000 0.0237471 0.3401511 0.1471162 0.0000000 0.0000000 0.0000000
 82 N  82 0.3526064 0.0029455 0.0586991 0.0000000 0.0000000 0.1731702 0.0000000 0.0042786 0.0000000 0.0000000 0.0877209 0.0000000 0.0177032 0.0000000 0.0000000 0.2763246 0.0265515 0.0000000 0.0000000 0.0000000
 83 Y  83 0.0000000 0.0000000 0.0000000 0.0000000 0.0000000 0.0000000 0.0000000 0.0000000 0.0000000 0.0000000 0.0000000 0.0000000 0.0000000 0.0079318 0.0000000 0.0000000 0.0000000 0.0472341 0.9448341 0.0000000
 84 F  84 0.0000000 0.0000000 0.0000000 0.0000000 0.0000000 0.0000000 0.0000000 0.0000000 0.0000000 0.0617324 0.0000000 0.0000000 0.2048103 0.0458309 0.0000000 0.0000000 0.0000000 0.0000000 0.6804156 0.0072108
 85 R  85 0.0000000 0.8918170 0.0000000 0.0000000 0.0000000 0.0000000 0.0000000 0.0000000 0.0068479 0.0000000 0.0000000 0.1013351 0.0000000 0.0000000 0.0000000 0.0000000 0.0000000 0.0000000 0.0000000 0.0000000
 86 S  86 0.0105167 0.0000000 0.0811028 0.0394095 0.0162486 0.0136921 0.0141742 0.6440637 0.0000000 0.0000000 0.0000000 0.0000000 0.0000000 0.0000000 0.0000000 0.0996525 0.0811401 0.0000000 0.0000000 0.0000000
 87 G  87 0.6246913 0.0029469 0.0049170 0.0000000 0.0136103 0.0000000 0.0056579 0.2971404 0.0000000 0.0000000 0.0000000 0.0000000 0.0000000 0.0000000 0.0000000 0.0251155 0.0227930 0.0000000 0.0000000 0.0031279
 88 E  88 0.0783390 0.0038450 0.0233224 0.0244066 0.0057642 0.1366178 0.2067115 0.0000000 0.1416729 0.0080273 0.0175013 0.0070182 0.1614817 0.0055840 0.0000000 0.0079539 0.0008505 0.0000000 0.0000000 0.1709036
 89 G  89 0.0480948 0.0000000 0.0000000 0.0000000 0.0036739 0.0000000 0.0000000 0.9439821 0.0000000 0.0000000 0.0000000 0.0000000 0.0000000 0.0000000 0.0000000 0.0000000 0.0000000 0.0000000 0.0000000 0.0042492
 90 F  90 0.3059818 0.0000000 0.0000000 0.0000000 0.0000000 0.0000000 0.0000000 0.0027471 0.0000000 0.2682801 0.0238094 0.0000000 0.0000000 0.3425666 0.0000000 0.0000000 0.0029469 0.0000000 0.0042492 0.0494189
 91 L  91 0.0273402 0.0000000 0.0000000 0.0000000 0.0036500 0.0000000 0.0000000 0.0000000 0.0000000 0.2860342 0.5018576 0.0000000 0.0856468 0.0000000 0.0000000 0.0000000 0.0000000 0.0000000 0.0000000 0.0954712
 92 L  92 0.0000000 0.0000000 0.0000000 0.0000000 0.0658327 0.0000000 0.0000000 0.0000000 0.0000000 0.1411924 0.6251589 0.0010914 0.0489058 0.0033184 0.0000000 0.0000000 0.0036969 0.0000000 0.0000000 0.1108035
 93 V  93 0.0071768 0.0000000 0.0000000 0.0000000 0.0380908 0.0000000 0.0000000 0.0000000 0.0000000 0.0241711 0.0237607 0.0000000 0.0255647 0.0025704 0.0000000 0.0000000 0.0123167 0.0000000 0.0000000 0.8663489
 94 F  94 0.0000000 0.0000000 0.0000000 0.0000000 0.0000000 0.0000000 0.0000000 0.0000000 0.0000000 0.0000000 0.0000000 0.0000000 0.0000000 0.1060732 0.0000000 0.0000000 0.0000000 0.0000000 0.8939268 0.0000000
 95 S  95 0.0246679 0.0000000 0.0065028 0.6749047 0.0000000 0.0000000 0.0034255 0.0000000 0.0000000 0.0000000 0.0000000 0.0000000 0.0000000 0.0000000 0.0000000 0.2877213 0.0027778 0.0000000 0.0000000 0.0000000
 96 I  96 0.0011110 0.0000000 0.0000000 0.0000000 0.0064403 0.0000000 0.0000000 0.0000000 0.0000000 0.6153006 0.0076775 0.0000000 0.0117211 0.0000000 0.0000000 0.0018441 0.0092787 0.0000000 0.0000000 0.3466267
 97 T  97 0.0336793 0.0000000 0.0330580 0.0037073 0.0133886 0.0027481 0.0026745 0.0025032 0.0000000 0.0118561 0.0022513 0.0000000 0.0000000 0.0000000 0.0000000 0.0847164 0.8045002 0.0000000 0.0000000 0.0049170
 98 E  98 0.0422986 0.1628573 0.1490295 0.2526013 0.0094328 0.0092574 0.0474020 0.0010215 0.0000000 0.0000000 0.0026800 0.1382347 0.0000000 0.0000000 0.0000000 0.1722716 0.0056579 0.0000000 0.0060370 0.0012183
 99 H  99 0.0262550 0.3932132 0.0028635 0.0170697 0.0000000 0.1594709 0.1155829 0.0199357 0.0636633 0.0037115 0.0167856 0.0620230 0.0394940 0.0000000 0.0199101 0.0250377 0.0244889 0.0024101 0.0055093 0.0025757
100 E 100 0.0462516 0.0497019 0.0252775 0.1115326 0.0000000 0.1017311 0.2266931 0.0128680 0.0255352 0.0136267 0.0268125 0.0973908 0.0022896 0.0000000 0.0066414 0.2059133 0.0279537 0.0000000 0.0000000 0.0197810
101 S 101 0.0000000 0.0024440 0.0026745 0.0056579 0.0000000 0.0000000 0.0000000 0.0000000 0.0000000 0.0000000 0.0000000 0.0000000 0.0000000 0.0000000 0.0000000 0.6436090 0.3456147 0.0000000 0.0000000 0.0000000
102 F 102 0.0000000 0.0000000 0.0000000 0.0000000 0.0056579 0.0000000 0.0000000 0.0000000 0.0000000 0.0000000 0.0414536 0.0000000 0.0017694 0.8642607 0.0000000 0.0000000 0.0000000 0.0000000 0.0868584 0.0000000
103 T 103 0.0500223 0.0099507 0.2557391 0.1758323 0.0000000 0.0578468 0.2808362 0.0087872 0.0137146 0.0038352 0.0151167 0.0254841 0.0025278 0.0000000 0.0000000 0.0235912 0.0624586 0.0016951 0.0023423 0.0102197
104 A 104 0.0624045 0.0426685 0.4163139 0.0893373 0.0028059 0.0194064 0.1452421 0.0066098 0.1292374 0.0000000 0.0000000 0.0090370 0.0000000 0.0000000 0.0000000 0.0749565 0.0019807 0.0000000 0.0000000 0.0000000
105 T 105 0.0511316 0.0000000 0.0000000 0.0000000 0.0139322 0.0000000 0.0000000 0.0000000 0.0000000 0.2840387 0.2446236 0.0000000 0.0087984 0.0000000 0.0000000 0.0019087 0.0476215 0.0000000 0.0000000 0.3479453
106 A 106 0.0971386 0.0793607 0.0490947 0.0215786 0.0000000 0.1636248 0.1036315 0.0237293 0.0242339 0.0051216 0.0101915 0.1746112 0.0223522 0.0011043 0.0251971 0.1046328 0.0801224 0.0000000 0.0030816 0.0111931
107 E 107 0.0316936 0.2112339 0.0948876 0.1088459 0.0013541 0.0890795 0.1127157 0.0129547 0.0190595 0.0083236 0.0104494 0.0922311 0.0076921 0.0047667 0.0050360 0.0671579 0.1091685 0.0000000 0.0072467 0.0061034
108 F 108 0.0000000 0.0000000 0.0000000 0.0000000 0.0028361 0.0000000 0.0000000 0.0000000 0.0000000 0.0167440 0.0901631 0.0000000 0.0000000 0.1746983 0.0000000 0.0000000 0.0000000 0.6625311 0.0395674 0.0134601
109 R 109 0.0093585 0.1907572 0.0000000 0.0000000 0.0061202 0.0105918 0.0000000 0.0000000 0.0515836 0.0527167 0.4512980 0.0315812 0.0626212 0.0314284 0.0000000 0.0056207 0.0000000 0.0232825 0.0366638 0.0363763
110 E 110 0.0370902 0.0830057 0.0648466 0.0377656 0.0013323 0.1096761 0.2999730 0.0054930 0.0325095 0.0068196 0.0049934 0.1693665 0.0032868 0.0000000 0.0000000 0.0494783 0.0897820 0.0000000 0.0011046 0.0034769
111 Q 111 0.0000000 0.0000000 0.0847638 0.0820621 0.0000000 0.3129262 0.4179590 0.0000000 0.0129097 0.0000000 0.0295086 0.0263093 0.0000000 0.0000000 0.0000000 0.0105674 0.0204647 0.0000000 0.0025292 0.0000000
112 I 112 0.0731580 0.0000000 0.0000000 0.0000000 0.0069918 0.0000000 0.0181761 0.0000000 0.0000000 0.5808872 0.2119072 0.0000000 0.0034008 0.0000000 0.0014328 0.0000000 0.0044586 0.0000000 0.0000000 0.0995876
113 L 113 0.0065128 0.2420644 0.0342389 0.1093940 0.0049904 0.0744149 0.1195292 0.0000000 0.0165558 0.0370816 0.1846348 0.1000410 0.0061956 0.0059981 0.0000000 0.0209020 0.0149175 0.0000000 0.0107127 0.0118163
114 R 114 0.0000000 0.4504045 0.0352075 0.1151292 0.0010215 0.1517493 0.1415670 0.0029678 0.0011337 0.0000000 0.0070757 0.0372839 0.0075424 0.0000000 0.0000000 0.0071924 0.0417250 0.0000000 0.0000000 0.0000000
115 V 115 0.0080804 0.0000000 0.0582413 0.0013036 0.0056612 0.0282933 0.0000000 0.0011928 0.2601946 0.0387409 0.0503418 0.0000000 0.0043018 0.0212187 0.0000000 0.0045338 0.0013950 0.0000000 0.2005963 0.3159045
116 K 116 0.4926542 0.0455261 0.0000000 0.0000000 0.0015463 0.0000000 0.0029959 0.0192484 0.0130565 0.0032100 0.0000000 0.3193205 0.0000000 0.0000000 0.0000000 0.0454281 0.0306988 0.0000000 0.0240252 0.0022900
117 A 117 0.0682229 0.0168161 0.1138586 0.0566650 0.0527548 0.0245699 0.0363036 0.0337746 0.1699158 0.0000000 0.0376887 0.0050637 0.0111386 0.0073541 0.0072207 0.2936158 0.0208757 0.0419208 0.0022407 0.0000000
118 E 118 0.1011334 0.0062202 0.0482550 0.3337628 0.0066550 0.0098065 0.1564267 0.0332792 0.0014148 0.0000000 0.0000000 0.0075405 0.0000000 0.0000000 0.0173966 0.1250376 0.1496880 0.0000000 0.0000000 0.0033838
119 E 119 0.0336244 0.0269201 0.1945273 0.3409663 0.0360879 0.0233191 0.1114091 0.0048385 0.0000000 0.0038606 0.0201754 0.0326282 0.0000000 0.0000000 0.0000000 0.0656269 0.0820144 0.0000000 0.0055243 0.0184775
120 D 120 0.0987554 0.0045844 0.0366063 0.3081754 0.0044693 0.0361197 0.1177227 0.0096996 0.0237917 0.0017863 0.0000000 0.0370462 0.0237665 0.0014158 0.1175924 0.1339737 0.0358766 0.0000000 0.0000000 0.0086181
121 K 121 0.0116258 0.0199482 0.3972714 0.1207633 0.0000000 0.0692684 0.0297096 0.0715741 0.0259826 0.0023074 0.0000000 0.0384329 0.0024446 0.0021012 0.0045511 0.1115146 0.0520432 0.0011476 0.0211486 0.0181655
122 I 122 0.0072191 0.0000000 0.0000000 0.0000000 0.0237183 0.0000000 0.0000000 0.0000000 0.0000000 0.2727843 0.0053854 0.0000000 0.0635507 0.0450392 0.0027679 0.0000000 0.0265459 0.0000000 0.0055199 0.5474691
123 P 123 0.0294913 0.0048123 0.1172453 0.0027737 0.0306920 0.0137802 0.0627396 0.0000000 0.0060482 0.0340036 0.0177621 0.0022274 0.0026427 0.0025721 0.3358017 0.0300478 0.0293880 0.0000000 0.0032408 0.2747313
124 L 124 0.0000000 0.0564763 0.0030779 0.0000000 0.0033556 0.0089054 0.0000000 0.0000000 0.0000000 0.2923477 0.0714553 0.2460393 0.1413828 0.0512610 0.0000000 0.0000000 0.0246212 0.0000000 0.0000000 0.1010775
125 L 125 0.0177190 0.0000000 0.0000000 0.0000000 0.0000000 0.0000000 0.0029078 0.0071447 0.0000000 0.2130898 0.1957367 0.0000000 0.3272571 0.0248420 0.0000000 0.0000000 0.0041437 0.0000000 0.0000000 0.2071591
126 V 126 0.0012454 0.0000000 0.0000000 0.0000000 0.0000000 0.0012935 0.0000000 0.0000000 0.0000000 0.0632198 0.8612557 0.0000000 0.0240433 0.0000000 0.0000000 0.0000000 0.0000000 0.0000000 0.0000000 0.0489422
127 V 127 0.0205060 0.0000000 0.0000000 0.0000000 0.0037622 0.0000000 0.0000000 0.0000000 0.0000000 0.1945014 0.0727414 0.0000000 0.0017959 0.0000000 0.0000000 0.0071728 0.0012708 0.0000000 0.0000000 0.6982496
128 G 128 0.0259238 0.0000000 0.0000000 0.0000000 0.0000000 0.0000000 0.0000000 0.9740762 0.0000000 0.0000000 0.0000000 0.0000000 0.0000000 0.0000000 0.0000000 0.0000000 0.0000000 0.0000000 0.0000000 0.0000000
129 N 129 0.0000000 0.0000000 0.9947887 0.0000000 0.0000000 0.0000000 0.0000000 0.0000000 0.0052113 0.0000000 0.0000000 0.0000000 0.0000000 0.0000000 0.0000000 0.0000000 0.0000000 0.0000000 0.0000000 0.0000000
130 K 130 0.0000000 0.0000000 0.0000000 0.0000000 0.0000000 0.0000000 0.0000000 0.0000000 0.0000000 0.0000000 0.0000000 1.0000000 0.0000000 0.0000000 0.0000000 0.0000000 0.0000000 0.0000000 0.0000000 0.0000000
131 S 131 0.0886667 0.0000000 0.0207473 0.0028505 0.4488336 0.0000000 0.0000000 0.0103711 0.0000000 0.0281514 0.0088631 0.0064313 0.0008978 0.0087993 0.0000000 0.2874820 0.0324937 0.0000000 0.0033403 0.0520721
132 D 132 0.0000000 0.0000000 0.0000000 0.9860994 0.0000000 0.0000000 0.0089143 0.0000000 0.0000000 0.0000000 0.0000000 0.0000000 0.0000000 0.0000000 0.0000000 0.0000000 0.0000000 0.0000000 0.0000000 0.0049862
133 L 133 0.0086505 0.0232736 0.0037704 0.0186042 0.0124719 0.0013311 0.0030158 0.0008028 0.0000000 0.0121649 0.7391889 0.0270595 0.1000734 0.0011814 0.0000000 0.0110979 0.0009524 0.0137524 0.0000000 0.0226089
134 E 134 0.0679755 0.0718846 0.0462881 0.0772251 0.0000000 0.0250695 0.4123706 0.0206608 0.0033265 0.0144971 0.0072814 0.0516843 0.0020333 0.0013362 0.0355113 0.0406974 0.0794498 0.0000000 0.0011993 0.0415093
135 E 135 0.0661318 0.0123745 0.0686403 0.2421425 0.0000000 0.0365608 0.1308959 0.0173827 0.1658037 0.0074814 0.0022447 0.0101303 0.0066085 0.0013774 0.0042766 0.1430495 0.0697131 0.0000000 0.0084922 0.0066939
136 R 136 0.0130172 0.1047478 0.0336087 0.0604231 0.0009240 0.0852584 0.2310509 0.0017365 0.0105775 0.0134098 0.1634705 0.2095734 0.0066048 0.0078374 0.0000000 0.0479481 0.0058407 0.0000000 0.0031413 0.0008299
137 R 137 0.0000000 0.8882630 0.0021826 0.0000000 0.0018533 0.0010545 0.0000000 0.0000000 0.0000000 0.0036347 0.0012232 0.0894296 0.0013358 0.0000000 0.0000000 0.0000000 0.0000000 0.0028741 0.0000000 0.0081493
138 Q 138 0.2471468 0.0067278 0.0041889 0.0280708 0.0044348 0.2009109 0.1278563 0.0017177 0.0000000 0.0088722 0.0053812 0.0450924 0.0231608 0.0000000 0.0000000 0.0189569 0.0232950 0.0000000 0.0000000 0.2541876
139 V 139 0.0021777 0.0000000 0.0000000 0.0000000 0.0000000 0.0000000 0.0000000 0.0000000 0.0000000 0.0721718 0.0000000 0.0000000 0.0015561 0.0000000 0.0000000 0.0000000 0.0016215 0.0000000 0.0000000 0.9224728
140 P 140 0.0171123 0.0104581 0.0062342 0.0766930 0.0013366 0.0277718 0.0504913 0.0558742 0.0009112 0.0035095 0.0161998 0.0353226 0.0040884 0.0008743 0.1540800 0.3984768 0.1369681 0.0018845 0.0000000 0.0017131
141 V 141 0.0278929 0.0853968 0.0023800 0.0015966 0.0020085 0.0274584 0.0328419 0.0015514 0.0061540 0.0164708 0.0243957 0.1559664 0.0180057 0.0493960 0.0173782 0.0355874 0.3257944 0.0063283 0.1236791 0.0397173
142 E 142 0.0637966 0.0066814 0.0256870 0.1105306 0.0000000 0.0730904 0.5669005 0.0072151 0.0066257 0.0017081 0.0066656 0.0294241 0.0031735 0.0000000 0.0030467 0.0496274 0.0363168 0.0000000 0.0018375 0.0076731
143 E 143 0.0165499 0.0797278 0.0023574 0.1500375 0.0000000 0.1237521 0.4939269 0.0000000 0.0023803 0.0021727 0.0082404 0.0223491 0.0077977 0.0000000 0.0000000 0.0082706 0.0558931 0.0000000 0.0000000 0.0265445
144 A 144 0.3988945 0.0000000 0.0000000 0.0025715 0.0084098 0.0000000 0.0000000 0.5824628 0.0000000 0.0000000 0.0000000 0.0000000 0.0000000 0.0000000 0.0000000 0.0040767 0.0000000 0.0000000 0.0000000 0.0035847
145 R 145 0.0265147 0.1162134 0.0119758 0.0129401 0.0017856 0.2420038 0.1588428 0.0047521 0.0089552 0.0250599 0.0261462 0.2783357 0.0161925 0.0224896 0.0042623 0.0174829 0.0166302 0.0000000 0.0027776 0.0066398
146 S 146 0.2633949 0.0346258 0.0730031 0.0633026 0.0000000 0.1413418 0.2072611 0.0181747 0.0094414 0.0027051 0.0118438 0.0618655 0.0054162 0.0021957 0.0000000 0.0757588 0.0233588 0.0000000 0.0000000 0.0063106
147 K 147 0.0012019 0.0283120 0.0000000 0.0000000 0.0031146 0.0000000 0.0000000 0.0000000 0.0000000 0.0220988 0.4723626 0.0247479 0.0224829 0.3434190 0.0000000 0.0000000 0.0013108 0.0069999 0.0540502 0.0198994
148 A 148 0.9113439 0.0000000 0.0000000 0.0000000 0.0122454 0.0000000 0.0000000 0.0040030 0.0000000 0.0000000 0.0000000 0.0000000 0.0000000 0.0000000 0.0000000 0.0669989 0.0013906 0.0000000 0.0000000 0.0040182
149 E 149 0.0271220 0.2027544 0.0382852 0.1767222 0.0000000 0.0874640 0.2104217 0.0045415 0.0041917 0.0113543 0.0047634 0.1723457 0.0034698 0.0000000 0.0000000 0.0307456 0.0158975 0.0000000 0.0000000 0.0099210
150 E 150 0.0346205 0.0546412 0.0133439 0.0518561 0.0142348 0.2072673 0.3173311 0.0040125 0.0179445 0.0012201 0.0073917 0.1124878 0.0062048 0.0000000 0.0000000 0.1194490 0.0262775 0.0008835 0.0091860 0.0016476
151 W 151 0.0009654 0.0079840 0.1316640 0.0000000 0.0032067 0.0235353 0.0940387 0.0000000 0.1188165 0.0260273 0.2098845 0.0039731 0.0335237 0.1055024 0.0000000 0.0007265 0.0000000 0.1275914 0.1107402 0.0018204
152 G 152 0.0097754 0.0116446 0.2029398 0.0256735 0.0018044 0.0204662 0.0099390 0.6176103 0.0113533 0.0000000 0.0000000 0.0397305 0.0000000 0.0000000 0.0026008 0.0439897 0.0024725 0.0000000 0.0000000 0.0000000
153 V 153 0.0246189 0.0000000 0.0000000 0.0000000 0.1962877 0.0000000 0.0000000 0.0000000 0.0000000 0.2803831 0.2833127 0.0038657 0.0635931 0.0204777 0.0000000 0.0053121 0.0113217 0.0000000 0.0000000 0.1108274
154 Q 154 0.0688703 0.0345092 0.0064023 0.0197005 0.0058030 0.0422226 0.0498978 0.0029677 0.0049596 0.0294948 0.1059497 0.0852440 0.0190763 0.0614302 0.3025119 0.1097161 0.0168318 0.0000000 0.0136033 0.0208090
155 Y 155 0.0000000 0.0000000 0.0000000 0.0000000 0.0042820 0.0000000 0.0000000 0.0000000 0.0037465 0.0034877 0.0193362 0.0000000 0.0022131 0.8520085 0.0000000 0.0047394 0.0000000 0.0000000 0.1030827 0.0071039
156 V 156 0.0067460 0.0000000 0.0000000 0.0000000 0.0026869 0.0008976 0.0000000 0.0000000 0.0010220 0.1625923 0.2723453 0.0009996 0.2306084 0.1391048 0.0010184 0.0031122 0.0118619 0.0019441 0.0606082 0.1044524
157 E 157 0.0000000 0.0000000 0.0000000 0.0031821 0.0000000 0.0000000 0.9968179 0.0000000 0.0000000 0.0000000 0.0000000 0.0000000 0.0000000 0.0000000 0.0000000 0.0000000 0.0000000 0.0000000 0.0000000 0.0000000
158 T 158 0.1122459 0.0000000 0.0000000 0.0000000 0.0260560 0.0000000 0.0000000 0.0000000 0.0000000 0.0000000 0.0074053 0.0000000 0.0000000 0.0000000 0.0000000 0.0451532 0.7868649 0.0000000 0.0000000 0.0222747
159 S 159 0.0000000 0.0000000 0.0000000 0.0000000 0.0000000 0.0000000 0.0000000 0.0021478 0.0000000 0.0000000 0.0042623 0.0000000 0.0000000 0.0000000 0.0000000 0.9935899 0.0000000 0.0000000 0.0000000 0.0000000
160 A 160 0.9920930 0.0000000 0.0000000 0.0000000 0.0000000 0.0000000 0.0000000 0.0000000 0.0000000 0.0000000 0.0027891 0.0000000 0.0000000 0.0000000 0.0000000 0.0051179 0.0000000 0.0000000 0.0000000 0.0000000
161 K 161 0.0386789 0.0451915 0.0000000 0.0000000 0.0000000 0.0046178 0.0000000 0.0000000 0.0000000 0.0000000 0.2004630 0.6958910 0.0119980 0.0018664 0.0000000 0.0012934 0.0000000 0.0000000 0.0000000 0.0000000
162 T 162 0.0455613 0.0216278 0.1286626 0.1732024 0.0000000 0.0467822 0.1170503 0.0053230 0.0051059 0.0048116 0.0444803 0.0050971 0.0066288 0.0133616 0.0000000 0.1090741 0.2649153 0.0000000 0.0050200 0.0032957
163 R 163 0.2460518 0.2390363 0.1481316 0.0219146 0.0209225 0.0000000 0.0000000 0.0716537 0.0021306 0.0000000 0.0000000 0.0700465 0.0000000 0.0000000 0.0000000 0.1775504 0.0000000 0.0000000 0.0025619 0.0000000
164 A 164 0.0477519 0.0039305 0.0137121 0.0224566 0.0019950 0.0477516 0.0702715 0.0014957 0.0264230 0.2405484 0.0676505 0.0103781 0.0411587 0.0095606 0.0016563 0.0835065 0.2293078 0.0000000 0.0125424 0.0679026
165 N 165 0.0017779 0.0115499 0.8786462 0.0012750 0.0022096 0.0045960 0.0000000 0.0466842 0.0125328 0.0000000 0.0032947 0.0037432 0.0012903 0.0166989 0.0000000 0.0036489 0.0000000 0.0000000 0.0120524 0.0000000
166 V 166 0.0000000 0.0000000 0.0033011 0.0000000 0.0000000 0.0000000 0.0000000 0.0000000 0.0037344 0.0908064 0.0043728 0.0000000 0.0000000 0.0000000 0.0000000 0.0000000 0.0000000 0.0000000 0.0000000 0.8977853
167 D 167 0.0124083 0.0086455 0.0795334 0.2821701 0.0000000 0.0262585 0.5150312 0.0027948 0.0052147 0.0000000 0.0018429 0.0342937 0.0009560 0.0000000 0.0011403 0.0121750 0.0156951 0.0000000 0.0018404 0.0000000
168 K 168 0.0399313 0.0140999 0.0434357 0.1255208 0.0000000 0.1172118 0.3843740 0.0053392 0.0032419 0.0023763 0.0488465 0.1310998 0.0016213 0.0023046 0.0047327 0.0284434 0.0406300 0.0000000 0.0008305 0.0059604
169 V 169 0.6396731 0.0000000 0.0000000 0.0000000 0.0468786 0.0000000 0.0000000 0.0056607 0.0000000 0.0786847 0.0090378 0.0000000 0.0263080 0.0000000 0.0000000 0.0373533 0.0086530 0.0000000 0.0000000 0.1477507
170 F 170 0.0000000 0.0000000 0.0000000 0.0000000 0.0000000 0.0000000 0.0000000 0.0000000 0.0000000 0.0000000 0.0047298 0.0000000 0.0000000 0.9883273 0.0000000 0.0000000 0.0000000 0.0000000 0.0069429 0.0000000
171 F 171 0.0138502 0.0176169 0.0226626 0.0053090 0.0057225 0.0893314 0.0858383 0.0016221 0.0548559 0.0873549 0.1296700 0.0086445 0.0621520 0.1008036 0.0000000 0.0309172 0.0551131 0.0077471 0.1830885 0.0377004
172 D 172 0.0895294 0.0480805 0.0609205 0.1894787 0.0125301 0.0514018 0.1366168 0.0189470 0.0055175 0.0105585 0.0130692 0.0396635 0.0105291 0.0018308 0.0000000 0.0730156 0.2241767 0.0000000 0.0045303 0.0096042
173 L 173 0.0066547 0.0000000 0.0010725 0.0000000 0.0031268 0.0000000 0.0008772 0.0000000 0.0000000 0.1881505 0.4503965 0.0000000 0.1145963 0.0000000 0.0000000 0.0037029 0.0912097 0.0000000 0.0000000 0.1402128
174 M 174 0.3744599 0.0000000 0.0000000 0.0000000 0.0286718 0.0000000 0.0000000 0.0037022 0.0000000 0.0453097 0.1440511 0.0000000 0.0422920 0.0025456 0.0000000 0.0156438 0.0454627 0.0000000 0.0000000 0.2978612
175 R 175 0.0628672 0.4527796 0.0083176 0.0057443 0.0025745 0.0259516 0.0409033 0.0270497 0.0082124 0.0000000 0.0242019 0.1485298 0.0018201 0.0013635 0.0000000 0.0510245 0.1342320 0.0000000 0.0012048 0.0032232
176 E 176 0.0547748 0.0109871 0.0230274 0.1379273 0.0096972 0.1779962 0.3714063 0.0045391 0.0013984 0.0158045 0.0362717 0.0923667 0.0145341 0.0010028 0.0019803 0.0180473 0.0167805 0.0000000 0.0009395 0.0105188
177 I 177 0.0000000 0.0000000 0.0011652 0.0000000 0.0012803 0.0000000 0.0000000 0.0000000 0.0000000 0.7891512 0.0936076 0.0000000 0.0217815 0.0018837 0.0000000 0.0022679 0.0000000 0.0000000 0.0000000 0.0888627
178 R 178 0.0020703 0.1860035 0.0620585 0.0013553 0.0037341 0.0297581 0.0019011 0.0000000 0.0194552 0.0703631 0.1037669 0.2220435 0.0190023 0.0225656 0.0182802 0.0034404 0.0065982 0.0000000 0.2229211 0.0046827
179 T 179 0.0572500 0.2576253 0.0917425 0.0656019 0.0261342 0.0905566 0.1186875 0.0023059 0.0222823 0.0000000 0.0154174 0.2011811 0.0044357 0.0000000 0.0000000 0.0291834 0.0161353 0.0000000 0.0000000 0.0014608
180 K 180 0.0121114 0.2641916 0.0675654 0.0336437 0.0000000 0.0487111 0.0160447 0.0070748 0.0275196 0.0235061 0.0049419 0.3566749 0.0159722 0.0161180 0.0000000 0.0396005 0.0192267 0.0025751 0.0336645 0.0108578
181 K 181 0.0079237 0.0499015 0.0705146 0.0441902 0.0020233 0.0349754 0.1059344 0.0065236 0.0295613 0.1074844 0.0519287 0.1878688 0.1435080 0.0038767 0.0027660 0.0204743 0.0642328 0.0000000 0.0049619 0.0613503
182 M 182 0.0724843 0.0268027 0.0346440 0.0459417 0.0000000 0.1213021 0.1229909 0.0343331 0.0048506 0.0393656 0.0564492 0.0943788 0.1057431 0.0042647 0.1130898 0.0765555 0.0224560 0.0000000 0.0000000 0.0243480
183 S 183 0.0581779 0.0396978 0.0826286 0.0772488 0.0000000 0.1173427 0.1761216 0.0241141 0.0075341 0.0069914 0.0079038 0.1263599 0.0000000 0.0020775 0.0081319 0.2051723 0.0186902 0.0000000 0.0000000 0.0418073
184 E 184 0.0344897 0.0695800 0.0828018 0.0882959 0.0000000 0.1588497 0.2078561 0.0223612 0.0026717 0.0000000 0.0109167 0.2148633 0.0000000 0.0000000 0.0243469 0.0559500 0.0146476 0.0000000 0.0074757 0.0048937
185 N 185 0.0108787 0.0266812 0.2697506 0.0049641 0.0000000 0.1354171 0.0297637 0.1146553 0.0362982 0.0054916 0.0087960 0.0433179 0.0049535 0.0000000 0.0355684 0.2334231 0.0311387 0.0000000 0.0043467 0.0045550
186 K 186 0.0000000 0.1770908 0.0000000 0.0000000 0.0000000 0.3560052 0.0000000 0.0000000 0.0000000 0.0000000 0.0000000 0.4669040 0.0000000 0.0000000 0.0000000 0.0000000 0.0000000 0.0000000 0.0000000 0.0000000
