   76         A         R         N         D         C         Q         E         G         H         I         L         K         M         F         P         S         T         W         Y         V         X    
  1 M   1 0.0000000 0.0000000 0.0000000 0.0000000 0.0000000 0.0000000 0.0000000 0.0000000 0.0000000 0.1078911 0.0000000 0.0000000 0.6150410 0.0000000 0.0000000 0.0000000 0.0000000 0.0000000 0.0000000 0.0000000 0.2770678
  2 Q   2 0.0000000 0.0180321 0.0364891 0.0225982 0.0000000 0.4360796 0.0839077 0.0017191 0.0144823 0.0230758 0.0383301 0.1014667 0.0064213 0.0027764 0.0045386 0.0145312 0.0171336 0.0045534 0.0119056 0.0000000 0.1619593
  3 I   3 0.0024562 0.0000000 0.0049740 0.0000000 0.0000000 0.0000000 0.0000000 0.0000000 0.0000000 0.6293359 0.1321022 0.0000000 0.0058032 0.0064917 0.0000000 0.0030553 0.0000000 0.0000000 0.0000000 0.1271279 0.0886536
  4 F   4 0.0015724 0.0036490 0.0434961 0.0025070 0.0014876 0.0146840 0.0000000 0.0018622 0.0162372 0.0221688 0.0276777 0.0717123 0.0042466 0.4535046 0.0090827 0.0274551 0.1441157 0.0058695 0.0623296 0.0074175 0.0789243
  5 V   5 0.0170912 0.0000000 0.0000000 0.0000000 0.0000000 0.0000000 0.0000000 0.0020726 0.0000000 0.2498529 0.0547241 0.0000000 0.0212744 0.0276428 0.0000000 0.0000000 0.0040199 0.0000000 0.0000000 0.5529249 0.0703973
  6 K   6 0.0057340 0.1064395 0.0072664 0.0095869 0.0020007 0.0308168 0.0465909 0.0027540 0.0000000 0.0063180 0.0000000 0.6659167 0.0033164 0.0000000 0.0000000 0.0082204 0.0202897 0.0000000 0.0000000 0.0078581 0.0768914
  7 T   7 0.0212403 0.0050871 0.0606979 0.0368310 0.0130730 0.0018616 0.0070753 0.0111930 0.0040752 0.0231608 0.0259294 0.0107232 0.0307214 0.0057640 0.0031693 0.0504299 0.6144854 0.0000000 0.0000000 0.0090451 0.0654372
  8 L   8 0.0047195 0.0105481 0.0026251 0.0029355 0.0028812 0.0177986 0.0220264 0.0047008 0.0037564 0.0387509 0.6942359 0.0016336 0.0247115 0.0161189 0.0257726 0.0446225 0.0024452 0.0016808 0.0000000 0.0251306 0.0529057
  9 T   9 0.0394681 0.0155395 0.0665248 0.0872161 0.0075827 0.0488346 0.0180889 0.0303769 0.0028563 0.0097250 0.0094929 0.0760387 0.0051650 0.0077031 0.0036498 0.0585668 0.4516474 0.0012663 0.0064792 0.0028665 0.0509113
 10 G  10 0.0068845 0.0100862 0.0253992 0.0226166 0.0051337 0.0496654 0.0104148 0.7446796 0.0000000 0.0000000 0.0014513 0.0039529 0.0021284 0.0017348 0.0000000 0.0583480 0.0000000 0.0020728 0.0030107 0.0054116 0.0470092
 11 K  11 0.0196981 0.0913876 0.0430848 0.0178978 0.0000000 0.1251058 0.0481906 0.0116198 0.0086869 0.0031260 0.0031710 0.4842411 0.0052678 0.0000000 0.0026600 0.0259912 0.0628376 0.0024070 0.0046884 0.0058706 0.0340679
 12 T  12 0.0322852 0.0229232 0.0268697 0.0105377 0.0210075 0.0150926 0.0740888 0.0000000 0.0266348 0.0663856 0.0172281 0.0674417 0.0143039 0.0019489 0.0103060 0.0651634 0.4524030 0.0000000 0.0000000 0.0424096 0.0329706
 13 I  13 0.0054602 0.0137516 0.0041522 0.0035309 0.0139348 0.0137344 0.0000000 0.0017233 0.0531875 0.4591378 0.0662476 0.0089255 0.0197764 0.1795157 0.0000000 0.0185307 0.0157067 0.0044364 0.0438755 0.0421015 0.0322712
 14 T  14 0.0515490 0.0107713 0.0274184 0.0169608 0.0106656 0.0176077 0.1137105 0.0016286 0.0062071 0.0331271 0.0112459 0.0300838 0.0051792 0.0037002 0.0586362 0.0685274 0.4606091 0.0000000 0.0021903 0.0403067 0.0298752
 15 L  15 0.0013769 0.0054026 0.0000000 0.0000000 0.0076039 0.0000000 0.0022412 0.0000000 0.0000000 0.1443062 0.5621885 0.0000000 0.0141431 0.0705532 0.0000000 0.0000000 0.0059643 0.0000000 0.0516730 0.1078838 0.0266632
 16 E  16 0.0084301 0.0786981 0.0395531 0.2022122 0.0051962 0.0420463 0.3510039 0.0097964 0.0195214 0.0057752 0.0143726 0.0517296 0.0096433 0.0050285 0.0104238 0.0300265 0.0648545 0.0043770 0.0063696 0.0142787 0.0266632
 17 V  17 0.0388197 0.0000000 0.0000000 0.0013727 0.0210484 0.0000000 0.0000000 0.0000000 0.0000000 0.1242692 0.0387968 0.0000000 0.0184034 0.0340473 0.0042002 0.0000000 0.0164180 0.0000000 0.0053722 0.6709664 0.0262857
 18 E  18 0.0195204 0.0342854 0.0532485 0.1297573 0.0055764 0.0364437 0.4168565 0.0084207 0.0184641 0.0054768 0.0088548 0.0774086 0.0044412 0.0056099 0.0230609 0.0836852 0.0224783 0.0029790 0.0090960 0.0080505 0.0262857
 19 P  19 0.0561804 0.0199738 0.0090262 0.0213951 0.0025392 0.0079752 0.0319107 0.0359863 0.0028260 0.0068228 0.0662500 0.0323511 0.0070493 0.0041918 0.4284759 0.2029938 0.0209561 0.0000000 0.0032711 0.0135395 0.0262857
 20 S  20 0.0253286 0.0226125 0.0850547 0.0738751 0.0161804 0.0210453 0.0754136 0.0279839 0.0133687 0.0035027 0.0261865 0.0081200 0.0010760 0.0231851 0.0022045 0.4107525 0.1173619 0.0062402 0.0137590 0.0010975 0.0256513
 21 D  21 0.0393352 0.0034705 0.0454136 0.5551594 0.0114153 0.0242343 0.1142088 0.0014910 0.0083145 0.0195966 0.0123607 0.0130993 0.0255536 0.0035104 0.0000000 0.0235134 0.0383977 0.0051589 0.0155561 0.0158792 0.0243316
 22 T  22 0.0181633 0.0171283 0.0137615 0.0071909 0.0020621 0.0099248 0.0014472 0.0019341 0.0000000 0.0021298 0.0197063 0.0699426 0.0109883 0.0012519 0.0219356 0.0706033 0.6998902 0.0000000 0.0035176 0.0057084 0.0227138
 23 I  23 0.0126836 0.0042495 0.0024546 0.0000000 0.0000000 0.0000000 0.0000000 0.0000000 0.0000000 0.4451377 0.0211582 0.0036163 0.0033706 0.0021296 0.0000000 0.0028434 0.0253624 0.0000000 0.0000000 0.4542590 0.0227353
 24 E  24 0.0810089 0.0240129 0.0140924 0.1224370 0.0034293 0.0235742 0.2919766 0.0852443 0.0010923 0.0215891 0.0724431 0.0459576 0.0177323 0.0084757 0.0205783 0.0764251 0.0185205 0.0019233 0.0272051 0.0150486 0.0272334
 25 N  25 0.0631404 0.0400402 0.2688309 0.1657714 0.0037169 0.0578652 0.0763080 0.0142662 0.0144515 0.0100994 0.0080525 0.0285204 0.0089237 0.0000000 0.0023738 0.1204133 0.0524755 0.0000000 0.0131323 0.0273094 0.0243090
 26 V  26 0.0037378 0.0000000 0.0000000 0.0023829 0.0036163 0.0000000 0.0014921 0.0023362 0.0000000 0.1369190 0.2612940 0.0030107 0.0164844 0.0569353 0.0000000 0.0013594 0.0000000 0.0000000 0.0000000 0.4918825 0.0185493
 27 K  27 0.0000000 0.0202769 0.0052595 0.0068283 0.0000000 0.0096211 0.0069672 0.0000000 0.0044316 0.0000000 0.0046864 0.8994815 0.0155863 0.0000000 0.0000000 0.0018423 0.0000000 0.0000000 0.0046245 0.0018451 0.0185493
 28 A  28 0.2818640 0.0336691 0.0312288 0.0291665 0.0028154 0.0892228 0.1621302 0.0213475 0.0053619 0.0122006 0.0373510 0.0719802 0.0137692 0.0100949 0.0008719 0.0929086 0.0351614 0.0000000 0.0136831 0.0306956 0.0244777
 29 K  29 0.0169674 0.0943903 0.0230934 0.0041587 0.0000000 0.0747448 0.0138837 0.0027029 0.0131857 0.0221489 0.0885229 0.5251787 0.0588977 0.0032112 0.0000000 0.0143602 0.0077108 0.0014063 0.0014187 0.0100610 0.0239569
 30 I  30 0.0000000 0.0000000 0.0000000 0.0000000 0.0032098 0.0000000 0.0000000 0.0000000 0.0021081 0.7143551 0.0795873 0.0052619 0.0143149 0.0023382 0.0000000 0.0025387 0.0028161 0.0000000 0.0000000 0.1470937 0.0263763
 31 Q  31 0.0773427 0.0387717 0.0090554 0.0105386 0.0031680 0.4133664 0.1686421 0.0018080 0.0278389 0.0021818 0.0280601 0.0312145 0.0029305 0.0348447 0.0046234 0.0634047 0.0059572 0.0000000 0.0399772 0.0098978 0.0263763
 32 D  32 0.0541080 0.0415159 0.0335117 0.3258249 0.0045486 0.0396865 0.2657159 0.0206837 0.0092437 0.0114986 0.0065915 0.0367886 0.0030187 0.0022299 0.0082624 0.0407332 0.0360459 0.0033065 0.0081793 0.0161237 0.0323827
 33 K  33 0.0340983 0.0963199 0.0156203 0.0056077 0.0011826 0.0397895 0.0700328 0.0023416 0.0093416 0.0174228 0.0562974 0.5064019 0.0090008 0.0084142 0.0016562 0.0226928 0.0162640 0.0000000 0.0066378 0.0507230 0.0301549
 34 E  34 0.0168105 0.0142362 0.0053328 0.0249465 0.0086370 0.0640734 0.5162585 0.0169917 0.0119187 0.0265877 0.0465076 0.0530564 0.0063856 0.0230538 0.0010781 0.0314706 0.0578465 0.0000000 0.0031070 0.0293109 0.0423905
 35 G  35 0.0138395 0.0179090 0.0430026 0.0279412 0.0079086 0.0099322 0.0204484 0.7233621 0.0058508 0.0000000 0.0063004 0.0266884 0.0038034 0.0000000 0.0035240 0.0371298 0.0047276 0.0000000 0.0022802 0.0022406 0.0431113
 36 I  36 0.0079007 0.0000000 0.0000000 0.0018243 0.0040863 0.0023987 0.0044928 0.0032120 0.0112706 0.5618137 0.0363976 0.0000000 0.0167879 0.0466690 0.0040862 0.0021645 0.0285857 0.0183768 0.0442924 0.1591873 0.0464535
 37 P  37 0.0391023 0.0184084 0.0119382 0.0310070 0.0037323 0.0263251 0.0276361 0.0000000 0.0056557 0.0035649 0.0392150 0.0014414 0.0047188 0.0015239 0.6659471 0.0388116 0.0209302 0.0000000 0.0087071 0.0067123 0.0446228
 38 P  38 0.1302931 0.0054833 0.0041945 0.0000000 0.0248073 0.0054451 0.0150407 0.0000000 0.0028674 0.0566847 0.0362467 0.0139726 0.0078380 0.0049849 0.4180411 0.0436111 0.0184061 0.0058728 0.0067759 0.1516709 0.0477639
 39 D  39 0.0647519 0.0105640 0.0666974 0.3739464 0.0170814 0.0239878 0.1161978 0.0507983 0.0270480 0.0113846 0.0059453 0.0248544 0.0054985 0.0110967 0.0144830 0.0964172 0.0113426 0.0000000 0.0091970 0.0205262 0.0381816
 40 Q  40 0.0139465 0.0407642 0.0188128 0.0285654 0.0000000 0.5795322 0.0461494 0.0098975 0.0345888 0.0043596 0.0351227 0.0454021 0.0087587 0.0105669 0.0083899 0.0308805 0.0149019 0.0040933 0.0174683 0.0117998 0.0359997
 41 Q  41 0.0000000 0.0082577 0.0000000 0.0000000 0.0028139 0.8605866 0.0000000 0.0052100 0.0164031 0.0250036 0.0147190 0.0014967 0.0087229 0.0017990 0.0083881 0.0029701 0.0026844 0.0000000 0.0083688 0.0022677 0.0303083
 42 R  42 0.0019459 0.6522730 0.0084345 0.0000000 0.0165908 0.0038006 0.0041712 0.0047019 0.0634398 0.0076793 0.0068499 0.1231596 0.0214443 0.0031117 0.0016326 0.0155558 0.0122912 0.0052619 0.0000000 0.0135590 0.0340970
 43 L  43 0.0000000 0.0000000 0.0000000 0.0000000 0.0000000 0.0049740 0.0000000 0.0017511 0.0027540 0.0326885 0.8898205 0.0000000 0.0099157 0.0055994 0.0015401 0.0000000 0.0000000 0.0029917 0.0067555 0.0098462 0.0313632
 44 I  44 0.0111918 0.0034141 0.0000000 0.0028687 0.0027955 0.0172908 0.0000000 0.0000000 0.0000000 0.6658826 0.0661071 0.0080476 0.0140399 0.0319292 0.0000000 0.0206882 0.0235718 0.0000000 0.0023639 0.0966006 0.0332084
 45 F  45 0.0047551 0.0040751 0.0055749 0.0000000 0.0198318 0.0000000 0.0000000 0.0035924 0.0650426 0.0056346 0.0286902 0.0000000 0.0052619 0.5245738 0.0000000 0.0216106 0.0193614 0.0237419 0.2299091 0.0091801 0.0291643
 46 A  46 0.3458946 0.0574213 0.0826312 0.0447628 0.0154224 0.0796192 0.0460503 0.0730650 0.0105518 0.0022533 0.0074562 0.0458942 0.0000000 0.0058947 0.0079125 0.1149295 0.0061828 0.0000000 0.0054391 0.0202745 0.0283444
 47 G  47 0.0212052 0.0079261 0.0415759 0.0117431 0.0079351 0.0099824 0.0090185 0.7895965 0.0029795 0.0000000 0.0035775 0.0078380 0.0000000 0.0034069 0.0000000 0.0366208 0.0042432 0.0000000 0.0119277 0.0033514 0.0270721
 48 K  48 0.0071639 0.1613173 0.0315623 0.0000000 0.0029504 0.0477121 0.0190169 0.0306595 0.0132905 0.0177742 0.0128982 0.5520745 0.0194260 0.0000000 0.0031070 0.0165447 0.0133439 0.0029701 0.0031320 0.0204062 0.0246505
 49 Q  49 0.0126908 0.0213849 0.0105294 0.0100616 0.0184776 0.4703739 0.0995137 0.0018934 0.0111868 0.0768257 0.0333521 0.0231185 0.0107565 0.0204447 0.0197589 0.0149536 0.0046168 0.0061047 0.0019454 0.1061054 0.0259057
 50 L  50 0.0000000 0.0100299 0.0020861 0.0000000 0.0000000 0.0018918 0.0027793 0.0000000 0.0000000 0.0350665 0.7898707 0.0000000 0.0884608 0.0073177 0.0053576 0.0020050 0.0113246 0.0078290 0.0000000 0.0065704 0.0294109
 51 E  51 0.0334301 0.0312726 0.0300499 0.1258374 0.0000000 0.0566764 0.4207841 0.0054232 0.0111468 0.0059765 0.0095759 0.1388123 0.0032598 0.0017128 0.0071696 0.0463604 0.0192831 0.0000000 0.0000000 0.0215792 0.0316498
 52 D  52 0.0059324 0.0034587 0.0883906 0.7671400 0.0000000 0.0067733 0.0287020 0.0217439 0.0071167 0.0036276 0.0000000 0.0049636 0.0078290 0.0051925 0.0065699 0.0052381 0.0023538 0.0000000 0.0000000 0.0019309 0.0330371
 53 G  53 0.0413418 0.0141095 0.0306776 0.2113898 0.0089617 0.0245415 0.1282940 0.3310860 0.0384098 0.0017112 0.0038793 0.0106356 0.0052619 0.0008696 0.0015693 0.0847624 0.0151281 0.0000000 0.0105512 0.0051547 0.0316650
 54 R  54 0.0119574 0.3158596 0.0376820 0.0222739 0.0407907 0.0803472 0.0282349 0.0026380 0.0553732 0.0037373 0.0457320 0.1791305 0.0244995 0.0142699 0.0030729 0.0202285 0.0436257 0.0046446 0.0278206 0.0040086 0.0340729
 55 T  55 0.0211711 0.0176896 0.0063040 0.0078707 0.0189105 0.0109890 0.0053396 0.0013589 0.0042495 0.0123715 0.0223440 0.0637846 0.0079554 0.0038496 0.0317844 0.0683894 0.6486366 0.0000000 0.0031884 0.0066722 0.0371408
 56 L  56 0.0289959 0.0000000 0.0000000 0.0000000 0.0014116 0.0000000 0.0000000 0.0000000 0.0025985 0.0870358 0.7380621 0.0000000 0.0208807 0.0144585 0.0018718 0.0048934 0.0023475 0.0000000 0.0000000 0.0630567 0.0343874
 57 S  57 0.2554795 0.0191215 0.0229457 0.0323727 0.0095356 0.0369920 0.0994995 0.0335111 0.0070085 0.0112890 0.0160299 0.0402522 0.0048518 0.0126515 0.0000000 0.3153105 0.0143745 0.0032751 0.0070384 0.0174354 0.0410254
 58 D  58 0.0252420 0.0032760 0.0250448 0.5299460 0.0019723 0.0085203 0.1360600 0.0078898 0.0324225 0.0000000 0.0043821 0.0047298 0.0052658 0.0148315 0.0000000 0.1063251 0.0095414 0.0033065 0.0388168 0.0014019 0.0410254
 59 Y  59 0.0165757 0.0000000 0.0259545 0.0014133 0.0593820 0.0000000 0.0000000 0.0000000 0.0194435 0.0074307 0.0132487 0.0000000 0.0000000 0.0139133 0.0000000 0.0146734 0.0000000 0.0000000 0.7730819 0.0067150 0.0481680
 60 N  60 0.0043409 0.0103292 0.4666502 0.0407650 0.0060748 0.0134147 0.0166782 0.1701093 0.0274191 0.0049267 0.0000000 0.1123947 0.0000000 0.0029535 0.0067940 0.0621679 0.0033151 0.0020079 0.0041202 0.0032760 0.0422629
 61 I  61 0.0000000 0.0000000 0.0000000 0.0027290 0.0000000 0.0000000 0.0000000 0.0000000 0.0000000 0.6473233 0.0940066 0.0000000 0.0125953 0.0077418 0.0000000 0.0000000 0.0056616 0.0036276 0.0000000 0.1843104 0.0420045
 62 Q  62 0.0196876 0.0454972 0.0155924 0.0316483 0.0038830 0.3925121 0.1184517 0.0306723 0.0356296 0.0113121 0.0170225 0.0816156 0.0013446 0.0031884 0.0171200 0.0372666 0.0462867 0.0039581 0.0036172 0.0347606 0.0489336
 63 K  63 0.0351141 0.0220642 0.1299822 0.1114386 0.0023086 0.0196308 0.1685610 0.0300690 0.0285133 0.0033078 0.0034567 0.2698740 0.0117887 0.0000000 0.0343081 0.0640134 0.0148323 0.0000000 0.0089031 0.0000000 0.0418341
 64 E  64 0.0041987 0.0062472 0.0646508 0.0881059 0.0000000 0.0163783 0.3080519 0.3256853 0.0166072 0.0000000 0.0118071 0.0835533 0.0043791 0.0021227 0.0083984 0.0077954 0.0041430 0.0026004 0.0046146 0.0000000 0.0406606
 65 S  65 0.0772422 0.0031795 0.0312424 0.0566362 0.0340313 0.0000000 0.0039239 0.0346591 0.0566024 0.0044447 0.0033348 0.0293401 0.0075588 0.0032931 0.0044956 0.5737622 0.0156659 0.0000000 0.0085992 0.0073122 0.0446763
 66 T  66 0.0069066 0.0146308 0.0063629 0.0028096 0.0066279 0.0145161 0.0015034 0.0010522 0.0052862 0.0643173 0.0058115 0.0233782 0.0109181 0.0859213 0.0023362 0.0183791 0.6020716 0.0000000 0.0024367 0.0771579 0.0475762
 67 L  67 0.0023979 0.0029295 0.0000000 0.0000000 0.0000000 0.0052100 0.0000000 0.0000000 0.0000000 0.2386506 0.5353712 0.0000000 0.0126470 0.0094781 0.0000000 0.0000000 0.0032028 0.0000000 0.0000000 0.1352602 0.0548528
 68 H  68 0.0000000 0.0175605 0.0440088 0.0317911 0.0040055 0.0317226 0.0131988 0.0000000 0.5424079 0.0052100 0.0116224 0.0233030 0.0066584 0.0073486 0.0012646 0.0207422 0.0113573 0.0000000 0.0652560 0.0935936 0.0689488
 69 L  69 0.0034068 0.0026844 0.0000000 0.0000000 0.0201681 0.0045250 0.0000000 0.0014225 0.0075870 0.0357917 0.7078359 0.0000000 0.0683210 0.0119281 0.0032003 0.0000000 0.0000000 0.0038727 0.0000000 0.0662978 0.0629588
 70 V  70 0.0382756 0.0000000 0.0108895 0.0070563 0.0098794 0.0104479 0.0123499 0.0043646 0.0000000 0.0419674 0.0559859 0.0034331 0.0937800 0.0178510 0.0009828 0.0247312 0.0366261 0.0000000 0.0019376 0.5380917 0.0913500
 71 L  71 0.0143842 0.0076515 0.0000000 0.0000000 0.0013821 0.0182740 0.0226674 0.0094081 0.0066658 0.0396675 0.5615575 0.0014173 0.0089746 0.0163035 0.0072818 0.0120822 0.0143430 0.0010012 0.0033928 0.1051668 0.1483786
 72 R  72 0.0583915 0.4385196 0.0097161 0.0050597 0.0188277 0.0149665 0.0000000 0.0151579 0.0216153 0.0032028 0.0054109 0.0638944 0.0021591 0.0000000 0.0103869 0.0220558 0.0256505 0.0025199 0.0069552 0.0040966 0.2714138
 73 L  73 0.0015090 0.0050366 0.0015333 0.0031884 0.0026820 0.0113221 0.0122522 0.0019442 0.0043240 0.0174651 0.5018600 0.0021872 0.0502650 0.0090029 0.0097422 0.0000000 0.0014551 0.0000000 0.0028687 0.0068530 0.3545090
 74 R  74 0.0081993 0.4496568 0.0000000 0.0000000 0.0242600 0.0081650 0.0023231 0.0016167 0.0086566 0.0064262 0.0255305 0.0304618 0.0033014 0.0057824 0.0141562 0.0121126 0.0060045 0.0000000 0.0000000 0.0075316 0.3858151
 75 G  75 0.0038145 0.0022641 0.0000000 0.0058485 0.0076437 0.0000000 0.0000000 0.5425090 0.0000000 0.0000000 0.0000000 0.0000000 0.0000000 0.0000000 0.0000000 0.0088073 0.0034797 0.0000000 0.0000000 0.0000000 0.4256332
 76 G  76 0.0000000 0.0000000 0.0000000 0.0000000 0.0000000 0.0000000 0.0000000 0.4875764 0.0000000 0.0000000 0.0000000 0.0000000 0.0000000 0.0000000 0.0000000 0.0000000 0.0000000 0.0000000 0.0000000 0.0000000 0.5124236
