   37         A         R         N         D         C         Q         E         G         H         I         L         K         M         F         P         S         T         W         Y         V         X    
  1 Y   1 0.0000000 0.0000000 0.0000000 0.0000000 0.0000000 0.0000000 0.0000000 0.0000000 0.0142808 0.0000000 0.0000000 0.0000000 0.0000000 0.0355809 0.0000000 0.0000000 0.0000000 0.0000000 0.5494850 0.0000000 0.4006533
  2 P   2 0.0000000 0.0000000 0.0000000 0.0000000 0.0000000 0.0000000 0.0000000 0.0000000 0.0000000 0.0000000 0.0000000 0.0000000 0.0000000 0.0000000 0.9548085 0.0136582 0.0000000 0.0000000 0.0000000 0.0000000 0.0315334
  3 S   3 0.1108112 0.0000000 0.0116601 0.0000000 0.0000000 0.0000000 0.0000000 0.0000000 0.0000000 0.1399900 0.2381513 0.0000000 0.0108983 0.0000000 0.1974584 0.1955195 0.0556596 0.0000000 0.0000000 0.0398515 0.0000000
  4 K   4 0.0000000 0.0000000 0.0000000 0.0000000 0.0000000 0.1007728 0.2409960 0.0000000 0.0000000 0.0000000 0.0000000 0.6582311 0.0000000 0.0000000 0.0000000 0.0000000 0.0000000 0.0000000 0.0000000 0.0000000 0.0000000
  5 P   5 0.0000000 0.0000000 0.0000000 0.0000000 0.0000000 0.0000000 0.0000000 0.0000000 0.0000000 0.0000000 0.0000000 0.0000000 0.0000000 0.0000000 1.0000000 0.0000000 0.0000000 0.0000000 0.0000000 0.0000000 0.0000000
  6 D   6 0.0440508 0.0000000 0.0073781 0.1764081 0.0000000 0.0318070 0.4186699 0.0000000 0.0000000 0.0000000 0.0708068 0.0249840 0.0407053 0.0000000 0.0000000 0.0000000 0.0636100 0.0000000 0.0000000 0.1215801 0.0000000
  7 N   7 0.2019338 0.0000000 0.2367094 0.0000000 0.0000000 0.0000000 0.0000000 0.0000000 0.0135591 0.0103568 0.0000000 0.0000000 0.0000000 0.0000000 0.0363407 0.1348198 0.0245116 0.0000000 0.3417689 0.0000000 0.0000000
  8 P   8 0.0000000 0.0000000 0.0000000 0.0000000 0.0000000 0.0000000 0.0000000 0.0000000 0.0000000 0.0000000 0.0000000 0.0000000 0.0000000 0.0000000 1.0000000 0.0000000 0.0000000 0.0000000 0.0000000 0.0000000 0.0000000
  9 G   9 0.0213879 0.0717397 0.0000000 0.0000000 0.0000000 0.0000000 0.0422369 0.7944940 0.0000000 0.0000000 0.0000000 0.0000000 0.0000000 0.0000000 0.0149528 0.0303144 0.0000000 0.0000000 0.0000000 0.0248742 0.0000000
 10 E  10 0.0102916 0.0000000 0.0095230 0.4054350 0.0000000 0.0162860 0.3998808 0.0563302 0.0000000 0.0000000 0.0000000 0.0000000 0.0000000 0.0000000 0.0397975 0.0624558 0.0000000 0.0000000 0.0000000 0.0000000 0.0000000
 11 D  11 0.0140527 0.0000000 0.2291000 0.6146416 0.0000000 0.0000000 0.0000000 0.0846462 0.0168542 0.0000000 0.0000000 0.0000000 0.0000000 0.0000000 0.0000000 0.0000000 0.0000000 0.0000000 0.0407053 0.0000000 0.0000000
 12 A  12 0.8699539 0.0000000 0.0000000 0.0000000 0.0000000 0.0000000 0.0461373 0.0202840 0.0000000 0.0000000 0.0000000 0.0000000 0.0000000 0.0000000 0.0000000 0.0000000 0.0422369 0.0000000 0.0000000 0.0213879 0.0000000
 13 P  13 0.0203963 0.0000000 0.0000000 0.0000000 0.0000000 0.0000000 0.0000000 0.0213879 0.0000000 0.0000000 0.0000000 0.0000000 0.0000000 0.0407358 0.3328209 0.2985788 0.2860803 0.0000000 0.0000000 0.0000000 0.0000000
 14 A  14 0.1930577 0.0000000 0.0000000 0.0000000 0.0000000 0.0000000 0.0000000 0.0000000 0.0241936 0.0000000 0.1433909 0.0000000 0.0000000 0.0000000 0.5184366 0.0000000 0.0094331 0.0000000 0.0000000 0.1114881 0.0000000
 15 E  15 0.0202840 0.0000000 0.0000000 0.0241842 0.0000000 0.0158352 0.8974597 0.0000000 0.0000000 0.0000000 0.0000000 0.0422369 0.0000000 0.0000000 0.0000000 0.0000000 0.0000000 0.0000000 0.0000000 0.0000000 0.0000000
 16 D  16 0.0407358 0.0000000 0.0000000 0.2960587 0.0000000 0.2645793 0.3986261 0.0000000 0.0000000 0.0000000 0.0000000 0.0000000 0.0000000 0.0000000 0.0000000 0.0000000 0.0000000 0.0000000 0.0000000 0.0000000 0.0000000
 17 L  17 0.0000000 0.0241936 0.0000000 0.0000000 0.0000000 0.0079412 0.0000000 0.0132215 0.0000000 0.0140527 0.5422920 0.0000000 0.3279925 0.0000000 0.0000000 0.0000000 0.0000000 0.0567473 0.0000000 0.0135591 0.0000000
 18 A  18 0.6772705 0.0000000 0.0350821 0.0000000 0.0000000 0.0000000 0.0000000 0.0000000 0.0000000 0.0486570 0.0225357 0.0000000 0.0000000 0.0000000 0.0000000 0.1868746 0.0000000 0.0000000 0.0000000 0.0295802 0.0000000
 19 R  19 0.0000000 0.3521687 0.0000000 0.0000000 0.0000000 0.2806044 0.0320338 0.0000000 0.0461373 0.0000000 0.0000000 0.2717154 0.0000000 0.0000000 0.0000000 0.0173404 0.0000000 0.0000000 0.0000000 0.0000000 0.0000000
 20 Y  20 0.0000000 0.0000000 0.0000000 0.0000000 0.0407358 0.0000000 0.0000000 0.0000000 0.0000000 0.0000000 0.0000000 0.0000000 0.0000000 0.1007728 0.0000000 0.0000000 0.0000000 0.0000000 0.8584913 0.0000000 0.0000000
 21 Y  21 0.1436726 0.0000000 0.0000000 0.0000000 0.0000000 0.0173404 0.0407053 0.0000000 0.0607948 0.0000000 0.0211831 0.0103617 0.0397975 0.0345160 0.0000000 0.0000000 0.0422369 0.0000000 0.5771324 0.0122592 0.0000000
 22 S  22 0.4591886 0.0000000 0.0462086 0.0545642 0.0000000 0.0000000 0.0000000 0.0000000 0.0000000 0.0000000 0.0200228 0.0000000 0.0000000 0.0000000 0.0000000 0.2444156 0.1756001 0.0000000 0.0000000 0.0000000 0.0000000
 23 A  23 0.4236919 0.0000000 0.0295802 0.0978572 0.0000000 0.0407053 0.1715042 0.0000000 0.0000000 0.0000000 0.0000000 0.0197746 0.0000000 0.0000000 0.0000000 0.1761508 0.0000000 0.0000000 0.0407358 0.0000000 0.0000000
 24 L  24 0.0000000 0.0000000 0.0000000 0.0000000 0.0000000 0.0000000 0.0000000 0.0000000 0.0000000 0.0197746 0.8141668 0.0000000 0.0265307 0.0000000 0.0407358 0.0000000 0.0000000 0.0000000 0.0000000 0.0987920 0.0000000
 25 R  25 0.0000000 0.8245200 0.0000000 0.0000000 0.0461373 0.1007728 0.0000000 0.0000000 0.0285698 0.0000000 0.0000000 0.0000000 0.0000000 0.0000000 0.0000000 0.0000000 0.0000000 0.0000000 0.0000000 0.0000000 0.0000000
 26 H  26 0.0000000 0.2094627 0.0200228 0.0000000 0.0000000 0.1205475 0.0000000 0.0000000 0.6184336 0.0000000 0.0000000 0.0315334 0.0000000 0.0000000 0.0000000 0.0000000 0.0000000 0.0000000 0.0000000 0.0000000 0.0000000
 27 Y  27 0.0000000 0.0000000 0.0000000 0.0000000 0.0422369 0.0000000 0.0000000 0.0000000 0.0000000 0.0000000 0.0000000 0.0000000 0.0000000 0.0000000 0.0000000 0.0315334 0.0000000 0.0000000 0.9262297 0.0000000 0.0000000
 28 I  28 0.0000000 0.0000000 0.0000000 0.0000000 0.0000000 0.0000000 0.0000000 0.0000000 0.0000000 0.6255932 0.3176595 0.0000000 0.0000000 0.0000000 0.0000000 0.0000000 0.0000000 0.0000000 0.0000000 0.0567473 0.0000000
 29 N  29 0.0000000 0.0000000 1.0000000 0.0000000 0.0000000 0.0000000 0.0000000 0.0000000 0.0000000 0.0000000 0.0000000 0.0000000 0.0000000 0.0000000 0.0000000 0.0000000 0.0000000 0.0000000 0.0000000 0.0000000 0.0000000
 30 L  30 0.0000000 0.0000000 0.0000000 0.0000000 0.0000000 0.0000000 0.0000000 0.0000000 0.0000000 0.0000000 0.6120938 0.0000000 0.2002908 0.0000000 0.0000000 0.0000000 0.0407053 0.0000000 0.0000000 0.1469102 0.0000000
 31 A  31 0.0343374 0.0000000 0.0000000 0.0000000 0.0000000 0.0000000 0.0000000 0.0000000 0.0000000 0.3581462 0.2409960 0.0000000 0.0000000 0.0000000 0.0000000 0.0000000 0.0000000 0.0000000 0.0000000 0.3665203 0.0000000
 32 P  32 0.0000000 0.0000000 0.0000000 0.0000000 0.0000000 0.0000000 0.0000000 0.0000000 0.0000000 0.0000000 0.0000000 0.0000000 0.0000000 0.0000000 0.0167390 0.0000000 0.9656626 0.0000000 0.0000000 0.0000000 0.0175984
 33 R  33 0.0000000 0.9291932 0.0000000 0.0000000 0.0000000 0.0000000 0.0000000 0.0000000 0.0000000 0.0000000 0.0000000 0.0708068 0.0000000 0.0000000 0.0000000 0.0000000 0.0000000 0.0000000 0.0000000 0.0000000 0.0000000
 34 Q  34 0.0000000 0.0000000 0.0000000 0.0000000 0.0000000 0.6174953 0.0000000 0.0000000 0.0532532 0.0000000 0.0000000 0.0000000 0.0000000 0.0000000 0.3292515 0.0000000 0.0000000 0.0000000 0.0000000 0.0000000 0.0000000
 35 R  35 0.0000000 0.9131268 0.0000000 0.0000000 0.0000000 0.0000000 0.0000000 0.0000000 0.0000000 0.0000000 0.0000000 0.0000000 0.0000000 0.0000000 0.0000000 0.0000000 0.0000000 0.0000000 0.0000000 0.0000000 0.0868732
 36 Y  36 0.0000000 0.0000000 0.0000000 0.0000000 0.0000000 0.0000000 0.0000000 0.0000000 0.0285698 0.0000000 0.0132215 0.0000000 0.0000000 0.0418382 0.0000000 0.0000000 0.0000000 0.0097608 0.7905029 0.0000000 0.1161068
 37 G  37 0.0000000 0.0000000 0.0000000 0.0000000 0.0000000 0.0000000 0.0000000 0.7109233 0.0000000 0.0000000 0.0000000 0.0000000 0.0000000 0.0000000 0.0000000 0.0000000 0.0000000 0.0000000 0.0000000 0.0000000 0.2890767
