   37         A         R         N         D         C         Q         E         G         H         I         L         K         M         F         P         S         T         W         Y         V    
  1 Y   1 0.0000000 0.0000000 0.0000000 0.0000000 0.0000000 0.0000000 0.0000000 0.0000000 0.0240533 0.0000000 0.0000000 0.0000000 0.0000000 0.0626655 0.0000000 0.0000000 0.0000000 0.0000000 0.9132812 0.0000000
  2 P   2 0.0000000 0.0000000 0.0000000 0.0000000 0.0000000 0.0000000 0.0000000 0.0000000 0.0000000 0.0000000 0.0000000 0.0000000 0.0000000 0.0000000 0.9812251 0.0187749 0.0000000 0.0000000 0.0000000 0.0000000
  3 S   3 0.1109062 0.0000000 0.0126965 0.0000000 0.0000000 0.0000000 0.0000000 0.0000000 0.0000000 0.1272800 0.2267103 0.0000000 0.0109011 0.0000000 0.2019446 0.2118896 0.0583222 0.0000000 0.0000000 0.0393495
  4 K   4 0.0000000 0.0000000 0.0000000 0.0000000 0.0000000 0.0974068 0.2299097 0.0000000 0.0000000 0.0000000 0.0000000 0.6726836 0.0000000 0.0000000 0.0000000 0.0000000 0.0000000 0.0000000 0.0000000 0.0000000
  5 P   5 0.0000000 0.0000000 0.0000000 0.0000000 0.0000000 0.0000000 0.0000000 0.0000000 0.0000000 0.0000000 0.0000000 0.0000000 0.0000000 0.0000000 1.0000000 0.0000000 0.0000000 0.0000000 0.0000000 0.0000000
  6 D   6 0.0440547 0.0000000 0.0077661 0.1929848 0.0000000 0.0308727 0.4156140 0.0000000 0.0000000 0.0000000 0.0700205 0.0242162 0.0404587 0.0000000 0.0000000 0.0000000 0.0625284 0.0000000 0.0000000 0.1114839
  7 N   7 0.1882856 0.0000000 0.2595315 0.0000000 0.0000000 0.0000000 0.0000000 0.0000000 0.0145701 0.0107051 0.0000000 0.0000000 0.0000000 0.0000000 0.0349128 0.1395210 0.0251575 0.0000000 0.3273164 0.0000000
  8 P   8 0.0000000 0.0000000 0.0000000 0.0000000 0.0000000 0.0000000 0.0000000 0.0000000 0.0000000 0.0000000 0.0000000 0.0000000 0.0000000 0.0000000 1.0000000 0.0000000 0.0000000 0.0000000 0.0000000 0.0000000
  9 G   9 0.0215891 0.0644232 0.0000000 0.0000000 0.0000000 0.0000000 0.0418219 0.8097841 0.0000000 0.0000000 0.0000000 0.0000000 0.0000000 0.0000000 0.0133237 0.0305447 0.0000000 0.0000000 0.0000000 0.0185133
 10 E  10 0.0106408 0.0000000 0.0098824 0.3977648 0.0000000 0.0170417 0.4041524 0.0565617 0.0000000 0.0000000 0.0000000 0.0000000 0.0000000 0.0000000 0.0399013 0.0640550 0.0000000 0.0000000 0.0000000 0.0000000
 11 D  11 0.0133358 0.0000000 0.2185050 0.6233159 0.0000000 0.0000000 0.0000000 0.0868356 0.0175490 0.0000000 0.0000000 0.0000000 0.0000000 0.0000000 0.0000000 0.0000000 0.0000000 0.0000000 0.0404587 0.0000000
 12 A  12 0.8829637 0.0000000 0.0000000 0.0000000 0.0000000 0.0000000 0.0331254 0.0204999 0.0000000 0.0000000 0.0000000 0.0000000 0.0000000 0.0000000 0.0000000 0.0000000 0.0418219 0.0000000 0.0000000 0.0215891
 13 P  13 0.0215835 0.0000000 0.0000000 0.0000000 0.0000000 0.0000000 0.0000000 0.0215891 0.0000000 0.0000000 0.0000000 0.0000000 0.0000000 0.0341635 0.3534779 0.2952502 0.2739358 0.0000000 0.0000000 0.0000000
 14 A  14 0.2156032 0.0000000 0.0000000 0.0000000 0.0000000 0.0000000 0.0000000 0.0000000 0.0240191 0.0000000 0.1239584 0.0000000 0.0000000 0.0000000 0.5176737 0.0000000 0.0097937 0.0000000 0.0000000 0.1089519
 15 E  15 0.0204999 0.0000000 0.0000000 0.0252678 0.0000000 0.0157721 0.8966384 0.0000000 0.0000000 0.0000000 0.0000000 0.0418219 0.0000000 0.0000000 0.0000000 0.0000000 0.0000000 0.0000000 0.0000000 0.0000000
 16 D  16 0.0341635 0.0000000 0.0000000 0.3094511 0.0000000 0.2557343 0.4006511 0.0000000 0.0000000 0.0000000 0.0000000 0.0000000 0.0000000 0.0000000 0.0000000 0.0000000 0.0000000 0.0000000 0.0000000 0.0000000
 17 L  17 0.0000000 0.0240191 0.0000000 0.0000000 0.0000000 0.0083217 0.0000000 0.0144092 0.0000000 0.0133358 0.5434605 0.0000000 0.3239474 0.0000000 0.0000000 0.0000000 0.0000000 0.0579362 0.0000000 0.0145701
 18 A  18 0.6944037 0.0000000 0.0369931 0.0000000 0.0000000 0.0000000 0.0000000 0.0000000 0.0000000 0.0477216 0.0213673 0.0000000 0.0000000 0.0000000 0.0000000 0.1711965 0.0000000 0.0000000 0.0000000 0.0283179
 19 R  19 0.0000000 0.3619728 0.0000000 0.0000000 0.0000000 0.2667860 0.0322412 0.0000000 0.0331254 0.0000000 0.0000000 0.2882790 0.0000000 0.0000000 0.0000000 0.0175956 0.0000000 0.0000000 0.0000000 0.0000000
 20 Y  20 0.0000000 0.0000000 0.0000000 0.0000000 0.0341635 0.0000000 0.0000000 0.0000000 0.0000000 0.0000000 0.0000000 0.0000000 0.0000000 0.0974068 0.0000000 0.0000000 0.0000000 0.0000000 0.8684298 0.0000000
 21 Y  21 0.1336298 0.0000000 0.0000000 0.0000000 0.0000000 0.0175956 0.0404587 0.0000000 0.0619297 0.0000000 0.0225789 0.0114154 0.0399013 0.0325828 0.0000000 0.0000000 0.0418219 0.0000000 0.5858420 0.0122438
 22 S  22 0.4345810 0.0000000 0.0448727 0.0525341 0.0000000 0.0000000 0.0000000 0.0000000 0.0000000 0.0000000 0.0199040 0.0000000 0.0000000 0.0000000 0.0000000 0.2672300 0.1808782 0.0000000 0.0000000 0.0000000
 23 A  23 0.4528324 0.0000000 0.0283179 0.0951644 0.0000000 0.0404587 0.1616199 0.0000000 0.0000000 0.0000000 0.0000000 0.0199974 0.0000000 0.0000000 0.0000000 0.1674458 0.0000000 0.0000000 0.0341635 0.0000000
 24 L  24 0.0000000 0.0000000 0.0000000 0.0000000 0.0000000 0.0000000 0.0000000 0.0000000 0.0000000 0.0199974 0.8174140 0.0000000 0.0264731 0.0000000 0.0341635 0.0000000 0.0000000 0.0000000 0.0000000 0.1019521
 25 R  25 0.0000000 0.8412692 0.0000000 0.0000000 0.0331254 0.0974068 0.0000000 0.0000000 0.0281986 0.0000000 0.0000000 0.0000000 0.0000000 0.0000000 0.0000000 0.0000000 0.0000000 0.0000000 0.0000000 0.0000000
 26 H  26 0.0000000 0.2075886 0.0199040 0.0000000 0.0000000 0.1174041 0.0000000 0.0000000 0.6327822 0.0000000 0.0000000 0.0223210 0.0000000 0.0000000 0.0000000 0.0000000 0.0000000 0.0000000 0.0000000 0.0000000
 27 Y  27 0.0000000 0.0000000 0.0000000 0.0000000 0.0418219 0.0000000 0.0000000 0.0000000 0.0000000 0.0000000 0.0000000 0.0000000 0.0000000 0.0000000 0.0000000 0.0223210 0.0000000 0.0000000 0.9358571 0.0000000
 28 I  28 0.0000000 0.0000000 0.0000000 0.0000000 0.0000000 0.0000000 0.0000000 0.0000000 0.0000000 0.6430477 0.2990161 0.0000000 0.0000000 0.0000000 0.0000000 0.0000000 0.0000000 0.0000000 0.0000000 0.0579362
 29 N  29 0.0000000 0.0000000 1.0000000 0.0000000 0.0000000 0.0000000 0.0000000 0.0000000 0.0000000 0.0000000 0.0000000 0.0000000 0.0000000 0.0000000 0.0000000 0.0000000 0.0000000 0.0000000 0.0000000 0.0000000
 30 L  30 0.0000000 0.0000000 0.0000000 0.0000000 0.0000000 0.0000000 0.0000000 0.0000000 0.0000000 0.0000000 0.6395581 0.0000000 0.1894510 0.0000000 0.0000000 0.0000000 0.0404587 0.0000000 0.0000000 0.1305322
 31 A  31 0.0422848 0.0000000 0.0000000 0.0000000 0.0000000 0.0000000 0.0000000 0.0000000 0.0000000 0.3796506 0.2299097 0.0000000 0.0000000 0.0000000 0.0000000 0.0000000 0.0000000 0.0000000 0.0000000 0.3481550
 32 P  32 0.0000000 0.0000000 0.0000000 0.0000000 0.0000000 0.0000000 0.0000000 0.0000000 0.0000000 0.0000000 0.0000000 0.0000000 0.0000000 0.0000000 0.0218521 0.0000000 0.9781479 0.0000000 0.0000000 0.0000000
 33 R  33 0.0000000 0.9299795 0.0000000 0.0000000 0.0000000 0.0000000 0.0000000 0.0000000 0.0000000 0.0000000 0.0000000 0.0700205 0.0000000 0.0000000 0.0000000 0.0000000 0.0000000 0.0000000 0.0000000 0.0000000
 34 Q  34 0.0000000 0.0000000 0.0000000 0.0000000 0.0000000 0.6385201 0.0000000 0.0000000 0.0518233 0.0000000 0.0000000 0.0000000 0.0000000 0.0000000 0.3096566 0.0000000 0.0000000 0.0000000 0.0000000 0.0000000
 35 R  35 0.0000000 1.0000000 0.0000000 0.0000000 0.0000000 0.0000000 0.0000000 0.0000000 0.0000000 0.0000000 0.0000000 0.0000000 0.0000000 0.0000000 0.0000000 0.0000000 0.0000000 0.0000000 0.0000000 0.0000000
 36 Y  36 0.0000000 0.0000000 0.0000000 0.0000000 0.0000000 0.0000000 0.0000000 0.0000000 0.0311745 0.0000000 0.0159299 0.0000000 0.0000000 0.0461729 0.0000000 0.0000000 0.0000000 0.0110318 0.8956909 0.0000000
 37 G  37 0.0000000 0.0000000 0.0000000 0.0000000 0.0000000 0.0000000 0.0000000 1.0000000 0.0000000 0.0000000 0.0000000 0.0000000 0.0000000 0.0000000 0.0000000 0.0000000 0.0000000 0.0000000 0.0000000 0.0000000
