  177         A         R         N         D         C         Q         E         G         H         I         L         K         M         F         P         S         T         W         Y         V    
  1 M   1 0.0000000 0.0000000 0.0000000 0.0000000 0.0000000 0.0000000 0.0000000 0.0000000 0.0000000 0.0000000 0.0000000 0.0000000 1.0000000 0.0000000 0.0000000 0.0000000 0.0000000 0.0000000 0.0000000 0.0000000
  2 G   2 0.0000000 0.0000000 0.0000000 0.0000000 0.0000000 0.0000000 0.0000000 1.0000000 0.0000000 0.0000000 0.0000000 0.0000000 0.0000000 0.0000000 0.0000000 0.0000000 0.0000000 0.0000000 0.0000000 0.0000000
  3 S   3 0.0000000 0.0000000 0.0000000 0.0000000 0.0000000 0.0000000 0.0000000 0.0000000 0.0000000 0.0000000 0.0000000 0.0000000 0.0000000 0.0000000 0.0000000 1.0000000 0.0000000 0.0000000 0.0000000 0.0000000
  4 S   4 0.0000000 0.0000000 0.0000000 0.0000000 0.0000000 0.0000000 0.0000000 0.0000000 0.0000000 0.0000000 0.0000000 0.0000000 0.0000000 0.0000000 0.0000000 1.0000000 0.0000000 0.0000000 0.0000000 0.0000000
  5 H   5 0.0000000 0.0000000 0.0000000 0.0000000 0.0000000 0.0000000 0.0000000 0.0000000 1.0000000 0.0000000 0.0000000 0.0000000 0.0000000 0.0000000 0.0000000 0.0000000 0.0000000 0.0000000 0.0000000 0.0000000
  6 H   6 0.0000000 0.0000000 0.0000000 0.0000000 0.0000000 0.0000000 0.0000000 0.0000000 1.0000000 0.0000000 0.0000000 0.0000000 0.0000000 0.0000000 0.0000000 0.0000000 0.0000000 0.0000000 0.0000000 0.0000000
  7 H   7 0.0000000 0.0000000 0.0000000 0.0000000 0.0000000 0.0000000 0.0000000 0.0000000 1.0000000 0.0000000 0.0000000 0.0000000 0.0000000 0.0000000 0.0000000 0.0000000 0.0000000 0.0000000 0.0000000 0.0000000
  8 H   8 0.0000000 0.0000000 0.0000000 0.0000000 0.0000000 0.0000000 0.0000000 0.0000000 1.0000000 0.0000000 0.0000000 0.0000000 0.0000000 0.0000000 0.0000000 0.0000000 0.0000000 0.0000000 0.0000000 0.0000000
  9 H   9 0.0000000 0.0000000 0.0000000 0.0000000 0.0000000 0.0000000 0.0000000 0.0000000 1.0000000 0.0000000 0.0000000 0.0000000 0.0000000 0.0000000 0.0000000 0.0000000 0.0000000 0.0000000 0.0000000 0.0000000
 10 H  10 0.0000000 0.0000000 0.0000000 0.0000000 0.0000000 0.0000000 0.0000000 0.0000000 1.0000000 0.0000000 0.0000000 0.0000000 0.0000000 0.0000000 0.0000000 0.0000000 0.0000000 0.0000000 0.0000000 0.0000000
 11 S  11 0.0000000 0.0000000 0.0000000 0.0000000 0.0000000 0.0000000 0.0000000 0.0000000 0.0000000 0.0000000 0.0000000 0.0000000 0.0000000 0.0000000 0.0000000 1.0000000 0.0000000 0.0000000 0.0000000 0.0000000
 12 S  12 0.0000000 0.0000000 0.0000000 0.0000000 0.0000000 0.0000000 0.0000000 0.0000000 0.0000000 0.0000000 0.0000000 0.0000000 0.0000000 0.0000000 0.0000000 1.0000000 0.0000000 0.0000000 0.0000000 0.0000000
 13 G  13 0.0000000 0.0000000 0.0000000 0.0000000 0.0000000 0.0000000 0.0000000 1.0000000 0.0000000 0.0000000 0.0000000 0.0000000 0.0000000 0.0000000 0.0000000 0.0000000 0.0000000 0.0000000 0.0000000 0.0000000
 14 R  14 0.0000000 1.0000000 0.0000000 0.0000000 0.0000000 0.0000000 0.0000000 0.0000000 0.0000000 0.0000000 0.0000000 0.0000000 0.0000000 0.0000000 0.0000000 0.0000000 0.0000000 0.0000000 0.0000000 0.0000000
 15 E  15 0.0000000 0.0000000 0.0000000 0.0000000 0.0000000 0.0000000 1.0000000 0.0000000 0.0000000 0.0000000 0.0000000 0.0000000 0.0000000 0.0000000 0.0000000 0.0000000 0.0000000 0.0000000 0.0000000 0.0000000
 16 N  16 0.0000000 0.0000000 1.0000000 0.0000000 0.0000000 0.0000000 0.0000000 0.0000000 0.0000000 0.0000000 0.0000000 0.0000000 0.0000000 0.0000000 0.0000000 0.0000000 0.0000000 0.0000000 0.0000000 0.0000000
 17 L  17 0.0000000 0.0000000 0.0000000 0.0000000 0.0000000 0.0000000 0.0000000 0.0000000 0.0000000 0.0000000 0.7471831 0.0000000 0.0000000 0.0000000 0.0000000 0.0000000 0.0000000 0.2528169 0.0000000 0.0000000
 18 Y  18 0.0000000 0.0000000 0.0000000 0.0000000 0.0000000 0.0000000 0.0000000 0.0000000 0.0000000 0.2528169 0.0000000 0.0000000 0.0000000 0.0000000 0.0000000 0.0000000 0.0000000 0.0000000 0.7471831 0.0000000
 19 F  19 0.0000000 0.0000000 0.0000000 0.0000000 0.0000000 0.0000000 0.0000000 0.0000000 0.0000000 0.0000000 0.2528169 0.0000000 0.0000000 0.7471831 0.0000000 0.0000000 0.0000000 0.0000000 0.0000000 0.0000000
 20 Q  20 0.0000000 0.2528169 0.0000000 0.0000000 0.0000000 0.7471831 0.0000000 0.0000000 0.0000000 0.0000000 0.0000000 0.0000000 0.0000000 0.0000000 0.0000000 0.0000000 0.0000000 0.0000000 0.0000000 0.0000000
 21 G  21 0.0000000 0.0000000 0.0000000 0.0000000 0.0000000 0.0000000 0.0000000 1.0000000 0.0000000 0.0000000 0.0000000 0.0000000 0.0000000 0.0000000 0.0000000 0.0000000 0.0000000 0.0000000 0.0000000 0.0000000
 22 S  22 0.0000000 0.0000000 0.0000000 0.0000000 0.0000000 0.0000000 0.0000000 0.0000000 0.0000000 0.0000000 0.0000000 0.0000000 0.0000000 0.0000000 0.0000000 0.7471831 0.2528169 0.0000000 0.0000000 0.0000000
 23 G  23 0.0000000 0.0000000 0.0000000 0.0000000 0.0000000 0.0000000 0.0000000 1.0000000 0.0000000 0.0000000 0.0000000 0.0000000 0.0000000 0.0000000 0.0000000 0.0000000 0.0000000 0.0000000 0.0000000 0.0000000
 24 S  24 0.0000000 0.0000000 0.0000000 0.0000000 0.0000000 0.0000000 0.0000000 0.0000000 0.0000000 0.0000000 0.0000000 0.0000000 0.0000000 0.0000000 0.0000000 1.0000000 0.0000000 0.0000000 0.0000000 0.0000000
 25 A  25 0.9529932 0.0000000 0.0000000 0.0000000 0.0000000 0.0000000 0.0000000 0.0000000 0.0000000 0.0000000 0.0000000 0.0000000 0.0000000 0.0470068 0.0000000 0.0000000 0.0000000 0.0000000 0.0000000 0.0000000
 26 A  26 0.9181468 0.0000000 0.0000000 0.0000000 0.0000000 0.0000000 0.0000000 0.0365102 0.0000000 0.0000000 0.0000000 0.0000000 0.0000000 0.0000000 0.0000000 0.0000000 0.0000000 0.0000000 0.0000000 0.0453430
 27 R  27 0.0000000 0.9363207 0.0000000 0.0000000 0.0000000 0.0000000 0.0000000 0.0053917 0.0000000 0.0000000 0.0000000 0.0000000 0.0129446 0.0000000 0.0000000 0.0000000 0.0000000 0.0000000 0.0453430 0.0000000
 28 L  28 0.0000000 0.0000000 0.0000000 0.0000000 0.0000000 0.0000000 0.0000000 0.0000000 0.0000000 0.0000000 0.8113440 0.0000000 0.0870436 0.0000000 0.0000000 0.0000000 0.0000000 0.0000000 0.0000000 0.1016124
 29 S  29 0.0000000 0.0287684 0.0000000 0.0000000 0.6592695 0.0000000 0.0000000 0.0176780 0.0000000 0.0000000 0.0000000 0.0000000 0.0000000 0.0000000 0.0453430 0.1340080 0.0000000 0.0000000 0.1149333 0.0000000
 30 S  30 0.0000000 0.0000000 0.0000000 0.0000000 0.8020984 0.0000000 0.0000000 0.0000000 0.0000000 0.0000000 0.0000000 0.0000000 0.0000000 0.0185507 0.0000000 0.1793510 0.0000000 0.0000000 0.0000000 0.0000000
 31 Q  31 0.0453430 0.0000000 0.0000000 0.0000000 0.0000000 0.8850684 0.0000000 0.0000000 0.0000000 0.0000000 0.0000000 0.0400643 0.0000000 0.0000000 0.0000000 0.0000000 0.0000000 0.0000000 0.0295244 0.0000000
 32 L  32 0.0000000 0.0179596 0.0000000 0.0000000 0.0000000 0.0000000 0.0000000 0.0000000 0.0000000 0.0000000 0.9820404 0.0000000 0.0000000 0.0000000 0.0000000 0.0000000 0.0000000 0.0000000 0.0000000 0.0000000
 33 D  33 0.0000000 0.0000000 0.0453430 0.9349668 0.0000000 0.0000000 0.0000000 0.0196902 0.0000000 0.0000000 0.0000000 0.0000000 0.0000000 0.0000000 0.0000000 0.0000000 0.0000000 0.0000000 0.0000000 0.0000000
 34 P  34 0.0000000 0.0000000 0.0000000 0.0000000 0.0000000 0.0000000 0.0000000 0.0000000 0.0000000 0.0000000 0.0179596 0.0000000 0.0000000 0.0000000 0.8037656 0.1694449 0.0088300 0.0000000 0.0000000 0.0000000
 35 A  35 0.6469045 0.0000000 0.0000000 0.0000000 0.0000000 0.0000000 0.0441452 0.0272120 0.0000000 0.0000000 0.0000000 0.0000000 0.0000000 0.0000000 0.0196902 0.2121146 0.0499335 0.0000000 0.0000000 0.0000000
 36 R  36 0.0000000 0.9546570 0.0000000 0.0453430 0.0000000 0.0000000 0.0000000 0.0000000 0.0000000 0.0000000 0.0000000 0.0000000 0.0000000 0.0000000 0.0000000 0.0000000 0.0000000 0.0000000 0.0000000 0.0000000
 37 D  37 0.0000000 0.0000000 0.0341867 0.9658133 0.0000000 0.0000000 0.0000000 0.0000000 0.0000000 0.0000000 0.0000000 0.0000000 0.0000000 0.0000000 0.0000000 0.0000000 0.0000000 0.0000000 0.0000000 0.0000000
 38 V  38 0.0000000 0.0000000 0.0000000 0.0000000 0.0000000 0.0000000 0.0000000 0.0206254 0.0000000 0.0099714 0.0000000 0.0000000 0.0000000 0.0110263 0.0000000 0.0000000 0.0000000 0.0000000 0.0000000 0.9583769
 39 L  39 0.0000000 0.0000000 0.0000000 0.0000000 0.0000000 0.0000000 0.0000000 0.0000000 0.0000000 0.0000000 0.9630955 0.0000000 0.0000000 0.0000000 0.0000000 0.0000000 0.0000000 0.0000000 0.0000000 0.0369045
 40 S  40 0.0000000 0.0000000 0.0000000 0.0000000 0.6832325 0.0000000 0.0000000 0.0000000 0.0000000 0.0000000 0.1363374 0.0000000 0.0000000 0.0194318 0.0000000 0.1403729 0.0000000 0.0000000 0.0206254 0.0000000
 41 L  41 0.0000000 0.0000000 0.0000000 0.0000000 0.0000000 0.0000000 0.0000000 0.0000000 0.0000000 0.0000000 0.9817135 0.0000000 0.0000000 0.0182865 0.0000000 0.0000000 0.0000000 0.0000000 0.0000000 0.0000000
 42 R  42 0.0000000 0.9793746 0.0000000 0.0000000 0.0000000 0.0000000 0.0000000 0.0000000 0.0206254 0.0000000 0.0000000 0.0000000 0.0000000 0.0000000 0.0000000 0.0000000 0.0000000 0.0000000 0.0000000 0.0000000
 43 P  43 0.0000000 0.0000000 0.0000000 0.0000000 0.0000000 0.0000000 0.0000000 0.0000000 0.0000000 0.0000000 0.0000000 0.0000000 0.0000000 0.0000000 1.0000000 0.0000000 0.0000000 0.0000000 0.0000000 0.0000000
 44 V  44 0.0000000 0.0000000 0.0000000 0.0000000 0.0099714 0.0000000 0.0000000 0.0000000 0.0000000 0.0000000 0.0834711 0.0000000 0.0000000 0.1015963 0.0000000 0.0000000 0.0000000 0.0000000 0.0000000 0.8049613
 45 G  45 0.0000000 0.0347411 0.0000000 0.0000000 0.0000000 0.0309267 0.0000000 0.7726233 0.0000000 0.0000000 0.0000000 0.0000000 0.0000000 0.0000000 0.0000000 0.1617090 0.0000000 0.0000000 0.0000000 0.0000000
 46 A  46 0.8442309 0.0000000 0.0000000 0.0194318 0.0000000 0.0000000 0.0000000 0.0347411 0.0000000 0.0000000 0.0000000 0.0000000 0.0000000 0.0000000 0.0398647 0.0617315 0.0000000 0.0000000 0.0000000 0.0000000
 47 E  47 0.0000000 0.0000000 0.0000000 0.0212796 0.0000000 0.1096638 0.8690566 0.0000000 0.0000000 0.0000000 0.0000000 0.0000000 0.0000000 0.0000000 0.0000000 0.0000000 0.0000000 0.0000000 0.0000000 0.0000000
 48 S  48 0.0000000 0.0000000 0.0000000 0.0000000 0.0000000 0.0000000 0.0000000 0.0000000 0.0000000 0.0000000 0.0000000 0.0000000 0.0000000 0.0000000 0.0747526 0.9252474 0.0000000 0.0000000 0.0000000 0.0000000
 49 R  49 0.0000000 0.6804342 0.0000000 0.0000000 0.1119531 0.0000000 0.0000000 0.0369045 0.0000000 0.0000000 0.0000000 0.0000000 0.0000000 0.0000000 0.0000000 0.1607214 0.0000000 0.0099869 0.0000000 0.0000000
 50 G  50 0.0139894 0.0093730 0.0000000 0.0000000 0.0000000 0.0000000 0.0000000 0.9652616 0.0000000 0.0000000 0.0000000 0.0000000 0.0000000 0.0000000 0.0000000 0.0000000 0.0000000 0.0000000 0.0000000 0.0113760
 51 R  51 0.0000000 0.8593387 0.0000000 0.0000000 0.0000000 0.0000000 0.0000000 0.0000000 0.0000000 0.0000000 0.0000000 0.0000000 0.0000000 0.0000000 0.1406613 0.0000000 0.0000000 0.0000000 0.0000000 0.0000000
 52 P  52 0.0481757 0.0000000 0.0000000 0.0000000 0.0000000 0.0000000 0.0000000 0.0000000 0.0000000 0.0000000 0.0000000 0.0000000 0.0000000 0.0000000 0.8605691 0.0737979 0.0174573 0.0000000 0.0000000 0.0000000
 53 F  53 0.0000000 0.0000000 0.0000000 0.0000000 0.0000000 0.0000000 0.0000000 0.0000000 0.0000000 0.0188180 0.3386024 0.0000000 0.0000000 0.3592619 0.0081193 0.0453430 0.0000000 0.0000000 0.0000000 0.2298554
 54 S  54 0.0384403 0.0453430 0.0000000 0.0000000 0.0000000 0.0094306 0.0000000 0.0000000 0.0000000 0.0000000 0.0000000 0.0000000 0.0000000 0.0000000 0.2537426 0.6530435 0.0000000 0.0000000 0.0000000 0.0000000
 55 G  55 0.0000000 0.1368040 0.0000000 0.0000000 0.0000000 0.0000000 0.0000000 0.8522658 0.0000000 0.0000000 0.0000000 0.0000000 0.0000000 0.0000000 0.0000000 0.0000000 0.0000000 0.0109303 0.0000000 0.0000000
 56 S  56 0.0081193 0.0069772 0.0000000 0.0000000 0.0000000 0.0083746 0.0000000 0.0000000 0.0000000 0.0000000 0.0295244 0.0000000 0.0000000 0.0000000 0.6336339 0.2802048 0.0331659 0.0000000 0.0000000 0.0000000
 57 L  57 0.0380571 0.0000000 0.0000000 0.0000000 0.0000000 0.0000000 0.0000000 0.0000000 0.0000000 0.0056755 0.6656834 0.0000000 0.0000000 0.1432217 0.0000000 0.1308683 0.0000000 0.0000000 0.0000000 0.0164939
 58 G  58 0.1476128 0.0470273 0.0000000 0.0000000 0.0000000 0.0000000 0.0000000 0.7972407 0.0000000 0.0000000 0.0000000 0.0000000 0.0000000 0.0000000 0.0000000 0.0000000 0.0000000 0.0081193 0.0000000 0.0000000
 59 T  59 0.2707384 0.0000000 0.0000000 0.1005008 0.0000000 0.0000000 0.0000000 0.1632637 0.0216687 0.0000000 0.0174573 0.0000000 0.0000000 0.0000000 0.0601492 0.0306897 0.3158421 0.0000000 0.0000000 0.0196902
 60 L  60 0.0297318 0.0000000 0.0000000 0.0000000 0.0000000 0.0000000 0.0000000 0.0000000 0.0063799 0.0094884 0.6960334 0.0000000 0.0000000 0.0218209 0.0000000 0.1392463 0.0000000 0.0000000 0.0308574 0.0664419
 61 S  61 0.0969896 0.0000000 0.0000000 0.0000000 0.0000000 0.0000000 0.0295244 0.0000000 0.0000000 0.0000000 0.0000000 0.0000000 0.0000000 0.0000000 0.4314719 0.4013901 0.0325048 0.0000000 0.0000000 0.0081193
 62 S  62 0.0819495 0.0000000 0.0000000 0.0000000 0.0000000 0.0000000 0.0000000 0.0000000 0.0196902 0.0000000 0.0000000 0.0000000 0.0000000 0.0000000 0.2511683 0.6106905 0.0295244 0.0000000 0.0000000 0.0069772
 63 P  63 0.1501520 0.0352311 0.0000000 0.0000000 0.0000000 0.0000000 0.0000000 0.0083824 0.0000000 0.0000000 0.0000000 0.0000000 0.0000000 0.0000000 0.5670711 0.2217060 0.0174573 0.0000000 0.0000000 0.0000000
 64 S  64 0.0986616 0.0000000 0.0000000 0.0000000 0.0000000 0.0000000 0.0000000 0.0000000 0.0088967 0.0000000 0.0087385 0.0000000 0.0000000 0.0000000 0.0573168 0.8191181 0.0000000 0.0000000 0.0072682 0.0000000
 65 P  65 0.1118459 0.0000000 0.0000000 0.0352311 0.0000000 0.0196902 0.0000000 0.0000000 0.0069772 0.0000000 0.0452488 0.0000000 0.0000000 0.0000000 0.5828423 0.1447795 0.0533850 0.0000000 0.0000000 0.0000000
 66 S  66 0.0295244 0.0000000 0.0000000 0.0000000 0.0000000 0.0000000 0.0000000 0.0000000 0.0000000 0.0000000 0.0000000 0.0000000 0.0000000 0.0000000 0.0779083 0.8844970 0.0080703 0.0000000 0.0000000 0.0000000
 67 A  67 0.7741923 0.0109073 0.0218769 0.0000000 0.0000000 0.0000000 0.0000000 0.0178479 0.0000000 0.0000000 0.0000000 0.0000000 0.0000000 0.0000000 0.0429499 0.0623520 0.0095213 0.0000000 0.0000000 0.0603524
 68 V  68 0.0000000 0.0000000 0.0000000 0.0000000 0.0000000 0.0000000 0.0000000 0.0000000 0.0000000 0.0288824 0.0846507 0.0000000 0.0000000 0.0331659 0.0211688 0.0000000 0.0000000 0.0000000 0.0000000 0.8321322
 69 P  69 0.0000000 0.0000000 0.0000000 0.0000000 0.0000000 0.0244345 0.0000000 0.0000000 0.0000000 0.0000000 0.0254423 0.0000000 0.0000000 0.0000000 0.7721785 0.1779447 0.0000000 0.0000000 0.0000000 0.0000000
 70 T  70 0.4051037 0.0000000 0.0216687 0.0000000 0.0000000 0.0000000 0.0000000 0.0095340 0.0000000 0.0000000 0.0000000 0.0000000 0.0000000 0.0000000 0.0635767 0.1093575 0.3823769 0.0000000 0.0000000 0.0083824
 71 D  71 0.0362963 0.0000000 0.0587503 0.7431433 0.0000000 0.0000000 0.0000000 0.0341686 0.0000000 0.0075310 0.0000000 0.0000000 0.0000000 0.0304170 0.0000000 0.0636256 0.0071881 0.0000000 0.0000000 0.0188799
 72 H  72 0.0352311 0.0000000 0.0000000 0.1584958 0.0000000 0.0000000 0.0000000 0.0000000 0.7661170 0.0000000 0.0068917 0.0000000 0.0000000 0.0000000 0.0000000 0.0000000 0.0069772 0.0000000 0.0088300 0.0174573
 73 G  73 0.0000000 0.0153802 0.0000000 0.0000000 0.0000000 0.0331659 0.0969896 0.8544644 0.0000000 0.0000000 0.0000000 0.0000000 0.0000000 0.0000000 0.0000000 0.0000000 0.0000000 0.0000000 0.0000000 0.0000000
 74 A  74 0.7823288 0.0000000 0.0000000 0.0000000 0.0000000 0.0000000 0.0084558 0.0000000 0.0000000 0.0000000 0.0000000 0.0000000 0.0000000 0.0176102 0.0000000 0.1916052 0.0000000 0.0000000 0.0000000 0.0000000
 75 H  75 0.0000000 0.0000000 0.0368866 0.0957554 0.0000000 0.0000000 0.0000000 0.0000000 0.8673580 0.0000000 0.0000000 0.0000000 0.0000000 0.0000000 0.0000000 0.0000000 0.0000000 0.0000000 0.0000000 0.0000000
 76 L  76 0.0000000 0.0000000 0.0000000 0.0000000 0.0000000 0.0000000 0.0000000 0.0000000 0.0000000 0.0334562 0.9665438 0.0000000 0.0000000 0.0000000 0.0000000 0.0000000 0.0000000 0.0000000 0.0000000 0.0000000
 77 S  77 0.0000000 0.0000000 0.0000000 0.0000000 0.0000000 0.0000000 0.0000000 0.0000000 0.0000000 0.0000000 0.0000000 0.0000000 0.0000000 0.0000000 0.1312949 0.8592004 0.0000000 0.0000000 0.0095047 0.0000000
 78 L  78 0.0000000 0.0000000 0.0000000 0.0000000 0.0000000 0.0000000 0.0000000 0.0000000 0.0000000 0.0000000 0.9446854 0.0000000 0.0000000 0.0218584 0.0000000 0.0000000 0.0000000 0.0000000 0.0000000 0.0334562
 79 R  79 0.0000000 0.8183955 0.0000000 0.0000000 0.0000000 0.0000000 0.0000000 0.1312949 0.0218584 0.0000000 0.0000000 0.0000000 0.0000000 0.0000000 0.0284512 0.0000000 0.0000000 0.0000000 0.0000000 0.0000000
 80 G  80 0.0000000 0.1312949 0.0000000 0.0000000 0.0218584 0.0000000 0.0000000 0.8468467 0.0000000 0.0000000 0.0000000 0.0000000 0.0000000 0.0000000 0.0000000 0.0000000 0.0000000 0.0000000 0.0000000 0.0000000
 81 L  81 0.0000000 0.0000000 0.0000000 0.0000000 0.0000000 0.0000000 0.0000000 0.0000000 0.0000000 0.0000000 0.9812869 0.0000000 0.0000000 0.0187131 0.0000000 0.0000000 0.0000000 0.0000000 0.0000000 0.0000000
 82 P  82 0.0118168 0.0000000 0.0000000 0.0000000 0.0000000 0.0000000 0.0000000 0.0000000 0.0000000 0.0000000 0.0000000 0.0000000 0.0000000 0.0000000 0.9881832 0.0000000 0.0000000 0.0000000 0.0000000 0.0000000
 83 V  83 0.1421929 0.0000000 0.0000000 0.0000000 0.0118168 0.0000000 0.0000000 0.0000000 0.0000000 0.0073750 0.0000000 0.0000000 0.0000000 0.0000000 0.0000000 0.0297828 0.0000000 0.0000000 0.0000000 0.8088325
 84 S  84 0.0000000 0.0000000 0.0000000 0.0000000 0.8469861 0.0000000 0.0000000 0.0000000 0.0000000 0.0000000 0.0000000 0.0000000 0.0000000 0.0000000 0.0000000 0.1351812 0.0000000 0.0178327 0.0000000 0.0000000
 85 A  85 0.7190131 0.0000000 0.0000000 0.0000000 0.0000000 0.0000000 0.0000000 0.0325816 0.0000000 0.0000000 0.0000000 0.0000000 0.0000000 0.1312949 0.0000000 0.1086625 0.0084479 0.0000000 0.0000000 0.0000000
 86 F  86 0.0978387 0.0000000 0.0000000 0.0000000 0.0000000 0.0000000 0.0000000 0.0000000 0.0000000 0.0000000 0.0278960 0.0000000 0.0000000 0.8408091 0.0000000 0.0000000 0.0000000 0.0000000 0.0334562 0.0000000
 87 S  87 0.0000000 0.0000000 0.0000000 0.0000000 0.0000000 0.0000000 0.0000000 0.0000000 0.0000000 0.0000000 0.0000000 0.0000000 0.0000000 0.0000000 0.0073799 0.9778712 0.0147488 0.0000000 0.0000000 0.0000000
 88 S  88 0.0622991 0.0000000 0.0000000 0.0000000 0.0330786 0.0000000 0.0000000 0.0000000 0.0000000 0.0000000 0.0000000 0.0000000 0.0000000 0.0000000 0.0429145 0.8617078 0.0000000 0.0000000 0.0000000 0.0000000
 89 A  89 0.8615905 0.0000000 0.0000000 0.0219982 0.0000000 0.0000000 0.0000000 0.0179468 0.0000000 0.0000000 0.0000000 0.0000000 0.0000000 0.0000000 0.0000000 0.0984645 0.0000000 0.0000000 0.0000000 0.0000000
 90 G  90 0.0118168 0.0000000 0.0000000 0.0050642 0.0000000 0.0000000 0.0000000 0.9756273 0.0000000 0.0000000 0.0000000 0.0000000 0.0000000 0.0000000 0.0000000 0.0000000 0.0000000 0.0000000 0.0000000 0.0074917
 91 P  91 0.0000000 0.0000000 0.0000000 0.0000000 0.0000000 0.0000000 0.0000000 0.0000000 0.0000000 0.0000000 0.0106185 0.0000000 0.0000000 0.0000000 0.9664292 0.0229523 0.0000000 0.0000000 0.0000000 0.0000000
 92 S  92 0.0000000 0.0000000 0.0000000 0.0000000 0.8271194 0.0000000 0.0000000 0.0183767 0.0000000 0.0000000 0.0000000 0.0000000 0.0000000 0.0000000 0.0000000 0.1393050 0.0000000 0.0151988 0.0000000 0.0000000
 93 A  93 0.8377061 0.0000000 0.0000000 0.0000000 0.1300270 0.0000000 0.0000000 0.0322669 0.0000000 0.0000000 0.0000000 0.0000000 0.0000000 0.0000000 0.0000000 0.0000000 0.0000000 0.0000000 0.0000000 0.0000000
 94 L  94 0.0110280 0.0000000 0.0000000 0.0000000 0.0000000 0.0000000 0.0000000 0.0000000 0.0000000 0.0000000 0.9889720 0.0000000 0.0000000 0.0000000 0.0000000 0.0000000 0.0000000 0.0000000 0.0000000 0.0000000
 95 R  95 0.0000000 0.8378863 0.0000000 0.0000000 0.0000000 0.0000000 0.0000000 0.0711618 0.0000000 0.0000000 0.0114851 0.0000000 0.0000000 0.0000000 0.0152119 0.0000000 0.0000000 0.0000000 0.0000000 0.0642549
 96 F  96 0.0000000 0.0000000 0.0000000 0.0000000 0.0000000 0.0000000 0.0000000 0.0000000 0.0000000 0.0000000 0.0000000 0.0000000 0.0000000 0.9643491 0.0000000 0.0000000 0.0000000 0.0000000 0.0000000 0.0356509
 97 T  97 0.0000000 0.0000000 0.0000000 0.0000000 0.0000000 0.0000000 0.0000000 0.0000000 0.0000000 0.0000000 0.0000000 0.0000000 0.0000000 0.0000000 0.0193005 0.0000000 0.9806995 0.0000000 0.0000000 0.0000000
 98 S  98 0.0000000 0.0000000 0.0000000 0.0000000 0.1354167 0.0000000 0.0000000 0.0000000 0.0000000 0.0000000 0.0000000 0.0000000 0.0000000 0.0000000 0.0000000 0.8645833 0.0000000 0.0000000 0.0000000 0.0000000
 99 A  99 0.9816074 0.0000000 0.0000000 0.0000000 0.0000000 0.0000000 0.0000000 0.0183926 0.0000000 0.0000000 0.0000000 0.0000000 0.0000000 0.0000000 0.0000000 0.0000000 0.0000000 0.0000000 0.0000000 0.0000000
100 R 100 0.0000000 0.9367814 0.0000000 0.0000000 0.0124536 0.0000000 0.0378097 0.0000000 0.0000000 0.0000000 0.0000000 0.0000000 0.0000000 0.0000000 0.0000000 0.0129553 0.0000000 0.0000000 0.0000000 0.0000000
101 R 101 0.0378097 0.6023339 0.0129553 0.0000000 0.1767280 0.0000000 0.0000000 0.0000000 0.0189718 0.0000000 0.0156909 0.0000000 0.0000000 0.0000000 0.0000000 0.0067118 0.1018718 0.0000000 0.0269267 0.0000000
102 M 102 0.0000000 0.0000000 0.0000000 0.0000000 0.0000000 0.0000000 0.0000000 0.0000000 0.0000000 0.0000000 0.0000000 0.0000000 1.0000000 0.0000000 0.0000000 0.0000000 0.0000000 0.0000000 0.0000000 0.0000000
103 E 103 0.0379238 0.0000000 0.0000000 0.0991993 0.0000000 0.0000000 0.8125315 0.0000000 0.0000000 0.0000000 0.0000000 0.0135275 0.0000000 0.0000000 0.0000000 0.0000000 0.0000000 0.0000000 0.0000000 0.0368178
104 T 104 0.0000000 0.0000000 0.0000000 0.0000000 0.0000000 0.0000000 0.0000000 0.0000000 0.0000000 0.0000000 0.0000000 0.0000000 0.0000000 0.0000000 0.0152793 0.1360171 0.8487036 0.0000000 0.0000000 0.0000000
105 T 105 0.0261728 0.0000000 0.0000000 0.0000000 0.0000000 0.0000000 0.0000000 0.0000000 0.0000000 0.0099453 0.0000000 0.0000000 0.0000000 0.0000000 0.0626155 0.0000000 0.9012664 0.0000000 0.0000000 0.0000000
106 V 106 0.0000000 0.0000000 0.0000000 0.0000000 0.0000000 0.0000000 0.0000000 0.0000000 0.0000000 0.0000000 0.0136084 0.0000000 0.0827558 0.0000000 0.0000000 0.0000000 0.0000000 0.0000000 0.0000000 0.9036358
107 N 107 0.0000000 0.0000000 0.9744144 0.0000000 0.0000000 0.0000000 0.0000000 0.0000000 0.0000000 0.0000000 0.0000000 0.0000000 0.0000000 0.0000000 0.0000000 0.0255856 0.0000000 0.0000000 0.0000000 0.0000000
108 A 108 0.7548703 0.0000000 0.0000000 0.0223650 0.0000000 0.0000000 0.0000000 0.0000000 0.0099772 0.0000000 0.0000000 0.0000000 0.0000000 0.1343378 0.0136084 0.0413770 0.0234643 0.0000000 0.0000000 0.0000000
109 H 109 0.0000000 0.0389288 0.0000000 0.0064874 0.0073867 0.0181020 0.0000000 0.0000000 0.5703618 0.0000000 0.0098984 0.0000000 0.0000000 0.0000000 0.1571698 0.0157938 0.0000000 0.0000000 0.0123613 0.1635100
110 Q 110 0.0000000 0.2034045 0.0000000 0.0000000 0.0000000 0.5125688 0.0000000 0.0079975 0.0350342 0.0000000 0.0275669 0.0057949 0.0079910 0.0000000 0.0000000 0.0780793 0.0385134 0.0830497 0.0000000 0.0000000
111 I 111 0.0000000 0.0000000 0.1404950 0.0000000 0.0000000 0.0000000 0.0000000 0.0148081 0.0173228 0.2602961 0.0107079 0.0000000 0.0357190 0.0515333 0.0000000 0.1821583 0.0000000 0.0823117 0.0000000 0.2046476
112 L 112 0.0000000 0.0000000 0.0000000 0.0000000 0.0000000 0.0000000 0.0000000 0.0000000 0.0822471 0.0000000 0.8945164 0.0000000 0.0000000 0.0000000 0.0000000 0.0232365 0.0000000 0.0000000 0.0000000 0.0000000
113 P 113 0.1194521 0.0241656 0.0000000 0.0000000 0.0000000 0.0000000 0.0000000 0.0000000 0.0000000 0.0000000 0.0200291 0.0000000 0.0000000 0.0000000 0.8128472 0.0235060 0.0000000 0.0000000 0.0000000 0.0000000
114 K 114 0.0000000 0.0421442 0.0000000 0.0000000 0.0000000 0.0000000 0.0000000 0.0000000 0.0000000 0.0000000 0.0000000 0.7859214 0.0131360 0.0000000 0.0000000 0.0000000 0.1587984 0.0000000 0.0000000 0.0000000
115 V 115 0.0274093 0.0000000 0.0000000 0.0237882 0.0333218 0.0174077 0.0000000 0.0107603 0.0000000 0.0136656 0.0244557 0.0000000 0.0000000 0.0000000 0.0374317 0.0000000 0.0121930 0.0000000 0.0000000 0.7995666
116 L 116 0.0000000 0.0000000 0.0000000 0.0000000 0.0000000 0.0000000 0.0000000 0.0000000 0.0000000 0.0000000 0.9026254 0.0000000 0.0000000 0.0247022 0.0000000 0.0000000 0.0000000 0.0625094 0.0000000 0.0101630
117 H 117 0.0000000 0.0688917 0.0000000 0.0000000 0.0000000 0.0112372 0.0000000 0.0000000 0.8210759 0.0102093 0.0000000 0.0000000 0.0000000 0.0000000 0.0000000 0.0000000 0.0000000 0.0000000 0.0885859 0.0000000
118 K 118 0.0000000 0.0221640 0.0423699 0.0000000 0.0000000 0.0000000 0.0000000 0.0000000 0.0000000 0.0000000 0.0000000 0.9003984 0.0000000 0.0000000 0.0000000 0.0123886 0.0226791 0.0000000 0.0000000 0.0000000
119 R 119 0.0000000 0.9251270 0.0000000 0.0000000 0.0000000 0.0000000 0.0000000 0.0294566 0.0000000 0.0000000 0.0000000 0.0131856 0.0214696 0.0000000 0.0000000 0.0000000 0.0000000 0.0107611 0.0000000 0.0000000
120 T 120 0.0216797 0.0000000 0.0000000 0.0000000 0.0000000 0.1302218 0.0000000 0.0000000 0.0000000 0.0000000 0.0289330 0.0000000 0.0000000 0.0071819 0.0000000 0.0000000 0.8119836 0.0000000 0.0000000 0.0000000
121 L 121 0.0000000 0.0000000 0.0000000 0.0000000 0.0000000 0.0000000 0.0000000 0.0000000 0.0000000 0.0112799 0.9287974 0.0000000 0.0000000 0.0227716 0.0055495 0.0000000 0.0000000 0.0000000 0.0000000 0.0316017
122 G 122 0.0000000 0.0055870 0.0000000 0.0288494 0.0000000 0.0000000 0.0210271 0.9445364 0.0000000 0.0000000 0.0000000 0.0000000 0.0000000 0.0000000 0.0000000 0.0000000 0.0000000 0.0000000 0.0000000 0.0000000
123 L 123 0.0000000 0.0000000 0.0000000 0.0000000 0.0000000 0.0000000 0.0000000 0.0000000 0.0000000 0.0000000 0.8311378 0.0000000 0.1305752 0.0115507 0.0000000 0.0174608 0.0000000 0.0000000 0.0000000 0.0092755
124 S 124 0.0000000 0.0301798 0.0000000 0.0000000 0.0110433 0.0200663 0.0000000 0.0000000 0.0000000 0.0000000 0.0236783 0.0000000 0.0000000 0.0245157 0.1744078 0.7161090 0.0000000 0.0000000 0.0000000 0.0000000
125 A 125 0.6249188 0.0000000 0.0119051 0.0092286 0.0000000 0.0191795 0.0126877 0.1383694 0.0000000 0.0000000 0.0000000 0.0000000 0.0000000 0.0000000 0.0029130 0.0101885 0.0990181 0.0000000 0.0000000 0.0715913
126 M 126 0.0321733 0.0715869 0.0000000 0.0000000 0.0358216 0.0028806 0.0000000 0.0125466 0.0000000 0.0347530 0.0399394 0.0000000 0.7266396 0.0000000 0.0000000 0.0000000 0.0000000 0.0436590 0.0000000 0.0000000
127 S 127 0.0000000 0.0000000 0.0000000 0.0000000 0.0000000 0.0783640 0.0000000 0.0000000 0.0000000 0.0000000 0.0000000 0.0000000 0.0000000 0.0000000 0.0374157 0.8842204 0.0000000 0.0000000 0.0000000 0.0000000
128 T 128 0.0098493 0.0347478 0.0000000 0.0000000 0.0000000 0.0000000 0.0000000 0.0000000 0.0000000 0.0072742 0.0000000 0.1253981 0.0908869 0.0000000 0.0284452 0.0110927 0.6923058 0.0000000 0.0000000 0.0000000
129 T 129 0.0201142 0.0000000 0.0000000 0.1208182 0.0000000 0.0000000 0.0000000 0.0000000 0.0000000 0.0115132 0.0000000 0.0000000 0.0000000 0.0048108 0.1006097 0.0407112 0.7014228 0.0000000 0.0000000 0.0000000
130 D 130 0.0076840 0.0052075 0.0129140 0.6176273 0.0000000 0.0000000 0.0060088 0.0473501 0.0000000 0.0000000 0.0889916 0.0160596 0.0000000 0.0304309 0.0000000 0.0000000 0.0364196 0.0994616 0.0000000 0.0318449
131 L 131 0.0000000 0.0000000 0.0000000 0.0000000 0.0000000 0.0000000 0.0000000 0.0000000 0.0066088 0.1550379 0.6377611 0.0000000 0.0271824 0.0000000 0.0087641 0.0217145 0.0000000 0.1198310 0.0000000 0.0231001
132 E 132 0.0000000 0.0305489 0.0000000 0.0084746 0.0000000 0.0170036 0.7986017 0.0058335 0.0000000 0.0000000 0.0000000 0.0202368 0.0000000 0.0000000 0.0000000 0.0000000 0.1193009 0.0000000 0.0000000 0.0000000
133 A 133 0.6364812 0.0000000 0.0105738 0.0180830 0.0000000 0.0382344 0.0884110 0.0134275 0.0220783 0.0000000 0.0085297 0.0205305 0.0000000 0.0000000 0.0949179 0.0000000 0.0487326 0.0000000 0.0000000 0.0000000
134 Y 134 0.0000000 0.0000000 0.0000000 0.0000000 0.0000000 0.0000000 0.0000000 0.0000000 0.0044348 0.0000000 0.0000000 0.0000000 0.0000000 0.0000000 0.0000000 0.0000000 0.0470267 0.0000000 0.9485385 0.0000000
135 F 135 0.0000000 0.0000000 0.0000000 0.0000000 0.0000000 0.0000000 0.0000000 0.0000000 0.0000000 0.2149175 0.0162238 0.0000000 0.0000000 0.6899993 0.0000000 0.0467170 0.0000000 0.0000000 0.0000000 0.0321424
136 K 136 0.0000000 0.0810771 0.0054984 0.0000000 0.0000000 0.0226853 0.0000000 0.0000000 0.0000000 0.0000000 0.0000000 0.8907392 0.0000000 0.0000000 0.0000000 0.0000000 0.0000000 0.0000000 0.0000000 0.0000000
137 D 137 0.0000000 0.0000000 0.0313670 0.9083806 0.0000000 0.0000000 0.0091017 0.0000000 0.0000000 0.0000000 0.0000000 0.0000000 0.0055608 0.0000000 0.0000000 0.0000000 0.0455900 0.0000000 0.0000000 0.0000000
138 S 138 0.0000000 0.0316756 0.0000000 0.0000000 0.6685362 0.1207058 0.0000000 0.0090466 0.0000000 0.0000000 0.0000000 0.0000000 0.0000000 0.0000000 0.0000000 0.1247217 0.0000000 0.0000000 0.0000000 0.0453141
139 L 139 0.0000000 0.0000000 0.0000000 0.0000000 0.0277972 0.0000000 0.0000000 0.0000000 0.0000000 0.0000000 0.4699749 0.0000000 0.0000000 0.0000000 0.0000000 0.0000000 0.0000000 0.0158104 0.0172813 0.4691362
140 F 140 0.0000000 0.0000000 0.0000000 0.0000000 0.0000000 0.0000000 0.0000000 0.0000000 0.0000000 0.0000000 0.1703565 0.0000000 0.0000000 0.8296435 0.0000000 0.0000000 0.0000000 0.0000000 0.0000000 0.0000000
141 K 141 0.0430207 0.0418953 0.0112868 0.0000000 0.0000000 0.0000000 0.0260323 0.0000000 0.0000000 0.0000000 0.0000000 0.6400572 0.0080265 0.0000000 0.0000000 0.0063646 0.2074812 0.0000000 0.0158354 0.0000000
142 D 142 0.0045784 0.0000000 0.0128232 0.6460298 0.0000000 0.0260826 0.1360970 0.0090312 0.0000000 0.0000000 0.0292996 0.0707637 0.0000000 0.0000000 0.0000000 0.0162471 0.0406377 0.0000000 0.0084096 0.0000000
143 W 143 0.0098011 0.0094244 0.0000000 0.0000000 0.0000000 0.0000000 0.0000000 0.0465145 0.0000000 0.0000000 0.0000000 0.0000000 0.0000000 0.0000000 0.0000000 0.0000000 0.0000000 0.9342600 0.0000000 0.0000000
144 E 144 0.0000000 0.0468544 0.0000000 0.0000000 0.0000000 0.0100077 0.9339986 0.0029093 0.0000000 0.0000000 0.0000000 0.0062299 0.0000000 0.0000000 0.0000000 0.0000000 0.0000000 0.0000000 0.0000000 0.0000000
145 E 145 0.0000000 0.0000000 0.0058039 0.0087843 0.0000000 0.0000000 0.9464057 0.0000000 0.0000000 0.0000000 0.0000000 0.0000000 0.0000000 0.0000000 0.0000000 0.0324234 0.0000000 0.0000000 0.0000000 0.0065828
146 L 146 0.0000000 0.0000000 0.0000000 0.0000000 0.0000000 0.0266198 0.0000000 0.1021243 0.0000000 0.0000000 0.7700838 0.0000000 0.0000000 0.0062137 0.0000000 0.0288920 0.0000000 0.0561606 0.0000000 0.0099059
147 G 147 0.0000000 0.0000000 0.0000000 0.0000000 0.0000000 0.0000000 0.0028609 0.8945488 0.0000000 0.0300396 0.0000000 0.0000000 0.0000000 0.0000000 0.0000000 0.0406406 0.0319101 0.0000000 0.0000000 0.0000000
148 E 148 0.0104159 0.0270705 0.0223388 0.0000000 0.0000000 0.0000000 0.8368346 0.0000000 0.0000000 0.1008454 0.0000000 0.0024949 0.0000000 0.0000000 0.0000000 0.0000000 0.0000000 0.0000000 0.0000000 0.0000000
149 E 149 0.0000000 0.0269714 0.0000000 0.1052429 0.0000000 0.0000000 0.8631884 0.0000000 0.0000000 0.0000000 0.0000000 0.0045973 0.0000000 0.0000000 0.0000000 0.0000000 0.0000000 0.0000000 0.0000000 0.0000000
150 I 150 0.0000000 0.0000000 0.0312772 0.0000000 0.0000000 0.0000000 0.0000000 0.0111203 0.0043582 0.5705027 0.0332561 0.0000000 0.0013848 0.0046774 0.0970754 0.0610635 0.1365120 0.0000000 0.0000000 0.0487724
151 R 151 0.0000000 0.9533164 0.0000000 0.0000000 0.0000000 0.0000000 0.0000000 0.0000000 0.0000000 0.0000000 0.0000000 0.0039737 0.0000000 0.0000000 0.0000000 0.0259832 0.0000000 0.0167267 0.0000000 0.0000000
152 L 152 0.0000000 0.0000000 0.0000000 0.0000000 0.0000000 0.0000000 0.0000000 0.0000000 0.0000000 0.0062821 0.9798903 0.0000000 0.0000000 0.0017171 0.0000000 0.0000000 0.0000000 0.0000000 0.0000000 0.0121106
153 K 153 0.0000000 0.0000000 0.0000000 0.0000000 0.0000000 0.0174828 0.0020605 0.0000000 0.0000000 0.0000000 0.0115317 0.6124928 0.2635362 0.0000000 0.0342959 0.0586000 0.0000000 0.0000000 0.0000000 0.0000000
154 V 154 0.0000000 0.0000000 0.0000000 0.0000000 0.0000000 0.0000000 0.0175084 0.0000000 0.0000000 0.2626267 0.0687421 0.0000000 0.0107107 0.0000000 0.0000000 0.0000000 0.0475659 0.0000000 0.0000000 0.5928464
155 F 155 0.0000000 0.0000000 0.0000000 0.0000000 0.0000000 0.0000000 0.0000000 0.0000000 0.0000000 0.0117031 0.0048019 0.0000000 0.0000000 0.9640546 0.0000000 0.0000000 0.0000000 0.0000000 0.0194404 0.0000000
156 V 156 0.0000000 0.0000000 0.0000000 0.0000000 0.0000000 0.0000000 0.0000000 0.0000000 0.0000000 0.0069567 0.0048003 0.0000000 0.0000000 0.0000000 0.0000000 0.0000000 0.0000000 0.0000000 0.0000000 0.9882430
157 L 157 0.0000000 0.0096779 0.0000000 0.0000000 0.0000000 0.0000000 0.0000000 0.0000000 0.0000000 0.0000000 0.9700043 0.0000000 0.0000000 0.0067955 0.0000000 0.0000000 0.0000000 0.0000000 0.0000000 0.0135223
158 G 158 0.0000000 0.0572388 0.0000000 0.0000000 0.0000000 0.0000000 0.0170020 0.9257592 0.0000000 0.0000000 0.0000000 0.0000000 0.0000000 0.0000000 0.0000000 0.0000000 0.0000000 0.0000000 0.0000000 0.0000000
159 G 159 0.0103034 0.0143745 0.0000000 0.0000000 0.0000000 0.0000000 0.0000000 0.9753221 0.0000000 0.0000000 0.0000000 0.0000000 0.0000000 0.0000000 0.0000000 0.0000000 0.0000000 0.0000000 0.0000000 0.0000000
160 S 160 0.0000000 0.0000000 0.0000000 0.0000000 0.8456394 0.0000000 0.0000000 0.0138477 0.0000000 0.0000000 0.0000000 0.0000000 0.0000000 0.0000000 0.0000000 0.1260906 0.0000000 0.0144223 0.0000000 0.0000000
161 R 161 0.0000000 0.9545905 0.0000000 0.0000000 0.0000000 0.0000000 0.0000000 0.0065987 0.0000000 0.0000000 0.0000000 0.0187452 0.0000000 0.0000000 0.0000000 0.0000000 0.0200656 0.0000000 0.0000000 0.0000000
162 H 162 0.0000000 0.0000000 0.0000000 0.0265140 0.0000000 0.0000000 0.0000000 0.0000000 0.9694311 0.0000000 0.0000000 0.0000000 0.0000000 0.0000000 0.0040549 0.0000000 0.0000000 0.0000000 0.0000000 0.0000000
163 K 163 0.0000000 0.0000000 0.0000000 0.0000000 0.0000000 0.0000000 0.0000000 0.0000000 0.0000000 0.0000000 0.0000000 0.9802337 0.0000000 0.0000000 0.0000000 0.0000000 0.0197663 0.0000000 0.0000000 0.0000000
164 L 164 0.0000000 0.0000000 0.0000000 0.0000000 0.0426295 0.0000000 0.0000000 0.0097124 0.0000000 0.0000000 0.8737248 0.0000000 0.0089517 0.0000000 0.0000000 0.0000000 0.0000000 0.0000000 0.0649815 0.0000000
165 V 165 0.0000000 0.0000000 0.0000000 0.0000000 0.0000000 0.0000000 0.0000000 0.0163716 0.0000000 0.0000000 0.0197663 0.0000000 0.1062224 0.0000000 0.0000000 0.0000000 0.0000000 0.0000000 0.0000000 0.8576396
166 S 166 0.0000000 0.0681139 0.0000000 0.0000000 0.7265617 0.0000000 0.0000000 0.0308161 0.0000000 0.0000000 0.0000000 0.0000000 0.0000000 0.0219994 0.0000000 0.1525089 0.0000000 0.0000000 0.0000000 0.0000000
167 A 167 0.4562779 0.0000000 0.0000000 0.0000000 0.0000000 0.0000000 0.0000000 0.0129235 0.0000000 0.0000000 0.0252972 0.0000000 0.0000000 0.0000000 0.0287456 0.4358189 0.0409369 0.0000000 0.0000000 0.0000000
168 P 168 0.0318164 0.0000000 0.0000000 0.0000000 0.0000000 0.0080820 0.0000000 0.0000000 0.0000000 0.0000000 0.0000000 0.0130482 0.0000000 0.0000000 0.9470533 0.0000000 0.0000000 0.0000000 0.0000000 0.0000000
169 A 169 0.7889236 0.0000000 0.0000000 0.0000000 0.0000000 0.0000000 0.0082979 0.0000000 0.0082939 0.0000000 0.0133902 0.0000000 0.0000000 0.0000000 0.0128330 0.1432256 0.0169507 0.0000000 0.0000000 0.0080851
170 P 170 0.0000000 0.0000000 0.0000000 0.0000000 0.0000000 0.0000000 0.0134489 0.0000000 0.0703856 0.0000000 0.0000000 0.0000000 0.0000000 0.0000000 0.8398716 0.0762939 0.0000000 0.0000000 0.0000000 0.0000000
171 S 171 0.0708322 0.0000000 0.0000000 0.0000000 0.7265200 0.0000000 0.0000000 0.0000000 0.0000000 0.0000000 0.0135342 0.0000000 0.0172403 0.0049499 0.0000000 0.1497904 0.0000000 0.0171330 0.0000000 0.0000000
172 N 172 0.0000000 0.0000000 0.8269247 0.0000000 0.0000000 0.0173285 0.0000000 0.0000000 0.0145864 0.0389929 0.0000000 0.0130633 0.0000000 0.0136035 0.0000000 0.0000000 0.0724439 0.0000000 0.0030569 0.0000000
173 F 173 0.0000000 0.0000000 0.0000000 0.0000000 0.0000000 0.0000000 0.0000000 0.0000000 0.0000000 0.0000000 0.0170695 0.0000000 0.0000000 0.9829305 0.0000000 0.0000000 0.0000000 0.0000000 0.0000000 0.0000000
174 F 174 0.0000000 0.0000000 0.0000000 0.0000000 0.0000000 0.0000000 0.0000000 0.0000000 0.0000000 0.0000000 0.0685171 0.0000000 0.0000000 0.9314829 0.0000000 0.0000000 0.0000000 0.0000000 0.0000000 0.0000000
175 T 175 0.0000000 0.0000000 0.0258316 0.0000000 0.0000000 0.0000000 0.0000000 0.0000000 0.0000000 0.0000000 0.0000000 0.0285131 0.0000000 0.0000000 0.0118470 0.0000000 0.9338082 0.0000000 0.0000000 0.0000000
176 S 176 0.0000000 0.0000000 0.0000000 0.0000000 0.0000000 0.0000000 0.0000000 0.0000000 0.0000000 0.0000000 0.0000000 0.0000000 0.0000000 0.0166991 0.0000000 0.9742685 0.0090323 0.0000000 0.0000000 0.0000000
177 A 177 0.9805270 0.0000000 0.0000000 0.0000000 0.0000000 0.0000000 0.0000000 0.0000000 0.0000000 0.0000000 0.0000000 0.0000000 0.0000000 0.0000000 0.0000000 0.0194730 0.0000000 0.0000000 0.0000000 0.0000000
