  177         A         R         N         D         C         Q         E         G         H         I         L         K         M         F         P         S         T         W         Y         V         X    
  1 M   1 0.0000000 0.0000000 0.0000000 0.0000000 0.0000000 0.0000000 0.0000000 0.0000000 0.0000000 0.0000000 0.0000000 0.0000000 0.0691644 0.0000000 0.0000000 0.0000000 0.0000000 0.0000000 0.0000000 0.0000000 0.9308356
  2 G   2 0.0000000 0.0000000 0.0000000 0.0000000 0.0000000 0.0000000 0.0000000 0.0691644 0.0000000 0.0000000 0.0000000 0.0000000 0.0000000 0.0000000 0.0000000 0.0000000 0.0000000 0.0000000 0.0000000 0.0000000 0.9308356
  3 S   3 0.0000000 0.0000000 0.0000000 0.0000000 0.0000000 0.0000000 0.0000000 0.0000000 0.0000000 0.0000000 0.0000000 0.0000000 0.0000000 0.0000000 0.0000000 0.0691644 0.0000000 0.0000000 0.0000000 0.0000000 0.9308356
  4 S   4 0.0000000 0.0000000 0.0000000 0.0000000 0.0000000 0.0000000 0.0000000 0.0000000 0.0000000 0.0000000 0.0000000 0.0000000 0.0000000 0.0000000 0.0000000 0.0691644 0.0000000 0.0000000 0.0000000 0.0000000 0.9308356
  5 H   5 0.0000000 0.0000000 0.0000000 0.0000000 0.0000000 0.0000000 0.0000000 0.0000000 0.0691644 0.0000000 0.0000000 0.0000000 0.0000000 0.0000000 0.0000000 0.0000000 0.0000000 0.0000000 0.0000000 0.0000000 0.9308356
  6 H   6 0.0000000 0.0000000 0.0000000 0.0000000 0.0000000 0.0000000 0.0000000 0.0000000 0.0691644 0.0000000 0.0000000 0.0000000 0.0000000 0.0000000 0.0000000 0.0000000 0.0000000 0.0000000 0.0000000 0.0000000 0.9308356
  7 H   7 0.0000000 0.0000000 0.0000000 0.0000000 0.0000000 0.0000000 0.0000000 0.0000000 0.0691644 0.0000000 0.0000000 0.0000000 0.0000000 0.0000000 0.0000000 0.0000000 0.0000000 0.0000000 0.0000000 0.0000000 0.9308356
  8 H   8 0.0000000 0.0000000 0.0000000 0.0000000 0.0000000 0.0000000 0.0000000 0.0000000 0.0691644 0.0000000 0.0000000 0.0000000 0.0000000 0.0000000 0.0000000 0.0000000 0.0000000 0.0000000 0.0000000 0.0000000 0.9308356
  9 H   9 0.0000000 0.0000000 0.0000000 0.0000000 0.0000000 0.0000000 0.0000000 0.0000000 0.0691644 0.0000000 0.0000000 0.0000000 0.0000000 0.0000000 0.0000000 0.0000000 0.0000000 0.0000000 0.0000000 0.0000000 0.9308356
 10 H  10 0.0000000 0.0000000 0.0000000 0.0000000 0.0000000 0.0000000 0.0000000 0.0000000 0.0691644 0.0000000 0.0000000 0.0000000 0.0000000 0.0000000 0.0000000 0.0000000 0.0000000 0.0000000 0.0000000 0.0000000 0.9308356
 11 S  11 0.0000000 0.0000000 0.0000000 0.0000000 0.0000000 0.0000000 0.0000000 0.0000000 0.0000000 0.0000000 0.0000000 0.0000000 0.0000000 0.0000000 0.0000000 0.0691644 0.0000000 0.0000000 0.0000000 0.0000000 0.9308356
 12 S  12 0.0000000 0.0000000 0.0000000 0.0000000 0.0000000 0.0000000 0.0000000 0.0000000 0.0000000 0.0000000 0.0000000 0.0000000 0.0000000 0.0000000 0.0000000 0.0691644 0.0000000 0.0000000 0.0000000 0.0000000 0.9308356
 13 G  13 0.0000000 0.0000000 0.0000000 0.0000000 0.0000000 0.0000000 0.0000000 0.0691644 0.0000000 0.0000000 0.0000000 0.0000000 0.0000000 0.0000000 0.0000000 0.0000000 0.0000000 0.0000000 0.0000000 0.0000000 0.9308356
 14 R  14 0.0000000 0.0691644 0.0000000 0.0000000 0.0000000 0.0000000 0.0000000 0.0000000 0.0000000 0.0000000 0.0000000 0.0000000 0.0000000 0.0000000 0.0000000 0.0000000 0.0000000 0.0000000 0.0000000 0.0000000 0.9308356
 15 E  15 0.0000000 0.0000000 0.0000000 0.0000000 0.0000000 0.0000000 0.0691644 0.0000000 0.0000000 0.0000000 0.0000000 0.0000000 0.0000000 0.0000000 0.0000000 0.0000000 0.0000000 0.0000000 0.0000000 0.0000000 0.9308356
 16 N  16 0.0000000 0.0000000 0.0991529 0.0000000 0.0000000 0.0000000 0.0000000 0.0000000 0.0000000 0.0000000 0.0000000 0.0000000 0.0000000 0.0000000 0.0000000 0.0000000 0.0000000 0.0000000 0.0000000 0.0000000 0.9008471
 17 L  17 0.0000000 0.0000000 0.0000000 0.0000000 0.0000000 0.0000000 0.0000000 0.0000000 0.0000000 0.0000000 0.0691644 0.0000000 0.0000000 0.0000000 0.0000000 0.0000000 0.0000000 0.0299885 0.0000000 0.0000000 0.9008471
 18 Y  18 0.0000000 0.0000000 0.0000000 0.0000000 0.0000000 0.0000000 0.0000000 0.0000000 0.0000000 0.0299885 0.0000000 0.0000000 0.0000000 0.0000000 0.0000000 0.0000000 0.0000000 0.0000000 0.0691644 0.0000000 0.9008471
 19 F  19 0.0000000 0.0000000 0.0000000 0.0000000 0.0000000 0.0000000 0.0000000 0.0000000 0.0000000 0.0000000 0.0299885 0.0000000 0.0000000 0.0691644 0.0000000 0.0000000 0.0000000 0.0000000 0.0000000 0.0000000 0.9008471
 20 Q  20 0.0000000 0.0299885 0.0000000 0.0000000 0.0000000 0.0691644 0.0000000 0.0000000 0.0000000 0.0000000 0.0000000 0.0000000 0.0000000 0.0000000 0.0000000 0.0000000 0.0000000 0.0000000 0.0000000 0.0000000 0.9008471
 21 G  21 0.0000000 0.0000000 0.0000000 0.0000000 0.0000000 0.0000000 0.0000000 0.0991529 0.0000000 0.0000000 0.0000000 0.0000000 0.0000000 0.0000000 0.0000000 0.0000000 0.0000000 0.0000000 0.0000000 0.0000000 0.9008471
 22 S  22 0.0000000 0.0000000 0.0000000 0.0000000 0.0000000 0.0000000 0.0000000 0.0000000 0.0000000 0.0000000 0.0000000 0.0000000 0.0000000 0.0000000 0.0000000 0.0691644 0.0299885 0.0000000 0.0000000 0.0000000 0.9008471
 23 G  23 0.0000000 0.0000000 0.0000000 0.0000000 0.0000000 0.0000000 0.0000000 0.0691644 0.0000000 0.0000000 0.0000000 0.0000000 0.0000000 0.0000000 0.0000000 0.0000000 0.0000000 0.0000000 0.0000000 0.0000000 0.9308356
 24 S  24 0.0000000 0.0000000 0.0000000 0.0000000 0.0000000 0.0000000 0.0000000 0.0000000 0.0000000 0.0000000 0.0000000 0.0000000 0.0000000 0.0000000 0.0000000 0.0991529 0.0000000 0.0000000 0.0000000 0.0000000 0.9008471
 25 A  25 0.6765524 0.0000000 0.0000000 0.0000000 0.0000000 0.0000000 0.0000000 0.0000000 0.0000000 0.0000000 0.0000000 0.0000000 0.0000000 0.0299885 0.0000000 0.0000000 0.0000000 0.0000000 0.0000000 0.0000000 0.2934591
 26 A  26 0.6769655 0.0000000 0.0000000 0.0000000 0.0000000 0.0000000 0.0000000 0.0273688 0.0000000 0.0000000 0.0000000 0.0000000 0.0000000 0.0000000 0.0000000 0.0000000 0.0000000 0.0000000 0.0000000 0.0299885 0.2656772
 27 R  27 0.0000000 0.6877075 0.0000000 0.0000000 0.0000000 0.0000000 0.0000000 0.0063154 0.0000000 0.0000000 0.0000000 0.0000000 0.0103114 0.0000000 0.0000000 0.0000000 0.0000000 0.0000000 0.0299885 0.0000000 0.2656772
 28 L  28 0.0000000 0.0000000 0.0000000 0.0000000 0.0000000 0.0000000 0.0000000 0.0000000 0.0000000 0.0000000 0.5772201 0.0000000 0.0742046 0.0000000 0.0000000 0.0000000 0.0000000 0.0000000 0.0000000 0.0828980 0.2656772
 29 S  29 0.0000000 0.0229001 0.0000000 0.0000000 0.5271696 0.0000000 0.0000000 0.0135222 0.0000000 0.0000000 0.0000000 0.0000000 0.0000000 0.0000000 0.0299885 0.0691644 0.0000000 0.0000000 0.0715780 0.0000000 0.2656772
 30 S  30 0.0000000 0.0000000 0.0000000 0.0000000 0.6214379 0.0000000 0.0000000 0.0000000 0.0000000 0.0000000 0.0000000 0.0000000 0.0000000 0.0137320 0.0000000 0.0991529 0.0000000 0.0000000 0.0000000 0.0000000 0.2656772
 31 Q  31 0.0299885 0.0000000 0.0000000 0.0000000 0.0000000 0.6493758 0.0000000 0.0000000 0.0000000 0.0000000 0.0000000 0.0313827 0.0000000 0.0000000 0.0000000 0.0000000 0.0000000 0.0000000 0.0235759 0.0000000 0.2656772
 32 L  32 0.0000000 0.0136368 0.0000000 0.0000000 0.0000000 0.0000000 0.0000000 0.0000000 0.0000000 0.0000000 0.7206860 0.0000000 0.0000000 0.0000000 0.0000000 0.0000000 0.0000000 0.0000000 0.0000000 0.0000000 0.2656772
 33 D  33 0.0000000 0.0000000 0.0299885 0.6892744 0.0000000 0.0000000 0.0000000 0.0150599 0.0000000 0.0000000 0.0000000 0.0000000 0.0000000 0.0000000 0.0000000 0.0000000 0.0000000 0.0000000 0.0000000 0.0000000 0.2656772
 34 P  34 0.0000000 0.0000000 0.0000000 0.0000000 0.0000000 0.0000000 0.0000000 0.0000000 0.0000000 0.0000000 0.0136368 0.0000000 0.0000000 0.0000000 0.5777760 0.1356290 0.0072810 0.0000000 0.0000000 0.0000000 0.2656772
 35 A  35 0.4681497 0.0000000 0.0000000 0.0000000 0.0000000 0.0000000 0.0350190 0.0214389 0.0000000 0.0000000 0.0000000 0.0000000 0.0000000 0.0000000 0.0150599 0.1540547 0.0406006 0.0000000 0.0000000 0.0000000 0.2656772
 36 R  36 0.0000000 0.7043343 0.0000000 0.0299885 0.0000000 0.0000000 0.0000000 0.0000000 0.0000000 0.0000000 0.0000000 0.0000000 0.0000000 0.0000000 0.0000000 0.0000000 0.0000000 0.0000000 0.0000000 0.0000000 0.2656772
 37 D  37 0.0000000 0.0000000 0.0260288 0.7082939 0.0000000 0.0000000 0.0000000 0.0000000 0.0000000 0.0000000 0.0000000 0.0000000 0.0000000 0.0000000 0.0000000 0.0000000 0.0000000 0.0000000 0.0000000 0.0000000 0.2656772
 38 V  38 0.0000000 0.0000000 0.0000000 0.0000000 0.0000000 0.0000000 0.0000000 0.0150599 0.0000000 0.0078076 0.0000000 0.0000000 0.0000000 0.0085494 0.0000000 0.0000000 0.0000000 0.0000000 0.0000000 0.6729174 0.2956657
 39 L  39 0.0000000 0.0000000 0.0000000 0.0000000 0.0000000 0.0000000 0.0000000 0.0000000 0.0000000 0.0000000 0.6764371 0.0000000 0.0000000 0.0000000 0.0000000 0.0000000 0.0000000 0.0000000 0.0000000 0.0278972 0.2956657
 40 S  40 0.0000000 0.0000000 0.0000000 0.0000000 0.5004285 0.0000000 0.0000000 0.0000000 0.0000000 0.0000000 0.1059495 0.0000000 0.0000000 0.0137320 0.0000000 0.0691644 0.0000000 0.0000000 0.0150599 0.0000000 0.2956657
 41 L  41 0.0000000 0.0000000 0.0000000 0.0000000 0.0000000 0.0000000 0.0000000 0.0000000 0.0000000 0.0000000 0.6908944 0.0000000 0.0000000 0.0134400 0.0000000 0.0000000 0.0000000 0.0000000 0.0000000 0.0000000 0.2956657
 42 R  42 0.0000000 0.6892744 0.0000000 0.0000000 0.0000000 0.0000000 0.0000000 0.0000000 0.0150599 0.0000000 0.0000000 0.0000000 0.0000000 0.0000000 0.0000000 0.0000000 0.0000000 0.0000000 0.0000000 0.0000000 0.2956657
 43 P  43 0.0000000 0.0000000 0.0000000 0.0000000 0.0000000 0.0000000 0.0000000 0.0000000 0.0000000 0.0000000 0.0000000 0.0000000 0.0000000 0.0000000 0.7043343 0.0000000 0.0000000 0.0000000 0.0000000 0.0000000 0.2956657
 44 V  44 0.0000000 0.0000000 0.0000000 0.0000000 0.0078076 0.0000000 0.0000000 0.0000000 0.0000000 0.0000000 0.0635215 0.0000000 0.0000000 0.0800068 0.0000000 0.0000000 0.0000000 0.0000000 0.0000000 0.5529984 0.2956657
 45 G  45 0.0000000 0.0259428 0.0000000 0.0000000 0.0000000 0.0235759 0.0000000 0.5534503 0.0000000 0.0000000 0.0000000 0.0000000 0.0000000 0.0000000 0.0000000 0.1013653 0.0000000 0.0000000 0.0000000 0.0000000 0.2956657
 46 A  46 0.5846528 0.0000000 0.0000000 0.0137320 0.0000000 0.0000000 0.0000000 0.0259428 0.0000000 0.0000000 0.0000000 0.0000000 0.0000000 0.0000000 0.0331325 0.0468742 0.0000000 0.0000000 0.0000000 0.0000000 0.2956657
 47 E  47 0.0000000 0.0000000 0.0000000 0.0150599 0.0000000 0.0832945 0.6003013 0.0000000 0.0000000 0.0000000 0.0000000 0.0000000 0.0000000 0.0000000 0.0000000 0.0000000 0.0000000 0.0000000 0.0000000 0.0000000 0.3013443
 48 S  48 0.0000000 0.0000000 0.0000000 0.0000000 0.0000000 0.0000000 0.0000000 0.0000000 0.0000000 0.0000000 0.0000000 0.0000000 0.0000000 0.0000000 0.0562275 0.6481068 0.0000000 0.0000000 0.0000000 0.0000000 0.2956657
 49 R  49 0.0000000 0.4556679 0.0000000 0.0000000 0.0839265 0.0000000 0.0000000 0.0278972 0.0000000 0.0000000 0.0000000 0.0000000 0.0000000 0.0000000 0.0000000 0.1289261 0.0000000 0.0079167 0.0000000 0.0000000 0.2956657
 50 G  50 0.0103114 0.0067088 0.0000000 0.0000000 0.0000000 0.0000000 0.0000000 0.6730861 0.0000000 0.0000000 0.0000000 0.0000000 0.0000000 0.0000000 0.0000000 0.0000000 0.0000000 0.0000000 0.0000000 0.0085494 0.3013443
 51 R  51 0.0000000 0.5927061 0.0000000 0.0000000 0.0000000 0.0000000 0.0000000 0.0000000 0.0000000 0.0000000 0.0000000 0.0000000 0.0000000 0.0000000 0.1059495 0.0000000 0.0000000 0.0000000 0.0000000 0.0000000 0.3013443
 52 P  52 0.0382085 0.0000000 0.0000000 0.0000000 0.0000000 0.0000000 0.0000000 0.0000000 0.0000000 0.0000000 0.0000000 0.0000000 0.0000000 0.0000000 0.6242670 0.0584073 0.0134400 0.0000000 0.0000000 0.0000000 0.2656772
 53 F  53 0.0000000 0.0000000 0.0000000 0.0000000 0.0000000 0.0000000 0.0000000 0.0000000 0.0000000 0.0150574 0.2305939 0.0000000 0.0000000 0.2508302 0.0104708 0.0299885 0.0000000 0.0000000 0.0000000 0.1973820 0.2656772
 54 S  54 0.0307861 0.0299885 0.0000000 0.0000000 0.0000000 0.0059443 0.0000000 0.0000000 0.0000000 0.0000000 0.0000000 0.0000000 0.0000000 0.0000000 0.2137785 0.4538254 0.0000000 0.0000000 0.0000000 0.0000000 0.2656772
 55 G  55 0.0000000 0.1110677 0.0000000 0.0000000 0.0000000 0.0000000 0.0000000 0.6067550 0.0000000 0.0000000 0.0000000 0.0000000 0.0000000 0.0000000 0.0000000 0.0000000 0.0000000 0.0088126 0.0000000 0.0000000 0.2733647
 56 S  56 0.0104708 0.0112470 0.0000000 0.0000000 0.0000000 0.0070391 0.0000000 0.0000000 0.0000000 0.0000000 0.0235759 0.0000000 0.0000000 0.0000000 0.4736163 0.1824310 0.0259428 0.0000000 0.0000000 0.0000000 0.2656772
 57 L  57 0.0331325 0.0000000 0.0000000 0.0000000 0.0000000 0.0000000 0.0000000 0.0000000 0.0000000 0.0048642 0.4575415 0.0000000 0.0000000 0.1172726 0.0000000 0.1040021 0.0000000 0.0000000 0.0000000 0.0175099 0.2656772
 58 G  58 0.1193895 0.0375657 0.0000000 0.0000000 0.0000000 0.0000000 0.0000000 0.5668968 0.0000000 0.0000000 0.0000000 0.0000000 0.0000000 0.0000000 0.0000000 0.0000000 0.0000000 0.0104708 0.0000000 0.0000000 0.2656772
 59 T  59 0.1993477 0.0000000 0.0000000 0.0787353 0.0000000 0.0000000 0.0000000 0.1360758 0.0171684 0.0000000 0.0134400 0.0000000 0.0000000 0.0000000 0.0537996 0.0288764 0.1918198 0.0000000 0.0000000 0.0150599 0.2656772
 60 L  60 0.0235759 0.0000000 0.0000000 0.0000000 0.0000000 0.0000000 0.0000000 0.0000000 0.0055171 0.0076754 0.4796329 0.0000000 0.0000000 0.0171684 0.0000000 0.1164203 0.0000000 0.0000000 0.0237073 0.0493786 0.2769242
 61 S  61 0.0800068 0.0000000 0.0000000 0.0000000 0.0000000 0.0000000 0.0235759 0.0000000 0.0000000 0.0000000 0.0000000 0.0000000 0.0000000 0.0000000 0.3231139 0.2658584 0.0312971 0.0000000 0.0000000 0.0104708 0.2656772
 62 S  62 0.0722312 0.0000000 0.0000000 0.0000000 0.0000000 0.0000000 0.0000000 0.0000000 0.0150599 0.0000000 0.0000000 0.0000000 0.0000000 0.0000000 0.1806883 0.4315204 0.0235759 0.0000000 0.0000000 0.0112470 0.2656772
 63 P  63 0.1011068 0.0278972 0.0000000 0.0000000 0.0000000 0.0000000 0.0000000 0.0068858 0.0000000 0.0000000 0.0000000 0.0000000 0.0000000 0.0000000 0.4064171 0.1785759 0.0134400 0.0000000 0.0000000 0.0000000 0.2656772
 64 S  64 0.0774158 0.0000000 0.0000000 0.0000000 0.0000000 0.0000000 0.0000000 0.0000000 0.0072810 0.0000000 0.0067088 0.0000000 0.0000000 0.0000000 0.0450790 0.5850495 0.0000000 0.0000000 0.0073700 0.0000000 0.2710959
 65 P  65 0.0887799 0.0000000 0.0000000 0.0278972 0.0000000 0.0150599 0.0000000 0.0000000 0.0112470 0.0000000 0.0337766 0.0000000 0.0000000 0.0000000 0.3966248 0.1159505 0.0449870 0.0000000 0.0000000 0.0000000 0.2656772
 66 S  66 0.0235759 0.0000000 0.0000000 0.0000000 0.0000000 0.0000000 0.0000000 0.0000000 0.0000000 0.0000000 0.0000000 0.0000000 0.0000000 0.0000000 0.0695859 0.6345508 0.0066102 0.0000000 0.0000000 0.0000000 0.2656772
 67 A  67 0.5381703 0.0088126 0.0171684 0.0000000 0.0000000 0.0000000 0.0000000 0.0135222 0.0000000 0.0000000 0.0000000 0.0000000 0.0000000 0.0000000 0.0340272 0.0521096 0.0059443 0.0000000 0.0000000 0.0567606 0.2734849
 68 V  68 0.0000000 0.0000000 0.0000000 0.0000000 0.0000000 0.0000000 0.0000000 0.0000000 0.0000000 0.0245383 0.0700137 0.0000000 0.0000000 0.0259428 0.0172741 0.0000000 0.0000000 0.0000000 0.0000000 0.5965539 0.2656772
 69 P  69 0.0000000 0.0000000 0.0000000 0.0000000 0.0000000 0.0246870 0.0000000 0.0000000 0.0000000 0.0000000 0.0195354 0.0000000 0.0000000 0.0000000 0.5456067 0.1444937 0.0000000 0.0000000 0.0000000 0.0000000 0.2656772
 70 T  70 0.3092053 0.0000000 0.0171684 0.0000000 0.0000000 0.0000000 0.0000000 0.0079167 0.0000000 0.0000000 0.0000000 0.0000000 0.0000000 0.0000000 0.0581141 0.0880908 0.2469417 0.0000000 0.0000000 0.0068858 0.2656772
 71 D  71 0.0280565 0.0000000 0.0427803 0.5273765 0.0000000 0.0000000 0.0000000 0.0260909 0.0000000 0.0061650 0.0000000 0.0000000 0.0000000 0.0237105 0.0000000 0.0524072 0.0113112 0.0000000 0.0000000 0.0149073 0.2671945
 72 H  72 0.0278972 0.0000000 0.0000000 0.1268152 0.0000000 0.0000000 0.0000000 0.0000000 0.5418390 0.0000000 0.0058034 0.0000000 0.0000000 0.0000000 0.0000000 0.0000000 0.0112470 0.0000000 0.0072810 0.0134400 0.2656772
 73 G  73 0.0000000 0.0127402 0.0000000 0.0000000 0.0000000 0.0259428 0.0800068 0.6156331 0.0000000 0.0000000 0.0000000 0.0000000 0.0000000 0.0000000 0.0000000 0.0000000 0.0000000 0.0000000 0.0000000 0.0000000 0.2656772
 74 A  74 0.5448698 0.0000000 0.0000000 0.0000000 0.0000000 0.0000000 0.0068858 0.0000000 0.0000000 0.0000000 0.0000000 0.0000000 0.0000000 0.0134400 0.0000000 0.1508842 0.0000000 0.0000000 0.0000000 0.0000000 0.2839202
 75 H  75 0.0000000 0.0000000 0.0283660 0.0780524 0.0000000 0.0000000 0.0000000 0.0000000 0.6096614 0.0000000 0.0000000 0.0000000 0.0000000 0.0000000 0.0000000 0.0000000 0.0000000 0.0000000 0.0000000 0.0000000 0.2839202
 76 L  76 0.0000000 0.0000000 0.0000000 0.0000000 0.0000000 0.0000000 0.0000000 0.0000000 0.0000000 0.0259428 0.6901370 0.0000000 0.0000000 0.0000000 0.0000000 0.0000000 0.0000000 0.0000000 0.0000000 0.0000000 0.2839202
 77 S  77 0.0000000 0.0000000 0.0000000 0.0000000 0.0000000 0.0000000 0.0000000 0.0000000 0.0000000 0.0000000 0.0000000 0.0000000 0.0000000 0.0000000 0.1059495 0.6024548 0.0000000 0.0000000 0.0076754 0.0000000 0.2839202
 78 L  78 0.0000000 0.0000000 0.0000000 0.0000000 0.0000000 0.0000000 0.0000000 0.0000000 0.0000000 0.0000000 0.6729686 0.0000000 0.0000000 0.0171684 0.0000000 0.0000000 0.0000000 0.0000000 0.0000000 0.0259428 0.2839202
 79 R  79 0.0000000 0.5708902 0.0000000 0.0000000 0.0000000 0.0000000 0.0000000 0.1059495 0.0171684 0.0000000 0.0000000 0.0000000 0.0000000 0.0000000 0.0220716 0.0000000 0.0000000 0.0000000 0.0000000 0.0000000 0.2839202
 80 G  80 0.0000000 0.1059495 0.0000000 0.0000000 0.0171684 0.0000000 0.0000000 0.5929619 0.0000000 0.0000000 0.0000000 0.0000000 0.0000000 0.0000000 0.0000000 0.0000000 0.0000000 0.0000000 0.0000000 0.0000000 0.2839202
 81 L  81 0.0000000 0.0000000 0.0000000 0.0000000 0.0000000 0.0000000 0.0000000 0.0000000 0.0000000 0.0000000 0.7023478 0.0000000 0.0000000 0.0137320 0.0000000 0.0000000 0.0000000 0.0000000 0.0000000 0.0000000 0.2839202
 82 P  82 0.0088922 0.0000000 0.0000000 0.0000000 0.0000000 0.0000000 0.0000000 0.0000000 0.0000000 0.0000000 0.0000000 0.0000000 0.0000000 0.0000000 0.7071875 0.0000000 0.0000000 0.0000000 0.0000000 0.0000000 0.2839202
 83 V  83 0.1147622 0.0000000 0.0000000 0.0000000 0.0088922 0.0000000 0.0000000 0.0000000 0.0000000 0.0061332 0.0000000 0.0000000 0.0000000 0.0000000 0.0000000 0.0235759 0.0000000 0.0000000 0.0000000 0.5627163 0.2839202
 84 S  84 0.0000000 0.0000000 0.0000000 0.0000000 0.6333931 0.0000000 0.0000000 0.0000000 0.0000000 0.0000000 0.0000000 0.0000000 0.0000000 0.0000000 0.0000000 0.0691644 0.0000000 0.0135222 0.0000000 0.0000000 0.2839202
 85 A  85 0.4965510 0.0000000 0.0000000 0.0000000 0.0000000 0.0000000 0.0000000 0.0249654 0.0000000 0.0000000 0.0000000 0.0000000 0.0000000 0.1059495 0.0000000 0.0815748 0.0070391 0.0000000 0.0000000 0.0000000 0.2839202
 86 F  86 0.0800068 0.0000000 0.0000000 0.0000000 0.0000000 0.0000000 0.0000000 0.0000000 0.0000000 0.0000000 0.0230744 0.0000000 0.0000000 0.5870558 0.0000000 0.0000000 0.0000000 0.0000000 0.0259428 0.0000000 0.2839202
 87 S  87 0.0000000 0.0000000 0.0000000 0.0000000 0.0000000 0.0000000 0.0000000 0.0000000 0.0000000 0.0000000 0.0000000 0.0000000 0.0000000 0.0000000 0.0060365 0.6986001 0.0114432 0.0000000 0.0000000 0.0000000 0.2839202
 88 S  88 0.0521096 0.0000000 0.0000000 0.0000000 0.0250522 0.0000000 0.0000000 0.0000000 0.0000000 0.0000000 0.0000000 0.0000000 0.0000000 0.0000000 0.0340304 0.6048876 0.0000000 0.0000000 0.0000000 0.0000000 0.2839202
 89 A  89 0.6013258 0.0000000 0.0000000 0.0171684 0.0000000 0.0000000 0.0000000 0.0135222 0.0000000 0.0000000 0.0000000 0.0000000 0.0000000 0.0000000 0.0000000 0.0800068 0.0000000 0.0000000 0.0000000 0.0000000 0.2879769
 90 G  90 0.0088922 0.0000000 0.0000000 0.0066902 0.0000000 0.0000000 0.0000000 0.6944989 0.0000000 0.0000000 0.0000000 0.0000000 0.0000000 0.0000000 0.0000000 0.0000000 0.0000000 0.0000000 0.0000000 0.0059984 0.2839202
 91 P  91 0.0000000 0.0000000 0.0000000 0.0000000 0.0000000 0.0000000 0.0000000 0.0000000 0.0000000 0.0000000 0.0085494 0.0000000 0.0000000 0.0000000 0.6903223 0.0172081 0.0000000 0.0000000 0.0000000 0.0000000 0.2839202
 92 S  92 0.0000000 0.0000000 0.0000000 0.0000000 0.6162713 0.0000000 0.0000000 0.0135222 0.0000000 0.0000000 0.0000000 0.0000000 0.0000000 0.0000000 0.0000000 0.0691644 0.0000000 0.0114432 0.0000000 0.0000000 0.2895989
 93 A  93 0.5954117 0.0000000 0.0000000 0.0000000 0.1059495 0.0000000 0.0000000 0.0249654 0.0000000 0.0000000 0.0000000 0.0000000 0.0000000 0.0000000 0.0000000 0.0000000 0.0000000 0.0000000 0.0000000 0.0000000 0.2736734
 94 L  94 0.0083159 0.0000000 0.0000000 0.0000000 0.0000000 0.0000000 0.0000000 0.0000000 0.0000000 0.0000000 0.7180107 0.0000000 0.0000000 0.0000000 0.0000000 0.0000000 0.0000000 0.0000000 0.0000000 0.0000000 0.2736734
 95 R  95 0.0000000 0.5959780 0.0000000 0.0000000 0.0000000 0.0000000 0.0000000 0.0538400 0.0000000 0.0000000 0.0083159 0.0000000 0.0000000 0.0000000 0.0114432 0.0000000 0.0000000 0.0000000 0.0000000 0.0521096 0.2783134
 96 F  96 0.0000000 0.0000000 0.0000000 0.0000000 0.0000000 0.0000000 0.0000000 0.0000000 0.0000000 0.0000000 0.0000000 0.0000000 0.0000000 0.6943628 0.0000000 0.0000000 0.0000000 0.0000000 0.0000000 0.0273238 0.2783134
 97 T  97 0.0000000 0.0000000 0.0000000 0.0000000 0.0000000 0.0000000 0.0000000 0.0000000 0.0000000 0.0000000 0.0000000 0.0000000 0.0000000 0.0000000 0.0137320 0.0000000 0.7079546 0.0000000 0.0000000 0.0000000 0.2783134
 98 S  98 0.0000000 0.0000000 0.0000000 0.0000000 0.1059495 0.0000000 0.0000000 0.0000000 0.0000000 0.0000000 0.0000000 0.0000000 0.0000000 0.0000000 0.0000000 0.6157370 0.0000000 0.0000000 0.0000000 0.0000000 0.2783134
 99 A  99 0.7081643 0.0000000 0.0000000 0.0000000 0.0000000 0.0000000 0.0000000 0.0135222 0.0000000 0.0000000 0.0000000 0.0000000 0.0000000 0.0000000 0.0000000 0.0000000 0.0000000 0.0000000 0.0000000 0.0000000 0.2783134
100 R 100 0.0000000 0.6707725 0.0000000 0.0000000 0.0076874 0.0000000 0.0278972 0.0000000 0.0000000 0.0000000 0.0000000 0.0000000 0.0000000 0.0000000 0.0000000 0.0096509 0.0000000 0.0000000 0.0000000 0.0000000 0.2839921
101 R 101 0.0278972 0.4124297 0.0096509 0.0000000 0.1353905 0.0000000 0.0000000 0.0000000 0.0135222 0.0000000 0.0114432 0.0000000 0.0000000 0.0000000 0.0000000 0.0051718 0.0780524 0.0000000 0.0224501 0.0000000 0.2839921
102 M 102 0.0000000 0.0000000 0.0000000 0.0000000 0.0000000 0.0000000 0.0000000 0.0000000 0.0000000 0.0000000 0.0000000 0.0000000 0.7442821 0.0000000 0.0000000 0.0000000 0.0000000 0.0000000 0.0000000 0.0000000 0.2557179
103 E 103 0.0286115 0.0000000 0.0000000 0.0780524 0.0000000 0.0000000 0.5994097 0.0000000 0.0000000 0.0000000 0.0000000 0.0103114 0.0000000 0.0000000 0.0000000 0.0000000 0.0000000 0.0000000 0.0000000 0.0278972 0.2557179
104 T 104 0.0000000 0.0000000 0.0000000 0.0000000 0.0000000 0.0000000 0.0000000 0.0000000 0.0000000 0.0000000 0.0000000 0.0000000 0.0000000 0.0000000 0.0114432 0.1059495 0.6268894 0.0000000 0.0000000 0.0000000 0.2557179
105 T 105 0.0224501 0.0000000 0.0000000 0.0000000 0.0000000 0.0000000 0.0000000 0.0000000 0.0000000 0.0079167 0.0000000 0.0000000 0.0000000 0.0000000 0.0505205 0.0000000 0.6678899 0.0000000 0.0000000 0.0000000 0.2512227
106 V 106 0.0000000 0.0000000 0.0000000 0.0000000 0.0000000 0.0000000 0.0000000 0.0000000 0.0000000 0.0000000 0.0102673 0.0000000 0.0636764 0.0000000 0.0000000 0.0000000 0.0000000 0.0000000 0.0000000 0.6859387 0.2401177
107 N 107 0.0000000 0.0000000 0.7419276 0.0000000 0.0000000 0.0000000 0.0000000 0.0000000 0.0000000 0.0000000 0.0000000 0.0000000 0.0000000 0.0000000 0.0000000 0.0179547 0.0000000 0.0000000 0.0000000 0.0000000 0.2401177
108 A 108 0.5659944 0.0000000 0.0000000 0.0171684 0.0000000 0.0000000 0.0000000 0.0000000 0.0102468 0.0000000 0.0000000 0.0000000 0.0000000 0.1059495 0.0102673 0.0319226 0.0183333 0.0000000 0.0000000 0.0000000 0.2401177
109 H 109 0.0000000 0.0357177 0.0000000 0.0055171 0.0073700 0.0135222 0.0000000 0.0000000 0.4242596 0.0000000 0.0102468 0.0000000 0.0000000 0.0000000 0.1240767 0.0122033 0.0000000 0.0000000 0.0096509 0.1295254 0.2279104
110 Q 110 0.0000000 0.1531588 0.0000000 0.0000000 0.0000000 0.3610868 0.0000000 0.0060365 0.0265810 0.0000000 0.0206261 0.0045107 0.0061300 0.0000000 0.0000000 0.0623564 0.0278972 0.0592526 0.0000000 0.0000000 0.2723639
111 I 111 0.0000000 0.0000000 0.1015711 0.0000000 0.0000000 0.0000000 0.0000000 0.0102673 0.0122033 0.1532049 0.0079167 0.0000000 0.0283108 0.0352752 0.0000000 0.1409988 0.0000000 0.0610297 0.0000000 0.1604237 0.2887986
112 L 112 0.0000000 0.0000000 0.0000000 0.0000000 0.0000000 0.0000000 0.0000000 0.0000000 0.0610297 0.0000000 0.6290667 0.0000000 0.0000000 0.0000000 0.0000000 0.0185627 0.0000000 0.0000000 0.0000000 0.0000000 0.2913409
113 P 113 0.0906363 0.0171684 0.0000000 0.0000000 0.0000000 0.0000000 0.0000000 0.0000000 0.0000000 0.0000000 0.0136368 0.0000000 0.0000000 0.0000000 0.5776566 0.0161600 0.0000000 0.0000000 0.0000000 0.0000000 0.2847419
114 K 114 0.0000000 0.0313704 0.0000000 0.0000000 0.0000000 0.0000000 0.0000000 0.0000000 0.0000000 0.0000000 0.0000000 0.5741277 0.0096509 0.0000000 0.0000000 0.0000000 0.1169458 0.0000000 0.0000000 0.0000000 0.2679053
115 V 115 0.0220992 0.0000000 0.0000000 0.0161600 0.0235759 0.0122033 0.0000000 0.0079167 0.0000000 0.0099419 0.0171684 0.0000000 0.0000000 0.0000000 0.0259428 0.0000000 0.0088126 0.0000000 0.0000000 0.5621891 0.2939901
116 L 116 0.0000000 0.0000000 0.0000000 0.0000000 0.0000000 0.0000000 0.0000000 0.0000000 0.0000000 0.0000000 0.6519613 0.0000000 0.0000000 0.0204966 0.0000000 0.0000000 0.0000000 0.0449199 0.0000000 0.0076092 0.2750131
117 H 117 0.0000000 0.0493867 0.0000000 0.0000000 0.0000000 0.0111050 0.0000000 0.0000000 0.5832249 0.0102293 0.0000000 0.0000000 0.0000000 0.0000000 0.0000000 0.0000000 0.0000000 0.0000000 0.0710410 0.0000000 0.2750131
118 K 118 0.0000000 0.0263177 0.0318482 0.0000000 0.0000000 0.0000000 0.0000000 0.0000000 0.0000000 0.0000000 0.0000000 0.6609389 0.0000000 0.0000000 0.0000000 0.0127152 0.0161600 0.0000000 0.0000000 0.0000000 0.2520200
119 R 119 0.0000000 0.7165294 0.0000000 0.0000000 0.0000000 0.0000000 0.0000000 0.0332224 0.0000000 0.0000000 0.0000000 0.0103114 0.0161600 0.0000000 0.0000000 0.0000000 0.0000000 0.0083467 0.0000000 0.0000000 0.2154301
120 T 120 0.0171684 0.0000000 0.0000000 0.0000000 0.0000000 0.1059495 0.0000000 0.0000000 0.0000000 0.0000000 0.0332224 0.0000000 0.0000000 0.0090020 0.0000000 0.0000000 0.6419677 0.0000000 0.0000000 0.0000000 0.1926900
121 L 121 0.0000000 0.0000000 0.0000000 0.0000000 0.0000000 0.0000000 0.0000000 0.0000000 0.0000000 0.0140330 0.7504243 0.0000000 0.0000000 0.0250909 0.0065990 0.0000000 0.0000000 0.0000000 0.0000000 0.0282734 0.1755794
122 G 122 0.0000000 0.0065990 0.0000000 0.0332224 0.0000000 0.0000000 0.0161600 0.7682997 0.0000000 0.0000000 0.0000000 0.0000000 0.0000000 0.0000000 0.0000000 0.0000000 0.0000000 0.0000000 0.0000000 0.0000000 0.1757189
123 L 123 0.0000000 0.0000000 0.0000000 0.0000000 0.0000000 0.0000000 0.0000000 0.0000000 0.0000000 0.0000000 0.6709010 0.0000000 0.1059495 0.0127152 0.0000000 0.0205072 0.0000000 0.0000000 0.0000000 0.0076092 0.1823179
124 S 124 0.0000000 0.0235759 0.0000000 0.0000000 0.0088126 0.0229931 0.0000000 0.0000000 0.0000000 0.0000000 0.0241212 0.0000000 0.0000000 0.0253309 0.1520859 0.5528726 0.0000000 0.0000000 0.0000000 0.0000000 0.1902077
125 A 125 0.4475643 0.0000000 0.0088126 0.0070391 0.0000000 0.0205072 0.0127152 0.1050685 0.0000000 0.0000000 0.0000000 0.0000000 0.0000000 0.0000000 0.0058049 0.0076092 0.0723157 0.0000000 0.0000000 0.0587921 0.2537712
126 M 126 0.0235759 0.0584218 0.0000000 0.0000000 0.0390019 0.0058049 0.0000000 0.0127152 0.0000000 0.0282734 0.0281888 0.0000000 0.5320067 0.0000000 0.0000000 0.0000000 0.0000000 0.0313827 0.0000000 0.0000000 0.2406287
127 S 127 0.0000000 0.0000000 0.0000000 0.0000000 0.0000000 0.0776599 0.0000000 0.0000000 0.0000000 0.0000000 0.0000000 0.0000000 0.0000000 0.0000000 0.0289946 0.7251593 0.0000000 0.0000000 0.0000000 0.0000000 0.1681863
128 T 128 0.0111050 0.0448124 0.0000000 0.0000000 0.0000000 0.0000000 0.0000000 0.0000000 0.0000000 0.0102320 0.0000000 0.1059495 0.0763875 0.0000000 0.0235759 0.0127152 0.5858237 0.0000000 0.0000000 0.0000000 0.1293987
129 T 129 0.0171684 0.0000000 0.0000000 0.1059495 0.0000000 0.0000000 0.0000000 0.0000000 0.0000000 0.0104953 0.0000000 0.0000000 0.0000000 0.0078988 0.1075762 0.0353263 0.5974737 0.0000000 0.0000000 0.0000000 0.1181119
130 D 130 0.0070391 0.0048642 0.0142988 0.5209010 0.0000000 0.0000000 0.0052422 0.0474032 0.0000000 0.0000000 0.0800068 0.0139898 0.0000000 0.0259428 0.0000000 0.0000000 0.0465698 0.0956094 0.0000000 0.0314747 0.1066584
131 L 131 0.0000000 0.0000000 0.0000000 0.0000000 0.0000000 0.0000000 0.0000000 0.0000000 0.0090020 0.1447859 0.5525393 0.0000000 0.0235759 0.0000000 0.0078076 0.0223661 0.0000000 0.1059495 0.0000000 0.0224501 0.1115236
132 E 132 0.0000000 0.0374175 0.0000000 0.0076092 0.0000000 0.0137320 0.7032686 0.0091522 0.0000000 0.0000000 0.0000000 0.0210620 0.0000000 0.0000000 0.0000000 0.0000000 0.1059495 0.0000000 0.0000000 0.0000000 0.1018089
133 A 133 0.5467024 0.0000000 0.0127152 0.0150599 0.0000000 0.0335178 0.0851881 0.0114432 0.0271882 0.0000000 0.0102293 0.0178310 0.0000000 0.0000000 0.0891590 0.0000000 0.0435488 0.0000000 0.0000000 0.0000000 0.1074172
134 Y 134 0.0000000 0.0000000 0.0000000 0.0000000 0.0000000 0.0000000 0.0000000 0.0000000 0.0066897 0.0000000 0.0000000 0.0000000 0.0000000 0.0000000 0.0000000 0.0000000 0.0592850 0.0000000 0.8266082 0.0000000 0.1074172
135 F 135 0.0000000 0.0000000 0.0000000 0.0000000 0.0000000 0.0000000 0.0000000 0.0000000 0.0000000 0.1983190 0.0150860 0.0000000 0.0000000 0.5987349 0.0000000 0.0592850 0.0000000 0.0000000 0.0000000 0.0278972 0.1006779
136 K 136 0.0000000 0.0728170 0.0076774 0.0000000 0.0000000 0.0204712 0.0000000 0.0000000 0.0000000 0.0000000 0.0000000 0.8029964 0.0000000 0.0000000 0.0000000 0.0000000 0.0000000 0.0000000 0.0000000 0.0000000 0.0960379
137 D 137 0.0000000 0.0000000 0.0280640 0.7899916 0.0000000 0.0000000 0.0111714 0.0000000 0.0000000 0.0000000 0.0000000 0.0000000 0.0077233 0.0000000 0.0000000 0.0000000 0.0596396 0.0000000 0.0000000 0.0000000 0.1034101
138 S 138 0.0000000 0.0339531 0.0000000 0.0000000 0.6052553 0.1136270 0.0000000 0.0111050 0.0000000 0.0000000 0.0000000 0.0000000 0.0000000 0.0000000 0.0000000 0.0747921 0.0000000 0.0000000 0.0000000 0.0592850 0.1019825
139 L 139 0.0000000 0.0000000 0.0000000 0.0000000 0.0362919 0.0000000 0.0000000 0.0000000 0.0000000 0.0000000 0.4000799 0.0000000 0.0000000 0.0000000 0.0000000 0.0000000 0.0000000 0.0136368 0.0229931 0.4309604 0.0960379
140 F 140 0.0000000 0.0000000 0.0000000 0.0000000 0.0000000 0.0000000 0.0000000 0.0000000 0.0000000 0.0000000 0.1755019 0.0000000 0.0000000 0.7461567 0.0000000 0.0000000 0.0000000 0.0000000 0.0000000 0.0000000 0.0783414
141 K 141 0.0414272 0.0456308 0.0109887 0.0000000 0.0000000 0.0000000 0.0235759 0.0000000 0.0000000 0.0000000 0.0000000 0.5864365 0.0093424 0.0000000 0.0000000 0.0067393 0.1769466 0.0000000 0.0136368 0.0000000 0.0852758
142 D 142 0.0079460 0.0000000 0.0121127 0.5815619 0.0000000 0.0237169 0.1141472 0.0111714 0.0000000 0.0000000 0.0260979 0.0645319 0.0000000 0.0000000 0.0000000 0.0196888 0.0502795 0.0000000 0.0078543 0.0000000 0.0808914
143 W 143 0.0113552 0.0083467 0.0000000 0.0000000 0.0000000 0.0000000 0.0000000 0.0601608 0.0000000 0.0000000 0.0000000 0.0000000 0.0000000 0.0000000 0.0000000 0.0000000 0.0000000 0.8238683 0.0000000 0.0000000 0.0962690
144 E 144 0.0000000 0.0568634 0.0000000 0.0000000 0.0000000 0.0113552 0.8002903 0.0058105 0.0000000 0.0000000 0.0000000 0.0067575 0.0000000 0.0000000 0.0000000 0.0000000 0.0000000 0.0000000 0.0000000 0.0000000 0.1189231
145 E 145 0.0000000 0.0000000 0.0091522 0.0113707 0.0000000 0.0000000 0.8079661 0.0000000 0.0000000 0.0000000 0.0000000 0.0000000 0.0000000 0.0000000 0.0000000 0.0399035 0.0000000 0.0000000 0.0000000 0.0067393 0.1248682
146 L 146 0.0000000 0.0000000 0.0000000 0.0000000 0.0000000 0.0235759 0.0000000 0.0900911 0.0000000 0.0000000 0.6584520 0.0000000 0.0000000 0.0058034 0.0000000 0.0327616 0.0000000 0.0682441 0.0000000 0.0113552 0.1097167
147 G 147 0.0000000 0.0000000 0.0000000 0.0000000 0.0000000 0.0000000 0.0055092 0.7959504 0.0000000 0.0259428 0.0000000 0.0000000 0.0000000 0.0000000 0.0000000 0.0362511 0.0278972 0.0000000 0.0000000 0.0000000 0.1084492
148 E 148 0.0145296 0.0363405 0.0224501 0.0000000 0.0000000 0.0000000 0.7602401 0.0000000 0.0000000 0.0900911 0.0000000 0.0057309 0.0000000 0.0000000 0.0000000 0.0000000 0.0000000 0.0000000 0.0000000 0.0000000 0.0706177
149 E 149 0.0000000 0.0363405 0.0000000 0.1026236 0.0000000 0.0000000 0.7893320 0.0000000 0.0000000 0.0000000 0.0000000 0.0078988 0.0000000 0.0000000 0.0000000 0.0000000 0.0000000 0.0000000 0.0000000 0.0000000 0.0638051
150 I 150 0.0000000 0.0000000 0.0321600 0.0000000 0.0000000 0.0000000 0.0000000 0.0135386 0.0066897 0.4767767 0.0404839 0.0000000 0.0059927 0.0078988 0.0857698 0.0654295 0.1291899 0.0000000 0.0000000 0.0442400 0.0918303
151 R 151 0.0000000 0.8406516 0.0000000 0.0000000 0.0000000 0.0000000 0.0000000 0.0000000 0.0000000 0.0000000 0.0000000 0.0080703 0.0000000 0.0000000 0.0000000 0.0221658 0.0000000 0.0187251 0.0000000 0.0000000 0.1103872
152 L 152 0.0000000 0.0000000 0.0000000 0.0000000 0.0000000 0.0000000 0.0000000 0.0000000 0.0000000 0.0067575 0.8651415 0.0000000 0.0000000 0.0069248 0.0000000 0.0000000 0.0000000 0.0000000 0.0000000 0.0102673 0.1109090
153 K 153 0.0000000 0.0000000 0.0000000 0.0000000 0.0000000 0.0136368 0.0061522 0.0000000 0.0000000 0.0000000 0.0169688 0.4636395 0.2468976 0.0000000 0.0278972 0.0481056 0.0000000 0.0000000 0.0000000 0.0000000 0.1767023
154 V 154 0.0000000 0.0000000 0.0000000 0.0000000 0.0000000 0.0000000 0.0136368 0.0000000 0.0000000 0.2527049 0.0599922 0.0000000 0.0113552 0.0000000 0.0000000 0.0000000 0.0414272 0.0000000 0.0000000 0.4481814 0.1727024
155 F 155 0.0000000 0.0000000 0.0000000 0.0000000 0.0000000 0.0000000 0.0000000 0.0000000 0.0000000 0.0096509 0.0087711 0.0000000 0.0000000 0.8155753 0.0000000 0.0000000 0.0000000 0.0000000 0.0253389 0.0000000 0.1406638
156 V 156 0.0000000 0.0000000 0.0000000 0.0000000 0.0000000 0.0000000 0.0000000 0.0000000 0.0000000 0.0090020 0.0087711 0.0000000 0.0000000 0.0000000 0.0000000 0.0000000 0.0000000 0.0000000 0.0000000 0.8438076 0.1384193
157 L 157 0.0000000 0.0111050 0.0000000 0.0000000 0.0000000 0.0000000 0.0000000 0.0000000 0.0000000 0.0000000 0.8461658 0.0000000 0.0000000 0.0090020 0.0000000 0.0000000 0.0000000 0.0000000 0.0000000 0.0172088 0.1165183
158 G 158 0.0000000 0.0538907 0.0000000 0.0000000 0.0000000 0.0000000 0.0136368 0.8159542 0.0000000 0.0000000 0.0000000 0.0000000 0.0000000 0.0000000 0.0000000 0.0000000 0.0000000 0.0000000 0.0000000 0.0000000 0.1165183
159 G 159 0.0113552 0.0118544 0.0000000 0.0000000 0.0000000 0.0000000 0.0000000 0.8658802 0.0000000 0.0000000 0.0000000 0.0000000 0.0000000 0.0000000 0.0000000 0.0000000 0.0000000 0.0000000 0.0000000 0.0000000 0.1109102
160 S 160 0.0000000 0.0000000 0.0000000 0.0000000 0.7789562 0.0000000 0.0000000 0.0177932 0.0000000 0.0000000 0.0000000 0.0000000 0.0000000 0.0000000 0.0000000 0.0691644 0.0000000 0.0118544 0.0000000 0.0000000 0.1222318
161 R 161 0.0000000 0.8406895 0.0000000 0.0000000 0.0000000 0.0000000 0.0000000 0.0056277 0.0000000 0.0000000 0.0000000 0.0150599 0.0000000 0.0000000 0.0000000 0.0000000 0.0161600 0.0000000 0.0000000 0.0000000 0.1224629
162 H 162 0.0000000 0.0000000 0.0000000 0.0221658 0.0000000 0.0000000 0.0000000 0.0000000 0.8588538 0.0000000 0.0000000 0.0000000 0.0000000 0.0000000 0.0080703 0.0000000 0.0000000 0.0000000 0.0000000 0.0000000 0.1109102
163 K 163 0.0000000 0.0000000 0.0000000 0.0000000 0.0000000 0.0000000 0.0000000 0.0000000 0.0000000 0.0000000 0.0000000 0.8729298 0.0000000 0.0000000 0.0000000 0.0000000 0.0161600 0.0000000 0.0000000 0.0000000 0.1109102
164 L 164 0.0000000 0.0000000 0.0000000 0.0000000 0.0362511 0.0000000 0.0000000 0.0111050 0.0000000 0.0000000 0.7628348 0.0000000 0.0076754 0.0000000 0.0000000 0.0000000 0.0000000 0.0000000 0.0538400 0.0000000 0.1282937
165 V 165 0.0000000 0.0000000 0.0000000 0.0000000 0.0000000 0.0000000 0.0000000 0.0134400 0.0000000 0.0000000 0.0161600 0.0000000 0.0900911 0.0000000 0.0000000 0.0000000 0.0000000 0.0000000 0.0000000 0.7693988 0.1109102
166 S 166 0.0000000 0.0629429 0.0000000 0.0000000 0.6488247 0.0000000 0.0000000 0.0235759 0.0000000 0.0000000 0.0000000 0.0000000 0.0000000 0.0161600 0.0000000 0.0791063 0.0000000 0.0000000 0.0000000 0.0000000 0.1693902
167 A 167 0.3722628 0.0000000 0.0000000 0.0000000 0.0000000 0.0000000 0.0000000 0.0099419 0.0000000 0.0000000 0.0189771 0.0000000 0.0000000 0.0000000 0.0195419 0.3617552 0.0308569 0.0000000 0.0000000 0.0000000 0.1866642
168 P 168 0.0235759 0.0000000 0.0000000 0.0000000 0.0000000 0.0064780 0.0000000 0.0000000 0.0000000 0.0000000 0.0000000 0.0099419 0.0000000 0.0000000 0.7691889 0.0000000 0.0000000 0.0000000 0.0000000 0.0000000 0.1908153
169 A 169 0.6297307 0.0000000 0.0000000 0.0000000 0.0000000 0.0000000 0.0054187 0.0000000 0.0064780 0.0000000 0.0099419 0.0000000 0.0000000 0.0000000 0.0076874 0.1129631 0.0118544 0.0000000 0.0000000 0.0061332 0.2097924
170 P 170 0.0000000 0.0000000 0.0000000 0.0000000 0.0000000 0.0000000 0.0099419 0.0000000 0.0450159 0.0000000 0.0000000 0.0000000 0.0000000 0.0000000 0.6615833 0.0621222 0.0000000 0.0000000 0.0000000 0.0000000 0.2213366
171 S 171 0.0450159 0.0000000 0.0000000 0.0000000 0.6132459 0.0000000 0.0000000 0.0000000 0.0000000 0.0000000 0.0099419 0.0000000 0.0122033 0.0124605 0.0000000 0.0691644 0.0000000 0.0118544 0.0000000 0.0000000 0.2261137
172 N 172 0.0000000 0.0000000 0.6225508 0.0000000 0.0000000 0.0122033 0.0000000 0.0000000 0.0155347 0.0314747 0.0000000 0.0134159 0.0000000 0.0099419 0.0000000 0.0000000 0.0498653 0.0000000 0.0065681 0.0000000 0.2384452
173 F 173 0.0000000 0.0000000 0.0000000 0.0000000 0.0000000 0.0000000 0.0000000 0.0000000 0.0000000 0.0000000 0.0122033 0.0000000 0.0000000 0.7658341 0.0000000 0.0000000 0.0000000 0.0000000 0.0000000 0.0000000 0.2219626
174 F 174 0.0000000 0.0000000 0.0000000 0.0000000 0.0000000 0.0000000 0.0000000 0.0000000 0.0000000 0.0000000 0.0443427 0.0000000 0.0000000 0.6934559 0.0000000 0.0000000 0.0000000 0.0000000 0.0000000 0.0000000 0.2622014
175 T 175 0.0000000 0.0000000 0.0161600 0.0000000 0.0000000 0.0000000 0.0000000 0.0000000 0.0000000 0.0000000 0.0000000 0.0180895 0.0000000 0.0000000 0.0102468 0.0000000 0.6720839 0.0000000 0.0000000 0.0000000 0.2834198
176 S 176 0.0000000 0.0000000 0.0000000 0.0000000 0.0000000 0.0000000 0.0000000 0.0000000 0.0000000 0.0000000 0.0000000 0.0000000 0.0000000 0.0120461 0.0000000 0.6992787 0.0059984 0.0000000 0.0000000 0.0000000 0.2826768
177 A 177 0.6770308 0.0000000 0.0000000 0.0000000 0.0000000 0.0000000 0.0000000 0.0000000 0.0000000 0.0000000 0.0000000 0.0000000 0.0000000 0.0000000 0.0000000 0.0118544 0.0000000 0.0000000 0.0000000 0.0000000 0.3111147
