  127         A         R         N         D         C         Q         E         G         H         I         L         K         M         F         P         S         T         W         Y         V         X    
  1 M   1 0.0000000 0.0000000 0.0000000 0.0000000 0.0000000 0.0000000 0.0000000 0.0000000 0.0000000 0.0000000 0.0000000 0.0000000 0.1361385 0.0000000 0.0000000 0.0000000 0.0000000 0.0000000 0.0000000 0.0000000 0.8638615
  2 D   2 0.0177468 0.0000000 0.0000000 0.5247048 0.0000000 0.0000000 0.0355245 0.0000000 0.0000000 0.0000000 0.0000000 0.0000000 0.0000000 0.0000000 0.0000000 0.0044199 0.0000000 0.0000000 0.0000000 0.0000000 0.4176041
  3 P   3 0.0959945 0.0123761 0.0000000 0.1469935 0.0000000 0.0000000 0.1346569 0.0150452 0.0000000 0.0000000 0.0000000 0.0028435 0.0000000 0.0000000 0.1388735 0.0756473 0.0000000 0.0000000 0.0000000 0.0000000 0.3775697
  4 E   4 0.0056124 0.0241594 0.0000000 0.1085150 0.0000000 0.0000000 0.4900981 0.0043492 0.0000000 0.0000000 0.0000000 0.0049254 0.0000000 0.0000000 0.0000000 0.0000000 0.0050785 0.0000000 0.0000000 0.0000000 0.3572619
  5 L   5 0.0000000 0.0000000 0.0000000 0.0000000 0.0000000 0.0000000 0.0000000 0.0000000 0.0000000 0.0356749 0.6068371 0.0000000 0.0000000 0.0000000 0.0000000 0.0000000 0.0000000 0.0000000 0.0000000 0.0000000 0.3574880
  6 Q   6 0.0655972 0.0032702 0.0500726 0.0593685 0.0000000 0.0989389 0.3478736 0.0000000 0.0000000 0.0000000 0.0000000 0.0050523 0.0000000 0.0000000 0.0000000 0.0121150 0.0072977 0.0000000 0.0000000 0.0000000 0.3504141
  7 A   7 0.3109638 0.0205559 0.0062116 0.0114395 0.0000000 0.0391843 0.2351567 0.0000000 0.0000000 0.0000000 0.0000000 0.0200834 0.0072977 0.0000000 0.0000000 0.0033629 0.0000000 0.0000000 0.0000000 0.0034578 0.3422864
  8 I   8 0.0000000 0.0000000 0.0000000 0.0000000 0.0000000 0.0000000 0.0000000 0.0000000 0.0000000 0.4413819 0.2219982 0.0000000 0.0000000 0.0000000 0.0000000 0.0000000 0.0000000 0.0000000 0.0000000 0.0000000 0.3366199
  9 R   9 0.0000000 0.5824095 0.0000000 0.0000000 0.0000000 0.0000000 0.0034309 0.0000000 0.0000000 0.0000000 0.0121314 0.0530435 0.0000000 0.0079016 0.0000000 0.0000000 0.0000000 0.0000000 0.0000000 0.0000000 0.3410831
 10 E  10 0.0869886 0.1853894 0.0000000 0.0000000 0.0000000 0.1553144 0.1114586 0.0000000 0.0037386 0.0000000 0.0000000 0.1154417 0.0000000 0.0000000 0.0000000 0.0095731 0.0000000 0.0000000 0.0000000 0.0000000 0.3320956
 11 A  11 0.1921517 0.1899539 0.0000000 0.0000000 0.0000000 0.1319708 0.0156919 0.0000000 0.0027487 0.0079016 0.0000000 0.1234621 0.0000000 0.0000000 0.0000000 0.0061467 0.0000000 0.0000000 0.0000000 0.0020179 0.3279546
 12 R  12 0.0000000 0.4759039 0.0000000 0.0000000 0.0000000 0.0075134 0.0000000 0.0000000 0.0000000 0.0000000 0.0039001 0.1949387 0.0000000 0.0000000 0.0000000 0.0000000 0.0000000 0.0000000 0.0000000 0.0000000 0.3177439
 13 L  13 0.0079863 0.0181704 0.0079016 0.0000000 0.0000000 0.0041450 0.0000000 0.0000000 0.0000000 0.0144377 0.4104214 0.0029538 0.2229707 0.0000000 0.0000000 0.0000000 0.0061539 0.0000000 0.0041902 0.0000000 0.3006687
 14 A  14 0.3122911 0.0134407 0.0000000 0.0000000 0.0000000 0.1081981 0.1470673 0.0034963 0.0000000 0.0061467 0.0585642 0.0000000 0.0273600 0.0000000 0.0000000 0.0202497 0.0021113 0.0000000 0.0000000 0.0046412 0.2964333
 15 Q  15 0.0197996 0.0000000 0.0000000 0.0134318 0.0000000 0.2134536 0.4400021 0.0000000 0.0000000 0.0000000 0.0000000 0.0028617 0.0036692 0.0000000 0.0000000 0.0038702 0.0000000 0.0000000 0.0000000 0.0000000 0.3029116
 16 L  16 0.0000000 0.0064529 0.0000000 0.0000000 0.0000000 0.0027470 0.0061790 0.0061785 0.0000000 0.0153759 0.5837347 0.0039790 0.0762867 0.0000000 0.0000000 0.0000000 0.0000000 0.0000000 0.0054320 0.0000000 0.2936340
 17 K  17 0.0206287 0.0270028 0.0000000 0.0000000 0.0000000 0.4354446 0.0160045 0.0050785 0.0115604 0.0023950 0.0147784 0.1383139 0.0475448 0.0000000 0.0045060 0.0165115 0.0000000 0.0000000 0.0000000 0.0000000 0.2602308
 18 N  18 0.1532810 0.1249817 0.0537182 0.0129692 0.0000000 0.1306934 0.0339229 0.0308659 0.0000000 0.0122290 0.0026691 0.0976241 0.0063304 0.0000000 0.0000000 0.0794558 0.0046978 0.0000000 0.0039790 0.0000000 0.2525827
 19 N  19 0.0383052 0.0843412 0.0481465 0.0054558 0.0041255 0.3073879 0.0358497 0.0294257 0.0077663 0.0000000 0.0000000 0.1266576 0.0119717 0.0000000 0.0043274 0.0479590 0.0114201 0.0000000 0.0032276 0.0041902 0.2294428
 20 S  20 0.0948126 0.0566667 0.0370187 0.0000000 0.0000000 0.1626507 0.0186052 0.0943502 0.0552244 0.0161226 0.0366855 0.0100945 0.0304380 0.0095092 0.0034867 0.0696998 0.0348446 0.0000000 0.0460606 0.0085456 0.2151843
 21 G  21 0.1059430 0.0119931 0.0100364 0.0196152 0.0000000 0.0634381 0.0169994 0.3391317 0.0041255 0.0125122 0.0499837 0.0199161 0.0211655 0.0000000 0.0151798 0.0430616 0.0000000 0.0000000 0.0038347 0.0000000 0.2630639
 22 G  22 0.0666444 0.0034867 0.0044600 0.0865248 0.0000000 0.1180572 0.0711759 0.2478107 0.0000000 0.0081423 0.0068225 0.0138880 0.0033537 0.0036891 0.0213900 0.0858693 0.0000000 0.0000000 0.0000000 0.0082133 0.2504721
 23 T  23 0.1383833 0.0206331 0.0568566 0.0131321 0.0000000 0.1296584 0.0271721 0.1419052 0.0000000 0.0045060 0.0000000 0.0047673 0.0076483 0.0029402 0.0752568 0.1295487 0.0519716 0.0000000 0.0000000 0.0041411 0.1914794
 24 N  24 0.0506094 0.0148709 0.0916933 0.0635721 0.0000000 0.1302681 0.0533156 0.1666396 0.0176421 0.0039194 0.0040484 0.0323752 0.0181388 0.0000000 0.0460836 0.1073042 0.0110942 0.0000000 0.0141714 0.0000000 0.1742537
 25 G  25 0.1003372 0.0361627 0.0420217 0.0596110 0.0000000 0.0789265 0.0381973 0.1053332 0.0000000 0.0246807 0.0497326 0.0318129 0.0116744 0.0048033 0.1167834 0.0910960 0.0266293 0.0000000 0.0106476 0.0165031 0.1550471
 26 D  26 0.0968824 0.0246269 0.0694130 0.1021131 0.0000000 0.1024165 0.1379155 0.0907560 0.0000000 0.0000000 0.0143024 0.0359013 0.0293876 0.0000000 0.0272752 0.1012284 0.0164885 0.0000000 0.0073081 0.0073532 0.1366320
 27 R  27 0.0912547 0.0472655 0.0780438 0.0174907 0.0000000 0.1618035 0.0876388 0.1086341 0.0000000 0.0144925 0.0063597 0.0817269 0.0130607 0.0091403 0.0385098 0.0539653 0.0189722 0.0000000 0.0028935 0.0056502 0.1630980
 28 N  28 0.0681949 0.0129010 0.0632836 0.0555455 0.0000000 0.1741905 0.1337252 0.0939478 0.0061785 0.0064083 0.0235021 0.0295466 0.0210961 0.0000000 0.0418643 0.0573005 0.0063392 0.0000000 0.0044199 0.0309641 0.1705919
 29 S  29 0.0756619 0.0197935 0.0187451 0.0237310 0.0000000 0.2100459 0.1734357 0.0774390 0.0026217 0.0080174 0.0273821 0.0918529 0.0032177 0.0027924 0.0114917 0.0729323 0.0116066 0.0000000 0.0036820 0.0031194 0.1624316
 30 G  30 0.2538684 0.0560733 0.0228147 0.0198053 0.0000000 0.1568786 0.1313793 0.0781097 0.0000000 0.0046332 0.0083809 0.0519391 0.0109854 0.0000000 0.0176539 0.0580858 0.0113925 0.0000000 0.0032462 0.0145203 0.1002332
 31 A  31 0.1375682 0.0294301 0.0157603 0.0365418 0.0000000 0.3294866 0.1081789 0.0228797 0.0043108 0.0102515 0.0261023 0.0599014 0.0307038 0.0000000 0.0168757 0.0490635 0.0041255 0.0000000 0.0024051 0.0142825 0.1021324
 32 N  32 0.0597041 0.0719068 0.0250636 0.0410503 0.0000000 0.2385089 0.2962330 0.0368364 0.0041355 0.0026611 0.0113584 0.0574948 0.0102888 0.0000000 0.0027109 0.0138455 0.0059707 0.0000000 0.0044913 0.0176367 0.1001032
 33 N  33 0.0832219 0.0466316 0.0401948 0.0543977 0.0000000 0.2122699 0.3343906 0.0097770 0.0059707 0.0000000 0.0157963 0.0543127 0.0105115 0.0000000 0.0142282 0.0202998 0.0027775 0.0000000 0.0024261 0.0027342 0.0900594
 34 G  34 0.1938581 0.1079692 0.0133837 0.0000000 0.0000000 0.2314687 0.0709559 0.0410538 0.0115637 0.0032276 0.0050976 0.1422736 0.0254272 0.0000000 0.0043761 0.0441559 0.0164697 0.0000000 0.0000000 0.0026621 0.0860570
 35 G  35 0.1059366 0.1855455 0.0172381 0.0111016 0.0000000 0.1565932 0.0458618 0.0365920 0.0000000 0.0111158 0.0072099 0.2158300 0.0669890 0.0000000 0.0068276 0.0279622 0.0031632 0.0000000 0.0000000 0.0130007 0.0890328
 36 G  36 0.1142793 0.1065216 0.0398106 0.0079552 0.0000000 0.2981362 0.1313822 0.0299175 0.0233670 0.0115370 0.0152929 0.0637856 0.0181260 0.0000000 0.0059614 0.0241830 0.0034309 0.0000000 0.0032177 0.0043274 0.0987685
 37 E  37 0.1400725 0.1549759 0.0151786 0.0235445 0.0000000 0.2514953 0.2090490 0.0108764 0.0027982 0.0189480 0.0049346 0.0424876 0.0046412 0.0000000 0.0080974 0.0103784 0.0021917 0.0000000 0.0027924 0.0057732 0.0917652
 38 N  38 0.1456257 0.0383856 0.0306898 0.0121665 0.0000000 0.1342325 0.2127033 0.0133781 0.0000000 0.0356794 0.1007603 0.0127913 0.1066563 0.0058550 0.0000000 0.0182711 0.0021917 0.0000000 0.0173041 0.0179253 0.0953840
 39 S  39 0.1353945 0.0199744 0.0397520 0.0795244 0.0000000 0.0717861 0.4512925 0.0000000 0.0000000 0.0000000 0.0290796 0.0138172 0.0030804 0.0000000 0.0000000 0.0425153 0.0282958 0.0000000 0.0000000 0.0000000 0.0854879
 40 A  40 0.2545397 0.0139299 0.0191926 0.0933097 0.0000000 0.0375436 0.4320395 0.0000000 0.0000000 0.0057571 0.0236606 0.0137834 0.0119695 0.0000000 0.0000000 0.0167832 0.0061785 0.0000000 0.0000000 0.0000000 0.0713127
 41 P  41 0.1307853 0.0948504 0.0000000 0.0000000 0.0000000 0.3188638 0.0172611 0.0042000 0.0000000 0.0142242 0.0236462 0.0352815 0.2286707 0.0034963 0.0324511 0.0075376 0.0026298 0.0000000 0.0000000 0.0214163 0.0646857
 42 V  42 0.0057682 0.4296794 0.0000000 0.0000000 0.0000000 0.0118150 0.0000000 0.0000000 0.0081549 0.0648872 0.0240821 0.3099258 0.0062792 0.0000000 0.0000000 0.0073021 0.0193294 0.0000000 0.0000000 0.0523557 0.0604213
 43 G  43 0.0402275 0.1804246 0.1740053 0.0284931 0.0000000 0.1920843 0.0877845 0.0571101 0.0423483 0.0051858 0.0049248 0.0860317 0.0040885 0.0026613 0.0000000 0.0224188 0.0080801 0.0000000 0.0000000 0.0071546 0.0569767
 44 A  44 0.2703009 0.0031146 0.0529366 0.0206835 0.0000000 0.0800771 0.0167596 0.0266198 0.0168884 0.0220190 0.0100275 0.0242853 0.0550253 0.0000000 0.0000000 0.2455738 0.0845322 0.0000000 0.0000000 0.0172896 0.0538668
 45 A  45 0.1119216 0.0000000 0.0000000 0.0057095 0.0000000 0.0000000 0.0000000 0.0062235 0.0000000 0.4310180 0.0998749 0.0000000 0.1777165 0.0000000 0.0000000 0.0104339 0.0081423 0.0000000 0.0094339 0.0922198 0.0473062
 46 I  46 0.0000000 0.0000000 0.0000000 0.0000000 0.0000000 0.0000000 0.0000000 0.0000000 0.0000000 0.0831693 0.7782076 0.0000000 0.0742471 0.0000000 0.0000000 0.0000000 0.0000000 0.0000000 0.0000000 0.0196692 0.0447068
 47 A  47 0.1959882 0.2545866 0.0646347 0.0163378 0.0000000 0.0082610 0.0088201 0.0172071 0.0113962 0.0029402 0.0061029 0.1092387 0.0225851 0.0000000 0.0000000 0.1583152 0.0522674 0.0000000 0.0215578 0.0155351 0.0342260
 48 N  48 0.0837559 0.0798996 0.0227137 0.0000000 0.0000000 0.5551390 0.0020728 0.0039194 0.0027026 0.0114227 0.0025994 0.0564297 0.0000000 0.0000000 0.0111601 0.0737578 0.0504967 0.0000000 0.0000000 0.0197539 0.0241766
 49 F  49 0.0232591 0.0000000 0.0076007 0.0000000 0.0058701 0.0000000 0.0000000 0.0000000 0.0222423 0.4883027 0.1019284 0.0000000 0.0068368 0.0815948 0.0000000 0.0000000 0.0023740 0.0000000 0.0355861 0.2055137 0.0188913
 50 L  50 0.0000000 0.0000000 0.0000000 0.0000000 0.0000000 0.0000000 0.0000000 0.0000000 0.0000000 0.0076013 0.8936884 0.0000000 0.0563385 0.0000000 0.0000000 0.0000000 0.0044913 0.0000000 0.0000000 0.0189893 0.0188913
 51 E  51 0.0180109 0.0000000 0.0106426 0.2084579 0.0000000 0.0193606 0.2101574 0.0000000 0.0225138 0.0000000 0.0357697 0.0000000 0.0021959 0.0000000 0.0000000 0.1050224 0.3460691 0.0000000 0.0000000 0.0029084 0.0188913
 52 P  52 0.0301731 0.0000000 0.0536708 0.0470598 0.0000000 0.1926005 0.0182824 0.0088782 0.0132470 0.0000000 0.0000000 0.0068111 0.0000000 0.0000000 0.4847110 0.0616900 0.0443665 0.0000000 0.0000000 0.0196182 0.0188913
 53 Q  53 0.0613560 0.0041450 0.0320147 0.1179670 0.0000000 0.0750199 0.4842011 0.0314885 0.0032818 0.0000000 0.0037386 0.0077371 0.0000000 0.0000000 0.0117581 0.1484007 0.0000000 0.0000000 0.0000000 0.0000000 0.0188913
 54 A  54 0.9529791 0.0000000 0.0000000 0.0000000 0.0000000 0.0000000 0.0000000 0.0189893 0.0000000 0.0000000 0.0000000 0.0000000 0.0000000 0.0000000 0.0000000 0.0091403 0.0000000 0.0000000 0.0000000 0.0000000 0.0188913
 55 L  55 0.0812055 0.6431404 0.0026784 0.0000000 0.0000000 0.0287527 0.0000000 0.0000000 0.0190759 0.0240597 0.0928055 0.0308638 0.0274025 0.0093611 0.0000000 0.0000000 0.0000000 0.0116432 0.0071023 0.0030176 0.0188913
 56 E  56 0.2140588 0.0000000 0.0040885 0.1034052 0.0000000 0.0489168 0.4798645 0.0061227 0.0046332 0.0000000 0.0082709 0.0261682 0.0104699 0.0000000 0.0000000 0.0578602 0.0026621 0.0000000 0.0094339 0.0113156 0.0127295
 57 R  57 0.0000000 0.9770858 0.0061619 0.0000000 0.0000000 0.0040229 0.0000000 0.0000000 0.0000000 0.0000000 0.0000000 0.0000000 0.0000000 0.0000000 0.0000000 0.0000000 0.0000000 0.0000000 0.0000000 0.0000000 0.0127295
 58 L  58 0.0000000 0.0000000 0.0000000 0.0000000 0.0000000 0.0000000 0.0000000 0.0000000 0.0000000 0.0138808 0.9286909 0.0000000 0.0071327 0.0000000 0.0000000 0.0112463 0.0000000 0.0000000 0.0000000 0.0046412 0.0344080
 59 S  59 0.1275026 0.0138544 0.2752793 0.0210804 0.0000000 0.0130980 0.0124951 0.1266190 0.0139738 0.0000000 0.0000000 0.0135286 0.0071023 0.0000000 0.0112463 0.2729879 0.0695536 0.0000000 0.0000000 0.0000000 0.0216785
 60 R  60 0.0161094 0.5134026 0.2500990 0.0072927 0.0112463 0.0000000 0.0000000 0.0000000 0.0000000 0.0000000 0.0000000 0.0000000 0.0000000 0.0000000 0.0000000 0.0386445 0.1375041 0.0000000 0.0000000 0.0000000 0.0257014
 61 V  61 0.0000000 0.0000000 0.0000000 0.0000000 0.0000000 0.0000000 0.0000000 0.0000000 0.0000000 0.4892332 0.2424374 0.0000000 0.0000000 0.0000000 0.0000000 0.0000000 0.0112463 0.0000000 0.0000000 0.2354046 0.0216785
 62 A  62 0.3103739 0.2644254 0.0028076 0.0068276 0.0131203 0.0214460 0.0226280 0.0146310 0.0000000 0.0000000 0.0000000 0.2253039 0.0134021 0.0043945 0.0000000 0.0726758 0.0062855 0.0000000 0.0000000 0.0000000 0.0216785
 63 L  63 0.0268316 0.0000000 0.0000000 0.0000000 0.0000000 0.0189893 0.0000000 0.0000000 0.0000000 0.1003951 0.5696719 0.0077056 0.1924886 0.0041355 0.0000000 0.0096063 0.0000000 0.0000000 0.0068111 0.0416865 0.0216785
 64 V  64 0.1011268 0.0112463 0.0000000 0.0000000 0.0000000 0.0000000 0.0000000 0.0330639 0.0000000 0.0104813 0.0000000 0.0000000 0.0000000 0.0000000 0.0000000 0.0835887 0.0533831 0.0000000 0.0000000 0.6854314 0.0216785
 65 R  65 0.0000000 0.2615941 0.0248361 0.0155402 0.0000000 0.0061539 0.0000000 0.0043504 0.0164080 0.0000000 0.0000000 0.6283358 0.0000000 0.0000000 0.0000000 0.0211029 0.0000000 0.0000000 0.0000000 0.0000000 0.0216785
 66 R  66 0.0312133 0.0162086 0.0322024 0.0000000 0.0000000 0.0073926 0.1039197 0.0043903 0.0000000 0.0000000 0.0000000 0.0144116 0.0000000 0.0000000 0.7522006 0.0064162 0.0048033 0.0000000 0.0000000 0.0051629 0.0216785
 67 D  67 0.0188154 0.0000000 0.0000000 0.2484547 0.0000000 0.0931889 0.5473354 0.0056894 0.0043761 0.0000000 0.0000000 0.0000000 0.0000000 0.0000000 0.0050835 0.0531820 0.0021959 0.0000000 0.0000000 0.0000000 0.0216785
 68 R  68 0.0000000 0.2897365 0.0103761 0.0000000 0.0000000 0.0061467 0.0000000 0.0000000 0.0052852 0.0197185 0.1586962 0.3478512 0.0036820 0.1016024 0.0000000 0.0000000 0.0151455 0.0000000 0.0041902 0.0158909 0.0216785
 69 A  69 0.7518072 0.0000000 0.0000000 0.0000000 0.0000000 0.0036986 0.0000000 0.0607785 0.0000000 0.0000000 0.0000000 0.0000000 0.0041355 0.0000000 0.0000000 0.0422521 0.0322570 0.0000000 0.0071023 0.0650439 0.0329249
 70 Q  70 0.0589502 0.1940759 0.0192007 0.0621667 0.0000000 0.1487794 0.1792540 0.0000000 0.0000000 0.0051115 0.0150801 0.1441374 0.0130730 0.0000000 0.0000000 0.0372909 0.0809624 0.0000000 0.0050835 0.0039094 0.0329249
 71 A  71 0.3053139 0.0327435 0.0222449 0.0837705 0.0000000 0.1858382 0.0323425 0.0405042 0.0036820 0.0156219 0.0593968 0.0310942 0.0972735 0.0000000 0.0000000 0.0355166 0.0148295 0.0000000 0.0000000 0.0069028 0.0329249
 72 V  72 0.0220686 0.0000000 0.0000000 0.0000000 0.0000000 0.0000000 0.0000000 0.0000000 0.0000000 0.2322840 0.0880184 0.0000000 0.0000000 0.0134689 0.0000000 0.0000000 0.0056124 0.0000000 0.0000000 0.6056228 0.0329249
 73 E  73 0.0000000 0.0000000 0.0000000 0.0000000 0.0000000 0.0056330 0.8973081 0.0117452 0.0000000 0.0079016 0.0000000 0.0209698 0.0000000 0.0000000 0.0000000 0.0035930 0.0087336 0.0000000 0.0000000 0.0111908 0.0329249
 74 T  74 0.0739911 0.0141029 0.3355551 0.1654372 0.0000000 0.1411918 0.0256911 0.0110308 0.0125779 0.0131443 0.0336916 0.0046839 0.0296509 0.0000000 0.0000000 0.0639477 0.0309573 0.0000000 0.0052769 0.0061446 0.0329249
 75 Y  75 0.0138606 0.1068264 0.0023154 0.0000000 0.0051561 0.2449214 0.0000000 0.0000000 0.0165064 0.0502843 0.0550568 0.0048033 0.1531748 0.0165511 0.0000000 0.0104634 0.0263223 0.0000000 0.2190101 0.0418229 0.0329249
 76 L  76 0.0043945 0.0000000 0.0000000 0.0000000 0.0036720 0.0000000 0.0000000 0.0000000 0.0000000 0.2693350 0.6209322 0.0000000 0.0041411 0.0000000 0.0000000 0.0000000 0.0000000 0.0000000 0.0000000 0.0512948 0.0462304
 77 K  77 0.0207601 0.0000000 0.0000000 0.0000000 0.0087268 0.0089890 0.0000000 0.0000000 0.0000000 0.5006690 0.2047431 0.0452040 0.0159087 0.0094339 0.0000000 0.0000000 0.0068276 0.0000000 0.0000000 0.1398001 0.0389378
 78 K  78 0.0782807 0.1641586 0.0560626 0.0000000 0.0000000 0.3547298 0.0000000 0.0241862 0.0041397 0.0042939 0.0066782 0.0742885 0.1125868 0.0048053 0.0000000 0.0354755 0.0292096 0.0000000 0.0024597 0.0097072 0.0389378
 79 L  79 0.0664085 0.0000000 0.0311309 0.0000000 0.0000000 0.0090970 0.0000000 0.0128644 0.0000000 0.0206620 0.4703899 0.0000000 0.2818127 0.0077056 0.0000000 0.0356930 0.0172826 0.0036488 0.0000000 0.0043668 0.0389378
 80 I  80 0.7204994 0.0000000 0.0033515 0.0000000 0.0065892 0.0000000 0.0000000 0.0171766 0.0072977 0.0465658 0.0083708 0.0000000 0.0063392 0.0054949 0.0000000 0.0272215 0.0081423 0.0000000 0.0370254 0.0669880 0.0389378
 81 A  81 0.0419518 0.1785257 0.0038347 0.0000000 0.0000000 0.5140386 0.0086924 0.0221632 0.0160632 0.0000000 0.0228235 0.0267071 0.0174427 0.0081423 0.0000000 0.0819237 0.0154019 0.0000000 0.0000000 0.0033515 0.0389378
 82 T  82 0.0623997 0.0988304 0.0209956 0.0000000 0.0000000 0.0706067 0.0072977 0.0075870 0.0000000 0.0026938 0.0173867 0.0243253 0.1163407 0.0196121 0.0000000 0.2995336 0.1699609 0.0000000 0.0409248 0.0025672 0.0389378
 83 N  83 0.0000000 0.0116561 0.0352857 0.0000000 0.0000000 0.0000000 0.0000000 0.8784430 0.0091403 0.0000000 0.0000000 0.0034059 0.0000000 0.0000000 0.0000000 0.0169078 0.0000000 0.0000000 0.0062235 0.0000000 0.0389378
 84 N  84 0.0221945 0.2580638 0.0305157 0.0000000 0.0000000 0.4410300 0.0048033 0.0540303 0.0068276 0.0000000 0.0198800 0.0946527 0.0033313 0.0000000 0.0000000 0.0181098 0.0000000 0.0000000 0.0000000 0.0076233 0.0389378
 85 V  85 0.0077056 0.0081423 0.0000000 0.0000000 0.0000000 0.0000000 0.0000000 0.0000000 0.0000000 0.3598470 0.4360936 0.0000000 0.0177886 0.0160632 0.0000000 0.0000000 0.0000000 0.0000000 0.0153638 0.0961192 0.0428766
 86 T  86 0.0367046 0.2371363 0.0401615 0.0130989 0.0034019 0.1589765 0.0000000 0.0606287 0.0217483 0.0000000 0.0000000 0.0552770 0.0071023 0.0000000 0.0666616 0.1223393 0.1051400 0.0000000 0.0061467 0.0225999 0.0428766
 87 H  87 0.0615352 0.0749934 0.0420575 0.0186995 0.0061132 0.0950337 0.0898243 0.2438041 0.0616213 0.0319689 0.0111614 0.0311960 0.0000000 0.0000000 0.0408484 0.0905164 0.0238977 0.0000000 0.0000000 0.0338524 0.0428766
 88 K  88 0.0052549 0.1025279 0.0000000 0.0000000 0.0000000 0.0787700 0.0000000 0.0000000 0.0000000 0.0075405 0.0000000 0.5579947 0.0235783 0.0000000 0.1432729 0.0033790 0.0117839 0.0000000 0.0000000 0.0125735 0.0533244
 89 I  89 0.0000000 0.0000000 0.0000000 0.0000000 0.0000000 0.0000000 0.0000000 0.0000000 0.0000000 0.3857143 0.1426757 0.0000000 0.0480920 0.0000000 0.0000000 0.0000000 0.0000000 0.0000000 0.0000000 0.3918877 0.0316303
 90 T  90 0.0037208 0.0000000 0.0663869 0.1842135 0.0000000 0.0164154 0.0042000 0.0653735 0.0000000 0.0000000 0.0000000 0.0062482 0.0000000 0.0000000 0.0000000 0.3042137 0.3132702 0.0000000 0.0000000 0.0000000 0.0359577
 91 E  91 0.0000000 0.0000000 0.0000000 0.3859426 0.0000000 0.0000000 0.5658463 0.0000000 0.0000000 0.0000000 0.0097261 0.0000000 0.0000000 0.0000000 0.0000000 0.0000000 0.0000000 0.0000000 0.0000000 0.0000000 0.0384851
 92 A  92 0.1110625 0.0131456 0.0268571 0.2139181 0.0000000 0.0780494 0.3367276 0.0210812 0.0000000 0.0000000 0.0037208 0.0454910 0.0000000 0.0000000 0.0202756 0.0607113 0.0262844 0.0000000 0.0000000 0.0041902 0.0384851
 93 E  93 0.0156505 0.0420480 0.0071023 0.0737098 0.0000000 0.2820782 0.2253840 0.0654480 0.0121176 0.0000000 0.0043945 0.0897222 0.0177085 0.0093972 0.0000000 0.0309962 0.0575435 0.0000000 0.0108400 0.0135398 0.0423198
 94 I  94 0.0000000 0.0000000 0.0000000 0.0000000 0.0000000 0.0000000 0.0000000 0.0000000 0.0000000 0.1143533 0.7072010 0.0000000 0.0436494 0.0515038 0.0000000 0.0000000 0.0000000 0.0000000 0.0000000 0.0469856 0.0363069
 95 V  95 0.0000000 0.0506434 0.0000000 0.0000000 0.0000000 0.0000000 0.0121365 0.0056124 0.0000000 0.2775262 0.0108811 0.4156780 0.0036720 0.0000000 0.0000000 0.0044294 0.0043492 0.0000000 0.0000000 0.1708632 0.0442085
 96 S  96 0.0537495 0.0191669 0.0424724 0.0824804 0.0000000 0.1561525 0.2909529 0.0645780 0.0242446 0.0000000 0.0091120 0.0827256 0.0035930 0.0000000 0.0000000 0.0832959 0.0278649 0.0000000 0.0000000 0.0154028 0.0442085
 97 I  97 0.0000000 0.0000000 0.0000000 0.0000000 0.0000000 0.0000000 0.0000000 0.0000000 0.0000000 0.4103600 0.4619266 0.0000000 0.0579635 0.0078084 0.0000000 0.0000000 0.0072927 0.0000000 0.0000000 0.0104403 0.0442085
 98 L  98 0.0000000 0.0000000 0.0000000 0.0000000 0.0000000 0.0000000 0.0000000 0.0000000 0.0000000 0.0521887 0.8806798 0.0000000 0.0061785 0.0000000 0.0072927 0.0000000 0.0000000 0.0044294 0.0000000 0.0031979 0.0460330
 99 N  99 0.0535231 0.0401225 0.1376114 0.1051685 0.0000000 0.0354460 0.3338260 0.0255899 0.0126953 0.0135225 0.0295538 0.0496789 0.0024205 0.0000000 0.0000000 0.0949346 0.0143059 0.0000000 0.0000000 0.0000000 0.0516014
100 G 100 0.1105063 0.0816173 0.0207565 0.0000000 0.0000000 0.2819591 0.0697327 0.1053554 0.0109017 0.0000000 0.0000000 0.1269453 0.0170419 0.0000000 0.0000000 0.1015921 0.0194609 0.0000000 0.0000000 0.0000000 0.0541307
101 I 101 0.0173876 0.0000000 0.0000000 0.0000000 0.0000000 0.0072977 0.0000000 0.0036891 0.0000000 0.2907984 0.1942070 0.0000000 0.0903260 0.0179199 0.0000000 0.0000000 0.0118591 0.0000000 0.0000000 0.3016951 0.0648200
102 A 102 0.1888770 0.0000000 0.1553895 0.0304661 0.0000000 0.0503086 0.0426327 0.0163345 0.0132319 0.0064184 0.0000000 0.0230641 0.0093676 0.0000000 0.0000000 0.2530844 0.0511096 0.0000000 0.0532469 0.0116212 0.0948474
103 K 103 0.0682989 0.1050488 0.0213470 0.0304635 0.0000000 0.1320967 0.2060996 0.0626010 0.0000000 0.0000000 0.0087655 0.0541641 0.0000000 0.0000000 0.0858368 0.0537728 0.0517420 0.0000000 0.0000000 0.0052492 0.1145139
104 Q 104 0.0616293 0.0666302 0.0923296 0.1021376 0.0000000 0.2851356 0.0501326 0.0073910 0.0279682 0.0000000 0.0024959 0.0749496 0.0203913 0.0000000 0.0203204 0.0548970 0.0093657 0.0000000 0.0000000 0.0078887 0.1163373
105 Q 105 0.0138601 0.0170290 0.0223159 0.0184920 0.0000000 0.1113428 0.0896360 0.0169283 0.0000000 0.0172299 0.0087655 0.1043390 0.0498566 0.0000000 0.0109996 0.0894430 0.2914483 0.0000000 0.0000000 0.0115558 0.1267581
106 N 106 0.0232628 0.1790632 0.0571707 0.0130327 0.0000000 0.1436725 0.1054460 0.0189576 0.0273688 0.0000000 0.0000000 0.1429361 0.0000000 0.0033429 0.0360349 0.0790694 0.0421168 0.0000000 0.0134913 0.0101863 0.1048479
107 S 107 0.0370295 0.0906596 0.0126044 0.0529354 0.0000000 0.0792882 0.0761952 0.0032993 0.0069856 0.0000000 0.0087655 0.3415573 0.0000000 0.0000000 0.0179171 0.1394248 0.0232220 0.0000000 0.0041450 0.0000000 0.1059710
108 Q 108 0.0376285 0.0375734 0.0154653 0.0359203 0.0000000 0.0738812 0.1347358 0.0000000 0.0327007 0.0213342 0.0087655 0.3355521 0.0027690 0.0366999 0.0139805 0.0361044 0.0731223 0.0000000 0.0057429 0.0039194 0.0941046
109 N 109 0.0197344 0.0571690 0.1021544 0.0091366 0.0000000 0.0320822 0.0753974 0.0380805 0.0067596 0.0140441 0.0000000 0.1126413 0.0048647 0.0383087 0.0171256 0.1139084 0.2214238 0.0000000 0.0288078 0.0000000 0.1083615
110 N 110 0.0270887 0.0730907 0.0491192 0.0457588 0.0000000 0.0369356 0.1368131 0.0178344 0.0033080 0.1233254 0.0000000 0.1253078 0.0000000 0.0000000 0.0223752 0.0399252 0.1789934 0.0000000 0.0000000 0.0178498 0.1022745
111 S 111 0.0056924 0.0355656 0.0249152 0.0000000 0.0000000 0.0034084 0.0611039 0.0179441 0.0045804 0.1673841 0.0000000 0.0183338 0.0051561 0.0450780 0.0201924 0.0776046 0.1276786 0.0000000 0.0000000 0.2708291 0.1145334
112 K 112 0.0000000 0.1832202 0.0159566 0.0046332 0.0000000 0.0173557 0.0043727 0.0000000 0.0056894 0.0222420 0.0087655 0.4847730 0.0000000 0.0000000 0.0000000 0.0233804 0.0799964 0.0000000 0.0000000 0.0313902 0.1182246
113 I 113 0.0000000 0.0000000 0.0000000 0.0000000 0.0000000 0.0000000 0.0190759 0.0000000 0.0000000 0.4523391 0.0033828 0.0077056 0.0000000 0.2086758 0.0000000 0.0000000 0.0055109 0.0000000 0.0156876 0.0616049 0.2260175
114 I 114 0.0077947 0.0129696 0.0766892 0.0989014 0.0000000 0.0622903 0.0257114 0.0000000 0.0000000 0.1217088 0.0033080 0.0476136 0.0000000 0.0077056 0.0000000 0.0145842 0.0897526 0.0000000 0.0000000 0.1198119 0.3111586
115 F 115 0.0000000 0.3534648 0.0022795 0.0000000 0.0000000 0.0034820 0.0043303 0.0000000 0.0037788 0.0672666 0.0000000 0.0000000 0.0243443 0.1440667 0.0000000 0.0000000 0.0000000 0.0000000 0.0277626 0.0445734 0.3246508
116 E 116 0.0189893 0.2865614 0.0665840 0.0419123 0.0091403 0.0239451 0.0188291 0.0000000 0.0000000 0.0000000 0.0000000 0.1026291 0.0000000 0.0000000 0.0000000 0.0648664 0.0180557 0.0000000 0.0000000 0.0046332 0.3438542
117 A 117 0.0119115 0.4660112 0.0000000 0.0087655 0.0000000 0.0047916 0.0072927 0.0000000 0.0000000 0.0000000 0.0000000 0.0731349 0.0000000 0.0000000 0.0000000 0.0043668 0.0000000 0.0000000 0.0000000 0.0000000 0.4237257
118 A 118 0.0791640 0.1788174 0.0128689 0.0043903 0.0087655 0.0000000 0.0000000 0.0185102 0.0000000 0.0000000 0.0084404 0.1142876 0.0000000 0.0000000 0.0058701 0.0240094 0.0000000 0.0143658 0.0030230 0.0780168 0.4494706
119 A 119 0.0882606 0.0330582 0.0286435 0.0216752 0.0000000 0.0069679 0.0333304 0.0214889 0.0000000 0.0077056 0.0217980 0.0801531 0.0393489 0.0030804 0.0032051 0.0066718 0.0339470 0.0000000 0.0031966 0.0423710 0.5250979
120 L 120 0.0094831 0.0000000 0.0000000 0.0957214 0.0000000 0.0095597 0.0046620 0.0376190 0.0112716 0.0458204 0.1232467 0.0000000 0.0184916 0.0110879 0.0000000 0.0098723 0.0130233 0.0000000 0.0031049 0.0151110 0.5919250
121 E 121 0.0029671 0.0043270 0.0057095 0.1745413 0.0000000 0.0000000 0.0276900 0.0350185 0.0000000 0.0000000 0.0076985 0.0000000 0.0050785 0.0308007 0.0046620 0.0732586 0.0000000 0.0021757 0.0000000 0.0000000 0.6260725
122 H 122 0.0000000 0.0000000 0.0000000 0.1910865 0.0000000 0.0000000 0.0121180 0.0000000 0.0119115 0.0059707 0.0000000 0.0000000 0.0000000 0.0068813 0.0000000 0.0805116 0.0000000 0.0448132 0.0057095 0.0000000 0.6409977
123 H 123 0.0000000 0.0000000 0.0068813 0.2102383 0.0000000 0.0000000 0.0719928 0.0000000 0.0119115 0.0000000 0.0000000 0.0000000 0.0000000 0.0034393 0.0000000 0.0109087 0.0000000 0.0000000 0.0000000 0.0000000 0.6846281
124 H 124 0.0000000 0.0000000 0.0155600 0.1596142 0.0000000 0.0000000 0.0508576 0.0000000 0.0119115 0.0000000 0.0000000 0.0000000 0.0000000 0.0000000 0.0000000 0.0351993 0.0000000 0.0211184 0.0000000 0.0000000 0.7057389
125 H 125 0.0000000 0.0000000 0.0029086 0.1323206 0.0000000 0.0000000 0.0426983 0.0000000 0.0119115 0.0000000 0.0000000 0.0000000 0.0000000 0.0000000 0.0000000 0.0000000 0.0068813 0.0000000 0.0000000 0.0000000 0.8032796
126 H 126 0.0000000 0.0000000 0.0000000 0.0436056 0.0000000 0.0047916 0.0250743 0.0000000 0.0119115 0.0000000 0.0222156 0.0000000 0.0062437 0.0034019 0.0000000 0.0137547 0.0000000 0.0082405 0.0139177 0.0000000 0.8468428
127 H 127 0.0000000 0.0000000 0.0000000 0.0623214 0.0000000 0.0000000 0.0212362 0.0000000 0.0119115 0.0000000 0.0000000 0.0000000 0.0000000 0.0000000 0.0000000 0.0000000 0.0000000 0.0000000 0.0000000 0.0000000 0.9045310
