  127         A         R         N         D         C         Q         E         G         H         I         L         K         M         F         P         S         T         W         Y         V    
  1 M   1 0.0000000 0.0000000 0.0000000 0.0000000 0.0000000 0.0000000 0.0000000 0.0000000 0.0000000 0.0000000 0.0000000 0.0000000 1.0000000 0.0000000 0.0000000 0.0000000 0.0000000 0.0000000 0.0000000 0.0000000
  2 D   2 0.0341968 0.0000000 0.0000000 0.8983249 0.0000000 0.0000000 0.0588923 0.0000000 0.0000000 0.0000000 0.0000000 0.0000000 0.0000000 0.0000000 0.0000000 0.0085860 0.0000000 0.0000000 0.0000000 0.0000000
  3 P   3 0.1608727 0.0199235 0.0000000 0.2279727 0.0000000 0.0000000 0.2178117 0.0211938 0.0000000 0.0000000 0.0000000 0.0045225 0.0000000 0.0000000 0.2198699 0.1278332 0.0000000 0.0000000 0.0000000 0.0000000
  4 E   4 0.0095260 0.0388205 0.0000000 0.1729124 0.0000000 0.0000000 0.7549230 0.0075270 0.0000000 0.0000000 0.0000000 0.0078071 0.0000000 0.0000000 0.0000000 0.0000000 0.0084840 0.0000000 0.0000000 0.0000000
  5 L   5 0.0000000 0.0000000 0.0000000 0.0000000 0.0000000 0.0000000 0.0000000 0.0000000 0.0000000 0.0581282 0.9418718 0.0000000 0.0000000 0.0000000 0.0000000 0.0000000 0.0000000 0.0000000 0.0000000 0.0000000
  6 Q   6 0.1045870 0.0053095 0.0804807 0.0904959 0.0000000 0.1418971 0.5380254 0.0000000 0.0000000 0.0000000 0.0000000 0.0080626 0.0000000 0.0000000 0.0000000 0.0191515 0.0119902 0.0000000 0.0000000 0.0000000
  7 A   7 0.4552358 0.0325180 0.0101466 0.0171429 0.0000000 0.0611871 0.3685377 0.0000000 0.0000000 0.0000000 0.0000000 0.0320482 0.0118333 0.0000000 0.0000000 0.0055275 0.0000000 0.0000000 0.0000000 0.0058229
  8 I   8 0.0000000 0.0000000 0.0000000 0.0000000 0.0000000 0.0000000 0.0000000 0.0000000 0.0000000 0.6646689 0.3353311 0.0000000 0.0000000 0.0000000 0.0000000 0.0000000 0.0000000 0.0000000 0.0000000 0.0000000
  9 R   9 0.0000000 0.8794604 0.0000000 0.0000000 0.0000000 0.0000000 0.0055851 0.0000000 0.0000000 0.0000000 0.0192413 0.0832374 0.0000000 0.0124758 0.0000000 0.0000000 0.0000000 0.0000000 0.0000000 0.0000000
 10 E  10 0.1175016 0.2864086 0.0000000 0.0000000 0.0000000 0.2283384 0.1757927 0.0000000 0.0060086 0.0000000 0.0000000 0.1709378 0.0000000 0.0000000 0.0000000 0.0150123 0.0000000 0.0000000 0.0000000 0.0000000
 11 A  11 0.2998057 0.2605102 0.0000000 0.0000000 0.0000000 0.1940719 0.0231797 0.0000000 0.0043409 0.0122231 0.0000000 0.1932854 0.0000000 0.0000000 0.0000000 0.0094607 0.0000000 0.0000000 0.0000000 0.0031224
 12 R  12 0.0000000 0.6879206 0.0000000 0.0000000 0.0000000 0.0118030 0.0000000 0.0000000 0.0000000 0.0000000 0.0063138 0.2939627 0.0000000 0.0000000 0.0000000 0.0000000 0.0000000 0.0000000 0.0000000 0.0000000
 13 L  13 0.0118716 0.0282283 0.0117422 0.0000000 0.0000000 0.0062383 0.0000000 0.0000000 0.0000000 0.0207340 0.5941801 0.0043912 0.3077460 0.0000000 0.0000000 0.0000000 0.0086539 0.0000000 0.0062143 0.0000000
 14 A  14 0.4431128 0.0198481 0.0000000 0.0000000 0.0000000 0.1466242 0.2127526 0.0052112 0.0000000 0.0090330 0.0863753 0.0000000 0.0404768 0.0000000 0.0000000 0.0265081 0.0031437 0.0000000 0.0000000 0.0069142
 15 Q  15 0.0297511 0.0000000 0.0000000 0.0201427 0.0000000 0.3161710 0.6179952 0.0000000 0.0000000 0.0000000 0.0000000 0.0043771 0.0055330 0.0000000 0.0000000 0.0060299 0.0000000 0.0000000 0.0000000 0.0000000
 16 L  16 0.0000000 0.0098649 0.0000000 0.0000000 0.0000000 0.0040643 0.0091557 0.0093026 0.0000000 0.0234982 0.8212408 0.0056308 0.1093983 0.0000000 0.0000000 0.0000000 0.0000000 0.0000000 0.0078444 0.0000000
 17 K  17 0.0295199 0.0377401 0.0000000 0.0000000 0.0000000 0.5848282 0.0226063 0.0073876 0.0160636 0.0031443 0.0202150 0.1964803 0.0529588 0.0000000 0.0061650 0.0228910 0.0000000 0.0000000 0.0000000 0.0000000
 18 N  18 0.1788624 0.1745943 0.0755104 0.0179116 0.0000000 0.1809942 0.0459541 0.0441413 0.0000000 0.0143734 0.0036665 0.1350723 0.0087961 0.0000000 0.0000000 0.1081830 0.0066074 0.0000000 0.0053330 0.0000000
 19 N  19 0.0509704 0.1121407 0.0669452 0.0073926 0.0054611 0.3993314 0.0486380 0.0407192 0.0104586 0.0000000 0.0000000 0.1490136 0.0158566 0.0000000 0.0032450 0.0652925 0.0148258 0.0000000 0.0040577 0.0056517
 20 S  20 0.1224199 0.0602613 0.0488500 0.0000000 0.0000000 0.2147391 0.0244386 0.1238028 0.0671557 0.0215929 0.0497274 0.0108845 0.0399332 0.0089522 0.0043905 0.0813902 0.0464716 0.0000000 0.0635127 0.0114774
 21 G  21 0.1508970 0.0166381 0.0142844 0.0272228 0.0000000 0.0903674 0.0232502 0.4402631 0.0057190 0.0176485 0.0711849 0.0290958 0.0291696 0.0000000 0.0204750 0.0600030 0.0000000 0.0000000 0.0037813 0.0000000
 22 G  22 0.0764218 0.0046034 0.0059899 0.1106805 0.0000000 0.1625095 0.1005542 0.3431469 0.0000000 0.0114676 0.0090878 0.0184172 0.0046456 0.0048785 0.0295065 0.1072534 0.0000000 0.0000000 0.0000000 0.0108371
 23 T  23 0.1501668 0.0269953 0.0725669 0.0162874 0.0000000 0.1669699 0.0325378 0.1814699 0.0000000 0.0056426 0.0000000 0.0059836 0.0097112 0.0034757 0.0895607 0.1642966 0.0689198 0.0000000 0.0000000 0.0054159
 24 N  24 0.0632887 0.0186352 0.1060834 0.0797630 0.0000000 0.1515378 0.0649936 0.2036934 0.0222998 0.0047008 0.0051204 0.0399888 0.0230802 0.0000000 0.0574149 0.1296986 0.0137880 0.0000000 0.0159134 0.0000000
 25 G  25 0.1222519 0.0433941 0.0516432 0.0689658 0.0000000 0.0965162 0.0464138 0.1280152 0.0000000 0.0299083 0.0600639 0.0394158 0.0149754 0.0056928 0.1167875 0.1091786 0.0329585 0.0000000 0.0128339 0.0209849
 26 D  26 0.1144232 0.0286018 0.0834210 0.1247913 0.0000000 0.1084912 0.1613163 0.1085662 0.0000000 0.0000000 0.0155534 0.0421728 0.0352369 0.0000000 0.0314411 0.1092872 0.0195402 0.0000000 0.0086523 0.0085051
 27 R  27 0.1126987 0.0595551 0.0936763 0.0215465 0.0000000 0.1750843 0.1055420 0.1353058 0.0000000 0.0141169 0.0076372 0.0974193 0.0162894 0.0120862 0.0483328 0.0669153 0.0229886 0.0000000 0.0035668 0.0072387
 28 N  28 0.0855757 0.0160187 0.0813283 0.0667741 0.0000000 0.2007121 0.1654168 0.1013295 0.0079012 0.0074048 0.0286333 0.0365980 0.0265839 0.0000000 0.0522175 0.0723834 0.0069022 0.0000000 0.0060140 0.0382064
 29 S  29 0.0896983 0.0245296 0.0231998 0.0286194 0.0000000 0.2556374 0.2118631 0.0966934 0.0029133 0.0092312 0.0329526 0.0902650 0.0040035 0.0034015 0.0134365 0.0909882 0.0140952 0.0000000 0.0046827 0.0037896
 30 G  30 0.2706026 0.0630501 0.0268713 0.0223112 0.0000000 0.1808688 0.1360851 0.0922536 0.0000000 0.0055045 0.0094058 0.0612283 0.0129378 0.0000000 0.0202282 0.0665165 0.0127712 0.0000000 0.0034812 0.0158838
 31 A  31 0.1612282 0.0329909 0.0185513 0.0297534 0.0000000 0.3569915 0.1225603 0.0266767 0.0049026 0.0114961 0.0298080 0.0679696 0.0362460 0.0000000 0.0190480 0.0574524 0.0046872 0.0000000 0.0027536 0.0168842
 32 N  32 0.0559183 0.0835997 0.0307726 0.0473453 0.0000000 0.2649995 0.3260335 0.0435054 0.0049415 0.0030020 0.0129451 0.0639558 0.0116347 0.0000000 0.0031929 0.0155003 0.0071887 0.0000000 0.0055516 0.0199130
 33 N  33 0.0914570 0.0516602 0.0475461 0.0512708 0.0000000 0.2425428 0.3587127 0.0112111 0.0071175 0.0000000 0.0176266 0.0605751 0.0121758 0.0000000 0.0166383 0.0226838 0.0032109 0.0000000 0.0022919 0.0032796
 34 G  34 0.2048049 0.1218951 0.0157869 0.0000000 0.0000000 0.2597796 0.0790402 0.0493682 0.0131310 0.0034256 0.0056396 0.1454838 0.0286703 0.0000000 0.0051795 0.0468189 0.0179701 0.0000000 0.0000000 0.0030062
 35 G  35 0.1199547 0.2078034 0.0191974 0.0120729 0.0000000 0.1764235 0.0503072 0.0441012 0.0000000 0.0127925 0.0080822 0.2272599 0.0749928 0.0000000 0.0081579 0.0205350 0.0033165 0.0000000 0.0000000 0.0150030
 36 G  36 0.1293279 0.1168824 0.0345643 0.0092012 0.0000000 0.3253406 0.1539872 0.0373340 0.0253664 0.0131631 0.0175970 0.0718744 0.0208388 0.0000000 0.0065574 0.0273199 0.0041065 0.0000000 0.0037515 0.0027874
 37 E  37 0.1581279 0.1702055 0.0177467 0.0257554 0.0000000 0.2719247 0.2262972 0.0128927 0.0031798 0.0220265 0.0058095 0.0468461 0.0054032 0.0000000 0.0091004 0.0121253 0.0024812 0.0000000 0.0031690 0.0069090
 38 N  38 0.1542213 0.0438909 0.0366185 0.0141899 0.0000000 0.1513943 0.2340636 0.0157326 0.0000000 0.0393888 0.1143160 0.0140886 0.1106139 0.0064469 0.0000000 0.0218613 0.0024905 0.0000000 0.0201571 0.0205259
 39 S  39 0.1461046 0.0226681 0.0463489 0.0893828 0.0000000 0.0815990 0.4841455 0.0000000 0.0000000 0.0000000 0.0328729 0.0153884 0.0035913 0.0000000 0.0000000 0.0495477 0.0283507 0.0000000 0.0000000 0.0000000
 40 A  40 0.2841690 0.0157637 0.0218023 0.1040194 0.0000000 0.0407570 0.4509897 0.0000000 0.0000000 0.0060313 0.0265089 0.0123541 0.0129137 0.0000000 0.0000000 0.0175694 0.0071216 0.0000000 0.0000000 0.0000000
 41 P  41 0.1432804 0.0926304 0.0000000 0.0000000 0.0000000 0.3505592 0.0197466 0.0047489 0.0000000 0.0157813 0.0254219 0.0386059 0.2304885 0.0039560 0.0390318 0.0086654 0.0030296 0.0000000 0.0000000 0.0240542
 42 V  42 0.0065241 0.4371248 0.0000000 0.0000000 0.0000000 0.0132189 0.0000000 0.0000000 0.0090863 0.0714605 0.0278906 0.3368467 0.0068221 0.0000000 0.0000000 0.0075125 0.0220502 0.0000000 0.0000000 0.0614633
 43 G  43 0.0438475 0.1830297 0.1856847 0.0308234 0.0000000 0.1977057 0.0944682 0.0671712 0.0440723 0.0058261 0.0053345 0.0934847 0.0045171 0.0029093 0.0000000 0.0243889 0.0088701 0.0000000 0.0000000 0.0078666
 44 A  44 0.2954839 0.0033301 0.0475044 0.0200037 0.0000000 0.0855507 0.0177459 0.0301099 0.0167768 0.0230687 0.0109402 0.0268433 0.0493971 0.0000000 0.0000000 0.2642369 0.0901874 0.0000000 0.0000000 0.0188213
 45 A  45 0.1252788 0.0000000 0.0000000 0.0065686 0.0000000 0.0000000 0.0000000 0.0068371 0.0000000 0.4548681 0.1076532 0.0000000 0.1699371 0.0000000 0.0000000 0.0118982 0.0090755 0.0000000 0.0098776 0.0980058
 46 I  46 0.0000000 0.0000000 0.0000000 0.0000000 0.0000000 0.0000000 0.0000000 0.0000000 0.0000000 0.0927339 0.8077616 0.0000000 0.0790839 0.0000000 0.0000000 0.0000000 0.0000000 0.0000000 0.0000000 0.0204206
 47 A  47 0.1926663 0.2733145 0.0679479 0.0162651 0.0000000 0.0084984 0.0086639 0.0185233 0.0118789 0.0029309 0.0051413 0.1148523 0.0242945 0.0000000 0.0000000 0.1690717 0.0567755 0.0000000 0.0123963 0.0167792
 48 N  48 0.0894566 0.0844559 0.0262558 0.0000000 0.0000000 0.5567369 0.0021497 0.0040090 0.0031138 0.0111747 0.0019801 0.0595616 0.0000000 0.0000000 0.0124986 0.0773010 0.0511612 0.0000000 0.0000000 0.0201450
 49 F  49 0.0247660 0.0000000 0.0077676 0.0000000 0.0060271 0.0000000 0.0000000 0.0000000 0.0235682 0.4916269 0.1074219 0.0000000 0.0069117 0.0879777 0.0000000 0.0000000 0.0024429 0.0000000 0.0359606 0.2055294
 50 L  50 0.0000000 0.0000000 0.0000000 0.0000000 0.0000000 0.0000000 0.0000000 0.0000000 0.0000000 0.0080058 0.9087424 0.0000000 0.0576602 0.0000000 0.0000000 0.0000000 0.0051422 0.0000000 0.0000000 0.0204494
 51 E  51 0.0184178 0.0000000 0.0114156 0.2011920 0.0000000 0.0209543 0.2227844 0.0000000 0.0229337 0.0000000 0.0355338 0.0000000 0.0023294 0.0000000 0.0000000 0.1013514 0.3603445 0.0000000 0.0000000 0.0027431
 52 P  52 0.0317270 0.0000000 0.0476288 0.0496179 0.0000000 0.1963200 0.0197391 0.0085308 0.0142057 0.0000000 0.0000000 0.0066347 0.0000000 0.0000000 0.5057071 0.0545882 0.0445624 0.0000000 0.0000000 0.0207382
 53 Q  53 0.0584234 0.0044987 0.0349645 0.1224909 0.0000000 0.0786071 0.4944256 0.0335527 0.0035640 0.0000000 0.0041355 0.0084540 0.0000000 0.0000000 0.0128121 0.1440715 0.0000000 0.0000000 0.0000000 0.0000000
 54 A  54 0.9691345 0.0000000 0.0000000 0.0000000 0.0000000 0.0000000 0.0000000 0.0204494 0.0000000 0.0000000 0.0000000 0.0000000 0.0000000 0.0000000 0.0000000 0.0104161 0.0000000 0.0000000 0.0000000 0.0000000
 55 L  55 0.0831156 0.6456386 0.0028806 0.0000000 0.0000000 0.0296225 0.0000000 0.0000000 0.0198648 0.0260375 0.0995689 0.0305927 0.0295725 0.0104698 0.0000000 0.0000000 0.0000000 0.0120244 0.0073531 0.0032589
 56 E  56 0.2171612 0.0000000 0.0043358 0.1070101 0.0000000 0.0507044 0.4799501 0.0065610 0.0050710 0.0000000 0.0079304 0.0271073 0.0097654 0.0000000 0.0000000 0.0597787 0.0028131 0.0000000 0.0095766 0.0122349
 57 R  57 0.0000000 0.9918171 0.0036999 0.0000000 0.0000000 0.0044830 0.0000000 0.0000000 0.0000000 0.0000000 0.0000000 0.0000000 0.0000000 0.0000000 0.0000000 0.0000000 0.0000000 0.0000000 0.0000000 0.0000000
 58 L  58 0.0000000 0.0000000 0.0000000 0.0000000 0.0000000 0.0000000 0.0000000 0.0000000 0.0000000 0.0151443 0.9633732 0.0000000 0.0075457 0.0000000 0.0000000 0.0089298 0.0000000 0.0000000 0.0000000 0.0050070
 59 S  59 0.1322196 0.0139299 0.2870641 0.0213168 0.0000000 0.0141194 0.0123916 0.1299962 0.0144435 0.0000000 0.0000000 0.0140747 0.0073162 0.0000000 0.0089023 0.2681126 0.0761130 0.0000000 0.0000000 0.0000000
 60 R  60 0.0172109 0.5340241 0.2482602 0.0077765 0.0089423 0.0000000 0.0000000 0.0000000 0.0000000 0.0000000 0.0000000 0.0000000 0.0000000 0.0000000 0.0000000 0.0404883 0.1432977 0.0000000 0.0000000 0.0000000
 61 V  61 0.0000000 0.0000000 0.0000000 0.0000000 0.0000000 0.0000000 0.0000000 0.0000000 0.0000000 0.4960430 0.2446511 0.0000000 0.0000000 0.0000000 0.0000000 0.0000000 0.0089023 0.0000000 0.0000000 0.2504036
 62 A  62 0.3083109 0.2726715 0.0030474 0.0075892 0.0145245 0.0191244 0.0229015 0.0154089 0.0000000 0.0000000 0.0000000 0.2323731 0.0147792 0.0045395 0.0000000 0.0781800 0.0065500 0.0000000 0.0000000 0.0000000
 63 L  63 0.0277638 0.0000000 0.0000000 0.0000000 0.0000000 0.0203467 0.0000000 0.0000000 0.0000000 0.1044929 0.5789313 0.0082864 0.1979759 0.0045541 0.0000000 0.0103094 0.0000000 0.0000000 0.0066014 0.0407381
 64 V  64 0.1062702 0.0089023 0.0000000 0.0000000 0.0000000 0.0000000 0.0000000 0.0360883 0.0000000 0.0103303 0.0000000 0.0000000 0.0000000 0.0000000 0.0000000 0.0865555 0.0544277 0.0000000 0.0000000 0.6974256
 65 R  65 0.0000000 0.2784259 0.0261898 0.0132372 0.0000000 0.0062094 0.0000000 0.0043821 0.0163321 0.0000000 0.0000000 0.6362320 0.0000000 0.0000000 0.0000000 0.0189914 0.0000000 0.0000000 0.0000000 0.0000000
 66 R  66 0.0325517 0.0188230 0.0309079 0.0000000 0.0000000 0.0077332 0.1061469 0.0048866 0.0000000 0.0000000 0.0000000 0.0156950 0.0000000 0.0000000 0.7657290 0.0070830 0.0049201 0.0000000 0.0000000 0.0055236
 67 D  67 0.0199446 0.0000000 0.0000000 0.2573908 0.0000000 0.0960389 0.5558370 0.0061382 0.0048404 0.0000000 0.0000000 0.0000000 0.0000000 0.0000000 0.0051818 0.0522840 0.0023443 0.0000000 0.0000000 0.0000000
 68 R  68 0.0000000 0.3009811 0.0108596 0.0000000 0.0000000 0.0065212 0.0000000 0.0000000 0.0048729 0.0204451 0.1649711 0.3476802 0.0040303 0.1059386 0.0000000 0.0000000 0.0143181 0.0000000 0.0044589 0.0149228
 69 A  69 0.7844365 0.0000000 0.0000000 0.0000000 0.0000000 0.0037044 0.0000000 0.0664476 0.0000000 0.0000000 0.0000000 0.0000000 0.0045950 0.0000000 0.0000000 0.0419037 0.0229939 0.0000000 0.0073819 0.0685370
 70 Q  70 0.0612858 0.1931201 0.0197943 0.0641158 0.0000000 0.1605832 0.1880087 0.0000000 0.0000000 0.0051136 0.0170422 0.1451005 0.0140666 0.0000000 0.0000000 0.0384669 0.0838356 0.0000000 0.0052283 0.0042383
 71 A  71 0.3183340 0.0333018 0.0237395 0.0858388 0.0000000 0.1960722 0.0329751 0.0355790 0.0040665 0.0166795 0.0607315 0.0337609 0.1028210 0.0000000 0.0000000 0.0357477 0.0131603 0.0000000 0.0000000 0.0071920
 72 V  72 0.0233149 0.0000000 0.0000000 0.0000000 0.0000000 0.0000000 0.0000000 0.0000000 0.0000000 0.2405125 0.0921789 0.0000000 0.0000000 0.0115503 0.0000000 0.0000000 0.0063358 0.0000000 0.0000000 0.6261076
 73 E  73 0.0000000 0.0000000 0.0000000 0.0000000 0.0000000 0.0061832 0.9267417 0.0117605 0.0000000 0.0085009 0.0000000 0.0223369 0.0000000 0.0000000 0.0000000 0.0036476 0.0090785 0.0000000 0.0000000 0.0117508
 74 T  74 0.0752037 0.0149177 0.3395974 0.1657298 0.0000000 0.1490556 0.0281719 0.0121914 0.0127279 0.0136285 0.0369489 0.0045515 0.0323155 0.0000000 0.0000000 0.0690774 0.0343462 0.0000000 0.0056864 0.0058502
 75 Y  75 0.0151552 0.1104989 0.0024728 0.0000000 0.0055569 0.2559570 0.0000000 0.0000000 0.0173591 0.0524730 0.0578520 0.0049643 0.1606722 0.0179656 0.0000000 0.0110366 0.0284099 0.0000000 0.2245553 0.0350710
 76 L  76 0.0046325 0.0000000 0.0000000 0.0000000 0.0038426 0.0000000 0.0000000 0.0000000 0.0000000 0.2883652 0.6448295 0.0000000 0.0045712 0.0000000 0.0000000 0.0000000 0.0000000 0.0000000 0.0000000 0.0537590
 77 K  77 0.0209729 0.0000000 0.0000000 0.0000000 0.0091006 0.0090342 0.0000000 0.0000000 0.0000000 0.5161547 0.2084601 0.0518464 0.0170134 0.0096833 0.0000000 0.0000000 0.0076839 0.0000000 0.0000000 0.1500505
 78 K  78 0.0811362 0.1664486 0.0590557 0.0000000 0.0000000 0.3683572 0.0000000 0.0250943 0.0042507 0.0043890 0.0058082 0.0815816 0.1174050 0.0047978 0.0000000 0.0383509 0.0301907 0.0000000 0.0025860 0.0105480
 79 L  79 0.0621802 0.0000000 0.0324413 0.0000000 0.0000000 0.0086408 0.0000000 0.0139850 0.0000000 0.0231557 0.4969654 0.0000000 0.2890907 0.0083899 0.0000000 0.0375682 0.0193902 0.0034540 0.0000000 0.0047385
 80 I  80 0.7419208 0.0000000 0.0032502 0.0000000 0.0062251 0.0000000 0.0000000 0.0164513 0.0080879 0.0531739 0.0092631 0.0000000 0.0059558 0.0056329 0.0000000 0.0286353 0.0088970 0.0000000 0.0409326 0.0715740
 81 A  81 0.0456699 0.1822483 0.0028843 0.0000000 0.0000000 0.5369648 0.0089394 0.0248538 0.0175380 0.0000000 0.0224790 0.0266529 0.0174458 0.0088970 0.0000000 0.0862352 0.0159414 0.0000000 0.0000000 0.0032502
 82 T  82 0.0651771 0.1036726 0.0232156 0.0000000 0.0000000 0.0720102 0.0080879 0.0078534 0.0000000 0.0029353 0.0184325 0.0261573 0.1261283 0.0217234 0.0000000 0.3071090 0.1823167 0.0000000 0.0323892 0.0027916
 83 N  83 0.0000000 0.0124437 0.0384948 0.0000000 0.0000000 0.0000000 0.0000000 0.9098001 0.0104932 0.0000000 0.0000000 0.0037184 0.0000000 0.0000000 0.0000000 0.0183471 0.0000000 0.0000000 0.0067026 0.0000000
 84 N  84 0.0236710 0.2701148 0.0341289 0.0000000 0.0000000 0.4625951 0.0049815 0.0510687 0.0076839 0.0000000 0.0211326 0.0948268 0.0034902 0.0000000 0.0000000 0.0190626 0.0000000 0.0000000 0.0000000 0.0072440
 85 V  85 0.0084021 0.0089100 0.0000000 0.0000000 0.0000000 0.0000000 0.0000000 0.0000000 0.0000000 0.3783713 0.4475697 0.0000000 0.0178224 0.0175636 0.0000000 0.0000000 0.0000000 0.0000000 0.0172209 0.1041398
 86 T  86 0.0373287 0.2482579 0.0425578 0.0134485 0.0037847 0.1706397 0.0000000 0.0655217 0.0228252 0.0000000 0.0000000 0.0568147 0.0074184 0.0000000 0.0714323 0.1158468 0.1126428 0.0000000 0.0066123 0.0248686
 87 H  87 0.0645850 0.0806974 0.0449401 0.0196835 0.0064845 0.0985588 0.0836984 0.2545250 0.0694641 0.0342028 0.0115512 0.0325192 0.0000000 0.0000000 0.0431969 0.0956816 0.0253071 0.0000000 0.0000000 0.0349043
 88 K  88 0.0059731 0.1091118 0.0000000 0.0000000 0.0000000 0.0806493 0.0000000 0.0000000 0.0000000 0.0080372 0.0000000 0.5863086 0.0260423 0.0000000 0.1536510 0.0033565 0.0131785 0.0000000 0.0000000 0.0136917
 89 I  89 0.0000000 0.0000000 0.0000000 0.0000000 0.0000000 0.0000000 0.0000000 0.0000000 0.0000000 0.4041616 0.1540103 0.0000000 0.0520677 0.0000000 0.0000000 0.0000000 0.0000000 0.0000000 0.0000000 0.3897604
 90 T  90 0.0039763 0.0000000 0.0694169 0.1927974 0.0000000 0.0180974 0.0045499 0.0717055 0.0000000 0.0000000 0.0000000 0.0068587 0.0000000 0.0000000 0.0000000 0.3038357 0.3287623 0.0000000 0.0000000 0.0000000
 91 E  91 0.0000000 0.0000000 0.0000000 0.4034164 0.0000000 0.0000000 0.5918926 0.0000000 0.0000000 0.0000000 0.0046910 0.0000000 0.0000000 0.0000000 0.0000000 0.0000000 0.0000000 0.0000000 0.0000000 0.0000000
 92 A  92 0.1193405 0.0135418 0.0285353 0.2180208 0.0000000 0.0784372 0.3471088 0.0212778 0.0000000 0.0000000 0.0039787 0.0486954 0.0000000 0.0000000 0.0219069 0.0667446 0.0279173 0.0000000 0.0000000 0.0044950
 93 E  93 0.0170196 0.0373322 0.0073966 0.0797960 0.0000000 0.2952587 0.2423546 0.0662464 0.0123576 0.0000000 0.0045894 0.0953545 0.0179260 0.0097473 0.0000000 0.0281636 0.0604414 0.0000000 0.0118094 0.0142070
 94 I  94 0.0000000 0.0000000 0.0000000 0.0000000 0.0000000 0.0000000 0.0000000 0.0000000 0.0000000 0.1249339 0.7260613 0.0000000 0.0464049 0.0521713 0.0000000 0.0000000 0.0000000 0.0000000 0.0000000 0.0504286
 95 V  95 0.0000000 0.0540430 0.0000000 0.0000000 0.0000000 0.0000000 0.0072304 0.0063806 0.0000000 0.2865551 0.0113329 0.4376660 0.0038261 0.0000000 0.0000000 0.0047042 0.0050417 0.0000000 0.0000000 0.1832199
 96 S  96 0.0576846 0.0205025 0.0467531 0.0879297 0.0000000 0.1672300 0.2976426 0.0683601 0.0270481 0.0000000 0.0099493 0.0880569 0.0036733 0.0000000 0.0000000 0.0795325 0.0290854 0.0000000 0.0000000 0.0165519
 97 I  97 0.0000000 0.0000000 0.0000000 0.0000000 0.0000000 0.0000000 0.0000000 0.0000000 0.0000000 0.4344784 0.4772995 0.0000000 0.0611416 0.0080318 0.0000000 0.0000000 0.0078664 0.0000000 0.0000000 0.0111821
 98 L  98 0.0000000 0.0000000 0.0000000 0.0000000 0.0000000 0.0000000 0.0000000 0.0000000 0.0000000 0.0555992 0.9215541 0.0000000 0.0068162 0.0000000 0.0078364 0.0000000 0.0000000 0.0046863 0.0000000 0.0035078
 99 N  99 0.0574853 0.0428886 0.1474766 0.1122090 0.0000000 0.0366498 0.3444358 0.0276761 0.0137616 0.0141430 0.0304360 0.0527179 0.0027500 0.0000000 0.0000000 0.1018292 0.0155413 0.0000000 0.0000000 0.0000000
100 G 100 0.1149617 0.0879877 0.0229614 0.0000000 0.0000000 0.2928950 0.0745425 0.1163150 0.0114667 0.0000000 0.0000000 0.1338034 0.0191753 0.0000000 0.0000000 0.1057989 0.0200923 0.0000000 0.0000000 0.0000000
101 I 101 0.0183155 0.0000000 0.0000000 0.0000000 0.0000000 0.0082413 0.0000000 0.0038567 0.0000000 0.3123173 0.2088832 0.0000000 0.0971880 0.0196670 0.0000000 0.0000000 0.0122113 0.0000000 0.0000000 0.3193196
102 A 102 0.2115693 0.0000000 0.1651098 0.0351844 0.0000000 0.0560896 0.0471116 0.0178804 0.0146469 0.0071114 0.0000000 0.0259683 0.0106775 0.0000000 0.0000000 0.2806503 0.0559536 0.0000000 0.0588111 0.0132357
103 K 103 0.0762042 0.1213808 0.0243798 0.0342785 0.0000000 0.1479150 0.2333856 0.0709326 0.0000000 0.0000000 0.0101491 0.0645435 0.0000000 0.0000000 0.0989210 0.0603326 0.0520317 0.0000000 0.0000000 0.0055456
104 Q 104 0.0689007 0.0772930 0.1035134 0.1162155 0.0000000 0.3253417 0.0594379 0.0086095 0.0239835 0.0000000 0.0026045 0.0851015 0.0240749 0.0000000 0.0214330 0.0640784 0.0102933 0.0000000 0.0000000 0.0091191
105 Q 105 0.0159326 0.0200022 0.0259482 0.0217409 0.0000000 0.1300359 0.1035042 0.0196063 0.0000000 0.0202142 0.0102852 0.1197969 0.0553110 0.0000000 0.0123499 0.1032203 0.3281297 0.0000000 0.0000000 0.0139227
106 N 106 0.0258595 0.2025915 0.0674758 0.0141075 0.0000000 0.1604626 0.1155101 0.0208087 0.0319038 0.0000000 0.0000000 0.1591905 0.0000000 0.0031662 0.0403257 0.0824254 0.0490627 0.0000000 0.0152952 0.0118146
107 S 107 0.0419458 0.1028138 0.0142511 0.0603903 0.0000000 0.0899942 0.0863250 0.0035507 0.0078693 0.0000000 0.0100497 0.3767044 0.0000000 0.0000000 0.0190152 0.1568550 0.0254157 0.0000000 0.0048196 0.0000000
108 Q 108 0.0422650 0.0413604 0.0180306 0.0396483 0.0000000 0.0756413 0.1500999 0.0000000 0.0354920 0.0237975 0.0099243 0.3710871 0.0031819 0.0403629 0.0155015 0.0410924 0.0818333 0.0000000 0.0064610 0.0042205
109 N 109 0.0221850 0.0626363 0.1206152 0.0105381 0.0000000 0.0369957 0.0830937 0.0433718 0.0078076 0.0156915 0.0000000 0.1267470 0.0053284 0.0441714 0.0190037 0.1281580 0.2420245 0.0000000 0.0316320 0.0000000
110 N 110 0.0302961 0.0823743 0.0563289 0.0532575 0.0000000 0.0425279 0.1492710 0.0209608 0.0036924 0.1393895 0.0000000 0.1322698 0.0000000 0.0000000 0.0247407 0.0434189 0.2010977 0.0000000 0.0000000 0.0203743
111 S 111 0.0061854 0.0414687 0.0281483 0.0000000 0.0000000 0.0035776 0.0678119 0.0204934 0.0050976 0.1891957 0.0000000 0.0207981 0.0059875 0.0498621 0.0228423 0.0915602 0.1473135 0.0000000 0.0000000 0.2996578
112 K 112 0.0000000 0.2095653 0.0182626 0.0055297 0.0000000 0.0192781 0.0048762 0.0000000 0.0067023 0.0259893 0.0101913 0.5537538 0.0000000 0.0000000 0.0000000 0.0267472 0.0828313 0.0000000 0.0000000 0.0362728
113 I 113 0.0000000 0.0000000 0.0000000 0.0000000 0.0000000 0.0000000 0.0246912 0.0000000 0.0000000 0.5835702 0.0046090 0.0103517 0.0000000 0.2712500 0.0000000 0.0000000 0.0073536 0.0000000 0.0176649 0.0805093
114 I 114 0.0105375 0.0186009 0.1087479 0.1458205 0.0000000 0.0813237 0.0396340 0.0000000 0.0000000 0.1822617 0.0048284 0.0690686 0.0000000 0.0116243 0.0000000 0.0215573 0.1324468 0.0000000 0.0000000 0.1735483
115 F 115 0.0000000 0.5162148 0.0035158 0.0000000 0.0000000 0.0056450 0.0062130 0.0000000 0.0054907 0.0987302 0.0000000 0.0000000 0.0348565 0.2222192 0.0000000 0.0000000 0.0000000 0.0000000 0.0417296 0.0653852
116 E 116 0.0299106 0.4288265 0.1038972 0.0647248 0.0152353 0.0364808 0.0318366 0.0000000 0.0000000 0.0000000 0.0000000 0.1565196 0.0000000 0.0000000 0.0000000 0.0972346 0.0278893 0.0000000 0.0000000 0.0074447
117 A 117 0.0234404 0.8083887 0.0000000 0.0156065 0.0000000 0.0089017 0.0129447 0.0000000 0.0000000 0.0000000 0.0000000 0.1228926 0.0000000 0.0000000 0.0000000 0.0078255 0.0000000 0.0000000 0.0000000 0.0000000
118 A 118 0.1478812 0.3227481 0.0244556 0.0085580 0.0163460 0.0000000 0.0000000 0.0352732 0.0000000 0.0000000 0.0152979 0.2148918 0.0000000 0.0000000 0.0105024 0.0310791 0.0000000 0.0269829 0.0057671 0.1402169
119 A 119 0.1916053 0.0717361 0.0621731 0.0475100 0.0000000 0.0147824 0.0750751 0.0466255 0.0000000 0.0168135 0.0409692 0.1645009 0.0869357 0.0067814 0.0070100 0.0136036 0.0708308 0.0000000 0.0069836 0.0760637
120 L 120 0.0233585 0.0000000 0.0000000 0.2344167 0.0000000 0.0252425 0.0106577 0.0918861 0.0300912 0.1074891 0.2979684 0.0000000 0.0469562 0.0284146 0.0000000 0.0236469 0.0331575 0.0000000 0.0066664 0.0400481
121 E 121 0.0083858 0.0113659 0.0164231 0.4588870 0.0000000 0.0000000 0.0784402 0.0932758 0.0000000 0.0000000 0.0203583 0.0000000 0.0144411 0.0843992 0.0116747 0.1966329 0.0000000 0.0057158 0.0000000 0.0000000
122 H 122 0.0000000 0.0000000 0.0000000 0.5192417 0.0000000 0.0000000 0.0354391 0.0000000 0.0377406 0.0178360 0.0000000 0.0000000 0.0000000 0.0212101 0.0000000 0.2249896 0.0000000 0.1264207 0.0171222 0.0000000
123 H 123 0.0000000 0.0000000 0.0240548 0.6577660 0.0000000 0.0000000 0.2265717 0.0000000 0.0428025 0.0000000 0.0000000 0.0000000 0.0000000 0.0117543 0.0000000 0.0370507 0.0000000 0.0000000 0.0000000 0.0000000
124 H 124 0.0000000 0.0000000 0.0566271 0.5283762 0.0000000 0.0000000 0.1699469 0.0000000 0.0460404 0.0000000 0.0000000 0.0000000 0.0000000 0.0000000 0.0000000 0.1245256 0.0000000 0.0744837 0.0000000 0.0000000
125 H 125 0.0000000 0.0000000 0.0161290 0.6568614 0.0000000 0.0000000 0.2222514 0.0000000 0.0670669 0.0000000 0.0000000 0.0000000 0.0000000 0.0000000 0.0000000 0.0000000 0.0376914 0.0000000 0.0000000 0.0000000
126 H 126 0.0000000 0.0000000 0.0000000 0.2846023 0.0000000 0.0321047 0.1441733 0.0000000 0.0845401 0.0000000 0.1492513 0.0000000 0.0424734 0.0225095 0.0000000 0.0908598 0.0000000 0.0556904 0.0937953 0.0000000
127 H 127 0.0000000 0.0000000 0.0000000 0.6357524 0.0000000 0.0000000 0.2290374 0.0000000 0.1352102 0.0000000 0.0000000 0.0000000 0.0000000 0.0000000 0.0000000 0.0000000 0.0000000 0.0000000 0.0000000 0.0000000
