   75         A         R         N         D         C         Q         E         G         H         I         L         K         M         F         P         S         T         W         Y         V         X    
  1 T   1 0.0000000 0.0000000 0.0000000 0.0000000 0.0000000 0.0000000 0.0000000 0.0000000 0.0000000 0.0000000 0.0000000 0.0000000 0.0000000 0.0000000 0.0000000 0.0000000 0.3934595 0.0000000 0.0000000 0.0000000 0.6065405
  2 D   2 0.0000000 0.0000000 0.0000000 0.4508727 0.0000000 0.0000000 0.1955964 0.0000000 0.0000000 0.0000000 0.0000000 0.0000000 0.0000000 0.0000000 0.0000000 0.0000000 0.0000000 0.0000000 0.0000000 0.0000000 0.3535309
  3 V   3 0.0000000 0.0000000 0.0000000 0.0000000 0.0000000 0.0000000 0.0000000 0.0000000 0.0000000 0.0000000 0.0000000 0.0000000 0.0000000 0.0000000 0.0000000 0.0423324 0.0244834 0.0000000 0.0000000 0.5796533 0.3535309
  4 E   4 0.0000000 0.0000000 0.0000000 0.0328290 0.0000000 0.0000000 0.6219857 0.0000000 0.0000000 0.0000000 0.0000000 0.0000000 0.0000000 0.0000000 0.0000000 0.0000000 0.0244834 0.0000000 0.0000000 0.0000000 0.3207019
  5 T   5 0.1070106 0.0000000 0.0000000 0.0000000 0.0000000 0.0000000 0.0162711 0.0000000 0.0000000 0.0000000 0.0000000 0.0000000 0.0000000 0.0000000 0.1491422 0.3285154 0.0684334 0.0000000 0.0000000 0.0248234 0.3058038
  6 T   6 0.0205832 0.0000000 0.0000000 0.0423324 0.0000000 0.0000000 0.0000000 0.0371861 0.0000000 0.0000000 0.0179920 0.0000000 0.0207292 0.0328290 0.0000000 0.1691184 0.1742535 0.0000000 0.0000000 0.1791724 0.3058038
  7 Y   7 0.0000000 0.0000000 0.0000000 0.0000000 0.0000000 0.0000000 0.0000000 0.0000000 0.0732299 0.0407603 0.0469203 0.0000000 0.0000000 0.0000000 0.0000000 0.0000000 0.0000000 0.0000000 0.4062875 0.1867256 0.2460764
  8 A   8 0.1020458 0.0000000 0.0776747 0.0000000 0.0000000 0.0000000 0.0688740 0.0000000 0.0404009 0.0000000 0.0000000 0.0000000 0.0000000 0.0000000 0.0000000 0.3110601 0.1290821 0.0000000 0.0000000 0.0000000 0.2708624
  9 D   9 0.0000000 0.0000000 0.1114331 0.4528787 0.0000000 0.0404009 0.2949035 0.0000000 0.0000000 0.0000000 0.0000000 0.0000000 0.0000000 0.0000000 0.0000000 0.0341139 0.0159026 0.0000000 0.0000000 0.0000000 0.0503674
 10 F  10 0.0000000 0.0000000 0.0000000 0.0000000 0.0000000 0.0000000 0.0000000 0.0000000 0.0000000 0.0000000 0.0000000 0.0000000 0.0000000 0.9496326 0.0000000 0.0000000 0.0000000 0.0000000 0.0000000 0.0000000 0.0503674
 11 I  11 0.2550797 0.0000000 0.0000000 0.0000000 0.0000000 0.0151003 0.0000000 0.0000000 0.0000000 0.4062875 0.1999353 0.0000000 0.0000000 0.0000000 0.0000000 0.0000000 0.0000000 0.0000000 0.0732299 0.0000000 0.0503674
 12 A  12 0.2009923 0.0000000 0.1612656 0.0000000 0.0000000 0.0169388 0.0266862 0.0423324 0.0000000 0.0000000 0.0000000 0.0000000 0.0000000 0.0000000 0.0000000 0.4568347 0.0252561 0.0000000 0.0000000 0.0193265 0.0503674
 13 S  13 0.0000000 0.0000000 0.0000000 0.0000000 0.2679076 0.0000000 0.0000000 0.0000000 0.0000000 0.0000000 0.0000000 0.0000000 0.0000000 0.0000000 0.0000000 0.4410932 0.2406319 0.0000000 0.0000000 0.0000000 0.0503674
 14 G  14 0.1614495 0.0219162 0.0000000 0.2679076 0.0000000 0.0000000 0.0000000 0.4983593 0.0000000 0.0000000 0.0000000 0.0000000 0.0000000 0.0000000 0.0000000 0.0000000 0.0000000 0.0000000 0.0000000 0.0000000 0.0503674
 15 R  15 0.0000000 0.9496326 0.0000000 0.0000000 0.0000000 0.0000000 0.0000000 0.0000000 0.0000000 0.0000000 0.0000000 0.0000000 0.0000000 0.0000000 0.0000000 0.0000000 0.0000000 0.0000000 0.0000000 0.0000000 0.0503674
 16 T  16 0.1986605 0.0000000 0.0000000 0.0000000 0.0000000 0.0000000 0.0000000 0.0000000 0.0000000 0.0732299 0.0000000 0.0000000 0.0000000 0.0000000 0.0000000 0.0933774 0.5843648 0.0000000 0.0000000 0.0000000 0.0503674
 17 G  17 0.0000000 0.0000000 0.0000000 0.0000000 0.0000000 0.0000000 0.0000000 0.9496326 0.0000000 0.0000000 0.0000000 0.0000000 0.0000000 0.0000000 0.0000000 0.0000000 0.0000000 0.0000000 0.0000000 0.0000000 0.0503674
 18 R  18 0.0000000 0.9496326 0.0000000 0.0000000 0.0000000 0.0000000 0.0000000 0.0000000 0.0000000 0.0000000 0.0000000 0.0000000 0.0000000 0.0000000 0.0000000 0.0000000 0.0000000 0.0000000 0.0000000 0.0000000 0.0503674
 19 R  19 0.0000000 1.0000000 0.0000000 0.0000000 0.0000000 0.0000000 0.0000000 0.0000000 0.0000000 0.0000000 0.0000000 0.0000000 0.0000000 0.0000000 0.0000000 0.0000000 0.0000000 0.0000000 0.0000000 0.0000000 0.0000000
 20 N  20 0.0000000 0.0000000 1.0000000 0.0000000 0.0000000 0.0000000 0.0000000 0.0000000 0.0000000 0.0000000 0.0000000 0.0000000 0.0000000 0.0000000 0.0000000 0.0000000 0.0000000 0.0000000 0.0000000 0.0000000 0.0000000
 21 A  21 1.0000000 0.0000000 0.0000000 0.0000000 0.0000000 0.0000000 0.0000000 0.0000000 0.0000000 0.0000000 0.0000000 0.0000000 0.0000000 0.0000000 0.0000000 0.0000000 0.0000000 0.0000000 0.0000000 0.0000000 0.0000000
 22 I  22 0.0000000 0.0000000 0.0000000 0.0000000 0.0000000 0.0000000 0.0000000 0.0000000 0.0000000 0.1396025 0.4672311 0.0000000 0.0615061 0.0000000 0.0000000 0.0000000 0.0000000 0.0000000 0.0000000 0.3316603 0.0000000
 23 H  23 0.0328414 0.0000000 0.0000000 0.0000000 0.0000000 0.0000000 0.0000000 0.0000000 0.1742535 0.0000000 0.0000000 0.0000000 0.0000000 0.0000000 0.7426872 0.0000000 0.0502179 0.0000000 0.0000000 0.0000000 0.0000000
 24 D  24 0.0000000 0.0000000 0.0512221 0.8985600 0.0000000 0.0000000 0.0502179 0.0000000 0.0000000 0.0000000 0.0000000 0.0000000 0.0000000 0.0000000 0.0000000 0.0000000 0.0000000 0.0000000 0.0000000 0.0000000 0.0000000
 25 I  25 0.0000000 0.0000000 0.0000000 0.0000000 0.0000000 0.0000000 0.0000000 0.0000000 0.0000000 0.9576676 0.0423324 0.0000000 0.0000000 0.0000000 0.0000000 0.0000000 0.0000000 0.0000000 0.0000000 0.0000000 0.0000000
 26 L  26 0.0000000 0.0000000 0.0000000 0.0000000 0.0000000 0.3673560 0.0126361 0.0000000 0.0000000 0.0232505 0.5033419 0.0341512 0.0000000 0.0000000 0.0219162 0.0152138 0.0000000 0.0000000 0.0221343 0.0000000 0.0000000
 27 V  27 0.0000000 0.0358737 0.0000000 0.0544720 0.0221343 0.0000000 0.0000000 0.6485939 0.0000000 0.0000000 0.0000000 0.0000000 0.0000000 0.0000000 0.0266862 0.1046971 0.0159026 0.0000000 0.0000000 0.0916402 0.0000000
 28 S  28 0.0219162 0.0749966 0.0000000 0.1543050 0.0000000 0.0666630 0.0881097 0.0122201 0.0246048 0.0000000 0.0288541 0.0205832 0.0000000 0.0000000 0.0414609 0.4026351 0.0636514 0.0000000 0.0000000 0.0000000 0.0000000
 29 S  29 0.1476404 0.0000000 0.0193265 0.0364857 0.0000000 0.0347704 0.0000000 0.0647377 0.2201184 0.0000000 0.0248577 0.0000000 0.0000000 0.0000000 0.1608249 0.2516198 0.0266669 0.0000000 0.0000000 0.0129515 0.0000000
 30 A  30 0.5034804 0.0000000 0.0209756 0.0000000 0.0732299 0.0000000 0.1118276 0.1060763 0.0000000 0.0000000 0.0000000 0.0148549 0.0000000 0.0000000 0.0121121 0.0704218 0.0246982 0.0000000 0.0000000 0.0623232 0.0000000
 31 S  31 0.1818108 0.0221343 0.0000000 0.0154933 0.0000000 0.0000000 0.1383225 0.1809331 0.0000000 0.0169388 0.0148549 0.0234494 0.0118321 0.0000000 0.0126361 0.0562776 0.3101032 0.0000000 0.0000000 0.0152138 0.0000000
 32 G  32 0.0777328 0.0000000 0.0000000 0.0104056 0.0000000 0.0000000 0.0000000 0.2240518 0.0000000 0.0358737 0.0671558 0.0000000 0.0000000 0.0000000 0.0624182 0.0329607 0.2160308 0.0000000 0.0000000 0.2733706 0.0000000
 33 N  33 0.0256131 0.0000000 0.0916402 0.0248234 0.0000000 0.0205832 0.0138290 0.3343860 0.0000000 0.0000000 0.0000000 0.0423324 0.0000000 0.0000000 0.0000000 0.2416733 0.1865489 0.0000000 0.0000000 0.0000000 0.0185707
 34 S  34 0.0397124 0.0000000 0.0000000 0.0000000 0.0000000 0.0000000 0.0000000 0.0000000 0.0000000 0.0000000 0.0493836 0.0000000 0.1403965 0.0000000 0.1106747 0.1593742 0.3886309 0.0000000 0.0000000 0.1118276 0.0000000
 35 N  35 0.1791197 0.1390908 0.0299691 0.0000000 0.0000000 0.0000000 0.0541103 0.0709505 0.0000000 0.0000000 0.0502179 0.0000000 0.0000000 0.0000000 0.0310509 0.3852345 0.0602563 0.0000000 0.0000000 0.0000000 0.0000000
 36 E  36 0.0000000 0.0000000 0.0000000 0.5420560 0.0000000 0.0000000 0.2516974 0.0248234 0.0000000 0.0000000 0.0000000 0.1814231 0.0000000 0.0000000 0.0000000 0.0000000 0.0000000 0.0000000 0.0000000 0.0000000 0.0000000
 37 L  37 0.0000000 0.0000000 0.0000000 0.0000000 0.0000000 0.0000000 0.0000000 0.0000000 0.0000000 0.0000000 0.9767495 0.0000000 0.0000000 0.0000000 0.0000000 0.0000000 0.0000000 0.0000000 0.0000000 0.0232505 0.0000000
 38 A  38 0.2136958 0.0000000 0.0000000 0.0000000 0.0000000 0.0000000 0.0000000 0.0000000 0.0000000 0.0000000 0.0000000 0.0000000 0.0000000 0.0000000 0.5027819 0.1824109 0.1011115 0.0000000 0.0000000 0.0000000 0.0000000
 39 L  39 0.0261950 0.0000000 0.0130451 0.1163002 0.0000000 0.0441500 0.0728908 0.1032171 0.0283199 0.0000000 0.2957649 0.1007059 0.0000000 0.0000000 0.0000000 0.1094195 0.0549634 0.0000000 0.0000000 0.0350285 0.0000000
 40 K  40 0.0123235 0.1737434 0.0427175 0.1926686 0.0000000 0.0901687 0.0000000 0.0000000 0.0000000 0.0000000 0.0000000 0.3876426 0.0000000 0.0000000 0.0000000 0.0335799 0.0671558 0.0000000 0.0000000 0.0000000 0.0000000
 41 L  41 0.0000000 0.0000000 0.0000000 0.0000000 0.0000000 0.0000000 0.0000000 0.0000000 0.0000000 0.0209756 0.6063056 0.0000000 0.2509830 0.1217358 0.0000000 0.0000000 0.0000000 0.0000000 0.0000000 0.0000000 0.0000000
 42 A  42 0.2832234 0.0000000 0.0000000 0.0423324 0.0000000 0.0415411 0.3155579 0.2232621 0.0000000 0.0000000 0.0000000 0.0000000 0.0000000 0.0000000 0.0000000 0.0940831 0.0000000 0.0000000 0.0000000 0.0000000 0.0000000
 43 G  43 0.2614272 0.0221343 0.0000000 0.1028548 0.0000000 0.0621704 0.4561623 0.0544525 0.0000000 0.0000000 0.0000000 0.0000000 0.0193265 0.0000000 0.0000000 0.0214719 0.0000000 0.0000000 0.0000000 0.0000000 0.0000000
 44 L  44 0.0000000 0.0000000 0.0000000 0.0000000 0.0000000 0.0000000 0.0000000 0.0000000 0.0000000 0.0423324 0.8513012 0.0000000 0.1063664 0.0000000 0.0000000 0.0000000 0.0000000 0.0000000 0.0000000 0.0000000 0.0000000
 45 D  45 0.2058884 0.0000000 0.0722836 0.1575415 0.0000000 0.0000000 0.0000000 0.0209756 0.0000000 0.0000000 0.0000000 0.0000000 0.0000000 0.0000000 0.0000000 0.3946147 0.1220099 0.0000000 0.0000000 0.0266862 0.0000000
 46 I  46 0.0000000 0.0000000 0.0000000 0.0000000 0.0221343 0.0000000 0.0000000 0.0000000 0.0000000 0.1589630 0.3225674 0.0000000 0.1039070 0.0000000 0.0000000 0.0000000 0.2159132 0.0000000 0.0000000 0.1765150 0.0000000
 47 N  47 0.0423324 0.0000000 0.1171924 0.0305936 0.0000000 0.0205832 0.2114430 0.0397124 0.0342833 0.0000000 0.0000000 0.2946570 0.0000000 0.0000000 0.0000000 0.1446193 0.0266862 0.0000000 0.0000000 0.0000000 0.0378972
 48 K  48 0.0791613 0.0000000 0.0000000 0.1128150 0.0000000 0.0000000 0.2915210 0.1978212 0.0000000 0.0000000 0.0000000 0.1383799 0.0000000 0.0000000 0.0154933 0.0264235 0.1004876 0.0000000 0.0000000 0.0000000 0.0378972
 49 T  49 0.1773120 0.0000000 0.0000000 0.2193728 0.0732299 0.0000000 0.0926997 0.1222141 0.0000000 0.0000000 0.0000000 0.0000000 0.0000000 0.0000000 0.0747602 0.0824657 0.0913702 0.0000000 0.0000000 0.0568550 0.0097204
 50 E  50 0.1338022 0.0150896 0.0000000 0.0878340 0.0000000 0.0371728 0.2295762 0.1527824 0.0151003 0.0000000 0.0128914 0.0524240 0.0000000 0.0000000 0.0334968 0.0295311 0.0612613 0.0000000 0.0000000 0.1092275 0.0298104
 51 G  51 0.0154933 0.0000000 0.1407879 0.0340317 0.0174686 0.0762988 0.0563112 0.3661357 0.0000000 0.0000000 0.0000000 0.0656644 0.0217307 0.0000000 0.0000000 0.1112181 0.0537153 0.0000000 0.0000000 0.0000000 0.0411443
 52 E  52 0.0179920 0.0154933 0.0664441 0.0887530 0.0000000 0.1526680 0.1858025 0.0641963 0.0000000 0.0000000 0.0000000 0.1811249 0.0000000 0.0000000 0.0573724 0.0370514 0.0496253 0.0000000 0.0000000 0.0423324 0.0411443
 53 E  53 0.1420630 0.0148981 0.0397051 0.0000000 0.0000000 0.0488206 0.2263149 0.1693836 0.0000000 0.0000000 0.0000000 0.1075175 0.0000000 0.0000000 0.0484237 0.0877817 0.0423324 0.0000000 0.0000000 0.0106604 0.0620990
 54 D  54 0.0209756 0.0000000 0.0521609 0.2312428 0.0000000 0.0000000 0.1201388 0.1766210 0.0000000 0.0000000 0.0000000 0.0407603 0.0283496 0.0000000 0.0951351 0.0876365 0.0361471 0.0000000 0.0000000 0.0384054 0.0724270
 55 A  55 0.2243305 0.0119726 0.0497679 0.0886620 0.0000000 0.0283496 0.0690920 0.1558007 0.0000000 0.0000000 0.0000000 0.0248234 0.0148549 0.0000000 0.0193265 0.1074120 0.0000000 0.0000000 0.0000000 0.0357731 0.1698348
 56 Q  56 0.0291625 0.0000000 0.0169388 0.0437524 0.0000000 0.2124180 0.1218404 0.0320300 0.0000000 0.0000000 0.0000000 0.0129214 0.0000000 0.0000000 0.0244834 0.2681050 0.1022715 0.0000000 0.0000000 0.0000000 0.1360765
 57 R  57 0.0367094 0.0379997 0.0000000 0.0812208 0.0000000 0.0583202 0.0889345 0.0437867 0.0000000 0.0000000 0.0000000 0.0730409 0.0000000 0.0000000 0.1003710 0.2074702 0.1054420 0.0000000 0.0000000 0.0179920 0.1487126
 58 S  58 0.1221131 0.0248234 0.0384206 0.0000000 0.0116637 0.0407603 0.0138290 0.0154933 0.0000000 0.0000000 0.0000000 0.0864872 0.0000000 0.0000000 0.1070302 0.2789274 0.1005899 0.0000000 0.0000000 0.0111494 0.1487126
 59 S  59 0.0270889 0.0174686 0.0986019 0.1058183 0.0000000 0.0344687 0.0454590 0.0165580 0.0000000 0.0000000 0.0305926 0.0423324 0.0000000 0.0000000 0.1789245 0.1538726 0.0740307 0.0000000 0.0000000 0.0000000 0.1747838
 60 T  60 0.0503911 0.0000000 0.0219162 0.0266862 0.0424475 0.0538864 0.0846977 0.0244834 0.0000000 0.0151003 0.0221343 0.1363652 0.0000000 0.0000000 0.0987383 0.1607760 0.0973937 0.0000000 0.0000000 0.0000000 0.1649837
 61 E  61 0.0287818 0.0000000 0.0000000 0.1423939 0.0000000 0.0473724 0.2094007 0.0850499 0.0000000 0.0214719 0.0266862 0.0709299 0.0000000 0.0000000 0.1146341 0.0537099 0.0298462 0.0000000 0.0000000 0.0283496 0.1413736
 62 Q  62 0.1409517 0.0000000 0.0000000 0.0266862 0.0000000 0.1248745 0.0847915 0.0767566 0.0000000 0.0000000 0.0125525 0.0621383 0.0588903 0.0174686 0.1730712 0.0525697 0.0278752 0.0000000 0.0000000 0.0000000 0.1413736
 63 S  63 0.0879732 0.0000000 0.0548923 0.0323234 0.0000000 0.0000000 0.0373760 0.0649650 0.0000000 0.0000000 0.1424116 0.0116637 0.0165580 0.0000000 0.0548352 0.1220147 0.1782104 0.0000000 0.0000000 0.0399097 0.1568669
 64 G  64 0.0865579 0.0000000 0.0690189 0.0124802 0.0000000 0.0688282 0.0331572 0.0827221 0.0000000 0.0000000 0.0179920 0.0817505 0.0000000 0.0000000 0.1119079 0.2005997 0.0611796 0.0000000 0.0000000 0.0000000 0.1738058
 65 E  65 0.0150896 0.0478463 0.0636449 0.0381054 0.0000000 0.0941637 0.1912978 0.0569804 0.0128914 0.0000000 0.0125525 0.1759592 0.0000000 0.0000000 0.0000000 0.0563749 0.0391539 0.0000000 0.0000000 0.0000000 0.1959401
 66 A  66 0.0702278 0.0293007 0.0447224 0.0242581 0.0000000 0.1146251 0.0624039 0.0123776 0.0000000 0.0423324 0.0000000 0.0263815 0.0000000 0.0000000 0.2236603 0.1089703 0.0133870 0.0000000 0.0000000 0.0000000 0.2273529
 67 Q  67 0.0000000 0.0000000 0.0296545 0.0266862 0.0000000 0.3552664 0.1505161 0.0214719 0.0151003 0.0000000 0.0000000 0.1137716 0.0000000 0.0000000 0.0000000 0.0138290 0.0463511 0.0000000 0.0000000 0.0000000 0.2273529
 68 G  68 0.0602804 0.0174686 0.0696100 0.0657005 0.0000000 0.0214719 0.1236321 0.1785506 0.0000000 0.0000000 0.0236101 0.0000000 0.0000000 0.0000000 0.0189290 0.0730410 0.0412427 0.0000000 0.0000000 0.0266862 0.2797769
 69 E  69 0.0754978 0.0423324 0.0000000 0.0000000 0.0000000 0.1157779 0.1284906 0.0492888 0.0000000 0.0000000 0.0000000 0.0462816 0.0000000 0.0000000 0.0687504 0.1017992 0.0266862 0.0000000 0.0000000 0.0000000 0.3450951
 70 A  70 0.1213047 0.0000000 0.0374257 0.0541252 0.0000000 0.0287818 0.1906961 0.0583844 0.0000000 0.0000000 0.0000000 0.0243305 0.0000000 0.0000000 0.0400426 0.0423324 0.0445900 0.0000000 0.0000000 0.0000000 0.3579866
 71 A  71 0.0379997 0.0000000 0.0129515 0.0000000 0.0000000 0.0000000 0.0185707 0.2030165 0.0000000 0.0000000 0.0283496 0.0825100 0.0000000 0.0000000 0.1235863 0.0358737 0.0189290 0.0000000 0.0000000 0.0126023 0.4256108
 72 K  72 0.0000000 0.0000000 0.0126023 0.0000000 0.0000000 0.0000000 0.0622584 0.0000000 0.0000000 0.0000000 0.0000000 0.1917851 0.0000000 0.0000000 0.0000000 0.0506951 0.1975429 0.0000000 0.0000000 0.0185707 0.4665456
 73 S  73 0.0312525 0.0000000 0.0000000 0.0842824 0.0000000 0.0487496 0.0148890 0.0493068 0.0000000 0.0000000 0.0000000 0.0304028 0.0000000 0.0000000 0.0487951 0.0640272 0.0906348 0.0000000 0.0000000 0.0000000 0.5376598
 74 E  74 0.0122201 0.0000000 0.0179920 0.0366376 0.0000000 0.0000000 0.0797148 0.0148890 0.0000000 0.0000000 0.0000000 0.0000000 0.0000000 0.0000000 0.0450666 0.1328051 0.1055465 0.0000000 0.0000000 0.0000000 0.5551284
 75 S  75 0.0583318 0.0000000 0.0179920 0.0000000 0.0000000 0.0000000 0.0000000 0.0000000 0.0000000 0.0000000 0.0000000 0.0000000 0.0000000 0.0000000 0.0000000 0.2071032 0.0000000 0.0000000 0.0000000 0.0000000 0.7165730
