   75         A         R         N         D         C         Q         E         G         H         I         L         K         M         F         P         S         T         W         Y         V    
  1 T   1 0.0000000 0.0000000 0.0000000 0.0000000 0.0000000 0.0000000 0.0000000 0.0000000 0.0000000 0.0000000 0.0000000 0.0000000 0.0000000 0.0000000 0.0000000 0.0000000 1.0000000 0.0000000 0.0000000 0.0000000
  2 D   2 0.0000000 0.0000000 0.0000000 0.6962037 0.0000000 0.0000000 0.3037963 0.0000000 0.0000000 0.0000000 0.0000000 0.0000000 0.0000000 0.0000000 0.0000000 0.0000000 0.0000000 0.0000000 0.0000000 0.0000000
  3 V   3 0.0000000 0.0000000 0.0000000 0.0000000 0.0000000 0.0000000 0.0000000 0.0000000 0.0000000 0.0000000 0.0000000 0.0000000 0.0000000 0.0000000 0.0000000 0.0652183 0.0405807 0.0000000 0.0000000 0.8942010
  4 E   4 0.0000000 0.0000000 0.0000000 0.0466270 0.0000000 0.0000000 0.9146844 0.0000000 0.0000000 0.0000000 0.0000000 0.0000000 0.0000000 0.0000000 0.0000000 0.0000000 0.0386886 0.0000000 0.0000000 0.0000000
  5 T   5 0.1517049 0.0000000 0.0000000 0.0000000 0.0000000 0.0000000 0.0222155 0.0000000 0.0000000 0.0000000 0.0000000 0.0000000 0.0000000 0.0000000 0.2209584 0.4693641 0.0995129 0.0000000 0.0000000 0.0362441
  6 T   6 0.0296900 0.0000000 0.0000000 0.0609067 0.0000000 0.0000000 0.0000000 0.0552297 0.0000000 0.0000000 0.0280613 0.0000000 0.0306974 0.0456741 0.0000000 0.2444106 0.2542601 0.0000000 0.0000000 0.2510702
  7 Y   7 0.0000000 0.0000000 0.0000000 0.0000000 0.0000000 0.0000000 0.0000000 0.0000000 0.0952107 0.0549332 0.0616237 0.0000000 0.0000000 0.0000000 0.0000000 0.0000000 0.0000000 0.0000000 0.5448388 0.2433936
  8 A   8 0.1449379 0.0000000 0.1033040 0.0000000 0.0000000 0.0000000 0.0928505 0.0000000 0.0549132 0.0000000 0.0000000 0.0000000 0.0000000 0.0000000 0.0000000 0.4285916 0.1754028 0.0000000 0.0000000 0.0000000
  9 D   9 0.0000000 0.0000000 0.1193151 0.4895666 0.0000000 0.0432903 0.2953714 0.0000000 0.0000000 0.0000000 0.0000000 0.0000000 0.0000000 0.0000000 0.0000000 0.0350798 0.0173768 0.0000000 0.0000000 0.0000000
 10 F  10 0.0000000 0.0000000 0.0000000 0.0000000 0.0000000 0.0000000 0.0000000 0.0000000 0.0000000 0.0000000 0.0000000 0.0000000 0.0000000 1.0000000 0.0000000 0.0000000 0.0000000 0.0000000 0.0000000 0.0000000
 11 I  11 0.2758004 0.0000000 0.0000000 0.0000000 0.0000000 0.0152157 0.0000000 0.0000000 0.0000000 0.4451893 0.1859977 0.0000000 0.0000000 0.0000000 0.0000000 0.0000000 0.0000000 0.0000000 0.0777969 0.0000000
 12 A  12 0.2253241 0.0000000 0.1710616 0.0000000 0.0000000 0.0162541 0.0276054 0.0460148 0.0000000 0.0000000 0.0000000 0.0000000 0.0000000 0.0000000 0.0000000 0.4695131 0.0259108 0.0000000 0.0000000 0.0183161
 13 S  13 0.0000000 0.0000000 0.0000000 0.0000000 0.2909178 0.0000000 0.0000000 0.0000000 0.0000000 0.0000000 0.0000000 0.0000000 0.0000000 0.0000000 0.0000000 0.4688835 0.2401987 0.0000000 0.0000000 0.0000000
 14 G  14 0.1717718 0.0242248 0.0000000 0.2909178 0.0000000 0.0000000 0.0000000 0.5130857 0.0000000 0.0000000 0.0000000 0.0000000 0.0000000 0.0000000 0.0000000 0.0000000 0.0000000 0.0000000 0.0000000 0.0000000
 15 R  15 0.0000000 1.0000000 0.0000000 0.0000000 0.0000000 0.0000000 0.0000000 0.0000000 0.0000000 0.0000000 0.0000000 0.0000000 0.0000000 0.0000000 0.0000000 0.0000000 0.0000000 0.0000000 0.0000000 0.0000000
 16 T  16 0.2131187 0.0000000 0.0000000 0.0000000 0.0000000 0.0000000 0.0000000 0.0000000 0.0000000 0.0777969 0.0000000 0.0000000 0.0000000 0.0000000 0.0000000 0.1002729 0.6088115 0.0000000 0.0000000 0.0000000
 17 G  17 0.0000000 0.0000000 0.0000000 0.0000000 0.0000000 0.0000000 0.0000000 1.0000000 0.0000000 0.0000000 0.0000000 0.0000000 0.0000000 0.0000000 0.0000000 0.0000000 0.0000000 0.0000000 0.0000000 0.0000000
 18 R  18 0.0000000 1.0000000 0.0000000 0.0000000 0.0000000 0.0000000 0.0000000 0.0000000 0.0000000 0.0000000 0.0000000 0.0000000 0.0000000 0.0000000 0.0000000 0.0000000 0.0000000 0.0000000 0.0000000 0.0000000
 19 R  19 0.0000000 1.0000000 0.0000000 0.0000000 0.0000000 0.0000000 0.0000000 0.0000000 0.0000000 0.0000000 0.0000000 0.0000000 0.0000000 0.0000000 0.0000000 0.0000000 0.0000000 0.0000000 0.0000000 0.0000000
 20 N  20 0.0000000 0.0000000 1.0000000 0.0000000 0.0000000 0.0000000 0.0000000 0.0000000 0.0000000 0.0000000 0.0000000 0.0000000 0.0000000 0.0000000 0.0000000 0.0000000 0.0000000 0.0000000 0.0000000 0.0000000
 21 A  21 1.0000000 0.0000000 0.0000000 0.0000000 0.0000000 0.0000000 0.0000000 0.0000000 0.0000000 0.0000000 0.0000000 0.0000000 0.0000000 0.0000000 0.0000000 0.0000000 0.0000000 0.0000000 0.0000000 0.0000000
 22 I  22 0.0000000 0.0000000 0.0000000 0.0000000 0.0000000 0.0000000 0.0000000 0.0000000 0.0000000 0.1496135 0.4343930 0.0000000 0.0602614 0.0000000 0.0000000 0.0000000 0.0000000 0.0000000 0.0000000 0.3557321
 23 H  23 0.0334062 0.0000000 0.0000000 0.0000000 0.0000000 0.0000000 0.0000000 0.0000000 0.1908092 0.0000000 0.0000000 0.0000000 0.0000000 0.0000000 0.7281852 0.0000000 0.0475993 0.0000000 0.0000000 0.0000000
 24 D  24 0.0000000 0.0000000 0.0413132 0.9110875 0.0000000 0.0000000 0.0475993 0.0000000 0.0000000 0.0000000 0.0000000 0.0000000 0.0000000 0.0000000 0.0000000 0.0000000 0.0000000 0.0000000 0.0000000 0.0000000
 25 I  25 0.0000000 0.0000000 0.0000000 0.0000000 0.0000000 0.0000000 0.0000000 0.0000000 0.0000000 0.9542926 0.0457074 0.0000000 0.0000000 0.0000000 0.0000000 0.0000000 0.0000000 0.0000000 0.0000000 0.0000000
 26 L  26 0.0000000 0.0000000 0.0000000 0.0000000 0.0000000 0.3945630 0.0119210 0.0000000 0.0000000 0.0250258 0.4698663 0.0368318 0.0000000 0.0000000 0.0240630 0.0162827 0.0000000 0.0000000 0.0214465 0.0000000
 27 V  27 0.0000000 0.0375684 0.0000000 0.0595463 0.0214465 0.0000000 0.0000000 0.6255884 0.0000000 0.0000000 0.0000000 0.0000000 0.0000000 0.0000000 0.0274210 0.1091902 0.0172607 0.0000000 0.0000000 0.1019786
 28 S  28 0.0240630 0.0646587 0.0000000 0.1666630 0.0000000 0.0705080 0.0883712 0.0134991 0.0232223 0.0000000 0.0317626 0.0222808 0.0000000 0.0000000 0.0396403 0.3873041 0.0680269 0.0000000 0.0000000 0.0000000
 29 S  29 0.1543727 0.0000000 0.0181938 0.0395415 0.0000000 0.0333675 0.0000000 0.0704124 0.2100851 0.0000000 0.0273255 0.0000000 0.0000000 0.0000000 0.1281780 0.2745875 0.0294340 0.0000000 0.0000000 0.0145019
 30 A  30 0.4792968 0.0000000 0.0222322 0.0000000 0.0772772 0.0000000 0.1213009 0.1117393 0.0000000 0.0000000 0.0000000 0.0141348 0.0000000 0.0000000 0.0136490 0.0706589 0.0262689 0.0000000 0.0000000 0.0634421
 31 S  31 0.1989725 0.0214465 0.0000000 0.0146466 0.0000000 0.0000000 0.1361236 0.1508626 0.0000000 0.0161455 0.0141348 0.0177923 0.0126731 0.0000000 0.0119210 0.0633038 0.3256950 0.0000000 0.0000000 0.0162827
 32 G  32 0.0865221 0.0000000 0.0000000 0.0115185 0.0000000 0.0000000 0.0000000 0.2408181 0.0000000 0.0375684 0.0729067 0.0000000 0.0000000 0.0000000 0.0652719 0.0358957 0.2108711 0.0000000 0.0000000 0.2386273
 33 N  33 0.0248232 0.0000000 0.1038454 0.0276973 0.0000000 0.0226887 0.0157090 0.3485445 0.0000000 0.0000000 0.0000000 0.0465441 0.0000000 0.0000000 0.0000000 0.2617619 0.1483857 0.0000000 0.0000000 0.0000000
 34 S  34 0.0440313 0.0000000 0.0000000 0.0000000 0.0000000 0.0000000 0.0000000 0.0000000 0.0000000 0.0000000 0.0402818 0.0000000 0.1440775 0.0000000 0.0720010 0.1662135 0.4120940 0.0000000 0.0000000 0.1213009
 35 N  35 0.1844310 0.1497909 0.0333709 0.0000000 0.0000000 0.0000000 0.0583095 0.0289615 0.0000000 0.0000000 0.0475993 0.0000000 0.0000000 0.0000000 0.0316882 0.3997608 0.0660880 0.0000000 0.0000000 0.0000000
 36 E  36 0.0000000 0.0000000 0.0000000 0.5082335 0.0000000 0.0000000 0.2690689 0.0271994 0.0000000 0.0000000 0.0000000 0.1954983 0.0000000 0.0000000 0.0000000 0.0000000 0.0000000 0.0000000 0.0000000 0.0000000
 37 L  37 0.0000000 0.0000000 0.0000000 0.0000000 0.0000000 0.0000000 0.0000000 0.0000000 0.0000000 0.0000000 0.9749742 0.0000000 0.0000000 0.0000000 0.0000000 0.0000000 0.0000000 0.0000000 0.0000000 0.0250258
 38 A  38 0.2320078 0.0000000 0.0000000 0.0000000 0.0000000 0.0000000 0.0000000 0.0000000 0.0000000 0.0000000 0.0000000 0.0000000 0.0000000 0.0000000 0.4690261 0.1889211 0.1100449 0.0000000 0.0000000 0.0000000
 39 L  39 0.0236655 0.0000000 0.0124102 0.1064376 0.0000000 0.0453931 0.0763266 0.1122225 0.0324925 0.0000000 0.2727181 0.1088539 0.0000000 0.0000000 0.0000000 0.1161294 0.0557226 0.0000000 0.0000000 0.0376279
 40 K  40 0.0136947 0.1613743 0.0437273 0.2072913 0.0000000 0.0934227 0.0000000 0.0000000 0.0000000 0.0000000 0.0000000 0.3707706 0.0000000 0.0000000 0.0000000 0.0368123 0.0729067 0.0000000 0.0000000 0.0000000
 41 L  41 0.0000000 0.0000000 0.0000000 0.0000000 0.0000000 0.0000000 0.0000000 0.0000000 0.0000000 0.0222322 0.5985257 0.0000000 0.2699146 0.1093275 0.0000000 0.0000000 0.0000000 0.0000000 0.0000000 0.0000000
 42 A  42 0.2585561 0.0000000 0.0000000 0.0457074 0.0000000 0.0415558 0.3160941 0.2353514 0.0000000 0.0000000 0.0000000 0.0000000 0.0000000 0.0000000 0.0000000 0.1027353 0.0000000 0.0000000 0.0000000 0.0000000
 43 G  43 0.2664967 0.0214465 0.0000000 0.1108748 0.0000000 0.0660349 0.4321786 0.0618113 0.0000000 0.0000000 0.0000000 0.0000000 0.0181938 0.0000000 0.0000000 0.0229634 0.0000000 0.0000000 0.0000000 0.0000000
 44 L  44 0.0000000 0.0000000 0.0000000 0.0000000 0.0000000 0.0000000 0.0000000 0.0000000 0.0000000 0.0457074 0.8415010 0.0000000 0.1127916 0.0000000 0.0000000 0.0000000 0.0000000 0.0000000 0.0000000 0.0000000
 45 D  45 0.2228724 0.0000000 0.0307436 0.1731737 0.0000000 0.0000000 0.0000000 0.0222322 0.0000000 0.0000000 0.0000000 0.0000000 0.0000000 0.0000000 0.0000000 0.4031215 0.1204357 0.0000000 0.0000000 0.0274210
 46 I  46 0.0000000 0.0000000 0.0000000 0.0000000 0.0214465 0.0000000 0.0000000 0.0000000 0.0000000 0.1755217 0.3012488 0.0000000 0.0997298 0.0000000 0.0000000 0.0000000 0.2081006 0.0000000 0.0000000 0.1939526
 47 N  47 0.0474227 0.0000000 0.1320179 0.0308775 0.0000000 0.0231170 0.2270494 0.0456837 0.0261122 0.0000000 0.0000000 0.2745774 0.0000000 0.0000000 0.0000000 0.1646921 0.0284501 0.0000000 0.0000000 0.0000000
 48 K  48 0.0894711 0.0000000 0.0000000 0.1220527 0.0000000 0.0000000 0.3200111 0.1714551 0.0000000 0.0000000 0.0000000 0.1589918 0.0000000 0.0000000 0.0151963 0.0261808 0.0966411 0.0000000 0.0000000 0.0000000
 49 T  49 0.1881013 0.0000000 0.0000000 0.2435844 0.0777862 0.0000000 0.0527332 0.1130953 0.0000000 0.0000000 0.0000000 0.0000000 0.0000000 0.0000000 0.0801708 0.0887251 0.0963704 0.0000000 0.0000000 0.0594334
 50 E  50 0.0916009 0.0173716 0.0000000 0.0905598 0.0000000 0.0359600 0.2551762 0.1679376 0.0154452 0.0000000 0.0141755 0.0585918 0.0000000 0.0000000 0.0344895 0.0324060 0.0671855 0.0000000 0.0000000 0.1191003
 51 G  51 0.0150945 0.0000000 0.1555234 0.0346488 0.0198731 0.0822682 0.0632962 0.3575446 0.0000000 0.0000000 0.0000000 0.0748120 0.0220826 0.0000000 0.0000000 0.1183951 0.0564614 0.0000000 0.0000000 0.0000000
 52 E  52 0.0217026 0.0150945 0.0674151 0.0984428 0.0000000 0.1725322 0.2060925 0.0227834 0.0000000 0.0000000 0.0000000 0.2015967 0.0000000 0.0000000 0.0566369 0.0416430 0.0489550 0.0000000 0.0000000 0.0471052
 53 E  53 0.1578546 0.0160890 0.0402180 0.0000000 0.0000000 0.0512661 0.2626397 0.1443583 0.0000000 0.0000000 0.0000000 0.1243246 0.0000000 0.0000000 0.0515098 0.0913414 0.0479509 0.0000000 0.0000000 0.0124476
 54 D  54 0.0236066 0.0000000 0.0588207 0.2638137 0.0000000 0.0000000 0.1416694 0.1461347 0.0000000 0.0000000 0.0000000 0.0473426 0.0340195 0.0000000 0.1051130 0.0952690 0.0437362 0.0000000 0.0000000 0.0404746
 55 A  55 0.2716389 0.0149411 0.0570617 0.1086381 0.0000000 0.0362581 0.0864505 0.1867075 0.0000000 0.0000000 0.0000000 0.0307813 0.0159962 0.0000000 0.0205897 0.1263240 0.0000000 0.0000000 0.0000000 0.0446128
 56 Q  56 0.0331539 0.0000000 0.0175255 0.0512746 0.0000000 0.2390512 0.1451467 0.0377945 0.0000000 0.0000000 0.0000000 0.0158794 0.0000000 0.0000000 0.0308714 0.3111795 0.1181233 0.0000000 0.0000000 0.0000000
 57 R  57 0.0448580 0.0473316 0.0000000 0.0879478 0.0000000 0.0670263 0.1076336 0.0520855 0.0000000 0.0000000 0.0000000 0.0878562 0.0000000 0.0000000 0.1160468 0.2354515 0.1306045 0.0000000 0.0000000 0.0231582
 58 S  58 0.1444047 0.0299112 0.0479271 0.0000000 0.0140205 0.0490316 0.0169647 0.0161069 0.0000000 0.0000000 0.0000000 0.1016256 0.0000000 0.0000000 0.1230665 0.3277591 0.1153869 0.0000000 0.0000000 0.0137950
 59 S  59 0.0345528 0.0218699 0.1096752 0.1314097 0.0000000 0.0431222 0.0574695 0.0199658 0.0000000 0.0000000 0.0371849 0.0518382 0.0000000 0.0000000 0.2163239 0.1856403 0.0909475 0.0000000 0.0000000 0.0000000
 60 T  60 0.0581259 0.0000000 0.0269564 0.0307181 0.0506300 0.0672033 0.1040510 0.0318602 0.0000000 0.0169314 0.0240253 0.1695636 0.0000000 0.0000000 0.1169014 0.1868609 0.1161725 0.0000000 0.0000000 0.0000000
 61 E  61 0.0335900 0.0000000 0.0000000 0.1701841 0.0000000 0.0509833 0.2511655 0.0974299 0.0000000 0.0250163 0.0298723 0.0856820 0.0000000 0.0000000 0.1261327 0.0592014 0.0358394 0.0000000 0.0000000 0.0349030
 62 Q  62 0.1678354 0.0000000 0.0000000 0.0298723 0.0000000 0.1472623 0.0975152 0.0857830 0.0000000 0.0000000 0.0152071 0.0691442 0.0689718 0.0210073 0.2040739 0.0601410 0.0331865 0.0000000 0.0000000 0.0000000
 63 S  63 0.1029877 0.0000000 0.0630038 0.0369960 0.0000000 0.0000000 0.0455650 0.0776999 0.0000000 0.0000000 0.1772867 0.0141143 0.0194892 0.0000000 0.0656405 0.1464549 0.2059541 0.0000000 0.0000000 0.0448079
 64 G  64 0.1026781 0.0000000 0.0849046 0.0154546 0.0000000 0.0821740 0.0416539 0.1026093 0.0000000 0.0000000 0.0237374 0.1021705 0.0000000 0.0000000 0.1358884 0.2318672 0.0768617 0.0000000 0.0000000 0.0000000
 65 E  65 0.0196364 0.0586472 0.0790729 0.0452358 0.0000000 0.1206058 0.2432467 0.0728071 0.0160236 0.0000000 0.0161247 0.2125529 0.0000000 0.0000000 0.0000000 0.0695431 0.0465039 0.0000000 0.0000000 0.0000000
 66 A  66 0.0901662 0.0383189 0.0575437 0.0315514 0.0000000 0.1419169 0.0823804 0.0163256 0.0000000 0.0548076 0.0000000 0.0352365 0.0000000 0.0000000 0.2921619 0.1412401 0.0183509 0.0000000 0.0000000 0.0000000
 67 Q  67 0.0000000 0.0000000 0.0355264 0.0328804 0.0000000 0.4597956 0.2011885 0.0275353 0.0181232 0.0000000 0.0000000 0.1480790 0.0000000 0.0000000 0.0000000 0.0184980 0.0583734 0.0000000 0.0000000 0.0000000
 68 G  68 0.0862758 0.0248297 0.1002035 0.0916672 0.0000000 0.0295682 0.1734240 0.2403847 0.0000000 0.0000000 0.0325448 0.0000000 0.0000000 0.0000000 0.0258010 0.1055826 0.0544107 0.0000000 0.0000000 0.0353078
 69 E  69 0.1174151 0.0640238 0.0000000 0.0000000 0.0000000 0.1778673 0.1994466 0.0762027 0.0000000 0.0000000 0.0000000 0.0673033 0.0000000 0.0000000 0.1051109 0.1542210 0.0384095 0.0000000 0.0000000 0.0000000
 70 A  70 0.1928802 0.0000000 0.0590448 0.0852748 0.0000000 0.0440455 0.2933930 0.0948792 0.0000000 0.0000000 0.0000000 0.0379425 0.0000000 0.0000000 0.0584838 0.0652925 0.0687637 0.0000000 0.0000000 0.0000000
 71 A  71 0.0684921 0.0000000 0.0230775 0.0000000 0.0000000 0.0000000 0.0286087 0.3592582 0.0000000 0.0000000 0.0509850 0.1428091 0.0000000 0.0000000 0.2126053 0.0597844 0.0318869 0.0000000 0.0000000 0.0224928
 72 K  72 0.0000000 0.0000000 0.0242480 0.0000000 0.0000000 0.0000000 0.1203303 0.0000000 0.0000000 0.0000000 0.0000000 0.3614982 0.0000000 0.0000000 0.0000000 0.0924666 0.3706157 0.0000000 0.0000000 0.0308412
 73 S  73 0.0666163 0.0000000 0.0000000 0.1803928 0.0000000 0.1065995 0.0332404 0.1098800 0.0000000 0.0000000 0.0000000 0.0605304 0.0000000 0.0000000 0.1030817 0.1420481 0.1976107 0.0000000 0.0000000 0.0000000
 74 E  74 0.0277140 0.0000000 0.0432339 0.0827981 0.0000000 0.0000000 0.1757765 0.0345564 0.0000000 0.0000000 0.0000000 0.0000000 0.0000000 0.0000000 0.1041322 0.2947837 0.2370052 0.0000000 0.0000000 0.0000000
 75 S  75 0.2034228 0.0000000 0.0664090 0.0000000 0.0000000 0.0000000 0.0000000 0.0000000 0.0000000 0.0000000 0.0000000 0.0000000 0.0000000 0.0000000 0.0000000 0.7301682 0.0000000 0.0000000 0.0000000 0.0000000
