   93         A         R         N         D         C         Q         E         G         H         I         L         K         M         F         P         S         T         W         Y         V    
  1 G   1 0.0821610 0.0000000 0.0000000 0.0000000 0.0000000 0.0000000 0.0000000 0.1496505 0.0000000 0.0000000 0.0000000 0.0000000 0.0000000 0.0000000 0.6350663 0.1331222 0.0000000 0.0000000 0.0000000 0.0000000
  2 S   2 0.0038630 0.0054590 0.0000000 0.0000000 0.0063465 0.0000000 0.0081184 0.0000000 0.0050837 0.0000000 0.0000000 0.0000000 0.0000000 0.0000000 0.0000000 0.5100506 0.4610787 0.0000000 0.0000000 0.0000000
  3 E   3 0.0039201 0.0137827 0.0154181 0.1906555 0.0000000 0.2051842 0.2280054 0.0048305 0.0000000 0.0000000 0.0124288 0.1031974 0.0000000 0.0000000 0.1536384 0.0155819 0.0464070 0.0000000 0.0045390 0.0024108
  4 L   4 0.0374723 0.0000000 0.0016430 0.0031453 0.0000000 0.0023452 0.0062401 0.0000000 0.0000000 0.0214049 0.6418724 0.0000000 0.1266155 0.0049144 0.0000000 0.0360747 0.0797445 0.0000000 0.0022259 0.0363017
  5 E   5 0.0041980 0.0000000 0.0082951 0.0229848 0.0000000 0.0224778 0.7495045 0.0000000 0.0000000 0.0028421 0.1662242 0.0043242 0.0000000 0.0042644 0.0028002 0.0045133 0.0075713 0.0000000 0.0000000 0.0000000
  6 T   6 0.0221058 0.2022489 0.0546179 0.0420002 0.0091322 0.1158862 0.1375660 0.0111543 0.0459680 0.0043245 0.0212806 0.1825034 0.0144599 0.0000000 0.0000000 0.0662740 0.0559480 0.0066155 0.0045462 0.0033684
  7 A   7 0.3897166 0.0096037 0.0583097 0.0515350 0.0683275 0.0123531 0.0903706 0.0315763 0.0168327 0.0000000 0.0122570 0.0048473 0.0044817 0.0082022 0.0000000 0.2015820 0.0214917 0.0000000 0.0021537 0.0163591
  8 M   8 0.0107009 0.0052626 0.0000000 0.0021221 0.0018410 0.0056058 0.0065895 0.0000000 0.0014178 0.4423960 0.1605099 0.0032228 0.2325996 0.0081965 0.0072920 0.0024306 0.0043223 0.0000000 0.0000000 0.1054905
  9 E   9 0.1096579 0.0346106 0.0628861 0.0685621 0.0137869 0.0348268 0.3337236 0.0280034 0.0149150 0.0280608 0.0551763 0.0525017 0.0084301 0.0371322 0.0021457 0.0285121 0.0236066 0.0000000 0.0000000 0.0634621
 10 T  10 0.0702418 0.0066300 0.0550665 0.0571525 0.0375401 0.0167309 0.1375452 0.0644749 0.0339364 0.0092370 0.0457286 0.0485859 0.0217004 0.0059842 0.0070032 0.1083844 0.2272258 0.0000000 0.0035103 0.0433217
 11 L  11 0.0605908 0.0056416 0.0000000 0.0000000 0.0000000 0.0000000 0.0000000 0.0000000 0.0000000 0.2432205 0.4052419 0.0039840 0.1054953 0.0242046 0.0044573 0.0056619 0.0188382 0.0000000 0.0000000 0.1226639
 12 I  12 0.0349925 0.1089654 0.0035618 0.0000000 0.0000000 0.0181292 0.0100854 0.0000000 0.0015071 0.3506905 0.0556538 0.0565360 0.0503258 0.0674068 0.0000000 0.0042836 0.0266889 0.0000000 0.0178335 0.1933396
 13 N  13 0.1003145 0.0618720 0.0710660 0.1208455 0.0129822 0.0174358 0.1905571 0.0156582 0.0205345 0.0066658 0.0570974 0.1170177 0.0118885 0.0558917 0.0000000 0.0604357 0.0615286 0.0000000 0.0079270 0.0102816
 14 V  14 0.1864772 0.0044709 0.0202506 0.0000000 0.0377439 0.0233156 0.0110299 0.0014884 0.0010729 0.1343537 0.0552891 0.0076536 0.0200279 0.0018563 0.0000000 0.0089852 0.1855858 0.0000000 0.0026317 0.2977675
 15 F  15 0.0000000 0.0000000 0.0000000 0.0000000 0.0033403 0.0000000 0.0000000 0.0000000 0.0000000 0.0056760 0.0057441 0.0000000 0.0000000 0.9239562 0.0000000 0.0000000 0.0000000 0.0043116 0.0534202 0.0035516
 16 H  16 0.0079330 0.0861220 0.0588954 0.0557119 0.0044823 0.1916260 0.0333464 0.0168157 0.3474079 0.0019096 0.0235037 0.0869469 0.0068492 0.0145582 0.0046781 0.0085261 0.0019831 0.0000000 0.0417821 0.0069223
 17 A  17 0.0191483 0.1185188 0.0568766 0.0040622 0.0121063 0.1536567 0.0754721 0.0041026 0.0270419 0.0174853 0.0374848 0.3459335 0.0384379 0.0000000 0.0000000 0.0320166 0.0204710 0.0023952 0.0013909 0.0333993
 18 H  18 0.0185300 0.0000000 0.0048608 0.0162119 0.0075699 0.0000000 0.0000000 0.0044578 0.0525850 0.0112951 0.0025170 0.0042943 0.0017909 0.2067611 0.0000000 0.0341833 0.0000000 0.0000000 0.6349430 0.0000000
 19 S  19 0.4379384 0.0052397 0.0142900 0.0577774 0.0125583 0.0000000 0.0069781 0.0000000 0.0000000 0.0232060 0.0026717 0.0000000 0.0039136 0.0586238 0.0000000 0.3200241 0.0410318 0.0000000 0.0000000 0.0157469
 20 G  20 0.0516031 0.0846731 0.0084172 0.3146772 0.0058221 0.0176646 0.0181133 0.2121962 0.0014958 0.0319443 0.0295168 0.0596364 0.0059564 0.0000000 0.0054791 0.0715986 0.0299754 0.0000000 0.0000000 0.0512302
 21 K  21 0.0240489 0.1596337 0.0264964 0.1059579 0.0066518 0.0636459 0.0596013 0.0359446 0.0199529 0.0095522 0.0295544 0.3236017 0.0038429 0.0024818 0.0217894 0.0351359 0.0501444 0.0000000 0.0062495 0.0157143
 22 E  22 0.0208778 0.0095675 0.0576867 0.4681659 0.0125378 0.0181943 0.2178314 0.0187338 0.0163707 0.0084958 0.0116076 0.0676816 0.0037708 0.0000000 0.0026843 0.0174322 0.0232459 0.0000000 0.0063492 0.0187666
 23 G  23 0.0073918 0.0094293 0.0108800 0.1139002 0.0217606 0.0028511 0.0253053 0.7350900 0.0000000 0.0000000 0.0000000 0.0284658 0.0000000 0.0000000 0.0074348 0.0321188 0.0000000 0.0000000 0.0000000 0.0053724
 24 D  24 0.0043705 0.0348806 0.2848520 0.3661767 0.0068009 0.0118646 0.0537318 0.0169695 0.0622928 0.0000000 0.0000000 0.0481832 0.0000000 0.0026770 0.0045608 0.0612148 0.0106792 0.0000000 0.0080618 0.0226838
 25 K  25 0.0168048 0.0412394 0.0708312 0.0189489 0.0702478 0.0125429 0.0057475 0.1208673 0.0112196 0.0027812 0.0100649 0.2570992 0.0096390 0.0132130 0.0570564 0.2089904 0.0310484 0.0042355 0.0224282 0.0149943
 26 Y  26 0.0475845 0.0193074 0.0533661 0.1392817 0.0402486 0.0072980 0.0619181 0.3311674 0.0436114 0.0000000 0.0213614 0.0284435 0.0024267 0.0794787 0.0113002 0.0313998 0.0281487 0.0075465 0.0413793 0.0047322
 27 K  27 0.0574999 0.0301760 0.0177707 0.0000000 0.0053665 0.0471037 0.0037579 0.0068176 0.0080742 0.0016042 0.0237760 0.1865164 0.0220020 0.0120864 0.0000000 0.0900418 0.2811552 0.0000000 0.1662376 0.0400140
 28 L  28 0.0000000 0.0048045 0.0000000 0.0000000 0.0000000 0.0000000 0.0000000 0.0044451 0.0047679 0.3539908 0.5431865 0.0000000 0.0449949 0.0055383 0.0000000 0.0048568 0.0000000 0.0000000 0.0000000 0.0334152
 29 S  29 0.0035492 0.0037515 0.0965244 0.0763295 0.0293137 0.0107991 0.0295794 0.0181802 0.0000000 0.0029351 0.0000000 0.0260192 0.0140425 0.0033965 0.0048792 0.4485826 0.2103232 0.0000000 0.0201701 0.0016246
 30 K  30 0.0629969 0.1477610 0.0339460 0.0115555 0.0068952 0.0439039 0.0120734 0.0167628 0.0112217 0.0224973 0.0380548 0.4562243 0.0026838 0.0152246 0.0265181 0.0168503 0.0289567 0.0000000 0.0113885 0.0344852
 31 K  31 0.1318378 0.0514046 0.0284865 0.1302993 0.0042700 0.0529869 0.1483781 0.1264533 0.0107157 0.0008121 0.0042047 0.1372447 0.0022430 0.0021016 0.0166005 0.0698235 0.0604589 0.0024868 0.0095292 0.0096629
 32 E  32 0.0113866 0.0056037 0.0092969 0.0961067 0.0000000 0.0138897 0.8020794 0.0122909 0.0012280 0.0018139 0.0000000 0.0141612 0.0000000 0.0000000 0.0000000 0.0157140 0.0126423 0.0000000 0.0000000 0.0037866
 33 L  33 0.0223252 0.0000000 0.0000000 0.0000000 0.0000000 0.0000000 0.0000000 0.0000000 0.0000000 0.0151325 0.6978425 0.0000000 0.0508696 0.1712951 0.0082118 0.0067568 0.0063433 0.0000000 0.0026868 0.0185363
 34 K  34 0.0375168 0.1751332 0.0034217 0.0020890 0.0045529 0.0893812 0.0363130 0.0263575 0.0138700 0.0035538 0.0785694 0.4585821 0.0021429 0.0263219 0.0031501 0.0170402 0.0093086 0.0000000 0.0051426 0.0075530
 35 E  35 0.0523420 0.0661250 0.0723734 0.0718049 0.0000000 0.1542700 0.2115219 0.0151666 0.0428060 0.0129632 0.0233829 0.0999379 0.0118502 0.0017607 0.0025931 0.0723932 0.0520068 0.0000000 0.0031986 0.0335037
 36 L  36 0.0886121 0.0000000 0.0000000 0.0000000 0.0016566 0.0000000 0.0000000 0.0074967 0.0000000 0.0213953 0.5878625 0.0000000 0.0862931 0.0673957 0.0015510 0.0059611 0.0122643 0.0000000 0.0013355 0.1181761
 37 L  37 0.0229097 0.0000000 0.0000000 0.0000000 0.0031993 0.0000000 0.0000000 0.0000000 0.0000000 0.0917970 0.5136739 0.0030707 0.2312324 0.0241824 0.0023784 0.0042744 0.0084845 0.0000000 0.0020071 0.0927901
 38 Q  38 0.0280230 0.0917599 0.0975935 0.0099102 0.0035514 0.1432903 0.2129924 0.0334436 0.0183399 0.0023657 0.0480256 0.1283963 0.0214227 0.0009287 0.0030638 0.0248887 0.1136488 0.0000000 0.0018958 0.0164598
 39 T  39 0.0872486 0.0801142 0.0666964 0.0516286 0.0036576 0.0462678 0.0654588 0.0310556 0.0155497 0.0083201 0.0116619 0.2684431 0.0167325 0.0012691 0.0073234 0.0954714 0.1330525 0.0000000 0.0026491 0.0073997
 40 E  40 0.0051083 0.0058181 0.0512355 0.0411969 0.0039137 0.1166484 0.6074844 0.0124805 0.0036703 0.0029990 0.0632993 0.0099558 0.0348703 0.0000000 0.0000000 0.0239332 0.0136151 0.0000000 0.0019047 0.0018665
 41 L  41 0.0259623 0.0022049 0.0000000 0.0104435 0.0279053 0.0015843 0.0000000 0.0298129 0.0053379 0.0295231 0.4453967 0.0000000 0.0423547 0.2845416 0.0241502 0.0052997 0.0038746 0.0000000 0.0148644 0.0467439
 42 S  42 0.1573867 0.0483831 0.0165827 0.0109479 0.0133906 0.0180093 0.0392097 0.1940764 0.0165892 0.0130099 0.0092120 0.0149230 0.0038248 0.0000000 0.3334761 0.0666615 0.0352986 0.0000000 0.0033735 0.0056451
 43 G  43 0.0707249 0.0254600 0.1668588 0.1522958 0.0042781 0.0505167 0.0834258 0.0701270 0.0655721 0.0085775 0.0366636 0.0308528 0.0033801 0.0000000 0.0323299 0.1003632 0.0608955 0.0081317 0.0024689 0.0270777
 44 F  44 0.0195824 0.0083082 0.0303226 0.0063508 0.0256716 0.0123115 0.0079227 0.0085236 0.0000000 0.1191375 0.1296132 0.0133029 0.0332768 0.3577205 0.0460473 0.0160994 0.0268816 0.0301654 0.0397459 0.0690159
 45 L  45 0.0194635 0.0083176 0.0025693 0.0012753 0.0086148 0.0029321 0.0132755 0.0440547 0.0076121 0.0750887 0.5218196 0.0052212 0.0718065 0.0186994 0.0093164 0.0239361 0.1028655 0.0000000 0.0017671 0.0613648
 46 D  46 0.0125726 0.0451629 0.0077915 0.0345422 0.0253086 0.0906077 0.0897643 0.1730887 0.0113446 0.0041352 0.0073042 0.2882686 0.0024169 0.0073673 0.0679813 0.0468879 0.0320348 0.0040035 0.0212410 0.0281761
 47 A  47 0.0246283 0.0546271 0.1967046 0.1080191 0.0164559 0.0163097 0.1177192 0.1274548 0.0287611 0.0062928 0.0144280 0.1134640 0.0297473 0.0000000 0.0149716 0.0500585 0.0530025 0.0026599 0.0116004 0.0130954
 48 Q  48 0.0561182 0.0566326 0.0214301 0.0196529 0.0139655 0.1892120 0.0610251 0.0364124 0.0211813 0.0266747 0.0234622 0.1226625 0.0421668 0.0016158 0.1722250 0.0321921 0.0543890 0.0049031 0.0108540 0.0332247
 49 K  49 0.0148976 0.0372195 0.0707000 0.0488276 0.0019560 0.0660379 0.0428109 0.0642430 0.0641145 0.0200657 0.1052772 0.2663514 0.0249180 0.0195328 0.0156933 0.0392058 0.0418336 0.0027927 0.0084122 0.0451104
 50 D  50 0.0110303 0.0260713 0.1013011 0.4933194 0.0069753 0.0122247 0.0593308 0.0482277 0.0051491 0.0012231 0.0322606 0.0130193 0.0047185 0.0018084 0.0038159 0.0622542 0.0924854 0.0000000 0.0000000 0.0247848
 51 V  51 0.0382744 0.0410616 0.0142912 0.1014757 0.0016394 0.0682057 0.1811062 0.0084355 0.0234248 0.0197346 0.0192398 0.0855985 0.0069433 0.0061054 0.2987363 0.0373412 0.0184012 0.0000000 0.0059632 0.0240221
 52 D  52 0.1404620 0.0287589 0.0495325 0.1088333 0.0252187 0.0648465 0.1899175 0.0766721 0.0293544 0.0078089 0.0447863 0.0650417 0.0131721 0.0000000 0.0291328 0.0662026 0.0158473 0.0000000 0.0202190 0.0241932
 53 A  53 0.1664191 0.0072477 0.0062640 0.0597406 0.0022328 0.0189527 0.1343386 0.0473638 0.0010632 0.0559970 0.0378798 0.0598751 0.0102155 0.0172088 0.0050958 0.0451515 0.1792335 0.0042656 0.0569123 0.0845427
 54 V  54 0.0641215 0.0037686 0.0092124 0.0000000 0.0136637 0.0000000 0.0000000 0.0016573 0.0000000 0.1859916 0.2443375 0.0000000 0.0172467 0.0193777 0.0000000 0.0052805 0.0026538 0.0229339 0.0370224 0.3727324
 55 D  55 0.0407123 0.0354754 0.0553246 0.4498195 0.0123514 0.0485361 0.1591971 0.0210481 0.0080957 0.0000000 0.0062197 0.1114620 0.0000000 0.0000000 0.0033641 0.0225929 0.0211914 0.0000000 0.0025943 0.0020155
 56 K  56 0.0237751 0.0729617 0.0626684 0.0903757 0.0074618 0.0604912 0.2708504 0.0069426 0.0252066 0.0234660 0.0216672 0.2208165 0.0047542 0.0000000 0.0000000 0.0353864 0.0316769 0.0012028 0.0025495 0.0377471
 57 V  57 0.0143939 0.0000000 0.0181577 0.0018325 0.0026234 0.0031574 0.0047733 0.0025729 0.0026642 0.3071870 0.1914016 0.0228759 0.1927837 0.0550871 0.0010155 0.0045464 0.0458099 0.0172913 0.0041105 0.1077157
 58 M  58 0.0041277 0.0049082 0.0000000 0.0000000 0.0000000 0.0036524 0.0000000 0.0035748 0.0000000 0.2078489 0.2126548 0.0015344 0.3437369 0.1851804 0.0000000 0.0040447 0.0000000 0.0058292 0.0043341 0.0185736
 59 K  59 0.0266454 0.1273768 0.0753710 0.0550430 0.0089304 0.1258908 0.1295268 0.0197890 0.0203124 0.0132047 0.0031087 0.2564110 0.0179767 0.0029141 0.0022101 0.0816768 0.0270775 0.0000000 0.0027466 0.0037883
 60 E  60 0.0625574 0.0239367 0.0530506 0.1858510 0.0048583 0.0459596 0.2503033 0.0202314 0.0166761 0.0147489 0.0954406 0.0899262 0.0197216 0.0105647 0.0000000 0.0576231 0.0170944 0.0013622 0.0011673 0.0289268
 61 L  61 0.1252217 0.0000000 0.0031924 0.0000000 0.0089819 0.0108612 0.0000000 0.0056291 0.0000000 0.0398851 0.5452180 0.0222457 0.0514711 0.0247119 0.0000000 0.0034548 0.0077979 0.0000000 0.0042327 0.1470966
 62 D  62 0.0031088 0.0000000 0.0135704 0.9306696 0.0043316 0.0000000 0.0110741 0.0251552 0.0020706 0.0016641 0.0000000 0.0000000 0.0035166 0.0000000 0.0000000 0.0018192 0.0030196 0.0000000 0.0000000 0.0000000
 63 E  63 0.0942031 0.0897443 0.0156589 0.0198774 0.0013662 0.0691991 0.1023868 0.0128720 0.0122604 0.0684186 0.0867846 0.1402510 0.0159224 0.0078581 0.0000000 0.0602988 0.1294105 0.0034337 0.0017481 0.0683061
 64 N  64 0.0000000 0.0046605 0.4929344 0.4126296 0.0228111 0.0126247 0.0043929 0.0026607 0.0132107 0.0000000 0.0000000 0.0075391 0.0000000 0.0000000 0.0025534 0.0142249 0.0035684 0.0000000 0.0029153 0.0032743
 65 G  65 0.0168729 0.0839294 0.0963925 0.0154977 0.0229858 0.0672293 0.0229513 0.2689606 0.0862851 0.0000000 0.0074086 0.1588301 0.0038087 0.0070944 0.0110077 0.0976854 0.0300625 0.0000000 0.0000000 0.0029981
 66 D  66 0.0024367 0.0000000 0.1045897 0.7875213 0.0000000 0.0000000 0.0250108 0.0203158 0.0072587 0.0000000 0.0000000 0.0019195 0.0000000 0.0000000 0.0000000 0.0272866 0.0171739 0.0000000 0.0043458 0.0021413
 67 G  67 0.0244077 0.0275452 0.0681994 0.0262706 0.0129560 0.0500290 0.0192097 0.6274220 0.0036819 0.0000000 0.0024291 0.0761183 0.0000000 0.0000000 0.0000000 0.0545804 0.0000000 0.0041190 0.0030318 0.0000000
 68 E  68 0.0321901 0.1172053 0.0159502 0.0033063 0.0134034 0.1833173 0.1796187 0.0087924 0.0240385 0.0071913 0.0330236 0.2170326 0.0037321 0.0123241 0.0000000 0.0208447 0.0767104 0.0000000 0.0168734 0.0344457
 69 V  69 0.0000000 0.0000000 0.0000000 0.0000000 0.0087315 0.0000000 0.0032612 0.0000000 0.0000000 0.3911078 0.1783139 0.0000000 0.0096729 0.0019005 0.0027532 0.0000000 0.0021236 0.0000000 0.0000000 0.4021353
 70 D  70 0.0000000 0.0076645 0.1567272 0.4846008 0.0167717 0.0035572 0.0380454 0.0253524 0.0000000 0.0013795 0.0000000 0.0115748 0.0000000 0.0000000 0.0000000 0.2029452 0.0469594 0.0000000 0.0020542 0.0023678
 71 F  71 0.0000000 0.0000000 0.0000000 0.0000000 0.0000000 0.0055532 0.0039647 0.0000000 0.0015290 0.0048786 0.0125766 0.0036982 0.0000000 0.8599461 0.0000000 0.0028325 0.0000000 0.0000000 0.1050211 0.0000000
 72 Q  72 0.0203329 0.0389464 0.0723526 0.1246682 0.0035555 0.1918937 0.2776667 0.0284466 0.0327326 0.0021798 0.0128841 0.0611847 0.0036989 0.0016060 0.0115131 0.0525252 0.0509486 0.0000000 0.0039870 0.0088774
 73 E  73 0.0000000 0.0000000 0.0115303 0.0335144 0.0000000 0.0129898 0.8923979 0.0022210 0.0052658 0.0000000 0.0000000 0.0033967 0.0047901 0.0000000 0.0000000 0.0338939 0.0000000 0.0000000 0.0000000 0.0000000
 74 Y  74 0.0000000 0.0000000 0.0000000 0.0000000 0.0113884 0.0000000 0.0000000 0.0000000 0.0000000 0.0000000 0.0113905 0.0000000 0.0000000 0.8120710 0.0000000 0.0023194 0.0000000 0.0057095 0.1522654 0.0048559
 75 V  75 0.0297948 0.0031130 0.0000000 0.0000000 0.0468828 0.0115357 0.0092982 0.0000000 0.0022236 0.0644316 0.2699518 0.0129120 0.0952240 0.0355805 0.0047156 0.0296932 0.0226186 0.0596699 0.0044239 0.2979307
 76 V  76 0.0939959 0.0614809 0.0673990 0.0291517 0.0161452 0.0418717 0.0398044 0.0122387 0.0097286 0.0599493 0.1289096 0.0419859 0.0427815 0.0044905 0.0152365 0.1083472 0.1025511 0.0000000 0.0216491 0.1022830
 77 L  77 0.0483825 0.0000000 0.0044674 0.0000000 0.0070460 0.0107731 0.0000000 0.0044160 0.0031051 0.0391851 0.4216655 0.0000000 0.2552716 0.1106839 0.0000000 0.0131350 0.0040355 0.0000000 0.0122207 0.0656126
 78 V  78 0.0049499 0.0000000 0.0000000 0.0000000 0.0019391 0.0000000 0.0000000 0.0020856 0.0000000 0.2470909 0.1890731 0.0000000 0.2013926 0.0193782 0.0000000 0.0000000 0.0248634 0.0000000 0.0149999 0.2942274
 79 A  79 0.2254771 0.0173195 0.0112901 0.0184476 0.0242768 0.0473180 0.0120144 0.2378408 0.0015504 0.0222004 0.0466490 0.0184824 0.0077184 0.1577191 0.0000000 0.0507461 0.0584854 0.0000000 0.0000000 0.0424645
 80 A  80 0.0622298 0.1201410 0.0358315 0.0422495 0.0396000 0.0385336 0.0454919 0.1697329 0.0048687 0.0043378 0.0173032 0.2423980 0.0223531 0.0034602 0.0036407 0.0872760 0.0281836 0.0050133 0.0157703 0.0115849
 81 L  81 0.0163771 0.0019151 0.0000000 0.0020576 0.0032343 0.0081991 0.0021023 0.0015277 0.0000000 0.1510629 0.5378137 0.0065035 0.0392079 0.0089377 0.0036274 0.0167256 0.0083478 0.0000000 0.0023570 0.1900032
 82 T  82 0.4110555 0.0035976 0.0000000 0.0040160 0.0430590 0.0000000 0.0044500 0.0230198 0.0043924 0.0222929 0.0869695 0.0000000 0.0315199 0.0089549 0.0000000 0.0461152 0.2558730 0.0000000 0.0000000 0.0546843
 83 V  83 0.0151952 0.0286214 0.0720832 0.0092217 0.0228770 0.1281952 0.0080430 0.0030348 0.0043407 0.1512642 0.0639775 0.0884022 0.1020225 0.0081093 0.0060658 0.0343817 0.0775567 0.0041644 0.0053457 0.1670979
 84 A  84 0.4534780 0.0054583 0.0000000 0.0835229 0.0339402 0.0177851 0.0204592 0.0248285 0.0105279 0.0374722 0.0567718 0.0077703 0.0795980 0.0102360 0.0220940 0.0256042 0.0392949 0.0144816 0.0203150 0.0363618
 85 M  85 0.0628854 0.0064028 0.0000000 0.0113571 0.5699294 0.0132082 0.0000000 0.0180473 0.0138520 0.0236297 0.0256230 0.0044034 0.0101271 0.0196610 0.0000000 0.0493850 0.0196647 0.0072628 0.1302133 0.0143475
 86 N  86 0.0230253 0.0000000 0.2632281 0.0174937 0.0000000 0.0068603 0.0306796 0.0064286 0.4142979 0.0000000 0.0000000 0.0119635 0.0027454 0.0408212 0.0000000 0.0293482 0.0044628 0.0000000 0.1486452 0.0000000
 87 N  87 0.0181086 0.0104539 0.0582563 0.1763739 0.0117895 0.0280314 0.3154323 0.0157859 0.0349603 0.0096925 0.0508472 0.1878288 0.0000000 0.0000000 0.0000000 0.0322425 0.0035038 0.0000000 0.0425353 0.0041579
 88 F  88 0.0799933 0.0135060 0.0210625 0.0536554 0.0297030 0.0542326 0.0316167 0.0000000 0.0332640 0.0521390 0.0419750 0.0726770 0.0029550 0.1693949 0.0000000 0.1086576 0.0389181 0.0000000 0.1665425 0.0297077
 89 F  89 0.0000000 0.0000000 0.0039966 0.0000000 0.0048657 0.0000000 0.0000000 0.0000000 0.0000000 0.1204236 0.1851261 0.0043049 0.0821805 0.3952695 0.0000000 0.0885741 0.0380258 0.0104979 0.0589753 0.0077600
 90 W  90 0.0043086 0.0584503 0.0114876 0.0106167 0.0028099 0.1157505 0.0678527 0.0438600 0.2662082 0.0082154 0.0888239 0.0694050 0.0079784 0.0000000 0.0000000 0.0765068 0.0184663 0.0082766 0.0056418 0.1353411
 91 E  91 0.0054632 0.1053609 0.0117221 0.0683755 0.0000000 0.1272864 0.2201746 0.0596694 0.0199222 0.0000000 0.0057484 0.3122139 0.0105458 0.0000000 0.0060948 0.0098764 0.0000000 0.0000000 0.0000000 0.0375465
 92 N  92 0.0941326 0.0055270 0.0792924 0.0742642 0.0000000 0.1886106 0.2112274 0.0174801 0.1120634 0.0000000 0.0000000 0.0195208 0.0000000 0.0000000 0.0000000 0.1464864 0.0409586 0.0000000 0.0104366 0.0000000
 93 S  93 0.1286997 0.0000000 0.1834959 0.0000000 0.0000000 0.0000000 0.0000000 0.0000000 0.0000000 0.0000000 0.0000000 0.0000000 0.0000000 0.0000000 0.2756668 0.2961920 0.1159456 0.0000000 0.0000000 0.0000000
