  106         A         R         N         D         C         Q         E         G         H         I         L         K         M         F         P         S         T         W         Y         V         X    
  1 M   1 0.0000000 0.0000000 0.0000000 0.0000000 0.0000000 0.0000000 0.0000000 0.0000000 0.0000000 0.0100973 0.0157706 0.0000000 0.0222631 0.0000000 0.0000000 0.0000000 0.0000000 0.0000000 0.0000000 0.0900729 0.8617961
  2 R   2 0.0333949 0.0551937 0.0035367 0.0000000 0.0000000 0.1081471 0.0530086 0.0000000 0.0138121 0.0000000 0.0000000 0.0333345 0.0040534 0.0000000 0.0080516 0.0089722 0.0019948 0.0000000 0.0000000 0.0080411 0.6684594
  3 G   3 0.1074522 0.0000000 0.0050161 0.0022327 0.0000000 0.0048473 0.0231680 0.0159598 0.0000000 0.0155859 0.0058323 0.0043567 0.0000000 0.0046812 0.1304395 0.0328782 0.0572679 0.0000000 0.0000000 0.0380748 0.5522073
  4 S   4 0.1315930 0.0000000 0.0020320 0.0000000 0.0000000 0.0348745 0.0238037 0.0101653 0.0000000 0.0142141 0.0000000 0.0595276 0.0020534 0.0000000 0.0260206 0.1010030 0.0625101 0.0000000 0.0000000 0.0622050 0.4699978
  5 H   5 0.1456982 0.0000000 0.0048529 0.0133323 0.0000000 0.0422074 0.0130456 0.0048396 0.0347506 0.0000000 0.0037731 0.0154787 0.0000000 0.0000000 0.1813110 0.0533242 0.0451161 0.0000000 0.0000000 0.0282557 0.4140145
  6 H   6 0.0933859 0.0120355 0.0186509 0.0053947 0.0000000 0.0338700 0.0032787 0.0038024 0.0024020 0.0193486 0.0434039 0.0656782 0.0250917 0.0045998 0.0971798 0.0808995 0.0577667 0.0000000 0.0000000 0.0637928 0.3694190
  7 H   7 0.0985333 0.0161590 0.0289597 0.0000000 0.0000000 0.0214806 0.0243020 0.0173515 0.0040090 0.0100398 0.0145748 0.0452837 0.0000000 0.0035771 0.1726265 0.0707988 0.0689130 0.0000000 0.0080531 0.0435198 0.3518183
  8 H   8 0.1316468 0.0165408 0.0183473 0.0352145 0.0000000 0.0534411 0.0538644 0.0155537 0.0171793 0.0305372 0.0116109 0.0299299 0.0000000 0.0000000 0.0491249 0.0502267 0.0851075 0.0000000 0.0033560 0.0795541 0.3187650
  9 H   9 0.0687736 0.0268927 0.0151825 0.0117143 0.0000000 0.0431149 0.1046181 0.0122986 0.0469865 0.0240574 0.0062277 0.0423989 0.0022081 0.0000000 0.0444957 0.1044239 0.0550985 0.0000000 0.0054381 0.0769744 0.3090959
 10 H  10 0.0952241 0.0382796 0.0330751 0.0472164 0.0000000 0.0259615 0.0748951 0.0174370 0.0148774 0.0164443 0.0300689 0.0700788 0.0030707 0.0206389 0.0510443 0.0861012 0.0533132 0.0000000 0.0000000 0.0368178 0.2854556
 11 G  11 0.0579772 0.0320608 0.0134725 0.0110408 0.0057090 0.0200228 0.0272557 0.0651282 0.0025233 0.0374829 0.0477784 0.0423028 0.0000000 0.0622970 0.1024295 0.0718494 0.0667012 0.0040236 0.0327826 0.0189158 0.2782466
 12 S  12 0.1138068 0.0030983 0.0015036 0.0431266 0.0000000 0.0175190 0.0606940 0.0153565 0.0033683 0.0248326 0.0310524 0.0208927 0.0310854 0.0421966 0.0668522 0.1589693 0.0958772 0.0000000 0.0049132 0.0119460 0.2529093
 13 N  13 0.0453686 0.0760602 0.0535283 0.0540757 0.0000000 0.0224549 0.0318941 0.0854750 0.0038891 0.0059506 0.0266305 0.0245567 0.0000000 0.1062037 0.0365574 0.0683083 0.0534425 0.0062066 0.0115468 0.0401120 0.2477389
 14 N  14 0.0934176 0.0661752 0.0540028 0.1641374 0.0000000 0.0509580 0.0242986 0.0386794 0.0129139 0.0115655 0.0173775 0.0278787 0.0000000 0.0000000 0.0329931 0.0872122 0.0757066 0.0000000 0.0229202 0.0042332 0.2155302
 15 N  15 0.0484630 0.0897704 0.0445807 0.0480763 0.0000000 0.0442025 0.0985915 0.1049517 0.0000000 0.0173702 0.0095870 0.0749003 0.0000000 0.0035771 0.0058684 0.0993294 0.0692195 0.0000000 0.0000000 0.0607318 0.1807802
 16 G  16 0.1964668 0.0119221 0.0619518 0.0689794 0.0000000 0.0681267 0.0892593 0.0732508 0.0046238 0.0167026 0.0112431 0.0454962 0.0000000 0.0000000 0.0104248 0.0840565 0.0793611 0.0000000 0.0064252 0.0104568 0.1612529
 17 S  17 0.1270392 0.0156140 0.0086343 0.0270976 0.0000000 0.0205683 0.1005353 0.0240172 0.0095118 0.0088867 0.0175549 0.0777380 0.0000000 0.0074243 0.0255372 0.0568467 0.0385625 0.2621508 0.0000000 0.0144007 0.1578805
 18 L  18 0.0131038 0.0134242 0.0023141 0.0027075 0.0000000 0.0226831 0.0077669 0.0000000 0.0059539 0.1117400 0.3693011 0.0000000 0.0074645 0.0626090 0.0206977 0.0157196 0.0280637 0.0071746 0.0820846 0.0919830 0.1352086
 19 K  19 0.1357344 0.0397221 0.0427603 0.0182840 0.0000000 0.0747267 0.0303331 0.0278889 0.0000000 0.0358658 0.1585703 0.1508243 0.0365639 0.0063847 0.0152784 0.0471192 0.0260857 0.0000000 0.0000000 0.0292741 0.1245841
 20 S  20 0.1502043 0.0514428 0.0517106 0.0217408 0.0000000 0.0924128 0.0538737 0.0351853 0.0039927 0.0032787 0.0113747 0.0552949 0.0064211 0.0000000 0.0117774 0.2475739 0.0705138 0.0000000 0.0109714 0.0113481 0.1108830
 21 A  21 0.1803810 0.0402598 0.0089746 0.0000000 0.0000000 0.2278756 0.0435130 0.0000000 0.0000000 0.0416984 0.0822886 0.0566952 0.0446753 0.0431531 0.0063313 0.0116407 0.0392298 0.0085117 0.0000000 0.0497691 0.1150029
 22 P  22 0.0898613 0.0055839 0.1278587 0.0549386 0.0000000 0.0000000 0.0117265 0.0161821 0.0035447 0.0049454 0.0071124 0.0343256 0.0000000 0.0050060 0.3480727 0.1437029 0.0059759 0.0000000 0.0093511 0.0080089 0.1238034
 23 S  23 0.1501495 0.0561495 0.0116701 0.0652804 0.0000000 0.0091841 0.0487626 0.0545720 0.0074649 0.0060861 0.0032547 0.0795714 0.0031128 0.0000000 0.2590522 0.0987041 0.0306682 0.0000000 0.0034588 0.0227883 0.0900703
 24 S  24 0.0378690 0.1064563 0.1222367 0.0753572 0.0000000 0.0560960 0.0573985 0.1019740 0.0064543 0.0000000 0.0032535 0.0995219 0.0045558 0.0097097 0.0129211 0.1382756 0.0844334 0.0000000 0.0160654 0.0040823 0.0633391
 25 H  25 0.0848456 0.0943391 0.1066807 0.0336586 0.0000000 0.0290397 0.0071280 0.2183752 0.2122882 0.0060067 0.0276723 0.0110220 0.0000000 0.0136281 0.0113738 0.0574064 0.0281473 0.0000000 0.0215350 0.0000000 0.0368532
 26 Y  26 0.0032750 0.0000000 0.0000000 0.0000000 0.0000000 0.0000000 0.0000000 0.0000000 0.0074473 0.0191996 0.0131264 0.0053947 0.0054160 0.2268274 0.0000000 0.0058993 0.0070203 0.0622976 0.6059819 0.0148762 0.0232384
 27 T  27 0.1236192 0.0000000 0.0000000 0.0000000 0.0000000 0.0000000 0.0044293 0.0086161 0.0000000 0.0396582 0.0095232 0.0000000 0.0084016 0.0361631 0.0000000 0.0559479 0.5989368 0.0000000 0.0000000 0.0914665 0.0232384
 28 L  28 0.0000000 0.0000000 0.0040855 0.0000000 0.0000000 0.0000000 0.0000000 0.0000000 0.0000000 0.4233008 0.3920464 0.0000000 0.0172501 0.0113315 0.0000000 0.0000000 0.0000000 0.0038442 0.0000000 0.1324070 0.0157345
 29 Q  29 0.0050893 0.0348345 0.0149797 0.0000000 0.0000000 0.8715494 0.0477102 0.0000000 0.0000000 0.0000000 0.0000000 0.0000000 0.0000000 0.0000000 0.0000000 0.0000000 0.0000000 0.0000000 0.0000000 0.0101025 0.0157345
 30 L  30 0.0050148 0.0000000 0.0000000 0.0000000 0.0000000 0.0000000 0.0000000 0.0000000 0.0053335 0.1264883 0.6120888 0.0000000 0.0373375 0.0072321 0.0000000 0.0000000 0.0000000 0.0000000 0.0000000 0.1907705 0.0157345
 31 S  31 0.2360798 0.0182534 0.0034588 0.0000000 0.0000000 0.0000000 0.0000000 0.0847302 0.0000000 0.0792065 0.1503966 0.0120975 0.0729205 0.0506664 0.0000000 0.1347840 0.0320841 0.0000000 0.0080475 0.1015402 0.0157345
 32 S  32 0.3942058 0.0339482 0.0089256 0.0135285 0.0000000 0.0000000 0.0167009 0.1642453 0.0000000 0.0052239 0.0000000 0.0104145 0.0128958 0.0000000 0.0000000 0.2324081 0.0423085 0.0000000 0.0040461 0.0454142 0.0157345
 33 S  33 0.1757823 0.0000000 0.0079755 0.0037204 0.0000000 0.0000000 0.0048735 0.0294266 0.0057972 0.0252919 0.1115808 0.0000000 0.0516336 0.1361352 0.0000000 0.1254617 0.0694791 0.0000000 0.0484366 0.1886713 0.0157345
 34 S  34 0.0375115 0.0869913 0.0396931 0.0139433 0.0000000 0.0369947 0.0121983 0.0871227 0.0384348 0.0049945 0.0266181 0.0824403 0.0070472 0.0078662 0.0368138 0.3277668 0.0762670 0.0087711 0.0287646 0.0240262 0.0157345
 35 N  35 0.0250144 0.0964699 0.1163569 0.1600414 0.0000000 0.1035538 0.0481958 0.0134375 0.0170622 0.0000000 0.0128600 0.0645176 0.0000000 0.0000000 0.0000000 0.2544214 0.0494329 0.0000000 0.0061013 0.0168002 0.0157345
 36 Y  36 0.0443186 0.0705799 0.0082048 0.0177859 0.0000000 0.1020464 0.2105111 0.0054840 0.0030444 0.0141814 0.1641957 0.1044671 0.0210148 0.0196447 0.0578519 0.0496385 0.0190260 0.0104155 0.0319633 0.0298916 0.0157345
 37 D  37 0.1645671 0.0274125 0.0416388 0.1991364 0.0000000 0.1219940 0.1652166 0.0118925 0.0000000 0.0050060 0.0090758 0.1094668 0.0000000 0.0050005 0.0107537 0.0566735 0.0441181 0.0000000 0.0000000 0.0077135 0.0203343
 38 N  38 0.1010286 0.0458998 0.1006783 0.0772804 0.0000000 0.0374996 0.0830854 0.0435665 0.0076251 0.0472940 0.0108742 0.0589915 0.0000000 0.0116117 0.0000000 0.1838696 0.1059973 0.0049945 0.0000000 0.0593693 0.0203343
 39 L  39 0.2867528 0.0031598 0.0000000 0.0000000 0.0000000 0.0144404 0.0000000 0.0040325 0.0000000 0.0856498 0.3266643 0.0000000 0.0250996 0.0127680 0.0000000 0.0106541 0.0099563 0.0000000 0.0000000 0.2050877 0.0157345
 40 N  40 0.0452210 0.1085044 0.0872740 0.1111930 0.0000000 0.1303009 0.1064869 0.0178354 0.0124815 0.0344642 0.0852045 0.1354927 0.0000000 0.0000000 0.0000000 0.0181547 0.0378373 0.0060067 0.0271256 0.0206828 0.0157345
 41 G  41 0.2312297 0.1002629 0.0973415 0.0966170 0.0000000 0.0682739 0.1021112 0.0458418 0.0134501 0.0023871 0.0132268 0.0543829 0.0000000 0.0000000 0.0188072 0.0729697 0.0521288 0.0000000 0.0017842 0.0134507 0.0157345
 42 W  42 0.0061120 0.0238866 0.0000000 0.0000000 0.0000000 0.0065327 0.0000000 0.0041507 0.0046443 0.0420073 0.0946983 0.0041141 0.0173899 0.4919736 0.0000000 0.0032042 0.0351432 0.0458428 0.1497599 0.0548059 0.0157345
 43 A  43 0.2531116 0.0412638 0.0000000 0.0000000 0.0000000 0.0139781 0.0045998 0.0000000 0.0000000 0.1700448 0.2371369 0.0207323 0.0181192 0.0073115 0.0061120 0.0143007 0.0200427 0.0000000 0.0138127 0.1612975 0.0181364
 44 K  44 0.1726531 0.1751382 0.0698606 0.0933168 0.0000000 0.0504109 0.0625461 0.0105472 0.0037422 0.0033586 0.0121382 0.2007176 0.0040461 0.0000000 0.0000000 0.0766857 0.0286771 0.0000000 0.0000000 0.0142621 0.0218994
 45 K  45 0.0253795 0.1899167 0.0477474 0.0430560 0.0000000 0.1562577 0.1087293 0.0056706 0.0087869 0.0027824 0.0160962 0.2208349 0.0221843 0.0000000 0.0142686 0.0522706 0.0457723 0.0000000 0.0169781 0.0037709 0.0194975
 46 E  46 0.0428468 0.0122564 0.1045461 0.0061120 0.0000000 0.1288585 0.0295919 0.0000000 0.2062875 0.0543537 0.2075165 0.0131617 0.0044293 0.0274395 0.0180414 0.0096436 0.0036045 0.0000000 0.0938449 0.0034409 0.0340248
 47 N  47 0.0679494 0.0617178 0.0932961 0.0784311 0.0000000 0.0657817 0.0402917 0.1628842 0.0081967 0.0223357 0.0048955 0.1161818 0.0000000 0.0000000 0.1560263 0.0456838 0.0274584 0.0044449 0.0000000 0.0128661 0.0315588
 48 L  48 0.0192484 0.0372184 0.0246426 0.0842507 0.0000000 0.0316439 0.0330815 0.0513418 0.0000000 0.0651118 0.4403486 0.0275305 0.0061120 0.0086782 0.0377266 0.0377923 0.0186015 0.0000000 0.0114343 0.0307940 0.0344429
 49 K  49 0.0619308 0.0571329 0.0813082 0.0908317 0.0000000 0.1250947 0.1513157 0.0401673 0.0074134 0.0082723 0.0397479 0.1291713 0.0000000 0.0000000 0.0375257 0.0889562 0.0500005 0.0000000 0.0032050 0.0121918 0.0157345
 50 N  50 0.0353177 0.0121365 0.1706099 0.1820801 0.0000000 0.0733645 0.0591408 0.2237099 0.0486136 0.0000000 0.0104199 0.0359040 0.0000000 0.0000000 0.0617640 0.0518717 0.0096279 0.0000000 0.0000000 0.0027709 0.0226687
 51 Y  51 0.1127626 0.0434205 0.0207632 0.0278961 0.0000000 0.0672240 0.0084227 0.0038629 0.0025363 0.0868327 0.1487947 0.0461501 0.0150134 0.0196656 0.0492313 0.0120010 0.0173655 0.0075083 0.1788582 0.1082633 0.0234273
 52 V  52 0.1320714 0.1540393 0.0108328 0.0073070 0.0000000 0.0169853 0.0145499 0.0000000 0.0640527 0.0227278 0.0527680 0.0528576 0.0101760 0.0555225 0.0437974 0.0496240 0.0286846 0.0782287 0.0709980 0.1134879 0.0212891
 53 V  53 0.0540001 0.0000000 0.0000000 0.0055157 0.0000000 0.0456334 0.0144779 0.0062959 0.0100092 0.2098929 0.0949024 0.0000000 0.0272529 0.0334358 0.0108466 0.0357763 0.0161314 0.0316218 0.1537568 0.2341521 0.0162987
 54 Y  54 0.0118680 0.0178040 0.0334788 0.0046961 0.0000000 0.0106831 0.0047526 0.0000000 0.0221677 0.0705197 0.0221060 0.0000000 0.0000000 0.1096990 0.0000000 0.0062260 0.0155531 0.0376201 0.4690557 0.1501278 0.0136424
 55 E  55 0.0287124 0.1558417 0.0205173 0.0093450 0.0000000 0.1508840 0.1296455 0.0031212 0.0226396 0.0050148 0.0279325 0.1683033 0.0034847 0.0488669 0.1089018 0.0305876 0.0322342 0.0000000 0.0369102 0.0170575 0.0000000
 56 T  56 0.0658894 0.0492035 0.0074486 0.0088742 0.0000000 0.0150927 0.0699189 0.0152709 0.0000000 0.0297539 0.0345387 0.1347445 0.0025371 0.0157839 0.0000000 0.0565544 0.3546743 0.0205173 0.0386293 0.0515507 0.0290178
 57 T  57 0.0482187 0.0929322 0.0266517 0.0309310 0.0000000 0.0994861 0.0589489 0.0159121 0.0075440 0.0567575 0.0763232 0.1235260 0.0262587 0.0201884 0.0000000 0.0628180 0.1046402 0.0000000 0.0034847 0.1049580 0.0404204
 58 R  58 0.0278855 0.4212481 0.0065928 0.0043586 0.0000000 0.0362678 0.0458296 0.0206306 0.0472521 0.0139731 0.0587326 0.0412585 0.0041141 0.0091947 0.0061279 0.0735373 0.0157948 0.0038247 0.0398296 0.0844763 0.0390714
 59 N  59 0.0109559 0.0585780 0.3966548 0.0989188 0.0000000 0.0875438 0.0246897 0.0593822 0.0144127 0.0000000 0.0052191 0.0897681 0.0000000 0.0000000 0.0054840 0.0336689 0.0037666 0.0000000 0.0750917 0.0000000 0.0358658
 60 G  60 0.0198050 0.0072446 0.0770230 0.0919480 0.0000000 0.0456967 0.0215221 0.6134565 0.0022143 0.0000000 0.0000000 0.0512606 0.0050060 0.0000000 0.0036491 0.0205033 0.0026893 0.0000000 0.0000000 0.0000000 0.0379814
 61 Q  61 0.0353454 0.1146052 0.0166983 0.0127521 0.0000000 0.1694048 0.0493917 0.0729574 0.0037674 0.0084485 0.0111785 0.2500779 0.0074086 0.0037666 0.0205369 0.0694423 0.0838970 0.0049945 0.0000000 0.0385404 0.0267865
 62 P  62 0.0372866 0.0511623 0.0215493 0.0756014 0.0000000 0.0325357 0.1163062 0.0135701 0.0000000 0.0396723 0.0000000 0.0638582 0.0059638 0.0056401 0.2341058 0.0583547 0.1257396 0.0000000 0.0120545 0.0435055 0.0630941
 63 W  63 0.0041507 0.0412335 0.0000000 0.0000000 0.0000000 0.0575254 0.0000000 0.0083513 0.0234557 0.0000000 0.0563355 0.0174092 0.0105189 0.0403003 0.0000000 0.0111308 0.0093511 0.6066772 0.0375926 0.0180428 0.0579248
 64 Y  64 0.0033873 0.0000000 0.0031212 0.0000000 0.0000000 0.0000000 0.0000000 0.0000000 0.0695051 0.0374762 0.0161210 0.0000000 0.0000000 0.1918819 0.0000000 0.0000000 0.0283092 0.0394116 0.5200031 0.0333033 0.0574801
 65 V  65 0.0509221 0.0824190 0.0035447 0.0000000 0.0041141 0.0097772 0.0064791 0.0173753 0.0046238 0.1521529 0.0340122 0.0436958 0.0175312 0.0188918 0.0029771 0.0236323 0.0785803 0.0000000 0.0000000 0.4306890 0.0185822
 66 L  66 0.0294014 0.0000000 0.0000000 0.0000000 0.0000000 0.0000000 0.0000000 0.0208650 0.0000000 0.1174673 0.3426252 0.0000000 0.0000000 0.0000000 0.0000000 0.0000000 0.0000000 0.0000000 0.0000000 0.4758970 0.0137442
 67 V  67 0.0139895 0.0406004 0.0000000 0.0000000 0.0000000 0.0060067 0.0116789 0.0000000 0.0000000 0.1582505 0.3316720 0.0000000 0.0058489 0.0470469 0.0000000 0.0078994 0.1566013 0.0064195 0.0116198 0.1886220 0.0137442
 68 S  68 0.0501079 0.0067192 0.0166322 0.0000000 0.0000000 0.0244059 0.0045708 0.0000000 0.0398654 0.0461723 0.0450656 0.0021075 0.0498608 0.0618063 0.0000000 0.1202872 0.0447823 0.0136927 0.3942255 0.0629641 0.0167343
 69 G  69 0.0181189 0.0046198 0.0138257 0.0145260 0.0000000 0.0219742 0.0024795 0.8415051 0.0000000 0.0000000 0.0044716 0.0328719 0.0000000 0.0000000 0.0000000 0.0271106 0.0047526 0.0000000 0.0000000 0.0000000 0.0137442
 70 V  70 0.0324619 0.0214632 0.1238237 0.1930143 0.0000000 0.0555792 0.0807448 0.0060883 0.0380419 0.0171922 0.0459119 0.0104133 0.0104719 0.0000000 0.0777492 0.1542952 0.0319539 0.0000000 0.0072446 0.0798065 0.0137442
 71 Y  71 0.0000000 0.0000000 0.0000000 0.0000000 0.0000000 0.0000000 0.0000000 0.0000000 0.0202166 0.0041711 0.0101473 0.0000000 0.0000000 0.3741534 0.0000000 0.0000000 0.0000000 0.0031187 0.5744487 0.0000000 0.0137442
 72 A  72 0.2831451 0.0182477 0.0414639 0.0832675 0.0000000 0.0125757 0.0515770 0.0217382 0.0072446 0.0023895 0.0031582 0.0697142 0.0000000 0.0044449 0.2306122 0.1008886 0.0467706 0.0000000 0.0000000 0.0090178 0.0137442
 73 S  73 0.0045731 0.0119869 0.1157617 0.1360468 0.0000000 0.0084369 0.0048529 0.0106736 0.0000000 0.0037650 0.0000000 0.0000000 0.0000000 0.0000000 0.0000000 0.4243711 0.2657877 0.0000000 0.0000000 0.0000000 0.0137442
 74 K  74 0.0680596 0.2692656 0.0067974 0.0090216 0.0000000 0.0688707 0.0240350 0.0036715 0.0061528 0.1025065 0.0539859 0.1470006 0.0156540 0.0103955 0.0412654 0.0743016 0.0079576 0.0045708 0.0400412 0.0327024 0.0137442
 75 E  75 0.1599461 0.0269035 0.0697749 0.0944592 0.0000000 0.1121079 0.2278252 0.0206779 0.0000000 0.0070051 0.0073313 0.0650266 0.0089339 0.0000000 0.0082220 0.0924553 0.0521588 0.0000000 0.0065195 0.0269088 0.0137442
 76 E  76 0.2263947 0.0158745 0.0000000 0.1253682 0.0000000 0.1224881 0.2771176 0.0023603 0.0000000 0.0104871 0.0378137 0.0152726 0.0115134 0.0018095 0.0045708 0.0832685 0.0316097 0.0000000 0.0000000 0.0203070 0.0137442
 77 A  77 0.9473798 0.0000000 0.0000000 0.0000000 0.0000000 0.0000000 0.0000000 0.0042995 0.0000000 0.0000000 0.0000000 0.0000000 0.0046961 0.0000000 0.0157345 0.0054925 0.0086534 0.0000000 0.0000000 0.0000000 0.0137442
 78 K  78 0.0380196 0.1921777 0.0452056 0.0148592 0.0000000 0.1136644 0.0814009 0.0084847 0.0210855 0.0193189 0.1023013 0.2387414 0.0054381 0.0000000 0.0000000 0.0268130 0.0191461 0.0000000 0.0167687 0.0428307 0.0137442
 79 K  79 0.2021046 0.1135551 0.0460656 0.0724206 0.0000000 0.1354123 0.0805368 0.0084795 0.0096636 0.0257143 0.0328709 0.1123124 0.0043052 0.0050005 0.0000000 0.0991875 0.0288960 0.0000000 0.0000000 0.0097309 0.0137442
 80 A  80 0.7083849 0.0031098 0.0035236 0.0064554 0.0000000 0.0641471 0.0149318 0.0293224 0.0030692 0.0044069 0.0101473 0.0266909 0.0038441 0.0037438 0.0000000 0.0210797 0.0218664 0.0000000 0.0307005 0.0282969 0.0162794
 81 V  81 0.1172607 0.0372566 0.0037709 0.0000000 0.0000000 0.0246273 0.0124238 0.0045558 0.0000000 0.2180016 0.2524360 0.0403167 0.0525600 0.0180359 0.0000000 0.0462265 0.0138611 0.0000000 0.0033586 0.1330223 0.0222860
 82 S  82 0.2071930 0.0666947 0.0711938 0.0282736 0.0000000 0.0888764 0.1026254 0.0341433 0.0260859 0.0057786 0.0214658 0.1295077 0.0000000 0.0000000 0.0099480 0.1350665 0.0467986 0.0000000 0.0000000 0.0100694 0.0162794
 83 T  83 0.1341042 0.0734124 0.0565144 0.0493344 0.0000000 0.0992465 0.0501752 0.0394070 0.0131011 0.0000000 0.0245448 0.0945353 0.0033591 0.0000000 0.0000000 0.1619527 0.1692753 0.0000000 0.0055531 0.0072205 0.0182640
 84 L  84 0.0038291 0.0000000 0.0000000 0.0000000 0.0000000 0.0000000 0.0000000 0.0000000 0.0000000 0.0236275 0.8415490 0.0000000 0.0525227 0.0204053 0.0000000 0.0000000 0.0000000 0.0087711 0.0046881 0.0095102 0.0350968
 85 P  85 0.0232896 0.0000000 0.0180926 0.0160275 0.0000000 0.0079297 0.0000000 0.0058489 0.0000000 0.0037340 0.0112975 0.0256709 0.0133094 0.0060067 0.6759268 0.0459089 0.0125665 0.0000000 0.0000000 0.0297769 0.1046141
 86 A  86 0.2725786 0.0351829 0.0094939 0.0652306 0.0000000 0.0379981 0.1092293 0.0198355 0.0033683 0.0044069 0.0270915 0.1266621 0.0074733 0.0075311 0.0583870 0.0682331 0.0475075 0.0000000 0.0000000 0.0138699 0.0859205
 87 D  87 0.1161743 0.0287212 0.0335095 0.1375859 0.0000000 0.0430958 0.1934408 0.0289542 0.0021435 0.0122283 0.0000000 0.0788689 0.0000000 0.0093511 0.0459616 0.1303071 0.0350279 0.0054840 0.0088247 0.0027998 0.0875214
 88 V  88 0.0120477 0.0074499 0.0000000 0.0106856 0.0000000 0.0161333 0.0000000 0.0038629 0.0029137 0.1015335 0.3279288 0.0156847 0.0046100 0.0746158 0.0126688 0.0161264 0.0194221 0.0049945 0.0518521 0.2311817 0.0862885
 89 Q  89 0.0478460 0.1949100 0.0128534 0.0000000 0.0000000 0.2473708 0.0057972 0.0327521 0.0191550 0.0098451 0.0389382 0.1423780 0.0162872 0.0065653 0.0406697 0.0150831 0.0343534 0.0000000 0.0059330 0.0270179 0.1022445
 90 A  90 0.2209894 0.0505358 0.0476457 0.0344576 0.0000000 0.0741728 0.0566775 0.0225534 0.0032552 0.0371188 0.0481347 0.1274519 0.0000000 0.0090519 0.0000000 0.0822692 0.0319940 0.0000000 0.0000000 0.0257554 0.1279366
 91 K  91 0.0654194 0.0103883 0.1121929 0.0336047 0.0000000 0.0633245 0.0286707 0.0565792 0.0124219 0.0187373 0.1776228 0.0898999 0.0210770 0.0086833 0.0000000 0.0980082 0.0376606 0.0000000 0.0222967 0.0145217 0.1288911
 92 N  92 0.0295862 0.0518633 0.0851040 0.0479759 0.0000000 0.1096841 0.0285890 0.1563001 0.0301668 0.0000000 0.0050005 0.2082669 0.0000000 0.0000000 0.0087711 0.0829713 0.0222979 0.0000000 0.0000000 0.0037666 0.1296563
 93 P  93 0.0881720 0.0000000 0.0000000 0.0000000 0.0000000 0.0000000 0.0000000 0.0040280 0.0036969 0.0148954 0.0080242 0.0000000 0.0000000 0.0000000 0.6945202 0.0088178 0.0158180 0.0000000 0.0218306 0.0055184 0.1346786
 94 W  94 0.0000000 0.0000000 0.0000000 0.0000000 0.0000000 0.0197933 0.0148464 0.0061120 0.0049454 0.0096905 0.0288385 0.0000000 0.0084611 0.2053304 0.0000000 0.0048735 0.0000000 0.5129784 0.0410709 0.0058489 0.1372107
 95 A  95 0.1451155 0.0000000 0.0000000 0.0000000 0.0000000 0.0000000 0.0000000 0.0000000 0.0000000 0.2009990 0.0494530 0.0000000 0.0049454 0.0000000 0.1069038 0.0054925 0.0000000 0.0000000 0.0179776 0.3396747 0.1294386
 96 K  96 0.0043586 0.4653233 0.0000000 0.0091308 0.0000000 0.0138746 0.0117819 0.0000000 0.0000000 0.0121181 0.0251971 0.2954191 0.0036296 0.0040385 0.0000000 0.0000000 0.0105018 0.0000000 0.0000000 0.0120965 0.1325299
 97 P  97 0.0324036 0.0725121 0.0432328 0.0203729 0.0000000 0.0467249 0.0278856 0.0120864 0.0000000 0.0000000 0.0000000 0.1049180 0.0000000 0.0000000 0.1292409 0.2897383 0.0786198 0.0000000 0.0000000 0.0049822 0.1372825
 98 L  98 0.0092684 0.0000000 0.0028313 0.0044716 0.0000000 0.0000000 0.0000000 0.0088247 0.0000000 0.2437039 0.1879565 0.0000000 0.0398325 0.1274406 0.0043586 0.0055184 0.0000000 0.0670802 0.0266766 0.1224406 0.1495960
 99 R  99 0.1603018 0.0691938 0.0515274 0.0690936 0.0000000 0.0699412 0.0160246 0.1023927 0.0414861 0.0025604 0.0033560 0.0705536 0.0000000 0.0000000 0.0043550 0.1425940 0.0091129 0.0000000 0.0000000 0.0174178 0.1700892
100 Q 100 0.0542080 0.0230900 0.0224563 0.0859190 0.0000000 0.2240903 0.0478848 0.0413869 0.0116106 0.0000000 0.0072446 0.0760548 0.0000000 0.0000000 0.0074535 0.1662582 0.0153271 0.0000000 0.0000000 0.0068789 0.2101369
101 V 101 0.0093511 0.0000000 0.0000000 0.0000000 0.0000000 0.0000000 0.0000000 0.0000000 0.0091308 0.2547395 0.1692238 0.0000000 0.0188953 0.0038891 0.0000000 0.0000000 0.0049822 0.0000000 0.0000000 0.3011898 0.2285984
102 Q 102 0.0083661 0.0739265 0.0236904 0.0000000 0.0000000 0.3219416 0.0000000 0.0000000 0.0548672 0.0044069 0.0160560 0.1628986 0.0000000 0.0000000 0.0000000 0.0046881 0.0066962 0.0000000 0.0000000 0.0093511 0.3131112
103 A 103 0.0725137 0.0980349 0.0688875 0.0428904 0.0000000 0.1661351 0.0362841 0.0285393 0.0000000 0.0000000 0.0092148 0.0872623 0.0000000 0.0045998 0.0000000 0.0474249 0.0015358 0.0000000 0.0000000 0.0000000 0.3366775
104 D 104 0.0155006 0.0109153 0.0111065 0.1329017 0.0000000 0.0087711 0.2651769 0.0000000 0.0000000 0.0000000 0.0035610 0.0356113 0.0064195 0.0000000 0.0000000 0.0885027 0.0000000 0.0000000 0.0000000 0.0053335 0.4162000
105 L 105 0.0088038 0.0000000 0.0000000 0.0000000 0.0000000 0.0279438 0.0000000 0.0000000 0.0000000 0.2396995 0.1655549 0.0039927 0.0288021 0.0000000 0.0000000 0.0000000 0.0000000 0.0000000 0.0000000 0.0086714 0.5165317
106 K 106 0.0000000 0.0671059 0.0000000 0.0000000 0.0000000 0.0167696 0.0532744 0.0000000 0.0000000 0.0000000 0.0000000 0.1260723 0.0000000 0.0000000 0.0000000 0.0000000 0.0000000 0.0000000 0.0000000 0.0000000 0.7367778
