  106         A         R         N         D         C         Q         E         G         H         I         L         K         M         F         P         S         T         W         Y         V    
  1 M   1 0.0000000 0.0000000 0.0000000 0.0000000 0.0000000 0.0000000 0.0000000 0.0000000 0.0000000 0.0771888 0.1195800 0.0000000 0.1616004 0.0000000 0.0000000 0.0000000 0.0000000 0.0000000 0.0000000 0.6416307
  2 R   2 0.0997927 0.1635285 0.0111028 0.0000000 0.0000000 0.3316550 0.1570302 0.0000000 0.0409774 0.0000000 0.0000000 0.1003242 0.0127781 0.0000000 0.0242502 0.0277585 0.0062425 0.0000000 0.0000000 0.0245600
  3 G   3 0.2384735 0.0000000 0.0116311 0.0051254 0.0000000 0.0104886 0.0516467 0.0352436 0.0000000 0.0341164 0.0133578 0.0099752 0.0000000 0.0110765 0.2919932 0.0747213 0.1285451 0.0000000 0.0000000 0.0836056
  4 S   4 0.2536784 0.0000000 0.0040178 0.0000000 0.0000000 0.0677231 0.0458532 0.0204625 0.0000000 0.0277661 0.0000000 0.1145172 0.0040818 0.0000000 0.0518042 0.1711803 0.1195516 0.0000000 0.0000000 0.1193640
  5 H   5 0.2532170 0.0000000 0.0088004 0.0235085 0.0000000 0.0736865 0.0216982 0.0086547 0.0613381 0.0000000 0.0067597 0.0270199 0.0000000 0.0000000 0.2956224 0.0926799 0.0773539 0.0000000 0.0000000 0.0496608
  6 H   6 0.1319076 0.0191468 0.0307389 0.0089113 0.0000000 0.0547172 0.0054382 0.0061473 0.0040642 0.0302878 0.0706411 0.1071872 0.0398194 0.0066763 0.1558238 0.1323617 0.0936647 0.0000000 0.0000000 0.1024662
  7 H   7 0.1537108 0.0248701 0.0443674 0.0000000 0.0000000 0.0144668 0.0383955 0.0266988 0.0065254 0.0165174 0.0232709 0.0716262 0.0000000 0.0057034 0.2722832 0.1118500 0.1075055 0.0000000 0.0131305 0.0690782
  8 H   8 0.1943348 0.0251141 0.0275438 0.0531487 0.0000000 0.0805963 0.0788959 0.0231070 0.0257205 0.0456546 0.0172655 0.0450699 0.0000000 0.0000000 0.0745496 0.0761435 0.1067836 0.0000000 0.0051218 0.1209504
  9 H   9 0.1022356 0.0393001 0.0231566 0.0167948 0.0000000 0.0628527 0.1526981 0.0185107 0.0681335 0.0362927 0.0092748 0.0625889 0.0032158 0.0000000 0.0651018 0.1356739 0.0801058 0.0000000 0.0080131 0.1160511
 10 H  10 0.1352022 0.0554883 0.0466963 0.0667491 0.0000000 0.0373791 0.0868398 0.0236320 0.0218781 0.0243736 0.0429826 0.1005762 0.0041162 0.0297370 0.0721315 0.1240345 0.0759874 0.0000000 0.0000000 0.0521960
 11 G  11 0.0812716 0.0454605 0.0184919 0.0150250 0.0072201 0.0283009 0.0386072 0.0908511 0.0036218 0.0530439 0.0689532 0.0588914 0.0000000 0.0903810 0.1263012 0.1002977 0.0924624 0.0055151 0.0479052 0.0273986
 12 S  12 0.1538571 0.0039133 0.0020932 0.0591976 0.0000000 0.0234931 0.0823168 0.0208313 0.0046757 0.0334005 0.0415262 0.0278118 0.0437383 0.0410101 0.0897297 0.2180398 0.1310784 0.0000000 0.0065517 0.0167357
 13 N  13 0.0597519 0.0864737 0.0727789 0.0719212 0.0000000 0.0313949 0.0420160 0.1153882 0.0054650 0.0077211 0.0365209 0.0333397 0.0000000 0.1450662 0.0489915 0.0934473 0.0719492 0.0081795 0.0160438 0.0535508
 14 N  14 0.1204409 0.0687060 0.0703084 0.2155702 0.0000000 0.0649512 0.0313377 0.0497242 0.0163081 0.0147774 0.0229222 0.0356695 0.0000000 0.0000000 0.0436275 0.1127016 0.0978481 0.0000000 0.0296689 0.0054379
 15 N  15 0.0592656 0.1117059 0.0560401 0.0440508 0.0000000 0.0550603 0.1246857 0.1282449 0.0000000 0.0218984 0.0115728 0.0939919 0.0000000 0.0044862 0.0073424 0.1215523 0.0857018 0.0000000 0.0000000 0.0744009
 16 G  16 0.2202337 0.0140763 0.0759575 0.0851748 0.0000000 0.0833917 0.1096810 0.0888285 0.0057038 0.0203151 0.0134490 0.0550255 0.0000000 0.0000000 0.0120315 0.1015512 0.0943043 0.0000000 0.0078945 0.0123816
 17 S  17 0.1518222 0.0190997 0.0101865 0.0319210 0.0000000 0.0246320 0.1225643 0.0276763 0.0117713 0.0108867 0.0213773 0.0926617 0.0000000 0.0090328 0.0307471 0.0686912 0.0453575 0.3039149 0.0000000 0.0176573
 18 L  18 0.0146578 0.0151398 0.0027565 0.0032120 0.0000000 0.0266205 0.0087594 0.0000000 0.0068189 0.1312938 0.4239000 0.0000000 0.0086681 0.0725130 0.0233723 0.0182897 0.0327418 0.0085618 0.0961982 0.1064965
 19 K  19 0.1559220 0.0457889 0.0496451 0.0216492 0.0000000 0.0864791 0.0345501 0.0329965 0.0000000 0.0403927 0.1874833 0.1620936 0.0428559 0.0072664 0.0169869 0.0529575 0.0293536 0.0000000 0.0000000 0.0335794
 20 S  20 0.1735980 0.0583699 0.0598746 0.0247848 0.0000000 0.1038553 0.0604156 0.0408636 0.0047170 0.0038371 0.0124658 0.0632735 0.0074294 0.0000000 0.0133332 0.2686308 0.0792554 0.0000000 0.0130126 0.0122833
 21 A  21 0.2082454 0.0460385 0.0104877 0.0000000 0.0000000 0.2469971 0.0489425 0.0000000 0.0000000 0.0484920 0.0956065 0.0625976 0.0526237 0.0502682 0.0069609 0.0125858 0.0438015 0.0099889 0.0000000 0.0563637
 22 P  22 0.1016450 0.0061584 0.1492844 0.0629780 0.0000000 0.0000000 0.0133829 0.0183008 0.0041739 0.0059071 0.0081726 0.0253399 0.0000000 0.0058765 0.4045154 0.1667612 0.0070112 0.0000000 0.0114539 0.0090390
 23 S  23 0.1682672 0.0626950 0.0126168 0.0712624 0.0000000 0.0100584 0.0550669 0.0604835 0.0078033 0.0062229 0.0033202 0.0891345 0.0032862 0.0000000 0.2785008 0.1097286 0.0328894 0.0000000 0.0038549 0.0248091
 24 S  24 0.0396960 0.1180483 0.1330909 0.0695547 0.0000000 0.0607016 0.0619838 0.1092183 0.0072531 0.0000000 0.0032062 0.1059127 0.0047141 0.0108606 0.0138754 0.1516702 0.0881003 0.0000000 0.0177000 0.0044136
 25 H  25 0.0763094 0.0988740 0.1132794 0.0336648 0.0000000 0.0303596 0.0074842 0.2257470 0.2269639 0.0063196 0.0296868 0.0108766 0.0000000 0.0147558 0.0118590 0.0615139 0.0301344 0.0000000 0.0221716 0.0000000
 26 Y  26 0.0035328 0.0000000 0.0000000 0.0000000 0.0000000 0.0000000 0.0000000 0.0000000 0.0079199 0.0209499 0.0135415 0.0057780 0.0060582 0.2323570 0.0000000 0.0061087 0.0075070 0.0640345 0.6163569 0.0158557
 27 T  27 0.1130045 0.0000000 0.0000000 0.0000000 0.0000000 0.0000000 0.0045324 0.0092034 0.0000000 0.0392767 0.0103692 0.0000000 0.0092449 0.0376047 0.0000000 0.0570799 0.6243306 0.0000000 0.0000000 0.0953537
 28 L  28 0.0000000 0.0000000 0.0042069 0.0000000 0.0000000 0.0000000 0.0000000 0.0000000 0.0000000 0.4250826 0.4042959 0.0000000 0.0185843 0.0122128 0.0000000 0.0000000 0.0000000 0.0038827 0.0000000 0.1317347
 29 Q  29 0.0054920 0.0362406 0.0156737 0.0000000 0.0000000 0.8833667 0.0487996 0.0000000 0.0000000 0.0000000 0.0000000 0.0000000 0.0000000 0.0000000 0.0000000 0.0000000 0.0000000 0.0000000 0.0000000 0.0104274
 30 L  30 0.0050423 0.0000000 0.0000000 0.0000000 0.0000000 0.0000000 0.0000000 0.0000000 0.0057575 0.1301643 0.6329167 0.0000000 0.0253917 0.0075209 0.0000000 0.0000000 0.0000000 0.0000000 0.0000000 0.1932066
 31 S  31 0.2395497 0.0164603 0.0035912 0.0000000 0.0000000 0.0000000 0.0000000 0.0840534 0.0000000 0.0820179 0.1450878 0.0130379 0.0774520 0.0514371 0.0000000 0.1411944 0.0333099 0.0000000 0.0084441 0.1043643
 32 S  32 0.4083616 0.0349856 0.0091579 0.0141395 0.0000000 0.0000000 0.0171959 0.1589281 0.0000000 0.0053853 0.0000000 0.0103748 0.0140422 0.0000000 0.0000000 0.2323528 0.0434833 0.0000000 0.0041096 0.0474835
 33 S  33 0.1846119 0.0000000 0.0083247 0.0039751 0.0000000 0.0000000 0.0052266 0.0298581 0.0059269 0.0264583 0.1175812 0.0000000 0.0550902 0.1334190 0.0000000 0.1311739 0.0713028 0.0000000 0.0474583 0.1795929
 34 S  34 0.0385775 0.0867245 0.0408298 0.0142994 0.0000000 0.0381726 0.0123379 0.0778615 0.0400200 0.0052879 0.0273322 0.0827764 0.0074809 0.0079001 0.0379045 0.3389377 0.0785829 0.0094685 0.0297492 0.0257566
 35 N  35 0.0265223 0.0878345 0.1219433 0.1610801 0.0000000 0.1065420 0.0476990 0.0135909 0.0181529 0.0000000 0.0134179 0.0659966 0.0000000 0.0000000 0.0000000 0.2627753 0.0503926 0.0000000 0.0063234 0.0177292
 36 Y  36 0.0450722 0.0730779 0.0081522 0.0193282 0.0000000 0.1057749 0.2176217 0.0058823 0.0032567 0.0128978 0.1530042 0.1075354 0.0223872 0.0203099 0.0579285 0.0525783 0.0200320 0.0110633 0.0336916 0.0304058
 37 D  37 0.1689058 0.0258886 0.0437482 0.2023418 0.0000000 0.1293003 0.1578042 0.0127088 0.0000000 0.0053031 0.0097431 0.1131700 0.0000000 0.0053440 0.0111407 0.0600821 0.0466629 0.0000000 0.0000000 0.0078564
 38 N  38 0.1064781 0.0476411 0.1014143 0.0819305 0.0000000 0.0380481 0.0873502 0.0446447 0.0075443 0.0490212 0.0114067 0.0612030 0.0000000 0.0117545 0.0000000 0.1726502 0.1107436 0.0053107 0.0000000 0.0628587
 39 L  39 0.2864449 0.0033881 0.0000000 0.0000000 0.0000000 0.0157838 0.0000000 0.0042054 0.0000000 0.0886658 0.3248449 0.0000000 0.0257723 0.0129756 0.0000000 0.0112679 0.0106503 0.0000000 0.0000000 0.2160010
 40 N  40 0.0466900 0.1100674 0.0897231 0.1117550 0.0000000 0.1373212 0.1096077 0.0184125 0.0129489 0.0364950 0.0726887 0.1403556 0.0000000 0.0000000 0.0000000 0.0194450 0.0394691 0.0061973 0.0276760 0.0211476
 41 G  41 0.2358650 0.1013630 0.0986428 0.1016598 0.0000000 0.0714642 0.0924232 0.0479265 0.0139442 0.0025518 0.0143544 0.0549759 0.0000000 0.0000000 0.0188507 0.0748674 0.0551207 0.0000000 0.0016648 0.0143255
 42 W  42 0.0063521 0.0220604 0.0000000 0.0000000 0.0000000 0.0068260 0.0000000 0.0043852 0.0048317 0.0424545 0.0945515 0.0038661 0.0185436 0.4977612 0.0000000 0.0034093 0.0344639 0.0476107 0.1562927 0.0565912
 43 A  43 0.2645635 0.0381007 0.0000000 0.0000000 0.0000000 0.0134898 0.0043084 0.0000000 0.0000000 0.1788206 0.2432469 0.0215871 0.0185312 0.0077334 0.0063619 0.0150975 0.0202083 0.0000000 0.0134315 0.1545192
 44 K  44 0.1761714 0.1695600 0.0716317 0.0971709 0.0000000 0.0515366 0.0650222 0.0107276 0.0039635 0.0036304 0.0127427 0.2082939 0.0041303 0.0000000 0.0000000 0.0805903 0.0306125 0.0000000 0.0000000 0.0142161
 45 K  45 0.0264246 0.1815637 0.0507662 0.0456678 0.0000000 0.1624470 0.1113936 0.0060740 0.0089972 0.0026408 0.0167297 0.2265526 0.0217800 0.0000000 0.0148194 0.0536526 0.0483645 0.0000000 0.0181433 0.0039830
 46 E  46 0.0444361 0.0126098 0.1121259 0.0064661 0.0000000 0.1350314 0.0314073 0.0000000 0.2068580 0.0533982 0.2139480 0.0139394 0.0045850 0.0286756 0.0194591 0.0092090 0.0038209 0.0000000 0.1005639 0.0034664
 47 N  47 0.0703521 0.0631293 0.0978108 0.0833054 0.0000000 0.0691258 0.0422544 0.1575136 0.0086329 0.0209947 0.0052650 0.1235033 0.0000000 0.0000000 0.1634336 0.0467122 0.0295183 0.0047042 0.0000000 0.0137443
 48 L  48 0.0197794 0.0396459 0.0267376 0.0855255 0.0000000 0.0323198 0.0351357 0.0519982 0.0000000 0.0692449 0.4520160 0.0287404 0.0064767 0.0091904 0.0413899 0.0399867 0.0192849 0.0000000 0.0123260 0.0302020
 49 K  49 0.0646299 0.0585286 0.0825531 0.0948733 0.0000000 0.1297114 0.1402437 0.0410131 0.0073435 0.0090060 0.0408386 0.1319033 0.0000000 0.0000000 0.0383114 0.0925615 0.0528655 0.0000000 0.0032652 0.0123518
 50 N  50 0.0368615 0.0130525 0.1795218 0.1918588 0.0000000 0.0753537 0.0487191 0.2230722 0.0519236 0.0000000 0.0110564 0.0374155 0.0000000 0.0000000 0.0643960 0.0538033 0.0101859 0.0000000 0.0000000 0.0027796
 51 Y  51 0.1184380 0.0320686 0.0209293 0.0272778 0.0000000 0.0708425 0.0086129 0.0037595 0.0025380 0.0897273 0.1508530 0.0474666 0.0163673 0.0202234 0.0523881 0.0127998 0.0181595 0.0079496 0.1851089 0.1144900
 52 V  52 0.1216463 0.1608424 0.0114583 0.0075309 0.0000000 0.0170704 0.0145235 0.0000000 0.0671076 0.0242746 0.0558667 0.0557099 0.0108246 0.0570669 0.0450160 0.0481362 0.0294366 0.0824255 0.0736754 0.1173881
 53 V  53 0.0572747 0.0000000 0.0000000 0.0047782 0.0000000 0.0481211 0.0151209 0.0061482 0.0104531 0.2064672 0.0980317 0.0000000 0.0152334 0.0348569 0.0102016 0.0368385 0.0170582 0.0335970 0.1604400 0.2453794
 54 Y  54 0.0121163 0.0183002 0.0350074 0.0048290 0.0000000 0.0107978 0.0042219 0.0000000 0.0231166 0.0710222 0.0237145 0.0000000 0.0000000 0.1149238 0.0000000 0.0066632 0.0159649 0.0395063 0.4666829 0.1531330
 55 E  55 0.0290489 0.1611408 0.0220132 0.0093234 0.0000000 0.1543019 0.1350451 0.0032006 0.0231460 0.0050273 0.0287639 0.1536424 0.0032468 0.0364284 0.1153224 0.0312374 0.0341611 0.0000000 0.0380163 0.0169340
 56 T  56 0.0679103 0.0505138 0.0077606 0.0093853 0.0000000 0.0166247 0.0604607 0.0163147 0.0000000 0.0315614 0.0362850 0.1402355 0.0027320 0.0167897 0.0000000 0.0599304 0.3677811 0.0226800 0.0405946 0.0524402
 57 T  57 0.0483106 0.1009096 0.0290329 0.0328481 0.0000000 0.0940393 0.0631901 0.0161424 0.0083253 0.0602797 0.0826117 0.1348926 0.0281528 0.0224161 0.0000000 0.0532262 0.1106370 0.0000000 0.0033852 0.1116003
 58 R  58 0.0289191 0.4303299 0.0069681 0.0044870 0.0000000 0.0378093 0.0452131 0.0223940 0.0500453 0.0148954 0.0641068 0.0420525 0.0040128 0.0100867 0.0062651 0.0789375 0.0168515 0.0042449 0.0431298 0.0892511
 59 N  59 0.0119769 0.0496232 0.4211105 0.1051864 0.0000000 0.0927939 0.0264936 0.0623369 0.0145786 0.0000000 0.0055409 0.0985183 0.0000000 0.0000000 0.0060823 0.0363885 0.0038341 0.0000000 0.0655360 0.0000000
 60 G  60 0.0214484 0.0080614 0.0702435 0.1000189 0.0000000 0.0486771 0.0237441 0.6393194 0.0024516 0.0000000 0.0000000 0.0515747 0.0054722 0.0000000 0.0040240 0.0219850 0.0029796 0.0000000 0.0000000 0.0000000
 61 Q  61 0.0372708 0.1207045 0.0178748 0.0126163 0.0000000 0.1757888 0.0523966 0.0625109 0.0040918 0.0082096 0.0117749 0.2528646 0.0078390 0.0037957 0.0225497 0.0729878 0.0896955 0.0054131 0.0000000 0.0416155
 62 P  62 0.0408925 0.0515180 0.0231989 0.0839816 0.0000000 0.0344992 0.1273092 0.0144044 0.0000000 0.0427819 0.0000000 0.0700482 0.0066344 0.0054400 0.2567846 0.0490487 0.1337593 0.0000000 0.0131566 0.0465425
 63 W  63 0.0045764 0.0439815 0.0000000 0.0000000 0.0000000 0.0610307 0.0000000 0.0089854 0.0255546 0.0000000 0.0592491 0.0188821 0.0116528 0.0412550 0.0000000 0.0121939 0.0107405 0.6418041 0.0406550 0.0194388
 64 Y  64 0.0035809 0.0000000 0.0033437 0.0000000 0.0000000 0.0000000 0.0000000 0.0000000 0.0745700 0.0399696 0.0176201 0.0000000 0.0000000 0.1933786 0.0000000 0.0000000 0.0308545 0.0421937 0.5578181 0.0366708
 65 V  65 0.0516755 0.0784692 0.0037623 0.0000000 0.0038784 0.0101228 0.0067879 0.0184995 0.0049344 0.1593379 0.0342828 0.0459261 0.0181686 0.0206134 0.0030724 0.0248877 0.0820575 0.0000000 0.0000000 0.4335236
 66 L  66 0.0308418 0.0000000 0.0000000 0.0000000 0.0000000 0.0000000 0.0000000 0.0217303 0.0000000 0.1226253 0.3524229 0.0000000 0.0000000 0.0000000 0.0000000 0.0000000 0.0000000 0.0000000 0.0000000 0.4723797
 67 V  67 0.0144464 0.0379934 0.0000000 0.0000000 0.0000000 0.0061871 0.0120515 0.0000000 0.0000000 0.1629317 0.3260503 0.0000000 0.0062287 0.0475960 0.0000000 0.0082788 0.1636043 0.0070348 0.0119847 0.1956123
 68 S  68 0.0508468 0.0069039 0.0168477 0.0000000 0.0000000 0.0254978 0.0045861 0.0000000 0.0413266 0.0472351 0.0439798 0.0019778 0.0514275 0.0636423 0.0000000 0.1236894 0.0464779 0.0142807 0.3989009 0.0623799
 69 G  69 0.0192540 0.0049366 0.0148472 0.0155961 0.0000000 0.0232928 0.0026868 0.8617555 0.0000000 0.0000000 0.0045879 0.0212216 0.0000000 0.0000000 0.0000000 0.0276493 0.0041723 0.0000000 0.0000000 0.0000000
 70 V  70 0.0337637 0.0214194 0.1266305 0.2010693 0.0000000 0.0576681 0.0694564 0.0058234 0.0373564 0.0174183 0.0461128 0.0104122 0.0114303 0.0000000 0.0775399 0.1590420 0.0336642 0.0000000 0.0077658 0.0834271
 71 Y  71 0.0000000 0.0000000 0.0000000 0.0000000 0.0000000 0.0000000 0.0000000 0.0000000 0.0207511 0.0045060 0.0099047 0.0000000 0.0000000 0.3662436 0.0000000 0.0000000 0.0000000 0.0027318 0.5958628 0.0000000
 72 A  72 0.2929766 0.0191950 0.0428697 0.0824861 0.0000000 0.0133276 0.0539949 0.0089954 0.0077658 0.0025113 0.0030545 0.0706842 0.0000000 0.0046248 0.2383254 0.1017279 0.0478800 0.0000000 0.0000000 0.0095808
 73 S  73 0.0048554 0.0118946 0.1186832 0.1387525 0.0000000 0.0090152 0.0052505 0.0111505 0.0000000 0.0040435 0.0000000 0.0000000 0.0000000 0.0000000 0.0000000 0.4219646 0.2743900 0.0000000 0.0000000 0.0000000
 74 K  74 0.0698195 0.2768112 0.0061704 0.0088312 0.0000000 0.0692006 0.0248235 0.0039317 0.0062306 0.0949788 0.0568443 0.1491330 0.0164311 0.0107635 0.0427404 0.0757596 0.0083020 0.0045752 0.0406304 0.0340231
 75 E  75 0.1634387 0.0285485 0.0720765 0.0939550 0.0000000 0.1178350 0.2201220 0.0208440 0.0000000 0.0073528 0.0077635 0.0664742 0.0095516 0.0000000 0.0087844 0.0959199 0.0529260 0.0000000 0.0068547 0.0275533
 76 E  76 0.2297244 0.0163144 0.0000000 0.1272286 0.0000000 0.1272880 0.2875420 0.0024690 0.0000000 0.0095406 0.0384825 0.0154529 0.0123683 0.0019226 0.0045752 0.0855918 0.0197501 0.0000000 0.0000000 0.0217496
 77 A  77 0.9730584 0.0000000 0.0000000 0.0000000 0.0000000 0.0000000 0.0000000 0.0043200 0.0000000 0.0000000 0.0000000 0.0000000 0.0047723 0.0000000 0.0029786 0.0060077 0.0088630 0.0000000 0.0000000 0.0000000
 78 K  78 0.0393490 0.1996396 0.0455891 0.0151844 0.0000000 0.1162888 0.0820305 0.0081109 0.0213498 0.0202421 0.0901134 0.2491921 0.0056555 0.0000000 0.0000000 0.0264349 0.0195991 0.0000000 0.0177807 0.0434400
 79 K  79 0.2042699 0.1154321 0.0479540 0.0767574 0.0000000 0.1415724 0.0828629 0.0086466 0.0097200 0.0246502 0.0350812 0.1012897 0.0044930 0.0053122 0.0000000 0.1016670 0.0301426 0.0000000 0.0000000 0.0101490
 80 A  80 0.7348190 0.0029208 0.0037002 0.0066076 0.0000000 0.0522548 0.0154835 0.0309687 0.0030088 0.0045551 0.0099146 0.0250370 0.0039067 0.0039600 0.0000000 0.0207257 0.0231459 0.0000000 0.0302597 0.0287318
 81 V  81 0.1186473 0.0391000 0.0039913 0.0000000 0.0000000 0.0234175 0.0127757 0.0045261 0.0000000 0.2289133 0.2480850 0.0412487 0.0546488 0.0187299 0.0000000 0.0465770 0.0151198 0.0000000 0.0036323 0.1405872
 82 S  82 0.2126888 0.0694353 0.0749652 0.0295550 0.0000000 0.0876232 0.1068411 0.0360088 0.0137835 0.0061846 0.0222427 0.1314771 0.0000000 0.0000000 0.0101677 0.1405225 0.0478754 0.0000000 0.0000000 0.0106291
 83 T  83 0.1387417 0.0744387 0.0589780 0.0503333 0.0000000 0.1012817 0.0521105 0.0408931 0.0135258 0.0000000 0.0252908 0.0964528 0.0035576 0.0000000 0.0000000 0.1567075 0.1745419 0.0000000 0.0058935 0.0072533
 84 L  84 0.0040336 0.0000000 0.0000000 0.0000000 0.0000000 0.0000000 0.0000000 0.0000000 0.0000000 0.0246679 0.8831704 0.0000000 0.0420219 0.0213603 0.0000000 0.0000000 0.0000000 0.0096273 0.0051450 0.0099738
 85 P  85 0.0260892 0.0000000 0.0204960 0.0183484 0.0000000 0.0086182 0.0000000 0.0068157 0.0000000 0.0040633 0.0131526 0.0282215 0.0130308 0.0067702 0.7559720 0.0534776 0.0134944 0.0000000 0.0000000 0.0314499
 86 A  86 0.2878613 0.0382148 0.0101574 0.0731378 0.0000000 0.0411804 0.1224126 0.0215243 0.0038296 0.0048728 0.0301560 0.1378350 0.0084328 0.0085409 0.0655048 0.0771176 0.0531130 0.0000000 0.0000000 0.0161088
 87 D  87 0.1300519 0.0320623 0.0361357 0.1384176 0.0000000 0.0476264 0.2163003 0.0326558 0.0023597 0.0139005 0.0000000 0.0827320 0.0000000 0.0110312 0.0514862 0.1463299 0.0396311 0.0063049 0.0097984 0.0031760
 88 V  88 0.0134299 0.0078388 0.0000000 0.0111108 0.0000000 0.0184557 0.0000000 0.0039920 0.0030715 0.1145225 0.3649909 0.0175457 0.0052912 0.0837692 0.0139314 0.0179038 0.0204795 0.0056562 0.0536966 0.2443143
 89 Q  89 0.0522659 0.2205396 0.0149105 0.0000000 0.0000000 0.2817892 0.0064589 0.0343819 0.0212253 0.0111405 0.0449979 0.1478781 0.0179370 0.0074988 0.0457563 0.0167367 0.0388133 0.0000000 0.0067653 0.0309048
 90 A  90 0.2593817 0.0583283 0.0564968 0.0393710 0.0000000 0.0873563 0.0505519 0.0269521 0.0039396 0.0411001 0.0518735 0.1505512 0.0000000 0.0101204 0.0000000 0.0971506 0.0372129 0.0000000 0.0000000 0.0296137
 91 K  91 0.0601417 0.0122095 0.1288155 0.0393079 0.0000000 0.0738969 0.0337189 0.0637322 0.0149322 0.0225719 0.2096309 0.1049154 0.0254214 0.0097271 0.0000000 0.1129689 0.0440676 0.0000000 0.0264516 0.0174905
 92 N  92 0.0332697 0.0619095 0.0994596 0.0553033 0.0000000 0.1130963 0.0335823 0.1811821 0.0362657 0.0000000 0.0059666 0.2442602 0.0000000 0.0000000 0.0106172 0.0946983 0.0262315 0.0000000 0.0000000 0.0041578
 93 P  93 0.1028774 0.0000000 0.0000000 0.0000000 0.0000000 0.0000000 0.0000000 0.0048497 0.0045285 0.0174396 0.0087927 0.0000000 0.0000000 0.0000000 0.8007368 0.0099486 0.0190879 0.0000000 0.0251499 0.0065888
 94 W  94 0.0000000 0.0000000 0.0000000 0.0000000 0.0000000 0.0236390 0.0178254 0.0071825 0.0060017 0.0112909 0.0339196 0.0000000 0.0101145 0.2279236 0.0000000 0.0059099 0.0000000 0.5996018 0.0495364 0.0070547
 95 A  95 0.1577010 0.0000000 0.0000000 0.0000000 0.0000000 0.0000000 0.0000000 0.0000000 0.0000000 0.2286583 0.0584476 0.0000000 0.0059436 0.0000000 0.1257822 0.0067385 0.0000000 0.0000000 0.0213923 0.3953363
 96 K  96 0.0048573 0.5378937 0.0000000 0.0106007 0.0000000 0.0164110 0.0139854 0.0000000 0.0000000 0.0146124 0.0304210 0.3352947 0.0043763 0.0048905 0.0000000 0.0000000 0.0126522 0.0000000 0.0000000 0.0140049
 97 P  97 0.0363686 0.0856423 0.0513090 0.0245043 0.0000000 0.0546533 0.0324777 0.0143722 0.0000000 0.0000000 0.0000000 0.1215411 0.0000000 0.0000000 0.1516278 0.3298691 0.0916176 0.0000000 0.0000000 0.0060170
 98 L  98 0.0103362 0.0000000 0.0033163 0.0052622 0.0000000 0.0000000 0.0000000 0.0104681 0.0000000 0.2785857 0.2260135 0.0000000 0.0480481 0.1525644 0.0049503 0.0066931 0.0000000 0.0743695 0.0322456 0.1471471
 99 R  99 0.1954067 0.0846472 0.0485378 0.0850092 0.0000000 0.0858038 0.0197657 0.1252208 0.0507189 0.0032201 0.0041895 0.0833714 0.0000000 0.0000000 0.0051005 0.1757070 0.0117779 0.0000000 0.0000000 0.0215235
100 Q 100 0.0703139 0.0300499 0.0269507 0.1065906 0.0000000 0.2749085 0.0619576 0.0542822 0.0150939 0.0000000 0.0095824 0.0985085 0.0000000 0.0000000 0.0096050 0.2127445 0.0204747 0.0000000 0.0000000 0.0089377
101 V 101 0.0129788 0.0000000 0.0000000 0.0000000 0.0000000 0.0000000 0.0000000 0.0000000 0.0118980 0.3217291 0.2176840 0.0000000 0.0256101 0.0053167 0.0000000 0.0000000 0.0067216 0.0000000 0.0000000 0.3980615
102 Q 102 0.0124890 0.1091879 0.0350556 0.0000000 0.0000000 0.4593058 0.0000000 0.0000000 0.0829485 0.0064232 0.0232356 0.2397198 0.0000000 0.0000000 0.0000000 0.0071306 0.0100009 0.0000000 0.0000000 0.0145030
103 A 103 0.1120601 0.1531131 0.1048416 0.0650212 0.0000000 0.2343434 0.0554346 0.0441480 0.0000000 0.0000000 0.0146408 0.1351291 0.0000000 0.0062790 0.0000000 0.0726502 0.0023388 0.0000000 0.0000000 0.0000000
104 D 104 0.0272890 0.0191225 0.0192912 0.2323523 0.0000000 0.0156923 0.4408996 0.0000000 0.0000000 0.0000000 0.0063631 0.0639463 0.0116783 0.0000000 0.0000000 0.1538234 0.0000000 0.0000000 0.0000000 0.0095421
105 L 105 0.0186963 0.0000000 0.0000000 0.0000000 0.0000000 0.0594746 0.0000000 0.0000000 0.0000000 0.4869741 0.3485244 0.0086457 0.0588583 0.0000000 0.0000000 0.0000000 0.0000000 0.0000000 0.0000000 0.0188266
106 K 106 0.0000000 0.2554064 0.0000000 0.0000000 0.0000000 0.0644643 0.2044389 0.0000000 0.0000000 0.0000000 0.0000000 0.4756903 0.0000000 0.0000000 0.0000000 0.0000000 0.0000000 0.0000000 0.0000000 0.0000000
