   68         A         R         N         D         C         Q         E         G         H         I         L         K         M         F         P         S         T         W         Y         V         X    
  1 M   1 0.0000000 0.0000000 0.0000000 0.0000000 0.0000000 0.0000000 0.0000000 0.0000000 0.0000000 0.0415030 0.0000000 0.0000000 0.2173725 0.0000000 0.0000000 0.0000000 0.0000000 0.0000000 0.0000000 0.0000000 0.7411245
  2 R   2 0.0000000 0.0775753 0.0000000 0.0000000 0.0000000 0.0000000 0.0000000 0.0000000 0.0000000 0.0000000 0.0000000 0.2035593 0.0000000 0.0000000 0.0000000 0.0000000 0.0000000 0.0000000 0.0000000 0.0000000 0.7188654
  3 D   3 0.0000000 0.0000000 0.0000000 0.1891273 0.0000000 0.0000000 0.0676348 0.0000000 0.0000000 0.0000000 0.0000000 0.0000000 0.0000000 0.0000000 0.0000000 0.0243725 0.0000000 0.0000000 0.0000000 0.0000000 0.7188654
  4 E   4 0.0000000 0.0000000 0.0000000 0.0456112 0.0000000 0.0000000 0.1668682 0.0000000 0.0000000 0.0000000 0.0000000 0.0000000 0.0000000 0.0000000 0.1249564 0.0222591 0.0000000 0.0000000 0.0000000 0.0000000 0.6403052
  5 I   5 0.0267027 0.0000000 0.0000000 0.0415030 0.0000000 0.0000000 0.0886011 0.0222591 0.0000000 0.0775753 0.0000000 0.0000000 0.0196724 0.0212387 0.0594500 0.0000000 0.0223648 0.0000000 0.0000000 0.0000000 0.6206328
  6 L   6 0.0450120 0.0000000 0.0000000 0.0000000 0.0243725 0.0000000 0.0000000 0.0000000 0.0000000 0.0000000 0.0728753 0.0000000 0.0853640 0.0363552 0.0223648 0.0000000 0.0000000 0.0000000 0.0000000 0.1294256 0.5842306
  7 D   7 0.0000000 0.0000000 0.0406387 0.2058385 0.0000000 0.0587200 0.0861996 0.0000000 0.0000000 0.0000000 0.0000000 0.0703657 0.0000000 0.0000000 0.0000000 0.0000000 0.0000000 0.0000000 0.0000000 0.0000000 0.5382374
  8 P   8 0.0727574 0.0000000 0.0427672 0.0433311 0.0000000 0.0000000 0.0000000 0.0000000 0.0000000 0.0000000 0.0000000 0.0000000 0.0000000 0.0000000 0.2526634 0.0267027 0.0845177 0.0000000 0.0000000 0.0000000 0.4772604
  9 S   9 0.0000000 0.0233400 0.0264416 0.0000000 0.0000000 0.0000000 0.0913320 0.0222591 0.0000000 0.0000000 0.0000000 0.2427654 0.0000000 0.0000000 0.0363552 0.1281112 0.0975776 0.0000000 0.0000000 0.0000000 0.3318178
 10 N  10 0.0226578 0.0363552 0.2922885 0.1587520 0.0000000 0.0000000 0.0737367 0.0000000 0.0000000 0.0000000 0.0000000 0.0000000 0.1152795 0.0000000 0.0824096 0.0364022 0.0000000 0.0000000 0.0000000 0.0196747 0.1624439
 11 L  11 0.1471585 0.0000000 0.0196724 0.0440926 0.0869369 0.0000000 0.0000000 0.0239433 0.0000000 0.0557967 0.1401655 0.0000000 0.0223775 0.0000000 0.0404035 0.0844195 0.0697674 0.0000000 0.0000000 0.1312873 0.1339788
 12 V  12 0.0000000 0.0000000 0.0000000 0.0000000 0.0000000 0.0363552 0.0000000 0.0000000 0.0000000 0.3507097 0.2421470 0.0000000 0.0000000 0.0283427 0.0000000 0.0000000 0.0000000 0.0000000 0.0000000 0.2084666 0.1339788
 13 K  13 0.0000000 0.0284651 0.0000000 0.0000000 0.0000000 0.0000000 0.0000000 0.0000000 0.0000000 0.0000000 0.0000000 0.8375561 0.0000000 0.0000000 0.0000000 0.0000000 0.0000000 0.0000000 0.0000000 0.0000000 0.1339788
 14 N  14 0.0000000 0.0209663 0.2456410 0.3096291 0.0666983 0.0398573 0.0647448 0.0000000 0.0000000 0.0000000 0.0000000 0.0442433 0.0000000 0.0267027 0.0000000 0.0857979 0.0000000 0.0000000 0.0000000 0.0000000 0.0957193
 15 R  15 0.0000000 0.7911813 0.0000000 0.0000000 0.0000000 0.0000000 0.0000000 0.0000000 0.0000000 0.0271348 0.0000000 0.0671062 0.0000000 0.0000000 0.0000000 0.0188585 0.0000000 0.0000000 0.0000000 0.0000000 0.0957193
 16 E  16 0.0000000 0.0000000 0.0382595 0.2005999 0.0000000 0.0973322 0.5680891 0.0000000 0.0000000 0.0000000 0.0000000 0.0000000 0.0000000 0.0000000 0.0000000 0.0000000 0.0000000 0.0000000 0.0000000 0.0000000 0.0957193
 17 I  17 0.0583477 0.0442433 0.0437059 0.0000000 0.0000000 0.2368576 0.0000000 0.0000000 0.1209354 0.0532028 0.1158049 0.0404035 0.0382595 0.0415030 0.0000000 0.0000000 0.0669244 0.0000000 0.0440926 0.0000000 0.0957193
 18 L  18 0.0000000 0.0000000 0.0000000 0.0000000 0.0000000 0.0000000 0.0000000 0.0000000 0.0000000 0.0267027 0.7607770 0.0000000 0.1168010 0.0000000 0.0000000 0.0000000 0.0000000 0.0000000 0.0000000 0.0000000 0.0957193
 19 Y  19 0.0000000 0.0000000 0.0000000 0.0000000 0.0000000 0.0000000 0.0000000 0.0000000 0.0000000 0.0000000 0.0000000 0.0000000 0.0000000 0.0000000 0.0000000 0.0000000 0.0000000 0.0000000 0.9042807 0.0000000 0.0957193
 20 R  20 0.0000000 0.7251010 0.0000000 0.0000000 0.0000000 0.0000000 0.0000000 0.0000000 0.0000000 0.0000000 0.0000000 0.2220793 0.0000000 0.0000000 0.0000000 0.0000000 0.0000000 0.0000000 0.0000000 0.0000000 0.0528197
 21 L  21 0.0000000 0.0000000 0.0000000 0.0000000 0.0000000 0.0000000 0.0000000 0.0000000 0.0000000 0.0000000 0.7257008 0.0000000 0.1408810 0.0000000 0.0363552 0.0442433 0.0000000 0.0000000 0.0000000 0.0000000 0.0528197
 22 M  22 0.0000000 0.0000000 0.0000000 0.0000000 0.0000000 0.0000000 0.0000000 0.0000000 0.0000000 0.7020172 0.0382595 0.0000000 0.2073148 0.0000000 0.0000000 0.0000000 0.0000000 0.0000000 0.0000000 0.0524084 0.0000000
 23 I  23 0.0000000 0.0000000 0.0000000 0.0000000 0.0000000 0.0000000 0.0000000 0.0000000 0.0000000 0.8725186 0.0000000 0.0000000 0.0000000 0.0000000 0.0000000 0.0528197 0.0000000 0.0000000 0.0000000 0.0746617 0.0000000
 24 S  24 0.0528197 0.0000000 0.0000000 0.0000000 0.0000000 0.0000000 0.0000000 0.1909423 0.0000000 0.0000000 0.0000000 0.0000000 0.0000000 0.0000000 0.0000000 0.7562380 0.0000000 0.0000000 0.0000000 0.0000000 0.0000000
 25 Q  25 0.0000000 0.0000000 0.0000000 0.0000000 0.0000000 1.0000000 0.0000000 0.0000000 0.0000000 0.0000000 0.0000000 0.0000000 0.0000000 0.0000000 0.0000000 0.0000000 0.0000000 0.0000000 0.0000000 0.0000000 0.0000000
 26 L  26 0.0000000 0.0000000 0.0000000 0.0000000 0.0000000 0.0000000 0.0000000 0.0000000 0.0000000 0.0000000 1.0000000 0.0000000 0.0000000 0.0000000 0.0000000 0.0000000 0.0000000 0.0000000 0.0000000 0.0000000 0.0000000
 27 M  27 0.0000000 0.1356082 0.0000000 0.0000000 0.0000000 0.0846468 0.0000000 0.0000000 0.0631973 0.0000000 0.1786170 0.0000000 0.0961024 0.3907502 0.0000000 0.0000000 0.0000000 0.0000000 0.0510781 0.0000000 0.0000000
 28 Y  28 0.0000000 0.0000000 0.0442433 0.0000000 0.0000000 0.0000000 0.0000000 0.0000000 0.0528197 0.0000000 0.0382595 0.0000000 0.0000000 0.0404035 0.0000000 0.0000000 0.0000000 0.0000000 0.8242739 0.0000000 0.0000000
 29 D  29 0.0000000 0.0000000 0.0000000 1.0000000 0.0000000 0.0000000 0.0000000 0.0000000 0.0000000 0.0000000 0.0000000 0.0000000 0.0000000 0.0000000 0.0000000 0.0000000 0.0000000 0.0000000 0.0000000 0.0000000 0.0000000
 30 G  30 0.0000000 0.0000000 0.0000000 0.0000000 0.0000000 0.0000000 0.0000000 1.0000000 0.0000000 0.0000000 0.0000000 0.0000000 0.0000000 0.0000000 0.0000000 0.0000000 0.0000000 0.0000000 0.0000000 0.0000000 0.0000000
 31 L  31 0.0000000 0.0000000 0.0000000 0.0000000 0.0398573 0.0000000 0.0000000 0.0000000 0.3182157 0.0000000 0.0802699 0.0000000 0.0000000 0.1166450 0.0000000 0.0000000 0.0000000 0.0000000 0.4450122 0.0000000 0.0000000
 32 E  32 0.0000000 0.0000000 0.0000000 0.0653266 0.0000000 0.2875898 0.2157501 0.0000000 0.1195180 0.1589408 0.0000000 0.0000000 0.0442433 0.0000000 0.0000000 0.0409437 0.0676876 0.0000000 0.0000000 0.0000000 0.0000000
 33 K  33 0.1006718 0.0000000 0.0623353 0.0338794 0.0000000 0.1873096 0.0528197 0.0230948 0.0000000 0.0000000 0.0270671 0.0532028 0.0000000 0.0000000 0.0233400 0.2911320 0.1451475 0.0000000 0.0000000 0.0000000 0.0000000
 34 F  34 0.0364022 0.0000000 0.0000000 0.0000000 0.0000000 0.0000000 0.0000000 0.0000000 0.0000000 0.3696360 0.2229519 0.0000000 0.0283427 0.0532028 0.0000000 0.0000000 0.0000000 0.0000000 0.0000000 0.2894644 0.0000000
 35 A  35 0.9180935 0.0000000 0.0000000 0.0000000 0.0000000 0.0000000 0.0000000 0.0415030 0.0000000 0.0000000 0.0000000 0.0000000 0.0000000 0.0000000 0.0000000 0.0404035 0.0000000 0.0000000 0.0000000 0.0000000 0.0000000
 36 M  36 0.1210201 0.0000000 0.0973322 0.0000000 0.0000000 0.0528197 0.0000000 0.0000000 0.0000000 0.0000000 0.0779042 0.0846468 0.0532028 0.0000000 0.0000000 0.1767345 0.0415030 0.0000000 0.0000000 0.2948367 0.0000000
 37 E  37 0.0398573 0.0000000 0.2980428 0.0000000 0.0000000 0.1357898 0.1199011 0.0560299 0.0000000 0.0000000 0.0338794 0.0000000 0.0000000 0.0000000 0.0000000 0.2502602 0.0662396 0.0000000 0.0000000 0.0000000 0.0000000
 38 L  38 0.0000000 0.0000000 0.0000000 0.0000000 0.0000000 0.0000000 0.0000000 0.0000000 0.0000000 0.0000000 0.9297653 0.0000000 0.0000000 0.0363552 0.0000000 0.0000000 0.0000000 0.0000000 0.0000000 0.0338794 0.0000000
 39 S  39 0.3369624 0.0428995 0.0000000 0.0000000 0.0000000 0.0000000 0.0000000 0.0623445 0.0000000 0.0973322 0.0000000 0.0000000 0.0000000 0.0000000 0.0000000 0.2587078 0.1734109 0.0000000 0.0000000 0.0283427 0.0000000
 40 M  40 0.0892156 0.0634692 0.2456268 0.0000000 0.0000000 0.0404035 0.0000000 0.0599139 0.0000000 0.0000000 0.0000000 0.2493393 0.0532028 0.0000000 0.0000000 0.1136067 0.0392290 0.0000000 0.0000000 0.0459932 0.0000000
 41 L  41 0.1734294 0.0000000 0.0364022 0.0000000 0.0270671 0.1444489 0.0973322 0.0000000 0.0000000 0.0914949 0.1251490 0.0271348 0.0420500 0.0000000 0.0000000 0.0000000 0.1665362 0.0000000 0.0000000 0.0689554 0.0000000
 42 V  42 0.0404035 0.0000000 0.0000000 0.0000000 0.0000000 0.0000000 0.0000000 0.0000000 0.0000000 0.1439488 0.0214348 0.0000000 0.0000000 0.0364022 0.0000000 0.0000000 0.0398573 0.0000000 0.0000000 0.7179535 0.0000000
 43 K  43 0.0000000 0.1310451 0.2702978 0.0000000 0.0528197 0.1334669 0.0000000 0.0657423 0.0233400 0.0000000 0.0000000 0.2144508 0.0000000 0.0000000 0.0000000 0.1088374 0.0000000 0.0000000 0.0000000 0.0000000 0.0000000
 44 A  44 0.4651049 0.0000000 0.0000000 0.0000000 0.0000000 0.0000000 0.0428995 0.0000000 0.0000000 0.0398573 0.0892700 0.0000000 0.0000000 0.0000000 0.2841077 0.0000000 0.0787607 0.0000000 0.0000000 0.0000000 0.0000000
 45 D  45 0.0000000 0.0000000 0.0608145 0.2983353 0.0000000 0.1243254 0.1412654 0.0428995 0.0846347 0.0000000 0.0000000 0.0000000 0.0000000 0.0000000 0.0578370 0.1370685 0.0000000 0.0000000 0.0000000 0.0528197 0.0000000
 46 Q  46 0.0522860 0.0428995 0.0216944 0.0284651 0.0000000 0.0936063 0.0000000 0.0000000 0.0000000 0.0000000 0.0000000 0.0000000 0.0000000 0.0000000 0.6515314 0.0756378 0.0338794 0.0000000 0.0000000 0.0000000 0.0000000
 47 C  47 0.0382595 0.0000000 0.0000000 0.0000000 0.7849316 0.0000000 0.0000000 0.0404035 0.0000000 0.0000000 0.0510104 0.0000000 0.0000000 0.0000000 0.0440926 0.0000000 0.0000000 0.0000000 0.0000000 0.0413023 0.0000000
 48 A  48 0.2884879 0.0000000 0.0000000 0.0000000 0.0000000 0.0000000 0.0000000 0.0712422 0.0000000 0.0000000 0.0000000 0.0000000 0.0000000 0.0000000 0.4055845 0.1282392 0.1064462 0.0000000 0.0000000 0.0000000 0.0000000
 49 P  49 0.0000000 0.0000000 0.0000000 0.0000000 0.0000000 0.0000000 0.0000000 0.0000000 0.0000000 0.0000000 0.0000000 0.0000000 0.0000000 0.0000000 0.9557567 0.0442433 0.0000000 0.0000000 0.0000000 0.0000000 0.0000000
 50 S  50 0.0000000 0.0000000 0.0000000 0.0000000 0.0398573 0.0000000 0.0000000 0.0000000 0.0000000 0.0000000 0.0000000 0.0000000 0.0000000 0.0000000 0.0000000 0.9601427 0.0000000 0.0000000 0.0000000 0.0000000 0.0000000
 51 E  51 0.0398573 0.0000000 0.0568078 0.5356170 0.0000000 0.0000000 0.2321098 0.0000000 0.0000000 0.0000000 0.0000000 0.0000000 0.0000000 0.0000000 0.0000000 0.1356082 0.0000000 0.0000000 0.0000000 0.0000000 0.0000000
 52 R  52 0.0000000 0.6415496 0.0000000 0.0000000 0.0000000 0.1377357 0.0271348 0.0000000 0.0000000 0.0000000 0.0000000 0.1493367 0.0000000 0.0442433 0.0000000 0.0000000 0.0000000 0.0000000 0.0000000 0.0000000 0.0000000
 53 L  53 0.0000000 0.0000000 0.0000000 0.0000000 0.0000000 0.0000000 0.0000000 0.0000000 0.0000000 0.0000000 1.0000000 0.0000000 0.0000000 0.0000000 0.0000000 0.0000000 0.0000000 0.0000000 0.0000000 0.0000000 0.0000000
 54 L  54 0.0000000 0.0459932 0.0267027 0.0000000 0.0000000 0.0528197 0.0382595 0.0000000 0.0386752 0.0000000 0.3086464 0.0000000 0.1965741 0.2559269 0.0000000 0.0364022 0.0000000 0.0000000 0.0000000 0.0000000 0.0000000
 55 H  55 0.0000000 0.1248437 0.1645565 0.0000000 0.0000000 0.0413023 0.1098239 0.0000000 0.2581354 0.0000000 0.0000000 0.1761418 0.0000000 0.0000000 0.0000000 0.1251964 0.0000000 0.0000000 0.0000000 0.0000000 0.0000000
 56 V  56 0.0442433 0.0000000 0.0000000 0.0000000 0.0000000 0.0000000 0.0000000 0.0000000 0.0000000 0.3400813 0.4111755 0.0000000 0.0000000 0.0000000 0.0000000 0.0000000 0.0000000 0.0000000 0.0000000 0.2044999 0.0000000
 57 M  57 0.0413023 0.0000000 0.0000000 0.0000000 0.0000000 0.0000000 0.0000000 0.0000000 0.0000000 0.0942894 0.0000000 0.0000000 0.1208377 0.1071018 0.0000000 0.0000000 0.0524084 0.0000000 0.0442433 0.5398171 0.0000000
 58 I  58 0.0000000 0.0576408 0.0398573 0.0000000 0.0000000 0.1599479 0.0000000 0.0000000 0.0000000 0.0532028 0.0442948 0.2650444 0.1108363 0.0000000 0.0000000 0.1903811 0.0787946 0.0000000 0.0000000 0.0000000 0.0000000
 59 A  59 0.1712397 0.0504506 0.0000000 0.0000000 0.0000000 0.0666983 0.0209663 0.0000000 0.0000000 0.1512752 0.3694976 0.0703657 0.0000000 0.0270671 0.0000000 0.0264416 0.0000000 0.0000000 0.0000000 0.0459978 0.0000000
 60 G  60 0.1347342 0.0000000 0.0000000 0.0000000 0.0000000 0.0000000 0.0000000 0.7613520 0.0000000 0.0000000 0.0000000 0.0000000 0.0000000 0.0000000 0.0000000 0.0338794 0.0000000 0.0000000 0.0271348 0.0000000 0.0428995
 61 M  61 0.0442948 0.0000000 0.0587670 0.0000000 0.0212387 0.0000000 0.0000000 0.0000000 0.0000000 0.0000000 0.5986615 0.0440926 0.1669511 0.0000000 0.0000000 0.0000000 0.0230948 0.0000000 0.0000000 0.0000000 0.0428995
 62 Q  62 0.0841521 0.0724922 0.0000000 0.0000000 0.0000000 0.4062441 0.2217538 0.0000000 0.0000000 0.0000000 0.0270671 0.0592258 0.0000000 0.0000000 0.0000000 0.0622221 0.0000000 0.0000000 0.0000000 0.0239433 0.0428995
 63 T  63 0.1406921 0.0000000 0.0973322 0.0000000 0.0000000 0.0442433 0.0270671 0.0000000 0.2227775 0.0666983 0.0284651 0.0386752 0.0364022 0.0440926 0.0000000 0.0721390 0.1175497 0.0000000 0.0209663 0.0000000 0.0428995
 64 L  64 0.0000000 0.0000000 0.0000000 0.1337755 0.0000000 0.0000000 0.5384253 0.0000000 0.0000000 0.0404035 0.0532028 0.0000000 0.0000000 0.0000000 0.0000000 0.0283427 0.0000000 0.0000000 0.0000000 0.1246911 0.0811591
 65 S  65 0.0398573 0.0000000 0.0000000 0.0226578 0.0000000 0.0651320 0.1583676 0.0364022 0.0000000 0.0000000 0.0000000 0.0480334 0.0000000 0.0000000 0.1619576 0.1367861 0.1232921 0.0000000 0.0000000 0.0000000 0.2075140
 66 L  66 0.0634223 0.0000000 0.0000000 0.3477714 0.0000000 0.0338794 0.1896066 0.0000000 0.0000000 0.0000000 0.0671647 0.0000000 0.0000000 0.0000000 0.0000000 0.0000000 0.0000000 0.0000000 0.0000000 0.0000000 0.2981556
 67 G  67 0.0364022 0.0442948 0.0000000 0.0000000 0.0000000 0.0000000 0.0687462 0.1546997 0.0000000 0.0000000 0.0000000 0.0000000 0.0000000 0.0000000 0.0000000 0.0000000 0.0000000 0.0000000 0.0000000 0.0000000 0.6958571
 68 S  68 0.0000000 0.0000000 0.0000000 0.0000000 0.0000000 0.0000000 0.0000000 0.0000000 0.0000000 0.0000000 0.0000000 0.0000000 0.0000000 0.0000000 0.0000000 0.1478616 0.0000000 0.0000000 0.0000000 0.0000000 0.8521384
