   68         A         R         N         D         C         Q         E         G         H         I         L         K         M         F         P         S         T         W         Y         V    
  1 M   1 0.0000000 0.0000000 0.0000000 0.0000000 0.0000000 0.0000000 0.0000000 0.0000000 0.0000000 0.1592206 0.0000000 0.0000000 0.8407794 0.0000000 0.0000000 0.0000000 0.0000000 0.0000000 0.0000000 0.0000000
  2 R   2 0.0000000 0.2787335 0.0000000 0.0000000 0.0000000 0.0000000 0.0000000 0.0000000 0.0000000 0.0000000 0.0000000 0.7212665 0.0000000 0.0000000 0.0000000 0.0000000 0.0000000 0.0000000 0.0000000 0.0000000
  3 D   3 0.0000000 0.0000000 0.0000000 0.6643721 0.0000000 0.0000000 0.2468087 0.0000000 0.0000000 0.0000000 0.0000000 0.0000000 0.0000000 0.0000000 0.0000000 0.0888192 0.0000000 0.0000000 0.0000000 0.0000000
  4 E   4 0.0000000 0.0000000 0.0000000 0.1256212 0.0000000 0.0000000 0.4661479 0.0000000 0.0000000 0.0000000 0.0000000 0.0000000 0.0000000 0.0000000 0.3486074 0.0596235 0.0000000 0.0000000 0.0000000 0.0000000
  5 I   5 0.0711660 0.0000000 0.0000000 0.1108508 0.0000000 0.0000000 0.2380429 0.0567270 0.0000000 0.2098685 0.0000000 0.0000000 0.0485794 0.0526434 0.1536232 0.0000000 0.0584987 0.0000000 0.0000000 0.0000000
  6 L   6 0.1115456 0.0000000 0.0000000 0.0000000 0.0610998 0.0000000 0.0000000 0.0000000 0.0000000 0.0000000 0.1750284 0.0000000 0.2032087 0.0855435 0.0534467 0.0000000 0.0000000 0.0000000 0.0000000 0.3101273
  7 D   7 0.0000000 0.0000000 0.0833496 0.4540352 0.0000000 0.1258029 0.1866299 0.0000000 0.0000000 0.0000000 0.0000000 0.1501824 0.0000000 0.0000000 0.0000000 0.0000000 0.0000000 0.0000000 0.0000000 0.0000000
  8 P   8 0.1392209 0.0000000 0.0803370 0.0819184 0.0000000 0.0000000 0.0000000 0.0000000 0.0000000 0.0000000 0.0000000 0.0000000 0.0000000 0.0000000 0.4849980 0.0526581 0.1608675 0.0000000 0.0000000 0.0000000
  9 S   9 0.0000000 0.0353712 0.0402229 0.0000000 0.0000000 0.0000000 0.1368566 0.0332026 0.0000000 0.0000000 0.0000000 0.3602552 0.0000000 0.0000000 0.0548018 0.1906493 0.1486406 0.0000000 0.0000000 0.0000000
 10 N  10 0.0259004 0.0444000 0.3637428 0.1850753 0.0000000 0.0000000 0.0847158 0.0000000 0.0000000 0.0000000 0.0000000 0.0000000 0.1366963 0.0000000 0.0927721 0.0448242 0.0000000 0.0000000 0.0000000 0.0218731
 11 L  11 0.1680786 0.0000000 0.0222793 0.0484226 0.1005517 0.0000000 0.0000000 0.0255832 0.0000000 0.0667980 0.1707595 0.0000000 0.0290321 0.0000000 0.0470258 0.0961532 0.0769530 0.0000000 0.0000000 0.1483629
 12 V  12 0.0000000 0.0000000 0.0000000 0.0000000 0.0000000 0.0429399 0.0000000 0.0000000 0.0000000 0.4034308 0.2758469 0.0000000 0.0000000 0.0316493 0.0000000 0.0000000 0.0000000 0.0000000 0.0000000 0.2461331
 13 K  13 0.0000000 0.0328850 0.0000000 0.0000000 0.0000000 0.0000000 0.0000000 0.0000000 0.0000000 0.0000000 0.0000000 0.9671150 0.0000000 0.0000000 0.0000000 0.0000000 0.0000000 0.0000000 0.0000000 0.0000000
 14 N  14 0.0000000 0.0231023 0.2763044 0.3272430 0.0757230 0.0420749 0.0723594 0.0000000 0.0000000 0.0000000 0.0000000 0.0471700 0.0000000 0.0314890 0.0000000 0.1045341 0.0000000 0.0000000 0.0000000 0.0000000
 15 R  15 0.0000000 0.8723739 0.0000000 0.0000000 0.0000000 0.0000000 0.0000000 0.0000000 0.0000000 0.0302646 0.0000000 0.0768594 0.0000000 0.0000000 0.0000000 0.0205021 0.0000000 0.0000000 0.0000000 0.0000000
 16 E  16 0.0000000 0.0000000 0.0352001 0.2221851 0.0000000 0.1043544 0.6382604 0.0000000 0.0000000 0.0000000 0.0000000 0.0000000 0.0000000 0.0000000 0.0000000 0.0000000 0.0000000 0.0000000 0.0000000 0.0000000
 17 I  17 0.0625806 0.0471700 0.0469198 0.0000000 0.0000000 0.2671477 0.0000000 0.0000000 0.1344336 0.0632706 0.1311458 0.0453704 0.0352001 0.0490484 0.0000000 0.0000000 0.0709949 0.0000000 0.0467181 0.0000000
 18 L  18 0.0000000 0.0000000 0.0000000 0.0000000 0.0000000 0.0000000 0.0000000 0.0000000 0.0000000 0.0314890 0.8428955 0.0000000 0.1256155 0.0000000 0.0000000 0.0000000 0.0000000 0.0000000 0.0000000 0.0000000
 19 Y  19 0.0000000 0.0000000 0.0000000 0.0000000 0.0000000 0.0000000 0.0000000 0.0000000 0.0000000 0.0000000 0.0000000 0.0000000 0.0000000 0.0000000 0.0000000 0.0000000 0.0000000 0.0000000 1.0000000 0.0000000
 20 R  20 0.0000000 0.7677775 0.0000000 0.0000000 0.0000000 0.0000000 0.0000000 0.0000000 0.0000000 0.0000000 0.0000000 0.2322225 0.0000000 0.0000000 0.0000000 0.0000000 0.0000000 0.0000000 0.0000000 0.0000000
 21 L  21 0.0000000 0.0000000 0.0000000 0.0000000 0.0000000 0.0000000 0.0000000 0.0000000 0.0000000 0.0000000 0.7542605 0.0000000 0.1589283 0.0000000 0.0405928 0.0462185 0.0000000 0.0000000 0.0000000 0.0000000
 22 M  22 0.0000000 0.0000000 0.0000000 0.0000000 0.0000000 0.0000000 0.0000000 0.0000000 0.0000000 0.6831848 0.0334326 0.0000000 0.2298048 0.0000000 0.0000000 0.0000000 0.0000000 0.0000000 0.0000000 0.0535777
 23 I  23 0.0000000 0.0000000 0.0000000 0.0000000 0.0000000 0.0000000 0.0000000 0.0000000 0.0000000 0.8961847 0.0000000 0.0000000 0.0000000 0.0000000 0.0000000 0.0306585 0.0000000 0.0000000 0.0000000 0.0731568
 24 S  24 0.0306585 0.0000000 0.0000000 0.0000000 0.0000000 0.0000000 0.0000000 0.1891421 0.0000000 0.0000000 0.0000000 0.0000000 0.0000000 0.0000000 0.0000000 0.7801994 0.0000000 0.0000000 0.0000000 0.0000000
 25 Q  25 0.0000000 0.0000000 0.0000000 0.0000000 0.0000000 1.0000000 0.0000000 0.0000000 0.0000000 0.0000000 0.0000000 0.0000000 0.0000000 0.0000000 0.0000000 0.0000000 0.0000000 0.0000000 0.0000000 0.0000000
 26 L  26 0.0000000 0.0000000 0.0000000 0.0000000 0.0000000 0.0000000 0.0000000 0.0000000 0.0000000 0.0000000 1.0000000 0.0000000 0.0000000 0.0000000 0.0000000 0.0000000 0.0000000 0.0000000 0.0000000 0.0000000
 27 M  27 0.0000000 0.1357394 0.0000000 0.0000000 0.0000000 0.0878938 0.0000000 0.0000000 0.0653591 0.0000000 0.1599075 0.0000000 0.0796466 0.4192652 0.0000000 0.0000000 0.0000000 0.0000000 0.0521883 0.0000000
 28 Y  28 0.0000000 0.0000000 0.0448015 0.0000000 0.0000000 0.0000000 0.0000000 0.0000000 0.0306585 0.0000000 0.0334326 0.0000000 0.0000000 0.0430923 0.0000000 0.0000000 0.0000000 0.0000000 0.8480151 0.0000000
 29 D  29 0.0000000 0.0000000 0.0000000 1.0000000 0.0000000 0.0000000 0.0000000 0.0000000 0.0000000 0.0000000 0.0000000 0.0000000 0.0000000 0.0000000 0.0000000 0.0000000 0.0000000 0.0000000 0.0000000 0.0000000
 30 G  30 0.0000000 0.0000000 0.0000000 0.0000000 0.0000000 0.0000000 0.0000000 1.0000000 0.0000000 0.0000000 0.0000000 0.0000000 0.0000000 0.0000000 0.0000000 0.0000000 0.0000000 0.0000000 0.0000000 0.0000000
 31 L  31 0.0000000 0.0000000 0.0000000 0.0000000 0.0399622 0.0000000 0.0000000 0.0000000 0.3406760 0.0000000 0.0875616 0.0000000 0.0000000 0.1177394 0.0000000 0.0000000 0.0000000 0.0000000 0.4140607 0.0000000
 32 E  32 0.0000000 0.0000000 0.0000000 0.0609005 0.0000000 0.3093450 0.2284726 0.0000000 0.1025793 0.1405257 0.0000000 0.0000000 0.0448015 0.0000000 0.0000000 0.0439235 0.0694519 0.0000000 0.0000000 0.0000000
 33 K  33 0.1005826 0.0000000 0.0625609 0.0351148 0.0000000 0.1681638 0.0306585 0.0252127 0.0000000 0.0000000 0.0274679 0.0600937 0.0000000 0.0000000 0.0253969 0.3043917 0.1603565 0.0000000 0.0000000 0.0000000
 34 F  34 0.0397242 0.0000000 0.0000000 0.0000000 0.0000000 0.0000000 0.0000000 0.0000000 0.0000000 0.3865157 0.2090968 0.0000000 0.0290020 0.0600937 0.0000000 0.0000000 0.0000000 0.0000000 0.0000000 0.2755676
 35 A  35 0.9103220 0.0000000 0.0000000 0.0000000 0.0000000 0.0000000 0.0000000 0.0465856 0.0000000 0.0000000 0.0000000 0.0000000 0.0000000 0.0000000 0.0000000 0.0430923 0.0000000 0.0000000 0.0000000 0.0000000
 36 M  36 0.1239172 0.0000000 0.0991147 0.0000000 0.0000000 0.0306585 0.0000000 0.0000000 0.0000000 0.0000000 0.0777950 0.0878938 0.0600937 0.0000000 0.0000000 0.1630672 0.0465856 0.0000000 0.0000000 0.3108742
 37 E  37 0.0399622 0.0000000 0.3074335 0.0000000 0.0000000 0.1223807 0.1320146 0.0587327 0.0000000 0.0000000 0.0351148 0.0000000 0.0000000 0.0000000 0.0000000 0.2594118 0.0449498 0.0000000 0.0000000 0.0000000
 38 L  38 0.0000000 0.0000000 0.0000000 0.0000000 0.0000000 0.0000000 0.0000000 0.0000000 0.0000000 0.0000000 0.9255370 0.0000000 0.0000000 0.0393483 0.0000000 0.0000000 0.0000000 0.0000000 0.0000000 0.0351148
 39 S  39 0.3436361 0.0195529 0.0000000 0.0000000 0.0000000 0.0000000 0.0000000 0.0652491 0.0000000 0.0991147 0.0000000 0.0000000 0.0000000 0.0000000 0.0000000 0.2581950 0.1852502 0.0000000 0.0000000 0.0290020
 40 M  40 0.1000872 0.0671920 0.2611159 0.0000000 0.0000000 0.0430923 0.0000000 0.0611462 0.0000000 0.0000000 0.0000000 0.2023967 0.0600937 0.0000000 0.0000000 0.1178859 0.0387724 0.0000000 0.0000000 0.0482176
 41 L  41 0.1802188 0.0000000 0.0397242 0.0000000 0.0274679 0.1512900 0.0991147 0.0000000 0.0000000 0.0696810 0.1358038 0.0287450 0.0470195 0.0000000 0.0000000 0.0000000 0.1461831 0.0000000 0.0000000 0.0747520
 42 V  42 0.0430923 0.0000000 0.0000000 0.0000000 0.0000000 0.0000000 0.0000000 0.0000000 0.0000000 0.1563281 0.0214188 0.0000000 0.0000000 0.0397242 0.0000000 0.0000000 0.0399622 0.0000000 0.0000000 0.6994743
 43 K  43 0.0000000 0.1384565 0.2503381 0.0000000 0.0306585 0.1511355 0.0000000 0.0664904 0.0253969 0.0000000 0.0000000 0.2244257 0.0000000 0.0000000 0.0000000 0.1130985 0.0000000 0.0000000 0.0000000 0.0000000
 44 A  44 0.5070979 0.0000000 0.0000000 0.0000000 0.0000000 0.0000000 0.0195529 0.0000000 0.0000000 0.0399622 0.0843438 0.0000000 0.0000000 0.0000000 0.2686112 0.0000000 0.0804318 0.0000000 0.0000000 0.0000000
 45 D  45 0.0000000 0.0000000 0.0606204 0.3261015 0.0000000 0.1263638 0.1496128 0.0195529 0.0837563 0.0000000 0.0000000 0.0000000 0.0000000 0.0000000 0.0611430 0.1421909 0.0000000 0.0000000 0.0000000 0.0306585
 46 Q  46 0.0524454 0.0195529 0.0212342 0.0301343 0.0000000 0.1031861 0.0000000 0.0000000 0.0000000 0.0000000 0.0000000 0.0000000 0.0000000 0.0000000 0.6604519 0.0778804 0.0351148 0.0000000 0.0000000 0.0000000
 47 C  47 0.0334326 0.0000000 0.0000000 0.0000000 0.7878095 0.0000000 0.0000000 0.0430923 0.0000000 0.0000000 0.0509112 0.0000000 0.0000000 0.0000000 0.0443723 0.0000000 0.0000000 0.0000000 0.0000000 0.0403820
 48 A  48 0.3108112 0.0000000 0.0000000 0.0000000 0.0000000 0.0000000 0.0000000 0.0485549 0.0000000 0.0000000 0.0000000 0.0000000 0.0000000 0.0000000 0.4064332 0.1325232 0.1016775 0.0000000 0.0000000 0.0000000
 49 P  49 0.0000000 0.0000000 0.0000000 0.0000000 0.0000000 0.0000000 0.0000000 0.0000000 0.0000000 0.0000000 0.0000000 0.0000000 0.0000000 0.0000000 0.9551985 0.0448015 0.0000000 0.0000000 0.0000000 0.0000000
 50 S  50 0.0000000 0.0000000 0.0000000 0.0000000 0.0399622 0.0000000 0.0000000 0.0000000 0.0000000 0.0000000 0.0000000 0.0000000 0.0000000 0.0000000 0.0000000 0.9600378 0.0000000 0.0000000 0.0000000 0.0000000
 51 E  51 0.0399622 0.0000000 0.0591364 0.5473781 0.0000000 0.0000000 0.2177839 0.0000000 0.0000000 0.0000000 0.0000000 0.0000000 0.0000000 0.0000000 0.0000000 0.1357394 0.0000000 0.0000000 0.0000000 0.0000000
 52 R  52 0.0000000 0.6550722 0.0000000 0.0000000 0.0000000 0.1422070 0.0287450 0.0000000 0.0000000 0.0000000 0.0000000 0.1291744 0.0000000 0.0448015 0.0000000 0.0000000 0.0000000 0.0000000 0.0000000 0.0000000
 53 L  53 0.0000000 0.0000000 0.0000000 0.0000000 0.0000000 0.0000000 0.0000000 0.0000000 0.0000000 0.0000000 1.0000000 0.0000000 0.0000000 0.0000000 0.0000000 0.0000000 0.0000000 0.0000000 0.0000000 0.0000000
 54 L  54 0.0000000 0.0482176 0.0299079 0.0000000 0.0000000 0.0306585 0.0334326 0.0000000 0.0390225 0.0000000 0.3303358 0.0000000 0.2073294 0.2413715 0.0000000 0.0397242 0.0000000 0.0000000 0.0000000 0.0000000
 55 H  55 0.0000000 0.1269520 0.1747905 0.0000000 0.0000000 0.0403820 0.0869830 0.0000000 0.2877438 0.0000000 0.0000000 0.1575748 0.0000000 0.0000000 0.0000000 0.1255738 0.0000000 0.0000000 0.0000000 0.0000000
 56 V  56 0.0448015 0.0000000 0.0000000 0.0000000 0.0000000 0.0000000 0.0000000 0.0000000 0.0000000 0.3366867 0.4253408 0.0000000 0.0000000 0.0000000 0.0000000 0.0000000 0.0000000 0.0000000 0.0000000 0.1931710
 57 M  57 0.0403820 0.0000000 0.0000000 0.0000000 0.0000000 0.0000000 0.0000000 0.0000000 0.0000000 0.0921653 0.0000000 0.0000000 0.1381903 0.1150132 0.0000000 0.0000000 0.0535777 0.0000000 0.0448015 0.5158701
 58 I  58 0.0000000 0.0618478 0.0399622 0.0000000 0.0000000 0.1373178 0.0000000 0.0000000 0.0000000 0.0600937 0.0526997 0.2483780 0.1202002 0.0000000 0.0000000 0.1989756 0.0805251 0.0000000 0.0000000 0.0000000
 59 A  59 0.1608599 0.0509337 0.0000000 0.0000000 0.0000000 0.0719208 0.0219423 0.0000000 0.0000000 0.1593020 0.3540203 0.0763223 0.0000000 0.0274679 0.0000000 0.0288805 0.0000000 0.0000000 0.0000000 0.0483504
 60 G  60 0.1425233 0.0000000 0.0000000 0.0000000 0.0000000 0.0000000 0.0000000 0.7923434 0.0000000 0.0000000 0.0000000 0.0000000 0.0000000 0.0000000 0.0000000 0.0358151 0.0000000 0.0000000 0.0293182 0.0000000
 61 M  61 0.0537507 0.0000000 0.0655911 0.0000000 0.0225649 0.0000000 0.0000000 0.0000000 0.0000000 0.0000000 0.6092516 0.0452573 0.1778690 0.0000000 0.0000000 0.0000000 0.0257156 0.0000000 0.0000000 0.0000000
 62 Q  62 0.0945099 0.0520928 0.0000000 0.0000000 0.0000000 0.4454944 0.2341017 0.0000000 0.0000000 0.0000000 0.0280157 0.0564792 0.0000000 0.0000000 0.0000000 0.0653955 0.0000000 0.0000000 0.0000000 0.0239109
 63 T  63 0.1224324 0.0000000 0.1010913 0.0000000 0.0000000 0.0456950 0.0280157 0.0000000 0.2516518 0.0733551 0.0307353 0.0398008 0.0405164 0.0452573 0.0000000 0.0699144 0.1291548 0.0000000 0.0223799 0.0000000
 64 L  64 0.0000000 0.0000000 0.0000000 0.1449156 0.0000000 0.0000000 0.5797875 0.0000000 0.0000000 0.0455034 0.0634560 0.0000000 0.0000000 0.0000000 0.0000000 0.0306247 0.0000000 0.0000000 0.0000000 0.1357129
 65 S  65 0.0488346 0.0000000 0.0000000 0.0280497 0.0000000 0.0858015 0.1976714 0.0485437 0.0000000 0.0000000 0.0000000 0.0603801 0.0000000 0.0000000 0.1898293 0.1802070 0.1606826 0.0000000 0.0000000 0.0000000
 66 L  66 0.0924211 0.0000000 0.0000000 0.4837610 0.0000000 0.0485713 0.2724660 0.0000000 0.0000000 0.0000000 0.1027806 0.0000000 0.0000000 0.0000000 0.0000000 0.0000000 0.0000000 0.0000000 0.0000000 0.0000000
 67 G  67 0.1214727 0.1611506 0.0000000 0.0000000 0.0000000 0.0000000 0.2204576 0.4969191 0.0000000 0.0000000 0.0000000 0.0000000 0.0000000 0.0000000 0.0000000 0.0000000 0.0000000 0.0000000 0.0000000 0.0000000
 68 S  68 0.0000000 0.0000000 0.0000000 0.0000000 0.0000000 0.0000000 0.0000000 0.0000000 0.0000000 0.0000000 0.0000000 0.0000000 0.0000000 0.0000000 0.0000000 1.0000000 0.0000000 0.0000000 0.0000000 0.0000000
