  136         A         R         N         D         C         Q         E         G         H         I         L         K         M         F         P         S         T         W         Y         V    
  1 H   1 0.0000000 0.0000000 0.1167224 0.0000000 0.0000000 0.2591765 0.0000000 0.0000000 0.5892639 0.0000000 0.0000000 0.0000000 0.0000000 0.0000000 0.0000000 0.0000000 0.0000000 0.0000000 0.0348372 0.0000000
  2 P   2 0.0084588 0.0000000 0.0129126 0.0000000 0.0055099 0.0000000 0.0000000 0.0167720 0.0048359 0.0000000 0.0204349 0.0000000 0.0000000 0.0000000 0.8874859 0.0243356 0.0129578 0.0000000 0.0000000 0.0062967
  3 A   3 0.2284613 0.0383234 0.0021808 0.0106293 0.0000000 0.0555094 0.0206241 0.0678442 0.0127555 0.0000000 0.0352057 0.0932834 0.0200157 0.0019359 0.2618036 0.1217336 0.0091779 0.0061410 0.0000000 0.0143753
  4 P   4 0.0598780 0.0367568 0.0165588 0.0213799 0.0225008 0.0154027 0.0300782 0.0474426 0.0077525 0.0261210 0.0125143 0.2219520 0.0177520 0.0093607 0.3337738 0.0810839 0.0079562 0.0027355 0.0000000 0.0290001
  5 E   5 0.0271508 0.0682381 0.0289452 0.0678881 0.0058079 0.0128992 0.1238751 0.1449163 0.0120660 0.0038522 0.0202376 0.1825540 0.0264403 0.0016507 0.1597676 0.0484733 0.0200569 0.0024092 0.0000000 0.0427713
  6 K   6 0.0269540 0.2284385 0.0086528 0.0572924 0.0000000 0.0547370 0.1391983 0.0029517 0.0050652 0.0052104 0.0042202 0.3396033 0.0060633 0.0070755 0.0222459 0.0519542 0.0253350 0.0059012 0.0023312 0.0067699
  7 S   7 0.0362796 0.1160224 0.0499010 0.0165590 0.0024174 0.0545104 0.0398273 0.0227375 0.0107950 0.0118407 0.0112738 0.2674358 0.0041724 0.0039809 0.1146166 0.1429935 0.0540140 0.0245850 0.0018785 0.0141592
  8 S   8 0.0294078 0.0511161 0.0146091 0.0110633 0.0037446 0.0129001 0.0215714 0.2457948 0.0039391 0.0504492 0.0179383 0.2298366 0.0027738 0.0218419 0.1009012 0.0669697 0.0710310 0.0013798 0.0033421 0.0393900
  9 K   9 0.0000000 0.2602677 0.0212613 0.0214198 0.0039894 0.0603428 0.0266777 0.0621782 0.0078375 0.0145142 0.0553499 0.2820768 0.0559347 0.0031649 0.0599299 0.0325557 0.0124343 0.0000000 0.0020015 0.0180637
 10 V  10 0.0278402 0.0771081 0.0331545 0.0223255 0.0011225 0.0843671 0.0262497 0.0045862 0.0503145 0.0305876 0.2094684 0.0346792 0.0585088 0.0281554 0.0351643 0.0388141 0.1158967 0.0113774 0.0512827 0.0589972
 11 S  11 0.0575232 0.0204377 0.0315887 0.0466569 0.0062422 0.0752014 0.0841040 0.0493340 0.0061440 0.0075986 0.0210807 0.0668928 0.0053362 0.0056829 0.0598026 0.2213391 0.2268569 0.0044529 0.0000000 0.0037252
 12 E  12 0.0350602 0.0397250 0.1913899 0.0693362 0.0000000 0.0597107 0.2213386 0.0200591 0.0184253 0.0065613 0.0140441 0.1080133 0.0019429 0.0033933 0.1377637 0.0264506 0.0119139 0.0185465 0.0064495 0.0098761
 13 Q  13 0.0321543 0.0085566 0.0265382 0.1796021 0.0039288 0.2314704 0.1797203 0.0048635 0.0379554 0.0083928 0.1258744 0.0607335 0.0167970 0.0054879 0.0086460 0.0117961 0.0034161 0.0265374 0.0021162 0.0254131
 14 L  14 0.0041839 0.0534551 0.0079072 0.0034885 0.0000000 0.0328950 0.0036924 0.0054857 0.0164024 0.0342612 0.4500198 0.0711121 0.1055946 0.0603060 0.0169381 0.0112816 0.0152590 0.0039510 0.0877120 0.0160545
 15 K  15 0.0470454 0.1522214 0.0519949 0.0501976 0.0000000 0.1357654 0.0999984 0.0045273 0.0405149 0.0059597 0.0105517 0.3347113 0.0000000 0.0000000 0.0016696 0.0190349 0.0379257 0.0014070 0.0000000 0.0064746
 16 C  16 0.1137251 0.0397904 0.0102731 0.0085653 0.0084371 0.1242472 0.0439754 0.0261960 0.0615877 0.0119031 0.0550067 0.0632459 0.0073271 0.1847989 0.0165522 0.0405112 0.0189341 0.0063577 0.1395461 0.0190198
 17 C  17 0.0490943 0.0000000 0.0000000 0.0000000 0.4853952 0.0035762 0.0000000 0.0081489 0.0000000 0.0385417 0.2756690 0.0025131 0.0684301 0.0514937 0.0000000 0.0089380 0.0042246 0.0000000 0.0000000 0.0039753
 18 S  18 0.0415633 0.0851555 0.0765693 0.0319748 0.0000000 0.1089650 0.1224833 0.0340231 0.0187237 0.0147631 0.1018591 0.1334168 0.0406825 0.0072412 0.0000000 0.0856461 0.0184968 0.0031484 0.0530249 0.0222633
 19 G  19 0.0645877 0.1003182 0.0568775 0.0335388 0.0000000 0.0579290 0.1258672 0.0464746 0.0460800 0.0144198 0.0110553 0.1895040 0.0097715 0.0217709 0.0459699 0.0749889 0.0750350 0.0000000 0.0028091 0.0230026
 20 I  20 0.0427605 0.0021994 0.0000000 0.0000000 0.0057133 0.0000000 0.0000000 0.0015779 0.0000000 0.2955172 0.2638436 0.0000000 0.0242662 0.0069111 0.0000000 0.0103812 0.0852002 0.0000000 0.0014346 0.2601947
 21 L  21 0.0000000 0.0139854 0.0038312 0.0000000 0.0000000 0.0015794 0.0000000 0.0000000 0.0134211 0.1209413 0.6719885 0.0000000 0.0143017 0.0147334 0.0000000 0.0000000 0.0087839 0.0044483 0.0011575 0.1308285
 22 K  22 0.0321630 0.0960829 0.1024120 0.1017429 0.0015562 0.0364607 0.0648880 0.0229985 0.0074597 0.0055243 0.0319526 0.3141607 0.0319587 0.0000000 0.0017119 0.0785115 0.0574088 0.0000000 0.0000000 0.0130075
 23 E  23 0.0623603 0.0848095 0.0359336 0.0673550 0.0045516 0.0587223 0.2786903 0.0372968 0.0052184 0.0114479 0.0212093 0.1217106 0.0013967 0.0197461 0.0058307 0.0889387 0.0409068 0.0000000 0.0100228 0.0438526
 24 M  24 0.0200571 0.0000000 0.0000000 0.0000000 0.0000000 0.0000000 0.0000000 0.0000000 0.0000000 0.1331218 0.6135438 0.0000000 0.1479792 0.0234842 0.0000000 0.0000000 0.0018673 0.0000000 0.0015099 0.0584367
 25 F  25 0.0149643 0.0368163 0.0131862 0.0240373 0.0173629 0.1090065 0.0541844 0.0050872 0.0320839 0.0324662 0.0965069 0.1314637 0.1420096 0.0913390 0.0034740 0.0137010 0.0365294 0.0603866 0.0507658 0.0346288
 26 A  26 0.1493886 0.0855475 0.0350959 0.0075759 0.0244200 0.0807137 0.0128123 0.0103698 0.0105927 0.0041965 0.0123281 0.2780049 0.0033038 0.0000000 0.0013194 0.2245198 0.0367664 0.0086485 0.0000000 0.0143963
 27 K  27 0.0031380 0.0330631 0.0407967 0.0131200 0.0142939 0.0719059 0.0065885 0.0222786 0.2995492 0.0250062 0.0782100 0.2082505 0.0235165 0.0000000 0.0366620 0.0163072 0.0343503 0.0000000 0.0025902 0.0703731
 28 K  28 0.0367782 0.0550792 0.0141143 0.0748324 0.0000000 0.0956893 0.0448305 0.0023696 0.0113905 0.0058473 0.0207837 0.5479790 0.0000000 0.0000000 0.0346225 0.0051368 0.0209806 0.0283778 0.0000000 0.0011884
 29 H  29 0.0147181 0.0934778 0.1426920 0.1467597 0.0056129 0.0138090 0.0395063 0.0083098 0.2692222 0.0065305 0.0029084 0.0563649 0.0038502 0.0016991 0.0000000 0.0280741 0.0405581 0.0215593 0.1011720 0.0031757
 30 A  30 0.0989534 0.0246318 0.0295321 0.0047789 0.0020517 0.0301041 0.0438131 0.0270144 0.2578762 0.0093293 0.0773961 0.0557204 0.0092683 0.0093836 0.0000000 0.1304522 0.0789409 0.0048505 0.0797458 0.0261574
 31 A  31 0.1352555 0.0624834 0.0496272 0.0511871 0.0000000 0.0623095 0.0983048 0.0698538 0.0528591 0.0084837 0.0017597 0.0936232 0.0027069 0.0054349 0.1492640 0.1182737 0.0222036 0.0000000 0.0016063 0.0147636
 32 Y  32 0.0507548 0.0000000 0.0108281 0.0960360 0.0151466 0.0125337 0.0490112 0.0140060 0.0366146 0.0771573 0.0786477 0.0039409 0.0275567 0.1733395 0.0000000 0.0852407 0.0165189 0.0450507 0.1725415 0.0350751
 33 A  33 0.5449766 0.0000000 0.0485883 0.0000000 0.0078593 0.0000000 0.0000000 0.0899072 0.0023758 0.0000000 0.0000000 0.0000000 0.0000000 0.0000000 0.0000000 0.2393582 0.0352109 0.0000000 0.0039235 0.0278001
 34 W  34 0.0460514 0.0285461 0.0071920 0.0010856 0.0000000 0.0156714 0.0188540 0.0412146 0.0155931 0.0228621 0.0649712 0.0172753 0.0091767 0.0405540 0.0064310 0.0148935 0.0188020 0.5578132 0.0457115 0.0273011
 35 P  35 0.0639836 0.0000000 0.0101844 0.0108822 0.0011860 0.0028142 0.0051849 0.0000000 0.0067786 0.0397531 0.0219528 0.0000000 0.0053450 0.0225970 0.6852088 0.0000000 0.0015988 0.0183380 0.0033642 0.1008281
 36 F  36 0.0000000 0.0000000 0.0000000 0.0000000 0.0000000 0.0000000 0.0000000 0.0000000 0.0000000 0.0000000 0.0029571 0.0000000 0.0000000 0.9814977 0.0000000 0.0000000 0.0000000 0.0000000 0.0155451 0.0000000
 37 Y  37 0.0504613 0.1504624 0.0814568 0.0035504 0.0026082 0.0564235 0.0073224 0.0013552 0.0451470 0.0220068 0.2924187 0.0531356 0.0663978 0.0017470 0.0000000 0.0246268 0.0128161 0.0000000 0.1151483 0.0129157
 38 K  38 0.0379698 0.0396839 0.0413649 0.0738159 0.0063978 0.1577034 0.2520549 0.0153442 0.0357246 0.0070031 0.0380895 0.1455913 0.0048323 0.0099604 0.0000000 0.0282194 0.0462208 0.0000000 0.0186691 0.0413548
 39 P  39 0.0315888 0.0227656 0.0000000 0.0000000 0.0000000 0.0027083 0.0031924 0.0000000 0.0000000 0.0000000 0.0072129 0.0065206 0.0000000 0.0000000 0.9008461 0.0208428 0.0043225 0.0000000 0.0000000 0.0000000
 40 V  40 0.0072278 0.0000000 0.0000000 0.0074123 0.0000000 0.0000000 0.0151937 0.0000000 0.0000000 0.0058729 0.0054357 0.0000000 0.0000000 0.0000000 0.0042999 0.0000000 0.0000000 0.0000000 0.0000000 0.9545577
 41 D  41 0.0101743 0.0020347 0.1342047 0.7649764 0.0000000 0.0058279 0.0097911 0.0000000 0.0000000 0.0034461 0.0021012 0.0092773 0.0000000 0.0000000 0.0094403 0.0309308 0.0077348 0.0000000 0.0100604 0.0000000
 42 V  42 0.2020489 0.0179454 0.0018256 0.0027608 0.0007932 0.0021746 0.0290366 0.0046562 0.0076542 0.0198677 0.0299206 0.0923955 0.0012741 0.0000000 0.3744940 0.0123718 0.0556920 0.0250180 0.0090522 0.1110186
 43 E  43 0.0384824 0.0571360 0.0366463 0.0765004 0.0000000 0.0378102 0.1405226 0.0011246 0.0053441 0.0682777 0.0211375 0.1249079 0.0015311 0.0016042 0.0018969 0.0513107 0.0306973 0.0000000 0.0025378 0.3025321
 44 A  44 0.2384265 0.0732677 0.0020017 0.0010766 0.0000000 0.0314338 0.1583216 0.0537866 0.0018789 0.0055621 0.1109218 0.1882144 0.0139957 0.0067086 0.0000000 0.0381102 0.0158687 0.0145316 0.0293220 0.0165715
 45 L  45 0.0739197 0.0094051 0.0000000 0.0588773 0.0178190 0.0150213 0.0140331 0.0019858 0.0068294 0.0000000 0.5536964 0.0000000 0.0216740 0.0383370 0.0202169 0.0000000 0.0064691 0.0303199 0.0341159 0.0972801
 46 G  46 0.0161840 0.0052896 0.2769495 0.0751253 0.0135797 0.0615034 0.0373787 0.3403279 0.0246433 0.0011969 0.0017273 0.0401380 0.0049936 0.0029737 0.0285294 0.0380761 0.0213784 0.0053969 0.0030357 0.0015728
 47 L  47 0.0972246 0.0000000 0.0176600 0.0000000 0.0264826 0.0031287 0.0000000 0.0023932 0.0034275 0.3216116 0.3542839 0.0000000 0.0049556 0.0071514 0.0000000 0.0000000 0.0126568 0.0000000 0.0200027 0.1290215
 48 H  48 0.0142220 0.0000000 0.0000000 0.0063657 0.0000000 0.0000000 0.0164770 0.0189972 0.1151681 0.0032487 0.0221932 0.0039755 0.0000000 0.0012534 0.7433533 0.0116685 0.0171305 0.0096934 0.0069311 0.0093225
 49 D  49 0.0155773 0.0081320 0.0781190 0.6375219 0.0000000 0.0084735 0.0208683 0.0373907 0.0295380 0.0000000 0.0110510 0.0171928 0.0000000 0.0149930 0.0000000 0.0227779 0.0972693 0.0000000 0.0010952 0.0000000
 50 Y  50 0.0000000 0.0000000 0.0088053 0.0000000 0.0033542 0.0000000 0.0000000 0.0000000 0.0042465 0.0000000 0.0000000 0.0072356 0.0000000 0.0000000 0.0000000 0.0000000 0.0000000 0.0000000 0.9763584 0.0000000
 51 C  51 0.0127984 0.0425557 0.0141846 0.0000000 0.0223244 0.0088053 0.0000000 0.0000000 0.2008392 0.0021592 0.0478860 0.0203175 0.0000000 0.2001751 0.0549301 0.0163311 0.0034467 0.0000000 0.3429040 0.0103426
 52 D  52 0.0452840 0.0162587 0.0807007 0.2859606 0.0000000 0.0772530 0.1355568 0.0150803 0.0114983 0.0042532 0.0089591 0.1498974 0.0034919 0.0000000 0.0000000 0.0629337 0.0995209 0.0000000 0.0000000 0.0033515
 53 I  53 0.0043661 0.0287330 0.0000000 0.0063954 0.0019328 0.0000000 0.0126640 0.0000000 0.0122538 0.5113442 0.0104332 0.0419911 0.0038237 0.0284349 0.0000000 0.0000000 0.0076117 0.0000000 0.0336464 0.2963696
 54 I  54 0.0088581 0.0000000 0.0000000 0.0000000 0.0000000 0.0000000 0.0000000 0.0000000 0.0000000 0.7779058 0.0000000 0.0000000 0.0000000 0.0000000 0.0000000 0.0000000 0.0151656 0.0000000 0.0000000 0.1980704
 55 K  55 0.0317276 0.0435659 0.0055895 0.0304323 0.0012375 0.0181848 0.0502456 0.0000000 0.0059080 0.0015651 0.0042275 0.7129276 0.0016036 0.0000000 0.0124553 0.0294544 0.0480348 0.0000000 0.0000000 0.0028404
 56 H  56 0.0057465 0.1179990 0.1469455 0.0281895 0.0153347 0.0747319 0.1112213 0.0000000 0.1647676 0.0077298 0.0008432 0.1816444 0.0000000 0.0184988 0.0000000 0.0256441 0.0515238 0.0000000 0.0448686 0.0043112
 57 P  57 0.0146165 0.0012379 0.0000000 0.0000000 0.0000000 0.0000000 0.0055903 0.0000000 0.0000000 0.0000000 0.0000000 0.0074095 0.0080320 0.0000000 0.9617036 0.0014102 0.0000000 0.0000000 0.0000000 0.0000000
 58 M  58 0.0039282 0.0143600 0.0000000 0.0000000 0.0000000 0.0000000 0.0000000 0.0000000 0.0000000 0.0451615 0.0085249 0.0000000 0.8835906 0.0000000 0.0000000 0.0019503 0.0332854 0.0000000 0.0000000 0.0091991
 59 D  59 0.0062242 0.0000000 0.0000000 0.9747301 0.0031315 0.0000000 0.0000000 0.0000000 0.0000000 0.0000000 0.0000000 0.0000000 0.0000000 0.0000000 0.0000000 0.0052753 0.0000000 0.0106389 0.0000000 0.0000000
 60 M  60 0.0000000 0.0000000 0.0000000 0.0000000 0.0000000 0.0000000 0.0000000 0.0000000 0.0000000 0.0479426 0.7340321 0.0000000 0.0700771 0.1192417 0.0042626 0.0000000 0.0000000 0.0138776 0.0039704 0.0065958
 61 S  61 0.0341325 0.0324114 0.0191693 0.0011562 0.0011656 0.0348138 0.0102139 0.3924090 0.0086953 0.0043002 0.0026835 0.0658725 0.0028015 0.0027467 0.0000000 0.3479821 0.0218624 0.0000000 0.0175842 0.0000000
 62 T  62 0.0034419 0.0086091 0.0020559 0.0027467 0.0039638 0.0068586 0.0113294 0.0032364 0.0000000 0.0244005 0.0238207 0.0131089 0.0020745 0.0000000 0.0043002 0.0273886 0.8587096 0.0013392 0.0000000 0.0026161
 63 I  63 0.0024699 0.0000000 0.0000000 0.0000000 0.0025991 0.0000000 0.0000000 0.0000000 0.0000000 0.5355570 0.0261705 0.0000000 0.2364326 0.0000000 0.0000000 0.0000000 0.0000000 0.0000000 0.0000000 0.1967709
 64 K  64 0.0182618 0.1814844 0.0038874 0.0164681 0.0000000 0.0599146 0.2198583 0.0211483 0.0059979 0.0073817 0.0102596 0.3580848 0.0121146 0.0000000 0.0000000 0.0384151 0.0361688 0.0047985 0.0033313 0.0024246
 65 S  65 0.0345127 0.1625892 0.0589212 0.0285277 0.0018665 0.0262369 0.1196807 0.0135358 0.0107754 0.0089884 0.0151019 0.3303238 0.0235777 0.0046718 0.0000000 0.0934488 0.0510561 0.0000000 0.0066955 0.0094900
 66 K  66 0.0012140 0.2848458 0.0529443 0.0000000 0.0000000 0.0090710 0.0000000 0.0069272 0.0042882 0.0000000 0.0034078 0.6147912 0.0078680 0.0000000 0.0000000 0.0026592 0.0119832 0.0000000 0.0000000 0.0000000
 67 L  67 0.0000000 0.0000000 0.0016332 0.0000000 0.0019909 0.0016101 0.0000000 0.0000000 0.0076138 0.0635052 0.7548204 0.0000000 0.0974742 0.0210337 0.0000000 0.0000000 0.0016393 0.0016510 0.0000000 0.0470283
 68 E  68 0.0443177 0.0736419 0.1046903 0.1784088 0.0015115 0.0628165 0.2519128 0.0143254 0.0174817 0.0101670 0.0205571 0.1083020 0.0056194 0.0000000 0.0000000 0.0324985 0.0360269 0.0000000 0.0124919 0.0252306
 69 A  69 0.0985881 0.0297854 0.3257025 0.0481370 0.0075663 0.0385889 0.0374537 0.0579988 0.0252034 0.0011218 0.0146992 0.0949386 0.0043025 0.0024351 0.0000000 0.1369577 0.0553215 0.0000000 0.0058908 0.0153084
 70 R  70 0.0061896 0.1101972 0.1923000 0.0848058 0.0039859 0.0177616 0.0105675 0.3297382 0.0205154 0.0051292 0.0323655 0.0894316 0.0020095 0.0186642 0.0070318 0.0350856 0.0095478 0.0110445 0.0065862 0.0070430
 71 E  71 0.0671681 0.0252342 0.0199045 0.0386331 0.0079347 0.1501759 0.1740790 0.0198735 0.0300034 0.0096493 0.0556042 0.0737399 0.0151786 0.0319435 0.0026218 0.0448619 0.0233431 0.0064722 0.1678114 0.0357678
 72 Y  72 0.0000000 0.0000000 0.0000000 0.0000000 0.0015322 0.0000000 0.0000000 0.0000000 0.0042462 0.0092376 0.0029170 0.0000000 0.0000000 0.0229291 0.0000000 0.0000000 0.0000000 0.0000000 0.9591379 0.0000000
 73 R  73 0.0719599 0.0910404 0.0366583 0.0383428 0.0176968 0.0610187 0.0942755 0.0111829 0.0276170 0.0072887 0.0174328 0.1571065 0.0034775 0.0068822 0.0530614 0.0796116 0.1054399 0.0630318 0.0104290 0.0464462
 74 D  74 0.0201414 0.0304076 0.1391802 0.1324529 0.0145387 0.0091632 0.0333796 0.0154548 0.0154853 0.0037200 0.0029310 0.0459800 0.0015164 0.0016680 0.0000000 0.3002585 0.2262246 0.0021615 0.0023871 0.0029492
 75 A  75 0.2190250 0.0393548 0.0007285 0.0038133 0.0041580 0.0021262 0.0184589 0.0141081 0.0088513 0.0819941 0.1158440 0.0772709 0.0325969 0.0323689 0.2208316 0.0251211 0.0152113 0.0000000 0.0037718 0.0843652
 76 Q  76 0.0513059 0.0461100 0.0264934 0.1125826 0.0014426 0.1329370 0.2191410 0.0409712 0.0099904 0.0036552 0.0254799 0.1228492 0.0056199 0.0076951 0.0030081 0.1058914 0.0251291 0.0390964 0.0102194 0.0103822
 77 E  77 0.0747101 0.0011486 0.0042697 0.1788471 0.0000000 0.1121944 0.5038311 0.0307553 0.0052097 0.0102565 0.0331436 0.0092328 0.0124108 0.0000000 0.0000000 0.0117375 0.0103127 0.0000000 0.0000000 0.0019399
 78 F  78 0.0290318 0.0000000 0.0000000 0.0000000 0.0828779 0.0000000 0.0000000 0.0000000 0.0000000 0.0399111 0.0606844 0.0000000 0.0147582 0.6635360 0.0000000 0.0017644 0.0033947 0.0109589 0.0326621 0.0604205
 79 G  79 0.2268657 0.0124519 0.0042130 0.0256124 0.0373390 0.0138508 0.0941694 0.0074612 0.0029414 0.1643602 0.0447001 0.0568379 0.0415204 0.0124956 0.0000000 0.0102250 0.0145383 0.0051532 0.0143856 0.2108789
 80 A  80 0.3000661 0.0527935 0.0443362 0.1544835 0.0051293 0.0623605 0.0676462 0.0292842 0.0128852 0.0047138 0.0111173 0.0684636 0.0017198 0.0007658 0.0000000 0.0950891 0.0353332 0.0147515 0.0267662 0.0122951
 81 D  81 0.0014350 0.0000000 0.0073143 0.9405103 0.0000000 0.0000000 0.0222578 0.0000000 0.0063932 0.0000000 0.0025671 0.0044405 0.0000000 0.0000000 0.0000000 0.0074112 0.0076707 0.0000000 0.0000000 0.0000000
 82 V  82 0.0517586 0.0000000 0.0000000 0.0000000 0.0114339 0.0000000 0.0000000 0.0000000 0.0000000 0.1078782 0.1000563 0.0000000 0.1176171 0.1846522 0.0000000 0.0012712 0.0027666 0.0000000 0.0055327 0.4170331
 83 R  83 0.0067672 0.4404689 0.1571105 0.0344577 0.0008703 0.0451512 0.0442691 0.0065988 0.0098058 0.0058411 0.0205599 0.0980289 0.0174977 0.0249427 0.0000000 0.0095112 0.0338301 0.0349708 0.0011185 0.0081997
 84 L  84 0.0036414 0.0416665 0.0011440 0.0000000 0.0019880 0.0525630 0.0000000 0.0000000 0.0000000 0.0057641 0.7350411 0.0417421 0.0062515 0.0000000 0.0000000 0.0024485 0.0876788 0.0000000 0.0166046 0.0034663
 85 M  85 0.0000000 0.0000000 0.0000000 0.0000000 0.0000000 0.0000000 0.0000000 0.0000000 0.0000000 0.3510717 0.0270996 0.0000000 0.3742230 0.0000000 0.0000000 0.0000000 0.0810803 0.0000000 0.0000000 0.1665254
 86 F  86 0.0022191 0.0000000 0.0000000 0.0000000 0.0218647 0.0000000 0.0147382 0.0016753 0.0000000 0.0601796 0.0365530 0.0000000 0.0017182 0.7067012 0.0000000 0.0020777 0.0064199 0.0472368 0.0210900 0.0775263
 87 S  87 0.0508027 0.0564920 0.0970232 0.1670947 0.0000000 0.0505284 0.0808082 0.0040932 0.0375198 0.0073045 0.0093324 0.0808139 0.0284346 0.0028450 0.0000000 0.1858315 0.1203625 0.0125820 0.0073770 0.0007546
 88 N  88 0.0000000 0.0000000 0.9883645 0.0028676 0.0000000 0.0000000 0.0000000 0.0000000 0.0000000 0.0000000 0.0000000 0.0000000 0.0000000 0.0000000 0.0000000 0.0087679 0.0000000 0.0000000 0.0000000 0.0000000
 89 C  89 0.2769542 0.0000000 0.0000000 0.0000000 0.6628681 0.0000000 0.0000000 0.0060941 0.0000000 0.0000000 0.0000000 0.0000000 0.0000000 0.0000000 0.0000000 0.0364780 0.0155635 0.0000000 0.0000000 0.0020420
 90 Y  90 0.0294019 0.1696874 0.0017405 0.0000000 0.0097932 0.0161881 0.0310540 0.0000000 0.0079970 0.0396332 0.0871155 0.0617402 0.1071275 0.0665418 0.0000000 0.0072522 0.0017965 0.0385967 0.2893429 0.0349914
 91 K  91 0.0465966 0.0611923 0.0087291 0.0017366 0.0042673 0.0520572 0.0329438 0.0014281 0.0065223 0.0532101 0.1494055 0.2487719 0.0123443 0.0052347 0.0007767 0.0272356 0.2248919 0.0000000 0.0253565 0.0372995
 92 Y  92 0.0000000 0.0120713 0.0000000 0.0000000 0.0165261 0.0000000 0.0000000 0.0000000 0.0075799 0.0000000 0.0000000 0.0000000 0.0000000 0.3235796 0.0000000 0.0000000 0.0000000 0.0000000 0.6402432 0.0000000
 93 N  93 0.0000000 0.0000000 0.9436381 0.0023817 0.0000000 0.0000000 0.0000000 0.0000000 0.0023626 0.0000000 0.0000000 0.0000000 0.0000000 0.0137664 0.0000000 0.0019521 0.0200360 0.0158632 0.0000000 0.0000000
 94 P  94 0.0505248 0.0536434 0.0422444 0.0267044 0.0000000 0.0245913 0.0784402 0.1986292 0.0068133 0.0142966 0.0103262 0.0958474 0.0049323 0.0000000 0.2946315 0.0763244 0.0093066 0.0000000 0.0107014 0.0020427
 95 P  95 0.0638247 0.0158057 0.0052857 0.0895406 0.0000000 0.0047168 0.1474113 0.0000000 0.0026650 0.0122716 0.0127050 0.1178337 0.0000000 0.0000000 0.4338994 0.0506214 0.0126701 0.0000000 0.0000000 0.0307491
 96 D  96 0.0228718 0.0179772 0.0575838 0.2785039 0.0000000 0.0247926 0.0988050 0.2679104 0.0213941 0.0026943 0.0036460 0.0175978 0.0017373 0.0026360 0.0049248 0.0639551 0.1059943 0.0021386 0.0029899 0.0018470
 97 H  97 0.0231767 0.0012634 0.0790274 0.1260542 0.0000000 0.0234827 0.0323072 0.0074065 0.2142641 0.0000000 0.0039239 0.0000000 0.0000000 0.0000000 0.0066786 0.3074481 0.1704439 0.0000000 0.0045233 0.0000000
 98 E  98 0.0262277 0.0359080 0.0118927 0.2676627 0.0014501 0.0152244 0.1689489 0.0133429 0.0027402 0.0520189 0.0372186 0.0214001 0.0097824 0.0243239 0.1760636 0.0224845 0.0155930 0.0088102 0.0180788 0.0708286
 99 V  99 0.0132388 0.0000000 0.0000000 0.0000000 0.0116097 0.0000000 0.0031783 0.0024284 0.0000000 0.1918376 0.0275187 0.0000000 0.0169910 0.0409631 0.0090656 0.0000000 0.0101945 0.0012820 0.1331166 0.5385756
100 V 100 0.0872677 0.0336568 0.0295672 0.0000000 0.0141335 0.0000000 0.0029318 0.0624831 0.1273831 0.0054689 0.0039357 0.0137563 0.0000000 0.0269695 0.0000000 0.0691458 0.0863809 0.0198098 0.2368270 0.1802830
101 A 101 0.0864860 0.1261571 0.0311649 0.0347829 0.0011730 0.0844180 0.0336976 0.0129633 0.0094340 0.0588990 0.0888450 0.2333262 0.0296498 0.0197784 0.0009263 0.0396608 0.0363929 0.0021091 0.0021318 0.0680039
102 M 102 0.1523990 0.0023722 0.0259072 0.0045736 0.1010875 0.0511298 0.0257697 0.0000000 0.0179736 0.0170452 0.0331835 0.0139983 0.4065381 0.0236690 0.0000000 0.0553487 0.0025126 0.0042607 0.0421080 0.0201232
103 A 103 0.6413816 0.0000000 0.0000000 0.0000000 0.0576932 0.0000000 0.0000000 0.2455459 0.0000000 0.0039357 0.0000000 0.0000000 0.0000000 0.0000000 0.0000000 0.0200379 0.0163418 0.0000000 0.0000000 0.0150640
104 R 104 0.0179452 0.1479633 0.0809052 0.0501620 0.0015121 0.1228060 0.1218476 0.0034751 0.0555070 0.0304742 0.0503793 0.1855226 0.0129317 0.0025856 0.0000000 0.0296487 0.0516090 0.0000000 0.0075748 0.0271506
105 K 105 0.0941523 0.1153411 0.0940526 0.0207059 0.0124447 0.0674386 0.0584169 0.0281962 0.0056066 0.0246213 0.0133823 0.2674850 0.0139571 0.0023389 0.0026595 0.0550402 0.0992120 0.0000000 0.0065997 0.0183492
106 L 106 0.0041447 0.0000000 0.0000000 0.0000000 0.0096516 0.0018399 0.0000000 0.0000000 0.0000000 0.0770815 0.7191025 0.0000000 0.0896097 0.0302252 0.0000000 0.0000000 0.0182792 0.0000000 0.0000000 0.0500657
107 Q 107 0.0196077 0.0869889 0.0352294 0.0032811 0.0021592 0.1924829 0.4062250 0.0033272 0.0091546 0.0000000 0.0590675 0.0728487 0.0062232 0.0022172 0.0000000 0.0747049 0.0125655 0.0000000 0.0031326 0.0107846
108 D 108 0.1279531 0.0697128 0.0255971 0.1395053 0.0030769 0.0324671 0.1638448 0.0213440 0.0025768 0.0169061 0.0086090 0.2994547 0.0012681 0.0000000 0.0024491 0.0457190 0.0249771 0.0000000 0.0000000 0.0145390
109 V 109 0.0678664 0.0157250 0.0103922 0.0132348 0.0178259 0.0254872 0.0344906 0.0035077 0.0173651 0.1027200 0.1356476 0.0250186 0.0138729 0.1490460 0.0000000 0.0334483 0.0274098 0.0070659 0.0968503 0.2030256
110 F 110 0.0390288 0.0000000 0.0000000 0.0000000 0.0013818 0.0000000 0.0000000 0.0046871 0.0000000 0.0349134 0.0259968 0.0000000 0.0352929 0.7614536 0.0000000 0.0032625 0.0133235 0.0225513 0.0456999 0.0124084
111 E 111 0.0126121 0.0416088 0.0653162 0.0847240 0.0000000 0.0332644 0.4428506 0.0052999 0.0255683 0.0105656 0.1068751 0.0506274 0.0123160 0.0087123 0.0000000 0.0043561 0.0086300 0.0356562 0.0182617 0.0327552
112 M 112 0.0422294 0.0610183 0.0400008 0.0406264 0.0000000 0.1303864 0.1077381 0.0314226 0.0067118 0.0021598 0.0099288 0.2472912 0.0525616 0.0204338 0.0103981 0.0898092 0.0858885 0.0000000 0.0058352 0.0155600
113 R 113 0.0299269 0.1806266 0.0056907 0.0172070 0.0040124 0.0677695 0.0729410 0.0097924 0.0660321 0.0117095 0.0927872 0.3429304 0.0334579 0.0152467 0.0000000 0.0182607 0.0053479 0.0112414 0.0074277 0.0075920
114 F 114 0.0023563 0.0024754 0.0024585 0.0000000 0.0102179 0.0000000 0.0000000 0.0000000 0.0000000 0.1606265 0.1942008 0.0000000 0.1282454 0.1180764 0.0000000 0.0000000 0.0000000 0.2335051 0.0564780 0.0913599
115 A 115 0.2497730 0.0537412 0.0213390 0.0340542 0.0026185 0.0271164 0.0753839 0.0207045 0.0029533 0.0034936 0.0594190 0.2663760 0.0022998 0.0030704 0.0476984 0.0849919 0.0268458 0.0020195 0.0000000 0.0161017
116 K 116 0.0446849 0.0258082 0.1121704 0.0388634 0.0057618 0.1138049 0.1655355 0.0161685 0.0355520 0.0033518 0.0589176 0.2397853 0.0023405 0.0036745 0.0428933 0.0491533 0.0288137 0.0000000 0.0000000 0.0127204
117 M 117 0.0149455 0.0223032 0.0017697 0.0000000 0.0025700 0.0030718 0.0018154 0.0015993 0.0000000 0.2484337 0.2261786 0.0560612 0.2179193 0.0698822 0.0017503 0.0028424 0.0082368 0.0029502 0.0301758 0.0874945
118 P 118 0.0187210 0.0809439 0.0219592 0.0433662 0.0000000 0.0170288 0.0842598 0.0034777 0.0058517 0.0024016 0.0101164 0.0312549 0.0479719 0.0020562 0.5527079 0.0325103 0.0146833 0.0000000 0.0197671 0.0109221
119 D 119 0.0896309 0.0292028 0.0246520 0.2073875 0.0000000 0.1317502 0.1845525 0.0242338 0.0019540 0.0101652 0.0061689 0.1281899 0.0015002 0.0000000 0.0621080 0.0742908 0.0135809 0.0021528 0.0000000 0.0084795
120 E 120 0.0368551 0.0221863 0.0064681 0.0798311 0.0000000 0.0329917 0.3811997 0.0161977 0.0032551 0.0323866 0.0139103 0.1607522 0.0000000 0.0065423 0.0049135 0.0391970 0.0137507 0.1198934 0.0191909 0.0104784
121 S 121 0.0163808 0.0028398 0.0087815 0.0697921 0.0000000 0.0050165 0.2257136 0.0108571 0.0071668 0.0865228 0.1573290 0.0236943 0.0236046 0.0486318 0.0834035 0.0816353 0.0383572 0.0211122 0.0090147 0.0801463
122 G 122 0.1420986 0.0214678 0.0406766 0.0508603 0.0000000 0.0566547 0.1128858 0.1161233 0.0133049 0.0818673 0.0662360 0.0269427 0.0177696 0.0122378 0.0725200 0.0731327 0.0305486 0.0000000 0.0042232 0.0604501
123 R 123 0.0677379 0.1512125 0.0161595 0.0544013 0.0000000 0.0511587 0.2411144 0.0036835 0.0058681 0.0206723 0.0256122 0.1565777 0.0049117 0.0073171 0.0493327 0.0389724 0.0066657 0.0000000 0.0655467 0.0330556
124 G 124 0.0712512 0.0307952 0.0326378 0.0705034 0.0023884 0.0225266 0.0835497 0.0336554 0.0662841 0.0332503 0.0968817 0.0709220 0.0470896 0.0055959 0.1530605 0.0946792 0.0353839 0.0053395 0.0000000 0.0442056
125 G 125 0.0961296 0.1097906 0.0280538 0.1298534 0.0100845 0.0259518 0.1507544 0.0761502 0.0057222 0.0259247 0.0222824 0.0807884 0.0129340 0.0020708 0.0501482 0.0825183 0.0418966 0.0000000 0.0000000 0.0489462
126 G 126 0.1180241 0.0180180 0.0214388 0.0562032 0.0000000 0.0354696 0.0817328 0.1041018 0.0113915 0.0183858 0.0060157 0.0805908 0.0035619 0.0082076 0.2836482 0.0650460 0.0432668 0.0000000 0.0000000 0.0448974
127 G 127 0.0900027 0.0211688 0.0333520 0.0688097 0.0063404 0.0626990 0.1826520 0.0313544 0.0126480 0.0159954 0.0300467 0.1804166 0.0000000 0.0023849 0.0969791 0.0480442 0.0284933 0.0000000 0.0048746 0.0837381
128 G 128 0.1411721 0.0400197 0.0109100 0.0595820 0.0043126 0.0334805 0.1132022 0.0547943 0.0184238 0.0033195 0.0067845 0.1265720 0.0063096 0.0097725 0.1752108 0.0808004 0.0737716 0.0053121 0.0023896 0.0338600
129 G 129 0.0883368 0.0652488 0.0252936 0.0354995 0.0021493 0.0292325 0.1461725 0.1244520 0.0099188 0.0161477 0.0146598 0.0452317 0.0081367 0.0030032 0.1325763 0.1544164 0.0665377 0.0000000 0.0000000 0.0329865
130 L 130 0.0832933 0.0802149 0.0044037 0.0639529 0.0000000 0.0285167 0.0125450 0.0178644 0.0116162 0.0506546 0.0732334 0.2712126 0.0369479 0.0000000 0.0130682 0.1100621 0.0647660 0.0000000 0.0029341 0.0747137
131 G 131 0.0597682 0.1333845 0.0213026 0.0144051 0.0000000 0.0358771 0.0265721 0.2036030 0.0147190 0.0037402 0.0072886 0.1276204 0.0042518 0.0000000 0.1325132 0.1652321 0.0437523 0.0000000 0.0000000 0.0059698
132 G 132 0.1224950 0.0846092 0.0339641 0.0556569 0.0000000 0.0201955 0.0645123 0.1109138 0.0171649 0.0028957 0.0074336 0.2351796 0.0053753 0.0000000 0.0169120 0.1376987 0.0692907 0.0000000 0.0000000 0.0157029
133 G 133 0.1239779 0.0663018 0.0314079 0.0310098 0.0000000 0.0229093 0.0066888 0.2868047 0.0000000 0.0117348 0.0328977 0.0277384 0.0137582 0.0000000 0.0685636 0.2147384 0.0222171 0.0000000 0.0048968 0.0343546
134 G 134 0.0523487 0.1122071 0.0383741 0.0095473 0.0000000 0.0270032 0.0195238 0.0822402 0.0391737 0.0306372 0.0257376 0.2338916 0.0000000 0.0000000 0.0578403 0.1669760 0.0823482 0.0000000 0.0000000 0.0221509
135 A 135 0.3129925 0.0000000 0.0000000 0.0000000 0.0000000 0.0000000 0.0083663 0.0756124 0.0000000 0.0000000 0.0000000 0.0497852 0.0000000 0.0000000 0.2942557 0.2037105 0.0282929 0.0000000 0.0177223 0.0092622
136 G 136 0.2505672 0.0000000 0.0000000 0.0000000 0.0000000 0.0000000 0.0000000 0.5824332 0.0000000 0.0000000 0.0000000 0.0000000 0.0000000 0.0000000 0.0000000 0.1669996 0.0000000 0.0000000 0.0000000 0.0000000
