  136         A         R         N         D         C         Q         E         G         H         I         L         K         M         F         P         S         T         W         Y         V         X    
  1 H   1 0.0000000 0.0000000 0.0217630 0.0000000 0.0000000 0.0331860 0.0000000 0.0000000 0.0735448 0.0000000 0.0000000 0.0000000 0.0000000 0.0000000 0.0000000 0.0000000 0.0000000 0.0000000 0.0039612 0.0000000 0.8675449
  2 P   2 0.0025859 0.0000000 0.0040134 0.0000000 0.0016657 0.0000000 0.0000000 0.0051059 0.0014451 0.0000000 0.0062444 0.0000000 0.0000000 0.0000000 0.2854299 0.0073917 0.0061902 0.0000000 0.0000000 0.0019054 0.6780225
  3 A   3 0.0968396 0.0155331 0.0009071 0.0044029 0.0000000 0.0253054 0.0084005 0.0266675 0.0049610 0.0000000 0.0148061 0.0369356 0.0080727 0.0010131 0.1149894 0.0507709 0.0037859 0.0025496 0.0000000 0.0059554 0.5781044
  4 P   4 0.0269645 0.0173931 0.0079548 0.0102881 0.0105162 0.0074440 0.0144618 0.0224242 0.0036594 0.0112970 0.0058560 0.1051157 0.0083759 0.0044032 0.1749446 0.0372165 0.0038687 0.0012977 0.0000000 0.0131890 0.5133294
  5 E   5 0.0141163 0.0409022 0.0149729 0.0345783 0.0029200 0.0067455 0.0675113 0.0712967 0.0066103 0.0019941 0.0100274 0.1046518 0.0126505 0.0008657 0.0838346 0.0251308 0.0104444 0.0012327 0.0000000 0.0261099 0.4634046
  6 K   6 0.0159956 0.1363017 0.0052095 0.0342340 0.0000000 0.0343036 0.0831897 0.0017549 0.0029798 0.0030962 0.0024959 0.2127933 0.0036348 0.0041502 0.0172274 0.0295719 0.0147382 0.0035051 0.0014192 0.0039881 0.3894109
  7 S   7 0.0230333 0.0795520 0.0386486 0.0106217 0.0015476 0.0350251 0.0251018 0.0145742 0.0069779 0.0077627 0.0073113 0.1744283 0.0026895 0.0024833 0.0793601 0.0920056 0.0350746 0.0161385 0.0012568 0.0091265 0.3372807
  8 S   8 0.0196735 0.0348534 0.0097654 0.0074576 0.0025236 0.0087059 0.0167947 0.1745279 0.0026140 0.0327345 0.0120596 0.1549363 0.0018568 0.0152264 0.0690094 0.0489792 0.0514721 0.0009378 0.0022314 0.0272352 0.3064053
  9 K   9 0.0000000 0.1929044 0.0149295 0.0146981 0.0027428 0.0401741 0.0185171 0.0433365 0.0053710 0.0100530 0.0386219 0.2026532 0.0378907 0.0022920 0.0416681 0.0225780 0.0083560 0.0000000 0.0014192 0.0123534 0.2894412
 10 V  10 0.0210503 0.0595781 0.0235705 0.0158229 0.0008149 0.0630466 0.0194510 0.0033417 0.0367835 0.0216639 0.1576458 0.0281615 0.0419133 0.0201217 0.0261471 0.0279216 0.0836887 0.0080901 0.0368756 0.0415600 0.2627512
 11 S  11 0.0431452 0.0149212 0.0268360 0.0350018 0.0044730 0.0566322 0.0641863 0.0384266 0.0045976 0.0057331 0.0159285 0.0492496 0.0040908 0.0044263 0.0447111 0.1696278 0.1769867 0.0032793 0.0000000 0.0028226 0.2349243
 12 E  12 0.0273485 0.0312658 0.1555047 0.0562274 0.0000000 0.0459986 0.1734959 0.0143593 0.0142519 0.0050568 0.0107382 0.0889105 0.0014977 0.0027235 0.1085997 0.0201741 0.0091360 0.0142117 0.0050837 0.0074834 0.2079326
 13 Q  13 0.0287647 0.0069594 0.0219943 0.1487388 0.0031533 0.1989230 0.1490229 0.0039121 0.0313880 0.0068379 0.1037414 0.0478496 0.0135768 0.0045045 0.0074422 0.0094216 0.0021084 0.0216431 0.0017451 0.0208919 0.1673809
 14 L  14 0.0034655 0.0447640 0.0064213 0.0029094 0.0000000 0.0270180 0.0030051 0.0044509 0.0132647 0.0278954 0.3775489 0.0575416 0.0858437 0.0495072 0.0142146 0.0091436 0.0118942 0.0032283 0.0766376 0.0129509 0.1682952
 15 K  15 0.0405340 0.1306494 0.0451515 0.0430265 0.0000000 0.1224226 0.0870296 0.0039299 0.0338920 0.0050227 0.0082558 0.2879981 0.0000000 0.0000000 0.0014115 0.0168607 0.0360177 0.0012233 0.0000000 0.0054531 0.1311216
 16 C  16 0.1027391 0.0342578 0.0089931 0.0073877 0.0104906 0.1074193 0.0388178 0.0229374 0.0518008 0.0103767 0.0481266 0.0549971 0.0063251 0.1579584 0.0143769 0.0379139 0.0163855 0.0054627 0.1283154 0.0169131 0.1180050
 17 C  17 0.0422206 0.0000000 0.0000000 0.0000000 0.4265622 0.0026545 0.0000000 0.0068326 0.0000000 0.0334183 0.2528060 0.0021505 0.0632261 0.0451985 0.0000000 0.0076824 0.0035787 0.0000000 0.0000000 0.0035040 0.1101654
 18 S  18 0.0365574 0.0800723 0.0696388 0.0280352 0.0000000 0.1045240 0.1110062 0.0303111 0.0126566 0.0128236 0.0902857 0.1188604 0.0364885 0.0064393 0.0000000 0.0793414 0.0158831 0.0027660 0.0506516 0.0202400 0.0934187
 19 G  19 0.0565181 0.0914066 0.0509888 0.0300469 0.0000000 0.0522127 0.1141504 0.0457360 0.0406536 0.0133131 0.0098758 0.1772195 0.0090525 0.0194576 0.0416500 0.0699452 0.0678537 0.0000000 0.0025115 0.0206791 0.0867289
 20 I  20 0.0382196 0.0020089 0.0000000 0.0000000 0.0052087 0.0000000 0.0000000 0.0014107 0.0000000 0.2728940 0.2417690 0.0000000 0.0225476 0.0063799 0.0000000 0.0091644 0.0779883 0.0000000 0.0012934 0.2497943 0.0713212
 21 L  21 0.0000000 0.0131675 0.0035329 0.0000000 0.0000000 0.0014153 0.0000000 0.0000000 0.0123322 0.1112213 0.6317979 0.0000000 0.0129854 0.0135550 0.0000000 0.0000000 0.0079311 0.0041072 0.0010631 0.1180822 0.0688089
 22 K  22 0.0286948 0.0858505 0.0920226 0.0897927 0.0014025 0.0327092 0.0631969 0.0211235 0.0066343 0.0049830 0.0289653 0.2932950 0.0280738 0.0000000 0.0015411 0.0706856 0.0520737 0.0000000 0.0000000 0.0115298 0.0874258
 23 E  23 0.0611659 0.0756925 0.0318752 0.0628229 0.0040062 0.0526984 0.2533929 0.0334838 0.0046633 0.0101596 0.0190702 0.1081884 0.0012534 0.0177782 0.0051161 0.0795724 0.0391507 0.0000000 0.0091353 0.0395626 0.0912119
 24 M  24 0.0186827 0.0000000 0.0000000 0.0000000 0.0000000 0.0000000 0.0000000 0.0000000 0.0000000 0.1243637 0.5888074 0.0000000 0.1404254 0.0217221 0.0000000 0.0000000 0.0016953 0.0000000 0.0013715 0.0540479 0.0488841
 25 F  25 0.0135461 0.0323854 0.0119987 0.0217526 0.0150506 0.1002174 0.0495061 0.0045112 0.0284169 0.0284192 0.0866565 0.1206785 0.1258156 0.0851755 0.0030630 0.0124080 0.0328702 0.0623751 0.0456199 0.0302761 0.0892574
 26 A  26 0.1298651 0.0726799 0.0295563 0.0063308 0.0209057 0.0687840 0.0108064 0.0090778 0.0087543 0.0034438 0.0106035 0.2381899 0.0026383 0.0000000 0.0011134 0.1945887 0.0337104 0.0071548 0.0000000 0.0120905 0.1397064
 27 K  27 0.0026318 0.0269362 0.0341107 0.0109647 0.0121891 0.0613220 0.0055162 0.0183989 0.2657795 0.0211442 0.0662667 0.1795640 0.0200958 0.0000000 0.0302154 0.0133398 0.0292705 0.0000000 0.0021560 0.0610205 0.1390780
 28 K  28 0.0291157 0.0446979 0.0112844 0.0609937 0.0000000 0.0782658 0.0367396 0.0018811 0.0088740 0.0048324 0.0167519 0.4494456 0.0000000 0.0000000 0.0274143 0.0041026 0.0169362 0.0225470 0.0000000 0.0009773 0.1851406
 29 H  29 0.0108090 0.0670506 0.1041686 0.1098560 0.0039881 0.0104299 0.0291423 0.0060692 0.1984837 0.0046607 0.0021186 0.0418785 0.0027946 0.0012235 0.0000000 0.0206093 0.0297011 0.0152126 0.0717593 0.0022696 0.2677747
 30 A  30 0.0624231 0.0143810 0.0184707 0.0029263 0.0012991 0.0181361 0.0266018 0.0170439 0.1603832 0.0056840 0.0473432 0.0333246 0.0056095 0.0056378 0.0000000 0.0816355 0.0487561 0.0029305 0.0488374 0.0155597 0.3830166
 31 A  31 0.0970430 0.0422188 0.0336435 0.0345946 0.0000000 0.0420480 0.0676443 0.0515224 0.0355650 0.0056380 0.0011724 0.0647254 0.0018211 0.0037144 0.1032979 0.0843506 0.0154192 0.0000000 0.0010823 0.0101227 0.3043761
 32 Y  32 0.0389404 0.0000000 0.0084992 0.0736729 0.0116678 0.0096886 0.0378131 0.0106318 0.0286388 0.0580586 0.0594890 0.0032518 0.0220594 0.1365998 0.0000000 0.0702600 0.0130844 0.0344307 0.1349773 0.0263779 0.2218586
 33 A  33 0.4866797 0.0000000 0.0417988 0.0000000 0.0067457 0.0000000 0.0000000 0.0787743 0.0019880 0.0000000 0.0000000 0.0000000 0.0000000 0.0000000 0.0000000 0.2169090 0.0296643 0.0000000 0.0033381 0.0237190 0.1103830
 34 W  34 0.0402981 0.0237198 0.0060769 0.0009538 0.0000000 0.0134741 0.0165494 0.0362153 0.0134406 0.0201998 0.0568887 0.0151152 0.0078652 0.0352930 0.0056223 0.0128196 0.0163871 0.5049514 0.0398493 0.0237801 0.1105006
 35 P  35 0.0578079 0.0000000 0.0092242 0.0097817 0.0010825 0.0025394 0.0047303 0.0000000 0.0070288 0.0358385 0.0198524 0.0000000 0.0048308 0.0207628 0.6445236 0.0000000 0.0014739 0.0166622 0.0030356 0.0912475 0.0695778
 36 F  36 0.0000000 0.0000000 0.0000000 0.0000000 0.0000000 0.0000000 0.0000000 0.0000000 0.0000000 0.0000000 0.0023133 0.0000000 0.0000000 0.9580807 0.0000000 0.0000000 0.0000000 0.0000000 0.0144745 0.0000000 0.0251315
 37 Y  37 0.0486966 0.1420908 0.0765661 0.0033908 0.0055211 0.0616233 0.0068464 0.0013037 0.0451071 0.0199962 0.2851262 0.0511142 0.0640212 0.0016559 0.0000000 0.0236182 0.0125110 0.0000000 0.1152941 0.0125061 0.0230110
 38 K  38 0.0364687 0.0441723 0.0395193 0.0712497 0.0057338 0.1507543 0.2455433 0.0148477 0.0362302 0.0067836 0.0378201 0.1439368 0.0049405 0.0095163 0.0000000 0.0273580 0.0446832 0.0000000 0.0174557 0.0399755 0.0230110
 39 P  39 0.0295638 0.0219703 0.0000000 0.0000000 0.0000000 0.0024833 0.0029200 0.0000000 0.0000000 0.0000000 0.0065871 0.0062319 0.0000000 0.0000000 0.8830495 0.0202736 0.0039094 0.0000000 0.0000000 0.0000000 0.0230110
 40 V  40 0.0062730 0.0000000 0.0000000 0.0068027 0.0000000 0.0000000 0.0130092 0.0000000 0.0000000 0.0054888 0.0050724 0.0000000 0.0000000 0.0000000 0.0039028 0.0000000 0.0000000 0.0000000 0.0000000 0.9364401 0.0230110
 41 D  41 0.0091928 0.0019459 0.1274596 0.7276708 0.0000000 0.0053479 0.0092826 0.0000000 0.0000000 0.0029788 0.0019198 0.0086892 0.0000000 0.0000000 0.0090131 0.0288822 0.0074191 0.0000000 0.0090310 0.0000000 0.0511671
 42 V  42 0.1934991 0.0165988 0.0016573 0.0025621 0.0007210 0.0020643 0.0304474 0.0044398 0.0070102 0.0178997 0.0278504 0.0861679 0.0011639 0.0000000 0.3467888 0.0112825 0.0514750 0.0221206 0.0082983 0.1028196 0.0651333
 43 E  43 0.0342988 0.0529129 0.0351740 0.0718901 0.0000000 0.0347224 0.1358935 0.0010233 0.0049771 0.0659926 0.0199542 0.1171782 0.0014660 0.0014615 0.0017217 0.0520729 0.0301621 0.0000000 0.0023655 0.2816438 0.0550896
 44 A  44 0.2161726 0.0652308 0.0017886 0.0010566 0.0000000 0.0286565 0.1448421 0.0480476 0.0017585 0.0050675 0.1037631 0.1750954 0.0125164 0.0058708 0.0000000 0.0333416 0.0139541 0.0133203 0.0299119 0.0146793 0.0849264
 45 L  45 0.0699350 0.0086277 0.0000000 0.0531166 0.0162146 0.0133614 0.0123097 0.0017577 0.0060488 0.0000000 0.5123033 0.0000000 0.0194027 0.0343786 0.0182009 0.0000000 0.0061092 0.0282467 0.0302281 0.0901086 0.0796503
 46 G  46 0.0146146 0.0042167 0.2113080 0.0593287 0.0103551 0.0463129 0.0288743 0.2630597 0.0189043 0.0009232 0.0013289 0.0370202 0.0038562 0.0022284 0.0227486 0.0274149 0.0165404 0.0039028 0.0022990 0.0012134 0.2235496
 47 L  47 0.0744408 0.0000000 0.0125365 0.0000000 0.0202221 0.0023419 0.0000000 0.0017577 0.0025394 0.2396139 0.2784427 0.0000000 0.0037488 0.0052900 0.0000000 0.0000000 0.0083567 0.0000000 0.0151205 0.0975253 0.2380638
 48 H  48 0.0133123 0.0000000 0.0000000 0.0059256 0.0000000 0.0000000 0.0149389 0.0158904 0.1140774 0.0030227 0.0224608 0.0035826 0.0000000 0.0011500 0.7055028 0.0104910 0.0159195 0.0091681 0.0063485 0.0086462 0.0495633
 49 D  49 0.0132932 0.0077550 0.0767113 0.6120038 0.0000000 0.0080794 0.0190536 0.0372901 0.0274575 0.0000000 0.0103865 0.0163739 0.0000000 0.0138340 0.0000000 0.0209874 0.0917597 0.0000000 0.0010750 0.0000000 0.0439396
 50 Y  50 0.0000000 0.0000000 0.0072754 0.0000000 0.0029788 0.0000000 0.0000000 0.0000000 0.0037260 0.0000000 0.0000000 0.0062730 0.0000000 0.0000000 0.0000000 0.0000000 0.0000000 0.0000000 0.9508729 0.0000000 0.0288739
 51 C  51 0.0126961 0.0411637 0.0131409 0.0000000 0.0245115 0.0072754 0.0000000 0.0000000 0.1966807 0.0021474 0.0470604 0.0193408 0.0000000 0.1916708 0.0518061 0.0163292 0.0032720 0.0000000 0.3343596 0.0096715 0.0288739
 52 D  52 0.0451530 0.0153508 0.0769573 0.2852128 0.0000000 0.0729406 0.1308238 0.0143407 0.0105947 0.0040324 0.0085526 0.1429180 0.0035007 0.0000000 0.0000000 0.0590978 0.0984028 0.0000000 0.0000000 0.0032480 0.0288739
 53 I  53 0.0039531 0.0284194 0.0000000 0.0057338 0.0019603 0.0000000 0.0123523 0.0000000 0.0128674 0.4979523 0.0099815 0.0417593 0.0035929 0.0272828 0.0000000 0.0000000 0.0072932 0.0000000 0.0320452 0.2875292 0.0272773
 54 I  54 0.0072754 0.0000000 0.0000000 0.0000000 0.0000000 0.0000000 0.0000000 0.0000000 0.0000000 0.7571824 0.0000000 0.0000000 0.0000000 0.0000000 0.0000000 0.0000000 0.0133093 0.0000000 0.0000000 0.1881529 0.0340800
 55 K  55 0.0309193 0.0422465 0.0052762 0.0295870 0.0011777 0.0173682 0.0497088 0.0000000 0.0056172 0.0015688 0.0040360 0.6915814 0.0014850 0.0000000 0.0115515 0.0272788 0.0472318 0.0000000 0.0000000 0.0027495 0.0306163
 56 H  56 0.0054114 0.1118834 0.1494099 0.0275889 0.0138834 0.0679251 0.1073645 0.0000000 0.1632749 0.0072492 0.0008491 0.1752278 0.0000000 0.0181454 0.0000000 0.0247564 0.0495960 0.0000000 0.0427698 0.0040486 0.0306163
 57 P  57 0.0137513 0.0048820 0.0000000 0.0000000 0.0000000 0.0000000 0.0052900 0.0000000 0.0000000 0.0000000 0.0000000 0.0068027 0.0072487 0.0000000 0.9334798 0.0012682 0.0000000 0.0000000 0.0000000 0.0000000 0.0272773
 58 M  58 0.0034090 0.0137260 0.0000000 0.0000000 0.0000000 0.0000000 0.0000000 0.0000000 0.0000000 0.0432696 0.0078077 0.0000000 0.8624282 0.0000000 0.0000000 0.0018171 0.0307510 0.0000000 0.0000000 0.0093857 0.0274056
 59 D  59 0.0056465 0.0000000 0.0000000 0.9453367 0.0028217 0.0000000 0.0000000 0.0000000 0.0000000 0.0000000 0.0000000 0.0000000 0.0000000 0.0000000 0.0000000 0.0048521 0.0000000 0.0097526 0.0000000 0.0000000 0.0315903
 60 M  60 0.0000000 0.0000000 0.0000000 0.0000000 0.0000000 0.0000000 0.0000000 0.0000000 0.0000000 0.0462684 0.7100069 0.0000000 0.0717207 0.1136869 0.0037260 0.0000000 0.0000000 0.0125365 0.0035766 0.0061904 0.0322876
 61 S  61 0.0334422 0.0304781 0.0180198 0.0011169 0.0011084 0.0336124 0.0096629 0.3766776 0.0083152 0.0039028 0.0025351 0.0641384 0.0026779 0.0025199 0.0000000 0.3430839 0.0201823 0.0000000 0.0169359 0.0000000 0.0315903
 62 T  62 0.0039406 0.0080768 0.0019195 0.0025199 0.0037238 0.0071097 0.0118000 0.0030151 0.0000000 0.0227261 0.0235625 0.0122539 0.0020012 0.0000000 0.0039028 0.0263306 0.8316268 0.0012764 0.0000000 0.0026240 0.0315903
 63 I  63 0.0022474 0.0000000 0.0000000 0.0000000 0.0023940 0.0000000 0.0000000 0.0000000 0.0000000 0.5168891 0.0242203 0.0000000 0.2314650 0.0000000 0.0000000 0.0000000 0.0000000 0.0000000 0.0000000 0.1911939 0.0315903
 64 K  64 0.0174569 0.1738009 0.0038000 0.0175133 0.0000000 0.0566279 0.2131362 0.0207654 0.0058983 0.0069938 0.0096907 0.3474163 0.0118457 0.0000000 0.0000000 0.0371453 0.0361698 0.0045663 0.0032517 0.0023312 0.0315903
 65 S  65 0.0329638 0.1562293 0.0567592 0.0272982 0.0018394 0.0262060 0.1167964 0.0128928 0.0102564 0.0089066 0.0146488 0.3189736 0.0227466 0.0044657 0.0000000 0.0888818 0.0492608 0.0000000 0.0065083 0.0091274 0.0352391
 66 K  66 0.0011413 0.2777185 0.0506637 0.0000000 0.0000000 0.0085523 0.0000000 0.0075288 0.0040348 0.0000000 0.0032497 0.5902180 0.0072548 0.0000000 0.0000000 0.0025609 0.0118381 0.0000000 0.0000000 0.0000000 0.0352391
 67 L  67 0.0000000 0.0000000 0.0015867 0.0000000 0.0018929 0.0015212 0.0000000 0.0000000 0.0074478 0.0611058 0.7307025 0.0000000 0.0948656 0.0196876 0.0000000 0.0000000 0.0015472 0.0015363 0.0000000 0.0458464 0.0322601
 68 E  68 0.0427833 0.0730145 0.1012577 0.1726723 0.0014570 0.0611630 0.2440972 0.0135935 0.0166723 0.0097245 0.0194596 0.1056517 0.0053192 0.0000000 0.0000000 0.0306441 0.0343956 0.0000000 0.0114417 0.0243927 0.0322601
 69 A  69 0.0949706 0.0288758 0.3126913 0.0470830 0.0072267 0.0373840 0.0364633 0.0559102 0.0240422 0.0010861 0.0151843 0.0909072 0.0041348 0.0023595 0.0000000 0.1331548 0.0530362 0.0000000 0.0055935 0.0146575 0.0352391
 70 R  70 0.0059027 0.1102811 0.1780604 0.0814601 0.0037608 0.0177827 0.0101583 0.3146998 0.0194213 0.0059461 0.0312997 0.0877581 0.0021337 0.0159534 0.0066533 0.0337730 0.0093565 0.0104588 0.0061378 0.0067034 0.0422989
 71 E  71 0.0641868 0.0244165 0.0188102 0.0367874 0.0076726 0.1428483 0.1666178 0.0192197 0.0287816 0.0090125 0.0528130 0.0710274 0.0144400 0.0318381 0.0024478 0.0437994 0.0229070 0.0062990 0.1583806 0.0344015 0.0432928
 72 Y  72 0.0000000 0.0000000 0.0000000 0.0000000 0.0013470 0.0000000 0.0000000 0.0000000 0.0037260 0.0085270 0.0026383 0.0000000 0.0000000 0.0210869 0.0000000 0.0000000 0.0000000 0.0000000 0.9240297 0.0000000 0.0386451
 73 R  73 0.0688687 0.0863167 0.0341069 0.0365418 0.0167220 0.0590178 0.0903687 0.0108017 0.0291512 0.0072310 0.0174751 0.1545735 0.0034298 0.0069711 0.0505492 0.0753138 0.1017050 0.0561712 0.0099446 0.0460949 0.0386451
 74 D  74 0.0146040 0.0296075 0.1329213 0.1250769 0.0138578 0.0098978 0.0319773 0.0145053 0.0147833 0.0037145 0.0027575 0.0451080 0.0014457 0.0017128 0.0000000 0.2930122 0.2191969 0.0020598 0.0023138 0.0028024 0.0386451
 75 A  75 0.2075039 0.0387419 0.0008407 0.0036929 0.0039728 0.0020681 0.0172008 0.0135637 0.0085688 0.0762777 0.1130815 0.0746773 0.0319584 0.0326583 0.2123303 0.0264728 0.0136599 0.0000000 0.0035636 0.0805214 0.0386451
 76 Q  76 0.0487472 0.0451489 0.0253253 0.1069606 0.0013922 0.1255893 0.2107153 0.0419525 0.0097548 0.0034962 0.0243428 0.1181465 0.0053583 0.0073413 0.0055385 0.0998647 0.0244233 0.0375903 0.0097245 0.0099421 0.0386451
 77 E  77 0.0720477 0.0011241 0.0041253 0.1725902 0.0000000 0.1085630 0.4814247 0.0287173 0.0049656 0.0095036 0.0332460 0.0088211 0.0119892 0.0000000 0.0000000 0.0111688 0.0101711 0.0000000 0.0000000 0.0019390 0.0396032
 78 F  78 0.0274369 0.0000000 0.0000000 0.0000000 0.0771086 0.0000000 0.0000000 0.0000000 0.0000000 0.0383147 0.0585623 0.0000000 0.0149486 0.6402227 0.0000000 0.0016621 0.0031499 0.0103019 0.0314859 0.0581612 0.0386451
 79 G  79 0.2169858 0.0117603 0.0040055 0.0240053 0.0362388 0.0135852 0.0891462 0.0072576 0.0027983 0.1586931 0.0438353 0.0561124 0.0401158 0.0121127 0.0000000 0.0098656 0.0137998 0.0047617 0.0137735 0.2018047 0.0393424
 80 A  80 0.2928943 0.0517912 0.0427627 0.1483208 0.0047610 0.0558571 0.0697559 0.0283444 0.0123029 0.0045521 0.0109676 0.0662288 0.0016123 0.0007474 0.0000000 0.0923279 0.0319551 0.0142685 0.0256841 0.0122438 0.0326220
 81 D  81 0.0013100 0.0000000 0.0067681 0.9082746 0.0000000 0.0000000 0.0213345 0.0000000 0.0061325 0.0000000 0.0023946 0.0046462 0.0000000 0.0000000 0.0000000 0.0068027 0.0069056 0.0000000 0.0000000 0.0000000 0.0354311
 82 V  82 0.0514387 0.0000000 0.0000000 0.0000000 0.0111416 0.0000000 0.0000000 0.0000000 0.0000000 0.1061356 0.1003334 0.0000000 0.1138524 0.1771541 0.0000000 0.0011937 0.0026419 0.0000000 0.0051676 0.3984887 0.0324522
 83 R  83 0.0069766 0.4204387 0.1509737 0.0327872 0.0008319 0.0444524 0.0473961 0.0067574 0.0094158 0.0056844 0.0199466 0.0941616 0.0219855 0.0252515 0.0000000 0.0097048 0.0338315 0.0337830 0.0010761 0.0078620 0.0266833
 84 L  84 0.0034605 0.0418461 0.0010991 0.0000000 0.0018929 0.0501572 0.0000000 0.0000000 0.0000000 0.0054584 0.7079670 0.0406823 0.0059108 0.0000000 0.0000000 0.0070603 0.0858741 0.0000000 0.0160861 0.0058223 0.0266833
 85 M  85 0.0000000 0.0000000 0.0000000 0.0000000 0.0000000 0.0000000 0.0000000 0.0000000 0.0000000 0.3442948 0.0299250 0.0000000 0.3620309 0.0000000 0.0000000 0.0000000 0.0776314 0.0000000 0.0000000 0.1587374 0.0273805
 86 F  86 0.0020969 0.0000000 0.0000000 0.0000000 0.0210077 0.0000000 0.0142685 0.0018172 0.0000000 0.0574384 0.0348082 0.0000000 0.0016123 0.6902408 0.0000000 0.0020039 0.0062232 0.0453558 0.0211557 0.0752882 0.0266833
 87 S  87 0.0480969 0.0550666 0.0989668 0.1642492 0.0000000 0.0484230 0.0788300 0.0038854 0.0359197 0.0071060 0.0093868 0.0801456 0.0251474 0.0028015 0.0000000 0.1860875 0.1137524 0.0121815 0.0069877 0.0007595 0.0222065
 88 N  88 0.0000000 0.0000000 0.9652926 0.0022466 0.0000000 0.0000000 0.0000000 0.0000000 0.0000000 0.0000000 0.0000000 0.0000000 0.0000000 0.0000000 0.0000000 0.0072754 0.0000000 0.0000000 0.0000000 0.0000000 0.0251854
 89 C  89 0.2678753 0.0000000 0.0000000 0.0000000 0.6492185 0.0000000 0.0000000 0.0055646 0.0000000 0.0000000 0.0000000 0.0000000 0.0000000 0.0000000 0.0000000 0.0346043 0.0157303 0.0000000 0.0000000 0.0018216 0.0251854
 90 Y  90 0.0284879 0.1699604 0.0016573 0.0000000 0.0099601 0.0158214 0.0306469 0.0000000 0.0076918 0.0383270 0.0849102 0.0598247 0.1029331 0.0627583 0.0000000 0.0071384 0.0017526 0.0375789 0.2845944 0.0337499 0.0222065
 91 K  91 0.0464309 0.0578618 0.0083645 0.0017126 0.0041674 0.0500710 0.0322201 0.0013025 0.0061936 0.0480042 0.1457977 0.2420882 0.0121473 0.0053067 0.0007818 0.0273256 0.2258915 0.0000000 0.0253982 0.0367280 0.0222065
 92 Y  92 0.0000000 0.0101395 0.0000000 0.0000000 0.0155786 0.0000000 0.0000000 0.0000000 0.0090516 0.0000000 0.0000000 0.0000000 0.0000000 0.3194295 0.0000000 0.0000000 0.0000000 0.0000000 0.6206153 0.0000000 0.0251854
 93 N  93 0.0000000 0.0000000 0.9196404 0.0044768 0.0000000 0.0000000 0.0000000 0.0000000 0.0021720 0.0000000 0.0000000 0.0000000 0.0000000 0.0125365 0.0000000 0.0017592 0.0192576 0.0149721 0.0000000 0.0000000 0.0251854
 94 P  94 0.0485995 0.0515293 0.0411739 0.0259469 0.0000000 0.0278937 0.0779726 0.1927070 0.0065589 0.0135228 0.0098186 0.0915638 0.0047154 0.0000000 0.2891926 0.0724577 0.0088708 0.0000000 0.0103855 0.0019054 0.0251854
 95 P  95 0.0628320 0.0151934 0.0098169 0.0872081 0.0000000 0.0045788 0.1433864 0.0000000 0.0026481 0.0116315 0.0121846 0.1142520 0.0000000 0.0000000 0.4309628 0.0479085 0.0120650 0.0000000 0.0000000 0.0290981 0.0162338
 96 D  96 0.0222227 0.0175852 0.0557792 0.2679255 0.0000000 0.0237239 0.1057408 0.2703979 0.0205415 0.0025704 0.0040466 0.0170780 0.0016747 0.0025627 0.0051178 0.0609714 0.0985951 0.0020585 0.0033260 0.0018484 0.0162338
 97 H  97 0.0218143 0.0012173 0.0748457 0.1302894 0.0000000 0.0225021 0.0333854 0.0068027 0.2052051 0.0000000 0.0036551 0.0000000 0.0000000 0.0000000 0.0062712 0.2977590 0.1671668 0.0000000 0.0094400 0.0000000 0.0196459
 98 E  98 0.0253617 0.0347648 0.0106055 0.2714075 0.0015966 0.0148700 0.1625792 0.0188108 0.0026507 0.0504144 0.0350894 0.0209820 0.0093421 0.0234320 0.1698140 0.0219891 0.0153200 0.0083480 0.0175045 0.0677910 0.0173267
 99 V  99 0.0124923 0.0000000 0.0000000 0.0000000 0.0109887 0.0000000 0.0029539 0.0022546 0.0000000 0.1837162 0.0267569 0.0000000 0.0160705 0.0404064 0.0090282 0.0000000 0.0096449 0.0012528 0.1313381 0.5357698 0.0173267
100 V 100 0.0849722 0.0325205 0.0283099 0.0000000 0.0142183 0.0000000 0.0028027 0.0607725 0.1220089 0.0053696 0.0035766 0.0125365 0.0000000 0.0265367 0.0000000 0.0704194 0.0850607 0.0189890 0.2351761 0.1794035 0.0173267
101 A 101 0.0820996 0.1229995 0.0297824 0.0344835 0.0011370 0.0807703 0.0324409 0.0122486 0.0092077 0.0556119 0.0978517 0.2285048 0.0334822 0.0194013 0.0009587 0.0383742 0.0343954 0.0019941 0.0019568 0.0649726 0.0173267
102 M 102 0.1490613 0.0021720 0.0249649 0.0043397 0.1000173 0.0498261 0.0243967 0.0000000 0.0176119 0.0161880 0.0312139 0.0132008 0.4071500 0.0227638 0.0000000 0.0526518 0.0024215 0.0040574 0.0407975 0.0191414 0.0180240
103 A 103 0.6345923 0.0000000 0.0000000 0.0000000 0.0603003 0.0000000 0.0000000 0.2354979 0.0000000 0.0035766 0.0000000 0.0000000 0.0000000 0.0000000 0.0000000 0.0190256 0.0156986 0.0000000 0.0000000 0.0139820 0.0173267
104 R 104 0.0170044 0.1410272 0.0804335 0.0481085 0.0014457 0.1244730 0.1178336 0.0033475 0.0542346 0.0294028 0.0479888 0.1857594 0.0137904 0.0025586 0.0000000 0.0288240 0.0500650 0.0000000 0.0072715 0.0261804 0.0202510
105 K 105 0.1028004 0.1099466 0.0992803 0.0198195 0.0120650 0.0641084 0.0571229 0.0280289 0.0052693 0.0236646 0.0127326 0.2555332 0.0132218 0.0022683 0.0025207 0.0534229 0.0911360 0.0000000 0.0064622 0.0188113 0.0217850
106 L 106 0.0040938 0.0000000 0.0000000 0.0000000 0.0098275 0.0017082 0.0000000 0.0000000 0.0000000 0.0736722 0.7030909 0.0000000 0.0868550 0.0287967 0.0000000 0.0000000 0.0168350 0.0000000 0.0000000 0.0525791 0.0225415
107 Q 107 0.0191442 0.0853469 0.0322616 0.0031579 0.0020598 0.1808377 0.4102731 0.0033020 0.0087161 0.0000000 0.0570725 0.0703452 0.0060102 0.0021510 0.0000000 0.0714053 0.0121426 0.0000000 0.0030053 0.0102271 0.0225415
108 D 108 0.1227222 0.0676004 0.0289200 0.1334756 0.0028871 0.0371659 0.1557836 0.0203274 0.0023813 0.0158819 0.0080039 0.2969033 0.0012101 0.0000000 0.0023419 0.0452328 0.0240724 0.0000000 0.0000000 0.0139899 0.0211003
109 V 109 0.0651702 0.0148980 0.0098645 0.0126662 0.0168115 0.0243654 0.0332916 0.0032360 0.0168791 0.0934177 0.1461061 0.0241870 0.0134074 0.1449861 0.0000000 0.0319081 0.0258300 0.0068425 0.0993394 0.1927618 0.0240315
110 F 110 0.0385159 0.0000000 0.0000000 0.0000000 0.0013009 0.0000000 0.0000000 0.0045757 0.0000000 0.0388716 0.0249059 0.0000000 0.0344664 0.7352832 0.0000000 0.0030684 0.0128393 0.0220924 0.0477369 0.0116637 0.0246798
111 E 111 0.0118781 0.0456287 0.0616159 0.0800275 0.0000000 0.0325877 0.4237644 0.0046834 0.0239502 0.0100110 0.1058166 0.0481994 0.0207912 0.0085236 0.0000000 0.0043167 0.0083326 0.0346479 0.0177956 0.0322495 0.0251800
112 M 112 0.0398629 0.0579919 0.0381759 0.0394434 0.0000000 0.1294586 0.1092075 0.0297948 0.0063453 0.0021144 0.0094791 0.2366248 0.0515376 0.0193260 0.0098996 0.0891713 0.0867822 0.0000000 0.0055266 0.0148345 0.0244235
113 R 113 0.0280454 0.1761761 0.0055798 0.0166597 0.0037882 0.0642882 0.0686854 0.0093084 0.0608212 0.0112806 0.0894008 0.3449463 0.0312035 0.0146137 0.0000000 0.0172125 0.0051394 0.0107616 0.0069906 0.0071280 0.0279706
114 F 114 0.0022212 0.0024680 0.0022546 0.0000000 0.0097120 0.0000000 0.0000000 0.0000000 0.0000000 0.1527368 0.2001633 0.0000000 0.1266919 0.1129938 0.0000000 0.0000000 0.0000000 0.2219241 0.0533075 0.0859615 0.0295653
115 A 115 0.2338695 0.0498408 0.0197248 0.0310095 0.0023867 0.0247608 0.0695546 0.0189338 0.0029950 0.0032123 0.0539409 0.2538277 0.0021290 0.0028284 0.0439992 0.0869529 0.0249785 0.0018171 0.0000000 0.0150427 0.0581959
116 K 116 0.0464060 0.0231037 0.1000963 0.0343017 0.0051560 0.1122530 0.1505161 0.0142543 0.0314642 0.0030419 0.0570362 0.2135178 0.0020064 0.0032928 0.0378548 0.0408523 0.0243572 0.0000000 0.0000000 0.0113142 0.0891752
117 M 117 0.0124189 0.0184881 0.0014909 0.0000000 0.0021150 0.0025394 0.0015396 0.0013204 0.0000000 0.2067309 0.1938344 0.0457936 0.2014400 0.0585887 0.0020079 0.0023848 0.0069400 0.0023813 0.0246267 0.0727783 0.1425810
118 P 118 0.0140726 0.0605433 0.0163523 0.0314157 0.0000000 0.0128043 0.0637504 0.0025774 0.0043455 0.0018015 0.0077069 0.0239745 0.0358217 0.0015438 0.4344402 0.0242333 0.0111392 0.0000000 0.0152132 0.0082830 0.2299810
119 D 119 0.0626738 0.0203769 0.0175697 0.1461895 0.0000000 0.1030136 0.1312621 0.0166489 0.0013621 0.0070785 0.0043281 0.0892581 0.0010522 0.0000000 0.0513063 0.0520986 0.0095299 0.0015396 0.0000000 0.0060039 0.2787083
120 E 120 0.0238567 0.0149543 0.0042514 0.0527421 0.0000000 0.0217502 0.2699455 0.0106702 0.0021451 0.0215040 0.0092831 0.1072663 0.0000000 0.0042711 0.0044354 0.0260744 0.0089578 0.0796296 0.0128747 0.0064622 0.3189259
121 S 121 0.0098573 0.0047736 0.0052026 0.0460381 0.0000000 0.0029914 0.1431571 0.0064206 0.0044379 0.0534323 0.0933116 0.0142997 0.0140262 0.0293124 0.0502090 0.0489266 0.0228249 0.0129680 0.0053853 0.0502580 0.3821673
122 G 122 0.0788525 0.0118104 0.0229746 0.0281427 0.0000000 0.0368046 0.0674255 0.0636032 0.0073638 0.0482685 0.0366966 0.0147010 0.0097690 0.0118329 0.0429163 0.0396037 0.0180677 0.0000000 0.0018752 0.0333204 0.4259716
123 R 123 0.0357915 0.0821199 0.0084690 0.0285109 0.0000000 0.0270377 0.1344700 0.0019435 0.0030478 0.0132311 0.0134392 0.0814515 0.0025491 0.0034716 0.0262511 0.0206250 0.0034892 0.0000000 0.0344795 0.0260268 0.4535956
124 G 124 0.0336380 0.0143837 0.0156442 0.0333183 0.0011248 0.0107427 0.0391406 0.0158177 0.0308069 0.0166860 0.0483108 0.0332797 0.0219621 0.0026609 0.0803702 0.0496496 0.0161873 0.0025399 0.0000000 0.0293359 0.5044008
125 G 125 0.0505423 0.0533219 0.0129406 0.0598221 0.0057922 0.0121448 0.0690780 0.0409241 0.0026862 0.0153121 0.0102885 0.0377145 0.0059390 0.0009547 0.0227502 0.0379192 0.0211100 0.0000000 0.0000000 0.0226479 0.5181115
126 G 126 0.0564853 0.0081000 0.0096189 0.0253421 0.0000000 0.0159235 0.0369298 0.0494639 0.0050975 0.0081444 0.0027214 0.0401020 0.0016276 0.0036648 0.1325226 0.0291168 0.0189897 0.0000000 0.0000000 0.0265858 0.5295639
127 G 127 0.0417830 0.0091000 0.0144224 0.0297034 0.0026822 0.0281512 0.0823292 0.0127717 0.0054362 0.0073941 0.0127680 0.0890256 0.0000000 0.0010359 0.0415266 0.0205176 0.0142634 0.0000000 0.0020707 0.0354213 0.5495973
128 G 128 0.0576538 0.0213411 0.0043919 0.0240084 0.0016657 0.0133317 0.0506210 0.0218963 0.0071108 0.0012913 0.0026518 0.0500274 0.0024788 0.0038329 0.0720165 0.0318558 0.0290061 0.0020707 0.0009468 0.0164177 0.5853834
129 G 129 0.0354130 0.0307519 0.0107084 0.0133263 0.0008091 0.0108662 0.0549003 0.0504423 0.0037685 0.0053181 0.0055125 0.0194476 0.0029580 0.0011266 0.0489018 0.0612572 0.0248608 0.0000000 0.0000000 0.0155416 0.6040898
130 L 130 0.0290623 0.0307957 0.0015545 0.0230431 0.0000000 0.0099498 0.0044164 0.0062950 0.0040693 0.0241820 0.0249311 0.0976016 0.0163413 0.0000000 0.0045593 0.0428615 0.0228288 0.0000000 0.0010271 0.0287248 0.6277563
131 G 131 0.0217280 0.0437913 0.0070185 0.0047512 0.0000000 0.0118951 0.0087407 0.0713018 0.0048306 0.0012223 0.0024584 0.0530535 0.0013917 0.0000000 0.0465323 0.0535386 0.0142530 0.0000000 0.0000000 0.0019340 0.6515591
132 G 132 0.0428279 0.0250262 0.0103231 0.0202774 0.0000000 0.0060470 0.0196417 0.0359940 0.0056920 0.0008763 0.0022314 0.0791198 0.0016059 0.0000000 0.0050400 0.0432338 0.0206442 0.0000000 0.0000000 0.0047781 0.6766412
133 G 133 0.0323317 0.0173847 0.0081500 0.0114217 0.0000000 0.0059441 0.0017432 0.0811904 0.0000000 0.0030478 0.0086292 0.0072337 0.0035325 0.0000000 0.0178240 0.0586466 0.0068728 0.0000000 0.0012675 0.0120131 0.7227669
134 G 134 0.0121434 0.0248481 0.0084089 0.0021702 0.0000000 0.0060842 0.0046421 0.0189189 0.0088426 0.0103278 0.0059148 0.0592243 0.0000000 0.0000000 0.0161282 0.0380334 0.0241751 0.0000000 0.0000000 0.0050972 0.7550409
135 A 135 0.0534832 0.0000000 0.0000000 0.0000000 0.0000000 0.0000000 0.0014060 0.0124403 0.0000000 0.0000000 0.0000000 0.0106298 0.0000000 0.0000000 0.0545899 0.0408266 0.0047502 0.0000000 0.0029580 0.0015693 0.8173467
136 G 136 0.0237971 0.0000000 0.0000000 0.0000000 0.0000000 0.0000000 0.0000000 0.0594495 0.0000000 0.0000000 0.0000000 0.0000000 0.0000000 0.0000000 0.0000000 0.0180352 0.0000000 0.0000000 0.0000000 0.0000000 0.8987181
