  108         A         R         N         D         C         Q         E         G         H         I         L         K         M         F         P         S         T         W         Y         V    
  1 M   1 0.0000000 0.0000000 0.0000000 0.0000000 0.0000000 0.0000000 0.0000000 0.0000000 0.0000000 0.0000000 0.0000000 0.0000000 1.0000000 0.0000000 0.0000000 0.0000000 0.0000000 0.0000000 0.0000000 0.0000000
  2 A   2 0.0499188 0.0000000 0.1624838 0.0000000 0.0000000 0.0000000 0.0000000 0.0000000 0.0000000 0.0308815 0.0000000 0.1955162 0.0000000 0.0000000 0.0000000 0.0374462 0.4994447 0.0000000 0.0243089 0.0000000
  3 Q   3 0.0823477 0.0423295 0.0486654 0.0399514 0.0000000 0.4294599 0.0152070 0.0246132 0.0000000 0.0216278 0.0211790 0.0583343 0.0000000 0.0000000 0.1093847 0.0569456 0.0306146 0.0000000 0.0000000 0.0193397
  4 Q   4 0.0000000 0.1849187 0.1622133 0.0191552 0.0000000 0.0578078 0.0374531 0.0000000 0.1178964 0.0225196 0.0620692 0.1129105 0.0000000 0.0000000 0.0919086 0.0372437 0.0252752 0.0000000 0.0686287 0.0000000
  5 S   5 0.0151667 0.0574519 0.0493219 0.0199174 0.0000000 0.0173513 0.0379668 0.0000000 0.0620837 0.0000000 0.0141324 0.0196168 0.0000000 0.0232959 0.1588908 0.4490943 0.0443756 0.0000000 0.0313345 0.0000000
  6 P   6 0.1549397 0.0203374 0.0000000 0.0262547 0.0000000 0.0161875 0.0000000 0.0394088 0.0144810 0.0131146 0.2412875 0.0000000 0.0439614 0.0217334 0.1281236 0.0905479 0.0731807 0.0000000 0.0000000 0.1164417
  7 Y   7 0.0116227 0.0206155 0.1200993 0.0220416 0.0000000 0.0120067 0.0383884 0.0427302 0.0508030 0.0941704 0.0381911 0.0458972 0.0186775 0.0000000 0.0507980 0.1035297 0.1068206 0.0133108 0.1464351 0.0638621
  8 S   8 0.0000000 0.0209766 0.0127217 0.3854536 0.0000000 0.0000000 0.0000000 0.0604396 0.0133179 0.0172927 0.0256566 0.0346133 0.0000000 0.0000000 0.1033118 0.2022960 0.1239203 0.0000000 0.0000000 0.0000000
  9 A   9 0.1120344 0.0000000 0.0000000 0.0000000 0.0000000 0.0000000 0.0985505 0.0190400 0.0000000 0.0000000 0.0000000 0.0304446 0.0174894 0.0000000 0.4986018 0.1309781 0.0834263 0.0000000 0.0000000 0.0094349
 10 A  10 0.4468349 0.0224389 0.0492242 0.0126134 0.0171041 0.0449698 0.0877640 0.0278232 0.0159762 0.0144986 0.0158003 0.0234109 0.0896157 0.0000000 0.0000000 0.0109274 0.0793181 0.0000000 0.0000000 0.0416802
 11 M  11 0.0540885 0.0000000 0.0000000 0.0189365 0.0000000 0.0539751 0.0373855 0.0163537 0.0000000 0.0323194 0.2829668 0.0403226 0.1288902 0.0221337 0.0597006 0.0944324 0.1119915 0.0000000 0.0000000 0.0465034
 12 A  12 0.1788337 0.0000000 0.0159578 0.1278784 0.0000000 0.0787644 0.0701716 0.0126437 0.0000000 0.0106115 0.0000000 0.0801700 0.0000000 0.0211855 0.0179532 0.2528907 0.0936889 0.0000000 0.0000000 0.0392506
 13 E  13 0.0627726 0.0637638 0.0405216 0.0088043 0.0000000 0.1924377 0.2784072 0.0000000 0.0156486 0.0000000 0.0000000 0.0587099 0.0000000 0.0000000 0.1588308 0.0265673 0.0935363 0.0000000 0.0000000 0.0000000
 14 Q  14 0.0906011 0.1186227 0.0109562 0.0728681 0.0000000 0.1740845 0.1136456 0.0000000 0.0000000 0.0227070 0.0827894 0.0000000 0.0065874 0.0000000 0.2107387 0.0763933 0.0000000 0.0000000 0.0000000 0.0200060
 15 R  15 0.0635377 0.1143875 0.0650773 0.1909202 0.0000000 0.0460127 0.1829203 0.0404050 0.0085238 0.0174233 0.0175570 0.0629094 0.0062061 0.0103103 0.0159708 0.0654499 0.0156925 0.0000000 0.0148499 0.0618464
 16 H  16 0.0383827 0.0252736 0.2666753 0.1590538 0.0000000 0.0247483 0.1481958 0.0064394 0.0332890 0.0290375 0.0202650 0.0000000 0.0000000 0.0355699 0.0367456 0.0443915 0.0276641 0.0000000 0.0962683 0.0080002
 17 Q  17 0.1402648 0.0075831 0.0257397 0.1522268 0.0000000 0.1526160 0.2014630 0.0000000 0.0000000 0.0000000 0.0000000 0.1383899 0.0058190 0.0000000 0.0215058 0.0692321 0.0627204 0.0000000 0.0000000 0.0224393
 18 E  18 0.0528928 0.0175640 0.1077082 0.2371198 0.0000000 0.0816766 0.2551771 0.0667352 0.0980530 0.0000000 0.0000000 0.0000000 0.0000000 0.0000000 0.0000000 0.0453643 0.0269561 0.0000000 0.0107530 0.0000000
 19 W  19 0.0115329 0.0000000 0.0000000 0.0000000 0.0000000 0.0114516 0.0000000 0.0052389 0.0000000 0.0414636 0.1666165 0.0000000 0.0140139 0.0272340 0.0000000 0.0000000 0.0302967 0.5444167 0.0831384 0.0645967
 20 L  20 0.0090854 0.0488538 0.0496406 0.3212542 0.0000000 0.2390680 0.0501082 0.0188856 0.0157929 0.0000000 0.1079073 0.0822058 0.0073130 0.0000000 0.0000000 0.0268124 0.0162341 0.0000000 0.0028152 0.0040234
 21 R  21 0.1142948 0.1618491 0.0244143 0.0600562 0.0165500 0.2496913 0.1360049 0.0119928 0.0106520 0.0000000 0.0507066 0.0177448 0.0184758 0.0062267 0.0000000 0.0735400 0.0199283 0.0000000 0.0170583 0.0108141
 22 F  22 0.0000000 0.0000000 0.0000000 0.0000000 0.0000000 0.0000000 0.0000000 0.0000000 0.0000000 0.0432921 0.5579686 0.0000000 0.0047864 0.2978445 0.0000000 0.0000000 0.0000000 0.0000000 0.0064396 0.0896687
 23 V  23 0.0710335 0.0000000 0.0000000 0.0000000 0.0682382 0.0000000 0.0000000 0.0000000 0.0047484 0.0866058 0.1746811 0.0082412 0.0291145 0.2487181 0.0000000 0.0216772 0.0066277 0.0000000 0.0383059 0.2420085
 24 D  24 0.0806956 0.1041641 0.0435932 0.2176122 0.0056553 0.0559717 0.2901282 0.0117251 0.0196466 0.0000000 0.0014521 0.0799093 0.0059484 0.0000000 0.0000000 0.0163431 0.0604040 0.0000000 0.0000000 0.0067509
 25 L  25 0.3740767 0.0028083 0.0000000 0.0000000 0.0064031 0.0000000 0.0000000 0.0219413 0.0343989 0.0543251 0.3349173 0.0342998 0.0152677 0.0177604 0.0000000 0.0188450 0.0267800 0.0000000 0.0071174 0.0510592
 26 L  26 0.0051782 0.0000000 0.0000000 0.0000000 0.0244004 0.0000000 0.0000000 0.0000000 0.0000000 0.3253958 0.4246218 0.0000000 0.0307916 0.0595381 0.0000000 0.0000000 0.0033286 0.0000000 0.0000000 0.1267454
 27 K  27 0.0989785 0.0813980 0.0000000 0.0084179 0.0149209 0.1459887 0.0091448 0.0141125 0.0137369 0.0000000 0.3955609 0.0738617 0.0168732 0.0000000 0.0000000 0.0773810 0.0143601 0.0000000 0.0047801 0.0304847
 28 N  28 0.0603366 0.0204767 0.0481921 0.0148508 0.0276955 0.2051050 0.0465191 0.0107345 0.0235277 0.0067434 0.0873735 0.0779574 0.0215157 0.0000000 0.0000000 0.2072619 0.1357535 0.0000000 0.0000000 0.0059569
 29 A  29 0.2683773 0.0000000 0.0053271 0.0000000 0.0113906 0.0066026 0.0052667 0.0058158 0.0305783 0.0580942 0.4272915 0.0000000 0.0204562 0.0076020 0.0060118 0.0685484 0.0450293 0.0000000 0.0000000 0.0336083
 30 Y  30 0.0282366 0.0256329 0.0379174 0.0718093 0.0101233 0.0687706 0.1537970 0.0405855 0.0053945 0.0206068 0.0000000 0.2136644 0.0123743 0.1112097 0.0067678 0.0664711 0.0451652 0.0000000 0.0414543 0.0400194
 31 Q  31 0.1185218 0.0071607 0.1476610 0.2843197 0.0040779 0.0378819 0.1003624 0.0280066 0.0000000 0.0055112 0.0037461 0.0117031 0.0000000 0.0000000 0.0000000 0.1089392 0.1421084 0.0000000 0.0000000 0.0000000
 32 N  32 0.0435291 0.0859492 0.0141430 0.0450988 0.0000000 0.1019048 0.1809450 0.0091437 0.0232705 0.0480160 0.0589003 0.0623343 0.0244568 0.0000000 0.1193863 0.0661102 0.0349979 0.0000000 0.0098488 0.0719654
 33 D  33 0.0177105 0.0000000 0.0660370 0.2613782 0.0000000 0.0632447 0.4238305 0.0927834 0.0048988 0.0000000 0.0000000 0.0432611 0.0000000 0.0053491 0.0000000 0.0073708 0.0077124 0.0000000 0.0000000 0.0064234
 34 L  34 0.0446641 0.0193476 0.0054496 0.0974863 0.0000000 0.0808280 0.4323297 0.0028024 0.0145300 0.0082210 0.1412180 0.0624082 0.0129010 0.0233942 0.0000000 0.0179079 0.0093395 0.0051019 0.0000000 0.0220706
 35 H  35 0.0886112 0.0000000 0.0000000 0.0161610 0.2975191 0.0515654 0.0358588 0.0025561 0.1299185 0.1025864 0.1041880 0.0000000 0.0657148 0.0138828 0.0000000 0.0052886 0.0111369 0.0000000 0.0073835 0.0676290
 36 L  36 0.0682665 0.0423664 0.0162661 0.0766694 0.0000000 0.0842307 0.1070425 0.0120878 0.0267715 0.0126384 0.1050797 0.0392072 0.0071160 0.0383665 0.0000000 0.0147983 0.0090979 0.0000000 0.3307930 0.0092021
 37 P  37 0.1428831 0.1348338 0.0265125 0.0901487 0.0028660 0.0595940 0.0902381 0.0019749 0.0013783 0.0125608 0.0472121 0.0388860 0.0622882 0.0000000 0.1587397 0.0529068 0.0476780 0.0000000 0.0000000 0.0292991
 38 L  38 0.0173875 0.0079202 0.0000000 0.0000000 0.0000000 0.0000000 0.0000000 0.0000000 0.0000000 0.0526083 0.3206200 0.0065496 0.0207545 0.5371381 0.0000000 0.0000000 0.0000000 0.0000000 0.0062835 0.0307382
 39 L  39 0.0000000 0.0000000 0.0000000 0.0000000 0.0144071 0.0000000 0.0000000 0.0000000 0.0000000 0.0079844 0.5154707 0.0000000 0.0239587 0.4316973 0.0000000 0.0000000 0.0000000 0.0000000 0.0000000 0.0064818
 40 N  40 0.0349943 0.0451388 0.0135482 0.1225364 0.0000000 0.1849010 0.3083523 0.0366901 0.0258290 0.0055204 0.0081421 0.0272099 0.0056960 0.0000000 0.0112741 0.0391412 0.1271056 0.0000000 0.0039207 0.0000000
 41 L  41 0.0311195 0.0000000 0.0000000 0.4936664 0.0386483 0.0025751 0.0362582 0.0033804 0.0000000 0.0000000 0.2779302 0.0000000 0.0691021 0.0144071 0.0000000 0.0213958 0.0000000 0.0000000 0.0000000 0.0115168
 42 M  42 0.0053835 0.0000000 0.0000000 0.0000000 0.0000000 0.0000000 0.0000000 0.0000000 0.0000000 0.1349409 0.6299939 0.0000000 0.0928289 0.0490593 0.0000000 0.0000000 0.0000000 0.0000000 0.0000000 0.0877936
 43 L  43 0.0534902 0.0000000 0.0000000 0.0000000 0.3958413 0.0000000 0.0000000 0.0000000 0.0000000 0.0000000 0.3976509 0.0000000 0.0678701 0.0703563 0.0000000 0.0030704 0.0117207 0.0000000 0.0000000 0.0000000
 44 T  44 0.0000000 0.0000000 0.0000000 0.0000000 0.0000000 0.0000000 0.0000000 0.0000000 0.0000000 0.0000000 0.0000000 0.0000000 0.0000000 0.0000000 0.0000000 0.0398086 0.9601914 0.0000000 0.0000000 0.0000000
 45 P  45 0.0495312 0.0109786 0.0000000 0.0126301 0.0000000 0.0051932 0.0450965 0.0000000 0.0099794 0.1543462 0.0084940 0.0253719 0.0199821 0.0118207 0.4470047 0.0112935 0.0104254 0.0000000 0.0141667 0.1636858
 46 D  46 0.1577938 0.0438398 0.1481103 0.3084311 0.0000000 0.0100223 0.0646540 0.0740725 0.0045059 0.0026959 0.0000000 0.0742507 0.0000000 0.0000000 0.0143583 0.0797109 0.0101093 0.0000000 0.0000000 0.0074454
 47 E  47 0.0000000 0.0000000 0.0000000 0.0074454 0.0000000 0.0000000 0.9925546 0.0000000 0.0000000 0.0000000 0.0000000 0.0000000 0.0000000 0.0000000 0.0000000 0.0000000 0.0000000 0.0000000 0.0000000 0.0000000
 48 R  48 0.0067753 0.3558840 0.0000000 0.0000000 0.0000000 0.0255809 0.0000000 0.0000000 0.0000000 0.2145987 0.2761351 0.0300005 0.0226194 0.0000000 0.0000000 0.0000000 0.0093152 0.0000000 0.0136064 0.0454844
 49 E  49 0.0388167 0.0601927 0.0328724 0.0762018 0.0162393 0.1115007 0.2340028 0.0092913 0.0110982 0.0017546 0.0495496 0.1914524 0.0084026 0.0104908 0.0000000 0.0679675 0.0737447 0.0000000 0.0000000 0.0064219
 50 A  50 0.5194659 0.0043738 0.0000000 0.1157499 0.0000000 0.0200396 0.0822450 0.0039207 0.0000000 0.0000000 0.0000000 0.0034447 0.0051582 0.0000000 0.0000000 0.2074479 0.0244936 0.0000000 0.0000000 0.0136608
 51 L  51 0.0000000 0.0000000 0.0000000 0.0000000 0.0000000 0.0000000 0.0000000 0.0000000 0.0000000 0.1680762 0.4866069 0.0000000 0.1908745 0.0844210 0.0000000 0.0000000 0.0134985 0.0000000 0.0000000 0.0565229
 52 G  52 0.4134964 0.0000000 0.0157616 0.0000000 0.0069469 0.0137212 0.0250541 0.1791428 0.0000000 0.0366845 0.0193924 0.0035548 0.0030102 0.0044482 0.0000000 0.2031721 0.0279226 0.0000000 0.0000000 0.0476922
 53 T  53 0.0984556 0.0053068 0.0498511 0.0597838 0.0000000 0.3684832 0.0294730 0.0463489 0.0057408 0.0000000 0.0866677 0.0494388 0.0042855 0.0000000 0.0000000 0.0269883 0.1665047 0.0000000 0.0000000 0.0026718
 54 R  54 0.0000000 1.0000000 0.0000000 0.0000000 0.0000000 0.0000000 0.0000000 0.0000000 0.0000000 0.0000000 0.0000000 0.0000000 0.0000000 0.0000000 0.0000000 0.0000000 0.0000000 0.0000000 0.0000000 0.0000000
 55 V  55 0.0028395 0.0000000 0.0000000 0.0000000 0.0000000 0.0000000 0.0000000 0.0000000 0.0000000 0.0451295 0.4299407 0.0000000 0.0082549 0.0803200 0.0000000 0.0000000 0.0078490 0.1635276 0.0398766 0.2222621
 56 R  56 0.0479794 0.2531573 0.0949091 0.0099809 0.0037879 0.1737973 0.2332876 0.0000000 0.0266809 0.0000000 0.0573354 0.0675743 0.0071120 0.0000000 0.0000000 0.0161067 0.0027053 0.0000000 0.0019782 0.0036080
 57 I  57 0.0122057 0.0000000 0.0000000 0.0000000 0.0000000 0.0000000 0.0000000 0.0000000 0.0000000 0.4043297 0.0865490 0.0000000 0.0036804 0.0000000 0.0000000 0.0000000 0.0000000 0.0000000 0.0000000 0.4932353
 58 V  58 0.3987772 0.0000000 0.0000000 0.0000000 0.0088713 0.0000000 0.0000000 0.0000000 0.0000000 0.1448100 0.0391204 0.0000000 0.0155914 0.1060822 0.0000000 0.0017512 0.0144202 0.0000000 0.0166572 0.2539190
 59 E  59 0.0429068 0.2243212 0.0239261 0.0077481 0.0161129 0.1454628 0.1092197 0.0049473 0.0362026 0.0000000 0.0037174 0.2816839 0.0057184 0.0011602 0.0521920 0.0210118 0.0107141 0.0023092 0.0011150 0.0095303
 60 E  60 0.0859760 0.0133747 0.0000000 0.0303524 0.0000000 0.0420582 0.3173478 0.0088609 0.0054933 0.0022756 0.1515628 0.0084747 0.2778751 0.0097830 0.0000000 0.0089441 0.0229169 0.0000000 0.0116638 0.0030406
 61 L  61 0.0000000 0.0000000 0.0000000 0.0000000 0.0000000 0.0000000 0.0000000 0.0000000 0.0000000 0.0147919 0.9646944 0.0000000 0.0205137 0.0000000 0.0000000 0.0000000 0.0000000 0.0000000 0.0000000 0.0000000
 62 L  62 0.0272429 0.0518866 0.0032188 0.1068820 0.0000000 0.0147720 0.0215546 0.0062147 0.0164100 0.0342554 0.4558617 0.0123551 0.1335339 0.0105427 0.0000000 0.0208361 0.0194750 0.0000000 0.0369731 0.0279853
 63 R  63 0.0675665 0.2394325 0.0731879 0.0951513 0.0000000 0.0745240 0.1651293 0.0033693 0.0182628 0.0000000 0.0165234 0.2178289 0.0000000 0.0000000 0.0000000 0.0202527 0.0046706 0.0000000 0.0000000 0.0041007
 64 G  64 0.0211919 0.0050617 0.0269072 0.0111849 0.0025921 0.0580718 0.0952699 0.6404723 0.0029205 0.0131826 0.0028133 0.1068854 0.0023298 0.0000000 0.0000000 0.0044529 0.0066638 0.0000000 0.0000000 0.0000000
 65 E  65 0.0407810 0.0404948 0.0973851 0.0899212 0.0027890 0.0599202 0.3196151 0.1347305 0.0366443 0.0000000 0.0000000 0.1120409 0.0000000 0.0000000 0.0000000 0.0257563 0.0370515 0.0000000 0.0028702 0.0000000
 66 M  66 0.0085904 0.0345894 0.0172554 0.0040294 0.0102693 0.0071989 0.0000000 0.0000000 0.0121500 0.0691534 0.1656921 0.1866961 0.2585622 0.0189529 0.0000000 0.0129651 0.0124459 0.0023250 0.0516692 0.1274554
 67 S  67 0.0036406 0.0000000 0.0000000 0.0000000 0.0000000 0.0000000 0.0000000 0.0018885 0.0000000 0.0074494 0.0000000 0.0044593 0.0000000 0.0000000 0.1818287 0.4190729 0.3718810 0.0000000 0.0048948 0.0048848
 68 Q  68 0.0000000 0.0000000 0.0000000 0.0000000 0.0000000 0.5035071 0.0000000 0.0000000 0.0110242 0.0000000 0.0000000 0.0000000 0.0000000 0.0141370 0.0000000 0.0000000 0.0000000 0.0000000 0.4713317 0.0000000
 69 R  69 0.0183378 0.5983560 0.0562837 0.0400084 0.0000000 0.0068189 0.0274244 0.0113063 0.0320589 0.0201948 0.0452324 0.0025999 0.0071757 0.0000000 0.0190067 0.0392329 0.0461343 0.0000000 0.0076113 0.0222176
 70 E  70 0.0388394 0.0078792 0.0000000 0.1102747 0.0000000 0.1728211 0.5203784 0.0099798 0.0108364 0.0000000 0.0000000 0.0700222 0.0000000 0.0024617 0.0000000 0.0183666 0.0257530 0.0000000 0.0000000 0.0123873
 71 L  71 0.0000000 0.0000000 0.0000000 0.0000000 0.0000000 0.0000000 0.0000000 0.0000000 0.0000000 0.7804543 0.1594117 0.0000000 0.0080194 0.0000000 0.0000000 0.0000000 0.0000000 0.0000000 0.0000000 0.0521146
 72 K  72 0.3209449 0.0037900 0.0075553 0.0000000 0.0015075 0.0748000 0.1263782 0.0000000 0.0566927 0.0055243 0.0071221 0.1610696 0.0105525 0.0000000 0.0000000 0.1425383 0.0054919 0.0000000 0.0031184 0.0729142
 73 N  73 0.1282093 0.0250280 0.1382185 0.0309120 0.0029453 0.1685058 0.2434815 0.0087864 0.0073470 0.0039367 0.0028597 0.1485854 0.0000000 0.0000000 0.0000000 0.0632140 0.0279705 0.0000000 0.0000000 0.0000000
 74 E  74 0.0536522 0.0740548 0.0545321 0.0373591 0.0021505 0.1107918 0.3157868 0.0000000 0.0145008 0.0182224 0.0726236 0.1297284 0.0580987 0.0000000 0.0000000 0.0176604 0.0257520 0.0000000 0.0000000 0.0150864
 75 L  75 0.0117105 0.0000000 0.0000000 0.0000000 0.0000000 0.0000000 0.0000000 0.0000000 0.0181796 0.0176680 0.3889063 0.0000000 0.0000000 0.0283744 0.0000000 0.0097995 0.4488787 0.0000000 0.0599936 0.0164896
 76 G  76 0.0089846 0.0031197 0.0706499 0.0000000 0.0000000 0.0503379 0.0266229 0.7805290 0.0123799 0.0000000 0.0000000 0.0189580 0.0000000 0.0000000 0.0031329 0.0252851 0.0000000 0.0000000 0.0000000 0.0000000
 77 A  77 0.4693175 0.0000000 0.0000000 0.0000000 0.0067026 0.0000000 0.0000000 0.0000000 0.0000000 0.0971088 0.0250991 0.0055243 0.0230398 0.0000000 0.0000000 0.0000000 0.0598579 0.0000000 0.0000000 0.3133501
 78 G  78 0.0000000 0.0000000 0.0000000 0.0000000 0.0000000 0.0000000 0.0000000 0.2918712 0.0000000 0.0000000 0.0000000 0.0000000 0.0000000 0.0000000 0.0000000 0.7081288 0.0000000 0.0000000 0.0000000 0.0000000
 79 I  79 0.0541234 0.0000000 0.0000000 0.0000000 0.0000000 0.0000000 0.0000000 0.0000000 0.0000000 0.3617241 0.0874567 0.0000000 0.0067026 0.0000000 0.0176526 0.0754936 0.3169745 0.0000000 0.0000000 0.0798726
 80 A  80 0.7628749 0.0000000 0.0000000 0.0000000 0.0944139 0.0000000 0.0000000 0.0067026 0.0000000 0.0000000 0.0000000 0.0000000 0.0000000 0.0000000 0.0000000 0.0000000 0.1360086 0.0000000 0.0000000 0.0000000
 81 T  81 0.0000000 0.0000000 0.0058028 0.0000000 0.0000000 0.0135944 0.0000000 0.0000000 0.0000000 0.0213055 0.0000000 0.0822546 0.0000000 0.0000000 0.0000000 0.0076113 0.8694315 0.0000000 0.0000000 0.0000000
 82 I  82 0.0000000 0.0000000 0.0000000 0.0000000 0.0000000 0.0000000 0.0000000 0.0000000 0.0000000 0.8552270 0.0000000 0.0000000 0.0000000 0.0000000 0.0000000 0.0000000 0.0041644 0.0000000 0.0000000 0.1406086
 83 T  83 0.0135141 0.0000000 0.0000000 0.0000000 0.0055168 0.0000000 0.0000000 0.0503607 0.0000000 0.0000000 0.0000000 0.0000000 0.0000000 0.0055243 0.0000000 0.4090278 0.5004277 0.0000000 0.0000000 0.0156287
 84 R  84 0.0000000 1.0000000 0.0000000 0.0000000 0.0000000 0.0000000 0.0000000 0.0000000 0.0000000 0.0000000 0.0000000 0.0000000 0.0000000 0.0000000 0.0000000 0.0000000 0.0000000 0.0000000 0.0000000 0.0000000
 85 G  85 0.0058842 0.0000000 0.0000000 0.0000000 0.0507892 0.0000000 0.0000000 0.4531783 0.0000000 0.0454577 0.0000000 0.0000000 0.0000000 0.0000000 0.0000000 0.0000000 0.0029229 0.0000000 0.0000000 0.4417678
 86 S  86 0.1428151 0.0188097 0.1642195 0.0000000 0.0000000 0.0000000 0.0000000 0.0000000 0.0000000 0.0000000 0.0000000 0.1669102 0.0000000 0.0000000 0.0000000 0.5072455 0.0000000 0.0000000 0.0000000 0.0000000
 87 N  87 0.0097112 0.4765100 0.3743850 0.0000000 0.0000000 0.0000000 0.0000000 0.0000000 0.0000000 0.0000000 0.0000000 0.1393938 0.0000000 0.0000000 0.0000000 0.0000000 0.0000000 0.0000000 0.0000000 0.0000000
 88 S  88 0.1288996 0.0000000 0.0226415 0.0000000 0.2038695 0.0000000 0.1273861 0.0076425 0.0000000 0.0294706 0.0057241 0.0000000 0.0408365 0.0568311 0.0000000 0.2652238 0.0372372 0.0000000 0.0565848 0.0176527
 89 L  89 0.0000000 0.0000000 0.0000000 0.0000000 0.0000000 0.0000000 0.0000000 0.0000000 0.0000000 0.0519134 0.9010549 0.0000000 0.0134167 0.0127586 0.0000000 0.0000000 0.0000000 0.0000000 0.0090169 0.0118395
 90 K  90 0.0121975 0.0145088 0.2317945 0.0121951 0.0000000 0.0648846 0.0317203 0.0105783 0.0182235 0.0051348 0.0044902 0.5493931 0.0000000 0.0020138 0.0000000 0.0257413 0.0114928 0.0000000 0.0034322 0.0021992
 91 A  91 0.0614206 0.0156154 0.0664257 0.0570314 0.0000000 0.0456732 0.0490939 0.0362635 0.0819611 0.0200927 0.0127553 0.0774499 0.0140638 0.0092693 0.0000000 0.1479289 0.0859032 0.0114095 0.2076426 0.0000000
 92 A  92 0.1883003 0.0246068 0.0105276 0.0147202 0.0172185 0.0272829 0.0607820 0.2895671 0.0275769 0.0202143 0.0505625 0.0662834 0.1173758 0.0097174 0.0098228 0.0151970 0.0067315 0.0000000 0.0367450 0.0067679
 93 P  93 0.1303968 0.0065421 0.1238958 0.1327473 0.0065333 0.0078173 0.0299163 0.0763634 0.0076032 0.0000000 0.0000000 0.0098690 0.0000000 0.0046401 0.2002813 0.2073243 0.0433841 0.0000000 0.0126856 0.0000000
 94 V  94 0.0941337 0.0000000 0.0253332 0.2437226 0.0000000 0.0145329 0.0780024 0.0960709 0.0322356 0.0132432 0.0108830 0.0139244 0.0000000 0.0000000 0.1833809 0.1380979 0.0160257 0.0058847 0.0035452 0.0309838
 95 E  95 0.1547199 0.0273105 0.0239645 0.1259600 0.0000000 0.0831156 0.1584027 0.2685673 0.0075419 0.0144948 0.0000000 0.0352149 0.0000000 0.0000000 0.0173835 0.0190449 0.0205911 0.0000000 0.0138389 0.0298494
 96 L  96 0.0137430 0.0000000 0.0000000 0.0142357 0.0083354 0.0261789 0.0953848 0.0992067 0.0121322 0.0168723 0.1798611 0.0000000 0.0000000 0.1372247 0.0000000 0.0056077 0.0287598 0.0000000 0.3016333 0.0608245
 97 R  97 0.0358703 0.2650202 0.0053252 0.0141635 0.0000000 0.0210192 0.0168006 0.0000000 0.0000000 0.0180990 0.0309359 0.4269100 0.0202917 0.0063319 0.0000000 0.0000000 0.0228222 0.0054608 0.0995265 0.0114231
 98 Q  98 0.1414867 0.1138352 0.0523436 0.0595030 0.0000000 0.1254630 0.1096964 0.0029013 0.0110556 0.0290012 0.0998387 0.1083648 0.0430321 0.0058814 0.0000000 0.0400461 0.0261735 0.0000000 0.0000000 0.0313775
 99 W  99 0.1121457 0.0087682 0.0068930 0.0000000 0.0000000 0.0128961 0.0054950 0.0000000 0.0000000 0.1558150 0.1445078 0.0366626 0.0353059 0.0403680 0.0000000 0.0031644 0.0272410 0.2774881 0.0000000 0.1332492
100 L 100 0.0091605 0.0000000 0.0000000 0.0000000 0.0000000 0.0000000 0.0000000 0.0000000 0.0000000 0.1323365 0.6883675 0.0000000 0.0220623 0.0379729 0.0000000 0.0000000 0.0000000 0.0000000 0.0000000 0.1101003
101 E 101 0.0553096 0.0458252 0.0318706 0.1077045 0.0000000 0.0596986 0.3341254 0.0162086 0.0000000 0.0178737 0.0958686 0.1126271 0.0070466 0.0104548 0.0026994 0.0750854 0.0121720 0.0000000 0.0000000 0.0154298
102 E 102 0.1299471 0.2683008 0.0269065 0.0996521 0.0000000 0.0989878 0.1080021 0.0147048 0.0232932 0.0054389 0.0154430 0.1102452 0.0054495 0.0116557 0.0000000 0.0341182 0.0391165 0.0000000 0.0000000 0.0087384
103 V 103 0.0193376 0.1312656 0.0403600 0.0000000 0.0000000 0.2157178 0.0142330 0.0112932 0.0274351 0.0120877 0.3835250 0.0577182 0.0146965 0.0058997 0.0000000 0.0067227 0.0041842 0.0000000 0.0237448 0.0317789
104 L 104 0.0037806 0.0129550 0.0086921 0.0052362 0.0000000 0.0394155 0.0197485 0.0081279 0.0000000 0.1405182 0.6760509 0.0143383 0.0158749 0.0066028 0.0000000 0.0098705 0.0063516 0.0000000 0.0030726 0.0293645
105 L 105 0.0369669 0.0089785 0.0242483 0.0403196 0.0000000 0.0052768 0.1027286 0.0251124 0.0000000 0.0817751 0.3614420 0.2194654 0.0196424 0.0069420 0.0000000 0.0277559 0.0136847 0.0000000 0.0000000 0.0256616
106 K 106 0.0995773 0.0791470 0.0393149 0.0106698 0.0000000 0.1100325 0.0671772 0.0258010 0.0555472 0.0000000 0.0115571 0.3243716 0.0000000 0.0000000 0.1035154 0.0124968 0.0457223 0.0000000 0.0000000 0.0150698
107 S 107 0.0866082 0.0000000 0.1738059 0.0125514 0.0000000 0.0915772 0.0429927 0.0192385 0.0593454 0.0000000 0.0000000 0.2733506 0.0000000 0.0098749 0.0426368 0.1046128 0.0533289 0.0000000 0.0000000 0.0300769
108 D 108 0.0000000 0.0000000 0.3545816 0.4041342 0.0000000 0.0000000 0.2412842 0.0000000 0.0000000 0.0000000 0.0000000 0.0000000 0.0000000 0.0000000 0.0000000 0.0000000 0.0000000 0.0000000 0.0000000 0.0000000
