  108         A         R         N         D         C         Q         E         G         H         I         L         K         M         F         P         S         T         W         Y         V         X    
  1 M   1 0.0000000 0.0000000 0.0000000 0.0000000 0.0000000 0.0000000 0.0000000 0.0000000 0.0000000 0.0000000 0.0000000 0.0000000 0.2143515 0.0000000 0.0000000 0.0000000 0.0000000 0.0000000 0.0000000 0.0000000 0.7856485
  2 A   2 0.0094871 0.0000000 0.0314657 0.0000000 0.0000000 0.0000000 0.0000000 0.0000000 0.0000000 0.0058411 0.0000000 0.0391396 0.0000000 0.0000000 0.0000000 0.0072475 0.1268017 0.0000000 0.0046971 0.0000000 0.7753204
  3 Q   3 0.0156881 0.0082680 0.0091858 0.0076718 0.0000000 0.1130352 0.0029612 0.0047817 0.0000000 0.0041975 0.0040249 0.0112090 0.0000000 0.0000000 0.0207357 0.0109324 0.0058796 0.0000000 0.0000000 0.0037000 0.7777291
  4 Q   4 0.0000000 0.0384220 0.0326067 0.0038351 0.0000000 0.0113634 0.0077146 0.0000000 0.0547955 0.0045380 0.0122342 0.0231953 0.0000000 0.0000000 0.0185355 0.0076818 0.0051317 0.0000000 0.0138928 0.0000000 0.7660535
  5 S   5 0.0031363 0.0121352 0.0105619 0.0048739 0.0000000 0.0036583 0.0080732 0.0000000 0.0128274 0.0000000 0.0030426 0.0041975 0.0000000 0.0048969 0.0337052 0.1247327 0.0096191 0.0000000 0.0066612 0.0000000 0.7578787
  6 P   6 0.0351462 0.0046993 0.0000000 0.0059547 0.0000000 0.0036583 0.0000000 0.0096556 0.0032306 0.0029317 0.0542194 0.0000000 0.0102425 0.0048969 0.0595846 0.0203941 0.0167440 0.0000000 0.0000000 0.0264131 0.7422291
  7 Y   7 0.0024554 0.0043884 0.0248571 0.0046993 0.0000000 0.0026173 0.0080732 0.0095709 0.0105424 0.0195248 0.0080432 0.0097104 0.0040146 0.0000000 0.0107823 0.0216555 0.0221395 0.0027469 0.0610836 0.0134070 0.7596881
  8 S   8 0.0000000 0.0048567 0.0031278 0.0889341 0.0000000 0.0000000 0.0000000 0.0148578 0.0030102 0.0040987 0.0059547 0.0080732 0.0000000 0.0000000 0.0239278 0.0777251 0.0289481 0.0000000 0.0000000 0.0000000 0.7364858
  9 A   9 0.0299713 0.0000000 0.0000000 0.0000000 0.0000000 0.0000000 0.0269300 0.0051317 0.0000000 0.0000000 0.0000000 0.0084029 0.0047817 0.0000000 0.1344884 0.0661177 0.0236077 0.0000000 0.0000000 0.0026026 0.6979659
 10 A  10 0.1630979 0.0066667 0.0147442 0.0038153 0.0052022 0.0135776 0.0264152 0.0088987 0.0049196 0.0043884 0.0047686 0.0072265 0.0272571 0.0000000 0.0000000 0.0032202 0.0238083 0.0000000 0.0000000 0.0124390 0.6695547
 11 M  11 0.0178308 0.0000000 0.0000000 0.0059547 0.0000000 0.0169459 0.0118341 0.0051317 0.0000000 0.0411610 0.0889967 0.0131961 0.0404311 0.0068841 0.0189817 0.0298763 0.0356775 0.0000000 0.0000000 0.0145916 0.6525067
 12 A  12 0.0918624 0.0000000 0.0057195 0.0442615 0.0000000 0.0280362 0.0239910 0.0044387 0.0000000 0.0036413 0.0000000 0.0282529 0.0000000 0.0073316 0.0062514 0.0868985 0.0319829 0.0000000 0.0000000 0.0137167 0.6236155
 13 E  13 0.0236857 0.0247399 0.0154757 0.0033203 0.0000000 0.0743380 0.1366079 0.0000000 0.0059547 0.0000000 0.0000000 0.0231681 0.0000000 0.0000000 0.0608110 0.0104694 0.0358888 0.0000000 0.0000000 0.0000000 0.5855405
 14 Q  14 0.0366366 0.0491619 0.0045406 0.0293206 0.0000000 0.0994900 0.0460233 0.0000000 0.0000000 0.0091561 0.0340594 0.0000000 0.0027511 0.0000000 0.0856155 0.0313111 0.0000000 0.0000000 0.0000000 0.0080732 0.5638605
 15 R  15 0.0300803 0.0837374 0.0295356 0.0888042 0.0000000 0.0213927 0.0850666 0.0183544 0.0038419 0.0080732 0.0082595 0.0305575 0.0029397 0.0049196 0.0074190 0.0307394 0.0072331 0.0000000 0.0069192 0.0290685 0.5030583
 16 H  16 0.0190164 0.0132407 0.1624051 0.0792866 0.0000000 0.0120666 0.0720499 0.0030946 0.0157278 0.0145577 0.0101725 0.0000000 0.0000000 0.0176645 0.0183918 0.0217728 0.0143266 0.0000000 0.0473400 0.0040146 0.4748720
 17 Q  17 0.0856590 0.0047528 0.0157000 0.0924611 0.0000000 0.1218294 0.1219408 0.0000000 0.0000000 0.0000000 0.0000000 0.0853755 0.0035616 0.0000000 0.0134060 0.0416897 0.0381163 0.0000000 0.0000000 0.0133606 0.3621472
 18 E  18 0.0322668 0.0104900 0.0643654 0.1423062 0.0000000 0.0496509 0.1869584 0.0405991 0.0599433 0.0000000 0.0000000 0.0000000 0.0000000 0.0000000 0.0000000 0.0272447 0.0164069 0.0000000 0.0065111 0.0000000 0.3632573
 19 W  19 0.0070421 0.0000000 0.0000000 0.0000000 0.0000000 0.0069997 0.0000000 0.0033072 0.0000000 0.0253938 0.1029767 0.0000000 0.0088909 0.0165741 0.0000000 0.0000000 0.0191002 0.3589348 0.0518881 0.0401535 0.3587389
 20 L  20 0.0073770 0.0387947 0.0395815 0.2622861 0.0000000 0.1867291 0.0404323 0.0150332 0.0122947 0.0000000 0.1135330 0.0650825 0.0056864 0.0000000 0.0000000 0.0211048 0.0128221 0.0000000 0.0022626 0.0031865 0.1737935
 21 R  21 0.0956445 0.1622836 0.0194343 0.0500095 0.0135068 0.2107850 0.1118569 0.0101319 0.0090484 0.0000000 0.0430955 0.0151040 0.0149559 0.0052520 0.0000000 0.0610635 0.0162935 0.0000000 0.0145012 0.0090328 0.1380006
 22 F  22 0.0000000 0.0000000 0.0000000 0.0000000 0.0000000 0.0000000 0.0000000 0.0000000 0.0000000 0.0386127 0.5135648 0.0000000 0.0042544 0.2956364 0.0000000 0.0000000 0.0000000 0.0000000 0.0056864 0.0803398 0.0619054
 23 V  23 0.0639292 0.0000000 0.0000000 0.0000000 0.0629033 0.0000000 0.0000000 0.0000000 0.0041704 0.0785943 0.1575439 0.0074500 0.0264370 0.2333442 0.0000000 0.0195899 0.0057974 0.0000000 0.0340764 0.2464697 0.0596941
 24 D  24 0.0724733 0.0956441 0.0394191 0.1963225 0.0050597 0.0524013 0.2941816 0.0104787 0.0177827 0.0000000 0.0013487 0.0740830 0.0052184 0.0000000 0.0000000 0.0145160 0.0540570 0.0000000 0.0000000 0.0059547 0.0610593
 25 L  25 0.3483845 0.0025640 0.0000000 0.0000000 0.0056864 0.0000000 0.0000000 0.0212283 0.0318260 0.0490049 0.3285453 0.0312763 0.0138193 0.0163575 0.0000000 0.0178149 0.0245828 0.0000000 0.0064957 0.0458897 0.0565244
 26 L  26 0.0046358 0.0000000 0.0000000 0.0000000 0.0219592 0.0000000 0.0000000 0.0000000 0.0000000 0.3026116 0.4129361 0.0000000 0.0278420 0.0533445 0.0000000 0.0000000 0.0029745 0.0000000 0.0000000 0.1159904 0.0577061
 27 K  27 0.0897627 0.1034812 0.0000000 0.0074102 0.0133264 0.1282775 0.0082836 0.0124479 0.0125807 0.0000000 0.3694490 0.0646208 0.0153539 0.0000000 0.0000000 0.0697151 0.0132499 0.0000000 0.0042544 0.0278062 0.0599805
 28 N  28 0.0558714 0.0182488 0.0430206 0.0131459 0.0258162 0.2139910 0.0432543 0.0096299 0.0213480 0.0061189 0.0806196 0.0699553 0.0194163 0.0000000 0.0000000 0.1918619 0.1243675 0.0000000 0.0000000 0.0056285 0.0577061
 29 A  29 0.2698460 0.0000000 0.0047518 0.0000000 0.0104347 0.0060136 0.0047998 0.0052529 0.0278266 0.0531822 0.3997456 0.0000000 0.0183068 0.0057969 0.0052371 0.0604565 0.0404000 0.0000000 0.0000000 0.0302435 0.0577061
 30 Y  30 0.0253692 0.0236581 0.0353046 0.0663295 0.0089555 0.0623489 0.1415793 0.0366565 0.0049264 0.0182628 0.0000000 0.2022302 0.0107102 0.0987579 0.0067285 0.0597148 0.0410192 0.0000000 0.0671948 0.0359312 0.0543225
 31 Q  31 0.1365198 0.0064588 0.1377094 0.2656704 0.0037985 0.0339258 0.0908691 0.0253835 0.0000000 0.0048969 0.0034086 0.0105508 0.0000000 0.0000000 0.0000000 0.1004693 0.1331552 0.0000000 0.0000000 0.0000000 0.0471841
 32 N  32 0.0388882 0.0786208 0.0125768 0.0408104 0.0000000 0.0917427 0.1960181 0.0083640 0.0210869 0.0454568 0.0561503 0.0593887 0.0232218 0.0000000 0.1116300 0.0597290 0.0325943 0.0000000 0.0090636 0.0674736 0.0471841
 33 D  33 0.0164081 0.0000000 0.0597214 0.2723861 0.0000000 0.0580461 0.3976468 0.0840420 0.0045406 0.0000000 0.0000000 0.0401611 0.0000000 0.0047677 0.0000000 0.0070299 0.0069560 0.0000000 0.0000000 0.0059506 0.0423435
 34 L  34 0.0417348 0.0177209 0.0050263 0.0892322 0.0000000 0.0738780 0.4095864 0.0027052 0.0129239 0.0073583 0.1564934 0.0572934 0.0120147 0.0212731 0.0000000 0.0166287 0.0086286 0.0045380 0.0000000 0.0206205 0.0423435
 35 H  35 0.0819130 0.0000000 0.0000000 0.0145697 0.2849431 0.0456904 0.0327082 0.0023499 0.1474515 0.0942432 0.0961007 0.0000000 0.0606769 0.0124332 0.0000000 0.0050130 0.0100348 0.0000000 0.0071242 0.0646878 0.0400605
 36 L  36 0.0619755 0.0387876 0.0151951 0.0708167 0.0000000 0.0764854 0.0986775 0.0109811 0.0239887 0.0115743 0.1267165 0.0353699 0.0069315 0.0355037 0.0000000 0.0135505 0.0084693 0.0000000 0.3165597 0.0083565 0.0400605
 37 P  37 0.1343652 0.1272374 0.0255448 0.0852981 0.0026704 0.0560391 0.0849938 0.0018268 0.0013236 0.0115088 0.0424493 0.0382604 0.0564955 0.0000000 0.1725831 0.0492740 0.0461956 0.0000000 0.0000000 0.0271553 0.0367787
 38 L  38 0.0164968 0.0075810 0.0000000 0.0000000 0.0000000 0.0000000 0.0000000 0.0000000 0.0000000 0.0477697 0.3229830 0.0061821 0.0187292 0.5134759 0.0000000 0.0000000 0.0000000 0.0000000 0.0056864 0.0282666 0.0328294
 39 L  39 0.0000000 0.0000000 0.0000000 0.0000000 0.0130950 0.0000000 0.0000000 0.0000000 0.0000000 0.0072758 0.5076186 0.0000000 0.0211591 0.4122247 0.0000000 0.0000000 0.0000000 0.0000000 0.0000000 0.0057974 0.0328294
 40 N  40 0.0325619 0.0427504 0.0122061 0.1154344 0.0000000 0.1987053 0.2974460 0.0336365 0.0236729 0.0050597 0.0074152 0.0254516 0.0052529 0.0000000 0.0101196 0.0362073 0.1176043 0.0000000 0.0036463 0.0000000 0.0328294
 41 L  41 0.0292131 0.0000000 0.0000000 0.4742543 0.0352631 0.0024641 0.0335182 0.0031702 0.0000000 0.0000000 0.2822808 0.0000000 0.0631617 0.0130950 0.0000000 0.0201280 0.0000000 0.0000000 0.0000000 0.0106222 0.0328294
 42 M  42 0.0050928 0.0000000 0.0000000 0.0000000 0.0000000 0.0000000 0.0000000 0.0000000 0.0000000 0.1318121 0.5843078 0.0000000 0.1146527 0.0447505 0.0000000 0.0000000 0.0000000 0.0000000 0.0000000 0.0865547 0.0328294
 43 L  43 0.0521337 0.0000000 0.0000000 0.0000000 0.3811864 0.0000000 0.0000000 0.0000000 0.0000000 0.0000000 0.3940172 0.0000000 0.0616409 0.0648162 0.0000000 0.0028231 0.0105531 0.0000000 0.0000000 0.0000000 0.0328294
 44 T  44 0.0000000 0.0000000 0.0000000 0.0000000 0.0000000 0.0000000 0.0000000 0.0000000 0.0000000 0.0000000 0.0000000 0.0000000 0.0000000 0.0000000 0.0000000 0.0363874 0.9307832 0.0000000 0.0000000 0.0000000 0.0328294
 45 P  45 0.0453566 0.0098538 0.0000000 0.0118291 0.0000000 0.0048277 0.0417700 0.0000000 0.0090156 0.1512631 0.0078597 0.0231132 0.0189926 0.0107444 0.4413801 0.0117794 0.0097723 0.0000000 0.0138380 0.1557750 0.0328294
 46 D  46 0.1503458 0.0407671 0.1451847 0.3096185 0.0000000 0.0100409 0.0592414 0.0697603 0.0041647 0.0039494 0.0000000 0.0698851 0.0000000 0.0000000 0.0136278 0.0751746 0.0096134 0.0000000 0.0000000 0.0057969 0.0328294
 47 E  47 0.0000000 0.0000000 0.0000000 0.0057969 0.0000000 0.0000000 0.9613738 0.0000000 0.0000000 0.0000000 0.0000000 0.0000000 0.0000000 0.0000000 0.0000000 0.0000000 0.0000000 0.0000000 0.0000000 0.0000000 0.0328294
 48 R  48 0.0062891 0.3538663 0.0000000 0.0000000 0.0000000 0.0239005 0.0000000 0.0000000 0.0000000 0.2039503 0.2658017 0.0273588 0.0216531 0.0000000 0.0000000 0.0000000 0.0086358 0.0000000 0.0129747 0.0427403 0.0328294
 49 E  49 0.0353100 0.0584054 0.0299151 0.0701360 0.0150043 0.1036804 0.2466894 0.0086192 0.0104170 0.0017445 0.0507022 0.1842416 0.0067976 0.0097845 0.0000000 0.0639102 0.0659066 0.0000000 0.0000000 0.0059063 0.0328294
 50 A  50 0.5142938 0.0040313 0.0000000 0.1077072 0.0000000 0.0182972 0.0767478 0.0036463 0.0000000 0.0000000 0.0000000 0.0031852 0.0047998 0.0000000 0.0000000 0.1990852 0.0228546 0.0000000 0.0000000 0.0125223 0.0328294
 51 L  51 0.0000000 0.0000000 0.0000000 0.0000000 0.0000000 0.0000000 0.0000000 0.0000000 0.0000000 0.1579921 0.4867991 0.0000000 0.1899978 0.0786542 0.0000000 0.0000000 0.0126146 0.0000000 0.0000000 0.0520728 0.0218693
 52 G  52 0.3904147 0.0000000 0.0142199 0.0000000 0.0065146 0.0133932 0.0244731 0.1929326 0.0000000 0.0336597 0.0179937 0.0126884 0.0027924 0.0042303 0.0000000 0.1955582 0.0254364 0.0000000 0.0000000 0.0438234 0.0218693
 53 T  53 0.0899729 0.0047677 0.0464343 0.0571900 0.0000000 0.3572611 0.0370132 0.0426888 0.0054631 0.0000000 0.0801407 0.0455922 0.0039756 0.0000000 0.0000000 0.0249841 0.1801707 0.0000000 0.0000000 0.0024764 0.0218693
 54 R  54 0.0000000 0.9781307 0.0000000 0.0000000 0.0000000 0.0000000 0.0000000 0.0000000 0.0000000 0.0000000 0.0000000 0.0000000 0.0000000 0.0000000 0.0000000 0.0000000 0.0000000 0.0000000 0.0000000 0.0000000 0.0218693
 55 V  55 0.0025964 0.0000000 0.0000000 0.0000000 0.0000000 0.0000000 0.0000000 0.0000000 0.0000000 0.0410952 0.4073849 0.0000000 0.0076233 0.0792918 0.0000000 0.0000000 0.0071612 0.1616334 0.0393061 0.2320384 0.0218693
 56 R  56 0.0444973 0.2591836 0.0873842 0.0095638 0.0035544 0.1617818 0.2283454 0.0000000 0.0265117 0.0000000 0.0619596 0.0628769 0.0065343 0.0000000 0.0000000 0.0152925 0.0029399 0.0000000 0.0019801 0.0035413 0.0240533
 57 I  57 0.0112657 0.0000000 0.0000000 0.0000000 0.0000000 0.0000000 0.0000000 0.0000000 0.0000000 0.3625115 0.0779918 0.0000000 0.0343622 0.0000000 0.0000000 0.0000000 0.0000000 0.0000000 0.0000000 0.4716018 0.0422670
 58 V  58 0.3912913 0.0000000 0.0000000 0.0000000 0.0392001 0.0000000 0.0000000 0.0000000 0.0000000 0.1292268 0.0357655 0.0000000 0.0143861 0.0986842 0.0000000 0.0017265 0.0130950 0.0000000 0.0149393 0.2368760 0.0248093
 59 E  59 0.0412291 0.2063340 0.0211919 0.0070443 0.0140103 0.1383030 0.0955588 0.0044387 0.0323198 0.0000000 0.0032756 0.2562398 0.0052286 0.0011558 0.0487241 0.0190357 0.0094035 0.0022113 0.0011398 0.0100183 0.0831377
 60 E  60 0.0733426 0.0135520 0.0000000 0.0258654 0.0000000 0.0357474 0.2626326 0.0079299 0.0050229 0.0021773 0.1401552 0.0075369 0.2464612 0.0082680 0.0000000 0.0072976 0.0200843 0.0000000 0.0099447 0.0026001 0.1313820
 61 L  61 0.0000000 0.0000000 0.0000000 0.0000000 0.0000000 0.0000000 0.0000000 0.0000000 0.0000000 0.0117808 0.9118707 0.0000000 0.0201170 0.0000000 0.0000000 0.0000000 0.0000000 0.0000000 0.0000000 0.0000000 0.0562315
 62 L  62 0.0234409 0.0449510 0.0028630 0.0892349 0.0000000 0.0125543 0.0189873 0.0052478 0.0247876 0.0286168 0.3857182 0.0110728 0.1094892 0.0089709 0.0000000 0.0177999 0.0162591 0.0000000 0.0310294 0.0237260 0.1452509
 63 R  63 0.0641430 0.2246334 0.0668673 0.0996503 0.0000000 0.0699960 0.1537385 0.0034371 0.0166874 0.0000000 0.0148795 0.1966800 0.0000000 0.0000000 0.0000000 0.0189392 0.0044497 0.0000000 0.0000000 0.0037957 0.0621031
 64 G  64 0.0204470 0.0047941 0.0252140 0.0109923 0.0023823 0.0529057 0.0946246 0.5980973 0.0029077 0.0120879 0.0025849 0.0980453 0.0021733 0.0000000 0.0000000 0.0042473 0.0060123 0.0000000 0.0000000 0.0000000 0.0624841
 65 E  65 0.0325782 0.0342350 0.0800818 0.0722148 0.0024807 0.0486346 0.2545073 0.1108174 0.0327897 0.0000000 0.0000000 0.1021811 0.0000000 0.0000000 0.0000000 0.0205186 0.0291667 0.0000000 0.0025563 0.0000000 0.1772379
 66 M  66 0.0064481 0.0288847 0.0149897 0.0030710 0.0079219 0.0052371 0.0000000 0.0000000 0.0093459 0.0540738 0.1334554 0.1447451 0.2122490 0.0145635 0.0000000 0.0099119 0.0100432 0.0019833 0.0380713 0.0975481 0.2074569
 67 S  67 0.0031564 0.0000000 0.0000000 0.0000000 0.0000000 0.0000000 0.0000000 0.0017624 0.0000000 0.0071581 0.0000000 0.0039686 0.0000000 0.0000000 0.1816563 0.3749861 0.3382142 0.0000000 0.0048338 0.0061333 0.0781310
 68 Q  68 0.0000000 0.0000000 0.0000000 0.0000000 0.0000000 0.4794412 0.0000000 0.0000000 0.0105106 0.0000000 0.0000000 0.0000000 0.0000000 0.0134096 0.0000000 0.0000000 0.0000000 0.0000000 0.4622764 0.0000000 0.0343622
 69 R  69 0.0167843 0.5584632 0.0541943 0.0381395 0.0000000 0.0066849 0.0267773 0.0107711 0.0308478 0.0195988 0.0465804 0.0023982 0.0066681 0.0000000 0.0188505 0.0377122 0.0443224 0.0000000 0.0266691 0.0201757 0.0343622
 70 E  70 0.0359208 0.0072902 0.0000000 0.1076949 0.0000000 0.1685707 0.4977507 0.0097560 0.0100570 0.0000000 0.0000000 0.0670320 0.0000000 0.0022656 0.0000000 0.0187194 0.0232398 0.0000000 0.0000000 0.0125068 0.0391960
 71 L  71 0.0000000 0.0000000 0.0000000 0.0000000 0.0000000 0.0000000 0.0000000 0.0000000 0.0000000 0.7671643 0.1424649 0.0000000 0.0071365 0.0000000 0.0000000 0.0000000 0.0000000 0.0000000 0.0000000 0.0488721 0.0343622
 72 K  72 0.3235554 0.0034843 0.0074957 0.0000000 0.0014998 0.0685739 0.1181427 0.0000000 0.0625993 0.0050028 0.0071581 0.1439127 0.0102967 0.0000000 0.0000000 0.1324018 0.0052226 0.0000000 0.0028817 0.0734103 0.0343622
 73 N  73 0.1183085 0.0233770 0.1252356 0.0401176 0.0027404 0.1545710 0.2341109 0.0085091 0.0067980 0.0035979 0.0026576 0.1584105 0.0000000 0.0000000 0.0000000 0.0591121 0.0280918 0.0000000 0.0000000 0.0000000 0.0343622
 74 E  74 0.0519946 0.0700070 0.0507695 0.0363619 0.0020418 0.1039609 0.2987827 0.0000000 0.0147636 0.0169423 0.0661980 0.1260381 0.0529528 0.0000000 0.0000000 0.0360085 0.0243628 0.0000000 0.0000000 0.0144531 0.0343622
 75 L  75 0.0106317 0.0000000 0.0000000 0.0000000 0.0000000 0.0000000 0.0000000 0.0000000 0.0165272 0.0165317 0.3739553 0.0000000 0.0000000 0.0260167 0.0000000 0.0073054 0.4437800 0.0000000 0.0555238 0.0153660 0.0343622
 76 G  76 0.0082680 0.0028477 0.0842354 0.0000000 0.0000000 0.0461223 0.0247623 0.7443575 0.0114708 0.0000000 0.0000000 0.0178053 0.0000000 0.0000000 0.0028635 0.0229050 0.0000000 0.0000000 0.0000000 0.0000000 0.0343622
 77 A  77 0.4665034 0.0000000 0.0000000 0.0000000 0.0058565 0.0000000 0.0000000 0.0000000 0.0000000 0.0912029 0.0231191 0.0050028 0.0211791 0.0000000 0.0000000 0.0000000 0.0550891 0.0000000 0.0000000 0.2976850 0.0343622
 78 G  78 0.0000000 0.0000000 0.0000000 0.0000000 0.0000000 0.0000000 0.0000000 0.2649370 0.0000000 0.0000000 0.0000000 0.0000000 0.0000000 0.0000000 0.0000000 0.7007008 0.0000000 0.0000000 0.0000000 0.0000000 0.0343622
 79 I  79 0.0501596 0.0000000 0.0000000 0.0000000 0.0000000 0.0000000 0.0000000 0.0000000 0.0000000 0.3385445 0.0991119 0.0000000 0.0058565 0.0000000 0.0161714 0.0727747 0.3076217 0.0000000 0.0000000 0.0753976 0.0343622
 80 A  80 0.7252990 0.0000000 0.0000000 0.0000000 0.1064101 0.0000000 0.0000000 0.0058565 0.0000000 0.0000000 0.0000000 0.0000000 0.0000000 0.0000000 0.0000000 0.0000000 0.1280722 0.0000000 0.0000000 0.0000000 0.0343622
 81 T  81 0.0000000 0.0000000 0.0052184 0.0000000 0.0000000 0.0125791 0.0000000 0.0000000 0.0000000 0.0199965 0.0000000 0.0756273 0.0000000 0.0000000 0.0000000 0.0266691 0.8255474 0.0000000 0.0000000 0.0000000 0.0343622
 82 I  82 0.0000000 0.0000000 0.0000000 0.0000000 0.0000000 0.0000000 0.0000000 0.0000000 0.0000000 0.8284028 0.0000000 0.0000000 0.0000000 0.0000000 0.0000000 0.0000000 0.0040106 0.0000000 0.0000000 0.1332244 0.0343622
 83 T  83 0.0126146 0.0000000 0.0000000 0.0000000 0.0050597 0.0000000 0.0000000 0.0484309 0.0000000 0.0000000 0.0000000 0.0000000 0.0000000 0.0050028 0.0000000 0.3945428 0.4857091 0.0000000 0.0000000 0.0142780 0.0343622
 84 R  84 0.0000000 0.9656378 0.0000000 0.0000000 0.0000000 0.0000000 0.0000000 0.0000000 0.0000000 0.0000000 0.0000000 0.0000000 0.0000000 0.0000000 0.0000000 0.0000000 0.0000000 0.0000000 0.0000000 0.0000000 0.0343622
 85 G  85 0.0052371 0.0000000 0.0000000 0.0000000 0.0469353 0.0000000 0.0000000 0.4329457 0.0000000 0.0435897 0.0000000 0.0000000 0.0000000 0.0000000 0.0000000 0.0000000 0.0027092 0.0000000 0.0000000 0.4342208 0.0343622
 86 S  86 0.1626388 0.0175790 0.1637782 0.0000000 0.0000000 0.0000000 0.0000000 0.0000000 0.0000000 0.0000000 0.0000000 0.1583591 0.0000000 0.0000000 0.0000000 0.4632827 0.0000000 0.0000000 0.0000000 0.0000000 0.0343622
 87 N  87 0.0086616 0.4862083 0.3397927 0.0000000 0.0000000 0.0000000 0.0000000 0.0000000 0.0000000 0.0000000 0.0000000 0.1309753 0.0000000 0.0000000 0.0000000 0.0000000 0.0000000 0.0000000 0.0000000 0.0000000 0.0343622
 88 S  88 0.1207211 0.0000000 0.0201763 0.0000000 0.1953420 0.0000000 0.1355073 0.0067668 0.0000000 0.0269041 0.0052529 0.0000000 0.0375450 0.0630900 0.0000000 0.2456012 0.0333121 0.0000000 0.0522365 0.0168081 0.0407366
 89 L  89 0.0000000 0.0000000 0.0000000 0.0000000 0.0000000 0.0000000 0.0000000 0.0000000 0.0000000 0.0481928 0.8657564 0.0000000 0.0122627 0.0114532 0.0000000 0.0000000 0.0000000 0.0000000 0.0083667 0.0106859 0.0432823
 90 K  90 0.0099744 0.0120224 0.2042337 0.0100149 0.0000000 0.0524621 0.0272823 0.0089711 0.0152647 0.0041975 0.0037900 0.4689030 0.0000000 0.0109601 0.0000000 0.0216353 0.0095271 0.0000000 0.0028231 0.0018470 0.1360913
 91 A  91 0.0474352 0.0124340 0.0531856 0.0467020 0.0000000 0.0363686 0.0387022 0.0284909 0.0758413 0.0162810 0.0100461 0.0810562 0.0111333 0.0073643 0.0000000 0.1144316 0.0674277 0.0073054 0.1699373 0.0000000 0.1758573
 92 A  92 0.1404507 0.0187439 0.0084653 0.0117908 0.0130950 0.0407792 0.0565158 0.2292768 0.0215344 0.0156752 0.0390770 0.0509203 0.0902365 0.0075349 0.0075929 0.0115864 0.0052022 0.0000000 0.0286546 0.0052369 0.1976313
 93 P  93 0.1041276 0.0050028 0.1070086 0.1238425 0.0050597 0.0061369 0.0235069 0.0597552 0.0060077 0.0000000 0.0000000 0.0078917 0.0000000 0.0036463 0.1518155 0.1610277 0.0349110 0.0000000 0.0099447 0.0000000 0.1903151
 94 V  94 0.0700505 0.0000000 0.0282181 0.1847449 0.0000000 0.0109814 0.0587382 0.0739881 0.0241769 0.0097903 0.0080769 0.0103370 0.0000000 0.0000000 0.1357903 0.1239227 0.0118554 0.0044387 0.0032414 0.0221528 0.2194964
 95 E  95 0.1416255 0.0199791 0.0181699 0.0952621 0.0000000 0.0617364 0.1159913 0.2064017 0.0055265 0.0107968 0.0000000 0.0258204 0.0000000 0.0000000 0.0126587 0.0141227 0.0151393 0.0000000 0.0103548 0.0228869 0.2235279
 96 L  96 0.0103098 0.0000000 0.0000000 0.0103371 0.0061901 0.0195284 0.0698564 0.0851695 0.0090636 0.0124046 0.1494544 0.0000000 0.0000000 0.1013020 0.0000000 0.0041647 0.0213525 0.0000000 0.2275657 0.0440642 0.2292371
 97 R  97 0.0469993 0.1962621 0.0041379 0.0105660 0.0000000 0.0155609 0.0126333 0.0000000 0.0000000 0.0135293 0.0229592 0.3130314 0.0149779 0.0046358 0.0000000 0.0000000 0.0153855 0.0040313 0.0851695 0.0084325 0.2316883
 98 Q  98 0.1037027 0.0833008 0.0396089 0.0435479 0.0000000 0.0905388 0.0800705 0.0021733 0.0078710 0.0217694 0.0739674 0.0905196 0.0324285 0.0048338 0.0000000 0.0288476 0.0194718 0.0000000 0.0000000 0.0429908 0.2343572
 99 W  99 0.0828227 0.0064864 0.0051184 0.0000000 0.0000000 0.0094768 0.0039844 0.0000000 0.0000000 0.1350561 0.1069198 0.0271244 0.0259863 0.0295536 0.0000000 0.0023402 0.0205444 0.1997366 0.0000000 0.1022016 0.2426484
100 L 100 0.0066468 0.0000000 0.0000000 0.0000000 0.0000000 0.0000000 0.0000000 0.0000000 0.0000000 0.0998726 0.5045598 0.0000000 0.0161296 0.0276996 0.0000000 0.0000000 0.0000000 0.0000000 0.0000000 0.1024432 0.2426484
101 E 101 0.0391055 0.0322776 0.0228380 0.0956271 0.0000000 0.0431510 0.2359993 0.0114222 0.0000000 0.0125268 0.0690464 0.0798211 0.0050299 0.0090193 0.0032817 0.0528594 0.0083731 0.0000000 0.0000000 0.0109395 0.2686820
102 E 102 0.0905591 0.1895478 0.0188673 0.0711507 0.0000000 0.0681639 0.0759578 0.0102902 0.0162217 0.0038062 0.0108573 0.0983441 0.0051989 0.0080732 0.0000000 0.0236848 0.0272113 0.0000000 0.0000000 0.0059552 0.2761105
103 V 103 0.0121320 0.0861830 0.0258053 0.0000000 0.0000000 0.1356419 0.0088387 0.0072953 0.0172997 0.0076956 0.2477242 0.0367919 0.0094241 0.0037786 0.0000000 0.0041779 0.0025380 0.0000000 0.0348471 0.0195872 0.3402395
104 L 104 0.0019214 0.0065053 0.0026689 0.0026704 0.0000000 0.0198314 0.0101432 0.0041919 0.0000000 0.0704194 0.3569803 0.0070937 0.0082586 0.0032756 0.0000000 0.0048567 0.0032248 0.0000000 0.0015902 0.0153655 0.4810028
105 L 105 0.0158734 0.0037386 0.0105520 0.0174224 0.0000000 0.0023078 0.0444961 0.0107232 0.0000000 0.0334586 0.1521493 0.0972313 0.0280984 0.0029745 0.0000000 0.0118978 0.0057958 0.0000000 0.0000000 0.0111401 0.5521408
106 K 106 0.0342988 0.0270589 0.0331306 0.0037211 0.0000000 0.0378029 0.0232456 0.0087300 0.0189728 0.0000000 0.0040977 0.1125947 0.0000000 0.0000000 0.0355932 0.0042006 0.0155970 0.0000000 0.0000000 0.0052529 0.6357032
107 S 107 0.0220211 0.0000000 0.0644748 0.0032680 0.0000000 0.0238261 0.0109451 0.0048814 0.0153090 0.0000000 0.0000000 0.0724911 0.0000000 0.0025721 0.0107997 0.0266793 0.0121218 0.0000000 0.0000000 0.0076460 0.7229644
108 D 108 0.0000000 0.0000000 0.0529950 0.0607203 0.0000000 0.0000000 0.0360652 0.0000000 0.0000000 0.0000000 0.0000000 0.0000000 0.0000000 0.0000000 0.0000000 0.0000000 0.0000000 0.0000000 0.0000000 0.0000000 0.8502195
