  251         A         R         N         D         C         Q         E         G         H         I         L         K         M         F         P         S         T         W         Y         V         X    
  1 G   1 0.0195693 0.0000000 0.0000000 0.0000000 0.0000000 0.0000000 0.0000000 0.0384307 0.0000000 0.0000000 0.0000000 0.0000000 0.0000000 0.0000000 0.0000000 0.0000000 0.0000000 0.0000000 0.0000000 0.0000000 0.9420001
  2 P   2 0.0107221 0.0035694 0.0000000 0.0008892 0.0000000 0.0032239 0.0000000 0.0063797 0.0008146 0.0013193 0.0000000 0.0014298 0.0000000 0.0000000 0.0420242 0.0068260 0.0026097 0.0000000 0.0000000 0.0000000 0.9201920
  3 L   3 0.0114038 0.0034244 0.0034690 0.0038090 0.0000000 0.0060904 0.0021537 0.0027390 0.0000000 0.0011491 0.0073343 0.0031799 0.1062318 0.0000000 0.0272242 0.0078559 0.0064552 0.0000000 0.0012917 0.0000000 0.8061887
  4 G   4 0.0703855 0.0090839 0.0203376 0.0101555 0.0038863 0.0042625 0.0063227 0.0419972 0.0000000 0.0011491 0.0000000 0.0054385 0.0041837 0.0000000 0.0558947 0.0662549 0.0076318 0.0000000 0.0048124 0.0014840 0.6867197
  5 S   5 0.0225705 0.0056258 0.0382836 0.0654071 0.0008716 0.0208237 0.0728872 0.0347934 0.0059200 0.0027104 0.0000000 0.0201501 0.0000000 0.0000000 0.0107883 0.1312644 0.0349891 0.0000000 0.0013293 0.0016704 0.5299150
  6 D   6 0.0037302 0.0135901 0.0109359 0.0108568 0.0000000 0.0170266 0.0205874 0.0133878 0.0047312 0.0029633 0.0011904 0.0678638 0.0000000 0.0101674 0.0254329 0.0231352 0.0018089 0.0000000 0.3750526 0.0049456 0.3925939
  7 M   7 0.0350595 0.0010906 0.0258189 0.3795761 0.0000000 0.0185211 0.0091068 0.0029314 0.0076916 0.0174248 0.0537286 0.0093386 0.1398452 0.0000000 0.0122430 0.0333270 0.0134461 0.0000000 0.0000000 0.0020045 0.2388462
  8 T   8 0.0171943 0.1491070 0.0059347 0.0031225 0.0130410 0.0089246 0.0048091 0.0009376 0.0399321 0.0030283 0.0182979 0.0176335 0.0122924 0.0290816 0.0087015 0.0056150 0.0491256 0.0000000 0.3928473 0.0094146 0.2109593
  9 E   9 0.0013451 0.0053485 0.0069756 0.0678848 0.0000000 0.0245169 0.1209600 0.0000000 0.0016293 0.0190766 0.4777594 0.0029790 0.0066019 0.0000000 0.0000000 0.0042504 0.0176119 0.0000000 0.0017996 0.0489546 0.1923063
 10 Y  10 0.0000000 0.0016758 0.0000000 0.0000000 0.0008991 0.0000000 0.0000000 0.0000000 0.0291581 0.0296408 0.0364206 0.0000000 0.0066893 0.4807675 0.0000000 0.0000000 0.0000000 0.0016159 0.2334638 0.0057889 0.1738802
 11 K  11 0.0016758 0.0093196 0.0000000 0.0000000 0.0010511 0.0025066 0.0000000 0.0000000 0.0191170 0.0000000 0.0000000 0.8062448 0.0000000 0.0010710 0.0000000 0.0000000 0.0000000 0.0000000 0.0000000 0.0000000 0.1590140
 12 L  12 0.0027538 0.0000000 0.0000000 0.0000000 0.0000000 0.0000000 0.0000000 0.0000000 0.0000000 0.1649281 0.4132874 0.0000000 0.0050967 0.0075478 0.0000000 0.0000000 0.0012692 0.0000000 0.0691585 0.1884728 0.1474856
 13 V  13 0.0054301 0.0000000 0.0000000 0.0000000 0.0088453 0.0000000 0.0000000 0.0000000 0.0000000 0.1107746 0.2578856 0.0000000 0.0108537 0.0000000 0.0000000 0.0018726 0.0046171 0.0000000 0.0000000 0.4556244 0.1440966
 14 V  14 0.0000000 0.0000000 0.0000000 0.0000000 0.0025475 0.0000000 0.0000000 0.0000000 0.0000000 0.1376299 0.4493218 0.0000000 0.0559287 0.0000000 0.0000000 0.0000000 0.0000000 0.0000000 0.0000000 0.2110565 0.1435156
 15 V  15 0.0000000 0.0000000 0.0000000 0.0000000 0.0000000 0.0000000 0.0000000 0.0000000 0.0000000 0.5317154 0.2127937 0.0000000 0.0099283 0.0034785 0.0000000 0.0000000 0.0053652 0.0000000 0.0000000 0.0932034 0.1435156
 16 G  16 0.0000000 0.0000000 0.0000000 0.0000000 0.0000000 0.0000000 0.0000000 0.8553808 0.0000000 0.0000000 0.0000000 0.0000000 0.0000000 0.0000000 0.0000000 0.0000000 0.0000000 0.0000000 0.0000000 0.0000000 0.1446192
 17 A  17 0.0899758 0.0000000 0.0146978 0.5931496 0.0046171 0.0031273 0.0376097 0.0188357 0.0000000 0.0000000 0.0000000 0.0000000 0.0000000 0.0000000 0.0054400 0.0817005 0.0057150 0.0000000 0.0000000 0.0016159 0.1435156
 18 G  18 0.0057955 0.0013099 0.0000000 0.0000000 0.0011037 0.0020121 0.0000000 0.2653164 0.0000000 0.0000000 0.0016159 0.0000000 0.0062851 0.0000000 0.0021196 0.5139942 0.0602904 0.0000000 0.0000000 0.0000000 0.1401572
 19 G  19 0.0756621 0.0000000 0.0084312 0.0000000 0.0024186 0.0000000 0.0000000 0.7536167 0.0000000 0.0000000 0.0000000 0.0000000 0.0000000 0.0000000 0.0000000 0.0162558 0.0039580 0.0000000 0.0000000 0.0000000 0.1396577
 20 V  20 0.0019216 0.0000000 0.0000000 0.0000000 0.0000000 0.0000000 0.0000000 0.0030864 0.0000000 0.0025066 0.0008508 0.0000000 0.0016086 0.0026553 0.0046171 0.0000000 0.0035062 0.0000000 0.0000000 0.8395896 0.1396577
 21 G  21 0.0000000 0.0000000 0.0000000 0.0000000 0.0000000 0.0000000 0.0000000 0.8603423 0.0000000 0.0000000 0.0000000 0.0000000 0.0000000 0.0000000 0.0000000 0.0000000 0.0000000 0.0000000 0.0000000 0.0000000 0.1396577
 22 K  22 0.0000000 0.0000000 0.0000000 0.0000000 0.0000000 0.0000000 0.0000000 0.0000000 0.0000000 0.0000000 0.0000000 0.9898121 0.0000000 0.0000000 0.0000000 0.0046171 0.0000000 0.0000000 0.0000000 0.0000000 0.0055708
 23 S  23 0.0000000 0.0000000 0.0000000 0.0000000 0.0000000 0.0000000 0.0000000 0.0000000 0.0000000 0.0000000 0.0000000 0.0000000 0.0000000 0.0000000 0.0000000 0.8650551 0.1293740 0.0000000 0.0000000 0.0000000 0.0055708
 24 A  24 0.3049171 0.0000000 0.1935893 0.0000000 0.3696688 0.0220376 0.0000000 0.0000000 0.0000000 0.0000000 0.0000000 0.0000000 0.0000000 0.0000000 0.0000000 0.1011563 0.0030600 0.0000000 0.0000000 0.0000000 0.0055708
 25 L  25 0.0010373 0.0000000 0.0000000 0.0000000 0.0092931 0.0000000 0.0000000 0.0000000 0.0000000 0.0665566 0.8466091 0.0000000 0.0204447 0.0055384 0.0000000 0.0000000 0.0000000 0.0000000 0.0000000 0.0449500 0.0055708
 26 T  26 0.0000000 0.0022945 0.0000000 0.0000000 0.0020685 0.0016382 0.0000000 0.0000000 0.0000000 0.0110285 0.5546522 0.0000000 0.0026152 0.0000000 0.0000000 0.0000000 0.3979366 0.0000000 0.0000000 0.0221954 0.0055708
 27 I  27 0.0421210 0.0063568 0.0049204 0.0000000 0.0000000 0.0000000 0.0000000 0.0011861 0.0127798 0.2295462 0.3321392 0.0000000 0.0226398 0.0381946 0.0000000 0.1757755 0.0066060 0.0000000 0.0024702 0.1252643 0.0000000
 28 Q  28 0.0000000 0.5169913 0.0000000 0.0000000 0.0000000 0.4732458 0.0000000 0.0000000 0.0000000 0.0000000 0.0000000 0.0047182 0.0000000 0.0000000 0.0000000 0.0050447 0.0000000 0.0000000 0.0000000 0.0000000 0.0000000
 29 L  29 0.0000000 0.0000000 0.0000000 0.0055708 0.0000000 0.0000000 0.0000000 0.0000000 0.0000000 0.0000000 0.1664741 0.0000000 0.0000000 0.7879261 0.0000000 0.0000000 0.0000000 0.0000000 0.0400289 0.0000000 0.0000000
 30 I  30 0.1503148 0.0016830 0.0000000 0.0000000 0.0506677 0.0000000 0.0000000 0.0000000 0.0000000 0.1934216 0.0000000 0.0091707 0.0264930 0.0060972 0.0000000 0.0981688 0.2726704 0.0000000 0.0000000 0.1913129 0.0000000
 31 Q  31 0.0071449 0.1856155 0.0090142 0.2678529 0.0000000 0.2970371 0.0878969 0.0000000 0.0090169 0.0000000 0.0235311 0.0281425 0.0016939 0.0000000 0.0000000 0.0350027 0.0215584 0.0000000 0.0264930 0.0000000 0.0000000
 32 N  32 0.0023078 0.0016810 0.3211182 0.2760923 0.0007949 0.0147051 0.0115541 0.1457619 0.0329870 0.0000000 0.0013397 0.0754018 0.0000000 0.0000000 0.0000000 0.1162561 0.0000000 0.0000000 0.0000000 0.0000000 0.0000000
 33 H  33 0.0583787 0.0845742 0.0094812 0.0036715 0.0000000 0.0439629 0.2308402 0.0000000 0.1827363 0.0625570 0.0076426 0.0360692 0.0036235 0.0000000 0.0000000 0.0893782 0.1072062 0.0000000 0.0164037 0.0634746 0.0000000
 34 F  34 0.0000000 0.0000000 0.0000000 0.0000000 0.0000000 0.0000000 0.0000000 0.0000000 0.0017342 0.0000000 0.0000000 0.0000000 0.0000000 0.8321448 0.0000000 0.0000000 0.0000000 0.0239943 0.1387173 0.0000000 0.0034094
 35 V  35 0.0063711 0.0158473 0.1919542 0.0256563 0.0160848 0.0496173 0.0047554 0.0000000 0.0176984 0.0543923 0.0845495 0.0057548 0.0103801 0.0030601 0.0126582 0.0752944 0.1239607 0.0000000 0.0075504 0.2896807 0.0047341
 36 D  36 0.0246316 0.0025629 0.0184450 0.2412502 0.0000000 0.0153496 0.2748141 0.0151915 0.0076343 0.0086592 0.1668975 0.0048047 0.0067049 0.0017551 0.1180545 0.0306974 0.0529593 0.0000000 0.0048411 0.0047472 0.0000000
 37 E  37 0.0000000 0.0065549 0.0401645 0.1265390 0.0019110 0.0027224 0.3237871 0.0038236 0.0102294 0.0045182 0.0047554 0.0599202 0.0017717 0.0052503 0.0000000 0.1847708 0.1308802 0.0000000 0.0504307 0.0419708 0.0000000
 38 Y  38 0.0000000 0.0000000 0.0000000 0.0000000 0.0082972 0.0260908 0.0000000 0.0000000 0.1050609 0.0019448 0.0136771 0.0000000 0.0024707 0.1186648 0.0000000 0.1986497 0.0159001 0.0000000 0.5092438 0.0000000 0.0000000
 39 D  39 0.0112114 0.0102837 0.0011401 0.4454996 0.0000000 0.0076016 0.0436227 0.0023988 0.0000000 0.2360377 0.0129540 0.2000400 0.0033452 0.0000000 0.0095914 0.0092363 0.0000000 0.0000000 0.0038442 0.0031931 0.0000000
 40 P  40 0.0660986 0.0000000 0.0038442 0.0000000 0.0000000 0.0000000 0.0000000 0.0000000 0.0082972 0.0000000 0.0583390 0.0000000 0.0000000 0.0013311 0.4282714 0.3364404 0.0914305 0.0000000 0.0000000 0.0059475 0.0000000
 41 T  41 0.0000000 0.0000000 0.0000000 0.0000000 0.0000000 0.0000000 0.0000000 0.0000000 0.0000000 0.0000000 0.0000000 0.0000000 0.0000000 0.0000000 0.0000000 0.0000000 1.0000000 0.0000000 0.0000000 0.0000000 0.0000000
 42 I  42 0.0000000 0.0026651 0.0000000 0.0000000 0.0000000 0.0000000 0.0000000 0.0000000 0.0000000 0.9399237 0.0042817 0.0264930 0.0023883 0.0000000 0.0000000 0.0000000 0.0000000 0.0000000 0.0000000 0.0242482 0.0000000
 43 E  43 0.0264930 0.0000000 0.0000000 0.0000000 0.0000000 0.0000000 0.3774436 0.5960635 0.0000000 0.0000000 0.0000000 0.0000000 0.0000000 0.0000000 0.0000000 0.0000000 0.0000000 0.0000000 0.0000000 0.0000000 0.0000000
 44 D  44 0.0171451 0.0000000 0.0106373 0.3914918 0.0000000 0.0000000 0.0000000 0.0018075 0.0000000 0.1284020 0.0000000 0.0000000 0.0024707 0.0000000 0.0000000 0.0000000 0.0000000 0.0000000 0.0000000 0.4480456 0.0000000
 45 S  45 0.0396743 0.0000000 0.0022861 0.2990234 0.0000000 0.0035905 0.2776089 0.0031053 0.0000000 0.0000000 0.0000000 0.0000000 0.0000000 0.0027015 0.0000000 0.3705121 0.0000000 0.0000000 0.0000000 0.0014980 0.0000000
 46 Y  46 0.0000000 0.0000000 0.0000000 0.0000000 0.0000000 0.0000000 0.0000000 0.0000000 0.0000000 0.0000000 0.0000000 0.0000000 0.0000000 0.5890650 0.0000000 0.0000000 0.0000000 0.0000000 0.4109350 0.0000000 0.0000000
 47 R  47 0.0038489 0.3756092 0.0000000 0.0000000 0.0040138 0.0336187 0.0000000 0.0608091 0.0022861 0.0045806 0.0046171 0.2734343 0.0023988 0.0039580 0.0010815 0.0129222 0.2144659 0.0000000 0.0000000 0.0000000 0.0023559
 48 K  48 0.0000000 0.4045425 0.0010427 0.0000000 0.0000000 0.0357680 0.0000000 0.0000000 0.0021196 0.0051579 0.0018075 0.5140710 0.0026369 0.0022861 0.0000000 0.0000000 0.0282120 0.0000000 0.0000000 0.0000000 0.0023559
 49 Q  49 0.0065742 0.0114119 0.0181571 0.0029036 0.0000000 0.2987446 0.0063163 0.0011510 0.0180216 0.0116630 0.0209674 0.0377801 0.0462729 0.0013293 0.0055981 0.1275269 0.3534470 0.0000000 0.0000000 0.0212336 0.0109014
 50 V  50 0.0260250 0.0000000 0.0000000 0.0000000 0.0877521 0.0000000 0.0000000 0.0000000 0.0000000 0.3932392 0.0937800 0.0000000 0.0329369 0.0055590 0.0000000 0.0000000 0.0146508 0.0000000 0.0011345 0.3340210 0.0109014
 51 V  51 0.0125997 0.0212886 0.0631245 0.0667524 0.0110912 0.0706671 0.3435416 0.0010029 0.0047158 0.0214079 0.0145793 0.0256862 0.0107692 0.0000000 0.0050904 0.0271038 0.0875109 0.0000000 0.0007780 0.2013893 0.0109014
 52 I  52 0.0046117 0.0000000 0.0000000 0.0000000 0.0000000 0.0133409 0.0000000 0.0000000 0.0000000 0.4404091 0.2008743 0.0038184 0.0092309 0.0047049 0.0000000 0.0060951 0.0084920 0.0000000 0.0025371 0.2992109 0.0066748
 53 D  53 0.0084051 0.0052234 0.0449785 0.7396790 0.0000000 0.0176849 0.0904995 0.0251141 0.0015543 0.0022861 0.0026903 0.0135506 0.0000000 0.0000000 0.0000000 0.0036063 0.0000000 0.0000000 0.0000000 0.0000000 0.0447280
 54 G  54 0.0136320 0.0034602 0.1177243 0.1159788 0.0082005 0.0136082 0.0320711 0.5864641 0.0170642 0.0000000 0.0000000 0.0145610 0.0000000 0.0000000 0.0000000 0.0213611 0.0111465 0.0000000 0.0000000 0.0000000 0.0447280
 55 E  55 0.0125511 0.0559723 0.0269767 0.0070261 0.0000000 0.0938724 0.1907743 0.0007425 0.0070814 0.0011952 0.0021500 0.5076431 0.0046992 0.0008343 0.0000000 0.0088147 0.0203886 0.0000000 0.0013617 0.0131884 0.0447280
 56 T  56 0.0344722 0.0836175 0.0176427 0.0041153 0.0019107 0.1023669 0.0460112 0.0022764 0.0032382 0.0233949 0.0267892 0.1008944 0.0037564 0.0000000 0.0528841 0.0465206 0.2467269 0.0052849 0.0013928 0.1519766 0.0447280
 57 C  57 0.0823951 0.0000000 0.0000000 0.0000000 0.1562655 0.0000000 0.0000000 0.0080558 0.0000000 0.3195389 0.0137719 0.0000000 0.0024615 0.0438752 0.0000000 0.0338476 0.0106130 0.0000000 0.0113903 0.2730570 0.0447280
 58 L  58 0.0016704 0.0024399 0.0079616 0.0470331 0.0000000 0.0287029 0.0008394 0.0000000 0.0019274 0.0624201 0.1378354 0.5548839 0.0803398 0.0025264 0.0000000 0.0029734 0.0094464 0.0000000 0.0042555 0.0100162 0.0447280
 59 L  59 0.1632866 0.0000000 0.0000000 0.0000000 0.0000000 0.0000000 0.0000000 0.0025371 0.0000000 0.0286755 0.7274024 0.0000000 0.0092895 0.0146980 0.0000000 0.0038083 0.0026385 0.0000000 0.0016726 0.0012634 0.0447280
 60 D  60 0.0203562 0.0016726 0.0000000 0.2560416 0.0000000 0.5022925 0.1556754 0.0000000 0.0015097 0.0000000 0.0000000 0.0000000 0.0000000 0.0000000 0.0000000 0.0011079 0.0108572 0.0000000 0.0000000 0.0000000 0.0504870
 61 I  61 0.0000000 0.0008392 0.0000000 0.0000000 0.0032535 0.0000000 0.0000000 0.0000000 0.0000000 0.8441096 0.0118869 0.0000000 0.0000000 0.0016726 0.0000000 0.0000000 0.0026553 0.0000000 0.0000000 0.0866283 0.0489546
 62 L  62 0.0000000 0.0000000 0.0000000 0.0000000 0.0000000 0.0000000 0.0000000 0.0000000 0.0000000 0.0000000 0.3856885 0.0000000 0.0029036 0.0000000 0.0000000 0.0000000 0.0034785 0.5580102 0.0033204 0.0000000 0.0465987
 63 D  63 0.0000000 0.0000000 0.0000000 0.9534013 0.0000000 0.0000000 0.0000000 0.0000000 0.0000000 0.0000000 0.0000000 0.0000000 0.0000000 0.0000000 0.0000000 0.0000000 0.0000000 0.0000000 0.0000000 0.0000000 0.0465987
 64 T  64 0.0040396 0.0000000 0.0000000 0.0000000 0.0000000 0.0000000 0.0000000 0.0000000 0.0000000 0.0000000 0.0000000 0.0000000 0.0000000 0.0000000 0.0000000 0.0000000 0.9535882 0.0000000 0.0000000 0.0000000 0.0423722
 65 A  65 0.9496111 0.0000000 0.0000000 0.0000000 0.0000000 0.0000000 0.0000000 0.0000000 0.0000000 0.0000000 0.0000000 0.0000000 0.0000000 0.0042265 0.0000000 0.0023111 0.0014792 0.0000000 0.0000000 0.0000000 0.0423722
 66 G  66 0.0000000 0.0000000 0.0000000 0.0000000 0.0000000 0.0000000 0.0000000 0.9534013 0.0000000 0.0000000 0.0000000 0.0000000 0.0000000 0.0000000 0.0000000 0.0042265 0.0000000 0.0000000 0.0000000 0.0000000 0.0423722
 67 Q  67 0.0000000 0.0000000 0.0000000 0.0000000 0.0000000 0.8421131 0.0000000 0.0000000 0.0010069 0.0092033 0.0055348 0.0000000 0.0000000 0.0000000 0.0000000 0.0000000 0.0643827 0.0000000 0.0000000 0.0397060 0.0380532
 68 E  68 0.0643427 0.0000000 0.0000000 0.0226290 0.0000000 0.0000000 0.8652574 0.0000000 0.0000000 0.0018459 0.0000000 0.0000000 0.0000000 0.0000000 0.0000000 0.0000000 0.0000000 0.0000000 0.0000000 0.0078718 0.0380532
 69 E  69 0.0032192 0.4868475 0.0000000 0.0393426 0.0000000 0.1226332 0.2406241 0.0013831 0.0000000 0.0000000 0.0000000 0.0054645 0.0000000 0.0000000 0.0000000 0.0593274 0.0031053 0.0000000 0.0000000 0.0000000 0.0380532
 70 Y  70 0.0000000 0.0000000 0.0000000 0.0000000 0.0000000 0.0000000 0.0000000 0.0000000 0.0000000 0.0000000 0.0107179 0.0000000 0.0000000 0.5756547 0.0000000 0.0000000 0.0000000 0.0000000 0.3755741 0.0000000 0.0380532
 71 S  71 0.0283178 0.5061459 0.0000000 0.0000000 0.0000000 0.0031806 0.0000000 0.0093670 0.0318474 0.0037168 0.0000000 0.0182997 0.0000000 0.0000000 0.0000000 0.1839931 0.1723301 0.0000000 0.0000000 0.0033653 0.0394363
 72 A  72 0.5650173 0.0000000 0.0000000 0.0000000 0.0000000 0.0023883 0.0000000 0.0000000 0.0000000 0.0000000 0.0000000 0.0000000 0.0000000 0.0000000 0.0000000 0.1155802 0.2738242 0.0000000 0.0000000 0.0000000 0.0431899
 73 M  73 0.0000000 0.0000000 0.0000000 0.0000000 0.0000000 0.0000000 0.0000000 0.0000000 0.0000000 0.4706495 0.0754068 0.0000000 0.3357088 0.0000000 0.0000000 0.0000000 0.0029036 0.0000000 0.0000000 0.0721414 0.0431899
 74 R  74 0.0151800 0.3922008 0.0000000 0.0000000 0.0000000 0.0044795 0.0000000 0.0000000 0.0000000 0.0000000 0.0000000 0.0036464 0.0000000 0.0000000 0.0000000 0.0025371 0.5385215 0.0000000 0.0000000 0.0017717 0.0416631
 75 D  75 0.0097067 0.0813790 0.0040454 0.2080086 0.0016882 0.0088443 0.1888396 0.0023111 0.0108537 0.0000000 0.0000000 0.0029270 0.0008114 0.0000000 0.0321197 0.2959247 0.1108776 0.0000000 0.0000000 0.0000000 0.0416631
 76 Q  76 0.2764991 0.0019107 0.0321009 0.0000000 0.0000000 0.2433308 0.0011903 0.0037457 0.0022078 0.0014980 0.1159455 0.0000000 0.0169435 0.0000000 0.0000000 0.2405534 0.0224112 0.0000000 0.0000000 0.0000000 0.0416631
 77 Y  77 0.0000000 0.0000000 0.0000000 0.0000000 0.0000000 0.0000000 0.0000000 0.0000000 0.0000000 0.0000000 0.0000000 0.0000000 0.0000000 0.0050160 0.0000000 0.0000000 0.0000000 0.0387285 0.9145924 0.0000000 0.0416631
 78 M  78 0.0000000 0.0000000 0.0000000 0.0000000 0.0000000 0.0000000 0.0000000 0.0000000 0.0000000 0.0921337 0.0000000 0.0000000 0.2777413 0.0232138 0.0000000 0.0000000 0.0000000 0.0000000 0.5599803 0.0052678 0.0416631
 79 R  79 0.0000000 0.8257866 0.0000000 0.0000000 0.0000000 0.0000000 0.0000000 0.0000000 0.0062579 0.0000000 0.0000000 0.1262924 0.0000000 0.0000000 0.0000000 0.0000000 0.0000000 0.0000000 0.0000000 0.0000000 0.0416631
 80 T  80 0.0167144 0.0046171 0.0733193 0.0327097 0.0097177 0.0120629 0.0101577 0.5357703 0.0000000 0.0000000 0.0029036 0.0013451 0.0000000 0.0000000 0.0000000 0.0977299 0.1612892 0.0000000 0.0000000 0.0000000 0.0416631
 81 G  81 0.5140766 0.0020167 0.0000000 0.0000000 0.0107179 0.0000000 0.0040396 0.3891925 0.0000000 0.0000000 0.0000000 0.0000000 0.0000000 0.0000000 0.0000000 0.0228802 0.0129548 0.0000000 0.0000000 0.0024585 0.0416631
 82 E  82 0.0659002 0.0062303 0.0115462 0.0165582 0.0038663 0.1357578 0.2539256 0.0000000 0.1193972 0.0054954 0.0138041 0.0120786 0.1520002 0.0053314 0.0000000 0.0054078 0.0026618 0.0000000 0.0000000 0.1519856 0.0380532
 83 G  83 0.0342417 0.0000000 0.0000000 0.0000000 0.0000000 0.0000000 0.0000000 0.9250498 0.0000000 0.0000000 0.0000000 0.0000000 0.0000000 0.0000000 0.0000000 0.0000000 0.0000000 0.0000000 0.0000000 0.0026553 0.0380532
 84 F  84 0.2667718 0.0000000 0.0000000 0.0000000 0.0000000 0.0000000 0.0000000 0.0027104 0.0000000 0.2387825 0.0145824 0.0000000 0.0000000 0.3999077 0.0000000 0.0000000 0.0020167 0.0000000 0.0040288 0.0331464 0.0380532
 85 L  85 0.0249348 0.0000000 0.0000000 0.0000000 0.0028886 0.0000000 0.0000000 0.0000000 0.0000000 0.2299712 0.5517173 0.0000000 0.0726199 0.0000000 0.0000000 0.0000000 0.0000000 0.0000000 0.0000000 0.0798150 0.0380532
 86 C  86 0.0000000 0.0000000 0.0000000 0.0000000 0.0649426 0.0000000 0.0000000 0.0000000 0.0000000 0.1105244 0.6574369 0.0008388 0.0293198 0.0020147 0.0000000 0.0000000 0.0033144 0.0000000 0.0000000 0.0935552 0.0380532
 87 V  87 0.0025690 0.0000000 0.0000000 0.0000000 0.0291866 0.0000000 0.0000000 0.0000000 0.0000000 0.0194508 0.0161509 0.0000000 0.0042401 0.0018288 0.0000000 0.0000000 0.0101461 0.0000000 0.0000000 0.8783744 0.0380532
 88 F  88 0.0000000 0.0000000 0.0000000 0.0000000 0.0000000 0.0000000 0.0000000 0.0000000 0.0000000 0.0000000 0.0000000 0.0000000 0.0000000 0.1156286 0.0000000 0.0000000 0.0000000 0.0000000 0.8463182 0.0000000 0.0380532
 89 A  89 0.0573424 0.0000000 0.0046092 0.5528165 0.0000000 0.0000000 0.0027123 0.0016209 0.0000000 0.0000000 0.0000000 0.0000000 0.0000000 0.0000000 0.0000000 0.3412864 0.0015591 0.0000000 0.0000000 0.0000000 0.0380532
 90 I  90 0.0008828 0.0000000 0.0000000 0.0000000 0.0092246 0.0000000 0.0000000 0.0000000 0.0000000 0.5468556 0.0071493 0.0000000 0.0048211 0.0000000 0.0000000 0.0013812 0.0071485 0.0000000 0.0000000 0.3844838 0.0380532
 91 N  91 0.0413162 0.0000000 0.0706939 0.0100769 0.0096250 0.0015010 0.0000000 0.0020291 0.0000000 0.0098853 0.0015998 0.0000000 0.0000000 0.0000000 0.0000000 0.0724125 0.7428069 0.0000000 0.0000000 0.0000000 0.0380532
 92 N  92 0.0410881 0.1311941 0.1182301 0.2641117 0.0035328 0.0081057 0.0349750 0.0007960 0.0000000 0.0000000 0.0033919 0.1262534 0.0000000 0.0000000 0.0000000 0.2218993 0.0040396 0.0000000 0.0033204 0.0010088 0.0380532
 93 T  93 0.0255132 0.4214615 0.0023043 0.0157361 0.0000000 0.1409492 0.0851825 0.0142616 0.0633751 0.0019419 0.0170314 0.0520291 0.0337602 0.0013397 0.0169550 0.0213588 0.0366115 0.0015403 0.0045841 0.0060114 0.0380532
 94 K  94 0.0374339 0.0491132 0.0537797 0.0966857 0.0000000 0.1138427 0.1722933 0.0119262 0.0187326 0.0094455 0.0277361 0.1105333 0.0017994 0.0000000 0.0095665 0.1700233 0.0556237 0.0000000 0.0000000 0.0234118 0.0380532
 95 S  95 0.0000000 0.0015324 0.0000000 0.0040396 0.0000000 0.0000000 0.0000000 0.0000000 0.0000000 0.0000000 0.0000000 0.0000000 0.0000000 0.0000000 0.0000000 0.6466734 0.3097013 0.0000000 0.0000000 0.0000000 0.0380532
 96 F  96 0.0000000 0.0000000 0.0000000 0.0000000 0.0040396 0.0000000 0.0000000 0.0000000 0.0000000 0.0000000 0.0877438 0.0000000 0.0012036 0.7893367 0.0000000 0.0000000 0.0000000 0.0000000 0.0796231 0.0000000 0.0380532
 97 E  97 0.0349610 0.0173771 0.2199544 0.1760352 0.0000000 0.0534468 0.3223020 0.0060220 0.0097789 0.0025550 0.0151587 0.0218778 0.0034940 0.0000000 0.0000000 0.0195987 0.0447353 0.0013225 0.0010393 0.0122882 0.0380532
 98 D  98 0.0259154 0.0367326 0.3654170 0.1041396 0.0023988 0.0154616 0.2411245 0.0075819 0.1092683 0.0000000 0.0000000 0.0141257 0.0000000 0.0000000 0.0000000 0.0380356 0.0017459 0.0000000 0.0000000 0.0000000 0.0380532
 99 I  99 0.0488835 0.0000000 0.0000000 0.0000000 0.0081718 0.0000000 0.0000000 0.0000000 0.0000000 0.2740216 0.3052993 0.0000000 0.0106168 0.0000000 0.0000000 0.0013491 0.0271562 0.0000000 0.0000000 0.2864486 0.0380532
100 H 100 0.0767571 0.0745714 0.0443608 0.0250439 0.0000000 0.1341220 0.0941600 0.0240511 0.0337010 0.0086015 0.0373847 0.1565611 0.0647919 0.0009053 0.0214989 0.0879212 0.0654676 0.0000000 0.0028298 0.0092175 0.0380532
101 Q 101 0.0290100 0.1834502 0.0854068 0.0733577 0.0015173 0.1028972 0.1097987 0.0110490 0.0140192 0.0059105 0.0121534 0.0801042 0.0077148 0.0052176 0.0051507 0.0819378 0.1411621 0.0000000 0.0058741 0.0062154 0.0380532
102 Y 102 0.0000000 0.0000000 0.0000000 0.0000000 0.0018459 0.0000000 0.0000000 0.0000000 0.0000000 0.0056190 0.1249370 0.0000000 0.0027015 0.1681794 0.0000000 0.0000000 0.0000000 0.5580102 0.0976225 0.0030312 0.0380532
103 R 103 0.0061029 0.2092419 0.0000000 0.0000000 0.0000000 0.0148159 0.0000000 0.0000000 0.0637105 0.0418758 0.4075703 0.0358867 0.0407514 0.0292122 0.0000000 0.0000000 0.0000000 0.0039580 0.0887205 0.0201004 0.0380532
104 E 104 0.0166885 0.0873766 0.0596845 0.0456365 0.0010879 0.1478331 0.3219502 0.0044595 0.0242060 0.0038309 0.0045357 0.1596760 0.0023401 0.0000000 0.0000000 0.0428279 0.0362036 0.0000000 0.0000000 0.0036098 0.0380532
105 Q 105 0.0000000 0.0014116 0.0819097 0.0614069 0.0000000 0.3780655 0.3862260 0.0000000 0.0043678 0.0000000 0.0208510 0.0052185 0.0000000 0.0000000 0.0000000 0.0035857 0.0168662 0.0000000 0.0020380 0.0000000 0.0380532
106 I 106 0.0458800 0.0000000 0.0000000 0.0000000 0.0024015 0.0000000 0.0000000 0.0000000 0.0000000 0.5611876 0.2055934 0.0000000 0.0027470 0.0000000 0.0011005 0.0000000 0.0040903 0.0000000 0.0000000 0.1231541 0.0538456
107 K 107 0.0216974 0.1863112 0.0338746 0.1070046 0.0066234 0.0859036 0.1173829 0.0008860 0.0130585 0.0201925 0.2214583 0.0848538 0.0042079 0.0041658 0.0000000 0.0126850 0.0132379 0.0000000 0.0145537 0.0102767 0.0416262
108 R 108 0.0100049 0.5004489 0.0216825 0.1001356 0.0007483 0.1114108 0.0926442 0.0141205 0.0037919 0.0016920 0.0115241 0.0344521 0.0067982 0.0000000 0.0000000 0.0095111 0.0363428 0.0000000 0.0000000 0.0028254 0.0418668
109 V 109 0.0085742 0.0000000 0.0430460 0.0000000 0.0000000 0.0273198 0.0008882 0.0000000 0.2862995 0.0678147 0.0079662 0.0011401 0.0032535 0.0153479 0.0000000 0.0041310 0.0063821 0.0000000 0.1477537 0.3239095 0.0561736
110 K 110 0.4145853 0.0335133 0.0183567 0.0000000 0.0127280 0.0000000 0.0021189 0.0035189 0.0044805 0.0010456 0.0167800 0.3594442 0.0000000 0.0000000 0.0000000 0.0449980 0.0327841 0.0000000 0.0000000 0.0000000 0.0556466
111 D 111 0.0185525 0.0060038 0.0613945 0.4705679 0.0036808 0.0071780 0.0445806 0.0289272 0.0066127 0.0000000 0.0024995 0.0014334 0.0039580 0.0000000 0.0021189 0.0320003 0.0328709 0.0000000 0.0012373 0.0000000 0.2763837
112 S 112 0.0705474 0.0398809 0.1094956 0.0402639 0.0430415 0.0142798 0.0084924 0.0073433 0.0009031 0.0028285 0.0103776 0.0597192 0.0099580 0.0000000 0.0281230 0.3574447 0.1104276 0.0000000 0.0000000 0.0322094 0.0546640
113 D 113 0.0450011 0.0022836 0.0238233 0.3023543 0.0000000 0.0313814 0.2366098 0.0067102 0.0118482 0.0000000 0.0000000 0.0108079 0.0000000 0.0000000 0.0535825 0.0407064 0.0190451 0.0000000 0.0042555 0.0041791 0.2074117
114 D 114 0.0032166 0.0400525 0.3365682 0.1814540 0.0025371 0.0142074 0.0461766 0.0503774 0.0103321 0.0017809 0.0008890 0.0427933 0.0009786 0.0085708 0.0056201 0.0669170 0.0418775 0.0017260 0.0605787 0.0116869 0.0716592
115 V 115 0.0232530 0.0000000 0.0000000 0.0000000 0.0093612 0.0000000 0.0000000 0.0000000 0.0000000 0.2370035 0.0075376 0.0000000 0.0638401 0.0535242 0.0016175 0.0021189 0.0235432 0.0000000 0.0074552 0.5316527 0.0390927
116 P 116 0.0235936 0.0027694 0.1069530 0.0029360 0.0225466 0.0221175 0.0501113 0.0000000 0.0052690 0.0203795 0.0087919 0.0015624 0.0021960 0.0012092 0.4004019 0.0267027 0.0252812 0.0000000 0.0006481 0.2305462 0.0459844
117 M 117 0.0013397 0.0348586 0.0010669 0.0000000 0.0059526 0.0020989 0.0000000 0.0000000 0.0000000 0.2892176 0.0375005 0.2258098 0.1919206 0.0294521 0.0000000 0.0000000 0.0134855 0.0000000 0.0000000 0.1281533 0.0391438
118 V 118 0.0154134 0.0000000 0.0000000 0.0000000 0.0000000 0.0000000 0.0028978 0.0056652 0.0000000 0.1566455 0.1685370 0.0000000 0.2969983 0.0469926 0.0000000 0.0000000 0.0047791 0.0000000 0.0027405 0.2576496 0.0416809
119 L 119 0.0010289 0.0000000 0.0000000 0.0000000 0.0000000 0.0012555 0.0000000 0.0000000 0.0000000 0.0676287 0.7890790 0.0000000 0.0232629 0.0000000 0.0000000 0.0000000 0.0000000 0.0000000 0.0000000 0.0796918 0.0380532
120 V 120 0.0193283 0.0000000 0.0000000 0.0000000 0.0068663 0.0000000 0.0000000 0.0000000 0.0000000 0.1667867 0.0555499 0.0000000 0.0012138 0.0000000 0.0000000 0.0051260 0.0010533 0.0000000 0.0000000 0.7060224 0.0380532
121 G 121 0.0323582 0.0000000 0.0000000 0.0000000 0.0000000 0.0000000 0.0000000 0.9269736 0.0000000 0.0000000 0.0000000 0.0000000 0.0000000 0.0000000 0.0000000 0.0026150 0.0000000 0.0000000 0.0000000 0.0000000 0.0380532
122 N 122 0.0000000 0.0000000 0.9552483 0.0000000 0.0000000 0.0000000 0.0000000 0.0000000 0.0039580 0.0000000 0.0000000 0.0000000 0.0000000 0.0000000 0.0000000 0.0027405 0.0000000 0.0000000 0.0000000 0.0000000 0.0380532
123 K 123 0.0000000 0.0000000 0.0000000 0.0000000 0.0000000 0.0000000 0.0000000 0.0000000 0.0000000 0.0000000 0.0000000 0.9619468 0.0000000 0.0000000 0.0000000 0.0000000 0.0000000 0.0000000 0.0000000 0.0000000 0.0380532
124 C 124 0.1012980 0.0000000 0.0176232 0.0000000 0.4100596 0.0000000 0.0000000 0.0067717 0.0000000 0.0446517 0.0163740 0.0045377 0.0006630 0.0056162 0.0000000 0.2857842 0.0265112 0.0000000 0.0080907 0.0339656 0.0380532
125 D 125 0.0000000 0.0000000 0.0000000 0.9507531 0.0000000 0.0000000 0.0080884 0.0000000 0.0000000 0.0000000 0.0000000 0.0000000 0.0000000 0.0000000 0.0000000 0.0000000 0.0000000 0.0000000 0.0000000 0.0031053 0.0380532
126 L 126 0.0054810 0.0063524 0.0000000 0.0154620 0.0130035 0.0012998 0.0022660 0.0000000 0.0000000 0.0159484 0.7549611 0.0219904 0.0621921 0.0010163 0.0000000 0.0056077 0.0009352 0.0141128 0.0000000 0.0398663 0.0395051
127 A 127 0.0577527 0.0800144 0.0312766 0.1456037 0.0000000 0.0183633 0.4008836 0.0118015 0.0163202 0.0020682 0.0012692 0.0409801 0.0000000 0.0000000 0.0388262 0.0548971 0.0610122 0.0000000 0.0000000 0.0008779 0.0380532
128 A 128 0.0263108 0.0114111 0.0464932 0.0851277 0.0000000 0.0776143 0.3308611 0.0000000 0.1464125 0.0000000 0.0000000 0.1594305 0.0000000 0.0000000 0.0000000 0.0507010 0.0231495 0.0000000 0.0000000 0.0016188 0.0408696
129 R 129 0.0000000 0.8622962 0.0016794 0.0000000 0.0013812 0.0035629 0.0000000 0.0000000 0.0013099 0.0009931 0.0070929 0.0724807 0.0009725 0.0000000 0.0000000 0.0027405 0.0000000 0.0047486 0.0000000 0.0015934 0.0391486
130 T 130 0.2349778 0.0150319 0.0032603 0.0143302 0.0055466 0.2081666 0.1091331 0.0022787 0.0000000 0.0178753 0.0046291 0.0340985 0.0138239 0.0000000 0.0000000 0.0182384 0.0372033 0.0000000 0.0000000 0.2417304 0.0396758
131 V 131 0.0015531 0.0000000 0.0000000 0.0000000 0.0009842 0.0000000 0.0000000 0.0000000 0.0000000 0.0818519 0.0032439 0.0000000 0.0017841 0.0011362 0.0000000 0.0000000 0.0000000 0.0000000 0.0000000 0.8697706 0.0396758
132 E 132 0.0226611 0.0084330 0.0025922 0.0883040 0.0012337 0.0238210 0.0571070 0.0563194 0.0008540 0.0045799 0.0100184 0.0233368 0.0029368 0.0008832 0.1440169 0.4093039 0.1009353 0.0011952 0.0000000 0.0017926 0.0396758
133 S 133 0.0228613 0.0959318 0.0034514 0.0006886 0.0013428 0.0254300 0.0292655 0.0025558 0.0060133 0.0185441 0.0162510 0.1247557 0.0190613 0.0434226 0.0189083 0.0422977 0.2771032 0.0000000 0.1471933 0.0652464 0.0396758
134 R 134 0.0581982 0.0252829 0.0312806 0.1021961 0.0000000 0.0697993 0.5463111 0.0067351 0.0118461 0.0016704 0.0031580 0.0222047 0.0012447 0.0000000 0.0023618 0.0302000 0.0407004 0.0000000 0.0000000 0.0071348 0.0396758
135 Q 135 0.0131271 0.0602418 0.0018717 0.1329628 0.0000000 0.1316304 0.5014784 0.0000000 0.0020330 0.0016794 0.0043148 0.0193337 0.0070181 0.0000000 0.0000000 0.0084872 0.0570806 0.0000000 0.0000000 0.0190653 0.0396758
136 A 136 0.3478588 0.0000000 0.0000000 0.0018288 0.0067114 0.0000000 0.0000000 0.5935512 0.0000000 0.0016516 0.0000000 0.0000000 0.0000000 0.0000000 0.0000000 0.0036403 0.0000000 0.0000000 0.0000000 0.0050820 0.0396758
137 Q 137 0.0352259 0.0952430 0.0073618 0.0036236 0.0017179 0.2124463 0.1520143 0.0047661 0.0128992 0.0547937 0.0624073 0.2262768 0.0132316 0.0231805 0.0026651 0.0116106 0.0153661 0.0007098 0.0035024 0.0229049 0.0380532
138 D 138 0.2309930 0.0337470 0.0619418 0.0659221 0.0000000 0.1029228 0.2296220 0.0224989 0.0077304 0.0041694 0.0094398 0.0728576 0.0073441 0.0016391 0.0006783 0.0879533 0.0184332 0.0000000 0.0000000 0.0040541 0.0380532
139 L 139 0.0008070 0.0166192 0.0000000 0.0000000 0.0039458 0.0000000 0.0000000 0.0000000 0.0000000 0.0210736 0.4575948 0.0153519 0.0151643 0.3057301 0.0000000 0.0000000 0.0028518 0.0059658 0.0532773 0.0629522 0.0386661
140 A 140 0.8512306 0.0000000 0.0000000 0.0000000 0.0043280 0.0000000 0.0000000 0.0051965 0.0000000 0.0000000 0.0000000 0.0000000 0.0000000 0.0000000 0.0000000 0.0970717 0.0011739 0.0000000 0.0000000 0.0029460 0.0380532
141 R 141 0.0305132 0.2261794 0.0265255 0.1473069 0.0000000 0.0684623 0.1612715 0.0036279 0.0035266 0.0108491 0.0067518 0.1874764 0.0026508 0.0000000 0.0000000 0.0623533 0.0151069 0.0000000 0.0015934 0.0077517 0.0380532
142 S 142 0.0277827 0.0605291 0.0171840 0.0514483 0.0111445 0.1943936 0.2645839 0.0046345 0.0281178 0.0010035 0.0060965 0.1124086 0.0019674 0.0010427 0.0000000 0.1501830 0.0261555 0.0007645 0.0025066 0.0000000 0.0380532
143 Y 143 0.0008529 0.0022749 0.1162910 0.0000000 0.0037607 0.0158664 0.0867979 0.0000000 0.1092985 0.0187551 0.1787987 0.0067068 0.0269035 0.1429225 0.0000000 0.0006302 0.0000000 0.1397285 0.1100612 0.0022979 0.0380532
144 G 144 0.0113823 0.0133744 0.2144489 0.0345267 0.0016284 0.0177943 0.0065970 0.5579715 0.0116238 0.0000000 0.0000000 0.0408844 0.0000000 0.0000000 0.0000000 0.0478071 0.0039080 0.0000000 0.0000000 0.0000000 0.0380532
145 I 145 0.0573453 0.0000000 0.0000000 0.0000000 0.1872705 0.0000000 0.0000000 0.0013617 0.0000000 0.2667573 0.2360978 0.0011823 0.0659498 0.0081679 0.0000000 0.0040784 0.0142212 0.0000000 0.0000000 0.1195145 0.0380532
146 P 146 0.0635713 0.0266332 0.0029221 0.0157348 0.0034095 0.0238138 0.0248211 0.0048513 0.0042593 0.0302001 0.0805864 0.0885466 0.0113021 0.0501066 0.3640873 0.1258619 0.0104271 0.0000000 0.0130833 0.0177290 0.0380532
147 Y 147 0.0000000 0.0000000 0.0015228 0.0000000 0.0037460 0.0000000 0.0000000 0.0000000 0.0029259 0.0013299 0.0134130 0.0000000 0.0013684 0.8214850 0.0000000 0.0036661 0.0000000 0.0000000 0.1116698 0.0008198 0.0380532
148 I 148 0.0054696 0.0000000 0.0000000 0.0000000 0.0020121 0.0006592 0.0000000 0.0000000 0.0008451 0.2012364 0.2882572 0.0008593 0.1860799 0.0947213 0.0007278 0.0021370 0.0101104 0.0010474 0.0860413 0.0817428 0.0380532
149 E 149 0.0000000 0.0000000 0.0000000 0.0040195 0.0000000 0.0000000 0.9579273 0.0000000 0.0000000 0.0000000 0.0000000 0.0000000 0.0000000 0.0000000 0.0000000 0.0000000 0.0000000 0.0000000 0.0000000 0.0000000 0.0380532
150 T 150 0.0941647 0.0000000 0.0000000 0.0000000 0.0123841 0.0000000 0.0000000 0.0000000 0.0000000 0.0000000 0.0000000 0.0000000 0.0000000 0.0000000 0.0000000 0.0418597 0.7889585 0.0000000 0.0000000 0.0245797 0.0380532
151 S 151 0.0000000 0.0000000 0.0000000 0.0000000 0.0000000 0.0000000 0.0000000 0.0013013 0.0000000 0.0000000 0.0026651 0.0000000 0.0000000 0.0000000 0.0000000 0.9579805 0.0000000 0.0000000 0.0000000 0.0000000 0.0380532
152 A 152 0.9514497 0.0000000 0.0000000 0.0000000 0.0032501 0.0000000 0.0000000 0.0000000 0.0000000 0.0000000 0.0016116 0.0000000 0.0000000 0.0000000 0.0000000 0.0056354 0.0000000 0.0000000 0.0000000 0.0000000 0.0380532
153 K 153 0.0314481 0.0414861 0.0000000 0.0000000 0.0000000 0.0025675 0.0000000 0.0000000 0.0000000 0.0000000 0.2150254 0.6529310 0.0156771 0.0017786 0.0000000 0.0010330 0.0000000 0.0000000 0.0000000 0.0000000 0.0380532
154 T 154 0.0492020 0.0171821 0.1217838 0.1372655 0.0000000 0.0979089 0.0765468 0.0064833 0.0032979 0.0039866 0.0734310 0.0059113 0.0048029 0.0084327 0.0000000 0.0922879 0.2495690 0.0000000 0.0111024 0.0027528 0.0380532
155 R 155 0.2725559 0.2780641 0.1080405 0.0167419 0.0170669 0.0012909 0.0000000 0.0399322 0.0000000 0.0000000 0.0000000 0.0764038 0.0000000 0.0000000 0.0035905 0.1454866 0.0000000 0.0000000 0.0027734 0.0000000 0.0380532
156 Q 156 0.0338331 0.0037401 0.0112508 0.0293984 0.0022433 0.0605379 0.0536893 0.0013773 0.0280457 0.2532410 0.0520461 0.0076869 0.0417396 0.0088263 0.0013099 0.1066291 0.2024413 0.0000000 0.0146849 0.0492257 0.0380532
157 G 157 0.0013299 0.0080791 0.8211002 0.0011861 0.0028330 0.0036514 0.0000000 0.0780531 0.0125343 0.0000000 0.0021466 0.0029242 0.0008412 0.0148913 0.0000000 0.0017360 0.0000000 0.0000000 0.0106405 0.0000000 0.0380532
158 V 158 0.0000000 0.0000000 0.0021466 0.0000000 0.0000000 0.0000000 0.0000000 0.0000000 0.0023329 0.0801503 0.0027600 0.0000000 0.0000000 0.0000000 0.0000000 0.0000000 0.0000000 0.0000000 0.0000000 0.8729483 0.0396618
159 E 159 0.0069311 0.0071327 0.0723382 0.2843104 0.0000000 0.0244145 0.5149790 0.0016116 0.0115726 0.0000000 0.0014762 0.0135930 0.0010081 0.0000000 0.0007237 0.0089709 0.0107555 0.0000000 0.0016209 0.0000000 0.0385614
160 D 160 0.0257492 0.0101468 0.0472341 0.1295922 0.0096392 0.0971569 0.4173090 0.0036832 0.0027075 0.0018739 0.0435184 0.0996344 0.0016241 0.0024547 0.0047877 0.0233669 0.0352025 0.0000000 0.0006305 0.0056357 0.0380532
161 A 161 0.6253948 0.0000000 0.0000000 0.0000000 0.0254618 0.0000000 0.0000000 0.0034414 0.0000000 0.0707454 0.0093221 0.0000000 0.0161877 0.0000000 0.0026150 0.0548459 0.0096161 0.0000000 0.0000000 0.1425920 0.0397779
162 F 162 0.0000000 0.0000000 0.0000000 0.0000000 0.0000000 0.0000000 0.0000000 0.0000000 0.0000000 0.0000000 0.0020106 0.0000000 0.0000000 0.9475483 0.0000000 0.0000000 0.0000000 0.0000000 0.0068070 0.0000000 0.0436342
163 Y 163 0.0101237 0.0109785 0.0211353 0.0046362 0.0073214 0.0852882 0.0597062 0.0012326 0.0557166 0.0771670 0.1054645 0.0084092 0.0661843 0.0779548 0.0000000 0.0187924 0.0348903 0.0039580 0.2387088 0.0683760 0.0439561
164 T 164 0.0693673 0.0202937 0.0670127 0.2005829 0.0059524 0.0403381 0.1181195 0.0528233 0.0023993 0.0100138 0.0105808 0.0274021 0.0087859 0.0000000 0.0000000 0.0659882 0.2476815 0.0000000 0.0023524 0.0074274 0.0428787
165 L 165 0.0070641 0.0000000 0.0009150 0.0000000 0.0012506 0.0000000 0.0008006 0.0000000 0.0000000 0.1577957 0.4800183 0.0000000 0.1076875 0.0000000 0.0000000 0.0000000 0.0762949 0.0000000 0.0000000 0.1180318 0.0501416
166 V 166 0.3252036 0.0000000 0.0000000 0.0000000 0.0271068 0.0000000 0.0000000 0.0031492 0.0000000 0.0450749 0.1270408 0.0000000 0.0240691 0.0023111 0.0000000 0.0121184 0.0292688 0.0000000 0.0000000 0.3548377 0.0498197
167 R 167 0.0601391 0.5046771 0.0062758 0.0023111 0.0017234 0.0248980 0.0404881 0.0226221 0.0047643 0.0000000 0.0107990 0.1062948 0.0016678 0.0012316 0.0000000 0.0384550 0.1141840 0.0000000 0.0008216 0.0051073 0.0535399
168 E 168 0.0521929 0.0143513 0.0142257 0.1026013 0.0069242 0.1824179 0.3360506 0.0045035 0.0012700 0.0194934 0.0622358 0.0769897 0.0139224 0.0019354 0.0016086 0.0324336 0.0116275 0.0000000 0.0006745 0.0069912 0.0575502
169 I 169 0.0000000 0.0000000 0.0009296 0.0000000 0.0010427 0.0000000 0.0000000 0.0000000 0.0000000 0.7621932 0.0530239 0.0000000 0.0193261 0.0011643 0.0000000 0.0000000 0.0010380 0.0000000 0.0000000 0.1078734 0.0534087
170 R 170 0.0028688 0.2395771 0.0495368 0.0020454 0.0016374 0.0231234 0.0011643 0.0000000 0.0104402 0.0726377 0.0781856 0.1837202 0.0363371 0.0142079 0.0118848 0.0024503 0.0049288 0.0000000 0.1954313 0.0039272 0.0658957
171 Q 171 0.0385466 0.2575170 0.0585310 0.0967819 0.0008784 0.0824261 0.0831652 0.0024644 0.0212435 0.0037209 0.0110692 0.1869733 0.0036044 0.0000000 0.0000000 0.0275189 0.0207225 0.0000000 0.0012424 0.0039329 0.0996613
172 H 172 0.0092249 0.1657650 0.0893979 0.0469001 0.0000000 0.0278874 0.0168777 0.0119301 0.0370860 0.0475882 0.0186818 0.2210211 0.0187180 0.0225608 0.0017066 0.0334163 0.0399447 0.0030959 0.0351812 0.0166681 0.1363480
173 G 173 0.0097132 0.0361008 0.0564284 0.0293898 0.0000000 0.0287756 0.0927083 0.0523458 0.0171494 0.1067106 0.0607193 0.0753868 0.0884712 0.0027151 0.0398201 0.0203865 0.0426644 0.0000000 0.0007973 0.0930476 0.1466697
174 G 174 0.0700905 0.0230743 0.0229635 0.0301073 0.0007825 0.0631891 0.0798573 0.1103056 0.0073027 0.0506502 0.0398753 0.0785882 0.0334364 0.0000000 0.0622269 0.1227930 0.0161970 0.0000000 0.0076440 0.0189452 0.1619710
175 G 175 0.0392000 0.0430176 0.0433212 0.0564567 0.0000000 0.0772809 0.1415085 0.0309849 0.0225428 0.0176804 0.0447764 0.0863870 0.0086367 0.0000000 0.0411113 0.0793418 0.0396750 0.0007952 0.0009580 0.0415944 0.1847310
176 S 176 0.0502571 0.0463200 0.0444054 0.0294162 0.0019216 0.0586643 0.0387811 0.1036154 0.0231963 0.0233467 0.0221980 0.1021531 0.0126381 0.0059215 0.0460514 0.0977081 0.0397747 0.0150786 0.0238332 0.0190935 0.1956255
177 N 177 0.0557975 0.0209869 0.1181877 0.0381532 0.0027473 0.0762946 0.0675673 0.0606573 0.0076374 0.0185701 0.0251179 0.0421061 0.0081880 0.0006159 0.0418109 0.0860779 0.0369308 0.0000000 0.0023163 0.0907880 0.1994488
178 T 178 0.0540550 0.0371111 0.0651139 0.0112756 0.0015437 0.0573859 0.0268793 0.0232555 0.0060730 0.0322691 0.0638241 0.1112942 0.0260754 0.0270505 0.0406982 0.0797697 0.0872496 0.0000000 0.0054990 0.0332098 0.2103676
179 I 179 0.0868256 0.0363508 0.0464316 0.1162658 0.0023329 0.0360728 0.0706906 0.0430579 0.0125472 0.0442246 0.0148004 0.0711948 0.0175674 0.0022945 0.0445094 0.0501021 0.0313477 0.0000000 0.0106019 0.0372235 0.2255587
180 R 180 0.0553459 0.0972109 0.1074715 0.0330206 0.0008922 0.0376516 0.0343193 0.0490167 0.0108099 0.0153862 0.0598436 0.0786359 0.0086945 0.0039750 0.0367180 0.0608897 0.0384793 0.0000000 0.0000000 0.0282583 0.2433810
