  251         A         R         N         D         C         Q         E         G         H         I         L         K         M         F         P         S         T         W         Y         V    
  1 G   1 0.3249829 0.0000000 0.0000000 0.0000000 0.0000000 0.0000000 0.0000000 0.6750171 0.0000000 0.0000000 0.0000000 0.0000000 0.0000000 0.0000000 0.0000000 0.0000000 0.0000000 0.0000000 0.0000000 0.0000000
  2 P   2 0.1322375 0.0436780 0.0000000 0.0109619 0.0000000 0.0395622 0.0000000 0.0783631 0.0101889 0.0163163 0.0000000 0.0178085 0.0000000 0.0000000 0.5356133 0.0831625 0.0321076 0.0000000 0.0000000 0.0000000
  3 L   3 0.0593642 0.0168712 0.0181637 0.0193227 0.0000000 0.0309540 0.0112861 0.0139602 0.0000000 0.0058541 0.0492406 0.0162033 0.5384427 0.0000000 0.1390304 0.0407398 0.0338309 0.0000000 0.0067362 0.0000000
  4 G   4 0.2230216 0.0296402 0.0649942 0.0317932 0.0129858 0.0136164 0.0200704 0.1403574 0.0000000 0.0036496 0.0000000 0.0174742 0.0134596 0.0000000 0.1754009 0.2090024 0.0243021 0.0000000 0.0154057 0.0048264
  5 S   5 0.0471535 0.0118603 0.0772220 0.1406386 0.0015919 0.0440495 0.1571304 0.0735226 0.0126861 0.0059247 0.0000000 0.0430487 0.0000000 0.0000000 0.0227360 0.2839992 0.0720555 0.0000000 0.0028037 0.0035774
  6 D   6 0.0066601 0.0215316 0.0196422 0.0234537 0.0000000 0.0302015 0.0399712 0.0236787 0.0082546 0.0052248 0.0020953 0.1192904 0.0000000 0.0177954 0.0403416 0.0376325 0.0031569 0.0000000 0.5923149 0.0087546
  7 M   7 0.0466945 0.0010846 0.0364669 0.4701523 0.0000000 0.0215251 0.0125024 0.0041898 0.0105687 0.0246263 0.0749000 0.0129513 0.1994046 0.0000000 0.0171746 0.0464673 0.0185442 0.0000000 0.0000000 0.0027474
  8 T   8 0.0230452 0.1977387 0.0082672 0.0042443 0.0177562 0.0113772 0.0065104 0.0012286 0.0517424 0.0041773 0.0246254 0.0238810 0.0166793 0.0386985 0.0116425 0.0074944 0.0687585 0.0000000 0.4694783 0.0126545
  9 E   9 0.0017211 0.0071105 0.0091582 0.0934362 0.0000000 0.0330317 0.1539863 0.0000000 0.0021234 0.0250243 0.5668938 0.0040907 0.0085902 0.0000000 0.0000000 0.0057007 0.0231805 0.0000000 0.0023440 0.0636085
 10 Y  10 0.0000000 0.0022043 0.0000000 0.0000000 0.0011601 0.0000000 0.0000000 0.0000000 0.0374273 0.0373820 0.0468827 0.0000000 0.0086795 0.5575720 0.0000000 0.0000000 0.0000000 0.0021117 0.2986372 0.0079431
 11 K  11 0.0021639 0.0122160 0.0000000 0.0000000 0.0013520 0.0032104 0.0000000 0.0000000 0.0202867 0.0000000 0.0000000 0.9593825 0.0000000 0.0013885 0.0000000 0.0000000 0.0000000 0.0000000 0.0000000 0.0000000
 12 L  12 0.0033561 0.0000000 0.0000000 0.0000000 0.0000000 0.0000000 0.0000000 0.0000000 0.0000000 0.1933277 0.5175467 0.0000000 0.0064598 0.0093843 0.0000000 0.0000000 0.0015908 0.0000000 0.0830182 0.1853164
 13 V  13 0.0069613 0.0000000 0.0000000 0.0000000 0.0114619 0.0000000 0.0000000 0.0000000 0.0000000 0.1342308 0.3116795 0.0000000 0.0135532 0.0000000 0.0000000 0.0024253 0.0064691 0.0000000 0.0000000 0.5132190
 14 V  14 0.0000000 0.0000000 0.0000000 0.0000000 0.0032485 0.0000000 0.0000000 0.0000000 0.0000000 0.1665158 0.4999500 0.0000000 0.0688676 0.0000000 0.0000000 0.0000000 0.0000000 0.0000000 0.0000000 0.2614181
 15 V  15 0.0000000 0.0000000 0.0000000 0.0000000 0.0000000 0.0000000 0.0000000 0.0000000 0.0000000 0.5969996 0.2616724 0.0000000 0.0127459 0.0044409 0.0000000 0.0000000 0.0065450 0.0000000 0.0000000 0.1175962
 16 G  16 0.0000000 0.0000000 0.0000000 0.0000000 0.0000000 0.0000000 0.0000000 1.0000000 0.0000000 0.0000000 0.0000000 0.0000000 0.0000000 0.0000000 0.0000000 0.0000000 0.0000000 0.0000000 0.0000000 0.0000000
 17 A  17 0.1145966 0.0000000 0.0176756 0.6744157 0.0064648 0.0038903 0.0466100 0.0228845 0.0000000 0.0000000 0.0000000 0.0000000 0.0000000 0.0000000 0.0067883 0.0976068 0.0070343 0.0000000 0.0000000 0.0020332
 18 G  18 0.0068163 0.0016087 0.0000000 0.0000000 0.0013397 0.0025029 0.0000000 0.3271777 0.0000000 0.0000000 0.0020254 0.0000000 0.0075862 0.0000000 0.0026365 0.5764109 0.0718956 0.0000000 0.0000000 0.0000000
 19 G  19 0.0922020 0.0000000 0.0105921 0.0000000 0.0029664 0.0000000 0.0000000 0.8692777 0.0000000 0.0000000 0.0000000 0.0000000 0.0000000 0.0000000 0.0000000 0.0197142 0.0052476 0.0000000 0.0000000 0.0000000
 20 V  20 0.0023808 0.0000000 0.0000000 0.0000000 0.0000000 0.0000000 0.0000000 0.0039372 0.0000000 0.0031350 0.0014353 0.0000000 0.0015748 0.0036447 0.0064366 0.0000000 0.0042566 0.0000000 0.0000000 0.9731991
 21 G  21 0.0000000 0.0000000 0.0000000 0.0000000 0.0000000 0.0000000 0.0000000 1.0000000 0.0000000 0.0000000 0.0000000 0.0000000 0.0000000 0.0000000 0.0000000 0.0000000 0.0000000 0.0000000 0.0000000 0.0000000
 22 K  22 0.0000000 0.0000000 0.0000000 0.0000000 0.0000000 0.0000000 0.0000000 0.0000000 0.0000000 0.0000000 0.0000000 0.9944624 0.0000000 0.0000000 0.0000000 0.0055376 0.0000000 0.0000000 0.0000000 0.0000000
 23 S  23 0.0000000 0.0000000 0.0000000 0.0000000 0.0000000 0.0000000 0.0000000 0.0000000 0.0000000 0.0000000 0.0000000 0.0000000 0.0000000 0.0000000 0.0000000 0.8635558 0.1364442 0.0000000 0.0000000 0.0000000
 24 A  24 0.3208380 0.0000000 0.1628531 0.0000000 0.3833981 0.0231800 0.0000000 0.0000000 0.0000000 0.0000000 0.0000000 0.0000000 0.0000000 0.0000000 0.0000000 0.1065028 0.0032280 0.0000000 0.0000000 0.0000000
 25 L  25 0.0011187 0.0000000 0.0000000 0.0000000 0.0096644 0.0000000 0.0000000 0.0000000 0.0000000 0.0701896 0.8449905 0.0000000 0.0215885 0.0060522 0.0000000 0.0000000 0.0000000 0.0000000 0.0000000 0.0463962
 26 T  26 0.0000000 0.0024156 0.0000000 0.0000000 0.0023455 0.0017677 0.0000000 0.0000000 0.0000000 0.0114820 0.5361127 0.0000000 0.0028120 0.0000000 0.0000000 0.0000000 0.4192122 0.0000000 0.0000000 0.0238523
 27 I  27 0.0407971 0.0070182 0.0051943 0.0000000 0.0000000 0.0000000 0.0000000 0.0012323 0.0135766 0.2426890 0.3408869 0.0000000 0.0242704 0.0390967 0.0000000 0.1440483 0.0068094 0.0000000 0.0025307 0.1318500
 28 Q  28 0.0000000 0.4945600 0.0000000 0.0000000 0.0000000 0.4961119 0.0000000 0.0000000 0.0000000 0.0000000 0.0000000 0.0049475 0.0000000 0.0000000 0.0000000 0.0043806 0.0000000 0.0000000 0.0000000 0.0000000
 29 L  29 0.0000000 0.0000000 0.0000000 0.0013073 0.0000000 0.0000000 0.0000000 0.0000000 0.0000000 0.0000000 0.1794470 0.0000000 0.0000000 0.7773571 0.0000000 0.0000000 0.0000000 0.0000000 0.0418885 0.0000000
 30 I  30 0.1548061 0.0017557 0.0000000 0.0000000 0.0496384 0.0000000 0.0000000 0.0000000 0.0000000 0.2038345 0.0000000 0.0098306 0.0277686 0.0064545 0.0000000 0.1015104 0.2439996 0.0000000 0.0000000 0.2004017
 31 Q  31 0.0073893 0.1545249 0.0093851 0.2729698 0.0000000 0.3113697 0.0909778 0.0000000 0.0091739 0.0000000 0.0247110 0.0295887 0.0018113 0.0000000 0.0000000 0.0366969 0.0236331 0.0000000 0.0277686 0.0000000
 32 N  32 0.0023144 0.0016643 0.2936130 0.2816103 0.0007731 0.0154033 0.0124176 0.1557695 0.0352633 0.0000000 0.0012833 0.0777070 0.0000000 0.0000000 0.0000000 0.1221810 0.0000000 0.0000000 0.0000000 0.0000000
 33 H  33 0.0605936 0.0873503 0.0101426 0.0038257 0.0000000 0.0462299 0.2015456 0.0000000 0.1931649 0.0636096 0.0080753 0.0381625 0.0037809 0.0000000 0.0000000 0.0934758 0.1054285 0.0000000 0.0171594 0.0674554
 34 F  34 0.0000000 0.0000000 0.0000000 0.0000000 0.0000000 0.0000000 0.0000000 0.0000000 0.0019513 0.0000000 0.0000000 0.0000000 0.0000000 0.8313306 0.0000000 0.0000000 0.0000000 0.0219759 0.1447422 0.0000000
 35 V  35 0.0067578 0.0166028 0.1611138 0.0270556 0.0168581 0.0509970 0.0048356 0.0000000 0.0188620 0.0547767 0.0934585 0.0060060 0.0109481 0.0032140 0.0135963 0.0782989 0.1229868 0.0000000 0.0080986 0.3055334
 36 D  36 0.0260103 0.0025697 0.0192467 0.2583963 0.0000000 0.0158068 0.2791665 0.0152940 0.0081222 0.0090392 0.1348547 0.0050232 0.0070190 0.0018065 0.1219621 0.0308901 0.0546410 0.0000000 0.0052301 0.0049216
 37 E  37 0.0000000 0.0070334 0.0416778 0.1306249 0.0019605 0.0028998 0.3019669 0.0040586 0.0106706 0.0047420 0.0048125 0.0602684 0.0018839 0.0055101 0.0000000 0.1841579 0.1401461 0.0000000 0.0547866 0.0428000
 38 Y  38 0.0000000 0.0000000 0.0000000 0.0000000 0.0086640 0.0277089 0.0000000 0.0000000 0.1095059 0.0019429 0.0131279 0.0000000 0.0025649 0.1227648 0.0000000 0.1680196 0.0169012 0.0000000 0.5287998 0.0000000
 39 D  39 0.0108793 0.0107539 0.0011270 0.4676007 0.0000000 0.0078551 0.0458865 0.0025094 0.0000000 0.2398238 0.0135746 0.1694038 0.0035396 0.0000000 0.0100351 0.0095303 0.0000000 0.0000000 0.0039926 0.0034881
 40 P  40 0.0695914 0.0000000 0.0039926 0.0000000 0.0000000 0.0000000 0.0000000 0.0000000 0.0086640 0.0000000 0.0594110 0.0000000 0.0000000 0.0013703 0.4499261 0.3063277 0.0945735 0.0000000 0.0000000 0.0061434
 41 T  41 0.0000000 0.0000000 0.0000000 0.0000000 0.0000000 0.0000000 0.0000000 0.0000000 0.0000000 0.0000000 0.0000000 0.0000000 0.0000000 0.0000000 0.0000000 0.0000000 1.0000000 0.0000000 0.0000000 0.0000000
 42 I  42 0.0000000 0.0030577 0.0000000 0.0000000 0.0000000 0.0000000 0.0000000 0.0000000 0.0000000 0.9360911 0.0045252 0.0277686 0.0026186 0.0000000 0.0000000 0.0000000 0.0000000 0.0000000 0.0000000 0.0259388
 43 E  43 0.0277686 0.0000000 0.0000000 0.0000000 0.0000000 0.0000000 0.3974808 0.5747506 0.0000000 0.0000000 0.0000000 0.0000000 0.0000000 0.0000000 0.0000000 0.0000000 0.0000000 0.0000000 0.0000000 0.0000000
 44 D  44 0.0186778 0.0000000 0.0117052 0.4116630 0.0000000 0.0000000 0.0000000 0.0018812 0.0000000 0.1333795 0.0000000 0.0000000 0.0025649 0.0000000 0.0000000 0.0000000 0.0000000 0.0000000 0.0000000 0.4201285
 45 S  45 0.0429536 0.0000000 0.0024393 0.3051688 0.0000000 0.0037609 0.2484647 0.0036709 0.0000000 0.0000000 0.0000000 0.0000000 0.0000000 0.0028038 0.0000000 0.3892006 0.0000000 0.0000000 0.0000000 0.0015375
 46 Y  46 0.0000000 0.0000000 0.0000000 0.0000000 0.0000000 0.0000000 0.0000000 0.0000000 0.0000000 0.0000000 0.0000000 0.0000000 0.0000000 0.5673614 0.0000000 0.0000000 0.0000000 0.0000000 0.4326386 0.0000000
 47 R  47 0.0039787 0.3952009 0.0000000 0.0000000 0.0041808 0.0351455 0.0000000 0.0618236 0.0024403 0.0047448 0.0055327 0.2808049 0.0025104 0.0045107 0.0010505 0.0136039 0.1844721 0.0000000 0.0000000 0.0000000
 48 K  48 0.0000000 0.3776920 0.0010933 0.0000000 0.0000000 0.0384190 0.0000000 0.0000000 0.0022651 0.0056485 0.0018820 0.5382559 0.0027951 0.0024403 0.0000000 0.0000000 0.0295088 0.0000000 0.0000000 0.0000000
 49 Q  49 0.0067594 0.0122782 0.0193259 0.0032590 0.0000000 0.3183103 0.0068421 0.0012008 0.0160885 0.0121542 0.0223539 0.0395003 0.0471226 0.0013903 0.0060908 0.0944348 0.3705278 0.0000000 0.0000000 0.0223610
 50 V  50 0.0284277 0.0000000 0.0000000 0.0000000 0.0895535 0.0000000 0.0000000 0.0000000 0.0000000 0.3681377 0.0982027 0.0000000 0.0348763 0.0057809 0.0000000 0.0000000 0.0157558 0.0000000 0.0011236 0.3581418
 51 V  51 0.0133057 0.0227868 0.0657882 0.0697385 0.0119304 0.0736368 0.3206197 0.0010181 0.0048796 0.0220043 0.0155889 0.0267590 0.0116250 0.0000000 0.0051387 0.0285689 0.0913008 0.0000000 0.0008057 0.2145047
 52 I  52 0.0046912 0.0000000 0.0000000 0.0000000 0.0000000 0.0145060 0.0000000 0.0000000 0.0000000 0.4655178 0.2059126 0.0046042 0.0096823 0.0048775 0.0000000 0.0065141 0.0089795 0.0000000 0.0026024 0.2721123
 53 D  53 0.0087280 0.0053960 0.0453577 0.7763029 0.0000000 0.0183734 0.0949930 0.0256718 0.0016239 0.0024414 0.0028712 0.0145215 0.0000000 0.0000000 0.0000000 0.0037193 0.0000000 0.0000000 0.0000000 0.0000000
 54 G  54 0.0157183 0.0035962 0.1269015 0.1198239 0.0105716 0.0138264 0.0326192 0.6092106 0.0172086 0.0000000 0.0000000 0.0157449 0.0000000 0.0000000 0.0000000 0.0224959 0.0122829 0.0000000 0.0000000 0.0000000
 55 E  55 0.0134346 0.0548962 0.0287966 0.0072699 0.0000000 0.1036015 0.1992002 0.0007618 0.0079522 0.0011572 0.0021692 0.5289173 0.0048379 0.0007708 0.0000000 0.0093078 0.0215884 0.0000000 0.0014211 0.0139171
 56 T  56 0.0361978 0.0859688 0.0184086 0.0042987 0.0021452 0.1045080 0.0481549 0.0023347 0.0033319 0.0240898 0.0290069 0.1050232 0.0039085 0.0000000 0.0554433 0.0503732 0.2555488 0.0052057 0.0014765 0.1645755
 57 C  57 0.0833432 0.0000000 0.0000000 0.0000000 0.1631192 0.0000000 0.0000000 0.0090352 0.0000000 0.3294435 0.0130478 0.0000000 0.0027046 0.0501263 0.0000000 0.0398728 0.0109397 0.0000000 0.0122675 0.2861001
 58 L  58 0.0017674 0.0022305 0.0085329 0.0535357 0.0000000 0.0309028 0.0008761 0.0000000 0.0018373 0.0665426 0.1426214 0.5736780 0.0867643 0.0027093 0.0000000 0.0031574 0.0100968 0.0000000 0.0044602 0.0102873
 59 L  59 0.1708275 0.0000000 0.0000000 0.0000000 0.0000000 0.0000000 0.0000000 0.0026026 0.0000000 0.0302135 0.7610957 0.0000000 0.0095715 0.0157033 0.0000000 0.0040785 0.0027400 0.0000000 0.0018278 0.0013395
 60 D  60 0.0214465 0.0018387 0.0000000 0.2734498 0.0000000 0.5218259 0.1681061 0.0000000 0.0016473 0.0000000 0.0000000 0.0000000 0.0000000 0.0000000 0.0000000 0.0011418 0.0105439 0.0000000 0.0000000 0.0000000
 61 I  61 0.0000000 0.0009118 0.0000000 0.0000000 0.0034529 0.0000000 0.0000000 0.0000000 0.0000000 0.8891419 0.0126782 0.0000000 0.0000000 0.0018347 0.0000000 0.0000000 0.0031461 0.0000000 0.0000000 0.0888344
 62 L  62 0.0000000 0.0000000 0.0000000 0.0000000 0.0000000 0.0000000 0.0000000 0.0000000 0.0000000 0.0000000 0.4122602 0.0000000 0.0032579 0.0000000 0.0000000 0.0000000 0.0038150 0.5771091 0.0035578 0.0000000
 63 D  63 0.0000000 0.0000000 0.0000000 1.0000000 0.0000000 0.0000000 0.0000000 0.0000000 0.0000000 0.0000000 0.0000000 0.0000000 0.0000000 0.0000000 0.0000000 0.0000000 0.0000000 0.0000000 0.0000000 0.0000000
 64 T  64 0.0051082 0.0000000 0.0000000 0.0000000 0.0000000 0.0000000 0.0000000 0.0000000 0.0000000 0.0000000 0.0000000 0.0000000 0.0000000 0.0000000 0.0000000 0.0000000 0.9948918 0.0000000 0.0000000 0.0000000
 65 A  65 0.9919637 0.0000000 0.0000000 0.0000000 0.0000000 0.0000000 0.0000000 0.0000000 0.0000000 0.0000000 0.0000000 0.0000000 0.0000000 0.0037468 0.0000000 0.0025962 0.0016932 0.0000000 0.0000000 0.0000000
 66 G  66 0.0000000 0.0000000 0.0000000 0.0000000 0.0000000 0.0000000 0.0000000 0.9962532 0.0000000 0.0000000 0.0000000 0.0000000 0.0000000 0.0000000 0.0000000 0.0037468 0.0000000 0.0000000 0.0000000 0.0000000
 67 Q  67 0.0000000 0.0000000 0.0000000 0.0000000 0.0000000 0.8717467 0.0000000 0.0000000 0.0009975 0.0107457 0.0051464 0.0000000 0.0000000 0.0000000 0.0000000 0.0000000 0.0666573 0.0000000 0.0000000 0.0447064
 68 E  68 0.0726223 0.0000000 0.0000000 0.0239380 0.0000000 0.0000000 0.8932640 0.0000000 0.0000000 0.0019626 0.0000000 0.0000000 0.0000000 0.0000000 0.0000000 0.0000000 0.0000000 0.0000000 0.0000000 0.0082131
 69 E  69 0.0033958 0.5015050 0.0000000 0.0413362 0.0000000 0.1270685 0.2557353 0.0011831 0.0000000 0.0000000 0.0000000 0.0060736 0.0000000 0.0000000 0.0000000 0.0600313 0.0036711 0.0000000 0.0000000 0.0000000
 70 Y  70 0.0000000 0.0000000 0.0000000 0.0000000 0.0000000 0.0000000 0.0000000 0.0000000 0.0000000 0.0000000 0.0118727 0.0000000 0.0000000 0.5916184 0.0000000 0.0000000 0.0000000 0.0000000 0.3965089 0.0000000
 71 S  71 0.0298157 0.5209931 0.0000000 0.0000000 0.0000000 0.0034257 0.0000000 0.0087708 0.0334468 0.0038492 0.0000000 0.0191297 0.0000000 0.0000000 0.0000000 0.1925932 0.1843957 0.0000000 0.0000000 0.0035800
 72 A  72 0.5977799 0.0000000 0.0000000 0.0000000 0.0000000 0.0026242 0.0000000 0.0000000 0.0000000 0.0000000 0.0000000 0.0000000 0.0000000 0.0000000 0.0000000 0.1210368 0.2785591 0.0000000 0.0000000 0.0000000
 73 M  73 0.0000000 0.0000000 0.0000000 0.0000000 0.0000000 0.0000000 0.0000000 0.0000000 0.0000000 0.4847824 0.0786079 0.0000000 0.3570698 0.0000000 0.0000000 0.0000000 0.0032511 0.0000000 0.0000000 0.0762889
 74 R  74 0.0161501 0.4163898 0.0000000 0.0000000 0.0000000 0.0049570 0.0000000 0.0000000 0.0000000 0.0000000 0.0000000 0.0033932 0.0000000 0.0000000 0.0000000 0.0026029 0.5546212 0.0000000 0.0000000 0.0018858
 75 D  75 0.0101066 0.0839286 0.0041367 0.2182194 0.0017587 0.0094130 0.2027178 0.0025977 0.0115979 0.0000000 0.0000000 0.0031465 0.0008202 0.0000000 0.0342859 0.3019555 0.1153154 0.0000000 0.0000000 0.0000000
 76 Q  76 0.2880642 0.0021455 0.0338494 0.0000000 0.0000000 0.2585119 0.0011654 0.0039446 0.0021686 0.0015390 0.1229077 0.0000000 0.0182694 0.0000000 0.0000000 0.2442161 0.0232181 0.0000000 0.0000000 0.0000000
 77 Y  77 0.0000000 0.0000000 0.0000000 0.0000000 0.0000000 0.0000000 0.0000000 0.0000000 0.0000000 0.0000000 0.0000000 0.0000000 0.0000000 0.0058201 0.0000000 0.0000000 0.0000000 0.0415766 0.9526033 0.0000000
 78 M  78 0.0000000 0.0000000 0.0000000 0.0000000 0.0000000 0.0000000 0.0000000 0.0000000 0.0000000 0.1015502 0.0000000 0.0000000 0.2909889 0.0242764 0.0000000 0.0000000 0.0000000 0.0000000 0.5773845 0.0058000
 79 R  79 0.0000000 0.8595369 0.0000000 0.0000000 0.0000000 0.0000000 0.0000000 0.0000000 0.0067541 0.0000000 0.0000000 0.1337090 0.0000000 0.0000000 0.0000000 0.0000000 0.0000000 0.0000000 0.0000000 0.0000000
 80 T  80 0.0184067 0.0055359 0.0741896 0.0343559 0.0101852 0.0124092 0.0116657 0.5514130 0.0000000 0.0000000 0.0032474 0.0013866 0.0000000 0.0000000 0.0000000 0.1060954 0.1711093 0.0000000 0.0000000 0.0000000
 81 G  81 0.5293123 0.0021459 0.0000000 0.0000000 0.0118838 0.0000000 0.0051110 0.4115438 0.0000000 0.0000000 0.0000000 0.0000000 0.0000000 0.0000000 0.0000000 0.0245530 0.0128777 0.0000000 0.0000000 0.0025725
 82 E  82 0.0673343 0.0065027 0.0119708 0.0172284 0.0039272 0.1353423 0.2693664 0.0000000 0.1194332 0.0058434 0.0146111 0.0131972 0.1620268 0.0055036 0.0000000 0.0057289 0.0027710 0.0000000 0.0000000 0.1592126
 83 G  83 0.0367099 0.0000000 0.0000000 0.0000000 0.0000000 0.0000000 0.0000000 0.9601583 0.0000000 0.0000000 0.0000000 0.0000000 0.0000000 0.0000000 0.0000000 0.0000000 0.0000000 0.0000000 0.0000000 0.0031317
 84 F  84 0.2776647 0.0000000 0.0000000 0.0000000 0.0000000 0.0000000 0.0000000 0.0029247 0.0000000 0.2426853 0.0154947 0.0000000 0.0000000 0.4206949 0.0000000 0.0000000 0.0021439 0.0000000 0.0045833 0.0338084
 85 L  85 0.0281927 0.0000000 0.0000000 0.0000000 0.0029156 0.0000000 0.0000000 0.0000000 0.0000000 0.2357080 0.5790267 0.0000000 0.0756757 0.0000000 0.0000000 0.0000000 0.0000000 0.0000000 0.0000000 0.0784813
 86 C  86 0.0000000 0.0000000 0.0000000 0.0000000 0.0700386 0.0000000 0.0000000 0.0000000 0.0000000 0.1188505 0.6833420 0.0008866 0.0302440 0.0021243 0.0000000 0.0000000 0.0035211 0.0000000 0.0000000 0.0909930
 87 V  87 0.0027118 0.0000000 0.0000000 0.0000000 0.0315098 0.0000000 0.0000000 0.0000000 0.0000000 0.0206835 0.0170952 0.0000000 0.0045936 0.0020201 0.0000000 0.0000000 0.0095395 0.0000000 0.0000000 0.9118466
 88 F  88 0.0000000 0.0000000 0.0000000 0.0000000 0.0000000 0.0000000 0.0000000 0.0000000 0.0000000 0.0000000 0.0000000 0.0000000 0.0000000 0.1182039 0.0000000 0.0000000 0.0000000 0.0000000 0.8817961 0.0000000
 89 A  89 0.0607353 0.0000000 0.0049101 0.5692325 0.0000000 0.0000000 0.0027563 0.0017465 0.0000000 0.0000000 0.0000000 0.0000000 0.0000000 0.0000000 0.0000000 0.3588987 0.0017205 0.0000000 0.0000000 0.0000000
 90 I  90 0.0009411 0.0000000 0.0000000 0.0000000 0.0096529 0.0000000 0.0000000 0.0000000 0.0000000 0.5680069 0.0074252 0.0000000 0.0050529 0.0000000 0.0000000 0.0014746 0.0072468 0.0000000 0.0000000 0.4001996
 91 N  91 0.0431556 0.0000000 0.0756568 0.0103429 0.0101627 0.0016247 0.0000000 0.0021053 0.0000000 0.0106371 0.0017033 0.0000000 0.0000000 0.0000000 0.0000000 0.0761060 0.7685056 0.0000000 0.0000000 0.0000000
 92 N  92 0.0399427 0.1342264 0.1253877 0.2750369 0.0037799 0.0085160 0.0364696 0.0008266 0.0000000 0.0000000 0.0033387 0.1322017 0.0000000 0.0000000 0.0000000 0.2305754 0.0051062 0.0000000 0.0035431 0.0010491
 93 T  93 0.0254321 0.4466188 0.0023412 0.0159553 0.0000000 0.1397140 0.0885226 0.0141997 0.0662267 0.0019961 0.0174153 0.0546559 0.0318101 0.0012834 0.0175948 0.0213188 0.0420061 0.0016464 0.0050545 0.0062083
 94 K  94 0.0385399 0.0522500 0.0565028 0.1011071 0.0000000 0.1230412 0.1711793 0.0119916 0.0194616 0.0107289 0.0281205 0.1164137 0.0018402 0.0000000 0.0103168 0.1718630 0.0621932 0.0000000 0.0000000 0.0244502
 95 S  95 0.0000000 0.0021613 0.0000000 0.0051062 0.0000000 0.0000000 0.0000000 0.0000000 0.0000000 0.0000000 0.0000000 0.0000000 0.0000000 0.0000000 0.0000000 0.6739306 0.3188019 0.0000000 0.0000000 0.0000000
 96 F  96 0.0000000 0.0000000 0.0000000 0.0000000 0.0051062 0.0000000 0.0000000 0.0000000 0.0000000 0.0000000 0.0930768 0.0000000 0.0012473 0.8177116 0.0000000 0.0000000 0.0000000 0.0000000 0.0828581 0.0000000
 97 E  97 0.0360356 0.0191251 0.2177291 0.1872323 0.0000000 0.0561990 0.3408319 0.0062829 0.0105297 0.0025496 0.0159166 0.0230553 0.0035819 0.0000000 0.0000000 0.0204252 0.0449914 0.0013968 0.0010324 0.0130850
 98 D  98 0.0270726 0.0387716 0.3743446 0.1078458 0.0025095 0.0169378 0.2550674 0.0078644 0.1129059 0.0000000 0.0000000 0.0150033 0.0000000 0.0000000 0.0000000 0.0398535 0.0018237 0.0000000 0.0000000 0.0000000
 99 I  99 0.0524590 0.0000000 0.0000000 0.0000000 0.0085212 0.0000000 0.0000000 0.0000000 0.0000000 0.2839040 0.3199172 0.0000000 0.0111920 0.0000000 0.0000000 0.0014287 0.0284203 0.0000000 0.0000000 0.2941576
100 H 100 0.0778641 0.0768133 0.0441323 0.0259855 0.0000000 0.1397322 0.0989203 0.0241364 0.0393008 0.0089564 0.0410743 0.1585008 0.0737397 0.0008512 0.0224780 0.0881705 0.0671295 0.0000000 0.0026518 0.0095630
101 Q 101 0.0305840 0.1909439 0.0880701 0.0728758 0.0015652 0.1063709 0.1164882 0.0122443 0.0142906 0.0060984 0.0124713 0.0826508 0.0076305 0.0057361 0.0054655 0.0860690 0.1476520 0.0000000 0.0063794 0.0064140
102 Y 102 0.0000000 0.0000000 0.0000000 0.0000000 0.0019626 0.0000000 0.0000000 0.0000000 0.0000000 0.0058847 0.1297772 0.0000000 0.0028039 0.1748377 0.0000000 0.0000000 0.0000000 0.5747218 0.1069142 0.0030980
103 R 103 0.0054342 0.2180689 0.0000000 0.0000000 0.0000000 0.0145953 0.0000000 0.0000000 0.0655722 0.0428378 0.4192294 0.0395651 0.0419134 0.0304391 0.0000000 0.0000000 0.0000000 0.0045091 0.0964862 0.0213493
104 E 104 0.0175256 0.0903273 0.0630831 0.0473108 0.0011119 0.1501191 0.3369675 0.0045118 0.0249798 0.0040661 0.0047688 0.1667388 0.0025660 0.0000000 0.0000000 0.0446868 0.0374339 0.0000000 0.0000000 0.0038028
105 Q 105 0.0000000 0.0014868 0.0847435 0.0637203 0.0000000 0.3966118 0.3975462 0.0000000 0.0046237 0.0000000 0.0221080 0.0057021 0.0000000 0.0000000 0.0000000 0.0036841 0.0176317 0.0000000 0.0021418 0.0000000
106 I 106 0.0475441 0.0000000 0.0000000 0.0000000 0.0025604 0.0000000 0.0000000 0.0000000 0.0000000 0.5881654 0.2189648 0.0000000 0.0029926 0.0000000 0.0011965 0.0000000 0.0043554 0.0000000 0.0000000 0.1342209
107 K 107 0.0228034 0.1938865 0.0354565 0.1058645 0.0068448 0.0918327 0.1220164 0.0009177 0.0139113 0.0211426 0.2344305 0.0907559 0.0042687 0.0043861 0.0000000 0.0135258 0.0140451 0.0000000 0.0156510 0.0082607
108 R 108 0.0105591 0.5217696 0.0232942 0.1049199 0.0007697 0.1151361 0.0966427 0.0149204 0.0043880 0.0017559 0.0109225 0.0367859 0.0070735 0.0000000 0.0000000 0.0097726 0.0384569 0.0000000 0.0000000 0.0028329
109 V 109 0.0090310 0.0000000 0.0458546 0.0000000 0.0000000 0.0291469 0.0009200 0.0000000 0.3027668 0.0733084 0.0086271 0.0011480 0.0035011 0.0161789 0.0000000 0.0044562 0.0071745 0.0000000 0.1514404 0.3464462
110 K 110 0.4358128 0.0368804 0.0189456 0.0000000 0.0131760 0.0000000 0.0023511 0.0036898 0.0046314 0.0011091 0.0185374 0.3838014 0.0000000 0.0000000 0.0000000 0.0461417 0.0349234 0.0000000 0.0000000 0.0000000
111 D 111 0.0254324 0.0086781 0.0840180 0.6527376 0.0052531 0.0101531 0.0610660 0.0398278 0.0091722 0.0000000 0.0034774 0.0020045 0.0059594 0.0000000 0.0030519 0.0435918 0.0438475 0.0000000 0.0017293 0.0000000
112 S 112 0.0732392 0.0418313 0.1143541 0.0395458 0.0452217 0.0144825 0.0093219 0.0074940 0.0009599 0.0029805 0.0113144 0.0618266 0.0105741 0.0000000 0.0305073 0.3822983 0.1162286 0.0000000 0.0000000 0.0378197
113 D 113 0.0556273 0.0027606 0.0310023 0.3857138 0.0000000 0.0397071 0.2907947 0.0083903 0.0159975 0.0000000 0.0000000 0.0134313 0.0000000 0.0000000 0.0682906 0.0538147 0.0236312 0.0000000 0.0054098 0.0054289
114 D 114 0.0033838 0.0456115 0.3580002 0.1976060 0.0026953 0.0154072 0.0459634 0.0545954 0.0112174 0.0018080 0.0009179 0.0475404 0.0010545 0.0097916 0.0061157 0.0705747 0.0450395 0.0018011 0.0689653 0.0119109
115 V 115 0.0246150 0.0000000 0.0000000 0.0000000 0.0086713 0.0000000 0.0000000 0.0000000 0.0000000 0.2502639 0.0078661 0.0000000 0.0657451 0.0528998 0.0017132 0.0023112 0.0249235 0.0000000 0.0077177 0.5532733
116 P 116 0.0248029 0.0029060 0.1055857 0.0030511 0.0236376 0.0232016 0.0519185 0.0000000 0.0056927 0.0214015 0.0092061 0.0015809 0.0023097 0.0012268 0.4247798 0.0288445 0.0260928 0.0000000 0.0006638 0.2430981
117 M 117 0.0012844 0.0356634 0.0011110 0.0000000 0.0063863 0.0022426 0.0000000 0.0000000 0.0000000 0.3029042 0.0387335 0.2292075 0.2024674 0.0313098 0.0000000 0.0000000 0.0141146 0.0000000 0.0000000 0.1345753
118 V 118 0.0165160 0.0000000 0.0000000 0.0000000 0.0000000 0.0000000 0.0030317 0.0058474 0.0000000 0.1651602 0.1694337 0.0000000 0.3085646 0.0537854 0.0000000 0.0000000 0.0050389 0.0000000 0.0032389 0.2693831
119 L 119 0.0011342 0.0000000 0.0000000 0.0000000 0.0000000 0.0013677 0.0000000 0.0000000 0.0000000 0.0666989 0.8209777 0.0000000 0.0243108 0.0000000 0.0000000 0.0000000 0.0000000 0.0000000 0.0000000 0.0855108
120 V 120 0.0205409 0.0000000 0.0000000 0.0000000 0.0072889 0.0000000 0.0000000 0.0000000 0.0000000 0.1736956 0.0576557 0.0000000 0.0013096 0.0000000 0.0000000 0.0055113 0.0011254 0.0000000 0.0000000 0.7328725
121 G 121 0.0328232 0.0000000 0.0000000 0.0000000 0.0000000 0.0000000 0.0000000 0.9642293 0.0000000 0.0000000 0.0000000 0.0000000 0.0000000 0.0000000 0.0000000 0.0029475 0.0000000 0.0000000 0.0000000 0.0000000
122 N 122 0.0000000 0.0000000 0.9922631 0.0000000 0.0000000 0.0000000 0.0000000 0.0000000 0.0045091 0.0000000 0.0000000 0.0000000 0.0000000 0.0000000 0.0000000 0.0032278 0.0000000 0.0000000 0.0000000 0.0000000
123 K 123 0.0000000 0.0000000 0.0000000 0.0000000 0.0000000 0.0000000 0.0000000 0.0000000 0.0000000 0.0000000 0.0000000 1.0000000 0.0000000 0.0000000 0.0000000 0.0000000 0.0000000 0.0000000 0.0000000 0.0000000
124 C 124 0.1103686 0.0000000 0.0165643 0.0000000 0.4196861 0.0000000 0.0000000 0.0073507 0.0000000 0.0471327 0.0174003 0.0050463 0.0006775 0.0058478 0.0000000 0.2982644 0.0280908 0.0000000 0.0091017 0.0344687
125 D 125 0.0000000 0.0000000 0.0000000 0.9875494 0.0000000 0.0000000 0.0087794 0.0000000 0.0000000 0.0000000 0.0000000 0.0000000 0.0000000 0.0000000 0.0000000 0.0000000 0.0000000 0.0000000 0.0000000 0.0036711
126 L 126 0.0057484 0.0061696 0.0000000 0.0159165 0.0136033 0.0014192 0.0023347 0.0000000 0.0000000 0.0163423 0.7869268 0.0227703 0.0649016 0.0010668 0.0000000 0.0058479 0.0009405 0.0148091 0.0000000 0.0412030
127 A 127 0.0639957 0.0846949 0.0338057 0.1527006 0.0000000 0.0184151 0.4145541 0.0123000 0.0171412 0.0021566 0.0013546 0.0433689 0.0000000 0.0000000 0.0379068 0.0593982 0.0572904 0.0000000 0.0000000 0.0009173
128 A 128 0.0318026 0.0117190 0.0507474 0.0907245 0.0000000 0.0805004 0.3458144 0.0000000 0.1534131 0.0000000 0.0000000 0.1602255 0.0000000 0.0000000 0.0000000 0.0508005 0.0227373 0.0000000 0.0000000 0.0015153
129 R 129 0.0000000 0.9032311 0.0018260 0.0000000 0.0014761 0.0026250 0.0000000 0.0000000 0.0013830 0.0010443 0.0073019 0.0710528 0.0010203 0.0000000 0.0000000 0.0032310 0.0000000 0.0041007 0.0000000 0.0017079
130 T 130 0.2400728 0.0152795 0.0032700 0.0150414 0.0057285 0.2207528 0.1139649 0.0022455 0.0000000 0.0192639 0.0047916 0.0352028 0.0146264 0.0000000 0.0000000 0.0184884 0.0422172 0.0000000 0.0000000 0.2490545
131 V 131 0.0016432 0.0000000 0.0000000 0.0000000 0.0010647 0.0000000 0.0000000 0.0000000 0.0000000 0.0895229 0.0035133 0.0000000 0.0018115 0.0011298 0.0000000 0.0000000 0.0000000 0.0000000 0.0000000 0.9013146
132 E 132 0.0242992 0.0090468 0.0023884 0.0847638 0.0011513 0.0255443 0.0635705 0.0545386 0.0008847 0.0046220 0.0103026 0.0233887 0.0030925 0.0008282 0.1494939 0.4340933 0.1050381 0.0011569 0.0000000 0.0017962
133 S 133 0.0236622 0.0956903 0.0032376 0.0007088 0.0013647 0.0259484 0.0306951 0.0026003 0.0061760 0.0197102 0.0171340 0.1275083 0.0177477 0.0487771 0.0204389 0.0493122 0.2876890 0.0000000 0.1498848 0.0717145
134 R 134 0.0567708 0.0309311 0.0315078 0.1024260 0.0000000 0.0724245 0.5822866 0.0065431 0.0119560 0.0017670 0.0032933 0.0217297 0.0012856 0.0000000 0.0024306 0.0307110 0.0361931 0.0000000 0.0000000 0.0077438
135 Q 135 0.0136859 0.0584189 0.0019770 0.1395783 0.0000000 0.1372731 0.5291884 0.0000000 0.0020203 0.0018252 0.0043974 0.0201289 0.0073617 0.0000000 0.0000000 0.0091495 0.0557287 0.0000000 0.0000000 0.0192666
136 A 136 0.3564217 0.0000000 0.0000000 0.0020213 0.0071037 0.0000000 0.0000000 0.6235126 0.0000000 0.0018647 0.0000000 0.0000000 0.0000000 0.0000000 0.0000000 0.0038199 0.0000000 0.0000000 0.0000000 0.0052561
137 Q 137 0.0397774 0.0974131 0.0076945 0.0036434 0.0018005 0.2266342 0.1556649 0.0050158 0.0140950 0.0611136 0.0662512 0.2307316 0.0132459 0.0212256 0.0030579 0.0119236 0.0158553 0.0006233 0.0035798 0.0206535
138 D 138 0.2378805 0.0358477 0.0621067 0.0719226 0.0000000 0.1080260 0.2386036 0.0241425 0.0076494 0.0046270 0.0097100 0.0758441 0.0075409 0.0016851 0.0005905 0.0903808 0.0192311 0.0000000 0.0000000 0.0042115
139 L 139 0.0007444 0.0174298 0.0000000 0.0000000 0.0042347 0.0000000 0.0000000 0.0000000 0.0000000 0.0220382 0.4789469 0.0158158 0.0153310 0.3143236 0.0000000 0.0000000 0.0028817 0.0061657 0.0539377 0.0681505
140 A 140 0.8838976 0.0000000 0.0000000 0.0000000 0.0045431 0.0000000 0.0000000 0.0050059 0.0000000 0.0000000 0.0000000 0.0000000 0.0000000 0.0000000 0.0000000 0.1020573 0.0012827 0.0000000 0.0000000 0.0032134
141 R 141 0.0321249 0.2398787 0.0267794 0.1485402 0.0000000 0.0684694 0.1683035 0.0036561 0.0035299 0.0111976 0.0064466 0.1933068 0.0027382 0.0000000 0.0000000 0.0691007 0.0159900 0.0000000 0.0017062 0.0082318
142 S 142 0.0283411 0.0640365 0.0169805 0.0541405 0.0122878 0.1995239 0.2745257 0.0048917 0.0313054 0.0010475 0.0063547 0.1189558 0.0019693 0.0010929 0.0000000 0.1521429 0.0289198 0.0007902 0.0026937 0.0000000
143 Y 143 0.0008864 0.0023591 0.1208668 0.0000000 0.0038342 0.0164801 0.0910837 0.0000000 0.1125654 0.0215964 0.1799886 0.0068070 0.0271411 0.1472441 0.0000000 0.0006462 0.0000000 0.1501775 0.1159242 0.0023994
144 G 144 0.0117333 0.0133181 0.2260508 0.0368556 0.0016951 0.0182590 0.0048077 0.5792087 0.0121685 0.0000000 0.0000000 0.0418648 0.0000000 0.0000000 0.0000000 0.0500139 0.0040244 0.0000000 0.0000000 0.0000000
145 I 145 0.0607316 0.0000000 0.0000000 0.0000000 0.1923528 0.0000000 0.0000000 0.0014200 0.0000000 0.2739413 0.2452425 0.0012551 0.0696335 0.0088131 0.0000000 0.0040934 0.0147109 0.0000000 0.0000000 0.1278059
146 P 146 0.0642264 0.0274786 0.0030253 0.0164326 0.0035144 0.0240473 0.0251372 0.0050675 0.0045055 0.0299106 0.0843205 0.0911346 0.0119828 0.0523467 0.3791289 0.1353689 0.0107112 0.0000000 0.0135888 0.0180722
147 Y 147 0.0000000 0.0000000 0.0017099 0.0000000 0.0038532 0.0000000 0.0000000 0.0000000 0.0029180 0.0013981 0.0134294 0.0000000 0.0014539 0.8537717 0.0000000 0.0038909 0.0000000 0.0000000 0.1167248 0.0008503
148 I 148 0.0058146 0.0000000 0.0000000 0.0000000 0.0021495 0.0005667 0.0000000 0.0000000 0.0008713 0.2116224 0.3006767 0.0007976 0.1897407 0.0991776 0.0007522 0.0020073 0.0104681 0.0010806 0.0912969 0.0829779
149 E 149 0.0000000 0.0000000 0.0000000 0.0046463 0.0000000 0.0000000 0.9953537 0.0000000 0.0000000 0.0000000 0.0000000 0.0000000 0.0000000 0.0000000 0.0000000 0.0000000 0.0000000 0.0000000 0.0000000 0.0000000
150 T 150 0.0975975 0.0000000 0.0000000 0.0000000 0.0117364 0.0000000 0.0000000 0.0000000 0.0000000 0.0000000 0.0000000 0.0000000 0.0000000 0.0000000 0.0000000 0.0462315 0.8181896 0.0000000 0.0000000 0.0262450
151 S 151 0.0000000 0.0000000 0.0000000 0.0000000 0.0000000 0.0000000 0.0000000 0.0016143 0.0000000 0.0000000 0.0030579 0.0000000 0.0000000 0.0000000 0.0000000 0.9953278 0.0000000 0.0000000 0.0000000 0.0000000
152 A 152 0.9880790 0.0000000 0.0000000 0.0000000 0.0036116 0.0000000 0.0000000 0.0000000 0.0000000 0.0000000 0.0018423 0.0000000 0.0000000 0.0000000 0.0000000 0.0064671 0.0000000 0.0000000 0.0000000 0.0000000
153 K 153 0.0339686 0.0411455 0.0000000 0.0000000 0.0000000 0.0027285 0.0000000 0.0000000 0.0000000 0.0000000 0.2289437 0.6736722 0.0165638 0.0018782 0.0000000 0.0010995 0.0000000 0.0000000 0.0000000 0.0000000
154 T 154 0.0458829 0.0147527 0.1214516 0.1439846 0.0000000 0.1056474 0.0795650 0.0069098 0.0034106 0.0038997 0.0813771 0.0058740 0.0048745 0.0088995 0.0000000 0.0982812 0.2601738 0.0000000 0.0122250 0.0027907
155 R 155 0.2826218 0.2903357 0.1112867 0.0173262 0.0176737 0.0012768 0.0000000 0.0424603 0.0000000 0.0000000 0.0000000 0.0778559 0.0000000 0.0000000 0.0037612 0.1524568 0.0000000 0.0000000 0.0029450 0.0000000
156 Q 156 0.0320895 0.0038411 0.0116979 0.0304477 0.0019611 0.0659498 0.0562629 0.0014261 0.0298748 0.2637733 0.0538856 0.0082189 0.0420135 0.0095354 0.0013816 0.1154210 0.2055149 0.0000000 0.0156046 0.0511004
157 G 157 0.0013981 0.0080806 0.8509610 0.0012324 0.0029745 0.0037688 0.0000000 0.0828063 0.0131686 0.0000000 0.0023750 0.0030537 0.0008730 0.0162570 0.0000000 0.0016273 0.0000000 0.0000000 0.0114236 0.0000000
158 V 158 0.0000000 0.0000000 0.0023782 0.0000000 0.0000000 0.0000000 0.0000000 0.0000000 0.0025808 0.0846145 0.0030339 0.0000000 0.0000000 0.0000000 0.0000000 0.0000000 0.0000000 0.0000000 0.0000000 0.9073925
159 E 159 0.0068602 0.0074228 0.0709192 0.2978386 0.0000000 0.0252435 0.5373546 0.0018435 0.0125581 0.0000000 0.0015284 0.0144684 0.0010451 0.0000000 0.0007508 0.0091053 0.0113140 0.0000000 0.0017476 0.0000000
160 D 160 0.0265686 0.0105101 0.0487859 0.1330847 0.0100604 0.0957905 0.4405600 0.0037871 0.0028589 0.0019069 0.0456836 0.1035524 0.0017244 0.0023094 0.0050187 0.0244822 0.0366280 0.0000000 0.0006429 0.0060454
161 A 161 0.6514665 0.0000000 0.0000000 0.0000000 0.0256459 0.0000000 0.0000000 0.0034996 0.0000000 0.0727320 0.0093455 0.0000000 0.0163719 0.0000000 0.0029512 0.0571522 0.0101829 0.0000000 0.0000000 0.1506522
162 F 162 0.0000000 0.0000000 0.0000000 0.0000000 0.0000000 0.0000000 0.0000000 0.0000000 0.0000000 0.0000000 0.0023859 0.0000000 0.0000000 0.9902225 0.0000000 0.0000000 0.0000000 0.0000000 0.0073916 0.0000000
163 Y 163 0.0107742 0.0116896 0.0219911 0.0049112 0.0078525 0.0892810 0.0619382 0.0013073 0.0583792 0.0776196 0.1106421 0.0084834 0.0638863 0.0814680 0.0000000 0.0189060 0.0363973 0.0045297 0.2536242 0.0763191
164 T 164 0.0730559 0.0212289 0.0690957 0.2086093 0.0060082 0.0420046 0.1219566 0.0600625 0.0025050 0.0104194 0.0111147 0.0286857 0.0092908 0.0000000 0.0000000 0.0687815 0.2568995 0.0000000 0.0024099 0.0078720
165 L 165 0.0074415 0.0000000 0.0009822 0.0000000 0.0013643 0.0000000 0.0008608 0.0000000 0.0000000 0.1655856 0.5104589 0.0000000 0.1076471 0.0000000 0.0000000 0.0000000 0.0808411 0.0000000 0.0000000 0.1248185
166 V 166 0.3405543 0.0000000 0.0000000 0.0000000 0.0258021 0.0000000 0.0000000 0.0032909 0.0000000 0.0483024 0.1337407 0.0000000 0.0254844 0.0026224 0.0000000 0.0135832 0.0294117 0.0000000 0.0000000 0.3772080
167 R 167 0.0585987 0.5388641 0.0066361 0.0026326 0.0018048 0.0265602 0.0424757 0.0235849 0.0050347 0.0000000 0.0104898 0.1118289 0.0017438 0.0012893 0.0000000 0.0405424 0.1213403 0.0000000 0.0008560 0.0057176
168 E 168 0.0547492 0.0154383 0.0153085 0.1093535 0.0075900 0.1935080 0.3532648 0.0046983 0.0012191 0.0204390 0.0700628 0.0808330 0.0146688 0.0019302 0.0013783 0.0354916 0.0124988 0.0000000 0.0006025 0.0069654
169 I 169 0.0000000 0.0000000 0.0010141 0.0000000 0.0011354 0.0000000 0.0000000 0.0000000 0.0000000 0.8000522 0.0567722 0.0000000 0.0208871 0.0012449 0.0000000 0.0000000 0.0010190 0.0000000 0.0000000 0.1178750
170 R 170 0.0027895 0.2623599 0.0509413 0.0022051 0.0017477 0.0249456 0.0012613 0.0000000 0.0110403 0.0780215 0.0831804 0.1921053 0.0394478 0.0152891 0.0130767 0.0027155 0.0054193 0.0000000 0.2091891 0.0042646
171 Q 171 0.0425302 0.2889841 0.0629893 0.1128278 0.0010047 0.0959446 0.0916158 0.0027202 0.0238291 0.0041079 0.0120072 0.1986106 0.0040338 0.0000000 0.0000000 0.0306606 0.0223433 0.0000000 0.0013932 0.0043979
172 H 172 0.0104714 0.1876929 0.1069630 0.0569691 0.0000000 0.0323610 0.0200510 0.0144056 0.0481460 0.0547676 0.0218558 0.2531646 0.0213492 0.0247469 0.0020004 0.0393450 0.0465908 0.0035559 0.0372547 0.0183092
173 G 173 0.0116316 0.0422602 0.0641890 0.0311741 0.0000000 0.0339374 0.1148029 0.0689269 0.0202357 0.1256276 0.0711179 0.0880660 0.0955401 0.0031754 0.0461209 0.0192879 0.0527405 0.0000000 0.0009256 0.1102404
174 G 174 0.0832612 0.0266078 0.0276389 0.0359084 0.0009251 0.0753053 0.0958333 0.1291309 0.0089723 0.0648908 0.0479548 0.0929272 0.0421175 0.0000000 0.0722541 0.1446541 0.0193525 0.0000000 0.0096283 0.0226374
175 G 175 0.0478954 0.0511888 0.0527027 0.0680152 0.0000000 0.0907425 0.1719427 0.0408400 0.0311351 0.0217513 0.0536654 0.1063301 0.0110831 0.0000000 0.0429702 0.0994280 0.0549113 0.0008509 0.0010569 0.0534905
176 S 176 0.0667529 0.0565417 0.0551945 0.0365555 0.0024282 0.0732214 0.0468702 0.1202920 0.0288409 0.0286950 0.0263053 0.1208266 0.0148708 0.0073987 0.0597460 0.1327234 0.0496062 0.0188011 0.0308532 0.0234764
177 N 177 0.0645694 0.0221513 0.1567415 0.0478912 0.0034688 0.0931315 0.0847313 0.0793093 0.0097544 0.0228751 0.0308289 0.0470159 0.0099553 0.0007510 0.0550412 0.1062018 0.0457217 0.0000000 0.0028070 0.1170534
178 T 178 0.0705948 0.0471620 0.0850161 0.0142147 0.0018714 0.0732367 0.0322468 0.0286962 0.0078179 0.0422312 0.0808046 0.1432876 0.0280221 0.0344363 0.0505670 0.0975322 0.1136460 0.0000000 0.0067586 0.0418577
179 I 179 0.1084692 0.0527429 0.0618418 0.1492535 0.0031704 0.0463949 0.0887315 0.0535262 0.0160504 0.0665955 0.0189173 0.0849287 0.0239434 0.0029677 0.0562166 0.0648370 0.0402654 0.0000000 0.0129484 0.0481993
180 R 180 0.0730405 0.1364478 0.1471327 0.0395834 0.0011681 0.0444688 0.0449495 0.0639567 0.0152283 0.0200613 0.0817405 0.1031531 0.0116984 0.0053415 0.0465723 0.0775157 0.0514669 0.0000000 0.0000000 0.0364746
181 V 181 0.0874687 0.0254593 0.0871312 0.0547102 0.0000000 0.0422435 0.0888448 0.0936992 0.0058001 0.0084084 0.0279602 0.1097393 0.0106537 0.0024950 0.0804916 0.1279907 0.0793682 0.0022599 0.0027354 0.0625407
182 F 182 0.1177047 0.0468834 0.0951618 0.0608864 0.0021686 0.0615738 0.0862448 0.0849470 0.0094783 0.0196894 0.0464717 0.0800092 0.0058323 0.0559303 0.0262692 0.1133741 0.0371890 0.0000000 0.0059244 0.0442616
183 L 183 0.1081931 0.0363646 0.0628045 0.0745155 0.0000000 0.0633191 0.0951662 0.0619327 0.0075699 0.0232515 0.0961585 0.0714649 0.0227367 0.0037769 0.0468874 0.1267540 0.0201892 0.0000000 0.0056211 0.0732942
184 P 184 0.1059935 0.0506848 0.0461282 0.0755758 0.0000000 0.0490512 0.0373355 0.0738939 0.0190066 0.0179794 0.0329140 0.0514858 0.0045076 0.0037382 0.2132295 0.1368852 0.0466847 0.0058937 0.0099343 0.0190783
185 N 185 0.0620676 0.0300469 0.1792860 0.0561372 0.0000000 0.0719403 0.0752107 0.1383710 0.0147333 0.0113818 0.0123303 0.0910714 0.0009059 0.0078037 0.0259941 0.1133093 0.0722463 0.0030656 0.0168433 0.0172553
186 K 186 0.0471543 0.0490760 0.0822652 0.1002932 0.0000000 0.0678947 0.0529641 0.1623397 0.0067900 0.0197332 0.0225084 0.1752223 0.0055243 0.0137470 0.0424028 0.0759447 0.0296612 0.0034359 0.0027564 0.0402866
187 Q 187 0.0684306 0.0361497 0.0632072 0.0590966 0.0000000 0.1053787 0.0630695 0.0658679 0.0237085 0.0674350 0.0235112 0.1262062 0.0015609 0.0025133 0.0828131 0.1112535 0.0474133 0.0000000 0.0073515 0.0450334
188 R 188 0.1052998 0.1206150 0.0760384 0.0255097 0.0020283 0.0823075 0.0351825 0.0757579 0.0054681 0.0256588 0.0233210 0.1894471 0.0105492 0.0172703 0.0354747 0.0832413 0.0455725 0.0023249 0.0174315 0.0215015
189 T 189 0.0491049 0.0581156 0.0919168 0.0260746 0.0294240 0.0471344 0.0378666 0.0961055 0.0109898 0.0369931 0.0462382 0.0925859 0.0042479 0.0232152 0.0618592 0.1138969 0.0939176 0.0019628 0.0062970 0.0720541
