  172         A         R         N         D         C         Q         E         G         H         I         L         K         M         F         P         S         T         W         Y         V         X    
  1 G   1 0.0434729 0.0000000 0.0428728 0.0000000 0.0000000 0.0000000 0.0000000 0.0300095 0.0000000 0.0000000 0.0000000 0.0000000 0.0000000 0.0000000 0.0000000 0.0822336 0.0000000 0.0000000 0.0000000 0.0000000 0.8014114
  2 I   2 0.0000000 0.0000000 0.0000000 0.0000000 0.0000000 0.0000000 0.0000000 0.0000000 0.0000000 0.1142805 0.3829023 0.0000000 0.0036195 0.0317063 0.0000000 0.0000000 0.0000000 0.0000000 0.0000000 0.0130412 0.4544502
  3 K   3 0.0312458 0.0288654 0.0438303 0.0252493 0.0000000 0.0780625 0.0859777 0.0000000 0.0043575 0.0000000 0.0026186 0.1773743 0.0000000 0.0000000 0.0000000 0.0307636 0.0690118 0.0000000 0.0000000 0.0000000 0.4226433
  4 Q   4 0.0333615 0.0127240 0.0455115 0.0704243 0.0000000 0.1240478 0.0798048 0.0161394 0.0070391 0.0138801 0.0000000 0.0589404 0.0000000 0.0000000 0.0000000 0.0093543 0.0157481 0.0000000 0.0000000 0.1182641 0.3947604
  5 Y   5 0.0000000 0.0000000 0.0037787 0.0000000 0.0025239 0.0000000 0.0000000 0.0000000 0.0000000 0.0181645 0.1932089 0.0000000 0.0429726 0.2387942 0.0000000 0.0000000 0.0000000 0.0089652 0.1158289 0.0000000 0.3757631
  6 S   6 0.0725428 0.0000000 0.0354069 0.1193663 0.0000000 0.0000000 0.0552194 0.0404428 0.0000000 0.0000000 0.0000000 0.0556313 0.0000000 0.0000000 0.0025682 0.1513688 0.1177035 0.0000000 0.0000000 0.0000000 0.3497500
  7 Q   7 0.0145475 0.0155223 0.0614456 0.0460573 0.0000000 0.0555692 0.0480913 0.2100140 0.0126576 0.0000000 0.0000000 0.1049100 0.0085602 0.0000000 0.0497931 0.0108694 0.0191576 0.0000000 0.0000000 0.0000000 0.3428049
  8 E   8 0.0198610 0.0069761 0.0000000 0.0248071 0.0000000 0.1731916 0.2912055 0.0000000 0.0531551 0.0194720 0.0172780 0.0319716 0.0000000 0.0000000 0.0000000 0.0000000 0.0104321 0.0000000 0.0000000 0.0194117 0.3322382
  9 E   9 0.0000000 0.0388697 0.1213361 0.0903721 0.0000000 0.1129628 0.1898831 0.0000000 0.0000000 0.0044046 0.0105181 0.0938218 0.0521096 0.0000000 0.0444597 0.0020778 0.0034511 0.0000000 0.0000000 0.0000000 0.2357335
 10 L  10 0.0109944 0.0484515 0.0000000 0.0000000 0.0000000 0.0000000 0.0000000 0.0000000 0.0000000 0.0942773 0.1611121 0.3086579 0.0315629 0.0145155 0.0000000 0.0000000 0.0000000 0.0000000 0.0351062 0.0818353 0.2134868
 11 K  11 0.0293848 0.0233714 0.0990756 0.0972005 0.0000000 0.0783347 0.1388919 0.0000000 0.0130220 0.0034129 0.0000000 0.1105295 0.0000000 0.0000000 0.0087367 0.1590375 0.0306937 0.0000000 0.0085602 0.0000000 0.1997486
 12 E  12 0.0087025 0.0037390 0.0495877 0.0277387 0.0000000 0.0358107 0.5937672 0.0000000 0.0247254 0.0000000 0.0000000 0.0395928 0.0000000 0.0000000 0.0000000 0.0156991 0.0000000 0.0000000 0.0211358 0.0087567 0.1707444
 13 M  13 0.0048735 0.0074532 0.0043231 0.0000000 0.0045051 0.0000000 0.0329828 0.0000000 0.0000000 0.0221280 0.3830671 0.0821796 0.2352511 0.0165618 0.0287046 0.0152527 0.0156182 0.0000000 0.0000000 0.0192462 0.1278533
 14 A  14 0.1026056 0.0055648 0.0133319 0.0078039 0.0000000 0.0000000 0.0000000 0.0000000 0.0000000 0.0000000 0.0000000 0.0000000 0.0000000 0.0000000 0.0451185 0.6682806 0.0808418 0.0000000 0.0000000 0.0000000 0.0764530
 15 L  15 0.0055648 0.0000000 0.0320216 0.0238566 0.0000000 0.0000000 0.0900411 0.0000000 0.0000000 0.0153372 0.2749096 0.0056990 0.4042683 0.1028833 0.0109110 0.0000000 0.0000000 0.0000000 0.0000000 0.0087367 0.0257709
 16 V  16 0.0475229 0.0000000 0.0000000 0.0000000 0.0000000 0.0000000 0.0169115 0.0000000 0.0000000 0.4433723 0.0743696 0.0135263 0.0151705 0.0000000 0.0000000 0.0260430 0.0503013 0.0000000 0.0000000 0.3058065 0.0069761
 17 E  17 0.0000000 0.0000000 0.0498373 0.4480500 0.0000000 0.0000000 0.4700659 0.0000000 0.0109110 0.0000000 0.0000000 0.0000000 0.0000000 0.0000000 0.0000000 0.0211358 0.0000000 0.0000000 0.0000000 0.0000000 0.0000000
 18 I  18 0.0316745 0.0000000 0.0000000 0.0000000 0.0000000 0.0268348 0.0000000 0.0000000 0.0000000 0.2275386 0.2181894 0.0104202 0.0657519 0.0133683 0.0000000 0.0000000 0.0167278 0.0118733 0.0000000 0.3776213 0.0000000
 19 A  19 0.8557115 0.0000000 0.0000000 0.0000000 0.0260924 0.0000000 0.0000000 0.0041421 0.0000000 0.0096266 0.0069761 0.0000000 0.0000000 0.0056990 0.0000000 0.0000000 0.0140850 0.0000000 0.0000000 0.0776672 0.0000000
 20 H  20 0.0090961 0.0829714 0.0387263 0.0000000 0.0000000 0.0026738 0.0145114 0.0087567 0.2306131 0.0000000 0.0000000 0.0320468 0.0000000 0.0896580 0.0000000 0.0144979 0.0419131 0.0000000 0.4059532 0.0285821 0.0000000
 21 E  21 0.3271853 0.0000000 0.0184187 0.0472547 0.0000000 0.0303563 0.2606977 0.0000000 0.0448748 0.0141049 0.0347727 0.0279279 0.0134586 0.0250164 0.0000000 0.0433751 0.0597847 0.0000000 0.0271612 0.0256110 0.0000000
 22 L  22 0.0169072 0.0000000 0.0000000 0.0000000 0.0000000 0.0045327 0.0000000 0.0000000 0.0000000 0.5586679 0.1783134 0.0065600 0.0147754 0.0058984 0.0000000 0.0000000 0.0000000 0.0058346 0.0643287 0.1441818 0.0000000
 23 F  23 0.0546220 0.0000000 0.0000000 0.0000000 0.0000000 0.0000000 0.0000000 0.0000000 0.0000000 0.0201418 0.8321360 0.0000000 0.0711128 0.0219874 0.0000000 0.0000000 0.0000000 0.0000000 0.0000000 0.0000000 0.0000000
 24 E  24 0.1089597 0.0485190 0.0724130 0.0210481 0.0040418 0.0614558 0.2370299 0.0045051 0.0353844 0.0230660 0.0198833 0.1901833 0.0041287 0.0000000 0.0000000 0.0754288 0.0480293 0.0000000 0.0000000 0.0459239 0.0000000
 25 E  25 0.0703446 0.0379278 0.0575904 0.1247681 0.0000000 0.1261865 0.3144259 0.0129243 0.0145911 0.0000000 0.0209214 0.1176802 0.0000000 0.0017696 0.0000000 0.0420870 0.0310231 0.0000000 0.0131710 0.0145891 0.0000000
 26 H  26 0.0752590 0.1748982 0.0913125 0.0000000 0.0000000 0.0585013 0.0730680 0.0048735 0.1170496 0.0000000 0.0000000 0.2826643 0.0000000 0.0000000 0.0000000 0.0289580 0.0646505 0.0000000 0.0066743 0.0220907 0.0000000
 27 K  27 0.0351185 0.0805533 0.0932012 0.0035225 0.0000000 0.0452103 0.0267843 0.3639043 0.0234290 0.0075577 0.0000000 0.3075734 0.0000000 0.0000000 0.0000000 0.0053894 0.0000000 0.0000000 0.0077562 0.0000000 0.0000000
 28 K  28 0.0178769 0.0751753 0.1032280 0.0648674 0.0000000 0.0896052 0.3253982 0.0297754 0.0041459 0.0000000 0.0000000 0.1651195 0.0000000 0.0000000 0.0000000 0.0303870 0.0906821 0.0000000 0.0000000 0.0037390 0.0000000
 29 P  29 0.1789127 0.0240572 0.0069761 0.0034663 0.0000000 0.0162713 0.0934437 0.0066743 0.0000000 0.0101371 0.0000000 0.0203246 0.0000000 0.0000000 0.3530044 0.0687181 0.0950875 0.0000000 0.0000000 0.1229267 0.0000000
 30 V  30 0.0048735 0.0000000 0.0000000 0.0079006 0.0000000 0.0206999 0.0000000 0.0000000 0.0053894 0.0809917 0.0690848 0.0125630 0.5005188 0.1036070 0.0000000 0.0187948 0.0438823 0.0000000 0.0301551 0.1015392 0.0000000
 31 P  31 0.0870001 0.0000000 0.1676354 0.0928065 0.0000000 0.0208824 0.0239561 0.0072366 0.0940133 0.0000000 0.0162405 0.0282780 0.0000000 0.0141431 0.0952106 0.1076669 0.0906694 0.0000000 0.1377415 0.0165197 0.0000000
 32 F  32 0.0135263 0.0000000 0.0000000 0.0000000 0.0000000 0.0000000 0.0000000 0.0000000 0.0000000 0.0412838 0.0960314 0.0000000 0.0000000 0.6672048 0.0000000 0.0000000 0.0000000 0.0000000 0.1819537 0.0000000 0.0000000
 33 Q  33 0.0686884 0.1084906 0.1271848 0.0558543 0.0000000 0.1096171 0.0287902 0.0028053 0.0219535 0.0066743 0.0175057 0.0675577 0.0091391 0.0043498 0.0192021 0.1622082 0.0268435 0.0000000 0.1138619 0.0492735 0.0000000
 34 E  34 0.0512808 0.0000000 0.0339773 0.5128580 0.0000000 0.0373052 0.2247603 0.0000000 0.0041109 0.0080173 0.0000000 0.0600324 0.0000000 0.0000000 0.0000000 0.0467328 0.0167830 0.0000000 0.0000000 0.0041421 0.0000000
 35 L  35 0.0000000 0.0000000 0.0000000 0.0000000 0.0000000 0.0000000 0.0000000 0.0000000 0.0000000 0.2688750 0.6925422 0.0000000 0.0040418 0.0345411 0.0000000 0.0000000 0.0000000 0.0000000 0.0000000 0.0000000 0.0000000
 36 L  36 0.0594334 0.0064231 0.0000000 0.0000000 0.0000000 0.0000000 0.0000000 0.0000000 0.0000000 0.2086590 0.1677284 0.0000000 0.0658971 0.0303549 0.0000000 0.0000000 0.0556940 0.1664263 0.0087567 0.2306270 0.0000000
 37 N  37 0.0347511 0.0168862 0.3072584 0.1122615 0.0000000 0.0994412 0.1089377 0.0196891 0.0156616 0.0156031 0.0252159 0.1723121 0.0158402 0.0000000 0.0000000 0.0077562 0.0244000 0.0000000 0.0000000 0.0239858 0.0000000
 38 E  38 0.0982638 0.0138467 0.0000000 0.0389108 0.0000000 0.0632957 0.6087849 0.0118397 0.0000000 0.0171029 0.0141543 0.0600317 0.0000000 0.0000000 0.0000000 0.0279339 0.0114471 0.0000000 0.0260924 0.0082961 0.0000000
 39 I  39 0.0331050 0.0000000 0.0000000 0.0000000 0.0000000 0.0000000 0.0000000 0.0000000 0.0000000 0.4402559 0.0154714 0.0000000 0.0065691 0.0462750 0.0000000 0.0000000 0.0441229 0.0000000 0.0031772 0.4110235 0.0000000
 40 A  40 0.1616880 0.0072080 0.0000000 0.0000000 0.0231925 0.3408557 0.0193353 0.0194017 0.0000000 0.0509895 0.0976687 0.0903042 0.0274976 0.0056990 0.0000000 0.0868420 0.0000000 0.0000000 0.0000000 0.0693178 0.0000000
 41 S  41 0.0965204 0.0294333 0.1053230 0.0952572 0.0000000 0.1129377 0.1774556 0.0162912 0.0000000 0.0044986 0.0000000 0.2326929 0.0000000 0.0000000 0.0260924 0.0709244 0.0275875 0.0000000 0.0000000 0.0049859 0.0000000
 42 L  42 0.0538834 0.0473207 0.0125841 0.0407558 0.0000000 0.0309187 0.0203142 0.0000000 0.0211358 0.0785626 0.1983307 0.0477151 0.0272601 0.1100708 0.0000000 0.0037094 0.0113994 0.0000000 0.2353115 0.0607277 0.0000000
 43 L  43 0.0218766 0.0802906 0.0076938 0.0000000 0.0000000 0.0192222 0.0104202 0.0519740 0.0069452 0.0300463 0.3870872 0.1982129 0.0588581 0.0270342 0.0000000 0.0301113 0.0371039 0.0000000 0.0000000 0.0331235 0.0000000
 44 G  44 0.0259800 0.0049853 0.1120938 0.0694170 0.0070426 0.0000000 0.1491130 0.4398517 0.0516107 0.0394747 0.0000000 0.0616831 0.0000000 0.0064231 0.0039410 0.0079123 0.0204715 0.0000000 0.0000000 0.0000000 0.0000000
 45 V  45 0.0185567 0.0260372 0.0091391 0.0071832 0.0000000 0.0108458 0.0074232 0.0000000 0.0000000 0.1411434 0.1598439 0.2040527 0.0382373 0.1108805 0.0000000 0.0472790 0.0263582 0.0000000 0.0866531 0.1063667 0.0000000
 46 K  46 0.0100322 0.0019273 0.0408534 0.1114323 0.0000000 0.0326464 0.0521591 0.0029744 0.0091391 0.0000000 0.0000000 0.0758575 0.0000000 0.0000000 0.0841379 0.4194760 0.1392543 0.0000000 0.0000000 0.0000000 0.0201099
 47 K  47 0.0410315 0.0055648 0.0383777 0.3551696 0.0000000 0.0506443 0.1546351 0.0039410 0.0000000 0.0096266 0.0160012 0.1568717 0.0000000 0.0120582 0.0089280 0.0305787 0.0061805 0.0000000 0.0222167 0.0596157 0.0285586
 48 E  48 0.0648531 0.0000000 0.0204324 0.1377026 0.0000000 0.0860554 0.4666155 0.0140540 0.0000000 0.0000000 0.0020997 0.0656776 0.0000000 0.0000000 0.0069761 0.0946789 0.0128768 0.0000000 0.0000000 0.0195293 0.0084486
 49 E  49 0.0414928 0.0040917 0.0297728 0.1623275 0.0000000 0.1478994 0.3983046 0.0063227 0.0000000 0.0113327 0.0034077 0.0214920 0.0000000 0.0000000 0.0190911 0.0863501 0.0399735 0.0000000 0.0000000 0.0084321 0.0197093
 50 L  50 0.0159847 0.0146067 0.0047728 0.0274476 0.0000000 0.0000000 0.0786410 0.0000000 0.0084486 0.3149539 0.1576678 0.0587613 0.0363264 0.1027660 0.0302544 0.0065600 0.0138645 0.0000000 0.0000000 0.0907756 0.0381688
 51 G  51 0.0631266 0.2483624 0.0632236 0.0350120 0.0000000 0.0353362 0.1663021 0.0322737 0.0000000 0.0303356 0.0090584 0.1139528 0.0288229 0.0000000 0.0525797 0.0570133 0.0091236 0.0000000 0.0000000 0.0043855 0.0510917
 52 D  52 0.1238980 0.0518075 0.0828595 0.1579438 0.0000000 0.0467702 0.2197825 0.0105706 0.0186604 0.0000000 0.0000000 0.0205472 0.0173549 0.0000000 0.0071653 0.1654206 0.0314325 0.0000000 0.0069451 0.0101371 0.0287046
 53 R  53 0.1415204 0.3583125 0.0367840 0.0000000 0.0000000 0.0629921 0.0000000 0.0000000 0.0037866 0.0081749 0.0620205 0.0945420 0.0041421 0.0114306 0.0000000 0.0705133 0.0169249 0.0230660 0.0047506 0.1010394 0.0000000
 54 I  54 0.0396187 0.0000000 0.0000000 0.0000000 0.0000000 0.0153372 0.0187673 0.0000000 0.0000000 0.4237243 0.3621742 0.0161185 0.0624836 0.0000000 0.0000000 0.0000000 0.0125343 0.0000000 0.0000000 0.0492419 0.0000000
 55 A  55 0.4675732 0.0000000 0.0000000 0.0000000 0.0000000 0.0000000 0.0000000 0.0542813 0.0000000 0.0204991 0.0073107 0.0000000 0.0000000 0.0000000 0.0854322 0.2390284 0.0167271 0.0000000 0.0000000 0.1091480 0.0000000
 56 Q  56 0.0428563 0.0944163 0.0145519 0.0301805 0.0153372 0.5308694 0.0725312 0.0216981 0.0034077 0.0000000 0.0379568 0.0000000 0.0000000 0.0369395 0.0153098 0.0269812 0.0088607 0.0000000 0.0355190 0.0125841 0.0000000
 57 F  57 0.0287046 0.0000000 0.0000000 0.0000000 0.0000000 0.0000000 0.0000000 0.0000000 0.0000000 0.0796978 0.1563765 0.0000000 0.0087367 0.6251042 0.0000000 0.0000000 0.0000000 0.0000000 0.0127852 0.0885951 0.0000000
 58 Y  58 0.0000000 0.0000000 0.0000000 0.0000000 0.0000000 0.0000000 0.0000000 0.0000000 0.0258034 0.0000000 0.0497619 0.0000000 0.0000000 0.0135688 0.0000000 0.0000000 0.0000000 0.0000000 0.9108658 0.0000000 0.0000000
 59 T  59 0.0077932 0.0000000 0.0065600 0.0135263 0.0000000 0.0211358 0.0000000 0.0303356 0.0000000 0.0000000 0.0000000 0.0000000 0.0269567 0.0000000 0.0000000 0.0775898 0.8083464 0.0000000 0.0000000 0.0077562 0.0000000
 60 D  60 0.0091158 0.0071005 0.0206452 0.6554019 0.0000000 0.0540104 0.1740566 0.0000000 0.0084629 0.0000000 0.0212500 0.0080173 0.0180918 0.0000000 0.0000000 0.0055646 0.0182831 0.0000000 0.0000000 0.0000000 0.0000000
 61 L  61 0.0000000 0.0000000 0.0000000 0.0000000 0.0000000 0.0000000 0.0000000 0.0000000 0.0000000 0.2355866 0.5800064 0.0000000 0.1434355 0.0211358 0.0000000 0.0000000 0.0000000 0.0000000 0.0000000 0.0044986 0.0153372
 62 N  62 0.0000000 0.0135263 0.7435968 0.0000000 0.0000000 0.0000000 0.0000000 0.0000000 0.0000000 0.0291472 0.0501002 0.0000000 0.0179591 0.0000000 0.0000000 0.0400070 0.0429508 0.0000000 0.0000000 0.0473754 0.0153372
 63 I  63 0.0071958 0.0000000 0.0037415 0.0000000 0.0000000 0.0230043 0.0228894 0.0000000 0.0000000 0.2656007 0.2668788 0.0000000 0.0839257 0.0088169 0.0000000 0.0153098 0.1595401 0.0000000 0.0035722 0.1241877 0.0153372
 64 D  64 0.0000000 0.0000000 0.0279127 0.9274867 0.0000000 0.0000000 0.0076938 0.0000000 0.0000000 0.0000000 0.0000000 0.0000000 0.0000000 0.0000000 0.0000000 0.0215697 0.0000000 0.0000000 0.0000000 0.0000000 0.0153372
 65 G  65 0.0239541 0.0000000 0.0615087 0.0269445 0.0000000 0.0000000 0.0000000 0.6992364 0.0000000 0.0000000 0.0000000 0.0000000 0.0069761 0.0000000 0.0442018 0.0607214 0.0617532 0.0000000 0.0000000 0.0147039 0.0000000
 66 R  66 0.0000000 0.6018925 0.0552766 0.0000000 0.0000000 0.0000000 0.0224849 0.0047506 0.0036195 0.0000000 0.0064231 0.0369069 0.0000000 0.0000000 0.0000000 0.2686458 0.0000000 0.0000000 0.0000000 0.0000000 0.0000000
 67 F  67 0.0000000 0.0000000 0.0000000 0.0000000 0.0000000 0.0000000 0.0000000 0.0000000 0.0000000 0.0000000 0.0111647 0.0000000 0.0061429 0.9826924 0.0000000 0.0000000 0.0000000 0.0000000 0.0000000 0.0000000 0.0000000
 68 L  68 0.0960937 0.0000000 0.0000000 0.0000000 0.0000000 0.0159392 0.0000000 0.0047728 0.0289674 0.4599664 0.1355009 0.0000000 0.0082017 0.0000000 0.0000000 0.0000000 0.0468636 0.0000000 0.0000000 0.2036943 0.0000000
 69 A  69 0.0322717 0.0153372 0.0924948 0.0000000 0.1079939 0.0000000 0.0000000 0.0036195 0.0480273 0.0034129 0.0550692 0.0135263 0.0000000 0.0383311 0.0644064 0.3331746 0.0629396 0.0000000 0.1293956 0.0000000 0.0000000
 70 L  70 0.0084629 0.0055648 0.0150045 0.0000000 0.0000000 0.0158372 0.0322991 0.0000000 0.0080173 0.0871683 0.4745176 0.0000000 0.0629220 0.0058984 0.0000000 0.0091391 0.0496019 0.0000000 0.0000000 0.2255669 0.0000000
 71 S  71 0.0000000 0.0000000 0.0000000 0.0087567 0.0000000 0.0175924 0.0443854 0.8548219 0.0000000 0.0000000 0.0000000 0.0000000 0.0000000 0.0000000 0.0066743 0.0398353 0.0279339 0.0000000 0.0000000 0.0000000 0.0000000
 72 D  72 0.0133683 0.0413356 0.1487035 0.3174236 0.0000000 0.0172974 0.3046059 0.0204786 0.0143943 0.0000000 0.0000000 0.0513073 0.0000000 0.0000000 0.0087567 0.0296922 0.0326367 0.0000000 0.0000000 0.0000000 0.0000000
 73 Q  73 0.0128302 0.0211358 0.6404938 0.0249404 0.0000000 0.0329340 0.0000000 0.2056353 0.0000000 0.0000000 0.0125841 0.0051819 0.0000000 0.0000000 0.0000000 0.0303606 0.0095807 0.0000000 0.0043231 0.0000000 0.0000000
 74 T  74 0.0083915 0.1643786 0.0249387 0.0000000 0.0000000 0.0354345 0.1379652 0.0150045 0.0060939 0.0089666 0.1012700 0.1545634 0.0617180 0.0069761 0.0000000 0.0260924 0.1156750 0.0000000 0.0272104 0.1000163 0.0053049
 75 W  75 0.0000000 0.0000000 0.0000000 0.0000000 0.0000000 0.0000000 0.0000000 0.0000000 0.0000000 0.0000000 0.0051819 0.0000000 0.0000000 0.0135263 0.0000000 0.0000000 0.0000000 0.9759869 0.0000000 0.0000000 0.0053049
 76 G  76 0.1174846 0.0000000 0.0125841 0.0763721 0.0000000 0.0000000 0.0000000 0.6838675 0.0000000 0.0000000 0.0104202 0.0702943 0.0000000 0.0000000 0.0000000 0.0069452 0.0096266 0.0000000 0.0000000 0.0000000 0.0124054
 77 L  77 0.0000000 0.0000000 0.0000000 0.0000000 0.0000000 0.0000000 0.0000000 0.0000000 0.0000000 0.0262785 0.9613162 0.0000000 0.0000000 0.0000000 0.0000000 0.0000000 0.0000000 0.0000000 0.0000000 0.0000000 0.0124054
 78 R  78 0.0061805 0.7011197 0.0086953 0.0000000 0.0000000 0.0000000 0.0000000 0.0000000 0.0000000 0.0000000 0.0000000 0.1653184 0.0000000 0.0000000 0.0000000 0.0394747 0.0545814 0.0000000 0.0000000 0.0070426 0.0175873
 79 S  79 0.1413826 0.0742971 0.0287936 0.1207982 0.0000000 0.0047504 0.1810803 0.0241365 0.0000000 0.0115408 0.0000000 0.0084921 0.0000000 0.0000000 0.0000000 0.2842283 0.0407629 0.0000000 0.0000000 0.0621500 0.0175873
 80 W  80 0.0000000 0.0937290 0.0092942 0.0206799 0.0000000 0.0000000 0.0000000 0.0096266 0.0000000 0.0000000 0.0000000 0.0000000 0.0104202 0.0503189 0.0000000 0.0260924 0.0000000 0.7374410 0.0153098 0.0000000 0.0270879
 81 Y  81 0.0193658 0.0058346 0.0178581 0.0104741 0.0000000 0.0175080 0.0182305 0.0000000 0.0682210 0.0000000 0.0553139 0.0000000 0.0608025 0.0500392 0.0115408 0.0184334 0.0000000 0.0000000 0.5734802 0.0410375 0.0318607
 82 P  82 0.0941618 0.0120413 0.0000000 0.0077562 0.0000000 0.0000000 0.0268506 0.0143190 0.0000000 0.0000000 0.0178929 0.0862040 0.0000000 0.0178261 0.5462285 0.0786275 0.0422850 0.0000000 0.0000000 0.0000000 0.0558071
 83 Y  83 0.0171893 0.0000000 0.0000000 0.0039410 0.0000000 0.0131257 0.0096266 0.0137907 0.0116263 0.1550198 0.0373441 0.0000000 0.0114901 0.1491732 0.0473590 0.0177408 0.0270517 0.0000000 0.1558337 0.2595794 0.0701086
 84 D  84 0.0032378 0.0069451 0.0133207 0.4775127 0.0000000 0.0000000 0.3007616 0.0000000 0.0070746 0.0000000 0.0000000 0.0606791 0.0000000 0.0000000 0.0000000 0.0385996 0.0000000 0.0000000 0.0311443 0.0000000 0.0607244
 85 Q  85 0.1002740 0.0301697 0.0092942 0.0973971 0.0000000 0.1449389 0.1850574 0.0150321 0.0034598 0.0204692 0.0000000 0.0453784 0.0000000 0.0101371 0.0000000 0.1948329 0.0377027 0.0096266 0.0000000 0.0298979 0.0663321
 86 L  86 0.0368488 0.0056990 0.0160727 0.0096266 0.0000000 0.0153372 0.0000000 0.0000000 0.0000000 0.4613398 0.0338515 0.0429091 0.0166845 0.0000000 0.0104741 0.0777049 0.0800252 0.0211358 0.0266855 0.0971538 0.0484516
 87 D  87 0.0135688 0.0945152 0.0658541 0.3680185 0.0000000 0.0000000 0.1888776 0.0000000 0.0657632 0.0000000 0.0230660 0.0861862 0.0000000 0.0000000 0.0000000 0.0000000 0.0047504 0.0000000 0.0000000 0.0218042 0.0675957
 88 E  88 0.0000000 0.0634185 0.0173900 0.0954077 0.0000000 0.0000000 0.5571419 0.0000000 0.0000000 0.0285429 0.0066743 0.0838370 0.0035225 0.0055646 0.0000000 0.0321537 0.0136878 0.0000000 0.0075577 0.0175057 0.0675957
 89 E  89 0.0929505 0.0086953 0.0000000 0.0903450 0.0000000 0.0352956 0.3523317 0.0165717 0.0083170 0.0470902 0.0162190 0.0554141 0.0051320 0.0260924 0.0234016 0.1113361 0.0192576 0.0000000 0.0000000 0.0171853 0.0743648
 90 T  90 0.0199580 0.0000000 0.0000000 0.0000000 0.0000000 0.0087324 0.0034663 0.0000000 0.0000000 0.2411706 0.0728772 0.0000000 0.0359071 0.0206799 0.0394429 0.0617827 0.1686914 0.0104202 0.0268214 0.2131170 0.0769330
 91 Q  91 0.1563428 0.0173549 0.0826031 0.0769919 0.0000000 0.0683237 0.0707065 0.0438063 0.0653697 0.0366931 0.0098361 0.0000000 0.0031772 0.0000000 0.0000000 0.0396588 0.1050720 0.0000000 0.0000000 0.1192125 0.1048514
 92 P  92 0.0331816 0.0124457 0.0572215 0.0432424 0.0000000 0.0135448 0.0611176 0.1010854 0.1223267 0.0802078 0.0071428 0.0391852 0.0019623 0.0096266 0.1490238 0.0803768 0.0690427 0.0000000 0.0079006 0.0223518 0.0890137
 93 T  93 0.0677170 0.0230660 0.0115408 0.0434767 0.0000000 0.0390389 0.0853223 0.0787894 0.0000000 0.0919800 0.0395627 0.0304599 0.0160476 0.0092942 0.0565263 0.1528746 0.1555532 0.0000000 0.0000000 0.0173016 0.0814489
 94 V  94 0.0686874 0.0000000 0.0344493 0.0630073 0.0000000 0.0117737 0.0476785 0.0188386 0.0000000 0.0878913 0.1274687 0.0460268 0.0252720 0.0429255 0.0598949 0.0658985 0.0721743 0.0000000 0.0187673 0.1242744 0.0849715
 95 K  95 0.0209414 0.1142896 0.0209991 0.1456181 0.0000000 0.1133447 0.1021153 0.0305499 0.0082664 0.0431311 0.0418467 0.1511876 0.0131493 0.0058984 0.0183833 0.0184825 0.0157239 0.0000000 0.0000000 0.0414779 0.0945948
 96 A  96 0.0494192 0.0682354 0.0979014 0.1578050 0.0000000 0.0133683 0.1046291 0.0087367 0.0168132 0.0059792 0.0109110 0.1523993 0.0000000 0.0165960 0.0893832 0.0256966 0.0777217 0.0000000 0.0000000 0.0039868 0.1004180
 97 K  97 0.0330917 0.1007272 0.0069451 0.0634751 0.0000000 0.0073107 0.2096284 0.0000000 0.0000000 0.0240052 0.0239465 0.2595708 0.0000000 0.0723674 0.0000000 0.0234858 0.0351447 0.0000000 0.0000000 0.0249688 0.1153326
 98 K  98 0.0307744 0.0940162 0.0075504 0.1763313 0.0000000 0.0015271 0.1108781 0.0266675 0.0225820 0.0434723 0.0220165 0.2140219 0.0125841 0.0000000 0.0106203 0.0422102 0.0245096 0.0000000 0.0065600 0.0110758 0.1426023
 99 K  99 0.0056367 0.0458507 0.0159847 0.0831766 0.0000000 0.0069267 0.0950183 0.0134823 0.0056990 0.1112809 0.0149464 0.2467009 0.0000000 0.0153098 0.0303404 0.0404575 0.0446717 0.0000000 0.0332634 0.0288535 0.1624006
100 K 100 0.0512185 0.1962076 0.0418554 0.0776348 0.0000000 0.0246664 0.0595116 0.0041287 0.0092942 0.0042339 0.0845232 0.1709306 0.0070426 0.0000000 0.0335566 0.0276966 0.0440813 0.0000000 0.0000000 0.0042104 0.1592075
101 A 101 0.0892692 0.0521332 0.0029137 0.1404877 0.0000000 0.0181674 0.1026603 0.0240325 0.0000000 0.0195086 0.0135263 0.1200570 0.0000000 0.0000000 0.0704690 0.0233583 0.0067389 0.0000000 0.0230367 0.1344338 0.1592075
102 K 102 0.0130697 0.0402962 0.1147517 0.0867594 0.0000000 0.0134988 0.1412832 0.0171168 0.0110884 0.0187045 0.0261171 0.2007048 0.0000000 0.0147329 0.0057332 0.0885046 0.0223256 0.0000000 0.0092942 0.0071097 0.1689091
103 K 103 0.1339495 0.0686255 0.0033673 0.1566240 0.0000000 0.0109110 0.1115738 0.0093543 0.0076830 0.0000000 0.0501684 0.1965874 0.0070426 0.0170362 0.0058346 0.0109898 0.0090566 0.0000000 0.0138269 0.0166011 0.1707679
104 A 104 0.0631723 0.0170783 0.0131882 0.1873720 0.0000000 0.0000000 0.0802952 0.0000000 0.0000000 0.0135908 0.0475581 0.1326643 0.0095880 0.1237054 0.0197117 0.0142079 0.0418754 0.0000000 0.0210328 0.0215808 0.1933789
105 V 105 0.0564252 0.0573685 0.0070426 0.0926509 0.0000000 0.0135263 0.1707167 0.0207161 0.0036679 0.0587025 0.0263387 0.0812623 0.0565203 0.0193253 0.0256268 0.0261030 0.0221730 0.0000000 0.0075577 0.0666853 0.1875908
106 E 106 0.0342983 0.0363981 0.0640456 0.1778956 0.0000000 0.0000000 0.1944158 0.0412197 0.0000000 0.0150034 0.0347116 0.0637580 0.0041287 0.0240964 0.0000000 0.0380012 0.0451986 0.0000000 0.0135263 0.0141986 0.1991042
107 E 107 0.0354405 0.0660101 0.0267618 0.1718084 0.0000000 0.0153372 0.1411498 0.1074091 0.0000000 0.0266705 0.0272521 0.0866437 0.0000000 0.0207299 0.0082437 0.0462102 0.0000000 0.0000000 0.0000000 0.0126161 0.2077169
108 D 108 0.0327120 0.0144852 0.0069452 0.2083226 0.0000000 0.0288094 0.1462475 0.0288464 0.0000000 0.0000000 0.0360138 0.1139417 0.0059872 0.0462850 0.0096652 0.0415326 0.0207140 0.0000000 0.0104202 0.0330785 0.2159937
109 L 109 0.0354303 0.0203635 0.0740997 0.1202957 0.0000000 0.0348192 0.1929383 0.0222434 0.0000000 0.0047457 0.0704751 0.0385004 0.0000000 0.0468658 0.0153098 0.0333634 0.0070426 0.0000000 0.0155836 0.0554056 0.2125179
110 D 110 0.0590093 0.0000000 0.0467382 0.2782719 0.0000000 0.0000000 0.1117702 0.0199516 0.0199208 0.0149748 0.0305714 0.0619999 0.0044986 0.0034598 0.0146551 0.0247793 0.0343643 0.0000000 0.0055486 0.0417733 0.2277130
111 L 111 0.1190775 0.0165129 0.0000000 0.0572145 0.0000000 0.0000000 0.1463276 0.0105338 0.0000000 0.0464000 0.1217582 0.0392903 0.0053768 0.0378509 0.0135263 0.0133730 0.0164415 0.0000000 0.0309410 0.0999661 0.2254096
112 D 112 0.0173519 0.0000000 0.0459282 0.1550462 0.0000000 0.0087025 0.2075999 0.0175488 0.0095006 0.1128931 0.0716542 0.0192940 0.0079935 0.0245306 0.0171450 0.0170985 0.0167936 0.0000000 0.0044046 0.0144967 0.2320182
113 E 113 0.0629001 0.0095006 0.0000000 0.3092153 0.0000000 0.0141089 0.1526612 0.0143385 0.0000000 0.0103290 0.0663562 0.0103673 0.0000000 0.0000000 0.0084629 0.0218698 0.0000000 0.0000000 0.0101371 0.0540627 0.2556906
114 F 114 0.0143722 0.0000000 0.0162800 0.1313288 0.0000000 0.0219610 0.1118386 0.0500033 0.0125841 0.0321744 0.0296973 0.0045327 0.0000000 0.0853553 0.0218824 0.0308750 0.0000000 0.0000000 0.1256801 0.0437976 0.2676373
115 E 115 0.0722897 0.0030371 0.0650354 0.1254054 0.0000000 0.0000000 0.1613710 0.0213357 0.0082664 0.0766141 0.0273347 0.0000000 0.0154748 0.0033673 0.0153098 0.0374581 0.0182443 0.0000000 0.0349259 0.0597467 0.2547837
116 E 116 0.0461042 0.0000000 0.0265192 0.2405255 0.0000000 0.0114472 0.1400150 0.0239757 0.0134523 0.0514677 0.0197683 0.0198425 0.0240411 0.0128436 0.0000000 0.0326567 0.0170893 0.0000000 0.0043693 0.0417969 0.2740856
117 I 117 0.0234599 0.0000000 0.0152572 0.2425927 0.0000000 0.0000000 0.1502407 0.0289152 0.0160687 0.0334267 0.0579358 0.0209017 0.0085229 0.0000000 0.0117079 0.0149215 0.0126197 0.0000000 0.0260828 0.0552435 0.2821032
118 D 118 0.0159906 0.0000000 0.0573101 0.3308581 0.0000000 0.0000000 0.1449620 0.0111718 0.0000000 0.0029234 0.0435149 0.0125841 0.0000000 0.0058346 0.0163177 0.0121486 0.0218802 0.0000000 0.0131882 0.0226525 0.2886632
119 E 119 0.0246297 0.0069451 0.0365405 0.1968815 0.0000000 0.0238000 0.1604569 0.0000000 0.0000000 0.0105173 0.0183833 0.0219749 0.0088738 0.0123277 0.1099302 0.0263791 0.0070426 0.0000000 0.0128102 0.0218024 0.3007045
120 D 120 0.0053421 0.0000000 0.0000000 0.2894599 0.0000000 0.0000000 0.2588481 0.0200122 0.0000000 0.0145541 0.0086953 0.0000000 0.0053894 0.0055646 0.0000000 0.0257300 0.0095366 0.0000000 0.0000000 0.0410454 0.3158222
121 D 121 0.0265981 0.0000000 0.0105852 0.2946668 0.0000000 0.0066743 0.0869285 0.0075577 0.0057287 0.0191166 0.0766218 0.0125841 0.0094877 0.0000000 0.0000000 0.0319736 0.0000000 0.0000000 0.0337521 0.0548600 0.3228648
122 L 122 0.0356135 0.0000000 0.0000000 0.1943578 0.0000000 0.0000000 0.1283533 0.0191052 0.0000000 0.0788259 0.0430869 0.0000000 0.0000000 0.0472281 0.0485545 0.0171583 0.0153958 0.0000000 0.0279288 0.0047457 0.3396461
123 D 123 0.0109110 0.0000000 0.0308019 0.2445993 0.0000000 0.0065606 0.1195081 0.0121362 0.0000000 0.0221616 0.0348460 0.0153372 0.0000000 0.0084486 0.0131882 0.0475287 0.0346020 0.0000000 0.0258211 0.0172853 0.3562642
124 L 124 0.0067966 0.0000000 0.0519517 0.1608078 0.0000000 0.0125841 0.0743766 0.0000000 0.0000000 0.0663086 0.0692073 0.0117079 0.0000000 0.0495609 0.0180524 0.0176280 0.0181138 0.0000000 0.0531311 0.0209300 0.3688430
125 D 125 0.0079153 0.0000000 0.0570042 0.1371074 0.0000000 0.0063338 0.1108044 0.0057287 0.0000000 0.0166531 0.0644258 0.0233545 0.0000000 0.0285254 0.0142958 0.0479563 0.0486530 0.0000000 0.0345720 0.0297517 0.3669184
126 E 126 0.0311035 0.0000000 0.0490083 0.1375022 0.0000000 0.0194561 0.1811433 0.0295739 0.0000000 0.0000000 0.0320911 0.0125841 0.0000000 0.0091391 0.0329794 0.0162179 0.0319032 0.0000000 0.0162766 0.0341026 0.3669184
127 V 127 0.0511858 0.0039647 0.0085829 0.1793710 0.0000000 0.0092942 0.1435223 0.0302798 0.0000000 0.0153372 0.0000000 0.0000000 0.0177669 0.0452693 0.0101769 0.0155845 0.0138945 0.0000000 0.0238520 0.0489177 0.3830003
128 E 128 0.0256576 0.0000000 0.0000000 0.1490461 0.0000000 0.0214580 0.1699380 0.0246641 0.0042355 0.0350049 0.0498894 0.0084629 0.0182031 0.0236491 0.0142803 0.0228914 0.0310299 0.0000000 0.0000000 0.0160108 0.3855791
129 E 129 0.0190076 0.0000000 0.0153370 0.1603264 0.0000000 0.0042355 0.1859021 0.0201005 0.0000000 0.0160476 0.0438827 0.0287055 0.0091236 0.0076938 0.0618276 0.0055800 0.0301122 0.0000000 0.0000000 0.0030792 0.3890389
130 E 130 0.0517991 0.0000000 0.0115533 0.1685165 0.0000000 0.0079153 0.2128130 0.0053421 0.0000000 0.0183549 0.0349575 0.0000000 0.0000000 0.0000000 0.0047457 0.0055121 0.0236025 0.0000000 0.0000000 0.0580773 0.3968108
131 L 131 0.0117815 0.0000000 0.0234464 0.1923531 0.0000000 0.0303433 0.1561995 0.0097462 0.0000000 0.0000000 0.0955519 0.0000000 0.0117079 0.0000000 0.0085829 0.0289510 0.0032869 0.0000000 0.0000000 0.0215553 0.4064941
132 D 132 0.0260335 0.0000000 0.0037279 0.1751283 0.0000000 0.0088738 0.1544752 0.0240411 0.0000000 0.0078398 0.0338462 0.0222830 0.0000000 0.0364407 0.0077793 0.0565932 0.0230982 0.0000000 0.0115408 0.0041109 0.4041881
133 L 133 0.0197910 0.0000000 0.0212970 0.1634913 0.0000000 0.0000000 0.0847599 0.0135263 0.0000000 0.0275570 0.0702865 0.0000000 0.0086953 0.0330434 0.0000000 0.0000000 0.0211923 0.0000000 0.0836453 0.0236035 0.4291112
134 E 134 0.0059872 0.0000000 0.0306470 0.2352705 0.0000000 0.0000000 0.0955876 0.0088908 0.0000000 0.0318572 0.0204792 0.0000000 0.0000000 0.0197850 0.0000000 0.0246008 0.0142708 0.0000000 0.0248428 0.0452864 0.4424947
135 A 135 0.0396651 0.0000000 0.0327358 0.1893086 0.0000000 0.0000000 0.1079268 0.0298192 0.0000000 0.0000000 0.0279218 0.0000000 0.0000000 0.0047457 0.0135263 0.0190073 0.0222836 0.0000000 0.0431573 0.0244334 0.4454691
136 D 136 0.0160413 0.0109110 0.0126408 0.1863109 0.0000000 0.0059792 0.1104836 0.0284091 0.0000000 0.0000000 0.0087367 0.0000000 0.0000000 0.0681322 0.0075577 0.0557409 0.0322168 0.0000000 0.0000000 0.0072011 0.4496390
137 D 137 0.0128645 0.0000000 0.0784556 0.2364610 0.0000000 0.0053894 0.0502329 0.0187200 0.0043627 0.0091391 0.0269240 0.0000000 0.0000000 0.0165064 0.0407792 0.0171345 0.0000000 0.0000000 0.0115408 0.0260208 0.4454691
138 F 138 0.0084486 0.0179410 0.0192415 0.1221350 0.0000000 0.0160578 0.1059226 0.0161749 0.0000000 0.0227865 0.0195160 0.0000000 0.0000000 0.0466889 0.0818662 0.0192197 0.0221092 0.0000000 0.0244763 0.0119467 0.4454691
139 D 139 0.0124339 0.0000000 0.0191104 0.2562780 0.0000000 0.0000000 0.0787628 0.0151664 0.0000000 0.0181322 0.0109110 0.0153372 0.0000000 0.0086953 0.0000000 0.0373309 0.0248623 0.0000000 0.0091391 0.0411346 0.4527060
140 E 140 0.0079935 0.0000000 0.0298035 0.2047471 0.0000000 0.0095006 0.1444769 0.0161865 0.0077793 0.0153372 0.0069769 0.0082664 0.0000000 0.0194695 0.0132641 0.0101371 0.0161405 0.0000000 0.0060674 0.0176212 0.4662323
141 E 141 0.0090961 0.0087567 0.0000000 0.1627742 0.0000000 0.0158548 0.2237517 0.0164145 0.0088908 0.0000000 0.0043627 0.0000000 0.0000000 0.0161670 0.0000000 0.0000000 0.0000000 0.0000000 0.0000000 0.0520556 0.4818759
142 D 142 0.0000000 0.0133189 0.0261633 0.2485847 0.0000000 0.0130437 0.0373012 0.0308039 0.0000000 0.0237805 0.0000000 0.0653163 0.0000000 0.0000000 0.0000000 0.0328703 0.0181851 0.0000000 0.0000000 0.0165960 0.4740361
143 L 143 0.0336263 0.0000000 0.0076552 0.0808237 0.0000000 0.0000000 0.0959240 0.0112302 0.0165699 0.0442520 0.0617845 0.0000000 0.0028692 0.0109110 0.0000000 0.0507655 0.0104202 0.0000000 0.0487001 0.0352433 0.4892250
144 D 144 0.0238550 0.0000000 0.0043627 0.0914451 0.0000000 0.0084486 0.1782439 0.0000000 0.0000000 0.0535528 0.0165699 0.0340304 0.0000000 0.0000000 0.0000000 0.0352423 0.0174737 0.0000000 0.0000000 0.0374156 0.4993601
145 E 145 0.0198938 0.0153372 0.0309519 0.1004209 0.0000000 0.0000000 0.0655057 0.0052431 0.0088908 0.0253907 0.0171995 0.0171511 0.0041429 0.0262905 0.0165699 0.0314747 0.0186230 0.0000000 0.0149317 0.0684231 0.5135594
146 D 146 0.0059792 0.0000000 0.0165526 0.1539995 0.0000000 0.0057287 0.1502261 0.0000000 0.0000000 0.0181014 0.0000000 0.0447108 0.0000000 0.0000000 0.0055486 0.0077793 0.0085829 0.0000000 0.0308018 0.0292906 0.5226985
147 D 147 0.0507460 0.0000000 0.0582844 0.1352102 0.0000000 0.0000000 0.1285646 0.0165699 0.0000000 0.0225570 0.0000000 0.0000000 0.0000000 0.0091236 0.0000000 0.0426216 0.0000000 0.0000000 0.0000000 0.0136242 0.5226985
148 D 148 0.0000000 0.0000000 0.0267904 0.1222732 0.0000000 0.0043627 0.1244770 0.0084629 0.0000000 0.0493189 0.0090961 0.0093543 0.0000000 0.0000000 0.0000000 0.0284203 0.0000000 0.0000000 0.0717340 0.0000000 0.5457102
149 D 149 0.0000000 0.0000000 0.0198944 0.2261956 0.0000000 0.0000000 0.0959779 0.0109110 0.0047402 0.0091236 0.0099401 0.0101371 0.0000000 0.0095006 0.0000000 0.0265642 0.0155878 0.0000000 0.0000000 0.0000000 0.5614276
150 L 150 0.0371518 0.0000000 0.0000000 0.0968770 0.0000000 0.0055774 0.0329638 0.0165699 0.0000000 0.0000000 0.0476622 0.0000000 0.0000000 0.0488715 0.0000000 0.0958303 0.0111468 0.0000000 0.0207344 0.0000000 0.5866148
151 E 151 0.0173716 0.0000000 0.0200037 0.1058901 0.0000000 0.0000000 0.1719419 0.0000000 0.0000000 0.0231566 0.0000000 0.0125841 0.0000000 0.0000000 0.0000000 0.0077120 0.0328700 0.0000000 0.0067035 0.0068853 0.5948811
152 I 152 0.0000000 0.0000000 0.0262901 0.0588672 0.0000000 0.0000000 0.0502945 0.0153098 0.0000000 0.0903229 0.1580022 0.0000000 0.0000000 0.0000000 0.0000000 0.0000000 0.0000000 0.0000000 0.0000000 0.0137259 0.5871874
153 E 153 0.0354431 0.0000000 0.0757801 0.0695729 0.0000000 0.0138269 0.0896992 0.0388224 0.0000000 0.0065606 0.0000000 0.0000000 0.0000000 0.0000000 0.0268912 0.0000000 0.0169081 0.0000000 0.0000000 0.0085829 0.6179127
154 E 154 0.0279502 0.0000000 0.0298640 0.0665033 0.0000000 0.0000000 0.1697962 0.0153098 0.0115408 0.0000000 0.0000000 0.0000000 0.0000000 0.0000000 0.0000000 0.0148496 0.0237710 0.0000000 0.0000000 0.0071653 0.6332499
155 D 155 0.0000000 0.0000000 0.0067035 0.0790192 0.0000000 0.0000000 0.0296856 0.0129528 0.0000000 0.0766107 0.0177432 0.0000000 0.0000000 0.0000000 0.0055486 0.0270596 0.0000000 0.0000000 0.0532796 0.0368607 0.6545365
156 I 156 0.0273462 0.0069769 0.0106958 0.0651223 0.0000000 0.0000000 0.0455560 0.0138269 0.0000000 0.0650455 0.0068323 0.0101371 0.0000000 0.0182197 0.0067035 0.0366903 0.0077120 0.0000000 0.0095006 0.0066356 0.6629994
157 I 157 0.0305996 0.0000000 0.0000000 0.0421082 0.0000000 0.0080173 0.0259079 0.0000000 0.0000000 0.0500904 0.0117079 0.0065606 0.0000000 0.0077793 0.0770434 0.0560336 0.0000000 0.0000000 0.0086953 0.0126877 0.6627687
158 D 158 0.0090961 0.0000000 0.0000000 0.1873734 0.0000000 0.0000000 0.0177795 0.0444491 0.0000000 0.0000000 0.0000000 0.0000000 0.0000000 0.0000000 0.0000000 0.0157966 0.0095304 0.0000000 0.0115408 0.0307317 0.6737024
159 E 159 0.0059872 0.0153098 0.0117079 0.1400268 0.0000000 0.0129528 0.0473763 0.0198208 0.0000000 0.0145260 0.0171140 0.0000000 0.0000000 0.0093543 0.0077120 0.0078398 0.0000000 0.0000000 0.0165699 0.0000000 0.6737024
160 D 160 0.0000000 0.0000000 0.0088908 0.1520679 0.0000000 0.0000000 0.0517813 0.0000000 0.0000000 0.0000000 0.0267042 0.0153098 0.0065606 0.0000000 0.0000000 0.0251075 0.0085764 0.0000000 0.0058654 0.0000000 0.6991359
161 D 161 0.0160561 0.0000000 0.0000000 0.1152190 0.0000000 0.0000000 0.0660463 0.0100236 0.0000000 0.0000000 0.0042355 0.0000000 0.0000000 0.0090961 0.0000000 0.0307780 0.0060674 0.0000000 0.0000000 0.0000000 0.7424780
162 E 162 0.0077793 0.0000000 0.0310580 0.0320824 0.0000000 0.0068323 0.1290716 0.0165699 0.0000000 0.0000000 0.0171140 0.0077120 0.0000000 0.0000000 0.0000000 0.0000000 0.0000000 0.0000000 0.0000000 0.0000000 0.7517805
163 D 163 0.0000000 0.0000000 0.0090961 0.0756403 0.0000000 0.0055774 0.0485770 0.0171140 0.0000000 0.0000000 0.0274788 0.0000000 0.0000000 0.0000000 0.0000000 0.0287116 0.0079006 0.0000000 0.0000000 0.0109110 0.7689931
164 Y 164 0.0069769 0.0000000 0.0171883 0.0153098 0.0000000 0.0000000 0.0078398 0.0093543 0.0000000 0.0521535 0.0340861 0.0000000 0.0000000 0.0000000 0.0000000 0.0068323 0.0220837 0.0000000 0.0255985 0.0244876 0.7780892
165 D 165 0.0000000 0.0000000 0.0119466 0.1076378 0.0000000 0.0161865 0.0255495 0.0109110 0.0000000 0.0000000 0.0000000 0.0000000 0.0000000 0.0000000 0.0209733 0.0000000 0.0165699 0.0000000 0.0000000 0.0000000 0.7902254
166 D 166 0.0000000 0.0000000 0.0000000 0.0792615 0.0000000 0.0000000 0.0572171 0.0105655 0.0000000 0.0182712 0.0282728 0.0000000 0.0000000 0.0000000 0.0000000 0.0000000 0.0093543 0.0000000 0.0000000 0.0000000 0.7970577
167 E 167 0.0000000 0.0000000 0.0636433 0.0490369 0.0000000 0.0000000 0.0524896 0.0000000 0.0000000 0.0000000 0.0093543 0.0000000 0.0000000 0.0000000 0.0078398 0.0205784 0.0000000 0.0000000 0.0000000 0.0000000 0.7970577
168 E 168 0.0000000 0.0000000 0.0000000 0.0528874 0.0000000 0.0078398 0.0432111 0.0000000 0.0000000 0.0287526 0.0356885 0.0000000 0.0000000 0.0000000 0.0165699 0.0000000 0.0000000 0.0000000 0.0000000 0.0000000 0.8150508
169 E 169 0.0000000 0.0000000 0.0157762 0.0328621 0.0000000 0.0119466 0.0737001 0.0000000 0.0000000 0.0078398 0.0000000 0.0000000 0.0000000 0.0000000 0.0000000 0.0000000 0.0275145 0.0000000 0.0153098 0.0000000 0.8150508
170 E 170 0.0000000 0.0000000 0.0000000 0.0163557 0.0000000 0.0000000 0.1320730 0.0000000 0.0000000 0.0000000 0.0000000 0.0000000 0.0000000 0.0000000 0.0000000 0.0000000 0.0000000 0.0000000 0.0000000 0.0000000 0.8515713
171 I 171 0.0000000 0.0000000 0.0000000 0.0000000 0.0000000 0.0000000 0.0000000 0.0000000 0.0000000 0.0090286 0.0388487 0.0000000 0.0000000 0.0000000 0.0000000 0.0000000 0.0000000 0.0000000 0.0000000 0.0000000 0.9521227
172 K 172 0.0000000 0.0000000 0.0000000 0.0000000 0.0000000 0.0000000 0.0000000 0.0000000 0.0000000 0.0000000 0.0000000 0.0090286 0.0000000 0.0000000 0.0000000 0.0000000 0.0000000 0.0000000 0.0000000 0.0000000 0.9909714
