  401         A         R         N         D         C         Q         E         G         H         I         L         K         M         F         P         S         T         W         Y         V    
  1 M   1 0.0000000 0.0000000 0.0000000 0.0000000 0.0000000 0.0000000 0.0000000 0.0000000 0.0000000 0.0000000 0.0000000 0.0000000 1.0000000 0.0000000 0.0000000 0.0000000 0.0000000 0.0000000 0.0000000 0.0000000
  2 A   2 0.3962956 0.0000000 0.0000000 0.0000000 0.0000000 0.0000000 0.0000000 0.0000000 0.0000000 0.0000000 0.0000000 0.6037044 0.0000000 0.0000000 0.0000000 0.0000000 0.0000000 0.0000000 0.0000000 0.0000000
  3 H   3 0.1265592 0.0000000 0.1139249 0.0000000 0.0000000 0.0000000 0.0000000 0.0000000 0.4014440 0.0000000 0.0000000 0.0000000 0.0000000 0.0000000 0.0000000 0.0000000 0.3580718 0.0000000 0.0000000 0.0000000
  4 H   4 0.0000000 0.0000000 0.0000000 0.0000000 0.0000000 0.0000000 0.0000000 0.0000000 0.2886721 0.0000000 0.3306660 0.0000000 0.0000000 0.0000000 0.0000000 0.3806619 0.0000000 0.0000000 0.0000000 0.0000000
  5 H   5 0.1675229 0.0000000 0.0000000 0.0000000 0.0000000 0.0000000 0.0000000 0.0949954 0.1590426 0.1485832 0.0569542 0.0000000 0.3033738 0.0000000 0.0000000 0.0695280 0.0000000 0.0000000 0.0000000 0.0000000
  6 H   6 0.4102874 0.0281218 0.0000000 0.0000000 0.1333555 0.0000000 0.0000000 0.0000000 0.1372981 0.0000000 0.0000000 0.0000000 0.0000000 0.2479589 0.0000000 0.0429782 0.0000000 0.0000000 0.0000000 0.0000000
  7 H   7 0.0087663 0.0000000 0.0000000 0.0000000 0.0220899 0.0000000 0.0000000 0.0000000 0.1372064 0.0144911 0.1597748 0.0255238 0.0000000 0.1549150 0.0000000 0.0763849 0.0136402 0.0180961 0.0608455 0.3082659
  8 H   8 0.0000000 0.0000000 0.0000000 0.0000000 0.0000000 0.0156233 0.0000000 0.0322980 0.1415609 0.0000000 0.0596259 0.0000000 0.0000000 0.6665089 0.0000000 0.0220787 0.0000000 0.0000000 0.0302344 0.0320701
  9 V   9 0.3103748 0.0162852 0.0000000 0.0000000 0.0220223 0.0000000 0.0000000 0.0241275 0.0000000 0.0145147 0.3135970 0.0000000 0.0058681 0.0049246 0.0000000 0.0491606 0.0452814 0.0052925 0.0000000 0.1885512
 10 D  10 0.0161685 0.0000000 0.0000000 0.0250377 0.0304864 0.0000000 0.0084507 0.0095187 0.0132335 0.0558251 0.5359784 0.0000000 0.0083213 0.0000000 0.2247421 0.0125296 0.0135319 0.0149432 0.0000000 0.0312328
 11 D  11 0.0227245 0.0151138 0.0154297 0.0181682 0.0070888 0.0976400 0.0000000 0.0748697 0.0673506 0.0122986 0.0253298 0.0182828 0.0000000 0.0000000 0.0952955 0.0324315 0.4815788 0.0000000 0.0000000 0.0163977
 12 D  12 0.0486498 0.0193424 0.0036118 0.0576371 0.0148941 0.2358645 0.2745037 0.1929544 0.0033315 0.0034715 0.0197818 0.0211357 0.0075314 0.0000000 0.0088232 0.0414308 0.0222231 0.0096803 0.0055761 0.0095569
 13 D  13 0.1954080 0.0166002 0.0087421 0.0186810 0.0040746 0.0000000 0.0000000 0.0000000 0.0109578 0.0246692 0.0218723 0.0000000 0.0009660 0.0000000 0.0153337 0.0792007 0.5043509 0.0000000 0.0170755 0.0820681
 14 K  14 0.1111258 0.1753234 0.0064040 0.0022415 0.0616492 0.0793130 0.0134997 0.0526180 0.0368687 0.0000000 0.0206962 0.0183193 0.0000000 0.0191330 0.0299587 0.1399426 0.0043969 0.1923908 0.0214108 0.0147084
 15 I  15 0.7417230 0.0000000 0.0031545 0.0032486 0.0508092 0.0076067 0.0184425 0.0205685 0.0023277 0.0193950 0.0146181 0.0057674 0.0000000 0.0000000 0.0240172 0.0260974 0.0543524 0.0000000 0.0000000 0.0078719
 16 G  16 0.0494270 0.0624649 0.0000000 0.0035085 0.0056776 0.0000000 0.0505309 0.6604903 0.0036946 0.0000000 0.0052953 0.0000000 0.0035186 0.0000000 0.0039512 0.0230784 0.0000000 0.0042242 0.0000000 0.1241386
 17 S  17 0.0005313 0.0069626 0.0048022 0.0000000 0.0000000 0.0024638 0.0000000 0.0052400 0.0039939 0.0181621 0.0223174 0.0401226 0.0032614 0.0044802 0.0772819 0.5753130 0.2307075 0.0008134 0.0018156 0.0017311
 18 H  18 0.0000000 0.0025367 0.0050224 0.0034534 0.0000000 0.0027380 0.0000000 0.0000000 0.9314906 0.0000000 0.0000000 0.0000000 0.0000000 0.0000000 0.0133132 0.0000000 0.0000000 0.0000000 0.0414458 0.0000000
 19 S  19 0.0024937 0.0020853 0.0000000 0.0000000 0.0000000 0.0000000 0.0000000 0.0000000 0.0000000 0.0000000 0.0056920 0.0024132 0.0000000 0.0126202 0.0000000 0.8771276 0.0735178 0.0240502 0.0000000 0.0000000
 20 M  20 0.0000000 0.0013834 0.0000000 0.0000000 0.0000000 0.0000000 0.0000000 0.0000000 0.0080676 0.0000000 0.8093595 0.0021859 0.1460545 0.0078056 0.0000000 0.0000000 0.0053228 0.0149479 0.0034479 0.0014249
 21 R  21 0.0000000 0.5075973 0.0228389 0.0000000 0.0038796 0.0928180 0.0053978 0.0079743 0.0456382 0.0053831 0.0204858 0.1761394 0.0038191 0.0014374 0.0000000 0.0408241 0.0230057 0.0033044 0.0307780 0.0086789
 22 Y  22 0.0149133 0.0000000 0.0075730 0.0000000 0.0033517 0.0000000 0.0000000 0.0044449 0.0163449 0.0110406 0.0052678 0.0000000 0.0000000 0.0699796 0.0000000 0.0073682 0.0201495 0.0000000 0.8292147 0.0103518
 23 F  23 0.0017087 0.0021939 0.0047722 0.0000000 0.0090335 0.0000000 0.0000000 0.0000000 0.0354503 0.0809489 0.1063921 0.0039677 0.0000000 0.6742538 0.0047533 0.0129658 0.0000000 0.0000000 0.0367780 0.0267819
 24 H  24 0.0076793 0.0301389 0.0266575 0.0374942 0.0091537 0.0301664 0.0192234 0.0059476 0.0792749 0.0339832 0.0272723 0.0098501 0.0029343 0.0820028 0.0010843 0.0668150 0.0313875 0.0000000 0.4489301 0.0500045
 25 T  25 0.0203241 0.0000000 0.0041893 0.0000000 0.0023590 0.0000000 0.0000000 0.0000000 0.0027950 0.0383071 0.0459443 0.0000000 0.0250330 0.0000000 0.0110640 0.0339982 0.7905968 0.0019447 0.0070799 0.0163644
 26 S  26 0.4799801 0.0054912 0.0000000 0.0022917 0.0092059 0.0077353 0.0054801 0.2193800 0.0000000 0.0240784 0.0510169 0.0000000 0.0019919 0.0054355 0.0000000 0.0919266 0.0348481 0.0024164 0.0007802 0.0579415
 27 V  27 0.0370582 0.0000000 0.0000000 0.0000000 0.0000000 0.0000000 0.0055930 0.0000000 0.0000000 0.0460124 0.1483420 0.0000000 0.0929756 0.0086352 0.0047644 0.1456291 0.0574202 0.0039640 0.0018316 0.4477744
 28 S  28 0.0108020 0.0000000 0.0000000 0.0000000 0.0000000 0.0000000 0.0094046 0.0000000 0.0018192 0.0000000 0.0211245 0.0034324 0.0024151 0.0050075 0.0112435 0.7997420 0.1270197 0.0022624 0.0057270 0.0000000
 29 R  29 0.0220668 0.3417212 0.0068230 0.1105235 0.0011088 0.0586890 0.1336761 0.1728552 0.0120107 0.0012764 0.0076284 0.0540572 0.0000000 0.0019470 0.0016493 0.0111945 0.0133458 0.0442859 0.0000000 0.0051413
 30 P  30 0.0170817 0.0344459 0.0000000 0.0155643 0.0000000 0.0040305 0.0035196 0.0048525 0.0103466 0.0045272 0.0273760 0.0011748 0.0054223 0.0000000 0.7387220 0.0097334 0.0031661 0.0000000 0.0061439 0.1138930
 31 G  31 0.0451030 0.0141329 0.0258672 0.0916341 0.0000000 0.0000000 0.0191570 0.5511087 0.0000000 0.0487211 0.0278922 0.0000000 0.0000000 0.0000000 0.0000000 0.0723363 0.0431728 0.0036988 0.0038318 0.0533440
 32 R  32 0.0155054 0.1456793 0.0028695 0.0046829 0.0000000 0.0480322 0.0144815 0.0101252 0.0360762 0.0405749 0.1779416 0.0254060 0.0268490 0.0398067 0.3183257 0.0428715 0.0257432 0.0064569 0.0141723 0.0044000
 33 G  33 0.0143501 0.0373264 0.1293326 0.0616046 0.0000000 0.0111110 0.0558307 0.5810233 0.0000000 0.0024589 0.0321485 0.0045766 0.0016498 0.0000000 0.0038865 0.0267662 0.0039383 0.0114255 0.0000000 0.0225711
 34 E  34 0.0076586 0.0029761 0.0048229 0.0273619 0.0000000 0.0266087 0.3221370 0.0008219 0.0016151 0.0988109 0.1188379 0.0290293 0.0259925 0.2138668 0.0000000 0.0073417 0.0063305 0.0000000 0.0000000 0.1057884
 35 P  35 0.0135574 0.0038313 0.0000000 0.0042208 0.0000000 0.0000000 0.0000000 0.0000000 0.0312905 0.0000000 0.0107209 0.0000000 0.0000000 0.0000000 0.8487047 0.0497680 0.0091575 0.0000000 0.0287488 0.0000000
 36 R  36 0.0195442 0.3265960 0.0026674 0.0038481 0.0009394 0.1491379 0.3346685 0.0112172 0.0176999 0.0000000 0.0403498 0.0063959 0.0062863 0.0033586 0.0005515 0.0243862 0.0000000 0.0490317 0.0000000 0.0033214
 37 F  37 0.0000000 0.0000000 0.0000000 0.0062964 0.0027313 0.0000000 0.0000000 0.0000000 0.0054025 0.0094791 0.0215730 0.0021562 0.0000000 0.8011179 0.0000000 0.0067918 0.0000000 0.0000000 0.1223215 0.0221303
 38 I  38 0.0094123 0.0158273 0.0000000 0.0000000 0.0022900 0.0296583 0.0231333 0.0000000 0.0000000 0.3142801 0.0607443 0.0000000 0.0568220 0.0442697 0.0000000 0.0720458 0.1175616 0.0012035 0.0029485 0.2498033
 39 T  39 0.3404648 0.0084660 0.0019871 0.0153063 0.0032256 0.0215573 0.0553050 0.0484807 0.0093180 0.1077294 0.0087664 0.0058459 0.0020189 0.0210784 0.0000000 0.1621879 0.0856912 0.0000000 0.0145085 0.0880627
 40 V  40 0.0444077 0.0147133 0.0000000 0.0047311 0.0000000 0.0022103 0.0000000 0.0052805 0.0000000 0.0402709 0.0564772 0.0000000 0.0622065 0.0134246 0.0000000 0.0212474 0.0277037 0.0000000 0.0000000 0.7073267
 41 G  41 0.0757302 0.0009186 0.0147285 0.0005935 0.0039141 0.0000000 0.0018935 0.7952925 0.0109581 0.0091929 0.0044575 0.0000000 0.0240394 0.0000000 0.0031915 0.0214439 0.0068033 0.0000000 0.0000000 0.0268426
 42 Y  42 0.0046655 0.0075369 0.0000000 0.0000000 0.0081145 0.0054315 0.0000000 0.0000000 0.0081429 0.0138729 0.1531321 0.0000000 0.0831953 0.0579673 0.0000000 0.0075042 0.0014780 0.0000000 0.6287185 0.0202404
 43 V  43 0.0039302 0.0000000 0.0000000 0.0000000 0.0000000 0.0000000 0.0062827 0.0014563 0.0000000 0.0326935 0.1361628 0.0000000 0.0238590 0.0084779 0.0000000 0.0000000 0.0000000 0.0000000 0.0000000 0.7871375
 44 D  44 0.0000000 0.0046638 0.0632028 0.9158926 0.0000000 0.0000000 0.0058149 0.0041433 0.0000000 0.0000000 0.0000000 0.0000000 0.0000000 0.0000000 0.0062827 0.0000000 0.0000000 0.0000000 0.0000000 0.0000000
 45 D  45 0.0104703 0.0013502 0.0501504 0.5928541 0.0000000 0.0000000 0.0747841 0.2033152 0.0092735 0.0000000 0.0000000 0.0018113 0.0000000 0.0000000 0.0000000 0.0536929 0.0000000 0.0000000 0.0022979 0.0000000
 46 T  46 0.0193894 0.0515214 0.0052455 0.0042805 0.0000000 0.1821185 0.0782138 0.0299213 0.0255687 0.0927573 0.0204306 0.0200259 0.0216883 0.0000000 0.0000000 0.0005988 0.3077714 0.0000000 0.0022794 0.1381891
 47 L  47 0.0179084 0.0166533 0.0000000 0.0042406 0.0000000 0.5727397 0.0905627 0.0011378 0.0096115 0.0135486 0.1084480 0.0032708 0.0129262 0.0000000 0.1262309 0.0000000 0.0000000 0.0000000 0.0000000 0.0227215
 48 F  48 0.0116527 0.0000000 0.0000000 0.0000000 0.0077162 0.0046928 0.0000000 0.0040083 0.0053916 0.2236299 0.0170880 0.0023581 0.0675256 0.5746666 0.0000000 0.0016313 0.0037671 0.0000000 0.0423175 0.0335543
 49 V  49 0.0267043 0.0068939 0.0152614 0.0966142 0.0058010 0.0319787 0.0315771 0.0961754 0.0000000 0.0464579 0.0424153 0.0000000 0.0509768 0.0333335 0.0000000 0.0366413 0.0494362 0.0068992 0.0116007 0.4112329
 50 R  50 0.0056239 0.4119689 0.0115871 0.0044973 0.0069317 0.0200930 0.0000000 0.0457880 0.1594187 0.0020579 0.0059677 0.0165035 0.0072347 0.0080354 0.0000000 0.0611247 0.0177562 0.0083665 0.2070447 0.0000000
 51 F  51 0.0000000 0.0046591 0.0000000 0.0000000 0.0331555 0.0000000 0.0000000 0.0000000 0.0015663 0.0000000 0.0241550 0.0000000 0.0000000 0.4392910 0.0000000 0.0000000 0.0000000 0.0000000 0.4922768 0.0048963
 52 D  52 0.0019362 0.0014901 0.1787221 0.7519232 0.0000000 0.0000000 0.0071995 0.0089959 0.0118883 0.0000000 0.0062966 0.0022031 0.0000000 0.0000000 0.0000000 0.0293449 0.0000000 0.0000000 0.0000000 0.0000000
 53 S  53 0.0014270 0.0000000 0.0311180 0.0000000 0.0046383 0.0000000 0.0000000 0.0143973 0.0213031 0.0006999 0.0000000 0.0000000 0.0000000 0.0000000 0.0048803 0.9019083 0.0196276 0.0000000 0.0000000 0.0000000
 54 D  54 0.0116211 0.0271347 0.1861850 0.4339736 0.0015071 0.0075933 0.1429196 0.0017381 0.0113359 0.0508366 0.0079097 0.0504177 0.0000000 0.0000000 0.0000000 0.0206573 0.0303472 0.0000000 0.0055868 0.0102361
 55 A  55 0.4207471 0.0616104 0.0168132 0.0153238 0.0032325 0.0000000 0.0683871 0.0610186 0.0000000 0.1065995 0.0071535 0.0266254 0.0099318 0.0000000 0.0000000 0.0798576 0.0862684 0.0105867 0.0023161 0.0235283
 56 A  56 0.1926427 0.1656861 0.0081568 0.0166889 0.0024337 0.0336094 0.2048606 0.0919370 0.0121792 0.0000000 0.0012951 0.1012387 0.0032142 0.0000000 0.0681811 0.0275823 0.0122349 0.0000000 0.0000000 0.0580592
 57 S  57 0.0143118 0.0052449 0.1959889 0.0369520 0.0121989 0.0019976 0.0198829 0.0043891 0.0082227 0.0322386 0.0037048 0.0154009 0.0092556 0.0112836 0.0000000 0.2993243 0.3052571 0.0000000 0.0043472 0.0199991
 58 P  58 0.0600915 0.1602049 0.0112791 0.0073342 0.0000000 0.1749827 0.0054563 0.0204285 0.0051931 0.0036569 0.0194908 0.0863782 0.0546771 0.0026830 0.3526827 0.0190437 0.0020337 0.0000000 0.0000000 0.0143838
 59 R  59 0.0085038 0.6244479 0.0000000 0.0000000 0.0000000 0.0443965 0.0293507 0.0187845 0.0000000 0.0182819 0.0063038 0.1909929 0.0173800 0.0000000 0.0000000 0.0148268 0.0073560 0.0083020 0.0000000 0.0110733
 60 E  60 0.2682155 0.0046652 0.0088658 0.0229568 0.0038959 0.0007513 0.0560386 0.0082500 0.0029810 0.0189813 0.0407975 0.0941522 0.2455822 0.0254734 0.0080997 0.0146068 0.0379517 0.0015367 0.0461283 0.0900704
 61 E  61 0.0023424 0.0198623 0.0000000 0.0042255 0.0000000 0.0490378 0.5742519 0.0016760 0.0044103 0.0850676 0.0364089 0.0509115 0.0034593 0.0040064 0.0000000 0.0000000 0.0058553 0.0000000 0.0000000 0.1584849
 62 P  62 0.0271185 0.0021769 0.0068279 0.0000000 0.0000000 0.0180276 0.0000000 0.0109046 0.0237612 0.0076772 0.0205000 0.0000000 0.0000000 0.0094063 0.8164640 0.0425207 0.0108600 0.0000000 0.0000000 0.0037550
 63 R  63 0.0225100 0.5177297 0.0000000 0.0028131 0.0464029 0.0291996 0.0018339 0.0109287 0.0045641 0.0253468 0.0551774 0.2366587 0.0054125 0.0062286 0.0000000 0.0087366 0.0182945 0.0011029 0.0000000 0.0070600
 64 A  64 0.4345370 0.0019444 0.0000000 0.0000000 0.0000000 0.2222019 0.0080824 0.0249258 0.0000000 0.0063113 0.0121069 0.0107269 0.0073728 0.0045553 0.0016256 0.0089323 0.1323076 0.0023706 0.0042447 0.1177545
 65 P  65 0.0403249 0.0593982 0.0035516 0.1596756 0.0000000 0.0795192 0.1182417 0.0157242 0.0145314 0.0010511 0.0140460 0.0048613 0.0011928 0.0000000 0.4190972 0.0413269 0.0136139 0.0061935 0.0022368 0.0054137
 66 W  66 0.0000000 0.0000000 0.0000000 0.0000000 0.0021862 0.0000000 0.0017438 0.0017752 0.0000000 0.0000000 0.0068790 0.0042889 0.0049928 0.0050485 0.0000000 0.0258380 0.0000000 0.9465474 0.0000000 0.0007002
 67 I  67 0.0384246 0.0126916 0.0000000 0.0000000 0.0000000 0.0028758 0.0027118 0.0031191 0.0000000 0.1829555 0.1042271 0.0062802 0.4831724 0.0000000 0.0000000 0.0186617 0.0038249 0.0000000 0.0000000 0.1410554
 68 E  68 0.0505489 0.0668247 0.0302779 0.0611906 0.0063948 0.0415104 0.4328543 0.0168407 0.0068258 0.0012738 0.0061783 0.1901115 0.0045871 0.0000000 0.0175706 0.0438686 0.0116245 0.0000000 0.0026501 0.0088674
 69 Q  69 0.0747850 0.0897488 0.0405660 0.0087277 0.0000000 0.3779270 0.1330462 0.0405868 0.0118470 0.0076452 0.0222360 0.1214923 0.0088917 0.0012577 0.0070817 0.0198805 0.0202373 0.0007264 0.0000000 0.0133168
 70 E  70 0.0317602 0.0174487 0.0738147 0.0679439 0.0030336 0.0190912 0.4562740 0.0000000 0.0054788 0.0021328 0.0585631 0.0589259 0.0452888 0.0014481 0.0035335 0.0023691 0.0399566 0.0000000 0.0000000 0.1129369
 71 G  71 0.0200388 0.0187053 0.0317390 0.2731675 0.0000000 0.0078920 0.0651542 0.3937842 0.0158764 0.0010254 0.0409008 0.0120754 0.0276643 0.0035121 0.0282289 0.0321154 0.0220466 0.0020023 0.0021786 0.0018929
 72 P  72 0.0859599 0.0175882 0.0000000 0.0065419 0.0000000 0.1310325 0.0241092 0.0018501 0.0000000 0.0059329 0.0102665 0.0117368 0.0215635 0.0000000 0.5680320 0.0784894 0.0306810 0.0000000 0.0013934 0.0048228
 73 E  73 0.0106942 0.0087105 0.0076277 0.1577688 0.0000000 0.2043233 0.5090580 0.0323439 0.0029346 0.0000000 0.0072260 0.0184532 0.0000000 0.0000000 0.0000000 0.0287963 0.0042362 0.0000000 0.0078273 0.0000000
 74 Y  74 0.0023657 0.0000000 0.0034705 0.0320021 0.0017413 0.0105056 0.0041068 0.0000000 0.1040092 0.0000000 0.0210826 0.0000000 0.0075205 0.0471235 0.0000000 0.0023396 0.0086578 0.0013159 0.7490949 0.0046640
 75 W  75 0.0019246 0.0035315 0.0027777 0.0085796 0.0041358 0.0000000 0.0000000 0.0000000 0.0000000 0.0099749 0.0939626 0.0025101 0.0020280 0.0229776 0.0085416 0.0053146 0.0000000 0.8324501 0.0000000 0.0012914
 76 D  76 0.0240703 0.0089039 0.0315742 0.2677334 0.0000000 0.0168502 0.5601629 0.0117781 0.0011945 0.0000000 0.0237277 0.0449775 0.0000000 0.0000000 0.0000000 0.0023700 0.0049319 0.0000000 0.0000000 0.0017254
 77 R  77 0.0087073 0.3769275 0.0209155 0.0269233 0.0000000 0.0906595 0.1067101 0.0385442 0.0042663 0.0050329 0.0237874 0.1315230 0.0224600 0.0000000 0.0046071 0.0414653 0.0376543 0.0437218 0.0096882 0.0064061
 78 E  78 0.0146844 0.0123364 0.1420304 0.0053669 0.0009783 0.2260167 0.3658842 0.0635348 0.0042446 0.0054495 0.0472659 0.0053499 0.0060810 0.0000000 0.0000000 0.0080208 0.0143305 0.0028844 0.0614705 0.0140706
 79 T  79 0.0094451 0.0135286 0.0159145 0.0046354 0.0000000 0.0027716 0.0028844 0.0020274 0.0000000 0.0072664 0.0000000 0.0178123 0.0055067 0.0000000 0.0031137 0.0753918 0.8368421 0.0000000 0.0000000 0.0028602
 80 Q  80 0.0262060 0.2006622 0.0256555 0.0308115 0.0000000 0.4385251 0.0885693 0.0437248 0.0245698 0.0000000 0.0296157 0.0617298 0.0000000 0.0023627 0.0009411 0.0027510 0.0116257 0.0089290 0.0008613 0.0024595
 81 I  81 0.0080517 0.0882119 0.1127717 0.0293907 0.0000000 0.0241268 0.0089353 0.0301093 0.0061710 0.2717732 0.0789442 0.1054582 0.0131714 0.0120813 0.0027728 0.1057548 0.0370579 0.0007476 0.0278447 0.0366254
 82 C  82 0.2633963 0.0786538 0.0099235 0.0056515 0.0713299 0.0428639 0.0023372 0.0242082 0.0066657 0.0198123 0.1513694 0.0007977 0.0346444 0.0635896 0.0007169 0.0795029 0.0122401 0.0018184 0.0274709 0.1030074
 83 K  83 0.0105665 0.1350447 0.0010103 0.0000000 0.0000000 0.1118792 0.0183185 0.0000000 0.0020390 0.0457627 0.1060120 0.4028538 0.0267784 0.0358701 0.0055177 0.0123701 0.0414820 0.0136796 0.0000000 0.0308155
 84 A  84 0.1119293 0.0545042 0.0690772 0.0843816 0.0000000 0.0095802 0.0838751 0.3559285 0.0171711 0.0177174 0.0023550 0.0200742 0.0000000 0.0000000 0.0018284 0.1046969 0.0303601 0.0013901 0.0119864 0.0231442
 85 K  85 0.0922010 0.0700359 0.1232311 0.0527115 0.0033595 0.0490657 0.0319630 0.0198019 0.0695643 0.0134006 0.0502907 0.0742176 0.0076546 0.0157770 0.0010297 0.0846637 0.1022609 0.0805737 0.0386584 0.0195390
 86 A  86 0.1966245 0.0181126 0.0026603 0.0198695 0.0000000 0.1912145 0.3237916 0.0225531 0.0448827 0.0062232 0.0140430 0.0168310 0.0195739 0.0032215 0.0077565 0.0520371 0.0502726 0.0000000 0.0056471 0.0046854
 87 Q  87 0.0285670 0.0340153 0.0067942 0.0249252 0.0000000 0.5856204 0.0383275 0.0061254 0.0507216 0.0097086 0.0375725 0.0682991 0.0075061 0.0060886 0.0488311 0.0105133 0.0081335 0.0036163 0.0062511 0.0183832
 88 T  88 0.0348927 0.0401484 0.0760209 0.0363027 0.0040204 0.0168936 0.0063899 0.0187075 0.0000000 0.1361364 0.0342692 0.0122807 0.0314822 0.0346965 0.0052630 0.0791641 0.2201519 0.0828020 0.0042983 0.1260796
 89 D  89 0.0268659 0.0000000 0.0195801 0.0857019 0.0077025 0.0397186 0.0092871 0.0222067 0.0098138 0.0092975 0.0459115 0.0019086 0.0157340 0.5580452 0.0097271 0.0361406 0.0095173 0.0000000 0.0721859 0.0206557
 90 R  90 0.0118974 0.3744788 0.0300440 0.0061088 0.0011878 0.0467078 0.0210441 0.0143566 0.0123561 0.0246148 0.0250174 0.3320511 0.0253031 0.0282050 0.0126712 0.0080576 0.0191922 0.0000000 0.0047304 0.0019759
 91 E  91 0.1383864 0.0720727 0.0464023 0.0177599 0.0016769 0.0081985 0.0889982 0.0726616 0.0518528 0.0071318 0.0385908 0.0225322 0.0194755 0.0058763 0.0000000 0.0320499 0.0140146 0.0095682 0.0069998 0.3457515
 92 D  92 0.0103335 0.0142696 0.4208476 0.1104327 0.0103834 0.0069213 0.0679428 0.0561499 0.0116644 0.0204313 0.0444537 0.0298792 0.0036174 0.0244148 0.0000000 0.1007437 0.0393100 0.0000000 0.0170522 0.0111525
 93 L  93 0.0000000 0.0022301 0.0000000 0.0000000 0.0034544 0.0036287 0.0000000 0.0038015 0.0027602 0.1993803 0.5989237 0.0000000 0.0368702 0.0281110 0.0044626 0.0107252 0.0095876 0.0061301 0.0019662 0.0879681
 94 R  94 0.0348533 0.2036092 0.1076550 0.0672318 0.0000000 0.0928986 0.1308376 0.0796769 0.0106000 0.0238156 0.0183234 0.1150207 0.0164752 0.0000000 0.0094215 0.0126434 0.0071118 0.0479770 0.0039070 0.0179419
 95 T  95 0.0136354 0.0318334 0.1137369 0.0358768 0.0000000 0.0054423 0.0073890 0.0015475 0.0101083 0.1997833 0.0253884 0.0308715 0.0118168 0.0490363 0.0000000 0.0379667 0.3402744 0.0088193 0.0090949 0.0673788
 96 L  96 0.2107212 0.0092274 0.0033136 0.0000000 0.0008595 0.0000000 0.0000000 0.0206821 0.0036219 0.0824451 0.5099614 0.0000000 0.0383208 0.0056510 0.0029919 0.0099625 0.0116436 0.0050662 0.0000000 0.0855321
 97 L  97 0.0288937 0.2095583 0.0031799 0.0000000 0.0000000 0.0675837 0.0014064 0.0081207 0.0035252 0.0317065 0.1891737 0.1534390 0.2113972 0.0128764 0.0159585 0.0103062 0.0113691 0.0057939 0.0000000 0.0357116
 98 R  98 0.0060005 0.1306169 0.0292981 0.1084877 0.0044971 0.1159856 0.1138177 0.2383951 0.0431548 0.0064742 0.0286427 0.0742194 0.0000000 0.0000000 0.0260802 0.0352709 0.0216419 0.0010234 0.0000000 0.0163937
 99 Y  99 0.0144461 0.3555198 0.0314712 0.0045583 0.0019782 0.0214846 0.0109834 0.0084085 0.0361951 0.0339484 0.0237133 0.0077229 0.0040705 0.0267656 0.0029933 0.0139314 0.0086075 0.0000000 0.3849958 0.0082060
100 Y 100 0.0047035 0.0078822 0.0348634 0.0052578 0.0025823 0.0056753 0.0047322 0.0015340 0.0346923 0.0000000 0.0492678 0.0000000 0.0448312 0.2455335 0.0023786 0.0079770 0.0123093 0.0034720 0.5220218 0.0102857
101 N 101 0.0075636 0.0456549 0.8139298 0.0000000 0.0040299 0.0128116 0.0092686 0.0076711 0.0000000 0.0109438 0.0086494 0.0397248 0.0018475 0.0091616 0.0094712 0.0093034 0.0099689 0.0000000 0.0000000 0.0000000
102 Q 102 0.0014279 0.0143280 0.0170489 0.0370087 0.0036949 0.6731284 0.0194240 0.0089599 0.1101186 0.0000000 0.0098584 0.0484837 0.0000000 0.0045397 0.0132014 0.0165893 0.0049576 0.0029318 0.0142986 0.0000000
103 S 103 0.0072665 0.0156107 0.0503984 0.0041140 0.0026748 0.0251017 0.0000000 0.0099630 0.0032380 0.0000000 0.0036811 0.0121248 0.0011619 0.0031816 0.0031863 0.5220183 0.3076771 0.0076710 0.0187921 0.0021388
104 E 104 0.0569729 0.0439805 0.0289290 0.0444922 0.0285739 0.0449123 0.2776045 0.0969538 0.0108758 0.0066517 0.0074971 0.1077895 0.0399465 0.0057731 0.0127703 0.0341987 0.0158805 0.0998416 0.0235443 0.0128116
105 A 105 0.2370230 0.0161492 0.0392065 0.0579806 0.0000000 0.0146140 0.0625710 0.3228490 0.0019074 0.0022740 0.0111148 0.0256820 0.0021236 0.0079713 0.0060871 0.1025924 0.0731154 0.0035931 0.0000000 0.0131456
106 G 106 0.0068387 0.0083596 0.0038138 0.0694263 0.0000000 0.0049124 0.0419306 0.7178280 0.0157155 0.0062945 0.0109221 0.0099069 0.0079396 0.0000000 0.0063401 0.0638515 0.0031179 0.0000000 0.0000000 0.0228027
107 S 107 0.0146492 0.0084274 0.0082634 0.0067031 0.0000000 0.0000000 0.0131507 0.0414885 0.0898323 0.0144385 0.0455184 0.0042110 0.0009358 0.0179737 0.0439377 0.4216218 0.0457154 0.0000000 0.0514628 0.1716704
108 H 108 0.0025723 0.0063272 0.0021611 0.0121881 0.0000000 0.0050478 0.0022863 0.0028804 0.7832674 0.0155501 0.0196397 0.0052785 0.0000000 0.0074519 0.0059462 0.0260197 0.0709940 0.0000000 0.0215573 0.0108320
109 T 109 0.0078993 0.0058231 0.0069848 0.0037563 0.0000000 0.0172039 0.0027870 0.0000000 0.0586952 0.1058434 0.0282696 0.0000000 0.0105390 0.0240191 0.0052537 0.2135729 0.3853836 0.0274880 0.0007509 0.0957301
110 L 110 0.0032425 0.0175642 0.0096747 0.0000000 0.0000000 0.0756350 0.0000000 0.0000000 0.0194660 0.1401234 0.3702882 0.0034806 0.0648732 0.1134907 0.0000000 0.0122590 0.0360097 0.0173132 0.0356157 0.0809638
111 Q 111 0.0067783 0.1986981 0.0000000 0.0000000 0.0000000 0.5948470 0.0080051 0.0071553 0.0127220 0.0069836 0.0440619 0.0187431 0.0245288 0.0021089 0.0014620 0.0083212 0.0069852 0.0246460 0.0105148 0.0234387
112 N 112 0.0094708 0.1421034 0.0295771 0.0043883 0.0088779 0.0694229 0.0386311 0.0288224 0.0079777 0.0326633 0.0491892 0.0301469 0.0934142 0.0257526 0.0000000 0.0172690 0.0285807 0.1307478 0.2173255 0.0356392
113 M 113 0.0027054 0.0764280 0.0022436 0.0000000 0.0086880 0.0265204 0.0000000 0.0200510 0.0069332 0.0431796 0.0843787 0.0091224 0.3786407 0.2128300 0.0017356 0.0052963 0.0199380 0.0017140 0.0567052 0.0428899
114 Y 114 0.0095776 0.0235334 0.0235498 0.0318680 0.0413135 0.0219640 0.0209560 0.0932943 0.0848330 0.0226254 0.0110944 0.0112242 0.0459858 0.0674288 0.0013673 0.0674437 0.0186921 0.0073033 0.3736016 0.0223439
115 G 115 0.0225114 0.0037231 0.0009872 0.0028082 0.0890335 0.0000000 0.0211248 0.5487650 0.0030142 0.0291328 0.0196599 0.0087704 0.0000000 0.0116736 0.0027219 0.0206162 0.1884242 0.0000000 0.0232369 0.0037968
116 C 116 0.1462314 0.0000000 0.0000000 0.0428854 0.5872142 0.0017342 0.0422421 0.0649284 0.0000000 0.0065434 0.0176239 0.0000000 0.0036307 0.0022807 0.0000000 0.0327963 0.0110994 0.0017428 0.0116047 0.0274422
117 D 117 0.0125544 0.0000000 0.0336606 0.2008704 0.0624436 0.0145371 0.2959253 0.0135739 0.0100335 0.0564344 0.0494573 0.0013978 0.0414146 0.0024106 0.0000000 0.0082733 0.0134806 0.0023176 0.0242993 0.1569158
118 V 118 0.0027141 0.0197702 0.0010875 0.0121594 0.0146518 0.0047490 0.0610654 0.0076564 0.0021400 0.0478913 0.2052448 0.0008850 0.0301085 0.0044361 0.0000000 0.1903435 0.0176945 0.1417732 0.0042466 0.2313828
119 G 119 0.0247620 0.1997528 0.0155814 0.2009108 0.0000000 0.0156833 0.0986392 0.2752579 0.0050386 0.0055167 0.0782955 0.0046529 0.0029780 0.0055929 0.0000000 0.0285026 0.0091830 0.0066273 0.0065804 0.0164446
120 P 120 0.0090602 0.0328237 0.0540296 0.2225580 0.0000000 0.0274352 0.0669594 0.0048958 0.0278211 0.0000000 0.0264487 0.0065810 0.0049708 0.0008468 0.4037632 0.0979723 0.0102496 0.0000000 0.0011098 0.0024747
121 D 121 0.0121912 0.0132458 0.0625093 0.3816912 0.0000000 0.0256842 0.2116493 0.2292993 0.0091843 0.0000000 0.0000000 0.0171812 0.0000000 0.0015664 0.0053167 0.0081290 0.0159876 0.0000000 0.0004934 0.0058712
122 G 122 0.0130090 0.1041423 0.0294355 0.1269896 0.0000000 0.0051830 0.0105808 0.3124062 0.0123615 0.0046885 0.0938594 0.0035633 0.0106671 0.0152140 0.0435711 0.0198856 0.1557274 0.0101056 0.0021789 0.0264310
123 R 123 0.0110981 0.2447066 0.0390482 0.0182820 0.0010554 0.0033208 0.0225842 0.4447083 0.0170419 0.0078212 0.0174118 0.0256673 0.0040079 0.0004172 0.0018518 0.0942380 0.0228448 0.0055892 0.0138815 0.0044238
124 L 124 0.0278577 0.0172976 0.0105638 0.0218676 0.0000000 0.0152417 0.2328801 0.0043991 0.0014671 0.0093266 0.2270479 0.0228074 0.0022935 0.1618741 0.0071063 0.1370372 0.0726800 0.0000000 0.0080014 0.0202507
125 L 125 0.0085905 0.0149143 0.0028834 0.0000000 0.0032385 0.0087458 0.0000000 0.0127377 0.0007773 0.1028143 0.2669900 0.0377521 0.0020043 0.0058551 0.2051123 0.0687335 0.1534675 0.0000000 0.0000000 0.1053834
126 R 126 0.0167301 0.5160787 0.0517855 0.0308145 0.0004792 0.0287177 0.0378337 0.0692939 0.0534093 0.0065106 0.0127401 0.0563411 0.0000000 0.0000000 0.0014953 0.0328100 0.0608370 0.0241231 0.0000000 0.0000000
127 G 127 0.0487487 0.0057222 0.0000000 0.0000000 0.0029145 0.0000000 0.0027891 0.6770413 0.0000000 0.0040696 0.0000000 0.0000000 0.0000000 0.1756211 0.0000000 0.0126483 0.0014290 0.0196025 0.0454230 0.0039906
128 Y 128 0.0015088 0.0074388 0.0024692 0.0071904 0.0004905 0.0229893 0.0000000 0.0043258 0.0538379 0.1724626 0.0433112 0.0000000 0.0257845 0.2188669 0.0000000 0.0234478 0.0053929 0.0016442 0.3793777 0.0294616
129 H 129 0.0600123 0.0723957 0.0446257 0.1200581 0.0094903 0.0306492 0.1188143 0.0108616 0.0439783 0.0289958 0.0523922 0.0116386 0.0232942 0.0362553 0.0015155 0.0994225 0.0223861 0.0970604 0.0935086 0.0226451
130 Q 130 0.0032324 0.0630286 0.0005007 0.0000000 0.0000000 0.5677926 0.0704158 0.0032057 0.0156558 0.0062495 0.0065624 0.0323507 0.0092826 0.0000000 0.0000000 0.0017594 0.0005080 0.0058181 0.0000000 0.2136375
131 H 131 0.0056813 0.0034613 0.0042956 0.0618075 0.0074528 0.0063883 0.0196252 0.2099564 0.0574875 0.0370561 0.0561407 0.0017925 0.0106975 0.1443654 0.0000000 0.0239918 0.0016048 0.0065918 0.3259064 0.0156974
132 A 132 0.3546787 0.0000000 0.0038130 0.0000000 0.0046910 0.0000000 0.0000000 0.3158264 0.0021504 0.0163290 0.0023190 0.0000000 0.0000000 0.0011311 0.0000000 0.0354905 0.0261892 0.0026398 0.2247840 0.0099577
133 Y 133 0.0000000 0.0000000 0.0010131 0.0000000 0.0008844 0.0000000 0.0000000 0.0000000 0.0028548 0.0019082 0.0064379 0.0000000 0.0009828 0.0748792 0.0000000 0.0012486 0.0000000 0.0110689 0.6733548 0.2253674
134 D 134 0.0005784 0.0000000 0.0576170 0.8955585 0.0053703 0.0006469 0.0164075 0.0036988 0.0037422 0.0000000 0.0000000 0.0000000 0.0000000 0.0000000 0.0000000 0.0000000 0.0000000 0.0000000 0.0163804 0.0000000
135 G 135 0.0099834 0.0045529 0.0201939 0.1666656 0.0000000 0.0000000 0.0100369 0.7573395 0.0027385 0.0000000 0.0020025 0.0000000 0.0000000 0.0000000 0.0000000 0.0233505 0.0023127 0.0000000 0.0000000 0.0008237
136 K 136 0.0549739 0.1649807 0.0059186 0.0306143 0.0029904 0.1016676 0.2209634 0.0087115 0.0259050 0.0183412 0.0155388 0.1461658 0.0017521 0.0000000 0.0004285 0.0076733 0.1665197 0.0022088 0.0219891 0.0026573
137 D 137 0.0041382 0.0000000 0.0313265 0.6709011 0.0000000 0.1657843 0.0778297 0.0071213 0.0035117 0.0116958 0.0107615 0.0000000 0.0000000 0.0000000 0.0079238 0.0022931 0.0000000 0.0000000 0.0012502 0.0054628
138 Y 138 0.0024003 0.0037287 0.0045260 0.0018372 0.0004396 0.0000000 0.0036082 0.0000000 0.0429283 0.0100249 0.0358585 0.0029062 0.0000000 0.5366924 0.0000000 0.0073582 0.0000000 0.0011322 0.3361903 0.0103691
139 I 139 0.0039484 0.0000000 0.0000000 0.0000000 0.0000000 0.0193065 0.0017603 0.0064953 0.0011845 0.4550937 0.2517873 0.0000000 0.0288212 0.0137068 0.0102996 0.0019690 0.0013203 0.0000000 0.0000000 0.2043071
140 A 140 0.3295812 0.1748961 0.0034928 0.0030557 0.0017389 0.0008388 0.0491696 0.0149213 0.0283167 0.0424700 0.0019555 0.0038002 0.0170359 0.0026578 0.0037326 0.1847458 0.0862141 0.0009342 0.0145092 0.0359336
141 L 141 0.0037287 0.0000000 0.0000000 0.0000000 0.0000000 0.0036082 0.0000000 0.0000000 0.0000000 0.0014505 0.4593124 0.0000000 0.0032923 0.4519813 0.0000000 0.0005404 0.0000000 0.0075669 0.0669562 0.0015631
142 N 142 0.0050664 0.0029835 0.3284327 0.5976134 0.0146207 0.0009906 0.0035878 0.0014212 0.0080432 0.0000000 0.0037109 0.0129558 0.0000000 0.0000000 0.0000000 0.0121373 0.0084365 0.0000000 0.0000000 0.0000000
143 E 143 0.0022777 0.0023487 0.0054331 0.0476195 0.0000000 0.0051390 0.2655440 0.0074767 0.0028355 0.0000000 0.1536426 0.1604727 0.0402750 0.0055887 0.0306364 0.2270470 0.0337586 0.0027749 0.0014026 0.0057271
144 D 144 0.0230648 0.0125364 0.0317547 0.5378389 0.0000000 0.0207159 0.1483066 0.0110428 0.0026401 0.0000000 0.0000000 0.1565730 0.0016830 0.0000000 0.0009271 0.0168094 0.0225528 0.0000000 0.0036433 0.0099112
145 L 145 0.1389892 0.0558307 0.0297419 0.0067218 0.0000000 0.0029296 0.0432408 0.0055000 0.0065768 0.0245511 0.2927854 0.0184142 0.0141015 0.0000000 0.0101189 0.0464176 0.2918249 0.0000000 0.0000000 0.0122557
146 S 146 0.0617186 0.1807245 0.0157700 0.0110978 0.0039055 0.0230301 0.1464843 0.0291096 0.0107397 0.0037680 0.1918646 0.0643459 0.0714044 0.0040007 0.0307665 0.0915004 0.0157443 0.0161169 0.0049360 0.0229722
147 S 147 0.0240364 0.0679389 0.0740722 0.0177108 0.0000000 0.0434599 0.0225004 0.0037621 0.0009406 0.0106217 0.0012551 0.0266441 0.0065654 0.0040665 0.0000000 0.3201313 0.3324932 0.0000000 0.0009502 0.0428512
148 W 148 0.0200586 0.0035780 0.0031655 0.0000000 0.0045524 0.0189102 0.0000000 0.0026707 0.0038460 0.0031781 0.0029970 0.0000000 0.0000000 0.0583900 0.1340734 0.0020310 0.0019960 0.6481433 0.0924100 0.0000000
149 T 149 0.0078568 0.1734428 0.0093531 0.0000000 0.0000000 0.0072656 0.0063390 0.0081375 0.0000000 0.1483031 0.0133172 0.0141138 0.0195393 0.0015208 0.0042906 0.0168693 0.3902398 0.0000000 0.0000000 0.1794112
150 A 150 0.6862579 0.0024859 0.0000000 0.0000000 0.0000000 0.0000000 0.0165314 0.0112284 0.0025001 0.0024268 0.0064541 0.0064277 0.0642601 0.0038208 0.0829900 0.0314625 0.0368035 0.0000000 0.0099477 0.0364032
151 A 151 0.4121142 0.0084627 0.0021965 0.0119427 0.0000000 0.0200738 0.1175516 0.0089041 0.0045131 0.0051808 0.0438432 0.0099562 0.0473670 0.0055357 0.1555242 0.0321087 0.0314468 0.0049606 0.0129283 0.0653898
152 D 152 0.0106023 0.0058636 0.0663955 0.3277334 0.0000000 0.0108204 0.0963497 0.0508906 0.0052465 0.0000000 0.0052325 0.0823691 0.0031095 0.0000000 0.0993770 0.0179824 0.0727989 0.0176412 0.0000000 0.1275874
153 T 153 0.0373310 0.1291698 0.0204735 0.0168992 0.0034349 0.0893478 0.0338889 0.0114280 0.0125616 0.0027051 0.0147126 0.0413306 0.0761378 0.0160409 0.2961941 0.0359379 0.1246908 0.0000000 0.0016079 0.0361074
154 A 154 0.3900503 0.0897043 0.0000000 0.0023357 0.0000000 0.1656673 0.1234429 0.0279448 0.0016029 0.0135330 0.0042190 0.0207650 0.0016414 0.0040378 0.0236584 0.0094428 0.0146808 0.0147588 0.0041851 0.0883298
155 A 155 0.7996059 0.0110250 0.0000000 0.0012180 0.0000000 0.0064382 0.0000000 0.0417337 0.0000000 0.0025392 0.0046411 0.0000000 0.0026926 0.0023574 0.0780032 0.0174278 0.0126716 0.0000000 0.0031120 0.0165343
156 Q 156 0.0184064 0.0310957 0.0160308 0.0208387 0.0000000 0.3172860 0.1028804 0.0131602 0.0158905 0.0098272 0.0856808 0.0162979 0.0094794 0.0193914 0.0441268 0.0057118 0.0095742 0.1100602 0.0034159 0.1508458
157 I 157 0.0203540 0.0099064 0.0729038 0.0083797 0.0000000 0.0084210 0.0040964 0.0076651 0.0052836 0.4210126 0.0337238 0.0122350 0.1006880 0.0151357 0.0733023 0.0106476 0.0265877 0.0828151 0.0182738 0.0685685
158 T 158 0.0044226 0.0098343 0.0034450 0.0371128 0.0000000 0.0029315 0.0789277 0.0068523 0.0016272 0.0589847 0.0370415 0.0081492 0.0656383 0.0050769 0.0059413 0.0502473 0.5824193 0.0054934 0.0023835 0.0334711
159 Q 159 0.0284043 0.1224282 0.0018371 0.0000000 0.0000000 0.1940076 0.0710253 0.0008332 0.0071077 0.0007918 0.0100845 0.4848297 0.0076291 0.0036080 0.0027004 0.0176097 0.0303748 0.0019508 0.0034923 0.0112853
160 R 160 0.0008499 0.3847438 0.0465489 0.0144084 0.0000000 0.2116594 0.1048050 0.0040369 0.0707765 0.0041005 0.0533641 0.0119284 0.0176350 0.0006048 0.0089984 0.0269836 0.0094499 0.0046710 0.0043670 0.0200686
161 K 161 0.0215889 0.0600200 0.0105066 0.0150156 0.0010002 0.0280404 0.1245472 0.0668319 0.0009970 0.0043277 0.0172396 0.5422814 0.0057295 0.0014655 0.0076404 0.0124175 0.0084734 0.0283024 0.0306158 0.0129589
162 W 162 0.0014252 0.0118583 0.0073991 0.0015665 0.0009500 0.0103889 0.0200255 0.0573907 0.0000000 0.0085387 0.0458402 0.0024778 0.0074305 0.0159021 0.0851813 0.0113197 0.0006709 0.7003414 0.0065772 0.0047162
163 E 163 0.0036365 0.0031769 0.0826636 0.2345847 0.0000000 0.0139308 0.5557682 0.0179796 0.0005449 0.0000000 0.0000000 0.0155240 0.0006493 0.0000000 0.0520463 0.0014287 0.0056894 0.0000000 0.0000000 0.0123771
164 A 164 0.2834721 0.0308544 0.0869535 0.0469180 0.0000000 0.0857578 0.1486985 0.0413152 0.0179464 0.0092996 0.0026302 0.0427496 0.0016403 0.0014503 0.0116100 0.0472970 0.0361458 0.0024401 0.0905415 0.0122797
165 A 165 0.1657213 0.0224557 0.1037847 0.1159946 0.0035406 0.0353223 0.1370278 0.0324310 0.0243756 0.0150331 0.0225666 0.0124715 0.0049272 0.0024380 0.0197738 0.0291890 0.0314482 0.0929552 0.0700512 0.0584924
166 R 166 0.0124493 0.1107248 0.0643116 0.0684259 0.0074184 0.0216439 0.0803183 0.2601250 0.0155682 0.0021481 0.0084845 0.0974334 0.0055515 0.0000000 0.0403659 0.0370733 0.0626857 0.0659722 0.0311325 0.0081675
167 V 167 0.1804464 0.0511556 0.0096134 0.0598465 0.0127277 0.0313968 0.1692830 0.0078141 0.0195798 0.0813699 0.0252937 0.0148709 0.0090118 0.0424019 0.0120336 0.0069506 0.0258181 0.0196765 0.0734511 0.1472585
168 A 168 0.3206411 0.0855772 0.0491848 0.0196239 0.0000000 0.0750509 0.0986375 0.0172178 0.0112452 0.0416812 0.0619350 0.0169172 0.0166004 0.0203932 0.0237983 0.0173601 0.0382022 0.0282910 0.0412178 0.0164252
169 E 169 0.0545999 0.0140867 0.0798423 0.0174614 0.0011814 0.0711375 0.3958548 0.0170836 0.0112035 0.0232256 0.0332379 0.0680129 0.0105811 0.0039077 0.0040341 0.0150952 0.1437400 0.0058032 0.0106643 0.0192467
170 Q 170 0.0364522 0.2161321 0.0232485 0.0184352 0.0061196 0.2632247 0.0781464 0.0390235 0.0432204 0.0190841 0.0206495 0.0292068 0.0042605 0.0217509 0.0044213 0.0459975 0.0677138 0.0106716 0.0442698 0.0079715
171 L 171 0.0063367 0.1525871 0.0799685 0.0422635 0.0092879 0.1136262 0.0444607 0.0147274 0.0179186 0.0266360 0.0583480 0.0322505 0.0260326 0.0283165 0.0000000 0.0269898 0.0334258 0.0990273 0.1455011 0.0422960
172 R 172 0.0607614 0.2799985 0.0385497 0.0219209 0.0006682 0.0415436 0.0332445 0.0048406 0.0008412 0.0231775 0.0039909 0.3667849 0.0168758 0.0020222 0.0000000 0.0114381 0.0530653 0.0064106 0.0087357 0.0251304
173 A 173 0.2924308 0.0023575 0.2048747 0.0111907 0.0000000 0.0295246 0.0386788 0.0385572 0.0474061 0.0284937 0.0096886 0.1312863 0.0057103 0.0068135 0.0069546 0.0452752 0.0565400 0.0022270 0.0095293 0.0324613
174 Y 174 0.0224330 0.0170579 0.0102610 0.0351076 0.0016604 0.0239665 0.0263825 0.0251340 0.0129635 0.0042737 0.0200916 0.0628537 0.0043921 0.0574292 0.0000000 0.0091111 0.0265344 0.0219310 0.6175880 0.0008288
175 L 175 0.0201554 0.0181604 0.0121588 0.0122676 0.0042068 0.0113438 0.0078818 0.0226823 0.0185342 0.0228688 0.6776483 0.0173604 0.0180956 0.0208066 0.0044474 0.0129280 0.0184073 0.0067832 0.0377139 0.0355493
176 E 176 0.0562709 0.0308954 0.0341934 0.0172081 0.0000000 0.0687797 0.4949965 0.0321282 0.0081960 0.0134532 0.0109631 0.0413417 0.0047280 0.0079295 0.0022628 0.0349768 0.1196943 0.0000000 0.0087261 0.0132562
177 G 177 0.0330587 0.0514827 0.0921015 0.0240795 0.0055601 0.1707384 0.1091901 0.2830941 0.0287559 0.0119942 0.0072890 0.0769714 0.0000000 0.0000000 0.0000000 0.0158629 0.0588492 0.0058480 0.0014999 0.0236245
178 E 178 0.0253419 0.0398986 0.0227464 0.0520509 0.0043213 0.0622905 0.2926823 0.0130642 0.0163840 0.0953712 0.0392845 0.0416567 0.0055758 0.0034378 0.0235069 0.0236348 0.1874398 0.0018958 0.0041393 0.0452773
179 C 179 0.0114997 0.0007417 0.0280272 0.0293453 0.7490821 0.0061821 0.0073771 0.0031090 0.0093039 0.0086925 0.0124031 0.0053190 0.0022865 0.0447827 0.0064862 0.0210542 0.0169933 0.0068958 0.0126548 0.0177638
180 V 180 0.0160341 0.0885982 0.0058221 0.0110695 0.0036235 0.0090598 0.0030648 0.0062401 0.0017185 0.2237822 0.0768869 0.0105698 0.0158843 0.0273841 0.1293631 0.0182777 0.0241402 0.0005242 0.0131398 0.3148172
181 E 181 0.0444342 0.0659256 0.0096515 0.1088958 0.0000000 0.0775842 0.4803127 0.0328191 0.0117562 0.0057012 0.0258284 0.0253246 0.0022889 0.0074148 0.0038076 0.0030146 0.0209037 0.0041892 0.0091071 0.0610405
182 W 182 0.0087404 0.0332594 0.0528117 0.0199065 0.0110308 0.0423047 0.0080165 0.0454247 0.0180328 0.0086676 0.0183884 0.0131931 0.0262343 0.0179054 0.0000000 0.0749230 0.0209374 0.5118283 0.0139615 0.0544337
183 L 183 0.0059819 0.0034956 0.0440095 0.0070396 0.0015911 0.0023566 0.0000000 0.0028961 0.0064903 0.0091792 0.8248037 0.0062940 0.0165985 0.0147797 0.0053080 0.0164225 0.0000000 0.0000000 0.0019735 0.0307803
184 R 184 0.0083879 0.2814166 0.0518495 0.0029777 0.0017080 0.1111280 0.0210930 0.0142504 0.0491828 0.0023566 0.1491166 0.2365506 0.0038820 0.0128072 0.0080719 0.0180480 0.0047478 0.0030132 0.0151547 0.0042576
185 R 185 0.0020782 0.3926460 0.0320405 0.0023770 0.0000000 0.0221293 0.0190975 0.0138105 0.0016412 0.0223754 0.0169545 0.3357765 0.0118685 0.0082277 0.0011814 0.0140502 0.0768637 0.0052956 0.0073715 0.0142147
186 Y 186 0.0180364 0.0162125 0.0194915 0.0022838 0.0138041 0.0182452 0.0163921 0.0029892 0.0530230 0.0094197 0.0926573 0.0071527 0.0045910 0.0790256 0.0000000 0.0020396 0.0420410 0.0069076 0.5724255 0.0232621
187 L 187 0.0104192 0.0613611 0.0102692 0.0000000 0.0000000 0.0093823 0.0022809 0.0000000 0.0063799 0.0134818 0.6106304 0.0029048 0.0288173 0.0049584 0.0121264 0.0104154 0.0133330 0.0023055 0.0183385 0.1825957
188 E 188 0.0243409 0.0680310 0.0856451 0.0948183 0.0000000 0.0477037 0.3674425 0.0847458 0.0056279 0.0112797 0.0369962 0.0370420 0.0033510 0.0036456 0.0262513 0.0556198 0.0218798 0.0000000 0.0020885 0.0234910
189 N 189 0.0088747 0.0246648 0.1561758 0.0055931 0.0039147 0.0226487 0.0042278 0.0489726 0.0400482 0.0216716 0.0812801 0.0438479 0.0444954 0.0227286 0.0015774 0.0170635 0.0163169 0.0000000 0.4295091 0.0063891
