  401         A         R         N         D         C         Q         E         G         H         I         L         K         M         F         P         S         T         W         Y         V         X    
  1 M   1 0.0000000 0.0000000 0.0000000 0.0000000 0.0000000 0.0000000 0.0000000 0.0000000 0.0000000 0.0000000 0.0000000 0.0000000 0.0103839 0.0000000 0.0000000 0.0000000 0.0000000 0.0000000 0.0000000 0.0000000 0.9896161
  2 A   2 0.0042873 0.0000000 0.0000000 0.0000000 0.0000000 0.0000000 0.0000000 0.0000000 0.0000000 0.0000000 0.0000000 0.0060966 0.0000000 0.0000000 0.0000000 0.0000000 0.0000000 0.0000000 0.0000000 0.0000000 0.9896161
  3 H   3 0.0016276 0.0000000 0.0016703 0.0000000 0.0000000 0.0000000 0.0000000 0.0000000 0.0055103 0.0000000 0.0000000 0.0000000 0.0000000 0.0000000 0.0000000 0.0000000 0.0044689 0.0000000 0.0000000 0.0000000 0.9867229
  4 H   4 0.0000000 0.0000000 0.0000000 0.0000000 0.0000000 0.0000000 0.0000000 0.0000000 0.0058476 0.0000000 0.0060966 0.0000000 0.0000000 0.0000000 0.0000000 0.0082650 0.0000000 0.0000000 0.0000000 0.0000000 0.9797908
  5 H   5 0.0053406 0.0000000 0.0000000 0.0000000 0.0000000 0.0000000 0.0000000 0.0027137 0.0042873 0.0042858 0.0016703 0.0000000 0.0083210 0.0000000 0.0000000 0.0021125 0.0000000 0.0000000 0.0000000 0.0000000 0.9712688
  6 H   6 0.0192870 0.0012230 0.0000000 0.0000000 0.0061630 0.0000000 0.0000000 0.0000000 0.0056876 0.0000000 0.0000000 0.0000000 0.0000000 0.0099690 0.0000000 0.0017575 0.0000000 0.0000000 0.0000000 0.0000000 0.9559129
  7 H   7 0.0005523 0.0000000 0.0000000 0.0000000 0.0013670 0.0000000 0.0000000 0.0000000 0.0074451 0.0008981 0.0095724 0.0015733 0.0000000 0.0096970 0.0000000 0.0047533 0.0008400 0.0011170 0.0036583 0.0174966 0.9410296
  8 H   8 0.0000000 0.0000000 0.0000000 0.0000000 0.0000000 0.0012051 0.0000000 0.0024353 0.0096753 0.0000000 0.0045281 0.0000000 0.0000000 0.0486791 0.0000000 0.0015603 0.0000000 0.0000000 0.0022863 0.0024133 0.9272172
  9 V   9 0.0496685 0.0025173 0.0000000 0.0000000 0.0034491 0.0000000 0.0000000 0.0037606 0.0000000 0.0023061 0.0474502 0.0000000 0.0009235 0.0007764 0.0000000 0.0076059 0.0071096 0.0008249 0.0000000 0.0289718 0.8446362
 10 D  10 0.0032650 0.0000000 0.0000000 0.0042873 0.0062057 0.0000000 0.0017186 0.0019317 0.0027397 0.0112848 0.1090994 0.0000000 0.0016839 0.0000000 0.0461178 0.0025357 0.0026233 0.0030166 0.0000000 0.0063502 0.7971403
 11 D  11 0.0063394 0.0042691 0.0043526 0.0042873 0.0019792 0.0270364 0.0000000 0.0197572 0.0193218 0.0035007 0.0070786 0.0051120 0.0000000 0.0000000 0.0262339 0.0089231 0.1378074 0.0000000 0.0000000 0.0045366 0.7194647
 12 D  12 0.0152672 0.0061703 0.0011414 0.0172766 0.0045185 0.0758091 0.0870530 0.0585994 0.0010456 0.0011164 0.0062540 0.0066938 0.0023481 0.0000000 0.0027924 0.0130793 0.0071566 0.0030166 0.0017653 0.0028764 0.6860201
 13 D  13 0.0671497 0.0058679 0.0030998 0.0057768 0.0014200 0.0000000 0.0000000 0.0000000 0.0037997 0.0087120 0.0077034 0.0000000 0.0003556 0.0000000 0.0054625 0.0278397 0.1806379 0.0000000 0.0059995 0.0289013 0.6472742
 14 K  14 0.0380295 0.0652658 0.0023206 0.0008248 0.0226128 0.0289207 0.0049295 0.0193493 0.0134186 0.0000000 0.0076443 0.0058836 0.0000000 0.0069006 0.0105362 0.0515503 0.0014235 0.0706620 0.0077349 0.0054129 0.6365802
 15 I  15 0.2944190 0.0000000 0.0012434 0.0012784 0.0200376 0.0029793 0.0071752 0.0081910 0.0009165 0.0068587 0.0054725 0.0022264 0.0000000 0.0000000 0.0091473 0.0103622 0.0212507 0.0000000 0.0000000 0.0031278 0.6053142
 16 G  16 0.0229373 0.0287417 0.0000000 0.0016039 0.0027496 0.0000000 0.0232542 0.3038883 0.0016839 0.0000000 0.0024460 0.0000000 0.0016487 0.0000000 0.0017932 0.0107367 0.0000000 0.0019468 0.0000000 0.0557860 0.5407838
 17 S  17 0.0002940 0.0036292 0.0024872 0.0000000 0.0000000 0.0012975 0.0000000 0.0026959 0.0020851 0.0095354 0.0106513 0.0207668 0.0017349 0.0023789 0.0404375 0.3009352 0.1196797 0.0004373 0.0009493 0.0009019 0.4791028
 18 H  18 0.0000000 0.0014053 0.0028642 0.0019117 0.0000000 0.0015191 0.0000000 0.0000000 0.5265773 0.0000000 0.0000000 0.0000000 0.0000000 0.0000000 0.0071116 0.0000000 0.0000000 0.0000000 0.0232746 0.0000000 0.4353363
 19 S  19 0.0014013 0.0011610 0.0000000 0.0000000 0.0000000 0.0000000 0.0000000 0.0000000 0.0000000 0.0000000 0.0031810 0.0013594 0.0000000 0.0070954 0.0000000 0.4959096 0.0404830 0.0135216 0.0000000 0.0000000 0.4358876
 20 M  20 0.0000000 0.0007905 0.0000000 0.0000000 0.0000000 0.0000000 0.0000000 0.0000000 0.0046118 0.0000000 0.4622243 0.0012279 0.0834144 0.0044122 0.0000000 0.0000000 0.0030155 0.0085694 0.0019684 0.0008120 0.4289539
 21 R  21 0.0000000 0.2927207 0.0127973 0.0000000 0.0022000 0.0518602 0.0030408 0.0045488 0.0258783 0.0030575 0.0116710 0.0998427 0.0021618 0.0008224 0.0000000 0.0231993 0.0128814 0.0019469 0.0175216 0.0049185 0.4289306
 22 Y  22 0.0085694 0.0000000 0.0043784 0.0000000 0.0019434 0.0000000 0.0000000 0.0025561 0.0091921 0.0063571 0.0029820 0.0000000 0.0000000 0.0399571 0.0000000 0.0042164 0.0107533 0.0000000 0.4756666 0.0059070 0.4275212
 23 F  23 0.0010126 0.0012566 0.0026581 0.0000000 0.0051272 0.0000000 0.0000000 0.0000000 0.0201304 0.0456298 0.0602230 0.0022264 0.0000000 0.3895131 0.0026959 0.0074672 0.0000000 0.0000000 0.0212528 0.0157018 0.4251051
 24 H  24 0.0045208 0.0174703 0.0146388 0.0221956 0.0052007 0.0172944 0.0110005 0.0035706 0.0459117 0.0193785 0.0159362 0.0057920 0.0017009 0.0474681 0.0006359 0.0385919 0.0183341 0.0000000 0.2581638 0.0289132 0.4232818
 25 T  25 0.0117023 0.0000000 0.0024372 0.0000000 0.0013518 0.0000000 0.0000000 0.0000000 0.0016288 0.0214911 0.0262491 0.0000000 0.0144236 0.0000000 0.0062181 0.0192511 0.4570318 0.0011118 0.0040443 0.0094507 0.4236084
 26 S  26 0.2778177 0.0031259 0.0000000 0.0013099 0.0052147 0.0044497 0.0031637 0.1249923 0.0000000 0.0138602 0.0288311 0.0000000 0.0011414 0.0030727 0.0000000 0.0532916 0.0201658 0.0013770 0.0004858 0.0323236 0.4253769
 27 V  27 0.0213387 0.0000000 0.0000000 0.0000000 0.0000000 0.0000000 0.0032668 0.0000000 0.0000000 0.0256495 0.0847325 0.0000000 0.0529957 0.0049241 0.0026959 0.0822186 0.0331208 0.0022815 0.0010456 0.2591328 0.4265974
 28 S  28 0.0061579 0.0000000 0.0000000 0.0000000 0.0000000 0.0000000 0.0052964 0.0000000 0.0010432 0.0000000 0.0114396 0.0019666 0.0013828 0.0026276 0.0064665 0.4628202 0.0721784 0.0012981 0.0033047 0.0000000 0.4240181
 29 R  29 0.0123639 0.1956898 0.0038314 0.0619530 0.0006359 0.0328863 0.0753732 0.0970012 0.0065826 0.0007314 0.0042992 0.0305053 0.0000000 0.0010922 0.0009530 0.0062568 0.0074677 0.0242590 0.0000000 0.0029057 0.4352124
 30 P  30 0.0086601 0.0178636 0.0000000 0.0080232 0.0000000 0.0020895 0.0018329 0.0025327 0.0052982 0.0023715 0.0143521 0.0006211 0.0028431 0.0000000 0.3843915 0.0050656 0.0016571 0.0000000 0.0031237 0.0580933 0.4811808
 31 G  31 0.0232800 0.0074081 0.0134134 0.0485428 0.0000000 0.0000000 0.0098773 0.2882417 0.0000000 0.0253966 0.0146005 0.0000000 0.0000000 0.0000000 0.0000000 0.0379722 0.0222163 0.0019045 0.0019798 0.0277303 0.4774368
 32 R  32 0.0086106 0.0845239 0.0016273 0.0026547 0.0000000 0.0271076 0.0082522 0.0055305 0.0202980 0.0235402 0.1016828 0.0142602 0.0140838 0.0225671 0.1775784 0.0238201 0.0145754 0.0035221 0.0079961 0.0025164 0.4352522
 33 G  33 0.0080948 0.0214670 0.0718018 0.0351386 0.0000000 0.0063805 0.0315058 0.3285170 0.0000000 0.0013785 0.0172225 0.0025940 0.0009360 0.0000000 0.0021846 0.0151758 0.0022141 0.0066361 0.0000000 0.0125164 0.4362365
 34 E  34 0.0039807 0.0017072 0.0027590 0.0162181 0.0000000 0.0146507 0.1879292 0.0005071 0.0009360 0.0568970 0.0684796 0.0161956 0.0150296 0.1228942 0.0000000 0.0039997 0.0035221 0.0000000 0.0000000 0.0609070 0.4233873
 35 P  35 0.0078457 0.0021685 0.0000000 0.0024245 0.0000000 0.0000000 0.0000000 0.0000000 0.0179243 0.0000000 0.0060862 0.0000000 0.0000000 0.0000000 0.4887303 0.0288260 0.0049218 0.0000000 0.0164823 0.0000000 0.4245904
 36 R  36 0.0112003 0.1908675 0.0015191 0.0022419 0.0005807 0.0865785 0.1931184 0.0062731 0.0102847 0.0000000 0.0233672 0.0036980 0.0035221 0.0019565 0.0003357 0.0140729 0.0000000 0.0280591 0.0000000 0.0019333 0.4203910
 37 F  37 0.0000000 0.0000000 0.0000000 0.0035221 0.0015770 0.0000000 0.0000000 0.0000000 0.0031435 0.0054765 0.0122738 0.0012279 0.0000000 0.4638006 0.0000000 0.0039053 0.0000000 0.0000000 0.0718495 0.0119105 0.4213132
 38 I  38 0.0054324 0.0085660 0.0000000 0.0000000 0.0013084 0.0170742 0.0133931 0.0000000 0.0000000 0.1827761 0.0352509 0.0000000 0.0333397 0.0259613 0.0000000 0.0417371 0.0685003 0.0007035 0.0017361 0.1429076 0.4213132
 39 T  39 0.1996450 0.0047274 0.0011731 0.0079733 0.0018708 0.0117292 0.0330444 0.0275840 0.0054724 0.0626973 0.0050338 0.0033551 0.0011962 0.0122511 0.0000000 0.0957813 0.0471979 0.0000000 0.0082389 0.0504582 0.4205706
 40 V  40 0.0251644 0.0081311 0.0000000 0.0026581 0.0000000 0.0012751 0.0000000 0.0030258 0.0000000 0.0229883 0.0327783 0.0000000 0.0360999 0.0076019 0.0000000 0.0122162 0.0160146 0.0000000 0.0000000 0.4114758 0.4205706
 41 G  41 0.0435601 0.0005424 0.0085694 0.0003574 0.0022877 0.0000000 0.0011844 0.4625364 0.0059993 0.0052442 0.0025723 0.0000000 0.0138317 0.0000000 0.0018298 0.0114342 0.0039784 0.0000000 0.0000000 0.0154782 0.4205941
 42 Y  42 0.0024772 0.0042555 0.0000000 0.0000000 0.0046960 0.0031962 0.0000000 0.0000000 0.0043725 0.0081904 0.0882997 0.0000000 0.0484005 0.0336870 0.0000000 0.0044459 0.0008626 0.0000000 0.3654063 0.0114597 0.4202505
 43 V  43 0.0022264 0.0000000 0.0000000 0.0000000 0.0000000 0.0000000 0.0035221 0.0008351 0.0000000 0.0184947 0.0789127 0.0000000 0.0131971 0.0049084 0.0000000 0.0000000 0.0000000 0.0000000 0.0000000 0.4578934 0.4200102
 44 D  44 0.0000000 0.0024772 0.0366504 0.5319300 0.0000000 0.0000000 0.0030503 0.0023599 0.0000000 0.0000000 0.0000000 0.0000000 0.0000000 0.0000000 0.0035221 0.0000000 0.0000000 0.0000000 0.0000000 0.0000000 0.4200102
 45 D  45 0.0057801 0.0006621 0.0287851 0.3450327 0.0000000 0.0000000 0.0422307 0.1169030 0.0051308 0.0000000 0.0000000 0.0010634 0.0000000 0.0000000 0.0000000 0.0301284 0.0000000 0.0000000 0.0013084 0.0000000 0.4229753
 46 T  46 0.0110195 0.0296423 0.0030503 0.0024882 0.0000000 0.1045325 0.0446500 0.0167621 0.0147533 0.0524915 0.0117879 0.0110696 0.0126876 0.0000000 0.0000000 0.0003608 0.1809557 0.0000000 0.0013457 0.0794276 0.4229753
 47 L  47 0.0103489 0.0093998 0.0000000 0.0024408 0.0000000 0.3323901 0.0526991 0.0006647 0.0055461 0.0079279 0.0604945 0.0018656 0.0074359 0.0000000 0.0727056 0.0000000 0.0000000 0.0000000 0.0000000 0.0134041 0.4226768
 48 F  48 0.0066761 0.0000000 0.0000000 0.0000000 0.0043320 0.0024772 0.0000000 0.0023385 0.0028056 0.1282548 0.0097748 0.0013518 0.0388775 0.3333989 0.0000000 0.0009331 0.0021648 0.0000000 0.0242943 0.0193246 0.4229962
 49 V  49 0.0153002 0.0037296 0.0089085 0.0550824 0.0033798 0.0174109 0.0181165 0.0551159 0.0000000 0.0264271 0.0248343 0.0000000 0.0296665 0.0193060 0.0000000 0.0211097 0.0277967 0.0039776 0.0064249 0.2410980 0.4223154
 50 R  50 0.0032638 0.2420386 0.0066726 0.0026072 0.0040485 0.0114995 0.0000000 0.0251436 0.0903678 0.0011815 0.0034391 0.0094119 0.0041766 0.0046078 0.0000000 0.0351297 0.0102834 0.0049412 0.1186390 0.0000000 0.4225481
 51 F  51 0.0000000 0.0024772 0.0000000 0.0000000 0.0190730 0.0000000 0.0000000 0.0000000 0.0008900 0.0000000 0.0137748 0.0000000 0.0000000 0.2578579 0.0000000 0.0000000 0.0000000 0.0000000 0.2844612 0.0021158 0.4193502
 52 D  52 0.0011118 0.0008616 0.1012664 0.4377850 0.0000000 0.0000000 0.0041867 0.0049072 0.0066788 0.0000000 0.0035221 0.0012524 0.0000000 0.0000000 0.0000000 0.0171695 0.0000000 0.0000000 0.0000000 0.0000000 0.4212584
 53 S  53 0.0008053 0.0000000 0.0175836 0.0000000 0.0026139 0.0000000 0.0000000 0.0082221 0.0121137 0.0004135 0.0000000 0.0000000 0.0000000 0.0000000 0.0027966 0.5124311 0.0111258 0.0000000 0.0000000 0.0000000 0.4318944
 54 D  54 0.0059536 0.0132232 0.0926474 0.2216864 0.0007679 0.0038176 0.0717187 0.0009021 0.0055698 0.0256657 0.0039776 0.0246791 0.0000000 0.0000000 0.0000000 0.0102130 0.0144682 0.0000000 0.0028944 0.0052122 0.4966032
 55 A  55 0.1741289 0.0253040 0.0068031 0.0062806 0.0013175 0.0000000 0.0267571 0.0245336 0.0000000 0.0436140 0.0029106 0.0105577 0.0040881 0.0000000 0.0000000 0.0325610 0.0355369 0.0039839 0.0009493 0.0098008 0.5908729
 56 A  56 0.0869375 0.0740772 0.0036971 0.0075545 0.0011076 0.0152891 0.0949555 0.0413850 0.0055044 0.0000000 0.0005996 0.0459769 0.0014455 0.0000000 0.0309190 0.0124961 0.0056094 0.0000000 0.0000000 0.0265513 0.5458943
 57 S  57 0.0066077 0.0024651 0.0935123 0.0174885 0.0057272 0.0009392 0.0093694 0.0021138 0.0038776 0.0155713 0.0017967 0.0073203 0.0043387 0.0051604 0.0000000 0.1414519 0.1419259 0.0000000 0.0020463 0.0092382 0.5290492
 58 P  58 0.0275255 0.0757650 0.0054265 0.0033766 0.0000000 0.0839219 0.0026570 0.0098525 0.0024794 0.0017565 0.0091975 0.0415428 0.0262536 0.0012751 0.1701180 0.0090468 0.0009941 0.0000000 0.0000000 0.0068602 0.5219510
 59 R  59 0.0047498 0.3497130 0.0000000 0.0000000 0.0000000 0.0248001 0.0163039 0.0102940 0.0000000 0.0101541 0.0035104 0.1071306 0.0096814 0.0000000 0.0000000 0.0083194 0.0042238 0.0046396 0.0000000 0.0062442 0.4402358
 60 E  60 0.1491268 0.0026691 0.0051213 0.0128596 0.0022077 0.0004397 0.0313707 0.0049147 0.0016832 0.0100492 0.0229005 0.0534983 0.1421048 0.0144648 0.0045595 0.0082700 0.0217535 0.0008695 0.0264236 0.0509740 0.4337394
 61 E  61 0.0013181 0.0110116 0.0000000 0.0022503 0.0000000 0.0274468 0.3229890 0.0009427 0.0024897 0.0478772 0.0203963 0.0284432 0.0019358 0.0022641 0.0000000 0.0000000 0.0033003 0.0000000 0.0000000 0.0888968 0.4384382
 62 P  62 0.0155255 0.0012384 0.0038302 0.0000000 0.0000000 0.0102999 0.0000000 0.0060190 0.0133991 0.0043658 0.0111634 0.0000000 0.0000000 0.0053368 0.4667925 0.0240883 0.0062112 0.0000000 0.0000000 0.0021602 0.4295697
 63 R  63 0.0130371 0.2980080 0.0000000 0.0016039 0.0264190 0.0163440 0.0010556 0.0060295 0.0026195 0.0144869 0.0317383 0.1359816 0.0030864 0.0035273 0.0000000 0.0050283 0.0104879 0.0006573 0.0000000 0.0040448 0.4258446
 64 A  64 0.2541713 0.0011460 0.0000000 0.0000000 0.0000000 0.1272309 0.0047624 0.0142519 0.0000000 0.0036121 0.0064829 0.0062313 0.0042606 0.0026392 0.0009442 0.0051685 0.0772167 0.0013622 0.0024408 0.0679451 0.4201340
 65 P  65 0.0230344 0.0358622 0.0020772 0.0922515 0.0000000 0.0464758 0.0686330 0.0090005 0.0084144 0.0006256 0.0080681 0.0026845 0.0007044 0.0000000 0.2446181 0.0240257 0.0079589 0.0035323 0.0012981 0.0031509 0.4175845
 66 W  66 0.0000000 0.0000000 0.0000000 0.0000000 0.0012975 0.0000000 0.0010018 0.0010169 0.0000000 0.0000000 0.0038597 0.0024897 0.0028895 0.0029086 0.0000000 0.0147870 0.0000000 0.5475517 0.0000000 0.0004106 0.4217870
 67 I  67 0.0224170 0.0072284 0.0000000 0.0000000 0.0000000 0.0016496 0.0015552 0.0018117 0.0000000 0.1044936 0.0596072 0.0035871 0.2805672 0.0000000 0.0000000 0.0108124 0.0022425 0.0000000 0.0000000 0.0847276 0.4193005
 68 E  68 0.0277149 0.0385061 0.0174021 0.0346712 0.0035221 0.0239036 0.2481262 0.0096275 0.0038452 0.0007334 0.0035175 0.1089055 0.0026109 0.0000000 0.0100401 0.0239099 0.0066220 0.0000000 0.0015019 0.0050664 0.4297735
 69 Q  69 0.0435307 0.0511250 0.0234022 0.0050488 0.0000000 0.2190109 0.0763039 0.0235386 0.0068677 0.0043961 0.0124912 0.0706242 0.0051091 0.0007351 0.0040990 0.0114665 0.0115266 0.0004332 0.0000000 0.0076507 0.4226407
 70 E  70 0.0186493 0.0099102 0.0417605 0.0387578 0.0017427 0.0106886 0.2652916 0.0000000 0.0031421 0.0012279 0.0336633 0.0336762 0.0262257 0.0008438 0.0020472 0.0013622 0.0229723 0.0000000 0.0000000 0.0654342 0.4226045
 71 G  71 0.0114756 0.0102230 0.0179454 0.1541495 0.0000000 0.0044431 0.0370879 0.2267790 0.0090009 0.0006047 0.0233181 0.0068314 0.0157636 0.0019798 0.0152768 0.0178604 0.0124660 0.0011414 0.0012601 0.0011060 0.4312873
 72 P  72 0.0492536 0.0103253 0.0000000 0.0038806 0.0000000 0.0762941 0.0138425 0.0010672 0.0000000 0.0034353 0.0057014 0.0068185 0.0124639 0.0000000 0.3320606 0.0450638 0.0174475 0.0000000 0.0008149 0.0024884 0.4190424
 73 E  73 0.0062964 0.0050542 0.0044045 0.0916194 0.0000000 0.1172258 0.2964806 0.0188139 0.0017311 0.0000000 0.0040787 0.0106034 0.0000000 0.0000000 0.0000000 0.0165223 0.0024454 0.0000000 0.0045348 0.0000000 0.4201894
 74 Y  74 0.0013703 0.0000000 0.0020151 0.0184312 0.0010766 0.0060410 0.0021470 0.0000000 0.0599926 0.0000000 0.0122295 0.0000000 0.0043372 0.0273168 0.0000000 0.0013774 0.0048845 0.0007659 0.4355484 0.0024772 0.4199894
 75 W  75 0.0011111 0.0020521 0.0016039 0.0049906 0.0024693 0.0000000 0.0000000 0.0000000 0.0000000 0.0057715 0.0537938 0.0014455 0.0011954 0.0131084 0.0046041 0.0030592 0.0000000 0.4848187 0.0000000 0.0007567 0.4192197
 76 D  76 0.0142038 0.0052333 0.0183967 0.1570321 0.0000000 0.0099613 0.3278404 0.0065558 0.0007053 0.0000000 0.0139090 0.0264334 0.0000000 0.0000000 0.0000000 0.0013842 0.0028700 0.0000000 0.0000000 0.0010314 0.4144432
 77 R  77 0.0051465 0.2219224 0.0122345 0.0156490 0.0000000 0.0538901 0.0644826 0.0215167 0.0025015 0.0030452 0.0139324 0.0762191 0.0131882 0.0000000 0.0024772 0.0246945 0.0220069 0.0252809 0.0054267 0.0037505 0.4126348
 78 E  78 0.0084887 0.0069493 0.0848203 0.0031465 0.0005845 0.1326547 0.2133156 0.0369126 0.0024635 0.0029306 0.0274326 0.0031643 0.0035589 0.0000000 0.0000000 0.0047502 0.0082725 0.0014509 0.0357548 0.0079450 0.4154046
 79 T  79 0.0054541 0.0079597 0.0093181 0.0024772 0.0000000 0.0016056 0.0017110 0.0011752 0.0000000 0.0041896 0.0000000 0.0096379 0.0032004 0.0000000 0.0018084 0.0441682 0.4894234 0.0000000 0.0000000 0.0016496 0.4162215
 80 Q  80 0.0150478 0.1208831 0.0150353 0.0179423 0.0000000 0.2540511 0.0511446 0.0255905 0.0142240 0.0000000 0.0170677 0.0353017 0.0000000 0.0013703 0.0005811 0.0016114 0.0058708 0.0052713 0.0005159 0.0014207 0.4170704
 81 I  81 0.0047044 0.0523749 0.0672801 0.0167275 0.0000000 0.0133017 0.0051628 0.0171301 0.0035513 0.1582284 0.0458664 0.0615313 0.0078021 0.0070329 0.0016039 0.0616850 0.0220105 0.0004509 0.0163729 0.0211776 0.4160054
 82 C  82 0.1563875 0.0457664 0.0055838 0.0034281 0.0406000 0.0250081 0.0014101 0.0143402 0.0040217 0.0115643 0.0886618 0.0004825 0.0207079 0.0368934 0.0004352 0.0477209 0.0069657 0.0010649 0.0166737 0.0603095 0.4119744
 83 K  83 0.0062599 0.0796218 0.0006274 0.0000000 0.0000000 0.0650105 0.0106453 0.0000000 0.0012011 0.0276186 0.0601105 0.2401981 0.0157513 0.0210255 0.0032138 0.0071288 0.0243394 0.0081513 0.0000000 0.0182469 0.4108497
 84 A  84 0.0661191 0.0319376 0.0410988 0.0512138 0.0000000 0.0055892 0.0502359 0.2089132 0.0100741 0.0097621 0.0013785 0.0117828 0.0000000 0.0000000 0.0010762 0.0615453 0.0183025 0.0008252 0.0070438 0.0137243 0.4093776
 85 K  85 0.0543842 0.0410389 0.0742462 0.0310665 0.0020260 0.0284595 0.0185524 0.0117778 0.0418796 0.0081621 0.0283912 0.0428905 0.0045636 0.0091801 0.0006303 0.0500851 0.0617926 0.0474507 0.0226811 0.0113640 0.4093776
 86 A  86 0.1192201 0.0104840 0.0016281 0.0119003 0.0000000 0.1132875 0.1934940 0.0134903 0.0273650 0.0037173 0.0083625 0.0099750 0.0115518 0.0019045 0.0046338 0.0306241 0.0302777 0.0000000 0.0033832 0.0028517 0.4018492
 87 Q  87 0.0169475 0.0204246 0.0040177 0.0148259 0.0000000 0.3516426 0.0230642 0.0036881 0.0306127 0.0057546 0.0226311 0.0398879 0.0044639 0.0035221 0.0290592 0.0062335 0.0048197 0.0022232 0.0037353 0.0109660 0.4014801
 88 T  88 0.0216335 0.0240183 0.0461771 0.0214932 0.0024152 0.0100418 0.0038486 0.0112213 0.0000000 0.0823281 0.0203884 0.0071389 0.0188073 0.0209597 0.0031449 0.0465144 0.1325168 0.0495587 0.0026131 0.0759262 0.3992543
 89 D  89 0.0164811 0.0000000 0.0111294 0.0492095 0.0046748 0.0235760 0.0057128 0.0133254 0.0062159 0.0055255 0.0271594 0.0011469 0.0092573 0.3372773 0.0056906 0.0221649 0.0054271 0.0000000 0.0446249 0.0121469 0.3992543
 90 R  90 0.0072066 0.2280200 0.0180201 0.0036783 0.0007222 0.0275882 0.0114793 0.0087039 0.0074658 0.0144866 0.0150909 0.1988938 0.0149166 0.0167813 0.0076177 0.0049017 0.0114033 0.0000000 0.0028524 0.0011967 0.3989744
 91 E  91 0.0823812 0.0428679 0.0281588 0.0107699 0.0010018 0.0049035 0.0497790 0.0442043 0.0311535 0.0042855 0.0229177 0.0135052 0.0113917 0.0028237 0.0000000 0.0190878 0.0084412 0.0057524 0.0042420 0.2125402 0.3997929
 92 D  92 0.0062438 0.0086120 0.2530209 0.0671975 0.0063251 0.0041030 0.0404041 0.0344412 0.0069080 0.0121842 0.0264789 0.0176541 0.0021859 0.0139179 0.0000000 0.0620753 0.0235768 0.0000000 0.0103777 0.0066478 0.3976457
 93 L  93 0.0000000 0.0013437 0.0000000 0.0000000 0.0020938 0.0021685 0.0000000 0.0023351 0.0016535 0.1202388 0.3649955 0.0000000 0.0221512 0.0170136 0.0024772 0.0056499 0.0056799 0.0036790 0.0011919 0.0534876 0.3938409
 94 R  94 0.0207391 0.1237553 0.0665671 0.0414897 0.0000000 0.0575028 0.0782275 0.0483375 0.0064201 0.0143448 0.0110958 0.0698553 0.0097702 0.0000000 0.0056904 0.0069847 0.0043215 0.0287350 0.0023872 0.0109822 0.3927936
 95 T  95 0.0082009 0.0192947 0.0698226 0.0216482 0.0000000 0.0033371 0.0045178 0.0009270 0.0061164 0.1208005 0.0151266 0.0183461 0.0070689 0.0294875 0.0000000 0.0227934 0.2085292 0.0046428 0.0055551 0.0413210 0.3924643
 96 L  96 0.1298251 0.0055737 0.0020137 0.0000000 0.0005337 0.0000000 0.0000000 0.0124815 0.0021685 0.0500134 0.3108126 0.0000000 0.0230310 0.0034727 0.0018084 0.0060447 0.0071181 0.0023556 0.0000000 0.0520916 0.3906558
 97 L  97 0.0177183 0.1305784 0.0019770 0.0000000 0.0000000 0.0413367 0.0008688 0.0049857 0.0022668 0.0185890 0.1150383 0.0928946 0.1291532 0.0075089 0.0099148 0.0063079 0.0069014 0.0035221 0.0000000 0.0214546 0.3889838
 98 R  98 0.0036630 0.0779123 0.0177034 0.0667904 0.0027506 0.0710655 0.0704960 0.1492887 0.0258875 0.0039498 0.0172128 0.0452611 0.0000000 0.0000000 0.0148777 0.0217959 0.0125422 0.0006394 0.0000000 0.0100923 0.3880714
 99 Y  99 0.0087392 0.2150468 0.0190932 0.0027438 0.0012011 0.0129600 0.0064430 0.0050855 0.0219090 0.0203799 0.0141259 0.0046795 0.0017254 0.0159549 0.0018084 0.0084908 0.0051526 0.0000000 0.2368597 0.0049798 0.3926216
100 Y 100 0.0028991 0.0047905 0.0199584 0.0031857 0.0015878 0.0034354 0.0028794 0.0009270 0.0210956 0.0000000 0.0296682 0.0000000 0.0273677 0.1497965 0.0014393 0.0048675 0.0075138 0.0021251 0.3211507 0.0062458 0.3890666
101 N 101 0.0045974 0.0278737 0.4994253 0.0000000 0.0024283 0.0077060 0.0056394 0.0046993 0.0000000 0.0058844 0.0052256 0.0240151 0.0011271 0.0055623 0.0057169 0.0054386 0.0061245 0.0000000 0.0000000 0.0000000 0.3885362
102 Q 102 0.0009123 0.0089020 0.0107533 0.0227103 0.0023705 0.4305144 0.0123212 0.0056905 0.0699132 0.0000000 0.0063534 0.0307440 0.0000000 0.0028794 0.0082344 0.0105166 0.0031294 0.0018492 0.0090101 0.0000000 0.3631960
103 S 103 0.0049078 0.0105927 0.0338925 0.0027894 0.0018084 0.0169005 0.0000000 0.0067211 0.0021685 0.0000000 0.0025317 0.0082074 0.0007921 0.0021650 0.0022754 0.3577820 0.2064188 0.0049860 0.0126278 0.0014393 0.3209935
104 E 104 0.0290484 0.0232247 0.0151660 0.0235427 0.0148098 0.0237738 0.1491201 0.0503309 0.0057557 0.0034585 0.0039189 0.0566432 0.0200529 0.0030173 0.0064974 0.0180063 0.0081830 0.0522345 0.0122733 0.0064333 0.4745095
105 A 105 0.1584485 0.0108858 0.0259605 0.0389025 0.0000000 0.0097598 0.0413273 0.2132431 0.0012633 0.0015019 0.0073903 0.0173123 0.0014060 0.0053357 0.0041965 0.0682065 0.0480892 0.0024249 0.0000000 0.0082204 0.3361255
106 G 106 0.0050982 0.0061361 0.0028304 0.0512235 0.0000000 0.0036545 0.0308482 0.5364629 0.0117663 0.0046371 0.0080659 0.0065505 0.0058081 0.0000000 0.0047196 0.0469520 0.0024566 0.0000000 0.0000000 0.0171341 0.2556561
107 S 107 0.0109905 0.0063130 0.0060941 0.0049618 0.0000000 0.0000000 0.0099267 0.0308553 0.0662809 0.0108040 0.0336488 0.0030700 0.0007082 0.0133295 0.0324772 0.3173404 0.0336802 0.0000000 0.0370343 0.1268289 0.2556561
108 H 108 0.0019647 0.0047449 0.0016156 0.0090076 0.0000000 0.0037697 0.0017015 0.0021650 0.5885687 0.0116693 0.0144584 0.0039431 0.0000000 0.0055698 0.0044397 0.0193944 0.0527833 0.0000000 0.0163226 0.0081715 0.2497102
109 T 109 0.0060427 0.0044863 0.0053735 0.0027677 0.0000000 0.0129857 0.0020938 0.0000000 0.0440948 0.0781375 0.0214278 0.0000000 0.0080563 0.0181853 0.0039926 0.1598402 0.2912152 0.0205044 0.0005791 0.0714799 0.2487371
110 L 110 0.0024960 0.0133156 0.0074067 0.0000000 0.0000000 0.0572014 0.0000000 0.0000000 0.0135343 0.1071618 0.2773423 0.0026066 0.0488126 0.0863754 0.0000000 0.0092333 0.0271051 0.0112363 0.0274079 0.0601106 0.2486540
111 Q 111 0.0050912 0.1492375 0.0000000 0.0000000 0.0000000 0.4483184 0.0060243 0.0050799 0.0093776 0.0052531 0.0331346 0.0140777 0.0185292 0.0015944 0.0011541 0.0062695 0.0052452 0.0175121 0.0078325 0.0176147 0.2486540
112 N 112 0.0071780 0.1081577 0.0211915 0.0033914 0.0067410 0.0523894 0.0293054 0.0208997 0.0060550 0.0248244 0.0374791 0.0232193 0.0697190 0.0185229 0.0000000 0.0130303 0.0202766 0.0990233 0.1630724 0.0274952 0.2480283
113 M 113 0.0020636 0.0571971 0.0015603 0.0000000 0.0065058 0.0195712 0.0000000 0.0151237 0.0049860 0.0321688 0.0628186 0.0068267 0.2870585 0.1595464 0.0013010 0.0039849 0.0151938 0.0012863 0.0419491 0.0322498 0.2486085
114 Y 114 0.0072810 0.0175227 0.0175044 0.0235746 0.0312868 0.0160776 0.0153367 0.0690661 0.0639223 0.0169292 0.0081734 0.0083792 0.0344530 0.0511955 0.0010169 0.0514644 0.0139690 0.0053541 0.2815828 0.0170692 0.2488412
115 G 115 0.0166444 0.0028056 0.0007458 0.0021152 0.0663591 0.0000000 0.0158785 0.4141714 0.0022594 0.0216629 0.0145825 0.0065297 0.0000000 0.0087103 0.0017575 0.0155431 0.1412509 0.0000000 0.0175183 0.0028569 0.2486085
116 C 116 0.1097072 0.0000000 0.0000000 0.0317391 0.4435202 0.0013010 0.0317036 0.0484948 0.0000000 0.0049161 0.0133124 0.0000000 0.0026959 0.0017015 0.0000000 0.0245795 0.0081337 0.0013056 0.0084333 0.0204922 0.2479639
117 D 117 0.0092955 0.0000000 0.0236501 0.1525948 0.0464776 0.0107833 0.2198306 0.0100695 0.0073496 0.0409981 0.0368985 0.0010685 0.0307701 0.0017813 0.0000000 0.0062301 0.0100136 0.0017375 0.0184975 0.1166260 0.2553278
118 V 118 0.0019642 0.0137868 0.0007949 0.0088581 0.0105155 0.0034358 0.0440412 0.0054587 0.0015191 0.0344063 0.1509052 0.0006505 0.0219137 0.0031869 0.0000000 0.1371010 0.0126645 0.1020151 0.0030707 0.1680715 0.2756403
119 G 119 0.0170612 0.1466355 0.0115012 0.1466223 0.0000000 0.0113809 0.0724903 0.2041820 0.0036870 0.0040279 0.0573220 0.0033735 0.0021865 0.0041115 0.0000000 0.0207491 0.0063151 0.0049054 0.0047898 0.0120151 0.2666439
120 P 120 0.0068893 0.0240313 0.0383354 0.1639024 0.0000000 0.0200341 0.0492503 0.0035851 0.0203294 0.0000000 0.0192249 0.0048296 0.0036545 0.0006399 0.2989274 0.0730253 0.0076500 0.0000000 0.0008248 0.0018288 0.2630375
121 D 121 0.0086475 0.0093998 0.0445827 0.2750698 0.0000000 0.0183251 0.1505078 0.1635588 0.0066593 0.0000000 0.0000000 0.0123477 0.0000000 0.0011551 0.0037409 0.0055405 0.0114060 0.0000000 0.0003673 0.0041951 0.2844966
122 G 122 0.0091517 0.0721778 0.0201765 0.0872622 0.0000000 0.0036211 0.0072449 0.2153088 0.0084666 0.0031636 0.0640261 0.0024408 0.0072926 0.0104507 0.0294771 0.0134208 0.1057945 0.0072527 0.0014895 0.0181142 0.3136680
123 R 123 0.0081520 0.1861224 0.0292339 0.0134111 0.0008399 0.0025431 0.0169511 0.3343818 0.0129286 0.0058780 0.0135078 0.0193262 0.0030173 0.0003299 0.0014866 0.0692144 0.0170246 0.0041997 0.0103205 0.0033394 0.2477918
124 L 124 0.0205663 0.0127187 0.0075121 0.0162475 0.0000000 0.0113674 0.1715116 0.0032478 0.0009591 0.0070133 0.1708721 0.0170157 0.0016884 0.1192641 0.0043308 0.1020800 0.0541011 0.0000000 0.0058807 0.0152879 0.2583355
125 L 125 0.0059578 0.0112658 0.0021168 0.0000000 0.0024054 0.0062439 0.0000000 0.0090706 0.0005983 0.0746616 0.1981400 0.0275690 0.0014582 0.0043376 0.1499122 0.0502262 0.1131889 0.0000000 0.0000000 0.0766217 0.2662262
126 R 126 0.0122209 0.3897772 0.0379271 0.0229363 0.0003883 0.0213113 0.0287201 0.0520040 0.0395096 0.0048534 0.0086300 0.0422448 0.0000000 0.0000000 0.0011634 0.0246418 0.0453671 0.0179686 0.0000000 0.0000000 0.2503359
127 G 127 0.0364435 0.0043618 0.0000000 0.0000000 0.0021660 0.0000000 0.0020841 0.5110998 0.0000000 0.0030420 0.0000000 0.0000000 0.0000000 0.1314412 0.0000000 0.0094292 0.0010762 0.0143927 0.0343046 0.0030004 0.2471583
128 Y 128 0.0011414 0.0055348 0.0015549 0.0054954 0.0003917 0.0172189 0.0000000 0.0032478 0.0393299 0.1296678 0.0324616 0.0000000 0.0193975 0.1655011 0.0000000 0.0177298 0.0040749 0.0012384 0.2882505 0.0221244 0.2456393
129 H 129 0.0449189 0.0548964 0.0337131 0.0906370 0.0072066 0.0231456 0.0907322 0.0082868 0.0332797 0.0217850 0.0394479 0.0087854 0.0175791 0.0263820 0.0011414 0.0753342 0.0166481 0.0728881 0.0695275 0.0169932 0.2466720
130 Q 130 0.0024206 0.0472703 0.0003916 0.0000000 0.0000000 0.4303930 0.0527898 0.0024086 0.0117301 0.0047003 0.0049304 0.0242091 0.0069797 0.0000000 0.0000000 0.0013084 0.0003962 0.0033436 0.0000000 0.1602891 0.2464392
131 H 131 0.0042858 0.0024926 0.0032938 0.0471013 0.0055620 0.0048143 0.0139105 0.1565414 0.0429911 0.0275904 0.0419631 0.0013591 0.0079303 0.1085323 0.0000000 0.0183599 0.0010982 0.0047785 0.2461532 0.0118741 0.2493679
132 A 132 0.2689918 0.0000000 0.0028280 0.0000000 0.0034448 0.0000000 0.0000000 0.2377709 0.0016056 0.0121724 0.0017197 0.0000000 0.0000000 0.0008492 0.0000000 0.0267864 0.0185498 0.0019565 0.1683971 0.0073658 0.2475620
133 Y 133 0.0000000 0.0000000 0.0007538 0.0000000 0.0006653 0.0000000 0.0000000 0.0000000 0.0021359 0.0014207 0.0047476 0.0000000 0.0007331 0.0556968 0.0000000 0.0009260 0.0000000 0.0082537 0.5055615 0.1680216 0.2510841
134 D 134 0.0004376 0.0000000 0.0432247 0.6769635 0.0029962 0.0005057 0.0125893 0.0027670 0.0027677 0.0000000 0.0000000 0.0000000 0.0000000 0.0000000 0.0000000 0.0000000 0.0000000 0.0000000 0.0123073 0.0000000 0.2454410
135 G 135 0.0074381 0.0033896 0.0151791 0.1253578 0.0000000 0.0000000 0.0074913 0.5722061 0.0020832 0.0000000 0.0015019 0.0000000 0.0000000 0.0000000 0.0000000 0.0175694 0.0017197 0.0000000 0.0000000 0.0006227 0.2454410
136 K 136 0.0434620 0.1263517 0.0044383 0.0228518 0.0023727 0.0764123 0.1666484 0.0065563 0.0195760 0.0137303 0.0114800 0.1107331 0.0013645 0.0000000 0.0003401 0.0057886 0.1257399 0.0016857 0.0155355 0.0020271 0.2429058
137 D 137 0.0031171 0.0000000 0.0237859 0.5090182 0.0000000 0.1251178 0.0589095 0.0053490 0.0026486 0.0087449 0.0080130 0.0000000 0.0000000 0.0000000 0.0057727 0.0017194 0.0000000 0.0000000 0.0009493 0.0041095 0.2427450
138 Y 138 0.0017932 0.0027677 0.0034395 0.0013805 0.0003474 0.0000000 0.0026959 0.0000000 0.0321639 0.0072169 0.0258495 0.0021685 0.0000000 0.4061212 0.0000000 0.0055419 0.0000000 0.0008626 0.2571022 0.0078038 0.2427450
139 I 139 0.0029849 0.0000000 0.0000000 0.0000000 0.0000000 0.0144345 0.0013183 0.0048616 0.0009039 0.3447077 0.1911353 0.0000000 0.0218399 0.0106102 0.0074832 0.0014840 0.0010245 0.0000000 0.0000000 0.1544671 0.2427450
140 A 140 0.2514490 0.1320984 0.0026529 0.0023078 0.0013325 0.0006416 0.0370732 0.0111835 0.0210323 0.0310931 0.0014614 0.0028555 0.0126974 0.0020440 0.0027677 0.1399330 0.0651688 0.0007159 0.0109495 0.0271355 0.2434071
141 L 141 0.0027677 0.0000000 0.0000000 0.0000000 0.0000000 0.0026959 0.0000000 0.0000000 0.0000000 0.0010922 0.3502818 0.0000000 0.0025489 0.3404728 0.0000000 0.0004150 0.0000000 0.0054764 0.0503289 0.0011752 0.2427450
142 N 142 0.0038873 0.0022667 0.2520659 0.4525659 0.0111264 0.0007617 0.0027697 0.0010786 0.0060363 0.0000000 0.0027677 0.0097491 0.0000000 0.0000000 0.0000000 0.0093417 0.0063600 0.0000000 0.0000000 0.0000000 0.2392229
143 E 143 0.0017435 0.0019153 0.0041119 0.0362095 0.0000000 0.0040618 0.2038107 0.0060214 0.0021441 0.0000000 0.1162257 0.1218856 0.0307819 0.0042478 0.0232167 0.1722370 0.0254392 0.0018422 0.0010940 0.0044028 0.2386088
144 D 144 0.0175454 0.0088386 0.0241791 0.4119736 0.0000000 0.0156691 0.1125458 0.0085109 0.0020336 0.0000000 0.0000000 0.1188146 0.0012751 0.0000000 0.0007132 0.0130566 0.0160082 0.0000000 0.0027390 0.0074885 0.2386088
145 L 145 0.1047944 0.0415588 0.0222818 0.0050786 0.0000000 0.0022058 0.0326658 0.0041115 0.0049339 0.0183923 0.2225290 0.0138344 0.0106864 0.0000000 0.0075046 0.0349641 0.2176416 0.0000000 0.0000000 0.0090261 0.2477909
146 S 146 0.0462429 0.1406419 0.0117253 0.0080644 0.0029339 0.0171721 0.1084477 0.0218005 0.0081543 0.0028539 0.1439270 0.0490718 0.0534387 0.0030432 0.0229928 0.0649882 0.0119317 0.0121978 0.0035070 0.0170643 0.2498005
147 S 147 0.0180276 0.0509362 0.0554680 0.0132391 0.0000000 0.0324183 0.0164605 0.0027677 0.0007132 0.0079278 0.0009431 0.0201419 0.0049147 0.0030166 0.0000000 0.2427821 0.2479500 0.0000000 0.0007240 0.0321305 0.2494388
148 W 148 0.0145653 0.0026740 0.0023439 0.0000000 0.0033886 0.0139888 0.0000000 0.0019606 0.0027677 0.0022929 0.0022118 0.0000000 0.0000000 0.0430074 0.0982464 0.0014849 0.0014520 0.4769969 0.0680503 0.0000000 0.2645684
149 T 149 0.0057868 0.1286636 0.0058988 0.0000000 0.0000000 0.0053038 0.0046930 0.0059314 0.0000000 0.1099295 0.0098668 0.0105384 0.0146586 0.0011787 0.0031964 0.0126361 0.2922042 0.0000000 0.0000000 0.1325593 0.2569546
150 A 150 0.4863320 0.0017902 0.0000000 0.0000000 0.0000000 0.0000000 0.0114504 0.0079097 0.0017605 0.0016827 0.0045203 0.0045121 0.0456986 0.0026847 0.0585425 0.0222797 0.0262288 0.0000000 0.0070555 0.0258518 0.2917007
151 A 151 0.3162304 0.0064494 0.0017235 0.0087322 0.0000000 0.0141142 0.0894946 0.0069147 0.0034006 0.0039657 0.0332973 0.0075725 0.0360864 0.0042042 0.1171624 0.0244046 0.0239695 0.0037517 0.0098876 0.0499345 0.2387039
152 D 152 0.0078268 0.0044486 0.0503963 0.2528684 0.0000000 0.0081735 0.0735905 0.0382940 0.0039952 0.0000000 0.0039918 0.0627603 0.0023845 0.0000000 0.0755362 0.0137184 0.0553766 0.0130412 0.0000000 0.0944908 0.2391069
153 T 153 0.0289834 0.0974700 0.0156838 0.0128550 0.0026090 0.0680455 0.0257778 0.0086008 0.0095665 0.0021947 0.0115307 0.0313309 0.0593835 0.0123421 0.2235564 0.0273471 0.0949687 0.0000000 0.0012185 0.0283827 0.2381529
154 A 154 0.2957786 0.0671170 0.0000000 0.0017427 0.0000000 0.1236863 0.0911680 0.0209751 0.0012011 0.0100299 0.0031359 0.0156421 0.0012360 0.0029967 0.0175122 0.0070426 0.0111721 0.0110074 0.0030700 0.0652690 0.2502173
155 A 155 0.6050649 0.0084047 0.0000000 0.0009669 0.0000000 0.0045753 0.0000000 0.0316424 0.0000000 0.0019299 0.0035218 0.0000000 0.0020373 0.0017719 0.0587500 0.0133353 0.0095328 0.0000000 0.0023098 0.0124526 0.2437046
156 Q 156 0.0138326 0.0237422 0.0120930 0.0156458 0.0000000 0.2419577 0.0775023 0.0100030 0.0121375 0.0074366 0.0649384 0.0121537 0.0070950 0.0146302 0.0332841 0.0042955 0.0072226 0.0832315 0.0025828 0.1125108 0.2437046
157 I 157 0.0155003 0.0073886 0.0575049 0.0063402 0.0000000 0.0063555 0.0030382 0.0054904 0.0040484 0.3204702 0.0255940 0.0094807 0.0747229 0.0115560 0.0547125 0.0078760 0.0202231 0.0626427 0.0136957 0.0518212 0.2415386
158 T 158 0.0033982 0.0074380 0.0026749 0.0280341 0.0000000 0.0022283 0.0602405 0.0052086 0.0012384 0.0447632 0.0270172 0.0061521 0.0498154 0.0039028 0.0039664 0.0385471 0.4464132 0.0041616 0.0017932 0.0255049 0.2375022
159 Q 159 0.0212333 0.0930577 0.0013828 0.0000000 0.0000000 0.1474034 0.0537770 0.0006398 0.0050727 0.0006112 0.0076966 0.3668104 0.0057112 0.0026959 0.0020201 0.0132725 0.0231570 0.0014964 0.0026081 0.0086213 0.2427326
160 R 160 0.0006471 0.2921269 0.0353855 0.0108166 0.0000000 0.1596876 0.0789092 0.0030150 0.0530222 0.0031358 0.0405431 0.0089658 0.0132429 0.0004711 0.0067822 0.0193160 0.0065385 0.0035148 0.0030210 0.0152225 0.2456363
161 K 161 0.0162481 0.0451194 0.0079946 0.0111464 0.0007707 0.0205858 0.0931504 0.0502119 0.0007571 0.0032506 0.0128321 0.4085188 0.0043187 0.0011844 0.0056506 0.0081509 0.0063603 0.0205495 0.0227010 0.0094405 0.2510582
162 W 162 0.0010822 0.0088832 0.0054494 0.0011371 0.0007383 0.0077062 0.0145720 0.0429215 0.0000000 0.0060453 0.0340883 0.0018643 0.0055801 0.0121062 0.0635199 0.0086502 0.0005159 0.5218053 0.0049509 0.0034643 0.2549191
163 E 163 0.0026959 0.0023823 0.0623921 0.1754191 0.0000000 0.0104822 0.4190132 0.0124361 0.0004221 0.0000000 0.0000000 0.0116477 0.0005128 0.0000000 0.0392830 0.0010664 0.0042486 0.0000000 0.0000000 0.0093206 0.2486778
164 A 164 0.2126525 0.0234224 0.0648798 0.0354195 0.0000000 0.0647836 0.1112986 0.0308425 0.0135972 0.0069735 0.0019792 0.0317721 0.0012465 0.0010880 0.0086903 0.0356408 0.0267720 0.0018424 0.0679940 0.0093577 0.2497473
165 A 165 0.1269612 0.0169642 0.0778612 0.0876482 0.0026692 0.0262199 0.1016889 0.0234494 0.0182638 0.0110332 0.0168875 0.0094211 0.0036957 0.0018679 0.0148708 0.0220104 0.0236773 0.0699310 0.0525548 0.0438757 0.2484485
166 R 166 0.0094101 0.0813135 0.0485354 0.0519490 0.0056106 0.0162962 0.0607625 0.1975551 0.0118305 0.0016456 0.0061372 0.0726614 0.0042027 0.0000000 0.0304130 0.0281366 0.0470295 0.0495034 0.0231097 0.0061137 0.2477842
167 V 167 0.1362394 0.0381256 0.0069517 0.0450643 0.0093407 0.0235207 0.1283356 0.0059446 0.0148660 0.0604370 0.0188980 0.0110990 0.0056968 0.0313214 0.0087955 0.0052044 0.0195552 0.0147441 0.0558112 0.1108170 0.2492317
168 A 168 0.2431999 0.0636428 0.0369425 0.0149077 0.0000000 0.0560306 0.0742803 0.0129364 0.0080985 0.0308060 0.0467254 0.0126927 0.0124658 0.0154726 0.0178737 0.0130705 0.0278685 0.0211703 0.0309311 0.0124783 0.2484064
169 E 169 0.0413236 0.0106189 0.0607342 0.0136185 0.0008884 0.0535895 0.3008900 0.0129100 0.0082220 0.0171359 0.0253442 0.0511810 0.0080307 0.0029369 0.0030166 0.0114276 0.1075157 0.0043607 0.0079944 0.0145493 0.2437118
170 Q 170 0.0270394 0.1650196 0.0176011 0.0140877 0.0043169 0.1985995 0.0591161 0.0288306 0.0331666 0.0144052 0.0157472 0.0222978 0.0031636 0.0164678 0.0033908 0.0339066 0.0513236 0.0079944 0.0336228 0.0060299 0.2438726
171 L 171 0.0047802 0.1136295 0.0605311 0.0322827 0.0070566 0.0868450 0.0339924 0.0111444 0.0140831 0.0201772 0.0445352 0.0247058 0.0203762 0.0218016 0.0000000 0.0206068 0.0246240 0.0741685 0.1100268 0.0317310 0.2429019
172 R 172 0.0457667 0.2150809 0.0289527 0.0165222 0.0005149 0.0313438 0.0250670 0.0037432 0.0006424 0.0176277 0.0030006 0.2751975 0.0128846 0.0015428 0.0000000 0.0087402 0.0402009 0.0048835 0.0063763 0.0190104 0.2429019
173 A 173 0.2219705 0.0017962 0.1553755 0.0084615 0.0000000 0.0220849 0.0291153 0.0293301 0.0363640 0.0214976 0.0072945 0.0995088 0.0043330 0.0050983 0.0052400 0.0337049 0.0421648 0.0016742 0.0073101 0.0247740 0.2429019
174 Y 174 0.0169440 0.0128289 0.0078306 0.0268088 0.0013235 0.0179406 0.0201182 0.0190794 0.0099878 0.0032180 0.0150860 0.0478252 0.0033071 0.0433616 0.0000000 0.0068939 0.0195494 0.0166951 0.4700684 0.0006369 0.2404965
175 L 175 0.0153798 0.0135881 0.0092496 0.0093140 0.0032099 0.0083741 0.0057722 0.0172865 0.0141898 0.0174036 0.5138674 0.0127718 0.0136517 0.0159443 0.0032903 0.0098006 0.0139859 0.0051271 0.0285754 0.0273248 0.2418932
176 E 176 0.0422381 0.0226737 0.0259849 0.0130481 0.0000000 0.0514746 0.3763022 0.0242061 0.0062500 0.0099473 0.0082207 0.0314420 0.0035549 0.0059873 0.0017132 0.0266660 0.0895320 0.0000000 0.0065819 0.0100500 0.2441270
177 G 177 0.0250685 0.0387034 0.0700761 0.0181607 0.0041794 0.1284625 0.0816614 0.2151933 0.0215895 0.0089940 0.0054924 0.0578294 0.0000000 0.0000000 0.0000000 0.0120017 0.0447033 0.0042252 0.0011278 0.0177683 0.2447632
178 E 178 0.0192995 0.0312032 0.0168832 0.0391324 0.0029652 0.0475662 0.2208652 0.0099615 0.0123205 0.0715377 0.0297727 0.0315444 0.0042262 0.0025821 0.0179849 0.0178580 0.1423362 0.0014554 0.0031214 0.0332351 0.2441493
179 C 179 0.0087470 0.0005718 0.0211996 0.0220023 0.5677884 0.0046757 0.0055403 0.0023098 0.0070590 0.0065190 0.0090795 0.0038186 0.0017690 0.0340918 0.0048777 0.0158449 0.0128936 0.0052485 0.0096223 0.0131928 0.2431485
180 V 180 0.0120003 0.0667887 0.0043658 0.0084820 0.0026581 0.0068932 0.0023181 0.0047263 0.0013155 0.1699391 0.0592885 0.0080505 0.0122728 0.0208146 0.0973591 0.0137655 0.0176460 0.0004306 0.0099410 0.2377956 0.2431485
