  149         A         R         N         D         C         Q         E         G         H         I         L         K         M         F         P         S         T         W         Y         V         X    
  1 M   1 0.0000000 0.0000000 0.0000000 0.0000000 0.0000000 0.0000000 0.0000000 0.0000000 0.0000000 0.0000000 0.0000000 0.0000000 0.2418930 0.0000000 0.0000000 0.0000000 0.0000000 0.0000000 0.0000000 0.0000000 0.7581070
  2 A   2 0.1653244 0.1648093 0.0000000 0.0026024 0.0000000 0.0028178 0.0000000 0.0000000 0.0000000 0.0000000 0.0000000 0.1693273 0.0000000 0.0000000 0.0087176 0.0475965 0.0642973 0.0000000 0.0000000 0.0000000 0.3745074
  3 E   3 0.0072704 0.1261964 0.0591381 0.0612064 0.0000000 0.0410381 0.0555259 0.0079313 0.0274901 0.0000000 0.0000000 0.1736555 0.0000000 0.0000000 0.1450353 0.0585538 0.0364553 0.0000000 0.0000000 0.0000000 0.2005033
  4 I   4 0.0487591 0.0000000 0.0000000 0.0000000 0.0324552 0.0000000 0.0000000 0.0000000 0.0000000 0.2782264 0.2453944 0.0000000 0.0174190 0.0368442 0.0000000 0.0000000 0.0048652 0.0000000 0.0037559 0.2805677 0.0517129
  5 G   5 0.0337990 0.0083349 0.0291947 0.0139938 0.0143622 0.0086790 0.0086861 0.0479802 0.0268540 0.0291134 0.2023639 0.0283769 0.0000000 0.0000000 0.0013673 0.0252269 0.3533899 0.0015690 0.0054224 0.1270503 0.0342360
  6 I   6 0.0000000 0.0000000 0.0000000 0.0000000 0.0000000 0.0000000 0.0000000 0.0000000 0.0000000 0.4877356 0.1523774 0.0000000 0.0000000 0.0284593 0.0000000 0.0000000 0.0000000 0.0000000 0.0000000 0.3195584 0.0118692
  7 F   7 0.0308905 0.0000000 0.0000000 0.0000000 0.0000000 0.0000000 0.0000000 0.0023092 0.0000000 0.1291018 0.5625059 0.0000000 0.0040056 0.1847511 0.0000000 0.0000000 0.0021944 0.0055081 0.0236230 0.0486049 0.0065055
  8 V   8 0.0019573 0.0000000 0.0000000 0.0000000 0.0000000 0.0000000 0.0000000 0.0000000 0.0037774 0.0076400 0.0000000 0.0000000 0.0000000 0.1993895 0.0000000 0.0851395 0.0229143 0.0878598 0.5121406 0.0726760 0.0065055
  9 G   9 0.3116066 0.0000000 0.0000000 0.0000000 0.0000000 0.0000000 0.0000000 0.6634306 0.0000000 0.0029370 0.0000000 0.0000000 0.0020508 0.0000000 0.0000000 0.0022659 0.0000000 0.0000000 0.0000000 0.0000000 0.0177091
 10 T  10 0.0000000 0.0000000 0.0000000 0.0000000 0.0000000 0.0000000 0.0000000 0.0026035 0.0000000 0.0000000 0.0000000 0.0000000 0.0000000 0.0000000 0.0000000 0.7461784 0.2400146 0.0000000 0.0000000 0.0000000 0.0112035
 11 M  11 0.0116089 0.0025525 0.0093609 0.0655953 0.0000000 0.5389007 0.2005679 0.0000000 0.0060885 0.0000000 0.0000000 0.0000000 0.0165747 0.0000000 0.0000000 0.0029082 0.0781524 0.0000000 0.0000000 0.0564866 0.0112035
 12 Y  12 0.0018455 0.0076912 0.0194391 0.0000000 0.0000000 0.0056444 0.0000000 0.0367270 0.0015262 0.0000000 0.0761460 0.0046009 0.0175757 0.0000000 0.0000000 0.0674011 0.6784519 0.0000000 0.0713422 0.0000000 0.0116089
 13 G  13 0.0000000 0.0071319 0.0000000 0.0000000 0.0000000 0.0000000 0.0000000 0.9928681 0.0000000 0.0000000 0.0000000 0.0000000 0.0000000 0.0000000 0.0000000 0.0000000 0.0000000 0.0000000 0.0000000 0.0000000 0.0000000
 14 N  14 0.0177939 0.0093752 0.4860830 0.0000000 0.0045334 0.0299820 0.0000000 0.0393909 0.0128282 0.0000000 0.0028157 0.0219243 0.0116089 0.0000000 0.0000000 0.0560826 0.3051077 0.0000000 0.0000000 0.0024741 0.0000000
 15 S  15 0.7666613 0.0000000 0.0000000 0.0000000 0.0080715 0.0000000 0.0000000 0.0337288 0.0000000 0.0057037 0.0000000 0.0000000 0.0000000 0.0000000 0.0000000 0.1618314 0.0185721 0.0000000 0.0000000 0.0054312 0.0000000
 16 L  16 0.0285893 0.0531946 0.0030459 0.0013519 0.0018402 0.1913212 0.5176732 0.0000000 0.0041173 0.0041327 0.0535042 0.1105097 0.0086255 0.0000000 0.0000000 0.0088748 0.0106611 0.0000000 0.0000000 0.0025584 0.0000000
 17 L  17 0.0976790 0.0553073 0.0231196 0.2348847 0.0027387 0.0208806 0.1418173 0.1193141 0.0077841 0.0018157 0.0465867 0.0338332 0.0169953 0.0168871 0.0000000 0.0656740 0.0221981 0.0037161 0.0887684 0.0000000 0.0000000
 18 V  18 0.0273666 0.0000000 0.0000000 0.0000000 0.0154540 0.0025357 0.0031125 0.0000000 0.0000000 0.0860875 0.2497554 0.0019005 0.0155957 0.1598515 0.0000000 0.0018644 0.0167357 0.0000000 0.0829850 0.3367553 0.0000000
 19 A  19 0.9280203 0.0000000 0.0000000 0.0000000 0.0037556 0.0000000 0.0000000 0.0058545 0.0000000 0.0018514 0.0000000 0.0000000 0.0019353 0.0000000 0.0000000 0.0450423 0.0118712 0.0000000 0.0000000 0.0016694 0.0000000
 20 E  20 0.0537449 0.0289157 0.0395742 0.0543404 0.0000000 0.0439221 0.4106564 0.0420745 0.0173268 0.0131511 0.0094243 0.1411681 0.0266433 0.0035305 0.0024503 0.0447889 0.0369426 0.0123644 0.0117863 0.0071952 0.0000000
 21 E  21 0.0586506 0.2594245 0.0108981 0.0600949 0.0016317 0.0912047 0.1570520 0.0089703 0.0791642 0.0266038 0.0168961 0.0905337 0.0055138 0.0054394 0.0000000 0.0290781 0.0663279 0.0018012 0.0169509 0.0137642 0.0000000
 22 A  22 0.0948502 0.0000000 0.0000000 0.0000000 0.0220044 0.0000000 0.0000000 0.0000000 0.0000000 0.1681908 0.5399660 0.0000000 0.0238314 0.0300908 0.0000000 0.0058730 0.0192698 0.0000000 0.0181501 0.0777734 0.0000000
 23 E  23 0.3960897 0.0398399 0.0173840 0.0017516 0.0173892 0.0444937 0.0820720 0.1407039 0.0209109 0.0014247 0.0054053 0.0294435 0.0116089 0.0140964 0.0000000 0.0868723 0.0210311 0.0238935 0.0078394 0.0339909 0.0037591
 24 A  24 0.1212541 0.2193783 0.0454691 0.0768276 0.0000000 0.0477745 0.1838354 0.0216978 0.0125694 0.0010141 0.0050664 0.1695067 0.0018455 0.0000000 0.0100247 0.0313430 0.0448165 0.0000000 0.0013379 0.0041726 0.0020665
 25 I  25 0.0599615 0.1426472 0.0041102 0.0838108 0.0039441 0.0918998 0.2397474 0.0159347 0.0120036 0.0450251 0.1058343 0.0878036 0.0118974 0.0050872 0.0000000 0.0283538 0.0226416 0.0055081 0.0074396 0.0229231 0.0034266
 26 L  26 0.3635182 0.0000000 0.0000000 0.0000000 0.0347909 0.0000000 0.0000000 0.0855264 0.0000000 0.0237450 0.3891893 0.0000000 0.0054047 0.0365339 0.0000000 0.0227393 0.0098581 0.0000000 0.0000000 0.0286944 0.0000000
 27 T  27 0.0548191 0.1086165 0.0255060 0.0086854 0.0015396 0.0990513 0.1510007 0.0233834 0.0291816 0.0317491 0.0581603 0.1881474 0.0164574 0.0079012 0.0019803 0.0888340 0.0703167 0.0000000 0.0012910 0.0320225 0.0013564
 28 A  28 0.2250074 0.1861579 0.0233366 0.0393501 0.0180656 0.0855551 0.1216584 0.0407561 0.0008989 0.0015090 0.0190467 0.0625469 0.0111593 0.0012295 0.0048577 0.1020304 0.0270242 0.0015426 0.0148166 0.0104651 0.0029858
 29 Q  29 0.1596663 0.2468505 0.0152346 0.0069696 0.0011206 0.1001176 0.0238225 0.0079629 0.0702283 0.0261246 0.1274668 0.0692535 0.0108338 0.0138552 0.0000000 0.0223646 0.0098181 0.0047545 0.0698945 0.0066655 0.0069961
 30 G  30 0.0216869 0.0393323 0.0392932 0.0325487 0.0000000 0.0166111 0.0114799 0.6469709 0.0818192 0.0000000 0.0026428 0.0282442 0.0000000 0.0019665 0.0000000 0.0243261 0.0019030 0.0013999 0.0245758 0.0000000 0.0251996
 31 H  31 0.0074956 0.0239296 0.0021627 0.0061363 0.0140344 0.0029810 0.0109309 0.0000000 0.1050840 0.0843866 0.2966503 0.0093544 0.0298337 0.2769493 0.0008628 0.0025325 0.0033718 0.0036661 0.0619116 0.0483106 0.0094159
 32 K  32 0.0768022 0.0665631 0.0880483 0.0635575 0.0017810 0.0773404 0.1164394 0.0112107 0.0202193 0.0074083 0.0086231 0.1742614 0.0025643 0.0015262 0.0860639 0.1194388 0.0518589 0.0028157 0.0000000 0.0170600 0.0064175
 33 A  33 0.2298072 0.0000000 0.0095047 0.0000000 0.0527494 0.0000000 0.0000000 0.0362608 0.0048519 0.0325208 0.0096785 0.0000000 0.0038035 0.0012953 0.0774603 0.0741906 0.1951450 0.0000000 0.0000000 0.2707454 0.0019867
 34 T  34 0.0519307 0.1432967 0.0490126 0.0377234 0.0015504 0.0481063 0.0993632 0.0022816 0.0311044 0.0164879 0.0371479 0.1173287 0.0830526 0.0013493 0.0106874 0.0499806 0.1678498 0.0000000 0.0018409 0.0479190 0.0019867
 35 V  35 0.0394949 0.0079286 0.0015324 0.0000000 0.0322296 0.0000000 0.0050163 0.0048913 0.0016354 0.0795729 0.2764334 0.0000000 0.0124921 0.0029239 0.0014672 0.0067530 0.0516158 0.0000000 0.0000000 0.4760131 0.0000000
 36 F  36 0.1469231 0.0128575 0.0029121 0.0139129 0.0285753 0.0366413 0.0245438 0.0135752 0.0833553 0.0629923 0.1412681 0.0358367 0.0451032 0.0863870 0.0000000 0.0735066 0.0298918 0.0079267 0.0272852 0.1247423 0.0017635
 37 E  37 0.1016217 0.0108271 0.0863102 0.2451440 0.0705237 0.0231448 0.1392586 0.0238046 0.0455673 0.0000000 0.0122237 0.0013519 0.0039016 0.0019275 0.0580915 0.1521884 0.0151383 0.0000000 0.0032035 0.0021283 0.0036433
 38 D  38 0.0743909 0.0000000 0.0019857 0.0379218 0.0075626 0.0133100 0.0187510 0.0477229 0.0041426 0.0385004 0.2572520 0.0053490 0.3448106 0.0313605 0.0700655 0.0088290 0.0144053 0.0000000 0.0000000 0.0208926 0.0027477
 39 P  39 0.1166726 0.0012432 0.0650694 0.3552870 0.0037285 0.0028900 0.1557372 0.0805161 0.0037018 0.0027170 0.0102845 0.0214478 0.0038786 0.0000000 0.0961525 0.0727814 0.0023360 0.0000000 0.0000000 0.0028088 0.0027477
 40 E  40 0.0631898 0.0032377 0.0462222 0.3735366 0.0022337 0.0493001 0.2550337 0.0258939 0.0194889 0.0000000 0.0111276 0.0259524 0.0029455 0.0000000 0.0000000 0.0715129 0.0481250 0.0000000 0.0000000 0.0022001 0.0000000
 41 L  41 0.0226850 0.0008217 0.0015272 0.0010678 0.0287014 0.0010694 0.0043994 0.0020163 0.0027007 0.0575709 0.1614950 0.0000000 0.0110830 0.1556463 0.0027770 0.0160537 0.0160750 0.0015815 0.4415621 0.0636769 0.0074899
 42 S  42 0.0696759 0.0302712 0.0626664 0.3036479 0.0000000 0.0391142 0.0733585 0.0126100 0.0123292 0.0085181 0.0013210 0.1529966 0.0000000 0.0000000 0.1006209 0.0571386 0.0430564 0.0000000 0.0009484 0.0084976 0.0232290
 43 D  43 0.0790556 0.0243837 0.0032532 0.0377145 0.0034845 0.0096736 0.0166098 0.0245152 0.0055778 0.0683848 0.1519097 0.0437644 0.0352670 0.0909778 0.1350345 0.0138783 0.0332695 0.0000000 0.0230318 0.1366234 0.0635908
 44 W  44 0.1028510 0.0520097 0.0411186 0.0970170 0.0000000 0.0270648 0.1844908 0.0274096 0.0100459 0.0143786 0.0259369 0.1120900 0.0141174 0.0305953 0.0043453 0.0873933 0.0263981 0.0442371 0.0216208 0.0335432 0.0433367
 45 L  45 0.0469433 0.0168183 0.1313172 0.2634116 0.0123216 0.1429526 0.1204142 0.0205035 0.0072316 0.0059575 0.0285352 0.0589454 0.0066290 0.0017391 0.0044351 0.0548630 0.0514626 0.0000000 0.0035098 0.0187080 0.0033014
 46 P  46 0.0099568 0.0067904 0.0043701 0.0058530 0.0000000 0.0019584 0.0063267 0.0000000 0.0020378 0.0987769 0.7283554 0.0019434 0.0060976 0.0333763 0.0294014 0.0091031 0.0039539 0.0087183 0.0190978 0.0238827 0.0000000
 47 Y  47 0.1472017 0.0198788 0.0323149 0.0221677 0.0026024 0.0186056 0.0544228 0.0168104 0.0183338 0.0687953 0.0463946 0.1310077 0.0030634 0.0048815 0.2133415 0.0720528 0.0421107 0.0000000 0.0451105 0.0338045 0.0070996
 48 Q  48 0.0691298 0.0636741 0.0671035 0.0766548 0.0008374 0.1134840 0.1333971 0.0613943 0.0272477 0.0032182 0.0105840 0.1534770 0.0034222 0.0038086 0.0211171 0.0982173 0.0625400 0.0000000 0.0040523 0.0058025 0.0208381
 49 D  49 0.0522117 0.0194051 0.0443158 0.1072449 0.0076899 0.0224315 0.4448181 0.0317104 0.0464600 0.0169548 0.0110291 0.0262989 0.0204233 0.0067515 0.0063511 0.0225720 0.0305817 0.0000000 0.0292278 0.0355293 0.0179931
 50 K  50 0.0437591 0.0903199 0.0323259 0.0509613 0.0074219 0.0866301 0.1036382 0.0864929 0.0317663 0.0047116 0.0025423 0.1684780 0.0000000 0.0000000 0.0504969 0.1223287 0.0942744 0.0020773 0.0105945 0.0046163 0.0065644
 51 Y  51 0.0308621 0.0360186 0.1087787 0.0416831 0.0257613 0.0115882 0.0053042 0.0000000 0.0375689 0.0956321 0.2693615 0.0143938 0.0081741 0.0594415 0.0319514 0.0055866 0.0361982 0.0031668 0.0794972 0.0886190 0.0104128
 52 V  52 0.1286656 0.0000000 0.0000000 0.0000000 0.0232499 0.0000000 0.0000000 0.0015380 0.0000000 0.0647453 0.2668214 0.0000000 0.0068499 0.0237688 0.0000000 0.0000000 0.0126122 0.0793033 0.0000000 0.3902510 0.0021944
 53 L  53 0.0170904 0.0000000 0.0000000 0.0000000 0.0048724 0.0000000 0.0000000 0.0042925 0.0000000 0.2179603 0.3757983 0.0000000 0.0214231 0.0731992 0.0000000 0.0000000 0.0060932 0.0000000 0.0045924 0.2746782 0.0000000
 54 V  54 0.0038470 0.0000000 0.0000000 0.0000000 0.0059293 0.0000000 0.0000000 0.0000000 0.0000000 0.2129571 0.1404404 0.0000000 0.0093500 0.4082631 0.0000000 0.0000000 0.0018250 0.0000000 0.0000000 0.2173880 0.0000000
 55 V  55 0.0150880 0.0000000 0.0000000 0.0000000 0.0439154 0.0000000 0.0000000 0.0000000 0.0000000 0.2363182 0.0591618 0.0000000 0.0353359 0.0331563 0.0000000 0.0016994 0.0023454 0.0000000 0.0018744 0.5711053 0.0000000
 56 T  56 0.0548968 0.0000000 0.0000000 0.0000000 0.1434541 0.0000000 0.0000000 0.0000000 0.0000000 0.0583238 0.0681209 0.0000000 0.0560859 0.0042925 0.0000000 0.0391177 0.3494004 0.0000000 0.0000000 0.2263078 0.0000000
 57 S  57 0.2298686 0.0000000 0.0000000 0.0000000 0.0057619 0.0000000 0.0116089 0.0000000 0.0000000 0.0000000 0.0000000 0.0000000 0.0000000 0.0000000 0.0035426 0.7492180 0.0000000 0.0000000 0.0000000 0.0000000 0.0000000
 58 T  58 0.0116089 0.0000000 0.0093653 0.0000000 0.0000000 0.0000000 0.0000000 0.0000000 0.0000000 0.0000000 0.0000000 0.0000000 0.0000000 0.0000000 0.0000000 0.0179581 0.9447786 0.0000000 0.0000000 0.0050855 0.0112035
 59 T  59 0.0678026 0.0000000 0.0111791 0.0000000 0.0017969 0.0659565 0.0000000 0.0129582 0.1603297 0.0000000 0.0000000 0.0000000 0.0026509 0.0989110 0.0000000 0.0187102 0.2883285 0.0158822 0.2442907 0.0000000 0.0112035
 60 G  60 0.0125999 0.0000000 0.0080498 0.0019145 0.0000000 0.0000000 0.0000000 0.9374914 0.0000000 0.0000000 0.0000000 0.0000000 0.0000000 0.0000000 0.0000000 0.0016439 0.0157446 0.0000000 0.0000000 0.0000000 0.0225558
 61 Q  61 0.0874917 0.0017273 0.0394050 0.1743985 0.0000000 0.2934073 0.3458492 0.0000000 0.0087672 0.0000000 0.0028763 0.0000000 0.0000000 0.0000000 0.0000000 0.0140326 0.0158520 0.0000000 0.0000000 0.0049894 0.0112035
 62 G  62 0.0042587 0.0000000 0.0000000 0.0000000 0.0000000 0.0000000 0.0000000 0.9957413 0.0000000 0.0000000 0.0000000 0.0000000 0.0000000 0.0000000 0.0000000 0.0000000 0.0000000 0.0000000 0.0000000 0.0000000 0.0000000
 63 D  63 0.0049599 0.0090746 0.0063405 0.4604525 0.0000000 0.0317943 0.4275497 0.0161693 0.0000000 0.0034391 0.0013841 0.0033400 0.0048359 0.0000000 0.0000000 0.0000000 0.0052643 0.0000000 0.0000000 0.0253960 0.0000000
 64 L  64 0.0971353 0.0000000 0.0028178 0.0000000 0.0120329 0.0068236 0.0327574 0.0000000 0.0000000 0.0291888 0.1474574 0.0015667 0.0622776 0.0944536 0.4464614 0.0128879 0.0142928 0.0000000 0.0069055 0.0213323 0.0116089
 65 P  65 0.0107813 0.0000000 0.0000000 0.0000000 0.0027336 0.0000000 0.0000000 0.0000000 0.0000000 0.0000000 0.0000000 0.0000000 0.0000000 0.0000000 0.7972871 0.0050240 0.1841740 0.0000000 0.0000000 0.0000000 0.0000000
 66 D  66 0.0315916 0.0326922 0.0205620 0.5953495 0.0000000 0.0588312 0.1317236 0.0237106 0.0129002 0.0038218 0.0102709 0.0114339 0.0017986 0.0017810 0.0159488 0.0223641 0.0158206 0.0000000 0.0027054 0.0066939 0.0000000
 67 S  67 0.0094641 0.0025353 0.6374361 0.0635643 0.0099451 0.0027532 0.0511667 0.0206319 0.0000000 0.0000000 0.0034097 0.0014215 0.0064892 0.0000000 0.0203438 0.1129328 0.0579064 0.0000000 0.0000000 0.0000000 0.0000000
 68 I  68 0.4542434 0.0000000 0.0000000 0.0000000 0.0047090 0.0000000 0.0000000 0.1838329 0.0000000 0.0977631 0.0637125 0.0000000 0.1284446 0.0083514 0.0000000 0.0338370 0.0187434 0.0000000 0.0000000 0.0063628 0.0000000
 69 V  69 0.1057592 0.1466997 0.0058635 0.0040797 0.0000000 0.1265446 0.0718765 0.0115195 0.0061802 0.0466955 0.0779503 0.1589959 0.0217795 0.0016312 0.0000000 0.0486942 0.0295448 0.0028018 0.0012268 0.1321572 0.0000000
 70 P  70 0.1174463 0.0775565 0.0349154 0.0865906 0.0017425 0.0376265 0.1202506 0.0483449 0.0061925 0.0081175 0.0290109 0.0921428 0.0077655 0.0056331 0.1811094 0.0723294 0.0368089 0.0157446 0.0025124 0.0181597 0.0000000
 71 L  71 0.0109122 0.0000000 0.0051148 0.0000000 0.0000000 0.0000000 0.0000000 0.0000000 0.0000000 0.0015003 0.2787258 0.0000000 0.0038683 0.6450254 0.0000000 0.0119756 0.0138656 0.0178083 0.0000000 0.0112035 0.0000000
 72 F  72 0.0257051 0.0056373 0.0000000 0.0013608 0.0226514 0.0017281 0.0037559 0.0000000 0.0948829 0.0177526 0.0335670 0.0339231 0.0248676 0.1096998 0.0000000 0.0049579 0.0123160 0.3653022 0.1973410 0.0445511 0.0000000
 73 Q  73 0.0368673 0.1425533 0.0457701 0.1560880 0.0000000 0.0680580 0.2255496 0.0033298 0.0159292 0.0000000 0.0081740 0.2222330 0.0023489 0.0017237 0.0000000 0.0339773 0.0252839 0.0000000 0.0074285 0.0046854 0.0000000
 74 G  74 0.1636068 0.0311693 0.0173137 0.0151147 0.0021460 0.0607847 0.0538311 0.0234591 0.0088831 0.0034057 0.0360158 0.0261234 0.0112700 0.2750048 0.0000000 0.0699576 0.0299286 0.1138881 0.0530382 0.0050590 0.0000000
 75 I  75 0.0062312 0.0000000 0.0027186 0.0000000 0.0000000 0.0000000 0.0000000 0.0000000 0.0000000 0.2002816 0.6851216 0.0000000 0.0294268 0.0252919 0.0000000 0.0019803 0.0014538 0.0000000 0.0017802 0.0457140 0.0000000
 76 K  76 0.0869383 0.0545398 0.0418635 0.0156209 0.0138728 0.1025526 0.0798446 0.0086973 0.0473250 0.0016586 0.1749295 0.1554801 0.0378198 0.0644722 0.0018798 0.0484296 0.0536081 0.0000000 0.0053721 0.0038127 0.0012824
 77 D  77 0.0589109 0.1509539 0.0803138 0.1810743 0.0025124 0.0442464 0.1249576 0.0473578 0.0062594 0.0091391 0.0235013 0.0825507 0.0100572 0.0023106 0.0000000 0.1507813 0.0137265 0.0000000 0.0022816 0.0061846 0.0028805
 78 S  78 0.0692747 0.0955854 0.0364229 0.0732688 0.0016926 0.0881952 0.0722263 0.0357398 0.0065882 0.0000000 0.0243621 0.3323399 0.0062324 0.0000000 0.0112811 0.0686851 0.0662963 0.0000000 0.0015562 0.0082673 0.0019857
 79 L  79 0.2588237 0.0370372 0.0503716 0.0879636 0.0058184 0.0354293 0.0433094 0.0318330 0.0123366 0.0089111 0.0224564 0.1640704 0.0013914 0.0061964 0.0381069 0.1032911 0.0687064 0.0000000 0.0064590 0.0174881 0.0000000
 80 G  80 0.0818049 0.0087520 0.0106002 0.0809808 0.0019030 0.0228408 0.0349623 0.0805464 0.0091404 0.0166157 0.2525359 0.0257978 0.0050970 0.0037501 0.3214149 0.0148157 0.0106268 0.0000000 0.0032446 0.0125977 0.0019730
 81 F  81 0.0257045 0.0851397 0.0283812 0.2303464 0.0067128 0.0187727 0.0299664 0.0053173 0.0137848 0.0000000 0.0278274 0.0716098 0.0157355 0.0174244 0.2715246 0.0486447 0.0162697 0.0417487 0.0450896 0.0000000 0.0000000
 82 Q  82 0.0016765 0.0015519 0.0079563 0.0000000 0.0045756 0.0408119 0.0000000 0.0017673 0.0000000 0.0126414 0.8220581 0.0048721 0.0264369 0.0506688 0.0021482 0.0017281 0.0091510 0.0000000 0.0000000 0.0070145 0.0049414
 83 P  83 0.1072643 0.0201832 0.0590759 0.1060421 0.0154640 0.0459299 0.1204503 0.0331407 0.0114469 0.0040667 0.0036648 0.0676327 0.0025166 0.0014541 0.1059518 0.2383681 0.0464377 0.0000000 0.0017673 0.0042017 0.0049414
 84 N  84 0.0340279 0.0277915 0.1453621 0.0765826 0.0015272 0.0791494 0.0502761 0.3020615 0.0890570 0.0000000 0.0020580 0.0580383 0.0025357 0.0015176 0.0048834 0.0792549 0.0412177 0.0000000 0.0023106 0.0023485 0.0000000
 85 L  85 0.0127399 0.0094101 0.0000000 0.0018327 0.0040412 0.0028047 0.0000000 0.0000000 0.0000000 0.0523004 0.4707484 0.0029368 0.0667785 0.0210777 0.0000000 0.0032430 0.0583093 0.0030357 0.0000000 0.2907416 0.0000000
 86 R  86 0.0251023 0.3361025 0.1047968 0.0232389 0.0043056 0.0969817 0.0231592 0.0035410 0.0596841 0.0000000 0.0030716 0.1775740 0.0012508 0.0055046 0.0216390 0.0626918 0.0339205 0.0018174 0.0131750 0.0024431 0.0000000
 87 Y  87 0.0014626 0.0000000 0.0000000 0.0000000 0.0073967 0.0000000 0.0000000 0.0000000 0.0027160 0.0116060 0.0113233 0.0000000 0.0000000 0.4385152 0.0000000 0.0000000 0.0035449 0.0000000 0.5024063 0.0210289 0.0000000
 88 G  88 0.4715729 0.0000000 0.0022552 0.0000000 0.0104131 0.0000000 0.0000000 0.1909438 0.0000000 0.0047434 0.0029914 0.0000000 0.0065783 0.0000000 0.0013041 0.1614609 0.1036771 0.0000000 0.0000000 0.0440596 0.0000000
 89 V  89 0.0727046 0.0000000 0.0000000 0.0000000 0.0204195 0.0019606 0.0000000 0.0013244 0.0000000 0.0864800 0.0812979 0.0000000 0.0069615 0.0000000 0.0000000 0.0184682 0.0269258 0.0024509 0.0000000 0.6810066 0.0000000
 90 I  90 0.0000000 0.0000000 0.0000000 0.0000000 0.0270266 0.0000000 0.0000000 0.0000000 0.0000000 0.1141967 0.3441434 0.0000000 0.0023922 0.4615433 0.0000000 0.0022200 0.0000000 0.0000000 0.0000000 0.0484779 0.0000000
 91 A  91 0.2967444 0.0000000 0.0000000 0.0000000 0.0000000 0.0000000 0.0000000 0.6797649 0.0000000 0.0000000 0.0000000 0.0000000 0.0000000 0.0000000 0.0000000 0.0194260 0.0040647 0.0000000 0.0000000 0.0000000 0.0000000
 92 L  92 0.0000000 0.0000000 0.0000000 0.0000000 0.0148930 0.0000000 0.0000000 0.0000000 0.0000000 0.0682721 0.8571987 0.0000000 0.0142656 0.0340183 0.0000000 0.0000000 0.0044384 0.0000000 0.0000000 0.0046939 0.0022200
 93 G  93 0.0026561 0.0000000 0.0000000 0.0000000 0.0116089 0.0000000 0.0000000 0.9745315 0.0000000 0.0000000 0.0000000 0.0000000 0.0000000 0.0000000 0.0000000 0.0000000 0.0000000 0.0000000 0.0000000 0.0000000 0.0112035
 94 D  94 0.0000000 0.0000000 0.1956465 0.7281310 0.0000000 0.0000000 0.0027638 0.0000000 0.0047298 0.0000000 0.0000000 0.0000000 0.0000000 0.0000000 0.0000000 0.0687288 0.0000000 0.0000000 0.0000000 0.0000000 0.0000000
 95 S  95 0.0026688 0.1022375 0.0230577 0.0000000 0.0000000 0.0108907 0.0035384 0.0000000 0.0131225 0.0021880 0.0010427 0.0727418 0.0037432 0.0000000 0.0073579 0.6439613 0.0972282 0.0000000 0.0025325 0.0136888 0.0000000
 96 S  96 0.0362393 0.0036098 0.0641277 0.0257847 0.0059237 0.0514768 0.0759755 0.0332085 0.0365811 0.0074668 0.0126748 0.0038506 0.0207825 0.0015009 0.0000000 0.4414455 0.1628952 0.0000000 0.0000000 0.0164563 0.0000000
 97 Y  97 0.0000000 0.0000000 0.0000000 0.0000000 0.0000000 0.0000000 0.0000000 0.0000000 0.0130218 0.0000000 0.0000000 0.0000000 0.0000000 0.0115617 0.0000000 0.0112035 0.0000000 0.0113523 0.9528606 0.0000000 0.0000000
 98 V  98 0.0700295 0.0183331 0.0073708 0.2198041 0.0000000 0.0441081 0.2999663 0.0052604 0.0325901 0.0220871 0.0240050 0.0154595 0.0011766 0.0017810 0.1425236 0.0238313 0.0439724 0.0000000 0.0017969 0.0216276 0.0042765
 99 N  99 0.0163313 0.0392053 0.0671240 0.0561366 0.0000000 0.0572171 0.0118648 0.0092368 0.1947071 0.0045025 0.0179066 0.1687238 0.0042905 0.1194771 0.0000000 0.0066832 0.1253986 0.0012009 0.0902128 0.0000000 0.0097810
100 F 100 0.0000000 0.0000000 0.0000000 0.0000000 0.0000000 0.0000000 0.0000000 0.0000000 0.0000000 0.0000000 0.0000000 0.0000000 0.0000000 0.7386592 0.0000000 0.0000000 0.0031802 0.0000000 0.2483796 0.0000000 0.0097810
101 C 101 0.0064524 0.0116089 0.4176806 0.0000000 0.5289612 0.0111895 0.0000000 0.0031802 0.0047298 0.0000000 0.0000000 0.0000000 0.0000000 0.0000000 0.0000000 0.0064164 0.0000000 0.0000000 0.0000000 0.0000000 0.0097810
102 N 102 0.1334904 0.0262169 0.0332814 0.0000000 0.0000000 0.1465951 0.0501473 0.1976434 0.0104073 0.0023911 0.0146639 0.1418474 0.0064208 0.0733865 0.0000000 0.0203558 0.0122803 0.0624933 0.0446180 0.0139801 0.0097810
103 G 103 0.3419743 0.0000000 0.0030600 0.0000000 0.0210006 0.0000000 0.0088216 0.0652738 0.0605489 0.0516662 0.0008564 0.0000000 0.0801122 0.0540634 0.0707042 0.0135027 0.0938153 0.0000000 0.0019064 0.1229133 0.0097810
104 G 104 0.2809184 0.0000000 0.0000000 0.0000000 0.0049845 0.0000000 0.0000000 0.5110328 0.0048519 0.0726849 0.0091754 0.0000000 0.0000000 0.0000000 0.0257047 0.0286362 0.0042925 0.0000000 0.0000000 0.0406053 0.0171134
105 K 105 0.0073194 0.2697000 0.0032169 0.0250018 0.0009440 0.0163609 0.0282059 0.0000000 0.0443789 0.0445950 0.0167509 0.4967379 0.0018780 0.0000000 0.0000000 0.0037404 0.0070768 0.0000000 0.0000000 0.0169798 0.0171134
106 Q 106 0.0315619 0.0930646 0.0505313 0.2249524 0.0014368 0.0568474 0.0338746 0.0000000 0.0044078 0.0246790 0.0253266 0.2705530 0.0153985 0.0151878 0.0000000 0.0272387 0.0370781 0.0000000 0.0335101 0.0372381 0.0171134
107 F 107 0.0096280 0.0000000 0.0000000 0.0000000 0.0012017 0.0000000 0.0000000 0.0000000 0.0000000 0.1192294 0.4380964 0.0000000 0.0240114 0.1946845 0.0000000 0.0000000 0.0135949 0.0175149 0.0026209 0.1623044 0.0171134
108 D 108 0.0128427 0.0094499 0.0322644 0.6667734 0.0013658 0.0084010 0.0475322 0.0000000 0.0850511 0.0057342 0.0053429 0.0014517 0.0000000 0.0193142 0.0000000 0.0188572 0.0066736 0.0027515 0.0486060 0.0104747 0.0171134
109 A 109 0.1860157 0.1517115 0.0359064 0.0345574 0.0000000 0.0863601 0.1194164 0.0232347 0.0146336 0.0040713 0.0012891 0.2132483 0.0017114 0.0009307 0.0017187 0.0519458 0.0558355 0.0009013 0.0032223 0.0102826 0.0030073
110 L 110 0.0523422 0.5343834 0.0014079 0.0021810 0.0027230 0.0432305 0.0092892 0.0030026 0.0077799 0.0165346 0.1535853 0.0829485 0.0084270 0.0151873 0.0000000 0.0014247 0.0116791 0.0229186 0.0092671 0.0216880 0.0000000
111 L 111 0.0000000 0.0000000 0.0000000 0.0000000 0.0000000 0.0000000 0.0000000 0.0000000 0.0000000 0.0157603 0.8471019 0.0000000 0.0515026 0.0757671 0.0000000 0.0000000 0.0000000 0.0000000 0.0021307 0.0077374 0.0000000
112 Q 112 0.1725528 0.0285572 0.0114721 0.0259920 0.0025370 0.1096011 0.2393504 0.0143887 0.0084084 0.0262210 0.1189052 0.0466230 0.0136512 0.0011708 0.0000000 0.0733565 0.0605043 0.0157446 0.0021868 0.0287767 0.0000000
113 E 113 0.0907064 0.0233196 0.0292975 0.0520574 0.0000000 0.2043997 0.3549976 0.0198891 0.0158000 0.0023762 0.0250935 0.0959207 0.0136584 0.0146790 0.0000000 0.0367343 0.0164207 0.0000000 0.0016598 0.0029902 0.0000000
114 Q 114 0.0220295 0.0129107 0.0011358 0.0000000 0.0316568 0.0701534 0.0000000 0.0012299 0.0140727 0.0055724 0.7435530 0.0276158 0.0201839 0.0133890 0.0000000 0.0071531 0.0020318 0.0000000 0.0131498 0.0141624 0.0000000
115 S 115 0.0024331 0.0000000 0.0015729 0.0067511 0.0000000 0.0209098 0.0012641 0.9136441 0.0051748 0.0000000 0.0000000 0.0166435 0.0000000 0.0000000 0.0000000 0.0252081 0.0063985 0.0000000 0.0000000 0.0000000 0.0000000
116 A 116 0.7943398 0.0000000 0.0000000 0.0000000 0.0155805 0.0000000 0.0000000 0.1813604 0.0000000 0.0000000 0.0000000 0.0000000 0.0000000 0.0000000 0.0016352 0.0033147 0.0000000 0.0000000 0.0000000 0.0037694 0.0000000
117 Q 117 0.0224190 0.0572510 0.0743930 0.0091055 0.0030065 0.1457631 0.0903825 0.0060541 0.0397642 0.0212102 0.0128555 0.2071150 0.0025759 0.0018644 0.0000000 0.0768897 0.1761971 0.0000000 0.0015272 0.0516260 0.0000000
118 R 118 0.0445258 0.5779231 0.0014524 0.0021937 0.0088400 0.0457260 0.0787155 0.0018012 0.0162768 0.0040366 0.0055044 0.0337542 0.0062943 0.0036417 0.0908651 0.0394259 0.0192932 0.0012561 0.0012600 0.0172139 0.0000000
119 V 119 0.0082814 0.0000000 0.0000000 0.0000000 0.0036525 0.0000000 0.0000000 0.0000000 0.0014314 0.2820363 0.3947053 0.0018624 0.0314993 0.1060208 0.0000000 0.0026954 0.0084246 0.0019834 0.0083757 0.1490316 0.0000000
120 G 120 0.0801630 0.0028157 0.0031777 0.0000000 0.0501598 0.0100291 0.0009788 0.1752789 0.0425498 0.0591214 0.1528672 0.0014534 0.0218603 0.0696359 0.0000000 0.0311162 0.0498312 0.0000000 0.0959994 0.1529622 0.0000000
121 E 121 0.0542151 0.0204481 0.0158805 0.2455898 0.0000000 0.0154818 0.2695628 0.0126499 0.0066740 0.0016317 0.0100306 0.0161264 0.0036115 0.0000000 0.2735731 0.0285969 0.0222395 0.0000000 0.0015667 0.0021216 0.0000000
122 M 122 0.0419207 0.4159018 0.0000000 0.0000000 0.0248605 0.0017128 0.0000000 0.0055329 0.0029781 0.0634660 0.1586945 0.0189591 0.0404119 0.0082977 0.0218099 0.0191640 0.0656767 0.0000000 0.0239466 0.0866669 0.0000000
123 L 123 0.0625874 0.0028029 0.0000000 0.0000000 0.0258062 0.0121984 0.0016261 0.4704496 0.0049708 0.0445959 0.1666485 0.0056914 0.0009173 0.0132879 0.0000000 0.0021405 0.0124829 0.0000000 0.0052713 0.1661602 0.0023627
124 L 124 0.0040764 0.0222678 0.0000000 0.2331798 0.0069957 0.0235555 0.3097024 0.0000000 0.0161958 0.0016924 0.2565376 0.0386023 0.0219171 0.0113783 0.0000000 0.0058051 0.0086649 0.0028674 0.0108482 0.0054637 0.0202498
125 I 125 0.1999491 0.0000000 0.0000000 0.0000000 0.2275738 0.0000000 0.0000000 0.3577766 0.0035850 0.1355456 0.0140881 0.0000000 0.0048464 0.0000000 0.0000000 0.0071664 0.0055461 0.0000000 0.0000000 0.0201691 0.0237538
126 D 126 0.0000000 0.0000000 0.0326358 0.8830534 0.0000000 0.0000000 0.0109592 0.0000000 0.0000000 0.0000000 0.0000000 0.0000000 0.0000000 0.0000000 0.0000000 0.0000000 0.0000000 0.0000000 0.0000000 0.0000000 0.0733516
127 A 127 0.1049790 0.0013657 0.0013556 0.3690929 0.0109800 0.0094799 0.1184126 0.0070624 0.0052147 0.0450770 0.0000000 0.0000000 0.0015553 0.0000000 0.0000000 0.0046270 0.0000000 0.0000000 0.0000000 0.2028507 0.1179470
128 S 128 0.0307361 0.0099221 0.0049174 0.1109642 0.0301643 0.2657352 0.0065078 0.0584141 0.0037063 0.0185093 0.0518551 0.0071121 0.0152563 0.0000000 0.0000000 0.0573592 0.0292204 0.0000000 0.0048894 0.0084459 0.2862848
129 E 129 0.0657548 0.0061337 0.0150099 0.1090719 0.0091757 0.0596186 0.0937768 0.0295292 0.1442470 0.0013526 0.0039908 0.0341705 0.0014368 0.0129002 0.0000000 0.0673212 0.0088244 0.0000000 0.0173688 0.0366899 0.2836271
130 N 130 0.0473111 0.0130410 0.0613937 0.0794060 0.0193159 0.0066002 0.0923533 0.1278534 0.0802787 0.0036611 0.0000000 0.0036391 0.0000000 0.0018768 0.1226693 0.0368410 0.0465245 0.0028157 0.0097395 0.0045673 0.2401124
131 P 131 0.0154706 0.0024813 0.0151411 0.1200892 0.0015130 0.0429543 0.0787074 0.0181697 0.0046068 0.0062014 0.1640700 0.0080498 0.0369971 0.0177151 0.0980322 0.0376958 0.0659223 0.0020665 0.0139950 0.0026543 0.2474670
132 E 132 0.0127586 0.0000000 0.0053716 0.2332947 0.0048053 0.0048631 0.1166739 0.2580339 0.0026979 0.0551311 0.0056307 0.0090743 0.0414201 0.0000000 0.0033744 0.0255656 0.0068808 0.0000000 0.0015380 0.0258123 0.1870734
133 P 133 0.0124681 0.0000000 0.0011554 0.0159065 0.0020665 0.0013504 0.0029569 0.0015396 0.0168824 0.1353573 0.0502657 0.0000000 0.0022994 0.1320413 0.1864024 0.0039184 0.0060437 0.0069351 0.2326684 0.0289485 0.1607938
134 E 134 0.0122365 0.0056538 0.0045560 0.1885992 0.0000000 0.0971776 0.5774880 0.0055001 0.0027033 0.0000000 0.0103704 0.0138092 0.0021737 0.0059993 0.0010275 0.0113238 0.0033865 0.0030172 0.0000000 0.0000000 0.0549780
135 T 135 0.1170392 0.0052841 0.0031886 0.1949582 0.0000000 0.0230619 0.2368827 0.1257644 0.0008615 0.0051945 0.0267596 0.0055227 0.0000000 0.0000000 0.0158119 0.0464855 0.1060382 0.0000000 0.0068927 0.0331371 0.0471173
136 E 136 0.1651155 0.0054276 0.0066563 0.1956463 0.0031200 0.0323391 0.0524408 0.0567941 0.0012009 0.0264725 0.0176574 0.0038304 0.0041915 0.0135023 0.1143165 0.0475273 0.0865410 0.0048299 0.0123475 0.1081820 0.0418610
137 S 137 0.3366173 0.0000000 0.0000000 0.0000000 0.0023244 0.0040140 0.0000000 0.0012654 0.0014398 0.0356055 0.0779135 0.0000000 0.0031345 0.2815252 0.0000000 0.0325373 0.0148373 0.0027336 0.1134017 0.0654087 0.0272417
138 N 138 0.0914479 0.0396707 0.0518601 0.1294193 0.0072689 0.0536535 0.1879974 0.0234120 0.0056845 0.0550016 0.1457539 0.0334970 0.0162431 0.0055940 0.0034155 0.0491173 0.0376957 0.0000000 0.0000000 0.0359921 0.0272753
139 P 139 0.2032984 0.0442761 0.0265335 0.0255864 0.0010784 0.0506688 0.1404982 0.0310043 0.0104025 0.0214632 0.0055840 0.0408399 0.0000000 0.0008872 0.2204527 0.0596460 0.0553301 0.0000000 0.0032964 0.0318788 0.0272753
140 W 140 0.0048299 0.0000000 0.0000000 0.0000000 0.0000000 0.0000000 0.0000000 0.0000000 0.0000000 0.0000000 0.0000000 0.0000000 0.0000000 0.0108912 0.0000000 0.0000000 0.0000000 0.9525352 0.0025940 0.0000000 0.0291497
141 V 141 0.0565885 0.0800094 0.0000000 0.0000000 0.0075321 0.0238338 0.0885937 0.0061280 0.0032364 0.1105303 0.2479919 0.1488929 0.0343593 0.0147937 0.0000000 0.0390840 0.0214745 0.0000000 0.0071479 0.0738975 0.0359060
142 E 142 0.0966715 0.0305743 0.0300954 0.1545316 0.0020481 0.0413263 0.2380912 0.0272791 0.0024317 0.0064399 0.0231498 0.0782070 0.0019592 0.0013404 0.0757563 0.0644054 0.0514453 0.0000000 0.0023977 0.0235377 0.0483121
143 Q 143 0.0766384 0.0642170 0.0641808 0.0902994 0.0032631 0.1405604 0.1003146 0.0837333 0.0116087 0.0069267 0.0231400 0.1034868 0.0029286 0.0010798 0.0276859 0.1181327 0.0248432 0.0000000 0.0000000 0.0042319 0.0527286
144 W 144 0.0289434 0.0000000 0.0012822 0.0000000 0.0026220 0.0000000 0.0000000 0.0000000 0.0000000 0.0566764 0.3377849 0.0000000 0.0687204 0.0921013 0.0000000 0.0020481 0.0148261 0.1349289 0.0077695 0.1768617 0.0754351
145 G 145 0.0430038 0.0362509 0.0110697 0.0000000 0.0020816 0.0223798 0.0051075 0.0237558 0.0077597 0.0902678 0.1297557 0.0290433 0.0101239 0.0534100 0.0014534 0.0090977 0.0237614 0.3405277 0.0093322 0.0709845 0.0808336
146 T 146 0.1187367 0.0428467 0.0769201 0.0748923 0.0009721 0.0532602 0.1193390 0.0224907 0.0062487 0.0033275 0.0083405 0.1196827 0.0038645 0.0000000 0.1161613 0.0497909 0.0837796 0.0000000 0.0000000 0.0083452 0.0910014
147 L 147 0.2958514 0.0464297 0.0053063 0.0041794 0.0019353 0.0488391 0.0480553 0.0096845 0.0405185 0.0309532 0.1153964 0.0553711 0.0106115 0.0035473 0.0025216 0.0693566 0.0297893 0.0000000 0.0018798 0.0472228 0.1325508
148 L 148 0.0000000 0.0000000 0.0000000 0.0000000 0.0000000 0.0000000 0.0000000 0.0000000 0.0000000 0.1096437 0.5861048 0.0000000 0.0095615 0.0061118 0.0000000 0.0000000 0.0000000 0.0000000 0.0000000 0.1106810 0.1778971
149 S 149 0.0748584 0.0000000 0.0518639 0.0000000 0.0000000 0.0000000 0.0000000 0.0000000 0.0000000 0.0000000 0.0000000 0.1441912 0.0000000 0.0000000 0.0000000 0.0585270 0.0378226 0.0000000 0.0000000 0.0000000 0.6327369
