  149         A         R         N         D         C         Q         E         G         H         I         L         K         M         F         P         S         T         W         Y         V    
  1 M   1 0.0000000 0.0000000 0.0000000 0.0000000 0.0000000 0.0000000 0.0000000 0.0000000 0.0000000 0.0000000 0.0000000 0.0000000 1.0000000 0.0000000 0.0000000 0.0000000 0.0000000 0.0000000 0.0000000 0.0000000
  2 A   2 0.2693987 0.2604999 0.0000000 0.0045073 0.0000000 0.0048502 0.0000000 0.0000000 0.0000000 0.0000000 0.0000000 0.2761271 0.0000000 0.0000000 0.0145563 0.0791535 0.0909070 0.0000000 0.0000000 0.0000000
  3 E   3 0.0094246 0.1606764 0.0748675 0.0779726 0.0000000 0.0531988 0.0702011 0.0104694 0.0358983 0.0000000 0.0000000 0.2216282 0.0000000 0.0000000 0.1741516 0.0684689 0.0430426 0.0000000 0.0000000 0.0000000
  4 I   4 0.0509022 0.0000000 0.0000000 0.0000000 0.0351602 0.0000000 0.0000000 0.0000000 0.0000000 0.2879547 0.2646787 0.0000000 0.0191757 0.0403285 0.0000000 0.0000000 0.0053060 0.0000000 0.0040558 0.2924381
  5 G   5 0.0344621 0.0084324 0.0315223 0.0144125 0.0149105 0.0085460 0.0090050 0.0508459 0.0288445 0.0310605 0.2077556 0.0304083 0.0000000 0.0000000 0.0014559 0.0260760 0.3696503 0.0017094 0.0057257 0.1251768
  6 I   6 0.0000000 0.0000000 0.0000000 0.0000000 0.0000000 0.0000000 0.0000000 0.0000000 0.0000000 0.5002114 0.1581243 0.0000000 0.0000000 0.0212651 0.0000000 0.0000000 0.0000000 0.0000000 0.0000000 0.3203992
  7 F   7 0.0324467 0.0000000 0.0000000 0.0000000 0.0000000 0.0000000 0.0000000 0.0023747 0.0000000 0.1312994 0.5578818 0.0000000 0.0038942 0.1898728 0.0000000 0.0000000 0.0015884 0.0055686 0.0248469 0.0502267
  8 V   8 0.0019423 0.0000000 0.0000000 0.0000000 0.0000000 0.0000000 0.0000000 0.0000000 0.0041370 0.0080246 0.0000000 0.0000000 0.0000000 0.2028748 0.0000000 0.0867456 0.0226072 0.0858009 0.5136342 0.0742334
  9 G   9 0.3159284 0.0000000 0.0000000 0.0000000 0.0000000 0.0000000 0.0000000 0.6759617 0.0000000 0.0032620 0.0000000 0.0000000 0.0023080 0.0000000 0.0000000 0.0025398 0.0000000 0.0000000 0.0000000 0.0000000
 10 T  10 0.0000000 0.0000000 0.0000000 0.0000000 0.0000000 0.0000000 0.0000000 0.0031730 0.0000000 0.0000000 0.0000000 0.0000000 0.0000000 0.0000000 0.0000000 0.7528159 0.2440111 0.0000000 0.0000000 0.0000000
 11 M  11 0.0105968 0.0026295 0.0087797 0.0685329 0.0000000 0.5455053 0.1996642 0.0000000 0.0063438 0.0000000 0.0000000 0.0000000 0.0168117 0.0000000 0.0000000 0.0029398 0.0791776 0.0000000 0.0000000 0.0590186
 12 Y  12 0.0019614 0.0082663 0.0203299 0.0000000 0.0000000 0.0060169 0.0000000 0.0390821 0.0016490 0.0000000 0.0773526 0.0048828 0.0173360 0.0000000 0.0000000 0.0622617 0.6867730 0.0000000 0.0740883 0.0000000
 13 G  13 0.0000000 0.0071958 0.0000000 0.0000000 0.0000000 0.0000000 0.0000000 0.9928042 0.0000000 0.0000000 0.0000000 0.0000000 0.0000000 0.0000000 0.0000000 0.0000000 0.0000000 0.0000000 0.0000000 0.0000000
 14 N  14 0.0180140 0.0091596 0.4879566 0.0000000 0.0046430 0.0313848 0.0000000 0.0392070 0.0062590 0.0000000 0.0026151 0.0215232 0.0105479 0.0000000 0.0000000 0.0579572 0.3081820 0.0000000 0.0000000 0.0025505
 15 S  15 0.7717768 0.0000000 0.0000000 0.0000000 0.0081674 0.0000000 0.0000000 0.0338105 0.0000000 0.0058372 0.0000000 0.0000000 0.0000000 0.0000000 0.0000000 0.1565892 0.0183545 0.0000000 0.0000000 0.0054644
 16 L  16 0.0293638 0.0537274 0.0031045 0.0013884 0.0018713 0.1911028 0.5198977 0.0000000 0.0042818 0.0044728 0.0539307 0.1052014 0.0084958 0.0000000 0.0000000 0.0093127 0.0111934 0.0000000 0.0000000 0.0026555
 17 L  17 0.0990725 0.0559253 0.0239687 0.2321701 0.0027873 0.0147461 0.1411846 0.1211645 0.0078833 0.0018617 0.0474430 0.0343902 0.0176659 0.0171419 0.0000000 0.0667895 0.0221672 0.0037968 0.0898414 0.0000000
 18 V  18 0.0273470 0.0000000 0.0000000 0.0000000 0.0090295 0.0025785 0.0030163 0.0000000 0.0000000 0.0844708 0.2533371 0.0019591 0.0146860 0.1603696 0.0000000 0.0018289 0.0174180 0.0000000 0.0842374 0.3397219
 19 A  19 0.9275983 0.0000000 0.0000000 0.0000000 0.0038434 0.0000000 0.0000000 0.0057274 0.0000000 0.0018835 0.0000000 0.0000000 0.0019665 0.0000000 0.0000000 0.0457107 0.0115840 0.0000000 0.0000000 0.0016862
 20 E  20 0.0524903 0.0286515 0.0406284 0.0532061 0.0000000 0.0448563 0.4134711 0.0416512 0.0167423 0.0136293 0.0098458 0.1452350 0.0190815 0.0037293 0.0024431 0.0453638 0.0370119 0.0124536 0.0122864 0.0072233
 21 E  21 0.0604059 0.2631810 0.0107396 0.0533852 0.0016849 0.0929849 0.1548074 0.0090337 0.0786573 0.0271819 0.0166817 0.0904810 0.0057100 0.0043140 0.0000000 0.0296729 0.0676623 0.0018109 0.0175316 0.0140739
 22 A  22 0.0942215 0.0000000 0.0000000 0.0000000 0.0210753 0.0000000 0.0000000 0.0000000 0.0000000 0.1654292 0.5436590 0.0000000 0.0235185 0.0301685 0.0000000 0.0058844 0.0195281 0.0000000 0.0185088 0.0780065
 23 E  23 0.3985851 0.0405729 0.0174305 0.0017373 0.0173981 0.0449430 0.0837972 0.1396791 0.0212866 0.0014747 0.0055498 0.0302823 0.0105814 0.0077149 0.0000000 0.0904242 0.0218472 0.0246943 0.0079825 0.0340189
 24 A  24 0.1200207 0.2116407 0.0474609 0.0770606 0.0000000 0.0474451 0.1858766 0.0222359 0.0130024 0.0010579 0.0053151 0.1724279 0.0019438 0.0000000 0.0105292 0.0325569 0.0456497 0.0000000 0.0014092 0.0043673
 25 I  25 0.0611929 0.1419108 0.0041588 0.0868262 0.0040165 0.0935241 0.2447367 0.0086522 0.0120183 0.0464719 0.1035165 0.0907575 0.0121638 0.0052945 0.0000000 0.0271407 0.0229655 0.0055632 0.0077153 0.0213745
 26 L  26 0.3642265 0.0000000 0.0000000 0.0000000 0.0294978 0.0000000 0.0000000 0.0871027 0.0000000 0.0238068 0.3918738 0.0000000 0.0050322 0.0372729 0.0000000 0.0231783 0.0092347 0.0000000 0.0000000 0.0287741
 27 T  27 0.0558080 0.1108893 0.0259709 0.0092336 0.0014740 0.0962157 0.1514150 0.0228504 0.0295727 0.0322992 0.0605965 0.1909188 0.0168030 0.0064615 0.0017359 0.0827452 0.0705147 0.0000000 0.0011686 0.0333271
 28 A  28 0.2275804 0.1849191 0.0221201 0.0404421 0.0184914 0.0817062 0.1221653 0.0403728 0.0009356 0.0016210 0.0195160 0.0642403 0.0115571 0.0012778 0.0050096 0.1025050 0.0276046 0.0016072 0.0154379 0.0108905
 29 Q  29 0.1616459 0.2523229 0.0159441 0.0071002 0.0009523 0.1027011 0.0244709 0.0084163 0.0649929 0.0263037 0.1262180 0.0693875 0.0112912 0.0142995 0.0000000 0.0226728 0.0092310 0.0044839 0.0707402 0.0068254
 30 G  30 0.0202941 0.0417689 0.0417775 0.0340054 0.0000000 0.0168642 0.0120748 0.6727207 0.0722625 0.0000000 0.0028506 0.0296720 0.0000000 0.0020807 0.0000000 0.0241834 0.0020458 0.0015358 0.0258637 0.0000000
 31 H  31 0.0069932 0.0245718 0.0022413 0.0063405 0.0134940 0.0031026 0.0112844 0.0000000 0.1073098 0.0880193 0.2971645 0.0098484 0.0303405 0.2744406 0.0009041 0.0026627 0.0034313 0.0037688 0.0640462 0.0500360
 32 K  32 0.0776119 0.0621285 0.0898417 0.0626008 0.0018292 0.0783636 0.1165216 0.0112822 0.0200591 0.0078342 0.0085211 0.1771640 0.0026589 0.0016399 0.0860862 0.1230116 0.0532349 0.0026285 0.0000000 0.0169821
 33 A  33 0.2311977 0.0000000 0.0098812 0.0000000 0.0465825 0.0000000 0.0000000 0.0369784 0.0050137 0.0318662 0.0100557 0.0000000 0.0039440 0.0013812 0.0776990 0.0702057 0.1997027 0.0000000 0.0000000 0.2754920
 34 T  34 0.0518059 0.1434427 0.0478298 0.0395996 0.0016128 0.0476633 0.1008366 0.0023651 0.0277720 0.0163903 0.0379901 0.1196550 0.0850458 0.0014155 0.0110450 0.0441844 0.1705097 0.0000000 0.0019286 0.0489077
 35 V  35 0.0392831 0.0075766 0.0015639 0.0000000 0.0336981 0.0000000 0.0050094 0.0049331 0.0016600 0.0739968 0.2783495 0.0000000 0.0128665 0.0030389 0.0014755 0.0067150 0.0525971 0.0000000 0.0000000 0.4772366
 36 F  36 0.1482134 0.0124980 0.0030657 0.0139314 0.0287468 0.0382316 0.0199017 0.0135715 0.0836733 0.0646652 0.1444071 0.0361763 0.0464306 0.0886348 0.0000000 0.0661511 0.0299281 0.0083488 0.0279350 0.1254894
 37 E  37 0.1023694 0.0109403 0.0869387 0.2500141 0.0714843 0.0243102 0.1296529 0.0235769 0.0470869 0.0000000 0.0125015 0.0013933 0.0040200 0.0020438 0.0573850 0.1550039 0.0156691 0.0000000 0.0033511 0.0022585
 38 D  38 0.0760165 0.0000000 0.0014873 0.0389530 0.0078725 0.0135705 0.0195906 0.0492503 0.0043356 0.0398487 0.2487131 0.0053974 0.3464619 0.0310281 0.0716947 0.0092186 0.0146786 0.0000000 0.0000000 0.0218825
 39 P  39 0.1172353 0.0013086 0.0670855 0.3523038 0.0038512 0.0029610 0.1590323 0.0814790 0.0038597 0.0028123 0.0105089 0.0216760 0.0035002 0.0000000 0.0987516 0.0683517 0.0024113 0.0000000 0.0000000 0.0028715
 40 E  40 0.0563945 0.0033505 0.0404939 0.3799112 0.0023052 0.0478571 0.2582082 0.0257366 0.0186802 0.0000000 0.0116341 0.0271405 0.0030549 0.0000000 0.0000000 0.0735088 0.0494846 0.0000000 0.0000000 0.0022397
 41 L  41 0.0223847 0.0008574 0.0015673 0.0010908 0.0291629 0.0010673 0.0045816 0.0020730 0.0027655 0.0600718 0.1673324 0.0000000 0.0115263 0.1494889 0.0028796 0.0170894 0.0130290 0.0015811 0.4505762 0.0608750
 42 S  42 0.0715508 0.0313904 0.0657347 0.3116576 0.0000000 0.0331817 0.0748214 0.0126464 0.0113357 0.0095940 0.0014172 0.1585494 0.0000000 0.0000000 0.1049068 0.0600427 0.0431310 0.0000000 0.0010072 0.0090332
 43 D  43 0.0857184 0.0192015 0.0036559 0.0410573 0.0038153 0.0109011 0.0182138 0.0268260 0.0057456 0.0733773 0.1577534 0.0485207 0.0381744 0.0976606 0.1440326 0.0149503 0.0367746 0.0000000 0.0252782 0.1483429
 44 W  44 0.1068250 0.0547936 0.0385847 0.1033294 0.0000000 0.0283791 0.1984992 0.0272689 0.0108671 0.0151539 0.0268058 0.1196083 0.0077541 0.0332531 0.0046697 0.0914192 0.0278276 0.0476405 0.0238573 0.0334635
 45 L  45 0.0419967 0.0171999 0.1350161 0.2660965 0.0128865 0.1445828 0.1228622 0.0140758 0.0072474 0.0062151 0.0286323 0.0599652 0.0070021 0.0017919 0.0046228 0.0560188 0.0517366 0.0000000 0.0036562 0.0183951
 46 P  46 0.0103993 0.0071405 0.0045044 0.0061068 0.0000000 0.0020586 0.0063930 0.0000000 0.0021283 0.0971865 0.7337321 0.0020505 0.0063351 0.0271125 0.0303017 0.0089029 0.0039278 0.0093288 0.0182551 0.0241362
 47 Y  47 0.1490407 0.0198651 0.0332401 0.0225429 0.0028401 0.0191711 0.0550658 0.0173349 0.0176580 0.0712193 0.0426369 0.1338982 0.0031666 0.0049852 0.2112877 0.0740034 0.0417066 0.0000000 0.0467942 0.0335431
 48 Q  48 0.0689094 0.0598102 0.0690014 0.0791286 0.0008814 0.1119170 0.1391989 0.0627991 0.0286693 0.0034154 0.0112621 0.1592062 0.0036529 0.0042065 0.0216988 0.0998365 0.0660626 0.0000000 0.0042776 0.0060660
 49 D  49 0.0541464 0.0135688 0.0461682 0.1114648 0.0080846 0.0228306 0.4624962 0.0303292 0.0410761 0.0176581 0.0114214 0.0269750 0.0206363 0.0071123 0.0066671 0.0230440 0.0312653 0.0000000 0.0298737 0.0351820
 50 K  50 0.0379334 0.0870666 0.0331563 0.0516203 0.0076164 0.0847746 0.1084726 0.0872213 0.0325280 0.0048964 0.0026995 0.1730175 0.0000000 0.0000000 0.0512977 0.1229539 0.0972948 0.0021119 0.0109448 0.0043942
 51 Y  51 0.0244231 0.0353002 0.1113907 0.0417694 0.0269864 0.0118955 0.0050447 0.0000000 0.0387892 0.0966217 0.2708268 0.0150068 0.0085367 0.0590924 0.0336552 0.0056240 0.0375018 0.0032745 0.0818480 0.0924130
 52 V  52 0.1311533 0.0000000 0.0000000 0.0000000 0.0241834 0.0000000 0.0000000 0.0016354 0.0000000 0.0672780 0.2709174 0.0000000 0.0071611 0.0162843 0.0000000 0.0000000 0.0130154 0.0804115 0.0000000 0.3879601
 53 L  53 0.0177795 0.0000000 0.0000000 0.0000000 0.0049764 0.0000000 0.0000000 0.0031070 0.0000000 0.2166898 0.3779749 0.0000000 0.0216866 0.0730539 0.0000000 0.0000000 0.0060794 0.0000000 0.0044986 0.2741539
 54 V  54 0.0038814 0.0000000 0.0000000 0.0000000 0.0060351 0.0000000 0.0000000 0.0000000 0.0000000 0.2148993 0.1412944 0.0000000 0.0097739 0.4029236 0.0000000 0.0000000 0.0018673 0.0000000 0.0000000 0.2193250
 55 V  55 0.0156707 0.0000000 0.0000000 0.0000000 0.0447745 0.0000000 0.0000000 0.0000000 0.0000000 0.2419216 0.0597852 0.0000000 0.0363606 0.0329784 0.0000000 0.0017465 0.0023663 0.0000000 0.0017644 0.5626317
 56 T  56 0.0536477 0.0000000 0.0000000 0.0000000 0.1467258 0.0000000 0.0000000 0.0000000 0.0000000 0.0555728 0.0691007 0.0000000 0.0572755 0.0031070 0.0000000 0.0390897 0.3519430 0.0000000 0.0000000 0.2235377
 57 S  57 0.2347688 0.0000000 0.0000000 0.0000000 0.0060452 0.0000000 0.0105479 0.0000000 0.0000000 0.0000000 0.0000000 0.0000000 0.0000000 0.0000000 0.0036410 0.7449971 0.0000000 0.0000000 0.0000000 0.0000000
 58 T  58 0.0105968 0.0000000 0.0101153 0.0000000 0.0000000 0.0000000 0.0000000 0.0000000 0.0000000 0.0000000 0.0000000 0.0000000 0.0000000 0.0000000 0.0000000 0.0175813 0.9562291 0.0000000 0.0000000 0.0054775
 59 T  59 0.0712092 0.0000000 0.0114822 0.0000000 0.0019037 0.0667323 0.0000000 0.0120173 0.1628910 0.0000000 0.0000000 0.0000000 0.0029779 0.0968085 0.0000000 0.0195598 0.2900485 0.0153950 0.2489746 0.0000000
 60 G  60 0.0118106 0.0000000 0.0087917 0.0020892 0.0000000 0.0000000 0.0000000 0.9589927 0.0000000 0.0000000 0.0000000 0.0000000 0.0000000 0.0000000 0.0000000 0.0017518 0.0165640 0.0000000 0.0000000 0.0000000
 61 Q  61 0.0889178 0.0017579 0.0369186 0.1747011 0.0000000 0.2991446 0.3496289 0.0000000 0.0093803 0.0000000 0.0030345 0.0000000 0.0000000 0.0000000 0.0000000 0.0145461 0.0169205 0.0000000 0.0000000 0.0050498
 62 G  62 0.0043021 0.0000000 0.0000000 0.0000000 0.0000000 0.0000000 0.0000000 0.9956979 0.0000000 0.0000000 0.0000000 0.0000000 0.0000000 0.0000000 0.0000000 0.0000000 0.0000000 0.0000000 0.0000000 0.0000000
 63 D  63 0.0051493 0.0094049 0.0061453 0.4614195 0.0000000 0.0309822 0.4352637 0.0145849 0.0000000 0.0034933 0.0014128 0.0032092 0.0045420 0.0000000 0.0000000 0.0000000 0.0055532 0.0000000 0.0000000 0.0188395
 64 L  64 0.0991759 0.0000000 0.0030673 0.0000000 0.0120656 0.0071394 0.0340015 0.0000000 0.0000000 0.0305528 0.1451273 0.0016353 0.0573477 0.0992798 0.4540805 0.0131088 0.0137265 0.0000000 0.0071491 0.0225427
 65 P  65 0.0106307 0.0000000 0.0000000 0.0000000 0.0027947 0.0000000 0.0000000 0.0000000 0.0000000 0.0000000 0.0000000 0.0000000 0.0000000 0.0000000 0.8020331 0.0051652 0.1793763 0.0000000 0.0000000 0.0000000
 66 D  66 0.0327498 0.0340355 0.0198640 0.6002361 0.0000000 0.0618352 0.1259439 0.0239341 0.0072621 0.0039159 0.0102212 0.0120697 0.0018753 0.0018106 0.0161273 0.0225592 0.0157561 0.0000000 0.0028556 0.0069483
 67 S  67 0.0095373 0.0026381 0.6368110 0.0653453 0.0096147 0.0028155 0.0514506 0.0198663 0.0000000 0.0000000 0.0035134 0.0014569 0.0068229 0.0000000 0.0137114 0.1157697 0.0606468 0.0000000 0.0000000 0.0000000
 68 I  68 0.4595543 0.0000000 0.0000000 0.0000000 0.0047646 0.0000000 0.0000000 0.1828788 0.0000000 0.0997403 0.0650289 0.0000000 0.1234127 0.0087983 0.0000000 0.0295325 0.0193344 0.0000000 0.0000000 0.0069552
 69 V  69 0.1059007 0.1496657 0.0060102 0.0041959 0.0000000 0.1288840 0.0701779 0.0119967 0.0062603 0.0472953 0.0730885 0.1619402 0.0219035 0.0016890 0.0000000 0.0425312 0.0291991 0.0028740 0.0012318 0.1351559
 70 P  70 0.1178860 0.0706760 0.0362702 0.0881602 0.0017754 0.0377128 0.1208085 0.0489193 0.0062546 0.0084379 0.0244934 0.0941627 0.0076434 0.0056168 0.1846903 0.0741876 0.0375657 0.0163128 0.0026005 0.0158259
 71 L  71 0.0112765 0.0000000 0.0054209 0.0000000 0.0000000 0.0000000 0.0000000 0.0000000 0.0000000 0.0014978 0.2801520 0.0000000 0.0039313 0.6487273 0.0000000 0.0113701 0.0143722 0.0186394 0.0000000 0.0046124
 72 F  72 0.0255254 0.0058179 0.0000000 0.0013518 0.0229204 0.0017079 0.0038659 0.0000000 0.0952928 0.0172875 0.0273583 0.0324346 0.0257505 0.1124509 0.0000000 0.0050911 0.0126077 0.3634683 0.2014108 0.0456580
 73 Q  73 0.0376308 0.1430736 0.0469348 0.1585358 0.0000000 0.0665379 0.2270838 0.0030051 0.0167342 0.0000000 0.0082473 0.2149073 0.0023929 0.0017989 0.0000000 0.0348465 0.0255277 0.0000000 0.0078421 0.0049013
 74 G  74 0.1662488 0.0286422 0.0178307 0.0154232 0.0022370 0.0609505 0.0552966 0.0235430 0.0092563 0.0034925 0.0360145 0.0227921 0.0114478 0.2780513 0.0000000 0.0708190 0.0238497 0.1151298 0.0537847 0.0051906
 75 I  75 0.0058548 0.0000000 0.0027764 0.0000000 0.0000000 0.0000000 0.0000000 0.0000000 0.0000000 0.2064664 0.6768675 0.0000000 0.0298305 0.0259471 0.0000000 0.0017341 0.0014953 0.0000000 0.0018058 0.0472222
 76 K  76 0.0856944 0.0568972 0.0416441 0.0155209 0.0146160 0.0978094 0.0808776 0.0088000 0.0471815 0.0017384 0.1730286 0.1601019 0.0377101 0.0658314 0.0021612 0.0483443 0.0525986 0.0000000 0.0054984 0.0039456
 77 D  77 0.0590172 0.1487222 0.0817932 0.1844727 0.0026056 0.0439021 0.1272539 0.0408138 0.0066712 0.0094384 0.0243375 0.0841177 0.0100163 0.0023996 0.0000000 0.1517744 0.0139460 0.0000000 0.0023672 0.0063510
 78 S  78 0.0717878 0.0972642 0.0376116 0.0728897 0.0015827 0.0827318 0.0735859 0.0363946 0.0065491 0.0000000 0.0244355 0.3319803 0.0056244 0.0000000 0.0115225 0.0690563 0.0670004 0.0000000 0.0015598 0.0084233
 79 L  79 0.2605590 0.0377161 0.0519552 0.0894084 0.0059383 0.0365695 0.0435010 0.0328197 0.0122950 0.0091259 0.0231151 0.1547465 0.0011018 0.0063757 0.0371327 0.1053855 0.0678903 0.0000000 0.0060198 0.0183444
 80 G  80 0.0816263 0.0084189 0.0107886 0.0822652 0.0020008 0.0221573 0.0348471 0.0834081 0.0095261 0.0167202 0.2530169 0.0197055 0.0052758 0.0038601 0.3239243 0.0152542 0.0109040 0.0000000 0.0031709 0.0131298
 81 F  81 0.0248693 0.0852052 0.0282509 0.2266279 0.0069820 0.0193200 0.0301201 0.0054553 0.0141267 0.0000000 0.0278791 0.0723123 0.0147882 0.0181861 0.2713015 0.0500470 0.0166127 0.0406433 0.0472723 0.0000000
 82 Q  82 0.0017326 0.0015922 0.0080930 0.0000000 0.0041763 0.0429489 0.0000000 0.0018275 0.0000000 0.0061263 0.8282614 0.0046880 0.0275181 0.0528383 0.0022183 0.0017155 0.0091188 0.0000000 0.0000000 0.0071448
 83 P  83 0.1100032 0.0201463 0.0603585 0.1072235 0.0163892 0.0474095 0.1170716 0.0342470 0.0114936 0.0038922 0.0038338 0.0674948 0.0026171 0.0015058 0.1093112 0.2344245 0.0465402 0.0000000 0.0018275 0.0042104
 84 N  84 0.0355183 0.0229434 0.1491479 0.0778534 0.0015559 0.0807898 0.0511237 0.2950796 0.0913337 0.0000000 0.0021261 0.0583478 0.0025785 0.0015711 0.0051365 0.0772590 0.0428106 0.0000000 0.0023949 0.0024298
 85 L  85 0.0129953 0.0094630 0.0000000 0.0018711 0.0036944 0.0027942 0.0000000 0.0000000 0.0000000 0.0529574 0.4762032 0.0026690 0.0676663 0.0210654 0.0000000 0.0032964 0.0591225 0.0030830 0.0000000 0.2831186
 86 R  86 0.0250280 0.3369028 0.1068599 0.0240028 0.0044127 0.0971462 0.0228189 0.0035235 0.0599137 0.0000000 0.0032163 0.1787660 0.0012884 0.0053306 0.0216470 0.0569531 0.0341717 0.0018910 0.0136405 0.0024866
 87 Y  87 0.0014890 0.0000000 0.0000000 0.0000000 0.0075852 0.0000000 0.0000000 0.0000000 0.0027659 0.0121096 0.0117699 0.0000000 0.0000000 0.4376564 0.0000000 0.0000000 0.0036854 0.0000000 0.5026391 0.0202994
 88 G  88 0.4659888 0.0000000 0.0023112 0.0000000 0.0102365 0.0000000 0.0000000 0.1964228 0.0000000 0.0048740 0.0030785 0.0000000 0.0067701 0.0000000 0.0013622 0.1630224 0.1008041 0.0000000 0.0000000 0.0451294
 89 V  89 0.0753110 0.0000000 0.0000000 0.0000000 0.0168136 0.0020056 0.0000000 0.0013418 0.0000000 0.0808434 0.0835082 0.0000000 0.0071826 0.0000000 0.0000000 0.0191686 0.0264294 0.0025050 0.0000000 0.6848909
 90 I  90 0.0000000 0.0000000 0.0000000 0.0000000 0.0268897 0.0000000 0.0000000 0.0000000 0.0000000 0.1170707 0.3385366 0.0000000 0.0024229 0.4636375 0.0000000 0.0023649 0.0000000 0.0000000 0.0000000 0.0490776
 91 A  91 0.2986294 0.0000000 0.0000000 0.0000000 0.0000000 0.0000000 0.0000000 0.6773328 0.0000000 0.0000000 0.0000000 0.0000000 0.0000000 0.0000000 0.0000000 0.0199120 0.0041257 0.0000000 0.0000000 0.0000000
 92 L  92 0.0000000 0.0000000 0.0000000 0.0000000 0.0143209 0.0000000 0.0000000 0.0000000 0.0000000 0.0621630 0.8659160 0.0000000 0.0145445 0.0333923 0.0000000 0.0000000 0.0047911 0.0000000 0.0000000 0.0048721
 93 G  93 0.0032664 0.0000000 0.0000000 0.0000000 0.0105968 0.0000000 0.0000000 0.9861368 0.0000000 0.0000000 0.0000000 0.0000000 0.0000000 0.0000000 0.0000000 0.0000000 0.0000000 0.0000000 0.0000000 0.0000000
 94 D  94 0.0000000 0.0000000 0.1969730 0.7264607 0.0000000 0.0000000 0.0027776 0.0000000 0.0047322 0.0000000 0.0000000 0.0000000 0.0000000 0.0000000 0.0000000 0.0690565 0.0000000 0.0000000 0.0000000 0.0000000
 95 S  95 0.0027300 0.1023529 0.0235353 0.0000000 0.0000000 0.0111540 0.0035510 0.0000000 0.0126932 0.0022623 0.0010579 0.0740253 0.0040569 0.0000000 0.0072339 0.6419647 0.0980330 0.0000000 0.0026421 0.0127076
 96 S  96 0.0356543 0.0037147 0.0644526 0.0256393 0.0047960 0.0529354 0.0719685 0.0336856 0.0379603 0.0077248 0.0131642 0.0039401 0.0212453 0.0014414 0.0000000 0.4468769 0.1593310 0.0000000 0.0000000 0.0154695
 97 Y  97 0.0000000 0.0000000 0.0000000 0.0000000 0.0000000 0.0000000 0.0000000 0.0000000 0.0119779 0.0000000 0.0000000 0.0000000 0.0000000 0.0120452 0.0000000 0.0046124 0.0000000 0.0105535 0.9608110 0.0000000
 98 V  98 0.0690157 0.0194334 0.0075631 0.2130081 0.0000000 0.0444446 0.3055770 0.0054423 0.0339050 0.0235235 0.0212798 0.0156060 0.0012337 0.0018146 0.1428032 0.0246137 0.0462836 0.0000000 0.0018991 0.0225535
 99 N  99 0.0154615 0.0331835 0.0662419 0.0550555 0.0000000 0.0582365 0.0120392 0.0090146 0.1989526 0.0045521 0.0184325 0.1718229 0.0045088 0.1220506 0.0000000 0.0069150 0.1283165 0.0012595 0.0939568 0.0000000
100 F 100 0.0000000 0.0000000 0.0000000 0.0000000 0.0000000 0.0000000 0.0000000 0.0000000 0.0000000 0.0000000 0.0000000 0.0000000 0.0000000 0.7435778 0.0000000 0.0000000 0.0038801 0.0000000 0.2525421 0.0000000
101 C 101 0.0066223 0.0105908 0.4230935 0.0000000 0.5339648 0.0104138 0.0000000 0.0038801 0.0047515 0.0000000 0.0000000 0.0000000 0.0000000 0.0000000 0.0000000 0.0066833 0.0000000 0.0000000 0.0000000 0.0000000
102 N 102 0.1268339 0.0263542 0.0344001 0.0000000 0.0000000 0.1481662 0.0509079 0.1989651 0.0103304 0.0024992 0.0148610 0.1463187 0.0071945 0.0745103 0.0000000 0.0210846 0.0128303 0.0638792 0.0459224 0.0149421
103 G 103 0.3496134 0.0000000 0.0031507 0.0000000 0.0147136 0.0000000 0.0092151 0.0672838 0.0584698 0.0520456 0.0009162 0.0000000 0.0826948 0.0530797 0.0744535 0.0131012 0.0959232 0.0000000 0.0020456 0.1232935
104 G 104 0.2815847 0.0000000 0.0000000 0.0000000 0.0057558 0.0000000 0.0000000 0.5237945 0.0051178 0.0765021 0.0079775 0.0000000 0.0000000 0.0000000 0.0250155 0.0300202 0.0031460 0.0000000 0.0000000 0.0410860
105 K 105 0.0076298 0.2747945 0.0029891 0.0257271 0.0009954 0.0168145 0.0289657 0.0000000 0.0447582 0.0460229 0.0102176 0.5100431 0.0019569 0.0000000 0.0000000 0.0039640 0.0074957 0.0000000 0.0000000 0.0176255
106 Q 106 0.0313364 0.0940330 0.0522228 0.2301655 0.0015158 0.0604384 0.0283208 0.0000000 0.0045692 0.0257777 0.0255690 0.2763060 0.0163976 0.0152782 0.0000000 0.0272233 0.0381339 0.0000000 0.0339067 0.0388057
107 F 107 0.0098439 0.0000000 0.0000000 0.0000000 0.0012973 0.0000000 0.0000000 0.0000000 0.0000000 0.1221636 0.4413612 0.0000000 0.0247880 0.1995146 0.0000000 0.0000000 0.0137783 0.0174301 0.0027789 0.1670441
108 D 108 0.0133870 0.0091135 0.0338407 0.6810065 0.0014326 0.0073554 0.0414719 0.0000000 0.0905339 0.0054181 0.0055855 0.0015342 0.0000000 0.0197665 0.0000000 0.0196431 0.0069478 0.0028974 0.0512961 0.0087699
109 A 109 0.1873743 0.1540557 0.0369116 0.0338089 0.0000000 0.0881858 0.1217695 0.0231402 0.0148338 0.0038641 0.0013277 0.2148660 0.0016921 0.0009597 0.0018024 0.0516708 0.0488540 0.0009218 0.0033735 0.0105884
110 L 110 0.0525321 0.5375392 0.0014299 0.0022041 0.0028383 0.0433338 0.0095443 0.0030745 0.0075988 0.0170443 0.1490180 0.0820494 0.0085637 0.0151432 0.0000000 0.0014701 0.0119565 0.0234334 0.0091786 0.0220477
111 L 111 0.0000000 0.0000000 0.0000000 0.0000000 0.0000000 0.0000000 0.0000000 0.0000000 0.0000000 0.0151646 0.8458834 0.0000000 0.0521079 0.0766305 0.0000000 0.0000000 0.0000000 0.0000000 0.0021718 0.0080418
112 Q 112 0.1727033 0.0295931 0.0115934 0.0217455 0.0025521 0.1120189 0.2412837 0.0145137 0.0082167 0.0271709 0.1135012 0.0469971 0.0128805 0.0011868 0.0000000 0.0746352 0.0610706 0.0163128 0.0022293 0.0297954
113 E 113 0.0919326 0.0221717 0.0296370 0.0520006 0.0000000 0.2032576 0.3577750 0.0203233 0.0151507 0.0024400 0.0259860 0.0900279 0.0141460 0.0156172 0.0000000 0.0379064 0.0168055 0.0000000 0.0017113 0.0031113
114 Q 114 0.0222012 0.0128028 0.0011656 0.0000000 0.0327061 0.0713568 0.0000000 0.0012561 0.0144407 0.0057626 0.7465134 0.0271660 0.0203726 0.0137379 0.0000000 0.0073228 0.0021288 0.0000000 0.0133741 0.0076925
115 S 115 0.0025100 0.0000000 0.0016040 0.0062575 0.0000000 0.0198421 0.0012503 0.9198109 0.0053184 0.0000000 0.0000000 0.0101089 0.0000000 0.0000000 0.0000000 0.0261281 0.0071697 0.0000000 0.0000000 0.0000000
116 A 116 0.7923416 0.0000000 0.0000000 0.0000000 0.0161920 0.0000000 0.0000000 0.1825235 0.0000000 0.0000000 0.0000000 0.0000000 0.0000000 0.0000000 0.0016522 0.0034116 0.0000000 0.0000000 0.0000000 0.0038792
117 Q 117 0.0191006 0.0570191 0.0680540 0.0088429 0.0030014 0.1492042 0.0918392 0.0058664 0.0409379 0.0223283 0.0119416 0.2103418 0.0026773 0.0018289 0.0000000 0.0781395 0.1736481 0.0000000 0.0015559 0.0536728
118 R 118 0.0450344 0.5810293 0.0014976 0.0022403 0.0089971 0.0466783 0.0801610 0.0018109 0.0172355 0.0042157 0.0057249 0.0277566 0.0064867 0.0037572 0.0940169 0.0394248 0.0138160 0.0012761 0.0012815 0.0175591
119 V 119 0.0084220 0.0000000 0.0000000 0.0000000 0.0037276 0.0000000 0.0000000 0.0000000 0.0014740 0.2781960 0.3996791 0.0018330 0.0317406 0.1021290 0.0000000 0.0026972 0.0088101 0.0020024 0.0082049 0.1510842
120 G 120 0.0809572 0.0026151 0.0031599 0.0000000 0.0506201 0.0103284 0.0009882 0.1808300 0.0368308 0.0544605 0.1510456 0.0014882 0.0222218 0.0709384 0.0000000 0.0307973 0.0505784 0.0000000 0.0987799 0.1533601
121 E 121 0.0546956 0.0214516 0.0165341 0.2360983 0.0000000 0.0145998 0.2711462 0.0130153 0.0068380 0.0016849 0.0100269 0.0161386 0.0038786 0.0000000 0.2790098 0.0290218 0.0220750 0.0000000 0.0016181 0.0021675
122 M 122 0.0433173 0.4172067 0.0000000 0.0000000 0.0252045 0.0017420 0.0000000 0.0056461 0.0032305 0.0638593 0.1629842 0.0191320 0.0403855 0.0084729 0.0214212 0.0167101 0.0583833 0.0000000 0.0242523 0.0880521
123 L 123 0.0620143 0.0027529 0.0000000 0.0000000 0.0260189 0.0129653 0.0016928 0.4742417 0.0051162 0.0451029 0.1689507 0.0058844 0.0009521 0.0118345 0.0000000 0.0022202 0.0122837 0.0000000 0.0022522 0.1657173
124 L 124 0.0041640 0.0226282 0.0000000 0.2375565 0.0073115 0.0239687 0.3150358 0.0000000 0.0174834 0.0017438 0.2603160 0.0405274 0.0224575 0.0117370 0.0000000 0.0059723 0.0089672 0.0029731 0.0113246 0.0058330
125 I 125 0.1974792 0.0000000 0.0000000 0.0000000 0.2324116 0.0000000 0.0000000 0.3713203 0.0038864 0.1410334 0.0143286 0.0000000 0.0050769 0.0000000 0.0000000 0.0075718 0.0057166 0.0000000 0.0000000 0.0211752
126 D 126 0.0000000 0.0000000 0.0367156 0.9526684 0.0000000 0.0000000 0.0106160 0.0000000 0.0000000 0.0000000 0.0000000 0.0000000 0.0000000 0.0000000 0.0000000 0.0000000 0.0000000 0.0000000 0.0000000 0.0000000
127 A 127 0.1196522 0.0016124 0.0016005 0.4189205 0.0127993 0.0107397 0.1299336 0.0082080 0.0059605 0.0517386 0.0000000 0.0000000 0.0017610 0.0000000 0.0000000 0.0054334 0.0000000 0.0000000 0.0000000 0.2316404
128 S 128 0.0434607 0.0142150 0.0071135 0.1569471 0.0446621 0.3731508 0.0088891 0.0836063 0.0050603 0.0266579 0.0719571 0.0103722 0.0220877 0.0000000 0.0000000 0.0726915 0.0416399 0.0000000 0.0052055 0.0122834
129 E 129 0.0927520 0.0086156 0.0209276 0.1574187 0.0115794 0.0833776 0.1349954 0.0419296 0.2061699 0.0019728 0.0052386 0.0488119 0.0020883 0.0101308 0.0000000 0.0851420 0.0119258 0.0000000 0.0241648 0.0527592
130 N 130 0.0634351 0.0174667 0.0819318 0.1054198 0.0259352 0.0090626 0.1207843 0.1710802 0.1087181 0.0049802 0.0000000 0.0050751 0.0000000 0.0026219 0.1571248 0.0414683 0.0619287 0.0034376 0.0131685 0.0063610
131 P 131 0.0214430 0.0033585 0.0205312 0.1566411 0.0016488 0.0564182 0.1080791 0.0247368 0.0061140 0.0085860 0.2162569 0.0114829 0.0508386 0.0237451 0.1285608 0.0498425 0.0888097 0.0020983 0.0176156 0.0031930
132 E 132 0.0161681 0.0000000 0.0068350 0.2850540 0.0057697 0.0062944 0.1468091 0.3185609 0.0033452 0.0696987 0.0071270 0.0115329 0.0519473 0.0000000 0.0043334 0.0324947 0.0087110 0.0000000 0.0020025 0.0233160
133 P 133 0.0155940 0.0000000 0.0014299 0.0192439 0.0018794 0.0016556 0.0034496 0.0017492 0.0194174 0.1571141 0.0610607 0.0000000 0.0028019 0.1566947 0.2194302 0.0047727 0.0073937 0.0085161 0.2809511 0.0368458
134 E 134 0.0128080 0.0060918 0.0049157 0.1953386 0.0000000 0.1047134 0.6131346 0.0059372 0.0029359 0.0000000 0.0110324 0.0153406 0.0024372 0.0051464 0.0008933 0.0123367 0.0037083 0.0032298 0.0000000 0.0000000
135 T 135 0.1253871 0.0056180 0.0035150 0.2040714 0.0000000 0.0233535 0.2501426 0.1247814 0.0009352 0.0055253 0.0290751 0.0058358 0.0000000 0.0000000 0.0166891 0.0489788 0.1140045 0.0000000 0.0076747 0.0344125
136 E 136 0.1743719 0.0062060 0.0071324 0.2077358 0.0027735 0.0334556 0.0560415 0.0616114 0.0013035 0.0211842 0.0188786 0.0041152 0.0044594 0.0147008 0.1200763 0.0420142 0.0899142 0.0054862 0.0132173 0.1153222
137 S 137 0.3488302 0.0000000 0.0000000 0.0000000 0.0024988 0.0044663 0.0000000 0.0011907 0.0014529 0.0305630 0.0788450 0.0000000 0.0029172 0.2860348 0.0000000 0.0339179 0.0158165 0.0028584 0.1213022 0.0693062
138 N 138 0.0958167 0.0401132 0.0528366 0.1346564 0.0077960 0.0482756 0.1969429 0.0236526 0.0057470 0.0558765 0.1516058 0.0350136 0.0177468 0.0062282 0.0034738 0.0513398 0.0393924 0.0000000 0.0000000 0.0334861
139 P 139 0.2113565 0.0398101 0.0263217 0.0261117 0.0011466 0.0530753 0.1466129 0.0310243 0.0107723 0.0224049 0.0058623 0.0431416 0.0000000 0.0009436 0.2319261 0.0540682 0.0576480 0.0000000 0.0035376 0.0342361
140 W 140 0.0054090 0.0000000 0.0000000 0.0000000 0.0000000 0.0000000 0.0000000 0.0000000 0.0000000 0.0000000 0.0000000 0.0000000 0.0000000 0.0118653 0.0000000 0.0000000 0.0000000 0.9796742 0.0030515 0.0000000
141 V 141 0.0533898 0.0849611 0.0000000 0.0000000 0.0079528 0.0251936 0.0882282 0.0069874 0.0034678 0.1171048 0.2584208 0.1559460 0.0350912 0.0154139 0.0000000 0.0393619 0.0232779 0.0000000 0.0071028 0.0781001
142 E 142 0.1048409 0.0325823 0.0317764 0.1606019 0.0022351 0.0442894 0.2477987 0.0297419 0.0026529 0.0069525 0.0253515 0.0834177 0.0020938 0.0014682 0.0810256 0.0606664 0.0554505 0.0000000 0.0022427 0.0248116
143 Q 143 0.0809160 0.0697211 0.0601100 0.0930550 0.0035170 0.1510207 0.1082372 0.0900615 0.0124561 0.0074897 0.0250753 0.1094686 0.0031947 0.0011685 0.0298531 0.1255163 0.0244067 0.0000000 0.0000000 0.0047325
144 W 144 0.0319070 0.0000000 0.0014438 0.0000000 0.0029586 0.0000000 0.0000000 0.0000000 0.0000000 0.0629213 0.3583623 0.0000000 0.0747532 0.1010421 0.0000000 0.0022987 0.0161315 0.1486526 0.0087151 0.1908137
145 G 145 0.0467873 0.0402963 0.0125740 0.0000000 0.0023230 0.0241525 0.0057490 0.0268538 0.0087431 0.0991689 0.1432630 0.0290069 0.0111975 0.0584697 0.0016071 0.0080928 0.0253301 0.3689587 0.0105045 0.0769219
146 T 146 0.1320039 0.0392826 0.0866636 0.0832582 0.0010908 0.0597568 0.1345617 0.0248955 0.0070017 0.0037543 0.0094651 0.1274662 0.0043674 0.0000000 0.1300389 0.0555930 0.0914141 0.0000000 0.0000000 0.0093861
147 L 147 0.3381648 0.0547460 0.0063250 0.0050740 0.0022491 0.0570904 0.0566005 0.0112286 0.0409669 0.0343269 0.1353410 0.0660756 0.0111494 0.0045389 0.0029944 0.0805612 0.0350597 0.0000000 0.0024693 0.0550385
148 L 148 0.0000000 0.0000000 0.0000000 0.0000000 0.0000000 0.0000000 0.0000000 0.0000000 0.0000000 0.1279856 0.7180806 0.0000000 0.0119064 0.0078446 0.0000000 0.0000000 0.0000000 0.0000000 0.0000000 0.1341828
149 S 149 0.2042084 0.0000000 0.1384685 0.0000000 0.0000000 0.0000000 0.0000000 0.0000000 0.0000000 0.0000000 0.0000000 0.3968144 0.0000000 0.0000000 0.0000000 0.1599423 0.1005664 0.0000000 0.0000000 0.0000000
