  141         A         R         N         D         C         Q         E         G         H         I         L         K         M         F         P         S         T         W         Y         V    
  1 N   1 0.0000000 0.0000000 0.4209125 0.0000000 0.0000000 0.0000000 0.0000000 0.0000000 0.4544567 0.0000000 0.0000000 0.0000000 0.0000000 0.0000000 0.0000000 0.1246309 0.0000000 0.0000000 0.0000000 0.0000000
  2 P   2 0.0312226 0.0168889 0.0000000 0.0000000 0.0000000 0.0115623 0.0090302 0.0000000 0.0000000 0.0000000 0.0075198 0.0111499 0.0000000 0.0000000 0.9013104 0.0059209 0.0000000 0.0000000 0.0000000 0.0053950
  3 P   3 0.0111421 0.0074428 0.0029513 0.1022233 0.0000000 0.0391926 0.0321656 0.0078166 0.0000000 0.0092997 0.0044222 0.0439928 0.0076545 0.0000000 0.6701016 0.0199644 0.0416306 0.0000000 0.0000000 0.0000000
  4 P   4 0.0108495 0.0086906 0.0055325 0.0000000 0.0000000 0.0234639 0.0932206 0.0280735 0.0000000 0.0000000 0.0074136 0.1695513 0.0052607 0.0064678 0.3824039 0.2297932 0.0189297 0.0000000 0.0000000 0.0103491
  5 P   5 0.0330266 0.0456740 0.0228935 0.0100342 0.0000000 0.0579580 0.0516697 0.0043052 0.0000000 0.0028535 0.0243758 0.0988819 0.0038268 0.0000000 0.5444503 0.0585179 0.0282120 0.0000000 0.0000000 0.0133208
  6 E   6 0.0520112 0.0707015 0.0120283 0.1479684 0.0000000 0.0629151 0.1637949 0.0241374 0.0236532 0.0085368 0.0267097 0.0922133 0.0159992 0.0202451 0.0219208 0.1236103 0.0378092 0.0000000 0.0213322 0.0744134
  7 T   7 0.0489737 0.0535365 0.0270124 0.0903263 0.0042984 0.0385787 0.0429732 0.0452282 0.0329359 0.0193627 0.0629775 0.0590508 0.1144853 0.0130094 0.0456504 0.1171991 0.0699881 0.0000000 0.0326254 0.0817879
  8 S   8 0.0448788 0.0448885 0.0585698 0.0807124 0.0044973 0.0239808 0.0353774 0.0330678 0.0326898 0.0472302 0.0675556 0.0669693 0.0054651 0.0000000 0.1794869 0.1602303 0.0490511 0.0013868 0.0148946 0.0490677
  9 N   9 0.0481561 0.1004323 0.1452932 0.0598301 0.0026304 0.0594202 0.1101135 0.0157165 0.0043555 0.0040417 0.0470536 0.0635790 0.0041924 0.0045772 0.0882207 0.1093752 0.0556279 0.0000000 0.0568878 0.0204967
 10 P  10 0.0657812 0.0457679 0.0121886 0.0221661 0.0122048 0.0061793 0.0239006 0.0062603 0.0027781 0.0042845 0.1094307 0.1316912 0.0013930 0.0020762 0.3099289 0.1385806 0.0511314 0.0021470 0.0058029 0.0463068
 11 N  11 0.0841892 0.1102951 0.0927272 0.0457269 0.0000000 0.0354241 0.0223355 0.1326624 0.0164897 0.0081744 0.0273070 0.1229818 0.0059635 0.0028709 0.0836292 0.1152377 0.0623002 0.0000000 0.0050030 0.0266821
 12 K  12 0.0408078 0.2366063 0.0159502 0.0258727 0.0023827 0.0388232 0.0496419 0.0148030 0.0056295 0.0027580 0.0238340 0.3815871 0.0212010 0.0047705 0.0250139 0.0578481 0.0416341 0.0039932 0.0000000 0.0068430
 13 P  13 0.0428204 0.0953611 0.0542714 0.0165347 0.0035893 0.0418280 0.0870928 0.0167020 0.0194295 0.0059442 0.0056877 0.1591937 0.0103882 0.0013584 0.2864667 0.0956541 0.0340550 0.0027970 0.0054745 0.0153514
 14 K  14 0.0258901 0.0970447 0.0140797 0.0197991 0.0014053 0.0162346 0.0261663 0.2261453 0.0043564 0.0358348 0.0336070 0.2244065 0.0143640 0.0052190 0.1135609 0.0549613 0.0540783 0.0000000 0.0021079 0.0307389
 15 R  15 0.0144981 0.3688953 0.0147913 0.0045295 0.0121602 0.0265582 0.0276475 0.0166732 0.0038601 0.0229297 0.0226530 0.2341869 0.0180591 0.0478719 0.0536911 0.0436821 0.0322578 0.0060075 0.0159052 0.0131422
 16 Q  16 0.0211698 0.0702350 0.0308730 0.0478411 0.0034949 0.0566599 0.0332902 0.0350527 0.0633110 0.0169191 0.1646796 0.1357645 0.0916709 0.0057435 0.0396808 0.0386132 0.0543502 0.0042566 0.0289882 0.0574059
 17 T  17 0.0413653 0.0413425 0.0204776 0.0375513 0.0000000 0.0542817 0.0270833 0.0340433 0.0109783 0.0142376 0.0677747 0.0840546 0.0126913 0.0030226 0.1157580 0.1024977 0.3198880 0.0000000 0.0041062 0.0088462
 18 N  18 0.0352431 0.0404336 0.2017976 0.0964659 0.0030318 0.0360174 0.1581265 0.0254058 0.0643728 0.0065109 0.0071583 0.1182347 0.0024167 0.0128954 0.0687950 0.0596698 0.0378764 0.0034374 0.0153293 0.0067815
 19 Q  19 0.0401846 0.0187956 0.0372705 0.0745607 0.0054429 0.2916859 0.1948661 0.0124717 0.0163786 0.0141628 0.0145045 0.0964484 0.0125138 0.0025543 0.0756663 0.0421662 0.0103754 0.0000000 0.0079890 0.0319627
 20 L  20 0.0446942 0.0045662 0.0134166 0.0900125 0.0146521 0.0714223 0.0287781 0.0045801 0.0040486 0.0245740 0.4763489 0.0201302 0.0376776 0.0246448 0.0029458 0.0047453 0.0129631 0.0798297 0.0079389 0.0320309
 21 Q  21 0.0144952 0.1072583 0.0236500 0.0234159 0.0039781 0.1550231 0.0541246 0.0000000 0.0710181 0.0166133 0.0983257 0.1765353 0.0816961 0.0348269 0.0000000 0.0199206 0.0188454 0.0017975 0.0890233 0.0094526
 22 Y  22 0.0511155 0.1308449 0.0478098 0.0301786 0.0000000 0.0354907 0.0682427 0.0109399 0.0442232 0.0127132 0.0059868 0.2888312 0.0037833 0.0500243 0.0017411 0.0267826 0.0382172 0.0040501 0.1324310 0.0165939
 23 L  23 0.1269491 0.0222856 0.0123428 0.0069844 0.0132348 0.1097951 0.0212826 0.0257735 0.0243392 0.0574720 0.1698320 0.0595340 0.0280589 0.1850106 0.0093708 0.0459649 0.0343295 0.0013033 0.0218583 0.0242788
 24 L  24 0.0211250 0.0079434 0.0030357 0.0000000 0.4464491 0.0479730 0.0027974 0.0000000 0.0133990 0.0518949 0.2759970 0.0137147 0.0749125 0.0222530 0.0000000 0.0042381 0.0000000 0.0000000 0.0034083 0.0108589
 25 R  25 0.0434876 0.1335741 0.0780457 0.0169322 0.0000000 0.0730923 0.0991596 0.0339816 0.0174982 0.0086969 0.0693706 0.2033209 0.0449937 0.0062643 0.0000000 0.0848493 0.0238744 0.0034012 0.0357905 0.0236669
 26 V  26 0.0786121 0.0820182 0.0605019 0.0376405 0.0015921 0.0676365 0.1194895 0.0483270 0.0351205 0.0239827 0.0145682 0.0881429 0.0113079 0.0113769 0.0469960 0.0805941 0.1069545 0.0000000 0.0117173 0.0734215
 27 V  27 0.0243331 0.0039471 0.0000000 0.0000000 0.0083845 0.0014294 0.0000000 0.0049253 0.0000000 0.2869064 0.2848498 0.0012435 0.0139162 0.0188926 0.0000000 0.0111780 0.0559307 0.0000000 0.0000000 0.2840634
 28 L  28 0.0000000 0.0016949 0.0026847 0.0000000 0.0000000 0.0010158 0.0000000 0.0000000 0.0095729 0.1225342 0.6962098 0.0018485 0.0501886 0.0209467 0.0000000 0.0000000 0.0031321 0.0078095 0.0016484 0.0807139
 29 K  29 0.0428790 0.0876222 0.1142758 0.1175838 0.0013500 0.0509879 0.0920266 0.0126544 0.0045403 0.0045570 0.0205589 0.3054749 0.0140732 0.0000000 0.0052676 0.0542954 0.0608630 0.0000000 0.0025247 0.0084653
 30 T  30 0.1025944 0.0633993 0.0322854 0.0523125 0.0041514 0.1050629 0.2436245 0.0227053 0.0044740 0.0046816 0.0344750 0.1134793 0.0075371 0.0164951 0.0062750 0.1009316 0.0432688 0.0000000 0.0121523 0.0300944
 31 L  31 0.0201762 0.0000000 0.0000000 0.0000000 0.0018370 0.0000000 0.0000000 0.0000000 0.0000000 0.1265482 0.5785775 0.0014475 0.1301353 0.0086123 0.0000000 0.0020671 0.0087307 0.0000000 0.0000000 0.1218683
 32 W  32 0.0157417 0.0489712 0.0117324 0.0068963 0.0174490 0.1018569 0.0419374 0.0027904 0.0254774 0.0212529 0.0724143 0.1860410 0.1435049 0.0822288 0.0021050 0.0210826 0.0270774 0.1077749 0.0453057 0.0183597
 33 K  33 0.0792992 0.1424792 0.1086226 0.0326320 0.0189195 0.0593329 0.0225107 0.0131701 0.0115523 0.0026272 0.0102420 0.2726953 0.0031119 0.0000000 0.0000000 0.1691520 0.0435268 0.0000000 0.0021203 0.0080062
 34 H  34 0.0016719 0.0162517 0.0448840 0.0108972 0.0286232 0.0684040 0.0082756 0.0165846 0.4631801 0.0075810 0.0696384 0.1632930 0.0141403 0.0018077 0.0128380 0.0238827 0.0237333 0.0000000 0.0134157 0.0108975
 35 Q  35 0.0379753 0.0546069 0.0246547 0.1046595 0.0000000 0.1020659 0.0964600 0.0069646 0.0371946 0.0055512 0.0000000 0.3528263 0.0014430 0.0010339 0.1148135 0.0440951 0.0110495 0.0000000 0.0000000 0.0046062
 36 F  36 0.0378811 0.0054045 0.0213265 0.1890136 0.0116433 0.0199240 0.0538678 0.0256546 0.1522448 0.0454056 0.0277949 0.0090043 0.0243163 0.1209292 0.0043264 0.0730645 0.0303305 0.0312314 0.0967321 0.0199047
 37 A  37 0.5086152 0.0000000 0.0124478 0.0000000 0.0071357 0.0019105 0.0000000 0.0870706 0.0044224 0.0000000 0.0000000 0.0016483 0.0000000 0.0155710 0.0000000 0.3001325 0.0131729 0.0000000 0.0343842 0.0134891
 38 W  38 0.0428962 0.0331602 0.0071187 0.0082409 0.0000000 0.0170909 0.0546845 0.0405736 0.0134328 0.0284731 0.0594513 0.0166148 0.0058289 0.0339185 0.0068739 0.0194407 0.0094249 0.5331731 0.0409899 0.0286128
 39 P  39 0.0458573 0.0000000 0.0062672 0.0137731 0.0009539 0.0021993 0.0052319 0.0000000 0.0089354 0.0455404 0.0266138 0.0000000 0.0071834 0.0326057 0.6986755 0.0000000 0.0020306 0.0128812 0.0046668 0.0865845
 40 F  40 0.0000000 0.0000000 0.0000000 0.0000000 0.0000000 0.0000000 0.0000000 0.0000000 0.0000000 0.0000000 0.0029221 0.0000000 0.0000000 0.9819169 0.0000000 0.0000000 0.0000000 0.0000000 0.0151611 0.0000000
 41 Q  41 0.0514813 0.1715490 0.0732265 0.0058429 0.0022191 0.0594428 0.0087715 0.0014276 0.0424986 0.0206086 0.2844729 0.0500622 0.0675490 0.0023349 0.0000000 0.0212934 0.0140189 0.0000000 0.1047040 0.0184969
 42 Q  42 0.0569523 0.0423366 0.0437967 0.0509336 0.0000000 0.1719688 0.2535815 0.0118692 0.0396805 0.0073129 0.0454034 0.1439934 0.0044188 0.0103247 0.0000000 0.0254462 0.0347640 0.0000000 0.0174415 0.0397759
 43 P  43 0.0113917 0.0065610 0.0000000 0.0000000 0.0000000 0.0022983 0.0025865 0.0000000 0.0000000 0.0000000 0.0038530 0.0043268 0.0000000 0.0000000 0.9540064 0.0106516 0.0043247 0.0000000 0.0000000 0.0000000
 44 V  44 0.0080711 0.0000000 0.0000000 0.0000000 0.0000000 0.0000000 0.0066357 0.0000000 0.0000000 0.0038644 0.0019193 0.0000000 0.0000000 0.0000000 0.0000000 0.0000000 0.0000000 0.0000000 0.0000000 0.9795095
 45 D  45 0.0069431 0.0009980 0.1328554 0.8057168 0.0000000 0.0028752 0.0080302 0.0000000 0.0000000 0.0036284 0.0018841 0.0020474 0.0000000 0.0000000 0.0112582 0.0203970 0.0000000 0.0000000 0.0033662 0.0000000
 46 A  46 0.2114631 0.0011273 0.0029562 0.0018982 0.0020911 0.0071419 0.0074361 0.0014699 0.0065821 0.0238552 0.0815598 0.0051466 0.0015262 0.0000000 0.4161442 0.0157758 0.0746309 0.0118658 0.0110656 0.1162639
 47 V  47 0.0408887 0.0146013 0.0134305 0.0263699 0.0126273 0.0463011 0.1311973 0.0017311 0.0044616 0.0802442 0.0245983 0.1507234 0.0026833 0.0016995 0.0019624 0.0458868 0.0445726 0.0035721 0.0025726 0.3498762
 48 K  48 0.2741855 0.0863397 0.0019940 0.0060461 0.0000000 0.0361763 0.0548195 0.0499402 0.0015662 0.0046309 0.0829747 0.2843950 0.0074891 0.0039271 0.0034841 0.0349097 0.0284848 0.0181976 0.0032996 0.0171399
 49 L  49 0.0075683 0.0276609 0.0411042 0.1198209 0.0022163 0.0155994 0.0258601 0.0000000 0.0070668 0.0027148 0.5887709 0.0062885 0.0275279 0.0421622 0.0250735 0.0314243 0.0107001 0.0100402 0.0062110 0.0021898
 50 N  50 0.0103091 0.0049707 0.2468482 0.0575493 0.0115974 0.0499583 0.1964132 0.2800406 0.0202416 0.0102207 0.0102911 0.0407334 0.0073740 0.0035251 0.0000000 0.0191080 0.0034941 0.0000000 0.0260999 0.0012253
 51 L  51 0.1149686 0.0000000 0.0000000 0.0000000 0.0263658 0.0000000 0.0000000 0.0000000 0.0123870 0.2614800 0.2945690 0.0000000 0.0000000 0.0071338 0.0015413 0.0000000 0.0000000 0.0031489 0.0531592 0.2252464
 52 P  52 0.0157850 0.0000000 0.0000000 0.0044267 0.0000000 0.0011800 0.0101365 0.0110642 0.1048166 0.0023284 0.0138790 0.0042362 0.0000000 0.0012280 0.7767368 0.0168663 0.0153094 0.0093465 0.0059634 0.0066968
 53 D  53 0.0028531 0.0072653 0.0773544 0.6337838 0.0000000 0.0069653 0.0324078 0.0400279 0.0266541 0.0000000 0.0101237 0.0138564 0.0076818 0.0143963 0.0000000 0.0226989 0.1026591 0.0000000 0.0012722 0.0000000
 54 Y  54 0.0000000 0.0000000 0.0000000 0.0000000 0.0034959 0.0000000 0.0000000 0.0000000 0.0044930 0.0000000 0.0000000 0.0081474 0.0000000 0.0000000 0.0000000 0.0000000 0.0000000 0.0000000 0.9838638 0.0000000
 55 Y  55 0.0185667 0.0509419 0.0101345 0.0000000 0.0261458 0.0000000 0.0000000 0.0000000 0.1894132 0.0014082 0.0508867 0.0242788 0.0000000 0.2050264 0.0593341 0.0199899 0.0000000 0.0000000 0.3388552 0.0050186
 56 K  56 0.0266900 0.0189869 0.0722879 0.2957262 0.0000000 0.0836771 0.1347859 0.0165541 0.0068895 0.0025830 0.0077360 0.1587494 0.0039607 0.0050460 0.0000000 0.0539561 0.1055341 0.0000000 0.0035275 0.0033095
 57 I  57 0.0043046 0.0122596 0.0000000 0.0000000 0.0017403 0.0000000 0.0135856 0.0000000 0.0162201 0.5235783 0.0062734 0.0354897 0.0023774 0.0289119 0.0000000 0.0014845 0.0058606 0.0000000 0.0337959 0.3141180
 58 I  58 0.0066374 0.0000000 0.0000000 0.0000000 0.0000000 0.0000000 0.0000000 0.0000000 0.0000000 0.7882206 0.0000000 0.0000000 0.0000000 0.0000000 0.0000000 0.0000000 0.0101099 0.0000000 0.0000000 0.1950321
 59 K  59 0.0341479 0.0387456 0.0040625 0.0424489 0.0015527 0.0182955 0.0535685 0.0000000 0.0053311 0.0016097 0.0033954 0.6927735 0.0020077 0.0000000 0.0139096 0.0260897 0.0596457 0.0000000 0.0000000 0.0024159
 60 T  60 0.0062475 0.1069318 0.1427863 0.0327765 0.0208156 0.0787127 0.0927539 0.0000000 0.1569276 0.0069805 0.0008904 0.1665266 0.0000000 0.0184405 0.0000000 0.0313693 0.0744801 0.0000000 0.0587927 0.0045681
 61 P  61 0.0124044 0.0013135 0.0000000 0.0000000 0.0000000 0.0000000 0.0044397 0.0000000 0.0000000 0.0000000 0.0000000 0.0000000 0.0015942 0.0000000 0.9769880 0.0013538 0.0000000 0.0000000 0.0000000 0.0019065
 62 M  62 0.0043662 0.0129872 0.0000000 0.0000000 0.0000000 0.0000000 0.0000000 0.0000000 0.0000000 0.0499414 0.0022735 0.0000000 0.8795668 0.0000000 0.0000000 0.0018701 0.0390426 0.0000000 0.0000000 0.0099522
 63 D  63 0.0023758 0.0000000 0.0000000 0.9811387 0.0036703 0.0000000 0.0000000 0.0000000 0.0018418 0.0000000 0.0000000 0.0000000 0.0000000 0.0000000 0.0000000 0.0045461 0.0000000 0.0064273 0.0000000 0.0000000
 64 M  64 0.0000000 0.0000000 0.0000000 0.0000000 0.0000000 0.0000000 0.0000000 0.0000000 0.0000000 0.0458225 0.7246360 0.0000000 0.0677080 0.1416788 0.0044796 0.0000000 0.0000000 0.0000000 0.0038657 0.0118093
 65 G  65 0.0446009 0.0303338 0.0196116 0.0011843 0.0011328 0.0386699 0.0131965 0.3803700 0.0083243 0.0000000 0.0041852 0.0566007 0.0017776 0.0022175 0.0008293 0.3575701 0.0270189 0.0000000 0.0123767 0.0000000
 66 T  66 0.0042345 0.0063137 0.0020812 0.0022175 0.0034273 0.0045055 0.0013583 0.0025518 0.0000000 0.0079981 0.0235579 0.0132301 0.0018578 0.0000000 0.0000000 0.0238232 0.8987297 0.0010764 0.0000000 0.0030369
 67 I  67 0.0024722 0.0000000 0.0000000 0.0000000 0.0019255 0.0000000 0.0000000 0.0000000 0.0000000 0.5662200 0.0079592 0.0000000 0.2289952 0.0000000 0.0000000 0.0000000 0.0000000 0.0000000 0.0000000 0.1924278
 68 K  68 0.0132325 0.1689923 0.0024796 0.0106825 0.0020405 0.0510903 0.2209950 0.0244184 0.0063166 0.0108774 0.0111183 0.4024511 0.0080190 0.0000000 0.0000000 0.0358947 0.0207377 0.0039865 0.0035139 0.0031536
 69 K  69 0.0364069 0.1332901 0.0689978 0.0232091 0.0015798 0.0384342 0.1297308 0.0158491 0.0069084 0.0094565 0.0134272 0.3284315 0.0166477 0.0039037 0.0000000 0.1116841 0.0441473 0.0000000 0.0061386 0.0117571
 70 R  70 0.0010156 0.3036412 0.0551016 0.0102450 0.0000000 0.0097423 0.0014166 0.0012807 0.0018799 0.0000000 0.0027362 0.5932569 0.0000000 0.0000000 0.0000000 0.0027180 0.0169658 0.0000000 0.0000000 0.0000000
 71 L  71 0.0018344 0.0000000 0.0024845 0.0000000 0.0041304 0.0017543 0.0000000 0.0000000 0.0067082 0.0640577 0.7475139 0.0000000 0.0966469 0.0242581 0.0000000 0.0000000 0.0018919 0.0017725 0.0000000 0.0469472
 72 E  72 0.0471631 0.0655860 0.1047755 0.1706435 0.0029148 0.0629954 0.2927587 0.0141870 0.0160436 0.0085330 0.0325435 0.0861903 0.0050519 0.0000000 0.0000000 0.0317341 0.0339822 0.0000000 0.0046035 0.0202938
 73 N  73 0.0935239 0.0345099 0.3329443 0.0482316 0.0070671 0.0341092 0.0358759 0.0633845 0.0264051 0.0009219 0.0150624 0.0960868 0.0139051 0.0026796 0.0007850 0.1252913 0.0479470 0.0000000 0.0048084 0.0164611
 74 N  74 0.0059152 0.1234183 0.2037585 0.0725379 0.0039137 0.0195400 0.0091851 0.3348169 0.0254493 0.0041934 0.0196832 0.0862192 0.0011266 0.0172740 0.0037395 0.0331642 0.0073264 0.0122090 0.0092989 0.0072306
 75 Y  75 0.0653608 0.0292505 0.0299673 0.0346469 0.0029058 0.1460591 0.1657174 0.0205869 0.0243990 0.0079726 0.0516723 0.0740497 0.0151629 0.0486105 0.0000000 0.0377320 0.0199175 0.0097821 0.1781136 0.0380931
 76 Y  76 0.0000000 0.0000000 0.0000000 0.0000000 0.0015571 0.0000000 0.0000000 0.0000000 0.0044583 0.0056964 0.0031069 0.0000000 0.0000000 0.0070988 0.0000000 0.0000000 0.0000000 0.0000000 0.9780825 0.0000000
 77 W  77 0.0716353 0.1084296 0.0330198 0.0327305 0.0173179 0.0646063 0.1090143 0.0119843 0.0314242 0.0096153 0.0195550 0.1490638 0.0052115 0.0069017 0.0435063 0.0727659 0.0948343 0.0684903 0.0101574 0.0397366
 78 N  78 0.0201445 0.0401152 0.1286292 0.1322146 0.0141674 0.0100583 0.0310495 0.0153057 0.0115817 0.0083620 0.0043187 0.0474855 0.0033565 0.0018483 0.0000000 0.2881183 0.2360674 0.0018332 0.0025575 0.0027864
 79 A  79 0.2161199 0.0422985 0.0073455 0.0048003 0.0048608 0.0000000 0.0205192 0.0150482 0.0113928 0.0651348 0.1070388 0.0643628 0.0364618 0.0230926 0.2434401 0.0365643 0.0190538 0.0000000 0.0014034 0.0810624
 80 Q  80 0.0525799 0.0469152 0.0254624 0.1043829 0.0020482 0.1184436 0.2321301 0.0313582 0.0110965 0.0048078 0.0308870 0.1163102 0.0123273 0.0079601 0.0034792 0.1109320 0.0278925 0.0422986 0.0081176 0.0105708
 81 E  81 0.0712866 0.0011113 0.0030883 0.1775390 0.0000000 0.1340693 0.5003039 0.0194389 0.0042837 0.0044717 0.0322046 0.0064814 0.0140834 0.0000000 0.0000000 0.0203770 0.0091071 0.0000000 0.0000000 0.0021536
 82 C  82 0.0255878 0.0000000 0.0000000 0.0000000 0.0879925 0.0000000 0.0000000 0.0000000 0.0000000 0.0375979 0.0791636 0.0000000 0.0153685 0.6401385 0.0000000 0.0020435 0.0049729 0.0093722 0.0365841 0.0611784
 83 I  83 0.2337463 0.0131946 0.0032631 0.0108697 0.0472308 0.0115841 0.0930253 0.0080056 0.0047914 0.1782461 0.0519390 0.0393130 0.0603685 0.0146269 0.0000000 0.0126421 0.0146941 0.0037017 0.0198174 0.1789405
 84 Q  84 0.3020836 0.0462152 0.0510634 0.1429855 0.0048806 0.0703639 0.0714198 0.0259179 0.0153820 0.0052618 0.0130020 0.0798602 0.0019833 0.0020531 0.0012703 0.0821151 0.0334305 0.0205598 0.0191630 0.0109891
 85 D  85 0.0016287 0.0000000 0.0024035 0.9527861 0.0000000 0.0000000 0.0300487 0.0000000 0.0062678 0.0000000 0.0037607 0.0031045 0.0000000 0.0000000 0.0000000 0.0000000 0.0000000 0.0000000 0.0000000 0.0000000
 86 F  86 0.0529428 0.0000000 0.0000000 0.0000000 0.0132078 0.0000000 0.0000000 0.0000000 0.0000000 0.1085615 0.0746054 0.0000000 0.1217192 0.1974837 0.0000000 0.0011958 0.0044006 0.0000000 0.0042467 0.4216364
 87 N  87 0.0093588 0.4346847 0.1558120 0.0370446 0.0007324 0.0463769 0.0451838 0.0016071 0.0100825 0.0052989 0.0201088 0.1106973 0.0148131 0.0231671 0.0000000 0.0090765 0.0314464 0.0365588 0.0019296 0.0060207
 88 T  88 0.0036757 0.0470162 0.0010484 0.0000000 0.0023944 0.0561640 0.0000000 0.0000000 0.0000000 0.0071896 0.7148880 0.0266117 0.0077730 0.0000000 0.0000000 0.0023444 0.0945792 0.0000000 0.0322110 0.0041045
 89 M  89 0.0000000 0.0000000 0.0000000 0.0000000 0.0000000 0.0000000 0.0000000 0.0000000 0.0000000 0.3443705 0.0318462 0.0000000 0.3664454 0.0000000 0.0000000 0.0000000 0.0832959 0.0000000 0.0000000 0.1740419
 90 F  90 0.0128000 0.0017322 0.0000000 0.0000000 0.0198116 0.0000000 0.0197806 0.0021007 0.0000000 0.0592226 0.0347951 0.0000000 0.0019649 0.7222882 0.0000000 0.0015442 0.0043624 0.0281895 0.0115350 0.0798731
 91 T  91 0.0475716 0.0605167 0.1039790 0.1659145 0.0000000 0.0490562 0.0658479 0.0070523 0.0333170 0.0068750 0.0076307 0.0801227 0.0274993 0.0023220 0.0000000 0.1882409 0.1411698 0.0093286 0.0028306 0.0007252
 92 N  92 0.0000000 0.0000000 0.9904964 0.0028804 0.0000000 0.0000000 0.0000000 0.0000000 0.0000000 0.0000000 0.0000000 0.0000000 0.0000000 0.0000000 0.0000000 0.0066232 0.0000000 0.0000000 0.0000000 0.0000000
 93 C  93 0.2730260 0.0000000 0.0000000 0.0000000 0.6540773 0.0000000 0.0000000 0.0058758 0.0000000 0.0000000 0.0000000 0.0000000 0.0000000 0.0000000 0.0000000 0.0560936 0.0084588 0.0000000 0.0000000 0.0024686
 94 Y  94 0.0274058 0.1918809 0.0037330 0.0069088 0.0073564 0.0157497 0.0456698 0.0009369 0.0084850 0.0443058 0.0548687 0.0744574 0.1037280 0.0584990 0.0000000 0.0064372 0.0034956 0.0413963 0.2811280 0.0235577
 95 I  95 0.0528678 0.0417494 0.0150798 0.0020417 0.0044180 0.0509156 0.0330409 0.0020315 0.0042185 0.0616860 0.1582005 0.2347228 0.0142059 0.0058258 0.0008774 0.0246298 0.2253116 0.0000000 0.0238968 0.0442802
 96 Y  96 0.0000000 0.0103434 0.0000000 0.0000000 0.0024660 0.0000000 0.0000000 0.0000000 0.0078848 0.0000000 0.0000000 0.0000000 0.0000000 0.3238459 0.0000000 0.0000000 0.0000000 0.0000000 0.6554599 0.0000000
 97 N  97 0.0000000 0.0000000 0.9565813 0.0022683 0.0000000 0.0000000 0.0000000 0.0000000 0.0021527 0.0000000 0.0000000 0.0000000 0.0000000 0.0000000 0.0000000 0.0025297 0.0210116 0.0154564 0.0000000 0.0000000
 98 K  98 0.0556352 0.0579864 0.0431823 0.0290549 0.0000000 0.0215022 0.0996583 0.1696931 0.0069498 0.0156400 0.0102723 0.1052201 0.0057188 0.0000000 0.2851948 0.0699524 0.0145756 0.0000000 0.0067793 0.0029845
 99 P  99 0.0578651 0.0191461 0.0061439 0.0878513 0.0000000 0.0106974 0.1468114 0.0000000 0.0037282 0.0070743 0.0128090 0.1445027 0.0000000 0.0000000 0.4155454 0.0469760 0.0130317 0.0000000 0.0000000 0.0278174
100 G 100 0.0264330 0.0337421 0.0498668 0.2552933 0.0000000 0.0211215 0.0961252 0.2753768 0.0336108 0.0009652 0.0016773 0.0178492 0.0012882 0.0035106 0.0035354 0.0610541 0.1106398 0.0026426 0.0038123 0.0014555
101 D 101 0.0266349 0.0013947 0.0719648 0.1349851 0.0000000 0.0233638 0.0337224 0.0000000 0.1624816 0.0000000 0.0038157 0.0000000 0.0000000 0.0000000 0.0061782 0.3463334 0.1847205 0.0000000 0.0044051 0.0000000
102 D 102 0.0274151 0.0556096 0.0129899 0.2676826 0.0032031 0.0214366 0.1651297 0.0148096 0.0039843 0.0644324 0.0220450 0.0234686 0.0115118 0.0162546 0.1597147 0.0235867 0.0170179 0.0094207 0.0166957 0.0635917
103 I 103 0.0110326 0.0000000 0.0000000 0.0000000 0.0044989 0.0000000 0.0035364 0.0021078 0.0000000 0.2318004 0.0137376 0.0000000 0.0155572 0.0412739 0.0088700 0.0000000 0.0095530 0.0021161 0.1409646 0.5149516
104 V 104 0.0839856 0.0148379 0.0318522 0.0000000 0.0157504 0.0000000 0.0039805 0.0657818 0.1240665 0.0057664 0.0038307 0.0000000 0.0017977 0.0300378 0.0000000 0.0542391 0.0736467 0.0215436 0.2591002 0.2097827
105 L 105 0.0769379 0.1326633 0.0285623 0.0283636 0.0023297 0.0895816 0.0298994 0.0135846 0.0063877 0.0553682 0.0888266 0.2414839 0.0314750 0.0209368 0.0013554 0.0567427 0.0345985 0.0022685 0.0000000 0.0586344
106 M 106 0.1469651 0.0047138 0.0297503 0.0041494 0.1056071 0.0455016 0.0310095 0.0000000 0.0128747 0.0178276 0.0302870 0.0131705 0.4228591 0.0208194 0.0000000 0.0413068 0.0054400 0.0030039 0.0482730 0.0164412
107 A 107 0.6240910 0.0000000 0.0000000 0.0000000 0.0679402 0.0000000 0.0000000 0.2428990 0.0000000 0.0038324 0.0000000 0.0000000 0.0020337 0.0000000 0.0000000 0.0267408 0.0301425 0.0000000 0.0000000 0.0023206
108 E 108 0.0121408 0.1558946 0.0831811 0.0558696 0.0028207 0.1302520 0.1140645 0.0044685 0.0634051 0.0298744 0.0539389 0.1629736 0.0136140 0.0026911 0.0000000 0.0260522 0.0519074 0.0000000 0.0058386 0.0310127
109 A 109 0.0928909 0.1404827 0.0905150 0.0218849 0.0098985 0.0564346 0.0666502 0.0252015 0.0031253 0.0362767 0.0169041 0.2481884 0.0134438 0.0027014 0.0025117 0.0507781 0.1018358 0.0000000 0.0000000 0.0202763
110 L 110 0.0016371 0.0000000 0.0000000 0.0000000 0.0116813 0.0022074 0.0000000 0.0000000 0.0000000 0.0763003 0.7503596 0.0000000 0.0735979 0.0235779 0.0000000 0.0000000 0.0052344 0.0000000 0.0000000 0.0554041
111 E 111 0.0179751 0.0792974 0.0212418 0.0058895 0.0018386 0.1869049 0.4209822 0.0035889 0.0095905 0.0000000 0.0589920 0.0588039 0.0071895 0.0025699 0.0000000 0.0963102 0.0197550 0.0000000 0.0036931 0.0053775
112 K 112 0.1439479 0.0813615 0.0306587 0.1446157 0.0030788 0.0343748 0.1430038 0.0194120 0.0017329 0.0152557 0.0079786 0.2836188 0.0011781 0.0000000 0.0000000 0.0501361 0.0294491 0.0000000 0.0000000 0.0101977
113 L 113 0.0577116 0.0152883 0.0135077 0.0169483 0.0190151 0.0231654 0.0175124 0.0023826 0.0188287 0.0895876 0.1382528 0.0199977 0.0199980 0.1805244 0.0000000 0.0340907 0.0338729 0.0075119 0.1036089 0.1881948
114 F 114 0.0285971 0.0000000 0.0000000 0.0000000 0.0107357 0.0000000 0.0000000 0.0031395 0.0000000 0.0343311 0.0230770 0.0000000 0.0350444 0.7838097 0.0000000 0.0036714 0.0018227 0.0190795 0.0349874 0.0217045
115 L 115 0.0088997 0.0454938 0.0665280 0.0828796 0.0021674 0.0333042 0.4198231 0.0052550 0.0253298 0.0122257 0.1268897 0.0458589 0.0161273 0.0102552 0.0021208 0.0052526 0.0098643 0.0288437 0.0183798 0.0345014
116 Q 116 0.0431604 0.0826213 0.0344249 0.0403365 0.0000000 0.1377714 0.1260967 0.0231516 0.0053093 0.0021407 0.0118130 0.2228452 0.0525930 0.0202625 0.0119277 0.0874243 0.0748117 0.0000000 0.0064519 0.0168578
117 K 117 0.0231232 0.1782309 0.0080439 0.0132838 0.0041312 0.0687729 0.0764052 0.0106146 0.0807232 0.0213394 0.0727035 0.3475566 0.0256465 0.0121660 0.0000000 0.0161645 0.0052086 0.0077165 0.0134022 0.0147673
118 I 118 0.0048505 0.0017011 0.0000000 0.0000000 0.0130740 0.0000000 0.0000000 0.0000000 0.0000000 0.1735453 0.1889570 0.0000000 0.1353816 0.1055073 0.0000000 0.0017464 0.0018779 0.2388403 0.0528058 0.0817127
119 N 119 0.2491635 0.0628313 0.0214949 0.0465118 0.0000000 0.0244121 0.0765751 0.0230311 0.0033188 0.0034704 0.0558776 0.2730588 0.0027101 0.0016709 0.0134139 0.0849057 0.0325991 0.0019376 0.0000000 0.0230170
120 E 120 0.0432766 0.0311490 0.1127110 0.0554895 0.0042947 0.1261577 0.1857596 0.0215689 0.0349645 0.0040280 0.0288961 0.1988694 0.0029346 0.0037868 0.0533123 0.0569239 0.0283572 0.0000000 0.0000000 0.0075200
121 L 121 0.0184699 0.0214630 0.0009878 0.0025088 0.0058567 0.0047975 0.0020839 0.0052687 0.0000000 0.2291852 0.2447353 0.0276806 0.2408302 0.0808198 0.0000000 0.0030244 0.0036385 0.0000000 0.0114818 0.0971679
122 P 122 0.0087813 0.0513105 0.0312352 0.0190012 0.0043208 0.0157776 0.0768114 0.0027251 0.0047281 0.0156652 0.0345954 0.0429160 0.0687677 0.0152028 0.5258607 0.0224441 0.0144279 0.0000000 0.0359762 0.0094527
123 T 123 0.1052734 0.0410959 0.0114561 0.1186761 0.0000000 0.1384701 0.1411329 0.0300688 0.0023925 0.0084802 0.0178784 0.1444442 0.0028354 0.0036934 0.0881538 0.0953075 0.0330155 0.0000000 0.0000000 0.0176257
124 E 124 0.0231227 0.0104672 0.0096879 0.1318985 0.0000000 0.0290341 0.3473545 0.0334591 0.0053870 0.0000000 0.0000000 0.1297482 0.0000000 0.0066174 0.0331754 0.0704804 0.0150779 0.1190072 0.0102317 0.0252509
125 E 125 0.0129837 0.0289796 0.0112937 0.0932797 0.0000000 0.0304410 0.3845793 0.0066925 0.0153578 0.0546766 0.0614103 0.1139157 0.0139990 0.0063346 0.0984020 0.0293304 0.0090068 0.0097288 0.0092653 0.0103234
126 S 126 0.1239693 0.0285844 0.0363802 0.0678795 0.0000000 0.0682290 0.1294810 0.0174427 0.0050627 0.0234736 0.0569720 0.0402705 0.0113707 0.0083908 0.1139681 0.1285196 0.0672305 0.0047498 0.0179564 0.0500692
127 G 127 0.1140173 0.0236903 0.0198158 0.0316354 0.0056840 0.0268408 0.1999540 0.0427423 0.0079102 0.0140586 0.0239819 0.1255757 0.0170113 0.0210347 0.0590631 0.0867487 0.0598933 0.0088486 0.0071971 0.1042968
128 R 128 0.0295764 0.1406331 0.0145080 0.0206437 0.0000000 0.0290713 0.0788136 0.0058173 0.0363374 0.0453179 0.0984336 0.1416330 0.0687099 0.0000000 0.1378114 0.0495470 0.0298532 0.0000000 0.0037945 0.0694988
129 G 129 0.0750638 0.0627009 0.0186964 0.0553333 0.0243776 0.0445264 0.1504274 0.0978161 0.0169239 0.0200974 0.0239142 0.0778924 0.0062372 0.0104909 0.1321682 0.0876073 0.0591937 0.0000000 0.0037734 0.0327595
130 G 130 0.0419880 0.0860304 0.0494221 0.0689407 0.0000000 0.0483630 0.0799319 0.1192123 0.0233038 0.0102990 0.0102694 0.1042125 0.0020968 0.0026736 0.1603322 0.1082298 0.0448371 0.0000000 0.0000000 0.0398574
131 G 131 0.0515112 0.0630320 0.0507089 0.0440243 0.0037733 0.0762754 0.1035277 0.0878261 0.0157944 0.0083380 0.0191084 0.1430468 0.0202135 0.0000000 0.1392918 0.0556201 0.0403883 0.0000000 0.0000000 0.0775199
132 G 132 0.0853995 0.0652928 0.0271633 0.0526307 0.0000000 0.0467419 0.1321211 0.0883879 0.0052469 0.0071600 0.0141243 0.1331916 0.0043975 0.0000000 0.1367431 0.0861931 0.0606145 0.0000000 0.0113916 0.0432003
133 G 133 0.1228904 0.0726113 0.0276969 0.0671619 0.0000000 0.0179680 0.0853430 0.0803115 0.0079913 0.0133192 0.0095712 0.2052586 0.0108426 0.0171321 0.0844171 0.1068721 0.0444795 0.0000000 0.0000000 0.0261334
134 G 134 0.0967291 0.0928213 0.0114717 0.0437978 0.0000000 0.0112611 0.1043204 0.0743113 0.0144490 0.0351182 0.0235617 0.1891453 0.0000000 0.0000000 0.0688505 0.1653860 0.0521915 0.0000000 0.0040343 0.0125507
135 L 135 0.1454937 0.1006264 0.0175335 0.0507008 0.0000000 0.0392500 0.0449044 0.0851293 0.0097221 0.0498499 0.0574257 0.1299290 0.0186359 0.0042685 0.0451030 0.0721080 0.0360837 0.0000000 0.0000000 0.0932358
136 G 136 0.1012304 0.0619545 0.0307539 0.0101315 0.0000000 0.0450042 0.0606141 0.1544257 0.0101606 0.0000000 0.0043482 0.1820730 0.0000000 0.0000000 0.0340624 0.2331430 0.0568915 0.0000000 0.0000000 0.0152070
137 G 137 0.0517516 0.0672764 0.0409548 0.0513988 0.0000000 0.0371254 0.0649436 0.2324760 0.0350285 0.0000000 0.0126767 0.1374653 0.0107223 0.0000000 0.0308191 0.1325940 0.0803493 0.0000000 0.0064091 0.0080093
138 G 138 0.1136276 0.1243325 0.0421079 0.0444419 0.0000000 0.0302735 0.0155511 0.1471354 0.0104529 0.0055571 0.0060121 0.1857729 0.0000000 0.0000000 0.0436450 0.1530308 0.0423311 0.0000000 0.0167551 0.0189732
139 G 139 0.0797565 0.0198258 0.0855403 0.0176179 0.0000000 0.0885578 0.0130360 0.1258599 0.0000000 0.0000000 0.0219269 0.2308631 0.0000000 0.0000000 0.0215800 0.1701602 0.0923326 0.0000000 0.0000000 0.0329430
140 A 140 0.2994288 0.0000000 0.0280718 0.0000000 0.0000000 0.0081855 0.0136452 0.0665544 0.0249748 0.0177642 0.0099754 0.0320950 0.0000000 0.0000000 0.1257669 0.2732512 0.0739208 0.0000000 0.0000000 0.0263661
141 G 141 0.1733231 0.0000000 0.0860036 0.0000000 0.0000000 0.0000000 0.0000000 0.3995002 0.0000000 0.0000000 0.0000000 0.0000000 0.0000000 0.0000000 0.0000000 0.3411731 0.0000000 0.0000000 0.0000000 0.0000000
