  141         A         R         N         D         C         Q         E         G         H         I         L         K         M         F         P         S         T         W         Y         V         X    
  1 N   1 0.0000000 0.0000000 0.0522020 0.0000000 0.0000000 0.0000000 0.0000000 0.0000000 0.0497538 0.0000000 0.0000000 0.0000000 0.0000000 0.0000000 0.0000000 0.0134008 0.0000000 0.0000000 0.0000000 0.0000000 0.8846434
  2 P   2 0.0069629 0.0037384 0.0000000 0.0000000 0.0000000 0.0025470 0.0019597 0.0000000 0.0000000 0.0000000 0.0016382 0.0024437 0.0000000 0.0000000 0.2120821 0.0012874 0.0000000 0.0000000 0.0000000 0.0011707 0.7661699
  3 P   3 0.0031526 0.0020972 0.0008160 0.0305282 0.0000000 0.0106221 0.0089325 0.0022029 0.0000000 0.0026224 0.0012054 0.0123386 0.0020737 0.0000000 0.1958151 0.0055134 0.0114146 0.0000000 0.0000000 0.0000000 0.7106655
  4 P   4 0.0045760 0.0039828 0.0023608 0.0000000 0.0000000 0.0099886 0.0391152 0.0118139 0.0000000 0.0000000 0.0031606 0.0723936 0.0023572 0.0027775 0.1710407 0.1034489 0.0080310 0.0000000 0.0000000 0.0044110 0.5605422
  5 P   5 0.0154396 0.0212325 0.0106956 0.0047957 0.0000000 0.0288205 0.0243365 0.0020092 0.0000000 0.0013404 0.0113994 0.0462981 0.0017930 0.0000000 0.2632990 0.0271945 0.0149662 0.0000000 0.0000000 0.0062350 0.5201450
  6 E   6 0.0272367 0.0368573 0.0062481 0.0769639 0.0000000 0.0348065 0.0940940 0.0145514 0.0118250 0.0040150 0.0142576 0.0477425 0.0086210 0.0105346 0.0112792 0.0648236 0.0194565 0.0000000 0.0111168 0.0417876 0.4637825
  7 T   7 0.0266038 0.0319860 0.0144813 0.0489186 0.0023284 0.0227886 0.0232020 0.0248743 0.0205173 0.0104344 0.0338035 0.0319420 0.0618224 0.0070271 0.0246217 0.0624023 0.0373800 0.0000000 0.0234051 0.0460580 0.4454033
  8 S   8 0.0244849 0.0243900 0.0319320 0.0445779 0.0024729 0.0130557 0.0196675 0.0177382 0.0179786 0.0324419 0.0370477 0.0372196 0.0029486 0.0000000 0.0994265 0.0897198 0.0320080 0.0007604 0.0079853 0.0267924 0.4373521
  9 N   9 0.0297439 0.0589839 0.0894749 0.0333459 0.0014914 0.0354597 0.0623986 0.0088400 0.0024305 0.0022697 0.0265703 0.0353330 0.0022303 0.0026732 0.0488190 0.0567094 0.0307189 0.0000000 0.0316242 0.0114935 0.4293895
 10 P  10 0.0376003 0.0298990 0.0070378 0.0127568 0.0069803 0.0035559 0.0138662 0.0036174 0.0016198 0.0024340 0.0628432 0.0756221 0.0008219 0.0012106 0.1834179 0.0782281 0.0351510 0.0012575 0.0033029 0.0261130 0.4126644
 11 N  11 0.0502324 0.0716102 0.0583393 0.0267963 0.0000000 0.0211888 0.0160939 0.0747410 0.0100084 0.0049010 0.0156509 0.0800213 0.0035091 0.0017254 0.0499846 0.0692704 0.0375479 0.0000000 0.0029840 0.0159999 0.3893951
 12 K  12 0.0252948 0.1471411 0.0098979 0.0157703 0.0014914 0.0259208 0.0303707 0.0088493 0.0033698 0.0017056 0.0149768 0.2514520 0.0131614 0.0029609 0.0154074 0.0313631 0.0252154 0.0024614 0.0000000 0.0043889 0.3688011
 13 P  13 0.0275286 0.0600641 0.0401514 0.0105944 0.0024465 0.0270987 0.0590412 0.0108378 0.0125217 0.0037801 0.0036458 0.1008726 0.0066819 0.0008749 0.1874871 0.0622050 0.0219473 0.0018073 0.0035295 0.0098259 0.3470583
 14 K  14 0.0172563 0.0650448 0.0094935 0.0132242 0.0009460 0.0101664 0.0175894 0.1562273 0.0029519 0.0234712 0.0227005 0.1529628 0.0095122 0.0065907 0.0760626 0.0394542 0.0352510 0.0000000 0.0013849 0.0209910 0.3187191
 15 R  15 0.0098711 0.2569926 0.0099020 0.0030494 0.0082806 0.0172705 0.0206792 0.0113139 0.0025907 0.0151897 0.0154412 0.1619060 0.0121742 0.0326054 0.0364467 0.0299964 0.0217335 0.0042962 0.0138787 0.0088917 0.3074902
 16 Q  16 0.0162163 0.0511636 0.0221905 0.0354853 0.0025309 0.0429310 0.0270576 0.0257674 0.0455345 0.0121261 0.1236631 0.1023830 0.0650734 0.0041548 0.0280793 0.0280630 0.0386266 0.0030643 0.0209605 0.0394206 0.2655082
 17 T  17 0.0306949 0.0312672 0.0152067 0.0279788 0.0000000 0.0410780 0.0201933 0.0256096 0.0082538 0.0106930 0.0562440 0.0620766 0.0097713 0.0023572 0.0878070 0.0786315 0.2460493 0.0000000 0.0030694 0.0065920 0.2364262
 18 N  18 0.0271979 0.0300578 0.1626103 0.0782457 0.0023135 0.0274999 0.1237862 0.0195707 0.0493539 0.0049825 0.0055118 0.0895638 0.0018497 0.0098488 0.0536997 0.0483920 0.0298026 0.0026247 0.0116837 0.0051764 0.2162284
 19 Q  19 0.0307437 0.0146102 0.0290469 0.0625058 0.0041710 0.2311148 0.1507433 0.0092418 0.0131358 0.0108490 0.0111005 0.0746325 0.0094824 0.0019806 0.0617643 0.0319310 0.0080363 0.0000000 0.0059499 0.0243335 0.2146267
 20 L  20 0.0366853 0.0062823 0.0103771 0.0736741 0.0112583 0.0538080 0.0223794 0.0035240 0.0031904 0.0190392 0.3778003 0.0152516 0.0291497 0.0193407 0.0022717 0.0036855 0.0092687 0.0615659 0.0061770 0.0248021 0.2104689
 21 Q  21 0.0114946 0.0887596 0.0192559 0.0213784 0.0035258 0.1320040 0.0447659 0.0000000 0.0578370 0.0137535 0.0825152 0.1436313 0.0670552 0.0287550 0.0000000 0.0170738 0.0158672 0.0014689 0.0775228 0.0079244 0.1654117
 22 Y  22 0.0455224 0.1130652 0.0422430 0.0262012 0.0000000 0.0307972 0.0622300 0.0093991 0.0376619 0.0109564 0.0044392 0.2527307 0.0032657 0.0421075 0.0015234 0.0233632 0.0359765 0.0035047 0.1192108 0.0149184 0.1208833
 23 L  23 0.1091632 0.0188140 0.0104450 0.0058343 0.0138322 0.0916343 0.0205755 0.0217104 0.0196586 0.0473734 0.1460374 0.0499870 0.0232855 0.1541368 0.0080339 0.0408413 0.0292191 0.0010898 0.0179501 0.0207668 0.1496113
 24 L  24 0.0190164 0.0072308 0.0027863 0.0000000 0.4179186 0.0509089 0.0033368 0.0000000 0.0076302 0.0478642 0.2581902 0.0124943 0.0721675 0.0208597 0.0000000 0.0037958 0.0000000 0.0000000 0.0030822 0.0099824 0.0627356
 25 R  25 0.0403125 0.1288926 0.0740617 0.0159375 0.0000000 0.0686125 0.0971436 0.0318993 0.0163108 0.0078645 0.0648433 0.1938303 0.0418900 0.0058842 0.0000000 0.0826013 0.0219867 0.0031794 0.0362810 0.0223579 0.0461109
 26 V  26 0.0723520 0.0813024 0.0565612 0.0347072 0.0014790 0.0626513 0.1129150 0.0487116 0.0329369 0.0223810 0.0135614 0.0852508 0.0108202 0.0107008 0.0441738 0.0785140 0.1001132 0.0000000 0.0108833 0.0720513 0.0479335
 27 V  27 0.0230673 0.0036462 0.0000000 0.0000000 0.0078842 0.0012979 0.0000000 0.0044509 0.0000000 0.2765018 0.2699122 0.0011551 0.0131998 0.0176260 0.0000000 0.0101752 0.0524745 0.0000000 0.0000000 0.2763936 0.0422152
 28 L  28 0.0000000 0.0015420 0.0024541 0.0000000 0.0000000 0.0009269 0.0000000 0.0000000 0.0086713 0.1170706 0.6531059 0.0016424 0.0449314 0.0193692 0.0000000 0.0000000 0.0028516 0.0070959 0.0015384 0.0766233 0.0621770
 29 K  29 0.0407379 0.0828555 0.1124676 0.1117735 0.0013430 0.0478813 0.0913133 0.0122013 0.0043124 0.0043076 0.0199036 0.2985785 0.0132870 0.0000000 0.0049685 0.0515244 0.0581279 0.0000000 0.0024246 0.0079798 0.0340122
 30 T  30 0.1003490 0.0600807 0.0302816 0.0526902 0.0038871 0.1063927 0.2342034 0.0213783 0.0042597 0.0044178 0.0323877 0.1067774 0.0070095 0.0155740 0.0058619 0.0955989 0.0429121 0.0000000 0.0115537 0.0281961 0.0361880
 31 L  31 0.0191938 0.0000000 0.0000000 0.0000000 0.0017071 0.0000000 0.0000000 0.0000000 0.0000000 0.1208784 0.5622194 0.0013324 0.1259198 0.0081133 0.0000000 0.0018824 0.0081328 0.0000000 0.0000000 0.1152190 0.0354016
 32 W  32 0.0149122 0.0463765 0.0111577 0.0065618 0.0162068 0.0993339 0.0409573 0.0026218 0.0243223 0.0201880 0.0702118 0.1793949 0.1405679 0.0815902 0.0019983 0.0204279 0.0261818 0.1076785 0.0429250 0.0174491 0.0289362
 33 K  33 0.0787860 0.1344449 0.1045819 0.0314994 0.0184037 0.0569673 0.0222690 0.0129272 0.0112582 0.0025514 0.0102495 0.2621772 0.0027824 0.0000000 0.0000000 0.1650273 0.0477743 0.0000000 0.0020372 0.0076837 0.0285793
 34 H  34 0.0016130 0.0154287 0.0428486 0.0103933 0.0273249 0.0653308 0.0081075 0.0154756 0.4526746 0.0071602 0.0713460 0.1595052 0.0130200 0.0017029 0.0120735 0.0226243 0.0223372 0.0000000 0.0127892 0.0102172 0.0280275
 35 Q  35 0.0401385 0.0517967 0.0236064 0.1054938 0.0000000 0.0963246 0.0932544 0.0065641 0.0346805 0.0051945 0.0000000 0.3426472 0.0013606 0.0009942 0.1094353 0.0451967 0.0105940 0.0000000 0.0000000 0.0046909 0.0280275
 36 F  36 0.0355815 0.0051451 0.0204400 0.1828731 0.0113173 0.0189386 0.0511194 0.0240193 0.1480261 0.0484043 0.0269145 0.0085537 0.0237349 0.1177328 0.0047203 0.0735975 0.0290413 0.0299037 0.0908399 0.0185767 0.0305199
 37 A  37 0.4959311 0.0000000 0.0119581 0.0000000 0.0066678 0.0017945 0.0000000 0.0820395 0.0041590 0.0000000 0.0000000 0.0015449 0.0000000 0.0144833 0.0000000 0.2936051 0.0123948 0.0000000 0.0324626 0.0126562 0.0303032
 38 W  38 0.0411734 0.0307419 0.0066856 0.0080312 0.0000000 0.0162088 0.0526964 0.0386077 0.0126708 0.0271646 0.0566914 0.0157134 0.0054802 0.0321490 0.0065226 0.0224758 0.0090201 0.5228511 0.0386320 0.0266919 0.0297922
 39 P  39 0.0486137 0.0000000 0.0058489 0.0129628 0.0009138 0.0020605 0.0048622 0.0000000 0.0085083 0.0438536 0.0254271 0.0000000 0.0067519 0.0304263 0.6788769 0.0000000 0.0019673 0.0125141 0.0043801 0.0822404 0.0297922
 40 F  40 0.0000000 0.0000000 0.0000000 0.0000000 0.0000000 0.0000000 0.0000000 0.0000000 0.0000000 0.0000000 0.0023066 0.0000000 0.0000000 0.9587033 0.0000000 0.0000000 0.0000000 0.0000000 0.0138190 0.0000000 0.0251711
 41 Q  41 0.0505981 0.1586782 0.0693856 0.0055427 0.0045591 0.0630827 0.0082612 0.0013643 0.0425315 0.0189703 0.2760071 0.0481241 0.0662299 0.0021879 0.0000000 0.0205197 0.0133623 0.0000000 0.1045589 0.0219762 0.0240601
 42 Q  42 0.0588544 0.0455672 0.0418024 0.0484666 0.0000000 0.1630044 0.2460323 0.0122537 0.0398476 0.0070738 0.0443158 0.1413354 0.0044507 0.0099008 0.0000000 0.0250348 0.0335405 0.0000000 0.0162194 0.0382400 0.0240601
 43 P  43 0.0109749 0.0062236 0.0000000 0.0000000 0.0000000 0.0020992 0.0024035 0.0000000 0.0000000 0.0000000 0.0035466 0.0040777 0.0000000 0.0000000 0.9334373 0.0093195 0.0038576 0.0000000 0.0000000 0.0000000 0.0240601
 44 V  44 0.0068673 0.0000000 0.0000000 0.0000000 0.0000000 0.0000000 0.0056041 0.0000000 0.0000000 0.0034169 0.0016760 0.0000000 0.0000000 0.0000000 0.0000000 0.0000000 0.0000000 0.0000000 0.0000000 0.9583756 0.0240601
 45 D  45 0.0066816 0.0009276 0.1233700 0.7517233 0.0000000 0.0025837 0.0072703 0.0000000 0.0000000 0.0030386 0.0017075 0.0018207 0.0000000 0.0000000 0.0102855 0.0189345 0.0000000 0.0000000 0.0030214 0.0000000 0.0686354
 46 A  46 0.1779991 0.0009281 0.0023797 0.0015562 0.0016382 0.0057005 0.0060254 0.0015078 0.0053276 0.0194090 0.0726752 0.0041431 0.0012305 0.0000000 0.3400796 0.0127733 0.0613915 0.0096547 0.0088143 0.0960960 0.1706702
 47 V  47 0.0319756 0.0119578 0.0112022 0.0213638 0.0110502 0.0410701 0.1117727 0.0013870 0.0036081 0.0667122 0.0204583 0.1229137 0.0021347 0.0013639 0.0016215 0.0381206 0.0377939 0.0028274 0.0020484 0.2825950 0.1760228
 48 K  48 0.2326747 0.0717864 0.0016613 0.0050262 0.0000000 0.0308734 0.0491559 0.0418041 0.0013028 0.0038649 0.0713313 0.2398613 0.0062182 0.0034208 0.0028274 0.0287174 0.0243243 0.0152980 0.0027913 0.0140555 0.1530047
 49 L  49 0.0064272 0.0238587 0.0344951 0.1003290 0.0018551 0.0128996 0.0217734 0.0000000 0.0059081 0.0022645 0.4992573 0.0052950 0.0225684 0.0351666 0.0206809 0.0292937 0.0090322 0.0084478 0.0051515 0.0018446 0.1534515
 50 N  50 0.0110189 0.0043095 0.2142696 0.0513870 0.0101389 0.0428139 0.1742109 0.2454910 0.0178565 0.0090811 0.0086517 0.0411467 0.0063231 0.0030214 0.0000000 0.0157736 0.0030726 0.0000000 0.0257068 0.0010825 0.1146443
 51 L  51 0.1091066 0.0000000 0.0000000 0.0000000 0.0241243 0.0000000 0.0000000 0.0000000 0.0111906 0.2379544 0.2803491 0.0000000 0.0000000 0.0068986 0.0013964 0.0000000 0.0000000 0.0028274 0.0543043 0.2090965 0.0627517
 52 P  52 0.0152215 0.0000000 0.0000000 0.0041581 0.0000000 0.0011349 0.0090497 0.0095652 0.1045984 0.0021356 0.0137493 0.0038949 0.0000000 0.0011465 0.7398487 0.0155673 0.0141804 0.0085881 0.0056841 0.0062770 0.0452003
 53 D  53 0.0027056 0.0068260 0.0752362 0.6040704 0.0000000 0.0066114 0.0295527 0.0382336 0.0246658 0.0000000 0.0094621 0.0138680 0.0112906 0.0131535 0.0000000 0.0206992 0.0969456 0.0000000 0.0011877 0.0000000 0.0454916
 54 Y  54 0.0000000 0.0000000 0.0000000 0.0000000 0.0030386 0.0000000 0.0000000 0.0000000 0.0038864 0.0000000 0.0000000 0.0068673 0.0000000 0.0000000 0.0000000 0.0000000 0.0000000 0.0000000 0.9503460 0.0000000 0.0358617
 55 Y  55 0.0193402 0.0490148 0.0104262 0.0000000 0.0323446 0.0000000 0.0000000 0.0000000 0.1817604 0.0013332 0.0482092 0.0226423 0.0000000 0.1940086 0.0553609 0.0186373 0.0000000 0.0000000 0.3263818 0.0046789 0.0358617
 56 K  56 0.0260207 0.0176822 0.0676471 0.2907928 0.0000000 0.0792011 0.1287521 0.0151320 0.0065385 0.0024703 0.0073066 0.1487077 0.0037405 0.0050533 0.0000000 0.0508587 0.1076388 0.0000000 0.0035137 0.0030823 0.0358617
 57 I  57 0.0038567 0.0115330 0.0000000 0.0000000 0.0017162 0.0000000 0.0128979 0.0000000 0.0165096 0.5074077 0.0060788 0.0358689 0.0022381 0.0275740 0.0000000 0.0014270 0.0056170 0.0000000 0.0317630 0.3077013 0.0278109
 58 I  58 0.0056041 0.0000000 0.0000000 0.0000000 0.0000000 0.0000000 0.0000000 0.0000000 0.0000000 0.7664756 0.0000000 0.0000000 0.0000000 0.0000000 0.0000000 0.0000000 0.0086984 0.0000000 0.0000000 0.1914111 0.0278109
 59 K  59 0.0374300 0.0374745 0.0038460 0.0403364 0.0014689 0.0173298 0.0525070 0.0000000 0.0050670 0.0015660 0.0032127 0.6699647 0.0018804 0.0000000 0.0127680 0.0242685 0.0574623 0.0000000 0.0000000 0.0024159 0.0310018
 60 T  60 0.0059061 0.1006841 0.1437309 0.0317277 0.0188840 0.0700695 0.0902513 0.0000000 0.1551900 0.0065986 0.0008546 0.1608656 0.0000000 0.0180274 0.0000000 0.0302290 0.0706144 0.0000000 0.0610476 0.0043172 0.0310018
 61 P  61 0.0117524 0.0043106 0.0000000 0.0000000 0.0000000 0.0000000 0.0046211 0.0000000 0.0000000 0.0000000 0.0000000 0.0000000 0.0014588 0.0000000 0.9470580 0.0012215 0.0000000 0.0000000 0.0000000 0.0017668 0.0278109
 62 M  62 0.0037144 0.0124666 0.0000000 0.0000000 0.0000000 0.0000000 0.0000000 0.0000000 0.0000000 0.0481276 0.0020737 0.0000000 0.8527155 0.0000000 0.0000000 0.0017400 0.0408140 0.0000000 0.0000000 0.0107297 0.0276186
 63 D  63 0.0021597 0.0000000 0.0000000 0.9513055 0.0033698 0.0000000 0.0000000 0.0000000 0.0016579 0.0000000 0.0000000 0.0000000 0.0000000 0.0000000 0.0000000 0.0043041 0.0000000 0.0059302 0.0000000 0.0000000 0.0312729
 64 M  64 0.0000000 0.0000000 0.0000000 0.0000000 0.0000000 0.0000000 0.0000000 0.0000000 0.0000000 0.0441308 0.7022525 0.0000000 0.0681522 0.1350907 0.0038864 0.0000000 0.0000000 0.0000000 0.0034795 0.0110788 0.0319291
 65 G  65 0.0425636 0.0289886 0.0188422 0.0011264 0.0010799 0.0370664 0.0125179 0.3640848 0.0079888 0.0000000 0.0038752 0.0553633 0.0016974 0.0021249 0.0008080 0.3530675 0.0250202 0.0000000 0.0125120 0.0000000 0.0312729
 66 T  66 0.0040870 0.0061101 0.0019549 0.0021249 0.0032792 0.0044007 0.0012964 0.0024924 0.0000000 0.0078475 0.0243033 0.0125496 0.0018163 0.0000000 0.0000000 0.0233396 0.8691814 0.0010246 0.0000000 0.0029193 0.0312729
 67 I  67 0.0022488 0.0000000 0.0000000 0.0000000 0.0017324 0.0000000 0.0000000 0.0000000 0.0000000 0.5482270 0.0075190 0.0000000 0.2230624 0.0000000 0.0000000 0.0000000 0.0000000 0.0000000 0.0000000 0.1859375 0.0312729
 68 K  68 0.0125852 0.1630467 0.0023826 0.0107433 0.0018954 0.0486240 0.2128089 0.0236076 0.0060752 0.0102692 0.0104643 0.3926442 0.0076969 0.0000000 0.0000000 0.0349052 0.0208051 0.0038619 0.0032872 0.0030243 0.0312729
 69 K  69 0.0351933 0.1258840 0.0666008 0.0220656 0.0015601 0.0419945 0.1250486 0.0151916 0.0066123 0.0091491 0.0131717 0.3166690 0.0166541 0.0037618 0.0000000 0.1057536 0.0430788 0.0000000 0.0060479 0.0113839 0.0341794
 70 R  70 0.0009701 0.2996442 0.0526721 0.0096255 0.0000000 0.0092508 0.0013319 0.0012217 0.0017735 0.0000000 0.0026378 0.5677425 0.0000000 0.0000000 0.0000000 0.0025503 0.0164002 0.0000000 0.0000000 0.0000000 0.0341794
 71 L  71 0.0017564 0.0000000 0.0023611 0.0000000 0.0038992 0.0016677 0.0000000 0.0000000 0.0065421 0.0615235 0.7252408 0.0000000 0.0937800 0.0234607 0.0000000 0.0000000 0.0017935 0.0016624 0.0000000 0.0452727 0.0310400
 72 E  72 0.0452963 0.0643875 0.1014286 0.1641958 0.0028025 0.0612911 0.2870287 0.0135325 0.0153024 0.0082069 0.0305070 0.0834555 0.0047802 0.0000000 0.0000000 0.0298949 0.0325704 0.0000000 0.0043602 0.0199197 0.0310400
 73 N  73 0.0905454 0.0329805 0.3211287 0.0480982 0.0067600 0.0327718 0.0341526 0.0596026 0.0250641 0.0009087 0.0158793 0.0917426 0.0130932 0.0025820 0.0007977 0.1226686 0.0470099 0.0000000 0.0045741 0.0154604 0.0341794
 74 N  74 0.0056221 0.1275090 0.1871870 0.0698290 0.0037077 0.0201031 0.0087086 0.3194522 0.0243850 0.0054579 0.0192624 0.0844745 0.0011514 0.0148132 0.0035793 0.0315090 0.0068107 0.0114239 0.0086869 0.0068362 0.0394907
 75 Y  75 0.0618345 0.0281572 0.0284800 0.0329741 0.0033346 0.1385312 0.1589056 0.0202447 0.0234698 0.0075906 0.0489601 0.0708415 0.0144835 0.0530935 0.0000000 0.0366610 0.0190536 0.0094360 0.1666354 0.0370360 0.0402771
 76 Y  76 0.0000000 0.0000000 0.0000000 0.0000000 0.0013617 0.0000000 0.0000000 0.0000000 0.0038864 0.0052311 0.0027824 0.0000000 0.0000000 0.0066260 0.0000000 0.0000000 0.0000000 0.0000000 0.9431474 0.0000000 0.0369650
 77 W  77 0.0677800 0.1083906 0.0307291 0.0314247 0.0163413 0.0619568 0.1042161 0.0114941 0.0329297 0.0095258 0.0194336 0.1474619 0.0049515 0.0066577 0.0419024 0.0688417 0.0906303 0.0599332 0.0096569 0.0387778 0.0369650
 78 N  78 0.0140036 0.0410969 0.1238703 0.1241878 0.0135536 0.0103805 0.0296802 0.0146735 0.0113873 0.0079069 0.0042366 0.0461995 0.0031418 0.0017890 0.0000000 0.2807919 0.2266846 0.0017421 0.0024232 0.0026409 0.0396097
 79 A  79 0.2030701 0.0416236 0.0069468 0.0045434 0.0046685 0.0000000 0.0191266 0.0144030 0.0108835 0.0626906 0.1058823 0.0616423 0.0354505 0.0221471 0.2330588 0.0373608 0.0169922 0.0000000 0.0013247 0.0785756 0.0396097
 80 Q  80 0.0506656 0.0452847 0.0246072 0.0994465 0.0019555 0.1119957 0.2222498 0.0305766 0.0107595 0.0045719 0.0294367 0.1121031 0.0118163 0.0075624 0.0055117 0.1068202 0.0269048 0.0403321 0.0077995 0.0099907 0.0396097
 81 E  81 0.0698985 0.0010596 0.0029779 0.1696571 0.0000000 0.1284258 0.4764886 0.0181544 0.0041434 0.0043096 0.0315250 0.0062341 0.0138570 0.0000000 0.0000000 0.0212225 0.0090677 0.0000000 0.0000000 0.0020504 0.0409284
 82 C  82 0.0241315 0.0000000 0.0000000 0.0000000 0.0810999 0.0000000 0.0000000 0.0000000 0.0000000 0.0361137 0.0782869 0.0000000 0.0144555 0.6176024 0.0000000 0.0019046 0.0046565 0.0088340 0.0347560 0.0585493 0.0396097
 83 I  83 0.2203707 0.0123899 0.0030916 0.0104905 0.0453426 0.0108267 0.0878556 0.0082433 0.0044826 0.1702790 0.0502348 0.0383605 0.0585329 0.0137880 0.0000000 0.0119216 0.0134937 0.0034611 0.0187155 0.1692865 0.0488330
 84 Q  84 0.2909767 0.0440569 0.0479261 0.1358091 0.0045250 0.0615393 0.0736398 0.0253944 0.0143552 0.0050157 0.0125692 0.0753354 0.0018459 0.0019739 0.0012163 0.0805928 0.0299786 0.0220892 0.0185167 0.0110062 0.0416377
 85 D  85 0.0014568 0.0000000 0.0022012 0.9177050 0.0000000 0.0000000 0.0310974 0.0000000 0.0059939 0.0000000 0.0034312 0.0027824 0.0000000 0.0000000 0.0000000 0.0000000 0.0000000 0.0000000 0.0000000 0.0000000 0.0353321
 86 F  86 0.0519625 0.0000000 0.0000000 0.0000000 0.0128076 0.0000000 0.0000000 0.0000000 0.0000000 0.1071523 0.0743679 0.0000000 0.1173475 0.1887372 0.0000000 0.0011387 0.0041828 0.0000000 0.0039934 0.4061172 0.0321927
 87 N  87 0.0089321 0.4187777 0.1481923 0.0360396 0.0007039 0.0448100 0.0481923 0.0015821 0.0097462 0.0051532 0.0196783 0.1059241 0.0198433 0.0236208 0.0000000 0.0085960 0.0311552 0.0350430 0.0017998 0.0061567 0.0260534
 88 T  88 0.0034947 0.0463790 0.0010100 0.0000000 0.0022622 0.0537758 0.0000000 0.0000000 0.0000000 0.0068217 0.6865103 0.0265181 0.0073219 0.0000000 0.0000000 0.0075504 0.0918941 0.0000000 0.0338465 0.0065619 0.0260534
 89 M  89 0.0000000 0.0000000 0.0000000 0.0000000 0.0000000 0.0000000 0.0000000 0.0000000 0.0000000 0.3378848 0.0357953 0.0000000 0.3544716 0.0000000 0.0000000 0.0000000 0.0799293 0.0000000 0.0000000 0.1652093 0.0267097
 90 F  90 0.0126830 0.0016370 0.0000000 0.0000000 0.0191447 0.0000000 0.0214629 0.0020122 0.0000000 0.0571482 0.0332675 0.0000000 0.0018459 0.7034698 0.0000000 0.0014952 0.0042112 0.0266612 0.0121375 0.0767702 0.0260534
 91 T  91 0.0451367 0.0593799 0.1062934 0.1624056 0.0000000 0.0464888 0.0637711 0.0066003 0.0345696 0.0067488 0.0081265 0.0791057 0.0243263 0.0023241 0.0000000 0.1873729 0.1327363 0.0091833 0.0028284 0.0007440 0.0218583
 92 N  92 0.0000000 0.0000000 0.9671217 0.0022765 0.0000000 0.0000000 0.0000000 0.0000000 0.0000000 0.0000000 0.0000000 0.0000000 0.0000000 0.0000000 0.0000000 0.0056041 0.0000000 0.0000000 0.0000000 0.0000000 0.0249977
 93 C  93 0.2642690 0.0000000 0.0000000 0.0000000 0.6398897 0.0000000 0.0000000 0.0053619 0.0000000 0.0000000 0.0000000 0.0000000 0.0000000 0.0000000 0.0000000 0.0534665 0.0097850 0.0000000 0.0000000 0.0022303 0.0249977
 94 Y  94 0.0265730 0.1919797 0.0035612 0.0064797 0.0079731 0.0152123 0.0452075 0.0009222 0.0081470 0.0426436 0.0521691 0.0718311 0.1003998 0.0549619 0.0000000 0.0060875 0.0032689 0.0397769 0.2781763 0.0227710 0.0218583
 95 I  95 0.0518300 0.0399798 0.0142770 0.0019272 0.0042704 0.0488240 0.0322473 0.0018311 0.0040870 0.0552109 0.1526785 0.2296056 0.0141947 0.0056912 0.0008479 0.0245667 0.2278290 0.0000000 0.0248847 0.0433588 0.0218583
 96 Y  96 0.0000000 0.0087570 0.0000000 0.0000000 0.0024467 0.0000000 0.0000000 0.0000000 0.0090729 0.0000000 0.0000000 0.0000000 0.0000000 0.3214926 0.0000000 0.0000000 0.0000000 0.0000000 0.6332329 0.0000000 0.0249977
 97 N  97 0.0000000 0.0000000 0.9318736 0.0041951 0.0000000 0.0000000 0.0000000 0.0000000 0.0019349 0.0000000 0.0000000 0.0000000 0.0000000 0.0000000 0.0000000 0.0022198 0.0202956 0.0144833 0.0000000 0.0000000 0.0249977
 98 K  98 0.0540486 0.0551626 0.0413776 0.0280508 0.0000000 0.0254567 0.1007648 0.1636761 0.0066747 0.0147513 0.0097801 0.0997700 0.0055115 0.0000000 0.2804732 0.0660517 0.0138381 0.0000000 0.0067719 0.0028424 0.0249977
 99 P  99 0.0572600 0.0184580 0.0113269 0.0856070 0.0000000 0.0102314 0.1416585 0.0000000 0.0036265 0.0067533 0.0126013 0.1397301 0.0000000 0.0000000 0.4128518 0.0447601 0.0124261 0.0000000 0.0000000 0.0265535 0.0161556
100 G 100 0.0247568 0.0325827 0.0479903 0.2475693 0.0000000 0.0196318 0.1042123 0.2792150 0.0326963 0.0009309 0.0016141 0.0171093 0.0021655 0.0033405 0.0034687 0.0578980 0.1010461 0.0025101 0.0036249 0.0014818 0.0161556
101 D 101 0.0248265 0.0013366 0.0681312 0.1380774 0.0000000 0.0225141 0.0347165 0.0000000 0.1544278 0.0000000 0.0036545 0.0000000 0.0000000 0.0000000 0.0058017 0.3375963 0.1796824 0.0000000 0.0098298 0.0000000 0.0194051
102 D 102 0.0268498 0.0530124 0.0118106 0.2709027 0.0031801 0.0209136 0.1571468 0.0207418 0.0039051 0.0623217 0.0209531 0.0229855 0.0108256 0.0154503 0.1558492 0.0230955 0.0167684 0.0088589 0.0160904 0.0613924 0.0169462
103 I 103 0.0105505 0.0000000 0.0000000 0.0000000 0.0043035 0.0000000 0.0032860 0.0020372 0.0000000 0.2234512 0.0131628 0.0000000 0.0146565 0.0411597 0.0085490 0.0000000 0.0090254 0.0020430 0.1376666 0.5131625 0.0169462
104 V 104 0.0818480 0.0141057 0.0303754 0.0000000 0.0162146 0.0000000 0.0039719 0.0641117 0.1186327 0.0053889 0.0034795 0.0000000 0.0017029 0.0291855 0.0000000 0.0571092 0.0713581 0.0204736 0.2567659 0.2083301 0.0169462
105 L 105 0.0734121 0.1294442 0.0271895 0.0271869 0.0022301 0.0845181 0.0288551 0.0127370 0.0063315 0.0524238 0.0970725 0.2392463 0.0355873 0.0199797 0.0013028 0.0546302 0.0332103 0.0021356 0.0000000 0.0555606 0.0169462
106 M 106 0.1429182 0.0043917 0.0285519 0.0039429 0.1029924 0.0442037 0.0289399 0.0000000 0.0125533 0.0167608 0.0285059 0.0124217 0.4221663 0.0199932 0.0000000 0.0431188 0.0052960 0.0028536 0.0459777 0.0161655 0.0182464
107 A 107 0.6174750 0.0000000 0.0000000 0.0000000 0.0701602 0.0000000 0.0000000 0.2328478 0.0000000 0.0034795 0.0000000 0.0000000 0.0018954 0.0000000 0.0000000 0.0254618 0.0289354 0.0000000 0.0000000 0.0021548 0.0175902
108 E 108 0.0117319 0.1493144 0.0815785 0.0533724 0.0026946 0.1298654 0.1096566 0.0042829 0.0615971 0.0295242 0.0513465 0.1676093 0.0146731 0.0026228 0.0000000 0.0250220 0.0498531 0.0000000 0.0055054 0.0302529 0.0194970
109 A 109 0.1003910 0.1340267 0.0960331 0.0213789 0.0097259 0.0540665 0.0648880 0.0248327 0.0030041 0.0347777 0.0160646 0.2364090 0.0127801 0.0025250 0.0023863 0.0497662 0.0922416 0.0000000 0.0000000 0.0197239 0.0249786
110 L 110 0.0016352 0.0000000 0.0000000 0.0000000 0.0109011 0.0020411 0.0000000 0.0000000 0.0000000 0.0727335 0.7294666 0.0000000 0.0714886 0.0224546 0.0000000 0.0000000 0.0049580 0.0000000 0.0000000 0.0578050 0.0265162
111 E 111 0.0171778 0.0777616 0.0195380 0.0056114 0.0017421 0.1744719 0.4210880 0.0035226 0.0090432 0.0000000 0.0579945 0.0563756 0.0068816 0.0024362 0.0000000 0.0913374 0.0199178 0.0000000 0.0035353 0.0050489 0.0265162
112 K 112 0.1367735 0.0771787 0.0341223 0.1374206 0.0028975 0.0397241 0.1366236 0.0186073 0.0016235 0.0141857 0.0074178 0.2790959 0.0011263 0.0000000 0.0000000 0.0486139 0.0285540 0.0000000 0.0000000 0.0098941 0.0261413
113 L 113 0.0541466 0.0144132 0.0126939 0.0161576 0.0179730 0.0226199 0.0169610 0.0022506 0.0181099 0.0799049 0.1482169 0.0194890 0.0190382 0.1743801 0.0000000 0.0343336 0.0314480 0.0072185 0.1053688 0.1760485 0.0292276
114 F 114 0.0285519 0.0000000 0.0000000 0.0000000 0.0106516 0.0000000 0.0000000 0.0030164 0.0000000 0.0394530 0.0225309 0.0000000 0.0340233 0.7482695 0.0000000 0.0034611 0.0017028 0.0180942 0.0387300 0.0217056 0.0298096
115 L 115 0.0081667 0.0496183 0.0627131 0.0781317 0.0020263 0.0321120 0.3963157 0.0046354 0.0238122 0.0119806 0.1247437 0.0432543 0.0237579 0.0107625 0.0020122 0.0050695 0.0096197 0.0280334 0.0178022 0.0336943 0.0317383
116 Q 116 0.0404609 0.0783325 0.0329133 0.0387083 0.0000000 0.1342155 0.1272962 0.0219536 0.0051729 0.0020430 0.0112220 0.2114902 0.0489794 0.0192549 0.0113429 0.0866019 0.0760138 0.0000000 0.0070134 0.0159202 0.0310652
117 K 117 0.0215784 0.1700366 0.0076371 0.0126637 0.0038986 0.0647841 0.0710617 0.0098637 0.0739370 0.0207002 0.0691892 0.3496021 0.0243797 0.0120833 0.0000000 0.0152145 0.0049289 0.0074887 0.0124012 0.0138336 0.0347176
118 I 118 0.0054288 0.0017092 0.0000000 0.0000000 0.0123823 0.0000000 0.0000000 0.0000000 0.0000000 0.1638147 0.1951709 0.0000000 0.1314080 0.0972383 0.0000000 0.0015883 0.0017350 0.2251968 0.0494187 0.0756010 0.0393080
119 N 119 0.2297492 0.0587992 0.0195656 0.0423125 0.0000000 0.0226653 0.0702008 0.0215756 0.0030299 0.0031677 0.0509365 0.2599955 0.0024216 0.0015240 0.0124674 0.0856381 0.0307354 0.0017400 0.0000000 0.0218343 0.0616415
120 E 120 0.0440956 0.0284502 0.1001488 0.0500338 0.0039436 0.1226536 0.1675819 0.0193862 0.0309188 0.0036195 0.0307473 0.1738585 0.0024904 0.0034113 0.0469379 0.0484731 0.0240076 0.0000000 0.0000000 0.0067730 0.0924688
121 L 121 0.0149439 0.0174142 0.0008124 0.0020275 0.0046693 0.0038329 0.0016796 0.0041695 0.0000000 0.1864218 0.2060096 0.0223032 0.2122891 0.0665983 0.0000000 0.0024700 0.0038683 0.0000000 0.0094147 0.0785096 0.1625662
122 P 122 0.0061652 0.0389857 0.0233153 0.0134838 0.0032452 0.0118115 0.0584977 0.0020275 0.0034667 0.0117461 0.0259865 0.0327508 0.0511593 0.0113441 0.4109148 0.0168808 0.0114292 0.0000000 0.0273627 0.0071440 0.2322832
123 T 123 0.0778757 0.0298950 0.0085420 0.0859330 0.0000000 0.1090064 0.1052578 0.0219599 0.0017475 0.0061134 0.0140335 0.1052435 0.0020872 0.0026998 0.0746533 0.0737028 0.0234373 0.0000000 0.0000000 0.0129388 0.2448729
124 E 124 0.0152351 0.0068967 0.0064158 0.0888353 0.0000000 0.0246355 0.2416556 0.0221132 0.0035777 0.0000000 0.0000000 0.0868607 0.0000000 0.0043420 0.0242711 0.0465689 0.0099676 0.0792071 0.0067131 0.0162191 0.3164854
125 E 125 0.0068426 0.0159094 0.0060576 0.0544858 0.0000000 0.0165676 0.2184030 0.0035454 0.0089024 0.0290747 0.0327154 0.0612840 0.0074085 0.0033551 0.0518735 0.0157083 0.0057145 0.0052959 0.0049327 0.0055068 0.4464167
126 S 126 0.0612064 0.0142052 0.0185004 0.0338059 0.0000000 0.0383621 0.0649319 0.0085857 0.0025189 0.0112787 0.0291737 0.0203272 0.0056989 0.0043075 0.0618652 0.0649628 0.0350440 0.0023852 0.0083890 0.0301889 0.4842624
127 G 127 0.0563206 0.0112901 0.0104187 0.0149936 0.0027106 0.0129881 0.0964898 0.0202723 0.0044093 0.0066947 0.0113727 0.0597250 0.0080398 0.0101244 0.0280997 0.0404850 0.0275255 0.0042276 0.0034115 0.0612789 0.5091222
128 R 128 0.0136967 0.0612430 0.0063314 0.0089414 0.0000000 0.0127780 0.0336545 0.0025471 0.0155365 0.0261074 0.0416901 0.0650976 0.0293736 0.0000000 0.0588896 0.0213024 0.0128711 0.0000000 0.0016172 0.0384711 0.5498513
129 G 129 0.0313498 0.0262234 0.0077690 0.0232549 0.0116576 0.0185168 0.0618220 0.0461724 0.0071076 0.0113605 0.0098992 0.0331995 0.0026335 0.0043955 0.0663005 0.0366940 0.0239613 0.0000000 0.0015700 0.0129756 0.5631369
130 G 130 0.0169729 0.0400142 0.0200099 0.0271291 0.0000000 0.0199916 0.0323286 0.0542981 0.0094536 0.0042048 0.0041664 0.0459487 0.0009142 0.0010954 0.0653100 0.0442149 0.0178153 0.0000000 0.0000000 0.0190744 0.5770578
131 G 131 0.0204608 0.0258907 0.0208556 0.0175954 0.0014916 0.0323843 0.0440025 0.0347101 0.0063319 0.0032832 0.0075696 0.0613698 0.0116177 0.0000000 0.0595883 0.0222417 0.0159909 0.0000000 0.0000000 0.0302260 0.5843898
132 G 132 0.0327824 0.0280096 0.0105290 0.0205133 0.0000000 0.0180701 0.0579602 0.0379118 0.0020263 0.0027220 0.0054306 0.0529479 0.0016987 0.0000000 0.0518258 0.0331375 0.0288182 0.0000000 0.0043713 0.0166442 0.5946011
133 G 133 0.0514001 0.0329993 0.0119081 0.0295743 0.0000000 0.0068038 0.0322504 0.0300336 0.0030282 0.0050097 0.0036175 0.0765129 0.0041275 0.0063777 0.0312955 0.0401093 0.0165798 0.0000000 0.0000000 0.0128763 0.6054959
134 G 134 0.0346555 0.0330643 0.0040949 0.0191854 0.0000000 0.0040032 0.0371292 0.0262941 0.0050923 0.0174434 0.0083763 0.0742821 0.0000000 0.0000000 0.0248832 0.0616581 0.0186569 0.0000000 0.0014266 0.0044300 0.6253246
135 L 135 0.0489827 0.0389021 0.0058413 0.0174246 0.0000000 0.0131395 0.0150724 0.0280741 0.0032571 0.0202672 0.0186065 0.0550137 0.0062397 0.0014266 0.0153763 0.0242231 0.0122466 0.0000000 0.0000000 0.0307031 0.6452033
136 G 136 0.0391069 0.0197161 0.0099849 0.0033040 0.0000000 0.0145980 0.0197683 0.0529571 0.0033245 0.0000000 0.0014112 0.0647315 0.0000000 0.0000000 0.0110631 0.0809156 0.0184827 0.0000000 0.0000000 0.0048510 0.6557850
137 G 137 0.0178020 0.0195789 0.0115805 0.0151656 0.0000000 0.0108198 0.0193662 0.0763069 0.0102220 0.0000000 0.0037457 0.0395557 0.0031019 0.0000000 0.0098808 0.0390482 0.0279911 0.0000000 0.0018905 0.0049869 0.6889574
138 G 138 0.0296866 0.0324141 0.0111594 0.0119922 0.0000000 0.0109854 0.0040699 0.0430979 0.0027409 0.0014575 0.0015691 0.0503681 0.0000000 0.0000000 0.0148878 0.0400384 0.0162788 0.0000000 0.0043702 0.0049749 0.7199089
139 G 139 0.0182985 0.0044379 0.0191563 0.0040487 0.0000000 0.0289415 0.0030554 0.0322173 0.0000000 0.0000000 0.0051639 0.0581060 0.0000000 0.0000000 0.0048836 0.0385429 0.0207965 0.0000000 0.0000000 0.0076780 0.7546734
140 A 140 0.0518472 0.0000000 0.0048235 0.0000000 0.0000000 0.0014094 0.0023797 0.0115809 0.0043327 0.0030585 0.0013187 0.0055543 0.0000000 0.0000000 0.0227897 0.0524019 0.0125838 0.0000000 0.0000000 0.0045461 0.8213737
141 G 141 0.0202586 0.0000000 0.0100479 0.0000000 0.0000000 0.0000000 0.0000000 0.0477621 0.0000000 0.0000000 0.0000000 0.0000000 0.0000000 0.0000000 0.0000000 0.0399389 0.0000000 0.0000000 0.0000000 0.0000000 0.8819925
