  120         A         R         N         D         C         Q         E         G         H         I         L         K         M         F         P         S         T         W         Y         V         X    
  1 H   1 0.0000000 0.0000000 0.0286050 0.0000000 0.0000000 0.0369315 0.0000000 0.0000000 0.0672991 0.0000000 0.0000000 0.0000000 0.0000000 0.0000000 0.0000000 0.0000000 0.0000000 0.0000000 0.0030317 0.0000000 0.8641327
  2 P   2 0.0036198 0.0000000 0.0015736 0.0000000 0.0000000 0.0000000 0.0000000 0.0072287 0.0013340 0.0000000 0.0038107 0.0000000 0.0000000 0.0000000 0.2834577 0.0045647 0.0076568 0.0000000 0.0000000 0.0022483 0.6845058
  3 A   3 0.0898314 0.0168640 0.0009915 0.0049875 0.0000000 0.0343207 0.0130870 0.0291719 0.0058929 0.0000000 0.0215278 0.0178238 0.0011431 0.0011159 0.1163847 0.0489974 0.0028119 0.0026910 0.0000000 0.0060732 0.5862843
  4 P   4 0.0267609 0.0117914 0.0045895 0.0111471 0.0094279 0.0045528 0.0151018 0.0218943 0.0028014 0.0129920 0.0052016 0.0782305 0.0126158 0.0039245 0.1987334 0.0433672 0.0028600 0.0013007 0.0000000 0.0113833 0.5213237
  5 E   5 0.0085014 0.0426991 0.0161545 0.0402051 0.0000000 0.0074741 0.0551795 0.0692758 0.0092396 0.0020381 0.0116684 0.1097680 0.0121984 0.0009086 0.0769689 0.0391861 0.0119502 0.0011177 0.0000000 0.0260479 0.4594188
  6 K   6 0.0155289 0.1218352 0.0044528 0.0246037 0.0000000 0.0359437 0.0891167 0.0040693 0.0062640 0.0024401 0.0027269 0.2227394 0.0026179 0.0038583 0.0179691 0.0227713 0.0182297 0.0044555 0.0016147 0.0018590 0.3969040
  7 S   7 0.0209456 0.0829540 0.0381803 0.0137248 0.0013377 0.0358457 0.0257854 0.0136862 0.0026844 0.0107730 0.0055242 0.1619325 0.0036512 0.0000000 0.0813909 0.0979806 0.0417688 0.0203016 0.0000000 0.0087195 0.3328136
  8 S   8 0.0183060 0.0366626 0.0137534 0.0079088 0.0032260 0.0055013 0.0216623 0.1802644 0.0016215 0.0300508 0.0089038 0.1465755 0.0020873 0.0183967 0.0649264 0.0428279 0.0641066 0.0000000 0.0013978 0.0269778 0.3048431
  9 K   9 0.0000000 0.2017572 0.0142100 0.0104678 0.0025663 0.0446255 0.0059837 0.0387904 0.0044929 0.0082413 0.0391994 0.2009386 0.0383472 0.0029887 0.0525436 0.0189093 0.0108757 0.0000000 0.0016147 0.0151015 0.2883463
 10 V  10 0.0138229 0.0563204 0.0155459 0.0159698 0.0067401 0.0617463 0.0246664 0.0052955 0.0424227 0.0260637 0.1577184 0.0311216 0.0461473 0.0200530 0.0255040 0.0232168 0.0907165 0.0052451 0.0335135 0.0421082 0.2560622
 11 S  11 0.0493513 0.0148174 0.0282865 0.0263733 0.0050437 0.0708135 0.0586609 0.0396659 0.0038285 0.0056039 0.0165188 0.0477468 0.0062550 0.0073051 0.0471176 0.1658705 0.1776456 0.0023286 0.0000000 0.0033959 0.2233711
 12 E  12 0.0276981 0.0380032 0.1486222 0.0615150 0.0000000 0.0500282 0.1689070 0.0150209 0.0198570 0.0090757 0.0109092 0.0965051 0.0008125 0.0038119 0.0952421 0.0214920 0.0090690 0.0106307 0.0029852 0.0052244 0.2045906
 13 Q  13 0.0298875 0.0076307 0.0234313 0.1509521 0.0040516 0.1954971 0.1507490 0.0058196 0.0341947 0.0062664 0.1047946 0.0441864 0.0136632 0.0049615 0.0069196 0.0079002 0.0020446 0.0265963 0.0019542 0.0188927 0.1596067
 14 L  14 0.0054613 0.0475398 0.0028182 0.0035478 0.0000000 0.0304198 0.0016884 0.0043260 0.0117003 0.0286480 0.3865543 0.0540079 0.0777224 0.0445755 0.0166731 0.0084501 0.0139347 0.0037359 0.0780939 0.0130211 0.1670816
 15 K  15 0.0415318 0.1310282 0.0512435 0.0386713 0.0000000 0.1145619 0.0939572 0.0047415 0.0325959 0.0036615 0.0070743 0.2873298 0.0000000 0.0000000 0.0014275 0.0205006 0.0384340 0.0012928 0.0000000 0.0108546 0.1210937
 16 C  16 0.1148379 0.0379005 0.0079565 0.0049106 0.0083554 0.1055700 0.0447538 0.0238467 0.0625198 0.0107455 0.0469646 0.0576429 0.0060468 0.1538288 0.0140591 0.0349040 0.0126665 0.0037139 0.1231326 0.0191121 0.1065319
 17 C  17 0.0394211 0.0000000 0.0000000 0.0000000 0.4332946 0.0031785 0.0000000 0.0056358 0.0000000 0.0362225 0.2589719 0.0012331 0.0612755 0.0532756 0.0000000 0.0081436 0.0030555 0.0000000 0.0000000 0.0054019 0.0908904
 18 S  18 0.0324793 0.0761973 0.0737070 0.0283776 0.0000000 0.1013233 0.1112327 0.0300136 0.0134730 0.0122313 0.0910707 0.1196394 0.0428890 0.0077598 0.0000000 0.0755499 0.0123311 0.0041231 0.0540507 0.0243999 0.0891515
 19 G  19 0.0573327 0.0929759 0.0517454 0.0328602 0.0000000 0.0520462 0.1043950 0.0452010 0.0389009 0.0136958 0.0087537 0.1729259 0.0093219 0.0205717 0.0438797 0.0679318 0.0711585 0.0000000 0.0039416 0.0216373 0.0907247
 20 I  20 0.0449937 0.0023100 0.0000000 0.0000000 0.0038129 0.0000000 0.0000000 0.0018590 0.0000000 0.2753964 0.2417005 0.0000000 0.0224231 0.0066945 0.0000000 0.0032758 0.0806422 0.0000000 0.0000000 0.2438383 0.0730536
 21 L  21 0.0000000 0.0098969 0.0031205 0.0000000 0.0000000 0.0013833 0.0000000 0.0000000 0.0138954 0.1148919 0.6338451 0.0000000 0.0121757 0.0189445 0.0000000 0.0000000 0.0068590 0.0044274 0.0011915 0.1146994 0.0646693
 22 K  22 0.0261673 0.0952844 0.0948703 0.0863365 0.0015552 0.0272505 0.0703341 0.0203550 0.0043120 0.0079988 0.0278673 0.2870585 0.0368394 0.0000000 0.0016227 0.0702174 0.0544553 0.0000000 0.0000000 0.0140929 0.0733826
 23 E  23 0.0634577 0.0749429 0.0387670 0.0642271 0.0043877 0.0566523 0.2516106 0.0330683 0.0052238 0.0056033 0.0154293 0.1224509 0.0013564 0.0181900 0.0054167 0.0758699 0.0402727 0.0000000 0.0097320 0.0365973 0.0767441
 24 M  24 0.0292688 0.0000000 0.0000000 0.0000000 0.0000000 0.0000000 0.0000000 0.0000000 0.0000000 0.1202828 0.5923550 0.0000000 0.1345044 0.0155324 0.0000000 0.0021917 0.0019657 0.0000000 0.0014756 0.0528208 0.0496027
 25 F  25 0.0105275 0.0300578 0.0141520 0.0258015 0.0157151 0.1107010 0.0454598 0.0023606 0.0272319 0.0349338 0.0954621 0.1081351 0.1167446 0.0889165 0.0029682 0.0099486 0.0331208 0.0635593 0.0452263 0.0229679 0.0960096
 26 A  26 0.1093579 0.0836927 0.0296617 0.0045513 0.0209021 0.0761507 0.0071932 0.0078728 0.0062602 0.0031073 0.0059447 0.2307801 0.0000000 0.0000000 0.0013070 0.2012411 0.0342037 0.0192949 0.0000000 0.0102454 0.1482331
 27 K  27 0.0027806 0.0215462 0.0210620 0.0116832 0.0140863 0.0662765 0.0051756 0.0178053 0.2578238 0.0223935 0.0605713 0.1919283 0.0181711 0.0000000 0.0280695 0.0133969 0.0238095 0.0000000 0.0025338 0.0533675 0.1675190
 28 K  28 0.0286785 0.0486579 0.0094079 0.0643165 0.0000000 0.0767463 0.0502415 0.0038747 0.0040078 0.0021656 0.0177238 0.4344521 0.0042975 0.0000000 0.0230588 0.0062455 0.0162941 0.0100824 0.0000000 0.0010885 0.1986606
 29 H  29 0.0114269 0.0603230 0.1074954 0.1016820 0.0038256 0.0040605 0.0344778 0.0102845 0.1953174 0.0012820 0.0078635 0.0290849 0.0024319 0.0013776 0.0000000 0.0193442 0.0326528 0.0149716 0.0690570 0.0000000 0.2930414
 30 A  30 0.0578999 0.0190629 0.0296285 0.0027806 0.0017080 0.0172475 0.0170240 0.0214872 0.1713113 0.0045401 0.0510507 0.0280477 0.0069397 0.0038496 0.0000000 0.0741712 0.0452570 0.0045212 0.0445071 0.0133656 0.3856001
 31 A  31 0.0972564 0.0355761 0.0310459 0.0427740 0.0000000 0.0405070 0.0751470 0.0294480 0.0330249 0.0045410 0.0009216 0.0544477 0.0019735 0.0081342 0.1096111 0.0790365 0.0152308 0.0000000 0.0012354 0.0102950 0.3297940
 32 Y  32 0.0332812 0.0000000 0.0092906 0.0889761 0.0100157 0.0159873 0.0367711 0.0037725 0.0296506 0.0648297 0.0616829 0.0054732 0.0215683 0.1326366 0.0000000 0.0783711 0.0137762 0.0308138 0.1256645 0.0192863 0.2181522
 33 A  33 0.5003599 0.0019675 0.0387749 0.0000000 0.0082786 0.0000000 0.0000000 0.0718350 0.0000000 0.0000000 0.0000000 0.0017681 0.0000000 0.0000000 0.0000000 0.2300403 0.0250989 0.0000000 0.0050871 0.0218898 0.0948998
 34 W  34 0.0406916 0.0259926 0.0057112 0.0011321 0.0000000 0.0143013 0.0191444 0.0582079 0.0146958 0.0220971 0.0555919 0.0135390 0.0082698 0.0433013 0.0066551 0.0148075 0.0163812 0.5067446 0.0375296 0.0203116 0.0748944
 35 P  35 0.0527438 0.0000000 0.0086153 0.0092339 0.0010658 0.0000000 0.0037995 0.0000000 0.0071817 0.0286293 0.0210965 0.0000000 0.0048566 0.0221919 0.6650757 0.0000000 0.0020285 0.0202691 0.0043865 0.0880466 0.0607792
 36 F  36 0.0000000 0.0000000 0.0000000 0.0000000 0.0000000 0.0000000 0.0000000 0.0000000 0.0000000 0.0000000 0.0021113 0.0000000 0.0000000 0.9538225 0.0000000 0.0000000 0.0000000 0.0000000 0.0124766 0.0058838 0.0257058
 37 Y  37 0.0499823 0.1401492 0.0730165 0.0033644 0.0062395 0.0597521 0.0076494 0.0015481 0.0450103 0.0242021 0.2847034 0.0451448 0.0668634 0.0016387 0.0000000 0.0232405 0.0191450 0.0000000 0.1112717 0.0136321 0.0234465
 38 K  38 0.0414900 0.0423050 0.0399519 0.0765103 0.0084181 0.1491644 0.2435855 0.0160753 0.0350229 0.0071923 0.0373917 0.1393656 0.0050235 0.0098842 0.0000000 0.0255295 0.0413458 0.0000000 0.0162879 0.0420094 0.0234465
 39 P  39 0.0323829 0.0198229 0.0000000 0.0000000 0.0000000 0.0022564 0.0024255 0.0000000 0.0000000 0.0000000 0.0085881 0.0063878 0.0000000 0.0000000 0.8811201 0.0191992 0.0043705 0.0000000 0.0000000 0.0000000 0.0234465
 40 V  40 0.0074005 0.0000000 0.0000000 0.0000000 0.0000000 0.0000000 0.0167691 0.0000000 0.0000000 0.0118671 0.0058084 0.0000000 0.0000000 0.0000000 0.0042128 0.0000000 0.0000000 0.0000000 0.0000000 0.9304955 0.0234465
 41 D  41 0.0097234 0.0020896 0.1282983 0.7243104 0.0000000 0.0034828 0.0081881 0.0000000 0.0000000 0.0033471 0.0020186 0.0085680 0.0000000 0.0000000 0.0045531 0.0338894 0.0093629 0.0000000 0.0025605 0.0029198 0.0566882
 42 V  42 0.1828488 0.0177864 0.0018439 0.0028621 0.0007173 0.0022445 0.0077096 0.0045028 0.0061549 0.0180617 0.0333453 0.0892024 0.0011080 0.0000000 0.3407967 0.0107230 0.0524213 0.0193390 0.0089125 0.0950088 0.1044110
 43 E  43 0.0360856 0.0474294 0.0372315 0.0705304 0.0000000 0.0317710 0.1340535 0.0009541 0.0049919 0.0646713 0.0235964 0.1175033 0.0043905 0.0013996 0.0017451 0.0307860 0.0273291 0.0021693 0.0024421 0.2683082 0.0926116
 44 A  44 0.1982204 0.0652852 0.0017219 0.0019594 0.0000000 0.0306865 0.1716082 0.0463622 0.0019597 0.0047082 0.0966020 0.1792849 0.0067069 0.0059713 0.0088268 0.0355920 0.0131388 0.0159427 0.0095465 0.0144164 0.0914600
 45 L  45 0.0472709 0.0087852 0.0000000 0.0545340 0.0170199 0.0124845 0.0108648 0.0019269 0.0061276 0.0000000 0.4932646 0.0000000 0.0206666 0.0392296 0.0209314 0.0227132 0.0098472 0.0175676 0.0278133 0.0966196 0.0923332
 46 G  46 0.0150797 0.0039482 0.1972268 0.0611865 0.0093397 0.0416037 0.0342668 0.2572637 0.0206669 0.0028093 0.0110240 0.0378229 0.0025670 0.0025605 0.0115771 0.0317193 0.0214972 0.0042128 0.0238480 0.0056509 0.2041291
 47 L  47 0.1090542 0.0000000 0.0084181 0.0000000 0.0203543 0.0000000 0.0000000 0.0019269 0.0034757 0.2351341 0.2655884 0.0000000 0.0000000 0.0055105 0.0000000 0.0000000 0.0095120 0.0036995 0.0186336 0.0948978 0.2237948
 48 H  48 0.0161477 0.0000000 0.0000000 0.0055831 0.0000000 0.0000000 0.0105814 0.0157515 0.1063100 0.0031140 0.0166327 0.0031813 0.0000000 0.0014696 0.7203253 0.0032714 0.0119782 0.0087491 0.0087044 0.0054753 0.0627250
 49 D  49 0.0167536 0.0071914 0.0803870 0.6013704 0.0000000 0.0083753 0.0227050 0.0461372 0.0251164 0.0000000 0.0087606 0.0199169 0.0000000 0.0125133 0.0000000 0.0178600 0.0854090 0.0000000 0.0014139 0.0000000 0.0460898
 50 Y  50 0.0000000 0.0000000 0.0083510 0.0000000 0.0033471 0.0000000 0.0000000 0.0000000 0.0044057 0.0000000 0.0000000 0.0074005 0.0000000 0.0000000 0.0000000 0.0000000 0.0000000 0.0000000 0.9460668 0.0000000 0.0304289
 51 C  51 0.0139756 0.0409863 0.0166862 0.0000000 0.0231413 0.0083510 0.0000000 0.0000000 0.1828610 0.0014166 0.0501303 0.0219123 0.0000000 0.1856630 0.0513283 0.0208314 0.0039672 0.0000000 0.3349518 0.0113684 0.0324294
 52 D  52 0.0448254 0.0150668 0.0698136 0.2815285 0.0000000 0.0725357 0.1377105 0.0152150 0.0137657 0.0032581 0.0081038 0.1461553 0.0120743 0.0000000 0.0000000 0.0551984 0.0886881 0.0000000 0.0000000 0.0036313 0.0324294
 53 I  53 0.0046290 0.0237690 0.0000000 0.0084181 0.0016036 0.0000000 0.0124430 0.0000000 0.0141914 0.4968060 0.0092542 0.0386383 0.0043719 0.0261433 0.0000000 0.0022970 0.0075067 0.0000000 0.0286330 0.2926969 0.0285987
 54 I  54 0.0083510 0.0000000 0.0000000 0.0000000 0.0000000 0.0000000 0.0000000 0.0000000 0.0000000 0.7584992 0.0000000 0.0000000 0.0000000 0.0000000 0.0000000 0.0000000 0.0170827 0.0000000 0.0000000 0.1874684 0.0285987
 55 K  55 0.0318322 0.0454233 0.0055725 0.0309331 0.0013303 0.0169070 0.0449957 0.0000000 0.0057120 0.0018966 0.0038975 0.6927834 0.0011160 0.0000000 0.0135190 0.0211580 0.0479593 0.0000000 0.0000000 0.0030285 0.0319357
 56 H  56 0.0052252 0.1089048 0.1474283 0.0316681 0.0175812 0.0642728 0.1056122 0.0000000 0.1640715 0.0066279 0.0009583 0.1681259 0.0000000 0.0204015 0.0000000 0.0272359 0.0472434 0.0000000 0.0489243 0.0037831 0.0319357
 57 P  57 0.0129286 0.0060843 0.0000000 0.0000000 0.0000000 0.0000000 0.0055105 0.0000000 0.0000000 0.0000000 0.0000000 0.0000000 0.0097466 0.0000000 0.9355647 0.0015665 0.0000000 0.0000000 0.0000000 0.0000000 0.0285987
 58 M  58 0.0040202 0.0125643 0.0000000 0.0000000 0.0000000 0.0000000 0.0000000 0.0000000 0.0000000 0.0530141 0.0016538 0.0000000 0.8591797 0.0000000 0.0000000 0.0020475 0.0314600 0.0000000 0.0000000 0.0099091 0.0261511
 59 D  59 0.0075817 0.0000000 0.0000000 0.9438148 0.0033549 0.0000000 0.0000000 0.0000000 0.0000000 0.0000000 0.0000000 0.0000000 0.0000000 0.0000000 0.0000000 0.0057559 0.0000000 0.0080613 0.0000000 0.0000000 0.0314314
 60 M  60 0.0000000 0.0000000 0.0000000 0.0000000 0.0000000 0.0000000 0.0000000 0.0000000 0.0000000 0.0447899 0.7145010 0.0000000 0.0644419 0.1215553 0.0044057 0.0000000 0.0000000 0.0084181 0.0036072 0.0060455 0.0322354
 61 S  61 0.0377133 0.0328877 0.0174271 0.0012407 0.0011791 0.0354494 0.0102522 0.3714153 0.0088775 0.0042128 0.0032123 0.0586892 0.0028854 0.0030555 0.0000000 0.3443186 0.0176489 0.0000000 0.0181036 0.0000000 0.0314314
 62 T  62 0.0041759 0.0092242 0.0015697 0.0030555 0.0040173 0.0061980 0.0127869 0.0030841 0.0000000 0.0204714 0.0237174 0.0141573 0.0010773 0.0000000 0.0042128 0.0227789 0.8340228 0.0011604 0.0000000 0.0028586 0.0314314
 63 I  63 0.0025123 0.0000000 0.0000000 0.0000000 0.0019859 0.0000000 0.0000000 0.0000000 0.0000000 0.5128079 0.0215507 0.0000000 0.2407675 0.0000000 0.0000000 0.0000000 0.0000000 0.0000000 0.0000000 0.1889443 0.0314314
 64 K  64 0.0135290 0.1717762 0.0036980 0.0161697 0.0000000 0.0564939 0.2196092 0.0219357 0.0065218 0.0068905 0.0069762 0.3542157 0.0099365 0.0000000 0.0000000 0.0350234 0.0364599 0.0026685 0.0035739 0.0030907 0.0314314
 65 S  65 0.0367129 0.1573361 0.0594377 0.0331583 0.0019941 0.0253462 0.1178355 0.0145029 0.0102464 0.0100412 0.0131600 0.3097996 0.0236259 0.0045031 0.0000000 0.0836305 0.0465245 0.0000000 0.0068230 0.0098289 0.0354933
 66 K  66 0.0011075 0.2780231 0.0481118 0.0017830 0.0000000 0.0063414 0.0016927 0.0081718 0.0042078 0.0000000 0.0043347 0.5888213 0.0064052 0.0000000 0.0000000 0.0026091 0.0128971 0.0000000 0.0000000 0.0000000 0.0354933
 67 L  67 0.0000000 0.0000000 0.0017960 0.0000000 0.0038082 0.0018383 0.0000000 0.0000000 0.0072708 0.0633704 0.7243866 0.0000000 0.0957360 0.0207998 0.0000000 0.0000000 0.0018683 0.0017434 0.0000000 0.0418890 0.0354933
 68 E  68 0.0411594 0.0734855 0.1017155 0.1694986 0.0012659 0.0616876 0.2397840 0.0115875 0.0153193 0.0101099 0.0255790 0.1059660 0.0052191 0.0000000 0.0000000 0.0264080 0.0348435 0.0000000 0.0117613 0.0291167 0.0354933
 69 A  69 0.1000478 0.0284061 0.3122278 0.0507446 0.0094014 0.0362274 0.0347898 0.0549024 0.0243793 0.0010695 0.0114058 0.0932807 0.0053493 0.0028511 0.0000000 0.1278927 0.0528248 0.0000000 0.0059188 0.0127872 0.0354933
 70 R  70 0.0064933 0.1144880 0.1738097 0.0777674 0.0036272 0.0169243 0.0100928 0.3203189 0.0168759 0.0079062 0.0309344 0.0850319 0.0040529 0.0184818 0.0056560 0.0328112 0.0087883 0.0087489 0.0061592 0.0074648 0.0435669
 71 E  71 0.0639393 0.0256626 0.0156072 0.0363371 0.0075123 0.1412080 0.1702236 0.0200707 0.0293684 0.0061438 0.0479466 0.0685453 0.0154648 0.0355479 0.0026996 0.0478922 0.0241802 0.0068674 0.1568021 0.0335831 0.0443980
 72 Y  72 0.0000000 0.0000000 0.0000000 0.0000000 0.0017511 0.0000000 0.0000000 0.0000000 0.0044057 0.0103057 0.0000000 0.0000000 0.0000000 0.0159129 0.0000000 0.0000000 0.0000000 0.0000000 0.9280811 0.0000000 0.0395435
 73 R  73 0.0646967 0.0854848 0.0361738 0.0391928 0.0142492 0.0583868 0.0829765 0.0121324 0.0304013 0.0076431 0.0189883 0.1643268 0.0057276 0.0069837 0.0505888 0.0728004 0.1029663 0.0520301 0.0105347 0.0441720 0.0395435
 74 D  74 0.0148497 0.0337715 0.1358700 0.1273427 0.0163205 0.0085740 0.0306122 0.0117588 0.0121995 0.0075999 0.0026422 0.0439368 0.0014565 0.0010217 0.0000000 0.2828798 0.2229811 0.0021412 0.0020216 0.0024770 0.0395435
 75 A  75 0.1920810 0.0434242 0.0022465 0.0030686 0.0037542 0.0000000 0.0176903 0.0143319 0.0093272 0.0767657 0.1187540 0.0707247 0.0287092 0.0265181 0.2163403 0.0282710 0.0160886 0.0000000 0.0039819 0.0883790 0.0395435
 76 Q  76 0.0522196 0.0436135 0.0226107 0.1110931 0.0015526 0.1183339 0.2126060 0.0399972 0.0097918 0.0030734 0.0221443 0.1128470 0.0047423 0.0079404 0.0064198 0.0981303 0.0316692 0.0396459 0.0091532 0.0128724 0.0395435
 77 E  77 0.0749443 0.0011520 0.0027838 0.1744736 0.0000000 0.1147605 0.4694608 0.0219818 0.0052477 0.0125323 0.0361937 0.0096832 0.0129426 0.0000000 0.0000000 0.0107278 0.0107629 0.0000000 0.0000000 0.0021429 0.0402102
 78 F  78 0.0250999 0.0000000 0.0000000 0.0000000 0.0710298 0.0000000 0.0000000 0.0000000 0.0000000 0.0353834 0.0597268 0.0000000 0.0155220 0.6491160 0.0000000 0.0016937 0.0025889 0.0090789 0.0332929 0.0579241 0.0395435
 79 G  79 0.2184846 0.0121407 0.0039493 0.0232234 0.0379473 0.0182199 0.0813140 0.0036069 0.0032138 0.1597869 0.0438404 0.0577639 0.0412381 0.0139905 0.0000000 0.0099705 0.0131308 0.0037066 0.0154043 0.1967201 0.0423481
 80 A  80 0.2949009 0.0516683 0.0425164 0.1413593 0.0043613 0.0500582 0.0674193 0.0292621 0.0127502 0.0048946 0.0115891 0.0693519 0.0014828 0.0029376 0.0000000 0.0843217 0.0327870 0.0154675 0.0312743 0.0137101 0.0378873
 81 D  81 0.0014340 0.0000000 0.0067405 0.9091888 0.0000000 0.0000000 0.0255747 0.0000000 0.0052141 0.0000000 0.0029026 0.0000000 0.0000000 0.0000000 0.0000000 0.0000000 0.0097883 0.0000000 0.0000000 0.0000000 0.0391571
 82 V  82 0.0515127 0.0000000 0.0000000 0.0000000 0.0131802 0.0000000 0.0000000 0.0000000 0.0000000 0.0994665 0.1013204 0.0000000 0.1169281 0.1694591 0.0000000 0.0013455 0.0028369 0.0000000 0.0048114 0.3999822 0.0391571
 83 R  83 0.0094714 0.4191097 0.1341924 0.0301756 0.0009064 0.0460090 0.0438100 0.0073990 0.0120951 0.0054481 0.0196292 0.1066033 0.0217809 0.0259997 0.0000000 0.0062512 0.0340182 0.0354464 0.0011995 0.0085247 0.0319301
 84 L  84 0.0034894 0.0449968 0.0012367 0.0000000 0.0018356 0.0490143 0.0000000 0.0000000 0.0000000 0.0054763 0.7050240 0.0383164 0.0065078 0.0000000 0.0000000 0.0049359 0.0818962 0.0000000 0.0217420 0.0035983 0.0319301
 85 M  85 0.0000000 0.0000000 0.0000000 0.0000000 0.0000000 0.0000000 0.0000000 0.0000000 0.0000000 0.3500512 0.0315630 0.0000000 0.3537763 0.0000000 0.0000000 0.0000000 0.0706870 0.0000000 0.0000000 0.1611884 0.0327342
 86 F  86 0.0062232 0.0000000 0.0000000 0.0000000 0.0260262 0.0000000 0.0154675 0.0021656 0.0000000 0.0538923 0.0345625 0.0000000 0.0014828 0.6821906 0.0000000 0.0021806 0.0062074 0.0443587 0.0192661 0.0740463 0.0319301
 87 S  87 0.0474321 0.0547950 0.1035893 0.1719090 0.0000000 0.0359507 0.0770992 0.0039335 0.0412770 0.0077908 0.0079834 0.0727477 0.0270518 0.0028856 0.0000000 0.1803800 0.1176493 0.0124773 0.0074183 0.0008579 0.0267721
 88 N  88 0.0000000 0.0000000 0.9623731 0.0025038 0.0000000 0.0000000 0.0000000 0.0000000 0.0000000 0.0000000 0.0000000 0.0000000 0.0000000 0.0000000 0.0000000 0.0083510 0.0000000 0.0000000 0.0000000 0.0000000 0.0267721
 89 C  89 0.2711421 0.0000000 0.0000000 0.0000000 0.6375044 0.0000000 0.0000000 0.0057990 0.0000000 0.0000000 0.0000000 0.0000000 0.0000000 0.0000000 0.0000000 0.0396083 0.0171724 0.0000000 0.0000000 0.0020018 0.0267721
 90 Y  90 0.0274978 0.1789774 0.0018439 0.0015388 0.0128587 0.0148828 0.0381913 0.0000000 0.0080556 0.0402898 0.0670726 0.0626500 0.1010626 0.0581420 0.0000000 0.0073813 0.0019981 0.0397659 0.2751647 0.0358548 0.0267721
 91 K  91 0.0471934 0.0531760 0.0086926 0.0018330 0.0048138 0.0513067 0.0351065 0.0032315 0.0056733 0.0469032 0.1490366 0.2313677 0.0132823 0.0042211 0.0008513 0.0275712 0.2222980 0.0000000 0.0271786 0.0394913 0.0267721
 92 Y  92 0.0000000 0.0117313 0.0000000 0.0000000 0.0117593 0.0000000 0.0000000 0.0000000 0.0101812 0.0000000 0.0000000 0.0000000 0.0000000 0.3130653 0.0000000 0.0000000 0.0000000 0.0000000 0.6264908 0.0000000 0.0267721
 93 N  93 0.0000000 0.0000000 0.9208673 0.0051581 0.0000000 0.0000000 0.0000000 0.0000000 0.0023056 0.0000000 0.0000000 0.0000000 0.0000000 0.0084181 0.0000000 0.0019331 0.0204414 0.0141043 0.0000000 0.0000000 0.0267721
 94 P  94 0.0488623 0.0586385 0.0414994 0.0290007 0.0000000 0.0268841 0.0852503 0.1831294 0.0054506 0.0115561 0.0087680 0.0893662 0.0051779 0.0000000 0.2799811 0.0739025 0.0128003 0.0000000 0.0107121 0.0022483 0.0267721
 95 P  95 0.0647574 0.0158239 0.0092570 0.0956404 0.0000000 0.0058915 0.1393328 0.0000000 0.0030702 0.0106206 0.0132624 0.1126491 0.0000000 0.0000000 0.4262067 0.0472202 0.0127114 0.0000000 0.0000000 0.0244994 0.0190570
 96 D  96 0.0236345 0.0200053 0.0574732 0.2710290 0.0000000 0.0216246 0.1103918 0.2555382 0.0258097 0.0029101 0.0044433 0.0166538 0.0023181 0.0028426 0.0040934 0.0544182 0.0996252 0.0024908 0.0036908 0.0019503 0.0190570
 97 H  97 0.0210519 0.0014042 0.0746568 0.1175765 0.0000000 0.0224969 0.0337510 0.0000000 0.1975373 0.0000000 0.0040970 0.0000000 0.0000000 0.0000000 0.0065312 0.3143914 0.1735374 0.0000000 0.0108945 0.0000000 0.0220739
 98 E  98 0.0274915 0.0381469 0.0094168 0.2520755 0.0018302 0.0187953 0.1673196 0.0199725 0.0035868 0.0498034 0.0336095 0.0239096 0.0095773 0.0217177 0.1676928 0.0230962 0.0169052 0.0079189 0.0145353 0.0723981 0.0202009
 99 V  99 0.0122610 0.0000000 0.0000000 0.0000000 0.0122856 0.0000000 0.0030265 0.0014824 0.0000000 0.1863540 0.0246818 0.0000000 0.0145281 0.0417764 0.0087979 0.0000000 0.0085358 0.0014848 0.1443455 0.5202392 0.0202009
100 V 100 0.0864681 0.0300666 0.0272319 0.0000000 0.0165386 0.0000000 0.0024396 0.0608506 0.1211519 0.0056925 0.0055798 0.0084181 0.0017974 0.0273240 0.0000000 0.0619855 0.0851362 0.0187789 0.2444748 0.1758646 0.0202009
101 A 101 0.0809596 0.1266433 0.0282046 0.0339655 0.0012735 0.0787073 0.0348025 0.0127199 0.0112225 0.0514177 0.0847164 0.2450762 0.0341934 0.0167276 0.0010763 0.0394312 0.0398301 0.0020381 0.0016351 0.0551584 0.0202009
102 M 102 0.1465751 0.0023056 0.0271129 0.0044794 0.1050040 0.0460226 0.0245037 0.0000000 0.0188951 0.0182934 0.0360056 0.0123364 0.3926346 0.0246561 0.0000000 0.0520178 0.0017080 0.0057098 0.0424375 0.0182974 0.0210049
103 A 103 0.6373898 0.0000000 0.0000000 0.0000000 0.0587314 0.0019726 0.0000000 0.2274591 0.0000000 0.0036072 0.0017974 0.0000000 0.0000000 0.0000000 0.0000000 0.0175448 0.0192584 0.0000000 0.0000000 0.0120384 0.0202009
104 R 104 0.0159601 0.1443681 0.0863771 0.0444802 0.0014565 0.1175916 0.1121859 0.0035045 0.0563187 0.0307240 0.0472342 0.1847038 0.0151551 0.0023122 0.0000000 0.0250694 0.0525434 0.0000000 0.0082187 0.0288511 0.0229452
105 K 105 0.0979521 0.1133278 0.0987441 0.0220516 0.0125744 0.0646575 0.0544846 0.0306146 0.0066715 0.0270667 0.0127841 0.2533076 0.0122350 0.0025478 0.0019992 0.0516327 0.0888398 0.0000000 0.0065913 0.0172718 0.0246458
106 L 106 0.0060483 0.0000000 0.0000000 0.0000000 0.0082927 0.0019268 0.0000000 0.0000000 0.0000000 0.0765346 0.7070874 0.0000000 0.0837905 0.0270676 0.0000000 0.0000000 0.0120117 0.0000000 0.0000000 0.0519327 0.0253077
107 Q 107 0.0193026 0.0861332 0.0237756 0.0035472 0.0021412 0.1711084 0.4114307 0.0034334 0.0136266 0.0000000 0.0600538 0.0625346 0.0063120 0.0020303 0.0000000 0.0758523 0.0175575 0.0000000 0.0036983 0.0109746 0.0264878
108 D 108 0.1217585 0.0734641 0.0291319 0.1350485 0.0030464 0.0408172 0.1518829 0.0173756 0.0016869 0.0172649 0.0085101 0.2819133 0.0013884 0.0000000 0.0017723 0.0472928 0.0253675 0.0000000 0.0000000 0.0162332 0.0260454
109 V 109 0.0618635 0.0097382 0.0109974 0.0133941 0.0166225 0.0258935 0.0351118 0.0071219 0.0183169 0.0901477 0.1341587 0.0231395 0.0149688 0.1524283 0.0000000 0.0328092 0.0250491 0.0076922 0.1021579 0.1882136 0.0301752
110 F 110 0.0385696 0.0000000 0.0000000 0.0000000 0.0053469 0.0000000 0.0000000 0.0035496 0.0000000 0.0357103 0.0278775 0.0000000 0.0345825 0.7326311 0.0000000 0.0037066 0.0095953 0.0232559 0.0432958 0.0117038 0.0301752
111 E 111 0.0102740 0.0404954 0.0589538 0.0798096 0.0000000 0.0352887 0.4175626 0.0046840 0.0218489 0.0101454 0.1052175 0.0516174 0.0214681 0.0094089 0.0000000 0.0049369 0.0062495 0.0359010 0.0204110 0.0350145 0.0307130
112 M 112 0.0402721 0.0627924 0.0404679 0.0390224 0.0000000 0.1248663 0.1116314 0.0318271 0.0061225 0.0014848 0.0086138 0.2290596 0.0566456 0.0181978 0.0092104 0.0826743 0.0872061 0.0000000 0.0063919 0.0128204 0.0306931
113 R 113 0.0222379 0.1723510 0.0067609 0.0164381 0.0049238 0.0637823 0.0671557 0.0079974 0.0597235 0.0134411 0.0802480 0.3408927 0.0368951 0.0148048 0.0000000 0.0176334 0.0032268 0.0111092 0.0087097 0.0068412 0.0448276
114 F 114 0.0000000 0.0044716 0.0000000 0.0000000 0.0127053 0.0000000 0.0000000 0.0000000 0.0000000 0.1555307 0.1979128 0.0000000 0.1224804 0.1104223 0.0000000 0.0058838 0.0000000 0.2119154 0.0532071 0.0789284 0.0465421
115 A 115 0.2238009 0.0512176 0.0153560 0.0101153 0.0029198 0.0250088 0.0711322 0.0147843 0.0041592 0.0030256 0.0545317 0.2587154 0.0019804 0.0026635 0.0303510 0.0780479 0.0273006 0.0020475 0.0000000 0.0151773 0.1076650
116 K 116 0.0361230 0.0165448 0.0954534 0.0273851 0.0047823 0.1141745 0.1572471 0.0083729 0.0305326 0.0025180 0.0455006 0.2016197 0.0021002 0.0032446 0.0160591 0.0354137 0.0141055 0.0000000 0.0011049 0.0097107 0.1780074
117 M 117 0.0057372 0.0133518 0.0010189 0.0000000 0.0021893 0.0000000 0.0000000 0.0000000 0.0000000 0.2025904 0.1874148 0.0185697 0.1905825 0.0534586 0.0000000 0.0017374 0.0023181 0.0000000 0.0142854 0.0473800 0.2593660
118 P 118 0.0035471 0.0460760 0.0000000 0.0008144 0.0000000 0.0074816 0.0447811 0.0018290 0.0030904 0.0023489 0.0000000 0.0094472 0.0117388 0.0021092 0.4180390 0.0042233 0.0118226 0.0000000 0.0125258 0.0027110 0.4174147
119 D 119 0.0271072 0.0028510 0.0051172 0.1340730 0.0000000 0.0659039 0.0962652 0.0128410 0.0013870 0.0000000 0.0022363 0.0364196 0.0011219 0.0000000 0.0511522 0.0104760 0.0035711 0.0000000 0.0000000 0.0034037 0.5460736
120 E 120 0.0000000 0.0000000 0.0000000 0.0274662 0.0000000 0.0167968 0.2319540 0.0000000 0.0000000 0.0000000 0.0000000 0.0773709 0.0000000 0.0000000 0.0000000 0.0000000 0.0000000 0.0000000 0.0000000 0.0000000 0.6464120
