  120         A         R         N         D         C         Q         E         G         H         I         L         K         M         F         P         S         T         W         Y         V    
  1 H   1 0.0000000 0.0000000 0.1546476 0.0000000 0.0000000 0.2841180 0.0000000 0.0000000 0.5335253 0.0000000 0.0000000 0.0000000 0.0000000 0.0000000 0.0000000 0.0000000 0.0000000 0.0000000 0.0277091 0.0000000
  2 P   2 0.0123729 0.0000000 0.0054819 0.0000000 0.0000000 0.0000000 0.0000000 0.0247041 0.0046489 0.0000000 0.0129974 0.0000000 0.0000000 0.0000000 0.9007833 0.0153928 0.0158696 0.0000000 0.0000000 0.0077490
  3 A   3 0.2179843 0.0434734 0.0024847 0.0126555 0.0000000 0.0783828 0.0336030 0.0775062 0.0159250 0.0000000 0.0532253 0.0476038 0.0028970 0.0023527 0.2710838 0.1115787 0.0071453 0.0067568 0.0000000 0.0153417
  4 P   4 0.0608785 0.0256157 0.0099394 0.0237935 0.0210827 0.0099540 0.0333950 0.0484652 0.0061373 0.0313364 0.0116193 0.1721825 0.0270815 0.0085851 0.3868239 0.0874921 0.0063619 0.0028285 0.0000000 0.0264274
  5 E   5 0.0162978 0.0700111 0.0317490 0.0785368 0.0000000 0.0144899 0.0989510 0.1347760 0.0175688 0.0039635 0.0239093 0.1907949 0.0256520 0.0017451 0.1477395 0.0764211 0.0234702 0.0021554 0.0000000 0.0417686
  6 K   6 0.0266278 0.2100122 0.0075672 0.0423859 0.0000000 0.0575576 0.1528994 0.0070189 0.0109244 0.0042074 0.0047090 0.3608316 0.0045611 0.0067072 0.0231562 0.0347062 0.0323097 0.0078093 0.0027466 0.0032623
  7 S   7 0.0331947 0.1200466 0.0459955 0.0213416 0.0020829 0.0559071 0.0398308 0.0214499 0.0042192 0.0163829 0.0085920 0.2485905 0.0057436 0.0000000 0.1151457 0.1528391 0.0643332 0.0307591 0.0000000 0.0135457
  8 S   8 0.0274241 0.0541373 0.0208277 0.0118216 0.0048353 0.0080894 0.0283926 0.2514673 0.0024032 0.0467720 0.0131511 0.2178593 0.0031593 0.0265364 0.0949895 0.0574952 0.0889956 0.0000000 0.0021065 0.0395367
  9 K   9 0.0000000 0.2689031 0.0203324 0.0151262 0.0037402 0.0674740 0.0086621 0.0556966 0.0064875 0.0120495 0.0562540 0.2804853 0.0562150 0.0041907 0.0766152 0.0270462 0.0163209 0.0000000 0.0023019 0.0220992
 10 V  10 0.0174567 0.0712957 0.0216377 0.0226187 0.0097618 0.0812298 0.0337307 0.0070410 0.0581195 0.0369467 0.2056113 0.0377401 0.0638737 0.0279756 0.0342268 0.0319633 0.1255026 0.0073348 0.0461401 0.0597935
 11 S  11 0.0655045 0.0202756 0.0315290 0.0342539 0.0069983 0.0941765 0.0760472 0.0509244 0.0050606 0.0073241 0.0216142 0.0642150 0.0081546 0.0094411 0.0619981 0.2133020 0.2218073 0.0028453 0.0000000 0.0045282
 12 E  12 0.0355188 0.0483953 0.1782217 0.0757488 0.0000000 0.0653818 0.2149033 0.0211348 0.0258217 0.0115395 0.0141596 0.1176803 0.0010568 0.0048128 0.1213476 0.0280250 0.0118527 0.0138534 0.0037804 0.0067656
 13 Q  13 0.0330742 0.0093692 0.0283527 0.1816888 0.0050020 0.2225842 0.1797597 0.0071036 0.0415688 0.0076184 0.1265637 0.0557275 0.0164753 0.0060399 0.0080673 0.0099456 0.0034142 0.0325037 0.0023858 0.0227554
 14 L  14 0.0066324 0.0575248 0.0034708 0.0042747 0.0000000 0.0370760 0.0019520 0.0052870 0.0142975 0.0352737 0.4589645 0.0661874 0.0959245 0.0544111 0.0202675 0.0104439 0.0180638 0.0046056 0.0892474 0.0160952
 15 K  15 0.0477470 0.1517017 0.0590492 0.0449007 0.0000000 0.1222428 0.1079710 0.0054375 0.0382104 0.0042267 0.0091265 0.3308180 0.0000000 0.0000000 0.0016732 0.0233539 0.0393467 0.0014971 0.0000000 0.0126976
 16 C  16 0.1253711 0.0436793 0.0090522 0.0055868 0.0050948 0.1208347 0.0509518 0.0267673 0.0741308 0.0121198 0.0535604 0.0656981 0.0068877 0.1787128 0.0160315 0.0359330 0.0144837 0.0042761 0.1292618 0.0215666
 17 C  17 0.0449860 0.0000000 0.0000000 0.0000000 0.4840856 0.0036544 0.0000000 0.0066002 0.0000000 0.0414093 0.2747474 0.0014184 0.0642119 0.0601390 0.0000000 0.0093168 0.0035687 0.0000000 0.0000000 0.0058624
 18 S  18 0.0368451 0.0806146 0.0817466 0.0325425 0.0000000 0.1009969 0.1223251 0.0336854 0.0204584 0.0140688 0.1030058 0.1342482 0.0479500 0.0087444 0.0000000 0.0804858 0.0145170 0.0047129 0.0558613 0.0271912
 19 G  19 0.0658831 0.1032828 0.0584232 0.0371559 0.0000000 0.0587413 0.1155272 0.0450193 0.0440179 0.0151018 0.0097605 0.1824744 0.0103372 0.0234357 0.0490310 0.0730511 0.0798261 0.0000000 0.0044612 0.0244701
 20 I  20 0.0502738 0.0025590 0.0000000 0.0000000 0.0042190 0.0000000 0.0000000 0.0020980 0.0000000 0.3007958 0.2656877 0.0000000 0.0235355 0.0073679 0.0000000 0.0036534 0.0891802 0.0000000 0.0000000 0.2506297
 21 L  21 0.0000000 0.0103830 0.0033784 0.0000000 0.0000000 0.0015371 0.0000000 0.0000000 0.0147944 0.1252992 0.6702594 0.0000000 0.0127656 0.0206747 0.0000000 0.0000000 0.0075902 0.0048333 0.0013085 0.1271763
 22 K  22 0.0291381 0.1059613 0.1041320 0.0966285 0.0017180 0.0301427 0.0714019 0.0219491 0.0047219 0.0089023 0.0302593 0.2997215 0.0413029 0.0000000 0.0017822 0.0769867 0.0595537 0.0000000 0.0000000 0.0156979
 23 E  23 0.0612566 0.0837596 0.0434499 0.0670825 0.0048838 0.0632146 0.2737803 0.0361444 0.0058038 0.0061099 0.0168552 0.1362598 0.0014969 0.0199576 0.0061980 0.0831998 0.0406057 0.0000000 0.0106003 0.0393414
 24 M  24 0.0319791 0.0000000 0.0000000 0.0000000 0.0000000 0.0000000 0.0000000 0.0000000 0.0000000 0.1284422 0.6166165 0.0000000 0.1423206 0.0168702 0.0000000 0.0024549 0.0021404 0.0000000 0.0016206 0.0575555
 25 F  25 0.0115576 0.0345360 0.0157924 0.0287558 0.0179082 0.1234442 0.0504502 0.0026908 0.0311880 0.0400480 0.1086578 0.1175452 0.1334460 0.0960693 0.0033845 0.0112568 0.0372338 0.0589757 0.0509978 0.0260620
 26 A  26 0.1255184 0.1004464 0.0356081 0.0055002 0.0245169 0.0910962 0.0086408 0.0091041 0.0077199 0.0038811 0.0071584 0.2702593 0.0000000 0.0000000 0.0015735 0.2351285 0.0374529 0.0239569 0.0000000 0.0124381
 27 K  27 0.0034463 0.0275774 0.0267448 0.0144288 0.0171185 0.0811776 0.0064629 0.0223801 0.2970825 0.0274406 0.0739089 0.2324768 0.0218684 0.0000000 0.0353589 0.0170011 0.0293281 0.0000000 0.0032057 0.0629926
 28 K  28 0.0370366 0.0611571 0.0122331 0.0813797 0.0000000 0.0945917 0.0631859 0.0049461 0.0052219 0.0024981 0.0223996 0.5375524 0.0052806 0.0000000 0.0296556 0.0079350 0.0206409 0.0129343 0.0000000 0.0013515
 29 H  29 0.0163815 0.0863962 0.1534473 0.1390601 0.0055348 0.0051335 0.0488065 0.0146200 0.2753559 0.0018302 0.0111959 0.0400486 0.0034852 0.0020005 0.0000000 0.0275750 0.0463188 0.0220008 0.1008091 0.0000000
 30 A  30 0.0918129 0.0329089 0.0475064 0.0046109 0.0027263 0.0290140 0.0271969 0.0357114 0.2777954 0.0074111 0.0831172 0.0471715 0.0111686 0.0064267 0.0000000 0.1185288 0.0736682 0.0076307 0.0731847 0.0224093
 31 A  31 0.1396931 0.0548162 0.0479260 0.0652879 0.0000000 0.0636943 0.1137644 0.0393782 0.0510345 0.0072410 0.0014206 0.0807185 0.0030671 0.0128839 0.1653677 0.1137318 0.0228700 0.0000000 0.0019204 0.0151845
 32 Y  32 0.0435666 0.0000000 0.0118752 0.1150032 0.0127401 0.0208792 0.0479053 0.0049757 0.0384030 0.0853629 0.0814842 0.0068968 0.0271806 0.1656812 0.0000000 0.0955939 0.0172455 0.0400792 0.1601119 0.0250156
 33 A  33 0.5515884 0.0022339 0.0446363 0.0000000 0.0095965 0.0000000 0.0000000 0.0810376 0.0000000 0.0000000 0.0000000 0.0020384 0.0000000 0.0000000 0.0000000 0.2483146 0.0294546 0.0000000 0.0056941 0.0254054
 34 W  34 0.0446983 0.0294758 0.0064197 0.0012702 0.0000000 0.0160639 0.0207927 0.0641742 0.0165219 0.0240619 0.0610973 0.0149068 0.0093814 0.0483439 0.0073837 0.0165214 0.0181705 0.5361854 0.0418379 0.0226930
 35 P  35 0.0579773 0.0000000 0.0094944 0.0102128 0.0011200 0.0000000 0.0042651 0.0000000 0.0068951 0.0313764 0.0230514 0.0000000 0.0053301 0.0238768 0.7009172 0.0000000 0.0022581 0.0220922 0.0048141 0.0963190
 36 F  36 0.0000000 0.0000000 0.0000000 0.0000000 0.0000000 0.0000000 0.0000000 0.0000000 0.0000000 0.0000000 0.0025615 0.0000000 0.0000000 0.9777981 0.0000000 0.0000000 0.0000000 0.0000000 0.0131127 0.0065278
 37 Y  37 0.0518040 0.1499273 0.0783221 0.0035307 0.0027484 0.0524565 0.0082569 0.0016281 0.0442751 0.0262414 0.2923433 0.0468599 0.0698821 0.0017546 0.0000000 0.0244938 0.0202438 0.0000000 0.1109479 0.0142840
 38 K  38 0.0435358 0.0359482 0.0421215 0.0801973 0.0094578 0.1567829 0.2490300 0.0166917 0.0337265 0.0074886 0.0382275 0.1405225 0.0049328 0.0103916 0.0000000 0.0265355 0.0429752 0.0000000 0.0175549 0.0438798
 39 P  39 0.0350171 0.0206423 0.0000000 0.0000000 0.0000000 0.0024852 0.0026672 0.0000000 0.0000000 0.0000000 0.0094354 0.0067551 0.0000000 0.0000000 0.8977002 0.0204361 0.0048614 0.0000000 0.0000000 0.0000000
 40 V  40 0.0085733 0.0000000 0.0000000 0.0000000 0.0000000 0.0000000 0.0195797 0.0000000 0.0000000 0.0129473 0.0063244 0.0000000 0.0000000 0.0000000 0.0046663 0.0000000 0.0000000 0.0000000 0.0000000 0.9479091
 41 D  41 0.0109274 0.0022316 0.1373676 0.7637682 0.0000000 0.0038350 0.0088019 0.0000000 0.0000000 0.0039078 0.0022404 0.0093091 0.0000000 0.0000000 0.0048999 0.0368025 0.0099153 0.0000000 0.0027882 0.0032051
 42 V  42 0.1965011 0.0201758 0.0021228 0.0032557 0.0008249 0.0024684 0.0080053 0.0048835 0.0069976 0.0206342 0.0372767 0.1004680 0.0012674 0.0000000 0.3833853 0.0123089 0.0594914 0.0230163 0.0103520 0.1065645
 43 E  43 0.0424383 0.0534188 0.0405531 0.0782129 0.0000000 0.0361166 0.1436067 0.0010924 0.0055936 0.0686352 0.0259723 0.1319469 0.0049582 0.0015942 0.0020031 0.0334568 0.0279424 0.0023847 0.0027292 0.2973446
 44 A  44 0.2197031 0.0743247 0.0019519 0.0020837 0.0000000 0.0344096 0.1860965 0.0525930 0.0021291 0.0053232 0.1038234 0.1921169 0.0075902 0.0068949 0.0096401 0.0414726 0.0151071 0.0178118 0.0103589 0.0165694
 45 L  45 0.0537980 0.0095718 0.0000000 0.0616514 0.0190877 0.0141746 0.0127487 0.0022299 0.0070523 0.0000000 0.5379450 0.0000000 0.0231966 0.0449243 0.0238030 0.0204316 0.0109751 0.0194140 0.0317101 0.1072860
 46 G  46 0.0155435 0.0048826 0.2533631 0.0771795 0.0119830 0.0543406 0.0442499 0.3268594 0.0265023 0.0036032 0.0143858 0.0379061 0.0033518 0.0033165 0.0140885 0.0435011 0.0273533 0.0057462 0.0246789 0.0071648
 47 L  47 0.1370954 0.0000000 0.0119382 0.0000000 0.0266224 0.0000000 0.0000000 0.0026130 0.0046663 0.3118640 0.3296700 0.0000000 0.0000000 0.0074329 0.0000000 0.0000000 0.0142864 0.0047304 0.0244689 0.1246121
 48 H  48 0.0177729 0.0000000 0.0000000 0.0061280 0.0000000 0.0000000 0.0119561 0.0195033 0.1083590 0.0033917 0.0164049 0.0035984 0.0000000 0.0016477 0.7695832 0.0035999 0.0131480 0.0093077 0.0095428 0.0060563
 49 D  49 0.0193167 0.0070888 0.0808931 0.6299914 0.0000000 0.0087639 0.0249651 0.0480516 0.0268134 0.0000000 0.0092804 0.0209593 0.0000000 0.0131541 0.0000000 0.0194867 0.0896992 0.0000000 0.0015364 0.0000000
 50 Y  50 0.0000000 0.0000000 0.0101046 0.0000000 0.0037682 0.0000000 0.0000000 0.0000000 0.0050866 0.0000000 0.0000000 0.0085587 0.0000000 0.0000000 0.0000000 0.0000000 0.0000000 0.0000000 0.9724819 0.0000000
 51 C  51 0.0135741 0.0425757 0.0176351 0.0000000 0.0201035 0.0101244 0.0000000 0.0000000 0.1855899 0.0014726 0.0527117 0.0234808 0.0000000 0.1942486 0.0546360 0.0202098 0.0042053 0.0000000 0.3472277 0.0122050
 52 D  52 0.0445176 0.0157590 0.0728498 0.2815986 0.0000000 0.0762458 0.1438318 0.0163268 0.0150909 0.0034479 0.0085322 0.1547286 0.0128780 0.0000000 0.0000000 0.0581964 0.0921947 0.0000000 0.0000000 0.0038019
 53 I  53 0.0050948 0.0238936 0.0000000 0.0094258 0.0016811 0.0000000 0.0127727 0.0000000 0.0135921 0.5124675 0.0091018 0.0378126 0.0047127 0.0271666 0.0000000 0.0024098 0.0078698 0.0000000 0.0297199 0.3022793
 54 I  54 0.0100876 0.0000000 0.0000000 0.0000000 0.0000000 0.0000000 0.0000000 0.0000000 0.0000000 0.7755676 0.0000000 0.0000000 0.0000000 0.0000000 0.0000000 0.0000000 0.0193764 0.0000000 0.0000000 0.1949685
 55 K  55 0.0320665 0.0467756 0.0059080 0.0322497 0.0014053 0.0177538 0.0453838 0.0000000 0.0060127 0.0019317 0.0041079 0.7172916 0.0011882 0.0000000 0.0140838 0.0218231 0.0488801 0.0000000 0.0000000 0.0031381
 56 H  56 0.0054672 0.1139682 0.1464062 0.0320984 0.0195160 0.0716401 0.1101538 0.0000000 0.1650077 0.0069936 0.0009580 0.1734184 0.0000000 0.0211514 0.0000000 0.0282547 0.0496473 0.0000000 0.0513452 0.0039736
 57 P  57 0.0130003 0.0016123 0.0000000 0.0000000 0.0000000 0.0000000 0.0058687 0.0000000 0.0000000 0.0000000 0.0000000 0.0000000 0.0108886 0.0000000 0.9668499 0.0017802 0.0000000 0.0000000 0.0000000 0.0000000
 58 M  58 0.0046464 0.0122384 0.0000000 0.0000000 0.0000000 0.0000000 0.0000000 0.0000000 0.0000000 0.0557838 0.0018187 0.0000000 0.8803789 0.0000000 0.0000000 0.0022065 0.0330887 0.0000000 0.0000000 0.0098385
 59 D  59 0.0083509 0.0000000 0.0000000 0.9728115 0.0037381 0.0000000 0.0000000 0.0000000 0.0000000 0.0000000 0.0000000 0.0000000 0.0000000 0.0000000 0.0000000 0.0062824 0.0000000 0.0088172 0.0000000 0.0000000
 60 M  60 0.0000000 0.0000000 0.0000000 0.0000000 0.0000000 0.0000000 0.0000000 0.0000000 0.0000000 0.0438742 0.7412697 0.0000000 0.0612202 0.1285886 0.0051121 0.0000000 0.0000000 0.0094890 0.0039870 0.0064592
 61 S  61 0.0388626 0.0342809 0.0185938 0.0012995 0.0012329 0.0367598 0.0109348 0.3869252 0.0093444 0.0046556 0.0034505 0.0601424 0.0030423 0.0033286 0.0000000 0.3492103 0.0191233 0.0000000 0.0188133 0.0000000
 62 T  62 0.0036956 0.0098451 0.0016683 0.0033286 0.0042953 0.0059177 0.0135052 0.0033536 0.0000000 0.0217316 0.0228760 0.0149407 0.0011178 0.0000000 0.0046556 0.0230165 0.8618757 0.0012049 0.0000000 0.0029718
 63 I  63 0.0027873 0.0000000 0.0000000 0.0000000 0.0022100 0.0000000 0.0000000 0.0000000 0.0000000 0.5316988 0.0234060 0.0000000 0.2448918 0.0000000 0.0000000 0.0000000 0.0000000 0.0000000 0.0000000 0.1950060
 64 K  64 0.0140644 0.1792523 0.0037788 0.0161631 0.0000000 0.0600967 0.2242984 0.0222907 0.0067203 0.0072716 0.0072865 0.3657689 0.0101770 0.0000000 0.0000000 0.0366099 0.0365605 0.0027268 0.0036803 0.0032536
 65 S  65 0.0384532 0.1643801 0.0619050 0.0351489 0.0020408 0.0251195 0.1208252 0.0153851 0.0108619 0.0102669 0.0135441 0.3195290 0.0245283 0.0047303 0.0000000 0.0881198 0.0479010 0.0000000 0.0070447 0.0102162
 66 K  66 0.0011703 0.2844906 0.0498157 0.0018943 0.0000000 0.0066729 0.0017950 0.0080357 0.0044886 0.0000000 0.0045891 0.6143299 0.0069855 0.0000000 0.0000000 0.0027173 0.0130150 0.0000000 0.0000000 0.0000000
 67 L  67 0.0000000 0.0000000 0.0018663 0.0000000 0.0040561 0.0019535 0.0000000 0.0000000 0.0074421 0.0664317 0.7494947 0.0000000 0.0992556 0.0220603 0.0000000 0.0000000 0.0019782 0.0018807 0.0000000 0.0435808
 68 E  68 0.0429463 0.0725705 0.1051365 0.1757437 0.0013194 0.0635403 0.2498517 0.0121288 0.0160825 0.0106559 0.0272865 0.1088777 0.0055209 0.0000000 0.0000000 0.0282122 0.0367278 0.0000000 0.0129564 0.0304429
 69 A  69 0.1036644 0.0295642 0.3263201 0.0518621 0.0099623 0.0375581 0.0363999 0.0557129 0.0257321 0.0010892 0.0104072 0.0975316 0.0055648 0.0029924 0.0000000 0.1316732 0.0547358 0.0000000 0.0062683 0.0129614
 70 R  70 0.0068756 0.1151032 0.1888542 0.0785658 0.0038538 0.0174916 0.0105563 0.3359687 0.0178314 0.0070290 0.0321930 0.0864394 0.0040746 0.0216708 0.0060701 0.0342603 0.0093867 0.0092944 0.0065697 0.0079113
 71 E  71 0.0671652 0.0261588 0.0162579 0.0382925 0.0078286 0.1491316 0.1798691 0.0209801 0.0306823 0.0064508 0.0494451 0.0698905 0.0163362 0.0355577 0.0028790 0.0491232 0.0248585 0.0071483 0.1672275 0.0347172
 72 Y  72 0.0000000 0.0000000 0.0000000 0.0000000 0.0020495 0.0000000 0.0000000 0.0000000 0.0050871 0.0112623 0.0000000 0.0000000 0.0000000 0.0175394 0.0000000 0.0000000 0.0000000 0.0000000 0.9640616 0.0000000
 73 R  73 0.0665558 0.0899493 0.0390715 0.0408032 0.0149056 0.0604888 0.0867822 0.0126825 0.0285989 0.0077919 0.0192821 0.1673818 0.0059128 0.0069115 0.0529915 0.0766635 0.1069604 0.0592604 0.0111294 0.0458770
 74 D  74 0.0213067 0.0348698 0.1427760 0.1358969 0.0173024 0.0076193 0.0316415 0.0123684 0.0127354 0.0077914 0.0028156 0.0451661 0.0015210 0.0010589 0.0000000 0.2892788 0.2289295 0.0022393 0.0020868 0.0025960
 75 A  75 0.2034467 0.0444061 0.0022210 0.0032613 0.0039550 0.0000000 0.0190404 0.0150834 0.0096525 0.0825846 0.1216758 0.0731308 0.0280212 0.0269856 0.2252697 0.0268146 0.0178464 0.0000000 0.0042208 0.0923842
 76 Q  76 0.0550595 0.0446478 0.0236380 0.1177742 0.0016412 0.1255253 0.2212363 0.0374882 0.0101351 0.0031365 0.0230619 0.1173107 0.0049407 0.0084240 0.0035915 0.1044302 0.0332190 0.0414668 0.0096993 0.0135738
 77 E  77 0.0769689 0.0011772 0.0029029 0.1815789 0.0000000 0.1184762 0.4912495 0.0236282 0.0055472 0.0136847 0.0365113 0.0102065 0.0135549 0.0000000 0.0000000 0.0112663 0.0110980 0.0000000 0.0000000 0.0021493
 78 F  78 0.0266112 0.0000000 0.0000000 0.0000000 0.0769944 0.0000000 0.0000000 0.0000000 0.0000000 0.0366661 0.0615665 0.0000000 0.0157083 0.6740430 0.0000000 0.0018119 0.0027626 0.0094892 0.0347161 0.0596306
 79 G  79 0.2303268 0.0128823 0.0041865 0.0247573 0.0393596 0.0182648 0.0861021 0.0035681 0.0034134 0.1662995 0.0448492 0.0574391 0.0432850 0.0145844 0.0000000 0.0105076 0.0135162 0.0039631 0.0162411 0.2064539
 80 A  80 0.3021678 0.0525977 0.0446820 0.1470984 0.0047198 0.0563068 0.0677431 0.0305205 0.0134032 0.0051435 0.0120318 0.0727269 0.0015853 0.0030785 0.0000000 0.0861550 0.0366931 0.0160527 0.0332598 0.0140341
 81 D  81 0.0016273 0.0000000 0.0073212 0.9446205 0.0000000 0.0000000 0.0268066 0.0000000 0.0054916 0.0000000 0.0031799 0.0000000 0.0000000 0.0000000 0.0000000 0.0000000 0.0109529 0.0000000 0.0000000 0.0000000
 82 V  82 0.0530455 0.0000000 0.0000000 0.0000000 0.0136810 0.0000000 0.0000000 0.0000000 0.0000000 0.1036169 0.0994128 0.0000000 0.1210322 0.1781575 0.0000000 0.0014419 0.0029855 0.0000000 0.0051809 0.4214458
 83 R  83 0.0093696 0.4413430 0.1417557 0.0298693 0.0009452 0.0471675 0.0421267 0.0077305 0.0127586 0.0055431 0.0204805 0.1117547 0.0158041 0.0257431 0.0000000 0.0065672 0.0338944 0.0369274 0.0012510 0.0089683
 84 L  84 0.0037290 0.0453876 0.0013028 0.0000000 0.0019451 0.0517190 0.0000000 0.0000000 0.0000000 0.0058087 0.7331228 0.0395545 0.0068498 0.0000000 0.0000000 0.0019896 0.0823260 0.0000000 0.0224239 0.0038412
 85 M  85 0.0000000 0.0000000 0.0000000 0.0000000 0.0000000 0.0000000 0.0000000 0.0000000 0.0000000 0.3621824 0.0298325 0.0000000 0.3635362 0.0000000 0.0000000 0.0000000 0.0741120 0.0000000 0.0000000 0.1703370
 86 F  86 0.0063699 0.0000000 0.0000000 0.0000000 0.0275833 0.0000000 0.0160154 0.0020625 0.0000000 0.0559503 0.0363367 0.0000000 0.0015816 0.7061163 0.0000000 0.0022778 0.0065151 0.0466761 0.0192513 0.0732638
 87 S  87 0.0502143 0.0556804 0.1005864 0.1765131 0.0000000 0.0357185 0.0797325 0.0041230 0.0436956 0.0081030 0.0079059 0.0759260 0.0308782 0.0028743 0.0000000 0.1817655 0.1247333 0.0127728 0.0079163 0.0008612
 88 N  88 0.0000000 0.0000000 0.9867272 0.0032004 0.0000000 0.0000000 0.0000000 0.0000000 0.0000000 0.0000000 0.0000000 0.0000000 0.0000000 0.0000000 0.0000000 0.0100724 0.0000000 0.0000000 0.0000000 0.0000000
 89 C  89 0.2799040 0.0000000 0.0000000 0.0000000 0.6536330 0.0000000 0.0000000 0.0063371 0.0000000 0.0000000 0.0000000 0.0000000 0.0000000 0.0000000 0.0000000 0.0402852 0.0175945 0.0000000 0.0000000 0.0022461
 90 Y  90 0.0281299 0.1824678 0.0019437 0.0016173 0.0129578 0.0154080 0.0392983 0.0000000 0.0084144 0.0404527 0.0687607 0.0650399 0.1059715 0.0618681 0.0000000 0.0075596 0.0020582 0.0411635 0.2806622 0.0362266
 91 K  91 0.0476170 0.0564422 0.0090565 0.0018583 0.0050661 0.0531783 0.0363855 0.0034627 0.0059173 0.0527770 0.1530617 0.2397116 0.0136597 0.0041024 0.0008549 0.0269406 0.2226256 0.0000000 0.0269844 0.0402983
 92 Y  92 0.0000000 0.0139877 0.0000000 0.0000000 0.0124885 0.0000000 0.0000000 0.0000000 0.0080204 0.0000000 0.0000000 0.0000000 0.0000000 0.3164988 0.0000000 0.0000000 0.0000000 0.0000000 0.6490046 0.0000000
 93 N  93 0.0000000 0.0000000 0.9472415 0.0022822 0.0000000 0.0000000 0.0000000 0.0000000 0.0025099 0.0000000 0.0000000 0.0000000 0.0000000 0.0094116 0.0000000 0.0021554 0.0213225 0.0150769 0.0000000 0.0000000
 94 P  94 0.0510393 0.0616517 0.0428769 0.0301264 0.0000000 0.0252234 0.0865927 0.1856302 0.0056828 0.0122070 0.0091714 0.0937563 0.0053690 0.0000000 0.2855820 0.0782533 0.0135040 0.0000000 0.0109024 0.0024312
 95 P  95 0.0654427 0.0166172 0.0065291 0.0989804 0.0000000 0.0061755 0.1427452 0.0000000 0.0031403 0.0111872 0.0139076 0.1168156 0.0000000 0.0000000 0.4293280 0.0499478 0.0133581 0.0000000 0.0000000 0.0258253
 96 D  96 0.0237521 0.0205775 0.0597456 0.2834506 0.0000000 0.0229396 0.1046502 0.2523044 0.0268820 0.0030867 0.0040873 0.0172849 0.0018447 0.0029369 0.0038662 0.0562370 0.1084598 0.0026107 0.0033869 0.0018968
 97 H  97 0.0220545 0.0014835 0.0787053 0.1156428 0.0000000 0.0235424 0.0317631 0.0000000 0.2064140 0.0000000 0.0045016 0.0000000 0.0000000 0.0000000 0.0068998 0.3255166 0.1789589 0.0000000 0.0045175 0.0000000
 98 E  98 0.0282708 0.0395751 0.0107439 0.2491134 0.0016818 0.0192614 0.1741393 0.0130808 0.0037013 0.0516544 0.0357555 0.0247425 0.0102225 0.0224662 0.1751062 0.0238523 0.0174228 0.0085634 0.0149796 0.0756669
 99 V  99 0.0130381 0.0000000 0.0000000 0.0000000 0.0130736 0.0000000 0.0032518 0.0015112 0.0000000 0.1976210 0.0255071 0.0000000 0.0154865 0.0430282 0.0088704 0.0000000 0.0090400 0.0015324 0.1477686 0.5202712
100 V 100 0.0891108 0.0312617 0.0287248 0.0000000 0.0167719 0.0000000 0.0025483 0.0622503 0.1269725 0.0058335 0.0060589 0.0094125 0.0019060 0.0281933 0.0000000 0.0618046 0.0847419 0.0198120 0.2467570 0.1778400
101 A 101 0.0861411 0.1305012 0.0295227 0.0345806 0.0013277 0.0820108 0.0351983 0.0135481 0.0117619 0.0537708 0.0766909 0.2522638 0.0291031 0.0176922 0.0010458 0.0407564 0.0425773 0.0021549 0.0017578 0.0575947
102 M 102 0.1509878 0.0025242 0.0285086 0.0047210 0.1077901 0.0457739 0.0256054 0.0000000 0.0194171 0.0191218 0.0387523 0.0131948 0.3924400 0.0257313 0.0000000 0.0543342 0.0017370 0.0060194 0.0442292 0.0191122
103 A 103 0.6451003 0.0000000 0.0000000 0.0000000 0.0582785 0.0021040 0.0000000 0.2374834 0.0000000 0.0039549 0.0019060 0.0000000 0.0000000 0.0000000 0.0000000 0.0183057 0.0198559 0.0000000 0.0000000 0.0130113
104 R 104 0.0169121 0.1511949 0.0884883 0.0462812 0.0015191 0.1159618 0.1166764 0.0036663 0.0584978 0.0312536 0.0493050 0.1848336 0.0141902 0.0021794 0.0000000 0.0257451 0.0546379 0.0000000 0.0085378 0.0301196
105 K 105 0.0876594 0.1193275 0.0924990 0.0231427 0.0128678 0.0682181 0.0559434 0.0312347 0.0071238 0.0283205 0.0132621 0.2675278 0.0130102 0.0026438 0.0020786 0.0527351 0.0980895 0.0000000 0.0067245 0.0175913
106 L 106 0.0063164 0.0000000 0.0000000 0.0000000 0.0068238 0.0020833 0.0000000 0.0000000 0.0000000 0.0800786 0.7250259 0.0000000 0.0869825 0.0284593 0.0000000 0.0000000 0.0131661 0.0000000 0.0000000 0.0510641
107 Q 107 0.0200345 0.0870253 0.0263530 0.0037381 0.0022429 0.1835269 0.4101945 0.0034618 0.0146584 0.0000000 0.0621548 0.0648808 0.0066011 0.0020673 0.0000000 0.0799653 0.0183520 0.0000000 0.0037256 0.0110177
108 D 108 0.1284193 0.0762292 0.0279309 0.1411878 0.0032827 0.0349459 0.1599339 0.0183420 0.0017871 0.0183723 0.0091945 0.2858709 0.0014753 0.0000000 0.0012927 0.0481749 0.0267086 0.0000000 0.0000000 0.0168521
109 V 109 0.0624814 0.0103215 0.0116834 0.0140787 0.0175013 0.0274195 0.0367091 0.0078625 0.0191429 0.1008443 0.1252471 0.0242548 0.0156659 0.1589800 0.0000000 0.0341385 0.0266051 0.0080734 0.0992010 0.1997895
110 F 110 0.0394068 0.0000000 0.0000000 0.0000000 0.0055159 0.0000000 0.0000000 0.0036407 0.0000000 0.0283779 0.0295418 0.0000000 0.0357637 0.7645321 0.0000000 0.0039657 0.0099454 0.0244846 0.0429392 0.0118862
111 E 111 0.0109084 0.0378998 0.0633669 0.0844539 0.0000000 0.0363915 0.4402086 0.0053250 0.0231077 0.0108154 0.1031925 0.0550933 0.0136116 0.0098057 0.0000000 0.0050917 0.0065157 0.0367687 0.0212404 0.0362031
112 M 112 0.0426234 0.0663665 0.0430668 0.0399275 0.0000000 0.1278608 0.1135546 0.0337134 0.0065675 0.0015510 0.0090474 0.2400607 0.0585703 0.0195683 0.0097504 0.0825170 0.0854724 0.0000000 0.0062069 0.0135753
113 R 113 0.0241842 0.1779097 0.0070015 0.0176104 0.0053922 0.0684028 0.0725319 0.0085278 0.0659713 0.0140862 0.0853220 0.3457514 0.0403412 0.0159364 0.0000000 0.0190397 0.0034810 0.0116481 0.0094559 0.0074063
114 F 114 0.0000000 0.0046339 0.0000000 0.0000000 0.0136654 0.0000000 0.0000000 0.0000000 0.0000000 0.1671394 0.1932628 0.0000000 0.1260323 0.1176816 0.0000000 0.0066624 0.0000000 0.2276141 0.0578105 0.0854976
115 A 115 0.2504001 0.0584204 0.0175342 0.0116116 0.0033880 0.0290631 0.0817947 0.0170849 0.0045262 0.0034281 0.0627930 0.2901786 0.0022024 0.0030204 0.0344683 0.0797329 0.0312303 0.0024107 0.0000000 0.0167121
116 K 116 0.0350496 0.0209526 0.1186469 0.0330596 0.0059780 0.1289593 0.1931152 0.0104078 0.0384153 0.0031059 0.0533304 0.2520063 0.0027461 0.0039606 0.0201703 0.0486575 0.0178359 0.0000000 0.0013836 0.0122189
117 M 117 0.0080760 0.0188278 0.0014248 0.0000000 0.0031087 0.0000000 0.0000000 0.0000000 0.0000000 0.2843826 0.2570973 0.0268392 0.2354950 0.0744450 0.0000000 0.0024378 0.0024697 0.0000000 0.0200043 0.0653919
118 P 118 0.0063770 0.0824459 0.0000000 0.0014645 0.0000000 0.0134153 0.0789528 0.0032802 0.0055766 0.0040116 0.0000000 0.0168055 0.0211331 0.0037481 0.7081047 0.0075599 0.0204708 0.0000000 0.0218545 0.0047996
119 D 119 0.0614882 0.0066086 0.0118384 0.3051695 0.0000000 0.1339275 0.2191933 0.0295238 0.0032521 0.0000000 0.0052212 0.0849761 0.0025954 0.0000000 0.0956123 0.0242549 0.0082963 0.0000000 0.0000000 0.0080423
120 E 120 0.0000000 0.0000000 0.0000000 0.0838231 0.0000000 0.0417730 0.6458137 0.0000000 0.0000000 0.0000000 0.0000000 0.2285902 0.0000000 0.0000000 0.0000000 0.0000000 0.0000000 0.0000000 0.0000000 0.0000000
