  150         A         R         N         D         C         Q         E         G         H         I         L         K         M         F         P         S         T         W         Y         V    
  1 M   1 0.0000000 0.0000000 0.0000000 0.0000000 0.0000000 0.0000000 0.0000000 0.0000000 0.0000000 0.0382968 0.0173981 0.0000000 0.9443051 0.0000000 0.0000000 0.0000000 0.0000000 0.0000000 0.0000000 0.0000000
  2 A   2 0.3332345 0.0000000 0.0091237 0.0333036 0.0000000 0.0000000 0.0144784 0.0417862 0.0000000 0.0000000 0.0000000 0.0000000 0.0000000 0.0000000 0.0139428 0.4777982 0.0285839 0.0000000 0.0000000 0.0477486
  3 D   3 0.0668255 0.0000000 0.0849305 0.3188843 0.0000000 0.1551537 0.1476311 0.0123599 0.0000000 0.0000000 0.0000000 0.0853930 0.0000000 0.0104675 0.0000000 0.0690928 0.0492616 0.0000000 0.0000000 0.0000000
  4 D   4 0.0336137 0.0000000 0.0172679 0.2840875 0.0000000 0.1763233 0.2403345 0.1022813 0.0081134 0.0399223 0.0073112 0.0219561 0.0000000 0.0000000 0.0259921 0.0255581 0.0172384 0.0000000 0.0000000 0.0000000
  5 P   5 0.1484546 0.0365804 0.0411272 0.1201123 0.0000000 0.0559026 0.1064156 0.0325542 0.0000000 0.0333907 0.0657300 0.0535631 0.0090561 0.0074178 0.1712223 0.0695667 0.0355804 0.0000000 0.0000000 0.0133261
  6 S   6 0.0333129 0.0198976 0.0739421 0.0679158 0.0036122 0.0666971 0.0908380 0.0507793 0.0381514 0.0333823 0.0357898 0.0000000 0.1246953 0.0000000 0.0042937 0.1706371 0.0921912 0.0000000 0.0085994 0.0852648
  7 A   7 0.1902543 0.0000000 0.0196039 0.1126006 0.0000000 0.0660225 0.4322262 0.0219203 0.0159118 0.0000000 0.0125793 0.0000000 0.0000000 0.0000000 0.0000000 0.0826394 0.0300750 0.0000000 0.0000000 0.0161668
  8 A   8 0.2616568 0.0205465 0.0296946 0.0594281 0.0000000 0.0983100 0.1388349 0.0253073 0.0000000 0.0111034 0.0337042 0.0503187 0.0252345 0.0000000 0.0134940 0.1191543 0.0477822 0.0000000 0.0209910 0.0444394
  9 D   9 0.0164849 0.0095511 0.1072103 0.2927012 0.0000000 0.0878144 0.2469686 0.0000000 0.0173016 0.0077749 0.0000000 0.0321891 0.0051330 0.0000000 0.0041786 0.1047784 0.0252452 0.0000000 0.0180040 0.0246646
 10 R  10 0.0108127 0.2088894 0.0447178 0.1240723 0.0000000 0.0561400 0.1190703 0.0000000 0.0059474 0.0138620 0.0458076 0.2107758 0.0000000 0.0000000 0.0000000 0.1184726 0.0302559 0.0000000 0.0000000 0.0111760
 11 N  11 0.1282492 0.0347492 0.2713455 0.0838356 0.0000000 0.0858234 0.0730811 0.0226484 0.0420098 0.0000000 0.0071660 0.0430158 0.0073154 0.0000000 0.0109630 0.1501915 0.0245728 0.0000000 0.0000000 0.0150333
 12 V  12 0.0329917 0.0962814 0.0000000 0.0000000 0.0000000 0.0000000 0.0000000 0.0000000 0.0171109 0.3493888 0.0692330 0.0512733 0.0653864 0.0000000 0.0000000 0.0000000 0.0302147 0.0000000 0.0072920 0.2808277
 13 E  13 0.0087559 0.0550491 0.0000000 0.0965591 0.0000000 0.0902523 0.5749464 0.0031193 0.0110710 0.0000000 0.0000000 0.1024245 0.0000000 0.0000000 0.0000000 0.0548585 0.0029639 0.0000000 0.0000000 0.0000000
 14 I  14 0.0053431 0.1144660 0.0097759 0.0000000 0.0000000 0.1001024 0.0396853 0.0119981 0.0095995 0.2264077 0.0980062 0.1986755 0.1253788 0.0106201 0.0000000 0.0000000 0.0295308 0.0000000 0.0000000 0.0204105
 15 W  15 0.0062858 0.0233322 0.0000000 0.0000000 0.0000000 0.0115160 0.0000000 0.0000000 0.0000000 0.0000000 0.0000000 0.0000000 0.0000000 0.1378761 0.0000000 0.0000000 0.0000000 0.3685155 0.4270226 0.0254518
 16 K  16 0.0000000 0.1339602 0.0000000 0.0315920 0.0000000 0.0519823 0.3299335 0.0000000 0.0000000 0.0034450 0.0427940 0.3776140 0.0035126 0.0000000 0.0000000 0.0000000 0.0112820 0.0000000 0.0000000 0.0138844
 17 I  17 0.0160167 0.0159919 0.0000000 0.0000000 0.0000000 0.0000000 0.0000000 0.0000000 0.0000000 0.2524168 0.3226896 0.0000000 0.0527592 0.2156487 0.0000000 0.0000000 0.0118929 0.0000000 0.0051525 0.1074316
 18 K  18 0.0065639 0.1908931 0.0000000 0.0000000 0.0000000 0.0086064 0.0055407 0.0000000 0.0576353 0.0000000 0.0308047 0.6579398 0.0000000 0.0000000 0.0000000 0.0186284 0.0000000 0.0000000 0.0233876 0.0000000
 19 K  19 0.0499068 0.2030706 0.0817057 0.0233831 0.0000000 0.0501421 0.0491413 0.0000000 0.0000000 0.0067361 0.0072387 0.5063134 0.0000000 0.0000000 0.0000000 0.0052984 0.0047138 0.0000000 0.0000000 0.0123502
 20 L  20 0.0257967 0.0415601 0.0000000 0.0000000 0.0000000 0.0783363 0.0306689 0.0000000 0.0000000 0.0504736 0.4870697 0.0537786 0.0427438 0.0240189 0.0000000 0.0257510 0.0750136 0.0000000 0.0036648 0.0611239
 21 I  21 0.0000000 0.0000000 0.0000000 0.0000000 0.0000000 0.0000000 0.0000000 0.0000000 0.0000000 0.5002815 0.3851223 0.0000000 0.0279196 0.0000000 0.0000000 0.0089011 0.0000000 0.0000000 0.0055521 0.0722234
 22 K  22 0.0085390 0.0596882 0.1274651 0.0658039 0.0000000 0.0568271 0.2562658 0.0063577 0.0069416 0.0000000 0.0000000 0.3821715 0.0000000 0.0044099 0.0000000 0.0046866 0.0208437 0.0000000 0.0000000 0.0000000
 23 S  23 0.0536153 0.0974211 0.0498021 0.0284867 0.0000000 0.0260946 0.2723535 0.0117937 0.0109002 0.0076141 0.0235766 0.0903975 0.0317213 0.0100234 0.0000000 0.1525983 0.0709033 0.0000000 0.0546570 0.0080414
 24 L  24 0.0000000 0.0000000 0.0000000 0.0000000 0.0000000 0.0000000 0.0000000 0.0000000 0.0000000 0.0421411 0.9414976 0.0000000 0.0000000 0.0000000 0.0000000 0.0000000 0.0000000 0.0000000 0.0000000 0.0163613
 25 E  25 0.0330831 0.0785844 0.0062700 0.0876533 0.0000000 0.0402148 0.4210446 0.0036589 0.0000000 0.0023442 0.0000000 0.2009143 0.0000000 0.0000000 0.0021844 0.1166855 0.0047911 0.0000000 0.0000000 0.0025712
 26 A  26 0.1237430 0.0670504 0.1352206 0.0610937 0.0000000 0.0496872 0.0833312 0.0507094 0.0046287 0.0000000 0.0107809 0.1766707 0.0128769 0.0034052 0.0021844 0.1576332 0.0150516 0.0000000 0.0000000 0.0459329
 27 A  27 0.3484475 0.0000000 0.0000000 0.0000000 0.0328413 0.0038869 0.0098181 0.0021844 0.0097817 0.0908039 0.0599434 0.1514408 0.0331074 0.0432427 0.0000000 0.0127815 0.0386097 0.0763604 0.0590082 0.0277420
 28 R  28 0.0089719 0.3729294 0.0130767 0.0080697 0.0000000 0.0210142 0.0893812 0.0045988 0.0477330 0.0000000 0.0000000 0.2761540 0.0000000 0.0000000 0.0000000 0.1055467 0.0426515 0.0000000 0.0000000 0.0098728
 29 G  29 0.1461053 0.0000000 0.0000000 0.0000000 0.0000000 0.0000000 0.0000000 0.7973004 0.0000000 0.0000000 0.0120104 0.0000000 0.0000000 0.0000000 0.0089613 0.0136883 0.0098065 0.0000000 0.0000000 0.0121278
 30 N  30 0.0307789 0.2136345 0.3181422 0.0844674 0.0000000 0.0178954 0.0138006 0.0175156 0.0244779 0.0121278 0.0000000 0.0461861 0.0125500 0.0070538 0.0526014 0.1135099 0.0000000 0.0000000 0.0352585 0.0000000
 31 G  31 0.1247068 0.0560513 0.0437649 0.0000000 0.0000000 0.0138006 0.0000000 0.7037327 0.0299581 0.0000000 0.0000000 0.0120104 0.0000000 0.0000000 0.0000000 0.0159753 0.0000000 0.0000000 0.0000000 0.0000000
 32 T  32 0.0000000 0.0000000 0.0000000 0.0398755 0.0000000 0.0000000 0.0000000 0.0000000 0.0000000 0.0120104 0.0000000 0.0233878 0.0000000 0.0227448 0.0000000 0.0125109 0.8894705 0.0000000 0.0000000 0.0000000
 33 S  33 0.0161757 0.0000000 0.0000000 0.0000000 0.0000000 0.0521723 0.3116256 0.0046777 0.0000000 0.0226049 0.0000000 0.0000000 0.0000000 0.0000000 0.0000000 0.4729055 0.0502052 0.0000000 0.0000000 0.0696331
 34 M  34 0.0120965 0.0000000 0.0000000 0.0000000 0.0307424 0.0000000 0.0000000 0.0000000 0.0000000 0.0000000 0.5558378 0.0000000 0.3736959 0.0000000 0.0000000 0.0000000 0.0000000 0.0000000 0.0000000 0.0276273
 35 I  35 0.0000000 0.0000000 0.0000000 0.0000000 0.0000000 0.0000000 0.0000000 0.0000000 0.0000000 0.5407585 0.0818621 0.0000000 0.0000000 0.0232334 0.0000000 0.0119311 0.0000000 0.0000000 0.0000000 0.3422149
 36 S  36 0.0000000 0.0000000 0.0000000 0.0000000 0.0000000 0.0000000 0.0000000 0.0000000 0.0000000 0.0000000 0.0000000 0.0000000 0.0040316 0.0000000 0.0000000 0.7515833 0.2319568 0.0000000 0.0000000 0.0124283
 37 L  37 0.0000000 0.0000000 0.0000000 0.0000000 0.0000000 0.0000000 0.0000000 0.0123821 0.0000000 0.0749866 0.7477284 0.0000000 0.0083065 0.0000000 0.0000000 0.0000000 0.0000000 0.0000000 0.0000000 0.1565963
 38 I  38 0.0439627 0.0000000 0.0000000 0.0000000 0.0000000 0.0000000 0.0000000 0.0000000 0.0000000 0.3084663 0.0216415 0.0000000 0.0062072 0.0268076 0.0000000 0.0000000 0.0106657 0.0000000 0.4860956 0.0961534
 39 I  39 0.0000000 0.0040166 0.0000000 0.0000000 0.0000000 0.0000000 0.0000000 0.0000000 0.0000000 0.6928417 0.0677371 0.0000000 0.0708238 0.0000000 0.0000000 0.0000000 0.0027632 0.0000000 0.0000000 0.1618177
 40 P  40 0.0000000 0.0201928 0.0481501 0.0000000 0.0000000 0.0000000 0.0000000 0.0000000 0.0000000 0.0000000 0.0000000 0.0097549 0.0000000 0.0000000 0.8944378 0.0148880 0.0125765 0.0000000 0.0000000 0.0000000
 41 P  41 0.0741433 0.0000000 0.0107994 0.0087997 0.0000000 0.0072800 0.0371496 0.0405009 0.0123321 0.0000000 0.0000000 0.0356334 0.0000000 0.0059548 0.6998733 0.0372341 0.0000000 0.0000000 0.0302994 0.0000000
 42 K  42 0.0000000 0.0876084 0.0239364 0.1966522 0.0000000 0.0000000 0.0861275 0.2896508 0.0000000 0.0000000 0.0052192 0.2712633 0.0053055 0.0000000 0.0000000 0.0342367 0.0000000 0.0000000 0.0000000 0.0000000
 43 D  43 0.0245421 0.1903268 0.0056413 0.2726096 0.0000000 0.0024341 0.1260220 0.0324424 0.0000000 0.0000000 0.0000000 0.2311527 0.0000000 0.0301058 0.0000000 0.0260230 0.0068197 0.0000000 0.0466466 0.0052339
 44 Q  44 0.0198531 0.0380954 0.0413329 0.1065607 0.0000000 0.4795632 0.0199610 0.0000000 0.0125926 0.0220423 0.0069024 0.0236869 0.0000000 0.0000000 0.1589817 0.0580536 0.0123744 0.0000000 0.0000000 0.0000000
 45 I  45 0.0052339 0.0000000 0.0000000 0.0000000 0.0000000 0.0000000 0.0000000 0.0000000 0.0000000 0.6346530 0.1721973 0.0000000 0.0472808 0.0120696 0.0050201 0.0000000 0.0000000 0.0000000 0.0000000 0.1235454
 46 S  46 0.0961629 0.0000000 0.0673650 0.0301058 0.0000000 0.0000000 0.0162554 0.0693958 0.0531578 0.0000000 0.0016554 0.0120696 0.0043717 0.0071169 0.0689069 0.5149608 0.0090338 0.0000000 0.0494422 0.0000000
 47 R  47 0.0318845 0.2175420 0.0024726 0.3706154 0.0000000 0.0459549 0.0905814 0.0126118 0.0000000 0.0325780 0.0490699 0.0955679 0.0069665 0.0000000 0.0158869 0.0161983 0.0000000 0.0000000 0.0000000 0.0120696
 48 V  48 0.0930185 0.0000000 0.0000000 0.0000000 0.0000000 0.0019679 0.0064489 0.0000000 0.0058974 0.2187644 0.0000000 0.0000000 0.0282952 0.0067960 0.0000000 0.0193058 0.0229609 0.0000000 0.0128959 0.5836491
 49 A  49 0.1082384 0.1082130 0.0439197 0.0000000 0.0000000 0.0676340 0.0119197 0.0300042 0.0000000 0.0827592 0.0600097 0.0311197 0.0548136 0.0000000 0.0000000 0.1103771 0.1325861 0.0000000 0.0000000 0.1584055
 50 K  50 0.0996772 0.0089039 0.2020050 0.0051241 0.0000000 0.1420290 0.0398157 0.0230875 0.0109345 0.0000000 0.0000000 0.3082022 0.0000000 0.0000000 0.0000000 0.1323831 0.0278379 0.0000000 0.0000000 0.0000000
 51 M  51 0.0000000 0.0485175 0.0083365 0.0000000 0.0000000 0.1392412 0.0000000 0.0000000 0.0767695 0.0000000 0.1662496 0.0744700 0.3168941 0.0202232 0.0395745 0.0163409 0.0179010 0.0000000 0.0714136 0.0040684
 52 L  52 0.0000000 0.0124164 0.0000000 0.0000000 0.0000000 0.0000000 0.0051689 0.0000000 0.0000000 0.0383126 0.7816144 0.0000000 0.0278491 0.0000000 0.0000000 0.0000000 0.0000000 0.0000000 0.0000000 0.1346385
 53 A  53 0.1882550 0.3005289 0.0985934 0.0000000 0.0000000 0.0362448 0.0394651 0.0345768 0.0000000 0.0173983 0.0000000 0.0242766 0.0000000 0.0000000 0.0000000 0.0752007 0.1507476 0.0000000 0.0053330 0.0293800
 54 D  54 0.0027680 0.0000000 0.0623122 0.3026189 0.0000000 0.1761301 0.2307208 0.0149994 0.0066197 0.0000000 0.0000000 0.0125440 0.0034006 0.0000000 0.0000000 0.0705520 0.1034240 0.0000000 0.0104592 0.0034510
 55 E  55 0.0100355 0.0000000 0.0000000 0.0620725 0.0000000 0.0217424 0.8909801 0.0000000 0.0000000 0.0000000 0.0000000 0.0000000 0.0000000 0.0124015 0.0027680 0.0000000 0.0000000 0.0000000 0.0000000 0.0000000
 56 F  56 0.0344876 0.0224158 0.0000000 0.0051329 0.0000000 0.0382109 0.0136009 0.0033481 0.1045172 0.0105661 0.1492480 0.0295248 0.0286335 0.1305483 0.0000000 0.0046101 0.0000000 0.0347485 0.3778023 0.0126049
 57 G  57 0.0935284 0.0000000 0.0000000 0.0048373 0.0000000 0.0000000 0.0127682 0.5138880 0.0000000 0.0000000 0.0000000 0.0000000 0.0222344 0.0000000 0.0000000 0.3405136 0.0122301 0.0000000 0.0000000 0.0000000
 58 T  58 0.0246490 0.0098969 0.0000000 0.0158127 0.0000000 0.1661303 0.1180641 0.0134908 0.0122301 0.0561103 0.0103041 0.0334603 0.0000000 0.0000000 0.0000000 0.0688507 0.4315960 0.0000000 0.0000000 0.0394047
 59 A  59 0.7980159 0.0000000 0.0000000 0.0000000 0.0271110 0.0000000 0.0000000 0.0000000 0.0000000 0.0000000 0.0000000 0.0000000 0.0000000 0.0000000 0.0000000 0.1195959 0.0330428 0.0000000 0.0000000 0.0222344
 60 S  60 0.1533613 0.0228629 0.0082456 0.0670129 0.0000000 0.0679742 0.0450637 0.0249026 0.0000000 0.0000000 0.0000000 0.0122301 0.0086897 0.0000000 0.0000000 0.5199282 0.0665355 0.0000000 0.0000000 0.0031932
 61 N  61 0.0000000 0.0000000 0.8231938 0.0450973 0.0000000 0.0294969 0.0122301 0.0000000 0.0000000 0.0000000 0.0000000 0.0207007 0.0000000 0.0000000 0.0158127 0.0534684 0.0000000 0.0000000 0.0000000 0.0000000
 62 I  62 0.0000000 0.0000000 0.0000000 0.0000000 0.0000000 0.0000000 0.0000000 0.0000000 0.0000000 0.9093858 0.0389806 0.0000000 0.0000000 0.0000000 0.0000000 0.0080952 0.0000000 0.0000000 0.0000000 0.0435383
 63 K  63 0.0000000 0.0107704 0.0158127 0.0389806 0.0000000 0.0347185 0.0000000 0.0000000 0.0000000 0.0072708 0.0000000 0.8621173 0.0000000 0.0000000 0.0000000 0.0000000 0.0000000 0.0080952 0.0222344 0.0000000
 64 S  64 0.0087602 0.0000000 0.0462101 0.1139850 0.0000000 0.0000000 0.0734451 0.0000000 0.0000000 0.0000000 0.0719978 0.0000000 0.0000000 0.0000000 0.0000000 0.6775064 0.0080952 0.0000000 0.0000000 0.0000000
 65 R  65 0.0000000 0.3632444 0.0228629 0.0615802 0.0000000 0.0475643 0.0000000 0.0087602 0.0122683 0.0000000 0.0080952 0.4578809 0.0000000 0.0000000 0.0000000 0.0042526 0.0134908 0.0000000 0.0000000 0.0000000
 66 V  66 0.0100559 0.0649126 0.0297563 0.0061236 0.0000000 0.1287131 0.0232302 0.0286763 0.0116862 0.0701028 0.0540770 0.0239503 0.0000000 0.0000000 0.0000000 0.1136128 0.1060480 0.0000000 0.0000000 0.3290549
 67 N  67 0.0000000 0.0000000 0.4174973 0.0232302 0.0124266 0.0000000 0.0000000 0.0000000 0.0000000 0.0073877 0.0154477 0.0000000 0.0000000 0.0241593 0.0000000 0.0000000 0.4738031 0.0000000 0.0119295 0.0141186
 68 R  68 0.0212592 0.8323950 0.0000000 0.0000000 0.0087216 0.0100559 0.0000000 0.0000000 0.0225916 0.0000000 0.0000000 0.0553857 0.0198461 0.0000000 0.0241593 0.0055857 0.0000000 0.0000000 0.0000000 0.0000000
 69 L  69 0.0154477 0.0000000 0.0500301 0.0585638 0.0000000 0.1548467 0.0055794 0.0082253 0.0142531 0.0118592 0.2457807 0.2018294 0.0000000 0.0000000 0.0000000 0.0605740 0.1689972 0.0000000 0.0000000 0.0040136
 70 S  70 0.1372291 0.0232302 0.3308733 0.0000000 0.0000000 0.0000000 0.0000000 0.0000000 0.0817477 0.0000000 0.0000000 0.0000000 0.0000000 0.0000000 0.0485079 0.3784117 0.0000000 0.0000000 0.0000000 0.0000000
 71 V  71 0.0222344 0.0000000 0.0000000 0.0000000 0.0000000 0.0000000 0.0000000 0.0000000 0.0000000 0.0000000 0.0577391 0.0117409 0.0000000 0.0000000 0.0000000 0.0000000 0.0000000 0.0000000 0.0228629 0.8854228
 72 L  72 0.0000000 0.0000000 0.0000000 0.0000000 0.0000000 0.3754314 0.0529225 0.0000000 0.0000000 0.0475519 0.3414476 0.0239680 0.0069413 0.0238375 0.0000000 0.0096406 0.0699673 0.0000000 0.0000000 0.0482919
 73 G  73 0.0978571 0.0346678 0.0000000 0.2413547 0.0000000 0.0106418 0.0496595 0.2025885 0.0000000 0.0000000 0.0000000 0.0000000 0.0000000 0.0000000 0.0000000 0.2848642 0.0509096 0.0274566 0.0000000 0.0000000
 74 A  74 0.8605737 0.0000000 0.0000000 0.0000000 0.0000000 0.0000000 0.0000000 0.0265846 0.0000000 0.0224603 0.0000000 0.0000000 0.0000000 0.0000000 0.0000000 0.0672686 0.0231128 0.0000000 0.0000000 0.0000000
 75 I  75 0.0000000 0.0000000 0.0000000 0.0000000 0.0000000 0.0057778 0.0000000 0.0000000 0.0000000 0.5843987 0.4018248 0.0000000 0.0079988 0.0000000 0.0000000 0.0000000 0.0000000 0.0000000 0.0000000 0.0000000
 76 T  76 0.0407237 0.0108798 0.0230952 0.0466382 0.0000000 0.0279521 0.2574654 0.0380322 0.0073447 0.0099975 0.0000000 0.0266679 0.0000000 0.0000000 0.0000000 0.0910145 0.4048757 0.0000000 0.0000000 0.0153130
 77 S  77 0.1025494 0.0666086 0.0000000 0.0000000 0.0000000 0.0000000 0.0000000 0.0119761 0.0049330 0.0053158 0.0224603 0.0782762 0.0342058 0.0000000 0.0000000 0.5897654 0.0353761 0.0000000 0.0000000 0.0485333
 78 V  78 0.2686246 0.0000000 0.0000000 0.0000000 0.0147518 0.0000000 0.0000000 0.0000000 0.0000000 0.2796624 0.0878536 0.0000000 0.0000000 0.0000000 0.0000000 0.0085628 0.1861628 0.0000000 0.0000000 0.1543820
 79 Q  79 0.0000000 0.0872464 0.0000000 0.0000000 0.0000000 0.2887793 0.0000000 0.0185677 0.0000000 0.1334964 0.1436659 0.1412955 0.1551587 0.0000000 0.0000000 0.0000000 0.0000000 0.0000000 0.0000000 0.0317899
 80 Q  80 0.0359959 0.0292095 0.0920146 0.1162650 0.0000000 0.3958028 0.1091935 0.0312188 0.0187606 0.0000000 0.0216599 0.0349554 0.0000000 0.0000000 0.0000000 0.1129654 0.0019586 0.0000000 0.0000000 0.0000000
 81 R  81 0.0065048 0.6556818 0.0231940 0.0000000 0.0000000 0.0000000 0.0692025 0.0000000 0.0142498 0.0106792 0.0000000 0.1735246 0.0231764 0.0000000 0.0000000 0.0052411 0.0069901 0.0000000 0.0115557 0.0000000
 82 L  82 0.0000000 0.0000000 0.0000000 0.0000000 0.0000000 0.0000000 0.0000000 0.0000000 0.0000000 0.0290486 0.9209619 0.0000000 0.0112404 0.0000000 0.0000000 0.0000000 0.0000000 0.0000000 0.0000000 0.0387491
 83 K  83 0.0379456 0.1555135 0.0166171 0.0000000 0.0000000 0.0063249 0.0000000 0.0051486 0.0000000 0.0000000 0.0000000 0.6858904 0.0000000 0.0000000 0.0000000 0.0563846 0.0270157 0.0000000 0.0000000 0.0091595
 84 L  84 0.0000000 0.0233263 0.0367574 0.0329147 0.0000000 0.0314699 0.0710901 0.0354630 0.0115232 0.0000000 0.4975009 0.0396450 0.0485573 0.0000000 0.0134106 0.0239172 0.0154881 0.0000000 0.1087537 0.0101828
 85 Y  85 0.0000000 0.0000000 0.0000000 0.0000000 0.0000000 0.0000000 0.0348481 0.0000000 0.0000000 0.1184033 0.1075098 0.0000000 0.0109165 0.0827839 0.0000000 0.0069729 0.0065038 0.0000000 0.6177080 0.0143538
 86 N  86 0.0306980 0.0765261 0.2743856 0.0968321 0.0000000 0.0274225 0.0452189 0.0241510 0.0140217 0.0000000 0.0074829 0.1679496 0.0069729 0.0000000 0.0856544 0.0557130 0.0827151 0.0000000 0.0000000 0.0042563
 87 K  87 0.0214583 0.1288841 0.0304636 0.0032740 0.0000000 0.0831399 0.0934946 0.0000000 0.0036178 0.0000000 0.0000000 0.4546453 0.0035385 0.0084306 0.0000000 0.0609670 0.0995157 0.0000000 0.0033249 0.0052457
 88 V  88 0.0701402 0.0000000 0.0043760 0.0045947 0.0078845 0.0000000 0.0000000 0.0000000 0.0000000 0.0887970 0.0221309 0.0136739 0.0000000 0.0049496 0.1829353 0.0000000 0.2143279 0.0000000 0.0000000 0.3861900
 89 P  89 0.0000000 0.0000000 0.0000000 0.0126954 0.0000000 0.0000000 0.0000000 0.0153588 0.0231731 0.0000000 0.0277941 0.0000000 0.0000000 0.0000000 0.9073047 0.0000000 0.0000000 0.0000000 0.0136739 0.0000000
 90 P  90 0.0218663 0.0239799 0.0306049 0.0818554 0.0000000 0.0143113 0.3728110 0.0084391 0.0019818 0.0000000 0.0021383 0.0392664 0.0000000 0.0000000 0.3251118 0.0171649 0.0356384 0.0000000 0.0231731 0.0016574
 91 N  91 0.0231731 0.0381060 0.7924011 0.0088791 0.0000000 0.0000000 0.0000000 0.0000000 0.0131330 0.0000000 0.0000000 0.0612485 0.0040398 0.0000000 0.0000000 0.0348947 0.0241247 0.0000000 0.0000000 0.0000000
 92 G  92 0.0000000 0.0000000 0.0000000 0.0000000 0.0000000 0.0000000 0.0000000 0.9801318 0.0000000 0.0000000 0.0000000 0.0000000 0.0000000 0.0000000 0.0000000 0.0198682 0.0000000 0.0000000 0.0000000 0.0000000
 93 L  93 0.0044672 0.0000000 0.0000000 0.0000000 0.0000000 0.0000000 0.0000000 0.0000000 0.0000000 0.0622642 0.7407547 0.0000000 0.1168571 0.0084045 0.0000000 0.0000000 0.0000000 0.0225360 0.0000000 0.0447163
 94 V  94 0.2126902 0.0000000 0.0000000 0.0000000 0.0307712 0.0000000 0.0019107 0.0087926 0.0000000 0.0935623 0.0215499 0.0000000 0.0000000 0.0000000 0.0000000 0.0000000 0.0000000 0.0000000 0.0000000 0.6307231
 95 V  95 0.0212308 0.0000000 0.0000000 0.0000000 0.0000000 0.0000000 0.0000000 0.0000000 0.0000000 0.3111100 0.2297578 0.0000000 0.0218803 0.0566193 0.0000000 0.0000000 0.0000000 0.0000000 0.0479011 0.3115007
 96 Y  96 0.0000000 0.0000000 0.0000000 0.0000000 0.0111681 0.0000000 0.0000000 0.0000000 0.0000000 0.0090639 0.0114958 0.0000000 0.0000000 0.5278040 0.0000000 0.0000000 0.0000000 0.0000000 0.4364645 0.0040037
 97 C  97 0.1505730 0.0000000 0.0000000 0.0000000 0.5160117 0.0000000 0.0038098 0.0124375 0.0000000 0.0053712 0.0000000 0.0000000 0.0000000 0.0000000 0.0000000 0.0845094 0.1184882 0.0000000 0.0000000 0.1087992
 98 G  98 0.0136739 0.0297899 0.0000000 0.0000000 0.0000000 0.0000000 0.0000000 0.9565362 0.0000000 0.0000000 0.0000000 0.0000000 0.0000000 0.0000000 0.0000000 0.0000000 0.0000000 0.0000000 0.0000000 0.0000000
 99 T  99 0.1473351 0.0000000 0.0802390 0.0389249 0.0000000 0.0068097 0.0857106 0.0000000 0.0259183 0.0271894 0.0254838 0.0211437 0.0469037 0.0593211 0.0000000 0.0158001 0.3103883 0.0000000 0.0106198 0.0982126
100 I 100 0.0071938 0.0000000 0.0303071 0.0123384 0.0025849 0.0000000 0.0000000 0.0000000 0.0370407 0.3637921 0.0297981 0.0000000 0.0040984 0.0195792 0.0000000 0.0144981 0.0212556 0.0238945 0.0000000 0.4336191
101 V 101 0.0468951 0.0000000 0.0249186 0.1004764 0.0000000 0.0202818 0.0446766 0.0000000 0.0000000 0.1146207 0.1720160 0.0119311 0.0780937 0.0295148 0.0935299 0.0964679 0.0059884 0.0000000 0.0108435 0.1497455
102 T 102 0.0265117 0.0057395 0.0521287 0.0689429 0.0000000 0.0334179 0.1246298 0.0800241 0.0000000 0.0688633 0.0592990 0.0346885 0.0604912 0.0134357 0.0196461 0.0401470 0.2932610 0.0000000 0.0000000 0.0187737
103 E 103 0.0435798 0.0684975 0.0705049 0.1565457 0.0000000 0.0177413 0.3064344 0.2095793 0.0044983 0.0000000 0.0000000 0.0192487 0.0062128 0.0000000 0.0445235 0.0322588 0.0161851 0.0000000 0.0041900 0.0000000
104 E 104 0.0344208 0.0000000 0.0218276 0.2380508 0.0000000 0.0305852 0.3157465 0.2145829 0.0000000 0.0000000 0.0000000 0.0236786 0.0082764 0.0000000 0.0919860 0.0208451 0.0000000 0.0000000 0.0000000 0.0000000
105 G 105 0.0000000 0.0000000 0.1188991 0.1269199 0.0000000 0.0000000 0.0253077 0.6951063 0.0000000 0.0000000 0.0000000 0.0082810 0.0000000 0.0000000 0.0000000 0.0197195 0.0057665 0.0000000 0.0000000 0.0000000
106 K 106 0.0000000 0.1131868 0.0384619 0.0520270 0.0000000 0.0722134 0.0307713 0.0131371 0.0240226 0.0000000 0.0000000 0.4626863 0.0000000 0.0000000 0.0000000 0.0591385 0.1153840 0.0000000 0.0000000 0.0189713
107 E 107 0.0000000 0.0000000 0.0211657 0.0139225 0.0000000 0.0182873 0.5463525 0.0233260 0.0000000 0.0034775 0.0524489 0.0198416 0.0000000 0.0000000 0.0572192 0.0174877 0.1872547 0.0000000 0.0365092 0.0027073
108 K 108 0.0000000 0.0948589 0.0212393 0.1499693 0.0000000 0.0000000 0.1029119 0.0131770 0.0340615 0.0208393 0.0156902 0.4649056 0.0054274 0.0000000 0.0000000 0.0154113 0.0256472 0.0000000 0.0000000 0.0358612
109 K 109 0.0000000 0.0269041 0.0044505 0.0000000 0.0000000 0.0180857 0.0049506 0.0000000 0.0092181 0.0833722 0.0773068 0.3700806 0.1925708 0.0461483 0.0024680 0.0467854 0.0401817 0.0355292 0.0000000 0.0419480
110 V 110 0.0120208 0.0179666 0.0000000 0.0098774 0.0000000 0.0259323 0.1227806 0.0000000 0.0000000 0.1732014 0.0675275 0.0906854 0.0129453 0.0333679 0.0000000 0.0020641 0.0147448 0.0000000 0.0579369 0.3589491
111 N 111 0.0415712 0.0044021 0.1967928 0.0000000 0.1015874 0.0097794 0.0396008 0.0020641 0.0000000 0.0411617 0.0504454 0.0149718 0.0117715 0.0052938 0.0000000 0.0996612 0.2227066 0.0000000 0.0284278 0.1297622
112 I 112 0.0031039 0.0200007 0.0000000 0.0041720 0.0058565 0.0000000 0.0822894 0.0000000 0.0106874 0.2337919 0.0287779 0.0308262 0.0041270 0.1919633 0.0234099 0.0273640 0.0271966 0.0796363 0.1569598 0.0698372
113 D 113 0.0544109 0.0000000 0.0233902 0.3927118 0.0000000 0.0000000 0.0871877 0.0114431 0.0038543 0.0750142 0.0110032 0.0000000 0.0552371 0.0000000 0.0000000 0.0193839 0.0436865 0.0000000 0.0000000 0.2226771
114 F 114 0.0000000 0.0000000 0.0000000 0.0356580 0.0000000 0.0000000 0.0000000 0.0000000 0.0000000 0.2576187 0.1473868 0.0000000 0.0157250 0.4089395 0.0000000 0.0000000 0.0000000 0.0000000 0.0054273 0.1292448
115 E 115 0.0000000 0.0000000 0.0041685 0.0394835 0.0000000 0.0072221 0.6720757 0.0000000 0.0060281 0.0729310 0.0351033 0.0000000 0.0000000 0.0074385 0.0000000 0.0595116 0.0078646 0.0000000 0.0000000 0.0881731
116 P 116 0.0000000 0.0000000 0.0000000 0.0000000 0.0000000 0.0000000 0.0000000 0.0000000 0.0000000 0.0000000 0.0317970 0.0000000 0.0000000 0.0000000 0.9592222 0.0089808 0.0000000 0.0000000 0.0000000 0.0000000
117 F 117 0.0064322 0.0000000 0.0000000 0.0000000 0.0000000 0.0000000 0.0000000 0.0000000 0.0047421 0.0127200 0.0306654 0.0000000 0.0000000 0.3735299 0.5199320 0.0000000 0.0000000 0.0000000 0.0393495 0.0126288
118 K 118 0.0687710 0.1147982 0.0057169 0.0333681 0.0000000 0.0870725 0.2502451 0.0237314 0.0058222 0.0053666 0.0218576 0.3479907 0.0121859 0.0000000 0.0000000 0.0000000 0.0164134 0.0000000 0.0066605 0.0000000
119 P 119 0.0706417 0.0066927 0.0000000 0.0188557 0.0000000 0.0083446 0.0144218 0.0000000 0.0000000 0.0000000 0.0000000 0.0944876 0.0000000 0.0000000 0.7630509 0.0162108 0.0000000 0.0000000 0.0000000 0.0072941
120 I 120 0.0000000 0.0000000 0.0000000 0.0000000 0.0000000 0.0000000 0.0000000 0.0000000 0.0000000 0.4924789 0.1688657 0.0000000 0.0234385 0.0000000 0.0000000 0.0351974 0.0000000 0.0000000 0.0000000 0.2800194
121 N 121 0.0302481 0.0154647 0.4148750 0.0872444 0.0000000 0.0677296 0.0601926 0.0000000 0.0095127 0.0066805 0.0000000 0.0511799 0.0070691 0.0000000 0.0741359 0.0509450 0.0936660 0.0000000 0.0164815 0.0145750
122 T 122 0.0849966 0.0278929 0.0163954 0.0254301 0.0000000 0.0579357 0.0546324 0.0000000 0.0000000 0.0470435 0.0730752 0.0060017 0.0030151 0.0000000 0.0000000 0.1160998 0.4094566 0.0000000 0.0000000 0.0780249
123 S 123 0.0227906 0.0743078 0.0083165 0.0000000 0.0000000 0.0000000 0.0000000 0.0000000 0.0000000 0.0000000 0.0155837 0.0197997 0.0000000 0.2742884 0.0000000 0.3860951 0.0201972 0.0053993 0.1732217 0.0000000
124 L 124 0.0096468 0.1108731 0.0000000 0.0000000 0.0000000 0.0073045 0.0000000 0.0000000 0.0188408 0.1042367 0.4562741 0.0657800 0.0641975 0.0728548 0.0000000 0.0125295 0.0192407 0.0080789 0.0253751 0.0247675
125 Y 125 0.0000000 0.0000000 0.0000000 0.0000000 0.0000000 0.0000000 0.0000000 0.0000000 0.0000000 0.0000000 0.0000000 0.0000000 0.0000000 0.0450873 0.0000000 0.0000000 0.0000000 0.0000000 0.9549127 0.0000000
126 L 126 0.0100196 0.3134890 0.0067651 0.0000000 0.0000000 0.0287762 0.0442227 0.0000000 0.1072026 0.0880827 0.2687784 0.0243968 0.0208926 0.0581342 0.0000000 0.0139536 0.0000000 0.0000000 0.0086496 0.0066369
127 C 127 0.0229971 0.0000000 0.0000000 0.0000000 0.8222150 0.0320801 0.0000000 0.0000000 0.0245929 0.0000000 0.0000000 0.0000000 0.0000000 0.0236472 0.0000000 0.0000000 0.0744677 0.0000000 0.0000000 0.0000000
128 D 128 0.0288054 0.0000000 0.0257196 0.8419073 0.0000000 0.0000000 0.0102364 0.0487160 0.0157249 0.0000000 0.0000000 0.0000000 0.0000000 0.0000000 0.0000000 0.0288903 0.0000000 0.0000000 0.0000000 0.0000000
129 N 129 0.0000000 0.0052539 0.3517710 0.0439390 0.0000000 0.0448297 0.0034349 0.0480058 0.0050033 0.0000000 0.0000000 0.1109603 0.0000000 0.0000000 0.0099153 0.3272836 0.0496032 0.0000000 0.0000000 0.0000000
130 K 130 0.0304608 0.1479977 0.0252434 0.0155614 0.0018218 0.0391517 0.1165520 0.0098785 0.0490213 0.0139536 0.0041225 0.3583144 0.0000000 0.0070522 0.0000000 0.0542834 0.0427742 0.0143972 0.0198700 0.0495439
131 F 131 0.0000000 0.0000000 0.0000000 0.0000000 0.0000000 0.0000000 0.0000000 0.0000000 0.0000000 0.0088781 0.0000000 0.0000000 0.0000000 0.9911219 0.0000000 0.0000000 0.0000000 0.0000000 0.0000000 0.0000000
132 H 132 0.0000000 0.0026436 0.0000000 0.0552791 0.0033028 0.0258121 0.0441522 0.0000000 0.5392667 0.0429040 0.0515462 0.0043985 0.0071156 0.0478051 0.0000000 0.0000000 0.0157249 0.0000000 0.1336139 0.0264352
133 T 133 0.0000000 0.0000000 0.0000000 0.0000000 0.0000000 0.0000000 0.0000000 0.0000000 0.0000000 0.0458395 0.2661976 0.0000000 0.0000000 0.0000000 0.0000000 0.0067522 0.5645717 0.0000000 0.0000000 0.1166389
134 E 134 0.0477519 0.0000000 0.0055377 0.1177578 0.0000000 0.0232617 0.7411372 0.0049897 0.0000000 0.0000000 0.0000000 0.0151043 0.0000000 0.0000000 0.0000000 0.0259748 0.0184850 0.0000000 0.0000000 0.0000000
135 A 135 0.2405908 0.0000000 0.0000000 0.0361494 0.0100196 0.0268919 0.0462032 0.0000000 0.0054016 0.0686621 0.0208458 0.0089791 0.0064585 0.0641902 0.4302001 0.0047107 0.0111398 0.0000000 0.0049673 0.0145898
136 L 136 0.0000000 0.0000000 0.0000000 0.0000000 0.0000000 0.0000000 0.0000000 0.0000000 0.0000000 0.0065701 0.9661981 0.0000000 0.0075478 0.0067522 0.0000000 0.0000000 0.0000000 0.0000000 0.0000000 0.0129318
137 T 137 0.0288922 0.0678422 0.0412869 0.0160429 0.0000000 0.0559501 0.3511795 0.0153073 0.0317646 0.0147145 0.0311738 0.1618370 0.0000000 0.0137183 0.0000000 0.0774489 0.0759471 0.0000000 0.0000000 0.0168947
138 A 138 0.1304570 0.0363364 0.0033179 0.2657052 0.0155838 0.0435474 0.3523203 0.0204065 0.0123967 0.0000000 0.0000000 0.0129318 0.0000000 0.0063413 0.0167278 0.0482828 0.0077889 0.0000000 0.0174171 0.0104391
139 L 139 0.0108961 0.0000000 0.0000000 0.0000000 0.0000000 0.0272263 0.0000000 0.0000000 0.0111398 0.0274868 0.4410550 0.0000000 0.4085799 0.0236741 0.0000000 0.0033179 0.0163552 0.0000000 0.0056759 0.0245929
140 L 140 0.0176815 0.0000000 0.0000000 0.0000000 0.0000000 0.0000000 0.0000000 0.0270531 0.0000000 0.0969980 0.7079548 0.0000000 0.0136549 0.0115882 0.0000000 0.0000000 0.0290553 0.0026291 0.0000000 0.0933852
141 S 141 0.0790864 0.0454233 0.0102250 0.0417760 0.0000000 0.0647474 0.3945232 0.0510950 0.0161753 0.0191770 0.0000000 0.1105231 0.0077415 0.0000000 0.0000000 0.0769656 0.0349069 0.0000000 0.0040883 0.0435460
142 D 142 0.0474534 0.0000000 0.0546222 0.3636046 0.0040930 0.0055901 0.2214210 0.0000000 0.0041343 0.0102250 0.0126453 0.0000000 0.0042648 0.0000000 0.0534637 0.1561648 0.0294230 0.0000000 0.0032647 0.0296302
143 L 143 0.0145580 0.0213806 0.0565431 0.4195953 0.0136443 0.0305392 0.0867362 0.0120689 0.0044875 0.0000000 0.0145441 0.2173316 0.0000000 0.0000000 0.0058680 0.0888207 0.0138824 0.0000000 0.0000000 0.0000000
144 E 144 0.0371630 0.0290882 0.0822781 0.2456368 0.0000000 0.0418400 0.1906062 0.0450434 0.0000000 0.0054350 0.0000000 0.0781395 0.0000000 0.0072790 0.0495275 0.1286509 0.0190160 0.0000000 0.0134526 0.0268439
145 H 145 0.0373357 0.0398924 0.0000000 0.0000000 0.0267512 0.0111752 0.0000000 0.0000000 0.0159248 0.0248215 0.0582351 0.3382751 0.0039613 0.0000000 0.0232839 0.0219401 0.2033108 0.0000000 0.0056194 0.1894736
146 H 146 0.0000000 0.0000000 0.0000000 0.0000000 0.0000000 0.0000000 0.0000000 0.0000000 0.0162000 0.0000000 0.0000000 0.0000000 0.0000000 0.4601674 0.0000000 0.0000000 0.0000000 0.0058306 0.5178020 0.0000000
147 H 147 0.0000000 0.0000000 0.0000000 0.0000000 0.0000000 0.0000000 0.0000000 0.0000000 1.0000000 0.0000000 0.0000000 0.0000000 0.0000000 0.0000000 0.0000000 0.0000000 0.0000000 0.0000000 0.0000000 0.0000000
148 H 148 0.0000000 0.0000000 0.3277426 0.0000000 0.0000000 0.3549749 0.0000000 0.0000000 0.3172826 0.0000000 0.0000000 0.0000000 0.0000000 0.0000000 0.0000000 0.0000000 0.0000000 0.0000000 0.0000000 0.0000000
149 H 149 0.0000000 0.0000000 0.0000000 0.0000000 0.0000000 0.3277426 0.3549749 0.0000000 0.3172826 0.0000000 0.0000000 0.0000000 0.0000000 0.0000000 0.0000000 0.0000000 0.0000000 0.0000000 0.0000000 0.0000000
150 H 150 0.0000000 0.0000000 0.6827174 0.0000000 0.0000000 0.0000000 0.0000000 0.0000000 0.3172826 0.0000000 0.0000000 0.0000000 0.0000000 0.0000000 0.0000000 0.0000000 0.0000000 0.0000000 0.0000000 0.0000000
