  150         A         R         N         D         C         Q         E         G         H         I         L         K         M         F         P         S         T         W         Y         V         X    
  1 M   1 0.0000000 0.0000000 0.0000000 0.0000000 0.0000000 0.0000000 0.0000000 0.0000000 0.0000000 0.0104412 0.0045120 0.0000000 0.2613351 0.0000000 0.0000000 0.0000000 0.0000000 0.0000000 0.0000000 0.0000000 0.7237116
  2 A   2 0.1138912 0.0000000 0.0029963 0.0109768 0.0000000 0.0000000 0.0048403 0.0138559 0.0000000 0.0000000 0.0000000 0.0000000 0.0000000 0.0000000 0.0046681 0.1582914 0.0127020 0.0000000 0.0000000 0.0159723 0.6618057
  3 D   3 0.0232245 0.0000000 0.0298308 0.1188280 0.0000000 0.0552756 0.0585740 0.0044212 0.0000000 0.0000000 0.0000000 0.0301215 0.0000000 0.0036649 0.0000000 0.0275450 0.0176423 0.0000000 0.0000000 0.0000000 0.6308720
  4 D   4 0.0133550 0.0000000 0.0076033 0.1171797 0.0000000 0.0696322 0.1047030 0.0402589 0.0032343 0.0160523 0.0029364 0.0086870 0.0000000 0.0000000 0.0104066 0.0101672 0.0068958 0.0000000 0.0000000 0.0000000 0.5888883
  5 P   5 0.0622182 0.0156464 0.0174680 0.0508922 0.0000000 0.0236812 0.0481401 0.0138608 0.0000000 0.0138210 0.0277380 0.0284098 0.0038544 0.0031915 0.0771257 0.0303592 0.0146845 0.0000000 0.0000000 0.0056993 0.5632096
  6 S   6 0.0161923 0.0097806 0.0366662 0.0393867 0.0018025 0.0327524 0.0442864 0.0249851 0.0188620 0.0166173 0.0180590 0.0000000 0.0616287 0.0000000 0.0021162 0.0918195 0.0465920 0.0000000 0.0037569 0.0414791 0.4932168
  7 A   7 0.0994150 0.0000000 0.0098136 0.0563721 0.0000000 0.0388514 0.2161665 0.0105701 0.0080105 0.0000000 0.0063486 0.0000000 0.0000000 0.0000000 0.0000000 0.0443150 0.0151868 0.0000000 0.0000000 0.0080381 0.4869122
  8 A   8 0.1536757 0.0168154 0.0160909 0.0321748 0.0000000 0.0523050 0.0753466 0.0138138 0.0000000 0.0059974 0.0178769 0.0278143 0.0138538 0.0000000 0.0073109 0.0678573 0.0260703 0.0000000 0.0113507 0.0254762 0.4361700
  9 D   9 0.0097806 0.0058658 0.0703776 0.1822904 0.0000000 0.0526640 0.1473373 0.0000000 0.0104634 0.0046674 0.0000000 0.0189569 0.0030649 0.0000000 0.0024933 0.0614916 0.0209089 0.0000000 0.0107660 0.0145791 0.3842930
 10 R  10 0.0069505 0.1548377 0.0272054 0.0786133 0.0000000 0.0352755 0.0751996 0.0000000 0.0038017 0.0086870 0.0289765 0.1402469 0.0000000 0.0000000 0.0000000 0.0746588 0.0191635 0.0000000 0.0000000 0.0071251 0.3392585
 11 N  11 0.0832336 0.0231116 0.2004167 0.0548601 0.0000000 0.0556049 0.0574477 0.0148521 0.0269247 0.0000000 0.0048602 0.0259813 0.0049094 0.0000000 0.0072245 0.0983611 0.0161521 0.0000000 0.0000000 0.0097806 0.3162795
 12 V  12 0.0227982 0.0662099 0.0000000 0.0000000 0.0000000 0.0000000 0.0000000 0.0000000 0.0118209 0.2522351 0.0465860 0.0350960 0.0509719 0.0000000 0.0000000 0.0000000 0.0207803 0.0000000 0.0050599 0.2020588 0.2863828
 13 E  13 0.0062752 0.0394000 0.0000000 0.0660234 0.0000000 0.0649284 0.4316827 0.0022081 0.0080493 0.0000000 0.0000000 0.0734066 0.0000000 0.0000000 0.0000000 0.0488072 0.0021162 0.0000000 0.0000000 0.0000000 0.2571028
 14 I  14 0.0039944 0.0862490 0.0073703 0.0000000 0.0000000 0.0809658 0.0262095 0.0086668 0.0129179 0.1778501 0.0740084 0.1605897 0.0937973 0.0093293 0.0000000 0.0000000 0.0224753 0.0000000 0.0000000 0.0153768 0.2201992
 15 W  15 0.0050275 0.0192405 0.0000000 0.0000000 0.0000000 0.0094109 0.0000000 0.0000000 0.0000000 0.0000000 0.0000000 0.0000000 0.0000000 0.1114135 0.0000000 0.0000000 0.0000000 0.3086907 0.3509912 0.0193383 0.1758874
 16 K  16 0.0000000 0.1112247 0.0000000 0.0264573 0.0000000 0.0432145 0.2844524 0.0000000 0.0000000 0.0029059 0.0351624 0.3387568 0.0029606 0.0000000 0.0000000 0.0000000 0.0097696 0.0000000 0.0000000 0.0116698 0.1334261
 17 I  17 0.0120371 0.0136793 0.0000000 0.0000000 0.0000000 0.0000000 0.0000000 0.0000000 0.0000000 0.2395473 0.2889291 0.0000000 0.0451012 0.1878535 0.0000000 0.0000000 0.0103416 0.0000000 0.0042205 0.0941982 0.1040924
 18 K  18 0.0058658 0.1664074 0.0000000 0.0000000 0.0000000 0.0074419 0.0048339 0.0000000 0.0498722 0.0000000 0.0230180 0.6034462 0.0000000 0.0000000 0.0000000 0.0156840 0.0000000 0.0000000 0.0193383 0.0000000 0.1040924
 19 K  19 0.0435146 0.1767405 0.0656482 0.0205431 0.0000000 0.0514211 0.0433077 0.0000000 0.0000000 0.0060469 0.0063486 0.4641785 0.0000000 0.0000000 0.0000000 0.0046494 0.0041606 0.0000000 0.0000000 0.0113357 0.1021051
 20 L  20 0.0225942 0.0361929 0.0000000 0.0000000 0.0000000 0.0668248 0.0258363 0.0000000 0.0000000 0.0445121 0.4513855 0.0473864 0.0377239 0.0214782 0.0000000 0.0223173 0.0651248 0.0000000 0.0032203 0.0532983 0.1021051
 21 I  21 0.0000000 0.0000000 0.0000000 0.0000000 0.0000000 0.0000000 0.0000000 0.0000000 0.0000000 0.4540471 0.3493356 0.0000000 0.0338299 0.0000000 0.0000000 0.0066430 0.0000000 0.0000000 0.0049069 0.0634242 0.0878134
 22 K  22 0.0074969 0.0516057 0.1131963 0.0678843 0.0000000 0.0497968 0.2264170 0.0056551 0.0060731 0.0000000 0.0000000 0.3578753 0.0000000 0.0039267 0.0000000 0.0040205 0.0182389 0.0000000 0.0000000 0.0000000 0.0878134
 23 S  23 0.0476936 0.0855397 0.0512993 0.0253798 0.0000000 0.0228028 0.2416071 0.0106055 0.0097817 0.0068558 0.0213915 0.0954483 0.0271455 0.0088321 0.0000000 0.1472977 0.0613828 0.0000000 0.0442071 0.0072999 0.0854300
 24 L  24 0.0000000 0.0000000 0.0000000 0.0000000 0.0000000 0.0000000 0.0000000 0.0000000 0.0000000 0.0360793 0.8640110 0.0000000 0.0000000 0.0000000 0.0000000 0.0000000 0.0000000 0.0000000 0.0000000 0.0144797 0.0854300
 25 E  25 0.0289861 0.0700446 0.0055766 0.0765666 0.0000000 0.0453184 0.3968994 0.0032468 0.0000000 0.0021189 0.0000000 0.1837032 0.0000000 0.0000000 0.0023834 0.1041090 0.0043264 0.0000000 0.0000000 0.0022898 0.0744308
 26 A  26 0.1167197 0.0606124 0.1194934 0.0547482 0.0000000 0.0448408 0.0745599 0.0533221 0.0040205 0.0000000 0.0096717 0.1610763 0.0146737 0.0088122 0.0023834 0.1407380 0.0135463 0.0000000 0.0000000 0.0463504 0.0744308
 27 A  27 0.3172984 0.0000000 0.0000000 0.0000000 0.0286986 0.0034842 0.0086870 0.0023834 0.0086706 0.0765409 0.0535786 0.1356886 0.0291909 0.0391794 0.0000000 0.0112480 0.0433026 0.0726183 0.0530344 0.0419652 0.0744308
 28 R  28 0.0093293 0.3631419 0.0116698 0.0072313 0.0000000 0.0189231 0.0795906 0.0041606 0.0423443 0.0000000 0.0000000 0.2416160 0.0000000 0.0000000 0.0000000 0.0966013 0.0419129 0.0000000 0.0000000 0.0090481 0.0744308
 29 G  29 0.1324994 0.0000000 0.0000000 0.0000000 0.0000000 0.0000000 0.0000000 0.7318619 0.0000000 0.0000000 0.0142917 0.0000000 0.0000000 0.0000000 0.0093293 0.0202836 0.0086870 0.0000000 0.0000000 0.0103933 0.0726537
 30 N  30 0.0271185 0.2017141 0.2931378 0.0754347 0.0000000 0.0218360 0.0119096 0.0155165 0.0226452 0.0103933 0.0000000 0.0484995 0.0110154 0.0063486 0.0493144 0.1001070 0.0000000 0.0000000 0.0323557 0.0000000 0.0726537
 31 G  31 0.1153627 0.0498722 0.0480544 0.0000000 0.0000000 0.0119096 0.0000000 0.6505557 0.0230180 0.0000000 0.0000000 0.0142917 0.0000000 0.0000000 0.0000000 0.0142822 0.0000000 0.0000000 0.0000000 0.0000000 0.0726537
 32 T  32 0.0000000 0.0000000 0.0000000 0.0353924 0.0000000 0.0000000 0.0000000 0.0000000 0.0000000 0.0142917 0.0000000 0.0201004 0.0000000 0.0193383 0.0000000 0.0185065 0.8197170 0.0000000 0.0000000 0.0000000 0.0726537
 33 S  33 0.0144797 0.0000000 0.0000000 0.0000000 0.0000000 0.0500441 0.2857257 0.0041500 0.0000000 0.0203627 0.0000000 0.0000000 0.0000000 0.0000000 0.0000000 0.4419097 0.0465471 0.0000000 0.0000000 0.0641273 0.0726537
 34 M  34 0.0103933 0.0000000 0.0000000 0.0000000 0.0304218 0.0000000 0.0000000 0.0000000 0.0000000 0.0000000 0.5074858 0.0000000 0.3581753 0.0000000 0.0000000 0.0000000 0.0000000 0.0000000 0.0000000 0.0244556 0.0690682
 35 I  35 0.0000000 0.0000000 0.0000000 0.0000000 0.0000000 0.0000000 0.0000000 0.0000000 0.0000000 0.4980480 0.0853809 0.0000000 0.0000000 0.0201004 0.0000000 0.0142917 0.0000000 0.0000000 0.0000000 0.3177560 0.0644230
 36 S  36 0.0000000 0.0000000 0.0000000 0.0000000 0.0000000 0.0000000 0.0000000 0.0000000 0.0000000 0.0000000 0.0000000 0.0000000 0.0046452 0.0000000 0.0000000 0.7068009 0.2056243 0.0000000 0.0000000 0.0185065 0.0644230
 37 L  37 0.0000000 0.0000000 0.0000000 0.0000000 0.0000000 0.0000000 0.0000000 0.0185065 0.0000000 0.0673174 0.7087229 0.0000000 0.0090359 0.0000000 0.0000000 0.0000000 0.0000000 0.0000000 0.0000000 0.1369900 0.0594273
 38 I  38 0.0397343 0.0000000 0.0000000 0.0000000 0.0000000 0.0000000 0.0000000 0.0000000 0.0000000 0.2918745 0.0195271 0.0000000 0.0056551 0.0287176 0.0000000 0.0000000 0.0097817 0.0000000 0.4515788 0.0937036 0.0594273
 39 I  39 0.0000000 0.0046452 0.0000000 0.0000000 0.0000000 0.0000000 0.0000000 0.0000000 0.0000000 0.6589714 0.0656192 0.0000000 0.0628740 0.0000000 0.0000000 0.0000000 0.0024248 0.0000000 0.0000000 0.1460380 0.0594273
 40 P  40 0.0000000 0.0181588 0.0437064 0.0000000 0.0000000 0.0000000 0.0000000 0.0000000 0.0000000 0.0000000 0.0000000 0.0086368 0.0000000 0.0000000 0.8272507 0.0132981 0.0110154 0.0000000 0.0000000 0.0000000 0.0779338
 41 P  41 0.0769360 0.0000000 0.0097817 0.0078314 0.0000000 0.0066325 0.0326343 0.0326321 0.0110961 0.0000000 0.0000000 0.0320389 0.0000000 0.0052776 0.6472802 0.0337517 0.0000000 0.0000000 0.0261736 0.0000000 0.0779338
 42 K  42 0.0000000 0.0820685 0.0215692 0.1764409 0.0000000 0.0000000 0.0772568 0.2701435 0.0000000 0.0000000 0.0045351 0.2554837 0.0046865 0.0000000 0.0000000 0.0298822 0.0000000 0.0000000 0.0000000 0.0000000 0.0779338
 43 D  43 0.0208485 0.1760632 0.0049745 0.2515024 0.0000000 0.0021708 0.1110560 0.0294064 0.0000000 0.0000000 0.0000000 0.2113970 0.0000000 0.0230180 0.0000000 0.0264631 0.0060764 0.0000000 0.0513568 0.0045351 0.0811320
 44 Q  44 0.0175671 0.0339522 0.0449831 0.0932029 0.0000000 0.4425726 0.0213247 0.0000000 0.0112556 0.0190803 0.0061011 0.0205802 0.0000000 0.0000000 0.1476530 0.0496435 0.0109517 0.0000000 0.0000000 0.0000000 0.0811320
 45 I  45 0.0045351 0.0000000 0.0000000 0.0000000 0.0000000 0.0000000 0.0000000 0.0000000 0.0000000 0.5748942 0.1486171 0.0000000 0.0520922 0.0142917 0.0045167 0.0000000 0.0000000 0.0000000 0.0000000 0.1199211 0.0811320
 46 S  46 0.0964163 0.0000000 0.0595920 0.0230180 0.0000000 0.0000000 0.0144797 0.0617992 0.0476201 0.0000000 0.0014998 0.0142917 0.0039267 0.0063357 0.0641609 0.4731080 0.0090664 0.0000000 0.0435535 0.0000000 0.0811320
 47 R  47 0.0281590 0.2014108 0.0022937 0.3421400 0.0000000 0.0401751 0.0793411 0.0110154 0.0000000 0.0271034 0.0418285 0.0948985 0.0062735 0.0000000 0.0154025 0.0145349 0.0000000 0.0000000 0.0000000 0.0142917 0.0811320
 48 V  48 0.0891755 0.0000000 0.0000000 0.0000000 0.0000000 0.0017775 0.0057359 0.0000000 0.0052776 0.2019493 0.0000000 0.0000000 0.0252828 0.0060731 0.0000000 0.0169077 0.0244260 0.0000000 0.0115725 0.5491966 0.0626255
 49 A  49 0.0980499 0.0936879 0.0395629 0.0000000 0.0000000 0.0611681 0.0142917 0.0264026 0.0000000 0.0739389 0.0576900 0.0368629 0.0499118 0.0000000 0.0000000 0.1088314 0.1248985 0.0000000 0.0000000 0.1520777 0.0626255
 50 K  50 0.0898691 0.0080514 0.1929153 0.0046494 0.0000000 0.1265969 0.0457329 0.0207861 0.0097806 0.0000000 0.0000000 0.2932303 0.0000000 0.0000000 0.0000000 0.1205173 0.0252452 0.0000000 0.0000000 0.0000000 0.0626255
 51 M  51 0.0000000 0.0433418 0.0078061 0.0000000 0.0000000 0.1223153 0.0000000 0.0000000 0.0689367 0.0000000 0.1619460 0.0656667 0.2978617 0.0279539 0.0353924 0.0221123 0.0162799 0.0000000 0.0639624 0.0037993 0.0626255
 52 L  52 0.0000000 0.0185065 0.0000000 0.0000000 0.0000000 0.0000000 0.0045351 0.0000000 0.0000000 0.0345543 0.7217486 0.0000000 0.0248044 0.0000000 0.0000000 0.0000000 0.0000000 0.0000000 0.0000000 0.1332257 0.0626255
 53 A  53 0.1685358 0.2789396 0.0934032 0.0000000 0.0000000 0.0324780 0.0353924 0.0420570 0.0000000 0.0158474 0.0000000 0.0221056 0.0000000 0.0000000 0.0000000 0.0754547 0.1452842 0.0000000 0.0048339 0.0262410 0.0594273
 54 D  54 0.0031982 0.0000000 0.0563814 0.2911703 0.0000000 0.1637224 0.2132196 0.0133041 0.0055597 0.0000000 0.0000000 0.0112768 0.0030649 0.0000000 0.0000000 0.0641169 0.0916663 0.0000000 0.0094833 0.0031334 0.0707026
 55 E  55 0.0086668 0.0000000 0.0000000 0.0547307 0.0000000 0.0190803 0.8251148 0.0000000 0.0000000 0.0000000 0.0000000 0.0000000 0.0000000 0.0185065 0.0031982 0.0000000 0.0000000 0.0000000 0.0000000 0.0000000 0.0707026
 56 F  56 0.0352155 0.0193383 0.0000000 0.0045351 0.0000000 0.0355692 0.0119096 0.0030557 0.0946600 0.0096734 0.1435174 0.0230180 0.0295518 0.1299613 0.0000000 0.0041500 0.0000000 0.0323557 0.3499215 0.0113507 0.0622168
 57 G  57 0.0859763 0.0000000 0.0000000 0.0044478 0.0000000 0.0000000 0.0116698 0.4959428 0.0000000 0.0000000 0.0000000 0.0000000 0.0193383 0.0000000 0.0000000 0.3122382 0.0185065 0.0000000 0.0000000 0.0000000 0.0518803
 58 T  58 0.0220874 0.0086668 0.0000000 0.0144797 0.0000000 0.1520909 0.1069038 0.0119096 0.0185065 0.0570897 0.0096908 0.0394637 0.0000000 0.0000000 0.0000000 0.0642131 0.4077122 0.0000000 0.0000000 0.0353054 0.0518803
 59 A  59 0.7510199 0.0000000 0.0000000 0.0000000 0.0247495 0.0000000 0.0000000 0.0000000 0.0000000 0.0000000 0.0000000 0.0000000 0.0000000 0.0000000 0.0000000 0.1212009 0.0318111 0.0000000 0.0000000 0.0193383 0.0518803
 60 S  60 0.1423777 0.0201004 0.0071813 0.0628159 0.0000000 0.0658446 0.0418258 0.0228543 0.0000000 0.0000000 0.0000000 0.0185065 0.0080620 0.0000000 0.0000000 0.4928167 0.0627916 0.0000000 0.0000000 0.0029427 0.0518803
 61 N  61 0.0000000 0.0000000 0.7759567 0.0394387 0.0000000 0.0301990 0.0185065 0.0000000 0.0000000 0.0000000 0.0000000 0.0187037 0.0000000 0.0000000 0.0144797 0.0508354 0.0000000 0.0000000 0.0000000 0.0000000 0.0518803
 62 I  62 0.0000000 0.0000000 0.0000000 0.0000000 0.0000000 0.0000000 0.0000000 0.0000000 0.0000000 0.8635452 0.0353924 0.0000000 0.0000000 0.0000000 0.0000000 0.0103365 0.0000000 0.0000000 0.0000000 0.0388456 0.0518803
 63 K  63 0.0000000 0.0097806 0.0144797 0.0353924 0.0000000 0.0304937 0.0000000 0.0000000 0.0000000 0.0066453 0.0000000 0.8216531 0.0000000 0.0000000 0.0000000 0.0000000 0.0000000 0.0103365 0.0193383 0.0000000 0.0518803
 64 S  64 0.0093293 0.0000000 0.0410460 0.1097889 0.0000000 0.0000000 0.0732372 0.0000000 0.0000000 0.0000000 0.0718701 0.0000000 0.0000000 0.0000000 0.0000000 0.6325116 0.0103365 0.0000000 0.0000000 0.0000000 0.0518803
 65 R  65 0.0000000 0.3444896 0.0201004 0.0569467 0.0000000 0.0420354 0.0000000 0.0093293 0.0110154 0.0000000 0.0103365 0.4380300 0.0000000 0.0000000 0.0000000 0.0039267 0.0119096 0.0000000 0.0000000 0.0000000 0.0518803
 66 V  66 0.0086668 0.0672868 0.0230180 0.0055145 0.0000000 0.1154638 0.0201004 0.0293274 0.0104293 0.0671279 0.0520817 0.0219703 0.0000000 0.0000000 0.0000000 0.1093765 0.0964196 0.0000000 0.0000000 0.3068568 0.0663601
 67 N  67 0.0000000 0.0000000 0.3899410 0.0201004 0.0185065 0.0000000 0.0000000 0.0000000 0.0000000 0.0066453 0.0136793 0.0000000 0.0000000 0.0217132 0.0000000 0.0000000 0.4364420 0.0000000 0.0142917 0.0123204 0.0663601
 68 R  68 0.0221651 0.7796011 0.0000000 0.0000000 0.0066430 0.0086668 0.0000000 0.0000000 0.0193383 0.0000000 0.0000000 0.0497393 0.0207488 0.0000000 0.0217132 0.0050244 0.0000000 0.0000000 0.0000000 0.0000000 0.0663601
 69 L  69 0.0136793 0.0000000 0.0558991 0.0582558 0.0000000 0.1492051 0.0050275 0.0103365 0.0141633 0.0105861 0.2287300 0.1769081 0.0000000 0.0000000 0.0000000 0.0541643 0.1530469 0.0000000 0.0000000 0.0036380 0.0663601
 70 S  70 0.1322340 0.0201004 0.2961160 0.0000000 0.0000000 0.0000000 0.0000000 0.0000000 0.0750072 0.0000000 0.0000000 0.0000000 0.0000000 0.0000000 0.0447218 0.3654605 0.0000000 0.0000000 0.0000000 0.0000000 0.0663601
 71 V  71 0.0193383 0.0000000 0.0000000 0.0000000 0.0000000 0.0000000 0.0000000 0.0000000 0.0000000 0.0000000 0.0594586 0.0142917 0.0000000 0.0000000 0.0000000 0.0000000 0.0000000 0.0000000 0.0201004 0.8349305 0.0518803
 72 L  72 0.0000000 0.0000000 0.0000000 0.0000000 0.0000000 0.3468025 0.0503869 0.0000000 0.0000000 0.0391719 0.3246988 0.0220028 0.0064039 0.0280471 0.0000000 0.0086706 0.0645631 0.0000000 0.0000000 0.0469737 0.0622787
 73 G  73 0.0879631 0.0324001 0.0000000 0.2205864 0.0000000 0.0097817 0.0480785 0.1936518 0.0000000 0.0000000 0.0000000 0.0000000 0.0000000 0.0000000 0.0000000 0.2654357 0.0472132 0.0246641 0.0000000 0.0000000 0.0702254
 74 A  74 0.7951391 0.0000000 0.0000000 0.0000000 0.0000000 0.0000000 0.0000000 0.0326616 0.0000000 0.0193383 0.0000000 0.0000000 0.0000000 0.0000000 0.0000000 0.0611574 0.0214782 0.0000000 0.0000000 0.0000000 0.0702254
 75 I  75 0.0000000 0.0000000 0.0000000 0.0000000 0.0000000 0.0084858 0.0000000 0.0000000 0.0000000 0.5464462 0.3619247 0.0000000 0.0129179 0.0000000 0.0000000 0.0000000 0.0000000 0.0000000 0.0000000 0.0000000 0.0702254
 76 T  76 0.0410925 0.0097806 0.0201004 0.0422906 0.0000000 0.0270912 0.2303582 0.0376277 0.0066453 0.0086668 0.0000000 0.0244924 0.0000000 0.0000000 0.0000000 0.0823077 0.3854564 0.0000000 0.0000000 0.0138647 0.0702254
 77 S  77 0.0954736 0.0614044 0.0000000 0.0000000 0.0000000 0.0000000 0.0000000 0.0103933 0.0045167 0.0048927 0.0193383 0.0673517 0.0308087 0.0000000 0.0000000 0.5584574 0.0334996 0.0000000 0.0000000 0.0436384 0.0702254
 78 V  78 0.2607901 0.0000000 0.0000000 0.0000000 0.0133220 0.0000000 0.0000000 0.0000000 0.0000000 0.2516597 0.0781158 0.0000000 0.0000000 0.0000000 0.0000000 0.0076026 0.1685667 0.0000000 0.0000000 0.1497178 0.0702254
 79 Q  79 0.0000000 0.0816263 0.0000000 0.0000000 0.0000000 0.2774376 0.0000000 0.0166786 0.0000000 0.1270730 0.1358934 0.1249385 0.1375116 0.0000000 0.0000000 0.0000000 0.0000000 0.0000000 0.0000000 0.0286156 0.0702254
 80 Q  80 0.0327923 0.0264603 0.0806165 0.1096868 0.0000000 0.3725752 0.1014593 0.0281372 0.0200832 0.0000000 0.0190803 0.0343922 0.0000000 0.0000000 0.0000000 0.1026273 0.0018640 0.0000000 0.0000000 0.0000000 0.0702254
 81 R  81 0.0060469 0.6209162 0.0214782 0.0000000 0.0000000 0.0000000 0.0584104 0.0000000 0.0130176 0.0097817 0.0000000 0.1553650 0.0201004 0.0000000 0.0000000 0.0048306 0.0063486 0.0000000 0.0103853 0.0000000 0.0733190
 82 L  82 0.0000000 0.0000000 0.0000000 0.0000000 0.0000000 0.0000000 0.0000000 0.0000000 0.0000000 0.0319044 0.8529213 0.0000000 0.0101341 0.0000000 0.0000000 0.0000000 0.0000000 0.0000000 0.0000000 0.0348149 0.0702254
 83 K  83 0.0330176 0.1373544 0.0145183 0.0000000 0.0000000 0.0058658 0.0000000 0.0046674 0.0000000 0.0000000 0.0000000 0.6361026 0.0000000 0.0000000 0.0000000 0.0520535 0.0270101 0.0000000 0.0000000 0.0103728 0.0790375
 84 L  84 0.0000000 0.0210398 0.0312479 0.0290901 0.0000000 0.0301321 0.0622105 0.0323557 0.0091168 0.0000000 0.4583441 0.0354785 0.0434170 0.0000000 0.0120542 0.0229934 0.0143723 0.0000000 0.0967666 0.0086668 0.0927142
 85 Y  85 0.0000000 0.0000000 0.0000000 0.0000000 0.0000000 0.0000000 0.0319075 0.0000000 0.0000000 0.1083397 0.0954056 0.0000000 0.0097806 0.0745593 0.0000000 0.0062493 0.0060469 0.0000000 0.5754323 0.0132414 0.0790375
 86 N  86 0.0284531 0.0673464 0.2601652 0.0863348 0.0000000 0.0279303 0.0407311 0.0199265 0.0126273 0.0000000 0.0068603 0.1518205 0.0062493 0.0000000 0.0789882 0.0511361 0.0784917 0.0000000 0.0000000 0.0039015 0.0790375
 87 K  87 0.0191145 0.1193816 0.0255050 0.0029606 0.0000000 0.0741352 0.0848847 0.0000000 0.0032932 0.0000000 0.0000000 0.4317080 0.0032203 0.0076181 0.0000000 0.0523620 0.0890625 0.0000000 0.0030304 0.0046865 0.0790375
 88 V  88 0.0669490 0.0000000 0.0045636 0.0040402 0.0071478 0.0000000 0.0000000 0.0000000 0.0000000 0.0810211 0.0198586 0.0119096 0.0000000 0.0045167 0.1650111 0.0000000 0.1896843 0.0000000 0.0000000 0.3662605 0.0790375
 89 P  89 0.0000000 0.0000000 0.0000000 0.0126540 0.0000000 0.0000000 0.0000000 0.0138931 0.0201004 0.0000000 0.0249686 0.0000000 0.0000000 0.0000000 0.8374366 0.0000000 0.0000000 0.0000000 0.0119096 0.0000000 0.0790375
 90 P  90 0.0225327 0.0206429 0.0284182 0.0747238 0.0000000 0.0124672 0.3371796 0.0087526 0.0018025 0.0000000 0.0019495 0.0357735 0.0000000 0.0000000 0.2993390 0.0238814 0.0318768 0.0000000 0.0201004 0.0015223 0.0790375
 91 N  91 0.0201004 0.0346891 0.7327163 0.0093293 0.0000000 0.0000000 0.0000000 0.0000000 0.0119955 0.0000000 0.0000000 0.0549860 0.0036354 0.0000000 0.0000000 0.0311267 0.0223836 0.0000000 0.0000000 0.0000000 0.0790375
 92 G  92 0.0000000 0.0000000 0.0000000 0.0000000 0.0000000 0.0000000 0.0000000 0.8958749 0.0000000 0.0000000 0.0000000 0.0000000 0.0000000 0.0000000 0.0000000 0.0250876 0.0000000 0.0000000 0.0000000 0.0000000 0.0790375
 93 L  93 0.0039944 0.0000000 0.0000000 0.0000000 0.0000000 0.0000000 0.0000000 0.0000000 0.0000000 0.0562365 0.6877906 0.0000000 0.1057140 0.0074615 0.0000000 0.0000000 0.0000000 0.0193383 0.0000000 0.0404271 0.0790375
 94 V  94 0.1922006 0.0000000 0.0000000 0.0000000 0.0268715 0.0000000 0.0016801 0.0079980 0.0000000 0.0836154 0.0188082 0.0000000 0.0000000 0.0000000 0.0000000 0.0000000 0.0000000 0.0000000 0.0000000 0.5897886 0.0790375
 95 V  95 0.0193399 0.0000000 0.0000000 0.0000000 0.0000000 0.0000000 0.0000000 0.0000000 0.0000000 0.2876117 0.2114811 0.0000000 0.0204194 0.0504601 0.0000000 0.0000000 0.0000000 0.0000000 0.0423685 0.2892818 0.0790375
 96 Y  96 0.0000000 0.0000000 0.0000000 0.0000000 0.0184447 0.0000000 0.0000000 0.0000000 0.0000000 0.0083918 0.0102652 0.0000000 0.0000000 0.4818250 0.0000000 0.0000000 0.0000000 0.0000000 0.3983978 0.0036380 0.0790375
 97 C  97 0.1364046 0.0000000 0.0000000 0.0000000 0.4781801 0.0000000 0.0034213 0.0113376 0.0000000 0.0049602 0.0000000 0.0000000 0.0000000 0.0000000 0.0000000 0.0757463 0.1128294 0.0000000 0.0000000 0.0980829 0.0790375
 98 G  98 0.0119096 0.0256602 0.0000000 0.0000000 0.0000000 0.0000000 0.0000000 0.8833927 0.0000000 0.0000000 0.0000000 0.0000000 0.0000000 0.0000000 0.0000000 0.0000000 0.0000000 0.0000000 0.0000000 0.0000000 0.0790375
 99 T  99 0.1296391 0.0000000 0.0663462 0.0337509 0.0000000 0.0067874 0.0793740 0.0000000 0.0226754 0.0238277 0.0217440 0.0212584 0.0407584 0.0516940 0.0000000 0.0138692 0.2851216 0.0000000 0.0093506 0.0851990 0.1086041
100 I 100 0.0060731 0.0000000 0.0301388 0.0107752 0.0022937 0.0000000 0.0000000 0.0000000 0.0323557 0.3177912 0.0257385 0.0000000 0.0035195 0.0162860 0.0000000 0.0119096 0.0277740 0.0193383 0.0000000 0.3642996 0.1317068
101 V 101 0.0384950 0.0000000 0.0204064 0.0825793 0.0000000 0.0164711 0.0350223 0.0000000 0.0000000 0.0936983 0.1397786 0.0097322 0.0682940 0.0283343 0.0766260 0.0751059 0.0049069 0.0000000 0.0087070 0.1369474 0.1648954
102 T 102 0.0296772 0.0046681 0.0410329 0.0593966 0.0000000 0.0267709 0.0986669 0.0639601 0.0000000 0.0572922 0.0478419 0.0282764 0.0518735 0.0103933 0.0161200 0.0326141 0.2403651 0.0000000 0.0000000 0.0152150 0.1758359
103 E 103 0.0393838 0.0530170 0.0603183 0.1318257 0.0000000 0.0155098 0.2552287 0.1737237 0.0037232 0.0000000 0.0000000 0.0244915 0.0052156 0.0000000 0.0369655 0.0268376 0.0147849 0.0000000 0.0034842 0.0000000 0.1554904
104 E 104 0.0292397 0.0000000 0.0217968 0.2019041 0.0000000 0.0262050 0.2724933 0.1856941 0.0000000 0.0000000 0.0000000 0.0195276 0.0073538 0.0000000 0.0781398 0.0180555 0.0000000 0.0000000 0.0000000 0.0000000 0.1395903
105 G 105 0.0000000 0.0000000 0.1056379 0.1120726 0.0000000 0.0000000 0.0251667 0.6123405 0.0000000 0.0000000 0.0000000 0.0071638 0.0000000 0.0000000 0.0000000 0.0202948 0.0049745 0.0000000 0.0000000 0.0000000 0.1123492
106 K 106 0.0000000 0.0985163 0.0358212 0.0451741 0.0000000 0.0622481 0.0230180 0.0113507 0.0201004 0.0000000 0.0000000 0.4167476 0.0000000 0.0000000 0.0000000 0.0515822 0.1062550 0.0000000 0.0000000 0.0166712 0.1125151
107 E 107 0.0000000 0.0000000 0.0191223 0.0122106 0.0000000 0.0158356 0.4875137 0.0213283 0.0000000 0.0030260 0.0451741 0.0168190 0.0000000 0.0000000 0.0454324 0.0150921 0.1610437 0.0000000 0.0323557 0.0023632 0.1226833
108 K 108 0.0000000 0.0838108 0.0188864 0.1308665 0.0000000 0.0000000 0.0945600 0.0116698 0.0291189 0.0185557 0.0136793 0.4349720 0.0048403 0.0000000 0.0000000 0.0137952 0.0227262 0.0000000 0.0000000 0.0319246 0.0905945
109 K 109 0.0000000 0.0239094 0.0045636 0.0000000 0.0000000 0.0159266 0.0046002 0.0000000 0.0083918 0.0701833 0.0682037 0.3513665 0.1707843 0.0452525 0.0021953 0.0415462 0.0353924 0.0323557 0.0000000 0.0376198 0.0877086
110 V 110 0.0107614 0.0163143 0.0000000 0.0088050 0.0000000 0.0230555 0.1098330 0.0000000 0.0000000 0.1547347 0.0724256 0.0817827 0.0119728 0.0290077 0.0000000 0.0049889 0.0133875 0.0000000 0.0509190 0.3298632 0.0821489
111 N 111 0.0381363 0.0041826 0.1837924 0.0000000 0.1053893 0.0086706 0.0345802 0.0049889 0.0000000 0.0397713 0.0446382 0.0132953 0.0107143 0.0048306 0.0000000 0.0875256 0.1994782 0.0000000 0.0259949 0.1118625 0.0821489
112 I 112 0.0028341 0.0178338 0.0000000 0.0037232 0.0084858 0.0000000 0.0727901 0.0000000 0.0096646 0.2180804 0.0261115 0.0276514 0.0037988 0.1730160 0.0201004 0.0234989 0.0243571 0.0675306 0.1430310 0.0753435 0.0821489
113 D 113 0.0489689 0.0000000 0.0201004 0.3720429 0.0000000 0.0000000 0.0776282 0.0103491 0.0033839 0.0671032 0.0098084 0.0000000 0.0633263 0.0000000 0.0000000 0.0172758 0.0381509 0.0000000 0.0000000 0.2001489 0.0717129
114 F 114 0.0000000 0.0000000 0.0000000 0.0314949 0.0000000 0.0000000 0.0000000 0.0000000 0.0000000 0.2351683 0.1320505 0.0000000 0.0137081 0.3861715 0.0000000 0.0000000 0.0000000 0.0000000 0.0047531 0.1112615 0.0853922
115 E 115 0.0000000 0.0000000 0.0037232 0.0351513 0.0000000 0.0064748 0.6320146 0.0000000 0.0053337 0.0658764 0.0314949 0.0000000 0.0000000 0.0066453 0.0000000 0.0588540 0.0069862 0.0000000 0.0000000 0.0757327 0.0717129
116 P 116 0.0000000 0.0000000 0.0000000 0.0000000 0.0000000 0.0000000 0.0000000 0.0000000 0.0000000 0.0000000 0.0281590 0.0000000 0.0000000 0.0000000 0.8858099 0.0093293 0.0000000 0.0000000 0.0000000 0.0000000 0.0767018
117 F 117 0.0056551 0.0000000 0.0000000 0.0000000 0.0000000 0.0000000 0.0000000 0.0000000 0.0041314 0.0111895 0.0263023 0.0000000 0.0000000 0.3443754 0.4658730 0.0000000 0.0000000 0.0000000 0.0342766 0.0109517 0.0972449
118 K 118 0.0560394 0.1108901 0.0145693 0.0295287 0.0000000 0.0774514 0.2265408 0.0201004 0.0050956 0.0048306 0.0189700 0.3170419 0.0107614 0.0000000 0.0000000 0.0000000 0.0144797 0.0000000 0.0060469 0.0000000 0.0876535
119 P 119 0.0620362 0.0055597 0.0000000 0.0169888 0.0000000 0.0073697 0.0132102 0.0000000 0.0000000 0.0000000 0.0000000 0.0853816 0.0000000 0.0000000 0.7117911 0.0144797 0.0000000 0.0000000 0.0000000 0.0064811 0.0767018
120 I 120 0.0000000 0.0000000 0.0000000 0.0000000 0.0000000 0.0000000 0.0000000 0.0000000 0.0000000 0.4665588 0.1497586 0.0000000 0.0201004 0.0000000 0.0000000 0.0276674 0.0000000 0.0000000 0.0000000 0.2592130 0.0767018
121 N 121 0.0259836 0.0141129 0.3916571 0.0832523 0.0000000 0.0593273 0.0535035 0.0000000 0.0085689 0.0060483 0.0000000 0.0458842 0.0063486 0.0000000 0.0688237 0.0456515 0.0860188 0.0000000 0.0150293 0.0130881 0.0767018
122 T 122 0.0738274 0.0247006 0.0145338 0.0226215 0.0000000 0.0609550 0.0487021 0.0000000 0.0000000 0.0394314 0.0692216 0.0052907 0.0027344 0.0000000 0.0000000 0.1127432 0.3749569 0.0000000 0.0000000 0.0735795 0.0767018
123 S 123 0.0193383 0.0624948 0.0169162 0.0000000 0.0000000 0.0000000 0.0000000 0.0000000 0.0000000 0.0000000 0.0136793 0.0177026 0.0000000 0.2567719 0.0000000 0.3660417 0.0175980 0.0048339 0.1588021 0.0000000 0.0658213
124 L 124 0.0086855 0.0984078 0.0000000 0.0000000 0.0000000 0.0065667 0.0000000 0.0000000 0.0166786 0.0960271 0.4424054 0.0598043 0.0558063 0.0701997 0.0000000 0.0112836 0.0172894 0.0070869 0.0218872 0.0220504 0.0658213
125 Y 125 0.0000000 0.0000000 0.0000000 0.0000000 0.0000000 0.0000000 0.0000000 0.0000000 0.0000000 0.0000000 0.0000000 0.0000000 0.0000000 0.0383984 0.0000000 0.0000000 0.0000000 0.0000000 0.8957803 0.0000000 0.0658213
126 L 126 0.0088321 0.2798662 0.0189218 0.0000000 0.0000000 0.0246470 0.0389204 0.0000000 0.0951620 0.0774697 0.2554572 0.0216455 0.0185593 0.0501453 0.0000000 0.0119096 0.0000000 0.0000000 0.0172664 0.0060469 0.0751506
127 C 127 0.0193383 0.0000000 0.0000000 0.0000000 0.7636684 0.0281590 0.0000000 0.0000000 0.0217132 0.0000000 0.0000000 0.0000000 0.0000000 0.0201004 0.0000000 0.0000000 0.0718701 0.0000000 0.0000000 0.0000000 0.0751506
128 D 128 0.0254315 0.0000000 0.0222263 0.7771062 0.0000000 0.0000000 0.0086668 0.0425538 0.0136793 0.0000000 0.0000000 0.0000000 0.0000000 0.0000000 0.0000000 0.0351855 0.0000000 0.0000000 0.0000000 0.0000000 0.0751506
129 N 129 0.0000000 0.0046674 0.3284653 0.0489979 0.0000000 0.0360356 0.0030557 0.0504616 0.0044478 0.0000000 0.0000000 0.1039844 0.0000000 0.0000000 0.0086870 0.2917813 0.0442653 0.0000000 0.0000000 0.0000000 0.0751506
130 K 130 0.0274039 0.1414401 0.0223963 0.0136887 0.0111804 0.0366481 0.1028029 0.0086706 0.0440708 0.0119096 0.0036354 0.3318351 0.0000000 0.0081337 0.0000000 0.0485298 0.0373466 0.0132583 0.0179267 0.0439723 0.0751506
131 F 131 0.0000000 0.0000000 0.0000000 0.0000000 0.0000000 0.0000000 0.0000000 0.0000000 0.0000000 0.0066430 0.0000000 0.0000000 0.0000000 0.9182064 0.0000000 0.0000000 0.0000000 0.0000000 0.0000000 0.0000000 0.0751506
132 H 132 0.0000000 0.0023632 0.0000000 0.0490303 0.0029427 0.0221574 0.0391475 0.0000000 0.5095854 0.0441799 0.0454686 0.0039267 0.0062493 0.0422147 0.0000000 0.0000000 0.0136793 0.0000000 0.1204576 0.0234469 0.0751506
133 T 133 0.0000000 0.0000000 0.0000000 0.0000000 0.0000000 0.0000000 0.0000000 0.0000000 0.0000000 0.0391734 0.2380845 0.0000000 0.0000000 0.0000000 0.0000000 0.0055597 0.5275126 0.0000000 0.0000000 0.1145192 0.0751506
134 E 134 0.0414554 0.0000000 0.0049069 0.1023885 0.0000000 0.0201077 0.6983308 0.0043854 0.0000000 0.0000000 0.0000000 0.0133503 0.0000000 0.0000000 0.0000000 0.0232473 0.0166770 0.0000000 0.0000000 0.0000000 0.0751506
135 A 135 0.2292465 0.0000000 0.0000000 0.0315495 0.0088321 0.0329822 0.0436447 0.0000000 0.0047531 0.0617996 0.0188481 0.0080493 0.0057246 0.0624097 0.3853563 0.0041958 0.0097806 0.0000000 0.0046002 0.0130771 0.0751506
136 L 136 0.0000000 0.0000000 0.0000000 0.0000000 0.0000000 0.0000000 0.0000000 0.0000000 0.0000000 0.0057359 0.8956393 0.0000000 0.0065637 0.0055597 0.0000000 0.0000000 0.0000000 0.0000000 0.0000000 0.0113507 0.0751506
137 T 137 0.0257626 0.0688207 0.0365637 0.0143199 0.0000000 0.0487392 0.3159015 0.0134403 0.0269409 0.0213926 0.0371420 0.1428327 0.0000000 0.0121620 0.0000000 0.0804405 0.0646732 0.0000000 0.0000000 0.0157176 0.0751506
138 A 138 0.1213181 0.0311158 0.0029479 0.2394057 0.0133399 0.0366075 0.3258587 0.0184098 0.0109024 0.0000000 0.0000000 0.0113507 0.0000000 0.0056551 0.0149569 0.0619741 0.0067483 0.0000000 0.0149563 0.0093022 0.0751506
139 L 139 0.0097817 0.0000000 0.0000000 0.0000000 0.0000000 0.0341512 0.0000000 0.0000000 0.0097806 0.0239499 0.4184057 0.0000000 0.3637365 0.0209284 0.0000000 0.0029479 0.0144797 0.0000000 0.0049745 0.0217132 0.0751506
140 L 140 0.0152092 0.0000000 0.0000000 0.0000000 0.0000000 0.0000000 0.0000000 0.0231504 0.0000000 0.0832270 0.6465543 0.0000000 0.0117792 0.0100534 0.0000000 0.0000000 0.0246310 0.0022331 0.0000000 0.0849937 0.0981686
141 S 141 0.0784945 0.0390451 0.0086870 0.0351344 0.0000000 0.0651934 0.3536934 0.0435983 0.0142466 0.0198624 0.0000000 0.0949442 0.0066174 0.0000000 0.0000000 0.0712956 0.0301104 0.0000000 0.0035414 0.0373672 0.0981686
142 D 142 0.0413606 0.0000000 0.0502496 0.3265785 0.0035448 0.0049094 0.2025451 0.0000000 0.0037487 0.0086870 0.0103933 0.0000000 0.0036536 0.0000000 0.0459746 0.1445707 0.0257449 0.0000000 0.0028212 0.0270496 0.0981686
143 L 143 0.0126408 0.0182979 0.0513845 0.3884121 0.0116698 0.0253227 0.0775210 0.0106094 0.0039015 0.0000000 0.0096886 0.1864688 0.0000000 0.0000000 0.0050275 0.0783417 0.0113648 0.0000000 0.0000000 0.0000000 0.1093489
144 E 144 0.0305096 0.0241977 0.0713472 0.2155623 0.0000000 0.0358123 0.1603377 0.0374445 0.0000000 0.0045112 0.0000000 0.0660525 0.0000000 0.0061195 0.0435815 0.1255388 0.0160637 0.0000000 0.0112623 0.0229719 0.1286872
145 H 145 0.0297400 0.0312041 0.0000000 0.0000000 0.0201004 0.0086706 0.0000000 0.0000000 0.0096886 0.0194386 0.0454924 0.2940685 0.0031836 0.0000000 0.0212786 0.0167419 0.1592646 0.0000000 0.0046002 0.1527468 0.1837809
146 H 146 0.0000000 0.0000000 0.0000000 0.0000000 0.0000000 0.0000000 0.0000000 0.0000000 0.0096886 0.0000000 0.0000000 0.0000000 0.0000000 0.3886790 0.0000000 0.0000000 0.0000000 0.0042205 0.3963957 0.0000000 0.2010162
147 H 147 0.0000000 0.0000000 0.0000000 0.0000000 0.0000000 0.0000000 0.0000000 0.0000000 0.0327065 0.0000000 0.0000000 0.0000000 0.0000000 0.0000000 0.0000000 0.0000000 0.0000000 0.0000000 0.0000000 0.0000000 0.9672935
148 H 148 0.0000000 0.0000000 0.0109808 0.0000000 0.0000000 0.0120371 0.0000000 0.0000000 0.0096886 0.0000000 0.0000000 0.0000000 0.0000000 0.0000000 0.0000000 0.0000000 0.0000000 0.0000000 0.0000000 0.0000000 0.9672935
149 H 149 0.0000000 0.0000000 0.0000000 0.0000000 0.0000000 0.0109808 0.0120371 0.0000000 0.0096886 0.0000000 0.0000000 0.0000000 0.0000000 0.0000000 0.0000000 0.0000000 0.0000000 0.0000000 0.0000000 0.0000000 0.9672935
150 H 150 0.0000000 0.0000000 0.0230180 0.0000000 0.0000000 0.0000000 0.0000000 0.0000000 0.0096886 0.0000000 0.0000000 0.0000000 0.0000000 0.0000000 0.0000000 0.0000000 0.0000000 0.0000000 0.0000000 0.0000000 0.9672935
