  136         A         R         N         D         C         Q         E         G         H         I         L         K         M         F         P         S         T         W         Y         V    
  1 M   1 0.0000000 0.0000000 0.0000000 0.0000000 0.0000000 0.0000000 0.0000000 0.0000000 0.0000000 0.0669448 0.2705352 0.0000000 0.6251928 0.0000000 0.0000000 0.0000000 0.0000000 0.0000000 0.0000000 0.0373272
  2 G   2 0.0657128 0.0000000 0.1503976 0.0210637 0.0168907 0.0150781 0.1197740 0.2316875 0.0000000 0.0000000 0.0000000 0.0454402 0.0221175 0.0177593 0.0000000 0.2373626 0.0567158 0.0000000 0.0000000 0.0000000
  3 L   3 0.0341145 0.0120636 0.0000000 0.0223544 0.0000000 0.0000000 0.1252925 0.0263612 0.0000000 0.0947170 0.4638483 0.0110823 0.0723208 0.0000000 0.0000000 0.0000000 0.0174791 0.0133465 0.0000000 0.1070198
  4 L   4 0.1411617 0.0323232 0.0000000 0.0118053 0.0323454 0.0104608 0.0000000 0.0374070 0.0000000 0.0716951 0.3104630 0.0000000 0.0706490 0.0000000 0.0339976 0.1089420 0.0731565 0.0000000 0.0000000 0.0655935
  5 S   5 0.1813157 0.0670724 0.0117010 0.0000000 0.0068805 0.0898927 0.0841721 0.0708441 0.0090333 0.0075915 0.0000000 0.0173722 0.0290966 0.0097581 0.1441701 0.2010120 0.0634825 0.0000000 0.0000000 0.0066053
  6 R   6 0.0986904 0.1854932 0.0043786 0.0153293 0.1603328 0.1707248 0.0303261 0.0784579 0.0067009 0.0000000 0.0041758 0.0374752 0.0000000 0.0000000 0.1277870 0.0518892 0.0134986 0.0000000 0.0000000 0.0147402
  7 L   7 0.3137680 0.0115970 0.0281652 0.0209837 0.0531680 0.0161702 0.0328626 0.0642945 0.0051977 0.0377697 0.0754953 0.0053405 0.1474841 0.0371125 0.0253539 0.0915247 0.0129957 0.0000000 0.0133037 0.0074133
  8 R   8 0.1388052 0.1194100 0.0412958 0.0552450 0.0044734 0.1371710 0.0485015 0.0326749 0.0428839 0.0102702 0.0116220 0.0406577 0.0144672 0.0022769 0.0440989 0.1457961 0.0986378 0.0000000 0.0036025 0.0081100
  9 K   9 0.1638924 0.0326085 0.0747890 0.0858524 0.0000000 0.0732921 0.1283033 0.0059953 0.0234054 0.0075796 0.0314426 0.0570107 0.0041295 0.0059074 0.0335678 0.1123368 0.1250239 0.0000000 0.0078361 0.0270271
 10 R  10 0.0645636 0.0751945 0.0877313 0.0372341 0.0041678 0.0901168 0.1102288 0.0274522 0.0199467 0.0040377 0.0047253 0.1024875 0.0044680 0.0000000 0.1348429 0.1584505 0.0526923 0.0000000 0.0000000 0.0216600
 11 E  11 0.1378040 0.0258882 0.0488715 0.0898576 0.0000000 0.1390245 0.0788765 0.0316049 0.0072679 0.0110495 0.0078235 0.0449930 0.0820978 0.0100428 0.1622079 0.0616407 0.0418514 0.0000000 0.0000000 0.0190986
 12 P  12 0.0546921 0.0271662 0.0402794 0.0864556 0.0054473 0.0973761 0.1443850 0.0699991 0.0129951 0.0146592 0.0152121 0.0634396 0.0000000 0.0014419 0.2049933 0.0775505 0.0647197 0.0019226 0.0000000 0.0172653
 13 I  13 0.0818289 0.0362573 0.0109543 0.0915702 0.0020521 0.1648355 0.0352677 0.0224469 0.0017437 0.0242999 0.0344004 0.1198453 0.0451584 0.0013683 0.1458127 0.0530890 0.0712562 0.0000000 0.0056920 0.0521211
 14 S  14 0.0465241 0.0020680 0.0461298 0.0030117 0.0116728 0.0077549 0.0044158 0.0076172 0.0048708 0.0050477 0.0087155 0.0049806 0.0000000 0.0000000 0.0041407 0.3949282 0.4481224 0.0000000 0.0000000 0.0000000
 15 I  15 0.0281691 0.0000000 0.0000000 0.0018605 0.0000000 0.0041682 0.0000000 0.0000000 0.0102619 0.0986018 0.5373196 0.0017307 0.0248668 0.1002836 0.1253555 0.0056176 0.0122080 0.0000000 0.0060230 0.0435338
 16 Y  16 0.0027625 0.0000000 0.0036889 0.0000000 0.0000000 0.0000000 0.0000000 0.0000000 0.0028090 0.0191115 0.0499781 0.0000000 0.0000000 0.2625697 0.0000000 0.0000000 0.0028848 0.0081156 0.6444368 0.0036431
 17 D  17 0.0400455 0.0222827 0.0184245 0.2460630 0.0018519 0.1116112 0.4350576 0.0099468 0.0096113 0.0053862 0.0100958 0.0303561 0.0036528 0.0000000 0.0036361 0.0085061 0.0226443 0.0000000 0.0136716 0.0071565
 18 K  18 0.1580486 0.3256376 0.0051168 0.0210044 0.0012668 0.1045348 0.0545588 0.0079717 0.0082254 0.0244980 0.0674961 0.1114290 0.0116035 0.0064628 0.0000000 0.0140434 0.0186420 0.0463353 0.0021059 0.0110190
 19 I  19 0.0731252 0.0000000 0.0000000 0.0000000 0.0000000 0.0000000 0.0000000 0.0000000 0.0000000 0.2784218 0.3893805 0.0000000 0.0436478 0.0427239 0.0000000 0.0000000 0.0000000 0.0026287 0.0209310 0.1491411
 20 G  20 0.0000000 0.0012086 0.0053167 0.0064451 0.0000000 0.0000000 0.0051739 0.9647492 0.0019936 0.0028412 0.0000000 0.0021076 0.0000000 0.0041244 0.0000000 0.0015255 0.0045141 0.0000000 0.0000000 0.0000000
 21 G  21 0.0098611 0.0055134 0.0018018 0.0048198 0.0000000 0.0153349 0.0580209 0.8818757 0.0000000 0.0017548 0.0032359 0.0084048 0.0000000 0.0000000 0.0000000 0.0021385 0.0000000 0.0000000 0.0022859 0.0049527
 22 H  22 0.1076491 0.0526177 0.0120584 0.1044471 0.0000000 0.0475802 0.3806622 0.0054655 0.0364448 0.0240942 0.0448513 0.0546821 0.0144692 0.0128813 0.0166331 0.0226933 0.0186080 0.0040263 0.0227366 0.0173999
 23 E  23 0.1989556 0.0085091 0.0164615 0.1322533 0.0000000 0.0590652 0.2738080 0.0143575 0.0054185 0.0055282 0.0092643 0.0605301 0.0162172 0.0043189 0.1015862 0.0423413 0.0266276 0.0000000 0.0139635 0.0107940
 24 A  24 0.2313159 0.0371579 0.0486572 0.0348779 0.0012993 0.0226603 0.0133502 0.2531017 0.0016489 0.0123640 0.0058434 0.0313453 0.0068320 0.0142051 0.0129478 0.0386881 0.1537929 0.0000000 0.0061340 0.0737782
 25 I  25 0.0036604 0.0000000 0.0000000 0.0000000 0.0022418 0.0000000 0.0000000 0.0000000 0.0000000 0.4179150 0.2031510 0.0000000 0.0164840 0.1215926 0.0000000 0.0000000 0.0038468 0.0000000 0.0000000 0.2311086
 26 E  26 0.1133009 0.2506080 0.0336642 0.0513130 0.0033909 0.0559173 0.1535898 0.0184962 0.0364673 0.0118771 0.0117950 0.0652173 0.0085710 0.0017596 0.0010018 0.0673156 0.0581135 0.0012455 0.0177260 0.0386299
 27 V  27 0.2434268 0.2173415 0.0345499 0.0369373 0.0023027 0.0645045 0.0659957 0.0200674 0.0152548 0.0132707 0.0365206 0.1322149 0.0055213 0.0073615 0.0050951 0.0290748 0.0468046 0.0018307 0.0009768 0.0209484
 28 V  28 0.0795023 0.0000000 0.0000000 0.0000000 0.0070651 0.0018827 0.0000000 0.0000000 0.0000000 0.1463217 0.5181641 0.0000000 0.0377774 0.0505730 0.0000000 0.0109691 0.0122065 0.0017444 0.0000000 0.1337937
 29 V  29 0.0767506 0.0000000 0.0000000 0.0000000 0.0160449 0.0000000 0.0036682 0.0000000 0.0051052 0.0725609 0.0294523 0.0000000 0.0401935 0.0135196 0.0000000 0.0292177 0.0762121 0.0000000 0.0024567 0.6348184
 30 E  30 0.0629139 0.0497565 0.0693165 0.3533716 0.0000000 0.0157376 0.1998266 0.0232637 0.0627959 0.0011733 0.0048152 0.0440213 0.0048877 0.0036329 0.0033105 0.0333886 0.0432873 0.0031653 0.0151788 0.0061568
 31 D  31 0.1352065 0.2134555 0.0387117 0.1269646 0.0023673 0.0305889 0.0568010 0.0300331 0.0208608 0.0380172 0.0478375 0.0377016 0.0102528 0.0000000 0.0000000 0.0538766 0.1028733 0.0000000 0.0167019 0.0377497
 32 F  32 0.0136585 0.0000000 0.0000000 0.0000000 0.0000000 0.0000000 0.0000000 0.0000000 0.0143227 0.0089133 0.1198644 0.0000000 0.0440751 0.7437174 0.0000000 0.0076595 0.0089021 0.0087586 0.0065220 0.0236062
 33 Y  33 0.0074778 0.0000000 0.0000000 0.0000000 0.0033311 0.0027892 0.0000000 0.0022190 0.0241719 0.0363069 0.0526560 0.0032124 0.0107692 0.0383093 0.0000000 0.0064524 0.0025913 0.0041086 0.7613574 0.0442475
 34 V  34 0.1191496 0.0810033 0.0505490 0.2735977 0.0000000 0.0581734 0.1294008 0.0561773 0.0154483 0.0042019 0.0137499 0.0383061 0.0041723 0.0110014 0.0161440 0.0354020 0.0423359 0.0000000 0.0279482 0.0232390
 35 R  35 0.0219628 0.2851048 0.0503865 0.0045531 0.0050920 0.0456218 0.0346412 0.0581118 0.0144179 0.0414742 0.1436768 0.2094649 0.0072050 0.0066100 0.0000000 0.0104306 0.0172101 0.0000000 0.0242959 0.0197407
 36 V  36 0.0627428 0.0000000 0.0046364 0.0000000 0.0210550 0.0000000 0.0000000 0.0030603 0.0147374 0.1542355 0.1034879 0.0000000 0.1785651 0.0025584 0.0000000 0.0145530 0.0023626 0.0000000 0.0000000 0.4380055
 37 L  37 0.1357950 0.1350745 0.0079993 0.1072572 0.0060575 0.0551997 0.0682494 0.0309986 0.0074333 0.0140975 0.1953176 0.0251627 0.0374017 0.0243435 0.0149189 0.0240786 0.0214042 0.0014287 0.0537515 0.0340304
 38 A  38 0.2251366 0.0564713 0.0554711 0.0548964 0.0012695 0.0869988 0.1182933 0.0209243 0.0083951 0.0121105 0.0427618 0.0872921 0.0044213 0.0139873 0.0019040 0.0719042 0.0987232 0.0000000 0.0032320 0.0358073
 39 D  39 0.0082527 0.0093180 0.0730287 0.6966905 0.0000000 0.0012991 0.0614292 0.0014289 0.0657690 0.0110158 0.0433168 0.0000000 0.0000000 0.0000000 0.0000000 0.0190786 0.0083687 0.0000000 0.0000000 0.0010040
 40 D  40 0.0646319 0.0188910 0.0211176 0.1120555 0.0011493 0.0268968 0.1759621 0.0092187 0.0102835 0.0000000 0.0000000 0.0393430 0.0000000 0.0009205 0.4299575 0.0497193 0.0260862 0.0000000 0.0024937 0.0112735
 41 Q  41 0.0583587 0.2252512 0.0081499 0.0703173 0.0011755 0.0778064 0.1299056 0.0107055 0.0068248 0.0407762 0.1577215 0.0257009 0.0065754 0.0032619 0.0032923 0.0259276 0.0460617 0.0070384 0.0101754 0.0849737
 42 L  42 0.0706033 0.0011948 0.0000000 0.0000000 0.0038791 0.0000000 0.0000000 0.0030747 0.0000000 0.2822251 0.4152772 0.0016427 0.0109487 0.0442715 0.0000000 0.0014008 0.0312857 0.0000000 0.0309611 0.1032354
 43 S  43 0.1881686 0.1551959 0.0777659 0.0045941 0.0055115 0.0378217 0.0193211 0.2109309 0.0064377 0.0171037 0.0195433 0.1286306 0.0000000 0.0129118 0.0011422 0.0665414 0.0081391 0.0019006 0.0109195 0.0274202
 44 A  44 0.0631806 0.0535469 0.0192614 0.0547068 0.0000000 0.0219618 0.0624255 0.0653360 0.1171076 0.0045112 0.0100963 0.0327361 0.0078850 0.0266668 0.3514647 0.0358028 0.0182149 0.0057652 0.0318023 0.0175280
 45 F  45 0.0112445 0.0243308 0.0013280 0.0024912 0.0083055 0.0076878 0.0000000 0.0039652 0.0323867 0.1932400 0.1828588 0.0128992 0.0778948 0.2178775 0.0059662 0.0057863 0.0112886 0.0000000 0.1011386 0.0993105
 46 F  46 0.0019553 0.1236676 0.0022688 0.0000000 0.0015759 0.0000000 0.0000000 0.0024787 0.0098803 0.0000000 0.0327191 0.0034368 0.0095650 0.6875429 0.0000000 0.0000000 0.0000000 0.0146817 0.1102280 0.0000000
 47 S  47 0.1422179 0.0389797 0.0684254 0.0658309 0.0000000 0.0183932 0.1185196 0.0124406 0.1633959 0.0121062 0.0145430 0.0741087 0.0013879 0.0000000 0.1715265 0.0458619 0.0267824 0.0000000 0.0000000 0.0254801
 48 G  48 0.0928863 0.0400149 0.0919931 0.1175449 0.0000000 0.0184311 0.1170905 0.2146062 0.0595511 0.0036231 0.0007805 0.0851261 0.0000000 0.0018476 0.0943611 0.0292223 0.0172269 0.0032662 0.0020866 0.0103415
 49 T  49 0.1380031 0.0398813 0.0058720 0.0708329 0.0011327 0.0232346 0.0784043 0.0217958 0.0363832 0.0560714 0.0184413 0.0480884 0.0423652 0.0095877 0.0510703 0.0828745 0.1429731 0.0000000 0.0015345 0.1314537
 50 N  50 0.0113306 0.0267988 0.1204831 0.5414875 0.0000000 0.0040050 0.0312926 0.0358108 0.0069212 0.0000000 0.0000000 0.0771251 0.0026681 0.0020305 0.0330698 0.0722768 0.0305608 0.0000000 0.0000000 0.0041394
 51 M  51 0.0232700 0.0250638 0.0026196 0.0023487 0.0000000 0.0212543 0.0221270 0.0014491 0.0089083 0.1273832 0.3003280 0.0298832 0.1480954 0.0319518 0.0362914 0.0053370 0.0126893 0.1477250 0.0000000 0.0532749
 52 S  52 0.1221125 0.0151056 0.0302093 0.1754284 0.0000000 0.0547613 0.1574601 0.0773540 0.0065801 0.0086570 0.0031468 0.0538276 0.0034257 0.0000000 0.1046398 0.0729427 0.0827828 0.0000000 0.0014137 0.0301527
 53 R  53 0.0720357 0.1340578 0.0132316 0.0354052 0.0022463 0.0585457 0.1243449 0.0861890 0.0919242 0.0187929 0.0298696 0.0920237 0.0169167 0.0036463 0.1063771 0.0511086 0.0360662 0.0000000 0.0096014 0.0176172
 54 L  54 0.1540976 0.0000000 0.0000000 0.0000000 0.0022513 0.0831461 0.0042195 0.0039470 0.1858908 0.0917764 0.1797924 0.0000000 0.0173927 0.0503134 0.0019973 0.0765398 0.0610168 0.0000000 0.0139287 0.0736903
 55 K  55 0.0538346 0.2374855 0.0086565 0.0026419 0.0000000 0.0268925 0.1130278 0.0051125 0.0148737 0.0741023 0.1049637 0.2636073 0.0203859 0.0034629 0.0138409 0.0158541 0.0139156 0.0000000 0.0027371 0.0246051
 56 G  56 0.1187275 0.0996139 0.0192661 0.1294178 0.0008203 0.1164703 0.2121650 0.0361933 0.0115678 0.0088981 0.0213868 0.0703689 0.0108057 0.0152644 0.0322800 0.0279742 0.0269921 0.0033455 0.0160152 0.0224272
 57 K  57 0.0276477 0.1849722 0.0357553 0.0000000 0.0017243 0.0483925 0.0116883 0.0368378 0.1369408 0.0212384 0.0385232 0.3552525 0.0240431 0.0000000 0.0000000 0.0257549 0.0259964 0.0000000 0.0016426 0.0235897
 58 Q  58 0.0029214 0.0019969 0.0082438 0.0000000 0.0000000 0.2519824 0.0036599 0.0000000 0.0015725 0.0531289 0.3655871 0.0035548 0.1145339 0.0785734 0.0000000 0.0106881 0.0125652 0.0000000 0.0076838 0.0833078
 59 V  59 0.1563795 0.0700634 0.0061987 0.0019589 0.0229486 0.0222544 0.0056000 0.0270958 0.0056448 0.0489308 0.0243448 0.1031485 0.0056769 0.1024577 0.0031662 0.0390980 0.1527095 0.0000000 0.0905841 0.1117396
 60 E  60 0.1184946 0.0461433 0.0426056 0.1282571 0.0085499 0.0990292 0.1524688 0.0157432 0.0072881 0.0072902 0.0844840 0.0462973 0.0742626 0.0064148 0.0000000 0.0451811 0.0416760 0.0464574 0.0094597 0.0198971
 61 F  61 0.0000000 0.0000000 0.0000000 0.0000000 0.0000000 0.0741847 0.0000000 0.0000000 0.0207306 0.0099495 0.0166781 0.0089283 0.0079138 0.7046505 0.0000000 0.0000000 0.0000000 0.0416249 0.1080712 0.0072684
 62 F  62 0.0032192 0.0000000 0.0031260 0.0000000 0.0039821 0.0031318 0.0000000 0.0000000 0.0000000 0.0758605 0.5174032 0.0000000 0.0486879 0.1099781 0.0000000 0.0046360 0.0092531 0.1543296 0.0070139 0.0593783
 63 A  63 0.0977081 0.0114370 0.0068991 0.0025112 0.1779663 0.0218180 0.0644063 0.0315702 0.0065078 0.0703697 0.0076231 0.0129977 0.0180959 0.0000000 0.0000000 0.2667407 0.1437022 0.0000000 0.0022603 0.0573865
 64 A  64 0.0703323 0.0053880 0.0179855 0.0131174 0.0039012 0.2181423 0.1350239 0.1956471 0.0134183 0.0019844 0.0160367 0.0072240 0.0521467 0.0152550 0.0000000 0.1099766 0.0311684 0.0078113 0.0493863 0.0360546
 65 A  65 0.1551334 0.0238113 0.0023502 0.0010263 0.0051986 0.0096014 0.0096743 0.0154066 0.0143075 0.0737786 0.1307007 0.0050924 0.0347165 0.0509244 0.0000000 0.0116889 0.0141995 0.1506450 0.1116285 0.1801160
 66 L  66 0.0585187 0.0000000 0.0000000 0.0000000 0.0163175 0.0000000 0.0020042 0.0034283 0.0000000 0.0300683 0.3507805 0.0000000 0.0835305 0.1857811 0.0000000 0.0547452 0.0962033 0.0864662 0.0000000 0.0321564
 67 G  67 0.0044376 0.0103423 0.0074257 0.0299520 0.0000000 0.0012751 0.0056503 0.7973085 0.0018204 0.0017542 0.0986382 0.0069850 0.0000000 0.0239543 0.0000000 0.0041492 0.0049246 0.0000000 0.0013827 0.0000000
 68 G  68 0.0097477 0.0167976 0.0038887 0.0130631 0.0024018 0.0023712 0.0090626 0.8523099 0.0033379 0.0000000 0.0041556 0.0254112 0.0121136 0.0000000 0.0056716 0.0254211 0.0091917 0.0036440 0.0014107 0.0000000
 69 P  69 0.0346247 0.0136032 0.0131533 0.0149078 0.0000000 0.0131285 0.0329105 0.0222342 0.0013677 0.0013288 0.0010850 0.0079907 0.0000000 0.0000000 0.7110069 0.0450492 0.0778959 0.0000000 0.0000000 0.0097135
 70 E  70 0.0787585 0.0763963 0.0815274 0.0638928 0.1186676 0.0724941 0.0426111 0.0836842 0.0277746 0.0058631 0.0044349 0.1068181 0.0084588 0.0080277 0.0845942 0.0526562 0.0444081 0.0000000 0.0022635 0.0366689
 71 P  71 0.0542600 0.1217098 0.0360454 0.0415013 0.0055711 0.0491554 0.0683048 0.0193554 0.0359789 0.0186339 0.1781871 0.0652116 0.0083029 0.0071750 0.0242581 0.0343228 0.1628971 0.0022079 0.0207921 0.0461294
 72 Y  72 0.0000000 0.0021808 0.0000000 0.0046995 0.0000000 0.0000000 0.0000000 0.0020858 0.0000000 0.0073864 0.0022150 0.0000000 0.0000000 0.1201043 0.0019674 0.0018332 0.0000000 0.0258555 0.8316722 0.0000000
 73 T  73 0.0335500 0.0890091 0.0313195 0.0670407 0.0000000 0.0360681 0.0493612 0.0237123 0.0404337 0.0208762 0.0085328 0.0816859 0.0061884 0.0081287 0.0260666 0.2036509 0.2270300 0.0000000 0.0197280 0.0276178
 74 G  74 0.0197965 0.0166531 0.0032212 0.0296413 0.0071769 0.0126293 0.0438982 0.7991336 0.0068669 0.0115467 0.0119999 0.0000000 0.0000000 0.0000000 0.0042210 0.0153042 0.0029335 0.0016779 0.0023025 0.0109973
 75 A  75 0.0780419 0.1867164 0.0452299 0.0473399 0.0000000 0.0418607 0.0739686 0.0140344 0.2758629 0.0111956 0.0126712 0.1349010 0.0139915 0.0016346 0.0211889 0.0211711 0.0094553 0.0000000 0.0019153 0.0088208
 76 P  76 0.0302271 0.0234898 0.0902011 0.1364222 0.0219954 0.0199987 0.0258343 0.0198718 0.0218171 0.0045122 0.0030639 0.0057956 0.0013294 0.0000000 0.4204054 0.1230724 0.0324529 0.0000000 0.0153467 0.0041639
 77 M  77 0.0050144 0.0000000 0.0016108 0.0000000 0.0000000 0.0000000 0.0000000 0.0000000 0.0026706 0.0581864 0.3865630 0.0000000 0.4476445 0.0287163 0.0037366 0.0000000 0.0000000 0.0024356 0.0018929 0.0615290
 78 K  78 0.0610411 0.3965498 0.0102365 0.0067591 0.0000000 0.0403753 0.0360602 0.0106841 0.0000000 0.0425514 0.0440381 0.1407395 0.0203533 0.0065618 0.0872259 0.0126361 0.0152897 0.0000000 0.0105451 0.0583530
 79 Q  79 0.2069254 0.0647589 0.0157885 0.0584548 0.0038889 0.0784289 0.1313908 0.0319284 0.0028475 0.0046079 0.0174296 0.0650063 0.1236914 0.0000000 0.0641242 0.0610575 0.0509683 0.0009956 0.0017984 0.0159087
 80 V  80 0.2374558 0.2875616 0.0000000 0.0000000 0.0033962 0.0159213 0.0000000 0.0172861 0.0755615 0.0681618 0.0211526 0.0222067 0.0161234 0.0135864 0.0042264 0.0849984 0.0196021 0.0011469 0.0045844 0.1070283
 81 H  81 0.0095988 0.0000000 0.0000000 0.0000000 0.0044283 0.0066930 0.0000000 0.0000000 0.9383123 0.0043072 0.0213872 0.0000000 0.0068923 0.0022076 0.0000000 0.0000000 0.0038456 0.0000000 0.0000000 0.0023278
 82 Q  82 0.2115162 0.1165102 0.0120911 0.0112257 0.0000000 0.0750320 0.0439806 0.0157637 0.0109667 0.0249844 0.1167438 0.0942434 0.0734802 0.0422052 0.0041535 0.0428507 0.0333775 0.0000000 0.0374643 0.0334107
 83 G  83 0.0372366 0.0390927 0.0632065 0.0546522 0.0012813 0.0329717 0.0143713 0.2236127 0.1117896 0.0172777 0.0251777 0.0378487 0.0080086 0.0048371 0.2566539 0.0237131 0.0179474 0.0026352 0.0040371 0.0236490
 84 R  84 0.0192972 0.0460003 0.0105399 0.0000000 0.0000000 0.0139993 0.0039608 0.0065074 0.0119677 0.0279263 0.2995241 0.0230777 0.1670580 0.2488187 0.0161277 0.0075544 0.0040311 0.0097026 0.0571295 0.0267773
 85 G  85 0.0968885 0.0492370 0.1480609 0.0453250 0.0019491 0.0262056 0.0417266 0.2211391 0.0390729 0.0027259 0.0046358 0.0697484 0.0041613 0.0000000 0.1513547 0.0444234 0.0290862 0.0000000 0.0073176 0.0169420
 86 I  86 0.0045685 0.0000000 0.0000000 0.0039085 0.0000000 0.0000000 0.0020189 0.0000000 0.0028282 0.6105081 0.1752983 0.0000000 0.0146974 0.0259816 0.0046013 0.0016209 0.0018451 0.0000000 0.0019452 0.1501779
 87 T  87 0.0292119 0.0330637 0.0953986 0.1237279 0.0032115 0.0278843 0.0318786 0.1462127 0.0137500 0.0017731 0.0032897 0.0203209 0.0097363 0.0000000 0.0119528 0.1026596 0.3405656 0.0000000 0.0035877 0.0017749
 88 M  88 0.0551888 0.0283134 0.0605121 0.1813949 0.0000000 0.0435537 0.2108001 0.0190713 0.0229121 0.0195877 0.0195517 0.0347660 0.0197365 0.0053307 0.1832423 0.0381758 0.0339413 0.0039563 0.0044864 0.0154789
 89 H  89 0.2304134 0.0358937 0.0097236 0.0524890 0.0000000 0.0530538 0.1711642 0.0239933 0.0276786 0.0208748 0.0222498 0.0651056 0.0127356 0.0397227 0.0311193 0.0658477 0.0447574 0.0028797 0.0515180 0.0387800
 90 H  90 0.1010756 0.0282039 0.0082787 0.0955947 0.0000000 0.1169582 0.2036123 0.0047795 0.2869935 0.0055121 0.0680308 0.0081794 0.0286220 0.0060051 0.0000000 0.0092389 0.0081981 0.0000000 0.0100332 0.0106841
 91 F  91 0.0779561 0.2582337 0.0000000 0.0066437 0.0000000 0.0022999 0.0000000 0.0039224 0.0122124 0.0023590 0.0190741 0.0180791 0.0040727 0.5208783 0.0000000 0.0124662 0.0014487 0.0250765 0.0224747 0.0128023
 92 S  92 0.0375466 0.0395807 0.1408210 0.4796660 0.0000000 0.0356518 0.1254806 0.0225173 0.0033447 0.0095315 0.0069573 0.0218604 0.0023501 0.0011035 0.0080672 0.0191713 0.0277764 0.0000000 0.0076942 0.0108794
 93 L  93 0.3366207 0.2257985 0.0100686 0.0000000 0.0223919 0.1082959 0.0381274 0.0073456 0.0333913 0.0487634 0.0593436 0.0225988 0.0071158 0.0032146 0.0017080 0.0138772 0.0171616 0.0000000 0.0093036 0.0348735
 94 V  94 0.0213266 0.0097220 0.0019298 0.0000000 0.0076749 0.0000000 0.0000000 0.0128571 0.0000000 0.0374061 0.0973364 0.0000000 0.0218382 0.1113771 0.0000000 0.0014759 0.0179569 0.5225033 0.0092958 0.1273000
 95 A  95 0.0857537 0.0013412 0.0023646 0.0000000 0.0167324 0.0089632 0.0060818 0.0089465 0.0000000 0.0511350 0.4586944 0.0503791 0.0851050 0.0060935 0.0000000 0.0049401 0.0081441 0.0000000 0.0021771 0.2031483
 96 G  96 0.1306521 0.0680902 0.0378981 0.0889757 0.0036476 0.0475494 0.2014920 0.0942023 0.0290751 0.0061359 0.0559118 0.0368378 0.0268619 0.0143426 0.0000000 0.0696365 0.0437491 0.0011944 0.0234634 0.0202841
 97 H  97 0.0308442 0.0010303 0.0591023 0.0798196 0.2528267 0.0115757 0.0153873 0.0026780 0.1857130 0.0257528 0.2462606 0.0000000 0.0094872 0.0038762 0.0000000 0.0039593 0.0165553 0.0000000 0.0358094 0.0193223
 98 L  98 0.0199904 0.0000000 0.0000000 0.0000000 0.0120846 0.0000000 0.0000000 0.0000000 0.0000000 0.0623343 0.2889346 0.0000000 0.3461282 0.2025073 0.0000000 0.0017909 0.0036312 0.0288746 0.0160572 0.0176668
 99 A  99 0.0921392 0.1522414 0.0382003 0.0558582 0.0052877 0.0866267 0.0881067 0.0380240 0.0436455 0.0556171 0.0696185 0.0789247 0.0201023 0.0078726 0.0000000 0.0514622 0.0437389 0.0000000 0.0092820 0.0632520
100 D 100 0.1549930 0.0783721 0.0428340 0.0851966 0.0045890 0.1510324 0.1569003 0.0388967 0.0122887 0.0178713 0.0358134 0.0998741 0.0084287 0.0029711 0.0016316 0.0251328 0.0453148 0.0113161 0.0031088 0.0234344
101 A 101 0.5553437 0.0000000 0.0043635 0.0000000 0.0194544 0.0000000 0.0000000 0.0126292 0.0000000 0.0160995 0.0000000 0.0000000 0.0000000 0.0000000 0.0000000 0.1056663 0.2458478 0.0000000 0.0000000 0.0405956
102 L 102 0.0835304 0.0000000 0.0000000 0.0000000 0.0160695 0.0000000 0.0000000 0.0029901 0.0014667 0.0783587 0.4432238 0.0000000 0.2130797 0.0377376 0.0000000 0.0028367 0.0183472 0.0033661 0.0072713 0.0917222
103 T 103 0.1014714 0.0685678 0.0438562 0.3135400 0.0033761 0.0713376 0.1263897 0.0191006 0.0137554 0.0094258 0.0250584 0.0843675 0.0107407 0.0037657 0.0040606 0.0306528 0.0479113 0.0000000 0.0084660 0.0141562
104 A 104 0.0832803 0.0247943 0.0142414 0.1532916 0.0022571 0.0535286 0.3989380 0.0303045 0.0167789 0.0074863 0.0136400 0.0804290 0.0070912 0.0024515 0.0010716 0.0668224 0.0337560 0.0000000 0.0036477 0.0061897
105 A 105 0.0935188 0.0280172 0.0524947 0.0057834 0.0274620 0.0628364 0.0544567 0.0000000 0.0544085 0.0774282 0.2238573 0.0027744 0.0457701 0.0503333 0.0012154 0.0125268 0.0675047 0.0036283 0.0123049 0.1236787
106 G 106 0.0400541 0.0124967 0.0833917 0.1037988 0.0267280 0.0276822 0.0814432 0.3859845 0.0213910 0.0256084 0.0098371 0.0524694 0.0084292 0.0272268 0.0219098 0.0184683 0.0145969 0.0000000 0.0113470 0.0271369
107 V 107 0.0684764 0.0024321 0.0079991 0.0102533 0.0015107 0.0098149 0.0159700 0.0026376 0.0035732 0.1552009 0.2234120 0.0242181 0.0338028 0.0354897 0.0313952 0.0128400 0.0231621 0.0013356 0.0347240 0.3017522
108 P 108 0.0670724 0.0011714 0.0439082 0.1974265 0.0000000 0.0102106 0.0894709 0.0500277 0.0153626 0.0000000 0.0016676 0.0200144 0.0011265 0.0017767 0.3561036 0.1026650 0.0385342 0.0000000 0.0000000 0.0034618
109 S 109 0.1258243 0.0203112 0.0154669 0.1084856 0.0000000 0.0570422 0.1919930 0.0522731 0.0253509 0.0117943 0.0153792 0.0328039 0.0033444 0.0208114 0.2057487 0.0323963 0.0379059 0.0055041 0.0069919 0.0305726
110 E 110 0.1496988 0.0444815 0.0227047 0.1513284 0.0000000 0.0586195 0.2724689 0.0318415 0.0223355 0.0110920 0.0212049 0.0318292 0.0043405 0.0000000 0.0878625 0.0388924 0.0336107 0.0011896 0.0014076 0.0150918
111 T 111 0.1418233 0.0033861 0.0213555 0.0495347 0.0017589 0.0297299 0.0733076 0.0011087 0.0548831 0.0525249 0.2401496 0.0062054 0.0156411 0.0765338 0.0037677 0.0356383 0.0875124 0.0011129 0.0219218 0.0821041
112 I 112 0.1173018 0.2289472 0.0036703 0.0162199 0.0017322 0.1133647 0.0227574 0.0168611 0.0132753 0.1897806 0.0246604 0.1090760 0.0070267 0.0061847 0.0000000 0.0064016 0.0199202 0.0000000 0.0039611 0.0988587
113 T 113 0.1131062 0.0805803 0.1399660 0.1666422 0.0000000 0.0659681 0.1669693 0.0308888 0.0049601 0.0178315 0.0199395 0.0564884 0.0023446 0.0054345 0.0068525 0.0503432 0.0439640 0.0011742 0.0000000 0.0265467
114 E 114 0.1330385 0.1193268 0.0083867 0.0742097 0.0000000 0.0988099 0.2808424 0.0076841 0.0110809 0.0207503 0.0195169 0.0585276 0.0127426 0.0223564 0.0077392 0.0183771 0.0338125 0.0064623 0.0505171 0.0158190
115 I 115 0.1057435 0.0014269 0.0012222 0.0000000 0.0144035 0.0000000 0.0000000 0.0000000 0.0000000 0.1463669 0.3608986 0.0012610 0.0656067 0.1239715 0.0000000 0.0051082 0.0062741 0.0072946 0.0032220 0.1572004
116 L 116 0.0622834 0.0502258 0.0119941 0.0130615 0.0015429 0.0171758 0.0378438 0.0322368 0.0100272 0.0933580 0.2853424 0.0237800 0.1112992 0.0251615 0.0000000 0.0157308 0.0245959 0.0873907 0.0326984 0.0642519
117 G 117 0.2370705 0.0789704 0.0561489 0.0783127 0.0000000 0.0983847 0.1020114 0.0768234 0.0146473 0.0238419 0.0072631 0.0721417 0.0130833 0.0047805 0.0113623 0.0538956 0.0294401 0.0031093 0.0032640 0.0354490
118 V 118 0.1361514 0.1509119 0.0062208 0.0043442 0.0049172 0.0336844 0.0154873 0.0020101 0.0300667 0.1185290 0.0733579 0.0605106 0.0150506 0.0491329 0.0102966 0.0385407 0.0398248 0.0052262 0.1388336 0.0669033
119 I 119 0.1276727 0.0000000 0.0032488 0.0053061 0.0048556 0.0000000 0.0027621 0.0025635 0.0000000 0.1156756 0.4132972 0.0000000 0.0785926 0.1419634 0.0000000 0.0021539 0.0067044 0.0000000 0.0029049 0.0922992
120 A 120 0.1914963 0.0941525 0.0285542 0.0517690 0.0018564 0.0624976 0.2919038 0.0407188 0.0117566 0.0065535 0.0201131 0.0103839 0.0078684 0.0296284 0.0014869 0.0330764 0.0490207 0.0102789 0.0263622 0.0305223
121 P 121 0.0565729 0.1193199 0.0225670 0.0140365 0.0083743 0.0546552 0.0164532 0.0776389 0.0445543 0.0110458 0.0298761 0.0555519 0.0527297 0.0072238 0.1621399 0.1543387 0.0663391 0.0042897 0.0207985 0.0214947
122 L 122 0.1033738 0.0051423 0.0000000 0.0016419 0.0042485 0.0139813 0.0042256 0.0000000 0.0098594 0.0455072 0.2497750 0.0069176 0.1369522 0.0676687 0.0289980 0.0192100 0.1686743 0.0000000 0.0500389 0.0837855
123 A 123 0.4011844 0.3258054 0.0000000 0.0000000 0.0000000 0.0235185 0.0191932 0.0052996 0.0342471 0.0000000 0.0018917 0.1170025 0.0000000 0.0000000 0.0000000 0.0368518 0.0020116 0.0044253 0.0241488 0.0044201
124 V 124 0.0805372 0.0525753 0.0641434 0.1748618 0.0021996 0.0484711 0.0424007 0.0865973 0.0629132 0.0186543 0.0442675 0.0669021 0.0120017 0.0175190 0.0669265 0.0785281 0.0253182 0.0038569 0.0392582 0.0120681
125 D 125 0.1007163 0.0425223 0.0114703 0.2102364 0.0105956 0.0439002 0.1076789 0.0312641 0.1221771 0.0139973 0.0223242 0.0089580 0.0320723 0.0573873 0.0024467 0.0763998 0.0087413 0.0673147 0.0155391 0.0142580
126 V 126 0.0021752 0.0000000 0.0000000 0.0000000 0.0000000 0.0000000 0.0000000 0.0000000 0.0000000 0.3596668 0.1016894 0.0027914 0.2814848 0.0210714 0.0000000 0.0042556 0.0170479 0.0000000 0.0000000 0.2098175
127 T 127 0.0370081 0.1257273 0.0000000 0.0000000 0.0031527 0.0191383 0.0093557 0.0021869 0.0000000 0.1789407 0.0986082 0.0051740 0.0246294 0.0288926 0.0000000 0.0000000 0.0603063 0.0000000 0.0000000 0.4068797
128 S 128 0.0562847 0.0072763 0.5290505 0.0170170 0.0032738 0.0256020 0.0294061 0.0956866 0.0000000 0.0000000 0.0022131 0.0000000 0.0000000 0.0104545 0.0000000 0.0590031 0.1576814 0.0000000 0.0000000 0.0070508
129 G 129 0.0895577 0.2043838 0.0078403 0.0090461 0.0000000 0.0963282 0.0039677 0.1439978 0.0015025 0.0063671 0.0065673 0.0921514 0.0000000 0.0000000 0.0346073 0.1414143 0.1239158 0.0061509 0.0062747 0.0259271
130 E 130 0.0361751 0.0505660 0.0625437 0.0699028 0.0489416 0.0675659 0.1121579 0.0028582 0.0125251 0.0000000 0.0036952 0.1377597 0.0020119 0.0226879 0.2565368 0.0960656 0.0146618 0.0000000 0.0033448 0.0000000
131 S 131 0.1174559 0.0101746 0.0233203 0.0818488 0.0000000 0.0440025 0.1345484 0.0840885 0.0203442 0.0056941 0.0114276 0.0100364 0.0129622 0.0000000 0.1359630 0.1411883 0.1618849 0.0000000 0.0000000 0.0050604
132 T 132 0.1052797 0.0184124 0.0735443 0.0435457 0.0000000 0.0148546 0.1070062 0.0361585 0.0137450 0.0191294 0.0685781 0.0220724 0.0363859 0.0072961 0.0459726 0.1026433 0.0959118 0.0000000 0.0228189 0.1666452
133 T 133 0.0782136 0.2719672 0.0498925 0.0724936 0.0000000 0.0427006 0.0506355 0.0070184 0.0223081 0.0220293 0.0143180 0.0566779 0.0275371 0.0228193 0.1077421 0.0149747 0.1096691 0.0000000 0.0000000 0.0290030
134 A 134 0.2361886 0.0743832 0.0481133 0.0492299 0.0084761 0.0099327 0.0743122 0.0391014 0.1276355 0.0000000 0.0616595 0.0266802 0.0716681 0.0000000 0.0138198 0.0788782 0.0448801 0.0000000 0.0263217 0.0087194
135 P 135 0.0281520 0.0000000 0.0193591 0.1511488 0.0000000 0.0360526 0.3560251 0.0112543 0.0000000 0.0000000 0.0000000 0.0000000 0.0000000 0.0000000 0.2927809 0.0231314 0.0127864 0.0000000 0.0284740 0.0408355
136 V 136 0.0000000 0.0000000 0.0000000 0.0000000 0.0000000 0.0000000 0.0000000 0.0000000 0.0000000 0.2656052 0.1545234 0.0000000 0.1289577 0.0000000 0.0000000 0.0000000 0.0000000 0.0000000 0.0000000 0.4509138
