  136         A         R         N         D         C         Q         E         G         H         I         L         K         M         F         P         S         T         W         Y         V         X    
  1 M   1 0.0000000 0.0000000 0.0000000 0.0000000 0.0000000 0.0000000 0.0000000 0.0000000 0.0000000 0.0048049 0.0208434 0.0000000 0.0480645 0.0000000 0.0000000 0.0000000 0.0000000 0.0000000 0.0000000 0.0025628 0.9237244
  2 G   2 0.0067266 0.0000000 0.0153309 0.0021501 0.0017196 0.0015305 0.0133234 0.0238384 0.0000000 0.0000000 0.0000000 0.0046054 0.0022506 0.0018015 0.0000000 0.0243652 0.0057542 0.0000000 0.0000000 0.0000000 0.8966037
  3 L   3 0.0049983 0.0018033 0.0000000 0.0032688 0.0000000 0.0000000 0.0188766 0.0038553 0.0000000 0.0135428 0.0693008 0.0016128 0.0107212 0.0000000 0.0000000 0.0000000 0.0026356 0.0019414 0.0000000 0.0168034 0.8506399
  4 L   4 0.0266221 0.0060909 0.0000000 0.0022279 0.0060915 0.0019677 0.0000000 0.0080404 0.0000000 0.0147315 0.0592466 0.0000000 0.0134568 0.0000000 0.0063969 0.0207166 0.0138238 0.0000000 0.0000000 0.0125786 0.8080088
  5 S   5 0.0394676 0.0156002 0.0025299 0.0000000 0.0015112 0.0195290 0.0183372 0.0154610 0.0019414 0.0016675 0.0000000 0.0037757 0.0060857 0.0021228 0.0318764 0.0439574 0.0155515 0.0000000 0.0000000 0.0014402 0.7791453
  6 R   6 0.0241627 0.0431886 0.0010216 0.0035769 0.0374688 0.0410043 0.0078721 0.0179979 0.0015721 0.0000000 0.0009736 0.0089578 0.0000000 0.0000000 0.0282575 0.0121044 0.0031379 0.0000000 0.0000000 0.0034339 0.7652699
  7 L   7 0.0914233 0.0044022 0.0081126 0.0061189 0.0162543 0.0047266 0.0094732 0.0169008 0.0015112 0.0108967 0.0219562 0.0015752 0.0434933 0.0105685 0.0073296 0.0267820 0.0037871 0.0000000 0.0037307 0.0021437 0.7088139
  8 R   8 0.0467285 0.0391563 0.0135855 0.0180520 0.0014662 0.0452318 0.0159232 0.0107559 0.0139666 0.0044022 0.0037757 0.0131990 0.0046729 0.0007522 0.0143256 0.0478357 0.0332187 0.0000000 0.0011804 0.0026382 0.6691334
  9 K   9 0.0627508 0.0129367 0.0291818 0.0328617 0.0000000 0.0279471 0.0492042 0.0023235 0.0091397 0.0028529 0.0122331 0.0197992 0.0015721 0.0022279 0.0126899 0.0440859 0.0481889 0.0000000 0.0029938 0.0101252 0.6168854
 10 R  10 0.0293047 0.0332928 0.0382220 0.0162137 0.0018105 0.0391931 0.0481441 0.0119698 0.0088769 0.0017641 0.0020458 0.0443718 0.0020286 0.0000000 0.0590442 0.0691055 0.0229591 0.0000000 0.0000000 0.0093294 0.5623237
 11 E  11 0.0733985 0.0135692 0.0260270 0.0476903 0.0000000 0.0730729 0.0417062 0.0175426 0.0041004 0.0057604 0.0040964 0.0236460 0.0436991 0.0053296 0.0870099 0.0326673 0.0222598 0.0000000 0.0000000 0.0101221 0.4683025
 12 P  12 0.0314862 0.0154349 0.0230999 0.0499776 0.0030875 0.0548227 0.0848153 0.0402081 0.0074717 0.0084518 0.0085880 0.0373130 0.0000000 0.0008301 0.1181571 0.0446822 0.0381608 0.0011236 0.0000000 0.0099760 0.4223136
 13 I  13 0.0535223 0.0234537 0.0072010 0.0594610 0.0013250 0.1092790 0.0229277 0.0148781 0.0011262 0.0156491 0.0221837 0.0778459 0.0293545 0.0008911 0.0950551 0.0348892 0.0475099 0.0000000 0.0037013 0.0322858 0.3474602
 14 S  14 0.0324553 0.0014497 0.0320683 0.0021077 0.0080983 0.0053509 0.0030265 0.0052604 0.0044022 0.0035365 0.0060342 0.0034422 0.0000000 0.0000000 0.0027984 0.2761810 0.3142310 0.0000000 0.0000000 0.0000000 0.2995575
 15 I  15 0.0216177 0.0000000 0.0000000 0.0014169 0.0000000 0.0031556 0.0000000 0.0000000 0.0078879 0.0803133 0.4316799 0.0013312 0.0194163 0.0778389 0.0972052 0.0043293 0.0094873 0.0000000 0.0046676 0.0337124 0.2059404
 16 Y  16 0.0021668 0.0000000 0.0029027 0.0000000 0.0000000 0.0000000 0.0000000 0.0000000 0.0022428 0.0153183 0.0441025 0.0000000 0.0000000 0.2218095 0.0000000 0.0000000 0.0022651 0.0064073 0.5260906 0.0028441 0.1738503
 17 D  17 0.0328210 0.0180556 0.0148214 0.2005693 0.0015392 0.0912380 0.3654244 0.0080929 0.0077141 0.0054048 0.0080507 0.0292765 0.0031056 0.0000000 0.0029425 0.0069880 0.0183174 0.0000000 0.0108861 0.0057518 0.1690006
 18 K  18 0.1301990 0.2780807 0.0041812 0.0173744 0.0010345 0.0890088 0.0458456 0.0075495 0.0072956 0.0199586 0.0553650 0.0896373 0.0096075 0.0052054 0.0000000 0.0114632 0.0159559 0.0387152 0.0017364 0.0090496 0.1627366
 19 I  19 0.0610762 0.0000000 0.0000000 0.0000000 0.0000000 0.0000000 0.0000000 0.0000000 0.0000000 0.2343392 0.3313743 0.0000000 0.0362888 0.0377363 0.0000000 0.0000000 0.0000000 0.0021314 0.0171046 0.1227670 0.1571822
 20 G  20 0.0000000 0.0009761 0.0042758 0.0052156 0.0000000 0.0000000 0.0041193 0.8130202 0.0015973 0.0022830 0.0000000 0.0016989 0.0000000 0.0033438 0.0000000 0.0012272 0.0036697 0.0000000 0.0000000 0.0000000 0.1585731
 21 G  21 0.0083457 0.0041858 0.0013910 0.0037115 0.0000000 0.0118344 0.0458623 0.6996672 0.0000000 0.0013528 0.0025710 0.0064270 0.0000000 0.0000000 0.0000000 0.0016522 0.0000000 0.0000000 0.0017423 0.0038371 0.2074197
 22 H  22 0.1002509 0.0497609 0.0107156 0.1012260 0.0000000 0.0440956 0.3679885 0.0051090 0.0350272 0.0219130 0.0417974 0.0504748 0.0134609 0.0117694 0.0156466 0.0209347 0.0171738 0.0037013 0.0205739 0.0159328 0.0524478
 23 E  23 0.1864709 0.0080231 0.0152756 0.1262262 0.0000000 0.0561251 0.2632720 0.0133783 0.0050412 0.0050696 0.0130241 0.0623784 0.0146795 0.0039612 0.0958350 0.0429987 0.0247266 0.0000000 0.0127651 0.0099020 0.0408475
 24 A  24 0.2212801 0.0349746 0.0490965 0.0347166 0.0011851 0.0213042 0.0130520 0.2419277 0.0015994 0.0115069 0.0056484 0.0293292 0.0068037 0.0136450 0.0121142 0.0366450 0.1503277 0.0000000 0.0056534 0.0684499 0.0407405
 25 I  25 0.0034427 0.0000000 0.0000000 0.0000000 0.0020834 0.0000000 0.0000000 0.0000000 0.0000000 0.4096437 0.2073206 0.0000000 0.0158208 0.1155497 0.0000000 0.0000000 0.0035759 0.0000000 0.0000000 0.2221521 0.0204110
 26 E  26 0.1141009 0.2419566 0.0332652 0.0493053 0.0032987 0.0515749 0.1484285 0.0182968 0.0353418 0.0111877 0.0115205 0.0650547 0.0085553 0.0017059 0.0011033 0.0641217 0.0653349 0.0012000 0.0168048 0.0374313 0.0204110
 27 V  27 0.2333696 0.2104956 0.0326509 0.0357786 0.0021645 0.0624973 0.0638803 0.0191310 0.0146823 0.0125362 0.0419425 0.1346497 0.0052000 0.0075305 0.0048177 0.0277817 0.0460752 0.0017311 0.0009949 0.0198031 0.0222873
 28 V  28 0.0797716 0.0000000 0.0000000 0.0000000 0.0070597 0.0018726 0.0000000 0.0000000 0.0000000 0.1449228 0.5094081 0.0000000 0.0373841 0.0496397 0.0000000 0.0102551 0.0116007 0.0016521 0.0000000 0.1284780 0.0179555
 29 V  29 0.0758599 0.0000000 0.0000000 0.0000000 0.0150959 0.0000000 0.0038573 0.0000000 0.0047777 0.0733925 0.0287792 0.0000000 0.0383819 0.0140202 0.0000000 0.0283056 0.0738083 0.0000000 0.0035030 0.6230744 0.0171440
 30 E  30 0.0608153 0.0488081 0.0678058 0.3509943 0.0000000 0.0192054 0.1941109 0.0233576 0.0616723 0.0011113 0.0046041 0.0417605 0.0045799 0.0035504 0.0034491 0.0323698 0.0415966 0.0032497 0.0155327 0.0058458 0.0155803
 31 D  31 0.1337023 0.2096411 0.0371274 0.1214808 0.0024299 0.0292831 0.0554090 0.0317648 0.0201121 0.0412792 0.0465639 0.0402514 0.0096713 0.0000000 0.0000000 0.0520136 0.1008014 0.0000000 0.0160493 0.0378142 0.0146053
 32 F  32 0.0145557 0.0000000 0.0000000 0.0000000 0.0000000 0.0000000 0.0000000 0.0000000 0.0137962 0.0083182 0.1187005 0.0000000 0.0441325 0.7283037 0.0000000 0.0071786 0.0084000 0.0084854 0.0060909 0.0274332 0.0146053
 33 Y  33 0.0070509 0.0000000 0.0000000 0.0000000 0.0034853 0.0027728 0.0000000 0.0020834 0.0234528 0.0350059 0.0495534 0.0030149 0.0111888 0.0409665 0.0000000 0.0059971 0.0024314 0.0038562 0.7525464 0.0419889 0.0146053
 34 V  34 0.1183457 0.0789779 0.0478288 0.2748665 0.0000000 0.0591929 0.1282640 0.0555299 0.0149738 0.0039370 0.0131905 0.0372416 0.0039271 0.0103810 0.0154202 0.0342904 0.0424991 0.0000000 0.0265556 0.0218751 0.0127029
 35 R  35 0.0212655 0.2800131 0.0490258 0.0046691 0.0048273 0.0436043 0.0329684 0.0551771 0.0145744 0.0401195 0.1385707 0.2139795 0.0067522 0.0064685 0.0000000 0.0102518 0.0162619 0.0000000 0.0259924 0.0187531 0.0167253
 36 V  36 0.0662528 0.0000000 0.0047448 0.0000000 0.0213962 0.0000000 0.0000000 0.0030926 0.0138274 0.1486707 0.1059128 0.0000000 0.1709227 0.0051766 0.0000000 0.0148991 0.0021848 0.0000000 0.0000000 0.4261945 0.0167253
 37 L  37 0.1292825 0.1372744 0.0077833 0.1029953 0.0058562 0.0546223 0.0653100 0.0291773 0.0075706 0.0232330 0.1889510 0.0242767 0.0354818 0.0233690 0.0143384 0.0229223 0.0230996 0.0013519 0.0527214 0.0326412 0.0177418
 38 A  38 0.2190377 0.0551423 0.0576862 0.0542312 0.0015444 0.0857120 0.1166940 0.0203497 0.0079486 0.0116190 0.0409641 0.0828922 0.0043248 0.0133761 0.0017878 0.0701951 0.0956556 0.0000000 0.0030449 0.0402544 0.0175397
 39 D  39 0.0077204 0.0086344 0.0745553 0.6767330 0.0000000 0.0012022 0.0582880 0.0013229 0.0624664 0.0102023 0.0414112 0.0000000 0.0000000 0.0000000 0.0000000 0.0183553 0.0078349 0.0000000 0.0000000 0.0009299 0.0303437
 40 D  40 0.0639620 0.0178955 0.0185420 0.1098228 0.0010884 0.0307710 0.1746691 0.0089474 0.0097617 0.0000000 0.0000000 0.0378506 0.0000000 0.0008723 0.4173760 0.0507672 0.0291966 0.0000000 0.0023672 0.0109679 0.0151422
 41 Q  41 0.0557315 0.2198641 0.0077118 0.0671838 0.0054280 0.0751650 0.1244111 0.0101567 0.0064990 0.0400809 0.1547126 0.0245957 0.0064020 0.0032161 0.0031250 0.0255109 0.0446354 0.0065848 0.0093655 0.0899624 0.0196576
 42 L  42 0.0679600 0.0011228 0.0000000 0.0000000 0.0037013 0.0000000 0.0000000 0.0029072 0.0000000 0.2847968 0.4115722 0.0015598 0.0105504 0.0422591 0.0000000 0.0013135 0.0297471 0.0000000 0.0302535 0.0987445 0.0135117
 43 S  43 0.1811733 0.1539865 0.0757414 0.0045416 0.0052296 0.0364623 0.0195246 0.2196416 0.0061579 0.0163281 0.0185839 0.1255307 0.0000000 0.0119794 0.0010846 0.0645944 0.0077418 0.0018227 0.0104059 0.0259580 0.0135117
 44 A  44 0.0599246 0.0511171 0.0197612 0.0532247 0.0000000 0.0207136 0.0597172 0.0618972 0.1133649 0.0042503 0.0098059 0.0312399 0.0083856 0.0304406 0.3460631 0.0392085 0.0183088 0.0054151 0.0315299 0.0169435 0.0186883
 45 F  45 0.0107850 0.0228665 0.0012599 0.0023578 0.0078544 0.0071835 0.0000000 0.0037467 0.0312877 0.1941866 0.1765797 0.0121202 0.0754822 0.2175430 0.0056881 0.0054906 0.0105264 0.0000000 0.0973874 0.1006697 0.0169847
 46 F  46 0.0018044 0.1177154 0.0020984 0.0000000 0.0014538 0.0000000 0.0000000 0.0022943 0.0092320 0.0000000 0.0310534 0.0031909 0.0090626 0.6744815 0.0000000 0.0000000 0.0000000 0.0140241 0.1038896 0.0000000 0.0296997
 47 S  47 0.1385911 0.0387627 0.0693192 0.0643221 0.0000000 0.0180220 0.1154199 0.0120841 0.1547021 0.0113870 0.0135621 0.0780909 0.0012941 0.0000000 0.1632088 0.0438997 0.0253134 0.0000000 0.0000000 0.0241102 0.0279108
 48 G  48 0.0908943 0.0386232 0.0937694 0.1141193 0.0000000 0.0176754 0.1110792 0.2069545 0.0566760 0.0044022 0.0007337 0.0837944 0.0000000 0.0017189 0.0887294 0.0264017 0.0160580 0.0030149 0.0020670 0.0097282 0.0335602
 49 T  49 0.1326562 0.0357709 0.0052588 0.0645568 0.0010174 0.0209708 0.0709026 0.0202125 0.0336526 0.0519355 0.0170279 0.0443973 0.0390218 0.0092980 0.0475839 0.0760709 0.1313505 0.0000000 0.0013732 0.1265831 0.0703593
 50 N  50 0.0109187 0.0271729 0.1135789 0.5243552 0.0000000 0.0039129 0.0303290 0.0342404 0.0077341 0.0000000 0.0000000 0.0776667 0.0025520 0.0019312 0.0320053 0.0680138 0.0298203 0.0000000 0.0000000 0.0038771 0.0318914
 51 M  51 0.0222513 0.0235912 0.0024270 0.0022458 0.0000000 0.0196786 0.0208161 0.0013519 0.0086622 0.1210072 0.2849629 0.0292321 0.1427754 0.0302125 0.0395269 0.0049212 0.0123926 0.1495555 0.0000000 0.0541590 0.0302307
 52 S  52 0.1165589 0.0151471 0.0301313 0.1736898 0.0000000 0.0534586 0.1546671 0.0738500 0.0062266 0.0082218 0.0030880 0.0513877 0.0032567 0.0000000 0.1038466 0.0739126 0.0803536 0.0000000 0.0013378 0.0335949 0.0172710
 53 R  53 0.0715352 0.1271039 0.0124876 0.0342850 0.0020834 0.0569618 0.1226707 0.0818949 0.0895348 0.0182153 0.0298960 0.0947562 0.0170883 0.0034993 0.1027005 0.0518221 0.0348455 0.0000000 0.0093504 0.0170521 0.0222168
 54 L  54 0.1473678 0.0000000 0.0000000 0.0000000 0.0021260 0.0798268 0.0040449 0.0043073 0.1974476 0.0913527 0.1722751 0.0000000 0.0165615 0.0485691 0.0020378 0.0739842 0.0596932 0.0000000 0.0132289 0.0726788 0.0144982
 55 K  55 0.0529032 0.2283672 0.0080993 0.0025520 0.0000000 0.0253182 0.1085880 0.0047802 0.0139887 0.0727873 0.1084094 0.2619683 0.0196963 0.0034326 0.0138402 0.0150583 0.0131532 0.0000000 0.0027911 0.0238706 0.0203958
 56 G  56 0.1172896 0.0954538 0.0185492 0.1250965 0.0007766 0.1104132 0.2102800 0.0344803 0.0111733 0.0085143 0.0184850 0.0714458 0.0104028 0.0142391 0.0327928 0.0268546 0.0253280 0.0031334 0.0152554 0.0214651 0.0285712
 57 K  57 0.0271628 0.1788025 0.0366941 0.0000000 0.0016217 0.0482734 0.0111231 0.0345074 0.1315994 0.0205872 0.0363184 0.3521103 0.0229951 0.0000000 0.0000000 0.0266271 0.0256784 0.0000000 0.0015400 0.0225662 0.0217930
 58 Q  58 0.0028550 0.0018778 0.0080075 0.0000000 0.0000000 0.2422935 0.0034742 0.0000000 0.0014915 0.0540946 0.3539334 0.0033438 0.1188835 0.0759555 0.0000000 0.0101964 0.0119604 0.0000000 0.0085774 0.0817824 0.0212731
 59 V  59 0.1537356 0.0682447 0.0059044 0.0018398 0.0226383 0.0212191 0.0055690 0.0274663 0.0053933 0.0512222 0.0230613 0.0983866 0.0055893 0.0980210 0.0029951 0.0385396 0.1487554 0.0000000 0.0898471 0.1102987 0.0212731
 60 E  60 0.1174163 0.0451250 0.0417019 0.1259297 0.0080959 0.1004436 0.1449939 0.0156151 0.0071699 0.0069864 0.0823292 0.0458162 0.0710492 0.0060747 0.0000000 0.0451440 0.0406994 0.0445819 0.0091013 0.0204530 0.0212731
 61 F  61 0.0000000 0.0000000 0.0000000 0.0000000 0.0000000 0.0723562 0.0000000 0.0000000 0.0192044 0.0093484 0.0159759 0.0084277 0.0074331 0.6905059 0.0000000 0.0000000 0.0000000 0.0408089 0.1073745 0.0067800 0.0217849
 62 F  62 0.0030149 0.0000000 0.0029027 0.0000000 0.0037215 0.0029934 0.0000000 0.0000000 0.0000000 0.0732226 0.5017845 0.0000000 0.0484500 0.1045084 0.0000000 0.0043404 0.0103026 0.1583353 0.0067139 0.0558449 0.0238649
 63 A  63 0.0957249 0.0116208 0.0071789 0.0029130 0.1753176 0.0226056 0.0623386 0.0310773 0.0061798 0.0669605 0.0082094 0.0105178 0.0172203 0.0000000 0.0000000 0.2613130 0.1378114 0.0000000 0.0021260 0.0561143 0.0247707
 64 A  64 0.0674860 0.0051890 0.0172229 0.0135348 0.0037013 0.2095373 0.1321834 0.1923014 0.0129969 0.0019942 0.0167263 0.0068449 0.0503085 0.0148151 0.0000000 0.1101721 0.0316524 0.0073850 0.0461155 0.0341079 0.0257252
 65 A  65 0.1475753 0.0226973 0.0022672 0.0009800 0.0049076 0.0092051 0.0091102 0.0143824 0.0137176 0.0780905 0.1301202 0.0047777 0.0342896 0.0489538 0.0000000 0.0129669 0.0136435 0.1441329 0.1073719 0.1822448 0.0185656
 66 L  66 0.0568561 0.0000000 0.0000000 0.0000000 0.0156860 0.0000000 0.0019398 0.0033757 0.0000000 0.0304637 0.3430007 0.0000000 0.0816976 0.1823014 0.0000000 0.0527933 0.0988332 0.0828688 0.0000000 0.0316181 0.0185656
 67 G  67 0.0042649 0.0103449 0.0071557 0.0292510 0.0000000 0.0012095 0.0052943 0.7742805 0.0018579 0.0017059 0.1021395 0.0072639 0.0000000 0.0245875 0.0000000 0.0041070 0.0046071 0.0000000 0.0013707 0.0000000 0.0205598
 68 G  68 0.0093997 0.0166151 0.0044622 0.0131459 0.0022739 0.0023601 0.0093862 0.8290991 0.0033657 0.0000000 0.0042643 0.0249839 0.0122991 0.0000000 0.0053846 0.0248280 0.0098341 0.0035040 0.0014542 0.0000000 0.0233398
 69 P  69 0.0346500 0.0132351 0.0124899 0.0142676 0.0000000 0.0142290 0.0333230 0.0212029 0.0012887 0.0012577 0.0010344 0.0077006 0.0000000 0.0000000 0.6872079 0.0483026 0.0771336 0.0000000 0.0000000 0.0106511 0.0220262
 70 E  70 0.0771283 0.0747480 0.0785148 0.0623635 0.1140269 0.0724690 0.0409520 0.0841634 0.0278553 0.0055431 0.0041633 0.1043503 0.0083579 0.0076134 0.0827185 0.0512896 0.0426684 0.0000000 0.0021203 0.0357480 0.0232060
 71 P  71 0.0514956 0.1218343 0.0350849 0.0400045 0.0051985 0.0489853 0.0672839 0.0200092 0.0340638 0.0184719 0.1699068 0.0634014 0.0086232 0.0068273 0.0225626 0.0341739 0.1568615 0.0021543 0.0199104 0.0436357 0.0295109
 72 Y  72 0.0000000 0.0020238 0.0000000 0.0044017 0.0000000 0.0000000 0.0000000 0.0019869 0.0000000 0.0068584 0.0020709 0.0000000 0.0000000 0.1193741 0.0019942 0.0017151 0.0000000 0.0251919 0.8224559 0.0000000 0.0119271
 73 T  73 0.0322973 0.0886381 0.0306537 0.0688623 0.0000000 0.0345367 0.0513912 0.0232662 0.0397042 0.0199928 0.0080870 0.0859817 0.0059515 0.0080219 0.0247939 0.1986974 0.2230876 0.0000000 0.0192842 0.0266852 0.0100667
 74 G  74 0.0198203 0.0162843 0.0030451 0.0290069 0.0068401 0.0135003 0.0440039 0.7852735 0.0065559 0.0109195 0.0134148 0.0000000 0.0000000 0.0000000 0.0039624 0.0156219 0.0028486 0.0015740 0.0021493 0.0111215 0.0140576
 75 A  75 0.0763896 0.1823630 0.0457515 0.0456080 0.0000000 0.0410567 0.0718819 0.0134998 0.2635005 0.0104208 0.0121653 0.1322267 0.0135455 0.0016735 0.0215670 0.0211810 0.0095113 0.0000000 0.0018729 0.0085789 0.0272061
 76 P  76 0.0294442 0.0227630 0.0912140 0.1348203 0.0209995 0.0205606 0.0297654 0.0199723 0.0219841 0.0042307 0.0028441 0.0057434 0.0012916 0.0000000 0.4150242 0.1164699 0.0324291 0.0000000 0.0153161 0.0039655 0.0111619
 77 M  77 0.0048489 0.0000000 0.0018604 0.0000000 0.0000000 0.0000000 0.0000000 0.0000000 0.0027477 0.0566546 0.3848374 0.0000000 0.4330151 0.0302252 0.0035571 0.0000000 0.0000000 0.0022651 0.0019582 0.0630206 0.0150098
 78 K  78 0.0586689 0.3799374 0.0103316 0.0075595 0.0000000 0.0413598 0.0339960 0.0108508 0.0000000 0.0409179 0.0438070 0.1418813 0.0198527 0.0073685 0.0869470 0.0109131 0.0144458 0.0000000 0.0098878 0.0554940 0.0257808
 79 Q  79 0.2004646 0.0687275 0.0148209 0.0535256 0.0037520 0.0757534 0.1295419 0.0313649 0.0026827 0.0043664 0.0165157 0.0631998 0.1179938 0.0000000 0.0682385 0.0588841 0.0498229 0.0010952 0.0016865 0.0160223 0.0215413
 80 V  80 0.2242295 0.2684368 0.0000000 0.0000000 0.0030875 0.0149474 0.0000000 0.0160751 0.0733884 0.0687680 0.0197364 0.0226023 0.0150499 0.0124706 0.0038998 0.0824002 0.0184319 0.0010556 0.0041193 0.1058866 0.0454148
 81 H  81 0.0097463 0.0000000 0.0000000 0.0000000 0.0041193 0.0065627 0.0000000 0.0000000 0.9284573 0.0045362 0.0215583 0.0000000 0.0067498 0.0022060 0.0000000 0.0000000 0.0037123 0.0000000 0.0000000 0.0022850 0.0100667
 82 Q  82 0.2084595 0.1116391 0.0118784 0.0108623 0.0000000 0.0785501 0.0437773 0.0152554 0.0105261 0.0249117 0.1147591 0.0919438 0.0709052 0.0434631 0.0039235 0.0423205 0.0344725 0.0000000 0.0394246 0.0328611 0.0100667
 83 G  83 0.0361641 0.0381137 0.0626036 0.0548911 0.0012219 0.0325505 0.0142122 0.2166580 0.1121566 0.0169801 0.0255708 0.0377687 0.0117342 0.0045231 0.2521647 0.0249128 0.0178986 0.0024843 0.0037976 0.0235269 0.0100667
 84 R  84 0.0190112 0.0455460 0.0101713 0.0000000 0.0000000 0.0134642 0.0038243 0.0066421 0.0116997 0.0315745 0.2990761 0.0226564 0.1658746 0.2399085 0.0164758 0.0074483 0.0038708 0.0091755 0.0559122 0.0262791 0.0113894
 85 G  85 0.0932454 0.0476455 0.1478463 0.0493175 0.0018448 0.0256638 0.0408587 0.2163487 0.0395685 0.0026501 0.0051862 0.0703014 0.0039797 0.0000000 0.1495489 0.0432619 0.0281641 0.0000000 0.0068980 0.0161615 0.0115088
 86 I  86 0.0044732 0.0000000 0.0000000 0.0036728 0.0000000 0.0000000 0.0020153 0.0000000 0.0026758 0.6051147 0.1756118 0.0000000 0.0145476 0.0257025 0.0044832 0.0015723 0.0017927 0.0000000 0.0018398 0.1464315 0.0100667
 87 T  87 0.0286410 0.0331840 0.0936131 0.1212987 0.0031837 0.0283423 0.0337516 0.1422502 0.0149176 0.0017495 0.0030903 0.0195410 0.0091810 0.0000000 0.0125141 0.1019390 0.3336766 0.0000000 0.0073055 0.0017542 0.0100667
 88 M  88 0.0536407 0.0272924 0.0580003 0.1890697 0.0000000 0.0429080 0.2045125 0.0193408 0.0220231 0.0192212 0.0190146 0.0350989 0.0187704 0.0051044 0.1818013 0.0378239 0.0328661 0.0040366 0.0043120 0.0150963 0.0100667
 89 H  89 0.2245828 0.0370953 0.0095551 0.0509432 0.0000000 0.0528080 0.1717288 0.0231045 0.0264430 0.0201218 0.0223884 0.0638686 0.0122049 0.0403040 0.0286669 0.0631920 0.0437532 0.0035213 0.0563901 0.0392614 0.0100667
 90 H  90 0.0979401 0.0273479 0.0077949 0.0914649 0.0000000 0.1147643 0.1965458 0.0045796 0.2944885 0.0051964 0.0700029 0.0079118 0.0282761 0.0058474 0.0000000 0.0092293 0.0086159 0.0000000 0.0097586 0.0101689 0.0100667
 91 F  91 0.0749598 0.2504523 0.0000000 0.0064984 0.0000000 0.0021501 0.0000000 0.0036728 0.0116461 0.0025347 0.0183994 0.0174398 0.0076995 0.5204322 0.0000000 0.0121704 0.0013743 0.0221564 0.0213199 0.0126249 0.0144689
 92 S  92 0.0374789 0.0389490 0.1363814 0.4737404 0.0000000 0.0350330 0.1243962 0.0218860 0.0032179 0.0091326 0.0066296 0.0194389 0.0022259 0.0010463 0.0080534 0.0207173 0.0270563 0.0000000 0.0074602 0.0105061 0.0166507
 93 L  93 0.3302256 0.2289830 0.0095624 0.0000000 0.0229125 0.1042409 0.0373372 0.0069306 0.0319484 0.0468899 0.0574600 0.0215962 0.0068481 0.0030034 0.0016218 0.0132879 0.0165527 0.0000000 0.0102031 0.0337455 0.0166507
 94 V  94 0.0206714 0.0091301 0.0018044 0.0000000 0.0085774 0.0000000 0.0000000 0.0126623 0.0000000 0.0359220 0.0930450 0.0000000 0.0209872 0.1140376 0.0000000 0.0013892 0.0168558 0.5133504 0.0090200 0.1244479 0.0180994
 95 A  95 0.0821685 0.0012771 0.0022224 0.0000000 0.0139599 0.0085729 0.0057381 0.0085251 0.0000000 0.0566034 0.4528681 0.0490410 0.0812773 0.0057540 0.0000000 0.0046953 0.0077875 0.0000000 0.0020462 0.1993638 0.0180994
 96 G  96 0.1285925 0.0658387 0.0404839 0.0866726 0.0054966 0.0469125 0.1985630 0.0890959 0.0284127 0.0059540 0.0558298 0.0361307 0.0264950 0.0136809 0.0000000 0.0678333 0.0425585 0.0011318 0.0229220 0.0192965 0.0180994
 97 H  97 0.0300559 0.0009753 0.0572999 0.0760965 0.2438316 0.0123175 0.0144642 0.0025326 0.1775817 0.0272223 0.2519122 0.0000000 0.0104487 0.0037470 0.0000000 0.0036805 0.0160090 0.0000000 0.0346473 0.0189407 0.0182371
 98 L  98 0.0198066 0.0000000 0.0000000 0.0000000 0.0119028 0.0000000 0.0000000 0.0000000 0.0000000 0.0630412 0.2768515 0.0000000 0.3353542 0.2055704 0.0000000 0.0016790 0.0034092 0.0306198 0.0158397 0.0167839 0.0191418
 99 A  99 0.0896630 0.1486307 0.0379645 0.0549606 0.0053329 0.0848919 0.0867860 0.0366270 0.0441756 0.0527792 0.0702994 0.0802807 0.0194930 0.0076732 0.0000000 0.0491079 0.0431096 0.0000000 0.0092709 0.0597986 0.0191555
100 D 100 0.1512076 0.0764670 0.0413754 0.0824225 0.0043426 0.1516820 0.1555868 0.0371332 0.0132592 0.0173510 0.0341801 0.0971508 0.0080865 0.0028382 0.0015723 0.0258677 0.0432482 0.0106276 0.0029783 0.0222004 0.0204228
101 A 101 0.5356560 0.0000000 0.0044657 0.0000000 0.0182334 0.0000000 0.0000000 0.0117908 0.0000000 0.0152223 0.0000000 0.0000000 0.0000000 0.0000000 0.0000000 0.1031093 0.2439344 0.0000000 0.0000000 0.0456470 0.0219411
102 L 102 0.0838020 0.0000000 0.0000000 0.0000000 0.0152735 0.0000000 0.0000000 0.0048630 0.0015183 0.0766749 0.4298950 0.0000000 0.2049773 0.0388262 0.0000000 0.0026985 0.0197452 0.0031563 0.0070077 0.0915311 0.0200310
103 T 103 0.0983207 0.0675600 0.0416187 0.3064691 0.0033288 0.0706445 0.1294122 0.0184904 0.0143078 0.0089668 0.0239572 0.0842868 0.0102560 0.0035686 0.0039838 0.0292187 0.0449743 0.0000000 0.0079747 0.0156400 0.0170209
104 A 104 0.0798887 0.0240569 0.0134812 0.1502295 0.0021260 0.0511449 0.3974132 0.0287681 0.0164906 0.0070050 0.0127696 0.0761678 0.0066017 0.0022943 0.0010296 0.0653284 0.0343238 0.0000000 0.0034533 0.0057938 0.0216336
105 A 105 0.0936468 0.0275434 0.0512244 0.0053880 0.0261066 0.0599930 0.0537149 0.0000000 0.0519592 0.0742665 0.2202881 0.0027436 0.0450945 0.0486860 0.0011656 0.0120108 0.0642308 0.0035801 0.0118134 0.1197602 0.0267841
106 G 106 0.0375183 0.0116985 0.0774680 0.1052642 0.0259710 0.0266243 0.0757840 0.3584232 0.0218286 0.0234585 0.0095434 0.0492790 0.0082687 0.0271144 0.0206498 0.0172484 0.0137192 0.0000000 0.0117046 0.0252636 0.0531702
107 V 107 0.0661985 0.0024840 0.0078255 0.0096571 0.0014260 0.0132986 0.0162039 0.0025398 0.0033438 0.1521371 0.2166964 0.0227614 0.0326862 0.0350828 0.0309674 0.0124218 0.0238817 0.0012636 0.0332517 0.2883395 0.0275333
108 P 108 0.0651419 0.0011212 0.0438882 0.1968523 0.0000000 0.0100714 0.0855508 0.0487164 0.0158654 0.0000000 0.0016635 0.0190577 0.0011044 0.0016664 0.3444062 0.0981394 0.0381315 0.0000000 0.0000000 0.0032962 0.0253271
109 S 109 0.1223605 0.0183094 0.0148527 0.1044345 0.0000000 0.0541296 0.1892613 0.0503531 0.0233838 0.0121662 0.0157627 0.0311173 0.0031696 0.0197390 0.2027424 0.0326017 0.0360374 0.0052184 0.0065624 0.0304540 0.0273441
110 E 110 0.1448304 0.0428330 0.0229489 0.1464750 0.0000000 0.0569356 0.2660908 0.0317858 0.0213300 0.0104723 0.0200914 0.0330644 0.0041825 0.0000000 0.0831724 0.0383089 0.0317902 0.0011221 0.0013343 0.0145029 0.0287292
111 T 111 0.1427580 0.0031907 0.0202375 0.0493934 0.0016759 0.0285864 0.0693520 0.0011170 0.0504855 0.0492500 0.2308411 0.0062747 0.0149832 0.0732735 0.0036726 0.0358497 0.0866126 0.0010488 0.0209489 0.0776912 0.0327572
112 I 112 0.1152946 0.2165235 0.0036887 0.0151571 0.0016676 0.1052156 0.0213665 0.0159489 0.0132876 0.1852918 0.0253324 0.1031829 0.0066834 0.0067928 0.0000000 0.0064899 0.0184863 0.0000000 0.0038182 0.0934657 0.0423064
113 T 113 0.1066722 0.0775645 0.1318178 0.1595991 0.0000000 0.0627671 0.1591128 0.0289715 0.0046099 0.0166424 0.0193410 0.0529783 0.0021942 0.0051135 0.0065184 0.0492894 0.0422961 0.0011441 0.0000000 0.0248569 0.0485109
114 E 114 0.1254296 0.1123677 0.0077289 0.0706415 0.0000000 0.0921276 0.2672273 0.0070894 0.0104706 0.0202960 0.0196681 0.0545281 0.0119473 0.0221071 0.0072415 0.0215103 0.0316556 0.0061561 0.0473672 0.0149172 0.0495229
115 I 115 0.1025926 0.0013456 0.0011725 0.0000000 0.0176418 0.0000000 0.0000000 0.0000000 0.0000000 0.1370899 0.3383915 0.0012519 0.0625304 0.1169672 0.0000000 0.0061273 0.0060951 0.0066458 0.0029934 0.1441088 0.0550461
116 L 116 0.0585009 0.0471959 0.0110898 0.0122829 0.0014064 0.0161773 0.0368473 0.0313888 0.0092026 0.0947125 0.2658332 0.0227483 0.1044135 0.0234182 0.0000000 0.0145458 0.0227855 0.0816271 0.0302741 0.0580525 0.0574974
117 G 117 0.2212039 0.0758695 0.0522839 0.0727543 0.0000000 0.0913140 0.0949264 0.0728455 0.0134243 0.0260521 0.0065952 0.0670439 0.0120775 0.0044324 0.0115660 0.0521112 0.0273551 0.0031761 0.0029781 0.0332803 0.0587103
118 V 118 0.1263478 0.1401569 0.0056429 0.0039235 0.0043900 0.0314402 0.0160702 0.0018770 0.0278716 0.1143021 0.0734799 0.0559617 0.0144823 0.0454401 0.0094325 0.0353320 0.0370229 0.0048610 0.1284425 0.0610333 0.0624894
119 I 119 0.1218156 0.0000000 0.0029027 0.0047777 0.0051720 0.0000000 0.0024843 0.0023575 0.0000000 0.1068317 0.3878458 0.0000000 0.0761200 0.1316975 0.0000000 0.0020085 0.0059874 0.0000000 0.0027728 0.0823932 0.0648332
120 A 120 0.1739231 0.0884057 0.0270778 0.0471265 0.0016675 0.0608756 0.2738112 0.0379313 0.0108200 0.0058957 0.0163418 0.0096684 0.0071476 0.0270651 0.0013814 0.0298333 0.0444459 0.0092745 0.0237350 0.0276148 0.0759580
121 P 121 0.0502499 0.1077873 0.0197530 0.0123377 0.0085774 0.0488435 0.0150978 0.0678676 0.0393794 0.0099421 0.0264602 0.0505615 0.0466391 0.0063514 0.1396354 0.1377983 0.0621296 0.0036728 0.0188816 0.0188029 0.1092316
122 L 122 0.0893777 0.0047663 0.0000000 0.0014093 0.0088829 0.0137901 0.0038005 0.0000000 0.0084985 0.0402787 0.2184422 0.0059001 0.1200664 0.0590257 0.0251400 0.0173002 0.1461319 0.0000000 0.0445093 0.0746036 0.1180768
123 A 123 0.3431386 0.2885381 0.0000000 0.0000000 0.0000000 0.0201687 0.0166141 0.0044982 0.0273943 0.0000000 0.0016934 0.0991886 0.0000000 0.0000000 0.0000000 0.0317279 0.0016865 0.0037246 0.0214248 0.0036728 0.1365295
124 V 124 0.0687974 0.0436325 0.0543618 0.1439710 0.0018105 0.0403159 0.0352283 0.0715229 0.0526208 0.0166003 0.0372117 0.0575071 0.0103961 0.0145832 0.0570075 0.0722842 0.0217022 0.0031563 0.0326518 0.0099721 0.1546664
125 D 125 0.0815924 0.0382041 0.0101269 0.1690758 0.0086174 0.0350058 0.0891555 0.0254215 0.0985299 0.0112782 0.0192269 0.0071748 0.0260488 0.0463144 0.0019750 0.0627514 0.0073270 0.0542025 0.0133912 0.0116028 0.1829775
126 V 126 0.0016871 0.0000000 0.0000000 0.0000000 0.0000000 0.0000000 0.0000000 0.0000000 0.0000000 0.2972379 0.0825869 0.0021668 0.2251376 0.0169502 0.0000000 0.0033127 0.0138110 0.0000000 0.0000000 0.1672374 0.1898723
127 T 127 0.0280753 0.0945864 0.0000000 0.0000000 0.0031106 0.0144828 0.0071209 0.0016218 0.0000000 0.1360522 0.0745695 0.0038375 0.0196578 0.0220212 0.0000000 0.0000000 0.0484978 0.0000000 0.0000000 0.3107125 0.2356536
128 S 128 0.0389909 0.0049863 0.3583316 0.0113678 0.0021493 0.0180289 0.0180526 0.0643982 0.0000000 0.0000000 0.0020297 0.0000000 0.0000000 0.0070115 0.0000000 0.0393640 0.1088889 0.0000000 0.0000000 0.0046794 0.3217209
129 G 129 0.0535613 0.1217190 0.0048967 0.0053421 0.0000000 0.0574511 0.0025864 0.0909537 0.0008980 0.0037609 0.0040009 0.0547857 0.0000000 0.0000000 0.0207159 0.0854067 0.0747578 0.0036418 0.0036728 0.0163617 0.3954877
130 E 130 0.0156383 0.0221836 0.0279288 0.0302605 0.0247588 0.0295451 0.0487439 0.0012026 0.0055488 0.0000000 0.0016033 0.0641499 0.0008679 0.0096682 0.1099246 0.0429868 0.0063308 0.0000000 0.0014064 0.0000000 0.5572518
131 S 131 0.0367006 0.0045113 0.0070926 0.0249456 0.0000000 0.0135811 0.0415127 0.0260601 0.0064229 0.0017252 0.0034580 0.0030590 0.0038947 0.0000000 0.0457163 0.0416683 0.0537220 0.0000000 0.0000000 0.0015281 0.6844016
132 T 132 0.0303373 0.0051401 0.0182293 0.0108442 0.0000000 0.0036966 0.0267186 0.0090691 0.0034177 0.0047454 0.0170630 0.0056784 0.0093333 0.0018071 0.0113805 0.0239620 0.0239880 0.0000000 0.0055589 0.0466526 0.7423779
133 T 133 0.0172582 0.0647809 0.0147744 0.0164773 0.0000000 0.0094150 0.0111666 0.0015710 0.0049355 0.0048504 0.0031845 0.0125089 0.0062131 0.0051135 0.0238205 0.0033537 0.0240740 0.0000000 0.0000000 0.0065217 0.7699809
134 A 134 0.0445293 0.0160184 0.0090751 0.0092414 0.0015752 0.0018855 0.0143754 0.0072775 0.0284149 0.0000000 0.0114592 0.0051121 0.0166520 0.0000000 0.0026247 0.0150832 0.0084470 0.0000000 0.0049230 0.0016031 0.8017031
135 P 135 0.0038770 0.0000000 0.0026758 0.0268446 0.0000000 0.0051135 0.0530494 0.0015169 0.0000000 0.0000000 0.0000000 0.0000000 0.0000000 0.0000000 0.0410592 0.0031335 0.0017256 0.0000000 0.0039655 0.0055589 0.8514800
136 V 136 0.0000000 0.0000000 0.0000000 0.0000000 0.0000000 0.0000000 0.0000000 0.0000000 0.0000000 0.0235830 0.0135918 0.0000000 0.0134011 0.0000000 0.0000000 0.0000000 0.0000000 0.0000000 0.0000000 0.0462766 0.9031474
