  336         A         R         N         D         C         Q         E         G         H         I         L         K         M         F         P         S         T         W         Y         V         X    
  1 S   1 0.0209954 0.0000000 0.0000000 0.0000000 0.0000000 0.0000000 0.0000000 0.0000000 0.0000000 0.0000000 0.0000000 0.0000000 0.0000000 0.0000000 0.0000000 0.0320215 0.0252180 0.0000000 0.0000000 0.0000000 0.9217651
  2 A   2 0.0474552 0.0000000 0.0093179 0.0000000 0.0000000 0.0029000 0.0000000 0.0048414 0.0000000 0.0241270 0.0000000 0.0058815 0.0000000 0.0000000 0.0041912 0.0000000 0.0029664 0.0000000 0.0000000 0.0198845 0.8784348
  3 D   3 0.0000000 0.0045533 0.0494851 0.0785901 0.0000000 0.0000000 0.0281522 0.0024927 0.0000000 0.0000000 0.0000000 0.0100610 0.0025765 0.0000000 0.0000000 0.0000000 0.0000000 0.0000000 0.0000000 0.0000000 0.8240891
  4 E   4 0.0025765 0.0000000 0.0026686 0.0339757 0.0000000 0.0329829 0.0381548 0.0014512 0.0050712 0.0029000 0.0000000 0.0160555 0.0000000 0.0000000 0.0515010 0.0247460 0.0032549 0.0000000 0.0153356 0.0126047 0.7567215
  5 S   5 0.0027740 0.0000000 0.0163059 0.0088756 0.0000000 0.0151664 0.0172504 0.0096449 0.0000000 0.0000000 0.0000000 0.0246116 0.0000000 0.0000000 0.0282316 0.0688879 0.0344894 0.0000000 0.0234671 0.0000000 0.7502952
  6 L   6 0.0077109 0.0000000 0.0000000 0.0048414 0.0000000 0.0214194 0.0146691 0.0269191 0.0025064 0.0336620 0.0531475 0.0095579 0.0025319 0.0030781 0.0040823 0.0193337 0.0276341 0.0000000 0.0077504 0.0108606 0.7502952
  7 Q   7 0.0069153 0.0177476 0.0411793 0.0036141 0.0000000 0.0236878 0.0186690 0.0013370 0.0000000 0.0000000 0.0128537 0.0705729 0.0076314 0.0059824 0.0151638 0.0145583 0.0211799 0.0000000 0.0000000 0.0134977 0.7254099
  8 D   8 0.0069000 0.0095741 0.0639127 0.0618097 0.0000000 0.0026420 0.0705527 0.0090724 0.0000000 0.0034677 0.0074526 0.0194743 0.0000000 0.0000000 0.0226176 0.0131637 0.0094488 0.0000000 0.0000000 0.0000000 0.6999118
  9 A   9 0.1212061 0.0000000 0.0304351 0.0152943 0.0000000 0.0079923 0.0260154 0.0071791 0.0000000 0.0121429 0.0072218 0.0404157 0.0000000 0.0000000 0.0080150 0.0315231 0.0215561 0.0000000 0.0000000 0.0198934 0.6511097
 10 I  10 0.0191564 0.0000000 0.0178549 0.0066899 0.0000000 0.0227271 0.0249966 0.0028284 0.0000000 0.0572788 0.0419935 0.0249143 0.0000000 0.0279219 0.0262525 0.0227189 0.0251248 0.0000000 0.0000000 0.0608102 0.6187319
 11 K  11 0.0416051 0.0000000 0.0210752 0.0543345 0.0000000 0.0281089 0.0311532 0.0154825 0.0000000 0.0000000 0.0076846 0.1140308 0.0000000 0.0000000 0.0054209 0.0459387 0.0528414 0.0000000 0.0023636 0.0069529 0.5730077
 12 N  12 0.0199966 0.0000000 0.0533945 0.0577568 0.0000000 0.0106323 0.0601180 0.0289880 0.0000000 0.0266594 0.0000000 0.0333009 0.0000000 0.0028050 0.0929371 0.0396147 0.0137579 0.0000000 0.0000000 0.0048181 0.5552207
 13 P  13 0.0174384 0.0119868 0.0784858 0.0219958 0.0000000 0.0037026 0.0497470 0.0114282 0.0000000 0.0115624 0.0295117 0.0476555 0.0000000 0.0000000 0.1290619 0.0187042 0.0155754 0.0000000 0.0000000 0.0201275 0.5330169
 14 A  14 0.1459240 0.0000000 0.0030781 0.0093933 0.0000000 0.0258569 0.0439908 0.0038751 0.0000000 0.0059574 0.0058462 0.0354723 0.0061095 0.0016309 0.0114505 0.0602515 0.0999781 0.0000000 0.0027980 0.0460776 0.4923098
 15 I  15 0.0490307 0.0027924 0.0692688 0.0106362 0.0000000 0.0026420 0.0195210 0.0213580 0.0000000 0.0610806 0.0270891 0.0597851 0.0045961 0.0000000 0.0123572 0.0205024 0.0910675 0.0000000 0.0044322 0.0805774 0.4632633
 16 I  16 0.0708940 0.0020209 0.0186243 0.0094922 0.0000000 0.0600283 0.0454890 0.0090787 0.0069310 0.0560263 0.0160874 0.0748926 0.0000000 0.0047524 0.0370026 0.0406239 0.0575117 0.0000000 0.0000000 0.0463195 0.4442253
 17 D  17 0.1023046 0.0059662 0.0796970 0.1976088 0.0000000 0.0344142 0.0207219 0.0135516 0.0052776 0.0096648 0.0053666 0.0259042 0.0000000 0.0000000 0.0127354 0.0243395 0.0623563 0.0000000 0.0000000 0.0136819 0.3864096
 18 K  18 0.0730388 0.0000000 0.0249970 0.0331958 0.0000000 0.0256295 0.0430527 0.0412045 0.0000000 0.0071992 0.0047524 0.0939507 0.0000000 0.0116435 0.1117070 0.1053233 0.0383173 0.0000000 0.0000000 0.0175992 0.3683891
 19 E  19 0.0609480 0.0164662 0.0973822 0.0688391 0.0000000 0.0332458 0.1225763 0.0050712 0.0074425 0.0065077 0.0000000 0.0629269 0.0000000 0.0000000 0.0359434 0.0550663 0.0642346 0.0000000 0.0014301 0.0226067 0.3393129
 20 H  20 0.0726346 0.0020195 0.1029832 0.0134745 0.0000000 0.0532777 0.0259392 0.0440724 0.0514871 0.0267797 0.0210603 0.0674975 0.0057366 0.0091282 0.0145388 0.0255050 0.0977439 0.0000000 0.0057163 0.0277965 0.3326091
 21 T  21 0.0070327 0.0030067 0.0265179 0.0422354 0.0000000 0.0000000 0.0133670 0.0082716 0.0030843 0.0807802 0.3247098 0.0423989 0.0053354 0.0020386 0.0203565 0.0502493 0.0321546 0.0000000 0.0095949 0.0195463 0.3093198
 22 A  22 0.1445293 0.0128537 0.0202869 0.0284954 0.0000000 0.0518382 0.0964425 0.0000000 0.0000000 0.0163872 0.0028050 0.1759645 0.0000000 0.0000000 0.0243846 0.0595922 0.0337640 0.0000000 0.0144039 0.0316878 0.2865648
 23 D  23 0.0350238 0.0000000 0.0961157 0.3910137 0.0000000 0.0000000 0.0502784 0.0494403 0.0069310 0.0000000 0.0041372 0.0149847 0.0000000 0.0000000 0.0085014 0.0379934 0.0130871 0.0000000 0.0035618 0.0064438 0.2824876
 24 N  24 0.0079055 0.0098723 0.0444201 0.0127324 0.0000000 0.0132522 0.0057462 0.4876964 0.0102176 0.0096686 0.0191369 0.0313116 0.0000000 0.0000000 0.0243829 0.0051656 0.0270095 0.0000000 0.0000000 0.0139762 0.2775058
 25 W  25 0.0335766 0.0325028 0.0066856 0.0011902 0.0000000 0.0265429 0.1760217 0.0021143 0.0044067 0.0290661 0.0286171 0.0636340 0.0099208 0.0000000 0.0041372 0.0464639 0.1874366 0.0107374 0.0089584 0.0508083 0.2771795
 26 R  26 0.0061095 0.0360761 0.0053666 0.0041372 0.0000000 0.0536016 0.0233322 0.0050173 0.0026220 0.0000000 0.0000000 0.0542365 0.0000000 0.0000000 0.0000000 0.0104921 0.0080343 0.0063212 0.5278866 0.0000000 0.2567668
 27 P  27 0.0370337 0.0125652 0.0329876 0.0902146 0.0000000 0.0527724 0.0721968 0.0000000 0.0000000 0.0037026 0.0105978 0.0469623 0.0000000 0.0000000 0.0361345 0.1880646 0.1608549 0.0000000 0.0024828 0.0081896 0.2452407
 28 I  28 0.0689055 0.0000000 0.0000000 0.0000000 0.0000000 0.0000000 0.0000000 0.0024977 0.0000000 0.3821474 0.0776058 0.0000000 0.0035108 0.0030291 0.0000000 0.0000000 0.0113533 0.0000000 0.0000000 0.2129124 0.2380381
 29 D  29 0.0159570 0.0000000 0.1770512 0.1482008 0.0000000 0.0361292 0.0352276 0.0617119 0.0000000 0.0025765 0.0040603 0.0673139 0.0000000 0.0000000 0.1218265 0.0416039 0.0320164 0.0000000 0.0000000 0.0262843 0.2300402
 30 F  30 0.0323012 0.0000000 0.0270972 0.0000000 0.0000000 0.0000000 0.0000000 0.0027924 0.0000000 0.0796849 0.0175039 0.0000000 0.0142566 0.3802057 0.0000000 0.0113016 0.0000000 0.0000000 0.1340120 0.0737496 0.2270949
 31 Q  31 0.0401789 0.0250453 0.0314925 0.0124490 0.0000000 0.0872394 0.0362985 0.0000000 0.0088030 0.0036153 0.0024977 0.3118585 0.0033595 0.0000000 0.0050801 0.0584107 0.0916196 0.0000000 0.0195923 0.0424972 0.2199625
 32 M  32 0.1286787 0.0000000 0.0051335 0.0000000 0.0000000 0.0000000 0.0000000 0.0053666 0.0000000 0.0925398 0.0855610 0.0000000 0.0252517 0.0199835 0.0097556 0.0037497 0.0469996 0.0000000 0.0111507 0.3428530 0.2229767
 33 K  33 0.0048726 0.0136261 0.0118761 0.0000000 0.0000000 0.0421260 0.0221258 0.0000000 0.0000000 0.0194013 0.4716243 0.0507633 0.0073508 0.0127906 0.0000000 0.0000000 0.0000000 0.0010247 0.1095217 0.0129343 0.2199625
 34 N  34 0.0228458 0.0303480 0.0167559 0.0165934 0.0000000 0.0185522 0.0125720 0.0084746 0.0267189 0.0000000 0.0114434 0.5924563 0.0000000 0.0000000 0.0039081 0.0060945 0.0079389 0.0000000 0.0000000 0.0053354 0.2199625
 35 D  35 0.0854258 0.0000000 0.0425722 0.3279098 0.0000000 0.0177688 0.1158159 0.0211653 0.0029156 0.0000000 0.0028969 0.0579313 0.0000000 0.0000000 0.0179482 0.0222812 0.0284600 0.0000000 0.0369465 0.0000000 0.2199625
 36 K  36 0.0053020 0.0042555 0.1342453 0.0874036 0.0000000 0.0691853 0.0327490 0.1892016 0.0000000 0.0000000 0.0073562 0.1746888 0.0053666 0.0000000 0.0000000 0.0176924 0.0494832 0.0000000 0.0000000 0.0000000 0.2230705
 37 G  37 0.0083970 0.0000000 0.0779363 0.0273716 0.0027152 0.0000000 0.0414466 0.0317973 0.0000000 0.0064249 0.0000000 0.0418911 0.0000000 0.0000000 0.0046665 0.1910536 0.3339942 0.0000000 0.0000000 0.0047524 0.2275533
 38 E  38 0.0046293 0.0036975 0.2002613 0.2537510 0.0000000 0.0174155 0.1097091 0.0056184 0.0064031 0.0077325 0.0000000 0.0315697 0.0000000 0.0061767 0.0022708 0.0310536 0.0809794 0.0000000 0.0000000 0.0079360 0.2307961
 39 R  39 0.0252909 0.0227917 0.0268456 0.0678872 0.0000000 0.0526001 0.4026509 0.0234365 0.0000000 0.0000000 0.0044322 0.0389112 0.0000000 0.0000000 0.0000000 0.0551314 0.0600596 0.0000000 0.0000000 0.0000000 0.2199625
 40 Q  40 0.0538934 0.0023116 0.0181463 0.0457947 0.0000000 0.0432450 0.0992328 0.0000000 0.0000000 0.0913695 0.0546233 0.0425125 0.0000000 0.0048726 0.1245435 0.0412299 0.0990575 0.0000000 0.0097920 0.0494127 0.2199625
 41 F  41 0.0000000 0.0000000 0.0059662 0.0000000 0.0000000 0.0061767 0.0116032 0.0000000 0.0000000 0.0000000 0.0000000 0.0000000 0.0000000 0.0281192 0.0039081 0.6931700 0.0103096 0.0000000 0.0207846 0.0000000 0.2199625
 42 Y  42 0.0293388 0.0157182 0.0000000 0.0048414 0.0000000 0.0000000 0.0158030 0.0000000 0.0376555 0.0745632 0.0091769 0.0626748 0.3109078 0.0000000 0.0154201 0.0499251 0.0270493 0.0000000 0.0593006 0.0742816 0.2133436
 43 H  43 0.3010457 0.0000000 0.0000000 0.0054209 0.0000000 0.0000000 0.0075908 0.0000000 0.0373606 0.0223190 0.0117396 0.0000000 0.3247525 0.0068852 0.0000000 0.0434834 0.0000000 0.0000000 0.0000000 0.0260588 0.2133436
 44 Y  44 0.0643491 0.0360702 0.2715094 0.1212693 0.0000000 0.0362217 0.0201342 0.0899206 0.0126041 0.0000000 0.0054209 0.0177239 0.0000000 0.0153637 0.0000000 0.0657911 0.0082814 0.0000000 0.0219969 0.0000000 0.2133436
 45 A  45 0.0473067 0.0116105 0.0393463 0.0854348 0.0000000 0.1303282 0.0324107 0.1251411 0.0047132 0.0000000 0.0000000 0.0430480 0.0073111 0.0192717 0.0155343 0.0587742 0.1337718 0.0000000 0.0000000 0.0246558 0.2213415
 46 S  46 0.0121429 0.0000000 0.0083590 0.0000000 0.0000000 0.0000000 0.0130117 0.0000000 0.0053354 0.0039081 0.0192978 0.0013100 0.0078108 0.0690876 0.0000000 0.0434829 0.0000000 0.0000000 0.5922005 0.0107097 0.2133436
 47 T  47 0.0102196 0.0000000 0.0000000 0.0000000 0.0000000 0.0000000 0.0000000 0.0000000 0.0000000 0.1230458 0.1225835 0.0000000 0.0748983 0.1460937 0.0009778 0.0245964 0.1294338 0.0096473 0.0130881 0.1320721 0.2133436
 48 V  48 0.0184686 0.0000000 0.0707628 0.0826761 0.0000000 0.0565974 0.1186513 0.0248571 0.0000000 0.0103489 0.0145039 0.1724814 0.0066557 0.0000000 0.0042219 0.0219674 0.0396310 0.0000000 0.0000000 0.1448328 0.2133436
 49 E  49 0.0000000 0.0105674 0.1049861 0.0698364 0.0000000 0.0191384 0.0489838 0.0039385 0.0673415 0.0062678 0.0000000 0.2732787 0.0000000 0.0000000 0.0483812 0.1162925 0.0107589 0.0000000 0.0068852 0.0000000 0.2133436
 50 P  50 0.0000000 0.0091016 0.0291285 0.0196323 0.0000000 0.0044456 0.0240031 0.0000000 0.0000000 0.0061155 0.0128333 0.0270487 0.0053431 0.0050801 0.4819139 0.0167566 0.0896463 0.0000000 0.0000000 0.0211051 0.2478463
 51 A  51 0.4234022 0.0000000 0.0000000 0.0000000 0.0000000 0.0030573 0.0000000 0.1592223 0.0000000 0.0285058 0.0000000 0.0000000 0.0037348 0.0150021 0.0000000 0.0490164 0.0122340 0.0000000 0.0000000 0.0537904 0.2520347
 52 T  52 0.0056783 0.0320810 0.0589818 0.0430731 0.0000000 0.0282316 0.0145976 0.0020835 0.0095011 0.0314423 0.0088948 0.2041992 0.0023923 0.0065108 0.0000000 0.0245434 0.1702938 0.0089968 0.0207567 0.1143984 0.2133436
 53 V  53 0.0052776 0.0000000 0.0000000 0.0000000 0.0000000 0.0000000 0.0030573 0.0000000 0.0000000 0.0742370 0.3459001 0.0000000 0.0000000 0.0265030 0.0000000 0.0000000 0.0090124 0.0000000 0.0882559 0.2344131 0.2133436
 54 I  54 0.0274790 0.0241165 0.0071493 0.0124419 0.0000000 0.0102309 0.0637842 0.0000000 0.0022708 0.1339736 0.0118432 0.1932525 0.0000000 0.0036794 0.0000000 0.0086337 0.1574296 0.0000000 0.0359115 0.0986246 0.2091792
 55 F  55 0.0045626 0.0053129 0.0221537 0.0000000 0.0000000 0.0000000 0.0617540 0.0000000 0.0030291 0.1528327 0.0000000 0.0645378 0.0023636 0.0281192 0.0108272 0.0030781 0.0081518 0.0000000 0.0244919 0.3996062 0.2091792
 56 T  56 0.0347645 0.0414719 0.0457237 0.0178804 0.0000000 0.0391087 0.1657422 0.0022953 0.0042555 0.0187750 0.0023453 0.3047318 0.0000000 0.0000000 0.0000000 0.0345613 0.0488658 0.0000000 0.0000000 0.0272421 0.2122366
 57 K  57 0.0044902 0.0061223 0.2925374 0.2870147 0.0000000 0.0176369 0.0147365 0.0857784 0.0038756 0.0000000 0.0000000 0.0611105 0.0000000 0.0000000 0.0000000 0.0143260 0.0031923 0.0000000 0.0000000 0.0000000 0.2091792
 58 T  58 0.0033595 0.0025425 0.0650363 0.0669352 0.0000000 0.0128210 0.0047524 0.5472877 0.0111640 0.0000000 0.0000000 0.0439671 0.0000000 0.0000000 0.0000000 0.0155990 0.0107374 0.0066189 0.0000000 0.0000000 0.2091792
 59 G  59 0.0026559 0.0130271 0.0231955 0.0127164 0.0000000 0.0923117 0.0164213 0.0291369 0.0042399 0.0028436 0.0080039 0.5309016 0.0000000 0.0000000 0.0000000 0.0168340 0.0274268 0.0000000 0.0000000 0.0111063 0.2091792
 60 P  60 0.0667753 0.0324890 0.0233843 0.0000000 0.0000000 0.0210380 0.0000000 0.0000000 0.0104766 0.0546639 0.0124090 0.2727599 0.0179075 0.0083992 0.0305692 0.0178961 0.0862641 0.0000000 0.1262878 0.0095011 0.2091792
 61 I  61 0.0000000 0.0150207 0.0022953 0.0000000 0.0000000 0.0230559 0.0437575 0.0000000 0.0120187 0.0530589 0.0202568 0.0869614 0.0000000 0.0414125 0.0000000 0.0107649 0.1122224 0.0000000 0.3256747 0.0443211 0.2091792
 62 I  62 0.0817756 0.0000000 0.0000000 0.0000000 0.0236596 0.0000000 0.0000000 0.0075908 0.0000000 0.1391707 0.0449141 0.0076846 0.0282114 0.0833243 0.0000000 0.0000000 0.0047132 0.0000000 0.0079979 0.3617786 0.2091792
 63 E  63 0.0242206 0.0145708 0.0070753 0.0192080 0.0000000 0.0856564 0.1138858 0.0116435 0.0102568 0.0648277 0.0147196 0.0062206 0.0023636 0.0009160 0.0000000 0.1304565 0.2103859 0.0000000 0.0182295 0.0561841 0.2091792
 64 L  64 0.0456732 0.0000000 0.0000000 0.0000000 0.0000000 0.0000000 0.0000000 0.0000000 0.0045432 0.0918532 0.2789798 0.0000000 0.1011033 0.1416750 0.0000000 0.0000000 0.0083298 0.0000000 0.0032549 0.1154084 0.2091792
 65 G  65 0.0103060 0.0063248 0.0211148 0.0281390 0.0042219 0.0315754 0.0193719 0.0376811 0.0184656 0.0118218 0.0000000 0.1001587 0.0000000 0.0000000 0.0069600 0.0030573 0.4571105 0.0000000 0.0149634 0.0195487 0.2091792
 66 L  66 0.0020195 0.0000000 0.0000000 0.0000000 0.0000000 0.0000000 0.0000000 0.0000000 0.0000000 0.1329417 0.3924907 0.0031527 0.0269087 0.0734569 0.0000000 0.0085203 0.0413490 0.0000000 0.0000000 0.1099811 0.2091792
 67 K  67 0.0250795 0.0079651 0.1766473 0.0286081 0.0000000 0.0457015 0.0052599 0.0036153 0.0000000 0.0088149 0.0457581 0.2295033 0.0000000 0.0000000 0.0052759 0.0598841 0.1487078 0.0000000 0.0000000 0.0000000 0.2091792
 68 T  68 0.0236596 0.0610101 0.2418891 0.1007232 0.0000000 0.0423270 0.0180618 0.0330849 0.0570844 0.0032428 0.0000000 0.0431934 0.0000000 0.0000000 0.0000000 0.0838910 0.0768355 0.0000000 0.0000000 0.0062689 0.2087284
 69 A  69 0.1354085 0.0162303 0.0285647 0.0160278 0.0000000 0.0082762 0.0174283 0.0219935 0.0000000 0.0263316 0.0221370 0.0177294 0.0226999 0.0083298 0.0095117 0.3814333 0.0284469 0.0000000 0.0031527 0.0275701 0.2087284
 70 S  70 0.0779430 0.0000000 0.0577762 0.1764387 0.0000000 0.0425252 0.0272563 0.0059662 0.0240853 0.0000000 0.0000000 0.0790801 0.0000000 0.0024977 0.0000000 0.2542468 0.0358654 0.0000000 0.0075908 0.0000000 0.2087284
 71 T  71 0.0211024 0.0000000 0.0092105 0.0112122 0.0000000 0.0167699 0.0213873 0.0068852 0.0000000 0.0203716 0.0536752 0.0044181 0.0185051 0.0725065 0.0000000 0.0505021 0.0712333 0.3274154 0.0639919 0.0166641 0.2141493
 72 W  72 0.0125367 0.0000000 0.0000000 0.0000000 0.0000000 0.0000000 0.0000000 0.0000000 0.0000000 0.3102414 0.0597764 0.0000000 0.1465014 0.0618320 0.0000000 0.0052107 0.0016973 0.0974274 0.0077994 0.0828280 0.2141493
 73 K  73 0.0208594 0.0169139 0.0263987 0.0291226 0.0000000 0.0670410 0.0214665 0.0305415 0.0000000 0.0000000 0.0000000 0.2928004 0.0000000 0.0000000 0.0090098 0.0555626 0.2149223 0.0000000 0.0000000 0.0066327 0.2087284
 74 K  74 0.0508913 0.0031426 0.1730507 0.0470357 0.0000000 0.0159140 0.0474719 0.0518225 0.0000000 0.0000000 0.0167359 0.1693626 0.0129443 0.0000000 0.0070102 0.0951423 0.0298311 0.0000000 0.0494346 0.0161464 0.2140638
 75 F  75 0.0000000 0.0079979 0.0000000 0.0062689 0.0000000 0.0000000 0.0000000 0.0000000 0.0032428 0.1147096 0.1127465 0.0000000 0.0485719 0.4088933 0.0000000 0.0000000 0.0043619 0.0029425 0.0255525 0.0506483 0.2140638
 76 E  76 0.0197067 0.0529287 0.0174006 0.0152714 0.0000000 0.1404380 0.1391039 0.0040456 0.0036107 0.0110213 0.0068852 0.1948475 0.0000000 0.0000000 0.0259434 0.0586284 0.0693420 0.0094152 0.0000000 0.0149320 0.2164795
 77 V  77 0.0458218 0.0000000 0.0000000 0.0051335 0.0000000 0.0000000 0.0000000 0.0000000 0.0000000 0.1452792 0.0467097 0.0079979 0.0053431 0.0868062 0.0095340 0.0083635 0.1595221 0.0000000 0.0094064 0.2583163 0.2117663
 78 Y  78 0.0088369 0.0207304 0.0042528 0.0405430 0.0000000 0.0139891 0.2756414 0.0032549 0.0000000 0.0081279 0.0159618 0.0687239 0.0102505 0.0245455 0.0210924 0.0679379 0.0360319 0.0194543 0.0910918 0.0068181 0.2627157
 79 E  79 0.0242346 0.0037348 0.0582211 0.0477650 0.0000000 0.0832486 0.0607803 0.0606818 0.0030843 0.0206007 0.0059798 0.1478400 0.0062689 0.0102568 0.0000000 0.0164900 0.0345221 0.0000000 0.0016973 0.1518782 0.2627157
 80 G  80 0.0308853 0.0000000 0.2897530 0.1561110 0.0000000 0.0265691 0.0267148 0.1050276 0.0098397 0.0231952 0.0000000 0.0282010 0.0000000 0.0131315 0.0291099 0.0252343 0.0054767 0.0000000 0.0000000 0.0052325 0.2255185
 81 D  81 0.0016658 0.0193775 0.0624718 0.0904184 0.0000000 0.0183293 0.0326562 0.4925530 0.0000000 0.0032428 0.0000000 0.0028704 0.0000000 0.0000000 0.0000000 0.0224479 0.0020209 0.0000000 0.0000000 0.0000000 0.2519459
 82 K  82 0.0823555 0.0190501 0.0468868 0.0329195 0.0000000 0.0744809 0.0412400 0.0443253 0.0044067 0.0023653 0.0249664 0.1534037 0.0000000 0.0027140 0.0000000 0.0862225 0.0745187 0.0000000 0.0000000 0.0540986 0.2560458
 83 K  83 0.0225634 0.0000000 0.0085342 0.0179167 0.0000000 0.0306651 0.1008771 0.0052776 0.0079979 0.0047466 0.0687456 0.1082312 0.0037348 0.1897684 0.0268286 0.0376109 0.0161143 0.0098344 0.0600266 0.0054209 0.2751057
 84 L  84 0.0905939 0.0119158 0.0120582 0.0000000 0.0000000 0.0367706 0.0197029 0.0082520 0.0386911 0.0475445 0.0976984 0.0339996 0.0000000 0.0000000 0.0045626 0.0041352 0.0420113 0.0000000 0.0038751 0.2467392 0.3014495
 85 P  85 0.0554261 0.0025775 0.0834310 0.2718479 0.0000000 0.0142118 0.0489505 0.0104837 0.0151707 0.0024941 0.0057939 0.0571202 0.0000000 0.0000000 0.1008927 0.0250110 0.0276087 0.0000000 0.0000000 0.0000000 0.2789801
 86 V  86 0.2354949 0.0000000 0.0000000 0.0062689 0.0028969 0.0095584 0.0154277 0.0127793 0.0294534 0.0428666 0.0135126 0.0212883 0.0066557 0.0049369 0.0410135 0.0062285 0.0841459 0.0000000 0.0453276 0.1740592 0.2480857
 87 E  87 0.0190308 0.0300898 0.0682320 0.0348696 0.0000000 0.0389094 0.1115283 0.0014512 0.0123983 0.0000000 0.0032549 0.2282336 0.0000000 0.0000000 0.0027140 0.0661275 0.1063437 0.0000000 0.0000000 0.0401361 0.2366809
 88 L  88 0.0282459 0.0072323 0.0000000 0.0000000 0.0000000 0.0193046 0.0000000 0.0057939 0.0022370 0.1044560 0.0492445 0.0355499 0.0000000 0.0000000 0.0000000 0.0039611 0.0796105 0.0000000 0.0139069 0.3820109 0.2684464
 89 V  89 0.0255879 0.0026559 0.0042548 0.0020642 0.0000000 0.0031426 0.0250972 0.0057939 0.0000000 0.1599958 0.0728831 0.0414288 0.0025582 0.0000000 0.0000000 0.0206872 0.0623560 0.0000000 0.0046665 0.3126937 0.2541340
 90 S  90 0.0257442 0.0140408 0.0444394 0.0483819 0.0000000 0.0229596 0.0518856 0.0183147 0.0016973 0.0043207 0.0222388 0.0767463 0.0023814 0.0040603 0.0000000 0.3843490 0.0163366 0.0000000 0.0030843 0.0053896 0.2536294
 91 Y  91 0.0217410 0.0198293 0.0537408 0.0354083 0.0000000 0.0290284 0.2780226 0.0129246 0.0078137 0.0169666 0.0049778 0.0557080 0.0000000 0.0090192 0.0034677 0.0505737 0.0820377 0.0000000 0.0445501 0.0118804 0.2623101
 92 D  92 0.0017621 0.0120216 0.1123587 0.4105311 0.0000000 0.0073645 0.0214446 0.0590814 0.0000000 0.0032948 0.0000000 0.0174516 0.0020642 0.0000000 0.0000000 0.0707115 0.0089829 0.0000000 0.0000000 0.0154016 0.2575294
 93 S  93 0.0695562 0.0040603 0.0243969 0.0150732 0.0000000 0.0317928 0.0351971 0.0242740 0.0076846 0.0091453 0.0180639 0.3143789 0.0000000 0.0000000 0.0502958 0.0422254 0.0908875 0.0000000 0.0000000 0.0156619 0.2473062
 94 D  94 0.0642791 0.0144040 0.0619155 0.0448259 0.0000000 0.0091004 0.1695890 0.0737022 0.0076846 0.0053354 0.0032719 0.0926501 0.0000000 0.0000000 0.0000000 0.0870896 0.0725322 0.0000000 0.0062689 0.0523474 0.2350036
 95 K  95 0.1725812 0.0000000 0.0527776 0.0203124 0.0000000 0.0331462 0.0619949 0.0778701 0.0212037 0.0000000 0.0076846 0.2373689 0.0000000 0.0000000 0.0047524 0.0470459 0.0347245 0.0000000 0.0032604 0.0019166 0.2233606
 96 D  96 0.0077307 0.0017287 0.2571072 0.3199259 0.0000000 0.0233985 0.0384214 0.0132267 0.0076495 0.0057939 0.0074342 0.0543721 0.0000000 0.0000000 0.0000000 0.0252815 0.0116057 0.0000000 0.0065601 0.0000000 0.2197640
 97 Y  97 0.0093763 0.0140112 0.0397333 0.0176534 0.0000000 0.0076049 0.0158024 0.0316622 0.0262359 0.0166963 0.0051820 0.0563319 0.0012876 0.0058815 0.0000000 0.0466980 0.4165360 0.0000000 0.0348779 0.0228250 0.2316041
 98 A  98 0.0801119 0.3474476 0.0000000 0.0027140 0.0000000 0.0075908 0.0000000 0.0721247 0.0102304 0.0095377 0.0258351 0.0939855 0.0041644 0.0089234 0.0000000 0.0346769 0.0109060 0.0167275 0.0155440 0.0170044 0.2424758
 99 Y  99 0.0022370 0.0061094 0.0125103 0.0262284 0.0000000 0.0056529 0.0321553 0.0000000 0.0087495 0.0415841 0.0166803 0.0274152 0.0158645 0.0139535 0.0000000 0.0168554 0.1794813 0.0000000 0.0741432 0.2614020 0.2589778
100 I 100 0.0079979 0.0000000 0.0062689 0.0000000 0.0000000 0.0000000 0.0095352 0.0000000 0.0000000 0.2558461 0.0369262 0.0000000 0.0140772 0.0141644 0.0000000 0.0088660 0.0097055 0.0000000 0.0355026 0.3533089 0.2478010
101 R 101 0.0291294 0.1372281 0.0137529 0.0000000 0.0000000 0.0976578 0.1944133 0.0000000 0.0000000 0.0133160 0.0000000 0.0926394 0.0000000 0.0000000 0.0000000 0.0594507 0.0957940 0.0000000 0.0000000 0.0220776 0.2445405
102 F 102 0.0042555 0.0000000 0.0000000 0.0139535 0.0000000 0.0000000 0.0000000 0.0000000 0.0000000 0.0197144 0.0326010 0.0000000 0.0062950 0.5915890 0.0000000 0.0000000 0.0000000 0.0000000 0.0169643 0.0780101 0.2366172
103 P 103 0.0132128 0.0088020 0.0218689 0.0542479 0.0000000 0.0077771 0.3544002 0.0000000 0.0000000 0.0000000 0.0031426 0.0652413 0.0000000 0.0037497 0.1301542 0.0338687 0.0511847 0.0000000 0.0095892 0.0096478 0.2331129
104 V 104 0.0166011 0.0000000 0.0092053 0.0000000 0.0000000 0.0046665 0.0029425 0.0000000 0.0000000 0.1170382 0.0567498 0.0043125 0.0000000 0.0000000 0.0000000 0.0000000 0.0544143 0.0000000 0.0162908 0.5008058 0.2169733
105 S 105 0.0691545 0.0000000 0.0872600 0.0739492 0.0000000 0.0056896 0.0823704 0.0696552 0.0000000 0.0212880 0.0000000 0.0544254 0.0000000 0.0000000 0.1021663 0.1394087 0.0516438 0.0000000 0.0144760 0.0073562 0.2211566
106 N 106 0.0143232 0.0109506 0.1298440 0.3659302 0.0000000 0.0106631 0.0635043 0.0051144 0.0000000 0.0000000 0.0000000 0.0295729 0.0000000 0.0043125 0.0171349 0.1093968 0.0133441 0.0000000 0.0000000 0.0000000 0.2259091
107 G 107 0.0076528 0.0000000 0.0049369 0.0073968 0.0000000 0.0000000 0.0101033 0.0906704 0.0000000 0.0487725 0.4487216 0.0046184 0.0074073 0.0408691 0.0220052 0.0000000 0.0099530 0.0087621 0.0000000 0.0559850 0.2321457
108 T 108 0.0223165 0.0052607 0.0838646 0.1114079 0.0000000 0.0078538 0.0433406 0.0332298 0.0102446 0.0044322 0.0145973 0.0697952 0.0111635 0.0265991 0.0104121 0.2041315 0.0885792 0.0000000 0.0191946 0.0032941 0.2302826
109 R 109 0.0776102 0.0138132 0.0351202 0.0671718 0.0000000 0.0600948 0.0358556 0.0209288 0.0044067 0.0000000 0.0000000 0.2966596 0.0000000 0.0084903 0.0221940 0.0844472 0.0420767 0.0000000 0.0061260 0.0000000 0.2250051
110 E 110 0.0295417 0.0417479 0.0459874 0.0458137 0.0000000 0.0274089 0.0927536 0.0000000 0.0000000 0.0358503 0.0254549 0.2869292 0.0022708 0.0000000 0.0474539 0.0082667 0.0442976 0.0000000 0.0000000 0.0412184 0.2250051
111 V 111 0.0182664 0.0000000 0.0000000 0.0000000 0.0000000 0.0138858 0.0000000 0.0000000 0.0070327 0.1699441 0.3308780 0.0000000 0.0185081 0.0000000 0.0000000 0.0000000 0.0168619 0.0000000 0.0434544 0.1716723 0.2094963
112 K 112 0.0130136 0.0235389 0.2923093 0.0464456 0.0000000 0.0237388 0.0263966 0.0053782 0.0024633 0.0170611 0.0148611 0.1176700 0.0130708 0.0043881 0.0317539 0.0459266 0.0787633 0.0000000 0.0094026 0.0213073 0.2125108
113 I 113 0.2429944 0.0054209 0.0000000 0.0000000 0.0011713 0.0052776 0.0000000 0.0461696 0.0000000 0.0861573 0.0406767 0.0000000 0.0547994 0.0454467 0.0000000 0.0874108 0.0662536 0.0000000 0.0000000 0.1020085 0.2162134
114 V 114 0.0154933 0.0483383 0.0564353 0.0173374 0.0000000 0.0649552 0.0230705 0.0096789 0.0288137 0.0035916 0.0147767 0.2655176 0.0000000 0.0134821 0.0049369 0.0231998 0.0643225 0.0342793 0.0393906 0.0498729 0.2225075
115 S 115 0.0309014 0.0000000 0.0053354 0.0000000 0.0030781 0.0048726 0.0053431 0.0000000 0.0000000 0.0659283 0.0518693 0.0000000 0.1695267 0.0201173 0.0000000 0.0658359 0.0832274 0.0000000 0.0075908 0.2626948 0.2236788
116 S 116 0.0266437 0.0043125 0.0683788 0.0306507 0.0000000 0.0379889 0.0106825 0.0146237 0.1851475 0.0085717 0.0053666 0.1602195 0.0000000 0.0429009 0.0061260 0.0837882 0.0473845 0.0000000 0.0298927 0.0116435 0.2256783
117 I 117 0.0000000 0.0000000 0.0089607 0.0000000 0.0043619 0.0000000 0.0000000 0.0054209 0.0000000 0.3059500 0.0203903 0.0000000 0.0119906 0.0068852 0.0000000 0.0000000 0.0338088 0.0000000 0.0145541 0.3619992 0.2256783
118 E 118 0.0043207 0.0107686 0.0700626 0.1792829 0.0000000 0.0363140 0.0998112 0.0000000 0.0036408 0.0268054 0.0258501 0.0339842 0.0037127 0.0058391 0.0000000 0.0365226 0.0405818 0.0000000 0.0606300 0.1281270 0.2337462
119 Y 119 0.0236779 0.0000000 0.0000000 0.0053431 0.0000000 0.0000000 0.0000000 0.0098386 0.0000000 0.2709637 0.0415016 0.0000000 0.0518550 0.0092906 0.0946648 0.0232532 0.0206618 0.0256183 0.0128209 0.1677402 0.2427701
120 G 120 0.0490890 0.0000000 0.0275073 0.1587647 0.0000000 0.0076509 0.0208169 0.0347892 0.0000000 0.0000000 0.0139535 0.0178308 0.0914164 0.0169247 0.2402330 0.0306553 0.0096128 0.0000000 0.0044322 0.0143761 0.2619472
121 E 121 0.0753272 0.0031786 0.0348586 0.0565100 0.0000000 0.0126406 0.0931512 0.1359244 0.0032604 0.0058662 0.0426564 0.0307350 0.0283547 0.0340850 0.0076243 0.1419112 0.0288277 0.0000000 0.0000000 0.0093217 0.2557668
122 N 122 0.0357929 0.0496518 0.0847453 0.0165915 0.0000000 0.0085731 0.0089753 0.0458573 0.0000000 0.1187574 0.0821446 0.0257464 0.1623462 0.0118341 0.0180650 0.0201681 0.0090719 0.0000000 0.0016973 0.0336530 0.2663288
123 I 123 0.0633404 0.0027140 0.2939595 0.0320532 0.0000000 0.0102782 0.0067754 0.0748931 0.0155556 0.0162857 0.0000000 0.0466461 0.0037348 0.0112930 0.0339039 0.0302373 0.0134047 0.0068852 0.0555205 0.0233357 0.2591838
124 H 124 0.0053431 0.0347653 0.0186390 0.0034899 0.0000000 0.0085380 0.0426640 0.0257222 0.0227419 0.0601875 0.0177145 0.0279707 0.0043125 0.0115939 0.0037944 0.0086496 0.0217176 0.0000000 0.3660681 0.0460436 0.2700443
125 E 125 0.0267029 0.0031786 0.0160310 0.1687872 0.0000000 0.0000000 0.0564637 0.0189898 0.1417565 0.0143128 0.0071690 0.0688139 0.0184513 0.0501232 0.0000000 0.0176438 0.0390256 0.0000000 0.0052096 0.0861102 0.2612309
126 D 126 0.0292523 0.0037497 0.1308358 0.0565394 0.0000000 0.0518918 0.0527682 0.0238059 0.2406651 0.0000000 0.0000000 0.0504481 0.0142412 0.0109370 0.0054209 0.0353991 0.0266280 0.0000000 0.0000000 0.0038751 0.2635425
127 Y 127 0.0097021 0.0169084 0.0171782 0.0329478 0.0000000 0.0190894 0.0672000 0.0024633 0.0737178 0.0151531 0.0037944 0.0488369 0.0184377 0.1456636 0.0193674 0.0269552 0.0730906 0.0078165 0.1164375 0.0186031 0.2666369
128 D 128 0.0081154 0.0357057 0.0353147 0.1058718 0.0000000 0.0239508 0.0651518 0.0000000 0.0381660 0.0037127 0.0107894 0.0441306 0.0050801 0.0071790 0.0144502 0.0103671 0.0193383 0.0000000 0.2802125 0.0220130 0.2704509
129 Y 129 0.0532523 0.0000000 0.0303639 0.1722937 0.0050489 0.0383901 0.0119376 0.0231489 0.0084844 0.0358790 0.0167004 0.0137484 0.0032428 0.0180129 0.0113852 0.0219598 0.0733452 0.0000000 0.0522956 0.1099244 0.3005866
130 T 130 0.0416446 0.0253758 0.0050963 0.0385680 0.0000000 0.0115839 0.0101567 0.0069799 0.0000000 0.0856799 0.0230180 0.0109979 0.0068458 0.0128484 0.0265578 0.0075908 0.1413302 0.0000000 0.0027140 0.2312224 0.3117896
131 L 131 0.0246634 0.0674134 0.0121869 0.0171697 0.0000000 0.1967277 0.0109370 0.0068784 0.0154973 0.0163967 0.1082507 0.0546290 0.0217266 0.0190990 0.0206060 0.0133546 0.0500473 0.0000000 0.0235246 0.0095957 0.3112961
132 M 132 0.0247409 0.0076502 0.0116103 0.0024941 0.0000000 0.0379502 0.0269214 0.0000000 0.0167531 0.1540934 0.1334154 0.0197583 0.0256994 0.1370756 0.0038756 0.0166397 0.0197215 0.0000000 0.0101275 0.0297814 0.3216919
133 V 133 0.0941058 0.0206741 0.0146983 0.0109883 0.0000000 0.0676837 0.0403902 0.0117701 0.0042219 0.0372005 0.0613708 0.0622794 0.0248357 0.0303061 0.0026000 0.0431018 0.0227304 0.0000000 0.0000000 0.1455959 0.3054469
134 F 134 0.0136454 0.0000000 0.0511098 0.0586287 0.0037026 0.0121931 0.0089239 0.0120448 0.0000000 0.0157695 0.0509374 0.0154079 0.0182844 0.3968287 0.0000000 0.0242826 0.0098520 0.0000000 0.0061112 0.0279127 0.2743652
135 A 135 0.0494302 0.0075609 0.0584467 0.2260282 0.0000000 0.0103645 0.0942989 0.0403029 0.0000000 0.0301231 0.0112915 0.0543643 0.0037127 0.0074002 0.0244219 0.0287812 0.0375617 0.0000000 0.0000000 0.0282929 0.2876183
136 Q 136 0.0434528 0.0000000 0.0203988 0.0386062 0.0000000 0.1329721 0.0514159 0.0648191 0.0105474 0.0155255 0.0256241 0.0991146 0.0071872 0.0182296 0.0068327 0.0381440 0.0447061 0.0000000 0.0000000 0.0825938 0.2998300
137 P 137 0.0326324 0.0090741 0.0672785 0.0425224 0.0000000 0.0577070 0.0056498 0.0234661 0.0062995 0.0053129 0.0164754 0.0411636 0.0037876 0.0036172 0.1992745 0.0827600 0.0446771 0.0000000 0.0045626 0.0234809 0.3302583
138 I 138 0.0375284 0.0000000 0.0441573 0.0103973 0.0000000 0.0130585 0.0248198 0.0140424 0.0055477 0.0995774 0.0828525 0.0196329 0.0392463 0.0191262 0.0087931 0.1061718 0.0524489 0.0000000 0.0149120 0.0710143 0.3366734
139 T 139 0.0212954 0.0085440 0.0057340 0.0096079 0.0000000 0.0333529 0.0105495 0.0363889 0.0000000 0.1467763 0.0375545 0.0715993 0.0040046 0.0153612 0.0707455 0.0501657 0.0567894 0.0000000 0.0500925 0.0413879 0.3300505
140 N 140 0.0441310 0.0065896 0.1329156 0.0460381 0.0000000 0.0160794 0.0588674 0.0292671 0.0026559 0.0101181 0.0207062 0.0989310 0.0000000 0.0389098 0.0317367 0.0142900 0.0677784 0.0000000 0.0045626 0.0419333 0.3344895
141 N 141 0.0751773 0.0129357 0.0348008 0.0901457 0.0000000 0.0083824 0.0577998 0.0206942 0.0185628 0.0349698 0.0729931 0.0549984 0.0052776 0.0146724 0.0538426 0.0409134 0.0468313 0.0000000 0.0094115 0.0282876 0.3193036
142 P 142 0.0597360 0.0373867 0.0143257 0.0166851 0.0000000 0.0217728 0.0674715 0.0163551 0.0050801 0.0454496 0.1048647 0.0521917 0.0023336 0.0057576 0.0818298 0.0354484 0.0584162 0.0031527 0.0096143 0.0362535 0.3258750
143 D 143 0.0788225 0.0000000 0.0329573 0.0805657 0.0000000 0.0111395 0.0739721 0.0399841 0.0284825 0.0044864 0.0250898 0.0680539 0.0158153 0.0000000 0.0278502 0.0856242 0.0351803 0.0000000 0.0115378 0.0659876 0.3144508
144 D 144 0.0599118 0.0025319 0.0728212 0.1180710 0.0000000 0.0395276 0.0285782 0.0598961 0.0026874 0.0124571 0.0333196 0.0613318 0.0000000 0.0000000 0.0193586 0.0747642 0.0499588 0.0000000 0.0111951 0.0485099 0.3050798
145 Y 145 0.0720749 0.0000000 0.0251644 0.0285516 0.0000000 0.0418420 0.0952752 0.0270856 0.0037497 0.0584019 0.0198020 0.0311456 0.0083308 0.0905224 0.0274401 0.0442891 0.0357213 0.0045626 0.0165795 0.0585819 0.3108793
146 V 146 0.0095077 0.0721003 0.0453063 0.0381822 0.0000000 0.0609111 0.0478024 0.0637284 0.0037497 0.0173962 0.0140163 0.1435718 0.0000000 0.0000000 0.0440315 0.0460295 0.0461195 0.0115517 0.0030737 0.0352432 0.2976784
147 D 147 0.0438243 0.0027627 0.0311325 0.0565320 0.0000000 0.0013675 0.0647374 0.0672058 0.0000000 0.0590739 0.0401066 0.0342893 0.0000000 0.0120423 0.0655145 0.0644726 0.1068978 0.0000000 0.0178987 0.0433543 0.2887879
148 E 148 0.0264241 0.0137627 0.0909542 0.0608557 0.0036107 0.0604420 0.1310499 0.0059520 0.0028704 0.0217836 0.0228168 0.0616201 0.0000000 0.0028563 0.0097765 0.0597544 0.0623918 0.0000000 0.0053354 0.0792919 0.2784516
149 E 149 0.0349773 0.0117833 0.0497580 0.0509740 0.0000000 0.0329532 0.0930605 0.0486585 0.0056578 0.0237007 0.0357461 0.0866131 0.0042219 0.0475550 0.0867185 0.0276407 0.0610228 0.0000000 0.0092186 0.0196720 0.2700683
150 T 150 0.0366199 0.0000000 0.1025564 0.1254224 0.0000000 0.0374143 0.0764647 0.0114274 0.0000000 0.0058549 0.0105076 0.0911891 0.0000000 0.0000000 0.0101301 0.0683599 0.0715232 0.0000000 0.0065995 0.0701498 0.2757810
151 Y 151 0.0517285 0.0076846 0.0663068 0.0272750 0.0000000 0.0553371 0.0721153 0.0213946 0.0064338 0.0432645 0.0120247 0.0886663 0.0043450 0.0277296 0.0532395 0.0187606 0.0816510 0.0176122 0.0482849 0.0190018 0.2771444
152 N 152 0.0693924 0.0024941 0.0489475 0.1156238 0.0000000 0.0198194 0.0840245 0.0502487 0.0172579 0.0037348 0.0189834 0.0650696 0.0169851 0.0000000 0.0666776 0.0947581 0.0503059 0.0000000 0.0023636 0.0061674 0.2671462
153 L 153 0.0778960 0.0000000 0.0529310 0.0261951 0.0036107 0.0219456 0.0534770 0.0408251 0.0013667 0.0199150 0.0228008 0.0718037 0.0031786 0.0217534 0.0745844 0.0698080 0.1160828 0.0084609 0.0000000 0.0421988 0.2711663
154 Q 154 0.0849854 0.0058817 0.0911714 0.0756773 0.0000000 0.0649653 0.1295788 0.0096419 0.0000000 0.0226988 0.0326690 0.0685591 0.0064011 0.0000000 0.0152367 0.0527774 0.0589780 0.0000000 0.0037127 0.0179015 0.2591639
155 K 155 0.0298129 0.0220375 0.0654305 0.0602547 0.0000000 0.0563747 0.0548740 0.0257046 0.0068277 0.0268830 0.0152781 0.1398000 0.0026000 0.0176877 0.0426877 0.0540374 0.0714222 0.0047132 0.0195170 0.0366647 0.2473924
156 L 156 0.0544989 0.0218886 0.0667427 0.0307412 0.0000000 0.0166277 0.0366625 0.0151026 0.0000000 0.0451761 0.1292210 0.1152984 0.0000000 0.0145708 0.0736935 0.0598061 0.0373058 0.0000000 0.0055119 0.0289667 0.2481855
157 L 157 0.0583288 0.0089353 0.0168346 0.0288120 0.0000000 0.0571183 0.0837843 0.0148411 0.0027627 0.0371763 0.0766597 0.0739808 0.0050748 0.0170005 0.0640105 0.0703668 0.0761643 0.0000000 0.0095352 0.0513408 0.2472732
158 A 158 0.0839280 0.0156827 0.0779344 0.1069759 0.0000000 0.0651199 0.0743895 0.0760572 0.0000000 0.0038571 0.0060766 0.0424267 0.0072968 0.0053354 0.0254936 0.0757395 0.0712505 0.0000000 0.0066796 0.0091397 0.2466167
159 P 159 0.0381515 0.0128954 0.0314354 0.0579726 0.0032335 0.0175196 0.0603457 0.0559719 0.0000000 0.0421091 0.0280653 0.0840990 0.0000000 0.0069289 0.1409073 0.0344906 0.1016360 0.0041372 0.0030781 0.0309711 0.2460519
160 Y 160 0.0400523 0.0036975 0.0961345 0.0367219 0.0000000 0.0345795 0.0815982 0.0108218 0.0061637 0.0369593 0.0428614 0.0802577 0.0000000 0.0063302 0.0487983 0.0884315 0.0609081 0.0000000 0.0428935 0.0361161 0.2466748
161 H 161 0.0273364 0.0102595 0.1565832 0.0979922 0.0000000 0.0100020 0.0770005 0.0465990 0.0107374 0.0000000 0.0080348 0.0761723 0.0000000 0.0095352 0.0748177 0.0616450 0.0731915 0.0000000 0.0045341 0.0274818 0.2280774
162 K 162 0.0530390 0.0000000 0.0779723 0.0555398 0.0000000 0.0268800 0.1140690 0.0430844 0.0000000 0.0077607 0.0184470 0.1378704 0.0043971 0.0000000 0.0275936 0.0769947 0.0744238 0.0030523 0.0000000 0.0540927 0.2247833
163 A 163 0.0961756 0.0050801 0.0459741 0.0313924 0.0000000 0.0562544 0.0662650 0.0284953 0.0030843 0.0215417 0.0283657 0.0072652 0.0036087 0.0278395 0.0670424 0.0978724 0.1392166 0.0000000 0.0053354 0.0445244 0.2246667
164 K 164 0.0341527 0.0038756 0.0732862 0.0982195 0.0000000 0.0393961 0.0561236 0.0626145 0.0023756 0.0015695 0.0105622 0.2263088 0.0106785 0.0054209 0.0251616 0.0416231 0.0564120 0.0000000 0.0147216 0.0205644 0.2169338
165 T 165 0.0495627 0.0000000 0.0557157 0.0391263 0.0000000 0.0392820 0.0502503 0.0433857 0.0039526 0.0083802 0.0188420 0.0724780 0.0000000 0.0028563 0.1160498 0.0684294 0.1440754 0.0000000 0.0076909 0.0528002 0.2271225
166 L 166 0.0584216 0.0104450 0.0810518 0.0624240 0.0000000 0.0294425 0.0998858 0.0282543 0.0045961 0.0207001 0.0636830 0.0509373 0.0023923 0.0000000 0.0697791 0.0375989 0.0734600 0.0047524 0.0019613 0.0577691 0.2424455
167 E 167 0.0266006 0.0000000 0.0638592 0.1035287 0.0000000 0.0857285 0.1366776 0.0533540 0.0053354 0.0000000 0.0096720 0.0331593 0.0000000 0.0042555 0.0570899 0.0531941 0.0795837 0.0000000 0.0000000 0.0270834 0.2608782
168 R 168 0.0278335 0.0377178 0.1546720 0.0482642 0.0000000 0.0144623 0.0282233 0.0306099 0.0000000 0.0032509 0.0075604 0.1642904 0.0106206 0.0000000 0.0403112 0.0440465 0.0751262 0.0000000 0.0026880 0.0444683 0.2658547
169 Q 169 0.0461651 0.0085541 0.1060204 0.0289786 0.0000000 0.0991568 0.1028499 0.0660503 0.0031426 0.0046514 0.0190204 0.0581314 0.0024828 0.0020835 0.0935625 0.0255773 0.0381654 0.0000000 0.0094770 0.0257100 0.2602205
170 V 170 0.0570514 0.0115144 0.0310305 0.0698947 0.0000000 0.0242876 0.0368377 0.0781380 0.0000000 0.0421830 0.0350052 0.1065997 0.0000000 0.0090406 0.0340130 0.0633374 0.0852394 0.0000000 0.0058525 0.0636584 0.2463166
171 Y 171 0.0115820 0.0000000 0.0712649 0.0381256 0.0000000 0.0503268 0.0380591 0.0657262 0.0059962 0.0102337 0.0414656 0.0714898 0.0082767 0.0099796 0.0694020 0.0726444 0.0647428 0.0000000 0.0322564 0.0781157 0.2603128
172 E 172 0.0341564 0.0171288 0.0729043 0.0795959 0.0000000 0.0395283 0.1343276 0.0179735 0.0000000 0.0268285 0.0061354 0.1215306 0.0000000 0.0058803 0.0199555 0.0468803 0.0793606 0.0000000 0.0029995 0.0449123 0.2499023
173 L 173 0.0437922 0.0034871 0.0696669 0.0979128 0.0000000 0.0120723 0.0309915 0.0248523 0.0110151 0.0365135 0.0724940 0.0271252 0.0069749 0.0409851 0.1187769 0.0493279 0.0611587 0.0000000 0.0079535 0.0343578 0.2505422
174 E 174 0.0664099 0.0130277 0.1435404 0.0924181 0.0000000 0.0311749 0.1113900 0.0486022 0.0052759 0.0223966 0.0053354 0.0813306 0.0095352 0.0000000 0.0331663 0.0486437 0.0354011 0.0000000 0.0037127 0.0063877 0.2422514
175 K 175 0.0330849 0.0204329 0.0628416 0.0679155 0.0000000 0.1002949 0.0370280 0.0282326 0.0000000 0.0157482 0.0143978 0.1355323 0.0034553 0.0041644 0.0819593 0.0446726 0.0677796 0.0000000 0.0033206 0.0341088 0.2450307
176 L 176 0.0517206 0.0028050 0.0647446 0.0823558 0.0000000 0.0236207 0.0466708 0.0674453 0.0028397 0.0713674 0.0339599 0.0757057 0.0070327 0.0041644 0.0776296 0.0445113 0.0436399 0.0000000 0.0042889 0.0415805 0.2539174
177 Q 177 0.0449079 0.0000000 0.0589890 0.0190260 0.0000000 0.0789586 0.1025594 0.0642897 0.0013667 0.0144904 0.0137700 0.0910919 0.0027194 0.0066858 0.0299602 0.0484394 0.0688626 0.0000000 0.0238532 0.0730975 0.2569323
178 E 178 0.0498472 0.0055757 0.0805856 0.0947362 0.0000000 0.0590911 0.0759594 0.0017287 0.0076748 0.0106822 0.0260317 0.0432403 0.0013638 0.0137574 0.0206854 0.0946592 0.0731872 0.0000000 0.0090208 0.0721430 0.2600303
179 K 179 0.0375052 0.0071639 0.0547846 0.0713360 0.0000000 0.0391238 0.0912679 0.0657472 0.0164719 0.0223875 0.0192743 0.0843527 0.0000000 0.0134396 0.0823275 0.0699761 0.0361914 0.0000000 0.0000000 0.0210304 0.2676202
180 L 180 0.0249706 0.0082391 0.1332198 0.0896545 0.0000000 0.0634118 0.0274178 0.0208126 0.0052848 0.0153403 0.0424666 0.0828926 0.0000000 0.0000000 0.0537713 0.0434718 0.0900156 0.0000000 0.0080540 0.0234948 0.2674820
