  336         A         R         N         D         C         Q         E         G         H         I         L         K         M         F         P         S         T         W         Y         V    
  1 S   1 0.2748730 0.0000000 0.0000000 0.0000000 0.0000000 0.0000000 0.0000000 0.0000000 0.0000000 0.0000000 0.0000000 0.0000000 0.0000000 0.0000000 0.0000000 0.3980106 0.3271165 0.0000000 0.0000000 0.0000000
  2 A   2 0.3917028 0.0000000 0.0695906 0.0000000 0.0000000 0.0233860 0.0000000 0.0403490 0.0000000 0.2003924 0.0000000 0.0492694 0.0000000 0.0000000 0.0353001 0.0000000 0.0248541 0.0000000 0.0000000 0.1651558
  3 D   3 0.0000000 0.0261572 0.2756914 0.4496451 0.0000000 0.0000000 0.1619930 0.0141236 0.0000000 0.0000000 0.0000000 0.0582135 0.0141763 0.0000000 0.0000000 0.0000000 0.0000000 0.0000000 0.0000000 0.0000000
  4 E   4 0.0102539 0.0000000 0.0104790 0.1398454 0.0000000 0.1324778 0.1582726 0.0060935 0.0204887 0.0117269 0.0000000 0.0665681 0.0000000 0.0000000 0.2138720 0.1016670 0.0130435 0.0000000 0.0632143 0.0519973
  5 S   5 0.0108374 0.0000000 0.0652212 0.0319111 0.0000000 0.0601304 0.0699278 0.0387410 0.0000000 0.0000000 0.0000000 0.0985975 0.0000000 0.0000000 0.1121396 0.2797326 0.1397118 0.0000000 0.0930496 0.0000000
  6 L   6 0.0310257 0.0000000 0.0000000 0.0197195 0.0000000 0.0850330 0.0583825 0.1059921 0.0101108 0.1337137 0.2158213 0.0378875 0.0097617 0.0118316 0.0157478 0.0777419 0.1122941 0.0000000 0.0312861 0.0436507
  7 Q   7 0.0242948 0.0650298 0.1519348 0.0125005 0.0000000 0.0867192 0.0664801 0.0043837 0.0000000 0.0000000 0.0466295 0.2578913 0.0275543 0.0223794 0.0557339 0.0539349 0.0747935 0.0000000 0.0000000 0.0497403
  8 D   8 0.0228176 0.0314324 0.2089583 0.2102828 0.0000000 0.0087033 0.2343334 0.0304327 0.0000000 0.0118519 0.0243003 0.0656379 0.0000000 0.0000000 0.0756650 0.0446162 0.0309680 0.0000000 0.0000000 0.0000000
  9 A   9 0.3455273 0.0000000 0.0838286 0.0450424 0.0000000 0.0228398 0.0747740 0.0208941 0.0000000 0.0359430 0.0207240 0.1159575 0.0000000 0.0000000 0.0231594 0.0901414 0.0628893 0.0000000 0.0000000 0.0582794
 10 I  10 0.0509744 0.0000000 0.0448950 0.0179532 0.0000000 0.0597808 0.0659210 0.0075768 0.0000000 0.1541296 0.1083100 0.0659714 0.0000000 0.0741052 0.0699765 0.0599733 0.0661965 0.0000000 0.0000000 0.1542362
 11 K  11 0.0930992 0.0000000 0.0475471 0.1287084 0.0000000 0.0658930 0.0724028 0.0370935 0.0000000 0.0000000 0.0186427 0.2684116 0.0000000 0.0000000 0.0130427 0.1095107 0.1240938 0.0000000 0.0052516 0.0163028
 12 N  12 0.0455122 0.0000000 0.1232089 0.1330382 0.0000000 0.0242362 0.1346895 0.0659386 0.0000000 0.0547912 0.0000000 0.0755751 0.0000000 0.0061676 0.2040939 0.0903555 0.0315214 0.0000000 0.0000000 0.0108717
 13 P  13 0.0376450 0.0234988 0.1679161 0.0471349 0.0000000 0.0081058 0.1018157 0.0244970 0.0000000 0.0250621 0.0640477 0.1000438 0.0000000 0.0000000 0.2820890 0.0407599 0.0340820 0.0000000 0.0000000 0.0433022
 14 A  14 0.2873732 0.0000000 0.0059041 0.0186242 0.0000000 0.0516791 0.0870842 0.0079007 0.0000000 0.0117413 0.0107482 0.0699979 0.0122395 0.0029875 0.0217465 0.1202664 0.2012391 0.0000000 0.0050104 0.0854578
 15 I  15 0.0927039 0.0052795 0.1242066 0.0204943 0.0000000 0.0049287 0.0366575 0.0397992 0.0000000 0.1105328 0.0502402 0.1133437 0.0083019 0.0000000 0.0232066 0.0387368 0.1698174 0.0000000 0.0086965 0.1530544
 16 I  16 0.1302901 0.0034528 0.0338738 0.0174879 0.0000000 0.1084352 0.0833431 0.0163314 0.0124396 0.1027431 0.0298152 0.1300775 0.0000000 0.0087491 0.0667715 0.0741072 0.1040430 0.0000000 0.0000000 0.0780394
 17 D  17 0.1646809 0.0100652 0.1316512 0.3213996 0.0000000 0.0567705 0.0344439 0.0225860 0.0088759 0.0157773 0.0090391 0.0424971 0.0000000 0.0000000 0.0209473 0.0399176 0.0994223 0.0000000 0.0000000 0.0219260
 18 K  18 0.1167133 0.0000000 0.0393323 0.0533782 0.0000000 0.0401058 0.0686916 0.0616643 0.0000000 0.0116490 0.0076984 0.1517509 0.0000000 0.0191408 0.1745417 0.1666268 0.0610135 0.0000000 0.0000000 0.0276934
 19 E  19 0.0909046 0.0253803 0.1489811 0.1059910 0.0000000 0.0481813 0.1888648 0.0076863 0.0099616 0.0098438 0.0000000 0.0902948 0.0000000 0.0000000 0.0552968 0.0830947 0.0983625 0.0000000 0.0019695 0.0351868
 20 H  20 0.1066450 0.0028783 0.1514771 0.0207946 0.0000000 0.0795439 0.0388477 0.0642617 0.0799306 0.0407824 0.0315723 0.1025323 0.0085291 0.0141011 0.0219414 0.0382870 0.1480820 0.0000000 0.0084036 0.0413896
 21 T  21 0.0100708 0.0044736 0.0378528 0.0633688 0.0000000 0.0000000 0.0195379 0.0118756 0.0043868 0.1177077 0.4639691 0.0630454 0.0079506 0.0030356 0.0296739 0.0734629 0.0475544 0.0000000 0.0144133 0.0276207
 22 A  22 0.2029422 0.0182786 0.0279245 0.0407582 0.0000000 0.0735779 0.1327210 0.0000000 0.0000000 0.0235504 0.0038608 0.2460732 0.0000000 0.0000000 0.0345649 0.0851456 0.0481738 0.0000000 0.0209511 0.0414778
 23 D  23 0.0477852 0.0000000 0.1359978 0.5386871 0.0000000 0.0000000 0.0713771 0.0707249 0.0096541 0.0000000 0.0059932 0.0210797 0.0000000 0.0000000 0.0120752 0.0535787 0.0189765 0.0000000 0.0052048 0.0088657
 24 N  24 0.0111332 0.0135125 0.0634419 0.0166974 0.0000000 0.0183134 0.0075333 0.6706463 0.0140032 0.0136195 0.0267207 0.0446278 0.0000000 0.0000000 0.0348637 0.0069207 0.0381732 0.0000000 0.0000000 0.0197932
 25 W  25 0.0469609 0.0457219 0.0094654 0.0016543 0.0000000 0.0319739 0.2459472 0.0027645 0.0062792 0.0416069 0.0397580 0.0887423 0.0141646 0.0000000 0.0059563 0.0640090 0.2549443 0.0156117 0.0126563 0.0717833
 26 R  26 0.0084135 0.0506870 0.0074965 0.0057994 0.0000000 0.0719669 0.0322674 0.0059215 0.0031379 0.0000000 0.0000000 0.0727342 0.0000000 0.0000000 0.0000000 0.0144075 0.0107382 0.0084988 0.7079311 0.0000000
 27 P  27 0.0486078 0.0170027 0.0435872 0.1106810 0.0000000 0.0716991 0.0975154 0.0000000 0.0000000 0.0050432 0.0143073 0.0630874 0.0000000 0.0000000 0.0497579 0.2478837 0.2163938 0.0000000 0.0031876 0.0112460
 28 I  28 0.0887042 0.0000000 0.0000000 0.0000000 0.0000000 0.0000000 0.0000000 0.0032177 0.0000000 0.5022195 0.1011255 0.0000000 0.0043474 0.0041250 0.0000000 0.0000000 0.0150501 0.0000000 0.0000000 0.2812106
 29 D  29 0.0192638 0.0000000 0.2304508 0.1934267 0.0000000 0.0474667 0.0464412 0.0810541 0.0000000 0.0033075 0.0053923 0.0885750 0.0000000 0.0000000 0.1606338 0.0538017 0.0393195 0.0000000 0.0000000 0.0308670
 30 F  30 0.0424693 0.0000000 0.0360088 0.0000000 0.0000000 0.0000000 0.0000000 0.0036825 0.0000000 0.0997047 0.0230326 0.0000000 0.0190997 0.4937890 0.0000000 0.0151548 0.0000000 0.0000000 0.1696253 0.0974334
 31 Q  31 0.0524615 0.0322310 0.0409012 0.0156490 0.0000000 0.1125198 0.0465811 0.0000000 0.0111627 0.0047480 0.0031440 0.3963900 0.0042810 0.0000000 0.0067954 0.0765560 0.1167375 0.0000000 0.0253985 0.0544434
 32 M  32 0.1637862 0.0000000 0.0068707 0.0000000 0.0000000 0.0000000 0.0000000 0.0071736 0.0000000 0.1196770 0.1131537 0.0000000 0.0339973 0.0263549 0.0127767 0.0048345 0.0607511 0.0000000 0.0147711 0.4358533
 33 K  33 0.0065091 0.0174428 0.0151094 0.0000000 0.0000000 0.0542255 0.0291846 0.0000000 0.0000000 0.0254083 0.6042076 0.0678417 0.0095956 0.0159684 0.0000000 0.0000000 0.0000000 0.0010734 0.1365951 0.0168385
 34 N  34 0.0298776 0.0391640 0.0223556 0.0220165 0.0000000 0.0223140 0.0162764 0.0113069 0.0347332 0.0000000 0.0150111 0.7564465 0.0000000 0.0000000 0.0052330 0.0078778 0.0103278 0.0000000 0.0000000 0.0070596
 35 D  35 0.1105397 0.0000000 0.0554063 0.4155530 0.0000000 0.0231103 0.1508376 0.0264073 0.0038337 0.0000000 0.0037164 0.0765121 0.0000000 0.0000000 0.0228813 0.0284178 0.0377541 0.0000000 0.0450304 0.0000000
 36 K  36 0.0068999 0.0056163 0.1744897 0.1137572 0.0000000 0.0891390 0.0410410 0.2450666 0.0000000 0.0000000 0.0092128 0.2197901 0.0071745 0.0000000 0.0000000 0.0232203 0.0645926 0.0000000 0.0000000 0.0000000
 37 G  37 0.0110336 0.0000000 0.1007257 0.0360498 0.0036158 0.0000000 0.0543954 0.0427342 0.0000000 0.0086076 0.0000000 0.0538031 0.0000000 0.0000000 0.0062810 0.2508618 0.4255667 0.0000000 0.0000000 0.0063252
 38 E  38 0.0057850 0.0048439 0.2561213 0.3279416 0.0000000 0.0231007 0.1448386 0.0073481 0.0081981 0.0101685 0.0000000 0.0418115 0.0000000 0.0084093 0.0028403 0.0409435 0.1069879 0.0000000 0.0000000 0.0106617
 39 R  39 0.0337558 0.0302746 0.0348241 0.0860985 0.0000000 0.0675785 0.5113773 0.0309610 0.0000000 0.0000000 0.0060101 0.0508677 0.0000000 0.0000000 0.0000000 0.0686797 0.0795727 0.0000000 0.0000000 0.0000000
 40 Q  40 0.0681652 0.0028220 0.0242797 0.0603796 0.0000000 0.0576732 0.1243813 0.0000000 0.0000000 0.1152201 0.0693243 0.0559954 0.0000000 0.0065091 0.1604950 0.0545805 0.1252031 0.0000000 0.0130387 0.0619328
 41 F  41 0.0000000 0.0000000 0.0079556 0.0000000 0.0000000 0.0082907 0.0153036 0.0000000 0.0000000 0.0000000 0.0000000 0.0000000 0.0000000 0.0379033 0.0052330 0.8841368 0.0135203 0.0000000 0.0276566 0.0000000
 42 Y  42 0.0380410 0.0190173 0.0000000 0.0063920 0.0000000 0.0000000 0.0207196 0.0000000 0.0480078 0.0937477 0.0117958 0.0767163 0.3918375 0.0000000 0.0204563 0.0656132 0.0355863 0.0000000 0.0770604 0.0950087
 43 H  43 0.3787739 0.0000000 0.0000000 0.0071418 0.0000000 0.0000000 0.0099252 0.0000000 0.0497313 0.0289455 0.0145908 0.0000000 0.4119178 0.0090263 0.0000000 0.0562739 0.0000000 0.0000000 0.0000000 0.0336736
 44 Y  44 0.0801135 0.0473605 0.3431982 0.1540260 0.0000000 0.0476684 0.0253578 0.1148991 0.0138482 0.0000000 0.0071418 0.0227621 0.0000000 0.0202798 0.0000000 0.0843094 0.0095837 0.0000000 0.0294515 0.0000000
 45 A  45 0.0630056 0.0155451 0.0513849 0.1021051 0.0000000 0.1677923 0.0423744 0.1619586 0.0062846 0.0000000 0.0000000 0.0566041 0.0096738 0.0257414 0.0205931 0.0754144 0.1735640 0.0000000 0.0000000 0.0279587
 46 S  46 0.0161082 0.0000000 0.0109715 0.0000000 0.0000000 0.0000000 0.0170670 0.0000000 0.0069996 0.0051886 0.0255231 0.0016704 0.0101306 0.0901936 0.0000000 0.0578610 0.0000000 0.0000000 0.7442658 0.0140207
 47 T  47 0.0135382 0.0000000 0.0000000 0.0000000 0.0000000 0.0000000 0.0000000 0.0000000 0.0000000 0.1539251 0.1582786 0.0000000 0.0962226 0.1849880 0.0012709 0.0318779 0.1666361 0.0116714 0.0167685 0.1648227
 48 V  48 0.0235405 0.0000000 0.0909903 0.1065429 0.0000000 0.0719142 0.1504583 0.0316627 0.0000000 0.0134634 0.0187945 0.2182550 0.0081316 0.0000000 0.0055633 0.0284746 0.0516514 0.0000000 0.0000000 0.1805574
 49 E  49 0.0000000 0.0136067 0.1317539 0.0873139 0.0000000 0.0245422 0.0641691 0.0051420 0.0849638 0.0081739 0.0000000 0.3464175 0.0000000 0.0000000 0.0625405 0.1485651 0.0137850 0.0000000 0.0090263 0.0000000
 50 P  50 0.0000000 0.0120940 0.0389900 0.0270655 0.0000000 0.0056951 0.0321242 0.0000000 0.0000000 0.0082485 0.0174311 0.0366527 0.0072587 0.0070503 0.6329992 0.0231345 0.1224060 0.0000000 0.0000000 0.0288502
 51 A  51 0.5630970 0.0000000 0.0000000 0.0000000 0.0000000 0.0041076 0.0000000 0.2137637 0.0000000 0.0379393 0.0000000 0.0000000 0.0049798 0.0196287 0.0000000 0.0667673 0.0168220 0.0000000 0.0000000 0.0728945
 52 T  52 0.0071099 0.0403629 0.0761826 0.0565118 0.0000000 0.0363047 0.0189992 0.0024709 0.0120287 0.0406687 0.0112116 0.2516147 0.0029391 0.0083096 0.0000000 0.0313417 0.2179721 0.0119767 0.0269105 0.1470847
 53 V  53 0.0069560 0.0000000 0.0000000 0.0000000 0.0000000 0.0000000 0.0039220 0.0000000 0.0000000 0.0952435 0.4339673 0.0000000 0.0000000 0.0348159 0.0000000 0.0000000 0.0113891 0.0000000 0.1131041 0.3006020
 54 I  54 0.0344756 0.0314407 0.0091743 0.0160852 0.0000000 0.0129698 0.0816689 0.0000000 0.0027616 0.1660952 0.0151357 0.2477465 0.0000000 0.0048498 0.0000000 0.0108694 0.1942494 0.0000000 0.0464771 0.1260008
 55 F  55 0.0058661 0.0067474 0.0285527 0.0000000 0.0000000 0.0000000 0.0781187 0.0000000 0.0039749 0.1917759 0.0000000 0.0818934 0.0028602 0.0373804 0.0140744 0.0038147 0.0097631 0.0000000 0.0321065 0.5030716
 56 T  56 0.0444015 0.0531393 0.0584435 0.0225485 0.0000000 0.0501227 0.2088237 0.0027763 0.0055373 0.0236983 0.0030938 0.3835422 0.0000000 0.0000000 0.0000000 0.0445019 0.0637734 0.0000000 0.0000000 0.0355975
 57 K  57 0.0056091 0.0080862 0.3670562 0.3631117 0.0000000 0.0226115 0.0190312 0.1081211 0.0049140 0.0000000 0.0000000 0.0792721 0.0000000 0.0000000 0.0000000 0.0181776 0.0040093 0.0000000 0.0000000 0.0000000
 58 T  58 0.0042219 0.0032097 0.0826442 0.0866488 0.0000000 0.0166198 0.0061755 0.6862531 0.0137644 0.0000000 0.0000000 0.0573786 0.0000000 0.0000000 0.0000000 0.0203432 0.0142868 0.0084540 0.0000000 0.0000000
 59 G  59 0.0032700 0.0161737 0.0290730 0.0166114 0.0000000 0.1175029 0.0197523 0.0379280 0.0049594 0.0036907 0.0103200 0.6695685 0.0000000 0.0000000 0.0000000 0.0214558 0.0354308 0.0000000 0.0000000 0.0142635
 60 P  60 0.0864999 0.0413438 0.0295272 0.0000000 0.0000000 0.0269574 0.0000000 0.0000000 0.0133420 0.0695391 0.0150505 0.3392398 0.0210231 0.0105820 0.0396923 0.0226144 0.1120743 0.0000000 0.1601473 0.0123669
 61 I  61 0.0000000 0.0184947 0.0027655 0.0000000 0.0000000 0.0301537 0.0571645 0.0000000 0.0157267 0.0638611 0.0256714 0.1112468 0.0000000 0.0538090 0.0000000 0.0138286 0.1432636 0.0000000 0.4097287 0.0542857
 62 I  62 0.1033412 0.0000000 0.0000000 0.0000000 0.0301199 0.0000000 0.0000000 0.0098722 0.0000000 0.1755295 0.0575612 0.0101536 0.0361581 0.1064690 0.0000000 0.0000000 0.0061848 0.0000000 0.0105507 0.4540599
 63 E  63 0.0303394 0.0173055 0.0090391 0.0247244 0.0000000 0.1059524 0.1440201 0.0153543 0.0133469 0.0827730 0.0190449 0.0078467 0.0028602 0.0011459 0.0000000 0.1657392 0.2655576 0.0000000 0.0232251 0.0717253
 64 L  64 0.0543506 0.0000000 0.0000000 0.0000000 0.0000000 0.0000000 0.0000000 0.0000000 0.0057638 0.1145597 0.3604857 0.0000000 0.1220346 0.1819090 0.0000000 0.0000000 0.0107674 0.0000000 0.0040987 0.1460305
 65 G  65 0.0131953 0.0078751 0.0270906 0.0360448 0.0055336 0.0390142 0.0250445 0.0497124 0.0241725 0.0156044 0.0000000 0.1286110 0.0000000 0.0000000 0.0080362 0.0039011 0.5715459 0.0000000 0.0196079 0.0250104
 66 L  66 0.0024361 0.0000000 0.0000000 0.0000000 0.0000000 0.0000000 0.0000000 0.0000000 0.0000000 0.1682963 0.4941391 0.0039578 0.0334634 0.0946906 0.0000000 0.0109624 0.0536276 0.0000000 0.0000000 0.1384267
 67 K  67 0.0326685 0.0097098 0.2238707 0.0362845 0.0000000 0.0593958 0.0065811 0.0046825 0.0000000 0.0114310 0.0580856 0.2869509 0.0000000 0.0000000 0.0064669 0.0741657 0.1897069 0.0000000 0.0000000 0.0000000
 68 T  68 0.0301006 0.0778606 0.3043034 0.1249190 0.0000000 0.0543320 0.0236347 0.0433002 0.0685905 0.0040410 0.0000000 0.0548350 0.0000000 0.0000000 0.0000000 0.1077636 0.0980324 0.0000000 0.0000000 0.0082870
 69 A  69 0.1753421 0.0207324 0.0370583 0.0199615 0.0000000 0.0106626 0.0227010 0.0285101 0.0000000 0.0333001 0.0282987 0.0227770 0.0294326 0.0107605 0.0123279 0.4722584 0.0363728 0.0000000 0.0039553 0.0355488
 70 S  70 0.0939559 0.0000000 0.0741859 0.2212298 0.0000000 0.0553190 0.0336159 0.0078409 0.0288684 0.0000000 0.0000000 0.0993910 0.0000000 0.0030987 0.0000000 0.3261805 0.0464483 0.0000000 0.0098659 0.0000000
 71 T  71 0.0274956 0.0000000 0.0119216 0.0138241 0.0000000 0.0214366 0.0279803 0.0090365 0.0000000 0.0269898 0.0690565 0.0053134 0.0244146 0.0904137 0.0000000 0.0655280 0.0938821 0.4097320 0.0814551 0.0215201
 72 W  72 0.0165294 0.0000000 0.0000000 0.0000000 0.0000000 0.0000000 0.0000000 0.0000000 0.0000000 0.3906656 0.0761025 0.0000000 0.1889890 0.0752971 0.0000000 0.0069346 0.0019642 0.1264628 0.0100380 0.1070168
 73 K  73 0.0273070 0.0220945 0.0338845 0.0368206 0.0000000 0.0827244 0.0272036 0.0386728 0.0000000 0.0000000 0.0000000 0.3746849 0.0000000 0.0000000 0.0118626 0.0712781 0.2649692 0.0000000 0.0000000 0.0084978
 74 K  74 0.0666156 0.0039458 0.2227005 0.0607472 0.0000000 0.0201229 0.0591802 0.0638714 0.0000000 0.0000000 0.0214902 0.2155299 0.0169321 0.0000000 0.0088547 0.1221525 0.0377073 0.0000000 0.0591462 0.0210036
 75 F  75 0.0000000 0.0106178 0.0000000 0.0083450 0.0000000 0.0000000 0.0000000 0.0000000 0.0040693 0.1476724 0.1402373 0.0000000 0.0619851 0.5193660 0.0000000 0.0000000 0.0057781 0.0036739 0.0322509 0.0660043
 76 E  76 0.0259070 0.0687030 0.0220997 0.0197190 0.0000000 0.1757611 0.1820072 0.0051565 0.0046246 0.0146078 0.0090650 0.2435841 0.0000000 0.0000000 0.0322559 0.0754834 0.0902580 0.0111437 0.0000000 0.0196242
 77 V  77 0.0574005 0.0000000 0.0000000 0.0067715 0.0000000 0.0000000 0.0000000 0.0000000 0.0000000 0.1856620 0.0612117 0.0105866 0.0069233 0.1109995 0.0118480 0.0108846 0.1972221 0.0000000 0.0120140 0.3284761
 78 Y  78 0.0120548 0.0289715 0.0059468 0.0550251 0.0000000 0.0189529 0.3654547 0.0044044 0.0000000 0.0113481 0.0210197 0.0941517 0.0143499 0.0332548 0.0266816 0.0947108 0.0495529 0.0273276 0.1275891 0.0092035
 79 E  79 0.0333931 0.0050821 0.0748870 0.0622286 0.0000000 0.1129936 0.0834922 0.0790511 0.0041280 0.0290479 0.0085029 0.2027747 0.0089108 0.0143425 0.0000000 0.0223843 0.0477079 0.0000000 0.0020970 0.2089764
 80 G  80 0.0408896 0.0000000 0.3742899 0.2039528 0.0000000 0.0344483 0.0353685 0.1373741 0.0117249 0.0300397 0.0000000 0.0348869 0.0000000 0.0176772 0.0343669 0.0314964 0.0068508 0.0000000 0.0000000 0.0066339
 81 D  81 0.0020444 0.0253728 0.0842009 0.1232600 0.0000000 0.0246714 0.0414244 0.6589381 0.0000000 0.0042676 0.0000000 0.0037693 0.0000000 0.0000000 0.0000000 0.0294789 0.0025722 0.0000000 0.0000000 0.0000000
 82 K  82 0.1119612 0.0260985 0.0630562 0.0451569 0.0000000 0.1008691 0.0564285 0.0584919 0.0060893 0.0032980 0.0298763 0.2095821 0.0000000 0.0034636 0.0000000 0.1173918 0.1004150 0.0000000 0.0000000 0.0678215
 83 K  83 0.0319915 0.0000000 0.0115189 0.0247033 0.0000000 0.0427502 0.1400673 0.0075247 0.0114746 0.0062968 0.0956241 0.1539165 0.0051435 0.2521843 0.0366689 0.0522691 0.0228135 0.0132784 0.0840486 0.0077257
 84 L  84 0.1263185 0.0171075 0.0178467 0.0000000 0.0000000 0.0533852 0.0287981 0.0113802 0.0507518 0.0682977 0.1431637 0.0480522 0.0000000 0.0000000 0.0066243 0.0056091 0.0610484 0.0000000 0.0057645 0.3558520
 85 P  85 0.0771824 0.0035971 0.1161655 0.3695411 0.0000000 0.0195683 0.0688503 0.0150458 0.0216631 0.0033571 0.0082697 0.0782537 0.0000000 0.0000000 0.1438408 0.0354231 0.0392419 0.0000000 0.0000000 0.0000000
 86 V  86 0.3110890 0.0000000 0.0000000 0.0087318 0.0038593 0.0127412 0.0197199 0.0171756 0.0393173 0.0586262 0.0184438 0.0293198 0.0085169 0.0068540 0.0554774 0.0082167 0.1116540 0.0000000 0.0610905 0.2291666
 87 E  87 0.0250415 0.0397103 0.0900474 0.0458362 0.0000000 0.0517223 0.1496963 0.0019857 0.0166789 0.0000000 0.0042505 0.2917032 0.0000000 0.0000000 0.0033896 0.0869801 0.1395377 0.0000000 0.0000000 0.0534203
 88 L  88 0.0397854 0.0100959 0.0000000 0.0000000 0.0000000 0.0267952 0.0000000 0.0081730 0.0029283 0.1426399 0.0700053 0.0489412 0.0000000 0.0000000 0.0000000 0.0050978 0.1108741 0.0000000 0.0191541 0.5155098
 89 V  89 0.0344696 0.0034755 0.0055473 0.0026278 0.0000000 0.0041673 0.0342669 0.0080132 0.0000000 0.2122025 0.0968011 0.0564623 0.0035370 0.0000000 0.0000000 0.0280770 0.0844948 0.0000000 0.0065179 0.4193397
 90 S  90 0.0346428 0.0189287 0.0594763 0.0662430 0.0000000 0.0314735 0.0703676 0.0252287 0.0020728 0.0060371 0.0306447 0.1041813 0.0031239 0.0055796 0.0000000 0.5082488 0.0223685 0.0000000 0.0040803 0.0073026
 91 Y  91 0.0302597 0.0262142 0.0734237 0.0481778 0.0000000 0.0396454 0.3715170 0.0175972 0.0107378 0.0237728 0.0066193 0.0735460 0.0000000 0.0126242 0.0049143 0.0699193 0.1116587 0.0000000 0.0631247 0.0162482
 92 D  92 0.0021429 0.0159189 0.1514233 0.5486381 0.0000000 0.0100841 0.0296564 0.0806859 0.0000000 0.0045425 0.0000000 0.0238460 0.0026370 0.0000000 0.0000000 0.0968172 0.0123307 0.0000000 0.0000000 0.0212772
 93 S  93 0.0932726 0.0055277 0.0329036 0.0201807 0.0000000 0.0427135 0.0458054 0.0323210 0.0106844 0.0120211 0.0243257 0.4125078 0.0000000 0.0000000 0.0691326 0.0570489 0.1202611 0.0000000 0.0000000 0.0212939
 94 D  94 0.0810452 0.0177503 0.0778762 0.0605564 0.0000000 0.0117655 0.2240325 0.0967312 0.0105050 0.0072032 0.0042935 0.1191177 0.0000000 0.0000000 0.0000000 0.1139476 0.0962271 0.0000000 0.0085793 0.0703695
 95 K  95 0.2187017 0.0000000 0.0673037 0.0263628 0.0000000 0.0434885 0.0812047 0.1017630 0.0269417 0.0000000 0.0103435 0.3057783 0.0000000 0.0000000 0.0062910 0.0606221 0.0449473 0.0000000 0.0041259 0.0021258
 96 D  96 0.0102010 0.0020689 0.3253306 0.4119207 0.0000000 0.0301932 0.0496767 0.0163258 0.0099302 0.0076473 0.0097749 0.0708347 0.0000000 0.0000000 0.0000000 0.0322185 0.0153963 0.0000000 0.0084812 0.0000000
 97 Y  97 0.0123686 0.0179739 0.0529248 0.0237374 0.0000000 0.0103309 0.0196572 0.0415794 0.0351075 0.0218958 0.0065482 0.0726665 0.0014552 0.0080001 0.0000000 0.0617763 0.5367619 0.0000000 0.0467836 0.0304325
 98 A  98 0.1091498 0.4524118 0.0000000 0.0034175 0.0000000 0.0103223 0.0000000 0.0967047 0.0137198 0.0125951 0.0350490 0.1220351 0.0055858 0.0120927 0.0000000 0.0470598 0.0147647 0.0226828 0.0198150 0.0225939
 99 Y  99 0.0028895 0.0082827 0.0176259 0.0364850 0.0000000 0.0076274 0.0443190 0.0000000 0.0123213 0.0559465 0.0228834 0.0366000 0.0220466 0.0197311 0.0000000 0.0227270 0.2417805 0.0000000 0.1025511 0.3461831
100 I 100 0.0111137 0.0000000 0.0087348 0.0000000 0.0000000 0.0000000 0.0131446 0.0000000 0.0000000 0.3427949 0.0496840 0.0000000 0.0194491 0.0185061 0.0000000 0.0103421 0.0132627 0.0000000 0.0465698 0.4663982
101 R 101 0.0396423 0.1866069 0.0178248 0.0000000 0.0000000 0.1204778 0.2556780 0.0000000 0.0000000 0.0178134 0.0000000 0.1238181 0.0000000 0.0000000 0.0000000 0.0784392 0.1293660 0.0000000 0.0000000 0.0303334
102 F 102 0.0057234 0.0000000 0.0000000 0.0191402 0.0000000 0.0000000 0.0000000 0.0000000 0.0000000 0.0258633 0.0436932 0.0000000 0.0082615 0.7709363 0.0000000 0.0000000 0.0000000 0.0000000 0.0222186 0.1041635
103 P 103 0.0174130 0.0114367 0.0294733 0.0725081 0.0000000 0.0099584 0.4572546 0.0000000 0.0000000 0.0000000 0.0040485 0.0850235 0.0000000 0.0049032 0.1702162 0.0456027 0.0669685 0.0000000 0.0124801 0.0127129
104 V 104 0.0200148 0.0000000 0.0121959 0.0000000 0.0000000 0.0062012 0.0036916 0.0000000 0.0000000 0.1493609 0.0740613 0.0056746 0.0000000 0.0000000 0.0000000 0.0000000 0.0695005 0.0000000 0.0203988 0.6389004
105 S 105 0.0889910 0.0000000 0.1120692 0.0954029 0.0000000 0.0073961 0.1040422 0.0864593 0.0000000 0.0275493 0.0000000 0.0698754 0.0000000 0.0000000 0.1331189 0.1803463 0.0663862 0.0000000 0.0191643 0.0091986
106 N 106 0.0192253 0.0140511 0.1698479 0.4727235 0.0000000 0.0142107 0.0778462 0.0066013 0.0000000 0.0000000 0.0000000 0.0376030 0.0000000 0.0057411 0.0222132 0.1432415 0.0166953 0.0000000 0.0000000 0.0000000
107 G 107 0.0094954 0.0000000 0.0067125 0.0097486 0.0000000 0.0000000 0.0137128 0.1200477 0.0000000 0.0644577 0.5792324 0.0058187 0.0096652 0.0541864 0.0295827 0.0000000 0.0128347 0.0114463 0.0000000 0.0730590
108 T 108 0.0298182 0.0066058 0.1095232 0.1476340 0.0000000 0.0104078 0.0561595 0.0396412 0.0135814 0.0060984 0.0192101 0.0905647 0.0145177 0.0301861 0.0135314 0.2649863 0.1177390 0.0000000 0.0255345 0.0042607
109 R 109 0.0984224 0.0181745 0.0456163 0.0883758 0.0000000 0.0788218 0.0469368 0.0262042 0.0058705 0.0000000 0.0000000 0.3794645 0.0000000 0.0113247 0.0286139 0.1096073 0.0547339 0.0000000 0.0078333 0.0000000
110 E 110 0.0393057 0.0499691 0.0598128 0.0600357 0.0000000 0.0360919 0.1231916 0.0000000 0.0000000 0.0465120 0.0330262 0.3675094 0.0028213 0.0000000 0.0592101 0.0105917 0.0583344 0.0000000 0.0000000 0.0535881
111 V 111 0.0231859 0.0000000 0.0000000 0.0000000 0.0000000 0.0177197 0.0000000 0.0000000 0.0088269 0.2151896 0.4192948 0.0000000 0.0237826 0.0000000 0.0000000 0.0000000 0.0212940 0.0000000 0.0506518 0.2200546
112 K 112 0.0161904 0.0303592 0.3639178 0.0585367 0.0000000 0.0310694 0.0331505 0.0063512 0.0030141 0.0213683 0.0192229 0.1522779 0.0167019 0.0057373 0.0416429 0.0586293 0.1017462 0.0000000 0.0123459 0.0277381
113 I 113 0.3059000 0.0071733 0.0000000 0.0000000 0.0012391 0.0069867 0.0000000 0.0579090 0.0000000 0.1133366 0.0531945 0.0000000 0.0664499 0.0581226 0.0000000 0.1125312 0.0854837 0.0000000 0.0000000 0.1316733
114 V 114 0.0196783 0.0615788 0.0737236 0.0231257 0.0000000 0.0819629 0.0303965 0.0127528 0.0374172 0.0043027 0.0196164 0.3343215 0.0000000 0.0170242 0.0066293 0.0306544 0.0846525 0.0441920 0.0511731 0.0667979
115 S 115 0.0406074 0.0000000 0.0070997 0.0000000 0.0038900 0.0065461 0.0070360 0.0000000 0.0000000 0.0809935 0.0666499 0.0000000 0.2158919 0.0268559 0.0000000 0.0877282 0.1096810 0.0000000 0.0100672 0.3369533
116 S 116 0.0342215 0.0057378 0.0896982 0.0395558 0.0000000 0.0507185 0.0131002 0.0195434 0.2344162 0.0113085 0.0072045 0.2021785 0.0000000 0.0561004 0.0078399 0.1110411 0.0627378 0.0000000 0.0388983 0.0156995
117 I 117 0.0000000 0.0000000 0.0118714 0.0000000 0.0058707 0.0000000 0.0000000 0.0072633 0.0000000 0.3953995 0.0271311 0.0000000 0.0160884 0.0091800 0.0000000 0.0000000 0.0454063 0.0000000 0.0194136 0.4623757
118 E 118 0.0058763 0.0144339 0.0919821 0.2301870 0.0000000 0.0492667 0.1322146 0.0000000 0.0050025 0.0352664 0.0323234 0.0453278 0.0048340 0.0076166 0.0000000 0.0486796 0.0531580 0.0000000 0.0755640 0.1682671
119 Y 119 0.0322734 0.0000000 0.0000000 0.0072206 0.0000000 0.0000000 0.0000000 0.0129170 0.0000000 0.3485780 0.0567241 0.0000000 0.0701476 0.0126412 0.1261448 0.0318292 0.0279677 0.0343291 0.0175231 0.2217043
120 G 120 0.0671177 0.0000000 0.0369495 0.2119821 0.0000000 0.0105090 0.0273336 0.0488290 0.0000000 0.0000000 0.0198258 0.0244353 0.1253508 0.0231387 0.3219790 0.0428434 0.0132828 0.0000000 0.0063706 0.0200527
121 E 121 0.1021436 0.0043910 0.0471084 0.0741524 0.0000000 0.0170444 0.1211342 0.1872375 0.0043155 0.0079023 0.0594793 0.0402881 0.0391906 0.0467046 0.0104699 0.1912072 0.0353614 0.0000000 0.0000000 0.0118696
122 N 122 0.0490538 0.0690742 0.1167566 0.0233895 0.0000000 0.0118859 0.0119518 0.0644494 0.0000000 0.1606895 0.1129075 0.0349610 0.2160006 0.0160373 0.0253394 0.0278333 0.0127961 0.0000000 0.0021096 0.0447645
123 I 123 0.0842120 0.0034983 0.3955085 0.0434379 0.0000000 0.0140388 0.0093451 0.1006769 0.0209860 0.0223651 0.0000000 0.0629595 0.0050618 0.0158966 0.0469777 0.0415877 0.0182404 0.0096093 0.0731429 0.0324556
124 H 124 0.0074975 0.0478497 0.0264992 0.0044076 0.0000000 0.0119192 0.0602598 0.0354873 0.0314134 0.0846818 0.0245795 0.0383038 0.0060978 0.0162400 0.0053441 0.0121536 0.0303353 0.0000000 0.4918783 0.0650520
125 E 125 0.0356015 0.0044248 0.0212457 0.2237114 0.0000000 0.0000000 0.0787149 0.0265314 0.1879621 0.0199640 0.0098206 0.0939630 0.0254111 0.0689887 0.0000000 0.0245560 0.0540524 0.0000000 0.0068949 0.1181577
126 D 126 0.0400424 0.0051138 0.1792621 0.0788354 0.0000000 0.0706491 0.0727280 0.0317893 0.3200349 0.0000000 0.0000000 0.0696870 0.0198703 0.0148287 0.0076500 0.0482784 0.0357332 0.0000000 0.0000000 0.0054973
127 Y 127 0.0137606 0.0231162 0.0229808 0.0445860 0.0000000 0.0263873 0.0922440 0.0032442 0.0980000 0.0212247 0.0053195 0.0634666 0.0259333 0.1957592 0.0273400 0.0367653 0.1013593 0.0111415 0.1613144 0.0260572
128 D 128 0.0113697 0.0490453 0.0494163 0.1492985 0.0000000 0.0322275 0.0919245 0.0000000 0.0527441 0.0050809 0.0148618 0.0613119 0.0072825 0.0090022 0.0202185 0.0141801 0.0273927 0.0000000 0.3740700 0.0305734
129 Y 129 0.0786126 0.0000000 0.0422589 0.2435253 0.0075096 0.0531749 0.0172006 0.0337117 0.0116144 0.0500651 0.0244677 0.0192603 0.0045846 0.0259225 0.0167693 0.0315018 0.1044685 0.0000000 0.0773877 0.1579646
130 T 130 0.0614688 0.0369957 0.0071712 0.0577206 0.0000000 0.0164811 0.0144862 0.0102878 0.0000000 0.1209291 0.0339682 0.0153811 0.0101795 0.0185324 0.0401579 0.0113799 0.2106239 0.0000000 0.0037677 0.3304689
131 L 131 0.0369716 0.0970606 0.0179533 0.0251829 0.0000000 0.2795370 0.0158657 0.0099215 0.0225234 0.0234579 0.1593141 0.0820978 0.0320443 0.0278941 0.0301739 0.0192571 0.0730258 0.0000000 0.0337994 0.0139193
132 M 132 0.0370439 0.0105049 0.0169571 0.0035778 0.0000000 0.0554806 0.0391969 0.0000000 0.0247853 0.2235027 0.1988609 0.0301918 0.0398708 0.2000699 0.0057444 0.0256708 0.0296915 0.0000000 0.0139516 0.0448991
133 V 133 0.1364736 0.0306537 0.0208494 0.0157601 0.0000000 0.0922253 0.0572668 0.0169244 0.0063112 0.0549647 0.0897461 0.0886865 0.0360967 0.0425495 0.0036345 0.0631529 0.0329575 0.0000000 0.0000000 0.2117472
134 F 134 0.0190116 0.0000000 0.0694728 0.0802219 0.0052507 0.0166456 0.0127951 0.0165335 0.0000000 0.0215248 0.0715219 0.0215183 0.0255268 0.5441966 0.0000000 0.0347502 0.0137256 0.0000000 0.0084654 0.0388392
135 A 135 0.0719779 0.0108061 0.0807303 0.3134949 0.0000000 0.0143289 0.1318249 0.0574187 0.0000000 0.0426470 0.0160326 0.0766247 0.0051910 0.0105565 0.0351569 0.0404551 0.0533982 0.0000000 0.0000000 0.0393565
136 Q 136 0.0623032 0.0000000 0.0290259 0.0546295 0.0000000 0.1934677 0.0721525 0.0909363 0.0153261 0.0228176 0.0371011 0.1428767 0.0103807 0.0260813 0.0095280 0.0545494 0.0605908 0.0000000 0.0000000 0.1182332
137 P 137 0.0485579 0.0138450 0.0955315 0.0643124 0.0000000 0.0858248 0.0084044 0.0355671 0.0094608 0.0079617 0.0242967 0.0607220 0.0052863 0.0050450 0.3042046 0.1225268 0.0669722 0.0000000 0.0069217 0.0345591
138 I 138 0.0547051 0.0000000 0.0637304 0.0146590 0.0000000 0.0198057 0.0377377 0.0212893 0.0081493 0.1529770 0.1277425 0.0291009 0.0605098 0.0289049 0.0131105 0.1608233 0.0770982 0.0000000 0.0227122 0.1069442
139 T 139 0.0306003 0.0131720 0.0084015 0.0133286 0.0000000 0.0495035 0.0152824 0.0543805 0.0000000 0.2173541 0.0539156 0.1062058 0.0061434 0.0230786 0.1062234 0.0757711 0.0867414 0.0000000 0.0774214 0.0624764
140 N 140 0.0659089 0.0100952 0.2008753 0.0704775 0.0000000 0.0246784 0.0890033 0.0393421 0.0038798 0.0150474 0.0311728 0.1483929 0.0000000 0.0590919 0.0480677 0.0209718 0.1026149 0.0000000 0.0069601 0.0634199
141 N 141 0.1061563 0.0193518 0.0514062 0.1336726 0.0000000 0.0123455 0.0841275 0.0310752 0.0272105 0.0520777 0.1053555 0.0817956 0.0080332 0.0215178 0.0798540 0.0611986 0.0687920 0.0000000 0.0142230 0.0418069
142 P 142 0.0899102 0.0564074 0.0217535 0.0239846 0.0000000 0.0327570 0.1006218 0.0225524 0.0078562 0.0667555 0.1542076 0.0782735 0.0033386 0.0084231 0.1236857 0.0530576 0.0857059 0.0046396 0.0143844 0.0516854
143 D 143 0.1138089 0.0000000 0.0450402 0.1204868 0.0000000 0.0166924 0.1094924 0.0540189 0.0421509 0.0063628 0.0373209 0.0991645 0.0235743 0.0000000 0.0399609 0.1260497 0.0511934 0.0000000 0.0169769 0.0977061
144 D 144 0.0854760 0.0035781 0.1037623 0.1723600 0.0000000 0.0580888 0.0411258 0.0867437 0.0037711 0.0178806 0.0481586 0.0881406 0.0000000 0.0000000 0.0283319 0.1086246 0.0679836 0.0000000 0.0161097 0.0698646
145 Y 145 0.1045326 0.0000000 0.0360011 0.0422187 0.0000000 0.0621653 0.1384389 0.0384719 0.0054462 0.0804791 0.0275992 0.0459840 0.0124961 0.1351075 0.0393486 0.0638712 0.0528954 0.0067279 0.0251096 0.0831065
146 V 146 0.0133784 0.1049235 0.0640249 0.0546649 0.0000000 0.0868838 0.0679463 0.0898834 0.0053383 0.0243909 0.0207800 0.2039509 0.0000000 0.0000000 0.0609959 0.0650853 0.0648526 0.0169869 0.0043265 0.0515878
147 D 147 0.0604858 0.0038150 0.0449782 0.0821382 0.0000000 0.0017374 0.0872198 0.0950176 0.0000000 0.0833996 0.0561318 0.0469115 0.0000000 0.0172006 0.0923603 0.0895899 0.1510910 0.0000000 0.0253213 0.0626018
148 E 148 0.0369260 0.0194861 0.1263004 0.0844104 0.0050108 0.0851344 0.1805696 0.0082013 0.0039071 0.0303543 0.0318518 0.0845409 0.0000000 0.0040048 0.0134111 0.0823137 0.0874046 0.0000000 0.0076166 0.1085563
149 E 149 0.0471200 0.0159617 0.0674053 0.0686906 0.0000000 0.0448093 0.1286400 0.0660248 0.0077133 0.0330845 0.0500601 0.1182985 0.0059861 0.0673219 0.1157568 0.0377502 0.0854039 0.0000000 0.0127797 0.0271933
150 T 150 0.0502237 0.0000000 0.1419737 0.1735149 0.0000000 0.0511231 0.1062364 0.0161311 0.0000000 0.0079447 0.0149089 0.1219746 0.0000000 0.0000000 0.0138894 0.0956413 0.0985490 0.0000000 0.0093622 0.0985269
151 Y 151 0.0718338 0.0110890 0.0901823 0.0379102 0.0000000 0.0766482 0.0991525 0.0293275 0.0090010 0.0591975 0.0164686 0.1203563 0.0060582 0.0391941 0.0745147 0.0259594 0.1140596 0.0248050 0.0696811 0.0245611
152 N 152 0.0963507 0.0032976 0.0659697 0.1584084 0.0000000 0.0270743 0.1122106 0.0691233 0.0234959 0.0050956 0.0260364 0.0874394 0.0238907 0.0000000 0.0908650 0.1313170 0.0677771 0.0000000 0.0030817 0.0085665
153 L 153 0.1084355 0.0000000 0.0717604 0.0364073 0.0049619 0.0299062 0.0723013 0.0563165 0.0016936 0.0271956 0.0320213 0.0976561 0.0044644 0.0305619 0.1000597 0.0960990 0.1594532 0.0119712 0.0000000 0.0587347
154 Q 154 0.1153091 0.0076122 0.1238905 0.1031829 0.0000000 0.0893919 0.1738664 0.0130094 0.0000000 0.0301775 0.0447629 0.0897168 0.0086132 0.0000000 0.0201104 0.0726665 0.0796415 0.0000000 0.0049851 0.0230637
155 K 155 0.0402818 0.0294437 0.0843617 0.0802865 0.0000000 0.0748192 0.0720356 0.0344760 0.0086387 0.0368297 0.0205571 0.1874784 0.0033432 0.0239874 0.0545978 0.0724619 0.0940875 0.0064886 0.0265649 0.0492604
156 L 156 0.0725526 0.0293500 0.0896804 0.0393705 0.0000000 0.0215520 0.0491636 0.0193569 0.0000000 0.0616625 0.1750670 0.1517690 0.0000000 0.0198940 0.0962487 0.0792299 0.0497376 0.0000000 0.0073272 0.0380380
157 L 157 0.0777293 0.0117577 0.0215505 0.0377859 0.0000000 0.0758971 0.1115919 0.0191777 0.0036061 0.0506128 0.1043064 0.0956991 0.0070943 0.0231529 0.0843675 0.0936379 0.1024628 0.0000000 0.0130971 0.0664731
158 A 158 0.1138146 0.0210005 0.1014463 0.1413471 0.0000000 0.0852054 0.0992666 0.1022933 0.0000000 0.0048794 0.0081049 0.0562067 0.0098634 0.0072997 0.0338606 0.1034204 0.0917941 0.0000000 0.0085093 0.0116876
159 P 159 0.0512025 0.0178564 0.0407710 0.0766723 0.0042650 0.0227088 0.0804026 0.0748746 0.0000000 0.0564312 0.0371072 0.1097909 0.0000000 0.0092473 0.1889461 0.0457591 0.1328313 0.0057109 0.0039966 0.0414262
160 Y 160 0.0538512 0.0049392 0.1291047 0.0491996 0.0000000 0.0441729 0.1080518 0.0138432 0.0080969 0.0491076 0.0572046 0.1060260 0.0000000 0.0083433 0.0621910 0.1166791 0.0809083 0.0000000 0.0593915 0.0488892
161 H 161 0.0352271 0.0138510 0.2033933 0.1249851 0.0000000 0.0127198 0.1015792 0.0597963 0.0146181 0.0000000 0.0101458 0.0969684 0.0000000 0.0127680 0.0988598 0.0792440 0.0947494 0.0000000 0.0061101 0.0349845
162 K 162 0.0697103 0.0000000 0.1002762 0.0714676 0.0000000 0.0348509 0.1470086 0.0548226 0.0000000 0.0089618 0.0241180 0.1784984 0.0059888 0.0000000 0.0353581 0.0986285 0.0972002 0.0038910 0.0000000 0.0692189
163 A 163 0.1263064 0.0068269 0.0576613 0.0389665 0.0000000 0.0729444 0.0863073 0.0361035 0.0039133 0.0270575 0.0367200 0.0090942 0.0046219 0.0364440 0.0862330 0.1271472 0.1799599 0.0000000 0.0070924 0.0566003
164 K 164 0.0431758 0.0049535 0.0906693 0.1257178 0.0000000 0.0510185 0.0722529 0.0807197 0.0031012 0.0018500 0.0133954 0.2908968 0.0139733 0.0071607 0.0315531 0.0536860 0.0715134 0.0000000 0.0193229 0.0250397
165 T 165 0.0646701 0.0000000 0.0705069 0.0504058 0.0000000 0.0498387 0.0658957 0.0574859 0.0053194 0.0096039 0.0243677 0.0919945 0.0000000 0.0037394 0.1527727 0.0889500 0.1880506 0.0000000 0.0103650 0.0660335
166 L 166 0.0790321 0.0136702 0.1082913 0.0831225 0.0000000 0.0371967 0.1325072 0.0374260 0.0058938 0.0270129 0.0858270 0.0651257 0.0030451 0.0000000 0.0913257 0.0495575 0.0971074 0.0064326 0.0023827 0.0750435
167 E 167 0.0364297 0.0000000 0.0870382 0.1381796 0.0000000 0.1173711 0.1883680 0.0725591 0.0074353 0.0000000 0.0132951 0.0442723 0.0000000 0.0058905 0.0777581 0.0718970 0.1050608 0.0000000 0.0000000 0.0344452
168 R 168 0.0374811 0.0535148 0.2116089 0.0659845 0.0000000 0.0189060 0.0392228 0.0421729 0.0000000 0.0041036 0.0104477 0.2228630 0.0148734 0.0000000 0.0559883 0.0593635 0.1017538 0.0000000 0.0036921 0.0580235
169 Q 169 0.0634403 0.0115780 0.1427191 0.0389080 0.0000000 0.1350287 0.1410088 0.0875273 0.0041830 0.0063397 0.0255825 0.0796407 0.0032454 0.0026220 0.1263385 0.0345916 0.0502142 0.0000000 0.0126756 0.0343567
170 V 170 0.0768194 0.0151087 0.0408454 0.0937367 0.0000000 0.0315984 0.0489977 0.1042352 0.0000000 0.0573867 0.0452256 0.1414713 0.0000000 0.0121491 0.0439477 0.0844054 0.1120426 0.0000000 0.0075786 0.0844515
171 Y 171 0.0154365 0.0000000 0.0980439 0.0518369 0.0000000 0.0674818 0.0516449 0.0896615 0.0080053 0.0128440 0.0567853 0.0941547 0.0112841 0.0131586 0.0914495 0.0981911 0.0879643 0.0000000 0.0456768 0.1063810
172 E 172 0.0462555 0.0225815 0.0975810 0.1036086 0.0000000 0.0527391 0.1828234 0.0246301 0.0000000 0.0357020 0.0081974 0.1614029 0.0000000 0.0078296 0.0267059 0.0618913 0.1067836 0.0000000 0.0036650 0.0576031
173 L 173 0.0588037 0.0043400 0.0937231 0.1290019 0.0000000 0.0161732 0.0417684 0.0325254 0.0140992 0.0492979 0.0988425 0.0353483 0.0093615 0.0523366 0.1592799 0.0668752 0.0818880 0.0000000 0.0102976 0.0460377
174 E 174 0.0887325 0.0177647 0.1857746 0.1214713 0.0000000 0.0407263 0.1493352 0.0657776 0.0069365 0.0284792 0.0072526 0.1067394 0.0129992 0.0000000 0.0440693 0.0643247 0.0466545 0.0000000 0.0048707 0.0080916
175 K 175 0.0441778 0.0252127 0.0821008 0.0909830 0.0000000 0.1339153 0.0497805 0.0370106 0.0000000 0.0209512 0.0190114 0.1810975 0.0044861 0.0055789 0.1089033 0.0596531 0.0897488 0.0000000 0.0043181 0.0430710
176 L 176 0.0700911 0.0036891 0.0838790 0.1093504 0.0000000 0.0324340 0.0637831 0.0923057 0.0037544 0.0971154 0.0451314 0.0987107 0.0093163 0.0056436 0.1051428 0.0596993 0.0580353 0.0000000 0.0055045 0.0564137
177 Q 177 0.0591301 0.0000000 0.0793778 0.0253683 0.0000000 0.1072393 0.1390642 0.0870520 0.0016581 0.0195203 0.0185732 0.1226376 0.0035799 0.0081839 0.0408508 0.0654460 0.0918124 0.0000000 0.0312929 0.0992129
178 E 178 0.0682591 0.0067564 0.1086129 0.1276367 0.0000000 0.0798360 0.1030491 0.0021719 0.0105907 0.0142007 0.0343897 0.0585831 0.0016587 0.0186944 0.0283879 0.1283314 0.0996742 0.0000000 0.0124871 0.0966799
179 K 179 0.0509646 0.0089998 0.0765047 0.0980101 0.0000000 0.0530859 0.1255429 0.0857100 0.0218017 0.0303708 0.0249508 0.1164473 0.0000000 0.0188164 0.1129174 0.0970381 0.0495619 0.0000000 0.0000000 0.0292775
180 L 180 0.0342940 0.0110398 0.1816605 0.1219783 0.0000000 0.0847230 0.0382675 0.0288532 0.0070613 0.0202813 0.0600884 0.1124103 0.0000000 0.0000000 0.0736400 0.0599901 0.1222658 0.0000000 0.0111631 0.0322832
181 P 181 0.0423995 0.0105129 0.1010638 0.0448479 0.0000000 0.1204253 0.0443919 0.0418954 0.0042710 0.0069110 0.0157089 0.1487247 0.0046235 0.0031845 0.2801346 0.0814546 0.0404191 0.0000000 0.0000000 0.0090313
182 E 182 0.0914599 0.0068017 0.0468488 0.1726634 0.0000000 0.0238988 0.1705124 0.1207528 0.0080852 0.0287810 0.0227411 0.0915675 0.0000000 0.0000000 0.0178495 0.0810154 0.1030833 0.0000000 0.0042756 0.0096639
183 K 183 0.1256044 0.0124198 0.1083250 0.0256131 0.0000000 0.0360400 0.0483533 0.0876634 0.0114022 0.0430597 0.0217061 0.1602044 0.0040592 0.0134321 0.0262781 0.0768617 0.0738453 0.0142530 0.0087435 0.1021357
184 Y 184 0.0400151 0.0067157 0.1570381 0.0458563 0.0000000 0.0383584 0.1455507 0.0077383 0.0082503 0.0537716 0.0733949 0.0858910 0.0084838 0.0048334 0.0628839 0.0711006 0.0647365 0.0000000 0.0386142 0.0867673
185 K 185 0.0781307 0.0303000 0.0619658 0.0997393 0.0000000 0.0423871 0.0285111 0.0272412 0.0128636 0.0320971 0.0254644 0.1652637 0.0039882 0.0039728 0.0876261 0.0974732 0.1476182 0.0000000 0.0000000 0.0553575
186 A 186 0.1341141 0.0618365 0.1479032 0.0566466 0.0000000 0.0608614 0.0379865 0.0766886 0.0000000 0.0000000 0.0189181 0.0415762 0.0000000 0.0000000 0.0988336 0.1001753 0.0930640 0.0000000 0.0130554 0.0583405
187 E 187 0.0597597 0.0068181 0.0964018 0.0268448 0.0000000 0.1446378 0.1160665 0.0324123 0.0097359 0.0305534 0.0185458 0.1069060 0.0000000 0.0000000 0.0864582 0.0781527 0.1202292 0.0000000 0.0000000 0.0664778
188 Y 188 0.0860996 0.0000000 0.0939438 0.0639471 0.0000000 0.0611582 0.0582098 0.0932634 0.0047785 0.0533264 0.0221663 0.0487105 0.0000000 0.0057694 0.0250038 0.0626349 0.1276308 0.0000000 0.0727770 0.1205805
189 K 189 0.0493211 0.0077314 0.0751117 0.0354608 0.0000000 0.0378201 0.1307804 0.1292464 0.0049029 0.0147721 0.0190252 0.2127309 0.0000000 0.0159910 0.0729867 0.0878121 0.0959256 0.0000000 0.0000000 0.0103816
