   49         A         R         N         D         C         Q         E         G         H         I         L         K         M         F         P         S         T         W         Y         V         X    
  1 A   1 0.0575677 0.0000000 0.0000000 0.0000000 0.0000000 0.0000000 0.0000000 0.0000000 0.0000000 0.0000000 0.0000000 0.0000000 0.0000000 0.0000000 0.0000000 0.0105285 0.0000000 0.0000000 0.0000000 0.0000000 0.9319038
  2 Q   2 0.0000000 0.0000000 0.3480473 0.0000000 0.0000000 0.0383587 0.0000000 0.3452595 0.0000000 0.0000000 0.0000000 0.0050392 0.0000000 0.0000000 0.0000000 0.0237988 0.0053878 0.0000000 0.0000000 0.0000000 0.2341087
  3 Q   3 0.0000000 0.0193083 0.0000000 0.0000000 0.0000000 0.5228257 0.0050392 0.0032411 0.0065670 0.0000000 0.0000000 0.0203011 0.0000000 0.0033640 0.1939688 0.0351119 0.0102641 0.0000000 0.0000000 0.0000000 0.1800087
  4 R   4 0.0000000 0.6292356 0.0030225 0.0000000 0.0000000 0.0753334 0.0053232 0.0239932 0.0000000 0.0000000 0.0000000 0.1734239 0.0000000 0.0000000 0.0000000 0.0000000 0.0031391 0.0000000 0.0000000 0.0000000 0.0865292
  5 K   5 0.0000000 0.2999942 0.0000000 0.0000000 0.0000000 0.0042122 0.0000000 0.0312686 0.0000000 0.0000000 0.0000000 0.5835807 0.0000000 0.0000000 0.0000000 0.0000000 0.0036658 0.0000000 0.0000000 0.0000000 0.0772785
  6 V   6 0.0356343 0.1027723 0.0320768 0.0034103 0.0014860 0.0017055 0.0000000 0.0021040 0.0000000 0.2547656 0.0018170 0.0242553 0.0128739 0.0033002 0.1186740 0.0200506 0.2301154 0.0000000 0.0000000 0.0380946 0.1168641
  7 I   7 0.0048519 0.0000000 0.0000000 0.0000000 0.0000000 0.0000000 0.0000000 0.0000000 0.0000000 0.3901287 0.0088229 0.0000000 0.0000000 0.0000000 0.0042543 0.0000000 0.0000000 0.0000000 0.0000000 0.5186817 0.0732604
  8 R   8 0.0000000 0.0237042 0.0000000 0.0000000 0.0000000 0.0081082 0.0000000 0.0000000 0.0000000 0.0000000 0.0000000 0.9081001 0.0000000 0.0000000 0.0000000 0.0000000 0.0157133 0.0000000 0.0000000 0.0000000 0.0443742
  9 C   9 0.0000000 0.0000000 0.0000000 0.0000000 0.9291287 0.0000000 0.0000000 0.0000000 0.0000000 0.0000000 0.0000000 0.0000000 0.0000000 0.0000000 0.0000000 0.0000000 0.0000000 0.0000000 0.0171621 0.0000000 0.0537091
 10 W  10 0.0000000 0.0000000 0.0000000 0.0000000 0.0000000 0.0000000 0.0000000 0.0000000 0.0000000 0.0000000 0.0000000 0.0000000 0.0000000 0.8529558 0.0000000 0.0049382 0.0000000 0.0781561 0.0215471 0.0000000 0.0424027
 11 N  11 0.0000000 0.0000000 0.9444305 0.0000000 0.0000000 0.0000000 0.0000000 0.0000000 0.0000000 0.0000000 0.0000000 0.0000000 0.0000000 0.0000000 0.0000000 0.0070611 0.0000000 0.0000000 0.0000000 0.0000000 0.0485084
 12 C  12 0.0000000 0.0000000 0.0000000 0.0000000 0.9287288 0.0000000 0.0000000 0.0000000 0.0000000 0.0000000 0.0000000 0.0000000 0.0000000 0.0000000 0.0000000 0.0241297 0.0000000 0.0000000 0.0000000 0.0000000 0.0471415
 13 G  13 0.0000000 0.0000000 0.0000000 0.0000000 0.0000000 0.0000000 0.0000000 0.9474474 0.0000000 0.0000000 0.0000000 0.0000000 0.0000000 0.0000000 0.0000000 0.0166157 0.0000000 0.0000000 0.0000000 0.0000000 0.0359369
 14 K  14 0.0000000 0.0505057 0.0188198 0.0000000 0.0000000 0.0000000 0.0043360 0.0000000 0.0000000 0.0000000 0.0000000 0.8802586 0.0000000 0.0000000 0.0000000 0.0000000 0.0000000 0.0000000 0.0000000 0.0000000 0.0460800
 15 E  15 0.0068868 0.0000000 0.0000000 0.0260167 0.0000000 0.0078325 0.8233734 0.0026906 0.0000000 0.0055890 0.0000000 0.0028482 0.0021163 0.0000000 0.0000000 0.0000000 0.0283039 0.0000000 0.0000000 0.0433074 0.0510351
 16 G  16 0.0000000 0.0166157 0.0000000 0.0000000 0.0000000 0.0000000 0.0000000 0.9281301 0.0000000 0.0000000 0.0000000 0.0000000 0.0000000 0.0000000 0.0000000 0.0000000 0.0000000 0.0000000 0.0000000 0.0000000 0.0552542
 17 H  17 0.0000000 0.0000000 0.0000000 0.0000000 0.0000000 0.0000000 0.0000000 0.0000000 0.9585478 0.0000000 0.0000000 0.0000000 0.0000000 0.0000000 0.0000000 0.0000000 0.0000000 0.0000000 0.0000000 0.0000000 0.0414522
 18 S  18 0.0000000 0.0000000 0.0000000 0.0000000 0.0000000 0.0000000 0.0000000 0.0000000 0.0000000 0.5921892 0.2243606 0.0000000 0.0030332 0.0000000 0.0000000 0.0626767 0.0422541 0.0000000 0.0000000 0.0206547 0.0548315
 19 A  19 0.9028228 0.0000000 0.0000000 0.0000000 0.0000000 0.0000000 0.0000000 0.0000000 0.0000000 0.0000000 0.0000000 0.0000000 0.0000000 0.0000000 0.0000000 0.0311897 0.0217475 0.0000000 0.0000000 0.0000000 0.0442400
 20 R  20 0.0000000 0.5314171 0.0181431 0.0000000 0.0000000 0.0036572 0.0000000 0.0039441 0.0000000 0.0000000 0.0000000 0.3752800 0.0000000 0.0000000 0.0000000 0.0000000 0.0000000 0.0000000 0.0000000 0.0000000 0.0675585
 21 Q  21 0.0000000 0.0000000 0.8316354 0.0000000 0.0000000 0.0781561 0.0000000 0.0000000 0.0246895 0.0033524 0.0000000 0.0000000 0.0000000 0.0000000 0.0000000 0.0034614 0.0000000 0.0000000 0.0046757 0.0000000 0.0540296
 22 C  22 0.0000000 0.0000000 0.0000000 0.0000000 0.9640631 0.0000000 0.0000000 0.0000000 0.0000000 0.0000000 0.0000000 0.0000000 0.0000000 0.0000000 0.0000000 0.0000000 0.0000000 0.0000000 0.0000000 0.0000000 0.0359369
 23 R  23 0.0000000 0.8872172 0.0000000 0.0000000 0.0000000 0.0000000 0.0000000 0.0000000 0.0000000 0.0000000 0.0000000 0.1003857 0.0000000 0.0000000 0.0000000 0.0000000 0.0000000 0.0000000 0.0000000 0.0000000 0.0123971
 24 A  24 0.9370902 0.0000000 0.0000000 0.0000000 0.0000000 0.0000000 0.0000000 0.0050092 0.0000000 0.0000000 0.0000000 0.0429495 0.0000000 0.0000000 0.0000000 0.0080826 0.0000000 0.0000000 0.0000000 0.0000000 0.0068685
 25 P  25 0.0000000 0.0000000 0.0241297 0.0000000 0.0000000 0.0000000 0.0000000 0.0000000 0.0000000 0.0000000 0.0000000 0.0000000 0.0000000 0.0000000 0.9687851 0.0000000 0.0000000 0.0000000 0.0000000 0.0000000 0.0070852
 26 R  26 0.0000000 0.9719187 0.0000000 0.0000000 0.0000000 0.0000000 0.0000000 0.0053740 0.0000000 0.0000000 0.0000000 0.0064518 0.0000000 0.0000000 0.0000000 0.0000000 0.0000000 0.0000000 0.0000000 0.0000000 0.0162555
 27 R  27 0.0000000 0.1384500 0.0000000 0.0000000 0.0000000 0.0000000 0.0000000 0.0000000 0.0000000 0.0000000 0.0000000 0.8365924 0.0000000 0.0000000 0.0000000 0.0000000 0.0143115 0.0000000 0.0000000 0.0000000 0.0106461
 28 Q  28 0.0000000 0.1236772 0.0000000 0.0000000 0.0000000 0.0826461 0.0000000 0.0073489 0.0000000 0.0000000 0.0000000 0.7672528 0.0000000 0.0000000 0.0000000 0.0000000 0.0000000 0.0000000 0.0000000 0.0000000 0.0190750
 29 G  29 0.0000000 0.0000000 0.0036572 0.0188198 0.0000000 0.0000000 0.0241297 0.9353976 0.0000000 0.0000000 0.0000000 0.0000000 0.0000000 0.0000000 0.0000000 0.0105308 0.0000000 0.0000000 0.0000000 0.0000000 0.0074650
 30 C  30 0.0000000 0.0105308 0.0000000 0.0000000 0.9714626 0.0000000 0.0000000 0.0000000 0.0000000 0.0000000 0.0000000 0.0000000 0.0000000 0.0000000 0.0000000 0.0000000 0.0000000 0.0000000 0.0000000 0.0000000 0.0180066
 31 W  31 0.0000000 0.0054230 0.0000000 0.0000000 0.0083031 0.0000000 0.0000000 0.0000000 0.0000000 0.0000000 0.0000000 0.0000000 0.0000000 0.0000000 0.0000000 0.0000000 0.0000000 0.9791752 0.0000000 0.0000000 0.0070986
 32 K  32 0.0000000 0.0149202 0.0043548 0.0000000 0.0000000 0.0000000 0.0000000 0.0000000 0.0000000 0.0131053 0.0000000 0.9521798 0.0000000 0.0000000 0.0000000 0.0000000 0.0000000 0.0000000 0.0000000 0.0000000 0.0154398
 33 C  33 0.0000000 0.0000000 0.0000000 0.0000000 0.9858030 0.0000000 0.0000000 0.0000000 0.0000000 0.0000000 0.0000000 0.0000000 0.0000000 0.0000000 0.0000000 0.0000000 0.0000000 0.0000000 0.0000000 0.0000000 0.0141970
 34 G  34 0.0000000 0.0226587 0.0000000 0.0000000 0.0000000 0.0000000 0.0000000 0.9642359 0.0000000 0.0000000 0.0000000 0.0000000 0.0000000 0.0000000 0.0000000 0.0000000 0.0000000 0.0000000 0.0000000 0.0131053 0.0000000
 35 K  35 0.0000000 0.1800997 0.0030906 0.0000000 0.0000000 0.1021770 0.0056539 0.0050855 0.0000000 0.0000000 0.0000000 0.6830296 0.0000000 0.0000000 0.0000000 0.0037153 0.0000000 0.0000000 0.0000000 0.0000000 0.0171483
 36 T  36 0.0117451 0.0000000 0.0000000 0.0042431 0.0000000 0.0157133 0.9011905 0.0080358 0.0000000 0.0000000 0.0000000 0.0029666 0.0185742 0.0000000 0.0134805 0.0084194 0.0102238 0.0000000 0.0000000 0.0000000 0.0054078
 37 G  37 0.0000000 0.0000000 0.0000000 0.0185742 0.0000000 0.0000000 0.0000000 0.9724354 0.0000000 0.0000000 0.0000000 0.0000000 0.0000000 0.0000000 0.0000000 0.0000000 0.0000000 0.0000000 0.0000000 0.0000000 0.0089904
 38 H  38 0.0000000 0.0000000 0.0000000 0.0059765 0.0000000 0.0000000 0.0000000 0.0000000 0.9817488 0.0000000 0.0000000 0.0000000 0.0000000 0.0000000 0.0054534 0.0000000 0.0000000 0.0000000 0.0000000 0.0000000 0.0068213
 39 V  39 0.0000000 0.0038589 0.0042342 0.0000000 0.0000000 0.8793858 0.0000000 0.0000000 0.0000000 0.0438482 0.0097932 0.0000000 0.0000000 0.0000000 0.0000000 0.0000000 0.0000000 0.0000000 0.0000000 0.0343079 0.0245717
 40 M  40 0.0000000 0.0000000 0.0000000 0.0000000 0.0000000 0.0071021 0.0000000 0.0000000 0.0000000 0.0198496 0.0247389 0.0000000 0.9338079 0.0000000 0.0000000 0.0000000 0.0000000 0.0000000 0.0000000 0.0036850 0.0108165
 41 A  41 0.0624428 0.0160345 0.0000000 0.0000000 0.0000000 0.0000000 0.0000000 0.0000000 0.0000000 0.0000000 0.0000000 0.8970438 0.0000000 0.0000000 0.0000000 0.0157133 0.0000000 0.0000000 0.0000000 0.0000000 0.0087655
 42 K  42 0.0143115 0.0000000 0.0372746 0.8099648 0.0000000 0.0000000 0.0485506 0.0000000 0.0000000 0.0000000 0.0000000 0.0562563 0.0000000 0.0000000 0.0000000 0.0000000 0.0098792 0.0000000 0.0000000 0.0095131 0.0142500
 43 C  43 0.0098792 0.0000000 0.0000000 0.0000000 0.9636108 0.0000000 0.0000000 0.0000000 0.0000000 0.0000000 0.0000000 0.0000000 0.0000000 0.0000000 0.0000000 0.0000000 0.0000000 0.0000000 0.0188198 0.0000000 0.0076902
 44 P  44 0.0058373 0.0068940 0.0299789 0.0170002 0.0000000 0.0241297 0.0020888 0.0197482 0.0000000 0.0071457 0.0098792 0.0096370 0.0041559 0.0000000 0.0979154 0.0258566 0.6854983 0.0000000 0.0000000 0.0015424 0.0526923
 45 E  45 0.0081082 0.0000000 0.0175226 0.0429966 0.0000000 0.0000000 0.8208377 0.0348796 0.0000000 0.0000000 0.0000000 0.0587292 0.0000000 0.0000000 0.0000000 0.0000000 0.0000000 0.0000000 0.0000000 0.0000000 0.0169260
 46 R  46 0.0000000 0.8891194 0.0055878 0.0095131 0.0000000 0.0000000 0.0000000 0.0209043 0.0031557 0.0050378 0.0000000 0.0163631 0.0071021 0.0000000 0.0000000 0.0318016 0.0000000 0.0000000 0.0000000 0.0000000 0.0114152
 47 Q  47 0.0000000 0.0000000 0.0000000 0.0000000 0.0000000 0.9496983 0.0000000 0.0000000 0.0000000 0.0000000 0.0000000 0.0132598 0.0000000 0.0000000 0.0043441 0.0000000 0.0095131 0.0000000 0.0000000 0.0000000 0.0231847
 48 A  48 0.8971226 0.0000000 0.0000000 0.0043412 0.0000000 0.0000000 0.0000000 0.0000000 0.0000000 0.0000000 0.0000000 0.0000000 0.0000000 0.0000000 0.0000000 0.0000000 0.0070600 0.0000000 0.0000000 0.0516121 0.0398641
 49 G  49 0.0000000 0.0000000 0.8497140 0.0000000 0.0000000 0.0000000 0.0000000 0.0781561 0.0000000 0.0000000 0.0000000 0.0000000 0.0000000 0.0000000 0.0000000 0.0000000 0.0000000 0.0000000 0.0000000 0.0000000 0.0721299
