   49         A         R         N         D         C         Q         E         G         H         I         L         K         M         F         P         S         T         W         Y         V    
  1 A   1 0.8309643 0.0000000 0.0000000 0.0000000 0.0000000 0.0000000 0.0000000 0.0000000 0.0000000 0.0000000 0.0000000 0.0000000 0.0000000 0.0000000 0.0000000 0.1690357 0.0000000 0.0000000 0.0000000 0.0000000
  2 Q   2 0.0000000 0.0000000 0.4724299 0.0000000 0.0000000 0.0480508 0.0000000 0.4419011 0.0000000 0.0000000 0.0000000 0.0057133 0.0000000 0.0000000 0.0000000 0.0252455 0.0066595 0.0000000 0.0000000 0.0000000
  3 Q   3 0.0000000 0.0211070 0.0000000 0.0000000 0.0000000 0.6485952 0.0053843 0.0034743 0.0072940 0.0000000 0.0000000 0.0228244 0.0000000 0.0030810 0.2344059 0.0424117 0.0114221 0.0000000 0.0000000 0.0000000
  4 R   4 0.0000000 0.6975847 0.0029651 0.0000000 0.0000000 0.0796265 0.0053209 0.0243440 0.0000000 0.0000000 0.0000000 0.1871297 0.0000000 0.0000000 0.0000000 0.0000000 0.0030290 0.0000000 0.0000000 0.0000000
  5 K   5 0.0000000 0.3238268 0.0000000 0.0000000 0.0000000 0.0042960 0.0000000 0.0317312 0.0000000 0.0000000 0.0000000 0.6364670 0.0000000 0.0000000 0.0000000 0.0000000 0.0036790 0.0000000 0.0000000 0.0000000
  6 V   6 0.0382073 0.1137691 0.0393194 0.0034545 0.0014304 0.0016669 0.0000000 0.0017956 0.0000000 0.2862611 0.0017596 0.0267217 0.0131726 0.0034197 0.1284295 0.0222796 0.2656655 0.0000000 0.0000000 0.0526475
  7 I   7 0.0045064 0.0000000 0.0000000 0.0000000 0.0000000 0.0000000 0.0000000 0.0000000 0.0000000 0.4047678 0.0087091 0.0000000 0.0000000 0.0000000 0.0043115 0.0000000 0.0000000 0.0000000 0.0000000 0.5777052
  8 R   8 0.0000000 0.0245203 0.0000000 0.0000000 0.0000000 0.0076472 0.0000000 0.0000000 0.0000000 0.0000000 0.0000000 0.9521015 0.0000000 0.0000000 0.0000000 0.0000000 0.0157310 0.0000000 0.0000000 0.0000000
  9 C   9 0.0000000 0.0000000 0.0000000 0.0000000 0.9810626 0.0000000 0.0000000 0.0000000 0.0000000 0.0000000 0.0000000 0.0000000 0.0000000 0.0000000 0.0000000 0.0000000 0.0000000 0.0000000 0.0189374 0.0000000
 10 W  10 0.0000000 0.0000000 0.0000000 0.0000000 0.0000000 0.0000000 0.0000000 0.0000000 0.0000000 0.0000000 0.0000000 0.0000000 0.0000000 0.8932964 0.0000000 0.0049897 0.0000000 0.0806395 0.0210744 0.0000000
 11 N  11 0.0000000 0.0000000 0.9914286 0.0000000 0.0000000 0.0000000 0.0000000 0.0000000 0.0000000 0.0000000 0.0000000 0.0000000 0.0000000 0.0000000 0.0000000 0.0085714 0.0000000 0.0000000 0.0000000 0.0000000
 12 C  12 0.0000000 0.0000000 0.0000000 0.0000000 0.9729214 0.0000000 0.0000000 0.0000000 0.0000000 0.0000000 0.0000000 0.0000000 0.0000000 0.0000000 0.0000000 0.0270786 0.0000000 0.0000000 0.0000000 0.0000000
 13 G  13 0.0000000 0.0000000 0.0000000 0.0000000 0.0000000 0.0000000 0.0000000 0.9811709 0.0000000 0.0000000 0.0000000 0.0000000 0.0000000 0.0000000 0.0000000 0.0188291 0.0000000 0.0000000 0.0000000 0.0000000
 14 K  14 0.0000000 0.0523806 0.0192357 0.0000000 0.0000000 0.0000000 0.0043943 0.0000000 0.0000000 0.0000000 0.0000000 0.9239894 0.0000000 0.0000000 0.0000000 0.0000000 0.0000000 0.0000000 0.0000000 0.0000000
 15 E  15 0.0066013 0.0000000 0.0000000 0.0270513 0.0000000 0.0077097 0.8705974 0.0025348 0.0000000 0.0056798 0.0000000 0.0026426 0.0019450 0.0000000 0.0000000 0.0000000 0.0328835 0.0000000 0.0000000 0.0423546
 16 G  16 0.0000000 0.0192857 0.0000000 0.0000000 0.0000000 0.0000000 0.0000000 0.9807143 0.0000000 0.0000000 0.0000000 0.0000000 0.0000000 0.0000000 0.0000000 0.0000000 0.0000000 0.0000000 0.0000000 0.0000000
 17 H  17 0.0000000 0.0000000 0.0000000 0.0000000 0.0000000 0.0000000 0.0000000 0.0000000 1.0000000 0.0000000 0.0000000 0.0000000 0.0000000 0.0000000 0.0000000 0.0000000 0.0000000 0.0000000 0.0000000 0.0000000
 18 S  18 0.0000000 0.0000000 0.0000000 0.0000000 0.0000000 0.0000000 0.0000000 0.0000000 0.0000000 0.6412578 0.2265675 0.0000000 0.0032430 0.0000000 0.0000000 0.0656726 0.0423646 0.0000000 0.0000000 0.0208943
 19 A  19 0.9437558 0.0000000 0.0000000 0.0000000 0.0000000 0.0000000 0.0000000 0.0000000 0.0000000 0.0000000 0.0000000 0.0000000 0.0000000 0.0000000 0.0000000 0.0339801 0.0222641 0.0000000 0.0000000 0.0000000
 20 R  20 0.0000000 0.5662508 0.0170108 0.0000000 0.0000000 0.0036665 0.0000000 0.0039639 0.0000000 0.0000000 0.0000000 0.4091080 0.0000000 0.0000000 0.0000000 0.0000000 0.0000000 0.0000000 0.0000000 0.0000000
 21 Q  21 0.0000000 0.0000000 0.8818208 0.0000000 0.0000000 0.0817045 0.0000000 0.0000000 0.0249929 0.0032851 0.0000000 0.0000000 0.0000000 0.0000000 0.0000000 0.0036686 0.0000000 0.0000000 0.0045281 0.0000000
 22 C  22 0.0000000 0.0000000 0.0000000 0.0000000 1.0000000 0.0000000 0.0000000 0.0000000 0.0000000 0.0000000 0.0000000 0.0000000 0.0000000 0.0000000 0.0000000 0.0000000 0.0000000 0.0000000 0.0000000 0.0000000
 23 R  23 0.0000000 0.8907273 0.0000000 0.0000000 0.0000000 0.0000000 0.0000000 0.0000000 0.0000000 0.0000000 0.0000000 0.1092727 0.0000000 0.0000000 0.0000000 0.0000000 0.0000000 0.0000000 0.0000000 0.0000000
 24 A  24 0.9417605 0.0000000 0.0000000 0.0000000 0.0000000 0.0000000 0.0000000 0.0044581 0.0000000 0.0000000 0.0000000 0.0458995 0.0000000 0.0000000 0.0000000 0.0078818 0.0000000 0.0000000 0.0000000 0.0000000
 25 P  25 0.0000000 0.0000000 0.0267674 0.0000000 0.0000000 0.0000000 0.0000000 0.0000000 0.0000000 0.0000000 0.0000000 0.0000000 0.0000000 0.0000000 0.9732326 0.0000000 0.0000000 0.0000000 0.0000000 0.0000000
 26 R  26 0.0000000 0.9872323 0.0000000 0.0000000 0.0000000 0.0000000 0.0000000 0.0058227 0.0000000 0.0000000 0.0000000 0.0069450 0.0000000 0.0000000 0.0000000 0.0000000 0.0000000 0.0000000 0.0000000 0.0000000
 27 R  27 0.0000000 0.1408603 0.0000000 0.0000000 0.0000000 0.0000000 0.0000000 0.0000000 0.0000000 0.0000000 0.0000000 0.8420711 0.0000000 0.0000000 0.0000000 0.0000000 0.0170686 0.0000000 0.0000000 0.0000000
 28 Q  28 0.0000000 0.1340911 0.0000000 0.0000000 0.0000000 0.0862373 0.0000000 0.0072093 0.0000000 0.0000000 0.0000000 0.7724623 0.0000000 0.0000000 0.0000000 0.0000000 0.0000000 0.0000000 0.0000000 0.0000000
 29 G  29 0.0000000 0.0000000 0.0035693 0.0192203 0.0000000 0.0000000 0.0268034 0.9385461 0.0000000 0.0000000 0.0000000 0.0000000 0.0000000 0.0000000 0.0000000 0.0118609 0.0000000 0.0000000 0.0000000 0.0000000
 30 C  30 0.0000000 0.0119994 0.0000000 0.0000000 0.9880006 0.0000000 0.0000000 0.0000000 0.0000000 0.0000000 0.0000000 0.0000000 0.0000000 0.0000000 0.0000000 0.0000000 0.0000000 0.0000000 0.0000000 0.0000000
 31 W  31 0.0000000 0.0058133 0.0000000 0.0000000 0.0058757 0.0000000 0.0000000 0.0000000 0.0000000 0.0000000 0.0000000 0.0000000 0.0000000 0.0000000 0.0000000 0.0000000 0.0000000 0.9883110 0.0000000 0.0000000
 32 K  32 0.0000000 0.0158544 0.0044211 0.0000000 0.0000000 0.0000000 0.0000000 0.0000000 0.0000000 0.0118704 0.0000000 0.9678541 0.0000000 0.0000000 0.0000000 0.0000000 0.0000000 0.0000000 0.0000000 0.0000000
 33 C  33 0.0000000 0.0000000 0.0000000 0.0000000 1.0000000 0.0000000 0.0000000 0.0000000 0.0000000 0.0000000 0.0000000 0.0000000 0.0000000 0.0000000 0.0000000 0.0000000 0.0000000 0.0000000 0.0000000 0.0000000
 34 G  34 0.0000000 0.0239000 0.0000000 0.0000000 0.0000000 0.0000000 0.0000000 0.9644266 0.0000000 0.0000000 0.0000000 0.0000000 0.0000000 0.0000000 0.0000000 0.0000000 0.0000000 0.0000000 0.0000000 0.0116734
 35 K  35 0.0000000 0.1515553 0.0029414 0.0000000 0.0000000 0.1016710 0.0053828 0.0050993 0.0000000 0.0000000 0.0000000 0.7297721 0.0000000 0.0000000 0.0000000 0.0035782 0.0000000 0.0000000 0.0000000 0.0000000
 36 T  36 0.0117159 0.0000000 0.0000000 0.0040926 0.0000000 0.0157314 0.9046434 0.0082003 0.0000000 0.0000000 0.0000000 0.0027147 0.0199240 0.0000000 0.0142406 0.0084568 0.0102804 0.0000000 0.0000000 0.0000000
 37 G  37 0.0000000 0.0000000 0.0000000 0.0200233 0.0000000 0.0000000 0.0000000 0.9799767 0.0000000 0.0000000 0.0000000 0.0000000 0.0000000 0.0000000 0.0000000 0.0000000 0.0000000 0.0000000 0.0000000 0.0000000
 38 H  38 0.0000000 0.0000000 0.0000000 0.0062944 0.0000000 0.0000000 0.0000000 0.0000000 0.9878920 0.0000000 0.0000000 0.0000000 0.0000000 0.0000000 0.0058136 0.0000000 0.0000000 0.0000000 0.0000000 0.0000000
 39 V  39 0.0000000 0.0036985 0.0041033 0.0000000 0.0000000 0.9010546 0.0000000 0.0000000 0.0000000 0.0456451 0.0089599 0.0000000 0.0000000 0.0000000 0.0000000 0.0000000 0.0000000 0.0000000 0.0000000 0.0365385
 40 M  40 0.0000000 0.0000000 0.0000000 0.0000000 0.0000000 0.0061803 0.0000000 0.0000000 0.0000000 0.0191512 0.0270347 0.0000000 0.9440511 0.0000000 0.0000000 0.0000000 0.0000000 0.0000000 0.0000000 0.0035827
 41 A  41 0.0649931 0.0152517 0.0000000 0.0000000 0.0000000 0.0000000 0.0000000 0.0000000 0.0000000 0.0000000 0.0000000 0.9039324 0.0000000 0.0000000 0.0000000 0.0158228 0.0000000 0.0000000 0.0000000 0.0000000
 42 K  42 0.0171345 0.0000000 0.0371319 0.8176922 0.0000000 0.0000000 0.0507169 0.0000000 0.0000000 0.0000000 0.0000000 0.0582461 0.0000000 0.0000000 0.0000000 0.0000000 0.0099125 0.0000000 0.0000000 0.0091660
 43 C  43 0.0097607 0.0000000 0.0000000 0.0000000 0.9712003 0.0000000 0.0000000 0.0000000 0.0000000 0.0000000 0.0000000 0.0000000 0.0000000 0.0000000 0.0000000 0.0000000 0.0000000 0.0000000 0.0190390 0.0000000
 44 P  44 0.0059729 0.0063503 0.0311226 0.0175899 0.0000000 0.0282637 0.0021333 0.0211733 0.0000000 0.0076466 0.0103905 0.0092742 0.0038168 0.0000000 0.1052861 0.0304669 0.7190507 0.0000000 0.0000000 0.0014623
 45 E  45 0.0076981 0.0000000 0.0164004 0.0435917 0.0000000 0.0000000 0.8356762 0.0356831 0.0000000 0.0000000 0.0000000 0.0609505 0.0000000 0.0000000 0.0000000 0.0000000 0.0000000 0.0000000 0.0000000 0.0000000
 46 R  46 0.0000000 0.9029834 0.0047643 0.0090608 0.0000000 0.0000000 0.0000000 0.0203130 0.0028566 0.0047444 0.0000000 0.0157292 0.0061377 0.0000000 0.0000000 0.0334107 0.0000000 0.0000000 0.0000000 0.0000000
 47 Q  47 0.0000000 0.0000000 0.0000000 0.0000000 0.0000000 0.9747326 0.0000000 0.0000000 0.0000000 0.0000000 0.0000000 0.0116651 0.0000000 0.0000000 0.0044281 0.0000000 0.0091742 0.0000000 0.0000000 0.0000000
 48 A  48 0.9359456 0.0000000 0.0000000 0.0044839 0.0000000 0.0000000 0.0000000 0.0000000 0.0000000 0.0000000 0.0000000 0.0000000 0.0000000 0.0000000 0.0000000 0.0000000 0.0074542 0.0000000 0.0000000 0.0521163
 49 G  49 0.0000000 0.0000000 0.9151897 0.0000000 0.0000000 0.0000000 0.0000000 0.0848103 0.0000000 0.0000000 0.0000000 0.0000000 0.0000000 0.0000000 0.0000000 0.0000000 0.0000000 0.0000000 0.0000000 0.0000000
