  147         A         R         N         D         C         Q         E         G         H         I         L         K         M         F         P         S         T         W         Y         V    
  1 G   1 0.1326996 0.0000000 0.0000000 0.0000000 0.0000000 0.0000000 0.0000000 0.3430570 0.0000000 0.0000000 0.0000000 0.0000000 0.0000000 0.0000000 0.0000000 0.5242434 0.0000000 0.0000000 0.0000000 0.0000000
  2 K   2 0.1129037 0.1284637 0.0136108 0.0183372 0.0000000 0.0085448 0.0565370 0.0509040 0.0141104 0.0000000 0.0000000 0.3049256 0.0092386 0.0000000 0.0106682 0.1862570 0.0565299 0.0000000 0.0000000 0.0289690
  3 I   3 0.0622350 0.0538595 0.0300961 0.0150043 0.0000000 0.0254903 0.0057362 0.0091867 0.0000000 0.0432845 0.0077552 0.0472366 0.0050643 0.0000000 0.3324771 0.1336666 0.1008935 0.0000000 0.0045773 0.1234366
  4 K   4 0.0583361 0.0123238 0.0390629 0.0778003 0.0000000 0.0337258 0.0205290 0.0102024 0.0090835 0.0168991 0.0000000 0.3790833 0.0000000 0.0000000 0.2699510 0.0651975 0.0078054 0.0000000 0.0000000 0.0000000
  5 A   5 0.2044439 0.0525031 0.0292675 0.0043806 0.0106822 0.1537780 0.0095766 0.1213982 0.0110930 0.0141200 0.0032266 0.1022489 0.0142481 0.0164014 0.1277276 0.0561126 0.0220245 0.0000000 0.0062226 0.0405447
  6 K   6 0.0857615 0.0833361 0.0049194 0.0000000 0.0000000 0.0536815 0.0150547 0.0241991 0.0021826 0.0314092 0.1816207 0.1691788 0.0076173 0.0082794 0.1027467 0.0120350 0.0312803 0.0106533 0.0056060 0.1704384
  7 E   7 0.0091124 0.2146142 0.0030291 0.0286338 0.0729242 0.0071218 0.4646055 0.0037580 0.0000000 0.0191866 0.0036804 0.0511485 0.0569403 0.0031949 0.0344850 0.0131634 0.0111951 0.0000000 0.0000000 0.0032068
  8 Y   8 0.0075408 0.0887277 0.0108921 0.1286658 0.0070751 0.1299520 0.0205573 0.0050077 0.0022497 0.0071607 0.0614238 0.1426248 0.0075541 0.0391764 0.0000000 0.0000000 0.0978700 0.0549343 0.1820124 0.0065751
  9 C   9 0.0791444 0.0000000 0.0000000 0.0000000 0.3136692 0.0000000 0.0000000 0.1090150 0.0000000 0.0000000 0.0000000 0.0000000 0.0000000 0.0052844 0.0000000 0.0000000 0.0000000 0.0000000 0.1297569 0.3631300
 10 R  10 0.0000000 0.3891083 0.0000000 0.0000000 0.0000000 0.0285729 0.0205979 0.0000000 0.0000000 0.1817002 0.0000000 0.1980011 0.0169664 0.0000000 0.0016741 0.0023868 0.1032484 0.0000000 0.0000000 0.0577439
 11 T  11 0.4841880 0.0000000 0.0000000 0.0000000 0.0053112 0.0000000 0.0000000 0.0338856 0.0000000 0.0034003 0.0000000 0.0000000 0.0000000 0.0000000 0.0000000 0.0069513 0.1657312 0.0000000 0.0000000 0.3005324
 12 L  12 0.0353003 0.0086083 0.0297924 0.0000000 0.0000000 0.0088879 0.1092223 0.0000000 0.0000000 0.0574948 0.6007075 0.0276535 0.0902367 0.0054239 0.0000000 0.0000000 0.0085538 0.0000000 0.0000000 0.0181187
 13 F  13 0.0729700 0.0000000 0.0000000 0.0000000 0.0000000 0.0109249 0.0000000 0.0030650 0.0072682 0.0029392 0.0015792 0.0069601 0.0000000 0.3042216 0.0000000 0.0597039 0.0000000 0.0000000 0.5214134 0.0089545
 14 A  14 0.0342022 0.0089260 0.0694067 0.5414340 0.0056438 0.0036229 0.0568567 0.0103715 0.0051748 0.0000000 0.0000000 0.0000000 0.0000000 0.0000000 0.1167974 0.1178836 0.0265397 0.0000000 0.0031407 0.0000000
 15 Y  15 0.0052283 0.0000000 0.0000000 0.0022857 0.0046169 0.0000000 0.0000000 0.0000000 0.0079185 0.0000000 0.0000000 0.0000000 0.0000000 0.2150585 0.0000000 0.0000000 0.0000000 0.0000000 0.7648921 0.0000000
 16 E  16 0.0387132 0.0115503 0.1465883 0.1164395 0.0000000 0.0878172 0.2248021 0.0154101 0.0039058 0.0369181 0.0218846 0.0879128 0.0117733 0.0000000 0.0042729 0.0538884 0.0814805 0.0000000 0.0000000 0.0566426
 17 G  17 0.4774509 0.0000000 0.0000000 0.0000000 0.0000000 0.0347418 0.0163855 0.0936679 0.0000000 0.1403366 0.0110364 0.0000000 0.0043967 0.0000000 0.1441919 0.0705376 0.0000000 0.0000000 0.0000000 0.0072548
 18 T  18 0.0514623 0.0681438 0.0408604 0.0442760 0.0087303 0.4274630 0.0849906 0.0000000 0.0000000 0.0036660 0.0155667 0.0452885 0.0077688 0.0035647 0.0014175 0.0355813 0.0916660 0.0000000 0.0000000 0.0695541
 19 N  19 0.0787657 0.0019184 0.3768451 0.0449369 0.0017104 0.0432990 0.1347715 0.0129869 0.0950429 0.0000000 0.0141922 0.1282278 0.0000000 0.0066443 0.0000000 0.0292788 0.0251008 0.0000000 0.0000000 0.0062794
 20 N  20 0.0568154 0.0292386 0.0347787 0.2342818 0.0000000 0.0315760 0.3772464 0.0222037 0.0362961 0.0066739 0.0080689 0.0254491 0.0024874 0.0055802 0.0895223 0.0079706 0.0181816 0.0000000 0.0053137 0.0083156
 21 D  21 0.0000000 0.0000000 0.0404331 0.6453295 0.0000000 0.0000000 0.0234478 0.1127882 0.0000000 0.0000000 0.0000000 0.0000000 0.0000000 0.0000000 0.0000000 0.1494598 0.0285415 0.0000000 0.0000000 0.0000000
 22 E  22 0.0071817 0.0000000 0.0000000 0.1077498 0.0000000 0.0000000 0.6849325 0.0208276 0.0000000 0.0022030 0.0000000 0.0060269 0.0000000 0.0000000 0.0000000 0.0330036 0.1380749 0.0000000 0.0000000 0.0000000
 23 L  23 0.0000000 0.0000000 0.0082304 0.0000000 0.0000000 0.0000000 0.0000000 0.0000000 0.0000000 0.0725561 0.8884046 0.0000000 0.0093126 0.0000000 0.0073488 0.0039590 0.0000000 0.0000000 0.0000000 0.0101886
 24 T  24 0.0652322 0.0062138 0.0192463 0.0275529 0.0242570 0.0108254 0.0735688 0.0054050 0.1219768 0.0101659 0.0102121 0.0379757 0.0000000 0.0000000 0.0086807 0.2826318 0.2852468 0.0000000 0.0036361 0.0071727
 25 F  25 0.0081001 0.0000000 0.0000000 0.0054631 0.0000000 0.0000000 0.0201883 0.0000000 0.0000000 0.1492485 0.3839385 0.0086455 0.0028471 0.4002481 0.0058748 0.0000000 0.0056626 0.0000000 0.0000000 0.0097834
 26 K  26 0.0313851 0.1212942 0.0685362 0.0074346 0.0064181 0.0896632 0.0471419 0.0147467 0.0420481 0.0035134 0.0156215 0.2154140 0.0067609 0.0000000 0.0170009 0.1273826 0.0399302 0.0000000 0.0000000 0.1457083
 27 E  27 0.0937210 0.0165208 0.0115901 0.0168875 0.0000000 0.0343880 0.1605767 0.0060046 0.0090569 0.0313849 0.0064482 0.2011889 0.0052388 0.0000000 0.0654571 0.0113797 0.1977018 0.0021392 0.0000000 0.1303158
 28 G  28 0.0000000 0.0032373 0.0269712 0.0414336 0.0093860 0.0139877 0.0132219 0.8598562 0.0026591 0.0000000 0.0000000 0.0000000 0.0000000 0.0000000 0.0000000 0.0237323 0.0055148 0.0000000 0.0000000 0.0000000
 29 E  29 0.0218137 0.0132040 0.0049565 0.5019118 0.0036308 0.0693936 0.1974499 0.0059243 0.0000000 0.0033765 0.0000000 0.1456266 0.0000000 0.0000000 0.0041374 0.0126372 0.0146009 0.0000000 0.0000000 0.0013367
 30 I  30 0.0000000 0.0217244 0.0060712 0.0000000 0.0000000 0.0296767 0.0223466 0.0000000 0.0052610 0.4121733 0.0615110 0.0129097 0.0079524 0.0000000 0.0075570 0.0061019 0.1873611 0.0000000 0.0000000 0.2193537
 31 I  31 0.0040025 0.0164362 0.0000000 0.0035145 0.0000000 0.0000000 0.0047104 0.0000000 0.0000000 0.7598045 0.0505744 0.0319712 0.0034609 0.0173621 0.0000000 0.0000000 0.0027027 0.0000000 0.0043591 0.1011014
 32 H  32 0.0188295 0.0721953 0.0529352 0.0322248 0.0025959 0.0720549 0.1653133 0.0207881 0.0371158 0.0362577 0.0501142 0.0619070 0.0184957 0.0103226 0.0000000 0.0236229 0.2901944 0.0000000 0.0173475 0.0176854
 33 L  33 0.0083701 0.0000000 0.0809924 0.0084833 0.0028920 0.0000000 0.0192286 0.0049271 0.0032245 0.1706910 0.2233652 0.0093176 0.0141941 0.0410002 0.0000000 0.0181814 0.0097465 0.0000000 0.0000000 0.3853861
 34 I  34 0.0025960 0.0043208 0.0000000 0.0409726 0.0000000 0.0186159 0.1556419 0.0000000 0.0092905 0.1871728 0.2341356 0.0255764 0.0205267 0.0179136 0.0140281 0.0129902 0.0834827 0.0000000 0.0064852 0.1662511
 35 S  35 0.0458621 0.0912228 0.0962292 0.0252015 0.0055909 0.0377561 0.0480072 0.0697402 0.0099207 0.0231360 0.0212783 0.1519453 0.0017822 0.0157817 0.0115844 0.0909984 0.0693854 0.0000000 0.0000000 0.1845775
 36 K  36 0.0015867 0.1254074 0.0107005 0.0371354 0.0000000 0.0334763 0.2869658 0.0109775 0.0106896 0.0049806 0.0155319 0.3740081 0.0268875 0.0049989 0.0000000 0.0097826 0.0076428 0.0067665 0.0000000 0.0324618
 37 E  37 0.0099284 0.0123866 0.0155357 0.1740462 0.0000000 0.0574905 0.2449274 0.0252194 0.0181177 0.0085215 0.0920444 0.0106676 0.0000000 0.0000000 0.1075999 0.1040728 0.1053746 0.0000000 0.0056998 0.0083674
 38 T  38 0.0939462 0.0047760 0.0477626 0.0806444 0.0300604 0.0621550 0.1199113 0.0157618 0.0087322 0.0258327 0.0277298 0.0033109 0.0000000 0.0125113 0.0323431 0.2426142 0.1224891 0.0041452 0.0098970 0.0553767
 39 G  39 0.0428294 0.0120853 0.0567866 0.2447524 0.0000000 0.0080648 0.0698359 0.1591934 0.0000000 0.0807962 0.0057933 0.0073118 0.0372371 0.0147282 0.0281752 0.0718560 0.0099776 0.0000000 0.0062302 0.1443464
 40 E  40 0.0062112 0.0069746 0.0135302 0.2752552 0.0000000 0.0146383 0.3351371 0.0075667 0.0016417 0.0081577 0.0313072 0.0166515 0.0020734 0.0131389 0.0191943 0.0327514 0.1879487 0.0000000 0.0220565 0.0057656
 41 A  41 0.0410011 0.0085586 0.0590523 0.1018873 0.0053111 0.0079810 0.1403669 0.1597735 0.0081218 0.1704885 0.0062657 0.0694029 0.0014805 0.0082341 0.1263961 0.0402662 0.0144401 0.0000000 0.0000000 0.0309723
 42 G  42 0.0171355 0.0000000 0.0370094 0.2193911 0.0105399 0.0011054 0.1452612 0.4615809 0.0059017 0.0065712 0.0109291 0.0033433 0.0000000 0.0063971 0.0057034 0.0308156 0.0107491 0.0073605 0.0131807 0.0070248
 43 W  43 0.0078683 0.0087224 0.1589391 0.0165656 0.0000000 0.0065380 0.0141897 0.0209487 0.0108442 0.0026216 0.0093943 0.0034069 0.0000000 0.0142166 0.0044547 0.0465188 0.0070501 0.6412431 0.0163091 0.0101688
 44 W  44 0.0049536 0.0099122 0.0000000 0.0000000 0.0102412 0.0141986 0.0241571 0.0048716 0.0020129 0.0204455 0.1047709 0.0000000 0.0355038 0.0150497 0.0000000 0.0039240 0.0123038 0.5366794 0.0281918 0.1727837
 45 R  45 0.0088907 0.0815503 0.0025377 0.0306838 0.0034042 0.0516996 0.2452806 0.0167882 0.0099816 0.0204139 0.0462007 0.3031056 0.0084246 0.0061116 0.0065770 0.0438011 0.0813742 0.0019810 0.0211130 0.0100807
 46 G  46 0.1387856 0.0219875 0.0086075 0.0133684 0.0073159 0.0231982 0.0034387 0.6206700 0.0040041 0.0132743 0.0194584 0.0161431 0.0045377 0.0106444 0.0000000 0.0544957 0.0197609 0.0000000 0.0000000 0.0203097
 47 E  47 0.0156378 0.0760431 0.0027926 0.0244924 0.0098399 0.0630922 0.3088017 0.0051617 0.0058106 0.0170038 0.0131158 0.2243422 0.0080129 0.0031833 0.0016717 0.0622591 0.1034354 0.0000000 0.0108737 0.0444302
 48 L  48 0.0101675 0.0201707 0.0277864 0.0108096 0.0171861 0.0075054 0.0188103 0.0109854 0.0153658 0.2559662 0.3459995 0.0424653 0.0114653 0.0248577 0.0010054 0.0259060 0.0343634 0.0091901 0.0307663 0.0792277
 49 N  49 0.0149470 0.0874008 0.3872828 0.0362881 0.0014465 0.1797058 0.0188164 0.0606341 0.0741162 0.0022884 0.0148267 0.0529894 0.0033853 0.0065995 0.0055043 0.0137179 0.0263335 0.0000000 0.0107330 0.0029844
 50 G  50 0.0208665 0.0460900 0.0507045 0.1811685 0.0000000 0.0139086 0.0335719 0.5470700 0.0127114 0.0068015 0.0091416 0.0171931 0.0000000 0.0022864 0.0044868 0.0213253 0.0065526 0.0000000 0.0218678 0.0042536
 51 K  51 0.0124096 0.1935050 0.0068195 0.0243210 0.0018612 0.0724144 0.0354843 0.0438280 0.0189390 0.0173194 0.0287101 0.4309035 0.0068391 0.0000000 0.0028817 0.0097245 0.0196036 0.0000000 0.0041735 0.0702625
 52 E  52 0.0125299 0.1479821 0.0147581 0.0214863 0.0070725 0.0393626 0.2290770 0.0172491 0.0027934 0.0820909 0.0575338 0.0385759 0.0176784 0.0116523 0.0000000 0.0666123 0.1491898 0.0015859 0.0099171 0.0728528
 53 G  53 0.0147259 0.0165726 0.0151414 0.0228917 0.0000000 0.0242324 0.0271860 0.7019409 0.0123866 0.0093759 0.0268134 0.0109288 0.0026339 0.0211990 0.0155116 0.0489400 0.0126346 0.0028773 0.0036238 0.0103841
 54 V  54 0.0463970 0.0213352 0.0093978 0.0160503 0.0127531 0.0345752 0.0280550 0.0267400 0.0091618 0.1891929 0.1874998 0.0065535 0.0756798 0.0501849 0.0008476 0.0159592 0.0037043 0.1016645 0.0426884 0.1215597
 55 F  55 0.0134965 0.0091014 0.0401162 0.0203631 0.0078910 0.0286774 0.0085858 0.0225032 0.0094803 0.0135460 0.0328002 0.0109967 0.0012181 0.5663971 0.1267870 0.0502812 0.0104561 0.0021282 0.0111150 0.0140598
 56 P  56 0.0018917 0.0238044 0.0166825 0.0140592 0.0109125 0.0090710 0.0247888 0.0204248 0.0105227 0.0365399 0.0240753 0.0173511 0.0000000 0.0191515 0.6836238 0.0363209 0.0111769 0.0090675 0.0146560 0.0158794
 57 D  57 0.0478608 0.0282812 0.0299395 0.3024061 0.0122130 0.0350785 0.0360635 0.0529857 0.0214787 0.0191190 0.0286334 0.0151269 0.0026119 0.0045366 0.0288640 0.2762460 0.0195353 0.0000000 0.0089470 0.0300731
 58 N  58 0.0122538 0.0140248 0.5429301 0.0128850 0.0012296 0.1332100 0.0241391 0.0157191 0.0256768 0.0137886 0.0349958 0.0291974 0.0131724 0.0000000 0.0133667 0.0481489 0.0370426 0.0103995 0.0071113 0.0107084
 59 F  59 0.0026472 0.0191259 0.0249246 0.0093933 0.0172918 0.1377326 0.0232325 0.0244350 0.0154489 0.0158948 0.0314741 0.0266473 0.0094349 0.3043139 0.0148713 0.0228940 0.0332253 0.0008808 0.2452491 0.0208828
 60 A  60 0.0393787 0.1368939 0.0217017 0.0053822 0.0325559 0.0115439 0.0271348 0.0333830 0.0109246 0.0233498 0.0357921 0.0324184 0.0000000 0.0074734 0.0418977 0.0553987 0.0282526 0.0080510 0.0188328 0.4296347
 61 V  61 0.0201314 0.0619147 0.0203998 0.0294330 0.0050357 0.0605259 0.1251105 0.0182545 0.0085907 0.0433076 0.1527310 0.2089653 0.0207662 0.0153833 0.0236554 0.0669848 0.0835745 0.0000000 0.0139559 0.0212796
 62 Q  62 0.0186057 0.0210956 0.0200787 0.0355068 0.0081650 0.0356210 0.1767568 0.0195423 0.0117440 0.1593618 0.1364294 0.0574319 0.0322712 0.0299292 0.0828850 0.0382137 0.0448650 0.0000000 0.0127996 0.0586974
 63 I  63 0.0175404 0.0185755 0.0440765 0.0365905 0.0458027 0.0129668 0.0374264 0.0135606 0.0456700 0.1832865 0.1050310 0.0156648 0.0341982 0.1408346 0.0476463 0.0398220 0.0653708 0.0013482 0.0481531 0.0464350
 64 N  64 0.1313304 0.0555330 0.0194563 0.0683703 0.0341744 0.0292745 0.0619703 0.0156951 0.0202755 0.0430290 0.0956570 0.1068531 0.0100342 0.0234421 0.0941545 0.0573745 0.0796729 0.0000000 0.0170833 0.0366195
 65 E  65 0.0407709 0.0621545 0.0362301 0.0848330 0.0130464 0.0248915 0.0796900 0.1573442 0.0088684 0.0199463 0.0510295 0.0676606 0.0186136 0.0032881 0.0915489 0.0859546 0.0402838 0.0086354 0.0195296 0.0856806
 66 H  66 0.0528182 0.0265625 0.0244759 0.0680820 0.0188784 0.0384520 0.0921507 0.0394683 0.0194040 0.0485571 0.0937741 0.1532338 0.0343795 0.0204131 0.0868744 0.0856936 0.0413947 0.0045772 0.0218002 0.0290102
 67 H  67 0.0356227 0.0469470 0.0260793 0.1161232 0.0159118 0.1175603 0.1146300 0.0367403 0.0206046 0.0226257 0.0302992 0.0397681 0.0278979 0.0238829 0.0979752 0.0718775 0.0765268 0.0045483 0.0322916 0.0420875
 68 H  68 0.0322450 0.0195635 0.0401825 0.0417603 0.0080429 0.0321481 0.0981048 0.0155589 0.0091316 0.0661419 0.1804657 0.1107692 0.0118734 0.0311318 0.1598957 0.0717636 0.0436698 0.0000000 0.0041690 0.0233822
 69 H  69 0.0368914 0.0823593 0.0381448 0.0689906 0.0130530 0.0175013 0.1706094 0.0476284 0.0291375 0.0270732 0.0423911 0.0546695 0.0084785 0.0189265 0.0856269 0.1445463 0.0555581 0.0113696 0.0247217 0.0223228
 70 H  70 0.0611848 0.0232256 0.0236887 0.1551277 0.0072749 0.0854449 0.0686209 0.0966053 0.0288121 0.0140051 0.0567606 0.0720248 0.0414400 0.0319007 0.0493844 0.0598529 0.0400890 0.0077529 0.0151281 0.0616765
 71 H  71 0.0600667 0.0105266 0.0639604 0.0607912 0.0056128 0.0554110 0.0549732 0.1787462 0.0312578 0.0439352 0.0275015 0.0547282 0.0143986 0.0222183 0.0813130 0.1026847 0.0819633 0.0019858 0.0173560 0.0305694
 72 M  72 0.0337482 0.0421661 0.0424201 0.0296762 0.0090373 0.0355205 0.0302101 0.0230433 0.0535330 0.0574442 0.0422382 0.0368502 0.3352039 0.0383488 0.0526676 0.0414026 0.0316060 0.0403921 0.0044539 0.0200379
 73 Q  73 0.0277471 0.0275244 0.0654035 0.0258154 0.0498017 0.3232147 0.0878096 0.0265946 0.0279810 0.0445207 0.0190492 0.0633566 0.0225450 0.0262051 0.0269561 0.0317942 0.0673564 0.0036243 0.0080060 0.0246946
 74 I  74 0.0700711 0.0129967 0.0301702 0.0270664 0.0042899 0.0233302 0.0135762 0.0148653 0.0230759 0.3764767 0.0900880 0.0429071 0.0145020 0.0406606 0.0292013 0.0573104 0.0353155 0.0014993 0.0082187 0.0843782
 75 F  75 0.0061876 0.0101270 0.0384608 0.0500471 0.0061880 0.0375440 0.0305289 0.0331651 0.0086275 0.0550094 0.0217151 0.0689526 0.0160737 0.4020129 0.0562699 0.0664541 0.0277965 0.0023862 0.0219376 0.0405161
 76 V  76 0.0379450 0.0143032 0.0137365 0.0222352 0.0000000 0.0278870 0.0435722 0.0168581 0.0000000 0.1306722 0.0761828 0.0570525 0.0110143 0.0162106 0.0545602 0.0426966 0.0383723 0.0090020 0.0069029 0.3807965
 77 K  77 0.0135352 0.0662313 0.0330925 0.0186026 0.0000000 0.0538792 0.0451562 0.0107447 0.0313228 0.0231561 0.0263878 0.5185760 0.0145228 0.0070185 0.0413496 0.0483002 0.0297155 0.0017903 0.0089516 0.0076670
 78 T  78 0.0342495 0.0386631 0.0555007 0.0133737 0.0032633 0.0226367 0.0626196 0.0210247 0.0043787 0.0143453 0.0549156 0.0503792 0.0252030 0.0078488 0.0345109 0.0691764 0.4475951 0.0000000 0.0066736 0.0336422
 79 L  79 0.0297499 0.0218608 0.0197992 0.0129237 0.0000000 0.0090709 0.0778761 0.0040079 0.0066869 0.0507565 0.4735364 0.0369458 0.0212662 0.0314348 0.0456257 0.0886810 0.0445478 0.0030906 0.0018095 0.0203303
 80 T  80 0.0336202 0.0548147 0.0214736 0.0762410 0.0158198 0.0372227 0.0442297 0.0357008 0.0054455 0.0365947 0.0135780 0.0713111 0.0056094 0.0105451 0.0485700 0.0673045 0.4008990 0.0010087 0.0036925 0.0163189
 81 G  81 0.0205173 0.0519425 0.0280530 0.0231896 0.0045956 0.0144813 0.0231076 0.5048739 0.0206357 0.0151525 0.0390852 0.0588735 0.0311558 0.0049472 0.0682173 0.0482597 0.0139360 0.0016229 0.0040316 0.0233219
 82 K  82 0.0188767 0.0522245 0.0345063 0.0161195 0.0104423 0.0475442 0.0559922 0.0443276 0.0169752 0.0160327 0.0448075 0.4253635 0.0132810 0.0192236 0.0372148 0.0386805 0.0499696 0.0062762 0.0098025 0.0423396
 83 T  83 0.0414025 0.0131273 0.0535683 0.0170520 0.0205999 0.0446323 0.0672155 0.0289416 0.0295147 0.0546642 0.0269993 0.0349698 0.0164475 0.0044241 0.0432516 0.0633488 0.4022130 0.0083030 0.0036708 0.0256538
 84 I  84 0.0265895 0.0317825 0.0139664 0.0043772 0.0045095 0.0382177 0.0319847 0.0177191 0.0268592 0.4379523 0.0228179 0.0280786 0.0169029 0.0816558 0.0631551 0.0328098 0.0279444 0.0000000 0.0222805 0.0703969
 85 T  85 0.0742611 0.0099662 0.0212660 0.0253901 0.0033093 0.0191045 0.1088235 0.0039013 0.0054435 0.0399859 0.0297138 0.0349362 0.0142637 0.0173923 0.0811027 0.0524976 0.4177202 0.0014565 0.0073570 0.0321088
 86 L  86 0.0098797 0.0135564 0.0190879 0.0322477 0.0075623 0.0153168 0.0449448 0.0141831 0.0159702 0.0765102 0.4336311 0.0314413 0.0137412 0.0180016 0.0261641 0.0867702 0.0517272 0.0032160 0.0483655 0.0376825
 87 E  87 0.0215420 0.0755732 0.0468665 0.1361315 0.0012557 0.0328947 0.2957137 0.0256943 0.0144351 0.0137900 0.0537771 0.0781799 0.0124704 0.0216962 0.0306882 0.0797852 0.0302775 0.0026991 0.0046662 0.0218635
 88 V  88 0.0725987 0.0007704 0.0192046 0.0055223 0.0041033 0.0051559 0.0182743 0.0096106 0.0072687 0.0937284 0.0493619 0.0410591 0.0115533 0.0122625 0.0277675 0.0460001 0.0266283 0.0000000 0.0102700 0.5388601
 89 E  89 0.0105189 0.0519067 0.0435518 0.0848092 0.0028610 0.0591465 0.3545311 0.0272802 0.0282359 0.0262118 0.0483974 0.0441762 0.0265535 0.0152477 0.0209366 0.0987904 0.0163980 0.0077803 0.0142139 0.0184531
 90 P  90 0.0380017 0.0641818 0.0495477 0.0076227 0.0043374 0.0563940 0.0577428 0.0282994 0.0203183 0.0240371 0.0486135 0.0306326 0.0101181 0.0092438 0.2853717 0.1991587 0.0205432 0.0000000 0.0098914 0.0359441
 91 S  91 0.0255994 0.0200895 0.0895988 0.0661971 0.0219110 0.0096897 0.0598270 0.0437285 0.0036819 0.0260456 0.0327753 0.0514539 0.0252844 0.0273052 0.0207291 0.3679958 0.0865269 0.0063642 0.0083971 0.0067999
 92 D  92 0.0319338 0.0067923 0.0361134 0.4360733 0.0200915 0.0125688 0.0946413 0.0129970 0.0153141 0.0059399 0.0414888 0.0215789 0.0225344 0.0089653 0.0282912 0.0815761 0.0511150 0.0010004 0.0508369 0.0201476
 93 T  93 0.0327303 0.0426883 0.0255585 0.0171747 0.0014539 0.0305310 0.0281715 0.0294802 0.0009154 0.0348755 0.0232629 0.0676622 0.0112916 0.0010871 0.0262629 0.0852851 0.4950839 0.0000000 0.0383300 0.0081549
 94 I  94 0.0292355 0.0215362 0.0243240 0.0212056 0.0000000 0.0266860 0.0219939 0.0172664 0.0226015 0.3894592 0.0354310 0.0183194 0.0062829 0.0044057 0.0227555 0.0181068 0.0189451 0.0000000 0.0473931 0.2540523
 95 E  95 0.0402422 0.0109029 0.0286627 0.1686135 0.0011455 0.0127199 0.3288245 0.0902725 0.0007167 0.0270374 0.0391185 0.0512632 0.0140597 0.0078350 0.0348771 0.0785027 0.0244564 0.0000000 0.0243815 0.0163683
 96 N  96 0.0311124 0.0382501 0.2894717 0.1102790 0.0051940 0.0456212 0.0320763 0.0107852 0.0184909 0.0385547 0.0557182 0.0374655 0.0083508 0.0076937 0.0229441 0.0928912 0.0738701 0.0031958 0.0381132 0.0399217
 97 V  97 0.0070195 0.0081845 0.0000000 0.0155962 0.0045752 0.0117484 0.0443764 0.0234860 0.0032019 0.1807892 0.1331123 0.0098543 0.0040267 0.0362646 0.0429134 0.0061519 0.0069027 0.0000000 0.0056707 0.4561260
 98 K  98 0.0223105 0.0244630 0.0054515 0.0428869 0.0000000 0.0110495 0.0522421 0.0063746 0.0306700 0.0076737 0.0540301 0.6573713 0.0106998 0.0018129 0.0190102 0.0157320 0.0336659 0.0000000 0.0019753 0.0025807
 99 A  99 0.2914716 0.0186813 0.0425577 0.0667689 0.0052603 0.0779075 0.1246108 0.0443563 0.0049571 0.0165036 0.0242098 0.0583180 0.0091004 0.0055195 0.0140059 0.0958694 0.0456675 0.0000000 0.0248271 0.0294075
100 K 100 0.0155149 0.0772236 0.0406037 0.0361005 0.0000000 0.0551762 0.0239485 0.0162796 0.0082188 0.0223660 0.0793752 0.4375948 0.0581845 0.0011638 0.0273846 0.0313568 0.0341654 0.0025002 0.0251723 0.0076706
101 I 101 0.0143947 0.0260280 0.0165424 0.0040678 0.0034429 0.0030610 0.0097687 0.0119003 0.0154507 0.5867174 0.0710058 0.0129404 0.0180661 0.0123176 0.0152231 0.0151077 0.0129188 0.0000000 0.0000000 0.1510466
102 Q 102 0.0373530 0.0247652 0.0250764 0.0309720 0.0013480 0.4188646 0.1260957 0.0109976 0.0216345 0.0191273 0.0642038 0.0338659 0.0068998 0.0237010 0.0224276 0.0446472 0.0295251 0.0000000 0.0340418 0.0244538
103 D 103 0.0360526 0.0354805 0.0351563 0.4037033 0.0030422 0.0309111 0.1939872 0.0350623 0.0114578 0.0283972 0.0099594 0.0241191 0.0037372 0.0000000 0.0166862 0.0407419 0.0378801 0.0000000 0.0139757 0.0396499
104 K 104 0.0337808 0.0639361 0.0122766 0.0248463 0.0007763 0.0170155 0.0648670 0.0208385 0.0107792 0.0238047 0.0509686 0.4883678 0.0181294 0.0099084 0.0298503 0.0466974 0.0445600 0.0000000 0.0000000 0.0385970
105 E 105 0.0134904 0.0052306 0.0082124 0.0355693 0.0048687 0.0657810 0.6051763 0.0167903 0.0073189 0.0103154 0.0145440 0.0555448 0.0052927 0.0027389 0.0136891 0.0336181 0.0752121 0.0000000 0.0035078 0.0230992
106 G 106 0.0082029 0.0452030 0.0248794 0.0545339 0.0029755 0.0040329 0.0300261 0.6625400 0.0094486 0.0025453 0.0241272 0.0338210 0.0024171 0.0065469 0.0197967 0.0305615 0.0211221 0.0008963 0.0033660 0.0129575
107 I 107 0.0136920 0.0233306 0.0046633 0.0061252 0.0019934 0.0030815 0.0372582 0.0079419 0.0051834 0.6215403 0.0212490 0.0062999 0.0200821 0.0097576 0.0081956 0.0199467 0.0252833 0.0000000 0.0365829 0.1277929
108 P 108 0.0246890 0.0284001 0.0275952 0.0233808 0.0081137 0.0634839 0.0150736 0.0076432 0.0037462 0.0133952 0.0274017 0.0199921 0.0298826 0.0112107 0.5849289 0.0509659 0.0239791 0.0000000 0.0273959 0.0087220
109 P 109 0.0539756 0.0162303 0.0112153 0.0134666 0.0132788 0.0149037 0.0394367 0.0098964 0.0063131 0.0419386 0.0373734 0.0129819 0.0066651 0.0020611 0.5339188 0.0511082 0.0132023 0.0117790 0.0023843 0.1078708
110 D 110 0.0490922 0.0252377 0.0498938 0.4448237 0.0113430 0.0126677 0.0577210 0.0246488 0.0382673 0.0319122 0.0274805 0.0549100 0.0025140 0.0143157 0.0296587 0.0498771 0.0243452 0.0000000 0.0193101 0.0319815
111 Q 111 0.0078931 0.0276647 0.0069935 0.0498968 0.0089067 0.6347063 0.0713193 0.0000000 0.0075739 0.0065663 0.0402935 0.0353896 0.0057479 0.0178224 0.0331889 0.0215742 0.0000000 0.0000000 0.0125607 0.0119023
112 Q 112 0.0156392 0.0095119 0.0023637 0.0026834 0.0010247 0.8132596 0.0032087 0.0000000 0.0086724 0.0423415 0.0105126 0.0065937 0.0055227 0.0000000 0.0106514 0.0261591 0.0214070 0.0000000 0.0000000 0.0204483
113 R 113 0.0013280 0.6791099 0.0088061 0.0192543 0.0083545 0.0053744 0.0034936 0.0186938 0.0418735 0.0099275 0.0148204 0.0953404 0.0179389 0.0018645 0.0171034 0.0258786 0.0155047 0.0000000 0.0000000 0.0153336
114 L 114 0.0134651 0.0000000 0.0163252 0.0000000 0.0000000 0.0000000 0.0093315 0.0313960 0.0000000 0.0159721 0.8039975 0.0025239 0.0187324 0.0018572 0.0245700 0.0143519 0.0020612 0.0000000 0.0029222 0.0424940
115 I 115 0.0104756 0.0025928 0.0000000 0.0096812 0.0000000 0.0124640 0.0068471 0.0000000 0.0000000 0.6891877 0.0823533 0.0179441 0.0080057 0.0177427 0.0000000 0.0444504 0.0165835 0.0000000 0.0061330 0.0755391
116 F 116 0.0104517 0.0131749 0.0301177 0.0000000 0.0249354 0.0000000 0.0000000 0.0316331 0.0352217 0.0158262 0.0222285 0.0398283 0.0316953 0.5337760 0.0150291 0.0419744 0.0146827 0.0256843 0.1079064 0.0058342
117 A 117 0.4155058 0.0439446 0.0774295 0.0340123 0.0050586 0.0449746 0.0381570 0.0626259 0.0052353 0.0000000 0.0164425 0.0575828 0.0045339 0.0577390 0.0138731 0.0681788 0.0140969 0.0044630 0.0230948 0.0130514
118 G 118 0.0105454 0.0209061 0.0300715 0.0116574 0.0104174 0.0167819 0.0028516 0.7094271 0.0000000 0.0115423 0.0327834 0.0571731 0.0000000 0.0107080 0.0161698 0.0456959 0.0050916 0.0000000 0.0000000 0.0081775
119 K 119 0.0098305 0.0982403 0.0208141 0.0302368 0.0000000 0.0463346 0.0341237 0.0033271 0.0199061 0.0158429 0.0198365 0.5519144 0.0240147 0.0053819 0.0321970 0.0387638 0.0358121 0.0000000 0.0045990 0.0088246
120 Q 120 0.0156537 0.0267458 0.0053026 0.0071242 0.0023412 0.5638753 0.0731204 0.0158013 0.0064104 0.0340712 0.0382568 0.0979316 0.0089911 0.0162278 0.0428610 0.0073061 0.0008510 0.0015368 0.0000000 0.0355918
121 L 121 0.0043847 0.0269396 0.0042639 0.0000000 0.0000000 0.0124930 0.0000000 0.0000000 0.0000000 0.0147996 0.6886913 0.0616139 0.0843869 0.0356814 0.0338560 0.0017920 0.0108034 0.0000000 0.0000000 0.0202943
122 E 122 0.0196152 0.0681250 0.0203414 0.0702690 0.0000000 0.0656791 0.5483637 0.0106759 0.0019907 0.0101654 0.0069485 0.0808054 0.0114800 0.0012302 0.0074781 0.0295357 0.0319957 0.0000000 0.0000000 0.0153010
123 D 123 0.0093160 0.0037645 0.1004078 0.6403934 0.0029594 0.0405462 0.0282953 0.0089561 0.0048856 0.0261456 0.0070221 0.0023856 0.0075809 0.0189387 0.0160589 0.0133589 0.0193932 0.0314443 0.0167199 0.0014274
124 G 124 0.0370163 0.0140374 0.0284193 0.1251103 0.1358873 0.0147484 0.0714450 0.4315984 0.0184028 0.0013546 0.0064969 0.0113472 0.0000000 0.0012394 0.0050178 0.0618119 0.0036282 0.0175893 0.0035139 0.0113355
125 R 125 0.0041688 0.4167321 0.0351657 0.0210649 0.0338486 0.0518398 0.0366518 0.0108601 0.0347339 0.0212655 0.0375656 0.2026401 0.0128167 0.0087091 0.0061941 0.0215454 0.0059317 0.0009984 0.0298453 0.0074223
126 T 126 0.0398805 0.0119486 0.0041587 0.0018183 0.0378509 0.0098440 0.0186970 0.0014053 0.0000000 0.0200339 0.0265985 0.0625090 0.0035859 0.0024891 0.0142156 0.0379497 0.5816801 0.0000000 0.0000000 0.1253349
127 L 127 0.0461432 0.0000000 0.0000000 0.0043110 0.0027077 0.0000000 0.0067254 0.0000000 0.0000000 0.0468321 0.8160205 0.0000000 0.0259196 0.0054574 0.0034724 0.0039798 0.0139240 0.0000000 0.0000000 0.0245069
128 S 128 0.2037392 0.0162621 0.0273174 0.0089061 0.0063340 0.0381700 0.0754215 0.0240760 0.0060423 0.0252278 0.0064404 0.0268948 0.0058372 0.1197216 0.0000000 0.3259963 0.0188972 0.0044696 0.0424368 0.0178097
129 D 129 0.0483618 0.0000000 0.0256035 0.6016773 0.0000000 0.0115797 0.1266417 0.0045250 0.0248235 0.0000000 0.0000000 0.0060939 0.0197712 0.0093270 0.0128603 0.0692245 0.0092425 0.0000000 0.0302681 0.0000000
130 Y 130 0.0251815 0.0000000 0.0015176 0.0009291 0.0506869 0.0000000 0.0000000 0.0000000 0.0093525 0.0105139 0.0130873 0.0055055 0.0000000 0.0027848 0.0000000 0.0118190 0.0067630 0.0000000 0.8549131 0.0069460
131 N 131 0.0145770 0.0044426 0.5310378 0.0668641 0.0057397 0.0289117 0.0231522 0.0753720 0.0227708 0.0272153 0.0140017 0.0802819 0.0052793 0.0047795 0.0049831 0.0691506 0.0052251 0.0038371 0.0062216 0.0061570
132 I 132 0.0438512 0.0000000 0.0000000 0.0000000 0.0000000 0.0000000 0.0000000 0.0070048 0.0000000 0.6884332 0.0483309 0.0000000 0.0031452 0.0082852 0.0963812 0.0046512 0.0027544 0.0000000 0.0052622 0.0919006
133 Q 133 0.0162454 0.0481253 0.0029472 0.0078307 0.0129732 0.5273125 0.0814731 0.0125219 0.0244139 0.0125728 0.0320832 0.0796757 0.0007129 0.0000000 0.0125144 0.0367131 0.0695164 0.0034290 0.0031461 0.0157931
134 K 134 0.0600377 0.0195180 0.2232641 0.0646124 0.0010531 0.0121349 0.0607837 0.0324314 0.0135206 0.0026727 0.0000000 0.4061962 0.0104069 0.0000000 0.0281753 0.0509046 0.0023803 0.0000000 0.0119081 0.0000000
135 E 135 0.0165237 0.0046428 0.0254201 0.0961676 0.0000000 0.0145394 0.5209023 0.2240529 0.0200846 0.0000000 0.0133894 0.0359068 0.0000000 0.0000000 0.0085373 0.0091640 0.0000000 0.0026142 0.0046422 0.0034127
136 S 136 0.0829099 0.0041423 0.0152224 0.1811883 0.0271219 0.0054106 0.0234723 0.0128572 0.0207000 0.0045957 0.0093042 0.0000000 0.0054217 0.0043426 0.0047565 0.5810925 0.0098225 0.0000000 0.0067386 0.0009008
137 T 137 0.0058312 0.0019683 0.0079264 0.0000000 0.0038869 0.0225920 0.1648667 0.0043063 0.0000000 0.0480327 0.0188546 0.0023933 0.0075325 0.0054218 0.0104485 0.0122491 0.6161512 0.0000000 0.0000000 0.0675385
138 L 138 0.0024147 0.0000000 0.0000000 0.0083033 0.0000000 0.0000000 0.0000000 0.0000000 0.0000000 0.1808987 0.7659516 0.0000000 0.0067968 0.0049870 0.0000000 0.0000000 0.0000000 0.0000000 0.0000000 0.0306479
139 H 139 0.0060923 0.0214742 0.0240332 0.0520726 0.0027473 0.0233216 0.0907881 0.0000000 0.6289075 0.0000000 0.0180205 0.0269367 0.0000000 0.0021419 0.0038498 0.0178088 0.0146733 0.0000000 0.0607697 0.0063626
140 L 140 0.0014945 0.0000000 0.0000000 0.0000000 0.0000000 0.0020409 0.0080214 0.0014424 0.0049194 0.0085682 0.8887778 0.0000000 0.0527026 0.0040533 0.0063312 0.0000000 0.0000000 0.0030303 0.0000000 0.0186181
141 V 141 0.0314379 0.0034385 0.0114895 0.0061403 0.0091550 0.0174231 0.0174710 0.0044386 0.0000000 0.0503084 0.0309108 0.0108638 0.0052469 0.0185216 0.0015348 0.0139975 0.0297875 0.0000000 0.0023170 0.7355178
142 L 142 0.0117105 0.0101858 0.0000000 0.0000000 0.0017495 0.0150195 0.0069298 0.0237751 0.0034382 0.0141503 0.7953186 0.0038744 0.0164947 0.0131779 0.0033563 0.0175151 0.0150386 0.0009753 0.0080017 0.0392888
143 R 143 0.0906604 0.7164555 0.0132189 0.0040321 0.0156843 0.0202496 0.0014926 0.0058069 0.0157729 0.0000000 0.0014904 0.0554885 0.0000000 0.0000000 0.0099991 0.0196709 0.0177192 0.0034035 0.0042031 0.0046519
144 L 144 0.0000000 0.0048137 0.0019826 0.0000000 0.0075966 0.0204447 0.0154065 0.0000000 0.0057803 0.0182193 0.8257782 0.0000000 0.0706295 0.0140299 0.0060100 0.0000000 0.0000000 0.0029083 0.0000000 0.0064003
145 R 145 0.0119925 0.8071529 0.0000000 0.0000000 0.0429408 0.0109782 0.0049353 0.0041990 0.0078216 0.0044335 0.0275310 0.0211999 0.0000000 0.0138150 0.0114850 0.0063694 0.0217107 0.0000000 0.0000000 0.0034353
146 G 146 0.0000000 0.0033241 0.0000000 0.0100868 0.0123928 0.0000000 0.0022715 0.9616283 0.0039036 0.0000000 0.0000000 0.0000000 0.0000000 0.0000000 0.0000000 0.0063930 0.0000000 0.0000000 0.0000000 0.0000000
147 G 147 0.0000000 0.0000000 0.0000000 0.0000000 0.0000000 0.0000000 0.0000000 1.0000000 0.0000000 0.0000000 0.0000000 0.0000000 0.0000000 0.0000000 0.0000000 0.0000000 0.0000000 0.0000000 0.0000000 0.0000000
