  147         A         R         N         D         C         Q         E         G         H         I         L         K         M         F         P         S         T         W         Y         V         X    
  1 G   1 0.0131195 0.0000000 0.0000000 0.0000000 0.0000000 0.0000000 0.0000000 0.0349460 0.0000000 0.0000000 0.0000000 0.0000000 0.0000000 0.0000000 0.0000000 0.0548068 0.0000000 0.0000000 0.0000000 0.0000000 0.8971276
  2 K   2 0.0143534 0.0172130 0.0016872 0.0022586 0.0000000 0.0010991 0.0073583 0.0071608 0.0017316 0.0000000 0.0000000 0.0397406 0.0011842 0.0000000 0.0013655 0.0236330 0.0070370 0.0000000 0.0000000 0.0035331 0.8706448
  3 I   3 0.0117979 0.0095799 0.0052052 0.0025601 0.0000000 0.0047479 0.0010597 0.0016831 0.0000000 0.0079347 0.0013678 0.0087457 0.0009343 0.0000000 0.0596268 0.0243376 0.0191090 0.0000000 0.0008481 0.0230904 0.8173718
  4 K   4 0.0168367 0.0037244 0.0112371 0.0220155 0.0000000 0.0100630 0.0057981 0.0028184 0.0026377 0.0049390 0.0000000 0.1073417 0.0000000 0.0000000 0.0803635 0.0192488 0.0022725 0.0000000 0.0000000 0.0000000 0.7107036
  5 A   5 0.0691688 0.0177293 0.0099517 0.0014016 0.0035902 0.0469507 0.0032074 0.0408276 0.0037213 0.0045337 0.0010853 0.0338273 0.0046608 0.0051621 0.0419103 0.0186333 0.0075091 0.0000000 0.0020835 0.0134689 0.6705771
  6 K   6 0.0298729 0.0281812 0.0017361 0.0000000 0.0000000 0.0177851 0.0051956 0.0085015 0.0007798 0.0106208 0.0575621 0.0591413 0.0025127 0.0027796 0.0347456 0.0041821 0.0108847 0.0034255 0.0019718 0.0598477 0.6602739
  7 E   7 0.0034606 0.0848345 0.0013017 0.0123545 0.0287618 0.0031672 0.1828021 0.0014703 0.0000000 0.0073019 0.0015338 0.0197728 0.0226713 0.0012840 0.0144427 0.0052364 0.0044377 0.0000000 0.0000000 0.0012722 0.6038945
  8 Y   8 0.0033979 0.0393861 0.0045682 0.0529046 0.0031228 0.0580978 0.0091680 0.0021335 0.0010233 0.0033510 0.0265298 0.0639691 0.0034588 0.0182165 0.0000000 0.0000000 0.0457275 0.0241576 0.0818309 0.0029827 0.5559740
  9 C   9 0.0404200 0.0000000 0.0000000 0.0000000 0.1626107 0.0000000 0.0000000 0.0514231 0.0000000 0.0000000 0.0000000 0.0000000 0.0000000 0.0026308 0.0000000 0.0000000 0.0000000 0.0000000 0.0665801 0.1866120 0.4897233
 10 R  10 0.0000000 0.1998755 0.0000000 0.0000000 0.0000000 0.0156062 0.0107012 0.0000000 0.0000000 0.0954487 0.0000000 0.1065269 0.0091212 0.0000000 0.0008997 0.0012528 0.0566402 0.0000000 0.0000000 0.0300377 0.4738899
 11 T  11 0.2677523 0.0000000 0.0000000 0.0000000 0.0028957 0.0000000 0.0000000 0.0181530 0.0000000 0.0016890 0.0000000 0.0000000 0.0000000 0.0000000 0.0000000 0.0034972 0.0838883 0.0000000 0.0000000 0.1631382 0.4589864
 12 L  12 0.0197728 0.0048123 0.0156692 0.0000000 0.0000000 0.0047363 0.0576765 0.0000000 0.0000000 0.0317016 0.3253767 0.0146415 0.0490403 0.0027123 0.0000000 0.0000000 0.0048443 0.0000000 0.0000000 0.0100299 0.4589864
 13 F  13 0.0360931 0.0000000 0.0000000 0.0000000 0.0000000 0.0056839 0.0000000 0.0015958 0.0041726 0.0015154 0.0008072 0.0035985 0.0000000 0.1681317 0.0000000 0.0306951 0.0000000 0.0000000 0.2897880 0.0047231 0.4531954
 14 A  14 0.0193551 0.0048628 0.0380474 0.2982176 0.0030108 0.0020564 0.0329703 0.0055995 0.0028396 0.0000000 0.0000000 0.0000000 0.0000000 0.0000000 0.0666738 0.0655510 0.0149189 0.0000000 0.0016735 0.0000000 0.4442231
 15 Y  15 0.0027123 0.0000000 0.0000000 0.0011480 0.0024953 0.0000000 0.0000000 0.0000000 0.0042989 0.0000000 0.0000000 0.0000000 0.0000000 0.1218924 0.0000000 0.0000000 0.0000000 0.0000000 0.4279847 0.0000000 0.4394683
 16 E  16 0.0226854 0.0065559 0.0774995 0.0657859 0.0000000 0.0499345 0.1309947 0.0084289 0.0021996 0.0212169 0.0127519 0.0487715 0.0065804 0.0000000 0.0023502 0.0301398 0.0465747 0.0000000 0.0000000 0.0311003 0.4364300
 17 G  17 0.2768204 0.0000000 0.0000000 0.0000000 0.0000000 0.0191803 0.0089624 0.0542369 0.0000000 0.0738350 0.0059528 0.0000000 0.0023306 0.0000000 0.0835736 0.0397349 0.0000000 0.0000000 0.0000000 0.0039635 0.4314096
 18 T  18 0.0305204 0.0403072 0.0236456 0.0252774 0.0051197 0.2469740 0.0494377 0.0000000 0.0000000 0.0021275 0.0079030 0.0252206 0.0043808 0.0021072 0.0008631 0.0205528 0.0517916 0.0000000 0.0000000 0.0392551 0.4245163
 19 N  19 0.0488272 0.0011100 0.2184366 0.0258938 0.0010096 0.0249288 0.0759066 0.0076883 0.0530050 0.0000000 0.0081042 0.0679523 0.0000000 0.0035985 0.0000000 0.0169662 0.0149047 0.0000000 0.0000000 0.0034255 0.4282427
 20 N  20 0.0324341 0.0167476 0.0194017 0.1335741 0.0000000 0.0192898 0.2145792 0.0123880 0.0217852 0.0035985 0.0045570 0.0142899 0.0014254 0.0030383 0.0508738 0.0048795 0.0096076 0.0000000 0.0028972 0.0047021 0.4299309
 21 D  21 0.0000000 0.0000000 0.0233473 0.3825708 0.0000000 0.0000000 0.0141012 0.0698190 0.0000000 0.0000000 0.0000000 0.0000000 0.0000000 0.0000000 0.0000000 0.0818557 0.0169646 0.0000000 0.0000000 0.0000000 0.4113415
 22 E  22 0.0040740 0.0000000 0.0000000 0.0674940 0.0000000 0.0000000 0.4087775 0.0117881 0.0000000 0.0012089 0.0000000 0.0033858 0.0000000 0.0000000 0.0000000 0.0194815 0.0758060 0.0000000 0.0000000 0.0000000 0.4079842
 23 L  23 0.0000000 0.0000000 0.0046801 0.0000000 0.0000000 0.0000000 0.0000000 0.0000000 0.0000000 0.0436777 0.5310876 0.0000000 0.0060075 0.0000000 0.0042339 0.0022133 0.0000000 0.0000000 0.0000000 0.0057448 0.4023551
 24 T  24 0.0393348 0.0038556 0.0115517 0.0159775 0.0142536 0.0064042 0.0454089 0.0035965 0.0686204 0.0058583 0.0060140 0.0224420 0.0000000 0.0000000 0.0054434 0.1773538 0.1731470 0.0000000 0.0021335 0.0044057 0.3941990
 25 F  25 0.0046801 0.0000000 0.0000000 0.0031778 0.0000000 0.0000000 0.0117502 0.0000000 0.0000000 0.0905588 0.2275263 0.0050658 0.0017898 0.2497958 0.0033858 0.0000000 0.0032617 0.0000000 0.0000000 0.0058955 0.3931123
 26 K  26 0.0187211 0.0744402 0.0411886 0.0047425 0.0040174 0.0554322 0.0292232 0.0089707 0.0256139 0.0021715 0.0093087 0.1346666 0.0041024 0.0000000 0.0113445 0.0782264 0.0246103 0.0000000 0.0000000 0.0846525 0.3885672
 27 E  27 0.0642986 0.0110291 0.0073030 0.0106326 0.0000000 0.0216640 0.1081051 0.0037800 0.0057477 0.0194260 0.0042805 0.1306714 0.0032913 0.0000000 0.0437139 0.0076955 0.1253775 0.0013165 0.0000000 0.0851336 0.3465335
 28 G  28 0.0000000 0.0019999 0.0173121 0.0271765 0.0058975 0.0091277 0.0083177 0.5647129 0.0017341 0.0000000 0.0000000 0.0000000 0.0000000 0.0000000 0.0000000 0.0150621 0.0034697 0.0000000 0.0000000 0.0000000 0.3451899
 29 E  29 0.0155968 0.0083473 0.0032216 0.3427492 0.0023931 0.0463051 0.1305978 0.0038064 0.0000000 0.0021896 0.0000000 0.0928865 0.0000000 0.0000000 0.0026708 0.0081517 0.0093393 0.0000000 0.0000000 0.0009350 0.3308098
 30 I  30 0.0000000 0.0155840 0.0038776 0.0000000 0.0000000 0.0193915 0.0149264 0.0000000 0.0033944 0.2788941 0.0409524 0.0088523 0.0056322 0.0000000 0.0048830 0.0041660 0.1204449 0.0000000 0.0000000 0.1486397 0.3303615
 31 I  31 0.0026038 0.0105870 0.0000000 0.0022133 0.0000000 0.0000000 0.0030383 0.0000000 0.0000000 0.5115521 0.0336901 0.0207503 0.0022273 0.0112170 0.0000000 0.0000000 0.0017764 0.0000000 0.0028716 0.0695568 0.3279159
 32 H  32 0.0123743 0.0489564 0.0360524 0.0224418 0.0019330 0.0489649 0.1154796 0.0135372 0.0252433 0.0246660 0.0340799 0.0422336 0.0133774 0.0067736 0.0000000 0.0165138 0.1936883 0.0000000 0.0114035 0.0122610 0.3200199
 33 L  33 0.0055284 0.0000000 0.0545650 0.0059276 0.0019334 0.0000000 0.0131869 0.0033357 0.0021681 0.1215116 0.1499292 0.0063216 0.0094785 0.0274926 0.0000000 0.0121426 0.0065525 0.0000000 0.0000000 0.2677539 0.3121725
 34 I  34 0.0017878 0.0031586 0.0000000 0.0281318 0.0000000 0.0124222 0.1008594 0.0000000 0.0062627 0.1296390 0.1609492 0.0170789 0.0137495 0.0117377 0.0103760 0.0086649 0.0557747 0.0000000 0.0043944 0.1144501 0.3205632
 35 S  35 0.0278689 0.0557208 0.0604602 0.0157613 0.0033573 0.0248073 0.0312095 0.0435726 0.0061826 0.0140245 0.0132193 0.0932574 0.0011244 0.0094084 0.0075874 0.0576679 0.0440021 0.0000000 0.0000000 0.1087244 0.3820436
 36 K  36 0.0010353 0.0809500 0.0068052 0.0223480 0.0000000 0.0209226 0.1746592 0.0066197 0.0064965 0.0029859 0.0093578 0.2363512 0.0161835 0.0030153 0.0000000 0.0062304 0.0047405 0.0040699 0.0000000 0.0204284 0.3768007
 37 E  37 0.0059769 0.0075665 0.0095045 0.1106450 0.0000000 0.0369240 0.1539726 0.0155038 0.0113519 0.0052083 0.0571064 0.0064869 0.0000000 0.0000000 0.0653161 0.0622158 0.0703117 0.0000000 0.0034606 0.0051313 0.3733175
 38 T  38 0.0499643 0.0025576 0.0271117 0.0430582 0.0169399 0.0329462 0.0636898 0.0084284 0.0045691 0.0133257 0.0143169 0.0018973 0.0000000 0.0063801 0.0175184 0.1243058 0.0658056 0.0021335 0.0053942 0.0291371 0.4705202
 39 G  39 0.0246232 0.0066077 0.0332889 0.1315029 0.0000000 0.0044202 0.0385235 0.0886702 0.0000000 0.0448210 0.0031938 0.0039666 0.0202708 0.0079138 0.0156320 0.0409221 0.0053589 0.0000000 0.0033573 0.0813782 0.4455491
 40 E  40 0.0048341 0.0045713 0.0092479 0.1888881 0.0000000 0.0104937 0.2295029 0.0049178 0.0011499 0.0052606 0.0206607 0.0110477 0.0013560 0.0086106 0.0127420 0.0216696 0.1223542 0.0000000 0.0146333 0.0040022 0.3240575
 41 A  41 0.0283066 0.0057219 0.0424913 0.0695410 0.0035688 0.0053406 0.0959676 0.1058856 0.0053469 0.1097399 0.0042043 0.0463829 0.0009697 0.0053660 0.0874396 0.0275679 0.0095924 0.0000000 0.0000000 0.0213085 0.3252586
 42 G  42 0.0119324 0.0000000 0.0253571 0.1495431 0.0070570 0.0007580 0.1022239 0.3257916 0.0039633 0.0044634 0.0073889 0.0022273 0.0000000 0.0043373 0.0038798 0.0211487 0.0071922 0.0050008 0.0088183 0.0047464 0.3041705
 43 W  43 0.0053358 0.0059539 0.1056664 0.0112189 0.0000000 0.0044690 0.0094211 0.0142066 0.0073198 0.0017904 0.0063812 0.0022901 0.0000000 0.0102299 0.0030207 0.0314199 0.0046801 0.4553587 0.0110043 0.0067865 0.3034467
 44 W  44 0.0037527 0.0067822 0.0000000 0.0000000 0.0072486 0.0097581 0.0164752 0.0032913 0.0013915 0.0139016 0.0733460 0.0000000 0.0252116 0.0103263 0.0000000 0.0027045 0.0083799 0.3846952 0.0191250 0.1156620 0.2979481
 45 R  45 0.0071760 0.0588247 0.0017739 0.0219789 0.0023931 0.0363823 0.1755600 0.0123352 0.0070198 0.0148019 0.0321859 0.2117272 0.0061490 0.0043293 0.0045631 0.0320076 0.0602944 0.0013915 0.0154218 0.0067884 0.2868957
 46 G  46 0.0949013 0.0153820 0.0060033 0.0093659 0.0051617 0.0162287 0.0024082 0.4556074 0.0028350 0.0093625 0.0136438 0.0113190 0.0032166 0.0074300 0.0000000 0.0378587 0.0136753 0.0000000 0.0000000 0.0141555 0.2814453
 47 E  47 0.0110465 0.0571013 0.0019769 0.0172774 0.0070638 0.0445920 0.2284029 0.0037775 0.0041941 0.0124196 0.0093654 0.1575837 0.0057978 0.0022506 0.0012082 0.0441754 0.0746921 0.0000000 0.0078133 0.0328765 0.2763850
 48 L  48 0.0074314 0.0143463 0.0200292 0.0076743 0.0126706 0.0052961 0.0132912 0.0077096 0.0109840 0.1813420 0.2548562 0.0302085 0.0080771 0.0189727 0.0007817 0.0184764 0.0244820 0.0063937 0.0226553 0.0586910 0.2756306
 49 N  49 0.0109221 0.0655848 0.2881679 0.0273322 0.0010594 0.1279325 0.0135983 0.0447734 0.0541108 0.0016581 0.0105874 0.0393319 0.0027166 0.0046953 0.0038450 0.0104302 0.0187342 0.0000000 0.0077206 0.0021426 0.2646568
 50 G  50 0.0149549 0.0336172 0.0377208 0.1280211 0.0000000 0.0100517 0.0243638 0.4122132 0.0091367 0.0047747 0.0065535 0.0123363 0.0000000 0.0016364 0.0032488 0.0155585 0.0047799 0.0000000 0.0156569 0.0029006 0.2624748
 51 K  51 0.0089426 0.1455488 0.0053215 0.0177030 0.0013589 0.0544405 0.0257294 0.0319324 0.0152642 0.0125621 0.0213704 0.3177935 0.0053240 0.0000000 0.0020973 0.0071162 0.0141306 0.0000000 0.0030620 0.0526868 0.2576159
 52 E  52 0.0094720 0.1112911 0.0100621 0.0156691 0.0051835 0.0310573 0.1690187 0.0125820 0.0020548 0.0613441 0.0426403 0.0294913 0.0129987 0.0093605 0.0000000 0.0515747 0.1149110 0.0011769 0.0072994 0.0548388 0.2479736
 53 G  53 0.0108381 0.0122920 0.0114149 0.0169757 0.0000000 0.0181874 0.0203238 0.5406576 0.0091411 0.0070796 0.0199570 0.0081734 0.0019644 0.0160769 0.0117141 0.0354350 0.0094388 0.0021426 0.0026708 0.0077620 0.2377549
 54 V  54 0.0347944 0.0159269 0.0075966 0.0119856 0.0095021 0.0280355 0.0209851 0.0200080 0.0069272 0.1396618 0.1442225 0.0049313 0.0584347 0.0378665 0.0007105 0.0122876 0.0029294 0.0793373 0.0317449 0.0975670 0.2345453
 55 F  55 0.0100933 0.0069004 0.0303121 0.0154331 0.0060126 0.0214172 0.0065294 0.0168798 0.0071503 0.0103314 0.0247284 0.0082676 0.0009427 0.4455422 0.0931126 0.0377951 0.0079058 0.0016057 0.0082976 0.0107979 0.2299448
 56 P  56 0.0014326 0.0177511 0.0125779 0.0107313 0.0083081 0.0069091 0.0190428 0.0153750 0.0080168 0.0274847 0.0181288 0.0128756 0.0000000 0.0144452 0.5328048 0.0272510 0.0084712 0.0068873 0.0111072 0.0119341 0.2284654
 57 D  57 0.0373577 0.0214766 0.0228751 0.2309882 0.0097504 0.0263070 0.0281224 0.0437431 0.0163829 0.0144210 0.0220359 0.0116075 0.0019769 0.0034456 0.0221217 0.2157705 0.0148944 0.0000000 0.0068725 0.0228270 0.2270234
 58 N  58 0.0093155 0.0104894 0.4262819 0.0098183 0.0009488 0.0979651 0.0184148 0.0117849 0.0193946 0.0104794 0.0270292 0.0221093 0.0100179 0.0000000 0.0101957 0.0378652 0.0279864 0.0077744 0.0054697 0.0083216 0.2283379
 59 F  59 0.0020507 0.0146069 0.0190709 0.0071195 0.0132140 0.1022865 0.0173957 0.0186267 0.0118466 0.0121144 0.0239173 0.0201161 0.0072831 0.2385516 0.0115496 0.0175957 0.0251803 0.0006937 0.1965133 0.0166494 0.2236182
 60 A  60 0.0292673 0.0954979 0.0156427 0.0039898 0.0238981 0.0082326 0.0191767 0.0240744 0.0077807 0.0171356 0.0256643 0.0232161 0.0000000 0.0053382 0.0300857 0.0396488 0.0206473 0.0058247 0.0135420 0.3148290 0.2765080
 61 V  61 0.0144871 0.0450521 0.0147366 0.0212065 0.0037669 0.0469771 0.0922469 0.0131194 0.0061958 0.0313601 0.1073576 0.1511640 0.0146755 0.0110461 0.0173083 0.0487712 0.0601293 0.0000000 0.0100261 0.0157393 0.2746342
 62 Q  62 0.0130134 0.0148899 0.0141133 0.0245515 0.0057516 0.0249595 0.1233630 0.0134562 0.0083701 0.1082757 0.0948358 0.0397892 0.0231148 0.0211812 0.0601035 0.0266815 0.0308988 0.0000000 0.0089094 0.0409991 0.3027426
 63 I  63 0.0119218 0.0125694 0.0300772 0.0248465 0.0313471 0.0089872 0.0250916 0.0093680 0.0310696 0.1256830 0.0716366 0.0107481 0.0243318 0.0930256 0.0328358 0.0271546 0.0449308 0.0009310 0.0327119 0.0318385 0.3188941
 64 N  64 0.0861036 0.0371687 0.0132063 0.0456531 0.0230315 0.0200149 0.0420204 0.0105615 0.0137385 0.0289795 0.0640276 0.0720956 0.0067280 0.0158677 0.0652107 0.0390609 0.0540390 0.0000000 0.0118329 0.0249959 0.3256636
 65 E  65 0.0275077 0.0410415 0.0243041 0.0570654 0.0088041 0.0168289 0.0537096 0.1018081 0.0057759 0.0133206 0.0338643 0.0451551 0.0124465 0.0022117 0.0612079 0.0566615 0.0269172 0.0058966 0.0130917 0.0553468 0.3370348
 66 H  66 0.0346554 0.0176140 0.0163685 0.0449363 0.0125874 0.0252329 0.0617448 0.0258613 0.0128450 0.0324619 0.0616719 0.0983564 0.0233282 0.0135386 0.0563257 0.0567462 0.0274269 0.0030113 0.0145331 0.0192038 0.3415503
 67 H  67 0.0239557 0.0312916 0.0173494 0.0773870 0.0110333 0.0758338 0.0763722 0.0245178 0.0138943 0.0150429 0.0202289 0.0266234 0.0191808 0.0160118 0.0649907 0.0477567 0.0511923 0.0031169 0.0215498 0.0281169 0.3345539
 68 H  68 0.0215305 0.0129815 0.0269367 0.0280337 0.0055101 0.0207472 0.0660297 0.0103078 0.0060886 0.0447511 0.1172180 0.0751864 0.0079142 0.0210121 0.1072899 0.0478846 0.0291945 0.0000000 0.0027920 0.0152554 0.3333361
 69 H  69 0.0246948 0.0542928 0.0254606 0.0460074 0.0091625 0.0118346 0.1108758 0.0318390 0.0194940 0.0181619 0.0285515 0.0364981 0.0057092 0.0126603 0.0567009 0.0964286 0.0370423 0.0074676 0.0167392 0.0138276 0.3365514
 70 H  70 0.0405133 0.0147537 0.0157002 0.1010512 0.0047610 0.0570481 0.0456778 0.0639579 0.0190771 0.0094464 0.0375039 0.0476604 0.0281072 0.0220701 0.0332447 0.0396451 0.0270445 0.0053618 0.0100380 0.0411947 0.3361431
 71 H  71 0.0395163 0.0069605 0.0421867 0.0397522 0.0037398 0.0370831 0.0364203 0.1144442 0.0209057 0.0287667 0.0181953 0.0363396 0.0099400 0.0146678 0.0535418 0.0675597 0.0546795 0.0012821 0.0114070 0.0200510 0.3425605
 72 M  72 0.0245505 0.0301978 0.0310198 0.0216712 0.0067658 0.0262009 0.0222195 0.0169517 0.0390317 0.0421969 0.0310578 0.0268237 0.2564546 0.0284437 0.0387916 0.0302255 0.0231389 0.0300119 0.0033898 0.0143112 0.2565454
 73 Q  73 0.0203260 0.0202664 0.0479290 0.0191019 0.0368803 0.2463260 0.0652363 0.0194691 0.0206016 0.0316672 0.0140839 0.0466287 0.0167379 0.0191588 0.0197799 0.0233131 0.0481262 0.0027374 0.0060131 0.0176975 0.2579199
 74 I  74 0.0518334 0.0096404 0.0221029 0.0197370 0.0032994 0.0173680 0.0100474 0.0110328 0.0169827 0.2861298 0.0655546 0.0316201 0.0108057 0.0297230 0.0201732 0.0424233 0.0258327 0.0011573 0.0058208 0.0629377 0.2557779
 75 F  75 0.0038316 0.0077311 0.0287630 0.0377475 0.0047444 0.0283121 0.0228408 0.0247048 0.0065797 0.0410622 0.0162746 0.0523837 0.0118682 0.3082497 0.0418785 0.0491175 0.0208225 0.0018557 0.0166429 0.0301598 0.2444299
 76 V  76 0.0285465 0.0107310 0.0102373 0.0154751 0.0000000 0.0207836 0.0325655 0.0127146 0.0000000 0.0990151 0.0572550 0.0426131 0.0081970 0.0110980 0.0407589 0.0322741 0.0283511 0.0067390 0.0052396 0.2931943 0.2442111
 77 K  77 0.0101454 0.0507440 0.0245378 0.0136512 0.0000000 0.0405858 0.0345147 0.0080816 0.0237561 0.0163693 0.0198913 0.4010051 0.0108805 0.0054091 0.0312027 0.0362535 0.0223056 0.0013849 0.0055047 0.0058254 0.2379514
 78 T  78 0.0254378 0.0289206 0.0406797 0.0097889 0.0025656 0.0170260 0.0476581 0.0158973 0.0033722 0.0109381 0.0403323 0.0379738 0.0191565 0.0060820 0.0260645 0.0515265 0.3485407 0.0000000 0.0050530 0.0251344 0.2378521
 79 L  79 0.0224503 0.0165362 0.0148058 0.0097672 0.0000000 0.0067401 0.0586476 0.0031062 0.0050541 0.0370261 0.3671360 0.0277406 0.0160125 0.0236210 0.0343395 0.0670125 0.0329837 0.0022901 0.0014026 0.0154760 0.2378521
 80 T  80 0.0261598 0.0409552 0.0161499 0.0582738 0.0121406 0.0267308 0.0332063 0.0267224 0.0041518 0.0265071 0.0101447 0.0538542 0.0042629 0.0081179 0.0365801 0.0506501 0.3126514 0.0007470 0.0024993 0.0124290 0.2370656
 81 G  81 0.0152534 0.0381163 0.0211881 0.0175685 0.0035699 0.0109425 0.0174055 0.3916609 0.0154596 0.0113486 0.0294881 0.0431109 0.0236022 0.0037317 0.0518570 0.0370091 0.0107593 0.0012357 0.0030207 0.0176588 0.2360134
 82 K  82 0.0143040 0.0405462 0.0260489 0.0121523 0.0068765 0.0363270 0.0407130 0.0332408 0.0129682 0.0124798 0.0340251 0.3308240 0.0102391 0.0145985 0.0274471 0.0289280 0.0380231 0.0047883 0.0073263 0.0321302 0.2360134
 83 T  83 0.0312956 0.0099846 0.0408452 0.0132052 0.0163552 0.0343489 0.0526478 0.0221389 0.0228089 0.0410459 0.0208281 0.0274089 0.0127231 0.0033573 0.0331946 0.0464698 0.3187123 0.0062938 0.0027720 0.0197520 0.2238120
 84 I  84 0.0205281 0.0244692 0.0107234 0.0033910 0.0035067 0.0295799 0.0249848 0.0136202 0.0207981 0.3496838 0.0176671 0.0218352 0.0130251 0.0640703 0.0485533 0.0249092 0.0206266 0.0000000 0.0164395 0.0537388 0.2178498
 85 T  85 0.0582576 0.0078282 0.0166994 0.0200774 0.0025999 0.0152265 0.0878654 0.0030607 0.0043316 0.0314480 0.0222327 0.0269509 0.0101033 0.0135096 0.0641564 0.0417829 0.3370748 0.0011535 0.0057309 0.0251288 0.2047819
 86 L  86 0.0077196 0.0106599 0.0148535 0.0251160 0.0060881 0.0121122 0.0352796 0.0110377 0.0110981 0.0611770 0.3491507 0.0249546 0.0108952 0.0142159 0.0203755 0.0664453 0.0403834 0.0026164 0.0383699 0.0308706 0.2065810
 87 E  87 0.0164076 0.0589559 0.0365495 0.1117947 0.0009953 0.0259126 0.2364884 0.0200406 0.0112763 0.0106629 0.0406088 0.0613051 0.0095341 0.0167459 0.0239996 0.0618902 0.0236219 0.0020973 0.0036923 0.0169887 0.2104322
 88 V  88 0.0570093 0.0006032 0.0149231 0.0043922 0.0034047 0.0040517 0.0143653 0.0076126 0.0054680 0.0748688 0.0385695 0.0323259 0.0092565 0.0100615 0.0219845 0.0358476 0.0212483 0.0000000 0.0080356 0.4324110 0.2035607
 89 E  89 0.0083658 0.0402145 0.0340474 0.0667787 0.0022892 0.0454796 0.2864498 0.0209861 0.0218988 0.0203825 0.0370290 0.0345635 0.0210262 0.0117313 0.0161634 0.0772985 0.0129834 0.0060276 0.0108952 0.0145024 0.2108870
 90 P  90 0.0305649 0.0489999 0.0388853 0.0059331 0.0033844 0.0429924 0.0447802 0.0227198 0.0159637 0.0183928 0.0379031 0.0240963 0.0079248 0.0071648 0.2292969 0.1594613 0.0164020 0.0000000 0.0077963 0.0279673 0.2093707
 91 S  91 0.0205843 0.0160428 0.0712782 0.0531001 0.0171216 0.0079303 0.0462108 0.0349337 0.0029625 0.0202903 0.0257542 0.0403924 0.0198633 0.0215207 0.0161691 0.2969710 0.0682490 0.0049526 0.0067299 0.0054224 0.2035207
 92 D  92 0.0253135 0.0053341 0.0289141 0.3525917 0.0156739 0.0099926 0.0741723 0.0101329 0.0120881 0.0045757 0.0324291 0.0167204 0.0180060 0.0069959 0.0216788 0.0637503 0.0402457 0.0008197 0.0402606 0.0145893 0.2057151
 93 T  93 0.0257806 0.0340411 0.0199795 0.0136079 0.0011674 0.0245755 0.0215014 0.0232105 0.0007636 0.0276046 0.0184725 0.0539335 0.0089628 0.0008835 0.0212252 0.0691130 0.3984117 0.0000000 0.0301216 0.0064051 0.2002390
 94 I  94 0.0228993 0.0167541 0.0192131 0.0166107 0.0000000 0.0213991 0.0172169 0.0132798 0.0177933 0.3159466 0.0283429 0.0144569 0.0050787 0.0034502 0.0174418 0.0134956 0.0135703 0.0000000 0.0370761 0.2047046 0.2012699
 95 E  95 0.0322384 0.0087107 0.0226132 0.1354976 0.0009391 0.0103952 0.2639292 0.0710241 0.0005933 0.0218367 0.0302157 0.0400542 0.0110334 0.0061759 0.0279576 0.0629567 0.0195202 0.0000000 0.0193924 0.0129542 0.2019624
 96 N  96 0.0248995 0.0322706 0.2339263 0.0868688 0.0040787 0.0357695 0.0253817 0.0086098 0.0149090 0.0302383 0.0437850 0.0300992 0.0067537 0.0060321 0.0178375 0.0743478 0.0582607 0.0025127 0.0303236 0.0314874 0.2016078
 97 V  97 0.0054565 0.0063693 0.0000000 0.0122235 0.0035331 0.0091567 0.0349427 0.0181541 0.0023276 0.1467126 0.1056732 0.0078745 0.0032300 0.0289650 0.0336920 0.0048524 0.0054800 0.0000000 0.0044046 0.3690753 0.1978770
 98 K  98 0.0175007 0.0193377 0.0043235 0.0335657 0.0000000 0.0087264 0.0401360 0.0050209 0.0242414 0.0057882 0.0421583 0.5321907 0.0085232 0.0014045 0.0149566 0.0123102 0.0260185 0.0000000 0.0015754 0.0020219 0.2002003
 99 A  99 0.2331261 0.0148134 0.0334224 0.0512455 0.0041610 0.0631827 0.1018227 0.0348689 0.0039800 0.0131368 0.0188590 0.0458534 0.0069914 0.0044259 0.0110142 0.0769340 0.0366553 0.0000000 0.0194129 0.0229888 0.2031055
100 K 100 0.0123919 0.0619077 0.0315679 0.0279052 0.0000000 0.0434471 0.0177481 0.0125909 0.0063540 0.0171872 0.0625904 0.3499924 0.0459116 0.0009416 0.0214143 0.0239000 0.0264192 0.0020204 0.0193929 0.0060059 0.2103115
101 I 101 0.0111768 0.0192267 0.0127146 0.0031304 0.0027142 0.0023390 0.0072199 0.0091829 0.0120108 0.4675223 0.0553918 0.0099459 0.0141936 0.0087195 0.0118263 0.0116459 0.0093690 0.0000000 0.0000000 0.1187981 0.2128725
102 Q 102 0.0285593 0.0193827 0.0193212 0.0240327 0.0011156 0.3322608 0.1010900 0.0084285 0.0166571 0.0148283 0.0490044 0.0259979 0.0054214 0.0183814 0.0168359 0.0346626 0.0230552 0.0000000 0.0259595 0.0189277 0.2160777
103 D 103 0.0270003 0.0280625 0.0274464 0.3186680 0.0024244 0.0237784 0.1525471 0.0269570 0.0088094 0.0216889 0.0076434 0.0185520 0.0028889 0.0000000 0.0126394 0.0312421 0.0295101 0.0000000 0.0107404 0.0304710 0.2189301
104 K 104 0.0252112 0.0502575 0.0095850 0.0189445 0.0006377 0.0134192 0.0505806 0.0159824 0.0083142 0.0184287 0.0400572 0.3890200 0.0137843 0.0076834 0.0229915 0.0358242 0.0339510 0.0000000 0.0000000 0.0294177 0.2159096
105 E 105 0.0103557 0.0040024 0.0063290 0.0271945 0.0037387 0.0506093 0.4807174 0.0129350 0.0055529 0.0082059 0.0114312 0.0423419 0.0040955 0.0021108 0.0105852 0.0259162 0.0579143 0.0000000 0.0027045 0.0176768 0.2155826
106 G 106 0.0062538 0.0343862 0.0188941 0.0399485 0.0022737 0.0030153 0.0231109 0.5166739 0.0071012 0.0019255 0.0182137 0.0258815 0.0018085 0.0048855 0.0140668 0.0234302 0.0159269 0.0007260 0.0025212 0.0097787 0.2291778
107 I 107 0.0101017 0.0161774 0.0030410 0.0045062 0.0014903 0.0022590 0.0274634 0.0058474 0.0037769 0.4728057 0.0158442 0.0047115 0.0150133 0.0074156 0.0059587 0.0142150 0.0187214 0.0000000 0.0274826 0.0957148 0.2474539
108 P 108 0.0186009 0.0206328 0.0198380 0.0170823 0.0059513 0.0471107 0.0112247 0.0056763 0.0029331 0.0099036 0.0199389 0.0148183 0.0213144 0.0083143 0.4497875 0.0384092 0.0177975 0.0000000 0.0203997 0.0065211 0.2437454
109 P 109 0.0402896 0.0121656 0.0085109 0.0101475 0.0100885 0.0112582 0.0294372 0.0073254 0.0047561 0.0321612 0.0277914 0.0099612 0.0050237 0.0015553 0.4119142 0.0388310 0.0094730 0.0083499 0.0017692 0.0819352 0.2372556
110 D 110 0.0358681 0.0186632 0.0377023 0.3407828 0.0088238 0.0101079 0.0443788 0.0183473 0.0283936 0.0231553 0.0204549 0.0407377 0.0018839 0.0104849 0.0223206 0.0381800 0.0182359 0.0000000 0.0143726 0.0246876 0.2424186
111 Q 111 0.0059347 0.0205051 0.0051646 0.0364864 0.0065762 0.4829151 0.0528054 0.0000000 0.0057524 0.0046530 0.0299322 0.0264752 0.0043144 0.0131919 0.0243087 0.0160405 0.0000000 0.0000000 0.0093981 0.0088068 0.2467392
112 Q 112 0.0111986 0.0061366 0.0013136 0.0019349 0.0007698 0.6067863 0.0023254 0.0000000 0.0062517 0.0311731 0.0077614 0.0047475 0.0039955 0.0000000 0.0076281 0.0188045 0.0154624 0.0000000 0.0000000 0.0146670 0.2590436
113 R 113 0.0009824 0.4993114 0.0063103 0.0136293 0.0059069 0.0034784 0.0025540 0.0132955 0.0309362 0.0070607 0.0107029 0.0679290 0.0128279 0.0013435 0.0121201 0.0183430 0.0112406 0.0000000 0.0000000 0.0109248 0.2711031
114 L 114 0.0092103 0.0000000 0.0111694 0.0000000 0.0000000 0.0000000 0.0063555 0.0217972 0.0000000 0.0111717 0.5711064 0.0017249 0.0130891 0.0013457 0.0169402 0.0099083 0.0014154 0.0000000 0.0020626 0.0290815 0.2936220
115 I 115 0.0072090 0.0017971 0.0000000 0.0066178 0.0000000 0.0086920 0.0047186 0.0000000 0.0000000 0.4948532 0.0573399 0.0123545 0.0056795 0.0124075 0.0000000 0.0308594 0.0116178 0.0000000 0.0042590 0.0528000 0.2887948
116 F 116 0.0073349 0.0092513 0.0210094 0.0000000 0.0177841 0.0000000 0.0000000 0.0223093 0.0253299 0.0107678 0.0158625 0.0276540 0.0220808 0.3859230 0.0104057 0.0290697 0.0103136 0.0187772 0.0781925 0.0041038 0.2838304
117 A 117 0.3010620 0.0310797 0.0549564 0.0240317 0.0034692 0.0320334 0.0271283 0.0456758 0.0037258 0.0000000 0.0114333 0.0402149 0.0031404 0.0402614 0.0096264 0.0491866 0.0096821 0.0030848 0.0161200 0.0092965 0.2847916
118 G 118 0.0073016 0.0147760 0.0220199 0.0084182 0.0074122 0.0119147 0.0020814 0.5174813 0.0000000 0.0080692 0.0230915 0.0402306 0.0000000 0.0076353 0.0113673 0.0321536 0.0037507 0.0000000 0.0000000 0.0057722 0.2765242
119 K 119 0.0069951 0.0702475 0.0148722 0.0215992 0.0000000 0.0330070 0.0243997 0.0023531 0.0141380 0.0115159 0.0141354 0.4058740 0.0174594 0.0037769 0.0226074 0.0277310 0.0249729 0.0000000 0.0032839 0.0064369 0.2745945
120 Q 120 0.0111029 0.0189534 0.0037671 0.0050629 0.0016838 0.4136204 0.0531502 0.0112120 0.0045905 0.0243083 0.0273041 0.0681783 0.0063133 0.0111099 0.0303385 0.0051716 0.0006708 0.0011521 0.0000000 0.0257021 0.2766077
121 L 121 0.0030848 0.0191581 0.0029859 0.0000000 0.0000000 0.0088279 0.0000000 0.0000000 0.0000000 0.0108711 0.5039365 0.0434982 0.0631250 0.0255618 0.0229809 0.0012572 0.0075693 0.0000000 0.0000000 0.0144439 0.2726994
122 E 122 0.0149218 0.0484230 0.0157773 0.0520528 0.0000000 0.0461147 0.4009763 0.0078657 0.0015270 0.0071649 0.0051337 0.0576755 0.0082292 0.0009314 0.0054892 0.0213602 0.0229216 0.0000000 0.0000000 0.0112258 0.2722097
123 D 123 0.0066031 0.0023131 0.0715868 0.4668679 0.0020819 0.0284257 0.0206103 0.0063753 0.0034633 0.0172681 0.0049076 0.0017481 0.0052861 0.0133764 0.0111856 0.0093590 0.0137198 0.0219595 0.0116737 0.0010318 0.2801567
124 G 124 0.0265311 0.0099138 0.0196213 0.0917872 0.0955267 0.0104784 0.0528368 0.3134685 0.0131287 0.0009841 0.0045413 0.0079710 0.0000000 0.0008605 0.0034817 0.0442497 0.0026289 0.0123742 0.0024343 0.0070397 0.2801420
125 R 125 0.0030198 0.3003607 0.0248665 0.0147524 0.0241177 0.0357420 0.0257068 0.0075943 0.0248747 0.0148389 0.0266045 0.1447351 0.0090445 0.0062751 0.0043774 0.0151998 0.0041485 0.0007309 0.0213061 0.0051182 0.2865862
126 T 126 0.0281438 0.0084784 0.0030737 0.0012907 0.0267911 0.0072689 0.0131398 0.0010085 0.0000000 0.0141964 0.0191550 0.0444758 0.0023569 0.0017964 0.0100273 0.0274281 0.4219870 0.0000000 0.0000000 0.0867398 0.2826425
127 L 127 0.0350813 0.0000000 0.0000000 0.0030108 0.0019881 0.0000000 0.0047231 0.0000000 0.0000000 0.0326492 0.5902977 0.0000000 0.0187106 0.0040506 0.0023868 0.0028546 0.0098225 0.0000000 0.0000000 0.0184629 0.2759619
128 S 128 0.1462044 0.0116858 0.0198159 0.0066734 0.0044411 0.0280147 0.0540699 0.0172444 0.0044790 0.0178441 0.0047846 0.0195474 0.0041607 0.0843912 0.0000000 0.2398689 0.0130088 0.0031587 0.0298476 0.0126534 0.2781061
129 D 129 0.0342274 0.0000000 0.0181790 0.4367052 0.0000000 0.0081915 0.0906788 0.0032982 0.0174937 0.0000000 0.0000000 0.0042685 0.0139613 0.0066070 0.0080101 0.0493533 0.0065027 0.0000000 0.0216075 0.0000000 0.2809157
130 Y 130 0.0177099 0.0000000 0.0011233 0.0006661 0.0352918 0.0000000 0.0000000 0.0000000 0.0066971 0.0073216 0.0089270 0.0037769 0.0000000 0.0020739 0.0000000 0.0084462 0.0046878 0.0000000 0.6088847 0.0048312 0.2895625
131 N 131 0.0101412 0.0031832 0.3793332 0.0463565 0.0039897 0.0199872 0.0152716 0.0528959 0.0163004 0.0186635 0.0096953 0.0561903 0.0036447 0.0033137 0.0030410 0.0486374 0.0035991 0.0026657 0.0042738 0.0042635 0.2945531
132 I 132 0.0282759 0.0000000 0.0000000 0.0000000 0.0000000 0.0000000 0.0000000 0.0046608 0.0000000 0.4762148 0.0339575 0.0000000 0.0022105 0.0051721 0.0645742 0.0030792 0.0018443 0.0000000 0.0034817 0.0639946 0.3125345
133 Q 133 0.0109933 0.0326504 0.0021828 0.0054167 0.0089099 0.3692690 0.0566699 0.0087563 0.0166833 0.0087931 0.0202347 0.0539334 0.0005355 0.0000000 0.0084939 0.0257251 0.0460653 0.0024378 0.0021311 0.0111986 0.3089199
134 K 134 0.0405022 0.0131770 0.1483252 0.0438166 0.0007388 0.0080976 0.0415410 0.0236313 0.0092073 0.0018311 0.0000000 0.2787917 0.0069609 0.0000000 0.0187401 0.0330894 0.0017162 0.0000000 0.0078018 0.0000000 0.3220318
135 E 135 0.0108007 0.0030880 0.0168223 0.0636236 0.0000000 0.0094940 0.3504788 0.1522106 0.0132790 0.0000000 0.0089950 0.0238157 0.0000000 0.0000000 0.0055831 0.0050057 0.0000000 0.0016658 0.0031330 0.0022617 0.3297430
136 S 136 0.0556442 0.0025486 0.0099123 0.1181856 0.0185379 0.0034697 0.0142282 0.0084809 0.0138764 0.0030461 0.0057369 0.0000000 0.0037517 0.0027857 0.0031141 0.3927225 0.0065058 0.0000000 0.0045324 0.0006276 0.3322935
137 T 137 0.0039375 0.0013034 0.0050738 0.0000000 0.0026057 0.0139111 0.1070054 0.0028864 0.0000000 0.0318574 0.0118905 0.0016266 0.0049901 0.0034817 0.0067243 0.0084054 0.4156555 0.0000000 0.0000000 0.0457289 0.3329164
138 L 138 0.0015140 0.0000000 0.0000000 0.0052527 0.0000000 0.0000000 0.0000000 0.0000000 0.0000000 0.1188331 0.5056863 0.0000000 0.0044344 0.0032126 0.0000000 0.0000000 0.0000000 0.0000000 0.0000000 0.0203174 0.3407495
139 H 139 0.0037387 0.0133107 0.0151180 0.0307309 0.0017201 0.0145567 0.0555761 0.0000000 0.4005110 0.0000000 0.0112409 0.0171900 0.0000000 0.0013323 0.0023940 0.0110955 0.0090712 0.0000000 0.0377126 0.0038841 0.3708173
140 L 140 0.0009252 0.0000000 0.0000000 0.0000000 0.0000000 0.0012574 0.0048246 0.0009004 0.0030632 0.0052886 0.5567507 0.0000000 0.0330261 0.0025394 0.0034970 0.0000000 0.0000000 0.0018443 0.0000000 0.0113776 0.3747055
141 V 141 0.0174350 0.0018924 0.0063089 0.0033652 0.0050333 0.0095767 0.0097055 0.0025984 0.0000000 0.0279103 0.0174808 0.0058221 0.0029631 0.0102053 0.0006678 0.0079355 0.0169016 0.0000000 0.0013101 0.4214635 0.4314244
142 L 142 0.0063650 0.0053614 0.0000000 0.0000000 0.0009636 0.0081669 0.0037067 0.0126086 0.0018085 0.0077526 0.4373470 0.0020624 0.0084925 0.0071466 0.0017692 0.0092273 0.0080263 0.0005592 0.0042519 0.0211090 0.4532753
143 R 143 0.0487672 0.3675627 0.0066813 0.0020626 0.0077316 0.0101090 0.0007637 0.0030055 0.0082275 0.0000000 0.0007850 0.0275324 0.0000000 0.0000000 0.0049916 0.0101110 0.0094352 0.0017255 0.0021283 0.0023801 0.4859998
144 L 144 0.0000000 0.0021912 0.0009485 0.0000000 0.0034662 0.0095802 0.0070664 0.0000000 0.0026557 0.0085268 0.3946379 0.0000000 0.0333706 0.0064855 0.0028722 0.0000000 0.0000000 0.0013625 0.0000000 0.0029154 0.5239208
145 R 145 0.0054503 0.3772192 0.0000000 0.0000000 0.0183849 0.0049838 0.0022392 0.0018952 0.0037512 0.0021444 0.0126345 0.0099901 0.0000000 0.0060582 0.0052894 0.0030060 0.0096965 0.0000000 0.0000000 0.0015754 0.5356817
146 G 146 0.0000000 0.0014003 0.0000000 0.0042870 0.0052356 0.0000000 0.0009704 0.4210856 0.0016059 0.0000000 0.0000000 0.0000000 0.0000000 0.0000000 0.0000000 0.0026983 0.0000000 0.0000000 0.0000000 0.0000000 0.5627169
147 G 147 0.0000000 0.0000000 0.0000000 0.0000000 0.0000000 0.0000000 0.0000000 0.3757460 0.0000000 0.0000000 0.0000000 0.0000000 0.0000000 0.0000000 0.0000000 0.0000000 0.0000000 0.0000000 0.0000000 0.0000000 0.6242540
