   63         A         R         N         D         C         Q         E         G         H         I         L         K         M         F         P         S         T         W         Y         V    
  1 G   1 0.2352955 0.0000000 0.2904854 0.0000000 0.0000000 0.0000000 0.0000000 0.3247246 0.0000000 0.0000000 0.0000000 0.0000000 0.0000000 0.0000000 0.0000000 0.1494945 0.0000000 0.0000000 0.0000000 0.0000000
  2 P   2 0.0668741 0.0000000 0.0082588 0.0068788 0.0000000 0.0101129 0.2426911 0.0368952 0.0092501 0.0000000 0.0083041 0.0261658 0.0000000 0.0000000 0.4725596 0.0530641 0.0000000 0.0000000 0.0488326 0.0101129
  3 L   3 0.0184116 0.0034933 0.0000000 0.0117359 0.0000000 0.0030785 0.0116918 0.0000000 0.0000000 0.1659070 0.6050049 0.0044290 0.0556498 0.0113056 0.0187490 0.0081499 0.0049968 0.0000000 0.0000000 0.0773969
  4 G   4 0.0201690 0.0612447 0.0094466 0.1302761 0.0252791 0.1758953 0.3387899 0.0845542 0.0253935 0.0000000 0.0064398 0.0512307 0.0000000 0.0050155 0.0222512 0.0208979 0.0110145 0.0040976 0.0000000 0.0080043
  5 S   5 0.0522194 0.0274428 0.0400685 0.1488305 0.0000000 0.0344342 0.3498518 0.0000000 0.0038486 0.0000000 0.0000000 0.0908032 0.0000000 0.0000000 0.0365943 0.1996442 0.0065224 0.0000000 0.0018154 0.0079246
  6 K   6 0.0352438 0.0593770 0.0350801 0.1781718 0.0112023 0.1311504 0.3269899 0.0000000 0.0194077 0.0205642 0.0121270 0.0773455 0.0030212 0.0066161 0.0035777 0.0332446 0.0307781 0.0000000 0.0054181 0.0106845
  7 Y   7 0.0730888 0.0151800 0.0018809 0.0086631 0.0000000 0.0048434 0.0478596 0.0116548 0.0056557 0.0169672 0.3394908 0.0000000 0.0068422 0.2452076 0.0000000 0.0094705 0.0108933 0.0000000 0.1059229 0.0963792
  8 E   8 0.0117203 0.0716677 0.0292019 0.0506410 0.0294003 0.0376085 0.2199607 0.0024498 0.0101074 0.0187495 0.0979279 0.0679175 0.0371941 0.0026371 0.0000000 0.1100973 0.1942537 0.0000000 0.0014440 0.0070213
  9 C   9 0.0000000 0.0000000 0.0000000 0.0000000 1.0000000 0.0000000 0.0000000 0.0000000 0.0000000 0.0000000 0.0000000 0.0000000 0.0000000 0.0000000 0.0000000 0.0000000 0.0000000 0.0000000 0.0000000 0.0000000
 10 P  10 0.0976468 0.0071379 0.0784480 0.0000000 0.0094817 0.0333205 0.0224828 0.0028006 0.0066285 0.0000000 0.0128372 0.0000000 0.0015200 0.0022586 0.4162090 0.2531435 0.0525881 0.0000000 0.0034970 0.0000000
 11 I  11 0.0000000 0.0000000 0.0000000 0.0000000 0.0000000 0.0000000 0.0000000 0.0060778 0.0000000 0.7205612 0.0636835 0.0183201 0.0000000 0.0119002 0.0000000 0.0000000 0.0000000 0.0000000 0.0000000 0.1794572
 12 C  12 0.0000000 0.0000000 0.0000000 0.0000000 1.0000000 0.0000000 0.0000000 0.0000000 0.0000000 0.0000000 0.0000000 0.0000000 0.0000000 0.0000000 0.0000000 0.0000000 0.0000000 0.0000000 0.0000000 0.0000000
 13 L  13 0.0000000 0.0220756 0.0020694 0.0034165 0.0085708 0.0320730 0.0028319 0.0115756 0.0341712 0.0223308 0.6373435 0.0551849 0.0560261 0.0595172 0.0000000 0.0063111 0.0076128 0.0032066 0.0274506 0.0082324
 14 M  14 0.0119458 0.0105521 0.0257445 0.4550717 0.0123210 0.0371270 0.2799246 0.0367535 0.0052129 0.0030748 0.0400018 0.0079422 0.0204184 0.0048856 0.0000000 0.0360284 0.0115007 0.0000000 0.0014950 0.0000000
 15 A  15 0.0409859 0.0047907 0.0105706 0.0147914 0.0021202 0.0031795 0.0205797 0.0119541 0.0049065 0.0826532 0.2368250 0.0028208 0.0412466 0.0725433 0.0594326 0.0408769 0.0712932 0.0245548 0.1203702 0.1335050
 16 L  16 0.0695813 0.0000000 0.0000000 0.0000000 0.0073332 0.0000000 0.0000000 0.0000000 0.0000000 0.0540500 0.4088752 0.0000000 0.0451909 0.3255087 0.0282687 0.0058040 0.0021345 0.0000000 0.0353153 0.0179381
 17 R  17 0.0069492 0.1913382 0.0485105 0.0477462 0.0233944 0.0529650 0.0519529 0.0027464 0.0300971 0.0073901 0.0039965 0.2605719 0.0039200 0.0091227 0.0000000 0.0498815 0.1624780 0.0000000 0.0200212 0.0269182
 18 E  18 0.0161984 0.0091031 0.1222739 0.4650664 0.0013409 0.0279581 0.2634344 0.0089072 0.0047852 0.0019828 0.0100360 0.0282753 0.0039117 0.0031179 0.0000000 0.0187389 0.0055007 0.0000000 0.0016856 0.0076836
 19 A  19 0.1110243 0.0036428 0.0000000 0.0000000 0.0035494 0.0000000 0.0000000 0.0000000 0.0000000 0.0047609 0.0027214 0.0000000 0.0000000 0.0000000 0.8393147 0.0000000 0.0317584 0.0000000 0.0032282 0.0000000
 20 V  20 0.0116288 0.0090766 0.0000000 0.0000000 0.0019196 0.0058589 0.0000000 0.0000000 0.0217287 0.0356926 0.0358711 0.0128124 0.0495641 0.0373176 0.0000000 0.0271875 0.0166538 0.0000000 0.0092815 0.7254067
 21 Q  21 0.0253666 0.0029574 0.0037795 0.0000000 0.0000000 0.0808677 0.0047644 0.0000000 0.0000000 0.1740123 0.1001298 0.0066583 0.0384985 0.0028837 0.0000000 0.1847309 0.2552391 0.0000000 0.0039275 0.1161842
 22 T  22 0.0043214 0.0000000 0.0000000 0.0000000 0.0047644 0.0000000 0.0000000 0.0000000 0.0000000 0.1968934 0.1417603 0.0000000 0.0042314 0.0000000 0.0000000 0.0331066 0.5961550 0.0000000 0.0000000 0.0187675
 23 P  23 0.0662050 0.0294013 0.0227526 0.0957105 0.0151737 0.0223123 0.0954966 0.0265504 0.0324226 0.0013180 0.0218537 0.0974475 0.0175692 0.0046503 0.2593394 0.1333026 0.0472599 0.0000000 0.0030606 0.0081737
 24 C  24 0.0000000 0.0000000 0.0000000 0.0000000 1.0000000 0.0000000 0.0000000 0.0000000 0.0000000 0.0000000 0.0000000 0.0000000 0.0000000 0.0000000 0.0000000 0.0000000 0.0000000 0.0000000 0.0000000 0.0000000
 25 G  25 0.0670019 0.0041435 0.0026452 0.0365962 0.0069272 0.0078812 0.0000000 0.7504503 0.0034121 0.0000000 0.0286438 0.0189118 0.0066409 0.0000000 0.0000000 0.0591129 0.0076332 0.0000000 0.0000000 0.0000000
 26 H  26 0.0000000 0.0000000 0.0108501 0.0000000 0.0000000 0.0000000 0.0000000 0.0000000 0.9891499 0.0000000 0.0000000 0.0000000 0.0000000 0.0000000 0.0000000 0.0000000 0.0000000 0.0000000 0.0000000 0.0000000
 27 R  27 0.0112511 0.1413670 0.2192821 0.0000000 0.0043430 0.0091695 0.0000000 0.0000000 0.0144282 0.0412369 0.0880050 0.0122291 0.0027442 0.0025170 0.0018124 0.2469169 0.1209278 0.0034313 0.0013436 0.0789947
 28 F  28 0.0000000 0.0000000 0.0000000 0.0000000 0.0000000 0.0000000 0.0000000 0.0000000 0.0000000 0.0000000 0.0100453 0.0000000 0.0111634 0.8772586 0.0000000 0.0000000 0.0000000 0.0000000 0.0967422 0.0047904
 29 C  29 0.0000000 0.0000000 0.0000000 0.0134306 0.9756540 0.0000000 0.0000000 0.0109154 0.0000000 0.0000000 0.0000000 0.0000000 0.0000000 0.0000000 0.0000000 0.0000000 0.0000000 0.0000000 0.0000000 0.0000000
 30 K  30 0.0077541 0.2789407 0.0100267 0.0070398 0.0036117 0.0986477 0.0266015 0.0121950 0.0304979 0.0028330 0.0200861 0.1785907 0.0571281 0.0077910 0.0000000 0.0786756 0.0066439 0.1146490 0.0582875 0.0000000
 31 A  31 0.0952765 0.0246387 0.0600416 0.0854928 0.0104124 0.0300844 0.1095861 0.0615620 0.0237543 0.0235981 0.0357725 0.0293097 0.0231090 0.0347373 0.0763391 0.1884774 0.0600788 0.0000000 0.0138119 0.0139173
 32 C  32 0.0000000 0.0000000 0.0000000 0.0000000 1.0000000 0.0000000 0.0000000 0.0000000 0.0000000 0.0000000 0.0000000 0.0000000 0.0000000 0.0000000 0.0000000 0.0000000 0.0000000 0.0000000 0.0000000 0.0000000
 33 I  33 0.0000000 0.0000000 0.0000000 0.0000000 0.0000000 0.0000000 0.0000000 0.0000000 0.0000000 0.6216108 0.2807173 0.0000000 0.0417156 0.0081064 0.0000000 0.0000000 0.0080854 0.0000000 0.0000000 0.0397645
 34 I  34 0.0240935 0.1102877 0.0414039 0.0321599 0.0173097 0.0629526 0.0725630 0.0347287 0.0438437 0.0425197 0.1000331 0.0698670 0.0132871 0.0211842 0.0000000 0.0748742 0.1489283 0.0000000 0.0537638 0.0362000
 35 K  35 0.0558181 0.2008161 0.0266959 0.0940340 0.0026853 0.1821937 0.0546211 0.0321231 0.0180931 0.0064236 0.0120971 0.1161532 0.0055884 0.0000000 0.0163305 0.0552747 0.1124688 0.0029999 0.0000000 0.0055833
 36 S  36 0.0528452 0.0042103 0.0264148 0.0000000 0.1255691 0.0033748 0.0000000 0.0026216 0.0900897 0.0285199 0.0640397 0.0033900 0.0029098 0.0375406 0.0023528 0.1470218 0.0444230 0.1975570 0.0841160 0.0830039
 37 I  37 0.0092861 0.0182995 0.0000000 0.0027579 0.0205782 0.0000000 0.0000000 0.0168908 0.0029747 0.1266297 0.3435021 0.0027742 0.0279401 0.0102680 0.0000000 0.0091975 0.0043884 0.3534232 0.0059941 0.0450956
 38 R  38 0.0395571 0.2431121 0.0677123 0.0925600 0.0000000 0.1061170 0.1510446 0.0214879 0.0466473 0.0026960 0.0049130 0.1035261 0.0000000 0.0000000 0.0000000 0.0932635 0.0181653 0.0000000 0.0046744 0.0045233
 39 D  39 0.0169316 0.0484035 0.1243604 0.0992171 0.0018376 0.0400425 0.1995345 0.0268139 0.0177963 0.0038622 0.0162580 0.1063330 0.0071789 0.0000000 0.0251784 0.1849921 0.0506633 0.0000000 0.0000000 0.0305967
 40 A  40 0.0693935 0.0634089 0.0321581 0.0295112 0.0127199 0.0342621 0.1014102 0.1669651 0.0607715 0.0123137 0.0476967 0.1339459 0.0031124 0.0066446 0.0348969 0.1205620 0.0424556 0.0034441 0.0047938 0.0195338
 41 G  41 0.0411700 0.0637051 0.1132814 0.0284412 0.0000000 0.1191346 0.0859543 0.1844281 0.0119574 0.0144324 0.0015741 0.0416061 0.0055158 0.0000000 0.0457211 0.1151017 0.0833028 0.0000000 0.0041126 0.0405614
 42 H  42 0.0470897 0.0355519 0.0439647 0.0343840 0.0349553 0.0826516 0.0079772 0.0438101 0.1255126 0.0064595 0.0269153 0.0999826 0.0000000 0.0556559 0.1773335 0.0972636 0.0165928 0.0056191 0.0566819 0.0015988
 43 K  43 0.0235209 0.0917283 0.0258049 0.0089577 0.0423365 0.0793195 0.1508768 0.0000000 0.0213748 0.0211400 0.0420545 0.1916126 0.0071894 0.0153325 0.0543012 0.1345049 0.0561495 0.0000000 0.0112084 0.0225876
 44 C  44 0.0000000 0.0000000 0.0000000 0.0000000 1.0000000 0.0000000 0.0000000 0.0000000 0.0000000 0.0000000 0.0000000 0.0000000 0.0000000 0.0000000 0.0000000 0.0000000 0.0000000 0.0000000 0.0000000 0.0000000
 45 P  45 0.0000000 0.0060942 0.0000000 0.0000000 0.0000000 0.0000000 0.0000000 0.0000000 0.0000000 0.0000000 0.0000000 0.0000000 0.0058016 0.0042233 0.9648879 0.0064250 0.0125681 0.0000000 0.0000000 0.0000000
 46 V  46 0.0405372 0.0023765 0.0089240 0.0122420 0.0287628 0.1330438 0.0839865 0.0000000 0.0022356 0.0585156 0.2352774 0.0160460 0.0643610 0.0024430 0.0000000 0.0147534 0.0368126 0.0000000 0.0057868 0.2538958
 47 D  47 0.0000000 0.0000000 0.0000000 0.0876661 0.9123339 0.0000000 0.0000000 0.0000000 0.0000000 0.0000000 0.0000000 0.0000000 0.0000000 0.0000000 0.0000000 0.0000000 0.0000000 0.0000000 0.0000000 0.0000000
 48 N  48 0.0103125 0.5173986 0.0899874 0.0081535 0.0030821 0.0344467 0.0079330 0.0257492 0.0049206 0.0017265 0.0092218 0.2457361 0.0128733 0.0033611 0.0000000 0.0190284 0.0020150 0.0040541 0.0000000 0.0000000
 49 E  49 0.1319938 0.0654229 0.0408680 0.0100903 0.0078689 0.1052658 0.2108723 0.0501552 0.0465322 0.0250324 0.0125598 0.1386655 0.0101460 0.0036178 0.0000000 0.0454517 0.0687739 0.0000000 0.0061910 0.0204923
 50 I  50 0.0401392 0.0512384 0.0240667 0.0308934 0.0047677 0.0226757 0.1066392 0.0167659 0.0264875 0.0392551 0.0321961 0.0775863 0.0119475 0.0031231 0.1552393 0.1259426 0.1173048 0.0013866 0.0302248 0.0821200
 51 L  51 0.0305310 0.0000000 0.0000000 0.0248757 0.0628433 0.0025242 0.0023973 0.0016250 0.0000000 0.1400925 0.2532011 0.0000000 0.0087057 0.1956740 0.0000000 0.0680303 0.0048392 0.0000000 0.0536219 0.1510387
 52 L  52 0.0343463 0.0573171 0.0220488 0.0327886 0.0038803 0.1271951 0.0306644 0.0175923 0.0116656 0.0100897 0.0604365 0.0742880 0.0122533 0.0045097 0.0696821 0.2136120 0.2025764 0.0018788 0.0056847 0.0074902
 53 E  53 0.0305593 0.0917702 0.0206364 0.0475030 0.0000000 0.0723662 0.1678730 0.0131360 0.0085391 0.0187127 0.0418079 0.1935079 0.0073821 0.0094891 0.1350872 0.0600665 0.0322250 0.0074897 0.0069479 0.0349009
 54 N  54 0.0243755 0.3100275 0.0578850 0.1362418 0.0127587 0.0578020 0.1207346 0.0654877 0.0032905 0.0025413 0.0246924 0.0662305 0.0020274 0.0040763 0.0137130 0.0717152 0.0143809 0.0019347 0.0023134 0.0077716
 55 Q  55 0.0147244 0.0071917 0.1739117 0.1439932 0.0017849 0.0888373 0.0705664 0.0081832 0.0410005 0.0000000 0.0077516 0.1392122 0.0028628 0.0042331 0.1165599 0.1472273 0.0281662 0.0000000 0.0000000 0.0037935
 56 L  56 0.0148793 0.0000000 0.0000000 0.0000000 0.0189032 0.0090928 0.0000000 0.0000000 0.0056528 0.1536861 0.5412350 0.0000000 0.0098332 0.0565920 0.0179974 0.0060188 0.0048957 0.0000000 0.0127881 0.1484255
 57 F  57 0.0069275 0.3282066 0.0000000 0.0000000 0.0056694 0.0115153 0.0074242 0.0000000 0.0164147 0.1416770 0.1066845 0.0189108 0.0045383 0.1969492 0.0169894 0.0084059 0.0434022 0.0046460 0.0387000 0.0429389
 58 P  58 0.0083245 0.0936640 0.0052030 0.0000000 0.0000000 0.0168470 0.0246002 0.0035651 0.0152082 0.0172075 0.0237971 0.0886530 0.0000000 0.0000000 0.6096255 0.0277956 0.0176550 0.0000000 0.0000000 0.0478543
 59 D  59 0.0000000 0.0119643 0.6163463 0.2676799 0.0000000 0.0000000 0.0044604 0.0000000 0.0000000 0.0000000 0.0117825 0.0715015 0.0000000 0.0000000 0.0069422 0.0047222 0.0046008 0.0000000 0.0000000 0.0000000
 60 N  60 0.0000000 0.3796837 0.3239384 0.0000000 0.0000000 0.0000000 0.0000000 0.0000000 0.0459186 0.0194167 0.0360068 0.0405071 0.0000000 0.0000000 0.0090383 0.0143517 0.0492563 0.0604307 0.0000000 0.0214518
 61 F  61 0.4128172 0.0000000 0.0000000 0.0000000 0.1576491 0.0000000 0.0000000 0.0000000 0.0000000 0.0000000 0.0361986 0.0178364 0.0219609 0.2929868 0.0000000 0.0164415 0.0111239 0.0000000 0.0329856 0.0000000
 62 A  62 0.1864781 0.0000000 0.0000000 0.0000000 0.2145704 0.0000000 0.0000000 0.0000000 0.0000000 0.1413144 0.1932473 0.0000000 0.0000000 0.0000000 0.0157262 0.0000000 0.1249300 0.0000000 0.0000000 0.1237336
 63 K  63 0.0000000 0.3298201 0.0000000 0.0000000 0.0000000 0.1039986 0.1516031 0.0000000 0.0000000 0.0000000 0.0000000 0.4145781 0.0000000 0.0000000 0.0000000 0.0000000 0.0000000 0.0000000 0.0000000 0.0000000
