   63         A         R         N         D         C         Q         E         G         H         I         L         K         M         F         P         S         T         W         Y         V         X    
  1 G   1 0.0311600 0.0000000 0.0391656 0.0000000 0.0000000 0.0000000 0.0000000 0.0429501 0.0000000 0.0000000 0.0000000 0.0000000 0.0000000 0.0000000 0.0000000 0.0195304 0.0000000 0.0000000 0.0000000 0.0000000 0.8671940
  2 P   2 0.0177808 0.0000000 0.0021305 0.0017841 0.0000000 0.0025650 0.0650933 0.0097011 0.0024066 0.0000000 0.0021800 0.0070643 0.0000000 0.0000000 0.1338704 0.0140552 0.0000000 0.0000000 0.0134416 0.0025650 0.7253620
  3 L   3 0.0114128 0.0020521 0.0000000 0.0072276 0.0000000 0.0018619 0.0071586 0.0000000 0.0000000 0.1045077 0.3797909 0.0027766 0.0341213 0.0067095 0.0116918 0.0051416 0.0032328 0.0000000 0.0000000 0.0469309 0.3753841
  4 G   4 0.0162001 0.0503270 0.0074750 0.1063655 0.0202184 0.1430523 0.2842488 0.0694301 0.0208006 0.0000000 0.0054694 0.0408436 0.0000000 0.0039714 0.0181098 0.0167449 0.0084086 0.0033651 0.0000000 0.0064144 0.1785552
  5 S   5 0.0454576 0.0241332 0.0357680 0.1331351 0.0000000 0.0321427 0.3113651 0.0000000 0.0032038 0.0000000 0.0000000 0.0813519 0.0000000 0.0000000 0.0314822 0.1878154 0.0057439 0.0000000 0.0015700 0.0068835 0.0999476
  6 K   6 0.0312503 0.0522887 0.0320926 0.1667620 0.0100748 0.1226968 0.2991508 0.0000000 0.0175331 0.0186469 0.0112509 0.0771652 0.0027641 0.0059538 0.0032102 0.0300318 0.0283629 0.0000000 0.0047649 0.0095326 0.0764677
  7 Y   7 0.0686390 0.0148427 0.0017806 0.0086253 0.0000000 0.0045609 0.0475444 0.0112842 0.0052581 0.0161302 0.3243729 0.0000000 0.0064316 0.2392676 0.0000000 0.0090469 0.0101250 0.0000000 0.1060159 0.0919055 0.0341692
  8 E   8 0.0114904 0.0678391 0.0283672 0.0501596 0.0298735 0.0366466 0.2250723 0.0024335 0.0098038 0.0192946 0.0954748 0.0663576 0.0368926 0.0025626 0.0000000 0.1085242 0.2009585 0.0000000 0.0014546 0.0067945 0.0000000
  9 C   9 0.0000000 0.0000000 0.0000000 0.0000000 1.0000000 0.0000000 0.0000000 0.0000000 0.0000000 0.0000000 0.0000000 0.0000000 0.0000000 0.0000000 0.0000000 0.0000000 0.0000000 0.0000000 0.0000000 0.0000000 0.0000000
 10 P  10 0.0950853 0.0075085 0.0783770 0.0000000 0.0092997 0.0313136 0.0211063 0.0026564 0.0063801 0.0000000 0.0124670 0.0000000 0.0015331 0.0022103 0.4281803 0.2481135 0.0523526 0.0000000 0.0034162 0.0000000 0.0000000
 11 I  11 0.0000000 0.0000000 0.0000000 0.0000000 0.0000000 0.0000000 0.0000000 0.0063518 0.0000000 0.7138683 0.0639476 0.0178407 0.0000000 0.0113395 0.0000000 0.0000000 0.0000000 0.0000000 0.0000000 0.1866521 0.0000000
 12 C  12 0.0000000 0.0000000 0.0000000 0.0000000 1.0000000 0.0000000 0.0000000 0.0000000 0.0000000 0.0000000 0.0000000 0.0000000 0.0000000 0.0000000 0.0000000 0.0000000 0.0000000 0.0000000 0.0000000 0.0000000 0.0000000
 13 L  13 0.0000000 0.0210968 0.0020375 0.0034364 0.0083054 0.0320311 0.0027582 0.0115024 0.0332043 0.0219137 0.6332463 0.0522909 0.0666256 0.0599708 0.0000000 0.0062530 0.0074079 0.0031696 0.0266194 0.0081308 0.0000000
 14 M  14 0.0115726 0.0219509 0.0252800 0.4462686 0.0118900 0.0360996 0.2762424 0.0367878 0.0051975 0.0029705 0.0469237 0.0080500 0.0185456 0.0046009 0.0000000 0.0351410 0.0110019 0.0000000 0.0014768 0.0000000 0.0000000
 15 A  15 0.0390542 0.0050039 0.0108991 0.0145350 0.0019391 0.0031439 0.0205247 0.0206327 0.0046072 0.0813183 0.2333193 0.0027766 0.0409158 0.0703548 0.0581837 0.0518822 0.0706220 0.0222828 0.1163743 0.1298463 0.0017842
 16 L  16 0.0695896 0.0000000 0.0000000 0.0000000 0.0073171 0.0000000 0.0000000 0.0000000 0.0000000 0.0527331 0.4184710 0.0000000 0.0452485 0.3175158 0.0285049 0.0056219 0.0021105 0.0000000 0.0350939 0.0177938 0.0000000
 17 R  17 0.0075166 0.2053956 0.0461271 0.0463840 0.0224327 0.0529258 0.0518837 0.0027367 0.0289617 0.0075072 0.0041428 0.2561712 0.0039514 0.0099446 0.0000000 0.0489805 0.1582188 0.0000000 0.0203659 0.0263537 0.0000000
 18 E  18 0.0154941 0.0090486 0.1177777 0.4781637 0.0013751 0.0281492 0.2568438 0.0086747 0.0045945 0.0019847 0.0107466 0.0276457 0.0038616 0.0030875 0.0000000 0.0178575 0.0054927 0.0000000 0.0016610 0.0075414 0.0000000
 19 A  19 0.1196991 0.0036054 0.0000000 0.0000000 0.0035247 0.0000000 0.0000000 0.0000000 0.0000000 0.0047572 0.0027069 0.0000000 0.0000000 0.0000000 0.8312808 0.0000000 0.0312402 0.0000000 0.0031856 0.0000000 0.0000000
 20 V  20 0.0117144 0.0083908 0.0000000 0.0000000 0.0019256 0.0059207 0.0000000 0.0000000 0.0210593 0.0348038 0.0345956 0.0121119 0.0481883 0.0366129 0.0000000 0.0272917 0.0269433 0.0000000 0.0090831 0.7213586 0.0000000
 21 Q  21 0.0249625 0.0029634 0.0036852 0.0000000 0.0000000 0.0847058 0.0048383 0.0000000 0.0000000 0.1718646 0.0977235 0.0064640 0.0375821 0.0029626 0.0000000 0.1804656 0.2626093 0.0000000 0.0036708 0.1155021 0.0000000
 22 T  22 0.0042406 0.0000000 0.0000000 0.0000000 0.0048383 0.0000000 0.0000000 0.0000000 0.0000000 0.1924755 0.1510587 0.0000000 0.0044862 0.0000000 0.0000000 0.0326968 0.5917864 0.0000000 0.0000000 0.0184175 0.0000000
 23 P  23 0.0656631 0.0287875 0.0227945 0.0929629 0.0149265 0.0222341 0.0911826 0.0256318 0.0320290 0.0013086 0.0222568 0.0950745 0.0172774 0.0043165 0.2649609 0.1406237 0.0468867 0.0000000 0.0030583 0.0080246 0.0000000
 24 C  24 0.0000000 0.0000000 0.0000000 0.0000000 1.0000000 0.0000000 0.0000000 0.0000000 0.0000000 0.0000000 0.0000000 0.0000000 0.0000000 0.0000000 0.0000000 0.0000000 0.0000000 0.0000000 0.0000000 0.0000000 0.0000000
 25 G  25 0.0682536 0.0041444 0.0026222 0.0354095 0.0066125 0.0076185 0.0000000 0.7527895 0.0032949 0.0000000 0.0282534 0.0190271 0.0066097 0.0000000 0.0000000 0.0579133 0.0074513 0.0000000 0.0000000 0.0000000 0.0000000
 26 H  26 0.0000000 0.0000000 0.0106636 0.0000000 0.0000000 0.0000000 0.0000000 0.0000000 0.9893364 0.0000000 0.0000000 0.0000000 0.0000000 0.0000000 0.0000000 0.0000000 0.0000000 0.0000000 0.0000000 0.0000000 0.0000000
 27 R  27 0.0116599 0.1441243 0.2117895 0.0000000 0.0044039 0.0089545 0.0000000 0.0000000 0.0141866 0.0404356 0.0875200 0.0114503 0.0028292 0.0025079 0.0018450 0.2442759 0.1301274 0.0034560 0.0014981 0.0789360 0.0000000
 28 F  28 0.0000000 0.0000000 0.0000000 0.0000000 0.0000000 0.0000000 0.0000000 0.0000000 0.0000000 0.0000000 0.0102323 0.0000000 0.0113415 0.8679399 0.0000000 0.0000000 0.0000000 0.0000000 0.0952711 0.0152153 0.0000000
 29 C  29 0.0000000 0.0000000 0.0000000 0.0141040 0.9752401 0.0000000 0.0000000 0.0106558 0.0000000 0.0000000 0.0000000 0.0000000 0.0000000 0.0000000 0.0000000 0.0000000 0.0000000 0.0000000 0.0000000 0.0000000 0.0000000
 30 K  30 0.0075330 0.2744196 0.0095631 0.0068503 0.0034961 0.0959058 0.0253231 0.0117707 0.0297865 0.0026876 0.0200231 0.1747415 0.0570376 0.0274678 0.0000000 0.0749778 0.0064724 0.1145439 0.0574001 0.0000000 0.0000000
 31 A  31 0.0923642 0.0240071 0.0686383 0.0842996 0.0104385 0.0290287 0.1080119 0.0603532 0.0233441 0.0228006 0.0339700 0.0285612 0.0226015 0.0338529 0.0763927 0.1946125 0.0584064 0.0000000 0.0141182 0.0141985 0.0000000
 32 C  32 0.0000000 0.0000000 0.0000000 0.0000000 1.0000000 0.0000000 0.0000000 0.0000000 0.0000000 0.0000000 0.0000000 0.0000000 0.0000000 0.0000000 0.0000000 0.0000000 0.0000000 0.0000000 0.0000000 0.0000000 0.0000000
 33 I  33 0.0000000 0.0000000 0.0000000 0.0000000 0.0000000 0.0000000 0.0000000 0.0000000 0.0000000 0.6276090 0.2781360 0.0000000 0.0399036 0.0078769 0.0000000 0.0000000 0.0079831 0.0000000 0.0000000 0.0384914 0.0000000
 34 I  34 0.0231039 0.1157093 0.0397127 0.0305590 0.0170727 0.0615775 0.0728763 0.0349218 0.0433219 0.0415454 0.0971064 0.0681837 0.0130505 0.0205884 0.0000000 0.0729364 0.1451967 0.0000000 0.0530418 0.0347781 0.0147174
 35 K  35 0.0535365 0.2048012 0.0255705 0.0918916 0.0025874 0.1784296 0.0531842 0.0319524 0.0179349 0.0061132 0.0114576 0.1118961 0.0053344 0.0000000 0.0153818 0.0541543 0.1094633 0.0028164 0.0000000 0.0053690 0.0181256
 36 S  36 0.0519264 0.0039902 0.0258715 0.0000000 0.1212689 0.0032747 0.0000000 0.0025689 0.0865563 0.0267823 0.0608597 0.0032304 0.0027685 0.0357650 0.0022613 0.1510396 0.0425152 0.1921963 0.0811296 0.0814336 0.0245618
 37 I  37 0.0089844 0.0170362 0.0000000 0.0028914 0.0194376 0.0000000 0.0000000 0.0161123 0.0027933 0.1313918 0.3280021 0.0025948 0.0267664 0.0097501 0.0000000 0.0087324 0.0041974 0.3404731 0.0056475 0.0441897 0.0309995
 38 R  38 0.0351610 0.2283559 0.0606463 0.0823319 0.0000000 0.0952839 0.1331851 0.0190800 0.0429447 0.0023392 0.0045078 0.0931107 0.0000000 0.0000000 0.0000000 0.0826855 0.0160868 0.0000000 0.0042454 0.0038918 0.0961441
 39 D  39 0.0161603 0.0458686 0.1172340 0.0951426 0.0017543 0.0384786 0.1909612 0.0256845 0.0167152 0.0036696 0.0159248 0.1005713 0.0069312 0.0000000 0.0236800 0.1752621 0.0471966 0.0000000 0.0000000 0.0291781 0.0495869
 40 A  40 0.0660537 0.0644013 0.0311423 0.0283847 0.0123834 0.0324944 0.0977027 0.1607198 0.0605868 0.0121364 0.0470451 0.1298261 0.0029888 0.0065035 0.0340797 0.1160133 0.0398797 0.0033710 0.0046624 0.0193095 0.0303155
 41 G  41 0.0390277 0.0607199 0.1047620 0.0265786 0.0000000 0.1129322 0.0811482 0.1706450 0.0115412 0.0134299 0.0020756 0.0390356 0.0050098 0.0000000 0.0423400 0.1085579 0.0791469 0.0000000 0.0036576 0.0385459 0.0608461
 42 H  42 0.0423727 0.0339031 0.0412879 0.0317988 0.0319782 0.0752604 0.0072491 0.0411179 0.1179820 0.0058688 0.0252554 0.0938901 0.0000000 0.0505356 0.1648990 0.0897198 0.0150691 0.0050468 0.0532099 0.0014455 0.0721097
 43 K  43 0.0220175 0.0859122 0.0247352 0.0087710 0.0382870 0.0742649 0.1450447 0.0000000 0.0204457 0.0196899 0.0398243 0.1814407 0.0070102 0.0143087 0.0513872 0.1258828 0.0528857 0.0000000 0.0110512 0.0214627 0.0555781
 44 C  44 0.0000000 0.0000000 0.0000000 0.0000000 0.9773179 0.0000000 0.0000000 0.0000000 0.0000000 0.0000000 0.0000000 0.0000000 0.0000000 0.0000000 0.0000000 0.0000000 0.0000000 0.0000000 0.0000000 0.0000000 0.0226821
 45 P  45 0.0000000 0.0063518 0.0000000 0.0000000 0.0000000 0.0000000 0.0000000 0.0000000 0.0000000 0.0000000 0.0000000 0.0000000 0.0052935 0.0037343 0.9434891 0.0059021 0.0125472 0.0000000 0.0000000 0.0000000 0.0226821
 46 V  46 0.0380651 0.0024042 0.0088462 0.0119546 0.0281732 0.1297075 0.0813704 0.0000000 0.0020682 0.0568204 0.2328651 0.0157582 0.0641869 0.0023937 0.0000000 0.0140763 0.0359511 0.0000000 0.0055726 0.2471043 0.0226821
 47 D  47 0.0000000 0.0000000 0.0000000 0.0807746 0.8965433 0.0000000 0.0000000 0.0000000 0.0000000 0.0000000 0.0000000 0.0000000 0.0000000 0.0000000 0.0000000 0.0000000 0.0000000 0.0000000 0.0000000 0.0000000 0.0226821
 48 N  48 0.0099886 0.5091627 0.0844339 0.0075542 0.0036456 0.0329205 0.0073377 0.0247698 0.0047250 0.0016253 0.0088142 0.2420850 0.0124861 0.0032102 0.0000000 0.0185401 0.0018862 0.0041329 0.0000000 0.0000000 0.0226821
 49 E  49 0.1302647 0.0647049 0.0394478 0.0094479 0.0074749 0.1051640 0.2040784 0.0490873 0.0450657 0.0240135 0.0122716 0.1354628 0.0096374 0.0034853 0.0000000 0.0436537 0.0665823 0.0000000 0.0059675 0.0205589 0.0236313
 50 I  50 0.0386599 0.0486175 0.0231173 0.0299724 0.0044762 0.0216271 0.1051434 0.0165987 0.0255966 0.0376222 0.0314362 0.0749872 0.0113836 0.0029434 0.1502879 0.1223550 0.1137792 0.0013128 0.0294636 0.0786082 0.0320116
 51 L  51 0.0296633 0.0000000 0.0000000 0.0228361 0.0598527 0.0023759 0.0022707 0.0015081 0.0000000 0.1351152 0.2432585 0.0000000 0.0084833 0.1884333 0.0000000 0.0642531 0.0044070 0.0000000 0.0506674 0.1469145 0.0399610
 52 L  52 0.0321459 0.0535244 0.0204986 0.0305602 0.0036220 0.1166080 0.0290580 0.0164208 0.0108608 0.0093080 0.0563118 0.0695895 0.0114219 0.0041404 0.0643947 0.1985067 0.1900300 0.0017262 0.0054599 0.0067548 0.0690574
 53 E  53 0.0280230 0.0845549 0.0194825 0.0437950 0.0000000 0.0667747 0.1543932 0.0122506 0.0078488 0.0172928 0.0384810 0.1785427 0.0067587 0.0086055 0.1264530 0.0552121 0.0297034 0.0066536 0.0063294 0.0328720 0.0759731
 54 N  54 0.0222765 0.2831384 0.0520152 0.1246143 0.0116016 0.0533920 0.1099948 0.0592898 0.0028910 0.0022978 0.0216765 0.0596678 0.0018033 0.0036315 0.0122509 0.0662781 0.0132190 0.0017563 0.0022241 0.0072517 0.0887295
 55 Q  55 0.0132129 0.0064813 0.1570284 0.1295677 0.0015877 0.0793573 0.0635784 0.0073899 0.0375443 0.0000000 0.0070969 0.1260255 0.0026165 0.0036576 0.1076118 0.1336784 0.0260486 0.0000000 0.0000000 0.0033902 0.0941265
 56 L  56 0.0130844 0.0000000 0.0000000 0.0000000 0.0157530 0.0074243 0.0000000 0.0000000 0.0047442 0.1281564 0.4554796 0.0000000 0.0080849 0.0471065 0.0147802 0.0049198 0.0039941 0.0000000 0.0104789 0.1248990 0.1610948
 57 F  57 0.0052571 0.2509774 0.0000000 0.0000000 0.0042562 0.0088076 0.0057207 0.0000000 0.0120858 0.1107055 0.0833762 0.0143879 0.0035010 0.1472719 0.0130085 0.0064640 0.0336691 0.0035181 0.0298203 0.0334863 0.2336864
 58 P  58 0.0059607 0.0669011 0.0043914 0.0000000 0.0000000 0.0117049 0.0177961 0.0025381 0.0106909 0.0121316 0.0172054 0.0633562 0.0000000 0.0000000 0.4432386 0.0197601 0.0125555 0.0000000 0.0000000 0.0341370 0.2776322
 59 D  59 0.0000000 0.0070773 0.3668604 0.1548522 0.0000000 0.0000000 0.0025318 0.0000000 0.0000000 0.0000000 0.0073952 0.0418269 0.0000000 0.0000000 0.0039859 0.0026737 0.0026151 0.0000000 0.0000000 0.0000000 0.4101815
 60 N  60 0.0000000 0.1623117 0.1351701 0.0000000 0.0000000 0.0000000 0.0000000 0.0000000 0.0193460 0.0081596 0.0151036 0.0170495 0.0000000 0.0000000 0.0037681 0.0059004 0.0207243 0.0250287 0.0000000 0.0090363 0.5784017
 61 F  61 0.1022511 0.0000000 0.0000000 0.0000000 0.0388767 0.0000000 0.0000000 0.0000000 0.0000000 0.0000000 0.0086609 0.0043165 0.0053098 0.0715906 0.0000000 0.0039942 0.0026417 0.0000000 0.0077373 0.0000000 0.7546211
 62 A  62 0.0394339 0.0000000 0.0000000 0.0000000 0.0462484 0.0000000 0.0000000 0.0000000 0.0000000 0.0311453 0.0420813 0.0000000 0.0000000 0.0000000 0.0032389 0.0000000 0.0260092 0.0000000 0.0000000 0.0262923 0.7855507
 63 K  63 0.0000000 0.0563141 0.0000000 0.0000000 0.0000000 0.0174254 0.0256760 0.0000000 0.0000000 0.0000000 0.0000000 0.0704980 0.0000000 0.0000000 0.0000000 0.0000000 0.0000000 0.0000000 0.0000000 0.0000000 0.8300865
