   75         A         R         N         D         C         Q         E         G         H         I         L         K         M         F         P         S         T         W         Y         V         X    
  1 G   1 0.0372397 0.0000000 0.0000000 0.0000000 0.0000000 0.0000000 0.0000000 0.0618410 0.0000000 0.0000000 0.0000000 0.0000000 0.0000000 0.0000000 0.0000000 0.0000000 0.0000000 0.0000000 0.0000000 0.0000000 0.9009193
  2 H   2 0.0489834 0.0000000 0.0000000 0.0000000 0.0000000 0.0000000 0.0000000 0.0000000 0.0746391 0.0000000 0.0000000 0.0000000 0.0000000 0.0000000 0.0000000 0.0000000 0.0000000 0.0000000 0.0000000 0.0000000 0.8763775
  3 M   3 0.0000000 0.0372397 0.0000000 0.0000000 0.0000000 0.0000000 0.0000000 0.0000000 0.0000000 0.0133894 0.3033454 0.0000000 0.0223216 0.0000000 0.0000000 0.0245418 0.1174639 0.0000000 0.0000000 0.0000000 0.4816981
  4 E   4 0.0000000 0.0000000 0.0000000 0.0281556 0.0000000 0.0000000 0.3928530 0.0654980 0.0000000 0.0000000 0.0000000 0.0000000 0.0000000 0.0000000 0.1100584 0.0000000 0.0283735 0.0000000 0.0000000 0.0000000 0.3750614
  5 G   5 0.0000000 0.0000000 0.0000000 0.0000000 0.0000000 0.0000000 0.0000000 0.1015769 0.0000000 0.0695893 0.1007550 0.0000000 0.0240725 0.0000000 0.0997010 0.1017836 0.0957954 0.0000000 0.0000000 0.0546468 0.3520794
  6 K   6 0.0855165 0.0000000 0.0000000 0.0372397 0.0000000 0.0427757 0.0000000 0.0000000 0.0000000 0.0000000 0.0000000 0.4181305 0.0000000 0.0000000 0.0346636 0.0513555 0.0197948 0.0000000 0.0000000 0.0245418 0.2859819
  7 P   7 0.2434334 0.0000000 0.0000000 0.0245418 0.0000000 0.0000000 0.0000000 0.0000000 0.0000000 0.0000000 0.0240725 0.0000000 0.0000000 0.0000000 0.3383649 0.0000000 0.0489419 0.0000000 0.0000000 0.0346636 0.2859819
  8 K   8 0.1392055 0.0000000 0.0000000 0.0000000 0.0000000 0.0000000 0.0662856 0.0281556 0.0000000 0.0000000 0.0000000 0.4233983 0.0000000 0.0000000 0.0000000 0.0930954 0.0346636 0.0000000 0.0000000 0.0000000 0.2151960
  9 M   9 0.1478650 0.0245418 0.0000000 0.0291471 0.0000000 0.0240725 0.0000000 0.0000000 0.0000000 0.0000000 0.0622446 0.0653953 0.1080630 0.0000000 0.0879106 0.0000000 0.1855539 0.0000000 0.0000000 0.1198718 0.1453343
 10 E  10 0.0000000 0.1005584 0.0291471 0.0557789 0.0000000 0.0498283 0.3944136 0.0245418 0.0000000 0.0000000 0.0000000 0.0372397 0.0000000 0.0000000 0.1207653 0.0187373 0.0000000 0.0000000 0.0000000 0.0369504 0.1320391
 11 P  11 0.0715461 0.0000000 0.0000000 0.0000000 0.0000000 0.0225403 0.0342728 0.0346636 0.1429686 0.0240725 0.0096370 0.0951452 0.0000000 0.0000000 0.1459985 0.1511125 0.1360039 0.0000000 0.0000000 0.0000000 0.1320391
 12 A  12 0.1387345 0.0000000 0.0090865 0.2750562 0.0000000 0.0000000 0.0809555 0.0000000 0.0000000 0.0369504 0.0418178 0.0355890 0.0000000 0.0281556 0.0000000 0.1948243 0.0346636 0.0000000 0.0000000 0.0099917 0.1141748
 13 A  13 0.0224945 0.0211788 0.0489834 0.2118754 0.0000000 0.0201899 0.1134058 0.0465823 0.0000000 0.0000000 0.0000000 0.0516499 0.0000000 0.0000000 0.1196865 0.2028281 0.0000000 0.0000000 0.0000000 0.0278006 0.1133248
 14 S  14 0.0726958 0.0468930 0.0146201 0.0000000 0.0000000 0.0574526 0.0201899 0.1185420 0.0237429 0.0000000 0.1229695 0.0000000 0.0000000 0.0000000 0.0000000 0.2382701 0.0372397 0.0000000 0.0133894 0.1562478 0.0777473
 15 S  15 0.0281556 0.0000000 0.0000000 0.0749167 0.0000000 0.0324843 0.0479248 0.1364293 0.0000000 0.0000000 0.0000000 0.2397275 0.0000000 0.0000000 0.0187373 0.1496014 0.0662856 0.0489834 0.0000000 0.1033372 0.0534166
 16 Q  16 0.0000000 0.0112643 0.0000000 0.0000000 0.0000000 0.1942166 0.0402532 0.0000000 0.0000000 0.0000000 0.0000000 0.3279494 0.0000000 0.0000000 0.1303714 0.2060081 0.0761669 0.0000000 0.0000000 0.0000000 0.0137700
 17 A  17 0.1761862 0.0113883 0.0908323 0.0369504 0.0000000 0.0000000 0.1188336 0.0000000 0.0000000 0.0669827 0.0987700 0.0346636 0.0000000 0.0000000 0.0830631 0.2398074 0.0179806 0.0000000 0.0000000 0.0245418 0.0000000
 18 A  18 0.1852238 0.0000000 0.0369504 0.0652740 0.0000000 0.0282584 0.1256290 0.0000000 0.0000000 0.0000000 0.0291471 0.0324843 0.0000000 0.0000000 0.1776452 0.1695697 0.1498180 0.0000000 0.0000000 0.0000000 0.0000000
 19 V  19 0.0000000 0.0369504 0.0000000 0.0000000 0.0000000 0.0663868 0.0000000 0.0000000 0.0000000 0.0302379 0.4189532 0.0000000 0.0594262 0.0832562 0.0000000 0.0000000 0.0000000 0.0000000 0.0000000 0.3047893 0.0000000
 20 E  20 0.0369504 0.0000000 0.0342728 0.2189090 0.0000000 0.0371183 0.5999324 0.0000000 0.0000000 0.0000000 0.0000000 0.0000000 0.0000000 0.0000000 0.0000000 0.0000000 0.0355774 0.0000000 0.0000000 0.0372397 0.0000000
 21 E  21 0.0721105 0.0000000 0.0000000 0.1170830 0.0000000 0.0281556 0.6682075 0.0000000 0.0000000 0.0372397 0.0000000 0.0000000 0.0000000 0.0000000 0.0000000 0.0402532 0.0369504 0.0000000 0.0000000 0.0000000 0.0000000
 22 L  22 0.0000000 0.0000000 0.0000000 0.0000000 0.0000000 0.0000000 0.0000000 0.0000000 0.0000000 0.0000000 0.9675157 0.0000000 0.0000000 0.0000000 0.0000000 0.0000000 0.0000000 0.0000000 0.0000000 0.0324843 0.0000000
 23 R  23 0.0616314 0.4864252 0.0000000 0.0000000 0.0000000 0.1025318 0.0365331 0.0000000 0.0000000 0.0000000 0.0342728 0.2044155 0.0000000 0.0000000 0.0369504 0.0372397 0.0000000 0.0000000 0.0000000 0.0000000 0.0000000
 24 T  24 0.4468936 0.0000000 0.0662856 0.0201899 0.0000000 0.0342728 0.0000000 0.1389174 0.0000000 0.0000000 0.0000000 0.0371183 0.0302379 0.0000000 0.0000000 0.0656261 0.1232187 0.0000000 0.0000000 0.0000000 0.0372397
 25 Q  25 0.0371183 0.0000000 0.0000000 0.0000000 0.0000000 0.6518772 0.2002812 0.0000000 0.0000000 0.0000000 0.0000000 0.0734836 0.0000000 0.0000000 0.0000000 0.0000000 0.0000000 0.0000000 0.0000000 0.0000000 0.0372397
 26 V  26 0.0000000 0.0000000 0.0000000 0.0000000 0.0000000 0.0000000 0.0000000 0.0000000 0.0000000 0.4103783 0.1377204 0.0000000 0.1177490 0.0489834 0.0369504 0.0000000 0.0000000 0.0000000 0.0000000 0.2109787 0.0372397
 27 R  27 0.0616314 0.2523611 0.1726324 0.0000000 0.0000000 0.0000000 0.0000000 0.0513606 0.0146201 0.0746747 0.0000000 0.2566638 0.0000000 0.0240725 0.0000000 0.0211788 0.0000000 0.0000000 0.0000000 0.0335648 0.0372397
 28 E  28 0.0000000 0.0000000 0.0000000 0.2479134 0.0000000 0.0000000 0.4628893 0.0369504 0.0000000 0.0000000 0.0000000 0.0000000 0.0000000 0.0000000 0.0000000 0.1686000 0.0836470 0.0000000 0.0000000 0.0000000 0.0000000
 29 L  29 0.0000000 0.0000000 0.0000000 0.0000000 0.0000000 0.0000000 0.0000000 0.0000000 0.0000000 0.0291471 0.8853364 0.0000000 0.0365331 0.0489834 0.0000000 0.0000000 0.0000000 0.0000000 0.0000000 0.0000000 0.0000000
 30 R  30 0.0000000 0.3538823 0.0000000 0.0000000 0.0000000 0.1128192 0.0000000 0.0000000 0.0371183 0.0000000 0.2399845 0.1551096 0.0808962 0.0000000 0.0000000 0.0000000 0.0000000 0.0000000 0.0000000 0.0201899 0.0000000
 31 S  31 0.0850230 0.0000000 0.0146201 0.0637330 0.0992772 0.0000000 0.1060547 0.1633188 0.0000000 0.0240725 0.0484482 0.0000000 0.0402532 0.0616314 0.0000000 0.1374811 0.0981410 0.0000000 0.0089623 0.0000000 0.0489834
 32 I  32 0.0197948 0.0000000 0.0000000 0.0000000 0.0000000 0.0628192 0.0000000 0.0369504 0.0000000 0.3002546 0.0269559 0.0000000 0.1511221 0.0000000 0.0000000 0.1052128 0.2100642 0.0000000 0.0000000 0.0378425 0.0489834
 33 I  33 0.0000000 0.0000000 0.0000000 0.0000000 0.0000000 0.0000000 0.0000000 0.0000000 0.0000000 0.2378308 0.0402532 0.0000000 0.0962950 0.0281556 0.0000000 0.0369504 0.0000000 0.0000000 0.0000000 0.5115316 0.0489834
 34 E  34 0.0371183 0.0000000 0.0628192 0.1895356 0.0000000 0.0000000 0.6523976 0.0000000 0.0211788 0.0000000 0.0000000 0.0369504 0.0000000 0.0000000 0.0000000 0.0000000 0.0000000 0.0000000 0.0000000 0.0000000 0.0000000
 35 T  35 0.2404803 0.0000000 0.0372397 0.0000000 0.0000000 0.0637330 0.0000000 0.0000000 0.0000000 0.0000000 0.2968481 0.1201801 0.0104478 0.0000000 0.0000000 0.0803420 0.1507290 0.0000000 0.0000000 0.0000000 0.0000000
 36 M  36 0.0000000 0.0000000 0.0342728 0.0000000 0.0000000 0.0000000 0.0000000 0.0000000 0.0000000 0.0371183 0.6421704 0.0000000 0.2864385 0.0000000 0.0000000 0.0000000 0.0000000 0.0000000 0.0000000 0.0000000 0.0000000
 37 K  37 0.0000000 0.3566979 0.0000000 0.0000000 0.0000000 0.0346636 0.0402532 0.0000000 0.0000000 0.0000000 0.0000000 0.5314349 0.0000000 0.0000000 0.0000000 0.0369504 0.0000000 0.0000000 0.0000000 0.0000000 0.0000000
 38 D  38 0.0000000 0.0894907 0.0616314 0.1635000 0.0000000 0.0489834 0.0000000 0.0000000 0.0000000 0.0000000 0.0000000 0.2706875 0.0000000 0.0000000 0.0000000 0.2718656 0.0573082 0.0000000 0.0000000 0.0000000 0.0365331
 39 Q  39 0.0000000 0.0402532 0.0355774 0.2323937 0.0000000 0.3839415 0.1727192 0.0000000 0.0000000 0.0000000 0.0000000 0.0616314 0.0000000 0.0000000 0.0000000 0.0000000 0.0000000 0.0000000 0.0000000 0.0369504 0.0365331
 40 Q  40 0.0000000 0.0000000 0.0000000 0.0000000 0.0000000 0.2868650 0.0000000 0.0000000 0.4836995 0.0000000 0.0000000 0.0000000 0.0489834 0.0726958 0.0000000 0.0000000 0.0000000 0.0000000 0.0342728 0.0000000 0.0734836
 41 K  41 0.0324843 0.1552755 0.0281556 0.0000000 0.0000000 0.0489834 0.0758306 0.2487586 0.0000000 0.0000000 0.0000000 0.2251602 0.0282584 0.0000000 0.0000000 0.0544626 0.0291471 0.0000000 0.0000000 0.0000000 0.0734836
 42 R  42 0.0000000 0.2438390 0.0000000 0.0000000 0.0000000 0.1095648 0.0000000 0.0000000 0.0000000 0.0000000 0.0355774 0.5353322 0.0000000 0.0000000 0.0000000 0.0000000 0.0000000 0.0000000 0.0000000 0.0000000 0.0756865
 43 E  43 0.0365331 0.0346636 0.0000000 0.1018846 0.0000000 0.0000000 0.6813820 0.0000000 0.0000000 0.0000000 0.0342728 0.0000000 0.0000000 0.0000000 0.0000000 0.0000000 0.0355774 0.0000000 0.0000000 0.0000000 0.0756865
 44 I  44 0.0000000 0.0000000 0.0000000 0.0000000 0.0000000 0.0000000 0.0000000 0.0000000 0.0000000 0.3303897 0.1932620 0.0000000 0.2707112 0.0000000 0.0000000 0.0000000 0.0000000 0.0000000 0.0000000 0.1299506 0.0756865
 45 K  45 0.0282584 0.0572548 0.0702410 0.1224149 0.0000000 0.0767863 0.1968610 0.0201899 0.0000000 0.0000000 0.0000000 0.3523072 0.0000000 0.0000000 0.0000000 0.0000000 0.0000000 0.0000000 0.0000000 0.0000000 0.0756865
 46 Q  46 0.0000000 0.0000000 0.0000000 0.0959042 0.0000000 0.2912780 0.1515206 0.0000000 0.0543263 0.0489834 0.0000000 0.2101905 0.0000000 0.0000000 0.0000000 0.0355774 0.0000000 0.0000000 0.0000000 0.0365331 0.0756865
 47 L  47 0.0000000 0.0000000 0.0000000 0.0000000 0.0000000 0.0000000 0.0000000 0.0000000 0.0000000 0.0616314 0.8224289 0.0000000 0.0000000 0.0000000 0.0000000 0.0000000 0.0000000 0.0000000 0.0000000 0.0402532 0.0756865
 48 L  48 0.0149302 0.2677007 0.0000000 0.0000000 0.0000000 0.0000000 0.0000000 0.0000000 0.0000000 0.0000000 0.2351140 0.1268706 0.0995467 0.0000000 0.0000000 0.1190762 0.0365331 0.0000000 0.0000000 0.0245418 0.0756865
 49 S  49 0.0000000 0.0000000 0.0630370 0.0000000 0.0000000 0.0000000 0.0402532 0.0282584 0.0000000 0.0000000 0.0000000 0.3134118 0.0000000 0.0000000 0.0000000 0.3930319 0.0863213 0.0000000 0.0000000 0.0000000 0.0756865
 50 E  50 0.0662856 0.0000000 0.0000000 0.2281850 0.0000000 0.0211788 0.6086641 0.0000000 0.0000000 0.0000000 0.0000000 0.0000000 0.0000000 0.0000000 0.0000000 0.0000000 0.0000000 0.0000000 0.0000000 0.0000000 0.0756865
 51 L  51 0.0000000 0.0000000 0.0000000 0.0000000 0.0000000 0.0000000 0.0000000 0.0000000 0.0000000 0.1045137 0.7501971 0.0000000 0.0324843 0.0000000 0.0000000 0.0000000 0.0000000 0.0000000 0.0000000 0.0371183 0.0756865
 52 D  52 0.0000000 0.0402532 0.0616314 0.6349466 0.0000000 0.0000000 0.1874823 0.0000000 0.0000000 0.0000000 0.0000000 0.0000000 0.0000000 0.0000000 0.0000000 0.0000000 0.0000000 0.0000000 0.0000000 0.0000000 0.0756865
 53 E  53 0.0365331 0.0000000 0.0000000 0.1378000 0.0000000 0.0000000 0.7499804 0.0000000 0.0000000 0.0000000 0.0000000 0.0000000 0.0000000 0.0000000 0.0000000 0.0000000 0.0000000 0.0000000 0.0000000 0.0000000 0.0756865
 54 E  54 0.0000000 0.0000000 0.0000000 0.0000000 0.0000000 0.0000000 0.9243135 0.0000000 0.0000000 0.0000000 0.0000000 0.0000000 0.0000000 0.0000000 0.0000000 0.0000000 0.0000000 0.0000000 0.0000000 0.0000000 0.0756865
 55 K  55 0.0000000 0.2863685 0.0000000 0.0000000 0.0000000 0.0000000 0.0000000 0.0000000 0.0000000 0.0000000 0.0000000 0.6379450 0.0000000 0.0000000 0.0000000 0.0000000 0.0000000 0.0000000 0.0000000 0.0000000 0.0756865
 56 K  56 0.1634869 0.0714348 0.0402532 0.0000000 0.0000000 0.0282584 0.0137700 0.0000000 0.0000000 0.0000000 0.0827348 0.4664940 0.0000000 0.0000000 0.0000000 0.0000000 0.0440772 0.0000000 0.0000000 0.0138042 0.0756865
 57 I  57 0.0000000 0.0000000 0.0000000 0.0000000 0.0000000 0.0000000 0.0365331 0.0000000 0.0371183 0.3151889 0.1451609 0.1993163 0.1563324 0.0000000 0.0000000 0.0000000 0.0000000 0.0000000 0.0000000 0.0346636 0.0756865
 58 R  58 0.0000000 0.8753301 0.0000000 0.0000000 0.0000000 0.0000000 0.0000000 0.0000000 0.0000000 0.0000000 0.0000000 0.0000000 0.0000000 0.0000000 0.0000000 0.0000000 0.0000000 0.0000000 0.0000000 0.0489834 0.0756865
 59 L  59 0.0489834 0.0000000 0.0000000 0.0000000 0.0000000 0.0000000 0.0000000 0.0000000 0.0000000 0.0624540 0.4141346 0.0000000 0.1060547 0.0000000 0.0000000 0.1730721 0.0355890 0.0000000 0.0000000 0.0840256 0.0756865
 60 R  60 0.1567381 0.2004505 0.1639297 0.0000000 0.0000000 0.0000000 0.0000000 0.0000000 0.0452513 0.0000000 0.0000000 0.0365331 0.0371183 0.0000000 0.0000000 0.1675493 0.1167431 0.0000000 0.0000000 0.0000000 0.0756865
 61 L  61 0.0000000 0.0000000 0.0000000 0.0000000 0.0000000 0.0000000 0.0000000 0.0000000 0.0000000 0.0000000 0.7492334 0.0000000 0.1750801 0.0000000 0.0000000 0.0000000 0.0000000 0.0000000 0.0000000 0.0000000 0.0756865
 62 Q  62 0.0000000 0.0000000 0.0000000 0.0000000 0.0000000 0.7061884 0.2181251 0.0000000 0.0000000 0.0000000 0.0000000 0.0000000 0.0000000 0.0000000 0.0000000 0.0000000 0.0000000 0.0000000 0.0000000 0.0000000 0.0756865
 63 M  63 0.0000000 0.0000000 0.0000000 0.0000000 0.0000000 0.0000000 0.0402532 0.0000000 0.0000000 0.0633936 0.0402511 0.0000000 0.3936937 0.0000000 0.0000000 0.0000000 0.0311705 0.0000000 0.0000000 0.3272930 0.1039449
 64 E  64 0.0000000 0.0229820 0.0000000 0.0978560 0.0000000 0.0000000 0.7752171 0.0000000 0.0000000 0.0000000 0.0000000 0.0000000 0.0000000 0.0000000 0.0000000 0.0000000 0.0000000 0.0000000 0.0000000 0.0000000 0.1039449
 65 V  65 0.0000000 0.0000000 0.0000000 0.0000000 0.0000000 0.0000000 0.0000000 0.0000000 0.0000000 0.2848790 0.0717819 0.0000000 0.0000000 0.0000000 0.0000000 0.0000000 0.0229820 0.0000000 0.0000000 0.5164122 0.1039449
 66 N  66 0.0250685 0.0000000 0.2234325 0.2458091 0.0000000 0.0684088 0.3333362 0.0000000 0.0000000 0.0000000 0.0000000 0.0000000 0.0000000 0.0000000 0.0000000 0.0000000 0.0000000 0.0000000 0.0000000 0.0000000 0.1039449
 67 D  67 0.0000000 0.2553043 0.0000000 0.1871553 0.0000000 0.0245418 0.0132952 0.0000000 0.1049350 0.0000000 0.0000000 0.2475883 0.0000000 0.0000000 0.0000000 0.0402532 0.0000000 0.0000000 0.0000000 0.0000000 0.1269269
 68 I  68 0.0000000 0.0000000 0.0000000 0.0000000 0.0000000 0.0000000 0.0000000 0.0000000 0.0000000 0.3597290 0.5133441 0.0000000 0.0000000 0.0000000 0.0000000 0.0000000 0.0000000 0.0000000 0.0000000 0.0000000 0.1269269
 69 K  69 0.0000000 0.0758306 0.0000000 0.0000000 0.0000000 0.0000000 0.0000000 0.0000000 0.0000000 0.0000000 0.0000000 0.7972425 0.0000000 0.0000000 0.0000000 0.0000000 0.0000000 0.0000000 0.0000000 0.0000000 0.1269269
 70 K  70 0.0000000 0.0187373 0.0000000 0.0000000 0.0000000 0.0000000 0.0355774 0.0000000 0.0000000 0.0000000 0.0000000 0.7168737 0.0000000 0.0000000 0.0000000 0.0000000 0.0000000 0.0000000 0.0000000 0.0000000 0.2288115
 71 A  71 0.4347269 0.0000000 0.0000000 0.0000000 0.0000000 0.0000000 0.0000000 0.0000000 0.0281556 0.0000000 0.1060547 0.0355774 0.0000000 0.0000000 0.0000000 0.0865828 0.0099787 0.0000000 0.0000000 0.0133894 0.2855345
 72 L  72 0.0000000 0.0000000 0.0000000 0.0000000 0.0000000 0.0000000 0.0000000 0.0000000 0.0000000 0.0240725 0.2870333 0.0000000 0.0000000 0.0275742 0.0000000 0.0000000 0.0342728 0.0000000 0.0000000 0.2925293 0.3345179
 73 Q  73 0.0000000 0.0000000 0.0000000 0.0000000 0.0000000 0.2360395 0.0000000 0.0000000 0.0000000 0.0240725 0.1563164 0.0000000 0.0987378 0.0000000 0.0000000 0.0000000 0.0000000 0.0000000 0.0000000 0.0000000 0.4848338
 74 S  74 0.0000000 0.0000000 0.0000000 0.0000000 0.0000000 0.0000000 0.0000000 0.0000000 0.0000000 0.0000000 0.0000000 0.0000000 0.0000000 0.0000000 0.0000000 0.3728493 0.0583453 0.0000000 0.0000000 0.0000000 0.5688054
 75 K  75 0.0000000 0.0000000 0.0000000 0.0000000 0.0000000 0.0000000 0.0000000 0.0000000 0.0000000 0.0000000 0.0000000 0.2004505 0.0000000 0.0000000 0.0000000 0.0000000 0.0000000 0.0000000 0.0000000 0.0000000 0.7995495
