   75         A         R         N         D         C         Q         E         G         H         I         L         K         M         F         P         S         T         W         Y         V    
  1 G   1 0.3853671 0.0000000 0.0000000 0.0000000 0.0000000 0.0000000 0.0000000 0.6146329 0.0000000 0.0000000 0.0000000 0.0000000 0.0000000 0.0000000 0.0000000 0.0000000 0.0000000 0.0000000 0.0000000 0.0000000
  2 H   2 0.3779339 0.0000000 0.0000000 0.0000000 0.0000000 0.0000000 0.0000000 0.0000000 0.6220661 0.0000000 0.0000000 0.0000000 0.0000000 0.0000000 0.0000000 0.0000000 0.0000000 0.0000000 0.0000000 0.0000000
  3 M   3 0.0000000 0.0900507 0.0000000 0.0000000 0.0000000 0.0000000 0.0000000 0.0000000 0.0000000 0.0319222 0.5032077 0.0000000 0.0571067 0.0000000 0.0000000 0.0563868 0.2613258 0.0000000 0.0000000 0.0000000
  4 E   4 0.0000000 0.0000000 0.0000000 0.0503269 0.0000000 0.0000000 0.6027925 0.1050537 0.0000000 0.0000000 0.0000000 0.0000000 0.0000000 0.0000000 0.1902244 0.0000000 0.0516024 0.0000000 0.0000000 0.0000000
  5 G   5 0.0000000 0.0000000 0.0000000 0.0000000 0.0000000 0.0000000 0.0000000 0.1924306 0.0000000 0.1202089 0.0557547 0.0000000 0.0444552 0.0000000 0.1655929 0.1606996 0.1596621 0.0000000 0.0000000 0.1011959
  6 K   6 0.1263762 0.0000000 0.0000000 0.0632604 0.0000000 0.0668211 0.0000000 0.0000000 0.0000000 0.0000000 0.0000000 0.5413257 0.0000000 0.0000000 0.0556421 0.0749341 0.0320288 0.0000000 0.0000000 0.0396116
  7 P   7 0.2626952 0.0000000 0.0000000 0.0396116 0.0000000 0.0000000 0.0000000 0.0000000 0.0000000 0.0000000 0.0401207 0.0000000 0.0000000 0.0000000 0.5265443 0.0000000 0.0753861 0.0000000 0.0000000 0.0556421
  8 K   8 0.1885623 0.0000000 0.0000000 0.0000000 0.0000000 0.0000000 0.0877909 0.0395551 0.0000000 0.0000000 0.0000000 0.4980142 0.0000000 0.0000000 0.0000000 0.1359592 0.0501183 0.0000000 0.0000000 0.0000000
  9 M   9 0.1022749 0.0325355 0.0000000 0.0356121 0.0000000 0.0329536 0.0000000 0.0000000 0.0000000 0.0000000 0.0806516 0.0880297 0.1412853 0.0000000 0.1127339 0.0000000 0.2322422 0.0000000 0.0000000 0.1416812
 10 E  10 0.0000000 0.1220657 0.0350138 0.0679837 0.0000000 0.0566649 0.4135324 0.0319890 0.0000000 0.0000000 0.0000000 0.0510869 0.0000000 0.0000000 0.1539973 0.0239389 0.0000000 0.0000000 0.0000000 0.0437274
 11 P  11 0.0820606 0.0000000 0.0000000 0.0000000 0.0000000 0.0305202 0.0433549 0.0449346 0.1626853 0.0324000 0.0132175 0.1203695 0.0000000 0.0000000 0.1920855 0.1034770 0.1748950 0.0000000 0.0000000 0.0000000
 12 A  12 0.1720668 0.0000000 0.0116230 0.2607922 0.0000000 0.0000000 0.0846769 0.0000000 0.0000000 0.0428994 0.0554687 0.0424544 0.0000000 0.0347925 0.0000000 0.2383394 0.0440839 0.0000000 0.0000000 0.0128028
 13 A  13 0.0317729 0.0253960 0.0607884 0.1803944 0.0000000 0.0241526 0.1243273 0.0586271 0.0000000 0.0000000 0.0000000 0.0668362 0.0000000 0.0000000 0.1442555 0.2462149 0.0000000 0.0000000 0.0000000 0.0372348
 14 S  14 0.0862678 0.0556014 0.0173146 0.0000000 0.0000000 0.0699546 0.0231286 0.1454849 0.0287135 0.0000000 0.1396294 0.0000000 0.0000000 0.0000000 0.0000000 0.2686284 0.0478175 0.0000000 0.0169509 0.1005084
 15 S  15 0.0320081 0.0000000 0.0000000 0.0850781 0.0000000 0.0341143 0.0509787 0.1569563 0.0000000 0.0000000 0.0000000 0.1978977 0.0000000 0.0000000 0.0216061 0.1770123 0.0710408 0.0561308 0.0000000 0.1171767
 16 Q  16 0.0000000 0.0126063 0.0000000 0.0000000 0.0000000 0.2238684 0.0431623 0.0000000 0.0000000 0.0000000 0.0000000 0.2881162 0.0000000 0.0000000 0.1383618 0.2066176 0.0872673 0.0000000 0.0000000 0.0000000
 17 A  17 0.1938572 0.0103375 0.0994175 0.0377742 0.0000000 0.0000000 0.1303050 0.0000000 0.0000000 0.0751237 0.1006468 0.0388172 0.0000000 0.0000000 0.0912823 0.1735955 0.0212093 0.0000000 0.0000000 0.0276339
 18 A  18 0.2136960 0.0000000 0.0377742 0.0711262 0.0000000 0.0198183 0.1353089 0.0000000 0.0000000 0.0000000 0.0302470 0.0326517 0.0000000 0.0000000 0.1123339 0.1881215 0.1589222 0.0000000 0.0000000 0.0000000
 19 V  19 0.0000000 0.0377742 0.0000000 0.0000000 0.0000000 0.0743788 0.0000000 0.0000000 0.0000000 0.0326172 0.3652505 0.0000000 0.0650150 0.0911768 0.0000000 0.0000000 0.0000000 0.0000000 0.0000000 0.3337874
 20 E  20 0.0377742 0.0000000 0.0374525 0.1641007 0.0000000 0.0404903 0.6369224 0.0000000 0.0000000 0.0000000 0.0000000 0.0000000 0.0000000 0.0000000 0.0000000 0.0000000 0.0391281 0.0000000 0.0000000 0.0441318
 21 E  21 0.0735665 0.0000000 0.0000000 0.1227960 0.0000000 0.0306359 0.6484821 0.0000000 0.0000000 0.0441318 0.0000000 0.0000000 0.0000000 0.0000000 0.0000000 0.0426134 0.0377742 0.0000000 0.0000000 0.0000000
 22 L  22 0.0000000 0.0000000 0.0000000 0.0000000 0.0000000 0.0000000 0.0000000 0.0000000 0.0000000 0.0000000 0.9673483 0.0000000 0.0000000 0.0000000 0.0000000 0.0000000 0.0000000 0.0000000 0.0000000 0.0326517
 23 R  23 0.0628987 0.4572826 0.0000000 0.0000000 0.0000000 0.1108498 0.0344384 0.0000000 0.0000000 0.0000000 0.0374525 0.2151719 0.0000000 0.0000000 0.0377742 0.0441318 0.0000000 0.0000000 0.0000000 0.0000000
 24 T  24 0.4237683 0.0000000 0.0711344 0.0223314 0.0000000 0.0391816 0.0000000 0.1544772 0.0000000 0.0000000 0.0000000 0.0423597 0.0341231 0.0000000 0.0000000 0.0651967 0.1474276 0.0000000 0.0000000 0.0000000
 25 Q  25 0.0423597 0.0000000 0.0000000 0.0000000 0.0000000 0.6581158 0.2239778 0.0000000 0.0000000 0.0000000 0.0000000 0.0755467 0.0000000 0.0000000 0.0000000 0.0000000 0.0000000 0.0000000 0.0000000 0.0000000
 26 V  26 0.0000000 0.0000000 0.0000000 0.0000000 0.0000000 0.0000000 0.0000000 0.0000000 0.0000000 0.4560367 0.1537291 0.0000000 0.0444366 0.0562048 0.0395183 0.0000000 0.0000000 0.0000000 0.0000000 0.2500746
 27 R  27 0.0658027 0.2917771 0.1108509 0.0000000 0.0000000 0.0000000 0.0000000 0.0551455 0.0167178 0.0878135 0.0000000 0.2824510 0.0000000 0.0292813 0.0000000 0.0234811 0.0000000 0.0000000 0.0000000 0.0366792
 28 E  28 0.0000000 0.0000000 0.0000000 0.2598738 0.0000000 0.0000000 0.4298408 0.0377742 0.0000000 0.0000000 0.0000000 0.0000000 0.0000000 0.0000000 0.0000000 0.1799696 0.0925416 0.0000000 0.0000000 0.0000000
 29 L  29 0.0000000 0.0000000 0.0000000 0.0000000 0.0000000 0.0000000 0.0000000 0.0000000 0.0000000 0.0302470 0.8815902 0.0000000 0.0344384 0.0537244 0.0000000 0.0000000 0.0000000 0.0000000 0.0000000 0.0000000
 30 R  30 0.0000000 0.3898343 0.0000000 0.0000000 0.0000000 0.1126708 0.0000000 0.0000000 0.0404903 0.0000000 0.1874461 0.1668023 0.0814103 0.0000000 0.0000000 0.0000000 0.0000000 0.0000000 0.0000000 0.0213459
 31 S  31 0.0937094 0.0000000 0.0168872 0.0737248 0.1151008 0.0000000 0.1233889 0.1051238 0.0000000 0.0295781 0.0435013 0.0000000 0.0450328 0.0664698 0.0000000 0.1670205 0.1098086 0.0000000 0.0106539 0.0000000
 32 I  32 0.0236126 0.0000000 0.0000000 0.0000000 0.0000000 0.0733962 0.0000000 0.0399189 0.0000000 0.3596733 0.0289458 0.0000000 0.0904133 0.0000000 0.0000000 0.1162672 0.2247561 0.0000000 0.0000000 0.0430166
 33 I  33 0.0000000 0.0000000 0.0000000 0.0000000 0.0000000 0.0000000 0.0000000 0.0000000 0.0000000 0.2863453 0.0450328 0.0000000 0.1074908 0.0323752 0.0000000 0.0399189 0.0000000 0.0000000 0.0000000 0.4888371
 34 E  34 0.0404903 0.0000000 0.0694530 0.1258027 0.0000000 0.0000000 0.7040349 0.0000000 0.0224448 0.0000000 0.0000000 0.0377742 0.0000000 0.0000000 0.0000000 0.0000000 0.0000000 0.0000000 0.0000000 0.0000000
 35 T  35 0.1840849 0.0000000 0.0441318 0.0000000 0.0000000 0.0697640 0.0000000 0.0000000 0.0000000 0.0000000 0.3007594 0.1269800 0.0119882 0.0000000 0.0000000 0.0885709 0.1737207 0.0000000 0.0000000 0.0000000
 36 M  36 0.0000000 0.0000000 0.0374525 0.0000000 0.0000000 0.0000000 0.0000000 0.0000000 0.0000000 0.0404903 0.5957063 0.0000000 0.3263509 0.0000000 0.0000000 0.0000000 0.0000000 0.0000000 0.0000000 0.0000000
 37 K  37 0.0000000 0.3036617 0.0000000 0.0000000 0.0000000 0.0388172 0.0426134 0.0000000 0.0000000 0.0000000 0.0000000 0.5771335 0.0000000 0.0000000 0.0000000 0.0377742 0.0000000 0.0000000 0.0000000 0.0000000
 38 D  38 0.0000000 0.0234653 0.0651421 0.1969174 0.0000000 0.0556406 0.0000000 0.0000000 0.0000000 0.0000000 0.0000000 0.3039706 0.0000000 0.0000000 0.0000000 0.2908224 0.0640417 0.0000000 0.0000000 0.0000000
 39 Q  39 0.0000000 0.0441333 0.0405237 0.1869099 0.0000000 0.4305238 0.1936457 0.0000000 0.0000000 0.0000000 0.0000000 0.0651421 0.0000000 0.0000000 0.0000000 0.0000000 0.0000000 0.0000000 0.0000000 0.0391215
 40 Q  40 0.0000000 0.0000000 0.0000000 0.0000000 0.0000000 0.3370715 0.0000000 0.0000000 0.4788397 0.0000000 0.0000000 0.0000000 0.0579059 0.0858154 0.0000000 0.0000000 0.0000000 0.0000000 0.0403675 0.0000000
 41 K  41 0.0351931 0.1777072 0.0330204 0.0000000 0.0000000 0.0579059 0.0881037 0.2123715 0.0000000 0.0000000 0.0000000 0.2783613 0.0213608 0.0000000 0.0000000 0.0633748 0.0326012 0.0000000 0.0000000 0.0000000
 42 R  42 0.0000000 0.2745261 0.0000000 0.0000000 0.0000000 0.1171335 0.0000000 0.0000000 0.0000000 0.0000000 0.0394055 0.5689348 0.0000000 0.0000000 0.0000000 0.0000000 0.0000000 0.0000000 0.0000000 0.0000000
 43 E  43 0.0346826 0.0390924 0.0000000 0.1062602 0.0000000 0.0000000 0.7428413 0.0000000 0.0000000 0.0000000 0.0377180 0.0000000 0.0000000 0.0000000 0.0000000 0.0000000 0.0394055 0.0000000 0.0000000 0.0000000
 44 I  44 0.0000000 0.0000000 0.0000000 0.0000000 0.0000000 0.0000000 0.0000000 0.0000000 0.0000000 0.3622730 0.2128399 0.0000000 0.2859750 0.0000000 0.0000000 0.0000000 0.0000000 0.0000000 0.0000000 0.1389121
 45 K  45 0.0199588 0.0587292 0.0784979 0.1327469 0.0000000 0.0775981 0.2136932 0.0214973 0.0000000 0.0000000 0.0000000 0.3972786 0.0000000 0.0000000 0.0000000 0.0000000 0.0000000 0.0000000 0.0000000 0.0000000
 46 Q  46 0.0000000 0.0000000 0.0000000 0.1010626 0.0000000 0.3258330 0.1543171 0.0000000 0.0584739 0.0541053 0.0000000 0.2321200 0.0000000 0.0000000 0.0000000 0.0394055 0.0000000 0.0000000 0.0000000 0.0346826
 47 L  47 0.0000000 0.0000000 0.0000000 0.0000000 0.0000000 0.0000000 0.0000000 0.0000000 0.0000000 0.0633447 0.8937398 0.0000000 0.0000000 0.0000000 0.0000000 0.0000000 0.0000000 0.0000000 0.0000000 0.0429155
 48 L  48 0.0158309 0.2797765 0.0000000 0.0000000 0.0000000 0.0000000 0.0000000 0.0000000 0.0000000 0.0000000 0.2686183 0.1363354 0.1093484 0.0000000 0.0000000 0.1275780 0.0346826 0.0000000 0.0000000 0.0278299
 49 S  49 0.0000000 0.0000000 0.0707274 0.0000000 0.0000000 0.0000000 0.0429155 0.0199588 0.0000000 0.0000000 0.0000000 0.3439982 0.0000000 0.0000000 0.0000000 0.4280738 0.0943263 0.0000000 0.0000000 0.0000000
 50 E  50 0.0684772 0.0000000 0.0000000 0.2445073 0.0000000 0.0226040 0.6644116 0.0000000 0.0000000 0.0000000 0.0000000 0.0000000 0.0000000 0.0000000 0.0000000 0.0000000 0.0000000 0.0000000 0.0000000 0.0000000
 51 L  51 0.0000000 0.0000000 0.0000000 0.0000000 0.0000000 0.0000000 0.0000000 0.0000000 0.0000000 0.1162159 0.8101235 0.0000000 0.0328832 0.0000000 0.0000000 0.0000000 0.0000000 0.0000000 0.0000000 0.0407774
 52 D  52 0.0000000 0.0429155 0.0633447 0.6873537 0.0000000 0.0000000 0.2063861 0.0000000 0.0000000 0.0000000 0.0000000 0.0000000 0.0000000 0.0000000 0.0000000 0.0000000 0.0000000 0.0000000 0.0000000 0.0000000
 53 E  53 0.0346826 0.0000000 0.0000000 0.1501531 0.0000000 0.0000000 0.8151643 0.0000000 0.0000000 0.0000000 0.0000000 0.0000000 0.0000000 0.0000000 0.0000000 0.0000000 0.0000000 0.0000000 0.0000000 0.0000000
 54 E  54 0.0000000 0.0000000 0.0000000 0.0000000 0.0000000 0.0000000 1.0000000 0.0000000 0.0000000 0.0000000 0.0000000 0.0000000 0.0000000 0.0000000 0.0000000 0.0000000 0.0000000 0.0000000 0.0000000 0.0000000
 55 K  55 0.0000000 0.2899824 0.0000000 0.0000000 0.0000000 0.0000000 0.0000000 0.0000000 0.0000000 0.0000000 0.0000000 0.7100176 0.0000000 0.0000000 0.0000000 0.0000000 0.0000000 0.0000000 0.0000000 0.0000000
 56 K  56 0.1746015 0.0795094 0.0429155 0.0000000 0.0000000 0.0199588 0.0128066 0.0000000 0.0000000 0.0000000 0.0867296 0.5214583 0.0000000 0.0000000 0.0000000 0.0000000 0.0462923 0.0000000 0.0000000 0.0157279
 57 I  57 0.0000000 0.0000000 0.0000000 0.0000000 0.0000000 0.0000000 0.0346826 0.0000000 0.0407774 0.3565013 0.1573504 0.2018215 0.1697744 0.0000000 0.0000000 0.0000000 0.0000000 0.0000000 0.0000000 0.0390924
 58 R  58 0.0000000 0.9458947 0.0000000 0.0000000 0.0000000 0.0000000 0.0000000 0.0000000 0.0000000 0.0000000 0.0000000 0.0000000 0.0000000 0.0000000 0.0000000 0.0000000 0.0000000 0.0000000 0.0000000 0.0541053
 59 L  59 0.0541053 0.0000000 0.0000000 0.0000000 0.0000000 0.0000000 0.0000000 0.0000000 0.0000000 0.0646720 0.4537833 0.0000000 0.1175878 0.0000000 0.0000000 0.1913427 0.0376474 0.0000000 0.0000000 0.0808616
 60 R  60 0.1668498 0.2295259 0.1789860 0.0000000 0.0000000 0.0000000 0.0000000 0.0000000 0.0507915 0.0000000 0.0000000 0.0346826 0.0407774 0.0000000 0.0000000 0.1695837 0.1288031 0.0000000 0.0000000 0.0000000
 61 L  61 0.0000000 0.0000000 0.0000000 0.0000000 0.0000000 0.0000000 0.0000000 0.0000000 0.0000000 0.0000000 0.8057930 0.0000000 0.1942070 0.0000000 0.0000000 0.0000000 0.0000000 0.0000000 0.0000000 0.0000000
 62 Q  62 0.0000000 0.0000000 0.0000000 0.0000000 0.0000000 0.7596056 0.2403944 0.0000000 0.0000000 0.0000000 0.0000000 0.0000000 0.0000000 0.0000000 0.0000000 0.0000000 0.0000000 0.0000000 0.0000000 0.0000000
 63 M  63 0.0000000 0.0000000 0.0000000 0.0000000 0.0000000 0.0000000 0.0437895 0.0000000 0.0000000 0.0705570 0.0430593 0.0000000 0.4470180 0.0000000 0.0000000 0.0000000 0.0346487 0.0000000 0.0000000 0.3609275
 64 E  64 0.0000000 0.0214391 0.0000000 0.1103278 0.0000000 0.0000000 0.8682331 0.0000000 0.0000000 0.0000000 0.0000000 0.0000000 0.0000000 0.0000000 0.0000000 0.0000000 0.0000000 0.0000000 0.0000000 0.0000000
 65 V  65 0.0000000 0.0000000 0.0000000 0.0000000 0.0000000 0.0000000 0.0000000 0.0000000 0.0000000 0.3193885 0.0814963 0.0000000 0.0000000 0.0000000 0.0000000 0.0000000 0.0214391 0.0000000 0.0000000 0.5776761
 66 N  66 0.0288377 0.0000000 0.2556394 0.2695279 0.0000000 0.0752709 0.3707240 0.0000000 0.0000000 0.0000000 0.0000000 0.0000000 0.0000000 0.0000000 0.0000000 0.0000000 0.0000000 0.0000000 0.0000000 0.0000000
 67 D  67 0.0000000 0.2884521 0.0000000 0.2240920 0.0000000 0.0290188 0.0152393 0.0000000 0.1155445 0.0000000 0.0000000 0.2829044 0.0000000 0.0000000 0.0000000 0.0447489 0.0000000 0.0000000 0.0000000 0.0000000
 68 I  68 0.0000000 0.0000000 0.0000000 0.0000000 0.0000000 0.0000000 0.0000000 0.0000000 0.0000000 0.4231683 0.5768317 0.0000000 0.0000000 0.0000000 0.0000000 0.0000000 0.0000000 0.0000000 0.0000000 0.0000000
 69 K  69 0.0000000 0.0858378 0.0000000 0.0000000 0.0000000 0.0000000 0.0000000 0.0000000 0.0000000 0.0000000 0.0000000 0.9141622 0.0000000 0.0000000 0.0000000 0.0000000 0.0000000 0.0000000 0.0000000 0.0000000
 70 K  70 0.0000000 0.0244221 0.0000000 0.0000000 0.0000000 0.0000000 0.0462089 0.0000000 0.0000000 0.0000000 0.0000000 0.9293690 0.0000000 0.0000000 0.0000000 0.0000000 0.0000000 0.0000000 0.0000000 0.0000000
 71 A  71 0.6094707 0.0000000 0.0000000 0.0000000 0.0000000 0.0000000 0.0000000 0.0000000 0.0387314 0.0000000 0.1476139 0.0494678 0.0000000 0.0000000 0.0000000 0.1206672 0.0142706 0.0000000 0.0000000 0.0197784
 72 L  72 0.0000000 0.0000000 0.0000000 0.0000000 0.0000000 0.0000000 0.0000000 0.0000000 0.0000000 0.0379637 0.4385925 0.0000000 0.0000000 0.0384311 0.0000000 0.0000000 0.0507997 0.0000000 0.0000000 0.4342129
 73 Q  73 0.0000000 0.0000000 0.0000000 0.0000000 0.0000000 0.4637591 0.0000000 0.0000000 0.0000000 0.0489278 0.3007934 0.0000000 0.1865197 0.0000000 0.0000000 0.0000000 0.0000000 0.0000000 0.0000000 0.0000000
 74 S  74 0.0000000 0.0000000 0.0000000 0.0000000 0.0000000 0.0000000 0.0000000 0.0000000 0.0000000 0.0000000 0.0000000 0.0000000 0.0000000 0.0000000 0.0000000 0.8641529 0.1358471 0.0000000 0.0000000 0.0000000
 75 K  75 0.0000000 0.0000000 0.0000000 0.0000000 0.0000000 0.0000000 0.0000000 0.0000000 0.0000000 0.0000000 0.0000000 1.0000000 0.0000000 0.0000000 0.0000000 0.0000000 0.0000000 0.0000000 0.0000000 0.0000000
