  207         A         R         N         D         C         Q         E         G         H         I         L         K         M         F         P         S         T         W         Y         V         X    
  1 M   1 0.0000000 0.0000000 0.0000000 0.0000000 0.0000000 0.0000000 0.0000000 0.0000000 0.0000000 0.0000000 0.0134717 0.0000000 0.1143040 0.0000000 0.0000000 0.0000000 0.0000000 0.0000000 0.0000000 0.0000000 0.8722243
  2 L   2 0.0522704 0.0000000 0.0000000 0.0000000 0.0015051 0.0000000 0.0035140 0.0077180 0.0000000 0.0038029 0.0188082 0.0000000 0.1207163 0.0000000 0.0456599 0.0095312 0.0037185 0.0000000 0.0000000 0.0016116 0.7311440
  3 T   3 0.0139226 0.0048815 0.0071866 0.0094077 0.0089497 0.0012478 0.0068863 0.0013630 0.0012677 0.0000000 0.0000000 0.0011313 0.0000000 0.0008170 0.0276025 0.1104671 0.1003439 0.0000000 0.0000000 0.0000000 0.7045254
  4 E   4 0.0006909 0.0078615 0.0105686 0.0312649 0.0000000 0.0875158 0.0473380 0.0014576 0.0000000 0.0000000 0.0086442 0.0353877 0.0000000 0.0000000 0.0419614 0.0045248 0.0190061 0.0000000 0.0006855 0.0006916 0.7024015
  5 L   5 0.0048747 0.0000000 0.0007847 0.0000000 0.0000000 0.0061539 0.0068450 0.0000000 0.0010900 0.0091258 0.1959572 0.0024451 0.0317358 0.0042013 0.0000000 0.0062764 0.0625061 0.0000000 0.0000000 0.0089828 0.6590211
  6 E   6 0.0021047 0.0000000 0.0000000 0.0122866 0.0000000 0.0191634 0.3598849 0.0000000 0.0000000 0.0017708 0.0545620 0.0042081 0.0000000 0.0025255 0.0007959 0.0019932 0.0073358 0.0000000 0.0000000 0.0012605 0.5321086
  7 K   7 0.0044603 0.0548731 0.0195712 0.0296285 0.0026468 0.0480441 0.2544982 0.0065547 0.0060368 0.0016420 0.0025193 0.0705341 0.0031382 0.0000000 0.0010621 0.0269916 0.0128424 0.0012350 0.0009540 0.0009830 0.4517844
  8 A   8 0.0950207 0.0016970 0.0261575 0.0225290 0.0197399 0.0732020 0.2183223 0.0083386 0.0070298 0.0000000 0.0013861 0.0000000 0.0042707 0.0009830 0.0000000 0.0785250 0.0009887 0.0000000 0.0007477 0.0000000 0.4410621
  9 L   9 0.0012286 0.0000000 0.0000000 0.0038797 0.0000000 0.0054855 0.0020770 0.0000000 0.0000000 0.2987744 0.0895161 0.0177695 0.0824664 0.0028944 0.0000000 0.0000000 0.0030613 0.0000000 0.0013642 0.0648270 0.4266558
 10 N  10 0.1454195 0.0220743 0.0304598 0.0573543 0.0023761 0.0325848 0.1328848 0.0188127 0.0099081 0.0116893 0.0180276 0.0539227 0.0078741 0.0138525 0.0000000 0.0254078 0.0111100 0.0000000 0.0000000 0.0255076 0.3807339
 11 S  11 0.0232021 0.0114695 0.0312788 0.0432291 0.0053738 0.0288804 0.1710447 0.1238399 0.0106133 0.0046359 0.0132724 0.0243073 0.0105521 0.0038517 0.0000000 0.0419319 0.0604699 0.0000000 0.0006589 0.0243751 0.3670132
 12 I  12 0.0075180 0.0000000 0.0000000 0.0000000 0.0000000 0.0000000 0.0000000 0.0000000 0.0000000 0.1390746 0.3186293 0.0000000 0.0330358 0.0775342 0.0000000 0.0000000 0.0032466 0.0000000 0.0141449 0.0433505 0.3634661
 13 I  13 0.0158883 0.1250979 0.0033017 0.0000000 0.0011268 0.0215334 0.0134949 0.0075935 0.0090377 0.1476314 0.0180687 0.1732248 0.0121921 0.0088741 0.0000000 0.0069731 0.0275071 0.0027208 0.0034756 0.0463418 0.3559162
 14 D  14 0.0516989 0.0331319 0.0352470 0.0969489 0.0048288 0.0476786 0.2178328 0.0080607 0.0057079 0.0030950 0.0083194 0.0609001 0.0032823 0.0032913 0.0016067 0.0214404 0.0274799 0.0000000 0.0000000 0.0161835 0.3532660
 15 V  15 0.1353729 0.0065406 0.0011322 0.0000000 0.0079655 0.0254893 0.0152907 0.0076717 0.0110933 0.0560070 0.0613028 0.0000000 0.0948252 0.0000000 0.0000000 0.0080884 0.0739005 0.0000000 0.0000000 0.1420539 0.3532660
 16 Y  16 0.0000000 0.0048918 0.0000000 0.0000000 0.0017091 0.0000000 0.0000000 0.0000000 0.0000000 0.0000000 0.0009099 0.0042164 0.0000000 0.6116933 0.0000000 0.0000000 0.0000000 0.0044321 0.0241201 0.0023425 0.3456848
 17 H  17 0.0244135 0.0465554 0.0230417 0.0458787 0.0006028 0.0939291 0.0307213 0.0093261 0.1296222 0.0014734 0.0065776 0.1097739 0.0144013 0.0032561 0.0008178 0.0542831 0.0108865 0.0000000 0.0220073 0.0000000 0.3724323
 18 K  18 0.0174845 0.0657247 0.0344549 0.0025438 0.0053315 0.0585668 0.0290088 0.0005634 0.0099879 0.0073618 0.0815069 0.1401591 0.0506568 0.0090390 0.0000000 0.0054404 0.0201340 0.0020513 0.0038259 0.0138509 0.4423075
 19 Y  19 0.0000000 0.0000000 0.0008736 0.0016676 0.0009595 0.0000000 0.0000000 0.0044321 0.0121837 0.0569728 0.0087726 0.0000000 0.0204736 0.2166035 0.0000000 0.0064269 0.0000000 0.0008826 0.1983282 0.0031665 0.4682567
 20 S  20 0.1373734 0.0000000 0.0012879 0.1488115 0.0089962 0.0000000 0.0020764 0.0030103 0.0031253 0.0048805 0.0108017 0.0010479 0.0037346 0.0090793 0.0000000 0.1403166 0.0169759 0.0000000 0.0000000 0.0045305 0.5039519
 21 L  21 0.0472468 0.0318901 0.0013383 0.0939530 0.0026999 0.0049807 0.0095402 0.0782573 0.0008931 0.0342133 0.1053708 0.0362288 0.0573625 0.0048434 0.0020744 0.0261293 0.0560267 0.0000000 0.0000000 0.0304788 0.3764725
 22 I  22 0.0043531 0.0548271 0.0091663 0.3032324 0.0031720 0.0201746 0.0160805 0.0067447 0.0060034 0.0085018 0.0054740 0.1733895 0.0074708 0.0037798 0.0000000 0.0087031 0.0094177 0.0000000 0.0012960 0.0046265 0.3535867
 23 K  23 0.0103072 0.0301625 0.0203276 0.1857502 0.0048288 0.0057279 0.0884910 0.0089067 0.0047425 0.0064187 0.0072025 0.1308171 0.0006860 0.0000000 0.0000000 0.0115638 0.0636307 0.0000000 0.0030607 0.0232033 0.3941729
 24 G  24 0.0028117 0.0026810 0.1092982 0.1052363 0.0208478 0.0009420 0.0059806 0.2952146 0.0000000 0.0020764 0.0000000 0.0199171 0.0000000 0.0000000 0.0026616 0.0047635 0.0018642 0.0000000 0.0000000 0.0042805 0.4214245
 25 N  25 0.0046756 0.0056408 0.1740445 0.1743022 0.0054235 0.0054457 0.0250132 0.0962523 0.0283194 0.0000000 0.0000000 0.0283962 0.0000000 0.0000000 0.0207650 0.0294763 0.0034200 0.0000000 0.0024572 0.0064798 0.3898882
 26 F  26 0.0082743 0.0190093 0.0379701 0.1365864 0.0307824 0.0000000 0.0013254 0.0526266 0.0022980 0.0000000 0.0027598 0.0759631 0.0006190 0.0074668 0.0152469 0.1517753 0.0299585 0.0064748 0.0089058 0.0039195 0.4080382
 27 H  27 0.0261097 0.0039297 0.0162446 0.0592205 0.0218215 0.0055104 0.0093955 0.4416314 0.0228820 0.0000000 0.0070854 0.0045692 0.0008267 0.0219533 0.0012478 0.0095100 0.0142456 0.0000000 0.0152364 0.0046481 0.3139323
 28 A  28 0.0399870 0.0232689 0.0078076 0.0065655 0.0037299 0.0419104 0.0010270 0.0029986 0.0175981 0.0079937 0.0108174 0.0898429 0.0134577 0.0144588 0.0000000 0.0757936 0.2456081 0.0000000 0.0290788 0.0321413 0.3359148
 29 V  29 0.0020744 0.0017091 0.0000000 0.0000000 0.0000000 0.0000000 0.0000000 0.0000000 0.0000000 0.3430774 0.2963856 0.0000000 0.0145372 0.0017499 0.0000000 0.0000000 0.0000000 0.0000000 0.0000000 0.0277279 0.3127386
 30 Y  30 0.0014535 0.0012286 0.0557621 0.0312747 0.0165220 0.0020906 0.0065094 0.0110845 0.0000000 0.0012209 0.0039379 0.0045012 0.0000000 0.0000000 0.0000000 0.2445034 0.2937067 0.0000000 0.0109160 0.0008298 0.3144588
 31 R  31 0.0288339 0.0695948 0.0033302 0.0000000 0.0080735 0.0191545 0.0053563 0.0013394 0.0039799 0.0365076 0.0833670 0.1986360 0.0080180 0.0479170 0.0043652 0.0122882 0.0556389 0.0000000 0.0437472 0.0465975 0.3232550
 32 D  32 0.0429912 0.0342595 0.0130033 0.0947722 0.0006323 0.0306163 0.2086461 0.0442829 0.0026720 0.0000000 0.0117074 0.1298458 0.0023053 0.0032619 0.0059983 0.0308373 0.0199853 0.0016536 0.0000000 0.0032404 0.3192892
 33 D  33 0.0016676 0.0015451 0.0020536 0.0475682 0.0000000 0.0045690 0.6158245 0.0052907 0.0000000 0.0000000 0.0017514 0.0045449 0.0000000 0.0000000 0.0000000 0.0022274 0.0000000 0.0000000 0.0000000 0.0000000 0.3129577
 34 L  34 0.0041323 0.0000000 0.0000000 0.0000000 0.0000000 0.0000000 0.0000000 0.0000000 0.0000000 0.0198263 0.5172727 0.0000000 0.0320698 0.1074006 0.0000000 0.0008832 0.0011988 0.0000000 0.0000000 0.0077005 0.3095158
 35 K  35 0.0262582 0.1054116 0.0032101 0.0011262 0.0000000 0.0276887 0.0271948 0.1330025 0.0013649 0.0133999 0.0390900 0.2814892 0.0035838 0.0028549 0.0000000 0.0092269 0.0053046 0.0000000 0.0006315 0.0060112 0.3131512
 36 K  36 0.0682900 0.0252012 0.0300638 0.0402542 0.0013656 0.0907837 0.1441395 0.0052776 0.0162043 0.0216812 0.0094883 0.0490746 0.0032294 0.0000000 0.0016996 0.0415702 0.0999098 0.0000000 0.0031707 0.0349034 0.3136931
 37 L  37 0.0605143 0.0000000 0.0000000 0.0000000 0.0236301 0.0000000 0.0024454 0.1629915 0.0000000 0.0336788 0.1924411 0.0000000 0.0126837 0.0253851 0.0000000 0.0135892 0.0033096 0.0000000 0.0012593 0.1521533 0.3159186
 38 L  38 0.0014350 0.0000000 0.0000000 0.0000000 0.0014206 0.0000000 0.0000000 0.0000000 0.0000000 0.0369191 0.3512499 0.0000000 0.1909396 0.0121612 0.0016676 0.0000000 0.0016275 0.0000000 0.0444031 0.0316154 0.3265610
 39 E  39 0.0494679 0.1930558 0.0335474 0.0011991 0.0020671 0.0673739 0.0807536 0.0160796 0.0204546 0.0055243 0.0213229 0.0713719 0.0093422 0.0017744 0.0051432 0.0154320 0.0481874 0.0009824 0.0013575 0.0026304 0.3529323
 40 T  40 0.0386870 0.0787798 0.0355927 0.0103768 0.0040240 0.0193724 0.0166577 0.0062912 0.0061011 0.0095124 0.0038587 0.2022979 0.0055158 0.0006625 0.0019553 0.1331087 0.0701498 0.0000000 0.0008862 0.0023159 0.3538542
 41 E  41 0.0128135 0.0000000 0.0212325 0.0333502 0.0000000 0.0372382 0.1879992 0.0000000 0.0033911 0.0112121 0.0266691 0.0113541 0.0203722 0.0212130 0.0000000 0.0134919 0.0081835 0.0000000 0.0123425 0.0324929 0.5466439
 42 S  42 0.0028107 0.0099740 0.0031281 0.0000000 0.0108821 0.0038855 0.0000000 0.0506905 0.0021230 0.0212473 0.3790339 0.0017273 0.0307907 0.0763159 0.0031041 0.0023807 0.0027034 0.0000000 0.0141432 0.0085492 0.3765104
 43 P  43 0.0534428 0.0063281 0.0173661 0.0126382 0.0039416 0.0120598 0.0011024 0.3359755 0.0068743 0.0000000 0.0050817 0.0199907 0.0042417 0.0000000 0.1434768 0.0374895 0.0154655 0.0000000 0.0000000 0.0015081 0.3230171
 44 Q  44 0.0305389 0.0178010 0.0723112 0.0603300 0.0036871 0.1246599 0.0514278 0.0140898 0.0342668 0.0155592 0.0246694 0.0065567 0.0135504 0.0131399 0.0107044 0.0889177 0.0387686 0.0271342 0.0310172 0.0081425 0.3127273
 45 Y  45 0.0089627 0.0191087 0.0896247 0.0153151 0.0046928 0.0268743 0.0297376 0.0260385 0.0054189 0.0348785 0.0533899 0.0769496 0.0226521 0.1188341 0.0538860 0.0266463 0.0178458 0.0060517 0.0177727 0.0332687 0.3120511
 46 I  46 0.0446594 0.0127823 0.0183552 0.0328400 0.0009403 0.0168787 0.0155200 0.0075262 0.0111139 0.0475379 0.1516328 0.0543013 0.0394618 0.0173164 0.1241950 0.0207084 0.0350827 0.0000000 0.0017688 0.0346813 0.3126976
 47 R  47 0.0640253 0.0333088 0.0219360 0.0834692 0.0059925 0.0290440 0.0324539 0.0165776 0.0024759 0.0167061 0.0212848 0.0918172 0.0062377 0.0063112 0.0329350 0.0712070 0.1357855 0.0000000 0.0053057 0.0166223 0.3065045
 48 K  48 0.0177938 0.0136443 0.0633675 0.0772974 0.0022870 0.0285441 0.2300152 0.0210739 0.0046783 0.0141148 0.0060031 0.0633268 0.0051226 0.0006958 0.0753947 0.0443908 0.0086788 0.0000000 0.0010982 0.0152953 0.3071773
 49 K  49 0.1269315 0.0101024 0.0067679 0.0549868 0.0122478 0.0597280 0.1428271 0.0101025 0.0101066 0.0066364 0.0061644 0.0543584 0.0186433 0.0013598 0.0690302 0.0655589 0.0184366 0.0000000 0.0038164 0.0130063 0.3091888
 50 G  50 0.0161219 0.0239534 0.0109756 0.0698599 0.0000000 0.0119381 0.2836944 0.0112599 0.0084249 0.0374524 0.0408814 0.0520998 0.0091320 0.0163460 0.0000000 0.0118565 0.0583114 0.0000000 0.0114507 0.0127503 0.3134914
 51 A  51 0.0592258 0.0160096 0.0038284 0.0613840 0.0022103 0.0029757 0.0043020 0.0150186 0.0008146 0.1065073 0.1701483 0.0105397 0.0079217 0.0048705 0.0047049 0.0073763 0.0027153 0.0000000 0.0130062 0.1956596 0.3107812
 52 D  52 0.0230372 0.0464390 0.0294347 0.2011007 0.0008259 0.1100486 0.1132683 0.0071088 0.0143014 0.0121451 0.0255546 0.0569605 0.0057410 0.0000000 0.0124565 0.0048725 0.0127492 0.0000000 0.0027378 0.0016063 0.3196119
 53 V  53 0.0457136 0.0579541 0.0219991 0.0860408 0.0033414 0.0710770 0.1387634 0.0071454 0.0227307 0.0212095 0.0152979 0.0947501 0.0217530 0.0007458 0.0000000 0.0165588 0.0242058 0.0007213 0.0014152 0.0195152 0.3290620
 54 W  54 0.0054411 0.0000000 0.0030259 0.0000000 0.0000000 0.0055556 0.0000000 0.0011547 0.0000000 0.1969912 0.2255505 0.0065793 0.1539538 0.0142636 0.0000000 0.0000000 0.0074412 0.0086329 0.0000000 0.0676315 0.3037788
 55 F  55 0.0009186 0.0000000 0.0000000 0.0000000 0.0000000 0.0000000 0.0000000 0.0008920 0.0028944 0.1462878 0.1106292 0.0008633 0.2824128 0.0985820 0.0000000 0.0104396 0.0000000 0.0006454 0.0000000 0.0435364 0.3018985
 56 K  56 0.0403211 0.0555633 0.0843321 0.0691847 0.0000000 0.0982223 0.1452736 0.0084991 0.0124892 0.0045744 0.0047466 0.1056943 0.0042768 0.0010037 0.0000000 0.0520823 0.0050116 0.0016181 0.0014184 0.0037898 0.3018985
 57 E  57 0.1664572 0.0090216 0.0209101 0.0777079 0.0000000 0.0256718 0.1764679 0.0056727 0.0127261 0.0248192 0.0415881 0.0429661 0.0114656 0.0036513 0.0020369 0.0316032 0.0300407 0.0000000 0.0012494 0.0140458 0.3018985
 58 L  58 0.1393351 0.0000000 0.0013562 0.0069671 0.0028944 0.0030781 0.0000000 0.0105973 0.0000000 0.0878571 0.1991307 0.0036397 0.0256588 0.0531240 0.0013047 0.0128216 0.0044701 0.0000000 0.0043168 0.1391117 0.3043366
 59 D  59 0.0010193 0.0000000 0.0063008 0.6508174 0.0000000 0.0111951 0.0033585 0.0041323 0.0011565 0.0000000 0.0000000 0.0054722 0.0000000 0.0089018 0.0000000 0.0000000 0.0000000 0.0000000 0.0000000 0.0033096 0.3043366
 60 K  60 0.1075575 0.0358048 0.0112925 0.0133730 0.0030378 0.0306298 0.0431261 0.0061704 0.0017737 0.0587041 0.0276542 0.0516201 0.0177283 0.0116242 0.0078991 0.0656118 0.0803560 0.0015451 0.0063243 0.1138306 0.3043366
 61 N  61 0.0041323 0.0064262 0.2446653 0.3841375 0.0039233 0.0000000 0.0167276 0.0018324 0.0018676 0.0064135 0.0000000 0.0116270 0.0000000 0.0000000 0.0000000 0.0111900 0.0027206 0.0000000 0.0000000 0.0000000 0.3043366
 62 T  62 0.0162434 0.0531164 0.0632382 0.0062497 0.0133903 0.0217827 0.0144839 0.3042715 0.0320590 0.0000000 0.0088024 0.0790096 0.0091048 0.0039375 0.0019057 0.0441160 0.0243476 0.0007377 0.0000000 0.0013052 0.3018985
 63 D  63 0.0000000 0.0009772 0.2054561 0.3274446 0.0000000 0.0000000 0.0084666 0.0249039 0.0000000 0.0000000 0.0000000 0.0062249 0.0000000 0.0013332 0.0000000 0.1063022 0.0169928 0.0000000 0.0000000 0.0000000 0.3018985
 64 G  64 0.0098039 0.0088904 0.0329924 0.0228588 0.0049063 0.0160625 0.0073281 0.5348191 0.0076186 0.0028347 0.0018980 0.0301203 0.0000000 0.0000000 0.0000000 0.0140878 0.0000000 0.0000000 0.0000000 0.0038804 0.3018985
 65 A  65 0.0284715 0.0357693 0.0235519 0.0089511 0.0171013 0.0729837 0.0797639 0.0066316 0.0207599 0.0102760 0.0301917 0.0632523 0.0068929 0.0211206 0.0011181 0.0387258 0.1924448 0.0020744 0.0186010 0.0194198 0.3018985
 66 V  66 0.0000000 0.0000000 0.0000000 0.0000000 0.0058211 0.0000000 0.0000000 0.0000000 0.0000000 0.3502047 0.1023426 0.0000000 0.0049714 0.0021982 0.0014365 0.0000000 0.0026481 0.0000000 0.0000000 0.2284789 0.3018985
 67 N  67 0.0000000 0.0032674 0.0741643 0.4890918 0.0048746 0.0000000 0.0444262 0.0038365 0.0023924 0.0000000 0.0000000 0.0040490 0.0000000 0.0000000 0.0000000 0.0551824 0.0095117 0.0000000 0.0018679 0.0000000 0.3073355
 68 F  68 0.0051455 0.0000000 0.0020020 0.0000000 0.0110226 0.0000000 0.0018142 0.0000000 0.0000000 0.0035569 0.0231147 0.0000000 0.0114461 0.4425001 0.0000000 0.0016630 0.0009781 0.0028347 0.1851927 0.0047663 0.3039632
 69 Q  69 0.0134636 0.0468743 0.0340808 0.0658869 0.0000000 0.0857536 0.1334828 0.0592241 0.0152112 0.0146855 0.0145424 0.0348584 0.0007203 0.0017561 0.0493644 0.0538065 0.0630016 0.0000000 0.0033031 0.0066462 0.3033381
 70 E  70 0.0017889 0.0000000 0.0000000 0.0215437 0.0000000 0.0048955 0.6521783 0.0097767 0.0000000 0.0000000 0.0000000 0.0051684 0.0000000 0.0000000 0.0000000 0.0054427 0.0000000 0.0000000 0.0000000 0.0000000 0.2992058
 71 F  71 0.0000000 0.0000000 0.0000000 0.0041323 0.0015880 0.0000000 0.0000000 0.0000000 0.0000000 0.0114663 0.0118098 0.0020676 0.0000000 0.5963504 0.0000000 0.0015977 0.0000000 0.0042253 0.0592184 0.0055649 0.3019793
 72 L  72 0.0105054 0.0000000 0.0005225 0.0000000 0.0259365 0.0000000 0.0029710 0.0083904 0.0000000 0.1401730 0.2362837 0.0027208 0.0243495 0.0057631 0.0012879 0.0102080 0.0040873 0.0087792 0.0000000 0.2160425 0.3019793
 73 I  73 0.1731161 0.0256794 0.0355793 0.0195716 0.0247381 0.0126699 0.0347718 0.0086246 0.0043357 0.0297709 0.0532345 0.0097734 0.0203259 0.0000000 0.0024353 0.0572829 0.1083759 0.0000000 0.0076306 0.0692472 0.3028368
 74 L  74 0.1967774 0.0024381 0.0013419 0.0000000 0.0008813 0.0000000 0.0047048 0.0219684 0.0012350 0.0347614 0.2118104 0.0044929 0.1025843 0.0465700 0.0000000 0.0098076 0.0076421 0.0000000 0.0026108 0.0448472 0.3055263
 75 V  75 0.0218831 0.0000000 0.0080856 0.0000000 0.0014501 0.0000000 0.0000000 0.0000000 0.0036965 0.0592479 0.0987788 0.0011194 0.1453802 0.0224236 0.0000000 0.0344606 0.1484869 0.0000000 0.0173902 0.1190805 0.3185167
 76 I  76 0.1396148 0.0213152 0.0020194 0.0000000 0.0157406 0.0033491 0.0012212 0.0673549 0.0000000 0.0517998 0.0682681 0.0146848 0.0463260 0.0597010 0.0013419 0.0929836 0.0267191 0.0000000 0.0008449 0.0501334 0.3365822
 77 K  77 0.0299653 0.0766891 0.0366729 0.0317880 0.0184463 0.0298439 0.0251320 0.0420979 0.1289735 0.0079828 0.0086699 0.0882038 0.0106366 0.0000000 0.0305795 0.0358960 0.0117508 0.0000000 0.0000000 0.0222252 0.3644466
 78 M  78 0.0093844 0.0417446 0.0053509 0.0014519 0.0036464 0.0297577 0.0035100 0.0080695 0.0022491 0.0497557 0.2120032 0.0954710 0.0436906 0.0135614 0.0047897 0.0039435 0.0177743 0.0000000 0.0035261 0.0853973 0.3649227
 79 G  79 0.0845424 0.0293574 0.0650375 0.0054613 0.0107020 0.0222004 0.0042868 0.0223492 0.0333219 0.0197310 0.0484881 0.0477662 0.0670877 0.0011044 0.0044047 0.0452618 0.0661044 0.0000000 0.0134789 0.0289251 0.3803886
 80 V  80 0.0114861 0.0638700 0.0231698 0.0165955 0.0034065 0.0737972 0.0147035 0.0122352 0.0030008 0.0290299 0.0448814 0.1463935 0.0330587 0.0084296 0.0083606 0.0176683 0.0208900 0.0023847 0.0008192 0.0524581 0.4133615
 81 A  81 0.1556957 0.0061276 0.0034427 0.0560511 0.0070994 0.0091753 0.0351205 0.0377649 0.0037914 0.0371233 0.0447709 0.0102016 0.0613673 0.0077453 0.0013642 0.0232796 0.0239895 0.0000000 0.0299965 0.0180905 0.4278029
 82 A  82 0.0507499 0.0093341 0.0056494 0.0317397 0.1396828 0.0077219 0.0731756 0.0303584 0.0126890 0.0107842 0.0052326 0.0251463 0.0134498 0.0065611 0.0074922 0.0405987 0.0152810 0.0035502 0.0280717 0.0095312 0.4732003
 83 H  83 0.0069460 0.0368639 0.1067986 0.0471099 0.0050450 0.0164412 0.0429234 0.0252233 0.1088431 0.0000000 0.0115633 0.0225265 0.0045921 0.0141233 0.0020349 0.0119215 0.0215367 0.0015678 0.0295347 0.0018017 0.4826033
 84 K  84 0.0273457 0.0127275 0.0170267 0.0943200 0.0000000 0.0151575 0.1611747 0.0161106 0.0202299 0.0059148 0.0271065 0.0600355 0.0018451 0.0054495 0.0052647 0.0121648 0.0089454 0.0000000 0.0069542 0.0031930 0.4990337
 85 K  85 0.0216545 0.0142723 0.0211796 0.0481027 0.0065919 0.0178332 0.0385786 0.0069772 0.0144890 0.0137530 0.0116549 0.0439697 0.0015591 0.0301476 0.0050978 0.0370625 0.0181222 0.0000000 0.0257183 0.0034111 0.6198249
 86 S  86 0.0072301 0.0053501 0.0000000 0.0087323 0.0049721 0.0000000 0.0077651 0.0051704 0.0008136 0.0318051 0.0532963 0.0213392 0.0284785 0.0776190 0.0044970 0.0446753 0.0156236 0.0000000 0.0211730 0.0099811 0.6514784
 87 H  87 0.0066692 0.0044977 0.0067467 0.0155022 0.0239314 0.0281902 0.0381033 0.0124508 0.0488112 0.0129295 0.0191689 0.0156308 0.0058752 0.0019665 0.0130156 0.0184252 0.0104653 0.0044596 0.0016874 0.0087986 0.7026747
 88 E  88 0.0066990 0.0196802 0.0133183 0.0187303 0.0018017 0.0164219 0.0334772 0.0192130 0.0104736 0.0022323 0.0098512 0.0364364 0.0056178 0.0049953 0.0081036 0.0175020 0.0051337 0.0118280 0.0015671 0.0062485 0.7506688
 89 E  89 0.0091122 0.0110218 0.0187324 0.0156854 0.0110204 0.0247721 0.0173111 0.0130466 0.0217426 0.0000000 0.0154677 0.0133159 0.0041323 0.0097677 0.0020258 0.0168605 0.0116651 0.0172954 0.0113287 0.0022011 0.7534952
 90 S  90 0.0199506 0.0069995 0.0101220 0.0181391 0.0000000 0.0134846 0.0265809 0.0163574 0.0031875 0.0016931 0.0151045 0.0034444 0.0142045 0.0044290 0.0388666 0.0332815 0.0132628 0.0000000 0.0084190 0.0050139 0.7474590
 91 H  91 0.0119797 0.0125258 0.0071623 0.0332265 0.0193433 0.0099479 0.0236918 0.0035404 0.0245820 0.0042398 0.0081327 0.0398988 0.0041323 0.0060203 0.0236642 0.0200914 0.0038457 0.0014406 0.0043802 0.0000000 0.7381543
 92 K  92 0.0129405 0.0299068 0.0021292 0.0120525 0.0083333 0.0221123 0.0107046 0.0195384 0.0078559 0.0051492 0.0152666 0.0275397 0.0055719 0.0115910 0.0122099 0.0182369 0.0069767 0.0034090 0.0000000 0.0062922 0.7621833
 93 E  93 0.0275595 0.0128348 0.0061029 0.0042347 0.0055921 0.0218672 0.0119842 0.0124931 0.0129920 0.0009142 0.0081904 0.0214970 0.0201163 0.0017580 0.0155734 0.0259021 0.0048552 0.0028652 0.0053334 0.0077269 0.7696074
 94 M  94 0.0091996 0.0083437 0.0037080 0.0150316 0.0139315 0.0184185 0.0095766 0.0153181 0.0104043 0.0041330 0.0123406 0.0216070 0.0193626 0.0049070 0.0199158 0.0162999 0.0098418 0.0040249 0.0115630 0.0100035 0.7620688
 95 T  95 0.0242835 0.0069367 0.0108835 0.0140767 0.0162630 0.0126054 0.0119529 0.0271415 0.0098404 0.0076171 0.0083166 0.0125907 0.0069607 0.0063329 0.0134742 0.0157858 0.0181452 0.0010037 0.0029986 0.0083442 0.7644463
 96 S  96 0.0146059 0.0090787 0.0123192 0.0241083 0.0118992 0.0095143 0.0174382 0.0175919 0.0091825 0.0042570 0.0055540 0.0217170 0.0153203 0.0039893 0.0109390 0.0424709 0.0138151 0.0000000 0.0021394 0.0132127 0.7408471
 97 K  97 0.0159525 0.0145387 0.0113872 0.0088343 0.0055415 0.0269367 0.0120192 0.0164536 0.0225968 0.0031166 0.0060622 0.0245894 0.0714924 0.0000000 0.0217086 0.0214824 0.0139665 0.0044314 0.0045284 0.0063972 0.6879644
 98 M  98 0.0415607 0.0060521 0.0040917 0.0170125 0.0062131 0.0032988 0.0141193 0.0244934 0.0052231 0.0015570 0.0344348 0.0247774 0.1427366 0.0000000 0.0665036 0.0153169 0.0073706 0.0000000 0.0037324 0.0081409 0.5733650
 99 S  99 0.0151038 0.0076077 0.0187800 0.0184841 0.0052916 0.0070325 0.0198091 0.0239942 0.0087389 0.0034323 0.0042421 0.0077495 0.0009585 0.0017965 0.0475668 0.1352727 0.1456943 0.0000000 0.0040778 0.0026337 0.5217340
100 Q 100 0.0122878 0.0279503 0.0102938 0.0922847 0.0000000 0.1005642 0.0799672 0.0079458 0.0065535 0.0000000 0.0242309 0.0720268 0.0000000 0.0000000 0.0569466 0.0103093 0.0107894 0.0000000 0.0033461 0.0036944 0.4808093
101 L 101 0.0173050 0.0082008 0.0072861 0.0062193 0.0000000 0.0131610 0.0259213 0.0048012 0.0018160 0.0127090 0.2540860 0.0142511 0.0324347 0.0049105 0.0055991 0.0585640 0.0545510 0.0000000 0.0000000 0.0164137 0.4617703
102 E 102 0.0088468 0.0028665 0.0111399 0.0248325 0.0000000 0.0111882 0.3544067 0.0018715 0.0034812 0.0018403 0.1057856 0.0065151 0.0000000 0.0051610 0.0014109 0.0081266 0.0076637 0.0000000 0.0000000 0.0013216 0.4435419
103 R 103 0.0165184 0.1193695 0.0330704 0.0331276 0.0035671 0.0576063 0.1067938 0.0068639 0.0099880 0.0013525 0.0225278 0.0787542 0.0072446 0.0022347 0.0013352 0.0340334 0.0270535 0.0015671 0.0015047 0.0059823 0.4295049
104 N 104 0.1298468 0.0204500 0.0343166 0.0315392 0.0268664 0.0373203 0.1142659 0.0346656 0.0100793 0.0000000 0.0040527 0.0038547 0.0000000 0.0016297 0.0000000 0.1259948 0.0043822 0.0089539 0.0008083 0.0061482 0.4048253
105 I 105 0.0097356 0.0090210 0.0024592 0.0146603 0.0015570 0.0231040 0.0315878 0.0017928 0.0037867 0.1999702 0.0848394 0.0093980 0.0822028 0.0046108 0.0007243 0.0106565 0.0048846 0.0000000 0.0000000 0.0642014 0.4408075
106 E 106 0.0709750 0.0528258 0.0325197 0.0880368 0.0027392 0.0459998 0.2653447 0.0146101 0.0074588 0.0151123 0.0330321 0.0313637 0.0029061 0.0231430 0.0000000 0.0208771 0.0107118 0.0000000 0.0000000 0.0304080 0.2519360
107 T 107 0.0435235 0.0282865 0.0527340 0.0611173 0.0087558 0.0142638 0.1480796 0.0404560 0.0940577 0.0044586 0.0222447 0.0492729 0.0165837 0.0043609 0.0026978 0.0570243 0.0888042 0.0000000 0.0000000 0.0189886 0.2442901
108 I 108 0.0583326 0.0010534 0.0000000 0.0000000 0.0060864 0.0011390 0.0000000 0.0000000 0.0000000 0.1547856 0.3541409 0.0000000 0.0529060 0.0441671 0.0025255 0.0105306 0.0115451 0.0000000 0.0081372 0.0711115 0.2235390
109 I 109 0.0146677 0.1286828 0.0028506 0.0040468 0.0000000 0.0251948 0.0160179 0.0000000 0.0190770 0.1852251 0.0409063 0.0999374 0.0170216 0.0936065 0.0052827 0.0075984 0.0201842 0.0024888 0.0354713 0.0630151 0.2187251
110 N 110 0.1183345 0.0818887 0.0462375 0.0936267 0.0091040 0.0241659 0.1569836 0.0060867 0.0082238 0.0062629 0.0316851 0.1080701 0.0051287 0.0210764 0.0000000 0.0292315 0.0285420 0.0122738 0.0000000 0.0151971 0.1978812
111 T 111 0.4050401 0.0000000 0.0014955 0.0028347 0.0207942 0.0029195 0.0018011 0.0034261 0.0000000 0.0564274 0.0262398 0.0021789 0.0113249 0.0000000 0.0000000 0.0152684 0.0687261 0.0000000 0.0000000 0.1857871 0.1957362
112 F 112 0.0010072 0.0000000 0.0000000 0.0000000 0.0021235 0.0000000 0.0000000 0.0000000 0.0000000 0.0000000 0.0020676 0.0026210 0.0000000 0.7662496 0.0000000 0.0000000 0.0021789 0.0034323 0.0204052 0.0026108 0.1973037
113 H 113 0.0168250 0.1096793 0.0375913 0.0623587 0.0004701 0.1368198 0.0337141 0.0141128 0.1378344 0.0000000 0.0042468 0.0673192 0.0033060 0.0047338 0.0021580 0.0560545 0.0027871 0.0026108 0.0283993 0.0034323 0.2755466
114 Q 114 0.0213943 0.0409390 0.0142690 0.0058741 0.0058063 0.0804181 0.0299751 0.0000000 0.0269541 0.0229324 0.0766904 0.1635528 0.0577641 0.0165784 0.0000000 0.0236276 0.0186681 0.0024072 0.0425813 0.0896530 0.2599150
115 Y 115 0.0000000 0.0000000 0.0061664 0.0027044 0.0008859 0.0000000 0.0000000 0.0000000 0.0249597 0.0031252 0.0120563 0.0000000 0.0079026 0.3387297 0.0014143 0.0025255 0.0000000 0.0048951 0.3369711 0.0000000 0.2576640
116 S 116 0.1393988 0.0025255 0.0037578 0.2952222 0.0023803 0.0000000 0.0000000 0.0000000 0.0000000 0.0000000 0.0070261 0.0014143 0.0000000 0.0588158 0.0018676 0.1175100 0.0152745 0.0000000 0.0000000 0.0042991 0.3505081
117 V 117 0.0329870 0.0540582 0.0072361 0.1143020 0.0026093 0.0149510 0.0104186 0.0891078 0.0050778 0.0335627 0.0571124 0.0555722 0.0032578 0.0021274 0.0000000 0.0330639 0.0594768 0.0000000 0.0000000 0.0347706 0.3903084
118 K 118 0.0051904 0.0690590 0.0067365 0.2471807 0.0033961 0.0420785 0.0238618 0.0151483 0.0170418 0.0040464 0.0054988 0.2247643 0.0035041 0.0026210 0.0021789 0.0116404 0.0166309 0.0000000 0.0017808 0.0040004 0.2936411
119 L 119 0.0059258 0.0327649 0.0331437 0.2906433 0.0069507 0.0265855 0.1063874 0.0100841 0.0107909 0.0000000 0.0085737 0.1324229 0.0023003 0.0000000 0.0000000 0.0093170 0.0057434 0.0000000 0.0046487 0.0057488 0.3079690
120 G 120 0.0037088 0.0034101 0.0621137 0.1380672 0.0131398 0.0000000 0.0097850 0.4342908 0.0033242 0.0000000 0.0000000 0.0163660 0.0000000 0.0000000 0.0031110 0.0129852 0.0027474 0.0000000 0.0000000 0.0000000 0.2969508
121 H 121 0.0030810 0.0227555 0.2123841 0.2093333 0.0034774 0.0176570 0.0286321 0.0736915 0.0361328 0.0000000 0.0000000 0.0161959 0.0008349 0.0000000 0.0010954 0.0851085 0.0000000 0.0000000 0.0021187 0.0087941 0.2787079
122 P 122 0.0071779 0.0256396 0.0417653 0.0448764 0.0479902 0.0000000 0.0032767 0.2369388 0.0030183 0.0000000 0.0078512 0.0897234 0.0006684 0.0055503 0.0184331 0.1626851 0.0283945 0.0000000 0.0101449 0.0040411 0.2618246
123 D 123 0.0255516 0.0087273 0.0220518 0.0726443 0.0195859 0.0040185 0.0099622 0.3043089 0.0272013 0.0012226 0.0111364 0.0074410 0.0009198 0.0651530 0.0015678 0.0124007 0.0199899 0.0005107 0.0221856 0.0077289 0.3556918
124 T 124 0.0298134 0.0228579 0.0009576 0.0008183 0.0039640 0.0410811 0.0031092 0.0030995 0.0119927 0.0028896 0.0219446 0.0878924 0.0112906 0.0502286 0.0000000 0.0538540 0.1672509 0.0000000 0.1902099 0.0192922 0.2774537
125 L 125 0.0000000 0.0021235 0.0000000 0.0000000 0.0000000 0.0000000 0.0000000 0.0026197 0.0000000 0.5011983 0.2452050 0.0000000 0.0157968 0.0032818 0.0000000 0.0000000 0.0000000 0.0000000 0.0000000 0.0232177 0.2065572
126 N 126 0.0000000 0.0008252 0.0397028 0.0356377 0.0239927 0.0037024 0.0384841 0.0014749 0.0000000 0.0015273 0.0000000 0.0051296 0.0034323 0.0000000 0.0000000 0.3525398 0.2733685 0.0000000 0.0111777 0.0009645 0.2080405
127 Q 127 0.1187251 0.1099689 0.0137705 0.0013448 0.0035946 0.0302510 0.0064996 0.0040473 0.0066176 0.0397440 0.0281236 0.2333932 0.0155048 0.0113454 0.0292816 0.0200541 0.0419712 0.0000000 0.0160242 0.0579968 0.2117415
128 G 128 0.0878246 0.0253811 0.0220273 0.1639236 0.0007746 0.0381532 0.1548996 0.0667352 0.0057809 0.0011383 0.0063330 0.1154570 0.0005131 0.0048653 0.0028256 0.0514099 0.0285752 0.0003776 0.0005343 0.0081184 0.2143523
129 E 129 0.0014832 0.0027316 0.0109489 0.0529757 0.0000000 0.0009867 0.7118528 0.0017813 0.0000000 0.0000000 0.0000000 0.0048997 0.0000000 0.0000000 0.0034323 0.0026293 0.0000000 0.0000000 0.0000000 0.0000000 0.2062785
130 F 130 0.0000000 0.0000000 0.0000000 0.0000000 0.0000000 0.0000000 0.0000000 0.0000000 0.0000000 0.0220520 0.6339104 0.0000000 0.0394202 0.0767384 0.0028347 0.0014783 0.0011310 0.0020764 0.0000000 0.0169420 0.2034166
131 K 131 0.0457896 0.1854263 0.0018308 0.0008407 0.0039075 0.0709714 0.0638514 0.0441513 0.0158559 0.0040084 0.0574553 0.2572368 0.0070302 0.0078125 0.0000000 0.0137271 0.0040327 0.0000000 0.0006710 0.0034492 0.2119518
132 E 132 0.0469125 0.0563014 0.0305417 0.0331096 0.0005968 0.1313856 0.1651685 0.0040998 0.0663995 0.0119892 0.0135816 0.0538555 0.0048482 0.0017728 0.0040841 0.0569232 0.0619560 0.0000000 0.0051969 0.0219891 0.2292880
133 L 133 0.1509753 0.0000000 0.0000000 0.0000000 0.0009935 0.0000000 0.0020061 0.0148429 0.0000000 0.0511200 0.2509127 0.0000000 0.0293202 0.0404445 0.0000000 0.0133124 0.0041194 0.0000000 0.0000000 0.2088027 0.2331503
134 V 134 0.0159068 0.0000000 0.0000000 0.0000000 0.0029710 0.0015628 0.0000000 0.0000000 0.0000000 0.0437690 0.3537235 0.0028619 0.2442314 0.0064103 0.0014832 0.0008367 0.0037074 0.0000000 0.0000000 0.0479885 0.2745475
135 R 135 0.0338610 0.1036586 0.0464728 0.0024418 0.0030660 0.0722662 0.1163984 0.0376068 0.0225028 0.0030413 0.0193785 0.1009682 0.0066795 0.0000000 0.0086165 0.0164942 0.0805678 0.0000000 0.0023999 0.0141160 0.3094637
136 K 136 0.0574242 0.0450180 0.0647195 0.0422835 0.0015591 0.0214151 0.0439575 0.0095565 0.0136429 0.0062040 0.0045837 0.1242492 0.0130290 0.0007084 0.0028075 0.0872871 0.0813671 0.0000000 0.0029373 0.0086915 0.3685587
137 D 137 0.0042202 0.0045790 0.0098279 0.0213584 0.0008136 0.0204880 0.2458413 0.0193492 0.0026170 0.0163758 0.0373128 0.0000000 0.0514573 0.0149300 0.0026197 0.0053293 0.0118096 0.0000000 0.0016005 0.0112414 0.5182291
138 L 138 0.0095603 0.0000000 0.0013350 0.0016278 0.0117823 0.0022370 0.0009158 0.0140241 0.0000000 0.0113607 0.2001054 0.0000000 0.0112429 0.0997409 0.0180956 0.0090375 0.0010372 0.0000000 0.0052838 0.0424344 0.5601791
139 Q 139 0.0689295 0.0310577 0.0049740 0.0089471 0.0065486 0.0058679 0.0157110 0.1015762 0.0203434 0.0039747 0.0049429 0.0137215 0.0049452 0.0000000 0.0868484 0.0229429 0.0167424 0.0000000 0.0040691 0.0060393 0.5718183
140 N 140 0.0212741 0.0126850 0.0607221 0.0715020 0.0021696 0.0314320 0.0323827 0.0222037 0.0187425 0.0020569 0.0062247 0.0055456 0.0029902 0.0016970 0.0305774 0.0571932 0.0376434 0.0000000 0.0000000 0.0087486 0.5742093
141 F 141 0.0164413 0.0028619 0.0164552 0.0039936 0.0103458 0.0064192 0.0038112 0.0135804 0.0007864 0.0737773 0.0253223 0.0091268 0.0050986 0.1267180 0.0137402 0.0098328 0.0082056 0.0082071 0.0261561 0.0488227 0.5702974
142 L 142 0.0008094 0.0034162 0.0033684 0.0022398 0.0501457 0.0028035 0.0098679 0.0198999 0.0034323 0.0355991 0.2203401 0.0013598 0.0336926 0.0142952 0.0008886 0.0176787 0.0522686 0.0030852 0.0000000 0.0187603 0.5060487
143 K 143 0.0145881 0.0292164 0.0014223 0.0120692 0.0028183 0.0260278 0.0429345 0.0475212 0.0059532 0.0030780 0.1673447 0.1694900 0.0128233 0.0058019 0.0228592 0.0336032 0.0155457 0.0018940 0.0040052 0.0231673 0.3578366
144 K 144 0.0174383 0.0371404 0.0974011 0.0455542 0.0098215 0.0006864 0.0409801 0.2526055 0.0189827 0.0008043 0.0040908 0.0613798 0.0153573 0.0000000 0.0083767 0.0262123 0.0157858 0.0000000 0.0282776 0.0095488 0.3095566
145 E 145 0.0188789 0.0151927 0.0098361 0.0344654 0.0074228 0.1197660 0.1821554 0.0390970 0.0335499 0.0057985 0.0185096 0.0249444 0.0054921 0.0204126 0.0980962 0.0164248 0.0102743 0.0000000 0.0015656 0.0171060 0.3210116
146 N 146 0.0228588 0.0250297 0.1026845 0.0834628 0.0000000 0.0390663 0.0204129 0.0854419 0.0318036 0.0250169 0.0141789 0.0992364 0.0295850 0.0086604 0.0161289 0.0196281 0.0234283 0.0000000 0.0024313 0.0186612 0.3322842
147 K 147 0.0251487 0.0480346 0.0101168 0.0154174 0.0092695 0.0058457 0.0029991 0.0375561 0.0071617 0.0347399 0.1648451 0.1056802 0.0365442 0.0130853 0.0505389 0.0174678 0.0260981 0.0000000 0.0086030 0.0310870 0.3497609
148 N 148 0.0109744 0.0034576 0.0610644 0.2776418 0.0054119 0.0042617 0.0540159 0.0271614 0.0066060 0.0028577 0.0000000 0.0192404 0.0019872 0.0000000 0.0093252 0.1001848 0.1405129 0.0000000 0.0000000 0.0024061 0.2728906
149 E 149 0.0278860 0.0070974 0.0072782 0.1536489 0.0014783 0.0473076 0.1933274 0.0075958 0.0067489 0.0127505 0.0109902 0.0350999 0.0033717 0.0023503 0.1739774 0.0082219 0.0121133 0.0000000 0.0057265 0.0171306 0.2658992
150 K 150 0.1319072 0.0231942 0.0245575 0.1078363 0.0090170 0.0534624 0.1789671 0.0547230 0.0006341 0.0095152 0.0100189 0.0516942 0.0066163 0.0004815 0.0029024 0.0483226 0.0154261 0.0000000 0.0041302 0.0316049 0.2349889
151 V 151 0.0599129 0.0226010 0.0060666 0.0539271 0.0013236 0.0139301 0.2230970 0.0098423 0.0117864 0.0308311 0.0245851 0.0256022 0.0076089 0.0106954 0.0018945 0.0525759 0.1238041 0.0008555 0.0240015 0.0770330 0.2180257
152 I 152 0.0252049 0.0000000 0.0000000 0.0000000 0.0344915 0.0000000 0.0000000 0.0013236 0.0000000 0.2133750 0.1882371 0.0000000 0.0172714 0.0073465 0.0000000 0.0000000 0.0119431 0.0325860 0.0084129 0.2448744 0.2149336
153 E 153 0.0264224 0.0330961 0.0499239 0.3134357 0.0029640 0.0599423 0.1527576 0.0064845 0.0062708 0.0013644 0.0067156 0.0880237 0.0026630 0.0024381 0.0000000 0.0143353 0.0213931 0.0000000 0.0016318 0.0018085 0.2083293
154 H 154 0.0337079 0.0544320 0.0216067 0.1379463 0.0052745 0.0413161 0.2393105 0.0083461 0.0171560 0.0176952 0.0200832 0.1047849 0.0049796 0.0000000 0.0157118 0.0232287 0.0217973 0.0006769 0.0034281 0.0209361 0.2075821
155 I 155 0.0091284 0.0000000 0.0079548 0.0000000 0.0000000 0.0040490 0.0000000 0.0012222 0.0030337 0.2564755 0.1406075 0.0018017 0.2541504 0.0218770 0.0000000 0.0000000 0.0204471 0.0084753 0.0000000 0.0644677 0.2063095
156 M 156 0.0000000 0.0000000 0.0000000 0.0000000 0.0000000 0.0000000 0.0000000 0.0012757 0.0008788 0.2973705 0.1503102 0.0011663 0.2183066 0.0942845 0.0000000 0.0028698 0.0000000 0.0000000 0.0000000 0.0301226 0.2034151
157 E 157 0.0197847 0.1514831 0.0705581 0.0457889 0.0026971 0.0884406 0.0932289 0.0205587 0.0278103 0.0048939 0.0077733 0.1658297 0.0064128 0.0036723 0.0023425 0.0613548 0.0182275 0.0000000 0.0048827 0.0022049 0.2020552
158 D 158 0.0244081 0.0082815 0.0239768 0.1437020 0.0022608 0.0379524 0.3440543 0.0068184 0.0173968 0.0121297 0.0549092 0.0385532 0.0103171 0.0041123 0.0006159 0.0426426 0.0112097 0.0000000 0.0061753 0.0084288 0.2020552
159 L 159 0.1843968 0.0000000 0.0000000 0.0000000 0.0125454 0.0067962 0.0000000 0.0077087 0.0000000 0.0198294 0.2472455 0.0041876 0.0369810 0.0120018 0.0000000 0.0066746 0.0066262 0.0000000 0.0021818 0.2507699 0.2020552
160 D 160 0.0000000 0.0000000 0.0000000 0.7909202 0.0000000 0.0000000 0.0049199 0.0000000 0.0000000 0.0000000 0.0000000 0.0000000 0.0000000 0.0000000 0.0000000 0.0000000 0.0000000 0.0000000 0.0021047 0.0000000 0.2020552
161 T 161 0.0944962 0.0711056 0.0059549 0.0058257 0.0024032 0.0757107 0.0348426 0.0160202 0.0041559 0.0642249 0.0594849 0.0879076 0.0146556 0.0062282 0.0000000 0.0396087 0.1472019 0.0027316 0.0000000 0.0653865 0.2020552
162 N 162 0.0000000 0.0015047 0.3161675 0.4574696 0.0054010 0.0000000 0.0000000 0.0031692 0.0000000 0.0000000 0.0000000 0.0039762 0.0000000 0.0000000 0.0000000 0.0058677 0.0020463 0.0000000 0.0000000 0.0000000 0.2043978
163 A 163 0.0116830 0.0376397 0.1225587 0.0085598 0.0133628 0.0260097 0.0124454 0.3258578 0.0509532 0.0000000 0.0028089 0.1272708 0.0008459 0.0040490 0.0000000 0.0470628 0.0053045 0.0000000 0.0000000 0.0015330 0.2020552
164 D 164 0.0000000 0.0028619 0.1046414 0.6588613 0.0000000 0.0000000 0.0000000 0.0000000 0.0000000 0.0000000 0.0000000 0.0027676 0.0000000 0.0000000 0.0000000 0.0142493 0.0118276 0.0000000 0.0000000 0.0009497 0.2038412
165 K 165 0.0089359 0.0185284 0.0366106 0.0115946 0.0050364 0.0225769 0.0082745 0.6381085 0.0034230 0.0000000 0.0000000 0.0301720 0.0000000 0.0000000 0.0000000 0.0128980 0.0000000 0.0000000 0.0000000 0.0000000 0.2038412
166 Q 166 0.0210726 0.1776280 0.0075279 0.0011150 0.0095247 0.1452589 0.1137597 0.0007987 0.0175494 0.0016457 0.0258883 0.1142973 0.0126875 0.0102043 0.0000000 0.0255120 0.0709379 0.0000000 0.0099146 0.0298866 0.2047909
167 L 167 0.0028347 0.0000000 0.0000000 0.0000000 0.0052210 0.0000000 0.0000000 0.0000000 0.0000000 0.4339271 0.0967433 0.0000000 0.0025028 0.0012370 0.0011018 0.0000000 0.0015606 0.0000000 0.0000000 0.2497803 0.2050914
168 S 168 0.0000000 0.0049709 0.1508614 0.3941859 0.0061461 0.0030248 0.0231600 0.0053644 0.0000000 0.0000000 0.0000000 0.0019800 0.0006321 0.0000000 0.0000000 0.1807126 0.0212995 0.0000000 0.0023422 0.0000000 0.2053201
169 F 169 0.0000000 0.0000000 0.0000000 0.0000000 0.0009275 0.0062515 0.0054105 0.0000000 0.0018439 0.0036186 0.0412755 0.0014152 0.0000000 0.4992889 0.0000000 0.0053206 0.0000000 0.0000000 0.2271122 0.0009887 0.2065470
170 E 170 0.0188179 0.0122432 0.0657555 0.1142612 0.0000000 0.1152137 0.2121539 0.0273188 0.0276747 0.0033365 0.0048225 0.0440077 0.0008729 0.0008065 0.0353616 0.0421622 0.0520380 0.0000000 0.0129171 0.0036893 0.2065470
171 E 171 0.0000000 0.0000000 0.0000000 0.0097558 0.0000000 0.0031692 0.7675317 0.0021883 0.0020369 0.0000000 0.0000000 0.0000000 0.0011358 0.0000000 0.0000000 0.0047174 0.0000000 0.0000000 0.0000000 0.0000000 0.2094649
172 F 172 0.0000000 0.0000000 0.0000000 0.0000000 0.0020973 0.0000000 0.0000000 0.0000000 0.0000000 0.0000000 0.0049720 0.0000000 0.0000000 0.7029058 0.0000000 0.0010572 0.0000000 0.0011131 0.0725007 0.0058891 0.2094649
173 I 173 0.0374245 0.0248488 0.0000000 0.0000000 0.0317868 0.0172889 0.0107452 0.0000000 0.0000000 0.0600253 0.2078763 0.0458925 0.0353315 0.0085358 0.0011381 0.0215927 0.0225032 0.0077607 0.0016060 0.2498140 0.2158297
174 M 174 0.1482002 0.0646938 0.0410892 0.0131386 0.0053353 0.0470809 0.0342160 0.0034975 0.0170037 0.0285045 0.0848778 0.0670031 0.0210204 0.0000000 0.0019684 0.0426169 0.0830243 0.0000000 0.0124356 0.0605269 0.2237669
175 L 175 0.0497215 0.0006895 0.0000000 0.0000000 0.0011992 0.0000000 0.0005174 0.0016621 0.0015671 0.0441224 0.2198345 0.0004634 0.3488211 0.0553898 0.0000000 0.0085294 0.0027088 0.0000000 0.0025845 0.0302392 0.2319501
176 M 176 0.0029101 0.0000000 0.0007658 0.0000000 0.0000000 0.0000000 0.0000000 0.0000000 0.0000000 0.0809760 0.1265624 0.0000000 0.3761319 0.0034773 0.0000000 0.0009996 0.0116673 0.0000000 0.0039375 0.1518068 0.2407653
177 A 177 0.1234383 0.0637172 0.0053302 0.0031258 0.0062910 0.0471528 0.0142127 0.0910391 0.0024413 0.0149167 0.0314955 0.0259427 0.0089203 0.0800789 0.0000000 0.0533752 0.0498148 0.0000000 0.0000000 0.0172615 0.3614459
178 R 178 0.0301650 0.0943316 0.0172754 0.0057747 0.0167449 0.0278024 0.0230017 0.0907202 0.0076525 0.0007488 0.0041571 0.2080677 0.0052926 0.0000000 0.0025219 0.0390284 0.0282361 0.0000000 0.0000000 0.0023044 0.3961746
179 L 179 0.0203743 0.0039469 0.0025242 0.0012480 0.0019530 0.0022406 0.0000000 0.0065728 0.0008175 0.0525014 0.1882440 0.0298900 0.0196435 0.0031814 0.0015252 0.0109636 0.0078245 0.0024356 0.0000000 0.0823140 0.5617995
180 T 180 0.1412842 0.0039374 0.0000000 0.0064526 0.0222466 0.0048471 0.0000000 0.0115003 0.0000000 0.0081370 0.0181788 0.0009973 0.0372654 0.0010658 0.0000000 0.0316519 0.0885267 0.0000000 0.0000000 0.0282183 0.5956905
