   37         A         R         N         D         C         Q         E         G         H         I         L         K         M         F         P         S         T         W         Y         V    
  1 V   1 0.0000000 0.0000000 0.0000000 0.0000000 0.0000000 0.0000000 0.0000000 0.0000000 0.0000000 0.2341630 0.1057980 0.0000000 0.0000000 0.0000000 0.0000000 0.0000000 0.0000000 0.0000000 0.0000000 0.6600390
  2 V   2 0.0000000 0.0000000 0.0000000 0.0000000 0.0000000 0.0000000 0.0000000 0.0000000 0.0000000 0.0651325 0.0726348 0.0000000 0.0000000 0.0000000 0.0000000 0.0000000 0.0000000 0.0000000 0.0000000 0.8622327
  3 V   3 0.0000000 0.0000000 0.0000000 0.0000000 0.0000000 0.0000000 0.0000000 0.0000000 0.0000000 0.0110486 0.0165350 0.0000000 0.0151772 0.0000000 0.0000000 0.0000000 0.0000000 0.0000000 0.0000000 0.9572392
  4 I   4 0.0000000 0.0000000 0.0155011 0.0000000 0.0000000 0.0000000 0.0000000 0.0000000 0.0000000 0.6194356 0.0822030 0.0000000 0.0208309 0.0247992 0.0000000 0.0000000 0.0000000 0.0000000 0.0000000 0.2372302
  5 L   5 0.0688700 0.0000000 0.0000000 0.0000000 0.0163994 0.0000000 0.0000000 0.0000000 0.0000000 0.0379740 0.7158728 0.0000000 0.0549448 0.0575947 0.0000000 0.0000000 0.0000000 0.0000000 0.0000000 0.0483443
  6 S   6 0.0433938 0.0000000 0.0000000 0.0000000 0.0000000 0.0000000 0.0000000 0.0000000 0.0000000 0.0000000 0.0000000 0.0000000 0.0000000 0.0000000 0.0000000 0.9566062 0.0000000 0.0000000 0.0000000 0.0000000
  7 I   7 0.0000000 0.0000000 0.0000000 0.0000000 0.0000000 0.0000000 0.0000000 0.0000000 0.0000000 0.8731238 0.0645190 0.0000000 0.0000000 0.0098517 0.0081543 0.0000000 0.0000000 0.0000000 0.0000000 0.0443513
  8 V   8 0.1838536 0.0000000 0.0000000 0.0000000 0.0000000 0.0000000 0.0000000 0.0906800 0.0000000 0.1235816 0.3015148 0.0000000 0.0058974 0.0000000 0.0000000 0.0227336 0.0054633 0.0000000 0.0000000 0.2662756
  9 G   9 0.0765513 0.0000000 0.0000000 0.0000000 0.0000000 0.0000000 0.0000000 0.7082840 0.0000000 0.0000000 0.0000000 0.0000000 0.0000000 0.0000000 0.0000000 0.2151647 0.0000000 0.0000000 0.0000000 0.0000000
 10 T  10 0.0000000 0.0000000 0.0000000 0.0000000 0.0000000 0.0099388 0.0000000 0.0000000 0.0000000 0.1357142 0.4475067 0.0000000 0.1664572 0.0243000 0.0000000 0.1317621 0.0784716 0.0000000 0.0000000 0.0058494
 11 V  11 0.0386489 0.0000000 0.0000000 0.0000000 0.0000000 0.0000000 0.0000000 0.0386162 0.0000000 0.0317533 0.2860578 0.0000000 0.1055817 0.1622631 0.0000000 0.0173556 0.0291281 0.0000000 0.0000000 0.2905953
 12 L  12 0.0000000 0.0000000 0.0000000 0.0000000 0.0000000 0.0000000 0.0000000 0.0000000 0.0000000 0.0000000 0.7467814 0.0000000 0.0892505 0.1082185 0.0000000 0.0000000 0.0000000 0.0000000 0.0000000 0.0557497
 13 S  13 0.2146908 0.0000000 0.0136661 0.0212673 0.0000000 0.0000000 0.0961339 0.0000000 0.0350213 0.0000000 0.0000000 0.0259425 0.0000000 0.0000000 0.0000000 0.5636397 0.0296384 0.0000000 0.0000000 0.0000000
 14 D  14 0.0866299 0.0000000 0.0000000 0.6396057 0.0000000 0.0000000 0.1574543 0.0608898 0.0000000 0.0000000 0.0000000 0.0062348 0.0000000 0.0000000 0.0000000 0.0168966 0.0000000 0.0000000 0.0000000 0.0322890
 15 I  15 0.0000000 0.0000000 0.0000000 0.0000000 0.0000000 0.0000000 0.0000000 0.0000000 0.0000000 0.4720739 0.2613422 0.0000000 0.0385248 0.0491996 0.0000000 0.0000000 0.0000000 0.0000000 0.0000000 0.1788595
 16 I  16 0.0000000 0.0000000 0.0000000 0.0000000 0.0000000 0.0000000 0.0622874 0.0292518 0.0000000 0.6210366 0.1301986 0.0000000 0.1185041 0.0000000 0.0000000 0.0000000 0.0000000 0.0000000 0.0000000 0.0387216
 17 Q  17 0.0122386 0.0000000 0.0626164 0.0281914 0.0000000 0.0456786 0.5382525 0.0044993 0.0000000 0.0384900 0.0000000 0.1429330 0.0000000 0.0000000 0.0000000 0.0200169 0.0680164 0.0000000 0.0000000 0.0390670
 18 K  18 0.0000000 0.0000000 0.0210603 0.0683312 0.0000000 0.0728094 0.0338381 0.0000000 0.0000000 0.0000000 0.0000000 0.5796033 0.0000000 0.0000000 0.0000000 0.2152351 0.0091227 0.0000000 0.0000000 0.0000000
 19 Y  19 0.0000000 0.0245262 0.0585377 0.0000000 0.0000000 0.0000000 0.0000000 0.0000000 0.0295242 0.0160614 0.0400932 0.0000000 0.0000000 0.0813600 0.0000000 0.0099960 0.0000000 0.0000000 0.6834232 0.0564780
 20 F  20 0.0000000 0.0000000 0.0000000 0.0000000 0.0000000 0.0000000 0.0000000 0.0000000 0.0000000 0.0000000 0.0448444 0.0000000 0.0000000 0.7560245 0.1049675 0.0000000 0.0000000 0.0000000 0.0796887 0.0144748
 21 F  21 0.0000000 0.0000000 0.0000000 0.0000000 0.0000000 0.0000000 0.0000000 0.0000000 0.0000000 0.1128321 0.0814023 0.0000000 0.0000000 0.1747139 0.0000000 0.0000000 0.0000000 0.0000000 0.0000000 0.6310517
 22 S  22 0.0000000 0.0000000 0.0212673 0.0000000 0.0000000 0.0641494 0.0000000 0.0000000 0.0000000 0.0000000 0.0000000 0.0000000 0.0000000 0.0000000 0.0792610 0.8110224 0.0243000 0.0000000 0.0000000 0.0000000
 23 P  23 0.0000000 0.0000000 0.0000000 0.0000000 0.0000000 0.0000000 0.0000000 0.0000000 0.0000000 0.0000000 0.0000000 0.0000000 0.0000000 0.0000000 1.0000000 0.0000000 0.0000000 0.0000000 0.0000000 0.0000000
 24 T  24 0.0000000 0.0000000 0.0155066 0.0000000 0.0000000 0.0000000 0.0000000 0.0000000 0.0000000 0.0000000 0.0000000 0.0000000 0.0000000 0.0000000 0.0000000 0.0000000 0.9844934 0.0000000 0.0000000 0.0000000
 25 L  25 0.0000000 0.0000000 0.0000000 0.0000000 0.0000000 0.0000000 0.0000000 0.0000000 0.0000000 0.0350213 0.9515019 0.0000000 0.0134769 0.0000000 0.0000000 0.0000000 0.0000000 0.0000000 0.0000000 0.0000000
 26 F  26 0.0000000 0.0000000 0.0000000 0.0000000 0.0000000 0.0000000 0.0000000 0.0000000 0.0000000 0.0000000 0.3651788 0.0000000 0.0000000 0.6348212 0.0000000 0.0000000 0.0000000 0.0000000 0.0000000 0.0000000
 27 R  27 0.0000000 1.0000000 0.0000000 0.0000000 0.0000000 0.0000000 0.0000000 0.0000000 0.0000000 0.0000000 0.0000000 0.0000000 0.0000000 0.0000000 0.0000000 0.0000000 0.0000000 0.0000000 0.0000000 0.0000000
 28 V  28 0.0000000 0.0000000 0.0000000 0.0000000 0.0000000 0.0000000 0.0000000 0.0000000 0.0000000 0.1415367 0.0000000 0.0000000 0.0000000 0.0129448 0.0000000 0.0000000 0.0000000 0.0000000 0.0000000 0.8455185
 29 I  29 0.0000000 0.0000000 0.0000000 0.0000000 0.0000000 0.0000000 0.0000000 0.0000000 0.0000000 0.5880928 0.0645586 0.0000000 0.0000000 0.0000000 0.0000000 0.0000000 0.0000000 0.0000000 0.0000000 0.3473486
 30 R  30 0.0000000 1.0000000 0.0000000 0.0000000 0.0000000 0.0000000 0.0000000 0.0000000 0.0000000 0.0000000 0.0000000 0.0000000 0.0000000 0.0000000 0.0000000 0.0000000 0.0000000 0.0000000 0.0000000 0.0000000
 31 L  31 0.0000000 0.0000000 0.0000000 0.0000000 0.0000000 0.0000000 0.0000000 0.0000000 0.0000000 0.0675914 0.6837056 0.0000000 0.0000000 0.0000000 0.0000000 0.0000000 0.0000000 0.0000000 0.0000000 0.2487030
 32 A  32 0.7652246 0.0000000 0.0000000 0.0000000 0.0000000 0.0000000 0.0000000 0.0000000 0.0000000 0.0000000 0.0432914 0.0000000 0.0000000 0.1611979 0.0000000 0.0000000 0.0000000 0.0000000 0.0000000 0.0302860
 33 R  33 0.0000000 0.8363683 0.0000000 0.0000000 0.0000000 0.0000000 0.0000000 0.0000000 0.0000000 0.0000000 0.0000000 0.1636317 0.0000000 0.0000000 0.0000000 0.0000000 0.0000000 0.0000000 0.0000000 0.0000000
 34 I  34 0.0000000 0.0000000 0.0000000 0.0000000 0.0000000 0.0000000 0.0000000 0.0000000 0.0000000 0.7309876 0.0000000 0.0000000 0.0000000 0.0000000 0.0000000 0.0000000 0.0113845 0.0000000 0.0000000 0.2576279
 35 G  35 0.0289287 0.0000000 0.0000000 0.0000000 0.0000000 0.0000000 0.0000000 0.9261237 0.0000000 0.0000000 0.0000000 0.0000000 0.0000000 0.0000000 0.0000000 0.0094670 0.0354806 0.0000000 0.0000000 0.0000000
 36 R  36 0.0000000 1.0000000 0.0000000 0.0000000 0.0000000 0.0000000 0.0000000 0.0000000 0.0000000 0.0000000 0.0000000 0.0000000 0.0000000 0.0000000 0.0000000 0.0000000 0.0000000 0.0000000 0.0000000 0.0000000
 37 I  37 0.0000000 0.0000000 0.0000000 0.0000000 0.0000000 0.0000000 0.0000000 0.0000000 0.0000000 0.5399114 0.0438591 0.0000000 0.0000000 0.0000000 0.0000000 0.0000000 0.0000000 0.0000000 0.0000000 0.4162295
