   37         A         R         N         D         C         Q         E         G         H         I         L         K         M         F         P         S         T         W         Y         V         X    
  1 V   1 0.0000000 0.0000000 0.0000000 0.0000000 0.0000000 0.0000000 0.0000000 0.0000000 0.0000000 0.1926691 0.0855980 0.0000000 0.0000000 0.0000000 0.0000000 0.0000000 0.0000000 0.0000000 0.0000000 0.5863674 0.1353655
  2 V   2 0.0000000 0.0000000 0.0000000 0.0000000 0.0000000 0.0000000 0.0000000 0.0000000 0.0000000 0.0582153 0.0610569 0.0000000 0.0000000 0.0000000 0.0000000 0.0000000 0.0000000 0.0000000 0.0000000 0.7936480 0.0870798
  3 V   3 0.0000000 0.0000000 0.0000000 0.0000000 0.0000000 0.0000000 0.0000000 0.0000000 0.0000000 0.0091147 0.0139189 0.0000000 0.0129310 0.0000000 0.0000000 0.0000000 0.0000000 0.0000000 0.0000000 0.9158275 0.0482080
  4 I   4 0.0000000 0.0000000 0.0142493 0.0000000 0.0000000 0.0000000 0.0000000 0.0000000 0.0000000 0.6125391 0.0738208 0.0000000 0.0182690 0.0215542 0.0000000 0.0000000 0.0000000 0.0000000 0.0000000 0.2227283 0.0368394
  5 L   5 0.0610569 0.0000000 0.0000000 0.0000000 0.0139189 0.0000000 0.0000000 0.0000000 0.0000000 0.0368447 0.6530291 0.0000000 0.0591213 0.0524695 0.0000000 0.0000000 0.0000000 0.0000000 0.0000000 0.0867202 0.0368394
  6 S   6 0.0388718 0.0000000 0.0000000 0.0000000 0.0000000 0.0000000 0.0000000 0.0000000 0.0000000 0.0000000 0.0000000 0.0000000 0.0000000 0.0000000 0.0000000 0.9375382 0.0000000 0.0000000 0.0000000 0.0000000 0.0235900
  7 I   7 0.0000000 0.0000000 0.0000000 0.0000000 0.0000000 0.0000000 0.0000000 0.0000000 0.0000000 0.8540585 0.0602739 0.0000000 0.0000000 0.0085204 0.0113686 0.0000000 0.0000000 0.0000000 0.0000000 0.0421887 0.0235900
  8 V   8 0.2349428 0.0000000 0.0000000 0.0000000 0.0000000 0.0000000 0.0000000 0.0823590 0.0000000 0.1159200 0.2751824 0.0000000 0.0056892 0.0000000 0.0000000 0.0212575 0.0132495 0.0000000 0.0000000 0.2513996 0.0000000
  9 G   9 0.0727827 0.0000000 0.0000000 0.0000000 0.0000000 0.0000000 0.0000000 0.7289396 0.0000000 0.0000000 0.0000000 0.0000000 0.0000000 0.0000000 0.0000000 0.1982777 0.0000000 0.0000000 0.0000000 0.0000000 0.0000000
 10 T  10 0.0000000 0.0000000 0.0000000 0.0000000 0.0000000 0.0095029 0.0000000 0.0000000 0.0000000 0.1229443 0.4285108 0.0000000 0.1597622 0.0238827 0.0000000 0.1325410 0.1172707 0.0000000 0.0000000 0.0055854 0.0000000
 11 V  11 0.0358699 0.0000000 0.0000000 0.0000000 0.0000000 0.0000000 0.0000000 0.0360297 0.0000000 0.0294103 0.2629958 0.0000000 0.1380079 0.1562648 0.0000000 0.0167888 0.0281746 0.0000000 0.0000000 0.2964582 0.0000000
 12 L  12 0.0000000 0.0000000 0.0000000 0.0000000 0.0000000 0.0000000 0.0000000 0.0000000 0.0000000 0.0000000 0.7668480 0.0000000 0.0812309 0.0999963 0.0000000 0.0000000 0.0000000 0.0000000 0.0000000 0.0519249 0.0000000
 13 S  13 0.2038301 0.0000000 0.0131831 0.0206584 0.0000000 0.0000000 0.0881282 0.0000000 0.0326446 0.0000000 0.0000000 0.0242509 0.0000000 0.0000000 0.0000000 0.5908073 0.0264974 0.0000000 0.0000000 0.0000000 0.0000000
 14 D  14 0.0796085 0.0000000 0.0000000 0.6571683 0.0000000 0.0000000 0.1457725 0.0650571 0.0000000 0.0000000 0.0000000 0.0060266 0.0000000 0.0000000 0.0000000 0.0162416 0.0000000 0.0000000 0.0000000 0.0301254 0.0000000
 15 I  15 0.0000000 0.0000000 0.0000000 0.0000000 0.0000000 0.0000000 0.0000000 0.0000000 0.0000000 0.4610208 0.2818435 0.0000000 0.0433965 0.0468423 0.0000000 0.0000000 0.0000000 0.0000000 0.0000000 0.1668969 0.0000000
 16 I  16 0.0000000 0.0000000 0.0000000 0.0000000 0.0000000 0.0000000 0.0586954 0.0281626 0.0000000 0.6389989 0.1223633 0.0000000 0.1080489 0.0000000 0.0000000 0.0000000 0.0000000 0.0000000 0.0000000 0.0437309 0.0000000
 17 Q  17 0.0114922 0.0000000 0.0597869 0.0265577 0.0000000 0.0450557 0.5584346 0.0042894 0.0000000 0.0344597 0.0000000 0.1353592 0.0000000 0.0000000 0.0000000 0.0185026 0.0633110 0.0000000 0.0000000 0.0427510 0.0000000
 18 K  18 0.0000000 0.0000000 0.0197504 0.0610569 0.0000000 0.0684106 0.0325390 0.0000000 0.0000000 0.0000000 0.0000000 0.5993024 0.0000000 0.0000000 0.0000000 0.2103898 0.0085510 0.0000000 0.0000000 0.0000000 0.0000000
 19 Y  19 0.0000000 0.0238827 0.0541689 0.0000000 0.0000000 0.0000000 0.0000000 0.0000000 0.0281626 0.0145822 0.0368643 0.0000000 0.0000000 0.0730324 0.0000000 0.0092051 0.0000000 0.0000000 0.6913939 0.0525541 0.0161538
 20 F  20 0.0000000 0.0000000 0.0000000 0.0000000 0.0000000 0.0000000 0.0000000 0.0000000 0.0000000 0.0000000 0.0405080 0.0000000 0.0000000 0.7618906 0.0946038 0.0000000 0.0000000 0.0000000 0.0736707 0.0131730 0.0161538
 21 F  21 0.0000000 0.0000000 0.0000000 0.0000000 0.0000000 0.0000000 0.0000000 0.0000000 0.0000000 0.1041870 0.0785617 0.0000000 0.0000000 0.1733073 0.0000000 0.0000000 0.0000000 0.0000000 0.0000000 0.6439440 0.0000000
 22 S  22 0.0000000 0.0000000 0.0206584 0.0000000 0.0000000 0.0608192 0.0000000 0.0000000 0.0000000 0.0000000 0.0000000 0.0000000 0.0000000 0.0000000 0.0748825 0.8197573 0.0238827 0.0000000 0.0000000 0.0000000 0.0000000
 23 P  23 0.0000000 0.0000000 0.0000000 0.0000000 0.0000000 0.0000000 0.0000000 0.0000000 0.0000000 0.0000000 0.0000000 0.0000000 0.0000000 0.0000000 1.0000000 0.0000000 0.0000000 0.0000000 0.0000000 0.0000000 0.0000000
 24 T  24 0.0000000 0.0000000 0.0152984 0.0000000 0.0000000 0.0000000 0.0000000 0.0000000 0.0000000 0.0000000 0.0000000 0.0000000 0.0000000 0.0000000 0.0000000 0.0000000 0.9847016 0.0000000 0.0000000 0.0000000 0.0000000
 25 L  25 0.0000000 0.0000000 0.0000000 0.0000000 0.0000000 0.0000000 0.0000000 0.0000000 0.0000000 0.0326446 0.9536672 0.0000000 0.0136882 0.0000000 0.0000000 0.0000000 0.0000000 0.0000000 0.0000000 0.0000000 0.0000000
 26 F  26 0.0000000 0.0000000 0.0000000 0.0000000 0.0000000 0.0000000 0.0000000 0.0000000 0.0000000 0.0000000 0.3531817 0.0000000 0.0000000 0.6468183 0.0000000 0.0000000 0.0000000 0.0000000 0.0000000 0.0000000 0.0000000
 27 R  27 0.0000000 1.0000000 0.0000000 0.0000000 0.0000000 0.0000000 0.0000000 0.0000000 0.0000000 0.0000000 0.0000000 0.0000000 0.0000000 0.0000000 0.0000000 0.0000000 0.0000000 0.0000000 0.0000000 0.0000000 0.0000000
 28 V  28 0.0000000 0.0000000 0.0000000 0.0000000 0.0000000 0.0000000 0.0000000 0.0000000 0.0000000 0.1318287 0.0000000 0.0000000 0.0000000 0.0540755 0.0000000 0.0000000 0.0000000 0.0000000 0.0000000 0.8140957 0.0000000
 29 I  29 0.0000000 0.0000000 0.0000000 0.0000000 0.0000000 0.0000000 0.0000000 0.0000000 0.0000000 0.6011181 0.0595302 0.0000000 0.0000000 0.0000000 0.0000000 0.0000000 0.0000000 0.0000000 0.0000000 0.3393517 0.0000000
 30 R  30 0.0000000 1.0000000 0.0000000 0.0000000 0.0000000 0.0000000 0.0000000 0.0000000 0.0000000 0.0000000 0.0000000 0.0000000 0.0000000 0.0000000 0.0000000 0.0000000 0.0000000 0.0000000 0.0000000 0.0000000 0.0000000
 31 L  31 0.0000000 0.0000000 0.0000000 0.0000000 0.0000000 0.0000000 0.0000000 0.0000000 0.0000000 0.0627545 0.6925009 0.0000000 0.0000000 0.0000000 0.0000000 0.0000000 0.0000000 0.0000000 0.0000000 0.2447446 0.0000000
 32 A  32 0.7750059 0.0000000 0.0000000 0.0000000 0.0000000 0.0000000 0.0000000 0.0000000 0.0000000 0.0000000 0.0388718 0.0000000 0.0000000 0.1502181 0.0000000 0.0000000 0.0000000 0.0000000 0.0000000 0.0359042 0.0000000
 33 R  33 0.0000000 0.7806259 0.0000000 0.0000000 0.0000000 0.0000000 0.0000000 0.0000000 0.0000000 0.0000000 0.0000000 0.1652986 0.0000000 0.0000000 0.0000000 0.0000000 0.0000000 0.0000000 0.0000000 0.0000000 0.0540755
 34 I  34 0.0000000 0.0000000 0.0000000 0.0000000 0.0000000 0.0000000 0.0000000 0.0000000 0.0000000 0.6846128 0.0000000 0.0000000 0.0000000 0.0000000 0.0000000 0.0000000 0.0087354 0.0000000 0.0000000 0.2525762 0.0540755
 35 G  35 0.0282937 0.0000000 0.0000000 0.0000000 0.0000000 0.0000000 0.0000000 0.8771945 0.0000000 0.0000000 0.0000000 0.0000000 0.0000000 0.0000000 0.0000000 0.0077916 0.0326446 0.0000000 0.0000000 0.0000000 0.0540755
 36 R  36 0.0000000 0.9459245 0.0000000 0.0000000 0.0000000 0.0000000 0.0000000 0.0000000 0.0000000 0.0000000 0.0000000 0.0000000 0.0000000 0.0000000 0.0000000 0.0000000 0.0000000 0.0000000 0.0000000 0.0000000 0.0540755
 37 I  37 0.0000000 0.0000000 0.0000000 0.0000000 0.0000000 0.0000000 0.0000000 0.0000000 0.0000000 0.5073660 0.0388718 0.0000000 0.0000000 0.0000000 0.0000000 0.0000000 0.0000000 0.0000000 0.0000000 0.3996866 0.0540755
