   58         A         R         N         D         C         Q         E         G         H         I         L         K         M         F         P         S         T         W         Y         V         X    
  1 M   1 0.0000000 0.0000000 0.0000000 0.0000000 0.0000000 0.0000000 0.0000000 0.0000000 0.0000000 0.0269243 0.0518665 0.0000000 0.0173598 0.0000000 0.0000000 0.0000000 0.0000000 0.0000000 0.0000000 0.1190360 0.7848133
  2 N   2 0.0042993 0.0078217 0.0513676 0.0403851 0.0047118 0.0044354 0.0599180 0.0296766 0.0143008 0.0015157 0.0014807 0.0298756 0.0000000 0.0000000 0.0061736 0.0306339 0.0643921 0.0000000 0.0000000 0.0087623 0.6402497
  3 L   3 0.0017067 0.0213897 0.0016596 0.0000000 0.0000000 0.0018765 0.0000000 0.0000000 0.0024812 0.0604286 0.1274092 0.0251777 0.0252846 0.0357814 0.0000000 0.0024177 0.0371983 0.0000000 0.0536592 0.0935281 0.5100014
  4 F   4 0.0276985 0.0000000 0.0000000 0.0000000 0.0114264 0.0000000 0.0000000 0.0000000 0.0000000 0.0000000 0.0109320 0.0038467 0.0043868 0.1126643 0.0000000 0.0000000 0.0000000 0.0208918 0.1869331 0.3162259 0.3049945
  5 V   5 0.0040772 0.1937917 0.0000000 0.0000000 0.0033744 0.0243266 0.0086842 0.0000000 0.0000000 0.1307556 0.0148414 0.0739552 0.0125538 0.0000000 0.0000000 0.0017160 0.0658323 0.0000000 0.0096789 0.2847411 0.1716716
  6 A   6 0.8337879 0.0000000 0.0000000 0.0000000 0.0046175 0.0000000 0.0000000 0.0116763 0.0000000 0.0036430 0.0039633 0.0000000 0.0036687 0.0000000 0.0000000 0.0037111 0.0109416 0.0000000 0.0000000 0.0746750 0.0493157
  7 L   7 0.0120690 0.0295371 0.0055912 0.0000000 0.0055184 0.0204209 0.0269330 0.0000000 0.0000000 0.0780003 0.6283645 0.0470188 0.0516920 0.0000000 0.0000000 0.0099382 0.0099111 0.0000000 0.0000000 0.0382910 0.0367144
  8 G   8 0.0244227 0.0000000 0.0000000 0.0000000 0.0111065 0.0000000 0.0000000 0.0072807 0.0346352 0.0000000 0.0000000 0.0000000 0.0000000 0.1333759 0.0000000 0.0000000 0.0000000 0.0098061 0.7412251 0.0047029 0.0334448
  9 D   9 0.0402236 0.0094944 0.0473197 0.5658207 0.0000000 0.0203467 0.0359749 0.0019311 0.0028299 0.0000000 0.0018255 0.0068888 0.0000000 0.0000000 0.0963776 0.0928952 0.0437600 0.0000000 0.0032016 0.0025355 0.0285747
 10 F  10 0.0000000 0.0000000 0.0000000 0.0000000 0.0000000 0.0000000 0.0000000 0.0000000 0.0000000 0.0000000 0.0081814 0.0000000 0.0000000 0.4363762 0.0000000 0.0000000 0.0000000 0.0347374 0.5001744 0.0000000 0.0205307
 11 V  11 0.0499212 0.0333480 0.0468445 0.0936949 0.0133779 0.0939073 0.2740737 0.0078839 0.0090116 0.0135295 0.0088648 0.0586998 0.0185423 0.0000000 0.0069900 0.0387906 0.1379733 0.0000000 0.0077332 0.0686389 0.0181746
 12 A  12 0.5812647 0.0286976 0.0043274 0.0000000 0.0000000 0.0171601 0.0125863 0.1244121 0.0000000 0.0000000 0.0000000 0.0083170 0.0000000 0.0000000 0.1064684 0.0958478 0.0059330 0.0000000 0.0000000 0.0000000 0.0149857
 13 S  13 0.0529744 0.1815897 0.0283649 0.0378440 0.0000000 0.2690620 0.0464118 0.0203114 0.0036709 0.0115104 0.0098514 0.0548690 0.0065819 0.0000000 0.0162168 0.0953731 0.1138625 0.0029782 0.0000000 0.0344484 0.0140793
 14 G  14 0.0613242 0.0190479 0.1597091 0.0580463 0.0028928 0.0459265 0.2110415 0.1288063 0.0353510 0.0055666 0.0058718 0.0425226 0.0093073 0.0035658 0.0017200 0.0786091 0.1090048 0.0000000 0.0018926 0.0041320 0.0156615
 15 D  15 0.0822592 0.0198454 0.0382032 0.2397375 0.0013579 0.0429923 0.2289869 0.0058005 0.0244250 0.0033422 0.0034807 0.0140097 0.0111087 0.0013368 0.1325457 0.0946945 0.0328849 0.0000000 0.0011226 0.0102781 0.0115882
 16 N  16 0.0042977 0.0253571 0.1385540 0.4293571 0.0000000 0.0286540 0.1176258 0.1741523 0.0041716 0.0000000 0.0016345 0.0041991 0.0038065 0.0000000 0.0000000 0.0263673 0.0301493 0.0000000 0.0015177 0.0000000 0.0101561
 17 T  17 0.0044967 0.0000000 0.0045486 0.2325812 0.0032000 0.0751644 0.5980528 0.0000000 0.0370050 0.0000000 0.0000000 0.0000000 0.0000000 0.0000000 0.0000000 0.0110583 0.0237368 0.0000000 0.0000000 0.0000000 0.0101561
 18 L  18 0.0000000 0.0000000 0.0000000 0.0000000 0.0000000 0.0000000 0.0000000 0.0000000 0.0000000 0.0457907 0.8927596 0.0000000 0.0142639 0.0000000 0.0000000 0.0000000 0.0000000 0.0000000 0.0000000 0.0471858 0.0000000
 19 S  19 0.0579891 0.0077941 0.0467065 0.0345324 0.0214466 0.0144969 0.0219985 0.0357011 0.0072672 0.0040006 0.0028059 0.0038340 0.0012526 0.0000000 0.0187673 0.5247397 0.1716759 0.0000000 0.0050760 0.0148880 0.0050277
 20 I  20 0.0000000 0.0000000 0.0000000 0.0000000 0.0000000 0.0000000 0.0000000 0.0000000 0.0000000 0.0915123 0.1880922 0.0000000 0.0291033 0.6489596 0.0000000 0.0000000 0.0000000 0.0000000 0.0000000 0.0373049 0.0050277
 21 T  21 0.0399260 0.1527494 0.0770976 0.0161280 0.0130937 0.0951600 0.0740587 0.0147650 0.0378217 0.0016912 0.0221808 0.2543852 0.0042053 0.0067877 0.0059525 0.0829210 0.0693922 0.0000000 0.0027273 0.0185076 0.0104492
 22 K  22 0.1136641 0.0696527 0.0067596 0.0000000 0.0014610 0.0468238 0.2072093 0.0000000 0.0041158 0.0023795 0.0079671 0.3801939 0.0040378 0.0000000 0.0591706 0.0235854 0.0294610 0.0000000 0.0019516 0.0415667 0.0000000
 23 G  23 0.0000000 0.0000000 0.0422279 0.0683978 0.0000000 0.0000000 0.0061701 0.8542071 0.0085392 0.0000000 0.0000000 0.0000000 0.0000000 0.0000000 0.0000000 0.0115951 0.0000000 0.0000000 0.0000000 0.0000000 0.0088628
 24 E  24 0.0323781 0.0000000 0.0052197 0.6179107 0.0072106 0.0675934 0.2423507 0.0000000 0.0000000 0.0000000 0.0035658 0.0000000 0.0022310 0.0000000 0.0000000 0.0104806 0.0033103 0.0000000 0.0077491 0.0000000 0.0000000
 25 K  25 0.0144720 0.0943535 0.0032984 0.0041716 0.0014318 0.0374876 0.0342503 0.0000000 0.0152117 0.2727066 0.1101264 0.0752277 0.0255137 0.0093078 0.0051952 0.0080132 0.0480580 0.0000000 0.0047728 0.2327192 0.0036822
 26 L  26 0.0000000 0.0000000 0.0000000 0.0054215 0.0000000 0.0000000 0.0000000 0.0000000 0.0000000 0.5120015 0.2539888 0.0000000 0.0183516 0.0313884 0.0000000 0.0000000 0.0000000 0.0000000 0.0047118 0.1674210 0.0067155
 27 R  27 0.0235054 0.0632645 0.0314461 0.0298128 0.0054869 0.0753075 0.1488977 0.0014321 0.0259737 0.0326815 0.0757614 0.0967530 0.0336867 0.0079526 0.0000000 0.0312578 0.1584618 0.0015976 0.0770148 0.0543775 0.0253287
 28 V  28 0.0055462 0.0000000 0.0020578 0.0025965 0.0000000 0.0017689 0.0100061 0.0000000 0.0050701 0.2914905 0.0707852 0.0180030 0.0024973 0.0037601 0.0021878 0.0000000 0.0046604 0.0000000 0.0051027 0.5715518 0.0029157
 29 L  29 0.0018211 0.0111403 0.0013561 0.0186562 0.0000000 0.0078490 0.0055613 0.0000000 0.0074849 0.1682714 0.4732357 0.0052720 0.0119521 0.0112088 0.0096445 0.0104130 0.0817890 0.0000000 0.0226752 0.0832556 0.0684137
 30 G  30 0.0198776 0.0627685 0.1122652 0.1606052 0.0019774 0.0588609 0.2119296 0.0382767 0.0077078 0.0017503 0.0109179 0.0750973 0.0025155 0.0072873 0.0072045 0.0755022 0.0453492 0.0000000 0.0048189 0.0077699 0.0875182
 31 Y  31 0.0078483 0.0790205 0.0091589 0.0604907 0.0095022 0.1030099 0.0407792 0.0069220 0.0145078 0.0089980 0.0046875 0.2990468 0.0151208 0.0038501 0.0029765 0.0268252 0.0536915 0.0052374 0.0639761 0.0157170 0.1686339
 32 N  32 0.0218335 0.0329779 0.1425633 0.1701029 0.0000000 0.0389219 0.0764111 0.0105831 0.0000000 0.0105689 0.0266608 0.0859115 0.0081667 0.0013858 0.0033639 0.1405457 0.0732236 0.0000000 0.0087203 0.0109889 0.1370702
 33 H  33 0.0592258 0.0206015 0.0304796 0.1493682 0.0034003 0.0389554 0.1543574 0.0383648 0.0310842 0.0046126 0.0066957 0.0674663 0.0041626 0.0000000 0.0458582 0.1806514 0.0720048 0.0000000 0.0012912 0.0317802 0.0596397
 34 N  34 0.0265935 0.0050726 0.0924822 0.3558062 0.0049834 0.0401567 0.2007358 0.0087786 0.0064107 0.0013834 0.0000000 0.0022806 0.0105893 0.0036740 0.0099535 0.1309363 0.0359983 0.0000000 0.0238198 0.0016424 0.0387025
 35 G  35 0.0301609 0.0138619 0.0386057 0.0759879 0.0036088 0.0500348 0.0761271 0.3766730 0.0042376 0.0000000 0.0019406 0.0576991 0.0014216 0.0000000 0.1743171 0.0298185 0.0074879 0.0000000 0.0000000 0.0052944 0.0527232
 36 E  36 0.0058171 0.0035066 0.0737927 0.3146750 0.0052280 0.0041991 0.1726236 0.1957115 0.0262098 0.0000000 0.0025355 0.0000000 0.0111386 0.0026198 0.0035602 0.0108141 0.0028498 0.0112825 0.0000000 0.0057392 0.1476969
 37 W  37 0.0000000 0.0000000 0.0000000 0.0000000 0.0000000 0.0000000 0.0000000 0.0000000 0.0000000 0.0000000 0.0000000 0.0000000 0.0000000 0.0100560 0.0000000 0.0000000 0.0000000 0.9777854 0.0000000 0.0000000 0.0121586
 38 C  38 0.0000000 0.0059512 0.0000000 0.0000000 0.0670447 0.0000000 0.0000000 0.0033639 0.0000000 0.0164510 0.0570785 0.0000000 0.0091449 0.0196425 0.0000000 0.0149212 0.0162055 0.7339800 0.0445452 0.0052199 0.0064516
 39 E  39 0.0269653 0.0859600 0.0046871 0.0167838 0.0034197 0.0630965 0.1815245 0.0235911 0.0077110 0.0074050 0.0882683 0.2443439 0.0194937 0.0434701 0.0041991 0.0136219 0.1045596 0.0098941 0.0418057 0.0091994 0.0000000
 40 A  40 0.2167212 0.0070264 0.0000000 0.0000000 0.0084251 0.0000000 0.0000000 0.6410715 0.0000000 0.0134133 0.0027720 0.0000000 0.0071969 0.0000000 0.0000000 0.0000000 0.0000000 0.0000000 0.0000000 0.1033737 0.0000000
 41 Q  41 0.0101884 0.2261553 0.0134252 0.0064954 0.0065315 0.0819167 0.2748839 0.0180805 0.0241730 0.0130018 0.0099222 0.1096712 0.0084068 0.0026490 0.0000000 0.0665785 0.0831174 0.0000000 0.0084811 0.0363221 0.0000000
 42 T  42 0.0218790 0.0126951 0.0672254 0.0029120 0.0623747 0.0052024 0.0029912 0.0013592 0.0179630 0.1101494 0.3178811 0.0478620 0.0221127 0.0146888 0.0029396 0.1422204 0.0303169 0.0015418 0.0134047 0.1022806 0.0000000
 43 K  43 0.0111091 0.1423144 0.2654445 0.0858867 0.0061234 0.0428515 0.0196463 0.1088638 0.0490043 0.0000000 0.0135746 0.1416668 0.0015421 0.0027663 0.0058781 0.0213881 0.0693271 0.0000000 0.0055284 0.0070845 0.0000000
 44 N  44 0.0181149 0.0496956 0.0944114 0.1015649 0.0000000 0.0162194 0.0194362 0.6137626 0.0095461 0.0016363 0.0028585 0.0131164 0.0015436 0.0000000 0.0018718 0.0432477 0.0129747 0.0000000 0.0000000 0.0000000 0.0000000
 45 G  45 0.0148946 0.2312611 0.0412961 0.0205730 0.0079960 0.1341167 0.0434830 0.1255522 0.0337787 0.0100414 0.0086437 0.2110217 0.0085741 0.0032809 0.0076670 0.0201185 0.0158006 0.0012134 0.0016372 0.0590500 0.0000000
 46 Q  46 0.0041678 0.0675526 0.0132005 0.0062928 0.0031956 0.1068127 0.1807704 0.0000000 0.0031959 0.0389946 0.0159895 0.0911494 0.0082667 0.0159426 0.0000000 0.0653044 0.2193197 0.0000000 0.0150832 0.1447615 0.0000000
 47 G  47 0.0085569 0.0000000 0.0000000 0.0000000 0.0000000 0.0000000 0.0000000 0.9768418 0.0000000 0.0000000 0.0000000 0.0000000 0.0000000 0.0000000 0.0000000 0.0000000 0.0000000 0.0000000 0.0000000 0.0000000 0.0146013
 48 W  48 0.0052637 0.0000000 0.0062604 0.0000000 0.0014332 0.0111691 0.0000000 0.0000000 0.0029769 0.1106323 0.2319060 0.0026411 0.0245644 0.0933541 0.0013410 0.0129968 0.0000000 0.2938582 0.1318030 0.0481722 0.0216276
 49 V  49 0.0207090 0.0000000 0.0000000 0.0000000 0.0031155 0.0000000 0.0000000 0.0000000 0.0000000 0.1094275 0.0049818 0.0000000 0.0000000 0.6233204 0.0000000 0.0000000 0.0000000 0.0000000 0.0172428 0.1995755 0.0216276
 50 P  50 0.0000000 0.0000000 0.0000000 0.0000000 0.0000000 0.0000000 0.0000000 0.0000000 0.0000000 0.0000000 0.0000000 0.0000000 0.0000000 0.0000000 0.9711420 0.0000000 0.0000000 0.0000000 0.0000000 0.0072304 0.0216276
 51 S  51 0.2662670 0.0184048 0.0133144 0.0048173 0.0173530 0.0062408 0.0303668 0.0736015 0.0031428 0.0071969 0.0252175 0.0780288 0.0012270 0.0024177 0.0035066 0.3917555 0.0151609 0.0000000 0.0029048 0.0136331 0.0254428
 52 N  52 0.0468798 0.0033543 0.7199357 0.0065940 0.0000000 0.0016804 0.0081982 0.0027286 0.0000000 0.0018596 0.0022767 0.0044948 0.0000000 0.0000000 0.0018147 0.1339090 0.0408313 0.0000000 0.0000000 0.0000000 0.0254428
 53 G  53 0.0000000 0.0000000 0.0000000 0.0000000 0.0000000 0.0000000 0.0000000 0.0049315 0.0210381 0.0000000 0.0000000 0.0000000 0.0000000 0.0848943 0.0000000 0.0000000 0.0000000 0.0000000 0.8562391 0.0000000 0.0328969
 54 I  54 0.0186133 0.0000000 0.0000000 0.0000000 0.0247411 0.0000000 0.0000000 0.0000000 0.0000000 0.1285141 0.0246220 0.0000000 0.0031068 0.0054591 0.0000000 0.0000000 0.0074675 0.0000000 0.0000000 0.7442742 0.0432020
 55 T  55 0.1214442 0.0270445 0.0025007 0.0052731 0.0048102 0.0864278 0.3047867 0.0091690 0.0000000 0.0035666 0.0022038 0.1787545 0.0042305 0.0000000 0.0000000 0.0280394 0.1179308 0.0000000 0.0000000 0.0093849 0.0944334
 56 P  56 0.0129260 0.0317767 0.0014964 0.0063652 0.0000000 0.0070098 0.1449317 0.0000000 0.0000000 0.0243497 0.0101680 0.1270690 0.0031627 0.0000000 0.2371558 0.0146701 0.0108980 0.0000000 0.0030333 0.0222596 0.3427280
 57 V  57 0.0597002 0.0019167 0.0015140 0.0000000 0.0042448 0.0000000 0.0031088 0.0015393 0.0000000 0.1656762 0.0784446 0.0125808 0.0246932 0.0051624 0.0000000 0.0149444 0.0000000 0.0000000 0.0262644 0.1620073 0.4382028
 58 N  58 0.0000000 0.0000000 0.0851191 0.0912846 0.0000000 0.0000000 0.0788379 0.0000000 0.0000000 0.0000000 0.0000000 0.0000000 0.0000000 0.0000000 0.0000000 0.0000000 0.0000000 0.0000000 0.0000000 0.0000000 0.7447583
