   58         A         R         N         D         C         Q         E         G         H         I         L         K         M         F         P         S         T         W         Y         V    
  1 M   1 0.0000000 0.0000000 0.0000000 0.0000000 0.0000000 0.0000000 0.0000000 0.0000000 0.0000000 0.1295801 0.2075192 0.0000000 0.0894515 0.0000000 0.0000000 0.0000000 0.0000000 0.0000000 0.0000000 0.5734492
  2 N   2 0.0114352 0.0227957 0.1491061 0.0951888 0.0137327 0.0122460 0.1662082 0.0809951 0.0406450 0.0042804 0.0041711 0.0831386 0.0000000 0.0000000 0.0172245 0.0870973 0.1870583 0.0000000 0.0000000 0.0246770
  3 L   3 0.0036301 0.0455340 0.0035419 0.0000000 0.0000000 0.0040024 0.0000000 0.0000000 0.0053145 0.1128826 0.2585749 0.0541365 0.0532890 0.0773937 0.0000000 0.0050909 0.0784176 0.0000000 0.1104428 0.1877490
  4 F   4 0.0394273 0.0000000 0.0000000 0.0000000 0.0170197 0.0000000 0.0000000 0.0000000 0.0000000 0.0000000 0.0127057 0.0060381 0.0066546 0.1716416 0.0000000 0.0000000 0.0000000 0.0309502 0.2684775 0.4470855
  5 V   5 0.0051337 0.2450813 0.0000000 0.0000000 0.0042396 0.0302391 0.0111997 0.0000000 0.0000000 0.1565992 0.0187262 0.0890391 0.0158097 0.0000000 0.0000000 0.0021988 0.0770596 0.0000000 0.0089211 0.3357529
  6 A   6 0.8742530 0.0000000 0.0000000 0.0000000 0.0051479 0.0000000 0.0000000 0.0132059 0.0000000 0.0040270 0.0044373 0.0000000 0.0040523 0.0000000 0.0000000 0.0041533 0.0119615 0.0000000 0.0000000 0.0787618
  7 L   7 0.0130803 0.0317771 0.0059830 0.0000000 0.0058608 0.0163092 0.0197020 0.0000000 0.0000000 0.0833270 0.6574462 0.0488125 0.0552057 0.0000000 0.0000000 0.0099732 0.0106645 0.0000000 0.0000000 0.0418585
  8 G   8 0.0265271 0.0000000 0.0000000 0.0000000 0.0120567 0.0000000 0.0000000 0.0087500 0.0290641 0.0000000 0.0000000 0.0000000 0.0000000 0.1385197 0.0000000 0.0000000 0.0000000 0.0078012 0.7728144 0.0044668
  9 D   9 0.0360114 0.0103875 0.0496196 0.5992490 0.0000000 0.0161226 0.0386826 0.0020984 0.0030283 0.0000000 0.0019313 0.0076196 0.0000000 0.0000000 0.0998421 0.0876689 0.0416350 0.0000000 0.0033994 0.0027041
 10 F  10 0.0000000 0.0000000 0.0000000 0.0000000 0.0000000 0.0000000 0.0000000 0.0000000 0.0000000 0.0000000 0.0093798 0.0000000 0.0000000 0.4465365 0.0000000 0.0000000 0.0000000 0.0310959 0.5129877 0.0000000
 11 V  11 0.0513841 0.0314143 0.0413782 0.0982284 0.0142543 0.0997937 0.2789724 0.0080098 0.0095880 0.0136966 0.0093950 0.0581884 0.0189955 0.0000000 0.0075178 0.0386650 0.1362468 0.0000000 0.0084237 0.0758481
 12 A  12 0.5937141 0.0293818 0.0046644 0.0000000 0.0000000 0.0179407 0.0136687 0.1281858 0.0000000 0.0000000 0.0000000 0.0086450 0.0000000 0.0000000 0.1082844 0.0891531 0.0063619 0.0000000 0.0000000 0.0000000
 13 S  13 0.0546683 0.1881987 0.0228515 0.0395632 0.0000000 0.2737376 0.0504233 0.0217646 0.0039183 0.0122737 0.0102440 0.0571467 0.0069390 0.0000000 0.0105831 0.0974384 0.1120400 0.0032256 0.0000000 0.0349841
 14 G  14 0.0578755 0.0217461 0.1523663 0.0609132 0.0030378 0.0475924 0.2162736 0.1330087 0.0362806 0.0059496 0.0053322 0.0451529 0.0097762 0.0036922 0.0017900 0.0823847 0.1103845 0.0000000 0.0020153 0.0044281
 15 D  15 0.0812906 0.0209290 0.0374126 0.2414871 0.0014387 0.0450458 0.2271163 0.0061614 0.0256524 0.0034706 0.0035566 0.0147752 0.0120498 0.0014340 0.1356215 0.0969837 0.0333963 0.0000000 0.0011737 0.0110047
 16 N  16 0.0045887 0.0275628 0.1501903 0.4339417 0.0000000 0.0231423 0.1169756 0.1710845 0.0043999 0.0000000 0.0017444 0.0044319 0.0040062 0.0000000 0.0000000 0.0245964 0.0317365 0.0000000 0.0015988 0.0000000
 17 T  17 0.0047598 0.0000000 0.0048703 0.2323608 0.0034813 0.0743104 0.6038900 0.0000000 0.0383649 0.0000000 0.0000000 0.0000000 0.0000000 0.0000000 0.0000000 0.0114211 0.0265413 0.0000000 0.0000000 0.0000000
 18 L  18 0.0000000 0.0000000 0.0000000 0.0000000 0.0000000 0.0000000 0.0000000 0.0000000 0.0000000 0.0492160 0.8877580 0.0000000 0.0146339 0.0000000 0.0000000 0.0000000 0.0000000 0.0000000 0.0000000 0.0483921
 19 S  19 0.0582168 0.0054262 0.0456291 0.0356867 0.0217729 0.0149438 0.0235451 0.0358938 0.0068870 0.0029209 0.0029551 0.0039109 0.0013163 0.0000000 0.0195877 0.5318668 0.1699030 0.0000000 0.0052774 0.0142603
 20 I  20 0.0000000 0.0000000 0.0000000 0.0000000 0.0000000 0.0000000 0.0000000 0.0000000 0.0000000 0.0998954 0.1886544 0.0000000 0.0279076 0.6442978 0.0000000 0.0000000 0.0000000 0.0000000 0.0000000 0.0392449
 21 T  21 0.0358897 0.1529995 0.0756761 0.0171199 0.0137974 0.1002165 0.0662291 0.0152745 0.0372640 0.0018064 0.0224820 0.2705583 0.0029219 0.0070162 0.0062733 0.0776257 0.0787695 0.0000000 0.0028770 0.0152030
 22 K  22 0.1168916 0.0698070 0.0088564 0.0000000 0.0014683 0.0416213 0.2029966 0.0000000 0.0042078 0.0023884 0.0084312 0.3809520 0.0041957 0.0000000 0.0588462 0.0241916 0.0302086 0.0000000 0.0019676 0.0429698
 23 G  23 0.0000000 0.0000000 0.0370058 0.0662669 0.0000000 0.0000000 0.0068112 0.8688585 0.0084818 0.0000000 0.0000000 0.0000000 0.0000000 0.0000000 0.0000000 0.0125758 0.0000000 0.0000000 0.0000000 0.0000000
 24 E  24 0.0338412 0.0000000 0.0053592 0.6168113 0.0073397 0.0593771 0.2488326 0.0000000 0.0000000 0.0000000 0.0036788 0.0000000 0.0022738 0.0000000 0.0000000 0.0109536 0.0034035 0.0000000 0.0081292 0.0000000
 25 K  25 0.0125373 0.0912854 0.0035033 0.0043998 0.0014653 0.0393343 0.0355395 0.0000000 0.0162375 0.2716745 0.1163075 0.0815717 0.0258356 0.0081887 0.0054371 0.0034196 0.0437089 0.0000000 0.0050701 0.2344839
 26 L  26 0.0000000 0.0000000 0.0000000 0.0052142 0.0000000 0.0000000 0.0000000 0.0000000 0.0000000 0.5125413 0.2487201 0.0000000 0.0196898 0.0351215 0.0000000 0.0000000 0.0000000 0.0000000 0.0051788 0.1735344
 27 R  27 0.0253325 0.0696737 0.0332227 0.0305060 0.0059880 0.0782096 0.1449962 0.0022310 0.0263141 0.0348459 0.0758761 0.0961341 0.0362124 0.0085746 0.0000000 0.0271097 0.1629424 0.0017342 0.0818753 0.0582214
 28 V  28 0.0059162 0.0000000 0.0021961 0.0027842 0.0000000 0.0018844 0.0130378 0.0000000 0.0053501 0.2897701 0.0661127 0.0190968 0.0025610 0.0031619 0.0022706 0.0000000 0.0048997 0.0000000 0.0036986 0.5772599
 29 L  29 0.0020482 0.0116181 0.0015278 0.0204944 0.0000000 0.0099116 0.0062033 0.0000000 0.0084567 0.1880404 0.5007915 0.0052969 0.0124214 0.0125883 0.0110747 0.0118806 0.0850517 0.0000000 0.0258466 0.0867478
 30 G  30 0.0156608 0.0674378 0.1219612 0.1735937 0.0023048 0.0609801 0.2419559 0.0456624 0.0088963 0.0019564 0.0106873 0.0786985 0.0028516 0.0078973 0.0084449 0.0886622 0.0500623 0.0000000 0.0055025 0.0067840
 31 Y  31 0.0063564 0.0834862 0.0117359 0.0742709 0.0105149 0.1210977 0.0500479 0.0079767 0.0188731 0.0114687 0.0032253 0.3695254 0.0189985 0.0049072 0.0036966 0.0337765 0.0633013 0.0070292 0.0794552 0.0202564
 32 N  32 0.0177658 0.0328714 0.1701620 0.1964529 0.0000000 0.0434871 0.0854232 0.0129886 0.0000000 0.0128485 0.0292721 0.0952552 0.0102957 0.0016990 0.0041830 0.1726626 0.0874978 0.0000000 0.0107677 0.0163673
 33 H  33 0.0616391 0.0239927 0.0339723 0.1573296 0.0037021 0.0420996 0.1509032 0.0417949 0.0357483 0.0052073 0.0074355 0.0728383 0.0046012 0.0000000 0.0489247 0.1933225 0.0788156 0.0000000 0.0014277 0.0362455
 34 N  34 0.0288500 0.0068301 0.1038355 0.3540995 0.0067153 0.0427572 0.2116366 0.0096056 0.0070900 0.0015175 0.0000000 0.0024234 0.0060892 0.0041159 0.0096265 0.1375773 0.0387259 0.0000000 0.0267071 0.0017973
 35 G  35 0.0339565 0.0134404 0.0419247 0.0842541 0.0039382 0.0506676 0.0858297 0.3971652 0.0046268 0.0000000 0.0021164 0.0615969 0.0015748 0.0000000 0.1734737 0.0315102 0.0081364 0.0000000 0.0000000 0.0057884
 36 E  36 0.0072530 0.0035019 0.0897342 0.3604584 0.0056597 0.0051801 0.2061575 0.2370089 0.0208506 0.0000000 0.0031244 0.0000000 0.0130682 0.0032113 0.0043268 0.0130877 0.0035117 0.0169174 0.0000000 0.0069482
 37 W  37 0.0000000 0.0000000 0.0000000 0.0000000 0.0000000 0.0000000 0.0000000 0.0000000 0.0000000 0.0000000 0.0000000 0.0000000 0.0000000 0.0131853 0.0000000 0.0000000 0.0000000 0.9868147 0.0000000 0.0000000
 38 C  38 0.0000000 0.0063808 0.0000000 0.0000000 0.0702116 0.0000000 0.0000000 0.0036152 0.0000000 0.0199717 0.0614612 0.0000000 0.0098989 0.0178359 0.0000000 0.0117573 0.0165497 0.7446494 0.0320245 0.0056436
 39 E  39 0.0286173 0.0909200 0.0026209 0.0178061 0.0035779 0.0597242 0.1854821 0.0273729 0.0080093 0.0077712 0.0818469 0.2347962 0.0202930 0.0452151 0.0044248 0.0128158 0.1067323 0.0077712 0.0432802 0.0109229
 40 A  40 0.2123115 0.0030699 0.0000000 0.0000000 0.0089056 0.0000000 0.0000000 0.6438073 0.0000000 0.0166366 0.0027946 0.0000000 0.0076067 0.0000000 0.0000000 0.0000000 0.0000000 0.0000000 0.0000000 0.1048677
 41 Q  41 0.0112557 0.2210012 0.0166518 0.0068698 0.0069568 0.0801045 0.2691736 0.0189236 0.0252272 0.0124601 0.0060735 0.1146836 0.0087529 0.0027032 0.0000000 0.0678505 0.0865065 0.0000000 0.0053094 0.0394960
 42 T  42 0.0244292 0.0132157 0.0569596 0.0030971 0.0606870 0.0054354 0.0029908 0.0014025 0.0144869 0.1111214 0.3129587 0.0503293 0.0233150 0.0152732 0.0030666 0.1487893 0.0329385 0.0015887 0.0135560 0.1043592
 43 K  43 0.0107882 0.1424053 0.2574497 0.0839239 0.0064872 0.0442927 0.0207108 0.1040372 0.0499758 0.0000000 0.0149235 0.1476992 0.0015474 0.0028372 0.0044619 0.0217577 0.0737140 0.0000000 0.0056140 0.0073744
 44 N  44 0.0159660 0.0439371 0.0968888 0.1008100 0.0000000 0.0097472 0.0194691 0.6242125 0.0098851 0.0016465 0.0030910 0.0137231 0.0015625 0.0000000 0.0019099 0.0439756 0.0131756 0.0000000 0.0000000 0.0000000
 45 G  45 0.0155634 0.2359342 0.0433864 0.0207210 0.0085009 0.1352728 0.0445848 0.1201790 0.0285096 0.0106346 0.0090092 0.2180478 0.0059845 0.0034092 0.0092426 0.0165847 0.0128939 0.0012303 0.0016296 0.0586817
 46 Q  46 0.0042071 0.0698780 0.0095078 0.0065756 0.0033032 0.1014993 0.1777366 0.0000000 0.0032177 0.0348936 0.0165189 0.0945667 0.0086187 0.0165819 0.0000000 0.0629363 0.2306370 0.0000000 0.0153495 0.1439721
 47 G  47 0.0113842 0.0000000 0.0000000 0.0000000 0.0000000 0.0000000 0.0000000 0.9886158 0.0000000 0.0000000 0.0000000 0.0000000 0.0000000 0.0000000 0.0000000 0.0000000 0.0000000 0.0000000 0.0000000 0.0000000
 48 W  48 0.0055199 0.0000000 0.0067499 0.0000000 0.0015518 0.0116564 0.0000000 0.0000000 0.0031782 0.1111047 0.2466305 0.0027803 0.0227274 0.0946955 0.0014271 0.0133380 0.0000000 0.2946979 0.1340675 0.0498747
 49 V  49 0.0213982 0.0000000 0.0000000 0.0000000 0.0034005 0.0000000 0.0000000 0.0000000 0.0000000 0.1173223 0.0054476 0.0000000 0.0000000 0.6297559 0.0000000 0.0000000 0.0000000 0.0000000 0.0183385 0.2043371
 50 P  50 0.0000000 0.0000000 0.0000000 0.0000000 0.0000000 0.0000000 0.0000000 0.0000000 0.0000000 0.0000000 0.0000000 0.0000000 0.0000000 0.0000000 0.9898037 0.0000000 0.0000000 0.0000000 0.0000000 0.0101963
 51 S  51 0.2747544 0.0185913 0.0141218 0.0051328 0.0155028 0.0063806 0.0315959 0.0768937 0.0032952 0.0076399 0.0275311 0.0697508 0.0012926 0.0025779 0.0030044 0.4125554 0.0119065 0.0000000 0.0029015 0.0145713
 52 N  52 0.0458484 0.0035506 0.7495578 0.0067088 0.0000000 0.0017990 0.0071591 0.0020980 0.0000000 0.0020214 0.0024232 0.0047148 0.0000000 0.0000000 0.0018443 0.1293595 0.0429150 0.0000000 0.0000000 0.0000000
 53 G  53 0.0000000 0.0000000 0.0000000 0.0000000 0.0000000 0.0000000 0.0000000 0.0060788 0.0170432 0.0000000 0.0000000 0.0000000 0.0000000 0.0889775 0.0000000 0.0000000 0.0000000 0.0000000 0.8879005 0.0000000
 54 I  54 0.0202264 0.0000000 0.0000000 0.0000000 0.0266778 0.0000000 0.0000000 0.0000000 0.0000000 0.1335785 0.0266847 0.0000000 0.0034875 0.0061619 0.0000000 0.0000000 0.0080613 0.0000000 0.0000000 0.7751219
 55 T  55 0.1368192 0.0306751 0.0028507 0.0060138 0.0053655 0.0940126 0.3405157 0.0104851 0.0000000 0.0039973 0.0025201 0.1875809 0.0049239 0.0000000 0.0000000 0.0309965 0.1345865 0.0000000 0.0000000 0.0086573
 56 P  56 0.0138197 0.0502927 0.0023642 0.0099852 0.0000000 0.0097378 0.2218169 0.0000000 0.0000000 0.0374897 0.0137736 0.1967431 0.0049179 0.0000000 0.3660855 0.0225876 0.0168855 0.0000000 0.0030445 0.0304561
 57 V  57 0.1076959 0.0034852 0.0028132 0.0000000 0.0076045 0.0000000 0.0056938 0.0028531 0.0000000 0.2929390 0.1405039 0.0228648 0.0453442 0.0095443 0.0000000 0.0277022 0.0000000 0.0000000 0.0414612 0.2894947
 58 N  58 0.0000000 0.0000000 0.3454300 0.3693783 0.0000000 0.0000000 0.2851916 0.0000000 0.0000000 0.0000000 0.0000000 0.0000000 0.0000000 0.0000000 0.0000000 0.0000000 0.0000000 0.0000000 0.0000000 0.0000000
