   92         A         R         N         D         C         Q         E         G         H         I         L         K         M         F         P         S         T         W         Y         V         X    
  1 M   1 0.0000000 0.0000000 0.0000000 0.0000000 0.0000000 0.0000000 0.0000000 0.0000000 0.0000000 0.0000000 0.0000000 0.0000000 0.2796679 0.0000000 0.0000000 0.0000000 0.0000000 0.0000000 0.0000000 0.0000000 0.7203321
  2 E   2 0.0411589 0.0000000 0.0000000 0.0372475 0.0036392 0.0000000 0.0100742 0.0257941 0.0000000 0.0000000 0.0181539 0.0029992 0.0022602 0.0000000 0.1927129 0.0501457 0.0088740 0.0000000 0.0000000 0.0014361 0.6055042
  3 T   3 0.0053043 0.0334091 0.0041484 0.0027377 0.0076040 0.0040314 0.0000000 0.0000000 0.0050292 0.0028300 0.0014278 0.0035785 0.0000000 0.0013477 0.0267448 0.2327629 0.2551279 0.0000000 0.0000000 0.0000000 0.4139165
  4 P   4 0.0013348 0.0095527 0.0094932 0.1216846 0.0000000 0.1343551 0.1374182 0.0028260 0.0000000 0.0027377 0.0300140 0.0947890 0.0000000 0.0000000 0.0901024 0.0062335 0.0131216 0.0000000 0.0000000 0.0023745 0.3439625
  5 L   5 0.0192132 0.0000000 0.0013046 0.0000000 0.0000000 0.0015373 0.0030559 0.0000000 0.0000000 0.0169584 0.4686685 0.0020840 0.0936778 0.0047623 0.0000000 0.0281776 0.0585495 0.0000000 0.0000000 0.0387293 0.2632815
  6 E   6 0.0035334 0.0039311 0.0021375 0.0149996 0.0000000 0.0168192 0.5774688 0.0023341 0.0000000 0.0019570 0.1283814 0.0047535 0.0000000 0.0020011 0.0037647 0.0020375 0.0054063 0.0000000 0.0000000 0.0000000 0.2304748
  7 K   7 0.0354614 0.1560138 0.0551832 0.0311234 0.0071662 0.0937720 0.0871373 0.0077753 0.0417567 0.0035266 0.0149708 0.1294320 0.0102336 0.0000000 0.0000000 0.0477388 0.0454989 0.0032582 0.0029480 0.0025911 0.2244127
  8 A   8 0.3013203 0.0022415 0.0303341 0.0358448 0.0534558 0.0142706 0.1007462 0.0243643 0.0131153 0.0000000 0.0069027 0.0000000 0.0043638 0.0045668 0.0000000 0.1434357 0.0183200 0.0000000 0.0015234 0.0085537 0.2366411
  9 L   9 0.0091976 0.0050354 0.0000000 0.0017409 0.0015317 0.0025330 0.0111073 0.0013114 0.0000000 0.3267038 0.1177255 0.0032625 0.1828430 0.0051145 0.0068130 0.0037046 0.0235987 0.0000000 0.0000000 0.0679364 0.2298406
 10 T  10 0.1122066 0.0314720 0.0507170 0.0646272 0.0104920 0.0264473 0.2955642 0.0262994 0.0111606 0.0216143 0.0470602 0.0279387 0.0116884 0.0326412 0.0018238 0.0192255 0.0161889 0.0000000 0.0000000 0.0516974 0.1411352
 11 T  11 0.0612207 0.0074068 0.0541064 0.0616985 0.0333605 0.0141146 0.0790590 0.0547651 0.0344383 0.0073396 0.0411842 0.0300807 0.0157116 0.0062684 0.0054884 0.0991816 0.2125995 0.0000000 0.0038292 0.0370116 0.1411352
 12 M  12 0.0554847 0.0035849 0.0000000 0.0000000 0.0000000 0.0000000 0.0032925 0.0000000 0.0000000 0.2170909 0.3373048 0.0000000 0.1121586 0.0153832 0.0043248 0.0000000 0.0139094 0.0000000 0.0000000 0.1191809 0.1182851
 13 V  13 0.0306999 0.0565252 0.0043633 0.0000000 0.0000000 0.0121282 0.0113997 0.0000000 0.0011398 0.3580014 0.0553026 0.0435210 0.0448408 0.0515163 0.0000000 0.0045178 0.0234931 0.0000000 0.0130911 0.1748357 0.1146240
 14 T  14 0.1026152 0.0640056 0.0667200 0.1151708 0.0121721 0.0155621 0.1382934 0.0340070 0.0143261 0.0017849 0.0556644 0.0992668 0.0103625 0.0360320 0.0000000 0.0572782 0.0576132 0.0000000 0.0059369 0.0133440 0.0998450
 15 T  15 0.1329121 0.0037609 0.0174084 0.0037046 0.0308181 0.0245799 0.0073794 0.0022070 0.0010448 0.1131060 0.0443306 0.0045608 0.0128753 0.0000000 0.0000000 0.0080814 0.1856774 0.0000000 0.0018857 0.3067945 0.0988732
 16 F  16 0.0000000 0.0019025 0.0032925 0.0000000 0.0034484 0.0000000 0.0000000 0.0000000 0.0000000 0.0057468 0.0061357 0.0000000 0.0000000 0.8397293 0.0000000 0.0000000 0.0000000 0.0000000 0.0488570 0.0032731 0.0876147
 17 H  17 0.0128167 0.0684455 0.0426155 0.0444046 0.0020179 0.1706311 0.0289249 0.0149445 0.3181436 0.0000000 0.0179679 0.0665121 0.0073666 0.0092047 0.0048154 0.0067763 0.0011776 0.0000000 0.0368548 0.0072431 0.1391374
 18 K  18 0.0215193 0.1093776 0.0481310 0.0043978 0.0111898 0.1425247 0.0718596 0.0010519 0.0244393 0.0153501 0.0193273 0.2994637 0.0292897 0.0000000 0.0000000 0.0199289 0.0215033 0.0020187 0.0013094 0.0223186 0.1349994
 19 Y  19 0.0120162 0.0000000 0.0039002 0.0122125 0.0057269 0.0000000 0.0000000 0.0042700 0.0441225 0.0071023 0.0025711 0.0000000 0.0000000 0.1981403 0.0000000 0.0271740 0.0000000 0.0000000 0.5413828 0.0000000 0.1413811
 20 S  20 0.3502420 0.0037456 0.0069591 0.0264536 0.0055986 0.0000000 0.0078943 0.0000000 0.0000000 0.0120964 0.0064456 0.0000000 0.0000000 0.0486414 0.0000000 0.2591572 0.0325073 0.0000000 0.0000000 0.0093330 0.2309259
 21 G  21 0.0543738 0.0673227 0.0075488 0.2689524 0.0069980 0.0151769 0.0162280 0.2018853 0.0012487 0.0221173 0.0268072 0.0565665 0.0053669 0.0010928 0.0042700 0.0561024 0.0235916 0.0000000 0.0015320 0.0454161 0.1174026
 22 R  22 0.0203469 0.1516404 0.0221777 0.0667708 0.0057101 0.0579807 0.0631481 0.0142291 0.0161246 0.0145199 0.0291187 0.2897261 0.0030992 0.0029970 0.0147222 0.0358961 0.0525162 0.0000000 0.0042916 0.0167036 0.1182809
 23 E  23 0.0162890 0.0093728 0.0534905 0.4095061 0.0096200 0.0137098 0.2096727 0.0157939 0.0114276 0.0035299 0.0110196 0.0646884 0.0013899 0.0000000 0.0027450 0.0292308 0.0130269 0.0000000 0.0044780 0.0146902 0.1063190
 24 G  24 0.0074263 0.0107429 0.0142429 0.0772915 0.0143628 0.0034805 0.0172491 0.6818829 0.0000000 0.0000000 0.0024617 0.0270222 0.0000000 0.0000000 0.0075255 0.0244750 0.0035911 0.0000000 0.0000000 0.0081224 0.1001231
 25 S  25 0.0037860 0.0202390 0.2327303 0.3193506 0.0099218 0.0101424 0.0429030 0.0314717 0.0565414 0.0000000 0.0000000 0.0418377 0.0046963 0.0000000 0.0062411 0.0516988 0.0077764 0.0000000 0.0069485 0.0173261 0.1363890
 26 K  26 0.0150782 0.0310271 0.0556354 0.0176365 0.0590914 0.0079973 0.0093420 0.0931986 0.0081785 0.0000000 0.0066807 0.2230997 0.0043057 0.0092518 0.0452008 0.1561115 0.0261081 0.0032731 0.0187377 0.0106674 0.1993785
 27 L  27 0.0417735 0.0119600 0.0482128 0.1250314 0.0385435 0.0080469 0.0597717 0.3245157 0.0416786 0.0000000 0.0195570 0.0322514 0.0016906 0.0700610 0.0049075 0.0238436 0.0272439 0.0082360 0.0410331 0.0034031 0.0682389
 28 T  28 0.0514604 0.0305995 0.0148990 0.0000000 0.0000000 0.0495958 0.0018336 0.0032694 0.0110930 0.0041202 0.0276770 0.1776957 0.0164464 0.0093210 0.0000000 0.0756879 0.2597447 0.0000000 0.1457115 0.0393472 0.0814977
 29 L  29 0.0000000 0.0034484 0.0000000 0.0000000 0.0000000 0.0000000 0.0000000 0.0000000 0.0040755 0.3366717 0.5756079 0.0000000 0.0337019 0.0108300 0.0000000 0.0040308 0.0000000 0.0000000 0.0000000 0.0223146 0.0093192
 30 S  30 0.0035453 0.0049145 0.0887255 0.0706203 0.0294253 0.0064107 0.0298474 0.0174151 0.0000000 0.0023551 0.0011321 0.0272294 0.0144595 0.0033693 0.0040308 0.4399103 0.2225468 0.0000000 0.0223128 0.0014543 0.0102954
 31 R  31 0.0706442 0.1434988 0.0161654 0.0050697 0.0068072 0.0430820 0.0093448 0.0150429 0.0093518 0.0215747 0.0492691 0.4468687 0.0033062 0.0146670 0.0300443 0.0245385 0.0232949 0.0018835 0.0133847 0.0381460 0.0140155
 32 K  32 0.1420311 0.0505006 0.0340522 0.1353073 0.0014865 0.0562159 0.1513416 0.1118737 0.0020495 0.0008714 0.0040764 0.1342850 0.0010786 0.0010160 0.0135992 0.0702098 0.0618207 0.0039371 0.0033776 0.0068542 0.0140155
 33 E  33 0.0082274 0.0032694 0.0086316 0.0927384 0.0000000 0.0086364 0.8063010 0.0145401 0.0023349 0.0017343 0.0000000 0.0109649 0.0000000 0.0000000 0.0000000 0.0126867 0.0123245 0.0000000 0.0000000 0.0035948 0.0140155
 34 L  34 0.0179574 0.0000000 0.0000000 0.0000000 0.0000000 0.0000000 0.0000000 0.0000000 0.0000000 0.0162527 0.6975866 0.0000000 0.0484377 0.1678546 0.0078589 0.0059207 0.0049838 0.0016351 0.0058411 0.0098701 0.0158012
 35 K  35 0.0223820 0.2098530 0.0042259 0.0000000 0.0084854 0.0894936 0.0390219 0.0237211 0.0144071 0.0088425 0.0633537 0.4432232 0.0024884 0.0054970 0.0035334 0.0169949 0.0106685 0.0000000 0.0022070 0.0045460 0.0270554
 36 E  36 0.0768970 0.0649268 0.0540915 0.0652227 0.0000000 0.1522611 0.2037582 0.0158037 0.0441561 0.0089427 0.0206964 0.0994662 0.0122948 0.0000000 0.0023165 0.0558390 0.0546110 0.0000000 0.0028278 0.0362126 0.0296759
 37 L  37 0.1248345 0.0000000 0.0000000 0.0000000 0.0019438 0.0000000 0.0000000 0.0152477 0.0000000 0.0284228 0.5648541 0.0042025 0.0550236 0.0631035 0.0000000 0.0047170 0.0094399 0.0058797 0.0013397 0.0902220 0.0307694
 38 I  38 0.0163756 0.0000000 0.0000000 0.0000000 0.0029256 0.0000000 0.0024153 0.0000000 0.0000000 0.1037286 0.4736099 0.0035849 0.2212384 0.0141413 0.0122102 0.0000000 0.0040621 0.0000000 0.0056000 0.1013799 0.0387282
 39 K  39 0.0456484 0.0626883 0.0944862 0.0118120 0.0032677 0.1401301 0.2067519 0.0404251 0.0166882 0.0030814 0.0409231 0.0962104 0.0228196 0.0009942 0.0037399 0.0198505 0.0967034 0.0000000 0.0061362 0.0121674 0.0754760
 40 K  40 0.0510065 0.0827419 0.0557885 0.0514887 0.0025276 0.0554251 0.0747466 0.0302533 0.0145408 0.0092036 0.0045608 0.2538649 0.0092333 0.0012126 0.0076447 0.0836385 0.1537062 0.0000000 0.0027192 0.0115861 0.0441111
 41 E  41 0.0213216 0.0059064 0.0543641 0.0491655 0.0105362 0.0981649 0.4977947 0.0053670 0.0042891 0.0039199 0.0262978 0.0091631 0.0056691 0.0026124 0.0051108 0.0187919 0.0183391 0.0000000 0.0223222 0.0030195 0.1378447
 42 L  42 0.0113265 0.0044558 0.0012074 0.0126905 0.0244832 0.0055158 0.0036672 0.0364982 0.0012544 0.0200437 0.4364559 0.0011929 0.0128451 0.2425223 0.0049921 0.0020437 0.0076879 0.0000000 0.0182532 0.0302515 0.1226127
 43 C  43 0.0528343 0.0398067 0.0133235 0.0116080 0.0292640 0.0212877 0.0250965 0.1412363 0.0180930 0.0435290 0.0929777 0.0280967 0.0290575 0.0000000 0.2521757 0.0501384 0.0674936 0.0000000 0.0051542 0.0192406 0.0595866
 44 L  44 0.0199419 0.0421915 0.1078186 0.0432648 0.0093663 0.0487370 0.0719018 0.1806390 0.0629750 0.0125432 0.0323592 0.1380313 0.0087803 0.0050415 0.0452132 0.0575411 0.0291186 0.0193029 0.0048619 0.0285459 0.0318250
 45 G  45 0.0072938 0.0393274 0.1587415 0.0442080 0.0038075 0.0348538 0.0638717 0.1059799 0.0238235 0.0160056 0.0828661 0.1002067 0.0232834 0.1602944 0.0176394 0.0387659 0.0143378 0.0218828 0.0099054 0.0069359 0.0259694
 46 E  46 0.0445245 0.0263260 0.0240568 0.0255709 0.0017832 0.1477541 0.0545429 0.0240897 0.0098380 0.0310459 0.1905497 0.0358961 0.0722436 0.0145403 0.1378500 0.0328311 0.0415783 0.0037609 0.0185279 0.0346888 0.0280011
 47 M  47 0.0105556 0.0155743 0.0508143 0.0338178 0.0032327 0.0404556 0.0377940 0.0218646 0.0479797 0.0308850 0.0975212 0.3182622 0.0351363 0.0240889 0.0240381 0.0301595 0.0788371 0.0000000 0.0105870 0.0495494 0.0388468
 48 K  48 0.0130705 0.0291647 0.0694807 0.4994232 0.0049779 0.0286805 0.0611888 0.0570643 0.0026305 0.0011866 0.0000000 0.0486647 0.0000000 0.0015359 0.0044600 0.0809007 0.0401977 0.0000000 0.0000000 0.0195439 0.0378294
 49 E  49 0.0227117 0.0183871 0.0256574 0.1041685 0.0015959 0.0658769 0.1953307 0.0091896 0.0151230 0.0163793 0.0073002 0.0919976 0.0054945 0.0035130 0.2989423 0.0451824 0.0126058 0.0000000 0.0036885 0.0218105 0.0350450
 50 S  50 0.1421555 0.0515558 0.0374491 0.0970874 0.0350858 0.0589998 0.1640552 0.0728171 0.0229605 0.0078968 0.0379637 0.0951099 0.0168007 0.0020661 0.0133549 0.0589037 0.0164834 0.0000000 0.0129986 0.0227553 0.0335007
 51 S  51 0.1763587 0.0090364 0.0140369 0.0617609 0.0023893 0.0138575 0.1177769 0.0415615 0.0085907 0.0263976 0.0291145 0.0414301 0.0074963 0.0136309 0.0045962 0.0432937 0.1886973 0.0037456 0.0487194 0.0877690 0.0597406
 52 I  52 0.0595525 0.0050331 0.0000000 0.0000000 0.0074603 0.0000000 0.0000000 0.0016619 0.0000000 0.1953508 0.2413811 0.0000000 0.0174045 0.0215662 0.0000000 0.0022083 0.0000000 0.0277385 0.0371727 0.3568668 0.0266032
 53 D  53 0.0412437 0.0288168 0.0608117 0.4411099 0.0066197 0.0589327 0.1548771 0.0154138 0.0119380 0.0028618 0.0034463 0.1043439 0.0000000 0.0000000 0.0018330 0.0144851 0.0154169 0.0000000 0.0012967 0.0031481 0.0334047
 54 D  54 0.0334284 0.0623071 0.0542915 0.0904673 0.0079564 0.0480055 0.2899502 0.0061467 0.0261685 0.0278332 0.0171481 0.1940310 0.0071024 0.0000000 0.0000000 0.0360832 0.0349852 0.0000000 0.0042230 0.0374586 0.0224136
 55 L  55 0.0118353 0.0000000 0.0166898 0.0019804 0.0000000 0.0042537 0.0058249 0.0023165 0.0024811 0.3171590 0.2032506 0.0284294 0.1721908 0.0528432 0.0010484 0.0053972 0.0210897 0.0201938 0.0055676 0.1050481 0.0224004
 56 M  56 0.0000000 0.0048740 0.0000000 0.0000000 0.0000000 0.0035189 0.0000000 0.0033359 0.0000000 0.2070825 0.2033928 0.0015404 0.3563196 0.1696770 0.0000000 0.0029625 0.0037046 0.0105335 0.0000000 0.0141912 0.0188670
 57 K  57 0.0240572 0.1343264 0.0719413 0.0523072 0.0094997 0.1262239 0.1113130 0.0162104 0.0273639 0.0038598 0.0038326 0.2624196 0.0141224 0.0032365 0.0021332 0.0920815 0.0210161 0.0000000 0.0025364 0.0013305 0.0201884
 58 S  58 0.0726943 0.0206251 0.0574151 0.2006924 0.0047731 0.0434198 0.2403170 0.0183763 0.0144263 0.0087918 0.0854101 0.0872877 0.0217983 0.0122464 0.0000000 0.0568458 0.0145668 0.0000000 0.0000000 0.0201253 0.0201884
 59 L  59 0.1064123 0.0000000 0.0048197 0.0000000 0.0062923 0.0083005 0.0000000 0.0042119 0.0000000 0.0468138 0.5552546 0.0163762 0.0396320 0.0234100 0.0000000 0.0031412 0.0070967 0.0000000 0.0049663 0.1530842 0.0201884
 60 D  60 0.0035334 0.0000000 0.0149515 0.9128141 0.0031863 0.0000000 0.0109826 0.0237527 0.0022171 0.0000000 0.0000000 0.0000000 0.0036611 0.0000000 0.0000000 0.0018559 0.0028569 0.0000000 0.0000000 0.0000000 0.0201884
 61 K  61 0.0933000 0.0848297 0.0124485 0.0192196 0.0015966 0.0803827 0.0928331 0.0128722 0.0112005 0.0691544 0.0896272 0.1186341 0.0210379 0.0084409 0.0000000 0.0624097 0.1295893 0.0032694 0.0050562 0.0639096 0.0201884
 62 N  62 0.0000000 0.0053450 0.4974004 0.3762285 0.0311013 0.0071855 0.0046511 0.0026847 0.0119901 0.0000000 0.0000000 0.0083240 0.0000000 0.0000000 0.0027780 0.0111451 0.0040869 0.0000000 0.0027011 0.0046963 0.0296820
 63 S  63 0.0186222 0.0859953 0.1108018 0.0153846 0.0199648 0.0759219 0.0214521 0.2530101 0.0775439 0.0000000 0.0065682 0.1466685 0.0038201 0.0000000 0.0114443 0.0940054 0.0351524 0.0000000 0.0000000 0.0022706 0.0213738
 64 D  64 0.0019925 0.0000000 0.1029246 0.7678979 0.0000000 0.0000000 0.0240433 0.0139317 0.0071473 0.0000000 0.0000000 0.0018526 0.0000000 0.0000000 0.0000000 0.0335088 0.0180837 0.0000000 0.0031863 0.0028534 0.0225779
 65 Q  65 0.0246691 0.0284135 0.0656007 0.0265137 0.0124776 0.0475029 0.0194925 0.6076847 0.0036933 0.0000000 0.0023185 0.0772667 0.0000000 0.0000000 0.0000000 0.0546178 0.0000000 0.0043248 0.0028569 0.0000000 0.0225674
 66 E  66 0.0308830 0.1096654 0.0117082 0.0048493 0.0121419 0.1740314 0.1934810 0.0074212 0.0244948 0.0052600 0.0376151 0.1908142 0.0012172 0.0131182 0.0000000 0.0184481 0.0933224 0.0000000 0.0127563 0.0338651 0.0249072
 67 I  67 0.0000000 0.0000000 0.0000000 0.0000000 0.0096623 0.0000000 0.0046963 0.0000000 0.0000000 0.3593657 0.1737432 0.0000000 0.0089429 0.0018031 0.0021647 0.0000000 0.0018620 0.0000000 0.0000000 0.4128526 0.0249072
 68 D  68 0.0000000 0.0111604 0.1554425 0.4874525 0.0163793 0.0037124 0.0415264 0.0272645 0.0000000 0.0024705 0.0000000 0.0144136 0.0000000 0.0000000 0.0000000 0.1605350 0.0489603 0.0000000 0.0018550 0.0027268 0.0261008
 69 F  69 0.0000000 0.0000000 0.0000000 0.0000000 0.0020132 0.0038292 0.0051234 0.0000000 0.0013927 0.0026179 0.0128289 0.0000000 0.0000000 0.8232000 0.0000000 0.0026891 0.0000000 0.0021994 0.1151754 0.0000000 0.0289307
 70 K  70 0.0164740 0.0271923 0.0721094 0.1250779 0.0036611 0.1859021 0.2490718 0.0396901 0.0320562 0.0027767 0.0110723 0.0615583 0.0045323 0.0017852 0.0146577 0.0552158 0.0498171 0.0000000 0.0053593 0.0109929 0.0309974
 71 E  71 0.0000000 0.0000000 0.0087395 0.0306719 0.0000000 0.0127330 0.8611198 0.0024476 0.0056612 0.0000000 0.0000000 0.0033693 0.0040755 0.0000000 0.0000000 0.0401848 0.0000000 0.0000000 0.0000000 0.0000000 0.0309974
 72 Y  72 0.0000000 0.0000000 0.0000000 0.0000000 0.0113681 0.0000000 0.0000000 0.0000000 0.0000000 0.0000000 0.0106165 0.0000000 0.0000000 0.7841701 0.0000000 0.0021458 0.0000000 0.0038879 0.1513698 0.0048822 0.0315596
 73 S  73 0.0260934 0.0033544 0.0000000 0.0000000 0.0461326 0.0091313 0.0024804 0.0000000 0.0024884 0.0653195 0.2414145 0.0120396 0.0775270 0.0365228 0.0043115 0.0247529 0.0131897 0.0595613 0.0026338 0.3127277 0.0603193
 74 V  74 0.0858424 0.0601348 0.0643600 0.0183919 0.0126932 0.0417002 0.0355192 0.0101068 0.0117735 0.0590012 0.1196471 0.0293857 0.0358807 0.0043552 0.0143350 0.0957470 0.1003453 0.0000000 0.0190216 0.0956437 0.0861154
 75 F  75 0.0378855 0.0000000 0.0000000 0.0000000 0.0075723 0.0103387 0.0000000 0.0037456 0.0018517 0.0323632 0.3900065 0.0000000 0.2457337 0.1029634 0.0000000 0.0132768 0.0048328 0.0000000 0.0127087 0.0378951 0.0988260
 76 L  76 0.0033447 0.0000000 0.0000000 0.0000000 0.0000000 0.0000000 0.0000000 0.0018256 0.0000000 0.2048365 0.1741515 0.0000000 0.2172050 0.0188367 0.0000000 0.0000000 0.0236618 0.0022763 0.0111761 0.2456925 0.0969932
 77 T  77 0.1821296 0.0107678 0.0000000 0.0071540 0.0202925 0.0373734 0.0052382 0.1816185 0.0015218 0.0200977 0.0353485 0.0167550 0.0065214 0.1146284 0.0000000 0.0568949 0.0497952 0.0000000 0.0000000 0.0353772 0.2184858
 78 M  78 0.0510362 0.0893633 0.0239565 0.0261852 0.0294737 0.0262768 0.0409052 0.1379840 0.0015619 0.0029524 0.0136420 0.1783635 0.0147197 0.0051032 0.0016320 0.0664337 0.0248137 0.0042700 0.0127263 0.0104949 0.2381057
 79 L  79 0.0160238 0.0021776 0.0000000 0.0000000 0.0078748 0.0000000 0.0000000 0.0020664 0.0000000 0.0925738 0.3928400 0.0034489 0.0221994 0.0078633 0.0020483 0.0082991 0.0053167 0.0000000 0.0000000 0.1222144 0.3150535
 80 C  80 0.2618821 0.0034489 0.0000000 0.0022285 0.0325271 0.0000000 0.0000000 0.0192854 0.0000000 0.0139587 0.0566577 0.0000000 0.0223174 0.0018621 0.0000000 0.0361534 0.1733751 0.0000000 0.0000000 0.0425042 0.3337995
 81 M  81 0.0086053 0.0206813 0.0461524 0.0075664 0.0146578 0.0817021 0.0102089 0.0000000 0.0023807 0.0967022 0.0351853 0.0624541 0.0670146 0.0041673 0.0047174 0.0190727 0.0493402 0.0035187 0.0028010 0.0957382 0.3673334
 82 A  82 0.2803020 0.0038805 0.0000000 0.0409842 0.0191711 0.0024976 0.0119930 0.0144848 0.0055163 0.0249269 0.0288453 0.0091947 0.0392608 0.0052433 0.0034489 0.0093742 0.0208539 0.0082523 0.0111153 0.0277086 0.4329460
 83 Y  83 0.0354763 0.0027974 0.0000000 0.0070403 0.3174886 0.0096734 0.0000000 0.0087428 0.0143538 0.0000000 0.0060178 0.0014042 0.0027268 0.0157355 0.0000000 0.0265743 0.0125538 0.0043248 0.0713821 0.0041768 0.4595314
 84 N  84 0.0045432 0.0000000 0.1548040 0.0164947 0.0000000 0.0039665 0.0178905 0.0107891 0.2198865 0.0000000 0.0000000 0.0077182 0.0014794 0.0158070 0.0000000 0.0060527 0.0034489 0.0000000 0.0631303 0.0000000 0.4739890
 85 D  85 0.0127424 0.0078586 0.0286951 0.0905053 0.0041472 0.0115133 0.1640071 0.0079206 0.0050083 0.0041768 0.0145776 0.0850456 0.0000000 0.0000000 0.0000000 0.0178299 0.0035471 0.0000000 0.0049956 0.0020187 0.5354107
 86 F  86 0.0264768 0.0077136 0.0098204 0.0126215 0.0177764 0.0262018 0.0131514 0.0000000 0.0167663 0.0255854 0.0125013 0.0236748 0.0000000 0.0865863 0.0000000 0.0498720 0.0157996 0.0000000 0.0984389 0.0181035 0.5389100
 87 F  87 0.0000000 0.0015042 0.0017257 0.0000000 0.0014873 0.0000000 0.0000000 0.0000000 0.0173582 0.0368648 0.0523197 0.0000000 0.0359711 0.1985404 0.0000000 0.0426170 0.0179338 0.0000000 0.0381046 0.0034360 0.5521372
 88 L  88 0.0014906 0.0184527 0.0071887 0.0084833 0.0042088 0.0454788 0.0171048 0.0133619 0.1142123 0.0058893 0.0442435 0.0440294 0.0032048 0.0000000 0.0021776 0.0248045 0.0054885 0.0030515 0.0028269 0.0650844 0.5692177
 89 E  89 0.0031395 0.0334273 0.0000000 0.0238663 0.0000000 0.0393170 0.0805761 0.0000000 0.0048452 0.0038281 0.0241594 0.1240786 0.0023801 0.0000000 0.0023185 0.0039507 0.0000000 0.0000000 0.0000000 0.0261462 0.6279670
 90 D  90 0.0044810 0.0000000 0.0186092 0.0421053 0.0000000 0.0580024 0.0574932 0.0064129 0.0401037 0.0000000 0.0000000 0.0056957 0.0000000 0.0000000 0.0031524 0.0181690 0.0085792 0.0000000 0.0153038 0.0000000 0.7218923
 91 N  91 0.0000000 0.0000000 0.0349126 0.0130307 0.0000000 0.0094552 0.0040795 0.0020797 0.0045099 0.0000000 0.0198670 0.0034806 0.0350256 0.0000000 0.0108473 0.0312998 0.0102560 0.0000000 0.0000000 0.0038281 0.8173279
 92 K  92 0.0000000 0.0134442 0.0000000 0.0000000 0.0000000 0.0118035 0.0218030 0.0000000 0.0000000 0.0000000 0.0000000 0.0961135 0.0000000 0.0000000 0.0000000 0.0000000 0.0000000 0.0000000 0.0000000 0.0000000 0.8568358
