   92         A         R         N         D         C         Q         E         G         H         I         L         K         M         F         P         S         T         W         Y         V    
  1 M   1 0.0000000 0.0000000 0.0000000 0.0000000 0.0000000 0.0000000 0.0000000 0.0000000 0.0000000 0.0000000 0.0000000 0.0000000 1.0000000 0.0000000 0.0000000 0.0000000 0.0000000 0.0000000 0.0000000 0.0000000
  2 E   2 0.1038854 0.0000000 0.0000000 0.0894924 0.0096536 0.0000000 0.0269374 0.0601191 0.0000000 0.0000000 0.0464275 0.0079212 0.0060760 0.0000000 0.4879710 0.1344493 0.0232106 0.0000000 0.0000000 0.0038565
  3 T   3 0.0093865 0.0568414 0.0073035 0.0048531 0.0136855 0.0071505 0.0000000 0.0000000 0.0085164 0.0045135 0.0025537 0.0061351 0.0000000 0.0024170 0.0460418 0.3932042 0.4373976 0.0000000 0.0000000 0.0000000
  4 P   4 0.0020799 0.0156875 0.0144886 0.1845726 0.0000000 0.2066421 0.2024339 0.0043892 0.0000000 0.0043283 0.0469841 0.1432800 0.0000000 0.0000000 0.1412439 0.0098811 0.0203870 0.0000000 0.0000000 0.0036017
  5 L   5 0.0281214 0.0000000 0.0017849 0.0000000 0.0000000 0.0021034 0.0041867 0.0000000 0.0000000 0.0227775 0.6441240 0.0026943 0.1254746 0.0067148 0.0000000 0.0356806 0.0755941 0.0000000 0.0000000 0.0507437
  6 E   6 0.0041023 0.0051040 0.0029102 0.0202161 0.0000000 0.0222352 0.7431126 0.0030404 0.0000000 0.0025903 0.1727035 0.0064466 0.0000000 0.0027136 0.0050735 0.0027247 0.0070269 0.0000000 0.0000000 0.0000000
  7 K   7 0.0460207 0.2000516 0.0742365 0.0407323 0.0095896 0.1227327 0.1089036 0.0110151 0.0500364 0.0047056 0.0196870 0.1686585 0.0136967 0.0000000 0.0000000 0.0598389 0.0576324 0.0052044 0.0038462 0.0034116
  8 A   8 0.3918467 0.0029817 0.0418622 0.0470261 0.0701718 0.0187041 0.1233662 0.0329829 0.0175273 0.0000000 0.0090718 0.0000000 0.0054831 0.0067888 0.0000000 0.1946507 0.0248822 0.0000000 0.0020946 0.0105597
  9 L   9 0.0116712 0.0065066 0.0000000 0.0021630 0.0019760 0.0032823 0.0143282 0.0017358 0.0000000 0.4241947 0.1547464 0.0041242 0.2349228 0.0067395 0.0087902 0.0049626 0.0308154 0.0000000 0.0000000 0.0890410
 10 T  10 0.1328722 0.0348974 0.0613737 0.0750066 0.0125427 0.0313254 0.3340548 0.0303458 0.0137542 0.0261239 0.0572361 0.0323231 0.0137554 0.0392526 0.0021759 0.0229973 0.0204706 0.0000000 0.0000000 0.0594921
 11 T  11 0.0698642 0.0085908 0.0628678 0.0711265 0.0404509 0.0168716 0.0895172 0.0665739 0.0363059 0.0088976 0.0476230 0.0360306 0.0187230 0.0076009 0.0063229 0.1189119 0.2446017 0.0000000 0.0045580 0.0445616
 12 M  12 0.0613914 0.0042978 0.0000000 0.0000000 0.0000000 0.0000000 0.0039662 0.0000000 0.0000000 0.2517577 0.3749850 0.0000000 0.1263095 0.0172927 0.0052040 0.0000000 0.0168543 0.0000000 0.0000000 0.1379415
 13 V  13 0.0351505 0.0611531 0.0048388 0.0000000 0.0000000 0.0132294 0.0130107 0.0000000 0.0012728 0.4124490 0.0626950 0.0474784 0.0476976 0.0547792 0.0000000 0.0053640 0.0276731 0.0000000 0.0136123 0.1995961
 14 T  14 0.1120266 0.0699190 0.0734192 0.1316041 0.0141203 0.0173481 0.1549853 0.0390731 0.0164402 0.0019970 0.0602150 0.1086008 0.0119292 0.0384891 0.0000000 0.0637108 0.0643142 0.0000000 0.0069334 0.0148744
 15 T  15 0.1413986 0.0041744 0.0184974 0.0042796 0.0333225 0.0269666 0.0084564 0.0025209 0.0011276 0.1290885 0.0509568 0.0052039 0.0140974 0.0000000 0.0000000 0.0076102 0.2076894 0.0000000 0.0020167 0.3425931
 16 F  16 0.0000000 0.0021406 0.0038356 0.0000000 0.0040834 0.0000000 0.0000000 0.0000000 0.0000000 0.0062329 0.0070809 0.0000000 0.0000000 0.9172309 0.0000000 0.0000000 0.0000000 0.0000000 0.0557732 0.0036226
 17 H  17 0.0138584 0.0790304 0.0495432 0.0503182 0.0024131 0.1954618 0.0342152 0.0182482 0.3757802 0.0000000 0.0205669 0.0764648 0.0087098 0.0094131 0.0058960 0.0075515 0.0012771 0.0000000 0.0428097 0.0084424
 18 K  18 0.0221222 0.1267669 0.0570726 0.0051996 0.0136582 0.1675769 0.0831183 0.0011832 0.0279152 0.0177202 0.0214746 0.3495251 0.0315588 0.0000000 0.0000000 0.0224640 0.0240970 0.0024093 0.0013228 0.0248151
 19 Y  19 0.0141623 0.0000000 0.0046133 0.0156734 0.0071074 0.0000000 0.0000000 0.0052047 0.0483153 0.0085210 0.0030311 0.0000000 0.0000000 0.2208410 0.0000000 0.0327367 0.0000000 0.0000000 0.6397938 0.0000000
 20 S  20 0.4595667 0.0050189 0.0095202 0.0334093 0.0075403 0.0000000 0.0104740 0.0000000 0.0000000 0.0158522 0.0083099 0.0000000 0.0000000 0.0540859 0.0000000 0.3411871 0.0429630 0.0000000 0.0000000 0.0120723
 21 G  21 0.0628695 0.0799651 0.0087139 0.2907607 0.0083237 0.0177131 0.0185276 0.2283018 0.0014546 0.0249507 0.0316156 0.0671102 0.0057265 0.0011403 0.0050775 0.0669933 0.0274739 0.0000000 0.0015868 0.0516951
 22 R  22 0.0235611 0.1718806 0.0256474 0.0734853 0.0067955 0.0683978 0.0724896 0.0174167 0.0188817 0.0165390 0.0328462 0.3209664 0.0037210 0.0033204 0.0170511 0.0419522 0.0606544 0.0000000 0.0050333 0.0193604
 23 E  23 0.0189703 0.0107872 0.0608220 0.4488886 0.0113647 0.0158106 0.2381081 0.0185299 0.0134583 0.0037154 0.0129005 0.0730037 0.0016107 0.0000000 0.0032105 0.0323955 0.0140597 0.0000000 0.0052696 0.0170946
 24 G  24 0.0083829 0.0116918 0.0157739 0.0825626 0.0162908 0.0037452 0.0200701 0.7580575 0.0000000 0.0000000 0.0028593 0.0312097 0.0000000 0.0000000 0.0087824 0.0273938 0.0041718 0.0000000 0.0000000 0.0090082
 25 S  25 0.0046526 0.0224415 0.2649674 0.3713900 0.0106949 0.0119243 0.0520652 0.0375991 0.0669687 0.0000000 0.0000000 0.0459435 0.0051775 0.0000000 0.0080401 0.0597020 0.0094983 0.0000000 0.0079131 0.0210217
 26 K  26 0.0195933 0.0411010 0.0684391 0.0222801 0.0780331 0.0101433 0.0116540 0.1144949 0.0113510 0.0000000 0.0088056 0.2782417 0.0056204 0.0120671 0.0587315 0.1829669 0.0337763 0.0041515 0.0245386 0.0140107
 27 L  27 0.0476496 0.0133956 0.0545622 0.1404144 0.0420233 0.0089947 0.0639064 0.3289596 0.0459258 0.0000000 0.0220458 0.0357554 0.0019565 0.0750412 0.0054527 0.0267147 0.0294793 0.0089988 0.0448688 0.0038552
 28 T  28 0.0582479 0.0328093 0.0162265 0.0000000 0.0000000 0.0545988 0.0021305 0.0037326 0.0092512 0.0046018 0.0317829 0.1942618 0.0186581 0.0094502 0.0000000 0.0824940 0.2911901 0.0000000 0.1468519 0.0437124
 29 L  29 0.0000000 0.0037981 0.0000000 0.0000000 0.0000000 0.0000000 0.0000000 0.0000000 0.0044120 0.3221111 0.5946646 0.0000000 0.0359474 0.0111023 0.0000000 0.0043702 0.0000000 0.0000000 0.0000000 0.0235944
 30 S  30 0.0036340 0.0050729 0.0923864 0.0727021 0.0319284 0.0064908 0.0293605 0.0177739 0.0000000 0.0024730 0.0011335 0.0273314 0.0155387 0.0036274 0.0043769 0.4468268 0.2139290 0.0000000 0.0238882 0.0015261
 31 R  31 0.0693948 0.1473644 0.0170110 0.0050953 0.0072150 0.0452753 0.0095649 0.0156974 0.0098237 0.0200889 0.0492891 0.4583958 0.0032778 0.0149834 0.0293642 0.0239904 0.0220019 0.0018683 0.0139207 0.0363775
 32 K  32 0.1438143 0.0539550 0.0341073 0.1305974 0.0015686 0.0566537 0.1479240 0.1193979 0.0020471 0.0008228 0.0042478 0.1407249 0.0008838 0.0009691 0.0144961 0.0712203 0.0621466 0.0041572 0.0032678 0.0069982
 33 E  33 0.0097141 0.0034869 0.0089551 0.0939834 0.0000000 0.0089303 0.8147061 0.0154521 0.0013466 0.0018315 0.0000000 0.0118930 0.0000000 0.0000000 0.0000000 0.0132544 0.0126870 0.0000000 0.0000000 0.0037594
 34 L  34 0.0187747 0.0000000 0.0000000 0.0000000 0.0000000 0.0000000 0.0000000 0.0000000 0.0000000 0.0165490 0.7021924 0.0000000 0.0510945 0.1731438 0.0084887 0.0064094 0.0052780 0.0016267 0.0060951 0.0103477
 35 K  35 0.0226667 0.2069039 0.0029974 0.0000000 0.0085862 0.0903622 0.0378020 0.0234564 0.0149326 0.0092978 0.0670393 0.4692079 0.0026171 0.0056852 0.0032905 0.0174460 0.0107727 0.0000000 0.0023557 0.0045804
 36 E  36 0.0782341 0.0687998 0.0568178 0.0666538 0.0000000 0.1576794 0.2093089 0.0168189 0.0432760 0.0093764 0.0222382 0.1044389 0.0121259 0.0000000 0.0025219 0.0563213 0.0580719 0.0000000 0.0027728 0.0345439
 37 L  37 0.1203334 0.0000000 0.0000000 0.0000000 0.0020716 0.0000000 0.0000000 0.0153789 0.0000000 0.0287812 0.5940996 0.0045499 0.0585122 0.0661992 0.0000000 0.0047730 0.0099915 0.0063348 0.0013992 0.0875753
 38 I  38 0.0164718 0.0000000 0.0000000 0.0000000 0.0030930 0.0000000 0.0026803 0.0000000 0.0000000 0.1091362 0.4953939 0.0039800 0.2256281 0.0148050 0.0118732 0.0000000 0.0044022 0.0000000 0.0058614 0.1066749
 39 K  39 0.0464965 0.0681397 0.1008794 0.0129240 0.0030496 0.1541269 0.2255790 0.0421846 0.0186601 0.0031957 0.0460184 0.1051119 0.0250363 0.0009997 0.0039927 0.0214676 0.1023176 0.0000000 0.0066918 0.0131286
 40 K  40 0.0552192 0.0855914 0.0577314 0.0536264 0.0026204 0.0567857 0.0748394 0.0334559 0.0160293 0.0098783 0.0049084 0.2667428 0.0094316 0.0012980 0.0077383 0.0877374 0.1609358 0.0000000 0.0029292 0.0125012
 41 E  41 0.0229602 0.0067202 0.0631222 0.0540585 0.0107245 0.1130150 0.5914927 0.0048148 0.0047832 0.0045750 0.0290680 0.0109321 0.0064717 0.0029645 0.0046665 0.0217946 0.0217487 0.0000000 0.0227925 0.0032951
 42 L  42 0.0131669 0.0049949 0.0012577 0.0128889 0.0257832 0.0057450 0.0041159 0.0387583 0.0013796 0.0233222 0.4991418 0.0012921 0.0151199 0.2814683 0.0057568 0.0023910 0.0079060 0.0000000 0.0208284 0.0346834
 43 C  43 0.0551379 0.0430443 0.0141864 0.0120192 0.0316060 0.0229426 0.0267436 0.1505713 0.0194188 0.0469243 0.0986946 0.0302212 0.0305873 0.0000000 0.2667535 0.0506469 0.0759173 0.0000000 0.0049662 0.0196184
 44 L  44 0.0167280 0.0453481 0.1160081 0.0445511 0.0102001 0.0502622 0.0715119 0.1795265 0.0616085 0.0133055 0.0345443 0.1501695 0.0085846 0.0048943 0.0469372 0.0596798 0.0312212 0.0192167 0.0049289 0.0307735
 45 G  45 0.0074453 0.0406509 0.1669638 0.0441251 0.0039686 0.0365045 0.0651401 0.1073885 0.0245485 0.0166733 0.0842647 0.1023563 0.0244748 0.1626654 0.0175146 0.0392454 0.0147403 0.0237406 0.0105417 0.0070476
 46 E  46 0.0447384 0.0276246 0.0241941 0.0255688 0.0018119 0.1556787 0.0579838 0.0236314 0.0110094 0.0305665 0.1910248 0.0383534 0.0721080 0.0152876 0.1464686 0.0342763 0.0406966 0.0039174 0.0198924 0.0351673
 47 M  47 0.0096359 0.0164387 0.0545389 0.0366871 0.0032822 0.0432625 0.0401036 0.0207515 0.0506001 0.0317185 0.0982483 0.3371986 0.0356368 0.0253442 0.0236764 0.0315093 0.0792094 0.0000000 0.0099404 0.0522178
 48 K  48 0.0137133 0.0313412 0.0728318 0.5201362 0.0052066 0.0309936 0.0615625 0.0591229 0.0027803 0.0011897 0.0000000 0.0515912 0.0000000 0.0015573 0.0047066 0.0830290 0.0405294 0.0000000 0.0000000 0.0197084
 49 E  49 0.0238425 0.0184660 0.0272475 0.1035009 0.0017203 0.0698798 0.1981694 0.0087260 0.0157641 0.0172269 0.0073379 0.0962338 0.0057694 0.0038083 0.3174304 0.0464985 0.0137152 0.0000000 0.0036278 0.0210352
 50 S  50 0.1465394 0.0526288 0.0397812 0.1008482 0.0379191 0.0621348 0.1676758 0.0748990 0.0246212 0.0080212 0.0369332 0.1012101 0.0170042 0.0009746 0.0141796 0.0612936 0.0168042 0.0000000 0.0140367 0.0224952
 51 S  51 0.1900765 0.0095993 0.0148786 0.0649613 0.0014265 0.0143293 0.1219540 0.0465932 0.0079225 0.0281354 0.0326525 0.0430140 0.0081560 0.0138528 0.0049493 0.0439333 0.2025061 0.0041164 0.0527662 0.0941767
 52 I  52 0.0633505 0.0053428 0.0000000 0.0000000 0.0076468 0.0000000 0.0000000 0.0018198 0.0000000 0.1990454 0.2448022 0.0000000 0.0182630 0.0231348 0.0000000 0.0023137 0.0000000 0.0279961 0.0398472 0.3664376
 53 D  53 0.0437250 0.0298433 0.0638539 0.4540398 0.0070689 0.0603563 0.1618676 0.0162587 0.0129649 0.0030545 0.0034488 0.1056009 0.0000000 0.0000000 0.0019986 0.0152009 0.0159784 0.0000000 0.0012994 0.0034401
 54 D  54 0.0342742 0.0658278 0.0565501 0.0900427 0.0085359 0.0495500 0.2866220 0.0060087 0.0282753 0.0298212 0.0166112 0.2015488 0.0073365 0.0000000 0.0000000 0.0372688 0.0376535 0.0000000 0.0042894 0.0397838
 55 L  55 0.0123075 0.0000000 0.0178216 0.0021138 0.0000000 0.0045184 0.0062123 0.0024845 0.0026225 0.3204491 0.2115919 0.0288375 0.1716648 0.0562027 0.0010235 0.0058376 0.0220137 0.0214134 0.0058243 0.1070607
 56 M  56 0.0000000 0.0050803 0.0000000 0.0000000 0.0000000 0.0036248 0.0000000 0.0034526 0.0000000 0.1992953 0.2071328 0.0016386 0.3713820 0.1758649 0.0000000 0.0031740 0.0039386 0.0111848 0.0000000 0.0142312
 57 K  57 0.0236681 0.1341626 0.0747742 0.0518528 0.0094016 0.1291100 0.1158843 0.0173693 0.0284033 0.0040770 0.0038668 0.2672689 0.0146863 0.0033385 0.0021793 0.0943236 0.0215982 0.0000000 0.0027265 0.0013090
 58 S  58 0.0740696 0.0203844 0.0606413 0.2077721 0.0049807 0.0440385 0.2334743 0.0185569 0.0149772 0.0094096 0.0889986 0.0925194 0.0226133 0.0130323 0.0000000 0.0592062 0.0152242 0.0000000 0.0000000 0.0201013
 59 L  59 0.1041841 0.0000000 0.0049330 0.0000000 0.0063463 0.0088540 0.0000000 0.0042345 0.0000000 0.0456412 0.5834944 0.0176187 0.0390179 0.0238494 0.0000000 0.0031553 0.0074559 0.0000000 0.0050190 0.1461964
 60 D  60 0.0032418 0.0000000 0.0159315 0.9288463 0.0034865 0.0000000 0.0116825 0.0254756 0.0023660 0.0000000 0.0000000 0.0000000 0.0039013 0.0000000 0.0000000 0.0019839 0.0030847 0.0000000 0.0000000 0.0000000
 61 K  61 0.0934490 0.0879483 0.0129621 0.0204534 0.0016535 0.0812285 0.0979089 0.0133592 0.0114490 0.0702272 0.0926269 0.1224909 0.0210088 0.0088614 0.0000000 0.0632315 0.1295430 0.0034754 0.0051859 0.0629370
 62 N  62 0.0000000 0.0058632 0.5202131 0.3797656 0.0308165 0.0076753 0.0049667 0.0029110 0.0125442 0.0000000 0.0000000 0.0089689 0.0000000 0.0000000 0.0029609 0.0114931 0.0043290 0.0000000 0.0029099 0.0045827
 63 S  63 0.0193119 0.0904591 0.1081374 0.0163368 0.0200057 0.0789585 0.0224887 0.2520735 0.0805563 0.0000000 0.0060140 0.1520229 0.0039642 0.0000000 0.0121584 0.0995969 0.0355315 0.0000000 0.0000000 0.0023844
 64 D  64 0.0021447 0.0000000 0.1049736 0.7828216 0.0000000 0.0000000 0.0251452 0.0147551 0.0076622 0.0000000 0.0000000 0.0019873 0.0000000 0.0000000 0.0000000 0.0345452 0.0195771 0.0000000 0.0034927 0.0028953
 65 Q  65 0.0248468 0.0300997 0.0705052 0.0280486 0.0134611 0.0518155 0.0205868 0.6081506 0.0039560 0.0000000 0.0024582 0.0824247 0.0000000 0.0000000 0.0000000 0.0558577 0.0000000 0.0046974 0.0030916 0.0000000
 66 E  66 0.0331226 0.1046681 0.0118365 0.0049558 0.0125729 0.1819508 0.2008211 0.0077614 0.0263469 0.0053822 0.0374928 0.1961149 0.0011425 0.0121175 0.0000000 0.0188680 0.0966659 0.0000000 0.0131140 0.0350658
 67 I  67 0.0000000 0.0000000 0.0000000 0.0000000 0.0103708 0.0000000 0.0045552 0.0000000 0.0000000 0.3578019 0.1845395 0.0000000 0.0094980 0.0019539 0.0023444 0.0000000 0.0020177 0.0000000 0.0000000 0.4269186
 68 D  68 0.0000000 0.0114039 0.1577914 0.5009833 0.0173676 0.0036883 0.0451769 0.0278564 0.0000000 0.0016173 0.0000000 0.0143568 0.0000000 0.0000000 0.0000000 0.1647875 0.0500924 0.0000000 0.0019654 0.0029128
 69 F  69 0.0000000 0.0000000 0.0000000 0.0000000 0.0021081 0.0040335 0.0052787 0.0000000 0.0014570 0.0027285 0.0133254 0.0000000 0.0000000 0.8602805 0.0000000 0.0029614 0.0000000 0.0023510 0.1054759 0.0000000
 70 K  70 0.0173398 0.0278301 0.0713053 0.1256932 0.0039414 0.1973783 0.2539335 0.0403772 0.0342304 0.0029996 0.0115179 0.0657599 0.0048226 0.0018759 0.0145742 0.0567561 0.0525457 0.0000000 0.0052412 0.0118778
 71 E  71 0.0000000 0.0000000 0.0094761 0.0322690 0.0000000 0.0142715 0.8863805 0.0027113 0.0059320 0.0000000 0.0000000 0.0036637 0.0044629 0.0000000 0.0000000 0.0408330 0.0000000 0.0000000 0.0000000 0.0000000
 72 Y  72 0.0000000 0.0000000 0.0000000 0.0000000 0.0113842 0.0000000 0.0000000 0.0000000 0.0000000 0.0000000 0.0115510 0.0000000 0.0000000 0.8030168 0.0000000 0.0023938 0.0000000 0.0042859 0.1620555 0.0053127
 73 S  73 0.0277747 0.0034341 0.0000000 0.0000000 0.0475925 0.0096505 0.0025415 0.0000000 0.0026795 0.0690517 0.2648132 0.0123193 0.0829653 0.0392984 0.0048043 0.0284663 0.0138594 0.0634826 0.0026799 0.3245865
 74 V  74 0.0852402 0.0649779 0.0728096 0.0199055 0.0138838 0.0437427 0.0375562 0.0111904 0.0129469 0.0668905 0.1349741 0.0313407 0.0393796 0.0047140 0.0152323 0.1064852 0.1087607 0.0000000 0.0212694 0.1087002
 75 F  75 0.0425399 0.0000000 0.0000000 0.0000000 0.0085372 0.0117133 0.0000000 0.0042685 0.0028968 0.0351465 0.4427844 0.0000000 0.2563743 0.1169903 0.0000000 0.0153108 0.0056352 0.0000000 0.0145493 0.0432534
 76 L  76 0.0038248 0.0000000 0.0000000 0.0000000 0.0000000 0.0000000 0.0000000 0.0021507 0.0000000 0.2298962 0.1968325 0.0000000 0.2231797 0.0217481 0.0000000 0.0000000 0.0272498 0.0025233 0.0125994 0.2799956
 77 T  77 0.2349467 0.0134649 0.0000000 0.0092343 0.0261514 0.0440551 0.0066739 0.2330399 0.0017829 0.0259583 0.0448374 0.0205616 0.0078837 0.1490830 0.0000000 0.0723212 0.0634240 0.0000000 0.0000000 0.0465819
 78 M  78 0.0682833 0.1166170 0.0308946 0.0346193 0.0392759 0.0359589 0.0516837 0.1812072 0.0020557 0.0038960 0.0196432 0.2305190 0.0195934 0.0066872 0.0021309 0.0871518 0.0335879 0.0057274 0.0164882 0.0139793
 79 L  79 0.0234291 0.0030813 0.0000000 0.0000000 0.0114494 0.0000000 0.0000000 0.0026681 0.0000000 0.1347437 0.5735632 0.0050555 0.0331165 0.0115386 0.0025634 0.0120214 0.0076326 0.0000000 0.0000000 0.1791372
 80 C  80 0.3919454 0.0051914 0.0000000 0.0033044 0.0500181 0.0000000 0.0000000 0.0292068 0.0000000 0.0211715 0.0840499 0.0000000 0.0337126 0.0028611 0.0000000 0.0543789 0.2586242 0.0000000 0.0000000 0.0655356
 81 M  81 0.0135379 0.0330285 0.0729428 0.0119876 0.0229061 0.1286531 0.0158536 0.0000000 0.0046772 0.1523627 0.0560900 0.0968686 0.1087818 0.0066194 0.0071680 0.0283050 0.0764334 0.0056402 0.0043996 0.1537446
 82 A  82 0.4932269 0.0065767 0.0000000 0.0728089 0.0335046 0.0043328 0.0210979 0.0256064 0.0097310 0.0444848 0.0501751 0.0159366 0.0705331 0.0093157 0.0060578 0.0165626 0.0362929 0.0144988 0.0198563 0.0494010
 83 Y  83 0.0656810 0.0051495 0.0000000 0.0132828 0.5859102 0.0174322 0.0000000 0.0161501 0.0261316 0.0000000 0.0111257 0.0025783 0.0050363 0.0310745 0.0000000 0.0497957 0.0230965 0.0081483 0.1319013 0.0075061
 84 N  84 0.0084743 0.0000000 0.2933768 0.0312917 0.0000000 0.0076366 0.0347073 0.0200660 0.4182768 0.0000000 0.0000000 0.0146253 0.0028580 0.0308275 0.0000000 0.0125529 0.0065228 0.0000000 0.1187839 0.0000000
 85 D  85 0.0275443 0.0169478 0.0618517 0.1977017 0.0088381 0.0254047 0.3522671 0.0167712 0.0108543 0.0087009 0.0313189 0.1828600 0.0000000 0.0000000 0.0000000 0.0364407 0.0075205 0.0000000 0.0106849 0.0042933
 86 F  86 0.0572347 0.0168436 0.0210751 0.0271520 0.0387420 0.0570661 0.0293460 0.0000000 0.0361292 0.0556864 0.0270856 0.0512010 0.0000000 0.1904244 0.0000000 0.1098087 0.0349109 0.0000000 0.2087966 0.0384978
 87 F  87 0.0000000 0.0033592 0.0038980 0.0000000 0.0033026 0.0000000 0.0000000 0.0000000 0.0399309 0.0819196 0.1170225 0.0000000 0.0809423 0.4444201 0.0000000 0.0949019 0.0393965 0.0000000 0.0832491 0.0076573
 88 L  88 0.0034041 0.0429038 0.0168193 0.0195186 0.0096510 0.1061972 0.0401639 0.0310329 0.2652148 0.0135467 0.1049646 0.1049437 0.0073778 0.0000000 0.0048304 0.0577914 0.0128339 0.0072198 0.0064642 0.1451220
 89 E  89 0.0084402 0.0901874 0.0000000 0.0663715 0.0000000 0.1063144 0.2200642 0.0000000 0.0130407 0.0102577 0.0666282 0.3281821 0.0065596 0.0000000 0.0061759 0.0107052 0.0000000 0.0000000 0.0000000 0.0670730
 90 D  90 0.0163347 0.0000000 0.0646920 0.1538351 0.0000000 0.2105646 0.2043002 0.0232599 0.1419716 0.0000000 0.0000000 0.0206242 0.0000000 0.0000000 0.0113995 0.0664279 0.0317866 0.0000000 0.0548038 0.0000000
 91 N  91 0.0000000 0.0000000 0.1933523 0.0714201 0.0000000 0.0517449 0.0220383 0.0114968 0.0245701 0.0000000 0.1117095 0.0193115 0.1827710 0.0000000 0.0632639 0.1733192 0.0542543 0.0000000 0.0000000 0.0207480
 92 K  92 0.0000000 0.0961347 0.0000000 0.0000000 0.0000000 0.0844567 0.1504972 0.0000000 0.0000000 0.0000000 0.0000000 0.6689114 0.0000000 0.0000000 0.0000000 0.0000000 0.0000000 0.0000000 0.0000000 0.0000000
