  149         A         R         N         D         C         Q         E         G         H         I         L         K         M         F         P         S         T         W         Y         V    
  1 M   1 0.0000000 0.0000000 0.0000000 0.0000000 0.0000000 0.0000000 0.0000000 0.0000000 0.0000000 0.0000000 0.2943169 0.0000000 0.7056831 0.0000000 0.0000000 0.0000000 0.0000000 0.0000000 0.0000000 0.0000000
  2 S   2 0.0513576 0.0000000 0.0039301 0.2417494 0.0000000 0.0048439 0.5741393 0.0043674 0.0014682 0.0160449 0.0089407 0.0000000 0.0000000 0.0000000 0.0043786 0.0573403 0.0291311 0.0000000 0.0000000 0.0023086
  3 A   3 0.0138756 0.0330708 0.0157900 0.0045495 0.0000000 0.5816058 0.2577053 0.0237996 0.0016283 0.0000000 0.0000000 0.0114170 0.0125483 0.0000000 0.0000000 0.0399183 0.0040914 0.0000000 0.0000000 0.0000000
  4 T   4 0.0091524 0.0342572 0.0031033 0.0172003 0.0017286 0.0188005 0.1105381 0.0021594 0.0000000 0.4175795 0.0798747 0.1227897 0.0409376 0.0046062 0.0021667 0.0018065 0.0213274 0.0000000 0.0019173 0.1100546
  5 R   5 0.2306182 0.0556181 0.0244545 0.0580296 0.0024340 0.1401373 0.2282746 0.0175688 0.0080985 0.0089447 0.0115557 0.0851652 0.0136999 0.0022119 0.0000000 0.0708884 0.0163412 0.0000000 0.0000000 0.0259594
  6 A   6 0.0119270 0.0035579 0.0201771 0.1019335 0.0000000 0.0323894 0.6284366 0.1086512 0.0288363 0.0037178 0.0056209 0.0147227 0.0047824 0.0000000 0.0019854 0.0122672 0.0018729 0.0000000 0.0000000 0.0191217
  7 N   7 0.0094045 0.0000000 0.0056998 0.0000000 0.0039173 0.0000000 0.0000000 0.0000000 0.0000000 0.2001529 0.3425624 0.0000000 0.0367319 0.2928054 0.0000000 0.0000000 0.0024613 0.0000000 0.0974556 0.0088088
  8 K   8 0.0120583 0.2850876 0.0066339 0.0000000 0.0034227 0.0591986 0.0161218 0.0027048 0.0102466 0.0060539 0.0146204 0.5191986 0.0051085 0.0036101 0.0000000 0.0067300 0.0033862 0.0060899 0.0304078 0.0093203
  9 D   9 0.0558449 0.0276654 0.0168418 0.0939033 0.0000000 0.0486421 0.6374122 0.0056829 0.0027071 0.0072174 0.0020252 0.0619849 0.0052334 0.0018983 0.0000000 0.0047396 0.0182193 0.0016850 0.0014573 0.0068398
 10 I  10 0.7024602 0.0010100 0.0000000 0.0026256 0.0200286 0.0032856 0.0000000 0.0087645 0.0000000 0.0215439 0.0218248 0.0022306 0.0990346 0.0019381 0.0000000 0.0110828 0.0284643 0.0000000 0.0013371 0.0743692
 11 F  11 0.0000000 0.0000000 0.0000000 0.0000000 0.0000000 0.0000000 0.0000000 0.0000000 0.0000000 0.0000000 0.0036016 0.0000000 0.0000000 0.9928658 0.0000000 0.0000000 0.0000000 0.0000000 0.0035327 0.0000000
 12 T  12 0.0739584 0.1228226 0.0661708 0.1148565 0.0198043 0.0929445 0.0836053 0.0144323 0.0087151 0.0036140 0.0270918 0.1251432 0.0224769 0.0020879 0.0000000 0.1726810 0.0406038 0.0019650 0.0013077 0.0057189
 13 L  13 0.0272275 0.0349229 0.0286533 0.0013884 0.0038438 0.0123108 0.0558880 0.0066859 0.0047434 0.0559794 0.4542991 0.0145884 0.0998897 0.0189267 0.0000000 0.0282152 0.0115606 0.0017598 0.0559388 0.0831783
 14 F  14 0.0019798 0.0000000 0.0000000 0.0000000 0.0000000 0.0000000 0.0000000 0.0000000 0.0000000 0.0765935 0.0264998 0.0000000 0.0705797 0.7714228 0.0000000 0.0023117 0.0000000 0.0000000 0.0411754 0.0094374
 15 D  15 0.0018109 0.0016109 0.0049578 0.9763376 0.0000000 0.0023783 0.0050960 0.0024218 0.0000000 0.0000000 0.0000000 0.0000000 0.0000000 0.0000000 0.0000000 0.0000000 0.0014464 0.0000000 0.0000000 0.0039403
 16 K  16 0.0409933 0.1278645 0.0149286 0.0075674 0.0000000 0.0391117 0.0174586 0.0013344 0.0061834 0.0133404 0.0193450 0.3799059 0.0256501 0.0000000 0.0117318 0.0482995 0.2205900 0.0000000 0.0000000 0.0256954
 17 K  17 0.0021361 0.0384814 0.1652463 0.6131453 0.0000000 0.0080403 0.0584227 0.0064346 0.0020658 0.0000000 0.0000000 0.0400186 0.0000000 0.0000000 0.0000000 0.0106065 0.0410347 0.0000000 0.0000000 0.0143678
 18 G  18 0.0143225 0.0605839 0.1474529 0.0032594 0.0131749 0.0360015 0.0219239 0.5342783 0.0119524 0.0024220 0.0015418 0.1046692 0.0021613 0.0000000 0.0114882 0.0310606 0.0009382 0.0000000 0.0000000 0.0027690
 19 Q  19 0.0014722 0.0130525 0.1226216 0.4659828 0.0000000 0.0087506 0.0199353 0.0145950 0.0033893 0.0035476 0.0000000 0.0167377 0.0000000 0.0000000 0.0000000 0.2625988 0.0657741 0.0000000 0.0000000 0.0015424
 20 G  20 0.0030129 0.0047879 0.0134808 0.0027922 0.0044820 0.0058498 0.0126890 0.9291219 0.0022960 0.0000000 0.0000000 0.0043866 0.0081865 0.0000000 0.0000000 0.0069899 0.0000000 0.0000000 0.0019244 0.0000000
 21 A  21 0.0501900 0.0659975 0.0112941 0.0114878 0.0464693 0.0288280 0.0147048 0.0000000 0.0166484 0.0083470 0.0240588 0.1730498 0.0127132 0.1060008 0.0000000 0.0844092 0.2064117 0.0000000 0.1246654 0.0147240
 22 I  22 0.0031501 0.0000000 0.0000000 0.0000000 0.0000000 0.0000000 0.0000000 0.0000000 0.0000000 0.9004005 0.0336746 0.0000000 0.0102843 0.0000000 0.0000000 0.0029039 0.0000000 0.0000000 0.0000000 0.0495865
 23 A  23 0.0301029 0.0028868 0.0442173 0.1627099 0.0049008 0.0135874 0.0340021 0.0237549 0.0135293 0.0019224 0.0138268 0.0210379 0.0000000 0.0000000 0.0177293 0.2129918 0.3984037 0.0000000 0.0015760 0.0028207
 24 K  24 0.1424913 0.0385161 0.0056776 0.0018022 0.0239572 0.0161893 0.0115983 0.0063822 0.0043497 0.0627560 0.0629253 0.0650442 0.0166460 0.0624835 0.0300035 0.0545006 0.1471774 0.0000000 0.1312847 0.1162150
 25 D  25 0.0726558 0.0529014 0.0188739 0.1261649 0.0000000 0.0414478 0.2083773 0.0388931 0.0551031 0.0025907 0.0209698 0.2214504 0.0030124 0.0000000 0.0033468 0.0969109 0.0281503 0.0015023 0.0000000 0.0076492
 26 S  26 0.0000000 0.0000000 0.0124478 0.1019777 0.0000000 0.0927153 0.7360142 0.0000000 0.0023397 0.0022956 0.0019490 0.0106556 0.0047634 0.0018048 0.0000000 0.0232286 0.0033831 0.0000000 0.0025296 0.0038955
 27 L  27 0.0018778 0.0000000 0.0000000 0.0000000 0.0407721 0.0000000 0.0000000 0.0000000 0.0000000 0.0493395 0.8304442 0.0000000 0.0164951 0.0224755 0.0000000 0.0000000 0.0018275 0.0000000 0.0037016 0.0330667
 28 G  28 0.0597007 0.1125151 0.0188524 0.0071036 0.0017709 0.0279693 0.0437459 0.3923888 0.0214488 0.0104588 0.0090695 0.2646182 0.0021778 0.0000000 0.0028675 0.0144293 0.0036391 0.0000000 0.0036198 0.0036246
 29 D  29 0.1050639 0.0309976 0.0372303 0.1466384 0.0027494 0.0652603 0.0710725 0.0145657 0.0459326 0.0439122 0.0142361 0.0250830 0.0013363 0.0066188 0.0032775 0.0425686 0.1774897 0.0019572 0.0119605 0.1520493
 30 Y  30 0.2350586 0.0000000 0.0000000 0.0000000 0.0329925 0.0000000 0.0000000 0.1122202 0.0000000 0.0605138 0.0965735 0.0000000 0.0323567 0.0070501 0.0000000 0.0181842 0.0151385 0.0000000 0.0053863 0.3845254
 31 L  31 0.0167696 0.0050834 0.0000000 0.0000000 0.0169961 0.0000000 0.0000000 0.0000000 0.0000000 0.0478058 0.3816652 0.0000000 0.4827269 0.0274464 0.0000000 0.0000000 0.0055096 0.0000000 0.0000000 0.0159969
 32 R  32 0.0623891 0.5942616 0.0086985 0.0038283 0.0023747 0.0220287 0.0278450 0.0104050 0.0094293 0.0071020 0.0093663 0.1189105 0.0042385 0.0029004 0.0142550 0.0209625 0.0669403 0.0023886 0.0012500 0.0104257
 33 A  33 0.3061069 0.0526877 0.0420869 0.0087617 0.0254026 0.0174336 0.0477514 0.0073476 0.0049241 0.0025828 0.0156215 0.0823244 0.0276597 0.0028706 0.0028453 0.2805731 0.0662106 0.0000000 0.0031525 0.0036570
 34 I  34 0.0000000 0.0000000 0.0024334 0.0033979 0.0114680 0.0175305 0.0027104 0.0000000 0.0067144 0.0307975 0.7548879 0.0071494 0.0542805 0.0310000 0.0000000 0.0083980 0.0047208 0.0000000 0.0181315 0.0463799
 35 G  35 0.0024517 0.0087785 0.0144439 0.0153689 0.0015110 0.0025815 0.0061662 0.9319638 0.0000000 0.0015117 0.0000000 0.0052222 0.0019405 0.0000000 0.0000000 0.0048803 0.0000000 0.0020923 0.0000000 0.0010876
 36 Y  36 0.0371143 0.0172202 0.0012993 0.0205318 0.0062749 0.2851047 0.1087510 0.0186545 0.0312637 0.0248348 0.0701341 0.0341781 0.0240773 0.1378645 0.0083457 0.0756379 0.0359961 0.0046287 0.0528966 0.0051918
 37 N  37 0.0157332 0.0510469 0.3791614 0.0719267 0.0060606 0.0405068 0.1257216 0.0161512 0.0207163 0.0050830 0.0064945 0.1084410 0.0332956 0.0146275 0.0214012 0.0404187 0.0322713 0.0000000 0.0071073 0.0038353
 38 P  38 0.0446454 0.0016434 0.0000000 0.0035285 0.0074418 0.0066923 0.0009028 0.0040559 0.0012070 0.0325142 0.2214486 0.0037472 0.0394712 0.0286614 0.5149217 0.0082405 0.0087677 0.0000000 0.0043366 0.0677739
 39 T  39 0.0179117 0.0258073 0.0206730 0.0372109 0.0000000 0.0054833 0.0071677 0.0159448 0.0031679 0.0025561 0.0109646 0.1121299 0.0099397 0.0000000 0.0369354 0.1707287 0.5128931 0.0000000 0.0014081 0.0090778
 40 N  40 0.0206923 0.0253383 0.0747532 0.1757068 0.0014016 0.0536122 0.3851063 0.0221112 0.0061848 0.0096124 0.0140196 0.1388895 0.0043910 0.0039078 0.0309121 0.0045861 0.0089217 0.0000000 0.0029884 0.0168647
 41 Q  41 0.2829071 0.0366974 0.0185687 0.0679541 0.0015161 0.0466071 0.2343911 0.0273704 0.0060104 0.0092547 0.0094695 0.0362943 0.0344229 0.0017411 0.0186447 0.1098609 0.0371438 0.0000000 0.0040032 0.0171427
 42 L  42 0.0008178 0.0078159 0.0018659 0.0941655 0.0053233 0.0518819 0.7501836 0.0037377 0.0131412 0.0024906 0.0053340 0.0095223 0.0062355 0.0022298 0.0000000 0.0076747 0.0201867 0.0021575 0.0075235 0.0077126
 43 V  43 0.0073767 0.0000000 0.0000000 0.0000000 0.0118956 0.0037029 0.0034894 0.0013448 0.0000000 0.2778142 0.3548358 0.0039366 0.0152503 0.0092720 0.0000000 0.0018430 0.0113877 0.0000000 0.0000000 0.2978508
 44 Q  44 0.0347247 0.1138303 0.0307225 0.1050981 0.0010952 0.1751814 0.0830100 0.0063125 0.0210756 0.0375715 0.1144491 0.1939411 0.0160670 0.0030759 0.0036850 0.0104721 0.0156907 0.0000000 0.0208701 0.0131272
 45 D  45 0.0834294 0.0609227 0.0353006 0.2052427 0.0000000 0.1021505 0.2583444 0.0159307 0.0042596 0.0021584 0.0031221 0.1599739 0.0000000 0.0029560 0.0000000 0.0396929 0.0234738 0.0013649 0.0000000 0.0016772
 46 I  46 0.0037214 0.0000000 0.0039903 0.0086403 0.0136225 0.0000000 0.0147454 0.0000000 0.0222593 0.1663902 0.2716256 0.0000000 0.3884446 0.0116364 0.0000000 0.0022913 0.0025496 0.0032762 0.0056897 0.0811172
 47 I  47 0.0136483 0.0038731 0.0000000 0.0000000 0.0086735 0.0020746 0.0018582 0.0030833 0.0000000 0.4252817 0.1966568 0.0063489 0.1999839 0.0062159 0.0025949 0.0158113 0.0127180 0.0000000 0.0026335 0.0985442
 48 N  48 0.0342572 0.1462322 0.2070702 0.0895408 0.0000000 0.0686645 0.0727291 0.0431976 0.0443710 0.0217118 0.0085432 0.1546966 0.0211549 0.0030440 0.0000000 0.0587250 0.0087909 0.0056473 0.0035380 0.0080855
 49 A  49 0.3174314 0.0196773 0.0431552 0.0229585 0.0069306 0.1600932 0.1228651 0.0359673 0.0072728 0.0000000 0.0082530 0.0447418 0.0059720 0.0023853 0.0454255 0.0939344 0.0395945 0.0000000 0.0029617 0.0203807
 50 D  50 0.1683475 0.0208177 0.0088953 0.1396121 0.0012140 0.0121713 0.4295027 0.0058637 0.0424599 0.0207588 0.0126080 0.0321750 0.0032533 0.0122279 0.0263277 0.0089135 0.0075062 0.0060936 0.0032745 0.0379773
 51 S  51 0.1200939 0.0108037 0.0034961 0.0193396 0.0023507 0.0021858 0.0128371 0.0225289 0.0035526 0.1482019 0.0437981 0.0352094 0.0276597 0.0203554 0.0427212 0.0535258 0.0159155 0.0016829 0.0451255 0.3686162
 52 S  52 0.0111784 0.0089415 0.0276238 0.8108728 0.0013874 0.0047634 0.0320327 0.0111438 0.0016096 0.0048899 0.0000000 0.0262811 0.0000000 0.0000000 0.0290043 0.0158676 0.0076004 0.0000000 0.0014017 0.0054015
 53 L  53 0.1394521 0.0442427 0.0065940 0.0350480 0.0044033 0.0427268 0.0849044 0.0157707 0.0016428 0.0651820 0.0660232 0.1163919 0.0287395 0.0059013 0.0502793 0.0505806 0.1027790 0.0000000 0.0030708 0.1362675
 54 R  54 0.0078864 0.0218228 0.1341982 0.6283987 0.0000000 0.0109524 0.1072795 0.0097085 0.0060625 0.0058314 0.0062430 0.0149149 0.0212666 0.0000000 0.0026507 0.0074852 0.0113947 0.0000000 0.0000000 0.0039045
 55 D  55 0.0162492 0.0196190 0.1706478 0.0181279 0.0061883 0.0121727 0.0252241 0.5389391 0.0127577 0.0019149 0.0311168 0.0642856 0.0299608 0.0000000 0.0114422 0.0359496 0.0025713 0.0010557 0.0000000 0.0017771
 56 A  56 0.0160441 0.0247135 0.2382960 0.2976145 0.0000000 0.0055296 0.0103985 0.0544843 0.0039918 0.0053958 0.0076275 0.0299326 0.0000000 0.0010397 0.0032191 0.2109042 0.0742200 0.0000000 0.0000000 0.0165890
 57 S  57 0.0124050 0.0173212 0.0218010 0.0095628 0.0000000 0.0051052 0.0110514 0.8065276 0.0084835 0.0000000 0.0000000 0.0643525 0.0016940 0.0017426 0.0072436 0.0195284 0.0088053 0.0000000 0.0000000 0.0043760
 58 S  58 0.0345150 0.1334849 0.0221114 0.0072336 0.0196364 0.0593772 0.0589870 0.0056478 0.0175574 0.0049753 0.0571052 0.0940219 0.0262691 0.0344645 0.0331477 0.0817583 0.2548202 0.0030091 0.0175816 0.0342963
 59 L  59 0.0046198 0.0000000 0.0000000 0.0039073 0.0000000 0.0000000 0.0000000 0.0000000 0.0000000 0.6312379 0.1036126 0.0000000 0.0204699 0.0308320 0.0022623 0.0000000 0.0038483 0.0000000 0.0000000 0.1992099
 60 T  60 0.0117242 0.0072270 0.1460839 0.5555124 0.0019117 0.0058225 0.0906758 0.0127553 0.0083341 0.0000000 0.0035172 0.0049108 0.0000000 0.0000000 0.0029952 0.1084223 0.0340293 0.0000000 0.0045673 0.0015111
 61 L  61 0.0051850 0.0043423 0.0000000 0.0000000 0.0092470 0.0022536 0.0076155 0.0022347 0.0017232 0.0108084 0.0663754 0.0048734 0.0081415 0.5916128 0.0008667 0.0006618 0.0018656 0.0047633 0.2652388 0.0121910
 62 D  62 0.0344222 0.0105503 0.0586238 0.1723357 0.0000000 0.0400913 0.3197982 0.0658743 0.0045768 0.0212851 0.0102335 0.0435263 0.0000000 0.0018905 0.0984866 0.0590724 0.0453352 0.0000000 0.0028934 0.0110043
 63 Q  63 0.0077811 0.0110724 0.0072360 0.1205530 0.0014073 0.0643886 0.6386456 0.0197496 0.0108960 0.0000000 0.0023097 0.0055265 0.0138362 0.0010665 0.0022040 0.0170130 0.0503869 0.0000000 0.0016505 0.0242771
 64 I  64 0.0000000 0.0000000 0.0000000 0.0028632 0.0000000 0.0000000 0.0000000 0.0000000 0.0000000 0.0051836 0.0133317 0.0000000 0.0000000 0.9574890 0.0000000 0.0046113 0.0023117 0.0018317 0.0096966 0.0026812
 65 T  65 0.0383182 0.0263594 0.0106740 0.0000000 0.0337081 0.0124236 0.0152277 0.0124843 0.0000000 0.1187176 0.3984690 0.0116540 0.0215198 0.0178756 0.0000000 0.0255864 0.0320562 0.0021941 0.0102697 0.2124622
 66 G  66 0.2611280 0.0556742 0.0398560 0.0365974 0.0091195 0.0460457 0.0841635 0.0188616 0.0182634 0.0095509 0.0131367 0.0705870 0.0126194 0.0022864 0.0931675 0.0507668 0.1417453 0.0000000 0.0130280 0.0234025
 67 L  67 0.0379569 0.0000000 0.0000000 0.0000000 0.0057687 0.0000000 0.0032427 0.0000000 0.0000000 0.1712293 0.2475689 0.0011813 0.3736953 0.0125603 0.0075833 0.0053838 0.0385835 0.0049846 0.0023911 0.0878702
 68 I  68 0.0319396 0.0000000 0.0485263 0.0013508 0.0082844 0.0015312 0.0013353 0.0014851 0.0033424 0.0470505 0.1192213 0.0011282 0.6111653 0.0279448 0.0000000 0.0008706 0.0094127 0.0016289 0.0340197 0.0497630
 69 E  69 0.1707077 0.0478023 0.0353818 0.0053079 0.0092812 0.1104131 0.0282015 0.0973798 0.0536419 0.0110328 0.0190033 0.0872875 0.0202951 0.0021798 0.0022726 0.1188304 0.1513385 0.0020740 0.0018730 0.0256960
 70 V  70 0.0930909 0.2261244 0.0262412 0.0211278 0.0014244 0.0462771 0.0678854 0.0150298 0.0434337 0.0176189 0.0488570 0.1472793 0.0357660 0.0087102 0.0552594 0.0549559 0.0611096 0.0008120 0.0055742 0.0234228
 71 N  71 0.0179200 0.0645639 0.0526737 0.0064112 0.0044392 0.0685891 0.0091656 0.0461962 0.0448248 0.0783301 0.0204339 0.4282114 0.0247173 0.0181354 0.0195443 0.0133710 0.0115810 0.0087469 0.0199697 0.0421753
 72 E  72 0.0443284 0.0623436 0.0312731 0.0157167 0.0021864 0.0223920 0.0154619 0.0309890 0.0071176 0.0953816 0.1598105 0.0860030 0.2555489 0.0164059 0.0047328 0.0675389 0.0385183 0.0000000 0.0133282 0.0309231
 73 K  73 0.1458241 0.0864612 0.0564900 0.0227848 0.0011965 0.0563016 0.0111092 0.0856420 0.0082498 0.0094990 0.1081677 0.2602323 0.0135923 0.0064312 0.0162392 0.0619477 0.0123386 0.0000000 0.0023073 0.0351856
 74 E  74 0.1018253 0.0215689 0.0747484 0.1419375 0.0037697 0.0534241 0.2584438 0.0690701 0.0066505 0.0082867 0.0269029 0.0463824 0.0170028 0.0197037 0.0253067 0.0384743 0.0694738 0.0061990 0.0042087 0.0066208
 75 L  75 0.0393151 0.2408712 0.0231760 0.0249531 0.0067816 0.0124002 0.0964084 0.0305263 0.0064039 0.0250681 0.0977274 0.1778538 0.0247618 0.0076120 0.0071526 0.0251505 0.1184991 0.0018009 0.0078942 0.0256439
 76 D  76 0.0117396 0.0432539 0.0534234 0.4957415 0.0000000 0.0159907 0.0515097 0.0325613 0.0735393 0.0091586 0.0073443 0.0483325 0.0045916 0.0023655 0.0203711 0.0330065 0.0587461 0.0021724 0.0032048 0.0329472
 77 A  77 0.1172561 0.0209754 0.0092696 0.0283681 0.0028067 0.0506729 0.0979935 0.0359635 0.0092145 0.0511964 0.0624702 0.0216833 0.0168411 0.0118334 0.1591110 0.1626836 0.0744662 0.0031933 0.0077615 0.0562401
 78 T  78 0.0670953 0.0336188 0.1002305 0.0864715 0.0015337 0.0251142 0.0327779 0.0410900 0.0283262 0.0647142 0.2164023 0.1403182 0.0172347 0.0133547 0.0134675 0.0524108 0.0481046 0.0000000 0.0010214 0.0167136
 79 T  79 0.1024069 0.0443990 0.0300722 0.0333035 0.0000000 0.0121520 0.0807948 0.0349582 0.0048474 0.0130837 0.0096007 0.1291467 0.0555812 0.0082996 0.0587461 0.1144040 0.2357903 0.0016258 0.0072345 0.0235535
 80 K  80 0.0879370 0.0387069 0.0265634 0.0883396 0.0000000 0.0958199 0.2606374 0.0470312 0.0102054 0.0551587 0.0771202 0.0425198 0.0231816 0.0016861 0.0594204 0.0275352 0.0237725 0.0044224 0.0010329 0.0289094
 81 A  81 0.0599979 0.0101478 0.0711518 0.1025580 0.0060511 0.0461585 0.2684861 0.1977980 0.0028785 0.0067307 0.0496017 0.0301273 0.0054588 0.0069893 0.0238268 0.0402413 0.0237683 0.0000000 0.0258241 0.0222039
 82 K  82 0.0147540 0.0894689 0.0472304 0.0358754 0.0059135 0.2142461 0.0917433 0.0202327 0.0108214 0.0132943 0.0582361 0.0620390 0.0158444 0.0102043 0.0109253 0.1414515 0.0937856 0.0000000 0.0011785 0.0627554
 83 T  83 0.0266904 0.0774936 0.0066651 0.0376990 0.0000000 0.0578252 0.4097512 0.0021642 0.0045839 0.0876300 0.0326823 0.0691866 0.0201775 0.0207285 0.0193628 0.0336545 0.0192912 0.0000000 0.0347394 0.0396747
 84 E  84 0.0807900 0.0296667 0.0088263 0.1514069 0.0000000 0.0905581 0.5139416 0.0031232 0.0029750 0.0000000 0.0065932 0.0642992 0.0013163 0.0019292 0.0000000 0.0296830 0.0044399 0.0000000 0.0000000 0.0104513
 85 D  85 0.0022107 0.0065040 0.0325173 0.1823200 0.0000000 0.0274747 0.6136654 0.0040973 0.0754274 0.0028901 0.0045859 0.0061675 0.0083290 0.0011265 0.0000000 0.0070849 0.0044254 0.0000000 0.0008865 0.0202874
 86 F  86 0.0011010 0.0012629 0.0000000 0.0000000 0.0000000 0.0000000 0.0000000 0.0000000 0.0000000 0.2741464 0.4281818 0.0000000 0.0420226 0.1772713 0.0000000 0.0019668 0.0043682 0.0000000 0.0507505 0.0189285
 87 V  87 0.0230733 0.2968057 0.0043096 0.0000000 0.0062338 0.0373695 0.0032841 0.0015449 0.0124375 0.0430164 0.1014171 0.2634594 0.0278119 0.0291348 0.0000000 0.0185172 0.0071039 0.0048379 0.0358257 0.0838174
 88 K  88 0.0849918 0.0625169 0.0264719 0.1114492 0.0000000 0.0302095 0.4612539 0.0050337 0.0025958 0.0097798 0.0133839 0.1487123 0.0036158 0.0010075 0.0000000 0.0089085 0.0229194 0.0010153 0.0000000 0.0061349
 89 A  89 0.7504584 0.0020894 0.0000000 0.0027938 0.0091705 0.0000000 0.0017826 0.0961396 0.0000000 0.0123684 0.0151800 0.0000000 0.0494334 0.0024115 0.0000000 0.0089825 0.0106128 0.0000000 0.0009194 0.0376576
 90 F  90 0.0000000 0.0000000 0.0000000 0.0000000 0.0000000 0.0000000 0.0000000 0.0000000 0.0000000 0.0065154 0.0796004 0.0000000 0.0090705 0.8964823 0.0020399 0.0000000 0.0000000 0.0035775 0.0027141 0.0000000
 91 Q  91 0.0489435 0.3199250 0.0331349 0.0654996 0.0077808 0.0976586 0.0559481 0.0130833 0.0111850 0.0013458 0.0134324 0.1871404 0.0134299 0.0009777 0.0024614 0.1101929 0.0114075 0.0007083 0.0014415 0.0043033
 92 V  92 0.0317742 0.0046986 0.0169020 0.0032486 0.0136139 0.0055830 0.0511862 0.0035149 0.0306851 0.0583457 0.2813645 0.0055154 0.0775060 0.0256913 0.0000000 0.0167649 0.0111923 0.0015003 0.0717518 0.2891615
 93 F  93 0.0021253 0.0000000 0.0000000 0.0000000 0.0000000 0.0000000 0.0000000 0.0000000 0.0000000 0.0437786 0.0318138 0.0018356 0.0337339 0.8312112 0.0000000 0.0055303 0.0081634 0.0000000 0.0358350 0.0059728
 94 D  94 0.0016212 0.0024705 0.0010375 0.9821014 0.0000000 0.0014765 0.0029579 0.0023800 0.0000000 0.0000000 0.0000000 0.0000000 0.0000000 0.0000000 0.0000000 0.0020899 0.0021128 0.0000000 0.0000000 0.0017523
 95 K  95 0.0289456 0.0862575 0.0045921 0.0820387 0.0000000 0.0337520 0.0437645 0.0010098 0.0090013 0.0132527 0.0204921 0.4984601 0.0099208 0.0000000 0.0114175 0.0160169 0.1230491 0.0000000 0.0015019 0.0165275
 96 E  96 0.0059194 0.0051839 0.1310622 0.6628781 0.0000000 0.0090110 0.1368603 0.0094624 0.0113782 0.0000000 0.0023197 0.0093444 0.0000000 0.0024771 0.0020954 0.0054829 0.0027976 0.0000000 0.0000000 0.0037275
 97 S  97 0.0307635 0.0369736 0.1515765 0.0192212 0.0083300 0.0472560 0.0293190 0.5246139 0.0112613 0.0023851 0.0012324 0.0921155 0.0050545 0.0000000 0.0024758 0.0363588 0.0010631 0.0000000 0.0000000 0.0000000
 98 T  98 0.0026735 0.0141779 0.2604761 0.2731173 0.0000000 0.0046416 0.0061144 0.0054616 0.0055257 0.0007828 0.0016913 0.0334698 0.0000000 0.0000000 0.0000000 0.2397401 0.1510883 0.0000000 0.0000000 0.0010398
 99 G  99 0.0007992 0.0028254 0.0043747 0.0023012 0.0000000 0.0017092 0.0012860 0.9747381 0.0012151 0.0000000 0.0000000 0.0016701 0.0000000 0.0000000 0.0024751 0.0038769 0.0000000 0.0009948 0.0017343 0.0000000
100 K 100 0.0259495 0.0336676 0.0078793 0.0033539 0.0215814 0.0205376 0.0214338 0.0053064 0.0223789 0.0105130 0.0348061 0.1455169 0.0057220 0.1665538 0.0000000 0.0558405 0.1726351 0.0023198 0.2297491 0.0142553
101 V 101 0.0038540 0.0000000 0.0000000 0.0000000 0.0000000 0.0000000 0.0000000 0.0000000 0.0026152 0.8726087 0.0221564 0.0000000 0.0105154 0.0030284 0.0000000 0.0000000 0.0000000 0.0000000 0.0000000 0.0852219
102 S 102 0.0142028 0.0019371 0.0418740 0.0929966 0.0036798 0.0134152 0.0218195 0.0244992 0.0092550 0.0017375 0.0058377 0.0149623 0.0466300 0.0000000 0.0120724 0.3652325 0.3259286 0.0000000 0.0000000 0.0039198
103 V 103 0.2253469 0.0380948 0.0039206 0.0033927 0.0121550 0.0059303 0.0140071 0.0485547 0.0068673 0.0456466 0.0873941 0.0308023 0.0182960 0.0805747 0.0371098 0.0593839 0.0935229 0.0047774 0.0539554 0.1302676
104 G 104 0.1945790 0.0607032 0.0341439 0.1447264 0.0000000 0.0369666 0.1551246 0.0457946 0.0298022 0.0036442 0.0050311 0.1545079 0.0032340 0.0000000 0.0029683 0.0943619 0.0234958 0.0010622 0.0009408 0.0089132
105 D 105 0.0030279 0.0026494 0.0941810 0.0961742 0.0000000 0.0153389 0.7344757 0.0000000 0.0031316 0.0022991 0.0000000 0.0086332 0.0031900 0.0012577 0.0000000 0.0129912 0.0073844 0.0000000 0.0115362 0.0037297
106 L 106 0.0000000 0.0041069 0.0000000 0.0000000 0.0026626 0.0000000 0.0000000 0.0000000 0.0000000 0.0571020 0.8857678 0.0000000 0.0191873 0.0192701 0.0000000 0.0000000 0.0000000 0.0000000 0.0000000 0.0119031
107 R 107 0.0399292 0.3631720 0.0088337 0.0038913 0.0087746 0.0611909 0.0518938 0.1282138 0.0171544 0.0061815 0.0070909 0.2731880 0.0012491 0.0000000 0.0017591 0.0141906 0.0062810 0.0000000 0.0036228 0.0033833
108 Y 108 0.0718345 0.1287803 0.0315174 0.0370957 0.0047428 0.0967066 0.0773371 0.0049451 0.1989303 0.0203614 0.0148154 0.0256541 0.0095232 0.0112277 0.0000000 0.0514781 0.0986533 0.0049589 0.0352457 0.0761923
109 M 109 0.2137151 0.0000000 0.0000000 0.0000000 0.0159816 0.0000000 0.0000000 0.0584548 0.0000000 0.0982324 0.0729831 0.0122065 0.0258905 0.0086596 0.0000000 0.0156614 0.0127768 0.0000000 0.0000000 0.4654382
110 L 110 0.1149679 0.0028187 0.0000000 0.0000000 0.0415308 0.0000000 0.0000000 0.0000000 0.0000000 0.0188064 0.3791271 0.0000000 0.3990476 0.0106560 0.0000000 0.0075719 0.0092574 0.0011153 0.0020090 0.0130918
111 T 111 0.0895636 0.2713638 0.0135730 0.0061395 0.0055340 0.0398757 0.0380608 0.0062785 0.0105939 0.0282214 0.0079886 0.1627846 0.0194850 0.0029184 0.0139621 0.0378508 0.2119585 0.0032127 0.0029159 0.0277193
112 G 112 0.1161789 0.0460272 0.1172155 0.0165953 0.0177622 0.0246313 0.1884743 0.0183850 0.0127076 0.0036270 0.0099769 0.0813206 0.0139870 0.0026003 0.0038548 0.1987613 0.1166156 0.0000000 0.0017281 0.0095510
113 L 113 0.0055433 0.0000000 0.0007813 0.0032742 0.0029457 0.0156836 0.0015464 0.0000000 0.0091093 0.0489306 0.7143033 0.0047866 0.0690548 0.0505759 0.0033361 0.0078655 0.0095441 0.0000000 0.0247783 0.0279410
114 G 114 0.0080317 0.0049576 0.0056345 0.0226852 0.0015613 0.0022561 0.0123014 0.9257923 0.0000000 0.0016137 0.0000000 0.0043316 0.0000000 0.0000000 0.0000000 0.0076089 0.0000000 0.0022988 0.0000000 0.0009269
115 E 115 0.0137545 0.0081911 0.0029689 0.0634197 0.0039198 0.1116984 0.5018535 0.0060334 0.0356091 0.0131724 0.0338109 0.0070897 0.0327718 0.0716674 0.0009847 0.0364624 0.0178622 0.0034406 0.0244213 0.0108683
116 K 116 0.0162927 0.0865895 0.2282127 0.0552131 0.0035312 0.0437595 0.0673152 0.0276678 0.0190614 0.0034133 0.0050752 0.2991338 0.0205365 0.0052306 0.0429454 0.0253898 0.0439562 0.0000000 0.0037361 0.0029398
117 L 117 0.0147035 0.0024495 0.0007771 0.0073413 0.0249989 0.0139659 0.0009448 0.0009132 0.0014311 0.0544177 0.4570750 0.0015912 0.1244431 0.0450941 0.1758839 0.0041488 0.0076508 0.0000000 0.0037202 0.0584498
118 T 118 0.0158671 0.0102448 0.0238541 0.0581631 0.0049656 0.0046024 0.0264383 0.0247946 0.0022469 0.0052438 0.0023145 0.0593186 0.0065242 0.0012777 0.0177762 0.2286359 0.5022320 0.0000000 0.0013583 0.0041418
119 D 119 0.0174070 0.0130891 0.0337307 0.3742302 0.0000000 0.0313822 0.3070209 0.0123711 0.0166685 0.0107074 0.0153583 0.0809930 0.0050629 0.0049377 0.0318750 0.0075940 0.0085385 0.0000000 0.0079850 0.0210484
120 A 120 0.1605319 0.0425689 0.0109281 0.1284289 0.0008567 0.0352824 0.3860442 0.0142106 0.0028006 0.0089120 0.0077822 0.0461938 0.0182709 0.0011136 0.0115069 0.0659841 0.0244684 0.0000000 0.0024163 0.0316995
121 E 121 0.0026974 0.0095640 0.0035155 0.0950013 0.0017670 0.0252885 0.7809391 0.0037264 0.0161707 0.0017824 0.0016097 0.0035076 0.0034360 0.0058125 0.0013299 0.0076443 0.0223847 0.0000000 0.0026562 0.0111670
122 V 122 0.0203051 0.0000000 0.0000000 0.0000000 0.0351714 0.0000000 0.0011114 0.0050523 0.0000000 0.2401011 0.3448352 0.0000000 0.0122168 0.0194844 0.0000000 0.0017753 0.0060641 0.0000000 0.0000000 0.3138830
123 D 123 0.0239886 0.0969726 0.0290750 0.2556883 0.0015049 0.1480619 0.1849678 0.0041150 0.0128820 0.0164541 0.0428494 0.1168275 0.0038662 0.0045334 0.0059834 0.0109474 0.0220100 0.0011607 0.0114228 0.0066891
124 E 124 0.0840324 0.0361949 0.0171832 0.1802345 0.0000000 0.1130285 0.4043320 0.0143288 0.0027489 0.0036996 0.0074864 0.0674537 0.0059429 0.0000000 0.0000000 0.0312615 0.0273186 0.0008417 0.0000000 0.0039125
125 L 125 0.0080939 0.0014279 0.0000000 0.0000000 0.0022800 0.0012676 0.0000000 0.0000000 0.0041637 0.1385437 0.2546033 0.0000000 0.5347761 0.0036355 0.0000000 0.0022994 0.0026956 0.0096004 0.0011659 0.0354471
126 L 126 0.0071638 0.0010194 0.0000000 0.0000000 0.0000000 0.0019393 0.0000000 0.0035352 0.0030173 0.5502911 0.1728084 0.0026445 0.1380131 0.0300712 0.0000000 0.0140924 0.0033517 0.0000000 0.0084817 0.0635709
127 K 127 0.1286103 0.2111653 0.0811616 0.1084370 0.0027532 0.0843332 0.0811146 0.0194594 0.0124273 0.0022212 0.0083907 0.1618067 0.0023177 0.0010744 0.0000000 0.0628852 0.0198430 0.0000000 0.0013019 0.0106974
128 G 128 0.0907631 0.0083551 0.0144788 0.1108786 0.0000000 0.0280366 0.5694979 0.0897937 0.0132335 0.0000000 0.0121099 0.0158232 0.0061849 0.0011821 0.0058072 0.0149733 0.0046614 0.0000000 0.0000000 0.0142207
129 V 129 0.3986027 0.0000000 0.0027066 0.0000000 0.0023454 0.0322978 0.0023061 0.0152640 0.0324621 0.0825970 0.0189925 0.0007760 0.0098078 0.0593954 0.0017253 0.0085780 0.0066364 0.0000000 0.0249333 0.3005736
130 E 130 0.0017348 0.0027768 0.0221824 0.8246777 0.0013904 0.0083972 0.0722105 0.0056982 0.0108192 0.0007173 0.0000000 0.0189299 0.0000000 0.0000000 0.0221164 0.0021189 0.0026935 0.0000000 0.0019609 0.0015760
131 V 131 0.0894681 0.0799568 0.0033357 0.0058009 0.0050445 0.0630266 0.0308038 0.0116565 0.0063279 0.0966403 0.1050223 0.1001280 0.0285992 0.0077886 0.0306003 0.0488761 0.1274966 0.0000000 0.0038114 0.1556165
132 D 132 0.0043640 0.0065481 0.1321302 0.7521888 0.0000000 0.0045925 0.0466005 0.0206605 0.0060810 0.0000000 0.0000000 0.0110890 0.0010540 0.0000000 0.0010449 0.0062683 0.0064034 0.0000000 0.0000000 0.0009745
133 S 133 0.0284266 0.0130838 0.1485799 0.0100274 0.0035996 0.0370737 0.0265585 0.5205125 0.0126151 0.0010808 0.0151359 0.0614630 0.0073528 0.0021387 0.0087844 0.0932545 0.0029874 0.0006270 0.0000000 0.0066984
134 N 134 0.0014818 0.0083367 0.1875194 0.5689528 0.0033418 0.0256077 0.0068458 0.0176040 0.0056888 0.0021592 0.0030435 0.0221772 0.0000000 0.0005915 0.0022169 0.1082040 0.0348082 0.0000000 0.0000000 0.0014207
135 G 135 0.0042493 0.0071695 0.0147748 0.0039270 0.0000000 0.0000000 0.0054555 0.9373944 0.0034382 0.0000000 0.0021074 0.0053628 0.0009438 0.0000000 0.0033407 0.0092817 0.0009464 0.0000000 0.0000000 0.0016084
136 E 136 0.0211828 0.1565142 0.0548498 0.0039972 0.0500083 0.1250773 0.1325383 0.0088378 0.0201751 0.0034536 0.0490720 0.1010961 0.0254672 0.0149920 0.0039776 0.0429480 0.1511209 0.0000000 0.0104722 0.0242196
137 I 137 0.0014786 0.0000000 0.0000000 0.0000000 0.0000000 0.0000000 0.0000000 0.0041198 0.0000000 0.6355951 0.0439892 0.0000000 0.0096655 0.0209018 0.0000000 0.0027606 0.0021548 0.0000000 0.0000000 0.2793346
138 D 138 0.0034710 0.0132600 0.3553751 0.4058773 0.0057016 0.0038291 0.0350424 0.0107031 0.0121970 0.0019345 0.0034381 0.0212629 0.0022652 0.0023308 0.0010931 0.1075264 0.0111265 0.0000000 0.0026675 0.0008983
139 Y 139 0.0077242 0.0061916 0.0000000 0.0000000 0.0071470 0.0215889 0.0571124 0.0009129 0.0013872 0.0123315 0.0201325 0.0049138 0.0082675 0.3422081 0.0065768 0.0005094 0.0013489 0.0031896 0.4904734 0.0079843
140 K 140 0.0292965 0.0101783 0.0578597 0.1636715 0.0000000 0.0595150 0.4291652 0.0435952 0.0108664 0.0173655 0.0128313 0.0270337 0.0013836 0.0012430 0.0442389 0.0461378 0.0256011 0.0000000 0.0102163 0.0098008
141 K 141 0.0242445 0.0019503 0.0104040 0.1197031 0.0011626 0.0070403 0.7848956 0.0093113 0.0000000 0.0019156 0.0015378 0.0103756 0.0016417 0.0000000 0.0000000 0.0102526 0.0108269 0.0000000 0.0000000 0.0047380
142 F 142 0.0000000 0.0000000 0.0000000 0.0000000 0.0000000 0.0000000 0.0000000 0.0000000 0.0000000 0.0000000 0.0243990 0.0000000 0.0000000 0.9633842 0.0000000 0.0016007 0.0000000 0.0025017 0.0064041 0.0017104
143 I 143 0.0449786 0.0056635 0.0044369 0.0000000 0.0373948 0.0087812 0.0066544 0.0013950 0.0011262 0.1481898 0.2248950 0.0292906 0.0283932 0.0152253 0.0000000 0.0117693 0.0316860 0.0011291 0.0166355 0.3823554
144 E 144 0.2017842 0.2006340 0.0420309 0.0165232 0.0038847 0.0638887 0.0577994 0.0076309 0.0358560 0.0084048 0.0055304 0.1554799 0.0072737 0.0014187 0.0049408 0.0585461 0.1026166 0.0029195 0.0090338 0.0138038
145 D 145 0.0765467 0.0123914 0.0024223 0.0050331 0.0000000 0.0035732 0.0007684 0.0021734 0.0288835 0.1848339 0.1324649 0.0099898 0.4280168 0.0120655 0.0015754 0.0056204 0.0153454 0.0020908 0.0030262 0.0731789
146 V 146 0.0031759 0.0000000 0.0000000 0.0000000 0.0000000 0.0000000 0.0000000 0.0000000 0.0000000 0.1188416 0.0917963 0.0011259 0.6602445 0.0049521 0.0000000 0.0014052 0.0442025 0.0000000 0.0000000 0.0742559
147 L 147 0.1309120 0.0556803 0.0045128 0.0007665 0.0034317 0.0303770 0.0025040 0.0067599 0.0062586 0.0099979 0.1303182 0.1452606 0.1619369 0.0000000 0.0000000 0.0704475 0.2159197 0.0012829 0.0000000 0.0236334
148 R 148 0.0714016 0.2237926 0.0122807 0.0033259 0.0000000 0.0879605 0.0318879 0.0130982 0.1287077 0.0000000 0.0000000 0.3075781 0.0099024 0.0000000 0.0226280 0.0562072 0.0312293 0.0000000 0.0000000 0.0000000
149 Q 149 0.0000000 0.1245991 0.0000000 0.0000000 0.0000000 0.1280750 0.0351262 0.0000000 0.0000000 0.0000000 0.0000000 0.7121997 0.0000000 0.0000000 0.0000000 0.0000000 0.0000000 0.0000000 0.0000000 0.0000000
