  149         A         R         N         D         C         Q         E         G         H         I         L         K         M         F         P         S         T         W         Y         V         X    
  1 M   1 0.0000000 0.0000000 0.0000000 0.0000000 0.0000000 0.0000000 0.0000000 0.0000000 0.0000000 0.0000000 0.0227008 0.0000000 0.0592309 0.0000000 0.0000000 0.0000000 0.0000000 0.0000000 0.0000000 0.0000000 0.9180683
  2 S   2 0.0262346 0.0000000 0.0022327 0.1257308 0.0000000 0.0023564 0.2892836 0.0021137 0.0007980 0.0107733 0.0053583 0.0000000 0.0000000 0.0000000 0.0021417 0.0283934 0.0142212 0.0000000 0.0000000 0.0012906 0.4890718
  3 A   3 0.0076940 0.0209660 0.0093651 0.0024432 0.0000000 0.3156040 0.1412214 0.0167741 0.0009598 0.0000000 0.0000000 0.0070592 0.0069724 0.0000000 0.0000000 0.0249837 0.0023578 0.0000000 0.0000000 0.0000000 0.4435993
  4 T   4 0.0055526 0.0201428 0.0018122 0.0113862 0.0010271 0.0109526 0.0757005 0.0013538 0.0000000 0.2475133 0.0474499 0.0726887 0.0243082 0.0026554 0.0012745 0.0010687 0.0124830 0.0000000 0.0011355 0.0684257 0.3930691
  5 R   5 0.1493243 0.0370944 0.0158184 0.0402564 0.0015765 0.0907112 0.1578861 0.0113926 0.0051977 0.0057616 0.0074773 0.0573495 0.0088999 0.0014272 0.0000000 0.0452810 0.0104880 0.0000000 0.0000000 0.0164704 0.3375874
  6 A   6 0.0076855 0.0024247 0.0148313 0.0684885 0.0000000 0.0214625 0.4252763 0.0719776 0.0217820 0.0024420 0.0036547 0.0096300 0.0036487 0.0000000 0.0013055 0.0081430 0.0013902 0.0000000 0.0000000 0.0124968 0.3233607
  7 N   7 0.0062914 0.0000000 0.0037537 0.0000000 0.0026231 0.0000000 0.0000000 0.0000000 0.0000000 0.1385810 0.2474206 0.0000000 0.0255517 0.1983672 0.0000000 0.0000000 0.0016388 0.0000000 0.0653831 0.0062638 0.3041257
  8 K   8 0.0088066 0.2037665 0.0045304 0.0000000 0.0026126 0.0406017 0.0110135 0.0018415 0.0074782 0.0049134 0.0105638 0.3562730 0.0040624 0.0026825 0.0000000 0.0052668 0.0024851 0.0041230 0.0232400 0.0064193 0.2993197
  9 D   9 0.0396332 0.0205820 0.0117265 0.0687315 0.0000000 0.0341565 0.4446531 0.0039086 0.0018751 0.0059359 0.0016387 0.0462475 0.0037422 0.0013095 0.0000000 0.0033970 0.0140580 0.0011701 0.0009980 0.0048929 0.2913437
 10 I  10 0.5147745 0.0007934 0.0000000 0.0019065 0.0143571 0.0022831 0.0000000 0.0064357 0.0000000 0.0152788 0.0154820 0.0015505 0.0699138 0.0014095 0.0000000 0.0078477 0.0198967 0.0000000 0.0009416 0.0524148 0.2747144
 11 F  11 0.0000000 0.0000000 0.0000000 0.0000000 0.0000000 0.0000000 0.0000000 0.0000000 0.0000000 0.0000000 0.0021837 0.0000000 0.0000000 0.7220430 0.0000000 0.0000000 0.0000000 0.0000000 0.0020495 0.0000000 0.2737239
 12 T  12 0.0530080 0.0967992 0.0470930 0.0811623 0.0138903 0.0691760 0.0602014 0.0100639 0.0063890 0.0025526 0.0192437 0.0922480 0.0162933 0.0014727 0.0000000 0.1233213 0.0287910 0.0013849 0.0010120 0.0040334 0.2718641
 13 L  13 0.0195020 0.0245489 0.0206074 0.0009871 0.0029584 0.0087750 0.0433979 0.0047627 0.0037577 0.0412548 0.3206779 0.0103049 0.0713977 0.0143909 0.0000000 0.0199630 0.0085499 0.0012600 0.0451864 0.0669989 0.2707187
 14 F  14 0.0013480 0.0000000 0.0000000 0.0000000 0.0000000 0.0000000 0.0000000 0.0000000 0.0000000 0.0549966 0.0189560 0.0000000 0.0502859 0.5656260 0.0000000 0.0015879 0.0000000 0.0000000 0.0301591 0.0065689 0.2704715
 15 D  15 0.0012462 0.0011149 0.0034359 0.7130027 0.0000000 0.0016503 0.0036304 0.0016821 0.0000000 0.0000000 0.0000000 0.0000000 0.0000000 0.0000000 0.0000000 0.0000000 0.0009905 0.0000000 0.0000000 0.0027755 0.2704715
 16 K  16 0.0296213 0.0935723 0.0108882 0.0057398 0.0000000 0.0289514 0.0128414 0.0009409 0.0047949 0.0098732 0.0139242 0.2812280 0.0182326 0.0000000 0.0082185 0.0342632 0.1586317 0.0000000 0.0000000 0.0179895 0.2702887
 17 K  17 0.0016811 0.0269916 0.1210702 0.4512572 0.0000000 0.0056779 0.0419648 0.0045834 0.0017018 0.0000000 0.0000000 0.0277224 0.0000000 0.0000000 0.0000000 0.0074709 0.0288077 0.0000000 0.0000000 0.0101535 0.2709174
 18 G  18 0.0109675 0.0441717 0.1081947 0.0025410 0.0092898 0.0278207 0.0154221 0.3885421 0.0092539 0.0016821 0.0011827 0.0754664 0.0018010 0.0000000 0.0080859 0.0224674 0.0007515 0.0000000 0.0000000 0.0019299 0.2704295
 19 Q  19 0.0010325 0.0093508 0.0948700 0.3356584 0.0000000 0.0060460 0.0140129 0.0102127 0.0026217 0.0024695 0.0000000 0.0119527 0.0000000 0.0000000 0.0000000 0.1931310 0.0474661 0.0000000 0.0000000 0.0010711 0.2701046
 20 G  20 0.0017303 0.0033904 0.0094983 0.0019701 0.0031685 0.0040845 0.0089205 0.6828527 0.0016265 0.0000000 0.0000000 0.0031158 0.0057793 0.0000000 0.0000000 0.0051291 0.0000000 0.0000000 0.0013605 0.0000000 0.2673736
 21 A  21 0.0360073 0.0478200 0.0079776 0.0080046 0.0332426 0.0204961 0.0117047 0.0000000 0.0121630 0.0060750 0.0175062 0.1230407 0.0090743 0.0796886 0.0000000 0.0603482 0.1465013 0.0000000 0.0982282 0.0109942 0.2711272
 22 I  22 0.0022984 0.0000000 0.0000000 0.0000000 0.0000000 0.0000000 0.0000000 0.0000000 0.0000000 0.6605286 0.0238378 0.0000000 0.0071797 0.0000000 0.0000000 0.0015742 0.0000000 0.0000000 0.0000000 0.0358538 0.2687275
 23 A  23 0.0213673 0.0020507 0.0310650 0.1156358 0.0034143 0.0098144 0.0248186 0.0174801 0.0097132 0.0013605 0.0098370 0.0147869 0.0000000 0.0000000 0.0126678 0.1619271 0.2944721 0.0000000 0.0011170 0.0019985 0.2664738
 24 K  24 0.1085047 0.0295504 0.0042766 0.0014538 0.0166559 0.0118768 0.0088361 0.0047794 0.0032022 0.0461477 0.0468142 0.0467244 0.0128066 0.0445101 0.0229126 0.0393569 0.1063630 0.0000000 0.0937027 0.0850522 0.2664738
 25 D  25 0.0561667 0.0379296 0.0138543 0.0955812 0.0000000 0.0300566 0.1532137 0.0295370 0.0390180 0.0021622 0.0150566 0.1575541 0.0022229 0.0000000 0.0024207 0.0713583 0.0205037 0.0011492 0.0000000 0.0057416 0.2664738
 26 S  26 0.0000000 0.0000000 0.0094271 0.0736421 0.0000000 0.0657448 0.5444699 0.0000000 0.0018223 0.0016210 0.0013933 0.0075738 0.0033821 0.0012768 0.0000000 0.0159432 0.0025460 0.0000000 0.0019607 0.0028443 0.2663525
 27 L  27 0.0012946 0.0000000 0.0000000 0.0000000 0.0287728 0.0000000 0.0000000 0.0000000 0.0000000 0.0365407 0.6090909 0.0000000 0.0119972 0.0170430 0.0000000 0.0000000 0.0012611 0.0000000 0.0025965 0.0234957 0.2679076
 28 G  28 0.0424321 0.0910133 0.0136302 0.0050814 0.0015137 0.0230765 0.0349509 0.2772614 0.0161475 0.0073532 0.0065206 0.1903040 0.0015223 0.0000000 0.0020191 0.0104001 0.0026625 0.0000000 0.0027345 0.0027319 0.2686448
 29 D  29 0.0760480 0.0243468 0.0263758 0.1039875 0.0020345 0.0524971 0.0543394 0.0103165 0.0380826 0.0310508 0.0105438 0.0187373 0.0010405 0.0046903 0.0022922 0.0315895 0.1274006 0.0013942 0.0097131 0.1080959 0.2654236
 30 Y  30 0.1783060 0.0000000 0.0000000 0.0000000 0.0232423 0.0000000 0.0000000 0.0808655 0.0000000 0.0465005 0.0696645 0.0000000 0.0233010 0.0058774 0.0000000 0.0131522 0.0110662 0.0000000 0.0037537 0.2821877 0.2620830
 31 L  31 0.0141009 0.0036920 0.0000000 0.0000000 0.0142848 0.0000000 0.0000000 0.0000000 0.0000000 0.0341099 0.2812636 0.0000000 0.3548906 0.0196836 0.0000000 0.0000000 0.0040892 0.0000000 0.0000000 0.0115997 0.2622855
 32 R  32 0.0466655 0.4259901 0.0066487 0.0029920 0.0019581 0.0163447 0.0214868 0.0077151 0.0073541 0.0058676 0.0070278 0.0899711 0.0035960 0.0021631 0.0110854 0.0155804 0.0544370 0.0017828 0.0010550 0.0079077 0.2623709
 33 A  33 0.2188187 0.0383180 0.0354382 0.0069909 0.0183020 0.0138271 0.0395282 0.0052860 0.0039501 0.0019065 0.0120441 0.0624252 0.0196975 0.0022187 0.0020191 0.2031538 0.0477602 0.0000000 0.0022705 0.0027912 0.2632539
 34 I  34 0.0000000 0.0000000 0.0017786 0.0026439 0.0081558 0.0129509 0.0019804 0.0000000 0.0051863 0.0229481 0.5489012 0.0056264 0.0407797 0.0238568 0.0000000 0.0064728 0.0038346 0.0000000 0.0137053 0.0332482 0.2679310
 35 G  35 0.0016985 0.0063355 0.0103154 0.0113066 0.0011465 0.0019033 0.0045940 0.6799428 0.0000000 0.0010611 0.0000000 0.0038039 0.0013676 0.0000000 0.0000000 0.0035379 0.0000000 0.0014734 0.0000000 0.0007653 0.2707483
 36 Y  36 0.0263701 0.0121690 0.0009313 0.0165132 0.0044244 0.2044283 0.0903095 0.0133309 0.0228646 0.0183907 0.0517912 0.0243550 0.0181910 0.0973735 0.0058741 0.0543693 0.0256778 0.0033432 0.0381786 0.0041037 0.2670106
 37 N  37 0.0115762 0.0385787 0.2709077 0.0529311 0.0045360 0.0308600 0.0898935 0.0125537 0.0156728 0.0037950 0.0047044 0.0842816 0.0234209 0.0104541 0.0167864 0.0291057 0.0231408 0.0000000 0.0054302 0.0027294 0.2686417
 38 P  38 0.0318862 0.0011512 0.0000000 0.0027967 0.0064030 0.0049638 0.0007110 0.0028014 0.0009256 0.0237112 0.1663353 0.0025965 0.0299638 0.0221504 0.3590305 0.0058540 0.0063804 0.0000000 0.0030384 0.0490924 0.2802083
 39 T  39 0.0133517 0.0185033 0.0152776 0.0294017 0.0000000 0.0039384 0.0054383 0.0134075 0.0026467 0.0018838 0.0078092 0.0794990 0.0071693 0.0000000 0.0266184 0.1274461 0.3748329 0.0000000 0.0010690 0.0067093 0.2649979
 40 N  40 0.0158038 0.0185718 0.0544930 0.1380391 0.0010900 0.0393578 0.2823429 0.0174078 0.0054938 0.0077056 0.0108121 0.0997414 0.0033486 0.0027949 0.0227169 0.0034654 0.0069080 0.0000000 0.0023019 0.0128654 0.2547398
 41 Q  41 0.2061391 0.0300565 0.0136584 0.0511028 0.0011019 0.0344626 0.1764554 0.0197769 0.0043570 0.0069115 0.0068876 0.0268160 0.0245120 0.0013315 0.0139408 0.0797644 0.0275980 0.0000000 0.0029943 0.0137968 0.2583363
 42 L  42 0.0005985 0.0060777 0.0015434 0.0717709 0.0039561 0.0377834 0.5556783 0.0027638 0.0105348 0.0017951 0.0037537 0.0075642 0.0045880 0.0016919 0.0000000 0.0055813 0.0159187 0.0015551 0.0054277 0.0059662 0.2554510
 43 V  43 0.0057602 0.0000000 0.0000000 0.0000000 0.0100022 0.0026616 0.0026683 0.0009671 0.0000000 0.2083520 0.2608324 0.0028014 0.0113005 0.0066842 0.0000000 0.0014004 0.0089361 0.0000000 0.0000000 0.2217244 0.2559092
 44 Q  44 0.0258987 0.0824031 0.0223949 0.0840329 0.0008671 0.1263614 0.0632700 0.0046415 0.0153405 0.0271969 0.0819999 0.1407314 0.0114709 0.0023459 0.0025965 0.0079542 0.0109832 0.0000000 0.0146794 0.0096875 0.2651440
 45 D  45 0.0613155 0.0444350 0.0258629 0.1515985 0.0000000 0.0746078 0.2008311 0.0116795 0.0030856 0.0015665 0.0023644 0.1152816 0.0000000 0.0021119 0.0000000 0.0287080 0.0168223 0.0009880 0.0000000 0.0012076 0.2575338
 46 I  46 0.0026479 0.0000000 0.0028014 0.0065659 0.0096632 0.0000000 0.0116270 0.0000000 0.0157951 0.1241322 0.1947226 0.0000000 0.2894868 0.0083534 0.0000000 0.0016210 0.0018931 0.0022922 0.0040289 0.0588833 0.2654859
 47 I  47 0.0093030 0.0026616 0.0000000 0.0000000 0.0059534 0.0014276 0.0012770 0.0021119 0.0000000 0.3085061 0.1396026 0.0043551 0.1401845 0.0043401 0.0017855 0.0105305 0.0087687 0.0000000 0.0019786 0.0697916 0.2874222
 48 N  48 0.0192182 0.0911214 0.1170199 0.0514286 0.0000000 0.0380646 0.0415158 0.0244314 0.0258816 0.0131413 0.0050039 0.0904404 0.0124117 0.0017872 0.0000000 0.0331584 0.0049917 0.0031788 0.0020803 0.0047347 0.4203900
 49 A  49 0.1640099 0.0104843 0.0217195 0.0116334 0.0035515 0.0823783 0.0627327 0.0185776 0.0036713 0.0000000 0.0042273 0.0229050 0.0030143 0.0011965 0.0228733 0.0488950 0.0201831 0.0000000 0.0015020 0.0103290 0.4861160
 50 D  50 0.1163614 0.0141818 0.0062526 0.0995632 0.0008349 0.0083722 0.3103460 0.0039962 0.0291680 0.0137488 0.0086290 0.0219413 0.0022783 0.0081587 0.0179526 0.0060786 0.0051087 0.0041627 0.0021768 0.0262904 0.2943980
 51 S  51 0.0824218 0.0065338 0.0021350 0.0117998 0.0014499 0.0013383 0.0074750 0.0143761 0.0021699 0.0912430 0.0266322 0.0214530 0.0171004 0.0129466 0.0259595 0.0328091 0.0093888 0.0010483 0.0277864 0.2354852 0.3684480
 52 S  52 0.0075743 0.0061381 0.0190221 0.5814249 0.0009547 0.0031212 0.0221015 0.0076714 0.0010801 0.0033801 0.0000000 0.0181188 0.0000000 0.0000000 0.0201753 0.0108660 0.0055413 0.0000000 0.0009638 0.0038414 0.2880250
 53 L  53 0.0987099 0.0316949 0.0048688 0.0242865 0.0032632 0.0320309 0.0588877 0.0114969 0.0011562 0.0480849 0.0503479 0.0822749 0.0203272 0.0042162 0.0343466 0.0372651 0.0746453 0.0000000 0.0021878 0.0972597 0.2826492
 54 R  54 0.0055701 0.0151004 0.0997063 0.4542521 0.0000000 0.0071945 0.0736713 0.0067488 0.0041466 0.0040168 0.0043627 0.0104059 0.0146339 0.0000000 0.0018415 0.0052061 0.0078462 0.0000000 0.0000000 0.0022278 0.2830692
 55 D  55 0.0111277 0.0138110 0.1215310 0.0123726 0.0043804 0.0086405 0.0175118 0.3801611 0.0098818 0.0013055 0.0212113 0.0458003 0.0199115 0.0000000 0.0078807 0.0250531 0.0017576 0.0007225 0.0000000 0.0012089 0.2957306
 56 A  56 0.0109872 0.0169010 0.1655140 0.2287683 0.0000000 0.0037616 0.0071246 0.0371482 0.0027363 0.0037098 0.0052455 0.0209157 0.0000000 0.0007177 0.0022172 0.1459306 0.0500782 0.0000000 0.0000000 0.0109793 0.2872648
 57 S  57 0.0088028 0.0125140 0.0155282 0.0068089 0.0000000 0.0036270 0.0081764 0.5967712 0.0060488 0.0000000 0.0000000 0.0454466 0.0011965 0.0012364 0.0050842 0.0138284 0.0062201 0.0000000 0.0000000 0.0031337 0.2655767
 58 S  58 0.0249379 0.1032167 0.0168499 0.0052490 0.0146500 0.0483065 0.0446629 0.0040600 0.0125786 0.0036809 0.0424052 0.0695178 0.0193695 0.0248001 0.0239777 0.0591394 0.1862349 0.0021699 0.0128585 0.0246633 0.2566712
 59 L  59 0.0032212 0.0000000 0.0000000 0.0028014 0.0000000 0.0000000 0.0000000 0.0000000 0.0000000 0.4739428 0.0756987 0.0000000 0.0149201 0.0226157 0.0016415 0.0000000 0.0027695 0.0000000 0.0000000 0.1527489 0.2496401
 60 T  60 0.0083675 0.0053890 0.1162224 0.4160766 0.0013974 0.0042560 0.0661073 0.0093844 0.0061194 0.0000000 0.0025408 0.0037699 0.0000000 0.0000000 0.0021563 0.0797593 0.0247069 0.0000000 0.0032965 0.0010928 0.2493575
 61 L  61 0.0039710 0.0031225 0.0000000 0.0000000 0.0067986 0.0018313 0.0063613 0.0016297 0.0014165 0.0081276 0.0498827 0.0035448 0.0061453 0.4415220 0.0007245 0.0004911 0.0013676 0.0036122 0.2101504 0.0092981 0.2400028
 62 D  62 0.0258766 0.0079107 0.0442552 0.1314377 0.0000000 0.0313620 0.2460922 0.0488184 0.0035449 0.0160161 0.0075941 0.0333942 0.0000000 0.0014585 0.0731150 0.0446012 0.0342066 0.0000000 0.0023107 0.0083236 0.2396822
 63 Q  63 0.0057913 0.0082506 0.0053419 0.0897595 0.0010374 0.0506578 0.5000261 0.0145980 0.0081233 0.0000000 0.0017280 0.0042046 0.0103080 0.0007967 0.0016415 0.0126932 0.0373707 0.0000000 0.0013094 0.0180494 0.2283125
 64 I  64 0.0000000 0.0000000 0.0000000 0.0021119 0.0000000 0.0000000 0.0000000 0.0000000 0.0000000 0.0037537 0.0098333 0.0000000 0.0000000 0.7366368 0.0000000 0.0033706 0.0017153 0.0014095 0.0072169 0.0020484 0.2319035
 65 T  65 0.0302905 0.0215701 0.0079664 0.0000000 0.0259779 0.0094143 0.0113606 0.0093226 0.0000000 0.0899194 0.2974951 0.0097389 0.0164862 0.0130374 0.0000000 0.0202231 0.0243863 0.0015879 0.0076556 0.1730630 0.2305046
 66 G  66 0.2053081 0.0468093 0.0306500 0.0276934 0.0069983 0.0361753 0.0634996 0.0142613 0.0138835 0.0073591 0.0098994 0.0574941 0.0105351 0.0017136 0.0698425 0.0385690 0.1081375 0.0000000 0.0097639 0.0179824 0.2234246
 67 L  67 0.0270101 0.0000000 0.0000000 0.0000000 0.0041925 0.0000000 0.0023016 0.0000000 0.0000000 0.1233926 0.1782905 0.0009278 0.2871113 0.0090288 0.0053086 0.0039226 0.0280462 0.0034783 0.0017626 0.0647372 0.2604893
 68 I  68 0.0233960 0.0000000 0.0379909 0.0010558 0.0063470 0.0011439 0.0009897 0.0010989 0.0024288 0.0348279 0.0887912 0.0008203 0.4616844 0.0204300 0.0000000 0.0006675 0.0069316 0.0011795 0.0247698 0.0364391 0.2490076
 69 E  69 0.1219343 0.0369182 0.0259797 0.0037996 0.0066180 0.0790490 0.0208358 0.0689083 0.0381030 0.0078077 0.0136878 0.0661803 0.0166296 0.0016505 0.0017213 0.0877926 0.1097461 0.0014720 0.0013267 0.0183614 0.2714782
 70 V  70 0.0693827 0.1675956 0.0198928 0.0153160 0.0011078 0.0334538 0.0496016 0.0112657 0.0317062 0.0129249 0.0370993 0.1135210 0.0266323 0.0069705 0.0404744 0.0410266 0.0450745 0.0006698 0.0040640 0.0164471 0.2557734
 71 N  71 0.0129478 0.0461658 0.0389191 0.0044691 0.0031021 0.0487243 0.0065734 0.0362560 0.0326651 0.0558555 0.0143962 0.3120708 0.0177598 0.0127637 0.0137354 0.0093770 0.0083498 0.0061973 0.0141216 0.0298574 0.2756927
 72 E  72 0.0307139 0.0438985 0.0226191 0.0109574 0.0014734 0.0154338 0.0107844 0.0216627 0.0049002 0.0649139 0.1085508 0.0618469 0.1768964 0.0114847 0.0035254 0.0468850 0.0278730 0.0000000 0.0092512 0.0215711 0.3047581
 73 K  73 0.1072303 0.0634689 0.0404204 0.0169278 0.0008470 0.0402254 0.0080960 0.0625684 0.0061270 0.0071510 0.0781239 0.1867361 0.0101322 0.0047242 0.0131161 0.0449825 0.0092073 0.0000000 0.0017541 0.0259210 0.2722405
 74 E  74 0.0735480 0.0157702 0.0526890 0.1013384 0.0026898 0.0384432 0.1824497 0.0494951 0.0048066 0.0062701 0.0220657 0.0333174 0.0123791 0.0137285 0.0187222 0.0273523 0.0490040 0.0047935 0.0029036 0.0049328 0.2833009
 75 L  75 0.0285256 0.1690200 0.0164261 0.0174502 0.0047112 0.0087770 0.0659865 0.0210312 0.0044860 0.0185217 0.0696612 0.1241447 0.0176310 0.0049729 0.0052430 0.0174978 0.0824968 0.0012666 0.0054173 0.0178410 0.2988923
 76 D  76 0.0084105 0.0318781 0.0373119 0.3419792 0.0000000 0.0111584 0.0362213 0.0231776 0.0507070 0.0068367 0.0052430 0.0354235 0.0034997 0.0017643 0.0151444 0.0230098 0.0402698 0.0014776 0.0022786 0.0262198 0.2979889
 77 A  77 0.0722216 0.0132879 0.0059286 0.0179588 0.0018004 0.0346326 0.0634336 0.0230024 0.0059786 0.0346526 0.0383592 0.0139363 0.0106914 0.0072424 0.0989639 0.1004517 0.0466104 0.0020953 0.0045870 0.0369132 0.3672522
 78 T  78 0.0370210 0.0175670 0.0515222 0.0434253 0.0008109 0.0129004 0.0178293 0.0212260 0.0143806 0.0353025 0.1196471 0.0711954 0.0089788 0.0069306 0.0069788 0.0273033 0.0249246 0.0000000 0.0005605 0.0087839 0.4727118
 79 T  79 0.0522194 0.0230537 0.0154725 0.0169164 0.0000000 0.0060191 0.0425099 0.0179623 0.0023244 0.0064004 0.0050278 0.0638275 0.0266879 0.0040620 0.0289029 0.0590712 0.1238356 0.0008215 0.0035974 0.0114585 0.4898297
 80 K  80 0.0460177 0.0225420 0.0150804 0.0481561 0.0000000 0.0504082 0.1463085 0.0249782 0.0056400 0.0279212 0.0404174 0.0237233 0.0124556 0.0009411 0.0331533 0.0159609 0.0128561 0.0022766 0.0005775 0.0149568 0.4556290
 81 A  81 0.0313434 0.0056065 0.0380398 0.0555596 0.0035067 0.0248852 0.1494171 0.1015185 0.0015546 0.0036058 0.0290274 0.0165628 0.0029023 0.0037840 0.0124136 0.0215032 0.0128818 0.0000000 0.0138022 0.0115336 0.4605518
 82 K  82 0.0082973 0.0498392 0.0263514 0.0200988 0.0032979 0.1309947 0.0538680 0.0115276 0.0062251 0.0074200 0.0348032 0.0357799 0.0088689 0.0056113 0.0061101 0.0819045 0.0522966 0.0000000 0.0006532 0.0341689 0.4218832
 83 T  83 0.0177898 0.0537254 0.0045288 0.0252011 0.0000000 0.0385680 0.2756309 0.0014710 0.0030938 0.0646601 0.0221665 0.0499756 0.0142266 0.0136112 0.0128664 0.0244106 0.0131704 0.0000000 0.0229983 0.0283232 0.3135823
 84 E  84 0.0685197 0.0240781 0.0072746 0.1204976 0.0000000 0.0757043 0.4106057 0.0025234 0.0025570 0.0000000 0.0055180 0.0509057 0.0010982 0.0015370 0.0000000 0.0249232 0.0038871 0.0000000 0.0000000 0.0083541 0.1920162
 85 D  85 0.0018395 0.0057089 0.0264250 0.1465266 0.0000000 0.0224345 0.5134868 0.0034200 0.0604570 0.0023802 0.0036589 0.0051816 0.0067035 0.0009071 0.0000000 0.0061553 0.0035176 0.0000000 0.0007118 0.0164358 0.1740498
 86 F  86 0.0009304 0.0010228 0.0000000 0.0000000 0.0000000 0.0000000 0.0000000 0.0000000 0.0000000 0.2341754 0.3645655 0.0000000 0.0350772 0.1567124 0.0000000 0.0016331 0.0036809 0.0000000 0.0438398 0.0160878 0.1422747
 87 V  87 0.0192134 0.2547047 0.0036574 0.0000000 0.0052779 0.0324704 0.0028045 0.0014203 0.0105628 0.0355882 0.0836901 0.2362131 0.0230859 0.0239932 0.0000000 0.0157289 0.0059735 0.0041759 0.0304377 0.0693076 0.1416945
 88 K  88 0.0716612 0.0517104 0.0218986 0.0932068 0.0000000 0.0264315 0.4017236 0.0041775 0.0021299 0.0083613 0.0108673 0.1221132 0.0029874 0.0008701 0.0000000 0.0076398 0.0195545 0.0008814 0.0000000 0.0054403 0.1483453
 89 A  89 0.6400349 0.0017158 0.0000000 0.0022831 0.0077922 0.0000000 0.0014727 0.0789457 0.0000000 0.0103932 0.0133413 0.0000000 0.0465216 0.0018854 0.0000000 0.0074703 0.0091006 0.0000000 0.0007933 0.0321520 0.1460978
 90 F  90 0.0000000 0.0000000 0.0000000 0.0000000 0.0000000 0.0000000 0.0000000 0.0000000 0.0000000 0.0053116 0.0654467 0.0000000 0.0073576 0.7679746 0.0016119 0.0000000 0.0000000 0.0028688 0.0021768 0.0000000 0.1472520
 91 Q  91 0.0427254 0.2650533 0.0290340 0.0594965 0.0070310 0.0822617 0.0485548 0.0110719 0.0094207 0.0011885 0.0113677 0.1584776 0.0118375 0.0008439 0.0020191 0.0966856 0.0102313 0.0006295 0.0011975 0.0037094 0.1471631
 92 V  92 0.0270203 0.0042614 0.0158590 0.0026616 0.0111743 0.0047986 0.0438621 0.0032433 0.0253138 0.0490082 0.2466310 0.0046627 0.0669673 0.0213947 0.0000000 0.0149023 0.0094552 0.0013267 0.0593319 0.2380638 0.1500620
 93 F  93 0.0017058 0.0000000 0.0000000 0.0000000 0.0000000 0.0000000 0.0000000 0.0000000 0.0000000 0.0388719 0.0268498 0.0015370 0.0312372 0.7025558 0.0000000 0.0045248 0.0066280 0.0000000 0.0296816 0.0051918 0.1512162
 94 D  94 0.0013361 0.0020304 0.0008700 0.8332308 0.0000000 0.0012334 0.0024222 0.0019309 0.0000000 0.0000000 0.0000000 0.0000000 0.0000000 0.0000000 0.0000000 0.0016861 0.0016985 0.0000000 0.0000000 0.0015895 0.1519722
 95 K  95 0.0253161 0.0724322 0.0040087 0.0665178 0.0000000 0.0279198 0.0358121 0.0008307 0.0074151 0.0112644 0.0169095 0.4189261 0.0087059 0.0000000 0.0095805 0.0140488 0.1108377 0.0000000 0.0012190 0.0142413 0.1540144
 96 E  96 0.0048108 0.0044095 0.1090802 0.5660616 0.0000000 0.0074370 0.1131026 0.0078469 0.0093436 0.0000000 0.0019009 0.0078328 0.0000000 0.0020304 0.0016861 0.0046520 0.0023895 0.0000000 0.0000000 0.0031386 0.1542773
 97 S  97 0.0255022 0.0319779 0.1304719 0.0158920 0.0070402 0.0394549 0.0243180 0.4426370 0.0095775 0.0019309 0.0010124 0.0788088 0.0041284 0.0000000 0.0020304 0.0304817 0.0008765 0.0000000 0.0000000 0.0000000 0.1538595
 98 T  98 0.0021496 0.0116603 0.2147589 0.2365783 0.0000000 0.0037410 0.0051549 0.0050889 0.0044914 0.0006800 0.0013849 0.0275088 0.0000000 0.0000000 0.0000000 0.2072421 0.1249353 0.0000000 0.0000000 0.0008728 0.1537528
 99 G  99 0.0006875 0.0024635 0.0038797 0.0019285 0.0000000 0.0014613 0.0012203 0.8248925 0.0010699 0.0000000 0.0000000 0.0014924 0.0000000 0.0000000 0.0020304 0.0032089 0.0000000 0.0008114 0.0014474 0.0000000 0.1534062
100 K 100 0.0233556 0.0284117 0.0066843 0.0032437 0.0198440 0.0182457 0.0174238 0.0042507 0.0186617 0.0088359 0.0288803 0.1199831 0.0051035 0.1377449 0.0000000 0.0486955 0.1524273 0.0019009 0.1901724 0.0119728 0.1541623
101 V 101 0.0030958 0.0000000 0.0000000 0.0000000 0.0000000 0.0000000 0.0000000 0.0000000 0.0017303 0.7399743 0.0187916 0.0000000 0.0088134 0.0024008 0.0000000 0.0000000 0.0000000 0.0000000 0.0000000 0.0701450 0.1550488
102 S 102 0.0119596 0.0016226 0.0348655 0.0825297 0.0031116 0.0110028 0.0182622 0.0209912 0.0076065 0.0014474 0.0047506 0.0120057 0.0380240 0.0000000 0.0098830 0.3019409 0.2818519 0.0000000 0.0000000 0.0032846 0.1548601
103 V 103 0.1879938 0.0317060 0.0033133 0.0027951 0.0110431 0.0049453 0.0115646 0.0396850 0.0053017 0.0387039 0.0729856 0.0259526 0.0154755 0.0681034 0.0304811 0.0492679 0.0828713 0.0039086 0.0491159 0.1099262 0.1548601
104 G 104 0.1593497 0.0517695 0.0276632 0.1214899 0.0000000 0.0307252 0.1334609 0.0374549 0.0263118 0.0030091 0.0042514 0.1381165 0.0027643 0.0000000 0.0024597 0.0776254 0.0196532 0.0009132 0.0007734 0.0073485 0.1548601
105 D 105 0.0024008 0.0021626 0.0763306 0.0805426 0.0000000 0.0128838 0.6261933 0.0000000 0.0025449 0.0019110 0.0000000 0.0072550 0.0027436 0.0010604 0.0000000 0.0106347 0.0060436 0.0000000 0.0093879 0.0030452 0.1548601
106 L 106 0.0000000 0.0032212 0.0000000 0.0000000 0.0021989 0.0000000 0.0000000 0.0000000 0.0000000 0.0467817 0.7513237 0.0000000 0.0158179 0.0158297 0.0000000 0.0000000 0.0000000 0.0000000 0.0000000 0.0099668 0.1548601
107 R 107 0.0342675 0.2971181 0.0080253 0.0033552 0.0070398 0.0501975 0.0429713 0.1172895 0.0139990 0.0052494 0.0058789 0.2339465 0.0010271 0.0000000 0.0014594 0.0121502 0.0051618 0.0000000 0.0030157 0.0028071 0.1550407
108 Y 108 0.0625253 0.1047250 0.0272129 0.0318998 0.0038725 0.0802603 0.0641278 0.0040186 0.1621024 0.0179651 0.0123518 0.0211155 0.0078100 0.0092348 0.0000000 0.0431934 0.0890628 0.0040076 0.0286038 0.0697900 0.1561206
109 M 109 0.1824706 0.0000000 0.0000000 0.0000000 0.0146593 0.0000000 0.0000000 0.0542964 0.0000000 0.0806464 0.0611051 0.0098561 0.0212380 0.0071057 0.0000000 0.0130939 0.0103539 0.0000000 0.0000000 0.3912343 0.1539403
110 L 110 0.0937294 0.0022831 0.0000000 0.0000000 0.0340166 0.0000000 0.0000000 0.0000000 0.0000000 0.0170600 0.3176754 0.0000000 0.3450241 0.0090504 0.0000000 0.0061092 0.0073090 0.0009049 0.0016297 0.0109689 0.1542394
111 T 111 0.0751380 0.2419692 0.0113195 0.0051357 0.0045490 0.0334941 0.0314592 0.0052853 0.0087979 0.0231520 0.0067438 0.1352907 0.0158884 0.0024007 0.0118361 0.0312853 0.1727773 0.0025965 0.0023595 0.0227214 0.1558004
112 G 112 0.1022563 0.0408183 0.0961430 0.0134853 0.0147573 0.0203316 0.1536615 0.0148954 0.0104428 0.0029354 0.0082757 0.0689638 0.0120769 0.0021877 0.0031523 0.1716589 0.0971378 0.0000000 0.0014984 0.0078925 0.1574291
113 L 113 0.0044958 0.0000000 0.0006379 0.0026600 0.0024381 0.0134536 0.0012257 0.0000000 0.0076100 0.0400780 0.5992905 0.0041119 0.0572526 0.0414813 0.0026500 0.0062778 0.0077724 0.0000000 0.0211322 0.0246078 0.1628243
114 G 114 0.0065170 0.0041247 0.0047047 0.0190572 0.0012484 0.0018189 0.0098261 0.7726093 0.0000000 0.0013270 0.0000000 0.0034919 0.0000000 0.0000000 0.0000000 0.0060095 0.0000000 0.0018473 0.0000000 0.0007774 0.1666407
115 E 115 0.0122486 0.0066243 0.0023352 0.0498109 0.0030967 0.0969364 0.3919834 0.0049533 0.0280189 0.0108108 0.0278850 0.0060651 0.0260862 0.0628937 0.0008499 0.0325595 0.0154046 0.0027176 0.0212701 0.0084874 0.1889626
116 K 116 0.0129232 0.0688009 0.1883818 0.0449224 0.0028324 0.0341472 0.0581773 0.0219416 0.0151634 0.0027418 0.0040771 0.2352732 0.0178807 0.0045726 0.0334165 0.0206950 0.0356173 0.0000000 0.0030658 0.0024053 0.1929644
117 L 117 0.0126851 0.0019490 0.0006610 0.0058070 0.0197137 0.0110967 0.0007534 0.0007284 0.0011355 0.0438012 0.3679051 0.0012829 0.0993377 0.0359781 0.1565343 0.0034156 0.0062018 0.0000000 0.0029607 0.0466068 0.1814462
118 T 118 0.0131102 0.0094793 0.0199122 0.0476801 0.0040271 0.0039608 0.0212431 0.0198034 0.0018507 0.0042637 0.0019523 0.0541959 0.0058795 0.0010799 0.0152148 0.1897423 0.4204000 0.0000000 0.0011135 0.0034831 0.1616079
119 D 119 0.0143968 0.0111712 0.0277870 0.3060020 0.0000000 0.0262273 0.2659254 0.0102577 0.0131228 0.0088581 0.0126798 0.0720599 0.0041793 0.0040731 0.0262364 0.0062039 0.0070520 0.0000000 0.0065253 0.0175355 0.1597065
120 A 120 0.1392676 0.0346309 0.0093431 0.1042901 0.0007765 0.0300722 0.3191835 0.0119442 0.0025364 0.0075581 0.0064487 0.0383002 0.0167667 0.0009510 0.0097929 0.0575487 0.0217058 0.0000000 0.0021323 0.0258796 0.1608716
121 E 121 0.0022448 0.0080489 0.0028821 0.0782061 0.0014516 0.0219641 0.6602701 0.0031388 0.0129621 0.0015245 0.0013325 0.0029554 0.0029318 0.0048269 0.0010964 0.0063162 0.0187363 0.0000000 0.0022077 0.0092035 0.1577000
122 V 122 0.0165941 0.0000000 0.0000000 0.0000000 0.0287757 0.0000000 0.0009229 0.0039871 0.0000000 0.2056353 0.2946857 0.0000000 0.0104463 0.0159489 0.0000000 0.0014367 0.0050114 0.0000000 0.0000000 0.2616383 0.1549175
123 D 123 0.0202758 0.0828375 0.0243765 0.2085412 0.0012249 0.1280003 0.1505284 0.0035198 0.0110127 0.0152163 0.0372997 0.1017338 0.0032901 0.0036996 0.0048199 0.0091870 0.0183722 0.0009493 0.0105198 0.0055721 0.1590230
124 E 124 0.0700426 0.0306658 0.0144964 0.1574334 0.0000000 0.0966460 0.3341978 0.0120245 0.0022868 0.0032241 0.0062722 0.0594968 0.0050362 0.0000000 0.0000000 0.0262337 0.0228070 0.0007219 0.0000000 0.0032711 0.1551437
125 L 125 0.0067405 0.0011573 0.0000000 0.0000000 0.0018967 0.0010799 0.0000000 0.0000000 0.0035918 0.1165913 0.2177504 0.0000000 0.4502307 0.0030574 0.0000000 0.0019110 0.0022866 0.0078408 0.0009841 0.0297377 0.1551437
126 L 126 0.0060444 0.0008648 0.0000000 0.0000000 0.0000000 0.0016226 0.0000000 0.0031155 0.0024435 0.4629039 0.1426278 0.0022182 0.1203546 0.0244817 0.0000000 0.0129108 0.0029117 0.0000000 0.0069664 0.0545345 0.1559998
127 K 127 0.1084237 0.1736426 0.0733425 0.0899458 0.0023259 0.0717021 0.0704958 0.0161469 0.0107386 0.0018300 0.0069665 0.1337561 0.0019287 0.0008815 0.0000000 0.0535765 0.0167151 0.0000000 0.0011456 0.0089760 0.1574602
128 G 128 0.0803545 0.0070758 0.0121266 0.0942029 0.0000000 0.0244095 0.4770148 0.0727823 0.0112437 0.0000000 0.0100050 0.0133151 0.0050193 0.0009618 0.0048494 0.0128310 0.0040268 0.0000000 0.0000000 0.0117264 0.1580551
129 V 129 0.3315102 0.0000000 0.0023195 0.0000000 0.0019508 0.0262437 0.0019110 0.0123482 0.0266856 0.0733996 0.0162859 0.0006770 0.0082497 0.0486369 0.0014175 0.0069790 0.0054624 0.0000000 0.0218777 0.2561013 0.1579440
130 E 130 0.0014895 0.0024546 0.0186149 0.6947628 0.0012639 0.0067706 0.0586815 0.0046438 0.0087692 0.0006284 0.0000000 0.0160566 0.0000000 0.0000000 0.0181668 0.0017998 0.0022254 0.0000000 0.0016328 0.0013704 0.1606688
131 V 131 0.0738916 0.0618638 0.0026141 0.0045473 0.0039746 0.0480931 0.0243658 0.0091763 0.0048492 0.0753578 0.0797425 0.0806474 0.0230848 0.0061370 0.0238187 0.0382893 0.0988277 0.0000000 0.0028837 0.1235083 0.2143268
132 D 132 0.0036277 0.0057333 0.1076500 0.6199824 0.0000000 0.0038408 0.0394390 0.0165299 0.0048660 0.0000000 0.0000000 0.0088622 0.0008367 0.0000000 0.0008751 0.0053652 0.0054491 0.0000000 0.0000000 0.0008059 0.1761368
133 S 133 0.0233133 0.0108929 0.1246759 0.0085027 0.0030001 0.0302468 0.0219021 0.4397886 0.0104678 0.0008755 0.0131924 0.0508249 0.0064356 0.0017407 0.0070709 0.0758737 0.0024784 0.0005525 0.0000000 0.0053466 0.1628186
134 N 134 0.0013124 0.0072911 0.1625962 0.4620126 0.0026500 0.0203313 0.0057204 0.0158498 0.0046936 0.0018554 0.0026612 0.0185429 0.0000000 0.0005230 0.0019117 0.0961659 0.0300453 0.0000000 0.0000000 0.0012307 0.1646064
135 G 135 0.0035048 0.0060640 0.0122692 0.0033809 0.0000000 0.0000000 0.0044907 0.7836358 0.0031636 0.0000000 0.0016953 0.0045518 0.0007976 0.0000000 0.0026500 0.0077116 0.0007973 0.0000000 0.0000000 0.0013270 0.1639606
136 E 136 0.0185650 0.1287034 0.0450067 0.0033056 0.0407846 0.1026379 0.1088750 0.0068830 0.0169145 0.0031210 0.0411333 0.0850314 0.0205505 0.0126899 0.0033898 0.0375701 0.1366634 0.0000000 0.0087766 0.0203615 0.1590367
137 I 137 0.0012247 0.0000000 0.0000000 0.0000000 0.0000000 0.0000000 0.0000000 0.0032212 0.0000000 0.5398322 0.0371655 0.0000000 0.0085567 0.0173282 0.0000000 0.0022234 0.0017695 0.0000000 0.0000000 0.2313616 0.1573170
138 D 138 0.0031654 0.0108683 0.2898660 0.3501605 0.0046804 0.0034380 0.0319417 0.0091500 0.0099896 0.0015306 0.0027667 0.0170851 0.0018276 0.0019009 0.0009204 0.0898902 0.0098133 0.0000000 0.0023707 0.0007744 0.1578602
139 Y 139 0.0062826 0.0049905 0.0000000 0.0000000 0.0060189 0.0175903 0.0461897 0.0007827 0.0011378 0.0101012 0.0170195 0.0040074 0.0068521 0.2973331 0.0053446 0.0004565 0.0011341 0.0028318 0.4060166 0.0065031 0.1594074
140 K 140 0.0250385 0.0083954 0.0491431 0.1369064 0.0000000 0.0496625 0.3529896 0.0386600 0.0088934 0.0152053 0.0108136 0.0224866 0.0011361 0.0010493 0.0412350 0.0394153 0.0214809 0.0000000 0.0084376 0.0084523 0.1605991
141 K 141 0.0194179 0.0016405 0.0083207 0.1009096 0.0009601 0.0060764 0.6483536 0.0076449 0.0000000 0.0015120 0.0013092 0.0083106 0.0013485 0.0000000 0.0000000 0.0083732 0.0090536 0.0000000 0.0000000 0.0038529 0.1729160
142 F 142 0.0000000 0.0000000 0.0000000 0.0000000 0.0000000 0.0000000 0.0000000 0.0000000 0.0000000 0.0000000 0.0193902 0.0000000 0.0000000 0.7940886 0.0000000 0.0012161 0.0000000 0.0018854 0.0051878 0.0012699 0.1769619
143 I 143 0.0358291 0.0044484 0.0037826 0.0000000 0.0306230 0.0068942 0.0056545 0.0011341 0.0008847 0.1210942 0.1904301 0.0231835 0.0228283 0.0125269 0.0000000 0.0095024 0.0250381 0.0009214 0.0133646 0.3045968 0.1872630
144 E 144 0.1616506 0.1545839 0.0342808 0.0139498 0.0031611 0.0509240 0.0476039 0.0064074 0.0285261 0.0067869 0.0045071 0.1196269 0.0059101 0.0011414 0.0038997 0.0471406 0.0861657 0.0022573 0.0072796 0.0115905 0.2026064
145 D 145 0.0639227 0.0094713 0.0018473 0.0037537 0.0000000 0.0027215 0.0006265 0.0016388 0.0219937 0.1431490 0.1090046 0.0076519 0.3357198 0.0092177 0.0012247 0.0043666 0.0116195 0.0016739 0.0023137 0.0577781 0.2103049
146 V 146 0.0024648 0.0000000 0.0000000 0.0000000 0.0000000 0.0000000 0.0000000 0.0000000 0.0000000 0.0876391 0.0683747 0.0008383 0.5066677 0.0036257 0.0000000 0.0010407 0.0369106 0.0000000 0.0000000 0.0549834 0.2374549
147 L 147 0.0901088 0.0356132 0.0030283 0.0005252 0.0022067 0.0195348 0.0016226 0.0046408 0.0041532 0.0064832 0.0843622 0.0924089 0.1046221 0.0000000 0.0000000 0.0465387 0.1414396 0.0008561 0.0000000 0.0157151 0.3461406
148 R 148 0.0332566 0.1073835 0.0060030 0.0016848 0.0000000 0.0410135 0.0148100 0.0060065 0.0625323 0.0000000 0.0000000 0.1405407 0.0047574 0.0000000 0.0107329 0.0255370 0.0143924 0.0000000 0.0000000 0.0000000 0.5313496
149 Q 149 0.0000000 0.0314545 0.0000000 0.0000000 0.0000000 0.0316977 0.0081032 0.0000000 0.0000000 0.0000000 0.0000000 0.1822206 0.0000000 0.0000000 0.0000000 0.0000000 0.0000000 0.0000000 0.0000000 0.0000000 0.7465240
