  253         A         R         N         D         C         Q         E         G         H         I         L         K         M         F         P         S         T         W         Y         V         X    
  1 G   1 0.0507915 0.0000000 0.0000000 0.0000000 0.0000000 0.0000000 0.0000000 0.0464991 0.0000000 0.0000000 0.0000000 0.0000000 0.0000000 0.0000000 0.0000000 0.0000000 0.0000000 0.0000000 0.0000000 0.0000000 0.9027094
  2 A   2 0.0341820 0.0033641 0.0012257 0.0020472 0.0031241 0.0062670 0.0005427 0.0055567 0.0004714 0.0000000 0.0007672 0.0010542 0.0025570 0.0005389 0.0296697 0.0679855 0.0273889 0.0000000 0.0009297 0.0023757 0.8099523
  3 M   3 0.0262208 0.0062386 0.0044734 0.0121100 0.0000000 0.0127568 0.0309651 0.0018469 0.0033247 0.0241578 0.0281181 0.0027499 0.0117117 0.0006517 0.0137050 0.0344205 0.0072666 0.0010903 0.0005410 0.0071391 0.7705120
  4 G   4 0.0546674 0.0020952 0.0137176 0.0062034 0.0009317 0.0068623 0.0039648 0.0453450 0.0011006 0.0146651 0.0020759 0.0142485 0.0010319 0.0000000 0.0550200 0.0172066 0.0088511 0.0079726 0.0000000 0.0077289 0.7363115
  5 S   5 0.0365046 0.0065545 0.0047486 0.0375961 0.0035802 0.0040170 0.0348445 0.0127692 0.0091726 0.0000000 0.0017731 0.0165646 0.0047793 0.0003159 0.0812309 0.0659534 0.0165550 0.0013772 0.0013455 0.0024112 0.6579066
  6 G   6 0.0261720 0.0202063 0.0047053 0.0063134 0.0019751 0.0176621 0.0145090 0.1121991 0.0064555 0.0031510 0.0020316 0.0038609 0.0027132 0.0031170 0.0502081 0.0450701 0.0306170 0.0167151 0.0227058 0.0039507 0.6056616
  7 E   7 0.0019915 0.0320666 0.0098540 0.0528652 0.0000000 0.0633432 0.2103133 0.0156334 0.0145876 0.0006148 0.0044495 0.0385263 0.0004554 0.0006569 0.0263664 0.0081529 0.0041428 0.0000000 0.0009038 0.0113084 0.5037681
  8 V   8 0.0193356 0.0041412 0.0017427 0.0033095 0.0034839 0.0102556 0.0240503 0.0020124 0.0016817 0.0843399 0.0642189 0.0028111 0.0061314 0.0084097 0.1477131 0.0103770 0.0546757 0.0032529 0.0243701 0.0783572 0.4453301
  9 R   9 0.0009816 0.1998366 0.0027189 0.0067935 0.0029782 0.0171848 0.0940476 0.0011018 0.0302148 0.0171568 0.0184758 0.0812409 0.0096957 0.0376731 0.0009594 0.0113232 0.0338757 0.0000000 0.0256145 0.0227252 0.3854019
 10 L  10 0.0095264 0.0246053 0.0170815 0.0400068 0.0104080 0.0112510 0.0761076 0.0022551 0.0244410 0.0571959 0.1130999 0.0275411 0.0101304 0.0250598 0.0091112 0.0197339 0.0959281 0.0004319 0.0094236 0.0723018 0.3443597
 11 V  11 0.0143793 0.0057188 0.0000000 0.0010031 0.0576992 0.0021292 0.0023063 0.0000000 0.0010694 0.1612844 0.0414324 0.0021142 0.0129419 0.0187043 0.0006828 0.0030885 0.0088319 0.0021772 0.0070941 0.3395767 0.3177663
 12 S  12 0.0114132 0.0438299 0.0147210 0.0312956 0.0062135 0.0174269 0.1799748 0.0063744 0.0428806 0.0218811 0.0225336 0.0459929 0.0045193 0.0028487 0.0031699 0.0299364 0.1721625 0.0007429 0.0075424 0.0730686 0.2614719
 13 L  13 0.0036132 0.0000000 0.0008291 0.0006237 0.0024840 0.0003975 0.0004438 0.0000000 0.0000000 0.2314865 0.3458001 0.0000000 0.0177188 0.0101023 0.0019431 0.0007355 0.0106580 0.0003907 0.0017535 0.1482110 0.2228090
 14 R  14 0.0148605 0.0432450 0.0385496 0.0301532 0.0102623 0.0478669 0.1275645 0.0023714 0.0664610 0.0240685 0.0206416 0.0727046 0.0129838 0.0199252 0.0173538 0.0396112 0.0777526 0.0055735 0.0149203 0.0788298 0.2343010
 15 R  15 0.0008752 0.1905858 0.0013202 0.0006379 0.0018099 0.0015151 0.0000000 0.0026147 0.0058210 0.0486388 0.2020306 0.2826638 0.0057829 0.0030053 0.0017229 0.0005931 0.0027976 0.0000000 0.0000000 0.0157564 0.2318289
 16 A  16 0.0344242 0.0419994 0.0194150 0.0474894 0.0023389 0.0269570 0.0938931 0.0369939 0.0181211 0.0280896 0.0246225 0.0554682 0.0118822 0.0198666 0.0329034 0.0637699 0.0360123 0.0047932 0.0040991 0.0536118 0.3432493
 17 K  17 0.0095908 0.0814969 0.0512569 0.0611621 0.0025013 0.0142532 0.0992719 0.0094964 0.0105241 0.0017644 0.0014507 0.2431969 0.0029932 0.0008832 0.0723881 0.0347319 0.0115504 0.0015532 0.0012789 0.0009535 0.2877020
 18 A  18 0.0281199 0.0199555 0.0200839 0.0687384 0.0053595 0.0168534 0.0547846 0.2893131 0.0079514 0.0048502 0.0040700 0.0283083 0.0043188 0.0012067 0.0704849 0.0886289 0.0243944 0.0000000 0.0055496 0.0123251 0.2447034
 19 H  19 0.0506417 0.0125714 0.0898949 0.0630336 0.0034174 0.0365258 0.0522281 0.1303549 0.0257073 0.0051028 0.0105453 0.0208385 0.0029214 0.0076456 0.0578334 0.0915335 0.0418843 0.0000000 0.0052453 0.0178198 0.2742552
 20 E  20 0.0328300 0.0510655 0.0490003 0.0251472 0.0032617 0.0567019 0.1261193 0.0929148 0.0074267 0.0042919 0.0154301 0.0905789 0.0201416 0.0014039 0.0034686 0.0808084 0.0457723 0.0000000 0.0102490 0.0055418 0.2778461
 21 G  21 0.0070715 0.0054572 0.0044033 0.0170322 0.0055656 0.0113316 0.0115487 0.4760600 0.0019751 0.0006164 0.0008890 0.0062155 0.0000000 0.0005916 0.0505020 0.1320470 0.0160682 0.0000000 0.0000000 0.0000000 0.2526251
 22 L  22 0.0000000 0.0000000 0.0000000 0.0000000 0.0027689 0.0000000 0.0000000 0.0000000 0.0000000 0.0098692 0.5299628 0.0000000 0.0045772 0.1983286 0.0007906 0.0004820 0.0000000 0.0046225 0.0514694 0.0052530 0.1918758
 23 G  23 0.0039236 0.0000000 0.0017548 0.0031458 0.0000000 0.0007606 0.0008093 0.7907543 0.0027641 0.0000000 0.0000000 0.0000000 0.0000000 0.0000000 0.0019146 0.0030992 0.0008657 0.0000000 0.0007627 0.0000000 0.1894453
 24 F  24 0.0010349 0.0000000 0.0000000 0.0000000 0.0010556 0.0000000 0.0000000 0.0000000 0.0000000 0.1960004 0.1253702 0.0000000 0.0313022 0.4346598 0.0000000 0.0006261 0.0000000 0.0000000 0.0026847 0.0189540 0.1883121
 25 S  25 0.0346751 0.0476691 0.0388835 0.0063836 0.0087873 0.0195018 0.0066370 0.0212458 0.0424030 0.0023719 0.0091066 0.0256497 0.0096369 0.0143141 0.0000000 0.3284824 0.1387518 0.0000000 0.0119826 0.0415792 0.1919387
 26 I  26 0.0027689 0.0008657 0.0000000 0.0000000 0.0014572 0.0000000 0.0000000 0.0000000 0.0000000 0.4054389 0.2107635 0.0000000 0.0045424 0.0058484 0.0000000 0.0000000 0.0015035 0.0000000 0.0000000 0.1739950 0.1928164
 27 R  27 0.2035418 0.1003644 0.0054991 0.0030595 0.0078942 0.0163304 0.0283425 0.0053546 0.0201910 0.0527897 0.0331834 0.0232075 0.0055577 0.0022701 0.0000000 0.0595582 0.0539700 0.0024725 0.0015039 0.1711205 0.2037889
 28 G  28 0.0229921 0.0191727 0.0030190 0.0169211 0.0023977 0.0086188 0.0229420 0.5186200 0.0056867 0.0086769 0.0027130 0.0138822 0.0020198 0.0012968 0.0124526 0.0483750 0.0319404 0.0000000 0.0033400 0.0033671 0.2515662
 29 G  29 0.0097799 0.0126862 0.0309392 0.0303489 0.0116601 0.0046339 0.0449353 0.4839945 0.0081435 0.0034810 0.0218847 0.0158059 0.0012740 0.0039681 0.0055983 0.0290585 0.0138307 0.0012480 0.0083375 0.0097277 0.2486643
 30 S  30 0.0473063 0.1097678 0.0229693 0.0545174 0.0060315 0.0302939 0.0525389 0.0045274 0.0099911 0.0296264 0.0276704 0.1528207 0.0053043 0.0043091 0.0130057 0.0795520 0.0609387 0.0013426 0.0064867 0.0589865 0.2220133
 31 E  31 0.0111480 0.0258114 0.0408931 0.2551660 0.0076718 0.0142017 0.1614633 0.1277759 0.0068258 0.0012946 0.0153780 0.0111365 0.0021208 0.0018035 0.0185473 0.0331187 0.0109060 0.0007292 0.0047999 0.0011971 0.2480113
 32 H  32 0.0083354 0.0339485 0.0998051 0.0207238 0.0097444 0.0222427 0.0731854 0.0284528 0.0515769 0.0039698 0.0202094 0.0259345 0.0098895 0.0206073 0.0409075 0.1450442 0.0790955 0.0050843 0.0220873 0.0260221 0.2531338
 33 G  33 0.0289670 0.0454286 0.0481495 0.1653032 0.0097678 0.0167380 0.0358877 0.1458057 0.0043162 0.0114547 0.0204038 0.0649259 0.0023627 0.0020133 0.0837641 0.0605823 0.0147016 0.0000000 0.0000000 0.0105963 0.2288315
 34 V  34 0.0267990 0.0218900 0.0351609 0.0136448 0.0211205 0.0412805 0.0622413 0.0480693 0.0139699 0.0245162 0.1187370 0.0291455 0.0430702 0.0037710 0.0776924 0.0593720 0.0687435 0.0005408 0.0103075 0.0468547 0.2330731
 35 G  35 0.0238850 0.0096968 0.0069433 0.0084912 0.0014018 0.0155125 0.0017579 0.4825284 0.0262335 0.0007742 0.0065092 0.0145427 0.0000000 0.0255531 0.1139756 0.0543473 0.0023423 0.0000000 0.0010256 0.0146868 0.1897928
 36 I  36 0.0097813 0.0003150 0.0005483 0.0000000 0.0125805 0.0584608 0.0014887 0.0010094 0.0720811 0.3580873 0.0937438 0.0000000 0.0093263 0.0117239 0.0236154 0.0064101 0.0121319 0.0000000 0.0086289 0.1413609 0.1787063
 37 Y  37 0.0035082 0.0346667 0.0011486 0.0004110 0.0024480 0.0258940 0.0032531 0.0000000 0.0010582 0.0538920 0.0493147 0.0229620 0.0074927 0.2977788 0.0005264 0.0057428 0.0353653 0.0012595 0.1859402 0.0903311 0.1770067
 38 V  38 0.0015788 0.0000000 0.0000000 0.0000000 0.0006015 0.0005841 0.0000000 0.0000000 0.0000000 0.3930560 0.0135832 0.0000000 0.0038056 0.0082951 0.0006366 0.0000000 0.0008059 0.0054344 0.0004654 0.3996320 0.1715213
 39 S  39 0.0284527 0.0830546 0.0110306 0.0133346 0.0097703 0.0377143 0.0152601 0.0525088 0.0443803 0.0069935 0.0283123 0.1862472 0.0022865 0.0062790 0.0006197 0.1871138 0.0836783 0.0051163 0.0022176 0.0241836 0.1714459
 40 L  40 0.0371530 0.0995361 0.0517361 0.0801272 0.0050618 0.0378106 0.0711225 0.0410086 0.0511704 0.0015366 0.0153930 0.1083272 0.0154243 0.0096809 0.0006209 0.1324630 0.0445490 0.0057597 0.0072717 0.0146278 0.1696196
 41 V  41 0.0011538 0.0000000 0.0000000 0.0015002 0.0028171 0.0014069 0.0007721 0.0000000 0.0000000 0.3766173 0.1035565 0.0000000 0.0078061 0.0011293 0.0008576 0.0000000 0.0052400 0.0000000 0.0000000 0.3282014 0.1689418
 42 E  42 0.0336384 0.0340429 0.0203694 0.0646942 0.0018109 0.0338948 0.0924230 0.0013751 0.0095213 0.1133828 0.1175147 0.0277462 0.0096274 0.0439063 0.0022125 0.0290665 0.0573208 0.0014417 0.0282007 0.1078530 0.1699574
 43 P  43 0.0543111 0.0285439 0.0048472 0.0495749 0.0015979 0.0240418 0.1396473 0.0050000 0.0144894 0.0035445 0.0111214 0.0723242 0.0030220 0.0017739 0.3510198 0.0437422 0.0110115 0.0000000 0.0010990 0.0040518 0.1752361
 44 G  44 0.0149039 0.0227180 0.0786548 0.1264055 0.0020876 0.0155081 0.0364135 0.4331942 0.0189966 0.0017906 0.0071730 0.0245830 0.0033377 0.0003449 0.0026051 0.0257427 0.0052448 0.0009199 0.0045258 0.0046929 0.1701574
 45 S  45 0.0050923 0.0022223 0.0015305 0.0000000 0.0069085 0.0102071 0.0011021 0.5089780 0.0009895 0.0000000 0.0077841 0.0041896 0.0006182 0.0005008 0.0106135 0.2490474 0.0137329 0.0000000 0.0000000 0.0018228 0.1746602
 46 L  46 0.2292017 0.0155878 0.0019834 0.0019105 0.0102407 0.0125035 0.0120837 0.0013934 0.0007497 0.0522411 0.0560069 0.0113920 0.0057350 0.0007017 0.2590576 0.0353146 0.0097422 0.0018458 0.0006003 0.1049519 0.1767566
 47 A  47 0.6875042 0.0064002 0.0000000 0.0000000 0.0082682 0.0020818 0.0004728 0.0053244 0.0007484 0.0288756 0.0138707 0.0091287 0.0000000 0.0012320 0.0040728 0.0118915 0.0028453 0.0004238 0.0000000 0.0385399 0.1783198
 48 E  48 0.2001369 0.0097485 0.0010310 0.1739318 0.0086771 0.0265102 0.1644514 0.0487741 0.0564790 0.0126622 0.0028525 0.0102026 0.0030700 0.0103681 0.0040314 0.0581731 0.0027325 0.0129808 0.0117298 0.0082907 0.1731662
 49 K  49 0.0482261 0.2636305 0.0182293 0.0205229 0.0099758 0.0916513 0.0367790 0.0024243 0.0181621 0.0083216 0.0626435 0.1547952 0.0090977 0.0008764 0.0029254 0.0195259 0.0202617 0.0000000 0.0054572 0.0181895 0.1883047
 50 E  50 0.1360305 0.0033330 0.0359943 0.3143711 0.0515256 0.0127952 0.0578670 0.0487619 0.0107750 0.0015247 0.0065015 0.0063656 0.0005610 0.0018712 0.0023565 0.0741114 0.0348419 0.0000000 0.0011707 0.0112878 0.1879540
 51 G  51 0.0042031 0.0376504 0.0192274 0.0035323 0.0007732 0.0257167 0.0024981 0.6830506 0.0026798 0.0003484 0.0040911 0.0252015 0.0005825 0.0003799 0.0009348 0.0052610 0.0052748 0.0005220 0.0000000 0.0004933 0.1775792
 52 L  52 0.0010497 0.0000000 0.0000000 0.0000000 0.0000000 0.0000000 0.0000000 0.0000000 0.0000000 0.1295518 0.6140977 0.0000000 0.0411468 0.0031797 0.0014065 0.0000000 0.0000000 0.0000000 0.0000000 0.0414679 0.1680998
 53 R  53 0.0290897 0.1940562 0.0161203 0.0043114 0.0193509 0.1647246 0.0394615 0.0045387 0.0431205 0.0068142 0.0462190 0.1813775 0.0159407 0.0107277 0.0081844 0.0170215 0.0084077 0.0081008 0.0037298 0.0108783 0.1678246
 54 V  54 0.0686318 0.0354308 0.0093659 0.0219378 0.0025200 0.0234922 0.0907034 0.0017248 0.0025100 0.0743612 0.0214735 0.0368878 0.0124596 0.0016473 0.1277385 0.0419644 0.0468185 0.0000000 0.0054904 0.2074729 0.1673693
 55 G  55 0.0126243 0.0027670 0.0787479 0.0118726 0.0004915 0.0064247 0.0105622 0.6645947 0.0130402 0.0000000 0.0047936 0.0023799 0.0019236 0.0029759 0.0010497 0.0059861 0.0034902 0.0013296 0.0073364 0.0000000 0.1676096
 56 D  56 0.0068567 0.0014069 0.0045906 0.7774897 0.0007191 0.0050298 0.0111911 0.0080775 0.0024487 0.0005567 0.0012914 0.0003948 0.0046865 0.0015727 0.0000000 0.0048557 0.0006629 0.0000000 0.0007392 0.0007995 0.1666304
 57 Q  57 0.0111257 0.2621242 0.0020514 0.0016425 0.0327616 0.1278375 0.1260943 0.0009038 0.0339567 0.0432829 0.0327395 0.0638114 0.0110937 0.0064540 0.0000000 0.0046492 0.0073069 0.0049371 0.0085297 0.0530256 0.1656723
 58 I  58 0.0005476 0.0007012 0.0005729 0.0008582 0.0000000 0.0006643 0.0000000 0.0000000 0.0000000 0.4590062 0.2678448 0.0000000 0.0015994 0.0014069 0.0000000 0.0005606 0.0005689 0.0000000 0.0000000 0.0998388 0.1658302
 59 L  59 0.0084556 0.0020280 0.0000000 0.0000000 0.0020013 0.0012339 0.0020738 0.0012968 0.0044847 0.1131310 0.4892175 0.0109279 0.0230381 0.0029844 0.0000000 0.0060396 0.0123595 0.0007570 0.0028107 0.1517066 0.1654536
 60 R  60 0.1696484 0.0621169 0.0101016 0.0130570 0.0081443 0.0480041 0.2454495 0.0083738 0.0026054 0.0026251 0.0033798 0.0633699 0.0163161 0.0111089 0.0000000 0.1284684 0.0119391 0.0038569 0.0224542 0.0044472 0.1645332
 61 V  61 0.0091976 0.0000000 0.0000000 0.0000000 0.0022856 0.0006594 0.0007904 0.0000000 0.0006992 0.2759750 0.0226058 0.0000000 0.0025149 0.0040857 0.0000000 0.0000000 0.0015595 0.0000000 0.0029962 0.5126529 0.1639779
 62 N  62 0.0092118 0.0013515 0.6635644 0.0963943 0.0133502 0.0014634 0.0067222 0.0224492 0.0028384 0.0008059 0.0015506 0.0004627 0.0005750 0.0000000 0.0000000 0.0115113 0.0014727 0.0000000 0.0038909 0.0000000 0.1623854
 63 D  63 0.0065926 0.0089114 0.0589619 0.0952432 0.0008103 0.0094134 0.0373608 0.5427395 0.0235575 0.0000000 0.0006858 0.0130964 0.0016877 0.0012968 0.0000000 0.0317517 0.0046276 0.0000000 0.0005884 0.0000000 0.1626751
 64 K  64 0.0206946 0.0319880 0.0106820 0.0105302 0.0094967 0.0809548 0.0909867 0.0095432 0.0357176 0.1324353 0.0206523 0.0557627 0.0181625 0.0070838 0.0000000 0.0087777 0.1086161 0.0024612 0.0192134 0.1661689 0.1600725
 65 S  65 0.0203439 0.0377543 0.1142490 0.1884411 0.0365595 0.0141217 0.0187491 0.0063795 0.0058080 0.0173480 0.0118747 0.0082749 0.0026416 0.0102829 0.0703212 0.2234681 0.0207247 0.0010077 0.0058542 0.0251674 0.1606285
 66 L  66 0.0076735 0.0006576 0.0000000 0.0000000 0.0097260 0.0000000 0.0000000 0.0007602 0.0009976 0.0690989 0.3498855 0.0000000 0.0523302 0.0232059 0.0012968 0.0059438 0.0614186 0.0000000 0.0000000 0.2575991 0.1594065
 67 A  67 0.0428152 0.1190784 0.0077822 0.0477624 0.0072585 0.0762415 0.1543320 0.0048823 0.0191478 0.0348054 0.0718084 0.0395700 0.0073981 0.0006723 0.0014620 0.0565030 0.0851026 0.0003494 0.0217108 0.0425588 0.1587588
 68 R  68 0.0198221 0.0187171 0.1725170 0.0901650 0.0015647 0.0122409 0.0446544 0.3007087 0.0341298 0.0009588 0.0048045 0.0394212 0.0013802 0.0023693 0.0029702 0.0551897 0.0240976 0.0005980 0.0133148 0.0016420 0.1587339
 69 V  69 0.1348471 0.0338418 0.0005919 0.0048222 0.0278673 0.0059454 0.0407201 0.0171643 0.0115407 0.0482866 0.1643531 0.0711381 0.0737055 0.0290574 0.0000000 0.0203097 0.0140787 0.0061234 0.0233662 0.1118025 0.1604381
 70 T  70 0.0157059 0.0278706 0.0288716 0.0351075 0.0055202 0.0070143 0.0326259 0.0177931 0.0064850 0.0038014 0.0021133 0.0147144 0.0047782 0.0000000 0.0473325 0.2222419 0.3505318 0.0000000 0.0020890 0.0121231 0.1632804
 71 H  71 0.0050927 0.0286662 0.0255223 0.0039391 0.0066495 0.0394054 0.0085884 0.0007940 0.5108585 0.0103437 0.0504680 0.0042082 0.0169814 0.0395010 0.0163542 0.0278994 0.0053089 0.0000000 0.0253342 0.0135657 0.1605192
 72 A  72 0.1033620 0.0305962 0.0425692 0.0764370 0.0075883 0.0930291 0.1991626 0.0232333 0.0283679 0.0030032 0.0247792 0.0467471 0.0070928 0.0079155 0.0068246 0.0863221 0.0346292 0.0007344 0.0119194 0.0096908 0.1559963
 73 E  73 0.0285379 0.0302963 0.0212664 0.1236744 0.0000000 0.1835907 0.2824952 0.0087694 0.0128928 0.0033703 0.0183980 0.0338554 0.0069892 0.0063307 0.0049122 0.0289002 0.0228592 0.0000000 0.0162848 0.0110246 0.1555523
 74 A  74 0.4664680 0.0011930 0.0000000 0.0000000 0.0083793 0.0000000 0.0030408 0.0021254 0.0005001 0.0408133 0.0294410 0.0014574 0.0063403 0.0096400 0.0009909 0.0113592 0.0174678 0.0000000 0.0007784 0.2445920 0.1554131
 75 V  75 0.0762068 0.0312739 0.0078100 0.0013684 0.0029445 0.0330989 0.0085143 0.0028131 0.0056422 0.0984602 0.0589373 0.0077085 0.0144937 0.0028193 0.0006177 0.0259748 0.0178046 0.0057298 0.0049608 0.4389033 0.1539180
 76 K  76 0.1269761 0.0523085 0.0815614 0.0650361 0.0011569 0.1176908 0.1371072 0.0147277 0.0228862 0.0009834 0.0182963 0.0565055 0.0040675 0.0021375 0.0081896 0.0968943 0.0324312 0.0006261 0.0026167 0.0042839 0.1535170
 77 A  77 0.1183915 0.0305767 0.0029452 0.0014463 0.0090476 0.0144038 0.0058791 0.0024810 0.0069476 0.1401854 0.2259319 0.0348605 0.0690791 0.0206373 0.0018449 0.0056745 0.0343829 0.0010776 0.0036876 0.1159789 0.1545407
 78 L  78 0.0033160 0.0008608 0.0000000 0.0000000 0.0024238 0.0000000 0.0011790 0.0009909 0.0006198 0.1804845 0.5138691 0.0003521 0.0342854 0.0740364 0.0000000 0.0009782 0.0016469 0.0000000 0.0000000 0.0335841 0.1513729
 79 K  79 0.0280503 0.2477706 0.0052707 0.0061211 0.0025662 0.1007931 0.0136935 0.0116015 0.0110916 0.0078039 0.0183846 0.3242455 0.0026939 0.0000000 0.0004875 0.0225647 0.0341627 0.0028633 0.0004447 0.0073301 0.1520603
 80 G  80 0.0978812 0.0478103 0.1106490 0.0320987 0.0137420 0.1301443 0.0778043 0.0505471 0.0155167 0.0017681 0.0052212 0.0734451 0.0052479 0.0015770 0.0059898 0.1260834 0.0409083 0.0000000 0.0034093 0.0065519 0.1536043
 81 S  81 0.2409234 0.0059296 0.0224364 0.0046835 0.0738785 0.0278492 0.0082150 0.0311467 0.0166988 0.0195090 0.0287059 0.0081238 0.0022543 0.0017817 0.0392763 0.1782410 0.0892138 0.0000000 0.0050507 0.0423436 0.1537388
 82 K  82 0.0302200 0.0423596 0.0142832 0.0187426 0.0173043 0.0233662 0.0540948 0.3052792 0.0047158 0.0007019 0.0183861 0.0619498 0.0087244 0.0007673 0.1174256 0.0659972 0.0368403 0.0031220 0.0027592 0.0061338 0.1668267
 83 K  83 0.0292377 0.0557000 0.0910617 0.0960546 0.0021192 0.0770194 0.0790621 0.0794151 0.0182387 0.0168290 0.0196095 0.0616970 0.0059643 0.0027984 0.0419296 0.1031152 0.0335472 0.0000000 0.0045275 0.0136271 0.1684467
 84 L  84 0.0220587 0.0663311 0.0230821 0.0263884 0.0081524 0.0484680 0.0612867 0.0206694 0.0242250 0.0490886 0.0765895 0.0449851 0.0142343 0.0100208 0.0518046 0.0674848 0.1108551 0.0014231 0.0086019 0.0939042 0.1703464
 85 V  85 0.0350877 0.0179199 0.0060560 0.0075870 0.0092785 0.0032800 0.0132038 0.0043350 0.0101465 0.0721515 0.0777306 0.0126347 0.0069221 0.0110825 0.0063215 0.0373867 0.0461408 0.0017870 0.0000000 0.4454921 0.1754563
 86 L  86 0.0126696 0.0995078 0.0330987 0.0235743 0.0144822 0.0372771 0.0407530 0.0059049 0.0347660 0.0255515 0.0840018 0.0791847 0.0255429 0.0155160 0.0171371 0.0506129 0.1328396 0.0040440 0.0209717 0.0676264 0.1749379
 87 S  87 0.0133211 0.0056278 0.0024595 0.0046486 0.0007848 0.0095152 0.0062913 0.0031698 0.0100939 0.0515579 0.4955636 0.0217760 0.0511716 0.0363589 0.0083389 0.0143532 0.0339164 0.0000000 0.0042739 0.0518075 0.1749698
 88 V  88 0.0065082 0.0271771 0.0060780 0.0067129 0.0036367 0.0255728 0.0348269 0.0068286 0.0117826 0.0666870 0.1615151 0.0395449 0.0133566 0.0051032 0.0072712 0.0138309 0.1026631 0.0000000 0.0147706 0.2663390 0.1797947
 89 Y  89 0.0333237 0.0485013 0.0010699 0.0008228 0.0201646 0.0127517 0.0026170 0.0049768 0.0028164 0.1549161 0.1110538 0.0100541 0.0055012 0.0111134 0.0073283 0.0042942 0.0183068 0.0011333 0.0091972 0.3601399 0.1799175
 90 S  90 0.0775997 0.1071419 0.0031615 0.0121751 0.0435739 0.0606320 0.0503716 0.0386003 0.0203178 0.0359292 0.0894916 0.0302529 0.0103958 0.0061992 0.0210498 0.0829828 0.0140051 0.0044071 0.0163131 0.0898126 0.1855869
 91 A  91 0.0378935 0.3602580 0.0213285 0.0637109 0.0011426 0.0216934 0.0084948 0.0129301 0.0105638 0.0078946 0.0096912 0.0474301 0.0096798 0.0027578 0.0678363 0.0390379 0.0196626 0.0000000 0.0292794 0.0272318 0.2014830
 92 G  92 0.0323699 0.0834307 0.0215307 0.0510730 0.0027135 0.0381377 0.0805950 0.1454220 0.0122251 0.0145418 0.0354462 0.0595996 0.0065699 0.0056155 0.0947855 0.0298047 0.0274662 0.0021554 0.0125351 0.0230606 0.2209222
 93 R  93 0.0345068 0.0684329 0.0324188 0.0394549 0.0032714 0.0373160 0.0886191 0.0495057 0.0205205 0.0292106 0.0383320 0.0747171 0.0179245 0.0112053 0.0684115 0.0383325 0.0353969 0.0003690 0.0311655 0.0362327 0.2446562
 94 I  94 0.0518447 0.0352256 0.0307007 0.0418633 0.0064781 0.0341127 0.0651349 0.0413734 0.0204198 0.0353897 0.0530545 0.0314591 0.0149121 0.0181160 0.0886021 0.0647133 0.0576183 0.0033413 0.0094213 0.0480975 0.2481217
 95 P  95 0.0399181 0.0320329 0.0343904 0.0711656 0.0049988 0.0308868 0.0587878 0.0293111 0.0259065 0.0154477 0.0526545 0.0304111 0.0067267 0.0250665 0.1327241 0.0538120 0.0385618 0.0026530 0.0286828 0.0348206 0.2510412
 96 G  96 0.0406679 0.0377668 0.0189788 0.0345673 0.0119827 0.0554591 0.0669935 0.0441434 0.0226969 0.0181999 0.0389943 0.0330631 0.0146315 0.0219381 0.0757501 0.0776371 0.0372810 0.0019772 0.0341501 0.0545107 0.2586105
 97 G  97 0.0334621 0.0358810 0.0313001 0.0356783 0.0088094 0.0456854 0.0521016 0.0448090 0.0173808 0.0343003 0.0518336 0.0454514 0.0182110 0.0353072 0.0748282 0.0704405 0.0312282 0.0033311 0.0308300 0.0396118 0.2595189
 98 Y  98 0.0673596 0.0493371 0.0262728 0.0433247 0.0199952 0.0285082 0.0557815 0.0192101 0.0188807 0.0192791 0.0339201 0.0413224 0.0160852 0.0220688 0.0784794 0.0719762 0.0417127 0.0055976 0.0451045 0.0318161 0.2639680
 99 V  99 0.0428166 0.0621405 0.0304567 0.0362545 0.0102213 0.0411810 0.0476808 0.0302468 0.0156278 0.0180196 0.0471228 0.0597327 0.0183857 0.0229691 0.0644907 0.0827025 0.0486046 0.0045703 0.0109995 0.0487432 0.2570334
100 T 100 0.0512780 0.0301659 0.0242169 0.0231347 0.0101135 0.0351959 0.0703746 0.0209656 0.0184980 0.0192440 0.0511692 0.0443626 0.0126977 0.0039982 0.0893691 0.1197503 0.0755517 0.0045220 0.0067443 0.0282109 0.2604369
101 N 101 0.0528816 0.0394762 0.0380929 0.0517220 0.0164914 0.0465679 0.0510426 0.0371592 0.0162631 0.0185016 0.0676851 0.0363583 0.0136339 0.0135055 0.0701704 0.0828968 0.0332690 0.0000000 0.0114567 0.0383562 0.2644695
102 H 102 0.0462473 0.0428687 0.0298401 0.0338038 0.0145507 0.0588366 0.0585632 0.0474088 0.0247016 0.0199764 0.0395700 0.0531314 0.0080925 0.0124869 0.0715031 0.0783996 0.0454302 0.0000000 0.0133243 0.0327477 0.2685172
103 I 103 0.0452381 0.0310168 0.0440807 0.0382777 0.0011140 0.0235885 0.0517415 0.0328822 0.0200126 0.0384062 0.0537111 0.0258943 0.0125425 0.0114373 0.0775936 0.1046422 0.0416131 0.0012591 0.0092341 0.0620489 0.2736654
104 Y 104 0.0391006 0.0289920 0.0267180 0.0409087 0.0033032 0.0320802 0.0417861 0.0265002 0.0237784 0.0244306 0.0571386 0.0251150 0.0120760 0.0093934 0.0701396 0.1277104 0.0734650 0.0053146 0.0165493 0.0274823 0.2880179
105 T 105 0.0420916 0.0284624 0.0265099 0.0491232 0.0151376 0.0329715 0.0568186 0.0297665 0.0179231 0.0337737 0.0638192 0.0357279 0.0105875 0.0174781 0.0816526 0.0785213 0.0508732 0.0014059 0.0073686 0.0283332 0.2916545
106 W 106 0.0446821 0.0283236 0.0359619 0.0305860 0.0095726 0.0366071 0.0359253 0.0309040 0.0239273 0.0291356 0.0521456 0.0391813 0.0167887 0.0129984 0.0542611 0.0708783 0.0631075 0.0388040 0.0129881 0.0279731 0.3052483
107 V 107 0.0413173 0.0349832 0.0310337 0.0378139 0.0129460 0.0442363 0.0455163 0.0290163 0.0273478 0.0243463 0.0574773 0.0345063 0.0194681 0.0127943 0.0456178 0.0783496 0.0450625 0.0042261 0.0159188 0.0511305 0.3068916
108 D 108 0.0466478 0.0290715 0.0209243 0.0487861 0.0074966 0.0302532 0.0464273 0.0227743 0.0127487 0.0218608 0.0504854 0.0225828 0.0188528 0.0185625 0.0693842 0.1078437 0.0485605 0.0011901 0.0266473 0.0365946 0.3123054
109 P 109 0.0486130 0.0254059 0.0216867 0.0332400 0.0157780 0.0378550 0.0425903 0.0320056 0.0226136 0.0201846 0.0521815 0.0283674 0.0179431 0.0122722 0.0564729 0.0747885 0.0505928 0.0071813 0.0311424 0.0482184 0.3208669
110 Q 110 0.0592223 0.0288126 0.0257241 0.0357359 0.0042535 0.0490925 0.0605461 0.0259310 0.0135913 0.0312378 0.0454332 0.0188083 0.0160718 0.0077608 0.0563892 0.0992441 0.0368527 0.0011638 0.0145749 0.0432507 0.3263035
111 G 111 0.0432583 0.0166279 0.0391270 0.0376455 0.0059536 0.0378965 0.0504184 0.0490219 0.0247342 0.0158749 0.0320021 0.0224538 0.0172569 0.0067484 0.0537424 0.1060842 0.0624451 0.0029761 0.0122057 0.0250218 0.3385051
112 R 112 0.0305269 0.0403318 0.0316992 0.0330794 0.0136845 0.0617454 0.0354220 0.0311653 0.0248310 0.0250961 0.0467149 0.0231002 0.0161547 0.0240593 0.0560546 0.0591623 0.0350281 0.0021782 0.0146676 0.0421107 0.3531878
113 S 113 0.0428503 0.0310172 0.0363863 0.0273608 0.0033890 0.0421663 0.0428751 0.0241086 0.0313930 0.0146744 0.0245101 0.0287379 0.0132011 0.0126092 0.0493735 0.1531545 0.0307047 0.0025473 0.0055896 0.0194834 0.3638677
114 T 114 0.0334956 0.0243105 0.0294109 0.0333323 0.0048630 0.0285915 0.0368269 0.0314076 0.0263749 0.0182903 0.0524566 0.0226600 0.0222049 0.0219140 0.0517355 0.0829136 0.0326004 0.0078583 0.0105407 0.0421191 0.3860933
115 S 115 0.0401405 0.0162847 0.0206501 0.0356681 0.0076621 0.0302491 0.0409969 0.0295512 0.0227743 0.0152216 0.0443133 0.0180001 0.0106754 0.0073308 0.0793567 0.0997848 0.0380203 0.0028520 0.0111222 0.0407462 0.3885999
116 P 116 0.0428043 0.0303319 0.0321402 0.0334150 0.0033004 0.0318548 0.0401851 0.0224567 0.0116015 0.0148113 0.0376707 0.0193510 0.0093552 0.0085635 0.0763489 0.0875235 0.0464927 0.0018825 0.0093822 0.0381323 0.4023961
117 P 117 0.0326983 0.0264012 0.0195699 0.0274928 0.0159722 0.0288422 0.0399109 0.0368175 0.0310669 0.0177113 0.0387087 0.0161592 0.0123515 0.0146827 0.0657767 0.0690812 0.0379973 0.0059404 0.0101599 0.0298403 0.4228188
118 S 118 0.0256132 0.0305110 0.0277036 0.0347371 0.0065448 0.0348278 0.0365281 0.0196717 0.0234375 0.0209183 0.0364743 0.0280990 0.0117182 0.0105790 0.0441160 0.0743707 0.0377428 0.0066858 0.0140356 0.0262452 0.4494402
119 S 119 0.0391503 0.0203440 0.0245242 0.0378632 0.0116749 0.0350667 0.0375906 0.0338061 0.0191724 0.0180307 0.0215664 0.0162123 0.0082563 0.0106095 0.0424690 0.0686389 0.0474480 0.0044825 0.0167841 0.0337025 0.4526073
120 L 120 0.0335858 0.0334372 0.0251789 0.0246798 0.0092898 0.0265008 0.0334372 0.0240544 0.0175644 0.0221137 0.0246870 0.0369936 0.0110046 0.0162662 0.0610198 0.0643769 0.0287262 0.0063641 0.0154776 0.0334359 0.4518063
121 P 121 0.0365935 0.0226205 0.0281339 0.0326957 0.0076981 0.0255588 0.0445281 0.0362561 0.0222254 0.0238509 0.0258201 0.0225181 0.0180261 0.0119927 0.0553449 0.0637761 0.0309691 0.0084157 0.0105781 0.0176992 0.4546988
122 Q 122 0.0325674 0.0259911 0.0184291 0.0367184 0.0054209 0.0261904 0.0522873 0.0343356 0.0218260 0.0177355 0.0332207 0.0157140 0.0033868 0.0094510 0.0597190 0.0741814 0.0420401 0.0068445 0.0125010 0.0238818 0.4475579
123 P 123 0.0305926 0.0321436 0.0176997 0.0397652 0.0028882 0.0254817 0.0401639 0.0237989 0.0183418 0.0082220 0.0345183 0.0257128 0.0092163 0.0049612 0.0918621 0.0906639 0.0302475 0.0029224 0.0094806 0.0211751 0.4401423
124 H 124 0.0407070 0.0335073 0.0276201 0.0291349 0.0079161 0.0291163 0.0324658 0.0277030 0.0284866 0.0137026 0.0308754 0.0163441 0.0108526 0.0116994 0.0574523 0.0714560 0.0298055 0.0027802 0.0120176 0.0248404 0.4615168
125 G 125 0.0314743 0.0320403 0.0220511 0.0243167 0.0062803 0.0326649 0.0363558 0.0340841 0.0209071 0.0223334 0.0328345 0.0164964 0.0203439 0.0154118 0.0511411 0.0601343 0.0330866 0.0032600 0.0140785 0.0283687 0.4623363
126 S 126 0.0289681 0.0360930 0.0475347 0.0269472 0.0047488 0.0321565 0.0313807 0.0345260 0.0169661 0.0103776 0.0304607 0.0241347 0.0078139 0.0216968 0.0516750 0.0539830 0.0334638 0.0034295 0.0142598 0.0305499 0.4588343
127 T 127 0.0315751 0.0244947 0.0245060 0.0269929 0.0087875 0.0251967 0.0370152 0.0384542 0.0193075 0.0103620 0.0376746 0.0226866 0.0111666 0.0172153 0.0544800 0.0714674 0.0394393 0.0046025 0.0129919 0.0271886 0.4543955
128 L 128 0.0436443 0.0277314 0.0241956 0.0305616 0.0066448 0.0238310 0.0411642 0.0280858 0.0167272 0.0137618 0.0348415 0.0283260 0.0043210 0.0121073 0.0642914 0.0764306 0.0365836 0.0045748 0.0102781 0.0232894 0.4486086
129 R 129 0.0323277 0.0239262 0.0200011 0.0291962 0.0093713 0.0227895 0.0469090 0.0425638 0.0238202 0.0193607 0.0242704 0.0335859 0.0094898 0.0122911 0.0545251 0.0694880 0.0420815 0.0013169 0.0130634 0.0282792 0.4413429
130 Q 130 0.0385016 0.0261788 0.0218010 0.0324401 0.0079466 0.0286618 0.0426192 0.0417675 0.0186020 0.0199216 0.0322583 0.0217818 0.0097107 0.0174721 0.0575256 0.0598216 0.0384589 0.0114340 0.0066634 0.0304786 0.4359550
131 R 131 0.0396919 0.0300033 0.0236357 0.0273078 0.0107928 0.0293744 0.0322162 0.0426231 0.0124133 0.0172602 0.0357333 0.0263204 0.0095735 0.0084787 0.0502262 0.0648168 0.0388507 0.0064225 0.0284237 0.0341447 0.4316907
132 E 132 0.0407334 0.0367894 0.0198990 0.0326752 0.0086726 0.0256702 0.0472095 0.0237461 0.0152266 0.0168346 0.0387236 0.0249784 0.0124112 0.0164919 0.0664415 0.0768151 0.0315490 0.0032707 0.0166697 0.0231916 0.4220006
133 D 133 0.0343381 0.0291375 0.0309088 0.0201071 0.0004556 0.0326964 0.0451526 0.0393378 0.0161741 0.0129370 0.0511436 0.0235514 0.0067686 0.0151980 0.0596573 0.0931867 0.0322440 0.0029850 0.0107211 0.0313643 0.4119351
134 D 134 0.0328672 0.0314581 0.0207287 0.0444712 0.0069952 0.0326362 0.0450118 0.0256846 0.0164626 0.0202031 0.0328138 0.0166612 0.0098479 0.0208625 0.0472847 0.0894158 0.0416233 0.0173836 0.0094421 0.0210658 0.4170809
135 R 135 0.0323688 0.0447250 0.0181424 0.0313534 0.0074637 0.0251712 0.0479028 0.0268417 0.0147320 0.0189924 0.0488707 0.0360918 0.0100111 0.0152494 0.0446725 0.0694183 0.0470274 0.0058267 0.0193616 0.0232893 0.4124880
136 R 136 0.0291686 0.0389495 0.0243760 0.0330208 0.0069279 0.0279928 0.0399604 0.0269087 0.0225539 0.0190590 0.0311440 0.0380316 0.0170823 0.0135927 0.0502773 0.0628013 0.0387049 0.0089577 0.0178009 0.0480352 0.4046545
137 S 137 0.0347612 0.0312502 0.0223689 0.0356885 0.0083534 0.0306225 0.0354704 0.0300813 0.0237706 0.0245059 0.0431926 0.0297336 0.0157660 0.0162812 0.0616041 0.0611250 0.0377383 0.0138899 0.0093374 0.0356825 0.3987764
138 T 138 0.0400635 0.0303303 0.0275504 0.0397362 0.0057618 0.0252987 0.0317176 0.0302892 0.0145868 0.0180215 0.0597454 0.0327556 0.0310235 0.0189593 0.0507359 0.0597101 0.0398631 0.0041677 0.0154259 0.0290508 0.3952068
139 L 139 0.0580124 0.0253255 0.0215433 0.0342354 0.0021356 0.0342941 0.0522784 0.0508845 0.0106840 0.0201158 0.0549432 0.0206570 0.0087660 0.0120793 0.0556755 0.0598870 0.0428516 0.0006664 0.0197536 0.0328468 0.3823648
140 H 140 0.0415557 0.0477046 0.0381680 0.0457601 0.0085665 0.0238658 0.0453329 0.0476242 0.0348955 0.0109185 0.0286166 0.0093685 0.0143540 0.0144981 0.0574881 0.0872703 0.0471783 0.0037287 0.0145752 0.0152203 0.3633101
141 L 141 0.0408022 0.0373422 0.0284564 0.0575891 0.0113682 0.0309277 0.0340769 0.0613180 0.0187577 0.0149145 0.0401598 0.0176401 0.0189037 0.0123014 0.0628963 0.0601442 0.0264976 0.0061975 0.0236366 0.0341700 0.3618999
142 L 142 0.0551651 0.0286679 0.0204934 0.0340038 0.0127656 0.0323335 0.0436530 0.0370172 0.0216408 0.0350303 0.0403288 0.0286038 0.0109872 0.0135771 0.0660640 0.0768730 0.0378593 0.0056028 0.0111028 0.0287389 0.3594914
143 Q 143 0.0379065 0.0362928 0.0333830 0.0351838 0.0095019 0.0421566 0.0440108 0.0314420 0.0193713 0.0300188 0.0367234 0.0311078 0.0229074 0.0112088 0.0639113 0.0497796 0.0408934 0.0073033 0.0187198 0.0428639 0.3553139
144 S 144 0.0402002 0.0272922 0.0189156 0.0440253 0.0100581 0.0280104 0.0451771 0.0303428 0.0214029 0.0386393 0.0500283 0.0333715 0.0156815 0.0090638 0.0675677 0.0366612 0.0526788 0.0324424 0.0176702 0.0288233 0.3519472
145 G 145 0.0351804 0.0384341 0.0310628 0.0340990 0.0185988 0.0401400 0.0605653 0.0373743 0.0245537 0.0170770 0.0303328 0.0234912 0.0205700 0.0221083 0.0576607 0.0659918 0.0358314 0.0181590 0.0228504 0.0235646 0.3423543
146 D 146 0.0166696 0.0460891 0.0282870 0.0620516 0.0059001 0.0690447 0.0959750 0.0825282 0.0155305 0.0196192 0.0373146 0.0366424 0.0035955 0.0044359 0.0623224 0.0409680 0.0293798 0.0025566 0.0089086 0.0125355 0.3196456
147 E 147 0.0195327 0.0317083 0.0148128 0.0431550 0.0154500 0.0213725 0.1596217 0.0174743 0.0118489 0.0409560 0.0343593 0.0429695 0.0039551 0.0115185 0.0958306 0.0213522 0.0518374 0.0021805 0.0124793 0.0521765 0.2954087
148 K 148 0.0140479 0.0865429 0.0138247 0.0236161 0.0114562 0.0312382 0.0316909 0.0042269 0.0299960 0.0493927 0.0617813 0.0630067 0.0177251 0.0401715 0.0646537 0.0269371 0.0437339 0.0028447 0.0351293 0.0562820 0.2917023
149 K 149 0.0164503 0.0854144 0.0139131 0.0544468 0.0127724 0.0243358 0.0709994 0.0043999 0.0355712 0.0437634 0.0561379 0.0454652 0.0183655 0.0446438 0.0152580 0.0207391 0.0632027 0.0040893 0.0271583 0.0523349 0.2905386
150 V 150 0.0162165 0.0218555 0.0104829 0.0254478 0.0306440 0.0107588 0.0471689 0.0055068 0.0251968 0.0953983 0.0540888 0.0261931 0.0095617 0.0154114 0.0138930 0.0182782 0.0592463 0.0031096 0.0135096 0.2141564 0.2838756
151 N 151 0.0089589 0.0309451 0.0198574 0.0126070 0.0338369 0.0096912 0.0956255 0.0017540 0.0129767 0.1091179 0.0326913 0.0234477 0.0069502 0.0178199 0.0137307 0.0284486 0.0910991 0.0000000 0.0050969 0.1800693 0.2652757
152 L 152 0.0094850 0.0105571 0.0158085 0.0252452 0.0036029 0.0069602 0.0684816 0.0018343 0.0272651 0.0921070 0.2848572 0.0303504 0.0086881 0.0211737 0.0097340 0.0144696 0.0243977 0.0008602 0.0105518 0.0786246 0.2549458
153 V 153 0.0172833 0.0424307 0.0383599 0.0138811 0.0110221 0.0378878 0.0440150 0.0059089 0.0389431 0.0594557 0.2031291 0.0462143 0.0213993 0.0119591 0.0259804 0.0330275 0.0370110 0.0133978 0.0088336 0.0468256 0.2430349
154 L 154 0.0066323 0.1659468 0.0051603 0.0204194 0.0040966 0.0108976 0.0352425 0.0034374 0.0192113 0.0309038 0.0384203 0.2669946 0.0087374 0.0160931 0.0187299 0.0124688 0.0156614 0.0007517 0.0031826 0.0807093 0.2363029
155 G 155 0.0195642 0.1025486 0.0456722 0.0428787 0.0025468 0.0141398 0.0775319 0.0786989 0.0060955 0.0040504 0.0067353 0.3130126 0.0015458 0.0022353 0.0167239 0.0695567 0.0203934 0.0004623 0.0009186 0.0087194 0.1659697
156 D 156 0.0317065 0.0142521 0.0297101 0.1058804 0.0026544 0.0270271 0.1156881 0.1925370 0.0135840 0.0076347 0.0076523 0.0337495 0.0067590 0.0007291 0.1340624 0.0517405 0.0338914 0.0034156 0.0079558 0.0094555 0.1699145
157 G 157 0.0449710 0.0308068 0.0840218 0.0613899 0.0065506 0.0414845 0.0464298 0.1841608 0.0178071 0.0034622 0.0093795 0.0465708 0.0030691 0.0029541 0.0614725 0.1375341 0.0422252 0.0000000 0.0043806 0.0105254 0.1608044
158 R 158 0.0569195 0.0543691 0.0456771 0.0382501 0.0057475 0.0512539 0.1171667 0.1086173 0.0116058 0.0032520 0.0124819 0.0903201 0.0184133 0.0062197 0.0073827 0.0856012 0.0549133 0.0000000 0.0143008 0.0294158 0.1880921
159 S 159 0.0087203 0.0174928 0.0059099 0.0164102 0.0081877 0.0174150 0.0225415 0.5093405 0.0004875 0.0011935 0.0015075 0.0207690 0.0007497 0.0000000 0.0391446 0.1454128 0.0217686 0.0005211 0.0004238 0.0020678 0.1599364
160 L 160 0.0012456 0.0000000 0.0000000 0.0026597 0.0000000 0.0007580 0.0000000 0.0000000 0.0011233 0.0081567 0.5575886 0.0000000 0.0066819 0.1940426 0.0015888 0.0031056 0.0000000 0.0119865 0.0516595 0.0118882 0.1475148
161 G 161 0.0025827 0.0031636 0.0019043 0.0051584 0.0000000 0.0017990 0.0019066 0.8290545 0.0012826 0.0000000 0.0000000 0.0017264 0.0000000 0.0000000 0.0030564 0.0016354 0.0011124 0.0000000 0.0000000 0.0000000 0.1456176
162 L 162 0.0019121 0.0008972 0.0000000 0.0000000 0.0096918 0.0007122 0.0000000 0.0000000 0.0011384 0.1659054 0.1365270 0.0000000 0.0279431 0.4710759 0.0000000 0.0005367 0.0006761 0.0000000 0.0005901 0.0333554 0.1490385
163 T 163 0.0324756 0.0494608 0.0606968 0.0047424 0.0162448 0.0187683 0.0067728 0.0307182 0.0284421 0.0031541 0.0100589 0.0271994 0.0167024 0.0088122 0.0007698 0.3706152 0.1162062 0.0000000 0.0069398 0.0400562 0.1511638
164 I 164 0.0016814 0.0000000 0.0007277 0.0000000 0.0079843 0.0000000 0.0000000 0.0000000 0.0017664 0.4438068 0.2326070 0.0000000 0.0029006 0.0150077 0.0009166 0.0014522 0.0011729 0.0000000 0.0000000 0.1367806 0.1531957
165 R 165 0.1409801 0.1105816 0.0081297 0.0094161 0.0238931 0.0167399 0.0352989 0.0061712 0.0150609 0.0493702 0.0552057 0.0404503 0.0044659 0.0016019 0.0008915 0.0564462 0.0561735 0.0064673 0.0006295 0.1774294 0.1845970
166 G 166 0.0262702 0.0207063 0.0061959 0.0365477 0.0055522 0.0079230 0.0141695 0.5112822 0.0047108 0.0060938 0.0028506 0.0209158 0.0006924 0.0022859 0.0133372 0.0715588 0.0381689 0.0004643 0.0024252 0.0013632 0.2064861
167 G 167 0.0157890 0.0097531 0.0288983 0.0270853 0.0039918 0.0017895 0.0273120 0.4779383 0.0027714 0.0019611 0.0159899 0.0174611 0.0038648 0.0016658 0.0226211 0.0422566 0.0199546 0.0003698 0.0417704 0.0099989 0.2267572
168 A 168 0.0846063 0.1016261 0.0254469 0.0410737 0.0047370 0.0421023 0.0455747 0.0071024 0.0109889 0.0471041 0.0345204 0.1303080 0.0049451 0.0142593 0.0294436 0.0487152 0.0406848 0.0006704 0.0170756 0.0696124 0.1994028
169 E 169 0.0108630 0.0108790 0.0622214 0.2117850 0.0067635 0.0258470 0.1896434 0.1431260 0.0295905 0.0044157 0.0124856 0.0249514 0.0028678 0.0024660 0.0108297 0.0269165 0.0145386 0.0009117 0.0019258 0.0030671 0.2039054
170 Y 170 0.0175322 0.0169881 0.0677285 0.0498005 0.0156517 0.0237948 0.0626606 0.0943161 0.0344898 0.0045818 0.0151592 0.0220238 0.0138818 0.0189250 0.0478621 0.1661518 0.0603372 0.0103339 0.0424846 0.0149790 0.2003176
171 G 171 0.0328317 0.0422328 0.0756096 0.1644759 0.0049624 0.0172474 0.0343363 0.1156577 0.0085963 0.0142239 0.0361363 0.0671498 0.0037205 0.0073510 0.0731679 0.0649561 0.0188144 0.0000000 0.0018926 0.0187363 0.1979008
172 L 172 0.0309222 0.0362119 0.0358927 0.0257460 0.0176328 0.0364688 0.0623317 0.0212246 0.0165581 0.0153851 0.1235253 0.0424440 0.0476222 0.0094502 0.1011301 0.0705680 0.0451876 0.0000000 0.0139219 0.0436164 0.2041605
173 G 173 0.0122374 0.0092498 0.0018137 0.0183909 0.0023386 0.0198385 0.0046503 0.4845683 0.0124080 0.0044196 0.0063241 0.0058274 0.0002852 0.0121863 0.1712506 0.0464829 0.0021615 0.0037616 0.0005752 0.0058443 0.1753857
174 I 174 0.0080126 0.0022957 0.0008989 0.0000000 0.0062204 0.0533665 0.0012442 0.0000000 0.0574422 0.4060009 0.0930988 0.0000000 0.0058579 0.0172330 0.0121491 0.0137697 0.0111294 0.0000000 0.0032395 0.1479139 0.1601273
175 Y 175 0.0034452 0.0380574 0.0012529 0.0003407 0.0027049 0.0118785 0.0032971 0.0000000 0.0028482 0.0434266 0.0314312 0.0253146 0.0033256 0.3241400 0.0000000 0.0068780 0.0285717 0.0008216 0.2179999 0.0968817 0.1573842
176 I 176 0.0024248 0.0009199 0.0000000 0.0000000 0.0007262 0.0006230 0.0026597 0.0000000 0.0000000 0.4277170 0.0223325 0.0000000 0.0066582 0.0059574 0.0000000 0.0010770 0.0007684 0.0008315 0.0000000 0.3762102 0.1510940
177 T 177 0.0287498 0.0680282 0.0169679 0.0124220 0.0062833 0.0265043 0.0180761 0.0550445 0.0416407 0.0065994 0.0380332 0.2205616 0.0022320 0.0072681 0.0011226 0.1862725 0.0841731 0.0056997 0.0014669 0.0221117 0.1507424
178 G 178 0.0484438 0.1049224 0.0569198 0.0688068 0.0042012 0.0350824 0.0743004 0.0426638 0.0389426 0.0012346 0.0031647 0.1059613 0.0177436 0.0251991 0.0005426 0.1525005 0.0479922 0.0045655 0.0084209 0.0069092 0.1514825
179 V 179 0.0007323 0.0000000 0.0000000 0.0007433 0.0024959 0.0000000 0.0010416 0.0000000 0.0000000 0.3853907 0.1324782 0.0005894 0.0078953 0.0012621 0.0045262 0.0000000 0.0082183 0.0000000 0.0000000 0.3011964 0.1534302
180 D 180 0.0494266 0.0276726 0.0215645 0.0783441 0.0026966 0.0407660 0.0369442 0.0017267 0.0109990 0.0994158 0.1294084 0.0325317 0.0174945 0.0572387 0.0028552 0.0345964 0.0602629 0.0011017 0.0241173 0.1165922 0.1542448
