  253         A         R         N         D         C         Q         E         G         H         I         L         K         M         F         P         S         T         W         Y         V    
  1 G   1 0.5245563 0.0000000 0.0000000 0.0000000 0.0000000 0.0000000 0.0000000 0.4754437 0.0000000 0.0000000 0.0000000 0.0000000 0.0000000 0.0000000 0.0000000 0.0000000 0.0000000 0.0000000 0.0000000 0.0000000
  2 A   2 0.1825804 0.0183360 0.0062008 0.0107996 0.0150356 0.0331887 0.0028373 0.0295427 0.0024308 0.0000000 0.0041449 0.0054765 0.0137185 0.0039255 0.1547296 0.3543433 0.1453155 0.0000000 0.0049095 0.0124849
  3 M   3 0.1199992 0.0282567 0.0196402 0.0533122 0.0000000 0.0544066 0.1358210 0.0080964 0.0139778 0.1058780 0.1156244 0.0114183 0.0499946 0.0028796 0.0595115 0.1513401 0.0316148 0.0047629 0.0024302 0.0310357
  4 G   4 0.2089286 0.0081036 0.0522384 0.0235109 0.0035599 0.0253754 0.0146382 0.1761173 0.0040284 0.0569163 0.0077253 0.0542971 0.0040436 0.0000000 0.2066816 0.0651682 0.0328604 0.0266163 0.0000000 0.0291906
  5 S   5 0.1112718 0.0185950 0.0139676 0.1108996 0.0106988 0.0129119 0.1022279 0.0375990 0.0265687 0.0000000 0.0050903 0.0487272 0.0133137 0.0008733 0.2331857 0.1918691 0.0470410 0.0040665 0.0040209 0.0070721
  6 G   6 0.0653752 0.0513242 0.0120248 0.0163353 0.0050958 0.0443331 0.0364308 0.2839314 0.0164544 0.0080221 0.0051673 0.0097913 0.0067575 0.0080018 0.1275285 0.1135153 0.0793298 0.0425156 0.0585036 0.0095623
  7 E   7 0.0041000 0.0654264 0.0201519 0.1075596 0.0000000 0.1278674 0.4182307 0.0301380 0.0292980 0.0012676 0.0113811 0.0786896 0.0009013 0.0013512 0.0537981 0.0164384 0.0084488 0.0000000 0.0018687 0.0230830
  8 V   8 0.0344493 0.0074812 0.0031745 0.0059875 0.0056876 0.0180112 0.0436939 0.0036877 0.0030759 0.1525149 0.1166838 0.0051252 0.0104084 0.0147302 0.2669784 0.0187408 0.0992196 0.0059517 0.0437520 0.1406463
  9 R   9 0.0014306 0.3267336 0.0044638 0.0105635 0.0049037 0.0262705 0.1544541 0.0016105 0.0485870 0.0281873 0.0297496 0.1322663 0.0157962 0.0614870 0.0015991 0.0185633 0.0541972 0.0000000 0.0417612 0.0373756
 10 L  10 0.0146418 0.0370878 0.0263987 0.0613063 0.0160822 0.0172871 0.1160487 0.0034518 0.0376605 0.0860462 0.1756231 0.0397392 0.0154084 0.0382032 0.0140575 0.0292273 0.1461121 0.0006646 0.0143579 0.1105955
 11 V  11 0.0212693 0.0083474 0.0000000 0.0015073 0.0871875 0.0027134 0.0034355 0.0000000 0.0014351 0.2360391 0.0607334 0.0031599 0.0194045 0.0271416 0.0010318 0.0043918 0.0125758 0.0026210 0.0100091 0.4969966
 12 S  12 0.0161579 0.0603548 0.0194327 0.0425623 0.0097690 0.0238190 0.2429803 0.0088553 0.0580953 0.0298435 0.0297148 0.0617486 0.0062158 0.0037374 0.0043638 0.0409081 0.2318090 0.0009405 0.0103226 0.0983695
 13 L  13 0.0047172 0.0000000 0.0010943 0.0008327 0.0031786 0.0004961 0.0005845 0.0000000 0.0000000 0.2979348 0.4441056 0.0000000 0.0228681 0.0135147 0.0025647 0.0009371 0.0137852 0.0004893 0.0023311 0.1905660
 14 R  14 0.0192720 0.0567409 0.0506439 0.0395763 0.0133131 0.0624778 0.1670955 0.0030347 0.0859454 0.0308352 0.0266061 0.0956945 0.0170765 0.0262920 0.0228555 0.0512405 0.1021705 0.0073670 0.0189937 0.1027689
 15 R  15 0.0011758 0.2482897 0.0017796 0.0008563 0.0023975 0.0019302 0.0000000 0.0034584 0.0077069 0.0632131 0.2623241 0.3692922 0.0071576 0.0039334 0.0023023 0.0007841 0.0034524 0.0000000 0.0000000 0.0199465
 16 A  16 0.0523929 0.0648352 0.0294465 0.0720149 0.0036145 0.0413672 0.1420840 0.0572467 0.0277464 0.0420498 0.0374629 0.0842630 0.0181810 0.0298577 0.0501061 0.0976812 0.0541976 0.0073560 0.0059783 0.0821181
 17 K  17 0.0135311 0.1133612 0.0726728 0.0868669 0.0034123 0.0197661 0.1398810 0.0134402 0.0156571 0.0025403 0.0019471 0.3389362 0.0041637 0.0012424 0.1023019 0.0484876 0.0166423 0.0020880 0.0017551 0.0013068
 18 A  18 0.0378507 0.0268147 0.0264124 0.0906508 0.0071789 0.0226526 0.0728287 0.3827827 0.0105255 0.0060105 0.0053410 0.0363395 0.0057572 0.0016427 0.0948032 0.1174349 0.0310125 0.0000000 0.0074988 0.0164629
 19 H  19 0.0692282 0.0178058 0.1248078 0.0879106 0.0046781 0.0502863 0.0704925 0.1800386 0.0360633 0.0068512 0.0145441 0.0285083 0.0038213 0.0107188 0.0808207 0.1237358 0.0578999 0.0000000 0.0071280 0.0246608
 20 E  20 0.0439164 0.0697832 0.0703735 0.0329574 0.0045051 0.0777337 0.1761523 0.1293797 0.0105642 0.0060009 0.0216312 0.1255338 0.0278407 0.0018588 0.0045961 0.1136254 0.0619275 0.0000000 0.0139259 0.0076942
 21 G  21 0.0102173 0.0072647 0.0059170 0.0221333 0.0073298 0.0153096 0.0150922 0.6376902 0.0027059 0.0008421 0.0012078 0.0078506 0.0000000 0.0007908 0.0679628 0.1764453 0.0212406 0.0000000 0.0000000 0.0000000
 22 L  22 0.0000000 0.0000000 0.0000000 0.0000000 0.0034799 0.0000000 0.0000000 0.0000000 0.0000000 0.0123549 0.6512113 0.0000000 0.0057366 0.2460747 0.0010148 0.0006004 0.0000000 0.0058022 0.0675998 0.0061254
 23 G  23 0.0049388 0.0000000 0.0022314 0.0034527 0.0000000 0.0009714 0.0010035 0.9755182 0.0034630 0.0000000 0.0000000 0.0000000 0.0000000 0.0000000 0.0024480 0.0038909 0.0011084 0.0000000 0.0009735 0.0000000
 24 F  24 0.0012650 0.0000000 0.0000000 0.0000000 0.0012915 0.0000000 0.0000000 0.0000000 0.0000000 0.2413440 0.1531250 0.0000000 0.0385165 0.5365931 0.0000000 0.0008162 0.0000000 0.0000000 0.0034087 0.0236400
 25 S  25 0.0423883 0.0590254 0.0462642 0.0080314 0.0110272 0.0232730 0.0080942 0.0261507 0.0557682 0.0029914 0.0113692 0.0322008 0.0116861 0.0180164 0.0000000 0.4039077 0.1725985 0.0000000 0.0151530 0.0520545
 26 I  26 0.0035178 0.0011132 0.0000000 0.0000000 0.0018726 0.0000000 0.0000000 0.0000000 0.0000000 0.4965342 0.2641449 0.0000000 0.0059817 0.0072870 0.0000000 0.0000000 0.0019112 0.0000000 0.0000000 0.2176374
 27 R  27 0.2568526 0.1260537 0.0071860 0.0034466 0.0097017 0.0204290 0.0343602 0.0068265 0.0289897 0.0661329 0.0407665 0.0283168 0.0068002 0.0029174 0.0000000 0.0740251 0.0683001 0.0031264 0.0019244 0.2138442
 28 G  28 0.0314608 0.0261923 0.0040857 0.0203653 0.0031995 0.0117027 0.0316688 0.6911617 0.0076994 0.0117140 0.0036939 0.0187201 0.0026783 0.0017208 0.0169639 0.0650918 0.0427656 0.0000000 0.0045401 0.0045754
 29 G  29 0.0130335 0.0171507 0.0416952 0.0411160 0.0158122 0.0063684 0.0633703 0.6388143 0.0109137 0.0046450 0.0294421 0.0213795 0.0016970 0.0053760 0.0075259 0.0388450 0.0183693 0.0017102 0.0096141 0.0131216
 30 S  30 0.0597918 0.1408616 0.0296056 0.0698498 0.0077275 0.0376859 0.0661417 0.0057841 0.0125673 0.0378899 0.0358509 0.1993074 0.0068167 0.0053596 0.0167933 0.1032906 0.0787928 0.0017580 0.0078126 0.0763127
 31 E  31 0.0147942 0.0344422 0.0541292 0.3380366 0.0102582 0.0189833 0.2148502 0.1726506 0.0092310 0.0016701 0.0201415 0.0139819 0.0028591 0.0024287 0.0241469 0.0440881 0.0143010 0.0009743 0.0064663 0.0015666
 32 H  32 0.0111202 0.0460700 0.1334933 0.0277368 0.0132800 0.0299752 0.0986169 0.0386626 0.0698105 0.0051864 0.0274124 0.0348426 0.0130276 0.0283985 0.0541405 0.1918665 0.1054961 0.0069134 0.0281576 0.0357927
 33 G  33 0.0376541 0.0584881 0.0616914 0.2121440 0.0127604 0.0218273 0.0468129 0.1901854 0.0055602 0.0146101 0.0257103 0.0864132 0.0029701 0.0023637 0.1095110 0.0790378 0.0189149 0.0000000 0.0000000 0.0133450
 34 V  34 0.0353387 0.0285396 0.0461385 0.0162925 0.0283875 0.0532164 0.0788763 0.0632273 0.0175031 0.0319671 0.1544389 0.0379618 0.0559393 0.0049846 0.1020684 0.0772091 0.0902218 0.0007227 0.0134528 0.0635137
 35 G  35 0.0293158 0.0120026 0.0086730 0.0098652 0.0017236 0.0188324 0.0022310 0.5987361 0.0324471 0.0009395 0.0079021 0.0179480 0.0000000 0.0315751 0.1380271 0.0676394 0.0029259 0.0000000 0.0012943 0.0179217
 36 I  36 0.0121266 0.0003668 0.0006827 0.0000000 0.0153707 0.0752803 0.0018493 0.0012523 0.0890766 0.4312118 0.1135640 0.0000000 0.0118941 0.0145643 0.0283306 0.0077512 0.0149934 0.0000000 0.0106951 0.1709904
 37 Y  37 0.0043471 0.0418607 0.0013782 0.0005060 0.0030002 0.0317503 0.0040618 0.0000000 0.0012501 0.0659928 0.0605032 0.0279772 0.0088706 0.3636262 0.0006559 0.0070096 0.0431040 0.0015467 0.2246684 0.1078908
 38 V  38 0.0020139 0.0000000 0.0000000 0.0000000 0.0007519 0.0007310 0.0000000 0.0000000 0.0000000 0.4758183 0.0164528 0.0000000 0.0046894 0.0102754 0.0007914 0.0000000 0.0010076 0.0066939 0.0005508 0.4802236
 39 S  39 0.0345842 0.1037740 0.0125605 0.0161573 0.0119271 0.0459957 0.0184939 0.0638481 0.0537958 0.0083797 0.0334450 0.2240285 0.0028132 0.0076958 0.0007658 0.2230845 0.1008425 0.0062371 0.0026365 0.0289348
 40 L  40 0.0451892 0.1178413 0.0623776 0.0975074 0.0061169 0.0456097 0.0853246 0.0486044 0.0627954 0.0018944 0.0219590 0.1295444 0.0189260 0.0101163 0.0007678 0.1589406 0.0527579 0.0070778 0.0087080 0.0179415
 41 V  41 0.0014436 0.0000000 0.0000000 0.0018368 0.0034381 0.0017662 0.0009867 0.0000000 0.0000000 0.4513911 0.1232379 0.0000000 0.0098779 0.0013830 0.0010677 0.0000000 0.0064103 0.0000000 0.0000000 0.3971605
 42 E  42 0.0394002 0.0405715 0.0237480 0.0783561 0.0020581 0.0402262 0.1163887 0.0016689 0.0116071 0.1390541 0.1405577 0.0330817 0.0113646 0.0519484 0.0026609 0.0342317 0.0683156 0.0017609 0.0335460 0.1294535
 43 P  43 0.0637582 0.0343583 0.0059134 0.0593522 0.0019904 0.0293053 0.1679639 0.0059818 0.0177820 0.0043047 0.0135818 0.0879487 0.0037160 0.0021809 0.4288906 0.0532425 0.0135098 0.0000000 0.0013287 0.0048909
 44 G  44 0.0175389 0.0270544 0.0955149 0.1513290 0.0025765 0.0188620 0.0438517 0.5233462 0.0232072 0.0021752 0.0088391 0.0290231 0.0040244 0.0003996 0.0031910 0.0312136 0.0060748 0.0011443 0.0054405 0.0051936
 45 S  45 0.0058488 0.0027072 0.0017244 0.0000000 0.0084613 0.0124624 0.0012861 0.6129804 0.0012069 0.0000000 0.0094786 0.0048548 0.0007677 0.0006226 0.0129151 0.3056276 0.0168598 0.0000000 0.0000000 0.0021963
 46 L  46 0.2759975 0.0192666 0.0024670 0.0023668 0.0123028 0.0163916 0.0149213 0.0017313 0.0009242 0.0630227 0.0676717 0.0141985 0.0070516 0.0008750 0.3163774 0.0426403 0.0119749 0.0023101 0.0007542 0.1267543
 47 A  47 0.8354805 0.0080516 0.0000000 0.0000000 0.0098778 0.0025735 0.0005651 0.0062207 0.0009379 0.0359387 0.0168797 0.0112677 0.0000000 0.0015229 0.0050961 0.0143366 0.0034330 0.0005278 0.0000000 0.0472905
 48 E  48 0.2432155 0.0114033 0.0012565 0.2079115 0.0106884 0.0315767 0.2019886 0.0588951 0.0681122 0.0150464 0.0035211 0.0121965 0.0037788 0.0120592 0.0048626 0.0704805 0.0033559 0.0159357 0.0138410 0.0098743
 49 K  49 0.0606817 0.3227572 0.0221583 0.0253081 0.0125362 0.1132349 0.0447988 0.0029418 0.0225679 0.0100415 0.0741205 0.1944310 0.0111988 0.0010470 0.0035007 0.0246051 0.0249941 0.0000000 0.0068532 0.0222231
 50 E  50 0.1714931 0.0041450 0.0442833 0.3848596 0.0621212 0.0159608 0.0717774 0.0592833 0.0133568 0.0018930 0.0080426 0.0079772 0.0007054 0.0023352 0.0029528 0.0895386 0.0430081 0.0000000 0.0014633 0.0148032
 51 G  51 0.0051313 0.0459548 0.0236211 0.0043054 0.0009717 0.0316557 0.0026960 0.8303716 0.0032860 0.0004061 0.0050608 0.0303169 0.0007241 0.0004429 0.0011567 0.0063841 0.0062718 0.0006283 0.0000000 0.0006147
 52 L  52 0.0013477 0.0000000 0.0000000 0.0000000 0.0000000 0.0000000 0.0000000 0.0000000 0.0000000 0.1550621 0.7387197 0.0000000 0.0490480 0.0039636 0.0017926 0.0000000 0.0000000 0.0000000 0.0000000 0.0500663
 53 R  53 0.0356599 0.2337200 0.0194958 0.0051349 0.0235143 0.1988654 0.0469818 0.0055407 0.0517522 0.0079319 0.0581159 0.2155075 0.0183683 0.0129238 0.0100465 0.0199668 0.0099034 0.0096618 0.0045314 0.0123776
 54 V  54 0.0855023 0.0411240 0.0114614 0.0269087 0.0029010 0.0282872 0.1096185 0.0021172 0.0030639 0.0895937 0.0255979 0.0436421 0.0144429 0.0019775 0.1518369 0.0508462 0.0564678 0.0000000 0.0067292 0.2478815
 55 G  55 0.0153881 0.0033700 0.0957395 0.0143810 0.0006029 0.0080181 0.0125957 0.7969213 0.0159372 0.0000000 0.0056911 0.0027823 0.0023264 0.0034868 0.0013469 0.0071739 0.0042363 0.0016204 0.0083820 0.0000000
 56 D  56 0.0083805 0.0017616 0.0055814 0.9343029 0.0008776 0.0056560 0.0134456 0.0102031 0.0024209 0.0006500 0.0013514 0.0004585 0.0048558 0.0015371 0.0000000 0.0059652 0.0007565 0.0000000 0.0008446 0.0009512
 57 Q  57 0.0135409 0.3145448 0.0025052 0.0020362 0.0402184 0.1506671 0.1510401 0.0011133 0.0408123 0.0517886 0.0394634 0.0771928 0.0135854 0.0077237 0.0000000 0.0056369 0.0088493 0.0061825 0.0102822 0.0628169
 58 I  58 0.0006807 0.0008709 0.0007152 0.0010609 0.0000000 0.0008263 0.0000000 0.0000000 0.0000000 0.5492291 0.3219125 0.0000000 0.0019760 0.0017610 0.0000000 0.0006994 0.0007101 0.0000000 0.0000000 0.1195579
 59 L  59 0.0103620 0.0024988 0.0000000 0.0000000 0.0024191 0.0014951 0.0024844 0.0015442 0.0052667 0.1339756 0.5835292 0.0132635 0.0267775 0.0036875 0.0000000 0.0073908 0.0148943 0.0008984 0.0034385 0.1860745
 60 R  60 0.2024875 0.0762409 0.0120865 0.0157387 0.0099341 0.0572505 0.2951904 0.0100051 0.0029679 0.0032156 0.0040994 0.0758233 0.0195666 0.0124304 0.0000000 0.1520761 0.0142727 0.0046971 0.0268648 0.0050523
 61 V  61 0.0109727 0.0000000 0.0000000 0.0000000 0.0027706 0.0008183 0.0009809 0.0000000 0.0008256 0.3303982 0.0279438 0.0000000 0.0030563 0.0049363 0.0000000 0.0000000 0.0019059 0.0000000 0.0034784 0.6119130
 62 N  62 0.0108225 0.0016541 0.7913065 0.1151502 0.0166801 0.0017640 0.0081141 0.0265963 0.0033487 0.0009965 0.0019179 0.0005656 0.0007041 0.0000000 0.0000000 0.0138004 0.0017830 0.0000000 0.0047961 0.0000000
 63 D  63 0.0078259 0.0107480 0.0698277 0.1137699 0.0009564 0.0111464 0.0445449 0.6495064 0.0283645 0.0000000 0.0008444 0.0160078 0.0020713 0.0015380 0.0000000 0.0367856 0.0053730 0.0000000 0.0006899 0.0000000
 64 K  64 0.0248322 0.0382398 0.0123311 0.0126780 0.0114743 0.0948679 0.1114866 0.0115986 0.0417835 0.1571615 0.0245299 0.0661291 0.0217633 0.0083717 0.0000000 0.0104265 0.1295765 0.0029943 0.0233991 0.1963560
 65 S  65 0.0238897 0.0447619 0.1395647 0.2236919 0.0443573 0.0170747 0.0224250 0.0075763 0.0069605 0.0202139 0.0138546 0.0097843 0.0031950 0.0125052 0.0840566 0.2642627 0.0240086 0.0012076 0.0070553 0.0295541
 66 L  66 0.0098294 0.0008084 0.0000000 0.0000000 0.0117143 0.0000000 0.0000000 0.0009357 0.0012147 0.0833099 0.4117387 0.0000000 0.0618426 0.0272169 0.0015322 0.0071070 0.0721087 0.0000000 0.0000000 0.3106413
 67 A  67 0.0511465 0.1395244 0.0097482 0.0567205 0.0087676 0.0908459 0.1853874 0.0057425 0.0228811 0.0417960 0.0846198 0.0466848 0.0087617 0.0008038 0.0017353 0.0678664 0.1008496 0.0004187 0.0258679 0.0498320
 68 R  68 0.0237406 0.0225614 0.2038010 0.1062882 0.0018802 0.0144452 0.0529931 0.3551666 0.0403983 0.0011146 0.0063365 0.0495138 0.0015625 0.0028552 0.0034637 0.0665195 0.0286944 0.0007275 0.0159716 0.0019661
 69 V  69 0.1583506 0.0402007 0.0006919 0.0058053 0.0337989 0.0070710 0.0512190 0.0205918 0.0140076 0.0571574 0.1968267 0.0852064 0.0869283 0.0345747 0.0000000 0.0237799 0.0166575 0.0073345 0.0274500 0.1323478
 70 T  70 0.0190005 0.0336266 0.0347666 0.0416041 0.0065927 0.0087301 0.0390843 0.0214461 0.0071681 0.0041985 0.0024190 0.0171611 0.0052991 0.0000000 0.0563814 0.2636531 0.4215900 0.0000000 0.0025032 0.0147754
 71 H  71 0.0060659 0.0332888 0.0301363 0.0046598 0.0073207 0.0469804 0.0104444 0.0009362 0.6094911 0.0123086 0.0577317 0.0052653 0.0205478 0.0482352 0.0197760 0.0337430 0.0062833 0.0000000 0.0304203 0.0163652
 72 A  72 0.1224842 0.0361031 0.0512205 0.0904052 0.0084380 0.1116221 0.2337008 0.0281122 0.0331158 0.0034965 0.0293413 0.0561467 0.0084956 0.0092354 0.0081373 0.1027212 0.0408994 0.0008829 0.0138173 0.0116244
 73 E  73 0.0335612 0.0349487 0.0251291 0.1458808 0.0000000 0.2208298 0.3309266 0.0105931 0.0153510 0.0040443 0.0212480 0.0408068 0.0086513 0.0075667 0.0059997 0.0344590 0.0273543 0.0000000 0.0194089 0.0132407
 74 A  74 0.5461998 0.0013554 0.0000000 0.0000000 0.0098511 0.0000000 0.0036710 0.0024595 0.0006024 0.0485471 0.0353548 0.0016666 0.0076056 0.0116035 0.0012110 0.0136011 0.0204388 0.0000000 0.0009455 0.2948868
 75 V  75 0.0885314 0.0377675 0.0092651 0.0015981 0.0034478 0.0397529 0.0099409 0.0033842 0.0067577 0.1167385 0.0703976 0.0088378 0.0169847 0.0033981 0.0007473 0.0309946 0.0211719 0.0060945 0.0058259 0.5183634
 76 K  76 0.1474671 0.0617529 0.0963943 0.0768313 0.0013641 0.1386386 0.1606952 0.0172799 0.0271126 0.0010231 0.0218037 0.0674781 0.0047301 0.0025467 0.0091676 0.1185625 0.0381977 0.0007496 0.0031182 0.0050867
 77 A  77 0.1397115 0.0389468 0.0035081 0.0017443 0.0104532 0.0167592 0.0068411 0.0029719 0.0083547 0.1643449 0.2670221 0.0419133 0.0831139 0.0237439 0.0022259 0.0065282 0.0402072 0.0012463 0.0043615 0.1360020
 78 L  78 0.0039740 0.0010410 0.0000000 0.0000000 0.0029061 0.0000000 0.0013796 0.0012054 0.0007362 0.2146301 0.6009754 0.0004001 0.0407520 0.0889929 0.0000000 0.0011902 0.0019781 0.0000000 0.0000000 0.0398389
 79 K  79 0.0319619 0.2953512 0.0060655 0.0072154 0.0030826 0.1192475 0.0157524 0.0138489 0.0131823 0.0093823 0.0219634 0.3789924 0.0036948 0.0000000 0.0005873 0.0267014 0.0402298 0.0034163 0.0005123 0.0088120
 80 G  80 0.1173279 0.0555161 0.1304416 0.0377405 0.0164363 0.1553073 0.0914346 0.0585596 0.0179479 0.0020233 0.0061491 0.0879180 0.0060887 0.0018514 0.0069636 0.1478616 0.0485975 0.0000000 0.0039595 0.0078754
 81 S  81 0.2836435 0.0070123 0.0268736 0.0054559 0.0870679 0.0332332 0.0096951 0.0365026 0.0200264 0.0229970 0.0335540 0.0102907 0.0026861 0.0021416 0.0464379 0.2121294 0.1048034 0.0000000 0.0060872 0.0493622
 82 K  82 0.0365053 0.0506865 0.0172717 0.0224989 0.0210396 0.0277685 0.0655147 0.3642616 0.0062512 0.0008529 0.0246293 0.0738887 0.0105021 0.0009236 0.1395648 0.0802262 0.0436221 0.0033033 0.0032574 0.0074316
 83 K  83 0.0352074 0.0662175 0.1113849 0.1150027 0.0025673 0.0915987 0.0946022 0.0941512 0.0216594 0.0204542 0.0233820 0.0744913 0.0071155 0.0034022 0.0500582 0.1252443 0.0414243 0.0000000 0.0055128 0.0165239
 84 L  84 0.0289743 0.0789543 0.0278204 0.0317341 0.0098973 0.0588421 0.0739842 0.0247452 0.0294045 0.0596847 0.0935524 0.0529813 0.0166826 0.0117362 0.0616660 0.0814746 0.1318361 0.0016742 0.0104382 0.1139175
 85 V  85 0.0425655 0.0218948 0.0072809 0.0092648 0.0113824 0.0040090 0.0161584 0.0052531 0.0123907 0.0878402 0.0931379 0.0154025 0.0081527 0.0135641 0.0075710 0.0461639 0.0566108 0.0022068 0.0000000 0.5391503
 86 L  86 0.0153528 0.1221966 0.0405497 0.0282931 0.0174036 0.0439329 0.0498681 0.0070610 0.0420817 0.0318377 0.1026739 0.0955755 0.0317715 0.0189274 0.0208342 0.0613638 0.1582851 0.0048739 0.0256415 0.0814762
 87 S  87 0.0161733 0.0072538 0.0029871 0.0056393 0.0015405 0.0115277 0.0077551 0.0038497 0.0123110 0.0610555 0.5987500 0.0273227 0.0622566 0.0441923 0.0099915 0.0179877 0.0406775 0.0000000 0.0052387 0.0634901
 88 V  88 0.0077357 0.0328341 0.0072665 0.0081621 0.0042560 0.0317287 0.0423888 0.0082957 0.0143562 0.0808118 0.2003504 0.0477633 0.0158442 0.0059565 0.0089248 0.0169348 0.1254755 0.0000000 0.0185092 0.3224056
 89 Y  89 0.0397380 0.0592345 0.0012961 0.0010009 0.0248194 0.0155312 0.0032122 0.0065660 0.0034159 0.1876078 0.1342952 0.0121458 0.0065407 0.0140385 0.0089845 0.0052990 0.0225804 0.0013749 0.0112921 0.4410269
 90 S  90 0.0951852 0.1318735 0.0039212 0.0146520 0.0522705 0.0721385 0.0634151 0.0472242 0.0249466 0.0439191 0.1110931 0.0360307 0.0128400 0.0076465 0.0267384 0.1017922 0.0170647 0.0054638 0.0196876 0.1120971
 91 A  91 0.0480451 0.4514360 0.0268388 0.0810965 0.0014497 0.0270420 0.0107656 0.0162928 0.0131707 0.0098194 0.0121559 0.0582769 0.0122957 0.0034623 0.0853246 0.0486679 0.0247369 0.0000000 0.0349856 0.0341375
 92 G  92 0.0418724 0.1059873 0.0280877 0.0651185 0.0035130 0.0482944 0.1032680 0.1854346 0.0150847 0.0187951 0.0478008 0.0770158 0.0084993 0.0072724 0.1212902 0.0385006 0.0354161 0.0025863 0.0162231 0.0299395
 93 R  93 0.0458863 0.0904917 0.0437607 0.0526533 0.0042027 0.0512550 0.1173113 0.0662660 0.0268411 0.0389154 0.0507172 0.0993104 0.0236043 0.0143191 0.0886069 0.0513292 0.0463403 0.0004646 0.0397367 0.0479879
 94 I  94 0.0695825 0.0464993 0.0411564 0.0555113 0.0085210 0.0450273 0.0846820 0.0552656 0.0267416 0.0473119 0.0714353 0.0438126 0.0198351 0.0241307 0.1173835 0.0864188 0.0765102 0.0043162 0.0121969 0.0636618
 95 P  95 0.0530170 0.0426136 0.0456177 0.0956731 0.0066406 0.0403449 0.0774923 0.0387421 0.0345580 0.0213107 0.0720580 0.0402912 0.0088546 0.0342158 0.1768440 0.0715136 0.0518483 0.0034880 0.0383845 0.0464922
 96 G  96 0.0545324 0.0509715 0.0253520 0.0464173 0.0171281 0.0750093 0.0920539 0.0627826 0.0302495 0.0241058 0.0524436 0.0446395 0.0195537 0.0292752 0.1012898 0.1042131 0.0507793 0.0026070 0.0437570 0.0728394
 97 G  97 0.0446971 0.0492048 0.0415521 0.0478265 0.0117169 0.0614218 0.0699261 0.0612424 0.0231595 0.0462900 0.0703809 0.0616258 0.0243864 0.0481939 0.1005537 0.0938887 0.0421614 0.0045060 0.0420384 0.0552277
 98 Y  98 0.0917087 0.0657378 0.0360152 0.0585776 0.0267338 0.0401961 0.0743580 0.0261140 0.0254536 0.0268055 0.0468354 0.0567638 0.0216499 0.0299433 0.1059902 0.0982922 0.0564652 0.0077249 0.0615753 0.0430594
 99 V  99 0.0572591 0.0840359 0.0410915 0.0485679 0.0136978 0.0561614 0.0636926 0.0409406 0.0206954 0.0241972 0.0635493 0.0811469 0.0243793 0.0293658 0.0873121 0.1110928 0.0650852 0.0060760 0.0142007 0.0674527
100 T 100 0.0690452 0.0424689 0.0328208 0.0307033 0.0139545 0.0474979 0.0928864 0.0285620 0.0249744 0.0265485 0.0698791 0.0609576 0.0171790 0.0054305 0.1198311 0.1611853 0.1020839 0.0058473 0.0091472 0.0389972
101 N 101 0.0699939 0.0536218 0.0517482 0.0699210 0.0225389 0.0636073 0.0710840 0.0507526 0.0220557 0.0249913 0.0926939 0.0499215 0.0181766 0.0183779 0.0953668 0.1129561 0.0451603 0.0000000 0.0153936 0.0516384
102 H 102 0.0632014 0.0580921 0.0405838 0.0458122 0.0198134 0.0801149 0.0815046 0.0656857 0.0344817 0.0273104 0.0539905 0.0721806 0.0108981 0.0174434 0.0971670 0.1067193 0.0619009 0.0000000 0.0181170 0.0449828
103 I 103 0.0619897 0.0433882 0.0605264 0.0524208 0.0014856 0.0326540 0.0708027 0.0455010 0.0274988 0.0513247 0.0756834 0.0355903 0.0172213 0.0156797 0.1051888 0.1451698 0.0573412 0.0017081 0.0123021 0.0865234
104 Y 104 0.0547008 0.0405816 0.0374820 0.0566672 0.0045249 0.0452855 0.0580925 0.0377569 0.0321045 0.0345293 0.0818252 0.0360345 0.0168678 0.0130249 0.0998111 0.1794668 0.1026455 0.0073944 0.0230325 0.0381721
105 T 105 0.0594447 0.0414355 0.0370793 0.0678389 0.0211469 0.0462927 0.0813334 0.0419074 0.0247081 0.0476802 0.0905643 0.0503732 0.0148296 0.0246015 0.1147784 0.1111871 0.0721633 0.0019134 0.0102689 0.0404533
106 W 106 0.0659769 0.0416567 0.0516435 0.0439182 0.0142030 0.0527285 0.0521654 0.0442869 0.0344079 0.0413400 0.0734050 0.0561665 0.0238635 0.0186324 0.0785304 0.1020951 0.0907475 0.0555775 0.0189648 0.0396903
107 V 107 0.0596359 0.0486955 0.0446522 0.0538294 0.0189922 0.0660052 0.0668689 0.0424859 0.0394602 0.0349818 0.0828252 0.0495836 0.0282510 0.0183263 0.0659419 0.1127958 0.0643497 0.0058736 0.0227634 0.0736821
108 D 108 0.0676689 0.0425325 0.0302014 0.0728499 0.0107094 0.0441619 0.0671634 0.0328723 0.0180232 0.0316912 0.0742189 0.0329103 0.0271965 0.0267106 0.0999777 0.1569264 0.0703485 0.0017424 0.0384761 0.0536183
109 P 109 0.0723129 0.0369861 0.0319548 0.0489883 0.0231233 0.0537361 0.0624997 0.0489632 0.0330354 0.0297841 0.0776469 0.0422955 0.0266618 0.0180339 0.0831160 0.1095691 0.0746951 0.0103746 0.0452729 0.0709505
110 Q 110 0.0883401 0.0424515 0.0382896 0.0528787 0.0061045 0.0736355 0.0903679 0.0384375 0.0198992 0.0462183 0.0678114 0.0277274 0.0219568 0.0118593 0.0858679 0.1467056 0.0545099 0.0016746 0.0213402 0.0639242
111 G 111 0.0661014 0.0258594 0.0592612 0.0566384 0.0089922 0.0572000 0.0761940 0.0766036 0.0373483 0.0239668 0.0484586 0.0338050 0.0240335 0.0102207 0.0808792 0.1604244 0.0940039 0.0044922 0.0179803 0.0375368
112 R 112 0.0484282 0.0624806 0.0469381 0.0516074 0.0210068 0.0976428 0.0546613 0.0479597 0.0377624 0.0388041 0.0716463 0.0355474 0.0251127 0.0373070 0.0865407 0.0909797 0.0541236 0.0033405 0.0225603 0.0655505
113 S 113 0.0693109 0.0488160 0.0572425 0.0428830 0.0053054 0.0665631 0.0672169 0.0377936 0.0482713 0.0233230 0.0386127 0.0447284 0.0206561 0.0201864 0.0769387 0.2408604 0.0484187 0.0040253 0.0084179 0.0304299
114 T 114 0.0557271 0.0391805 0.0472415 0.0552685 0.0078747 0.0461478 0.0620682 0.0508380 0.0422387 0.0297411 0.0854005 0.0367591 0.0353394 0.0360511 0.0843053 0.1349461 0.0527735 0.0125134 0.0168489 0.0687364
115 S 115 0.0666817 0.0263640 0.0335156 0.0583390 0.0123520 0.0495420 0.0667102 0.0489106 0.0365756 0.0248589 0.0718880 0.0289828 0.0163589 0.0118936 0.1318822 0.1637045 0.0621946 0.0046575 0.0181975 0.0663910
116 P 116 0.0717203 0.0505835 0.0537358 0.0558859 0.0055083 0.0532172 0.0674939 0.0374085 0.0191213 0.0247813 0.0624481 0.0319991 0.0151746 0.0141425 0.1305251 0.1463052 0.0776451 0.0029582 0.0155839 0.0637621
117 P 117 0.0597926 0.0454534 0.0338143 0.0473987 0.0275757 0.0497969 0.0683227 0.0647354 0.0536496 0.0307239 0.0663873 0.0279231 0.0212031 0.0252469 0.1136215 0.1193841 0.0655000 0.0101608 0.0178672 0.0514426
118 S 118 0.0464168 0.0555305 0.0504773 0.0628739 0.0117584 0.0640679 0.0660416 0.0356121 0.0420746 0.0384499 0.0676674 0.0512068 0.0209263 0.0189462 0.0797297 0.1350124 0.0687834 0.0120973 0.0250230 0.0473046
119 S 119 0.0728392 0.0369174 0.0446538 0.0693506 0.0209275 0.0634682 0.0682068 0.0628037 0.0349711 0.0326875 0.0391118 0.0293359 0.0150202 0.0194683 0.0776244 0.1263188 0.0861596 0.0081158 0.0302429 0.0617765
120 L 120 0.0619897 0.0612942 0.0457489 0.0448989 0.0166709 0.0477474 0.0618181 0.0439445 0.0319100 0.0403173 0.0451418 0.0673115 0.0197700 0.0293164 0.1112727 0.1173780 0.0519575 0.0126961 0.0280273 0.0607890
121 P 121 0.0668060 0.0412331 0.0513470 0.0604752 0.0139926 0.0475161 0.0810866 0.0677243 0.0402249 0.0436740 0.0472106 0.0412652 0.0330503 0.0218092 0.1023038 0.1162783 0.0569659 0.0155264 0.0191463 0.0323643
122 Q 122 0.0590247 0.0469784 0.0331374 0.0662669 0.0095034 0.0473069 0.0945791 0.0629376 0.0396318 0.0322775 0.0597427 0.0284273 0.0061943 0.0168203 0.1084805 0.1342259 0.0756992 0.0120969 0.0234854 0.0431838
123 P 123 0.0544281 0.0572526 0.0313804 0.0718165 0.0050168 0.0458492 0.0728057 0.0422127 0.0326002 0.0146311 0.0614492 0.0459621 0.0160518 0.0087848 0.1641977 0.1608930 0.0537807 0.0051450 0.0167866 0.0389558
124 H 124 0.0748484 0.0620280 0.0508950 0.0544296 0.0146241 0.0535849 0.0606532 0.0517365 0.0520746 0.0256810 0.0572252 0.0312848 0.0199422 0.0215882 0.1068799 0.1338940 0.0552171 0.0049907 0.0222533 0.0461694
125 G 125 0.0585088 0.0591867 0.0410000 0.0447991 0.0115245 0.0621712 0.0689564 0.0635125 0.0381624 0.0410171 0.0615505 0.0309075 0.0373925 0.0288845 0.0948815 0.1115617 0.0613411 0.0057204 0.0260804 0.0528413
126 S 126 0.0542535 0.0661585 0.0873169 0.0490999 0.0086366 0.0586315 0.0576010 0.0636773 0.0308912 0.0190076 0.0559904 0.0446022 0.0140872 0.0408214 0.0989711 0.0998632 0.0614567 0.0062179 0.0260544 0.0566615
127 T 127 0.0575806 0.0442572 0.0444876 0.0492069 0.0160359 0.0502988 0.0680797 0.0697777 0.0348948 0.0188556 0.0691315 0.0415139 0.0201067 0.0311255 0.0993306 0.1305147 0.0723036 0.0083670 0.0236683 0.0504634
128 L 128 0.0834694 0.0501306 0.0435859 0.0551586 0.0118701 0.0431149 0.0747103 0.0506633 0.0300794 0.0248483 0.0629777 0.0501736 0.0077146 0.0219634 0.1162644 0.1390020 0.0656573 0.0081014 0.0184501 0.0420647
129 R 129 0.0609950 0.0428054 0.0355336 0.0520262 0.0166626 0.0409557 0.0850933 0.0758413 0.0428697 0.0343928 0.0430708 0.0599970 0.0168825 0.0216576 0.0968039 0.1244215 0.0745249 0.0023608 0.0228882 0.0502172
130 Q 130 0.0718031 0.0465464 0.0381539 0.0570505 0.0138323 0.0508446 0.0752895 0.0741109 0.0323785 0.0351582 0.0570608 0.0380196 0.0172286 0.0309416 0.1016470 0.1064445 0.0678031 0.0202636 0.0116114 0.0538117
131 R 131 0.0698621 0.0526479 0.0408768 0.0471310 0.0184106 0.0519933 0.0561352 0.0761199 0.0215624 0.0301997 0.0621624 0.0458459 0.0166265 0.0147771 0.0929121 0.1136434 0.0677551 0.0112967 0.0502828 0.0597591
132 E 132 0.0703938 0.0629023 0.0341917 0.0562034 0.0147659 0.0448980 0.0856429 0.0417506 0.0259582 0.0289756 0.0664486 0.0428351 0.0209089 0.0283392 0.1145642 0.1328464 0.0544766 0.0056406 0.0285584 0.0396994
133 D 133 0.0582916 0.0497000 0.0522524 0.0336332 0.0007496 0.0547455 0.0759504 0.0672530 0.0270993 0.0218562 0.0863954 0.0400752 0.0115395 0.0253924 0.1055748 0.1579244 0.0543001 0.0048892 0.0180832 0.0542947
134 D 134 0.0565114 0.0594116 0.0358578 0.0755108 0.0118828 0.0555725 0.0771196 0.0441974 0.0274416 0.0350670 0.0558854 0.0284731 0.0167817 0.0346503 0.0804323 0.1527715 0.0710144 0.0294014 0.0159476 0.0360698
135 R 135 0.0550780 0.0761976 0.0305102 0.0524781 0.0126693 0.0429224 0.0855387 0.0465818 0.0246437 0.0322596 0.0830616 0.0607288 0.0170246 0.0258044 0.0753913 0.1178636 0.0798514 0.0095400 0.0322883 0.0395665
136 R 136 0.0508599 0.0656537 0.0406907 0.0552301 0.0117752 0.0463941 0.0668263 0.0458385 0.0373059 0.0318421 0.0521264 0.0633490 0.0280936 0.0227049 0.0840671 0.1053001 0.0675744 0.0148113 0.0289782 0.0805784
137 S 137 0.0575604 0.0518246 0.0366152 0.0587717 0.0136670 0.0506366 0.0634397 0.0495338 0.0393509 0.0410480 0.0722447 0.0497779 0.0262543 0.0265055 0.1022753 0.1012583 0.0623994 0.0225826 0.0151320 0.0591219
138 T 138 0.0662167 0.0511914 0.0453581 0.0651457 0.0093262 0.0413288 0.0520130 0.0509173 0.0235690 0.0290189 0.0988405 0.0572244 0.0510062 0.0318038 0.0839529 0.0976739 0.0654817 0.0067550 0.0254551 0.0477214
139 L 139 0.0941703 0.0403889 0.0346706 0.0552643 0.0033238 0.0555641 0.0842398 0.0821253 0.0169929 0.0326618 0.0885614 0.0329404 0.0139714 0.0192378 0.0899425 0.1009872 0.0692187 0.0010719 0.0319228 0.0527441
140 H 140 0.0655375 0.0760944 0.0589735 0.0718921 0.0132402 0.0371029 0.0709106 0.0761989 0.0534760 0.0170749 0.0449411 0.0146956 0.0224645 0.0229345 0.0921650 0.1364877 0.0738967 0.0056396 0.0228404 0.0234340
141 L 141 0.0645218 0.0586512 0.0443481 0.0904558 0.0177106 0.0483076 0.0528379 0.0965620 0.0291359 0.0232215 0.0631495 0.0274067 0.0283045 0.0185919 0.1012589 0.0937804 0.0415762 0.0097157 0.0370630 0.0534006
142 L 142 0.0856123 0.0446961 0.0328198 0.0523742 0.0199144 0.0504059 0.0723418 0.0573394 0.0333481 0.0544999 0.0636688 0.0444014 0.0170994 0.0211633 0.1025372 0.1189504 0.0588588 0.0081583 0.0171992 0.0446112
143 Q 143 0.0591568 0.0587045 0.0518513 0.0542194 0.0146375 0.0659652 0.0678180 0.0489826 0.0290581 0.0469619 0.0568325 0.0481528 0.0355372 0.0173744 0.0985048 0.0766043 0.0629474 0.0108290 0.0291727 0.0666897
144 S 144 0.0620370 0.0457514 0.0294246 0.0677970 0.0154773 0.0429732 0.0696145 0.0456901 0.0327969 0.0586756 0.0759275 0.0516242 0.0240715 0.0141058 0.1044614 0.0569457 0.0816156 0.0491823 0.0269636 0.0448647
145 G 145 0.0540566 0.0572791 0.0477304 0.0513273 0.0279851 0.0610654 0.0953533 0.0556441 0.0365936 0.0258605 0.0457894 0.0357128 0.0309704 0.0332946 0.0880476 0.1004396 0.0556849 0.0271101 0.0345327 0.0355225
146 D 146 0.0246699 0.0670446 0.0418439 0.0907612 0.0086482 0.1016693 0.1393165 0.1203939 0.0222197 0.0290611 0.0587383 0.0544700 0.0052910 0.0063101 0.0909786 0.0600719 0.0432140 0.0038812 0.0129942 0.0184223
147 E 147 0.0275044 0.0487325 0.0214498 0.0613350 0.0219737 0.0301866 0.2262331 0.0249851 0.0166539 0.0562948 0.0488199 0.0609291 0.0055079 0.0160681 0.1350271 0.0304740 0.0735884 0.0030764 0.0178869 0.0732731
148 K 148 0.0197194 0.1208193 0.0193343 0.0331739 0.0161225 0.0434464 0.0440142 0.0060332 0.0409416 0.0700279 0.0872483 0.0908492 0.0251270 0.0557640 0.0950311 0.0376298 0.0613656 0.0040052 0.0494985 0.0798485
149 K 149 0.0231858 0.1243602 0.0195965 0.0772391 0.0179627 0.0343465 0.0989807 0.0061476 0.0503900 0.0606858 0.0790627 0.0651158 0.0254463 0.0622398 0.0217268 0.0291662 0.0888116 0.0050818 0.0377561 0.0726981
150 V 150 0.0226302 0.0305199 0.0144394 0.0357253 0.0423204 0.0152501 0.0651945 0.0077091 0.0345391 0.1329942 0.0789918 0.0359116 0.0130896 0.0215027 0.0196057 0.0253862 0.0822793 0.0042749 0.0187846 0.2988514
151 N 151 0.0122369 0.0424250 0.0269528 0.0167210 0.0496906 0.0131398 0.1284295 0.0024080 0.0177389 0.1483719 0.0438131 0.0318278 0.0088348 0.0250313 0.0187462 0.0385224 0.1234549 0.0000000 0.0070404 0.2446147
152 L 152 0.0136812 0.0142061 0.0209286 0.0342105 0.0047719 0.0094942 0.0922122 0.0024207 0.0359184 0.1239302 0.3793950 0.0408775 0.0117718 0.0288849 0.0131555 0.0195537 0.0349956 0.0011759 0.0143591 0.1040571
153 V 153 0.0228414 0.0558469 0.0510436 0.0185558 0.0144849 0.0498384 0.0579573 0.0080317 0.0506216 0.0777902 0.2685578 0.0602820 0.0310029 0.0153591 0.0345280 0.0440575 0.0485774 0.0177016 0.0113938 0.0615282
154 L 154 0.0086897 0.2162302 0.0068873 0.0266989 0.0054018 0.0143276 0.0454659 0.0045031 0.0250521 0.0404560 0.0512128 0.3493762 0.0115958 0.0209194 0.0239606 0.0164987 0.0205995 0.0009717 0.0042246 0.1069282
155 G 155 0.0236187 0.1218054 0.0542628 0.0511073 0.0030654 0.0167774 0.0919519 0.0954250 0.0073440 0.0048424 0.0079910 0.3767528 0.0018515 0.0029238 0.0191981 0.0836952 0.0245781 0.0005653 0.0011250 0.0111189
156 D 156 0.0385578 0.0172328 0.0356010 0.1279265 0.0032230 0.0328787 0.1378632 0.2366379 0.0163003 0.0093723 0.0091898 0.0398216 0.0080299 0.0008193 0.1612998 0.0601615 0.0399351 0.0042238 0.0096450 0.0112806
157 G 157 0.0556611 0.0368283 0.0987989 0.0738780 0.0076911 0.0493483 0.0552211 0.2176906 0.0214949 0.0040524 0.0112696 0.0549569 0.0035981 0.0034939 0.0742969 0.1644520 0.0495148 0.0000000 0.0051217 0.0126314
158 R 158 0.0688373 0.0673191 0.0596932 0.0465612 0.0070751 0.0628460 0.1445344 0.1318733 0.0145389 0.0040206 0.0154909 0.1121499 0.0222611 0.0076394 0.0089622 0.1044849 0.0677968 0.0000000 0.0174897 0.0364260
159 S 159 0.0104071 0.0208588 0.0069507 0.0189996 0.0099638 0.0207522 0.0268819 0.6094481 0.0005886 0.0013067 0.0018301 0.0248987 0.0009061 0.0000000 0.0464697 0.1712232 0.0248588 0.0006337 0.0004938 0.0025284
160 L 160 0.0014916 0.0000000 0.0000000 0.0032662 0.0000000 0.0009120 0.0000000 0.0000000 0.0012768 0.0096901 0.6503344 0.0000000 0.0079111 0.2278158 0.0019105 0.0037188 0.0000000 0.0143380 0.0639342 0.0134005
161 G 161 0.0029864 0.0037909 0.0022182 0.0057591 0.0000000 0.0021515 0.0022499 0.9702926 0.0014988 0.0000000 0.0000000 0.0020809 0.0000000 0.0000000 0.0037191 0.0019179 0.0013347 0.0000000 0.0000000 0.0000000
162 L 162 0.0022743 0.0010893 0.0000000 0.0000000 0.0122958 0.0008601 0.0000000 0.0000000 0.0013698 0.1930840 0.1592637 0.0000000 0.0329807 0.5551414 0.0000000 0.0006531 0.0008252 0.0000000 0.0007163 0.0394462
163 T 163 0.0374502 0.0585321 0.0747632 0.0055317 0.0193781 0.0212246 0.0077952 0.0363067 0.0332632 0.0037804 0.0120758 0.0325054 0.0198666 0.0102626 0.0009204 0.4347884 0.1355610 0.0000000 0.0082057 0.0477885
164 I 164 0.0019014 0.0000000 0.0008920 0.0000000 0.0096786 0.0000000 0.0000000 0.0000000 0.0021421 0.5207108 0.2793473 0.0000000 0.0034063 0.0179436 0.0011128 0.0019825 0.0014072 0.0000000 0.0000000 0.1594754
165 R 165 0.1706382 0.1358893 0.0102286 0.0115946 0.0298888 0.0203991 0.0426427 0.0077081 0.0216946 0.0589310 0.0687992 0.0496299 0.0052772 0.0019924 0.0011070 0.0684269 0.0694333 0.0081820 0.0007623 0.2167749
166 G 166 0.0334550 0.0266135 0.0079608 0.0461259 0.0069884 0.0099796 0.0183090 0.6364220 0.0059371 0.0075619 0.0036226 0.0264921 0.0008861 0.0029510 0.0170505 0.0952375 0.0489937 0.0005981 0.0031417 0.0016735
167 G 167 0.0206301 0.0128395 0.0373465 0.0382604 0.0052219 0.0023358 0.0357638 0.6111779 0.0035901 0.0026016 0.0201640 0.0228329 0.0050685 0.0021805 0.0298988 0.0554547 0.0261021 0.0004847 0.0549460 0.0131001
168 A 168 0.1053538 0.1249727 0.0314605 0.0506964 0.0059628 0.0525101 0.0570491 0.0090909 0.0137571 0.0586774 0.0426723 0.1648214 0.0061544 0.0181428 0.0380685 0.0611124 0.0494970 0.0008520 0.0220742 0.0870743
169 E 169 0.0138014 0.0133051 0.0778591 0.2638709 0.0086152 0.0329533 0.2384888 0.1810308 0.0375274 0.0063450 0.0154478 0.0309697 0.0036390 0.0031557 0.0134371 0.0335623 0.0184231 0.0011727 0.0024643 0.0039312
170 Y 170 0.0220534 0.0213792 0.0840675 0.0625334 0.0195429 0.0302113 0.0767342 0.1189636 0.0423445 0.0058988 0.0193762 0.0271719 0.0173831 0.0237342 0.0593336 0.2094806 0.0744955 0.0131722 0.0532615 0.0188624
171 G 171 0.0412426 0.0520180 0.0938365 0.2021153 0.0062205 0.0215460 0.0429709 0.1441193 0.0109159 0.0179587 0.0451833 0.0867706 0.0049719 0.0092320 0.0912372 0.0807439 0.0231487 0.0000000 0.0023827 0.0233860
172 L 172 0.0394245 0.0455234 0.0458095 0.0321837 0.0219204 0.0453704 0.0758712 0.0261799 0.0208577 0.0189765 0.1550590 0.0523893 0.0601500 0.0120304 0.1310572 0.0893089 0.0560024 0.0000000 0.0177273 0.0541584
173 G 173 0.0148008 0.0112278 0.0020456 0.0223042 0.0028616 0.0236948 0.0052085 0.5892537 0.0151483 0.0054834 0.0075833 0.0065151 0.0003226 0.0131957 0.2097774 0.0558920 0.0026055 0.0046058 0.0007171 0.0067566
174 I 174 0.0096838 0.0028317 0.0011029 0.0000000 0.0071621 0.0674107 0.0015128 0.0000000 0.0692374 0.4820753 0.1089817 0.0000000 0.0071096 0.0203297 0.0136026 0.0167102 0.0134050 0.0000000 0.0037215 0.1751230
175 Y 175 0.0041487 0.0445095 0.0014927 0.0004078 0.0032674 0.0126520 0.0039347 0.0000000 0.0034567 0.0517361 0.0370586 0.0301665 0.0038484 0.3862252 0.0000000 0.0083969 0.0332270 0.0009695 0.2603663 0.1141361
176 I 176 0.0031507 0.0011194 0.0000000 0.0000000 0.0008876 0.0007567 0.0032800 0.0000000 0.0000000 0.5058285 0.0267809 0.0000000 0.0082390 0.0072584 0.0000000 0.0013252 0.0009401 0.0010092 0.0000000 0.4394242
177 T 177 0.0338877 0.0835754 0.0199285 0.0148125 0.0071692 0.0306525 0.0211858 0.0655747 0.0484370 0.0076954 0.0452988 0.2597220 0.0027004 0.0087346 0.0013483 0.2163687 0.0986086 0.0068662 0.0016755 0.0257581
178 G 178 0.0605127 0.1218200 0.0665696 0.0815602 0.0049226 0.0408615 0.0875608 0.0504690 0.0457531 0.0014954 0.0035888 0.1230446 0.0209980 0.0301637 0.0006503 0.1800092 0.0564225 0.0054809 0.0099833 0.0081336
179 V 179 0.0009066 0.0000000 0.0000000 0.0009049 0.0032249 0.0000000 0.0012964 0.0000000 0.0000000 0.4544255 0.1565725 0.0007253 0.0093439 0.0015472 0.0055430 0.0000000 0.0099440 0.0000000 0.0000000 0.3555658
180 D 180 0.0587348 0.0316473 0.0252531 0.0968691 0.0031591 0.0474227 0.0426362 0.0020175 0.0127505 0.1169825 0.1530529 0.0390697 0.0210194 0.0675268 0.0036627 0.0411463 0.0702047 0.0012598 0.0283522 0.1372325
181 P 181 0.0751293 0.0238201 0.0139749 0.0647413 0.0023301 0.0228145 0.1742959 0.0037159 0.0219620 0.0069755 0.0150594 0.0946155 0.0026690 0.0005653 0.4173416 0.0417540 0.0113039 0.0000000 0.0014253 0.0055066
182 G 182 0.0152307 0.0428402 0.0633615 0.1446187 0.0018564 0.0168489 0.0386522 0.5636021 0.0153897 0.0004090 0.0109846 0.0288529 0.0045765 0.0007901 0.0038216 0.0262153 0.0095639 0.0005738 0.0058575 0.0059545
183 S 183 0.0185696 0.0027390 0.0035642 0.0000000 0.0115764 0.0305698 0.0010764 0.5788875 0.0014539 0.0005285 0.0117077 0.0024516 0.0013938 0.0012793 0.0105673 0.2955353 0.0254907 0.0000000 0.0000000 0.0026090
184 E 184 0.2986181 0.0034018 0.0009405 0.0010748 0.0073820 0.0101060 0.0134178 0.0005327 0.0000000 0.0458895 0.0816704 0.0066306 0.0048053 0.0010535 0.3242161 0.0293224 0.0107749 0.0077116 0.0010336 0.1514183
185 A 185 0.8904440 0.0006219 0.0000000 0.0000000 0.0165461 0.0005986 0.0013837 0.0090038 0.0011877 0.0084984 0.0096891 0.0029934 0.0006081 0.0024198 0.0017783 0.0153316 0.0044375 0.0000000 0.0000000 0.0344581
186 E 186 0.1793606 0.0387654 0.0021977 0.2165789 0.0072854 0.0446132 0.2170933 0.0510671 0.0609673 0.0219014 0.0060948 0.0223009 0.0059497 0.0166599 0.0007168 0.0621316 0.0059495 0.0034307 0.0265628 0.0103729
187 S 187 0.0406243 0.2804604 0.0232269 0.0523589 0.0173725 0.1004718 0.0653394 0.0080421 0.0256571 0.0126326 0.0814118 0.1931056 0.0128542 0.0032348 0.0005230 0.0234142 0.0212361 0.0005681 0.0084275 0.0290387
188 S 188 0.1587202 0.0066268 0.0501210 0.3577286 0.0601118 0.0084551 0.0459835 0.0783846 0.0135337 0.0009305 0.0053774 0.0071208 0.0006454 0.0015640 0.0037424 0.1336409 0.0533425 0.0000000 0.0006546 0.0133164
189 G 189 0.0033714 0.0701340 0.0229678 0.0023746 0.0013289 0.0112474 0.0010891 0.8135083 0.0027468 0.0008623 0.0024961 0.0439171 0.0000000 0.0005362 0.0005669 0.0094655 0.0112564 0.0009127 0.0000000 0.0012186
