  144         A         R         N         D         C         Q         E         G         H         I         L         K         M         F         P         S         T         W         Y         V    
  1 M   1 0.0000000 0.0000000 0.0000000 0.0000000 0.0000000 0.0000000 0.0000000 0.0000000 0.0000000 0.0000000 0.0000000 0.0000000 0.9292816 0.0000000 0.0000000 0.0000000 0.0000000 0.0000000 0.0000000 0.0707184
  2 G   2 0.4705482 0.0000000 0.0000000 0.0294022 0.0000000 0.0000000 0.0638726 0.2348098 0.0000000 0.0000000 0.0000000 0.0000000 0.0000000 0.0000000 0.0000000 0.1245518 0.0328616 0.0000000 0.0000000 0.0439538
  3 H   3 0.0360406 0.0535862 0.0261287 0.1942310 0.0000000 0.0000000 0.1786992 0.0123252 0.0242046 0.0000000 0.0000000 0.2561298 0.0000000 0.0000000 0.0000000 0.1999063 0.0187484 0.0000000 0.0000000 0.0000000
  4 H   4 0.0613949 0.0000000 0.0000000 0.3537422 0.0000000 0.0093417 0.2204829 0.0247349 0.0732809 0.0000000 0.0120158 0.0788895 0.0000000 0.0000000 0.0000000 0.1155396 0.0269905 0.0000000 0.0000000 0.0235871
  5 H   5 0.1152015 0.0364944 0.3311645 0.0336087 0.0000000 0.0120169 0.0540607 0.0786618 0.0714911 0.0054479 0.0000000 0.0788041 0.0128018 0.0000000 0.0072726 0.0979302 0.0568708 0.0000000 0.0000000 0.0081730
  6 H   6 0.0055981 0.0135815 0.0482961 0.0544860 0.0000000 0.4070156 0.1648983 0.0355667 0.0433481 0.0000000 0.0000000 0.0848780 0.0116326 0.0000000 0.0000000 0.0655586 0.0524530 0.0000000 0.0000000 0.0126876
  7 H   7 0.0465776 0.0135268 0.0194768 0.0878538 0.0000000 0.0323723 0.1539097 0.0320080 0.0165686 0.0185366 0.0189732 0.0102268 0.0201198 0.4031775 0.0126957 0.0303491 0.0347974 0.0000000 0.0000000 0.0488301
  8 H   8 0.0794561 0.0213469 0.0437456 0.0245564 0.0195885 0.0655563 0.1455438 0.0311294 0.0116258 0.0222525 0.0000000 0.0772981 0.0117861 0.0000000 0.0133213 0.1295203 0.2717827 0.0000000 0.0000000 0.0314899
  9 S   9 0.0534806 0.0344598 0.0882729 0.0668403 0.0032162 0.1815521 0.0759460 0.0215959 0.0250326 0.0244710 0.0163383 0.1828047 0.0077430 0.0030189 0.0150262 0.0417923 0.0875382 0.0000000 0.0156942 0.0551769
 10 S  10 0.1540966 0.0102889 0.0308488 0.0567609 0.0082023 0.0167036 0.1008989 0.0242371 0.0109853 0.0359596 0.0081444 0.0756021 0.0000000 0.0086034 0.0144096 0.1104906 0.2487605 0.0000000 0.0000000 0.0850073
 11 G  11 0.0502528 0.0077227 0.0667560 0.0826246 0.0025179 0.0157252 0.1064948 0.0476232 0.0087305 0.0538215 0.3297429 0.0614334 0.0026685 0.0039388 0.0311553 0.0281404 0.0572119 0.0000000 0.0000000 0.0434397
 12 I  12 0.0264071 0.0253541 0.0170492 0.3283282 0.0000000 0.0253789 0.2153733 0.0221196 0.0074057 0.0186733 0.0161165 0.0724201 0.0235343 0.0061015 0.0391079 0.0713482 0.0354348 0.0000000 0.0073299 0.0425172
 13 E  13 0.0548545 0.1290913 0.0136393 0.1061809 0.0036771 0.0242381 0.1518262 0.0185609 0.0160555 0.0338180 0.0171210 0.2648734 0.0072159 0.0000000 0.0566076 0.0324742 0.0137817 0.0085176 0.0000000 0.0474667
 14 E  14 0.0293118 0.0039705 0.2088351 0.0847725 0.0000000 0.1358022 0.1351622 0.0087238 0.0122482 0.0080023 0.0000000 0.0376775 0.0057831 0.0051354 0.0486575 0.1129967 0.0983538 0.0000000 0.0224514 0.0421162
 15 G  15 0.0266282 0.0048532 0.0132898 0.0843068 0.0000000 0.0580000 0.0678520 0.0341871 0.0059707 0.0250877 0.0638134 0.0255017 0.0135370 0.0038882 0.0407211 0.0329539 0.2240598 0.0000000 0.2456553 0.0296940
 16 R  16 0.3132280 0.0377768 0.0226051 0.1055223 0.0000000 0.0469718 0.2049579 0.0115510 0.0063586 0.0138015 0.0201286 0.0648760 0.0032856 0.0090385 0.0159985 0.0300668 0.0357469 0.0000000 0.0154924 0.0425938
 17 M  17 0.1078672 0.0416680 0.0138374 0.0629514 0.0000000 0.0298207 0.2069953 0.0068178 0.0085938 0.0154679 0.0156141 0.1043745 0.0983138 0.0000000 0.0078482 0.0318584 0.1861213 0.0000000 0.0100536 0.0517966
 18 T  18 0.0753820 0.0795610 0.0296813 0.0229499 0.0000000 0.2086387 0.0407141 0.0117612 0.0028268 0.0177241 0.0921283 0.1401350 0.0109855 0.0056998 0.0687021 0.0611780 0.1153039 0.0000000 0.0063350 0.0102933
 19 E  19 0.0731614 0.0234317 0.0044346 0.0604809 0.0250943 0.0202263 0.1069828 0.0151254 0.0000000 0.0558415 0.3053586 0.0180288 0.0462247 0.0139972 0.0148799 0.0547977 0.0427810 0.0000000 0.0070922 0.1120608
 20 A  20 0.0876091 0.0309440 0.0228567 0.0435639 0.0000000 0.0331875 0.0952876 0.0767177 0.0058036 0.0149579 0.1225859 0.0565409 0.0037947 0.1918120 0.0429377 0.0390291 0.0660285 0.0000000 0.0059750 0.0603681
 21 D  21 0.1609888 0.0491646 0.0490196 0.1001699 0.0071611 0.0311327 0.1261744 0.0084882 0.0363244 0.0070274 0.0258951 0.2133303 0.0098548 0.0412360 0.0248383 0.0254418 0.0183166 0.0000000 0.0527559 0.0126801
 22 V  22 0.0217398 0.0162311 0.0067485 0.0121017 0.0105610 0.0055664 0.0109338 0.0032965 0.0000000 0.0671208 0.3962054 0.0000000 0.0369781 0.0168818 0.0000000 0.0041330 0.0271698 0.0000000 0.0051728 0.3591596
 23 N  23 0.0922901 0.0057226 0.2516069 0.0337601 0.0304355 0.0103476 0.0244769 0.0083927 0.0061135 0.0063861 0.1882416 0.0000000 0.0239248 0.0346174 0.0156719 0.1492859 0.0166704 0.0000000 0.0000000 0.1020561
 24 P  24 0.1368231 0.0000000 0.0480399 0.0362648 0.0000000 0.0039303 0.0752013 0.0000000 0.0728703 0.0254242 0.0247737 0.0215714 0.0129372 0.0040016 0.4085198 0.0656018 0.0214526 0.0000000 0.0000000 0.0425880
 25 K  25 0.0266621 0.0319342 0.0105068 0.0056546 0.0000000 0.0030963 0.0000000 0.0026216 0.0074656 0.3043451 0.0103684 0.4475865 0.0017034 0.1135164 0.0094641 0.0099391 0.0117697 0.0000000 0.0000000 0.0033661
 26 A  26 0.5482345 0.0061614 0.0024657 0.0000000 0.0000000 0.0000000 0.0062065 0.0060375 0.0016717 0.0196472 0.0000000 0.0000000 0.0017409 0.0000000 0.0272869 0.0480359 0.0165531 0.0000000 0.3118443 0.0041145
 27 Y  27 0.0348276 0.2308423 0.0494139 0.0163992 0.0031860 0.0837007 0.0096005 0.0106067 0.0323901 0.0202851 0.0171613 0.2029564 0.0000000 0.0579267 0.0039065 0.0482692 0.0293206 0.0508958 0.0765070 0.0218045
 28 P  28 0.0099684 0.0000000 0.0000000 0.0021966 0.0000000 0.0000000 0.0064834 0.0019480 0.0000000 0.0000000 0.0163264 0.0021720 0.0000000 0.0020360 0.9443776 0.0106916 0.0000000 0.0000000 0.0000000 0.0038000
 29 L  29 0.0074419 0.0000000 0.0018540 0.0000000 0.0065909 0.0099781 0.3196546 0.0186827 0.0000000 0.0455369 0.4094823 0.0157759 0.0775300 0.0068236 0.0103453 0.0217038 0.0081621 0.0000000 0.0000000 0.0404379
 30 A  30 0.4995327 0.0000000 0.0237867 0.0319966 0.0096512 0.0116804 0.0149335 0.0231437 0.0000000 0.0000000 0.0242087 0.0034374 0.0156558 0.0025804 0.0085848 0.0653063 0.2083973 0.0000000 0.0000000 0.0571043
 31 D  31 0.0391513 0.0340127 0.0394873 0.1894096 0.0000000 0.0146538 0.0572401 0.0654028 0.0028892 0.0000000 0.0091091 0.1847310 0.0110077 0.0000000 0.1575455 0.1587840 0.0226198 0.0000000 0.0014344 0.0125217
 32 A  32 0.1646722 0.0646598 0.0041936 0.0730306 0.0000000 0.1202890 0.1343413 0.0344101 0.0059720 0.0092878 0.0141825 0.1889208 0.0521606 0.0025078 0.0651028 0.0330879 0.0199403 0.0000000 0.0000000 0.0132410
 33 H  33 0.1042386 0.0302332 0.0192265 0.1346384 0.0000000 0.0419398 0.2534675 0.0131344 0.0182626 0.0036703 0.0000000 0.3048722 0.0049335 0.0000000 0.0048200 0.0334738 0.0263191 0.0000000 0.0000000 0.0067701
 34 L  34 0.0115728 0.0238590 0.0000000 0.0000000 0.0000000 0.0112972 0.0000000 0.0165434 0.0036205 0.0401403 0.4424790 0.2343174 0.0282755 0.0227181 0.0000000 0.0319184 0.0258817 0.0000000 0.0033620 0.1040145
 35 T  35 0.1112135 0.0285769 0.1138049 0.0039465 0.0268179 0.0649777 0.0482190 0.0033601 0.0141819 0.0039378 0.0354126 0.1909897 0.0278916 0.0021434 0.0114344 0.0458047 0.2392434 0.0000000 0.0044213 0.0236224
 36 K  36 0.0702932 0.0339988 0.0588162 0.0685299 0.0000000 0.1275175 0.1396809 0.0098249 0.0040467 0.0120453 0.0115570 0.3089526 0.0036757 0.0000000 0.0061441 0.0237272 0.1011539 0.0000000 0.0000000 0.0200362
 37 K  37 0.1539539 0.3162586 0.0016991 0.0130510 0.0000000 0.0498501 0.0394804 0.0070104 0.0017222 0.0000000 0.0062181 0.3421963 0.0147020 0.0000000 0.0030421 0.0243917 0.0211006 0.0000000 0.0000000 0.0053235
 38 L  38 0.0551071 0.0000000 0.0017323 0.0023048 0.0236711 0.0000000 0.0000000 0.0017137 0.0012454 0.2320929 0.5054803 0.0089636 0.0042592 0.0027521 0.0018872 0.0113721 0.0331945 0.0000000 0.0000000 0.1142235
 39 L  39 0.0272781 0.0492433 0.0000000 0.0017838 0.0077576 0.1106755 0.0111771 0.0035396 0.0335179 0.0109491 0.3783647 0.0679144 0.0243340 0.0369230 0.0063273 0.0210407 0.0253242 0.0125671 0.1536378 0.0176446
 40 D  40 0.0884444 0.0158158 0.0306340 0.1224849 0.0000000 0.0248131 0.1906572 0.0241972 0.0136060 0.0151357 0.0113258 0.3859140 0.0052089 0.0000000 0.0039755 0.0266185 0.0204350 0.0000000 0.0051054 0.0156286
 41 L  41 0.0848541 0.0703878 0.0019254 0.0080883 0.0406953 0.0160190 0.0426207 0.0032750 0.0064167 0.0305862 0.2902561 0.0272201 0.0176323 0.0080575 0.0031974 0.0334952 0.0820844 0.0026100 0.0000000 0.2305786
 42 V  42 0.2005252 0.0033604 0.0000000 0.0065752 0.0044270 0.0011511 0.0062702 0.0118926 0.0000000 0.1764848 0.2464151 0.0024777 0.0089200 0.0109353 0.0133311 0.0080478 0.0105412 0.0000000 0.0000000 0.2886452
 43 Q  43 0.0215132 0.1194928 0.0168231 0.0178903 0.0000000 0.1677654 0.1564938 0.0000000 0.0019171 0.0000000 0.0035687 0.4557182 0.0057161 0.0000000 0.0000000 0.0196691 0.0091836 0.0000000 0.0000000 0.0042485
 44 Q  44 0.0521604 0.0613335 0.0290622 0.0161273 0.0000000 0.1363522 0.0466071 0.0016110 0.0044213 0.0330398 0.0356685 0.4435100 0.0060348 0.0034399 0.0032179 0.0440832 0.0575757 0.0000000 0.0000000 0.0257551
 45 S  45 0.6016285 0.0339116 0.0000000 0.0039447 0.0062828 0.0114746 0.0090580 0.0474908 0.0214107 0.0230489 0.0049188 0.0661184 0.0077383 0.0000000 0.0000000 0.1263825 0.0187585 0.0000000 0.0024383 0.0153946
 46 C  46 0.2311293 0.0792433 0.0169867 0.0027605 0.0190663 0.0136083 0.0128492 0.0065694 0.0159391 0.0210570 0.1426399 0.1209844 0.0282162 0.0042116 0.0104894 0.1492394 0.0525957 0.0027822 0.0041589 0.0654731
 47 N  47 0.1235896 0.0349570 0.0832807 0.0362865 0.0021622 0.0377302 0.0977749 0.0037531 0.0367315 0.0720890 0.0058886 0.3236593 0.0117963 0.0024988 0.0060349 0.0333606 0.0358749 0.0000000 0.0027716 0.0497603
 48 Y  48 0.0670686 0.0513256 0.0671103 0.0199557 0.0076587 0.0564372 0.0205770 0.1045999 0.1568610 0.0111000 0.0339737 0.0445045 0.0010324 0.0102959 0.0876638 0.0535147 0.0764988 0.0000000 0.0987726 0.0310498
 49 K  49 0.0081035 0.1118550 0.0521917 0.1198369 0.0055831 0.0085910 0.0106646 0.1157143 0.0204153 0.0148311 0.0075162 0.4539654 0.0075262 0.0027454 0.0141823 0.0157299 0.0015639 0.0000000 0.0173610 0.0116231
 50 Q  50 0.0406615 0.0668402 0.0357789 0.0036647 0.0340334 0.2131426 0.0188041 0.2188414 0.0353776 0.0076884 0.0133757 0.0804900 0.0186441 0.0187319 0.0048870 0.0654783 0.0825526 0.0000000 0.0026804 0.0383272
 51 L  51 0.0093692 0.0025829 0.0024834 0.0000000 0.0027476 0.0014838 0.0013312 0.0000000 0.0015207 0.1652324 0.5256886 0.0076541 0.0055072 0.0256344 0.0030499 0.0024415 0.0144755 0.0000000 0.0071487 0.2216489
 52 R  52 0.1268472 0.2150069 0.0019680 0.0041193 0.0084411 0.0181353 0.0087666 0.0118963 0.0140557 0.0271710 0.0334704 0.3657133 0.0065476 0.0046247 0.0027519 0.0294968 0.0069614 0.0047315 0.0060187 0.1032762
 53 K  53 0.0531049 0.3273069 0.0307696 0.0026451 0.0119639 0.0169726 0.0026013 0.0000000 0.0378537 0.0632333 0.0152874 0.2148185 0.0187533 0.0348287 0.0030535 0.0332677 0.0203233 0.0000000 0.0818454 0.0313712
 54 G  54 0.0057255 0.0041497 0.0000000 0.0000000 0.0000000 0.0000000 0.0093631 0.9735280 0.0000000 0.0000000 0.0000000 0.0026335 0.0000000 0.0000000 0.0000000 0.0027699 0.0000000 0.0000000 0.0000000 0.0018303
 55 A  55 0.1304597 0.0000000 0.0010065 0.0000000 0.0062732 0.0018073 0.0000000 0.0000000 0.0000000 0.1421114 0.3117388 0.0000000 0.0058653 0.0171961 0.0141595 0.0213795 0.0688511 0.0000000 0.0000000 0.2791516
 56 N  56 0.0032437 0.1290070 0.4003763 0.0086648 0.0054800 0.0167239 0.0000000 0.0012454 0.0848027 0.0052157 0.0043892 0.2949126 0.0083020 0.0017006 0.0051885 0.0221388 0.0078381 0.0000000 0.0007709 0.0000000
 57 E  57 0.0092922 0.0093584 0.0123754 0.0674721 0.0000000 0.0661879 0.5905786 0.0059340 0.1007206 0.0040460 0.0028318 0.0298453 0.0011957 0.0000000 0.0000000 0.0136426 0.0865195 0.0000000 0.0000000 0.0000000
 58 A  58 0.1842842 0.0000000 0.0000000 0.0000000 0.0480957 0.0000000 0.0000000 0.0154269 0.0000000 0.0702976 0.0031402 0.0000000 0.0000000 0.0023549 0.0100469 0.0295513 0.0908837 0.0000000 0.0000000 0.5459186
 59 T  59 0.0976798 0.0088788 0.0114270 0.0000000 0.0199437 0.0867399 0.0111324 0.0033926 0.0024153 0.0379824 0.0370970 0.0080507 0.0102305 0.0037172 0.0121252 0.0244191 0.4196336 0.0000000 0.0092622 0.1958726
 60 K  60 0.0266010 0.0897321 0.0145550 0.0042482 0.0016313 0.0105510 0.0053169 0.0145858 0.0012534 0.0062526 0.0074004 0.6760121 0.0016743 0.0000000 0.0000000 0.0399876 0.0822347 0.0000000 0.0145572 0.0034064
 61 T  61 0.3789206 0.0166410 0.0070069 0.0048675 0.0192729 0.0116810 0.0059237 0.0191673 0.0448899 0.0032534 0.2205420 0.0181504 0.0112197 0.0290526 0.0095944 0.0766459 0.1050381 0.0000000 0.0065364 0.0115962
 62 L  62 0.0062566 0.0000000 0.0000000 0.0000000 0.0000000 0.0000000 0.0019321 0.0000000 0.0000000 0.2900256 0.4205613 0.0000000 0.0251693 0.0070714 0.0039560 0.0082520 0.0000000 0.0000000 0.0024659 0.2343098
 63 N  63 0.0009721 0.2165072 0.1384367 0.1310326 0.0101469 0.0142789 0.3821670 0.0008980 0.0051233 0.0085336 0.0135282 0.0484140 0.0018405 0.0000000 0.0000000 0.0113260 0.0149767 0.0000000 0.0018183 0.0000000
 64 R  64 0.0321978 0.2863981 0.0913324 0.0010592 0.0042704 0.0826260 0.0189047 0.0043230 0.0099448 0.0118001 0.0310413 0.3588016 0.0025169 0.0018335 0.0063572 0.0351740 0.0195495 0.0000000 0.0018696 0.0000000
 65 G  65 0.0109504 0.1298225 0.0716333 0.0127956 0.0118376 0.0103171 0.0078646 0.4130462 0.0149539 0.0024582 0.0000000 0.2493351 0.0049867 0.0000000 0.0016143 0.0520935 0.0052369 0.0000000 0.0000000 0.0010540
 66 I  66 0.0243783 0.0247162 0.0230418 0.0212240 0.0000000 0.1353076 0.1705904 0.0055211 0.0064672 0.0805023 0.0402346 0.2802744 0.0064510 0.0044798 0.0421501 0.0221782 0.0797628 0.0000000 0.0027563 0.0299639
 67 S  67 0.5451853 0.0120460 0.0066037 0.0050691 0.0196416 0.0033996 0.0030035 0.0066752 0.0021586 0.0322432 0.0384721 0.1271644 0.0038487 0.0016614 0.0237368 0.0799983 0.0474744 0.0000000 0.0000000 0.0416181
 68 E  68 0.0295735 0.0524251 0.0110985 0.0125655 0.0041502 0.1589835 0.1251133 0.2404659 0.0870638 0.0088391 0.0371529 0.1565214 0.0035826 0.0000000 0.0014408 0.0413866 0.0069916 0.0033450 0.0033997 0.0159011
 69 F  69 0.0135266 0.0085382 0.0012857 0.0000000 0.0209752 0.0000000 0.0136947 0.0000000 0.0016688 0.1326860 0.5610212 0.0050909 0.0365710 0.1048312 0.0020595 0.0013046 0.0036641 0.0000000 0.0081848 0.0848975
 70 I  70 0.0232246 0.0000000 0.0000000 0.0016107 0.2115531 0.0000000 0.0000000 0.0000000 0.0000000 0.1051727 0.0420245 0.0000000 0.0124862 0.0000000 0.0000000 0.0015953 0.0059465 0.0041561 0.0024022 0.5898281
 71 V  71 0.0070261 0.0024983 0.0000000 0.0000000 0.0111600 0.0000000 0.0000000 0.0000000 0.0000000 0.2494118 0.1252741 0.0028069 0.0081658 0.0603226 0.0000000 0.0000000 0.0000000 0.0000000 0.0209805 0.5123539
 72 M  72 0.0020869 0.0000000 0.0017494 0.0000000 0.0034102 0.0038186 0.0000000 0.0000000 0.0000000 0.4139120 0.3544287 0.0000000 0.0729729 0.0545233 0.0000000 0.0000000 0.0110725 0.0042734 0.0033754 0.0743767
 73 A  73 0.8464552 0.0000000 0.0191945 0.0042060 0.0253998 0.0023212 0.0000000 0.0215951 0.0000000 0.0000000 0.0000000 0.0000000 0.0000000 0.0000000 0.0057019 0.0371581 0.0242233 0.0000000 0.0000000 0.0137448
 74 A  74 0.2021720 0.0146943 0.0603721 0.0276881 0.0095064 0.0126777 0.1384069 0.2001844 0.1592667 0.0058528 0.0035097 0.0365397 0.0035804 0.0000000 0.0417165 0.0592230 0.0125568 0.0000000 0.0044201 0.0076323
 75 D  75 0.0072501 0.0000000 0.1541755 0.7420000 0.0045532 0.0026796 0.0060634 0.0117288 0.0070444 0.0025065 0.0000000 0.0028162 0.0000000 0.0000000 0.0000000 0.0439472 0.0107670 0.0000000 0.0023316 0.0021367
 76 A  76 0.1321909 0.0000000 0.0043027 0.0000000 0.1783876 0.0000000 0.0000000 0.0000000 0.0000000 0.1670006 0.0102839 0.0000000 0.0078906 0.0044389 0.0000000 0.0081849 0.0993415 0.0000000 0.0028101 0.3851683
 77 E  77 0.0073193 0.0000000 0.0493621 0.3560258 0.0010951 0.0193704 0.1919696 0.0011380 0.0143452 0.0000000 0.0229608 0.0255341 0.0014920 0.0172446 0.0012387 0.1915746 0.0797722 0.0000000 0.0162172 0.0033403
 78 P  78 0.0000000 0.0106247 0.0051576 0.0178085 0.0000000 0.0306431 0.1242994 0.0015371 0.0000000 0.0000000 0.0122691 0.0230051 0.0000000 0.0024366 0.7566595 0.0094931 0.0042568 0.0000000 0.0000000 0.0018093
 79 L  79 0.0603577 0.0025153 0.0066624 0.0178060 0.0000000 0.0154362 0.0679444 0.0098165 0.0012253 0.3767963 0.1541030 0.0121043 0.0617497 0.0131417 0.1197608 0.0065908 0.0116758 0.0038532 0.0102729 0.0481878
 80 E  80 0.0648908 0.0334022 0.0198636 0.2637522 0.0023486 0.0176078 0.4798335 0.0035120 0.0153707 0.0092510 0.0022526 0.0089694 0.0374150 0.0000000 0.0027159 0.0195185 0.0038597 0.0019143 0.0018260 0.0116964
 81 I  81 0.0165178 0.0030562 0.0000000 0.0011452 0.0017165 0.0032128 0.0000000 0.0000000 0.0008829 0.2966124 0.2220133 0.0028196 0.0180320 0.0083472 0.0016621 0.0144464 0.0074233 0.0019000 0.1606482 0.2395643
 82 I  82 0.0142503 0.0070260 0.0000000 0.0000000 0.0000000 0.0000000 0.0000000 0.0016804 0.0018570 0.2403988 0.1115791 0.0657058 0.0379803 0.0077196 0.0000000 0.0046948 0.0627304 0.0000000 0.0356649 0.4087127
 83 L  83 0.0718534 0.0209179 0.0070018 0.0138879 0.0699566 0.0197047 0.0137989 0.0049293 0.0065490 0.0364372 0.1762630 0.1503632 0.0487395 0.0024943 0.0000000 0.1579009 0.0454582 0.0000000 0.0133732 0.1403709
 84 H  84 0.0041336 0.0144555 0.0227966 0.0039525 0.0057028 0.0045578 0.0108377 0.0025964 0.4619324 0.0024364 0.1705242 0.0197138 0.0000000 0.1570281 0.0230376 0.0127754 0.0048084 0.0608197 0.0178911 0.0000000
 85 L  85 0.0031474 0.0018570 0.0000000 0.0000000 0.0000000 0.0000000 0.0000000 0.0000000 0.0000000 0.2448114 0.5094285 0.0000000 0.0301336 0.0175422 0.0120859 0.0015990 0.0000000 0.0000000 0.0000000 0.1793950
 86 P  86 0.0086144 0.0131247 0.0000000 0.0000000 0.0030618 0.0184299 0.0793426 0.0035561 0.0046938 0.0668869 0.0180373 0.0342677 0.0012023 0.0011164 0.6774241 0.0150976 0.0284815 0.0009808 0.0000000 0.0256822
 87 L  87 0.3973655 0.0070600 0.0086238 0.0094773 0.0116555 0.0303972 0.0198768 0.0234031 0.0034947 0.0853212 0.1552422 0.0063581 0.0021857 0.0045524 0.0128241 0.0331006 0.0432183 0.0000000 0.0082721 0.1375714
 88 L  88 0.0177061 0.0013570 0.0000000 0.0041350 0.0015647 0.0088859 0.0051701 0.0000000 0.0011991 0.0411106 0.7650107 0.0107803 0.0526138 0.0062429 0.0000000 0.0043153 0.0025335 0.0033420 0.0148765 0.0591567
 89 C  89 0.1022156 0.0025868 0.0000000 0.0000000 0.8267463 0.0000000 0.0000000 0.0062956 0.0000000 0.0026193 0.0060957 0.0000000 0.0033589 0.0044846 0.0000000 0.0341630 0.0000000 0.0000000 0.0016443 0.0097900
 90 E  90 0.0792206 0.2197326 0.0230232 0.0282667 0.0052017 0.0200634 0.4461116 0.0072755 0.0219580 0.0020123 0.0094981 0.0763715 0.0010834 0.0012255 0.0000000 0.0388644 0.0137765 0.0000000 0.0000000 0.0063148
 91 D  91 0.0151055 0.0317363 0.0161926 0.2513154 0.0000000 0.0333467 0.3696055 0.0011846 0.0000000 0.0009947 0.0064650 0.2245584 0.0025487 0.0020379 0.0033453 0.0259439 0.0096735 0.0000000 0.0017240 0.0042220
 92 K  92 0.0454297 0.0621001 0.0475618 0.0015398 0.0016249 0.0516695 0.0060753 0.0089747 0.1958207 0.0073801 0.0209817 0.3025616 0.1877405 0.0070114 0.0000000 0.0305119 0.0049761 0.0034726 0.0052373 0.0093304
 93 N  93 0.0092426 0.0093214 0.2709569 0.0816578 0.0030729 0.0712288 0.0809103 0.3187348 0.0033584 0.0000000 0.0000000 0.0802297 0.0000000 0.0000000 0.0000000 0.0579323 0.0078155 0.0000000 0.0033490 0.0021898
 94 V  94 0.0073015 0.0028571 0.0037981 0.0000000 0.0156044 0.0027428 0.0000000 0.0027255 0.0000000 0.4209315 0.0320269 0.0000000 0.0060059 0.0079941 0.0000000 0.0047404 0.0197722 0.0000000 0.0028350 0.4706646
 95 P  95 0.0221519 0.0009478 0.0511649 0.0172591 0.0021552 0.0094513 0.0159970 0.0049386 0.0105890 0.0000000 0.0071955 0.0164684 0.0000000 0.0025550 0.7837794 0.0447863 0.0049806 0.0000000 0.0035875 0.0019927
 96 Y  96 0.0163180 0.0013631 0.0025328 0.0017581 0.0091247 0.0022052 0.0000000 0.0035513 0.0074732 0.0238556 0.1697084 0.0000000 0.0023576 0.0618689 0.0000000 0.0000000 0.0000000 0.0019219 0.6417633 0.0541979
 97 V  97 0.0983168 0.0112649 0.0046752 0.0000000 0.2086855 0.0016830 0.0096450 0.0152244 0.0008284 0.2583797 0.0468300 0.0017164 0.0099563 0.0097275 0.0000000 0.0051876 0.0256260 0.0000000 0.0060828 0.2861707
 98 F  98 0.0012355 0.0088401 0.0039569 0.0017574 0.0051901 0.0184231 0.0286394 0.0000000 0.0084424 0.2312398 0.0027869 0.0998805 0.0112853 0.2821289 0.0000000 0.0177531 0.0245843 0.0165016 0.2316365 0.0057184
 99 V  99 0.0506144 0.0000000 0.0000000 0.0000000 0.0135433 0.0000000 0.0017057 0.0044464 0.0000000 0.1524000 0.0224834 0.0000000 0.0063615 0.0070944 0.0018960 0.0010908 0.0505497 0.0000000 0.0020115 0.6858028
100 R 100 0.0323858 0.0456101 0.0154686 0.1001237 0.0121283 0.0009697 0.0433042 0.0209003 0.0099053 0.0017593 0.0466727 0.2455910 0.0017495 0.0000000 0.3145124 0.0538851 0.0431009 0.0000000 0.0063042 0.0056288
101 S 101 0.0060898 0.0142985 0.0455907 0.1167662 0.0016772 0.0138072 0.0216649 0.1845840 0.0008947 0.0000000 0.0082643 0.0258493 0.0000000 0.0000000 0.0018219 0.5014249 0.0553669 0.0000000 0.0000000 0.0018994
102 K 102 0.0288377 0.1869857 0.0631051 0.0000000 0.0000000 0.0394845 0.0000000 0.0254893 0.0021377 0.0000000 0.0016517 0.5539042 0.0469441 0.0000000 0.0102442 0.0360962 0.0022531 0.0000000 0.0000000 0.0028667
103 Q 103 0.2558087 0.0477537 0.0234617 0.0221723 0.0019118 0.0849750 0.1348435 0.0042750 0.0052213 0.0112595 0.0165690 0.2138281 0.0187948 0.0058910 0.0015958 0.0720064 0.0349546 0.0013261 0.0033200 0.0400317
104 A 104 0.1525453 0.2292063 0.0068975 0.1659801 0.0000000 0.0505637 0.1415207 0.0131091 0.0079721 0.0096286 0.0263191 0.0977792 0.0128596 0.0018675 0.0000000 0.0330855 0.0353347 0.0000000 0.0022140 0.0131170
105 L 105 0.0024495 0.0086041 0.0000000 0.0000000 0.0000000 0.0000000 0.0000000 0.0051078 0.0035130 0.0601072 0.8768253 0.0008792 0.0076460 0.0082864 0.0089724 0.0023128 0.0000000 0.0000000 0.0000000 0.0152964
106 G 106 0.0640534 0.0182770 0.0000000 0.0000000 0.0011729 0.0000000 0.0112381 0.8831230 0.0000000 0.0000000 0.0000000 0.0018637 0.0000000 0.0000000 0.0029714 0.0156848 0.0016157 0.0000000 0.0000000 0.0000000
107 R 107 0.1429487 0.2012677 0.0225107 0.0109064 0.0110745 0.0645307 0.1583799 0.0162787 0.0329429 0.0064090 0.0304799 0.1082688 0.0068716 0.0068854 0.0134803 0.0429055 0.0906553 0.0138363 0.0028471 0.0165205
108 A 108 0.4714041 0.0069255 0.0000000 0.0000000 0.0225126 0.0013433 0.0106381 0.0000000 0.0057945 0.0243552 0.1593647 0.0024630 0.0096808 0.0048708 0.0000000 0.0328022 0.0029918 0.1448640 0.0064391 0.0935503
109 C 109 0.2119090 0.0000000 0.0000000 0.0000000 0.2269717 0.0000000 0.0000000 0.0737665 0.0000000 0.0366800 0.0391164 0.0000000 0.0357342 0.0103547 0.0000000 0.0561989 0.0215828 0.0000000 0.0074841 0.2802017
110 G 110 0.0540041 0.0226930 0.0679664 0.0028653 0.0139751 0.0333156 0.0037327 0.5217215 0.1657226 0.0000000 0.0156377 0.0299513 0.0078897 0.0017851 0.0000000 0.0333931 0.0087790 0.0018414 0.0074495 0.0072771
111 V 111 0.0051886 0.1094770 0.0000000 0.0000000 0.0091655 0.0304095 0.0031026 0.0013781 0.0075974 0.1035651 0.2196487 0.1189771 0.0269692 0.0014666 0.0018668 0.0542136 0.1494221 0.0000000 0.0039629 0.1535893
112 S 112 0.0109342 0.0230278 0.0173232 0.0255504 0.1212924 0.0145987 0.0516159 0.0012362 0.0073848 0.0047578 0.0126502 0.5063149 0.0031997 0.0027952 0.0269061 0.1258180 0.0349322 0.0000000 0.0000000 0.0096621
113 R 113 0.0122060 0.5378766 0.0177467 0.0023739 0.0000000 0.0025857 0.0000000 0.0155743 0.0036256 0.0151933 0.0026235 0.0467639 0.0026632 0.0000000 0.0000000 0.0274982 0.2093638 0.0000000 0.0000000 0.1039053
114 P 114 0.1624738 0.0062402 0.0176029 0.0092828 0.0871888 0.0099358 0.0022625 0.1113865 0.0024344 0.0027971 0.0068779 0.1277335 0.0027065 0.0067156 0.3449521 0.0420172 0.0395733 0.0000000 0.0071845 0.0106343
115 V 115 0.1318580 0.0000000 0.0028277 0.0017736 0.0247275 0.0000000 0.0000000 0.0021486 0.0042088 0.0528864 0.0056149 0.0055594 0.0052483 0.0046849 0.0057002 0.0743325 0.3601804 0.0000000 0.0000000 0.3182490
116 I 116 0.1332166 0.0022312 0.0049158 0.0041268 0.0974449 0.0073176 0.0000000 0.0257014 0.0000000 0.1349700 0.0092122 0.0098547 0.0086910 0.0000000 0.0055313 0.2400577 0.0835869 0.0000000 0.0000000 0.2331418
117 A 117 0.2350796 0.0048891 0.0177939 0.0000000 0.1380947 0.0000000 0.0000000 0.0726909 0.0000000 0.0453868 0.0958733 0.0078636 0.0067174 0.0000000 0.0000000 0.0803584 0.0286036 0.0000000 0.0041102 0.2625384
118 C 118 0.3794428 0.0000000 0.0039093 0.0000000 0.2539323 0.0000000 0.0000000 0.0075158 0.0050030 0.0216740 0.0268945 0.0000000 0.0163691 0.0000000 0.0019242 0.0564707 0.0187511 0.0000000 0.0000000 0.2081131
119 S 119 0.1007309 0.0000000 0.0000000 0.0000000 0.0519600 0.0000000 0.0000000 0.0361310 0.0033967 0.0555301 0.2092305 0.0029058 0.1164580 0.1052709 0.0000000 0.2488876 0.0157284 0.0000000 0.0035156 0.0502545
120 V 120 0.0413555 0.0000000 0.0021030 0.0090469 0.0191025 0.0065594 0.0059448 0.0182511 0.0032636 0.2778544 0.0658059 0.0047845 0.0000000 0.0000000 0.0011203 0.0061128 0.1623051 0.0000000 0.0026739 0.3737164
121 T 121 0.0879745 0.0073107 0.0306256 0.0430606 0.0069555 0.0612212 0.0573503 0.0152040 0.0038760 0.0527380 0.1513250 0.0280153 0.0412581 0.0395971 0.0000000 0.0341082 0.1486723 0.0000000 0.0078403 0.1828674
122 I 122 0.0144394 0.0308080 0.0252285 0.0060698 0.0075975 0.0055286 0.0234443 0.0011299 0.0017181 0.1573503 0.0431817 0.0244624 0.0089657 0.0088213 0.1030371 0.0673194 0.0856062 0.0000000 0.0049213 0.3803705
123 K 123 0.0192219 0.1201686 0.1666382 0.0710913 0.0080814 0.0112732 0.0702926 0.0108550 0.0079515 0.0122937 0.0069568 0.3447710 0.0032089 0.0032874 0.0207816 0.0288760 0.0386108 0.0000000 0.0270805 0.0285597
124 E 124 0.0245587 0.0087916 0.0661526 0.3635704 0.0011391 0.0227900 0.2008161 0.0254107 0.0012930 0.0101020 0.0016747 0.1058719 0.0014169 0.0080389 0.0826999 0.0438085 0.0073011 0.0000000 0.0101477 0.0144165
125 G 125 0.1023849 0.0158815 0.0742875 0.0478239 0.0027936 0.0184609 0.1077688 0.1532322 0.0647124 0.0113534 0.0069482 0.0923161 0.0000000 0.0585325 0.0437925 0.0585961 0.0242477 0.0305955 0.0714030 0.0148694
126 S 126 0.0791181 0.0169518 0.0155039 0.1416340 0.0025774 0.0108122 0.0827583 0.3017666 0.0054653 0.0027507 0.0031594 0.0401797 0.0038474 0.0063351 0.0277890 0.2278694 0.0216053 0.0022764 0.0034196 0.0041805
127 Q 127 0.0770772 0.0156637 0.0257417 0.1351561 0.0000000 0.1303557 0.3697483 0.0271432 0.0000000 0.0000000 0.0000000 0.1320347 0.0032626 0.0000000 0.0114436 0.0398817 0.0171955 0.0000000 0.0090026 0.0062934
128 L 128 0.0975554 0.0133304 0.0150305 0.1245650 0.0057051 0.0098745 0.1243766 0.0256126 0.0067923 0.0197991 0.2884198 0.0192131 0.0021844 0.0723218 0.0051011 0.0079011 0.0059008 0.0000000 0.1459869 0.0103295
129 K 129 0.1271450 0.0419479 0.0524694 0.0157929 0.0028425 0.0782317 0.0583789 0.0193226 0.0017944 0.0085660 0.0105486 0.3000313 0.0130532 0.0040853 0.0060675 0.1634866 0.0883260 0.0000000 0.0000000 0.0079101
130 Q 130 0.0643588 0.0335028 0.0344380 0.1266496 0.0000000 0.1042911 0.2060299 0.0419045 0.0194237 0.0000000 0.0130474 0.1865378 0.0033237 0.0000000 0.0496893 0.0877358 0.0224100 0.0000000 0.0017602 0.0048974
131 Q 131 0.1879093 0.0165077 0.0259685 0.0609549 0.0019970 0.1381391 0.0923493 0.0281655 0.0021457 0.0179661 0.2634180 0.0369069 0.0155716 0.0000000 0.0045100 0.0440645 0.0313265 0.0000000 0.0010064 0.0310930
132 I 132 0.0042690 0.0285565 0.0040931 0.0159865 0.0127914 0.0000000 0.0155528 0.0039807 0.0064415 0.1969481 0.1951709 0.0288280 0.0205694 0.1135823 0.0000000 0.0015069 0.0092329 0.0121653 0.1708528 0.1594719
133 Q 133 0.0544580 0.0402225 0.0859801 0.2438950 0.0000000 0.0793888 0.2172385 0.0231208 0.0152942 0.0039621 0.0127179 0.0770914 0.0000000 0.0000000 0.0000000 0.0902533 0.0396140 0.0000000 0.0047495 0.0120139
134 S 134 0.1426475 0.0132893 0.0127312 0.0511970 0.0031822 0.0363684 0.2354278 0.0123365 0.0030681 0.0220721 0.0000000 0.1752999 0.0064167 0.0207607 0.0000000 0.0712208 0.0633988 0.0000000 0.0208618 0.1097214
135 I 135 0.0191721 0.0035276 0.0000000 0.0016111 0.0592909 0.0000000 0.0049888 0.0012285 0.0000000 0.3551508 0.3229480 0.0000000 0.0225742 0.0124908 0.0016111 0.0066081 0.0024100 0.0000000 0.0100254 0.1763626
136 Q 136 0.0434136 0.0938633 0.0222652 0.0117623 0.0012629 0.0936364 0.0356391 0.0033382 0.0158003 0.0697127 0.1126644 0.2234137 0.0165793 0.0101459 0.0040987 0.0139819 0.0197718 0.0000000 0.0250626 0.1835877
137 Q 137 0.0419835 0.0135480 0.0608809 0.1350568 0.0034742 0.0840736 0.2728916 0.0236929 0.0044502 0.0042279 0.0145842 0.1217272 0.0057110 0.0000000 0.0268296 0.0759323 0.1025265 0.0000000 0.0000000 0.0084095
138 S 138 0.1427953 0.0285707 0.1079538 0.0204317 0.0000000 0.0454149 0.1511891 0.0058650 0.0436669 0.0092572 0.0509034 0.1298082 0.0134561 0.0061899 0.0000000 0.0772767 0.0377628 0.0000000 0.1190209 0.0104372
139 I 139 0.0243913 0.0000000 0.0000000 0.0043303 0.0158149 0.0000000 0.0000000 0.0000000 0.0000000 0.3252145 0.1056480 0.0071893 0.0253292 0.1433963 0.0000000 0.0042715 0.0149907 0.0000000 0.0707155 0.2587085
140 E 140 0.0367500 0.0251669 0.1637061 0.0230496 0.0000000 0.0852404 0.2627864 0.0119872 0.0037692 0.0095502 0.0019776 0.2581238 0.0044915 0.0000000 0.0340578 0.0659116 0.0085986 0.0048329 0.0000000 0.0000000
141 R 141 0.1387884 0.1075295 0.0606298 0.1225308 0.0000000 0.0370645 0.1129143 0.0110553 0.0038317 0.0000000 0.0047556 0.1251128 0.0040023 0.0000000 0.0032043 0.1359728 0.1282390 0.0000000 0.0000000 0.0043692
142 L 142 0.0051471 0.0000000 0.0060784 0.0000000 0.0000000 0.0000000 0.0000000 0.0032562 0.0000000 0.0573868 0.8533318 0.0000000 0.0370251 0.0125831 0.0000000 0.0058445 0.0000000 0.0000000 0.0000000 0.0193470
143 L 143 0.0364000 0.0082123 0.0632527 0.0151036 0.0000000 0.0738973 0.0079327 0.0000000 0.0137210 0.0134114 0.3234216 0.0119649 0.0646196 0.0534864 0.2396409 0.0120285 0.0106015 0.0523056 0.0000000 0.0000000
144 V 144 0.0000000 0.0000000 0.0000000 0.0000000 0.0000000 0.0000000 0.0000000 0.0000000 0.0000000 0.5577061 0.0000000 0.0000000 0.0000000 0.0000000 0.0000000 0.0000000 0.0000000 0.0000000 0.0000000 0.4422939
