  144         A         R         N         D         C         Q         E         G         H         I         L         K         M         F         P         S         T         W         Y         V         X    
  1 M   1 0.0000000 0.0000000 0.0000000 0.0000000 0.0000000 0.0000000 0.0000000 0.0000000 0.0000000 0.0000000 0.0000000 0.0000000 0.0783609 0.0000000 0.0000000 0.0000000 0.0000000 0.0000000 0.0000000 0.0050869 0.9165523
  2 G   2 0.0484140 0.0000000 0.0000000 0.0030083 0.0000000 0.0000000 0.0065378 0.0241536 0.0000000 0.0000000 0.0000000 0.0000000 0.0000000 0.0000000 0.0000000 0.0123619 0.0033421 0.0000000 0.0000000 0.0044453 0.8977370
  3 H   3 0.0053314 0.0079608 0.0038263 0.0285931 0.0000000 0.0000000 0.0261144 0.0017868 0.0035484 0.0000000 0.0000000 0.0376461 0.0000000 0.0000000 0.0000000 0.0290216 0.0027115 0.0000000 0.0000000 0.0000000 0.8534594
  4 H   4 0.0102438 0.0000000 0.0000000 0.0595923 0.0000000 0.0015821 0.0367542 0.0042025 0.0123706 0.0000000 0.0020445 0.0132715 0.0000000 0.0000000 0.0000000 0.0190564 0.0045176 0.0000000 0.0000000 0.0039945 0.8323698
  5 H   5 0.0375474 0.0116433 0.1101918 0.0107858 0.0000000 0.0037624 0.0173304 0.0250431 0.0232163 0.0017549 0.0000000 0.0250859 0.0041713 0.0000000 0.0023357 0.0315058 0.0176828 0.0000000 0.0000000 0.0026426 0.6753005
  6 H   6 0.0019653 0.0047219 0.0166796 0.0189055 0.0000000 0.1462847 0.0567213 0.0123457 0.0143681 0.0000000 0.0000000 0.0290708 0.0039996 0.0000000 0.0000000 0.0221372 0.0181078 0.0000000 0.0000000 0.0043385 0.6503541
  7 H   7 0.0162827 0.0047205 0.0068851 0.0304490 0.0000000 0.0114106 0.0542686 0.0111582 0.0057763 0.0065651 0.0061495 0.0036089 0.0071280 0.1477348 0.0044792 0.0106280 0.0122159 0.0000000 0.0000000 0.0170603 0.6434791
  8 H   8 0.0298916 0.0077857 0.0163612 0.0092665 0.0073030 0.0252205 0.0541010 0.0116427 0.0042598 0.0083647 0.0000000 0.0285560 0.0039781 0.0000000 0.0049719 0.0489139 0.1060201 0.0000000 0.0000000 0.0117741 0.6215891
  9 S   9 0.0206921 0.0133426 0.0350821 0.0255265 0.0012636 0.0733521 0.0295219 0.0083946 0.0099637 0.0094058 0.0063280 0.0709191 0.0029933 0.0011770 0.0057170 0.0158656 0.0351673 0.0000000 0.0061340 0.0212121 0.6079415
 10 S  10 0.0639133 0.0040416 0.0120341 0.0223227 0.0031926 0.0065756 0.0390178 0.0095821 0.0043121 0.0135387 0.0031781 0.0294694 0.0000000 0.0033882 0.0056275 0.0429574 0.1002028 0.0000000 0.0000000 0.0335134 0.6031325
 11 G  11 0.0197851 0.0030865 0.0256108 0.0330305 0.0010199 0.0063284 0.0418308 0.0224407 0.0034147 0.0213184 0.1352590 0.0243236 0.0010563 0.0015561 0.0123944 0.0108389 0.0225526 0.0000000 0.0000000 0.0170463 0.5971071
 12 I  12 0.0106618 0.0112545 0.0067733 0.1376447 0.0000000 0.0102169 0.0906298 0.0089579 0.0029280 0.0073745 0.0064318 0.0286659 0.0095752 0.0024391 0.0158583 0.0287155 0.0137649 0.0000000 0.0029541 0.0170958 0.5880582
 13 E  13 0.0225485 0.0589116 0.0065928 0.0433026 0.0014762 0.0104864 0.0621900 0.0076954 0.0065168 0.0138716 0.0070651 0.1095902 0.0029541 0.0000000 0.0231273 0.0131803 0.0050778 0.0043199 0.0000000 0.0195018 0.5815917
 14 E  14 0.0126756 0.0017360 0.0904215 0.0361906 0.0000000 0.0613342 0.0589022 0.0036616 0.0052802 0.0033990 0.0000000 0.0159270 0.0024391 0.0021939 0.0198452 0.0481239 0.0457649 0.0000000 0.0095128 0.0180444 0.5645479
 15 G  15 0.0114776 0.0020785 0.0057601 0.0366021 0.0000000 0.0253878 0.0287378 0.0146857 0.0026051 0.0107956 0.0275318 0.0119258 0.0058448 0.0016569 0.0174130 0.0137600 0.1004998 0.0000000 0.1100155 0.0127154 0.5605067
 16 R  16 0.1419722 0.0168098 0.0097535 0.0469004 0.0000000 0.0217811 0.0903079 0.0050359 0.0052974 0.0061221 0.0088699 0.0276932 0.0014386 0.0039479 0.0069257 0.0130100 0.0157826 0.0000000 0.0067387 0.0182190 0.5533944
 17 M  17 0.0528577 0.0202024 0.0067277 0.0297789 0.0000000 0.0146808 0.1039710 0.0033050 0.0041154 0.0074573 0.0070520 0.0498977 0.0470420 0.0000000 0.0038728 0.0149727 0.0933906 0.0000000 0.0047778 0.0249299 0.5109683
 18 T  18 0.0367994 0.0396430 0.0146737 0.0112605 0.0000000 0.1046446 0.0200722 0.0057566 0.0014002 0.0087416 0.0497573 0.0686511 0.0048667 0.0027741 0.0363361 0.0302849 0.0567619 0.0000000 0.0030602 0.0050906 0.4994252
 19 E  19 0.0376860 0.0115663 0.0022014 0.0301961 0.0125541 0.0100249 0.0526809 0.0075458 0.0000000 0.0275340 0.1607920 0.0089480 0.0228943 0.0070658 0.0073988 0.0278145 0.0214569 0.0000000 0.0035566 0.0575804 0.4905032
 20 A  20 0.0448507 0.0155121 0.0116225 0.0223736 0.0000000 0.0169352 0.0488142 0.0408083 0.0031375 0.0075967 0.0670431 0.0300223 0.0019808 0.0995633 0.0219918 0.0199666 0.0338024 0.0000000 0.0031433 0.0349179 0.4759177
 21 D  21 0.0836819 0.0256508 0.0295869 0.0519384 0.0037580 0.0166927 0.0670137 0.0044852 0.0186951 0.0036923 0.0144652 0.1161014 0.0051662 0.0215177 0.0129719 0.0134750 0.0095720 0.0000000 0.0275723 0.0066147 0.4673486
 22 V  22 0.0115921 0.0087206 0.0036284 0.0063139 0.0057578 0.0030053 0.0058777 0.0017860 0.0000000 0.0364482 0.2252466 0.0000000 0.0202816 0.0091847 0.0000000 0.0022169 0.0144074 0.0000000 0.0027741 0.1938037 0.4489550
 23 N  23 0.0563055 0.0031483 0.1433504 0.0188277 0.0163164 0.0056673 0.0136716 0.0046580 0.0033586 0.0034718 0.1055308 0.0000000 0.0129633 0.0192886 0.0086597 0.0824958 0.0092206 0.0000000 0.0000000 0.0569203 0.4361453
 24 P  24 0.0760207 0.0000000 0.0275898 0.0195827 0.0000000 0.0022196 0.0425414 0.0000000 0.0449523 0.0139537 0.0139229 0.0121593 0.0072514 0.0022014 0.2309299 0.0357535 0.0118780 0.0000000 0.0000000 0.0235234 0.4355199
 25 K  25 0.0153986 0.0181920 0.0064151 0.0032446 0.0000000 0.0017860 0.0000000 0.0015239 0.0042380 0.1811110 0.0059704 0.2647381 0.0009958 0.0654897 0.0054142 0.0058129 0.0067785 0.0000000 0.0000000 0.0019599 0.4109313
 26 A  26 0.3359881 0.0037133 0.0014916 0.0000000 0.0000000 0.0000000 0.0037133 0.0035867 0.0010336 0.0117292 0.0000000 0.0000000 0.0010464 0.0000000 0.0162913 0.0300297 0.0098849 0.0000000 0.1954261 0.0024865 0.3835795
 27 Y  27 0.0216725 0.1469130 0.0304458 0.0101293 0.0019543 0.0552903 0.0058176 0.0064835 0.0199488 0.0122849 0.0105785 0.1262709 0.0000000 0.0348280 0.0023993 0.0300500 0.0179394 0.0332250 0.0467566 0.0131397 0.3738724
 28 P  28 0.0061903 0.0000000 0.0000000 0.0013511 0.0000000 0.0000000 0.0040221 0.0011925 0.0000000 0.0000000 0.0101215 0.0013524 0.0000000 0.0012603 0.6028373 0.0069073 0.0000000 0.0000000 0.0000000 0.0023320 0.3624332
 29 L  29 0.0056612 0.0000000 0.0012094 0.0000000 0.0043110 0.0065217 0.2155937 0.0127365 0.0000000 0.0300497 0.2732444 0.0114531 0.0503262 0.0044286 0.0067605 0.0139772 0.0051042 0.0000000 0.0000000 0.0263639 0.3322587
 30 A  30 0.3379855 0.0000000 0.0158971 0.0215844 0.0063811 0.0075968 0.0101182 0.0154379 0.0000000 0.0000000 0.0169199 0.0023707 0.0104822 0.0017203 0.0057318 0.0444725 0.1435537 0.0000000 0.0000000 0.0390791 0.3206687
 31 D  31 0.0281826 0.0247992 0.0288840 0.1342124 0.0000000 0.0104070 0.0405091 0.0457745 0.0020278 0.0000000 0.0076494 0.1361155 0.0075968 0.0000000 0.1148506 0.1144539 0.0159874 0.0000000 0.0010101 0.0100648 0.2774748
 32 A  32 0.1199144 0.0519579 0.0030243 0.0528187 0.0000000 0.0906359 0.0987118 0.0248201 0.0042286 0.0067137 0.0102994 0.1362969 0.0387868 0.0018124 0.0467928 0.0237580 0.0144795 0.0000000 0.0000000 0.0099335 0.2650153
 33 H  33 0.0800707 0.0251087 0.0140099 0.1060298 0.0000000 0.0318359 0.1995137 0.0098631 0.0135624 0.0027143 0.0000000 0.2343165 0.0037107 0.0000000 0.0032515 0.0254376 0.0198034 0.0000000 0.0000000 0.0051245 0.2256472
 34 L  34 0.0092725 0.0182343 0.0000000 0.0000000 0.0000000 0.0085430 0.0000000 0.0121120 0.0026999 0.0315684 0.3444964 0.1834215 0.0216450 0.0169568 0.0000000 0.0241797 0.0216181 0.0000000 0.0025457 0.0802453 0.2224613
 35 T  35 0.0862003 0.0217123 0.0872120 0.0034739 0.0202421 0.0491496 0.0363291 0.0035888 0.0107083 0.0029999 0.0273022 0.1498812 0.0218980 0.0016230 0.0084430 0.0349374 0.1845700 0.0000000 0.0034356 0.0180995 0.2281938
 36 K  36 0.0551646 0.0297286 0.0463257 0.0527599 0.0000000 0.1019861 0.1101828 0.0075794 0.0031606 0.0092277 0.0088410 0.2382875 0.0028674 0.0000000 0.0046841 0.0188362 0.0802316 0.0000000 0.0000000 0.0153033 0.2148337
 37 K  37 0.1216878 0.2481079 0.0013017 0.0105265 0.0000000 0.0373089 0.0306105 0.0057618 0.0023793 0.0000000 0.0048428 0.2683683 0.0116462 0.0000000 0.0024027 0.0197942 0.0161278 0.0000000 0.0000000 0.0040659 0.2150678
 38 L  38 0.0451498 0.0000000 0.0013636 0.0018271 0.0187941 0.0000000 0.0000000 0.0021063 0.0009981 0.1838377 0.4119397 0.0070556 0.0033872 0.0022280 0.0026143 0.0090955 0.0263670 0.0000000 0.0000000 0.0933456 0.1898906
 39 L  39 0.0220462 0.0396604 0.0000000 0.0014681 0.0057423 0.0932499 0.0095898 0.0028787 0.0273469 0.0088768 0.3122108 0.0551512 0.0204593 0.0296523 0.0051017 0.0170405 0.0208122 0.0103897 0.1303142 0.0145216 0.1734874
 40 D  40 0.0754793 0.0129671 0.0247547 0.1010978 0.0000000 0.0207859 0.1605144 0.0195170 0.0105482 0.0122655 0.0095213 0.3199572 0.0044820 0.0000000 0.0035773 0.0225905 0.0162857 0.0000000 0.0042414 0.0127821 0.1686326
 41 L  41 0.0719547 0.0620285 0.0016725 0.0068433 0.0374535 0.0140866 0.0363478 0.0027555 0.0055681 0.0261604 0.2409700 0.0231724 0.0149178 0.0067191 0.0027152 0.0279303 0.0677773 0.0021516 0.0000000 0.1953193 0.1534559
 42 V  42 0.1706418 0.0027852 0.0000000 0.0053528 0.0036899 0.0009695 0.0052549 0.0100595 0.0000000 0.1501317 0.2128488 0.0022228 0.0076619 0.0089933 0.0111000 0.0063597 0.0087392 0.0000000 0.0000000 0.2443339 0.1488553
 43 Q  43 0.0184147 0.1020662 0.0141243 0.0154093 0.0000000 0.1401327 0.1357017 0.0000000 0.0018073 0.0000000 0.0029541 0.3935837 0.0048253 0.0000000 0.0000000 0.0167974 0.0076381 0.0000000 0.0000000 0.0035504 0.1429948
 44 Q  44 0.0455450 0.0546411 0.0263355 0.0149843 0.0000000 0.1202621 0.0408174 0.0014074 0.0039148 0.0293543 0.0316444 0.3977388 0.0053838 0.0029541 0.0027852 0.0379624 0.0519282 0.0000000 0.0000000 0.0232939 0.1090475
 45 S  45 0.5435296 0.0298315 0.0000000 0.0034686 0.0055248 0.0102665 0.0079610 0.0424783 0.0197660 0.0207186 0.0043110 0.0614279 0.0068139 0.0000000 0.0000000 0.1143404 0.0166911 0.0000000 0.0021582 0.0142804 0.0964320
 46 C  46 0.2108505 0.0722030 0.0150972 0.0024676 0.0165422 0.0123352 0.0116508 0.0071599 0.0141655 0.0189295 0.1318906 0.1105598 0.0249040 0.0040501 0.0093124 0.1328179 0.0468388 0.0024953 0.0037534 0.0611870 0.0907893
 47 N  47 0.1147671 0.0309555 0.0739035 0.0332099 0.0019274 0.0355551 0.0877172 0.0033015 0.0320739 0.0659005 0.0056746 0.2971783 0.0114014 0.0022378 0.0052146 0.0306198 0.0322931 0.0000000 0.0024936 0.0453515 0.0882238
 48 Y  48 0.0607943 0.0462810 0.0592252 0.0182576 0.0073006 0.0541938 0.0194809 0.0947375 0.1423193 0.0098099 0.0299916 0.0395876 0.0009329 0.0090029 0.0788392 0.0497352 0.0691291 0.0000000 0.0872478 0.0276552 0.0954784
 49 K  49 0.0075173 0.1033488 0.0469627 0.1118376 0.0052239 0.0077742 0.0104869 0.1068960 0.0184035 0.0134362 0.0068356 0.4155977 0.0070640 0.0025799 0.0126690 0.0138922 0.0014002 0.0000000 0.0162994 0.0104748 0.0813003
 50 Q  50 0.0368785 0.0617958 0.0320000 0.0036688 0.0301625 0.1964589 0.0171135 0.2054335 0.0329794 0.0069047 0.0121121 0.0750953 0.0169347 0.0172238 0.0048069 0.0596321 0.0745158 0.0000000 0.0024017 0.0350516 0.0788303
 51 L  51 0.0084464 0.0024443 0.0022606 0.0000000 0.0026026 0.0021063 0.0012141 0.0000000 0.0013789 0.1582300 0.4948394 0.0075476 0.0049980 0.0230031 0.0027852 0.0022014 0.0133238 0.0000000 0.0067715 0.2074618 0.0583849
 52 R  52 0.1206658 0.2035067 0.0019361 0.0037580 0.0079849 0.0171607 0.0078943 0.0110875 0.0132115 0.0254866 0.0308647 0.3421477 0.0061835 0.0046988 0.0025845 0.0284632 0.0069675 0.0042380 0.0055754 0.0983336 0.0572509
 53 K  53 0.0522403 0.3083614 0.0277875 0.0024711 0.0110121 0.0155448 0.0023448 0.0000000 0.0361771 0.0610664 0.0144270 0.1994018 0.0183366 0.0321412 0.0027852 0.0299218 0.0190007 0.0000000 0.0767481 0.0303140 0.0599181
 54 G  54 0.0051896 0.0039247 0.0000000 0.0000000 0.0000000 0.0000000 0.0084947 0.9355102 0.0000000 0.0000000 0.0000000 0.0024245 0.0000000 0.0000000 0.0000000 0.0024823 0.0000000 0.0000000 0.0000000 0.0016523 0.0403219
 55 A  55 0.1234345 0.0000000 0.0010821 0.0000000 0.0060184 0.0017791 0.0000000 0.0000000 0.0000000 0.1365463 0.3022113 0.0000000 0.0055382 0.0165143 0.0130696 0.0208113 0.0685694 0.0000000 0.0000000 0.2712822 0.0331432
 56 N  56 0.0040443 0.1260807 0.3874810 0.0082434 0.0051768 0.0158615 0.0000000 0.0011826 0.0819561 0.0048887 0.0041618 0.2857317 0.0075968 0.0016979 0.0051901 0.0206746 0.0077068 0.0000000 0.0007576 0.0000000 0.0315676
 57 E  57 0.0089343 0.0090060 0.0117905 0.0640575 0.0000000 0.0680025 0.5703931 0.0056888 0.0970759 0.0038267 0.0026634 0.0285681 0.0011411 0.0000000 0.0000000 0.0128006 0.0869520 0.0000000 0.0000000 0.0000000 0.0290995
 58 A  58 0.1782330 0.0000000 0.0000000 0.0000000 0.0465916 0.0000000 0.0000000 0.0147431 0.0000000 0.0673074 0.0030170 0.0000000 0.0000000 0.0026327 0.0092990 0.0288456 0.0902370 0.0000000 0.0000000 0.5294178 0.0296758
 59 T  59 0.0948876 0.0087225 0.0107103 0.0000000 0.0190471 0.0864018 0.0106621 0.0031925 0.0023575 0.0370561 0.0366312 0.0077871 0.0112047 0.0035028 0.0111860 0.0239938 0.4092428 0.0000000 0.0089654 0.1875544 0.0268945
 60 K  60 0.0252748 0.0868443 0.0141023 0.0041753 0.0015380 0.0101909 0.0049755 0.0145047 0.0011776 0.0062609 0.0071144 0.6572983 0.0015839 0.0000000 0.0000000 0.0382013 0.0841256 0.0000000 0.0140420 0.0031615 0.0254287
 61 T  61 0.3695013 0.0157044 0.0067306 0.0045617 0.0188864 0.0111360 0.0057317 0.0181414 0.0443514 0.0032347 0.2175053 0.0172764 0.0112234 0.0315344 0.0088920 0.0738073 0.0998927 0.0000000 0.0062120 0.0113740 0.0243031
 62 L  62 0.0060882 0.0000000 0.0000000 0.0000000 0.0000000 0.0000000 0.0017997 0.0000000 0.0000000 0.2839377 0.4036644 0.0000000 0.0247071 0.0077165 0.0037133 0.0075968 0.0000000 0.0000000 0.0022810 0.2339385 0.0245568
 63 N  63 0.0009484 0.2059742 0.1354314 0.1283839 0.0098630 0.0145160 0.3772863 0.0008662 0.0047005 0.0080243 0.0134024 0.0478763 0.0013226 0.0000000 0.0000000 0.0110277 0.0140166 0.0000000 0.0018035 0.0000000 0.0245568
 64 R  64 0.0309041 0.2763185 0.0936974 0.0011129 0.0042135 0.0796337 0.0180613 0.0036745 0.0097672 0.0114650 0.0313320 0.3495738 0.0024740 0.0017748 0.0061978 0.0341722 0.0192495 0.0000000 0.0018209 0.0000000 0.0245568
 65 G  65 0.0101617 0.1284723 0.0702266 0.0123151 0.0114682 0.0101754 0.0074312 0.4041249 0.0147718 0.0022810 0.0000000 0.2449728 0.0047393 0.0000000 0.0015537 0.0500167 0.0049938 0.0000000 0.0000000 0.0009983 0.0212973
 66 I  66 0.0240558 0.0245648 0.0225129 0.0203807 0.0000000 0.1333270 0.1696165 0.0053442 0.0064919 0.0766305 0.0392385 0.2773373 0.0063593 0.0042992 0.0399628 0.0215114 0.0764974 0.0000000 0.0027113 0.0304145 0.0187439
 67 S  67 0.5398506 0.0115929 0.0062343 0.0049311 0.0191221 0.0032181 0.0030695 0.0069089 0.0020928 0.0322497 0.0372931 0.1263637 0.0036915 0.0019718 0.0225052 0.0766389 0.0453593 0.0000000 0.0000000 0.0414880 0.0154185
 68 E  68 0.0292519 0.0516321 0.0115739 0.0123893 0.0040951 0.1594866 0.1201892 0.2341006 0.0848233 0.0086706 0.0375105 0.1549125 0.0035675 0.0000000 0.0013989 0.0409209 0.0072532 0.0031488 0.0033671 0.0162894 0.0154185
 69 F  69 0.0135302 0.0089221 0.0013327 0.0000000 0.0219754 0.0000000 0.0150513 0.0000000 0.0016725 0.1293888 0.5512128 0.0053044 0.0363206 0.1022293 0.0019928 0.0013507 0.0059967 0.0000000 0.0075968 0.0816623 0.0144607
 70 I  70 0.0224016 0.0000000 0.0000000 0.0015228 0.2065693 0.0000000 0.0000000 0.0000000 0.0000000 0.1020289 0.0410473 0.0000000 0.0133142 0.0000000 0.0000000 0.0015705 0.0056829 0.0064787 0.0025534 0.5799903 0.0168400
 71 V  71 0.0068759 0.0029332 0.0000000 0.0000000 0.0108257 0.0000000 0.0000000 0.0000000 0.0000000 0.2418875 0.1221105 0.0028426 0.0082831 0.0611584 0.0000000 0.0000000 0.0000000 0.0000000 0.0221829 0.5052732 0.0156269
 72 M  72 0.0019988 0.0000000 0.0016344 0.0000000 0.0037757 0.0035891 0.0000000 0.0000000 0.0000000 0.4049018 0.3477717 0.0000000 0.0707365 0.0516158 0.0000000 0.0000000 0.0110600 0.0065640 0.0038033 0.0748247 0.0177241
 73 A  73 0.8273796 0.0000000 0.0186746 0.0042915 0.0250507 0.0032095 0.0000000 0.0206358 0.0000000 0.0000000 0.0000000 0.0000000 0.0000000 0.0000000 0.0055833 0.0371909 0.0250274 0.0000000 0.0000000 0.0132093 0.0197475
 74 A  74 0.1947993 0.0148690 0.0592423 0.0272106 0.0090507 0.0127972 0.1369957 0.1904093 0.1583864 0.0060082 0.0035330 0.0369582 0.0036170 0.0000000 0.0426786 0.0579059 0.0122609 0.0000000 0.0043318 0.0075106 0.0214355
 75 D  75 0.0070895 0.0000000 0.1525662 0.7210142 0.0043110 0.0025319 0.0058413 0.0113144 0.0073289 0.0029332 0.0000000 0.0028426 0.0000000 0.0000000 0.0000000 0.0441283 0.0111495 0.0000000 0.0026327 0.0023413 0.0219749
 76 A  76 0.1300121 0.0000000 0.0041726 0.0000000 0.1769213 0.0000000 0.0000000 0.0000000 0.0000000 0.1607441 0.0103141 0.0000000 0.0076760 0.0055217 0.0000000 0.0077522 0.0957505 0.0000000 0.0028426 0.3784108 0.0198821
 77 E  77 0.0071564 0.0000000 0.0482583 0.3542874 0.0010624 0.0189448 0.1843097 0.0011250 0.0145926 0.0000000 0.0217894 0.0246244 0.0013990 0.0172067 0.0022887 0.1824635 0.0762071 0.0000000 0.0154899 0.0031912 0.0256035
 78 P  78 0.0000000 0.0119210 0.0050969 0.0172327 0.0000000 0.0307269 0.1219873 0.0014555 0.0000000 0.0000000 0.0119321 0.0231593 0.0000000 0.0024029 0.7297248 0.0094584 0.0043772 0.0000000 0.0000000 0.0018528 0.0286723
 79 L  79 0.0569412 0.0023455 0.0066399 0.0166216 0.0000000 0.0148298 0.0642224 0.0093183 0.0012431 0.3556685 0.1427671 0.0124331 0.0567820 0.0122412 0.1139144 0.0063014 0.0114277 0.0038263 0.0093624 0.0445259 0.0585883
 80 E  80 0.0631655 0.0357646 0.0196253 0.2510768 0.0022562 0.0175039 0.4651516 0.0033885 0.0158265 0.0090062 0.0021533 0.0089169 0.0372798 0.0000000 0.0025868 0.0188653 0.0042801 0.0020571 0.0017233 0.0111329 0.0282396
 81 I  81 0.0169743 0.0029905 0.0000000 0.0011082 0.0017181 0.0032310 0.0000000 0.0000000 0.0011257 0.2862704 0.2242777 0.0027038 0.0175307 0.0080259 0.0019718 0.0136918 0.0072357 0.0020571 0.1583410 0.2340901 0.0166561
 82 I  82 0.0138777 0.0070553 0.0000000 0.0000000 0.0000000 0.0000000 0.0000000 0.0016979 0.0018771 0.2307969 0.1073051 0.0639359 0.0366093 0.0075476 0.0000000 0.0049649 0.0631494 0.0000000 0.0338999 0.4091820 0.0181010
 83 L  83 0.0706764 0.0211831 0.0067992 0.0139361 0.0679413 0.0194187 0.0138759 0.0052337 0.0065987 0.0364263 0.1673523 0.1481583 0.0473188 0.0024184 0.0000000 0.1513816 0.0438178 0.0000000 0.0138107 0.1455516 0.0181010
 84 H  84 0.0038263 0.0145194 0.0228504 0.0038792 0.0058446 0.0042380 0.0106069 0.0026834 0.4425943 0.0023549 0.1700693 0.0207514 0.0000000 0.1586419 0.0239427 0.0130190 0.0049316 0.0599292 0.0172166 0.0000000 0.0181010
 85 L  85 0.0030986 0.0018771 0.0000000 0.0000000 0.0000000 0.0000000 0.0000000 0.0000000 0.0000000 0.2385425 0.5020158 0.0000000 0.0291189 0.0166677 0.0112381 0.0014762 0.0000000 0.0000000 0.0000000 0.1778640 0.0181010
 86 P  86 0.0086287 0.0126272 0.0000000 0.0000000 0.0029905 0.0177970 0.0793958 0.0034668 0.0047308 0.0665824 0.0179379 0.0336967 0.0012321 0.0011903 0.6598544 0.0149916 0.0282294 0.0010328 0.0000000 0.0263445 0.0192713
 87 L  87 0.3963864 0.0071434 0.0089248 0.0094452 0.0114488 0.0311914 0.0202527 0.0225204 0.0035730 0.0817144 0.1480119 0.0061208 0.0020903 0.0043110 0.0126454 0.0321482 0.0419630 0.0000000 0.0080189 0.1328187 0.0192713
 88 L  88 0.0170880 0.0014581 0.0000000 0.0038263 0.0016752 0.0088519 0.0049622 0.0000000 0.0012342 0.0403750 0.7519779 0.0104518 0.0508838 0.0062835 0.0000000 0.0046837 0.0026549 0.0035290 0.0144100 0.0563831 0.0192713
 89 C  89 0.0996565 0.0024245 0.0000000 0.0000000 0.8091076 0.0000000 0.0000000 0.0065538 0.0000000 0.0024531 0.0057431 0.0000000 0.0031488 0.0046503 0.0000000 0.0341136 0.0000000 0.0000000 0.0015483 0.0092721 0.0213284
 90 E  90 0.0792172 0.2209010 0.0234120 0.0280613 0.0064174 0.0196911 0.4274994 0.0071066 0.0211546 0.0019344 0.0090658 0.0743665 0.0011002 0.0013311 0.0000000 0.0379087 0.0133222 0.0000000 0.0000000 0.0061329 0.0213776
 91 D  91 0.0149919 0.0318114 0.0155151 0.2391990 0.0000000 0.0324146 0.3612160 0.0012462 0.0000000 0.0009477 0.0063208 0.2256923 0.0024315 0.0019201 0.0032025 0.0255626 0.0093510 0.0000000 0.0017181 0.0043458 0.0221133
 92 K  92 0.0439351 0.0604416 0.0457316 0.0017285 0.0017065 0.0519315 0.0059071 0.0086247 0.1913586 0.0073001 0.0202370 0.2913326 0.1903737 0.0068088 0.0000000 0.0294156 0.0051138 0.0037323 0.0053136 0.0091961 0.0198113
 93 N  93 0.0091294 0.0099827 0.2594262 0.0784395 0.0029905 0.0707715 0.0801972 0.3173423 0.0031836 0.0000000 0.0000000 0.0781740 0.0000000 0.0000000 0.0000000 0.0553359 0.0076086 0.0000000 0.0032025 0.0020501 0.0221662
 94 V  94 0.0070502 0.0026679 0.0040956 0.0000000 0.0147553 0.0025371 0.0000000 0.0024823 0.0000000 0.4094759 0.0305739 0.0000000 0.0056292 0.0078575 0.0000000 0.0049076 0.0190484 0.0000000 0.0027038 0.4640491 0.0221662
 95 P  95 0.0213824 0.0009145 0.0507747 0.0163289 0.0020037 0.0091978 0.0163046 0.0047418 0.0110500 0.0000000 0.0072104 0.0165031 0.0000000 0.0024711 0.7646584 0.0433076 0.0046948 0.0000000 0.0033870 0.0018403 0.0232288
 96 Y  96 0.0157332 0.0013965 0.0029332 0.0017022 0.0089185 0.0020501 0.0000000 0.0034176 0.0072595 0.0231967 0.1660007 0.0000000 0.0022378 0.0606643 0.0000000 0.0000000 0.0000000 0.0018124 0.6175444 0.0547876 0.0303456
 97 V  97 0.0934709 0.0105281 0.0048008 0.0000000 0.2069171 0.0019718 0.0100237 0.0142481 0.0017646 0.2485432 0.0449145 0.0017202 0.0094887 0.0096547 0.0000000 0.0052395 0.0257655 0.0000000 0.0058050 0.2747979 0.0303456
 98 F  98 0.0012161 0.0090436 0.0040018 0.0018076 0.0050122 0.0180712 0.0277039 0.0000000 0.0084717 0.2285493 0.0027726 0.0972468 0.0112886 0.2705786 0.0000000 0.0169928 0.0250468 0.0170763 0.2233129 0.0056474 0.0261599
 99 V  99 0.0502037 0.0000000 0.0000000 0.0000000 0.0126211 0.0000000 0.0013839 0.0043876 0.0000000 0.1548589 0.0212366 0.0000000 0.0060126 0.0068859 0.0019888 0.0010640 0.0483128 0.0000000 0.0018941 0.6651776 0.0239726
100 R 100 0.0322857 0.0432131 0.0147387 0.1001427 0.0116561 0.0009524 0.0415197 0.0201749 0.0093952 0.0017257 0.0458485 0.2439450 0.0016991 0.0000000 0.2996521 0.0525022 0.0423095 0.0000000 0.0056219 0.0052234 0.0273940
101 S 101 0.0057909 0.0140565 0.0458073 0.1131711 0.0015601 0.0136673 0.0207170 0.1859625 0.0009742 0.0000000 0.0075968 0.0250702 0.0000000 0.0000000 0.0017504 0.4811073 0.0551057 0.0000000 0.0000000 0.0019888 0.0256738
102 K 102 0.0283801 0.1790665 0.0612994 0.0000000 0.0000000 0.0378572 0.0000000 0.0247591 0.0023123 0.0000000 0.0015973 0.5399902 0.0494996 0.0000000 0.0098231 0.0348927 0.0021808 0.0000000 0.0000000 0.0026679 0.0256738
103 Q 103 0.2515558 0.0453705 0.0226380 0.0218270 0.0019888 0.0814514 0.1291989 0.0041046 0.0048339 0.0109141 0.0159332 0.2092823 0.0177815 0.0056365 0.0014916 0.0695644 0.0326944 0.0012389 0.0031554 0.0376774 0.0316614
104 A 104 0.1452807 0.2296146 0.0069832 0.1582736 0.0000000 0.0496901 0.1364258 0.0124007 0.0074705 0.0091111 0.0255686 0.0963198 0.0125099 0.0017595 0.0000000 0.0327816 0.0341171 0.0000000 0.0020795 0.0122903 0.0273234
105 L 105 0.0023455 0.0088970 0.0000000 0.0000000 0.0000000 0.0000000 0.0000000 0.0047717 0.0035377 0.0577376 0.8526123 0.0010626 0.0072679 0.0075968 0.0088621 0.0021846 0.0000000 0.0000000 0.0000000 0.0145424 0.0285817
106 G 106 0.0605470 0.0175286 0.0000000 0.0000000 0.0010625 0.0000000 0.0108451 0.8579852 0.0000000 0.0000000 0.0000000 0.0018785 0.0000000 0.0000000 0.0033244 0.0147006 0.0015746 0.0000000 0.0000000 0.0000000 0.0305535
107 R 107 0.1351914 0.1980045 0.0219337 0.0103754 0.0104919 0.0616167 0.1529181 0.0152576 0.0328514 0.0068842 0.0295599 0.1060871 0.0069392 0.0066456 0.0129394 0.0404917 0.0868167 0.0134198 0.0028195 0.0155554 0.0332008
108 A 108 0.4475971 0.0065486 0.0000000 0.0000000 0.0222443 0.0017227 0.0100285 0.0000000 0.0057441 0.0231902 0.1602885 0.0024035 0.0090562 0.0046519 0.0000000 0.0306415 0.0030030 0.1388869 0.0061204 0.0893377 0.0385348
109 C 109 0.2013975 0.0000000 0.0000000 0.0000000 0.2167191 0.0000000 0.0000000 0.0680287 0.0000000 0.0350371 0.0371257 0.0000000 0.0337296 0.0099527 0.0000000 0.0552913 0.0203096 0.0000000 0.0068473 0.2756246 0.0399368
110 G 110 0.0496115 0.0211869 0.0649785 0.0026186 0.0129917 0.0306183 0.0034534 0.4928858 0.1660159 0.0000000 0.0145117 0.0278805 0.0075782 0.0016991 0.0000000 0.0330177 0.0080621 0.0016675 0.0069955 0.0069150 0.0473122
111 V 111 0.0047888 0.1098086 0.0000000 0.0000000 0.0083495 0.0302701 0.0028598 0.0012686 0.0069567 0.1017963 0.2069858 0.1132770 0.0250274 0.0013401 0.0018220 0.0493742 0.1383488 0.0000000 0.0035891 0.1403063 0.0538308
112 S 112 0.0103865 0.0213955 0.0168567 0.0253236 0.1133444 0.0132679 0.0515900 0.0011732 0.0067757 0.0042997 0.0125210 0.4764313 0.0028976 0.0025550 0.0252451 0.1149553 0.0312511 0.0000000 0.0000000 0.0087474 0.0609828
113 R 113 0.0115062 0.4764634 0.0159156 0.0020795 0.0000000 0.0022606 0.0000000 0.0135035 0.0031488 0.0135095 0.0023455 0.0426054 0.0025318 0.0000000 0.0000000 0.0252895 0.1945363 0.0000000 0.0000000 0.0988100 0.0954943
114 P 114 0.1460418 0.0055535 0.0156821 0.0084135 0.0849896 0.0090174 0.0020240 0.1045404 0.0021582 0.0025607 0.0060859 0.1152660 0.0023393 0.0057810 0.3064622 0.0377971 0.0362084 0.0000000 0.0064046 0.0095210 0.0931534
115 V 115 0.1228969 0.0000000 0.0025406 0.0015921 0.0232291 0.0000000 0.0000000 0.0019274 0.0038792 0.0477862 0.0049686 0.0049212 0.0046952 0.0044027 0.0052226 0.0674422 0.3347165 0.0000000 0.0000000 0.2884789 0.0813006
116 I 116 0.1230129 0.0020360 0.0042380 0.0035891 0.0879280 0.0068605 0.0000000 0.0231104 0.0000000 0.1182317 0.0083070 0.0087155 0.0075138 0.0000000 0.0048866 0.2158749 0.0832622 0.0000000 0.0000000 0.2097732 0.0926600
117 A 117 0.2104622 0.0044159 0.0159247 0.0000000 0.1248524 0.0000000 0.0000000 0.0661354 0.0000000 0.0418854 0.0857251 0.0070755 0.0064762 0.0000000 0.0000000 0.0731295 0.0264637 0.0000000 0.0035891 0.2452911 0.0885737
118 C 118 0.3466752 0.0000000 0.0033479 0.0000000 0.2223007 0.0000000 0.0000000 0.0066306 0.0042380 0.0186909 0.0243004 0.0000000 0.0139970 0.0000000 0.0016344 0.0494729 0.0162799 0.0000000 0.0000000 0.1842193 0.1082127
119 S 119 0.0921900 0.0000000 0.0000000 0.0000000 0.0460915 0.0000000 0.0000000 0.0331804 0.0032595 0.0497430 0.1837897 0.0025406 0.1035452 0.1002646 0.0000000 0.2184823 0.0139555 0.0000000 0.0029992 0.0444397 0.1055190
120 V 120 0.0383419 0.0000000 0.0018941 0.0083204 0.0176071 0.0061648 0.0054657 0.0168822 0.0032595 0.2575581 0.0601177 0.0043110 0.0000000 0.0000000 0.0010617 0.0055862 0.1565733 0.0000000 0.0025822 0.3435491 0.0707248
121 T 121 0.0798903 0.0063983 0.0280251 0.0398415 0.0066457 0.0613349 0.0510188 0.0136282 0.0035143 0.0469135 0.1353927 0.0244091 0.0355262 0.0369442 0.0000000 0.0303217 0.1295350 0.0000000 0.0069158 0.1635474 0.1001972
122 I 122 0.0120729 0.0257463 0.0217543 0.0050970 0.0061479 0.0045036 0.0199484 0.0009337 0.0013990 0.1307961 0.0373388 0.0204303 0.0076165 0.0075581 0.0854953 0.0563557 0.0701052 0.0000000 0.0040180 0.3250375 0.1576455
123 K 123 0.0156183 0.1001854 0.1442699 0.0582864 0.0068408 0.0102414 0.0592944 0.0087697 0.0064297 0.0105500 0.0057797 0.2843679 0.0026418 0.0027038 0.0172243 0.0236635 0.0322220 0.0000000 0.0234251 0.0241338 0.1633520
124 E 124 0.0196371 0.0072199 0.0550932 0.3093324 0.0009780 0.0189807 0.1629134 0.0208275 0.0010809 0.0082235 0.0013490 0.0872672 0.0011555 0.0075639 0.0672606 0.0357168 0.0060475 0.0000000 0.0085513 0.0120868 0.1687148
125 G 125 0.0813657 0.0133744 0.0602977 0.0374605 0.0022301 0.0146620 0.0871014 0.1210636 0.0515607 0.0091216 0.0054628 0.0799890 0.0000000 0.0470396 0.0353498 0.0466127 0.0192665 0.0245769 0.0574282 0.0118257 0.1942112
126 S 126 0.0649262 0.0145061 0.0128507 0.1164064 0.0020903 0.0087420 0.0663155 0.2537333 0.0044380 0.0022378 0.0025577 0.0317035 0.0031808 0.0049681 0.0230765 0.1891042 0.0178147 0.0018349 0.0027556 0.0033790 0.1733787
127 Q 127 0.0676041 0.0125761 0.0220132 0.1101575 0.0000000 0.1073497 0.3084090 0.0228274 0.0000000 0.0000000 0.0000000 0.1086975 0.0028462 0.0000000 0.0092506 0.0335456 0.0151936 0.0000000 0.0073599 0.0051939 0.1669758
128 L 128 0.0789475 0.0103540 0.0118736 0.1009919 0.0044809 0.0077125 0.0988461 0.0207799 0.0053095 0.0153777 0.2325620 0.0154777 0.0016891 0.0565108 0.0039594 0.0061865 0.0045455 0.0000000 0.1142116 0.0080477 0.2021361
129 K 129 0.1078632 0.0327673 0.0412917 0.0125235 0.0022378 0.0605328 0.0476580 0.0150368 0.0014549 0.0068726 0.0083211 0.2379114 0.0100374 0.0031488 0.0047576 0.1294176 0.0702758 0.0000000 0.0000000 0.0063101 0.2015815
130 Q 130 0.0492631 0.0259440 0.0264568 0.0978445 0.0000000 0.0796825 0.1574553 0.0344657 0.0150117 0.0000000 0.0101498 0.1506397 0.0025547 0.0000000 0.0376566 0.0669105 0.0171178 0.0000000 0.0013346 0.0043520 0.2231606
131 Q 131 0.1469271 0.0121030 0.0196965 0.0465857 0.0015341 0.1040251 0.0724071 0.0216490 0.0016891 0.0134302 0.2111457 0.0280404 0.0118989 0.0000000 0.0034611 0.0331265 0.0241992 0.0000000 0.0007988 0.0248123 0.2224704
132 I 132 0.0032784 0.0225290 0.0031670 0.0123220 0.0100213 0.0000000 0.0119855 0.0030782 0.0050694 0.1513088 0.1561213 0.0224935 0.0161663 0.0893100 0.0000000 0.0011710 0.0072153 0.0095216 0.1323116 0.1321610 0.2107690
133 Q 133 0.0437541 0.0312315 0.0678979 0.1882989 0.0000000 0.0611595 0.1775642 0.0187498 0.0117540 0.0030146 0.0098264 0.0597990 0.0000000 0.0000000 0.0000000 0.0704400 0.0311096 0.0000000 0.0036862 0.0091454 0.2125690
134 S 134 0.1172738 0.0104383 0.0096865 0.0399855 0.0024526 0.0278964 0.1821890 0.0106409 0.0023345 0.0174448 0.0000000 0.1388973 0.0049510 0.0161655 0.0000000 0.0560345 0.0489147 0.0000000 0.0159063 0.0854476 0.2133410
135 I 135 0.0146568 0.0027038 0.0000000 0.0012805 0.0453394 0.0000000 0.0038407 0.0013894 0.0000000 0.2797848 0.2514756 0.0000000 0.0171040 0.0093885 0.0012201 0.0049957 0.0018331 0.0000000 0.0074890 0.1361941 0.2213046
136 Q 136 0.0325692 0.0764785 0.0167996 0.0086628 0.0009387 0.0696033 0.0269996 0.0025576 0.0115160 0.0525997 0.0840288 0.1672211 0.0125027 0.0074752 0.0029933 0.0102909 0.0148279 0.0000000 0.0187669 0.1391830 0.2439852
137 Q 137 0.0308243 0.0102118 0.0447678 0.0999405 0.0025550 0.0615628 0.2064537 0.0175349 0.0032776 0.0030493 0.0106752 0.0905535 0.0042618 0.0000000 0.0199712 0.0554079 0.0832303 0.0000000 0.0000000 0.0060979 0.2496244
138 S 138 0.1054370 0.0208049 0.0845598 0.0142213 0.0000000 0.0318852 0.1076401 0.0042596 0.0318311 0.0065192 0.0369116 0.0941267 0.0096744 0.0044757 0.0000000 0.0558186 0.0265102 0.0000000 0.0861119 0.0074023 0.2718105
139 I 139 0.0173964 0.0000000 0.0000000 0.0029933 0.0115106 0.0000000 0.0000000 0.0000000 0.0000000 0.2291601 0.0744343 0.0049957 0.0177757 0.1018795 0.0000000 0.0029879 0.0121406 0.0000000 0.0568243 0.1837616 0.2841402
140 E 140 0.0243426 0.0170553 0.1153251 0.0149753 0.0000000 0.0563697 0.1740965 0.0078715 0.0024554 0.0062281 0.0013041 0.1734660 0.0037032 0.0000000 0.0226033 0.0433608 0.0056690 0.0032025 0.0000000 0.0000000 0.3279718
141 R 141 0.0873524 0.0662267 0.0378714 0.0833282 0.0000000 0.0230901 0.0720477 0.0068749 0.0023448 0.0000000 0.0029552 0.0779842 0.0024391 0.0000000 0.0019988 0.0864982 0.0818480 0.0000000 0.0000000 0.0026450 0.3644953
142 L 142 0.0018529 0.0000000 0.0021965 0.0000000 0.0000000 0.0000000 0.0000000 0.0011567 0.0000000 0.0214149 0.3178754 0.0000000 0.0136760 0.0049455 0.0000000 0.0021094 0.0000000 0.0000000 0.0000000 0.0070582 0.6277146
143 L 143 0.0081097 0.0018388 0.0143127 0.0033388 0.0000000 0.0164728 0.0017405 0.0000000 0.0031563 0.0029760 0.0718079 0.0026929 0.0146890 0.0118190 0.0532891 0.0026724 0.0023448 0.0125461 0.0000000 0.0000000 0.7761932
144 V 144 0.0000000 0.0000000 0.0000000 0.0000000 0.0000000 0.0000000 0.0000000 0.0000000 0.0000000 0.0838767 0.0000000 0.0000000 0.0000000 0.0000000 0.0000000 0.0000000 0.0000000 0.0000000 0.0000000 0.0674338 0.8486895
