  148         A         R         N         D         C         Q         E         G         H         I         L         K         M         F         P         S         T         W         Y         V    
  1 A   1 0.9357105 0.0000000 0.0000000 0.0000000 0.0000000 0.0000000 0.0000000 0.0000000 0.0000000 0.0000000 0.0000000 0.0000000 0.0000000 0.0000000 0.0000000 0.0642895 0.0000000 0.0000000 0.0000000 0.0000000
  2 D   2 0.0095899 0.1060243 0.0362936 0.2380370 0.0000000 0.0526036 0.3440101 0.0331468 0.0518831 0.0029379 0.0056280 0.0939795 0.0000000 0.0000000 0.0000000 0.0110483 0.0107352 0.0000000 0.0000000 0.0040827
  3 Q   3 0.0162776 0.0533409 0.1228874 0.0277403 0.0269679 0.1227685 0.2703807 0.0182475 0.0907782 0.0017457 0.0199865 0.0648428 0.0021679 0.0452625 0.0023536 0.0908769 0.0124250 0.0029708 0.0033322 0.0046471
  4 L   4 0.0000000 0.0000000 0.0000000 0.0000000 0.0020225 0.0000000 0.0000000 0.0000000 0.0000000 0.0409925 0.8242872 0.0000000 0.0287867 0.0954671 0.0000000 0.0000000 0.0017751 0.0027048 0.0000000 0.0039640
  5 T   5 0.0056386 0.0258799 0.0631558 0.0351810 0.0022393 0.0013319 0.0109790 0.0152066 0.0000000 0.0021221 0.0204708 0.0050784 0.0015652 0.0000000 0.0366377 0.4238079 0.3473700 0.0000000 0.0000000 0.0033360
  6 E   6 0.0419191 0.0149200 0.0284153 0.1098710 0.0000000 0.0783609 0.4863689 0.0101933 0.0045798 0.0044648 0.0137381 0.0771718 0.0048870 0.0014863 0.0685512 0.0050251 0.0191384 0.0000000 0.0013305 0.0295785
  7 E   7 0.0296295 0.0026043 0.0114191 0.1890210 0.0000000 0.0505149 0.6079073 0.0105601 0.0011578 0.0048399 0.0039083 0.0236717 0.0024625 0.0017306 0.0038399 0.0266850 0.0217999 0.0000000 0.0019213 0.0063271
  8 Q   8 0.0021011 0.0111852 0.0041483 0.0203162 0.0000000 0.5586180 0.3230576 0.0000000 0.0037495 0.0000000 0.0073520 0.0352414 0.0124342 0.0000000 0.0083011 0.0025534 0.0074790 0.0000000 0.0000000 0.0034630
  9 I   9 0.0140306 0.0487746 0.0026447 0.0057195 0.0012179 0.0244016 0.0260680 0.0021503 0.0020618 0.4468333 0.0931208 0.1485886 0.0365481 0.0017553 0.0028362 0.0000000 0.0154850 0.0000000 0.0069217 0.1208419
 10 A  10 0.2604421 0.0365867 0.0430152 0.0524180 0.0024255 0.1574591 0.1631924 0.0223268 0.0130547 0.0125620 0.0135462 0.0903171 0.0144977 0.0019626 0.0000000 0.0646760 0.0176910 0.0000000 0.0000000 0.0338270
 11 E  11 0.0108766 0.0036923 0.0078860 0.1009789 0.0000000 0.0315280 0.5999504 0.1462635 0.0119585 0.0051648 0.0130297 0.0160063 0.0078107 0.0014261 0.0020898 0.0114294 0.0000000 0.0029004 0.0000000 0.0270086
 12 F  12 0.0102897 0.0000000 0.0000000 0.0000000 0.0000000 0.0027072 0.0000000 0.0000000 0.0000000 0.2579536 0.3101566 0.0000000 0.0307374 0.2740988 0.0000000 0.0000000 0.0028214 0.0000000 0.1010703 0.0101651
 13 K  13 0.0073512 0.2770353 0.0052293 0.0000000 0.0016180 0.0514799 0.0175570 0.0047679 0.0090434 0.0058239 0.0203449 0.5440763 0.0027277 0.0031264 0.0000000 0.0069426 0.0076012 0.0080980 0.0239401 0.0032368
 14 E  14 0.0566199 0.0243280 0.0283360 0.1132108 0.0000000 0.0586882 0.6196104 0.0091019 0.0028265 0.0037406 0.0082958 0.0417871 0.0010476 0.0026127 0.0000000 0.0040812 0.0136807 0.0021666 0.0014299 0.0084362
 15 A  15 0.6697577 0.0000000 0.0000000 0.0023226 0.0279695 0.0040496 0.0000000 0.0125449 0.0000000 0.0256881 0.0215741 0.0051454 0.1352220 0.0028839 0.0000000 0.0078047 0.0273399 0.0000000 0.0015182 0.0561793
 16 F  16 0.0000000 0.0000000 0.0000000 0.0000000 0.0000000 0.0000000 0.0000000 0.0000000 0.0000000 0.0059708 0.0073668 0.0000000 0.0030540 0.9753951 0.0000000 0.0000000 0.0000000 0.0000000 0.0058107 0.0024025
 17 S  17 0.0741526 0.1002168 0.0792806 0.1278337 0.0165242 0.0747480 0.0933483 0.0145730 0.0114807 0.0011980 0.0152503 0.1418383 0.0216245 0.0020918 0.0000000 0.1895228 0.0300107 0.0019778 0.0000000 0.0043279
 18 L  18 0.0280795 0.0204812 0.0326733 0.0021056 0.0108738 0.0127366 0.0486173 0.0081386 0.0078203 0.0534353 0.4516048 0.0196813 0.1158144 0.0174258 0.0000000 0.0419196 0.0177871 0.0023007 0.0315375 0.0769671
 19 F  19 0.0072947 0.0000000 0.0000000 0.0000000 0.0000000 0.0000000 0.0000000 0.0000000 0.0000000 0.0864107 0.0366290 0.0000000 0.1158155 0.6863354 0.0000000 0.0058110 0.0000000 0.0000000 0.0451230 0.0165807
 20 D  20 0.0043516 0.0019632 0.0047138 0.9680797 0.0000000 0.0027615 0.0043685 0.0028324 0.0000000 0.0000000 0.0000000 0.0000000 0.0000000 0.0000000 0.0000000 0.0029046 0.0034741 0.0000000 0.0000000 0.0045507
 21 K  21 0.0353727 0.1028967 0.0103481 0.0121358 0.0000000 0.0428097 0.0272794 0.0013550 0.0082284 0.0226746 0.0210884 0.3518104 0.0263597 0.0000000 0.0110395 0.0318195 0.2567905 0.0000000 0.0000000 0.0379914
 22 D  22 0.0052017 0.0142584 0.1587373 0.6353057 0.0000000 0.0133024 0.0831055 0.0122627 0.0070870 0.0000000 0.0000000 0.0292233 0.0000000 0.0000000 0.0000000 0.0128847 0.0192604 0.0000000 0.0000000 0.0093708
 23 G  23 0.0134997 0.0591278 0.1830771 0.0080915 0.0132282 0.0336088 0.0240830 0.4661885 0.0182849 0.0018263 0.0028716 0.1319430 0.0000000 0.0000000 0.0014263 0.0379234 0.0000000 0.0000000 0.0015342 0.0032855
 24 D  24 0.0029683 0.0306492 0.0986087 0.4435548 0.0000000 0.0044746 0.0165759 0.0153684 0.0000000 0.0021044 0.0015481 0.0369976 0.0000000 0.0000000 0.0000000 0.2696520 0.0750055 0.0000000 0.0000000 0.0024924
 25 G  25 0.0028483 0.0047892 0.0143841 0.0031836 0.0019629 0.0067424 0.0091377 0.9406223 0.0020361 0.0000000 0.0000000 0.0031733 0.0039518 0.0000000 0.0000000 0.0053307 0.0000000 0.0000000 0.0018377 0.0000000
 26 T  26 0.0492775 0.0499373 0.0193663 0.0160104 0.0474678 0.0250732 0.0123838 0.0000000 0.0282370 0.0137737 0.0166342 0.1496750 0.0134206 0.0924759 0.0043669 0.0903033 0.2356738 0.0000000 0.1119675 0.0239560
 27 I  27 0.0029729 0.0000000 0.0000000 0.0000000 0.0000000 0.0000000 0.0000000 0.0000000 0.0000000 0.8669888 0.0524698 0.0000000 0.0134296 0.0000000 0.0000000 0.0000000 0.0038913 0.0000000 0.0000000 0.0602477
 28 T  28 0.0194442 0.0067079 0.0574813 0.1846116 0.0007271 0.0155964 0.0249144 0.0191318 0.0128484 0.0018424 0.0125645 0.0264601 0.0051980 0.0000000 0.0109914 0.1745524 0.4239617 0.0000000 0.0000000 0.0029666
 29 T  29 0.1505559 0.0205160 0.0096203 0.0000000 0.0190486 0.0118382 0.0156085 0.0077076 0.0039951 0.0743076 0.0595405 0.0541274 0.0195368 0.0902861 0.0239911 0.0471333 0.1642496 0.0000000 0.1245631 0.1033743
 30 K  30 0.0493417 0.0593644 0.0209345 0.1239322 0.0000000 0.0502223 0.2150088 0.0264417 0.0635886 0.0010423 0.0144569 0.2470114 0.0007361 0.0007675 0.0081337 0.0828617 0.0227062 0.0012660 0.0009494 0.0112346
 31 E  31 0.0000000 0.0028788 0.0124992 0.1254243 0.0000000 0.0496716 0.7725827 0.0000000 0.0023700 0.0024472 0.0000000 0.0130483 0.0090945 0.0019514 0.0000000 0.0027401 0.0000000 0.0000000 0.0043043 0.0009875
 32 L  32 0.0000000 0.0000000 0.0000000 0.0000000 0.0207605 0.0000000 0.0000000 0.0000000 0.0000000 0.0343665 0.8618487 0.0000000 0.0204619 0.0310788 0.0000000 0.0000000 0.0022326 0.0000000 0.0000000 0.0292510
 33 G  33 0.0540116 0.1306833 0.0217040 0.0031210 0.0006324 0.0187191 0.0289552 0.3536451 0.0183343 0.0136407 0.0203267 0.2981851 0.0050944 0.0015084 0.0029219 0.0208478 0.0035928 0.0000000 0.0025591 0.0015172
 34 T  34 0.1203575 0.0264525 0.0311530 0.0877285 0.0047507 0.0428022 0.0624156 0.0147037 0.0360821 0.0530242 0.0184657 0.0266847 0.0093210 0.0073312 0.0059811 0.0474460 0.2098252 0.0018744 0.0090943 0.1845064
 35 V  35 0.2211636 0.0000000 0.0000000 0.0000000 0.0303969 0.0000000 0.0016759 0.1677856 0.0000000 0.0481360 0.0895943 0.0051556 0.0335689 0.0104701 0.0000000 0.0134494 0.0122179 0.0000000 0.0000000 0.3663858
 36 M  36 0.0188927 0.0023013 0.0000000 0.0000000 0.0115350 0.0000000 0.0000000 0.0000000 0.0000000 0.0458643 0.3539215 0.0023184 0.5111568 0.0324357 0.0000000 0.0024536 0.0049180 0.0000000 0.0000000 0.0142025
 37 R  37 0.0626819 0.5698440 0.0087450 0.0065339 0.0019697 0.0451595 0.0315772 0.0101440 0.0217316 0.0061452 0.0111546 0.1069889 0.0070862 0.0018454 0.0128366 0.0218406 0.0565428 0.0069140 0.0027758 0.0074832
 38 S  38 0.2482078 0.0672351 0.0336099 0.0081986 0.0383014 0.0199707 0.0311912 0.0067428 0.0041953 0.0044119 0.0146813 0.1210064 0.0235025 0.0037756 0.0028902 0.2998353 0.0626324 0.0000000 0.0035993 0.0060124
 39 L  39 0.0021358 0.0000000 0.0026813 0.0000000 0.0041978 0.0188165 0.0022387 0.0000000 0.0075072 0.0469468 0.7369277 0.0068041 0.0604675 0.0347334 0.0000000 0.0030980 0.0041322 0.0000000 0.0172235 0.0520895
 40 G  40 0.0086578 0.0115001 0.0108097 0.0175518 0.0018004 0.0051223 0.0078598 0.9208593 0.0000000 0.0016660 0.0000000 0.0069472 0.0014903 0.0000000 0.0000000 0.0042294 0.0000000 0.0000000 0.0000000 0.0015058
 41 Q  41 0.0382816 0.0232270 0.0024244 0.0253940 0.0089814 0.2559811 0.0841230 0.0170493 0.0531685 0.0206996 0.0608719 0.0395787 0.0218321 0.1574242 0.0095461 0.0938673 0.0313817 0.0074058 0.0427364 0.0060259
 42 N  42 0.0149081 0.0347736 0.3412554 0.0783591 0.0057260 0.0621611 0.1350302 0.0143722 0.0193379 0.0062142 0.0056681 0.1153733 0.0283429 0.0196580 0.0234507 0.0482441 0.0365940 0.0000000 0.0054838 0.0050473
 43 P  43 0.0429636 0.0018825 0.0000000 0.0099086 0.0055923 0.0060451 0.0025903 0.0000000 0.0011279 0.0468889 0.2293500 0.0029490 0.0455770 0.0296993 0.4820987 0.0051992 0.0086231 0.0000000 0.0018591 0.0776453
 44 T  44 0.0246049 0.0275733 0.0193501 0.0346468 0.0000000 0.0050007 0.0131908 0.0068323 0.0076506 0.0043988 0.0123304 0.1261595 0.0092714 0.0000000 0.0501986 0.1798374 0.4725834 0.0000000 0.0000000 0.0063706
 45 E  45 0.0179757 0.0213596 0.0440475 0.1784739 0.0000000 0.0411557 0.4233403 0.0156704 0.0086646 0.0071280 0.0063653 0.1630368 0.0030993 0.0036971 0.0386723 0.0039153 0.0097966 0.0000000 0.0019887 0.0116129
 46 A  46 0.2766659 0.0256598 0.0195564 0.0474629 0.0013318 0.0382395 0.2502831 0.0332128 0.0072178 0.0102021 0.0101348 0.0391762 0.0280014 0.0010576 0.0312063 0.1197415 0.0394982 0.0000000 0.0047123 0.0166396
 47 E  47 0.0009037 0.0075298 0.0031103 0.1226635 0.0049549 0.0570747 0.7335698 0.0030186 0.0091282 0.0026891 0.0000000 0.0118166 0.0043030 0.0024188 0.0010312 0.0031472 0.0170605 0.0000000 0.0101015 0.0054786
 48 L  48 0.0091001 0.0000000 0.0000000 0.0000000 0.0086437 0.0000000 0.0015367 0.0016984 0.0000000 0.2836046 0.4050408 0.0000000 0.0179659 0.0133164 0.0000000 0.0000000 0.0055823 0.0000000 0.0061487 0.2473624
 49 Q  49 0.0338127 0.1214673 0.0225017 0.0890879 0.0012063 0.2326824 0.0950704 0.0074114 0.0186003 0.0280229 0.0939814 0.1861985 0.0096200 0.0072182 0.0000000 0.0104873 0.0121251 0.0019109 0.0230271 0.0055684
 50 D  50 0.0692616 0.0549672 0.0233644 0.2225403 0.0000000 0.1175879 0.2288034 0.0171315 0.0024309 0.0245749 0.0165003 0.1192348 0.0243414 0.0011532 0.0000000 0.0450405 0.0281389 0.0015725 0.0000000 0.0033562
 51 M  51 0.0209512 0.0000000 0.0000000 0.0000000 0.0066492 0.0023072 0.0039932 0.0000000 0.0200515 0.1596545 0.2978229 0.0000000 0.4139890 0.0030849 0.0000000 0.0024154 0.0013712 0.0082363 0.0110465 0.0484270
 52 I  52 0.0181233 0.0019634 0.0000000 0.0000000 0.0042711 0.0050947 0.0021044 0.0018362 0.0016040 0.4221896 0.1365554 0.0118257 0.2352947 0.0314806 0.0000000 0.0277152 0.0113804 0.0000000 0.0052040 0.0833573
 53 N  53 0.1026228 0.0922936 0.1736817 0.0912795 0.0043635 0.1005819 0.1364880 0.0269362 0.0291960 0.0037531 0.0060301 0.1193932 0.0034013 0.0019361 0.0022280 0.0740043 0.0204875 0.0000000 0.0049657 0.0063574
 54 E  54 0.1621382 0.0204366 0.0208156 0.1269797 0.0000000 0.0491334 0.4595513 0.0120208 0.0151716 0.0029006 0.0113065 0.0308912 0.0049397 0.0009901 0.0020859 0.0282846 0.0226902 0.0000000 0.0064983 0.0231656
 55 V  55 0.2653699 0.0000000 0.0029892 0.0000000 0.0026434 0.0014392 0.0062257 0.0145067 0.0332221 0.1404087 0.0422651 0.0011809 0.0127728 0.0378599 0.0198015 0.0083496 0.0070265 0.0000000 0.0465540 0.3573847
 56 D  56 0.0041446 0.0076618 0.0179287 0.8575964 0.0015868 0.0042637 0.0112717 0.0106941 0.0016603 0.0000000 0.0023989 0.0563897 0.0016244 0.0000000 0.0124898 0.0000000 0.0029890 0.0000000 0.0020188 0.0052811
 57 A  57 0.1457142 0.0449019 0.0070759 0.0088599 0.0042983 0.0337902 0.0451215 0.0091554 0.0038323 0.0837103 0.0613282 0.1299137 0.0284823 0.0071316 0.0513784 0.0532576 0.1037477 0.0000000 0.0051504 0.1731504
 58 D  58 0.0026924 0.0133963 0.1035886 0.7059451 0.0000000 0.0082950 0.1059616 0.0104802 0.0069148 0.0016443 0.0000000 0.0116416 0.0000000 0.0018362 0.0049698 0.0097400 0.0116392 0.0000000 0.0000000 0.0012547
 59 G  59 0.0166081 0.0285806 0.1459740 0.0137869 0.0060598 0.0093039 0.0289873 0.5896071 0.0085709 0.0020274 0.0173065 0.0678949 0.0125959 0.0000000 0.0065031 0.0366563 0.0053622 0.0011534 0.0000000 0.0030218
 60 D  60 0.0024774 0.0270895 0.2956691 0.2443352 0.0000000 0.0067634 0.0091681 0.0301523 0.0042484 0.0086863 0.0061620 0.0356474 0.0043462 0.0009227 0.0207368 0.2216560 0.0711147 0.0000000 0.0015940 0.0092305
 61 G  61 0.0114904 0.0148753 0.0132418 0.0095970 0.0000000 0.0031772 0.0061999 0.8837463 0.0066815 0.0000000 0.0000000 0.0246999 0.0029835 0.0000000 0.0027902 0.0150521 0.0010695 0.0000000 0.0000000 0.0043956
 62 T  62 0.0380690 0.1036881 0.0211879 0.0027808 0.0140614 0.0458813 0.0652351 0.0062075 0.0192239 0.0050008 0.0545159 0.0903463 0.0225781 0.0316906 0.0265515 0.0764059 0.2960473 0.0042994 0.0320331 0.0441961
 63 I  63 0.0059461 0.0000000 0.0000000 0.0000000 0.0000000 0.0000000 0.0000000 0.0000000 0.0000000 0.6361573 0.1346413 0.0000000 0.0222842 0.0296210 0.0000000 0.0000000 0.0023136 0.0000000 0.0000000 0.1690366
 64 D  64 0.0126167 0.0060466 0.1308100 0.5530109 0.0029152 0.0063077 0.0862188 0.0122365 0.0122287 0.0000000 0.0013060 0.0100066 0.0000000 0.0000000 0.0015108 0.1259906 0.0291810 0.0000000 0.0078850 0.0017288
 65 F  65 0.0136533 0.0040843 0.0000000 0.0000000 0.0170005 0.0025150 0.0059874 0.0025994 0.0019360 0.0078784 0.0370138 0.0029789 0.0079755 0.5822664 0.0000000 0.0011376 0.0035654 0.0058583 0.2860235 0.0175264
 66 P  66 0.0536391 0.0112164 0.0586138 0.1510401 0.0000000 0.0428914 0.2654771 0.0881712 0.0061905 0.0254022 0.0152718 0.0261770 0.0000000 0.0016019 0.1124737 0.0750449 0.0455782 0.0000000 0.0075788 0.0136320
 67 E  67 0.0058580 0.0097178 0.0129656 0.1393057 0.0013592 0.0169826 0.7010128 0.0156318 0.0065193 0.0000000 0.0025392 0.0077857 0.0139921 0.0000000 0.0000000 0.0079982 0.0414342 0.0000000 0.0016611 0.0152368
 68 F  68 0.0000000 0.0000000 0.0000000 0.0000000 0.0000000 0.0000000 0.0000000 0.0000000 0.0000000 0.0000000 0.0195682 0.0000000 0.0032814 0.9594035 0.0000000 0.0017569 0.0000000 0.0000000 0.0131136 0.0028766
 69 L  69 0.0213338 0.0182704 0.0123612 0.0010727 0.0332132 0.0071630 0.0133416 0.0111103 0.0000000 0.1370445 0.4163905 0.0109163 0.0214599 0.0254872 0.0000000 0.0114640 0.0197044 0.0015274 0.0141134 0.2240262
 70 T  70 0.2039196 0.0520457 0.0503111 0.0424241 0.0137775 0.0468992 0.0849777 0.0184806 0.0321161 0.0094643 0.0109907 0.0598526 0.0097805 0.0033359 0.0410459 0.0723784 0.1989703 0.0000000 0.0198026 0.0294272
 71 M  71 0.1601247 0.0039294 0.0020591 0.0000000 0.0029723 0.0000000 0.0046080 0.0009783 0.0038365 0.1652655 0.2409890 0.0037682 0.2604042 0.0082650 0.0059508 0.0034420 0.0032080 0.0029809 0.0020547 0.1251635
 72 M  72 0.0185158 0.0000000 0.0114663 0.0000000 0.0040648 0.0009208 0.0010820 0.0021219 0.0070042 0.0549157 0.0850102 0.0018455 0.6079573 0.0265556 0.0000000 0.0029751 0.0846665 0.0018785 0.0231025 0.0659172
 73 A  73 0.1992757 0.0350732 0.0116920 0.0019720 0.0059731 0.0466738 0.0253173 0.1022784 0.0211417 0.0197292 0.0307987 0.0386847 0.0679577 0.0000000 0.0029498 0.1432557 0.1924844 0.0000000 0.0028850 0.0518576
 74 R  74 0.0584445 0.2105221 0.0372061 0.0323446 0.0011761 0.0552277 0.0880288 0.0133994 0.1100038 0.0316087 0.0489534 0.1222171 0.0135953 0.0022404 0.0429458 0.0407235 0.0530807 0.0009847 0.0046236 0.0326733
 75 K  75 0.0056914 0.1062551 0.0182169 0.0134834 0.0063870 0.0863224 0.0159049 0.0504853 0.1139251 0.0257387 0.0091451 0.4240355 0.0328929 0.0209432 0.0190629 0.0096869 0.0133929 0.0079471 0.0125186 0.0079648
 76 M  76 0.0122406 0.0147060 0.0484380 0.0116694 0.0022899 0.0209863 0.0190988 0.0136433 0.0217544 0.1137800 0.2581183 0.0232864 0.2915339 0.0112987 0.0063191 0.0365909 0.0300687 0.0000000 0.0254907 0.0386867
 77 K  77 0.0503042 0.1248691 0.1264436 0.0151394 0.0011414 0.0768239 0.0163808 0.0575498 0.0092606 0.0145429 0.0867327 0.2711451 0.0021031 0.0077289 0.0091681 0.0821442 0.0200503 0.0000000 0.0009720 0.0274998
 78 D  78 0.0658974 0.0479496 0.0357219 0.2150277 0.0000000 0.0629870 0.2573963 0.0576331 0.0088833 0.0011332 0.0035280 0.1362681 0.0017099 0.0018958 0.0267930 0.0466039 0.0215861 0.0000000 0.0057287 0.0032569
 79 T  79 0.0440055 0.1321399 0.0347327 0.0403378 0.0015412 0.0467381 0.1485218 0.0227794 0.0084155 0.0452374 0.0809469 0.0802750 0.0601361 0.0036937 0.0326153 0.0264396 0.1454073 0.0037821 0.0086315 0.0336233
 80 D  80 0.0301428 0.0053692 0.0516467 0.4627246 0.0000000 0.0220573 0.1898290 0.0772819 0.0027708 0.0055121 0.0179407 0.0145365 0.0013516 0.0041755 0.0150847 0.0368773 0.0427940 0.0000000 0.0126102 0.0072949
 81 S  81 0.0681300 0.0939200 0.0728276 0.0308455 0.0049218 0.0946660 0.0665584 0.0109690 0.0093232 0.0094003 0.0066812 0.0502905 0.0009669 0.0164249 0.1384408 0.1700923 0.1172924 0.0000000 0.0094688 0.0287806
 82 E  82 0.0316513 0.0486317 0.0059778 0.1379684 0.0010694 0.0332787 0.4210576 0.0050655 0.0193024 0.0407684 0.0331299 0.1431188 0.0153317 0.0047814 0.0042034 0.0054115 0.0155805 0.0000000 0.0156046 0.0180670
 83 E  83 0.0472815 0.0406252 0.0172966 0.1639317 0.0000000 0.0912545 0.5218531 0.0081209 0.0019280 0.0000000 0.0044936 0.0691993 0.0008620 0.0000000 0.0000000 0.0153526 0.0097835 0.0000000 0.0000000 0.0080174
 84 E  84 0.0000000 0.0045004 0.0396865 0.1387857 0.0015933 0.0263075 0.5748130 0.0088977 0.1215597 0.0077500 0.0063653 0.0063668 0.0184720 0.0000000 0.0020920 0.0055779 0.0113194 0.0000000 0.0037053 0.0222078
 85 I  85 0.0000000 0.0012908 0.0000000 0.0000000 0.0023431 0.0000000 0.0000000 0.0000000 0.0000000 0.3268032 0.4786645 0.0000000 0.0451839 0.0841104 0.0000000 0.0022172 0.0023182 0.0015451 0.0318534 0.0236702
 86 R  86 0.0187024 0.3333824 0.0037658 0.0012163 0.0000000 0.0525447 0.0083554 0.0011182 0.0227999 0.0392681 0.1222432 0.1964616 0.0342947 0.0340397 0.0039643 0.0182580 0.0104850 0.0091236 0.0427853 0.0471911
 87 E  87 0.1025445 0.0666638 0.0364571 0.1097963 0.0000000 0.0275418 0.3805222 0.0014057 0.0022016 0.0123535 0.0207605 0.1966295 0.0032566 0.0000000 0.0000000 0.0100167 0.0221007 0.0011526 0.0007894 0.0058075
 88 A  88 0.8367445 0.0023560 0.0000000 0.0037061 0.0100640 0.0000000 0.0019189 0.0432011 0.0000000 0.0205187 0.0141334 0.0000000 0.0100716 0.0025864 0.0000000 0.0120460 0.0109728 0.0000000 0.0009932 0.0306873
 89 F  89 0.0000000 0.0000000 0.0000000 0.0000000 0.0000000 0.0000000 0.0000000 0.0000000 0.0000000 0.0058618 0.0493458 0.0000000 0.0154360 0.9195726 0.0000000 0.0000000 0.0000000 0.0040610 0.0026356 0.0030872
 90 R  90 0.0523716 0.3255971 0.0372742 0.0699888 0.0071263 0.0948680 0.0554807 0.0075819 0.0126846 0.0000000 0.0213035 0.1901889 0.0129876 0.0008842 0.0026858 0.0909577 0.0131433 0.0000000 0.0015126 0.0033629
 91 V  91 0.0228408 0.0065184 0.0056952 0.0000000 0.0143895 0.0057483 0.0485698 0.0000000 0.0262801 0.0694274 0.2683833 0.0037374 0.0570151 0.0511700 0.0030588 0.0078249 0.0109367 0.0017941 0.1013039 0.2953062
 92 F  92 0.0129625 0.0000000 0.0000000 0.0000000 0.0017873 0.0000000 0.0000000 0.0000000 0.0000000 0.0238068 0.0307538 0.0000000 0.0080352 0.8704393 0.0000000 0.0047657 0.0102240 0.0000000 0.0304326 0.0067927
 93 D  93 0.0018624 0.0000000 0.0015180 0.9829454 0.0000000 0.0017366 0.0037064 0.0026733 0.0000000 0.0000000 0.0000000 0.0000000 0.0000000 0.0000000 0.0000000 0.0023531 0.0018642 0.0000000 0.0000000 0.0013406
 94 K  94 0.0185579 0.1028835 0.0061070 0.1016111 0.0000000 0.0492892 0.0527797 0.0054627 0.0072089 0.0198233 0.0292198 0.4640601 0.0088347 0.0000000 0.0108294 0.0170417 0.0819389 0.0000000 0.0015306 0.0228215
 95 D  95 0.0067661 0.0010393 0.1610063 0.6705718 0.0000000 0.0108650 0.1126192 0.0076737 0.0123860 0.0000000 0.0000000 0.0057673 0.0000000 0.0000000 0.0023534 0.0056704 0.0020345 0.0000000 0.0000000 0.0012471
 96 G  96 0.0333648 0.0355812 0.1303612 0.0338038 0.0085326 0.0627610 0.0341315 0.5063902 0.0153339 0.0026758 0.0013085 0.0999326 0.0000000 0.0000000 0.0000000 0.0336537 0.0021693 0.0000000 0.0000000 0.0000000
 97 N  97 0.0030761 0.0204817 0.2311925 0.2660571 0.0000000 0.0066179 0.0039594 0.0045274 0.0053451 0.0016912 0.0018230 0.0411553 0.0000000 0.0000000 0.0000000 0.2452968 0.1665803 0.0000000 0.0000000 0.0021960
 98 G  98 0.0008025 0.0023574 0.0026217 0.0012726 0.0000000 0.0009126 0.0016884 0.9800789 0.0012721 0.0000000 0.0000000 0.0026788 0.0000000 0.0000000 0.0000000 0.0036747 0.0015657 0.0010745 0.0000000 0.0000000
 99 Y  99 0.0193069 0.0367765 0.0055479 0.0041339 0.0196277 0.0159548 0.0181579 0.0055438 0.0275291 0.0112052 0.0246106 0.1492860 0.0041300 0.1806562 0.0000000 0.0588508 0.1086686 0.0000000 0.2940186 0.0159955
100 I 100 0.0045846 0.0000000 0.0000000 0.0000000 0.0000000 0.0000000 0.0000000 0.0000000 0.0026282 0.8862878 0.0261828 0.0000000 0.0108186 0.0044077 0.0000000 0.0000000 0.0000000 0.0000000 0.0000000 0.0650902
101 S 101 0.0208795 0.0010975 0.0389748 0.1020165 0.0030818 0.0133546 0.0614206 0.0135945 0.0108980 0.0000000 0.0050421 0.0133163 0.0292930 0.0021165 0.0139583 0.3766303 0.2915340 0.0000000 0.0000000 0.0027918
102 A 102 0.2399627 0.0461075 0.0033591 0.0038658 0.0082786 0.0167726 0.0204173 0.0269164 0.0081497 0.0705009 0.0942880 0.0396255 0.0235406 0.0683720 0.0475334 0.0495025 0.0657055 0.0057612 0.0356404 0.1257002
103 A 103 0.1756951 0.0630943 0.0423252 0.1574022 0.0000000 0.0472053 0.1544991 0.0260723 0.0246556 0.0050485 0.0075908 0.1456133 0.0026604 0.0010516 0.0049389 0.0954932 0.0345498 0.0008637 0.0009207 0.0103201
104 E 104 0.0066429 0.0042915 0.1132205 0.0935867 0.0000000 0.0063271 0.7196294 0.0000000 0.0034051 0.0000000 0.0000000 0.0133146 0.0018299 0.0000000 0.0000000 0.0135665 0.0071274 0.0000000 0.0120460 0.0050124
105 L 105 0.0000000 0.0055619 0.0000000 0.0000000 0.0000000 0.0000000 0.0000000 0.0000000 0.0000000 0.0589127 0.8597611 0.0000000 0.0252617 0.0383213 0.0000000 0.0000000 0.0000000 0.0000000 0.0000000 0.0121813
106 R 106 0.0320580 0.3961569 0.0075776 0.0037594 0.0117866 0.0709701 0.0555848 0.0879036 0.0177461 0.0076971 0.0110070 0.2518664 0.0054392 0.0027696 0.0023618 0.0163676 0.0062528 0.0000000 0.0029802 0.0097152
107 H 107 0.0535491 0.1542530 0.0306691 0.0395561 0.0053326 0.1064132 0.0957860 0.0058783 0.1860315 0.0257830 0.0158088 0.0359034 0.0102232 0.0131078 0.0000000 0.0528589 0.0649568 0.0027824 0.0249163 0.0761903
108 V 108 0.2630980 0.0000000 0.0000000 0.0000000 0.0226562 0.0000000 0.0000000 0.0095086 0.0000000 0.0979079 0.0554017 0.0187253 0.0292836 0.0134835 0.0000000 0.0132387 0.0151279 0.0000000 0.0000000 0.4615687
109 M 109 0.1397151 0.0037350 0.0000000 0.0000000 0.0487835 0.0000000 0.0000000 0.0000000 0.0000000 0.0177970 0.3359423 0.0000000 0.3989432 0.0149596 0.0011508 0.0114426 0.0108296 0.0010543 0.0016676 0.0139795
110 T 110 0.0890965 0.2276820 0.0169911 0.0068388 0.0074081 0.0306947 0.0412627 0.0199771 0.0129907 0.0361311 0.0061917 0.1851908 0.0319629 0.0038613 0.0012753 0.0412048 0.2110545 0.0009620 0.0026389 0.0265850
111 N 111 0.1139946 0.0164723 0.1326851 0.0478860 0.0167654 0.0217534 0.2357681 0.0133592 0.0133464 0.0063943 0.0148517 0.0737856 0.0075758 0.0028642 0.0096227 0.1788353 0.0846060 0.0000000 0.0022366 0.0071973
112 L 112 0.0053920 0.0020921 0.0017263 0.0156717 0.0021951 0.0072134 0.0182527 0.0000000 0.0117031 0.0597275 0.6731773 0.0054774 0.0690480 0.0564516 0.0034384 0.0083215 0.0136979 0.0000000 0.0267259 0.0196881
113 G 113 0.0043321 0.0057025 0.0097829 0.0213209 0.0054479 0.0023690 0.0128123 0.9026997 0.0000000 0.0035837 0.0038652 0.0063143 0.0000000 0.0023935 0.0000000 0.0104677 0.0000000 0.0018798 0.0000000 0.0070283
114 E 114 0.0069885 0.0102086 0.0043699 0.0833154 0.0082850 0.0768373 0.5474426 0.0141626 0.0401758 0.0066290 0.0345040 0.0041874 0.0366875 0.0696087 0.0042035 0.0062291 0.0060989 0.0039662 0.0179757 0.0181243
115 K 115 0.0211129 0.0806300 0.2130571 0.0679290 0.0016589 0.0399264 0.0721924 0.0380567 0.0213679 0.0030253 0.0037633 0.2769832 0.0189582 0.0060474 0.0451849 0.0279232 0.0548020 0.0000000 0.0040789 0.0033024
116 L 116 0.0253608 0.0080467 0.0082001 0.0094266 0.0165903 0.0077974 0.0010330 0.0040167 0.0042490 0.0576722 0.4603574 0.0035670 0.1098923 0.0505718 0.1421389 0.0106970 0.0108582 0.0000000 0.0046469 0.0648774
117 T 117 0.0119581 0.0111065 0.0300395 0.0844757 0.0042674 0.0057983 0.0348128 0.0268251 0.0024605 0.0032007 0.0029555 0.0435370 0.0000000 0.0013770 0.0185838 0.2013824 0.5097382 0.0000000 0.0017966 0.0056850
118 D 118 0.0277754 0.0111666 0.0284977 0.4118189 0.0027399 0.0294893 0.2659260 0.0150350 0.0192641 0.0114260 0.0122290 0.0758404 0.0061147 0.0014201 0.0363723 0.0083304 0.0132218 0.0000000 0.0059739 0.0173584
119 E 119 0.1225440 0.0430403 0.0127846 0.1468529 0.0000000 0.0420980 0.4448363 0.0113253 0.0042993 0.0062702 0.0072726 0.0494258 0.0156243 0.0007486 0.0081370 0.0307804 0.0178013 0.0000000 0.0015042 0.0346551
120 E 120 0.0057888 0.0102395 0.0060296 0.0801004 0.0017163 0.0232707 0.7446574 0.0027700 0.0186344 0.0040256 0.0041779 0.0088892 0.0024577 0.0073334 0.0026928 0.0097236 0.0164828 0.0016547 0.0033150 0.0460402
121 V 121 0.0331474 0.0000000 0.0000000 0.0000000 0.0224862 0.0000000 0.0000000 0.0066822 0.0000000 0.2636829 0.3502419 0.0000000 0.0124209 0.0259586 0.0000000 0.0023540 0.0109695 0.0000000 0.0000000 0.2720563
122 D 122 0.0229884 0.0838963 0.0438767 0.2807354 0.0016922 0.1460006 0.1921543 0.0025167 0.0108192 0.0140764 0.0302034 0.1130618 0.0046496 0.0084193 0.0055550 0.0136232 0.0134539 0.0017126 0.0044726 0.0060924
123 E 123 0.1044331 0.0251891 0.0164497 0.1778463 0.0000000 0.0675467 0.4508695 0.0144151 0.0085657 0.0019283 0.0114557 0.0643191 0.0064380 0.0000000 0.0000000 0.0260394 0.0213079 0.0000000 0.0000000 0.0031962
124 M 124 0.0135816 0.0000000 0.0000000 0.0000000 0.0023478 0.0013620 0.0000000 0.0000000 0.0025013 0.1955825 0.1589823 0.0000000 0.5782712 0.0025199 0.0000000 0.0000000 0.0010006 0.0102987 0.0011037 0.0324484
125 I 125 0.0015222 0.0011725 0.0000000 0.0000000 0.0000000 0.0000000 0.0000000 0.0017899 0.0029718 0.6143553 0.1537957 0.0023814 0.0914981 0.0494834 0.0000000 0.0104185 0.0032617 0.0000000 0.0092073 0.0581422
126 R 126 0.1029326 0.2575525 0.0586661 0.1257724 0.0048922 0.0851903 0.0511521 0.0134059 0.0250361 0.0011156 0.0143163 0.1506892 0.0026236 0.0042012 0.0000000 0.0646742 0.0231047 0.0000000 0.0040472 0.0106277
127 E 127 0.0360582 0.0092817 0.0129859 0.1408940 0.0000000 0.0227956 0.6618448 0.0432963 0.0139687 0.0025066 0.0124121 0.0099137 0.0028900 0.0012008 0.0031547 0.0100376 0.0049078 0.0000000 0.0007941 0.0110574
128 A 128 0.4222455 0.0000000 0.0020691 0.0000000 0.0015396 0.0126473 0.0000000 0.0173018 0.0099523 0.0855351 0.0129259 0.0000000 0.0088564 0.0794166 0.0000000 0.0111232 0.0062152 0.0000000 0.0199575 0.3102145
129 D 129 0.0018967 0.0018297 0.0232620 0.8762281 0.0007941 0.0065059 0.0099916 0.0118556 0.0206573 0.0000000 0.0000000 0.0143628 0.0000000 0.0000000 0.0223233 0.0032871 0.0026870 0.0000000 0.0027667 0.0015522
130 I 130 0.0600274 0.0688265 0.0000000 0.0018269 0.0069313 0.0663868 0.0530457 0.0122562 0.0115281 0.1017279 0.1297737 0.1120097 0.0273082 0.0102613 0.0223805 0.0468799 0.1493354 0.0000000 0.0043896 0.1151048
131 D 131 0.0051451 0.0058040 0.1494660 0.7308115 0.0000000 0.0082117 0.0485289 0.0213443 0.0013220 0.0000000 0.0000000 0.0151668 0.0012115 0.0000000 0.0000000 0.0072436 0.0057446 0.0000000 0.0000000 0.0000000
132 G 132 0.0109944 0.0198141 0.1401341 0.0085838 0.0041879 0.0409898 0.0216237 0.5204810 0.0147175 0.0000000 0.0111183 0.1041595 0.0078024 0.0024212 0.0164806 0.0648499 0.0035296 0.0000000 0.0000000 0.0081123
133 D 133 0.0019343 0.0017227 0.1138767 0.6994777 0.0034145 0.0136073 0.0145572 0.0125064 0.0024249 0.0020948 0.0020449 0.0180530 0.0000000 0.0006357 0.0021508 0.0801328 0.0298197 0.0000000 0.0000000 0.0015465
134 G 134 0.0035741 0.0066432 0.0124583 0.0030138 0.0000000 0.0000000 0.0046556 0.9490135 0.0026421 0.0000000 0.0029778 0.0023914 0.0009362 0.0000000 0.0034059 0.0074300 0.0008581 0.0000000 0.0000000 0.0000000
135 Q 135 0.0217311 0.1888675 0.0400417 0.0038965 0.0244566 0.1401047 0.1527006 0.0090707 0.0239062 0.0031755 0.0460318 0.1309654 0.0261229 0.0135860 0.0050527 0.0341378 0.0952908 0.0000000 0.0165262 0.0243354
136 V 136 0.0015229 0.0000000 0.0000000 0.0000000 0.0000000 0.0000000 0.0000000 0.0056610 0.0000000 0.6408346 0.0523609 0.0000000 0.0105076 0.0198055 0.0000000 0.0028535 0.0021144 0.0000000 0.0000000 0.2643395
137 N 137 0.0039718 0.0138951 0.3470353 0.3467487 0.0097490 0.0036632 0.0295101 0.0096631 0.0127553 0.0020630 0.0032408 0.0308971 0.0023196 0.0000000 0.0011018 0.1598596 0.0200176 0.0000000 0.0022898 0.0012190
138 Y 138 0.0180875 0.0075991 0.0000000 0.0000000 0.0036415 0.0260361 0.0766180 0.0010478 0.0025029 0.0092515 0.0245142 0.0046376 0.0046879 0.3059023 0.0073012 0.0007813 0.0000000 0.0026979 0.4955551 0.0091383
139 E 139 0.0367727 0.0102835 0.0554909 0.1877241 0.0000000 0.0621886 0.4588222 0.0234940 0.0136778 0.0079903 0.0073684 0.0203236 0.0016026 0.0015283 0.0336328 0.0442859 0.0157074 0.0000000 0.0104344 0.0086724
140 E 140 0.0102974 0.0048959 0.0086907 0.1172388 0.0010552 0.0085688 0.8192805 0.0055800 0.0000000 0.0019319 0.0010885 0.0040202 0.0024134 0.0013804 0.0000000 0.0018096 0.0088669 0.0000000 0.0011028 0.0017790
141 F 141 0.0000000 0.0000000 0.0000000 0.0000000 0.0000000 0.0000000 0.0000000 0.0000000 0.0000000 0.0000000 0.0252751 0.0000000 0.0000000 0.9630335 0.0000000 0.0000000 0.0000000 0.0027158 0.0070254 0.0019503
142 V 142 0.0708635 0.0206714 0.0072098 0.0009606 0.0337298 0.0091445 0.0084403 0.0000000 0.0016206 0.1083656 0.2021289 0.0333058 0.0385787 0.0145398 0.0000000 0.0135747 0.0345484 0.0021384 0.0199266 0.3802528
143 Q 143 0.2017256 0.1992642 0.0473310 0.0152446 0.0041370 0.0645069 0.0541596 0.0089071 0.0361250 0.0128507 0.0100887 0.1448639 0.0125081 0.0020448 0.0012668 0.0573394 0.0934060 0.0046513 0.0123193 0.0172599
144 M 144 0.0191757 0.0162185 0.0000000 0.0000000 0.0009066 0.0021367 0.0000000 0.0000000 0.0119178 0.2085484 0.1330121 0.0145968 0.4784784 0.0160717 0.0016178 0.0024451 0.0076891 0.0000000 0.0023467 0.0848387
145 M 145 0.0023981 0.0000000 0.0000000 0.0000000 0.0150272 0.0000000 0.0000000 0.0000000 0.0000000 0.0866359 0.0895155 0.0061409 0.7351423 0.0053599 0.0000000 0.0000000 0.0000000 0.0000000 0.0000000 0.0597802
146 T 146 0.0872357 0.1078735 0.0111201 0.0000000 0.0012736 0.0344886 0.0014789 0.0214210 0.0029955 0.0092883 0.0549088 0.2035980 0.0920082 0.0000000 0.0019786 0.0943401 0.2518098 0.0000000 0.0000000 0.0241813
147 A 147 0.1532848 0.1265198 0.0139848 0.0065533 0.0014935 0.0446018 0.0253313 0.0996685 0.0080371 0.0082486 0.0052301 0.2547879 0.0091178 0.0015913 0.0356402 0.1633275 0.0346053 0.0000000 0.0000000 0.0079762
148 K 148 0.0000000 0.1271010 0.0000000 0.0000000 0.0000000 0.0594323 0.0000000 0.0000000 0.0000000 0.0000000 0.0000000 0.8134667 0.0000000 0.0000000 0.0000000 0.0000000 0.0000000 0.0000000 0.0000000 0.0000000
