  148         A         R         N         D         C         Q         E         G         H         I         L         K         M         F         P         S         T         W         Y         V         X    
  1 A   1 0.2573882 0.0000000 0.0000000 0.0000000 0.0000000 0.0000000 0.0000000 0.0000000 0.0000000 0.0000000 0.0000000 0.0000000 0.0000000 0.0000000 0.0000000 0.0166432 0.0000000 0.0000000 0.0000000 0.0000000 0.7259686
  2 D   2 0.0038687 0.0436150 0.0147219 0.0954808 0.0000000 0.0210758 0.1384149 0.0134139 0.0209075 0.0011803 0.0022663 0.0383779 0.0000000 0.0000000 0.0000000 0.0044509 0.0047308 0.0000000 0.0000000 0.0016499 0.5958455
  3 Q   3 0.0083558 0.0274577 0.0633475 0.0142406 0.0140097 0.0634598 0.1386367 0.0092344 0.0486114 0.0009032 0.0103632 0.0351038 0.0011303 0.0232980 0.0012212 0.0472766 0.0065188 0.0015349 0.0017359 0.0024012 0.4811593
  4 L   4 0.0000000 0.0000000 0.0000000 0.0000000 0.0012196 0.0000000 0.0000000 0.0000000 0.0000000 0.0259816 0.5132224 0.0000000 0.0190660 0.0589798 0.0000000 0.0000000 0.0011962 0.0016339 0.0000000 0.0024330 0.3762674
  5 T   5 0.0037034 0.0171391 0.0419103 0.0225996 0.0014402 0.0008520 0.0078263 0.0099112 0.0000000 0.0013492 0.0129930 0.0033910 0.0009988 0.0000000 0.0231093 0.2714280 0.2215489 0.0000000 0.0000000 0.0021242 0.3576754
  6 E   6 0.0278684 0.0103017 0.0189689 0.0774694 0.0000000 0.0521341 0.3238687 0.0068134 0.0030355 0.0029721 0.0091410 0.0541577 0.0032691 0.0009914 0.0458606 0.0033577 0.0127894 0.0000000 0.0008905 0.0198122 0.3262981
  7 E   7 0.0201541 0.0017743 0.0077302 0.1308220 0.0000000 0.0365984 0.4148935 0.0073649 0.0007979 0.0038243 0.0027917 0.0162961 0.0018118 0.0011837 0.0028677 0.0175704 0.0151832 0.0000000 0.0012976 0.0047094 0.3123288
  8 Q   8 0.0015712 0.0077302 0.0029680 0.0145209 0.0000000 0.3807074 0.2267452 0.0000000 0.0025740 0.0000000 0.0049790 0.0242657 0.0086218 0.0000000 0.0062403 0.0018755 0.0060547 0.0000000 0.0000000 0.0029397 0.3082063
  9 I   9 0.0100552 0.0348438 0.0018433 0.0046539 0.0008582 0.0170712 0.0226250 0.0016330 0.0015712 0.3106489 0.0667492 0.1041369 0.0257206 0.0012385 0.0019601 0.0000000 0.0108218 0.0000000 0.0047492 0.0853482 0.2934720
 10 A  10 0.1915905 0.0292525 0.0319336 0.0409562 0.0017846 0.1164981 0.1300788 0.0163780 0.0095702 0.0091999 0.0100838 0.0681488 0.0107296 0.0014507 0.0000000 0.0480277 0.0130028 0.0000000 0.0000000 0.0245367 0.2467777
 11 E  11 0.0080931 0.0027684 0.0064420 0.0787441 0.0000000 0.0236167 0.4589684 0.1091657 0.0102423 0.0038012 0.0098575 0.0118762 0.0063798 0.0010562 0.0015603 0.0085027 0.0000000 0.0021445 0.0000000 0.0200520 0.2367290
 12 F  12 0.0077585 0.0000000 0.0000000 0.0000000 0.0000000 0.0019877 0.0000000 0.0000000 0.0000000 0.2003865 0.2495606 0.0000000 0.0241151 0.2080871 0.0000000 0.0000000 0.0021167 0.0000000 0.0762749 0.0079028 0.2218101
 13 K  13 0.0058241 0.2213156 0.0039152 0.0000000 0.0012416 0.0401159 0.0133699 0.0035640 0.0072851 0.0053674 0.0163723 0.4153381 0.0024991 0.0025146 0.0000000 0.0060231 0.0059132 0.0062600 0.0201995 0.0027468 0.2201346
 14 E  14 0.0455123 0.0203902 0.0220232 0.0900646 0.0000000 0.0450828 0.4777489 0.0068681 0.0021785 0.0040191 0.0069818 0.0345396 0.0009458 0.0020010 0.0000000 0.0032807 0.0106610 0.0016791 0.0011005 0.0069136 0.2180091
 15 A  15 0.5467503 0.0000000 0.0000000 0.0019314 0.0216267 0.0031380 0.0000000 0.0099119 0.0000000 0.0202440 0.0168914 0.0039591 0.1055050 0.0022815 0.0000000 0.0062361 0.0210330 0.0000000 0.0011951 0.0439661 0.1953305
 16 F  16 0.0000000 0.0000000 0.0000000 0.0000000 0.0000000 0.0000000 0.0000000 0.0000000 0.0000000 0.0047603 0.0060298 0.0000000 0.0024244 0.7858944 0.0000000 0.0000000 0.0000000 0.0000000 0.0043722 0.0018521 0.1946667
 17 S  17 0.0597167 0.0902202 0.0619263 0.1000311 0.0128689 0.0633070 0.0730125 0.0114251 0.0093286 0.0009428 0.0120219 0.1144924 0.0169345 0.0016375 0.0000000 0.1499752 0.0236708 0.0015556 0.0000000 0.0035303 0.1934026
 18 L  18 0.0229192 0.0158817 0.0258835 0.0016499 0.0093880 0.0099148 0.0396979 0.0063776 0.0073413 0.0422965 0.3535239 0.0154839 0.0910182 0.0143575 0.0000000 0.0326073 0.0143180 0.0017665 0.0311064 0.0715003 0.1929674
 19 F  19 0.0058095 0.0000000 0.0000000 0.0000000 0.0000000 0.0000000 0.0000000 0.0000000 0.0000000 0.0674003 0.0287644 0.0000000 0.0905480 0.5591527 0.0000000 0.0045918 0.0000000 0.0000000 0.0358016 0.0129763 0.1949554
 20 D  20 0.0032850 0.0015237 0.0036430 0.7826569 0.0000000 0.0021445 0.0033810 0.0022068 0.0000000 0.0000000 0.0000000 0.0000000 0.0000000 0.0000000 0.0000000 0.0022439 0.0026515 0.0000000 0.0000000 0.0035898 0.1926740
 21 K  21 0.0278312 0.0837059 0.0081131 0.0108134 0.0000000 0.0356007 0.0225913 0.0010593 0.0065151 0.0177016 0.0171380 0.2914600 0.0206445 0.0000000 0.0086209 0.0248523 0.2012360 0.0000000 0.0000000 0.0297079 0.1924088
 22 D  22 0.0041510 0.0113368 0.1256397 0.5164833 0.0000000 0.0103267 0.0663259 0.0098569 0.0079750 0.0000000 0.0000000 0.0230787 0.0000000 0.0000000 0.0000000 0.0103584 0.0149712 0.0000000 0.0000000 0.0073112 0.1921853
 23 G  23 0.0114399 0.0472799 0.1509840 0.0069372 0.0103479 0.0283304 0.0193169 0.3749865 0.0147903 0.0014294 0.0022815 0.1043916 0.0000000 0.0000000 0.0011281 0.0309722 0.0000000 0.0000000 0.0012082 0.0025647 0.1916112
 24 D  24 0.0022674 0.0264849 0.0849800 0.3511280 0.0000000 0.0034926 0.0128584 0.0120944 0.0000000 0.0016490 0.0013272 0.0293724 0.0000000 0.0000000 0.0000000 0.2192734 0.0617246 0.0000000 0.0000000 0.0020736 0.1912743
 25 G  25 0.0017900 0.0037481 0.0111872 0.0024807 0.0015237 0.0052127 0.0071098 0.7620986 0.0015948 0.0000000 0.0000000 0.0024834 0.0030853 0.0000000 0.0000000 0.0040507 0.0000000 0.0000000 0.0014407 0.0000000 0.1921944
 26 T  26 0.0385777 0.0404535 0.0150300 0.0123480 0.0371767 0.0191884 0.0096732 0.0000000 0.0229194 0.0109085 0.0136768 0.1185882 0.0106366 0.0778486 0.0032850 0.0710391 0.1845702 0.0000000 0.0997127 0.0195603 0.1948072
 27 I  27 0.0025214 0.0000000 0.0000000 0.0000000 0.0000000 0.0000000 0.0000000 0.0000000 0.0000000 0.7017007 0.0411066 0.0000000 0.0105269 0.0000000 0.0000000 0.0000000 0.0022818 0.0000000 0.0000000 0.0479158 0.1939467
 28 T  28 0.0153154 0.0052309 0.0449470 0.1432842 0.0007134 0.0126994 0.0199828 0.0150967 0.0104241 0.0014407 0.0097098 0.0204640 0.0042023 0.0000000 0.0087585 0.1456979 0.3457800 0.0000000 0.0000000 0.0023064 0.1939467
 29 T  29 0.1277026 0.0189941 0.0075324 0.0000000 0.0149254 0.0103330 0.0135949 0.0063177 0.0033940 0.0598957 0.0477541 0.0430716 0.0158167 0.0711001 0.0194888 0.0371652 0.1287281 0.0000000 0.0979137 0.0823250 0.1939467
 30 K  30 0.0439670 0.0471303 0.0168046 0.1039165 0.0000000 0.0410995 0.1725100 0.0205820 0.0496605 0.0009616 0.0114347 0.1924181 0.0005747 0.0007524 0.0066069 0.0686697 0.0180556 0.0011265 0.0008809 0.0089018 0.1939467
 31 E  31 0.0000000 0.0025097 0.0114555 0.1013159 0.0000000 0.0390586 0.6219762 0.0000000 0.0021252 0.0019038 0.0000000 0.0103150 0.0071006 0.0015133 0.0000000 0.0021167 0.0000000 0.0000000 0.0039078 0.0009103 0.1937913
 32 L  32 0.0000000 0.0000000 0.0000000 0.0000000 0.0161984 0.0000000 0.0000000 0.0000000 0.0000000 0.0268950 0.6964339 0.0000000 0.0165143 0.0256432 0.0000000 0.0000000 0.0016784 0.0000000 0.0000000 0.0228455 0.1937913
 33 G  33 0.0419462 0.1166202 0.0173706 0.0024201 0.0006417 0.0181295 0.0265975 0.2746682 0.0148657 0.0105521 0.0160412 0.2341719 0.0039221 0.0011997 0.0022646 0.0165305 0.0028094 0.0000000 0.0020010 0.0011749 0.1960731
 34 T  34 0.0965542 0.0230589 0.0247672 0.0688924 0.0037237 0.0395921 0.0509802 0.0114810 0.0350412 0.0418414 0.0145317 0.0222551 0.0074984 0.0058642 0.0046202 0.0384684 0.1654905 0.0014698 0.0076722 0.1446029 0.1915944
 35 V  35 0.1821455 0.0000000 0.0000000 0.0000000 0.0241029 0.0000000 0.0013128 0.1322080 0.0000000 0.0395335 0.0717484 0.0042023 0.0266226 0.0093152 0.0000000 0.0110643 0.0100439 0.0000000 0.0000000 0.3000137 0.1876868
 36 M  36 0.0178357 0.0019314 0.0000000 0.0000000 0.0120610 0.0000000 0.0000000 0.0000000 0.0000000 0.0360606 0.2876899 0.0018149 0.4122189 0.0254228 0.0000000 0.0020707 0.0040240 0.0000000 0.0000000 0.0113739 0.1874963
 37 R  37 0.0513109 0.4487870 0.0074640 0.0058936 0.0016988 0.0385009 0.0270260 0.0084797 0.0177351 0.0054207 0.0089037 0.0871873 0.0061764 0.0014511 0.0113361 0.0178229 0.0528658 0.0046917 0.0023269 0.0061602 0.1887612
 38 S  38 0.1943853 0.0534871 0.0323468 0.0072735 0.0326179 0.0171962 0.0308012 0.0057055 0.0038469 0.0035920 0.0115239 0.0970669 0.0183605 0.0029661 0.0022646 0.2388267 0.0511824 0.0000000 0.0028795 0.0049158 0.1887612
 39 L  39 0.0016811 0.0000000 0.0022573 0.0000000 0.0032841 0.0152270 0.0017392 0.0000000 0.0069705 0.0385830 0.5927557 0.0057747 0.0505673 0.0301360 0.0000000 0.0025463 0.0033912 0.0000000 0.0146726 0.0413546 0.1890593
 40 G  40 0.0067139 0.0083629 0.0084330 0.0138562 0.0017015 0.0041906 0.0066261 0.7458507 0.0000000 0.0012944 0.0000000 0.0056589 0.0011548 0.0000000 0.0000000 0.0033122 0.0000000 0.0000000 0.0000000 0.0011749 0.1916700
 41 Q  41 0.0295895 0.0179502 0.0018881 0.0223622 0.0073809 0.2007262 0.0800990 0.0132055 0.0415307 0.0173224 0.0490367 0.0307925 0.0204191 0.1215314 0.0077332 0.0736057 0.0244414 0.0058757 0.0337237 0.0047882 0.1959977
 42 N  42 0.0117422 0.0290672 0.2667613 0.0654098 0.0045999 0.0493736 0.1055252 0.0132810 0.0155751 0.0051247 0.0044155 0.0962687 0.0222649 0.0154984 0.0202931 0.0378374 0.0289593 0.0000000 0.0045704 0.0039361 0.1994963
 43 P  43 0.0338296 0.0014511 0.0000000 0.0080457 0.0054670 0.0051457 0.0019843 0.0000000 0.0010157 0.0371478 0.1906626 0.0022439 0.0369355 0.0252252 0.3695531 0.0039574 0.0067776 0.0000000 0.0014447 0.0604633 0.2086497
 44 T  44 0.0200008 0.0218225 0.0156024 0.0325690 0.0000000 0.0039234 0.0107798 0.0061903 0.0062530 0.0035155 0.0097121 0.0975123 0.0073023 0.0000000 0.0398764 0.1464452 0.3796039 0.0000000 0.0000000 0.0054106 0.1934805
 45 E  45 0.0145535 0.0168480 0.0356420 0.1523226 0.0000000 0.0329357 0.3401707 0.0143661 0.0071430 0.0063229 0.0055466 0.1269970 0.0024580 0.0028860 0.0311484 0.0032161 0.0078227 0.0000000 0.0015516 0.0096737 0.1883954
 46 A  46 0.2210632 0.0213485 0.0155583 0.0405094 0.0010584 0.0308978 0.2075932 0.0265589 0.0057276 0.0083405 0.0078990 0.0312856 0.0222649 0.0008369 0.0251389 0.0948123 0.0318519 0.0000000 0.0038793 0.0155435 0.1878319
 47 E  47 0.0007190 0.0063232 0.0027427 0.1000932 0.0041832 0.0451472 0.5926214 0.0023902 0.0088728 0.0021095 0.0000000 0.0099915 0.0034050 0.0020467 0.0009575 0.0027237 0.0152733 0.0000000 0.0079781 0.0045981 0.1878233
 48 L  48 0.0077422 0.0000000 0.0000000 0.0000000 0.0080917 0.0000000 0.0012028 0.0013396 0.0000000 0.2313704 0.3278048 0.0000000 0.0145231 0.0111548 0.0000000 0.0000000 0.0047027 0.0000000 0.0048599 0.2030066 0.1842015
 49 Q  49 0.0271784 0.0979540 0.0178759 0.0804178 0.0010929 0.1847672 0.0812737 0.0061001 0.0148243 0.0222121 0.0740381 0.1502965 0.0075632 0.0063762 0.0000000 0.0082696 0.0095735 0.0014975 0.0177867 0.0044189 0.1864833
 50 D  50 0.0561867 0.0439837 0.0188205 0.1817760 0.0000000 0.0942897 0.1978251 0.0135013 0.0019139 0.0193977 0.0131468 0.0935607 0.0194170 0.0009142 0.0000000 0.0354139 0.0222574 0.0012541 0.0000000 0.0026593 0.1836821
 51 M  51 0.0167445 0.0000000 0.0000000 0.0000000 0.0052824 0.0018149 0.0031380 0.0000000 0.0157157 0.1319537 0.2366966 0.0000000 0.3443293 0.0024467 0.0000000 0.0019038 0.0012131 0.0066697 0.0085799 0.0398296 0.1836821
 52 I  52 0.0142120 0.0015575 0.0000000 0.0000000 0.0033840 0.0040064 0.0016569 0.0014764 0.0013993 0.3523991 0.1115375 0.0092907 0.1872957 0.0261432 0.0000000 0.0221067 0.0089502 0.0000000 0.0046918 0.0662106 0.1836821
 53 N  53 0.0815076 0.0828825 0.1382968 0.0744512 0.0035892 0.0805607 0.1083829 0.0215804 0.0238460 0.0029495 0.0047914 0.0995370 0.0029831 0.0016736 0.0017492 0.0621510 0.0164474 0.0000000 0.0040829 0.0050793 0.1834583
 54 E  54 0.1294218 0.0160065 0.0166338 0.1024799 0.0000000 0.0392784 0.3837468 0.0101327 0.0123467 0.0023668 0.0090351 0.0246421 0.0038559 0.0009262 0.0016791 0.0223404 0.0179462 0.0000000 0.0051261 0.0185773 0.1834583
 55 V  55 0.2187059 0.0000000 0.0023382 0.0000000 0.0020719 0.0011314 0.0048639 0.0113291 0.0259019 0.1108473 0.0329413 0.0009335 0.0100216 0.0312860 0.0155134 0.0065356 0.0054340 0.0000000 0.0363680 0.2927160 0.1910609
 56 D  56 0.0031812 0.0059067 0.0137776 0.6803647 0.0012278 0.0033794 0.0085993 0.0082817 0.0012717 0.0000000 0.0018324 0.0433818 0.0012524 0.0000000 0.0103037 0.0000000 0.0022947 0.0000000 0.0016940 0.0040505 0.2092004
 57 A  57 0.1136449 0.0350484 0.0054354 0.0068184 0.0036581 0.0287732 0.0353726 0.0079259 0.0029686 0.0672545 0.0504518 0.1003859 0.0220273 0.0054672 0.0395997 0.0431875 0.0825975 0.0000000 0.0039455 0.1386801 0.2067576
 58 D  58 0.0022171 0.0104409 0.0825940 0.5620168 0.0000000 0.0063099 0.0792854 0.0083886 0.0052205 0.0013844 0.0000000 0.0089710 0.0000000 0.0014033 0.0037474 0.0074473 0.0088801 0.0000000 0.0000000 0.0009586 0.2107346
 59 G  59 0.0127610 0.0219080 0.1193508 0.0108213 0.0046412 0.0077327 0.0228686 0.4658001 0.0074493 0.0015603 0.0133748 0.0536350 0.0097287 0.0000000 0.0051450 0.0289478 0.0041491 0.0008864 0.0000000 0.0025214 0.2067185
 60 D  60 0.0020843 0.0210748 0.2327864 0.2160448 0.0000000 0.0054231 0.0073465 0.0238496 0.0033098 0.0060465 0.0047691 0.0286066 0.0032850 0.0007282 0.0163170 0.1737386 0.0548755 0.0000000 0.0012509 0.0072234 0.1912400
 61 G  61 0.0089792 0.0117851 0.0104051 0.0074399 0.0000000 0.0024970 0.0054358 0.7187453 0.0052521 0.0000000 0.0000000 0.0193716 0.0023279 0.0000000 0.0021864 0.0118655 0.0008358 0.0000000 0.0000000 0.0034400 0.1894332
 62 T  62 0.0303644 0.0932311 0.0180192 0.0023513 0.0112888 0.0427215 0.0539934 0.0049276 0.0153197 0.0041261 0.0433503 0.0725551 0.0187056 0.0253309 0.0209926 0.0605869 0.2350646 0.0032850 0.0259192 0.0351324 0.1827344
 63 I  63 0.0044787 0.0000000 0.0000000 0.0000000 0.0000000 0.0000000 0.0000000 0.0000000 0.0000000 0.5231990 0.1071179 0.0000000 0.0176252 0.0245170 0.0000000 0.0000000 0.0017629 0.0000000 0.0000000 0.1389425 0.1823568
 64 D  64 0.0099461 0.0050482 0.1150630 0.4497298 0.0023023 0.0050188 0.0685138 0.0096536 0.0100053 0.0000000 0.0010343 0.0083537 0.0000000 0.0000000 0.0011880 0.1008667 0.0234013 0.0000000 0.0061622 0.0013561 0.1823568
 65 F  65 0.0111575 0.0031759 0.0000000 0.0000000 0.0134899 0.0022876 0.0058843 0.0021169 0.0015324 0.0062528 0.0301852 0.0023301 0.0062788 0.4662455 0.0000000 0.0009016 0.0028154 0.0048024 0.2439060 0.0140140 0.1826236
 66 P  66 0.0432467 0.0092239 0.0482599 0.1243616 0.0000000 0.0356020 0.2197324 0.0700301 0.0050275 0.0206662 0.0123178 0.0213806 0.0000000 0.0014039 0.0890328 0.0607732 0.0368516 0.0000000 0.0082957 0.0111704 0.1826236
 67 E  67 0.0046487 0.0078150 0.0101657 0.1097363 0.0010697 0.0133988 0.5802421 0.0123563 0.0051947 0.0000000 0.0020195 0.0060980 0.0111079 0.0000000 0.0000000 0.0063360 0.0327460 0.0000000 0.0014596 0.0120786 0.1835269
 68 F  68 0.0000000 0.0000000 0.0000000 0.0000000 0.0000000 0.0000000 0.0000000 0.0000000 0.0000000 0.0000000 0.0156516 0.0000000 0.0025298 0.7817071 0.0000000 0.0012869 0.0000000 0.0000000 0.0102056 0.0023290 0.1862900
 69 L  69 0.0183328 0.0154174 0.0098040 0.0008579 0.0280807 0.0061291 0.0106451 0.0088442 0.0000000 0.1108767 0.3308484 0.0097328 0.0171362 0.0192102 0.0000000 0.0094679 0.0169574 0.0012048 0.0111257 0.1941768 0.1811517
 70 T  70 0.1678052 0.0460422 0.0407436 0.0342906 0.0104350 0.0391208 0.0681873 0.0147283 0.0278502 0.0076402 0.0088394 0.0511946 0.0090647 0.0026976 0.0325793 0.0581729 0.1592476 0.0000000 0.0157545 0.0237493 0.1818568
 71 M  71 0.1290059 0.0032403 0.0016345 0.0000000 0.0023528 0.0000000 0.0036327 0.0008416 0.0022818 0.1335104 0.1930051 0.0030893 0.2218480 0.0066722 0.0044787 0.0028875 0.0024996 0.0023301 0.0016196 0.1023026 0.1827674
 72 M  72 0.0137957 0.0000000 0.0087333 0.0000000 0.0039095 0.0007697 0.0008803 0.0016258 0.0055965 0.0424522 0.0703158 0.0013833 0.4750685 0.0207629 0.0000000 0.0022403 0.0642829 0.0014127 0.0168863 0.0505681 0.2193162
 73 A  73 0.1635392 0.0335949 0.0104070 0.0015885 0.0049817 0.0402059 0.0200809 0.0862456 0.0172114 0.0162136 0.0257088 0.0334351 0.0571100 0.0000000 0.0025207 0.1170322 0.1598795 0.0000000 0.0023230 0.0429906 0.1649314
 74 R  74 0.0505465 0.1698584 0.0303500 0.0266818 0.0009445 0.0446681 0.0750057 0.0109859 0.0895187 0.0251725 0.0392933 0.1034756 0.0107806 0.0013486 0.0353372 0.0350334 0.0442752 0.0009247 0.0029276 0.0256406 0.1772310
 75 K  75 0.0042016 0.0792953 0.0139802 0.0103685 0.0048062 0.0643991 0.0120739 0.0446886 0.0861123 0.0196418 0.0068528 0.3177052 0.0252795 0.0155526 0.0157187 0.0075173 0.0101323 0.0059283 0.0092722 0.0059181 0.2405556
 76 M  76 0.0107011 0.0131139 0.0412450 0.0105748 0.0019509 0.0171120 0.0162127 0.0119127 0.0173465 0.0902557 0.2045627 0.0182571 0.2328896 0.0090509 0.0052205 0.0309934 0.0256321 0.0000000 0.0202791 0.0314998 0.1911895
 77 K  77 0.0413442 0.1013475 0.1004975 0.0124559 0.0008994 0.0637434 0.0134635 0.0468652 0.0074515 0.0120734 0.0721578 0.2165121 0.0017528 0.0067582 0.0090294 0.0652540 0.0169109 0.0000000 0.0007794 0.0220720 0.1886319
 78 D  78 0.0512505 0.0373590 0.0278751 0.1714396 0.0000000 0.0507507 0.2023300 0.0464414 0.0069393 0.0008770 0.0027630 0.1050549 0.0013234 0.0014505 0.0211040 0.0378676 0.0181488 0.0000000 0.0043857 0.0025351 0.2101044
 79 T  79 0.0377309 0.1089900 0.0298161 0.0335180 0.0013885 0.0405046 0.1296307 0.0184190 0.0069704 0.0370815 0.0677917 0.0654773 0.0494429 0.0030682 0.0274226 0.0218218 0.1203165 0.0030709 0.0071236 0.0276555 0.1627591
 80 D  80 0.0252444 0.0050257 0.0436962 0.3855998 0.0000000 0.0188054 0.1680781 0.0658733 0.0022405 0.0051022 0.0164502 0.0120740 0.0013243 0.0035022 0.0126312 0.0309819 0.0362365 0.0000000 0.0103511 0.0062955 0.1504876
 81 S  81 0.0565506 0.0775477 0.0606142 0.0277533 0.0040138 0.0893581 0.0580330 0.0093755 0.0078277 0.0078324 0.0057522 0.0449056 0.0008044 0.0135343 0.1160883 0.1416234 0.0984774 0.0000000 0.0076630 0.0242244 0.1480207
 82 E  82 0.0260708 0.0423661 0.0050433 0.1142023 0.0010125 0.0275184 0.3507027 0.0043179 0.0158231 0.0377504 0.0273953 0.1252075 0.0134779 0.0039039 0.0035947 0.0045919 0.0130660 0.0000000 0.0128266 0.0162030 0.1549256
 83 E  83 0.0417834 0.0350540 0.0150189 0.1374484 0.0000000 0.0832412 0.4399331 0.0068688 0.0016506 0.0000000 0.0037173 0.0612566 0.0007783 0.0000000 0.0000000 0.0133008 0.0082401 0.0000000 0.0000000 0.0066049 0.1451035
 84 E  84 0.0000000 0.0040469 0.0335334 0.1195142 0.0013479 0.0232505 0.5073056 0.0080395 0.1025629 0.0065362 0.0053902 0.0055049 0.0159281 0.0000000 0.0017557 0.0049586 0.0097860 0.0000000 0.0031211 0.0188658 0.1285527
 85 I  85 0.0000000 0.0010816 0.0000000 0.0000000 0.0019843 0.0000000 0.0000000 0.0000000 0.0000000 0.2891295 0.4139028 0.0000000 0.0393529 0.0816405 0.0000000 0.0019805 0.0019631 0.0014176 0.0287659 0.0206036 0.1181777
 86 R  86 0.0159758 0.2953750 0.0033559 0.0010753 0.0000000 0.0474469 0.0075234 0.0009491 0.0194924 0.0334883 0.1029921 0.1832627 0.0293698 0.0284782 0.0033965 0.0157741 0.0090194 0.0081204 0.0371199 0.0404061 0.1173787
 87 E  87 0.0880592 0.0566638 0.0318083 0.0952474 0.0000000 0.0246553 0.3481190 0.0011925 0.0018641 0.0106247 0.0175420 0.1662665 0.0027826 0.0000000 0.0000000 0.0088380 0.0190797 0.0010649 0.0007545 0.0055092 0.1199282
 88 A  88 0.7390769 0.0021128 0.0000000 0.0031380 0.0088507 0.0000000 0.0016375 0.0368346 0.0000000 0.0178798 0.0121610 0.0000000 0.0094512 0.0020582 0.0000000 0.0103986 0.0101029 0.0000000 0.0009145 0.0268689 0.1185145
 89 F  89 0.0000000 0.0000000 0.0000000 0.0000000 0.0000000 0.0000000 0.0000000 0.0000000 0.0000000 0.0049204 0.0418555 0.0000000 0.0129011 0.8072192 0.0000000 0.0000000 0.0000000 0.0033607 0.0021711 0.0025784 0.1249936
 90 R  90 0.0464722 0.2783125 0.0335047 0.0689230 0.0069576 0.0818196 0.0503087 0.0066505 0.0108793 0.0000000 0.0182562 0.1603471 0.0115965 0.0008296 0.0022646 0.0821675 0.0114869 0.0000000 0.0012960 0.0029339 0.1249936
 91 V  91 0.0196688 0.0056905 0.0054700 0.0000000 0.0122060 0.0050397 0.0443067 0.0000000 0.0223931 0.0602613 0.2467476 0.0034042 0.0495476 0.0438976 0.0025298 0.0069152 0.0095269 0.0016730 0.0855841 0.2503507 0.1247873
 92 F  92 0.0108187 0.0000000 0.0000000 0.0000000 0.0014883 0.0000000 0.0000000 0.0000000 0.0000000 0.0207917 0.0262466 0.0000000 0.0077140 0.7611338 0.0000000 0.0040502 0.0085552 0.0000000 0.0259021 0.0059933 0.1273060
 93 D  93 0.0015903 0.0000000 0.0014077 0.8630738 0.0000000 0.0015151 0.0031615 0.0022493 0.0000000 0.0000000 0.0000000 0.0000000 0.0000000 0.0000000 0.0000000 0.0019521 0.0015413 0.0000000 0.0000000 0.0012643 0.1222445
 94 K  94 0.0177651 0.0894061 0.0056678 0.0849201 0.0000000 0.0427017 0.0449889 0.0047481 0.0061033 0.0176817 0.0249209 0.4052954 0.0079510 0.0000000 0.0096330 0.0150901 0.0788183 0.0000000 0.0012974 0.0207666 0.1222445
 95 D  95 0.0057544 0.0008848 0.1392273 0.5920546 0.0000000 0.0094548 0.0981532 0.0065975 0.0106581 0.0000000 0.0000000 0.0048684 0.0000000 0.0000000 0.0019521 0.0049992 0.0018483 0.0000000 0.0000000 0.0011305 0.1224167
 96 G  96 0.0288203 0.0328524 0.1125422 0.0279482 0.0080893 0.0539223 0.0292396 0.4471362 0.0134959 0.0022493 0.0011070 0.0882519 0.0000000 0.0000000 0.0000000 0.0293289 0.0017944 0.0000000 0.0000000 0.0000000 0.1232221
 97 N  97 0.0025669 0.0175608 0.1973093 0.2411594 0.0000000 0.0056169 0.0035378 0.0046799 0.0044891 0.0015849 0.0015556 0.0349223 0.0000000 0.0000000 0.0000000 0.2161153 0.1439348 0.0000000 0.0000000 0.0019193 0.1230476
 98 G  98 0.0007483 0.0020451 0.0024954 0.0010741 0.0000000 0.0008382 0.0014962 0.8598276 0.0011437 0.0000000 0.0000000 0.0023997 0.0000000 0.0000000 0.0000000 0.0031896 0.0013222 0.0009035 0.0000000 0.0000000 0.1225164
 99 Y  99 0.0179102 0.0326299 0.0052347 0.0043285 0.0196797 0.0139702 0.0160044 0.0046470 0.0234381 0.0097189 0.0212624 0.1279582 0.0039055 0.1551962 0.0000000 0.0531733 0.1029962 0.0000000 0.2520565 0.0136898 0.1222003
100 I 100 0.0038520 0.0000000 0.0000000 0.0000000 0.0000000 0.0000000 0.0000000 0.0000000 0.0017900 0.7796929 0.0229258 0.0000000 0.0095653 0.0036568 0.0000000 0.0000000 0.0000000 0.0000000 0.0000000 0.0557670 0.1227503
101 S 101 0.0181544 0.0010054 0.0343938 0.0974388 0.0026528 0.0113970 0.0531004 0.0133841 0.0093097 0.0000000 0.0042536 0.0110293 0.0248753 0.0018010 0.0117926 0.3227539 0.2577441 0.0000000 0.0000000 0.0024504 0.1224635
102 A 102 0.2086750 0.0393692 0.0029594 0.0032951 0.0084365 0.0144644 0.0173678 0.0229758 0.0066135 0.0616769 0.0801254 0.0356508 0.0203573 0.0578790 0.0402417 0.0431438 0.0622471 0.0048804 0.0339665 0.1119608 0.1237135
103 A 103 0.1489844 0.0568626 0.0356057 0.1348710 0.0000000 0.0404273 0.1358535 0.0220340 0.0230432 0.0043075 0.0067839 0.1386370 0.0023882 0.0008951 0.0041777 0.0822054 0.0287402 0.0007403 0.0007835 0.0089461 0.1237135
104 E 104 0.0055914 0.0036434 0.0953374 0.0826842 0.0000000 0.0056936 0.6361918 0.0000000 0.0028615 0.0000000 0.0000000 0.0114217 0.0017031 0.0000000 0.0000000 0.0106615 0.0060383 0.0000000 0.0102023 0.0042563 0.1237135
105 L 105 0.0000000 0.0044787 0.0000000 0.0000000 0.0000000 0.0000000 0.0000000 0.0000000 0.0000000 0.0493774 0.7575051 0.0000000 0.0217661 0.0325918 0.0000000 0.0000000 0.0000000 0.0000000 0.0000000 0.0105673 0.1237135
106 R 106 0.0294193 0.3366608 0.0078454 0.0033197 0.0097400 0.0599664 0.0474538 0.0883572 0.0153871 0.0065139 0.0093236 0.2219373 0.0046672 0.0024197 0.0020451 0.0146749 0.0052840 0.0000000 0.0026048 0.0084349 0.1239450
107 H 107 0.0475115 0.1299078 0.0269686 0.0352432 0.0045430 0.0905838 0.0823189 0.0050934 0.1566494 0.0233971 0.0138193 0.0302239 0.0087727 0.0112962 0.0000000 0.0454546 0.0632125 0.0023528 0.0211096 0.0763726 0.1251690
108 V 108 0.2349904 0.0000000 0.0000000 0.0000000 0.0218492 0.0000000 0.0000000 0.0087133 0.0000000 0.0831536 0.0482422 0.0157157 0.0254654 0.0107199 0.0000000 0.0113443 0.0129199 0.0000000 0.0000000 0.4030392 0.1238469
109 M 109 0.1171511 0.0031380 0.0000000 0.0000000 0.0409939 0.0000000 0.0000000 0.0000000 0.0000000 0.0180296 0.2869161 0.0000000 0.3612866 0.0134610 0.0009816 0.0096249 0.0088850 0.0008869 0.0014043 0.0121663 0.1250745
110 T 110 0.0760677 0.2181484 0.0146398 0.0058068 0.0062955 0.0267939 0.0349281 0.0172591 0.0112044 0.0305052 0.0053159 0.1566283 0.0268260 0.0032825 0.0010829 0.0349173 0.1777822 0.0008873 0.0022312 0.0225468 0.1268508
111 N 111 0.1087163 0.0141911 0.1116497 0.0402711 0.0143500 0.0182845 0.1985241 0.0112915 0.0113636 0.0053460 0.0126397 0.0617914 0.0069813 0.0025086 0.0081284 0.1625549 0.0743126 0.0000000 0.0020376 0.0062224 0.1288351
112 L 112 0.0044520 0.0017359 0.0014280 0.0129032 0.0018897 0.0059370 0.0150610 0.0000000 0.0096028 0.0496523 0.5816954 0.0045543 0.0584223 0.0462648 0.0027949 0.0067250 0.0113798 0.0000000 0.0221264 0.0164335 0.1469416
113 G 113 0.0035195 0.0047003 0.0080460 0.0185906 0.0044822 0.0019576 0.0103252 0.7663100 0.0000000 0.0029247 0.0031556 0.0051914 0.0000000 0.0019533 0.0000000 0.0085126 0.0000000 0.0015473 0.0000000 0.0058286 0.1529551
114 E 114 0.0056933 0.0085019 0.0034816 0.0665423 0.0067088 0.0722305 0.4340006 0.0117403 0.0327408 0.0056132 0.0288450 0.0038322 0.0296683 0.0669305 0.0033585 0.0058334 0.0047945 0.0031380 0.0173960 0.0146969 0.1742535
115 K 115 0.0171141 0.0647929 0.1779972 0.0560615 0.0013889 0.0324021 0.0670688 0.0305755 0.0173646 0.0024407 0.0031265 0.2208697 0.0178145 0.0063979 0.0362137 0.0229585 0.0441521 0.0000000 0.0032059 0.0026349 0.1754201
116 L 116 0.0230662 0.0065509 0.0066781 0.0075762 0.0134974 0.0062839 0.0008384 0.0032581 0.0034400 0.0470358 0.3710467 0.0029205 0.0901317 0.0410303 0.1374159 0.0086880 0.0089172 0.0000000 0.0037654 0.0538997 0.1639595
117 T 117 0.0099278 0.0117676 0.0255049 0.0707199 0.0035469 0.0048487 0.0286331 0.0222813 0.0020605 0.0026655 0.0026031 0.0439168 0.0000000 0.0012240 0.0160565 0.1715825 0.4365960 0.0000000 0.0015025 0.0047457 0.1398168
118 D 118 0.0237942 0.0102149 0.0242458 0.3418700 0.0022663 0.0253230 0.2331206 0.0126677 0.0161048 0.0097396 0.0104558 0.0732646 0.0051626 0.0011733 0.0306589 0.0070505 0.0111178 0.0000000 0.0049574 0.0154258 0.1413865
119 E 119 0.1090468 0.0362541 0.0110171 0.1217309 0.0000000 0.0364776 0.3794510 0.0096418 0.0035566 0.0052791 0.0060712 0.0418689 0.0157058 0.0006237 0.0069534 0.0271327 0.0155804 0.0000000 0.0012541 0.0284346 0.1439200
120 E 120 0.0049043 0.0087723 0.0050497 0.0682911 0.0014383 0.0218907 0.6431268 0.0024715 0.0152637 0.0034250 0.0034487 0.0077852 0.0021323 0.0061524 0.0022557 0.0081338 0.0139278 0.0013843 0.0031030 0.0385245 0.1385187
121 V 121 0.0277720 0.0000000 0.0000000 0.0000000 0.0190291 0.0000000 0.0000000 0.0053809 0.0000000 0.2312426 0.3086516 0.0000000 0.0110045 0.0218230 0.0000000 0.0019601 0.0092359 0.0000000 0.0000000 0.2318449 0.1320555
122 D 122 0.0198685 0.0731151 0.0373736 0.2352760 0.0014085 0.1292083 0.1616535 0.0022539 0.0097115 0.0143116 0.0279983 0.1025385 0.0040096 0.0070413 0.0046041 0.0116706 0.0115025 0.0014402 0.0041586 0.0051657 0.1356899
123 E 123 0.0890013 0.0229309 0.0145226 0.1578248 0.0000000 0.0597996 0.3832677 0.0122502 0.0072593 0.0019959 0.0099208 0.0609202 0.0054453 0.0000000 0.0000000 0.0225233 0.0188171 0.0000000 0.0000000 0.0027594 0.1307616
124 M 124 0.0114782 0.0000000 0.0000000 0.0000000 0.0019545 0.0012240 0.0000000 0.0000000 0.0021483 0.1696846 0.1387173 0.0000000 0.5031988 0.0021175 0.0000000 0.0000000 0.0008330 0.0086371 0.0009910 0.0282540 0.1307616
125 I 125 0.0014314 0.0010495 0.0000000 0.0000000 0.0000000 0.0000000 0.0000000 0.0016392 0.0024762 0.5334029 0.1318702 0.0020451 0.0803247 0.0414830 0.0000000 0.0108139 0.0029742 0.0000000 0.0078272 0.0515279 0.1311346
126 R 126 0.0919029 0.2173106 0.0562048 0.1049846 0.0043424 0.0751025 0.0445658 0.0115803 0.0216216 0.0009443 0.0123992 0.1285730 0.0023005 0.0035433 0.0000000 0.0586787 0.0202669 0.0000000 0.0036170 0.0092874 0.1327741
127 E 127 0.0311960 0.0080408 0.0112500 0.1247635 0.0000000 0.0212132 0.5705147 0.0371162 0.0124926 0.0021483 0.0104552 0.0086965 0.0024652 0.0010164 0.0027218 0.0088657 0.0043215 0.0000000 0.0007263 0.0092219 0.1327741
128 A 128 0.3498671 0.0000000 0.0018454 0.0000000 0.0013514 0.0105779 0.0000000 0.0142320 0.0086992 0.0804160 0.0114748 0.0000000 0.0076585 0.0663116 0.0000000 0.0092231 0.0053091 0.0000000 0.0180339 0.2717097 0.1432903
129 D 129 0.0017055 0.0016392 0.0199812 0.7441666 0.0007314 0.0053191 0.0085955 0.0098019 0.0169591 0.0000000 0.0000000 0.0125864 0.0000000 0.0000000 0.0189425 0.0027788 0.0023663 0.0000000 0.0023334 0.0013514 0.1507418
130 I 130 0.0552597 0.0578129 0.0000000 0.0017968 0.0059220 0.0547899 0.0452969 0.0104286 0.0088985 0.0854436 0.1085019 0.1013344 0.0243507 0.0087476 0.0192556 0.0399426 0.1258679 0.0000000 0.0036596 0.0977982 0.1448927
131 D 131 0.0044159 0.0055427 0.1261406 0.6199566 0.0000000 0.0072479 0.0437770 0.0176806 0.0011379 0.0000000 0.0000000 0.0125798 0.0009890 0.0000000 0.0000000 0.0066394 0.0051494 0.0000000 0.0000000 0.0000000 0.1487431
132 G 132 0.0095290 0.0166973 0.1170840 0.0074602 0.0036981 0.0340522 0.0183505 0.4489355 0.0124496 0.0000000 0.0103981 0.0873420 0.0071977 0.0020121 0.0134889 0.0548801 0.0028591 0.0000000 0.0000000 0.0066380 0.1469276
133 D 133 0.0017548 0.0016451 0.1033477 0.5822783 0.0027949 0.0114762 0.0124293 0.0125745 0.0021436 0.0019570 0.0019900 0.0155605 0.0000000 0.0006031 0.0020096 0.0757239 0.0280400 0.0000000 0.0000000 0.0014359 0.1422355
134 G 134 0.0030542 0.0056879 0.0106929 0.0027276 0.0000000 0.0000000 0.0039092 0.8168850 0.0026142 0.0000000 0.0024636 0.0021480 0.0008513 0.0000000 0.0027949 0.0063517 0.0007800 0.0000000 0.0000000 0.0000000 0.1390395
135 Q 135 0.0199173 0.1597106 0.0349409 0.0033241 0.0206177 0.1175567 0.1283198 0.0072101 0.0208781 0.0029669 0.0397803 0.1131850 0.0223394 0.0120505 0.0047994 0.0312550 0.0911591 0.0000000 0.0140528 0.0216487 0.1342877
136 V 136 0.0013339 0.0000000 0.0000000 0.0000000 0.0000000 0.0000000 0.0000000 0.0044787 0.0000000 0.5534968 0.0448563 0.0000000 0.0099325 0.0168878 0.0000000 0.0023685 0.0017392 0.0000000 0.0000000 0.2261926 0.1387137
137 N 137 0.0041524 0.0115615 0.2892775 0.3055211 0.0082187 0.0033931 0.0290025 0.0088091 0.0106807 0.0016820 0.0026590 0.0253460 0.0019184 0.0000000 0.0009712 0.1371319 0.0177039 0.0000000 0.0019783 0.0010822 0.1389105
138 Y 138 0.0151446 0.0063823 0.0000000 0.0000000 0.0031356 0.0217076 0.0622986 0.0009406 0.0021579 0.0076330 0.0211933 0.0038606 0.0040204 0.2806569 0.0060768 0.0007180 0.0000000 0.0025249 0.4130242 0.0076492 0.1408755
139 E 139 0.0323411 0.0086725 0.0490290 0.1608671 0.0000000 0.0528637 0.3871510 0.0203927 0.0113508 0.0068083 0.0062541 0.0173075 0.0013353 0.0013502 0.0333853 0.0386866 0.0141446 0.0000000 0.0087899 0.0075932 0.1416772
140 E 140 0.0084303 0.0040819 0.0071578 0.1038309 0.0009322 0.0076127 0.6866020 0.0048079 0.0000000 0.0015668 0.0009496 0.0034071 0.0023140 0.0011265 0.0000000 0.0016962 0.0074892 0.0000000 0.0009698 0.0016999 0.1553251
141 F 141 0.0000000 0.0000000 0.0000000 0.0000000 0.0000000 0.0000000 0.0000000 0.0000000 0.0000000 0.0000000 0.0207680 0.0000000 0.0000000 0.8101251 0.0000000 0.0000000 0.0000000 0.0020582 0.0059764 0.0014425 0.1596298
142 V 142 0.0577634 0.0167779 0.0063888 0.0008493 0.0280429 0.0074896 0.0073895 0.0000000 0.0013849 0.0878159 0.1800873 0.0272742 0.0320992 0.0125760 0.0000000 0.0111473 0.0281402 0.0018031 0.0164845 0.3133840 0.1631022
143 Q 143 0.1638031 0.1591400 0.0405658 0.0141988 0.0035240 0.0533640 0.0486219 0.0075293 0.0308601 0.0107306 0.0082079 0.1163839 0.0104142 0.0017139 0.0010827 0.0470174 0.0814931 0.0037046 0.0104812 0.0147906 0.1723729
144 M 144 0.0157203 0.0125679 0.0000000 0.0000000 0.0007063 0.0016610 0.0000000 0.0000000 0.0092957 0.1675451 0.1152005 0.0114146 0.3847235 0.0125530 0.0013339 0.0019889 0.0059914 0.0000000 0.0018348 0.0689972 0.1884658
145 M 145 0.0017944 0.0000000 0.0000000 0.0000000 0.0114253 0.0000000 0.0000000 0.0000000 0.0000000 0.0672498 0.0695967 0.0044787 0.5882672 0.0040855 0.0000000 0.0000000 0.0000000 0.0000000 0.0000000 0.0475171 0.2055852
146 T 146 0.0692508 0.0763913 0.0077904 0.0000000 0.0008856 0.0244479 0.0011097 0.0178196 0.0021483 0.0067233 0.0390524 0.1429837 0.0647751 0.0000000 0.0013833 0.0716416 0.1846226 0.0000000 0.0000000 0.0176302 0.2713442
147 A 147 0.0885806 0.0793852 0.0086075 0.0042845 0.0007908 0.0280260 0.0151543 0.0566181 0.0052463 0.0052852 0.0034915 0.1463590 0.0058189 0.0009016 0.0230225 0.0934989 0.0208341 0.0000000 0.0000000 0.0056480 0.4084467
148 K 148 0.0000000 0.0332906 0.0000000 0.0000000 0.0000000 0.0161442 0.0000000 0.0000000 0.0000000 0.0000000 0.0000000 0.2277946 0.0000000 0.0000000 0.0000000 0.0000000 0.0000000 0.0000000 0.0000000 0.0000000 0.7227706
