   64         A         R         N         D         C         Q         E         G         H         I         L         K         M         F         P         S         T         W         Y         V         X    
  1 M   1 0.0000000 0.0000000 0.0000000 0.0000000 0.0000000 0.0000000 0.0000000 0.0000000 0.0000000 0.0161942 0.0698573 0.0000000 0.0596598 0.0000000 0.0000000 0.0000000 0.0467037 0.0000000 0.0000000 0.0302994 0.7772855
  2 K   2 0.0000000 0.0670754 0.0000000 0.0000000 0.0000000 0.0253575 0.0000000 0.0000000 0.0000000 0.0000000 0.0000000 0.7530761 0.0000000 0.0000000 0.0000000 0.0000000 0.0000000 0.0000000 0.0000000 0.0000000 0.1544910
  3 T   3 0.0075958 0.0360126 0.0378649 0.0244158 0.0000000 0.1209336 0.0179948 0.0000000 0.0000000 0.0000000 0.0209361 0.0221225 0.0153339 0.0029964 0.0000000 0.2405945 0.2792150 0.0000000 0.0081422 0.0308012 0.1350407
  4 E   4 0.0580163 0.0375827 0.0251221 0.0091372 0.0062585 0.0098035 0.1072588 0.0000000 0.0081348 0.0000000 0.0000000 0.0059313 0.0048449 0.0058026 0.0098529 0.5518064 0.0616554 0.0000000 0.0000000 0.0000000 0.0987926
  5 W   5 0.0000000 0.0000000 0.0000000 0.0000000 0.0000000 0.0000000 0.0000000 0.0000000 0.0000000 0.0000000 0.0000000 0.0000000 0.0000000 0.0163106 0.0000000 0.0000000 0.0000000 0.9427755 0.0000000 0.0000000 0.0409139
  6 P   6 0.0201971 0.0000000 0.0000000 0.0000000 0.0000000 0.0000000 0.0000000 0.0000000 0.0000000 0.0000000 0.0000000 0.0141735 0.0000000 0.0000000 0.9041699 0.0205456 0.0000000 0.0000000 0.0000000 0.0000000 0.0409139
  7 E   7 0.0000000 0.0000000 0.0087811 0.0415784 0.0000000 0.0173066 0.8767511 0.0090953 0.0055736 0.0000000 0.0000000 0.0000000 0.0000000 0.0000000 0.0000000 0.0000000 0.0000000 0.0000000 0.0000000 0.0000000 0.0409139
  8 L   8 0.0092297 0.0000000 0.0000000 0.0000000 0.0324676 0.0000000 0.0000000 0.0000000 0.0000000 0.0087811 0.6728092 0.0000000 0.0401847 0.0062585 0.0000000 0.0000000 0.0000000 0.0000000 0.0000000 0.1983000 0.0319692
  9 V   9 0.0228162 0.0044742 0.0091372 0.0000000 0.0047058 0.0081348 0.0037756 0.0000000 0.0000000 0.0638534 0.0899222 0.0375424 0.0000000 0.0000000 0.0000000 0.0000000 0.0180869 0.0000000 0.0000000 0.7055821 0.0319692
 10 G  10 0.0000000 0.0065935 0.0000000 0.0000000 0.0052452 0.0000000 0.0000000 0.9432737 0.0000000 0.0000000 0.0000000 0.0000000 0.0000000 0.0000000 0.0000000 0.0129184 0.0000000 0.0000000 0.0000000 0.0000000 0.0319692
 11 K  11 0.0562524 0.0270903 0.0047806 0.0000000 0.0177830 0.0000000 0.0472380 0.0000000 0.0000000 0.0265165 0.0970525 0.2102758 0.0604654 0.0087811 0.0000000 0.0305230 0.0805784 0.0747150 0.0000000 0.2259787 0.0319692
 12 S  12 0.0082489 0.0412814 0.1038154 0.0919402 0.0100869 0.0357657 0.0203834 0.0055736 0.0417739 0.0000000 0.0228060 0.0388737 0.0124986 0.0075275 0.1660624 0.1682157 0.1550708 0.0000000 0.0144777 0.0236291 0.0319692
 13 V  13 0.2744165 0.0111840 0.0000000 0.0000000 0.0149236 0.0124684 0.0169440 0.2815567 0.0000000 0.0738605 0.0093692 0.0035659 0.0509936 0.0164033 0.0000000 0.0079812 0.0440582 0.0000000 0.0378944 0.1124113 0.0319692
 14 E  14 0.0176766 0.0256973 0.0075415 0.0928397 0.0000000 0.0220631 0.3561752 0.0072959 0.0111840 0.0047807 0.0837659 0.1103243 0.0169099 0.0260177 0.0139114 0.0282982 0.0803747 0.0000000 0.0078842 0.0552907 0.0319692
 15 E  15 0.0847056 0.0000000 0.0236291 0.0691818 0.0033944 0.0533874 0.3459549 0.0000000 0.0277235 0.0097715 0.0870006 0.0398203 0.0044693 0.0114311 0.0199864 0.0070570 0.0220978 0.0000000 0.0589069 0.0995133 0.0319692
 16 A  16 0.9186135 0.0000000 0.0000000 0.0000000 0.0103950 0.0000000 0.0000000 0.0149236 0.0000000 0.0000000 0.0000000 0.0000000 0.0000000 0.0000000 0.0000000 0.0000000 0.0000000 0.0000000 0.0000000 0.0240987 0.0319692
 17 K  17 0.2020540 0.0658950 0.0000000 0.0000000 0.0000000 0.0000000 0.0822105 0.0111338 0.0000000 0.0268767 0.0000000 0.3570679 0.0477666 0.0000000 0.0000000 0.0109174 0.0237020 0.0000000 0.0124684 0.1279386 0.0319692
 18 K  18 0.2027807 0.0583513 0.0149236 0.0216504 0.0000000 0.0476116 0.1676106 0.0341997 0.0078382 0.0087811 0.0291825 0.1555621 0.0278763 0.0383079 0.0341780 0.0166151 0.0797412 0.0000000 0.0000000 0.0146636 0.0401262
 19 V  19 0.0368032 0.0209174 0.0000000 0.0000000 0.0000000 0.0527430 0.0000000 0.0000000 0.0056022 0.2608845 0.0233367 0.1634249 0.0141735 0.0000000 0.0000000 0.0278148 0.1675447 0.0103950 0.0163106 0.1680804 0.0319692
 20 I  20 0.0000000 0.0000000 0.0000000 0.0000000 0.0000000 0.0000000 0.0000000 0.0000000 0.0000000 0.9086061 0.0129184 0.0000000 0.0000000 0.0210050 0.0000000 0.0000000 0.0000000 0.0000000 0.0000000 0.0214503 0.0360203
 21 L  21 0.0283842 0.0108321 0.0337809 0.0158780 0.0000000 0.0607734 0.2735045 0.0094754 0.0135878 0.0121877 0.1883285 0.2097917 0.0380877 0.0000000 0.0000000 0.0185356 0.0370809 0.0111338 0.0000000 0.0066686 0.0319692
 22 Q  22 0.0775250 0.2071196 0.0121144 0.0332945 0.0030148 0.0523273 0.0929473 0.0389207 0.0602963 0.0065309 0.0163106 0.2199640 0.0000000 0.0111338 0.0000000 0.1002077 0.0363240 0.0000000 0.0000000 0.0000000 0.0319692
 23 D  23 0.0141735 0.0000000 0.0000000 0.4010607 0.0000000 0.0194861 0.4931046 0.0000000 0.0163106 0.0000000 0.0000000 0.0000000 0.0000000 0.0000000 0.0000000 0.0098529 0.0000000 0.0000000 0.0000000 0.0000000 0.0460117
 24 K  24 0.0000000 0.2637767 0.3618135 0.0196247 0.0193361 0.0000000 0.0000000 0.0048256 0.0000000 0.0034699 0.0066327 0.1106393 0.1021436 0.0000000 0.0000000 0.0000000 0.0129184 0.0000000 0.0488079 0.0000000 0.0460117
 25 P  25 0.0311963 0.0327647 0.0073184 0.0043305 0.0000000 0.0196333 0.0300835 0.0038090 0.0079094 0.0000000 0.0389000 0.0072935 0.0059467 0.0000000 0.6436348 0.0793319 0.0249734 0.0000000 0.0000000 0.0039446 0.0589300
 26 E  26 0.0091483 0.0395970 0.1068310 0.3299415 0.0025844 0.0287790 0.0799449 0.1114127 0.0158942 0.0136721 0.0685614 0.0606847 0.0000000 0.0038692 0.0000000 0.0492931 0.0082519 0.0000000 0.0255229 0.0000000 0.0460117
 27 A  27 0.1773941 0.0066327 0.0000000 0.0000000 0.0170304 0.0000000 0.0000000 0.0169039 0.0000000 0.0593170 0.1347866 0.0000000 0.0048225 0.0059849 0.0000000 0.0111840 0.0000000 0.0000000 0.0163106 0.5036214 0.0460117
 28 Q  28 0.0384190 0.0782069 0.1659415 0.1600179 0.0000000 0.0841355 0.0777243 0.0065692 0.0443094 0.0211531 0.0175223 0.0858987 0.0092297 0.0056315 0.0000000 0.0428764 0.1049201 0.0000000 0.0046479 0.0387540 0.0140425
 29 I  29 0.1847312 0.0000000 0.0124684 0.0000000 0.0000000 0.0000000 0.0000000 0.0059467 0.0000000 0.3198112 0.0136231 0.0000000 0.0000000 0.0102096 0.0070323 0.0078842 0.0344904 0.0000000 0.0000000 0.3897604 0.0140425
 30 I  30 0.0350519 0.0352614 0.0160619 0.0259522 0.0000000 0.1374137 0.1800892 0.0061854 0.0135898 0.1612954 0.0311479 0.0515850 0.0000000 0.0225122 0.0212522 0.0059955 0.0265832 0.0000000 0.0359581 0.1800226 0.0140425
 31 V  31 0.0053684 0.0000000 0.0000000 0.0000000 0.0000000 0.0000000 0.0000000 0.0000000 0.0098944 0.2326135 0.0741143 0.0141735 0.0125662 0.0899997 0.0033825 0.0067354 0.0521250 0.0000000 0.0318313 0.4531533 0.0140425
 32 L  32 0.0000000 0.0071361 0.0000000 0.0000000 0.0049350 0.0063545 0.0000000 0.0243038 0.0401269 0.1134869 0.4179849 0.0078842 0.0211666 0.0228577 0.0000000 0.0114722 0.0000000 0.0070323 0.0447134 0.2565032 0.0140425
 33 P  33 0.0154882 0.0352681 0.0000000 0.0000000 0.0000000 0.0140200 0.0149607 0.0194975 0.0138944 0.0000000 0.1652630 0.0702460 0.0076915 0.0240842 0.5016533 0.0427718 0.0354379 0.0000000 0.0000000 0.0158282 0.0238954
 34 V  34 0.0726352 0.0121877 0.0847078 0.0669241 0.0000000 0.0411999 0.2487229 0.0000000 0.0080099 0.0194097 0.0440558 0.0687556 0.0030547 0.0036537 0.1059305 0.0048449 0.0119484 0.0071991 0.0081422 0.1571595 0.0314583
 35 G  35 0.0062835 0.0172643 0.0363418 0.1381840 0.0000000 0.0062775 0.0082489 0.6875880 0.0063545 0.0000000 0.0120711 0.0000000 0.0000000 0.0000000 0.0000000 0.0244481 0.0273334 0.0000000 0.0000000 0.0000000 0.0296049
 36 T  36 0.0925431 0.0093802 0.0306911 0.0546054 0.0233945 0.0070323 0.0151991 0.0100698 0.0097098 0.0000000 0.0045768 0.0000000 0.0384937 0.0149236 0.0000000 0.4166571 0.1787717 0.0000000 0.0190367 0.0376651 0.0372500
 37 I  37 0.0969050 0.0192746 0.0052370 0.0092525 0.0039620 0.0076915 0.0000000 0.0198517 0.0000000 0.0672662 0.0170698 0.0299945 0.1045278 0.0638886 0.3122249 0.0502265 0.0345835 0.0059214 0.0309614 0.0760019 0.0451593
 38 V  38 0.0310027 0.0182432 0.0000000 0.0000000 0.0000000 0.0261422 0.0056315 0.0000000 0.0149236 0.0537626 0.0667085 0.0166761 0.0517059 0.0498051 0.0209866 0.0111840 0.0119148 0.0082489 0.0000000 0.5560055 0.0570587
 39 T  39 0.0256423 0.0000000 0.0000000 0.0000000 0.0000000 0.0000000 0.0000000 0.0124684 0.0038524 0.0565825 0.0273390 0.0000000 0.0000000 0.0000000 0.1821340 0.0456502 0.5902559 0.0000000 0.0062775 0.0067817 0.0430162
 40 M  40 0.1162934 0.0629876 0.0000000 0.0533046 0.0059849 0.0466472 0.0438002 0.0210724 0.0095721 0.0000000 0.0882706 0.0814872 0.1358455 0.0151062 0.1385629 0.0182532 0.1044965 0.0000000 0.0152991 0.0000000 0.0430162
 41 E  41 0.0082489 0.0000000 0.0476091 0.6561350 0.0000000 0.0000000 0.1007956 0.0871661 0.0000000 0.0202202 0.0000000 0.0071991 0.0000000 0.0000000 0.0000000 0.0000000 0.0000000 0.0000000 0.0000000 0.0296097 0.0430162
 42 Y  42 0.0040128 0.0000000 0.0245349 0.0000000 0.0059214 0.0000000 0.0047058 0.0000000 0.0281280 0.0320733 0.1113323 0.0000000 0.0141735 0.4835163 0.0000000 0.0000000 0.0093802 0.0061801 0.2180198 0.0172183 0.0408033
 43 R  43 0.0000000 0.4343843 0.1744200 0.1231620 0.0504633 0.0286650 0.0000000 0.0032611 0.0065309 0.0185429 0.0119945 0.0160170 0.0000000 0.0082489 0.0000000 0.0434555 0.0000000 0.0043305 0.0030778 0.0326430 0.0408033
 44 I  44 0.0584474 0.0075107 0.0097097 0.0285559 0.3178818 0.0048457 0.0519654 0.0106103 0.0000000 0.0323860 0.0187106 0.0149236 0.0167573 0.0468165 0.1863293 0.0593879 0.0610534 0.0000000 0.0229605 0.0040612 0.0470868
 45 D  45 0.0092525 0.0159163 0.2682551 0.3038262 0.0051947 0.0195264 0.0349852 0.0296034 0.0773873 0.0000000 0.0224806 0.0707850 0.0048089 0.0098944 0.0000000 0.0293291 0.0329022 0.0000000 0.0078680 0.0000000 0.0579849
 46 R  46 0.0000000 0.9420151 0.0000000 0.0000000 0.0000000 0.0000000 0.0000000 0.0000000 0.0000000 0.0000000 0.0000000 0.0000000 0.0000000 0.0000000 0.0000000 0.0000000 0.0000000 0.0000000 0.0000000 0.0000000 0.0579849
 47 V  47 0.0000000 0.0000000 0.0000000 0.0000000 0.0000000 0.0000000 0.0000000 0.0000000 0.0000000 0.0234993 0.0000000 0.0000000 0.0000000 0.0000000 0.0000000 0.0000000 0.0000000 0.0000000 0.0000000 0.9185159 0.0579849
 48 R  48 0.0191054 0.5913111 0.0000000 0.0000000 0.0350324 0.0000000 0.0000000 0.0000000 0.0000000 0.0605570 0.0205006 0.0000000 0.0000000 0.0588445 0.0000000 0.0000000 0.0000000 0.0872804 0.0298081 0.0329823 0.0645784
 49 L  49 0.0000000 0.0000000 0.0000000 0.0000000 0.0000000 0.0000000 0.0000000 0.0000000 0.0000000 0.2349778 0.2592892 0.0000000 0.0000000 0.0000000 0.0000000 0.0000000 0.0000000 0.0000000 0.0000000 0.4411547 0.0645784
 50 F  50 0.0153729 0.0109430 0.0000000 0.0149236 0.0000000 0.0000000 0.0000000 0.0000000 0.0125985 0.0400735 0.0438770 0.0000000 0.0059313 0.4646059 0.0159189 0.0075275 0.0000000 0.1417609 0.1156361 0.0528462 0.0579849
 51 V  51 0.0050202 0.0000000 0.0059214 0.0641517 0.0000000 0.0000000 0.0000000 0.0061099 0.0231390 0.0979047 0.0472189 0.0081348 0.0035059 0.0468464 0.0000000 0.0076915 0.0183999 0.0000000 0.0557423 0.5560854 0.0541281
 52 D  52 0.0000000 0.0000000 0.2718244 0.5723504 0.0086160 0.0000000 0.0218260 0.0206105 0.0091246 0.0000000 0.0000000 0.0000000 0.0000000 0.0000000 0.0000000 0.0000000 0.0220524 0.0000000 0.0000000 0.0000000 0.0735956
 53 K  53 0.0933092 0.0329785 0.0227473 0.0964903 0.0157301 0.0254336 0.1416304 0.0308721 0.0000000 0.0417345 0.0413001 0.1082420 0.0000000 0.0072959 0.0735131 0.0994829 0.0053684 0.0063762 0.0000000 0.0084265 0.1490691
 54 L  54 0.0317498 0.0195566 0.2219098 0.1109903 0.0077455 0.0227188 0.0516904 0.0856712 0.0179388 0.0121985 0.1188880 0.0264484 0.0000000 0.0078312 0.0057702 0.0874799 0.0078842 0.0000000 0.0096504 0.0048089 0.1490691
 55 D  55 0.0182525 0.0464330 0.1169861 0.1130863 0.0000000 0.0151990 0.0216146 0.3575489 0.0146335 0.0092525 0.0511233 0.0000000 0.0000000 0.0062663 0.0124684 0.0208649 0.0519918 0.0000000 0.0000000 0.0000000 0.1442790
 56 N  56 0.0146250 0.0317997 0.0625914 0.0110764 0.0000000 0.0081422 0.0000000 0.0053179 0.0000000 0.2945557 0.0475460 0.1283618 0.0000000 0.0157245 0.0401260 0.0040073 0.1288084 0.0000000 0.0121405 0.1271005 0.0680768
 57 V  57 0.0090953 0.0000000 0.0000000 0.0000000 0.0000000 0.0000000 0.0000000 0.0000000 0.0000000 0.0569965 0.0152277 0.0000000 0.0000000 0.0000000 0.0000000 0.0000000 0.0000000 0.0000000 0.0000000 0.8506037 0.0680768
 58 A  58 0.2169564 0.0036427 0.0221554 0.0000000 0.0000000 0.0199772 0.0048457 0.0065309 0.0000000 0.0426712 0.0222714 0.0211505 0.0051243 0.0115326 0.0000000 0.0635592 0.1375225 0.0000000 0.0156228 0.3302257 0.0762116
 59 Q  59 0.0270189 0.2748841 0.0412216 0.0333573 0.0000000 0.1753109 0.0937147 0.0122571 0.0322636 0.0098605 0.0048246 0.0949657 0.0054675 0.0112363 0.0000000 0.0714107 0.0095812 0.0000000 0.0165647 0.0145649 0.0714956
 60 V  60 0.0605048 0.0086160 0.0109836 0.0000000 0.0056022 0.0000000 0.0183200 0.0000000 0.0000000 0.1260451 0.0092297 0.0000000 0.0194625 0.0091372 0.0748936 0.0000000 0.3386272 0.0000000 0.0000000 0.2411412 0.0774368
 61 P  61 0.0081570 0.0000000 0.0000000 0.0000000 0.0000000 0.0000000 0.0000000 0.0000000 0.0000000 0.0000000 0.0000000 0.0000000 0.0000000 0.0000000 0.9052817 0.0091246 0.0000000 0.0000000 0.0000000 0.0000000 0.0774368
 62 R  62 0.0358275 0.1733273 0.0000000 0.0000000 0.0000000 0.0227660 0.0000000 0.0199814 0.0853673 0.0515974 0.0000000 0.1253461 0.0352747 0.0051243 0.0081570 0.0741090 0.1021863 0.0000000 0.0000000 0.1834989 0.0774368
 63 V  63 0.0246237 0.0267608 0.0000000 0.0000000 0.0098944 0.0000000 0.0000000 0.0000000 0.0000000 0.3887953 0.0000000 0.0000000 0.0136721 0.0000000 0.0000000 0.0082519 0.0049585 0.0000000 0.0000000 0.4392744 0.0837690
 64 G  64 0.0000000 0.0000000 0.0000000 0.0000000 0.0000000 0.0000000 0.0000000 0.8268031 0.0000000 0.0000000 0.0000000 0.0000000 0.0000000 0.0000000 0.0000000 0.0000000 0.0000000 0.0000000 0.0000000 0.0000000 0.1731969
