   64         A         R         N         D         C         Q         E         G         H         I         L         K         M         F         P         S         T         W         Y         V    
  1 M   1 0.0000000 0.0000000 0.0000000 0.0000000 0.0000000 0.0000000 0.0000000 0.0000000 0.0000000 0.0781103 0.2873763 0.0000000 0.2590397 0.0000000 0.0000000 0.0000000 0.2250061 0.0000000 0.0000000 0.1504676
  2 K   2 0.0000000 0.0857118 0.0000000 0.0000000 0.0000000 0.0338009 0.0000000 0.0000000 0.0000000 0.0000000 0.0000000 0.8804873 0.0000000 0.0000000 0.0000000 0.0000000 0.0000000 0.0000000 0.0000000 0.0000000
  3 T   3 0.0093361 0.0448420 0.0470415 0.0301116 0.0000000 0.1432638 0.0225359 0.0000000 0.0000000 0.0000000 0.0202513 0.0274425 0.0176580 0.0037352 0.0000000 0.2666264 0.3190949 0.0000000 0.0099720 0.0380889
  4 E   4 0.0650901 0.0446773 0.0295585 0.0108977 0.0074026 0.0111422 0.1123130 0.0000000 0.0083135 0.0000000 0.0000000 0.0071993 0.0053740 0.0063082 0.0104715 0.6070211 0.0742309 0.0000000 0.0000000 0.0000000
  5 W   5 0.0000000 0.0000000 0.0000000 0.0000000 0.0000000 0.0000000 0.0000000 0.0000000 0.0000000 0.0000000 0.0000000 0.0000000 0.0000000 0.0201169 0.0000000 0.0000000 0.0000000 0.9798831 0.0000000 0.0000000
  6 P   6 0.0157873 0.0000000 0.0000000 0.0000000 0.0000000 0.0000000 0.0000000 0.0000000 0.0000000 0.0000000 0.0000000 0.0168396 0.0000000 0.0000000 0.9445215 0.0228516 0.0000000 0.0000000 0.0000000 0.0000000
  7 E   7 0.0000000 0.0000000 0.0096161 0.0462604 0.0000000 0.0194628 0.9075711 0.0107071 0.0063826 0.0000000 0.0000000 0.0000000 0.0000000 0.0000000 0.0000000 0.0000000 0.0000000 0.0000000 0.0000000 0.0000000
  8 L   8 0.0102231 0.0000000 0.0000000 0.0000000 0.0368629 0.0000000 0.0000000 0.0000000 0.0000000 0.0095846 0.6940233 0.0000000 0.0340506 0.0069241 0.0000000 0.0000000 0.0000000 0.0000000 0.0000000 0.2083314
  9 V   9 0.0251568 0.0049934 0.0101933 0.0000000 0.0053179 0.0077762 0.0042540 0.0000000 0.0000000 0.0651203 0.0974393 0.0414430 0.0000000 0.0000000 0.0000000 0.0000000 0.0192484 0.0000000 0.0000000 0.7190575
 10 G  10 0.0000000 0.0061467 0.0000000 0.0000000 0.0062582 0.0000000 0.0000000 0.9719871 0.0000000 0.0000000 0.0000000 0.0000000 0.0000000 0.0000000 0.0000000 0.0156080 0.0000000 0.0000000 0.0000000 0.0000000
 11 K  11 0.0620489 0.0297923 0.0053005 0.0000000 0.0141473 0.0000000 0.0442407 0.0000000 0.0000000 0.0273572 0.0944631 0.2078891 0.0693451 0.0095846 0.0000000 0.0336658 0.0843858 0.0810274 0.0000000 0.2367520
 12 S  12 0.0091016 0.0326945 0.1161500 0.0995575 0.0107341 0.0376515 0.0230999 0.0063617 0.0351200 0.0000000 0.0180550 0.0431606 0.0145101 0.0074746 0.1635448 0.1750062 0.1672839 0.0000000 0.0144534 0.0260406
 13 V  13 0.2928210 0.0127745 0.0000000 0.0000000 0.0163595 0.0137788 0.0185453 0.2968775 0.0000000 0.0700076 0.0104048 0.0040649 0.0449478 0.0187866 0.0000000 0.0089475 0.0428525 0.0000000 0.0391114 0.1097202
 14 E  14 0.0199422 0.0277162 0.0080739 0.1047989 0.0000000 0.0249664 0.3686392 0.0080195 0.0127745 0.0052551 0.0809248 0.1046477 0.0176765 0.0281017 0.0088946 0.0244918 0.0848648 0.0000000 0.0083068 0.0619054
 15 E  15 0.0882881 0.0000000 0.0260406 0.0680426 0.0037927 0.0614736 0.3486789 0.0000000 0.0175091 0.0109343 0.0800342 0.0448727 0.0047162 0.0128488 0.0222800 0.0078818 0.0246488 0.0000000 0.0654424 0.1125153
 16 A  16 0.9457704 0.0000000 0.0000000 0.0000000 0.0115527 0.0000000 0.0000000 0.0163595 0.0000000 0.0000000 0.0000000 0.0000000 0.0000000 0.0000000 0.0000000 0.0000000 0.0000000 0.0000000 0.0000000 0.0263174
 17 K  17 0.1986591 0.0673633 0.0000000 0.0000000 0.0000000 0.0000000 0.0905107 0.0120683 0.0000000 0.0291819 0.0000000 0.3699770 0.0414552 0.0000000 0.0000000 0.0120830 0.0260271 0.0000000 0.0137788 0.1388956
 18 K  18 0.2143946 0.0655686 0.0165171 0.0240818 0.0000000 0.0531042 0.1820816 0.0382418 0.0087802 0.0096769 0.0293312 0.1446634 0.0297507 0.0423774 0.0265064 0.0182837 0.0802053 0.0000000 0.0000000 0.0164352
 19 V  19 0.0372266 0.0219602 0.0000000 0.0000000 0.0000000 0.0566333 0.0000000 0.0000000 0.0057503 0.2572321 0.0259571 0.1775229 0.0167845 0.0000000 0.0000000 0.0307819 0.1776422 0.0115527 0.0200511 0.1609050
 20 I  20 0.0000000 0.0000000 0.0000000 0.0000000 0.0000000 0.0000000 0.0000000 0.0000000 0.0000000 0.9346635 0.0156519 0.0000000 0.0000000 0.0255659 0.0000000 0.0000000 0.0000000 0.0000000 0.0000000 0.0241186
 21 L  21 0.0219865 0.0121616 0.0359048 0.0173485 0.0000000 0.0678065 0.2829013 0.0106127 0.0150253 0.0134046 0.1845446 0.2278510 0.0307733 0.0000000 0.0000000 0.0182943 0.0419288 0.0120683 0.0000000 0.0073880
 22 Q  22 0.0824940 0.2166733 0.0129516 0.0350080 0.0033048 0.0531568 0.1004447 0.0443444 0.0561461 0.0071435 0.0200511 0.2179521 0.0000000 0.0120683 0.0000000 0.0974697 0.0407915 0.0000000 0.0000000 0.0000000
 23 D  23 0.0168549 0.0000000 0.0000000 0.4043612 0.0000000 0.0215775 0.5272354 0.0000000 0.0201352 0.0000000 0.0000000 0.0000000 0.0000000 0.0000000 0.0000000 0.0098358 0.0000000 0.0000000 0.0000000 0.0000000
 24 K  24 0.0000000 0.2768344 0.3821155 0.0218670 0.0200728 0.0000000 0.0000000 0.0053901 0.0000000 0.0039545 0.0075297 0.1197014 0.0924340 0.0000000 0.0000000 0.0000000 0.0156735 0.0000000 0.0544270 0.0000000
 25 P  25 0.0352319 0.0286254 0.0087534 0.0048614 0.0000000 0.0224379 0.0273603 0.0043584 0.0083261 0.0000000 0.0429251 0.0084477 0.0067410 0.0000000 0.6867103 0.0821324 0.0285861 0.0000000 0.0000000 0.0045028
 26 E  26 0.0109634 0.0446226 0.1050720 0.3362275 0.0029029 0.0339718 0.0764534 0.1224409 0.0175316 0.0151234 0.0714663 0.0673432 0.0000000 0.0042917 0.0000000 0.0540634 0.0092592 0.0000000 0.0282667 0.0000000
 27 A  27 0.1752593 0.0075297 0.0000000 0.0000000 0.0189102 0.0000000 0.0000000 0.0195144 0.0000000 0.0599971 0.1457308 0.0000000 0.0053900 0.0061916 0.0000000 0.0128281 0.0000000 0.0000000 0.0201352 0.5285136
 28 Q  28 0.0411255 0.0868126 0.1464280 0.1600597 0.0000000 0.0842570 0.0787627 0.0069566 0.0474218 0.0236549 0.0187215 0.0902586 0.0102345 0.0059188 0.0000000 0.0403169 0.1148937 0.0000000 0.0051618 0.0390153
 29 I  29 0.2045446 0.0000000 0.0137942 0.0000000 0.0000000 0.0000000 0.0000000 0.0066150 0.0000000 0.3216591 0.0153181 0.0000000 0.0000000 0.0113691 0.0074113 0.0083161 0.0254636 0.0000000 0.0000000 0.3855090
 30 I  30 0.0324725 0.0384819 0.0179585 0.0212769 0.0000000 0.1425130 0.1670150 0.0068954 0.0148015 0.1718260 0.0351239 0.0507956 0.0000000 0.0239815 0.0227430 0.0063858 0.0239153 0.0000000 0.0417717 0.1820426
 31 V  31 0.0050948 0.0000000 0.0000000 0.0000000 0.0000000 0.0000000 0.0000000 0.0000000 0.0109186 0.2344599 0.0833143 0.0168033 0.0138505 0.1005583 0.0037252 0.0075252 0.0257434 0.0000000 0.0336456 0.4643610
 32 L  32 0.0000000 0.0079337 0.0000000 0.0000000 0.0054329 0.0071080 0.0000000 0.0261626 0.0443067 0.1267975 0.3752923 0.0083161 0.0234211 0.0249419 0.0000000 0.0119016 0.0000000 0.0074113 0.0495049 0.2814692
 33 P  33 0.0173364 0.0382188 0.0000000 0.0000000 0.0000000 0.0142022 0.0167716 0.0201644 0.0151652 0.0000000 0.1403777 0.0787167 0.0085170 0.0265169 0.5183693 0.0473315 0.0406077 0.0000000 0.0000000 0.0177046
 34 V  34 0.0687926 0.0133613 0.0571671 0.0746989 0.0000000 0.0466699 0.2671642 0.0000000 0.0088094 0.0216755 0.0470474 0.0780831 0.0033723 0.0041079 0.1146736 0.0050889 0.0127489 0.0081304 0.0090373 0.1593714
 35 G  35 0.0043655 0.0181663 0.0393828 0.1534578 0.0000000 0.0070981 0.0091447 0.6916708 0.0071337 0.0000000 0.0134149 0.0000000 0.0000000 0.0000000 0.0000000 0.0271931 0.0289724 0.0000000 0.0000000 0.0000000
 36 T  36 0.1049538 0.0098416 0.0342021 0.0616523 0.0258910 0.0074543 0.0169250 0.0104606 0.0103783 0.0000000 0.0051595 0.0000000 0.0406107 0.0164729 0.0000000 0.3999632 0.1926201 0.0000000 0.0211594 0.0422554
 37 I  37 0.0726663 0.0209961 0.0042287 0.0102758 0.0044867 0.0085528 0.0000000 0.0212449 0.0000000 0.0671671 0.0192535 0.0314251 0.1187532 0.0719768 0.3251119 0.0571058 0.0385283 0.0065705 0.0349836 0.0866726
 38 V  38 0.0338412 0.0204482 0.0000000 0.0000000 0.0000000 0.0303788 0.0060120 0.0000000 0.0166358 0.0534537 0.0735018 0.0180938 0.0580093 0.0225154 0.0222322 0.0129903 0.0131344 0.0092553 0.0000000 0.6094978
 39 T  39 0.0156031 0.0000000 0.0000000 0.0000000 0.0000000 0.0000000 0.0000000 0.0139523 0.0041668 0.0610376 0.0305868 0.0000000 0.0000000 0.0000000 0.2037682 0.0496934 0.6063966 0.0000000 0.0071535 0.0076417
 40 M  40 0.1305205 0.0689859 0.0000000 0.0264209 0.0062434 0.0479114 0.0486862 0.0239652 0.0107718 0.0000000 0.1020366 0.0826986 0.1466712 0.0169714 0.1402542 0.0203672 0.1169924 0.0000000 0.0105030 0.0000000
 41 E  41 0.0092162 0.0000000 0.0541341 0.6790042 0.0000000 0.0000000 0.1083759 0.0878280 0.0000000 0.0228282 0.0000000 0.0081321 0.0000000 0.0000000 0.0000000 0.0000000 0.0000000 0.0000000 0.0000000 0.0304813
 42 Y  42 0.0044746 0.0000000 0.0275275 0.0000000 0.0065089 0.0000000 0.0053485 0.0000000 0.0314998 0.0301235 0.0927809 0.0000000 0.0168810 0.5192912 0.0000000 0.0000000 0.0098300 0.0068503 0.2298327 0.0190512
 43 R  43 0.0000000 0.4438833 0.1890239 0.1222751 0.0564334 0.0306590 0.0000000 0.0034629 0.0071846 0.0200921 0.0121590 0.0167136 0.0000000 0.0091539 0.0000000 0.0446631 0.0000000 0.0047926 0.0034436 0.0360601
 44 I  44 0.0656841 0.0081426 0.0109535 0.0204489 0.3422246 0.0054463 0.0582667 0.0119481 0.0000000 0.0361535 0.0196850 0.0165258 0.0178775 0.0475268 0.2050264 0.0328349 0.0698394 0.0000000 0.0272250 0.0041909
 45 D  45 0.0102577 0.0163014 0.3015615 0.3320621 0.0058886 0.0212083 0.0388333 0.0333916 0.0435912 0.0000000 0.0235834 0.0776942 0.0053899 0.0110535 0.0000000 0.0335300 0.0368267 0.0000000 0.0088263 0.0000000
 46 R  46 0.0000000 1.0000000 0.0000000 0.0000000 0.0000000 0.0000000 0.0000000 0.0000000 0.0000000 0.0000000 0.0000000 0.0000000 0.0000000 0.0000000 0.0000000 0.0000000 0.0000000 0.0000000 0.0000000 0.0000000
 47 V  47 0.0000000 0.0000000 0.0000000 0.0000000 0.0000000 0.0000000 0.0000000 0.0000000 0.0000000 0.0289173 0.0000000 0.0000000 0.0000000 0.0000000 0.0000000 0.0000000 0.0000000 0.0000000 0.0000000 0.9710827
 48 R  48 0.0203110 0.6246290 0.0000000 0.0000000 0.0405566 0.0000000 0.0000000 0.0000000 0.0000000 0.0679850 0.0232458 0.0000000 0.0000000 0.0672317 0.0000000 0.0000000 0.0000000 0.0978219 0.0218914 0.0363276
 49 L  49 0.0000000 0.0000000 0.0000000 0.0000000 0.0000000 0.0000000 0.0000000 0.0000000 0.0000000 0.2661149 0.2443327 0.0000000 0.0000000 0.0000000 0.0000000 0.0000000 0.0000000 0.0000000 0.0000000 0.4895524
 50 F  50 0.0179758 0.0120824 0.0000000 0.0165802 0.0000000 0.0000000 0.0000000 0.0000000 0.0141899 0.0431778 0.0507982 0.0000000 0.0068248 0.4653264 0.0179792 0.0075754 0.0000000 0.1597232 0.1291681 0.0585986
 51 V  51 0.0055975 0.0000000 0.0065466 0.0349860 0.0000000 0.0000000 0.0000000 0.0067932 0.0257362 0.1089923 0.0413706 0.0078661 0.0039264 0.0524464 0.0000000 0.0085216 0.0205375 0.0000000 0.0624186 0.6142612
 52 D  52 0.0000000 0.0000000 0.2765189 0.6283302 0.0099527 0.0000000 0.0244730 0.0234661 0.0115102 0.0000000 0.0000000 0.0000000 0.0000000 0.0000000 0.0000000 0.0000000 0.0257489 0.0000000 0.0000000 0.0000000
 53 K  53 0.1145727 0.0324014 0.0283788 0.1174564 0.0194730 0.0318379 0.1594263 0.0383878 0.0000000 0.0509897 0.0154056 0.1390355 0.0000000 0.0090779 0.0959430 0.1231999 0.0057608 0.0079700 0.0000000 0.0106833
 54 L  54 0.0427133 0.0247689 0.2607487 0.1309951 0.0094261 0.0271209 0.0648139 0.1065696 0.0222361 0.0152525 0.1119265 0.0328478 0.0000000 0.0098403 0.0054489 0.1077339 0.0094031 0.0000000 0.0121341 0.0060201
 55 D  55 0.0222578 0.0579658 0.1424919 0.1067347 0.0000000 0.0184099 0.0262490 0.4268173 0.0169906 0.0113921 0.0519943 0.0000000 0.0000000 0.0075707 0.0155089 0.0260260 0.0695911 0.0000000 0.0000000 0.0000000
 56 N  56 0.0164684 0.0357665 0.0732980 0.0115047 0.0000000 0.0091372 0.0000000 0.0061775 0.0000000 0.2904647 0.0530719 0.1414731 0.0000000 0.0176281 0.0457435 0.0042712 0.1458021 0.0000000 0.0144143 0.1347790
 57 V  57 0.0109236 0.0000000 0.0000000 0.0000000 0.0000000 0.0000000 0.0000000 0.0000000 0.0000000 0.0647571 0.0171362 0.0000000 0.0000000 0.0000000 0.0000000 0.0000000 0.0000000 0.0000000 0.0000000 0.9071831
 58 A  58 0.2485432 0.0042552 0.0252967 0.0000000 0.0000000 0.0226349 0.0055629 0.0073706 0.0000000 0.0483460 0.0248871 0.0236732 0.0058119 0.0133377 0.0000000 0.0700216 0.1537870 0.0000000 0.0181847 0.3282874
 59 Q  59 0.0306685 0.2996230 0.0492357 0.0369090 0.0000000 0.1978117 0.0989323 0.0131623 0.0031753 0.0112479 0.0055033 0.1079318 0.0062683 0.0125300 0.0000000 0.0805240 0.0109276 0.0000000 0.0189946 0.0165544
 60 V  60 0.0700104 0.0099471 0.0125985 0.0000000 0.0059396 0.0000000 0.0213806 0.0000000 0.0000000 0.1405318 0.0105595 0.0000000 0.0223281 0.0105288 0.0878036 0.0000000 0.3333902 0.0000000 0.0000000 0.2749817
 61 P  61 0.0098546 0.0000000 0.0000000 0.0000000 0.0000000 0.0000000 0.0000000 0.0000000 0.0000000 0.0000000 0.0000000 0.0000000 0.0000000 0.0000000 0.9786417 0.0115037 0.0000000 0.0000000 0.0000000 0.0000000
 62 R  62 0.0409423 0.1908279 0.0000000 0.0000000 0.0000000 0.0261625 0.0000000 0.0211799 0.0985804 0.0581909 0.0000000 0.1095097 0.0395739 0.0058183 0.0098546 0.0849814 0.1174085 0.0000000 0.0000000 0.1969696
 63 V  63 0.0275928 0.0308935 0.0000000 0.0000000 0.0113445 0.0000000 0.0000000 0.0000000 0.0000000 0.4423345 0.0000000 0.0000000 0.0156651 0.0000000 0.0000000 0.0095908 0.0058749 0.0000000 0.0000000 0.4567040
 64 G  64 0.0000000 0.0000000 0.0000000 0.0000000 0.0000000 0.0000000 0.0000000 1.0000000 0.0000000 0.0000000 0.0000000 0.0000000 0.0000000 0.0000000 0.0000000 0.0000000 0.0000000 0.0000000 0.0000000 0.0000000
