   89         A         R         N         D         C         Q         E         G         H         I         L         K         M         F         P         S         T         W         Y         V         X    
  1 A   1 0.3751919 0.0000000 0.0000000 0.0000000 0.0000000 0.0000000 0.0000000 0.0000000 0.0000000 0.0000000 0.0000000 0.0000000 0.0000000 0.0000000 0.0000000 0.0000000 0.0000000 0.0000000 0.0000000 0.0000000 0.6248081
  2 D   2 0.0458268 0.0000000 0.0769222 0.0890904 0.0000000 0.0000000 0.0230529 0.0000000 0.0000000 0.0000000 0.0000000 0.0502675 0.0306624 0.0490137 0.0000000 0.1170027 0.0608620 0.0000000 0.0000000 0.0000000 0.4572994
  3 A   3 0.2479654 0.0000000 0.0000000 0.0000000 0.0000000 0.0458268 0.0000000 0.0878634 0.0000000 0.0000000 0.0000000 0.0552616 0.0000000 0.0000000 0.0000000 0.0608620 0.1190958 0.0000000 0.0000000 0.0517778 0.3313472
  4 Q   4 0.3058589 0.0000000 0.0284817 0.0000000 0.0000000 0.1058954 0.0306624 0.0458268 0.0770474 0.0000000 0.0000000 0.0000000 0.0000000 0.0000000 0.0000000 0.0743072 0.0816311 0.0000000 0.0000000 0.0000000 0.2502891
  5 K   5 0.1336902 0.0754052 0.0000000 0.1272696 0.0000000 0.0952417 0.0251444 0.0000000 0.0419890 0.0000000 0.0000000 0.1589270 0.0000000 0.0608620 0.0000000 0.0000000 0.0490137 0.0000000 0.0000000 0.0000000 0.2324572
  6 A   6 0.3415823 0.0000000 0.0277191 0.0000000 0.0000000 0.0305769 0.0552616 0.0000000 0.0636721 0.0000000 0.0765745 0.0904916 0.0000000 0.0000000 0.0000000 0.0508319 0.0502675 0.0000000 0.0000000 0.0458268 0.1671955
  7 A   7 0.5706991 0.0000000 0.0000000 0.0502675 0.0000000 0.0000000 0.0000000 0.0000000 0.0000000 0.0000000 0.0000000 0.1316994 0.0000000 0.0000000 0.0000000 0.0000000 0.0801385 0.0000000 0.0000000 0.0000000 0.1671955
  8 D   8 0.0346848 0.0000000 0.0306624 0.2453060 0.0000000 0.0769222 0.1446653 0.0000000 0.0000000 0.0000000 0.0552616 0.0998455 0.0502675 0.0000000 0.0000000 0.0343271 0.0608620 0.0000000 0.0000000 0.0000000 0.1671955
  9 N   9 0.1614728 0.0000000 0.0747136 0.1433022 0.0000000 0.0410780 0.0000000 0.0000000 0.0429651 0.0000000 0.0000000 0.0000000 0.0000000 0.0000000 0.0000000 0.1425064 0.2267664 0.0000000 0.0000000 0.0000000 0.1671955
 10 K  10 0.0220243 0.0000000 0.0000000 0.0000000 0.0000000 0.0881775 0.0508319 0.0000000 0.0000000 0.0490137 0.0000000 0.4436711 0.0000000 0.0000000 0.0346848 0.0552616 0.0695001 0.0000000 0.0000000 0.0517778 0.1350573
 11 K  11 0.0000000 0.0000000 0.0457753 0.0000000 0.0000000 0.0000000 0.0000000 0.0000000 0.0000000 0.0410780 0.0000000 0.6264661 0.0000000 0.0000000 0.0000000 0.0490137 0.0517778 0.0000000 0.0000000 0.0508319 0.1350573
 12 P  12 0.0000000 0.0000000 0.0000000 0.0000000 0.0000000 0.0000000 0.0000000 0.0346848 0.0000000 0.0000000 0.0000000 0.0502675 0.0000000 0.0000000 0.6781224 0.0000000 0.1376852 0.0000000 0.0000000 0.0000000 0.0992401
 13 V  13 0.0000000 0.0000000 0.0000000 0.0343271 0.0000000 0.0000000 0.0000000 0.0000000 0.0000000 0.0251444 0.1347874 0.0000000 0.0307992 0.0000000 0.0919099 0.0457753 0.0517778 0.0000000 0.0346848 0.4514036 0.0993904
 14 N  14 0.1207541 0.0000000 0.1979412 0.0000000 0.0000000 0.0293450 0.0552616 0.0000000 0.0000000 0.0000000 0.0000000 0.0686637 0.0000000 0.0000000 0.0307992 0.3175349 0.0000000 0.0000000 0.0346848 0.0946386 0.0503767
 15 S  15 0.0000000 0.0000000 0.0399801 0.0000000 0.0000000 0.1539618 0.0809299 0.0508319 0.0457753 0.0000000 0.0878634 0.3396323 0.0000000 0.0000000 0.0000000 0.0988708 0.0000000 0.0000000 0.0000000 0.0000000 0.1021545
 16 W  16 0.0000000 0.0000000 0.0000000 0.0000000 0.0000000 0.0000000 0.0000000 0.0000000 0.0000000 0.0000000 0.0502675 0.0000000 0.3231805 0.0000000 0.0000000 0.0000000 0.0488633 0.5224270 0.0000000 0.0552616 0.0000000
 17 T  17 0.0000000 0.0000000 0.0000000 0.0000000 0.0000000 0.0307992 0.0000000 0.0000000 0.0000000 0.0000000 0.0570641 0.0561265 0.0000000 0.0000000 0.0000000 0.0966072 0.7103893 0.0000000 0.0000000 0.0490137 0.0000000
 18 C  18 0.0000000 0.0000000 0.0000000 0.0000000 1.0000000 0.0000000 0.0000000 0.0000000 0.0000000 0.0000000 0.0000000 0.0000000 0.0000000 0.0000000 0.0000000 0.0000000 0.0000000 0.0000000 0.0000000 0.0000000 0.0000000
 19 E  19 0.0900917 0.0000000 0.0000000 0.0000000 0.0000000 0.1624389 0.5603660 0.0000000 0.0000000 0.0000000 0.0000000 0.0503767 0.0000000 0.0000000 0.0000000 0.1367267 0.0000000 0.0000000 0.0000000 0.0000000 0.0000000
 20 D  20 0.0000000 0.0000000 0.0000000 0.6182205 0.0000000 0.0000000 0.3817795 0.0000000 0.0000000 0.0000000 0.0000000 0.0000000 0.0000000 0.0000000 0.0000000 0.0000000 0.0000000 0.0000000 0.0000000 0.0000000 0.0000000
 21 F  21 0.0000000 0.0000000 0.0000000 0.0000000 0.0000000 0.0000000 0.0000000 0.0000000 0.0000000 0.0000000 0.0000000 0.0000000 0.0000000 0.8632733 0.0000000 0.0000000 0.0000000 0.0000000 0.1367267 0.0000000 0.0000000
 22 L  22 0.0000000 0.0000000 0.1055292 0.0000000 0.0000000 0.0000000 0.0490137 0.0000000 0.0000000 0.0508319 0.7046839 0.0000000 0.0000000 0.0000000 0.0000000 0.0000000 0.0000000 0.0000000 0.0000000 0.0899414 0.0000000
 23 A  23 0.3599641 0.0000000 0.0517778 0.1358934 0.0000000 0.0718773 0.0293450 0.1887196 0.0000000 0.0000000 0.0000000 0.0000000 0.0251444 0.0000000 0.0000000 0.0000000 0.0811519 0.0000000 0.0000000 0.0561265 0.0000000
 24 V  24 0.0000000 0.0000000 0.0000000 0.0000000 0.0000000 0.0000000 0.0000000 0.0000000 0.0000000 0.1088132 0.4842238 0.0000000 0.1006411 0.0552616 0.0000000 0.0000000 0.0000000 0.0000000 0.0000000 0.2510603 0.0000000
 25 D  25 0.0000000 0.0000000 0.2372878 0.5807793 0.0000000 0.0000000 0.1819328 0.0000000 0.0000000 0.0000000 0.0000000 0.0000000 0.0000000 0.0000000 0.0000000 0.0000000 0.0000000 0.0000000 0.0000000 0.0000000 0.0000000
 26 E  26 0.0230529 0.0000000 0.0000000 0.3354101 0.0000000 0.0000000 0.3569684 0.0000000 0.0000000 0.0000000 0.0000000 0.0000000 0.0000000 0.0000000 0.1012086 0.1375847 0.0457753 0.0000000 0.0000000 0.0000000 0.0000000
 27 S  27 0.1121160 0.0000000 0.1119333 0.0699840 0.0000000 0.1593223 0.0000000 0.0000000 0.0000000 0.0000000 0.0000000 0.1021545 0.0000000 0.0000000 0.0000000 0.2602479 0.1842421 0.0000000 0.0000000 0.0000000 0.0000000
 28 F  28 0.0457753 0.0000000 0.0000000 0.0000000 0.0000000 0.0000000 0.0000000 0.0000000 0.0000000 0.0488633 0.0000000 0.0000000 0.0000000 0.5744199 0.0000000 0.1021545 0.0508319 0.0000000 0.1779551 0.0000000 0.0000000
 29 Q  29 0.0000000 0.0601442 0.0000000 0.0000000 0.0000000 0.3303887 0.0000000 0.0000000 0.0000000 0.0000000 0.0000000 0.3291391 0.0508319 0.0503767 0.0000000 0.0000000 0.0000000 0.0000000 0.1791194 0.0000000 0.0000000
 30 P  30 0.0508319 0.0000000 0.0000000 0.0000000 0.0000000 0.0000000 0.0000000 0.0000000 0.0000000 0.0000000 0.0000000 0.0000000 0.0000000 0.0000000 0.8012383 0.0517778 0.0961520 0.0000000 0.0000000 0.0000000 0.0000000
 31 T  31 0.0900917 0.0000000 0.0321382 0.0000000 0.0000000 0.0000000 0.0343271 0.0000000 0.0000000 0.0000000 0.0000000 0.2152135 0.0000000 0.0000000 0.1987617 0.0000000 0.3986686 0.0000000 0.0000000 0.0307992 0.0000000
 32 A  32 0.4179465 0.0000000 0.0000000 0.0000000 0.0000000 0.0000000 0.0000000 0.0000000 0.0000000 0.0517778 0.0410780 0.0000000 0.0000000 0.0488633 0.0000000 0.0000000 0.0000000 0.0000000 0.0000000 0.4403344 0.0000000
 33 V  33 0.0508319 0.0000000 0.0000000 0.0000000 0.0000000 0.0000000 0.0000000 0.0000000 0.0000000 0.2429650 0.0878634 0.0000000 0.0000000 0.0000000 0.0000000 0.0000000 0.0000000 0.0000000 0.0000000 0.6183398 0.0000000
 34 G  34 0.0552616 0.0000000 0.0000000 0.0000000 0.0000000 0.0000000 0.0000000 0.4294678 0.0000000 0.0000000 0.0000000 0.0000000 0.0000000 0.1483850 0.0000000 0.0343271 0.0000000 0.0000000 0.3325585 0.0000000 0.0000000
 35 F  35 0.0966792 0.0000000 0.0000000 0.0000000 0.0000000 0.0000000 0.0000000 0.0000000 0.0000000 0.0000000 0.0000000 0.0000000 0.0000000 0.3182853 0.0000000 0.0000000 0.0000000 0.4939714 0.0669069 0.0241572 0.0000000
 36 A  36 0.6165152 0.0000000 0.0000000 0.0000000 0.0000000 0.0000000 0.0000000 0.0306624 0.0000000 0.0517778 0.0000000 0.0000000 0.0000000 0.0000000 0.0000000 0.0627151 0.0000000 0.0000000 0.0000000 0.2383295 0.0000000
 37 E  37 0.0963397 0.0000000 0.0000000 0.0000000 0.0000000 0.0000000 0.4460233 0.0000000 0.0000000 0.0000000 0.1529864 0.0000000 0.0000000 0.0000000 0.0000000 0.0763522 0.0948404 0.0000000 0.0000000 0.1334580 0.0000000
 38 A  38 0.3374451 0.0000000 0.1987617 0.0000000 0.0000000 0.0000000 0.0000000 0.3364516 0.0000000 0.0966792 0.0306624 0.0000000 0.0000000 0.0000000 0.0000000 0.0000000 0.0000000 0.0000000 0.0000000 0.0000000 0.0000000
 39 L  39 0.0000000 0.0000000 0.0000000 0.0503767 0.0000000 0.0305769 0.0508319 0.0000000 0.0488633 0.0656971 0.2474268 0.0976046 0.0000000 0.0849523 0.0000000 0.0000000 0.0000000 0.0000000 0.0895888 0.2340816 0.0000000
 40 N  40 0.0000000 0.0000000 0.3781319 0.2888534 0.0000000 0.0000000 0.0458268 0.0305769 0.0000000 0.0000000 0.0000000 0.0552616 0.0000000 0.0000000 0.0000000 0.0000000 0.2013493 0.0000000 0.0000000 0.0000000 0.0000000
 41 N  41 0.0343271 0.1043452 0.0873215 0.0000000 0.0000000 0.2008042 0.0508319 0.0000000 0.0000000 0.0000000 0.0000000 0.3291110 0.0000000 0.0000000 0.0457753 0.0453294 0.1021545 0.0000000 0.0000000 0.0000000 0.0000000
 42 K  42 0.0343271 0.0000000 0.0457753 0.1026097 0.0000000 0.0503767 0.0000000 0.1347019 0.0000000 0.0000000 0.0900917 0.4962908 0.0000000 0.0000000 0.0458268 0.0000000 0.0000000 0.0000000 0.0000000 0.0000000 0.0000000
 43 D  43 0.0458268 0.0000000 0.0000000 0.2589614 0.0000000 0.0552616 0.0000000 0.4548255 0.0321382 0.0000000 0.0000000 0.0000000 0.0000000 0.1026097 0.0000000 0.0000000 0.0000000 0.0000000 0.0503767 0.0000000 0.0000000
 44 K  44 0.0000000 0.0458268 0.0000000 0.0000000 0.0000000 0.0779135 0.0620463 0.0000000 0.0000000 0.0000000 0.0000000 0.6723440 0.0000000 0.0000000 0.0000000 0.0517778 0.0000000 0.0000000 0.0000000 0.0900917 0.0000000
 45 P  45 0.0000000 0.0490137 0.0000000 0.0000000 0.0000000 0.0000000 0.0502675 0.1483850 0.0000000 0.0185285 0.0000000 0.1545017 0.0000000 0.0000000 0.3749231 0.0000000 0.0410780 0.0000000 0.0000000 0.1633026 0.0000000
 46 E  46 0.0000000 0.0000000 0.0457753 0.0346848 0.0000000 0.0000000 0.5088083 0.1940644 0.0000000 0.0000000 0.0000000 0.0277191 0.0000000 0.0000000 0.0552616 0.0000000 0.0000000 0.0000000 0.0000000 0.0572826 0.0764037
 47 D  47 0.0690120 0.0000000 0.0000000 0.6798121 0.0000000 0.0000000 0.0000000 0.0000000 0.0000000 0.0000000 0.0000000 0.0000000 0.0000000 0.0000000 0.0000000 0.0000000 0.1206686 0.0000000 0.0000000 0.0000000 0.1305073
 48 A  48 0.4193112 0.0000000 0.0000000 0.1255882 0.0000000 0.0000000 0.0754052 0.0305769 0.0000000 0.0000000 0.0000000 0.0000000 0.0000000 0.0000000 0.0860064 0.0000000 0.0000000 0.0000000 0.1529864 0.0284817 0.0816440
 49 V  49 0.0343271 0.0000000 0.0000000 0.0000000 0.0000000 0.0490137 0.0000000 0.0000000 0.0000000 0.0211722 0.0000000 0.0000000 0.0346848 0.0305769 0.0000000 0.0000000 0.1270844 0.0000000 0.0000000 0.6214968 0.0816440
 50 L  50 0.0000000 0.0000000 0.0000000 0.1987617 0.0000000 0.0000000 0.0000000 0.0000000 0.0000000 0.1545428 0.2202058 0.0000000 0.0951712 0.0488633 0.0000000 0.0000000 0.0410780 0.0000000 0.0000000 0.1597331 0.0816440
 51 D  51 0.0000000 0.0000000 0.0444664 0.5361728 0.0000000 0.0000000 0.0946386 0.0000000 0.0000000 0.0000000 0.0000000 0.0000000 0.0000000 0.0503767 0.0000000 0.0000000 0.0490137 0.0517778 0.0508319 0.0410780 0.0816440
 52 V  52 0.0000000 0.0457753 0.0508319 0.0000000 0.0000000 0.0000000 0.0810015 0.0000000 0.1021545 0.2265134 0.0293450 0.0000000 0.0000000 0.0000000 0.0000000 0.0000000 0.0000000 0.0000000 0.0000000 0.3827343 0.0816440
 53 Q  53 0.0552616 0.0000000 0.0000000 0.2377168 0.0000000 0.1624863 0.3057538 0.0000000 0.0000000 0.0000000 0.0000000 0.0399801 0.0000000 0.0000000 0.0000000 0.0850192 0.0321382 0.0000000 0.0000000 0.0000000 0.0816440
 54 G  54 0.0488633 0.0000000 0.0000000 0.0000000 0.0000000 0.0000000 0.0000000 0.5806393 0.0000000 0.0457753 0.0000000 0.0000000 0.0000000 0.0000000 0.0000000 0.0000000 0.2430781 0.0000000 0.0000000 0.0000000 0.0816440
 55 I  55 0.1117288 0.0000000 0.0000000 0.0961520 0.0000000 0.0000000 0.0517778 0.0000000 0.0000000 0.4590092 0.0000000 0.0000000 0.0410780 0.0000000 0.0000000 0.0000000 0.0178319 0.0000000 0.0000000 0.1407783 0.0816440
 56 A  56 0.1117967 0.0000000 0.0000000 0.0000000 0.0000000 0.0717404 0.4729615 0.0000000 0.0490137 0.0000000 0.0321382 0.0000000 0.0000000 0.0000000 0.0000000 0.0000000 0.1807055 0.0000000 0.0000000 0.0000000 0.0816440
 57 T  57 0.0000000 0.0000000 0.0000000 0.0000000 0.0000000 0.0559437 0.0000000 0.0000000 0.0000000 0.0503767 0.0517778 0.3005781 0.0000000 0.0457753 0.0900917 0.0000000 0.3238127 0.0000000 0.0000000 0.0000000 0.0816440
 58 V  58 0.1206532 0.0000000 0.0000000 0.0000000 0.0000000 0.0000000 0.0000000 0.0000000 0.0000000 0.1436924 0.0306624 0.0000000 0.0000000 0.0000000 0.0000000 0.0405527 0.0000000 0.0000000 0.0000000 0.5827953 0.0816440
 59 T  59 0.0900917 0.0000000 0.0000000 0.0000000 0.0000000 0.0000000 0.0000000 0.0000000 0.0000000 0.0525167 0.0000000 0.1059275 0.0000000 0.0000000 0.0000000 0.0000000 0.5289398 0.0000000 0.0000000 0.1408803 0.0816440
 60 P  60 0.0410780 0.0000000 0.0000000 0.0000000 0.0000000 0.0000000 0.0490137 0.0000000 0.0000000 0.0000000 0.0000000 0.0000000 0.0000000 0.0000000 0.8282643 0.0000000 0.0000000 0.0000000 0.0000000 0.0000000 0.0816440
 61 A  61 0.1188722 0.0000000 0.0000000 0.0000000 0.0000000 0.0490137 0.0765825 0.0000000 0.0000000 0.0000000 0.1847874 0.1021545 0.1084904 0.0343271 0.0000000 0.0293450 0.0960345 0.0000000 0.0000000 0.0904916 0.1099011
 62 I  62 0.0517778 0.0000000 0.0000000 0.0000000 0.0000000 0.0000000 0.0000000 0.0000000 0.0000000 0.2094991 0.1341520 0.0000000 0.0000000 0.0000000 0.0000000 0.0000000 0.0508319 0.0000000 0.0000000 0.4438381 0.1099011
 63 V  63 0.0963397 0.0000000 0.0000000 0.0488633 0.0000000 0.0000000 0.0000000 0.0000000 0.0000000 0.1649004 0.0570641 0.0000000 0.0000000 0.0000000 0.0000000 0.0000000 0.0490137 0.0000000 0.0000000 0.4739176 0.1099011
 64 Q  64 0.0000000 0.0000000 0.0000000 0.1162334 0.0000000 0.2361048 0.4177591 0.0000000 0.0000000 0.0000000 0.0000000 0.0000000 0.0000000 0.0000000 0.0000000 0.0000000 0.1200016 0.0000000 0.0000000 0.0000000 0.1099011
 65 A  65 0.2523857 0.0000000 0.0000000 0.0305769 0.0000000 0.0346848 0.2827384 0.0000000 0.0000000 0.0000000 0.1026097 0.0000000 0.0000000 0.0000000 0.0000000 0.0000000 0.0000000 0.0000000 0.1367267 0.0503767 0.1099011
 66 C  66 0.0000000 0.0000000 0.0000000 0.0000000 0.8900989 0.0000000 0.0000000 0.0000000 0.0000000 0.0000000 0.0000000 0.0000000 0.0000000 0.0000000 0.0000000 0.0000000 0.0000000 0.0000000 0.0000000 0.0000000 0.1099011
 67 T  67 0.0000000 0.0552616 0.0180436 0.0000000 0.0000000 0.1281727 0.0220243 0.0000000 0.0457753 0.0000000 0.0000000 0.4931399 0.0000000 0.0000000 0.0000000 0.0488633 0.0788183 0.0000000 0.0000000 0.0000000 0.1099011
 68 Q  68 0.0490137 0.0000000 0.0000000 0.0000000 0.0000000 0.0967240 0.1278435 0.0000000 0.0000000 0.0000000 0.0346848 0.5329696 0.0000000 0.0000000 0.0000000 0.0000000 0.0000000 0.0000000 0.0000000 0.0488633 0.1099011
 69 D  69 0.1810277 0.0000000 0.1456754 0.1849175 0.0000000 0.0000000 0.0220104 0.0000000 0.0996952 0.0000000 0.0000000 0.0346848 0.0000000 0.0000000 0.0000000 0.1272989 0.0947890 0.0000000 0.0000000 0.0000000 0.1099011
 70 K  70 0.0000000 0.0321382 0.0000000 0.0000000 0.0000000 0.0211722 0.0000000 0.0000000 0.0000000 0.0000000 0.0488633 0.0998468 0.0000000 0.0000000 0.6574160 0.0000000 0.0306624 0.0000000 0.0000000 0.0000000 0.1099011
 71 Q  71 0.0725552 0.0000000 0.0000000 0.0000000 0.0000000 0.1382720 0.0503767 0.0000000 0.0000000 0.0000000 0.0000000 0.4650872 0.0000000 0.0000000 0.0000000 0.0517778 0.1120299 0.0000000 0.0000000 0.0000000 0.1099011
 72 A  72 0.2369345 0.0000000 0.0000000 0.0251444 0.0000000 0.0000000 0.2300605 0.0000000 0.0000000 0.0570641 0.0000000 0.0488633 0.0241572 0.0000000 0.0000000 0.1012086 0.0410780 0.0000000 0.0000000 0.1255882 0.1099011
 73 N  73 0.0878634 0.0000000 0.0896356 0.0457753 0.0000000 0.0000000 0.0508319 0.0000000 0.0000000 0.0000000 0.0000000 0.1751533 0.0000000 0.0000000 0.0000000 0.4065123 0.0343271 0.0000000 0.0000000 0.0000000 0.1099011
 74 F  74 0.0488633 0.0000000 0.0000000 0.0000000 0.0000000 0.0000000 0.0000000 0.0000000 0.0000000 0.0490137 0.3765716 0.0000000 0.0000000 0.3850734 0.0000000 0.0000000 0.0000000 0.0000000 0.0305769 0.0000000 0.1099011
 75 K  75 0.0178319 0.0570641 0.0000000 0.0000000 0.0000000 0.0000000 0.0000000 0.0000000 0.0000000 0.0608620 0.0000000 0.2185721 0.0757629 0.0000000 0.0000000 0.0000000 0.0307992 0.1743143 0.0488633 0.1048205 0.2111097
 76 D  76 0.0488633 0.0000000 0.0251444 0.2160352 0.0000000 0.1130210 0.1054931 0.0000000 0.0000000 0.0000000 0.0000000 0.0566952 0.0000000 0.0000000 0.0000000 0.3248466 0.0000000 0.0000000 0.0000000 0.0000000 0.1099011
 77 K  77 0.0878634 0.0000000 0.0000000 0.0000000 0.0000000 0.0306624 0.0503767 0.0000000 0.0000000 0.0346848 0.0000000 0.6347338 0.0000000 0.0000000 0.0000000 0.0000000 0.0517778 0.0000000 0.0000000 0.0000000 0.1099011
 78 V  78 0.0793905 0.0000000 0.0000000 0.0000000 0.0000000 0.0000000 0.0000000 0.0000000 0.0000000 0.2008825 0.2023563 0.0000000 0.0850616 0.0000000 0.0000000 0.0000000 0.0000000 0.0000000 0.0000000 0.3224081 0.1099011
 79 K  79 0.0307992 0.1142489 0.0000000 0.0846067 0.0000000 0.0230529 0.1992334 0.0000000 0.0000000 0.0000000 0.0000000 0.3615753 0.0488633 0.0000000 0.0000000 0.0000000 0.0000000 0.0000000 0.0000000 0.0277191 0.1099011
 80 G  80 0.1819592 0.0000000 0.1117852 0.0508319 0.0000000 0.1546704 0.0203093 0.1121434 0.0000000 0.0000000 0.0000000 0.0000000 0.0490137 0.0000000 0.0000000 0.1335748 0.0758111 0.0000000 0.0000000 0.0000000 0.1099011
 81 E  81 0.1477019 0.0000000 0.0251444 0.0503767 0.0000000 0.0000000 0.3012819 0.0000000 0.0220243 0.0000000 0.0000000 0.0000000 0.0900917 0.0000000 0.0000000 0.0765825 0.0629374 0.0000000 0.0846130 0.0293450 0.1099011
 82 W  82 0.0490137 0.0293450 0.0000000 0.0000000 0.0000000 0.0000000 0.0000000 0.0000000 0.0000000 0.1880620 0.1632785 0.0306624 0.0343271 0.0000000 0.0000000 0.0000000 0.0000000 0.2292851 0.0000000 0.0517778 0.2242485
 83 D  83 0.0230529 0.0000000 0.0000000 0.0791582 0.0000000 0.0779135 0.0188079 0.0277191 0.0000000 0.0000000 0.0503767 0.4735787 0.0000000 0.0000000 0.0000000 0.0000000 0.0000000 0.0000000 0.0000000 0.0000000 0.2493929
 84 K  84 0.0000000 0.0457753 0.0745339 0.0000000 0.0000000 0.0000000 0.0000000 0.0000000 0.0321382 0.0000000 0.0000000 0.4480606 0.0000000 0.0000000 0.0000000 0.0000000 0.0000000 0.0000000 0.0000000 0.0000000 0.3994920
 85 I  85 0.0000000 0.0000000 0.0000000 0.0000000 0.0000000 0.0000000 0.0000000 0.0000000 0.0000000 0.1075484 0.0584843 0.0000000 0.0220243 0.0903568 0.0000000 0.0000000 0.0000000 0.0000000 0.0000000 0.2051778 0.5164085
 86 K  86 0.0503767 0.0000000 0.0000000 0.0000000 0.0000000 0.0000000 0.1488200 0.0000000 0.0000000 0.0000000 0.0000000 0.1665700 0.0000000 0.0000000 0.0000000 0.0000000 0.0000000 0.0000000 0.0000000 0.0000000 0.6342332
 87 K  87 0.0649040 0.0000000 0.0000000 0.0000000 0.0000000 0.0533104 0.0000000 0.0000000 0.0000000 0.0000000 0.0000000 0.1957745 0.0000000 0.0000000 0.0000000 0.0000000 0.0000000 0.0000000 0.0000000 0.0000000 0.6860110
 88 D  88 0.0000000 0.0000000 0.0000000 0.1052905 0.0000000 0.0000000 0.0241572 0.0000000 0.0399801 0.0000000 0.0000000 0.1168421 0.0000000 0.0000000 0.0000000 0.0000000 0.0000000 0.0000000 0.0000000 0.0000000 0.7137302
 89 M  89 0.0000000 0.0000000 0.0000000 0.0000000 0.0000000 0.0000000 0.0000000 0.0000000 0.0000000 0.0984644 0.0230529 0.0000000 0.0837988 0.0000000 0.0000000 0.0000000 0.0000000 0.0000000 0.0000000 0.0000000 0.7946838
