   89         A         R         N         D         C         Q         E         G         H         I         L         K         M         F         P         S         T         W         Y         V    
  1 A   1 1.0000000 0.0000000 0.0000000 0.0000000 0.0000000 0.0000000 0.0000000 0.0000000 0.0000000 0.0000000 0.0000000 0.0000000 0.0000000 0.0000000 0.0000000 0.0000000 0.0000000 0.0000000 0.0000000 0.0000000
  2 D   2 0.0397209 0.0000000 0.1501141 0.1785081 0.0000000 0.0000000 0.0486844 0.0000000 0.0000000 0.0000000 0.0000000 0.0752670 0.0605501 0.0970824 0.0000000 0.2307044 0.1193686 0.0000000 0.0000000 0.0000000
  3 A   3 0.3968934 0.0000000 0.0000000 0.0000000 0.0000000 0.0319640 0.0000000 0.1355035 0.0000000 0.0000000 0.0000000 0.0863601 0.0000000 0.0000000 0.0000000 0.0960575 0.1719984 0.0000000 0.0000000 0.0812232
  4 Q   4 0.4267883 0.0000000 0.0389987 0.0000000 0.0000000 0.1545150 0.0431233 0.0282889 0.0910367 0.0000000 0.0000000 0.0000000 0.0000000 0.0000000 0.0000000 0.1070784 0.1101708 0.0000000 0.0000000 0.0000000
  5 K   5 0.1445626 0.1039297 0.0000000 0.1717818 0.0000000 0.1308757 0.0341628 0.0000000 0.0586599 0.0000000 0.0000000 0.2056694 0.0000000 0.0829195 0.0000000 0.0000000 0.0674384 0.0000000 0.0000000 0.0000000
  6 A   6 0.4362462 0.0000000 0.0349391 0.0000000 0.0000000 0.0376205 0.0685317 0.0000000 0.0799509 0.0000000 0.0942076 0.1131600 0.0000000 0.0000000 0.0000000 0.0619141 0.0480645 0.0000000 0.0000000 0.0253653
  7 A   7 0.6874066 0.0000000 0.0000000 0.0480645 0.0000000 0.0000000 0.0000000 0.0000000 0.0000000 0.0000000 0.0000000 0.1645353 0.0000000 0.0000000 0.0000000 0.0000000 0.0999937 0.0000000 0.0000000 0.0000000
  8 D   8 0.0430879 0.0000000 0.0386665 0.2783505 0.0000000 0.0958609 0.1830704 0.0000000 0.0000000 0.0000000 0.0685317 0.1239096 0.0480645 0.0000000 0.0000000 0.0442307 0.0762272 0.0000000 0.0000000 0.0000000
  9 N   9 0.1848724 0.0000000 0.0991916 0.1793490 0.0000000 0.0513110 0.0000000 0.0000000 0.0555029 0.0000000 0.0000000 0.0000000 0.0000000 0.0000000 0.0000000 0.1795947 0.2501782 0.0000000 0.0000000 0.0000000
 10 K  10 0.0262914 0.0000000 0.0000000 0.0000000 0.0000000 0.1099674 0.0595797 0.0000000 0.0000000 0.0596581 0.0000000 0.4907965 0.0000000 0.0000000 0.0414634 0.0659479 0.0842705 0.0000000 0.0000000 0.0620251
 11 K  11 0.0000000 0.0000000 0.0551752 0.0000000 0.0000000 0.0000000 0.0000000 0.0000000 0.0000000 0.0493764 0.0000000 0.7141854 0.0000000 0.0000000 0.0000000 0.0596581 0.0620251 0.0000000 0.0000000 0.0595797
 12 P  12 0.0000000 0.0000000 0.0000000 0.0000000 0.0000000 0.0000000 0.0000000 0.0410855 0.0000000 0.0000000 0.0000000 0.0458308 0.0000000 0.0000000 0.7504481 0.0000000 0.1626356 0.0000000 0.0000000 0.0000000
 13 V  13 0.0000000 0.0000000 0.0000000 0.0425094 0.0000000 0.0000000 0.0000000 0.0000000 0.0000000 0.0301834 0.1546848 0.0000000 0.0354357 0.0000000 0.1088188 0.0551057 0.0619469 0.0000000 0.0414111 0.4699042
 14 N  14 0.1378455 0.0000000 0.2317275 0.0000000 0.0000000 0.0323996 0.0621610 0.0000000 0.0000000 0.0000000 0.0000000 0.0766950 0.0000000 0.0000000 0.0334431 0.2858853 0.0000000 0.0000000 0.0390824 0.1007604
 15 S  15 0.0000000 0.0000000 0.0498840 0.0000000 0.0000000 0.1506413 0.0835532 0.0596456 0.0552362 0.0000000 0.1035901 0.3717541 0.0000000 0.0000000 0.0000000 0.1256954 0.0000000 0.0000000 0.0000000 0.0000000
 16 W  16 0.0000000 0.0000000 0.0000000 0.0000000 0.0000000 0.0000000 0.0000000 0.0000000 0.0000000 0.0000000 0.0415045 0.0000000 0.3426523 0.0000000 0.0000000 0.0000000 0.0464142 0.5102506 0.0000000 0.0591784
 17 T  17 0.0000000 0.0000000 0.0000000 0.0000000 0.0000000 0.0318384 0.0000000 0.0000000 0.0000000 0.0000000 0.0610156 0.0302729 0.0000000 0.0000000 0.0000000 0.1029754 0.7203635 0.0000000 0.0000000 0.0535342
 18 C  18 0.0000000 0.0000000 0.0000000 0.0000000 1.0000000 0.0000000 0.0000000 0.0000000 0.0000000 0.0000000 0.0000000 0.0000000 0.0000000 0.0000000 0.0000000 0.0000000 0.0000000 0.0000000 0.0000000 0.0000000
 19 E  19 0.0978422 0.0000000 0.0000000 0.0000000 0.0000000 0.1734486 0.5414586 0.0000000 0.0000000 0.0000000 0.0000000 0.0479824 0.0000000 0.0000000 0.0000000 0.1392682 0.0000000 0.0000000 0.0000000 0.0000000
 20 D  20 0.0000000 0.0000000 0.0000000 0.6239116 0.0000000 0.0000000 0.3760884 0.0000000 0.0000000 0.0000000 0.0000000 0.0000000 0.0000000 0.0000000 0.0000000 0.0000000 0.0000000 0.0000000 0.0000000 0.0000000
 21 F  21 0.0000000 0.0000000 0.0000000 0.0000000 0.0000000 0.0000000 0.0000000 0.0000000 0.0000000 0.0000000 0.0000000 0.0000000 0.0000000 0.8607318 0.0000000 0.0000000 0.0000000 0.0000000 0.1392682 0.0000000
 22 L  22 0.0000000 0.0000000 0.1006829 0.0000000 0.0000000 0.0000000 0.0535342 0.0000000 0.0000000 0.0534639 0.7015968 0.0000000 0.0000000 0.0000000 0.0000000 0.0000000 0.0000000 0.0000000 0.0000000 0.0907222
 23 A  23 0.3686465 0.0000000 0.0556583 0.1386535 0.0000000 0.0761464 0.0308450 0.1852911 0.0000000 0.0000000 0.0000000 0.0000000 0.0271193 0.0000000 0.0000000 0.0000000 0.0873671 0.0000000 0.0000000 0.0302729
 24 V  24 0.0000000 0.0000000 0.0000000 0.0000000 0.0000000 0.0000000 0.0000000 0.0000000 0.0000000 0.0872547 0.5052994 0.0000000 0.1020725 0.0591784 0.0000000 0.0000000 0.0000000 0.0000000 0.0000000 0.2461951
 25 D  25 0.0000000 0.0000000 0.2468026 0.5981252 0.0000000 0.0000000 0.1550722 0.0000000 0.0000000 0.0000000 0.0000000 0.0000000 0.0000000 0.0000000 0.0000000 0.0000000 0.0000000 0.0000000 0.0000000 0.0000000
 26 E  26 0.0268461 0.0000000 0.0000000 0.3308052 0.0000000 0.0000000 0.3691153 0.0000000 0.0000000 0.0000000 0.0000000 0.0000000 0.0000000 0.0000000 0.1014463 0.1222756 0.0495115 0.0000000 0.0000000 0.0000000
 27 S  27 0.1214348 0.0000000 0.0907813 0.0489179 0.0000000 0.1692943 0.0000000 0.0000000 0.0000000 0.0000000 0.0000000 0.1036407 0.0000000 0.0000000 0.0000000 0.2724768 0.1934542 0.0000000 0.0000000 0.0000000
 28 F  28 0.0495115 0.0000000 0.0000000 0.0000000 0.0000000 0.0000000 0.0000000 0.0000000 0.0000000 0.0464142 0.0000000 0.0000000 0.0000000 0.5562735 0.0000000 0.1036407 0.0534639 0.0000000 0.1906962 0.0000000
 29 Q  29 0.0000000 0.0626834 0.0000000 0.0000000 0.0000000 0.3372158 0.0000000 0.0000000 0.0000000 0.0000000 0.0000000 0.3355304 0.0534639 0.0479824 0.0000000 0.0000000 0.0000000 0.0000000 0.1631240 0.0000000
 30 P  30 0.0534639 0.0000000 0.0000000 0.0000000 0.0000000 0.0000000 0.0000000 0.0000000 0.0000000 0.0000000 0.0000000 0.0000000 0.0000000 0.0000000 0.7933839 0.0556583 0.0974939 0.0000000 0.0000000 0.0000000
 31 T  31 0.0978422 0.0000000 0.0338329 0.0000000 0.0000000 0.0000000 0.0381940 0.0000000 0.0000000 0.0000000 0.0000000 0.1971891 0.0000000 0.0000000 0.2066161 0.0000000 0.3944874 0.0000000 0.0000000 0.0318384
 32 A  32 0.4266776 0.0000000 0.0000000 0.0000000 0.0000000 0.0000000 0.0000000 0.0000000 0.0000000 0.0556583 0.0443080 0.0000000 0.0000000 0.0464142 0.0000000 0.0000000 0.0000000 0.0000000 0.0000000 0.4269420
 33 V  33 0.0534639 0.0000000 0.0000000 0.0000000 0.0000000 0.0000000 0.0000000 0.0000000 0.0000000 0.2260621 0.0928540 0.0000000 0.0000000 0.0000000 0.0000000 0.0000000 0.0000000 0.0000000 0.0000000 0.6276200
 34 G  34 0.0591784 0.0000000 0.0000000 0.0000000 0.0000000 0.0000000 0.0000000 0.4263258 0.0000000 0.0000000 0.0000000 0.0000000 0.0000000 0.1586337 0.0000000 0.0381940 0.0000000 0.0000000 0.3176682 0.0000000
 35 F  35 0.0740766 0.0000000 0.0000000 0.0000000 0.0000000 0.0000000 0.0000000 0.0000000 0.0000000 0.0000000 0.0000000 0.0000000 0.0000000 0.3186094 0.0000000 0.0000000 0.0000000 0.5130283 0.0672711 0.0270146
 36 A  36 0.6078633 0.0000000 0.0000000 0.0000000 0.0000000 0.0000000 0.0000000 0.0333892 0.0000000 0.0556583 0.0000000 0.0000000 0.0000000 0.0000000 0.0000000 0.0663189 0.0000000 0.0000000 0.0000000 0.2367703
 37 E  37 0.1034863 0.0000000 0.0000000 0.0000000 0.0000000 0.0000000 0.4558613 0.0000000 0.0000000 0.0000000 0.1571046 0.0000000 0.0000000 0.0000000 0.0000000 0.0819975 0.0754376 0.0000000 0.0000000 0.1261127
 38 A  38 0.3428195 0.0000000 0.2066161 0.0000000 0.0000000 0.0000000 0.0000000 0.3430986 0.0000000 0.0740766 0.0333892 0.0000000 0.0000000 0.0000000 0.0000000 0.0000000 0.0000000 0.0000000 0.0000000 0.0000000
 39 L  39 0.0000000 0.0000000 0.0000000 0.0479824 0.0000000 0.0324860 0.0534639 0.0000000 0.0464142 0.0709230 0.2741158 0.0775616 0.0000000 0.0787117 0.0000000 0.0000000 0.0000000 0.0000000 0.0973724 0.2209690
 40 N  40 0.0000000 0.0000000 0.4009748 0.3044583 0.0000000 0.0000000 0.0219034 0.0324860 0.0000000 0.0000000 0.0000000 0.0591784 0.0000000 0.0000000 0.0000000 0.0000000 0.1809992 0.0000000 0.0000000 0.0000000
 41 N  41 0.0381940 0.0839123 0.0973769 0.0000000 0.0000000 0.1796691 0.0534639 0.0000000 0.0000000 0.0000000 0.0000000 0.3434163 0.0000000 0.0000000 0.0495115 0.0508153 0.1036407 0.0000000 0.0000000 0.0000000
 42 K  42 0.0381940 0.0000000 0.0495115 0.1091222 0.0000000 0.0479824 0.0000000 0.1380786 0.0000000 0.0000000 0.0978422 0.4973658 0.0000000 0.0000000 0.0219034 0.0000000 0.0000000 0.0000000 0.0000000 0.0000000
 43 D  43 0.0219034 0.0000000 0.0000000 0.2876133 0.0000000 0.0591784 0.0000000 0.4403675 0.0338329 0.0000000 0.0000000 0.0000000 0.0000000 0.1091222 0.0000000 0.0000000 0.0000000 0.0000000 0.0479824 0.0000000
 44 K  44 0.0000000 0.0219034 0.0000000 0.0000000 0.0000000 0.0833444 0.0683645 0.0000000 0.0000000 0.0000000 0.0000000 0.6728872 0.0000000 0.0000000 0.0000000 0.0556583 0.0000000 0.0000000 0.0000000 0.0978422
 45 P  45 0.0000000 0.0535342 0.0000000 0.0000000 0.0000000 0.0000000 0.0415045 0.1586337 0.0000000 0.0202111 0.0000000 0.1535750 0.0000000 0.0000000 0.3830146 0.0000000 0.0443080 0.0000000 0.0000000 0.1452190
 46 E  46 0.0000000 0.0000000 0.0523593 0.0393472 0.0000000 0.0000000 0.5363501 0.2129973 0.0000000 0.0000000 0.0000000 0.0319059 0.0000000 0.0000000 0.0625822 0.0000000 0.0000000 0.0000000 0.0000000 0.0644580
 47 D  47 0.0816534 0.0000000 0.0000000 0.7772116 0.0000000 0.0000000 0.0000000 0.0000000 0.0000000 0.0000000 0.0000000 0.0000000 0.0000000 0.0000000 0.0000000 0.0000000 0.1411350 0.0000000 0.0000000 0.0000000
 48 A  48 0.4534014 0.0000000 0.0000000 0.1390782 0.0000000 0.0000000 0.0850673 0.0334961 0.0000000 0.0000000 0.0000000 0.0000000 0.0000000 0.0000000 0.0958328 0.0000000 0.0000000 0.0000000 0.1619896 0.0311345
 49 V  49 0.0393816 0.0000000 0.0000000 0.0000000 0.0000000 0.0551988 0.0000000 0.0000000 0.0000000 0.0245408 0.0000000 0.0000000 0.0383641 0.0334961 0.0000000 0.0000000 0.1415185 0.0000000 0.0000000 0.6675001
 50 L  50 0.0000000 0.0000000 0.0000000 0.2130406 0.0000000 0.0000000 0.0000000 0.0000000 0.0000000 0.1590124 0.2498596 0.0000000 0.1086700 0.0478574 0.0000000 0.0000000 0.0456857 0.0000000 0.0000000 0.1758743
 51 D  51 0.0000000 0.0000000 0.0505591 0.5876584 0.0000000 0.0000000 0.0989084 0.0000000 0.0000000 0.0000000 0.0000000 0.0000000 0.0000000 0.0494744 0.0000000 0.0000000 0.0551988 0.0573889 0.0551263 0.0456857
 52 V  52 0.0000000 0.0510510 0.0551263 0.0000000 0.0000000 0.0000000 0.0827423 0.0000000 0.1068633 0.2504121 0.0318041 0.0000000 0.0000000 0.0000000 0.0000000 0.0000000 0.0000000 0.0000000 0.0000000 0.4220009
 53 Q  53 0.0610185 0.0000000 0.0000000 0.2461234 0.0000000 0.1855356 0.3306085 0.0000000 0.0000000 0.0000000 0.0000000 0.0461043 0.0000000 0.0000000 0.0000000 0.0957248 0.0348849 0.0000000 0.0000000 0.0000000
 54 G  54 0.0478574 0.0000000 0.0000000 0.0000000 0.0000000 0.0000000 0.0000000 0.6382175 0.0000000 0.0510510 0.0000000 0.0000000 0.0000000 0.0000000 0.0000000 0.0000000 0.2628741 0.0000000 0.0000000 0.0000000
 55 I  55 0.1235798 0.0000000 0.0000000 0.1005254 0.0000000 0.0000000 0.0573889 0.0000000 0.0000000 0.4981523 0.0000000 0.0000000 0.0456857 0.0000000 0.0000000 0.0000000 0.0201590 0.0000000 0.0000000 0.1545088
 56 A  56 0.1255943 0.0000000 0.0000000 0.0000000 0.0000000 0.0801131 0.5111106 0.0000000 0.0551988 0.0000000 0.0348849 0.0000000 0.0000000 0.0000000 0.0000000 0.0000000 0.1930983 0.0000000 0.0000000 0.0000000
 57 T  57 0.0000000 0.0000000 0.0000000 0.0000000 0.0000000 0.0607909 0.0000000 0.0000000 0.0000000 0.0494744 0.0573889 0.3265473 0.0000000 0.0510510 0.1008845 0.0000000 0.3538629 0.0000000 0.0000000 0.0000000
 58 V  58 0.1340207 0.0000000 0.0000000 0.0000000 0.0000000 0.0000000 0.0000000 0.0000000 0.0000000 0.1508540 0.0344274 0.0000000 0.0000000 0.0000000 0.0000000 0.0451657 0.0000000 0.0000000 0.0000000 0.6355322
 59 T  59 0.1008845 0.0000000 0.0000000 0.0000000 0.0000000 0.0000000 0.0000000 0.0000000 0.0000000 0.0585231 0.0000000 0.1107702 0.0000000 0.0000000 0.0000000 0.0000000 0.5738556 0.0000000 0.0000000 0.1559666
 60 P  60 0.0456857 0.0000000 0.0000000 0.0000000 0.0000000 0.0000000 0.0551988 0.0000000 0.0000000 0.0000000 0.0000000 0.0000000 0.0000000 0.0000000 0.8991155 0.0000000 0.0000000 0.0000000 0.0000000 0.0000000
 61 A  61 0.1418194 0.0000000 0.0000000 0.0000000 0.0000000 0.0561967 0.0803936 0.0000000 0.0000000 0.0000000 0.2078649 0.1087951 0.1215910 0.0400935 0.0000000 0.0323790 0.1082915 0.0000000 0.0000000 0.1025754
 62 I  62 0.0584264 0.0000000 0.0000000 0.0000000 0.0000000 0.0000000 0.0000000 0.0000000 0.0000000 0.2447143 0.1429914 0.0000000 0.0000000 0.0000000 0.0000000 0.0000000 0.0561228 0.0000000 0.0000000 0.4977451
 63 V  63 0.1086330 0.0000000 0.0000000 0.0487225 0.0000000 0.0000000 0.0000000 0.0000000 0.0000000 0.1890345 0.0640501 0.0000000 0.0000000 0.0000000 0.0000000 0.0000000 0.0561967 0.0000000 0.0000000 0.5333632
 64 Q  64 0.0000000 0.0000000 0.0000000 0.1313239 0.0000000 0.2683880 0.4673006 0.0000000 0.0000000 0.0000000 0.0000000 0.0000000 0.0000000 0.0000000 0.0000000 0.0000000 0.1329874 0.0000000 0.0000000 0.0000000
 65 A  65 0.2948478 0.0000000 0.0000000 0.0341016 0.0000000 0.0390576 0.3208806 0.0000000 0.0000000 0.0000000 0.1145492 0.0000000 0.0000000 0.0000000 0.0000000 0.0000000 0.0000000 0.0000000 0.1461944 0.0503687
 66 C  66 0.0000000 0.0000000 0.0000000 0.0000000 1.0000000 0.0000000 0.0000000 0.0000000 0.0000000 0.0000000 0.0000000 0.0000000 0.0000000 0.0000000 0.0000000 0.0000000 0.0000000 0.0000000 0.0000000 0.0000000
 67 T  67 0.0000000 0.0621215 0.0218942 0.0000000 0.0000000 0.1438070 0.0247660 0.0000000 0.0519739 0.0000000 0.0000000 0.5522813 0.0000000 0.0000000 0.0000000 0.0487225 0.0944336 0.0000000 0.0000000 0.0000000
 68 Q  68 0.0561967 0.0000000 0.0000000 0.0000000 0.0000000 0.1154051 0.1444096 0.0000000 0.0000000 0.0000000 0.0390576 0.5962085 0.0000000 0.0000000 0.0000000 0.0000000 0.0000000 0.0000000 0.0000000 0.0487225
 69 D  69 0.2054138 0.0000000 0.1649331 0.2148250 0.0000000 0.0000000 0.0254915 0.0000000 0.1048454 0.0000000 0.0000000 0.0390576 0.0000000 0.0000000 0.0000000 0.1372631 0.1081705 0.0000000 0.0000000 0.0000000
 70 K  70 0.0000000 0.0355155 0.0000000 0.0000000 0.0000000 0.0249844 0.0000000 0.0000000 0.0000000 0.0000000 0.0487225 0.1197015 0.0000000 0.0000000 0.7360263 0.0000000 0.0350497 0.0000000 0.0000000 0.0000000
 71 Q  71 0.0823980 0.0000000 0.0000000 0.0000000 0.0000000 0.1560507 0.0503687 0.0000000 0.0000000 0.0000000 0.0000000 0.5332787 0.0000000 0.0000000 0.0000000 0.0584264 0.1194775 0.0000000 0.0000000 0.0000000
 72 A  72 0.2745061 0.0000000 0.0000000 0.0284680 0.0000000 0.0000000 0.2612997 0.0000000 0.0000000 0.0640501 0.0000000 0.0487225 0.0283581 0.0000000 0.0000000 0.1064916 0.0465115 0.0000000 0.0000000 0.1415924
 73 N  73 0.0974719 0.0000000 0.1047267 0.0519739 0.0000000 0.0000000 0.0561228 0.0000000 0.0000000 0.0000000 0.0000000 0.1921345 0.0000000 0.0000000 0.0000000 0.4574767 0.0400935 0.0000000 0.0000000 0.0000000
 74 F  74 0.0487225 0.0000000 0.0000000 0.0000000 0.0000000 0.0000000 0.0000000 0.0000000 0.0000000 0.0561967 0.4155428 0.0000000 0.0000000 0.4454364 0.0000000 0.0000000 0.0000000 0.0000000 0.0341016 0.0000000
 75 K  75 0.0229695 0.0716838 0.0000000 0.0000000 0.0000000 0.0000000 0.0000000 0.0000000 0.0000000 0.0773324 0.0000000 0.2854882 0.0957676 0.0000000 0.0000000 0.0000000 0.0374052 0.2208414 0.0545295 0.1339824
 76 D  76 0.0487225 0.0000000 0.0284680 0.2482200 0.0000000 0.1297141 0.1216573 0.0000000 0.0000000 0.0000000 0.0000000 0.0645491 0.0000000 0.0000000 0.0000000 0.3586689 0.0000000 0.0000000 0.0000000 0.0000000
 77 K  77 0.0974719 0.0000000 0.0000000 0.0000000 0.0000000 0.0350497 0.0503687 0.0000000 0.0000000 0.0390576 0.0000000 0.7196257 0.0000000 0.0000000 0.0000000 0.0000000 0.0584264 0.0000000 0.0000000 0.0000000
 78 V  78 0.0937662 0.0000000 0.0000000 0.0000000 0.0000000 0.0000000 0.0000000 0.0000000 0.0000000 0.2264149 0.2255154 0.0000000 0.0894263 0.0000000 0.0000000 0.0000000 0.0000000 0.0000000 0.0000000 0.3648772
 79 K  79 0.0334218 0.1310663 0.0000000 0.0945005 0.0000000 0.0281812 0.2269422 0.0000000 0.0000000 0.0000000 0.0000000 0.4054944 0.0487225 0.0000000 0.0000000 0.0000000 0.0000000 0.0000000 0.0000000 0.0316710
 80 G  80 0.2015332 0.0000000 0.1258551 0.0561228 0.0000000 0.1674355 0.0231150 0.1315116 0.0000000 0.0000000 0.0000000 0.0000000 0.0561967 0.0000000 0.0000000 0.1530303 0.0851998 0.0000000 0.0000000 0.0000000
 81 E  81 0.1666353 0.0000000 0.0284680 0.0503687 0.0000000 0.0000000 0.3490387 0.0000000 0.0247660 0.0000000 0.0000000 0.0000000 0.1027082 0.0000000 0.0000000 0.0803936 0.0689373 0.0000000 0.0963051 0.0323790
 82 W  82 0.0639472 0.0368447 0.0000000 0.0000000 0.0000000 0.0000000 0.0000000 0.0000000 0.0000000 0.2332470 0.2107176 0.0398837 0.0456231 0.0000000 0.0000000 0.0000000 0.0000000 0.3032523 0.0000000 0.0664844
 83 D  83 0.0331415 0.0000000 0.0000000 0.1111938 0.0000000 0.1028888 0.0258174 0.0372456 0.0000000 0.0000000 0.0592343 0.6304787 0.0000000 0.0000000 0.0000000 0.0000000 0.0000000 0.0000000 0.0000000 0.0000000
 84 K  84 0.0000000 0.0764105 0.1157419 0.0000000 0.0000000 0.0000000 0.0000000 0.0000000 0.0522139 0.0000000 0.0000000 0.7556338 0.0000000 0.0000000 0.0000000 0.0000000 0.0000000 0.0000000 0.0000000 0.0000000
 85 I  85 0.0000000 0.0000000 0.0000000 0.0000000 0.0000000 0.0000000 0.0000000 0.0000000 0.0000000 0.2297380 0.1246884 0.0000000 0.0451126 0.1772491 0.0000000 0.0000000 0.0000000 0.0000000 0.0000000 0.4232120
 86 K  86 0.1212576 0.0000000 0.0000000 0.0000000 0.0000000 0.0000000 0.4047728 0.0000000 0.0000000 0.0000000 0.0000000 0.4739696 0.0000000 0.0000000 0.0000000 0.0000000 0.0000000 0.0000000 0.0000000 0.0000000
 87 K  87 0.2078530 0.0000000 0.0000000 0.0000000 0.0000000 0.1694868 0.0000000 0.0000000 0.0000000 0.0000000 0.0000000 0.6226603 0.0000000 0.0000000 0.0000000 0.0000000 0.0000000 0.0000000 0.0000000 0.0000000
 88 D  88 0.0000000 0.0000000 0.0000000 0.3812464 0.0000000 0.0000000 0.0871782 0.0000000 0.1442956 0.0000000 0.0000000 0.3872798 0.0000000 0.0000000 0.0000000 0.0000000 0.0000000 0.0000000 0.0000000 0.0000000
 89 M  89 0.0000000 0.0000000 0.0000000 0.0000000 0.0000000 0.0000000 0.0000000 0.0000000 0.0000000 0.4791550 0.1170226 0.0000000 0.4038224 0.0000000 0.0000000 0.0000000 0.0000000 0.0000000 0.0000000 0.0000000
