  108         A         R         N         D         C         Q         E         G         H         I         L         K         M         F         P         S         T         W         Y         V    
  1 M   1 0.0000000 0.0000000 0.0000000 0.0000000 0.0000000 0.0000000 0.0000000 0.0000000 0.0000000 0.0000000 0.0000000 0.0000000 1.0000000 0.0000000 0.0000000 0.0000000 0.0000000 0.0000000 0.0000000 0.0000000
  2 A   2 0.0504780 0.0000000 0.1578998 0.0000000 0.0000000 0.0000000 0.0171991 0.0000000 0.0000000 0.0314121 0.0000000 0.1864282 0.0000000 0.0000000 0.0000000 0.0160580 0.5180975 0.0000000 0.0000000 0.0224272
  3 Q   3 0.0614553 0.0434015 0.0694848 0.0267389 0.0000000 0.4355062 0.0353539 0.0000000 0.0000000 0.0203234 0.0378069 0.0430926 0.0000000 0.0000000 0.1136479 0.0611092 0.0306430 0.0000000 0.0000000 0.0214364
  4 Q   4 0.0000000 0.2021766 0.1684235 0.0187716 0.0000000 0.0958266 0.0207304 0.0000000 0.0787572 0.0250804 0.0702499 0.0771245 0.0000000 0.0000000 0.0846468 0.0578174 0.0285913 0.0000000 0.0718038 0.0000000
  5 S   5 0.0166515 0.0163882 0.0303713 0.0258600 0.0000000 0.0188419 0.0431424 0.0000000 0.0641197 0.0000000 0.0000000 0.0558391 0.0000000 0.0248166 0.1643138 0.4578739 0.0481562 0.0000000 0.0336252 0.0000000
  6 P   6 0.1662692 0.0226722 0.0000000 0.0000000 0.0000000 0.0180530 0.0000000 0.0247771 0.0162645 0.0146553 0.2520588 0.0000000 0.0601194 0.0237775 0.1278253 0.0790324 0.0640850 0.0000000 0.0000000 0.1304104
  7 Y   7 0.0129325 0.0323200 0.1018628 0.0251813 0.0000000 0.0131357 0.0627357 0.0275192 0.0578548 0.0768991 0.0447360 0.0697745 0.0000000 0.0000000 0.0397330 0.0743661 0.1215902 0.0151661 0.1674078 0.0567853
  8 S   8 0.0000000 0.0246078 0.0000000 0.4234489 0.0000000 0.0000000 0.0000000 0.0487792 0.0155489 0.0000000 0.0000000 0.0400798 0.0000000 0.0000000 0.1155284 0.2042842 0.1277228 0.0000000 0.0000000 0.0000000
  9 A   9 0.1308839 0.0000000 0.0000000 0.0000000 0.0000000 0.0000000 0.0956700 0.0225243 0.0000000 0.0000000 0.0000000 0.0242256 0.0000000 0.0000000 0.5409427 0.1008160 0.0849375 0.0000000 0.0000000 0.0000000
 10 A  10 0.5043242 0.0276115 0.0476633 0.0162228 0.0213347 0.0204480 0.0965953 0.0369579 0.0196317 0.0243169 0.0353310 0.0000000 0.0117226 0.0000000 0.0000000 0.0130794 0.0733284 0.0000000 0.0000000 0.0514323
 11 M  11 0.0862450 0.0000000 0.0000000 0.0000000 0.0000000 0.0583545 0.0446048 0.0192019 0.0000000 0.0432201 0.2542326 0.0586237 0.1253758 0.0241564 0.0656956 0.0577879 0.1123352 0.0000000 0.0000000 0.0501665
 12 A  12 0.1883504 0.0000000 0.0148676 0.1404051 0.0000000 0.0820615 0.0458899 0.0114129 0.0000000 0.0111785 0.0000000 0.0504782 0.0000000 0.0153071 0.0165558 0.2801940 0.1010011 0.0000000 0.0000000 0.0422978
 13 E  13 0.0708581 0.0538252 0.0464916 0.0095690 0.0000000 0.1917062 0.2800637 0.0000000 0.0085478 0.0000000 0.0000000 0.0494137 0.0000000 0.0000000 0.1725021 0.0349753 0.0820473 0.0000000 0.0000000 0.0000000
 14 Q  14 0.0863436 0.1117599 0.0384302 0.0771153 0.0000000 0.1810842 0.0944002 0.0000000 0.0000000 0.0153150 0.0941132 0.0000000 0.0000000 0.0000000 0.2046246 0.0750588 0.0000000 0.0000000 0.0000000 0.0217549
 15 R  15 0.0542886 0.1111873 0.0646425 0.2028132 0.0000000 0.0499443 0.1809086 0.0321361 0.0089784 0.0196101 0.0128356 0.0626756 0.0066163 0.0111452 0.0080055 0.0709142 0.0151360 0.0000000 0.0159244 0.0722380
 16 H  16 0.0438013 0.0219334 0.2741797 0.1489964 0.0000000 0.0246814 0.1508385 0.0120193 0.0354979 0.0281549 0.0218548 0.0000000 0.0000000 0.0391592 0.0392994 0.0392441 0.0170747 0.0000000 0.1032649 0.0000000
 17 Q  17 0.0966542 0.0044972 0.0300037 0.1432236 0.0000000 0.1716373 0.2144291 0.0000000 0.0000000 0.0000000 0.0000000 0.1436439 0.0065635 0.0000000 0.0220225 0.0752269 0.0743444 0.0000000 0.0000000 0.0177536
 18 E  18 0.0452566 0.0189898 0.1148843 0.2362770 0.0000000 0.0876658 0.2452493 0.0713514 0.0960328 0.0000000 0.0000000 0.0000000 0.0000000 0.0000000 0.0000000 0.0438294 0.0282177 0.0000000 0.0122459 0.0000000
 19 W  19 0.0050664 0.0000000 0.0000000 0.0000000 0.0000000 0.0111899 0.0000000 0.0000000 0.0000000 0.0322689 0.1470035 0.0000000 0.0083940 0.0375233 0.0000000 0.0000000 0.0376715 0.5860508 0.0787237 0.0561080
 20 L  20 0.0097614 0.0489669 0.0555949 0.2919124 0.0000000 0.2586579 0.0500851 0.0202836 0.0171682 0.0000000 0.1151020 0.0832015 0.0000000 0.0000000 0.0000000 0.0271890 0.0178474 0.0000000 0.0000000 0.0042297
 21 R  21 0.1183442 0.1656379 0.0185129 0.0533094 0.0150498 0.2484370 0.1458366 0.0135327 0.0049826 0.0000000 0.0532070 0.0200489 0.0209919 0.0028307 0.0000000 0.0761196 0.0229701 0.0000000 0.0158509 0.0043378
 22 F  22 0.0000000 0.0000000 0.0000000 0.0000000 0.0000000 0.0000000 0.0000000 0.0000000 0.0000000 0.0527787 0.5179547 0.0000000 0.0102346 0.3217219 0.0000000 0.0000000 0.0000000 0.0000000 0.0000000 0.0973101
 23 V  23 0.0746266 0.0000000 0.0000000 0.0000000 0.0799634 0.0000000 0.0000000 0.0000000 0.0061258 0.0941421 0.1827058 0.0055023 0.0250205 0.2170778 0.0000000 0.0230266 0.0068872 0.0000000 0.0237553 0.2611666
 24 D  24 0.0768867 0.1012118 0.0475404 0.2046540 0.0060483 0.0590192 0.2937835 0.0125288 0.0216881 0.0000000 0.0000000 0.0742260 0.0062695 0.0054514 0.0000000 0.0173859 0.0644988 0.0000000 0.0000000 0.0088076
 25 L  25 0.3364930 0.0029891 0.0000000 0.0000000 0.0000000 0.0000000 0.0000000 0.0197224 0.0370105 0.0585272 0.3698956 0.0366824 0.0170345 0.0197727 0.0000000 0.0175147 0.0272843 0.0000000 0.0073782 0.0496955
 26 L  26 0.0060925 0.0000000 0.0000000 0.0000000 0.0263639 0.0000000 0.0000000 0.0000000 0.0000000 0.2871434 0.4691369 0.0000000 0.0303915 0.0609256 0.0000000 0.0000000 0.0021243 0.0000000 0.0000000 0.1178220
 27 K  27 0.1103435 0.0915509 0.0000000 0.0088862 0.0164195 0.1551604 0.0098365 0.0101654 0.0139545 0.0000000 0.3495332 0.0819588 0.0178960 0.0017222 0.0000000 0.0871297 0.0125795 0.0000000 0.0047968 0.0280668
 28 N  28 0.0701615 0.0227477 0.0524488 0.0169240 0.0206992 0.2224394 0.0464987 0.0076366 0.0254158 0.0073825 0.0662640 0.0828709 0.0243201 0.0000000 0.0000000 0.2005897 0.1291494 0.0000000 0.0000000 0.0044517
 29 A  29 0.2884555 0.0000000 0.0055442 0.0000000 0.0118622 0.0071350 0.0056600 0.0063493 0.0326643 0.0661123 0.3852253 0.0000000 0.0227766 0.0082322 0.0063167 0.0763755 0.0498167 0.0000000 0.0000000 0.0274744
 30 Y  30 0.0258085 0.0240255 0.0312447 0.0810618 0.0112281 0.0713724 0.1495042 0.0439225 0.0056264 0.0213193 0.0000000 0.1858959 0.0136696 0.1170358 0.0084245 0.0710316 0.0483310 0.0000000 0.0462540 0.0442443
 31 Q  31 0.1253740 0.0084112 0.1452421 0.2804458 0.0044900 0.0415102 0.1081736 0.0295853 0.0000000 0.0059394 0.0042308 0.0128327 0.0000000 0.0000000 0.0000000 0.1034800 0.1302851 0.0000000 0.0000000 0.0000000
 32 N  32 0.0477521 0.0718142 0.0149143 0.0459653 0.0000000 0.1123810 0.1922719 0.0113811 0.0239723 0.0439219 0.0456523 0.0508022 0.0207348 0.0000000 0.1272140 0.0720407 0.0352603 0.0000000 0.0106189 0.0733025
 33 D  33 0.0163245 0.0000000 0.0711385 0.2699412 0.0000000 0.0703512 0.3928247 0.0997942 0.0047302 0.0000000 0.0000000 0.0490397 0.0000000 0.0036707 0.0000000 0.0069748 0.0084240 0.0000000 0.0000000 0.0067862
 34 L  34 0.0492504 0.0222219 0.0057665 0.1032907 0.0000000 0.0898036 0.3894596 0.0000000 0.0124256 0.0093729 0.1529872 0.0689508 0.0136830 0.0258445 0.0000000 0.0192218 0.0059710 0.0059053 0.0000000 0.0258452
 35 H  35 0.0874588 0.0000000 0.0000000 0.0177512 0.2443973 0.0563794 0.0398742 0.0034845 0.1414366 0.1098981 0.1159178 0.0000000 0.0741315 0.0150226 0.0000000 0.0000000 0.0120978 0.0000000 0.0071607 0.0749894
 36 L  36 0.0738906 0.0423056 0.0171317 0.0856635 0.0000000 0.0941256 0.1158989 0.0131508 0.0295872 0.0132921 0.1055131 0.0360744 0.0080865 0.0358227 0.0000000 0.0161834 0.0120142 0.0000000 0.2907268 0.0105330
 37 P  37 0.1435519 0.1362746 0.0224667 0.0894025 0.0028016 0.0482573 0.0973701 0.0017970 0.0015560 0.0127211 0.0471469 0.0274256 0.0674623 0.0000000 0.1696204 0.0590226 0.0424015 0.0000000 0.0000000 0.0307220
 38 L  38 0.0182792 0.0088145 0.0000000 0.0000000 0.0000000 0.0000000 0.0000000 0.0000000 0.0000000 0.0566950 0.3421910 0.0069376 0.0233234 0.5105496 0.0000000 0.0000000 0.0000000 0.0000000 0.0000000 0.0332098
 39 L  39 0.0000000 0.0000000 0.0000000 0.0000000 0.0157627 0.0000000 0.0000000 0.0000000 0.0000000 0.0051222 0.5573079 0.0000000 0.0231158 0.3919558 0.0000000 0.0000000 0.0000000 0.0000000 0.0000000 0.0067356
 40 N  40 0.0385503 0.0503940 0.0148998 0.1189129 0.0000000 0.1949392 0.2824250 0.0396005 0.0263437 0.0059151 0.0086434 0.0255264 0.0061895 0.0000000 0.0121167 0.0394963 0.1319910 0.0000000 0.0040562 0.0000000
 41 L  41 0.0333345 0.0000000 0.0000000 0.4500013 0.0447712 0.0028252 0.0400102 0.0033116 0.0000000 0.0000000 0.2993848 0.0000000 0.0751712 0.0157627 0.0000000 0.0228593 0.0000000 0.0000000 0.0000000 0.0125679
 42 M  42 0.0044698 0.0000000 0.0000000 0.0000000 0.0000000 0.0000000 0.0000000 0.0000000 0.0000000 0.1181896 0.6436181 0.0000000 0.0972797 0.0530387 0.0000000 0.0000000 0.0000000 0.0000000 0.0000000 0.0834041
 43 L  43 0.0504204 0.0000000 0.0000000 0.0000000 0.3645060 0.0000000 0.0000000 0.0000000 0.0000000 0.0000000 0.4291323 0.0000000 0.0697024 0.0756194 0.0000000 0.0000000 0.0106195 0.0000000 0.0000000 0.0000000
 44 T  44 0.0000000 0.0000000 0.0000000 0.0000000 0.0000000 0.0000000 0.0000000 0.0000000 0.0000000 0.0000000 0.0000000 0.0000000 0.0000000 0.0000000 0.0000000 0.0407833 0.9592167 0.0000000 0.0000000 0.0000000
 45 P  45 0.0555383 0.0119094 0.0000000 0.0129888 0.0000000 0.0058677 0.0485745 0.0000000 0.0107327 0.1341715 0.0092088 0.0274118 0.0149125 0.0127782 0.4727964 0.0144953 0.0113627 0.0000000 0.0155995 0.1416521
 46 D  46 0.1596797 0.0428321 0.1332081 0.3335893 0.0000000 0.0087170 0.0696650 0.0700885 0.0047215 0.0041521 0.0000000 0.0646330 0.0000000 0.0000000 0.0120959 0.0776035 0.0109891 0.0000000 0.0000000 0.0080251
 47 E  47 0.0000000 0.0000000 0.0000000 0.0080251 0.0000000 0.0000000 0.9919749 0.0000000 0.0000000 0.0000000 0.0000000 0.0000000 0.0000000 0.0000000 0.0000000 0.0000000 0.0000000 0.0000000 0.0000000 0.0000000
 48 R  48 0.0071817 0.3844203 0.0000000 0.0000000 0.0000000 0.0278092 0.0000000 0.0000000 0.0000000 0.1944514 0.2594325 0.0326794 0.0236855 0.0000000 0.0000000 0.0000000 0.0104134 0.0000000 0.0146305 0.0452961
 49 E  49 0.0396423 0.0576754 0.0355888 0.0854344 0.0149405 0.1056524 0.2499253 0.0105504 0.0072422 0.0000000 0.0474008 0.1758439 0.0091921 0.0059613 0.0000000 0.0696938 0.0787489 0.0000000 0.0000000 0.0065076
 50 A  50 0.5310011 0.0048553 0.0000000 0.1183176 0.0000000 0.0220772 0.0805505 0.0040562 0.0000000 0.0000000 0.0000000 0.0038280 0.0055176 0.0000000 0.0000000 0.1922566 0.0230791 0.0000000 0.0000000 0.0144607
 51 L  51 0.0000000 0.0000000 0.0000000 0.0000000 0.0000000 0.0000000 0.0000000 0.0000000 0.0000000 0.1672807 0.4902867 0.0000000 0.1809600 0.0888102 0.0000000 0.0000000 0.0117565 0.0000000 0.0000000 0.0609059
 52 G  52 0.4304427 0.0000000 0.0174297 0.0000000 0.0068644 0.0141132 0.0189606 0.1933564 0.0000000 0.0404647 0.0212138 0.0028029 0.0031174 0.0049368 0.0000000 0.1705815 0.0270574 0.0000000 0.0000000 0.0486584
 53 T  53 0.1086554 0.0036446 0.0537744 0.0667476 0.0000000 0.3118064 0.0347349 0.0491810 0.0064531 0.0000000 0.0972552 0.0529878 0.0045784 0.0000000 0.0000000 0.0288477 0.1794770 0.0000000 0.0000000 0.0018564
 54 R  54 0.0000000 1.0000000 0.0000000 0.0000000 0.0000000 0.0000000 0.0000000 0.0000000 0.0000000 0.0000000 0.0000000 0.0000000 0.0000000 0.0000000 0.0000000 0.0000000 0.0000000 0.0000000 0.0000000 0.0000000
 55 V  55 0.0029893 0.0000000 0.0000000 0.0000000 0.0000000 0.0000000 0.0000000 0.0000000 0.0000000 0.0485764 0.4095651 0.0000000 0.0033457 0.0635167 0.0000000 0.0000000 0.0090774 0.1834713 0.0403040 0.2391541
 56 R  56 0.0479773 0.2696549 0.1039427 0.0094829 0.0038850 0.1777021 0.1915446 0.0000000 0.0230644 0.0000000 0.0626313 0.0749062 0.0067497 0.0000000 0.0000000 0.0194164 0.0028787 0.0000000 0.0022903 0.0038732
 57 I  57 0.0060282 0.0000000 0.0000000 0.0000000 0.0000000 0.0000000 0.0000000 0.0000000 0.0000000 0.4399525 0.0982531 0.0000000 0.0038449 0.0000000 0.0000000 0.0000000 0.0000000 0.0000000 0.0000000 0.4519213
 58 V  58 0.3386549 0.0000000 0.0000000 0.0000000 0.0093603 0.0000000 0.0000000 0.0000000 0.0000000 0.1549520 0.0427134 0.0000000 0.0172084 0.1142773 0.0000000 0.0026499 0.0158589 0.0000000 0.0179991 0.2863258
 59 E  59 0.0549450 0.2268512 0.0268860 0.0000000 0.0173718 0.1599018 0.1176540 0.0047287 0.0356891 0.0000000 0.0000000 0.2692830 0.0000000 0.0000000 0.0597274 0.0183583 0.0062008 0.0024027 0.0000000 0.0000000
 60 E  60 0.1091775 0.0118186 0.0000000 0.0487664 0.0000000 0.0549733 0.4052055 0.0111610 0.0047438 0.0000000 0.1191829 0.0110388 0.1435538 0.0140254 0.0000000 0.0156029 0.0294491 0.0000000 0.0115510 0.0097502
 61 L  61 0.0000000 0.0000000 0.0000000 0.0000000 0.0000000 0.0000000 0.0000000 0.0000000 0.0000000 0.0131935 0.8653605 0.0000000 0.1214460 0.0000000 0.0000000 0.0000000 0.0000000 0.0000000 0.0000000 0.0000000
 62 L  62 0.0112722 0.0329709 0.0000000 0.0888719 0.0000000 0.0064349 0.0062547 0.0032811 0.0078037 0.0376479 0.5966733 0.0046176 0.1274972 0.0091775 0.0000000 0.0070968 0.0021428 0.0000000 0.0310874 0.0271702
 63 R  63 0.0810903 0.2415603 0.0733867 0.0979504 0.0000000 0.0766110 0.1269646 0.0046114 0.0129439 0.0000000 0.0174157 0.2292104 0.0000000 0.0000000 0.0000000 0.0225412 0.0053217 0.0000000 0.0043327 0.0060596
 64 G  64 0.0260000 0.0119134 0.0257391 0.0249719 0.0022205 0.0638970 0.1230555 0.5680666 0.0067725 0.0149690 0.0000000 0.1139186 0.0027997 0.0000000 0.0000000 0.0049445 0.0107317 0.0000000 0.0000000 0.0000000
 65 E  65 0.0277104 0.0282952 0.0905632 0.0964959 0.0033403 0.0560379 0.3180581 0.2110049 0.0254590 0.0000000 0.0000000 0.0761625 0.0000000 0.0000000 0.0000000 0.0228847 0.0410131 0.0000000 0.0029747 0.0000000
 66 M  66 0.0267850 0.0397807 0.0119570 0.0041069 0.0058587 0.0070753 0.0000000 0.0000000 0.0091644 0.0663585 0.1728224 0.2042195 0.2506362 0.0146298 0.0000000 0.0113707 0.0125436 0.0027024 0.0462351 0.1137539
 67 S  67 0.0043083 0.0000000 0.0000000 0.0000000 0.0000000 0.0000000 0.0000000 0.0000000 0.0000000 0.0000000 0.0000000 0.0053998 0.0000000 0.0000000 0.1891109 0.4454559 0.3411419 0.0000000 0.0068971 0.0076861
 68 Q  68 0.0000000 0.0000000 0.0000000 0.0000000 0.0000000 0.5485136 0.0000000 0.0000000 0.0118071 0.0000000 0.0000000 0.0000000 0.0000000 0.0152870 0.0000000 0.0000000 0.0000000 0.0000000 0.4243923 0.0000000
 69 R  69 0.0131863 0.6556294 0.0358020 0.0239290 0.0000000 0.0066661 0.0259894 0.0175156 0.0348590 0.0186652 0.0364083 0.0000000 0.0045818 0.0000000 0.0212575 0.0349775 0.0475765 0.0000000 0.0079885 0.0149681
 70 E  70 0.0320857 0.0019130 0.0000000 0.0830948 0.0000000 0.1778779 0.5600375 0.0105570 0.0108917 0.0000000 0.0000000 0.0728981 0.0000000 0.0000000 0.0000000 0.0186454 0.0229348 0.0000000 0.0000000 0.0090641
 71 L  71 0.0000000 0.0000000 0.0000000 0.0000000 0.0000000 0.0000000 0.0000000 0.0000000 0.0000000 0.7685869 0.1699366 0.0000000 0.0083143 0.0000000 0.0000000 0.0000000 0.0000000 0.0000000 0.0000000 0.0531622
 72 K  72 0.3486019 0.0040469 0.0069554 0.0000000 0.0017528 0.0788360 0.1115509 0.0000000 0.0622254 0.0059466 0.0000000 0.1693612 0.0117237 0.0000000 0.0000000 0.1485793 0.0027578 0.0000000 0.0039407 0.0437213
 73 N  73 0.1187050 0.0237893 0.1482419 0.0330473 0.0030930 0.1791766 0.2366126 0.0097968 0.0081552 0.0051670 0.0028948 0.1333966 0.0000000 0.0000000 0.0000000 0.0706747 0.0272491 0.0000000 0.0000000 0.0000000
 74 E  74 0.0491979 0.0635401 0.0575367 0.0330004 0.0024323 0.1177038 0.3204269 0.0000000 0.0146704 0.0210321 0.0720523 0.1296166 0.0633022 0.0000000 0.0000000 0.0183765 0.0252713 0.0000000 0.0000000 0.0118407
 75 F  75 0.0149654 0.0000000 0.0000000 0.0000000 0.0000000 0.0000000 0.0000000 0.0000000 0.0195127 0.0190582 0.4171975 0.0000000 0.0000000 0.0344344 0.0000000 0.0087612 0.4081796 0.0000000 0.0666784 0.0112127
 76 G  76 0.0098249 0.0031636 0.0757860 0.0000000 0.0000000 0.0545839 0.0220764 0.7773198 0.0162923 0.0000000 0.0000000 0.0125671 0.0000000 0.0000000 0.0038066 0.0245796 0.0000000 0.0000000 0.0000000 0.0000000
 77 A  77 0.4325358 0.0000000 0.0000000 0.0000000 0.0072528 0.0000000 0.0000000 0.0000000 0.0000000 0.0982249 0.0272634 0.0059466 0.0278226 0.0000000 0.0000000 0.0000000 0.0663125 0.0000000 0.0000000 0.3346415
 78 G  78 0.0000000 0.0000000 0.0000000 0.0000000 0.0000000 0.0000000 0.0000000 0.3134052 0.0000000 0.0000000 0.0000000 0.0000000 0.0000000 0.0000000 0.0000000 0.6865948 0.0000000 0.0000000 0.0000000 0.0000000
 79 I  79 0.0576467 0.0000000 0.0000000 0.0000000 0.0000000 0.0000000 0.0000000 0.0000000 0.0000000 0.3872432 0.0978611 0.0000000 0.0072528 0.0000000 0.0195660 0.0622456 0.2794096 0.0000000 0.0000000 0.0887748
 80 A  80 0.7488872 0.0000000 0.0000000 0.0000000 0.1056000 0.0000000 0.0000000 0.0072528 0.0000000 0.0000000 0.0000000 0.0000000 0.0000000 0.0000000 0.0000000 0.0000000 0.1382600 0.0000000 0.0000000 0.0000000
 81 T  81 0.0000000 0.0000000 0.0061324 0.0000000 0.0000000 0.0144540 0.0000000 0.0000000 0.0000000 0.0204589 0.0000000 0.0926561 0.0000000 0.0000000 0.0000000 0.0079750 0.8583237 0.0000000 0.0000000 0.0000000
 82 I  82 0.0000000 0.0000000 0.0000000 0.0000000 0.0000000 0.0000000 0.0000000 0.0000000 0.0000000 0.8505560 0.0000000 0.0000000 0.0000000 0.0000000 0.0000000 0.0000000 0.0042666 0.0000000 0.0000000 0.1451774
 83 T  83 0.0117717 0.0000000 0.0000000 0.0000000 0.0059160 0.0000000 0.0000000 0.0558377 0.0000000 0.0000000 0.0000000 0.0000000 0.0000000 0.0059466 0.0000000 0.3561751 0.5453306 0.0000000 0.0000000 0.0190223
 84 R  84 0.0000000 1.0000000 0.0000000 0.0000000 0.0000000 0.0000000 0.0000000 0.0000000 0.0000000 0.0000000 0.0000000 0.0000000 0.0000000 0.0000000 0.0000000 0.0000000 0.0000000 0.0000000 0.0000000 0.0000000
 85 G  85 0.0061658 0.0000000 0.0000000 0.0000000 0.0546315 0.0000000 0.0000000 0.4934225 0.0000000 0.0408749 0.0000000 0.0000000 0.0000000 0.0000000 0.0000000 0.0000000 0.0032737 0.0000000 0.0000000 0.4016316
 86 S  86 0.1584732 0.0111903 0.1292365 0.0000000 0.0000000 0.0000000 0.0000000 0.0000000 0.0000000 0.0000000 0.0000000 0.1557798 0.0000000 0.0000000 0.0000000 0.5453202 0.0000000 0.0000000 0.0000000 0.0000000
 87 N  87 0.0104677 0.4420180 0.4052703 0.0000000 0.0000000 0.0000000 0.0000000 0.0000000 0.0000000 0.0000000 0.0000000 0.1422440 0.0000000 0.0000000 0.0000000 0.0000000 0.0000000 0.0000000 0.0000000 0.0000000
 88 S  88 0.1317892 0.0000000 0.0243149 0.0000000 0.1656507 0.0000000 0.1418143 0.0081070 0.0000000 0.0299665 0.0062583 0.0000000 0.0463773 0.0635887 0.0000000 0.2607915 0.0398468 0.0000000 0.0619144 0.0195805
 89 L  89 0.0000000 0.0000000 0.0000000 0.0000000 0.0000000 0.0000000 0.0000000 0.0000000 0.0000000 0.0387976 0.9170427 0.0000000 0.0140519 0.0110265 0.0000000 0.0000000 0.0000000 0.0000000 0.0101325 0.0089488
 90 K  90 0.0129209 0.0164658 0.2198678 0.0135882 0.0000000 0.0556021 0.0364855 0.0111285 0.0158842 0.0049171 0.0041437 0.5735379 0.0021482 0.0000000 0.0000000 0.0166504 0.0109910 0.0000000 0.0056688 0.0000000
 91 A  91 0.0645669 0.0157365 0.0494410 0.0511533 0.0000000 0.0485606 0.0454063 0.0303250 0.0808798 0.0203722 0.0118235 0.0845002 0.0127235 0.0156222 0.0000000 0.1561888 0.0909560 0.0098585 0.2118855 0.0000000
 92 A  92 0.1945447 0.0253681 0.0132817 0.0136727 0.0182240 0.0288348 0.0533672 0.3112933 0.0276533 0.0208248 0.0535619 0.0705646 0.1282392 0.0000000 0.0103016 0.0158322 0.0073004 0.0000000 0.0000000 0.0071355
 93 P  93 0.1456654 0.0068608 0.1198329 0.1457290 0.0068255 0.0059613 0.0361751 0.0252755 0.0077983 0.0000000 0.0000000 0.0105548 0.0000000 0.0046806 0.2117962 0.2208156 0.0437774 0.0000000 0.0082517 0.0000000
 94 V  94 0.0648172 0.0000000 0.0226129 0.2787914 0.0000000 0.0225038 0.0832971 0.0730373 0.0402279 0.0145969 0.0112084 0.0153660 0.0000000 0.0000000 0.1934205 0.1363022 0.0103922 0.0000000 0.0000000 0.0334262
 95 E  95 0.1673473 0.0297277 0.0176451 0.0994192 0.0000000 0.0740788 0.1598399 0.2814507 0.0076319 0.0163234 0.0000000 0.0406214 0.0000000 0.0000000 0.0189579 0.0155835 0.0180179 0.0000000 0.0150584 0.0382969
 96 L  96 0.0149655 0.0000000 0.0000000 0.0149107 0.0093180 0.0275211 0.1032934 0.0303483 0.0130156 0.0184827 0.1903394 0.0000000 0.0000000 0.1587716 0.0000000 0.0058448 0.0311337 0.0000000 0.3164553 0.0655998
 97 R  97 0.0398286 0.2666365 0.0151039 0.0217722 0.0000000 0.0287889 0.0224281 0.0000000 0.0000000 0.0188615 0.0346838 0.4521540 0.0225468 0.0073506 0.0000000 0.0000000 0.0205689 0.0060317 0.0304552 0.0127893
 98 Q  98 0.1428554 0.1118187 0.0355660 0.0617053 0.0000000 0.1241863 0.0991677 0.0034727 0.0067596 0.0328870 0.1347942 0.0948389 0.0421544 0.0062956 0.0000000 0.0441926 0.0249110 0.0000000 0.0000000 0.0343947
 99 W  99 0.1079206 0.0091755 0.0072503 0.0000000 0.0000000 0.0138538 0.0060504 0.0000000 0.0000000 0.1589632 0.1166552 0.0386352 0.0267731 0.0429023 0.0000000 0.0033153 0.0211976 0.2981222 0.0000000 0.1491852
100 L 100 0.0074424 0.0000000 0.0000000 0.0000000 0.0000000 0.0000000 0.0000000 0.0000000 0.0000000 0.0996449 0.7436425 0.0051580 0.0232435 0.0413628 0.0000000 0.0000000 0.0000000 0.0000000 0.0000000 0.0795058
101 E 101 0.0582078 0.0456323 0.0309372 0.1233142 0.0000000 0.0689379 0.3627096 0.0126412 0.0000000 0.0227476 0.0278019 0.1256593 0.0073052 0.0000000 0.0033902 0.0804408 0.0132103 0.0000000 0.0000000 0.0170644
102 E 102 0.1345461 0.2784899 0.0348033 0.0787112 0.0000000 0.1043987 0.0987383 0.0132008 0.0200123 0.0000000 0.0171346 0.1244054 0.0034753 0.0133580 0.0000000 0.0331592 0.0349541 0.0000000 0.0000000 0.0106126
103 V 103 0.0175322 0.0498415 0.0406498 0.0000000 0.0000000 0.2435950 0.0155503 0.0121126 0.0307343 0.0085794 0.4299971 0.0564465 0.0133254 0.0067431 0.0000000 0.0071313 0.0045845 0.0000000 0.0262667 0.0369105
104 L 104 0.0130783 0.0086016 0.0152694 0.0052075 0.0000000 0.0352889 0.0163169 0.0092883 0.0000000 0.1729583 0.6568028 0.0100610 0.0041213 0.0080706 0.0000000 0.0117375 0.0070651 0.0000000 0.0037882 0.0223444
105 L 105 0.0449322 0.0101751 0.0239730 0.0434603 0.0000000 0.0000000 0.0949028 0.0205686 0.0000000 0.0653482 0.4143077 0.1806024 0.0253333 0.0000000 0.0000000 0.0350986 0.0151990 0.0000000 0.0000000 0.0260989
106 K 106 0.0839934 0.0833226 0.0866920 0.0057205 0.0000000 0.0995181 0.0294180 0.0235804 0.0660329 0.0000000 0.0137064 0.3126142 0.0000000 0.0000000 0.1107275 0.0133190 0.0544207 0.0000000 0.0000000 0.0169345
107 S 107 0.0910289 0.0000000 0.2357279 0.0102291 0.0000000 0.0864458 0.0416225 0.0239745 0.0244227 0.0000000 0.0000000 0.2195600 0.0000000 0.0120355 0.0526390 0.1142182 0.0495799 0.0000000 0.0000000 0.0385160
108 D 108 0.0000000 0.0000000 0.3329031 0.4522887 0.0000000 0.0000000 0.2148083 0.0000000 0.0000000 0.0000000 0.0000000 0.0000000 0.0000000 0.0000000 0.0000000 0.0000000 0.0000000 0.0000000 0.0000000 0.0000000
