  108         A         R         N         D         C         Q         E         G         H         I         L         K         M         F         P         S         T         W         Y         V         X    
  1 M   1 0.0000000 0.0000000 0.0000000 0.0000000 0.0000000 0.0000000 0.0000000 0.0000000 0.0000000 0.0000000 0.0000000 0.0000000 0.2109369 0.0000000 0.0000000 0.0000000 0.0000000 0.0000000 0.0000000 0.0000000 0.7890631
  2 A   2 0.0096802 0.0000000 0.0308695 0.0000000 0.0000000 0.0000000 0.0034439 0.0000000 0.0000000 0.0060096 0.0000000 0.0375736 0.0000000 0.0000000 0.0000000 0.0030574 0.1285811 0.0000000 0.0000000 0.0046425 0.7761421
  3 Q   3 0.0124213 0.0090208 0.0140173 0.0054983 0.0000000 0.1166953 0.0074851 0.0000000 0.0000000 0.0041716 0.0077159 0.0086938 0.0000000 0.0000000 0.0229033 0.0124342 0.0062569 0.0000000 0.0000000 0.0043674 0.7683189
  4 Q   4 0.0000000 0.0434841 0.0350272 0.0039079 0.0000000 0.0198243 0.0043674 0.0000000 0.0446529 0.0052299 0.0143764 0.0164811 0.0000000 0.0000000 0.0176845 0.0125280 0.0060027 0.0000000 0.0150556 0.0000000 0.7613780
  5 S   5 0.0034628 0.0034639 0.0065840 0.0060935 0.0000000 0.0040051 0.0092202 0.0000000 0.0133620 0.0000000 0.0000000 0.0122581 0.0000000 0.0052451 0.0353261 0.1246138 0.0105268 0.0000000 0.0072099 0.0000000 0.7586287
  6 P   6 0.0371815 0.0051480 0.0000000 0.0000000 0.0000000 0.0040051 0.0000000 0.0060935 0.0035622 0.0032244 0.0557520 0.0000000 0.0137945 0.0052451 0.0560735 0.0174619 0.0143272 0.0000000 0.0000000 0.0290273 0.7491038
  7 Y   7 0.0026232 0.0065840 0.0199639 0.0051480 0.0000000 0.0027494 0.0126641 0.0060935 0.0114911 0.0151482 0.0089909 0.0143125 0.0000000 0.0000000 0.0081126 0.0149760 0.0242204 0.0029991 0.0612531 0.0113312 0.7713387
  8 S   8 0.0000000 0.0056123 0.0000000 0.0976445 0.0000000 0.0000000 0.0000000 0.0118849 0.0034559 0.0000000 0.0000000 0.0092202 0.0000000 0.0000000 0.0265503 0.0748442 0.0296143 0.0000000 0.0000000 0.0000000 0.7411734
  9 A   9 0.0351290 0.0000000 0.0000000 0.0000000 0.0000000 0.0000000 0.0257718 0.0060027 0.0000000 0.0000000 0.0000000 0.0065840 0.0000000 0.0000000 0.1449773 0.0550774 0.0234954 0.0000000 0.0000000 0.0000000 0.7029623
 10 A  10 0.1624392 0.0073762 0.0126840 0.0043988 0.0057914 0.0054983 0.0257354 0.0103655 0.0054362 0.0065840 0.0097376 0.0000000 0.0031736 0.0000000 0.0000000 0.0034442 0.0197527 0.0000000 0.0000000 0.0138137 0.7037692
 11 M  11 0.0280581 0.0000000 0.0000000 0.0000000 0.0000000 0.0188182 0.0140622 0.0060027 0.0000000 0.0422217 0.0793819 0.0187365 0.0391207 0.0074860 0.0208432 0.0184628 0.0357675 0.0000000 0.0000000 0.0156857 0.6553528
 12 A  12 0.0950406 0.0000000 0.0052359 0.0508016 0.0000000 0.0301807 0.0164051 0.0042225 0.0000000 0.0039982 0.0000000 0.0185102 0.0000000 0.0054983 0.0065388 0.0999681 0.0358947 0.0000000 0.0000000 0.0153382 0.6123671
 13 E  13 0.0276836 0.0224002 0.0184129 0.0037431 0.0000000 0.0766281 0.1378445 0.0000000 0.0034053 0.0000000 0.0000000 0.0201350 0.0000000 0.0000000 0.0683290 0.0138415 0.0324368 0.0000000 0.0000000 0.0000000 0.5751402
 14 Q  14 0.0368621 0.0485445 0.0157805 0.0328044 0.0000000 0.1034294 0.0402053 0.0000000 0.0000000 0.0065840 0.0408429 0.0000000 0.0000000 0.0000000 0.0876450 0.0332119 0.0000000 0.0000000 0.0000000 0.0092202 0.5448700
 15 R  15 0.0262257 0.0804278 0.0300457 0.0962409 0.0000000 0.0237521 0.0855417 0.0148983 0.0041380 0.0092202 0.0060027 0.0306606 0.0032217 0.0054362 0.0037431 0.0339681 0.0076237 0.0000000 0.0075465 0.0347576 0.4965494
 16 H  16 0.0219915 0.0115185 0.1649095 0.0752864 0.0000000 0.0122189 0.0747420 0.0059769 0.0169579 0.0147899 0.0111196 0.0000000 0.0000000 0.0196889 0.0200070 0.0197156 0.0088926 0.0000000 0.0515134 0.0000000 0.4706713
 17 Q  17 0.0553681 0.0025531 0.0171393 0.0813717 0.0000000 0.1233598 0.1208555 0.0000000 0.0000000 0.0000000 0.0000000 0.0827105 0.0037670 0.0000000 0.0127428 0.0422706 0.0422243 0.0000000 0.0000000 0.0097589 0.4058785
 18 E  18 0.0272977 0.0111703 0.0679591 0.1392734 0.0000000 0.0530018 0.1754208 0.0426346 0.0576795 0.0000000 0.0000000 0.0000000 0.0000000 0.0000000 0.0000000 0.0260334 0.0165488 0.0000000 0.0072894 0.0000000 0.3756913
 19 W  19 0.0032221 0.0000000 0.0000000 0.0000000 0.0000000 0.0074028 0.0000000 0.0000000 0.0000000 0.0197395 0.0909803 0.0000000 0.0054030 0.0233968 0.0000000 0.0000000 0.0235545 0.3823634 0.0497200 0.0348579 0.3593597
 20 L  20 0.0080194 0.0399404 0.0450077 0.2450145 0.0000000 0.2051168 0.0410060 0.0163925 0.0135265 0.0000000 0.1174446 0.0671180 0.0000000 0.0000000 0.0000000 0.0217406 0.0142479 0.0000000 0.0000000 0.0033786 0.1620465
 21 R  21 0.0995114 0.1640358 0.0150112 0.0453496 0.0122456 0.2141291 0.1227528 0.0114374 0.0042680 0.0000000 0.0456495 0.0173544 0.0171652 0.0023809 0.0000000 0.0643300 0.0190214 0.0000000 0.0137352 0.0036627 0.1279597
 22 F  22 0.0000000 0.0000000 0.0000000 0.0000000 0.0000000 0.0000000 0.0000000 0.0000000 0.0000000 0.0471694 0.4799643 0.0000000 0.0089561 0.3133083 0.0000000 0.0000000 0.0000000 0.0000000 0.0000000 0.0869517 0.0636502
 23 V  23 0.0676533 0.0000000 0.0000000 0.0000000 0.0753453 0.0000000 0.0000000 0.0000000 0.0053863 0.0854789 0.1652927 0.0048747 0.0228059 0.2049363 0.0000000 0.0209275 0.0060463 0.0000000 0.0208637 0.2609904 0.0593987
 24 D  24 0.0689564 0.0930464 0.0430147 0.1857100 0.0054250 0.0576429 0.2952413 0.0112202 0.0197080 0.0000000 0.0000000 0.0688453 0.0055165 0.0046863 0.0000000 0.0154021 0.0581383 0.0000000 0.0000000 0.0080478 0.0593987
 25 L  25 0.3161723 0.0027226 0.0000000 0.0000000 0.0000000 0.0000000 0.0000000 0.0189842 0.0346255 0.0526908 0.3554619 0.0333706 0.0153531 0.0180968 0.0000000 0.0162246 0.0247981 0.0000000 0.0067562 0.0453444 0.0593987
 26 L  26 0.0054138 0.0000000 0.0000000 0.0000000 0.0235913 0.0000000 0.0000000 0.0000000 0.0000000 0.2660863 0.4491528 0.0000000 0.0271450 0.0541977 0.0000000 0.0000000 0.0020047 0.0000000 0.0000000 0.1074040 0.0650044
 27 K  27 0.0995620 0.1087878 0.0000000 0.0077639 0.0145435 0.1347592 0.0088164 0.0088895 0.0127231 0.0000000 0.3266310 0.0711035 0.0163006 0.0019005 0.0000000 0.0776814 0.0114346 0.0000000 0.0042698 0.0255395 0.0692936
 28 N  28 0.0644546 0.0201283 0.0469388 0.0149017 0.0211735 0.2245996 0.0428807 0.0067792 0.0228898 0.0066525 0.0609559 0.0739268 0.0217103 0.0000000 0.0000000 0.1849502 0.1180021 0.0000000 0.0000000 0.0040515 0.0650044
 29 A  29 0.2838085 0.0000000 0.0049303 0.0000000 0.0109238 0.0064743 0.0051419 0.0056834 0.0296189 0.0599824 0.3625706 0.0000000 0.0207929 0.0065329 0.0054869 0.0670303 0.0445289 0.0000000 0.0000000 0.0253947 0.0610993
 30 Y  30 0.0232318 0.0222889 0.0295729 0.0746768 0.0099391 0.0655071 0.1391449 0.0403311 0.0051634 0.0189954 0.0000000 0.1796961 0.0118237 0.1042287 0.0081267 0.0647710 0.0440839 0.0000000 0.0687058 0.0397527 0.0499600
 31 Q  31 0.1398783 0.0075640 0.1371934 0.2643430 0.0041828 0.0370378 0.0982667 0.0269010 0.0000000 0.0052451 0.0038347 0.0116203 0.0000000 0.0000000 0.0000000 0.0961122 0.1220722 0.0000000 0.0000000 0.0000000 0.0457486
 32 N  32 0.0434523 0.0665601 0.0133877 0.0416809 0.0000000 0.1007796 0.2037145 0.0104492 0.0217046 0.0422485 0.0434111 0.0488359 0.0199785 0.0000000 0.1220458 0.0651731 0.0328775 0.0000000 0.0097883 0.0681639 0.0457486
 33 D  33 0.0150467 0.0000000 0.0645297 0.2770762 0.0000000 0.0643813 0.3728142 0.0902382 0.0044029 0.0000000 0.0000000 0.0452673 0.0000000 0.0039051 0.0000000 0.0065602 0.0075750 0.0000000 0.0000000 0.0063416 0.0418616
 34 L  34 0.0457206 0.0203189 0.0053204 0.0946884 0.0000000 0.0820939 0.3746704 0.0000000 0.0111114 0.0083725 0.1640568 0.0632355 0.0125726 0.0234619 0.0000000 0.0179508 0.0055768 0.0052299 0.0000000 0.0237577 0.0418616
 35 H  35 0.0842198 0.0000000 0.0000000 0.0159253 0.2359393 0.0497845 0.0361671 0.0031856 0.1547013 0.1012759 0.1069193 0.0000000 0.0682957 0.0135176 0.0000000 0.0000000 0.0108831 0.0000000 0.0068429 0.0704811 0.0418616
 36 L  36 0.0671055 0.0393591 0.0158575 0.0792170 0.0000000 0.0852354 0.1073563 0.0119593 0.0264440 0.0121463 0.1231143 0.0325319 0.0078582 0.0334234 0.0000000 0.0148310 0.0108092 0.0000000 0.2813689 0.0095212 0.0418616
 37 P  37 0.1340534 0.1285264 0.0217212 0.0822452 0.0026388 0.0489167 0.0906959 0.0017001 0.0014797 0.0116753 0.0426667 0.0273620 0.0609762 0.0000000 0.1787571 0.0551885 0.0410592 0.0000000 0.0000000 0.0284760 0.0418616
 38 L  38 0.0173072 0.0084554 0.0000000 0.0000000 0.0000000 0.0000000 0.0000000 0.0000000 0.0000000 0.0514876 0.3405062 0.0065884 0.0210241 0.4911374 0.0000000 0.0000000 0.0000000 0.0000000 0.0000000 0.0304621 0.0330316
 39 L  39 0.0000000 0.0000000 0.0000000 0.0000000 0.0143493 0.0000000 0.0000000 0.0000000 0.0000000 0.0045902 0.5462632 0.0000000 0.0203599 0.3753595 0.0000000 0.0000000 0.0000000 0.0000000 0.0000000 0.0060463 0.0330316
 40 N  40 0.0358097 0.0483610 0.0133945 0.1131448 0.0000000 0.2052154 0.2741470 0.0357731 0.0240672 0.0054250 0.0078447 0.0242231 0.0056834 0.0000000 0.0109210 0.0365873 0.1225792 0.0000000 0.0037920 0.0000000 0.0330316
 41 L  41 0.0314078 0.0000000 0.0000000 0.4373677 0.0404877 0.0027305 0.0371004 0.0031564 0.0000000 0.0000000 0.2986922 0.0000000 0.0686421 0.0143493 0.0000000 0.0214429 0.0000000 0.0000000 0.0000000 0.0115915 0.0330316
 42 M  42 0.0040730 0.0000000 0.0000000 0.0000000 0.0000000 0.0000000 0.0000000 0.0000000 0.0000000 0.1152854 0.5996064 0.0000000 0.1157809 0.0484502 0.0000000 0.0000000 0.0000000 0.0000000 0.0000000 0.0837725 0.0330316
 43 L  43 0.0512077 0.0000000 0.0000000 0.0000000 0.3528870 0.0000000 0.0000000 0.0000000 0.0000000 0.0000000 0.4207299 0.0000000 0.0632987 0.0692048 0.0000000 0.0000000 0.0096403 0.0000000 0.0000000 0.0000000 0.0330316
 44 T  44 0.0000000 0.0000000 0.0000000 0.0000000 0.0000000 0.0000000 0.0000000 0.0000000 0.0000000 0.0000000 0.0000000 0.0000000 0.0000000 0.0000000 0.0000000 0.0381108 0.9288577 0.0000000 0.0000000 0.0000000 0.0330316
 45 P  45 0.0504047 0.0107242 0.0000000 0.0122357 0.0000000 0.0054610 0.0449853 0.0000000 0.0096937 0.1346882 0.0084975 0.0250076 0.0143470 0.0116293 0.4633733 0.0148695 0.0107056 0.0000000 0.0153824 0.1349635 0.0330316
 46 D  46 0.1560535 0.0399730 0.1308375 0.3292519 0.0000000 0.0087703 0.0638953 0.0659864 0.0043729 0.0054383 0.0000000 0.0614932 0.0000000 0.0000000 0.0111073 0.0727347 0.0105212 0.0000000 0.0000000 0.0065329 0.0330316
 47 E  47 0.0000000 0.0000000 0.0000000 0.0065329 0.0000000 0.0000000 0.9604356 0.0000000 0.0000000 0.0000000 0.0000000 0.0000000 0.0000000 0.0000000 0.0000000 0.0000000 0.0000000 0.0000000 0.0000000 0.0000000 0.0330316
 48 R  48 0.0066830 0.3772917 0.0000000 0.0000000 0.0000000 0.0261019 0.0000000 0.0000000 0.0000000 0.1873862 0.2496752 0.0297587 0.0227385 0.0000000 0.0000000 0.0000000 0.0096770 0.0000000 0.0139151 0.0437412 0.0330316
 49 E  49 0.0360669 0.0575411 0.0327755 0.0787667 0.0139365 0.0992401 0.2602754 0.0098246 0.0069782 0.0000000 0.0477356 0.1687336 0.0077437 0.0058062 0.0000000 0.0652547 0.0702699 0.0000000 0.0000000 0.0060197 0.0330316
 50 A  50 0.5241493 0.0045194 0.0000000 0.1099027 0.0000000 0.0201407 0.0760896 0.0037920 0.0000000 0.0000000 0.0000000 0.0035500 0.0051419 0.0000000 0.0000000 0.1847675 0.0216248 0.0000000 0.0000000 0.0132906 0.0330316
 51 L  51 0.0000000 0.0000000 0.0000000 0.0000000 0.0000000 0.0000000 0.0000000 0.0000000 0.0000000 0.1571957 0.4899603 0.0000000 0.1806413 0.0828269 0.0000000 0.0000000 0.0110184 0.0000000 0.0000000 0.0560973 0.0222601
 52 G  52 0.4081789 0.0000000 0.0157657 0.0000000 0.0064518 0.0138933 0.0183216 0.2028347 0.0000000 0.0371138 0.0196914 0.0124482 0.0028913 0.0047259 0.0000000 0.1656303 0.0251106 0.0000000 0.0000000 0.0446823 0.0222601
 53 T  53 0.0994819 0.0039051 0.0502960 0.0648798 0.0000000 0.3053259 0.0425452 0.0453422 0.0061151 0.0000000 0.0898469 0.0488552 0.0042488 0.0000000 0.0000000 0.0267861 0.1883463 0.0000000 0.0000000 0.0017655 0.0222601
 54 R  54 0.0000000 0.9777399 0.0000000 0.0000000 0.0000000 0.0000000 0.0000000 0.0000000 0.0000000 0.0000000 0.0000000 0.0000000 0.0000000 0.0000000 0.0000000 0.0000000 0.0000000 0.0000000 0.0000000 0.0000000 0.0222601
 55 V  55 0.0027315 0.0000000 0.0000000 0.0000000 0.0000000 0.0000000 0.0000000 0.0000000 0.0000000 0.0443346 0.3913467 0.0000000 0.0031238 0.0623424 0.0000000 0.0000000 0.0083060 0.1820258 0.0395940 0.2439352 0.0222601
 56 R  56 0.0452018 0.2731377 0.0958279 0.0090810 0.0037011 0.1668735 0.1896386 0.0000000 0.0234559 0.0000000 0.0670524 0.0700326 0.0064261 0.0000000 0.0000000 0.0181846 0.0029845 0.0000000 0.0022554 0.0038870 0.0222601
 57 I  57 0.0052359 0.0000000 0.0000000 0.0000000 0.0000000 0.0000000 0.0000000 0.0000000 0.0000000 0.3917826 0.0876354 0.0000000 0.0317963 0.0000000 0.0000000 0.0000000 0.0000000 0.0000000 0.0000000 0.4345122 0.0490376
 58 V  58 0.3361477 0.0000000 0.0000000 0.0000000 0.0369126 0.0000000 0.0000000 0.0000000 0.0000000 0.1373641 0.0388434 0.0000000 0.0158757 0.1059182 0.0000000 0.0024646 0.0143493 0.0000000 0.0161198 0.2665685 0.0294362
 59 E  59 0.0516778 0.2067340 0.0234464 0.0000000 0.0148754 0.1491340 0.1014246 0.0042225 0.0313463 0.0000000 0.0000000 0.2425212 0.0000000 0.0000000 0.0558890 0.0162432 0.0054138 0.0023509 0.0000000 0.0000000 0.0947208
 60 E  60 0.0793710 0.0115088 0.0000000 0.0355771 0.0000000 0.0396821 0.2844835 0.0084942 0.0034313 0.0000000 0.0978298 0.0083839 0.1099128 0.0102922 0.0000000 0.0114734 0.0220401 0.0000000 0.0085115 0.0070896 0.2619188
 61 L  61 0.0000000 0.0000000 0.0000000 0.0000000 0.0000000 0.0000000 0.0000000 0.0000000 0.0000000 0.0115481 0.8132628 0.0000000 0.1180930 0.0000000 0.0000000 0.0000000 0.0000000 0.0000000 0.0000000 0.0000000 0.0570962
 62 L  62 0.0104347 0.0321170 0.0000000 0.0814099 0.0000000 0.0059109 0.0067739 0.0030819 0.0170475 0.0337678 0.5587493 0.0045578 0.1140000 0.0085008 0.0000000 0.0067018 0.0021562 0.0000000 0.0289920 0.0252092 0.0605892
 63 R  63 0.0798814 0.2251540 0.0676805 0.1025808 0.0000000 0.0734648 0.1201443 0.0045296 0.0117886 0.0000000 0.0157849 0.2082015 0.0000000 0.0000000 0.0000000 0.0203676 0.0050733 0.0000000 0.0041917 0.0056096 0.0555475
 64 G  64 0.0247859 0.0116009 0.0239824 0.0249362 0.0020562 0.0593458 0.1198982 0.5332383 0.0063671 0.0136653 0.0000000 0.1046473 0.0025816 0.0000000 0.0000000 0.0046945 0.0098413 0.0000000 0.0000000 0.0000000 0.0583589
 65 E  65 0.0230011 0.0264852 0.0777121 0.0812138 0.0031910 0.0473004 0.2649516 0.1824412 0.0243729 0.0000000 0.0000000 0.0751275 0.0000000 0.0000000 0.0000000 0.0190686 0.0332445 0.0000000 0.0027548 0.0000000 0.1391354
 66 M  66 0.0220349 0.0349992 0.0102050 0.0033287 0.0047635 0.0054869 0.0000000 0.0000000 0.0074082 0.0554835 0.1474727 0.1675766 0.2183106 0.0119130 0.0000000 0.0091147 0.0109573 0.0024054 0.0371432 0.0926162 0.1587804
 67 S  67 0.0037599 0.0000000 0.0000000 0.0000000 0.0000000 0.0000000 0.0000000 0.0000000 0.0000000 0.0000000 0.0000000 0.0048414 0.0000000 0.0000000 0.1931559 0.4074448 0.3195196 0.0000000 0.0070377 0.0085621 0.0556787
 68 Q  68 0.0000000 0.0000000 0.0000000 0.0000000 0.0000000 0.5204400 0.0000000 0.0000000 0.0111846 0.0000000 0.0000000 0.0000000 0.0000000 0.0146677 0.0000000 0.0000000 0.0000000 0.0000000 0.4219114 0.0000000 0.0317963
 69 R  69 0.0115214 0.6111357 0.0349888 0.0231306 0.0000000 0.0065515 0.0254644 0.0164545 0.0335579 0.0183470 0.0379174 0.0000000 0.0044231 0.0000000 0.0229206 0.0331270 0.0454794 0.0000000 0.0274020 0.0139365 0.0336423
 70 E  70 0.0302197 0.0017916 0.0000000 0.0815975 0.0000000 0.1729964 0.5350767 0.0104111 0.0099444 0.0000000 0.0000000 0.0684320 0.0000000 0.0000000 0.0000000 0.0191730 0.0218673 0.0000000 0.0000000 0.0115023 0.0369879
 71 L  71 0.0000000 0.0000000 0.0000000 0.0000000 0.0000000 0.0000000 0.0000000 0.0000000 0.0000000 0.7583962 0.1513970 0.0000000 0.0074045 0.0000000 0.0000000 0.0000000 0.0000000 0.0000000 0.0000000 0.0510059 0.0317963
 72 K  72 0.3480261 0.0037138 0.0071225 0.0000000 0.0017451 0.0726648 0.1060105 0.0000000 0.0695306 0.0053897 0.0000000 0.1507316 0.0114954 0.0000000 0.0000000 0.1406805 0.0027367 0.0000000 0.0036627 0.0446937 0.0317963
 73 N  73 0.1097209 0.0228824 0.1324432 0.0432013 0.0028792 0.1652234 0.2278418 0.0095069 0.0075343 0.0047332 0.0027062 0.1442121 0.0000000 0.0000000 0.0000000 0.0682896 0.0270293 0.0000000 0.0000000 0.0000000 0.0317963
 74 E  74 0.0479653 0.0596607 0.0535850 0.0307838 0.0023071 0.1139547 0.3041868 0.0000000 0.0156341 0.0193789 0.0656174 0.1246083 0.0575871 0.0000000 0.0000000 0.0372177 0.0239893 0.0000000 0.0000000 0.0117274 0.0317963
 75 F  75 0.0136128 0.0000000 0.0000000 0.0000000 0.0000000 0.0000000 0.0000000 0.0000000 0.0177770 0.0178884 0.3996841 0.0000000 0.0000000 0.0313009 0.0000000 0.0073371 0.4090471 0.0000000 0.0614756 0.0100806 0.0317963
 76 G  76 0.0090208 0.0028856 0.0895287 0.0000000 0.0000000 0.0500013 0.0201465 0.7444721 0.0146973 0.0000000 0.0000000 0.0117537 0.0000000 0.0000000 0.0034933 0.0222045 0.0000000 0.0000000 0.0000000 0.0000000 0.0317963
 77 A  77 0.4341873 0.0000000 0.0000000 0.0000000 0.0064041 0.0000000 0.0000000 0.0000000 0.0000000 0.0926518 0.0251329 0.0053897 0.0251332 0.0000000 0.0000000 0.0000000 0.0608367 0.0000000 0.0000000 0.3184681 0.0317963
 78 G  78 0.0000000 0.0000000 0.0000000 0.0000000 0.0000000 0.0000000 0.0000000 0.2839536 0.0000000 0.0000000 0.0000000 0.0000000 0.0000000 0.0000000 0.0000000 0.6842501 0.0000000 0.0000000 0.0000000 0.0000000 0.0317963
 79 I  79 0.0533153 0.0000000 0.0000000 0.0000000 0.0000000 0.0000000 0.0000000 0.0000000 0.0000000 0.3618072 0.1089349 0.0000000 0.0064041 0.0000000 0.0177844 0.0596509 0.2755657 0.0000000 0.0000000 0.0847412 0.0317963
 80 A  80 0.7135723 0.0000000 0.0000000 0.0000000 0.1167513 0.0000000 0.0000000 0.0064041 0.0000000 0.0000000 0.0000000 0.0000000 0.0000000 0.0000000 0.0000000 0.0000000 0.1314761 0.0000000 0.0000000 0.0000000 0.0317963
 81 T  81 0.0000000 0.0000000 0.0055165 0.0000000 0.0000000 0.0134570 0.0000000 0.0000000 0.0000000 0.0194682 0.0000000 0.0848168 0.0000000 0.0000000 0.0000000 0.0274020 0.8175433 0.0000000 0.0000000 0.0000000 0.0317963
 82 I  82 0.0000000 0.0000000 0.0000000 0.0000000 0.0000000 0.0000000 0.0000000 0.0000000 0.0000000 0.8263995 0.0000000 0.0000000 0.0000000 0.0000000 0.0000000 0.0000000 0.0042114 0.0000000 0.0000000 0.1375928 0.0317963
 83 T  83 0.0110184 0.0000000 0.0000000 0.0000000 0.0054250 0.0000000 0.0000000 0.0546920 0.0000000 0.0000000 0.0000000 0.0000000 0.0000000 0.0053897 0.0000000 0.3473541 0.5269198 0.0000000 0.0000000 0.0174048 0.0317963
 84 R  84 0.0000000 0.9682037 0.0000000 0.0000000 0.0000000 0.0000000 0.0000000 0.0000000 0.0000000 0.0000000 0.0000000 0.0000000 0.0000000 0.0000000 0.0000000 0.0000000 0.0000000 0.0000000 0.0000000 0.0000000 0.0317963
 85 G  85 0.0054869 0.0000000 0.0000000 0.0000000 0.0504425 0.0000000 0.0000000 0.4686575 0.0000000 0.0388384 0.0000000 0.0000000 0.0000000 0.0000000 0.0000000 0.0000000 0.0030646 0.0000000 0.0000000 0.3977105 0.0357996
 86 S  86 0.1796554 0.0102944 0.1280886 0.0000000 0.0000000 0.0000000 0.0000000 0.0000000 0.0000000 0.0000000 0.0000000 0.1488944 0.0000000 0.0000000 0.0000000 0.4972677 0.0000000 0.0000000 0.0000000 0.0000000 0.0357996
 87 N  87 0.0093368 0.4546460 0.3668646 0.0000000 0.0000000 0.0000000 0.0000000 0.0000000 0.0000000 0.0000000 0.0000000 0.1333530 0.0000000 0.0000000 0.0000000 0.0000000 0.0000000 0.0000000 0.0000000 0.0000000 0.0357996
 88 S  88 0.1229029 0.0000000 0.0216067 0.0000000 0.1596740 0.0000000 0.1477627 0.0071323 0.0000000 0.0274226 0.0056834 0.0000000 0.0422970 0.0695971 0.0000000 0.2386823 0.0359344 0.0000000 0.0569942 0.0186144 0.0456960
 89 L  89 0.0000000 0.0000000 0.0000000 0.0000000 0.0000000 0.0000000 0.0000000 0.0000000 0.0000000 0.0358366 0.8757890 0.0000000 0.0128675 0.0098361 0.0000000 0.0000000 0.0000000 0.0000000 0.0093558 0.0079981 0.0483168
 90 K  90 0.0110863 0.0141512 0.2015006 0.0116222 0.0000000 0.0475738 0.0332872 0.0098558 0.0140775 0.0041716 0.0037155 0.5103014 0.0018886 0.0000000 0.0000000 0.0149859 0.0094809 0.0000000 0.0049285 0.0000000 0.1073731
 91 A  91 0.0516815 0.0129605 0.0410416 0.0438500 0.0000000 0.0400458 0.0370737 0.0253666 0.0685771 0.0172009 0.0095345 0.0889912 0.0104012 0.0129205 0.0000000 0.1246430 0.0736973 0.0073371 0.1791066 0.0000000 0.1555708
 92 A  92 0.1496538 0.0199238 0.0106681 0.0113565 0.0143493 0.0430866 0.0437096 0.2562620 0.0224460 0.0167611 0.0428546 0.0560634 0.1020309 0.0000000 0.0082864 0.0124606 0.0057914 0.0000000 0.0000000 0.0057028 0.1785933
 93 P  93 0.1184824 0.0053897 0.0985295 0.1376874 0.0054250 0.0047332 0.0291047 0.0202720 0.0063221 0.0000000 0.0000000 0.0086622 0.0000000 0.0037920 0.1645669 0.1763520 0.0368466 0.0000000 0.0066770 0.0000000 0.1771572
 94 V  94 0.0487553 0.0000000 0.0173954 0.2188045 0.0000000 0.0172481 0.0639735 0.0574487 0.0308265 0.0109797 0.0084887 0.0118790 0.0000000 0.0000000 0.1459551 0.1247185 0.0077883 0.0000000 0.0000000 0.0242588 0.2114801
 95 E  95 0.1432177 0.0218353 0.0134887 0.0739847 0.0000000 0.0551888 0.1173052 0.2169682 0.0056114 0.0122203 0.0000000 0.0299600 0.0000000 0.0000000 0.0138714 0.0116865 0.0132907 0.0000000 0.0113563 0.0311252 0.2288895
 96 L  96 0.0113018 0.0000000 0.0000000 0.0108834 0.0069834 0.0206524 0.0760523 0.0223476 0.0097883 0.0136344 0.1580268 0.0000000 0.0000000 0.1190348 0.0000000 0.0043729 0.0232564 0.0000000 0.2415498 0.0477188 0.2343969
 97 R  97 0.0511365 0.1976607 0.0115201 0.0177628 0.0000000 0.0214294 0.0168668 0.0000000 0.0000000 0.0141906 0.0258419 0.3332874 0.0166749 0.0054138 0.0000000 0.0000000 0.0148299 0.0045194 0.0223476 0.0094382 0.2370800
 98 Q  98 0.1058072 0.0844990 0.0256866 0.0450657 0.0000000 0.0901862 0.0728052 0.0025816 0.0047287 0.0248566 0.1005630 0.0693126 0.0321571 0.0051916 0.0000000 0.0319137 0.0187086 0.0000000 0.0000000 0.0458167 0.2401198
 99 W  99 0.0802376 0.0068464 0.0054271 0.0000000 0.0000000 0.0102438 0.0043984 0.0000000 0.0000000 0.1381987 0.0878787 0.0288237 0.0202189 0.0317275 0.0000000 0.0024668 0.0160059 0.2157253 0.0000000 0.1147212 0.2370800
100 L 100 0.0053863 0.0000000 0.0000000 0.0000000 0.0000000 0.0000000 0.0000000 0.0000000 0.0000000 0.0741336 0.5512787 0.0054383 0.0171703 0.0305831 0.0000000 0.0000000 0.0000000 0.0000000 0.0000000 0.0789298 0.2370800
101 E 101 0.0418902 0.0324068 0.0224003 0.1084805 0.0000000 0.0506745 0.2600531 0.0091186 0.0000000 0.0160680 0.0197360 0.0899770 0.0052558 0.0000000 0.0024646 0.0570660 0.0091378 0.0000000 0.0000000 0.0121907 0.2630799
102 E 102 0.0945240 0.2001524 0.0244312 0.0550015 0.0000000 0.0718720 0.0688413 0.0092448 0.0139195 0.0000000 0.0120635 0.1100423 0.0024541 0.0092202 0.0000000 0.0230692 0.0243077 0.0000000 0.0000000 0.0072289 0.2736275
103 V 103 0.0106773 0.0308479 0.0270508 0.0000000 0.0000000 0.1500295 0.0094297 0.0076670 0.0189150 0.0052208 0.2708477 0.0352936 0.0085581 0.0042068 0.0000000 0.0043430 0.0027011 0.0000000 0.0364499 0.0222086 0.3555533
104 L 104 0.0083160 0.0041716 0.0066048 0.0026388 0.0000000 0.0173119 0.0082398 0.0047028 0.0000000 0.0849788 0.3383890 0.0049209 0.0021070 0.0041917 0.0000000 0.0056123 0.0035184 0.0000000 0.0019059 0.0110311 0.4913593
105 L 105 0.0185103 0.0041440 0.0100030 0.0183990 0.0000000 0.0000000 0.0392043 0.0085003 0.0000000 0.0261825 0.1693854 0.0750412 0.0322042 0.0000000 0.0000000 0.0144359 0.0061607 0.0000000 0.0000000 0.0108196 0.5670096
106 K 106 0.0278324 0.0275412 0.0490015 0.0019076 0.0000000 0.0332533 0.0090052 0.0076307 0.0217642 0.0000000 0.0047162 0.1054382 0.0000000 0.0000000 0.0382341 0.0043044 0.0179111 0.0000000 0.0000000 0.0056834 0.6457764
107 S 107 0.0210329 0.0000000 0.0753607 0.0023710 0.0000000 0.0202940 0.0095019 0.0054938 0.0057312 0.0000000 0.0000000 0.0516097 0.0000000 0.0028311 0.0121183 0.0263597 0.0106461 0.0000000 0.0000000 0.0088697 0.7477799
108 D 108 0.0000000 0.0000000 0.0397782 0.0554737 0.0000000 0.0000000 0.0264517 0.0000000 0.0000000 0.0000000 0.0000000 0.0000000 0.0000000 0.0000000 0.0000000 0.0000000 0.0000000 0.0000000 0.0000000 0.0000000 0.8782964
