  135         A         R         N         D         C         Q         E         G         H         I         L         K         M         F         P         S         T         W         Y         V    
  1 M   1 0.0000000 0.0000000 0.0000000 0.0000000 0.0000000 0.0000000 0.0000000 0.0000000 0.0000000 0.0000000 0.0994818 0.0000000 0.8122421 0.0000000 0.0000000 0.0000000 0.0000000 0.0000000 0.0000000 0.0882761
  2 R   2 0.4392629 0.0875276 0.0000000 0.0000000 0.0000000 0.0000000 0.0000000 0.0230859 0.0133581 0.0000000 0.0000000 0.0357183 0.0000000 0.0000000 0.2142227 0.1026743 0.0611968 0.0000000 0.0000000 0.0229533
  3 G   3 0.0519476 0.0000000 0.0208055 0.0000000 0.0000000 0.0309302 0.0160827 0.1417563 0.0000000 0.0646104 0.0150595 0.0295243 0.3470132 0.0315495 0.0000000 0.1389419 0.0600705 0.0000000 0.0000000 0.0517084
  4 S   4 0.1696290 0.0000000 0.0121056 0.0380076 0.0000000 0.0169881 0.0149381 0.0185258 0.0000000 0.0157772 0.0594357 0.0559662 0.0311429 0.0000000 0.3716592 0.1389379 0.0075536 0.0000000 0.0000000 0.0493330
  5 M   5 0.0709930 0.0000000 0.0092210 0.0150930 0.0000000 0.0672884 0.0565807 0.0000000 0.0000000 0.0202005 0.0121443 0.0293675 0.4270382 0.0000000 0.0442241 0.0037741 0.0321806 0.0000000 0.0000000 0.2118946
  6 S   6 0.3312271 0.0000000 0.1445770 0.2202603 0.0000000 0.0659053 0.0295908 0.0000000 0.0043010 0.0000000 0.0084677 0.0261930 0.0000000 0.0000000 0.0100265 0.1305879 0.0196888 0.0058180 0.0033566 0.0000000
  7 F   7 0.0000000 0.0000000 0.0000000 0.0000000 0.0000000 0.0050250 0.0000000 0.0000000 0.0000000 0.0568818 0.1906733 0.0000000 0.0206828 0.6697966 0.0000000 0.0000000 0.0000000 0.0059900 0.0509504 0.0000000
  8 S   8 0.0970355 0.0025482 0.1155258 0.0305763 0.0322236 0.0013809 0.0506530 0.0036538 0.0000000 0.0287030 0.0969952 0.0026962 0.0094907 0.0290311 0.0000000 0.1917802 0.1362329 0.0000000 0.0277318 0.1437418
  9 G   9 0.0220063 0.0000000 0.0025874 0.0025259 0.0062925 0.0038388 0.0000000 0.9400634 0.0000000 0.0000000 0.0000000 0.0189304 0.0000000 0.0000000 0.0000000 0.0016954 0.0000000 0.0000000 0.0000000 0.0020599
 10 K  10 0.0053422 0.0732158 0.0245879 0.0040281 0.0000000 0.0037667 0.0093483 0.0000000 0.0057413 0.0092014 0.0039012 0.3190246 0.0014461 0.0048758 0.0000000 0.0534187 0.4248744 0.0000000 0.0323834 0.0248442
 11 Y  11 0.0000000 0.0000000 0.0000000 0.0000000 0.0025065 0.0000000 0.0000000 0.0000000 0.0000000 0.0000000 0.0000000 0.0000000 0.0000000 0.0752652 0.0000000 0.0051084 0.0000000 0.6385785 0.2785414 0.0000000
 12 Q  12 0.0111962 0.0880546 0.0434391 0.0235880 0.0067627 0.0978092 0.1046251 0.0000000 0.0137627 0.0097334 0.0063113 0.4927293 0.0036995 0.0000000 0.0000000 0.0208707 0.0485634 0.0000000 0.0000000 0.0288550
 13 L  13 0.0086748 0.0362855 0.0000000 0.0000000 0.0036501 0.0433938 0.0000000 0.0000000 0.0436644 0.0275914 0.4727248 0.0117717 0.1189709 0.0695210 0.0069941 0.0139020 0.0276947 0.0073574 0.0301878 0.0776153
 14 Q  14 0.0303694 0.0046330 0.0040079 0.1286550 0.0024868 0.0444325 0.1817735 0.0196066 0.0059444 0.0856919 0.0230396 0.0508992 0.0113028 0.0031866 0.0000000 0.0507723 0.0732303 0.0000000 0.0337111 0.2462570
 15 S  15 0.0290525 0.1265134 0.0072643 0.0694712 0.0000000 0.0090137 0.0734856 0.0262045 0.0630951 0.0000000 0.0000000 0.1547302 0.0000000 0.0000000 0.0000000 0.4016004 0.0355336 0.0000000 0.0019937 0.0020419
 16 Q  16 0.0058908 0.0113309 0.1339953 0.0466664 0.0169617 0.1475284 0.0341748 0.0116646 0.0241956 0.0112399 0.0042836 0.0036383 0.0000000 0.0000000 0.0000000 0.4847523 0.0482914 0.0000000 0.0030526 0.0123335
 17 E  17 0.0056920 0.0042083 0.0119819 0.1626826 0.0059264 0.0293344 0.6256923 0.0000000 0.0250054 0.0062250 0.0014937 0.0648786 0.0017154 0.0000000 0.0000000 0.0254355 0.0106247 0.0000000 0.0000000 0.0191038
 18 N  18 0.0000000 0.0069601 0.8121859 0.0131347 0.0000000 0.0029792 0.0000000 0.0886797 0.0061445 0.0000000 0.0000000 0.0333180 0.0000000 0.0000000 0.0000000 0.0258430 0.0107549 0.0000000 0.0000000 0.0000000
 19 F  19 0.0038101 0.0000000 0.0000000 0.0047320 0.0000000 0.0077255 0.0000000 0.0090546 0.0036901 0.0220233 0.0671322 0.0000000 0.0414709 0.6122457 0.0000000 0.0074627 0.0112238 0.0065066 0.1920688 0.0108537
 20 E  20 0.0054106 0.0000000 0.0217158 0.5331940 0.0000000 0.0052288 0.3597622 0.0122473 0.0013654 0.0000000 0.0143001 0.0156084 0.0000000 0.0000000 0.0047840 0.0110255 0.0038937 0.0000000 0.0000000 0.0114644
 21 A  21 0.1386692 0.0051030 0.0239699 0.1983367 0.0056245 0.0154104 0.3918111 0.0574154 0.0000000 0.0000000 0.0016017 0.0809549 0.0032681 0.0030237 0.0421224 0.0203703 0.0022648 0.0000000 0.0000000 0.0100539
 22 F  22 0.0000000 0.0000000 0.0000000 0.0000000 0.0062433 0.0041310 0.0000000 0.0000000 0.0000000 0.0360952 0.0769309 0.0000000 0.0095435 0.3723220 0.0000000 0.0000000 0.0081256 0.0071593 0.4483721 0.0310771
 23 M  23 0.0057459 0.0022886 0.0072514 0.0000000 0.0128599 0.0000000 0.0000000 0.0000000 0.0000000 0.0135809 0.4438170 0.0000000 0.4512978 0.0256663 0.0000000 0.0031224 0.0025213 0.0019432 0.0045626 0.0253428
 24 K  24 0.0622662 0.0747550 0.0083579 0.0268214 0.0000000 0.0372013 0.1210218 0.0049475 0.0101283 0.0081528 0.0207369 0.4863547 0.0027716 0.0000000 0.0058586 0.0431780 0.0558398 0.0000000 0.0041768 0.0274313
 25 A  25 0.4722027 0.0241593 0.0043874 0.0125225 0.0056064 0.0300346 0.1761364 0.0136360 0.0056009 0.0000000 0.0292856 0.1118026 0.0000000 0.0045459 0.0000000 0.0640306 0.0083887 0.0000000 0.0000000 0.0376605
 26 I  26 0.0357287 0.0201706 0.0036350 0.0000000 0.0054988 0.0210461 0.0068197 0.0039834 0.0039353 0.1506322 0.4699397 0.0311287 0.0769435 0.0138733 0.0000000 0.0188168 0.0161293 0.0000000 0.0046684 0.1170505
 27 G  27 0.0044035 0.0017481 0.0306641 0.0789535 0.0013133 0.0158495 0.0078445 0.8264192 0.0000000 0.0000000 0.0000000 0.0166135 0.0000000 0.0000000 0.0064836 0.0097075 0.0000000 0.0000000 0.0000000 0.0000000
 28 L  28 0.0323558 0.0000000 0.0057088 0.0000000 0.0045800 0.0000000 0.0000000 0.0000000 0.0025062 0.2085004 0.1512920 0.0062064 0.0146187 0.0203742 0.0041166 0.0118511 0.0234708 0.0000000 0.0311134 0.4833057
 29 P  29 0.0266606 0.0123020 0.1935920 0.0716393 0.0051865 0.0024883 0.0044868 0.2824838 0.0098466 0.0037012 0.0024080 0.0076966 0.0000000 0.0000000 0.2638807 0.1020857 0.0070277 0.0000000 0.0000000 0.0045142
 30 E  30 0.0753381 0.0200053 0.0139346 0.0692363 0.0020755 0.0313211 0.0903965 0.0000000 0.0045109 0.0388136 0.1054314 0.0296603 0.0461650 0.1887883 0.0345225 0.0374407 0.0119091 0.0934477 0.0438573 0.0631457
 31 E  31 0.2730461 0.0103373 0.0040976 0.1498646 0.0000000 0.0066306 0.0998169 0.0026326 0.0111815 0.0692962 0.0765620 0.0000000 0.0572694 0.0817621 0.0141127 0.0205783 0.0162137 0.0000000 0.0040352 0.1025631
 32 L  32 0.0599199 0.0167558 0.0107206 0.0000000 0.0000000 0.0185608 0.0043977 0.0045173 0.0126092 0.0714024 0.2136221 0.1587745 0.0603892 0.0116488 0.0081574 0.0241606 0.2197460 0.0022406 0.0171989 0.0851784
 33 I  33 0.0199036 0.6820559 0.0000000 0.0000000 0.0000000 0.0107488 0.0000000 0.0137359 0.0107002 0.1598663 0.0180576 0.0133312 0.0033566 0.0108156 0.0000000 0.0000000 0.0050407 0.0094377 0.0023956 0.0405544
 34 Q  34 0.0483007 0.0238644 0.0321139 0.0373825 0.0000000 0.1762903 0.0586276 0.0052872 0.0056097 0.0035395 0.0072928 0.4957459 0.0185897 0.0039824 0.0257594 0.0137007 0.0406567 0.0000000 0.0000000 0.0032567
 35 K  35 0.1234732 0.0217843 0.0149997 0.0000000 0.0000000 0.0179560 0.0062792 0.0050463 0.0057978 0.1684605 0.1907979 0.1271823 0.1579586 0.0036882 0.0170306 0.0089045 0.0171693 0.0024289 0.0000000 0.1110427
 36 G  36 0.4505037 0.0055284 0.0000000 0.0043775 0.0000000 0.0111667 0.0087436 0.2423428 0.0000000 0.0572531 0.0465315 0.0082530 0.0268686 0.0182568 0.0000000 0.0252307 0.0054464 0.0000000 0.0110210 0.0784763
 37 K  37 0.1163987 0.0619913 0.1366260 0.0172105 0.0635090 0.0382573 0.0136061 0.0389385 0.0069057 0.0107095 0.0848107 0.2001716 0.0058847 0.0000000 0.0038128 0.0601629 0.0795105 0.0000000 0.0000000 0.0614942
 38 D  38 0.0931690 0.0275631 0.0645571 0.1090026 0.0043535 0.0228912 0.0239722 0.0074222 0.0564897 0.0272184 0.1569180 0.0756661 0.0926061 0.0309880 0.0000000 0.0929345 0.0690302 0.0000000 0.0063715 0.0388466
 39 I  39 0.2482300 0.0000000 0.0091784 0.0435324 0.0071479 0.0057218 0.0121234 0.0154511 0.0048885 0.0664926 0.1824188 0.0128605 0.0385772 0.0725897 0.0050370 0.0596820 0.1007446 0.0000000 0.0287783 0.0865458
 40 K  40 0.0147441 0.0416362 0.0862669 0.0338782 0.0000000 0.0025422 0.0295125 0.0184529 0.0219657 0.0040442 0.0000000 0.4773779 0.0016100 0.0134277 0.0036448 0.1425006 0.0953588 0.0000000 0.0016130 0.0114243
 41 G  41 0.0230846 0.0000000 0.0028670 0.0045811 0.0034289 0.0349221 0.0028977 0.0221824 0.0069782 0.0307926 0.0872003 0.0156876 0.0102948 0.0286039 0.5756589 0.0584127 0.0138906 0.0000000 0.0072429 0.0712738
 42 V  42 0.0119459 0.0297035 0.0389512 0.0887693 0.0042858 0.0466878 0.0211010 0.0000000 0.0251175 0.0797457 0.0135495 0.0839469 0.0104519 0.0056059 0.0144289 0.0515539 0.2919674 0.0000000 0.0143530 0.1678348
 43 S  43 0.0015297 0.0014642 0.0150765 0.0079730 0.0288806 0.0354268 0.0175153 0.0000000 0.0187839 0.1036569 0.1422827 0.1375118 0.0421292 0.0277638 0.0014246 0.0569251 0.1182404 0.0000000 0.0190350 0.2243805
 44 E  44 0.0015450 0.0056960 0.0104905 0.0339009 0.0039430 0.0212346 0.4232211 0.0045559 0.0066460 0.1639331 0.0098269 0.0442655 0.0010125 0.0000000 0.0000000 0.0186366 0.1486520 0.0000000 0.0035834 0.0988568
 45 I  45 0.0030130 0.0029472 0.0000000 0.0000000 0.0131312 0.0023138 0.0000000 0.0000000 0.0187584 0.6153612 0.0698503 0.0027408 0.0066042 0.0985231 0.0000000 0.0029911 0.0053824 0.0020092 0.0209800 0.1353939
 46 V  46 0.0263168 0.0567039 0.0102728 0.0379643 0.0071135 0.0781728 0.1216600 0.0029475 0.0028711 0.0344524 0.0155191 0.0730059 0.0045302 0.0015815 0.0000000 0.2269812 0.2065583 0.0000000 0.0072379 0.0861109
 47 Q  47 0.0177587 0.0338771 0.0206031 0.0191694 0.0393047 0.3620297 0.0337709 0.0058736 0.0564413 0.0347820 0.0565855 0.1321008 0.0176303 0.0088354 0.0035923 0.0134966 0.0153509 0.0000000 0.0000000 0.1287977
 48 N  48 0.0169431 0.0106859 0.2520578 0.3184963 0.0000000 0.0293797 0.1250647 0.0088649 0.0000000 0.0022889 0.0081677 0.0618169 0.0000000 0.0015683 0.0000000 0.0831220 0.0515868 0.0000000 0.0055221 0.0244348
 49 G  49 0.0285871 0.0024873 0.0136733 0.0757080 0.0041161 0.0000000 0.0445777 0.7462423 0.0000000 0.0000000 0.0055309 0.0041044 0.0000000 0.0000000 0.0477174 0.0108105 0.0110242 0.0000000 0.0000000 0.0054210
 50 K  50 0.0098726 0.0000000 0.1928681 0.5005699 0.0050229 0.0402897 0.0623889 0.0850368 0.0018814 0.0046507 0.0000000 0.0617013 0.0000000 0.0000000 0.0047181 0.0206807 0.0103190 0.0000000 0.0000000 0.0000000
 51 H  51 0.0090520 0.0389675 0.0827622 0.0793903 0.0102215 0.0574169 0.0505715 0.0261808 0.0979835 0.0162042 0.0213371 0.1800513 0.0074380 0.0000000 0.0000000 0.0914911 0.1504625 0.0121377 0.0146820 0.0536499
 52 F  52 0.0010948 0.0000000 0.0000000 0.0000000 0.0034021 0.0000000 0.0011930 0.0000000 0.0036630 0.1231988 0.0974748 0.0000000 0.0780776 0.3507458 0.0000000 0.0041908 0.0000000 0.0940095 0.1598446 0.0831052
 53 K  53 0.0094011 0.0195955 0.0432874 0.0443322 0.0153662 0.0019151 0.0221352 0.0030860 0.0464290 0.0451432 0.0073697 0.1220984 0.0000000 0.0052779 0.0000000 0.0496831 0.4110065 0.0044676 0.0398725 0.1095332
 54 F  54 0.0000000 0.0000000 0.0029758 0.0123423 0.0095704 0.0055636 0.0142782 0.0000000 0.0000000 0.3811813 0.1185003 0.0055816 0.0858399 0.0688568 0.0000000 0.0093801 0.0189496 0.0601967 0.0402333 0.1665500
 55 T  55 0.0127132 0.1170177 0.0327133 0.0070822 0.0068310 0.0226669 0.0319606 0.0050994 0.0181341 0.0284766 0.0086009 0.4000581 0.0000000 0.0000000 0.0000000 0.0789964 0.1882870 0.0000000 0.0000000 0.0413628
 56 I  56 0.0084175 0.0299246 0.0526635 0.0011991 0.0036633 0.0584624 0.0485279 0.0045995 0.0020410 0.0735548 0.0221217 0.0000000 0.0309737 0.0244402 0.0000000 0.1317514 0.4391751 0.0000000 0.0086231 0.0598613
 57 T  57 0.0204152 0.0208287 0.0275615 0.0268354 0.0030953 0.0601944 0.1276823 0.0097900 0.0215301 0.0674233 0.1239573 0.0798944 0.0068143 0.0030329 0.0000000 0.1143623 0.1426736 0.0215389 0.0606638 0.0617065
 58 A  58 0.0496510 0.0067514 0.0403025 0.0114465 0.0045625 0.0000000 0.0071925 0.0146133 0.0000000 0.0267670 0.0145921 0.0143390 0.0151978 0.0142330 0.0182033 0.4394193 0.2944978 0.0065649 0.0134799 0.0081862
 59 G  59 0.0411759 0.0283052 0.0154849 0.0094699 0.0000000 0.0117084 0.0267331 0.1767596 0.0000000 0.0291164 0.0220468 0.0312004 0.0260200 0.0139868 0.1247472 0.0884874 0.3335421 0.0076320 0.0000000 0.0135841
 60 S  60 0.0206648 0.0215833 0.0302964 0.0386880 0.0020463 0.0092076 0.0270394 0.0976803 0.0114278 0.0634466 0.1189382 0.0559639 0.0263107 0.3281478 0.0158847 0.0343418 0.0148181 0.0000000 0.0000000 0.0835144
 61 K  61 0.0176904 0.2159231 0.0220497 0.0000000 0.0071038 0.0408923 0.0132963 0.0623417 0.0223519 0.0171958 0.0104222 0.4990936 0.0081178 0.0168164 0.0023133 0.0173666 0.0140327 0.0075952 0.0000000 0.0053973
 62 V  62 0.0153717 0.0109068 0.2884286 0.0380640 0.0000000 0.0107312 0.0370924 0.0020906 0.0090371 0.0181570 0.0015547 0.0349706 0.0019185 0.0018643 0.0125131 0.1368559 0.3101956 0.0000000 0.0000000 0.0702479
 63 I  63 0.0246526 0.0257837 0.0396556 0.0155466 0.0000000 0.0161154 0.0240625 0.0054654 0.0241571 0.0651060 0.0628130 0.0638344 0.0354652 0.0478308 0.0038846 0.0766926 0.2797449 0.0130435 0.0919336 0.0842126
 64 Q  64 0.0123964 0.0092423 0.0347368 0.0636420 0.0000000 0.0522573 0.3264165 0.0019755 0.0318001 0.0210829 0.0235092 0.0394554 0.0096679 0.0095878 0.0000000 0.0567485 0.1911766 0.0000000 0.0211348 0.0951699
 65 N  65 0.0250187 0.0091216 0.2201441 0.0123004 0.0056612 0.0159017 0.0040293 0.0000000 0.0258785 0.2366985 0.0656898 0.0316640 0.0738480 0.0574027 0.0000000 0.0175326 0.0502771 0.0099995 0.0211659 0.1176663
 66 E  66 0.0320232 0.0165690 0.0650552 0.0728572 0.0060157 0.0164009 0.1083497 0.0070245 0.0234655 0.0062002 0.0027789 0.1666333 0.0000000 0.0030823 0.0055749 0.2260938 0.2065628 0.0000000 0.0000000 0.0353128
 67 F  67 0.0015295 0.0021053 0.0051277 0.0000000 0.0287569 0.0000000 0.0000000 0.0016734 0.0000000 0.0260076 0.0323456 0.0000000 0.0112015 0.7677554 0.0000000 0.0023696 0.0075762 0.0328576 0.0507669 0.0299267
 68 T  68 0.0159218 0.0570093 0.0329819 0.0217534 0.0031902 0.0332674 0.0670869 0.0112961 0.0108085 0.0225486 0.0020499 0.3362174 0.0068121 0.0069008 0.0116324 0.0437861 0.2866737 0.0000000 0.0048008 0.0252624
 69 V  69 0.0000000 0.0000000 0.0071052 0.0062115 0.0000000 0.0000000 0.0037500 0.0000000 0.0000000 0.1765916 0.5051785 0.0000000 0.0075267 0.0497672 0.0277752 0.0267814 0.0104238 0.0048219 0.0071288 0.1669381
 70 G  70 0.0143217 0.0102510 0.0488044 0.0505041 0.0000000 0.0035332 0.0187416 0.8278111 0.0000000 0.0000000 0.0000000 0.0023065 0.0026426 0.0000000 0.0000000 0.0139411 0.0071426 0.0000000 0.0000000 0.0000000
 71 E  71 0.0099817 0.0183573 0.0059983 0.0137965 0.0000000 0.1610643 0.4007526 0.0205688 0.0101937 0.0042635 0.0024834 0.1397697 0.0098251 0.0110616 0.0037256 0.0055826 0.0310325 0.0000000 0.0000000 0.1515428
 72 E  72 0.0308454 0.0000000 0.0092105 0.0302849 0.0000000 0.0180781 0.6627344 0.0042795 0.0000000 0.0000000 0.0163072 0.0574058 0.0055438 0.0000000 0.0659701 0.0427716 0.0378711 0.0000000 0.0000000 0.0186978
 73 C  73 0.0494131 0.0000000 0.0023905 0.0000000 0.0630094 0.0132974 0.0137511 0.0124279 0.0000000 0.0133739 0.0195908 0.0012218 0.0031246 0.6081526 0.0114425 0.0694431 0.0291098 0.0093264 0.0388366 0.0420886
 74 E  74 0.0028575 0.0000000 0.0435561 0.3263122 0.0000000 0.0213846 0.4035030 0.0031479 0.0000000 0.0095939 0.0075220 0.0525240 0.0000000 0.0000000 0.0082041 0.0238786 0.0342814 0.0000000 0.0070742 0.0561605
 75 L  75 0.0217164 0.0031114 0.0044589 0.0556255 0.0037274 0.0355348 0.5505808 0.0193649 0.0075977 0.0681860 0.0545361 0.0098411 0.0442375 0.0245327 0.0000000 0.0040347 0.0145819 0.0000000 0.0405319 0.0378004
 76 E  76 0.0229941 0.0149906 0.0418165 0.0967735 0.0099165 0.0435990 0.2178558 0.0039204 0.0204867 0.0237467 0.0237533 0.1001477 0.0015777 0.0000000 0.0111615 0.0327214 0.2456653 0.0034741 0.0142244 0.0711749
 77 T  77 0.0201485 0.0485923 0.0409565 0.0272190 0.0000000 0.0034538 0.0054569 0.1269846 0.0000000 0.0273918 0.0957962 0.0150193 0.0362431 0.0070599 0.0073124 0.0551568 0.4644248 0.0021099 0.0000000 0.0166743
 78 M  78 0.2155614 0.0000000 0.0083241 0.0062339 0.0000000 0.0105148 0.0036737 0.0326697 0.0033292 0.0769074 0.1890497 0.0040462 0.0861173 0.0431857 0.1684903 0.0192510 0.0119090 0.0032987 0.0087159 0.1087220
 79 T  79 0.0155196 0.0183530 0.0180508 0.6152360 0.0000000 0.0019616 0.0156535 0.0944354 0.0016501 0.0077586 0.0124519 0.0092409 0.0244244 0.0096736 0.0127626 0.0437668 0.0778543 0.0082227 0.0040206 0.0089636
 80 G  80 0.0144965 0.0039255 0.1078335 0.1410377 0.0022443 0.0071698 0.0255070 0.6314058 0.0000000 0.0090480 0.0000000 0.0120208 0.0000000 0.0037905 0.0035455 0.0353172 0.0000000 0.0000000 0.0000000 0.0026580
 81 E  81 0.0190052 0.4395910 0.0322197 0.0079478 0.0019313 0.0330707 0.0910323 0.0256911 0.0139580 0.0104423 0.0181273 0.1308468 0.0102783 0.0027746 0.0037776 0.0268992 0.0905348 0.0000000 0.0067513 0.0351206
 82 K  82 0.0177538 0.0278860 0.0339835 0.0183524 0.0000000 0.0377129 0.0564749 0.0038972 0.0409030 0.0419644 0.0049725 0.5044610 0.0242433 0.0000000 0.0389244 0.0377860 0.0802414 0.0000000 0.0054779 0.0249654
 83 V  83 0.0339749 0.0414619 0.0032630 0.0065882 0.1274135 0.0025563 0.0081284 0.0017244 0.0463208 0.0718583 0.0807791 0.0058830 0.0218905 0.0696494 0.0027325 0.0139183 0.0853413 0.0000000 0.0203554 0.3561607
 84 K  84 0.0108948 0.0616286 0.0355873 0.0221588 0.0000000 0.0821461 0.0522935 0.0050175 0.0117178 0.0200558 0.0030319 0.5729836 0.0375741 0.0000000 0.0063826 0.0350846 0.0406189 0.0000000 0.0000000 0.0028241
 85 T  85 0.1049581 0.0062399 0.0097591 0.0147402 0.0341723 0.0043168 0.0043130 0.0640937 0.0015677 0.0414135 0.0164205 0.0027032 0.0050432 0.0049524 0.0000000 0.3329092 0.2450266 0.0000000 0.0116634 0.0957073
 86 V  86 0.0142633 0.0091131 0.0124496 0.0035820 0.0020535 0.0055519 0.0071005 0.0008521 0.0041211 0.1357989 0.1107601 0.0171622 0.0149836 0.0178682 0.0073876 0.0426881 0.3578482 0.0000000 0.0000000 0.2364161
 87 V  87 0.0773646 0.0000000 0.0000000 0.0000000 0.0537826 0.0039064 0.0000000 0.0000000 0.0065459 0.1285825 0.0198215 0.0042951 0.0277167 0.0926022 0.0225025 0.0229511 0.0329985 0.0442885 0.0622364 0.4004054
 88 Q  88 0.0173552 0.0502988 0.0965532 0.0335448 0.0000000 0.0382893 0.0249976 0.0023780 0.0237291 0.0118751 0.0019004 0.0685546 0.0022627 0.0215833 0.0030993 0.0819729 0.4589194 0.0046504 0.0117199 0.0463162
 89 L  89 0.0079237 0.0270452 0.0000000 0.0054973 0.0024067 0.0351623 0.0138933 0.0027491 0.0000000 0.0538533 0.3136647 0.0578753 0.1227322 0.0857314 0.0039973 0.0110572 0.0000000 0.1834243 0.0301052 0.0428814
 90 E  90 0.0170876 0.0032177 0.0164167 0.2934792 0.0000000 0.0193835 0.4747750 0.0000000 0.0083980 0.0098428 0.0055855 0.0536815 0.0039322 0.0067473 0.0000000 0.0162631 0.0268681 0.0070034 0.0093799 0.0279385
 91 G  91 0.0046314 0.0113556 0.0892123 0.1385336 0.0000000 0.0000000 0.0424598 0.5958870 0.0069922 0.0000000 0.0053411 0.0234983 0.0028411 0.0000000 0.0000000 0.0542249 0.0250225 0.0000000 0.0000000 0.0000000
 92 D  92 0.0048563 0.0009683 0.1333782 0.3700735 0.0000000 0.0038012 0.0993428 0.3003433 0.0000000 0.0000000 0.0097748 0.0149009 0.0000000 0.0042182 0.0190018 0.0207094 0.0087193 0.0000000 0.0041152 0.0057968
 93 N  93 0.0849420 0.0330233 0.2152560 0.0474835 0.0099060 0.0097641 0.0139418 0.0743412 0.0350028 0.0046373 0.0066465 0.1936487 0.0071548 0.0083235 0.0000000 0.0808450 0.1169731 0.0016274 0.0000000 0.0564828
 94 K  94 0.0075575 0.0396106 0.0014065 0.0032583 0.0000000 0.0334707 0.0081709 0.0040449 0.0115073 0.0201391 0.3683108 0.3655580 0.0441487 0.0178566 0.0000000 0.0017350 0.0114015 0.0201038 0.0055586 0.0361612
 95 L  95 0.0039506 0.0067744 0.0100489 0.0000000 0.0000000 0.0059740 0.0022584 0.0125478 0.0066201 0.1711800 0.3341454 0.0335545 0.0377308 0.0292759 0.0000000 0.0047157 0.0682310 0.0080178 0.0000000 0.2649746
 96 V  96 0.0087543 0.0272501 0.0000000 0.0029613 0.0080782 0.1626816 0.0338973 0.0000000 0.1017147 0.1109041 0.0506368 0.0520661 0.0175551 0.0102842 0.0010245 0.0510194 0.0969542 0.0000000 0.0125241 0.2516941
 97 T  97 0.0517886 0.0032604 0.0054513 0.0236211 0.1480903 0.0698981 0.0492819 0.0131194 0.0877055 0.0483202 0.0274298 0.0356183 0.0134929 0.0156326 0.0000000 0.0245704 0.1320040 0.0000000 0.0107764 0.2399387
 98 T  98 0.0097782 0.0153522 0.0742246 0.0770328 0.0035223 0.2674835 0.1111337 0.0213154 0.0235131 0.0288923 0.0000000 0.0587539 0.0094569 0.0040123 0.0080167 0.0358049 0.1088669 0.0000000 0.0061922 0.1366482
 99 F  99 0.0108545 0.0253438 0.0452626 0.0664713 0.0009140 0.2446933 0.0278181 0.0916168 0.0057505 0.0215259 0.0238175 0.1866151 0.0139683 0.0781682 0.0055065 0.0409498 0.0689920 0.0000000 0.0268162 0.0149158
100 K 100 0.0240364 0.0338528 0.0222545 0.0226373 0.0000000 0.0064314 0.0274062 0.0658596 0.0145344 0.0045680 0.0148408 0.3884185 0.0055367 0.0019563 0.1422573 0.0044207 0.0133559 0.1837385 0.0077546 0.0161400
101 N 101 0.0087602 0.0130969 0.1156832 0.2248508 0.0000000 0.0156122 0.1037275 0.2604474 0.0063811 0.0020832 0.0380653 0.0950672 0.0129046 0.0000000 0.0095035 0.0596479 0.0183734 0.0021557 0.0000000 0.0136398
102 I 102 0.0219756 0.0068755 0.0233410 0.0648081 0.0006910 0.0000000 0.1291293 0.2227210 0.0025752 0.0692497 0.0784341 0.0019384 0.0128337 0.0465048 0.0258807 0.0740855 0.0976769 0.0060498 0.0497685 0.0654613
103 K 103 0.0036406 0.0519619 0.0161490 0.0450377 0.0062805 0.0268622 0.0566525 0.0127971 0.0555856 0.0129770 0.0034909 0.3945693 0.0172518 0.0067354 0.0012143 0.0545946 0.1446372 0.0000000 0.0080141 0.0815484
104 S 104 0.0451450 0.0172120 0.0104698 0.0200828 0.0022384 0.0288794 0.1698593 0.0250654 0.0559493 0.1210334 0.0379202 0.0066969 0.0211996 0.0541775 0.0232981 0.0809817 0.0912763 0.0897331 0.0243220 0.0744600
105 V 105 0.0087611 0.0145550 0.0435365 0.0063805 0.0036190 0.0056896 0.0498015 0.0000000 0.0012966 0.0824939 0.0088181 0.0257116 0.0027955 0.0064050 0.0075955 0.0429899 0.4908818 0.0000000 0.0054470 0.1932218
106 T 106 0.0168933 0.6805348 0.0000000 0.0000000 0.0026301 0.0383508 0.0000000 0.0000000 0.0680589 0.0036882 0.0091519 0.0110298 0.0000000 0.0026139 0.0038900 0.0275448 0.0732123 0.0053103 0.0474581 0.0096328
107 E 107 0.0089435 0.0171467 0.0021074 0.0195045 0.0036349 0.0223999 0.5249729 0.0000000 0.0068656 0.0109009 0.0021519 0.1123955 0.0000000 0.0127425 0.0000000 0.0297517 0.0299301 0.1169327 0.0431949 0.0364244
108 L 108 0.0014982 0.0168684 0.0027695 0.0000000 0.0000000 0.0000000 0.0030427 0.0000000 0.0000000 0.2859682 0.2646696 0.0000000 0.0240823 0.1896110 0.0042345 0.0000000 0.0030981 0.0114603 0.0271512 0.1655460
109 N 109 0.0137500 0.0180454 0.0723544 0.1185696 0.0066155 0.0370096 0.1817002 0.0198715 0.0000000 0.0330824 0.0067884 0.1009766 0.0008894 0.0075007 0.0000000 0.1149865 0.0642212 0.0000000 0.0018764 0.2017621
110 G 110 0.0156886 0.0018659 0.0753007 0.3331016 0.0000000 0.0028997 0.0620753 0.4570181 0.0000000 0.0000000 0.0000000 0.0147691 0.0000000 0.0000000 0.0200159 0.0011668 0.0057651 0.0000000 0.0047442 0.0055890
111 D 111 0.0090945 0.0038813 0.1143066 0.4101887 0.0000000 0.0000000 0.0595681 0.3195576 0.0000000 0.0000000 0.0000000 0.0257983 0.0000000 0.0000000 0.0000000 0.0270191 0.0305858 0.0000000 0.0000000 0.0000000
112 I 112 0.0121298 0.0251609 0.0133006 0.0225667 0.0000000 0.1127069 0.2194233 0.0532192 0.0106176 0.0150428 0.0215265 0.3145641 0.0087640 0.0069848 0.0081830 0.0043061 0.1057575 0.0035710 0.0317103 0.0104650
113 I 113 0.0000000 0.0000000 0.0020390 0.0000000 0.0052748 0.0057624 0.0000000 0.0000000 0.0000000 0.0754167 0.6038221 0.0033255 0.2458433 0.0063762 0.0000000 0.0018495 0.0062121 0.0062089 0.0000000 0.0378696
114 T 114 0.0028604 0.0288283 0.0081835 0.0141140 0.0046786 0.0000000 0.0051592 0.0000000 0.1157735 0.1872232 0.0460117 0.0884327 0.0162262 0.0114298 0.0000000 0.0048490 0.1052795 0.0000000 0.0348466 0.3261036
115 N 115 0.0495455 0.0045649 0.0224867 0.0061447 0.0039308 0.0792757 0.1042353 0.0000000 0.0151038 0.0700941 0.2059571 0.0000000 0.0964944 0.0038776 0.0000000 0.0257108 0.0625633 0.0022785 0.0020031 0.2457338
116 T 116 0.0092204 0.0220144 0.0066455 0.0255252 0.0000000 0.0081314 0.2064657 0.0026291 0.0084012 0.0909847 0.0041266 0.0592908 0.0077656 0.0019079 0.0023794 0.0205986 0.4512714 0.0000000 0.0000000 0.0726424
117 M 117 0.0244149 0.0138064 0.0000000 0.0000000 0.1385481 0.0273659 0.0000000 0.0040795 0.0000000 0.0804256 0.2409358 0.0000000 0.2045492 0.0396213 0.0000000 0.0572501 0.0354807 0.0139116 0.0668466 0.0527643
118 T 118 0.0132439 0.0545782 0.0208865 0.0179613 0.0076990 0.0206052 0.0384091 0.0135854 0.0116138 0.0730111 0.0021136 0.0839818 0.0080706 0.0185455 0.0000000 0.1085183 0.4351474 0.0106731 0.0043207 0.0570353
119 L 119 0.1295609 0.0115445 0.0177703 0.0000000 0.1157932 0.0063037 0.0058409 0.0000000 0.0253408 0.0707340 0.0681059 0.0431982 0.1148884 0.0571756 0.0056473 0.0367013 0.0420021 0.0206040 0.0526052 0.1761837
120 G 120 0.0150747 0.0245056 0.1584243 0.1490899 0.0077771 0.0230335 0.1275359 0.3289080 0.0000000 0.0000000 0.0024154 0.1225322 0.0000000 0.0000000 0.0130833 0.0153938 0.0000000 0.0122262 0.0000000 0.0000000
121 D 121 0.0113138 0.0000000 0.1360818 0.3473499 0.0000000 0.0121006 0.0334256 0.3401042 0.0081483 0.0000000 0.0000000 0.0249110 0.0000000 0.0000000 0.0131570 0.0658123 0.0075956 0.0000000 0.0000000 0.0000000
122 I 122 0.0640854 0.0037584 0.0062585 0.0012536 0.0000000 0.0511427 0.0106166 0.0327252 0.0057576 0.1253193 0.0408892 0.0134957 0.0030011 0.0021721 0.0000000 0.0015158 0.0456355 0.0000000 0.0000000 0.5923734
123 V 123 0.0191361 0.0082875 0.0036166 0.0076341 0.0060219 0.0141031 0.0522069 0.0024557 0.0020263 0.0725428 0.0047051 0.0679626 0.0065330 0.0008858 0.0104787 0.0515652 0.2999786 0.0000000 0.0000000 0.3698600
124 F 124 0.2755394 0.0000000 0.0000000 0.0000000 0.3451827 0.0000000 0.0000000 0.0567443 0.0087364 0.0110860 0.0332691 0.0000000 0.0156740 0.0563047 0.0000000 0.1049558 0.0172882 0.0000000 0.0584347 0.0167847
125 K 125 0.0080757 0.0855418 0.0291049 0.0000000 0.0059621 0.0086418 0.0379207 0.0000000 0.0196626 0.0599646 0.0067699 0.3175700 0.0084572 0.0000000 0.0000000 0.0252027 0.2618545 0.0072986 0.0050509 0.1129220
126 R 126 0.0171887 0.7492151 0.0043806 0.0000000 0.0056322 0.1243970 0.0060974 0.0097104 0.0183975 0.0067436 0.0178563 0.0024846 0.0074505 0.0064068 0.0000000 0.0111061 0.0060707 0.0000000 0.0000000 0.0068626
127 I 127 0.0036825 0.0176818 0.0191913 0.0000000 0.0010480 0.0094483 0.0214238 0.0000000 0.0317124 0.2584829 0.0065024 0.0493288 0.0083969 0.0721984 0.0016549 0.0034807 0.1413459 0.0247092 0.0917208 0.2379907
128 S 128 0.0041170 0.0000000 0.0058229 0.0000000 0.0030831 0.0000000 0.0000000 0.0017932 0.0154102 0.0000000 0.0198742 0.0000000 0.0000000 0.3115732 0.0000000 0.1306555 0.0000000 0.0033380 0.5043327 0.0000000
129 K 129 0.0146120 0.0580100 0.0220101 0.0272793 0.0000000 0.0460245 0.1969670 0.0035285 0.0129880 0.0078521 0.0074596 0.4928282 0.0026181 0.0000000 0.0000000 0.0220722 0.0300447 0.0000000 0.0037110 0.0519947
130 R 130 0.0054949 0.5140449 0.0083934 0.0000000 0.0000000 0.0020862 0.0000000 0.0000000 0.0000000 0.0000000 0.0106049 0.4489413 0.0000000 0.0000000 0.0072865 0.0031479 0.0000000 0.0000000 0.0000000 0.0000000
131 I 131 0.0240927 0.0000000 0.0000000 0.0000000 0.0294506 0.0000000 0.0000000 0.0000000 0.0000000 0.2595175 0.1408440 0.0093438 0.0749360 0.0000000 0.0000000 0.0000000 0.0046347 0.0000000 0.0000000 0.4571808
132 L 132 0.0000000 0.0000000 0.0000000 0.0000000 0.0660699 0.0000000 0.0000000 0.1392884 0.0000000 0.0182229 0.2163220 0.0000000 0.0000000 0.0000000 0.2484145 0.0697294 0.0559004 0.0000000 0.0703529 0.1156996
133 V 133 0.1080435 0.0000000 0.0610759 0.1566294 0.0000000 0.0000000 0.0000000 0.0000000 0.0000000 0.0000000 0.0000000 0.1025276 0.0000000 0.0000000 0.0000000 0.2405720 0.0409906 0.0000000 0.0000000 0.2901609
134 P 134 0.0000000 0.0000000 0.0000000 0.0000000 0.0000000 0.2073074 0.0000000 0.0000000 0.0000000 0.0000000 0.0000000 0.0000000 0.0000000 0.0000000 0.6569918 0.0000000 0.1357008 0.0000000 0.0000000 0.0000000
135 R 135 0.0000000 1.0000000 0.0000000 0.0000000 0.0000000 0.0000000 0.0000000 0.0000000 0.0000000 0.0000000 0.0000000 0.0000000 0.0000000 0.0000000 0.0000000 0.0000000 0.0000000 0.0000000 0.0000000 0.0000000
