  135         A         R         N         D         C         Q         E         G         H         I         L         K         M         F         P         S         T         W         Y         V         X    
  1 M   1 0.0000000 0.0000000 0.0000000 0.0000000 0.0000000 0.0000000 0.0000000 0.0000000 0.0000000 0.0000000 0.0106076 0.0000000 0.0895228 0.0000000 0.0000000 0.0000000 0.0000000 0.0000000 0.0000000 0.0097054 0.8901642
  2 R   2 0.0711875 0.0123070 0.0000000 0.0000000 0.0000000 0.0000000 0.0000000 0.0037005 0.0029455 0.0000000 0.0000000 0.0060743 0.0000000 0.0000000 0.0353719 0.0169770 0.0097370 0.0000000 0.0000000 0.0036926 0.8380066
  3 G   3 0.0127634 0.0000000 0.0052508 0.0000000 0.0000000 0.0082640 0.0038050 0.0327012 0.0000000 0.0156220 0.0036355 0.0070938 0.0874028 0.0078303 0.0000000 0.0339488 0.0142018 0.0000000 0.0000000 0.0124519 0.7550287
  4 S   4 0.0444240 0.0000000 0.0031023 0.0095610 0.0000000 0.0042872 0.0037789 0.0046024 0.0000000 0.0041287 0.0168604 0.0144417 0.0078272 0.0000000 0.0984150 0.0336085 0.0019229 0.0000000 0.0000000 0.0121948 0.7408449
  5 M   5 0.0347514 0.0000000 0.0042676 0.0070718 0.0000000 0.0319717 0.0258397 0.0000000 0.0000000 0.0093095 0.0057134 0.0152149 0.2024600 0.0000000 0.0220082 0.0017396 0.0146045 0.0000000 0.0000000 0.1014381 0.5236096
  6 S   6 0.2000621 0.0000000 0.0960944 0.1483451 0.0000000 0.0443505 0.0193079 0.0000000 0.0027690 0.0000000 0.0057016 0.0164605 0.0000000 0.0000000 0.0065323 0.0859452 0.0128695 0.0038336 0.0021710 0.0000000 0.3555574
  7 F   7 0.0000000 0.0000000 0.0000000 0.0000000 0.0000000 0.0035139 0.0000000 0.0000000 0.0000000 0.0472985 0.1583698 0.0000000 0.0168619 0.5311629 0.0000000 0.0000000 0.0000000 0.0048070 0.0437286 0.0000000 0.1942574
  8 S   8 0.0858218 0.0022319 0.1053942 0.0269701 0.0299441 0.0012211 0.0445023 0.0032008 0.0000000 0.0251055 0.0861830 0.0025599 0.0084230 0.0251898 0.0000000 0.1684545 0.1225440 0.0000000 0.0242075 0.1078322 0.1302143
  9 G   9 0.0213720 0.0000000 0.0023119 0.0022501 0.0056543 0.0033935 0.0000000 0.8424933 0.0000000 0.0000000 0.0000000 0.0170910 0.0000000 0.0000000 0.0000000 0.0015050 0.0000000 0.0000000 0.0000000 0.0018253 0.1021036
 10 K  10 0.0049246 0.0700892 0.0220442 0.0036778 0.0000000 0.0034875 0.0085197 0.0000000 0.0052487 0.0084487 0.0035564 0.2962420 0.0013322 0.0046563 0.0000000 0.0491674 0.3740221 0.0000000 0.0323210 0.0226890 0.0895732
 11 Y  11 0.0000000 0.0000000 0.0000000 0.0000000 0.0021682 0.0000000 0.0000000 0.0000000 0.0000000 0.0000000 0.0000000 0.0000000 0.0000000 0.0698497 0.0000000 0.0045241 0.0000000 0.5779435 0.2599315 0.0000000 0.0855832
 12 Q  12 0.0105499 0.0823607 0.0398292 0.0216071 0.0063952 0.0924602 0.0961354 0.0000000 0.0125422 0.0089329 0.0059966 0.4435322 0.0034073 0.0000000 0.0000000 0.0189613 0.0449610 0.0000000 0.0000000 0.0280482 0.0842807
 13 L  13 0.0079915 0.0334917 0.0000000 0.0000000 0.0033860 0.0423523 0.0000000 0.0000000 0.0412979 0.0243901 0.4235343 0.0108791 0.1158639 0.0647102 0.0065875 0.0132637 0.0249011 0.0067622 0.0286872 0.0723661 0.0795351
 14 Q  14 0.0284807 0.0043339 0.0036836 0.1219812 0.0023172 0.0420164 0.1684498 0.0187528 0.0055266 0.0772006 0.0223298 0.0482447 0.0111610 0.0030025 0.0000000 0.0473034 0.0693033 0.0000000 0.0321865 0.2141908 0.0795351
 15 S  15 0.0282428 0.1168541 0.0073927 0.0667254 0.0000000 0.0095101 0.0699744 0.0243580 0.0607637 0.0000000 0.0000000 0.1442889 0.0000000 0.0000000 0.0000000 0.3571052 0.0331703 0.0000000 0.0018402 0.0023546 0.0774196
 16 Q  16 0.0054186 0.0104416 0.1278879 0.0432278 0.0160163 0.1400590 0.0317791 0.0109856 0.0226468 0.0095769 0.0040048 0.0033860 0.0000000 0.0000000 0.0000000 0.4378024 0.0456514 0.0000000 0.0028329 0.0120471 0.0762360
 17 E  17 0.0064327 0.0038861 0.0111537 0.1524740 0.0054608 0.0277986 0.5722807 0.0000000 0.0245190 0.0058261 0.0013913 0.0613256 0.0015864 0.0000000 0.0000000 0.0227611 0.0101886 0.0000000 0.0000000 0.0166792 0.0762360
 18 N  18 0.0000000 0.0065875 0.7498691 0.0126554 0.0000000 0.0027275 0.0000000 0.0829766 0.0057316 0.0000000 0.0000000 0.0311716 0.0000000 0.0000000 0.0000000 0.0239205 0.0097455 0.0000000 0.0000000 0.0000000 0.0746146
 19 F  19 0.0035516 0.0000000 0.0000000 0.0043592 0.0000000 0.0067062 0.0000000 0.0084384 0.0035482 0.0208788 0.0632276 0.0000000 0.0399066 0.5607709 0.0000000 0.0070206 0.0104341 0.0061742 0.1822548 0.0102042 0.0725244
 20 E  20 0.0050460 0.0000000 0.0196840 0.4865449 0.0000000 0.0048070 0.3412828 0.0115550 0.0012712 0.0000000 0.0134893 0.0143717 0.0000000 0.0000000 0.0045401 0.0105580 0.0035855 0.0000000 0.0000000 0.0107402 0.0725244
 21 A  21 0.1314249 0.0047818 0.0234177 0.1674253 0.0051867 0.0150563 0.3729755 0.0530686 0.0000000 0.0000000 0.0023011 0.0755212 0.0024922 0.0028316 0.0383746 0.0199235 0.0021335 0.0000000 0.0000000 0.0094160 0.0736694
 22 F  22 0.0000000 0.0000000 0.0000000 0.0000000 0.0059600 0.0037976 0.0000000 0.0000000 0.0000000 0.0335680 0.0711226 0.0000000 0.0092015 0.3487232 0.0000000 0.0000000 0.0069883 0.0066421 0.4089485 0.0313788 0.0736694
 23 M  23 0.0055390 0.0021401 0.0066710 0.0000000 0.0115566 0.0000000 0.0000000 0.0000000 0.0000000 0.0127502 0.4239692 0.0000000 0.4125656 0.0235294 0.0000000 0.0029071 0.0025599 0.0018077 0.0048763 0.0229812 0.0661466
 24 K  24 0.0569798 0.0758728 0.0076819 0.0251991 0.0000000 0.0370791 0.1140749 0.0046442 0.0090887 0.0066627 0.0194065 0.4465862 0.0026017 0.0000000 0.0055429 0.0417209 0.0525118 0.0000000 0.0038050 0.0258757 0.0646662
 25 A  25 0.4585322 0.0228742 0.0043446 0.0126795 0.0052214 0.0282394 0.1493547 0.0131197 0.0053911 0.0000000 0.0272868 0.1070229 0.0000000 0.0042908 0.0000000 0.0607316 0.0079041 0.0000000 0.0000000 0.0336798 0.0593273
 26 I  26 0.0344802 0.0189427 0.0034096 0.0000000 0.0051981 0.0205329 0.0065263 0.0039289 0.0037763 0.1433594 0.4564428 0.0295179 0.0727719 0.0127829 0.0000000 0.0176617 0.0148866 0.0000000 0.0043592 0.0918086 0.0596140
 27 G  27 0.0040218 0.0015889 0.0292571 0.0766902 0.0012486 0.0146196 0.0073148 0.7814814 0.0000000 0.0000000 0.0000000 0.0155237 0.0000000 0.0000000 0.0062835 0.0104658 0.0000000 0.0000000 0.0000000 0.0000000 0.0515047
 28 L  28 0.0322940 0.0000000 0.0052529 0.0000000 0.0043124 0.0000000 0.0000000 0.0000000 0.0023142 0.1949460 0.1404240 0.0058966 0.0145348 0.0189634 0.0038336 0.0106352 0.0208505 0.0000000 0.0286858 0.4623070 0.0547496
 29 P  29 0.0245505 0.0117738 0.1854007 0.0679825 0.0048170 0.0023914 0.0042263 0.2777014 0.0089347 0.0033935 0.0023399 0.0071934 0.0000000 0.0000000 0.2524604 0.0960288 0.0064167 0.0000000 0.0000000 0.0042238 0.0401652
 30 E  30 0.0698893 0.0195520 0.0131660 0.0646107 0.0019579 0.0284334 0.0863474 0.0000000 0.0042238 0.0364145 0.1027163 0.0279666 0.0455373 0.1857022 0.0321084 0.0353457 0.0115867 0.0904141 0.0438951 0.0607841 0.0393484
 31 E  31 0.2707651 0.0096022 0.0038477 0.1396963 0.0000000 0.0064595 0.0957786 0.0027268 0.0102556 0.0661210 0.0736484 0.0000000 0.0541280 0.0783359 0.0131903 0.0185018 0.0144640 0.0000000 0.0040057 0.0991250 0.0393484
 32 L  32 0.0579073 0.0158974 0.0103631 0.0000000 0.0000000 0.0174512 0.0041844 0.0063269 0.0118728 0.0674047 0.2041125 0.1496899 0.0582097 0.0118985 0.0076698 0.0244382 0.2153378 0.0021287 0.0164891 0.0814743 0.0371436
 33 I  33 0.0188663 0.6577241 0.0000000 0.0000000 0.0000000 0.0103621 0.0000000 0.0124496 0.0099401 0.1490893 0.0169948 0.0122743 0.0031828 0.0101302 0.0000000 0.0000000 0.0045241 0.0088338 0.0022319 0.0379568 0.0454398
 34 Q  34 0.0451616 0.0243270 0.0306426 0.0346687 0.0000000 0.1718696 0.0550077 0.0047241 0.0051867 0.0034292 0.0068115 0.4739319 0.0174535 0.0037763 0.0242040 0.0130146 0.0373051 0.0000000 0.0000000 0.0030463 0.0454398
 35 K  35 0.1152515 0.0198346 0.0133195 0.0000000 0.0000000 0.0182375 0.0058349 0.0045241 0.0054646 0.1610691 0.1842812 0.1183851 0.1538445 0.0035482 0.0153425 0.0082746 0.0160463 0.0022751 0.0000000 0.1083004 0.0461661
 36 G  36 0.4302186 0.0055384 0.0000000 0.0040950 0.0000000 0.0095769 0.0081212 0.2340930 0.0000000 0.0536758 0.0435800 0.0077884 0.0262879 0.0172019 0.0000000 0.0238587 0.0052626 0.0000000 0.0101642 0.0771548 0.0433826
 37 K  37 0.1109971 0.0570268 0.1352781 0.0156952 0.0591353 0.0370405 0.0126799 0.0364834 0.0066128 0.0100164 0.0800910 0.1897063 0.0053784 0.0000000 0.0037427 0.0591942 0.0747396 0.0000000 0.0000000 0.0567782 0.0494041
 38 D  38 0.0887747 0.0269489 0.0603707 0.1038799 0.0042980 0.0218641 0.0230288 0.0066037 0.0534984 0.0256909 0.1559677 0.0703529 0.0907296 0.0295903 0.0000000 0.0893204 0.0652487 0.0000000 0.0056826 0.0406366 0.0375131
 39 I  39 0.2383138 0.0000000 0.0087359 0.0414732 0.0062981 0.0053792 0.0115322 0.0149930 0.0047313 0.0620772 0.1757373 0.0120435 0.0360821 0.0700545 0.0048113 0.0569513 0.1027784 0.0000000 0.0260638 0.0844307 0.0375131
 40 K  40 0.0137544 0.0389792 0.0807584 0.0315210 0.0000000 0.0023446 0.0274660 0.0170921 0.0201169 0.0041026 0.0000000 0.4640298 0.0016213 0.0117034 0.0034073 0.1368102 0.0906881 0.0000000 0.0015038 0.0107672 0.0433336
 41 G  41 0.0217115 0.0000000 0.0040551 0.0042534 0.0031906 0.0328924 0.0027210 0.0199291 0.0069934 0.0292314 0.0806654 0.0138007 0.0095459 0.0276404 0.5585352 0.0546643 0.0129926 0.0000000 0.0068486 0.0669484 0.0433806
 42 V  42 0.0112907 0.0288486 0.0374188 0.0882591 0.0040842 0.0448280 0.0199202 0.0000000 0.0236406 0.0751323 0.0131150 0.0784006 0.0098155 0.0055502 0.0138435 0.0497030 0.2822694 0.0000000 0.0135963 0.1609126 0.0393713
 43 S  43 0.0014810 0.0013901 0.0132605 0.0076624 0.0281716 0.0345580 0.0191065 0.0000000 0.0174828 0.0977230 0.1348811 0.1320701 0.0412065 0.0262068 0.0013445 0.0528028 0.1137442 0.0000000 0.0180484 0.2179888 0.0408708
 44 E  44 0.0014544 0.0053184 0.0102255 0.0314270 0.0036836 0.0199455 0.4073504 0.0042534 0.0062128 0.1615408 0.0101189 0.0407941 0.0013037 0.0000000 0.0000000 0.0175715 0.1420444 0.0000000 0.0039283 0.0953858 0.0374412
 45 I  45 0.0030233 0.0027275 0.0000000 0.0000000 0.0124655 0.0023015 0.0000000 0.0000000 0.0162831 0.5971864 0.0666273 0.0025866 0.0062109 0.0932000 0.0000000 0.0027973 0.0052840 0.0026921 0.0213106 0.1268455 0.0384584
 46 V  46 0.0253402 0.0540940 0.0102015 0.0346820 0.0068627 0.0754404 0.1165779 0.0027275 0.0027141 0.0357153 0.0150091 0.0679168 0.0045781 0.0014866 0.0000000 0.2199333 0.1991757 0.0000000 0.0067488 0.0825379 0.0382580
 47 Q  47 0.0169762 0.0303161 0.0199368 0.0179938 0.0381612 0.3493016 0.0323426 0.0055079 0.0545072 0.0339154 0.0533805 0.1270085 0.0175416 0.0090655 0.0033695 0.0127300 0.0150496 0.0000000 0.0000000 0.1254548 0.0374412
 48 N  48 0.0168313 0.0104589 0.2415278 0.3075532 0.0000000 0.0270586 0.1209373 0.0082889 0.0000000 0.0021484 0.0078581 0.0602113 0.0000000 0.0014796 0.0000000 0.0793275 0.0504625 0.0000000 0.0051626 0.0232527 0.0374412
 49 G  49 0.0268625 0.0021687 0.0132991 0.0729399 0.0038782 0.0000000 0.0439572 0.7235833 0.0000000 0.0000000 0.0051867 0.0038693 0.0000000 0.0000000 0.0451915 0.0103350 0.0095769 0.0000000 0.0000000 0.0051286 0.0340231
 50 K  50 0.0094562 0.0000000 0.1863730 0.4884093 0.0050545 0.0379514 0.0603270 0.0815593 0.0017748 0.0043592 0.0000000 0.0587584 0.0000000 0.0000000 0.0046563 0.0193590 0.0097498 0.0000000 0.0000000 0.0000000 0.0322119
 51 H  51 0.0080103 0.0379807 0.0805715 0.0747481 0.0096072 0.0565177 0.0485697 0.0262600 0.0966744 0.0161727 0.0208887 0.1731887 0.0075286 0.0000000 0.0000000 0.0882812 0.1448753 0.0109989 0.0146146 0.0522997 0.0322119
 52 F  52 0.0010357 0.0000000 0.0000000 0.0000000 0.0033413 0.0000000 0.0011285 0.0000000 0.0033935 0.1240903 0.0929217 0.0000000 0.0800872 0.3355726 0.0000000 0.0040048 0.0000000 0.0894805 0.1525736 0.0817844 0.0305858
 53 K  53 0.0089550 0.0187561 0.0413395 0.0423349 0.0150178 0.0017812 0.0205455 0.0029107 0.0431932 0.0443798 0.0070103 0.1159414 0.0000000 0.0051153 0.0000000 0.0482792 0.4053989 0.0042238 0.0388985 0.1053332 0.0305858
 54 F  54 0.0000000 0.0000000 0.0030521 0.0113866 0.0090503 0.0052529 0.0127155 0.0000000 0.0000000 0.3719620 0.1164297 0.0052214 0.0830358 0.0652923 0.0000000 0.0090388 0.0180273 0.0561895 0.0406569 0.1621031 0.0305858
 55 T  55 0.0121338 0.1169028 0.0314030 0.0066196 0.0065354 0.0219231 0.0306002 0.0045332 0.0182282 0.0272752 0.0087264 0.3919170 0.0000000 0.0000000 0.0000000 0.0745994 0.1784911 0.0000000 0.0000000 0.0395257 0.0305858
 56 I  56 0.0092953 0.0285707 0.0502518 0.0022022 0.0033935 0.0572152 0.0460845 0.0044197 0.0019229 0.0695769 0.0209064 0.0000000 0.0298610 0.0232941 0.0000000 0.1279804 0.4304222 0.0000000 0.0081587 0.0571119 0.0293326
 57 T  57 0.0189850 0.0206610 0.0276445 0.0257845 0.0037034 0.0604492 0.1249248 0.0092556 0.0210587 0.0652067 0.1224938 0.0770335 0.0064763 0.0028221 0.0000000 0.1116089 0.1339102 0.0196517 0.0597815 0.0587333 0.0298152
 58 A  58 0.0463154 0.0063504 0.0401794 0.0116298 0.0044260 0.0000000 0.0068486 0.0137909 0.0000000 0.0254652 0.0132545 0.0126303 0.0144549 0.0135565 0.0167024 0.4301504 0.2808661 0.0061492 0.0130346 0.0076870 0.0365084
 59 G  59 0.0404634 0.0276767 0.0145410 0.0086590 0.0000000 0.0119164 0.0256394 0.1682066 0.0000000 0.0288250 0.0211349 0.0302409 0.0245968 0.0134361 0.1177640 0.0850226 0.3305469 0.0071934 0.0000000 0.0131714 0.0309654
 60 S  60 0.0197868 0.0204477 0.0302392 0.0363350 0.0019579 0.0090723 0.0259152 0.0934472 0.0110507 0.0605627 0.1185150 0.0541010 0.0258017 0.3189959 0.0154538 0.0320411 0.0143970 0.0000000 0.0000000 0.0809514 0.0309282
 61 K  61 0.0162249 0.2144399 0.0212476 0.0000000 0.0080728 0.0413590 0.0128549 0.0597346 0.0209582 0.0163440 0.0100748 0.4841562 0.0077432 0.0160882 0.0022144 0.0165456 0.0130832 0.0074584 0.0000000 0.0059042 0.0254960
 62 V  62 0.0142499 0.0095769 0.2797067 0.0367037 0.0000000 0.0103920 0.0358283 0.0028579 0.0083668 0.0177595 0.0014882 0.0328868 0.0018338 0.0017748 0.0128977 0.1329292 0.3072749 0.0000000 0.0000000 0.0683672 0.0251058
 63 I  63 0.0237182 0.0249272 0.0394786 0.0148079 0.0000000 0.0155588 0.0221420 0.0052358 0.0232551 0.0624607 0.0620837 0.0618307 0.0338909 0.0475862 0.0037763 0.0761209 0.2724757 0.0127950 0.0918896 0.0808609 0.0251058
 64 Q  64 0.0121836 0.0099282 0.0332441 0.0612740 0.0000000 0.0511946 0.3183207 0.0026921 0.0306150 0.0226871 0.0227770 0.0382703 0.0090099 0.0101775 0.0000000 0.0550183 0.1825532 0.0000000 0.0202484 0.0944981 0.0253078
 65 N  65 0.0243974 0.0097365 0.2103031 0.0118519 0.0057413 0.0151884 0.0037976 0.0000000 0.0248442 0.2300557 0.0635062 0.0302392 0.0752394 0.0572195 0.0000000 0.0168288 0.0490248 0.0094383 0.0205896 0.1142983 0.0276999
 66 E  66 0.0257030 0.0152670 0.0654403 0.0716433 0.0059045 0.0157557 0.1045916 0.0067042 0.0209663 0.0058169 0.0026056 0.1641722 0.0000000 0.0029107 0.0052214 0.2238422 0.2004856 0.0000000 0.0000000 0.0338307 0.0291388
 67 F  67 0.0014544 0.0028579 0.0048070 0.0000000 0.0287757 0.0000000 0.0000000 0.0015625 0.0000000 0.0248990 0.0331942 0.0000000 0.0105824 0.7457396 0.0000000 0.0025048 0.0067062 0.0313170 0.0476592 0.0288013 0.0291388
 68 T  68 0.0154335 0.0567114 0.0325739 0.0214018 0.0030370 0.0341882 0.0651893 0.0111634 0.0109433 0.0216774 0.0019691 0.3261318 0.0065875 0.0064664 0.0108828 0.0408340 0.2772826 0.0000000 0.0047390 0.0236488 0.0291388
 69 V  69 0.0000000 0.0000000 0.0067370 0.0067257 0.0000000 0.0000000 0.0035564 0.0000000 0.0000000 0.1709975 0.4903768 0.0000000 0.0072871 0.0494893 0.0267327 0.0252471 0.0102212 0.0048291 0.0066710 0.1663842 0.0247449
 70 G  70 0.0139601 0.0098114 0.0494333 0.0506718 0.0000000 0.0033929 0.0183542 0.8033500 0.0000000 0.0000000 0.0000000 0.0022819 0.0024944 0.0000000 0.0000000 0.0131840 0.0066710 0.0000000 0.0000000 0.0000000 0.0263950
 71 E  71 0.0094228 0.0172600 0.0052781 0.0130178 0.0000000 0.1507556 0.3992562 0.0194096 0.0098137 0.0040510 0.0023691 0.1350613 0.0095607 0.0113350 0.0037427 0.0052874 0.0302417 0.0000000 0.0000000 0.1465346 0.0276028
 72 E  72 0.0288586 0.0000000 0.0088287 0.0293606 0.0000000 0.0175154 0.6432233 0.0050366 0.0000000 0.0000000 0.0146366 0.0563030 0.0052529 0.0000000 0.0677783 0.0417711 0.0359354 0.0000000 0.0000000 0.0178967 0.0276028
 73 C  73 0.0464449 0.0000000 0.0022684 0.0000000 0.0603917 0.0125562 0.0135050 0.0118829 0.0000000 0.0129351 0.0181046 0.0011651 0.0029656 0.5907361 0.0106968 0.0656998 0.0276572 0.0088346 0.0369376 0.0401686 0.0370498
 74 E  74 0.0029455 0.0000000 0.0409459 0.3159121 0.0000000 0.0209755 0.3941439 0.0029875 0.0000000 0.0090470 0.0071418 0.0495778 0.0000000 0.0000000 0.0077718 0.0220927 0.0324458 0.0000000 0.0062850 0.0530079 0.0347197
 75 L  75 0.0204627 0.0029656 0.0042238 0.0535081 0.0035199 0.0342341 0.5383622 0.0183552 0.0071670 0.0646952 0.0530141 0.0092756 0.0405457 0.0235362 0.0000000 0.0038949 0.0143427 0.0000000 0.0391635 0.0350652 0.0336683
 76 E  76 0.0225973 0.0151106 0.0399644 0.0950441 0.0094053 0.0413473 0.2095679 0.0045757 0.0200600 0.0238558 0.0222807 0.0947260 0.0016517 0.0000000 0.0104454 0.0316508 0.2458597 0.0034292 0.0130891 0.0616707 0.0336683
 77 T  77 0.0194210 0.0468589 0.0388418 0.0267276 0.0000000 0.0032635 0.0052230 0.1216790 0.0000000 0.0264073 0.0918384 0.0134104 0.0369461 0.0068563 0.0072833 0.0528539 0.4498012 0.0020206 0.0000000 0.0157194 0.0348482
 78 M  78 0.2108701 0.0000000 0.0077734 0.0058690 0.0000000 0.0099520 0.0034446 0.0305287 0.0031828 0.0740113 0.1794893 0.0038336 0.0803489 0.0406082 0.1613258 0.0186832 0.0111892 0.0031023 0.0081687 0.1062960 0.0413228
 79 T  79 0.0147209 0.0171417 0.0171139 0.5880953 0.0000000 0.0018743 0.0149287 0.0886861 0.0018529 0.0075670 0.0116436 0.0087622 0.0230579 0.0090017 0.0118443 0.0430617 0.0730325 0.0076353 0.0039289 0.0089957 0.0470552
 80 G  80 0.0134568 0.0037365 0.1011448 0.1369176 0.0020895 0.0068365 0.0242686 0.6022348 0.0000000 0.0084037 0.0000000 0.0110999 0.0000000 0.0037427 0.0043733 0.0334273 0.0000000 0.0000000 0.0000000 0.0024830 0.0457851
 81 E  81 0.0174227 0.4272554 0.0296743 0.0074910 0.0021494 0.0315496 0.0853136 0.0240047 0.0146038 0.0099519 0.0170230 0.1225523 0.0098466 0.0026017 0.0037427 0.0252414 0.0870565 0.0000000 0.0063411 0.0328086 0.0433695
 82 K  82 0.0166671 0.0267463 0.0349823 0.0173930 0.0000000 0.0373800 0.0537870 0.0036778 0.0384633 0.0395489 0.0048660 0.4882204 0.0251836 0.0000000 0.0365223 0.0366705 0.0766717 0.0000000 0.0051626 0.0238232 0.0342342
 83 V  83 0.0322875 0.0398129 0.0031023 0.0062409 0.1287023 0.0024341 0.0090357 0.0016417 0.0441783 0.0692234 0.0754492 0.0057050 0.0208321 0.0657694 0.0026075 0.0141671 0.0887080 0.0000000 0.0191412 0.3397145 0.0312469
 84 K  84 0.0102317 0.0620333 0.0340015 0.0210854 0.0000000 0.0823426 0.0509822 0.0047200 0.0110571 0.0180650 0.0028801 0.5506990 0.0388292 0.0000000 0.0059869 0.0333465 0.0387421 0.0000000 0.0000000 0.0027271 0.0322702
 85 T  85 0.1014023 0.0058564 0.0100396 0.0151475 0.0331701 0.0041022 0.0041280 0.0616840 0.0019663 0.0415074 0.0149134 0.0026075 0.0052740 0.0050545 0.0000000 0.3107149 0.2419875 0.0000000 0.0111509 0.0942166 0.0350768
 86 V  86 0.0139409 0.0096114 0.0121389 0.0034446 0.0019887 0.0053184 0.0068036 0.0013527 0.0040048 0.1307062 0.1129905 0.0167367 0.0144833 0.0176370 0.0077299 0.0415280 0.3347398 0.0000000 0.0000000 0.2349937 0.0298509
 87 V  87 0.0796974 0.0000000 0.0000000 0.0000000 0.0543346 0.0037488 0.0000000 0.0000000 0.0064152 0.1084200 0.0193714 0.0041280 0.0268132 0.0919666 0.0220018 0.0224259 0.0323876 0.0439968 0.0598305 0.3967321 0.0277300
 88 Q  88 0.0166219 0.0486324 0.0930653 0.0329741 0.0000000 0.0380132 0.0243797 0.0022501 0.0228124 0.0119935 0.0018508 0.0655165 0.0021825 0.0200127 0.0044317 0.0819412 0.4390286 0.0046563 0.0114220 0.0448643 0.0333510
 89 L  89 0.0076215 0.0259633 0.0000000 0.0052529 0.0023449 0.0328567 0.0132344 0.0026056 0.0000000 0.0529930 0.2967143 0.0573309 0.1178769 0.0845279 0.0037179 0.0107155 0.0000000 0.1817284 0.0287074 0.0410056 0.0348031
 90 E  90 0.0166614 0.0031558 0.0156766 0.2737672 0.0000000 0.0187581 0.4633281 0.0000000 0.0081715 0.0099592 0.0053184 0.0523588 0.0037488 0.0065875 0.0000000 0.0156490 0.0262416 0.0071008 0.0091157 0.0276461 0.0367555
 91 G  91 0.0043200 0.0111515 0.0927506 0.1308923 0.0000000 0.0000000 0.0388201 0.5428312 0.0064379 0.0000000 0.0049519 0.0220850 0.0026056 0.0000000 0.0000000 0.0506037 0.0248582 0.0000000 0.0000000 0.0000000 0.0676920
 92 D  92 0.0041983 0.0012163 0.1227204 0.3398334 0.0000000 0.0034096 0.0952335 0.2601789 0.0000000 0.0000000 0.0089371 0.0136873 0.0000000 0.0038402 0.0178592 0.0188298 0.0078587 0.0000000 0.0037763 0.0051867 0.0932342
 93 N  93 0.0523453 0.0285355 0.1834460 0.0380423 0.0080993 0.0080556 0.0115133 0.0634784 0.0293960 0.0038382 0.0053784 0.1690296 0.0058791 0.0068258 0.0000000 0.0693962 0.0970057 0.0016264 0.0000000 0.0449895 0.1731195
 94 K  94 0.0070116 0.0387801 0.0013334 0.0028804 0.0000000 0.0311592 0.0083224 0.0038402 0.0108926 0.0188052 0.3414373 0.3518182 0.0417417 0.0169125 0.0000000 0.0019918 0.0111055 0.0186338 0.0051867 0.0333664 0.0547810
 95 L  95 0.0038367 0.0068022 0.0100800 0.0000000 0.0000000 0.0058238 0.0021568 0.0119462 0.0063485 0.1688178 0.3251754 0.0316052 0.0348865 0.0279313 0.0000000 0.0046965 0.0651454 0.0076293 0.0000000 0.2460924 0.0410260
 96 V  96 0.0083341 0.0257727 0.0000000 0.0029067 0.0075348 0.1413744 0.0329382 0.0000000 0.1063032 0.1060410 0.0483644 0.0489536 0.0166165 0.0102408 0.0013086 0.0492717 0.0951100 0.0000000 0.0147800 0.2424023 0.0417470
 97 T  97 0.0495007 0.0030925 0.0052861 0.0229218 0.1475366 0.0680680 0.0484447 0.0126154 0.0857664 0.0461893 0.0259308 0.0383316 0.0140609 0.0151431 0.0000000 0.0232063 0.1273159 0.0000000 0.0106770 0.2148869 0.0410260
 98 T  98 0.0095454 0.0146587 0.0718380 0.0752509 0.0033929 0.2494582 0.1053920 0.0202711 0.0226332 0.0277225 0.0000000 0.0587508 0.0090061 0.0038429 0.0079557 0.0341629 0.1064331 0.0000000 0.0058813 0.1327783 0.0410260
 99 F  99 0.0106821 0.0241204 0.0432038 0.0628262 0.0008876 0.2388453 0.0263945 0.0872431 0.0053298 0.0204991 0.0223792 0.1642861 0.0131139 0.0726168 0.0052230 0.0409462 0.0658280 0.0000000 0.0252786 0.0140226 0.0562737
100 K 100 0.0220210 0.0322998 0.0210554 0.0212431 0.0000000 0.0060151 0.0269056 0.0613962 0.0138770 0.0042534 0.0138641 0.3687299 0.0051626 0.0018226 0.1386451 0.0041280 0.0114643 0.1664422 0.0070807 0.0154136 0.0581802
101 N 101 0.0082231 0.0123702 0.1087939 0.2019318 0.0000000 0.0148309 0.0989081 0.2463401 0.0068024 0.0019356 0.0350249 0.0942272 0.0121032 0.0000000 0.0089187 0.0552703 0.0182621 0.0019895 0.0000000 0.0128187 0.0612494
102 I 102 0.0206597 0.0063022 0.0222065 0.0619633 0.0010983 0.0000000 0.1248802 0.2031068 0.0024341 0.0653835 0.0750332 0.0018041 0.0123436 0.0450055 0.0246845 0.0692364 0.0975382 0.0052781 0.0463788 0.0612952 0.0533678
103 K 103 0.0049946 0.0481547 0.0152653 0.0420226 0.0055716 0.0265770 0.0542370 0.0120762 0.0523640 0.0123474 0.0032668 0.3678788 0.0157498 0.0065327 0.0011451 0.0514303 0.1381237 0.0000000 0.0114564 0.0774382 0.0533678
104 S 104 0.0426584 0.0166937 0.0102185 0.0189014 0.0020895 0.0268439 0.1717136 0.0230010 0.0524914 0.1147416 0.0358619 0.0065211 0.0201657 0.0506470 0.0225029 0.0749788 0.0686518 0.0898941 0.0226905 0.0691459 0.0595873
105 V 105 0.0102604 0.0138113 0.0409918 0.0060903 0.0034073 0.0053184 0.0464478 0.0000000 0.0012296 0.0770282 0.0085932 0.0241597 0.0027528 0.0062427 0.0074015 0.0404902 0.4599294 0.0000000 0.0049669 0.1840329 0.0568454
106 T 106 0.0153351 0.6319347 0.0000000 0.0000000 0.0025594 0.0367028 0.0000000 0.0000000 0.0629157 0.0034318 0.0084435 0.0103508 0.0000000 0.0024136 0.0035817 0.0255775 0.0673754 0.0049055 0.0442821 0.0089219 0.0712683
107 E 107 0.0083422 0.0152450 0.0019466 0.0180593 0.0033929 0.0217928 0.5044600 0.0000000 0.0066708 0.0100895 0.0019815 0.0859968 0.0000000 0.0116838 0.0000000 0.0265451 0.0276918 0.1096302 0.0396012 0.0338472 0.0730234
108 L 108 0.0013882 0.0152554 0.0025566 0.0000000 0.0000000 0.0000000 0.0030521 0.0000000 0.0000000 0.2524347 0.2566639 0.0000000 0.0226785 0.1756934 0.0039616 0.0000000 0.0030213 0.0102544 0.0256399 0.1574665 0.0699334
109 N 109 0.0165353 0.0165868 0.0683766 0.1105832 0.0063475 0.0379956 0.1704070 0.0186927 0.0000000 0.0306210 0.0065896 0.0992718 0.0008385 0.0072679 0.0000000 0.1077503 0.0608799 0.0000000 0.0017455 0.1700356 0.0694753
110 G 110 0.0145588 0.0017209 0.0744465 0.3002444 0.0000000 0.0026499 0.0572507 0.4303351 0.0000000 0.0000000 0.0000000 0.0139213 0.0000000 0.0000000 0.0188821 0.0011222 0.0053184 0.0000000 0.0043592 0.0051626 0.0700280
111 D 111 0.0084220 0.0041094 0.1074806 0.3675861 0.0000000 0.0000000 0.0577585 0.3039203 0.0000000 0.0000000 0.0000000 0.0246752 0.0000000 0.0000000 0.0000000 0.0272670 0.0284492 0.0000000 0.0000000 0.0000000 0.0703318
112 I 112 0.0112493 0.0240206 0.0124617 0.0207731 0.0000000 0.1039904 0.2106999 0.0496184 0.0098673 0.0144565 0.0200957 0.2840839 0.0086540 0.0065073 0.0071800 0.0041399 0.1003838 0.0033203 0.0295886 0.0098799 0.0690293
113 I 113 0.0000000 0.0000000 0.0019019 0.0000000 0.0049852 0.0053184 0.0000000 0.0000000 0.0000000 0.0710077 0.5577875 0.0030739 0.2332081 0.0059663 0.0000000 0.0016741 0.0057908 0.0057346 0.0000000 0.0345223 0.0690293
114 T 114 0.0041028 0.0281140 0.0076382 0.0129561 0.0043412 0.0000000 0.0048168 0.0000000 0.1086502 0.1864592 0.0425158 0.0818324 0.0152647 0.0110374 0.0000000 0.0045194 0.1000142 0.0000000 0.0323403 0.2869655 0.0684320
115 N 115 0.0491305 0.0042708 0.0202255 0.0056757 0.0035855 0.0734972 0.0948446 0.0000000 0.0138295 0.0638377 0.2004219 0.0000000 0.0936224 0.0035564 0.0000000 0.0242301 0.0584233 0.0020938 0.0018402 0.2087940 0.0781208
116 T 116 0.0085350 0.0208245 0.0061576 0.0248431 0.0000000 0.0074132 0.1705012 0.0023946 0.0077351 0.0821676 0.0038400 0.0558128 0.0070636 0.0017359 0.0021825 0.0194707 0.4268431 0.0000000 0.0000000 0.0683817 0.0840979
117 M 117 0.0225255 0.0121504 0.0000000 0.0000000 0.1107627 0.0246658 0.0000000 0.0037763 0.0000000 0.0741708 0.2272859 0.0000000 0.1898693 0.0400236 0.0000000 0.0519283 0.0322387 0.0118967 0.0614835 0.0480383 0.0891841
118 T 118 0.0121378 0.0503189 0.0190856 0.0161284 0.0070296 0.0186298 0.0339935 0.0162783 0.0107078 0.0482908 0.0019480 0.0773003 0.0073223 0.0166396 0.0000000 0.0994559 0.4076720 0.0092829 0.0039789 0.0512742 0.0925254
119 L 119 0.1234633 0.0095769 0.0153544 0.0000000 0.1039879 0.0056543 0.0052529 0.0000000 0.0230942 0.0644838 0.0627609 0.0391182 0.0904948 0.0552287 0.0051229 0.0324681 0.0382280 0.0189852 0.0481161 0.1619507 0.0966586
120 G 120 0.0135328 0.0220921 0.1435235 0.1398148 0.0070270 0.0209139 0.1195670 0.3031391 0.0000000 0.0000000 0.0021746 0.0908168 0.0000000 0.0000000 0.0114103 0.0129986 0.0000000 0.0107531 0.0000000 0.0000000 0.1022363
121 D 121 0.0110657 0.0000000 0.1264154 0.3265321 0.0000000 0.0107843 0.0295378 0.2838734 0.0075064 0.0000000 0.0000000 0.0229736 0.0000000 0.0000000 0.0116079 0.0593204 0.0067881 0.0000000 0.0000000 0.0000000 0.1035948
122 I 122 0.0557027 0.0032668 0.0055227 0.0011054 0.0000000 0.0446282 0.0092681 0.0284015 0.0050336 0.1095840 0.0358743 0.0119042 0.0026996 0.0022048 0.0000000 0.0013343 0.0400711 0.0000000 0.0000000 0.5192406 0.1241583
123 V 123 0.0167136 0.0071740 0.0031480 0.0067240 0.0052123 0.0122004 0.0459711 0.0021401 0.0034163 0.0646498 0.0043017 0.0604265 0.0052781 0.0023180 0.0089917 0.0460305 0.2424507 0.0000000 0.0000000 0.3355894 0.1272639
124 F 124 0.2270203 0.0000000 0.0000000 0.0000000 0.3101792 0.0000000 0.0000000 0.0492201 0.0075591 0.0107037 0.0286666 0.0000000 0.0137175 0.0494496 0.0000000 0.0930486 0.0153460 0.0000000 0.0506099 0.0147479 0.1297314
125 K 125 0.0070010 0.0739169 0.0252625 0.0000000 0.0051626 0.0074908 0.0323396 0.0000000 0.0171920 0.0536303 0.0081988 0.2762562 0.0075065 0.0000000 0.0000000 0.0228946 0.2205263 0.0063047 0.0043989 0.1012851 0.1306334
126 R 126 0.0143925 0.6467509 0.0044931 0.0000000 0.0048714 0.1084197 0.0052214 0.0083945 0.0161628 0.0058178 0.0151407 0.0021571 0.0065875 0.0055819 0.0000000 0.0097287 0.0052879 0.0000000 0.0000000 0.0061542 0.1348379
127 I 127 0.0032138 0.0160637 0.0171219 0.0000000 0.0009222 0.0081800 0.0187150 0.0000000 0.0287747 0.2085506 0.0058011 0.0423841 0.0076553 0.0618678 0.0014411 0.0033323 0.1305133 0.0209630 0.0797384 0.2099239 0.1348379
128 S 128 0.0035073 0.0000000 0.0051185 0.0000000 0.0026164 0.0000000 0.0000000 0.0015343 0.0131616 0.0000000 0.0168373 0.0000000 0.0000000 0.2695448 0.0000000 0.1116382 0.0000000 0.0028221 0.4316754 0.0000000 0.1415441
129 K 129 0.0126025 0.0498765 0.0187401 0.0233743 0.0000000 0.0428969 0.1548509 0.0030061 0.0107462 0.0070059 0.0063123 0.4191308 0.0022503 0.0000000 0.0000000 0.0183268 0.0260603 0.0000000 0.0031480 0.0506703 0.1510017
130 R 130 0.0047563 0.4091411 0.0058191 0.0000000 0.0000000 0.0016517 0.0000000 0.0000000 0.0000000 0.0000000 0.0083763 0.3706505 0.0000000 0.0000000 0.0058191 0.0024997 0.0000000 0.0000000 0.0000000 0.0000000 0.1912863
131 I 131 0.0112075 0.0000000 0.0000000 0.0000000 0.0128803 0.0000000 0.0000000 0.0000000 0.0000000 0.1124176 0.0619831 0.0035139 0.0318820 0.0000000 0.0000000 0.0000000 0.0019678 0.0000000 0.0000000 0.2035164 0.5606315
132 L 132 0.0000000 0.0000000 0.0000000 0.0000000 0.0065875 0.0000000 0.0000000 0.0129338 0.0000000 0.0019285 0.0191601 0.0000000 0.0000000 0.0000000 0.0229665 0.0058191 0.0053784 0.0000000 0.0063953 0.0128437 0.9059872
133 V 133 0.0067062 0.0000000 0.0036988 0.0095769 0.0000000 0.0000000 0.0000000 0.0000000 0.0000000 0.0000000 0.0000000 0.0058191 0.0000000 0.0000000 0.0000000 0.0151897 0.0026836 0.0000000 0.0000000 0.0174828 0.9388430
134 P 134 0.0000000 0.0000000 0.0000000 0.0000000 0.0000000 0.0095769 0.0000000 0.0000000 0.0000000 0.0000000 0.0000000 0.0000000 0.0000000 0.0000000 0.0294173 0.0000000 0.0058191 0.0000000 0.0000000 0.0000000 0.9551868
135 R 135 0.0000000 0.0433445 0.0000000 0.0000000 0.0000000 0.0000000 0.0000000 0.0000000 0.0000000 0.0000000 0.0000000 0.0000000 0.0000000 0.0000000 0.0000000 0.0000000 0.0000000 0.0000000 0.0000000 0.0000000 0.9566555
