  179         A         R         N         D         C         Q         E         G         H         I         L         K         M         F         P         S         T         W         Y         V    
  1 M   1 0.0000000 0.0000000 0.0000000 0.0000000 0.0000000 0.0000000 0.0000000 0.0000000 0.0000000 0.0000000 0.2080985 0.0000000 0.2479009 0.0000000 0.0000000 0.0000000 0.0000000 0.0000000 0.0000000 0.5440006
  2 Q   2 0.0000000 0.0460080 0.0000000 0.0000000 0.0000000 0.9249415 0.0000000 0.0000000 0.0000000 0.0000000 0.0000000 0.0290505 0.0000000 0.0000000 0.0000000 0.0000000 0.0000000 0.0000000 0.0000000 0.0000000
  3 D   3 0.0449747 0.2266214 0.0632483 0.3222533 0.0000000 0.0000000 0.0162876 0.0389853 0.0138720 0.0000000 0.0447446 0.0093532 0.0000000 0.0000000 0.1398416 0.0258206 0.0247996 0.0000000 0.0000000 0.0291978
  4 S   4 0.0612206 0.0261408 0.0000000 0.0000000 0.0000000 0.0686830 0.0114621 0.1154160 0.0092709 0.0612239 0.0000000 0.0000000 0.0000000 0.0141205 0.1858566 0.3016588 0.1037612 0.0000000 0.0000000 0.0411855
  5 T   5 0.0457289 0.1008324 0.0000000 0.0169731 0.0064131 0.0600027 0.0122466 0.0257029 0.0000000 0.0286003 0.0301617 0.0661291 0.0000000 0.0666435 0.0543136 0.2822461 0.1375325 0.0000000 0.0057797 0.0606937
  6 S   6 0.1437475 0.1013675 0.0070967 0.0000000 0.0000000 0.0649259 0.0348181 0.0162720 0.0000000 0.0124247 0.0825714 0.0618920 0.0000000 0.0000000 0.2402313 0.1820539 0.0227718 0.0000000 0.0000000 0.0298272
  7 D   7 0.1221303 0.0113272 0.0408156 0.0482635 0.0000000 0.1294558 0.0461776 0.0879200 0.0302808 0.0285665 0.0090191 0.0324616 0.0000000 0.0118235 0.1599540 0.0803659 0.0701670 0.0000000 0.0084846 0.0827870
  8 L   8 0.0275762 0.0544018 0.0000000 0.0000000 0.0000000 0.0303056 0.0592582 0.0000000 0.0000000 0.0725242 0.3499143 0.0000000 0.0145570 0.0156204 0.1238111 0.0148449 0.0278494 0.0130746 0.0053445 0.1909180
  9 I   9 0.0265338 0.0842037 0.0000000 0.0051028 0.0485187 0.0125744 0.0000000 0.0280791 0.0099108 0.2675994 0.1069061 0.0076078 0.0052963 0.0248636 0.0368588 0.0054320 0.0474303 0.0405097 0.0117882 0.2307846
 10 P  10 0.0479311 0.0110078 0.0040397 0.0000000 0.2156768 0.0353672 0.0073959 0.0000000 0.0380976 0.0095022 0.0597093 0.0045976 0.0000000 0.0363112 0.3948969 0.0874335 0.0230368 0.0000000 0.0000000 0.0249964
 11 A  11 0.1591141 0.0694546 0.0285690 0.0225653 0.0022784 0.0221825 0.0291853 0.1075568 0.0000000 0.0202641 0.0311635 0.0052222 0.0149798 0.0109032 0.0540256 0.0858028 0.2279075 0.0043458 0.0000000 0.1044795
 12 P  12 0.0170204 0.0045164 0.0107629 0.0000000 0.0174520 0.0877777 0.0181630 0.2543512 0.0414028 0.0203454 0.0612934 0.0051715 0.0038362 0.0000000 0.2952680 0.1010289 0.0361629 0.0000000 0.0000000 0.0254473
 13 P  13 0.2193264 0.0174464 0.0000000 0.0114886 0.0553315 0.0540902 0.0146167 0.0414251 0.0056584 0.0253093 0.0126629 0.0213108 0.0058509 0.0043738 0.3638015 0.0775655 0.0305611 0.0000000 0.0000000 0.0391810
 14 L  14 0.0342094 0.0225905 0.0044600 0.0293833 0.3291743 0.0778440 0.0749519 0.0063731 0.0000000 0.0730877 0.1518910 0.0229225 0.0087271 0.0000000 0.1177215 0.0145272 0.0084374 0.0045101 0.0000000 0.0191889
 15 S  15 0.1698603 0.0129173 0.0093562 0.0866676 0.0000000 0.0171742 0.0967612 0.0521755 0.0039271 0.0131702 0.0102704 0.0204040 0.0081815 0.0018781 0.2779811 0.1629704 0.0441677 0.0000000 0.0062838 0.0058534
 16 K  16 0.0405859 0.0366774 0.1613147 0.1852497 0.0000000 0.0358182 0.0925080 0.0510986 0.0073398 0.0276465 0.0214980 0.0828143 0.0026569 0.0111485 0.0135437 0.0578210 0.1300380 0.0000000 0.0016346 0.0406061
 17 V  17 0.0111599 0.0097633 0.0061802 0.0081806 0.0000000 0.0105456 0.0079685 0.0049289 0.0020911 0.2457360 0.0689472 0.0090168 0.0179784 0.0528151 0.0640274 0.0225053 0.0257031 0.0018469 0.0259589 0.4046469
 18 P  18 0.0408633 0.0458856 0.0164412 0.0090283 0.0000000 0.1553079 0.0653131 0.0044110 0.0114467 0.0083443 0.0325550 0.0947516 0.0196065 0.0000000 0.3242112 0.0803526 0.0646426 0.0000000 0.0000000 0.0268392
 19 L  19 0.0731490 0.0056990 0.0049059 0.0000000 0.0000000 0.0079227 0.0115120 0.0202772 0.0019434 0.0292490 0.0854488 0.0021590 0.0111677 0.0064074 0.2073325 0.0089004 0.1158500 0.0000000 0.0000000 0.4080760
 20 Q  20 0.0205770 0.0231721 0.0000000 0.0097071 0.0000000 0.3077849 0.0333891 0.0080567 0.0081948 0.0505795 0.0156061 0.0795838 0.1351011 0.0000000 0.0014054 0.0037567 0.0206630 0.0000000 0.0000000 0.2824228
 21 Q  21 0.0902263 0.0834145 0.0176820 0.0600908 0.0000000 0.1633015 0.1651193 0.0200380 0.0000000 0.0000000 0.0097374 0.0893907 0.0028398 0.0021535 0.1851728 0.0683413 0.0359302 0.0000000 0.0000000 0.0065619
 22 N  22 0.0095451 0.0134722 0.4609173 0.2679295 0.0000000 0.0103148 0.0217893 0.0769541 0.0138691 0.0015452 0.0000000 0.0169136 0.0012477 0.0000000 0.0165922 0.0623254 0.0141699 0.0000000 0.0124147 0.0000000
 23 F  23 0.0000000 0.0031317 0.0000000 0.0026518 0.0000000 0.0035576 0.0000000 0.0000000 0.0000000 0.0186965 0.1078385 0.0017091 0.0036433 0.7892464 0.0035952 0.0000000 0.0000000 0.0017590 0.0133095 0.0508614
 24 Q  24 0.0070655 0.0113056 0.1545324 0.5219859 0.0025426 0.1013951 0.1131976 0.0016574 0.0028150 0.0036134 0.0000000 0.0177597 0.0000000 0.0000000 0.0044718 0.0316319 0.0097038 0.0013811 0.0025622 0.0123790
 25 D  25 0.1028497 0.0170596 0.0052644 0.0450811 0.0000000 0.0251343 0.0408948 0.0083084 0.0027746 0.0891174 0.3243823 0.0333674 0.0455874 0.0110221 0.0650202 0.0178047 0.0259962 0.0162688 0.0067958 0.1172709
 26 N  26 0.0569133 0.0222145 0.1315088 0.1534760 0.0000000 0.1323509 0.1788124 0.0083245 0.0143138 0.0069967 0.0017138 0.0630755 0.0007879 0.0010052 0.0476119 0.1075507 0.0559114 0.0000000 0.0039931 0.0134395
 27 Q  27 0.0478320 0.3628342 0.0171258 0.0210459 0.0000000 0.1859096 0.0260649 0.0078750 0.0000000 0.0000000 0.0112642 0.2840888 0.0041054 0.0000000 0.0075936 0.0163286 0.0057576 0.0000000 0.0000000 0.0021744
 28 F  28 0.0019426 0.0000000 0.0000000 0.0000000 0.0000000 0.0000000 0.0027958 0.0000000 0.0000000 0.0973233 0.0648035 0.0000000 0.0437105 0.2796576 0.0000000 0.0000000 0.0062575 0.0018813 0.4382466 0.0633814
 29 Q  29 0.1556504 0.0054334 0.0145209 0.0012808 0.0012497 0.1151286 0.0181416 0.0154470 0.0040557 0.0107285 0.3015428 0.0076501 0.1109697 0.0038733 0.0000000 0.1365296 0.0624231 0.0000000 0.0178315 0.0175433
 30 G  30 0.0000000 0.0043218 0.0018821 0.0018362 0.0000000 0.0000000 0.0025138 0.9877867 0.0000000 0.0000000 0.0000000 0.0000000 0.0000000 0.0000000 0.0000000 0.0000000 0.0016593 0.0000000 0.0000000 0.0000000
 31 K  31 0.0084248 0.1455486 0.0163501 0.0246706 0.0036244 0.0103301 0.0468914 0.0000000 0.0132290 0.0326715 0.0468762 0.2518515 0.0110251 0.0340096 0.0157807 0.0294327 0.2403734 0.0055230 0.0041647 0.0592225
 32 W  32 0.0000000 0.0033615 0.0000000 0.0000000 0.0000000 0.0000000 0.0000000 0.0000000 0.0000000 0.0000000 0.0000000 0.0000000 0.0018296 0.0000000 0.0000000 0.0000000 0.0000000 0.9860460 0.0057572 0.0030057
 33 Y  33 0.0000000 0.0141396 0.0049043 0.0031675 0.0000000 0.0000000 0.0000000 0.0000000 0.1058141 0.0072710 0.0271576 0.0036981 0.0018652 0.0993515 0.0000000 0.0053221 0.0025251 0.0063810 0.7106846 0.0077183
 34 V  34 0.0433050 0.0067709 0.0158579 0.0208251 0.0000000 0.0082342 0.4349530 0.0142001 0.0034825 0.0447375 0.0792289 0.0015534 0.0106590 0.0031312 0.0136653 0.0743106 0.0741550 0.0000000 0.0000000 0.1509306
 35 V  35 0.0159444 0.0046178 0.0027631 0.0013279 0.0000000 0.0101774 0.0000000 0.0000000 0.0014009 0.4700770 0.1170210 0.0689861 0.0344185 0.0045821 0.0000000 0.0093361 0.0133973 0.0000000 0.0065632 0.2393872
 36 G  36 0.5675604 0.0045052 0.0074037 0.0000000 0.0049853 0.0597545 0.0621256 0.1637227 0.0080170 0.0062241 0.0260155 0.0060795 0.0042145 0.0055957 0.0000000 0.0432770 0.0017705 0.0000000 0.0089398 0.0198090
 37 L  37 0.0334880 0.2889950 0.0027160 0.0000000 0.0041589 0.0000000 0.0105320 0.0025767 0.0080333 0.0647482 0.1318709 0.0531337 0.1153126 0.0350769 0.0000000 0.0331974 0.0387028 0.0086140 0.0189272 0.1499165
 38 A  38 0.4763644 0.0066789 0.0009946 0.0000000 0.0041750 0.0018379 0.0017182 0.0347998 0.0010698 0.0506078 0.1710586 0.0023573 0.0089089 0.0573225 0.0000000 0.0030283 0.0247043 0.0000000 0.0799301 0.0744437
 39 G  39 0.0516513 0.0109305 0.0069820 0.1584958 0.0104207 0.0061017 0.0457510 0.0733099 0.0036729 0.0042256 0.0022943 0.0000000 0.0000000 0.0044418 0.1740685 0.3491479 0.0587605 0.0034320 0.0143086 0.0220050
 40 N  40 0.0216918 0.0171625 0.2883311 0.2125881 0.0000000 0.0241542 0.0657818 0.0061844 0.1155215 0.0042874 0.0013281 0.0294242 0.0026223 0.0128980 0.0044809 0.0863200 0.0856883 0.0000000 0.0072120 0.0143235
 41 A  41 0.0584780 0.1586251 0.0161158 0.0196092 0.1185441 0.0591783 0.0226320 0.0155782 0.0136938 0.0297082 0.0151743 0.1525933 0.0201683 0.0143283 0.0090991 0.2018312 0.0452941 0.0086321 0.0039167 0.0168000
 42 I  42 0.0033020 0.0544290 0.0373322 0.0316257 0.0017399 0.0000000 0.0559702 0.0282785 0.0316830 0.0640396 0.0169803 0.0581425 0.0158005 0.2772010 0.0535446 0.0640554 0.0182364 0.0697801 0.0797039 0.0381552
 43 L  43 0.0082867 0.0214700 0.0081976 0.0369037 0.0027489 0.0968010 0.2762885 0.0012924 0.0205439 0.0210652 0.1240210 0.0198686 0.0235845 0.2073598 0.0304835 0.0032287 0.0407806 0.0111523 0.0305134 0.0154097
 44 R  44 0.0483823 0.1598128 0.0300085 0.0200873 0.0000000 0.0531673 0.0041768 0.0000000 0.0041547 0.0383107 0.1253027 0.1587351 0.0280971 0.0221525 0.1670186 0.0127457 0.0435032 0.0000000 0.0302642 0.0540805
 45 E  45 0.0456562 0.0508782 0.0386485 0.0674955 0.0108972 0.0342150 0.2310768 0.2221922 0.0090446 0.0090333 0.0173974 0.0549783 0.0097624 0.0301445 0.0373522 0.0502727 0.0178654 0.0044195 0.0155612 0.0431089
 46 D  46 0.0226041 0.0287147 0.0413992 0.0560386 0.0308190 0.0333708 0.2064294 0.0734250 0.0453341 0.0185350 0.0379990 0.0881474 0.0404167 0.0853800 0.0313856 0.0617247 0.0423879 0.0011709 0.0449889 0.0097289
 47 K  47 0.0142911 0.1203243 0.0773547 0.0139149 0.0252796 0.0932233 0.1294743 0.0734975 0.0136080 0.0148208 0.0537722 0.2485887 0.0109176 0.0157843 0.0114820 0.0234228 0.0410292 0.0020490 0.0110569 0.0061087
 48 D  48 0.1099072 0.0997345 0.0329046 0.1129476 0.0275156 0.0392521 0.0602297 0.1737725 0.0114908 0.0242014 0.0119054 0.0563795 0.0022717 0.0521040 0.0202018 0.0932423 0.0408501 0.0040662 0.0000000 0.0270230
 49 P  49 0.0424415 0.0348435 0.0969374 0.0660827 0.0343873 0.0588320 0.0440833 0.0875877 0.0601276 0.0226615 0.0836080 0.0426350 0.0253521 0.0103555 0.1459181 0.0803846 0.0351055 0.0000000 0.0040947 0.0245619
 50 Q  50 0.0295811 0.0927168 0.0025168 0.0124798 0.0191259 0.0325514 0.0369619 0.0597724 0.0078682 0.0235404 0.3402488 0.0460569 0.1231027 0.0405956 0.0043823 0.0179061 0.0362215 0.0026106 0.0276753 0.0440856
 51 K  51 0.0502174 0.1765824 0.0447293 0.0946735 0.0000000 0.0459965 0.0738259 0.0075900 0.0118850 0.0134105 0.0124504 0.1998850 0.0023787 0.0019646 0.0088394 0.1501229 0.0738199 0.0000000 0.0082170 0.0234116
 52 M  52 0.0330649 0.0125459 0.1046703 0.0250988 0.1897078 0.0501865 0.0291439 0.0123510 0.0079593 0.0430069 0.0566145 0.0127099 0.1547175 0.0088770 0.0390647 0.0258968 0.0152926 0.0000000 0.0052584 0.1738333
 53 Y  53 0.0587742 0.0030951 0.0171837 0.0140452 0.0204999 0.0044087 0.0344864 0.0915799 0.0055655 0.0905348 0.0079988 0.0000000 0.0000000 0.1344221 0.0187856 0.1104098 0.0698860 0.0000000 0.1024445 0.2158800
 54 A  54 0.0476041 0.0189274 0.0230428 0.0000000 0.0000000 0.0259009 0.0403692 0.0326612 0.0015766 0.0912011 0.0145809 0.0287549 0.0426941 0.0041050 0.1010334 0.1282922 0.3027500 0.0011932 0.0082677 0.0870452
 55 T  55 0.4414346 0.0322380 0.0066747 0.0158053 0.0017340 0.0197746 0.0544807 0.0067896 0.0212145 0.0227091 0.0518162 0.0050878 0.0512956 0.0213227 0.0012899 0.0623284 0.1007588 0.0000000 0.0164890 0.0667568
 56 I  56 0.0135223 0.0320143 0.1133952 0.0341939 0.0121605 0.0328564 0.1460080 0.0069757 0.0491681 0.0497400 0.0553424 0.0358518 0.0211626 0.0182904 0.0000000 0.0591684 0.2303263 0.0000000 0.0074314 0.0823923
 57 Y  57 0.0035663 0.0032587 0.0000000 0.0055653 0.0000000 0.0100368 0.0000000 0.0000000 0.0162900 0.1399718 0.1140144 0.0062560 0.0126466 0.0795665 0.0030979 0.0000000 0.0031748 0.0023109 0.4722263 0.1280176
 58 E  58 0.0470043 0.0502882 0.0252015 0.0190080 0.0000000 0.0389675 0.1312709 0.0260840 0.0355231 0.0158516 0.0123905 0.0516340 0.0107519 0.0076345 0.0000000 0.1907908 0.2789348 0.0100972 0.0079690 0.0405985
 59 L  59 0.1108376 0.0231455 0.0037706 0.0038160 0.0176825 0.0335445 0.0139331 0.0262983 0.0072956 0.0505621 0.3656552 0.0150243 0.0155835 0.0182539 0.1204235 0.0182789 0.0144875 0.0125020 0.0084388 0.1204666
 60 K  60 0.0303258 0.1295789 0.1314937 0.0423090 0.0008663 0.0520981 0.0226588 0.0310290 0.0184086 0.0157050 0.1709473 0.1010016 0.0233449 0.0042594 0.0351220 0.0343360 0.1328423 0.0033927 0.0013397 0.0189408
 61 E  61 0.0787009 0.0097692 0.0354678 0.1919016 0.0000000 0.0395295 0.2499496 0.0608778 0.0026397 0.0033395 0.0066496 0.0459679 0.0196348 0.0000000 0.1312776 0.0731104 0.0370608 0.0017623 0.0031714 0.0091898
 62 D  62 0.0065437 0.0075634 0.2192929 0.4489431 0.0051638 0.0184422 0.0920976 0.1256494 0.0018669 0.0000000 0.0031167 0.0134357 0.0000000 0.0000000 0.0158685 0.0214853 0.0103159 0.0000000 0.0000000 0.0102148
 63 K  63 0.0316375 0.0175918 0.0482024 0.0428297 0.0000000 0.0152320 0.0128129 0.6383373 0.0512759 0.0000000 0.0013185 0.0186702 0.0000000 0.0204954 0.0067641 0.0657132 0.0208334 0.0000000 0.0039566 0.0043291
 64 S  64 0.0384166 0.0325677 0.1471750 0.0876353 0.0000000 0.0311277 0.0336109 0.1111943 0.0299574 0.0084076 0.0078156 0.0700043 0.0030938 0.0009862 0.0092290 0.2023953 0.1598524 0.0000000 0.0043240 0.0222067
 65 Y  65 0.0063718 0.0000000 0.0000000 0.0000000 0.0000000 0.0000000 0.0013120 0.0000000 0.0000000 0.2277814 0.3227967 0.0026520 0.0781684 0.0560637 0.0000000 0.0015841 0.0018956 0.0045836 0.0758886 0.2209020
 66 N  66 0.0503700 0.1012578 0.1091664 0.0457518 0.0000000 0.0547201 0.1456245 0.0410424 0.0258482 0.0311988 0.0226846 0.1472031 0.0020542 0.0047768 0.0013501 0.1223973 0.0640876 0.0013082 0.0132123 0.0159458
 67 V  67 0.0891838 0.0000000 0.0000000 0.0000000 0.0025121 0.0000000 0.0000000 0.0160169 0.0000000 0.0683271 0.0912699 0.0026446 0.0443297 0.0795861 0.0000000 0.0047211 0.0166553 0.0000000 0.0030456 0.5817078
 68 T  68 0.0271663 0.0493633 0.0248116 0.0362541 0.0012584 0.0246981 0.0170306 0.0167968 0.0207625 0.0905227 0.1293212 0.1008785 0.0083673 0.0156127 0.0000000 0.1034831 0.2237933 0.0035888 0.0044393 0.1018515
 69 S  69 0.0540113 0.0093480 0.3995108 0.0149459 0.0050632 0.0020660 0.0130269 0.0024618 0.0061015 0.0247233 0.0663891 0.0048239 0.0378639 0.1026560 0.0000000 0.0923496 0.0809823 0.0000000 0.0454945 0.0381820
 70 V  70 0.0814439 0.1907231 0.0162220 0.0222756 0.0033661 0.0415798 0.0618166 0.0171787 0.0380448 0.0185912 0.0258594 0.0682277 0.0020086 0.0446169 0.0000000 0.1219007 0.1883942 0.0165907 0.0223460 0.0188141
 71 L  71 0.0315872 0.0659438 0.0163202 0.0067046 0.0724343 0.0518518 0.0396523 0.2089884 0.0256404 0.0464376 0.0498963 0.0168886 0.0582595 0.1107525 0.0392312 0.0241061 0.0564852 0.0065988 0.0301728 0.0420484
 72 F  72 0.0083413 0.0953841 0.0524588 0.0064778 0.0028126 0.0125887 0.0012248 0.0020340 0.0219646 0.0720299 0.1655717 0.0812499 0.0521614 0.0809260 0.0365418 0.0123880 0.0561514 0.0598161 0.1061401 0.0737371
 73 R  73 0.0219014 0.1939720 0.1396181 0.0623304 0.0015154 0.0188015 0.0558720 0.0358401 0.0108762 0.0521317 0.0691229 0.0820179 0.0206914 0.0073352 0.0043998 0.0958091 0.0462802 0.0033267 0.0091338 0.0690244
 74 K  74 0.0645043 0.0525301 0.1725420 0.1256525 0.0000000 0.0271689 0.0784554 0.0502198 0.0351942 0.0089501 0.0256993 0.0957785 0.0063865 0.0030014 0.0847869 0.0829087 0.0310272 0.0249642 0.0104054 0.0198247
 75 K  75 0.0174014 0.0201279 0.0504818 0.1842435 0.0017693 0.0761856 0.1238963 0.3523606 0.0156730 0.0048499 0.0127867 0.0671064 0.0000000 0.0179682 0.0045189 0.0186240 0.0136103 0.0016648 0.0026181 0.0141133
 76 K  76 0.0249641 0.0894740 0.0338961 0.0250759 0.0017754 0.0997609 0.0978491 0.1904531 0.0196824 0.0407670 0.0356393 0.1185756 0.0126486 0.0071892 0.0053572 0.0373940 0.0602529 0.0010495 0.0209418 0.0772539
 77 C  77 0.0049615 0.0353399 0.0217740 0.0151141 0.5458988 0.0534353 0.0147780 0.0395702 0.0175235 0.0129946 0.0529022 0.0294604 0.0050568 0.0054462 0.0140614 0.0340879 0.0298733 0.0294196 0.0026821 0.0356201
 78 D  78 0.0555892 0.0639884 0.0240849 0.0796454 0.0083656 0.0904794 0.1292721 0.0343452 0.0384528 0.0375187 0.0214335 0.0805229 0.0239570 0.0155024 0.0000000 0.0694266 0.0395571 0.0591713 0.0272117 0.1014759
 79 Y  79 0.0222234 0.0467025 0.0810049 0.0344561 0.0000000 0.1051881 0.1962006 0.0089644 0.0255108 0.0191815 0.0293041 0.0730237 0.0026121 0.0128542 0.0173184 0.0624075 0.1155243 0.0917391 0.0356966 0.0200877
 80 W  80 0.0777740 0.0522479 0.0092907 0.0098506 0.0000000 0.0618488 0.0536311 0.0404370 0.0122871 0.1565276 0.0466339 0.1037627 0.0920390 0.0259010 0.0000000 0.0517269 0.0333251 0.0604628 0.0069868 0.1052668
 81 I  81 0.0379486 0.0576367 0.0482198 0.0505164 0.0000000 0.0273089 0.1535573 0.0094926 0.0085643 0.0863837 0.0165939 0.1036524 0.0080811 0.0228116 0.0076232 0.1301005 0.1395638 0.0000000 0.0195545 0.0723907
 82 R  82 0.1459039 0.0457215 0.0054802 0.0076673 0.0000000 0.0397777 0.0278381 0.2324369 0.0124954 0.0841221 0.0917080 0.0142729 0.0418066 0.0123159 0.0077647 0.0334410 0.0374343 0.0216399 0.0381949 0.0999788
 83 T  83 0.0292576 0.0456646 0.0181289 0.0309778 0.0000000 0.0319350 0.1073699 0.0477620 0.0139987 0.0697542 0.0918630 0.0419636 0.0191408 0.0085195 0.0033108 0.0383984 0.2220888 0.0039154 0.0048438 0.1711075
 84 F  84 0.2495866 0.0026895 0.0016795 0.0052875 0.0226945 0.0038101 0.0229657 0.1594106 0.0030738 0.0508208 0.1523418 0.0010974 0.0454938 0.1111844 0.0053317 0.0093564 0.0141395 0.0000000 0.0925575 0.0464790
 85 V  85 0.0558934 0.0830550 0.0125604 0.0362885 0.0010017 0.0644128 0.1354736 0.0233330 0.0237809 0.0484291 0.0343333 0.1412938 0.0070909 0.0128720 0.0461987 0.0311215 0.0687752 0.0118717 0.0457906 0.1164239
 86 P  86 0.1082645 0.0668072 0.0158748 0.0645458 0.0000000 0.0219757 0.0496246 0.0085341 0.0084237 0.0256401 0.0305531 0.3116159 0.0024929 0.0476557 0.1382797 0.0368221 0.0177847 0.0000000 0.0028574 0.0422478
 87 G  87 0.0982495 0.0328112 0.0177370 0.0362667 0.0014169 0.0506073 0.0212155 0.0352647 0.0059356 0.0272250 0.0057748 0.0287203 0.0160887 0.0152397 0.0641230 0.0602664 0.3558354 0.0000000 0.0500223 0.0771999
 88 C  88 0.0632172 0.0160955 0.0435469 0.1987530 0.0051918 0.0296346 0.1646888 0.1610001 0.0013273 0.0195762 0.0026875 0.0359600 0.0011242 0.0326192 0.0497265 0.1015287 0.0193137 0.0000000 0.0075088 0.0465000
 89 Q  89 0.0383637 0.0223757 0.0701589 0.1304559 0.0022803 0.0776452 0.1470967 0.0259155 0.0048069 0.0255907 0.0266123 0.0916861 0.0110988 0.0063525 0.0266018 0.0879378 0.0970972 0.0000000 0.0056950 0.1022289
 90 P  90 0.0483856 0.0089992 0.0378660 0.0988919 0.0022291 0.0143656 0.0826576 0.0035515 0.0080692 0.0301389 0.0219855 0.0359760 0.0032846 0.0000000 0.5143248 0.0389296 0.0244522 0.0012885 0.0000000 0.0246042
 91 G  91 0.1759445 0.0172890 0.0385677 0.0281010 0.0000000 0.0117015 0.0183200 0.5623342 0.0057461 0.0048030 0.0099984 0.0206598 0.0000000 0.0049960 0.0069428 0.0361221 0.0450702 0.0040781 0.0015176 0.0078079
 92 E  92 0.0111678 0.1685889 0.0298758 0.0069511 0.0072012 0.1333757 0.1270546 0.0068149 0.0620546 0.0153267 0.0056482 0.2690428 0.0049659 0.0064360 0.0208376 0.0276012 0.0340290 0.0000000 0.0038441 0.0591837
 93 F  93 0.1247200 0.0074517 0.0100075 0.0030905 0.0011745 0.0000000 0.0058663 0.0564873 0.0008312 0.0168822 0.1256428 0.0109112 0.0312156 0.3420650 0.0352574 0.0174920 0.0086015 0.0235251 0.1770207 0.0017572
 94 T  94 0.1093290 0.0629763 0.0259160 0.0203111 0.0108715 0.0288031 0.0251473 0.0028286 0.0192103 0.0265504 0.0721776 0.1910643 0.0140611 0.0187901 0.0025538 0.1106965 0.2144787 0.0013055 0.0195572 0.0233716
 95 L  95 0.0733279 0.0069292 0.0081013 0.0000000 0.0000000 0.0033591 0.0000000 0.0174775 0.0000000 0.0593345 0.3170192 0.0407818 0.0151698 0.0368966 0.0189687 0.0101118 0.0246603 0.0075393 0.1151994 0.2451233
 96 G  96 0.0211010 0.0535770 0.0738096 0.0592881 0.0000000 0.0495006 0.0341311 0.0764172 0.0662793 0.0115297 0.0825868 0.2106353 0.0064199 0.0205322 0.0063491 0.0763550 0.0667411 0.0440526 0.0205846 0.0201100
 97 N  97 0.0341992 0.0349818 0.0837669 0.0166596 0.0060716 0.0095728 0.0136448 0.0788720 0.0177211 0.0347261 0.0291389 0.0236210 0.0215294 0.1488153 0.0136511 0.0468124 0.0221059 0.0429061 0.0889872 0.2322170
 98 I  98 0.0584201 0.0480306 0.0108305 0.0299846 0.0019434 0.0341680 0.0295437 0.0290113 0.0245602 0.0408475 0.0644344 0.0330644 0.0182402 0.0459367 0.0811521 0.2603276 0.0718131 0.0042184 0.0189841 0.0944892
 99 K  99 0.0651733 0.0822832 0.0178633 0.0163181 0.0041380 0.0287872 0.0154556 0.0973367 0.0144596 0.0239411 0.0643573 0.0910616 0.0041742 0.2754696 0.0409069 0.0357610 0.0587556 0.0025968 0.0092843 0.0518767
100 S 100 0.0333780 0.0313168 0.0146394 0.0198789 0.0000000 0.0096682 0.0882914 0.0352944 0.0165614 0.0315289 0.0322773 0.0177383 0.0059173 0.2404889 0.0582841 0.2141729 0.0270650 0.0932443 0.0069384 0.0233161
101 Y 101 0.0161791 0.0302612 0.1374193 0.0242214 0.0000000 0.0095709 0.0035824 0.2346199 0.0170651 0.0288717 0.0700857 0.0136791 0.0094247 0.1051699 0.0882401 0.0226085 0.0096871 0.0278375 0.1207169 0.0307596
102 P 102 0.0625311 0.0429233 0.0194020 0.0384382 0.0000000 0.0167709 0.0598206 0.0270944 0.0116520 0.0361622 0.0832062 0.0191872 0.0067294 0.0309856 0.3811781 0.0296468 0.0657045 0.0225602 0.0111335 0.0348740
103 G 103 0.0805956 0.0043090 0.0185024 0.0256818 0.0045662 0.0438597 0.0341461 0.1536150 0.0066805 0.0151445 0.0365052 0.0042322 0.0052760 0.2672713 0.0559513 0.0414984 0.0422329 0.0269552 0.0976279 0.0353489
104 L 104 0.0426674 0.0611330 0.0176063 0.0115464 0.0000000 0.0149745 0.0659383 0.0744160 0.0107698 0.0466925 0.0827681 0.0796067 0.0444279 0.0179813 0.0406404 0.0627948 0.0798431 0.0112904 0.1572464 0.0776568
105 T 105 0.0906762 0.0134934 0.0593815 0.0634271 0.0000000 0.0551140 0.0320256 0.4465559 0.0000000 0.0103341 0.0074654 0.0110012 0.0181816 0.0081106 0.0766652 0.0552042 0.0296461 0.0000000 0.0092893 0.0134286
106 S 106 0.0529898 0.0336147 0.0863207 0.1200089 0.0000000 0.0226966 0.0634834 0.0935658 0.0287604 0.0243200 0.0048086 0.0938589 0.0040286 0.0040577 0.0387884 0.1568024 0.0472488 0.0027936 0.0491692 0.0726835
107 Y 107 0.0525169 0.0439583 0.0791134 0.0390277 0.0000000 0.0101121 0.0482141 0.0219865 0.0418073 0.0147267 0.0454836 0.0606726 0.0100855 0.0151157 0.0093526 0.0528502 0.0388509 0.0000000 0.3894008 0.0267249
108 L 108 0.0098907 0.0118394 0.1495162 0.1595666 0.0012377 0.0194375 0.0895834 0.0128155 0.0496339 0.0360699 0.0469167 0.0326499 0.0012473 0.0114246 0.0863985 0.0222443 0.0611345 0.0884399 0.0109253 0.0990284
109 V 109 0.0029540 0.0000000 0.0000000 0.0000000 0.0000000 0.0000000 0.0000000 0.0000000 0.0306757 0.1921033 0.0500163 0.0000000 0.0579426 0.0679742 0.0031549 0.0000000 0.0364892 0.0000000 0.1790013 0.3796884
110 R 110 0.0167365 0.1525822 0.0105709 0.0108001 0.0037688 0.0302489 0.0068157 0.0000000 0.0391265 0.0821335 0.1007447 0.0105708 0.0209487 0.0954183 0.0046529 0.0348950 0.0276566 0.1950010 0.1046816 0.0526473
111 V 111 0.0627985 0.0091968 0.0033088 0.0271090 0.0000000 0.0030919 0.0479824 0.0098113 0.0049012 0.1695564 0.0516174 0.0191042 0.0174277 0.0144896 0.0000000 0.0045385 0.0064660 0.0039220 0.0316280 0.5130504
112 V 112 0.0571872 0.0019723 0.0044499 0.0000000 0.0000000 0.0184334 0.0265141 0.0185301 0.0102535 0.1193642 0.4675264 0.0054544 0.0177133 0.0076011 0.0033236 0.0145469 0.0202638 0.0000000 0.0120257 0.1948401
113 S 113 0.1018994 0.0209360 0.0084679 0.4326510 0.0017500 0.0040051 0.1561804 0.0402011 0.0242938 0.0056219 0.0035170 0.0461541 0.0014741 0.0063141 0.0219210 0.0765566 0.0166564 0.0000000 0.0210078 0.0103922
114 T 114 0.0296921 0.0215088 0.0031063 0.0365023 0.0000000 0.0133014 0.0466328 0.0122777 0.0105332 0.0190189 0.0391605 0.0261493 0.0037298 0.0048155 0.0483810 0.0554601 0.5935587 0.0000000 0.0000000 0.0361716
115 N 115 0.0194123 0.0030635 0.1190934 0.6407804 0.0000000 0.0184273 0.0568904 0.0098760 0.0086195 0.0019611 0.0092212 0.0254215 0.0000000 0.0000000 0.0380261 0.0315168 0.0065755 0.0000000 0.0000000 0.0111150
116 Y 116 0.0115430 0.0045318 0.0259121 0.0204091 0.0062984 0.0015848 0.0100283 0.0228577 0.0024288 0.0000000 0.0010124 0.0021895 0.0025254 0.0186141 0.0195821 0.0078627 0.0010453 0.0000000 0.7775338 0.0640409
117 N 117 0.0058897 0.0819693 0.0699714 0.2373146 0.0000000 0.0684844 0.1138082 0.0017222 0.0074351 0.0081494 0.0123546 0.1465428 0.0023781 0.0021166 0.0026359 0.0705402 0.0791782 0.0047242 0.0675327 0.0172525
118 Q 118 0.0144640 0.0292049 0.1858250 0.1434630 0.0000000 0.1364911 0.1026152 0.0229165 0.0324974 0.0020377 0.0117716 0.0340644 0.0102298 0.0011541 0.0000000 0.1690045 0.0959657 0.0000000 0.0011635 0.0071317
119 H 119 0.0114439 0.0000000 0.0000000 0.0021788 0.0000000 0.0000000 0.0028272 0.0019492 0.1127845 0.0072191 0.0057087 0.0000000 0.0000000 0.1761395 0.0000000 0.0129632 0.0145866 0.0619661 0.5632662 0.0269669
120 A 120 0.6362150 0.0018979 0.0000000 0.0000000 0.0013211 0.0030366 0.0000000 0.0344844 0.0028462 0.0411163 0.0574887 0.0000000 0.0108243 0.0113958 0.0015814 0.0776749 0.0265342 0.0113087 0.0543212 0.0279533
121 M 121 0.0111007 0.0000000 0.0000000 0.0000000 0.0039718 0.0014302 0.0032375 0.0154300 0.0000000 0.2884965 0.3009488 0.0019504 0.0739840 0.0642535 0.0000000 0.0013682 0.0184304 0.0000000 0.0043376 0.2110604
122 V 122 0.0208868 0.0000000 0.0026372 0.0000000 0.0059170 0.0093776 0.0055062 0.0128769 0.0147548 0.1347560 0.1558396 0.0000000 0.0602858 0.1193901 0.0000000 0.0053338 0.0194212 0.0000000 0.0000000 0.4330170
123 F 123 0.0073080 0.0114381 0.0072575 0.0138512 0.0700880 0.0097019 0.0029433 0.0081374 0.1013429 0.0123082 0.0718936 0.0045445 0.0064229 0.1064896 0.0000000 0.0141801 0.0000000 0.0688813 0.4725547 0.0106566
124 F 124 0.0385648 0.0085828 0.0123129 0.0068998 0.1161500 0.0036655 0.0014292 0.0280714 0.0041677 0.0356637 0.1397896 0.0083343 0.0471402 0.0482393 0.0000000 0.2857510 0.1274352 0.0030250 0.0298196 0.0549581
125 K 125 0.0420546 0.0652277 0.0100967 0.0069374 0.3045743 0.0523216 0.1591580 0.0017309 0.0164130 0.0576216 0.0224312 0.1150744 0.0046947 0.0067612 0.0076362 0.0309179 0.0377519 0.0033232 0.0252501 0.0300233
126 K 126 0.0132233 0.0761046 0.1837650 0.0416400 0.0013639 0.0512742 0.0373214 0.0904475 0.0166305 0.0249616 0.0607146 0.1731405 0.0158271 0.0067429 0.0032140 0.0787177 0.0755320 0.0017982 0.0013094 0.0462717
127 V 127 0.0507109 0.0086186 0.0383802 0.0470554 0.0000000 0.0938795 0.0935205 0.1279680 0.0111867 0.0400721 0.0526065 0.0771859 0.0143317 0.0430709 0.0126318 0.0772856 0.1164747 0.0000000 0.0130917 0.0819294
128 S 128 0.0229383 0.0888761 0.0396167 0.0493043 0.0000000 0.0213469 0.0260265 0.1220752 0.0218724 0.0419870 0.1250505 0.1172445 0.0082846 0.0750710 0.0203201 0.1111378 0.0397236 0.0195908 0.0127066 0.0368272
129 Q 129 0.0685862 0.0560822 0.0779584 0.0887132 0.0017654 0.0396280 0.0592634 0.1456766 0.0354287 0.0110089 0.0194158 0.0801115 0.0034287 0.0259398 0.1758790 0.0500313 0.0322921 0.0028241 0.0164136 0.0095529
130 N 130 0.0256788 0.0370381 0.1617680 0.0977058 0.0024515 0.0123717 0.0366445 0.2788507 0.0353779 0.0058312 0.0064499 0.0234091 0.0000000 0.0443559 0.0403554 0.1133876 0.0436427 0.0089531 0.0026419 0.0230865
131 R 131 0.0510592 0.2051120 0.0269973 0.0235366 0.0120040 0.0538335 0.0972573 0.0842090 0.0449948 0.0211728 0.0446711 0.1234059 0.0137449 0.0318325 0.0330680 0.0202517 0.0492311 0.0000000 0.0146311 0.0489872
132 E 132 0.0369031 0.0746012 0.0699962 0.1430728 0.0032811 0.0524487 0.0796353 0.0192849 0.0742145 0.0122469 0.0280759 0.0916507 0.0035375 0.0252567 0.0385148 0.1079355 0.0823827 0.0074321 0.0024352 0.0470942
133 Y 133 0.0248949 0.0588213 0.0290265 0.0192565 0.0157104 0.0110585 0.0124055 0.0098916 0.0492119 0.0484331 0.0337484 0.0050045 0.0109386 0.1461125 0.0000000 0.0854335 0.1039028 0.0000000 0.3074800 0.0286696
134 F 134 0.0177381 0.0928245 0.0285417 0.0132601 0.0082366 0.0930591 0.0521552 0.0099689 0.0304109 0.0435422 0.2767130 0.0509101 0.0081374 0.0747893 0.0031849 0.0403830 0.0491283 0.0000000 0.0124440 0.0945727
135 K 135 0.0252849 0.0251803 0.0343220 0.0057030 0.0024513 0.0130616 0.0305932 0.0167863 0.0000000 0.0211503 0.0688549 0.0472866 0.1058902 0.0441043 0.0038141 0.1110139 0.0577425 0.2318653 0.0577112 0.0971843
136 I 136 0.2146705 0.0024898 0.0253377 0.0000000 0.0319828 0.0000000 0.0000000 0.0478765 0.0000000 0.1850870 0.1259417 0.0000000 0.0568693 0.0096585 0.0000000 0.0623211 0.0414034 0.0049798 0.0100073 0.1813747
137 T 137 0.0381077 0.0132919 0.0171195 0.0072770 0.0000000 0.0990506 0.0569244 0.0080210 0.0074691 0.0145981 0.0479775 0.2082389 0.0072179 0.0479611 0.0000000 0.0383086 0.0922181 0.2754191 0.0127176 0.0080820
138 L 138 0.0062586 0.0032610 0.0000000 0.0000000 0.0054638 0.0015047 0.0000000 0.0000000 0.0000000 0.1799975 0.5926537 0.0379377 0.0103245 0.0305941 0.0074096 0.0040366 0.0031617 0.0000000 0.0424931 0.0749033
139 Y 139 0.0049917 0.0000000 0.0030832 0.0012665 0.0024155 0.0000000 0.0000000 0.0000000 0.0184958 0.0223647 0.5055273 0.0042875 0.0533328 0.0846870 0.0000000 0.0045224 0.0013361 0.0000000 0.2525874 0.0411022
140 G 140 0.1834073 0.0043961 0.0015831 0.0000000 0.0210998 0.0000000 0.0023355 0.2848666 0.0066460 0.0000000 0.0000000 0.0051016 0.0000000 0.0000000 0.0000000 0.4262470 0.0552790 0.0000000 0.0000000 0.0090380
141 R 141 0.0000000 0.9370267 0.0000000 0.0000000 0.0000000 0.0021762 0.0022909 0.0000000 0.0000000 0.0018028 0.0012813 0.0414849 0.0000000 0.0000000 0.0097205 0.0024179 0.0017989 0.0000000 0.0000000 0.0000000
142 T 142 0.0290068 0.0240632 0.0700908 0.0799274 0.0054846 0.0621478 0.1261487 0.0345833 0.0183872 0.0091941 0.0047602 0.0315037 0.0028697 0.0031490 0.0012901 0.1273579 0.3583251 0.0000000 0.0025871 0.0091234
143 K 143 0.0164647 0.1057237 0.0170005 0.0067470 0.0000000 0.0567131 0.0180046 0.0027435 0.0034950 0.0061610 0.0812386 0.1335620 0.0119097 0.0026533 0.4365010 0.0280747 0.0348800 0.0206390 0.0022668 0.0152217
144 E 144 0.0156971 0.0239755 0.0480296 0.1222209 0.0008591 0.0984364 0.2164575 0.0078550 0.0298346 0.0110264 0.0256472 0.0630107 0.0129512 0.0111527 0.0283299 0.0633156 0.1693889 0.0036455 0.0151767 0.0329895
145 L 145 0.0462840 0.0017245 0.0165883 0.0185169 0.0035769 0.0100176 0.0407011 0.0231594 0.0041145 0.0949103 0.4010175 0.0040791 0.0517184 0.0037127 0.0895197 0.0161024 0.0260375 0.0000000 0.0030893 0.1451297
146 T 146 0.0262588 0.0492766 0.1122930 0.1493557 0.0000000 0.0180980 0.0441993 0.0422980 0.0100119 0.0080479 0.0179362 0.0208220 0.0000000 0.0049491 0.1407530 0.2924017 0.0621674 0.0000000 0.0000000 0.0011314
147 S 147 0.0795782 0.0232204 0.0256742 0.1411008 0.0055276 0.0854678 0.1243503 0.0432403 0.0130130 0.0062959 0.0343330 0.0410619 0.0037343 0.0164079 0.2543114 0.0509970 0.0347783 0.0000000 0.0040582 0.0128496
148 E 148 0.0870165 0.0098243 0.0492721 0.1038327 0.0000000 0.0608810 0.3817955 0.0317204 0.0070565 0.0086313 0.0182241 0.0513083 0.0039188 0.0029633 0.0340341 0.0821166 0.0457089 0.0017686 0.0025141 0.0174131
149 L 149 0.1991227 0.0079752 0.0060370 0.0127653 0.0038206 0.0293899 0.0188910 0.0265542 0.0041082 0.1187535 0.1439879 0.0148823 0.0140406 0.0266037 0.0013005 0.0304085 0.0978980 0.0020506 0.0197478 0.2216624
150 K 150 0.0152510 0.0780280 0.0016363 0.0039666 0.0022977 0.0261361 0.0116956 0.0000000 0.0049433 0.1180442 0.2842536 0.1935481 0.0763278 0.0228997 0.0015158 0.0054923 0.0087922 0.0089162 0.0591570 0.0770985
151 E 151 0.0590225 0.0358558 0.0616962 0.1349424 0.0000000 0.1483467 0.3205382 0.0172498 0.0092259 0.0000000 0.0105498 0.0706485 0.0045511 0.0000000 0.0040752 0.0579416 0.0399201 0.0127340 0.0065165 0.0061857
152 N 152 0.0756350 0.1419518 0.0347496 0.0714741 0.0000000 0.0502475 0.1430737 0.0176568 0.0367896 0.0067281 0.0269941 0.2583025 0.0059440 0.0180383 0.0053599 0.0236482 0.0280498 0.0000000 0.0371752 0.0181818
153 F 153 0.0718349 0.0000000 0.0000000 0.0000000 0.0012242 0.0025871 0.0037207 0.0019422 0.0000000 0.0696906 0.1803968 0.0000000 0.0335011 0.5145502 0.0012116 0.0000000 0.0055196 0.0000000 0.0762165 0.0376043
154 I 154 0.0231167 0.1244564 0.0189003 0.0282521 0.0033877 0.0434263 0.0897588 0.0000000 0.0121675 0.0741694 0.1646520 0.1569510 0.0229546 0.0093203 0.0000000 0.0169929 0.0360609 0.0000000 0.0349554 0.1404777
155 R 155 0.0982880 0.0784902 0.0799340 0.0839558 0.0187634 0.1241709 0.1751783 0.0252444 0.0123945 0.0037260 0.0123481 0.1454398 0.0111914 0.0041126 0.0000000 0.0733325 0.0372141 0.0000000 0.0089144 0.0073017
156 F 156 0.0646535 0.0985642 0.0028739 0.0092477 0.0010072 0.0176817 0.0196321 0.0000000 0.0187721 0.0795202 0.1342589 0.0952278 0.0211239 0.2245688 0.0000000 0.0074913 0.0298718 0.0148146 0.0629736 0.0977167
157 S 157 0.3504094 0.0076479 0.0035570 0.0000000 0.0806637 0.0027245 0.0000000 0.0035953 0.0000000 0.0500753 0.1909197 0.0032846 0.0121671 0.0234684 0.0000000 0.0792147 0.0536517 0.0014263 0.0173149 0.1198794
158 K 158 0.0577342 0.1571675 0.0140649 0.0464595 0.0024707 0.1143440 0.0918917 0.0227601 0.0162331 0.0202756 0.0570242 0.2156900 0.0088376 0.0000000 0.0381443 0.0457704 0.0678978 0.0033206 0.0108164 0.0090973
159 S 159 0.1036097 0.0922851 0.0293512 0.0891189 0.0016584 0.0662144 0.1693246 0.0423494 0.0207860 0.0117487 0.0167597 0.1068821 0.0032377 0.0016789 0.0025174 0.1558610 0.0687604 0.0027002 0.0060190 0.0091371
160 L 160 0.0448148 0.0690362 0.0607493 0.0030299 0.0010861 0.1312398 0.0409361 0.0057055 0.0463238 0.0187800 0.2392391 0.0808778 0.0201466 0.0335194 0.0000000 0.0191052 0.0360878 0.0047218 0.0853311 0.0592697
161 G 161 0.0019728 0.0197953 0.0679530 0.0388742 0.0242676 0.0038141 0.0203017 0.7246568 0.0147897 0.0023733 0.0050003 0.0302164 0.0000000 0.0022135 0.0161950 0.0138388 0.0028833 0.0000000 0.0108543 0.0000000
162 L 162 0.0019733 0.0053004 0.0000000 0.0000000 0.0049534 0.0000000 0.0000000 0.0000000 0.0025830 0.2353134 0.3007404 0.0000000 0.0197095 0.2173384 0.0000000 0.0000000 0.0000000 0.0000000 0.1327993 0.0792890
163 P 163 0.0393543 0.0318762 0.0584983 0.3227573 0.0000000 0.0192060 0.0208421 0.0274332 0.0238368 0.0142482 0.0603971 0.0313294 0.0000000 0.0050779 0.1124456 0.1068812 0.0982028 0.0000000 0.0014894 0.0261240
164 E 164 0.0196600 0.0629955 0.0031589 0.0819378 0.0000000 0.0458519 0.1623047 0.0023081 0.0035424 0.0500724 0.0850153 0.0695692 0.0164730 0.0044104 0.1184297 0.0303875 0.1303319 0.0000000 0.0021139 0.1114377
165 N 165 0.0586087 0.0353928 0.0552011 0.2639454 0.0019936 0.0461423 0.2466026 0.0222416 0.0179923 0.0000000 0.0026446 0.0153088 0.0000000 0.0184085 0.0037228 0.1758536 0.0277728 0.0026848 0.0037150 0.0017687
166 H 166 0.0474008 0.0592414 0.2410819 0.0937800 0.0000000 0.0811498 0.0575109 0.0074926 0.0437307 0.0128609 0.0107987 0.1603894 0.0304129 0.0193309 0.0089330 0.0545004 0.0237693 0.0000000 0.0403404 0.0072760
167 I 167 0.0112035 0.0096782 0.0000000 0.0000000 0.0000000 0.0150581 0.0022583 0.0068830 0.0024667 0.4146394 0.2927484 0.0058680 0.0639461 0.0637746 0.0000000 0.0018550 0.0137408 0.0041013 0.0153221 0.0764566
168 V 168 0.0357196 0.0521165 0.0019517 0.0000000 0.0000000 0.0136364 0.0239202 0.0040977 0.0207635 0.3129218 0.0942750 0.0366679 0.0111942 0.1090121 0.0000000 0.0244532 0.0434683 0.0014081 0.0168163 0.1975774
169 F 169 0.0120889 0.0479021 0.0238187 0.1165714 0.0000000 0.0149375 0.0088467 0.0019607 0.0176033 0.1225114 0.0542529 0.0358566 0.0380556 0.2037145 0.0156257 0.0135112 0.0649612 0.0954449 0.0478244 0.0645123
170 P 170 0.0032592 0.0034281 0.0072187 0.0033883 0.0000000 0.0128107 0.0046163 0.0013870 0.0000000 0.0386384 0.2209933 0.0150082 0.0363822 0.0771105 0.1869538 0.0177000 0.2076803 0.0039741 0.0000000 0.1594508
171 V 171 0.0510818 0.0279098 0.0493448 0.1155355 0.0000000 0.0522273 0.0979439 0.0019514 0.0051945 0.0315684 0.0213801 0.0920654 0.0057241 0.0019957 0.2220959 0.0513975 0.1042421 0.0000000 0.0020306 0.0663112
172 P 172 0.0117321 0.0283051 0.0553328 0.0672792 0.0000000 0.4232400 0.0212213 0.0016061 0.0966400 0.0028169 0.0184108 0.1200834 0.0082972 0.0027604 0.0880277 0.0155893 0.0286504 0.0000000 0.0000000 0.0100074
173 I 173 0.0314186 0.0565217 0.0693905 0.1103177 0.0000000 0.0656324 0.0142949 0.0271288 0.0130417 0.0422599 0.0157482 0.0848333 0.0205652 0.0000000 0.0134110 0.1143461 0.2288381 0.0000000 0.0474746 0.0447772
174 D 174 0.0348142 0.0106663 0.0224624 0.3299010 0.0034085 0.0093538 0.1987094 0.3119185 0.0000000 0.0027730 0.0158860 0.0023817 0.0049143 0.0055952 0.0000000 0.0137735 0.0080624 0.0000000 0.0000000 0.0253801
175 Q 175 0.0271563 0.1112158 0.1747354 0.0234755 0.0052053 0.1167877 0.1592601 0.0000000 0.0163949 0.0131520 0.0176393 0.0827370 0.0000000 0.0598987 0.0076284 0.0397051 0.1146773 0.0031740 0.0107663 0.0163907
176 C 176 0.0038014 0.0000000 0.0000000 0.0000000 0.9488268 0.0000000 0.0000000 0.0060710 0.0051297 0.0000000 0.0230727 0.0000000 0.0032626 0.0000000 0.0022004 0.0000000 0.0034779 0.0000000 0.0000000 0.0041576
177 I 177 0.0316158 0.0042080 0.0090448 0.0222438 0.0041642 0.0033575 0.0176359 0.0059039 0.0000000 0.1138434 0.1312893 0.0064287 0.0611713 0.0084811 0.2882102 0.0548995 0.0299287 0.0000000 0.0065928 0.2009810
178 D 178 0.0038944 0.0167861 0.0000000 0.1652979 0.0000000 0.0132672 0.2121378 0.0000000 0.0152031 0.0048194 0.0643862 0.0087118 0.0000000 0.0000000 0.4277866 0.0677095 0.0000000 0.0000000 0.0000000 0.0000000
179 G 179 0.1582187 0.0000000 0.0000000 0.0000000 0.0000000 0.0000000 0.0000000 0.8417813 0.0000000 0.0000000 0.0000000 0.0000000 0.0000000 0.0000000 0.0000000 0.0000000 0.0000000 0.0000000 0.0000000 0.0000000
