   64         A         R         N         D         C         Q         E         G         H         I         L         K         M         F         P         S         T         W         Y         V    
  1 M   1 0.0000000 0.0000000 0.0000000 0.0000000 0.0000000 0.0000000 0.0000000 0.0000000 0.0000000 0.0759239 0.2793322 0.0000000 0.2798414 0.0000000 0.0000000 0.0000000 0.2186462 0.0000000 0.0000000 0.1462563
  2 K   2 0.0000000 0.0850574 0.0000000 0.0000000 0.0000000 0.0335693 0.0000000 0.0000000 0.0000000 0.0000000 0.0000000 0.8813733 0.0000000 0.0000000 0.0000000 0.0000000 0.0000000 0.0000000 0.0000000 0.0000000
  3 T   3 0.0090201 0.0405691 0.0454496 0.0290927 0.0000000 0.1383271 0.0217145 0.0000000 0.0000000 0.0000000 0.0195658 0.0633199 0.0170301 0.0036088 0.0000000 0.2575739 0.3083551 0.0000000 0.0096347 0.0367388
  4 E   4 0.0651147 0.0446355 0.0296125 0.0109018 0.0074054 0.0111463 0.1123635 0.0000000 0.0082862 0.0000000 0.0000000 0.0072020 0.0053760 0.0063105 0.0104755 0.6072401 0.0739301 0.0000000 0.0000000 0.0000000
  5 W   5 0.0000000 0.0000000 0.0000000 0.0000000 0.0000000 0.0000000 0.0000000 0.0000000 0.0000000 0.0000000 0.0000000 0.0000000 0.0000000 0.0202417 0.0000000 0.0000000 0.0000000 0.9797583 0.0000000 0.0000000
  6 P   6 0.0157871 0.0000000 0.0000000 0.0000000 0.0000000 0.0000000 0.0000000 0.0000000 0.0000000 0.0000000 0.0000000 0.0168398 0.0000000 0.0000000 0.9444816 0.0228916 0.0000000 0.0000000 0.0000000 0.0000000
  7 E   7 0.0000000 0.0000000 0.0095615 0.0461064 0.0000000 0.0194828 0.9077598 0.0107069 0.0063826 0.0000000 0.0000000 0.0000000 0.0000000 0.0000000 0.0000000 0.0000000 0.0000000 0.0000000 0.0000000 0.0000000
  8 L   8 0.0101236 0.0000000 0.0000000 0.0000000 0.0368631 0.0000000 0.0000000 0.0000000 0.0000000 0.0095302 0.6940899 0.0000000 0.0340503 0.0069241 0.0000000 0.0000000 0.0000000 0.0000000 0.0000000 0.2084188
  9 V   9 0.0251024 0.0049933 0.0101933 0.0000000 0.0053179 0.0077476 0.0042539 0.0000000 0.0000000 0.0650650 0.0973293 0.0414146 0.0000000 0.0000000 0.0000000 0.0000000 0.0192200 0.0000000 0.0000000 0.7193628
 10 G  10 0.0000000 0.0061466 0.0000000 0.0000000 0.0062581 0.0000000 0.0000000 0.9719871 0.0000000 0.0000000 0.0000000 0.0000000 0.0000000 0.0000000 0.0000000 0.0156081 0.0000000 0.0000000 0.0000000 0.0000000
 11 K  11 0.0620681 0.0297352 0.0053005 0.0000000 0.0141471 0.0000000 0.0442404 0.0000000 0.0000000 0.0273774 0.0941386 0.2085000 0.0693845 0.0095302 0.0000000 0.0336857 0.0843308 0.0810271 0.0000000 0.2365344
 12 S  12 0.0091015 0.0326572 0.1160211 0.0994202 0.0106346 0.0376511 0.0230994 0.0063617 0.0351199 0.0000000 0.0180547 0.0431802 0.0144109 0.0074747 0.1634884 0.1751417 0.1676891 0.0000000 0.0144533 0.0260404
 13 V  13 0.2926712 0.0127746 0.0000000 0.0000000 0.0163052 0.0137243 0.0185452 0.2971316 0.0000000 0.0699909 0.0103053 0.0040648 0.0449131 0.0187865 0.0000000 0.0089473 0.0427523 0.0000000 0.0391117 0.1099759
 14 E  14 0.0199622 0.0277161 0.0080738 0.1048646 0.0000000 0.0249661 0.3685787 0.0080194 0.0127746 0.0052551 0.0808676 0.1047155 0.0176764 0.0281019 0.0088944 0.0244919 0.0848845 0.0000000 0.0083067 0.0618506
 15 E  15 0.0881537 0.0000000 0.0260404 0.0679882 0.0037926 0.0615692 0.3488248 0.0000000 0.0175091 0.0109342 0.0800334 0.0448924 0.0047161 0.0127942 0.0222801 0.0078817 0.0246141 0.0000000 0.0654417 0.1125340
 16 A  16 0.9458531 0.0000000 0.0000000 0.0000000 0.0115528 0.0000000 0.0000000 0.0163052 0.0000000 0.0000000 0.0000000 0.0000000 0.0000000 0.0000000 0.0000000 0.0000000 0.0000000 0.0000000 0.0000000 0.0262890
 17 K  17 0.1985577 0.0674587 0.0000000 0.0000000 0.0000000 0.0000000 0.0904162 0.0120684 0.0000000 0.0291818 0.0000000 0.3703332 0.0412918 0.0000000 0.0000000 0.0120829 0.0259698 0.0000000 0.0137243 0.1389151
 18 K  18 0.2143959 0.0653241 0.0164622 0.0240267 0.0000000 0.0528479 0.1826312 0.0382413 0.0087801 0.0096220 0.0293312 0.1448084 0.0297508 0.0423771 0.0265063 0.0182837 0.0802048 0.0000000 0.0000000 0.0164062
 19 V  19 0.0372463 0.0219517 0.0000000 0.0000000 0.0000000 0.0566330 0.0000000 0.0000000 0.0057504 0.2568762 0.0258577 0.1773800 0.0167847 0.0000000 0.0000000 0.0307275 0.1775574 0.0115528 0.0201755 0.1615069
 20 I  20 0.0000000 0.0000000 0.0000000 0.0000000 0.0000000 0.0000000 0.0000000 0.0000000 0.0000000 0.9345190 0.0156520 0.0000000 0.0000000 0.0257106 0.0000000 0.0000000 0.0000000 0.0000000 0.0000000 0.0241184
 21 L  21 0.0219862 0.0121615 0.0359049 0.0172914 0.0000000 0.0677230 0.2828815 0.0106127 0.0150252 0.0134045 0.1849414 0.2275708 0.0306736 0.0000000 0.0000000 0.0182940 0.0420530 0.0120684 0.0000000 0.0074079
 22 Q  22 0.0823940 0.2166898 0.0129515 0.0350079 0.0032053 0.0532867 0.1002733 0.0443443 0.0561176 0.0071435 0.0201755 0.2182381 0.0000000 0.0120684 0.0000000 0.0973131 0.0407911 0.0000000 0.0000000 0.0000000
 23 D  23 0.0168550 0.0000000 0.0000000 0.4040780 0.0000000 0.0215772 0.5273939 0.0000000 0.0202601 0.0000000 0.0000000 0.0000000 0.0000000 0.0000000 0.0000000 0.0098357 0.0000000 0.0000000 0.0000000 0.0000000
 24 K  24 0.0000000 0.2768330 0.3818478 0.0217673 0.0199869 0.0000000 0.0000000 0.0053900 0.0000000 0.0039544 0.0075296 0.1197214 0.0923579 0.0000000 0.0000000 0.0000000 0.0156736 0.0000000 0.0549380 0.0000000
 25 P  25 0.0351301 0.0286252 0.0087737 0.0048613 0.0000000 0.0224377 0.0273314 0.0043583 0.0083465 0.0000000 0.0428698 0.0084476 0.0067409 0.0000000 0.6870726 0.0819744 0.0285277 0.0000000 0.0000000 0.0045027
 26 E  26 0.0109086 0.0446340 0.1050710 0.3363785 0.0029029 0.0340419 0.0767978 0.1221434 0.0175314 0.0151233 0.0713651 0.0672221 0.0000000 0.0042916 0.0000000 0.0540628 0.0092591 0.0000000 0.0282665 0.0000000
 27 A  27 0.1752625 0.0075296 0.0000000 0.0000000 0.0188815 0.0000000 0.0000000 0.0195145 0.0000000 0.0598964 0.1456756 0.0000000 0.0053900 0.0066321 0.0000000 0.0128282 0.0000000 0.0000000 0.0202601 0.5281296
 28 Q  28 0.0411254 0.0868320 0.1463926 0.1600725 0.0000000 0.0843576 0.0787030 0.0069767 0.0473929 0.0236547 0.0187216 0.0907929 0.0101349 0.0059189 0.0000000 0.0401767 0.1145995 0.0000000 0.0051617 0.0389865
 29 I  29 0.2043886 0.0000000 0.0137396 0.0000000 0.0000000 0.0000000 0.0000000 0.0066150 0.0000000 0.3215193 0.0153180 0.0000000 0.0000000 0.0113690 0.0074113 0.0083160 0.0254633 0.0000000 0.0000000 0.3858600
 30 I  30 0.0324720 0.0385218 0.0179583 0.0212768 0.0000000 0.1425855 0.1671302 0.0068953 0.0148013 0.1719094 0.0350955 0.0507668 0.0000000 0.0239528 0.0227427 0.0062862 0.0239354 0.0000000 0.0418962 0.1817737
 31 V  31 0.0052192 0.0000000 0.0000000 0.0000000 0.0000000 0.0000000 0.0000000 0.0000000 0.0109186 0.2347394 0.0833138 0.0168034 0.0138504 0.1006282 0.0037252 0.0075251 0.0255891 0.0000000 0.0335914 0.4640963
 32 L  32 0.0000000 0.0079052 0.0000000 0.0000000 0.0054329 0.0071080 0.0000000 0.0261083 0.0443064 0.1270870 0.3752260 0.0083160 0.0234213 0.0249419 0.0000000 0.0119016 0.0000000 0.0074113 0.0494216 0.2814126
 33 P  33 0.0172358 0.0382387 0.0000000 0.0000000 0.0000000 0.0140465 0.0166875 0.0201355 0.0151651 0.0000000 0.1402655 0.0787363 0.0085170 0.0265168 0.5188494 0.0472737 0.0406074 0.0000000 0.0000000 0.0177249
 34 V  34 0.0690653 0.0133612 0.0571111 0.0746697 0.0000000 0.0466412 0.2670407 0.0000000 0.0087805 0.0216201 0.0469924 0.0779441 0.0032716 0.0041078 0.1146126 0.0050888 0.0127489 0.0081305 0.0090373 0.1597761
 35 G  35 0.0043654 0.0181663 0.0392257 0.1538307 0.0000000 0.0070146 0.0091446 0.6916509 0.0071337 0.0000000 0.0133862 0.0000000 0.0000000 0.0000000 0.0000000 0.0271384 0.0289435 0.0000000 0.0000000 0.0000000
 36 T  36 0.1049777 0.0098417 0.0341469 0.0616721 0.0257361 0.0074543 0.0169249 0.0105308 0.0108199 0.0000000 0.0051595 0.0000000 0.0406307 0.0164182 0.0000000 0.3995228 0.1927671 0.0000000 0.0211995 0.0421979
 37 I  37 0.0724963 0.0209966 0.0042286 0.0102760 0.0044868 0.0085529 0.0000000 0.0216905 0.0000000 0.0674188 0.0192537 0.0315520 0.1188582 0.0718419 0.3248110 0.0570513 0.0385289 0.0065706 0.0349553 0.0864308
 38 V  38 0.0337285 0.0204484 0.0000000 0.0000000 0.0000000 0.0303791 0.0060123 0.0000000 0.0165809 0.0532981 0.0734741 0.0180943 0.0580015 0.0224148 0.0222327 0.0129906 0.0128914 0.0092554 0.0000000 0.6101980
 39 T  39 0.0156031 0.0000000 0.0000000 0.0000000 0.0000000 0.0000000 0.0000000 0.0138973 0.0041668 0.0609833 0.0305295 0.0000000 0.0000000 0.0000000 0.2036618 0.0496946 0.6067810 0.0000000 0.0070696 0.0076130
 40 M  40 0.1303403 0.0687098 0.0000000 0.0265471 0.0066876 0.0478567 0.0487573 0.0239653 0.0107719 0.0000000 0.1021839 0.0825989 0.1466011 0.0169715 0.1402561 0.0203386 0.1169105 0.0000000 0.0105033 0.0000000
 41 E  41 0.0092163 0.0000000 0.0541347 0.6790033 0.0000000 0.0000000 0.1085178 0.0878008 0.0000000 0.0227708 0.0000000 0.0081323 0.0000000 0.0000000 0.0000000 0.0000000 0.0000000 0.0000000 0.0000000 0.0304240
 42 Y  42 0.0044744 0.0000000 0.0274692 0.0000000 0.0065086 0.0000000 0.0053483 0.0000000 0.0314989 0.0301223 0.0928237 0.0000000 0.0168806 0.5187494 0.0000000 0.0000000 0.0098298 0.0068500 0.2304515 0.0189932
 43 R  43 0.0000000 0.4433956 0.1890578 0.1222707 0.0563194 0.0307285 0.0000000 0.0034627 0.0071843 0.0200628 0.0122835 0.0167131 0.0000000 0.0091536 0.0000000 0.0446609 0.0000000 0.0047924 0.0034435 0.0364712
 44 I  44 0.0656818 0.0080012 0.0109533 0.0204483 0.3419456 0.0053910 0.0585789 0.0119477 0.0000000 0.0363186 0.0196554 0.0164703 0.0177766 0.0475453 0.2048032 0.0329592 0.0698572 0.0000000 0.0274754 0.0041909
 45 D  45 0.0102574 0.0163008 0.3013623 0.3319904 0.0058884 0.0212280 0.0387316 0.0332897 0.0435898 0.0000000 0.0235825 0.0777118 0.0053897 0.0110531 0.0000000 0.0335289 0.0372697 0.0000000 0.0088260 0.0000000
 46 R  46 0.0000000 1.0000000 0.0000000 0.0000000 0.0000000 0.0000000 0.0000000 0.0000000 0.0000000 0.0000000 0.0000000 0.0000000 0.0000000 0.0000000 0.0000000 0.0000000 0.0000000 0.0000000 0.0000000 0.0000000
 47 V  47 0.0000000 0.0000000 0.0000000 0.0000000 0.0000000 0.0000000 0.0000000 0.0000000 0.0000000 0.0289367 0.0000000 0.0000000 0.0000000 0.0000000 0.0000000 0.0000000 0.0000000 0.0000000 0.0000000 0.9710633
 48 R  48 0.0203103 0.6249571 0.0000000 0.0000000 0.0404994 0.0000000 0.0000000 0.0000000 0.0000000 0.0679537 0.0232449 0.0000000 0.0000000 0.0671482 0.0000000 0.0000000 0.0000000 0.0977828 0.0218324 0.0362711
 49 L  49 0.0000000 0.0000000 0.0000000 0.0000000 0.0000000 0.0000000 0.0000000 0.0000000 0.0000000 0.2663876 0.2442648 0.0000000 0.0000000 0.0000000 0.0000000 0.0000000 0.0000000 0.0000000 0.0000000 0.4893476
 50 F  50 0.0178910 0.0120242 0.0000000 0.0165245 0.0000000 0.0000000 0.0000000 0.0000000 0.0141341 0.0431186 0.0508166 0.0000000 0.0068245 0.4656184 0.0179497 0.0075753 0.0000000 0.1597769 0.1292049 0.0585412
 51 V  51 0.0055974 0.0000000 0.0065465 0.0349853 0.0000000 0.0000000 0.0000000 0.0067931 0.0256351 0.1092238 0.0413149 0.0078372 0.0039263 0.0524458 0.0000000 0.0085214 0.0205372 0.0000000 0.0625439 0.6140922
 52 D  52 0.0000000 0.0000000 0.2763634 0.6280878 0.0099244 0.0000000 0.0249288 0.0234122 0.0115114 0.0000000 0.0000000 0.0000000 0.0000000 0.0000000 0.0000000 0.0000000 0.0257720 0.0000000 0.0000000 0.0000000
 53 K  53 0.1144743 0.0323293 0.0283695 0.1172418 0.0194668 0.0318407 0.1598289 0.0383981 0.0000000 0.0509728 0.0154009 0.1392421 0.0000000 0.0090750 0.0959273 0.1229474 0.0058996 0.0079674 0.0000000 0.0106181
 54 L  54 0.0426997 0.0247833 0.2610223 0.1308593 0.0094230 0.0269677 0.0647935 0.1068167 0.0222289 0.0152475 0.1119235 0.0327246 0.0000000 0.0098371 0.0054471 0.1076548 0.0094001 0.0000000 0.0121527 0.0060182
 55 D  55 0.0222733 0.0579470 0.1423155 0.1067447 0.0000000 0.0183721 0.0262408 0.4270178 0.0169851 0.0113884 0.0519777 0.0000000 0.0000000 0.0075683 0.0154426 0.0260177 0.0697090 0.0000000 0.0000000 0.0000000
 56 N  56 0.0166176 0.0357699 0.0736854 0.0115056 0.0000000 0.0091380 0.0000000 0.0061780 0.0000000 0.2902400 0.0530773 0.1417046 0.0000000 0.0175738 0.0456895 0.0042715 0.1454233 0.0000000 0.0144155 0.1347100
 57 I  57 0.0109245 0.0000000 0.0000000 0.0000000 0.0000000 0.0000000 0.0000000 0.0000000 0.0000000 0.0670862 0.0171787 0.0000000 0.0000000 0.0000000 0.0000000 0.0000000 0.0000000 0.0000000 0.0000000 0.9048106
 58 A  58 0.2488920 0.0042556 0.0252982 0.0000000 0.0000000 0.0225775 0.0055070 0.0073710 0.0000000 0.0483904 0.0248800 0.0236951 0.0058123 0.0133384 0.0000000 0.0699698 0.1536351 0.0000000 0.0181856 0.3281922
 59 Q  59 0.0306101 0.2997688 0.0493026 0.0370562 0.0000000 0.1977357 0.0988268 0.0131615 0.0031753 0.0112472 0.0055029 0.1079098 0.0062678 0.0125294 0.0000000 0.0804620 0.0109268 0.0000000 0.0189935 0.0165237
 60 V  60 0.0698466 0.0099171 0.0125976 0.0000000 0.0059393 0.0000000 0.0213500 0.0000000 0.0000000 0.1404209 0.0104561 0.0000000 0.0223265 0.0105281 0.0880837 0.0000000 0.3332532 0.0000000 0.0000000 0.2752809
 61 P  61 0.0098541 0.0000000 0.0000000 0.0000000 0.0000000 0.0000000 0.0000000 0.0000000 0.0000000 0.0000000 0.0000000 0.0000000 0.0000000 0.0000000 0.9786429 0.0115029 0.0000000 0.0000000 0.0000000 0.0000000
 62 R  62 0.0409041 0.1907711 0.0000000 0.0000000 0.0000000 0.0260481 0.0000000 0.0211784 0.0985905 0.0581281 0.0000000 0.1093997 0.0400242 0.0058179 0.0098541 0.0848943 0.1174624 0.0000000 0.0000000 0.1969270
 63 V  63 0.0277192 0.0307577 0.0000000 0.0000000 0.0113434 0.0000000 0.0000000 0.0000000 0.0000000 0.4423411 0.0000000 0.0000000 0.0156636 0.0000000 0.0000000 0.0095899 0.0058743 0.0000000 0.0000000 0.4567108
 64 G  64 0.0000000 0.0000000 0.0000000 0.0000000 0.0000000 0.0000000 0.0000000 1.0000000 0.0000000 0.0000000 0.0000000 0.0000000 0.0000000 0.0000000 0.0000000 0.0000000 0.0000000 0.0000000 0.0000000 0.0000000
