   64         A         R         N         D         C         Q         E         G         H         I         L         K         M         F         P         S         T         W         Y         V         X    
  1 M   1 0.0000000 0.0000000 0.0000000 0.0000000 0.0000000 0.0000000 0.0000000 0.0000000 0.0000000 0.0161941 0.0698571 0.0000000 0.0657494 0.0000000 0.0000000 0.0000000 0.0466972 0.0000000 0.0000000 0.0302994 0.7712028
  2 K   2 0.0000000 0.0670216 0.0000000 0.0000000 0.0000000 0.0253577 0.0000000 0.0000000 0.0000000 0.0000000 0.0000000 0.7586776 0.0000000 0.0000000 0.0000000 0.0000000 0.0000000 0.0000000 0.0000000 0.0000000 0.1489431
  3 T   3 0.0075959 0.0334581 0.0378655 0.0244159 0.0000000 0.1208675 0.0179514 0.0000000 0.0000000 0.0000000 0.0209364 0.0522344 0.0153104 0.0029965 0.0000000 0.2405880 0.2792697 0.0000000 0.0081422 0.0307538 0.1076144
  4 E   4 0.0580658 0.0375394 0.0251594 0.0091372 0.0062585 0.0098037 0.1072480 0.0000000 0.0081111 0.0000000 0.0000000 0.0059313 0.0048450 0.0058027 0.0098529 0.5518018 0.0614189 0.0000000 0.0000000 0.0000000 0.0990244
  5 W   5 0.0000000 0.0000000 0.0000000 0.0000000 0.0000000 0.0000000 0.0000000 0.0000000 0.0000000 0.0000000 0.0000000 0.0000000 0.0000000 0.0163665 0.0000000 0.0000000 0.0000000 0.9426499 0.0000000 0.0000000 0.0409836
  6 P   6 0.0201971 0.0000000 0.0000000 0.0000000 0.0000000 0.0000000 0.0000000 0.0000000 0.0000000 0.0000000 0.0000000 0.0141736 0.0000000 0.0000000 0.9040628 0.0205829 0.0000000 0.0000000 0.0000000 0.0000000 0.0409836
  7 E   7 0.0000000 0.0000000 0.0087725 0.0415123 0.0000000 0.0173602 0.8767026 0.0090953 0.0055737 0.0000000 0.0000000 0.0000000 0.0000000 0.0000000 0.0000000 0.0000000 0.0000000 0.0000000 0.0000000 0.0000000 0.0409836
  8 L   8 0.0091372 0.0000000 0.0000000 0.0000000 0.0325026 0.0000000 0.0000000 0.0000000 0.0000000 0.0087725 0.6728396 0.0000000 0.0401846 0.0062585 0.0000000 0.0000000 0.0000000 0.0000000 0.0000000 0.1983010 0.0320040
  9 V   9 0.0228076 0.0044742 0.0091372 0.0000000 0.0047058 0.0081111 0.0037756 0.0000000 0.0000000 0.0638453 0.0898365 0.0375537 0.0000000 0.0000000 0.0000000 0.0000000 0.0180981 0.0000000 0.0000000 0.7056510 0.0320040
 10 G  10 0.0000000 0.0065936 0.0000000 0.0000000 0.0052453 0.0000000 0.0000000 0.9432386 0.0000000 0.0000000 0.0000000 0.0000000 0.0000000 0.0000000 0.0000000 0.0129185 0.0000000 0.0000000 0.0000000 0.0000000 0.0320040
 11 K  11 0.0562718 0.0270779 0.0047807 0.0000000 0.0177831 0.0000000 0.0472733 0.0000000 0.0000000 0.0265706 0.0968510 0.2103651 0.0605033 0.0087725 0.0000000 0.0305564 0.0805702 0.0747502 0.0000000 0.2258700 0.0320040
 12 S  12 0.0082490 0.0412876 0.1037002 0.0919141 0.0099945 0.0357665 0.0203839 0.0055737 0.0418087 0.0000000 0.0228062 0.0388927 0.0124064 0.0075624 0.1660349 0.1683853 0.1551232 0.0000000 0.0144778 0.0236291 0.0320040
 13 V  13 0.2743802 0.0111841 0.0000000 0.0000000 0.0149149 0.0124249 0.0169439 0.2815636 0.0000000 0.0738962 0.0092767 0.0035660 0.0510035 0.0164034 0.0000000 0.0079814 0.0439661 0.0000000 0.0379786 0.1125124 0.0320040
 14 E  14 0.0176956 0.0257324 0.0075416 0.0927923 0.0000000 0.0220632 0.3560213 0.0072960 0.0111841 0.0047807 0.0837188 0.1103379 0.0169099 0.0260468 0.0139114 0.0283681 0.0804297 0.0000000 0.0078842 0.0552821 0.0320040
 15 E  15 0.0846589 0.0000000 0.0236291 0.0692433 0.0033944 0.0534198 0.3457664 0.0000000 0.0277729 0.0097714 0.0870510 0.0398741 0.0044694 0.0113876 0.0199869 0.0070569 0.0220731 0.0000000 0.0589074 0.0995334 0.0320040
 16 A  16 0.9185616 0.0000000 0.0000000 0.0000000 0.0104298 0.0000000 0.0000000 0.0149149 0.0000000 0.0000000 0.0000000 0.0000000 0.0000000 0.0000000 0.0000000 0.0000000 0.0000000 0.0000000 0.0000000 0.0240896 0.0320040
 17 K  17 0.2019983 0.0659278 0.0000000 0.0000000 0.0000000 0.0000000 0.0821310 0.0111483 0.0000000 0.0269116 0.0000000 0.3571477 0.0477058 0.0000000 0.0000000 0.0109174 0.0236549 0.0000000 0.0124249 0.1280283 0.0320040
 18 K  18 0.2028610 0.0581363 0.0149149 0.0216071 0.0000000 0.0473833 0.1677131 0.0341999 0.0078383 0.0087725 0.0291971 0.1557362 0.0278768 0.0383080 0.0342128 0.0166298 0.0798118 0.0000000 0.0000000 0.0146400 0.0401612
 19 V  19 0.0368225 0.0209126 0.0000000 0.0000000 0.0000000 0.0527435 0.0000000 0.0000000 0.0056371 0.2606847 0.0232443 0.1634079 0.0141736 0.0000000 0.0000000 0.0278062 0.1675085 0.0104298 0.0163665 0.1682588 0.0320040
 20 I  20 0.0000000 0.0000000 0.0000000 0.0000000 0.0000000 0.0000000 0.0000000 0.0000000 0.0000000 0.9084962 0.0129185 0.0000000 0.0000000 0.0210796 0.0000000 0.0000000 0.0000000 0.0000000 0.0000000 0.0214506 0.0360552
 21 L  21 0.0283846 0.0108322 0.0337815 0.0158307 0.0000000 0.0607066 0.2736161 0.0094757 0.0135879 0.0121877 0.1883906 0.2096989 0.0379954 0.0000000 0.0000000 0.0185356 0.0371369 0.0111483 0.0000000 0.0066873 0.0320040
 22 Q  22 0.0774678 0.2071686 0.0121146 0.0333293 0.0029223 0.0525008 0.0928016 0.0389211 0.0602736 0.0065309 0.0163665 0.2199538 0.0000000 0.0111483 0.0000000 0.1001726 0.0363242 0.0000000 0.0000000 0.0000000 0.0320040
 23 D  23 0.0141736 0.0000000 0.0000000 0.4009668 0.0000000 0.0194864 0.4931073 0.0000000 0.0163665 0.0000000 0.0000000 0.0000000 0.0000000 0.0000000 0.0000000 0.0098529 0.0000000 0.0000000 0.0000000 0.0000000 0.0460465
 24 K  24 0.0000000 0.2638630 0.3616480 0.0195670 0.0192650 0.0000000 0.0000000 0.0048257 0.0000000 0.0034699 0.0066328 0.1106250 0.1021587 0.0000000 0.0000000 0.0000000 0.0129185 0.0000000 0.0489799 0.0000000 0.0460465
 25 P  25 0.0311037 0.0327794 0.0073370 0.0043305 0.0000000 0.0196332 0.0300948 0.0038089 0.0079280 0.0000000 0.0389611 0.0072937 0.0059468 0.0000000 0.6437361 0.0792113 0.0249260 0.0000000 0.0000000 0.0039446 0.0589650
 26 E  26 0.0091050 0.0396456 0.1068668 0.3299288 0.0025845 0.0287914 0.0801737 0.1112592 0.0158945 0.0136722 0.0684699 0.0605890 0.0000000 0.0038693 0.0000000 0.0492938 0.0082520 0.0000000 0.0255581 0.0000000 0.0460465
 27 A  27 0.1774152 0.0066328 0.0000000 0.0000000 0.0170068 0.0000000 0.0000000 0.0169388 0.0000000 0.0592251 0.1348287 0.0000000 0.0048226 0.0060401 0.0000000 0.0111841 0.0000000 0.0000000 0.0163665 0.5034929 0.0460465
 28 Q  28 0.0384199 0.0782263 0.1660226 0.1599565 0.0000000 0.0842158 0.0777044 0.0066227 0.0442861 0.0211530 0.0175572 0.0860213 0.0091372 0.0056460 0.0000000 0.0428559 0.1047542 0.0000000 0.0046481 0.0387303 0.0140425
 29 I  29 0.1846019 0.0000000 0.0124249 0.0000000 0.0000000 0.0000000 0.0000000 0.0059468 0.0000000 0.3197455 0.0136230 0.0000000 0.0000000 0.0102096 0.0070323 0.0078842 0.0345254 0.0000000 0.0000000 0.3899638 0.0140425
 30 I  30 0.0350519 0.0353337 0.0160622 0.0259871 0.0000000 0.1371855 0.1801766 0.0061855 0.0135900 0.1613863 0.0311593 0.0515614 0.0000000 0.0224887 0.0212525 0.0059030 0.0266368 0.0000000 0.0360488 0.1799483 0.0140425
 31 V  31 0.0054241 0.0000000 0.0000000 0.0000000 0.0000000 0.0000000 0.0000000 0.0000000 0.0098944 0.2326852 0.0741148 0.0141736 0.0125662 0.0900762 0.0033826 0.0067356 0.0520240 0.0000000 0.0318923 0.4529886 0.0140425
 32 L  32 0.0000000 0.0071124 0.0000000 0.0000000 0.0049351 0.0063544 0.0000000 0.0243299 0.0401270 0.1134578 0.4179991 0.0078842 0.0212016 0.0228723 0.0000000 0.0115070 0.0000000 0.0070323 0.0446463 0.2564981 0.0140425
 33 P  33 0.0153957 0.0352869 0.0000000 0.0000000 0.0000000 0.0138841 0.0148936 0.0194739 0.0138944 0.0000000 0.1652123 0.0702653 0.0076915 0.0240989 0.5019493 0.0427594 0.0354379 0.0000000 0.0000000 0.0158614 0.0238954
 34 V  34 0.0726460 0.0121878 0.0846996 0.0669358 0.0000000 0.0411913 0.2486665 0.0000000 0.0079861 0.0193664 0.0440622 0.0687150 0.0029621 0.0036538 0.1058762 0.0048450 0.0119833 0.0071993 0.0081422 0.1574230 0.0314583
 35 G  35 0.0062835 0.0172992 0.0362370 0.1382003 0.0000000 0.0062103 0.0082490 0.6877992 0.0063544 0.0000000 0.0120474 0.0000000 0.0000000 0.0000000 0.0000000 0.0244049 0.0273099 0.0000000 0.0000000 0.0000000 0.0296048
 36 T  36 0.0925226 0.0094150 0.0306480 0.0546386 0.0232734 0.0070323 0.0151991 0.0100821 0.0097650 0.0000000 0.0045768 0.0000000 0.0385477 0.0149149 0.0000000 0.4165311 0.1789118 0.0000000 0.0190739 0.0376179 0.0372498
 37 I  37 0.0968958 0.0193094 0.0052369 0.0092525 0.0039619 0.0076915 0.0000000 0.0199070 0.0000000 0.0674974 0.0170700 0.0300509 0.1046777 0.0637719 0.3120626 0.0501834 0.0345984 0.0059215 0.0309381 0.0757955 0.0451778
 38 V  38 0.0309121 0.0182434 0.0000000 0.0000000 0.0000000 0.0261422 0.0056460 0.0000000 0.0149149 0.0536618 0.0666855 0.0167110 0.0517359 0.0497823 0.0210012 0.0111841 0.0118013 0.0082490 0.0000000 0.5562523 0.0570771
 39 T  39 0.0256423 0.0000000 0.0000000 0.0000000 0.0000000 0.0000000 0.0000000 0.0124249 0.0038524 0.0565747 0.0272915 0.0000000 0.0000000 0.0000000 0.1821216 0.0456655 0.5904240 0.0000000 0.0062103 0.0067580 0.0430347
 40 M  40 0.1161777 0.0628643 0.0000000 0.0533952 0.0060401 0.0466389 0.0438131 0.0210727 0.0095722 0.0000000 0.0883606 0.0814308 0.1358310 0.0151063 0.1385989 0.0182297 0.1044999 0.0000000 0.0153339 0.0000000 0.0430347
 41 E  41 0.0082490 0.0000000 0.0476095 0.6560253 0.0000000 0.0000000 0.1009545 0.0871926 0.0000000 0.0201729 0.0000000 0.0071993 0.0000000 0.0000000 0.0000000 0.0000000 0.0000000 0.0000000 0.0000000 0.0295623 0.0430347
 42 Y  42 0.0040128 0.0000000 0.0244874 0.0000000 0.0059215 0.0000000 0.0047058 0.0000000 0.0281280 0.0321084 0.1114099 0.0000000 0.0141736 0.4831637 0.0000000 0.0000000 0.0094150 0.0061802 0.2183432 0.0171710 0.0407794
 43 R  43 0.0000000 0.4341790 0.1745637 0.1231769 0.0503725 0.0287471 0.0000000 0.0032612 0.0065309 0.0185338 0.0120504 0.0160172 0.0000000 0.0082490 0.0000000 0.0434559 0.0000000 0.0043305 0.0030778 0.0326746 0.0407794
 44 I  44 0.0584825 0.0074898 0.0097100 0.0285561 0.3177015 0.0048023 0.0519396 0.0106103 0.0000000 0.0325495 0.0186870 0.0149149 0.0166996 0.0468501 0.1861896 0.0594789 0.0611073 0.0000000 0.0230722 0.0040960 0.0470629
 45 D  45 0.0092525 0.0159165 0.2681042 0.3039717 0.0051947 0.0195453 0.0349423 0.0295113 0.0774222 0.0000000 0.0224807 0.0708391 0.0048089 0.0098944 0.0000000 0.0293294 0.0329578 0.0000000 0.0078682 0.0000000 0.0579609
 46 R  46 0.0000000 0.9420391 0.0000000 0.0000000 0.0000000 0.0000000 0.0000000 0.0000000 0.0000000 0.0000000 0.0000000 0.0000000 0.0000000 0.0000000 0.0000000 0.0000000 0.0000000 0.0000000 0.0000000 0.0000000 0.0579609
 47 V  47 0.0000000 0.0000000 0.0000000 0.0000000 0.0000000 0.0000000 0.0000000 0.0000000 0.0000000 0.0235182 0.0000000 0.0000000 0.0000000 0.0000000 0.0000000 0.0000000 0.0000000 0.0000000 0.0000000 0.9185210 0.0579609
 48 R  48 0.0191054 0.5914710 0.0000000 0.0000000 0.0349889 0.0000000 0.0000000 0.0000000 0.0000000 0.0605682 0.0205006 0.0000000 0.0000000 0.0587710 0.0000000 0.0000000 0.0000000 0.0872915 0.0297607 0.0329882 0.0645544
 49 L  49 0.0000000 0.0000000 0.0000000 0.0000000 0.0000000 0.0000000 0.0000000 0.0000000 0.0000000 0.2349566 0.2593523 0.0000000 0.0000000 0.0000000 0.0000000 0.0000000 0.0000000 0.0000000 0.0000000 0.4411367 0.0645544
 50 F  50 0.0153056 0.0108956 0.0000000 0.0149149 0.0000000 0.0000000 0.0000000 0.0000000 0.0125551 0.0400407 0.0439308 0.0000000 0.0059313 0.4646764 0.0158951 0.0075624 0.0000000 0.1418191 0.1157089 0.0528030 0.0579609
 51 V  51 0.0050202 0.0000000 0.0059215 0.0641871 0.0000000 0.0000000 0.0000000 0.0061100 0.0230466 0.0978514 0.0472101 0.0081111 0.0035059 0.0468469 0.0000000 0.0076915 0.0184001 0.0000000 0.0558333 0.5561417 0.0541227
 52 D  52 0.0000000 0.0000000 0.2717308 0.5723912 0.0085923 0.0000000 0.0218813 0.0205671 0.0091246 0.0000000 0.0000000 0.0000000 0.0000000 0.0000000 0.0000000 0.0000000 0.0220714 0.0000000 0.0000000 0.0000000 0.0736413
 53 K  53 0.0932809 0.0329702 0.0227476 0.0963858 0.0157447 0.0254471 0.1416925 0.0309257 0.0000000 0.0417350 0.0413352 0.1084084 0.0000000 0.0072960 0.0735131 0.0994278 0.0054241 0.0063762 0.0000000 0.0083831 0.1489066
 54 L  54 0.0317501 0.0195755 0.2219362 0.1110427 0.0077456 0.0226029 0.0517604 0.0858183 0.0179391 0.0121987 0.1189455 0.0263561 0.0000000 0.0078312 0.0057703 0.0874587 0.0078842 0.0000000 0.0096691 0.0048089 0.1489066
 55 D  55 0.0183063 0.0464682 0.1168982 0.1131727 0.0000000 0.0151899 0.0216495 0.3575847 0.0146336 0.0092525 0.0511235 0.0000000 0.0000000 0.0062664 0.0124249 0.0208653 0.0520479 0.0000000 0.0000000 0.0000000 0.1441164
 56 N  56 0.0146996 0.0318143 0.0628432 0.0110766 0.0000000 0.0081422 0.0000000 0.0053180 0.0000000 0.2944091 0.0475816 0.1283327 0.0000000 0.0156811 0.0400789 0.0040074 0.1286890 0.0000000 0.0121405 0.1270771 0.0681086
 57 I  57 0.0090953 0.0000000 0.0000000 0.0000000 0.0000000 0.0000000 0.0000000 0.0000000 0.0000000 0.0590102 0.0152649 0.0000000 0.0000000 0.0000000 0.0000000 0.0000000 0.0000000 0.0000000 0.0000000 0.8485210 0.0681086
 58 A  58 0.2170201 0.0036429 0.0221557 0.0000000 0.0000000 0.0199298 0.0048023 0.0065309 0.0000000 0.0427234 0.0223012 0.0211694 0.0051244 0.0115328 0.0000000 0.0635508 0.1374533 0.0000000 0.0156231 0.3302201 0.0762197
 59 Q  59 0.0270103 0.2747457 0.0412301 0.0334330 0.0000000 0.1753064 0.0937115 0.0122925 0.0322987 0.0098606 0.0048247 0.0950307 0.0054676 0.0112510 0.0000000 0.0714024 0.0095814 0.0000000 0.0165650 0.0145410 0.0714475
 60 V  60 0.0603695 0.0085923 0.0109838 0.0000000 0.0056371 0.0000000 0.0182964 0.0000000 0.0000000 0.1261185 0.0091372 0.0000000 0.0194627 0.0091372 0.0748432 0.0000000 0.3387076 0.0000000 0.0000000 0.2413255 0.0773891
 61 P  61 0.0081572 0.0000000 0.0000000 0.0000000 0.0000000 0.0000000 0.0000000 0.0000000 0.0000000 0.0000000 0.0000000 0.0000000 0.0000000 0.0000000 0.9053290 0.0091246 0.0000000 0.0000000 0.0000000 0.0000000 0.0773891
 62 R  62 0.0358374 0.1733409 0.0000000 0.0000000 0.0000000 0.0226792 0.0000000 0.0199815 0.0853613 0.0515852 0.0000000 0.1253240 0.0353301 0.0051244 0.0081572 0.0741198 0.1022928 0.0000000 0.0000000 0.1834770 0.0773891
 63 V  63 0.0246797 0.0266794 0.0000000 0.0000000 0.0098944 0.0000000 0.0000000 0.0000000 0.0000000 0.3886497 0.0000000 0.0000000 0.0136722 0.0000000 0.0000000 0.0082520 0.0049585 0.0000000 0.0000000 0.4395164 0.0836977
 64 G  64 0.0000000 0.0000000 0.0000000 0.0000000 0.0000000 0.0000000 0.0000000 0.8268038 0.0000000 0.0000000 0.0000000 0.0000000 0.0000000 0.0000000 0.0000000 0.0000000 0.0000000 0.0000000 0.0000000 0.0000000 0.1731962
