  102         A         R         N         D         C         Q         E         G         H         I         L         K         M         F         P         S         T         W         Y         V    
  1 N   1 0.0000000 0.0000000 0.3258147 0.0000000 0.0000000 0.0000000 0.0000000 0.0711429 0.0319643 0.0000000 0.0000000 0.1267063 0.0000000 0.0000000 0.0000000 0.4443718 0.0000000 0.0000000 0.0000000 0.0000000
  2 T   2 0.4913582 0.0000000 0.0000000 0.0099522 0.0000000 0.0000000 0.0000000 0.0000000 0.0000000 0.0000000 0.0000000 0.0175577 0.0000000 0.0000000 0.0000000 0.0924431 0.3819910 0.0000000 0.0000000 0.0066978
  3 A   3 0.1349114 0.0000000 0.0853138 0.0000000 0.0000000 0.1824500 0.0000000 0.2371466 0.0445140 0.0000000 0.0000000 0.0165925 0.0000000 0.0000000 0.0000000 0.2782129 0.0143975 0.0000000 0.0064612 0.0000000
  4 E   4 0.0079755 0.0000000 0.0805444 0.2420336 0.0000000 0.0367462 0.5019965 0.0000000 0.0125576 0.0057802 0.0093078 0.0375269 0.0050073 0.0000000 0.0000000 0.0000000 0.0145206 0.0000000 0.0096527 0.0363507
  5 L   5 0.0000000 0.0000000 0.0000000 0.0000000 0.0000000 0.0000000 0.0000000 0.0000000 0.0000000 0.0000000 0.7889570 0.0000000 0.0000000 0.0000000 0.2019057 0.0000000 0.0000000 0.0000000 0.0091373 0.0000000
  6 K   6 0.0194208 0.1052895 0.0131827 0.0078657 0.0000000 0.0737458 0.1814937 0.0000000 0.0119771 0.0211491 0.0750161 0.2428454 0.0495542 0.0000000 0.0000000 0.0187715 0.0520543 0.0000000 0.0160037 0.1116303
  7 I   7 0.0000000 0.0000000 0.0000000 0.0000000 0.0000000 0.0000000 0.0000000 0.0000000 0.0000000 0.8175434 0.0170284 0.0000000 0.0000000 0.0000000 0.0000000 0.0000000 0.0000000 0.0000000 0.0000000 0.1654282
  8 C   8 0.0043487 0.0000000 0.0242459 0.0216026 0.4094677 0.0000000 0.1763241 0.0000000 0.0158394 0.0053424 0.0861892 0.0000000 0.0435432 0.0125584 0.0000000 0.0565297 0.0471033 0.0122046 0.0048110 0.0798897
  9 R   9 0.0167835 0.5205206 0.0131710 0.0152204 0.0000000 0.0000000 0.0170675 0.0000000 0.0037855 0.0000000 0.0000000 0.3382886 0.0000000 0.0000000 0.0052649 0.0296144 0.0000000 0.0235634 0.0167201 0.0000000
 10 V  10 0.0244462 0.0113588 0.0000000 0.0000000 0.0000000 0.1099649 0.0000000 0.0052649 0.0000000 0.1123881 0.2354572 0.1314435 0.1514457 0.0066073 0.0000000 0.0157142 0.0122046 0.0000000 0.0573451 0.1263598
 11 N  11 0.0000000 0.0000000 0.1545807 0.2040373 0.0587426 0.0000000 0.0000000 0.0000000 0.0000000 0.0000000 0.0000000 0.0000000 0.0000000 0.0000000 0.0000000 0.5826394 0.0000000 0.0000000 0.0000000 0.0000000
 12 R  12 0.0322641 0.1511477 0.0155857 0.0374483 0.0029747 0.0083603 0.0000000 0.0000000 0.1220837 0.0728386 0.1990650 0.1971686 0.0217281 0.0000000 0.0253887 0.0515120 0.0460584 0.0000000 0.0000000 0.0163762
 13 N  13 0.0475083 0.0142283 0.1547919 0.0876594 0.1706429 0.0066908 0.0444922 0.0000000 0.0565241 0.0088562 0.0000000 0.0000000 0.0000000 0.0111768 0.0196838 0.1439898 0.1461632 0.0000000 0.0367623 0.0508300
 14 S  14 0.1181402 0.0273655 0.0178520 0.0092948 0.0585574 0.0149439 0.0388249 0.0070722 0.0186177 0.0000000 0.0000000 0.0200249 0.0000000 0.0035324 0.0000000 0.5487893 0.0821089 0.0000000 0.0208505 0.0140253
 15 G  15 0.1567983 0.0000000 0.0000000 0.0083113 0.2783049 0.0000000 0.0000000 0.4406415 0.0000000 0.0000000 0.0000000 0.0000000 0.0000000 0.0088640 0.0000000 0.0729210 0.0000000 0.0000000 0.0230478 0.0111113
 16 S  16 0.0082835 0.0249933 0.0087943 0.0000000 0.0584889 0.0087427 0.0000000 0.0278282 0.0000000 0.0052017 0.0379617 0.0351236 0.0000000 0.0083113 0.2739142 0.4259258 0.0608051 0.0000000 0.0092735 0.0063522
 17 C  17 0.1491230 0.0000000 0.0000000 0.0000000 0.1816246 0.0000000 0.0000000 0.0000000 0.0000000 0.0273258 0.0097715 0.0000000 0.0040464 0.0000000 0.0542411 0.0046695 0.0032202 0.0000000 0.0000000 0.5659780
 18 L  18 0.0791102 0.0900666 0.0660251 0.0674038 0.0040855 0.0051501 0.0936115 0.0066516 0.0069006 0.0105042 0.0874114 0.1034158 0.0307869 0.0019306 0.0065855 0.1272449 0.1554199 0.0000000 0.0400774 0.0176182
 19 G  19 0.0000000 0.0000000 0.0000000 0.0000000 0.0000000 0.0000000 0.0000000 1.0000000 0.0000000 0.0000000 0.0000000 0.0000000 0.0000000 0.0000000 0.0000000 0.0000000 0.0000000 0.0000000 0.0000000 0.0000000
 20 G  20 0.0058711 0.0089067 0.0607170 0.0211882 0.0000000 0.0060202 0.0267012 0.8391556 0.0046695 0.0000000 0.0000000 0.0192014 0.0000000 0.0000000 0.0000000 0.0075691 0.0000000 0.0000000 0.0000000 0.0000000
 21 D  21 0.0174315 0.0064153 0.0169485 0.2247889 0.0000000 0.0527542 0.3033030 0.0166573 0.0212590 0.0000000 0.0820675 0.1130407 0.0242211 0.0000000 0.0000000 0.0159810 0.0856905 0.0000000 0.0000000 0.0194415
 22 E  22 0.0000000 0.0115123 0.0034681 0.0653141 0.0000000 0.1188033 0.7049216 0.0000000 0.0093508 0.0000000 0.0000000 0.0630669 0.0037087 0.0000000 0.0000000 0.0087427 0.0000000 0.0000000 0.0000000 0.0111113
 23 I  23 0.0000000 0.0000000 0.0000000 0.0000000 0.0000000 0.0000000 0.0000000 0.0000000 0.0000000 0.2803499 0.2353870 0.0000000 0.2020305 0.0047375 0.0000000 0.0000000 0.0000000 0.0000000 0.0000000 0.2774952
 24 F  24 0.0000000 0.0065064 0.0155976 0.0000000 0.0276502 0.0000000 0.0000000 0.0120183 0.0047000 0.2932131 0.0376926 0.0000000 0.0098351 0.3347833 0.0000000 0.0000000 0.0061158 0.0398534 0.1228863 0.0891478
 25 L  25 0.0000000 0.0000000 0.0000000 0.0000000 0.0000000 0.0000000 0.0000000 0.0000000 0.0000000 0.2544302 0.6425563 0.0000000 0.0736900 0.0000000 0.0000000 0.0000000 0.0000000 0.0000000 0.0000000 0.0293235
 26 L  26 0.0000000 0.0058622 0.0095671 0.0065812 0.0059795 0.0000000 0.0000000 0.0000000 0.0000000 0.1250770 0.6294212 0.0000000 0.0000000 0.0416795 0.0000000 0.0598746 0.1119889 0.0000000 0.0000000 0.0039688
 27 C  27 0.0000000 0.0000000 0.0000000 0.0000000 0.4895862 0.0000000 0.0000000 0.3842392 0.0000000 0.0000000 0.0000000 0.0000000 0.0000000 0.0000000 0.0000000 0.0036621 0.0233163 0.0000000 0.0000000 0.0991963
 28 D  28 0.0139213 0.0072267 0.0000000 0.2566000 0.0000000 0.0570958 0.3160167 0.0000000 0.0542494 0.0000000 0.0095356 0.1788900 0.0000000 0.0000000 0.0290682 0.0624781 0.0149181 0.0000000 0.0000000 0.0000000
 29 K  29 0.0000000 0.0222205 0.3655549 0.0000000 0.0086614 0.0153502 0.0000000 0.0000000 0.0120341 0.0000000 0.0000000 0.5617003 0.0000000 0.0000000 0.0072022 0.0000000 0.0072765 0.0000000 0.0000000 0.0000000
 30 V  30 0.0077606 0.0000000 0.0000000 0.0000000 0.0000000 0.0000000 0.0000000 0.0000000 0.0000000 0.0937282 0.0375927 0.0000000 0.0000000 0.3485882 0.0000000 0.0000000 0.0000000 0.0086469 0.0026173 0.5010661
 31 Q  31 0.0741710 0.0296308 0.1173136 0.0287836 0.0092417 0.2282512 0.0000000 0.0410457 0.0130149 0.0014873 0.2101697 0.0000000 0.0054740 0.0092221 0.0202237 0.0861691 0.1059785 0.0000000 0.0000000 0.0198231
 32 K  32 0.0392894 0.0754969 0.0000000 0.0000000 0.0000000 0.0364971 0.0000000 0.0000000 0.0067059 0.0157775 0.0000000 0.7003255 0.0036387 0.0000000 0.0843898 0.0257224 0.0121569 0.0000000 0.0000000 0.0000000
 33 E  33 0.0158691 0.0000000 0.0352800 0.3998655 0.0000000 0.0066508 0.3044640 0.0907795 0.0000000 0.0000000 0.0000000 0.1169392 0.0000000 0.0000000 0.0000000 0.0234116 0.0000000 0.0000000 0.0000000 0.0067403
 34 D  34 0.0042774 0.0000000 0.1212718 0.5465051 0.0000000 0.0000000 0.0014638 0.0086576 0.0127650 0.0000000 0.0000000 0.0162826 0.0000000 0.0000000 0.0000000 0.1960331 0.0804519 0.0000000 0.0000000 0.0122918
 35 I  35 0.0000000 0.0388815 0.0000000 0.0000000 0.0322086 0.0000000 0.0000000 0.0000000 0.0000000 0.5637259 0.0208136 0.2096328 0.0000000 0.0158963 0.0000000 0.0207635 0.0765298 0.0000000 0.0000000 0.0215481
 36 E  36 0.0241647 0.0448600 0.0000000 0.0021479 0.0000000 0.1476365 0.2042466 0.0156427 0.0626618 0.0216657 0.0098724 0.1450151 0.0149682 0.0000000 0.0000000 0.0549034 0.0036472 0.0000000 0.0000000 0.2485678
 37 V  37 0.0000000 0.0000000 0.0000000 0.0000000 0.0000000 0.0000000 0.0000000 0.0034754 0.0000000 0.2879193 0.0000000 0.0000000 0.0000000 0.0000000 0.0244267 0.0000000 0.0000000 0.0000000 0.0000000 0.6841786
 38 Y  38 0.0000000 0.3985202 0.0000000 0.0000000 0.0263540 0.0027610 0.0156155 0.0000000 0.0114581 0.0752506 0.0263685 0.0621791 0.0000000 0.2604335 0.0000000 0.0031657 0.0000000 0.0052351 0.0143698 0.0982889
 39 F  39 0.0000000 0.0033992 0.0000000 0.0088111 0.0000000 0.0636468 0.0000000 0.0000000 0.0036764 0.0334207 0.0548799 0.0000000 0.0297201 0.6968012 0.0000000 0.0024448 0.0451635 0.0000000 0.0000000 0.0580362
 40 T  40 0.0032333 0.0502502 0.0000000 0.0347861 0.0000000 0.0600749 0.1811435 0.0134434 0.0000000 0.0000000 0.0301816 0.0043930 0.0217102 0.2476645 0.0000000 0.0847535 0.0388554 0.0133275 0.1834318 0.0327510
 41 G  41 0.0199241 0.1057500 0.0000000 0.0535989 0.0000000 0.0652476 0.4751009 0.0499404 0.0952823 0.0054162 0.0284157 0.0725577 0.0030976 0.0000000 0.0000000 0.0056596 0.0200089 0.0000000 0.0000000 0.0000000
 42 P  42 0.0184921 0.0327025 0.0642536 0.0777057 0.0000000 0.0222490 0.3159153 0.0347618 0.0724260 0.0155193 0.0421508 0.0571883 0.0033398 0.0000000 0.0958375 0.0130301 0.1206088 0.0000000 0.0000000 0.0138194
 43 G  43 0.0345855 0.0113953 0.0745624 0.1502394 0.0171868 0.0705541 0.0631232 0.0573328 0.0513699 0.0532682 0.0339621 0.0256175 0.0000000 0.0000000 0.0141681 0.0981429 0.0940234 0.0000000 0.0000000 0.1504685
 44 W  44 0.0000000 0.0000000 0.0000000 0.0000000 0.0000000 0.0000000 0.0000000 0.0000000 0.0000000 0.0000000 0.0000000 0.0000000 0.0000000 0.0000000 0.0052276 0.0165868 0.0000000 0.9781856 0.0000000 0.0000000
 45 E  45 0.0000000 0.0000000 0.0000000 0.0046566 0.0059101 0.0601337 0.7207212 0.0000000 0.0055381 0.0236206 0.0000000 0.0794741 0.0055697 0.0077856 0.0000000 0.0417661 0.0332561 0.0000000 0.0000000 0.0115681
 46 A  46 0.3645747 0.0201100 0.0079903 0.0753656 0.0242723 0.0398543 0.0849135 0.1068510 0.0033480 0.0000000 0.0153111 0.0056230 0.0865780 0.0000000 0.0000000 0.0682688 0.0426229 0.0000000 0.0075952 0.0467216
 47 R  47 0.0370591 0.0687970 0.0553136 0.0062150 0.0000000 0.0040357 0.2527367 0.0000000 0.0062816 0.0189079 0.0548800 0.0751925 0.0205838 0.1547142 0.0166134 0.0527072 0.0359950 0.0063052 0.1232165 0.0104456
 48 G  48 0.4312774 0.0000000 0.0000000 0.0000000 0.0111585 0.0000000 0.0000000 0.4085407 0.0000000 0.0076762 0.0250950 0.0000000 0.0000000 0.0000000 0.0117904 0.0000000 0.0000000 0.0000000 0.0000000 0.1044618
 49 S  49 0.0177930 0.0676095 0.0581148 0.2066653 0.0000000 0.0334998 0.1534299 0.0000000 0.0147437 0.0450880 0.0463085 0.1670804 0.0058855 0.0000000 0.0000000 0.0626516 0.0963447 0.0000000 0.0000000 0.0247853
 50 F  50 0.0149409 0.0000000 0.0000000 0.0000000 0.0119805 0.0000000 0.0000000 0.0159093 0.0000000 0.1000886 0.0249451 0.0000000 0.0034589 0.5104288 0.0764664 0.0000000 0.0625269 0.0000000 0.0000000 0.1792547
 51 S  51 0.0334796 0.0286691 0.0826540 0.2673725 0.0000000 0.0774359 0.0094842 0.0456855 0.0134496 0.0423858 0.0354357 0.0468763 0.0080866 0.0000000 0.0000000 0.2467056 0.0225860 0.0000000 0.0058718 0.0338218
 52 Q  52 0.0243869 0.1323427 0.0000000 0.0174736 0.0000000 0.1742036 0.0750773 0.0088453 0.0384776 0.0000000 0.0326161 0.2122316 0.0000000 0.0057533 0.2197093 0.0477156 0.0045520 0.0000000 0.0000000 0.0066151
 53 A  53 0.1805489 0.0000000 0.0504519 0.0705348 0.0036401 0.0000000 0.1609327 0.0203135 0.0072189 0.0039469 0.0792011 0.0060068 0.0414729 0.0041834 0.0298099 0.1285541 0.1931339 0.0000000 0.0000000 0.0200504
 54 D  54 0.0000000 0.0095795 0.0451994 0.5377975 0.0000000 0.0294289 0.0717507 0.0053777 0.0447108 0.0085291 0.0133524 0.1468910 0.0080121 0.0154139 0.0000000 0.0185448 0.0000000 0.0000000 0.0454122 0.0000000
 55 V  55 0.0065921 0.0073522 0.0166741 0.0000000 0.0600817 0.0000000 0.0000000 0.0000000 0.0000000 0.0610691 0.1307271 0.0000000 0.0058705 0.0390442 0.0149038 0.1100254 0.0214993 0.0000000 0.0158207 0.5103398
 56 H  56 0.0000000 0.0073495 0.0000000 0.0000000 0.0336715 0.0928381 0.0000000 0.0000000 0.6487649 0.0000000 0.0382199 0.0000000 0.0000000 0.1173623 0.0000000 0.0339128 0.0000000 0.0000000 0.0278810 0.0000000
 57 R  57 0.0243654 0.2355573 0.0473804 0.0000000 0.0000000 0.0822937 0.0030414 0.0463202 0.1876209 0.0000000 0.0000000 0.2671419 0.0058501 0.0000000 0.0457885 0.0312318 0.0134942 0.0000000 0.0021507 0.0077634
 58 Q  58 0.0381365 0.0000000 0.0717498 0.0000000 0.0000000 0.7129209 0.0367318 0.0000000 0.0000000 0.0000000 0.0000000 0.0241301 0.0000000 0.0000000 0.0557512 0.0545315 0.0060481 0.0000000 0.0000000 0.0000000
 59 V  59 0.0108754 0.0000000 0.1449386 0.0153399 0.0065068 0.0000000 0.0000000 0.0279714 0.0193191 0.0588942 0.0000000 0.0000000 0.0671947 0.0562525 0.0000000 0.0291549 0.1524819 0.0000000 0.2071751 0.2038954
 60 A  60 0.6170346 0.0000000 0.0000000 0.0000000 0.0066604 0.0000000 0.0000000 0.0058664 0.1978994 0.0000000 0.0753944 0.0000000 0.0000000 0.0000000 0.0000000 0.0739592 0.0231855 0.0000000 0.0000000 0.0000000
 61 I  61 0.0000000 0.0000000 0.0000000 0.0000000 0.0000000 0.0000000 0.0000000 0.0122369 0.0000000 0.6134565 0.2799043 0.0000000 0.0190984 0.0494406 0.0000000 0.0000000 0.0000000 0.0000000 0.0000000 0.0258632
 62 V  62 0.0831895 0.0095128 0.0000000 0.0000000 0.0294279 0.0000000 0.0000000 0.0000000 0.0000000 0.1279906 0.0140571 0.0000000 0.0000000 0.0059676 0.0041562 0.0314544 0.0576542 0.0064086 0.0000000 0.6301811
 63 F  63 0.0000000 0.0000000 0.0000000 0.0000000 0.1479713 0.0000000 0.0000000 0.0000000 0.0000000 0.0294674 0.0950391 0.0000000 0.0000000 0.5419195 0.0000000 0.0000000 0.0000000 0.0000000 0.0000000 0.1856027
 64 R  64 0.0039399 0.2436201 0.0054265 0.0036393 0.0203296 0.0336618 0.1921974 0.0000000 0.0084552 0.0157627 0.0000000 0.3424415 0.0123574 0.0000000 0.0000000 0.0000000 0.0721157 0.0151466 0.0000000 0.0309062
 65 T  65 0.0125489 0.0000000 0.0000000 0.0000000 0.0000000 0.0000000 0.0000000 0.0000000 0.0000000 0.1399545 0.0119109 0.0000000 0.0000000 0.0000000 0.0122879 0.0135374 0.5739891 0.0000000 0.0000000 0.2357713
 66 P  66 0.0000000 0.0000000 0.0000000 0.0000000 0.0000000 0.0000000 0.0000000 0.0000000 0.0000000 0.0000000 0.0000000 0.0000000 0.0000000 0.0000000 0.9904780 0.0095220 0.0000000 0.0000000 0.0000000 0.0000000
 67 P  67 0.1442093 0.1287616 0.0000000 0.0000000 0.0000000 0.0035316 0.0890355 0.0000000 0.0000000 0.0000000 0.0000000 0.0510006 0.0000000 0.0000000 0.5148664 0.0329289 0.0161769 0.0000000 0.0000000 0.0194892
 68 Y  68 0.0000000 0.0000000 0.0000000 0.0000000 0.0000000 0.0000000 0.0000000 0.0000000 0.0000000 0.0000000 0.0000000 0.0000000 0.0000000 0.1295358 0.0000000 0.0000000 0.0000000 0.0000000 0.8704642 0.0000000
 69 A  69 0.0097785 0.3254957 0.0071909 0.0449640 0.0258372 0.0242497 0.0303203 0.0000000 0.1763778 0.0196533 0.0273176 0.1758334 0.0048012 0.0187716 0.0220036 0.0274727 0.0000000 0.0068048 0.0310688 0.0220591
 70 D  70 0.0114066 0.0469993 0.3282850 0.3143420 0.0288571 0.0000000 0.0325595 0.0171001 0.0396502 0.0107655 0.0033947 0.0201095 0.0094863 0.0000000 0.0000000 0.0335521 0.0869350 0.0000000 0.0092503 0.0073069
 71 P  71 0.0108773 0.0373147 0.0000000 0.0000000 0.0000000 0.2846739 0.0227234 0.0048108 0.0088228 0.0166041 0.1204974 0.1607144 0.0120167 0.0000000 0.1501073 0.0153412 0.1199823 0.0000000 0.0000000 0.0355138
 72 S  72 0.0618907 0.1104163 0.1843258 0.1454419 0.0000000 0.0645607 0.1262971 0.0000000 0.0665515 0.0000000 0.0077565 0.0341875 0.0082295 0.0129858 0.0053085 0.0931745 0.0577281 0.0000000 0.0106564 0.0104893
 73 L  73 0.0289754 0.0054422 0.0000000 0.0000000 0.0000000 0.0000000 0.0084798 0.0000000 0.0000000 0.6847733 0.1148383 0.0000000 0.0000000 0.0000000 0.0000000 0.0000000 0.0227980 0.0000000 0.0000000 0.1346931
 74 Q  74 0.0449183 0.0685886 0.0191823 0.0818519 0.0144016 0.0699710 0.0792970 0.0081485 0.0000000 0.0073726 0.0237623 0.0319667 0.0184758 0.0000000 0.0069019 0.1332489 0.3429474 0.0000000 0.0059849 0.0429803
 75 A  75 0.0524235 0.1041485 0.0125891 0.0319159 0.0000000 0.0708025 0.2222791 0.0084798 0.0762590 0.0000000 0.0134337 0.0959672 0.0030172 0.0041284 0.0248299 0.1855452 0.0608280 0.0000000 0.0151906 0.0181624
 76 P  76 0.0637365 0.0000000 0.0103633 0.0618557 0.0033870 0.0000000 0.0475218 0.0000000 0.0176530 0.0000000 0.0000000 0.0074237 0.0000000 0.0000000 0.6748530 0.0922004 0.0184800 0.0000000 0.0000000 0.0025255
 77 V  77 0.0739323 0.0053548 0.0000000 0.0000000 0.0000000 0.0000000 0.0273813 0.0000000 0.0000000 0.0621440 0.0247442 0.0177578 0.0121950 0.0000000 0.0000000 0.0037313 0.0209708 0.0000000 0.0000000 0.7517886
 78 R  78 0.0040410 0.0595780 0.0628635 0.0203838 0.0119839 0.2351690 0.0947645 0.0039347 0.0212065 0.0123603 0.0000000 0.1367463 0.0210648 0.0000000 0.0215035 0.0975341 0.1790434 0.0000000 0.0110123 0.0068104
 79 V  79 0.0047201 0.0000000 0.0000000 0.0000000 0.0000000 0.0000000 0.0000000 0.0000000 0.0000000 0.0087563 0.0000000 0.0000000 0.0045606 0.0000000 0.0000000 0.0000000 0.0070695 0.0000000 0.0000000 0.9748935
 80 S  80 0.0000000 0.0338127 0.1805237 0.0037408 0.0033233 0.1505168 0.0455434 0.0379002 0.0520271 0.0000000 0.0290654 0.0883619 0.0133731 0.1498622 0.0000000 0.0834552 0.0039630 0.0114310 0.1089154 0.0041848
 81 M  81 0.0000000 0.0094675 0.0000000 0.0000000 0.0000000 0.0000000 0.0000000 0.0000000 0.0000000 0.2610393 0.1386900 0.0000000 0.1167000 0.2400660 0.0000000 0.0000000 0.0000000 0.0000000 0.0000000 0.2340372
 82 Q  82 0.0101504 0.0487814 0.0000000 0.0000000 0.0123984 0.3942225 0.0771042 0.0000000 0.0095619 0.0171776 0.0099077 0.0488940 0.0072503 0.0654130 0.0000000 0.0447564 0.0000000 0.0000000 0.2429667 0.0114157
 83 L  83 0.0000000 0.0000000 0.0000000 0.0000000 0.0000000 0.0000000 0.0000000 0.0000000 0.0000000 0.0841195 0.6062366 0.0000000 0.0000000 0.0000000 0.0000000 0.0094857 0.0124696 0.0000000 0.0000000 0.2876886
 84 R  84 0.0089785 0.2478591 0.0000000 0.0000000 0.0000000 0.0802597 0.0664704 0.0000000 0.0000000 0.0785869 0.0359109 0.2629367 0.0080582 0.0177829 0.0000000 0.0063784 0.0191537 0.0000000 0.0540930 0.1135317
 85 R  85 0.0343948 0.7394774 0.0696379 0.0132595 0.0000000 0.0096460 0.0000000 0.0000000 0.0251470 0.0310018 0.0188828 0.0125489 0.0000000 0.0000000 0.0000000 0.0240086 0.0082254 0.0000000 0.0137699 0.0000000
 86 P  86 0.0123712 0.0216678 0.0061238 0.0000000 0.0000000 0.0050715 0.0000000 0.0000000 0.0000000 0.0548727 0.0795951 0.1263826 0.0076179 0.0000000 0.4932994 0.0049108 0.1278295 0.0129220 0.0051374 0.0421982
 87 S  87 0.0000000 0.0403593 0.1052804 0.0140164 0.0000000 0.0000000 0.0145560 0.0789027 0.0000000 0.0000000 0.0000000 0.0123857 0.0000000 0.0000000 0.0040400 0.6266517 0.1038078 0.0000000 0.0000000 0.0000000
 88 D  88 0.0548920 0.0000000 0.1022113 0.5649052 0.0000000 0.0360172 0.0077948 0.0748873 0.0000000 0.0000000 0.0000000 0.0703394 0.0000000 0.0000000 0.0000000 0.0861551 0.0000000 0.0000000 0.0000000 0.0027978
 89 R  89 0.0315227 0.1050519 0.0557823 0.0406970 0.0126753 0.0856075 0.0221128 0.4735997 0.0184659 0.0000000 0.0272916 0.0473596 0.0041447 0.0139086 0.0144473 0.0261972 0.0177413 0.0000000 0.0033945 0.0000000
 90 E  90 0.1212722 0.1463426 0.0000000 0.0609193 0.0131816 0.0052554 0.2159490 0.0033413 0.0086831 0.0063496 0.0000000 0.2791019 0.0230623 0.0000000 0.0000000 0.0275549 0.0148030 0.0000000 0.0280127 0.0461712
 91 L  91 0.0033208 0.2652360 0.0000000 0.0213584 0.0891020 0.0131816 0.0307593 0.0000000 0.0000000 0.0067876 0.0656682 0.0615995 0.0080070 0.0000000 0.0000000 0.0549287 0.2455883 0.0169978 0.0134688 0.1039959
 92 S  92 0.0000000 0.0000000 0.0047894 0.0000000 0.0074436 0.0000000 0.0000000 0.0067876 0.0342154 0.0000000 0.0151931 0.0000000 0.0000000 0.0000000 0.0094292 0.9221417 0.0000000 0.0000000 0.0000000 0.0000000
 93 E  93 0.0333931 0.0075822 0.0579929 0.1732821 0.0000000 0.1768288 0.4001217 0.0088665 0.0000000 0.0000000 0.0031792 0.0317357 0.0000000 0.0063130 0.0565372 0.0355111 0.0000000 0.0000000 0.0022977 0.0063589
 94 P  94 0.0940162 0.0000000 0.0000000 0.0000000 0.0063631 0.0000000 0.0034208 0.0102899 0.0088841 0.0036415 0.0032865 0.0000000 0.0060088 0.0032704 0.5634129 0.1554757 0.0513536 0.0000000 0.0680115 0.0225647
 95 M  95 0.0000000 0.0206121 0.0000000 0.0000000 0.0040789 0.2466594 0.0063843 0.0000000 0.0986351 0.0651897 0.1759140 0.1389070 0.0843808 0.0465240 0.0000000 0.0000000 0.0000000 0.0000000 0.0000000 0.1127147
 96 E  96 0.0236280 0.0664628 0.0177216 0.1172367 0.0064017 0.0558580 0.0858920 0.0022064 0.0847423 0.0089851 0.0113255 0.0273935 0.0000000 0.0065516 0.3280069 0.0735921 0.0739422 0.0000000 0.0000000 0.0100535
 97 F  97 0.0000000 0.0000000 0.0000000 0.0000000 0.0000000 0.0000000 0.0000000 0.0000000 0.0000000 0.0112212 0.0000000 0.0000000 0.0000000 0.9577177 0.0000000 0.0000000 0.0000000 0.0061583 0.0249028 0.0000000
 98 Q  98 0.0033745 0.0896706 0.0056103 0.0000000 0.0000000 0.0848010 0.1029327 0.0000000 0.0000000 0.0322263 0.0884031 0.0445115 0.0000000 0.0000000 0.0000000 0.0000000 0.4872585 0.0000000 0.0227053 0.0385062
 99 Y  99 0.0000000 0.0000000 0.0000000 0.0000000 0.0000000 0.0000000 0.0000000 0.0000000 0.0000000 0.0106195 0.0462642 0.0000000 0.0330820 0.0580624 0.0000000 0.0000000 0.0000000 0.0000000 0.8519718 0.0000000
100 L 100 0.0000000 0.0000000 0.0000000 0.0074611 0.0000000 0.0362547 0.0084266 0.0000000 0.0582590 0.0615667 0.3520008 0.0959063 0.0346745 0.0144497 0.0000000 0.0000000 0.2001822 0.0000000 0.0743482 0.0564702
101 P 101 0.0411933 0.0000000 0.0000000 0.0000000 0.0000000 0.0000000 0.0000000 0.0000000 0.0000000 0.0000000 0.0000000 0.0000000 0.0000000 0.0000000 0.9588067 0.0000000 0.0000000 0.0000000 0.0000000 0.0000000
102 D 102 0.0000000 0.0000000 0.1967124 0.4918109 0.0000000 0.0000000 0.3114766 0.0000000 0.0000000 0.0000000 0.0000000 0.0000000 0.0000000 0.0000000 0.0000000 0.0000000 0.0000000 0.0000000 0.0000000 0.0000000
