  102         A         R         N         D         C         Q         E         G         H         I         L         K         M         F         P         S         T         W         Y         V         X    
  1 N   1 0.0000000 0.0000000 0.1436317 0.0000000 0.0000000 0.0000000 0.0000000 0.0335804 0.0130208 0.0000000 0.0000000 0.0547504 0.0000000 0.0000000 0.0000000 0.1876978 0.0000000 0.0000000 0.0000000 0.0000000 0.5673189
  2 T   2 0.2997413 0.0000000 0.0000000 0.0056522 0.0000000 0.0000000 0.0000000 0.0000000 0.0000000 0.0000000 0.0000000 0.0099677 0.0000000 0.0000000 0.0000000 0.0522514 0.2321361 0.0000000 0.0000000 0.0037253 0.3965261
  3 A   3 0.1038822 0.0000000 0.0610688 0.0000000 0.0000000 0.1376329 0.0000000 0.1867785 0.0333322 0.0000000 0.0000000 0.0120171 0.0000000 0.0000000 0.0000000 0.2165869 0.0106335 0.0000000 0.0046800 0.0000000 0.2333879
  4 E   4 0.0064580 0.0000000 0.0710811 0.1993570 0.0000000 0.0342442 0.4133225 0.0000000 0.0098921 0.0079803 0.0074442 0.0329858 0.0042181 0.0000000 0.0000000 0.0000000 0.0116174 0.0000000 0.0077238 0.0293854 0.1642900
  5 L   5 0.0000000 0.0000000 0.0000000 0.0000000 0.0000000 0.0000000 0.0000000 0.0000000 0.0000000 0.0000000 0.7219470 0.0000000 0.0000000 0.0000000 0.1900106 0.0000000 0.0000000 0.0000000 0.0076919 0.0000000 0.0803505
  6 K   6 0.0172980 0.0948525 0.0116346 0.0069600 0.0000000 0.0663837 0.1719095 0.0000000 0.0109239 0.0222660 0.0672518 0.2278897 0.0430866 0.0000000 0.0000000 0.0167906 0.0463997 0.0000000 0.0142651 0.1017379 0.0803505
  7 I   7 0.0000000 0.0000000 0.0000000 0.0000000 0.0000000 0.0000000 0.0000000 0.0000000 0.0000000 0.7644497 0.0143079 0.0000000 0.0000000 0.0000000 0.0000000 0.0000000 0.0000000 0.0000000 0.0000000 0.1506141 0.0706283
  8 C   8 0.0039108 0.0000000 0.0214000 0.0198260 0.3791739 0.0000000 0.1608613 0.0000000 0.0142651 0.0046800 0.0845656 0.0000000 0.0394523 0.0112290 0.0000000 0.0577912 0.0447927 0.0109143 0.0041556 0.0723540 0.0706283
  9 R   9 0.0151507 0.4783859 0.0118532 0.0134368 0.0000000 0.0000000 0.0142888 0.0000000 0.0033805 0.0000000 0.0000000 0.3216023 0.0000000 0.0000000 0.0047238 0.0305726 0.0000000 0.0208820 0.0150951 0.0000000 0.0706283
 10 V  10 0.0222634 0.0099677 0.0000000 0.0000000 0.0000000 0.0999776 0.0000000 0.0047238 0.0000000 0.1006772 0.2122299 0.1297907 0.1446924 0.0060560 0.0000000 0.0146711 0.0109143 0.0000000 0.0523213 0.1210863 0.0706283
 11 N  11 0.0000000 0.0000000 0.1478603 0.1907036 0.0519590 0.0000000 0.0000000 0.0000000 0.0000000 0.0000000 0.0000000 0.0000000 0.0000000 0.0000000 0.0000000 0.5454510 0.0000000 0.0000000 0.0000000 0.0000000 0.0640261
 12 R  12 0.0298297 0.1483075 0.0142651 0.0392514 0.0026628 0.0076409 0.0000000 0.0000000 0.1120110 0.0674750 0.1934044 0.1877773 0.0203879 0.0000000 0.0242346 0.0454656 0.0417731 0.0000000 0.0000000 0.0149140 0.0505999
 13 N  13 0.0444512 0.0130235 0.1480058 0.0807512 0.1630952 0.0060939 0.0417292 0.0000000 0.0550329 0.0082563 0.0000000 0.0000000 0.0000000 0.0099677 0.0195193 0.1339395 0.1474794 0.0000000 0.0322059 0.0458491 0.0505999
 14 S  14 0.1131138 0.0254108 0.0161746 0.0088447 0.0578970 0.0135093 0.0342549 0.0064580 0.0167524 0.0000000 0.0000000 0.0183582 0.0000000 0.0032232 0.0000000 0.5246714 0.0793320 0.0000000 0.0182003 0.0131995 0.0505999
 15 G  15 0.1472272 0.0000000 0.0000000 0.0076409 0.2702934 0.0000000 0.0000000 0.4252070 0.0000000 0.0000000 0.0000000 0.0000000 0.0000000 0.0081058 0.0000000 0.0664638 0.0000000 0.0000000 0.0211737 0.0099677 0.0439204
 16 S  16 0.0075123 0.0221821 0.0079936 0.0000000 0.0549463 0.0100396 0.0000000 0.0244811 0.0000000 0.0045365 0.0356799 0.0313417 0.0000000 0.0076409 0.2636870 0.4086657 0.0630204 0.0000000 0.0084792 0.0058732 0.0439204
 17 C  17 0.1402552 0.0000000 0.0000000 0.0000000 0.1792818 0.0000000 0.0000000 0.0000000 0.0000000 0.0251900 0.0085819 0.0000000 0.0037188 0.0000000 0.0473744 0.0042690 0.0029191 0.0000000 0.0000000 0.5444894 0.0439204
 18 L  18 0.0795529 0.0894684 0.0610464 0.0632011 0.0037936 0.0047238 0.0871059 0.0060939 0.0062341 0.0096000 0.0795432 0.1045942 0.0297857 0.0017740 0.0060770 0.1241053 0.1461997 0.0000000 0.0372617 0.0159188 0.0439204
 19 G  19 0.0000000 0.0000000 0.0000000 0.0000000 0.0000000 0.0000000 0.0000000 0.9560796 0.0000000 0.0000000 0.0000000 0.0000000 0.0000000 0.0000000 0.0000000 0.0000000 0.0000000 0.0000000 0.0000000 0.0000000 0.0439204
 20 G  20 0.0053499 0.0083991 0.0571172 0.0191852 0.0000000 0.0054037 0.0245002 0.8055271 0.0042690 0.0000000 0.0000000 0.0172902 0.0000000 0.0000000 0.0000000 0.0090379 0.0000000 0.0000000 0.0000000 0.0000000 0.0439204
 21 D  21 0.0173950 0.0058573 0.0152270 0.2208676 0.0000000 0.0495564 0.2879447 0.0143079 0.0200923 0.0000000 0.0791788 0.1094368 0.0229940 0.0000000 0.0000000 0.0166539 0.0786634 0.0000000 0.0000000 0.0179045 0.0439204
 22 E  22 0.0000000 0.0106765 0.0045313 0.0600081 0.0000000 0.1151811 0.6772979 0.0000000 0.0073691 0.0000000 0.0000000 0.0575653 0.0034430 0.0000000 0.0000000 0.0100396 0.0000000 0.0000000 0.0000000 0.0099677 0.0439204
 23 I  23 0.0000000 0.0000000 0.0000000 0.0000000 0.0000000 0.0000000 0.0000000 0.0000000 0.0000000 0.2679955 0.2220401 0.0000000 0.1961855 0.0041556 0.0000000 0.0000000 0.0000000 0.0000000 0.0000000 0.2606994 0.0489239
 24 F  24 0.0000000 0.0060560 0.0142651 0.0000000 0.0250628 0.0000000 0.0000000 0.0109143 0.0042801 0.2764541 0.0389125 0.0000000 0.0092118 0.3211114 0.0000000 0.0000000 0.0052600 0.0389119 0.1183049 0.0823312 0.0489239
 25 L  25 0.0000000 0.0000000 0.0000000 0.0000000 0.0000000 0.0000000 0.0000000 0.0000000 0.0000000 0.2496810 0.6132534 0.0000000 0.0670636 0.0000000 0.0000000 0.0000000 0.0000000 0.0000000 0.0000000 0.0276814 0.0423206
 26 L  26 0.0000000 0.0066795 0.0087918 0.0060770 0.0056191 0.0000000 0.0000000 0.0000000 0.0000000 0.1244091 0.6076904 0.0000000 0.0000000 0.0372815 0.0000000 0.0590945 0.1053719 0.0000000 0.0000000 0.0037178 0.0352674
 27 C  27 0.0000000 0.0000000 0.0000000 0.0000000 0.4764381 0.0000000 0.0000000 0.3746844 0.0000000 0.0000000 0.0000000 0.0000000 0.0000000 0.0000000 0.0000000 0.0066033 0.0254379 0.0000000 0.0000000 0.0916085 0.0252278
 28 D  28 0.0129700 0.0067633 0.0000000 0.2507968 0.0000000 0.0552163 0.3075260 0.0000000 0.0504379 0.0000000 0.0120951 0.1762873 0.0000000 0.0000000 0.0278273 0.0588142 0.0160380 0.0000000 0.0000000 0.0000000 0.0252278
 29 K  29 0.0000000 0.0204186 0.3573090 0.0000000 0.0100396 0.0142651 0.0000000 0.0000000 0.0111412 0.0000000 0.0000000 0.5410227 0.0000000 0.0000000 0.0136565 0.0000000 0.0069197 0.0000000 0.0000000 0.0000000 0.0252278
 30 V  30 0.0073714 0.0000000 0.0000000 0.0000000 0.0000000 0.0000000 0.0000000 0.0000000 0.0000000 0.0895263 0.0338007 0.0000000 0.0000000 0.3419734 0.0000000 0.0000000 0.0000000 0.0100396 0.0075259 0.4886743 0.0210885
 31 Q  31 0.0704901 0.0271925 0.1176773 0.0344332 0.0085181 0.2230610 0.0000000 0.0390145 0.0121122 0.0060790 0.2063475 0.0000000 0.0052252 0.0089626 0.0186381 0.0818736 0.1005710 0.0000000 0.0000000 0.0187158 0.0210885
 32 K  32 0.0368815 0.0702820 0.0000000 0.0000000 0.0000000 0.0329795 0.0000000 0.0000000 0.0060770 0.0142651 0.0000000 0.6629390 0.0070532 0.0000000 0.0819693 0.0283770 0.0109143 0.0000000 0.0000000 0.0000000 0.0482623
 33 E  33 0.0135080 0.0000000 0.0389620 0.3593408 0.0000000 0.0066022 0.2745021 0.0879057 0.0000000 0.0000000 0.0000000 0.1068176 0.0000000 0.0000000 0.0000000 0.0201086 0.0000000 0.0000000 0.0000000 0.0059984 0.0862545
 34 D  34 0.0037014 0.0000000 0.1090863 0.5055584 0.0000000 0.0000000 0.0067852 0.0075005 0.0111412 0.0000000 0.0000000 0.0142651 0.0000000 0.0000000 0.0000000 0.1832669 0.0756162 0.0000000 0.0000000 0.0105003 0.0725786
 35 I  35 0.0000000 0.0429525 0.0000000 0.0000000 0.0277446 0.0000000 0.0000000 0.0000000 0.0000000 0.5293903 0.0186416 0.1980604 0.0000000 0.0143031 0.0000000 0.0236984 0.0755167 0.0000000 0.0000000 0.0188743 0.0508180
 36 E  36 0.0217828 0.0416566 0.0000000 0.0019054 0.0000000 0.1486055 0.1826709 0.0138315 0.0624368 0.0201603 0.0133598 0.1361544 0.0126598 0.0000000 0.0000000 0.0535472 0.0032631 0.0000000 0.0000000 0.2352379 0.0527280
 37 V  37 0.0000000 0.0000000 0.0000000 0.0000000 0.0000000 0.0000000 0.0000000 0.0076658 0.0000000 0.2825405 0.0000000 0.0000000 0.0000000 0.0000000 0.0243047 0.0000000 0.0000000 0.0000000 0.0000000 0.6412633 0.0442258
 38 Y  38 0.0000000 0.3770964 0.0000000 0.0000000 0.0233433 0.0024809 0.0142651 0.0000000 0.0104342 0.0679693 0.0240776 0.0638654 0.0000000 0.2561135 0.0000000 0.0029053 0.0000000 0.0047373 0.0130411 0.0954448 0.0442258
 39 F  39 0.0000000 0.0032758 0.0000000 0.0100396 0.0000000 0.0627381 0.0000000 0.0000000 0.0033383 0.0304512 0.0508197 0.0000000 0.0278398 0.6672935 0.0000000 0.0021848 0.0416332 0.0000000 0.0000000 0.0561601 0.0442258
 40 T  40 0.0029750 0.0450628 0.0000000 0.0351406 0.0000000 0.0624746 0.1743401 0.0143285 0.0000000 0.0000000 0.0294290 0.0040931 0.0202634 0.2313197 0.0000000 0.0824224 0.0252950 0.0122243 0.1834758 0.0295739 0.0475817
 41 G  41 0.0181606 0.1088811 0.0000000 0.0484912 0.0000000 0.0592986 0.4656188 0.0351718 0.0932371 0.0049314 0.0255973 0.0718773 0.0028204 0.0000000 0.0000000 0.0050258 0.0213283 0.0000000 0.0000000 0.0000000 0.0395602
 42 P  42 0.0215792 0.0291707 0.0588386 0.0699349 0.0000000 0.0202893 0.3098568 0.0319513 0.0721139 0.0142272 0.0375743 0.0565201 0.0030896 0.0000000 0.0871647 0.0128937 0.1164021 0.0000000 0.0000000 0.0127545 0.0456392
 43 G  43 0.0311459 0.0106639 0.0679717 0.1443607 0.0157934 0.0745345 0.0654393 0.0422120 0.0505948 0.0488690 0.0370960 0.0231467 0.0000000 0.0000000 0.0163252 0.0977364 0.0856670 0.0000000 0.0000000 0.1428042 0.0456392
 44 W  44 0.0000000 0.0000000 0.0000000 0.0000000 0.0000000 0.0000000 0.0000000 0.0000000 0.0000000 0.0000000 0.0000000 0.0000000 0.0000000 0.0000000 0.0044230 0.0143079 0.0000000 0.9356299 0.0000000 0.0000000 0.0456392
 45 E  45 0.0000000 0.0000000 0.0000000 0.0042801 0.0053974 0.0588944 0.6880473 0.0000000 0.0049373 0.0252377 0.0000000 0.0750609 0.0050485 0.0068919 0.0000000 0.0369196 0.0297282 0.0000000 0.0000000 0.0108305 0.0487261
 46 A  46 0.3341168 0.0185451 0.0071337 0.0686643 0.0238100 0.0387445 0.0828683 0.1087523 0.0033249 0.0000000 0.0139236 0.0048852 0.0823797 0.0000000 0.0000000 0.0624452 0.0433434 0.0000000 0.0069600 0.0513769 0.0487261
 47 R  47 0.0350998 0.0553511 0.0549380 0.0066022 0.0000000 0.0037188 0.2518478 0.0000000 0.0056522 0.0173390 0.0524369 0.0674972 0.0185836 0.1500609 0.0143079 0.0504650 0.0342517 0.0057599 0.1180254 0.0093365 0.0487261
 48 G  48 0.4141048 0.0000000 0.0000000 0.0000000 0.0098921 0.0000000 0.0000000 0.3793214 0.0000000 0.0069600 0.0218084 0.0000000 0.0000000 0.0000000 0.0105003 0.0000000 0.0000000 0.0000000 0.0000000 0.0992623 0.0581508
 49 S  49 0.0199181 0.0617432 0.0516124 0.1970899 0.0000000 0.0303192 0.1437011 0.0000000 0.0136393 0.0442699 0.0444878 0.1689094 0.0059088 0.0000000 0.0000000 0.0490931 0.0884414 0.0000000 0.0000000 0.0227156 0.0581508
 50 F  50 0.0134368 0.0000000 0.0000000 0.0000000 0.0109143 0.0000000 0.0000000 0.0144605 0.0000000 0.1025002 0.0262976 0.0000000 0.0031766 0.4718272 0.0740829 0.0000000 0.0591080 0.0000000 0.0000000 0.1696207 0.0545752
 51 S  51 0.0337393 0.0280068 0.0759767 0.2584757 0.0000000 0.0701398 0.0087530 0.0413102 0.0111626 0.0470187 0.0318776 0.0418221 0.0069036 0.0000000 0.0000000 0.2320712 0.0221217 0.0000000 0.0066795 0.0317286 0.0522130
 52 Q  52 0.0214843 0.1291032 0.0000000 0.0152847 0.0000000 0.1432498 0.0744366 0.0077238 0.0351982 0.0000000 0.0276476 0.1945340 0.0000000 0.0052252 0.2013596 0.0456030 0.0040134 0.0000000 0.0000000 0.0059022 0.0892345
 53 A  53 0.1452703 0.0000000 0.0429930 0.0622176 0.0030896 0.0000000 0.1471189 0.0198618 0.0060939 0.0034868 0.0666518 0.0052252 0.0382711 0.0035496 0.0250628 0.1119256 0.1756212 0.0000000 0.0000000 0.0170646 0.1264962
 54 D  54 0.0000000 0.0117049 0.0409260 0.4836001 0.0000000 0.0264674 0.0676414 0.0047373 0.0390092 0.0075005 0.0120027 0.1412921 0.0071334 0.0134368 0.0000000 0.0195595 0.0000000 0.0000000 0.0427061 0.0000000 0.0822826
 55 V  55 0.0060770 0.0069197 0.0143079 0.0000000 0.0633372 0.0000000 0.0000000 0.0000000 0.0000000 0.0585084 0.1279041 0.0000000 0.0053488 0.0369706 0.0134368 0.1066453 0.0203385 0.0000000 0.0141887 0.4738676 0.0521494
 56 H  56 0.0000000 0.0060939 0.0000000 0.0000000 0.0300459 0.0862379 0.0000000 0.0000000 0.5462334 0.0000000 0.0327525 0.0000000 0.0000000 0.0997185 0.0000000 0.0319382 0.0000000 0.0000000 0.0229133 0.0000000 0.1440663
 57 R  57 0.0215548 0.2110951 0.0414190 0.0000000 0.0000000 0.0715418 0.0027534 0.0487754 0.1725681 0.0000000 0.0000000 0.2399659 0.0052252 0.0000000 0.0409217 0.0269493 0.0129136 0.0000000 0.0050173 0.0069197 0.0923798
 58 Q  58 0.0445588 0.0000000 0.0644419 0.0000000 0.0000000 0.6549104 0.0330022 0.0000000 0.0000000 0.0000000 0.0000000 0.0211605 0.0000000 0.0000000 0.0517721 0.0547100 0.0053488 0.0000000 0.0000000 0.0000000 0.0700953
 59 V  59 0.0096574 0.0000000 0.1435968 0.0134368 0.0059984 0.0000000 0.0000000 0.0281117 0.0172615 0.0551828 0.0000000 0.0000000 0.0601276 0.0568571 0.0000000 0.0271136 0.1389438 0.0000000 0.1869129 0.1884491 0.0683506
 60 A  60 0.5591008 0.0000000 0.0000000 0.0000000 0.0061826 0.0000000 0.0000000 0.0048852 0.1959250 0.0000000 0.0686622 0.0000000 0.0000000 0.0000000 0.0000000 0.0674855 0.0204995 0.0000000 0.0000000 0.0000000 0.0772593
 61 I  61 0.0000000 0.0000000 0.0000000 0.0000000 0.0000000 0.0000000 0.0000000 0.0109143 0.0000000 0.5724193 0.2654073 0.0000000 0.0171220 0.0453379 0.0000000 0.0000000 0.0000000 0.0000000 0.0000000 0.0230785 0.0657206
 62 V  62 0.0807088 0.0073691 0.0000000 0.0000000 0.0266243 0.0000000 0.0000000 0.0000000 0.0000000 0.1249377 0.0128569 0.0000000 0.0000000 0.0066795 0.0037936 0.0296281 0.0519151 0.0057484 0.0000000 0.5909375 0.0588010
 63 F  63 0.0000000 0.0000000 0.0000000 0.0000000 0.1318305 0.0000000 0.0000000 0.0000000 0.0000000 0.0252121 0.0904464 0.0000000 0.0000000 0.4757889 0.0000000 0.0000000 0.0000000 0.0000000 0.0000000 0.1752479 0.1014743
 64 R  64 0.0035743 0.2189904 0.0050017 0.0033566 0.0185213 0.0319975 0.1902926 0.0000000 0.0076409 0.0142651 0.0000000 0.3267135 0.0111412 0.0000000 0.0000000 0.0000000 0.0667182 0.0134368 0.0000000 0.0295491 0.0588010
 65 T  65 0.0110451 0.0000000 0.0000000 0.0000000 0.0000000 0.0000000 0.0000000 0.0000000 0.0000000 0.1335854 0.0105003 0.0000000 0.0000000 0.0000000 0.0115044 0.0123027 0.5256236 0.0000000 0.0000000 0.2332510 0.0621875
 66 P  66 0.0000000 0.0000000 0.0000000 0.0000000 0.0000000 0.0000000 0.0000000 0.0000000 0.0000000 0.0000000 0.0000000 0.0000000 0.0000000 0.0000000 0.9304434 0.0073691 0.0000000 0.0000000 0.0000000 0.0000000 0.0621875
 67 P  67 0.1321048 0.1143345 0.0000000 0.0000000 0.0000000 0.0045313 0.0805151 0.0000000 0.0000000 0.0000000 0.0000000 0.0505890 0.0000000 0.0000000 0.4926706 0.0302527 0.0144316 0.0000000 0.0000000 0.0183828 0.0621875
 68 Y  68 0.0000000 0.0000000 0.0000000 0.0000000 0.0000000 0.0000000 0.0000000 0.0000000 0.0000000 0.0000000 0.0000000 0.0000000 0.0000000 0.1180367 0.0000000 0.0000000 0.0000000 0.0000000 0.8197758 0.0000000 0.0621875
 69 A  69 0.0081416 0.2976569 0.0062341 0.0389524 0.0227901 0.0210569 0.0298331 0.0000000 0.1729333 0.0171545 0.0254827 0.1619780 0.0040747 0.0161743 0.0194152 0.0245379 0.0000000 0.0059979 0.0278455 0.0190842 0.0806565
 70 D  70 0.0099677 0.0438104 0.3168909 0.2937464 0.0251138 0.0000000 0.0284526 0.0143079 0.0366203 0.0096367 0.0030182 0.0177718 0.0084027 0.0000000 0.0000000 0.0329334 0.0773152 0.0000000 0.0083702 0.0063233 0.0673186
 71 P  71 0.0094702 0.0375004 0.0000000 0.0000000 0.0000000 0.2701215 0.0207418 0.0042801 0.0074621 0.0146354 0.1107237 0.1462534 0.0104151 0.0000000 0.1397780 0.0134368 0.1063849 0.0000000 0.0000000 0.0382891 0.0705076
 72 S  72 0.0700940 0.1048362 0.1741725 0.1390663 0.0000000 0.0593677 0.1137853 0.0000000 0.0599262 0.0000000 0.0071825 0.0309569 0.0074060 0.0116103 0.0047373 0.0827299 0.0523208 0.0000000 0.0094967 0.0089661 0.0633453
 73 L  73 0.0352851 0.0050017 0.0000000 0.0000000 0.0000000 0.0000000 0.0076409 0.0000000 0.0000000 0.6359445 0.1024463 0.0000000 0.0000000 0.0000000 0.0000000 0.0000000 0.0202367 0.0000000 0.0000000 0.1331864 0.0602584
 74 Q  74 0.0421133 0.0614242 0.0172832 0.0741745 0.0132568 0.0614856 0.0715009 0.0111463 0.0000000 0.0071549 0.0223118 0.0283403 0.0165919 0.0000000 0.0059487 0.1343655 0.3265393 0.0000000 0.0066795 0.0394247 0.0602584
 75 A  75 0.0539261 0.0962299 0.0145878 0.0288541 0.0000000 0.0645342 0.2035943 0.0076409 0.0672765 0.0000000 0.0121875 0.0941713 0.0026628 0.0037188 0.0238100 0.1787388 0.0547287 0.0000000 0.0134368 0.0196433 0.0602584
 76 P  76 0.0651189 0.0000000 0.0090570 0.0543779 0.0029151 0.0000000 0.0423522 0.0000000 0.0161294 0.0000000 0.0000000 0.0066539 0.0000000 0.0000000 0.6297598 0.0910851 0.0173338 0.0000000 0.0000000 0.0022336 0.0629833
 77 V  77 0.0731196 0.0047472 0.0000000 0.0000000 0.0000000 0.0000000 0.0260488 0.0000000 0.0000000 0.0557028 0.0213475 0.0158208 0.0109143 0.0000000 0.0000000 0.0034598 0.0187629 0.0000000 0.0000000 0.7070930 0.0629833
 78 R  78 0.0036055 0.0515174 0.0557196 0.0218690 0.0191266 0.2241112 0.0842364 0.0035134 0.0220487 0.0112822 0.0000000 0.1242867 0.0190626 0.0000000 0.0181227 0.0954382 0.1670475 0.0000000 0.0097395 0.0062897 0.0629833
 79 V  79 0.0040747 0.0000000 0.0000000 0.0000000 0.0000000 0.0000000 0.0000000 0.0000000 0.0000000 0.0077943 0.0000000 0.0000000 0.0045444 0.0000000 0.0000000 0.0000000 0.0062341 0.0000000 0.0000000 0.9117374 0.0656151
 80 S  80 0.0000000 0.0301150 0.1713490 0.0032147 0.0029194 0.1365774 0.0393111 0.0423138 0.0524519 0.0000000 0.0253399 0.0776530 0.0120896 0.1387909 0.0000000 0.0780632 0.0035496 0.0101277 0.1022859 0.0037014 0.0701464
 81 M  81 0.0000000 0.0088447 0.0000000 0.0000000 0.0000000 0.0000000 0.0000000 0.0000000 0.0000000 0.2332670 0.1225668 0.0000000 0.1145351 0.2321671 0.0000000 0.0000000 0.0000000 0.0000000 0.0000000 0.2217979 0.0668215
 82 Q  82 0.0090901 0.0432588 0.0000000 0.0000000 0.0112132 0.3590268 0.0667276 0.0000000 0.0098367 0.0143079 0.0088304 0.0444350 0.0064580 0.0628873 0.0000000 0.0408711 0.0000000 0.0000000 0.2400678 0.0098921 0.0730972
 83 L  83 0.0000000 0.0000000 0.0000000 0.0000000 0.0000000 0.0000000 0.0000000 0.0000000 0.0000000 0.0754109 0.5602971 0.0000000 0.0000000 0.0000000 0.0000000 0.0088447 0.0111412 0.0000000 0.0000000 0.2754271 0.0688791
 84 R  84 0.0075166 0.2137728 0.0000000 0.0000000 0.0000000 0.0714595 0.0554969 0.0000000 0.0000000 0.0671093 0.0311696 0.2320240 0.0066434 0.0153140 0.0000000 0.0059088 0.0159481 0.0000000 0.0504458 0.1028168 0.1243744
 85 R  85 0.0286804 0.6118056 0.0588322 0.0105003 0.0000000 0.0077238 0.0000000 0.0000000 0.0202001 0.0259386 0.0143079 0.0098921 0.0000000 0.0000000 0.0000000 0.0197590 0.0070396 0.0000000 0.0111412 0.0000000 0.1741794
 86 P  86 0.0076919 0.0142651 0.0040134 0.0000000 0.0000000 0.0033312 0.0000000 0.0000000 0.0000000 0.0369124 0.0572117 0.0891080 0.0049314 0.0000000 0.3224085 0.0032232 0.0921507 0.0088447 0.0033926 0.0297188 0.3227965
 87 S  87 0.0000000 0.0345309 0.0890459 0.0105003 0.0000000 0.0000000 0.0111412 0.0630504 0.0000000 0.0000000 0.0000000 0.0093028 0.0000000 0.0000000 0.0030755 0.4861635 0.0844532 0.0000000 0.0000000 0.0000000 0.2087364
 88 D  88 0.0523890 0.0000000 0.0834724 0.4629250 0.0000000 0.0285337 0.0062183 0.0582078 0.0000000 0.0000000 0.0000000 0.0588322 0.0000000 0.0000000 0.0000000 0.0730049 0.0000000 0.0000000 0.0000000 0.0021883 0.1742284
 89 R  89 0.0253636 0.0836651 0.0451304 0.0326151 0.0098921 0.0665275 0.0174603 0.3992532 0.0143751 0.0000000 0.0287173 0.0393719 0.0033156 0.0111412 0.0115139 0.0205480 0.0142651 0.0000000 0.0026163 0.0000000 0.1742284
 90 E  90 0.1091193 0.1376697 0.0000000 0.0538659 0.0155713 0.0047238 0.1985098 0.0029901 0.0077238 0.0056940 0.0000000 0.2716092 0.0207244 0.0000000 0.0000000 0.0243980 0.0130975 0.0000000 0.0255681 0.0457647 0.0629702
 91 L  91 0.0030745 0.2470331 0.0000000 0.0189166 0.0852003 0.0155713 0.0272698 0.0000000 0.0000000 0.0060939 0.0572438 0.0651310 0.0073714 0.0000000 0.0000000 0.0574750 0.2288743 0.0143079 0.0120573 0.0914096 0.0629702
 92 S  92 0.0000000 0.0000000 0.0042210 0.0000000 0.0067633 0.0000000 0.0000000 0.0060939 0.0391501 0.0000000 0.0134368 0.0000000 0.0000000 0.0000000 0.0088447 0.8585200 0.0000000 0.0000000 0.0000000 0.0000000 0.0629702
 93 E  93 0.0292879 0.0067344 0.0515948 0.1637611 0.0000000 0.1745347 0.3746959 0.0079967 0.0000000 0.0000000 0.0028204 0.0282798 0.0000000 0.0056250 0.0512525 0.0317872 0.0000000 0.0000000 0.0020572 0.0066022 0.0629702
 94 P  94 0.0849176 0.0000000 0.0000000 0.0000000 0.0058526 0.0000000 0.0031572 0.0092712 0.0076919 0.0033998 0.0031195 0.0000000 0.0056191 0.0029964 0.5197190 0.1593955 0.0485070 0.0000000 0.0671649 0.0205279 0.0586604
 95 M  95 0.0000000 0.0186532 0.0000000 0.0000000 0.0035772 0.2486098 0.0056522 0.0000000 0.0933567 0.0621947 0.1641843 0.1302806 0.0642023 0.0403269 0.0000000 0.0000000 0.0000000 0.0000000 0.0000000 0.1014572 0.0675051
 96 E  96 0.0219661 0.0715162 0.0178003 0.1047015 0.0059984 0.0498648 0.0657228 0.0019934 0.0797715 0.0081058 0.0101015 0.0245236 0.0000000 0.0060560 0.3176753 0.0677694 0.0699606 0.0000000 0.0000000 0.0089678 0.0675051
 97 F  97 0.0000000 0.0000000 0.0000000 0.0000000 0.0000000 0.0000000 0.0000000 0.0000000 0.0000000 0.0098921 0.0000000 0.0000000 0.0000000 0.8955735 0.0000000 0.0000000 0.0000000 0.0052600 0.0217693 0.0000000 0.0675051
 98 Q  98 0.0030376 0.0838083 0.0052252 0.0000000 0.0000000 0.0680384 0.0927517 0.0000000 0.0000000 0.0300120 0.0868652 0.0401559 0.0000000 0.0000000 0.0000000 0.0000000 0.4671857 0.0000000 0.0206440 0.0347711 0.0675051
 99 Y  99 0.0000000 0.0000000 0.0000000 0.0000000 0.0000000 0.0000000 0.0000000 0.0000000 0.0000000 0.0097128 0.0417773 0.0000000 0.0313896 0.0525037 0.0000000 0.0000000 0.0000000 0.0000000 0.7971116 0.0000000 0.0675051
100 L 100 0.0000000 0.0000000 0.0000000 0.0067633 0.0000000 0.0322581 0.0075005 0.0000000 0.0527240 0.0549129 0.3146177 0.0881770 0.0309564 0.0128618 0.0000000 0.0000000 0.2008775 0.0000000 0.0722964 0.0508574 0.0751969
101 P 101 0.0331493 0.0000000 0.0000000 0.0000000 0.0000000 0.0000000 0.0000000 0.0000000 0.0000000 0.0000000 0.0000000 0.0000000 0.0000000 0.0000000 0.8328266 0.0000000 0.0000000 0.0000000 0.0000000 0.0000000 0.1340241
102 D 102 0.0000000 0.0000000 0.0518270 0.1214289 0.0000000 0.0000000 0.0988497 0.0000000 0.0000000 0.0000000 0.0000000 0.0000000 0.0000000 0.0000000 0.0000000 0.0000000 0.0000000 0.0000000 0.0000000 0.0000000 0.7278945
