  140         A         R         N         D         C         Q         E         G         H         I         L         K         M         F         P         S         T         W         Y         V         X    
  1 M   1 0.0000000 0.0000000 0.0000000 0.0000000 0.0000000 0.0000000 0.0000000 0.0000000 0.0000000 0.0000000 0.0000000 0.0000000 0.5377571 0.0000000 0.0000000 0.0000000 0.0000000 0.0000000 0.0000000 0.0000000 0.4622429
  2 D   2 0.0000000 0.0000000 0.0000000 0.5298254 0.0000000 0.0000000 0.0654008 0.0000000 0.0000000 0.0000000 0.0000000 0.0000000 0.0000000 0.0000000 0.0000000 0.0000000 0.0000000 0.0000000 0.0000000 0.0000000 0.4047738
  3 V   3 0.0848345 0.0000000 0.0000000 0.0000000 0.0000000 0.0000000 0.0000000 0.0000000 0.0000000 0.0000000 0.0000000 0.0000000 0.0723445 0.0000000 0.0000000 0.0000000 0.0574691 0.0000000 0.0194373 0.4312351 0.3346795
  4 F   4 0.0000000 0.0000000 0.0000000 0.0000000 0.0000000 0.0000000 0.0000000 0.0000000 0.0000000 0.0000000 0.1471984 0.0000000 0.0000000 0.5029782 0.0000000 0.0000000 0.0000000 0.0000000 0.0000000 0.0151439 0.3346795
  5 M   5 0.0000000 0.0000000 0.0000000 0.0000000 0.0000000 0.0000000 0.0000000 0.0000000 0.0000000 0.0000000 0.0000000 0.4752618 0.3481032 0.0000000 0.0000000 0.0000000 0.0000000 0.0000000 0.0000000 0.0000000 0.1766350
  6 K   6 0.0000000 0.0000000 0.1031544 0.0750799 0.0000000 0.0000000 0.0000000 0.0000000 0.0000000 0.0000000 0.0000000 0.6674232 0.0000000 0.0000000 0.0000000 0.0099092 0.0000000 0.0000000 0.0000000 0.0000000 0.1444334
  7 G   7 0.0322017 0.0000000 0.0000000 0.0000000 0.0000000 0.0000000 0.0000000 0.6931691 0.0000000 0.0273701 0.0000000 0.0000000 0.0000000 0.0000000 0.0000000 0.0000000 0.0574691 0.0549504 0.0000000 0.0000000 0.1348396
  8 L   8 0.0549504 0.0000000 0.0151439 0.0000000 0.0000000 0.0000000 0.0000000 0.0000000 0.0000000 0.1580445 0.2048666 0.0000000 0.0000000 0.3424843 0.0000000 0.0574691 0.0000000 0.0322017 0.0000000 0.0000000 0.1348396
  9 S   9 0.0000000 0.0000000 0.1753570 0.0473455 0.0000000 0.0000000 0.0000000 0.0574691 0.0000000 0.0000000 0.0000000 0.0549504 0.0000000 0.0000000 0.0000000 0.5300383 0.0000000 0.0000000 0.0000000 0.0000000 0.1348396
 10 K  10 0.0000000 0.0574691 0.0000000 0.0000000 0.0000000 0.0000000 0.0000000 0.0000000 0.0000000 0.1729027 0.0000000 0.5118700 0.1431820 0.0139029 0.0000000 0.0000000 0.0000000 0.0000000 0.0000000 0.0000000 0.1006733
 11 A  11 0.5719235 0.0000000 0.0000000 0.0000000 0.0000000 0.0000000 0.0000000 0.0000000 0.0000000 0.0000000 0.0000000 0.0000000 0.0000000 0.0000000 0.0000000 0.0000000 0.0595717 0.0000000 0.0000000 0.2678315 0.1006733
 12 K  12 0.0000000 0.0311730 0.0000000 0.0000000 0.0000000 0.0669180 0.0549504 0.0000000 0.0000000 0.0000000 0.0000000 0.7387575 0.0169767 0.0000000 0.0000000 0.0000000 0.0000000 0.0000000 0.0000000 0.0000000 0.0912244
 13 E  13 0.0000000 0.0000000 0.0000000 0.1359099 0.0000000 0.0000000 0.6185569 0.0000000 0.0000000 0.0000000 0.0000000 0.1543088 0.0000000 0.0000000 0.0000000 0.0000000 0.0000000 0.0000000 0.0000000 0.0000000 0.0912244
 14 G  14 0.0000000 0.0000000 0.0151439 0.0273701 0.0000000 0.0000000 0.0549504 0.7957029 0.0000000 0.0000000 0.0000000 0.0000000 0.0000000 0.0000000 0.0000000 0.0000000 0.0000000 0.0000000 0.0000000 0.0156083 0.0912244
 15 V  15 0.0914233 0.0000000 0.0000000 0.0000000 0.0000000 0.0000000 0.0000000 0.0000000 0.0000000 0.0848392 0.0000000 0.0000000 0.0781110 0.0000000 0.0000000 0.0000000 0.1156277 0.0000000 0.0000000 0.5387744 0.0912244
 16 V  16 0.0781110 0.0000000 0.0000000 0.0000000 0.0000000 0.0151439 0.0260849 0.0000000 0.0322017 0.0000000 0.0000000 0.2146307 0.0000000 0.0000000 0.0000000 0.0689122 0.0000000 0.0000000 0.0000000 0.4736912 0.0912244
 17 A  17 0.3692957 0.0000000 0.1633434 0.0000000 0.0000000 0.0000000 0.0574691 0.1227527 0.0000000 0.0373109 0.0000000 0.0979288 0.0000000 0.0000000 0.0000000 0.0230882 0.0000000 0.0000000 0.0000000 0.0375867 0.0912244
 18 A  18 0.7103852 0.0000000 0.0000000 0.0000000 0.0000000 0.0000000 0.0000000 0.1983904 0.0000000 0.0000000 0.0000000 0.0000000 0.0000000 0.0000000 0.0000000 0.0000000 0.0000000 0.0000000 0.0000000 0.0000000 0.0912244
 19 A  19 0.5554308 0.0000000 0.0156083 0.0000000 0.0000000 0.0000000 0.0000000 0.0000000 0.0000000 0.1676382 0.0151439 0.0000000 0.0000000 0.0000000 0.0000000 0.0000000 0.0000000 0.0322017 0.0000000 0.1227527 0.0912244
 20 E  20 0.0000000 0.0000000 0.1827821 0.0478100 0.0000000 0.0000000 0.5657640 0.0000000 0.0000000 0.0000000 0.0000000 0.0549504 0.0000000 0.0000000 0.0000000 0.0000000 0.0000000 0.0000000 0.0000000 0.0574691 0.0912244
 21 K  21 0.0000000 0.0000000 0.0000000 0.0000000 0.0000000 0.0000000 0.0000000 0.0000000 0.0000000 0.0416932 0.0000000 0.8532800 0.0138024 0.0000000 0.0000000 0.0000000 0.0000000 0.0000000 0.0000000 0.0000000 0.0912244
 22 T  22 0.0000000 0.0000000 0.0000000 0.0000000 0.0000000 0.0000000 0.0000000 0.0000000 0.0000000 0.0574691 0.0000000 0.0000000 0.0000000 0.0000000 0.0000000 0.0000000 0.6253358 0.0000000 0.0000000 0.2259707 0.0912244
 23 K  23 0.0000000 0.0322017 0.0000000 0.0000000 0.0000000 0.0000000 0.0549504 0.0000000 0.0000000 0.0000000 0.0000000 0.8216235 0.0000000 0.0000000 0.0000000 0.0000000 0.0000000 0.0000000 0.0000000 0.0000000 0.0912244
 24 Q  24 0.0841856 0.0000000 0.0000000 0.0189323 0.0000000 0.4218247 0.2460177 0.0000000 0.0000000 0.0000000 0.0000000 0.1378153 0.0000000 0.0000000 0.0000000 0.0000000 0.0000000 0.0000000 0.0000000 0.0000000 0.0912244
 25 G  25 0.0000000 0.0000000 0.0156083 0.0273701 0.0000000 0.0000000 0.0549504 0.7924895 0.0000000 0.0000000 0.0000000 0.0000000 0.0000000 0.0000000 0.0000000 0.0183573 0.0000000 0.0000000 0.0000000 0.0000000 0.0912244
 26 V  26 0.0861523 0.0000000 0.0000000 0.0000000 0.0000000 0.0000000 0.0000000 0.0000000 0.0000000 0.0000000 0.0000000 0.0000000 0.0173042 0.0000000 0.0000000 0.0000000 0.1131518 0.0000000 0.0000000 0.6921674 0.0912244
 27 A  27 0.1875046 0.0574691 0.0260849 0.0000000 0.0000000 0.0295112 0.1353195 0.0000000 0.0000000 0.0000000 0.0000000 0.1377648 0.0000000 0.0000000 0.0000000 0.0733077 0.2618136 0.0000000 0.0000000 0.0000000 0.0912244
 28 E  28 0.0000000 0.0000000 0.1284767 0.1211293 0.0000000 0.0000000 0.3880143 0.0717740 0.0000000 0.0156083 0.0221670 0.1145222 0.0000000 0.0000000 0.0000000 0.0094970 0.0000000 0.0000000 0.0000000 0.0375867 0.0912244
 29 A  29 0.6232331 0.0000000 0.0000000 0.0000000 0.0000000 0.0000000 0.0000000 0.2259707 0.0273701 0.0000000 0.0000000 0.0000000 0.0000000 0.0000000 0.0000000 0.0000000 0.0322017 0.0000000 0.0000000 0.0000000 0.0912244
 30 A  30 0.6207145 0.0000000 0.0000000 0.0000000 0.0000000 0.0000000 0.0000000 0.0000000 0.0000000 0.1293271 0.0156083 0.0260849 0.0000000 0.0000000 0.0000000 0.0574691 0.0000000 0.0322017 0.0000000 0.0273701 0.0912244
 31 G  31 0.0598777 0.0000000 0.1710203 0.0322017 0.0000000 0.0000000 0.3763629 0.1626846 0.0000000 0.0000000 0.0119761 0.0823205 0.0000000 0.0000000 0.0000000 0.0000000 0.0123317 0.0000000 0.0000000 0.0000000 0.0912244
 32 K  32 0.0000000 0.0693041 0.0273701 0.0000000 0.0000000 0.0549504 0.0000000 0.0000000 0.0000000 0.0189323 0.0000000 0.6982136 0.0400050 0.0000000 0.0000000 0.0000000 0.0000000 0.0000000 0.0000000 0.0000000 0.0912244
 33 T  33 0.0000000 0.0000000 0.0000000 0.0000000 0.0000000 0.0000000 0.0000000 0.0000000 0.0000000 0.0260849 0.0000000 0.0000000 0.0000000 0.0000000 0.0000000 0.0000000 0.6253358 0.0000000 0.0000000 0.2573549 0.0912244
 34 K  34 0.0000000 0.0000000 0.0000000 0.0000000 0.0000000 0.0574691 0.0549504 0.0000000 0.0000000 0.0000000 0.0000000 0.7963561 0.0000000 0.0000000 0.0000000 0.0000000 0.0000000 0.0000000 0.0000000 0.0000000 0.0912244
 35 E  35 0.0000000 0.0000000 0.0000000 0.0715776 0.0000000 0.0000000 0.7220508 0.0000000 0.0000000 0.0000000 0.0000000 0.1151473 0.0000000 0.0000000 0.0000000 0.0000000 0.0000000 0.0000000 0.0000000 0.0000000 0.0912244
 36 G  36 0.0000000 0.0000000 0.0574691 0.0000000 0.0000000 0.0000000 0.0549504 0.7689860 0.0000000 0.0000000 0.0000000 0.0273701 0.0000000 0.0000000 0.0000000 0.0000000 0.0000000 0.0000000 0.0000000 0.0000000 0.0912244
 37 V  37 0.1292783 0.0000000 0.0000000 0.0000000 0.0000000 0.0000000 0.0000000 0.0273701 0.0000000 0.0000000 0.0574691 0.0000000 0.0000000 0.0143637 0.0000000 0.0582866 0.0738422 0.0000000 0.0000000 0.5625293 0.0768607
 38 L  38 0.0000000 0.0000000 0.0189323 0.0000000 0.0000000 0.0574691 0.0176108 0.0000000 0.0322017 0.0367599 0.1712447 0.1618473 0.3452350 0.0000000 0.0000000 0.0549504 0.0119761 0.0000000 0.0000000 0.0283255 0.0634472
 39 Y  39 0.0139618 0.0000000 0.1513607 0.0949050 0.0000000 0.0000000 0.0000000 0.0000000 0.0000000 0.0000000 0.0000000 0.0871521 0.0000000 0.1010969 0.0000000 0.0095938 0.0000000 0.0000000 0.4784826 0.0000000 0.0634472
 40 V  40 0.0000000 0.0000000 0.0000000 0.0000000 0.0000000 0.0000000 0.0000000 0.2259707 0.0000000 0.0221670 0.0273701 0.0000000 0.0183573 0.0000000 0.0000000 0.0000000 0.0000000 0.0000000 0.0000000 0.6426876 0.0634472
 41 G  41 0.0549504 0.0000000 0.0000000 0.0000000 0.0000000 0.0000000 0.0000000 0.5977270 0.0000000 0.1520880 0.0000000 0.0189323 0.0000000 0.0000000 0.0000000 0.0000000 0.0848392 0.0322017 0.0000000 0.0000000 0.0592614
 42 S  42 0.1236186 0.0273701 0.2830911 0.0110800 0.0000000 0.0000000 0.0000000 0.0574691 0.0000000 0.0000000 0.0000000 0.0549504 0.0000000 0.0169767 0.0000000 0.1856609 0.1794041 0.0000000 0.0000000 0.0061217 0.0542572
 43 K  43 0.0000000 0.0349536 0.0000000 0.0000000 0.0000000 0.0000000 0.0000000 0.0110800 0.0000000 0.0345875 0.0000000 0.8651216 0.0000000 0.0000000 0.0000000 0.0000000 0.0000000 0.0000000 0.0000000 0.0000000 0.0542572
 44 T  44 0.0767164 0.0000000 0.0000000 0.0000000 0.0000000 0.0000000 0.0000000 0.0000000 0.0000000 0.0359090 0.0260849 0.0000000 0.0000000 0.0000000 0.0158572 0.0000000 0.5416726 0.0000000 0.0000000 0.2495026 0.0542572
 45 K  45 0.0000000 0.0409180 0.0000000 0.0000000 0.0000000 0.1009356 0.0708076 0.0110800 0.0000000 0.0000000 0.0000000 0.6574238 0.0323761 0.0000000 0.0000000 0.0322017 0.0000000 0.0000000 0.0000000 0.0000000 0.0542572
 46 E  46 0.0000000 0.0158572 0.0260849 0.2405548 0.0000000 0.0000000 0.4901701 0.0110800 0.0000000 0.0000000 0.0000000 0.1324789 0.0000000 0.0000000 0.0169767 0.0000000 0.0000000 0.0000000 0.0000000 0.0000000 0.0667974
 47 G  47 0.0000000 0.0000000 0.0882895 0.0000000 0.0000000 0.0000000 0.0810354 0.6495843 0.0000000 0.0000000 0.0000000 0.0000000 0.0000000 0.0000000 0.0000000 0.0717453 0.0000000 0.0000000 0.0000000 0.0273701 0.0819754
 48 V  48 0.0343285 0.0000000 0.0000000 0.0000000 0.0000000 0.0000000 0.0000000 0.0000000 0.0000000 0.0574691 0.0000000 0.0000000 0.0314135 0.0169767 0.0000000 0.0189323 0.1062654 0.0000000 0.0000000 0.6415590 0.0930554
 49 V  49 0.0264722 0.0000000 0.0176108 0.0260849 0.0000000 0.0000000 0.0000000 0.0364433 0.0000000 0.0000000 0.0169767 0.2121638 0.0000000 0.0000000 0.0000000 0.0549504 0.0000000 0.0000000 0.0000000 0.4551158 0.1541821
 50 H  50 0.0194373 0.0000000 0.1119698 0.0871259 0.0000000 0.2476387 0.0000000 0.0000000 0.1239791 0.0000000 0.0000000 0.1084055 0.0000000 0.0000000 0.0169767 0.0948170 0.0354679 0.0000000 0.0000000 0.0000000 0.1541821
 51 G  51 0.0221670 0.0000000 0.0574691 0.0000000 0.0000000 0.0000000 0.0000000 0.4962174 0.0000000 0.0000000 0.0000000 0.0000000 0.0000000 0.0169767 0.0110800 0.2706724 0.0000000 0.0000000 0.0000000 0.0000000 0.1254173
 52 V  52 0.0549504 0.0000000 0.0273701 0.0000000 0.0000000 0.0000000 0.0000000 0.0000000 0.0000000 0.1273246 0.0574691 0.0567545 0.0168501 0.0000000 0.0000000 0.0000000 0.0000000 0.0000000 0.0000000 0.5085076 0.1507736
 53 A  53 0.0986987 0.0000000 0.3252836 0.0495371 0.0000000 0.0000000 0.0322017 0.0000000 0.0000000 0.0000000 0.0000000 0.0549504 0.0000000 0.0000000 0.0574691 0.0323114 0.2820612 0.0000000 0.0000000 0.0000000 0.0674869
 54 T  54 0.0000000 0.0000000 0.0574691 0.0000000 0.0000000 0.0000000 0.0000000 0.0000000 0.0000000 0.0273701 0.0221670 0.2581724 0.0000000 0.0000000 0.0000000 0.2429938 0.3111637 0.0000000 0.0000000 0.0131770 0.0674869
 55 V  55 0.0653060 0.0000000 0.0000000 0.0000000 0.0000000 0.0000000 0.0000000 0.0000000 0.0000000 0.0176108 0.0359090 0.0000000 0.0000000 0.0000000 0.0000000 0.0000000 0.0000000 0.0000000 0.0000000 0.8133199 0.0678543
 56 A  56 0.5757302 0.0107079 0.0000000 0.0000000 0.0000000 0.0000000 0.0719272 0.0221670 0.0000000 0.0000000 0.0000000 0.1983904 0.0000000 0.0000000 0.0000000 0.0000000 0.0233215 0.0322017 0.0000000 0.0119761 0.0535781
 57 E  57 0.0000000 0.0000000 0.0501861 0.0496399 0.0000000 0.0545497 0.5291481 0.1114359 0.0123317 0.0000000 0.0000000 0.1169635 0.0000000 0.0000000 0.0000000 0.0000000 0.0000000 0.0000000 0.0000000 0.0000000 0.0757451
 58 K  58 0.0000000 0.0987416 0.0273701 0.0000000 0.0000000 0.0000000 0.1015673 0.1260031 0.0000000 0.0000000 0.0000000 0.5444879 0.0000000 0.0000000 0.0000000 0.0000000 0.0000000 0.0000000 0.0260849 0.0000000 0.0757451
 59 T  59 0.1220239 0.0000000 0.0000000 0.0107079 0.0000000 0.0000000 0.0000000 0.0000000 0.0000000 0.0000000 0.0000000 0.0000000 0.0142762 0.0000000 0.0000000 0.0176108 0.6113076 0.0000000 0.0000000 0.1313519 0.0927218
 60 K  60 0.0000000 0.0127503 0.0000000 0.0189323 0.0000000 0.1109241 0.0174383 0.0000000 0.0000000 0.0000000 0.0107079 0.5434348 0.0000000 0.0000000 0.0000000 0.0549504 0.0668814 0.0000000 0.0000000 0.0712587 0.0927218
 61 E  61 0.0000000 0.0000000 0.1089597 0.1923684 0.0000000 0.0000000 0.4490839 0.0000000 0.0000000 0.0273701 0.0000000 0.0738827 0.0000000 0.0000000 0.0000000 0.0556133 0.0000000 0.0000000 0.0000000 0.0000000 0.0927218
 62 Q  62 0.0000000 0.0000000 0.0000000 0.0000000 0.0000000 0.4902898 0.0000000 0.3395093 0.0000000 0.0000000 0.0000000 0.0574691 0.0000000 0.0000000 0.0000000 0.0118350 0.0000000 0.0000000 0.0000000 0.0000000 0.1008968
 63 V  63 0.4351108 0.0000000 0.0000000 0.0000000 0.0000000 0.0000000 0.0000000 0.0000000 0.0000000 0.1260031 0.0273701 0.0000000 0.0000000 0.0574691 0.0000000 0.0322017 0.0094186 0.0208902 0.0000000 0.1906397 0.1008968
 64 T  64 0.0000000 0.0322017 0.5194118 0.0000000 0.0208902 0.0257968 0.0000000 0.0000000 0.0000000 0.0000000 0.0000000 0.0549504 0.0000000 0.0000000 0.0000000 0.1781424 0.0677100 0.0000000 0.0000000 0.0000000 0.1008968
 65 N  65 0.1184017 0.0000000 0.1198937 0.0574691 0.0000000 0.1200823 0.0000000 0.0000000 0.0528514 0.0924372 0.0319055 0.2420193 0.0076325 0.0000000 0.0000000 0.0000000 0.0000000 0.0000000 0.0000000 0.0564105 0.1008968
 66 V  66 0.0505589 0.0000000 0.0000000 0.0000000 0.0000000 0.0000000 0.0000000 0.0000000 0.0000000 0.0123317 0.1035645 0.0000000 0.0125104 0.0142762 0.0000000 0.0000000 0.0000000 0.0000000 0.0000000 0.7242187 0.0825395
 67 G  67 0.0229575 0.0000000 0.0000000 0.0000000 0.0000000 0.0000000 0.0549504 0.4231176 0.0000000 0.0000000 0.0000000 0.1983904 0.0000000 0.0000000 0.0000000 0.1858429 0.0000000 0.0322017 0.0000000 0.0000000 0.0825395
 68 G  68 0.0000000 0.0000000 0.0645859 0.1273368 0.0000000 0.0000000 0.2711159 0.3474606 0.0000000 0.0000000 0.0000000 0.1069614 0.0000000 0.0000000 0.0000000 0.0000000 0.0000000 0.0000000 0.0000000 0.0000000 0.0825395
 69 A  69 0.5363032 0.0000000 0.0000000 0.0000000 0.0000000 0.0000000 0.0725612 0.1618473 0.0000000 0.0000000 0.0000000 0.0530918 0.0000000 0.0000000 0.0000000 0.0138844 0.0553296 0.0000000 0.0189323 0.0055106 0.0825395
 70 V  70 0.1581949 0.0000000 0.0000000 0.0000000 0.0000000 0.0000000 0.0000000 0.0000000 0.0000000 0.0574691 0.0000000 0.0000000 0.0467662 0.0000000 0.0000000 0.0000000 0.1594950 0.0000000 0.0000000 0.4955353 0.0825395
 71 V  71 0.0000000 0.0000000 0.0174383 0.0176108 0.0000000 0.0189323 0.0113510 0.0000000 0.0000000 0.0260849 0.0000000 0.1853324 0.0204149 0.0655388 0.0000000 0.0871521 0.0000000 0.0000000 0.0000000 0.4533288 0.0968157
 72 T  72 0.0968770 0.0549504 0.1827332 0.0874857 0.0000000 0.0000000 0.0322017 0.0353443 0.0000000 0.0000000 0.0000000 0.0176108 0.0109373 0.0000000 0.0000000 0.2111920 0.1738518 0.0000000 0.0000000 0.0000000 0.0968157
 73 G  73 0.0810354 0.0000000 0.0574691 0.0000000 0.0000000 0.0000000 0.0000000 0.5270047 0.0000000 0.0000000 0.0000000 0.0000000 0.0000000 0.0000000 0.0000000 0.1646244 0.0000000 0.0000000 0.0000000 0.0000000 0.1698664
 74 V  74 0.1120969 0.0000000 0.0000000 0.0000000 0.0000000 0.0000000 0.0000000 0.0000000 0.0000000 0.1277729 0.0835540 0.0174383 0.0000000 0.0000000 0.0000000 0.0549504 0.0322017 0.0000000 0.0000000 0.4021193 0.1698664
 75 T  75 0.0000000 0.0000000 0.4616545 0.0000000 0.0000000 0.0000000 0.0582866 0.0337932 0.0000000 0.0000000 0.0000000 0.0000000 0.0000000 0.0000000 0.0574691 0.0000000 0.2189302 0.0000000 0.0000000 0.0000000 0.1698664
 76 A  76 0.1595843 0.0000000 0.0000000 0.1385045 0.0000000 0.0396153 0.0861590 0.0000000 0.0322017 0.0113510 0.0000000 0.1420222 0.0000000 0.0000000 0.0000000 0.0183573 0.1903623 0.0000000 0.0000000 0.0119761 0.1698664
 77 V  77 0.0702627 0.0000000 0.0000000 0.0000000 0.0000000 0.0000000 0.0000000 0.0000000 0.0000000 0.0174383 0.0194373 0.0000000 0.0000000 0.0000000 0.0000000 0.0000000 0.0000000 0.0000000 0.0000000 0.7229953 0.1698664
 78 A  78 0.4862308 0.0000000 0.0000000 0.0000000 0.0000000 0.0000000 0.0000000 0.0119761 0.0000000 0.0260849 0.0000000 0.1723054 0.0000000 0.0000000 0.0000000 0.0553160 0.0000000 0.0322017 0.0000000 0.0549504 0.1609346
 79 Q  79 0.0000000 0.0000000 0.0738961 0.0107245 0.0000000 0.2613030 0.1363801 0.0693041 0.0432519 0.0061217 0.0000000 0.0925415 0.0000000 0.0000000 0.0000000 0.0211725 0.1149211 0.0000000 0.0000000 0.0094489 0.1609346
 80 K  80 0.0418795 0.0574691 0.0119761 0.0000000 0.0000000 0.0333217 0.0810354 0.1546947 0.0000000 0.0000000 0.0000000 0.4287464 0.0000000 0.0000000 0.0000000 0.0123317 0.0000000 0.0000000 0.0176108 0.0000000 0.1609346
 81 T  81 0.1006058 0.0000000 0.0000000 0.0000000 0.0000000 0.0000000 0.0000000 0.0078855 0.0000000 0.0260849 0.0000000 0.0000000 0.0000000 0.0549504 0.0000000 0.0174383 0.5632803 0.0000000 0.0000000 0.0688201 0.1609346
 82 V  82 0.0000000 0.0000000 0.0113510 0.0000000 0.0000000 0.0176108 0.0107245 0.0000000 0.0000000 0.0189323 0.0000000 0.2583081 0.0000000 0.0000000 0.0000000 0.0260849 0.0337932 0.0000000 0.0000000 0.4622606 0.1609346
 83 E  83 0.0000000 0.0549504 0.1453702 0.0844044 0.0000000 0.0245876 0.4698747 0.0559602 0.0000000 0.0000000 0.0000000 0.0260849 0.0000000 0.0000000 0.0000000 0.0000000 0.0000000 0.0000000 0.0000000 0.0000000 0.1387676
 84 G  84 0.0748925 0.0000000 0.0000000 0.0000000 0.0000000 0.0000000 0.1679105 0.5936902 0.0000000 0.0000000 0.0000000 0.0000000 0.0000000 0.0000000 0.0260849 0.0271388 0.0000000 0.0000000 0.0000000 0.0000000 0.1102830
 85 A  85 0.4026182 0.0000000 0.0000000 0.0000000 0.0000000 0.0000000 0.0000000 0.0000000 0.0000000 0.1244114 0.0434189 0.0113510 0.0545074 0.0000000 0.0000000 0.0000000 0.1339201 0.0000000 0.0000000 0.1194901 0.1102830
 86 G  86 0.0000000 0.0549504 0.1533731 0.0000000 0.0000000 0.0000000 0.3677721 0.3278975 0.0000000 0.0000000 0.0000000 0.0000000 0.0000000 0.0000000 0.0000000 0.0000000 0.0000000 0.0000000 0.0000000 0.0000000 0.0960067
 87 S  87 0.0000000 0.0549504 0.6468811 0.0189323 0.0000000 0.0176108 0.0000000 0.0000000 0.0000000 0.0107245 0.0000000 0.1250379 0.0000000 0.0000000 0.0000000 0.0426189 0.0447065 0.0000000 0.0000000 0.0000000 0.0385376
 88 I  88 0.0745965 0.0549504 0.0000000 0.0000000 0.0000000 0.0000000 0.0000000 0.0000000 0.0000000 0.4225863 0.1009923 0.0000000 0.0402863 0.0188110 0.0000000 0.0000000 0.0000000 0.0000000 0.0000000 0.2303071 0.0574699
 89 A  89 0.5045368 0.0000000 0.0000000 0.0000000 0.0000000 0.0000000 0.0000000 0.0000000 0.0000000 0.0000000 0.0000000 0.1533731 0.0000000 0.0000000 0.0000000 0.1124195 0.0000000 0.0000000 0.0000000 0.1461157 0.0835549
 90 A  90 0.4251924 0.0000000 0.0176108 0.0099092 0.0000000 0.0000000 0.1783205 0.0072696 0.0322017 0.0155706 0.0049144 0.0425139 0.0000000 0.0000000 0.0000000 0.0412596 0.0000000 0.0000000 0.0000000 0.1416824 0.0835549
 91 A  91 0.3725959 0.0000000 0.0194373 0.0496399 0.0000000 0.0000000 0.0000000 0.1359349 0.0000000 0.0000000 0.0000000 0.0000000 0.0000000 0.0000000 0.0000000 0.0932694 0.1331482 0.0000000 0.0000000 0.1124195 0.0835549
 92 T  92 0.0923353 0.0000000 0.0000000 0.0000000 0.0000000 0.0000000 0.0000000 0.0000000 0.0102312 0.0000000 0.0000000 0.0174383 0.0000000 0.0000000 0.0000000 0.1416213 0.6118929 0.0000000 0.0000000 0.0322017 0.0942794
 93 G  93 0.0000000 0.0000000 0.0000000 0.0000000 0.0000000 0.0000000 0.0000000 0.7702791 0.0000000 0.0000000 0.0000000 0.0000000 0.0000000 0.0000000 0.0000000 0.0000000 0.0000000 0.0102312 0.0000000 0.0000000 0.2194898
 94 F  94 0.0000000 0.0549504 0.0000000 0.0000000 0.0000000 0.0000000 0.0000000 0.0000000 0.0000000 0.0447209 0.3181253 0.0574691 0.0119761 0.0860546 0.0000000 0.0000000 0.0000000 0.0000000 0.0000000 0.1750121 0.2516914
 95 V  95 0.0000000 0.0000000 0.0174383 0.0000000 0.0000000 0.0000000 0.0549504 0.0323982 0.0139618 0.0283133 0.0094186 0.0000000 0.0118350 0.0000000 0.0000000 0.0000000 0.0000000 0.0000000 0.0000000 0.5799929 0.2516914
 96 K  96 0.0139618 0.1049995 0.0392990 0.0000000 0.0000000 0.1124195 0.0220662 0.0094186 0.0079606 0.0000000 0.0000000 0.4012762 0.0000000 0.0000000 0.0000000 0.0369071 0.0000000 0.0000000 0.0000000 0.0000000 0.2516914
 97 K  97 0.0000000 0.0264628 0.0000000 0.0000000 0.0000000 0.0506911 0.0102312 0.0000000 0.0000000 0.0000000 0.0262346 0.5564188 0.0138844 0.0000000 0.0363216 0.0000000 0.0106258 0.0000000 0.0000000 0.0174383 0.2516914
 98 D  98 0.0000000 0.0000000 0.0000000 0.3101614 0.0000000 0.0000000 0.3206075 0.0484501 0.0000000 0.0000000 0.0000000 0.0174383 0.0000000 0.0000000 0.0000000 0.0000000 0.0118350 0.0000000 0.0000000 0.0109373 0.2805702
 99 Q  99 0.0079606 0.0139618 0.0574691 0.1403811 0.0000000 0.1148236 0.3236600 0.0000000 0.0000000 0.0000000 0.0000000 0.0000000 0.0000000 0.0000000 0.0502362 0.0109373 0.0000000 0.0000000 0.0000000 0.0000000 0.2805702
100 L 100 0.0497855 0.0000000 0.0000000 0.0000000 0.0000000 0.0000000 0.0194373 0.0131770 0.0139029 0.0000000 0.2778538 0.0250541 0.0313552 0.1681663 0.0851428 0.0000000 0.0000000 0.0000000 0.0253238 0.0102312 0.2805702
101 G 101 0.0392220 0.0135254 0.0549504 0.0841982 0.0000000 0.0061217 0.1039073 0.1420869 0.0345674 0.0000000 0.0000000 0.0607158 0.0000000 0.0000000 0.1434228 0.0000000 0.0000000 0.0000000 0.0000000 0.0168501 0.3004319
102 K 102 0.1412210 0.0139029 0.0000000 0.0549504 0.0000000 0.1072001 0.0139618 0.0000000 0.0126588 0.0125104 0.0000000 0.0902068 0.0702364 0.0000000 0.1012259 0.0384824 0.0430112 0.0000000 0.0000000 0.0000000 0.3004319
103 N 103 0.0000000 0.0000000 0.1171166 0.1002875 0.0000000 0.0218700 0.0599656 0.1296574 0.0000000 0.0000000 0.0000000 0.0183573 0.0000000 0.0000000 0.0778690 0.0502386 0.0776921 0.0000000 0.0000000 0.0423948 0.3045511
104 E 104 0.1020762 0.0000000 0.0088652 0.0339214 0.0109373 0.0474859 0.0827172 0.0000000 0.0000000 0.0139029 0.0589979 0.0714309 0.0173205 0.0110923 0.1660050 0.0123317 0.0000000 0.0000000 0.0270531 0.0138734 0.3219893
105 E 105 0.0194562 0.0000000 0.0104075 0.0400050 0.0000000 0.0186803 0.2401261 0.0354378 0.0000000 0.0000000 0.0328508 0.0404398 0.0000000 0.0000000 0.1543488 0.0000000 0.0000000 0.0000000 0.0000000 0.0574691 0.3507786
106 G 106 0.0949272 0.0728007 0.0000000 0.0272437 0.0000000 0.1016838 0.1308358 0.0622418 0.0000000 0.0000000 0.0000000 0.0123317 0.0000000 0.0000000 0.0880381 0.0079606 0.0138024 0.0000000 0.0000000 0.0125104 0.3756237
107 A 107 0.0602366 0.0000000 0.0000000 0.0000000 0.0000000 0.1079574 0.2113157 0.0000000 0.0000000 0.0000000 0.0400792 0.0000000 0.0183573 0.0000000 0.0109373 0.0130256 0.0850136 0.0000000 0.0835013 0.0125104 0.3570657
108 P 108 0.0626997 0.0000000 0.0069130 0.0169928 0.0000000 0.0625829 0.1390125 0.1620668 0.0000000 0.0000000 0.0000000 0.0319478 0.0000000 0.0104075 0.1086443 0.0138024 0.0139618 0.0000000 0.0000000 0.0000000 0.3709686
109 Q 109 0.0424512 0.0109373 0.0000000 0.0174094 0.0000000 0.1940544 0.0310161 0.0626694 0.0125104 0.0000000 0.0345175 0.0197151 0.0000000 0.0000000 0.0467878 0.0000000 0.0180052 0.0185580 0.0574691 0.0657971 0.3681018
110 E 110 0.0571311 0.0076325 0.0000000 0.0138024 0.0069130 0.0449962 0.3221903 0.0183573 0.0000000 0.0000000 0.0000000 0.0172552 0.0199575 0.0000000 0.0548094 0.0000000 0.0000000 0.0000000 0.0000000 0.0688533 0.3681018
111 G 111 0.1627620 0.0223981 0.0829778 0.0269100 0.0069130 0.0284860 0.0804387 0.0578463 0.0183573 0.0000000 0.0076325 0.0291838 0.0000000 0.0000000 0.0109373 0.0687528 0.0000000 0.0000000 0.0000000 0.0283026 0.3681018
112 I 112 0.1057955 0.0000000 0.0199575 0.0000000 0.0000000 0.0203168 0.0707044 0.0109373 0.0000000 0.0936349 0.0000000 0.0334782 0.1369146 0.0000000 0.0609253 0.0638822 0.0182445 0.0000000 0.0000000 0.0130256 0.3521832
113 L 113 0.0655197 0.0094489 0.0088652 0.0380010 0.0000000 0.0000000 0.1454841 0.0680258 0.0000000 0.0052860 0.0599547 0.0871117 0.0077188 0.0000000 0.0125104 0.0296503 0.0722709 0.0000000 0.0000000 0.0256374 0.3645149
114 E 114 0.0764112 0.0000000 0.0574691 0.0000000 0.0000000 0.0254438 0.2546169 0.0743175 0.0000000 0.0000000 0.0203264 0.0277053 0.0000000 0.0000000 0.0535118 0.0194373 0.0088652 0.0000000 0.0000000 0.0173806 0.3645149
115 D 115 0.0415578 0.0574691 0.0110923 0.0768203 0.0205121 0.0233518 0.1952559 0.0782113 0.0000000 0.0000000 0.0000000 0.0089318 0.0000000 0.0000000 0.0667855 0.0371399 0.0000000 0.0000000 0.0000000 0.0000000 0.3828722
116 M 116 0.1911008 0.0000000 0.0000000 0.0000000 0.0000000 0.0000000 0.0627550 0.0232846 0.0000000 0.0000000 0.0000000 0.0660305 0.0804478 0.0000000 0.0830352 0.0332397 0.0344150 0.0000000 0.0000000 0.0206830 0.4050083
117 P 117 0.0333591 0.0000000 0.0205121 0.0242570 0.0000000 0.0301276 0.0896835 0.0310685 0.0000000 0.0000000 0.0592737 0.0000000 0.0521505 0.0000000 0.1910381 0.0549504 0.0139029 0.0000000 0.0000000 0.0130256 0.3866510
118 V 118 0.0487807 0.0221670 0.0000000 0.0130256 0.0000000 0.1177864 0.0685491 0.0194373 0.0205121 0.0000000 0.0517323 0.0000000 0.0413346 0.0000000 0.0000000 0.0369153 0.0000000 0.0000000 0.0000000 0.1437973 0.4159621
119 D 119 0.0390915 0.0000000 0.0110923 0.2021465 0.0000000 0.0126588 0.0992541 0.0000000 0.0000000 0.0000000 0.0000000 0.0078064 0.0000000 0.0000000 0.0205121 0.0454271 0.1335386 0.0000000 0.0000000 0.0000000 0.4284726
120 P 120 0.0138844 0.0760271 0.0000000 0.0456400 0.0000000 0.0000000 0.0830591 0.0118350 0.0221670 0.0000000 0.0000000 0.0000000 0.0000000 0.0000000 0.2646317 0.0078064 0.0214349 0.0000000 0.0000000 0.0000000 0.4535144
121 D 121 0.0000000 0.0205121 0.0110923 0.0932576 0.0000000 0.0106258 0.2245969 0.0348215 0.0000000 0.0000000 0.0713720 0.0000000 0.0000000 0.0194373 0.0262026 0.0206830 0.0138844 0.0000000 0.0000000 0.0000000 0.4535144
122 N 122 0.0679593 0.0000000 0.0571182 0.0000000 0.0000000 0.0000000 0.0138844 0.2568947 0.0000000 0.0000000 0.0205121 0.0000000 0.0000000 0.0000000 0.0430519 0.0261612 0.0286436 0.0000000 0.0000000 0.0322602 0.4535144
123 E 123 0.0000000 0.0126588 0.0000000 0.0783011 0.0000000 0.0633619 0.2467030 0.0280786 0.0000000 0.0205121 0.0000000 0.0723599 0.0000000 0.0000000 0.0000000 0.0000000 0.0138844 0.0000000 0.0000000 0.0000000 0.4641402
124 A 124 0.2040426 0.0000000 0.0238097 0.0000000 0.0000000 0.0000000 0.0000000 0.0270698 0.0126588 0.0000000 0.0000000 0.0000000 0.0000000 0.0000000 0.0000000 0.1350276 0.0917362 0.0000000 0.0000000 0.0130256 0.4926296
125 Y 125 0.0927451 0.0000000 0.0000000 0.0000000 0.0000000 0.0000000 0.0000000 0.0000000 0.0000000 0.0000000 0.0390702 0.0000000 0.0000000 0.0000000 0.0138844 0.0126588 0.0539079 0.0000000 0.2304998 0.0000000 0.5572339
126 E 126 0.0000000 0.0205121 0.0000000 0.1381130 0.0000000 0.0185580 0.2207645 0.0000000 0.0310161 0.0000000 0.0000000 0.0000000 0.0000000 0.0000000 0.0000000 0.0000000 0.0000000 0.0000000 0.0000000 0.0000000 0.5710363
127 M 127 0.0139029 0.0000000 0.0000000 0.1477089 0.0000000 0.0194373 0.1184592 0.0138844 0.0000000 0.0000000 0.0185580 0.0000000 0.0638421 0.0000000 0.0000000 0.0126588 0.0000000 0.0000000 0.0000000 0.0205121 0.5710363
128 P 128 0.0294447 0.0000000 0.0325745 0.0262026 0.0000000 0.0549504 0.0138844 0.0000000 0.0000000 0.0574691 0.0185580 0.0205121 0.0000000 0.0000000 0.0871065 0.0417249 0.0281791 0.0000000 0.0183573 0.0000000 0.5710363
129 S 129 0.0131770 0.0000000 0.0138844 0.0000000 0.0000000 0.0806439 0.0688533 0.0194373 0.0000000 0.0000000 0.0000000 0.0574691 0.0000000 0.0000000 0.0609481 0.0882616 0.0183573 0.0000000 0.0000000 0.0000000 0.5789680
130 E 130 0.0000000 0.0965393 0.0000000 0.0262026 0.0000000 0.1756447 0.1099866 0.0000000 0.0000000 0.0000000 0.0000000 0.0000000 0.0000000 0.0000000 0.0000000 0.0000000 0.0126588 0.0000000 0.0000000 0.0000000 0.5789680
131 E 131 0.0000000 0.0000000 0.0000000 0.0231844 0.0000000 0.0000000 0.2625016 0.0688348 0.0000000 0.0000000 0.0000000 0.0000000 0.0000000 0.0000000 0.0000000 0.0000000 0.0139029 0.0000000 0.0205121 0.0000000 0.6110641
132 G 132 0.0185580 0.0205121 0.0183573 0.0100074 0.0000000 0.0364433 0.0382819 0.0500687 0.0000000 0.0000000 0.0000000 0.0574691 0.0000000 0.0000000 0.0000000 0.0991511 0.0000000 0.0000000 0.0000000 0.0000000 0.6511511
133 Y 133 0.0221670 0.0000000 0.0000000 0.0000000 0.0000000 0.0733077 0.0390702 0.0000000 0.0000000 0.0000000 0.0000000 0.0000000 0.0000000 0.0000000 0.0000000 0.0000000 0.0142762 0.0000000 0.1419242 0.0000000 0.7092547
134 Q 134 0.0000000 0.0000000 0.0000000 0.0185580 0.0000000 0.2200494 0.0000000 0.0000000 0.0205121 0.0000000 0.0000000 0.0000000 0.0000000 0.0000000 0.0000000 0.0000000 0.0000000 0.0000000 0.0758264 0.0000000 0.6650540
135 D 135 0.0549504 0.0000000 0.0000000 0.2203123 0.0000000 0.0000000 0.0206130 0.0000000 0.0000000 0.0000000 0.0000000 0.0000000 0.0000000 0.0000000 0.0000000 0.0205121 0.0185580 0.0000000 0.0000000 0.0000000 0.6650540
136 Y 136 0.0000000 0.0000000 0.0000000 0.0000000 0.0185580 0.0106056 0.0000000 0.0549504 0.0000000 0.0000000 0.0000000 0.0000000 0.0000000 0.0000000 0.0000000 0.0000000 0.0000000 0.0205121 0.1728506 0.0574691 0.6650540
137 E 137 0.0549504 0.0205121 0.0000000 0.0110923 0.0000000 0.0000000 0.1619591 0.0000000 0.0000000 0.0000000 0.0000000 0.0574691 0.0000000 0.0000000 0.0000000 0.0106056 0.0000000 0.0000000 0.0000000 0.0000000 0.6834113
138 P 138 0.0000000 0.0000000 0.0000000 0.0574691 0.0000000 0.0221670 0.0000000 0.0000000 0.0000000 0.0000000 0.0000000 0.0000000 0.0000000 0.0000000 0.2369526 0.0000000 0.0000000 0.0000000 0.0000000 0.0000000 0.6834113
139 E 139 0.0000000 0.0311178 0.0000000 0.0000000 0.0000000 0.0574691 0.2094438 0.0185580 0.0000000 0.0000000 0.0000000 0.0000000 0.0000000 0.0000000 0.0000000 0.0000000 0.0000000 0.0000000 0.0000000 0.0000000 0.6834113
140 A 140 0.2305205 0.0000000 0.0000000 0.0000000 0.0000000 0.0000000 0.0000000 0.0000000 0.0000000 0.0000000 0.0000000 0.0000000 0.0000000 0.0000000 0.0000000 0.0000000 0.0000000 0.0000000 0.0000000 0.0000000 0.7694795
