  140         A         R         N         D         C         Q         E         G         H         I         L         K         M         F         P         S         T         W         Y         V    
  1 M   1 0.0000000 0.0000000 0.0000000 0.0000000 0.0000000 0.0000000 0.0000000 0.0000000 0.0000000 0.0000000 0.0000000 0.0000000 1.0000000 0.0000000 0.0000000 0.0000000 0.0000000 0.0000000 0.0000000 0.0000000
  2 D   2 0.0000000 0.0000000 0.0000000 0.8793304 0.0000000 0.0000000 0.1206696 0.0000000 0.0000000 0.0000000 0.0000000 0.0000000 0.0000000 0.0000000 0.0000000 0.0000000 0.0000000 0.0000000 0.0000000 0.0000000
  3 V   3 0.1322988 0.0000000 0.0000000 0.0000000 0.0000000 0.0000000 0.0000000 0.0000000 0.0000000 0.0000000 0.0000000 0.0000000 0.1023103 0.0000000 0.0000000 0.0000000 0.0953790 0.0000000 0.0311744 0.6388375
  4 F   4 0.0000000 0.0000000 0.0000000 0.0000000 0.0000000 0.0000000 0.0000000 0.0000000 0.0000000 0.0000000 0.2296173 0.0000000 0.0000000 0.7473126 0.0000000 0.0000000 0.0000000 0.0000000 0.0000000 0.0230701
  5 M   5 0.0000000 0.0000000 0.0000000 0.0000000 0.0000000 0.0000000 0.0000000 0.0000000 0.0000000 0.0000000 0.0000000 0.5768904 0.4231096 0.0000000 0.0000000 0.0000000 0.0000000 0.0000000 0.0000000 0.0000000
  6 K   6 0.0000000 0.0000000 0.1166325 0.0949497 0.0000000 0.0000000 0.0000000 0.0000000 0.0000000 0.0000000 0.0000000 0.7776331 0.0000000 0.0000000 0.0000000 0.0107847 0.0000000 0.0000000 0.0000000 0.0000000
  7 G   7 0.0385574 0.0000000 0.0000000 0.0000000 0.0000000 0.0000000 0.0000000 0.7846326 0.0000000 0.0331768 0.0000000 0.0000000 0.0000000 0.0000000 0.0000000 0.0000000 0.0736261 0.0700071 0.0000000 0.0000000
  8 L   8 0.0700071 0.0000000 0.0178085 0.0000000 0.0000000 0.0000000 0.0000000 0.0000000 0.0000000 0.1797462 0.2246269 0.0000000 0.0000000 0.3956278 0.0000000 0.0736261 0.0000000 0.0385574 0.0000000 0.0000000
  9 S   9 0.0000000 0.0000000 0.1995904 0.0563659 0.0000000 0.0000000 0.0000000 0.0736261 0.0000000 0.0000000 0.0000000 0.0700071 0.0000000 0.0000000 0.0000000 0.6004105 0.0000000 0.0000000 0.0000000 0.0000000
 10 K  10 0.0000000 0.0708079 0.0000000 0.0000000 0.0000000 0.0000000 0.0000000 0.0000000 0.0000000 0.1830626 0.0000000 0.5774684 0.1522191 0.0164421 0.0000000 0.0000000 0.0000000 0.0000000 0.0000000 0.0000000
 11 A  11 0.6253996 0.0000000 0.0000000 0.0000000 0.0000000 0.0000000 0.0000000 0.0000000 0.0000000 0.0000000 0.0000000 0.0000000 0.0000000 0.0000000 0.0000000 0.0000000 0.0689883 0.0000000 0.0000000 0.3056121
 12 K  12 0.0000000 0.0300458 0.0000000 0.0000000 0.0000000 0.0790902 0.0667273 0.0000000 0.0000000 0.0000000 0.0000000 0.8108633 0.0132733 0.0000000 0.0000000 0.0000000 0.0000000 0.0000000 0.0000000 0.0000000
 13 E  13 0.0000000 0.0000000 0.0000000 0.1480533 0.0000000 0.0000000 0.6784540 0.0000000 0.0000000 0.0000000 0.0000000 0.1734928 0.0000000 0.0000000 0.0000000 0.0000000 0.0000000 0.0000000 0.0000000 0.0000000
 14 G  14 0.0000000 0.0000000 0.0169742 0.0316224 0.0000000 0.0000000 0.0667273 0.8683507 0.0000000 0.0000000 0.0000000 0.0000000 0.0000000 0.0000000 0.0000000 0.0000000 0.0000000 0.0000000 0.0000000 0.0163254
 15 V  15 0.1005572 0.0000000 0.0000000 0.0000000 0.0000000 0.0000000 0.0000000 0.0000000 0.0000000 0.1017991 0.0000000 0.0000000 0.0815816 0.0000000 0.0000000 0.0000000 0.1251148 0.0000000 0.0000000 0.5909472
 16 V  16 0.0815816 0.0000000 0.0000000 0.0000000 0.0000000 0.0169742 0.0291313 0.0000000 0.0367510 0.0000000 0.0000000 0.2380031 0.0000000 0.0000000 0.0000000 0.0828860 0.0000000 0.0000000 0.0000000 0.5146729
 17 A  17 0.4063974 0.0000000 0.1765475 0.0000000 0.0000000 0.0000000 0.0701767 0.1289461 0.0000000 0.0405275 0.0000000 0.1146751 0.0000000 0.0000000 0.0000000 0.0253719 0.0000000 0.0000000 0.0000000 0.0373576
 18 A  18 0.7860682 0.0000000 0.0000000 0.0000000 0.0000000 0.0000000 0.0000000 0.2139318 0.0000000 0.0000000 0.0000000 0.0000000 0.0000000 0.0000000 0.0000000 0.0000000 0.0000000 0.0000000 0.0000000 0.0000000
 19 A  19 0.6203711 0.0000000 0.0163254 0.0000000 0.0000000 0.0000000 0.0000000 0.0000000 0.0000000 0.1806322 0.0169742 0.0000000 0.0000000 0.0000000 0.0000000 0.0000000 0.0000000 0.0367510 0.0000000 0.1289461
 20 E  20 0.0000000 0.0000000 0.1976064 0.0530764 0.0000000 0.0000000 0.6124132 0.0000000 0.0000000 0.0000000 0.0000000 0.0667273 0.0000000 0.0000000 0.0000000 0.0000000 0.0000000 0.0000000 0.0000000 0.0701767
 21 K  21 0.0000000 0.0000000 0.0000000 0.0000000 0.0000000 0.0000000 0.0000000 0.0000000 0.0000000 0.0454567 0.0000000 0.9384971 0.0160462 0.0000000 0.0000000 0.0000000 0.0000000 0.0000000 0.0000000 0.0000000
 22 T  22 0.0000000 0.0000000 0.0000000 0.0000000 0.0000000 0.0000000 0.0000000 0.0000000 0.0000000 0.0701767 0.0000000 0.0000000 0.0000000 0.0000000 0.0000000 0.0000000 0.6807866 0.0000000 0.0000000 0.2490367
 23 K  23 0.0000000 0.0367510 0.0000000 0.0000000 0.0000000 0.0000000 0.0667273 0.0000000 0.0000000 0.0000000 0.0000000 0.8965217 0.0000000 0.0000000 0.0000000 0.0000000 0.0000000 0.0000000 0.0000000 0.0000000
 24 Q  24 0.0959323 0.0000000 0.0000000 0.0197188 0.0000000 0.4555699 0.2726333 0.0000000 0.0000000 0.0000000 0.0000000 0.1561457 0.0000000 0.0000000 0.0000000 0.0000000 0.0000000 0.0000000 0.0000000 0.0000000
 25 G  25 0.0000000 0.0000000 0.0163254 0.0316224 0.0000000 0.0000000 0.0667273 0.8646542 0.0000000 0.0000000 0.0000000 0.0000000 0.0000000 0.0000000 0.0000000 0.0206706 0.0000000 0.0000000 0.0000000 0.0000000
 26 V  26 0.0889812 0.0000000 0.0000000 0.0000000 0.0000000 0.0000000 0.0000000 0.0000000 0.0000000 0.0000000 0.0000000 0.0000000 0.0189520 0.0000000 0.0000000 0.0000000 0.1245012 0.0000000 0.0000000 0.7675655
 27 A  27 0.2095421 0.0701767 0.0291313 0.0000000 0.0000000 0.0326210 0.1524020 0.0000000 0.0000000 0.0000000 0.0000000 0.1487564 0.0000000 0.0000000 0.0000000 0.0873979 0.2699726 0.0000000 0.0000000 0.0000000
 28 E  28 0.0000000 0.0000000 0.1365500 0.1431222 0.0000000 0.0000000 0.4151717 0.0832057 0.0000000 0.0163254 0.0235533 0.1351007 0.0000000 0.0000000 0.0000000 0.0096133 0.0000000 0.0000000 0.0000000 0.0373576
 29 A  29 0.6825899 0.0000000 0.0000000 0.0000000 0.0000000 0.0000000 0.0000000 0.2490367 0.0316224 0.0000000 0.0000000 0.0000000 0.0000000 0.0000000 0.0000000 0.0000000 0.0367510 0.0000000 0.0000000 0.0000000
 30 A  30 0.6791405 0.0000000 0.0000000 0.0000000 0.0000000 0.0000000 0.0000000 0.0000000 0.0000000 0.1368527 0.0163254 0.0291313 0.0000000 0.0000000 0.0000000 0.0701767 0.0000000 0.0367510 0.0000000 0.0316224
 31 G  31 0.0684358 0.0000000 0.1823094 0.0367510 0.0000000 0.0000000 0.3932321 0.1934255 0.0000000 0.0000000 0.0134122 0.0983497 0.0000000 0.0000000 0.0000000 0.0000000 0.0140842 0.0000000 0.0000000 0.0000000
 32 K  32 0.0000000 0.0840459 0.0316224 0.0000000 0.0000000 0.0667273 0.0000000 0.0000000 0.0000000 0.0197188 0.0000000 0.7517012 0.0461844 0.0000000 0.0000000 0.0000000 0.0000000 0.0000000 0.0000000 0.0000000
 33 T  33 0.0000000 0.0000000 0.0000000 0.0000000 0.0000000 0.0000000 0.0000000 0.0000000 0.0000000 0.0291313 0.0000000 0.0000000 0.0000000 0.0000000 0.0000000 0.0000000 0.6807866 0.0000000 0.0000000 0.2900821
 34 K  34 0.0000000 0.0000000 0.0000000 0.0000000 0.0000000 0.0701767 0.0667273 0.0000000 0.0000000 0.0000000 0.0000000 0.8630960 0.0000000 0.0000000 0.0000000 0.0000000 0.0000000 0.0000000 0.0000000 0.0000000
 35 E  35 0.0000000 0.0000000 0.0000000 0.0817839 0.0000000 0.0000000 0.7888056 0.0000000 0.0000000 0.0000000 0.0000000 0.1294106 0.0000000 0.0000000 0.0000000 0.0000000 0.0000000 0.0000000 0.0000000 0.0000000
 36 G  36 0.0000000 0.0000000 0.0701767 0.0000000 0.0000000 0.0000000 0.0667273 0.8314736 0.0000000 0.0000000 0.0000000 0.0316224 0.0000000 0.0000000 0.0000000 0.0000000 0.0000000 0.0000000 0.0000000 0.0000000
 37 V  37 0.1452030 0.0000000 0.0000000 0.0000000 0.0000000 0.0000000 0.0000000 0.0313450 0.0000000 0.0000000 0.0695611 0.0000000 0.0000000 0.0087726 0.0000000 0.0653043 0.0765742 0.0000000 0.0000000 0.6032398
 38 L  38 0.0000000 0.0000000 0.0194163 0.0000000 0.0000000 0.0691004 0.0191426 0.0000000 0.0361873 0.0417002 0.1811946 0.1720917 0.3576311 0.0000000 0.0000000 0.0657039 0.0132065 0.0000000 0.0000000 0.0246253
 39 Y  39 0.0159108 0.0000000 0.1612593 0.1093273 0.0000000 0.0000000 0.0000000 0.0000000 0.0000000 0.0000000 0.0000000 0.1018912 0.0000000 0.0994816 0.0000000 0.0091644 0.0000000 0.0000000 0.5029653 0.0000000
 40 V  40 0.0000000 0.0000000 0.0000000 0.0000000 0.0000000 0.0000000 0.0000000 0.2452172 0.0000000 0.0231921 0.0311374 0.0000000 0.0203536 0.0000000 0.0000000 0.0000000 0.0000000 0.0000000 0.0000000 0.6800998
 41 G  41 0.0658620 0.0000000 0.0000000 0.0000000 0.0000000 0.0000000 0.0000000 0.6174394 0.0000000 0.1604822 0.0000000 0.0194630 0.0000000 0.0000000 0.0000000 0.0000000 0.1004790 0.0362744 0.0000000 0.0000000
 42 S  42 0.1052763 0.0310446 0.3013057 0.0145080 0.0000000 0.0000000 0.0000000 0.0688943 0.0000000 0.0000000 0.0000000 0.0655080 0.0000000 0.0130308 0.0000000 0.2024506 0.1914819 0.0000000 0.0000000 0.0064999
 43 K  43 0.0000000 0.0302916 0.0000000 0.0000000 0.0000000 0.0000000 0.0000000 0.0145080 0.0000000 0.0321164 0.0000000 0.9230841 0.0000000 0.0000000 0.0000000 0.0000000 0.0000000 0.0000000 0.0000000 0.0000000
 44 T  44 0.0798569 0.0000000 0.0000000 0.0000000 0.0000000 0.0000000 0.0000000 0.0000000 0.0000000 0.0323892 0.0285990 0.0000000 0.0000000 0.0000000 0.0074706 0.0000000 0.5717533 0.0000000 0.0000000 0.2799309
 45 K  45 0.0000000 0.0445382 0.0000000 0.0000000 0.0000000 0.1114938 0.0729786 0.0145080 0.0000000 0.0000000 0.0000000 0.6844913 0.0359108 0.0000000 0.0000000 0.0360794 0.0000000 0.0000000 0.0000000 0.0000000
 46 E  46 0.0000000 0.0076633 0.0293368 0.2760814 0.0000000 0.0000000 0.5061595 0.0148823 0.0000000 0.0000000 0.0000000 0.1525097 0.0000000 0.0000000 0.0133669 0.0000000 0.0000000 0.0000000 0.0000000 0.0000000
 47 G  47 0.0000000 0.0000000 0.0806528 0.0000000 0.0000000 0.0000000 0.0977992 0.7023136 0.0000000 0.0000000 0.0000000 0.0000000 0.0000000 0.0000000 0.0000000 0.0869717 0.0000000 0.0000000 0.0000000 0.0322626
 48 V  48 0.0360955 0.0000000 0.0000000 0.0000000 0.0000000 0.0000000 0.0000000 0.0000000 0.0000000 0.0726934 0.0000000 0.0000000 0.0376529 0.0137494 0.0000000 0.0204259 0.1200809 0.0000000 0.0000000 0.6993020
 49 V  49 0.0339782 0.0000000 0.0216678 0.0324683 0.0000000 0.0000000 0.0000000 0.0430469 0.0000000 0.0000000 0.0147938 0.2625175 0.0000000 0.0000000 0.0000000 0.0743710 0.0000000 0.0000000 0.0000000 0.5171565
 50 H  50 0.0255645 0.0000000 0.1331790 0.1123007 0.0000000 0.2790937 0.0000000 0.0000000 0.1446430 0.0000000 0.0000000 0.1420842 0.0000000 0.0000000 0.0147938 0.1030557 0.0452853 0.0000000 0.0000000 0.0000000
 51 G  51 0.0253512 0.0000000 0.0755333 0.0000000 0.0000000 0.0000000 0.0000000 0.5835848 0.0000000 0.0000000 0.0000000 0.0000000 0.0000000 0.0142865 0.0159061 0.2853381 0.0000000 0.0000000 0.0000000 0.0000000
 52 V  52 0.0742045 0.0000000 0.0351659 0.0000000 0.0000000 0.0000000 0.0000000 0.0000000 0.0000000 0.1487234 0.0780404 0.0625726 0.0210768 0.0000000 0.0000000 0.0000000 0.0000000 0.0000000 0.0000000 0.5802164
 53 A  53 0.0925385 0.0000000 0.3339275 0.0553446 0.0000000 0.0000000 0.0368634 0.0000000 0.0000000 0.0000000 0.0000000 0.0669315 0.0000000 0.0000000 0.0703915 0.0393019 0.3047010 0.0000000 0.0000000 0.0000000
 54 T  54 0.0000000 0.0000000 0.0703915 0.0000000 0.0000000 0.0000000 0.0000000 0.0000000 0.0000000 0.0317192 0.0236254 0.2866624 0.0000000 0.0000000 0.0000000 0.2385073 0.3338238 0.0000000 0.0000000 0.0152704
 55 V  55 0.0728544 0.0000000 0.0000000 0.0000000 0.0000000 0.0000000 0.0000000 0.0000000 0.0000000 0.0194740 0.0330485 0.0000000 0.0000000 0.0000000 0.0000000 0.0000000 0.0000000 0.0000000 0.0000000 0.8746231
 56 A  56 0.6048999 0.0060783 0.0000000 0.0000000 0.0000000 0.0000000 0.0789457 0.0232428 0.0000000 0.0000000 0.0000000 0.2111109 0.0000000 0.0000000 0.0000000 0.0000000 0.0262208 0.0362663 0.0000000 0.0132354
 57 E  57 0.0000000 0.0000000 0.0436181 0.0571541 0.0000000 0.0635436 0.5653191 0.1338842 0.0142292 0.0000000 0.0000000 0.1222518 0.0000000 0.0000000 0.0000000 0.0000000 0.0000000 0.0000000 0.0000000 0.0000000
 58 K  58 0.0000000 0.1073873 0.0319480 0.0000000 0.0000000 0.0000000 0.1069690 0.1348334 0.0000000 0.0000000 0.0000000 0.5894311 0.0000000 0.0000000 0.0000000 0.0000000 0.0000000 0.0000000 0.0294312 0.0000000
 59 T  59 0.1405795 0.0000000 0.0000000 0.0063075 0.0000000 0.0000000 0.0000000 0.0000000 0.0000000 0.0000000 0.0000000 0.0000000 0.0154313 0.0000000 0.0000000 0.0199079 0.6573877 0.0000000 0.0000000 0.1603861
 60 K  60 0.0000000 0.0053743 0.0000000 0.0201926 0.0000000 0.1340764 0.0202969 0.0000000 0.0000000 0.0000000 0.0063075 0.5952793 0.0000000 0.0000000 0.0000000 0.0683306 0.0788299 0.0000000 0.0000000 0.0713125
 61 E  61 0.0000000 0.0000000 0.1194481 0.2157412 0.0000000 0.0000000 0.4798935 0.0000000 0.0000000 0.0323822 0.0000000 0.0885232 0.0000000 0.0000000 0.0000000 0.0640118 0.0000000 0.0000000 0.0000000 0.0000000
 62 Q  62 0.0000000 0.0000000 0.0000000 0.0000000 0.0000000 0.5172995 0.0000000 0.3952295 0.0000000 0.0000000 0.0000000 0.0730367 0.0000000 0.0000000 0.0000000 0.0144344 0.0000000 0.0000000 0.0000000 0.0000000
 63 V  63 0.4750476 0.0000000 0.0000000 0.0000000 0.0000000 0.0000000 0.0000000 0.0000000 0.0000000 0.1388983 0.0329111 0.0000000 0.0000000 0.0730367 0.0000000 0.0382487 0.0106944 0.0115903 0.0000000 0.2195728
 64 T  64 0.0000000 0.0382487 0.5769179 0.0000000 0.0115903 0.0312516 0.0000000 0.0000000 0.0000000 0.0000000 0.0000000 0.0694467 0.0000000 0.0000000 0.0000000 0.2000757 0.0724692 0.0000000 0.0000000 0.0000000
 65 N  65 0.1308199 0.0000000 0.1363487 0.0730367 0.0000000 0.1281554 0.0000000 0.0000000 0.0499496 0.0975280 0.0376424 0.2793987 0.0090387 0.0000000 0.0000000 0.0000000 0.0000000 0.0000000 0.0000000 0.0580818
 66 V  66 0.0585031 0.0000000 0.0000000 0.0000000 0.0000000 0.0000000 0.0000000 0.0000000 0.0000000 0.0143495 0.1060805 0.0000000 0.0145972 0.0153531 0.0000000 0.0000000 0.0000000 0.0000000 0.0000000 0.7911165
 67 G  67 0.0267990 0.0000000 0.0000000 0.0000000 0.0000000 0.0000000 0.0679841 0.4397312 0.0000000 0.0000000 0.0000000 0.2179613 0.0000000 0.0000000 0.0000000 0.2100812 0.0000000 0.0374432 0.0000000 0.0000000
 68 G  68 0.0000000 0.0000000 0.0608332 0.1349417 0.0000000 0.0000000 0.2956558 0.3812788 0.0000000 0.0000000 0.0000000 0.1272905 0.0000000 0.0000000 0.0000000 0.0000000 0.0000000 0.0000000 0.0000000 0.0000000
 69 A  69 0.5791118 0.0000000 0.0000000 0.0000000 0.0000000 0.0000000 0.0877911 0.1780642 0.0000000 0.0000000 0.0000000 0.0487894 0.0000000 0.0000000 0.0000000 0.0165190 0.0639009 0.0000000 0.0200902 0.0057334
 70 V  70 0.1640820 0.0000000 0.0000000 0.0000000 0.0000000 0.0000000 0.0000000 0.0000000 0.0000000 0.0714985 0.0000000 0.0000000 0.0529455 0.0000000 0.0000000 0.0000000 0.1806240 0.0000000 0.0000000 0.5308500
 71 V  71 0.0000000 0.0000000 0.0205089 0.0201158 0.0000000 0.0204034 0.0121292 0.0000000 0.0000000 0.0301428 0.0000000 0.2021962 0.0233972 0.0642216 0.0000000 0.1070712 0.0000000 0.0000000 0.0000000 0.4998137
 72 T  72 0.1141633 0.0690442 0.2070021 0.0936696 0.0000000 0.0000000 0.0380270 0.0291695 0.0000000 0.0000000 0.0000000 0.0201158 0.0128572 0.0000000 0.0000000 0.2166523 0.1992990 0.0000000 0.0000000 0.0000000
 73 G  73 0.1073609 0.0000000 0.0785974 0.0000000 0.0000000 0.0000000 0.0000000 0.6340014 0.0000000 0.0000000 0.0000000 0.0000000 0.0000000 0.0000000 0.0000000 0.1800403 0.0000000 0.0000000 0.0000000 0.0000000
 74 V  74 0.1305840 0.0000000 0.0000000 0.0000000 0.0000000 0.0000000 0.0000000 0.0000000 0.0000000 0.1509008 0.1112242 0.0221990 0.0000000 0.0000000 0.0000000 0.0747341 0.0411608 0.0000000 0.0000000 0.4691972
 75 T  75 0.0000000 0.0000000 0.5432487 0.0000000 0.0000000 0.0000000 0.0737876 0.0249028 0.0000000 0.0000000 0.0000000 0.0000000 0.0000000 0.0000000 0.0785974 0.0000000 0.2794635 0.0000000 0.0000000 0.0000000
 76 A  76 0.1996761 0.0000000 0.0000000 0.1859583 0.0000000 0.0388526 0.0974649 0.0000000 0.0411608 0.0131288 0.0000000 0.1717615 0.0000000 0.0000000 0.0000000 0.0231509 0.2138246 0.0000000 0.0000000 0.0150216
 77 V  77 0.0888092 0.0000000 0.0000000 0.0000000 0.0000000 0.0000000 0.0000000 0.0000000 0.0000000 0.0221990 0.0256893 0.0000000 0.0000000 0.0000000 0.0000000 0.0000000 0.0000000 0.0000000 0.0000000 0.8633024
 78 A  78 0.5742181 0.0000000 0.0000000 0.0000000 0.0000000 0.0000000 0.0000000 0.0149157 0.0000000 0.0323967 0.0000000 0.2055155 0.0000000 0.0000000 0.0000000 0.0578765 0.0000000 0.0408705 0.0000000 0.0742070
 79 Q  79 0.0000000 0.0000000 0.0901808 0.0120809 0.0000000 0.3174557 0.1484931 0.0934669 0.0557967 0.0073630 0.0000000 0.1141008 0.0000000 0.0000000 0.0000000 0.0272917 0.1238579 0.0000000 0.0000000 0.0099126
 80 K  80 0.0396730 0.0780431 0.0149157 0.0000000 0.0000000 0.0435392 0.1066037 0.1838955 0.0000000 0.0000000 0.0000000 0.4960468 0.0000000 0.0000000 0.0000000 0.0156630 0.0000000 0.0000000 0.0216200 0.0000000
 81 T  81 0.1251785 0.0000000 0.0000000 0.0000000 0.0000000 0.0000000 0.0000000 0.0096489 0.0000000 0.0323967 0.0000000 0.0000000 0.0000000 0.0742070 0.0000000 0.0220424 0.6454471 0.0000000 0.0000000 0.0910793
 82 V  82 0.0000000 0.0000000 0.0130362 0.0000000 0.0000000 0.0216200 0.0120809 0.0000000 0.0000000 0.0219291 0.0000000 0.3299698 0.0000000 0.0000000 0.0000000 0.0323967 0.0247272 0.0000000 0.0000000 0.5442400
 83 E  83 0.0000000 0.0723129 0.1683719 0.1079488 0.0000000 0.0307534 0.5394222 0.0496209 0.0000000 0.0000000 0.0000000 0.0315698 0.0000000 0.0000000 0.0000000 0.0000000 0.0000000 0.0000000 0.0000000 0.0000000
 84 G  84 0.0698919 0.0000000 0.0000000 0.0000000 0.0000000 0.0000000 0.1930019 0.6725417 0.0000000 0.0000000 0.0000000 0.0000000 0.0000000 0.0000000 0.0310814 0.0334832 0.0000000 0.0000000 0.0000000 0.0000000
 85 A  85 0.4566716 0.0000000 0.0000000 0.0000000 0.0000000 0.0000000 0.0000000 0.0000000 0.0000000 0.1428832 0.0506352 0.0125069 0.0614437 0.0000000 0.0000000 0.0000000 0.1574599 0.0000000 0.0000000 0.1183995
 86 G  86 0.0000000 0.0700675 0.1733452 0.0000000 0.0000000 0.0000000 0.4029364 0.3536509 0.0000000 0.0000000 0.0000000 0.0000000 0.0000000 0.0000000 0.0000000 0.0000000 0.0000000 0.0000000 0.0000000 0.0000000
 87 S  87 0.0000000 0.0652586 0.6648301 0.0192847 0.0000000 0.0190129 0.0000000 0.0000000 0.0000000 0.0106241 0.0000000 0.1318112 0.0000000 0.0000000 0.0000000 0.0390569 0.0501215 0.0000000 0.0000000 0.0000000
 88 I  88 0.0857526 0.0665418 0.0000000 0.0000000 0.0000000 0.0000000 0.0000000 0.0000000 0.0000000 0.4267712 0.1187976 0.0000000 0.0451478 0.0229991 0.0000000 0.0000000 0.0000000 0.0000000 0.0000000 0.2339900
 89 A  89 0.5425034 0.0000000 0.0000000 0.0000000 0.0000000 0.0000000 0.0000000 0.0000000 0.0000000 0.0000000 0.0000000 0.1695484 0.0000000 0.0000000 0.0000000 0.1406082 0.0000000 0.0000000 0.0000000 0.1473401
 90 A  90 0.4481960 0.0000000 0.0199668 0.0104545 0.0000000 0.0000000 0.2094668 0.0084683 0.0377453 0.0159546 0.0053909 0.0499115 0.0000000 0.0000000 0.0000000 0.0401562 0.0000000 0.0000000 0.0000000 0.1542890
 91 A  91 0.3991080 0.0000000 0.0235577 0.0581023 0.0000000 0.0000000 0.0000000 0.1491914 0.0000000 0.0000000 0.0000000 0.0000000 0.0000000 0.0000000 0.0000000 0.0888389 0.1405936 0.0000000 0.0000000 0.1406082
 92 T  92 0.1074858 0.0000000 0.0000000 0.0000000 0.0000000 0.0000000 0.0000000 0.0000000 0.0128422 0.0000000 0.0000000 0.0205866 0.0000000 0.0000000 0.0000000 0.1382739 0.6826403 0.0000000 0.0000000 0.0381712
 93 G  93 0.0000000 0.0000000 0.0000000 0.0000000 0.0000000 0.0000000 0.0000000 0.9850742 0.0000000 0.0000000 0.0000000 0.0000000 0.0000000 0.0000000 0.0000000 0.0000000 0.0000000 0.0149258 0.0000000 0.0000000
 94 F  94 0.0000000 0.0842895 0.0000000 0.0000000 0.0000000 0.0000000 0.0000000 0.0000000 0.0000000 0.0535359 0.4065788 0.0886468 0.0169423 0.1155293 0.0000000 0.0000000 0.0000000 0.0000000 0.0000000 0.2344773
 95 V  95 0.0000000 0.0000000 0.0250373 0.0000000 0.0000000 0.0000000 0.0842895 0.0453711 0.0204115 0.0168675 0.0129802 0.0000000 0.0175195 0.0000000 0.0000000 0.0000000 0.0000000 0.0000000 0.0000000 0.7775234
 96 K  96 0.0204115 0.1327296 0.0568762 0.0000000 0.0000000 0.1729363 0.0331382 0.0129802 0.0114838 0.0000000 0.0000000 0.5205299 0.0000000 0.0000000 0.0000000 0.0389144 0.0000000 0.0000000 0.0000000 0.0000000
 97 K  97 0.0000000 0.0247050 0.0000000 0.0000000 0.0000000 0.0586019 0.0156187 0.0000000 0.0000000 0.0000000 0.0383755 0.7491852 0.0204810 0.0000000 0.0525600 0.0000000 0.0154354 0.0000000 0.0000000 0.0250373
 98 D  98 0.0000000 0.0000000 0.0000000 0.4220898 0.0000000 0.0000000 0.4466417 0.0714742 0.0000000 0.0000000 0.0000000 0.0256998 0.0000000 0.0000000 0.0000000 0.0000000 0.0179830 0.0000000 0.0000000 0.0161114
 99 Q  99 0.0117876 0.0209516 0.0909923 0.1781715 0.0000000 0.1640389 0.4420313 0.0000000 0.0000000 0.0000000 0.0000000 0.0000000 0.0000000 0.0000000 0.0759154 0.0161114 0.0000000 0.0000000 0.0000000 0.0000000
100 L 100 0.0742497 0.0000000 0.0000000 0.0000000 0.0000000 0.0000000 0.0297406 0.0197394 0.0211291 0.0000000 0.3780684 0.0383987 0.0482930 0.2060949 0.1313046 0.0000000 0.0000000 0.0000000 0.0369497 0.0160319
101 G 101 0.0603095 0.0150616 0.0890707 0.1028046 0.0000000 0.0088378 0.1605573 0.2089340 0.0416271 0.0000000 0.0000000 0.0807899 0.0000000 0.0000000 0.2067082 0.0000000 0.0000000 0.0000000 0.0000000 0.0252993
102 K 102 0.2221951 0.0217521 0.0000000 0.0890707 0.0000000 0.1642152 0.0215693 0.0000000 0.0199589 0.0191248 0.0000000 0.1290094 0.0812353 0.0000000 0.1244923 0.0574610 0.0499157 0.0000000 0.0000000 0.0000000
103 N 103 0.0000000 0.0000000 0.1414665 0.1370455 0.0000000 0.0352796 0.0924038 0.1971946 0.0000000 0.0000000 0.0000000 0.0277464 0.0000000 0.0000000 0.1184801 0.0588896 0.1253976 0.0000000 0.0000000 0.0660963
104 E 104 0.1426318 0.0000000 0.0150054 0.0548092 0.0171351 0.0629704 0.1203629 0.0000000 0.0000000 0.0224716 0.0767439 0.1190566 0.0260136 0.0185557 0.2404204 0.0194222 0.0000000 0.0000000 0.0428636 0.0215377
105 E 105 0.0294211 0.0000000 0.0161896 0.0668190 0.0000000 0.0287389 0.3645945 0.0602622 0.0000000 0.0000000 0.0429162 0.0492494 0.0000000 0.0000000 0.2402784 0.0000000 0.0000000 0.0000000 0.0000000 0.1015308
106 G 106 0.1691623 0.1311581 0.0000000 0.0481436 0.0000000 0.1610839 0.1836210 0.0957708 0.0000000 0.0000000 0.0000000 0.0212752 0.0000000 0.0000000 0.1301713 0.0137327 0.0242388 0.0000000 0.0000000 0.0216424
107 A 107 0.0874970 0.0000000 0.0000000 0.0000000 0.0000000 0.1611329 0.3312953 0.0000000 0.0000000 0.0000000 0.0691395 0.0000000 0.0302372 0.0000000 0.0181766 0.0218170 0.1490368 0.0000000 0.1107096 0.0209582
108 P 108 0.1074138 0.0000000 0.0114998 0.0319267 0.0000000 0.1130075 0.1965093 0.2562492 0.0000000 0.0000000 0.0000000 0.0558420 0.0000000 0.0167686 0.1625230 0.0240457 0.0242143 0.0000000 0.0000000 0.0000000
109 Q 109 0.0596419 0.0184977 0.0000000 0.0268026 0.0000000 0.2997987 0.0530303 0.0867386 0.0213286 0.0000000 0.0593306 0.0336041 0.0000000 0.0000000 0.0792866 0.0000000 0.0314552 0.0321719 0.1044693 0.0938439
110 E 110 0.0828220 0.0129287 0.0000000 0.0238873 0.0114240 0.0755489 0.4976176 0.0307715 0.0000000 0.0000000 0.0000000 0.0265691 0.0362298 0.0000000 0.0786083 0.0000000 0.0000000 0.0000000 0.0000000 0.1235928
111 G 111 0.2288675 0.0208776 0.1480990 0.0463391 0.0114240 0.0473280 0.1232738 0.0876652 0.0307715 0.0000000 0.0129287 0.0503623 0.0000000 0.0000000 0.0184977 0.1232216 0.0000000 0.0000000 0.0000000 0.0503441
112 I 112 0.1598018 0.0000000 0.0351962 0.0000000 0.0000000 0.0336406 0.1037554 0.0179700 0.0000000 0.1493907 0.0000000 0.0416539 0.2005889 0.0000000 0.1009536 0.1056715 0.0298081 0.0000000 0.0000000 0.0215691
113 L 113 0.1098863 0.0131586 0.0160637 0.0518227 0.0000000 0.0000000 0.2194493 0.1166253 0.0000000 0.0085536 0.0726912 0.1341293 0.0141829 0.0000000 0.0211509 0.0517683 0.1263551 0.0000000 0.0000000 0.0441629
114 E 114 0.1284583 0.0000000 0.1035991 0.0000000 0.0000000 0.0348815 0.4169714 0.0981104 0.0000000 0.0000000 0.0212582 0.0477448 0.0000000 0.0000000 0.0733333 0.0338611 0.0160637 0.0000000 0.0000000 0.0257182
115 D 115 0.0590879 0.1068600 0.0204896 0.1213396 0.0375632 0.0383864 0.2804146 0.1386626 0.0000000 0.0000000 0.0000000 0.0096564 0.0000000 0.0000000 0.1227265 0.0648134 0.0000000 0.0000000 0.0000000 0.0000000
116 M 116 0.3223487 0.0000000 0.0000000 0.0000000 0.0000000 0.0000000 0.0730068 0.0429950 0.0000000 0.0000000 0.0000000 0.1289704 0.1352457 0.0000000 0.1472387 0.0616853 0.0648194 0.0000000 0.0000000 0.0236899
117 P 117 0.0608340 0.0000000 0.0377978 0.0459700 0.0000000 0.0500190 0.1219126 0.0550666 0.0000000 0.0000000 0.0982351 0.0000000 0.0657413 0.0000000 0.3143604 0.1022421 0.0249686 0.0000000 0.0000000 0.0228525
118 V 118 0.0753515 0.0373305 0.0000000 0.0236384 0.0000000 0.2212525 0.1346476 0.0363537 0.0390977 0.0000000 0.0668280 0.0000000 0.0700261 0.0000000 0.0000000 0.0670140 0.0000000 0.0000000 0.0000000 0.2284601
119 D 119 0.0479947 0.0000000 0.0218222 0.3380268 0.0000000 0.0242489 0.1867747 0.0000000 0.0000000 0.0000000 0.0000000 0.0144891 0.0000000 0.0000000 0.0400061 0.0848058 0.2418317 0.0000000 0.0000000 0.0000000
120 P 120 0.0276835 0.1567210 0.0000000 0.0906221 0.0000000 0.0000000 0.1224856 0.0236806 0.0402155 0.0000000 0.0000000 0.0000000 0.0000000 0.0000000 0.4811110 0.0152544 0.0422262 0.0000000 0.0000000 0.0000000
121 D 121 0.0000000 0.0421194 0.0229749 0.1747048 0.0000000 0.0208636 0.3778514 0.0699732 0.0000000 0.0000000 0.1476448 0.0000000 0.0000000 0.0391633 0.0514588 0.0255624 0.0276835 0.0000000 0.0000000 0.0000000
122 N 122 0.1073300 0.0000000 0.1001516 0.0000000 0.0000000 0.0000000 0.0276835 0.4788802 0.0000000 0.0000000 0.0421194 0.0000000 0.0000000 0.0000000 0.0861100 0.0535238 0.0410847 0.0000000 0.0000000 0.0631169
123 E 123 0.0000000 0.0260737 0.0000000 0.1639620 0.0000000 0.1039065 0.4327525 0.0542593 0.0000000 0.0430168 0.0000000 0.1477559 0.0000000 0.0000000 0.0000000 0.0000000 0.0282734 0.0000000 0.0000000 0.0000000
124 A 124 0.4233941 0.0000000 0.0499828 0.0000000 0.0000000 0.0000000 0.0000000 0.0575410 0.0272079 0.0000000 0.0000000 0.0000000 0.0000000 0.0000000 0.0000000 0.2591479 0.1555870 0.0000000 0.0000000 0.0271392
125 Y 125 0.2245185 0.0000000 0.0000000 0.0000000 0.0000000 0.0000000 0.0000000 0.0000000 0.0000000 0.0000000 0.0941735 0.0000000 0.0000000 0.0000000 0.0329928 0.0304259 0.1271392 0.0000000 0.4907500 0.0000000
126 E 126 0.0000000 0.0518915 0.0000000 0.2991779 0.0000000 0.0454608 0.5285349 0.0000000 0.0749349 0.0000000 0.0000000 0.0000000 0.0000000 0.0000000 0.0000000 0.0000000 0.0000000 0.0000000 0.0000000 0.0000000
127 M 127 0.0342787 0.0000000 0.0000000 0.3683580 0.0000000 0.0482496 0.2451218 0.0341064 0.0000000 0.0000000 0.0454608 0.0000000 0.1410802 0.0000000 0.0000000 0.0314529 0.0000000 0.0000000 0.0000000 0.0518915
128 P 128 0.0722767 0.0000000 0.0730850 0.0633978 0.0000000 0.1403653 0.0341064 0.0000000 0.0000000 0.1476214 0.0454608 0.0518915 0.0000000 0.0000000 0.1976663 0.0646689 0.0659779 0.0000000 0.0434820 0.0000000
129 S 129 0.0326079 0.0000000 0.0347280 0.0000000 0.0000000 0.1543183 0.1778265 0.0491289 0.0000000 0.0000000 0.0000000 0.1503114 0.0000000 0.0000000 0.1547878 0.2020170 0.0442744 0.0000000 0.0000000 0.0000000
130 E 130 0.0000000 0.2494377 0.0000000 0.0645531 0.0000000 0.3964263 0.2575568 0.0000000 0.0000000 0.0000000 0.0000000 0.0000000 0.0000000 0.0000000 0.0000000 0.0000000 0.0320261 0.0000000 0.0000000 0.0000000
131 E 131 0.0000000 0.0000000 0.0000000 0.0621135 0.0000000 0.0000000 0.6490547 0.1933417 0.0000000 0.0000000 0.0000000 0.0000000 0.0000000 0.0000000 0.0000000 0.0000000 0.0379862 0.0000000 0.0575039 0.0000000
132 G 132 0.0564803 0.0644698 0.0540219 0.0298511 0.0000000 0.1009386 0.1199379 0.1291526 0.0000000 0.0000000 0.0000000 0.1834041 0.0000000 0.0000000 0.0000000 0.2617437 0.0000000 0.0000000 0.0000000 0.0000000
133 Y 133 0.0707490 0.0000000 0.0000000 0.0000000 0.0000000 0.2625240 0.1390138 0.0000000 0.0000000 0.0000000 0.0000000 0.0000000 0.0000000 0.0000000 0.0000000 0.0000000 0.0452647 0.0000000 0.4824484 0.0000000
134 Q 134 0.0000000 0.0000000 0.0000000 0.0589926 0.0000000 0.6256826 0.0000000 0.0000000 0.0673376 0.0000000 0.0000000 0.0000000 0.0000000 0.0000000 0.0000000 0.0000000 0.0000000 0.0000000 0.2479872 0.0000000
135 D 135 0.1821464 0.0000000 0.0000000 0.6277302 0.0000000 0.0000000 0.0637932 0.0000000 0.0000000 0.0000000 0.0000000 0.0000000 0.0000000 0.0000000 0.0000000 0.0673376 0.0589926 0.0000000 0.0000000 0.0000000
136 Y 136 0.0000000 0.0000000 0.0000000 0.0000000 0.0589926 0.0326143 0.0000000 0.1821464 0.0000000 0.0000000 0.0000000 0.0000000 0.0000000 0.0000000 0.0000000 0.0000000 0.0000000 0.0673376 0.4673468 0.1915623
137 E 137 0.1930386 0.0713643 0.0000000 0.0389271 0.0000000 0.0000000 0.4590878 0.0000000 0.0000000 0.0000000 0.0000000 0.2030176 0.0000000 0.0000000 0.0000000 0.0345646 0.0000000 0.0000000 0.0000000 0.0000000
138 P 138 0.0000000 0.0000000 0.0000000 0.2030176 0.0000000 0.0681386 0.0000000 0.0000000 0.0000000 0.0000000 0.0000000 0.0000000 0.0000000 0.0000000 0.7288438 0.0000000 0.0000000 0.0000000 0.0000000 0.0000000
139 E 139 0.0000000 0.1059289 0.0000000 0.0000000 0.0000000 0.2030176 0.6285332 0.0625203 0.0000000 0.0000000 0.0000000 0.0000000 0.0000000 0.0000000 0.0000000 0.0000000 0.0000000 0.0000000 0.0000000 0.0000000
140 A 140 1.0000000 0.0000000 0.0000000 0.0000000 0.0000000 0.0000000 0.0000000 0.0000000 0.0000000 0.0000000 0.0000000 0.0000000 0.0000000 0.0000000 0.0000000 0.0000000 0.0000000 0.0000000 0.0000000 0.0000000
