   44         A         R         N         D         C         Q         E         G         H         I         L         K         M         F         P         S         T         W         Y         V         X    
  1 S   1 0.0000000 0.0000000 0.0000000 0.0000000 0.0000000 0.0000000 0.0000000 0.0000000 0.0000000 0.0000000 0.0000000 0.0000000 0.0000000 0.0000000 0.0000000 0.1449814 0.0000000 0.0000000 0.0000000 0.0000000 0.8550186
  2 T   2 0.0000000 0.0000000 0.0000000 0.0000000 0.0000000 0.0000000 0.0000000 0.0000000 0.0000000 0.0000000 0.0000000 0.0000000 0.0000000 0.0000000 0.0000000 0.0000000 0.1449814 0.0000000 0.0000000 0.0000000 0.8550186
  3 L   3 0.0000000 0.0000000 0.0000000 0.0000000 0.0000000 0.0000000 0.0000000 0.0000000 0.0000000 0.0000000 0.1449814 0.0000000 0.0000000 0.0000000 0.0000000 0.0000000 0.0000000 0.0000000 0.0000000 0.0000000 0.8550186
  4 P   4 0.0000000 0.0000000 0.0000000 0.0000000 0.0000000 0.0000000 0.0000000 0.0000000 0.0000000 0.0000000 0.0403786 0.0000000 0.0000000 0.0000000 0.3319940 0.0000000 0.0000000 0.0000000 0.0000000 0.0000000 0.6276274
  5 Q   5 0.0000000 0.0000000 0.1431385 0.0000000 0.1168183 0.1449814 0.0000000 0.0000000 0.0000000 0.0480360 0.0000000 0.0411322 0.0000000 0.0000000 0.0000000 0.1153310 0.0000000 0.0000000 0.0000000 0.0000000 0.3905625
  6 H   6 0.0000000 0.0000000 0.0000000 0.0000000 0.0000000 0.0000000 0.0000000 0.3337058 0.2617997 0.0000000 0.0000000 0.0000000 0.0000000 0.0000000 0.0000000 0.0510138 0.0000000 0.0000000 0.0000000 0.0000000 0.3534807
  7 A   7 0.1929316 0.0000000 0.0000000 0.0000000 0.0000000 0.0000000 0.0000000 0.0000000 0.0000000 0.0000000 0.0000000 0.0000000 0.0000000 0.0000000 0.1174944 0.3360934 0.0000000 0.0000000 0.0000000 0.0000000 0.3534807
  8 R   8 0.0000000 0.5901579 0.0479502 0.0000000 0.0000000 0.0000000 0.0000000 0.0000000 0.0000000 0.0000000 0.0000000 0.2993230 0.0000000 0.0000000 0.0000000 0.0000000 0.0000000 0.0000000 0.0000000 0.0000000 0.0625689
  9 T   9 0.0000000 0.0000000 0.0000000 0.0000000 0.0000000 0.0000000 0.0000000 0.0688681 0.0000000 0.2445589 0.0000000 0.0000000 0.0000000 0.0000000 0.0000000 0.0000000 0.5759680 0.0000000 0.0000000 0.0480360 0.0625689
 10 P  10 0.0000000 0.0000000 0.0000000 0.0000000 0.0000000 0.0000000 0.0000000 0.0000000 0.0000000 0.0000000 0.0000000 0.0000000 0.0000000 0.0000000 0.9374311 0.0000000 0.0000000 0.0000000 0.0000000 0.0000000 0.0625689
 11 L  11 0.0000000 0.0000000 0.0000000 0.0000000 0.0000000 0.0000000 0.0000000 0.0000000 0.0000000 0.0625689 0.4838433 0.0000000 0.0688681 0.0000000 0.0000000 0.3847196 0.0000000 0.0000000 0.0000000 0.0000000 0.0000000
 12 I  12 0.0000000 0.0000000 0.0000000 0.0000000 0.0000000 0.0000000 0.0000000 0.0000000 0.0000000 0.9311319 0.0000000 0.0000000 0.0000000 0.0000000 0.0000000 0.0000000 0.0000000 0.0000000 0.0000000 0.0688681 0.0000000
 13 A  13 1.0000000 0.0000000 0.0000000 0.0000000 0.0000000 0.0000000 0.0000000 0.0000000 0.0000000 0.0000000 0.0000000 0.0000000 0.0000000 0.0000000 0.0000000 0.0000000 0.0000000 0.0000000 0.0000000 0.0000000 0.0000000
 14 A  14 0.8825056 0.0000000 0.0000000 0.0000000 0.0000000 0.0000000 0.0000000 0.0000000 0.0000000 0.0000000 0.0000000 0.0000000 0.0000000 0.0000000 0.0000000 0.0000000 0.1174944 0.0000000 0.0000000 0.0000000 0.0000000
 15 G  15 0.0000000 0.0000000 0.0000000 0.0000000 0.0000000 0.0000000 0.0000000 0.9392610 0.0000000 0.0000000 0.0000000 0.0000000 0.0000000 0.0000000 0.0000000 0.0607390 0.0000000 0.0000000 0.0000000 0.0000000 0.0000000
 16 V  16 0.0000000 0.0000000 0.0000000 0.0000000 0.0000000 0.0000000 0.0000000 0.0000000 0.0000000 0.1958533 0.0576573 0.0000000 0.0000000 0.0000000 0.0000000 0.0000000 0.0000000 0.0000000 0.0000000 0.7464894 0.0000000
 17 I  17 0.0000000 0.0000000 0.0000000 0.0000000 0.0000000 0.0000000 0.0000000 0.0000000 0.0000000 0.4838433 0.0000000 0.0000000 0.0000000 0.0760507 0.0000000 0.0000000 0.0000000 0.0000000 0.0000000 0.4401060 0.0000000
 18 G  18 0.0000000 0.0000000 0.0000000 0.0000000 0.0000000 0.0000000 0.0000000 1.0000000 0.0000000 0.0000000 0.0000000 0.0000000 0.0000000 0.0000000 0.0000000 0.0000000 0.0000000 0.0000000 0.0000000 0.0000000 0.0000000
 19 G  19 0.0000000 0.0000000 0.0000000 0.0000000 0.0000000 0.0000000 0.0000000 0.8530000 0.0000000 0.0000000 0.0000000 0.0000000 0.0000000 0.0000000 0.0000000 0.0990498 0.0000000 0.0000000 0.0000000 0.0479502 0.0000000
 20 L  20 0.0000000 0.0000000 0.0000000 0.0000000 0.0000000 0.0000000 0.0000000 0.0000000 0.0000000 0.1240867 0.8759133 0.0000000 0.0000000 0.0000000 0.0000000 0.0000000 0.0000000 0.0000000 0.0000000 0.0000000 0.0000000
 21 F  21 0.0000000 0.0000000 0.0000000 0.0000000 0.0000000 0.0000000 0.0000000 0.0000000 0.0000000 0.0000000 0.4750244 0.0000000 0.0000000 0.5249756 0.0000000 0.0000000 0.0000000 0.0000000 0.0000000 0.0000000 0.0000000
 22 I  22 0.1314371 0.0000000 0.0000000 0.0000000 0.2191892 0.0000000 0.0000000 0.0480360 0.0000000 0.3064775 0.0411322 0.0000000 0.0802068 0.0763621 0.0000000 0.0000000 0.0000000 0.0000000 0.0000000 0.0971590 0.0000000
 23 L  23 0.0688681 0.0000000 0.0000000 0.0000000 0.0000000 0.0000000 0.0000000 0.0000000 0.0000000 0.3114148 0.3613889 0.0000000 0.0000000 0.0000000 0.0000000 0.0000000 0.0000000 0.0000000 0.0000000 0.2583281 0.0000000
 24 V  24 0.0000000 0.0000000 0.0000000 0.0000000 0.0000000 0.0000000 0.0000000 0.0000000 0.0000000 0.0395017 0.1314371 0.0000000 0.0000000 0.0000000 0.0000000 0.0000000 0.0000000 0.0000000 0.0000000 0.8290612 0.0000000
 25 I  25 0.0000000 0.0000000 0.0000000 0.0000000 0.0000000 0.0000000 0.0000000 0.0000000 0.0000000 0.6913311 0.0000000 0.0000000 0.0510138 0.0000000 0.0000000 0.0000000 0.0000000 0.0000000 0.0000000 0.2576551 0.0000000
 26 V  26 0.1314371 0.0000000 0.0000000 0.0000000 0.0000000 0.0000000 0.0000000 0.0000000 0.0000000 0.2691959 0.1332663 0.0000000 0.1419972 0.0000000 0.0000000 0.0000000 0.0364424 0.0000000 0.0000000 0.2876610 0.0000000
 27 G  27 0.3966039 0.0000000 0.0000000 0.0000000 0.0000000 0.0000000 0.0000000 0.4471386 0.0000000 0.0000000 0.0000000 0.0000000 0.0000000 0.0000000 0.0000000 0.0760507 0.0000000 0.0000000 0.0000000 0.0802068 0.0000000
 28 L  28 0.0000000 0.0000000 0.0000000 0.0000000 0.0000000 0.0000000 0.0000000 0.0000000 0.0000000 0.0000000 1.0000000 0.0000000 0.0000000 0.0000000 0.0000000 0.0000000 0.0000000 0.0000000 0.0000000 0.0000000 0.0000000
 29 T  29 0.0000000 0.0000000 0.0000000 0.0000000 0.0760507 0.0000000 0.0000000 0.2864837 0.0000000 0.0510138 0.0000000 0.0000000 0.0000000 0.0000000 0.0000000 0.3317297 0.2547220 0.0000000 0.0000000 0.0000000 0.0000000
 30 F  30 0.0000000 0.0000000 0.0000000 0.0000000 0.0000000 0.0000000 0.0000000 0.0000000 0.0000000 0.2675367 0.0000000 0.0000000 0.0000000 0.2547220 0.0000000 0.0000000 0.0000000 0.0000000 0.0000000 0.4777413 0.0000000
 31 A  31 0.4838433 0.0000000 0.0000000 0.0000000 0.0000000 0.0000000 0.0000000 0.3847196 0.0000000 0.0000000 0.0000000 0.0000000 0.0000000 0.1314371 0.0000000 0.0000000 0.0000000 0.0000000 0.0000000 0.0000000 0.0000000
 32 V  32 0.0000000 0.0000000 0.0000000 0.0000000 0.0000000 0.0000000 0.0000000 0.0000000 0.0000000 0.0395017 0.3086689 0.0000000 0.0000000 0.0760507 0.0000000 0.0000000 0.0000000 0.0000000 0.0000000 0.5757787 0.0000000
 33 Y  33 0.0000000 0.0000000 0.0000000 0.0000000 0.0000000 0.0000000 0.0000000 0.0000000 0.0000000 0.0000000 0.0688681 0.0000000 0.0000000 0.2561140 0.0000000 0.1197085 0.0000000 0.0000000 0.5553094 0.0000000 0.0000000
 34 V  34 0.0623343 0.0000000 0.0000000 0.0000000 0.0000000 0.0000000 0.0000000 0.0000000 0.0000000 0.1183962 0.2235618 0.0000000 0.2164584 0.0000000 0.0000000 0.0000000 0.0000000 0.0000000 0.0000000 0.3792493 0.0000000
 35 R  35 0.0000000 1.0000000 0.0000000 0.0000000 0.0000000 0.0000000 0.0000000 0.0000000 0.0000000 0.0000000 0.0000000 0.0000000 0.0000000 0.0000000 0.0000000 0.0000000 0.0000000 0.0000000 0.0000000 0.0000000 0.0000000
 36 R  36 0.0000000 1.0000000 0.0000000 0.0000000 0.0000000 0.0000000 0.0000000 0.0000000 0.0000000 0.0000000 0.0000000 0.0000000 0.0000000 0.0000000 0.0000000 0.0000000 0.0000000 0.0000000 0.0000000 0.0000000 0.0000000
 37 K  37 0.0000000 0.4401060 0.0000000 0.0000000 0.0000000 0.0000000 0.0000000 0.0000000 0.0000000 0.0760507 0.0000000 0.4838433 0.0000000 0.0000000 0.0000000 0.0000000 0.0000000 0.0000000 0.0000000 0.0000000 0.0000000
 38 S  38 0.0000000 0.0760507 0.0802068 0.0000000 0.0000000 0.0000000 0.0000000 0.0000000 0.4401060 0.0000000 0.0000000 0.0000000 0.0000000 0.0000000 0.0000000 0.4036365 0.0000000 0.0000000 0.0000000 0.0000000 0.0000000
 39 I  39 0.0000000 0.0000000 0.0000000 0.0000000 0.0000000 0.0000000 0.0000000 0.0000000 0.0000000 1.0000000 0.0000000 0.0000000 0.0000000 0.0000000 0.0000000 0.0000000 0.0000000 0.0000000 0.0000000 0.0000000 0.0000000
 40 K  40 0.0000000 0.0000000 0.0000000 0.0000000 0.0000000 0.0760507 0.0000000 0.0000000 0.0000000 0.0000000 0.0000000 0.6152804 0.0000000 0.0000000 0.0000000 0.0000000 0.0000000 0.0000000 0.0000000 0.3086689 0.0000000
 41 K  41 0.0000000 0.5161567 0.0000000 0.0000000 0.0000000 0.0000000 0.0000000 0.0000000 0.0000000 0.0000000 0.0000000 0.4838433 0.0000000 0.0000000 0.0000000 0.0000000 0.0000000 0.0000000 0.0000000 0.0000000 0.0000000
 42 K  42 0.0000000 0.0000000 0.0000000 0.0000000 0.0000000 0.0000000 0.0000000 0.0000000 0.0000000 0.0000000 0.0000000 1.0000000 0.0000000 0.0000000 0.0000000 0.0000000 0.0000000 0.0000000 0.0000000 0.0000000 0.0000000
 43 R  43 0.0000000 1.0000000 0.0000000 0.0000000 0.0000000 0.0000000 0.0000000 0.0000000 0.0000000 0.0000000 0.0000000 0.0000000 0.0000000 0.0000000 0.0000000 0.0000000 0.0000000 0.0000000 0.0000000 0.0000000 0.0000000
 44 A  44 0.4838433 0.0000000 0.0000000 0.0000000 0.0000000 0.0000000 0.0000000 0.0000000 0.0000000 0.0000000 0.0000000 0.0000000 0.0000000 0.0000000 0.0000000 0.0000000 0.0000000 0.0000000 0.0000000 0.0000000 0.5161567
