  117         A         R         N         D         C         Q         E         G         H         I         L         K         M         F         P         S         T         W         Y         V         X    
  1 S   1 0.0053743 0.0000000 0.0151168 0.0049657 0.0000000 0.0000000 0.0000000 0.0000000 0.0000000 0.0000000 0.0000000 0.0000000 0.0000000 0.0000000 0.0000000 0.0380744 0.0095584 0.0000000 0.0000000 0.0000000 0.9269103
  2 M   2 0.0020253 0.0000000 0.0000000 0.0000000 0.0000000 0.0000000 0.0000000 0.0020126 0.0000000 0.0047970 0.0122305 0.0000000 0.0338372 0.0000000 0.0129137 0.0028078 0.0445189 0.0000000 0.0071384 0.0118932 0.8658253
  3 A   3 0.0132684 0.0023003 0.0049726 0.0000000 0.0243768 0.0000000 0.0089381 0.0000000 0.0000000 0.0018716 0.0026496 0.0038151 0.1338354 0.0164213 0.0000000 0.0444523 0.0055658 0.0000000 0.0000000 0.0000000 0.7375328
  4 R   4 0.0118396 0.0679939 0.0142754 0.1684641 0.0096195 0.0000000 0.0178715 0.0558334 0.0022552 0.0035361 0.0018555 0.0023003 0.0042500 0.0014089 0.0000000 0.1369790 0.0051263 0.0000000 0.0000000 0.0000000 0.4963913
  5 E   5 0.0000000 0.0000000 0.0000000 0.0727184 0.0000000 0.0000000 0.5968013 0.0062489 0.0000000 0.0000000 0.0000000 0.0035596 0.0000000 0.0000000 0.0000000 0.0117059 0.0000000 0.0000000 0.0000000 0.0000000 0.3089659
  6 Q   6 0.0196854 0.0229480 0.0162012 0.0270713 0.0057572 0.2134639 0.1576882 0.0201108 0.0055804 0.0018307 0.0047841 0.0118477 0.0031434 0.0000000 0.0123856 0.0900166 0.0611771 0.0000000 0.0000000 0.0505790 0.2757293
  7 P   7 0.0412441 0.0089909 0.0000000 0.0000000 0.0285433 0.0171183 0.0410824 0.0000000 0.0303992 0.0232990 0.0000000 0.0403192 0.0000000 0.0000000 0.1714057 0.1456125 0.0278574 0.0000000 0.0445195 0.1286815 0.2509271
  8 I   8 0.0032726 0.0000000 0.0000000 0.0000000 0.0000000 0.0020615 0.0000000 0.0000000 0.0000000 0.3216204 0.2371654 0.0094009 0.0429158 0.0313437 0.0000000 0.0000000 0.0099394 0.0000000 0.0188326 0.1430441 0.1804035
  9 F   9 0.0974751 0.0000000 0.0000000 0.0000000 0.0914271 0.0000000 0.0000000 0.0036496 0.0055094 0.0231700 0.0360581 0.0000000 0.0000000 0.3881273 0.0000000 0.0069271 0.0110205 0.0000000 0.0602396 0.1413736 0.1350226
 10 S  10 0.0117104 0.1870019 0.0093762 0.0115400 0.0599865 0.0579499 0.0030572 0.0657355 0.0075218 0.0049985 0.0000000 0.0912122 0.0017444 0.0000000 0.0000000 0.2067996 0.1351741 0.0000000 0.0000000 0.0126096 0.1335823
 11 T  11 0.1356895 0.0000000 0.0294276 0.0217089 0.0442451 0.0169115 0.0716998 0.0138615 0.0821459 0.0355821 0.0474381 0.0016566 0.0231997 0.0190678 0.0000000 0.0509755 0.0924550 0.0000000 0.0000000 0.1816634 0.1322721
 12 R  12 0.0051738 0.6111442 0.0028496 0.0000000 0.0027423 0.0411929 0.0084165 0.0000000 0.0045247 0.0000000 0.0089607 0.0761206 0.0168371 0.0066162 0.0000000 0.0173171 0.0365660 0.0522646 0.0000000 0.0131373 0.0961365
 13 A  13 0.8604628 0.0000000 0.0000000 0.0000000 0.0032325 0.0000000 0.0000000 0.0197646 0.0000000 0.0000000 0.0000000 0.0000000 0.0000000 0.0000000 0.0000000 0.0078356 0.0000000 0.0000000 0.0000000 0.0200293 0.0886752
 14 H  14 0.0230306 0.0307545 0.0112016 0.0108468 0.0036496 0.0871574 0.0583158 0.0000000 0.1452629 0.0100784 0.0175983 0.2963688 0.0000000 0.0042964 0.0000000 0.0635601 0.0490840 0.0000000 0.0076282 0.0924914 0.0886752
 15 V  15 0.0066162 0.0000000 0.0000000 0.0000000 0.0000000 0.0000000 0.0000000 0.0000000 0.0000000 0.0026876 0.3462665 0.0000000 0.0000000 0.0000000 0.0000000 0.0000000 0.0000000 0.0000000 0.0000000 0.5557546 0.0886752
 16 F  16 0.0000000 0.0000000 0.0089607 0.0000000 0.0000000 0.0000000 0.0000000 0.0000000 0.0000000 0.0000000 0.0341389 0.0000000 0.3208957 0.3831944 0.0000000 0.0000000 0.0000000 0.0000000 0.2016923 0.0000000 0.0511179
 17 Q  17 0.0139142 0.3156161 0.0126957 0.0000000 0.0082565 0.1424864 0.0029580 0.0017024 0.0819036 0.0454453 0.0539352 0.0118274 0.0133701 0.0084302 0.0000000 0.0104093 0.1293318 0.0000000 0.0000000 0.0965998 0.0511179
 18 I  18 0.0062672 0.1647138 0.0000000 0.0000000 0.0109753 0.0000000 0.0000000 0.0000000 0.0035588 0.1397974 0.0470139 0.0000000 0.0000000 0.1697922 0.0000000 0.0068700 0.0000000 0.0435780 0.3093825 0.0469329 0.0511179
 19 D  19 0.0089901 0.0000000 0.0909501 0.6932177 0.0000000 0.0100784 0.0137290 0.0000000 0.0115222 0.0039524 0.0131373 0.0000000 0.0000000 0.0000000 0.0000000 0.0705594 0.0032945 0.0000000 0.0000000 0.0210345 0.0595344
 20 P  20 0.0986365 0.0421742 0.0475703 0.2964232 0.0000000 0.0075218 0.0449952 0.0289041 0.0000000 0.0100784 0.0109753 0.0671586 0.0000000 0.0000000 0.1751678 0.0379360 0.0368039 0.0000000 0.0075311 0.0064486 0.0816750
 21 A  21 0.0943590 0.0057694 0.0632676 0.1581420 0.0000000 0.0378464 0.1304229 0.0637256 0.0000000 0.0020311 0.0029175 0.0379548 0.0000000 0.0000000 0.0098017 0.2147213 0.0585946 0.0000000 0.0000000 0.0229458 0.0975004
 22 T  22 0.0498434 0.0000000 0.0873942 0.0000000 0.0031044 0.0276683 0.0222959 0.0865983 0.0000000 0.0087111 0.0172800 0.0087610 0.0020988 0.0000000 0.0030572 0.2125149 0.3178041 0.0029428 0.0000000 0.0420814 0.1078442
 23 K  23 0.0319136 0.0273991 0.0211664 0.0173736 0.0000000 0.0175615 0.0418407 0.1747839 0.0024019 0.0000000 0.0028341 0.4973282 0.0000000 0.0080454 0.0040807 0.0338783 0.0232644 0.0090836 0.0000000 0.0034768 0.0835680
 24 R  24 0.0176883 0.1474423 0.0036904 0.0000000 0.0000000 0.1325354 0.1442001 0.1345360 0.0000000 0.0000000 0.0173773 0.1795119 0.0060839 0.0000000 0.0071378 0.0468653 0.0252492 0.0000000 0.0000000 0.0090836 0.1285985
 25 N  25 0.0063457 0.0211827 0.0843309 0.0058610 0.0027423 0.0255206 0.0310857 0.0613797 0.0000000 0.0133976 0.0000000 0.0439337 0.0000000 0.0000000 0.0090836 0.0529675 0.0513140 0.3899752 0.0000000 0.0089607 0.1919190
 26 W  26 0.0000000 0.0000000 0.0000000 0.0000000 0.0000000 0.0000000 0.0212921 0.0000000 0.0000000 0.0000000 0.0734256 0.0000000 0.0051263 0.0000000 0.0000000 0.0000000 0.0000000 0.5532262 0.0075218 0.0342587 0.3051494
 27 I  27 0.0357371 0.0075602 0.0027955 0.0248100 0.0000000 0.0836438 0.0075533 0.0090836 0.0023967 0.0879403 0.0886714 0.0141117 0.0136854 0.0092518 0.0787631 0.0223622 0.0227342 0.0000000 0.0000000 0.1623006 0.3265990
 28 P  28 0.0153192 0.0000000 0.0000000 0.0248100 0.0075218 0.0486698 0.0141117 0.0286862 0.0000000 0.0088928 0.0700007 0.0131373 0.0052712 0.0000000 0.3819257 0.0185892 0.0207387 0.0000000 0.0000000 0.0157268 0.3265990
 29 A  29 0.1499264 0.0310602 0.0000000 0.0163660 0.0021157 0.0505699 0.0213920 0.0748635 0.0039413 0.0348315 0.0491445 0.2788840 0.0000000 0.0128616 0.0351722 0.1022535 0.0158384 0.0000000 0.0068313 0.0662328 0.0477150
 30 G  30 0.0089055 0.0063457 0.0000000 0.0395216 0.0000000 0.0068700 0.2933045 0.3694813 0.0000000 0.0000000 0.0062672 0.0033229 0.0000000 0.0066162 0.0000000 0.1891489 0.0165512 0.0000000 0.0088928 0.0000000 0.0447722
 31 K  31 0.0244910 0.2802307 0.0313607 0.0354785 0.0000000 0.0256910 0.0492277 0.1710805 0.0000000 0.0063241 0.0074613 0.1206441 0.0104277 0.0000000 0.0333554 0.0871906 0.0598185 0.0000000 0.0000000 0.0090836 0.0481346
 32 H  32 0.0373562 0.0042806 0.0000000 0.0439095 0.0044257 0.0696012 0.0063457 0.5861683 0.0434781 0.0074613 0.0029580 0.0180614 0.0000000 0.0000000 0.0000000 0.0894838 0.0118931 0.0000000 0.0000000 0.0282742 0.0463030
 33 A  33 0.1657081 0.0151432 0.0109753 0.0000000 0.0000000 0.0033229 0.0028715 0.0459814 0.0321524 0.0906060 0.2576026 0.0100784 0.0218370 0.0165678 0.0653461 0.0121963 0.0732292 0.0051738 0.0000000 0.1282675 0.0429405
 34 L  34 0.0441777 0.0000000 0.0000000 0.0000000 0.0332302 0.0062047 0.0000000 0.2818268 0.0000000 0.0398460 0.0663097 0.0000000 0.0000000 0.0000000 0.0000000 0.2437313 0.0243793 0.0000000 0.0000000 0.2061136 0.0541807
 35 T  35 0.0154073 0.1333107 0.0874781 0.1586463 0.0280130 0.0298559 0.0745330 0.0127443 0.0200852 0.0091669 0.0084302 0.0670332 0.0000000 0.0000000 0.0602774 0.0922909 0.1227332 0.0076282 0.0089607 0.0074613 0.0559442
 36 V  36 0.0043630 0.0000000 0.0000000 0.0000000 0.0120114 0.0000000 0.0000000 0.0000000 0.0000000 0.1961271 0.0850805 0.0039413 0.0361133 0.0072866 0.0000000 0.0000000 0.0000000 0.0000000 0.0000000 0.5972355 0.0578413
 37 S  37 0.0084165 0.0509190 0.0747346 0.0281724 0.0112672 0.0942059 0.0209070 0.0267880 0.0539917 0.0036388 0.0100980 0.2595090 0.0232074 0.0000000 0.0000000 0.1873080 0.0475764 0.0000000 0.0168863 0.0181868 0.0641870
 38 Y  38 0.0000000 0.0000000 0.0000000 0.0000000 0.0091557 0.0000000 0.0000000 0.0045552 0.0106521 0.4183562 0.1282803 0.0000000 0.0098463 0.1089593 0.0026044 0.0000000 0.0039274 0.0000000 0.0992741 0.1526592 0.0517299
 39 F  39 0.0020621 0.0271271 0.0000000 0.0000000 0.0146022 0.0000000 0.0000000 0.0000000 0.0066162 0.0411754 0.3904654 0.0037069 0.0211348 0.1499833 0.0318544 0.0142199 0.0114415 0.0000000 0.1725521 0.0512506 0.0618083
 40 Y  40 0.0000000 0.0901522 0.0000000 0.0026044 0.0151946 0.1593839 0.1085411 0.0000000 0.1842269 0.0000000 0.0259694 0.1719930 0.0000000 0.0286136 0.0000000 0.0047477 0.0000000 0.0123412 0.1344238 0.0000000 0.0618083
 41 D  41 0.0000000 0.0454385 0.2029132 0.2419497 0.0000000 0.0354278 0.0497558 0.0522361 0.2691829 0.0000000 0.0093238 0.0045552 0.0000000 0.0029842 0.0044798 0.0328947 0.0000000 0.0000000 0.0000000 0.0000000 0.0488584
 42 A  42 0.0807026 0.0313571 0.0504853 0.0219453 0.0051738 0.0706792 0.0192291 0.0319971 0.0159834 0.0096017 0.0184975 0.1270274 0.0084165 0.0000000 0.1323975 0.1423614 0.1103510 0.0000000 0.0313854 0.0435500 0.0488584
 43 T  43 0.0613930 0.0254737 0.0121133 0.0478481 0.0118073 0.0420109 0.1420723 0.1088297 0.0150365 0.0165388 0.0039841 0.0626687 0.0187870 0.0000000 0.0833758 0.0732634 0.1814957 0.0000000 0.0000000 0.0444434 0.0488584
 44 R  44 0.0262416 0.2454269 0.1711481 0.0233537 0.0000000 0.0159963 0.1156519 0.0179852 0.0205302 0.0000000 0.0173519 0.0694983 0.0000000 0.0042964 0.0062489 0.0880455 0.1219156 0.0000000 0.0096402 0.0000000 0.0466691
 45 N  45 0.0183506 0.0468175 0.3141132 0.0410987 0.0324008 0.0417052 0.0122842 0.1245703 0.0609146 0.0000000 0.0390250 0.0927543 0.0000000 0.0093399 0.0099899 0.0627888 0.0226543 0.0000000 0.0088648 0.0198131 0.0425148
 46 V  46 0.0781230 0.0477065 0.0117348 0.0273010 0.0092886 0.0309824 0.0492792 0.0615316 0.0041016 0.0482960 0.0409889 0.1379227 0.0070770 0.0042806 0.0138092 0.1001443 0.1624265 0.0000000 0.0339121 0.0885790 0.0425148
 47 Y  47 0.0190480 0.0108480 0.0000000 0.0000000 0.0304945 0.0000000 0.0000000 0.0028945 0.0106186 0.0392871 0.0482072 0.0000000 0.0000000 0.2746313 0.0062489 0.0149048 0.0235651 0.0032089 0.3986908 0.0748374 0.0425148
 48 R  48 0.0268919 0.7229971 0.0000000 0.0000000 0.0000000 0.0108156 0.0000000 0.0000000 0.0646904 0.0128798 0.0468064 0.0251517 0.0000000 0.0121555 0.0000000 0.0000000 0.0000000 0.0000000 0.0109494 0.0241475 0.0425148
 49 I  49 0.0072261 0.0000000 0.0000000 0.0065855 0.0000000 0.0000000 0.0000000 0.0313375 0.0000000 0.4901156 0.1678825 0.0000000 0.0255172 0.0030660 0.0000000 0.0000000 0.0000000 0.0000000 0.0000000 0.2257549 0.0425148
 50 I  50 0.0000000 0.0000000 0.0000000 0.0000000 0.0000000 0.0042959 0.0313375 0.0000000 0.0464336 0.2056594 0.1558357 0.0026841 0.0000000 0.0375131 0.0072261 0.0000000 0.0634726 0.0000000 0.0554147 0.3476127 0.0425148
 51 S  51 0.1115603 0.0379230 0.0000000 0.0248100 0.0016030 0.0100784 0.0000000 0.3168250 0.0000000 0.0000000 0.0301694 0.0015140 0.2657691 0.0000000 0.0000000 0.1572332 0.0000000 0.0000000 0.0000000 0.0000000 0.0425148
 52 I  52 0.0075602 0.3824847 0.0000000 0.0072261 0.0000000 0.0466056 0.0342447 0.0000000 0.0000000 0.0882031 0.1839231 0.0060149 0.0205101 0.0051738 0.0068313 0.0084302 0.0114964 0.0000000 0.0457138 0.1002051 0.0453768
 53 G  53 0.0211475 0.3811164 0.0833561 0.0693028 0.0000000 0.1317213 0.0813318 0.0348657 0.0172885 0.0000000 0.0000000 0.0621359 0.0000000 0.0043503 0.0242950 0.0368045 0.0069073 0.0000000 0.0000000 0.0000000 0.0453768
 54 G  54 0.0164461 0.0000000 0.0267386 0.5401737 0.0032945 0.0111137 0.1410455 0.1483560 0.0000000 0.0000000 0.0000000 0.0000000 0.0074613 0.0036904 0.0000000 0.0531770 0.0000000 0.0000000 0.0000000 0.0000000 0.0485031
 55 A  55 0.0386543 0.0294127 0.0562392 0.0378854 0.0000000 0.3291666 0.0144525 0.0503841 0.1349893 0.0000000 0.0000000 0.1532772 0.0000000 0.0013785 0.0000000 0.0638574 0.0401003 0.0000000 0.0000000 0.0044699 0.0457325
 56 K  56 0.0143423 0.0521483 0.0000000 0.0221720 0.0000000 0.1163026 0.1041290 0.0109681 0.0032448 0.0075602 0.0197517 0.4588511 0.0087286 0.0000000 0.0075533 0.0384896 0.0807919 0.0000000 0.0000000 0.0000000 0.0549665
 57 A  57 0.0893058 0.0241971 0.0069951 0.0000000 0.0128616 0.0000000 0.0000000 0.0000000 0.0000000 0.1558840 0.1467053 0.0000000 0.0097060 0.0000000 0.0175581 0.0000000 0.0364495 0.0108468 0.0000000 0.4299633 0.0595271
 58 I  58 0.0080657 0.0000000 0.0000000 0.0000000 0.2210119 0.0000000 0.0000000 0.0100784 0.0000000 0.1676031 0.1447568 0.0215482 0.0103767 0.0084302 0.0000000 0.0075218 0.0442376 0.0000000 0.0000000 0.2989904 0.0573792
 59 I  59 0.1925179 0.0000000 0.0000000 0.0457138 0.0430058 0.0000000 0.0000000 0.0000000 0.0000000 0.2732489 0.2731262 0.0000000 0.0090567 0.0042959 0.0000000 0.0075533 0.0000000 0.0131373 0.0128616 0.0681035 0.0573792
 60 N  60 0.0000000 0.0000000 0.6391653 0.0581640 0.0000000 0.0028360 0.1225903 0.0000000 0.0132912 0.0035453 0.0398246 0.0000000 0.0000000 0.0000000 0.0000000 0.0365424 0.0000000 0.0000000 0.0000000 0.0347071 0.0493338
 61 S  61 0.0047192 0.0462978 0.0000000 0.0000000 0.2830767 0.0401596 0.0000000 0.0000000 0.2873484 0.0109753 0.0021999 0.0128616 0.0123777 0.0608027 0.0000000 0.1522825 0.0084165 0.0000000 0.0291482 0.0000000 0.0493338
 62 T  62 0.1024166 0.0586273 0.0416616 0.0000000 0.0086716 0.0000000 0.0131373 0.0158875 0.0051122 0.0306200 0.1019443 0.0267284 0.0184878 0.0330358 0.0273520 0.0650889 0.2024283 0.0421921 0.0982920 0.0623404 0.0459759
 63 V  63 0.0000000 0.0000000 0.0000000 0.0000000 0.0000000 0.0000000 0.0000000 0.0033579 0.0000000 0.5822611 0.2075275 0.0000000 0.0000000 0.0000000 0.0000000 0.0074613 0.0000000 0.0000000 0.0000000 0.1588365 0.0405557
 64 T  64 0.0363483 0.0778700 0.0241625 0.0221466 0.0000000 0.0526109 0.0100784 0.0062489 0.0225645 0.0225134 0.0366595 0.0863404 0.0083766 0.0162038 0.0278265 0.0991644 0.3024570 0.0000000 0.0314491 0.0764235 0.0405557
 65 P  65 0.0666295 0.0686758 0.0029175 0.0097021 0.0000000 0.0325934 0.0406016 0.0095280 0.0067215 0.0000000 0.0054202 0.2419224 0.0000000 0.0000000 0.3540352 0.0777315 0.0438894 0.0000000 0.0000000 0.0000000 0.0396319
 66 N  66 0.0216402 0.0138506 0.1342372 0.3213435 0.0000000 0.0215538 0.0699441 0.2513308 0.0129533 0.0020089 0.0019657 0.0183840 0.0000000 0.0000000 0.0054202 0.0560587 0.0296769 0.0000000 0.0000000 0.0000000 0.0396319
 67 M  67 0.0045552 0.0000000 0.0000000 0.0248100 0.0063457 0.0000000 0.0000000 0.0000000 0.0000000 0.0538816 0.3267981 0.0000000 0.3501741 0.0227736 0.0000000 0.0297999 0.0733633 0.0000000 0.0225667 0.0553011 0.0296305
 68 T  68 0.0092857 0.0628122 0.0197543 0.0126040 0.0000000 0.0528336 0.0937085 0.0022555 0.0127122 0.0619003 0.0085648 0.2289758 0.0000000 0.0000000 0.0000000 0.0660336 0.1887977 0.0000000 0.0000000 0.1501312 0.0296305
 69 F  69 0.0000000 0.0000000 0.0029000 0.0000000 0.0075602 0.0000000 0.0000000 0.0034174 0.0075533 0.0804066 0.2390836 0.0000000 0.0160416 0.1763696 0.0031323 0.0000000 0.0000000 0.0000000 0.4144229 0.0194820 0.0296305
 70 T  70 0.0176450 0.0372787 0.2400709 0.0022586 0.0045768 0.0514647 0.0063594 0.0466972 0.0262930 0.0000000 0.0160430 0.1238686 0.0130772 0.0046263 0.0109706 0.0623277 0.2534162 0.0039413 0.0161263 0.0214035 0.0415551
 71 K  71 0.0358336 0.0751700 0.0367344 0.0000000 0.0020890 0.1806866 0.0224675 0.0000000 0.0000000 0.0074234 0.0191520 0.3505256 0.0000000 0.0052344 0.2008825 0.0061078 0.0044902 0.0000000 0.0000000 0.0235725 0.0296305
 72 T  72 0.3002853 0.0000000 0.0723351 0.0026541 0.0209070 0.0179786 0.0000000 0.0367011 0.0180923 0.0076282 0.0243239 0.0144365 0.0728337 0.0000000 0.0098261 0.0384925 0.1646899 0.0000000 0.0140309 0.1488087 0.0359762
 73 S  73 0.0371067 0.0194478 0.0910045 0.0144365 0.0021921 0.0210944 0.0179786 0.0114138 0.0147961 0.0158139 0.0142031 0.0413185 0.0526573 0.0000000 0.0037069 0.3503727 0.2268021 0.0000000 0.0000000 0.0359769 0.0296779
 74 Q  74 0.0766636 0.0049009 0.0371175 0.1055674 0.0000000 0.1492171 0.1116460 0.1281919 0.0113704 0.0000000 0.0123147 0.0101427 0.0090582 0.0000000 0.2665333 0.0195237 0.0213565 0.0000000 0.0000000 0.0067184 0.0296779
 75 K  75 0.0189450 0.0378255 0.0497369 0.0000000 0.0718597 0.0119246 0.0000000 0.0021552 0.0000000 0.0718368 0.0171290 0.2110745 0.0071034 0.0131373 0.0000000 0.1426566 0.2911911 0.0000000 0.0000000 0.0161862 0.0372381
 76 F  76 0.0355731 0.0000000 0.0084074 0.0978048 0.0000000 0.0124233 0.0508994 0.0039524 0.0026104 0.0179786 0.0102487 0.0000000 0.0089909 0.6349815 0.0000000 0.0591701 0.0109375 0.0109753 0.0000000 0.0053686 0.0296779
 77 G  77 0.0214291 0.1083562 0.0000000 0.0000000 0.0037077 0.0145499 0.0000000 0.1427115 0.3859711 0.0434740 0.0639701 0.0276081 0.0061029 0.0379307 0.0000000 0.0000000 0.0128750 0.0178874 0.0094237 0.0695496 0.0344532
 78 Q  78 0.0741421 0.0000000 0.0000000 0.0042117 0.0000000 0.3427430 0.0438069 0.0000000 0.1757999 0.0096826 0.0361545 0.0075602 0.0111463 0.0000000 0.0000000 0.1102278 0.0362404 0.0000000 0.0471453 0.0617761 0.0393633
 79 W  79 0.0091047 0.0000000 0.0000000 0.0000000 0.0000000 0.0000000 0.0000000 0.0000000 0.0000000 0.0190207 0.0000000 0.0000000 0.0000000 0.0383527 0.0000000 0.0000000 0.0128616 0.8833533 0.0042117 0.0000000 0.0330952
 80 A  80 0.1622411 0.3040387 0.0028210 0.0029428 0.0000000 0.0082325 0.0445432 0.0034857 0.0320432 0.0025121 0.0075602 0.1362187 0.0222827 0.0091798 0.0000000 0.0697959 0.0598290 0.0000000 0.0000000 0.0427529 0.0895204
 81 D  81 0.0810165 0.0000000 0.0032769 0.5611100 0.0000000 0.0209070 0.0398013 0.0164104 0.0164146 0.0000000 0.0000000 0.0000000 0.0000000 0.0000000 0.0000000 0.0017469 0.0090836 0.0334788 0.0158771 0.0141055 0.1867712
 82 S  82 0.1165998 0.0029575 0.0529498 0.0000000 0.0000000 0.0295902 0.1071895 0.0417173 0.0087840 0.0067515 0.0057552 0.0054202 0.0034857 0.0288898 0.1290988 0.1672866 0.0687722 0.0000000 0.0223170 0.0641906 0.1382441
 83 R  83 0.0422517 0.2679600 0.0262264 0.0512826 0.0076535 0.0054202 0.0572163 0.0271335 0.0059919 0.0594926 0.0230717 0.1029318 0.0367045 0.0000000 0.0221597 0.0897738 0.0288847 0.0000000 0.0000000 0.0723358 0.0735093
 84 A  84 0.1541976 0.0000000 0.0151248 0.1002812 0.0048700 0.0711378 0.0782616 0.0639670 0.0329311 0.0000000 0.0086668 0.0766481 0.0155251 0.0357843 0.0291971 0.0449814 0.0743624 0.0000000 0.0189801 0.0085634 0.1665203
 85 N  85 0.0500809 0.0262568 0.2097093 0.0876197 0.0088928 0.0400921 0.0656938 0.1041821 0.0071614 0.0063810 0.0206788 0.0738383 0.0022555 0.0020744 0.0046580 0.0441433 0.0190986 0.0000000 0.0000000 0.0414605 0.1857228
 86 T  86 0.0058165 0.0568218 0.0138100 0.0737370 0.0286185 0.1841682 0.1991396 0.0176656 0.0000000 0.0264487 0.0000000 0.0780174 0.0107587 0.0000000 0.0000000 0.0149304 0.2072439 0.0000000 0.0000000 0.0112088 0.0716148
 87 V  87 0.0076566 0.0482421 0.0000000 0.0100784 0.0021664 0.0824889 0.0197926 0.0000000 0.0324570 0.0166173 0.0763175 0.1242800 0.0184123 0.0075402 0.0000000 0.0291629 0.0748353 0.0027464 0.0018572 0.3779933 0.0673557
 88 Y  88 0.0131373 0.0000000 0.0000000 0.0000000 0.0340051 0.0000000 0.0000000 0.0000000 0.0152581 0.0209070 0.1965341 0.0000000 0.0084165 0.2790246 0.0034857 0.0000000 0.0000000 0.0654637 0.2880717 0.0000000 0.0756963
 89 G  89 0.2609794 0.0000000 0.0000000 0.0000000 0.0140948 0.0000000 0.0000000 0.6509209 0.0000000 0.0000000 0.0112402 0.0000000 0.0089909 0.0000000 0.0000000 0.0219575 0.0000000 0.0000000 0.0000000 0.0000000 0.0318163
 90 L  90 0.0260169 0.0000000 0.0000000 0.0000000 0.0214811 0.0000000 0.0000000 0.0000000 0.0000000 0.1195347 0.6012274 0.0000000 0.0046453 0.0136799 0.0000000 0.0000000 0.0100784 0.0000000 0.0000000 0.1690871 0.0342491
 91 G  91 0.0084165 0.2559831 0.2757626 0.0027464 0.0025034 0.0089909 0.0000000 0.1443218 0.0119246 0.0000000 0.0000000 0.0496991 0.0109753 0.0000000 0.0000000 0.0513117 0.1431154 0.0000000 0.0000000 0.0000000 0.0342491
 92 F  92 0.0000000 0.0000000 0.0000000 0.0000000 0.0128616 0.0000000 0.0000000 0.0000000 0.0000000 0.0000000 0.0109753 0.0000000 0.0000000 0.9419140 0.0000000 0.0000000 0.0000000 0.0000000 0.0000000 0.0000000 0.0342491
 93 A  93 0.1583203 0.0160059 0.0156876 0.0000000 0.0018316 0.1795224 0.0067448 0.0933120 0.0000000 0.0000000 0.0207962 0.2159022 0.0058483 0.0000000 0.0177095 0.1144785 0.0688414 0.0000000 0.0090836 0.0416665 0.0342491
 94 S  94 0.0072261 0.0000000 0.0785741 0.0289103 0.0083971 0.0173909 0.0176409 0.0175001 0.0152571 0.0000000 0.0371106 0.0367616 0.0000000 0.0000000 0.0000000 0.4559224 0.2011648 0.0000000 0.0209070 0.0082634 0.0489736
 95 E  95 0.0978764 0.0077900 0.0000000 0.0184698 0.0067730 0.0714629 0.2325568 0.0111027 0.0000000 0.0225096 0.0115801 0.1598304 0.0000000 0.0000000 0.2211164 0.0365543 0.0284632 0.0000000 0.0000000 0.0249408 0.0489736
 96 Q  96 0.2088239 0.0054202 0.0142934 0.1213705 0.0000000 0.0603481 0.3846694 0.0177710 0.0198079 0.0358611 0.0024465 0.0022429 0.0050629 0.0042959 0.0043079 0.0404851 0.0157603 0.0000000 0.0000000 0.0080594 0.0489736
 97 H  97 0.0165510 0.0000000 0.0678724 0.3721554 0.0000000 0.0565523 0.2042616 0.0036496 0.0355969 0.0481655 0.0611328 0.0000000 0.0180938 0.0000000 0.0000000 0.0000000 0.0266288 0.0000000 0.0046453 0.0297206 0.0549741
 98 L  98 0.7127754 0.0000000 0.0000000 0.0000000 0.0194319 0.0000000 0.0000000 0.0109753 0.0000000 0.0000000 0.1516961 0.0000000 0.0042806 0.0000000 0.0000000 0.0109986 0.0121293 0.0000000 0.0000000 0.0209070 0.0568058
 99 T  99 0.0549306 0.1510234 0.0944314 0.1640346 0.0000000 0.0694176 0.0503442 0.0467043 0.0043824 0.0095856 0.0130278 0.0746326 0.0042521 0.0000000 0.0000000 0.0658258 0.1158668 0.0000000 0.0074613 0.0229590 0.0511205
100 Q 100 0.1845041 0.0167500 0.0321238 0.0190297 0.0198025 0.1156355 0.0795602 0.0000000 0.0160805 0.0028341 0.0828895 0.2060393 0.0148167 0.0000000 0.0000000 0.0713287 0.0575777 0.0000000 0.0027670 0.0271403 0.0511205
101 F 101 0.0000000 0.0000000 0.0000000 0.0000000 0.0000000 0.0000000 0.0000000 0.0000000 0.0000000 0.0000000 0.0089607 0.0000000 0.0000000 0.9103796 0.0000000 0.0000000 0.0000000 0.0040807 0.0041287 0.0124949 0.0599554
102 A 102 0.1767210 0.0639674 0.0000000 0.1204183 0.0157629 0.0082343 0.0329886 0.0368461 0.0081183 0.0398855 0.0287627 0.2261930 0.0254936 0.0181238 0.0000000 0.0602625 0.0062469 0.0068313 0.0292734 0.0253709 0.0704994
103 E 103 0.0525679 0.1444384 0.0546483 0.0769510 0.0162088 0.0334233 0.2415935 0.0111802 0.0161625 0.0016039 0.0125227 0.1370430 0.0018481 0.0000000 0.0000000 0.0546642 0.0470003 0.0000000 0.0000000 0.0276446 0.0704994
104 K 104 0.1974588 0.0181342 0.0052296 0.0000000 0.0163652 0.0200473 0.0209265 0.1617763 0.0122732 0.0334650 0.0301091 0.1683279 0.0106732 0.0141346 0.0000000 0.0115173 0.0444020 0.0075218 0.0064413 0.1014643 0.1197325
105 F 105 0.0000000 0.0000000 0.0000000 0.0000000 0.0000000 0.0000000 0.0000000 0.0000000 0.0000000 0.1060272 0.0433589 0.0000000 0.1205415 0.3927068 0.0000000 0.0088928 0.0000000 0.0000000 0.0170061 0.1874029 0.1240637
106 Q 106 0.0140196 0.1060731 0.0655537 0.0713359 0.0068313 0.1307533 0.2109783 0.0108976 0.0079295 0.0099766 0.0697751 0.0608452 0.0503625 0.0043549 0.0000000 0.0210332 0.0288494 0.0000000 0.0000000 0.0034728 0.1269581
107 E 107 0.0241338 0.0808641 0.0377933 0.0276076 0.0000000 0.0664764 0.3094112 0.0051620 0.0463132 0.0051263 0.0156923 0.1280472 0.0040323 0.0274855 0.0000000 0.0478754 0.0241260 0.0000000 0.0019369 0.0193108 0.1286057
108 V 108 0.4842832 0.0000000 0.0000000 0.0000000 0.1183116 0.0000000 0.0000000 0.0100784 0.0000000 0.0263088 0.0115640 0.0000000 0.0075602 0.0157406 0.0000000 0.0085700 0.0239176 0.0000000 0.0099326 0.1369939 0.1467390
109 K 109 0.0116177 0.0370081 0.0000000 0.0075533 0.0000000 0.1611041 0.0000000 0.0000000 0.0000000 0.1204819 0.2217681 0.1863402 0.0133065 0.0000000 0.0000000 0.0165742 0.0000000 0.0000000 0.0046263 0.0424041 0.1772156
110 E 110 0.0519645 0.0223020 0.0325076 0.0949520 0.0000000 0.0367903 0.3597997 0.0020614 0.0110458 0.0000000 0.0000000 0.0655380 0.0000000 0.0000000 0.0000000 0.0137938 0.0390737 0.0000000 0.0000000 0.0025068 0.2676643
111 A 111 0.1931224 0.0253354 0.0308958 0.0982636 0.0019507 0.0361037 0.0495832 0.0089309 0.0000000 0.0247767 0.0063779 0.0461268 0.0061129 0.0088928 0.0000000 0.0469778 0.0375205 0.0000000 0.0000000 0.0476921 0.3313368
112 A 112 0.1013327 0.0000000 0.0100210 0.0000000 0.0000000 0.0064747 0.0032297 0.0000000 0.0000000 0.0412672 0.3707376 0.0000000 0.0063880 0.0000000 0.0000000 0.0021188 0.0463228 0.0000000 0.0000000 0.0422211 0.3698865
113 R 113 0.0142938 0.0925540 0.0049200 0.0156773 0.0000000 0.0347796 0.0121603 0.0000000 0.0000000 0.0000000 0.0020892 0.1865918 0.0000000 0.0000000 0.0000000 0.0573680 0.0039274 0.0000000 0.0000000 0.0000000 0.5756387
114 L 114 0.0056364 0.0072607 0.0371910 0.0062393 0.0000000 0.0494309 0.0192644 0.0000000 0.0000000 0.0109749 0.0928984 0.0200762 0.0000000 0.0206112 0.0000000 0.0024072 0.0020819 0.0000000 0.0000000 0.0134880 0.7124395
115 A 115 0.1403115 0.0000000 0.0000000 0.0000000 0.0000000 0.0034768 0.0000000 0.0465914 0.0000000 0.0000000 0.0032297 0.0167478 0.0044699 0.0000000 0.0184949 0.0153741 0.0000000 0.0000000 0.0000000 0.0036264 0.7476775
116 R 116 0.0000000 0.0743481 0.0000000 0.0000000 0.0000000 0.0000000 0.0048700 0.0000000 0.0000000 0.0000000 0.0000000 0.0541687 0.0000000 0.0000000 0.0091047 0.0104904 0.0000000 0.0000000 0.0066735 0.0000000 0.8403445
117 E 117 0.0000000 0.0000000 0.0107977 0.0453780 0.0000000 0.0000000 0.0677826 0.0000000 0.0000000 0.0000000 0.0000000 0.0047702 0.0000000 0.0000000 0.0000000 0.0000000 0.0000000 0.0000000 0.0000000 0.0000000 0.8712714
