  117         A         R         N         D         C         Q         E         G         H         I         L         K         M         F         P         S         T         W         Y         V    
  1 S   1 0.0661477 0.0000000 0.2219682 0.0716854 0.0000000 0.0000000 0.0000000 0.0000000 0.0000000 0.0000000 0.0000000 0.0000000 0.0000000 0.0000000 0.0000000 0.5038358 0.1363630 0.0000000 0.0000000 0.0000000
  2 M   2 0.0162083 0.0000000 0.0000000 0.0000000 0.0000000 0.0000000 0.0000000 0.0162762 0.0000000 0.0382470 0.0919201 0.0000000 0.2509881 0.0000000 0.1026225 0.0222463 0.3256856 0.0000000 0.0400897 0.0957162
  3 A   3 0.0460667 0.0096925 0.0209244 0.0000000 0.0820507 0.0000000 0.0367884 0.0000000 0.0000000 0.0079580 0.0108189 0.0159127 0.5042202 0.0711638 0.0000000 0.1751170 0.0192866 0.0000000 0.0000000 0.0000000
  4 R   4 0.0229230 0.1285823 0.0248253 0.3483221 0.0197783 0.0000000 0.0362861 0.1009261 0.0048377 0.0073343 0.0038326 0.0049212 0.0088331 0.0028511 0.0000000 0.2749774 0.0107695 0.0000000 0.0000000 0.0000000
  5 E   5 0.0000000 0.0000000 0.0000000 0.1084975 0.0000000 0.0000000 0.8583311 0.0096004 0.0000000 0.0000000 0.0000000 0.0056041 0.0000000 0.0000000 0.0000000 0.0179669 0.0000000 0.0000000 0.0000000 0.0000000
  6 Q   6 0.0283609 0.0331714 0.0236195 0.0384783 0.0080462 0.2838538 0.2217596 0.0281731 0.0078627 0.0025918 0.0068392 0.0165273 0.0046209 0.0000000 0.0181563 0.1247665 0.0799683 0.0000000 0.0000000 0.0732043
  7 P   7 0.0563372 0.0124964 0.0000000 0.0000000 0.0393879 0.0232765 0.0550969 0.0000000 0.0404736 0.0315412 0.0000000 0.0554221 0.0000000 0.0000000 0.2226552 0.1929197 0.0381819 0.0000000 0.0614073 0.1708041
  8 I   8 0.0041362 0.0000000 0.0000000 0.0000000 0.0000000 0.0026088 0.0000000 0.0000000 0.0000000 0.3771705 0.2964770 0.0115017 0.0513503 0.0395618 0.0000000 0.0000000 0.0125023 0.0000000 0.0241952 0.1804962
  9 F   9 0.1165278 0.0000000 0.0000000 0.0000000 0.0958839 0.0000000 0.0000000 0.0043643 0.0063755 0.0270925 0.0419150 0.0000000 0.0000000 0.4468807 0.0000000 0.0081344 0.0131051 0.0000000 0.0723564 0.1673642
 10 S  10 0.0138430 0.2177348 0.0112662 0.0138103 0.0709479 0.0608303 0.0036015 0.0786669 0.0091302 0.0059001 0.0000000 0.1076261 0.0020814 0.0000000 0.0000000 0.2370585 0.1525270 0.0000000 0.0000000 0.0149759
 11 T  11 0.1523351 0.0000000 0.0342473 0.0259716 0.0494597 0.0205092 0.0860237 0.0164591 0.0971664 0.0431238 0.0530366 0.0018975 0.0272157 0.0229426 0.0000000 0.0539719 0.1016005 0.0000000 0.0000000 0.2140395
 12 R  12 0.0058559 0.6793942 0.0032629 0.0000000 0.0030653 0.0455573 0.0097545 0.0000000 0.0050895 0.0000000 0.0106525 0.0800207 0.0189150 0.0079142 0.0000000 0.0195086 0.0427871 0.0534038 0.0000000 0.0148185
 13 A  13 0.9449261 0.0000000 0.0000000 0.0000000 0.0038345 0.0000000 0.0000000 0.0224511 0.0000000 0.0000000 0.0000000 0.0000000 0.0000000 0.0000000 0.0000000 0.0092120 0.0000000 0.0000000 0.0000000 0.0195763
 14 H  14 0.0231796 0.0357763 0.0125348 0.0121064 0.0041517 0.0984102 0.0630156 0.0000000 0.1533202 0.0114996 0.0206959 0.3306501 0.0000000 0.0048080 0.0000000 0.0693749 0.0483149 0.0000000 0.0085960 0.1035658
 15 V  15 0.0078468 0.0000000 0.0000000 0.0000000 0.0000000 0.0000000 0.0000000 0.0000000 0.0000000 0.0033432 0.3918720 0.0000000 0.0000000 0.0000000 0.0000000 0.0000000 0.0000000 0.0000000 0.0000000 0.5969380
 16 F  16 0.0000000 0.0000000 0.0101604 0.0000000 0.0000000 0.0000000 0.0000000 0.0000000 0.0000000 0.0000000 0.0370623 0.0000000 0.3313829 0.4038373 0.0000000 0.0000000 0.0000000 0.0000000 0.2175570 0.0000000
 17 Q  17 0.0132895 0.3401905 0.0138214 0.0000000 0.0095136 0.1526179 0.0030188 0.0018088 0.0802404 0.0465341 0.0522806 0.0125966 0.0146069 0.0088949 0.0000000 0.0110993 0.1406679 0.0000000 0.0000000 0.0988187
 18 I  18 0.0067284 0.1788073 0.0000000 0.0000000 0.0126887 0.0000000 0.0000000 0.0000000 0.0037359 0.1418976 0.0487563 0.0000000 0.0000000 0.1842306 0.0000000 0.0074056 0.0000000 0.0475154 0.3203312 0.0479031
 19 D  19 0.0097087 0.0000000 0.0963319 0.7354992 0.0000000 0.0111665 0.0149373 0.0000000 0.0127513 0.0042695 0.0142667 0.0000000 0.0000000 0.0000000 0.0000000 0.0747354 0.0035567 0.0000000 0.0000000 0.0227768
 20 P  20 0.1082445 0.0466526 0.0530486 0.3131370 0.0000000 0.0086578 0.0511576 0.0319650 0.0000000 0.0114453 0.0131276 0.0769240 0.0000000 0.0000000 0.1864672 0.0425534 0.0412882 0.0000000 0.0082960 0.0070352
 21 A  21 0.1019699 0.0066998 0.0723053 0.1790588 0.0000000 0.0431567 0.1491570 0.0705750 0.0000000 0.0024133 0.0033518 0.0374356 0.0000000 0.0000000 0.0112379 0.2319842 0.0650470 0.0000000 0.0000000 0.0256077
 22 T  22 0.0572653 0.0000000 0.0881565 0.0000000 0.0035176 0.0312418 0.0257674 0.0946851 0.0000000 0.0101217 0.0201212 0.0099652 0.0023924 0.0000000 0.0035208 0.2420185 0.3581821 0.0033735 0.0000000 0.0496707
 23 K  23 0.0330846 0.0310759 0.0236920 0.0192933 0.0000000 0.0195478 0.0473940 0.1964671 0.0026678 0.0000000 0.0031497 0.5325507 0.0000000 0.0090477 0.0047754 0.0379646 0.0250438 0.0102530 0.0000000 0.0039926
 24 R  24 0.0201124 0.1574848 0.0044007 0.0000000 0.0000000 0.1588208 0.1704810 0.1545120 0.0000000 0.0000000 0.0211924 0.2049273 0.0045005 0.0000000 0.0086242 0.0547936 0.0293504 0.0000000 0.0000000 0.0107998
 25 N  25 0.0075116 0.0265742 0.1011822 0.0074780 0.0033947 0.0321457 0.0384945 0.0774707 0.0000000 0.0169807 0.0000000 0.0535346 0.0000000 0.0000000 0.0115172 0.0617488 0.0593229 0.4908469 0.0000000 0.0117973
 26 W  26 0.0000000 0.0000000 0.0000000 0.0000000 0.0000000 0.0000000 0.0316313 0.0000000 0.0000000 0.0000000 0.1074428 0.0000000 0.0078367 0.0000000 0.0000000 0.0000000 0.0000000 0.7892225 0.0115737 0.0522931
 27 I  27 0.0552671 0.0114125 0.0043596 0.0343447 0.0000000 0.1266761 0.0114547 0.0141759 0.0037162 0.1287979 0.1306151 0.0211528 0.0182843 0.0143887 0.1205874 0.0342009 0.0351838 0.0000000 0.0000000 0.2353823
 28 P  28 0.0237746 0.0000000 0.0000000 0.0343447 0.0119595 0.0710813 0.0211528 0.0448139 0.0000000 0.0139687 0.1085698 0.0201995 0.0087862 0.0000000 0.5636331 0.0257905 0.0302727 0.0000000 0.0000000 0.0216528
 29 A  29 0.1408434 0.0331596 0.0000000 0.0176042 0.0022724 0.0516522 0.0232135 0.0804391 0.0042971 0.0366013 0.0541940 0.3025856 0.0000000 0.0148742 0.0355995 0.1087987 0.0173769 0.0000000 0.0073835 0.0691049
 30 G  30 0.0097207 0.0064278 0.0000000 0.0433362 0.0000000 0.0073580 0.3170288 0.3778473 0.0000000 0.0000000 0.0066851 0.0033131 0.0000000 0.0075001 0.0000000 0.1932869 0.0177847 0.0000000 0.0097113 0.0000000
 31 K  31 0.0267746 0.3040965 0.0352173 0.0390104 0.0000000 0.0258733 0.0508990 0.1805513 0.0000000 0.0067188 0.0081711 0.1256869 0.0098479 0.0000000 0.0354466 0.0880063 0.0538091 0.0000000 0.0000000 0.0098910
 32 H  32 0.0390608 0.0045085 0.0000000 0.0443805 0.0047418 0.0686773 0.0064443 0.6163479 0.0453526 0.0081627 0.0030072 0.0181550 0.0000000 0.0000000 0.0000000 0.0968106 0.0130467 0.0000000 0.0000000 0.0313041
 33 A  33 0.1683615 0.0161506 0.0125942 0.0000000 0.0000000 0.0033097 0.0030221 0.0476172 0.0318505 0.0981438 0.2721133 0.0109803 0.0244355 0.0141699 0.0645262 0.0109906 0.0785047 0.0055438 0.0000000 0.1376861
 34 L  34 0.0473469 0.0000000 0.0000000 0.0000000 0.0376148 0.0039906 0.0000000 0.3080608 0.0000000 0.0433468 0.0699565 0.0000000 0.0000000 0.0000000 0.0000000 0.2525436 0.0262143 0.0000000 0.0000000 0.2109257
 35 T  35 0.0144974 0.1358568 0.0932813 0.1729358 0.0305815 0.0317966 0.0824128 0.0137202 0.0222736 0.0099894 0.0089416 0.0703933 0.0000000 0.0000000 0.0622180 0.0928457 0.1314923 0.0083128 0.0102137 0.0082373
 36 V  36 0.0048765 0.0000000 0.0000000 0.0000000 0.0131110 0.0000000 0.0000000 0.0000000 0.0000000 0.2126651 0.0940835 0.0043443 0.0404680 0.0054812 0.0000000 0.0000000 0.0000000 0.0000000 0.0000000 0.6249703
 37 S  37 0.0094366 0.0559407 0.0768838 0.0280437 0.0122542 0.0961274 0.0240143 0.0299776 0.0559769 0.0040600 0.0111016 0.2861890 0.0261020 0.0000000 0.0000000 0.1926029 0.0526595 0.0000000 0.0184271 0.0202028
 38 Y  38 0.0000000 0.0000000 0.0000000 0.0000000 0.0100023 0.0000000 0.0000000 0.0049861 0.0115478 0.4410741 0.1374507 0.0000000 0.0107790 0.1124775 0.0028289 0.0000000 0.0043153 0.0000000 0.1000841 0.1644542
 39 F  39 0.0022594 0.0291685 0.0000000 0.0000000 0.0166295 0.0000000 0.0000000 0.0000000 0.0076215 0.0420050 0.4277461 0.0041358 0.0221190 0.1530560 0.0341120 0.0157682 0.0125724 0.0000000 0.1767023 0.0561044
 40 Y  40 0.0000000 0.0970618 0.0000000 0.0028605 0.0161875 0.1713198 0.1161730 0.0000000 0.1901373 0.0000000 0.0289098 0.1896124 0.0000000 0.0293873 0.0000000 0.0051669 0.0000000 0.0133627 0.1398210 0.0000000
 41 D  41 0.0000000 0.0460130 0.2110363 0.2477446 0.0000000 0.0386092 0.0542979 0.0559250 0.2862106 0.0000000 0.0100799 0.0049710 0.0000000 0.0032390 0.0050739 0.0367996 0.0000000 0.0000000 0.0000000 0.0000000
 42 A  42 0.0848922 0.0342843 0.0541471 0.0247301 0.0055601 0.0758110 0.0208626 0.0338827 0.0168335 0.0104390 0.0195665 0.1365971 0.0092617 0.0000000 0.1382214 0.1422162 0.1122174 0.0000000 0.0347430 0.0457339
 43 T  43 0.0631938 0.0276777 0.0131008 0.0525411 0.0128264 0.0446575 0.1501378 0.1145176 0.0163343 0.0180132 0.0042471 0.0688776 0.0200232 0.0000000 0.0873799 0.0737103 0.1867707 0.0000000 0.0000000 0.0459909
 44 R  44 0.0254394 0.2528101 0.1796718 0.0252927 0.0000000 0.0173635 0.1211995 0.0189526 0.0223808 0.0000000 0.0187211 0.0749672 0.0000000 0.0045983 0.0069614 0.0924286 0.1283118 0.0000000 0.0109010 0.0000000
 45 N  45 0.0203143 0.0488530 0.3156459 0.0446772 0.0318172 0.0439778 0.0127938 0.1325912 0.0651807 0.0000000 0.0402038 0.1003788 0.0000000 0.0104321 0.0109841 0.0669175 0.0249040 0.0000000 0.0089236 0.0214050
 46 V  46 0.0780370 0.0529892 0.0121764 0.0266928 0.0099446 0.0341480 0.0519627 0.0625549 0.0041995 0.0501753 0.0392298 0.1481207 0.0073954 0.0044907 0.0148709 0.1026538 0.1704943 0.0000000 0.0369117 0.0929523
 47 Y  47 0.0198890 0.0119055 0.0000000 0.0000000 0.0330367 0.0000000 0.0000000 0.0030491 0.0111358 0.0423652 0.0494101 0.0000000 0.0000000 0.2776527 0.0069477 0.0155867 0.0253940 0.0034559 0.4184993 0.0816724
 48 R  48 0.0295596 0.7544823 0.0000000 0.0000000 0.0000000 0.0113314 0.0000000 0.0000000 0.0665904 0.0133073 0.0492055 0.0280028 0.0000000 0.0112139 0.0000000 0.0000000 0.0000000 0.0000000 0.0109022 0.0254045
 49 I  49 0.0079451 0.0000000 0.0000000 0.0073167 0.0000000 0.0000000 0.0000000 0.0343675 0.0000000 0.5104841 0.1815119 0.0000000 0.0284050 0.0033633 0.0000000 0.0000000 0.0000000 0.0000000 0.0000000 0.2266063
 50 I  50 0.0000000 0.0000000 0.0000000 0.0000000 0.0000000 0.0046374 0.0343675 0.0000000 0.0493839 0.2084130 0.1667279 0.0028783 0.0000000 0.0388950 0.0079451 0.0000000 0.0656782 0.0000000 0.0575851 0.3634885
 51 S  51 0.1156676 0.0416842 0.0000000 0.0238443 0.0017509 0.0109763 0.0000000 0.3262241 0.0000000 0.0000000 0.0327047 0.0016253 0.2863374 0.0000000 0.0000000 0.1591851 0.0000000 0.0000000 0.0000000 0.0000000
 52 I  52 0.0079274 0.4098243 0.0000000 0.0079492 0.0000000 0.0499732 0.0345816 0.0000000 0.0000000 0.0901019 0.1909320 0.0064655 0.0221233 0.0055447 0.0073539 0.0088301 0.0124076 0.0000000 0.0462105 0.0997748
 53 G  53 0.0226824 0.4103541 0.0878766 0.0724280 0.0000000 0.1319893 0.0792057 0.0358387 0.0177127 0.0000000 0.0000000 0.0643827 0.0000000 0.0047551 0.0260278 0.0405242 0.0062227 0.0000000 0.0000000 0.0000000
 54 G  54 0.0176750 0.0000000 0.0294731 0.5708763 0.0035010 0.0119910 0.1494145 0.1497995 0.0000000 0.0000000 0.0000000 0.0000000 0.0081417 0.0040159 0.0000000 0.0551121 0.0000000 0.0000000 0.0000000 0.0000000
 55 A  55 0.0388037 0.0297473 0.0601888 0.0387774 0.0000000 0.3470449 0.0157866 0.0548505 0.1383155 0.0000000 0.0000000 0.1657513 0.0000000 0.0015191 0.0000000 0.0661712 0.0381305 0.0000000 0.0000000 0.0049132
 56 K  56 0.0156358 0.0565441 0.0000000 0.0242827 0.0000000 0.1134698 0.1062153 0.0120007 0.0035370 0.0080377 0.0216253 0.4903167 0.0095158 0.0000000 0.0080675 0.0412066 0.0895451 0.0000000 0.0000000 0.0000000
 57 A  57 0.0939812 0.0261094 0.0072652 0.0000000 0.0150325 0.0000000 0.0000000 0.0000000 0.0000000 0.1650160 0.1611529 0.0000000 0.0106104 0.0000000 0.0194210 0.0000000 0.0314484 0.0117315 0.0000000 0.4582314
 58 I  58 0.0086719 0.0000000 0.0000000 0.0000000 0.2396186 0.0000000 0.0000000 0.0110832 0.0000000 0.1803057 0.1515190 0.0238492 0.0112544 0.0089115 0.0000000 0.0083839 0.0437761 0.0000000 0.0000000 0.3126264
 59 I  59 0.2083554 0.0000000 0.0000000 0.0466366 0.0477224 0.0000000 0.0000000 0.0000000 0.0000000 0.2867805 0.2832235 0.0000000 0.0100110 0.0046825 0.0000000 0.0080301 0.0000000 0.0141603 0.0149512 0.0754464
 60 N  60 0.0000000 0.0000000 0.6790246 0.0639598 0.0000000 0.0031064 0.1232711 0.0000000 0.0146228 0.0037993 0.0399658 0.0000000 0.0000000 0.0000000 0.0000000 0.0379566 0.0000000 0.0000000 0.0000000 0.0342936
 61 S  61 0.0048869 0.0467862 0.0000000 0.0000000 0.2902043 0.0435904 0.0000000 0.0000000 0.3065879 0.0126018 0.0023776 0.0148213 0.0133451 0.0655782 0.0000000 0.1606710 0.0092402 0.0000000 0.0293091 0.0000000
 62 T  62 0.1058290 0.0611685 0.0446695 0.0000000 0.0090695 0.0000000 0.0140091 0.0170455 0.0054759 0.0325269 0.1074674 0.0289113 0.0201310 0.0358973 0.0291227 0.0679180 0.2055783 0.0458242 0.1051354 0.0642205
 63 V  63 0.0000000 0.0000000 0.0000000 0.0000000 0.0000000 0.0000000 0.0000000 0.0019994 0.0000000 0.6068273 0.2145979 0.0000000 0.0000000 0.0000000 0.0000000 0.0080897 0.0000000 0.0000000 0.0000000 0.1684857
 64 T  64 0.0390595 0.0807848 0.0253575 0.0237153 0.0000000 0.0520387 0.0109213 0.0069128 0.0246953 0.0237760 0.0374892 0.0876113 0.0091751 0.0170116 0.0278894 0.1025303 0.3197660 0.0000000 0.0316396 0.0796262
 65 P  65 0.0673312 0.0729211 0.0031369 0.0105093 0.0000000 0.0353128 0.0432051 0.0101668 0.0069073 0.0000000 0.0039668 0.2493198 0.0000000 0.0000000 0.3673609 0.0824087 0.0474535 0.0000000 0.0000000 0.0000000
 66 N  66 0.0226983 0.0146294 0.1406566 0.3380964 0.0000000 0.0231244 0.0734272 0.2542681 0.0139908 0.0021323 0.0021630 0.0195743 0.0000000 0.0000000 0.0039668 0.0598695 0.0314028 0.0000000 0.0000000 0.0000000
 67 M  67 0.0049147 0.0000000 0.0000000 0.0236519 0.0063671 0.0000000 0.0000000 0.0000000 0.0000000 0.0566339 0.3337022 0.0000000 0.3631090 0.0233530 0.0000000 0.0329220 0.0734272 0.0000000 0.0240655 0.0578537
 68 T  68 0.0096917 0.0619631 0.0211788 0.0136963 0.0000000 0.0551265 0.0987329 0.0023907 0.0135423 0.0635901 0.0092537 0.2339423 0.0000000 0.0000000 0.0000000 0.0712608 0.1921282 0.0000000 0.0000000 0.1535029
 69 F  69 0.0000000 0.0000000 0.0015995 0.0000000 0.0078593 0.0000000 0.0000000 0.0033219 0.0078884 0.0835616 0.2553137 0.0000000 0.0174892 0.1771383 0.0033930 0.0000000 0.0000000 0.0000000 0.4211784 0.0212566
 70 T  70 0.0200500 0.0374366 0.2421953 0.0024390 0.0048713 0.0566128 0.0068109 0.0475246 0.0285308 0.0000000 0.0170120 0.1293426 0.0139650 0.0048784 0.0113544 0.0670990 0.2651345 0.0042977 0.0171200 0.0233253
 71 K  71 0.0375113 0.0790002 0.0377951 0.0000000 0.0019650 0.1769410 0.0240796 0.0000000 0.0000000 0.0079968 0.0203945 0.3566330 0.0000000 0.0055381 0.2141096 0.0064337 0.0059587 0.0000000 0.0000000 0.0256434
 72 T  72 0.3106502 0.0000000 0.0777128 0.0028483 0.0234516 0.0164658 0.0000000 0.0389715 0.0193268 0.0081908 0.0265916 0.0154580 0.0792299 0.0000000 0.0103649 0.0419580 0.1633860 0.0000000 0.0151471 0.1502465
 73 S  73 0.0397900 0.0207928 0.0902628 0.0153742 0.0023453 0.0233269 0.0163766 0.0122394 0.0157025 0.0172352 0.0148549 0.0448485 0.0519747 0.0000000 0.0040354 0.3605419 0.2321972 0.0000000 0.0000000 0.0381015
 74 Q  74 0.0794639 0.0050189 0.0397729 0.1106544 0.0000000 0.1485972 0.1138966 0.1377726 0.0122431 0.0000000 0.0117330 0.0110200 0.0098108 0.0000000 0.2688851 0.0212572 0.0232265 0.0000000 0.0000000 0.0066478
 75 K  75 0.0204505 0.0403429 0.0514112 0.0000000 0.0752995 0.0128037 0.0000000 0.0023134 0.0000000 0.0684658 0.0185405 0.2164969 0.0076316 0.0140342 0.0000000 0.1537398 0.3000259 0.0000000 0.0000000 0.0184439
 76 F  76 0.0381550 0.0000000 0.0091694 0.1049043 0.0000000 0.0132399 0.0550150 0.0041669 0.0027958 0.0163766 0.0106229 0.0000000 0.0097667 0.6434619 0.0000000 0.0625492 0.0116323 0.0125000 0.0000000 0.0056442
 77 G  77 0.0233015 0.1168310 0.0000000 0.0000000 0.0040522 0.0157822 0.0000000 0.1433554 0.3942488 0.0437846 0.0674964 0.0295902 0.0066313 0.0403541 0.0000000 0.0000000 0.0133931 0.0190876 0.0103653 0.0717261
 78 Q  78 0.0800888 0.0000000 0.0000000 0.0047116 0.0000000 0.3485407 0.0490651 0.0000000 0.1782661 0.0104218 0.0386163 0.0079540 0.0121731 0.0000000 0.0000000 0.1165147 0.0396172 0.0000000 0.0479393 0.0660913
 79 W  79 0.0101687 0.0000000 0.0000000 0.0000000 0.0000000 0.0000000 0.0000000 0.0000000 0.0000000 0.0211935 0.0000000 0.0000000 0.0000000 0.0407103 0.0000000 0.0000000 0.0147505 0.9085015 0.0046756 0.0000000
 80 A  80 0.1777310 0.3231915 0.0031764 0.0033042 0.0000000 0.0094463 0.0511421 0.0039798 0.0367548 0.0028273 0.0083425 0.1529997 0.0257911 0.0099419 0.0000000 0.0738735 0.0691714 0.0000000 0.0000000 0.0483264
 81 D  81 0.1019506 0.0000000 0.0041736 0.6779980 0.0000000 0.0275985 0.0505403 0.0207468 0.0211477 0.0000000 0.0000000 0.0000000 0.0000000 0.0000000 0.0000000 0.0021942 0.0115623 0.0428432 0.0199695 0.0192752
 82 S  82 0.1339754 0.0036027 0.0613340 0.0000000 0.0000000 0.0356051 0.1295316 0.0504646 0.0104808 0.0080321 0.0069504 0.0044470 0.0042136 0.0325410 0.1460535 0.1907160 0.0835336 0.0000000 0.0270288 0.0714898
 83 R  83 0.0467523 0.2862361 0.0296332 0.0571559 0.0084605 0.0041515 0.0616756 0.0307259 0.0066141 0.0655699 0.0175759 0.1101256 0.0383206 0.0000000 0.0253132 0.1019728 0.0286783 0.0000000 0.0000000 0.0810387
 84 A  84 0.1815036 0.0000000 0.0169122 0.1222440 0.0061934 0.0876389 0.0955653 0.0701062 0.0397774 0.0000000 0.0111401 0.0961794 0.0196322 0.0430828 0.0353501 0.0567758 0.0858438 0.0000000 0.0213086 0.0107463
 85 N  85 0.0633330 0.0325885 0.2534055 0.0969532 0.0114317 0.0522053 0.0814952 0.1301125 0.0090209 0.0093089 0.0269392 0.0933933 0.0028410 0.0026152 0.0057741 0.0531070 0.0230856 0.0000000 0.0000000 0.0523900
 86 T  86 0.0063564 0.0636648 0.0148963 0.0802438 0.0268417 0.1935263 0.2247557 0.0179922 0.0000000 0.0297440 0.0000000 0.0828483 0.0120926 0.0000000 0.0000000 0.0130029 0.2213884 0.0000000 0.0000000 0.0126464
 87 V  87 0.0049978 0.0524714 0.0000000 0.0113575 0.0023948 0.0915811 0.0190922 0.0000000 0.0373717 0.0186155 0.0835589 0.1274903 0.0209689 0.0081733 0.0000000 0.0339069 0.0813529 0.0026307 0.0020453 0.4019907
 88 Y  88 0.0146153 0.0000000 0.0000000 0.0000000 0.0383879 0.0000000 0.0000000 0.0000000 0.0146666 0.0244829 0.2194979 0.0000000 0.0096207 0.3004699 0.0039393 0.0000000 0.0000000 0.0691099 0.3052096 0.0000000
 89 G  89 0.2764665 0.0000000 0.0000000 0.0000000 0.0154579 0.0000000 0.0000000 0.6628775 0.0000000 0.0000000 0.0115963 0.0000000 0.0097793 0.0000000 0.0000000 0.0238225 0.0000000 0.0000000 0.0000000 0.0000000
 90 L  90 0.0280403 0.0000000 0.0000000 0.0000000 0.0230228 0.0000000 0.0000000 0.0000000 0.0000000 0.1283541 0.6087321 0.0000000 0.0048218 0.0149038 0.0000000 0.0000000 0.0109326 0.0000000 0.0000000 0.1811923
 91 G  91 0.0091946 0.2737320 0.2846043 0.0025323 0.0025602 0.0097977 0.0000000 0.1446897 0.0127432 0.0000000 0.0000000 0.0543682 0.0125396 0.0000000 0.0000000 0.0520582 0.1411800 0.0000000 0.0000000 0.0000000
 92 F  92 0.0000000 0.0000000 0.0000000 0.0000000 0.0147481 0.0000000 0.0000000 0.0000000 0.0000000 0.0000000 0.0125396 0.0000000 0.0000000 0.9727123 0.0000000 0.0000000 0.0000000 0.0000000 0.0000000 0.0000000
 93 A  93 0.1614374 0.0169257 0.0148484 0.0000000 0.0010164 0.1770948 0.0071644 0.0986516 0.0000000 0.0000000 0.0220259 0.2324565 0.0061654 0.0000000 0.0172125 0.1196962 0.0720028 0.0000000 0.0098027 0.0434993
 94 S  94 0.0080204 0.0000000 0.0854993 0.0310959 0.0089622 0.0190858 0.0183343 0.0192537 0.0164631 0.0000000 0.0410350 0.0404143 0.0000000 0.0000000 0.0000000 0.4652148 0.2143497 0.0000000 0.0237143 0.0085572
 95 E  95 0.1009110 0.0084452 0.0000000 0.0209509 0.0074979 0.0780922 0.2412740 0.0114616 0.0000000 0.0246354 0.0121157 0.1674874 0.0000000 0.0000000 0.2292543 0.0399777 0.0310315 0.0000000 0.0000000 0.0268652
 96 Q  96 0.2109195 0.0040270 0.0157274 0.1326393 0.0000000 0.0656180 0.4096333 0.0177360 0.0181363 0.0370236 0.0025842 0.0024455 0.0032118 0.0046813 0.0047496 0.0446015 0.0171021 0.0000000 0.0000000 0.0091635
 97 H  97 0.0178863 0.0000000 0.0742077 0.3913866 0.0000000 0.0614681 0.2078128 0.0040233 0.0361409 0.0527966 0.0675148 0.0000000 0.0197484 0.0000000 0.0000000 0.0000000 0.0287396 0.0000000 0.0049150 0.0333599
 98 L  98 0.7575386 0.0000000 0.0000000 0.0000000 0.0214498 0.0000000 0.0000000 0.0127952 0.0000000 0.0000000 0.1540447 0.0000000 0.0045640 0.0000000 0.0000000 0.0123337 0.0133986 0.0000000 0.0000000 0.0238754
 99 T  99 0.0592332 0.1583844 0.1008410 0.1727382 0.0000000 0.0761810 0.0544920 0.0472839 0.0048087 0.0105291 0.0142783 0.0775993 0.0045294 0.0000000 0.0000000 0.0688773 0.1160968 0.0000000 0.0082482 0.0258791
100 Q 100 0.1930038 0.0180002 0.0353462 0.0207243 0.0215701 0.1238287 0.0783361 0.0000000 0.0178010 0.0030672 0.0908066 0.2121565 0.0162612 0.0000000 0.0000000 0.0779666 0.0606823 0.0000000 0.0030403 0.0274091
101 F 101 0.0000000 0.0000000 0.0000000 0.0000000 0.0000000 0.0000000 0.0000000 0.0000000 0.0000000 0.0000000 0.0103232 0.0000000 0.0000000 0.9656886 0.0000000 0.0000000 0.0000000 0.0046940 0.0048421 0.0144520
102 A 102 0.1841597 0.0688759 0.0000000 0.1273380 0.0175984 0.0059176 0.0369995 0.0412698 0.0090522 0.0368006 0.0315117 0.2521858 0.0294122 0.0202987 0.0000000 0.0652784 0.0068592 0.0075885 0.0304449 0.0284089
103 E 103 0.0580966 0.1540687 0.0574780 0.0850418 0.0184396 0.0364140 0.2548975 0.0126622 0.0178096 0.0017794 0.0141026 0.1466198 0.0020344 0.0000000 0.0000000 0.0589824 0.0524849 0.0000000 0.0000000 0.0290884
104 K 104 0.2234753 0.0212956 0.0060549 0.0000000 0.0191849 0.0238687 0.0242156 0.1828854 0.0146039 0.0403810 0.0354870 0.1805989 0.0105494 0.0170275 0.0000000 0.0109094 0.0523013 0.0090494 0.0074831 0.1206286
105 F 105 0.0000000 0.0000000 0.0000000 0.0000000 0.0000000 0.0000000 0.0000000 0.0000000 0.0000000 0.1232550 0.0477011 0.0000000 0.1345651 0.4468532 0.0000000 0.0106197 0.0000000 0.0000000 0.0205497 0.2164562
106 Q 106 0.0165799 0.1208331 0.0794660 0.0861128 0.0080757 0.1354092 0.2488450 0.0129639 0.0102201 0.0115340 0.0777708 0.0677346 0.0568135 0.0048453 0.0000000 0.0252199 0.0335280 0.0000000 0.0000000 0.0040481
107 E 107 0.0258020 0.0921867 0.0452813 0.0331549 0.0000000 0.0780149 0.3510748 0.0061070 0.0516166 0.0061768 0.0181754 0.1511812 0.0020776 0.0290728 0.0000000 0.0572975 0.0274258 0.0000000 0.0022606 0.0230941
108 V 108 0.5664878 0.0000000 0.0000000 0.0000000 0.1448682 0.0000000 0.0000000 0.0123239 0.0000000 0.0325044 0.0145336 0.0000000 0.0088960 0.0154193 0.0000000 0.0100067 0.0307365 0.0000000 0.0125153 0.1517082
109 K 109 0.0149936 0.0441635 0.0000000 0.0092681 0.0000000 0.2024455 0.0000000 0.0000000 0.0000000 0.1499840 0.2672126 0.2207714 0.0175432 0.0000000 0.0000000 0.0205764 0.0000000 0.0000000 0.0056589 0.0473829
110 E 110 0.0702553 0.0316006 0.0468720 0.1326022 0.0000000 0.0507464 0.4770201 0.0029140 0.0156156 0.0000000 0.0000000 0.0923159 0.0000000 0.0000000 0.0000000 0.0189112 0.0576713 0.0000000 0.0000000 0.0034755
111 A 111 0.2759605 0.0388915 0.0481434 0.1448969 0.0041128 0.0556403 0.0737965 0.0137582 0.0000000 0.0381424 0.0099472 0.0722777 0.0093904 0.0139340 0.0000000 0.0740826 0.0579622 0.0000000 0.0000000 0.0690634
112 A 112 0.1540585 0.0000000 0.0168278 0.0000000 0.0000000 0.0108077 0.0055152 0.0000000 0.0000000 0.0638165 0.5967031 0.0000000 0.0106024 0.0000000 0.0000000 0.0035233 0.0679209 0.0000000 0.0000000 0.0702247
113 R 113 0.0349002 0.2065845 0.0119095 0.0388480 0.0000000 0.0837972 0.0299627 0.0000000 0.0000000 0.0000000 0.0052107 0.4439922 0.0000000 0.0000000 0.0000000 0.1350891 0.0097058 0.0000000 0.0000000 0.0000000
114 L 114 0.0201831 0.0264554 0.1306102 0.0156960 0.0000000 0.1819075 0.0718633 0.0000000 0.0000000 0.0422997 0.2992841 0.0730962 0.0000000 0.0737792 0.0000000 0.0090541 0.0075424 0.0000000 0.0000000 0.0482288
115 A 115 0.5283513 0.0000000 0.0000000 0.0000000 0.0000000 0.0146648 0.0000000 0.1950480 0.0000000 0.0000000 0.0137739 0.0711874 0.0187972 0.0000000 0.0773226 0.0652976 0.0000000 0.0000000 0.0000000 0.0155572
116 R 116 0.0000000 0.4573293 0.0000000 0.0000000 0.0000000 0.0000000 0.0322659 0.0000000 0.0000000 0.0000000 0.0000000 0.3349504 0.0000000 0.0000000 0.0611926 0.0691306 0.0000000 0.0000000 0.0451313 0.0000000
117 E 117 0.0000000 0.0000000 0.0905211 0.3467734 0.0000000 0.0000000 0.5211390 0.0000000 0.0000000 0.0000000 0.0000000 0.0415664 0.0000000 0.0000000 0.0000000 0.0000000 0.0000000 0.0000000 0.0000000 0.0000000
