  102         A         R         N         D         C         Q         E         G         H         I         L         K         M         F         P         S         T         W         Y         V    
  1 S   1 0.2699229 0.0000000 0.3159961 0.0000000 0.0000000 0.0000000 0.0000000 0.0000000 0.0000000 0.0000000 0.0000000 0.0000000 0.0000000 0.0000000 0.0000000 0.3097307 0.1043503 0.0000000 0.0000000 0.0000000
  2 S   2 0.3359299 0.0213804 0.0346679 0.0106078 0.0000000 0.1483157 0.0242132 0.0450769 0.0000000 0.0000000 0.0000000 0.1372755 0.0000000 0.0000000 0.0351469 0.1986140 0.0000000 0.0000000 0.0000000 0.0087718
  3 K   3 0.1702267 0.1539352 0.0335416 0.0000000 0.0000000 0.0930082 0.0655339 0.0000000 0.0346137 0.0000000 0.0000000 0.3051626 0.0000000 0.0000000 0.0573846 0.0268934 0.0336537 0.0000000 0.0260464 0.0000000
  4 P   4 0.0212760 0.1840655 0.1196897 0.0000000 0.0000000 0.0642241 0.0156146 0.0309777 0.0000000 0.0000000 0.0000000 0.3069441 0.0000000 0.0000000 0.2224319 0.0146394 0.0201369 0.0000000 0.0000000 0.0000000
  5 K   5 0.0207371 0.0838837 0.1120582 0.0485399 0.0000000 0.1480327 0.0682041 0.0138004 0.0099390 0.0198685 0.0078485 0.0839899 0.1860751 0.0000000 0.0693985 0.0523720 0.0302710 0.0000000 0.0000000 0.0449815
  6 Y   6 0.0389717 0.0638455 0.0123850 0.0071093 0.0000000 0.1247224 0.0259709 0.0211558 0.0241699 0.0054063 0.0429545 0.1967410 0.0226129 0.0516786 0.0122561 0.0374737 0.0604227 0.0000000 0.2198329 0.0322911
  7 N   7 0.0236231 0.0000000 0.1709474 0.2997921 0.0000000 0.0073961 0.0314368 0.0099747 0.0261119 0.0097921 0.0065178 0.0143404 0.0048099 0.0030748 0.0608059 0.1833006 0.1293893 0.0040386 0.0000000 0.0146487
  8 P   8 0.0671995 0.0455436 0.0336270 0.0198161 0.0054546 0.1345329 0.0939167 0.0672295 0.0659838 0.0028292 0.0171384 0.1054184 0.0000000 0.0000000 0.1047177 0.1013423 0.1244070 0.0000000 0.0038760 0.0069672
  9 E   9 0.0077639 0.0176588 0.0120549 0.1497706 0.0000000 0.0322595 0.0855212 0.0111081 0.0098013 0.0453802 0.4465560 0.0085770 0.0185460 0.0178963 0.0388908 0.0152888 0.0097201 0.0038542 0.0100946 0.0592578
 10 V  10 0.0563540 0.0100388 0.0103726 0.0368516 0.0000000 0.0387607 0.0150641 0.0165568 0.0017889 0.0464200 0.0157884 0.0202427 0.0040852 0.0000000 0.0251021 0.3271405 0.3121043 0.0000000 0.0000000 0.0633292
 11 E  11 0.0119537 0.0183154 0.0208019 0.1223070 0.0000000 0.0493408 0.6044818 0.0053236 0.0082838 0.0000000 0.0200085 0.0772945 0.0044858 0.0044269 0.0172572 0.0086391 0.0147904 0.0000000 0.0016650 0.0106247
 12 A  12 0.0631874 0.0068410 0.0242488 0.1738299 0.0000000 0.0569677 0.5084319 0.0140369 0.0011272 0.0104069 0.0105073 0.0394715 0.0118000 0.0074219 0.0046427 0.0461487 0.0120669 0.0000000 0.0025481 0.0063152
 13 K  13 0.0556207 0.1667915 0.0216896 0.0194525 0.0000000 0.2677824 0.2326060 0.0000000 0.0039212 0.0100684 0.0087722 0.1315115 0.0112109 0.0000000 0.0076852 0.0269074 0.0226152 0.0000000 0.0049614 0.0084040
 14 L  14 0.0108604 0.0180245 0.0016318 0.0356885 0.0000000 0.0371701 0.1877019 0.0054724 0.0000000 0.2832418 0.2325283 0.0684158 0.0376686 0.0034669 0.0018114 0.0014486 0.0078948 0.0000000 0.0030730 0.0639014
 15 D  15 0.1307506 0.0211805 0.0457476 0.1606383 0.0009986 0.0853526 0.3398243 0.0185885 0.0026673 0.0074227 0.0084466 0.1009460 0.0070060 0.0042042 0.0000000 0.0399824 0.0139584 0.0000000 0.0000000 0.0122856
 16 V  16 0.0322480 0.0174866 0.0238010 0.0504296 0.0000000 0.0556049 0.4455749 0.0754083 0.0763149 0.0167089 0.0155851 0.0710234 0.0107728 0.0186860 0.0000000 0.0029550 0.0026751 0.0046838 0.0021535 0.0778881
 17 A  17 0.0922010 0.0000000 0.0000000 0.0000000 0.0100738 0.0000000 0.0000000 0.0025596 0.0000000 0.1499077 0.4901900 0.0000000 0.0385770 0.1421365 0.0000000 0.0078198 0.0024643 0.0000000 0.0425901 0.0214804
 18 R  18 0.0175497 0.3726219 0.0214330 0.0041660 0.0023364 0.0467149 0.0330365 0.0054606 0.0214992 0.0100172 0.0336668 0.2960088 0.0149260 0.0237147 0.0000000 0.0302627 0.0054195 0.0200609 0.0277134 0.0133919
 19 R  19 0.0758666 0.1027952 0.0093581 0.0742161 0.0000000 0.0483688 0.3921786 0.0067113 0.0090476 0.0027275 0.0142420 0.1111092 0.0240846 0.0191617 0.0000000 0.0220987 0.0242312 0.0512816 0.0062275 0.0062936
 20 L  20 0.5750436 0.0090800 0.0000000 0.0000000 0.0133406 0.0038639 0.0043179 0.0059751 0.0000000 0.0835663 0.0698570 0.0000000 0.1020818 0.0058322 0.0000000 0.0095460 0.0270568 0.0000000 0.0069073 0.0835315
 21 F  21 0.0000000 0.0000000 0.0000000 0.0000000 0.0038208 0.0000000 0.0000000 0.0000000 0.0000000 0.0043367 0.0026439 0.0000000 0.0000000 0.9859654 0.0000000 0.0000000 0.0000000 0.0032332 0.0000000 0.0000000
 22 K  22 0.0605619 0.1984462 0.0743270 0.0615010 0.0118585 0.1175542 0.0555554 0.0128803 0.0115033 0.0105307 0.0086618 0.2142457 0.0130424 0.0011354 0.0000000 0.1191049 0.0186651 0.0000000 0.0000000 0.0104260
 23 R  23 0.0335705 0.0248806 0.0267959 0.0009442 0.0023761 0.0236374 0.0381998 0.0044763 0.0285119 0.0367207 0.2638032 0.0663048 0.1070713 0.0264283 0.0000000 0.0471139 0.0233566 0.0011575 0.0688113 0.1758395
 24 Y  24 0.0122962 0.0000000 0.0000000 0.0000000 0.0036161 0.0000000 0.0010005 0.0000000 0.0031448 0.0600183 0.0665459 0.0000000 0.0746535 0.6388604 0.0000000 0.0054302 0.0000000 0.0000000 0.1231359 0.0112981
 25 D  25 0.0014100 0.0011715 0.0014331 0.9783850 0.0000000 0.0049896 0.0026466 0.0028052 0.0000000 0.0000000 0.0000000 0.0000000 0.0000000 0.0000000 0.0000000 0.0022064 0.0000000 0.0000000 0.0037788 0.0011737
 26 K  26 0.0423904 0.1186255 0.0077707 0.0166381 0.0009182 0.0336477 0.0230698 0.0034551 0.0053023 0.0504892 0.0543421 0.3886023 0.0223150 0.0041432 0.0048852 0.0290420 0.1461233 0.0000000 0.0000000 0.0482399
 27 D  27 0.0018548 0.0026668 0.2098670 0.7069885 0.0000000 0.0017414 0.0301463 0.0140666 0.0087272 0.0000000 0.0000000 0.0034882 0.0000000 0.0000000 0.0000000 0.0103117 0.0101415 0.0000000 0.0000000 0.0000000
 28 G  28 0.0126040 0.0641544 0.1682523 0.0081195 0.0083495 0.0500715 0.0140559 0.4865823 0.0125596 0.0028302 0.0024211 0.1329907 0.0027095 0.0000000 0.0000000 0.0342996 0.0000000 0.0000000 0.0000000 0.0000000
 29 S  29 0.0012329 0.0151382 0.2226908 0.3873228 0.0025896 0.0021923 0.0027042 0.0121709 0.0031949 0.0000000 0.0018346 0.0142922 0.0000000 0.0000000 0.0000000 0.2988356 0.0358010 0.0000000 0.0000000 0.0000000
 30 G  30 0.0013096 0.0000000 0.0038706 0.0000000 0.0000000 0.0013542 0.0011789 0.9792771 0.0000000 0.0000000 0.0019385 0.0020810 0.0000000 0.0000000 0.0021819 0.0027028 0.0000000 0.0011479 0.0029575 0.0000000
 31 Q  31 0.0172055 0.0518264 0.0089342 0.0073176 0.0515407 0.0343699 0.0189014 0.0009133 0.0222772 0.0147989 0.0178394 0.0703149 0.0106889 0.1662404 0.0000000 0.0915205 0.1710247 0.0000000 0.2173388 0.0269470
 32 L  32 0.0000000 0.0000000 0.0000000 0.0000000 0.0000000 0.0000000 0.0000000 0.0000000 0.0000000 0.7939767 0.1304189 0.0000000 0.0077624 0.0036416 0.0000000 0.0000000 0.0000000 0.0000000 0.0000000 0.0642003
 33 Q  33 0.0045508 0.0000000 0.0619380 0.1213107 0.0031468 0.0067146 0.0549955 0.0191776 0.0046249 0.0029444 0.0010915 0.0055173 0.0000000 0.0000000 0.0027638 0.2360140 0.4752102 0.0000000 0.0000000 0.0000000
 34 D  34 0.1667200 0.1022428 0.0152945 0.0130394 0.0100577 0.0365479 0.0346875 0.0047060 0.0222140 0.0615647 0.0445352 0.1010421 0.0231298 0.0745201 0.0344355 0.0312868 0.1057550 0.0034701 0.0379764 0.0767745
 35 D  35 0.0969425 0.0342706 0.0547862 0.1890269 0.0000000 0.0689125 0.2526984 0.0284529 0.0101689 0.0018287 0.0295485 0.1210301 0.0016709 0.0007633 0.0135698 0.0573041 0.0231888 0.0016721 0.0068607 0.0073042
 36 E  36 0.0000000 0.0000000 0.0098923 0.0339208 0.0000000 0.0020228 0.9265320 0.0000000 0.0054827 0.0055038 0.0000000 0.0080518 0.0000000 0.0000000 0.0000000 0.0016454 0.0041748 0.0000000 0.0000000 0.0027737
 37 I  37 0.0051410 0.0000000 0.0000000 0.0000000 0.0030977 0.0000000 0.0000000 0.0000000 0.0000000 0.0746148 0.7182050 0.0000000 0.0655406 0.0676816 0.0000000 0.0000000 0.0025505 0.0000000 0.0044228 0.0587460
 38 A  38 0.1068410 0.1740581 0.0188402 0.0050620 0.0050578 0.0570941 0.0532827 0.1792604 0.0074708 0.0173889 0.0669000 0.1998453 0.0058787 0.0185493 0.0150266 0.0194644 0.0181707 0.0000000 0.0131530 0.0186560
 39 G  39 0.1090934 0.0369356 0.0490759 0.0698756 0.0079045 0.1073743 0.1019206 0.0325559 0.0833342 0.0262036 0.0166607 0.0212818 0.0106333 0.0065825 0.0143789 0.0918011 0.1410813 0.0000000 0.0084979 0.0648089
 40 L  40 0.1771356 0.0000000 0.0000000 0.0000000 0.0368508 0.0000000 0.0025395 0.1122070 0.0000000 0.1102296 0.1461681 0.0000000 0.0599103 0.0150615 0.0000000 0.0137020 0.0071903 0.0000000 0.0000000 0.3190053
 41 L  41 0.0154919 0.0000000 0.0000000 0.0000000 0.0276514 0.0000000 0.0000000 0.0000000 0.0000000 0.0769760 0.4108620 0.0000000 0.3630525 0.0397692 0.0025898 0.0021939 0.0025855 0.0000000 0.0020267 0.0568012
 42 K  42 0.0601574 0.3483134 0.0126009 0.0120168 0.0045718 0.0541436 0.0435254 0.0209214 0.0251832 0.0317664 0.0138869 0.1809726 0.0131990 0.0044005 0.0010247 0.0356305 0.1029024 0.0000000 0.0015950 0.0331880
 43 D  43 0.1635332 0.0336540 0.1096072 0.0549461 0.0162833 0.0134139 0.1455171 0.0159641 0.0071693 0.0037177 0.0000000 0.0753311 0.0049647 0.0052490 0.0017880 0.2912207 0.0515109 0.0000000 0.0025715 0.0035584
 44 T  44 0.0260455 0.0000000 0.0037121 0.0011099 0.0022045 0.0020166 0.0021000 0.0037026 0.0030004 0.1414352 0.5728146 0.0065203 0.0325669 0.0546586 0.0041727 0.0089328 0.0838563 0.0000000 0.0096409 0.0415101
 45 Y  45 0.0173504 0.0197128 0.0294974 0.0090288 0.0042187 0.0055499 0.0019455 0.5367559 0.0188983 0.0129138 0.0423044 0.0093816 0.0078961 0.0300301 0.0193594 0.0227056 0.0072067 0.0000000 0.1896738 0.0155706
 46 A  46 0.0767198 0.0451135 0.0268070 0.0637780 0.0164298 0.0258630 0.3096342 0.0106335 0.0154663 0.0138904 0.0378628 0.0960629 0.0508685 0.0115740 0.0042646 0.0871802 0.0207553 0.0000000 0.0754257 0.0116704
 47 E  47 0.0279371 0.0365228 0.0750736 0.1019591 0.0030130 0.0939737 0.1058563 0.0417976 0.0293569 0.0200753 0.0639990 0.1576754 0.1184119 0.0084824 0.0127601 0.0800920 0.0073471 0.0000000 0.0064086 0.0092581
 48 M  48 0.0213333 0.0047355 0.0198210 0.0167477 0.0155310 0.0146037 0.0059644 0.0087684 0.0165738 0.0264892 0.3962337 0.0040704 0.2797595 0.0488950 0.0041233 0.0338249 0.0077362 0.0025237 0.0292513 0.0430141
 49 G  49 0.0588065 0.0385428 0.0753108 0.0721024 0.0000000 0.0071008 0.0080565 0.4319282 0.0168622 0.0077416 0.0322526 0.0518308 0.0073267 0.0000000 0.0973643 0.0498173 0.0261814 0.0043097 0.0021401 0.0123253
 50 M  50 0.0258761 0.1111961 0.0126038 0.0630443 0.0150816 0.0127358 0.0477837 0.0221825 0.0225974 0.0808528 0.0580026 0.1277825 0.2024958 0.0079486 0.0471638 0.0686972 0.0239555 0.0083361 0.0045448 0.0371188
 51 S  51 0.0510883 0.0207020 0.0722785 0.0270139 0.0099691 0.0483918 0.0569358 0.0633463 0.0192004 0.0115322 0.1407010 0.0901777 0.0744718 0.0047157 0.0597313 0.0630139 0.0642366 0.0000000 0.0322802 0.0902135
 52 N  52 0.0125205 0.0059097 0.0425862 0.1242197 0.0011262 0.0216364 0.0665172 0.5233688 0.0063570 0.0135906 0.0474348 0.0372128 0.0052599 0.0055657 0.0106680 0.0238398 0.0287917 0.0000000 0.0055206 0.0178744
 53 F  53 0.0173818 0.0325102 0.0100900 0.0682724 0.0049423 0.2064407 0.0934421 0.0199856 0.0857486 0.0600312 0.0951569 0.0207102 0.0037703 0.0532949 0.0021277 0.0571630 0.0321622 0.0040103 0.1053406 0.0274189
 54 T  54 0.0717539 0.0427653 0.1860185 0.0441229 0.0097678 0.0594161 0.0949811 0.0789850 0.0226757 0.0051622 0.0283854 0.1054398 0.0021362 0.0180973 0.0750104 0.0492057 0.0785353 0.0057349 0.0086268 0.0131800
 55 P  55 0.0690891 0.0047134 0.0105452 0.0288088 0.0181915 0.0363723 0.0669419 0.0065220 0.0050420 0.0802800 0.1182021 0.0169100 0.0199542 0.0189210 0.3812962 0.0273988 0.0162652 0.0020609 0.0024592 0.0700262
 56 T  56 0.0413775 0.0184711 0.0309160 0.0178177 0.0044055 0.0012200 0.0250808 0.0157587 0.0011105 0.0173546 0.0416282 0.0268055 0.0097971 0.0024866 0.0632538 0.2013322 0.4622259 0.0000000 0.0000000 0.0189583
 57 K  57 0.0494271 0.0371992 0.0173903 0.2380563 0.0000000 0.0399918 0.3539216 0.0293116 0.0119779 0.0120039 0.0260972 0.0701679 0.0047027 0.0014837 0.0520062 0.0140477 0.0050681 0.0013076 0.0113314 0.0245078
 58 E  58 0.1729328 0.0178949 0.0104273 0.1410606 0.0010771 0.0648536 0.3510790 0.0239053 0.0054410 0.0026182 0.0064766 0.0340889 0.0022132 0.0016073 0.0337277 0.0723314 0.0201447 0.0000000 0.0027724 0.0353480
 59 D  59 0.0127909 0.0112997 0.0148632 0.1528493 0.0010243 0.0493967 0.5846459 0.0012800 0.0224556 0.0254142 0.0087867 0.0498924 0.0026871 0.0074760 0.0000000 0.0114936 0.0161184 0.0010441 0.0109056 0.0155764
 60 V  60 0.0222949 0.0000000 0.0000000 0.0000000 0.0297954 0.0000000 0.0010726 0.0010940 0.0000000 0.2285749 0.3596518 0.0000000 0.0138658 0.0248179 0.0000000 0.0014883 0.0127055 0.0053953 0.0018600 0.2973837
 61 K  61 0.0360552 0.1187505 0.0321442 0.2055917 0.0022102 0.1540808 0.1737304 0.0043946 0.0253948 0.0081255 0.0170478 0.1502148 0.0047263 0.0015379 0.0035082 0.0151516 0.0284762 0.0000000 0.0113581 0.0075009
 62 I  62 0.0920871 0.0520941 0.0265034 0.1947735 0.0037258 0.0709788 0.2422515 0.0270369 0.0035085 0.0360182 0.0276102 0.0859420 0.0291414 0.0041741 0.0000000 0.0367554 0.0289302 0.0142088 0.0076761 0.0165839
 63 W  63 0.0487319 0.0000000 0.0000000 0.0000000 0.0122287 0.0000000 0.0000000 0.0000000 0.0000000 0.2145720 0.1774792 0.0000000 0.3839529 0.0314755 0.0000000 0.0053778 0.0183839 0.0449720 0.0263687 0.0364573
 64 L  64 0.0044206 0.0011426 0.0000000 0.0000000 0.0000000 0.0000000 0.0000000 0.0000000 0.0035881 0.4612745 0.1213650 0.0029873 0.1915356 0.1492728 0.0014055 0.0059940 0.0026743 0.0000000 0.0015385 0.0528012
 65 Q  65 0.0933769 0.1696110 0.1171726 0.0880845 0.0062782 0.1467873 0.1105278 0.0149366 0.0127984 0.0035708 0.0139843 0.1151617 0.0089467 0.0021819 0.0000000 0.0706858 0.0174678 0.0000000 0.0015364 0.0068914
 66 M  66 0.1194060 0.0248506 0.0150408 0.0676003 0.0046157 0.0383659 0.4162935 0.0134753 0.0036444 0.0150707 0.0355137 0.0647620 0.0813644 0.0000000 0.0010483 0.0168792 0.0183263 0.0000000 0.0016299 0.0621130
 67 A  67 0.3191900 0.0000000 0.0060649 0.0000000 0.0018469 0.0000000 0.0053588 0.0168115 0.0021725 0.0774542 0.0415623 0.0000000 0.0817042 0.0447402 0.0000000 0.0033671 0.0197351 0.0000000 0.0396568 0.3403353
 68 D  68 0.0000000 0.0000000 0.0038875 0.9801228 0.0000000 0.0032955 0.0067404 0.0000000 0.0000000 0.0000000 0.0000000 0.0000000 0.0000000 0.0000000 0.0000000 0.0026141 0.0000000 0.0000000 0.0033397 0.0000000
 69 T  69 0.1299876 0.0481533 0.0081368 0.0033304 0.0027907 0.0452993 0.0307241 0.0108426 0.0034304 0.0788753 0.0758225 0.1182187 0.0154130 0.0079509 0.0288804 0.0534620 0.1991823 0.0000000 0.0015377 0.1379621
 70 N  70 0.0011270 0.0000000 0.2853523 0.6648561 0.0000000 0.0000000 0.0199932 0.0011637 0.0083147 0.0000000 0.0000000 0.0078392 0.0011291 0.0000000 0.0000000 0.0029979 0.0045533 0.0000000 0.0000000 0.0026735
 71 S  71 0.0090125 0.0574626 0.1383359 0.0056541 0.0040392 0.0229867 0.0068726 0.5811260 0.0221456 0.0000000 0.0053196 0.1060947 0.0024099 0.0000000 0.0000000 0.0329509 0.0043404 0.0012492 0.0000000 0.0000000
 72 D  72 0.0030579 0.0011877 0.2067681 0.6079948 0.0000000 0.0041385 0.0031229 0.0064588 0.0000000 0.0000000 0.0022720 0.0173025 0.0000000 0.0014221 0.0000000 0.1336516 0.0126231 0.0000000 0.0000000 0.0000000
 73 G  73 0.0024052 0.0083093 0.0037706 0.0062702 0.0000000 0.0000000 0.0040734 0.9584210 0.0030025 0.0000000 0.0000000 0.0049909 0.0000000 0.0000000 0.0000000 0.0087568 0.0000000 0.0000000 0.0000000 0.0000000
 74 S  74 0.0273898 0.1412283 0.0164301 0.0044712 0.0334826 0.0940575 0.0586970 0.0061951 0.0156465 0.0107470 0.0409711 0.1605251 0.0148957 0.0366465 0.0000000 0.0539243 0.1884874 0.0000000 0.0345182 0.0616866
 75 V  75 0.0000000 0.0000000 0.0000000 0.0000000 0.0000000 0.0000000 0.0000000 0.0000000 0.0000000 0.6126204 0.0778363 0.0000000 0.0080001 0.0050013 0.0000000 0.0000000 0.0033305 0.0000000 0.0000000 0.2932113
 76 S  76 0.0025787 0.0049872 0.1474168 0.4295239 0.0057187 0.0031233 0.0617166 0.0049102 0.0000000 0.0000000 0.0000000 0.0016099 0.0008283 0.0018504 0.0000000 0.2380111 0.0891213 0.0000000 0.0071883 0.0014152
 77 L  77 0.0157166 0.0110833 0.0008357 0.0000000 0.0089833 0.0037978 0.0135576 0.0000000 0.0031410 0.0500213 0.1032861 0.0191319 0.0081976 0.4122645 0.0014030 0.0028474 0.0076508 0.0009299 0.3230959 0.0140563
 78 E  78 0.0305935 0.0092759 0.0519966 0.1753730 0.0000000 0.1019411 0.3055108 0.0745252 0.0114312 0.0195564 0.0095500 0.0224633 0.0014803 0.0046601 0.0622459 0.0599614 0.0402529 0.0000000 0.0113874 0.0077950
 79 E  79 0.0026715 0.0000000 0.0020407 0.0555177 0.0000000 0.0019645 0.9159928 0.0105843 0.0000000 0.0000000 0.0000000 0.0029988 0.0000000 0.0000000 0.0000000 0.0028322 0.0000000 0.0000000 0.0000000 0.0053975
 80 Y  80 0.0000000 0.0000000 0.0000000 0.0000000 0.0023027 0.0000000 0.0000000 0.0000000 0.0000000 0.0121143 0.0523420 0.0000000 0.0124790 0.8477669 0.0000000 0.0018457 0.0000000 0.0093544 0.0576982 0.0040967
 81 E  81 0.0448116 0.0410818 0.0007535 0.0000000 0.0486459 0.0110703 0.0854711 0.0095572 0.0084300 0.0962342 0.2193233 0.0559554 0.0465732 0.0029438 0.0000000 0.0191888 0.0191497 0.0012519 0.0111767 0.2783815
 82 D  82 0.2746745 0.0578584 0.0512173 0.0427969 0.0072358 0.0823726 0.1351405 0.0113611 0.0272201 0.0092573 0.0077693 0.0669882 0.0081226 0.0008218 0.0028174 0.0548753 0.1202693 0.0010720 0.0139827 0.0241467
 83 L  83 0.1253519 0.0012217 0.0010443 0.0000000 0.0039831 0.0000000 0.0000000 0.0076994 0.0000000 0.1071880 0.2083768 0.0021754 0.3593818 0.0374715 0.0013837 0.0253557 0.0089144 0.0046991 0.0160617 0.0896915
 84 I  84 0.0221957 0.0000000 0.0055937 0.0000000 0.0433507 0.0000000 0.0000000 0.0022350 0.0021247 0.0785205 0.0795840 0.0016913 0.5617387 0.0176074 0.0000000 0.0105787 0.0411066 0.0041261 0.0044577 0.1250892
 85 I  85 0.1526705 0.1013923 0.0048969 0.0053955 0.0043981 0.0588305 0.0380875 0.0404166 0.0029599 0.1089355 0.1363989 0.0655166 0.0614910 0.0000000 0.0000000 0.0552813 0.1254786 0.0000000 0.0091312 0.0287191
 86 K  86 0.0353489 0.2263910 0.0282904 0.0357712 0.0000000 0.0501975 0.0144623 0.0154234 0.0804583 0.0020218 0.0086861 0.2857031 0.0167811 0.0000000 0.0406100 0.1289736 0.0156745 0.0000000 0.0073107 0.0078960
 87 S  87 0.0493605 0.0298509 0.0237681 0.0415131 0.0205482 0.0503227 0.0267097 0.1542721 0.0107833 0.0289807 0.0434145 0.2261555 0.0246796 0.0210150 0.0099252 0.1379955 0.0642745 0.0000000 0.0230877 0.0133431
 88 L  88 0.0203295 0.0229168 0.0851887 0.0244207 0.0000000 0.0232234 0.0527356 0.0111930 0.0058823 0.0616946 0.3495565 0.0249540 0.1881223 0.0123009 0.0095762 0.0393797 0.0291169 0.0000000 0.0097729 0.0296360
 89 Q  89 0.0261022 0.1198310 0.0190632 0.0331103 0.0025874 0.0736376 0.0616905 0.0597286 0.0320671 0.0159500 0.0256030 0.2627110 0.0201652 0.0114205 0.0483712 0.0696520 0.0537438 0.0000000 0.0063525 0.0582130
 90 K  90 0.0168915 0.0194242 0.0507192 0.1040770 0.0040602 0.0885858 0.2774915 0.0329388 0.0340221 0.0072079 0.0304124 0.1116623 0.0531577 0.0031475 0.0273582 0.1112087 0.0190704 0.0000000 0.0023626 0.0062021
 91 A  91 0.1648479 0.0332714 0.1264627 0.0349603 0.0135470 0.1547527 0.0709402 0.0255065 0.0088247 0.0110966 0.0142540 0.0646733 0.0456555 0.0063939 0.0209078 0.0722480 0.0984677 0.0000000 0.0017632 0.0314267
 92 G  92 0.0338552 0.0358974 0.0549874 0.1823422 0.0000000 0.0451474 0.0570589 0.3657007 0.0062803 0.0056568 0.0213718 0.0531206 0.0120306 0.0000000 0.0159669 0.0287672 0.0136609 0.0000000 0.0126027 0.0555533
 93 I  93 0.0557560 0.0227972 0.0302613 0.1778447 0.0023526 0.0252155 0.0493709 0.0079060 0.0276554 0.1635758 0.0384714 0.0725316 0.0407115 0.0265363 0.0152721 0.0862835 0.0720204 0.0057664 0.0209928 0.0586786
 94 R  94 0.0171312 0.1078001 0.0146797 0.0747308 0.0000000 0.0457853 0.2160626 0.0106574 0.0082381 0.0107485 0.0323777 0.1416933 0.0080031 0.0000000 0.0224385 0.2107041 0.0441603 0.0000000 0.0000000 0.0347893
 95 V  95 0.0357246 0.0139116 0.0029956 0.0435221 0.0200553 0.0453999 0.2787923 0.0043539 0.0254408 0.0881688 0.1820402 0.0426980 0.0132048 0.0093123 0.0143297 0.0374865 0.0532837 0.0057427 0.0132479 0.0702894
 96 E  96 0.0089637 0.0353199 0.0088959 0.1269343 0.0000000 0.0309942 0.5559754 0.0037418 0.0043699 0.0308823 0.0133306 0.0413671 0.0297377 0.0063918 0.0000000 0.0387017 0.0448928 0.0000000 0.0148241 0.0046767
 97 K  97 0.0107963 0.1026058 0.0555245 0.0714785 0.0000000 0.1412755 0.3812321 0.0165944 0.0478981 0.0000000 0.0090626 0.0739495 0.0131686 0.0135966 0.0000000 0.0251993 0.0088920 0.0000000 0.0056339 0.0230924
 98 Q  98 0.0379377 0.0581824 0.0332942 0.0271086 0.0000000 0.0483409 0.1555526 0.0029444 0.0034678 0.1443528 0.3574846 0.0373615 0.0230474 0.0187525 0.0000000 0.0051523 0.0085026 0.0000000 0.0263259 0.0121916
 99 S  99 0.0394985 0.3157613 0.0232671 0.0564944 0.0000000 0.0874641 0.1375612 0.0000000 0.0043026 0.0065678 0.0344912 0.1608640 0.0043398 0.0339751 0.0000000 0.0657168 0.0045882 0.0056593 0.0112050 0.0082437
100 L 100 0.0426222 0.0250752 0.0367503 0.0555787 0.0000000 0.0033188 0.3230204 0.0000000 0.0555971 0.0683354 0.1181722 0.0582300 0.0242755 0.0372959 0.0065579 0.0443076 0.0650047 0.0000000 0.0000000 0.0358580
101 V 101 0.6178736 0.0000000 0.0112651 0.0000000 0.0159435 0.0000000 0.0038500 0.0061351 0.0039272 0.0699725 0.0882294 0.0000000 0.0131981 0.0035265 0.0000000 0.0126443 0.0074250 0.0000000 0.0052893 0.1407204
102 F 102 0.0000000 0.0000000 0.0000000 0.0000000 0.0000000 0.0000000 0.0000000 0.0000000 0.0000000 0.0289555 0.0000000 0.0000000 0.0000000 0.9467412 0.0000000 0.0000000 0.0000000 0.0000000 0.0243034 0.0000000
