  102         A         R         N         D         C         Q         E         G         H         I         L         K         M         F         P         S         T         W         Y         V         X    
  1 S   1 0.0155196 0.0000000 0.0182238 0.0000000 0.0000000 0.0000000 0.0000000 0.0000000 0.0000000 0.0000000 0.0000000 0.0000000 0.0000000 0.0000000 0.0000000 0.0180847 0.0058505 0.0000000 0.0000000 0.0000000 0.9423214
  2 S   2 0.0572823 0.0029939 0.0049922 0.0015216 0.0000000 0.0210259 0.0034225 0.0065702 0.0000000 0.0000000 0.0000000 0.0195366 0.0000000 0.0000000 0.0050069 0.0293338 0.0000000 0.0000000 0.0000000 0.0012194 0.8470948
  3 K   3 0.0303815 0.0370911 0.0059537 0.0000000 0.0000000 0.0166989 0.0117893 0.0000000 0.0062198 0.0000000 0.0000000 0.0554956 0.0000000 0.0000000 0.0099409 0.0048298 0.0059114 0.0000000 0.0046650 0.0000000 0.8110229
  4 P   4 0.0044352 0.0384961 0.0251137 0.0000000 0.0000000 0.0134770 0.0031495 0.0064760 0.0000000 0.0000000 0.0000000 0.0744713 0.0000000 0.0000000 0.0469682 0.0030386 0.0040574 0.0000000 0.0000000 0.0000000 0.7803169
  5 K   5 0.0051349 0.0198818 0.0267429 0.0122205 0.0000000 0.0348461 0.0163590 0.0032384 0.0023450 0.0046638 0.0019322 0.0206759 0.0542277 0.0000000 0.0164876 0.0124800 0.0072158 0.0000000 0.0000000 0.0106799 0.7508684
  6 Y   6 0.0099456 0.0164053 0.0032325 0.0018050 0.0000000 0.0373773 0.0068392 0.0054707 0.0061301 0.0014231 0.0110325 0.0561701 0.0060019 0.0132019 0.0032027 0.0097824 0.0156634 0.0000000 0.0560509 0.0084132 0.7318520
  7 N   7 0.0084899 0.0000000 0.0631504 0.1184106 0.0000000 0.0030899 0.0113992 0.0036597 0.0094115 0.0035577 0.0023359 0.0050249 0.0017528 0.0010828 0.0219201 0.0671869 0.0461162 0.0014693 0.0000000 0.0054029 0.6265393
  8 P   8 0.0308608 0.0202815 0.0145541 0.0084860 0.0023716 0.0596418 0.0416954 0.0292757 0.0289768 0.0012474 0.0074561 0.0455963 0.0000000 0.0000000 0.0461655 0.0502494 0.0592695 0.0000000 0.0017070 0.0031831 0.5489818
  9 E   9 0.0038602 0.0086668 0.0062362 0.0854316 0.0000000 0.0164939 0.0421579 0.0055158 0.0050728 0.0225056 0.2270354 0.0043341 0.0093656 0.0086818 0.0196562 0.0079416 0.0054727 0.0018803 0.0051798 0.0292111 0.4853005
 10 V  10 0.0301140 0.0051178 0.0057696 0.0193066 0.0000000 0.0209957 0.0085123 0.0088206 0.0009433 0.0239179 0.0082049 0.0108888 0.0021893 0.0000000 0.0131863 0.1835350 0.1641257 0.0000000 0.0000000 0.0327767 0.4615955
 11 E  11 0.0067753 0.0103917 0.0119066 0.0700895 0.0000000 0.0277800 0.3539217 0.0030182 0.0046687 0.0000000 0.0116259 0.0451803 0.0025722 0.0025052 0.0096325 0.0051905 0.0082537 0.0000000 0.0009456 0.0057215 0.4198209
 12 A  12 0.0425208 0.0044690 0.0160765 0.1193114 0.0000000 0.0385865 0.3496330 0.0093779 0.0007675 0.0069197 0.0070379 0.0259976 0.0077593 0.0048835 0.0030696 0.0304883 0.0080127 0.0000000 0.0017396 0.0042713 0.3190778
 13 K  13 0.0387433 0.1171101 0.0151553 0.0136673 0.0000000 0.1853192 0.1658255 0.0000000 0.0027293 0.0070290 0.0066121 0.0919835 0.0077696 0.0000000 0.0054046 0.0205034 0.0159136 0.0000000 0.0033502 0.0058828 0.2970010
 14 L  14 0.0080764 0.0131595 0.0012762 0.0268367 0.0000000 0.0283149 0.1417346 0.0038447 0.0000000 0.2097197 0.1693774 0.0513212 0.0276149 0.0025345 0.0013173 0.0010668 0.0060108 0.0000000 0.0022329 0.0478346 0.2577267
 15 D  15 0.1107245 0.0180381 0.0380371 0.1382529 0.0008546 0.0720578 0.3020009 0.0159366 0.0022515 0.0064092 0.0069918 0.0859147 0.0062764 0.0034925 0.0000000 0.0339957 0.0116955 0.0000000 0.0000000 0.0105772 0.1364930
 16 V  16 0.0284076 0.0159306 0.0218953 0.0457613 0.0000000 0.0505037 0.4111618 0.0703795 0.0705853 0.0147739 0.0139963 0.0647188 0.0103462 0.0182533 0.0000000 0.0026432 0.0024082 0.0044344 0.0020173 0.0681401 0.0836433
 17 A  17 0.0838320 0.0000000 0.0000000 0.0000000 0.0092506 0.0000000 0.0000000 0.0022779 0.0000000 0.1478507 0.4633823 0.0000000 0.0362959 0.1288127 0.0000000 0.0073392 0.0022378 0.0000000 0.0388202 0.0191277 0.0607730
 18 R  18 0.0170037 0.3486444 0.0200693 0.0048349 0.0021729 0.0445566 0.0316801 0.0050479 0.0204503 0.0097901 0.0331602 0.2815848 0.0140091 0.0223122 0.0000000 0.0278085 0.0050711 0.0184272 0.0264673 0.0128350 0.0540744
 19 R  19 0.0729822 0.0964365 0.0093747 0.0695996 0.0000000 0.0453724 0.3770668 0.0061696 0.0093437 0.0028992 0.0133596 0.1068807 0.0218775 0.0182086 0.0000000 0.0211067 0.0226471 0.0493933 0.0061410 0.0063398 0.0448009
 20 L  20 0.5656295 0.0085450 0.0000000 0.0000000 0.0128186 0.0035854 0.0040143 0.0057128 0.0000000 0.0791533 0.0661655 0.0000000 0.0988237 0.0055165 0.0000000 0.0087855 0.0261868 0.0000000 0.0065420 0.0824639 0.0260571
 21 F  21 0.0000000 0.0000000 0.0000000 0.0000000 0.0033210 0.0000000 0.0000000 0.0000000 0.0000000 0.0039135 0.0023138 0.0000000 0.0000000 0.9635526 0.0000000 0.0000000 0.0000000 0.0031190 0.0000000 0.0000000 0.0237801
 22 K  22 0.0579894 0.2011641 0.0729950 0.0598068 0.0110570 0.1156448 0.0547118 0.0119042 0.0112877 0.0099867 0.0086878 0.2084082 0.0127772 0.0010958 0.0000000 0.1153634 0.0184943 0.0000000 0.0000000 0.0099782 0.0186477
 23 R  23 0.0337834 0.0233999 0.0262681 0.0009168 0.0022862 0.0224191 0.0382521 0.0045076 0.0280905 0.0354894 0.2548443 0.0625276 0.1036451 0.0261517 0.0000000 0.0458504 0.0240627 0.0010956 0.0674763 0.1807873 0.0181459
 24 Y  24 0.0114737 0.0000000 0.0000000 0.0000000 0.0033502 0.0000000 0.0009326 0.0000000 0.0029147 0.0583860 0.0640768 0.0000000 0.0729882 0.6330830 0.0000000 0.0050662 0.0000000 0.0000000 0.1187293 0.0109611 0.0180385
 25 D  25 0.0013197 0.0013801 0.0013331 0.9684723 0.0000000 0.0046650 0.0023978 0.0026011 0.0000000 0.0000000 0.0000000 0.0000000 0.0000000 0.0000000 0.0000000 0.0019890 0.0000000 0.0000000 0.0033210 0.0013821 0.0111386
 26 K  26 0.0422994 0.1167058 0.0084982 0.0176748 0.0008894 0.0331287 0.0225318 0.0034330 0.0061277 0.0492752 0.0537001 0.3867610 0.0211661 0.0036230 0.0049328 0.0278554 0.1432349 0.0000000 0.0000000 0.0468450 0.0113176
 27 D  27 0.0017554 0.0024765 0.2062471 0.6963033 0.0000000 0.0016247 0.0286145 0.0131206 0.0092478 0.0000000 0.0000000 0.0032609 0.0000000 0.0000000 0.0000000 0.0097622 0.0097233 0.0000000 0.0000000 0.0000000 0.0178638
 28 G  28 0.0122629 0.0643022 0.1659478 0.0077855 0.0080568 0.0486135 0.0146840 0.4791901 0.0121887 0.0026011 0.0023553 0.1275346 0.0025304 0.0000000 0.0000000 0.0325966 0.0000000 0.0000000 0.0000000 0.0000000 0.0193506
 29 S  29 0.0011667 0.0154330 0.2263430 0.3787606 0.0024109 0.0020580 0.0025920 0.0114389 0.0029223 0.0000000 0.0018096 0.0136802 0.0000000 0.0000000 0.0000000 0.2922638 0.0350232 0.0000000 0.0000000 0.0000000 0.0140978
 30 G  30 0.0012371 0.0000000 0.0035924 0.0000000 0.0000000 0.0012675 0.0010969 0.9705821 0.0000000 0.0000000 0.0018154 0.0019387 0.0000000 0.0000000 0.0019987 0.0025983 0.0000000 0.0010758 0.0027593 0.0000000 0.0100377
 31 Q  31 0.0175204 0.0507034 0.0085707 0.0070116 0.0514878 0.0332976 0.0188383 0.0008787 0.0222429 0.0139895 0.0176905 0.0693806 0.0102309 0.1683321 0.0000000 0.0890851 0.1691359 0.0000000 0.2199296 0.0261774 0.0054971
 32 L  32 0.0000000 0.0000000 0.0000000 0.0000000 0.0000000 0.0000000 0.0000000 0.0000000 0.0000000 0.7989491 0.1239292 0.0000000 0.0070947 0.0032187 0.0000000 0.0000000 0.0000000 0.0000000 0.0000000 0.0633353 0.0034731
 33 Q  33 0.0042697 0.0000000 0.0593521 0.1202991 0.0031331 0.0062710 0.0541616 0.0188567 0.0044776 0.0027593 0.0010498 0.0049262 0.0000000 0.0000000 0.0026764 0.2425346 0.4717596 0.0000000 0.0000000 0.0000000 0.0034731
 34 D  34 0.1727050 0.1003908 0.0146564 0.0121744 0.0097445 0.0342872 0.0320637 0.0043929 0.0214211 0.0585485 0.0430643 0.0965460 0.0228138 0.0750374 0.0324917 0.0308855 0.1043618 0.0032981 0.0377916 0.0740155 0.0193098
 35 D  35 0.1038279 0.0345914 0.0504216 0.1825559 0.0000000 0.0650609 0.2440898 0.0270045 0.0093331 0.0017857 0.0272822 0.1171503 0.0015739 0.0007363 0.0133714 0.0560817 0.0214529 0.0015590 0.0063608 0.0068117 0.0289489
 36 E  36 0.0000000 0.0000000 0.0105399 0.0324240 0.0000000 0.0019143 0.8975711 0.0000000 0.0049617 0.0049510 0.0000000 0.0073868 0.0000000 0.0000000 0.0000000 0.0014921 0.0038936 0.0000000 0.0000000 0.0026287 0.0322368
 37 I  37 0.0046650 0.0000000 0.0000000 0.0000000 0.0027788 0.0000000 0.0000000 0.0000000 0.0000000 0.0689195 0.6992318 0.0000000 0.0626018 0.0646019 0.0000000 0.0000000 0.0022834 0.0000000 0.0040302 0.0539770 0.0369106
 38 A  38 0.0983284 0.1756072 0.0170616 0.0046252 0.0048310 0.0533305 0.0519297 0.1692779 0.0068746 0.0158326 0.0643426 0.1880567 0.0058574 0.0169719 0.0135935 0.0178247 0.0170175 0.0000000 0.0118804 0.0175474 0.0492093
 39 G  39 0.1011979 0.0349576 0.0441204 0.0658867 0.0074396 0.0991697 0.0948630 0.0291666 0.0865087 0.0234893 0.0150670 0.0191402 0.0096127 0.0057904 0.0126005 0.0838771 0.1322778 0.0000000 0.0078865 0.0591437 0.0678046
 40 L  40 0.1625119 0.0000000 0.0000000 0.0000000 0.0337879 0.0000000 0.0021372 0.1040803 0.0000000 0.1003466 0.1280318 0.0000000 0.0548382 0.0134881 0.0000000 0.0131544 0.0061854 0.0000000 0.0000000 0.3048078 0.0766304
 41 L  41 0.0150221 0.0000000 0.0000000 0.0000000 0.0250842 0.0000000 0.0000000 0.0000000 0.0000000 0.0667756 0.3716966 0.0000000 0.3423380 0.0368329 0.0023088 0.0019617 0.0022879 0.0000000 0.0017411 0.0520042 0.0819471
 42 K  42 0.0546999 0.3082864 0.0111670 0.0110073 0.0039638 0.0483889 0.0372915 0.0188663 0.0213333 0.0278359 0.0122754 0.1612165 0.0114225 0.0038731 0.0008982 0.0316876 0.0998030 0.0000000 0.0013870 0.0285756 0.1060208
 43 D  43 0.1351139 0.0293431 0.0993680 0.0452509 0.0140895 0.0106942 0.1214270 0.0128979 0.0061226 0.0030271 0.0000000 0.0618021 0.0040275 0.0042759 0.0014250 0.2410195 0.0434999 0.0000000 0.0020980 0.0029595 0.1615583
 44 T  44 0.0198325 0.0000000 0.0029836 0.0008822 0.0017737 0.0017804 0.0016978 0.0030223 0.0023764 0.1140176 0.4634658 0.0050576 0.0251682 0.0435434 0.0031149 0.0068950 0.0632915 0.0000000 0.0072630 0.0325524 0.2012814
 45 Y  45 0.0094293 0.0112732 0.0161536 0.0050695 0.0025531 0.0031924 0.0010907 0.3163609 0.0107113 0.0083190 0.0256976 0.0057334 0.0045410 0.0164056 0.0109433 0.0132552 0.0038588 0.0000000 0.1058419 0.0090228 0.4205474
 46 A  46 0.0446511 0.0268671 0.0157715 0.0380664 0.0113498 0.0151018 0.1931352 0.0064022 0.0088341 0.0092463 0.0226900 0.0567593 0.0287172 0.0066812 0.0024520 0.0514241 0.0121513 0.0000000 0.0445211 0.0071459 0.3980323
 47 E  47 0.0184435 0.0220929 0.0444353 0.0594706 0.0019063 0.0538644 0.0611911 0.0262078 0.0168864 0.0118655 0.0375560 0.1033934 0.0719668 0.0049338 0.0072686 0.0475982 0.0045336 0.0000000 0.0037885 0.0053366 0.3972607
 48 M  48 0.0137452 0.0028838 0.0115758 0.0096515 0.0090761 0.0091037 0.0035363 0.0051609 0.0098478 0.0146546 0.2468084 0.0023694 0.1685785 0.0299379 0.0031020 0.0199506 0.0045672 0.0014538 0.0183303 0.0259695 0.3896968
 49 G  49 0.0280205 0.0220347 0.0352024 0.0332062 0.0000000 0.0032858 0.0037891 0.2036002 0.0077211 0.0036669 0.0148861 0.0247305 0.0033133 0.0000000 0.0449517 0.0262307 0.0148131 0.0020251 0.0011607 0.0056865 0.5216755
 50 M  50 0.0120004 0.0530167 0.0059838 0.0322572 0.0069888 0.0061491 0.0242574 0.0105319 0.0107091 0.0368621 0.0271599 0.0633231 0.0944414 0.0036680 0.0219189 0.0373860 0.0114736 0.0038563 0.0020163 0.0182876 0.5177124
 51 S  51 0.0237792 0.0094639 0.0330332 0.0124336 0.0046939 0.0221703 0.0292324 0.0303584 0.0087756 0.0052628 0.0694844 0.0391359 0.0348447 0.0023032 0.0274846 0.0279247 0.0302925 0.0000000 0.0152186 0.0409672 0.5331408
 52 N  52 0.0091219 0.0039205 0.0271025 0.0841141 0.0007515 0.0143553 0.0455715 0.3532197 0.0042594 0.0088815 0.0318737 0.0263165 0.0037125 0.0035389 0.0071058 0.0168594 0.0194278 0.0000000 0.0035506 0.0122170 0.3241000
 53 F  53 0.0117967 0.0234722 0.0072627 0.0471182 0.0033172 0.1447575 0.0629140 0.0133597 0.0573385 0.0405513 0.0626474 0.0139397 0.0025391 0.0342575 0.0015126 0.0387501 0.0227011 0.0026268 0.0688946 0.0181809 0.3220620
 54 T  54 0.0491295 0.0294570 0.1333467 0.0305948 0.0063967 0.0403843 0.0659791 0.0548529 0.0147618 0.0035085 0.0200910 0.0717544 0.0014601 0.0122002 0.0526280 0.0347318 0.0539715 0.0037922 0.0057615 0.0087769 0.3064210
 55 P  55 0.0491251 0.0031677 0.0073379 0.0212217 0.0130100 0.0248596 0.0472444 0.0046215 0.0038820 0.0560085 0.0848038 0.0128679 0.0140203 0.0133091 0.2683363 0.0200824 0.0116556 0.0014091 0.0017054 0.0507783 0.2905532
 56 T  56 0.0356043 0.0149946 0.0253984 0.0150689 0.0039093 0.0009912 0.0207149 0.0142621 0.0009927 0.0144756 0.0356678 0.0222597 0.0087781 0.0020802 0.0525553 0.1690293 0.3950453 0.0000000 0.0000000 0.0169907 0.1511816
 57 K  57 0.0450769 0.0336329 0.0153592 0.2253303 0.0000000 0.0362270 0.3335231 0.0262460 0.0109933 0.0107657 0.0249439 0.0627469 0.0043275 0.0014468 0.0478221 0.0132030 0.0045797 0.0013776 0.0107399 0.0227033 0.0689552
 58 E  58 0.1626238 0.0167880 0.0127300 0.1306345 0.0010022 0.0610002 0.3292257 0.0218753 0.0050375 0.0025161 0.0058227 0.0317485 0.0026555 0.0014596 0.0302664 0.0681583 0.0192108 0.0000000 0.0026573 0.0323307 0.0622571
 59 D  59 0.0134219 0.0108764 0.0140388 0.1426917 0.0009523 0.0459628 0.5640376 0.0011998 0.0213967 0.0236501 0.0080407 0.0484447 0.0026105 0.0071324 0.0000000 0.0116692 0.0157573 0.0009791 0.0102438 0.0154228 0.0414716
 60 V  60 0.0211961 0.0000000 0.0000000 0.0000000 0.0290627 0.0000000 0.0010199 0.0010993 0.0000000 0.2218817 0.3565098 0.0000000 0.0128817 0.0231072 0.0000000 0.0013851 0.0127281 0.0052865 0.0018124 0.2902066 0.0218230
 61 K  61 0.0348720 0.1165244 0.0313651 0.2034360 0.0020916 0.1550676 0.1650703 0.0041727 0.0239223 0.0084538 0.0164559 0.1475369 0.0046055 0.0014596 0.0035102 0.0146453 0.0280845 0.0000000 0.0110093 0.0070277 0.0206891
 62 I  62 0.0883544 0.0510893 0.0253983 0.1970573 0.0034225 0.0704336 0.2414998 0.0259597 0.0034355 0.0340906 0.0280537 0.0837929 0.0276116 0.0040964 0.0000000 0.0353164 0.0277960 0.0150315 0.0072568 0.0154906 0.0148131
 63 W  63 0.0497924 0.0000000 0.0000000 0.0000000 0.0131127 0.0000000 0.0000000 0.0000000 0.0000000 0.2107366 0.1736357 0.0000000 0.3840290 0.0303230 0.0000000 0.0049510 0.0179138 0.0418300 0.0245848 0.0370543 0.0120367
 64 L  64 0.0040887 0.0010806 0.0000000 0.0000000 0.0000000 0.0000000 0.0000000 0.0000000 0.0033421 0.4610262 0.1164507 0.0028045 0.1884570 0.1498866 0.0013200 0.0058759 0.0025881 0.0000000 0.0015272 0.0524139 0.0091384
 65 Q  65 0.0919424 0.1714637 0.1194151 0.0872360 0.0060780 0.1432543 0.1087504 0.0155754 0.0128218 0.0034720 0.0135867 0.1143224 0.0087081 0.0021779 0.0000000 0.0695287 0.0168957 0.0000000 0.0014966 0.0065899 0.0066850
 66 M  66 0.1186385 0.0251514 0.0142371 0.0665834 0.0041600 0.0390212 0.4196897 0.0131194 0.0038336 0.0148318 0.0351141 0.0631060 0.0791970 0.0000000 0.0010225 0.0162974 0.0174589 0.0000000 0.0018075 0.0600455 0.0066850
 67 A  67 0.3162414 0.0000000 0.0059524 0.0000000 0.0017746 0.0000000 0.0049510 0.0168516 0.0021300 0.0779109 0.0398703 0.0000000 0.0806357 0.0448304 0.0000000 0.0032439 0.0187524 0.0000000 0.0410391 0.3391311 0.0066850
 68 D  68 0.0000000 0.0000000 0.0035059 0.9697530 0.0000000 0.0029526 0.0061861 0.0000000 0.0000000 0.0000000 0.0000000 0.0000000 0.0000000 0.0000000 0.0000000 0.0023382 0.0000000 0.0000000 0.0030016 0.0000000 0.0122626
 69 T  69 0.1323621 0.0479851 0.0075793 0.0032264 0.0026699 0.0446162 0.0301619 0.0107268 0.0032573 0.0781369 0.0745224 0.1148371 0.0144592 0.0079459 0.0271413 0.0515497 0.1961574 0.0000000 0.0014815 0.1371820 0.0140017
 70 N  70 0.0010447 0.0000000 0.2749597 0.6617974 0.0000000 0.0000000 0.0189607 0.0010844 0.0075651 0.0000000 0.0000000 0.0071960 0.0010517 0.0000000 0.0000000 0.0028280 0.0041750 0.0000000 0.0000000 0.0024352 0.0169022
 71 S  71 0.0088710 0.0554926 0.1376364 0.0054225 0.0038310 0.0225958 0.0064667 0.5773361 0.0218028 0.0000000 0.0051480 0.1037204 0.0023331 0.0000000 0.0000000 0.0326933 0.0041219 0.0011820 0.0000000 0.0000000 0.0113462
 72 D  72 0.0029005 0.0011205 0.2081141 0.5996787 0.0000000 0.0036230 0.0028902 0.0068457 0.0000000 0.0000000 0.0022308 0.0162241 0.0000000 0.0013356 0.0000000 0.1318556 0.0125848 0.0000000 0.0000000 0.0000000 0.0105965
 73 G  73 0.0022805 0.0075985 0.0035310 0.0061047 0.0000000 0.0000000 0.0038725 0.9518368 0.0028749 0.0000000 0.0000000 0.0046399 0.0000000 0.0000000 0.0000000 0.0081854 0.0000000 0.0000000 0.0000000 0.0000000 0.0090758
 74 S  74 0.0261496 0.1415527 0.0156784 0.0042787 0.0339048 0.0939826 0.0578569 0.0054508 0.0151778 0.0103980 0.0407833 0.1560210 0.0147304 0.0362971 0.0000000 0.0547370 0.1884217 0.0000000 0.0348439 0.0606596 0.0090758
 75 V  75 0.0000000 0.0000000 0.0000000 0.0000000 0.0000000 0.0000000 0.0000000 0.0000000 0.0000000 0.6111649 0.0753511 0.0000000 0.0072517 0.0046065 0.0000000 0.0000000 0.0029568 0.0000000 0.0000000 0.2869594 0.0117096
 76 S  76 0.0024109 0.0046650 0.1464995 0.4289011 0.0054999 0.0029147 0.0606459 0.0048302 0.0000000 0.0000000 0.0000000 0.0015215 0.0007926 0.0017290 0.0000000 0.2322795 0.0872393 0.0000000 0.0066249 0.0013890 0.0120569
 77 L  77 0.0165866 0.0119730 0.0008068 0.0000000 0.0087437 0.0036356 0.0132881 0.0000000 0.0031139 0.0491494 0.0985539 0.0202535 0.0082128 0.4066530 0.0013559 0.0025990 0.0072050 0.0010156 0.3207316 0.0134958 0.0126269
 78 E  78 0.0304844 0.0089770 0.0502690 0.1722419 0.0000000 0.1018963 0.3020759 0.0723091 0.0118880 0.0194435 0.0093262 0.0221770 0.0014555 0.0043936 0.0634071 0.0580376 0.0389907 0.0000000 0.0118927 0.0076078 0.0131268
 79 E  79 0.0024352 0.0000000 0.0018803 0.0526204 0.0000000 0.0021856 0.9015474 0.0100680 0.0000000 0.0000000 0.0000000 0.0027821 0.0000000 0.0000000 0.0000000 0.0026712 0.0000000 0.0000000 0.0000000 0.0049510 0.0188588
 80 Y  80 0.0000000 0.0000000 0.0000000 0.0000000 0.0020751 0.0000000 0.0000000 0.0000000 0.0000000 0.0110679 0.0505771 0.0000000 0.0132357 0.8217218 0.0000000 0.0016607 0.0000000 0.0087481 0.0525622 0.0039621 0.0343893
 81 E  81 0.0437382 0.0405775 0.0006994 0.0000000 0.0460773 0.0103508 0.0777297 0.0091865 0.0076982 0.0916175 0.2148182 0.0529968 0.0433022 0.0027431 0.0000000 0.0183218 0.0187362 0.0011483 0.0103739 0.2662619 0.0436226
 82 D  82 0.2573949 0.0539747 0.0477967 0.0386469 0.0064891 0.0767244 0.1283461 0.0116653 0.0260472 0.0083454 0.0073101 0.0622825 0.0075993 0.0007497 0.0025304 0.0500373 0.1157146 0.0009799 0.0123278 0.0231817 0.0618559
 83 L  83 0.1110189 0.0010607 0.0009091 0.0000000 0.0035050 0.0000000 0.0000000 0.0069017 0.0000000 0.0950887 0.1850131 0.0018986 0.3267048 0.0324298 0.0012052 0.0233836 0.0079709 0.0041866 0.0137567 0.0794364 0.1055303
 84 I  84 0.0194830 0.0000000 0.0047964 0.0000000 0.0373355 0.0000000 0.0000000 0.0018814 0.0017676 0.0666552 0.0686830 0.0013889 0.4949818 0.0146924 0.0000000 0.0087467 0.0352185 0.0032187 0.0037845 0.1061142 0.1312521
 85 I  85 0.1259403 0.0806244 0.0038595 0.0042437 0.0034003 0.0468161 0.0294189 0.0315036 0.0022872 0.0820889 0.1064633 0.0520598 0.0486665 0.0000000 0.0000000 0.0431756 0.0993330 0.0000000 0.0069246 0.0225847 0.2106094
 86 K  86 0.0255453 0.1692995 0.0201873 0.0252605 0.0000000 0.0354777 0.0105702 0.0106635 0.0572684 0.0013932 0.0061433 0.2033071 0.0114638 0.0000000 0.0286040 0.0922879 0.0109754 0.0000000 0.0051063 0.0054776 0.2809687
 87 S  87 0.0323571 0.0184246 0.0147249 0.0251643 0.0129061 0.0322878 0.0166838 0.0990372 0.0065754 0.0184866 0.0269993 0.1487474 0.0160323 0.0139042 0.0065937 0.0858569 0.0405834 0.0000000 0.0141053 0.0085738 0.3619559
 88 L  88 0.0113331 0.0129971 0.0476033 0.0134572 0.0000000 0.0125220 0.0286296 0.0062223 0.0031455 0.0332761 0.1927537 0.0134040 0.1091774 0.0067261 0.0051955 0.0215864 0.0164810 0.0000000 0.0053996 0.0163428 0.4437473
 89 Q  89 0.0138367 0.0642455 0.0099706 0.0180577 0.0013811 0.0421775 0.0320556 0.0318045 0.0169915 0.0081406 0.0131994 0.1416315 0.0107419 0.0061505 0.0263876 0.0359455 0.0278796 0.0000000 0.0033516 0.0311674 0.4648838
 90 K  90 0.0086576 0.0099744 0.0261593 0.0597670 0.0020789 0.0447009 0.1422538 0.0179487 0.0173476 0.0039419 0.0155262 0.0565462 0.0275124 0.0015903 0.0135131 0.0565167 0.0092384 0.0000000 0.0011986 0.0031289 0.4823992
 91 A  91 0.0800431 0.0171865 0.0616002 0.0173892 0.0066296 0.0766274 0.0359613 0.0126665 0.0043696 0.0055139 0.0073506 0.0325876 0.0222127 0.0031945 0.0104825 0.0384990 0.0521245 0.0000000 0.0008664 0.0154928 0.4992022
 92 G  92 0.0150285 0.0162753 0.0237632 0.0852049 0.0000000 0.0196625 0.0253024 0.1609375 0.0026282 0.0024738 0.0091750 0.0230498 0.0060494 0.0000000 0.0073088 0.0125629 0.0064038 0.0000000 0.0055625 0.0240937 0.5545178
 93 I  93 0.0269168 0.0106206 0.0141287 0.0846015 0.0010790 0.0115022 0.0232338 0.0037019 0.0126010 0.0738771 0.0184353 0.0332433 0.0188435 0.0117535 0.0071012 0.0430079 0.0334026 0.0026509 0.0099774 0.0268069 0.5325148
 94 R  94 0.0079688 0.0497846 0.0067486 0.0347373 0.0000000 0.0213532 0.1056413 0.0056191 0.0036071 0.0050105 0.0144497 0.0652318 0.0035270 0.0000000 0.0099112 0.1003455 0.0205532 0.0000000 0.0000000 0.0161986 0.5293124
 95 V  95 0.0189147 0.0060798 0.0012870 0.0188569 0.0085641 0.0198607 0.1252003 0.0018638 0.0108874 0.0375128 0.0786760 0.0181179 0.0065959 0.0039915 0.0060013 0.0158874 0.0224361 0.0025780 0.0053022 0.0305588 0.5608275
 96 E  96 0.0047649 0.0161066 0.0038428 0.0549676 0.0000000 0.0135319 0.2477015 0.0016207 0.0018950 0.0135387 0.0057424 0.0176935 0.0132587 0.0027720 0.0000000 0.0167432 0.0193480 0.0000000 0.0065469 0.0019965 0.5579291
 97 K  97 0.0041429 0.0399306 0.0209560 0.0283640 0.0000000 0.0542653 0.1494222 0.0062531 0.0183871 0.0000000 0.0034194 0.0288102 0.0052764 0.0051509 0.0000000 0.0095526 0.0033845 0.0000000 0.0021393 0.0085450 0.6120006
 98 Q  98 0.0140202 0.0214620 0.0126643 0.0101243 0.0000000 0.0177571 0.0575954 0.0011162 0.0013194 0.0558206 0.1369202 0.0138759 0.0085319 0.0068148 0.0000000 0.0019215 0.0032802 0.0000000 0.0096876 0.0045023 0.6225860
 99 S  99 0.0142208 0.1162022 0.0086511 0.0208369 0.0000000 0.0301524 0.0487224 0.0000000 0.0015619 0.0023533 0.0126589 0.0590430 0.0015031 0.0121434 0.0000000 0.0235057 0.0016290 0.0020802 0.0041657 0.0029455 0.6376245
100 L 100 0.0152032 0.0083888 0.0122621 0.0185236 0.0000000 0.0011167 0.1118203 0.0000000 0.0189970 0.0234570 0.0388608 0.0195001 0.0078404 0.0126857 0.0021853 0.0146684 0.0219282 0.0000000 0.0000000 0.0124294 0.6601330
101 V 101 0.1935474 0.0000000 0.0034804 0.0000000 0.0049756 0.0000000 0.0011707 0.0018638 0.0011886 0.0213693 0.0271178 0.0000000 0.0040368 0.0010677 0.0000000 0.0038968 0.0022502 0.0000000 0.0016247 0.0417893 0.6906207
102 F 102 0.0000000 0.0000000 0.0000000 0.0000000 0.0000000 0.0000000 0.0000000 0.0000000 0.0000000 0.0072339 0.0000000 0.0000000 0.0000000 0.2685594 0.0000000 0.0000000 0.0000000 0.0000000 0.0061054 0.0000000 0.7181013
