  172         A         R         N         D         C         Q         E         G         H         I         L         K         M         F         P         S         T         W         Y         V    
  1 G   1 0.2195058 0.0000000 0.2100471 0.0000000 0.0000000 0.0000000 0.0000000 0.1661444 0.0000000 0.0000000 0.0000000 0.0000000 0.0000000 0.0000000 0.0000000 0.4043027 0.0000000 0.0000000 0.0000000 0.0000000
  2 I   2 0.0000000 0.0000000 0.0000000 0.0000000 0.0000000 0.0000000 0.0000000 0.0000000 0.0000000 0.2199405 0.6952736 0.0000000 0.0063558 0.0557972 0.0000000 0.0000000 0.0000000 0.0000000 0.0000000 0.0226329
  3 K   3 0.0530340 0.0482592 0.0790606 0.0410591 0.0000000 0.1316581 0.1402282 0.0000000 0.0066046 0.0000000 0.0041762 0.3143252 0.0000000 0.0000000 0.0000000 0.0545314 0.1270635 0.0000000 0.0000000 0.0000000
  4 Q   4 0.0564731 0.0209312 0.0786889 0.1165989 0.0000000 0.2071320 0.1306831 0.0270622 0.0113249 0.0225852 0.0000000 0.0904138 0.0000000 0.0000000 0.0000000 0.0165940 0.0279133 0.0000000 0.0000000 0.1935993
  5 Y   5 0.0000000 0.0000000 0.0057762 0.0000000 0.0037903 0.0000000 0.0000000 0.0000000 0.0000000 0.0269011 0.3163935 0.0000000 0.0685699 0.3794276 0.0000000 0.0000000 0.0000000 0.0138935 0.1852479 0.0000000
  6 S   6 0.1063458 0.0000000 0.0557409 0.1826170 0.0000000 0.0000000 0.0877383 0.0669678 0.0000000 0.0000000 0.0000000 0.0821195 0.0000000 0.0000000 0.0034158 0.2340611 0.1809940 0.0000000 0.0000000 0.0000000
  7 Q   7 0.0221170 0.0234920 0.0970619 0.0702386 0.0000000 0.0896215 0.0746143 0.3175937 0.0182991 0.0000000 0.0000000 0.1576805 0.0127215 0.0000000 0.0691617 0.0174706 0.0299275 0.0000000 0.0000000 0.0000000
  8 E   8 0.0280536 0.0089590 0.0000000 0.0349409 0.0000000 0.2540266 0.4379848 0.0000000 0.0860550 0.0303402 0.0269139 0.0473373 0.0000000 0.0000000 0.0000000 0.0000000 0.0146953 0.0000000 0.0000000 0.0306935
  9 E   9 0.0000000 0.0493202 0.1604520 0.1164112 0.0000000 0.1466617 0.2480932 0.0000000 0.0000000 0.0057996 0.0134409 0.1207400 0.0689146 0.0000000 0.0635168 0.0024915 0.0041582 0.0000000 0.0000000 0.0000000
 10 L  10 0.0130987 0.0628138 0.0000000 0.0000000 0.0000000 0.0000000 0.0000000 0.0000000 0.0000000 0.1189726 0.2046261 0.3957248 0.0407242 0.0175376 0.0000000 0.0000000 0.0000000 0.0000000 0.0428847 0.1036174
 11 K  11 0.0365131 0.0283640 0.1264546 0.1190985 0.0000000 0.0943656 0.1769137 0.0000000 0.0167050 0.0041396 0.0000000 0.1418442 0.0000000 0.0000000 0.0110097 0.1957767 0.0383310 0.0000000 0.0104843 0.0000000
 12 E  12 0.0108804 0.0043021 0.0594308 0.0341525 0.0000000 0.0412729 0.7201494 0.0000000 0.0279867 0.0000000 0.0000000 0.0465230 0.0000000 0.0000000 0.0000000 0.0189493 0.0000000 0.0000000 0.0255044 0.0108484
 13 M  13 0.0053117 0.0083332 0.0049671 0.0000000 0.0046860 0.0000000 0.0377146 0.0000000 0.0000000 0.0245878 0.4451834 0.0948917 0.2646752 0.0192407 0.0324580 0.0167645 0.0180071 0.0000000 0.0000000 0.0231790
 14 A  14 0.1202759 0.0052290 0.0143893 0.0087517 0.0000000 0.0000000 0.0000000 0.0000000 0.0000000 0.0000000 0.0000000 0.0000000 0.0000000 0.0000000 0.0482068 0.7178591 0.0852883 0.0000000 0.0000000 0.0000000
 15 L  15 0.0049533 0.0000000 0.0330133 0.0242071 0.0000000 0.0000000 0.0855386 0.0000000 0.0000000 0.0125069 0.2964072 0.0056117 0.4127716 0.1038968 0.0119508 0.0000000 0.0000000 0.0000000 0.0000000 0.0091428
 16 V  16 0.0434783 0.0000000 0.0000000 0.0000000 0.0000000 0.0000000 0.0165982 0.0000000 0.0000000 0.4476090 0.0754825 0.0143781 0.0149114 0.0000000 0.0000000 0.0224967 0.0499209 0.0000000 0.0000000 0.3151249
 17 E  17 0.0000000 0.0000000 0.0511799 0.4389021 0.0000000 0.0000000 0.4768698 0.0000000 0.0116603 0.0000000 0.0000000 0.0000000 0.0000000 0.0000000 0.0000000 0.0213880 0.0000000 0.0000000 0.0000000 0.0000000
 18 I  18 0.0324245 0.0000000 0.0000000 0.0000000 0.0000000 0.0268632 0.0000000 0.0000000 0.0000000 0.2358445 0.2155181 0.0107049 0.0637994 0.0136483 0.0000000 0.0000000 0.0167604 0.0075822 0.0000000 0.3768544
 19 A  19 0.8567187 0.0000000 0.0000000 0.0000000 0.0273759 0.0000000 0.0000000 0.0035473 0.0000000 0.0099560 0.0060761 0.0000000 0.0000000 0.0054752 0.0000000 0.0000000 0.0134379 0.0000000 0.0000000 0.0774129
 20 H  20 0.0096860 0.0791992 0.0379123 0.0000000 0.0000000 0.0024274 0.0138244 0.0090975 0.2409773 0.0000000 0.0000000 0.0330482 0.0000000 0.0877552 0.0000000 0.0156467 0.0440748 0.0000000 0.4008151 0.0255360
 21 E  21 0.3336331 0.0000000 0.0186629 0.0468861 0.0000000 0.0276713 0.2618229 0.0000000 0.0437504 0.0149498 0.0319387 0.0237856 0.0127569 0.0268021 0.0000000 0.0421846 0.0617413 0.0000000 0.0275372 0.0258770
 22 L  22 0.0171808 0.0000000 0.0000000 0.0000000 0.0000000 0.0043659 0.0000000 0.0000000 0.0000000 0.5564338 0.1814839 0.0064633 0.0147167 0.0058002 0.0000000 0.0000000 0.0000000 0.0058451 0.0658900 0.1418202
 23 F  23 0.0560465 0.0000000 0.0000000 0.0000000 0.0000000 0.0000000 0.0000000 0.0000000 0.0000000 0.0204265 0.8258760 0.0000000 0.0719464 0.0257046 0.0000000 0.0000000 0.0000000 0.0000000 0.0000000 0.0000000
 24 E  24 0.1131148 0.0467650 0.0717816 0.0227483 0.0038024 0.0605768 0.2453595 0.0041161 0.0360312 0.0239536 0.0172934 0.1849387 0.0039996 0.0000000 0.0000000 0.0733627 0.0481475 0.0000000 0.0000000 0.0440089
 25 E  25 0.0685319 0.0381221 0.0544830 0.1208583 0.0000000 0.1242743 0.3227052 0.0133659 0.0153958 0.0000000 0.0218122 0.1167043 0.0000000 0.0015674 0.0000000 0.0421075 0.0313123 0.0000000 0.0138937 0.0148662
 26 H  26 0.0733296 0.1723529 0.0934981 0.0000000 0.0000000 0.0565142 0.0748860 0.0046657 0.1274203 0.0000000 0.0000000 0.2744352 0.0000000 0.0000000 0.0000000 0.0287194 0.0646265 0.0000000 0.0066435 0.0229087
 27 K  27 0.0361591 0.0790312 0.0928821 0.0031273 0.0000000 0.0442604 0.0223361 0.3619210 0.0239085 0.0076087 0.0000000 0.3155722 0.0000000 0.0000000 0.0000000 0.0055349 0.0000000 0.0000000 0.0076586 0.0000000
 28 K  28 0.0178072 0.0770257 0.1003544 0.0651237 0.0000000 0.0881611 0.3301142 0.0249066 0.0036939 0.0000000 0.0000000 0.1689106 0.0000000 0.0000000 0.0000000 0.0309873 0.0893076 0.0000000 0.0000000 0.0036077
 29 P  29 0.1736429 0.0241801 0.0060761 0.0035943 0.0000000 0.0157673 0.0917886 0.0066435 0.0000000 0.0110880 0.0000000 0.0205011 0.0000000 0.0000000 0.3569803 0.0655303 0.0951404 0.0000000 0.0000000 0.1290669
 30 V  30 0.0046657 0.0000000 0.0000000 0.0081009 0.0000000 0.0206653 0.0000000 0.0000000 0.0055349 0.0826162 0.0680638 0.0120480 0.5002897 0.1061421 0.0000000 0.0182354 0.0417357 0.0000000 0.0293899 0.1025124
 31 P  31 0.0878760 0.0000000 0.1720815 0.0958363 0.0000000 0.0218707 0.0246080 0.0065239 0.0895524 0.0000000 0.0173563 0.0279067 0.0000000 0.0111963 0.1000703 0.1069760 0.0907098 0.0000000 0.1315492 0.0158868
 32 F  32 0.0142907 0.0000000 0.0000000 0.0000000 0.0000000 0.0000000 0.0000000 0.0000000 0.0000000 0.0421647 0.0980931 0.0000000 0.0000000 0.6757322 0.0000000 0.0000000 0.0000000 0.0000000 0.1697192 0.0000000
 33 Q  33 0.0635481 0.1062188 0.1298135 0.0545322 0.0000000 0.1118508 0.0290088 0.0027001 0.0219723 0.0066435 0.0168220 0.0622454 0.0094275 0.0043104 0.0208071 0.1675790 0.0260583 0.0000000 0.1169223 0.0495397
 34 E  34 0.0547600 0.0000000 0.0340156 0.5071243 0.0000000 0.0358823 0.2270510 0.0000000 0.0041828 0.0081308 0.0000000 0.0585880 0.0000000 0.0000000 0.0000000 0.0501999 0.0165179 0.0000000 0.0000000 0.0035473
 35 L  35 0.0000000 0.0000000 0.0000000 0.0000000 0.0000000 0.0000000 0.0000000 0.0000000 0.0000000 0.2701850 0.6906012 0.0000000 0.0038024 0.0354114 0.0000000 0.0000000 0.0000000 0.0000000 0.0000000 0.0000000
 36 L  36 0.0606911 0.0064402 0.0000000 0.0000000 0.0000000 0.0000000 0.0000000 0.0000000 0.0000000 0.2043645 0.1754962 0.0000000 0.0649329 0.0261165 0.0000000 0.0000000 0.0562049 0.1668660 0.0090975 0.2297902
 37 N  37 0.0336133 0.0155305 0.3103798 0.1131041 0.0000000 0.0994838 0.1082324 0.0206743 0.0163806 0.0155099 0.0240001 0.1722280 0.0158948 0.0000000 0.0000000 0.0076586 0.0242811 0.0000000 0.0000000 0.0230285
 38 E  38 0.0985660 0.0144063 0.0000000 0.0333939 0.0000000 0.0642471 0.6111490 0.0121239 0.0000000 0.0177442 0.0143391 0.0606572 0.0000000 0.0000000 0.0000000 0.0276629 0.0101333 0.0000000 0.0273759 0.0082012
 39 I  39 0.0311129 0.0000000 0.0000000 0.0000000 0.0000000 0.0000000 0.0000000 0.0000000 0.0000000 0.4475426 0.0149949 0.0000000 0.0058999 0.0474978 0.0000000 0.0000000 0.0451694 0.0000000 0.0030559 0.4047267
 40 A  40 0.1595162 0.0072566 0.0000000 0.0000000 0.0227594 0.3490519 0.0189567 0.0199869 0.0000000 0.0489992 0.0943039 0.0932297 0.0284342 0.0054752 0.0000000 0.0820789 0.0000000 0.0000000 0.0000000 0.0699514
 41 S  41 0.0951859 0.0264078 0.1096521 0.1003012 0.0000000 0.1101788 0.1731358 0.0170228 0.0000000 0.0046755 0.0000000 0.2324767 0.0000000 0.0000000 0.0273759 0.0753591 0.0232628 0.0000000 0.0000000 0.0049656
 42 L  42 0.0531663 0.0461045 0.0128178 0.0411182 0.0000000 0.0309129 0.0194318 0.0000000 0.0213880 0.0785813 0.2019104 0.0471877 0.0239984 0.1156767 0.0000000 0.0035632 0.0106780 0.0000000 0.2374073 0.0560575
 43 L  43 0.0205907 0.0810612 0.0084300 0.0000000 0.0000000 0.0185120 0.0107049 0.0529731 0.0072081 0.0280578 0.3967482 0.1952875 0.0536003 0.0271881 0.0000000 0.0308747 0.0347386 0.0000000 0.0000000 0.0340248
 44 G  44 0.0274951 0.0050046 0.1129480 0.0715548 0.0071038 0.0000000 0.1543322 0.4325913 0.0506930 0.0398409 0.0000000 0.0593184 0.0000000 0.0064402 0.0035347 0.0076443 0.0214988 0.0000000 0.0000000 0.0000000
 45 V  45 0.0183216 0.0245208 0.0094275 0.0065860 0.0000000 0.0102243 0.0067009 0.0000000 0.0000000 0.1400309 0.1592189 0.1994041 0.0383684 0.1096931 0.0000000 0.0479452 0.0275540 0.0000000 0.0873395 0.1146648
 46 K  46 0.0098183 0.0018102 0.0435905 0.1187515 0.0000000 0.0329449 0.0532059 0.0030405 0.0095778 0.0000000 0.0000000 0.0801671 0.0000000 0.0000000 0.0829841 0.4219655 0.1421438 0.0000000 0.0000000 0.0000000
 47 K  47 0.0450951 0.0049503 0.0400097 0.3628439 0.0000000 0.0505449 0.1564760 0.0036206 0.0000000 0.0101980 0.0164493 0.1662306 0.0000000 0.0119416 0.0091007 0.0335643 0.0064086 0.0000000 0.0233671 0.0591991
 48 E  48 0.0664627 0.0000000 0.0211243 0.1369037 0.0000000 0.0837449 0.4737375 0.0152001 0.0000000 0.0000000 0.0019383 0.0661942 0.0000000 0.0000000 0.0061254 0.0950036 0.0134650 0.0000000 0.0000000 0.0201005
 49 E  49 0.0373939 0.0042307 0.0270379 0.1663866 0.0000000 0.1492057 0.4131891 0.0065541 0.0000000 0.0101175 0.0032907 0.0220157 0.0000000 0.0000000 0.0194394 0.0881243 0.0445166 0.0000000 0.0000000 0.0084979
 50 L  50 0.0167318 0.0150272 0.0036106 0.0285297 0.0000000 0.0000000 0.0814156 0.0000000 0.0083138 0.3271090 0.1677968 0.0599043 0.0376560 0.1123617 0.0283280 0.0066871 0.0140007 0.0000000 0.0000000 0.0925277
 51 G  51 0.0664067 0.2639911 0.0656013 0.0374488 0.0000000 0.0376819 0.1756050 0.0378270 0.0000000 0.0320211 0.0094499 0.1238329 0.0306113 0.0000000 0.0492486 0.0559906 0.0101156 0.0000000 0.0000000 0.0041684
 52 D  52 0.1213540 0.0508177 0.0869993 0.1682686 0.0000000 0.0484917 0.2260128 0.0102317 0.0193292 0.0000000 0.0000000 0.0204628 0.0171347 0.0000000 0.0080907 0.1715638 0.0324994 0.0000000 0.0073302 0.0114134
 53 R  53 0.1428307 0.3671021 0.0342971 0.0000000 0.0000000 0.0653711 0.0000000 0.0000000 0.0033641 0.0078159 0.0633677 0.0926030 0.0035473 0.0115249 0.0000000 0.0649339 0.0164739 0.0239536 0.0047204 0.0980943
 54 I  54 0.0416666 0.0000000 0.0000000 0.0000000 0.0000000 0.0122028 0.0185096 0.0000000 0.0000000 0.4271589 0.3621913 0.0156044 0.0610441 0.0000000 0.0000000 0.0000000 0.0132768 0.0000000 0.0000000 0.0483456
 55 A  55 0.4703382 0.0000000 0.0000000 0.0000000 0.0000000 0.0000000 0.0000000 0.0556521 0.0000000 0.0210364 0.0070877 0.0000000 0.0000000 0.0000000 0.0817886 0.2378811 0.0140485 0.0000000 0.0000000 0.1121674
 56 Q  56 0.0406507 0.0940219 0.0149590 0.0305367 0.0122028 0.5407148 0.0708781 0.0213007 0.0032372 0.0000000 0.0387489 0.0000000 0.0000000 0.0339628 0.0162950 0.0236814 0.0089373 0.0000000 0.0370550 0.0128178
 57 F  57 0.0285107 0.0000000 0.0000000 0.0000000 0.0000000 0.0000000 0.0000000 0.0000000 0.0000000 0.0723389 0.1564347 0.0000000 0.0089206 0.6373790 0.0000000 0.0000000 0.0000000 0.0000000 0.0107637 0.0856524
 58 Y  58 0.0000000 0.0000000 0.0000000 0.0000000 0.0000000 0.0000000 0.0000000 0.0000000 0.0258330 0.0000000 0.0487020 0.0000000 0.0000000 0.0138644 0.0000000 0.0000000 0.0000000 0.0000000 0.9116006 0.0000000
 59 T  59 0.0071963 0.0000000 0.0064633 0.0142907 0.0000000 0.0213880 0.0000000 0.0304133 0.0000000 0.0000000 0.0000000 0.0000000 0.0281265 0.0000000 0.0000000 0.0701677 0.8142955 0.0000000 0.0000000 0.0076586
 60 D  60 0.0090972 0.0040925 0.0202219 0.6641294 0.0000000 0.0513591 0.1731725 0.0000000 0.0084618 0.0000000 0.0201702 0.0081308 0.0174046 0.0000000 0.0000000 0.0054670 0.0182930 0.0000000 0.0000000 0.0000000
 61 L  61 0.0000000 0.0000000 0.0000000 0.0000000 0.0000000 0.0000000 0.0000000 0.0000000 0.0000000 0.2316531 0.5963396 0.0000000 0.1456218 0.0216522 0.0000000 0.0000000 0.0000000 0.0000000 0.0000000 0.0047333
 62 N  62 0.0000000 0.0144673 0.7540039 0.0000000 0.0000000 0.0000000 0.0000000 0.0000000 0.0000000 0.0299752 0.0517735 0.0000000 0.0179950 0.0000000 0.0000000 0.0396752 0.0435759 0.0000000 0.0000000 0.0485340
 63 I  63 0.0069966 0.0000000 0.0032996 0.0000000 0.0000000 0.0238133 0.0232738 0.0000000 0.0000000 0.2737817 0.2684423 0.0000000 0.0797601 0.0091268 0.0000000 0.0164963 0.1648065 0.0000000 0.0036313 0.1265717
 64 D  64 0.0000000 0.0000000 0.0295911 0.9400850 0.0000000 0.0000000 0.0085341 0.0000000 0.0000000 0.0000000 0.0000000 0.0000000 0.0000000 0.0000000 0.0000000 0.0217898 0.0000000 0.0000000 0.0000000 0.0000000
 65 G  65 0.0236012 0.0000000 0.0574084 0.0232246 0.0000000 0.0000000 0.0000000 0.7093276 0.0000000 0.0000000 0.0000000 0.0000000 0.0060761 0.0000000 0.0453416 0.0592326 0.0615274 0.0000000 0.0000000 0.0142604
 66 R  66 0.0000000 0.5968311 0.0581114 0.0000000 0.0000000 0.0000000 0.0224256 0.0047204 0.0035460 0.0000000 0.0064402 0.0337267 0.0000000 0.0000000 0.0000000 0.2741987 0.0000000 0.0000000 0.0000000 0.0000000
 67 F  67 0.0000000 0.0000000 0.0000000 0.0000000 0.0000000 0.0000000 0.0000000 0.0000000 0.0000000 0.0000000 0.0080205 0.0000000 0.0060867 0.9858928 0.0000000 0.0000000 0.0000000 0.0000000 0.0000000 0.0000000
 68 L  68 0.0953042 0.0000000 0.0000000 0.0000000 0.0000000 0.0149882 0.0000000 0.0034898 0.0274195 0.4616673 0.1399065 0.0000000 0.0079390 0.0000000 0.0000000 0.0000000 0.0457071 0.0000000 0.0000000 0.2035784
 69 A  69 0.0357297 0.0122028 0.0925070 0.0000000 0.1064725 0.0000000 0.0000000 0.0035460 0.0467302 0.0033541 0.0563717 0.0142907 0.0000000 0.0384667 0.0622098 0.3424381 0.0625207 0.0000000 0.1231601 0.0000000
 70 L  70 0.0084618 0.0048329 0.0155177 0.0000000 0.0000000 0.0130130 0.0304710 0.0000000 0.0081308 0.0861288 0.4853741 0.0000000 0.0577010 0.0058002 0.0000000 0.0094275 0.0499810 0.0000000 0.0000000 0.2251602
 71 S  71 0.0000000 0.0000000 0.0000000 0.0090975 0.0000000 0.0178421 0.0454845 0.8488734 0.0000000 0.0000000 0.0000000 0.0000000 0.0000000 0.0000000 0.0066435 0.0443960 0.0276629 0.0000000 0.0000000 0.0000000
 72 D  72 0.0136483 0.0416132 0.1551859 0.3202847 0.0000000 0.0138633 0.3002287 0.0198102 0.0146740 0.0000000 0.0000000 0.0523619 0.0000000 0.0000000 0.0090975 0.0280280 0.0312043 0.0000000 0.0000000 0.0000000
 73 Q  73 0.0133202 0.0213880 0.6449559 0.0252233 0.0000000 0.0367609 0.0000000 0.1972348 0.0000000 0.0000000 0.0128178 0.0044263 0.0000000 0.0000000 0.0000000 0.0305064 0.0090034 0.0000000 0.0043630 0.0000000
 74 T  74 0.0081195 0.1676342 0.0256068 0.0000000 0.0000000 0.0341409 0.1414672 0.0155305 0.0056534 0.0093516 0.0994989 0.1558662 0.0624052 0.0060811 0.0000000 0.0273985 0.1236162 0.0000000 0.0198014 0.0978284
 75 W  75 0.0000000 0.0000000 0.0000000 0.0000000 0.0000000 0.0000000 0.0000000 0.0000000 0.0000000 0.0000000 0.0044300 0.0000000 0.0000000 0.0143025 0.0000000 0.0000000 0.0000000 0.9812675 0.0000000 0.0000000
 76 G  76 0.1192156 0.0000000 0.0128811 0.0748135 0.0000000 0.0000000 0.0000000 0.6920063 0.0000000 0.0000000 0.0107578 0.0730768 0.0000000 0.0000000 0.0000000 0.0072437 0.0100052 0.0000000 0.0000000 0.0000000
 77 L  77 0.0000000 0.0000000 0.0000000 0.0000000 0.0000000 0.0000000 0.0000000 0.0000000 0.0000000 0.0259625 0.9740375 0.0000000 0.0000000 0.0000000 0.0000000 0.0000000 0.0000000 0.0000000 0.0000000 0.0000000
 78 R  78 0.0063156 0.7239255 0.0092855 0.0000000 0.0000000 0.0000000 0.0000000 0.0000000 0.0000000 0.0000000 0.0000000 0.1628214 0.0000000 0.0000000 0.0000000 0.0402166 0.0502646 0.0000000 0.0000000 0.0071708
 79 S  79 0.1481013 0.0739405 0.0274119 0.1252758 0.0000000 0.0048906 0.1783863 0.0252255 0.0000000 0.0122928 0.0000000 0.0080550 0.0000000 0.0000000 0.0000000 0.2944477 0.0414330 0.0000000 0.0000000 0.0605396
 80 W  80 0.0000000 0.0924426 0.0094774 0.0220077 0.0000000 0.0000000 0.0000000 0.0101413 0.0000000 0.0000000 0.0000000 0.0000000 0.0109042 0.0523957 0.0000000 0.0278855 0.0000000 0.7581474 0.0165983 0.0000000
 81 Y  81 0.0180390 0.0059751 0.0173057 0.0105732 0.0000000 0.0167656 0.0185718 0.0000000 0.0684791 0.0000000 0.0584880 0.0000000 0.0636892 0.0472556 0.0124489 0.0191485 0.0000000 0.0000000 0.6024492 0.0408109
 82 P  82 0.1032751 0.0124700 0.0000000 0.0080343 0.0000000 0.0000000 0.0298697 0.0158200 0.0000000 0.0000000 0.0195123 0.0917784 0.0000000 0.0196509 0.5731111 0.0838854 0.0425929 0.0000000 0.0000000 0.0000000
 83 Y  83 0.0171508 0.0000000 0.0000000 0.0037624 0.0000000 0.0142394 0.0105973 0.0141887 0.0131497 0.1730851 0.0396186 0.0000000 0.0133173 0.1573069 0.0486496 0.0183124 0.0294481 0.0000000 0.1633750 0.2837989
 84 D  84 0.0034558 0.0074942 0.0138130 0.5185259 0.0000000 0.0000000 0.3174704 0.0000000 0.0070045 0.0000000 0.0000000 0.0613671 0.0000000 0.0000000 0.0000000 0.0409654 0.0000000 0.0000000 0.0299037 0.0000000
 85 Q  85 0.1139392 0.0321599 0.0098314 0.1065012 0.0000000 0.1548357 0.1988221 0.0151630 0.0036754 0.0182289 0.0000000 0.0470989 0.0000000 0.0117164 0.0000000 0.2062231 0.0403671 0.0105202 0.0000000 0.0309176
 86 L  86 0.0381034 0.0056789 0.0172506 0.0103265 0.0000000 0.0126568 0.0000000 0.0000000 0.0000000 0.4948225 0.0395779 0.0446469 0.0175015 0.0000000 0.0107279 0.0784746 0.0808578 0.0221838 0.0285228 0.0986681
 87 D  87 0.0146738 0.0981905 0.0707737 0.4057669 0.0000000 0.0000000 0.1988174 0.0000000 0.0656871 0.0000000 0.0253518 0.0936047 0.0000000 0.0000000 0.0000000 0.0000000 0.0051277 0.0000000 0.0000000 0.0220064
 88 E  88 0.0000000 0.0663985 0.0193170 0.0953340 0.0000000 0.0000000 0.6096018 0.0000000 0.0000000 0.0295174 0.0070313 0.0896515 0.0033099 0.0057861 0.0000000 0.0332421 0.0149536 0.0000000 0.0080529 0.0178039
 89 E  89 0.0983488 0.0098005 0.0000000 0.0944281 0.0000000 0.0384045 0.3834644 0.0181944 0.0085831 0.0512248 0.0171750 0.0606495 0.0053788 0.0291668 0.0245035 0.1218942 0.0207182 0.0000000 0.0000000 0.0180654
 90 T  90 0.0212619 0.0000000 0.0000000 0.0000000 0.0000000 0.0095657 0.0038387 0.0000000 0.0000000 0.2610957 0.0807051 0.0000000 0.0388156 0.0230744 0.0404820 0.0653139 0.1827960 0.0114327 0.0292213 0.2323972
 91 Q  91 0.1734756 0.0183370 0.0856814 0.0865718 0.0000000 0.0825420 0.0803270 0.0481854 0.0754074 0.0409728 0.0108370 0.0000000 0.0033663 0.0000000 0.0000000 0.0439043 0.1187790 0.0000000 0.0000000 0.1316130
 92 P  92 0.0363392 0.0130306 0.0622844 0.0461902 0.0000000 0.0154837 0.0695069 0.1132356 0.1353001 0.0827779 0.0077245 0.0433793 0.0018888 0.0107612 0.1673585 0.0858075 0.0758870 0.0000000 0.0087560 0.0242885
 93 T  93 0.0717184 0.0256518 0.0130413 0.0463613 0.0000000 0.0439815 0.0914229 0.0888946 0.0000000 0.0987554 0.0431900 0.0333755 0.0177885 0.0099638 0.0601083 0.1639592 0.1734932 0.0000000 0.0000000 0.0182944
 94 V  94 0.0761218 0.0000000 0.0392444 0.0700434 0.0000000 0.0129983 0.0480586 0.0203462 0.0000000 0.0970313 0.1374758 0.0493143 0.0278417 0.0440453 0.0662360 0.0709038 0.0814597 0.0000000 0.0198884 0.1389910
 95 K  95 0.0221982 0.1237092 0.0227945 0.1604295 0.0000000 0.1271427 0.1133424 0.0318580 0.0093696 0.0458522 0.0437364 0.1724613 0.0142858 0.0062871 0.0206531 0.0210012 0.0182024 0.0000000 0.0000000 0.0466764
 96 A  96 0.0588565 0.0795603 0.1002867 0.1762721 0.0000000 0.0148793 0.1134612 0.0097252 0.0193194 0.0068948 0.0127120 0.1730908 0.0000000 0.0188600 0.0989556 0.0278244 0.0853057 0.0000000 0.0000000 0.0039959
 97 K  97 0.0374280 0.1075168 0.0078815 0.0704495 0.0000000 0.0078445 0.2363830 0.0000000 0.0000000 0.0282158 0.0276645 0.3011425 0.0000000 0.0828683 0.0000000 0.0255101 0.0395527 0.0000000 0.0000000 0.0275427
 98 K  98 0.0360101 0.1137455 0.0085550 0.2036278 0.0000000 0.0015044 0.1295335 0.0305560 0.0260795 0.0512419 0.0264627 0.2499550 0.0145962 0.0000000 0.0120782 0.0496867 0.0267212 0.0000000 0.0073601 0.0122861
 99 K  99 0.0062203 0.0562900 0.0188203 0.0994820 0.0000000 0.0069456 0.1127257 0.0161512 0.0063719 0.1338979 0.0172546 0.3010670 0.0000000 0.0189636 0.0370138 0.0465093 0.0531833 0.0000000 0.0352797 0.0338239
100 K 100 0.0599240 0.2327918 0.0499123 0.0904637 0.0000000 0.0285158 0.0687117 0.0046374 0.0107879 0.0049639 0.1005455 0.2120236 0.0082366 0.0000000 0.0387043 0.0328939 0.0520358 0.0000000 0.0000000 0.0048517
101 A 101 0.1099336 0.0597873 0.0032398 0.1664307 0.0000000 0.0209443 0.1212709 0.0248144 0.0000000 0.0225629 0.0165696 0.1463509 0.0000000 0.0000000 0.0848524 0.0274777 0.0076600 0.0000000 0.0248945 0.1632108
102 K 102 0.0150967 0.0486046 0.1420820 0.1024226 0.0000000 0.0158700 0.1673487 0.0201408 0.0129048 0.0181350 0.0311768 0.2475952 0.0000000 0.0181699 0.0061592 0.1095205 0.0254176 0.0000000 0.0109053 0.0084505
103 K 103 0.1669653 0.0780515 0.0038362 0.1862865 0.0000000 0.0136809 0.1342964 0.0120022 0.0091163 0.0000000 0.0606240 0.2396405 0.0083348 0.0200891 0.0068580 0.0127232 0.0104200 0.0000000 0.0162935 0.0207814
104 A 104 0.0823859 0.0214194 0.0172522 0.2319791 0.0000000 0.0000000 0.0957194 0.0000000 0.0000000 0.0162257 0.0594802 0.1605354 0.0113402 0.1571385 0.0236342 0.0179802 0.0535967 0.0000000 0.0250568 0.0262560
105 V 105 0.0699537 0.0707458 0.0084742 0.1118791 0.0000000 0.0170476 0.2080656 0.0248380 0.0041439 0.0724947 0.0328101 0.0982202 0.0699153 0.0228312 0.0320956 0.0316212 0.0267071 0.0000000 0.0090765 0.0890800
106 E 106 0.0438269 0.0449776 0.0796735 0.2238277 0.0000000 0.0000000 0.2457113 0.0513239 0.0000000 0.0184904 0.0428255 0.0745793 0.0048431 0.0306148 0.0000000 0.0466773 0.0578383 0.0000000 0.0173046 0.0174857
107 E 107 0.0456327 0.0815517 0.0346982 0.2145135 0.0000000 0.0149258 0.1834375 0.1389948 0.0000000 0.0334369 0.0339370 0.1097474 0.0000000 0.0257196 0.0104238 0.0571361 0.0000000 0.0000000 0.0000000 0.0158450
108 D 108 0.0417597 0.0176981 0.0088972 0.2724712 0.0000000 0.0368270 0.1877085 0.0366016 0.0000000 0.0000000 0.0451432 0.1438941 0.0078385 0.0600245 0.0119207 0.0510580 0.0216216 0.0000000 0.0132135 0.0433225
109 L 109 0.0446079 0.0265440 0.0960959 0.1532350 0.0000000 0.0435057 0.2470730 0.0285560 0.0000000 0.0060834 0.0914199 0.0472885 0.0000000 0.0543428 0.0199945 0.0428834 0.0087166 0.0000000 0.0196060 0.0700475
110 D 110 0.0722610 0.0000000 0.0607270 0.3679042 0.0000000 0.0000000 0.1446592 0.0261307 0.0245428 0.0187336 0.0393694 0.0786307 0.0058438 0.0043475 0.0186203 0.0319706 0.0439978 0.0000000 0.0072847 0.0549766
111 L 111 0.1528983 0.0208754 0.0000000 0.0732606 0.0000000 0.0000000 0.1911240 0.0134961 0.0000000 0.0607314 0.1530424 0.0485522 0.0066203 0.0503468 0.0178040 0.0170790 0.0211023 0.0000000 0.0401701 0.1328972
112 D 112 0.0232071 0.0000000 0.0608003 0.2074586 0.0000000 0.0114478 0.2614393 0.0219620 0.0112055 0.1503782 0.0927052 0.0250184 0.0109258 0.0337589 0.0215215 0.0224303 0.0211428 0.0000000 0.0056323 0.0189658
113 E 113 0.0869415 0.0115365 0.0000000 0.4166730 0.0000000 0.0188747 0.2029188 0.0188479 0.0000000 0.0141638 0.0907859 0.0131896 0.0000000 0.0000000 0.0109302 0.0293970 0.0000000 0.0000000 0.0143224 0.0714187
114 F 114 0.0195533 0.0000000 0.0225176 0.1810697 0.0000000 0.0300014 0.1481067 0.0683292 0.0168052 0.0425129 0.0410952 0.0057241 0.0000000 0.1177725 0.0294669 0.0430026 0.0000000 0.0000000 0.1722689 0.0617736
115 E 115 0.0988798 0.0040957 0.0894944 0.1668159 0.0000000 0.0000000 0.2183210 0.0287344 0.0111451 0.1035451 0.0369201 0.0000000 0.0200633 0.0042157 0.0210101 0.0502757 0.0250968 0.0000000 0.0416281 0.0797588
116 E 116 0.0648347 0.0000000 0.0316018 0.3337626 0.0000000 0.0153195 0.1971597 0.0326309 0.0183401 0.0711741 0.0259628 0.0273023 0.0334579 0.0171897 0.0000000 0.0461978 0.0237943 0.0000000 0.0059124 0.0553595
117 I 117 0.0320486 0.0000000 0.0213507 0.3418631 0.0000000 0.0000000 0.2081285 0.0399102 0.0223361 0.0512628 0.0776903 0.0235923 0.0116380 0.0000000 0.0165354 0.0207202 0.0188115 0.0000000 0.0370913 0.0770211
118 D 118 0.0230549 0.0000000 0.0790639 0.4724263 0.0000000 0.0000000 0.1970755 0.0158574 0.0000000 0.0039297 0.0617185 0.0172631 0.0000000 0.0078722 0.0233597 0.0178978 0.0299661 0.0000000 0.0193374 0.0311777
119 E 119 0.0352903 0.0097469 0.0522432 0.2829500 0.0000000 0.0282840 0.2323898 0.0000000 0.0000000 0.0147754 0.0260788 0.0305583 0.0126409 0.0172842 0.1586766 0.0389753 0.0097231 0.0000000 0.0191598 0.0312234
120 D 120 0.0073992 0.0000000 0.0000000 0.4299315 0.0000000 0.0000000 0.3763882 0.0289576 0.0000000 0.0219890 0.0128554 0.0000000 0.0077351 0.0076402 0.0000000 0.0377328 0.0133290 0.0000000 0.0000000 0.0560420
121 D 121 0.0393664 0.0000000 0.0151679 0.4462828 0.0000000 0.0093775 0.1288737 0.0107399 0.0085539 0.0283978 0.1089046 0.0180927 0.0134050 0.0000000 0.0000000 0.0460346 0.0000000 0.0000000 0.0436477 0.0831554
122 L 122 0.0534051 0.0000000 0.0000000 0.2954671 0.0000000 0.0000000 0.1927226 0.0287744 0.0000000 0.1212367 0.0689064 0.0000000 0.0000000 0.0726660 0.0685756 0.0248146 0.0244495 0.0000000 0.0418118 0.0071702
123 D 123 0.0172799 0.0000000 0.0468686 0.3873008 0.0000000 0.0104124 0.1883210 0.0186889 0.0000000 0.0326626 0.0530703 0.0180839 0.0000000 0.0119083 0.0212779 0.0740914 0.0517974 0.0000000 0.0408626 0.0273740
124 L 124 0.0107804 0.0000000 0.0755373 0.2504773 0.0000000 0.0193534 0.1188944 0.0000000 0.0000000 0.1064023 0.1174971 0.0186990 0.0000000 0.0785593 0.0290490 0.0279735 0.0273858 0.0000000 0.0860212 0.0333700
125 D 125 0.0122747 0.0000000 0.0911132 0.2210476 0.0000000 0.0097688 0.1745134 0.0091256 0.0000000 0.0271816 0.1010265 0.0306197 0.0000000 0.0441357 0.0222847 0.0762556 0.0775890 0.0000000 0.0542148 0.0488490
126 E 126 0.0494448 0.0000000 0.0784497 0.2196912 0.0000000 0.0306131 0.2944195 0.0465338 0.0000000 0.0000000 0.0440529 0.0193019 0.0000000 0.0141967 0.0508552 0.0252122 0.0493853 0.0000000 0.0267703 0.0510735
127 V 127 0.0831287 0.0063435 0.0144273 0.2964780 0.0000000 0.0143607 0.2325167 0.0481145 0.0000000 0.0188346 0.0000000 0.0000000 0.0271265 0.0715903 0.0161291 0.0247447 0.0223426 0.0000000 0.0392759 0.0845870
128 E 128 0.0414265 0.0000000 0.0000000 0.2454075 0.0000000 0.0341729 0.2816955 0.0398731 0.0069887 0.0510742 0.0833740 0.0131121 0.0279780 0.0375100 0.0238563 0.0372344 0.0502039 0.0000000 0.0000000 0.0260930
129 E 129 0.0317220 0.0000000 0.0255871 0.2600071 0.0000000 0.0070266 0.3097501 0.0344118 0.0000000 0.0258790 0.0703264 0.0402747 0.0149683 0.0131335 0.1035537 0.0088026 0.0495773 0.0000000 0.0000000 0.0049799
130 E 130 0.0858148 0.0000000 0.0190410 0.2805114 0.0000000 0.0128546 0.3618482 0.0083496 0.0000000 0.0242065 0.0581537 0.0000000 0.0000000 0.0000000 0.0078186 0.0090111 0.0384892 0.0000000 0.0000000 0.0939013
131 L 131 0.0191106 0.0000000 0.0393588 0.3307865 0.0000000 0.0503107 0.2604804 0.0156784 0.0000000 0.0000000 0.1599143 0.0000000 0.0198370 0.0000000 0.0149722 0.0474315 0.0054944 0.0000000 0.0000000 0.0366251
132 D 132 0.0451499 0.0000000 0.0063431 0.2905955 0.0000000 0.0147374 0.2594408 0.0404022 0.0000000 0.0138578 0.0587560 0.0373210 0.0000000 0.0595519 0.0140661 0.0948302 0.0388409 0.0000000 0.0194326 0.0066746
133 L 133 0.0353582 0.0000000 0.0376382 0.2874357 0.0000000 0.0000000 0.1488646 0.0237522 0.0000000 0.0471266 0.1284969 0.0000000 0.0152890 0.0596081 0.0000000 0.0000000 0.0382995 0.0000000 0.1434825 0.0346487
134 E 134 0.0107901 0.0000000 0.0484217 0.4211098 0.0000000 0.0000000 0.1777010 0.0167547 0.0000000 0.0558179 0.0374931 0.0000000 0.0000000 0.0372947 0.0000000 0.0452190 0.0261367 0.0000000 0.0446004 0.0786610
135 A 135 0.0785692 0.0000000 0.0566586 0.3359037 0.0000000 0.0000000 0.1968456 0.0537478 0.0000000 0.0000000 0.0501790 0.0000000 0.0000000 0.0084671 0.0244060 0.0328893 0.0403251 0.0000000 0.0777713 0.0442372
136 D 136 0.0290748 0.0200675 0.0224458 0.3468569 0.0000000 0.0108843 0.2020887 0.0522096 0.0000000 0.0000000 0.0153524 0.0000000 0.0000000 0.1163993 0.0130947 0.0991407 0.0586041 0.0000000 0.0000000 0.0137813
137 D 137 0.0235553 0.0000000 0.1404601 0.4270608 0.0000000 0.0094526 0.0884207 0.0349000 0.0078544 0.0161006 0.0489442 0.0000000 0.0000000 0.0293969 0.0729617 0.0313947 0.0000000 0.0000000 0.0207978 0.0487003
138 F 138 0.0137233 0.0327506 0.0347114 0.2213755 0.0000000 0.0299144 0.1952078 0.0286190 0.0000000 0.0406765 0.0343238 0.0000000 0.0000000 0.0875774 0.1471645 0.0345024 0.0403696 0.0000000 0.0369408 0.0221428
139 D 139 0.0229974 0.0000000 0.0352500 0.4781495 0.0000000 0.0000000 0.1419685 0.0272383 0.0000000 0.0328633 0.0201674 0.0211058 0.0000000 0.0159100 0.0000000 0.0681915 0.0429028 0.0000000 0.0163058 0.0769497
140 E 140 0.0154433 0.0000000 0.0553541 0.3839543 0.0000000 0.0158387 0.2761731 0.0312668 0.0156325 0.0216407 0.0134389 0.0153292 0.0000000 0.0359755 0.0253826 0.0196637 0.0300702 0.0000000 0.0116511 0.0331852
141 E 141 0.0177039 0.0166282 0.0000000 0.3171013 0.0000000 0.0298484 0.4385037 0.0318402 0.0180233 0.0000000 0.0084061 0.0000000 0.0000000 0.0306058 0.0000000 0.0000000 0.0000000 0.0000000 0.0000000 0.0913391
142 D 142 0.0000000 0.0257999 0.0498342 0.4773794 0.0000000 0.0246902 0.0722856 0.0577758 0.0000000 0.0434913 0.0000000 0.1227255 0.0000000 0.0000000 0.0000000 0.0604101 0.0344820 0.0000000 0.0000000 0.0311259
143 L 143 0.0671980 0.0000000 0.0151749 0.1587969 0.0000000 0.0000000 0.1880284 0.0223003 0.0341170 0.0878761 0.1201573 0.0000000 0.0054060 0.0215906 0.0000000 0.0993513 0.0198216 0.0000000 0.0920944 0.0680873
144 D 144 0.0491258 0.0000000 0.0086845 0.1899577 0.0000000 0.0151737 0.3527992 0.0000000 0.0000000 0.1065926 0.0347930 0.0592461 0.0000000 0.0000000 0.0000000 0.0709296 0.0362710 0.0000000 0.0000000 0.0764269
145 E 145 0.0423908 0.0236869 0.0637859 0.2070141 0.0000000 0.0000000 0.1416940 0.0110511 0.0191407 0.0536548 0.0337411 0.0333090 0.0083074 0.0525013 0.0357655 0.0639637 0.0387367 0.0000000 0.0317296 0.1395275
146 D 146 0.0125051 0.0000000 0.0351913 0.3315046 0.0000000 0.0119825 0.3095987 0.0000000 0.0000000 0.0379720 0.0000000 0.0855877 0.0000000 0.0000000 0.0115243 0.0174295 0.0184823 0.0000000 0.0658763 0.0623457
147 D 147 0.1079591 0.0000000 0.1204048 0.2819957 0.0000000 0.0000000 0.2696812 0.0364322 0.0000000 0.0467844 0.0000000 0.0000000 0.0000000 0.0189971 0.0000000 0.0891779 0.0000000 0.0000000 0.0000000 0.0285676
148 D 148 0.0000000 0.0000000 0.0582808 0.2787524 0.0000000 0.0095273 0.2638450 0.0175294 0.0000000 0.1093074 0.0200653 0.0211912 0.0000000 0.0000000 0.0000000 0.0643445 0.0000000 0.0000000 0.1571568 0.0000000
149 D 149 0.0000000 0.0000000 0.0462645 0.5263257 0.0000000 0.0000000 0.2106918 0.0249696 0.0105815 0.0205741 0.0229470 0.0237442 0.0000000 0.0191255 0.0000000 0.0592446 0.0355315 0.0000000 0.0000000 0.0000000
150 L 150 0.0892374 0.0000000 0.0000000 0.2370239 0.0000000 0.0138849 0.0804992 0.0418254 0.0000000 0.0000000 0.1146659 0.0000000 0.0000000 0.1140267 0.0000000 0.2296847 0.0273875 0.0000000 0.0517644 0.0000000
151 E 151 0.0425117 0.0000000 0.0477898 0.2650459 0.0000000 0.0000000 0.4237499 0.0000000 0.0000000 0.0563243 0.0000000 0.0296786 0.0000000 0.0000000 0.0000000 0.0192082 0.0815279 0.0000000 0.0168716 0.0172920
152 I 152 0.0000000 0.0000000 0.0612578 0.1451017 0.0000000 0.0000000 0.1223261 0.0370074 0.0000000 0.2250445 0.3754546 0.0000000 0.0000000 0.0000000 0.0000000 0.0000000 0.0000000 0.0000000 0.0000000 0.0338079
153 E 153 0.0948590 0.0000000 0.1939104 0.1705164 0.0000000 0.0368809 0.2445434 0.1040242 0.0000000 0.0172355 0.0000000 0.0000000 0.0000000 0.0000000 0.0709667 0.0000000 0.0441340 0.0000000 0.0000000 0.0229295
154 E 154 0.0773802 0.0000000 0.0772882 0.1807169 0.0000000 0.0000000 0.4666185 0.0412059 0.0307950 0.0000000 0.0000000 0.0000000 0.0000000 0.0000000 0.0000000 0.0392768 0.0668424 0.0000000 0.0000000 0.0198761
155 D 155 0.0000000 0.0000000 0.0195085 0.2403436 0.0000000 0.0000000 0.0842517 0.0375840 0.0000000 0.2189214 0.0510336 0.0000000 0.0000000 0.0000000 0.0156041 0.0724986 0.0000000 0.0000000 0.1527420 0.1075125
156 I 156 0.0791839 0.0207588 0.0321309 0.1941314 0.0000000 0.0000000 0.1352033 0.0411854 0.0000000 0.2004634 0.0202749 0.0303740 0.0000000 0.0528522 0.0199607 0.1060606 0.0227250 0.0000000 0.0244657 0.0202295
157 I 157 0.0916329 0.0000000 0.0000000 0.1254263 0.0000000 0.0222353 0.0766454 0.0000000 0.0000000 0.1526863 0.0338677 0.0192144 0.0000000 0.0241060 0.2241517 0.1666172 0.0000000 0.0000000 0.0251558 0.0382610
158 D 158 0.0273399 0.0000000 0.0000000 0.5762075 0.0000000 0.0000000 0.0540025 0.1353841 0.0000000 0.0000000 0.0000000 0.0000000 0.0000000 0.0000000 0.0000000 0.0478313 0.0295773 0.0000000 0.0343739 0.0952835
159 E 159 0.0179247 0.0459947 0.0349566 0.4205517 0.0000000 0.0396242 0.1523935 0.0623709 0.0000000 0.0446860 0.0526872 0.0000000 0.0000000 0.0288740 0.0234158 0.0245127 0.0000000 0.0000000 0.0520080 0.0000000
160 D 160 0.0000000 0.0000000 0.0301106 0.5100945 0.0000000 0.0000000 0.1680671 0.0000000 0.0000000 0.0000000 0.0876276 0.0497582 0.0214550 0.0000000 0.0000000 0.0835897 0.0296722 0.0000000 0.0196252 0.0000000
161 D 161 0.0627673 0.0000000 0.0000000 0.4535065 0.0000000 0.0000000 0.2550538 0.0378410 0.0000000 0.0000000 0.0159750 0.0000000 0.0000000 0.0343079 0.0000000 0.1172780 0.0232706 0.0000000 0.0000000 0.0000000
162 E 162 0.0323566 0.0000000 0.1229765 0.1267880 0.0000000 0.0271680 0.5241093 0.0676336 0.0000000 0.0000000 0.0685169 0.0304511 0.0000000 0.0000000 0.0000000 0.0000000 0.0000000 0.0000000 0.0000000 0.0000000
163 D 163 0.0000000 0.0000000 0.0379541 0.3375135 0.0000000 0.0239681 0.2077228 0.0731420 0.0000000 0.0000000 0.1170421 0.0000000 0.0000000 0.0000000 0.0000000 0.1252241 0.0317429 0.0000000 0.0000000 0.0456903
164 Y 164 0.0308655 0.0000000 0.0755477 0.0663703 0.0000000 0.0000000 0.0353718 0.0416652 0.0000000 0.2345869 0.1522536 0.0000000 0.0000000 0.0000000 0.0000000 0.0301461 0.0980296 0.0000000 0.1292379 0.1059254
165 D 165 0.0000000 0.0000000 0.0557302 0.5230884 0.0000000 0.0756996 0.1174580 0.0500645 0.0000000 0.0000000 0.0000000 0.0000000 0.0000000 0.0000000 0.0988483 0.0000000 0.0791110 0.0000000 0.0000000 0.0000000
166 D 166 0.0000000 0.0000000 0.0000000 0.3971409 0.0000000 0.0000000 0.2813878 0.0514543 0.0000000 0.0884511 0.1362031 0.0000000 0.0000000 0.0000000 0.0000000 0.0000000 0.0453628 0.0000000 0.0000000 0.0000000
167 E 167 0.0000000 0.0000000 0.3116621 0.2375206 0.0000000 0.0000000 0.2671234 0.0000000 0.0000000 0.0000000 0.0453628 0.0000000 0.0000000 0.0000000 0.0385109 0.0998201 0.0000000 0.0000000 0.0000000 0.0000000
168 E 168 0.0000000 0.0000000 0.0000000 0.2776955 0.0000000 0.0421008 0.2448725 0.0000000 0.0000000 0.1543432 0.1916637 0.0000000 0.0000000 0.0000000 0.0893243 0.0000000 0.0000000 0.0000000 0.0000000 0.0000000
169 E 169 0.0000000 0.0000000 0.0840087 0.1739104 0.0000000 0.0629249 0.4100682 0.0000000 0.0000000 0.0421008 0.0000000 0.0000000 0.0000000 0.0000000 0.0000000 0.0000000 0.1479905 0.0000000 0.0789964 0.0000000
170 E 170 0.0000000 0.0000000 0.0000000 0.1112320 0.0000000 0.0000000 0.8887680 0.0000000 0.0000000 0.0000000 0.0000000 0.0000000 0.0000000 0.0000000 0.0000000 0.0000000 0.0000000 0.0000000 0.0000000 0.0000000
171 I 171 0.0000000 0.0000000 0.0000000 0.0000000 0.0000000 0.0000000 0.0000000 0.0000000 0.0000000 0.2361066 0.7638934 0.0000000 0.0000000 0.0000000 0.0000000 0.0000000 0.0000000 0.0000000 0.0000000 0.0000000
172 K 172 0.0000000 0.0000000 0.0000000 0.0000000 0.0000000 0.0000000 0.0000000 0.0000000 0.0000000 0.0000000 0.0000000 1.0000000 0.0000000 0.0000000 0.0000000 0.0000000 0.0000000 0.0000000 0.0000000 0.0000000
