  276         A         R         N         D         C         Q         E         G         H         I         L         K         M         F         P         S         T         W         Y         V    
  1 E   1 0.0000000 0.4646564 0.0000000 0.0836124 0.0000000 0.3417240 0.1100072 0.0000000 0.0000000 0.0000000 0.0000000 0.0000000 0.0000000 0.0000000 0.0000000 0.0000000 0.0000000 0.0000000 0.0000000 0.0000000
  2 V   2 0.0000000 0.0477377 0.0000000 0.0000000 0.2258537 0.0000000 0.0282699 0.0000000 0.0179430 0.0758919 0.0440945 0.0000000 0.1566980 0.1573656 0.0872339 0.0000000 0.0422126 0.0000000 0.0000000 0.1166991
  3 T   3 0.0225448 0.0263600 0.0000000 0.0000000 0.0000000 0.0000000 0.0000000 0.2017539 0.0000000 0.0142819 0.0000000 0.0000000 0.0000000 0.0386617 0.0199699 0.1847528 0.3008677 0.0000000 0.1027376 0.0880696
  4 C   4 0.0247007 0.0000000 0.0000000 0.0000000 0.4947354 0.0000000 0.0000000 0.0000000 0.0000000 0.0000000 0.0000000 0.0000000 0.0000000 0.0000000 0.0101746 0.2848288 0.1855605 0.0000000 0.0000000 0.0000000
  5 E   5 0.0998513 0.0862128 0.0322625 0.0664581 0.0000000 0.0264228 0.2386094 0.0129212 0.0429046 0.0677641 0.0201995 0.0815914 0.0568059 0.0000000 0.0444493 0.0144569 0.0577190 0.0066847 0.0000000 0.0446866
  6 P   6 0.0000000 0.0177503 0.1292113 0.1744654 0.0000000 0.0220538 0.0451493 0.0347210 0.0247006 0.0000000 0.0000000 0.0550904 0.0000000 0.0000000 0.3637200 0.0524705 0.0109354 0.0000000 0.0697322 0.0000000
  7 G   7 0.0499634 0.0265930 0.0785849 0.0351393 0.0000000 0.0045199 0.0136367 0.4356629 0.0000000 0.0000000 0.0303282 0.0313823 0.0000000 0.0000000 0.1520970 0.0617086 0.0129120 0.0000000 0.0674717 0.0000000
  8 T   8 0.0216628 0.0117687 0.3029863 0.0088469 0.0223282 0.0323494 0.0472570 0.0439539 0.0102324 0.0156460 0.0087641 0.0714897 0.0000000 0.0000000 0.1188136 0.1397574 0.0502207 0.0758354 0.0068004 0.0112869
  9 T   9 0.1097931 0.0093838 0.0203613 0.0048819 0.0524224 0.0263223 0.0282236 0.0207677 0.0000000 0.0000000 0.0784576 0.0755679 0.0000000 0.0000000 0.2216641 0.0627823 0.1242046 0.0159681 0.0074333 0.1417661
 10 F  10 0.0418055 0.0289536 0.0061656 0.0257060 0.0169458 0.0409904 0.1572187 0.0132496 0.0000000 0.0822029 0.1713305 0.0596483 0.0104226 0.1510574 0.0070955 0.0077837 0.0262374 0.0523281 0.0151196 0.0857389
 11 K  11 0.0169923 0.0180948 0.0172146 0.0000000 0.3489518 0.0667889 0.0254937 0.0225000 0.0040489 0.0132530 0.0292417 0.0326246 0.0000000 0.0105988 0.1569056 0.0618738 0.0191896 0.1186527 0.0170097 0.0205656
 12 D  12 0.0070810 0.0125130 0.0835466 0.4512621 0.0068263 0.0176231 0.1451619 0.0100910 0.0111231 0.0449433 0.0393139 0.0043315 0.0039237 0.0000000 0.0079943 0.0580776 0.0694357 0.0000000 0.0098631 0.0168888
 13 K  13 0.0576443 0.0468361 0.0261836 0.0957114 0.0000000 0.1114480 0.0300644 0.2320632 0.0129868 0.0000000 0.0085786 0.0107588 0.0098551 0.0173898 0.0314031 0.1168532 0.0312644 0.0000000 0.1487672 0.0121920
 14 C  14 0.0261853 0.0401521 0.0392816 0.0294810 0.2350409 0.0571370 0.0304358 0.0331895 0.0060385 0.0224771 0.0841135 0.0327957 0.0084011 0.0339257 0.0449235 0.1004947 0.0643214 0.0267927 0.0076767 0.0771364
 15 N  15 0.0324952 0.1100912 0.1075849 0.1065885 0.0000000 0.1045854 0.0338967 0.0212378 0.0101693 0.0147245 0.0426566 0.0589290 0.0124467 0.0158149 0.0668247 0.0747917 0.0669738 0.0417140 0.0173707 0.0611044
 16 T  16 0.0259567 0.0628704 0.0173775 0.3023950 0.0074144 0.0459983 0.0532117 0.0326191 0.0115526 0.1112997 0.0366810 0.0482489 0.0000000 0.0207133 0.0431282 0.0390906 0.0406570 0.0000000 0.0000000 0.1007857
 17 C  17 0.0103308 0.0271116 0.0000000 0.0000000 0.3793404 0.0452963 0.0132099 0.0337242 0.0000000 0.0119972 0.0528665 0.0596127 0.0000000 0.0050998 0.2018117 0.0399674 0.0939407 0.0000000 0.0075252 0.0181656
 18 R  18 0.0761656 0.0670001 0.0229142 0.0672525 0.0000000 0.1572330 0.0426902 0.0413058 0.0034083 0.0249920 0.0431125 0.0439116 0.0050107 0.0191220 0.0976209 0.1736937 0.0933767 0.0000000 0.0042924 0.0168979
 19 C  19 0.0465672 0.0168037 0.0179188 0.2855122 0.2492988 0.0091350 0.0000000 0.0175676 0.0000000 0.0000000 0.0305330 0.0109939 0.0034285 0.0080885 0.0570487 0.1728362 0.0524296 0.0139258 0.0000000 0.0079125
 20 G  20 0.0724910 0.0217151 0.0133777 0.0545691 0.0237388 0.0202201 0.0420595 0.3806255 0.0099490 0.0060129 0.0292405 0.0048469 0.0070735 0.0038769 0.0391183 0.2152725 0.0323130 0.0000000 0.0093923 0.0141076
 21 S  21 0.0652785 0.0335300 0.0271271 0.0357186 0.0035339 0.0345724 0.1074355 0.0254420 0.0039644 0.0346612 0.0339816 0.0054984 0.0000000 0.0000000 0.0638755 0.4552488 0.0537122 0.0062704 0.0000000 0.0101494
 22 D  22 0.0144223 0.0899070 0.0443168 0.2834062 0.0000000 0.0462259 0.0625907 0.0651368 0.0199125 0.0000000 0.0186774 0.0138225 0.0046500 0.0058170 0.0880944 0.0988211 0.0739282 0.0296513 0.0160690 0.0245508
 23 G  23 0.0498971 0.0150360 0.0233155 0.0118574 0.2006930 0.0081762 0.3141964 0.0736889 0.0057474 0.0016726 0.0265903 0.0048608 0.0192203 0.0032101 0.1039433 0.0394409 0.0389341 0.0000000 0.0361777 0.0233420
 24 K  24 0.1215137 0.0490287 0.0343625 0.0354001 0.0040405 0.0372268 0.0417276 0.0173135 0.0072389 0.0220025 0.0955266 0.1123066 0.0128195 0.0106587 0.1530810 0.0775754 0.1054444 0.0047023 0.0292841 0.0287464
 25 S  25 0.0181065 0.0725817 0.0590986 0.0414659 0.0000000 0.0656294 0.0472360 0.0384689 0.0446697 0.0351123 0.0753666 0.0107994 0.0000000 0.0052641 0.0914082 0.2755090 0.0611269 0.0172502 0.0000000 0.0409068
 26 A  26 0.0762431 0.0280740 0.0136055 0.0853360 0.2595149 0.0366468 0.0411538 0.1628363 0.0078188 0.0098905 0.0054179 0.0235580 0.0077210 0.0076349 0.0461570 0.1388142 0.0323619 0.0021735 0.0000000 0.0150416
 27 A  27 0.1062690 0.0364866 0.0502997 0.0520966 0.0123215 0.0557693 0.0790621 0.0689304 0.0153878 0.0094220 0.0943267 0.0247528 0.0094193 0.0349939 0.0558400 0.1656377 0.0611605 0.0101586 0.0141856 0.0434799
 28 C  28 0.1636470 0.0158943 0.0695853 0.0064130 0.1365527 0.0083394 0.0236549 0.0185618 0.0094313 0.0297991 0.1207341 0.0086583 0.0023467 0.0170744 0.0438044 0.0702179 0.0622450 0.0038801 0.0444907 0.1446696
 29 T  29 0.0225535 0.0308563 0.0234416 0.0480754 0.0608537 0.0099788 0.0272169 0.0652724 0.0027389 0.0478512 0.1618889 0.0238660 0.0035119 0.0374440 0.0451077 0.1192724 0.1000894 0.0016571 0.0025846 0.1657393
 30 L  30 0.0689969 0.0314227 0.0024921 0.0060349 0.0000000 0.0047184 0.0403513 0.0128780 0.0158248 0.0684348 0.1626088 0.0241188 0.0159750 0.0176762 0.0758441 0.1560477 0.1447699 0.0052320 0.0098478 0.1367259
 31 K  31 0.1413476 0.0544489 0.0384815 0.0169620 0.0150157 0.0402290 0.0200065 0.0476059 0.0015744 0.0622416 0.2028126 0.0334433 0.0040952 0.0102329 0.1187714 0.0865327 0.0562937 0.0000000 0.0051118 0.0447934
 32 A  32 0.1424286 0.0472786 0.0224505 0.0378910 0.0186620 0.1173219 0.0345814 0.0857702 0.0172873 0.0206393 0.0495357 0.0789432 0.0031047 0.0152066 0.0544077 0.1422988 0.0659394 0.0042243 0.0065718 0.0354569
 33 C  33 0.1878489 0.0147780 0.0145751 0.0440741 0.2259443 0.0484799 0.0351286 0.0215094 0.0014745 0.0071673 0.0942156 0.0196278 0.0065795 0.0121799 0.0723908 0.0965683 0.0493776 0.0000000 0.0207151 0.0273654
 34 P  34 0.0611820 0.0101746 0.0179810 0.0191925 0.0215425 0.0534234 0.0307502 0.0241563 0.0134581 0.0361099 0.1031398 0.0335233 0.0198978 0.0591356 0.1483339 0.2024499 0.0430247 0.0097893 0.0716754 0.0210597
 35 Q  35 0.1007841 0.0362052 0.0151190 0.1606834 0.0022807 0.0302614 0.1902185 0.1492945 0.0165145 0.0142354 0.0102675 0.0167051 0.0000000 0.0040804 0.0256447 0.1138185 0.0408281 0.0000000 0.0000000 0.0730590
 36 C  36 0.0020579 0.0000000 0.0033798 0.0000000 0.9687400 0.0000000 0.0021057 0.0097348 0.0024726 0.0000000 0.0024168 0.0000000 0.0000000 0.0000000 0.0022997 0.0000000 0.0051008 0.0000000 0.0000000 0.0016919
 37 G  37 0.0027305 0.0000000 0.0020959 0.0072894 0.0000000 0.0000000 0.0019518 0.9790413 0.0000000 0.0000000 0.0000000 0.0000000 0.0000000 0.0000000 0.0000000 0.0049571 0.0000000 0.0000000 0.0019340 0.0000000
 38 V  38 0.0539997 0.1395358 0.0127235 0.0038191 0.0080917 0.0891835 0.0212118 0.0096757 0.0240954 0.0606119 0.1197333 0.1440887 0.0119579 0.0023998 0.0000000 0.0266818 0.1038853 0.0016172 0.0027712 0.1639167
 39 P  39 0.0973490 0.3704039 0.0012847 0.0000000 0.0000000 0.0318304 0.0000000 0.0220236 0.0031259 0.0113828 0.0035621 0.0337226 0.0000000 0.0017726 0.3189078 0.0734075 0.0214852 0.0000000 0.0000000 0.0097419
 40 A  40 0.1806911 0.0382752 0.0513787 0.0102832 0.0019568 0.0401066 0.0158258 0.0162098 0.0077343 0.0152857 0.0750285 0.0424396 0.0482482 0.0064990 0.2464911 0.0576475 0.0890184 0.0000000 0.0117687 0.0451117
 41 I  41 0.1207003 0.0180382 0.0215086 0.0195460 0.0131455 0.0146920 0.0224853 0.0309336 0.0060741 0.1663316 0.0752796 0.0429190 0.0156249 0.0913443 0.0135234 0.0323294 0.0320406 0.0016410 0.0652264 0.1966161
 42 Q  42 0.1032960 0.0328782 0.0615120 0.0147943 0.0032155 0.0693236 0.0861013 0.0260772 0.0393310 0.0126175 0.0479568 0.0840107 0.0385572 0.0265790 0.1426817 0.0835341 0.0626936 0.0095839 0.0230240 0.0322324
 43 P  43 0.0208216 0.0286796 0.0149188 0.0340120 0.0000000 0.0257906 0.0321776 0.0133232 0.0117902 0.0205186 0.0062685 0.0340151 0.0086593 0.0075285 0.5244991 0.1174818 0.0763759 0.0000000 0.0000000 0.0231396
 44 V  44 0.0490519 0.1635071 0.0744695 0.0400072 0.0000000 0.0829737 0.0417611 0.0388965 0.0099933 0.0210771 0.0721815 0.1296366 0.0073157 0.0088110 0.0193888 0.0740481 0.0552261 0.0000000 0.0145290 0.0971257
 45 L  45 0.0411197 0.0485847 0.0165800 0.0591038 0.0438268 0.0167052 0.0249819 0.0351909 0.0064103 0.0723247 0.1726799 0.0415879 0.0698138 0.0378036 0.0962210 0.0332493 0.0570848 0.0036317 0.0284866 0.0946138
 46 S  46 0.0600856 0.0151295 0.0720804 0.1028335 0.0031506 0.0850050 0.0545275 0.0475775 0.0212820 0.0160728 0.0439925 0.0194369 0.0057727 0.0340764 0.0334703 0.2380151 0.1146229 0.0000000 0.0080298 0.0248390
 47 G  47 0.0868645 0.0108691 0.0943354 0.1310191 0.0000000 0.0164507 0.0353464 0.1895924 0.0222094 0.0114100 0.0092136 0.0277119 0.0029903 0.0013869 0.0578301 0.1943730 0.1037587 0.0000000 0.0016119 0.0030267
 48 L  48 0.0000000 0.8501771 0.0000000 0.0000000 0.0000000 0.0027041 0.0000000 0.0014159 0.0000000 0.0000000 0.0030133 0.1333704 0.0000000 0.0013445 0.0000000 0.0058086 0.0000000 0.0000000 0.0021661 0.0000000
 49 I  49 0.0000000 0.0000000 0.0029435 0.0000000 0.0000000 0.0000000 0.0000000 0.0000000 0.0000000 0.8187768 0.0065958 0.0000000 0.0097110 0.0000000 0.0000000 0.0000000 0.0000000 0.0000000 0.0000000 0.1619729
 50 V  50 0.0251052 0.0042532 0.0000000 0.0000000 0.0000000 0.0000000 0.0000000 0.0000000 0.0000000 0.0918998 0.0168698 0.0076094 0.0152712 0.0027609 0.0000000 0.0061561 0.0202161 0.0000000 0.0058051 0.8040531
 51 N  51 0.0027926 0.0000000 0.0759323 0.0076248 0.0000000 0.0062742 0.0028082 0.8729888 0.0073940 0.0000000 0.0000000 0.0022580 0.0010287 0.0000000 0.0000000 0.0199447 0.0000000 0.0000000 0.0009537 0.0000000
 52 G  52 0.0000000 0.0000000 0.0000000 0.0014296 0.0000000 0.0000000 0.0000000 0.9898771 0.0000000 0.0000000 0.0000000 0.0000000 0.0000000 0.0000000 0.0017753 0.0000000 0.0000000 0.0045154 0.0000000 0.0024027
 53 E  53 0.0326013 0.0451097 0.0346880 0.0219905 0.0355869 0.1192035 0.1645323 0.0047149 0.0211010 0.0103145 0.0222613 0.0547669 0.0124383 0.0268035 0.0013882 0.1174505 0.1247132 0.0019874 0.0702470 0.0781011
 54 E  54 0.0670737 0.0054596 0.1483778 0.2202818 0.0000000 0.0328599 0.1983967 0.0162036 0.0024240 0.0118204 0.0147348 0.0255121 0.0103360 0.0084031 0.0530264 0.0497545 0.0780610 0.0000000 0.0047927 0.0524819
 55 A  55 0.6418247 0.0000000 0.0000000 0.0000000 0.0933641 0.0000000 0.0000000 0.0024315 0.0000000 0.0000000 0.0000000 0.0000000 0.0000000 0.0000000 0.0025007 0.1635853 0.0455268 0.0000000 0.0000000 0.0507669
 56 V  56 0.0885228 0.1136673 0.0236621 0.0304036 0.0080623 0.0768893 0.0818278 0.0204418 0.0135909 0.0104145 0.0443659 0.0626255 0.0178092 0.0049163 0.0667240 0.1363598 0.0855742 0.0009946 0.0047110 0.1084372
 57 P  57 0.0643589 0.0701393 0.0095531 0.0199388 0.0000000 0.0218524 0.1614880 0.0075018 0.0153136 0.0105528 0.0833602 0.0751969 0.0028179 0.0199361 0.3316072 0.0361724 0.0075106 0.0048326 0.0046864 0.0531810
 58 G  58 0.0222327 0.0242381 0.0970688 0.0152285 0.0000000 0.0030303 0.0099111 0.6430125 0.1199887 0.0000000 0.0000000 0.0040154 0.0033050 0.0010646 0.0000000 0.0271265 0.0039533 0.0000000 0.0199560 0.0058685
 59 S  59 0.1052063 0.0671639 0.0112415 0.0344824 0.0080366 0.0436823 0.2662324 0.0214770 0.0095394 0.0018177 0.0007840 0.0600103 0.0023480 0.0027503 0.0012601 0.3368438 0.0216238 0.0000000 0.0006855 0.0048147
 60 W  60 0.0023183 0.0087873 0.0000000 0.0000000 0.0069234 0.0232679 0.0077263 0.0000000 0.0192269 0.0087635 0.0165209 0.0014690 0.0006371 0.0506787 0.0000000 0.0039568 0.0000000 0.7747150 0.0261336 0.0488752
 61 P  61 0.0055579 0.0000000 0.0000000 0.0000000 0.0000000 0.0013223 0.0000000 0.0000000 0.0000000 0.0000000 0.0000000 0.0000000 0.0000000 0.0000000 0.9906126 0.0025072 0.0000000 0.0000000 0.0000000 0.0000000
 62 W  62 0.0000000 0.0000000 0.0000000 0.0000000 0.0000000 0.0000000 0.0000000 0.0000000 0.0186141 0.0000000 0.0000000 0.0000000 0.0000000 0.0041225 0.0000000 0.0055193 0.0000000 0.9151631 0.0565811 0.0000000
 63 Q  63 0.0015513 0.0026958 0.0000000 0.0000000 0.0000000 0.8237706 0.0160697 0.0000000 0.0025012 0.0315220 0.0344680 0.0000000 0.0652317 0.0000000 0.0000000 0.0000000 0.0079101 0.0000000 0.0000000 0.0142796
 64 V  64 0.2630818 0.0000000 0.0000000 0.0000000 0.0037792 0.0000000 0.0000000 0.0159676 0.0000000 0.0883911 0.0068027 0.0000000 0.0010187 0.0000000 0.0000000 0.0068220 0.0083780 0.0000000 0.0000000 0.6057588
 65 S  65 0.0678506 0.0129382 0.0113928 0.0059078 0.0000000 0.0247536 0.0214726 0.0129466 0.0014957 0.0040287 0.0043666 0.0028609 0.0140331 0.0043134 0.0007655 0.7861689 0.0156841 0.0000000 0.0090210 0.0000000
 66 L  66 0.0000000 0.0000000 0.0000000 0.0000000 0.0000000 0.0000000 0.0000000 0.0000000 0.0000000 0.0987496 0.7895495 0.0000000 0.0150720 0.0085923 0.0000000 0.0000000 0.0000000 0.0000000 0.0000000 0.0880366
 67 Q  67 0.0030422 0.2040770 0.0143503 0.0000000 0.0000000 0.3925200 0.0020280 0.0029904 0.1332239 0.0155141 0.0403298 0.0573451 0.0243182 0.0157160 0.0000000 0.0137265 0.0095381 0.0236266 0.0301081 0.0175459
 68 D  68 0.0205468 0.0390494 0.0192506 0.0575137 0.0000000 0.0178078 0.0509865 0.0129577 0.0234322 0.0420251 0.1231520 0.0082372 0.0283383 0.0800712 0.0000000 0.0293602 0.0949851 0.0395680 0.1867788 0.1259395
 69 K  69 0.0184157 0.1629710 0.1650420 0.0260356 0.0000000 0.0669907 0.0415778 0.0650494 0.0246654 0.0141933 0.0357905 0.1306218 0.0042396 0.0118183 0.0393214 0.0931469 0.0389172 0.0092489 0.0392708 0.0126835
 70 T  70 0.0351786 0.0550547 0.1657500 0.0991862 0.0000000 0.0045845 0.0174820 0.1418012 0.0121643 0.0089272 0.0077279 0.0356523 0.0025690 0.0372041 0.0338684 0.2173176 0.0903605 0.0010220 0.0160424 0.0181072
 71 G  71 0.0150382 0.0502595 0.0253739 0.0141676 0.0000000 0.0703316 0.0173496 0.5769338 0.0054340 0.0050045 0.0038262 0.0394460 0.0033729 0.0236882 0.0000000 0.0561180 0.0145644 0.0504072 0.0272698 0.0014145
 72 F  72 0.0254482 0.1586773 0.0274323 0.0113681 0.0009801 0.0347413 0.0728778 0.0928631 0.0321757 0.0475108 0.0117234 0.0521410 0.0086204 0.0889943 0.0013306 0.1108116 0.0311670 0.0068057 0.1327349 0.0515964
 73 H  73 0.0125117 0.0080191 0.0012840 0.0000000 0.0000000 0.0165745 0.0022803 0.0021363 0.8077362 0.0000000 0.0317694 0.0000000 0.0000000 0.0556424 0.0451533 0.0016068 0.0000000 0.0000000 0.0132177 0.0020682
 74 F  74 0.0078301 0.0577643 0.0091728 0.0000000 0.0000000 0.0346609 0.0046879 0.0027679 0.0192699 0.1140906 0.0906621 0.0144822 0.0129878 0.3215362 0.0048355 0.0177722 0.0786547 0.0153900 0.0705862 0.1228488
 75 C  75 0.0000000 0.0000000 0.0000000 0.0000000 1.0000000 0.0000000 0.0000000 0.0000000 0.0000000 0.0000000 0.0000000 0.0000000 0.0000000 0.0000000 0.0000000 0.0000000 0.0000000 0.0000000 0.0000000 0.0000000
 76 G  76 0.0127688 0.0000000 0.0000000 0.0000000 0.0000000 0.0000000 0.0028051 0.9415653 0.0184179 0.0029783 0.0000000 0.0000000 0.0000000 0.0000000 0.0000000 0.0010618 0.0120356 0.0000000 0.0050017 0.0033656
 77 G  77 0.2447225 0.0000000 0.0000000 0.0000000 0.0037726 0.0000000 0.0000000 0.7485167 0.0000000 0.0000000 0.0000000 0.0000000 0.0000000 0.0000000 0.0000000 0.0029882 0.0000000 0.0000000 0.0000000 0.0000000
 78 S  78 0.0835149 0.0000000 0.0014110 0.0000000 0.0000000 0.0021322 0.0000000 0.0000000 0.0000000 0.0303216 0.0000000 0.0000000 0.0029947 0.0020041 0.0000000 0.5576284 0.2649928 0.0000000 0.0000000 0.0550003
 79 L  79 0.0000000 0.0000000 0.0000000 0.0000000 0.0000000 0.0000000 0.0000000 0.0000000 0.0000000 0.1301555 0.7692954 0.0000000 0.0040586 0.0024810 0.0000000 0.0000000 0.0000000 0.0000000 0.0000000 0.0940094
 80 I  80 0.0000000 0.0000000 0.0000000 0.0000000 0.0000000 0.0000000 0.0000000 0.0017086 0.0000000 0.7105077 0.1033069 0.0000000 0.0016613 0.0011833 0.0000000 0.0009895 0.0000000 0.0000000 0.0042621 0.1763806
 81 N  81 0.1598131 0.0156878 0.2006487 0.0627655 0.0032918 0.0098244 0.0015876 0.0872162 0.0531891 0.0000000 0.0000000 0.0026929 0.0000000 0.0017086 0.0000000 0.3188375 0.0803687 0.0000000 0.0023682 0.0000000
 82 E  82 0.0382932 0.0425613 0.1434469 0.1263748 0.0017130 0.0277536 0.1674359 0.0086898 0.0183254 0.0000000 0.0086380 0.0494712 0.0014812 0.0000000 0.2388003 0.1103392 0.0153889 0.0000000 0.0000000 0.0012875
 83 N  83 0.0046939 0.1821257 0.1148664 0.0882355 0.0176696 0.2354293 0.0954356 0.0169253 0.0322749 0.0043794 0.0153137 0.0430816 0.0065687 0.0009785 0.0000000 0.0665016 0.0488376 0.0028178 0.0124523 0.0114125
 84 W  84 0.0000000 0.0039558 0.0000000 0.0000000 0.0000000 0.0000000 0.0000000 0.0000000 0.0170829 0.0000000 0.0042546 0.0000000 0.0044629 0.0182144 0.0000000 0.0074273 0.0000000 0.9082107 0.0346045 0.0017869
 85 V  85 0.0248348 0.0000000 0.0000000 0.0000000 0.0000000 0.0000000 0.0000000 0.0000000 0.0000000 0.1766225 0.1835045 0.0000000 0.0043271 0.0000000 0.0000000 0.0000000 0.0000000 0.0000000 0.0000000 0.6107111
 86 V  86 0.0197947 0.0000000 0.0000000 0.0000000 0.0000000 0.0000000 0.0000000 0.0000000 0.0000000 0.0723997 0.5550990 0.0000000 0.0286905 0.0014827 0.0000000 0.0000000 0.0000000 0.0000000 0.0000000 0.3225333
 87 T  87 0.0362059 0.0000000 0.0000000 0.0000000 0.0038869 0.0000000 0.0000000 0.0010855 0.0000000 0.0000000 0.0000000 0.0000000 0.0000000 0.0000000 0.0000000 0.2789996 0.6731843 0.0000000 0.0010285 0.0056094
 88 A  88 0.9430223 0.0000000 0.0062264 0.0000000 0.0000000 0.0000000 0.0000000 0.0000000 0.0000000 0.0000000 0.0000000 0.0000000 0.0000000 0.0000000 0.0234421 0.0115028 0.0031388 0.0000000 0.0000000 0.0126677
 89 A  89 0.9084459 0.0011638 0.0013849 0.0010628 0.0018717 0.0000000 0.0000000 0.0388607 0.0014191 0.0000000 0.0000000 0.0038035 0.0000000 0.0000000 0.0000000 0.0125761 0.0269024 0.0000000 0.0000000 0.0025091
 90 H  90 0.0018174 0.0014854 0.0034168 0.0028096 0.0025757 0.0036649 0.0000000 0.0000000 0.9560608 0.0000000 0.0000000 0.0000000 0.0000000 0.0000000 0.0000000 0.0281695 0.0000000 0.0000000 0.0000000 0.0000000
 91 C  91 0.0000000 0.0000000 0.0000000 0.0000000 0.9975891 0.0000000 0.0000000 0.0000000 0.0000000 0.0000000 0.0024109 0.0000000 0.0000000 0.0000000 0.0000000 0.0000000 0.0000000 0.0000000 0.0000000 0.0000000
 92 G  92 0.0031303 0.0009430 0.0117904 0.0019618 0.0009046 0.0020135 0.0039371 0.0194160 0.0000000 0.0954877 0.0567888 0.0012375 0.0165849 0.4697950 0.0000000 0.0009785 0.0046633 0.0041814 0.0781382 0.2280481
 93 V  93 0.0415476 0.0538910 0.0552189 0.1692665 0.0000000 0.1002932 0.0759898 0.0168073 0.0268889 0.0078927 0.0503337 0.1054694 0.0043630 0.0233758 0.0359618 0.0936525 0.0194442 0.0050192 0.0540713 0.0605132
 94 T  94 0.0315463 0.0853288 0.0671032 0.0488341 0.0000000 0.0127543 0.0156795 0.0828149 0.0358962 0.0054606 0.0083109 0.0605211 0.0020983 0.0000000 0.3012082 0.1625744 0.0590472 0.0027062 0.0064688 0.0116470
 95 T  95 0.0331467 0.1563478 0.0522505 0.0349208 0.0012631 0.0149379 0.0352711 0.0257327 0.0308538 0.0000000 0.0015601 0.0923938 0.0090521 0.0199420 0.0187957 0.3096763 0.1016344 0.0033027 0.0544817 0.0044367
 96 S  96 0.0400789 0.0855896 0.1046917 0.0564154 0.0000000 0.0808369 0.0638053 0.0136402 0.0194821 0.0248725 0.0319986 0.0894376 0.0204460 0.0082530 0.0169066 0.1826299 0.0753003 0.0000000 0.0488800 0.0367355
 97 D  97 0.0024593 0.0005238 0.0397909 0.0536202 0.0000000 0.0031844 0.0020530 0.0000000 0.0382773 0.1169750 0.0887384 0.0008019 0.0194036 0.0614188 0.0046661 0.0016328 0.0017128 0.3344932 0.2057493 0.0244993
 98 V  98 0.0302605 0.2262194 0.0140240 0.0038189 0.0000000 0.0964602 0.0733988 0.0025342 0.0139100 0.0190476 0.0154786 0.1069568 0.0136279 0.0069046 0.0567102 0.0377639 0.2221924 0.0019234 0.0101124 0.0486564
 99 V  99 0.1516478 0.0186316 0.0016905 0.0019054 0.0000000 0.0041913 0.0010139 0.0013692 0.0016147 0.1067721 0.0136678 0.0126522 0.0021613 0.0042055 0.0000000 0.0068228 0.0041865 0.0000000 0.0034216 0.6640457
100 V 100 0.0174399 0.2006692 0.0138331 0.0044799 0.0006834 0.0636435 0.0048199 0.0059883 0.0560762 0.0730892 0.0788137 0.0420740 0.0058193 0.0770893 0.0000000 0.0210208 0.0420621 0.0022002 0.1305461 0.1596518
101 A 101 0.1402036 0.0000000 0.0000000 0.0000000 0.0000000 0.0000000 0.0000000 0.0169732 0.0000000 0.0151636 0.5683110 0.0000000 0.0327359 0.0479230 0.0029139 0.0185811 0.0054436 0.0522955 0.0010695 0.0983860
102 G 102 0.0010276 0.0143438 0.0000000 0.0009567 0.0000000 0.0000000 0.0000000 0.9151580 0.0000000 0.0081564 0.0075039 0.0000000 0.0033609 0.0000000 0.0000000 0.0105129 0.0379054 0.0000000 0.0000000 0.0010744
103 E 103 0.1480942 0.0389411 0.0048811 0.0844214 0.0011095 0.0179448 0.2573936 0.0113999 0.0042335 0.0741058 0.0826620 0.0710554 0.0223873 0.0074229 0.0036447 0.0576981 0.0657320 0.0000000 0.0009707 0.0459018
104 F 104 0.0249283 0.0269187 0.0204450 0.0121547 0.0000000 0.0421083 0.0062749 0.0000000 0.3510111 0.0299659 0.1039255 0.0092136 0.0018493 0.0216465 0.0180079 0.0583319 0.0722189 0.0150471 0.1311332 0.0548192
105 D 105 0.0158503 0.0735121 0.2127233 0.1986665 0.0000000 0.0635943 0.0200440 0.0058489 0.0528610 0.0045428 0.0133054 0.0491596 0.0083371 0.0916973 0.0000000 0.0957034 0.0617724 0.0064045 0.0176055 0.0083715
106 Q 106 0.0090220 0.0948685 0.0045046 0.0019571 0.0000000 0.1368439 0.0409767 0.0613923 0.0138892 0.1111758 0.4067549 0.0124386 0.0097903 0.0228488 0.0013287 0.0231704 0.0097395 0.0060962 0.0062659 0.0269366
107 G 107 0.0678484 0.0522885 0.0705906 0.0578948 0.0041491 0.0488364 0.0345759 0.0727325 0.0181652 0.0150109 0.0471477 0.0309917 0.0128274 0.0232544 0.0137107 0.2447106 0.0921983 0.0125521 0.0466299 0.0338849
108 S 108 0.0435112 0.0488102 0.0558251 0.0369903 0.0012957 0.0633909 0.0702657 0.1171402 0.0193874 0.0172303 0.0634936 0.0636788 0.0081439 0.0047292 0.0251784 0.1352780 0.0928435 0.0008767 0.0179173 0.1140135
109 S 109 0.0670281 0.0354227 0.0915860 0.0506059 0.0033993 0.0229215 0.0354464 0.0231807 0.0175322 0.0733730 0.1088192 0.0280992 0.0221343 0.0227891 0.0961738 0.1144043 0.1051842 0.0013223 0.0249141 0.0556636
110 S 110 0.0327023 0.0211697 0.0867722 0.1648868 0.0000000 0.0377846 0.2712238 0.0477035 0.0078697 0.0078363 0.0107598 0.0225653 0.0029525 0.0093235 0.0421595 0.1485218 0.0651360 0.0073524 0.0070918 0.0061884
111 E 111 0.0441366 0.0201452 0.0245698 0.0309985 0.0000000 0.0177177 0.1569630 0.2086675 0.0140744 0.0008053 0.0071425 0.0477122 0.0000000 0.0223999 0.2283333 0.1130535 0.0217081 0.0079171 0.0133586 0.0202968
112 K 112 0.0351761 0.0224191 0.0992804 0.0581730 0.0000000 0.0369558 0.0240980 0.1174145 0.0963944 0.0010550 0.0142167 0.0330155 0.0091670 0.0260242 0.1391483 0.1116527 0.1351576 0.0054568 0.0292595 0.0059354
113 I 113 0.1176842 0.0359238 0.0015060 0.0006917 0.0000000 0.0324701 0.3104597 0.0262620 0.0143307 0.0517996 0.0396748 0.0484082 0.0125056 0.0019242 0.0273199 0.0894513 0.0746962 0.0014261 0.0276153 0.0858505
114 Q 114 0.0263439 0.0202409 0.0060119 0.0000000 0.0016172 0.4285571 0.0626004 0.0022999 0.0078950 0.0638534 0.0594987 0.0165182 0.0528320 0.0029259 0.0277776 0.0115686 0.0156629 0.0000000 0.0029513 0.1908451
115 K 115 0.0453943 0.0768990 0.0177680 0.0294457 0.0015942 0.0253656 0.1064573 0.0330173 0.0068472 0.0430287 0.0564711 0.0862028 0.0144025 0.1084867 0.0087472 0.0914497 0.0959220 0.0029360 0.0205785 0.1289861
116 L 116 0.0468725 0.2564286 0.0019385 0.0000000 0.0000000 0.0101924 0.0151227 0.0000000 0.0346658 0.1913365 0.1091363 0.0199397 0.0404658 0.0733107 0.0031171 0.0387554 0.0133775 0.0000000 0.0498939 0.0954465
117 K 117 0.0561687 0.1234470 0.0759340 0.0636623 0.0000000 0.0493643 0.0366985 0.1103162 0.0094548 0.0017056 0.0303402 0.1013385 0.0075831 0.0120323 0.1043593 0.1308755 0.0608616 0.0014558 0.0148346 0.0095677
118 I 118 0.0572759 0.0000000 0.0000000 0.0000000 0.0000000 0.0000000 0.0017285 0.0035751 0.0000000 0.1626723 0.0624340 0.0000000 0.0020277 0.0008358 0.0194991 0.0428412 0.0106864 0.0000000 0.0000000 0.6364240
119 A 119 0.1919990 0.0791504 0.0158558 0.0718547 0.0000000 0.0897662 0.1264539 0.0158118 0.0043340 0.0111899 0.0156244 0.1482228 0.0022896 0.0007793 0.0013322 0.1761327 0.0333415 0.0008857 0.0013829 0.0135931
120 K 120 0.0321717 0.3230445 0.0433151 0.0386038 0.0029216 0.0999590 0.0776568 0.0057130 0.0102571 0.0061828 0.0054746 0.2550796 0.0018063 0.0013006 0.0000000 0.0451168 0.0394605 0.0029028 0.0042988 0.0047347
121 V 121 0.0296571 0.0019823 0.0000000 0.0000000 0.0000000 0.0014200 0.0007279 0.0000000 0.0000000 0.5656869 0.0898582 0.0179848 0.0091838 0.0180131 0.0000000 0.0104466 0.0086245 0.0000000 0.0053736 0.2410412
122 F 122 0.0128478 0.0110231 0.0000000 0.0000000 0.0000000 0.0022009 0.0118963 0.0000000 0.0208706 0.5127371 0.0513631 0.0029030 0.0052349 0.1313254 0.0000000 0.0055633 0.0194443 0.0013890 0.0367771 0.1744242
123 K 123 0.0254544 0.0987155 0.0103467 0.0000000 0.0123482 0.0173741 0.0031428 0.0000000 0.0000000 0.1870541 0.1085219 0.0835509 0.0407938 0.0079141 0.0694132 0.0436228 0.0575271 0.0099296 0.0257197 0.1985709
124 N 124 0.0035149 0.0009207 0.0894954 0.0000000 0.0000000 0.0000000 0.0178021 0.0135920 0.8048024 0.0017007 0.0033240 0.0013345 0.0025252 0.0027460 0.0178554 0.0153971 0.0043194 0.0000000 0.0206703 0.0000000
125 S 125 0.0079662 0.0197872 0.0108429 0.0181134 0.0000000 0.0218841 0.2135025 0.0161647 0.0084076 0.0023772 0.0116242 0.0248351 0.0000000 0.0000000 0.5863668 0.0531351 0.0020925 0.0000000 0.0029007 0.0000000
126 K 126 0.0203692 0.0599913 0.2087994 0.0958970 0.0000000 0.0794753 0.0423333 0.0628821 0.0404029 0.0008808 0.0426907 0.1318296 0.0037731 0.0317299 0.0053601 0.1170884 0.0069241 0.0000000 0.0465669 0.0030058
127 Y 127 0.0000000 0.0000000 0.0111294 0.0000000 0.0000000 0.0026507 0.0000000 0.0000000 0.0115839 0.0000000 0.0136259 0.0000000 0.0000000 0.1317468 0.0021871 0.0000000 0.0000000 0.0765852 0.7504909 0.0000000
128 N 128 0.0426888 0.0603121 0.3734638 0.1720162 0.0014827 0.0195776 0.0192004 0.0043300 0.0225543 0.0127336 0.0144690 0.0480643 0.0041479 0.0006607 0.0022641 0.1237691 0.0476092 0.0021393 0.0137862 0.0147307
129 S 129 0.0620319 0.0629614 0.0182229 0.0522472 0.0000000 0.0205803 0.0482635 0.0578565 0.0139308 0.0223566 0.0207291 0.0487473 0.0184993 0.0310348 0.1440586 0.2621114 0.0511938 0.0041919 0.0440201 0.0169626
130 L 130 0.0538763 0.0811356 0.0833643 0.0750600 0.0000000 0.0477036 0.0700978 0.0322347 0.0195750 0.0219661 0.0485152 0.0624280 0.0174573 0.0608315 0.0687369 0.0562185 0.0355855 0.0323281 0.0757358 0.0571498
131 T 131 0.0566683 0.0402057 0.0838453 0.0332843 0.0000000 0.0203504 0.0584251 0.0996355 0.0030742 0.0200896 0.0284367 0.0117999 0.0000000 0.0062082 0.0393282 0.0979237 0.3818287 0.0019175 0.0082432 0.0087355
132 I 132 0.0322078 0.0136248 0.0697529 0.0407518 0.0070877 0.0089406 0.0031995 0.0211712 0.0949905 0.1046809 0.1640701 0.0638515 0.0279250 0.0754876 0.0121116 0.0837110 0.0433399 0.0000000 0.0835029 0.0495924
133 N 133 0.0393954 0.0546554 0.1077463 0.3816251 0.0014533 0.0159822 0.0937348 0.1186892 0.0185331 0.0101982 0.0099174 0.0123858 0.0046722 0.0036192 0.0114313 0.0725928 0.0086939 0.0025403 0.0244235 0.0077104
134 N 134 0.0844668 0.0029873 0.4287503 0.0256200 0.0014324 0.0027652 0.0000000 0.0574854 0.0385615 0.0000000 0.0017574 0.0147246 0.0024366 0.0471214 0.0015620 0.0641829 0.0076565 0.0011940 0.2161592 0.0011365
135 D 135 0.0000000 0.0000000 0.0134656 0.9800825 0.0000000 0.0000000 0.0000000 0.0034229 0.0000000 0.0000000 0.0000000 0.0000000 0.0000000 0.0000000 0.0030290 0.0000000 0.0000000 0.0000000 0.0000000 0.0000000
136 I 136 0.0046785 0.0000000 0.0000000 0.0000000 0.0000000 0.0000000 0.0000000 0.0000000 0.0000000 0.7675572 0.0929015 0.0000000 0.0102657 0.0050071 0.0000000 0.0000000 0.0000000 0.0000000 0.0000000 0.1195899
137 T 137 0.8118192 0.0000000 0.0000000 0.0000000 0.0144532 0.0000000 0.0000000 0.0042290 0.0000000 0.0000000 0.0113350 0.0000000 0.0819878 0.0000000 0.0000000 0.0275277 0.0419925 0.0000000 0.0000000 0.0066554
138 L 138 0.0041185 0.0000000 0.0000000 0.0000000 0.0000000 0.0000000 0.0000000 0.0000000 0.0000000 0.0327761 0.8501161 0.0000000 0.0233555 0.0011281 0.0000000 0.0000000 0.0000000 0.0000000 0.0000000 0.0885058
139 L 139 0.0291145 0.0000000 0.0000000 0.0000000 0.0000000 0.0000000 0.0000000 0.0000000 0.0000000 0.2141884 0.4700932 0.0000000 0.0894829 0.0095244 0.0000000 0.0000000 0.0000000 0.0000000 0.0000000 0.1875964
140 K 140 0.0010882 0.1386997 0.0013840 0.0000000 0.0000000 0.1643016 0.1725501 0.0000000 0.0407763 0.0011734 0.0213560 0.4252427 0.0000000 0.0027448 0.0000000 0.0021255 0.0074051 0.0000000 0.0158509 0.0053014
141 L 141 0.0025156 0.0000000 0.0000000 0.0000000 0.0000000 0.0000000 0.0000000 0.0000000 0.0000000 0.0047276 0.9409343 0.0000000 0.0190805 0.0178129 0.0016105 0.0000000 0.0024580 0.0000000 0.0000000 0.0108606
142 S 142 0.1927950 0.0574670 0.0249499 0.0801263 0.0007760 0.0544277 0.1073341 0.0086448 0.0047290 0.0014334 0.0044558 0.0519632 0.0000000 0.0035196 0.0097484 0.3296080 0.0506521 0.0000000 0.0086139 0.0087557
143 T 143 0.0648387 0.1285704 0.0232404 0.0127126 0.0000000 0.0496544 0.0897989 0.0356326 0.0462726 0.0099473 0.0093245 0.0703264 0.0037909 0.0337630 0.0091956 0.2443030 0.1452620 0.0000000 0.0081439 0.0152227
144 A 144 0.0350397 0.0584202 0.0044335 0.0130440 0.0136558 0.0106768 0.0209015 0.0097984 0.0037885 0.0000000 0.0054005 0.0375928 0.0034708 0.0009816 0.6995212 0.0620759 0.0211989 0.0000000 0.0000000 0.0000000
145 A 145 0.2168460 0.0000000 0.0000000 0.0000000 0.0000000 0.0000000 0.0046999 0.0036994 0.0000000 0.0705883 0.1712193 0.0000000 0.0186210 0.0095243 0.0049267 0.0025330 0.0068490 0.0050991 0.0000000 0.4853940
146 S 146 0.0251437 0.0604246 0.1410409 0.0133738 0.0019004 0.0794229 0.0994041 0.0021861 0.0082437 0.0396261 0.0358012 0.0313842 0.0034031 0.0060900 0.0623280 0.0607891 0.2599672 0.0037059 0.0033910 0.0623740
147 F 147 0.0028590 0.0309194 0.0006579 0.0016853 0.0048902 0.0007198 0.0117045 0.0000000 0.0000000 0.0838227 0.2438105 0.0091415 0.0189159 0.4066988 0.0228718 0.0016471 0.0038362 0.0037255 0.1335206 0.0185733
148 S 148 0.0135052 0.0030083 0.2320581 0.0105590 0.0000000 0.0060050 0.0017263 0.0654611 0.0037403 0.0010367 0.0000000 0.0098659 0.0028287 0.0016471 0.0000000 0.3537914 0.2895566 0.0000000 0.0026659 0.0025446
149 Q 149 0.0748059 0.0483742 0.0950588 0.2584880 0.0000000 0.0619264 0.0739648 0.0256692 0.0122092 0.0088053 0.0024946 0.0738867 0.0016544 0.0000000 0.0661668 0.1357582 0.0410151 0.0009789 0.0104953 0.0082481
150 T 150 0.0611041 0.0685513 0.0622795 0.0347049 0.0000000 0.0232438 0.0179288 0.0030220 0.0919542 0.0122931 0.0415472 0.0483700 0.0062580 0.0449053 0.0024948 0.0562383 0.1108085 0.0104688 0.2765353 0.0272923
151 V 151 0.0208984 0.0022427 0.0000000 0.0000000 0.0000000 0.0245414 0.0000000 0.0000000 0.0000000 0.3702430 0.0150901 0.0000000 0.0093024 0.0000000 0.0130944 0.0026392 0.0138799 0.0000000 0.0000000 0.5280685
152 S 152 0.0287999 0.1986360 0.0194764 0.0052073 0.0000000 0.2832011 0.0109343 0.0251895 0.0765759 0.0394118 0.0859263 0.0640289 0.0114370 0.0032393 0.0000000 0.1107789 0.0115125 0.0065587 0.0051258 0.0139605
153 A 153 0.0488580 0.0578128 0.0000000 0.0000000 0.0000000 0.0020612 0.0031361 0.0000000 0.0010226 0.0049027 0.0456251 0.0065884 0.0000000 0.0025308 0.7138161 0.0233681 0.0608543 0.0000000 0.0075063 0.0219176
154 V 154 0.1691706 0.0000000 0.0000000 0.0000000 0.0000000 0.0000000 0.0000000 0.0146608 0.0000000 0.3216402 0.0097795 0.0000000 0.0036933 0.0000000 0.0000000 0.0026756 0.0035872 0.0000000 0.0000000 0.4747928
155 C 155 0.0455157 0.0022771 0.0049359 0.0000000 0.8718726 0.0019847 0.0000000 0.0000000 0.0000000 0.0000000 0.0012144 0.0026250 0.0000000 0.0000000 0.0196736 0.0330028 0.0089533 0.0000000 0.0016308 0.0063142
156 L 156 0.0000000 0.0018916 0.0000000 0.0000000 0.0000000 0.0000000 0.0000000 0.0000000 0.0000000 0.0298315 0.9267499 0.0000000 0.0059519 0.0041632 0.0000000 0.0000000 0.0000000 0.0000000 0.0000000 0.0314119
157 P 157 0.0876490 0.0000000 0.0000000 0.0000000 0.0000000 0.0019120 0.0030233 0.0014400 0.0136378 0.0000000 0.0027348 0.0000000 0.0029922 0.0000000 0.8770496 0.0026877 0.0054421 0.0000000 0.0000000 0.0014316
158 S 158 0.1178218 0.0289620 0.0591137 0.1034261 0.0000000 0.0303573 0.1761322 0.0166157 0.0314533 0.0000000 0.0213950 0.0246082 0.0170648 0.0243952 0.0963876 0.1552163 0.0880380 0.0000000 0.0000000 0.0090127
159 A 159 0.2760025 0.0354553 0.0101042 0.0128396 0.0000000 0.0267207 0.0563949 0.0292922 0.0204844 0.0110938 0.0128179 0.0850983 0.0081055 0.0180019 0.1254227 0.2128890 0.0284128 0.0021980 0.0092019 0.0194645
160 S 160 0.0266904 0.0123829 0.1053776 0.1084700 0.0732383 0.0263378 0.0542626 0.2275340 0.0029979 0.0181603 0.0099151 0.0116578 0.0070980 0.0039600 0.0056615 0.1785621 0.1089789 0.0017637 0.0070773 0.0098739
161 D 161 0.1021201 0.0152640 0.0226495 0.1128380 0.0000000 0.1267776 0.1281362 0.0016746 0.1229326 0.0230519 0.0232453 0.0054857 0.0389257 0.0368810 0.0164488 0.0759272 0.0504845 0.0028016 0.0526853 0.0416704
162 D 162 0.0336849 0.0627845 0.0594030 0.0701833 0.0000000 0.0404140 0.0935813 0.0104441 0.0344149 0.0625198 0.0422877 0.0769442 0.0283821 0.0158495 0.0539382 0.0648557 0.1142528 0.0000000 0.0307875 0.1052726
163 F 163 0.0177911 0.0000000 0.0174855 0.0040500 0.0000000 0.0006780 0.0009967 0.0000000 0.0000000 0.0405854 0.2187444 0.0026759 0.0034193 0.4527498 0.0929306 0.0019056 0.0109783 0.0082480 0.0206943 0.1060671
164 A 164 0.0973825 0.0205491 0.0234045 0.0057537 0.0012243 0.0408659 0.0730627 0.0126428 0.0154817 0.0141105 0.0809558 0.0242268 0.0119594 0.0132138 0.3874400 0.0595246 0.0598030 0.0018110 0.0285214 0.0280665
165 A 165 0.1809368 0.0093616 0.0750071 0.1027998 0.0000000 0.0111045 0.0508972 0.0225511 0.0167739 0.0298166 0.0177243 0.0161880 0.0013851 0.0018539 0.2519847 0.0933898 0.0549550 0.0017040 0.0061045 0.0554620
166 G 166 0.0163177 0.0307469 0.0880042 0.0265879 0.0031669 0.0145281 0.0150816 0.6785275 0.0073895 0.0037629 0.0058414 0.0221178 0.0037402 0.0000000 0.0021258 0.0249552 0.0112951 0.0057688 0.0357887 0.0042537
167 T 167 0.0699421 0.0538984 0.0107030 0.0209778 0.0000000 0.0460377 0.0547228 0.0037660 0.0176029 0.0167188 0.0501686 0.0739120 0.0468139 0.0075814 0.0017513 0.1302406 0.3445753 0.0010067 0.0362750 0.0133057
168 T 168 0.0213250 0.0860260 0.0674914 0.0409517 0.0000000 0.0642177 0.0991717 0.0139186 0.0218294 0.0298188 0.0563029 0.1062830 0.0642475 0.0093567 0.0910753 0.0855878 0.0826913 0.0033178 0.0210840 0.0353033
169 C 169 0.0643569 0.0000000 0.0012940 0.0000000 0.7658005 0.0000000 0.0000000 0.0127170 0.0000000 0.0110713 0.0153916 0.0000000 0.0128740 0.0000000 0.0065189 0.0361017 0.0071730 0.0000000 0.0000000 0.0667009
170 V 170 0.0213680 0.0287777 0.0000000 0.0000000 0.0000000 0.0047300 0.0015298 0.0000000 0.0077371 0.0144601 0.0829900 0.0048012 0.0229897 0.0599883 0.0000000 0.0326128 0.1198034 0.3332759 0.1529551 0.1119809
171 T 171 0.0342028 0.0000000 0.0000000 0.0000000 0.0000000 0.0000000 0.0000000 0.0000000 0.0000000 0.3184142 0.0285290 0.0000000 0.0000000 0.0050806 0.0000000 0.0123852 0.0737733 0.0000000 0.0000000 0.5276149
172 T 172 0.0869794 0.0000000 0.0000000 0.0000000 0.0014875 0.0000000 0.0000000 0.0031312 0.0000000 0.0275587 0.0180190 0.0000000 0.0000000 0.0000000 0.0000000 0.2426460 0.5962200 0.0000000 0.0000000 0.0239583
173 G 173 0.0000000 0.0183122 0.0000000 0.0000000 0.0000000 0.0027240 0.0000000 0.9727896 0.0000000 0.0000000 0.0026690 0.0000000 0.0000000 0.0000000 0.0000000 0.0000000 0.0035052 0.0000000 0.0000000 0.0000000
174 W 174 0.0000000 0.0000000 0.0000000 0.0000000 0.0000000 0.0000000 0.0000000 0.0000000 0.0000000 0.0000000 0.0000000 0.0000000 0.0000000 0.0487899 0.0000000 0.0000000 0.0000000 0.9443163 0.0068938 0.0000000
175 G 175 0.0000000 0.0035180 0.0000000 0.0016448 0.0000000 0.0000000 0.0000000 0.9826101 0.0000000 0.0000000 0.0000000 0.0122271 0.0000000 0.0000000 0.0000000 0.0000000 0.0000000 0.0000000 0.0000000 0.0000000
176 L 176 0.1478183 0.1663276 0.1511226 0.0650076 0.0000000 0.0227069 0.0352776 0.0011682 0.0404476 0.0046446 0.0237735 0.0659066 0.0012517 0.0258263 0.0000000 0.1047295 0.0658990 0.0018940 0.0560209 0.0201773
177 T 177 0.0102136 0.0137230 0.0040795 0.0052824 0.0000000 0.0144456 0.0099852 0.0163546 0.0024251 0.1250190 0.2557169 0.0172183 0.0116728 0.0000000 0.0208533 0.0127512 0.4226471 0.0000000 0.0000000 0.0576122
178 R 178 0.0452936 0.1287559 0.0255956 0.0390693 0.0000000 0.1395625 0.0970563 0.0293768 0.0236573 0.0012177 0.0204675 0.1308180 0.0138899 0.0122549 0.0000000 0.1893540 0.0282871 0.0011837 0.0698807 0.0042789
179 Y 179 0.0136161 0.0021141 0.0797620 0.0826006 0.0000000 0.0216119 0.3309710 0.1556287 0.0316843 0.0014217 0.0149335 0.0022596 0.0015638 0.0051432 0.0478742 0.1015746 0.0296732 0.0011740 0.0696515 0.0067421
180 T 180 0.0365707 0.0235632 0.0655324 0.0795629 0.0000000 0.0142151 0.0044557 0.5372099 0.0017831 0.0028056 0.0310799 0.0035215 0.0000000 0.0008841 0.0029637 0.0697912 0.1121766 0.0000000 0.0013933 0.0124911
181 N 181 0.0535941 0.0143248 0.0785006 0.0626143 0.0000000 0.0369282 0.0557438 0.2574535 0.0127615 0.0013927 0.0023708 0.0532646 0.0019922 0.0315056 0.2180952 0.0858927 0.0035599 0.0000000 0.0052335 0.0247720
182 T 182 0.0403481 0.0136222 0.0374641 0.0252647 0.0000000 0.0205857 0.0096395 0.0816623 0.0048375 0.0619138 0.1160959 0.0168494 0.0436319 0.0312655 0.0789420 0.1386214 0.1611299 0.0018628 0.0898441 0.0264191
183 P 183 0.1574360 0.0085388 0.0015861 0.0167499 0.0000000 0.0370311 0.0293081 0.0096299 0.0018993 0.0000000 0.0000000 0.0053510 0.0000000 0.0000000 0.4712839 0.2085243 0.0312227 0.0000000 0.0000000 0.0214390
184 D 184 0.0486448 0.0651763 0.1612552 0.2391653 0.0000000 0.0385537 0.0686577 0.0551146 0.0083797 0.0032551 0.0129522 0.0345693 0.0105844 0.0225570 0.0319239 0.1016656 0.0366885 0.0091974 0.0330159 0.0186436
185 R 185 0.0350623 0.0587790 0.0226859 0.0186448 0.0000000 0.0388082 0.0350853 0.0072956 0.0203178 0.1427885 0.0716654 0.0709416 0.0108111 0.0205653 0.0190928 0.0195171 0.1692931 0.0074471 0.0176303 0.2135688
186 L 186 0.0000000 0.0000000 0.0000000 0.0000000 0.0000000 0.0000000 0.0000000 0.0000000 0.0000000 0.0097360 0.9579717 0.0000000 0.0087364 0.0036126 0.0000000 0.0049582 0.0000000 0.0000000 0.0000000 0.0149851
187 Q 187 0.0000000 0.0855156 0.0375686 0.0000000 0.0000000 0.7127731 0.0038347 0.0000000 0.0165550 0.0000000 0.0288287 0.0681581 0.0345612 0.0000000 0.0011061 0.0000000 0.0000000 0.0019917 0.0091072 0.0000000
188 Q 188 0.0097726 0.0112726 0.0012950 0.0157875 0.0799870 0.3104365 0.3465469 0.0069974 0.0065859 0.0000000 0.0027005 0.1803039 0.0068785 0.0021585 0.0000000 0.0062128 0.0000000 0.0000000 0.0119652 0.0010992
189 A 189 0.4741829 0.0000000 0.0000000 0.0000000 0.0000000 0.0000000 0.0043403 0.0597047 0.0000000 0.0165828 0.1307631 0.0000000 0.0031268 0.0026794 0.0000000 0.0010801 0.0333500 0.0000000 0.0000000 0.2741900
