  276         A         R         N         D         C         Q         E         G         H         I         L         K         M         F         P         S         T         W         Y         V         X    
  1 E   1 0.0000000 0.0173433 0.0000000 0.0026288 0.0000000 0.0110683 0.0034492 0.0000000 0.0000000 0.0000000 0.0000000 0.0000000 0.0000000 0.0000000 0.0000000 0.0000000 0.0000000 0.0000000 0.0000000 0.0000000 0.9655104
  2 V   2 0.0000000 0.0042176 0.0000000 0.0000000 0.0204192 0.0000000 0.0024770 0.0000000 0.0015771 0.0074359 0.0038354 0.0000000 0.0152165 0.0162037 0.0100679 0.0000000 0.0037556 0.0000000 0.0000000 0.0123553 0.9024388
  3 T   3 0.0027734 0.0032004 0.0000000 0.0000000 0.0000000 0.0000000 0.0000000 0.0267128 0.0000000 0.0017561 0.0000000 0.0000000 0.0000000 0.0047464 0.0024367 0.0246089 0.0423784 0.0000000 0.0129126 0.0108991 0.8675751
  4 C   4 0.0038354 0.0000000 0.0000000 0.0000000 0.0804302 0.0000000 0.0000000 0.0000000 0.0000000 0.0000000 0.0000000 0.0000000 0.0000000 0.0000000 0.0015548 0.0506088 0.0322973 0.0000000 0.0000000 0.0000000 0.8312734
  5 E   5 0.0174062 0.0178300 0.0057460 0.0115822 0.0000000 0.0046162 0.0435498 0.0021707 0.0074191 0.0117578 0.0034980 0.0164066 0.0100234 0.0000000 0.0109528 0.0024770 0.0102591 0.0011233 0.0000000 0.0076599 0.8155217
  6 P   6 0.0000000 0.0034325 0.0251356 0.0338665 0.0000000 0.0042659 0.0120691 0.0065538 0.0047854 0.0000000 0.0000000 0.0104766 0.0000000 0.0000000 0.0743797 0.0123158 0.0021252 0.0000000 0.0135537 0.0000000 0.7970401
  7 G   7 0.0107064 0.0058138 0.0168865 0.0074834 0.0000000 0.0009806 0.0033989 0.0964260 0.0000000 0.0000000 0.0086525 0.0065779 0.0000000 0.0000000 0.0324398 0.0165014 0.0026288 0.0000000 0.0141783 0.0000000 0.7773259
  8 T   8 0.0054237 0.0030395 0.0824983 0.0022415 0.0056066 0.0082888 0.0116330 0.0110656 0.0025739 0.0037374 0.0022096 0.0182323 0.0000000 0.0000000 0.0329777 0.0358367 0.0126293 0.0212619 0.0016988 0.0029107 0.7361347
  9 T   9 0.0315275 0.0024115 0.0052538 0.0012622 0.0134836 0.0068080 0.0073462 0.0053216 0.0000000 0.0000000 0.0202943 0.0197112 0.0000000 0.0000000 0.0620815 0.0161381 0.0340964 0.0041761 0.0018848 0.0381126 0.7300908
 10 F  10 0.0111159 0.0077003 0.0016234 0.0068343 0.0044853 0.0107866 0.0463977 0.0035340 0.0000000 0.0225084 0.0452379 0.0154763 0.0027518 0.0420364 0.0041815 0.0020705 0.0092105 0.0139878 0.0038989 0.0237861 0.7223765
 11 K  11 0.0046059 0.0048731 0.0069649 0.0000000 0.0992000 0.0181329 0.0068815 0.0061704 0.0011003 0.0036443 0.0077745 0.0086844 0.0000000 0.0029400 0.0445616 0.0177155 0.0052034 0.0348234 0.0047398 0.0060630 0.7159212
 12 D  12 0.0025776 0.0035113 0.0234940 0.1315313 0.0018545 0.0050231 0.0410666 0.0028483 0.0036508 0.0131057 0.0114391 0.0012467 0.0011426 0.0000000 0.0022779 0.0190130 0.0234931 0.0000000 0.0028290 0.0047873 0.7051081
 13 K  13 0.0168033 0.0146528 0.0081747 0.0315003 0.0000000 0.0342540 0.0087659 0.0667688 0.0038022 0.0000000 0.0025168 0.0030641 0.0050752 0.0073625 0.0102899 0.0339922 0.0091390 0.0000000 0.0440079 0.0035155 0.6963149
 14 C  14 0.0100084 0.0125489 0.0121292 0.0085206 0.0700751 0.0194160 0.0089436 0.0097530 0.0017900 0.0066671 0.0250620 0.0096619 0.0024737 0.0099513 0.0145114 0.0300186 0.0217701 0.0099792 0.0021707 0.0234070 0.6911421
 15 N  15 0.0134813 0.0330534 0.0320674 0.0324605 0.0000000 0.0326888 0.0104984 0.0064249 0.0030978 0.0044794 0.0128764 0.0210878 0.0037197 0.0045825 0.0231040 0.0223138 0.0222982 0.0130013 0.0052732 0.0184454 0.6850458
 16 T  16 0.0078214 0.0216159 0.0051588 0.0966839 0.0022415 0.0138715 0.0174410 0.0103378 0.0034812 0.0340086 0.0109190 0.0151924 0.0000000 0.0062839 0.0152912 0.0128999 0.0118821 0.0000000 0.0000000 0.0304860 0.6843840
 17 C  17 0.0028842 0.0080985 0.0000000 0.0000000 0.1160303 0.0133812 0.0039231 0.0123530 0.0000000 0.0034286 0.0156889 0.0175330 0.0000000 0.0015204 0.0633221 0.0143000 0.0311061 0.0000000 0.0022415 0.0053827 0.6888065
 18 R  18 0.0261372 0.0206525 0.0072183 0.0208895 0.0000000 0.0543246 0.0136106 0.0130828 0.0010812 0.0076844 0.0136167 0.0137800 0.0016054 0.0059925 0.0329017 0.0574672 0.0309941 0.0000000 0.0013426 0.0053361 0.6722827
 19 C  19 0.0187054 0.0059521 0.0063279 0.0979402 0.0813710 0.0028968 0.0000000 0.0056025 0.0000000 0.0000000 0.0100476 0.0035132 0.0011167 0.0025942 0.0187426 0.0603360 0.0192867 0.0044144 0.0000000 0.0025987 0.6585540
 20 G  20 0.0255145 0.0076567 0.0046549 0.0197101 0.0080403 0.0075333 0.0147236 0.1376734 0.0034652 0.0020853 0.0102148 0.0016703 0.0024802 0.0013793 0.0191594 0.0770630 0.0133370 0.0000000 0.0032526 0.0049764 0.6354097
 21 S  21 0.0276066 0.0147247 0.0102878 0.0136958 0.0013308 0.0129772 0.0407776 0.0096693 0.0015046 0.0128044 0.0126001 0.0020705 0.0000000 0.0000000 0.0262647 0.1807524 0.0207761 0.0023059 0.0000000 0.0038053 0.6060461
 22 D  22 0.0057929 0.0359781 0.0174828 0.1166227 0.0000000 0.0187619 0.0251428 0.0259521 0.0078124 0.0000000 0.0096237 0.0055284 0.0018371 0.0022466 0.0410334 0.0404774 0.0300638 0.0127831 0.0084361 0.0098008 0.5846239
 23 G  23 0.0202055 0.0082612 0.0112174 0.0048399 0.0817439 0.0033082 0.1339761 0.0292314 0.0023415 0.0006913 0.0107909 0.0020032 0.0083209 0.0013088 0.0425406 0.0161448 0.0178159 0.0000000 0.0147135 0.0127390 0.5778059
 24 K  24 0.0549628 0.0207203 0.0139729 0.0146763 0.0036543 0.0152059 0.0196875 0.0072189 0.0029941 0.0091590 0.0397312 0.0463767 0.0052807 0.0044024 0.0685646 0.0317567 0.0479108 0.0020478 0.0132507 0.0130000 0.5654265
 25 S  25 0.0079493 0.0333589 0.0269147 0.0188664 0.0000000 0.0294591 0.0211561 0.0177777 0.0211005 0.0161097 0.0415331 0.0048516 0.0000000 0.0023616 0.0460864 0.1219570 0.0295939 0.0076940 0.0000000 0.0181930 0.5350370
 26 A  26 0.0354149 0.0139712 0.0062799 0.0420098 0.1244683 0.0176435 0.0232796 0.0837309 0.0059674 0.0046696 0.0025702 0.0112182 0.0036139 0.0047959 0.0224585 0.0661770 0.0151956 0.0010353 0.0000000 0.0067264 0.5087739
 27 A  27 0.0532768 0.0170160 0.0236034 0.0254772 0.0046896 0.0266879 0.0392437 0.0326380 0.0073158 0.0043900 0.0465506 0.0116005 0.0044340 0.0167836 0.0307836 0.0778758 0.0310904 0.0052223 0.0066983 0.0199976 0.5146248
 28 C  28 0.0775401 0.0076544 0.0362254 0.0030721 0.0665708 0.0039365 0.0115131 0.0087252 0.0044681 0.0148733 0.0595824 0.0037737 0.0011250 0.0079543 0.0230572 0.0350163 0.0346513 0.0018371 0.0211673 0.0696662 0.5075902
 29 T  29 0.0115946 0.0148979 0.0113985 0.0234431 0.0327376 0.0049149 0.0156783 0.0331199 0.0013380 0.0235236 0.0782324 0.0116946 0.0016926 0.0173357 0.0224899 0.0580131 0.0591660 0.0008303 0.0012666 0.0818808 0.4947516
 30 L  30 0.0355836 0.0183413 0.0012696 0.0031081 0.0000000 0.0024528 0.0208383 0.0069593 0.0127263 0.0369577 0.0823903 0.0121087 0.0083039 0.0091372 0.0397195 0.0811961 0.0798252 0.0033411 0.0051527 0.0736851 0.4669030
 31 K  31 0.0786214 0.0294727 0.0218244 0.0090913 0.0075629 0.0229380 0.0107532 0.0239534 0.0008521 0.0340997 0.1102907 0.0177620 0.0021940 0.0061232 0.0677680 0.0496837 0.0322195 0.0000000 0.0027204 0.0241944 0.4478750
 32 A  32 0.0838711 0.0263959 0.0124882 0.0210369 0.0103934 0.0699312 0.0190594 0.0472632 0.0096662 0.0113323 0.0274774 0.0469950 0.0016926 0.0088527 0.0331236 0.0824592 0.0355431 0.0023318 0.0036516 0.0196452 0.4267898
 33 C  33 0.1092250 0.0080609 0.0079277 0.0234890 0.1232214 0.0268967 0.0195826 0.0117055 0.0008045 0.0039195 0.0594652 0.0117365 0.0076854 0.0067025 0.0425668 0.0530719 0.0250993 0.0000000 0.0110162 0.0151382 0.4326852
 34 P  34 0.0349739 0.0063845 0.0103270 0.0118850 0.0124595 0.0340459 0.0174634 0.0137647 0.0081012 0.0208558 0.0633668 0.0192449 0.0114175 0.0330667 0.0961729 0.1197393 0.0260594 0.0068279 0.0409063 0.0121523 0.4007851
 35 Q  35 0.0656613 0.0242008 0.0096935 0.1131171 0.0014707 0.0197530 0.1329628 0.0982945 0.0107901 0.0092903 0.0066643 0.0113155 0.0000000 0.0025942 0.0165192 0.0731955 0.0263292 0.0000000 0.0000000 0.0499593 0.3281887
 36 C  36 0.0015654 0.0000000 0.0024770 0.0000000 0.7586350 0.0000000 0.0015407 0.0071497 0.0018335 0.0000000 0.0019054 0.0000000 0.0000000 0.0000000 0.0017198 0.0000000 0.0037337 0.0000000 0.0000000 0.0012603 0.2181795
 37 G  37 0.0020260 0.0000000 0.0015407 0.0054079 0.0000000 0.0000000 0.0014359 0.7697512 0.0000000 0.0000000 0.0000000 0.0000000 0.0000000 0.0000000 0.0000000 0.0036786 0.0000000 0.0000000 0.0014279 0.0000000 0.2147318
 38 V  38 0.0436012 0.1046516 0.0116533 0.0028118 0.0058871 0.0712630 0.0155717 0.0070269 0.0178955 0.0458934 0.0965030 0.1079591 0.0088597 0.0017428 0.0000000 0.0194015 0.0779167 0.0011878 0.0020401 0.1222570 0.2358767
 39 P  39 0.0744985 0.2669333 0.0008945 0.0000000 0.0000000 0.0226054 0.0000000 0.0151940 0.0021681 0.0076642 0.0024826 0.0233318 0.0000000 0.0012217 0.2236962 0.0535670 0.0184937 0.0000000 0.0000000 0.0067165 0.2805326
 40 A  40 0.1218584 0.0261329 0.0357706 0.0070548 0.0013452 0.0276911 0.0119753 0.0110355 0.0052514 0.0105366 0.0530662 0.0289557 0.0331940 0.0044919 0.1854750 0.0393641 0.0650202 0.0000000 0.0081656 0.0314002 0.2922153
 41 I  41 0.0846650 0.0122137 0.0132283 0.0119079 0.0078533 0.0086446 0.0136967 0.0194497 0.0036896 0.1001474 0.0454522 0.0292675 0.0096459 0.0554124 0.0082028 0.0200157 0.0198411 0.0010052 0.0429397 0.1233854 0.3693361
 42 Q  42 0.0656595 0.0195923 0.0409568 0.0097372 0.0019380 0.0403854 0.0550938 0.0154054 0.0227227 0.0076036 0.0286195 0.0502939 0.0270901 0.0158837 0.0891819 0.0504865 0.0388175 0.0084927 0.0160229 0.0195655 0.3764512
 43 P  43 0.0148998 0.0167960 0.0088845 0.0225831 0.0000000 0.0155495 0.0206943 0.0080062 0.0070255 0.0122360 0.0037601 0.0201041 0.0052132 0.0045694 0.3204133 0.0771749 0.0450450 0.0000000 0.0000000 0.0134342 0.3836110
 44 V  44 0.0339772 0.1099388 0.0507621 0.0261956 0.0000000 0.0536260 0.0265042 0.0299610 0.0083785 0.0131899 0.0465378 0.0885074 0.0049325 0.0063280 0.0146560 0.0471705 0.0354820 0.0000000 0.0093002 0.0620171 0.3325352
 45 L  45 0.0348120 0.0332991 0.0112519 0.0417242 0.0294349 0.0112107 0.0164717 0.0235013 0.0042194 0.0485999 0.1150214 0.0270176 0.0483661 0.0247170 0.0665927 0.0226389 0.0403215 0.0045084 0.0190057 0.0625001 0.3147856
 46 S  46 0.0493820 0.0109817 0.0548901 0.0717651 0.0023059 0.0663526 0.0419453 0.0359684 0.0158651 0.0118590 0.0401899 0.0147157 0.0052327 0.0256544 0.0253325 0.1832063 0.0893987 0.0000000 0.0061592 0.0185490 0.2302464
 47 G  47 0.0663103 0.0080768 0.0736017 0.0954751 0.0000000 0.0126833 0.0278496 0.1508833 0.0173106 0.0087164 0.0071269 0.0211395 0.0023026 0.0010812 0.0447162 0.1508246 0.0862619 0.0000000 0.0012369 0.0023328 0.2220702
 48 L  48 0.0000000 0.7496965 0.0000000 0.0000000 0.0000000 0.0022560 0.0000000 0.0011910 0.0000000 0.0000000 0.0025416 0.1091499 0.0000000 0.0023253 0.0000000 0.0049755 0.0000000 0.0000000 0.0018371 0.0000000 0.1260271
 49 I  49 0.0000000 0.0000000 0.0040117 0.0000000 0.0000000 0.0000000 0.0000000 0.0000000 0.0000000 0.7399852 0.0057805 0.0000000 0.0085626 0.0000000 0.0000000 0.0000000 0.0000000 0.0000000 0.0000000 0.1506891 0.0909710
 50 V  50 0.0224024 0.0036848 0.0000000 0.0000000 0.0000000 0.0000000 0.0000000 0.0000000 0.0000000 0.0813543 0.0175154 0.0068827 0.0149811 0.0024103 0.0000000 0.0076402 0.0179137 0.0000000 0.0052289 0.7342373 0.0857490
 51 N  51 0.0025460 0.0000000 0.0656170 0.0068535 0.0000000 0.0062689 0.0024940 0.8112943 0.0064258 0.0000000 0.0000000 0.0020512 0.0009295 0.0000000 0.0000000 0.0177868 0.0000000 0.0000000 0.0008582 0.0000000 0.0768747
 52 G  52 0.0000000 0.0000000 0.0000000 0.0012411 0.0000000 0.0000000 0.0000000 0.9149908 0.0000000 0.0000000 0.0000000 0.0000000 0.0000000 0.0000000 0.0015167 0.0000000 0.0000000 0.0039161 0.0000000 0.0021443 0.0761910
 53 E  53 0.0317267 0.0408992 0.0313323 0.0196903 0.0327312 0.1094479 0.1499886 0.0038765 0.0200215 0.0138077 0.0205618 0.0496349 0.0113735 0.0191777 0.0026904 0.1166605 0.1176600 0.0018094 0.0641557 0.0722582 0.0704958
 54 E  54 0.0676436 0.0049502 0.1346200 0.2018762 0.0000000 0.0300855 0.1786887 0.0184387 0.0022567 0.0107221 0.0135803 0.0230571 0.0091428 0.0075530 0.0496140 0.0513502 0.0729566 0.0000000 0.0043542 0.0503848 0.0687255
 55 A  55 0.6076341 0.0000000 0.0000000 0.0000000 0.0794930 0.0000000 0.0000000 0.0021678 0.0000000 0.0000000 0.0000000 0.0000000 0.0000000 0.0000000 0.0021707 0.1490799 0.0406443 0.0000000 0.0000000 0.0530052 0.0658050
 56 V  56 0.0869364 0.1145322 0.0220641 0.0281156 0.0071691 0.0716443 0.0763251 0.0219616 0.0126481 0.0118935 0.0409112 0.0573872 0.0172149 0.0044628 0.0651552 0.1292440 0.0761824 0.0009163 0.0044234 0.1024475 0.0483653
 57 P  57 0.0671199 0.0721768 0.0088455 0.0193273 0.0000000 0.0201948 0.1507822 0.0071972 0.0141627 0.0096856 0.0763379 0.0698761 0.0029581 0.0183024 0.3088616 0.0378213 0.0069721 0.0044485 0.0042786 0.0490315 0.0516199
 58 G  58 0.0205857 0.0228255 0.0938915 0.0142524 0.0000000 0.0027998 0.0090966 0.6214395 0.1110078 0.0000000 0.0000000 0.0037401 0.0037027 0.0010001 0.0000000 0.0259933 0.0036163 0.0000000 0.0124745 0.0056478 0.0479263
 59 S  59 0.0984954 0.0624571 0.0104156 0.0320056 0.0071691 0.0405470 0.2662012 0.0196542 0.0086200 0.0036543 0.0007486 0.0563396 0.0021619 0.0036936 0.0011548 0.3158164 0.0207681 0.0000000 0.0006387 0.0047994 0.0446593
 60 W  60 0.0021772 0.0082221 0.0000000 0.0000000 0.0064995 0.0229180 0.0011557 0.0000000 0.0180379 0.0082995 0.0160678 0.0013458 0.0006243 0.0545129 0.0000000 0.0037145 0.0000000 0.7584240 0.0252448 0.0499015 0.0228545
 61 P  61 0.0053162 0.0000000 0.0000000 0.0000000 0.0000000 0.0011477 0.0000000 0.0000000 0.0000000 0.0000000 0.0000000 0.0000000 0.0000000 0.0000000 0.9684032 0.0022785 0.0000000 0.0000000 0.0000000 0.0000000 0.0228545
 62 W  62 0.0000000 0.0000000 0.0000000 0.0000000 0.0000000 0.0000000 0.0000000 0.0000000 0.0117170 0.0000000 0.0000000 0.0000000 0.0000000 0.0037845 0.0000000 0.0051276 0.0000000 0.9028673 0.0536491 0.0000000 0.0228545
 63 Q  63 0.0014439 0.0036936 0.0000000 0.0000000 0.0000000 0.7899004 0.0169140 0.0000000 0.0023732 0.0324809 0.0361630 0.0000000 0.0723029 0.0000000 0.0000000 0.0000000 0.0077746 0.0000000 0.0000000 0.0140989 0.0228545
 64 V  64 0.2668875 0.0000000 0.0000000 0.0000000 0.0034247 0.0000000 0.0000000 0.0177693 0.0000000 0.0834209 0.0063788 0.0000000 0.0009525 0.0000000 0.0000000 0.0064318 0.0094664 0.0000000 0.0000000 0.5795209 0.0257472
 65 S  65 0.0622624 0.0124178 0.0104307 0.0054014 0.0000000 0.0243563 0.0242545 0.0117768 0.0013458 0.0037145 0.0040702 0.0027546 0.0129042 0.0040841 0.0007094 0.7525826 0.0157694 0.0000000 0.0083881 0.0000000 0.0427772
 66 L  66 0.0000000 0.0000000 0.0000000 0.0000000 0.0000000 0.0000000 0.0000000 0.0000000 0.0000000 0.0939957 0.7602502 0.0000000 0.0141141 0.0079214 0.0000000 0.0000000 0.0000000 0.0000000 0.0000000 0.0898069 0.0339117
 67 Q  67 0.0025859 0.1790052 0.0119800 0.0000000 0.0000000 0.3407159 0.0017472 0.0025386 0.1167131 0.0143463 0.0342163 0.0524751 0.0212972 0.0132712 0.0000000 0.0115811 0.0084835 0.0256487 0.0249571 0.0165555 0.1218820
 68 D  68 0.0165985 0.0314076 0.0159275 0.0451615 0.0000000 0.0145084 0.0487404 0.0107693 0.0196736 0.0362901 0.1083549 0.0077792 0.0229443 0.0643522 0.0000000 0.0248493 0.0776210 0.0317220 0.1505111 0.1062272 0.1665618
 69 K  69 0.0173974 0.1434050 0.1347813 0.0216937 0.0000000 0.0587261 0.0370641 0.0578682 0.0228915 0.0125163 0.0293961 0.1141613 0.0035480 0.0104148 0.0353223 0.0769051 0.0321375 0.0076983 0.0324883 0.0109109 0.1406738
 70 T  70 0.0296778 0.0528046 0.1522648 0.0827652 0.0000000 0.0038722 0.0143272 0.1252694 0.0130422 0.0076837 0.0065904 0.0310714 0.0021610 0.0314586 0.0305075 0.1862507 0.0751889 0.0008659 0.0136927 0.0086122 0.1318936
 71 G  71 0.0133902 0.0486501 0.0214948 0.0141265 0.0000000 0.0597631 0.0147533 0.4987850 0.0046079 0.0043172 0.0032161 0.0344747 0.0028800 0.0203468 0.0000000 0.0495041 0.0123110 0.0423249 0.0230649 0.0012233 0.1307659
 72 F  72 0.0231536 0.1527253 0.0245412 0.0111372 0.0008819 0.0324517 0.0788589 0.0881632 0.0295070 0.0435480 0.0112786 0.0490479 0.0080923 0.0801597 0.0012631 0.1086171 0.0289745 0.0061576 0.1163228 0.0493808 0.0557375
 73 H  73 0.0108752 0.0077576 0.0011901 0.0000000 0.0000000 0.0155055 0.0020705 0.0020448 0.7615826 0.0000000 0.0288653 0.0000000 0.0000000 0.0494783 0.0446184 0.0014439 0.0000000 0.0000000 0.0121085 0.0019020 0.0605573
 74 F  74 0.0071277 0.0593549 0.0083127 0.0000000 0.0000000 0.0318691 0.0048971 0.0024770 0.0183783 0.1048419 0.0856159 0.0174739 0.0120576 0.2967275 0.0044852 0.0162179 0.0712250 0.0141276 0.0661797 0.1227182 0.0559129
 75 C  75 0.0000000 0.0000000 0.0000000 0.0000000 0.9763347 0.0000000 0.0000000 0.0000000 0.0000000 0.0000000 0.0000000 0.0000000 0.0000000 0.0000000 0.0000000 0.0000000 0.0000000 0.0000000 0.0000000 0.0000000 0.0236653
 76 G  76 0.0129440 0.0000000 0.0000000 0.0000000 0.0000000 0.0000000 0.0027546 0.9137867 0.0196353 0.0032584 0.0000000 0.0000000 0.0000000 0.0000000 0.0000000 0.0010048 0.0137121 0.0000000 0.0054575 0.0037813 0.0236653
 77 G  77 0.2492745 0.0000000 0.0000000 0.0000000 0.0034247 0.0000000 0.0000000 0.7186225 0.0000000 0.0000000 0.0000000 0.0000000 0.0000000 0.0000000 0.0000000 0.0050131 0.0000000 0.0000000 0.0000000 0.0000000 0.0236653
 78 S  78 0.0816408 0.0000000 0.0013190 0.0000000 0.0000000 0.0020334 0.0000000 0.0000000 0.0000000 0.0321558 0.0000000 0.0000000 0.0028498 0.0018858 0.0000000 0.5236200 0.2702381 0.0000000 0.0000000 0.0605921 0.0236653
 79 L  79 0.0000000 0.0000000 0.0000000 0.0000000 0.0000000 0.0000000 0.0000000 0.0000000 0.0000000 0.1255039 0.7495639 0.0000000 0.0049452 0.0022920 0.0000000 0.0000000 0.0000000 0.0000000 0.0000000 0.0940298 0.0236653
 80 I  80 0.0000000 0.0000000 0.0000000 0.0000000 0.0000000 0.0000000 0.0000000 0.0016039 0.0000000 0.6734154 0.0993728 0.0000000 0.0015651 0.0011000 0.0000000 0.0009827 0.0000000 0.0000000 0.0039761 0.1943186 0.0236653
 81 N  81 0.1681475 0.0149816 0.1861661 0.0609846 0.0031200 0.0091912 0.0015136 0.0896344 0.0521798 0.0000000 0.0000000 0.0025026 0.0000000 0.0016039 0.0000000 0.3078396 0.0762283 0.0000000 0.0022415 0.0000000 0.0236653
 82 E  82 0.0398567 0.0402792 0.1375171 0.1269120 0.0017000 0.0200277 0.1647988 0.0080805 0.0172344 0.0000000 0.0151445 0.0466318 0.0013500 0.0000000 0.2336413 0.1075133 0.0143842 0.0000000 0.0000000 0.0012631 0.0236653
 83 N  83 0.0047685 0.1867429 0.1042889 0.0889016 0.0167788 0.2300002 0.0909853 0.0185441 0.0304728 0.0039916 0.0144783 0.0414365 0.0065681 0.0009285 0.0000000 0.0653371 0.0466584 0.0028155 0.0119014 0.0107362 0.0236653
 84 W  84 0.0000000 0.0036574 0.0000000 0.0000000 0.0000000 0.0000000 0.0000000 0.0000000 0.0160704 0.0000000 0.0039332 0.0000000 0.0043758 0.0176664 0.0000000 0.0139560 0.0000000 0.8767077 0.0326452 0.0036543 0.0273337
 85 V  85 0.0234119 0.0000000 0.0000000 0.0000000 0.0000000 0.0000000 0.0000000 0.0000000 0.0000000 0.1703670 0.1896322 0.0000000 0.0040098 0.0000000 0.0000000 0.0000000 0.0000000 0.0000000 0.0000000 0.5875907 0.0249884
 86 V  86 0.0186443 0.0000000 0.0000000 0.0000000 0.0000000 0.0000000 0.0000000 0.0000000 0.0000000 0.0683686 0.5575098 0.0000000 0.0267465 0.0013500 0.0000000 0.0000000 0.0000000 0.0000000 0.0000000 0.3023923 0.0249884
 87 T  87 0.0389006 0.0000000 0.0000000 0.0000000 0.0036038 0.0000000 0.0000000 0.0009929 0.0000000 0.0000000 0.0000000 0.0000000 0.0000000 0.0000000 0.0000000 0.2815863 0.6422156 0.0000000 0.0009338 0.0067786 0.0249884
 88 A  88 0.9096717 0.0000000 0.0128469 0.0000000 0.0000000 0.0000000 0.0000000 0.0000000 0.0000000 0.0000000 0.0000000 0.0000000 0.0000000 0.0000000 0.0250928 0.0113850 0.0048844 0.0000000 0.0000000 0.0111308 0.0249884
 89 A  89 0.8865809 0.0011121 0.0013194 0.0010048 0.0017629 0.0000000 0.0000000 0.0363484 0.0013481 0.0000000 0.0000000 0.0036153 0.0000000 0.0000000 0.0000000 0.0125363 0.0270970 0.0000000 0.0000000 0.0022864 0.0249884
 90 H  90 0.0016531 0.0014192 0.0062502 0.0065966 0.0023727 0.0053700 0.0000000 0.0000000 0.9212455 0.0000000 0.0000000 0.0000000 0.0000000 0.0000000 0.0000000 0.0301042 0.0000000 0.0000000 0.0000000 0.0000000 0.0249884
 91 C  91 0.0000000 0.0000000 0.0000000 0.0000000 0.9722401 0.0000000 0.0000000 0.0000000 0.0000000 0.0000000 0.0017857 0.0000000 0.0000000 0.0000000 0.0000000 0.0000000 0.0000000 0.0000000 0.0000000 0.0000000 0.0259742
 92 G  92 0.0029635 0.0008934 0.0119658 0.0018458 0.0009858 0.0019520 0.0037081 0.0164354 0.0000000 0.0908447 0.0543354 0.0011901 0.0156941 0.4748200 0.0000000 0.0009285 0.0044128 0.0040885 0.0683721 0.2216166 0.0229474
 93 V  93 0.0395125 0.0515772 0.0551186 0.1728446 0.0000000 0.0883390 0.0734282 0.0160609 0.0254506 0.0073530 0.0532227 0.1011969 0.0040846 0.0228164 0.0339775 0.0983592 0.0182760 0.0050378 0.0507520 0.0553949 0.0271975
 94 T  94 0.0296476 0.0860136 0.0642844 0.0471414 0.0000000 0.0119329 0.0168331 0.0776001 0.0348052 0.0054337 0.0085040 0.0576448 0.0019380 0.0000000 0.2935277 0.1523268 0.0574579 0.0023933 0.0059943 0.0110733 0.0354479
 95 T  95 0.0320166 0.1417328 0.0530345 0.0336170 0.0018236 0.0154485 0.0338210 0.0243012 0.0293385 0.0000000 0.0014359 0.0891131 0.0085477 0.0195283 0.0210619 0.3035399 0.1007709 0.0029445 0.0512926 0.0040703 0.0325612
 96 S  96 0.0383567 0.0786866 0.0955112 0.0528400 0.0000000 0.0791269 0.0637176 0.0128507 0.0182196 0.0226908 0.0296259 0.0834212 0.0187357 0.0075255 0.0153630 0.1712109 0.0682292 0.0000000 0.0463413 0.0335950 0.0639523
 97 D  97 0.0022972 0.0027125 0.0370852 0.0508867 0.0000000 0.0030771 0.0019291 0.0000000 0.0345982 0.1075096 0.0833095 0.0007555 0.0181041 0.0590292 0.0043694 0.0015235 0.0016145 0.3302610 0.1946038 0.0244235 0.0419104
 98 V  98 0.0327306 0.2146700 0.0155937 0.0040732 0.0000000 0.0945368 0.0689635 0.0023446 0.0130573 0.0182967 0.0159639 0.1017775 0.0132175 0.0065089 0.0542993 0.0361836 0.2138733 0.0020211 0.0090489 0.0488889 0.0339508
 99 V  99 0.1561533 0.0176309 0.0016084 0.0017980 0.0000000 0.0039902 0.0009692 0.0012977 0.0015168 0.1007960 0.0129716 0.0119274 0.0021629 0.0051485 0.0000000 0.0070876 0.0039359 0.0000000 0.0031875 0.6399808 0.0278372
100 V 100 0.0164201 0.1842140 0.0132728 0.0046396 0.0006751 0.0616248 0.0045206 0.0056387 0.0556980 0.0696687 0.0770118 0.0396447 0.0053671 0.0797522 0.0000000 0.0218259 0.0404916 0.0021192 0.1288031 0.1593191 0.0292929
101 A 101 0.1311794 0.0000000 0.0000000 0.0000000 0.0000000 0.0000000 0.0000000 0.0159461 0.0000000 0.0143963 0.5567026 0.0000000 0.0325251 0.0457424 0.0030850 0.0175590 0.0063364 0.0500189 0.0010123 0.0959419 0.0295545
102 G 102 0.0009460 0.0125490 0.0000000 0.0008878 0.0000000 0.0000000 0.0000000 0.8696947 0.0000000 0.0082061 0.0069327 0.0000000 0.0031107 0.0000000 0.0000000 0.0103139 0.0350696 0.0000000 0.0000000 0.0009813 0.0513081
103 E 103 0.1350019 0.0410175 0.0043768 0.0772101 0.0010005 0.0157824 0.2245481 0.0117136 0.0041831 0.0664381 0.0768336 0.0636976 0.0195686 0.0066971 0.0030595 0.0544523 0.0715991 0.0000000 0.0008939 0.0412671 0.0806592
104 F 104 0.0256702 0.0261226 0.0179911 0.0110325 0.0000000 0.0382012 0.0056519 0.0000000 0.3103850 0.0263428 0.0991358 0.0083247 0.0016531 0.0191861 0.0230964 0.0509193 0.0682084 0.0141616 0.1178094 0.0518617 0.0842464
105 D 105 0.0138760 0.0652150 0.1898300 0.1696417 0.0000000 0.0586877 0.0178529 0.0064337 0.0499240 0.0041516 0.0145344 0.0488561 0.0086605 0.0892638 0.0000000 0.0895846 0.0567325 0.0057777 0.0169730 0.0075272 0.0864778
106 Q 106 0.0085185 0.0868828 0.0039343 0.0017561 0.0000000 0.1219988 0.0374853 0.0559498 0.0125347 0.0950064 0.3883234 0.0115853 0.0091489 0.0205959 0.0012233 0.0228705 0.0084871 0.0061720 0.0055026 0.0267640 0.0752604
107 G 107 0.0654827 0.0483293 0.0710893 0.0533591 0.0038481 0.0450937 0.0339104 0.0667762 0.0168087 0.0138106 0.0459535 0.0281730 0.0121704 0.0212654 0.0125884 0.2301416 0.0860195 0.0122903 0.0431267 0.0307878 0.0589753
108 S 108 0.0394756 0.0443862 0.0522471 0.0357253 0.0018236 0.0577323 0.0674927 0.1280494 0.0177734 0.0173526 0.0596031 0.0583103 0.0074713 0.0042075 0.0237890 0.1232297 0.0858844 0.0008131 0.0169199 0.1005226 0.0571909
109 S 109 0.0709862 0.0332106 0.0802176 0.0461257 0.0037813 0.0220705 0.0329274 0.0236814 0.0165672 0.0689256 0.1040372 0.0260845 0.0207795 0.0212975 0.0941723 0.1156067 0.1016856 0.0012677 0.0225049 0.0546765 0.0393940
110 S 110 0.0293960 0.0192720 0.0868262 0.1586575 0.0000000 0.0347482 0.2554041 0.0484167 0.0072402 0.0072920 0.0099860 0.0212541 0.0027685 0.0086750 0.0415249 0.1426770 0.0608455 0.0067104 0.0066444 0.0058401 0.0458212
111 E 111 0.0420324 0.0199877 0.0228315 0.0287294 0.0000000 0.0177293 0.1465491 0.1991485 0.0132681 0.0007482 0.0066672 0.0437800 0.0000000 0.0211342 0.2189089 0.1071781 0.0200271 0.0073414 0.0122524 0.0184781 0.0532084
112 K 112 0.0316248 0.0204377 0.0896784 0.0512679 0.0000000 0.0344255 0.0235214 0.1050116 0.0890935 0.0009504 0.0141629 0.0299024 0.0083467 0.0299280 0.1270127 0.1071480 0.1177246 0.0048309 0.0260792 0.0053396 0.0835138
113 I 113 0.1096887 0.0334552 0.0015398 0.0006214 0.0000000 0.0301124 0.2738011 0.0232996 0.0144397 0.0443562 0.0350699 0.0425416 0.0114211 0.0016943 0.0283993 0.0817630 0.0666454 0.0012106 0.0243715 0.0749145 0.1006546
114 Q 114 0.0245720 0.0186061 0.0054774 0.0000000 0.0014497 0.3843636 0.0596918 0.0020966 0.0070076 0.0576710 0.0570338 0.0136324 0.0485429 0.0026754 0.0253477 0.0104596 0.0161802 0.0000000 0.0025942 0.1831434 0.0794547
115 K 115 0.0422209 0.0739222 0.0159770 0.0269502 0.0014497 0.0231650 0.0980559 0.0313297 0.0064534 0.0386771 0.0562438 0.0844498 0.0129801 0.0930424 0.0079293 0.0868885 0.0958813 0.0027155 0.0187754 0.1163788 0.0665142
116 L 116 0.0441016 0.2383824 0.0017157 0.0000000 0.0000000 0.0094476 0.0167609 0.0000000 0.0333648 0.1761674 0.1078421 0.0205576 0.0378953 0.0695768 0.0028484 0.0366190 0.0128611 0.0000000 0.0460728 0.0893224 0.0564640
117 K 117 0.0540623 0.1227480 0.0782065 0.0535849 0.0000000 0.0470374 0.0342984 0.1081212 0.0085456 0.0015956 0.0281829 0.0922940 0.0070256 0.0113365 0.1004186 0.1239999 0.0568504 0.0013520 0.0138991 0.0088494 0.0475916
118 I 118 0.0546678 0.0000000 0.0000000 0.0000000 0.0000000 0.0000000 0.0016521 0.0032853 0.0000000 0.1539268 0.0622890 0.0000000 0.0018650 0.0007817 0.0192212 0.0356500 0.0100164 0.0000000 0.0000000 0.6250305 0.0316142
119 A 119 0.1866594 0.0776992 0.0152430 0.0688055 0.0000000 0.0855914 0.1189340 0.0173964 0.0044756 0.0105174 0.0173876 0.1401286 0.0033504 0.0007452 0.0006773 0.1634836 0.0366982 0.0008424 0.0013390 0.0157962 0.0342297
120 K 120 0.0302653 0.3142111 0.0495965 0.0360857 0.0026288 0.0962148 0.0734124 0.0055784 0.0098242 0.0058385 0.0052651 0.2425490 0.0017159 0.0012259 0.0000000 0.0455862 0.0374294 0.0032788 0.0040224 0.0045651 0.0307063
121 V 121 0.0285265 0.0018712 0.0000000 0.0000000 0.0000000 0.0013481 0.0007037 0.0000000 0.0000000 0.5555928 0.0899319 0.0169756 0.0087859 0.0174639 0.0000000 0.0103700 0.0076625 0.0000000 0.0050910 0.2249705 0.0307063
122 F 122 0.0140526 0.0112545 0.0000000 0.0000000 0.0000000 0.0026201 0.0114049 0.0000000 0.0203650 0.4853864 0.0485459 0.0028043 0.0049909 0.1254103 0.0000000 0.0052379 0.0249719 0.0013222 0.0395355 0.1728606 0.0292372
123 K 123 0.0243823 0.0929575 0.0096556 0.0000000 0.0105419 0.0161097 0.0029709 0.0000000 0.0000000 0.1801986 0.1124678 0.0813626 0.0401353 0.0075222 0.0674188 0.0408558 0.0567871 0.0093720 0.0240848 0.1880085 0.0351687
124 N 124 0.0033413 0.0009858 0.0829624 0.0000000 0.0000000 0.0000000 0.0169285 0.0146966 0.7637539 0.0015676 0.0034872 0.0012461 0.0022920 0.0026688 0.0165962 0.0144012 0.0040825 0.0000000 0.0195056 0.0000000 0.0514841
125 S 125 0.0074426 0.0184835 0.0101403 0.0172200 0.0000000 0.0204055 0.2046615 0.0149527 0.0078806 0.0022093 0.0131977 0.0231616 0.0000000 0.0000000 0.5564682 0.0496693 0.0019701 0.0000000 0.0026870 0.0000000 0.0494501
126 K 126 0.0197390 0.0574291 0.1965019 0.0893102 0.0000000 0.0691057 0.0389274 0.0613812 0.0372097 0.0008179 0.0412289 0.1202754 0.0035050 0.0341038 0.0049751 0.1094540 0.0064202 0.0000000 0.0417907 0.0032961 0.0645288
127 Y 127 0.0000000 0.0000000 0.0100227 0.0000000 0.0000000 0.0022920 0.0000000 0.0000000 0.0105310 0.0000000 0.0144346 0.0000000 0.0000000 0.1172511 0.0019576 0.0000000 0.0000000 0.0675548 0.6767723 0.0000000 0.0991840
128 N 128 0.0397355 0.0563468 0.3433393 0.1522971 0.0013530 0.0182232 0.0172689 0.0038855 0.0226954 0.0114739 0.0134442 0.0431730 0.0040544 0.0005986 0.0020718 0.1136535 0.0431224 0.0019688 0.0128142 0.0134392 0.0850414
129 S 129 0.0581836 0.0594832 0.0160628 0.0500279 0.0000000 0.0189108 0.0436013 0.0536400 0.0128435 0.0203261 0.0240534 0.0462848 0.0176930 0.0281890 0.1383641 0.2397325 0.0466951 0.0039675 0.0405546 0.0155612 0.0658257
130 L 130 0.0489331 0.0738794 0.0822251 0.0715265 0.0000000 0.0437049 0.0661740 0.0329232 0.0179283 0.0201165 0.0453200 0.0582747 0.0172249 0.0546044 0.0657289 0.0509630 0.0327071 0.0248499 0.0756195 0.0527121 0.0645846
131 T 131 0.0507802 0.0366019 0.0695510 0.0315068 0.0000000 0.0185690 0.0528963 0.0907543 0.0027918 0.0223291 0.0259315 0.0106668 0.0000000 0.0055214 0.0358124 0.0952411 0.3540382 0.0017198 0.0072757 0.0078060 0.0802066
132 I 132 0.0319953 0.0125810 0.0655048 0.0381670 0.0066988 0.0080037 0.0028947 0.0194120 0.0866217 0.0877178 0.1582199 0.0579132 0.0260876 0.0685155 0.0114674 0.0793626 0.0455881 0.0000000 0.0758035 0.0449516 0.0724939
133 N 133 0.0378769 0.0518790 0.1003737 0.3588668 0.0013571 0.0149106 0.0888634 0.1155254 0.0174015 0.0102662 0.0090008 0.0117770 0.0042635 0.0033297 0.0111258 0.0682169 0.0082521 0.0023117 0.0225389 0.0069567 0.0549063
134 N 134 0.0810849 0.0027545 0.3922505 0.0237532 0.0012724 0.0025739 0.0000000 0.0536160 0.0360402 0.0000000 0.0017000 0.0140136 0.0022398 0.0495000 0.0015269 0.0602685 0.0117789 0.0011239 0.2045603 0.0010671 0.0588754
135 D 135 0.0000000 0.0000000 0.0169651 0.9256734 0.0000000 0.0000000 0.0000000 0.0037813 0.0000000 0.0000000 0.0000000 0.0000000 0.0000000 0.0000000 0.0032584 0.0000000 0.0000000 0.0000000 0.0000000 0.0000000 0.0503219
136 I 136 0.0048915 0.0000000 0.0000000 0.0000000 0.0000000 0.0000000 0.0000000 0.0000000 0.0000000 0.7257031 0.0948312 0.0000000 0.0097158 0.0046235 0.0000000 0.0000000 0.0000000 0.0000000 0.0000000 0.1230502 0.0371847
137 T 137 0.7935401 0.0000000 0.0000000 0.0000000 0.0133132 0.0000000 0.0000000 0.0039918 0.0000000 0.0000000 0.0107218 0.0000000 0.0724827 0.0000000 0.0000000 0.0264931 0.0379413 0.0000000 0.0000000 0.0066768 0.0348394
138 L 138 0.0038623 0.0000000 0.0000000 0.0000000 0.0000000 0.0000000 0.0000000 0.0000000 0.0000000 0.0358251 0.8146211 0.0000000 0.0219401 0.0010222 0.0000000 0.0000000 0.0000000 0.0000000 0.0000000 0.0878899 0.0348394
139 L 139 0.0299758 0.0000000 0.0000000 0.0000000 0.0000000 0.0000000 0.0000000 0.0000000 0.0000000 0.1991463 0.4647724 0.0000000 0.0845720 0.0088696 0.0000000 0.0000000 0.0000000 0.0000000 0.0000000 0.1778245 0.0348394
140 K 140 0.0010318 0.1358792 0.0013088 0.0000000 0.0000000 0.1542625 0.1784021 0.0000000 0.0382842 0.0011169 0.0202581 0.4019828 0.0000000 0.0027718 0.0000000 0.0020192 0.0070132 0.0000000 0.0147864 0.0050073 0.0358757
141 L 141 0.0023537 0.0000000 0.0000000 0.0000000 0.0000000 0.0000000 0.0000000 0.0000000 0.0000000 0.0044629 0.9090547 0.0000000 0.0177341 0.0167505 0.0014748 0.0000000 0.0022560 0.0000000 0.0000000 0.0100375 0.0358757
142 S 142 0.1898953 0.0558064 0.0246330 0.0777672 0.0007406 0.0525012 0.1032358 0.0091259 0.0044995 0.0013213 0.0041910 0.0492996 0.0000000 0.0032618 0.0094464 0.3130073 0.0507892 0.0000000 0.0081206 0.0082204 0.0341376
143 T 143 0.0657278 0.1194605 0.0237188 0.0123199 0.0000000 0.0495930 0.0854039 0.0397930 0.0439083 0.0095477 0.0087792 0.0665203 0.0036377 0.0322494 0.0086681 0.2345754 0.1393658 0.0000000 0.0077927 0.0160470 0.0328915
144 A 144 0.0323000 0.0606830 0.0041505 0.0123244 0.0129377 0.0149131 0.0219422 0.0090322 0.0035288 0.0000000 0.0051199 0.0354898 0.0032687 0.0009523 0.6726387 0.0579677 0.0198594 0.0000000 0.0000000 0.0000000 0.0328915
145 A 145 0.1996106 0.0000000 0.0000000 0.0000000 0.0000000 0.0000000 0.0044904 0.0023453 0.0000000 0.0666498 0.1684518 0.0000000 0.0181013 0.0089186 0.0082892 0.0024245 0.0064027 0.0042317 0.0000000 0.4710786 0.0390055
146 S 146 0.0250131 0.0581141 0.1349572 0.0131963 0.0019865 0.0760325 0.0986063 0.0020584 0.0076358 0.0374265 0.0356011 0.0300247 0.0032622 0.0057522 0.0624442 0.0571563 0.2430714 0.0023453 0.0037813 0.0608168 0.0407176
147 F 147 0.0027161 0.0325522 0.0006201 0.0015407 0.0046595 0.0006949 0.0108469 0.0000000 0.0000000 0.0791880 0.2308306 0.0086258 0.0174459 0.3906723 0.0249072 0.0015654 0.0036346 0.0034508 0.1262665 0.0175756 0.0422069
148 S 148 0.0126559 0.0028937 0.2199070 0.0111985 0.0000000 0.0056657 0.0016490 0.0630071 0.0034560 0.0009801 0.0000000 0.0093811 0.0027546 0.0015654 0.0000000 0.3422294 0.2756491 0.0000000 0.0024428 0.0023577 0.0422069
149 Q 149 0.0709919 0.0495612 0.0920831 0.2462351 0.0000000 0.0575622 0.0714091 0.0241812 0.0109257 0.0081978 0.0023803 0.0740397 0.0015039 0.0000000 0.0654158 0.1221893 0.0410879 0.0009384 0.0103889 0.0079582 0.0429501
150 T 150 0.0603114 0.0655757 0.0604921 0.0329600 0.0000000 0.0212848 0.0167550 0.0028338 0.0883174 0.0112149 0.0415176 0.0459376 0.0058953 0.0428377 0.0022920 0.0574981 0.1037225 0.0099227 0.2641492 0.0273134 0.0391689
151 V 151 0.0223456 0.0020853 0.0000000 0.0000000 0.0000000 0.0229719 0.0000000 0.0000000 0.0000000 0.3559741 0.0142583 0.0000000 0.0086447 0.0000000 0.0139936 0.0036394 0.0145400 0.0000000 0.0000000 0.4969943 0.0445527
152 S 152 0.0272589 0.1907834 0.0184553 0.0050876 0.0000000 0.2714163 0.0105829 0.0237171 0.0738678 0.0384359 0.0842837 0.0599091 0.0106510 0.0030921 0.0000000 0.1038503 0.0107878 0.0061272 0.0047380 0.0140056 0.0429501
153 A 153 0.0384818 0.0568950 0.0000000 0.0000000 0.0000000 0.0019566 0.0028838 0.0000000 0.0009692 0.0049473 0.0425137 0.0061991 0.0000000 0.0023869 0.6919522 0.0224616 0.0574086 0.0000000 0.0070145 0.0208428 0.0430867
154 V 154 0.1644251 0.0000000 0.0000000 0.0000000 0.0000000 0.0000000 0.0000000 0.0131541 0.0000000 0.3124307 0.0091948 0.0000000 0.0023453 0.0000000 0.0000000 0.0024881 0.0027617 0.0000000 0.0000000 0.4546731 0.0385272
155 C 155 0.0378329 0.0022551 0.0052172 0.0000000 0.8462500 0.0018712 0.0000000 0.0000000 0.0000000 0.0000000 0.0011901 0.0025103 0.0000000 0.0000000 0.0187719 0.0312400 0.0087695 0.0000000 0.0015100 0.0058783 0.0367036
156 L 156 0.0000000 0.0019865 0.0000000 0.0000000 0.0000000 0.0000000 0.0000000 0.0000000 0.0000000 0.0276249 0.8950390 0.0000000 0.0055563 0.0038825 0.0000000 0.0000000 0.0000000 0.0000000 0.0000000 0.0292072 0.0367036
157 P 157 0.0823998 0.0000000 0.0000000 0.0000000 0.0000000 0.0017855 0.0027934 0.0013475 0.0154825 0.0000000 0.0025783 0.0000000 0.0027944 0.0000000 0.8286958 0.0039491 0.0049843 0.0000000 0.0000000 0.0013190 0.0518704
158 S 158 0.1092653 0.0198547 0.0532247 0.1000093 0.0000000 0.0293721 0.1650262 0.0172498 0.0302375 0.0000000 0.0238038 0.0225327 0.0174471 0.0224254 0.0914491 0.1424381 0.0817650 0.0000000 0.0000000 0.0082067 0.0656924
159 A 159 0.2640765 0.0324816 0.0100547 0.0122822 0.0000000 0.0248065 0.0513214 0.0298486 0.0199409 0.0103842 0.0123063 0.0793417 0.0072611 0.0160486 0.1195315 0.1967845 0.0278122 0.0020488 0.0084908 0.0194375 0.0557404
160 S 160 0.0279895 0.0114178 0.0966205 0.1016122 0.0623234 0.0240600 0.0517204 0.2127880 0.0028021 0.0208667 0.0105393 0.0108604 0.0064351 0.0036186 0.0052286 0.1660685 0.1022750 0.0017000 0.0070921 0.0098539 0.0641279
161 D 161 0.0866846 0.0157667 0.0203685 0.0990770 0.0000000 0.1163921 0.1168043 0.0015119 0.1159480 0.0225482 0.0207698 0.0053776 0.0366995 0.0333822 0.0169638 0.0677576 0.0436980 0.0024428 0.0475882 0.0388350 0.0913842
162 D 162 0.0287860 0.0581862 0.0505655 0.0597161 0.0000000 0.0349839 0.0820220 0.0091076 0.0301345 0.0555052 0.0358670 0.0728262 0.0246648 0.0137092 0.0484523 0.0562188 0.1018590 0.0000000 0.0294273 0.0911572 0.1168110
163 F 163 0.0162242 0.0000000 0.0153892 0.0038820 0.0000000 0.0006055 0.0009102 0.0000000 0.0000000 0.0369192 0.1979918 0.0023618 0.0030509 0.4112097 0.0855920 0.0016803 0.0097060 0.0074428 0.0181616 0.0943326 0.0945403
164 A 164 0.0902763 0.0183840 0.0210755 0.0052585 0.0011246 0.0373658 0.0661224 0.0120992 0.0141475 0.0126592 0.0771538 0.0234421 0.0109144 0.0117301 0.3578965 0.0560250 0.0561423 0.0019479 0.0263356 0.0253872 0.0745121
165 A 165 0.1626867 0.0086269 0.0690462 0.1001437 0.0000000 0.0103878 0.0497256 0.0211805 0.0156576 0.0277896 0.0172550 0.0154946 0.0013325 0.0017198 0.2440077 0.0867583 0.0527875 0.0015295 0.0057859 0.0560375 0.0520470
166 G 166 0.0155286 0.0308238 0.0834226 0.0245930 0.0029277 0.0140027 0.0142352 0.6453881 0.0069445 0.0034757 0.0055961 0.0231199 0.0034331 0.0000000 0.0020207 0.0245264 0.0107146 0.0053897 0.0348833 0.0041076 0.0448666
167 T 167 0.0718428 0.0543589 0.0100949 0.0198176 0.0000000 0.0427221 0.0509303 0.0035715 0.0164190 0.0156156 0.0501471 0.0727066 0.0441304 0.0070902 0.0016332 0.1280163 0.3189255 0.0009504 0.0335237 0.0127453 0.0447585
168 T 168 0.0220905 0.0841119 0.0646985 0.0388428 0.0000000 0.0620336 0.0942651 0.0131815 0.0211777 0.0274332 0.0516248 0.1066383 0.0559182 0.0083046 0.0848489 0.0852526 0.0791740 0.0032543 0.0194369 0.0330492 0.0446632
169 C 169 0.0617858 0.0000000 0.0012188 0.0000000 0.7348991 0.0000000 0.0000000 0.0120768 0.0000000 0.0103257 0.0145744 0.0000000 0.0120386 0.0000000 0.0060864 0.0329975 0.0067720 0.0000000 0.0000000 0.0653751 0.0418498
170 V 170 0.0188544 0.0300377 0.0000000 0.0000000 0.0000000 0.0044376 0.0014454 0.0000000 0.0073517 0.0151617 0.0807225 0.0045851 0.0250625 0.0586451 0.0000000 0.0303905 0.1058577 0.3198055 0.1451684 0.1075749 0.0448993
171 T 171 0.0351978 0.0000000 0.0000000 0.0000000 0.0000000 0.0000000 0.0000000 0.0000000 0.0000000 0.3070840 0.0298617 0.0000000 0.0000000 0.0045825 0.0000000 0.0117154 0.0683353 0.0000000 0.0000000 0.4983239 0.0448993
172 T 172 0.0873879 0.0000000 0.0000000 0.0000000 0.0013679 0.0000000 0.0000000 0.0029204 0.0000000 0.0258738 0.0200455 0.0000000 0.0000000 0.0000000 0.0000000 0.2284666 0.5624122 0.0000000 0.0000000 0.0220129 0.0495128
173 G 173 0.0000000 0.0185622 0.0000000 0.0000000 0.0000000 0.0036936 0.0000000 0.9223348 0.0000000 0.0000000 0.0028370 0.0000000 0.0000000 0.0000000 0.0000000 0.0000000 0.0030595 0.0000000 0.0000000 0.0000000 0.0495128
174 W 174 0.0000000 0.0000000 0.0000000 0.0000000 0.0000000 0.0000000 0.0000000 0.0000000 0.0000000 0.0000000 0.0000000 0.0000000 0.0000000 0.0475419 0.0000000 0.0000000 0.0000000 0.8967194 0.0062259 0.0000000 0.0495128
175 G 175 0.0000000 0.0030595 0.0000000 0.0014386 0.0000000 0.0000000 0.0000000 0.9280805 0.0000000 0.0000000 0.0000000 0.0137121 0.0000000 0.0000000 0.0000000 0.0000000 0.0000000 0.0000000 0.0000000 0.0000000 0.0537093
176 L 176 0.1402606 0.1581628 0.1414218 0.0633864 0.0000000 0.0201050 0.0332758 0.0010839 0.0374462 0.0043778 0.0205786 0.0619467 0.0011548 0.0240727 0.0000000 0.1013937 0.0620929 0.0017561 0.0545299 0.0193328 0.0536216
177 T 177 0.0095149 0.0128965 0.0036645 0.0049878 0.0000000 0.0134818 0.0091860 0.0169140 0.0021574 0.1201379 0.2400608 0.0153248 0.0123517 0.0000000 0.0216366 0.0117356 0.3913183 0.0000000 0.0000000 0.0554039 0.0592274
178 R 178 0.0411270 0.1200999 0.0236990 0.0392617 0.0000000 0.1341958 0.0934423 0.0274752 0.0232820 0.0011184 0.0208122 0.1211745 0.0127693 0.0115995 0.0000000 0.1669550 0.0260630 0.0011073 0.0646873 0.0041345 0.0669960
179 Y 179 0.0128069 0.0023534 0.0748888 0.0824021 0.0000000 0.0201644 0.3165220 0.1456794 0.0293958 0.0013310 0.0144323 0.0023388 0.0014333 0.0048282 0.0487129 0.0894927 0.0278521 0.0011042 0.0649137 0.0065243 0.0528233
180 T 180 0.0362328 0.0240966 0.0624701 0.0778712 0.0000000 0.0136917 0.0041857 0.5183031 0.0016167 0.0026181 0.0292353 0.0032550 0.0000000 0.0008276 0.0028786 0.0655865 0.0976368 0.0000000 0.0013055 0.0116021 0.0465867
