  167         A         R         N         D         C         Q         E         G         H         I         L         K         M         F         P         S         T         W         Y         V    
  1 G   1 0.0000000 0.0000000 0.0000000 0.0000000 0.0000000 0.0000000 0.0000000 0.8072156 0.0000000 0.0000000 0.0000000 0.0000000 0.0000000 0.0000000 0.0000000 0.1927844 0.0000000 0.0000000 0.0000000 0.0000000
  2 A   2 0.1520671 0.0000000 0.0000000 0.0471570 0.0000000 0.0000000 0.0000000 0.0000000 0.0000000 0.0000000 0.0000000 0.2563391 0.0622141 0.0000000 0.0000000 0.1778325 0.0746714 0.0000000 0.0000000 0.2297187
  3 M   3 0.0000000 0.0103156 0.0000000 0.0000000 0.0000000 0.0000000 0.0000000 0.0000000 0.0252427 0.0129359 0.0116974 0.0000000 0.9256603 0.0000000 0.0141480 0.0000000 0.0000000 0.0000000 0.0000000 0.0000000
  4 G   4 0.2593183 0.0229110 0.0750931 0.0456285 0.0000000 0.0106310 0.0219776 0.0069879 0.0000000 0.0117987 0.0121444 0.0305826 0.0053127 0.0056239 0.0335094 0.2601726 0.1983081 0.0000000 0.0000000 0.0000000
  5 M   5 0.1016714 0.0086997 0.0218134 0.0441802 0.0000000 0.0218218 0.1630838 0.0241551 0.0095971 0.0089700 0.0059795 0.0175009 0.4124343 0.0035869 0.0038459 0.0701158 0.0659118 0.0000000 0.0047928 0.0118396
  6 S   6 0.0977066 0.0269364 0.0611191 0.0294984 0.0000000 0.0383783 0.0583482 0.0247787 0.0098430 0.0088353 0.0029038 0.1325604 0.0147712 0.0054595 0.0898021 0.2565142 0.1140244 0.0000000 0.0000000 0.0285206
  7 D   7 0.0859656 0.0651311 0.0500342 0.0984644 0.0048434 0.1010666 0.1280817 0.0734732 0.0059302 0.0053295 0.0018783 0.1606998 0.0043760 0.0000000 0.0628475 0.0613884 0.0798254 0.0000000 0.0019769 0.0086877
  8 P   8 0.0143666 0.0462791 0.0096854 0.0027651 0.0000000 0.0514287 0.0094792 0.0063969 0.0051282 0.0246368 0.0185897 0.3311252 0.0133622 0.0000000 0.2970149 0.0735333 0.0762886 0.0000000 0.0000000 0.0199200
  9 L   9 0.0027959 0.0137925 0.0104512 0.0017180 0.0016079 0.0107724 0.0018552 0.0023876 0.0127634 0.1873458 0.0906048 0.1655587 0.0996420 0.0365058 0.0158679 0.0165502 0.0569078 0.0000000 0.1219328 0.1509400
 10 H  10 0.0308901 0.2236753 0.0703121 0.0011147 0.0000000 0.0061571 0.0034209 0.0200652 0.0772254 0.0000000 0.0012592 0.3282123 0.0000000 0.0000000 0.0000000 0.2135936 0.0228015 0.0000000 0.0000000 0.0012726
 11 V  11 0.0082557 0.0000000 0.0000000 0.0000000 0.0000000 0.0000000 0.0000000 0.0000000 0.0000000 0.3350374 0.0762413 0.0000000 0.0031715 0.0017074 0.0000000 0.0000000 0.0000000 0.0000000 0.0000000 0.5755867
 12 T  12 0.0376412 0.0000000 0.0000000 0.0014661 0.0532467 0.0015882 0.0027552 0.0000000 0.0000000 0.0273858 0.7510402 0.0000000 0.0346118 0.0000000 0.0000000 0.0126086 0.0362782 0.0000000 0.0000000 0.0413780
 13 F  13 0.0053486 0.0000000 0.0000000 0.0000000 0.0120120 0.0000000 0.0000000 0.0031091 0.0000000 0.0214471 0.0106660 0.0000000 0.0918740 0.7758418 0.0000000 0.0000000 0.0267574 0.0000000 0.0054151 0.0475289
 14 V  14 0.0000000 0.0000000 0.0000000 0.0000000 0.0072346 0.0000000 0.0000000 0.0000000 0.0000000 0.0869220 0.0078814 0.0000000 0.0000000 0.0000000 0.0000000 0.0000000 0.0000000 0.0000000 0.0000000 0.8979619
 15 C  15 0.0029670 0.0000000 0.0000000 0.0000000 0.9931470 0.0000000 0.0000000 0.0000000 0.0000000 0.0000000 0.0000000 0.0000000 0.0000000 0.0000000 0.0000000 0.0038859 0.0000000 0.0000000 0.0000000 0.0000000
 16 T  16 0.0034334 0.0000000 0.0038628 0.0000000 0.0000000 0.0000000 0.0000000 0.0000000 0.0700425 0.0088129 0.5925558 0.0038300 0.1164657 0.0029297 0.0000000 0.0236933 0.1549708 0.0042928 0.0021771 0.0129331
 17 G  17 0.0111617 0.0000000 0.0000000 0.0035058 0.0000000 0.0000000 0.0000000 0.9812609 0.0000000 0.0000000 0.0000000 0.0000000 0.0000000 0.0000000 0.0000000 0.0040716 0.0000000 0.0000000 0.0000000 0.0000000
 18 N  18 0.0000000 0.0000000 0.9958890 0.0000000 0.0000000 0.0000000 0.0000000 0.0000000 0.0000000 0.0000000 0.0000000 0.0000000 0.0000000 0.0000000 0.0000000 0.0041110 0.0000000 0.0000000 0.0000000 0.0000000
 19 I  19 0.0000000 0.0000000 0.0000000 0.0000000 0.0000000 0.0000000 0.0000000 0.0000000 0.0000000 0.9426617 0.0110035 0.0000000 0.0000000 0.0096538 0.0000000 0.0113826 0.0189062 0.0000000 0.0014738 0.0049184
 20 C  20 0.0045274 0.0000000 0.0000000 0.0000000 0.9954726 0.0000000 0.0000000 0.0000000 0.0000000 0.0000000 0.0000000 0.0000000 0.0000000 0.0000000 0.0000000 0.0000000 0.0000000 0.0000000 0.0000000 0.0000000
 21 R  21 0.0000000 0.9907928 0.0000000 0.0000000 0.0000000 0.0030734 0.0000000 0.0000000 0.0020656 0.0000000 0.0000000 0.0000000 0.0000000 0.0000000 0.0000000 0.0000000 0.0000000 0.0040682 0.0000000 0.0000000
 22 S  22 0.0000000 0.0000000 0.0000000 0.0000000 0.0000000 0.0000000 0.0000000 0.0000000 0.0000000 0.0000000 0.0000000 0.0000000 0.0000000 0.0000000 0.0000000 1.0000000 0.0000000 0.0000000 0.0000000 0.0000000
 23 P  23 0.0080696 0.0000000 0.0000000 0.0000000 0.0000000 0.0000000 0.0000000 0.0000000 0.0000000 0.0000000 0.0000000 0.0000000 0.0000000 0.0000000 0.9276597 0.0130512 0.0491946 0.0000000 0.0000000 0.0020249
 24 M  24 0.0915418 0.0000000 0.0000000 0.0000000 0.0022032 0.0000000 0.0000000 0.0016020 0.0000000 0.0982515 0.1222109 0.0000000 0.4614591 0.0000000 0.0000000 0.0460458 0.1684442 0.0000000 0.0000000 0.0082415
 25 A  25 0.9103655 0.0000000 0.0000000 0.0000000 0.0018251 0.0000000 0.0000000 0.0663889 0.0000000 0.0000000 0.0000000 0.0000000 0.0000000 0.0000000 0.0000000 0.0194535 0.0019670 0.0000000 0.0000000 0.0000000
 26 E  26 0.0150144 0.0033756 0.0036198 0.0175689 0.0000000 0.0374636 0.8517334 0.0013175 0.0517926 0.0000000 0.0028492 0.0113743 0.0017435 0.0000000 0.0000000 0.0000000 0.0021473 0.0000000 0.0000000 0.0000000
 27 K  27 0.3716363 0.0055569 0.0214057 0.0000000 0.0046030 0.0044769 0.0103688 0.3240084 0.0035181 0.0400841 0.0118292 0.0282762 0.0047459 0.0567004 0.0000000 0.0232843 0.0016858 0.0036519 0.0330583 0.0511096
 28 M  28 0.0491073 0.0000000 0.0000000 0.0000000 0.0000000 0.0000000 0.0000000 0.0000000 0.0000000 0.2578477 0.0555283 0.0000000 0.0610703 0.0017772 0.0000000 0.0000000 0.0049460 0.0013850 0.0107705 0.5575678
 29 F  29 0.0351716 0.0000000 0.0000000 0.0000000 0.0071099 0.0000000 0.0000000 0.0000000 0.0000000 0.0075718 0.2393910 0.0000000 0.1904460 0.4953520 0.0000000 0.0000000 0.0067075 0.0000000 0.0047395 0.0135108
 30 A  30 0.0505353 0.5327182 0.0349382 0.0019460 0.0022307 0.0797306 0.0223591 0.0054854 0.0064708 0.0054954 0.0292559 0.1692061 0.0000000 0.0000000 0.0000000 0.0126635 0.0334401 0.0014320 0.0048100 0.0072829
 31 Q  31 0.1065371 0.0415389 0.0306964 0.1394970 0.0010321 0.0978956 0.0568831 0.0048905 0.2557752 0.0000000 0.0009162 0.1572154 0.0014011 0.0011942 0.0000000 0.0623137 0.0189739 0.0000000 0.0187438 0.0044958
 32 Q  32 0.0616359 0.0665867 0.0000000 0.0025821 0.0026778 0.0608824 0.0484466 0.0022095 0.0395309 0.0423371 0.3108728 0.1405646 0.1077311 0.0210228 0.0000000 0.0000000 0.0235118 0.0016144 0.0244789 0.0433144
 33 L  33 0.1684813 0.0016116 0.0000000 0.0000000 0.0160626 0.0000000 0.0000000 0.0000000 0.0000000 0.1308326 0.2156032 0.0000000 0.0102067 0.0289292 0.0000000 0.0042462 0.0121262 0.0021761 0.0000000 0.4097243
 34 R  34 0.1631190 0.0905227 0.0384104 0.0703272 0.0017105 0.0842975 0.1916556 0.0091007 0.0169058 0.0119127 0.0147130 0.1573309 0.0037697 0.0020091 0.0215990 0.0507849 0.0556897 0.0000000 0.0009653 0.0151763
 35 H  35 0.0797775 0.0809498 0.0287812 0.1324639 0.0019995 0.1535172 0.2413867 0.0075829 0.0197249 0.0065613 0.0104478 0.1814338 0.0000000 0.0000000 0.0011219 0.0326566 0.0170656 0.0000000 0.0009771 0.0035523
 36 R  36 0.3623402 0.1855871 0.0352052 0.0107275 0.0000000 0.0397469 0.1134683 0.0057406 0.0636582 0.0062966 0.0459464 0.0616727 0.0102785 0.0000000 0.0088397 0.0290204 0.0106393 0.0000000 0.0067250 0.0041075
 37 G  37 0.0072910 0.0205497 0.1015604 0.0203701 0.0000000 0.0288402 0.0148285 0.7052166 0.0249129 0.0000000 0.0020559 0.0296877 0.0051616 0.0000000 0.0296904 0.0052751 0.0029634 0.0000000 0.0015965 0.0000000
 38 L  38 0.0140568 0.0112462 0.0010691 0.0046843 0.0036879 0.0059126 0.0014537 0.0018896 0.0057344 0.0616440 0.7133313 0.0210715 0.0236667 0.0098600 0.0022930 0.0029733 0.0042448 0.0071634 0.0244477 0.0795695
 39 G  39 0.1547110 0.0127423 0.0456013 0.1355910 0.0000000 0.0391018 0.1761334 0.0837477 0.0069845 0.0098578 0.0091646 0.0258017 0.0016113 0.0031451 0.0164950 0.1886872 0.0762970 0.0000000 0.0021962 0.0121310
 40 D  40 0.0505555 0.0184762 0.0710847 0.4059827 0.0000000 0.0205161 0.0966733 0.0970300 0.0799547 0.0010297 0.0129860 0.0363661 0.0015423 0.0013531 0.0051065 0.0854864 0.0123224 0.0000000 0.0016179 0.0019163
 41 A  41 0.0982363 0.1942221 0.0461392 0.0372279 0.0037177 0.1341285 0.0927938 0.0122347 0.0370514 0.0102306 0.0730154 0.1206728 0.0070213 0.0159876 0.0067578 0.0366429 0.0195000 0.0024779 0.0136845 0.0382577
 42 V  42 0.0096347 0.0000000 0.0000000 0.0000000 0.0013529 0.0000000 0.0000000 0.0094024 0.0000000 0.2690300 0.0564552 0.0000000 0.0109042 0.2078747 0.0014402 0.0030098 0.0016877 0.1185682 0.0318703 0.2787695
 43 R  43 0.0312152 0.1199296 0.0196777 0.0231335 0.0026890 0.0591569 0.2307477 0.0089973 0.0414232 0.0529396 0.0563750 0.0730630 0.0100812 0.0353266 0.0014181 0.0395870 0.0780512 0.0023380 0.0392589 0.0745911
 44 V  44 0.0286437 0.0000000 0.0000000 0.0000000 0.0311666 0.0000000 0.0000000 0.0000000 0.0000000 0.3481726 0.0343302 0.0000000 0.0000000 0.0087552 0.0000000 0.0076090 0.0445510 0.0000000 0.0000000 0.4967716
 45 T  45 0.0590827 0.0038789 0.0131164 0.7091378 0.0000000 0.0063388 0.0733933 0.0135553 0.0075168 0.0000000 0.0000000 0.0000000 0.0017796 0.0019948 0.0000000 0.0560936 0.0466713 0.0000000 0.0020464 0.0053944
 46 S  46 0.0067315 0.0017175 0.0000000 0.0000000 0.0026888 0.0000000 0.0000000 0.0022865 0.0000000 0.0000000 0.0000000 0.0000000 0.0000000 0.0000000 0.0000000 0.9865757 0.0000000 0.0000000 0.0000000 0.0000000
 47 A  47 0.7715778 0.0256768 0.0000000 0.0000000 0.0900811 0.0000000 0.0031692 0.0132035 0.0000000 0.0000000 0.0028216 0.0094637 0.0020490 0.0217590 0.0000000 0.0425924 0.0052692 0.0000000 0.0021003 0.0102364
 48 G  48 0.2108454 0.0000000 0.0000000 0.0000000 0.0000000 0.0000000 0.0000000 0.7813799 0.0000000 0.0000000 0.0000000 0.0000000 0.0000000 0.0000000 0.0000000 0.0077747 0.0000000 0.0000000 0.0000000 0.0000000
 49 T  49 0.0020490 0.0000000 0.0000000 0.0000000 0.0030993 0.0000000 0.0035830 0.0031692 0.0000000 0.1290146 0.0519786 0.0000000 0.0126139 0.0016156 0.0000000 0.0000000 0.7661291 0.0000000 0.0000000 0.0267477
 50 G  50 0.0871355 0.0119135 0.0043960 0.0015092 0.0039599 0.0026617 0.0115621 0.3598958 0.0942019 0.0618453 0.0155914 0.0056575 0.0012434 0.0056893 0.0000000 0.2879325 0.0260275 0.0031692 0.0083239 0.0072844
 51 N  51 0.1243508 0.0387974 0.0837892 0.1997269 0.0009776 0.0063832 0.0091362 0.2939408 0.0208749 0.0000000 0.0000000 0.0056677 0.0000000 0.0000000 0.0229770 0.1138177 0.0705011 0.0038098 0.0052496 0.0000000
 52 W  52 0.0113528 0.0035830 0.0014752 0.0152397 0.0000000 0.0000000 0.0956857 0.0144224 0.0149103 0.0060700 0.0009667 0.0000000 0.0041454 0.0309902 0.0000000 0.0038596 0.0000000 0.4602536 0.3326977 0.0043476
 53 H  53 0.0071929 0.0026710 0.0586894 0.0000000 0.0000000 0.0053655 0.1867455 0.0000000 0.7193176 0.0000000 0.0056575 0.0000000 0.0000000 0.0066934 0.0038114 0.0017377 0.0000000 0.0000000 0.0021182 0.0000000
 54 V  54 0.0966044 0.0108887 0.0000000 0.0183782 0.0000000 0.0392017 0.0755611 0.0000000 0.0289509 0.2553138 0.0397329 0.0032669 0.0045346 0.0000000 0.0110515 0.0174372 0.0510125 0.0021396 0.0044797 0.3414465
 55 G  55 0.0023261 0.0000000 0.0141737 0.0156083 0.0000000 0.0000000 0.0000000 0.9500984 0.0055558 0.0000000 0.0045250 0.0019189 0.0000000 0.0000000 0.0000000 0.0057937 0.0000000 0.0000000 0.0000000 0.0000000
 56 S  56 0.0184659 0.0403651 0.2285532 0.0857367 0.0097082 0.0646420 0.3257154 0.0116106 0.0326283 0.0013046 0.0028110 0.0955025 0.0056573 0.0000000 0.0000000 0.0685785 0.0045045 0.0014221 0.0011373 0.0016565
 57 C  57 0.1030943 0.0427237 0.0098184 0.0392102 0.0124685 0.0310562 0.0284119 0.0600758 0.0113839 0.0030104 0.0943192 0.0344072 0.0037763 0.0012515 0.4380286 0.0686500 0.0170705 0.0000000 0.0000000 0.0012434
 58 A  58 0.1896120 0.0000000 0.0000000 0.0000000 0.0025787 0.0000000 0.0000000 0.0021182 0.0016468 0.0519287 0.0026736 0.0000000 0.0467396 0.0000000 0.6315107 0.0028767 0.0139653 0.0000000 0.0024692 0.0518806
 59 D  59 0.0000000 0.0000000 0.0036352 0.7558023 0.0095857 0.0081976 0.0128172 0.0000000 0.1677424 0.0000000 0.0000000 0.0000000 0.0000000 0.0000000 0.0000000 0.0043476 0.0015196 0.0000000 0.0363524 0.0000000
 60 E  60 0.0690290 0.1372551 0.0147148 0.0252136 0.0096538 0.0287404 0.1039845 0.0194383 0.0522526 0.0085434 0.0163117 0.0555553 0.0033542 0.0034932 0.2580035 0.1091886 0.0146032 0.0043230 0.0518818 0.0144600
 61 R  61 0.0036315 0.7565247 0.0025309 0.0027407 0.0017344 0.0043476 0.0055511 0.1660264 0.0084506 0.0000000 0.0036366 0.0072434 0.0056575 0.0000000 0.0251364 0.0040397 0.0000000 0.0000000 0.0027485 0.0000000
 62 A  62 0.3368508 0.0024021 0.0000000 0.0000000 0.0033205 0.0000000 0.0000000 0.0409937 0.0000000 0.0014724 0.0000000 0.0000000 0.1379101 0.0000000 0.0000000 0.1919952 0.2749732 0.0000000 0.0000000 0.0100819
 63 A  63 0.0588924 0.2362752 0.0078856 0.0021696 0.0069902 0.2306726 0.0027926 0.0100449 0.0000000 0.1258315 0.0696654 0.0460568 0.0567388 0.0000000 0.0000000 0.0156012 0.0279231 0.0000000 0.0000000 0.1024603
 64 G  64 0.2936243 0.0997033 0.0383998 0.0474794 0.0017805 0.0907497 0.0973948 0.0073143 0.0193563 0.0057223 0.0207400 0.1245712 0.0085613 0.0000000 0.0000000 0.0996490 0.0314508 0.0000000 0.0039187 0.0095844
 65 V  65 0.1784964 0.0096582 0.0044188 0.0000000 0.0724211 0.0120268 0.0495864 0.0000000 0.0734799 0.1055685 0.0264617 0.0576384 0.0084648 0.0011426 0.0000000 0.0093678 0.1692811 0.0000000 0.0028929 0.2190946
 66 L  66 0.3627929 0.0000000 0.0000000 0.0000000 0.0411917 0.0022638 0.0000000 0.0703122 0.0000000 0.0048631 0.4461901 0.0000000 0.0502453 0.0043776 0.0000000 0.0098989 0.0021123 0.0000000 0.0000000 0.0057522
 67 R  67 0.1646986 0.2481455 0.0117141 0.0350502 0.0000000 0.0508977 0.0954374 0.0108768 0.0125132 0.0047926 0.0629734 0.2093251 0.0104887 0.0019017 0.0000000 0.0351483 0.0300750 0.0043276 0.0026466 0.0089878
 68 L  68 0.1337321 0.2083677 0.0256407 0.0181293 0.0014195 0.0945445 0.1458797 0.0210277 0.0103261 0.0056858 0.0173245 0.2522262 0.0040821 0.0024737 0.0011877 0.0436446 0.0092964 0.0000000 0.0000000 0.0050117
 69 H  69 0.0290897 0.3343677 0.0781879 0.0043964 0.0014266 0.0173884 0.0230037 0.0070080 0.3614724 0.0010513 0.0114475 0.0283877 0.0101895 0.0159327 0.0000000 0.0040849 0.0023145 0.0016478 0.0549703 0.0136329
 70 G  70 0.0044908 0.0079305 0.0556941 0.0479304 0.0000000 0.0154642 0.0045780 0.8126746 0.0219823 0.0000000 0.0019211 0.0213374 0.0000000 0.0000000 0.0000000 0.0048687 0.0011280 0.0000000 0.0000000 0.0000000
 71 Y  71 0.0112223 0.0000000 0.0000000 0.0000000 0.0072971 0.0000000 0.0011467 0.0000000 0.0133905 0.4204277 0.0914723 0.0000000 0.0046898 0.0109951 0.0000000 0.0000000 0.0040963 0.0013563 0.3107489 0.1231571
 72 P  72 0.0205674 0.0158557 0.0538860 0.3771803 0.0030274 0.0198036 0.0637966 0.0070861 0.0236640 0.0035931 0.0090240 0.0441538 0.0024687 0.0025402 0.1750420 0.1215223 0.0342567 0.0027971 0.0055960 0.0141391
 73 T  73 0.0209173 0.0047753 0.0045812 0.0180492 0.0269440 0.0053355 0.0057696 0.0082665 0.0071850 0.1933141 0.2210188 0.0007915 0.0570253 0.1087948 0.0046737 0.0590474 0.0961544 0.0057133 0.1043728 0.0472701
 74 D  74 0.0453729 0.0265235 0.0932108 0.2029633 0.0000000 0.0347269 0.0749269 0.0539057 0.0191526 0.0029340 0.0050000 0.0386466 0.0008582 0.0022399 0.0327984 0.2662152 0.0936714 0.0000000 0.0015946 0.0052591
 75 H  75 0.0026351 0.0181043 0.0332932 0.0038098 0.0016481 0.0547381 0.0063751 0.2012187 0.4466918 0.0000000 0.0760164 0.0268487 0.0107336 0.0057750 0.0011963 0.0844299 0.0132684 0.0045149 0.0063764 0.0023261
 76 R  76 0.0250267 0.5167458 0.0039698 0.0030038 0.0096500 0.0445207 0.0020928 0.0022368 0.0217347 0.0767697 0.0258654 0.0838729 0.0329704 0.0261377 0.0010485 0.0200603 0.0357366 0.0000000 0.0050212 0.0635361
 77 A  77 0.7415799 0.0014833 0.0000000 0.0000000 0.0120038 0.0000000 0.0000000 0.0685878 0.0000000 0.0088097 0.0000000 0.0014718 0.0000000 0.0000000 0.0000000 0.1455757 0.0028696 0.0000000 0.0000000 0.0176184
 78 A  78 0.0654926 0.7474509 0.0000000 0.0016835 0.0032870 0.0625141 0.0040259 0.0000000 0.0159217 0.0038502 0.0058655 0.0305978 0.0000000 0.0000000 0.0000000 0.0360336 0.0085354 0.0000000 0.0000000 0.0147417
 79 Q  79 0.0188817 0.0715667 0.0000000 0.0000000 0.0018839 0.6224991 0.0328146 0.0053600 0.0068104 0.0059603 0.0158665 0.1143981 0.0159511 0.0017647 0.0603100 0.0021631 0.0132833 0.0000000 0.0000000 0.0104865
 80 V  80 0.0037566 0.0019050 0.0000000 0.0017647 0.0000000 0.0038098 0.0019253 0.0000000 0.0000000 0.2694627 0.1697863 0.0037480 0.0307166 0.1542453 0.0000000 0.0000000 0.0071701 0.0113355 0.0018042 0.3385700
 81 G  81 0.0335463 0.1046243 0.0513112 0.0710258 0.0192945 0.0377035 0.0486641 0.0533566 0.0180691 0.0157694 0.0217528 0.0827520 0.0042347 0.0137146 0.0000000 0.1056479 0.2780911 0.0044357 0.0000000 0.0360065
 82 T  82 0.1996547 0.1040736 0.0184333 0.0526492 0.0000000 0.0222456 0.0820295 0.0127519 0.0086309 0.0044352 0.0082182 0.1223296 0.0035018 0.0028125 0.1647946 0.0862208 0.0744537 0.0023155 0.0019914 0.0284579
 83 E  83 0.0856170 0.0101208 0.0067848 0.4206753 0.0000000 0.0707835 0.2550124 0.0099535 0.0010063 0.0010550 0.0050683 0.0202703 0.0000000 0.0016454 0.0056046 0.0916736 0.0069788 0.0034439 0.0013503 0.0029561
 84 H  84 0.0000000 0.0000000 0.0012322 0.5116880 0.0000000 0.0031614 0.0126934 0.0048367 0.0875381 0.0069164 0.0368992 0.0000000 0.0046059 0.2258033 0.0011747 0.0021488 0.0058271 0.0339684 0.0615064 0.0000000
 85 L  85 0.0369978 0.0186033 0.0025862 0.1245202 0.0061401 0.0102484 0.0988513 0.0000000 0.0027225 0.0314178 0.1288809 0.0078452 0.0165155 0.4453075 0.0011725 0.0048323 0.0086094 0.0014255 0.0330108 0.0203128
 86 A  86 0.0531955 0.1722984 0.0695536 0.1325465 0.0042267 0.0697474 0.1018792 0.0228935 0.0687821 0.0068936 0.0017972 0.0852132 0.0135120 0.0075725 0.0059409 0.0422414 0.0734883 0.0081373 0.0548281 0.0052524
 87 A  87 0.1310403 0.0191974 0.0089426 0.0018884 0.0018327 0.0043657 0.0048594 0.0010425 0.0068968 0.0043399 0.0000000 0.0019666 0.0000000 0.6742694 0.0011820 0.0089980 0.0104432 0.0040429 0.1127838 0.0019085
 88 D  88 0.0011064 0.0013411 0.0229781 0.9266041 0.0000000 0.0026910 0.0138719 0.0022638 0.0066419 0.0000000 0.0000000 0.0022736 0.0000000 0.0000000 0.0000000 0.0019059 0.0183223 0.0000000 0.0000000 0.0000000
 89 L  89 0.0013760 0.0105770 0.0000000 0.0000000 0.0044459 0.0043549 0.0000000 0.0000000 0.0592913 0.0107988 0.4041361 0.0076710 0.0144602 0.0200520 0.0000000 0.0014821 0.0035726 0.0622791 0.3917506 0.0037528
 90 L  90 0.0000000 0.0000000 0.0000000 0.0000000 0.0000000 0.0000000 0.0000000 0.0000000 0.0000000 0.6813224 0.1334400 0.0000000 0.0032769 0.0454410 0.0000000 0.0000000 0.0000000 0.0000000 0.0000000 0.1365197
 91 V  91 0.0038164 0.0020047 0.0000000 0.0000000 0.0000000 0.0000000 0.0000000 0.0000000 0.0000000 0.2736167 0.4543965 0.0000000 0.0043856 0.1113437 0.0000000 0.0000000 0.0031692 0.0000000 0.0248563 0.1224109
 92 A  92 0.5338236 0.0000000 0.0000000 0.0000000 0.0922070 0.0000000 0.0000000 0.1897946 0.0000000 0.0064916 0.0000000 0.0000000 0.0014847 0.0000000 0.0175077 0.0026486 0.0317987 0.0000000 0.0000000 0.1242434
 93 L  93 0.0797933 0.0000000 0.0000000 0.0000000 0.0000000 0.0000000 0.0000000 0.0000000 0.0000000 0.0000000 0.0969977 0.0000000 0.8056900 0.0073251 0.0000000 0.0080579 0.0000000 0.0000000 0.0000000 0.0021361
 94 D  94 0.0092145 0.0000000 0.0000000 0.9181098 0.0000000 0.0000000 0.0214013 0.0184853 0.0045848 0.0000000 0.0000000 0.0000000 0.0000000 0.0000000 0.0000000 0.0000000 0.0282043 0.0000000 0.0000000 0.0000000
 95 R  95 0.0762370 0.1634624 0.0637847 0.1169727 0.0037067 0.0839206 0.1767979 0.0301968 0.0523017 0.0023179 0.0136426 0.0786569 0.0000000 0.0012007 0.0095034 0.0632912 0.0345726 0.0148123 0.0086816 0.0059403
 96 N  96 0.0862559 0.0296187 0.0817440 0.1212101 0.0023901 0.0871833 0.1176544 0.0936321 0.0161883 0.0010991 0.0027696 0.0171833 0.0189562 0.0020818 0.0032435 0.2768486 0.0103694 0.0115225 0.0186673 0.0013817
 97 H  97 0.0000000 0.0000000 0.8062632 0.0000000 0.0000000 0.0038672 0.0000000 0.0000000 0.1697192 0.0068944 0.0022586 0.0000000 0.0000000 0.0000000 0.0000000 0.0018119 0.0000000 0.0000000 0.0000000 0.0091854
 98 A  98 0.0318305 0.0319590 0.0000000 0.0035308 0.0011370 0.0097044 0.0283463 0.0021691 0.0103250 0.1153695 0.4215828 0.0182725 0.0595632 0.0390420 0.0000000 0.0020725 0.0050281 0.0012990 0.1254812 0.0932873
 99 R  99 0.1669624 0.2927389 0.0331023 0.0748942 0.0026619 0.0575245 0.0899176 0.0236429 0.0227609 0.0023258 0.0156850 0.0746557 0.0045444 0.0042795 0.0000000 0.0810628 0.0258399 0.0031692 0.0125656 0.0116664
100 L 100 0.1064511 0.0163462 0.1997642 0.3590050 0.0011552 0.0096294 0.0915121 0.0132730 0.0366382 0.0234147 0.0252780 0.0070726 0.0248346 0.0020981 0.0061544 0.0243534 0.0184533 0.0086199 0.0189900 0.0069566
101 L 101 0.0229936 0.0000000 0.0000000 0.0000000 0.0000000 0.0000000 0.0012978 0.0000000 0.0000000 0.1486826 0.6692552 0.0000000 0.0546812 0.0024021 0.0000000 0.0011792 0.0049356 0.0000000 0.0000000 0.0945726
102 R 102 0.0276689 0.2190432 0.0649268 0.0066504 0.0072315 0.1198906 0.0642027 0.0074092 0.0300818 0.0502456 0.1147651 0.1629178 0.0236387 0.0021231 0.0000000 0.0294050 0.0426487 0.0000000 0.0079069 0.0192438
103 Q 103 0.1220157 0.3677068 0.0269830 0.0545070 0.0007661 0.0955201 0.0641962 0.0209050 0.0238537 0.0017845 0.0102760 0.0718768 0.0017735 0.0031018 0.0039490 0.0925232 0.0205497 0.0000000 0.0091555 0.0085563
104 L 104 0.0356916 0.0789419 0.0053917 0.0046947 0.0017683 0.0324025 0.0061882 0.0066036 0.0098531 0.1628193 0.3485202 0.0430093 0.1515600 0.0222112 0.0000000 0.0133010 0.0122936 0.0094612 0.0015164 0.0537723
105 G 105 0.3331520 0.0509250 0.0212837 0.0217325 0.1203442 0.0415537 0.0010109 0.1557689 0.0054340 0.0114638 0.0194619 0.0873473 0.0075041 0.0427465 0.0288603 0.0188919 0.0111501 0.0033100 0.0028996 0.0151597
106 V 106 0.0257241 0.0432528 0.0512470 0.1032782 0.0019472 0.0106149 0.0495406 0.0620611 0.0155478 0.0101620 0.0000000 0.0207895 0.0000000 0.0139131 0.5050257 0.0162988 0.0244061 0.0000000 0.0020565 0.0441345
107 E 107 0.1320940 0.0312151 0.0349086 0.1482322 0.0372686 0.0566160 0.1221861 0.0183043 0.0547436 0.0031071 0.0094526 0.0567842 0.0000000 0.0023795 0.1445209 0.0692901 0.0219160 0.0021308 0.0425009 0.0123494
108 A 108 0.1810433 0.0950190 0.0463243 0.0919817 0.0009671 0.0490711 0.1006737 0.0933338 0.0246311 0.0046783 0.0117312 0.1454268 0.0024382 0.0015720 0.0554239 0.0367154 0.0286142 0.0064376 0.0068243 0.0170930
109 A 109 0.2577403 0.0245216 0.0292296 0.1299886 0.0192672 0.0317156 0.0784918 0.1264306 0.0762408 0.0013471 0.0112366 0.0436113 0.0037977 0.0054024 0.0131865 0.1071339 0.0086093 0.0000000 0.0307798 0.0012693
110 R 110 0.0078061 0.2035156 0.0179150 0.0065543 0.0000000 0.0618655 0.0364066 0.0118128 0.0166608 0.0022913 0.0061963 0.5635038 0.0000000 0.0000000 0.0062617 0.0100621 0.0351437 0.0044592 0.0049417 0.0046037
111 V 111 0.1059488 0.0136182 0.0074613 0.0204781 0.0021264 0.0073060 0.0202622 0.0133702 0.0436320 0.2922507 0.0884208 0.0128078 0.0048140 0.0000000 0.0063590 0.0111841 0.0264050 0.0010271 0.0011844 0.3213439
112 R 112 0.0337516 0.2938364 0.0011278 0.0044607 0.0095173 0.0431007 0.1071201 0.0092713 0.0818002 0.0029315 0.0111889 0.2064393 0.0193783 0.0706799 0.0037512 0.0282476 0.0105905 0.0014899 0.0297501 0.0315668
113 M 113 0.0045206 0.0645644 0.0000000 0.0000000 0.0011808 0.0091951 0.0028310 0.0000000 0.0000000 0.0569897 0.5851931 0.0853474 0.0785765 0.0062348 0.0149019 0.0094077 0.0057478 0.0000000 0.0010421 0.0742670
114 L 114 0.0366734 0.0170909 0.0016606 0.0041770 0.0030532 0.0098537 0.0039908 0.0187049 0.0384647 0.0602912 0.3891323 0.0105887 0.1604670 0.1505809 0.0051512 0.0386417 0.0019332 0.0115611 0.0229022 0.0150814
115 R 115 0.0144713 0.2089198 0.0021833 0.0082190 0.0384183 0.0076490 0.0000000 0.1724538 0.0000000 0.0024326 0.3478651 0.0154210 0.0681737 0.0021567 0.0000000 0.0276834 0.0705179 0.0000000 0.0086610 0.0047739
116 S 116 0.0304992 0.0041907 0.0076742 0.2027724 0.0076401 0.0165902 0.1633621 0.0011684 0.0065108 0.0257160 0.1107128 0.0253222 0.0234232 0.0877205 0.0058942 0.2603897 0.0076593 0.0043549 0.0022690 0.0061302
117 F 117 0.0099164 0.0015118 0.0000000 0.0000000 0.0000000 0.0000000 0.0012242 0.0351070 0.0190272 0.0022839 0.1318295 0.0000000 0.0651871 0.4195900 0.0000000 0.0015471 0.0189798 0.0360642 0.2548225 0.0029092
118 D 118 0.1326152 0.0164308 0.0489715 0.4382723 0.0756795 0.0114649 0.0288557 0.0243714 0.0020128 0.0194488 0.0698522 0.0047777 0.0000000 0.0033115 0.0047132 0.0503304 0.0429560 0.0000000 0.0000000 0.0259360
119 P 119 0.0139669 0.0516444 0.0060303 0.0347124 0.0033468 0.0125896 0.0575715 0.0756678 0.0231238 0.0139523 0.0317629 0.0213005 0.0023653 0.0990118 0.3856120 0.0440134 0.0309257 0.0126772 0.0656717 0.0140537
120 R 120 0.1470528 0.1215189 0.0317356 0.0829712 0.0186251 0.0834285 0.1041972 0.0496402 0.0366672 0.0261419 0.0346977 0.0404165 0.0022491 0.0141648 0.0031952 0.0441200 0.0760912 0.0089375 0.0076706 0.0664790
121 S 121 0.1803874 0.0122704 0.0215046 0.0243833 0.0081927 0.0447860 0.0281620 0.1276678 0.0668132 0.0131743 0.0298818 0.0300063 0.0081704 0.0327633 0.1291966 0.1479039 0.0431146 0.0000000 0.0376432 0.0139782
122 G 122 0.0392973 0.0317562 0.0587305 0.1638675 0.0033440 0.0247839 0.0653519 0.2453596 0.0477455 0.0016869 0.0079717 0.0447002 0.0019490 0.0056108 0.1085217 0.0706984 0.0345279 0.0078888 0.0059210 0.0302873
123 T 123 0.1061466 0.0650192 0.0433854 0.0356776 0.0046055 0.0372385 0.0440544 0.0949663 0.0351366 0.0425916 0.0974624 0.0838529 0.0300042 0.0335751 0.0628549 0.0720884 0.0510794 0.0048398 0.0305222 0.0248989
124 H 124 0.0615417 0.0354915 0.0258863 0.1311769 0.0000000 0.0600868 0.1973586 0.1217210 0.0656792 0.0042047 0.0151199 0.1389154 0.0028626 0.0095779 0.0428245 0.0501609 0.0169422 0.0000000 0.0071012 0.0133488
125 A 125 0.0897324 0.0298814 0.0712482 0.1034911 0.0025221 0.0864857 0.1261989 0.1533956 0.0060631 0.0197044 0.0369773 0.0188684 0.0008369 0.0093201 0.0350727 0.0349587 0.0410459 0.0067563 0.0488292 0.0786116
126 L 126 0.0802490 0.1790615 0.0079186 0.0805763 0.0037661 0.0736208 0.0633738 0.0079667 0.0166084 0.0198799 0.1509671 0.0968685 0.0078499 0.0029143 0.0254899 0.0590823 0.0955366 0.0000000 0.0000000 0.0282702
127 D 127 0.0212346 0.0000000 0.0238966 0.3321739 0.0035354 0.0037282 0.3320356 0.0137687 0.0429260 0.1338020 0.0012778 0.0000000 0.0012209 0.0000000 0.0101248 0.0365125 0.0093922 0.0017836 0.0025229 0.0300643
128 V 128 0.0000000 0.0000000 0.0000000 0.0000000 0.0000000 0.0000000 0.0000000 0.0000000 0.0000000 0.3053848 0.0187203 0.0000000 0.0028148 0.0000000 0.0000000 0.0000000 0.0029787 0.0000000 0.0000000 0.6701014
129 E 129 0.1115020 0.0286019 0.0015597 0.0455335 0.0000000 0.0222585 0.1017211 0.0051053 0.0000000 0.0037776 0.0010333 0.0161005 0.0000000 0.0015969 0.6112403 0.0218532 0.0066781 0.0000000 0.0023941 0.0190440
130 D 130 0.0000000 0.0000000 0.0000000 1.0000000 0.0000000 0.0000000 0.0000000 0.0000000 0.0000000 0.0000000 0.0000000 0.0000000 0.0000000 0.0000000 0.0000000 0.0000000 0.0000000 0.0000000 0.0000000 0.0000000
131 P 131 0.0000000 0.0000000 0.0000000 0.0000000 0.0000000 0.0000000 0.0000000 0.0000000 0.0000000 0.0000000 0.0000000 0.0000000 0.0000000 0.0000000 1.0000000 0.0000000 0.0000000 0.0000000 0.0000000 0.0000000
132 Y 132 0.0000000 0.0000000 0.0000000 0.0000000 0.0000000 0.0000000 0.0000000 0.0000000 0.0000000 0.0000000 0.0059765 0.0000000 0.0000000 0.0111116 0.0000000 0.0000000 0.0000000 0.1756060 0.8073058 0.0000000
133 Y 133 0.0026732 0.0056621 0.0012088 0.0000000 0.0000000 0.0036712 0.0000000 0.0078093 0.0071551 0.0033118 0.0032164 0.0053698 0.0000000 0.0884193 0.0000000 0.0017972 0.0099905 0.0060757 0.8536395 0.0000000
134 G 134 0.0053820 0.0101073 0.0067006 0.0400106 0.0038500 0.0201419 0.0248775 0.6541028 0.0056855 0.0000000 0.0000000 0.0092151 0.0030461 0.0000000 0.0000000 0.0235912 0.1932893 0.0000000 0.0000000 0.0000000
135 D 135 0.0134716 0.0095309 0.0762565 0.0915960 0.0000000 0.0080505 0.0215646 0.6438667 0.0228061 0.0000000 0.0083648 0.0014398 0.0020956 0.0000000 0.0164028 0.0542400 0.0303142 0.0000000 0.0000000 0.0000000
136 H 136 0.1354754 0.0694503 0.0283768 0.1640468 0.0000000 0.0547463 0.1277475 0.0276040 0.0276053 0.0494927 0.0384387 0.0306784 0.0298265 0.0097282 0.1089649 0.0495509 0.0272261 0.0000000 0.0013108 0.0197302
137 S 137 0.1307775 0.0643075 0.0395510 0.1991975 0.0000000 0.0998513 0.2281879 0.0268487 0.0256202 0.0000000 0.0011157 0.0732513 0.0000000 0.0012247 0.0050691 0.0851976 0.0054749 0.0030302 0.0066831 0.0046118
138 D 138 0.0365102 0.0031453 0.0942398 0.2943365 0.0000000 0.0057494 0.0166578 0.5082866 0.0102332 0.0000000 0.0041553 0.0000000 0.0102490 0.0000000 0.0028051 0.0053521 0.0045301 0.0000000 0.0000000 0.0037499
139 F 139 0.0000000 0.0000000 0.0000000 0.0000000 0.0066485 0.0000000 0.0000000 0.0000000 0.0000000 0.0000000 0.0000000 0.0000000 0.0000000 0.9852537 0.0000000 0.0000000 0.0000000 0.0000000 0.0080978 0.0000000
140 E 140 0.0262377 0.0227858 0.0315977 0.1972634 0.0000000 0.0330771 0.5942415 0.0061665 0.0104392 0.0011944 0.0076159 0.0119465 0.0000000 0.0014821 0.0009630 0.0060498 0.0271927 0.0000000 0.0075819 0.0141647
141 E 141 0.0586934 0.1157369 0.0291342 0.0518155 0.0009503 0.0705840 0.1843047 0.0229358 0.0555157 0.0156525 0.0913756 0.0966899 0.0010120 0.0039217 0.0020212 0.0074705 0.0883912 0.0033562 0.0528967 0.0475421
142 V 142 0.1164031 0.0000000 0.0273643 0.0000000 0.0492183 0.0000000 0.0000000 0.0000000 0.0000000 0.0158884 0.0024502 0.0000000 0.0087383 0.0000000 0.0000000 0.0051132 0.2085050 0.0000000 0.0000000 0.5663192
143 F 143 0.0068774 0.0361869 0.0030853 0.0000000 0.0009440 0.0025553 0.0070204 0.0012945 0.0075789 0.0409322 0.3161591 0.0013350 0.0077935 0.1260646 0.0000000 0.0018706 0.0023973 0.0535320 0.3830045 0.0013686
144 A 144 0.0631385 0.0945991 0.0422459 0.3577972 0.0000000 0.1367660 0.1481703 0.0147242 0.0168512 0.0024098 0.0160490 0.0357140 0.0032595 0.0000000 0.0000000 0.0141703 0.0384624 0.0049550 0.0036177 0.0070700
145 V 145 0.0073277 0.0091091 0.0051720 0.0894720 0.0000000 0.2436900 0.0365530 0.0000000 0.0041940 0.0526218 0.3271240 0.0016269 0.1664192 0.0000000 0.0000000 0.0101255 0.0056978 0.0000000 0.0135083 0.0273587
146 I 146 0.0166183 0.0000000 0.0000000 0.0000000 0.1257299 0.0000000 0.0000000 0.0000000 0.0000000 0.3551850 0.2346682 0.0000000 0.0023442 0.0000000 0.0000000 0.0054466 0.0049882 0.0000000 0.0030870 0.2519327
147 E 147 0.0252199 0.0239568 0.0195694 0.1054573 0.0076458 0.0294842 0.4381610 0.0018949 0.0121245 0.0113680 0.0739291 0.0308871 0.0142966 0.0059856 0.0000000 0.0447852 0.0622881 0.0054618 0.0133972 0.0740873
148 S 148 0.2082002 0.1930793 0.0100782 0.1827437 0.0000000 0.0337786 0.1547606 0.0037362 0.0147228 0.0119914 0.0093236 0.0329865 0.0063017 0.0011850 0.0031069 0.0561090 0.0503514 0.0000000 0.0121184 0.0154266
149 A 149 0.4659809 0.0020330 0.0015025 0.0000000 0.0945179 0.0000000 0.0000000 0.2064675 0.0028870 0.0013753 0.0129621 0.0043728 0.0013077 0.0481578 0.0000000 0.1158091 0.0199842 0.0000000 0.0077218 0.0149203
150 L 150 0.1300929 0.0000000 0.0047456 0.0000000 0.4522562 0.0000000 0.0000000 0.0086442 0.0000000 0.0348669 0.0763241 0.0000000 0.0225184 0.0000000 0.0000000 0.1598186 0.0373203 0.0000000 0.0000000 0.0734129
151 P 151 0.0550828 0.1134169 0.0370765 0.1397617 0.0026584 0.0747000 0.1931154 0.0205261 0.0191185 0.0062520 0.0100055 0.1199596 0.0000000 0.0000000 0.1285251 0.0293956 0.0353436 0.0000000 0.0019392 0.0131231
152 G 152 0.2335645 0.0370073 0.0699316 0.0045724 0.0054258 0.0271176 0.0299576 0.4251287 0.0139738 0.0089236 0.0111510 0.0272602 0.0029009 0.0064728 0.0014145 0.0504084 0.0110507 0.0000000 0.0119438 0.0217948
153 L 153 0.0032732 0.0000000 0.0000000 0.0000000 0.0016436 0.0000000 0.0000000 0.0000000 0.0000000 0.1063778 0.5460276 0.0000000 0.0055494 0.2230167 0.0000000 0.0055419 0.0054668 0.0642719 0.0000000 0.0388312
154 H 154 0.0474656 0.0011857 0.0013544 0.0000000 0.0032698 0.0009033 0.0009422 0.0000000 0.0206557 0.1075322 0.6449378 0.0027398 0.0195805 0.0183687 0.0000000 0.0022357 0.0036082 0.0020020 0.0063771 0.1168413
155 D 155 0.1441951 0.0369740 0.0594827 0.1920737 0.0000000 0.0716782 0.2697153 0.0146513 0.0083872 0.0084887 0.0095956 0.1176025 0.0000000 0.0009012 0.0039282 0.0177923 0.0310034 0.0000000 0.0020236 0.0115069
156 W 156 0.0427114 0.1150032 0.0089879 0.0232061 0.0000000 0.0798762 0.1070830 0.0000000 0.0975381 0.0139160 0.0122678 0.1890024 0.0069002 0.0366811 0.0000000 0.0481878 0.0295587 0.0872720 0.0915326 0.0102755
157 V 157 0.0163466 0.0000000 0.0000000 0.0000000 0.0049316 0.0000000 0.0000000 0.0000000 0.0073078 0.3249966 0.4213191 0.0000000 0.0043535 0.0172958 0.0000000 0.0000000 0.0028134 0.0000000 0.0000000 0.2006356
158 D 158 0.0418332 0.2606064 0.0379234 0.0339146 0.0040537 0.0649795 0.1153491 0.0070009 0.0032490 0.0203539 0.0376034 0.2189091 0.0074944 0.0022013 0.0021841 0.0410516 0.0528989 0.0000000 0.0021671 0.0462263
159 E 159 0.0857573 0.1091184 0.0320201 0.0514734 0.0000000 0.1672130 0.2265326 0.0397232 0.0081581 0.0000000 0.0042436 0.2122946 0.0000000 0.0000000 0.0118867 0.0339509 0.0176281 0.0000000 0.0000000 0.0000000
160 R 160 0.0483486 0.2560986 0.0811613 0.0224690 0.0000000 0.1695570 0.1923173 0.0063948 0.0140123 0.0030363 0.0069818 0.1677476 0.0000000 0.0029246 0.0000000 0.0154540 0.0134968 0.0000000 0.0000000 0.0000000
161 L 161 0.0316210 0.0000000 0.0000000 0.0000000 0.0000000 0.0189858 0.0193605 0.0091671 0.0887443 0.0789332 0.5723011 0.0000000 0.0282253 0.0264551 0.0000000 0.0077467 0.0104391 0.0000000 0.0236597 0.0843610
162 A 162 0.2089480 0.0388892 0.0142348 0.0989731 0.0000000 0.0655727 0.1323609 0.1400643 0.0052873 0.0000000 0.0254314 0.1016707 0.0000000 0.0087841 0.0161638 0.0940964 0.0495232 0.0000000 0.0000000 0.0000000
163 R 163 0.0823509 0.1697780 0.0000000 0.0132627 0.0101891 0.1536929 0.1285513 0.0322650 0.0065518 0.0461839 0.0446173 0.1613594 0.0219419 0.0000000 0.0161801 0.0866022 0.0098836 0.0000000 0.0000000 0.0165901
164 N 164 0.0515310 0.2411119 0.2321366 0.0917451 0.0000000 0.0585250 0.1101763 0.0234480 0.0123577 0.0253442 0.0335106 0.0079520 0.0000000 0.0000000 0.0000000 0.0901863 0.0219752 0.0000000 0.0000000 0.0000000
165 G 165 0.3129641 0.0211823 0.0000000 0.0282539 0.0000000 0.0130553 0.0574783 0.4366820 0.0499395 0.0223112 0.0000000 0.0000000 0.0000000 0.0000000 0.0000000 0.0176702 0.0404631 0.0000000 0.0000000 0.0000000
166 P 166 0.0000000 0.0000000 0.1321770 0.0000000 0.0000000 0.0000000 0.0000000 0.1034694 0.0000000 0.0000000 0.0000000 0.0000000 0.0000000 0.0000000 0.6373800 0.0736296 0.0533440 0.0000000 0.0000000 0.0000000
167 S 167 0.3046785 0.0000000 0.0000000 0.0000000 0.0000000 0.1489684 0.1025553 0.0000000 0.0000000 0.0000000 0.0000000 0.0000000 0.0000000 0.0000000 0.0000000 0.3717727 0.0720251 0.0000000 0.0000000 0.0000000
