  167         A         R         N         D         C         Q         E         G         H         I         L         K         M         F         P         S         T         W         Y         V         X    
  1 G   1 0.0000000 0.0000000 0.0000000 0.0000000 0.0000000 0.0000000 0.0000000 0.0196285 0.0000000 0.0000000 0.0000000 0.0000000 0.0000000 0.0000000 0.0000000 0.0042718 0.0000000 0.0000000 0.0000000 0.0000000 0.9760996
  2 A   2 0.0062209 0.0000000 0.0000000 0.0017750 0.0000000 0.0000000 0.0000000 0.0000000 0.0000000 0.0000000 0.0000000 0.0096060 0.0023433 0.0000000 0.0000000 0.0068492 0.0027803 0.0000000 0.0000000 0.0084661 0.9619592
  3 M   3 0.0000000 0.0020152 0.0000000 0.0000000 0.0000000 0.0000000 0.0000000 0.0000000 0.0054172 0.0025586 0.0024196 0.0000000 0.1980655 0.0000000 0.0027803 0.0000000 0.0000000 0.0000000 0.0000000 0.0000000 0.7867436
  4 G   4 0.0655515 0.0057951 0.0196980 0.0116301 0.0000000 0.0025586 0.0057756 0.0016778 0.0000000 0.0031035 0.0032888 0.0081072 0.0013750 0.0014710 0.0084296 0.0709572 0.0518420 0.0000000 0.0000000 0.0000000 0.7387390
  5 M   5 0.0385611 0.0033893 0.0085993 0.0166500 0.0000000 0.0082367 0.0630796 0.0092159 0.0031446 0.0034483 0.0022914 0.0068628 0.1588343 0.0015690 0.0014710 0.0275540 0.0243074 0.0000000 0.0018904 0.0049054 0.6159895
  6 S   6 0.0414724 0.0116131 0.0256848 0.0130088 0.0000000 0.0169263 0.0249691 0.0108812 0.0045016 0.0040354 0.0016241 0.0569303 0.0065459 0.0023218 0.0387106 0.1119858 0.0510537 0.0000000 0.0000000 0.0121371 0.5655978
  7 D   7 0.0441070 0.0322207 0.0251878 0.0489138 0.0024310 0.0514171 0.0640421 0.0360154 0.0030395 0.0026914 0.0009530 0.0838810 0.0021931 0.0000000 0.0315891 0.0308076 0.0402274 0.0000000 0.0009923 0.0044117 0.4948790
  8 P   8 0.0075261 0.0258987 0.0053600 0.0015319 0.0000000 0.0287590 0.0051884 0.0035335 0.0028184 0.0132685 0.0103456 0.1824112 0.0073485 0.0000000 0.1645183 0.0383523 0.0418390 0.0000000 0.0000000 0.0110174 0.4502832
  9 L   9 0.0026384 0.0108381 0.0085746 0.0014396 0.0013328 0.0093418 0.0015387 0.0019555 0.0105811 0.1581117 0.0739222 0.1385515 0.0840732 0.0299717 0.0134190 0.0138304 0.0477279 0.0000000 0.1015779 0.1266937 0.1638801
 10 H  10 0.0287271 0.2068017 0.0643282 0.0010031 0.0000000 0.0056728 0.0031090 0.0192667 0.0706865 0.0000000 0.0011174 0.3099900 0.0000000 0.0000000 0.0000000 0.1966094 0.0214328 0.0000000 0.0000000 0.0011496 0.0701058
 11 V  11 0.0088048 0.0000000 0.0000000 0.0000000 0.0000000 0.0000000 0.0000000 0.0000000 0.0000000 0.3202602 0.0710939 0.0000000 0.0028452 0.0014942 0.0000000 0.0000000 0.0000000 0.0000000 0.0000000 0.5461795 0.0493222
 12 T  12 0.0362778 0.0000000 0.0000000 0.0013599 0.0505609 0.0014720 0.0025954 0.0000000 0.0000000 0.0259974 0.7226938 0.0000000 0.0329214 0.0000000 0.0000000 0.0116918 0.0335726 0.0000000 0.0000000 0.0404562 0.0404010
 13 F  13 0.0050210 0.0000000 0.0000000 0.0000000 0.0122940 0.0000000 0.0000000 0.0026858 0.0000000 0.0206362 0.0098559 0.0000000 0.0891040 0.7477487 0.0000000 0.0000000 0.0252511 0.0000000 0.0049130 0.0478119 0.0346784
 14 V  14 0.0000000 0.0000000 0.0000000 0.0000000 0.0066174 0.0000000 0.0000000 0.0000000 0.0000000 0.0829410 0.0077263 0.0000000 0.0000000 0.0000000 0.0000000 0.0000000 0.0000000 0.0000000 0.0000000 0.8696589 0.0330565
 15 C  15 0.0023842 0.0000000 0.0000000 0.0000000 0.9645561 0.0000000 0.0000000 0.0000000 0.0000000 0.0000000 0.0000000 0.0000000 0.0000000 0.0000000 0.0000000 0.0031446 0.0000000 0.0000000 0.0000000 0.0000000 0.0299151
 16 T  16 0.0033455 0.0000000 0.0031446 0.0000000 0.0000000 0.0000000 0.0000000 0.0000000 0.0694565 0.0085974 0.5816802 0.0038698 0.1139444 0.0028176 0.0000000 0.0225607 0.1479569 0.0041820 0.0020393 0.0144898 0.0219154
 17 G  17 0.0102646 0.0000000 0.0000000 0.0031262 0.0000000 0.0000000 0.0000000 0.9629005 0.0000000 0.0000000 0.0000000 0.0000000 0.0000000 0.0000000 0.0000000 0.0038232 0.0000000 0.0000000 0.0000000 0.0000000 0.0198855
 18 N  18 0.0000000 0.0000000 0.9770229 0.0000000 0.0000000 0.0000000 0.0000000 0.0000000 0.0000000 0.0000000 0.0000000 0.0000000 0.0000000 0.0000000 0.0000000 0.0030916 0.0000000 0.0000000 0.0000000 0.0000000 0.0198855
 19 I  19 0.0000000 0.0000000 0.0000000 0.0000000 0.0000000 0.0000000 0.0000000 0.0000000 0.0000000 0.9265746 0.0102306 0.0000000 0.0000000 0.0084314 0.0000000 0.0122796 0.0185410 0.0000000 0.0013458 0.0046711 0.0179260
 20 C  20 0.0035632 0.0000000 0.0000000 0.0000000 0.9785108 0.0000000 0.0000000 0.0000000 0.0000000 0.0000000 0.0000000 0.0000000 0.0000000 0.0000000 0.0000000 0.0000000 0.0000000 0.0000000 0.0000000 0.0000000 0.0179260
 21 R  21 0.0000000 0.9738158 0.0000000 0.0000000 0.0000000 0.0026858 0.0000000 0.0000000 0.0017492 0.0000000 0.0000000 0.0000000 0.0000000 0.0000000 0.0000000 0.0000000 0.0000000 0.0038232 0.0000000 0.0000000 0.0179260
 22 S  22 0.0000000 0.0000000 0.0000000 0.0000000 0.0000000 0.0000000 0.0000000 0.0000000 0.0000000 0.0000000 0.0000000 0.0000000 0.0000000 0.0000000 0.0000000 0.9820740 0.0000000 0.0000000 0.0000000 0.0000000 0.0179260
 23 P  23 0.0076671 0.0000000 0.0000000 0.0000000 0.0000000 0.0000000 0.0000000 0.0000000 0.0000000 0.0000000 0.0000000 0.0000000 0.0000000 0.0000000 0.9131209 0.0128909 0.0466107 0.0000000 0.0000000 0.0017843 0.0179260
 24 M  24 0.0902732 0.0000000 0.0000000 0.0000000 0.0020633 0.0000000 0.0000000 0.0015415 0.0000000 0.0960265 0.1214380 0.0000000 0.4582927 0.0000000 0.0000000 0.0447374 0.1688561 0.0000000 0.0000000 0.0080335 0.0087379
 25 A  25 0.9022635 0.0000000 0.0000000 0.0000000 0.0016067 0.0000000 0.0000000 0.0676575 0.0000000 0.0000000 0.0000000 0.0000000 0.0000000 0.0000000 0.0000000 0.0179770 0.0017574 0.0000000 0.0000000 0.0000000 0.0087379
 26 E  26 0.0142581 0.0032133 0.0034666 0.0173346 0.0000000 0.0373641 0.8443006 0.0012707 0.0495309 0.0000000 0.0027321 0.0102050 0.0016958 0.0000000 0.0000000 0.0000000 0.0020672 0.0000000 0.0000000 0.0000000 0.0125611
 27 K  27 0.3639321 0.0102763 0.0207056 0.0000000 0.0044715 0.0042779 0.0096615 0.3200599 0.0033090 0.0390579 0.0113577 0.0304222 0.0046750 0.0562899 0.0000000 0.0219865 0.0016519 0.0033550 0.0322199 0.0497291 0.0125611
 28 M  28 0.0479589 0.0000000 0.0000000 0.0000000 0.0000000 0.0000000 0.0000000 0.0000000 0.0000000 0.2602230 0.0542997 0.0000000 0.0628422 0.0016853 0.0000000 0.0000000 0.0045420 0.0013365 0.0107969 0.5475776 0.0087379
 29 F  29 0.0352125 0.0000000 0.0000000 0.0000000 0.0068369 0.0000000 0.0000000 0.0000000 0.0000000 0.0071007 0.2369279 0.0000000 0.1879533 0.4894191 0.0000000 0.0000000 0.0065556 0.0000000 0.0045380 0.0167182 0.0087379
 30 A  30 0.0562267 0.5242322 0.0335702 0.0018703 0.0020791 0.0781154 0.0223980 0.0053495 0.0062012 0.0054935 0.0292338 0.1688679 0.0000000 0.0000000 0.0000000 0.0124880 0.0322208 0.0014129 0.0043484 0.0071539 0.0087379
 31 Q  31 0.1063444 0.0402800 0.0305883 0.1455481 0.0009886 0.0955244 0.0556880 0.0050271 0.2496669 0.0000000 0.0009168 0.1531110 0.0013338 0.0011611 0.0000000 0.0616476 0.0186109 0.0000000 0.0180354 0.0045954 0.0109323
 32 Q  32 0.0586786 0.0649918 0.0000000 0.0024791 0.0025453 0.0630419 0.0467434 0.0023769 0.0375908 0.0442304 0.3032184 0.1373808 0.1031254 0.0203353 0.0000000 0.0000000 0.0228019 0.0015415 0.0244247 0.0467853 0.0177087
 33 L  33 0.1641870 0.0015686 0.0000000 0.0000000 0.0163373 0.0000000 0.0000000 0.0000000 0.0000000 0.1269194 0.2184414 0.0000000 0.0098930 0.0273393 0.0000000 0.0040863 0.0115749 0.0020446 0.0000000 0.3976608 0.0199475
 34 R  34 0.1551470 0.0931622 0.0371839 0.0679878 0.0016781 0.0813031 0.1882177 0.0086577 0.0160450 0.0110015 0.0140645 0.1543202 0.0036520 0.0024650 0.0235861 0.0481411 0.0536741 0.0000000 0.0009314 0.0145283 0.0242530
 35 H  35 0.0752673 0.0822099 0.0284695 0.1243453 0.0056856 0.1468191 0.2274405 0.0072148 0.0192386 0.0061458 0.0098092 0.1735051 0.0000000 0.0000000 0.0010605 0.0309268 0.0166024 0.0000000 0.0009314 0.0033171 0.0410112
 36 R  36 0.3413002 0.1805872 0.0339270 0.0099050 0.0000000 0.0384684 0.1087529 0.0055012 0.0590316 0.0059027 0.0430605 0.0617917 0.0108285 0.0000000 0.0082612 0.0274916 0.0097564 0.0000000 0.0065808 0.0039707 0.0448827
 37 G  37 0.0068563 0.0190606 0.0963814 0.0190777 0.0000000 0.0284270 0.0137850 0.6709863 0.0229697 0.0000000 0.0019050 0.0280345 0.0047278 0.0000000 0.0275422 0.0049038 0.0038945 0.0000000 0.0014675 0.0000000 0.0499807
 38 L  38 0.0133922 0.0103887 0.0010186 0.0043049 0.0033711 0.0054071 0.0013328 0.0017189 0.0053446 0.0575589 0.6730941 0.0197267 0.0229096 0.0089545 0.0020912 0.0027473 0.0038688 0.0065407 0.0223911 0.0753951 0.0584431
 39 G  39 0.1529535 0.0117665 0.0424505 0.1297043 0.0000000 0.0363811 0.1630578 0.0772967 0.0065805 0.0092250 0.0087638 0.0240782 0.0014885 0.0029311 0.0152055 0.1753760 0.0710831 0.0000000 0.0019896 0.0110981 0.0585702
 40 D  40 0.0426130 0.0152939 0.0599173 0.3474546 0.0000000 0.0171064 0.0821867 0.0819329 0.0653984 0.0010208 0.0107398 0.0310376 0.0012763 0.0011196 0.0042578 0.0757053 0.0105234 0.0000000 0.0013577 0.0018352 0.1492232
 41 A  41 0.0852963 0.1574148 0.0385106 0.0313717 0.0033249 0.1102032 0.0750432 0.0100989 0.0351582 0.0084070 0.0591207 0.1004702 0.0057305 0.0136656 0.0055485 0.0312450 0.0160797 0.0020355 0.0111603 0.0321638 0.1679514
 42 V  42 0.0090227 0.0000000 0.0000000 0.0000000 0.0012985 0.0000000 0.0000000 0.0110669 0.0000000 0.2597150 0.0534238 0.0000000 0.0102214 0.2002637 0.0013417 0.0028196 0.0015569 0.1121043 0.0314229 0.2753854 0.0303572
 43 R  43 0.0305622 0.1227961 0.0204083 0.0238089 0.0025843 0.0566287 0.2242304 0.0086003 0.0405202 0.0527509 0.0565278 0.0697624 0.0099191 0.0330490 0.0013728 0.0373918 0.0773973 0.0022417 0.0383154 0.0733759 0.0177565
 44 V  44 0.0286466 0.0000000 0.0000000 0.0000000 0.0302815 0.0000000 0.0000000 0.0000000 0.0000000 0.3401744 0.0330269 0.0000000 0.0000000 0.0084611 0.0000000 0.0071480 0.0436679 0.0000000 0.0000000 0.5009780 0.0076156
 45 T  45 0.0578452 0.0038764 0.0122756 0.7028917 0.0000000 0.0065875 0.0714537 0.0130542 0.0074360 0.0000000 0.0000000 0.0000000 0.0016885 0.0019305 0.0000000 0.0576802 0.0483394 0.0000000 0.0020243 0.0053012 0.0076156
 46 S  46 0.0060472 0.0015043 0.0000000 0.0000000 0.0024251 0.0000000 0.0000000 0.0020746 0.0000000 0.0000000 0.0000000 0.0000000 0.0000000 0.0000000 0.0000000 0.9803332 0.0000000 0.0000000 0.0000000 0.0000000 0.0076156
 47 A  47 0.7738364 0.0269416 0.0000000 0.0000000 0.0887098 0.0000000 0.0044827 0.0126162 0.0000000 0.0000000 0.0026617 0.0093470 0.0020314 0.0218896 0.0000000 0.0408254 0.0051003 0.0000000 0.0020403 0.0095175 0.0000000
 48 G  48 0.2068482 0.0000000 0.0000000 0.0000000 0.0000000 0.0000000 0.0000000 0.7845109 0.0000000 0.0000000 0.0000000 0.0000000 0.0000000 0.0000000 0.0000000 0.0086409 0.0000000 0.0000000 0.0000000 0.0000000 0.0000000
 49 T  49 0.0020314 0.0000000 0.0000000 0.0000000 0.0030738 0.0000000 0.0045663 0.0044827 0.0000000 0.1250413 0.0515578 0.0000000 0.0122427 0.0015845 0.0000000 0.0000000 0.7699043 0.0000000 0.0000000 0.0255152 0.0000000
 50 G  50 0.0863789 0.0116875 0.0044369 0.0014690 0.0037993 0.0025621 0.0109654 0.3690417 0.0925063 0.0621145 0.0151614 0.0076156 0.0012287 0.0056205 0.0000000 0.2810964 0.0255671 0.0044827 0.0081039 0.0061622 0.0000000
 51 N  51 0.1210311 0.0378447 0.0846586 0.1962512 0.0009584 0.0059748 0.0091961 0.3006859 0.0195132 0.0000000 0.0000000 0.0055552 0.0000000 0.0000000 0.0219096 0.1188029 0.0686084 0.0038698 0.0051401 0.0000000 0.0000000
 52 W  52 0.0109239 0.0045663 0.0014396 0.0149839 0.0000000 0.0000000 0.0921901 0.0152340 0.0139814 0.0057526 0.0009474 0.0000000 0.0040011 0.0300963 0.0000000 0.0037955 0.0000000 0.4678042 0.3297010 0.0045826 0.0000000
 53 H  53 0.0071239 0.0025567 0.0565761 0.0000000 0.0000000 0.0042718 0.1826383 0.0000000 0.7255795 0.0000000 0.0076156 0.0000000 0.0000000 0.0060472 0.0037923 0.0017067 0.0000000 0.0000000 0.0020922 0.0000000 0.0000000
 54 V  54 0.1046319 0.0105313 0.0000000 0.0180800 0.0000000 0.0390741 0.0759530 0.0000000 0.0292936 0.2482215 0.0413837 0.0031295 0.0035632 0.0000000 0.0113813 0.0166885 0.0489940 0.0020178 0.0042517 0.3382225 0.0045826
 55 G  55 0.0022531 0.0000000 0.0134259 0.0154533 0.0000000 0.0000000 0.0000000 0.9511871 0.0053508 0.0000000 0.0044023 0.0018904 0.0000000 0.0000000 0.0000000 0.0060372 0.0000000 0.0000000 0.0000000 0.0000000 0.0000000
 56 S  56 0.0180077 0.0387125 0.2259810 0.0888903 0.0085359 0.0658914 0.3280929 0.0113721 0.0318939 0.0012827 0.0028256 0.0972238 0.0058627 0.0000000 0.0000000 0.0667452 0.0044859 0.0013924 0.0011708 0.0016332 0.0000000
 57 C  57 0.1023835 0.0404228 0.0096201 0.0383964 0.0154491 0.0297474 0.0293198 0.0585509 0.0114322 0.0031332 0.0904976 0.0329331 0.0048959 0.0012459 0.4464385 0.0663311 0.0179739 0.0000000 0.0000000 0.0012287 0.0000000
 58 A  58 0.1961948 0.0000000 0.0000000 0.0000000 0.0024180 0.0000000 0.0000000 0.0020922 0.0018352 0.0513987 0.0024251 0.0000000 0.0459040 0.0000000 0.6281571 0.0028429 0.0138074 0.0000000 0.0024174 0.0505072 0.0000000
 59 D  59 0.0000000 0.0000000 0.0034890 0.7574714 0.0099991 0.0080442 0.0126315 0.0000000 0.1655785 0.0000000 0.0000000 0.0000000 0.0000000 0.0000000 0.0000000 0.0045826 0.0014809 0.0000000 0.0367227 0.0000000 0.0000000
 60 E  60 0.0671658 0.1400590 0.0148819 0.0296825 0.0095519 0.0301843 0.1024078 0.0196149 0.0545306 0.0086540 0.0170393 0.0552311 0.0033603 0.0031262 0.2519394 0.1086070 0.0148218 0.0042002 0.0504123 0.0145296 0.0000000
 61 R  61 0.0036390 0.7576135 0.0026451 0.0028280 0.0016958 0.0045826 0.0054471 0.1640194 0.0079439 0.0000000 0.0036305 0.0061001 0.0076156 0.0000000 0.0252799 0.0039965 0.0000000 0.0000000 0.0029631 0.0000000 0.0000000
 62 A  62 0.3408381 0.0022508 0.0000000 0.0000000 0.0040708 0.0000000 0.0000000 0.0396606 0.0000000 0.0017448 0.0000000 0.0000000 0.1372759 0.0000000 0.0000000 0.1917427 0.2726007 0.0000000 0.0000000 0.0098155 0.0000000
 63 A  63 0.0569775 0.2391168 0.0075522 0.0021182 0.0068348 0.2307259 0.0027005 0.0095230 0.0000000 0.1230682 0.0685513 0.0456282 0.0549301 0.0000000 0.0000000 0.0150581 0.0322436 0.0000000 0.0000000 0.1049716 0.0000000
 64 G  64 0.2966474 0.0968103 0.0366747 0.0576364 0.0017436 0.0911311 0.0966970 0.0072406 0.0185408 0.0058642 0.0215805 0.1209328 0.0082599 0.0000000 0.0000000 0.0968026 0.0302974 0.0000000 0.0038381 0.0093027 0.0000000
 65 V  65 0.1794387 0.0093615 0.0042117 0.0000000 0.0693797 0.0115892 0.0483282 0.0000000 0.0714779 0.1038878 0.0258654 0.0560365 0.0084290 0.0087379 0.0000000 0.0090464 0.1715842 0.0000000 0.0027187 0.2199073 0.0000000
 66 L  66 0.3705203 0.0000000 0.0000000 0.0000000 0.0408077 0.0022255 0.0000000 0.0696253 0.0000000 0.0047583 0.4388438 0.0000000 0.0498309 0.0052447 0.0000000 0.0106368 0.0021049 0.0000000 0.0000000 0.0054019 0.0000000
 67 R  67 0.1606337 0.2519946 0.0116651 0.0349417 0.0000000 0.0516929 0.0943671 0.0182488 0.0124615 0.0046553 0.0634555 0.2053275 0.0099642 0.0018771 0.0000000 0.0336727 0.0297543 0.0038779 0.0025615 0.0088486 0.0000000
 68 L  68 0.1352430 0.2049757 0.0249503 0.0175054 0.0014005 0.0905133 0.1437827 0.0205111 0.0098268 0.0058324 0.0168019 0.2619567 0.0041191 0.0028747 0.0012167 0.0419115 0.0092194 0.0000000 0.0000000 0.0048605 0.0024983
 69 H  69 0.0283646 0.3366599 0.0771344 0.0041776 0.0014385 0.0172191 0.0222372 0.0068906 0.3610621 0.0010080 0.0112875 0.0277548 0.0099659 0.0153181 0.0000000 0.0042607 0.0021952 0.0017989 0.0555958 0.0131327 0.0024983
 70 G  70 0.0048506 0.0076374 0.0553736 0.0461800 0.0000000 0.0141243 0.0044894 0.8124813 0.0217177 0.0000000 0.0018144 0.0208873 0.0000000 0.0000000 0.0000000 0.0050242 0.0010863 0.0000000 0.0000000 0.0000000 0.0043335
 71 Y  71 0.0109932 0.0000000 0.0000000 0.0000000 0.0072466 0.0000000 0.0011364 0.0000000 0.0127620 0.4119093 0.0912277 0.0000000 0.0046829 0.0109221 0.0000000 0.0000000 0.0030916 0.0013210 0.3174347 0.1272723 0.0000000
 72 P  72 0.0200280 0.0151893 0.0522473 0.3746946 0.0028045 0.0205280 0.0629212 0.0067996 0.0223337 0.0034753 0.0087698 0.0422428 0.0024147 0.0101131 0.1769867 0.1237296 0.0322837 0.0025435 0.0055183 0.0143761 0.0000000
 73 T  73 0.0200531 0.0045498 0.0045380 0.0175308 0.0264331 0.0048502 0.0055473 0.0080683 0.0070343 0.1943058 0.2287275 0.0007799 0.0540682 0.1067417 0.0045756 0.0568111 0.0993297 0.0057594 0.1027879 0.0457636 0.0017448
 74 D  74 0.0435387 0.0264901 0.0910390 0.2055884 0.0000000 0.0343789 0.0772312 0.0529428 0.0185156 0.0028228 0.0050343 0.0382851 0.0008227 0.0023105 0.0322676 0.2636349 0.0967236 0.0000000 0.0015289 0.0051439 0.0017011
 75 H  75 0.0026536 0.0172972 0.0323651 0.0038698 0.0016173 0.0551549 0.0061178 0.1995990 0.4489189 0.0000000 0.0747065 0.0277135 0.0108511 0.0056149 0.0011852 0.0872620 0.0130269 0.0035632 0.0062301 0.0022531 0.0000000
 76 R  76 0.0241876 0.5233032 0.0039067 0.0028577 0.0093767 0.0464726 0.0020071 0.0022145 0.0214457 0.0750663 0.0270895 0.0815911 0.0325228 0.0254284 0.0010280 0.0192729 0.0355640 0.0000000 0.0048845 0.0617808 0.0000000
 77 A  77 0.7407650 0.0014803 0.0000000 0.0000000 0.0119434 0.0000000 0.0000000 0.0665343 0.0000000 0.0090692 0.0000000 0.0015028 0.0000000 0.0000000 0.0000000 0.1483601 0.0030986 0.0000000 0.0000000 0.0172464 0.0000000
 78 A  78 0.0669105 0.7419600 0.0000000 0.0016781 0.0032926 0.0639847 0.0078447 0.0000000 0.0153238 0.0034826 0.0057814 0.0306281 0.0000000 0.0000000 0.0000000 0.0359164 0.0082820 0.0000000 0.0000000 0.0149151 0.0000000
 79 Q  79 0.0185878 0.0702534 0.0000000 0.0000000 0.0018279 0.6260544 0.0319007 0.0051744 0.0069586 0.0058741 0.0152119 0.1133405 0.0159217 0.0017369 0.0615200 0.0020916 0.0134409 0.0000000 0.0000000 0.0101051 0.0000000
 80 V  80 0.0039863 0.0018894 0.0000000 0.0017369 0.0000000 0.0038698 0.0017575 0.0000000 0.0000000 0.2679411 0.1704859 0.0037513 0.0298458 0.1500348 0.0000000 0.0000000 0.0069426 0.0113323 0.0017119 0.3447145 0.0000000
 81 G  81 0.0337228 0.1001555 0.0545027 0.0727052 0.0183134 0.0364532 0.0469741 0.0517586 0.0177280 0.0154223 0.0220593 0.0831964 0.0041550 0.0139179 0.0000000 0.1057136 0.2826972 0.0042935 0.0000000 0.0362313 0.0000000
 82 T  82 0.2000991 0.1006261 0.0185511 0.0520371 0.0000000 0.0220704 0.0805226 0.0164165 0.0083033 0.0044957 0.0078827 0.1194689 0.0034120 0.0027443 0.1717799 0.0868546 0.0725136 0.0022986 0.0019321 0.0279915 0.0000000
 83 E  83 0.0838517 0.0102648 0.0066206 0.4298023 0.0000000 0.0715310 0.2470910 0.0097652 0.0010535 0.0011161 0.0062144 0.0194532 0.0000000 0.0016035 0.0055743 0.0900174 0.0067417 0.0032549 0.0013060 0.0028669 0.0018715
 84 H  84 0.0000000 0.0000000 0.0012187 0.5096410 0.0000000 0.0030452 0.0121028 0.0046520 0.0926005 0.0067446 0.0391631 0.0000000 0.0046090 0.2238994 0.0011825 0.0021394 0.0057203 0.0328362 0.0604451 0.0000000 0.0000000
 85 L  85 0.0353672 0.0179001 0.0027839 0.1234393 0.0089480 0.0101726 0.0982005 0.0000000 0.0026017 0.0304826 0.1331982 0.0073071 0.0157332 0.4427896 0.0014180 0.0047551 0.0087306 0.0014385 0.0325332 0.0209677 0.0012328
 86 A  86 0.0549687 0.1736967 0.0677251 0.1287745 0.0041368 0.0776937 0.1008178 0.0221108 0.0685104 0.0071524 0.0017600 0.0820073 0.0123617 0.0073347 0.0060021 0.0446247 0.0730398 0.0071165 0.0540500 0.0050886 0.0010279
 87 A  87 0.1338355 0.0184088 0.0087684 0.0018044 0.0017743 0.0043730 0.0045817 0.0010066 0.0064573 0.0039715 0.0000000 0.0018711 0.0000000 0.6760237 0.0011421 0.0091200 0.0099566 0.0039342 0.1108169 0.0021539 0.0000000
 88 D  88 0.0011057 0.0013100 0.0226859 0.9266135 0.0000000 0.0025522 0.0135470 0.0022255 0.0065248 0.0000000 0.0000000 0.0020746 0.0000000 0.0000000 0.0000000 0.0018719 0.0194889 0.0000000 0.0000000 0.0000000 0.0000000
 89 L  89 0.0013359 0.0105971 0.0000000 0.0000000 0.0041941 0.0040853 0.0000000 0.0000000 0.0597343 0.0105816 0.4131904 0.0076478 0.0141637 0.0198359 0.0000000 0.0014749 0.0035439 0.0610678 0.3846458 0.0039016 0.0000000
 90 L  90 0.0000000 0.0000000 0.0000000 0.0000000 0.0000000 0.0000000 0.0000000 0.0000000 0.0000000 0.6795907 0.1293353 0.0000000 0.0032375 0.0438124 0.0000000 0.0000000 0.0000000 0.0000000 0.0000000 0.1440241 0.0000000
 91 V  91 0.0034721 0.0019550 0.0000000 0.0000000 0.0000000 0.0000000 0.0000000 0.0000000 0.0000000 0.2667175 0.4575023 0.0000000 0.0043043 0.1084911 0.0000000 0.0000000 0.0044827 0.0000000 0.0259915 0.1270837 0.0000000
 92 A  92 0.5406038 0.0000000 0.0000000 0.0000000 0.0893475 0.0000000 0.0000000 0.1866878 0.0000000 0.0063491 0.0000000 0.0000000 0.0014515 0.0000000 0.0165730 0.0025986 0.0315575 0.0000000 0.0000000 0.1248311 0.0000000
 93 L  93 0.0810039 0.0000000 0.0000000 0.0000000 0.0000000 0.0000000 0.0000000 0.0000000 0.0000000 0.0000000 0.1008675 0.0000000 0.8009398 0.0072246 0.0000000 0.0078970 0.0000000 0.0000000 0.0000000 0.0020672 0.0000000
 94 D  94 0.0089989 0.0000000 0.0000000 0.9150609 0.0000000 0.0000000 0.0227197 0.0213952 0.0043447 0.0000000 0.0000000 0.0000000 0.0000000 0.0000000 0.0000000 0.0000000 0.0274806 0.0000000 0.0000000 0.0000000 0.0000000
 95 R  95 0.0745495 0.1736105 0.0644438 0.1159378 0.0035257 0.0823519 0.1733410 0.0294029 0.0514135 0.0021952 0.0132977 0.0781923 0.0000000 0.0011598 0.0091166 0.0609802 0.0334742 0.0144221 0.0083981 0.0057046 0.0044827
 96 N  96 0.0828898 0.0292555 0.0846391 0.1264118 0.0027000 0.0859578 0.1162876 0.0956279 0.0155736 0.0010481 0.0024608 0.0168406 0.0187032 0.0020402 0.0031118 0.2701056 0.0100531 0.0108414 0.0196488 0.0013208 0.0044827
 97 H  97 0.0000000 0.0000000 0.8004057 0.0000000 0.0000000 0.0036755 0.0000000 0.0000000 0.1723115 0.0063013 0.0021340 0.0000000 0.0000000 0.0000000 0.0000000 0.0018536 0.0000000 0.0000000 0.0000000 0.0088357 0.0044827
 98 A  98 0.0346453 0.0311525 0.0000000 0.0034421 0.0011157 0.0092780 0.0273523 0.0021187 0.0099356 0.1136649 0.4250148 0.0198428 0.0574687 0.0392722 0.0000000 0.0019203 0.0048427 0.0012586 0.1257110 0.0919636 0.0000000
 99 R  99 0.1716723 0.2934978 0.0332964 0.0740736 0.0026220 0.0571379 0.0902566 0.0228517 0.0219464 0.0023497 0.0153483 0.0731486 0.0044060 0.0038738 0.0000000 0.0794146 0.0262297 0.0044827 0.0120045 0.0113874 0.0000000
100 L 100 0.1068975 0.0171469 0.2037370 0.3527445 0.0011299 0.0092235 0.0927124 0.0131334 0.0368530 0.0223272 0.0237493 0.0069850 0.0278359 0.0020529 0.0058319 0.0247177 0.0188619 0.0085918 0.0187511 0.0067173 0.0000000
101 L 101 0.0227287 0.0000000 0.0000000 0.0000000 0.0000000 0.0000000 0.0012870 0.0000000 0.0000000 0.1492219 0.6694730 0.0000000 0.0537239 0.0022508 0.0000000 0.0011620 0.0048793 0.0000000 0.0000000 0.0952735 0.0000000
102 R 102 0.0268827 0.2197177 0.0632632 0.0067174 0.0067221 0.1258121 0.0646142 0.0068992 0.0332366 0.0495431 0.1130637 0.1590664 0.0233249 0.0020890 0.0000000 0.0296689 0.0425577 0.0000000 0.0080628 0.0187584 0.0000000
103 Q 103 0.1244616 0.3658334 0.0273771 0.0539274 0.0007751 0.0977031 0.0641394 0.0210739 0.0240609 0.0017666 0.0096316 0.0713175 0.0017209 0.0030245 0.0054055 0.0913110 0.0193872 0.0000000 0.0089157 0.0081674 0.0000000
104 L 104 0.0338337 0.0806036 0.0051206 0.0045168 0.0016813 0.0325625 0.0059705 0.0063144 0.0093884 0.1599847 0.3435308 0.0436579 0.1583322 0.0235001 0.0000000 0.0124814 0.0118618 0.0088425 0.0014733 0.0499598 0.0063835
105 G 105 0.3293221 0.0524634 0.0213310 0.0209495 0.1247219 0.0393849 0.0009735 0.1596492 0.0053022 0.0111471 0.0188072 0.0847821 0.0078381 0.0424443 0.0289366 0.0186276 0.0105842 0.0031770 0.0029792 0.0146821 0.0018969
106 V 106 0.0282520 0.0422119 0.0500435 0.1007184 0.0020838 0.0105446 0.0492629 0.0596771 0.0152073 0.0098878 0.0000000 0.0203468 0.0000000 0.0137395 0.5060874 0.0158034 0.0234975 0.0000000 0.0019873 0.0458351 0.0048136
107 E 107 0.1280651 0.0314460 0.0347995 0.1484318 0.0353347 0.0562347 0.1237709 0.0180456 0.0545340 0.0030090 0.0095002 0.0628910 0.0000000 0.0023065 0.1404833 0.0672337 0.0213330 0.0021141 0.0431556 0.0121245 0.0051869
108 A 108 0.1806643 0.0941603 0.0455895 0.0899684 0.0009258 0.0485646 0.1018810 0.0925081 0.0249173 0.0046745 0.0113742 0.1476996 0.0023465 0.0015380 0.0574557 0.0363294 0.0282476 0.0061726 0.0065835 0.0167197 0.0016794
109 A 109 0.2522915 0.0238678 0.0288791 0.1312345 0.0186253 0.0319990 0.0794825 0.1264273 0.0821872 0.0013246 0.0109329 0.0418627 0.0036588 0.0052121 0.0129822 0.1055713 0.0082921 0.0000000 0.0298049 0.0012261 0.0041379
110 R 110 0.0076820 0.2051591 0.0176554 0.0064591 0.0000000 0.0614524 0.0368586 0.0113221 0.0159274 0.0024693 0.0059319 0.5529392 0.0000000 0.0000000 0.0063473 0.0097085 0.0342012 0.0040345 0.0048582 0.0044108 0.0125828
111 V 111 0.1046579 0.0132405 0.0072395 0.0197968 0.0020642 0.0070674 0.0181398 0.0131174 0.0430085 0.2814481 0.0921629 0.0124325 0.0046970 0.0000000 0.0061417 0.0110992 0.0278658 0.0009809 0.0013686 0.3279580 0.0055134
112 R 112 0.0338354 0.3037263 0.0011111 0.0043452 0.0090501 0.0424306 0.1035682 0.0090511 0.0794099 0.0028609 0.0111640 0.2011983 0.0207927 0.0696154 0.0038562 0.0293588 0.0104443 0.0014233 0.0289191 0.0308395 0.0029995
113 M 113 0.0043213 0.0634061 0.0000000 0.0000000 0.0011167 0.0090478 0.0027791 0.0000000 0.0000000 0.0559389 0.5793368 0.0839173 0.0782689 0.0059316 0.0152688 0.0089981 0.0060283 0.0000000 0.0010209 0.0725500 0.0120695
114 L 114 0.0352510 0.0163948 0.0015922 0.0039025 0.0041144 0.0092027 0.0037829 0.0180940 0.0377657 0.0594495 0.3844708 0.0101869 0.1577671 0.1565563 0.0049214 0.0374029 0.0019264 0.0121981 0.0218972 0.0142913 0.0088320
115 R 115 0.0138985 0.2050939 0.0020926 0.0081162 0.0376870 0.0073912 0.0000000 0.1692236 0.0000000 0.0023392 0.3472898 0.0150005 0.0652522 0.0020567 0.0000000 0.0281813 0.0702103 0.0000000 0.0080010 0.0045547 0.0136112
116 S 116 0.0283314 0.0039337 0.0072473 0.1915564 0.0074927 0.0175930 0.1537852 0.0010759 0.0065089 0.0246143 0.1040321 0.0231094 0.0217309 0.0828640 0.0054254 0.2574380 0.0070857 0.0039531 0.0020978 0.0056907 0.0444342
117 F 117 0.0090757 0.0015810 0.0000000 0.0000000 0.0000000 0.0000000 0.0011319 0.0337893 0.0186610 0.0021549 0.1247170 0.0000000 0.0613175 0.4091048 0.0000000 0.0014328 0.0177554 0.0354772 0.2424077 0.0026999 0.0386940
118 D 118 0.1243812 0.0142346 0.0428064 0.3802715 0.0675726 0.0091004 0.0284869 0.0212831 0.0016720 0.0169854 0.0602328 0.0040445 0.0000000 0.0029239 0.0039531 0.0420750 0.0369345 0.0000000 0.0000000 0.0222293 0.1208130
119 P 119 0.0118123 0.0438237 0.0048524 0.0300938 0.0025586 0.0107901 0.0507136 0.0642381 0.0202927 0.0110428 0.0280868 0.0188321 0.0020156 0.0842749 0.3322377 0.0383165 0.0259930 0.0117532 0.0549337 0.0121054 0.1412331
120 R 120 0.1189779 0.1034591 0.0251766 0.0705828 0.0145793 0.0667265 0.0845990 0.0400266 0.0291546 0.0214490 0.0277279 0.0349188 0.0018083 0.0111195 0.0024949 0.0354595 0.0626506 0.0071504 0.0062761 0.0555048 0.1801579
121 S 121 0.1449648 0.0095425 0.0170419 0.0186403 0.0068030 0.0358894 0.0232328 0.1006967 0.0540559 0.0104635 0.0236739 0.0232547 0.0063460 0.0275106 0.1031544 0.1266919 0.0338466 0.0000000 0.0304771 0.0109214 0.1927925
122 G 122 0.0307632 0.0239426 0.0467624 0.1316489 0.0025580 0.0193812 0.0505281 0.1952627 0.0352058 0.0012743 0.0063573 0.0360176 0.0014838 0.0043992 0.0857690 0.0614102 0.0265843 0.0060127 0.0046169 0.0237804 0.2062412
123 T 123 0.0830367 0.0493550 0.0401143 0.0283361 0.0034798 0.0276161 0.0333914 0.0775807 0.0267539 0.0331282 0.0758304 0.0637983 0.0238560 0.0262569 0.0477813 0.0550584 0.0377634 0.0035485 0.0234239 0.0184031 0.2214876
124 H 124 0.0510098 0.0295700 0.0227032 0.1177620 0.0000000 0.0509614 0.1719927 0.1022545 0.0580851 0.0034436 0.0125383 0.1174964 0.0024096 0.0079868 0.0359392 0.0413736 0.0141434 0.0000000 0.0058248 0.0108368 0.1436688
125 A 125 0.0813056 0.0242928 0.0628784 0.0871376 0.0022086 0.0742780 0.1189203 0.1335629 0.0053453 0.0174557 0.0316544 0.0162244 0.0007121 0.0095323 0.0315697 0.0295620 0.0351231 0.0058273 0.0425270 0.0653959 0.1244865
126 L 126 0.0696267 0.1596691 0.0070236 0.0687151 0.0032408 0.0637852 0.0544523 0.0067138 0.0141358 0.0169559 0.1297208 0.0840957 0.0067886 0.0024531 0.0210334 0.0506106 0.0823586 0.0000000 0.0000000 0.0248472 0.1337738
127 D 127 0.0201271 0.0000000 0.0212580 0.3096990 0.0031801 0.0031126 0.3094671 0.0123746 0.0393090 0.1200511 0.0011276 0.0000000 0.0010635 0.0000000 0.0094385 0.0342173 0.0089849 0.0016888 0.0022645 0.0275017 0.0751348
128 V 128 0.0000000 0.0000000 0.0000000 0.0000000 0.0000000 0.0000000 0.0000000 0.0000000 0.0000000 0.2984706 0.0180831 0.0000000 0.0025435 0.0000000 0.0000000 0.0000000 0.0026631 0.0000000 0.0000000 0.6712745 0.0069652
129 E 129 0.1134489 0.0281198 0.0015353 0.0448492 0.0000000 0.0205628 0.1008852 0.0049160 0.0000000 0.0036535 0.0010481 0.0155430 0.0000000 0.0015725 0.6155698 0.0211173 0.0065884 0.0000000 0.0022914 0.0182986 0.0000000
130 D 130 0.0000000 0.0000000 0.0000000 1.0000000 0.0000000 0.0000000 0.0000000 0.0000000 0.0000000 0.0000000 0.0000000 0.0000000 0.0000000 0.0000000 0.0000000 0.0000000 0.0000000 0.0000000 0.0000000 0.0000000 0.0000000
131 P 131 0.0000000 0.0000000 0.0000000 0.0000000 0.0000000 0.0000000 0.0000000 0.0000000 0.0000000 0.0000000 0.0000000 0.0000000 0.0000000 0.0000000 1.0000000 0.0000000 0.0000000 0.0000000 0.0000000 0.0000000 0.0000000
132 Y 132 0.0000000 0.0000000 0.0000000 0.0000000 0.0000000 0.0000000 0.0000000 0.0000000 0.0000000 0.0000000 0.0058790 0.0000000 0.0000000 0.0105679 0.0000000 0.0000000 0.0000000 0.1710586 0.8124945 0.0000000 0.0000000
133 Y 133 0.0025567 0.0076156 0.0011762 0.0000000 0.0000000 0.0035254 0.0000000 0.0079454 0.0069755 0.0032918 0.0031141 0.0042718 0.0000000 0.0874807 0.0000000 0.0017107 0.0095166 0.0058567 0.8537751 0.0000000 0.0011877
134 G 134 0.0050852 0.0100924 0.0066190 0.0386806 0.0037923 0.0219018 0.0240218 0.6496499 0.0053760 0.0000000 0.0000000 0.0092511 0.0028778 0.0000000 0.0000000 0.0226088 0.1898189 0.0000000 0.0000000 0.0000000 0.0102245
135 D 135 0.0128023 0.0085858 0.0709175 0.0948156 0.0000000 0.0072650 0.0205813 0.6254517 0.0219467 0.0000000 0.0077997 0.0013338 0.0020074 0.0000000 0.0152691 0.0525946 0.0282485 0.0000000 0.0000000 0.0000000 0.0303809
136 H 136 0.1158423 0.0578313 0.0232502 0.1339989 0.0000000 0.0439188 0.1044337 0.0221278 0.0217186 0.0383765 0.0320799 0.0260757 0.0284551 0.0085268 0.0967261 0.0404855 0.0222239 0.0000000 0.0010502 0.0164764 0.1664026
137 S 137 0.1045368 0.0519921 0.0330676 0.1613299 0.0000000 0.0915784 0.1832014 0.0215798 0.0192124 0.0000000 0.0008697 0.0570673 0.0000000 0.0009878 0.0040792 0.0726128 0.0042958 0.0024174 0.0052305 0.0033637 0.1825775
138 D 138 0.0358338 0.0029303 0.0888718 0.2817591 0.0000000 0.0052556 0.0149313 0.4945028 0.0092508 0.0000000 0.0038965 0.0000000 0.0085193 0.0000000 0.0025432 0.0047657 0.0045826 0.0000000 0.0000000 0.0034023 0.0389548
139 F 139 0.0000000 0.0000000 0.0000000 0.0000000 0.0065212 0.0000000 0.0000000 0.0000000 0.0000000 0.0000000 0.0000000 0.0000000 0.0000000 0.9850954 0.0000000 0.0000000 0.0000000 0.0000000 0.0083834 0.0000000 0.0000000
140 E 140 0.0254395 0.0223441 0.0312107 0.1956014 0.0000000 0.0329626 0.5995780 0.0062690 0.0103106 0.0011701 0.0077240 0.0118089 0.0000000 0.0014749 0.0010220 0.0059016 0.0261232 0.0000000 0.0076073 0.0134520 0.0000000
141 E 141 0.0578805 0.1129045 0.0293573 0.0537588 0.0009296 0.0694220 0.1865486 0.0235390 0.0652141 0.0153131 0.0902101 0.0968753 0.0009873 0.0037965 0.0020254 0.0074941 0.0842503 0.0032381 0.0508312 0.0454242 0.0000000
142 V 142 0.1152590 0.0000000 0.0262322 0.0000000 0.0486244 0.0000000 0.0000000 0.0000000 0.0000000 0.0154556 0.0023165 0.0000000 0.0085968 0.0000000 0.0000000 0.0050813 0.2044924 0.0000000 0.0000000 0.5706717 0.0032701
143 F 143 0.0069984 0.0388160 0.0028452 0.0000000 0.0009063 0.0024650 0.0068058 0.0012346 0.0070166 0.0399529 0.3173990 0.0013627 0.0074227 0.1259368 0.0000000 0.0017618 0.0022914 0.0526595 0.3782214 0.0013013 0.0046025
144 A 144 0.0626368 0.0931941 0.0414772 0.3607033 0.0000000 0.1337646 0.1419520 0.0141337 0.0164357 0.0023351 0.0196592 0.0358838 0.0032038 0.0000000 0.0000000 0.0138008 0.0409264 0.0048712 0.0033598 0.0070600 0.0046025
145 V 145 0.0074353 0.0094832 0.0048932 0.0881448 0.0000000 0.2403694 0.0341327 0.0000000 0.0040613 0.0509370 0.3320873 0.0015652 0.1642275 0.0000000 0.0000000 0.0098751 0.0055427 0.0000000 0.0131074 0.0295353 0.0046025
146 I 146 0.0159067 0.0000000 0.0000000 0.0000000 0.1226576 0.0000000 0.0000000 0.0000000 0.0000000 0.3546419 0.2313609 0.0000000 0.0022595 0.0000000 0.0000000 0.0051830 0.0047108 0.0000000 0.0028452 0.2547591 0.0056752
147 E 147 0.0241264 0.0234818 0.0191530 0.1055524 0.0074330 0.0286315 0.4436261 0.0018270 0.0124411 0.0105201 0.0723515 0.0303270 0.0135760 0.0055489 0.0000000 0.0434057 0.0601206 0.0053462 0.0131569 0.0720756 0.0072993
148 S 148 0.2098114 0.1859422 0.0096894 0.1854448 0.0000000 0.0342719 0.1524317 0.0036709 0.0154793 0.0116594 0.0091086 0.0329421 0.0061184 0.0011649 0.0030348 0.0549016 0.0492441 0.0000000 0.0113242 0.0155273 0.0082332
149 A 149 0.4652935 0.0020254 0.0014376 0.0000000 0.0896771 0.0000000 0.0000000 0.2001769 0.0027395 0.0012984 0.0135935 0.0045826 0.0012435 0.0469442 0.0000000 0.1197754 0.0188159 0.0000000 0.0073394 0.0144511 0.0106060
150 L 150 0.1270766 0.0000000 0.0043291 0.0000000 0.4483997 0.0000000 0.0000000 0.0081043 0.0000000 0.0334271 0.0812884 0.0000000 0.0216686 0.0000000 0.0000000 0.1570204 0.0357378 0.0000000 0.0000000 0.0723418 0.0106060
151 P 151 0.0542866 0.1096487 0.0365772 0.1367611 0.0029472 0.0740511 0.1974417 0.0195116 0.0201955 0.0060513 0.0100322 0.1129487 0.0000000 0.0000000 0.1300816 0.0287449 0.0347235 0.0000000 0.0018847 0.0127174 0.0113950
152 G 152 0.2288909 0.0359582 0.0689954 0.0044365 0.0052047 0.0259987 0.0295362 0.4230196 0.0135839 0.0089370 0.0111594 0.0274562 0.0027705 0.0061491 0.0013728 0.0490451 0.0108015 0.0000000 0.0117721 0.0224636 0.0124485
153 L 153 0.0030825 0.0000000 0.0000000 0.0000000 0.0018715 0.0000000 0.0000000 0.0000000 0.0000000 0.1027755 0.5439013 0.0000000 0.0054032 0.2148750 0.0000000 0.0052904 0.0051470 0.0657984 0.0000000 0.0376989 0.0141564
154 H 154 0.0476247 0.0011807 0.0013627 0.0000000 0.0031338 0.0009361 0.0009730 0.0000000 0.0228577 0.1034177 0.6191891 0.0030201 0.0191925 0.0176548 0.0000000 0.0020633 0.0034223 0.0018772 0.0060595 0.1249759 0.0210591
155 D 155 0.1429520 0.0347702 0.0563370 0.1866501 0.0000000 0.0701664 0.2590000 0.0139657 0.0079135 0.0078324 0.0094451 0.1123551 0.0000000 0.0008360 0.0036045 0.0169355 0.0290904 0.0000000 0.0019142 0.0100896 0.0361422
156 W 156 0.0398859 0.1065519 0.0090459 0.0213831 0.0000000 0.0723167 0.0983143 0.0000000 0.0950778 0.0135473 0.0113558 0.1750762 0.0062482 0.0340631 0.0000000 0.0443782 0.0277064 0.0862173 0.0831362 0.0096505 0.0660451
157 V 157 0.0130560 0.0000000 0.0000000 0.0000000 0.0039073 0.0000000 0.0000000 0.0000000 0.0056986 0.2669773 0.3452837 0.0000000 0.0036133 0.0148392 0.0000000 0.0000000 0.0022107 0.0000000 0.0000000 0.1731183 0.1712955
158 D 158 0.0273929 0.1833420 0.0255781 0.0253774 0.0026537 0.0432352 0.0768328 0.0048095 0.0021723 0.0135627 0.0243202 0.1457163 0.0049909 0.0014233 0.0014444 0.0257113 0.0349342 0.0000000 0.0017011 0.0308667 0.3239351
159 E 159 0.0504473 0.0647186 0.0195965 0.0345845 0.0000000 0.1004761 0.1443536 0.0243799 0.0048102 0.0000000 0.0024183 0.1272606 0.0000000 0.0000000 0.0070124 0.0205385 0.0106466 0.0000000 0.0000000 0.0000000 0.3887568
160 R 160 0.0227134 0.1268073 0.0431353 0.0100439 0.0000000 0.0887149 0.0964764 0.0030608 0.0071180 0.0014730 0.0033060 0.0818925 0.0000000 0.0013750 0.0000000 0.0072336 0.0064357 0.0000000 0.0000000 0.0000000 0.5002143
161 L 161 0.0104608 0.0000000 0.0000000 0.0000000 0.0000000 0.0057065 0.0058327 0.0028355 0.0271989 0.0241400 0.1886290 0.0000000 0.0124131 0.0084966 0.0000000 0.0023690 0.0031778 0.0000000 0.0071276 0.0261504 0.6754621
162 A 162 0.0511413 0.0096464 0.0033857 0.0240870 0.0000000 0.0160816 0.0328799 0.0379152 0.0014707 0.0000000 0.0059551 0.0314439 0.0000000 0.0020791 0.0039312 0.0223611 0.0120909 0.0000000 0.0000000 0.0000000 0.7455308
163 R 163 0.0134839 0.0318601 0.0000000 0.0022705 0.0016720 0.0260531 0.0214328 0.0054433 0.0087379 0.0074971 0.0071248 0.0278159 0.0034931 0.0000000 0.0026617 0.0141067 0.0024983 0.0000000 0.0000000 0.0027707 0.8210782
164 N 164 0.0061136 0.0371128 0.0328304 0.0110938 0.0000000 0.0071672 0.0132884 0.0030267 0.0014862 0.0030232 0.0039382 0.0009964 0.0000000 0.0000000 0.0000000 0.0107886 0.0027035 0.0000000 0.0000000 0.0000000 0.8664310
165 G 165 0.0294718 0.0020100 0.0000000 0.0026617 0.0000000 0.0012180 0.0053240 0.0526806 0.0044895 0.0020791 0.0000000 0.0000000 0.0000000 0.0000000 0.0000000 0.0016105 0.0037922 0.0000000 0.0000000 0.0000000 0.8946627
166 P 166 0.0000000 0.0000000 0.0061842 0.0000000 0.0000000 0.0000000 0.0000000 0.0048603 0.0000000 0.0000000 0.0000000 0.0000000 0.0000000 0.0000000 0.0305611 0.0034827 0.0024608 0.0000000 0.0000000 0.0000000 0.9524509
167 S 167 0.0104077 0.0000000 0.0000000 0.0000000 0.0000000 0.0050890 0.0034721 0.0000000 0.0000000 0.0000000 0.0000000 0.0000000 0.0000000 0.0000000 0.0000000 0.0126017 0.0023554 0.0000000 0.0000000 0.0000000 0.9660742
