  266         A         R         N         D         C         Q         E         G         H         I         L         K         M         F         P         S         T         W         Y         V         X    
  1 G   1 0.0000000 0.0000000 0.0257533 0.0000000 0.0000000 0.0000000 0.0000000 0.0313396 0.0000000 0.0000000 0.0000000 0.0000000 0.0000000 0.0000000 0.0000000 0.0672948 0.0000000 0.0000000 0.0000000 0.0000000 0.8756123
  2 D   2 0.0059898 0.0088499 0.0268025 0.0810714 0.0000000 0.0307606 0.0621792 0.0043635 0.0009403 0.0008645 0.0000000 0.0075650 0.0017493 0.0000000 0.0113337 0.0581099 0.0529814 0.0000000 0.0000000 0.0000000 0.6464387
  3 L   3 0.0072589 0.0000000 0.0000000 0.0000000 0.0000000 0.0000000 0.0000000 0.0000000 0.0018431 0.0536241 0.4206361 0.0000000 0.0182207 0.0354359 0.0020347 0.0000000 0.0043671 0.0073082 0.0008451 0.0618514 0.3865747
  4 A   4 0.0627708 0.0367261 0.0312570 0.0410866 0.0000000 0.1002024 0.1397306 0.0054892 0.0166678 0.0036507 0.0216435 0.0836585 0.0013154 0.0015189 0.0029309 0.0453780 0.0536913 0.0006737 0.0040756 0.0203353 0.3271978
  5 D   5 0.1025941 0.0538442 0.0463016 0.0789615 0.0000000 0.1002058 0.1187487 0.0098016 0.0064849 0.0019643 0.0037726 0.1007507 0.0045601 0.0000000 0.0149225 0.0558314 0.0358979 0.0019143 0.0024972 0.0042267 0.2567201
  6 R   6 0.0841731 0.1572539 0.0107767 0.0583660 0.0000000 0.1284885 0.1155516 0.0049206 0.0036912 0.0055515 0.0106648 0.0885409 0.0018201 0.0019081 0.0034262 0.0371831 0.0439420 0.0000000 0.0018506 0.0150447 0.2268465
  7 F   7 0.0071464 0.0000000 0.0000000 0.0000000 0.0000000 0.0000000 0.0000000 0.0000000 0.0000000 0.2796208 0.2982785 0.0000000 0.0158967 0.0596257 0.0000000 0.0000000 0.0054123 0.0318657 0.0018401 0.1083791 0.1919348
  8 A   8 0.1698829 0.0885965 0.0422409 0.0405214 0.0016607 0.1044133 0.1099790 0.0137041 0.0137579 0.0019956 0.0171865 0.0917637 0.0080271 0.0050002 0.0000000 0.0506102 0.0411125 0.0000000 0.0050939 0.0126561 0.1817976
  9 E   9 0.2064408 0.0668684 0.0450713 0.0749747 0.0000000 0.0696368 0.1319392 0.0305339 0.0063485 0.0000000 0.0053852 0.0745543 0.0026265 0.0015018 0.0154082 0.0435018 0.0442523 0.0000000 0.0000000 0.0041766 0.1767799
 10 L  10 0.0489609 0.0204194 0.0000000 0.0044013 0.0000000 0.0095532 0.0229799 0.0014275 0.0040437 0.2032629 0.3178740 0.0034671 0.0194410 0.0174391 0.0028961 0.0118527 0.0134043 0.0014870 0.0542189 0.0785840 0.1642870
 11 E  11 0.0939128 0.0022121 0.0011566 0.0174106 0.0128464 0.0091935 0.2637508 0.0180139 0.0000000 0.1158937 0.1518625 0.0016055 0.0125116 0.0366762 0.0036943 0.0079028 0.0240675 0.0053306 0.0000000 0.0610342 0.1609242
 12 R  12 0.1632001 0.1009108 0.0432378 0.0634866 0.0000000 0.0565507 0.0658359 0.0309659 0.0153817 0.0025763 0.0068825 0.1374311 0.0062623 0.0033842 0.0098517 0.0899193 0.0372615 0.0000000 0.0076921 0.0067895 0.1523802
 13 R  13 0.0942218 0.0946562 0.0222321 0.0798045 0.0025318 0.0961997 0.1026875 0.1141887 0.0093076 0.0035339 0.0071932 0.0694509 0.0009063 0.0018693 0.0116655 0.0769325 0.0320071 0.0044324 0.0180774 0.0055543 0.1525473
 14 Y  14 0.0869301 0.0212364 0.0259781 0.0133520 0.0154534 0.0285650 0.0066695 0.0105521 0.0542679 0.0216277 0.0826832 0.0634507 0.0103553 0.0963802 0.0105348 0.1129210 0.0415293 0.0128814 0.1062215 0.0334965 0.1449135
 15 D  15 0.0357711 0.0350762 0.0741658 0.1163650 0.0000000 0.0340741 0.0301416 0.2217677 0.0153977 0.0086406 0.0009404 0.0883301 0.0000000 0.0013664 0.1217249 0.0597699 0.0122337 0.0024137 0.0048665 0.0058010 0.1311535
 16 A  16 0.2311606 0.0007193 0.0201439 0.0192961 0.0073234 0.0047064 0.0174048 0.4381508 0.0000000 0.0078514 0.0459343 0.0037941 0.0000000 0.0124520 0.0025681 0.0159062 0.0155219 0.0000000 0.0055131 0.0301045 0.1214491
 17 R  17 0.0129286 0.2951863 0.0458145 0.0605538 0.0011794 0.0645201 0.0606380 0.0034567 0.0208520 0.0085630 0.0137557 0.0920128 0.0030902 0.0055836 0.0072289 0.0259221 0.1327259 0.0000000 0.0096322 0.0315463 0.1048100
 18 L  18 0.0472496 0.0000000 0.0048141 0.0000000 0.0087560 0.0000000 0.0015446 0.0355729 0.0000000 0.1444279 0.2021261 0.0020383 0.0201404 0.0369339 0.0137039 0.0097255 0.0337336 0.0430803 0.0612011 0.2350111 0.0999405
 19 G  19 0.0792900 0.0120669 0.0013052 0.0045914 0.0113121 0.0107901 0.0057881 0.5527994 0.0084689 0.0000000 0.0000000 0.0021050 0.0031865 0.0051053 0.0000000 0.1883081 0.0037019 0.0162983 0.0054979 0.0021120 0.0872727
 20 V  20 0.0488573 0.0015446 0.0019529 0.0000000 0.0022154 0.0000000 0.0000000 0.0052123 0.0000000 0.1782958 0.0931504 0.0000000 0.0186448 0.0535971 0.0000000 0.0023620 0.0007656 0.0082625 0.0261613 0.4725427 0.0864353
 21 Y  21 0.2423037 0.0027251 0.0039030 0.0042442 0.0195183 0.0031381 0.0043669 0.0063404 0.0470735 0.0218690 0.0507888 0.0025209 0.0130931 0.0819017 0.0024577 0.0841599 0.0221215 0.0127748 0.2493642 0.0469759 0.0783590
 22 V  22 0.2237369 0.0000000 0.0000000 0.0029634 0.0067084 0.0013230 0.0151056 0.0059353 0.0000000 0.0935973 0.1229600 0.0000000 0.0148316 0.0852157 0.0020216 0.0000000 0.0054466 0.0033861 0.0371996 0.3296329 0.0499359
 23 P  23 0.0350485 0.0993655 0.0048544 0.0080810 0.0079800 0.0305453 0.0491539 0.0145043 0.0277348 0.1189404 0.1707014 0.1069580 0.0435560 0.0205163 0.0022815 0.0188064 0.0245840 0.0189905 0.0658611 0.0837305 0.0478062
 24 A  24 0.0122921 0.0334950 0.1318058 0.5236899 0.0030743 0.0359380 0.0250615 0.0189983 0.0286545 0.0110699 0.0111159 0.0028474 0.0024701 0.0012890 0.0131650 0.0387287 0.0027683 0.0009757 0.0104576 0.0168364 0.0752665
 25 T  25 0.0383059 0.0112310 0.0117534 0.0032318 0.0053557 0.0050887 0.0059833 0.0096588 0.0017035 0.0556627 0.4112136 0.0126640 0.0278481 0.0274305 0.0490504 0.0298034 0.1736475 0.0000000 0.0057316 0.0583321 0.0563039
 26 G  26 0.1290081 0.0300903 0.0772929 0.1945478 0.0000000 0.0484672 0.0939921 0.1494636 0.0150855 0.0000000 0.0071784 0.0709865 0.0032949 0.0000000 0.0065931 0.0711193 0.0453797 0.0000000 0.0000000 0.0147909 0.0427097
 27 T  27 0.0227917 0.0233318 0.0543688 0.0996384 0.0012682 0.0114160 0.0196738 0.0640090 0.0143266 0.0000000 0.0062498 0.0192840 0.0021320 0.0021612 0.0037204 0.2133580 0.3918116 0.0000000 0.0022917 0.0012081 0.0469589
 28 T  28 0.0208685 0.0214117 0.0969673 0.0663691 0.0000000 0.0324908 0.0193790 0.5841086 0.0081099 0.0029634 0.0052991 0.0396983 0.0058432 0.0000000 0.0181868 0.0206966 0.0090530 0.0011910 0.0000000 0.0012086 0.0461550
 29 A  29 0.1057483 0.1499523 0.0262661 0.0442165 0.0018349 0.0978555 0.1641375 0.0172999 0.0112263 0.0217171 0.0225943 0.1059115 0.0032936 0.0131830 0.0215651 0.0270050 0.0587844 0.0228272 0.0119694 0.0241311 0.0484810
 30 A  30 0.0463911 0.0652799 0.0087809 0.0078244 0.0079996 0.0485216 0.1279710 0.0156470 0.0127106 0.0548074 0.0440050 0.0247771 0.0116610 0.0107009 0.0073857 0.0797267 0.2183619 0.0032717 0.0607643 0.1094981 0.0339141
 31 I  31 0.1019077 0.0046359 0.0012682 0.0016195 0.0184947 0.0036327 0.0000000 0.0042556 0.0049437 0.1488164 0.1688898 0.0008311 0.0106792 0.1285820 0.0071446 0.0085535 0.0133440 0.0424910 0.0702318 0.2275245 0.0321541
 32 E  32 0.1798865 0.0148241 0.0160906 0.0639749 0.0084637 0.0331915 0.0808436 0.1970481 0.0180660 0.0039624 0.0407566 0.0096236 0.0078414 0.0155867 0.0000000 0.1563172 0.0891541 0.0012741 0.0098930 0.0151687 0.0380330
 33 Y  33 0.0128207 0.0289809 0.0095160 0.0020081 0.0000000 0.0166854 0.0155013 0.0051590 0.1358880 0.1709998 0.0939227 0.0307993 0.0099830 0.0639296 0.0000000 0.0196619 0.0024869 0.0380204 0.1945864 0.1186289 0.0304215
 34 R  34 0.0179656 0.2719257 0.3958498 0.0637757 0.0000000 0.0305442 0.0217366 0.0634597 0.0506894 0.0014216 0.0079378 0.0215866 0.0000000 0.0000000 0.0000000 0.0106589 0.0014601 0.0000000 0.0074280 0.0026814 0.0308788
 35 A  35 0.2884556 0.0077139 0.0425451 0.0360366 0.0057022 0.0313623 0.1099370 0.2100905 0.0000000 0.0067430 0.0148379 0.0055674 0.0039056 0.0028541 0.1048950 0.0615264 0.0107126 0.0000000 0.0030158 0.0079417 0.0461573
 36 D  36 0.0294294 0.0275146 0.1384081 0.4814650 0.0000000 0.0297971 0.0828979 0.0235601 0.0379621 0.0000000 0.0056698 0.0228600 0.0043673 0.0033721 0.0014645 0.0340160 0.0376738 0.0000000 0.0105261 0.0000000 0.0290162
 37 E  37 0.0458452 0.0814306 0.0100904 0.0710228 0.0024996 0.1027398 0.3327120 0.0217237 0.0148571 0.0181454 0.0171926 0.0740369 0.0097381 0.0064132 0.0000000 0.0275170 0.0783991 0.0000000 0.0047634 0.0541544 0.0267186
 38 R  38 0.0558734 0.3170694 0.0078731 0.0060995 0.0007752 0.0605581 0.0428192 0.0024669 0.0268328 0.0291892 0.0644537 0.0616649 0.0060655 0.0033956 0.1226399 0.0396701 0.0362825 0.0011843 0.0154459 0.0712374 0.0284035
 39 F  39 0.0074539 0.0149019 0.0016401 0.0000000 0.0078951 0.0076626 0.0000000 0.0000000 0.0251659 0.0228851 0.0885586 0.0016453 0.0959500 0.5137493 0.0032293 0.0011686 0.0128299 0.0216304 0.0707325 0.0764988 0.0264026
 40 A  40 0.1222424 0.0253396 0.0052728 0.0172845 0.0055909 0.0263725 0.0202274 0.0070648 0.0243534 0.0211916 0.0171119 0.0105748 0.0061912 0.0146578 0.4406004 0.0401275 0.0297455 0.0000000 0.0781870 0.0576100 0.0302541
 41 F  41 0.2079779 0.0000000 0.0000000 0.0000000 0.0000000 0.0211136 0.0000000 0.0075668 0.0029287 0.0336011 0.1121838 0.0000000 0.2134246 0.0331746 0.0772842 0.1377107 0.0819573 0.0000000 0.0339387 0.0142824 0.0228556
 42 C  42 0.6187898 0.0000000 0.0121048 0.0020216 0.1521584 0.0532418 0.0013762 0.0243709 0.0027157 0.0000000 0.0189718 0.0000000 0.0610041 0.0000000 0.0029010 0.0079396 0.0079792 0.0029634 0.0038735 0.0047324 0.0228556
 43 S  43 0.0031978 0.0000000 0.0000000 0.0030158 0.0000000 0.0000000 0.0000000 0.0196401 0.0000000 0.0000000 0.0000000 0.0000000 0.0000000 0.0000000 0.0000000 0.9451437 0.0061471 0.0000000 0.0000000 0.0000000 0.0228556
 44 T  44 0.0160851 0.0000000 0.0022774 0.0044704 0.0101008 0.0000000 0.0000000 0.0014836 0.0000000 0.0667595 0.1389984 0.0000000 0.0394813 0.0000000 0.0010358 0.0310552 0.4607531 0.0000000 0.0000000 0.2046439 0.0228556
 45 F  45 0.0255616 0.0116988 0.0049715 0.0000000 0.0048960 0.0068250 0.0000000 0.0113418 0.0205667 0.2915828 0.0102772 0.0000000 0.0489085 0.2614814 0.0000000 0.0628507 0.0529093 0.0009044 0.0691160 0.0932527 0.0228556
 46 K  46 0.0080580 0.0151160 0.0000000 0.0000000 0.0000000 0.0014141 0.0000000 0.0000000 0.0000000 0.0000000 0.0000000 0.9484356 0.0000000 0.0000000 0.0000000 0.0017353 0.0033549 0.0000000 0.0000000 0.0000000 0.0218861
 47 A  47 0.0982181 0.0000000 0.0000000 0.0000000 0.0000000 0.0000000 0.0000000 0.0116645 0.0000000 0.0976632 0.2918692 0.0000000 0.0153984 0.0744854 0.0114962 0.0108080 0.0935899 0.0037107 0.0028002 0.2653356 0.0229605
 48 P  48 0.0792364 0.0017859 0.0000000 0.0000000 0.0045768 0.0000000 0.0000000 0.0075464 0.0438661 0.0187393 0.1955679 0.0030050 0.0884245 0.0894558 0.3086611 0.0256460 0.0110313 0.0198197 0.0434488 0.0363334 0.0228556
 49 L  49 0.1332506 0.0000000 0.0059040 0.0000000 0.0000000 0.0167963 0.0023997 0.0013575 0.0000000 0.2746008 0.2552960 0.0000000 0.0083148 0.0042780 0.0015577 0.0060943 0.0589450 0.0023435 0.0165954 0.1887739 0.0234926
 50 V  50 0.3949236 0.0000000 0.0115518 0.0000000 0.0630353 0.0026321 0.0000000 0.0173171 0.0000000 0.0025176 0.2455314 0.0000000 0.1139212 0.0051920 0.0000000 0.0279496 0.0073484 0.0000000 0.0100597 0.0777155 0.0203046
 51 A  51 0.2933484 0.0000000 0.0057673 0.0061936 0.0062927 0.0039257 0.0030225 0.1008818 0.0101138 0.0740685 0.2050956 0.0025468 0.0588970 0.0114572 0.0000000 0.0130557 0.0161829 0.0057735 0.0627753 0.0954663 0.0251355
 52 A  52 0.4202182 0.0113443 0.0149918 0.0065062 0.0181701 0.0190002 0.0876555 0.0222632 0.0069906 0.0241542 0.0494746 0.0240978 0.0129049 0.0136215 0.0000000 0.0290654 0.0729615 0.0024236 0.0775096 0.0631333 0.0235137
 53 V  53 0.1368894 0.0034819 0.0000000 0.0106605 0.0018766 0.0017070 0.0029793 0.0066055 0.0030745 0.0702373 0.1706186 0.0029823 0.0244799 0.0731863 0.0000000 0.0065032 0.0584783 0.0102525 0.0216427 0.3707201 0.0236241
 54 L  54 0.0453003 0.0020243 0.0036045 0.0000000 0.0229191 0.0267293 0.0117699 0.0000000 0.0062911 0.0109574 0.5654929 0.0000000 0.0416093 0.1110963 0.0000000 0.0030076 0.0084846 0.0021006 0.1098792 0.0066786 0.0220551
 55 H  55 0.1080454 0.1635092 0.0251498 0.1522539 0.0043697 0.0765698 0.1516834 0.0036613 0.0579688 0.0076193 0.0213151 0.0970093 0.0043729 0.0027612 0.0000000 0.0539868 0.0157689 0.0039727 0.0072731 0.0135876 0.0291220
 56 Q  56 0.0977883 0.1636021 0.0225550 0.0727317 0.0000000 0.2396856 0.1122864 0.0183540 0.0091355 0.0030738 0.0288584 0.1226619 0.0280617 0.0070063 0.0000000 0.0116424 0.0077482 0.0031762 0.0172412 0.0022358 0.0321553
 57 N  57 0.1391032 0.0260844 0.0315028 0.0091654 0.0057477 0.0307309 0.0108122 0.0060432 0.0232664 0.1148671 0.0924254 0.0180480 0.0273194 0.0203684 0.0000000 0.0467594 0.0181172 0.0024631 0.0266841 0.3145305 0.0359611
 58 P  58 0.0636090 0.0288311 0.0458109 0.3118849 0.0000000 0.0542806 0.1409838 0.0967696 0.0295937 0.0039670 0.0033404 0.0577887 0.0000000 0.0031925 0.0314741 0.0596105 0.0219948 0.0000000 0.0072810 0.0041167 0.0354708
 59 L  59 0.1579330 0.1037992 0.0413131 0.0399602 0.0015821 0.1196371 0.1151310 0.0109446 0.0160459 0.0141879 0.0372716 0.1677983 0.0041838 0.0023964 0.0303095 0.0286979 0.0354830 0.0008718 0.0048813 0.0042023 0.0633702
 60 T  60 0.0363196 0.0125642 0.0379445 0.0446430 0.0037198 0.0155929 0.0718622 0.5551390 0.0000000 0.0321101 0.0583377 0.0194409 0.0022358 0.0028509 0.0022795 0.0105392 0.0047053 0.0000000 0.0016218 0.0187932 0.0693003
 61 H  61 0.0267278 0.1351794 0.0311671 0.0927251 0.0000000 0.0629146 0.0954931 0.0215299 0.0286796 0.0064963 0.0448473 0.1836418 0.0044353 0.0098023 0.0221644 0.1010790 0.0365490 0.0014013 0.0088112 0.0116419 0.0747136
 62 L  62 0.0089555 0.0039815 0.0015042 0.0016289 0.0019731 0.0000000 0.0080084 0.0000000 0.0000000 0.0490247 0.7529776 0.0000000 0.0373853 0.0200553 0.0071884 0.0049831 0.0026340 0.0239921 0.0043355 0.0085484 0.0628240
 63 D  63 0.0335322 0.0083815 0.1074709 0.4846261 0.0000000 0.0314179 0.0631999 0.0216946 0.0069724 0.0000000 0.0016682 0.0132509 0.0009995 0.0018049 0.0057049 0.0955753 0.0472784 0.0009688 0.0022358 0.0027422 0.0704756
 64 K  64 0.0327921 0.1125155 0.0048051 0.1451253 0.0000000 0.1502323 0.1771330 0.0072814 0.0095338 0.0000000 0.0649549 0.0667036 0.0045983 0.0046416 0.0377042 0.0361533 0.0635524 0.0102249 0.0060057 0.0000000 0.0660426
 65 L  65 0.0299852 0.2171692 0.0371182 0.0185455 0.0036617 0.0401864 0.0423122 0.0140734 0.0127154 0.0214452 0.0420334 0.1161321 0.0367366 0.0029346 0.0640801 0.0473888 0.1033807 0.0028966 0.0040824 0.0730170 0.0701054
 66 I  66 0.0257460 0.0084729 0.0083044 0.0194455 0.0012890 0.0098048 0.0405769 0.0012383 0.0060203 0.2697771 0.1822873 0.0094688 0.0209429 0.0139422 0.0000000 0.0103074 0.0214938 0.0000000 0.0116725 0.2665402 0.0726695
 67 T  67 0.0401995 0.0815586 0.0124582 0.0171515 0.0025617 0.0276678 0.0642437 0.0035053 0.0551981 0.0263302 0.0385484 0.0681380 0.0222465 0.0170070 0.0917032 0.0527538 0.2383952 0.0000000 0.0152502 0.0632477 0.0618355
 68 Y  68 0.0204688 0.0094253 0.0014795 0.0022130 0.0000000 0.0036550 0.0000000 0.0000000 0.0020347 0.2040495 0.1460024 0.0000000 0.0289514 0.0507498 0.0018110 0.0000000 0.0023396 0.0092096 0.2530161 0.2029428 0.0616516
 69 T  69 0.0353997 0.1136911 0.0399160 0.0507108 0.0000000 0.0194413 0.0742072 0.0546589 0.0153315 0.0082627 0.0074176 0.0985515 0.0073784 0.0000000 0.0407467 0.1137743 0.2419042 0.0000000 0.0048900 0.0092470 0.0644712
 70 S  70 0.1441609 0.0779142 0.0159557 0.0498569 0.0000000 0.0680014 0.1321243 0.0192551 0.0012654 0.0108660 0.0198652 0.1612923 0.0039560 0.0000000 0.1050043 0.0606524 0.0177182 0.0028343 0.0077998 0.0363155 0.0651621
 71 D  71 0.1655596 0.0412997 0.0377331 0.1845924 0.0000000 0.0304464 0.1531267 0.0300804 0.0152884 0.0036901 0.0016714 0.0788545 0.0013065 0.0051834 0.0022185 0.1369296 0.0198458 0.0000000 0.0144778 0.0123374 0.0653583
 72 D  72 0.0563130 0.0493752 0.0250494 0.4674452 0.0044816 0.0360533 0.0634076 0.0129252 0.0243321 0.0147262 0.0215796 0.0456980 0.0193996 0.0181092 0.0139812 0.0156425 0.0059269 0.0025468 0.0074535 0.0256974 0.0698566
 73 I  73 0.0342656 0.0642733 0.0049759 0.0033667 0.0012557 0.0056240 0.0101614 0.0101401 0.0142562 0.1207499 0.2661579 0.0556791 0.0251115 0.0197356 0.0316505 0.0205207 0.0606964 0.0407780 0.0427807 0.0919955 0.0758252
 74 R  74 0.0454610 0.0500886 0.0294197 0.0648528 0.0017851 0.0168094 0.0899666 0.0245302 0.0028925 0.0265348 0.0955167 0.0165928 0.0077583 0.0007065 0.0221309 0.0365913 0.0322009 0.0000000 0.0245706 0.3385942 0.0729973
 75 S  75 0.0592890 0.0144921 0.0374821 0.0925850 0.0012097 0.0051056 0.0729664 0.2244930 0.0030701 0.0042408 0.0054581 0.0164505 0.0170132 0.0238695 0.1077883 0.0688430 0.1239962 0.0058126 0.0166952 0.0248395 0.0742999
 76 I  76 0.0184461 0.0015749 0.0343699 0.0241141 0.0039308 0.0084404 0.0302235 0.3097742 0.0614074 0.0092429 0.0151507 0.0028541 0.0034932 0.0110720 0.0420539 0.0452363 0.0185600 0.0627278 0.1961290 0.0192921 0.0819065
 77 S  77 0.1576657 0.0042739 0.0284961 0.0214472 0.0135837 0.0237788 0.0037015 0.1508377 0.0026147 0.0030721 0.0017606 0.0075803 0.0038830 0.0092661 0.0000000 0.4001913 0.0628708 0.0083499 0.0084583 0.0037651 0.0844033
 78 P  78 0.0119139 0.0028437 0.0169606 0.0162221 0.0015224 0.0013698 0.0077001 0.3262508 0.0036309 0.0141923 0.0056825 0.0134806 0.0000000 0.0020879 0.3987041 0.0659504 0.0073702 0.0015706 0.0008319 0.0144768 0.0872385
 79 V  79 0.0374701 0.0230509 0.0083717 0.0085666 0.0107457 0.0033723 0.0164865 0.0258397 0.0011257 0.2359957 0.1500007 0.0135973 0.0403353 0.0143056 0.0024714 0.0184716 0.0480316 0.0018217 0.0026785 0.2578048 0.0794565
 80 A  80 0.1125635 0.0714921 0.0140558 0.0020081 0.0067867 0.0184024 0.0018693 0.0121787 0.0064684 0.0479561 0.1553243 0.0047590 0.0769392 0.0078163 0.0103513 0.0869556 0.2513360 0.0047169 0.0100660 0.0210519 0.0769024
 81 Q  81 0.0462839 0.0432734 0.0142050 0.0527480 0.0025795 0.1202397 0.1961857 0.0705578 0.0194182 0.0035436 0.0042802 0.1172998 0.0071303 0.0621577 0.0068180 0.0564107 0.0192270 0.0383365 0.0364769 0.0045409 0.0782872
 82 Q  82 0.0407252 0.0812572 0.0213605 0.0387709 0.0156858 0.0649221 0.0517991 0.0147211 0.0081083 0.0528562 0.1019110 0.2019805 0.0510696 0.0428636 0.0200682 0.0255912 0.0369568 0.0043085 0.0241677 0.0250236 0.0758527
 83 H  83 0.0681105 0.1062189 0.0461198 0.0345990 0.0000000 0.0207905 0.0379235 0.0179664 0.1872704 0.0034543 0.0695800 0.0417427 0.0148546 0.0483011 0.0464994 0.0468171 0.0166165 0.0080826 0.0964971 0.0109126 0.0776431
 84 V  84 0.0759322 0.0186910 0.0139369 0.1105021 0.0015032 0.0182585 0.0230649 0.0139512 0.0207535 0.0472347 0.0878197 0.0323813 0.0061306 0.0024980 0.1999503 0.0421147 0.0147014 0.0000000 0.0049007 0.1913556 0.0743195
 85 Q  85 0.0714108 0.0098777 0.0781371 0.1113961 0.0000000 0.0273771 0.0473112 0.4533175 0.0030011 0.0074884 0.0036910 0.0226218 0.0019084 0.0000000 0.0431730 0.0160493 0.0144973 0.0010278 0.0006833 0.0097420 0.0772891
 86 T  86 0.0737934 0.0687984 0.0224087 0.0755501 0.0000000 0.0393759 0.0440039 0.0988084 0.0188020 0.0298319 0.0250274 0.1129949 0.0055743 0.0039542 0.0159341 0.0777514 0.1595541 0.0032421 0.0022621 0.0547689 0.0675639
 87 G  87 0.0291443 0.0588682 0.0304929 0.0408835 0.0035995 0.0749588 0.1018277 0.2042273 0.0171788 0.0064457 0.0059689 0.0766245 0.0022653 0.0000000 0.0340235 0.0711867 0.1220545 0.0019526 0.0140005 0.0335306 0.0707663
 88 M  88 0.0173482 0.0058707 0.0000000 0.0024694 0.0016364 0.0019084 0.0079394 0.0037602 0.0039420 0.0858558 0.1832634 0.0029775 0.2357050 0.0879577 0.0146705 0.0067086 0.0153400 0.0188675 0.1299795 0.1040085 0.0697913
 89 T  89 0.0299385 0.0235763 0.0047379 0.0027834 0.0000000 0.0089409 0.0025784 0.0052143 0.0000000 0.0013034 0.0016820 0.0242217 0.0000000 0.0018766 0.0953381 0.2956329 0.4440485 0.0000000 0.0000000 0.0000000 0.0581270
 90 I  90 0.0484710 0.0119823 0.0027706 0.0014055 0.0000000 0.0034854 0.0029268 0.0083839 0.0019143 0.1476845 0.3335619 0.0000000 0.0063344 0.0164759 0.0018612 0.0042803 0.0150069 0.0165437 0.0259868 0.3001814 0.0507435
 91 G  91 0.1340052 0.2302157 0.0104143 0.0623326 0.0000000 0.0487333 0.0891771 0.0944010 0.0175231 0.0102550 0.0438054 0.0821478 0.0049902 0.0117337 0.0010496 0.0820177 0.0086921 0.0039315 0.0226535 0.0037174 0.0382036
 92 Q  92 0.0380117 0.0071464 0.0271202 0.2945439 0.0000000 0.0907514 0.3721851 0.0036881 0.0157212 0.0051299 0.0030873 0.0136128 0.0025401 0.0028714 0.0041837 0.0208649 0.0241833 0.0116281 0.0181462 0.0092916 0.0352927
 93 L  93 0.0720158 0.0020027 0.0029324 0.0000000 0.0048305 0.0055925 0.0000000 0.0000000 0.0038138 0.0433901 0.6989716 0.0000000 0.0252257 0.0024353 0.0000000 0.0009169 0.0218195 0.0042505 0.0028143 0.0807683 0.0282201
 94 C  94 0.2130589 0.0000000 0.0031920 0.0000000 0.1967151 0.0029206 0.0025087 0.0009393 0.0000000 0.1245907 0.3025307 0.0000000 0.0486709 0.0019923 0.0000000 0.0309906 0.0115329 0.0000000 0.0000000 0.0456254 0.0147319
 95 D  95 0.0940957 0.1060689 0.0331399 0.0869420 0.0012518 0.0529603 0.1701925 0.0090144 0.0427487 0.0124741 0.0181408 0.0699087 0.0142255 0.0127203 0.0000000 0.0409926 0.1368251 0.0048768 0.0461467 0.0342550 0.0130203
 96 A  96 0.3273103 0.0524892 0.0147333 0.0108463 0.0011578 0.0305991 0.0296062 0.0642281 0.0138258 0.0091920 0.2301049 0.0380014 0.0120988 0.0175857 0.0049639 0.0203724 0.0105699 0.0120300 0.0729400 0.0143246 0.0130203
 97 A  97 0.2368055 0.0000000 0.0000000 0.0000000 0.0000000 0.0000000 0.0000000 0.0026461 0.0000000 0.0311972 0.0306994 0.0000000 0.4328608 0.0000000 0.0021025 0.0789452 0.1295157 0.0000000 0.0000000 0.0445302 0.0106974
 98 I  98 0.0337552 0.0000000 0.0035603 0.0000000 0.0041305 0.0062142 0.0075530 0.0099849 0.0000000 0.4593317 0.1831924 0.0000000 0.1151190 0.0023435 0.0000000 0.0072785 0.0186000 0.0000000 0.0000000 0.1382396 0.0106974
 99 R  99 0.0591047 0.0972166 0.0053748 0.0060523 0.0090029 0.0973867 0.0446386 0.0185128 0.0042722 0.1344028 0.0496924 0.0219239 0.0146010 0.0000000 0.0000000 0.0916259 0.2337023 0.0000000 0.0014645 0.0949989 0.0160267
100 Y 100 0.0150307 0.0480038 0.0233728 0.0301817 0.0051747 0.1196661 0.0645676 0.0030869 0.0292022 0.0659360 0.0884811 0.0230031 0.0380206 0.0267596 0.0032631 0.0184581 0.0345006 0.0058758 0.1379930 0.2047784 0.0146441
101 S 101 0.0000000 0.0000000 0.0071763 0.0074151 0.0000000 0.0028541 0.0000000 0.0115566 0.0000000 0.0000000 0.0000000 0.0000000 0.0000000 0.0000000 0.0000000 0.9563563 0.0000000 0.0000000 0.0000000 0.0000000 0.0146416
102 D 102 0.0056417 0.0000000 0.0056665 0.8669855 0.0040577 0.0000000 0.0120446 0.0491363 0.0012754 0.0000000 0.0000000 0.0000000 0.0000000 0.0000000 0.0031978 0.0354344 0.0000000 0.0000000 0.0000000 0.0000000 0.0165601
103 G 103 0.0032462 0.0024820 0.9208386 0.0029634 0.0000000 0.0000000 0.0060519 0.0211604 0.0000000 0.0000000 0.0000000 0.0048119 0.0000000 0.0000000 0.0000000 0.0160405 0.0030158 0.0000000 0.0044824 0.0000000 0.0149070
104 T 104 0.0767867 0.0103463 0.0605213 0.0861383 0.0070625 0.0043540 0.0333524 0.0182394 0.0012105 0.0320868 0.0393144 0.0000000 0.0010111 0.0096190 0.0103169 0.0511429 0.4514763 0.0016572 0.0056960 0.0847611 0.0149070
105 A 105 0.8677567 0.0000000 0.0000000 0.0000000 0.0367964 0.0000000 0.0000000 0.0301803 0.0000000 0.0000000 0.0012215 0.0000000 0.0000000 0.0010443 0.0022795 0.0278267 0.0159850 0.0000000 0.0000000 0.0020027 0.0149070
106 A 106 0.3487220 0.0016899 0.0231514 0.0006901 0.0623971 0.0065497 0.0000000 0.0537016 0.0108065 0.0058301 0.0099089 0.0045921 0.0173905 0.0063519 0.0036910 0.0798483 0.3206030 0.0019084 0.0073550 0.0199055 0.0149070
107 N 107 0.0075557 0.0141355 0.6480684 0.1927308 0.0000000 0.0025468 0.0057124 0.0062428 0.0049740 0.0109829 0.0112158 0.0140103 0.0015180 0.0000000 0.0000000 0.0146863 0.0143614 0.0000000 0.0109702 0.0266233 0.0136653
108 L 108 0.1091145 0.0142771 0.0040976 0.0034506 0.0015865 0.0210718 0.0279960 0.0069236 0.0011838 0.1586847 0.3216004 0.0367325 0.1289144 0.0090351 0.0000000 0.0073167 0.0389209 0.0209152 0.0034382 0.0748352 0.0099051
109 L 109 0.0128758 0.0000000 0.0031945 0.0000000 0.0197165 0.0008648 0.0000000 0.0000000 0.0000000 0.0961341 0.7136878 0.0000000 0.0471879 0.0051632 0.0016531 0.0010174 0.0000000 0.0036910 0.0000000 0.0834434 0.0113705
110 L 110 0.0689958 0.0031868 0.0000000 0.0000000 0.0025468 0.0147405 0.0016899 0.0183726 0.0016714 0.2852220 0.3385279 0.0000000 0.0511087 0.1032646 0.0000000 0.0051567 0.0071765 0.0081535 0.0094012 0.0419070 0.0388780
111 A 111 0.0860089 0.2004563 0.0436546 0.2002459 0.0000000 0.0291163 0.1570704 0.0307656 0.0178589 0.0000000 0.0017134 0.0914886 0.0021336 0.0020216 0.0082936 0.0350462 0.0335976 0.0041736 0.0082265 0.0024120 0.0457164
112 D 112 0.0556105 0.1852811 0.0111446 0.0224190 0.0022425 0.0674515 0.0690597 0.0117304 0.0606245 0.0306356 0.1664464 0.0426052 0.0283208 0.0260080 0.0008671 0.0304059 0.0469616 0.0080095 0.0522736 0.0361311 0.0457713
113 L 113 0.0585622 0.0000000 0.0000000 0.0021336 0.0051803 0.0108327 0.0017035 0.0020216 0.0009690 0.1714261 0.3701840 0.0000000 0.0171729 0.0388858 0.0000000 0.0042120 0.0116616 0.0000000 0.0151514 0.2312518 0.0586514
114 G 114 0.0021899 0.0000000 0.0045812 0.0086942 0.0000000 0.0000000 0.0019830 0.8509975 0.0020286 0.0016749 0.0022795 0.0000000 0.0024820 0.0000000 0.0103774 0.0040953 0.0042996 0.0010964 0.0000000 0.0006769 0.1025436
115 G 115 0.0011958 0.0022358 0.0078008 0.0316349 0.0000000 0.0014077 0.0042959 0.5719085 0.0000000 0.0054048 0.0250555 0.0000000 0.0018506 0.0057629 0.0090636 0.0349619 0.0074072 0.0000000 0.0020406 0.0047743 0.2831994
116 P 116 0.0143164 0.0080437 0.0041634 0.0113739 0.0015577 0.0035872 0.0376933 0.0319362 0.0078679 0.0049011 0.0144825 0.0127085 0.0043801 0.0117433 0.3635522 0.0087443 0.0244713 0.0037364 0.0338060 0.0184819 0.3784529
117 G 117 0.0753560 0.0217620 0.0273880 0.0460245 0.0000000 0.0397012 0.0668447 0.0245858 0.0070563 0.0040907 0.0062888 0.0319093 0.0000000 0.0029493 0.0273558 0.0520552 0.0219794 0.0000000 0.0258949 0.0112998 0.5074582
118 G 118 0.0772792 0.0102794 0.0097910 0.0095310 0.0000000 0.0158308 0.0157368 0.1149911 0.0015702 0.0189716 0.0065034 0.0062792 0.0047285 0.0080928 0.0056412 0.0145568 0.0462487 0.0017859 0.0042968 0.0687782 0.5591074
119 G 119 0.0451359 0.0026215 0.0176435 0.0134822 0.0053421 0.0046711 0.0000000 0.0426060 0.0050932 0.0151852 0.0834172 0.0053011 0.0041109 0.0796986 0.0167101 0.0102162 0.0362908 0.0000000 0.0055257 0.0764131 0.5305357
120 T 120 0.0973562 0.0322093 0.0591071 0.0262274 0.0000000 0.0195174 0.0293177 0.0134960 0.0067723 0.0545018 0.0814633 0.0409001 0.0752278 0.0204804 0.0239415 0.0007799 0.0782926 0.0077995 0.0079631 0.0542131 0.2704336
121 A 121 0.2080937 0.0193239 0.0109829 0.1605593 0.0000000 0.1094161 0.1655829 0.0279960 0.0015356 0.0032195 0.0100291 0.0814300 0.0000000 0.0052600 0.0000000 0.0261614 0.0266617 0.0000000 0.0000000 0.0076346 0.1361132
122 A 122 0.2711463 0.0472100 0.0730753 0.0091186 0.0018351 0.0182389 0.0778515 0.0138032 0.0125308 0.0073725 0.0314871 0.0825423 0.0306249 0.0049080 0.0041623 0.0560762 0.0593501 0.0119913 0.0205398 0.0288169 0.1373190
123 F 123 0.0261513 0.0095479 0.0037127 0.0201339 0.0000000 0.0056185 0.0079989 0.0022088 0.0030077 0.1654932 0.1382067 0.0000000 0.0964307 0.0492338 0.0021224 0.0029789 0.0127910 0.0017050 0.0075894 0.2881441 0.1569251
124 T 124 0.0446662 0.0459118 0.3199275 0.0367243 0.0000000 0.0666770 0.0340804 0.0074459 0.0159538 0.0064384 0.0133101 0.0371488 0.0035647 0.0009910 0.0034831 0.0213335 0.1998853 0.0036999 0.0058529 0.0079886 0.1249168
125 G 125 0.2172803 0.0932193 0.0289867 0.0668380 0.0027833 0.1026256 0.0745724 0.0280109 0.0188738 0.0032606 0.0260517 0.0759943 0.0072468 0.0104615 0.0097243 0.0562986 0.0355099 0.0000000 0.0000000 0.0139901 0.1282716
126 Y 126 0.0059658 0.0715608 0.0061709 0.0230044 0.0135365 0.0139007 0.0299696 0.0223991 0.0183227 0.0243472 0.0514562 0.0292648 0.0117950 0.2484906 0.0013279 0.0062864 0.0587685 0.0722795 0.1817053 0.0253118 0.0841362
127 L 127 0.2088302 0.0068040 0.0000000 0.0027268 0.0450495 0.0156576 0.0016028 0.0072500 0.0013578 0.1111600 0.2848221 0.0042904 0.1005930 0.0503610 0.0059301 0.0077594 0.0149334 0.0132742 0.0109603 0.0454101 0.0612275
128 R 128 0.0825892 0.3739259 0.0136597 0.0304937 0.0018351 0.0891814 0.0498563 0.0199153 0.0468605 0.0079684 0.0158695 0.1293752 0.0000000 0.0017353 0.0039898 0.0315524 0.0241279 0.0000000 0.0104606 0.0103291 0.0562748
129 S 129 0.1181132 0.0927583 0.0250794 0.0612654 0.0000000 0.0606262 0.1388146 0.0815350 0.0071836 0.0029760 0.0159899 0.0668604 0.0046600 0.0008735 0.0016364 0.2132621 0.0567688 0.0025594 0.0000000 0.0017367 0.0473011
130 L 130 0.0294771 0.0306123 0.0271748 0.0000000 0.0008699 0.0224763 0.0084117 0.0030245 0.0224818 0.1692132 0.4293751 0.0310704 0.0627417 0.0124640 0.0000000 0.0198660 0.0195602 0.0318912 0.0134721 0.0168570 0.0489607
131 G 131 0.0061897 0.0080008 0.0116058 0.0209809 0.0000000 0.0149438 0.0033305 0.8194645 0.0128155 0.0000000 0.0000000 0.0160100 0.0013301 0.0000000 0.0085354 0.0124672 0.0097545 0.0014506 0.0068862 0.0018615 0.0443732
132 D 132 0.0526415 0.0118569 0.0082443 0.2719563 0.0189202 0.0011070 0.0057608 0.0251490 0.0000000 0.0908671 0.2090266 0.0000000 0.0808678 0.0715055 0.0037620 0.0081400 0.0057282 0.0091324 0.0505284 0.0308843 0.0439218
133 T 133 0.0654341 0.0631075 0.0563224 0.0551922 0.0010901 0.0385699 0.0890668 0.0241691 0.0493332 0.0058148 0.0159830 0.1345804 0.0060019 0.0012096 0.0408215 0.0917686 0.1798322 0.0000000 0.0146194 0.0146876 0.0523958
134 V 134 0.0559632 0.0371193 0.1029766 0.1479025 0.0013676 0.0412656 0.0553165 0.0803169 0.0489149 0.0171460 0.0094067 0.0389271 0.0033519 0.0080621 0.0014413 0.0640221 0.0829151 0.0043806 0.0065442 0.1384877 0.0541722
135 S 135 0.0095035 0.0000000 0.0000000 0.0015830 0.0048016 0.0056837 0.0037114 0.0021320 0.0000000 0.0773000 0.0144586 0.0073743 0.0177344 0.1048397 0.0030447 0.0711483 0.5839674 0.0020460 0.0041460 0.0249795 0.0615458
136 R 136 0.0528379 0.3462052 0.0392895 0.0208119 0.0039179 0.0677314 0.0325906 0.0127575 0.0739961 0.0143677 0.0111599 0.0601794 0.0133813 0.0154505 0.0024510 0.0478971 0.0297406 0.0021390 0.0060602 0.0707782 0.0762574
137 L 137 0.0450356 0.0016065 0.0007184 0.0037519 0.0018809 0.0033866 0.0032351 0.0049197 0.0074856 0.1367068 0.3887496 0.0011688 0.0385973 0.0692086 0.0257574 0.0214543 0.0080517 0.0047815 0.0111386 0.1321605 0.0902045
138 D 138 0.0525070 0.0828553 0.0833192 0.2824218 0.0010811 0.0655240 0.0712767 0.0557716 0.0210642 0.0159775 0.0228847 0.0222589 0.0039936 0.0000000 0.0067760 0.0229983 0.0275832 0.0000000 0.0117938 0.0561060 0.0938072
139 A 139 0.0518703 0.4694440 0.0719344 0.0184284 0.0030968 0.0048451 0.0193971 0.0307116 0.0457069 0.0012974 0.0051654 0.0134753 0.0048969 0.0091691 0.0264464 0.0436874 0.0193169 0.0092984 0.0195198 0.0066252 0.1256671
140 E 140 0.0170734 0.0618538 0.0450288 0.0232358 0.0024203 0.0171783 0.0277138 0.0493268 0.0154410 0.0381962 0.0549539 0.0989327 0.0200751 0.0340756 0.0624300 0.0235770 0.0976022 0.0883285 0.0584942 0.0200985 0.1439642
141 E 141 0.0204102 0.0129475 0.0114501 0.0102545 0.0043454 0.0119101 0.3638141 0.0262273 0.0151243 0.0355082 0.0952904 0.0173401 0.0840034 0.0193394 0.0242905 0.0292327 0.0532758 0.0000000 0.0104830 0.0271103 0.1276427
142 P 142 0.0524805 0.0649671 0.0068724 0.0241880 0.0031923 0.0141307 0.0563642 0.0637496 0.0158508 0.0100666 0.0459803 0.0170746 0.1069510 0.0107827 0.2765782 0.0088542 0.0617005 0.0045602 0.0121708 0.0107611 0.1327241
143 E 143 0.0651483 0.0282210 0.0110868 0.2307827 0.0000000 0.0301182 0.1743418 0.0442165 0.0169724 0.0207110 0.0542634 0.0183407 0.0220147 0.0140480 0.0252799 0.0262470 0.0384250 0.0236369 0.0174061 0.0141763 0.1245632
144 L 144 0.0501128 0.0258486 0.0035504 0.0388489 0.0084866 0.0155457 0.0128165 0.0036552 0.0000000 0.0245148 0.3773357 0.0037676 0.1172176 0.0406641 0.0285287 0.0408585 0.0318874 0.0018351 0.0122338 0.0195360 0.1427560
145 N 145 0.0675354 0.0146361 0.3446083 0.0218920 0.0032462 0.0247872 0.0572585 0.0423268 0.0634177 0.0110052 0.0256986 0.0208275 0.0022988 0.0140440 0.0233049 0.0494523 0.0273644 0.0000000 0.0114224 0.0249456 0.1499283
146 R 146 0.1525052 0.1021411 0.0066280 0.0532085 0.0000000 0.0423260 0.1681569 0.0144861 0.0070695 0.0075089 0.0322613 0.0345895 0.0046180 0.0034490 0.0496524 0.0768370 0.0649997 0.0000000 0.0315605 0.0090126 0.1389898
147 D 147 0.2920182 0.0236626 0.0559235 0.1134424 0.0047110 0.0126291 0.0103729 0.0485363 0.0015814 0.0116901 0.0281884 0.0293118 0.0009699 0.0251038 0.0113892 0.0408562 0.0617470 0.0131815 0.0116513 0.0721573 0.1308760
148 P 148 0.0849602 0.0495529 0.0156315 0.0346641 0.0000000 0.0256149 0.0442378 0.0539388 0.0339766 0.0796717 0.0759806 0.0540795 0.0086818 0.0346763 0.0783126 0.0389115 0.0541112 0.0389991 0.0357196 0.0387801 0.1194991
149 P 149 0.1051795 0.0221496 0.0255783 0.1040045 0.0000000 0.0356002 0.0719202 0.0150925 0.0056295 0.0041530 0.0591767 0.0679896 0.0084427 0.0005950 0.2575325 0.0319200 0.0164455 0.0094577 0.0273091 0.0077725 0.1240514
150 G 150 0.0669531 0.0315222 0.0507872 0.0651736 0.0000000 0.0060970 0.0189181 0.3455386 0.0125767 0.0192179 0.0403734 0.0451170 0.0025087 0.0109277 0.0619238 0.0242623 0.0192999 0.0151389 0.0066702 0.0339219 0.1230719
151 D 151 0.0379398 0.0713839 0.0192666 0.2866333 0.0102230 0.0459641 0.0717238 0.0786030 0.0122448 0.0284024 0.0214243 0.0330994 0.0128311 0.0095426 0.0134002 0.0405746 0.0348705 0.0231738 0.0319270 0.0117994 0.1049724
152 E 152 0.0305864 0.0236605 0.0152042 0.0599955 0.0000000 0.0050482 0.1016513 0.1546683 0.0149578 0.0251386 0.0574621 0.0571196 0.0090296 0.0229075 0.1598895 0.0059938 0.0415093 0.0000000 0.0835865 0.0346621 0.0969293
153 R 153 0.0276610 0.3133297 0.0378707 0.0539231 0.0024794 0.0375720 0.0657683 0.0165047 0.0209948 0.0101653 0.0520032 0.0364566 0.0094647 0.0055702 0.0117214 0.0419444 0.0882512 0.0144234 0.0107754 0.0155536 0.1275667
154 D 154 0.0094902 0.0092550 0.4282462 0.3155599 0.0022396 0.0017559 0.0000000 0.0276841 0.0323573 0.0000000 0.0036906 0.0011865 0.0000000 0.0020002 0.0027495 0.0473658 0.0403612 0.0000000 0.0043641 0.0018217 0.0698721
155 T 155 0.0315823 0.0419575 0.0026282 0.0044823 0.0012123 0.0382682 0.0167296 0.0201978 0.0155783 0.0247201 0.0402579 0.0304207 0.0183139 0.0159420 0.0032293 0.0545864 0.3771374 0.0593033 0.1116122 0.0495260 0.0423144
156 T 156 0.0954327 0.0000000 0.0020917 0.0000000 0.0069179 0.0000000 0.0000000 0.0417128 0.0015545 0.0475070 0.0182196 0.0000000 0.0051225 0.0095397 0.0000000 0.1947396 0.5350138 0.0000000 0.0000000 0.0272685 0.0148795
157 T 157 0.0105197 0.0053735 0.0066352 0.0063679 0.0205123 0.0016028 0.0057689 0.0031508 0.0013772 0.0012974 0.0029141 0.0019398 0.0057909 0.0017851 0.0025600 0.3055922 0.5986347 0.0000000 0.0032984 0.0026989 0.0121802
158 P 158 0.3018651 0.0000000 0.0017074 0.0000000 0.0000000 0.0000000 0.0000000 0.0051591 0.0000000 0.0029010 0.0194990 0.0036682 0.0103822 0.0000000 0.5514433 0.0224378 0.0131735 0.0000000 0.0000000 0.0567136 0.0110499
159 H 159 0.1475955 0.2768424 0.0548310 0.0404000 0.0016558 0.0200365 0.0562116 0.0176197 0.0377159 0.0122398 0.0706914 0.1063946 0.0118256 0.0025117 0.0060444 0.0491891 0.0177932 0.0027015 0.0295820 0.0285458 0.0095725
160 A 160 0.3485043 0.0040186 0.0040033 0.3724164 0.0000000 0.0143755 0.1244081 0.0452165 0.0022657 0.0052680 0.0023713 0.0011068 0.0148265 0.0000000 0.0010779 0.0309655 0.0166507 0.0000000 0.0000000 0.0017559 0.0107689
161 I 161 0.1017287 0.0000000 0.0000000 0.0000000 0.0340507 0.0418505 0.0085172 0.0021988 0.0015545 0.0900481 0.2097764 0.0013254 0.3563123 0.0258414 0.0000000 0.0126441 0.0259750 0.0048001 0.0269140 0.0435783 0.0128846
162 A 162 0.4209514 0.0036770 0.0206734 0.0013154 0.0046983 0.0074297 0.0068014 0.1373904 0.0066819 0.0247794 0.0579906 0.0010539 0.0128269 0.0065687 0.0000000 0.0491877 0.0758087 0.0000000 0.0052562 0.1476928 0.0092164
163 L 163 0.0962466 0.1822786 0.0520984 0.0502507 0.0000000 0.0710416 0.0578726 0.0388143 0.0263500 0.0227869 0.0657198 0.1132008 0.0180422 0.0128548 0.0000000 0.0487882 0.0987715 0.0018381 0.0048605 0.0289681 0.0092164
164 V 164 0.0379829 0.0000000 0.0247862 0.0447583 0.0037506 0.0029532 0.0017851 0.0199328 0.0025685 0.0792673 0.4101262 0.0000000 0.0316325 0.0586695 0.0012752 0.0650796 0.1147930 0.0043530 0.0249078 0.0612571 0.0101213
165 L 165 0.0278846 0.0018110 0.0000000 0.0000000 0.0029633 0.0000000 0.0000000 0.0021297 0.0077732 0.0464529 0.6118603 0.0000000 0.0996942 0.0769892 0.0015545 0.0063469 0.0047665 0.0228382 0.0388063 0.0341871 0.0139421
166 Q 166 0.1255394 0.2068771 0.0423177 0.0239033 0.0050740 0.1136305 0.1606970 0.0321697 0.0183190 0.0093609 0.0209114 0.0949944 0.0041260 0.0032941 0.0000000 0.0309718 0.0553582 0.0009300 0.0129640 0.0232788 0.0152826
167 Q 167 0.2297896 0.1508740 0.0333905 0.0199323 0.0011704 0.0478265 0.0496459 0.0155061 0.0292205 0.0160556 0.0962260 0.1734037 0.0259981 0.0000000 0.0000000 0.0273519 0.0397415 0.0044917 0.0067674 0.0161351 0.0164731
168 L 168 0.0383067 0.0000000 0.0000000 0.0000000 0.0025645 0.0000000 0.0000000 0.0000000 0.0030562 0.2480163 0.4573778 0.0000000 0.0206970 0.0729135 0.0000000 0.0000000 0.0068528 0.0000000 0.0160660 0.1111859 0.0229632
169 V 169 0.1072756 0.0283588 0.0245961 0.0354300 0.0081333 0.0145321 0.0303525 0.0098460 0.0295560 0.0496550 0.1289826 0.0119888 0.0224436 0.0360237 0.0034641 0.0192998 0.0579651 0.0719480 0.1983858 0.0927245 0.0190386
170 L 170 0.0397279 0.1238239 0.0846213 0.0526200 0.0084802 0.0897525 0.0647916 0.0070329 0.0097407 0.0142124 0.1762296 0.0766198 0.0039678 0.0258295 0.0047257 0.0378348 0.0968322 0.0037186 0.0322026 0.0234214 0.0238148
171 G 171 0.0213002 0.0359213 0.0523301 0.0934049 0.0124195 0.0383608 0.0491995 0.4966850 0.0301160 0.0010999 0.0087907 0.0384594 0.0000000 0.0179873 0.0225065 0.0331949 0.0025843 0.0000000 0.0149224 0.0033953 0.0273221
172 N 172 0.0376878 0.0686358 0.1045523 0.1684520 0.0032985 0.0475352 0.1779438 0.0377435 0.0135155 0.0020934 0.0035289 0.1051289 0.0041522 0.0097265 0.0491833 0.0707266 0.0534809 0.0000000 0.0090378 0.0045576 0.0290194
173 A 173 0.1971143 0.0226930 0.0123031 0.0250884 0.0237789 0.0091094 0.0081078 0.0555592 0.0068718 0.0658758 0.2043781 0.0221354 0.0241973 0.0244947 0.0265789 0.0136387 0.0442989 0.0083023 0.0159516 0.1419409 0.0475814
174 L 174 0.0490042 0.0078822 0.0136848 0.0037002 0.0045114 0.0045650 0.0088995 0.0281804 0.0012815 0.0766915 0.5314360 0.0132593 0.0143334 0.0417342 0.0028512 0.0084000 0.0052663 0.0060947 0.0014597 0.0969766 0.0797878
175 P 175 0.0574368 0.0254286 0.0601311 0.0708582 0.0007912 0.0206483 0.0175687 0.0688346 0.0523157 0.0027286 0.0030951 0.0368179 0.0006800 0.0000000 0.0775107 0.3509890 0.0806603 0.0000000 0.0000000 0.0016938 0.0718115
176 P 176 0.1286060 0.0348598 0.0193880 0.0500939 0.0000000 0.0307622 0.1128764 0.0252408 0.0099972 0.0098651 0.0222181 0.0830463 0.0072272 0.0000000 0.2848278 0.0465019 0.0298784 0.0000000 0.0303529 0.0104697 0.0637882
177 D 177 0.1594044 0.0626032 0.0150479 0.0988532 0.0000000 0.0439067 0.2186925 0.0263058 0.0061820 0.0095953 0.0119416 0.0591335 0.0018168 0.0067984 0.0711776 0.0689219 0.0554647 0.0054987 0.0189630 0.0131376 0.0465554
178 K 178 0.1151310 0.0156024 0.0309273 0.0459871 0.0011764 0.0716651 0.0396071 0.0310803 0.0360163 0.0252628 0.0376913 0.0503776 0.0153883 0.0104386 0.0099630 0.2885786 0.0291664 0.0121283 0.0639160 0.0247911 0.0451051
179 R 179 0.0473559 0.3347421 0.0174364 0.0455684 0.0818869 0.0534654 0.0028411 0.0243519 0.0101747 0.0020667 0.0039303 0.0548816 0.0017438 0.0043009 0.0040287 0.1053394 0.1088223 0.0027412 0.0473521 0.0017749 0.0451952
180 A 180 0.2429619 0.0597390 0.0250447 0.1422672 0.0000000 0.1035037 0.1451480 0.0358084 0.0096497 0.0067489 0.0125189 0.0518533 0.0032344 0.0011934 0.0037429 0.0463987 0.0442003 0.0021269 0.0030587 0.0149338 0.0458668
