   88         A         R         N         D         C         Q         E         G         H         I         L         K         M         F         P         S         T         W         Y         V    
  1 M   1 0.0000000 0.0000000 0.0000000 0.0000000 0.0000000 0.0000000 0.0000000 0.0000000 0.0000000 0.0332016 0.0625647 0.0000000 0.8086845 0.0000000 0.0000000 0.0000000 0.0000000 0.0000000 0.0000000 0.0955491
  2 A   2 0.1272054 0.0487767 0.1264667 0.0669335 0.0000000 0.0260524 0.0177532 0.0057838 0.0455013 0.0000000 0.0109357 0.0872716 0.0000000 0.0000000 0.0799880 0.2363020 0.1073125 0.0000000 0.0000000 0.0137171
  3 P   3 0.0481310 0.0589262 0.0032389 0.0265806 0.0000000 0.0201718 0.1032281 0.1299588 0.0000000 0.0000000 0.0068328 0.3488789 0.0000000 0.0246996 0.1196038 0.0242572 0.0635770 0.0000000 0.0219153 0.0000000
  4 V   4 0.0652824 0.0154892 0.0090389 0.0000000 0.0000000 0.0000000 0.0000000 0.0086562 0.0222430 0.0587178 0.0494362 0.0000000 0.0558600 0.0063650 0.4130357 0.0033182 0.0102620 0.0000000 0.0082339 0.2740614
  5 Q   5 0.0396708 0.3214610 0.0591358 0.0071665 0.0059074 0.0567142 0.0571109 0.0000000 0.0584012 0.0092011 0.0262836 0.2199974 0.0075499 0.0000000 0.0303516 0.0143873 0.0577130 0.0000000 0.0000000 0.0289483
  6 V   6 0.0000000 0.0000000 0.0000000 0.0000000 0.0000000 0.0000000 0.0000000 0.0000000 0.0000000 0.4194985 0.0641048 0.0000000 0.0187061 0.0000000 0.0000000 0.0000000 0.0000000 0.0000000 0.0000000 0.4976907
  7 H   7 0.0387898 0.0995671 0.0322861 0.0557859 0.0000000 0.0065597 0.1569516 0.0150788 0.0718690 0.0688332 0.0084874 0.0549129 0.0138465 0.0131518 0.0000000 0.0965864 0.1802958 0.0000000 0.0000000 0.0869982
  8 V   8 0.0130667 0.0000000 0.0000000 0.0000000 0.0000000 0.0000000 0.0000000 0.0000000 0.0000000 0.7202921 0.0070826 0.0000000 0.0000000 0.0148620 0.0000000 0.0000000 0.0000000 0.0000000 0.0000000 0.2446966
  9 L   9 0.0034248 0.0424567 0.0107647 0.0000000 0.0019525 0.0807794 0.3783500 0.0000000 0.0474619 0.0213656 0.0356838 0.0512209 0.0242657 0.0022567 0.0000000 0.0073731 0.1252469 0.0000000 0.0322002 0.1351972
 10 Y  10 0.0000000 0.0000000 0.0000000 0.0000000 0.0000000 0.0000000 0.0000000 0.0000000 0.0000000 0.0000000 0.0000000 0.0000000 0.0147838 0.1465125 0.0000000 0.0000000 0.0000000 0.0000000 0.8387037 0.0000000
 11 C  11 0.0000000 0.0000000 0.0149337 0.0000000 0.9623494 0.0000000 0.0000000 0.0000000 0.0000000 0.0000000 0.0000000 0.0000000 0.0000000 0.0000000 0.0000000 0.0227169 0.0000000 0.0000000 0.0000000 0.0000000
 12 G  12 0.0345511 0.0564611 0.0201915 0.0503891 0.0000000 0.0173229 0.0476021 0.2173108 0.0229729 0.0145905 0.0149602 0.0062154 0.0031173 0.0000000 0.0473252 0.0495615 0.3298579 0.0000000 0.0000000 0.0675707
 13 G  13 0.0662100 0.0769651 0.0086675 0.0218911 0.0000000 0.2868853 0.0078705 0.1548775 0.0000000 0.0060121 0.0496776 0.1063734 0.0052261 0.0000000 0.1212729 0.0156957 0.0556101 0.0000000 0.0000000 0.0167651
 14 C  14 0.0000000 0.0190933 0.0000000 0.0000000 0.9312516 0.0000000 0.0000000 0.0220928 0.0000000 0.0000000 0.0000000 0.0000000 0.0000000 0.0000000 0.0137703 0.0137920 0.0000000 0.0000000 0.0000000 0.0000000
 15 G  15 0.0000000 0.1664887 0.1759627 0.0000000 0.0000000 0.0391237 0.0107293 0.3573382 0.0048280 0.0107124 0.0047639 0.1562143 0.0091209 0.0000000 0.0000000 0.0647179 0.0000000 0.0000000 0.0000000 0.0000000
 16 Y  16 0.0000000 0.0029983 0.0000000 0.0000000 0.0000000 0.0090841 0.0000000 0.0000000 0.0094818 0.0000000 0.0065394 0.0000000 0.0111274 0.1281223 0.0000000 0.0393716 0.0000000 0.4799471 0.3133279 0.0000000
 17 G  17 0.0256256 0.0575310 0.0236506 0.0000000 0.0000000 0.0325745 0.0671769 0.0417995 0.0086965 0.0070734 0.3170687 0.0899443 0.1492860 0.0363719 0.0036869 0.0726567 0.0263192 0.0000000 0.0220069 0.0185316
 18 S  18 0.0321124 0.0256421 0.0506304 0.0545164 0.0000000 0.0000000 0.0141305 0.0263991 0.0317605 0.0022830 0.4241178 0.0464097 0.0162620 0.0000000 0.2182022 0.0377407 0.0197931 0.0000000 0.0000000 0.0000000
 19 R  19 0.0116475 0.6721700 0.0000000 0.0000000 0.0000000 0.0769188 0.0000000 0.0048592 0.0032693 0.0088598 0.0087989 0.0970694 0.0030172 0.0224387 0.0136072 0.0085648 0.0339271 0.0000000 0.0348521 0.0000000
 20 Y  20 0.5433714 0.0000000 0.0000000 0.0000000 0.0410826 0.0000000 0.0000000 0.0202511 0.0121001 0.0047274 0.0000000 0.0000000 0.0056965 0.0910525 0.0000000 0.0898858 0.0092597 0.0000000 0.1656248 0.0169482
 21 R  21 0.2866245 0.0352570 0.0373491 0.0215129 0.0000000 0.0509078 0.0516452 0.0610483 0.0081377 0.0814591 0.1594804 0.0246115 0.0065153 0.0135444 0.0000000 0.0475155 0.0688879 0.0000000 0.0000000 0.0455034
 22 S  22 0.0112200 0.0514506 0.0160326 0.0256924 0.0000000 0.0673519 0.1762072 0.0355699 0.0130314 0.0045133 0.0565168 0.0107257 0.0086310 0.0066338 0.0000000 0.0277098 0.0035177 0.3920355 0.0931603 0.0000000
 23 L  23 0.0223389 0.0000000 0.0000000 0.0000000 0.0084265 0.0000000 0.0000000 0.0000000 0.0000000 0.0660340 0.4155695 0.0000000 0.1818172 0.0876821 0.0000000 0.0000000 0.0256957 0.0000000 0.1183416 0.0740945
 24 E  24 0.5202613 0.0580998 0.0000000 0.0000000 0.0019909 0.1096992 0.0367655 0.0138903 0.0000000 0.0000000 0.0302741 0.1207257 0.0083256 0.0000000 0.0000000 0.0536438 0.0251510 0.0049100 0.0000000 0.0162627
 25 N  25 0.0365814 0.0817724 0.0210870 0.0313606 0.0000000 0.5168954 0.0740390 0.0098093 0.0124293 0.0153507 0.0000000 0.0641021 0.0000000 0.0000000 0.0089241 0.0614770 0.0661716 0.0000000 0.0000000 0.0000000
 26 A  26 0.1171731 0.0169306 0.0071782 0.0304865 0.0000000 0.0253991 0.5415061 0.0000000 0.0054528 0.0023093 0.0447300 0.0613806 0.0174841 0.0253620 0.0000000 0.0219596 0.0269586 0.0000000 0.0189292 0.0367602
 27 I  27 0.0000000 0.0000000 0.0000000 0.0000000 0.0069745 0.0000000 0.0000000 0.0000000 0.0000000 0.1882632 0.6674008 0.0000000 0.0071294 0.0130819 0.0000000 0.0151790 0.0088648 0.0000000 0.0000000 0.0931064
 28 R  28 0.0082233 0.0283956 0.0088395 0.0078764 0.0065020 0.0192162 0.1614929 0.0000000 0.0000000 0.0210431 0.5279273 0.1046213 0.0154084 0.0336121 0.0000000 0.0331724 0.0047892 0.0048590 0.0000000 0.0140211
 29 M  29 0.0752360 0.0245436 0.0622538 0.0718714 0.0000000 0.1522579 0.0679418 0.0311432 0.0610386 0.0047312 0.0224898 0.0499962 0.0152498 0.0000000 0.0057772 0.2124362 0.1356124 0.0000000 0.0016433 0.0057776
 30 K  30 0.0546731 0.0365944 0.0233521 0.0060024 0.0000000 0.0626414 0.1228633 0.0163217 0.0426084 0.0075280 0.0099831 0.0662095 0.0000000 0.0000000 0.0000000 0.0363033 0.4709128 0.0000000 0.0269379 0.0170685
 31 F  31 0.0159232 0.0000000 0.0034114 0.0000000 0.0224699 0.0000000 0.0086545 0.0121204 0.0198765 0.0196442 0.0253186 0.0000000 0.0000000 0.7551764 0.0091470 0.0053944 0.0000000 0.0000000 0.0732924 0.0295713
 32 P  32 0.0710122 0.0191751 0.0057982 0.0628263 0.0000000 0.0313357 0.0799865 0.1881221 0.0132943 0.0025557 0.0048578 0.0070851 0.0000000 0.0000000 0.3416259 0.1282670 0.0348771 0.0000000 0.0000000 0.0091809
 33 N  33 0.0297603 0.0296077 0.1314162 0.2243301 0.0000000 0.0632278 0.1343249 0.1343114 0.0070110 0.0000000 0.0129436 0.0207168 0.0000000 0.0000000 0.0198900 0.0411875 0.1405133 0.0000000 0.0090438 0.0017158
 34 A  34 0.1587454 0.0439865 0.0241254 0.1921527 0.0290441 0.0495098 0.1650945 0.0210631 0.0052037 0.0298437 0.0369488 0.0300185 0.0040952 0.0000000 0.0330965 0.0678235 0.0186700 0.0000000 0.0000000 0.0905785
 35 D  35 0.0178169 0.0182865 0.0262395 0.0699900 0.0000000 0.0469656 0.0819887 0.0000000 0.0000000 0.1841892 0.3717382 0.0747162 0.0096312 0.0033888 0.0000000 0.0282104 0.0248950 0.0000000 0.0143444 0.0275994
 36 I  36 0.0976650 0.0048145 0.0174809 0.0494007 0.0084635 0.0155503 0.0369365 0.2276839 0.0057915 0.1188182 0.1055488 0.0189456 0.0133784 0.0088217 0.0034388 0.0217426 0.0177622 0.0000000 0.0158742 0.2118829
 37 K  37 0.0487526 0.0130772 0.0279200 0.1057788 0.0018384 0.0180887 0.3887313 0.0456577 0.0000000 0.0000000 0.0191230 0.0408580 0.0051936 0.0000000 0.0000000 0.1708148 0.1064900 0.0000000 0.0040516 0.0036243
 38 F  38 0.0103418 0.0160449 0.0000000 0.0000000 0.0453985 0.0000000 0.0000000 0.0056938 0.0000000 0.1843774 0.1634846 0.0000000 0.0088789 0.1092539 0.0000000 0.0291863 0.0000000 0.0000000 0.0000000 0.4273400
 39 S  39 0.2021670 0.0374326 0.0181417 0.0323036 0.0273507 0.0135582 0.0946640 0.0055598 0.0119159 0.0586482 0.0121803 0.0289866 0.0056994 0.0000000 0.0000000 0.1917361 0.1998353 0.0066152 0.0174914 0.0357140
 40 F  40 0.0485977 0.0000000 0.0000000 0.0069938 0.0000000 0.0242954 0.0414477 0.0972475 0.0090926 0.0483187 0.5597897 0.0050105 0.0079582 0.0294860 0.0630813 0.0139262 0.0132730 0.0000000 0.0076898 0.0237919
 41 E  41 0.0117804 0.0287347 0.0238174 0.0503866 0.0072334 0.1359123 0.3075849 0.0132593 0.0415634 0.0124601 0.0502877 0.1048030 0.0000000 0.0098574 0.0000000 0.0331684 0.0480362 0.0000000 0.0110216 0.1100931
 42 A  42 0.1049766 0.0949476 0.0767218 0.0154873 0.0000000 0.0155222 0.0493053 0.1876043 0.0000000 0.0484317 0.0801313 0.0253335 0.0200833 0.0000000 0.1737314 0.0858687 0.0000000 0.0000000 0.0131677 0.0086873
 43 T  43 0.0751531 0.0633280 0.0168030 0.0680793 0.0053906 0.0236360 0.0095377 0.0274872 0.0115702 0.1717904 0.0310118 0.0285361 0.0135319 0.0290214 0.0208194 0.0632414 0.1461944 0.0000000 0.0000000 0.1948679
 44 P  44 0.0435231 0.0029249 0.0071364 0.0131345 0.0000000 0.0729039 0.0642538 0.0000000 0.0000000 0.0101693 0.0289291 0.0217222 0.0000000 0.0091020 0.5476985 0.0514491 0.0646693 0.0000000 0.0116062 0.0507777
 45 Q  45 0.0787784 0.0153645 0.0105300 0.0751050 0.0090184 0.1084694 0.0336530 0.4481191 0.0000000 0.0041209 0.0100731 0.0131537 0.0000000 0.0000000 0.0000000 0.1325709 0.0413832 0.0134127 0.0000000 0.0062479
 46 A  46 0.0817433 0.1262070 0.0000000 0.0420892 0.0000000 0.0285221 0.0289989 0.0614327 0.0223655 0.0284267 0.0102059 0.0620398 0.0047410 0.0081863 0.0235238 0.1189675 0.2744322 0.0000000 0.0000000 0.0781181
 47 T  47 0.0508850 0.0920519 0.0342417 0.0362290 0.0000000 0.0205225 0.0000000 0.3458030 0.0178792 0.0244548 0.0045192 0.0179033 0.0000000 0.0000000 0.0408726 0.0853982 0.2200032 0.0000000 0.0000000 0.0092363
 48 G  48 0.0094845 0.0000000 0.0054919 0.0000000 0.0000000 0.0000000 0.0144634 0.9270592 0.0000000 0.0000000 0.0000000 0.0104460 0.0000000 0.0000000 0.0000000 0.0238015 0.0092535 0.0000000 0.0000000 0.0000000
 49 F  49 0.1231611 0.0996202 0.0216560 0.0000000 0.0081410 0.0113991 0.0626266 0.0034649 0.0064772 0.1130317 0.0238821 0.0179259 0.0072142 0.0432181 0.0000000 0.1437572 0.0796238 0.0238298 0.0176993 0.1932718
 50 F  50 0.0000000 0.0000000 0.0000000 0.0000000 0.0000000 0.0000000 0.0034649 0.0000000 0.0000000 0.0000000 0.0371731 0.0000000 0.0000000 0.9134771 0.0000000 0.0000000 0.0000000 0.0065141 0.0328657 0.0065052
 51 E  51 0.0174929 0.0963066 0.0052012 0.0544503 0.0000000 0.0473825 0.5817775 0.0000000 0.0075134 0.0213093 0.0063787 0.0335133 0.0000000 0.0017596 0.0000000 0.0057313 0.0607017 0.0041845 0.0000000 0.0562971
 52 V  52 0.0000000 0.0000000 0.0000000 0.0000000 0.0000000 0.0000000 0.0000000 0.0000000 0.0000000 0.3346005 0.0000000 0.0000000 0.0054911 0.0065052 0.0000000 0.0000000 0.0035146 0.0000000 0.0000000 0.6498886
 53 E  53 0.0394457 0.1125136 0.0044046 0.0195526 0.0035331 0.0485694 0.1040392 0.0074859 0.0212028 0.0227871 0.0373101 0.0380298 0.0250149 0.0712136 0.0000000 0.0846324 0.1966244 0.0566565 0.0769175 0.0300670
 54 V  54 0.0343414 0.0041790 0.0000000 0.0065150 0.0873672 0.0000000 0.0057386 0.0039159 0.0019179 0.2255993 0.1564658 0.0000000 0.0124164 0.0077724 0.0000000 0.0064958 0.0027603 0.0000000 0.0166368 0.4278783
 55 N  55 0.0632770 0.0076117 0.3634229 0.3648065 0.0071577 0.0129616 0.0483979 0.0478048 0.0029896 0.0000000 0.0016319 0.0022807 0.0000000 0.0000000 0.0046010 0.0268905 0.0356857 0.0000000 0.0039181 0.0065624
 56 G  56 0.0121922 0.0035826 0.0162322 0.1803656 0.0000000 0.0146647 0.0588497 0.6142607 0.0029128 0.0000000 0.0000000 0.0158278 0.0000000 0.0014854 0.0138776 0.0409145 0.0104026 0.0039094 0.0000000 0.0105223
 57 E  57 0.0337626 0.0332075 0.0059498 0.0341222 0.0000000 0.1587006 0.2960218 0.0000000 0.0259251 0.0047089 0.0017375 0.1681446 0.0030020 0.0079845 0.0096776 0.0224015 0.1423627 0.0000000 0.0000000 0.0522911
 58 L  58 0.0059988 0.0229548 0.0000000 0.0000000 0.0029060 0.0620287 0.0234083 0.0000000 0.0000000 0.0949450 0.5462259 0.0153051 0.0120553 0.0000000 0.0185735 0.0066171 0.0440067 0.0000000 0.0000000 0.1449747
 59 V  59 0.0075936 0.0000000 0.0000000 0.0000000 0.0000000 0.0000000 0.0000000 0.0000000 0.0000000 0.3504209 0.1729041 0.0097423 0.0045941 0.0038812 0.0000000 0.0000000 0.0029577 0.0000000 0.0000000 0.4479062
 60 H  60 0.0038978 0.0000000 0.0000000 0.0000000 0.0145716 0.0000000 0.0000000 0.0000000 0.2549249 0.0093173 0.0076416 0.0000000 0.0000000 0.1943521 0.0000000 0.0059140 0.0000000 0.3930242 0.1163565 0.0000000
 61 S  61 0.0144688 0.0142059 0.0134033 0.2477069 0.0125708 0.0048860 0.1215803 0.0000000 0.0000000 0.0070589 0.0000000 0.0250374 0.0000000 0.0000000 0.0000000 0.5390818 0.0000000 0.0000000 0.0000000 0.0000000
 62 K  62 0.0000000 0.4456446 0.0000000 0.0000000 0.0038837 0.0125281 0.0000000 0.0000000 0.0000000 0.0000000 0.0000000 0.5230795 0.0148641 0.0000000 0.0000000 0.0000000 0.0000000 0.0000000 0.0000000 0.0000000
 63 K  63 0.0453126 0.0363424 0.0000000 0.0059302 0.0000000 0.0199256 0.0023977 0.0058953 0.0063848 0.0200496 0.2433508 0.5133589 0.0000000 0.0051484 0.0000000 0.0208826 0.0248473 0.0000000 0.0311613 0.0190125
 64 N  64 0.0804205 0.1768187 0.0826060 0.0206950 0.0000000 0.0566505 0.2085412 0.0318871 0.0037225 0.0129642 0.0016622 0.1000957 0.0111899 0.0079903 0.0017481 0.0486820 0.0893282 0.0000000 0.0000000 0.0649978
 65 G  65 0.0308887 0.0147438 0.0559417 0.2301396 0.0117918 0.0307595 0.1481562 0.2213554 0.0101394 0.0000000 0.0251389 0.0277089 0.0062218 0.0032158 0.0000000 0.0589531 0.1103192 0.0000000 0.0112878 0.0032383
 66 G  66 0.0101539 0.0135081 0.0340670 0.1823430 0.0000000 0.0639786 0.0366562 0.5026435 0.0109665 0.0022040 0.0489765 0.0539969 0.0135336 0.0041402 0.0000000 0.0228319 0.0000000 0.0000000 0.0000000 0.0000000
 67 G  67 0.0793543 0.1565503 0.0000000 0.0292031 0.0000000 0.0065740 0.0000000 0.6419764 0.0064358 0.0088542 0.0079987 0.0278372 0.0000000 0.0000000 0.0000000 0.0048333 0.0019873 0.0000000 0.0084428 0.0199526
 68 H  68 0.0000000 0.0085366 0.0000000 0.0058108 0.0000000 0.0000000 0.0082855 0.0000000 0.0286814 0.0000000 0.0217131 0.0082917 0.0080719 0.8237136 0.0000000 0.0000000 0.0000000 0.0133580 0.0678685 0.0056688
 69 V  69 0.0100447 0.0000000 0.0000000 0.0000000 0.0170273 0.0000000 0.0000000 0.0066931 0.0000000 0.0129730 0.0308727 0.0000000 0.0111996 0.0043814 0.7531355 0.0000000 0.0034938 0.0000000 0.0000000 0.1501790
 70 D  70 0.0136889 0.0185239 0.0321670 0.3916690 0.0000000 0.0362892 0.3086477 0.0477087 0.0190066 0.0000000 0.0030719 0.0191032 0.0000000 0.0000000 0.0000000 0.0177734 0.0291210 0.0000000 0.0588915 0.0043380
 71 N  71 0.1416433 0.0000000 0.0262071 0.0199048 0.0044516 0.0046045 0.0897926 0.0027201 0.0294286 0.0679661 0.0518437 0.0000000 0.0281171 0.0406028 0.1192037 0.1485362 0.1127765 0.0000000 0.0296376 0.0825636
 72 Q  72 0.0547220 0.0312052 0.0161176 0.1125894 0.0000000 0.0495030 0.1836158 0.0215580 0.0038100 0.0090978 0.0116008 0.3621004 0.0107401 0.0082675 0.0556722 0.0158253 0.0446742 0.0000000 0.0014999 0.0074007
 73 E  73 0.1032630 0.0152713 0.0117851 0.0867938 0.0033151 0.0300370 0.3854620 0.0138367 0.0028943 0.0107329 0.0368419 0.0077163 0.0000000 0.0315933 0.0047616 0.0860507 0.0530635 0.0025606 0.0091768 0.1048442
 74 K  74 0.0000000 0.0133303 0.0058661 0.0000000 0.0000000 0.0000000 0.0085672 0.0086919 0.0000000 0.1710629 0.4490466 0.1246173 0.0101133 0.0162724 0.0053372 0.0160224 0.0044247 0.0000000 0.0000000 0.1666476
 75 V  75 0.0367571 0.0191913 0.0000000 0.0141701 0.0000000 0.0015682 0.0069594 0.0000000 0.0000000 0.0875609 0.1600853 0.4387404 0.0327058 0.0602894 0.0031062 0.0083117 0.0125266 0.0000000 0.0000000 0.1180275
 76 E  76 0.0519465 0.1254318 0.0293378 0.0940738 0.0000000 0.3805960 0.1421884 0.0046884 0.0000000 0.0050298 0.0236524 0.0688295 0.0000000 0.0000000 0.0081876 0.0420769 0.0146165 0.0000000 0.0000000 0.0093447
 77 R  77 0.1483255 0.3089450 0.0135037 0.0000000 0.0046877 0.0444213 0.0196946 0.0154250 0.0000000 0.0335716 0.1845847 0.1500498 0.0105391 0.0000000 0.0068444 0.0211076 0.0112827 0.0000000 0.0000000 0.0270172
 78 I  78 0.0037056 0.0000000 0.0000000 0.0000000 0.0000000 0.0000000 0.0000000 0.0000000 0.0000000 0.3936330 0.0916144 0.0000000 0.0139522 0.0063571 0.0000000 0.0000000 0.0000000 0.0000000 0.0000000 0.4907377
 79 F  79 0.0223397 0.5659855 0.0094064 0.0070291 0.0194600 0.0333945 0.0232435 0.0253148 0.0054918 0.0263255 0.0314107 0.0729575 0.0158279 0.0149168 0.0000000 0.0166043 0.0145690 0.0000000 0.0000000 0.0957227
 80 A  80 0.0983930 0.0743451 0.1191361 0.4253170 0.0048784 0.0126894 0.0381106 0.0082615 0.0000000 0.0050320 0.0000000 0.0688257 0.0038215 0.0000000 0.0036737 0.1062130 0.0211697 0.0000000 0.0000000 0.0101332
 81 K  81 0.2522793 0.1563296 0.0000000 0.0000000 0.0093191 0.0391343 0.0270586 0.0124785 0.0371852 0.0652022 0.0854338 0.0852559 0.0000000 0.0088683 0.0000000 0.0416960 0.0186975 0.0000000 0.0148175 0.1462442
 82 I  82 0.0089034 0.0261331 0.0412716 0.0000000 0.0000000 0.0000000 0.0000000 0.0000000 0.0000000 0.4914197 0.2030929 0.0240298 0.0054587 0.0022699 0.0000000 0.0037223 0.0104676 0.0000000 0.0158339 0.1673970
 83 G  83 0.0898469 0.0096299 0.0926262 0.3131283 0.0000000 0.1138593 0.0793167 0.1403281 0.0103592 0.0206425 0.0129059 0.0800479 0.0000000 0.0068550 0.0061424 0.0059699 0.0051833 0.0000000 0.0131584 0.0000000
 84 E  84 0.1168424 0.0000000 0.0030394 0.0620411 0.0000000 0.0293309 0.1706738 0.0106415 0.0000000 0.0000000 0.0433182 0.0993559 0.0000000 0.0087101 0.4193198 0.0000000 0.0297277 0.0000000 0.0000000 0.0069990
 85 A  85 0.3117133 0.0000000 0.0047560 0.0064136 0.0135472 0.0106256 0.3594622 0.0000000 0.0000000 0.0000000 0.0306299 0.0322759 0.0000000 0.0199630 0.1578648 0.0205975 0.0321511 0.0000000 0.0000000 0.0000000
 86 L  86 0.0000000 0.0000000 0.0000000 0.0000000 0.0000000 0.0000000 0.0000000 0.0273963 0.0000000 0.1171525 0.5798650 0.0000000 0.0259144 0.0155061 0.0216618 0.0000000 0.0183580 0.0000000 0.0000000 0.1941458
 87 A  87 0.2870742 0.0150964 0.0000000 0.0000000 0.0000000 0.0395853 0.3566273 0.0573752 0.0000000 0.0000000 0.0000000 0.2049566 0.0000000 0.0000000 0.0000000 0.0392850 0.0000000 0.0000000 0.0000000 0.0000000
 88 K  88 0.0000000 0.0000000 0.0000000 0.0000000 0.0000000 0.2266817 0.0407949 0.0000000 0.0000000 0.0000000 0.0000000 0.7325233 0.0000000 0.0000000 0.0000000 0.0000000 0.0000000 0.0000000 0.0000000 0.0000000
