   88         A         R         N         D         C         Q         E         G         H         I         L         K         M         F         P         S         T         W         Y         V         X    
  1 M   1 0.0000000 0.0000000 0.0000000 0.0000000 0.0000000 0.0000000 0.0000000 0.0000000 0.0000000 0.0042326 0.0082369 0.0000000 0.1141236 0.0000000 0.0000000 0.0000000 0.0000000 0.0000000 0.0000000 0.0132517 0.8601552
  2 A   2 0.0401999 0.0150444 0.0356658 0.0199725 0.0000000 0.0080398 0.0053017 0.0017275 0.0131606 0.0000000 0.0032758 0.0264049 0.0000000 0.0000000 0.0248674 0.0694104 0.0323401 0.0000000 0.0000000 0.0040724 0.7005166
  3 P   3 0.0190771 0.0244295 0.0013282 0.0118213 0.0000000 0.0080461 0.0387354 0.0526218 0.0000000 0.0000000 0.0027544 0.1403890 0.0000000 0.0101297 0.0490243 0.0099014 0.0263253 0.0000000 0.0098773 0.0000000 0.5955391
  4 V   4 0.0418317 0.0093413 0.0058601 0.0000000 0.0000000 0.0000000 0.0000000 0.0054623 0.0139004 0.0367979 0.0282176 0.0000000 0.0343413 0.0039758 0.2730326 0.0020920 0.0063901 0.0000000 0.0052252 0.1732027 0.3603289
  5 Q   5 0.0264561 0.2342385 0.0412066 0.0051725 0.0040724 0.0360502 0.0395077 0.0000000 0.0406052 0.0067670 0.0184230 0.1555656 0.0051832 0.0000000 0.0191753 0.0099772 0.0398539 0.0000000 0.0000000 0.0196106 0.2981350
  6 V   6 0.0000000 0.0000000 0.0000000 0.0000000 0.0000000 0.0000000 0.0000000 0.0000000 0.0000000 0.3302554 0.0502519 0.0000000 0.0148532 0.0000000 0.0000000 0.0000000 0.0000000 0.0000000 0.0000000 0.4042025 0.2004371
  7 H   7 0.0384919 0.0769301 0.0254105 0.0442480 0.0000000 0.0053175 0.1309859 0.0103588 0.0551798 0.0537138 0.0067494 0.0435250 0.0110924 0.0085560 0.0000000 0.0767042 0.1452013 0.0000000 0.0000000 0.0685928 0.1989428
  8 V   8 0.0085560 0.0000000 0.0000000 0.0000000 0.0000000 0.0000000 0.0000000 0.0000000 0.0000000 0.5870835 0.0054309 0.0000000 0.0000000 0.0108473 0.0000000 0.0000000 0.0000000 0.0000000 0.0000000 0.1945659 0.1935165
  9 L   9 0.0027505 0.0352505 0.0085669 0.0000000 0.0015743 0.0643748 0.3081258 0.0000000 0.0388610 0.0165413 0.0284562 0.0404166 0.0192863 0.0017970 0.0000000 0.0058707 0.1104081 0.0000000 0.0256939 0.1028301 0.1891962
 10 Y  10 0.0000000 0.0000000 0.0000000 0.0000000 0.0000000 0.0000000 0.0000000 0.0000000 0.0000000 0.0000000 0.0000000 0.0000000 0.0108473 0.1267381 0.0000000 0.0000000 0.0000000 0.0000000 0.6732184 0.0000000 0.1891962
 11 C  11 0.0000000 0.0000000 0.0103588 0.0000000 0.7822844 0.0000000 0.0000000 0.0000000 0.0000000 0.0000000 0.0000000 0.0000000 0.0000000 0.0000000 0.0000000 0.0164529 0.0000000 0.0000000 0.0000000 0.0000000 0.1909039
 12 G  12 0.0269001 0.0450165 0.0159539 0.0419705 0.0000000 0.0144410 0.0373058 0.1651042 0.0184058 0.0116600 0.0108473 0.0048288 0.0024904 0.0000000 0.0378642 0.0381010 0.2738533 0.0000000 0.0000000 0.0562967 0.1989605
 13 G  13 0.0506138 0.0609449 0.0067518 0.0159616 0.0000000 0.2365193 0.0061332 0.1188163 0.0000000 0.0046591 0.0385243 0.0837487 0.0042059 0.0000000 0.1010149 0.0122569 0.0430279 0.0000000 0.0000000 0.0131789 0.2036426
 14 C  14 0.0000000 0.0122127 0.0000000 0.0000000 0.7052046 0.0000000 0.0000000 0.0148386 0.0000000 0.0000000 0.0000000 0.0000000 0.0000000 0.0000000 0.0093060 0.0095123 0.0000000 0.0000000 0.0000000 0.0000000 0.2489258
 15 G  15 0.0000000 0.1407761 0.1419261 0.0000000 0.0000000 0.0317537 0.0080683 0.2874054 0.0038811 0.0078933 0.0037601 0.1288676 0.0072760 0.0000000 0.0000000 0.0526204 0.0000000 0.0000000 0.0000000 0.0000000 0.1857719
 16 Y  16 0.0000000 0.0025108 0.0000000 0.0000000 0.0000000 0.0074402 0.0000000 0.0000000 0.0078320 0.0000000 0.0053630 0.0000000 0.0096035 0.1120650 0.0000000 0.0314702 0.0000000 0.4118751 0.2604895 0.0000000 0.1513508
 17 G  17 0.0225507 0.0477512 0.0214553 0.0000000 0.0000000 0.0271296 0.0561706 0.0355241 0.0072180 0.0085171 0.2718883 0.0718744 0.1351090 0.0303200 0.0033034 0.0598078 0.0217341 0.0000000 0.0182993 0.0155923 0.1457547
 18 S  18 0.0274167 0.0204692 0.0429885 0.0494636 0.0000000 0.0000000 0.0135175 0.0226341 0.0266534 0.0021450 0.3739317 0.0396673 0.0137803 0.0000000 0.1857937 0.0307474 0.0169478 0.0000000 0.0000000 0.0000000 0.1338438
 19 R  19 0.0097194 0.5954589 0.0000000 0.0000000 0.0000000 0.0652805 0.0000000 0.0043896 0.0027789 0.0074402 0.0077091 0.0811375 0.0026096 0.0189421 0.0114961 0.0078845 0.0288618 0.0000000 0.0282577 0.0000000 0.1280342
 20 Y  20 0.4865056 0.0000000 0.0000000 0.0000000 0.0355426 0.0000000 0.0000000 0.0160980 0.0085560 0.0043169 0.0000000 0.0000000 0.0049937 0.0759269 0.0000000 0.0796566 0.0077961 0.0000000 0.1409411 0.0152384 0.1244281
 21 R  21 0.2675235 0.0313958 0.0334867 0.0188390 0.0000000 0.0462254 0.0465563 0.0544300 0.0071285 0.0706799 0.1369485 0.0217383 0.0057542 0.0103588 0.0000000 0.0426268 0.0631295 0.0000000 0.0000000 0.0397815 0.1033972
 22 S  22 0.0111047 0.0472678 0.0142019 0.0236370 0.0000000 0.0567896 0.1575713 0.0306393 0.0116114 0.0039251 0.0487393 0.0098733 0.0075491 0.0055902 0.0000000 0.0249737 0.0033313 0.3486095 0.0925446 0.0000000 0.1020408
 23 L  23 0.0208729 0.0000000 0.0000000 0.0000000 0.0077091 0.0000000 0.0000000 0.0000000 0.0000000 0.0577933 0.3712935 0.0000000 0.1670835 0.0907600 0.0000000 0.0000000 0.0253826 0.0000000 0.1059792 0.0686045 0.0845216
 24 E  24 0.4808774 0.0508768 0.0000000 0.0000000 0.0017906 0.1033665 0.0341026 0.0140609 0.0000000 0.0000000 0.0283166 0.1051289 0.0074279 0.0000000 0.0000000 0.0496350 0.0230081 0.0046820 0.0000000 0.0146062 0.0821204
 25 N  25 0.0349057 0.0716815 0.0193709 0.0280252 0.0000000 0.4786508 0.0683161 0.0088217 0.0136706 0.0125860 0.0000000 0.0561056 0.0000000 0.0000000 0.0078832 0.0566396 0.0629859 0.0000000 0.0000000 0.0000000 0.0803574
 26 A  26 0.1092006 0.0152244 0.0064376 0.0278045 0.0000000 0.0266581 0.5049943 0.0000000 0.0050303 0.0024183 0.0406746 0.0511513 0.0171398 0.0228129 0.0000000 0.0189578 0.0258680 0.0000000 0.0160052 0.0326135 0.0770088
 27 I  27 0.0000000 0.0000000 0.0000000 0.0000000 0.0060975 0.0000000 0.0000000 0.0000000 0.0000000 0.1762305 0.6186683 0.0000000 0.0063030 0.0108473 0.0000000 0.0139118 0.0078163 0.0000000 0.0000000 0.0860901 0.0740352
 28 R  28 0.0072467 0.0261321 0.0078163 0.0066779 0.0057752 0.0183782 0.1422925 0.0000000 0.0000000 0.0190730 0.5037309 0.0959621 0.0142636 0.0302622 0.0000000 0.0302106 0.0042830 0.0046820 0.0000000 0.0126739 0.0705397
 29 M  29 0.0702200 0.0213717 0.0568934 0.0653656 0.0000000 0.1380171 0.0655525 0.0281447 0.0552828 0.0044418 0.0198157 0.0456564 0.0135041 0.0000000 0.0051579 0.2072939 0.1258608 0.0000000 0.0015151 0.0053667 0.0705397
 30 K  30 0.0497885 0.0350111 0.0240633 0.0053157 0.0000000 0.0568360 0.1097771 0.0153010 0.0380923 0.0073654 0.0085604 0.0611934 0.0000000 0.0000000 0.0000000 0.0355169 0.4429749 0.0000000 0.0245344 0.0151299 0.0705397
 31 F  31 0.0139788 0.0000000 0.0030106 0.0000000 0.0230625 0.0000000 0.0074402 0.0109084 0.0169977 0.0176586 0.0224424 0.0000000 0.0000000 0.6772532 0.0078163 0.0046591 0.0000000 0.0000000 0.0656726 0.0278542 0.1012454
 32 P  32 0.0615396 0.0178856 0.0053002 0.0548756 0.0000000 0.0279669 0.0711459 0.1833583 0.0114526 0.0022345 0.0044003 0.0066962 0.0000000 0.0000000 0.2943398 0.1150901 0.0306272 0.0000000 0.0000000 0.0078163 0.1052710
 33 N  33 0.0259533 0.0247402 0.1223760 0.1993153 0.0000000 0.0572364 0.1253670 0.1166730 0.0063889 0.0000000 0.0117810 0.0182658 0.0000000 0.0000000 0.0171792 0.0367896 0.1287898 0.0000000 0.0077961 0.0015089 0.0998395
 34 A  34 0.1292764 0.0354828 0.0205391 0.1562114 0.0201179 0.0498557 0.1333392 0.0167318 0.0041447 0.0238152 0.0296243 0.0239777 0.0032268 0.0000000 0.0287862 0.0548636 0.0164432 0.0000000 0.0000000 0.0703059 0.1832579
 35 D  35 0.0142946 0.0151236 0.0202688 0.0576427 0.0000000 0.0389927 0.0695960 0.0000000 0.0000000 0.1658700 0.3155450 0.0637597 0.0078163 0.0027619 0.0000000 0.0229789 0.0208677 0.0000000 0.0123911 0.0269934 0.1450976
 36 I  36 0.0880923 0.0042759 0.0158739 0.0489129 0.0077091 0.0140324 0.0338650 0.2176131 0.0050804 0.1044355 0.0914620 0.0169919 0.0119005 0.0077960 0.0031048 0.0199033 0.0164881 0.0000000 0.0139712 0.1899402 0.0885514
 37 K  37 0.0439685 0.0117786 0.0240950 0.0873392 0.0015978 0.0160200 0.3555714 0.0423599 0.0000000 0.0000000 0.0159008 0.0352093 0.0044425 0.0000000 0.0000000 0.1498211 0.0919866 0.0000000 0.0037394 0.0033136 0.1128563
 38 F  38 0.0098302 0.0125860 0.0000000 0.0000000 0.0392415 0.0000000 0.0000000 0.0049937 0.0000000 0.1574359 0.1438904 0.0000000 0.0080945 0.0921738 0.0000000 0.0253302 0.0000000 0.0000000 0.0000000 0.3871132 0.1193106
 39 S  39 0.1858485 0.0316256 0.0155404 0.0281168 0.0221521 0.0112419 0.0836503 0.0044703 0.0100543 0.0496519 0.0103198 0.0249935 0.0047553 0.0000000 0.0000000 0.1649445 0.1737989 0.0058030 0.0132380 0.0317016 0.1280934
 40 F  40 0.0404816 0.0000000 0.0000000 0.0057542 0.0000000 0.0198993 0.0342892 0.0773102 0.0072467 0.0383499 0.4913086 0.0042059 0.0064769 0.0231809 0.0508151 0.0116719 0.0108591 0.0000000 0.0060975 0.0208248 0.1512281
 41 E  41 0.0068610 0.0169764 0.0130985 0.0296510 0.0040459 0.0820382 0.1744373 0.0077091 0.0238413 0.0077763 0.0280584 0.0597431 0.0000000 0.0058030 0.0000000 0.0195543 0.0287987 0.0000000 0.0065365 0.0625264 0.4225447
 42 A  42 0.0545335 0.0472259 0.0394359 0.0078163 0.0000000 0.0095286 0.0243372 0.0970874 0.0000000 0.0253238 0.0471576 0.0136531 0.0106190 0.0000000 0.0917109 0.0469991 0.0000000 0.0000000 0.0067518 0.0044425 0.4733773
 43 T  43 0.0592013 0.0507870 0.0132461 0.0531464 0.0041523 0.0202454 0.0076244 0.0205684 0.0094982 0.1365797 0.0314940 0.0234775 0.0099404 0.0257561 0.0157348 0.0495739 0.1091446 0.0000000 0.0000000 0.1613805 0.1984489
 44 P  44 0.0382741 0.0031513 0.0066250 0.0111477 0.0000000 0.0646109 0.0585189 0.0000000 0.0000000 0.0096506 0.0303035 0.0179898 0.0000000 0.0078163 0.5034722 0.0457487 0.0592976 0.0000000 0.0101083 0.0459999 0.0872855
 45 Q  45 0.0808239 0.0138859 0.0100271 0.0671515 0.0081649 0.1074347 0.0298177 0.4131259 0.0000000 0.0049705 0.0090657 0.0121495 0.0000000 0.0000000 0.0000000 0.1233706 0.0352138 0.0124597 0.0000000 0.0055364 0.0668022
 46 A  46 0.0739196 0.1191180 0.0000000 0.0420774 0.0000000 0.0258933 0.0310556 0.0595751 0.0209651 0.0265661 0.0092460 0.0607861 0.0043619 0.0074040 0.0220432 0.1271051 0.2640708 0.0000000 0.0000000 0.0710009 0.0348117
 47 T  47 0.0485904 0.0862713 0.0325613 0.0358938 0.0000000 0.0193422 0.0000000 0.3438533 0.0187844 0.0210620 0.0044003 0.0161215 0.0000000 0.0000000 0.0391293 0.0959285 0.2098184 0.0000000 0.0000000 0.0093335 0.0189098
 48 G  48 0.0091187 0.0000000 0.0051579 0.0000000 0.0000000 0.0000000 0.0125860 0.9251987 0.0000000 0.0000000 0.0000000 0.0110638 0.0000000 0.0000000 0.0000000 0.0241200 0.0102155 0.0000000 0.0000000 0.0000000 0.0025394
 49 F  49 0.1352637 0.0966484 0.0209293 0.0000000 0.0082945 0.0108115 0.0607273 0.0034475 0.0061682 0.1120530 0.0311494 0.0170609 0.0078599 0.0387067 0.0000000 0.1385479 0.0787543 0.0226308 0.0166132 0.1943337 0.0000000
 50 F  50 0.0000000 0.0000000 0.0000000 0.0000000 0.0000000 0.0000000 0.0034475 0.0000000 0.0000000 0.0000000 0.0364122 0.0000000 0.0000000 0.9149434 0.0000000 0.0000000 0.0000000 0.0062263 0.0325682 0.0064025 0.0000000
 51 E  51 0.0166844 0.0913142 0.0050249 0.0531148 0.0000000 0.0446739 0.5822260 0.0000000 0.0071259 0.0210966 0.0061957 0.0327125 0.0000000 0.0016925 0.0000000 0.0057161 0.0682202 0.0039609 0.0000000 0.0541711 0.0060701
 52 V  52 0.0000000 0.0000000 0.0000000 0.0000000 0.0000000 0.0000000 0.0000000 0.0000000 0.0000000 0.3274530 0.0000000 0.0000000 0.0053667 0.0064025 0.0000000 0.0000000 0.0034824 0.0000000 0.0000000 0.6572954 0.0000000
 53 E  53 0.0395802 0.1161950 0.0051489 0.0193802 0.0037997 0.0479675 0.1098147 0.0066779 0.0202462 0.0212245 0.0360721 0.0382992 0.0235792 0.0696931 0.0000000 0.0798396 0.1940743 0.0539806 0.0853485 0.0290784 0.0000000
 54 V  54 0.0341079 0.0046635 0.0000000 0.0064025 0.0930022 0.0000000 0.0054567 0.0036868 0.0018721 0.2169556 0.1597291 0.0000000 0.0108473 0.0104517 0.0000000 0.0061332 0.0026077 0.0000000 0.0171728 0.4244430 0.0024678
 55 N  55 0.0579963 0.0074410 0.3692228 0.3613201 0.0067518 0.0135903 0.0471352 0.0472624 0.0028698 0.0000000 0.0015527 0.0021717 0.0000000 0.0000000 0.0042827 0.0236033 0.0336998 0.0000000 0.0036868 0.0065698 0.0108435
 56 G  56 0.0116570 0.0034712 0.0160080 0.1830222 0.0000000 0.0148358 0.0589259 0.6099440 0.0027544 0.0000000 0.0000000 0.0151831 0.0000000 0.0014130 0.0130349 0.0372967 0.0104647 0.0036990 0.0000000 0.0099142 0.0083758
 57 E  57 0.0329368 0.0330133 0.0064442 0.0371664 0.0000000 0.1575185 0.3000556 0.0000000 0.0245643 0.0047249 0.0016691 0.1578291 0.0031488 0.0074538 0.0097604 0.0232501 0.1401550 0.0000000 0.0000000 0.0519336 0.0083758
 58 L  58 0.0058384 0.0227380 0.0000000 0.0000000 0.0027714 0.0607600 0.0233424 0.0000000 0.0000000 0.0906132 0.5426495 0.0168820 0.0125028 0.0000000 0.0186022 0.0060947 0.0439076 0.0000000 0.0000000 0.1449221 0.0083758
 59 V  59 0.0071319 0.0000000 0.0000000 0.0000000 0.0000000 0.0000000 0.0000000 0.0000000 0.0000000 0.3467924 0.1708423 0.0093168 0.0042827 0.0038680 0.0000000 0.0000000 0.0027619 0.0000000 0.0000000 0.4466282 0.0083758
 60 H  60 0.0038404 0.0000000 0.0000000 0.0000000 0.0125860 0.0000000 0.0000000 0.0000000 0.2404400 0.0087594 0.0071951 0.0000000 0.0000000 0.2051677 0.0000000 0.0058030 0.0000000 0.3828040 0.1175076 0.0000000 0.0158969
 61 S  61 0.0125860 0.0137359 0.0135393 0.2447988 0.0125872 0.0045681 0.1218876 0.0000000 0.0000000 0.0075212 0.0000000 0.0221535 0.0000000 0.0000000 0.0000000 0.5382466 0.0000000 0.0000000 0.0000000 0.0000000 0.0083758
 62 K  62 0.0000000 0.4369131 0.0000000 0.0000000 0.0034458 0.0103588 0.0000000 0.0000000 0.0000000 0.0000000 0.0000000 0.5225486 0.0139293 0.0000000 0.0000000 0.0000000 0.0000000 0.0000000 0.0000000 0.0000000 0.0128044
 63 K  63 0.0430193 0.0324619 0.0000000 0.0054623 0.0000000 0.0170707 0.0016514 0.0053630 0.0059796 0.0194194 0.2462952 0.4863108 0.0000000 0.0054725 0.0000000 0.0212927 0.0234562 0.0000000 0.0286845 0.0180185 0.0400420
 64 N  64 0.0790385 0.1723060 0.0791166 0.0208412 0.0000000 0.0566556 0.2078110 0.0296112 0.0035047 0.0127443 0.0015960 0.1013152 0.0107622 0.0074351 0.0018054 0.0487122 0.0854562 0.0000000 0.0000000 0.0624143 0.0188745
 65 G  65 0.0298369 0.0137471 0.0543052 0.2257545 0.0112446 0.0323443 0.1536759 0.2046629 0.0096134 0.0000000 0.0234860 0.0260937 0.0058710 0.0030131 0.0000000 0.0577193 0.1140230 0.0000000 0.0108244 0.0031048 0.0206799
 66 G  66 0.0094818 0.0128343 0.0339028 0.1739495 0.0000000 0.0672977 0.0371388 0.4965201 0.0105836 0.0021247 0.0486521 0.0532432 0.0132411 0.0039037 0.0000000 0.0214237 0.0000000 0.0000000 0.0000000 0.0000000 0.0157029
 67 G  67 0.0775226 0.1652934 0.0000000 0.0258102 0.0000000 0.0068603 0.0000000 0.6154145 0.0064802 0.0089447 0.0077091 0.0255431 0.0000000 0.0000000 0.0000000 0.0049655 0.0025193 0.0000000 0.0086053 0.0192424 0.0250894
 68 H  68 0.0000000 0.0078832 0.0000000 0.0053630 0.0000000 0.0000000 0.0077434 0.0000000 0.0283971 0.0000000 0.0200044 0.0077080 0.0074402 0.8072896 0.0000000 0.0000000 0.0000000 0.0125060 0.0623736 0.0061076 0.0271838
 69 V  69 0.0101444 0.0000000 0.0000000 0.0000000 0.0155912 0.0000000 0.0000000 0.0062263 0.0000000 0.0127244 0.0276077 0.0000000 0.0085560 0.0040366 0.7332981 0.0000000 0.0030809 0.0000000 0.0000000 0.1390161 0.0397185
 70 D  70 0.0139864 0.0171848 0.0300942 0.3723604 0.0000000 0.0345579 0.2973343 0.0527908 0.0167885 0.0000000 0.0033486 0.0199406 0.0000000 0.0000000 0.0000000 0.0224910 0.0279995 0.0000000 0.0553305 0.0043169 0.0314757
 71 N  71 0.1325924 0.0000000 0.0244206 0.0198378 0.0043169 0.0047762 0.0963665 0.0026818 0.0274728 0.0638956 0.0478204 0.0000000 0.0244384 0.0382603 0.1130425 0.1371759 0.1008228 0.0000000 0.0278603 0.0789985 0.0552202
 72 Q  72 0.0537130 0.0275801 0.0163787 0.1114869 0.0000000 0.0497829 0.1722290 0.0224620 0.0039974 0.0134374 0.0121057 0.3503722 0.0110022 0.0122046 0.0515061 0.0148866 0.0431141 0.0000000 0.0020514 0.0069667 0.0247231
 73 E  73 0.0979301 0.0140164 0.0110442 0.0806502 0.0030682 0.0287589 0.3828785 0.0123388 0.0026780 0.0110272 0.0349306 0.0075856 0.0000000 0.0301827 0.0047192 0.0788478 0.0488802 0.0023886 0.0084652 0.1002368 0.0393729
 74 K  74 0.0000000 0.0128137 0.0054623 0.0000000 0.0000000 0.0000000 0.0078832 0.0083146 0.0000000 0.1652128 0.4388133 0.1136078 0.0110822 0.0147946 0.0047883 0.0150682 0.0041447 0.0000000 0.0000000 0.1647329 0.0332814
 75 V  75 0.0347539 0.0246070 0.0000000 0.0139632 0.0000000 0.0021388 0.0063030 0.0000000 0.0000000 0.0846908 0.1493709 0.4179364 0.0299326 0.0543983 0.0033486 0.0084734 0.0117269 0.0000000 0.0000000 0.1128873 0.0454689
 76 E  76 0.0471892 0.1187605 0.0277805 0.0971433 0.0000000 0.3582648 0.1410131 0.0042830 0.0000000 0.0045681 0.0208064 0.0650863 0.0000000 0.0000000 0.0074402 0.0400704 0.0136183 0.0000000 0.0000000 0.0085071 0.0454689
 77 R  77 0.1361297 0.2916564 0.0127296 0.0000000 0.0042196 0.0418195 0.0182687 0.0138713 0.0000000 0.0329772 0.1858429 0.1381611 0.0109985 0.0000000 0.0060975 0.0203498 0.0112115 0.0000000 0.0000000 0.0252042 0.0504627
 78 I  78 0.0032766 0.0000000 0.0000000 0.0000000 0.0000000 0.0000000 0.0000000 0.0000000 0.0000000 0.3738014 0.0836346 0.0000000 0.0146799 0.0055902 0.0000000 0.0000000 0.0000000 0.0000000 0.0000000 0.4667788 0.0522385
 79 F  79 0.0200998 0.5049011 0.0094885 0.0067249 0.0169974 0.0317172 0.0204730 0.0303423 0.0054117 0.0235887 0.0256714 0.0664577 0.0137010 0.0138385 0.0000000 0.0149258 0.0148315 0.0000000 0.0000000 0.0833752 0.0974542
 80 A  80 0.0842134 0.0684026 0.1098792 0.3778992 0.0044003 0.0118705 0.0352584 0.0070828 0.0000000 0.0042630 0.0000000 0.0596756 0.0026134 0.0000000 0.0033794 0.0972292 0.0183849 0.0000000 0.0000000 0.0086083 0.1068399
 81 K  81 0.2137998 0.1432206 0.0000000 0.0000000 0.0077207 0.0337178 0.0227689 0.0103468 0.0318276 0.0564208 0.0770609 0.0731256 0.0000000 0.0077091 0.0000000 0.0385861 0.0143275 0.0000000 0.0132825 0.1280889 0.1279965
 82 I  82 0.0071040 0.0196487 0.0304373 0.0000000 0.0000000 0.0000000 0.0000000 0.0000000 0.0000000 0.3701424 0.1626838 0.0189585 0.0041073 0.0016837 0.0000000 0.0027170 0.0088093 0.0000000 0.0118216 0.1291020 0.2327844
 83 G  83 0.0552975 0.0060915 0.0554944 0.1895580 0.0000000 0.0688583 0.0485571 0.0887565 0.0061541 0.0122769 0.0078892 0.0455688 0.0000000 0.0040459 0.0057053 0.0042339 0.0033999 0.0000000 0.0080885 0.0000000 0.3900241
 84 E  84 0.0624575 0.0000000 0.0022902 0.0363607 0.0000000 0.0159340 0.0956108 0.0057752 0.0000000 0.0000000 0.0232379 0.0599076 0.0000000 0.0054019 0.2342011 0.0000000 0.0161082 0.0000000 0.0000000 0.0038170 0.4388979
 85 A  85 0.1264773 0.0000000 0.0025267 0.0025442 0.0053157 0.0041474 0.1448052 0.0000000 0.0000000 0.0000000 0.0135422 0.0129779 0.0000000 0.0078832 0.0639973 0.0095544 0.0114547 0.0000000 0.0000000 0.0000000 0.5947739
 86 L  86 0.0000000 0.0000000 0.0000000 0.0000000 0.0000000 0.0000000 0.0000000 0.0072467 0.0000000 0.0316356 0.1573246 0.0000000 0.0070851 0.0041138 0.0057752 0.0000000 0.0047883 0.0000000 0.0000000 0.0541026 0.7279281
 87 A  87 0.0596403 0.0037833 0.0000000 0.0000000 0.0000000 0.0084540 0.0786049 0.0121965 0.0000000 0.0000000 0.0000000 0.0456184 0.0000000 0.0000000 0.0000000 0.0078933 0.0000000 0.0000000 0.0000000 0.0000000 0.7838093
 88 K  88 0.0000000 0.0000000 0.0000000 0.0000000 0.0000000 0.0373137 0.0066779 0.0000000 0.0000000 0.0000000 0.0000000 0.1284485 0.0000000 0.0000000 0.0000000 0.0000000 0.0000000 0.0000000 0.0000000 0.0000000 0.8275598
