  285         A         R         N         D         C         Q         E         G         H         I         L         K         M         F         P         S         T         W         Y         V    
  1 S   1 0.1940859 0.0000000 0.0000000 0.0000000 0.0000000 0.0000000 0.0000000 0.0000000 0.0000000 0.0000000 0.0000000 0.0000000 0.0000000 0.0000000 0.0000000 0.6877658 0.1181483 0.0000000 0.0000000 0.0000000
  2 A   2 0.1183512 0.0000000 0.0242600 0.0000000 0.0000000 0.0130372 0.0093304 0.0118477 0.0000000 0.0000000 0.0000000 0.2207565 0.2503168 0.0042421 0.2309904 0.1031980 0.0136697 0.0000000 0.0000000 0.0000000
  3 V   3 0.2888075 0.0000000 0.0272822 0.0000000 0.1014456 0.0000000 0.0000000 0.2921627 0.0000000 0.0206715 0.0000000 0.0000000 0.0000000 0.0000000 0.0528085 0.0405828 0.0348168 0.0000000 0.0000000 0.1414224
  4 P   4 0.0037022 0.0000000 0.0000000 0.0000000 0.0000000 0.0000000 0.0000000 0.0000000 0.0026890 0.0000000 0.0031525 0.0000000 0.0000000 0.0000000 0.9703466 0.0000000 0.0149296 0.0000000 0.0000000 0.0051802
  5 P   5 0.0418592 0.0095952 0.0000000 0.0000000 0.0000000 0.0021361 0.0000000 0.4821078 0.0000000 0.0166224 0.0048501 0.0000000 0.0000000 0.0000000 0.3114673 0.0338226 0.0125632 0.0000000 0.0000000 0.0849760
  6 T   6 0.0802645 0.0088314 0.0270368 0.0042930 0.0078042 0.0103071 0.0074362 0.0125428 0.0000000 0.0150533 0.1931507 0.0606587 0.0090677 0.0419454 0.0475689 0.1681579 0.2631990 0.0000000 0.0140764 0.0286060
  7 Y   7 0.0069105 0.0000000 0.0000000 0.0000000 0.0035162 0.0000000 0.0000000 0.0000000 0.0000000 0.0367337 0.0141180 0.0000000 0.0178973 0.3888855 0.0000000 0.0000000 0.0082555 0.0138428 0.4036202 0.1062203
  8 A   8 0.0926252 0.0103736 0.0311447 0.0849496 0.0079702 0.0109029 0.3172591 0.0528545 0.0069626 0.0064945 0.0058100 0.0734439 0.0000000 0.0655796 0.0129241 0.1697213 0.0483455 0.0000000 0.0000000 0.0026387
  9 D   9 0.0091913 0.0070593 0.1286902 0.5271949 0.0000000 0.0157831 0.1793235 0.0142375 0.0529888 0.0000000 0.0000000 0.0000000 0.0016802 0.0047338 0.0000000 0.0362370 0.0171955 0.0000000 0.0056849 0.0000000
 10 L  10 0.0000000 0.0000000 0.0000000 0.0000000 0.0239587 0.0000000 0.0000000 0.0023657 0.0000000 0.3537865 0.4488358 0.0000000 0.0116585 0.0362974 0.0000000 0.0000000 0.0000000 0.0000000 0.0315224 0.0915749
 11 G  11 0.1235080 0.0000000 0.1058828 0.0153271 0.0000000 0.0521538 0.0000000 0.3878534 0.1727460 0.0042256 0.0073176 0.0000000 0.0000000 0.0185885 0.0028018 0.0565036 0.0355545 0.0000000 0.0116041 0.0059334
 12 K  12 0.0154902 0.1985634 0.0324541 0.0121317 0.0000000 0.0090994 0.0000000 0.0203040 0.0041520 0.0000000 0.0183493 0.6549717 0.0000000 0.0000000 0.0000000 0.0214725 0.0045636 0.0000000 0.0054622 0.0029859
 13 S  13 0.0910800 0.0230239 0.0430076 0.0543905 0.0000000 0.0197593 0.2292225 0.0181789 0.0000000 0.0092234 0.0660220 0.2215090 0.0052147 0.0099035 0.0513859 0.1129550 0.0125435 0.0171096 0.0028918 0.0125787
 14 A  14 0.4871214 0.0044521 0.0054763 0.0000000 0.1166273 0.0057676 0.0000000 0.0057005 0.0000000 0.0235653 0.0042804 0.0000000 0.0000000 0.0031608 0.0186341 0.1026311 0.0744745 0.0042194 0.0113138 0.1325755
 15 R  15 0.0165656 0.2916083 0.1101526 0.0043587 0.0000000 0.0187041 0.0075674 0.0054972 0.0141215 0.0000000 0.0306257 0.4221148 0.0111107 0.0119913 0.0000000 0.0204934 0.0153860 0.0000000 0.0111689 0.0085337
 16 D  16 0.0140538 0.0042941 0.0510407 0.6398443 0.0000000 0.0154161 0.1085611 0.0618247 0.0000000 0.0000000 0.0000000 0.0072186 0.0450074 0.0046504 0.0130945 0.0303469 0.0019066 0.0000000 0.0000000 0.0027409
 17 V  17 0.0077476 0.0000000 0.0000000 0.0000000 0.0519314 0.0000000 0.0130298 0.0000000 0.0000000 0.1313906 0.4393340 0.0000000 0.0085308 0.0068383 0.0000000 0.0217171 0.0228849 0.0000000 0.0062310 0.2903644
 18 F  18 0.0025844 0.0000000 0.0000000 0.0000000 0.0000000 0.0138841 0.0000000 0.0000000 0.0147730 0.0332798 0.5809615 0.0000000 0.0222606 0.2990536 0.0000000 0.0011956 0.0160402 0.0000000 0.0054177 0.0105494
 19 T  19 0.0195599 0.0317716 0.1731090 0.0118885 0.0000000 0.0210755 0.0172685 0.0413672 0.0084785 0.0412244 0.1054768 0.0763566 0.0082547 0.0268602 0.1113706 0.0766008 0.1464225 0.0000000 0.0711277 0.0117870
 20 K  20 0.0269096 0.0951822 0.0702145 0.0558407 0.0000000 0.0556839 0.0207617 0.0477909 0.0110392 0.0131413 0.0000000 0.4030978 0.0000000 0.0000000 0.0332162 0.0660420 0.0901004 0.0036153 0.0000000 0.0073642
 21 G  21 0.0087710 0.0138201 0.1466092 0.4070188 0.0000000 0.0445215 0.0125209 0.2812884 0.0091291 0.0000000 0.0000000 0.0213201 0.0000000 0.0078789 0.0144864 0.0233250 0.0000000 0.0000000 0.0000000 0.0093107
 22 Y  22 0.0080826 0.0000000 0.0000000 0.0040182 0.0000000 0.0029448 0.0230208 0.0000000 0.0145694 0.0019177 0.0672429 0.0042908 0.0246165 0.2356635 0.0000000 0.0209015 0.0000000 0.0030824 0.5431867 0.0464622
 23 G  23 0.0306411 0.0202661 0.1845822 0.0219607 0.0195437 0.0691144 0.0108226 0.0601704 0.1388894 0.0280529 0.0126666 0.0487288 0.0472089 0.0563400 0.0996849 0.0785719 0.0457579 0.0000000 0.0163966 0.0106008
 24 F  24 0.0361110 0.0046445 0.0298418 0.0080966 0.0000000 0.0049678 0.0147311 0.0115543 0.0486650 0.0656895 0.0485855 0.0100527 0.0285433 0.4186818 0.0220724 0.0670911 0.0962997 0.0000000 0.0578678 0.0265040
 25 G  25 0.0240492 0.0000000 0.0449462 0.2434223 0.0025051 0.0122224 0.1477285 0.2768046 0.0226384 0.0000000 0.0022048 0.0050230 0.0062314 0.0000000 0.0024567 0.0989886 0.1100359 0.0000000 0.0000000 0.0007429
 26 L  26 0.0654345 0.0125221 0.0061442 0.0046230 0.0015859 0.0900666 0.0105188 0.3556912 0.0675868 0.0162466 0.0802988 0.0520404 0.0112571 0.0374882 0.0384213 0.0467779 0.0439672 0.0000000 0.0000000 0.0593295
 27 I  27 0.1624440 0.0258815 0.0330178 0.0000000 0.0191287 0.0251611 0.0000000 0.0240362 0.0337465 0.0511919 0.1567735 0.0062369 0.0161681 0.0939112 0.0000000 0.0187292 0.0565381 0.1423029 0.0349692 0.0997632
 28 K  28 0.0353946 0.2304576 0.0336622 0.0085752 0.0000000 0.0476098 0.0183598 0.0048373 0.0525435 0.0103677 0.0121840 0.4223823 0.0000000 0.0037530 0.0000000 0.0464675 0.0515126 0.0000000 0.0068628 0.0150299
 29 L  29 0.1326937 0.0000000 0.0000000 0.0000000 0.0055521 0.0000000 0.0000000 0.0019972 0.0000000 0.0955546 0.4061547 0.0000000 0.0210781 0.2447142 0.0000000 0.0000000 0.0076115 0.0000000 0.0078395 0.0768043
 30 D  30 0.0106489 0.0028249 0.0493411 0.3046209 0.0012653 0.0203736 0.2188346 0.0055709 0.0212049 0.0219581 0.0164979 0.0348801 0.0401384 0.0190060 0.0000000 0.0961081 0.0844686 0.0000000 0.0045819 0.0476759
 31 L  31 0.0359896 0.0000000 0.0027659 0.0039334 0.1048991 0.0032711 0.0000000 0.0090868 0.0000000 0.1399445 0.2897355 0.0033399 0.0254849 0.0491098 0.0022316 0.0367235 0.0151848 0.0000000 0.0220457 0.2562540
 32 K  32 0.0291953 0.0104917 0.1373814 0.0161616 0.0077187 0.0116722 0.0180820 0.0116794 0.0132286 0.0044616 0.0202090 0.3001802 0.0000000 0.0000000 0.0047520 0.2008740 0.1980065 0.0000000 0.0098928 0.0060129
 33 T  33 0.0248256 0.0283740 0.0211776 0.0100594 0.0132539 0.0130855 0.0061353 0.0352602 0.0549974 0.0071644 0.0102016 0.1895529 0.0046884 0.0237791 0.0040513 0.1608898 0.3705052 0.0000000 0.0176508 0.0043475
 34 K  34 0.0412489 0.0231704 0.0484733 0.0085092 0.0067614 0.0428770 0.0110463 0.1030787 0.0075681 0.0100629 0.0328277 0.2683419 0.0289526 0.0196580 0.0308107 0.0888492 0.1072895 0.0069890 0.0549187 0.0585667
 35 S  35 0.1359311 0.0000000 0.0090349 0.0000000 0.0021926 0.0059967 0.0039879 0.0448120 0.0114783 0.0619667 0.1572015 0.0078846 0.0102538 0.0468742 0.0149020 0.1966211 0.2138069 0.0000000 0.0000000 0.0770556
 36 E  36 0.0649950 0.0160382 0.0985309 0.0300690 0.0106255 0.0416157 0.0685489 0.0297495 0.0000000 0.0168853 0.0137942 0.0628440 0.0062543 0.0286937 0.1845822 0.2647292 0.0397930 0.0000000 0.0066418 0.0156095
 37 N  37 0.0398561 0.0203750 0.2899691 0.0569055 0.0060196 0.0383081 0.0225272 0.0442506 0.0292180 0.0196868 0.0310161 0.0570675 0.0424054 0.0015625 0.0264913 0.1902051 0.0680781 0.0058019 0.0093833 0.0008729
 38 G  38 0.0052214 0.0077138 0.1733812 0.0861833 0.0032722 0.0128186 0.0084426 0.4813709 0.0716174 0.0028433 0.0048333 0.0565555 0.0015426 0.0027074 0.0120145 0.0214756 0.0170027 0.0000000 0.0160577 0.0149458
 39 L  39 0.0264304 0.0000000 0.0000000 0.0000000 0.0117474 0.0137920 0.0037952 0.0000000 0.0138666 0.0606114 0.1296090 0.0763974 0.0223178 0.1646657 0.0747297 0.0039575 0.0549795 0.0044253 0.0208144 0.3178608
 40 E  40 0.2103583 0.0247108 0.0370844 0.0199738 0.0000000 0.1026044 0.1478950 0.0569999 0.0126012 0.0259271 0.0124175 0.0691812 0.0000000 0.0357320 0.0312651 0.0473891 0.0942226 0.0041794 0.0265298 0.0409284
 41 F  41 0.0145184 0.0000000 0.0148653 0.0000000 0.0043546 0.0100038 0.0000000 0.0029473 0.0026875 0.1164873 0.2322695 0.0000000 0.0219924 0.4168072 0.0049014 0.0124113 0.0110847 0.0000000 0.0153304 0.1193389
 42 T  42 0.0211791 0.0264445 0.0914065 0.0125837 0.0041122 0.0435178 0.0123245 0.0413451 0.0036743 0.0279842 0.0120268 0.0820332 0.0013850 0.0233187 0.0249952 0.2452384 0.2782015 0.0000000 0.0294319 0.0187977
 43 S  43 0.1310563 0.0028962 0.0371384 0.0000000 0.0171044 0.0038351 0.0041096 0.0075018 0.1428235 0.0163537 0.0493034 0.0056567 0.0320402 0.0118469 0.0060446 0.2095851 0.1577723 0.0000000 0.0078779 0.1570538
 44 S  44 0.0693972 0.0170454 0.0625920 0.0124504 0.0076782 0.0308904 0.0243710 0.0572880 0.0059253 0.0122943 0.0079727 0.0838888 0.0000000 0.0537449 0.0309903 0.2040413 0.2741093 0.0000000 0.0205716 0.0247491
 45 G  45 0.1193453 0.0000000 0.0037906 0.0000000 0.0085723 0.0040434 0.0102665 0.3981825 0.0125151 0.0652449 0.0718035 0.0022375 0.0079211 0.0441292 0.0612493 0.0810715 0.0336404 0.0025894 0.0169703 0.0564272
 46 S  46 0.0588967 0.0185130 0.0502590 0.0224322 0.0065788 0.0115021 0.0440143 0.0038179 0.0369637 0.0242011 0.1050682 0.0828069 0.0071948 0.0580076 0.0118388 0.1569469 0.1417976 0.0067132 0.0332022 0.1192450
 47 A  47 0.0851738 0.0438491 0.0174510 0.0093240 0.0000000 0.1011903 0.0310652 0.0710767 0.0546486 0.0117724 0.0616922 0.1448615 0.0861870 0.0996260 0.0112363 0.1231708 0.0307429 0.0036885 0.0000000 0.0132438
 48 N  48 0.0737160 0.0629287 0.1197077 0.0630554 0.0053027 0.0469564 0.0091484 0.0641788 0.0058317 0.0283705 0.0329604 0.1381728 0.0061238 0.0130523 0.0239270 0.1442166 0.0833944 0.0000000 0.0350652 0.0438912
 49 T  49 0.0470206 0.0040236 0.1250999 0.0310041 0.0000000 0.0648447 0.0147358 0.1368095 0.0403638 0.0681605 0.0408243 0.0309144 0.0047452 0.0216469 0.0928465 0.1124099 0.0839100 0.0000000 0.0174902 0.0631501
 50 E  50 0.0435976 0.0190668 0.0623756 0.1813651 0.0000000 0.0363662 0.1291027 0.0437395 0.0280445 0.0112349 0.0169400 0.1313745 0.0013943 0.0249122 0.0067355 0.1680305 0.0763988 0.0016341 0.0000000 0.0176871
 51 T  51 0.0500292 0.0191683 0.0538006 0.0996515 0.0000000 0.0068967 0.0477988 0.0646184 0.0831665 0.0447284 0.1056665 0.0317750 0.0178286 0.0656611 0.0292452 0.1053036 0.1079162 0.0079590 0.0260948 0.0326915
 52 T  52 0.0509140 0.0057277 0.0764083 0.0109177 0.0000000 0.0489927 0.0193458 0.3175728 0.0269370 0.0033563 0.0358986 0.0531368 0.0108360 0.0139379 0.0444582 0.1144862 0.0532006 0.0000000 0.0794420 0.0344312
 53 K  53 0.1140944 0.0459688 0.0449159 0.0427257 0.0000000 0.0098881 0.0130460 0.0315425 0.0370806 0.0131872 0.0667873 0.1738497 0.0000000 0.0571239 0.1040323 0.0997003 0.0913119 0.0000000 0.0109196 0.0438258
 54 V  54 0.1219862 0.0120429 0.0100591 0.0088172 0.0000000 0.0067595 0.0083651 0.0242737 0.0066277 0.1421073 0.0990261 0.0033528 0.0222261 0.1315448 0.0417136 0.0850591 0.0612429 0.0000000 0.0072691 0.2075267
 55 T  55 0.0731936 0.0000000 0.0650451 0.0439523 0.0091667 0.0359166 0.0229193 0.0859710 0.0315913 0.0203718 0.0579070 0.0378794 0.0510915 0.0895722 0.0154845 0.1901051 0.0729642 0.0031399 0.0442017 0.0495268
 56 G  56 0.1663872 0.0163058 0.0109490 0.0000000 0.0000000 0.0032001 0.0010788 0.4647451 0.0000000 0.0034283 0.0138044 0.0034085 0.0167223 0.0167989 0.0023488 0.0734780 0.0376901 0.0000000 0.1022883 0.0673664
 57 S  57 0.0588515 0.0060750 0.1082337 0.1340903 0.0024497 0.0313933 0.0870921 0.1149294 0.0075105 0.0059162 0.0156225 0.0424729 0.0000000 0.0149255 0.0190138 0.2021068 0.1072495 0.0000000 0.0160883 0.0259789
 58 L  58 0.0196637 0.0320686 0.0119473 0.0189732 0.0075681 0.0409048 0.0058211 0.0190954 0.0021107 0.1186176 0.2720350 0.0051828 0.0221741 0.0754788 0.0000000 0.0438660 0.0622653 0.0000000 0.0466693 0.1955582
 59 E  59 0.0444618 0.0014072 0.0226139 0.0166663 0.0063898 0.1103219 0.2930690 0.1339239 0.0248047 0.0217910 0.0333243 0.0538535 0.0169360 0.0099677 0.0154381 0.0516555 0.0519440 0.0000000 0.0246919 0.0667394
 60 T  60 0.1909943 0.0096692 0.0337760 0.0054879 0.0000000 0.0042236 0.0074858 0.1663474 0.0031240 0.0316578 0.0606046 0.0000000 0.0101121 0.0107990 0.0454490 0.0741026 0.2125382 0.0069149 0.0548204 0.0718929
 61 K  61 0.0510125 0.0460913 0.0694235 0.0172394 0.0017410 0.0908309 0.0142639 0.0376401 0.0061937 0.0030826 0.0766574 0.3494676 0.0027894 0.0205078 0.0572407 0.0375284 0.0768597 0.0000000 0.0261024 0.0153278
 62 Y  62 0.0065583 0.0000000 0.0195747 0.0000000 0.0000000 0.0238780 0.0174211 0.0281156 0.0239343 0.0275516 0.0662776 0.0710986 0.0229015 0.1328958 0.0365549 0.0141107 0.0297225 0.0113186 0.4174829 0.0506033
 63 R  63 0.0538883 0.0464834 0.0460936 0.0260063 0.0056827 0.1003976 0.0477138 0.0191827 0.0020110 0.0191713 0.0262274 0.2671607 0.0089540 0.0065094 0.0413774 0.1347965 0.0760225 0.0000000 0.0162449 0.0560765
 64 W  64 0.0488794 0.0128063 0.0775051 0.1288475 0.0388528 0.0320130 0.0155491 0.0138619 0.0255289 0.0700797 0.0792848 0.0030256 0.0333571 0.1176907 0.0526064 0.0360636 0.0324255 0.0299928 0.0958865 0.0557432
 65 T  65 0.1165197 0.0166991 0.0509397 0.0262502 0.0324887 0.0401911 0.0514335 0.1670781 0.0102868 0.0043480 0.0121783 0.1723472 0.0111664 0.0055832 0.1061295 0.0866858 0.0612246 0.0000000 0.0098768 0.0185735
 66 E  66 0.1057812 0.0147879 0.0483848 0.0909144 0.0045375 0.0348720 0.0863768 0.0557521 0.0335003 0.0336109 0.0270297 0.1078389 0.0074097 0.0704756 0.1153562 0.0775333 0.0397118 0.0000000 0.0110778 0.0350491
 67 Y  67 0.0431639 0.0055470 0.0822177 0.0136607 0.0095445 0.0341012 0.0173093 0.0581175 0.0225038 0.0012527 0.0449801 0.0402084 0.0021558 0.0655953 0.0221071 0.1189516 0.1440675 0.0250990 0.2312620 0.0181548
 68 G  68 0.0777434 0.0154502 0.1870702 0.0323487 0.0000000 0.0069868 0.0776994 0.3147977 0.0494199 0.0084726 0.0286149 0.0155282 0.0185223 0.0633015 0.0123477 0.0269421 0.0311822 0.0000000 0.0224168 0.0111554
 69 L  69 0.0819803 0.0000000 0.0185814 0.0040262 0.0014285 0.0040280 0.0175519 0.0136380 0.0075843 0.0970653 0.3456640 0.0070051 0.0602381 0.0583340 0.0363032 0.0262710 0.0756887 0.0000000 0.0072545 0.1373575
 70 T  70 0.0535084 0.0000000 0.0236272 0.0296551 0.0127510 0.0077757 0.0108849 0.0204784 0.0124831 0.0227518 0.0333561 0.0554958 0.0276198 0.0887511 0.0139434 0.1119022 0.3062575 0.0021849 0.0964140 0.0701596
 71 F  71 0.1135335 0.0042711 0.0110450 0.0076973 0.0090615 0.0111028 0.0204195 0.0739772 0.0080228 0.0625687 0.2450172 0.0239874 0.0197333 0.1472189 0.0533882 0.0226078 0.0440950 0.0021433 0.0147031 0.1054063
 72 T  72 0.0220508 0.0059285 0.0682471 0.1540931 0.0131401 0.0108439 0.0474646 0.0098286 0.0000000 0.0415225 0.0340495 0.0915834 0.0081398 0.0055935 0.0289516 0.0979335 0.2946636 0.0000000 0.0000000 0.0659659
 73 V  73 0.0457374 0.0000000 0.0240827 0.0396797 0.0108807 0.1505647 0.1398975 0.1027092 0.0000000 0.0695577 0.1071850 0.0138153 0.0162175 0.0295006 0.0151292 0.0366004 0.0138683 0.0028768 0.0257733 0.1559239
 74 K  74 0.0715241 0.0977790 0.0461366 0.0516168 0.0000000 0.0225027 0.0350410 0.0514473 0.0028089 0.0103606 0.0322392 0.3461935 0.0282218 0.0039055 0.0079875 0.0702363 0.0806770 0.0000000 0.0000000 0.0413219
 75 W  75 0.0417441 0.0066213 0.0145756 0.0041561 0.0016825 0.0084073 0.0000000 0.0638908 0.0000000 0.0836694 0.1051940 0.0020722 0.0153936 0.0213032 0.0276520 0.0155816 0.0464619 0.2852974 0.0300791 0.2262181
 76 N  76 0.0078418 0.0113183 0.2028839 0.2722920 0.0010831 0.0204124 0.0101266 0.0117585 0.0046128 0.0081071 0.0798141 0.0085838 0.0264954 0.0992776 0.0150977 0.1194895 0.0926340 0.0000000 0.0000000 0.0081713
 77 T  77 0.0383692 0.0232763 0.0522035 0.0146046 0.0065907 0.0128052 0.0000000 0.0574965 0.0171511 0.0507763 0.0600743 0.0067009 0.0641328 0.0151040 0.0487908 0.1266933 0.3850473 0.0020791 0.0000000 0.0181041
 78 D  78 0.0919636 0.0263348 0.0836257 0.3047574 0.0089969 0.1286660 0.0735500 0.0243577 0.0155535 0.0071168 0.0115179 0.0481951 0.0163349 0.0045805 0.0039610 0.1044610 0.0233762 0.0000000 0.0116830 0.0109680
 79 N  79 0.0350954 0.0294966 0.2944426 0.0151004 0.0055517 0.0112095 0.0067827 0.3484406 0.0000000 0.0212145 0.0313426 0.0051669 0.0000000 0.0027974 0.0244395 0.1266188 0.0163945 0.0074030 0.0000000 0.0185033
 80 T  80 0.0583537 0.0848039 0.1848895 0.0612786 0.0017873 0.0324334 0.0420549 0.0100379 0.0176571 0.0342698 0.0603578 0.0560169 0.0052407 0.0095925 0.0149564 0.1127841 0.1067153 0.0122439 0.0067372 0.0877890
 81 L  81 0.0318736 0.0079561 0.0129890 0.0025745 0.0077787 0.0000000 0.0028620 0.0664493 0.0087429 0.1343928 0.4160559 0.0177219 0.0622585 0.0292446 0.0021865 0.0254285 0.0028730 0.0174838 0.0142435 0.1368849
 82 G  82 0.0449586 0.0412028 0.1363577 0.1770175 0.0032270 0.0191214 0.0238825 0.0806145 0.0116099 0.0142968 0.1010356 0.0561080 0.0098685 0.0532352 0.0000000 0.1238686 0.0661174 0.0000000 0.0147975 0.0226805
 83 T  83 0.1384756 0.0000000 0.0923243 0.0057051 0.0041295 0.0035926 0.0105294 0.0998701 0.0113597 0.0433227 0.0971040 0.0000000 0.0187680 0.0127988 0.0214009 0.0946513 0.2983610 0.0034454 0.0000000 0.0441617
 84 E  84 0.0154579 0.0817461 0.0876858 0.1395748 0.0000000 0.0545726 0.2011048 0.0113297 0.0149789 0.0164232 0.0073107 0.1141060 0.0022286 0.0085494 0.0000000 0.0675321 0.1636064 0.0000000 0.0000000 0.0137929
 85 I  85 0.1370539 0.0040715 0.0000000 0.0000000 0.0000000 0.0071752 0.0000000 0.1420841 0.0000000 0.2193821 0.1426719 0.0150348 0.0197395 0.0520451 0.0000000 0.0110850 0.0157190 0.0000000 0.0312330 0.2027048
 86 T  86 0.0625823 0.0286141 0.0698449 0.0410880 0.0053698 0.0495179 0.1400735 0.0670606 0.0182112 0.0509617 0.0134915 0.0936947 0.0104849 0.0025911 0.0000000 0.1223144 0.2136043 0.0000000 0.0022924 0.0082027
 87 V  87 0.0455586 0.0153456 0.0037364 0.0000000 0.0184805 0.0145072 0.0000000 0.0000000 0.0440839 0.1083672 0.2768946 0.0029032 0.0264729 0.0876387 0.0100431 0.0182122 0.0157615 0.0038986 0.0765494 0.2315463
 88 E  88 0.0737874 0.0442795 0.1230428 0.0989004 0.0012290 0.0682225 0.1282841 0.0321161 0.0218166 0.0380109 0.0339971 0.0478897 0.0154881 0.0106912 0.0230963 0.1248491 0.0848992 0.0000000 0.0144521 0.0149480
 89 D  89 0.1217352 0.0139361 0.1448825 0.2683739 0.0059684 0.0092746 0.0616657 0.1728363 0.0644409 0.0019929 0.0153377 0.0139639 0.0089595 0.0000000 0.0260954 0.0227488 0.0296549 0.0029571 0.0064877 0.0086883
 90 Q  90 0.0350471 0.1671179 0.0496074 0.0162952 0.0063428 0.1640392 0.0986344 0.0167492 0.0372937 0.0208414 0.0933406 0.1042319 0.0057384 0.0187198 0.0189392 0.0412758 0.0401699 0.0057295 0.0094307 0.0504558
 91 L  91 0.0408764 0.0039758 0.0145526 0.0085423 0.0027253 0.0108599 0.0043669 0.0366240 0.0080433 0.1598184 0.3780168 0.0113342 0.0158968 0.1448390 0.0481553 0.0061244 0.0072609 0.0025874 0.0113995 0.0840007
 92 A  92 0.2242752 0.0194383 0.1225371 0.0183824 0.0217666 0.0035701 0.0075591 0.0439357 0.0187942 0.0678398 0.0587997 0.0080072 0.0196470 0.0341111 0.0075592 0.0686641 0.1347535 0.0106816 0.0076882 0.1019899
 93 R  93 0.0165963 0.0229410 0.0396738 0.0748914 0.0047089 0.0463811 0.0696483 0.0698960 0.0669917 0.0162912 0.0201160 0.1711274 0.0000000 0.0110309 0.2399003 0.0295835 0.0058765 0.0105862 0.0717938 0.0119658
 94 G  94 0.0129357 0.1642592 0.0517926 0.0186227 0.0059351 0.0231690 0.0122162 0.5249109 0.0104275 0.0000000 0.0054771 0.0237473 0.0000000 0.0106487 0.0112779 0.0557258 0.0354273 0.0108295 0.0086498 0.0139478
 95 L  95 0.0339306 0.0053602 0.0010639 0.0000000 0.0080131 0.0032844 0.0000000 0.0034687 0.0196540 0.0563179 0.4987349 0.0117067 0.0197903 0.0518370 0.0000000 0.0086039 0.0515050 0.1354905 0.0000000 0.0912390
 96 K  96 0.0203921 0.0786569 0.0809174 0.0613811 0.0089734 0.0101023 0.0259504 0.0206346 0.0046926 0.0053167 0.0133510 0.4285446 0.0156353 0.0300684 0.0021094 0.0811675 0.0964955 0.0000000 0.0073809 0.0082301
 97 L  97 0.1518357 0.0000000 0.0281481 0.0171916 0.0287106 0.0134330 0.0183147 0.0393958 0.0138857 0.0421415 0.2122719 0.0521245 0.0121829 0.0168657 0.0310548 0.1063711 0.1001057 0.0000000 0.0243427 0.0916239
 98 T  98 0.0842801 0.0386208 0.0739729 0.0452223 0.0109273 0.0145561 0.1009815 0.0321700 0.0100240 0.0865951 0.0330008 0.1610563 0.0263476 0.0093952 0.0000000 0.0734653 0.1294601 0.0041568 0.0020736 0.0636941
 99 F  99 0.1042367 0.0080320 0.0417820 0.0095917 0.0063126 0.0089462 0.0034226 0.0444591 0.0111017 0.0892932 0.2601833 0.0068326 0.0229301 0.1596549 0.0009989 0.0387599 0.0316680 0.0058113 0.0372953 0.1086879
100 D 100 0.0765449 0.0642989 0.0826024 0.0910371 0.0099129 0.0558448 0.0507990 0.0187264 0.0106043 0.0861367 0.0576413 0.0731519 0.0056633 0.0162732 0.0000000 0.1403198 0.0518348 0.0030843 0.0130767 0.0924471
101 S 101 0.1284699 0.0204385 0.0097097 0.0036416 0.0379559 0.0000000 0.0088605 0.0830206 0.0022378 0.0439581 0.0355039 0.0010666 0.0039113 0.1234613 0.0029292 0.1753062 0.2252226 0.0000000 0.0420937 0.0522125
102 S 102 0.0274164 0.0593619 0.0746137 0.0069875 0.0028459 0.1493843 0.0134103 0.0196315 0.0127689 0.0145385 0.0325201 0.2549947 0.0182992 0.0140325 0.0061786 0.1526507 0.1142298 0.0041138 0.0000000 0.0220216
103 F 103 0.0405663 0.0241152 0.0051450 0.0066148 0.0162115 0.0158097 0.0000000 0.0121008 0.0093330 0.1074175 0.2017215 0.0500157 0.0236360 0.1785301 0.0054326 0.0271657 0.0392004 0.0074529 0.0629115 0.1666197
104 S 104 0.0829296 0.0027692 0.0897830 0.0267142 0.0163658 0.1534715 0.0208167 0.0388225 0.0000000 0.0229934 0.0768277 0.0241816 0.0159535 0.0000000 0.1543855 0.0760860 0.0960815 0.0050054 0.0153710 0.0814418
105 P 105 0.0504508 0.0223831 0.0683892 0.1482754 0.0000000 0.0169709 0.0359377 0.0343156 0.0050463 0.0108140 0.0701716 0.0346141 0.0048315 0.0268473 0.3273590 0.0450606 0.0535847 0.0000000 0.0172484 0.0276999
106 N 106 0.0770426 0.0103341 0.1016316 0.0672931 0.0028870 0.2647822 0.0992993 0.0457596 0.0554713 0.0191955 0.0080701 0.0554329 0.0063004 0.0412231 0.0050684 0.0700284 0.0118214 0.0046603 0.0331797 0.0205190
107 T 107 0.0507401 0.0126919 0.0683178 0.0473629 0.0035850 0.0458190 0.0448537 0.0102259 0.0061992 0.0660755 0.0790127 0.1011228 0.0182327 0.0186156 0.0622982 0.1157668 0.1823933 0.0000000 0.0025798 0.0641071
108 G 108 0.0941870 0.0101968 0.0846301 0.0747603 0.0114222 0.0712871 0.0219409 0.2032102 0.0563173 0.0034389 0.0148827 0.0337403 0.0436605 0.0218411 0.0219841 0.1223776 0.0548513 0.0000000 0.0194514 0.0358203
109 K 109 0.1120536 0.0100387 0.0898718 0.0737617 0.0081624 0.0883462 0.0534247 0.0457004 0.0116744 0.0253195 0.0293320 0.1427383 0.0182953 0.0245085 0.0460494 0.1079122 0.0484726 0.0020771 0.0246357 0.0376256
110 K 110 0.0730286 0.0621821 0.0278987 0.0464001 0.0148062 0.0475443 0.0174390 0.1113404 0.0099797 0.0123311 0.0050052 0.3133880 0.0037701 0.0588516 0.0150114 0.1161207 0.0279702 0.0000000 0.0190992 0.0178335
111 N 111 0.0659649 0.0089199 0.0877015 0.0305478 0.0014692 0.1148481 0.0237694 0.0858914 0.0147022 0.0097442 0.0224948 0.0553400 0.0069771 0.0191717 0.0277423 0.3020936 0.0981440 0.0000000 0.0069384 0.0175395
112 A 112 0.2137048 0.0030967 0.0125303 0.0144530 0.0192894 0.0152869 0.0060326 0.3091238 0.0117571 0.0246904 0.0749421 0.0332500 0.0047921 0.0597571 0.0402610 0.0413013 0.0180904 0.0114120 0.0165460 0.0696829
113 K 113 0.0277077 0.0522028 0.0299325 0.0209311 0.0000000 0.1064970 0.0461328 0.0091090 0.0511444 0.0100763 0.0443954 0.3923086 0.0516839 0.0181588 0.0140079 0.0441669 0.0448942 0.0071119 0.0095920 0.0199467
114 I 114 0.0795788 0.0162733 0.0189650 0.0148910 0.0160263 0.0022608 0.0014189 0.0402374 0.0054109 0.0710850 0.2849888 0.0036226 0.0412449 0.1097749 0.0056772 0.0441290 0.0231733 0.0000000 0.0311401 0.1901016
115 K 115 0.0393799 0.0204600 0.1655924 0.0599234 0.0000000 0.0230621 0.1626289 0.0787495 0.0242476 0.0198922 0.0319718 0.1509548 0.0689930 0.0092614 0.0000000 0.0413634 0.0650289 0.0037617 0.0112565 0.0234726
116 T 116 0.1416009 0.0000000 0.0268290 0.0074789 0.0494817 0.0034825 0.0000000 0.0298097 0.0080542 0.0641159 0.2012699 0.0000000 0.0179571 0.0877425 0.0000000 0.0362095 0.0945542 0.0342001 0.0041217 0.1930921
117 G 117 0.0387095 0.0174587 0.0394692 0.1160393 0.0000000 0.3594643 0.0913928 0.0557919 0.0362108 0.0062681 0.0052827 0.0555305 0.0000000 0.0132516 0.0000000 0.0824389 0.0376266 0.0000000 0.0253891 0.0196761
118 Y 118 0.0351773 0.0000000 0.0000000 0.0036508 0.0079020 0.0033613 0.0044003 0.0114742 0.0237565 0.0368335 0.1527057 0.0000000 0.0259774 0.1498140 0.0000000 0.0242420 0.0296909 0.0154482 0.4452774 0.0302886
119 K 119 0.0611962 0.0402265 0.0043263 0.0659733 0.0094246 0.0329802 0.1475050 0.0646663 0.0088666 0.0061888 0.1001247 0.2282001 0.0155434 0.0525714 0.0000000 0.0274861 0.0888973 0.0040976 0.0011580 0.0405677
120 R 120 0.0234450 0.0737799 0.0910862 0.0096117 0.0052321 0.1593456 0.0061304 0.1316930 0.2252482 0.0149029 0.0511940 0.0289176 0.0098970 0.0084767 0.0000000 0.0455224 0.0598568 0.0000000 0.0355842 0.0200761
121 E 121 0.0259129 0.0213803 0.0229300 0.3296204 0.0000000 0.0248733 0.2640359 0.0286362 0.0108571 0.0000000 0.0105117 0.0556383 0.0000000 0.0035524 0.1233156 0.0622809 0.0118330 0.0000000 0.0000000 0.0046221
122 H 122 0.0268682 0.0410514 0.1081587 0.0736274 0.0087977 0.0110030 0.0043618 0.0376509 0.0941337 0.0134191 0.0352425 0.0328981 0.0040227 0.0782045 0.0362393 0.0505619 0.0302388 0.0000000 0.2915251 0.0219953
123 I 123 0.1350577 0.0804259 0.0224009 0.0036070 0.0070078 0.0695811 0.0090035 0.0183918 0.0197852 0.0702548 0.0812197 0.0542814 0.0255007 0.1559642 0.0058028 0.0295344 0.0491664 0.0082605 0.0584605 0.0962936
124 N 124 0.1233725 0.0417146 0.1282359 0.0033142 0.0066172 0.0090890 0.0175870 0.3252135 0.0852347 0.0092478 0.0079078 0.0349063 0.0058495 0.0155323 0.0109605 0.0649351 0.0906870 0.0000000 0.0084473 0.0111476
125 L 125 0.1525822 0.0187484 0.0480795 0.0521934 0.0132188 0.0146647 0.0172268 0.0556025 0.0000000 0.1315954 0.1379333 0.0179986 0.0098135 0.0488216 0.0101017 0.1047927 0.0651714 0.0064090 0.0099517 0.0850947
126 G 126 0.0282444 0.1161985 0.0986332 0.2497772 0.0169088 0.0550290 0.0152294 0.0499260 0.0134038 0.0101065 0.0274220 0.0590714 0.0022146 0.0105841 0.0010206 0.0918192 0.1200979 0.0055705 0.0137764 0.0149665
127 C 127 0.1966498 0.0000000 0.0061810 0.0000000 0.0640819 0.0048670 0.0000000 0.0800225 0.0030925 0.0071755 0.0937841 0.0040470 0.0320192 0.1434094 0.0057505 0.1100425 0.1086974 0.0173534 0.0897013 0.0331251
128 D 128 0.0515322 0.0350816 0.0348075 0.1207327 0.0125277 0.0704529 0.0264990 0.0132414 0.0093074 0.0055216 0.0167788 0.0819429 0.0081089 0.0537927 0.0283555 0.2307047 0.1647783 0.0000000 0.0032440 0.0325902
129 M 129 0.1726335 0.0000000 0.0000000 0.0000000 0.0101452 0.0021690 0.0000000 0.0109382 0.0105113 0.1682772 0.2037294 0.0066954 0.0314810 0.1146760 0.0000000 0.0175380 0.0309540 0.0000000 0.0210734 0.1991784
130 D 130 0.0752856 0.0063718 0.1399754 0.2282456 0.0037364 0.0096463 0.0369692 0.1981225 0.0144024 0.0044470 0.0000000 0.0274848 0.0000000 0.0199224 0.0129599 0.1558830 0.0458275 0.0000000 0.0071674 0.0135528
131 F 131 0.0258201 0.0000000 0.0494382 0.0103402 0.0094047 0.0085760 0.0065449 0.0224378 0.0030374 0.0977376 0.4294763 0.0148127 0.0200809 0.1301355 0.0023995 0.0110339 0.0121897 0.0064686 0.0253314 0.1147345
132 D 132 0.0333349 0.0108181 0.1566454 0.1223371 0.0143572 0.0249133 0.0287917 0.0462048 0.0087610 0.0201080 0.0423783 0.2562010 0.0113682 0.0195230 0.0024115 0.0389029 0.1430444 0.0049504 0.0030085 0.0119402
133 I 133 0.1155898 0.0360766 0.0517823 0.0154446 0.0147409 0.0441598 0.0109518 0.0407303 0.0141711 0.0389076 0.1803749 0.0351233 0.0356047 0.0651472 0.0488787 0.0665898 0.0940632 0.0065201 0.0171526 0.0679907
134 A 134 0.1873495 0.0109799 0.0258465 0.0131752 0.0042699 0.0050455 0.0093483 0.1269928 0.0041577 0.0592388 0.1227467 0.1151003 0.0179899 0.0439976 0.0213355 0.1169255 0.0389133 0.0000000 0.0433060 0.0332810
135 G 135 0.0590864 0.0124505 0.3557356 0.0350834 0.0000000 0.0145198 0.0108874 0.2294381 0.0027502 0.0506110 0.0152576 0.0188168 0.0000000 0.0529319 0.0023922 0.0615034 0.0379390 0.0000000 0.0237885 0.0168081
136 P 136 0.0449738 0.0136832 0.0114934 0.0061453 0.0000000 0.0332257 0.0183028 0.0429447 0.0026987 0.0080013 0.0166366 0.0590846 0.0072419 0.0155062 0.6549867 0.0116461 0.0455595 0.0044801 0.0000000 0.0033895
137 S 137 0.0842920 0.0000000 0.0235724 0.1214999 0.0000000 0.0217289 0.0110827 0.0202174 0.0063830 0.1092622 0.1153410 0.0532359 0.0115424 0.0019864 0.0154626 0.1832964 0.0872567 0.0171406 0.0122205 0.1044792
138 I 138 0.0712560 0.0075361 0.0363429 0.0000000 0.0159067 0.0000000 0.0113393 0.0104537 0.0000000 0.2103201 0.1333674 0.0056947 0.0241689 0.1221881 0.0042394 0.0270943 0.0283514 0.0047961 0.0451545 0.2417905
139 R 139 0.0181074 0.0178295 0.2183669 0.0790429 0.0077141 0.0292679 0.0598705 0.0170564 0.0668295 0.0290688 0.1219337 0.0248095 0.0024137 0.0055045 0.0000000 0.0896719 0.0909551 0.0112499 0.0744492 0.0358585
140 G 140 0.0984075 0.0137580 0.0273176 0.0323928 0.0139316 0.0173224 0.0735910 0.1635794 0.0215835 0.0513230 0.1279645 0.0096271 0.0188814 0.0849275 0.0305611 0.0631703 0.0411100 0.0000000 0.0125772 0.0979740
141 A 141 0.1137710 0.0157510 0.0178985 0.0894749 0.0000000 0.0587393 0.0301655 0.1389653 0.0045702 0.0030577 0.0105846 0.0276476 0.0062866 0.0159099 0.0403498 0.3177597 0.0653711 0.0061089 0.0204636 0.0171248
142 L 142 0.2323079 0.0125832 0.0278721 0.0020357 0.0040929 0.0076105 0.0040642 0.2039999 0.0162785 0.0260177 0.1726988 0.0231717 0.0116898 0.0218805 0.0000000 0.1288221 0.0358337 0.0067709 0.0106103 0.0516594
143 V 143 0.0580683 0.0000000 0.0196952 0.0000000 0.0348608 0.0187639 0.0000000 0.0437776 0.0212884 0.0586538 0.0858436 0.0069728 0.0104318 0.0450454 0.0000000 0.0504769 0.1249429 0.0000000 0.0225867 0.3985921
144 L 144 0.0431808 0.0086647 0.0019366 0.0000000 0.0012473 0.0038648 0.0000000 0.0165901 0.0054447 0.1435594 0.1993208 0.0078717 0.1169467 0.1121344 0.0129693 0.0250213 0.0989324 0.0112398 0.0381753 0.1528999
145 G 145 0.1001969 0.0274851 0.0188201 0.0057615 0.0000000 0.0201932 0.0037343 0.5345177 0.0292458 0.0821791 0.0098289 0.0410448 0.0102594 0.0000000 0.0068987 0.0411925 0.0030114 0.0000000 0.0060856 0.0595452
146 Y 146 0.0177029 0.0300374 0.0532842 0.0081943 0.0091621 0.0158567 0.0037923 0.0138582 0.0966318 0.0239749 0.0318598 0.0130706 0.0000000 0.0276116 0.0020739 0.0722462 0.3660417 0.0000000 0.1727334 0.0418680
147 E 147 0.0129847 0.0282997 0.0802851 0.0830528 0.0000000 0.0687628 0.1356662 0.0502638 0.0037169 0.0000000 0.0130157 0.1653083 0.0000000 0.0000000 0.2623832 0.0812141 0.0150467 0.0000000 0.0000000 0.0000000
148 G 148 0.0538760 0.1072755 0.1566203 0.0491636 0.0143892 0.0375427 0.0315315 0.2312430 0.0546627 0.0084406 0.0126902 0.1035583 0.0018077 0.0091571 0.0000000 0.0743204 0.0206046 0.0000000 0.0125076 0.0206091
149 W 149 0.0063288 0.0000000 0.0085690 0.0000000 0.0230024 0.0000000 0.0000000 0.0000000 0.0000000 0.0919112 0.3614243 0.0000000 0.0128727 0.2202042 0.0000000 0.0027435 0.0173283 0.1238121 0.0358214 0.0959822
150 L 150 0.2829152 0.0161184 0.0066797 0.0122874 0.0077079 0.0403734 0.0000000 0.0077844 0.0072961 0.0095987 0.2229681 0.0184549 0.0096336 0.0256184 0.0000000 0.1740532 0.0534977 0.0123355 0.0153128 0.0773645
151 A 151 0.1378872 0.0000000 0.0000000 0.0000000 0.0000000 0.0000000 0.0000000 0.0541445 0.0000000 0.0584991 0.4480696 0.0000000 0.0168045 0.0903370 0.0000000 0.0015997 0.0083745 0.0028382 0.0056315 0.1758142
152 G 152 0.0201554 0.0000000 0.0000000 0.0000000 0.0000000 0.0000000 0.0000000 0.9645569 0.0044866 0.0000000 0.0000000 0.0000000 0.0000000 0.0000000 0.0000000 0.0027427 0.0041222 0.0000000 0.0000000 0.0039362
153 Y 153 0.2811928 0.0020737 0.0000000 0.0000000 0.0414691 0.0028386 0.0000000 0.2112378 0.0075215 0.0320269 0.0774399 0.0000000 0.0285768 0.0222481 0.0000000 0.0367543 0.0548812 0.0040560 0.1217611 0.0759224
154 Q 154 0.0181871 0.0594771 0.0115505 0.0988705 0.0026040 0.1448986 0.5047161 0.0422780 0.0060688 0.0071901 0.0081638 0.0108487 0.0127639 0.0000000 0.0000000 0.0560254 0.0073963 0.0000000 0.0013705 0.0075906
155 M 155 0.2337540 0.0000000 0.0067116 0.0000000 0.0145463 0.0000000 0.0000000 0.0722819 0.0000000 0.0467527 0.2077678 0.0000000 0.0620632 0.0537768 0.0016167 0.0233538 0.1028549 0.0038034 0.0082110 0.1625058
156 N 156 0.1951801 0.0073335 0.0259023 0.0177798 0.0063607 0.0289291 0.0330696 0.1086978 0.0005976 0.0262072 0.0745539 0.0413198 0.0296512 0.0217839 0.0027089 0.1423053 0.0778666 0.0000000 0.0085828 0.1511698
157 F 157 0.0014252 0.0070753 0.0000000 0.0000000 0.0141666 0.0000000 0.0000000 0.0308316 0.0074706 0.0163816 0.0486350 0.0000000 0.0000000 0.2584544 0.0098691 0.0000000 0.0058553 0.0903394 0.4815356 0.0279601
158 E 158 0.0089751 0.0145357 0.1810007 0.3849666 0.0042572 0.1497145 0.0356127 0.0055331 0.0656310 0.0077944 0.0142948 0.0186952 0.0000000 0.0000000 0.0054222 0.0435513 0.0157537 0.0414721 0.0000000 0.0027898
159 T 159 0.0534125 0.0937373 0.0045945 0.0071246 0.0127464 0.0036703 0.0045996 0.0259679 0.0099093 0.1247591 0.1280552 0.0282450 0.0164284 0.0344286 0.0218497 0.0653028 0.1865117 0.0131694 0.0176810 0.1478066
160 A 160 0.1501758 0.0448560 0.0605156 0.0641742 0.0129284 0.0776215 0.0562054 0.1251453 0.0059350 0.0045407 0.0098552 0.0835142 0.0028835 0.0000000 0.1254346 0.0822312 0.0788385 0.0000000 0.0031068 0.0120380
161 K 161 0.1058004 0.0302968 0.0523342 0.0581925 0.0000000 0.0858754 0.0364766 0.0952609 0.0149176 0.0049769 0.0298802 0.1408398 0.0166125 0.0005989 0.0431430 0.1937426 0.0642208 0.0000000 0.0057908 0.0210400
162 S 162 0.1106591 0.0807812 0.0794169 0.0108317 0.0000000 0.0658148 0.0145801 0.2695246 0.0100094 0.0000000 0.0126707 0.1025289 0.0228224 0.0138364 0.0430908 0.1228500 0.0217976 0.0000000 0.0058729 0.0129126
163 R 163 0.0834198 0.0987890 0.0847015 0.0579018 0.0081428 0.0914931 0.0899750 0.0639384 0.0142126 0.0164866 0.0238577 0.1432297 0.0016162 0.0009733 0.0484597 0.1183991 0.0456920 0.0000000 0.0015820 0.0071296
164 V 164 0.0290730 0.0022777 0.0150244 0.0305867 0.0144357 0.0364984 0.0742536 0.0138692 0.0041070 0.1462279 0.2154979 0.0450245 0.0433243 0.1737013 0.0110382 0.0161698 0.0127732 0.0010530 0.0087052 0.1063590
165 T 165 0.0939349 0.0099322 0.0422644 0.0446918 0.0127659 0.0171220 0.0291870 0.0503797 0.0026448 0.0333789 0.0272623 0.0317805 0.0110362 0.0052868 0.0131504 0.2423624 0.3010387 0.0000000 0.0034671 0.0283140
166 Q 166 0.1037021 0.0655151 0.0485065 0.0436796 0.0038441 0.0524411 0.0235394 0.1135751 0.0073059 0.0422278 0.0236617 0.2521839 0.0359543 0.0035601 0.0316339 0.0569283 0.0222662 0.0078174 0.0038066 0.0578509
167 S 167 0.0552526 0.0000000 0.0591057 0.0010418 0.0193464 0.0047272 0.0179890 0.0145397 0.0675243 0.0416306 0.1327886 0.0028776 0.0499408 0.0441169 0.0090100 0.0300812 0.0403537 0.0558380 0.2521300 0.1017057
168 N 168 0.1583748 0.0034997 0.2480182 0.0570189 0.0115218 0.0186872 0.0183849 0.0783886 0.0054655 0.0134126 0.0056438 0.0337495 0.0025806 0.0000000 0.0000000 0.2453860 0.0821731 0.0000000 0.0000000 0.0176947
169 F 169 0.2843470 0.0000000 0.0000000 0.0000000 0.0089168 0.0037423 0.0000000 0.0240723 0.0000000 0.0508010 0.1590515 0.0000000 0.0306754 0.1690380 0.0000000 0.0226345 0.0199286 0.0000000 0.1150050 0.1117876
170 A 170 0.4131637 0.0000000 0.0000000 0.0039119 0.0765285 0.0021683 0.0000000 0.2882836 0.0000000 0.0101812 0.0314891 0.0152615 0.0100905 0.0079470 0.0000000 0.0555016 0.0192823 0.0034469 0.0013626 0.0613815
171 V 171 0.2395438 0.0076721 0.0000000 0.0000000 0.0382654 0.0000000 0.0000000 0.1357020 0.0000000 0.0810161 0.2420649 0.0057106 0.0111167 0.0450997 0.0000000 0.0112348 0.0108973 0.0000000 0.0048790 0.1667977
172 G 172 0.0486854 0.3029955 0.0246198 0.0034988 0.0084838 0.0213774 0.0056534 0.3191239 0.0060438 0.0030491 0.0068006 0.0639833 0.0085739 0.0000000 0.0028329 0.1360782 0.0225731 0.0000000 0.0052728 0.0103543
173 Y 173 0.0000000 0.0083772 0.0025454 0.0000000 0.0076004 0.0000000 0.0076640 0.0059074 0.0172688 0.0210105 0.0444591 0.0000000 0.0082163 0.1071787 0.0089160 0.0056256 0.0041329 0.0295485 0.6961020 0.0254470
174 K 174 0.1109854 0.0615681 0.1170235 0.0164908 0.0086966 0.0382434 0.0420877 0.0128866 0.0166536 0.0148708 0.0079913 0.1250487 0.0017187 0.0052269 0.0059944 0.1347766 0.2241526 0.0000000 0.0136410 0.0419433
175 T 175 0.1807721 0.0356951 0.1279865 0.0304607 0.0059823 0.0221746 0.0114692 0.1164821 0.0494068 0.0036829 0.0111645 0.1220306 0.0076689 0.0014439 0.0147836 0.0849252 0.1397397 0.0038508 0.0097131 0.0205674
176 D 176 0.0591390 0.0336009 0.0645506 0.1544297 0.0027023 0.0304406 0.0643814 0.1819152 0.0123167 0.0000000 0.0225136 0.0710803 0.0000000 0.0074342 0.1801130 0.0926491 0.0092474 0.0000000 0.0015153 0.0119709
177 E 177 0.0070199 0.0203724 0.1525214 0.3778735 0.0000000 0.0288444 0.0552357 0.0440410 0.0199408 0.0054582 0.0262942 0.0882810 0.0000000 0.0219552 0.0398753 0.0624350 0.0261807 0.0036433 0.0078055 0.0122225
178 F 178 0.0226396 0.0042038 0.0210109 0.0000000 0.0310595 0.0021443 0.0034787 0.0030857 0.0205336 0.0175101 0.1018269 0.0000000 0.0314651 0.1835857 0.0000000 0.0822774 0.0865667 0.1735451 0.1728042 0.0422625
179 Q 179 0.0392776 0.0022860 0.0298004 0.0270511 0.0186882 0.0694085 0.0762723 0.0113544 0.0078178 0.1837482 0.0388795 0.0017111 0.0040570 0.0104163 0.0000000 0.1257823 0.1632851 0.0000000 0.0058369 0.1843273
180 L 180 0.3953161 0.0000000 0.0000000 0.0000000 0.0030784 0.0000000 0.0000000 0.0546667 0.0000000 0.0426458 0.1941252 0.0000000 0.0215056 0.0743516 0.0000000 0.0177633 0.0327556 0.0346166 0.0175173 0.1116577
181 H 181 0.1953885 0.0057117 0.0087344 0.0024934 0.0126103 0.0060789 0.0000000 0.0673316 0.1110622 0.0136805 0.0166490 0.0057286 0.0026447 0.0030152 0.0090804 0.3234962 0.1956213 0.0000000 0.0102483 0.0104248
182 T 182 0.2318673 0.0000000 0.0000000 0.0000000 0.0114175 0.0045831 0.0012092 0.1402301 0.0000000 0.0608405 0.2742800 0.0000000 0.0095084 0.0367591 0.0000000 0.0407186 0.0889460 0.0000000 0.0057303 0.0939099
183 N 183 0.0243558 0.0467840 0.0822697 0.0062699 0.0000000 0.2000040 0.0182515 0.0069588 0.0407936 0.0442986 0.0522933 0.0792168 0.0100938 0.0118032 0.0000000 0.0784046 0.2637388 0.0067874 0.0134728 0.0142034
184 V 184 0.0621149 0.0063346 0.0000000 0.0000000 0.0111694 0.0043467 0.0044977 0.0039581 0.0090953 0.0849682 0.3892613 0.0194019 0.0338715 0.0269037 0.0057470 0.0203057 0.0750844 0.0024784 0.0259712 0.2144899
185 N 185 0.1147062 0.0136161 0.2400284 0.0514533 0.0079984 0.1098581 0.0618413 0.1628809 0.0115573 0.0238785 0.0139808 0.0306941 0.0030096 0.0162241 0.0058686 0.0602090 0.0596649 0.0000000 0.0000000 0.0125303
186 D 186 0.1030437 0.0495946 0.2701159 0.2344383 0.0065075 0.0259832 0.0114870 0.0272402 0.0036548 0.0000000 0.0066404 0.0429526 0.0170755 0.0000000 0.0430855 0.1131745 0.0405653 0.0000000 0.0023355 0.0021052
187 G 187 0.1053221 0.0125832 0.0350012 0.0128611 0.0077807 0.0733717 0.0128878 0.2637371 0.0069523 0.0150758 0.1446189 0.0377700 0.0199956 0.1046376 0.0117978 0.0196507 0.0907640 0.0032914 0.0099338 0.0119671
188 T 188 0.0369363 0.0256677 0.0200411 0.1369560 0.0068151 0.0833222 0.0372403 0.3127296 0.0179952 0.0075479 0.0101360 0.1000935 0.0081395 0.0000000 0.0038609 0.1226399 0.0621199 0.0000000 0.0063913 0.0013675
189 E 189 0.1410335 0.0095683 0.0304138 0.0771262 0.0170412 0.0486015 0.0879192 0.0381904 0.0106912 0.0453782 0.0897769 0.0308045 0.0222140 0.0018412 0.0029961 0.1002688 0.1541767 0.0000000 0.0028826 0.0890758
