  285         A         R         N         D         C         Q         E         G         H         I         L         K         M         F         P         S         T         W         Y         V         X    
  1 S   1 0.0158316 0.0000000 0.0000000 0.0000000 0.0000000 0.0000000 0.0000000 0.0000000 0.0000000 0.0000000 0.0000000 0.0000000 0.0000000 0.0000000 0.0000000 0.0566259 0.0090170 0.0000000 0.0000000 0.0000000 0.9185255
  2 A   2 0.0433100 0.0000000 0.0080021 0.0000000 0.0000000 0.0043897 0.0030259 0.0038308 0.0000000 0.0000000 0.0000000 0.0765021 0.0858822 0.0013821 0.0780120 0.0340174 0.0046039 0.0000000 0.0000000 0.0000000 0.6570419
  3 V   3 0.1033830 0.0000000 0.0096005 0.0000000 0.0360037 0.0000000 0.0000000 0.1074752 0.0000000 0.0072178 0.0000000 0.0000000 0.0000000 0.0000000 0.0184041 0.0143943 0.0124196 0.0000000 0.0000000 0.0542820 0.6368197
  4 P   4 0.0023004 0.0000000 0.0000000 0.0000000 0.0000000 0.0000000 0.0000000 0.0000000 0.0016457 0.0000000 0.0033488 0.0000000 0.0000000 0.0000000 0.6268787 0.0000000 0.0094317 0.0000000 0.0000000 0.0041346 0.3522601
  5 P   5 0.0297858 0.0068019 0.0000000 0.0000000 0.0000000 0.0015086 0.0000000 0.3483819 0.0000000 0.0119989 0.0034535 0.0000000 0.0000000 0.0000000 0.2342789 0.0242460 0.0089457 0.0000000 0.0000000 0.0609890 0.2696098
  6 T   6 0.0661373 0.0070382 0.0226214 0.0034338 0.0066564 0.0082142 0.0059589 0.0101151 0.0000000 0.0120850 0.1599697 0.0485432 0.0073780 0.0340003 0.0378990 0.1374915 0.2127227 0.0000000 0.0111846 0.0229408 0.1856099
  7 Y   7 0.0056861 0.0000000 0.0000000 0.0000000 0.0036654 0.0000000 0.0000000 0.0000000 0.0000000 0.0312571 0.0117164 0.0000000 0.0149760 0.3269197 0.0000000 0.0000000 0.0067449 0.0123086 0.3448168 0.0816885 0.1602205
  8 A   8 0.0815024 0.0085713 0.0265921 0.0715686 0.0086774 0.0091410 0.2602208 0.0443581 0.0057672 0.0058331 0.0048722 0.0623608 0.0000000 0.0550328 0.0115342 0.1458284 0.0405913 0.0000000 0.0000000 0.0037145 0.1538337
  9 D   9 0.0072507 0.0058633 0.1086103 0.4478751 0.0000000 0.0131110 0.1528744 0.0117861 0.0441407 0.0000000 0.0000000 0.0000000 0.0013720 0.0039572 0.0000000 0.0301763 0.0142257 0.0000000 0.0049236 0.0000000 0.1538337
 10 L  10 0.0000000 0.0000000 0.0000000 0.0000000 0.0217736 0.0000000 0.0000000 0.0025372 0.0000000 0.3088726 0.3836590 0.0000000 0.0098992 0.0306797 0.0000000 0.0000000 0.0000000 0.0000000 0.0269287 0.0773138 0.1383362
 11 G  11 0.1071053 0.0000000 0.0902922 0.0138388 0.0000000 0.0438529 0.0000000 0.3416455 0.1430156 0.0035743 0.0061674 0.0000000 0.0000000 0.0160224 0.0022946 0.0489262 0.0300911 0.0000000 0.0097748 0.0050626 0.1383362
 12 K  12 0.0132929 0.1714993 0.0276142 0.0103178 0.0000000 0.0075816 0.0000000 0.0172094 0.0035113 0.0000000 0.0155451 0.5659516 0.0000000 0.0000000 0.0000000 0.0181776 0.0038650 0.0000000 0.0045815 0.0025164 0.1383362
 13 S  13 0.0832705 0.0199817 0.0370643 0.0469886 0.0000000 0.0166258 0.1964917 0.0154553 0.0000000 0.0075355 0.0564818 0.1892182 0.0044268 0.0085073 0.0451837 0.1014912 0.0107419 0.0145933 0.0034656 0.0107162 0.1317606
 14 A  14 0.4300113 0.0038435 0.0046638 0.0000000 0.0955439 0.0048923 0.0000000 0.0044562 0.0000000 0.0199280 0.0036504 0.0000000 0.0000000 0.0027239 0.0158023 0.0885922 0.0642650 0.0035735 0.0099563 0.1141528 0.1339444
 15 R  15 0.0141808 0.2592902 0.0982919 0.0037050 0.0000000 0.0159313 0.0064555 0.0046912 0.0121366 0.0000000 0.0263857 0.3607195 0.0095844 0.0102809 0.0000000 0.0175103 0.0132627 0.0000000 0.0096053 0.0073503 0.1306183
 16 D  16 0.0119412 0.0036570 0.0437438 0.5600576 0.0000000 0.0131281 0.0947347 0.0529463 0.0000000 0.0000000 0.0000000 0.0061547 0.0387885 0.0039721 0.0111320 0.0256863 0.0016164 0.0000000 0.0000000 0.0026723 0.1297691
 17 V  17 0.0067282 0.0000000 0.0000000 0.0000000 0.0447464 0.0000000 0.0111320 0.0000000 0.0000000 0.1135854 0.3823626 0.0000000 0.0074092 0.0058870 0.0000000 0.0188156 0.0201980 0.0000000 0.0053281 0.2583969 0.1254108
 18 F  18 0.0022258 0.0000000 0.0000000 0.0000000 0.0000000 0.0119307 0.0000000 0.0000000 0.0125447 0.0296053 0.5038420 0.0000000 0.0193485 0.2694448 0.0000000 0.0010292 0.0137688 0.0000000 0.0046677 0.0090426 0.1225498
 19 T  19 0.0166535 0.0269805 0.1477168 0.0101959 0.0000000 0.0179044 0.0147975 0.0365624 0.0073138 0.0351245 0.0908086 0.0654481 0.0066449 0.0233814 0.0974361 0.0654336 0.1322061 0.0000000 0.0637347 0.0100492 0.1316080
 20 K  20 0.0220180 0.0806802 0.0580266 0.0451393 0.0000000 0.0453973 0.0169477 0.0397074 0.0089752 0.0109434 0.0000000 0.3335484 0.0000000 0.0000000 0.0270043 0.0534066 0.0738488 0.0029001 0.0000000 0.0059747 0.1754821
 21 G  21 0.0068493 0.0106847 0.1139995 0.3253683 0.0000000 0.0356646 0.0097683 0.2207017 0.0072665 0.0000000 0.0000000 0.0164382 0.0000000 0.0061429 0.0113280 0.0184328 0.0000000 0.0000000 0.0000000 0.0072045 0.2101507
 22 Y  22 0.0063238 0.0000000 0.0000000 0.0031711 0.0000000 0.0023147 0.0182689 0.0000000 0.0115036 0.0015365 0.0475423 0.0034048 0.0198572 0.1891549 0.0000000 0.0165388 0.0000000 0.0024087 0.4471631 0.0377633 0.1930484
 23 G  23 0.0253759 0.0166871 0.1545734 0.0181193 0.0169386 0.0606446 0.0090010 0.0555794 0.1192581 0.0237621 0.0104565 0.0403726 0.0389920 0.0477012 0.0838672 0.0600474 0.0386308 0.0000000 0.0134803 0.0096626 0.1568498
 24 F  24 0.0306355 0.0039572 0.0190908 0.0068891 0.0000000 0.0042724 0.0125172 0.0097805 0.0416463 0.0559090 0.0439193 0.0085638 0.0258943 0.3649140 0.0192244 0.0586950 0.0861298 0.0000000 0.0491041 0.0223595 0.1364978
 25 G  25 0.0213023 0.0000000 0.0398434 0.2123379 0.0021488 0.0104315 0.1286289 0.2430713 0.0130671 0.0000000 0.0018858 0.0042684 0.0053368 0.0000000 0.0020800 0.0871223 0.0954087 0.0000000 0.0000000 0.0014769 0.1315898
 26 L  26 0.0594477 0.0116237 0.0051968 0.0039501 0.0013219 0.0796254 0.0089415 0.3054064 0.0590612 0.0137209 0.0725224 0.0443523 0.0116066 0.0320926 0.0339917 0.0337689 0.0374301 0.0000000 0.0000000 0.0511547 0.1347851
 27 I  27 0.1246260 0.0192040 0.0251857 0.0000000 0.0145864 0.0194886 0.0000000 0.0210021 0.0203100 0.0430664 0.1228097 0.0047149 0.0122420 0.0710871 0.0000000 0.0143792 0.0430050 0.1083699 0.0267216 0.0803770 0.2288243
 28 K  28 0.0310649 0.1998306 0.0289252 0.0073668 0.0000000 0.0418770 0.0157709 0.0041405 0.0454237 0.0089457 0.0105157 0.3762072 0.0000000 0.0028129 0.0000000 0.0408196 0.0408048 0.0000000 0.0058595 0.0142200 0.1254151
 29 L  29 0.1150840 0.0000000 0.0000000 0.0000000 0.0047767 0.0000000 0.0000000 0.0017131 0.0000000 0.0853220 0.3570581 0.0000000 0.0183545 0.2158160 0.0000000 0.0000000 0.0061239 0.0000000 0.0068399 0.0668404 0.1220715
 30 D  30 0.0089813 0.0024162 0.0371161 0.2702526 0.0011025 0.0177260 0.1924298 0.0048028 0.0183695 0.0194487 0.0143690 0.0301808 0.0347216 0.0160432 0.0000000 0.0849641 0.0747894 0.0000000 0.0039572 0.0429085 0.1254207
 31 L  31 0.0305272 0.0000000 0.0023405 0.0033110 0.0891263 0.0027706 0.0000000 0.0077783 0.0000000 0.1219362 0.2554396 0.0028295 0.0153714 0.0422656 0.0018941 0.0310519 0.0132877 0.0000000 0.0186741 0.2247099 0.1366860
 32 K  32 0.0240225 0.0107220 0.1169957 0.0134521 0.0068557 0.0096870 0.0157024 0.0096888 0.0109933 0.0046172 0.0165598 0.2574093 0.0000000 0.0000000 0.0039572 0.1632645 0.1660523 0.0000000 0.0082191 0.0049691 0.1568321
 33 T  33 0.0193611 0.0223422 0.0102274 0.0079958 0.0103434 0.0102193 0.0055850 0.0277400 0.0435972 0.0055722 0.0088355 0.1519329 0.0043889 0.0188743 0.0030972 0.1285312 0.3037933 0.0000000 0.0138026 0.0034113 0.2003493
 34 K  34 0.0332997 0.0186039 0.0419483 0.0067416 0.0056597 0.0340492 0.0089293 0.0834040 0.0068705 0.0079621 0.0257836 0.2195294 0.0228832 0.0155280 0.0242874 0.0700904 0.0864155 0.0055448 0.0457940 0.0401005 0.1965751
 35 S  35 0.1073907 0.0000000 0.0070934 0.0000000 0.0026041 0.0046638 0.0031251 0.0350270 0.0089238 0.0482621 0.1244684 0.0060261 0.0079635 0.0371060 0.0119565 0.1624903 0.1700548 0.0000000 0.0000000 0.0539098 0.2089346
 36 E  36 0.0524903 0.0142393 0.0790455 0.0244506 0.0104989 0.0329391 0.0585682 0.0239531 0.0000000 0.0134817 0.0109625 0.0496925 0.0051128 0.0231937 0.1444513 0.2137245 0.0315450 0.0000000 0.0053140 0.0135667 0.1927704
 37 N  37 0.0317850 0.0161850 0.2409670 0.0454507 0.0047827 0.0313705 0.0184702 0.0355079 0.0234647 0.0159681 0.0255697 0.0458488 0.0338605 0.0012619 0.0212319 0.1501655 0.0562684 0.0045815 0.0075115 0.0015543 0.1881942
 38 G  38 0.0048602 0.0065965 0.1446749 0.0702043 0.0026743 0.0103811 0.0068358 0.3955468 0.0597145 0.0023513 0.0039083 0.0461823 0.0012437 0.0022031 0.0096897 0.0174406 0.0147526 0.0000000 0.0130836 0.0120819 0.1755747
 39 L  39 0.0218757 0.0000000 0.0000000 0.0000000 0.0098272 0.0126056 0.0031719 0.0000000 0.0116717 0.0511859 0.1107074 0.0644249 0.0188097 0.1403788 0.0633338 0.0033106 0.0473795 0.0036811 0.0112295 0.2789167 0.1474902
 40 E  40 0.1851730 0.0157039 0.0333941 0.0165354 0.0000000 0.0890228 0.1307777 0.0488171 0.0108521 0.0219587 0.0105852 0.0585473 0.0000000 0.0304830 0.0266696 0.0410315 0.0805529 0.0035568 0.0231879 0.0353877 0.1377633
 41 F  41 0.0123006 0.0000000 0.0143799 0.0000000 0.0037050 0.0086175 0.0000000 0.0025367 0.0023177 0.1042822 0.2013017 0.0000000 0.0186672 0.3599158 0.0041875 0.0105917 0.0095291 0.0000000 0.0131623 0.1040651 0.1304400
 42 T  42 0.0195691 0.0233319 0.0792262 0.0108737 0.0038300 0.0383898 0.0106585 0.0295124 0.0031883 0.0249771 0.0105404 0.0736606 0.0012051 0.0209321 0.0217225 0.2159195 0.2480495 0.0000000 0.0261866 0.0163903 0.1218366
 43 S  43 0.1116335 0.0025455 0.0325562 0.0000000 0.0149164 0.0033252 0.0035743 0.0065549 0.1266065 0.0141554 0.0446028 0.0050360 0.0279310 0.0102725 0.0051795 0.1901664 0.1403497 0.0000000 0.0068929 0.1388320 0.1148692
 44 S  44 0.0610209 0.0147953 0.0548402 0.0108953 0.0067031 0.0271242 0.0211389 0.0507091 0.0051480 0.0105819 0.0068993 0.0755985 0.0000000 0.0468383 0.0276970 0.1863076 0.2366035 0.0000000 0.0183011 0.0226114 0.1161864
 45 G  45 0.0997918 0.0000000 0.0031145 0.0000000 0.0068391 0.0037809 0.0081807 0.3323908 0.0101586 0.0533417 0.0578296 0.0019251 0.0063545 0.0359191 0.0495695 0.0663448 0.0271325 0.0021069 0.0074521 0.0462075 0.1815604
 46 S  46 0.0468153 0.0153521 0.0403059 0.0181161 0.0053041 0.0092177 0.0351688 0.0030547 0.0309590 0.0192500 0.0848799 0.0688343 0.0056153 0.0465548 0.0094216 0.1299885 0.1173472 0.0051864 0.0281345 0.0899422 0.1905516
 47 A  47 0.0702300 0.0375331 0.0148787 0.0073528 0.0000000 0.0829519 0.0249833 0.0504303 0.0440683 0.0099152 0.0500620 0.1206011 0.0693919 0.0807877 0.0089695 0.1008637 0.0256796 0.0029361 0.0000000 0.0115330 0.1868317
 48 N  48 0.0609414 0.0520005 0.1032750 0.0518710 0.0042487 0.0384679 0.0075017 0.0539513 0.0056361 0.0235178 0.0274858 0.1154065 0.0050081 0.0106694 0.0194765 0.1210090 0.0625646 0.0000000 0.0299628 0.0357125 0.1712937
 49 T  49 0.0385798 0.0042172 0.1023892 0.0249054 0.0000000 0.0523369 0.0124091 0.1142851 0.0357383 0.0553816 0.0338956 0.0249733 0.0038184 0.0175120 0.0748787 0.0908375 0.0713187 0.0000000 0.0143897 0.0528967 0.1752369
 50 E  50 0.0351103 0.0151675 0.0522402 0.1497297 0.0000000 0.0292346 0.1077205 0.0354654 0.0226948 0.0090267 0.0134144 0.1048201 0.0011020 0.0198470 0.0053662 0.1349364 0.0622384 0.0013408 0.0000000 0.0158889 0.1846559
 51 T  51 0.0382369 0.0146289 0.0416651 0.0779520 0.0000000 0.0052508 0.0379340 0.0498500 0.0637713 0.0342764 0.0852659 0.0254255 0.0137128 0.0516208 0.0223893 0.0829116 0.0879765 0.0061262 0.0199448 0.0250415 0.2160198
 52 T  52 0.0400797 0.0045190 0.0602660 0.0086994 0.0000000 0.0391022 0.0159105 0.2585993 0.0230364 0.0026743 0.0288696 0.0429053 0.0085264 0.0115584 0.0353236 0.0924665 0.0444670 0.0000000 0.0652023 0.0273219 0.1904723
 53 K  53 0.0965898 0.0388041 0.0372489 0.0351800 0.0000000 0.0081375 0.0107538 0.0259517 0.0313547 0.0111067 0.0555782 0.1477233 0.0000000 0.0468505 0.0871841 0.0821951 0.0793320 0.0000000 0.0095745 0.0372033 0.1592317
 54 V  54 0.1080269 0.0106296 0.0086103 0.0074685 0.0000000 0.0063325 0.0090890 0.0213938 0.0057482 0.1229032 0.0851310 0.0028295 0.0188433 0.1129662 0.0352189 0.0716101 0.0529232 0.0000000 0.0061341 0.1801106 0.1340314
 55 T  55 0.0632291 0.0000000 0.0586229 0.0397912 0.0078152 0.0318914 0.0193814 0.0745475 0.0269700 0.0184136 0.0493281 0.0335293 0.0435732 0.0794681 0.0137956 0.1649287 0.0631792 0.0026616 0.0380561 0.0423973 0.1284205
 56 G  56 0.1426732 0.0138844 0.0094122 0.0000000 0.0000000 0.0026454 0.0015814 0.4032726 0.0000000 0.0029010 0.0118247 0.0029062 0.0148454 0.0142907 0.0020131 0.0651253 0.0335626 0.0000000 0.0872587 0.0612984 0.1305047
 57 S  57 0.0534846 0.0052955 0.0966029 0.1149179 0.0020800 0.0266455 0.0764967 0.1012471 0.0066178 0.0051504 0.0133243 0.0363622 0.0000000 0.0129224 0.0163761 0.1783780 0.0926210 0.0000000 0.0139205 0.0239580 0.1235990
 58 L  58 0.0168168 0.0275556 0.0101890 0.0161232 0.0066038 0.0346786 0.0050350 0.0164031 0.0019251 0.1044175 0.2398771 0.0043433 0.0190439 0.0650648 0.0000000 0.0399033 0.0568471 0.0000000 0.0410140 0.1679449 0.1262136
 59 E  59 0.0373434 0.0012438 0.0200518 0.0145747 0.0054375 0.0974716 0.2593440 0.1141314 0.0213843 0.0203205 0.0285058 0.0466844 0.0145717 0.0085828 0.0131512 0.0438224 0.0443794 0.0000000 0.0217766 0.0583415 0.1288813
 60 T  60 0.1634501 0.0083438 0.0288071 0.0046638 0.0000000 0.0035897 0.0063724 0.1461861 0.0026456 0.0269610 0.0520662 0.0000000 0.0085411 0.0092563 0.0386433 0.0631536 0.1814601 0.0058762 0.0502076 0.0624696 0.1373066
 61 K  61 0.0431916 0.0408654 0.0590326 0.0146422 0.0014658 0.0741374 0.0123094 0.0326917 0.0052449 0.0026048 0.0657206 0.3059438 0.0023763 0.0173714 0.0483014 0.0315709 0.0659570 0.0000000 0.0221539 0.0128109 0.1416080
 62 Y  62 0.0055930 0.0000000 0.0174227 0.0000000 0.0000000 0.0205460 0.0148600 0.0237619 0.0209876 0.0242074 0.0582466 0.0634150 0.0199807 0.1159800 0.0319859 0.0122927 0.0257252 0.0096000 0.3585217 0.0435501 0.1333235
 63 R  63 0.0462187 0.0451249 0.0396581 0.0227450 0.0048401 0.0880639 0.0411400 0.0167497 0.0017875 0.0165993 0.0226011 0.2368194 0.0078444 0.0057349 0.0364875 0.1098430 0.0663539 0.0000000 0.0153919 0.0520731 0.1239239
 64 W  64 0.0419841 0.0128056 0.0677810 0.1111134 0.0324566 0.0284091 0.0130910 0.0116047 0.0213776 0.0609796 0.0670563 0.0025527 0.0287877 0.0994446 0.0382147 0.0303685 0.0272660 0.0268216 0.0809213 0.0476231 0.1493407
 65 T  65 0.0989509 0.0152313 0.0438399 0.0221099 0.0286833 0.0338276 0.0438936 0.1419780 0.0086908 0.0036843 0.0110978 0.1476857 0.0096845 0.0046612 0.0900470 0.0748389 0.0493254 0.0000000 0.0082150 0.0157849 0.1477702
 66 E  66 0.0843927 0.0118820 0.0384527 0.0747593 0.0036314 0.0283542 0.0648421 0.0454415 0.0269015 0.0274295 0.0214938 0.0895690 0.0058851 0.0567675 0.0937898 0.0636856 0.0319472 0.0000000 0.0088826 0.0280252 0.1938675
 67 Y  67 0.0261577 0.0040935 0.0629243 0.0101565 0.0070002 0.0253402 0.0140712 0.0433707 0.0174790 0.0017371 0.0354437 0.0299678 0.0016056 0.0487686 0.0171918 0.0900897 0.1090851 0.0187282 0.1781836 0.0136983 0.2449071
 68 G  68 0.0650731 0.0125043 0.1553811 0.0263875 0.0000000 0.0059115 0.0672113 0.2670617 0.0407109 0.0069067 0.0241196 0.0125327 0.0152035 0.0454896 0.0101885 0.0219280 0.0256200 0.0000000 0.0185463 0.0091075 0.1701160
 69 L  69 0.0708294 0.0000000 0.0158303 0.0033436 0.0012061 0.0034442 0.0155347 0.0116951 0.0064135 0.0840293 0.3006159 0.0055242 0.0512075 0.0507791 0.0248328 0.0230712 0.0691150 0.0000000 0.0061440 0.1178146 0.1385698
 70 T  70 0.0467902 0.0000000 0.0202947 0.0256055 0.0110768 0.0067599 0.0093259 0.0177558 0.0109330 0.0196465 0.0288660 0.0481133 0.0245413 0.0784352 0.0120048 0.0997048 0.2716244 0.0018858 0.0850396 0.0557997 0.1257967
 71 F  71 0.0987773 0.0036570 0.0097000 0.0066300 0.0077555 0.0096731 0.0174974 0.0637431 0.0068861 0.0571599 0.2083611 0.0205141 0.0169608 0.1324273 0.0474132 0.0195023 0.0392132 0.0018346 0.0128408 0.0917221 0.1277313
 72 T  72 0.0190312 0.0055919 0.0593539 0.1341148 0.0113564 0.0091606 0.0409834 0.0082724 0.0000000 0.0354532 0.0228736 0.0785751 0.0071610 0.0047875 0.0252167 0.0851498 0.2564593 0.0000000 0.0000000 0.0591421 0.1373169
 73 V  73 0.0389691 0.0000000 0.0201916 0.0336221 0.0093957 0.1303837 0.1237308 0.0810940 0.0000000 0.0598101 0.0944126 0.0116176 0.0138517 0.0252453 0.0127646 0.0310242 0.0118186 0.0024162 0.0219941 0.1339925 0.1436656
 74 K  74 0.0626435 0.0826605 0.0388612 0.0382411 0.0000000 0.0189252 0.0297116 0.0430945 0.0023713 0.0088005 0.0277440 0.3015003 0.0243402 0.0033091 0.0067659 0.0603371 0.0691878 0.0000000 0.0000000 0.0357192 0.1457870
 75 W  75 0.0368200 0.0057560 0.0122680 0.0035826 0.0014407 0.0071386 0.0000000 0.0559215 0.0000000 0.0662865 0.0900457 0.0017834 0.0134804 0.0190976 0.0236698 0.0133612 0.0396184 0.2533735 0.0256762 0.1946216 0.1360584
 76 N  76 0.0067933 0.0097134 0.1812958 0.2314104 0.0009370 0.0175957 0.0086652 0.0100846 0.0039572 0.0070885 0.0681219 0.0073641 0.0227667 0.0855914 0.0130532 0.1037806 0.0800150 0.0000000 0.0000000 0.0069580 0.1348080
 77 T  77 0.0341509 0.0206277 0.0463548 0.0126443 0.0057485 0.0111011 0.0000000 0.0499337 0.0148928 0.0448759 0.0517652 0.0058152 0.0568609 0.0131446 0.0360531 0.1111681 0.3445095 0.0019251 0.0000000 0.0168597 0.1215688
 78 D  78 0.0818742 0.0229607 0.0737477 0.2731202 0.0078478 0.1134967 0.0639305 0.0232146 0.0134147 0.0061752 0.0101366 0.0418539 0.0141363 0.0046234 0.0034338 0.0853357 0.0203079 0.0000000 0.0101014 0.0100019 0.1202868
 79 N  79 0.0308878 0.0259008 0.2697439 0.0143955 0.0049223 0.0098562 0.0060117 0.3052108 0.0000000 0.0188662 0.0278202 0.0047240 0.0000000 0.0034656 0.0219598 0.1136565 0.0146492 0.0065988 0.0000000 0.0164755 0.1048552
 80 T  80 0.0522831 0.0766258 0.1599726 0.0551947 0.0015932 0.0292112 0.0369329 0.0086575 0.0155837 0.0306316 0.0547506 0.0491436 0.0047574 0.0085192 0.0132482 0.1029825 0.0990393 0.0106649 0.0059648 0.0785916 0.1056515
 81 L  81 0.0281728 0.0070584 0.0131529 0.0023078 0.0069406 0.0000000 0.0025455 0.0605245 0.0078917 0.1201320 0.3695140 0.0157666 0.0565198 0.0261684 0.0019465 0.0227871 0.0026043 0.0153575 0.0125352 0.1216499 0.1064244
 82 G  82 0.0407124 0.0365184 0.1182805 0.1587120 0.0028490 0.0169215 0.0213070 0.0762221 0.0103141 0.0128516 0.0910041 0.0499764 0.0088127 0.0475895 0.0000000 0.1113573 0.0593226 0.0000000 0.0131088 0.0208629 0.1032770
 83 T  83 0.1170076 0.0000000 0.0834196 0.0050026 0.0036495 0.0030972 0.0093166 0.0886496 0.0098470 0.0384403 0.0882310 0.0000000 0.0174989 0.0114012 0.0190634 0.0843065 0.2752892 0.0031145 0.0000000 0.0395022 0.1031631
 84 E  84 0.0138220 0.0747893 0.0723308 0.1239641 0.0000000 0.0482875 0.1796017 0.0099431 0.0131876 0.0149584 0.0065812 0.1013908 0.0020923 0.0075067 0.0000000 0.0596607 0.1468859 0.0000000 0.0000000 0.0124180 0.1125798
 85 I  85 0.1233702 0.0035743 0.0000000 0.0000000 0.0000000 0.0063216 0.0000000 0.1254453 0.0000000 0.1987728 0.1277824 0.0132383 0.0182784 0.0465416 0.0000000 0.0101403 0.0136599 0.0000000 0.0277036 0.1755562 0.1096152
 86 T  86 0.0548144 0.0253657 0.0614572 0.0360698 0.0047612 0.0447684 0.1258700 0.0598712 0.0160583 0.0385295 0.0121424 0.0826637 0.0090816 0.0023078 0.0000000 0.1108320 0.1925540 0.0000000 0.0021620 0.0071365 0.1135542
 87 V  87 0.0395501 0.0134558 0.0033261 0.0000000 0.0166290 0.0125472 0.0000000 0.0000000 0.0322254 0.0981987 0.2447132 0.0025337 0.0240446 0.0792812 0.0089106 0.0159583 0.0137138 0.0043184 0.0669855 0.2051588 0.1184496
 88 E  88 0.0622739 0.0366524 0.1035572 0.0824541 0.0010072 0.0566528 0.1089277 0.0264594 0.0178163 0.0327811 0.0286590 0.0404279 0.0129791 0.0088404 0.0190694 0.1056699 0.0705682 0.0000000 0.0119139 0.0123337 0.1609564
 89 D  89 0.0984167 0.0111202 0.1182471 0.2177636 0.0047905 0.0075360 0.0491181 0.1398148 0.0530311 0.0015914 0.0128874 0.0111595 0.0070092 0.0000000 0.0209213 0.0182655 0.0236711 0.0023512 0.0053342 0.0070162 0.1899548
 90 Q  90 0.0292845 0.1364509 0.0416644 0.0132233 0.0051344 0.1304797 0.0828707 0.0136347 0.0305339 0.0167908 0.0766130 0.0886888 0.0046860 0.0151451 0.0153468 0.0339737 0.0334221 0.0046603 0.0077035 0.0408896 0.1788036
 91 L  91 0.0360732 0.0035826 0.0129817 0.0076170 0.0024158 0.0097358 0.0042347 0.0329375 0.0072215 0.1462227 0.3432949 0.0102254 0.0141629 0.1246808 0.0440353 0.0055292 0.0067092 0.0023505 0.0109869 0.0752080 0.0997947
 92 A  92 0.1974793 0.0171309 0.1050947 0.0156317 0.0187260 0.0030062 0.0064538 0.0379276 0.0160962 0.0589712 0.0509005 0.0077405 0.0170740 0.0293764 0.0062981 0.0538771 0.1177441 0.0090669 0.0065511 0.0881529 0.1367010
 93 R  93 0.0148915 0.0204823 0.0350618 0.0652628 0.0048983 0.0400773 0.0616639 0.0608356 0.0604152 0.0140620 0.0185984 0.1499824 0.0000000 0.0095605 0.2066562 0.0263765 0.0051956 0.0092109 0.0628891 0.0103467 0.1235329
 94 G  94 0.0113347 0.1390221 0.0456207 0.0169961 0.0050980 0.0203243 0.0105670 0.4650566 0.0092108 0.0000000 0.0052359 0.0206051 0.0000000 0.0094743 0.0097752 0.0492167 0.0307601 0.0094968 0.0076929 0.0129048 0.1216080
 95 L  95 0.0298781 0.0046638 0.0016748 0.0000000 0.0077852 0.0028490 0.0000000 0.0030154 0.0171777 0.0434771 0.4434116 0.0102216 0.0174606 0.0455023 0.0000000 0.0074399 0.0459320 0.1200679 0.0000000 0.0808999 0.1185432
 96 K  96 0.0182918 0.0651779 0.0724913 0.0548812 0.0082052 0.0087917 0.0228262 0.0183041 0.0040980 0.0046652 0.0116520 0.3829613 0.0135214 0.0261891 0.0018396 0.0713601 0.0843937 0.0000000 0.0065227 0.0072176 0.1166102
 97 L  97 0.1352719 0.0000000 0.0249335 0.0151005 0.0190023 0.0125545 0.0164714 0.0359180 0.0122033 0.0372236 0.1911621 0.0459170 0.0107844 0.0148672 0.0269386 0.0951992 0.0904249 0.0000000 0.0214840 0.0799960 0.1145478
 98 T  98 0.0732190 0.0343809 0.0647446 0.0406529 0.0097000 0.0127725 0.0897626 0.0280402 0.0094965 0.0775952 0.0289795 0.1357390 0.0228672 0.0082185 0.0000000 0.0653459 0.1166695 0.0035971 0.0018757 0.0563788 0.1199642
 99 F  99 0.0905821 0.0069226 0.0370565 0.0081514 0.0052662 0.0077318 0.0030956 0.0390473 0.0095290 0.0800939 0.2282913 0.0059037 0.0206322 0.1356174 0.0010700 0.0334640 0.0274294 0.0049556 0.0328315 0.0959677 0.1263607
100 D 100 0.0614057 0.0570495 0.0736877 0.0819725 0.0086672 0.0488759 0.0443018 0.0162817 0.0092420 0.0764958 0.0506805 0.0640381 0.0048780 0.0142061 0.0000000 0.1257220 0.0450801 0.0026616 0.0112452 0.0802835 0.1232250
101 S 101 0.1137229 0.0175567 0.0083931 0.0031878 0.0335218 0.0000000 0.0076688 0.0722619 0.0019465 0.0386260 0.0308633 0.0011656 0.0033874 0.1098841 0.0025455 0.1497927 0.1960334 0.0000000 0.0365010 0.0450685 0.1278728
102 S 102 0.0233726 0.0497285 0.0632767 0.0058058 0.0022946 0.1212038 0.0112965 0.0166222 0.0109803 0.0126716 0.0282533 0.2164172 0.0152722 0.0128811 0.0052899 0.1304062 0.0959863 0.0038594 0.0000000 0.0190152 0.1553668
103 F 103 0.0337642 0.0198143 0.0042031 0.0054398 0.0133278 0.0132968 0.0000000 0.0105992 0.0076622 0.0891198 0.1681464 0.0413348 0.0193871 0.1521729 0.0044179 0.0225273 0.0328980 0.0060983 0.0531087 0.1342064 0.1684751
104 S 104 0.0696536 0.0022734 0.0739439 0.0224422 0.0135005 0.1193522 0.0170472 0.0325282 0.0000000 0.0187059 0.0635487 0.0202321 0.0130043 0.0000000 0.1288258 0.0651243 0.0800520 0.0040368 0.0132409 0.0671414 0.1753468
105 P 105 0.0397022 0.0179337 0.0554865 0.1202182 0.0000000 0.0137912 0.0223961 0.0270657 0.0043555 0.0087019 0.0574506 0.0277412 0.0038187 0.0218256 0.2649128 0.0365446 0.0435272 0.0000000 0.0148393 0.0220041 0.1976846
106 N 106 0.0628730 0.0082112 0.0834757 0.0536242 0.0023177 0.2168956 0.0809635 0.0375786 0.0449427 0.0154792 0.0063958 0.0449808 0.0050046 0.0329740 0.0046418 0.0498419 0.0097720 0.0036811 0.0267640 0.0162654 0.1933174
107 T 107 0.0392094 0.0097150 0.0533227 0.0356379 0.0026879 0.0349899 0.0340081 0.0079902 0.0046603 0.0513951 0.0592692 0.0720626 0.0138680 0.0142435 0.0467789 0.0883740 0.1426700 0.0000000 0.0019439 0.0484963 0.2386769
108 G 108 0.0755386 0.0080588 0.0669710 0.0607237 0.0090939 0.0575018 0.0173992 0.1649874 0.0464235 0.0027113 0.0126442 0.0277772 0.0282788 0.0177306 0.0173865 0.0972280 0.0438273 0.0000000 0.0154802 0.0285161 0.2017218
109 K 109 0.0893499 0.0087036 0.0728950 0.0588370 0.0064692 0.0719792 0.0432900 0.0366741 0.0100503 0.0205906 0.0234719 0.1151153 0.0147840 0.0199939 0.0364184 0.0865295 0.0398831 0.0016692 0.0195887 0.0248475 0.1988598
110 K 110 0.0568374 0.0550621 0.0237894 0.0400374 0.0123927 0.0413960 0.0147167 0.0961769 0.0085318 0.0104668 0.0042031 0.2680811 0.0033003 0.0507291 0.0127173 0.0993093 0.0235369 0.0000000 0.0161058 0.0152366 0.1473733
111 N 111 0.0576687 0.0076654 0.0761491 0.0260972 0.0012674 0.1011765 0.0203509 0.0759980 0.0126373 0.0086594 0.0195039 0.0491827 0.0059584 0.0165486 0.0238602 0.2580390 0.0854518 0.0000000 0.0059941 0.0151362 0.1326551
112 A 112 0.1847530 0.0027137 0.0107166 0.0122424 0.0172599 0.0139747 0.0051607 0.2679374 0.0100313 0.0210860 0.0647228 0.0289244 0.0040368 0.0524901 0.0354177 0.0355529 0.0154064 0.0100914 0.0140880 0.0606133 0.1327805
113 K 113 0.0230822 0.0435666 0.0250189 0.0172780 0.0000000 0.0903369 0.0386551 0.0075611 0.0432570 0.0094143 0.0371775 0.3346743 0.0435711 0.0158298 0.0116391 0.0371013 0.0382009 0.0059245 0.0079890 0.0165374 0.1531852
114 I 114 0.0700216 0.0147739 0.0164208 0.0134979 0.0140734 0.0019926 0.0012498 0.0353096 0.0046414 0.0648167 0.2521533 0.0031883 0.0368516 0.0985202 0.0049693 0.0394702 0.0212720 0.0000000 0.0283546 0.1725755 0.1058472
115 K 115 0.0335064 0.0174340 0.1434730 0.0514155 0.0000000 0.0195489 0.1409562 0.0680610 0.0209423 0.0167034 0.0272383 0.1311351 0.0591768 0.0077251 0.0000000 0.0353833 0.0566672 0.0031883 0.0097000 0.0194339 0.1383113
116 T 116 0.1267906 0.0000000 0.0241219 0.0066860 0.0449146 0.0030259 0.0000000 0.0270593 0.0071966 0.0564376 0.1848502 0.0000000 0.0162347 0.0788763 0.0000000 0.0334932 0.0868257 0.0322522 0.0036558 0.1738271 0.0937523
117 G 117 0.0352616 0.0165544 0.0370475 0.1058871 0.0000000 0.3268586 0.0836972 0.0526704 0.0341838 0.0063962 0.0049027 0.0505746 0.0000000 0.0119571 0.0000000 0.0776742 0.0348436 0.0000000 0.0231782 0.0180964 0.0802163
118 Y 118 0.0327669 0.0000000 0.0000000 0.0042472 0.0082101 0.0030547 0.0039721 0.0105691 0.0228208 0.0338167 0.1333425 0.0000000 0.0239364 0.1389067 0.0000000 0.0224966 0.0272728 0.0144905 0.4086759 0.0282961 0.0831248
119 K 119 0.0564452 0.0368137 0.0039083 0.0627299 0.0086347 0.0305767 0.1349551 0.0598052 0.0083338 0.0057631 0.0927178 0.2119204 0.0142031 0.0489347 0.0000000 0.0254886 0.0748795 0.0036811 0.0010517 0.0371816 0.0819758
120 R 120 0.0214279 0.0685057 0.0833426 0.0086956 0.0049089 0.1481335 0.0055559 0.1224076 0.2072551 0.0142937 0.0462582 0.0268923 0.0094710 0.0076942 0.0000000 0.0425331 0.0492741 0.0000000 0.0326702 0.0183374 0.0823429
121 E 121 0.0235385 0.0204472 0.0212135 0.2994511 0.0000000 0.0224891 0.2456877 0.0264527 0.0098925 0.0000000 0.0096776 0.0512461 0.0000000 0.0028129 0.1128645 0.0583196 0.0111605 0.0000000 0.0000000 0.0042252 0.0805214
122 H 122 0.0236425 0.0370113 0.1006773 0.0668027 0.0085417 0.0098722 0.0039083 0.0356570 0.0864730 0.0121030 0.0320114 0.0297619 0.0035971 0.0717586 0.0331084 0.0461207 0.0271737 0.0000000 0.2627560 0.0199294 0.0890938
123 I 123 0.1237055 0.0743266 0.0200406 0.0032419 0.0063187 0.0628409 0.0082651 0.0176608 0.0175214 0.0653980 0.0731450 0.0434407 0.0228228 0.1407067 0.0053199 0.0262751 0.0452671 0.0074147 0.0522886 0.0872544 0.0967456
124 N 124 0.1111670 0.0383285 0.1168262 0.0029361 0.0060880 0.0081684 0.0161977 0.2900309 0.0780219 0.0082570 0.0070823 0.0321259 0.0052682 0.0138223 0.0097351 0.0586029 0.0831439 0.0000000 0.0074098 0.0095444 0.0972435
125 L 125 0.1371341 0.0167331 0.0373872 0.0480568 0.0123832 0.0130268 0.0159757 0.0505136 0.0000000 0.1195123 0.1261248 0.0158976 0.0086365 0.0446137 0.0095337 0.0941890 0.0594045 0.0058856 0.0088006 0.0760427 0.1001486
126 G 126 0.0262489 0.1066829 0.0909228 0.2217722 0.0155163 0.0498071 0.0137068 0.0469853 0.0120813 0.0101488 0.0247061 0.0528925 0.0019761 0.0097000 0.0014557 0.0848309 0.1102464 0.0050121 0.0120772 0.0134163 0.0898144
127 C 127 0.1826950 0.0000000 0.0055960 0.0000000 0.0610281 0.0044069 0.0000000 0.0722466 0.0027293 0.0065213 0.0856949 0.0036558 0.0290396 0.1319079 0.0052978 0.1001417 0.1029898 0.0158736 0.0767109 0.0303647 0.0831001
128 D 128 0.0458579 0.0321990 0.0315590 0.1110869 0.0113060 0.0638942 0.0236676 0.0120641 0.0082949 0.0053116 0.0155134 0.0732237 0.0072647 0.0492097 0.0248420 0.2112254 0.1442150 0.0000000 0.0029062 0.0301624 0.0961963
129 M 129 0.1505346 0.0000000 0.0000000 0.0000000 0.0091431 0.0020511 0.0000000 0.0098882 0.0095211 0.1530827 0.1829908 0.0065094 0.0290271 0.1037828 0.0000000 0.0163299 0.0279801 0.0000000 0.0188434 0.1855227 0.0947930
130 D 130 0.0683897 0.0058553 0.1253716 0.2062913 0.0033119 0.0086744 0.0331408 0.1794552 0.0128152 0.0039572 0.0000000 0.0243664 0.0000000 0.0178927 0.0120966 0.1344490 0.0420636 0.0000000 0.0064298 0.0129546 0.1024848
131 F 131 0.0233476 0.0000000 0.0456308 0.0095496 0.0083052 0.0076450 0.0059517 0.0200051 0.0026879 0.0888911 0.3833233 0.0133252 0.0179911 0.1182737 0.0021838 0.0098623 0.0109960 0.0057205 0.0232464 0.1043394 0.0987243
132 D 132 0.0270646 0.0091428 0.1272302 0.1013303 0.0115519 0.0202205 0.0232574 0.0376957 0.0071322 0.0162329 0.0345738 0.2098513 0.0092739 0.0156378 0.0020511 0.0326350 0.1118124 0.0039721 0.0024094 0.0096920 0.1872327
133 I 133 0.0984346 0.0304181 0.0447142 0.0134600 0.0129902 0.0388999 0.0093372 0.0346727 0.0120085 0.0346187 0.1577399 0.0313156 0.0305478 0.0579735 0.0423850 0.0576450 0.0837113 0.0056482 0.0148177 0.0526678 0.1359941
134 A 134 0.1610220 0.0097676 0.0231537 0.0114804 0.0036811 0.0052450 0.0081157 0.1132411 0.0035971 0.0522278 0.1099311 0.1008684 0.0155580 0.0387283 0.0199550 0.1021825 0.0340247 0.0000000 0.0385590 0.0290416 0.1196199
135 G 135 0.0503006 0.0106260 0.2988532 0.0297859 0.0000000 0.0122146 0.0098813 0.1983430 0.0022978 0.0427959 0.0129992 0.0163104 0.0000000 0.0447910 0.0019853 0.0525739 0.0317796 0.0000000 0.0201841 0.0140717 0.1502065
136 P 136 0.0406655 0.0121796 0.0103056 0.0055115 0.0000000 0.0299009 0.0162303 0.0385902 0.0026333 0.0071494 0.0147137 0.0536509 0.0063880 0.0138757 0.5870193 0.0105137 0.0424412 0.0039721 0.0000000 0.0031824 0.1010766
137 S 137 0.0785531 0.0000000 0.0215578 0.1138833 0.0000000 0.0202452 0.0103789 0.0183843 0.0057713 0.1017474 0.1058558 0.0482840 0.0105365 0.0018109 0.0141265 0.1638209 0.0809110 0.0155981 0.0116391 0.0969228 0.0799731
138 I 138 0.0659627 0.0068657 0.0332847 0.0000000 0.0146716 0.0000000 0.0106167 0.0095286 0.0000000 0.1913542 0.1237731 0.0054684 0.0220207 0.1134836 0.0040800 0.0249555 0.0262432 0.0044048 0.0421357 0.2269772 0.0741735
139 R 139 0.0165198 0.0165293 0.1976971 0.0718044 0.0071609 0.0267931 0.0552014 0.0156900 0.0621973 0.0278143 0.1140913 0.0228146 0.0022063 0.0050697 0.0000000 0.0830502 0.0842132 0.0113446 0.0693893 0.0334691 0.0769441
140 G 140 0.0925442 0.0126846 0.0260264 0.0299924 0.0126705 0.0158449 0.0674608 0.1539006 0.0200768 0.0472484 0.1195548 0.0090608 0.0172507 0.0799454 0.0288217 0.0523698 0.0379494 0.0000000 0.0117007 0.0914578 0.0734392
141 A 141 0.1070803 0.0150161 0.0167776 0.0831038 0.0000000 0.0539650 0.0284636 0.1240668 0.0041948 0.0027293 0.0102932 0.0255709 0.0057832 0.0145838 0.0368856 0.2955946 0.0606101 0.0058232 0.0189131 0.0157642 0.0747808
142 L 142 0.2163941 0.0115621 0.0257190 0.0018566 0.0037595 0.0070089 0.0037050 0.1902995 0.0155420 0.0237544 0.1601224 0.0212158 0.0108947 0.0200343 0.0000000 0.1222538 0.0336998 0.0077900 0.0096375 0.0423633 0.0723873
143 V 143 0.0534909 0.0000000 0.0177563 0.0000000 0.0317216 0.0171394 0.0000000 0.0406499 0.0201616 0.0471943 0.0793512 0.0063526 0.0093038 0.0419723 0.0000000 0.0463082 0.1162708 0.0000000 0.0213124 0.3727623 0.0782522
144 L 144 0.0390293 0.0073782 0.0016901 0.0000000 0.0010612 0.0033119 0.0000000 0.0142469 0.0046638 0.1260548 0.1751314 0.0067459 0.1002723 0.0980097 0.0116391 0.0218796 0.0871144 0.0095614 0.0326556 0.1273829 0.1321714
145 G 145 0.0859160 0.0237361 0.0159964 0.0048923 0.0000000 0.0181504 0.0031719 0.4607056 0.0251958 0.0712652 0.0084026 0.0355953 0.0094006 0.0000000 0.0060936 0.0352861 0.0025796 0.0000000 0.0050824 0.0523266 0.1362032
146 Y 146 0.0165244 0.0280874 0.0523821 0.0075749 0.0089441 0.0148209 0.0034404 0.0130492 0.0900839 0.0220581 0.0297878 0.0120279 0.0000000 0.0262174 0.0024539 0.0666358 0.3369553 0.0000000 0.1617083 0.0394335 0.0678146
147 E 147 0.0126532 0.0270048 0.0757950 0.0782602 0.0000000 0.0654351 0.1293486 0.0471659 0.0038594 0.0000000 0.0120340 0.1536100 0.0000000 0.0000000 0.2471870 0.0706043 0.0143627 0.0000000 0.0000000 0.0000000 0.0626799
148 G 148 0.0519614 0.1023532 0.1483496 0.0459671 0.0136920 0.0356918 0.0294690 0.2216305 0.0542242 0.0081238 0.0120891 0.0968937 0.0017174 0.0089464 0.0000000 0.0636956 0.0196429 0.0000000 0.0117123 0.0197806 0.0540594
149 W 149 0.0058971 0.0000000 0.0080384 0.0000000 0.0216648 0.0000000 0.0000000 0.0000000 0.0000000 0.0794720 0.3445842 0.0000000 0.0120009 0.2091075 0.0000000 0.0025398 0.0178899 0.1201417 0.0336822 0.0906161 0.0543653
150 L 150 0.2653902 0.0162099 0.0062123 0.0115075 0.0076134 0.0377971 0.0000000 0.0075929 0.0072542 0.0092721 0.2136934 0.0185152 0.0089854 0.0239175 0.0000000 0.1651534 0.0503279 0.0118012 0.0145980 0.0732043 0.0509540
151 A 151 0.1333988 0.0000000 0.0000000 0.0000000 0.0000000 0.0000000 0.0000000 0.0507497 0.0000000 0.0557769 0.4212801 0.0000000 0.0162960 0.0885810 0.0000000 0.0018268 0.0077878 0.0029931 0.0053114 0.1663136 0.0496848
152 G 152 0.0191936 0.0000000 0.0000000 0.0000000 0.0000000 0.0000000 0.0000000 0.9158014 0.0041875 0.0000000 0.0000000 0.0000000 0.0000000 0.0000000 0.0000000 0.0025668 0.0045812 0.0000000 0.0000000 0.0036238 0.0500457
153 Y 153 0.2596666 0.0020511 0.0000000 0.0000000 0.0393199 0.0026743 0.0000000 0.2039895 0.0071042 0.0312553 0.0735713 0.0000000 0.0278309 0.0209979 0.0000000 0.0345748 0.0536816 0.0038435 0.1169274 0.0724660 0.0500457
154 Q 154 0.0183593 0.0555938 0.0109166 0.0940147 0.0024094 0.1376646 0.4736028 0.0400075 0.0056024 0.0067031 0.0076542 0.0101531 0.0125853 0.0000000 0.0000000 0.0526517 0.0069579 0.0000000 0.0012709 0.0071697 0.0566832
155 M 155 0.2211020 0.0000000 0.0064142 0.0000000 0.0138258 0.0000000 0.0000000 0.0669229 0.0000000 0.0439963 0.1924557 0.0000000 0.0616901 0.0504494 0.0018268 0.0222066 0.0957968 0.0035113 0.0076140 0.1536789 0.0585091
156 N 156 0.1693917 0.0069981 0.0238881 0.0156674 0.0055754 0.0264077 0.0310212 0.0967566 0.0013415 0.0235270 0.0679487 0.0386226 0.0270808 0.0194969 0.0026333 0.1283555 0.0708729 0.0000000 0.0081542 0.1371667 0.0990938
157 F 157 0.0016144 0.0064894 0.0000000 0.0000000 0.0130110 0.0000000 0.0000000 0.0282469 0.0068721 0.0158280 0.0442645 0.0000000 0.0000000 0.2349771 0.0088879 0.0000000 0.0058497 0.0827404 0.4302201 0.0255406 0.0954579
158 E 158 0.0078519 0.0132787 0.1560954 0.3438351 0.0037050 0.1344011 0.0348102 0.0051591 0.0605196 0.0068664 0.0125218 0.0163502 0.0000000 0.0000000 0.0049572 0.0381694 0.0139284 0.0365145 0.0000000 0.0024087 0.1086273
159 T 159 0.0493187 0.0878166 0.0042252 0.0072303 0.0122856 0.0035163 0.0052316 0.0244266 0.0090571 0.1155086 0.1194600 0.0259617 0.0152061 0.0314557 0.0199148 0.0609494 0.1773960 0.0127931 0.0165369 0.1320030 0.0697066
160 A 160 0.1417202 0.0430426 0.0562691 0.0624530 0.0119017 0.0736293 0.0518340 0.1161254 0.0060240 0.0042267 0.0106987 0.0789677 0.0026456 0.0000000 0.1119067 0.0768308 0.0744528 0.0000000 0.0040786 0.0116388 0.0615543
161 K 161 0.0989188 0.0299513 0.0495698 0.0536108 0.0000000 0.0812489 0.0351766 0.0831755 0.0140113 0.0050571 0.0286289 0.1349166 0.0150203 0.0011003 0.0423940 0.1800120 0.0607857 0.0000000 0.0061152 0.0194528 0.0608542
162 S 162 0.1031565 0.0690841 0.0734497 0.0104478 0.0000000 0.0602756 0.0138056 0.2537479 0.0092196 0.0000000 0.0117966 0.0972716 0.0209636 0.0134335 0.0393409 0.1171612 0.0200664 0.0000000 0.0053363 0.0123625 0.0690808
163 R 163 0.0782825 0.0923497 0.0803452 0.0536419 0.0074728 0.0794960 0.0859739 0.0590312 0.0134693 0.0157026 0.0226778 0.1344752 0.0018395 0.0015152 0.0458028 0.1107813 0.0430177 0.0000000 0.0014641 0.0070647 0.0655968
164 V 164 0.0270512 0.0020842 0.0146111 0.0279267 0.0134656 0.0341186 0.0703484 0.0130344 0.0037050 0.1296542 0.1996220 0.0411801 0.0403481 0.1600437 0.0099170 0.0156405 0.0125649 0.0014814 0.0079317 0.0979296 0.0773414
165 T 165 0.0794482 0.0090651 0.0395866 0.0407964 0.0124554 0.0158616 0.0264583 0.0484181 0.0026333 0.0304255 0.0259480 0.0294823 0.0099634 0.0052222 0.0123981 0.2222604 0.2814327 0.0000000 0.0031840 0.0264986 0.0784618
166 Q 166 0.0989297 0.0612567 0.0460198 0.0419638 0.0035113 0.0504694 0.0218021 0.1059717 0.0067587 0.0324348 0.0219128 0.2342561 0.0331950 0.0032703 0.0291535 0.0533717 0.0225079 0.0071966 0.0034404 0.0537257 0.0688522
167 S 167 0.0514882 0.0000000 0.0555578 0.0014814 0.0178920 0.0051054 0.0164604 0.0133385 0.0629051 0.0390448 0.1264967 0.0028201 0.0470226 0.0417839 0.0082277 0.0291917 0.0373943 0.0524803 0.2348102 0.0895114 0.0669877
168 N 168 0.1501759 0.0032252 0.2387721 0.0538969 0.0115070 0.0182954 0.0171336 0.0735996 0.0052485 0.0129082 0.0056643 0.0315373 0.0028501 0.0000000 0.0000000 0.2274259 0.0791560 0.0000000 0.0000000 0.0164793 0.0521248
169 F 169 0.2633248 0.0000000 0.0000000 0.0000000 0.0086540 0.0034404 0.0000000 0.0224624 0.0000000 0.0476691 0.1517438 0.0000000 0.0285378 0.1627933 0.0000000 0.0218014 0.0196540 0.0000000 0.1092670 0.1069459 0.0537062
170 A 170 0.3973366 0.0000000 0.0000000 0.0046592 0.0723014 0.0020360 0.0000000 0.2753933 0.0000000 0.0095650 0.0305256 0.0142739 0.0093649 0.0077630 0.0000000 0.0530593 0.0180295 0.0028129 0.0012779 0.0518436 0.0497579
171 V 171 0.2281249 0.0071966 0.0000000 0.0000000 0.0359255 0.0000000 0.0000000 0.1260519 0.0000000 0.0758163 0.2296395 0.0056549 0.0104160 0.0441024 0.0000000 0.0101217 0.0101435 0.0000000 0.0044561 0.1598689 0.0524818
172 G 172 0.0462229 0.2832012 0.0240155 0.0031159 0.0082996 0.0199624 0.0067103 0.3033136 0.0059323 0.0029735 0.0063253 0.0617543 0.0080286 0.0000000 0.0028201 0.1287975 0.0208985 0.0000000 0.0048923 0.0094039 0.0533322
173 Y 173 0.0000000 0.0084456 0.0026031 0.0000000 0.0070833 0.0000000 0.0071966 0.0053746 0.0164117 0.0202760 0.0417145 0.0000000 0.0075801 0.1038593 0.0082956 0.0052550 0.0038766 0.0279003 0.6596780 0.0241407 0.0503091
174 K 174 0.1051106 0.0607567 0.1125205 0.0149459 0.0080143 0.0361132 0.0399022 0.0123160 0.0155757 0.0141515 0.0075076 0.1193421 0.0020511 0.0048116 0.0056934 0.1248325 0.2151992 0.0000000 0.0127229 0.0399568 0.0484761
175 T 175 0.1723055 0.0344979 0.1209786 0.0288671 0.0056963 0.0208175 0.0107978 0.1122300 0.0496845 0.0034338 0.0109465 0.1158810 0.0075754 0.0013596 0.0137189 0.0729934 0.1348449 0.0035735 0.0090998 0.0194018 0.0512963
176 D 176 0.0572538 0.0317687 0.0621246 0.1492617 0.0026043 0.0286351 0.0627459 0.1668395 0.0131388 0.0000000 0.0218088 0.0667676 0.0000000 0.0069505 0.1724327 0.0889006 0.0091198 0.0000000 0.0017663 0.0121059 0.0457756
177 E 177 0.0066905 0.0202943 0.1419607 0.3625377 0.0000000 0.0273913 0.0543004 0.0415838 0.0206184 0.0051497 0.0246589 0.0835481 0.0000000 0.0208405 0.0378127 0.0586712 0.0251358 0.0034113 0.0081643 0.0114548 0.0457756
178 F 178 0.0220676 0.0039317 0.0199631 0.0000000 0.0293543 0.0021620 0.0032703 0.0032117 0.0207197 0.0166070 0.0976102 0.0000000 0.0296437 0.1795681 0.0000000 0.0710385 0.0816558 0.1653605 0.1673091 0.0401374 0.0463892
179 Q 179 0.0380008 0.0022289 0.0279904 0.0262434 0.0190423 0.0686894 0.0719104 0.0109685 0.0075972 0.1752806 0.0372808 0.0020511 0.0038459 0.0096795 0.0000000 0.1223880 0.1566684 0.0000000 0.0054684 0.1717106 0.0429554
180 L 180 0.3795234 0.0000000 0.0000000 0.0000000 0.0029062 0.0000000 0.0000000 0.0517791 0.0000000 0.0415316 0.1872723 0.0000000 0.0205743 0.0754414 0.0000000 0.0169704 0.0317934 0.0265812 0.0164745 0.1061966 0.0429554
