   87         A         R         N         D         C         Q         E         G         H         I         L         K         M         F         P         S         T         W         Y         V    
  1 G   1 0.0000000 0.0000000 0.0000000 0.0000000 0.0000000 0.0000000 0.0000000 1.0000000 0.0000000 0.0000000 0.0000000 0.0000000 0.0000000 0.0000000 0.0000000 0.0000000 0.0000000 0.0000000 0.0000000 0.0000000
  2 S   2 0.0181407 0.0227966 0.0000000 0.0450585 0.0000000 0.0205459 0.2930893 0.0000000 0.0000000 0.0218132 0.0262751 0.0000000 0.0000000 0.1147296 0.0582943 0.0490329 0.0929953 0.0000000 0.0000000 0.2372285
  3 H   3 0.0386328 0.0165846 0.1242268 0.0890415 0.0000000 0.1915497 0.1354859 0.0000000 0.0261596 0.0000000 0.0000000 0.0000000 0.0000000 0.0000000 0.0346833 0.1657115 0.1779243 0.0000000 0.0000000 0.0000000
  4 M   4 0.1612365 0.0127610 0.0000000 0.0611235 0.0000000 0.0000000 0.0753416 0.0760610 0.0000000 0.0000000 0.0498007 0.0164717 0.0229562 0.0000000 0.1094961 0.1165495 0.0608903 0.0000000 0.0000000 0.2373120
  5 D   5 0.1530087 0.0289118 0.0317127 0.1362067 0.0000000 0.0000000 0.0478913 0.0511147 0.0181701 0.0000000 0.0215486 0.0000000 0.0000000 0.0000000 0.3577430 0.0650736 0.0636224 0.0000000 0.0000000 0.0249964
  6 A   6 0.2006045 0.0220533 0.0334820 0.0134874 0.0000000 0.0757567 0.3078060 0.0000000 0.0000000 0.0277541 0.0000000 0.0000000 0.0000000 0.0564666 0.1283082 0.0263400 0.0395565 0.0000000 0.0000000 0.0683845
  7 A   7 0.1451183 0.0000000 0.0000000 0.1048204 0.0000000 0.0000000 0.0577554 0.0000000 0.0000000 0.0259404 0.1237085 0.0000000 0.0262957 0.0000000 0.2885190 0.0108365 0.0858063 0.0000000 0.0000000 0.1311996
  8 A   8 0.2173428 0.0000000 0.0000000 0.2228641 0.0000000 0.0221677 0.0365409 0.1015706 0.0000000 0.0000000 0.1059291 0.0000000 0.0287398 0.0399124 0.0293592 0.0628320 0.0688062 0.0000000 0.0000000 0.0639353
  9 P   9 0.0369041 0.0287749 0.0370766 0.1561011 0.0000000 0.0340540 0.1705163 0.0627621 0.0324235 0.0317525 0.0150708 0.0000000 0.0000000 0.0180052 0.1509843 0.1383649 0.0872097 0.0000000 0.0000000 0.0000000
 10 G  10 0.0877735 0.0000000 0.0158749 0.0625648 0.0000000 0.0175241 0.0283393 0.4428437 0.0176357 0.0000000 0.1353167 0.0000000 0.0000000 0.0000000 0.0150376 0.1085600 0.0581862 0.0000000 0.0000000 0.0103436
 11 T  11 0.0599361 0.0000000 0.0124287 0.0000000 0.0077626 0.0476994 0.0948592 0.0162231 0.0404867 0.0447402 0.0600263 0.0393068 0.0000000 0.0000000 0.0000000 0.0127133 0.2891959 0.0000000 0.0000000 0.2746219
 12 R  12 0.0000000 0.7473942 0.0000000 0.0000000 0.0000000 0.0154906 0.0196718 0.0000000 0.0000000 0.0000000 0.0331483 0.0278615 0.0000000 0.0000000 0.0718287 0.0294922 0.0194215 0.0000000 0.0000000 0.0356910
 13 V  13 0.2309372 0.0131918 0.0605769 0.0000000 0.0000000 0.0000000 0.0000000 0.0170034 0.0000000 0.0691920 0.4291026 0.0000000 0.0211356 0.0000000 0.0145001 0.0328252 0.0151667 0.0000000 0.0000000 0.0963685
 14 I  14 0.0690066 0.0091936 0.0000000 0.0890905 0.0000000 0.0000000 0.0075954 0.0000000 0.0000000 0.1220802 0.0933278 0.0194972 0.0000000 0.0000000 0.0145317 0.2504348 0.1954762 0.0180603 0.0000000 0.1117057
 15 D  15 0.0972175 0.0000000 0.0000000 0.5182001 0.0000000 0.0116353 0.2801974 0.0000000 0.0000000 0.0000000 0.0134056 0.0000000 0.0000000 0.0000000 0.0113878 0.0227263 0.0452300 0.0000000 0.0000000 0.0000000
 16 A  16 0.0679565 0.0105686 0.0000000 0.0000000 0.0000000 0.0153369 0.0000000 0.0000000 0.0000000 0.0914321 0.4583284 0.0000000 0.0133197 0.0590360 0.0000000 0.0143126 0.0455981 0.0000000 0.0000000 0.2241111
 17 A  17 0.3988161 0.0000000 0.0253948 0.0807013 0.0000000 0.0000000 0.0340164 0.0000000 0.0000000 0.0000000 0.0177939 0.0000000 0.0000000 0.0000000 0.4016734 0.0000000 0.0190380 0.0000000 0.0000000 0.0225662
 18 T  18 0.1351401 0.1481246 0.0173741 0.0087552 0.0000000 0.0718998 0.0369621 0.1141132 0.0251390 0.0000000 0.0895477 0.0233370 0.0000000 0.0179146 0.0952933 0.0650958 0.1451918 0.0000000 0.0000000 0.0061117
 19 S  19 0.0679400 0.0356701 0.0312461 0.0723461 0.0000000 0.0099113 0.0290674 0.4563083 0.0159528 0.0000000 0.0136324 0.0000000 0.0000000 0.0000000 0.0949345 0.1319974 0.0328996 0.0000000 0.0000000 0.0080940
 20 M  20 0.0400172 0.0157586 0.0314660 0.1257998 0.0000000 0.0163838 0.2608145 0.1342690 0.0182590 0.0000000 0.0474335 0.0484492 0.0341221 0.0000000 0.0057738 0.0876880 0.1039600 0.0000000 0.0000000 0.0298058
 21 P  21 0.0624932 0.0283647 0.0078283 0.0407138 0.0000000 0.0450826 0.0886289 0.1989992 0.0225030 0.0168363 0.0203334 0.0071422 0.0000000 0.0000000 0.3514849 0.0626558 0.0469337 0.0000000 0.0000000 0.0000000
 22 R  22 0.0428687 0.0914509 0.0000000 0.0100716 0.0178007 0.0138812 0.0096741 0.1886954 0.0236181 0.0355921 0.0427500 0.0231593 0.0000000 0.0000000 0.0000000 0.0118871 0.2066584 0.0000000 0.0000000 0.2818925
 23 K  23 0.1774866 0.2523650 0.0137291 0.0352065 0.0000000 0.0249366 0.0780963 0.0000000 0.0133293 0.0174611 0.0000000 0.1092407 0.0000000 0.0000000 0.0966605 0.0603788 0.1211094 0.0000000 0.0000000 0.0000000
 24 V  24 0.2307080 0.0000000 0.0000000 0.0000000 0.0308925 0.0000000 0.0000000 0.0477038 0.0157605 0.0116728 0.0350675 0.0000000 0.0000000 0.0342569 0.0000000 0.0000000 0.0000000 0.0000000 0.0106930 0.5832450
 25 R  25 0.0158923 0.1524373 0.0000000 0.0000000 0.0000000 0.0000000 0.1017490 0.0000000 0.0074435 0.0727246 0.0432689 0.0537782 0.0069817 0.0096205 0.0000000 0.0000000 0.1764739 0.0000000 0.0000000 0.3596301
 26 I  26 0.0000000 0.0000000 0.0000000 0.0000000 0.0000000 0.0000000 0.0000000 0.0000000 0.0000000 0.4061466 0.0471908 0.0000000 0.0000000 0.0000000 0.0000000 0.0000000 0.0000000 0.0000000 0.0000000 0.5466626
 27 V  27 0.0586350 0.5311850 0.0000000 0.0116463 0.0113853 0.0322944 0.0264264 0.0000000 0.0078445 0.0207635 0.0410757 0.0351299 0.0073524 0.0000000 0.0000000 0.0253450 0.0294720 0.0000000 0.0000000 0.1614445
 28 Q  28 0.0284333 0.6438689 0.0000000 0.0000000 0.0000000 0.1916097 0.0000000 0.0000000 0.0000000 0.0000000 0.0156901 0.0000000 0.0142092 0.0000000 0.0000000 0.0933609 0.0000000 0.0128279 0.0000000 0.0000000
 29 I  29 0.0000000 0.0000000 0.0000000 0.0000000 0.0000000 0.0000000 0.0000000 0.0000000 0.0000000 0.5687924 0.2944528 0.0000000 0.0154973 0.0714456 0.0000000 0.0000000 0.0000000 0.0000000 0.0000000 0.0498120
 30 N  30 0.2395156 0.0000000 0.2024455 0.0000000 0.0441719 0.0000000 0.0000000 0.1906253 0.0133181 0.0146750 0.0000000 0.0000000 0.0000000 0.0000000 0.0156901 0.2189716 0.0605869 0.0000000 0.0000000 0.0000000
 31 E  31 0.0000000 0.0000000 0.0000000 0.0000000 0.0000000 0.0000000 1.0000000 0.0000000 0.0000000 0.0000000 0.0000000 0.0000000 0.0000000 0.0000000 0.0000000 0.0000000 0.0000000 0.0000000 0.0000000 0.0000000
 32 I  32 0.0106452 0.0059779 0.0129096 0.0339420 0.0000000 0.0645835 0.0433794 0.0049841 0.2269227 0.2212525 0.0000000 0.0000000 0.0000000 0.0000000 0.2617662 0.0441719 0.0000000 0.0000000 0.0193266 0.0501384
 33 F  33 0.1078881 0.0000000 0.0000000 0.0000000 0.0000000 0.0000000 0.0000000 0.0000000 0.0000000 0.1496386 0.2686131 0.0000000 0.0281455 0.0215536 0.0000000 0.0000000 0.0169385 0.0000000 0.0000000 0.4072226
 34 Q  34 0.0000000 0.0000000 0.0000000 0.0000000 0.0000000 1.0000000 0.0000000 0.0000000 0.0000000 0.0000000 0.0000000 0.0000000 0.0000000 0.0000000 0.0000000 0.0000000 0.0000000 0.0000000 0.0000000 0.0000000
 35 V  35 0.0963729 0.0000000 0.0518205 0.0216548 0.0000000 0.0000000 0.0428896 0.0511608 0.0000000 0.0322056 0.0946331 0.0328453 0.0079870 0.0126905 0.0000000 0.1365547 0.1260810 0.0000000 0.0085996 0.2845043
 36 E  36 0.0000000 0.0000000 0.0641999 0.7867788 0.0000000 0.0307850 0.1182363 0.0000000 0.0000000 0.0000000 0.0000000 0.0000000 0.0000000 0.0000000 0.0000000 0.0000000 0.0000000 0.0000000 0.0000000 0.0000000
 37 T  37 0.0970606 0.0317556 0.0215749 0.0211775 0.0000000 0.0348265 0.0682093 0.0407408 0.0738345 0.0158328 0.0386697 0.0000000 0.0000000 0.0000000 0.2146986 0.1026574 0.1241942 0.0000000 0.0000000 0.1147675
 38 D  38 0.0657793 0.0073444 0.0000000 0.2508375 0.0000000 0.0454324 0.3585783 0.0335729 0.0000000 0.0260006 0.0000000 0.0560940 0.0000000 0.0128279 0.0429471 0.0689071 0.0000000 0.0000000 0.0000000 0.0316785
 39 Q  39 0.0710062 0.0169385 0.0000000 0.0000000 0.0000000 0.0703012 0.0000000 0.0000000 0.0000000 0.0322859 0.5642166 0.0000000 0.0170035 0.0049841 0.0000000 0.0159700 0.0431995 0.0000000 0.0116207 0.1524739
 40 F  40 0.0000000 0.0000000 0.0000000 0.0000000 0.0000000 0.0000000 0.0000000 0.0000000 0.0000000 0.2186718 0.3394487 0.0000000 0.2741201 0.1292216 0.0000000 0.0000000 0.0000000 0.0000000 0.0118937 0.0266441
 41 T  41 0.2350218 0.1241815 0.0000000 0.0316785 0.0000000 0.0366721 0.0332851 0.1311623 0.0183498 0.0000000 0.0476464 0.0590708 0.0000000 0.0000000 0.0000000 0.1301410 0.1197967 0.0000000 0.0139327 0.0190613
 42 Q  42 0.1067035 0.2085959 0.0457989 0.0321919 0.0000000 0.1915222 0.1353842 0.0075908 0.0062160 0.0182674 0.0490960 0.0579342 0.0156901 0.0000000 0.0000000 0.0271753 0.0715983 0.0000000 0.0000000 0.0262353
 43 L  43 0.0000000 0.0000000 0.0000000 0.0000000 0.0000000 0.0000000 0.0000000 0.0000000 0.0000000 0.0266763 0.8548804 0.0000000 0.0348444 0.0835989 0.0000000 0.0000000 0.0000000 0.0000000 0.0000000 0.0000000
 44 L  44 0.0772402 0.2701374 0.0158923 0.0274055 0.0252118 0.0000000 0.0384551 0.0193342 0.1091188 0.0417211 0.0745661 0.1778531 0.0000000 0.0074435 0.0000000 0.0418944 0.0452728 0.0000000 0.0179195 0.0105341
 45 D  45 0.1706644 0.1418641 0.0652353 0.1860767 0.0000000 0.0415551 0.2106563 0.0072473 0.0069817 0.0000000 0.0269227 0.0438034 0.0000000 0.0000000 0.0000000 0.0656729 0.0333201 0.0000000 0.0000000 0.0000000
 46 A  46 0.6719410 0.0000000 0.0146446 0.0000000 0.0105672 0.0119373 0.0000000 0.0291021 0.0148424 0.0000000 0.0306865 0.0161100 0.0000000 0.0155237 0.0000000 0.0290022 0.0274375 0.0000000 0.0312279 0.0969777
 47 D  47 0.0099211 0.0000000 0.0155237 0.0454178 0.0000000 0.0075908 0.0000000 0.9215465 0.0000000 0.0000000 0.0000000 0.0000000 0.0000000 0.0000000 0.0000000 0.0000000 0.0000000 0.0000000 0.0000000 0.0000000
 48 I  48 0.0439048 0.0000000 0.0000000 0.0000000 0.0000000 0.0000000 0.0000000 0.0000000 0.0000000 0.3866752 0.0922641 0.0000000 0.0485559 0.0000000 0.0000000 0.0000000 0.0000000 0.0000000 0.0000000 0.4286000
 49 R  49 0.0000000 0.2041037 0.0163823 0.0482830 0.0000000 0.0746140 0.0510535 0.0266505 0.0000000 0.0479599 0.1137533 0.0000000 0.0383263 0.0000000 0.0000000 0.0218218 0.0292053 0.0000000 0.0000000 0.3278464
 50 V  50 0.0267528 0.0118937 0.0000000 0.0000000 0.0000000 0.0000000 0.0000000 0.0000000 0.0000000 0.0469735 0.0155237 0.0000000 0.0000000 0.0000000 0.8056790 0.0000000 0.0242473 0.0000000 0.0000000 0.0689300
 51 G  51 0.0000000 0.0000000 0.1146925 0.0816674 0.0000000 0.0000000 0.0000000 0.7907305 0.0000000 0.0000000 0.0129096 0.0000000 0.0000000 0.0000000 0.0000000 0.0000000 0.0000000 0.0000000 0.0000000 0.0000000
 52 S  52 0.4614402 0.0661476 0.0460897 0.0000000 0.0000000 0.0366084 0.0163875 0.0277270 0.0000000 0.0000000 0.0000000 0.0471204 0.0119373 0.0000000 0.0000000 0.1689764 0.0512040 0.0000000 0.0000000 0.0663615
 53 E  53 0.0268210 0.2125896 0.0000000 0.0415287 0.0000000 0.0518674 0.2342988 0.0042205 0.0301602 0.0158923 0.0141663 0.0274707 0.0067314 0.0000000 0.0451954 0.0149373 0.1590349 0.0000000 0.0000000 0.1150853
 54 V  54 0.0682631 0.0000000 0.0000000 0.0000000 0.0000000 0.0000000 0.0000000 0.0231410 0.0000000 0.1232518 0.0439631 0.0148424 0.0000000 0.0000000 0.0000000 0.0000000 0.0000000 0.0000000 0.0000000 0.7265386
 55 E  55 0.0253899 0.0485641 0.0126246 0.0915348 0.0000000 0.0050420 0.1072965 0.0116463 0.0142092 0.0000000 0.0278198 0.0359090 0.0171153 0.0000000 0.0075214 0.0821283 0.4699622 0.0000000 0.0000000 0.0432365
 56 I  56 0.1653906 0.0000000 0.0000000 0.0000000 0.0000000 0.0000000 0.0000000 0.0000000 0.0000000 0.1124103 0.2004059 0.0000000 0.0000000 0.0520566 0.0000000 0.0134100 0.0000000 0.0000000 0.0062926 0.4500339
 57 V  57 0.0743864 0.1170013 0.0076527 0.0000000 0.0000000 0.0862984 0.2268790 0.0217672 0.0000000 0.0490621 0.0096719 0.0161479 0.0134100 0.0000000 0.0000000 0.0724661 0.1739246 0.0091682 0.0000000 0.1221641
 58 D  58 0.1408429 0.1369294 0.1036730 0.0560514 0.0248711 0.0569837 0.0079870 0.0325512 0.0130898 0.0146446 0.0401897 0.0186298 0.0000000 0.0122413 0.0638212 0.0858895 0.0600919 0.0000000 0.0126246 0.1188880
 59 R  59 0.0980971 0.0937731 0.1083089 0.0429553 0.0000000 0.0291978 0.1396455 0.0586503 0.0182216 0.0208736 0.0226564 0.0217563 0.0000000 0.0084937 0.0087727 0.1221386 0.1155566 0.0062713 0.0069817 0.0776494
 60 D  60 0.1176638 0.0837131 0.0292148 0.2121029 0.0000000 0.0159850 0.0602879 0.2040883 0.0065272 0.0000000 0.0000000 0.0146446 0.0000000 0.0000000 0.1652375 0.0813557 0.0091794 0.0000000 0.0000000 0.0000000
 61 G  61 0.0409480 0.0442560 0.0196704 0.2527012 0.0000000 0.0133125 0.0453356 0.4350756 0.0317946 0.0000000 0.0078445 0.0248827 0.0000000 0.0000000 0.0199851 0.0512577 0.0067418 0.0000000 0.0061943 0.0000000
 62 H  62 0.0497189 0.1025799 0.0373415 0.0097145 0.0171696 0.0192932 0.0057803 0.2847755 0.0421460 0.0157425 0.0130357 0.0062036 0.0000000 0.0000000 0.0088584 0.1065468 0.0963294 0.0134482 0.0900082 0.0813078
 63 I  63 0.0143056 0.0096858 0.0000000 0.0000000 0.0000000 0.0000000 0.0000000 0.0177795 0.0000000 0.1989225 0.0834370 0.0000000 0.0250661 0.0000000 0.0078366 0.0078294 0.0267249 0.0000000 0.0465163 0.5618965
 64 T  64 0.0262334 0.1122509 0.0000000 0.0000000 0.0000000 0.0116622 0.1091573 0.0000000 0.0000000 0.0947211 0.1098004 0.0000000 0.0000000 0.0000000 0.0087002 0.0981612 0.2190496 0.0077043 0.0000000 0.2025594
 65 L  65 0.0268708 0.0000000 0.0000000 0.0000000 0.0000000 0.0000000 0.0000000 0.0000000 0.0000000 0.2299881 0.2734070 0.0000000 0.0000000 0.0114197 0.0000000 0.0000000 0.0321602 0.0000000 0.0000000 0.4261543
 66 S  66 0.1008496 0.0747280 0.0000000 0.0778547 0.0070067 0.0403308 0.0000000 0.1023923 0.0000000 0.0776968 0.0000000 0.0000000 0.0070148 0.0000000 0.0000000 0.1789319 0.2517966 0.0000000 0.0000000 0.0813978
 67 H  67 0.0460250 0.1083447 0.0869468 0.0352058 0.0000000 0.0062364 0.0361508 0.1336731 0.0705793 0.0154072 0.0172182 0.0139366 0.0123243 0.0000000 0.1403945 0.0918674 0.0492337 0.0000000 0.0000000 0.1364563
 68 N  68 0.0895669 0.0000000 0.0763349 0.1260292 0.0000000 0.0229139 0.0604953 0.3577201 0.0000000 0.0000000 0.0137058 0.0000000 0.0164653 0.0000000 0.0545315 0.1540203 0.0159341 0.0000000 0.0077187 0.0045642
 69 G  69 0.0419341 0.0319860 0.0379150 0.1260104 0.0000000 0.0000000 0.0427840 0.4609664 0.1433904 0.0064424 0.0353010 0.0115032 0.0000000 0.0000000 0.0078226 0.0276814 0.0262632 0.0000000 0.0000000 0.0000000
 70 K  70 0.1347452 0.0199490 0.0176167 0.1156172 0.0000000 0.0000000 0.2494914 0.1807071 0.0637936 0.0152626 0.0000000 0.0582323 0.0089398 0.0000000 0.0000000 0.0504782 0.0496828 0.0000000 0.0000000 0.0354841
 71 D  71 0.1311588 0.0265076 0.0314195 0.0829790 0.0000000 0.0187196 0.0674260 0.1385838 0.0123699 0.0000000 0.0000000 0.0401768 0.0089398 0.0000000 0.0278240 0.1852953 0.1691472 0.0000000 0.0000000 0.0594528
 72 V  72 0.1205459 0.0000000 0.0000000 0.0000000 0.0081009 0.0000000 0.0000000 0.0138483 0.0000000 0.0628233 0.2496406 0.0000000 0.0386013 0.0458172 0.0000000 0.0087712 0.0574809 0.0000000 0.0262057 0.3681647
 73 E  73 0.0330040 0.0435183 0.0000000 0.1763157 0.0000000 0.0255300 0.3630500 0.0000000 0.0152934 0.0000000 0.0000000 0.0000000 0.0000000 0.0000000 0.0000000 0.1086492 0.1159732 0.0000000 0.0000000 0.1186662
 74 L  74 0.0000000 0.0000000 0.0000000 0.0000000 0.0000000 0.0000000 0.0000000 0.0000000 0.0000000 0.1360579 0.7642569 0.0000000 0.0000000 0.0000000 0.0000000 0.0000000 0.0000000 0.0000000 0.0000000 0.0996852
 75 L  75 0.0617669 0.0159037 0.0000000 0.0602712 0.0000000 0.0116142 0.0137378 0.0067312 0.0000000 0.0240069 0.0294871 0.0087725 0.0087684 0.0000000 0.5424052 0.1693249 0.0127660 0.0000000 0.0000000 0.0344440
 76 D  76 0.0684147 0.0995648 0.0202367 0.2507282 0.0000000 0.0238561 0.0966907 0.0290728 0.0470738 0.0000000 0.0099080 0.0067312 0.0121773 0.0000000 0.1504955 0.0304173 0.0642445 0.0000000 0.0184562 0.0719321
 77 D  77 0.0619620 0.0335427 0.0000000 0.3058453 0.0000000 0.0259643 0.4044227 0.0482137 0.0104277 0.0000000 0.0224212 0.0173453 0.0000000 0.0000000 0.0000000 0.0570892 0.0127660 0.0000000 0.0000000 0.0000000
 78 L  78 0.0790308 0.0172790 0.0000000 0.0079391 0.0000000 0.0098664 0.0127660 0.0000000 0.0131691 0.1602147 0.2577301 0.0000000 0.1270547 0.0000000 0.0000000 0.0107459 0.0491683 0.0000000 0.0261178 0.2289181
 79 A  79 0.8375525 0.0000000 0.0000000 0.0000000 0.0000000 0.0000000 0.0000000 0.0400229 0.0000000 0.0000000 0.0225059 0.0000000 0.0000000 0.0000000 0.0000000 0.0689875 0.0000000 0.0000000 0.0000000 0.0309312
 80 H  80 0.0865613 0.0724620 0.0000000 0.0319307 0.0313728 0.0371844 0.0098663 0.0387567 0.5224696 0.0060981 0.0000000 0.0186302 0.0000000 0.0000000 0.0000000 0.1301717 0.0000000 0.0000000 0.0000000 0.0144962
 81 T  81 0.4255238 0.0450600 0.0130858 0.0000000 0.0000000 0.0000000 0.0000000 0.0314039 0.3619141 0.0000000 0.0208380 0.0000000 0.0000000 0.0000000 0.0000000 0.0801875 0.0219869 0.0000000 0.0000000 0.0000000
 82 I  82 0.0000000 0.0000000 0.0000000 0.0000000 0.0000000 0.0000000 0.0000000 0.0000000 0.0000000 0.3733908 0.1101065 0.0000000 0.0152374 0.0160051 0.0000000 0.0000000 0.0000000 0.0000000 0.0000000 0.4852602
 83 R  83 0.0000000 0.2614065 0.0000000 0.0000000 0.0000000 0.0655087 0.0000000 0.0000000 0.0587845 0.0000000 0.0239743 0.0408330 0.0403541 0.4840541 0.0000000 0.0000000 0.0000000 0.0000000 0.0101594 0.0149254
 84 I  84 0.0121909 0.0000000 0.0000000 0.0000000 0.0000000 0.0000000 0.0000000 0.0000000 0.0000000 0.1016735 0.0000000 0.0000000 0.0000000 0.0000000 0.0000000 0.0000000 0.0000000 0.0000000 0.0000000 0.8861356
 85 E  85 0.0480372 0.1773219 0.0120793 0.0000000 0.0000000 0.0661916 0.3907084 0.0087758 0.0000000 0.0000000 0.0000000 0.1053765 0.0000000 0.0000000 0.0000000 0.1156129 0.0758963 0.0000000 0.0000000 0.0000000
 86 E  86 0.0905638 0.1360478 0.0000000 0.0188584 0.0000000 0.0301236 0.0851214 0.0000000 0.0000000 0.0304617 0.0263141 0.3219656 0.0000000 0.0000000 0.1743400 0.0501221 0.0109098 0.0000000 0.0000000 0.0251717
 87 L  87 0.0000000 0.0000000 0.0000000 0.0000000 0.0000000 0.0000000 0.0000000 0.0000000 0.0000000 0.1010380 0.2088464 0.0000000 0.0000000 0.0000000 0.0000000 0.0000000 0.0000000 0.0000000 0.0000000 0.6901156
