   87         A         R         N         D         C         Q         E         G         H         I         L         K         M         F         P         S         T         W         Y         V         X    
  1 G   1 0.0000000 0.0000000 0.0000000 0.0000000 0.0000000 0.0000000 0.0000000 0.3133263 0.0000000 0.0000000 0.0000000 0.0000000 0.0000000 0.0000000 0.0000000 0.0000000 0.0000000 0.0000000 0.0000000 0.0000000 0.6866737
  2 S   2 0.0067368 0.0088125 0.0000000 0.0269159 0.0000000 0.0076857 0.1178156 0.0000000 0.0000000 0.0084330 0.0099847 0.0000000 0.0000000 0.0434684 0.0218433 0.0182958 0.0354823 0.0000000 0.0000000 0.0899136 0.6046122
  3 H   3 0.0215345 0.0072220 0.0538426 0.0381318 0.0000000 0.0828393 0.0585680 0.0000000 0.0109347 0.0000000 0.0000000 0.0000000 0.0000000 0.0000000 0.0247213 0.0712812 0.0780975 0.0000000 0.0000000 0.0000000 0.5528271
  4 M   4 0.0895204 0.0062496 0.0000000 0.0349933 0.0000000 0.0000000 0.0361606 0.0373770 0.0000000 0.0000000 0.0245841 0.0081165 0.0109347 0.0000000 0.0556087 0.0586482 0.0303400 0.0000000 0.0000000 0.1171231 0.4903439
  5 D   5 0.0849811 0.0162507 0.0170204 0.0751301 0.0000000 0.0000000 0.0266210 0.0281197 0.0100824 0.0000000 0.0119004 0.0000000 0.0000000 0.0000000 0.2157318 0.0365322 0.0358885 0.0000000 0.0000000 0.0137683 0.4279733
  6 A   6 0.1174906 0.0227650 0.0196595 0.0076857 0.0000000 0.0440999 0.1772790 0.0000000 0.0000000 0.0165336 0.0000000 0.0000000 0.0000000 0.0377174 0.0741184 0.0163500 0.0229875 0.0000000 0.0000000 0.0410043 0.4023092
  7 A   7 0.0932513 0.0000000 0.0000000 0.0611000 0.0000000 0.0000000 0.0350942 0.0000000 0.0000000 0.0147728 0.0781770 0.0000000 0.0152393 0.0000000 0.1674616 0.0062496 0.0499490 0.0000000 0.0000000 0.0763961 0.4023092
  8 A   8 0.1336231 0.0000000 0.0000000 0.1426672 0.0000000 0.0133649 0.0320304 0.0622854 0.0000000 0.0000000 0.0637569 0.0000000 0.0174436 0.0241108 0.0179346 0.0382946 0.0414160 0.0000000 0.0000000 0.0383926 0.3746800
  9 P   9 0.0249088 0.0186109 0.0245996 0.1217344 0.0000000 0.0225689 0.1134518 0.0417883 0.0215082 0.0208996 0.0099847 0.0000000 0.0000000 0.0119004 0.1007838 0.0935144 0.0583659 0.0000000 0.0000000 0.0000000 0.3153804
 10 G  10 0.0606504 0.0000000 0.0110278 0.0435349 0.0000000 0.0122828 0.0197675 0.3192932 0.0126832 0.0000000 0.0968393 0.0000000 0.0000000 0.0000000 0.0097984 0.0804430 0.0413267 0.0000000 0.0000000 0.0072220 0.2851308
 11 T  11 0.0432807 0.0000000 0.0092135 0.0000000 0.0057965 0.0355750 0.0706254 0.0119004 0.0298662 0.0335115 0.0440537 0.0291372 0.0000000 0.0000000 0.0000000 0.0093121 0.2156514 0.0000000 0.0000000 0.2226452 0.2394312
 12 R  12 0.0000000 0.5888597 0.0000000 0.0000000 0.0000000 0.0118778 0.0147728 0.0000000 0.0000000 0.0000000 0.0265487 0.0213402 0.0000000 0.0000000 0.0556273 0.0274830 0.0147987 0.0000000 0.0000000 0.0279916 0.2107003
 13 V  13 0.1900104 0.0105915 0.0494106 0.0000000 0.0000000 0.0000000 0.0000000 0.0138064 0.0000000 0.0574323 0.3741825 0.0000000 0.0173299 0.0000000 0.0118778 0.0275906 0.0123243 0.0000000 0.0000000 0.0795588 0.1558848
 14 I  14 0.0585087 0.0124124 0.0000000 0.0857322 0.0000000 0.0000000 0.0065843 0.0000000 0.0000000 0.1006652 0.0770411 0.0162507 0.0000000 0.0000000 0.0119004 0.2090351 0.1634676 0.0147987 0.0000000 0.0935134 0.1500902
 15 D  15 0.0811994 0.0000000 0.0000000 0.4295885 0.0000000 0.0098070 0.2517265 0.0000000 0.0000000 0.0000000 0.0113706 0.0000000 0.0000000 0.0000000 0.0093121 0.0184794 0.0384264 0.0000000 0.0000000 0.0000000 0.1500902
 16 A  16 0.0569464 0.0091229 0.0000000 0.0000000 0.0000000 0.0129432 0.0000000 0.0000000 0.0000000 0.0765251 0.3894079 0.0000000 0.0113706 0.0591868 0.0000000 0.0118778 0.0388730 0.0000000 0.0000000 0.1949185 0.1388279
 17 A  17 0.3649474 0.0000000 0.0212506 0.0695753 0.0000000 0.0000000 0.0293977 0.0000000 0.0000000 0.0000000 0.0147728 0.0000000 0.0000000 0.0000000 0.3449019 0.0000000 0.0165336 0.0000000 0.0000000 0.0199825 0.1186382
 18 T  18 0.1156442 0.1399004 0.0146045 0.0071313 0.0000000 0.0591501 0.0311713 0.0975179 0.0214736 0.0000000 0.0740901 0.0203876 0.0000000 0.0140723 0.0844516 0.0542094 0.1218501 0.0000000 0.0000000 0.0052125 0.1391332
 19 S  19 0.0597320 0.0317821 0.0275925 0.0645046 0.0000000 0.0083970 0.0264666 0.4152634 0.0137683 0.0000000 0.0118778 0.0000000 0.0000000 0.0000000 0.0845664 0.1168208 0.0394325 0.0000000 0.0000000 0.0074764 0.0923197
 20 M  20 0.0368707 0.0138064 0.0277160 0.1211720 0.0000000 0.0146373 0.2341265 0.1326557 0.0165336 0.0000000 0.0426866 0.0433602 0.0301601 0.0000000 0.0057796 0.0777156 0.0977892 0.0000000 0.0000000 0.0266098 0.0783809
 21 P  21 0.0566197 0.0261071 0.0071414 0.0373317 0.0000000 0.0406386 0.0866236 0.1924284 0.0204251 0.0147728 0.0242265 0.0064738 0.0000000 0.0000000 0.3205843 0.0576349 0.0442829 0.0000000 0.0000000 0.0000000 0.0647091
 22 R  22 0.0400389 0.0837840 0.0000000 0.0093973 0.0165336 0.0127691 0.0091229 0.1942194 0.0218052 0.0345467 0.0402561 0.0210003 0.0000000 0.0000000 0.0000000 0.0121757 0.1888612 0.0000000 0.0000000 0.2632621 0.0522275
 23 K  23 0.1654106 0.2389272 0.0129210 0.0335493 0.0000000 0.0239028 0.0910842 0.0000000 0.0133508 0.0162507 0.0000000 0.1059902 0.0000000 0.0000000 0.0910250 0.0586411 0.1166366 0.0000000 0.0000000 0.0000000 0.0323106
 24 V  24 0.2274795 0.0000000 0.0000000 0.0000000 0.0290076 0.0000000 0.0000000 0.0490480 0.0147987 0.0110278 0.0346855 0.0000000 0.0000000 0.0332257 0.0000000 0.0000000 0.0000000 0.0000000 0.0100824 0.5840641 0.0065807
 25 R  25 0.0147728 0.1462140 0.0000000 0.0000000 0.0000000 0.0000000 0.1091908 0.0000000 0.0079738 0.0710719 0.0415134 0.0506443 0.0068859 0.0093973 0.0000000 0.0000000 0.1766857 0.0000000 0.0000000 0.3656501 0.0000000
 26 I  26 0.0000000 0.0000000 0.0000000 0.0000000 0.0000000 0.0000000 0.0000000 0.0000000 0.0000000 0.4104342 0.0460744 0.0000000 0.0000000 0.0000000 0.0000000 0.0000000 0.0000000 0.0000000 0.0000000 0.5434914 0.0000000
 27 V  27 0.0600173 0.5371045 0.0000000 0.0113706 0.0105915 0.0309185 0.0253579 0.0000000 0.0083181 0.0202405 0.0391323 0.0337405 0.0072748 0.0000000 0.0000000 0.0272026 0.0288885 0.0000000 0.0000000 0.1598422 0.0000000
 28 Q  28 0.0278421 0.6593707 0.0000000 0.0000000 0.0000000 0.1829583 0.0000000 0.0000000 0.0000000 0.0000000 0.0147987 0.0000000 0.0133649 0.0000000 0.0000000 0.0893825 0.0000000 0.0122828 0.0000000 0.0000000 0.0000000
 29 I  29 0.0000000 0.0000000 0.0000000 0.0000000 0.0000000 0.0000000 0.0000000 0.0000000 0.0000000 0.5758459 0.2930362 0.0000000 0.0160071 0.0675543 0.0000000 0.0000000 0.0000000 0.0000000 0.0000000 0.0475565 0.0000000
 30 N  30 0.2537000 0.0000000 0.1926080 0.0000000 0.0426866 0.0000000 0.0000000 0.1980448 0.0129210 0.0138064 0.0000000 0.0000000 0.0000000 0.0000000 0.0147987 0.2132199 0.0582147 0.0000000 0.0000000 0.0000000 0.0000000
 31 E  31 0.0000000 0.0000000 0.0000000 0.0000000 0.0000000 0.0000000 1.0000000 0.0000000 0.0000000 0.0000000 0.0000000 0.0000000 0.0000000 0.0000000 0.0000000 0.0000000 0.0000000 0.0000000 0.0000000 0.0000000 0.0000000
 32 I  32 0.0100824 0.0063961 0.0126832 0.0327842 0.0000000 0.0634293 0.0437393 0.0108616 0.2287542 0.2100581 0.0000000 0.0000000 0.0000000 0.0000000 0.2712141 0.0426866 0.0000000 0.0000000 0.0184062 0.0489046 0.0000000
 33 F  33 0.1063920 0.0000000 0.0000000 0.0000000 0.0000000 0.0000000 0.0000000 0.0000000 0.0000000 0.1534235 0.2625113 0.0000000 0.0287351 0.0201060 0.0000000 0.0000000 0.0162507 0.0000000 0.0000000 0.4125815 0.0000000
 34 Q  34 0.0000000 0.0000000 0.0000000 0.0000000 0.0000000 1.0000000 0.0000000 0.0000000 0.0000000 0.0000000 0.0000000 0.0000000 0.0000000 0.0000000 0.0000000 0.0000000 0.0000000 0.0000000 0.0000000 0.0000000 0.0000000
 35 V  35 0.0934865 0.0000000 0.0524014 0.0209709 0.0000000 0.0000000 0.0417879 0.0497073 0.0000000 0.0320003 0.1011037 0.0331542 0.0124124 0.0136718 0.0000000 0.1332940 0.1286744 0.0000000 0.0085154 0.2788198 0.0000000
 36 E  36 0.0000000 0.0000000 0.0619272 0.7934717 0.0000000 0.0290457 0.1155554 0.0000000 0.0000000 0.0000000 0.0000000 0.0000000 0.0000000 0.0000000 0.0000000 0.0000000 0.0000000 0.0000000 0.0000000 0.0000000 0.0000000
 37 T  37 0.1005884 0.0309625 0.0197830 0.0202728 0.0000000 0.0332611 0.0766697 0.0399073 0.0708971 0.0154778 0.0360124 0.0000000 0.0000000 0.0000000 0.2222520 0.0989370 0.1196361 0.0000000 0.0000000 0.1153428 0.0000000
 38 D  38 0.0643198 0.0074418 0.0000000 0.2496155 0.0000000 0.0516582 0.3570266 0.0332337 0.0000000 0.0245798 0.0000000 0.0532516 0.0000000 0.0122828 0.0405661 0.0756842 0.0000000 0.0000000 0.0000000 0.0303400 0.0000000
 39 Q  39 0.0696470 0.0162507 0.0000000 0.0000000 0.0000000 0.0668074 0.0000000 0.0000000 0.0000000 0.0311765 0.5725018 0.0000000 0.0165336 0.0108616 0.0000000 0.0171739 0.0410324 0.0000000 0.0110278 0.1469875 0.0000000
 40 F  40 0.0000000 0.0000000 0.0000000 0.0000000 0.0000000 0.0000000 0.0000000 0.0000000 0.0000000 0.2109664 0.3561489 0.0000000 0.2730238 0.1223781 0.0000000 0.0000000 0.0000000 0.0000000 0.0116584 0.0258244 0.0000000
 41 T  41 0.2297200 0.1197553 0.0000000 0.0303400 0.0000000 0.0365691 0.0326342 0.1362844 0.0180334 0.0000000 0.0492409 0.0562288 0.0000000 0.0000000 0.0000000 0.1269261 0.1266413 0.0000000 0.0181710 0.0194555 0.0000000
 42 Q  42 0.1027920 0.2121050 0.0455577 0.0311093 0.0000000 0.1909907 0.1386995 0.0080513 0.0066948 0.0175338 0.0478868 0.0560656 0.0147987 0.0000000 0.0000000 0.0265777 0.0749188 0.0000000 0.0000000 0.0262181 0.0000000
 43 L  43 0.0000000 0.0000000 0.0000000 0.0000000 0.0000000 0.0000000 0.0000000 0.0000000 0.0000000 0.0264096 0.8604705 0.0000000 0.0335019 0.0796179 0.0000000 0.0000000 0.0000000 0.0000000 0.0000000 0.0000000 0.0000000
 44 L  44 0.0765494 0.2827404 0.0147728 0.0290565 0.0245794 0.0000000 0.0393196 0.0181722 0.1055355 0.0400412 0.0702504 0.1725596 0.0000000 0.0079738 0.0000000 0.0458810 0.0447236 0.0000000 0.0172595 0.0105851 0.0000000
 45 D  45 0.1705007 0.1454462 0.0634138 0.1822937 0.0000000 0.0422149 0.2066537 0.0073577 0.0068859 0.0000000 0.0258702 0.0420598 0.0000000 0.0000000 0.0000000 0.0655973 0.0417062 0.0000000 0.0000000 0.0000000 0.0000000
 46 A  46 0.6681446 0.0000000 0.0137683 0.0000000 0.0099847 0.0119327 0.0000000 0.0300486 0.0146160 0.0000000 0.0305783 0.0152393 0.0000000 0.0151590 0.0000000 0.0285021 0.0263151 0.0000000 0.0298306 0.1058810 0.0000000
 47 D  47 0.0096552 0.0000000 0.0151590 0.0421276 0.0000000 0.0080513 0.0000000 0.9250069 0.0000000 0.0000000 0.0000000 0.0000000 0.0000000 0.0000000 0.0000000 0.0000000 0.0000000 0.0000000 0.0000000 0.0000000 0.0000000
 48 I  48 0.0432102 0.0000000 0.0000000 0.0000000 0.0000000 0.0000000 0.0000000 0.0000000 0.0000000 0.3902423 0.0927336 0.0000000 0.0466071 0.0000000 0.0000000 0.0000000 0.0000000 0.0000000 0.0000000 0.4272068 0.0000000
 49 R  49 0.0000000 0.1989655 0.0165641 0.0462962 0.0000000 0.0799350 0.0488322 0.0242952 0.0000000 0.0468434 0.1133940 0.0000000 0.0387669 0.0000000 0.0000000 0.0215765 0.0289927 0.0000000 0.0000000 0.3355382 0.0000000
 50 V  50 0.0268294 0.0116584 0.0000000 0.0000000 0.0000000 0.0000000 0.0000000 0.0000000 0.0000000 0.0439223 0.0151590 0.0000000 0.0000000 0.0000000 0.8139869 0.0000000 0.0229092 0.0000000 0.0000000 0.0655349 0.0000000
 51 G  51 0.0000000 0.0000000 0.1116290 0.0769826 0.0000000 0.0000000 0.0000000 0.7987052 0.0000000 0.0000000 0.0126832 0.0000000 0.0000000 0.0000000 0.0000000 0.0000000 0.0000000 0.0000000 0.0000000 0.0000000 0.0000000
 52 S  52 0.4582975 0.0657152 0.0444728 0.0000000 0.0000000 0.0381058 0.0163586 0.0375261 0.0000000 0.0000000 0.0000000 0.0451671 0.0119327 0.0000000 0.0000000 0.1663510 0.0497975 0.0000000 0.0000000 0.0662757 0.0000000
 53 E  53 0.0274058 0.2126894 0.0000000 0.0404788 0.0000000 0.0504035 0.2268507 0.0050508 0.0303962 0.0147728 0.0238008 0.0261255 0.0063302 0.0000000 0.0447045 0.0163558 0.1589456 0.0000000 0.0000000 0.1156897 0.0000000
 54 V  54 0.0672270 0.0000000 0.0000000 0.0000000 0.0000000 0.0000000 0.0000000 0.0249177 0.0000000 0.1186922 0.0439013 0.0146160 0.0000000 0.0000000 0.0000000 0.0000000 0.0000000 0.0000000 0.0000000 0.7306458 0.0000000
 55 E  55 0.0234872 0.0559712 0.0119004 0.0897278 0.0000000 0.0050010 0.1040170 0.0113706 0.0133649 0.0000000 0.0286415 0.0349800 0.0171873 0.0000000 0.0079751 0.0860791 0.4673280 0.0000000 0.0000000 0.0429690 0.0000000
 56 I  56 0.1627629 0.0000000 0.0000000 0.0000000 0.0000000 0.0000000 0.0000000 0.0000000 0.0000000 0.1135765 0.1965391 0.0000000 0.0000000 0.0521550 0.0000000 0.0129432 0.0000000 0.0000000 0.0068673 0.4551560 0.0000000
 57 V  57 0.0722374 0.1170574 0.0076890 0.0000000 0.0000000 0.0846460 0.2291839 0.0312452 0.0000000 0.0473118 0.0107564 0.0162204 0.0129432 0.0000000 0.0000000 0.0708912 0.1753731 0.0088125 0.0000000 0.1156323 0.0000000
 58 D  58 0.1399799 0.1387017 0.1027244 0.0591259 0.0234632 0.0550665 0.0124124 0.0311585 0.0123243 0.0137683 0.0394919 0.0279827 0.0000000 0.0133323 0.0620926 0.0824132 0.0576426 0.0000000 0.0119004 0.1164191 0.0000000
 59 R  59 0.1055264 0.0906171 0.1042073 0.0477930 0.0000000 0.0273122 0.1378789 0.0584802 0.0177627 0.0198874 0.0215784 0.0212635 0.0000000 0.0082247 0.0084330 0.1270199 0.1120384 0.0062882 0.0068859 0.0788030 0.0000000
 60 D  60 0.1152660 0.0810170 0.0280322 0.2063201 0.0000000 0.0154618 0.0590434 0.2085033 0.0068574 0.0000000 0.0000000 0.0137683 0.0000000 0.0000000 0.1666119 0.0891010 0.0100176 0.0000000 0.0000000 0.0000000 0.0000000
 61 G  61 0.0402406 0.0425299 0.0190195 0.2448851 0.0000000 0.0122540 0.0452579 0.4485443 0.0310718 0.0000000 0.0083181 0.0236723 0.0000000 0.0000000 0.0193926 0.0513269 0.0064738 0.0000000 0.0070132 0.0000000 0.0000000
 62 H  62 0.0474513 0.1039277 0.0358816 0.0093973 0.0165336 0.0178415 0.0060941 0.2932972 0.0398132 0.0140723 0.0126832 0.0055999 0.0000000 0.0000000 0.0084330 0.1012731 0.0946251 0.0129210 0.0917015 0.0776971 0.0107564
 63 I  63 0.0133649 0.0093973 0.0000000 0.0000000 0.0000000 0.0000000 0.0000000 0.0172379 0.0000000 0.1927540 0.0791252 0.0000000 0.0238605 0.0000000 0.0075631 0.0073611 0.0263129 0.0000000 0.0448155 0.5618832 0.0163244
 64 T  64 0.0257391 0.1075621 0.0000000 0.0000000 0.0000000 0.0105915 0.1035962 0.0000000 0.0000000 0.0895810 0.1139934 0.0000000 0.0000000 0.0000000 0.0082247 0.0954993 0.2132841 0.0079751 0.0000000 0.1910957 0.0328579
 65 L  65 0.0278684 0.0000000 0.0000000 0.0000000 0.0000000 0.0000000 0.0000000 0.0000000 0.0000000 0.2253612 0.2669013 0.0000000 0.0000000 0.0106084 0.0000000 0.0000000 0.0297519 0.0000000 0.0000000 0.4231845 0.0163244
 66 S  66 0.1012237 0.0734167 0.0000000 0.0736981 0.0069613 0.0405677 0.0000000 0.1041582 0.0000000 0.0722603 0.0000000 0.0000000 0.0064407 0.0000000 0.0000000 0.1641784 0.2360967 0.0000000 0.0000000 0.0778381 0.0431602
 67 H  67 0.0504770 0.1056815 0.0826889 0.0344006 0.0000000 0.0070132 0.0333682 0.1305709 0.0674070 0.0150095 0.0182328 0.0135514 0.0133323 0.0000000 0.1356536 0.0954543 0.0470323 0.0000000 0.0000000 0.1338022 0.0163244
 68 N  68 0.0887148 0.0000000 0.0720798 0.1224233 0.0000000 0.0216302 0.0589721 0.3392872 0.0000000 0.0000000 0.0129432 0.0000000 0.0152393 0.0000000 0.0537548 0.1562915 0.0140723 0.0000000 0.0070705 0.0065807 0.0309404
 69 G  69 0.0392203 0.0290076 0.0352007 0.1177582 0.0000000 0.0000000 0.0409837 0.4415029 0.1331778 0.0070132 0.0327842 0.0102229 0.0000000 0.0000000 0.0079751 0.0259612 0.0254577 0.0000000 0.0000000 0.0000000 0.0537346
 70 K  70 0.1280874 0.0189714 0.0162507 0.1085206 0.0000000 0.0000000 0.2417580 0.1714264 0.0592992 0.0138064 0.0000000 0.0532834 0.0083203 0.0000000 0.0000000 0.0463893 0.0472222 0.0000000 0.0000000 0.0329299 0.0537346
 71 D  71 0.1285528 0.0255126 0.0292773 0.0756035 0.0000000 0.0174152 0.0625227 0.1329941 0.0116584 0.0000000 0.0000000 0.0376480 0.0083203 0.0000000 0.0268294 0.1757067 0.1590388 0.0000000 0.0000000 0.0551855 0.0537346
 72 V  72 0.1173385 0.0000000 0.0000000 0.0000000 0.0083181 0.0000000 0.0000000 0.0129432 0.0000000 0.0604502 0.2399480 0.0000000 0.0352561 0.0421988 0.0000000 0.0082247 0.0541162 0.0000000 0.0252011 0.3444742 0.0515310
 73 E  73 0.0307116 0.0409260 0.0000000 0.1684173 0.0000000 0.0241079 0.3527909 0.0000000 0.0154899 0.0000000 0.0000000 0.0000000 0.0000000 0.0000000 0.0000000 0.1052198 0.1096950 0.0000000 0.0000000 0.1130433 0.0395984
 74 L  74 0.0000000 0.0000000 0.0000000 0.0000000 0.0000000 0.0000000 0.0000000 0.0000000 0.0000000 0.1304157 0.7353422 0.0000000 0.0000000 0.0000000 0.0000000 0.0000000 0.0000000 0.0000000 0.0000000 0.0946437 0.0395984
 75 L  75 0.0596416 0.0140723 0.0000000 0.0606086 0.0000000 0.0105915 0.0137336 0.0065843 0.0000000 0.0225700 0.0273808 0.0085154 0.0083203 0.0000000 0.5248954 0.1594939 0.0118778 0.0000000 0.0000000 0.0321160 0.0395984
 76 D  76 0.0672914 0.0948098 0.0203351 0.2378447 0.0000000 0.0234348 0.0930293 0.0267555 0.0446715 0.0000000 0.0122786 0.0065843 0.0119327 0.0000000 0.1432231 0.0286888 0.0613548 0.0000000 0.0181491 0.0700182 0.0395984
 77 D  77 0.0582220 0.0317524 0.0000000 0.2959758 0.0000000 0.0247219 0.3900231 0.0455372 0.0100541 0.0000000 0.0215824 0.0165336 0.0000000 0.0000000 0.0000000 0.0541215 0.0118778 0.0000000 0.0000000 0.0000000 0.0395984
 78 L  78 0.0775389 0.0162507 0.0000000 0.0080487 0.0000000 0.0107564 0.0118778 0.0000000 0.0126832 0.1506154 0.2434159 0.0000000 0.1197256 0.0000000 0.0000000 0.0105851 0.0463129 0.0000000 0.0250490 0.2275422 0.0395984
 79 A  79 0.8068423 0.0000000 0.0000000 0.0000000 0.0000000 0.0000000 0.0000000 0.0368911 0.0000000 0.0000000 0.0223144 0.0000000 0.0000000 0.0000000 0.0000000 0.0648992 0.0000000 0.0000000 0.0000000 0.0294546 0.0395984
 80 H  80 0.0862840 0.0723634 0.0000000 0.0302615 0.0290076 0.0373050 0.0092135 0.0398290 0.4912887 0.0063961 0.0000000 0.0175707 0.0000000 0.0000000 0.0000000 0.1259470 0.0000000 0.0000000 0.0000000 0.0149351 0.0395984
 81 T  81 0.4004037 0.0426866 0.0122828 0.0000000 0.0000000 0.0000000 0.0000000 0.0290457 0.3610252 0.0000000 0.0198972 0.0000000 0.0000000 0.0000000 0.0000000 0.0749545 0.0201060 0.0000000 0.0000000 0.0000000 0.0395984
 82 I  82 0.0000000 0.0000000 0.0000000 0.0000000 0.0000000 0.0000000 0.0000000 0.0000000 0.0000000 0.3545907 0.1053267 0.0000000 0.0146160 0.0140723 0.0000000 0.0000000 0.0000000 0.0000000 0.0000000 0.4651011 0.0462932
 83 R  83 0.0000000 0.2366233 0.0000000 0.0000000 0.0000000 0.0607300 0.0000000 0.0000000 0.0533991 0.0000000 0.0221269 0.0378940 0.0363019 0.4601959 0.0000000 0.0000000 0.0000000 0.0000000 0.0107564 0.0133649 0.0686076
 84 I  84 0.0097984 0.0000000 0.0000000 0.0000000 0.0000000 0.0000000 0.0000000 0.0000000 0.0000000 0.0878408 0.0000000 0.0000000 0.0000000 0.0000000 0.0000000 0.0000000 0.0000000 0.0000000 0.0000000 0.7841537 0.1182071
 85 E  85 0.0297191 0.1092318 0.0076890 0.0000000 0.0000000 0.0402631 0.2367983 0.0060587 0.0000000 0.0000000 0.0000000 0.0640669 0.0000000 0.0000000 0.0000000 0.0712796 0.0456070 0.0000000 0.0000000 0.0000000 0.3892865
 86 E  86 0.0445188 0.0686308 0.0000000 0.0091713 0.0000000 0.0148267 0.0405006 0.0000000 0.0000000 0.0151590 0.0129432 0.1588912 0.0000000 0.0000000 0.0851295 0.0238948 0.0060587 0.0000000 0.0000000 0.0122828 0.5079926
 87 L  87 0.0000000 0.0000000 0.0000000 0.0000000 0.0000000 0.0000000 0.0000000 0.0000000 0.0000000 0.0336536 0.0734086 0.0000000 0.0000000 0.0000000 0.0000000 0.0000000 0.0000000 0.0000000 0.0000000 0.2406172 0.6523206
