  100         A         R         N         D         C         Q         E         G         H         I         L         K         M         F         P         S         T         W         Y         V    
  1 M   1 0.0000000 0.0000000 0.0000000 0.0000000 0.0000000 0.0000000 0.0000000 0.0000000 0.0000000 0.1045509 0.0683507 0.0000000 0.7159604 0.0000000 0.0000000 0.0000000 0.0000000 0.0000000 0.0000000 0.1111380
  2 A   2 0.2794840 0.0000000 0.0000000 0.0104431 0.0000000 0.0000000 0.0000000 0.6828599 0.0000000 0.0000000 0.0000000 0.0000000 0.0000000 0.0000000 0.0000000 0.0187449 0.0034357 0.0000000 0.0000000 0.0050323
  3 D   3 0.0061507 0.0000000 0.0939390 0.8046238 0.0000000 0.0032074 0.0137735 0.0041877 0.0000000 0.0000000 0.0022386 0.0000000 0.0000000 0.0000000 0.0000000 0.0670901 0.0000000 0.0000000 0.0000000 0.0047892
  4 P   4 0.3687429 0.0000000 0.0023961 0.0035487 0.0000000 0.0022296 0.0084704 0.0013753 0.0010742 0.0435016 0.0500779 0.0161110 0.0033421 0.0164441 0.1627034 0.0175328 0.0072979 0.0000000 0.0119744 0.2831778
  5 A   5 0.3042233 0.0000000 0.0072576 0.0673226 0.0000000 0.0373855 0.3171619 0.0323187 0.0000000 0.0095382 0.0073804 0.0778493 0.0054975 0.0000000 0.0040851 0.0261775 0.0267189 0.0000000 0.0076847 0.0693990
  6 A   6 0.2398436 0.1370803 0.0907591 0.0327495 0.0000000 0.0091755 0.0213431 0.0029231 0.0217280 0.0047807 0.0135190 0.3772464 0.0012506 0.0037518 0.0036652 0.0222329 0.0070133 0.0000000 0.0000000 0.0109379
  7 G   7 0.0085482 0.0000000 0.0045170 0.0138023 0.0000000 0.0000000 0.0000000 0.9618801 0.0000000 0.0000000 0.0000000 0.0000000 0.0000000 0.0000000 0.0026354 0.0058497 0.0000000 0.0000000 0.0000000 0.0027673
  8 E   8 0.2009976 0.0648647 0.0141228 0.0059249 0.0000000 0.0662584 0.3286678 0.0093455 0.0045729 0.0000000 0.0018776 0.2788971 0.0035694 0.0000000 0.0028848 0.0134340 0.0033084 0.0000000 0.0000000 0.0012742
  9 K   9 0.0936957 0.0937392 0.0315385 0.0176556 0.0000000 0.0923380 0.0589520 0.0285592 0.0054632 0.0216656 0.0083050 0.4211300 0.0046480 0.0019518 0.0000000 0.0442711 0.0611029 0.0029616 0.0000000 0.0120226
 10 V  10 0.0846841 0.0014211 0.0000000 0.0051663 0.0000000 0.0520313 0.0134220 0.0142861 0.0000000 0.2483758 0.2157032 0.0138587 0.0094559 0.0284448 0.0000000 0.0061208 0.0191899 0.0000000 0.0077167 0.2801233
 11 F  11 0.0607891 0.0022237 0.0000000 0.0000000 0.0000000 0.0000000 0.0000000 0.0000000 0.0012728 0.0075903 0.0000000 0.0000000 0.0000000 0.8002261 0.0000000 0.0132976 0.0099841 0.0175089 0.0617650 0.0253426
 12 G  12 0.0995079 0.1749528 0.0827780 0.0124868 0.0000000 0.1879037 0.0305453 0.0314919 0.0079326 0.0113006 0.0013814 0.2888592 0.0235958 0.0000000 0.0011759 0.0119772 0.0297609 0.0000000 0.0000000 0.0043500
 13 K  13 0.0504926 0.1901133 0.0511713 0.0033464 0.0000000 0.1253373 0.0324785 0.0027225 0.0041460 0.0019244 0.0117537 0.4570210 0.0077520 0.0000000 0.0044700 0.0153148 0.0244788 0.0000000 0.0017685 0.0157090
 14 C  14 0.0058809 0.0041236 0.0000000 0.0000000 0.9708926 0.0000000 0.0000000 0.0191028 0.0000000 0.0000000 0.0000000 0.0000000 0.0000000 0.0000000 0.0000000 0.0000000 0.0000000 0.0000000 0.0000000 0.0000000
 15 K  15 0.3905019 0.0548829 0.0000000 0.0042786 0.0000000 0.0691421 0.0089721 0.0533614 0.0091492 0.0134022 0.0496599 0.1186212 0.0321255 0.0032220 0.0000000 0.1268807 0.0352765 0.0000000 0.0015278 0.0289959
 16 A  16 0.3414494 0.0176182 0.0100932 0.0100757 0.0000000 0.2560147 0.0133015 0.0587563 0.0030765 0.0360521 0.0065742 0.0030981 0.0180514 0.0026086 0.0086127 0.1042706 0.0585313 0.0000000 0.0028057 0.0490097
 17 C  17 0.0000000 0.0000000 0.0000000 0.0000000 0.9706783 0.0000000 0.0000000 0.0000000 0.0000000 0.0000000 0.0000000 0.0000000 0.0000000 0.0078561 0.0000000 0.0102443 0.0000000 0.0037921 0.0074292 0.0000000
 18 H  18 0.0000000 0.0000000 0.0000000 0.0000000 0.0000000 0.0000000 0.0000000 0.0000000 1.0000000 0.0000000 0.0000000 0.0000000 0.0000000 0.0000000 0.0000000 0.0000000 0.0000000 0.0000000 0.0000000 0.0000000
 19 K  19 0.1185123 0.0129789 0.0343170 0.0259728 0.0020551 0.0451256 0.0181286 0.0070045 0.0020479 0.0163023 0.0009187 0.0486482 0.0183766 0.0000000 0.0009083 0.2158035 0.3933023 0.0000000 0.0042458 0.0353516
 20 L  20 0.0555346 0.0029245 0.0023843 0.0000000 0.0034624 0.0032079 0.0018600 0.0040320 0.0000000 0.1707977 0.1814237 0.0066502 0.0389676 0.0714403 0.0204649 0.0152668 0.0258657 0.0042701 0.0070073 0.3844400
 21 D  21 0.0349603 0.0038569 0.0189438 0.2281598 0.0000000 0.0302245 0.3601405 0.2210594 0.0000000 0.0018918 0.0000000 0.0024757 0.0000000 0.0000000 0.0136781 0.0148993 0.0444318 0.0000000 0.0000000 0.0252780
 22 G  22 0.2561284 0.0131719 0.0039440 0.0269840 0.0000000 0.0164120 0.0306990 0.5315659 0.0000000 0.0000000 0.0000000 0.0326712 0.0000000 0.0000000 0.0264602 0.0426928 0.0192706 0.0000000 0.0000000 0.0000000
 23 N  23 0.1304638 0.0584842 0.0330247 0.0724858 0.0000000 0.0376835 0.0499158 0.1029598 0.0024565 0.0056031 0.0035385 0.2887467 0.0013538 0.0052655 0.1264099 0.0277927 0.0259834 0.0000000 0.0060444 0.0217881
 24 D  24 0.0337880 0.0314822 0.4084726 0.0874524 0.0078239 0.0152208 0.0021128 0.0332576 0.2557702 0.0047259 0.0073122 0.0153070 0.0046048 0.0000000 0.0152435 0.0446362 0.0260171 0.0000000 0.0000000 0.0067729
 25 G  25 0.0463546 0.2004713 0.0055178 0.0000000 0.0049191 0.0113070 0.0052390 0.1416053 0.0016592 0.0089022 0.0204356 0.4704357 0.0246903 0.0016705 0.0012292 0.0265964 0.0167892 0.0000000 0.0049939 0.0071839
 26 V  26 0.0924132 0.0069446 0.0068234 0.0037537 0.0000000 0.0783443 0.0051485 0.0037301 0.0027620 0.1143142 0.0359537 0.0212175 0.0248442 0.0285423 0.0000000 0.0229833 0.2593393 0.0000000 0.0070277 0.2858580
 27 G  27 0.0102848 0.0000000 0.0000000 0.0000000 0.0000000 0.0000000 0.0227133 0.9596201 0.0000000 0.0000000 0.0000000 0.0000000 0.0000000 0.0000000 0.0000000 0.0073818 0.0000000 0.0000000 0.0000000 0.0000000
 28 P  28 0.0056683 0.0000000 0.0028489 0.0000000 0.0000000 0.0000000 0.0000000 0.0000000 0.0000000 0.0000000 0.0000000 0.0000000 0.0000000 0.0000000 0.9735104 0.0067748 0.0111975 0.0000000 0.0000000 0.0000000
 29 H  29 0.0374382 0.0309759 0.4658632 0.0156786 0.0000000 0.0358104 0.0215998 0.0275748 0.0596721 0.0055537 0.0093823 0.0061448 0.0036511 0.0000000 0.0507239 0.1244396 0.0712546 0.0000000 0.0161941 0.0180430
 30 L  30 0.0000000 0.0000000 0.0000000 0.0000000 0.0000000 0.0042699 0.0000000 0.0000000 0.0233020 0.0071559 0.9487311 0.0000000 0.0087264 0.0078147 0.0000000 0.0000000 0.0000000 0.0000000 0.0000000 0.0000000
 31 N  31 0.0713814 0.0324687 0.1551621 0.0125631 0.0172496 0.0096591 0.0067040 0.0270329 0.2103150 0.0019146 0.0078430 0.0161484 0.0119499 0.0853862 0.0000000 0.0264218 0.0156636 0.1234150 0.1555887 0.0131331
 32 G  32 0.0176868 0.0141638 0.0689443 0.0442501 0.0000000 0.0056625 0.0139699 0.7729815 0.0027376 0.0000000 0.0070247 0.0188548 0.0000000 0.0025364 0.0000000 0.0192289 0.0049835 0.0030931 0.0026720 0.0012101
 33 V  33 0.0203529 0.0021891 0.0000000 0.0000000 0.0000000 0.0000000 0.0000000 0.0000000 0.0000000 0.2442689 0.2926900 0.0000000 0.0097964 0.0075979 0.0000000 0.0000000 0.0049454 0.0000000 0.0000000 0.4181594
 34 V  34 0.0275428 0.0000000 0.0018021 0.0080641 0.0065175 0.0000000 0.0019795 0.0087189 0.0017839 0.1015685 0.0457545 0.0000000 0.0257249 0.3398549 0.0069293 0.0053268 0.0035204 0.0174416 0.0752266 0.3222436
 35 G  35 0.0036512 0.0117973 0.0581149 0.0436219 0.0000000 0.0000000 0.0136698 0.8169796 0.0014523 0.0000000 0.0068099 0.0000000 0.0218784 0.0029467 0.0000000 0.0093413 0.0035258 0.0000000 0.0019897 0.0042209
 36 R  36 0.0435267 0.7528948 0.0076817 0.0067627 0.0000000 0.0583957 0.0153188 0.0077097 0.0080526 0.0000000 0.0000000 0.0398098 0.0000000 0.0000000 0.0029654 0.0214285 0.0110097 0.0229370 0.0000000 0.0015069
 37 T  37 0.0737338 0.0817207 0.0243714 0.0257599 0.0000000 0.0721944 0.0315397 0.0194657 0.0296299 0.0074788 0.0028536 0.3718648 0.0043361 0.0000000 0.1511112 0.0091490 0.0810635 0.0000000 0.0000000 0.0137275
 38 V  38 0.3920436 0.0096006 0.0049849 0.0000000 0.0066444 0.0071350 0.0000000 0.0017297 0.0054974 0.0853029 0.0156907 0.0375913 0.0236353 0.0067182 0.0245424 0.1197633 0.1655112 0.0064302 0.0000000 0.0871789
 39 A  39 0.2406383 0.0029571 0.0033115 0.0058575 0.0015965 0.0044541 0.0000000 0.7193399 0.0023809 0.0000000 0.0000000 0.0000000 0.0022959 0.0052206 0.0000000 0.0069864 0.0000000 0.0000000 0.0000000 0.0049613
 40 G  40 0.1001321 0.0064368 0.0063689 0.0108836 0.0000000 0.2024898 0.0306815 0.0376428 0.0343222 0.0088179 0.0069993 0.0217951 0.0081295 0.0027315 0.0000000 0.3043146 0.2000087 0.0019116 0.0000000 0.0163341
 41 V  41 0.2580087 0.0234928 0.0057155 0.0106545 0.0035253 0.0207184 0.0186051 0.0150055 0.0426205 0.0641685 0.1051553 0.0193136 0.0149435 0.0185287 0.0083507 0.0472808 0.0556379 0.0000000 0.0263023 0.2419724
 42 D  42 0.1769913 0.0165524 0.0079768 0.0806179 0.0000000 0.0092050 0.2389581 0.0184232 0.0018709 0.0222784 0.0055550 0.0592277 0.0000000 0.0014557 0.2884025 0.0247787 0.0106001 0.0000000 0.0045851 0.0325213
 43 G  43 0.0085225 0.0199632 0.0417021 0.1587196 0.0000000 0.0000000 0.0058347 0.7000857 0.0000000 0.0000000 0.0090323 0.0088478 0.0000000 0.0091095 0.0000000 0.0227105 0.0064243 0.0000000 0.0070665 0.0019813
 44 F  44 0.0051324 0.0000000 0.0000000 0.0000000 0.0014756 0.0000000 0.0000000 0.0054414 0.0041727 0.0000000 0.0106715 0.0000000 0.0073976 0.5786358 0.0018022 0.0074242 0.0068805 0.0000000 0.3612658 0.0097003
 45 N  45 0.1498633 0.0964735 0.1211743 0.0377817 0.0045073 0.0219131 0.0129508 0.0403094 0.0176107 0.0026567 0.0060155 0.1214660 0.0020398 0.0034139 0.0337927 0.2593091 0.0569235 0.0000000 0.0000000 0.0117987
 46 Y  46 0.0000000 0.0042392 0.0000000 0.0000000 0.0050943 0.0000000 0.0000000 0.0000000 0.0087187 0.0000000 0.0000000 0.0000000 0.0000000 0.0813683 0.0000000 0.0120140 0.0034227 0.0018016 0.8786491 0.0046919
 47 S  47 0.0032536 0.0030263 0.0000000 0.0000000 0.0020827 0.0000000 0.0000000 0.0324057 0.0000000 0.0026675 0.0000000 0.0000000 0.0193859 0.0000000 0.0069992 0.7385466 0.1840686 0.0000000 0.0000000 0.0075640
 48 D  48 0.1323570 0.0165227 0.0269697 0.3447561 0.0000000 0.0381238 0.0928371 0.0405205 0.0054436 0.0050242 0.0000000 0.0992643 0.0000000 0.0052619 0.1077027 0.0470735 0.0250924 0.0000000 0.0000000 0.0130505
 49 P  49 0.6885905 0.0022869 0.0058636 0.0315897 0.0000000 0.0029787 0.0034501 0.0562158 0.0036582 0.0069243 0.0172109 0.0022210 0.0000000 0.0000000 0.0238030 0.0687737 0.0583450 0.0000000 0.0028401 0.0252485
 50 M  50 0.0066956 0.0000000 0.2270996 0.0153122 0.0000000 0.0000000 0.0042123 0.0048910 0.0087300 0.0331014 0.3588659 0.0058153 0.2672358 0.0248105 0.0000000 0.0197388 0.0022967 0.0000000 0.0069027 0.0142922
 51 K  51 0.0666608 0.0858617 0.0125828 0.0090447 0.0000000 0.0432196 0.0317204 0.0116417 0.0025163 0.0395272 0.0422914 0.5272053 0.0091874 0.0000000 0.0085943 0.0278284 0.0281985 0.0000000 0.0059555 0.0479640
 52 A  52 0.1878763 0.0447347 0.2316560 0.0577888 0.0000000 0.0502779 0.1119793 0.0649879 0.0209967 0.0055583 0.0016893 0.0848258 0.0000000 0.0028055 0.0021001 0.0943409 0.0325935 0.0000000 0.0045655 0.0012236
 53 H  53 0.2091697 0.0203475 0.0157083 0.0025520 0.0024194 0.0078659 0.0182481 0.0175970 0.0226570 0.0032578 0.0295775 0.2937976 0.0355462 0.0192440 0.0041934 0.2381014 0.0074262 0.0097536 0.0203212 0.0222163
 54 G  54 0.0576015 0.0115188 0.0322719 0.0969055 0.0000000 0.0172590 0.0337293 0.6390376 0.0080749 0.0035269 0.0000000 0.0370711 0.0000000 0.0015701 0.0103422 0.0282939 0.0195388 0.0000000 0.0000000 0.0032586
 55 G  55 0.0240208 0.0130999 0.0152061 0.0151404 0.0000000 0.0156378 0.0652563 0.1261596 0.0108815 0.3032077 0.1073140 0.0452304 0.0156601 0.0639093 0.0134266 0.0049818 0.0170965 0.0207232 0.0040159 0.1190323
 56 D  56 0.0369512 0.0161840 0.0280692 0.0287847 0.0000000 0.0142136 0.0299320 0.0020892 0.0078132 0.0972336 0.0092399 0.0420382 0.0097639 0.0012337 0.0172246 0.0280711 0.2942475 0.0000000 0.0135594 0.3233511
 57 W  57 0.0000000 0.0113246 0.0000000 0.0000000 0.0000000 0.0000000 0.0000000 0.0068840 0.0035269 0.0035642 0.0034032 0.0000000 0.0000000 0.0024206 0.0000000 0.0088266 0.0000000 0.9548573 0.0024035 0.0027890
 58 T  58 0.0044440 0.0034296 0.1152196 0.3050274 0.0000000 0.0015642 0.0247049 0.1421880 0.0055478 0.0000000 0.0000000 0.0074265 0.0000000 0.0000000 0.0000000 0.0830502 0.3049051 0.0000000 0.0000000 0.0024927
 59 P  59 0.0959514 0.0454165 0.0143091 0.0901081 0.0000000 0.0195235 0.4193831 0.0024182 0.0077779 0.0050253 0.0196904 0.0258413 0.0024633 0.0455113 0.1048115 0.0080321 0.0240888 0.0069158 0.0543567 0.0083757
 60 E  60 0.1788677 0.0221833 0.0285704 0.2116389 0.0023080 0.0535052 0.3143131 0.0241842 0.0062410 0.0014993 0.0037970 0.0625746 0.0030814 0.0047923 0.0133438 0.0191781 0.0315100 0.0000000 0.0000000 0.0184118
 61 A  61 0.0755249 0.0303283 0.1280127 0.0299317 0.0000000 0.0234772 0.0699179 0.0053548 0.0412001 0.0102558 0.0223164 0.0532789 0.0069417 0.0036689 0.0000000 0.0746697 0.4090289 0.0000000 0.0022906 0.0138013
 62 L  62 0.0000000 0.0034709 0.0000000 0.0000000 0.0000000 0.0000000 0.0000000 0.0000000 0.0000000 0.0641377 0.7843760 0.0000000 0.0615022 0.0584324 0.0000000 0.0000000 0.0024367 0.0000000 0.0000000 0.0256440
 63 Q  63 0.0604720 0.0537822 0.0894743 0.2909407 0.0000000 0.0150150 0.0130996 0.0062579 0.0156477 0.0188684 0.0110139 0.0311353 0.1145504 0.1014036 0.0000000 0.0559146 0.0376239 0.0102001 0.0428842 0.0317164
 64 E  64 0.2367098 0.0697969 0.0126361 0.0742122 0.0000000 0.0482391 0.2289571 0.0354771 0.0327725 0.0120286 0.0315085 0.1003260 0.0011771 0.0000000 0.0060937 0.0289277 0.0393787 0.0000000 0.0098003 0.0319588
 65 F  65 0.0000000 0.0000000 0.0000000 0.0000000 0.0021873 0.0000000 0.0000000 0.0000000 0.0105520 0.0000000 0.0114667 0.0000000 0.0000000 0.3280533 0.0000000 0.0035037 0.0000000 0.1640758 0.4762901 0.0038712
 66 L  66 0.0022864 0.0000000 0.0000000 0.0186529 0.0000000 0.0000000 0.0115826 0.0000000 0.0000000 0.1338605 0.7229609 0.0000000 0.0376023 0.0145656 0.0000000 0.0043146 0.0102333 0.0031733 0.0000000 0.0407677
 67 T  67 0.1876459 0.0283927 0.0041948 0.0099961 0.0037589 0.0602225 0.2991004 0.0066273 0.0226646 0.0127349 0.0570660 0.1064634 0.0059782 0.0065199 0.0088452 0.0325469 0.1152555 0.0018841 0.0118621 0.0182406
 68 N  68 0.0714695 0.0103275 0.4010982 0.2139111 0.0000000 0.0093380 0.0064843 0.0724698 0.0123224 0.0016059 0.0033843 0.0890215 0.0000000 0.0041504 0.0000000 0.0960955 0.0083216 0.0000000 0.0000000 0.0000000
 69 P  69 0.0107575 0.0042438 0.0160828 0.0000000 0.0000000 0.0000000 0.0000000 0.0000000 0.0020033 0.0000000 0.0076423 0.0000000 0.0000000 0.0000000 0.9265523 0.0215837 0.0092221 0.0000000 0.0000000 0.0019121
 70 K  70 0.0508405 0.1233313 0.0323553 0.0588281 0.0000000 0.0899101 0.0401361 0.0183740 0.0025847 0.0000000 0.0033854 0.4547786 0.0214006 0.0016473 0.0046903 0.0409593 0.0526048 0.0000000 0.0000000 0.0041737
 71 A  71 0.1861166 0.0310026 0.0350587 0.0392105 0.0000000 0.0283446 0.0534062 0.1025078 0.0235766 0.0083633 0.0099407 0.3891980 0.0067688 0.0016551 0.0042072 0.0434031 0.0221710 0.0000000 0.0000000 0.0150691
 72 V  72 0.0530701 0.0014146 0.0076730 0.0156404 0.0214099 0.0000000 0.0033788 0.0014214 0.0204244 0.0073794 0.0657759 0.0308829 0.0435821 0.2050228 0.0000000 0.0036598 0.0433875 0.0194403 0.3643731 0.0920636
 73 V  73 0.1005678 0.0000000 0.0029081 0.0000000 0.0000000 0.0000000 0.0087860 0.0000000 0.0061186 0.3788055 0.1012056 0.0035280 0.0443783 0.0309597 0.0000000 0.0035362 0.0344008 0.0000000 0.0038598 0.2809457
 74 K  74 0.0178242 0.0358906 0.0085659 0.0039057 0.0000000 0.0115483 0.0075772 0.0000000 0.0045967 0.0000000 0.0120535 0.1157915 0.0000000 0.0000000 0.7159761 0.0560852 0.0061908 0.0000000 0.0000000 0.0039942
 75 G  75 0.0133351 0.0266847 0.0100805 0.0388287 0.0000000 0.0000000 0.0077272 0.8324700 0.0067531 0.0000000 0.0000000 0.0531592 0.0000000 0.0000000 0.0000000 0.0047621 0.0038526 0.0023467 0.0000000 0.0000000
 76 T  76 0.0198376 0.0023530 0.1057220 0.0023706 0.0045630 0.0050316 0.0000000 0.0290063 0.0000000 0.0082793 0.0000000 0.0000000 0.0035229 0.0000000 0.0000000 0.0598379 0.7348326 0.0000000 0.0000000 0.0246433
 77 K  77 0.0558984 0.1230957 0.0314821 0.0062134 0.0020171 0.0015782 0.0069052 0.0052776 0.0042783 0.0174362 0.0041343 0.6387008 0.0085097 0.0038112 0.0000000 0.0337514 0.0313036 0.0041471 0.0114057 0.0100539
 78 M  78 0.0000000 0.0034760 0.0000000 0.0000000 0.0070468 0.0000000 0.0000000 0.0000000 0.0000000 0.0083697 0.0033765 0.0049292 0.9611509 0.0033209 0.0000000 0.0000000 0.0053890 0.0000000 0.0000000 0.0029410
 79 A  79 0.1884361 0.0333668 0.0282268 0.0098297 0.0000000 0.0139567 0.0139863 0.0699309 0.0000000 0.1370062 0.0104969 0.0192820 0.0055080 0.0167040 0.0877271 0.1437959 0.0948557 0.0000000 0.0051596 0.1217312
 80 F  80 0.0030434 0.0034362 0.0045245 0.0000000 0.0033691 0.0073399 0.0135580 0.0032882 0.0178396 0.0149634 0.0196160 0.0000000 0.0264118 0.7288640 0.0065837 0.0116825 0.0037502 0.0000000 0.1216840 0.0100457
 81 A  81 0.3777022 0.0766251 0.0178386 0.0323891 0.0000000 0.0705174 0.0094800 0.0551929 0.0060798 0.0150054 0.0052296 0.0647632 0.0076931 0.0139582 0.0916701 0.0283123 0.0305066 0.0169984 0.0117777 0.0682603
 82 G  82 0.0165364 0.0364748 0.0063031 0.0012023 0.0064949 0.0179780 0.0078231 0.8024403 0.0000000 0.0024692 0.0035575 0.0094923 0.0084288 0.0021317 0.0164643 0.0387941 0.0130649 0.0038878 0.0000000 0.0064565
 83 L  83 0.0102014 0.0018922 0.0078922 0.0021895 0.0000000 0.0047212 0.0021733 0.0122097 0.0000000 0.3364968 0.4339919 0.0000000 0.0456213 0.0120940 0.0012274 0.0000000 0.0014013 0.0000000 0.0016570 0.1262308
 84 P  84 0.0742964 0.0994254 0.0091645 0.0221199 0.0037737 0.0090510 0.0209675 0.0333262 0.0014012 0.0017254 0.0078261 0.4823874 0.0014603 0.0000000 0.1092115 0.0716740 0.0381677 0.0036279 0.0000000 0.0103939
 85 K  85 0.0196742 0.0113378 0.1422657 0.2542840 0.0000000 0.0098776 0.0121286 0.0124448 0.0000000 0.0000000 0.0016956 0.4363656 0.0021041 0.0000000 0.0022271 0.0865316 0.0090634 0.0000000 0.0000000 0.0000000
 86 I  86 0.1700734 0.0162119 0.0067366 0.1233513 0.0000000 0.0278209 0.1797043 0.0261162 0.0000000 0.0128974 0.0075332 0.1066615 0.0040261 0.0099555 0.2568998 0.0095705 0.0185671 0.0000000 0.0000000 0.0238743
 87 E  87 0.1328425 0.0212234 0.0211207 0.0532185 0.0000000 0.2053539 0.2162957 0.0887366 0.0024663 0.0013636 0.0079713 0.1291508 0.0000000 0.0082878 0.0057929 0.0403385 0.0528603 0.0000000 0.0096956 0.0032815
 88 D  88 0.0212040 0.0103158 0.0034745 0.4482158 0.0000000 0.0488017 0.3348589 0.0123421 0.0000000 0.0018348 0.0031215 0.0474897 0.0070499 0.0034480 0.0021366 0.0074505 0.0194054 0.0000000 0.0000000 0.0288508
 89 R  89 0.0365584 0.7557478 0.0000000 0.0000000 0.0021194 0.0263912 0.0068036 0.0000000 0.0000000 0.0741323 0.0359130 0.0173355 0.0074387 0.0000000 0.0000000 0.0053166 0.0012119 0.0000000 0.0000000 0.0310316
 90 A  90 0.5127023 0.0406403 0.0534909 0.0759601 0.0000000 0.0417405 0.0476190 0.0214699 0.0135374 0.0180128 0.0145433 0.0622613 0.0052641 0.0018508 0.0000000 0.0227469 0.0166947 0.0000000 0.0033893 0.0480763
 91 N  91 0.1416783 0.0018468 0.1714544 0.5804479 0.0087998 0.0034399 0.0157102 0.0065035 0.0103250 0.0000000 0.0078256 0.0088732 0.0000000 0.0098248 0.0042574 0.0150128 0.0052591 0.0000000 0.0073298 0.0014116
 92 L  92 0.0028816 0.0000000 0.0000000 0.0000000 0.0000000 0.0000000 0.0000000 0.0000000 0.0000000 0.1530436 0.5509754 0.0000000 0.0213192 0.0021818 0.0000000 0.0042418 0.0023276 0.0000000 0.0000000 0.2630289
 93 I  93 0.0184254 0.0016508 0.0014744 0.0000000 0.0000000 0.0000000 0.0013977 0.0015295 0.0000000 0.6948145 0.0892746 0.0000000 0.0126378 0.0059268 0.0000000 0.0030185 0.0146014 0.0204910 0.0190500 0.1157075
 94 A  94 0.7188578 0.0162070 0.0045834 0.0418350 0.0039093 0.0130770 0.0578280 0.0078764 0.0134297 0.0025815 0.0306965 0.0127112 0.0000000 0.0000000 0.0000000 0.0183001 0.0442558 0.0000000 0.0000000 0.0138512
 95 Y  95 0.0000000 0.0000000 0.0037233 0.0000000 0.0075487 0.0000000 0.0000000 0.0000000 0.0097405 0.0000000 0.0000000 0.0000000 0.0000000 0.1558168 0.0000000 0.0024706 0.0000000 0.0255022 0.7931584 0.0020395
 96 L  96 0.0000000 0.0000000 0.0000000 0.0000000 0.0000000 0.0000000 0.0000000 0.0000000 0.0000000 0.0348630 0.9150932 0.0000000 0.0368817 0.0077176 0.0000000 0.0000000 0.0000000 0.0000000 0.0000000 0.0054445
 97 E  97 0.1472165 0.1235698 0.0605503 0.0168391 0.0000000 0.0672951 0.0606399 0.0079216 0.0323447 0.0021915 0.0054455 0.4189684 0.0057106 0.0000000 0.0000000 0.0408204 0.0064295 0.0000000 0.0000000 0.0040571
 98 G  98 0.0637334 0.0116479 0.0173184 0.0028221 0.0000000 0.1243602 0.1147504 0.0117154 0.0030386 0.0022912 0.0049063 0.0184337 0.0000000 0.0000000 0.0000000 0.2709628 0.3471295 0.0000000 0.0000000 0.0068900
 99 Q  99 0.0185340 0.0023301 0.0527202 0.0000000 0.0000000 0.1175322 0.0366785 0.0000000 0.0452021 0.0257056 0.4592907 0.0085664 0.0116228 0.1507550 0.0000000 0.0000000 0.0025672 0.0000000 0.0252359 0.0432593
100 Q 100 0.0000000 0.0000000 0.0000000 0.0000000 0.0000000 0.0667683 0.0000000 0.0000000 0.0556947 0.0000000 0.0000000 0.3072414 0.0000000 0.0000000 0.0000000 0.5702956 0.0000000 0.0000000 0.0000000 0.0000000
