  100         A         R         N         D         C         Q         E         G         H         I         L         K         M         F         P         S         T         W         Y         V         X    
  1 M   1 0.0000000 0.0000000 0.0000000 0.0000000 0.0000000 0.0000000 0.0000000 0.0000000 0.0000000 0.0191417 0.0121785 0.0000000 0.1396254 0.0000000 0.0000000 0.0000000 0.0000000 0.0000000 0.0000000 0.0199783 0.8090761
  2 A   2 0.1882670 0.0000000 0.0000000 0.0077095 0.0000000 0.0000000 0.0000000 0.4638946 0.0000000 0.0000000 0.0000000 0.0000000 0.0000000 0.0000000 0.0000000 0.0121572 0.0021436 0.0000000 0.0000000 0.0033858 0.3224423
  3 D   3 0.0049732 0.0000000 0.0704394 0.5995958 0.0000000 0.0021326 0.0097162 0.0028174 0.0000000 0.0000000 0.0014082 0.0000000 0.0000000 0.0000000 0.0000000 0.0482990 0.0000000 0.0000000 0.0000000 0.0032307 0.2573876
  4 P   4 0.2950179 0.0000000 0.0018009 0.0027026 0.0000000 0.0016999 0.0066152 0.0010373 0.0008078 0.0367614 0.0390424 0.0124265 0.0039475 0.0126566 0.1271202 0.0134346 0.0055700 0.0000000 0.0092960 0.2235185 0.2065448
  5 A   5 0.2522530 0.0000000 0.0060517 0.0548608 0.0000000 0.0352588 0.2693614 0.0261461 0.0000000 0.0078047 0.0060881 0.0653259 0.0046709 0.0000000 0.0032650 0.0220081 0.0225276 0.0000000 0.0063643 0.0568357 0.1611779
  6 A   6 0.2070630 0.1163851 0.0766216 0.0277045 0.0000000 0.0079189 0.0181548 0.0024611 0.0184524 0.0040077 0.0116534 0.3348589 0.0010701 0.0031472 0.0031696 0.0184689 0.0058199 0.0000000 0.0000000 0.0092090 0.1338340
  7 G   7 0.0074547 0.0000000 0.0038757 0.0132732 0.0000000 0.0000000 0.0000000 0.8742066 0.0000000 0.0000000 0.0000000 0.0000000 0.0000000 0.0000000 0.0022505 0.0065645 0.0000000 0.0000000 0.0000000 0.0025681 0.0898067
  8 E   8 0.1841952 0.0587349 0.0127618 0.0053358 0.0000000 0.0608842 0.3049440 0.0083344 0.0040844 0.0000000 0.0016999 0.2641020 0.0032037 0.0000000 0.0025986 0.0122391 0.0027833 0.0000000 0.0000000 0.0011495 0.0729491
  9 K   9 0.0856741 0.0876571 0.0284004 0.0162548 0.0000000 0.0897642 0.0558033 0.0262388 0.0050024 0.0193089 0.0075504 0.3961017 0.0042987 0.0017252 0.0000000 0.0410500 0.0571188 0.0027312 0.0000000 0.0116318 0.0636884
 10 V  10 0.0808841 0.0013065 0.0000000 0.0048184 0.0000000 0.0478545 0.0130703 0.0133630 0.0000000 0.2397224 0.1992825 0.0126564 0.0088155 0.0258324 0.0000000 0.0059017 0.0189205 0.0000000 0.0071110 0.2591262 0.0613345
 11 F  11 0.0560212 0.0020442 0.0000000 0.0000000 0.0000000 0.0000000 0.0000000 0.0000000 0.0011937 0.0068973 0.0000000 0.0000000 0.0000000 0.7648570 0.0000000 0.0122857 0.0092029 0.0162658 0.0594298 0.0233773 0.0484252
 12 G  12 0.0944812 0.1668158 0.0799531 0.0118038 0.0000000 0.1850348 0.0286594 0.0295012 0.0072917 0.0118834 0.0012890 0.2737488 0.0215525 0.0000000 0.0010955 0.0113710 0.0280543 0.0000000 0.0000000 0.0039891 0.0434753
 13 K  13 0.0478766 0.1800100 0.0528935 0.0031056 0.0000000 0.1198008 0.0307896 0.0025771 0.0039009 0.0018126 0.0112127 0.4389156 0.0072382 0.0000000 0.0042419 0.0146069 0.0224712 0.0000000 0.0016322 0.0147125 0.0422022
 14 C  14 0.0051542 0.0034630 0.0000000 0.0000000 0.9375185 0.0000000 0.0000000 0.0172679 0.0000000 0.0000000 0.0000000 0.0000000 0.0000000 0.0000000 0.0000000 0.0000000 0.0000000 0.0000000 0.0000000 0.0000000 0.0365964
 15 K  15 0.3788776 0.0523278 0.0000000 0.0040216 0.0000000 0.0651978 0.0082855 0.0506751 0.0084916 0.0125940 0.0524169 0.1144393 0.0309253 0.0030899 0.0000000 0.1197887 0.0333748 0.0000000 0.0014434 0.0274544 0.0365964
 16 A  16 0.3267920 0.0173510 0.0093659 0.0095658 0.0000000 0.2492159 0.0125861 0.0560116 0.0028377 0.0337304 0.0061936 0.0043147 0.0171517 0.0024506 0.0081819 0.1049545 0.0561052 0.0000000 0.0027352 0.0468998 0.0335564
 17 C  17 0.0000000 0.0000000 0.0000000 0.0000000 0.9423668 0.0000000 0.0000000 0.0000000 0.0000000 0.0000000 0.0000000 0.0000000 0.0000000 0.0072739 0.0000000 0.0096755 0.0000000 0.0032561 0.0064165 0.0000000 0.0310112
 18 H  18 0.0000000 0.0000000 0.0000000 0.0000000 0.0000000 0.0000000 0.0000000 0.0000000 0.9758691 0.0000000 0.0000000 0.0000000 0.0000000 0.0000000 0.0000000 0.0000000 0.0000000 0.0000000 0.0000000 0.0000000 0.0241309
 19 K  19 0.1180550 0.0123980 0.0324997 0.0255293 0.0026472 0.0428827 0.0175059 0.0065482 0.0019221 0.0157876 0.0008907 0.0470865 0.0179082 0.0000000 0.0008652 0.2068147 0.3887373 0.0000000 0.0039735 0.0338174 0.0241309
 20 L  20 0.0537695 0.0026716 0.0022496 0.0000000 0.0031945 0.0029754 0.0017672 0.0037973 0.0000000 0.1651811 0.1731430 0.0063143 0.0369707 0.0705819 0.0191716 0.0142122 0.0255858 0.0040098 0.0067157 0.3791164 0.0285724
 21 D  21 0.0326441 0.0035531 0.0220263 0.2159215 0.0000000 0.0288445 0.3548607 0.2098700 0.0000000 0.0017177 0.0000000 0.0022489 0.0000000 0.0000000 0.0135928 0.0141731 0.0419244 0.0000000 0.0000000 0.0238441 0.0347788
 22 G  22 0.2472753 0.0123908 0.0035736 0.0255112 0.0000000 0.0152936 0.0291642 0.5123064 0.0000000 0.0000000 0.0000000 0.0308016 0.0000000 0.0000000 0.0256364 0.0407879 0.0182240 0.0000000 0.0000000 0.0000000 0.0390350
 23 N  23 0.1241814 0.0549771 0.0313459 0.0690675 0.0000000 0.0400168 0.0482706 0.1011918 0.0022826 0.0052909 0.0033418 0.2828341 0.0012650 0.0050210 0.1224264 0.0262880 0.0248753 0.0000000 0.0059232 0.0206071 0.0307938
 24 D  24 0.0349667 0.0296160 0.3940143 0.0846149 0.0072739 0.0146893 0.0020909 0.0366835 0.2552293 0.0045360 0.0069573 0.0145357 0.0045882 0.0000000 0.0148173 0.0426614 0.0255166 0.0000000 0.0000000 0.0067372 0.0204715
 25 G  25 0.0439145 0.1954019 0.0051625 0.0000000 0.0046529 0.0112979 0.0049721 0.1413969 0.0015847 0.0083421 0.0193521 0.4629203 0.0239119 0.0016021 0.0014135 0.0250624 0.0159148 0.0000000 0.0047124 0.0069893 0.0213956
 26 V  26 0.0928360 0.0065038 0.0063558 0.0036130 0.0000000 0.0756406 0.0049235 0.0034570 0.0027163 0.1107179 0.0349180 0.0199165 0.0243993 0.0269809 0.0000000 0.0225545 0.2557378 0.0000000 0.0066163 0.2839254 0.0181877
 27 G  27 0.0099756 0.0000000 0.0000000 0.0000000 0.0000000 0.0000000 0.0208915 0.9445748 0.0000000 0.0000000 0.0000000 0.0000000 0.0000000 0.0000000 0.0000000 0.0064165 0.0000000 0.0000000 0.0000000 0.0000000 0.0181416
 28 P  28 0.0058784 0.0000000 0.0025103 0.0000000 0.0000000 0.0000000 0.0000000 0.0000000 0.0000000 0.0000000 0.0000000 0.0000000 0.0000000 0.0000000 0.9592561 0.0066321 0.0104319 0.0000000 0.0000000 0.0000000 0.0152911
 29 H  29 0.0382496 0.0292182 0.4659125 0.0178914 0.0000000 0.0338778 0.0207425 0.0260278 0.0566856 0.0053203 0.0094620 0.0060299 0.0035371 0.0000000 0.0486353 0.1219688 0.0686978 0.0000000 0.0153157 0.0171366 0.0152911
 30 L  30 0.0000000 0.0000000 0.0000000 0.0000000 0.0000000 0.0038599 0.0000000 0.0000000 0.0253609 0.0065479 0.9313841 0.0000000 0.0111441 0.0072739 0.0000000 0.0000000 0.0000000 0.0000000 0.0000000 0.0000000 0.0144293
 31 N  31 0.0730108 0.0309482 0.1527641 0.0119532 0.0176956 0.0090463 0.0063366 0.0259167 0.2037467 0.0018163 0.0074371 0.0186581 0.0130066 0.0823941 0.0000000 0.0286907 0.0149330 0.1230023 0.1540184 0.0127577 0.0118674
 32 G  32 0.0177717 0.0145994 0.0648349 0.0425782 0.0000000 0.0054269 0.0130453 0.7686124 0.0048260 0.0000000 0.0066097 0.0180472 0.0000000 0.0024544 0.0000000 0.0178341 0.0047124 0.0029460 0.0025416 0.0012923 0.0118674
 33 V  33 0.0185627 0.0020424 0.0000000 0.0000000 0.0000000 0.0000000 0.0000000 0.0000000 0.0000000 0.2376507 0.2894410 0.0000000 0.0093058 0.0118858 0.0000000 0.0000000 0.0045986 0.0000000 0.0000000 0.4146456 0.0118674
 34 V  34 0.0312379 0.0000000 0.0018162 0.0076752 0.0063358 0.0000000 0.0018875 0.0082952 0.0017010 0.0987583 0.0453721 0.0000000 0.0246877 0.3395754 0.0066024 0.0049905 0.0033229 0.0180711 0.0727049 0.3195139 0.0074519
 35 G  35 0.0034701 0.0108062 0.0550125 0.0407351 0.0000000 0.0000000 0.0136191 0.8150994 0.0013183 0.0000000 0.0064648 0.0000000 0.0208025 0.0028014 0.0000000 0.0132101 0.0033624 0.0000000 0.0018836 0.0039626 0.0074519
 36 R  36 0.0426346 0.7427915 0.0072792 0.0077284 0.0000000 0.0563831 0.0157081 0.0073483 0.0076544 0.0000000 0.0000000 0.0385819 0.0000000 0.0000000 0.0028014 0.0209074 0.0104974 0.0235528 0.0000000 0.0014278 0.0147038
 37 T  37 0.0718461 0.0783410 0.0242595 0.0244856 0.0000000 0.0764260 0.0358823 0.0185379 0.0285495 0.0072069 0.0027705 0.3734493 0.0042743 0.0000000 0.1469753 0.0089062 0.0776881 0.0000000 0.0000000 0.0129496 0.0074519
 38 V  38 0.3856246 0.0104737 0.0047124 0.0000000 0.0062535 0.0063947 0.0000000 0.0016411 0.0053428 0.0833709 0.0147985 0.0354269 0.0220851 0.0063555 0.0228867 0.1203724 0.1680207 0.0062019 0.0000000 0.0849163 0.0151223
 39 A  39 0.2331895 0.0028014 0.0038445 0.0055792 0.0014945 0.0042141 0.0000000 0.7130715 0.0022125 0.0000000 0.0000000 0.0000000 0.0022182 0.0048753 0.0000000 0.0070974 0.0000000 0.0000000 0.0000000 0.0042797 0.0151223
 40 G  40 0.0954156 0.0059443 0.0060365 0.0103510 0.0000000 0.2047069 0.0310494 0.0356133 0.0336082 0.0082866 0.0068872 0.0207056 0.0076024 0.0025730 0.0000000 0.2939823 0.2012539 0.0026223 0.0000000 0.0154345 0.0179269
 41 V  41 0.2578020 0.0234603 0.0052794 0.0106687 0.0033408 0.0193917 0.0176536 0.0152261 0.0404111 0.0603604 0.1000254 0.0180979 0.0139577 0.0189269 0.0091499 0.0442407 0.0552795 0.0000000 0.0248675 0.2356978 0.0261625
 42 D  42 0.1785716 0.0167086 0.0089589 0.0821402 0.0000000 0.0088448 0.2318379 0.0177425 0.0017512 0.0201439 0.0052904 0.0558967 0.0000000 0.0013803 0.2847783 0.0249366 0.0100906 0.0000000 0.0042815 0.0321342 0.0145117
 43 G  43 0.0114630 0.0199841 0.0397433 0.1509999 0.0000000 0.0000000 0.0057374 0.6942604 0.0000000 0.0000000 0.0086807 0.0095860 0.0000000 0.0085497 0.0000000 0.0220849 0.0063608 0.0000000 0.0066097 0.0018442 0.0140958
 44 F  44 0.0049710 0.0000000 0.0000000 0.0000000 0.0013904 0.0000000 0.0000000 0.0052025 0.0037333 0.0000000 0.0115779 0.0000000 0.0070206 0.5793317 0.0017080 0.0070008 0.0064467 0.0000000 0.3548807 0.0090661 0.0076703
 45 N  45 0.1475155 0.0927873 0.1218158 0.0360823 0.0041880 0.0206941 0.0123167 0.0386482 0.0170009 0.0024944 0.0056905 0.1195991 0.0019494 0.0032876 0.0326738 0.2663615 0.0552250 0.0000000 0.0000000 0.0139996 0.0076703
 46 Y  46 0.0000000 0.0039626 0.0000000 0.0000000 0.0047725 0.0000000 0.0000000 0.0000000 0.0089118 0.0000000 0.0000000 0.0000000 0.0000000 0.0816870 0.0000000 0.0114579 0.0032097 0.0021304 0.8692433 0.0043927 0.0102320
 47 S  47 0.0037744 0.0028110 0.0000000 0.0000000 0.0021499 0.0000000 0.0000000 0.0316671 0.0000000 0.0024966 0.0000000 0.0000000 0.0182995 0.0000000 0.0066720 0.7226283 0.1915490 0.0000000 0.0000000 0.0077202 0.0102320
 48 D  48 0.1349095 0.0154318 0.0263699 0.3498286 0.0000000 0.0371279 0.0896831 0.0386809 0.0049850 0.0047160 0.0000000 0.0948313 0.0000000 0.0049289 0.1044587 0.0476473 0.0235207 0.0000000 0.0000000 0.0126484 0.0102320
 49 P  49 0.6936982 0.0022080 0.0057634 0.0306852 0.0000000 0.0028188 0.0033198 0.0536044 0.0034317 0.0065815 0.0164934 0.0020869 0.0000000 0.0000000 0.0224478 0.0677100 0.0548891 0.0000000 0.0026535 0.0239381 0.0076703
 50 M  50 0.0066225 0.0000000 0.2329672 0.0151265 0.0000000 0.0000000 0.0043153 0.0050172 0.0087710 0.0321178 0.3495495 0.0054984 0.2731234 0.0238834 0.0000000 0.0202792 0.0022977 0.0000000 0.0067451 0.0136859 0.0000000
 51 K  51 0.0643098 0.0818409 0.0114712 0.0086322 0.0000000 0.0412154 0.0314112 0.0113443 0.0025629 0.0377682 0.0403189 0.5397814 0.0088301 0.0000000 0.0082189 0.0264648 0.0270425 0.0000000 0.0056171 0.0531704 0.0000000
 52 A  52 0.1903685 0.0429417 0.2381001 0.0554712 0.0000000 0.0482685 0.1079480 0.0692786 0.0197608 0.0053732 0.0015940 0.0836735 0.0000000 0.0027600 0.0019782 0.0943074 0.0307364 0.0000000 0.0042988 0.0011565 0.0019847
 53 H  53 0.2091917 0.0209397 0.0147899 0.0024800 0.0024107 0.0077839 0.0167572 0.0211651 0.0230933 0.0031481 0.0283112 0.3059158 0.0332165 0.0192078 0.0042979 0.2300294 0.0071867 0.0094263 0.0192727 0.0213761 0.0000000
 54 G  54 0.0562429 0.0111103 0.0380750 0.0933697 0.0000000 0.0167201 0.0323325 0.6372974 0.0076789 0.0076703 0.0000000 0.0390753 0.0000000 0.0015239 0.0098530 0.0269770 0.0189634 0.0000000 0.0000000 0.0031104 0.0000000
 55 G  55 0.0258928 0.0126310 0.0143646 0.0150733 0.0000000 0.0148648 0.0624618 0.1254872 0.0104764 0.3002565 0.1088986 0.0440976 0.0151407 0.0620881 0.0133421 0.0047797 0.0156435 0.0197094 0.0038255 0.1290449 0.0019214
 56 D  56 0.0359457 0.0154936 0.0265165 0.0282157 0.0000000 0.0136498 0.0316830 0.0019974 0.0074273 0.0991577 0.0088149 0.0410224 0.0091404 0.0012361 0.0213612 0.0273549 0.2943829 0.0000000 0.0129313 0.3236692 0.0000000
 57 W  57 0.0000000 0.0102519 0.0000000 0.0000000 0.0000000 0.0000000 0.0000000 0.0073002 0.0076703 0.0036890 0.0032598 0.0000000 0.0000000 0.0027574 0.0000000 0.0097037 0.0000000 0.9502544 0.0023643 0.0027489 0.0000000
 58 T  58 0.0041423 0.0032824 0.1227934 0.3000227 0.0000000 0.0014118 0.0273090 0.1421003 0.0050317 0.0000000 0.0000000 0.0065040 0.0000000 0.0000000 0.0000000 0.0819444 0.3001676 0.0000000 0.0000000 0.0052904 0.0000000
 59 P  59 0.0948807 0.0434824 0.0132506 0.0923181 0.0000000 0.0191487 0.4314821 0.0022833 0.0073354 0.0052377 0.0184631 0.0241907 0.0024174 0.0460662 0.1002962 0.0076250 0.0249310 0.0065567 0.0520953 0.0079392 0.0000000
 60 E  60 0.1873776 0.0218852 0.0269362 0.2114017 0.0020743 0.0504297 0.3099178 0.0229034 0.0081389 0.0013964 0.0048855 0.0634802 0.0029044 0.0045081 0.0128117 0.0187551 0.0329719 0.0000000 0.0000000 0.0172219 0.0000000
 61 A  61 0.0777578 0.0296934 0.1269205 0.0288633 0.0000000 0.0243125 0.0679171 0.0050300 0.0395731 0.0098628 0.0212831 0.0511115 0.0068604 0.0035848 0.0000000 0.0759672 0.4140222 0.0000000 0.0020565 0.0128158 0.0023677
 62 L  62 0.0000000 0.0033683 0.0000000 0.0000000 0.0000000 0.0000000 0.0000000 0.0000000 0.0000000 0.0638439 0.7840532 0.0000000 0.0590661 0.0624785 0.0000000 0.0000000 0.0023938 0.0000000 0.0000000 0.0247962 0.0000000
 63 Q  63 0.0608596 0.0516704 0.0899136 0.2931822 0.0000000 0.0145895 0.0126560 0.0059221 0.0153975 0.0182921 0.0123370 0.0342043 0.1166850 0.0960613 0.0000000 0.0540866 0.0363224 0.0104063 0.0419513 0.0308236 0.0046392
 64 E  64 0.2254211 0.0672928 0.0134243 0.0729225 0.0000000 0.0520673 0.2373976 0.0340454 0.0313167 0.0112428 0.0297765 0.0979313 0.0011123 0.0000000 0.0058145 0.0276560 0.0413311 0.0000000 0.0091717 0.0314946 0.0105814
 65 F  65 0.0000000 0.0000000 0.0000000 0.0000000 0.0019979 0.0000000 0.0000000 0.0000000 0.0096279 0.0000000 0.0108366 0.0000000 0.0000000 0.3181279 0.0000000 0.0033683 0.0000000 0.1617189 0.4792393 0.0045018 0.0105814
 66 L  66 0.0021697 0.0000000 0.0000000 0.0177097 0.0000000 0.0000000 0.0112018 0.0000000 0.0000000 0.1413828 0.7156453 0.0000000 0.0355136 0.0144728 0.0000000 0.0040892 0.0100201 0.0027833 0.0000000 0.0390696 0.0059422
 67 T  67 0.1809993 0.0336882 0.0040144 0.0093589 0.0035877 0.0573665 0.2920309 0.0071519 0.0221328 0.0130260 0.0557822 0.1065203 0.0055659 0.0061422 0.0084634 0.0359025 0.1170527 0.0017829 0.0113072 0.0175428 0.0105814
 68 N  68 0.0690133 0.0114014 0.3998497 0.2149484 0.0000000 0.0091085 0.0075720 0.0704046 0.0123389 0.0015674 0.0101793 0.0866565 0.0000000 0.0039207 0.0000000 0.0952506 0.0077888 0.0000000 0.0000000 0.0000000 0.0000000
 69 P  69 0.0102936 0.0038757 0.0152067 0.0000000 0.0000000 0.0000000 0.0000000 0.0000000 0.0023677 0.0000000 0.0081649 0.0000000 0.0000000 0.0000000 0.9223910 0.0213290 0.0102268 0.0000000 0.0000000 0.0017769 0.0043677
 70 K  70 0.0481830 0.1184622 0.0316598 0.0556794 0.0000000 0.0921151 0.0390045 0.0172523 0.0026323 0.0000000 0.0034181 0.4635183 0.0214612 0.0015735 0.0044138 0.0391280 0.0502334 0.0000000 0.0000000 0.0041080 0.0071571
 71 A  71 0.1813938 0.0309345 0.0393072 0.0379689 0.0000000 0.0271372 0.0522532 0.1025458 0.0224031 0.0080891 0.0095028 0.3887874 0.0063682 0.0015847 0.0042979 0.0458085 0.0224455 0.0000000 0.0000000 0.0153278 0.0038445
 72 V  72 0.0521062 0.0013454 0.0085071 0.0164081 0.0198278 0.0000000 0.0032159 0.0027166 0.0207175 0.0070971 0.0636138 0.0338028 0.0437408 0.2043971 0.0000000 0.0035861 0.0428793 0.0186661 0.3591622 0.0954409 0.0027693
 73 V  73 0.0962324 0.0000000 0.0031441 0.0000000 0.0000000 0.0000000 0.0091331 0.0000000 0.0067466 0.3823577 0.1010674 0.0076703 0.0423868 0.0294458 0.0000000 0.0033027 0.0332443 0.0000000 0.0037836 0.2787157 0.0027693
 74 K  74 0.0176080 0.0347170 0.0081578 0.0042209 0.0000000 0.0111983 0.0071996 0.0000000 0.0043126 0.0000000 0.0117722 0.1107459 0.0000000 0.0000000 0.7206954 0.0548727 0.0059670 0.0000000 0.0000000 0.0037821 0.0047505
 75 G  75 0.0154415 0.0253212 0.0095459 0.0368918 0.0000000 0.0000000 0.0077703 0.8195337 0.0063345 0.0000000 0.0000000 0.0520369 0.0000000 0.0000000 0.0000000 0.0044395 0.0038480 0.0030889 0.0000000 0.0000000 0.0157480
 76 T  76 0.0193083 0.0022296 0.1112606 0.0022390 0.0042815 0.0050096 0.0000000 0.0273507 0.0000000 0.0077664 0.0000000 0.0000000 0.0033443 0.0000000 0.0000000 0.0581063 0.7236751 0.0000000 0.0000000 0.0233224 0.0121063
 77 K  77 0.0585306 0.1272244 0.0299619 0.0059605 0.0019270 0.0015134 0.0066390 0.0050009 0.0040062 0.0163648 0.0039092 0.6281145 0.0076897 0.0036578 0.0000000 0.0320049 0.0307470 0.0039239 0.0110986 0.0096195 0.0121063
 78 M  78 0.0000000 0.0033272 0.0000000 0.0000000 0.0066097 0.0000000 0.0000000 0.0000000 0.0000000 0.0073087 0.0046392 0.0047544 0.9462105 0.0038445 0.0000000 0.0000000 0.0050406 0.0000000 0.0000000 0.0026262 0.0156390
 79 A  79 0.1831154 0.0311542 0.0298831 0.0093577 0.0000000 0.0130771 0.0130487 0.0729982 0.0000000 0.1330227 0.0101788 0.0178573 0.0051307 0.0164850 0.0883216 0.1361044 0.0908360 0.0000000 0.0049862 0.1219086 0.0225343
 80 F  80 0.0028725 0.0031472 0.0043340 0.0000000 0.0030973 0.0113406 0.0127392 0.0031096 0.0164547 0.0143408 0.0184754 0.0000000 0.0254724 0.7044006 0.0061562 0.0107390 0.0034908 0.0000000 0.1143283 0.0098092 0.0356922
 81 A  81 0.3771517 0.0740822 0.0171005 0.0302043 0.0000000 0.0667051 0.0087847 0.0522184 0.0058353 0.0148134 0.0049647 0.0617525 0.0074646 0.0129946 0.0891331 0.0267642 0.0289975 0.0158062 0.0111529 0.0689121 0.0251620
 82 G  82 0.0155743 0.0322709 0.0056232 0.0010746 0.0059422 0.0163430 0.0075634 0.7366488 0.0000000 0.0022080 0.0034681 0.0085355 0.0078011 0.0018878 0.0151663 0.0341738 0.0117734 0.0033801 0.0000000 0.0056774 0.0848881
 83 L  83 0.0096933 0.0019005 0.0075596 0.0020154 0.0000000 0.0045417 0.0019951 0.0121746 0.0000000 0.3269633 0.4186797 0.0000000 0.0421913 0.0112301 0.0011198 0.0000000 0.0019766 0.0000000 0.0015986 0.1195299 0.0368303
 84 P  84 0.0723181 0.0934753 0.0087555 0.0210899 0.0035877 0.0088641 0.0196181 0.0313562 0.0013243 0.0016647 0.0082090 0.4831843 0.0013803 0.0000000 0.1061998 0.0679661 0.0361515 0.0034165 0.0000000 0.0097551 0.0216836
 85 K  85 0.0186639 0.0102331 0.1400779 0.2487034 0.0000000 0.0093787 0.0115732 0.0120027 0.0000000 0.0000000 0.0015583 0.4361148 0.0019734 0.0000000 0.0020593 0.0823071 0.0084822 0.0000000 0.0000000 0.0000000 0.0168718
 86 I  86 0.1705991 0.0185430 0.0076112 0.1233512 0.0000000 0.0264013 0.1761042 0.0255656 0.0000000 0.0121270 0.0069534 0.0991581 0.0037359 0.0092005 0.2436695 0.0089228 0.0172924 0.0000000 0.0000000 0.0222588 0.0285057
 87 E  87 0.1269798 0.0240354 0.0197611 0.0601052 0.0000000 0.1964042 0.2024821 0.0891789 0.0022787 0.0012639 0.0072282 0.1244271 0.0000000 0.0077207 0.0053932 0.0435766 0.0491406 0.0000000 0.0091094 0.0030954 0.0278196
 88 D  88 0.0198050 0.0096571 0.0032370 0.4288907 0.0000000 0.0467470 0.3301798 0.0118198 0.0000000 0.0017070 0.0029116 0.0470210 0.0065244 0.0031727 0.0019244 0.0074410 0.0182914 0.0000000 0.0000000 0.0270278 0.0336422
 89 R  89 0.0335462 0.7205624 0.0000000 0.0000000 0.0019054 0.0240949 0.0059800 0.0000000 0.0000000 0.0749702 0.0329479 0.0162865 0.0068270 0.0000000 0.0000000 0.0049144 0.0011186 0.0000000 0.0000000 0.0301017 0.0467448
 90 A  90 0.4860530 0.0380274 0.0569054 0.0703266 0.0000000 0.0409115 0.0466582 0.0202959 0.0124371 0.0167084 0.0134147 0.0720369 0.0048988 0.0016930 0.0000000 0.0212748 0.0153206 0.0000000 0.0030659 0.0443874 0.0355845
 91 N  91 0.1348189 0.0017290 0.1674735 0.5692199 0.0082398 0.0033404 0.0152139 0.0059733 0.0091625 0.0000000 0.0076672 0.0083113 0.0000000 0.0090821 0.0037428 0.0139614 0.0055644 0.0000000 0.0068856 0.0014437 0.0281702
 92 L  92 0.0026129 0.0000000 0.0000000 0.0000000 0.0000000 0.0000000 0.0000000 0.0000000 0.0000000 0.1467715 0.5310547 0.0000000 0.0193505 0.0019719 0.0000000 0.0038332 0.0020860 0.0000000 0.0000000 0.2636397 0.0286796
 93 I  93 0.0179598 0.0021928 0.0013816 0.0000000 0.0000000 0.0000000 0.0012951 0.0014173 0.0000000 0.6793568 0.0851042 0.0000000 0.0115201 0.0058114 0.0000000 0.0028273 0.0136041 0.0192421 0.0179765 0.1116313 0.0286796
 94 A  94 0.6957317 0.0152123 0.0043559 0.0401807 0.0038109 0.0135844 0.0548002 0.0074901 0.0123749 0.0024544 0.0284594 0.0161758 0.0000000 0.0000000 0.0000000 0.0182927 0.0439505 0.0000000 0.0000000 0.0140741 0.0290521
 95 Y  95 0.0000000 0.0000000 0.0031917 0.0000000 0.0069159 0.0000000 0.0000000 0.0000000 0.0087035 0.0000000 0.0000000 0.0000000 0.0000000 0.1482804 0.0000000 0.0021819 0.0000000 0.0239326 0.7660117 0.0018744 0.0389080
 96 L  96 0.0000000 0.0000000 0.0000000 0.0000000 0.0000000 0.0000000 0.0000000 0.0000000 0.0000000 0.0328986 0.8820069 0.0000000 0.0336132 0.0070696 0.0000000 0.0000000 0.0000000 0.0000000 0.0000000 0.0048656 0.0395462
 97 E  97 0.1396457 0.1097820 0.0618522 0.0151719 0.0000000 0.0599520 0.0535712 0.0070204 0.0286569 0.0018784 0.0050619 0.3902574 0.0050594 0.0000000 0.0000000 0.0362622 0.0057846 0.0000000 0.0000000 0.0036335 0.0764103
 98 G  98 0.0449358 0.0080499 0.0125030 0.0019034 0.0000000 0.0871110 0.0804391 0.0080826 0.0020849 0.0016092 0.0034868 0.0138084 0.0000000 0.0000000 0.0000000 0.2030196 0.2534519 0.0000000 0.0000000 0.0047038 0.2748107
 99 Q  99 0.0100194 0.0013865 0.0308832 0.0000000 0.0000000 0.0640554 0.0199479 0.0000000 0.0246013 0.0139410 0.2662048 0.0046545 0.0063121 0.0821356 0.0000000 0.0000000 0.0014147 0.0000000 0.0133631 0.0273362 0.4337444
100 Q 100 0.0000000 0.0000000 0.0000000 0.0000000 0.0000000 0.0217669 0.0000000 0.0000000 0.0182512 0.0000000 0.0000000 0.1145155 0.0000000 0.0000000 0.0000000 0.1957005 0.0000000 0.0000000 0.0000000 0.0000000 0.6497659
