  158         A         R         N         D         C         Q         E         G         H         I         L         K         M         F         P         S         T         W         Y         V         X    
  1 M   1 0.0000000 0.0000000 0.0000000 0.0000000 0.0000000 0.0000000 0.0000000 0.0000000 0.0000000 0.0049669 0.0041700 0.0000000 0.2254617 0.0000000 0.0000000 0.0000000 0.0000000 0.0000000 0.0000000 0.0195599 0.7458415
  2 V   2 0.0055528 0.0096249 0.0218995 0.0262094 0.0000000 0.0260370 0.0148937 0.0039328 0.0000000 0.0032632 0.0060867 0.0181700 0.0000000 0.0134072 0.0294176 0.0263987 0.0423963 0.0000000 0.0842510 0.0094879 0.6589712
  3 E   3 0.0233324 0.0115868 0.0416928 0.0219198 0.0000000 0.0282819 0.0511875 0.0903283 0.0048083 0.0078966 0.0059863 0.0276266 0.0000000 0.0027719 0.0071881 0.0121522 0.0206818 0.0000000 0.0065521 0.0335021 0.6025046
  4 I   4 0.0124990 0.0000000 0.0098403 0.0000000 0.0171292 0.0000000 0.0084474 0.1106266 0.0000000 0.1206212 0.0815822 0.0000000 0.0034446 0.0076579 0.0000000 0.0056423 0.0506345 0.0000000 0.0000000 0.0000000 0.5718747
  5 N   5 0.0035447 0.0000000 0.1249863 0.1159505 0.0000000 0.0039328 0.0310174 0.0031550 0.0265520 0.0056423 0.0000000 0.0000000 0.0171512 0.0000000 0.0000000 0.0419461 0.1022383 0.0000000 0.0000000 0.0287585 0.4951247
  6 N   6 0.0223841 0.0275752 0.0094879 0.0061103 0.0000000 0.0000000 0.0000000 0.0000000 0.0000000 0.0000000 0.0209464 0.0246653 0.0000000 0.0000000 0.3773986 0.0073772 0.0380714 0.0000000 0.0000000 0.0064842 0.4594994
  7 Q   7 0.0160775 0.0223291 0.2374900 0.0000000 0.0000000 0.0861690 0.0953280 0.0260996 0.0144555 0.0000000 0.0000000 0.0104986 0.0000000 0.0043258 0.0101319 0.0051186 0.0067862 0.0000000 0.0662225 0.0000000 0.3989676
  8 R   8 0.0422153 0.1619553 0.0000000 0.0000000 0.0000000 0.0000000 0.0000000 0.0473480 0.0000000 0.1039764 0.0538372 0.0067862 0.0636496 0.0166388 0.0056423 0.0000000 0.0121291 0.0000000 0.0000000 0.1672696 0.3185522
  9 K   9 0.1407516 0.2999036 0.0000000 0.0000000 0.0120306 0.0380602 0.0034942 0.0114907 0.0000000 0.0126609 0.0088978 0.1152887 0.0047473 0.0000000 0.0000000 0.0118511 0.0069467 0.0076579 0.0000000 0.0256609 0.3005578
 10 A  10 0.6360953 0.0174642 0.0000000 0.0000000 0.0000000 0.0208157 0.0000000 0.0000000 0.0000000 0.0141927 0.0000000 0.0104004 0.0000000 0.0000000 0.0293646 0.0074244 0.0000000 0.0000000 0.0000000 0.0000000 0.2642426
 11 F  11 0.0000000 0.0000000 0.0000000 0.0000000 0.0000000 0.0000000 0.0000000 0.0000000 0.0052069 0.0000000 0.3542909 0.0000000 0.0114420 0.3641490 0.0000000 0.0000000 0.0084474 0.0076579 0.0236108 0.0161808 0.2090144
 12 L  12 0.0148479 0.0090859 0.0000000 0.0000000 0.0000000 0.0000000 0.0000000 0.0244800 0.0000000 0.0000000 0.6369539 0.0000000 0.1228866 0.0000000 0.0000000 0.0000000 0.0000000 0.0000000 0.0132922 0.0089551 0.1694985
 13 D  13 0.0210597 0.1349328 0.1217580 0.3986128 0.0000000 0.0125598 0.0191408 0.0043782 0.0130991 0.0000000 0.0137860 0.0423835 0.0036813 0.0000000 0.0000000 0.0463573 0.0034942 0.0000000 0.0075338 0.0000000 0.1572227
 14 M  14 0.0518803 0.0000000 0.0000000 0.0000000 0.0144181 0.0000000 0.0000000 0.0000000 0.0069508 0.0241724 0.2064459 0.0000000 0.2025565 0.0684760 0.0000000 0.0000000 0.2344162 0.0000000 0.0000000 0.0574973 0.1331864
 15 L  15 0.0000000 0.0000000 0.0000000 0.0000000 0.0000000 0.0000000 0.0000000 0.0000000 0.0000000 0.6446863 0.1680444 0.0000000 0.0000000 0.0000000 0.0000000 0.0000000 0.0000000 0.0000000 0.0000000 0.0540830 0.1331864
 16 A  16 0.4209425 0.2164229 0.0000000 0.0000000 0.0000000 0.0253586 0.0000000 0.0533716 0.0000000 0.0089551 0.0000000 0.0246204 0.0000000 0.0000000 0.0000000 0.1242259 0.0091628 0.0000000 0.0000000 0.0000000 0.1169402
 17 W  17 0.0979949 0.0904158 0.0067000 0.0122336 0.0000000 0.0535075 0.0831225 0.0067862 0.0086082 0.0078284 0.0095088 0.0420214 0.0000000 0.1201110 0.0000000 0.0808977 0.0172659 0.0974533 0.0923860 0.0562187 0.1169402
 18 S  18 0.3261103 0.0304677 0.0194650 0.0000000 0.0105551 0.0000000 0.0000000 0.1010467 0.0000000 0.0056406 0.0000000 0.0104369 0.0000000 0.0175699 0.0333705 0.2711417 0.0326811 0.0000000 0.0078624 0.0167120 0.1169402
 19 E  19 0.0162462 0.0000000 0.0000000 0.0000000 0.0000000 0.0000000 0.8668136 0.0000000 0.0000000 0.0000000 0.0000000 0.0000000 0.0000000 0.0000000 0.0000000 0.0000000 0.0000000 0.0000000 0.0000000 0.0000000 0.1169402
 20 G  20 0.1016706 0.0000000 0.0085662 0.0000000 0.0144181 0.0000000 0.0000000 0.4528290 0.0216923 0.0212309 0.0040259 0.0000000 0.0000000 0.0071665 0.0000000 0.1084289 0.0053980 0.0000000 0.0000000 0.0366670 0.2179066
 21 T  21 0.0150009 0.0273805 0.0159461 0.0325791 0.0000000 0.0144181 0.0000000 0.2187515 0.0167937 0.0162462 0.0000000 0.0065930 0.0000000 0.0000000 0.0000000 0.0180382 0.3820585 0.0000000 0.0071665 0.0052742 0.2237535
 22 D  22 0.0833733 0.0507408 0.0000000 0.1690506 0.0000000 0.0105918 0.0169453 0.0908032 0.0000000 0.0000000 0.0114907 0.0194421 0.0000000 0.0000000 0.0189202 0.1009829 0.0047228 0.1123737 0.0446309 0.0045149 0.2614170
 23 N  23 0.0837364 0.0525883 0.1647554 0.0406174 0.0000000 0.0061103 0.0283813 0.0252602 0.0141173 0.0028669 0.0000000 0.1246986 0.0000000 0.0000000 0.0000000 0.0345670 0.0855196 0.0000000 0.0233981 0.0000000 0.3133831
 24 G  24 0.0092610 0.0106739 0.0307592 0.0693660 0.0000000 0.0302153 0.0080306 0.1463760 0.0140895 0.0031550 0.0254312 0.0152683 0.0032632 0.0000000 0.0120151 0.0869547 0.0213918 0.0061003 0.0752746 0.0027293 0.4296449
 25 R  25 0.0210254 0.0956640 0.0658328 0.0211545 0.0000000 0.0000000 0.0271450 0.0363168 0.0330191 0.0076579 0.0304123 0.0204108 0.0000000 0.0244305 0.0000000 0.0092512 0.0170940 0.0000000 0.0376467 0.0486377 0.5043011
 26 Q  26 0.1294377 0.0230766 0.0633934 0.0438099 0.0000000 0.0650673 0.0158334 0.0210714 0.0000000 0.0062138 0.0210840 0.0383171 0.0000000 0.0000000 0.0567202 0.0162462 0.0172916 0.0000000 0.0212037 0.0055186 0.4557149
 27 K  27 0.1010673 0.0464356 0.0147530 0.0117476 0.0000000 0.0217888 0.0221491 0.0341750 0.0000000 0.0108988 0.0340261 0.0536110 0.0000000 0.0143213 0.0341316 0.1106000 0.0274224 0.0266713 0.0637029 0.0064451 0.3660531
 28 T  28 0.0442339 0.0000000 0.1074332 0.0000000 0.0000000 0.0000000 0.0108988 0.1840599 0.0000000 0.0041471 0.0122000 0.0144181 0.0000000 0.0118295 0.0000000 0.0432053 0.1147277 0.0067862 0.0596474 0.0343092 0.3521037
 29 R  29 0.1195665 0.1144475 0.0210371 0.0477806 0.0000000 0.0494906 0.0373243 0.0916112 0.0252246 0.0189294 0.0105546 0.0541311 0.0077456 0.0063877 0.0000000 0.0862088 0.0200721 0.0000000 0.0101803 0.0329229 0.2463851
 30 N  30 0.0264436 0.0433739 0.1338368 0.1843088 0.0053716 0.0131766 0.0449069 0.0065779 0.0184262 0.0065637 0.0000000 0.0237761 0.0036616 0.0000000 0.1322358 0.0425983 0.0345130 0.0000000 0.0000000 0.0093006 0.2709286
 31 H  31 0.0307360 0.0760992 0.0548357 0.1287266 0.0000000 0.0328984 0.0353614 0.0627362 0.0750631 0.0036654 0.0599602 0.0714645 0.0027829 0.0067150 0.0165088 0.0106637 0.0047473 0.0000000 0.0033470 0.0401586 0.2835299
 32 G  32 0.0000000 0.0056041 0.0058786 0.0370705 0.0000000 0.0162462 0.0000000 0.5782704 0.0000000 0.0000000 0.0000000 0.0000000 0.0000000 0.0000000 0.0836367 0.0312956 0.0082549 0.0000000 0.0000000 0.0076104 0.2261326
 33 Y  33 0.0143062 0.0000000 0.0000000 0.0000000 0.0000000 0.0331244 0.0000000 0.0114907 0.0000000 0.0079739 0.0000000 0.0093006 0.0000000 0.0000000 0.0058598 0.0065959 0.0000000 0.0131379 0.7489641 0.0092610 0.1399856
 34 D  34 0.0328804 0.1599187 0.1272597 0.2820608 0.0000000 0.0249090 0.0085281 0.0275825 0.0235918 0.0082549 0.0065557 0.0364787 0.0000000 0.0040279 0.0000000 0.0415972 0.0537944 0.0000000 0.0275319 0.0037879 0.1312403
 35 V  35 0.1026207 0.0276515 0.0065959 0.0000000 0.0000000 0.0230453 0.0058598 0.0185470 0.0057015 0.0649731 0.0337462 0.0412291 0.0415407 0.0000000 0.0208260 0.0164212 0.1527928 0.0000000 0.0000000 0.3222641 0.1161852
 36 I  36 0.0332981 0.0239423 0.0000000 0.0000000 0.0035629 0.0469151 0.0000000 0.0198283 0.0000000 0.1908862 0.2952113 0.0000000 0.0858807 0.0181981 0.0000000 0.0114907 0.0142136 0.0193462 0.0000000 0.0946187 0.1426077
 37 V  37 0.0087453 0.0064531 0.0473182 0.0307260 0.0000000 0.0373972 0.0000000 0.0000000 0.0070003 0.0090923 0.0065930 0.0000000 0.0000000 0.1721590 0.0069508 0.0213784 0.0281399 0.0089551 0.2632360 0.2187989 0.1270565
 38 G  38 0.0298079 0.0000000 0.0446813 0.0373957 0.0000000 0.0052249 0.0000000 0.5854061 0.0263548 0.0000000 0.0589212 0.0000000 0.0000000 0.0112156 0.0000000 0.0000000 0.0968045 0.0000000 0.0000000 0.0058598 0.0983283
 39 G  39 0.0792799 0.0279341 0.0747824 0.0000000 0.0000000 0.0080306 0.0078624 0.5275456 0.0000000 0.0076104 0.0000000 0.0065637 0.0198881 0.0137682 0.0093006 0.0595898 0.0469679 0.0000000 0.0000000 0.0000000 0.1108764
 40 E  40 0.0790109 0.0502515 0.0364823 0.0529197 0.0000000 0.0572150 0.1490560 0.1669263 0.0273333 0.0089551 0.0000000 0.0907991 0.0000000 0.0000000 0.0000000 0.0725760 0.0693766 0.0233981 0.0048921 0.0000000 0.1108081
 41 L  41 0.0000000 0.1093956 0.0482206 0.0166471 0.0000000 0.0863926 0.0353271 0.0087453 0.0755254 0.0595373 0.2356817 0.0346181 0.0389672 0.0129727 0.0067150 0.0278856 0.0449282 0.0000000 0.0134553 0.0227896 0.1221956
 42 F  42 0.0043952 0.0094155 0.0000000 0.0000000 0.0000000 0.0199714 0.0000000 0.0062507 0.0087453 0.0713256 0.0892407 0.0051186 0.0429811 0.3949513 0.0042931 0.0203865 0.0882997 0.0000000 0.0235253 0.0744892 0.1366108
 43 T  43 0.0962723 0.0424500 0.0515772 0.0585440 0.0000000 0.0441471 0.0491347 0.0053974 0.0282750 0.0000000 0.0448803 0.0617102 0.0125387 0.0000000 0.0423033 0.1259029 0.1821117 0.0081492 0.0067382 0.0202854 0.1195822
 44 D  44 0.0000000 0.0047750 0.0614589 0.4156155 0.0000000 0.0000000 0.0248434 0.0743985 0.0000000 0.0000000 0.0000000 0.0000000 0.0000000 0.0000000 0.0488461 0.1795667 0.0408231 0.0229596 0.0045406 0.0000000 0.1221728
 45 Y  45 0.0065959 0.0045012 0.0000000 0.0145943 0.0000000 0.0210696 0.0366547 0.0000000 0.0000000 0.0262288 0.3236035 0.0092258 0.0642302 0.1193970 0.0329409 0.0034690 0.0150397 0.0000000 0.2203226 0.0000000 0.1021268
 46 S  46 0.1287093 0.0509033 0.0190254 0.0668722 0.0000000 0.0117739 0.0192375 0.0058388 0.0178709 0.0257590 0.0065358 0.0398669 0.0065959 0.0000000 0.0386270 0.3619054 0.0803464 0.0000000 0.0000000 0.0395220 0.0806105
 47 D  47 0.0347851 0.1794690 0.0181003 0.2248776 0.0000000 0.0508149 0.0218096 0.0295214 0.0216373 0.0054462 0.0000000 0.1262450 0.0047946 0.0000000 0.0211174 0.0238391 0.0936330 0.0132922 0.0000000 0.0252853 0.1053322
 48 H  48 0.0286732 0.0052916 0.0130566 0.0215959 0.0000000 0.0148594 0.0134015 0.0000000 0.5945216 0.0058388 0.0241988 0.0096102 0.0388775 0.0000000 0.0337148 0.0000000 0.0471898 0.0000000 0.0092610 0.0162331 0.1236762
 49 P  49 0.0000000 0.0043018 0.0000000 0.0000000 0.0000000 0.0051186 0.0207357 0.0000000 0.0000000 0.0067000 0.0554176 0.0000000 0.0000000 0.0084085 0.6918964 0.0000000 0.0597914 0.0000000 0.0162462 0.0188848 0.1124989
 50 R  50 0.0626898 0.2041028 0.0834982 0.1082128 0.0000000 0.0845400 0.0651693 0.1261096 0.0000000 0.0000000 0.0000000 0.0567004 0.0163922 0.0262208 0.0134545 0.0086954 0.0101572 0.0144181 0.0038796 0.0282098 0.0875493
 51 K  51 0.0721670 0.1133274 0.0294042 0.0132922 0.0000000 0.1845242 0.0258691 0.0172349 0.0036273 0.0755256 0.0148473 0.0962371 0.0104073 0.0000000 0.0599634 0.0137948 0.0606794 0.0072618 0.0078624 0.1018158 0.0921587
 52 L  52 0.0749084 0.0429417 0.0085662 0.0265594 0.0811130 0.1025798 0.0079739 0.0303459 0.0076579 0.0273436 0.1582841 0.0382926 0.0228198 0.0179194 0.0370509 0.0343237 0.0356714 0.0000000 0.0104637 0.1082965 0.1268882
 53 V  53 0.0566466 0.0221044 0.0166105 0.0000000 0.0000000 0.0000000 0.0202753 0.0000000 0.0524675 0.1249617 0.0636643 0.0856747 0.0414938 0.0057399 0.0204041 0.0000000 0.0469101 0.0000000 0.0108471 0.3047018 0.1274982
 54 T  54 0.0604495 0.0840081 0.0349768 0.0330773 0.0096592 0.0572601 0.0570565 0.0228800 0.0092610 0.0114271 0.0512510 0.0319949 0.0000000 0.0000000 0.0887385 0.0302331 0.1140921 0.0315522 0.0081731 0.0778965 0.1860129
 55 L  55 0.0726964 0.0879839 0.0320238 0.0000000 0.0061103 0.0250519 0.0104073 0.0000000 0.0371469 0.1230767 0.1337150 0.0131081 0.0071160 0.0801032 0.0000000 0.0205610 0.0076470 0.0711803 0.0774496 0.0251199 0.1695028
 56 N  56 0.0412776 0.0239123 0.2042450 0.0084085 0.0000000 0.0736362 0.0322607 0.1755562 0.0170274 0.0219348 0.0079739 0.0166960 0.0000000 0.0000000 0.0553673 0.0891405 0.0542401 0.0071665 0.0103945 0.0000000 0.1607624
 57 P  57 0.0585817 0.1565282 0.0395379 0.0170108 0.0093006 0.0739467 0.0134545 0.0196366 0.0000000 0.0310949 0.0053308 0.2225626 0.0065557 0.0117886 0.0828279 0.0530326 0.0511327 0.0000000 0.0074566 0.0236768 0.1165437
 58 K  58 0.0383398 0.1516948 0.0314601 0.0375895 0.0000000 0.0190753 0.0194224 0.2959638 0.0133369 0.0174631 0.0067000 0.1115117 0.0000000 0.0033006 0.0304579 0.0271847 0.0264387 0.0239535 0.0350560 0.0085662 0.1024850
 59 L  59 0.0263821 0.0347864 0.1066021 0.0000000 0.0035629 0.0172865 0.0082549 0.1117845 0.0291306 0.0904162 0.1469876 0.0266854 0.0000000 0.0404021 0.0182525 0.0128660 0.0000000 0.0167655 0.1276956 0.0613833 0.1207557
 60 K  60 0.0692244 0.0862166 0.0392678 0.0155132 0.1054415 0.0542170 0.0000000 0.1187431 0.0222944 0.0084298 0.0000000 0.1481392 0.0000000 0.0038796 0.0246899 0.0247193 0.0703180 0.0149797 0.0380119 0.0390289 0.1168856
 61 S  61 0.0410432 0.0000000 0.0141914 0.0000000 0.0000000 0.0000000 0.0000000 0.0306175 0.0000000 0.0079739 0.0422331 0.0000000 0.0000000 0.0294254 0.0369212 0.5761029 0.1046058 0.0000000 0.0000000 0.0000000 0.1168856
 62 T  62 0.0989286 0.0000000 0.0399671 0.0383716 0.0000000 0.0000000 0.0089551 0.0179590 0.0489362 0.0000000 0.0000000 0.0000000 0.0000000 0.0197455 0.0067000 0.2320065 0.3764984 0.0000000 0.0145669 0.0000000 0.0973651
 63 G  63 0.9133429 0.0000000 0.0000000 0.0000000 0.0000000 0.0000000 0.0000000 0.0072763 0.0000000 0.0000000 0.0000000 0.0000000 0.0000000 0.0000000 0.0323461 0.0000000 0.0000000 0.0000000 0.0000000 0.0000000 0.0470347
 64 A  64 0.5813047 0.0000000 0.0000000 0.0000000 0.0275313 0.0000000 0.0000000 0.0047689 0.0045406 0.1386311 0.0177617 0.0132922 0.0314541 0.0135256 0.0000000 0.0668099 0.0070003 0.0000000 0.0000000 0.0545254 0.0388542
 65 G  65 0.0000000 0.0000000 0.0000000 0.0000000 0.0000000 0.0000000 0.0000000 0.9732483 0.0000000 0.0000000 0.0000000 0.0000000 0.0000000 0.0000000 0.0000000 0.0000000 0.0000000 0.0000000 0.0000000 0.0000000 0.0267517
 66 R  66 0.2656921 0.6045760 0.0053083 0.0000000 0.0000000 0.0000000 0.0000000 0.0348561 0.0000000 0.0000000 0.0075338 0.0454761 0.0093006 0.0000000 0.0000000 0.0052742 0.0000000 0.0000000 0.0000000 0.0000000 0.0219827
 67 Y  67 0.0000000 0.0000000 0.0000000 0.0000000 0.0000000 0.0000000 0.0000000 0.0000000 0.0000000 0.0000000 0.0000000 0.0000000 0.0000000 0.0416328 0.0000000 0.0000000 0.0000000 0.0089551 0.9274294 0.0000000 0.0219827
 68 Q  68 0.0000000 0.0081805 0.0000000 0.0000000 0.0000000 0.9567916 0.0000000 0.0058786 0.0000000 0.0000000 0.0000000 0.0000000 0.0071665 0.0000000 0.0000000 0.0000000 0.0000000 0.0000000 0.0000000 0.0000000 0.0219827
 69 L  69 0.0081805 0.0000000 0.0000000 0.0000000 0.0000000 0.0340181 0.0000000 0.0000000 0.0053716 0.3059432 0.0930621 0.0000000 0.0494280 0.4439460 0.0000000 0.0000000 0.0000000 0.0000000 0.0067150 0.0313529 0.0219827
 70 L  70 0.0076104 0.0040085 0.0233981 0.0000000 0.0000000 0.0000000 0.0000000 0.0000000 0.0000000 0.2555077 0.3738327 0.0000000 0.1805378 0.0000000 0.0000000 0.0000000 0.0757706 0.0000000 0.0000000 0.0573515 0.0219827
 71 S  71 0.0403893 0.1170336 0.0589782 0.0391153 0.0000000 0.0077456 0.0548297 0.0920268 0.0065557 0.0057015 0.0201760 0.0618604 0.0043782 0.0000000 0.2598172 0.1022135 0.0529163 0.0000000 0.0542799 0.0000000 0.0219827
 72 R  72 0.1279579 0.1326227 0.0150239 0.0671850 0.0000000 0.0058176 0.0124407 0.0527278 0.0047228 0.0111376 0.0085729 0.1040949 0.0000000 0.0422047 0.0491114 0.1853136 0.1220171 0.0000000 0.0247912 0.0122757 0.0219827
 73 W  73 0.0167948 0.0000000 0.0046881 0.0168484 0.0000000 0.0000000 0.0000000 0.0000000 0.0107764 0.0000000 0.0000000 0.0000000 0.0000000 0.0233338 0.0000000 0.0409704 0.7416914 0.0436288 0.0677312 0.0050181 0.0285186
 74 W  74 0.0104637 0.0000000 0.0000000 0.0000000 0.0040085 0.0132922 0.0000000 0.0000000 0.0000000 0.0000000 0.3342245 0.0000000 0.0197455 0.0053764 0.0000000 0.0000000 0.0000000 0.5261048 0.0523981 0.0000000 0.0343863
 75 D  75 0.0916375 0.1895746 0.0288446 0.2076223 0.0000000 0.0631546 0.0547375 0.0172021 0.0125326 0.0336855 0.0393007 0.0918740 0.0033006 0.0077221 0.0406146 0.0279906 0.0294787 0.0052742 0.0204363 0.0071665 0.0278505
 76 A  76 0.1303981 0.1018686 0.0146495 0.1470684 0.0000000 0.0163736 0.1358787 0.1598488 0.0649687 0.0156905 0.0291333 0.0141279 0.0278888 0.0170815 0.0126524 0.0342647 0.0193109 0.0108988 0.0172745 0.0027719 0.0278505
 77 Y  77 0.1112043 0.0000000 0.0000000 0.0000000 0.0096732 0.0069508 0.0037110 0.0092610 0.0168344 0.0815005 0.3078319 0.0543819 0.0134165 0.0249615 0.0000000 0.0000000 0.0175984 0.0038400 0.1868385 0.1080879 0.0439082
 78 R  78 0.2384939 0.1359047 0.0057399 0.0000000 0.0000000 0.0799374 0.0160368 0.0234747 0.0080306 0.0355012 0.0411811 0.0824640 0.0303518 0.0000000 0.0067150 0.0477108 0.0363849 0.0000000 0.0089551 0.1659019 0.0372163
 79 K  79 0.0733256 0.2490235 0.0620415 0.0537516 0.0000000 0.0465647 0.0683042 0.0260559 0.0163557 0.0000000 0.0106115 0.2504996 0.0121012 0.0000000 0.0312904 0.0244845 0.0315428 0.0000000 0.0043258 0.0025051 0.0372163
 80 Q  80 0.0940199 0.1973715 0.0156650 0.0330073 0.0000000 0.1461874 0.1223757 0.0434371 0.0238588 0.0045149 0.0485972 0.1247741 0.0038796 0.0000000 0.0000000 0.0650411 0.0059860 0.0000000 0.0114907 0.0140112 0.0457825
 81 L  81 0.0570893 0.0247736 0.0076579 0.0000000 0.0000000 0.0114060 0.0049912 0.0092610 0.0039684 0.0483581 0.4505700 0.0144312 0.0892937 0.0108677 0.0000000 0.0187572 0.0296482 0.0000000 0.1430711 0.0298589 0.0459966
 82 G  82 0.0289995 0.0551453 0.0637552 0.0212743 0.0000000 0.0159283 0.0283988 0.5252760 0.0837751 0.0000000 0.0000000 0.0898297 0.0000000 0.0000000 0.0000000 0.0282179 0.0095048 0.0000000 0.0000000 0.0000000 0.0498951
 83 L  83 0.0269675 0.0093006 0.0067150 0.0043952 0.0000000 0.0000000 0.0209475 0.0000000 0.0000000 0.0786888 0.5036889 0.0043320 0.0000000 0.0548154 0.0878644 0.0214001 0.0275076 0.0000000 0.0159794 0.0794717 0.0579257
 84 K  84 0.0207408 0.0757509 0.0510145 0.0364303 0.0000000 0.0891058 0.0355439 0.0160751 0.0139224 0.0000000 0.0035052 0.1031468 0.0000000 0.0000000 0.2080732 0.1166118 0.1588488 0.0000000 0.0080500 0.0217326 0.0414478
 85 D  85 0.0352253 0.1019459 0.0294829 0.3387426 0.0000000 0.0042185 0.0000000 0.1885140 0.0000000 0.0048083 0.0682989 0.0045898 0.0087453 0.0000000 0.0116670 0.1444573 0.0067861 0.0000000 0.0000000 0.0196367 0.0328816
 86 F  86 0.0000000 0.0000000 0.0000000 0.0000000 0.0000000 0.0000000 0.0000000 0.0000000 0.0062507 0.0000000 0.0000000 0.0000000 0.0080306 0.9256665 0.0000000 0.0000000 0.0000000 0.0000000 0.0271707 0.0000000 0.0328816
 87 S  87 0.0432963 0.0000000 0.0422297 0.1299029 0.0000000 0.0202195 0.0980633 0.1335802 0.0000000 0.0033470 0.0000000 0.0041700 0.0000000 0.0000000 0.0000000 0.2959831 0.1904877 0.0000000 0.0000000 0.0058388 0.0328816
 88 P  88 0.0976225 0.0249810 0.0000000 0.0000000 0.0000000 0.0337123 0.0279551 0.0000000 0.0058677 0.0000000 0.0000000 0.0361224 0.0000000 0.0000000 0.7090164 0.0249147 0.0000000 0.0000000 0.0000000 0.0000000 0.0398080
 89 K  89 0.2259234 0.0351146 0.0288708 0.0665479 0.0000000 0.0769625 0.2661660 0.0194428 0.0259372 0.0137853 0.0445591 0.0732228 0.0000000 0.0000000 0.0066801 0.0181291 0.0249037 0.0000000 0.0067150 0.0272318 0.0398080
 90 S  90 0.0390295 0.0000000 0.1037412 0.0039081 0.0000000 0.0000000 0.0081805 0.0125828 0.0243622 0.0182768 0.1722430 0.0000000 0.0274486 0.0189633 0.0000000 0.2316760 0.1012715 0.0000000 0.0769833 0.1305188 0.0308146
 91 Q  91 0.0000000 0.0000000 0.0000000 0.0000000 0.0000000 0.9691854 0.0000000 0.0000000 0.0000000 0.0000000 0.0000000 0.0000000 0.0000000 0.0000000 0.0000000 0.0000000 0.0000000 0.0000000 0.0000000 0.0000000 0.0308146
 92 D  92 0.0000000 0.0049912 0.0582127 0.8704840 0.0000000 0.0000000 0.0354976 0.0000000 0.0000000 0.0000000 0.0000000 0.0000000 0.0000000 0.0000000 0.0000000 0.0000000 0.0000000 0.0000000 0.0000000 0.0000000 0.0308146
 93 A  93 0.1100609 0.3448499 0.0000000 0.0000000 0.0000000 0.1551668 0.0145893 0.0043161 0.0095267 0.0259966 0.1092178 0.0891400 0.0261878 0.0000000 0.0000000 0.0230523 0.0284365 0.0000000 0.0193266 0.0093182 0.0308146
 94 V  94 0.1855583 0.0000000 0.0000000 0.0000000 0.0000000 0.0000000 0.0000000 0.0419500 0.0000000 0.1293846 0.2813782 0.0000000 0.0869681 0.0281358 0.0000000 0.0000000 0.0064451 0.0297459 0.0449170 0.1347023 0.0308146
 95 A  95 0.6693179 0.0000000 0.0000000 0.0000000 0.0295472 0.0000000 0.0000000 0.1076324 0.0000000 0.0208020 0.0147044 0.0000000 0.0000000 0.0563433 0.0000000 0.0000000 0.0037879 0.0000000 0.0000000 0.0670503 0.0308146
 96 L  96 0.0172503 0.0217017 0.0238317 0.0601367 0.0055617 0.0120810 0.0255788 0.0054462 0.0229358 0.1282685 0.3565686 0.0000000 0.0077575 0.0112829 0.0000000 0.0149350 0.0065959 0.0000000 0.1162017 0.1330514 0.0308146
 97 Q  97 0.1096329 0.0533150 0.0184214 0.0172372 0.0086069 0.2023566 0.0943968 0.0107461 0.0791410 0.0352839 0.0453385 0.0408325 0.0124344 0.0624678 0.0000000 0.0233467 0.0042002 0.0286482 0.0777483 0.0450311 0.0308146
 98 Q  98 0.0000000 0.0000000 0.0000000 0.0075338 0.0000000 0.0842127 0.0000000 0.0000000 0.0064451 0.0692222 0.6440280 0.0208234 0.0121899 0.0000000 0.0000000 0.0000000 0.0000000 0.0757150 0.0438084 0.0000000 0.0360215
 99 I  99 0.0738518 0.0000000 0.0000000 0.0000000 0.0000000 0.0000000 0.0000000 0.0000000 0.0000000 0.3037590 0.4128207 0.0000000 0.0562474 0.0132922 0.0000000 0.0000000 0.0154755 0.0000000 0.0000000 0.0937390 0.0308146
100 K 100 0.0424630 0.2705065 0.0785342 0.0439767 0.0027901 0.0813444 0.1258537 0.0120148 0.0092688 0.0067861 0.0206211 0.1781469 0.0067150 0.0049912 0.0000000 0.0296499 0.0345544 0.0000000 0.0000000 0.0209687 0.0308146
101 E 101 0.0334424 0.2150777 0.0061103 0.2028981 0.0044805 0.0654479 0.2590538 0.0262072 0.0000000 0.0067000 0.0052069 0.0842530 0.0000000 0.0000000 0.0000000 0.0150111 0.0132922 0.0000000 0.0065358 0.0213503 0.0349327
102 R 102 0.1783002 0.4898855 0.0092096 0.0052069 0.0327057 0.0463223 0.0057399 0.0000000 0.0317389 0.0065637 0.0093006 0.0454140 0.0000000 0.0000000 0.0369960 0.0253329 0.0181260 0.0000000 0.0000000 0.0090221 0.0501356
103 G 103 0.0084829 0.0889246 0.0682143 0.0135083 0.0000000 0.0154000 0.0186988 0.5073338 0.0201968 0.0000000 0.0033871 0.1106002 0.0000000 0.0000000 0.0391965 0.0068149 0.0237462 0.0000000 0.0000000 0.0084064 0.0670894
104 A 104 0.4405747 0.0000000 0.0106187 0.0000000 0.0046881 0.0330822 0.0067861 0.0222666 0.0090962 0.0152536 0.0254849 0.0114907 0.0143414 0.0380150 0.0000000 0.0282381 0.0037231 0.0000000 0.0310156 0.0505350 0.2547900
105 L 105 0.0198492 0.0000000 0.0229846 0.0125549 0.0000000 0.0000000 0.0000000 0.0169726 0.0000000 0.1005108 0.4623976 0.0000000 0.0111982 0.0284136 0.0000000 0.0000000 0.0116898 0.1009313 0.0841967 0.0432284 0.0850723
106 P 106 0.0958467 0.0142493 0.0311485 0.1730439 0.0000000 0.0634772 0.1123864 0.1056085 0.0312541 0.0000000 0.0000000 0.0512780 0.0173522 0.0000000 0.0992167 0.0999170 0.0178182 0.0065930 0.0000000 0.0000000 0.0808102
107 M 107 0.0970295 0.0530375 0.0197581 0.1980825 0.0000000 0.0339010 0.0995364 0.0132922 0.0030973 0.0000000 0.2047729 0.0315150 0.0397598 0.0183768 0.0150421 0.0299077 0.0045149 0.0179699 0.0304823 0.0069508 0.0829735
108 I 108 0.0546980 0.0000000 0.0000000 0.0000000 0.0000000 0.0052916 0.0000000 0.0000000 0.0000000 0.2651894 0.1085944 0.0000000 0.0154213 0.1487954 0.0000000 0.0000000 0.0303126 0.0328943 0.0662235 0.2001463 0.0724332
109 D 109 0.0252578 0.1308617 0.0080306 0.1648681 0.0000000 0.0931356 0.0443249 0.0139104 0.0105905 0.0598359 0.1254904 0.1213880 0.0476001 0.0000000 0.0082549 0.0000000 0.0084474 0.0000000 0.0000000 0.0553369 0.0826671
110 R 110 0.2787778 0.0873590 0.0532000 0.0273180 0.0000000 0.1031136 0.0896278 0.0500636 0.0000000 0.0000000 0.0105248 0.0551988 0.0000000 0.0000000 0.0065959 0.1003443 0.0451131 0.0000000 0.0000000 0.0186038 0.0741595
111 G 111 0.0134528 0.0039684 0.0113709 0.0254154 0.0000000 0.0084725 0.0039081 0.7973687 0.0132922 0.0000000 0.0000000 0.0058598 0.0000000 0.0000000 0.0078398 0.0182543 0.0086069 0.0000000 0.0000000 0.0000000 0.0821901
112 D 112 0.0178964 0.2226480 0.0690803 0.1573692 0.0000000 0.0989120 0.0727439 0.0144245 0.0070484 0.0103433 0.0556518 0.1053192 0.0000000 0.0146282 0.0213227 0.0195422 0.0132100 0.0000000 0.0031519 0.0225485 0.0741595
113 I 113 0.0132922 0.0118846 0.0086069 0.0047750 0.0000000 0.0000000 0.0000000 0.0000000 0.0000000 0.3350548 0.2049027 0.0000000 0.0794174 0.1021648 0.0045797 0.0121626 0.0791269 0.0115692 0.0048921 0.0664008 0.0611702
114 R 114 0.1056253 0.1298060 0.0207310 0.1287870 0.0028793 0.0263639 0.1553855 0.0181492 0.0183493 0.0000000 0.0121850 0.0378848 0.0077456 0.0000000 0.0334406 0.1303818 0.1121490 0.0000000 0.0000000 0.0073729 0.0527638
115 Q 115 0.0558084 0.1556557 0.0058462 0.1265566 0.0034020 0.0908010 0.1880884 0.0242066 0.0155644 0.0119925 0.0221159 0.0477581 0.0051379 0.0000000 0.0500659 0.0578542 0.0776841 0.0000000 0.0000000 0.0091025 0.0523595
116 A 116 0.5237974 0.0000000 0.0070003 0.0000000 0.0000000 0.0302178 0.0049669 0.0143187 0.0028780 0.0093297 0.0135340 0.0077863 0.0085662 0.1972444 0.0000000 0.0041851 0.0000000 0.0000000 0.0221202 0.1016956 0.0523595
117 I 117 0.0998927 0.0135520 0.0065358 0.0000000 0.0111924 0.0309009 0.0056406 0.0266222 0.0000000 0.2081851 0.2091853 0.0000000 0.1740628 0.0228203 0.0000000 0.0000000 0.0375855 0.0000000 0.0057399 0.1007396 0.0473448
118 D 118 0.2134761 0.1221068 0.0990995 0.0649507 0.0053980 0.0253220 0.0532693 0.0188164 0.0920846 0.0000000 0.0672175 0.0530726 0.0048921 0.0000000 0.0035052 0.0563481 0.0340234 0.0000000 0.0360699 0.0000000 0.0503477
119 R 119 0.1587491 0.1715641 0.1614640 0.0050181 0.0121490 0.0205204 0.0240620 0.0539099 0.0077570 0.0047473 0.0664175 0.2417710 0.0071166 0.0000000 0.0000000 0.0206857 0.0000000 0.0000000 0.0000000 0.0072673 0.0368010
120 C 120 0.0607508 0.0000000 0.0000000 0.0038115 0.1532611 0.0000000 0.0000000 0.0058677 0.0000000 0.0104570 0.6000019 0.0000000 0.0251906 0.0000000 0.0000000 0.0084474 0.0362325 0.0067861 0.0000000 0.0523923 0.0368010
121 S 121 0.4026773 0.1453248 0.0346024 0.0000000 0.0031038 0.0078624 0.0000000 0.0388276 0.0000000 0.0000000 0.0000000 0.0508805 0.0000000 0.0000000 0.0000000 0.2712852 0.0037231 0.0000000 0.0049119 0.0000000 0.0368010
122 N 122 0.0277368 0.1106087 0.1766242 0.0152913 0.0000000 0.0557990 0.0000000 0.0980015 0.0093006 0.0041471 0.0239975 0.1581536 0.0431944 0.0061103 0.1215782 0.0636346 0.0104789 0.0047473 0.0209290 0.0081805 0.0414862
123 I 123 0.0000000 0.0352607 0.0000000 0.0000000 0.0000000 0.0265861 0.3868012 0.0000000 0.0000000 0.3180517 0.0086069 0.0000000 0.0035481 0.0000000 0.0000000 0.0093006 0.1024856 0.0000000 0.0000000 0.0678727 0.0414862
124 W 124 0.0000000 0.0000000 0.0000000 0.0000000 0.0000000 0.0000000 0.0000000 0.0000000 0.0000000 0.0000000 0.0000000 0.0000000 0.0000000 0.0192006 0.0000000 0.0000000 0.0000000 0.9278226 0.0114907 0.0000000 0.0414862
125 A 125 0.7327237 0.0085662 0.0000000 0.0000000 0.0000000 0.0000000 0.0356028 0.0000000 0.0000000 0.0050146 0.0000000 0.0000000 0.0000000 0.0000000 0.0210812 0.0298846 0.1043204 0.0000000 0.0000000 0.0213203 0.0414862
126 S 126 0.0358995 0.0000000 0.0000000 0.0000000 0.0092610 0.0000000 0.0000000 0.1787005 0.0000000 0.0000000 0.0000000 0.0000000 0.0000000 0.0000000 0.0000000 0.7178654 0.0081805 0.0000000 0.0086069 0.0000000 0.0414862
127 L 127 0.0000000 0.0000000 0.0000000 0.0000000 0.0000000 0.0000000 0.0000000 0.0000000 0.0000000 0.0212358 0.6487962 0.0000000 0.0131938 0.2135207 0.0000000 0.0000000 0.0000000 0.0000000 0.0000000 0.0434906 0.0597630
128 P 128 0.0432342 0.0085590 0.0000000 0.0000000 0.0000000 0.0120149 0.0039795 0.0161544 0.0000000 0.0254956 0.0000000 0.0380156 0.0000000 0.0000000 0.6875328 0.0000000 0.0076874 0.0000000 0.0000000 0.0069508 0.1503757
129 G 129 0.0127391 0.0215475 0.0511899 0.0416886 0.0053980 0.0000000 0.0063528 0.3121687 0.0084474 0.0000000 0.0102160 0.0416245 0.0157610 0.0000000 0.0392684 0.0570943 0.1245898 0.0000000 0.0000000 0.0947430 0.1571710
130 A 130 0.2303461 0.0260118 0.0302483 0.0372271 0.0000000 0.0000000 0.0119122 0.0592187 0.0090035 0.0000000 0.0770640 0.0063528 0.0000000 0.0096938 0.0508090 0.2002119 0.0152140 0.0084474 0.0214972 0.0410588 0.1656836
131 G 131 0.0939261 0.0365170 0.0223329 0.0261286 0.0000000 0.0260646 0.0107793 0.3092070 0.0148228 0.0000000 0.0000000 0.0078624 0.0050518 0.0359667 0.0595364 0.1280722 0.0540283 0.0000000 0.0725030 0.0101708 0.0870302
132 Y 132 0.0146565 0.0000000 0.0079287 0.0611507 0.0000000 0.0240379 0.0590990 0.0746077 0.0383194 0.0000000 0.0132922 0.0223701 0.0000000 0.0000000 0.0145974 0.0310033 0.0495572 0.0000000 0.4832097 0.0084474 0.0977229
133 G 133 0.0448221 0.0359564 0.0878430 0.0283621 0.0110320 0.0276361 0.0000000 0.5296459 0.0123913 0.0167848 0.0000000 0.0426066 0.0089551 0.0000000 0.0000000 0.0141445 0.0448874 0.0000000 0.0104425 0.0056406 0.0788496
134 Q 134 0.0277102 0.0513672 0.0000000 0.0142007 0.0000000 0.4734136 0.0345768 0.0079739 0.0181171 0.0811843 0.0081770 0.0428013 0.0147666 0.0085662 0.0067000 0.0788753 0.0056423 0.0000000 0.0199849 0.0147164 0.0912263
135 F 135 0.0547858 0.0875437 0.0187790 0.0000000 0.0000000 0.0208260 0.0757150 0.1459514 0.1059796 0.0000000 0.0341103 0.0237206 0.0000000 0.0256700 0.2129224 0.0599339 0.0000000 0.0000000 0.0297499 0.0156244 0.0886880
136 E 136 0.0672553 0.0240966 0.0240143 0.0753384 0.0000000 0.0201094 0.1917566 0.0655084 0.0150021 0.0099503 0.0000000 0.0398020 0.0000000 0.0191788 0.0161909 0.0599142 0.0482112 0.0000000 0.1266052 0.1083781 0.0886880
137 H 137 0.0227495 0.1176301 0.1490238 0.0236025 0.0058388 0.0346218 0.0377958 0.0087453 0.2162243 0.0000000 0.0070089 0.1549484 0.0065637 0.0000000 0.0000000 0.0075402 0.0063528 0.0000000 0.0366503 0.0591445 0.1055594
138 K 138 0.0368852 0.1613820 0.0354017 0.0214602 0.0000000 0.0521344 0.0167860 0.0663875 0.0126649 0.0050518 0.0158431 0.1141799 0.0197452 0.0086069 0.0140107 0.1930756 0.1034079 0.0000000 0.0059530 0.0073948 0.1096291
139 A 139 0.0626399 0.0177748 0.0076518 0.0307221 0.0000000 0.0167007 0.0042931 0.0138857 0.0546110 0.0984204 0.1464106 0.0099858 0.1268233 0.0729773 0.0081692 0.0106135 0.0113591 0.0173319 0.0986598 0.0498710 0.1410989
140 D 140 0.1914151 0.0028247 0.0000000 0.1485484 0.0000000 0.0429289 0.1324591 0.0256916 0.0166375 0.0037963 0.0234082 0.0252207 0.0059530 0.0000000 0.0134708 0.0711819 0.0883836 0.0000000 0.0000000 0.0724273 0.1356528
141 S 141 0.0511906 0.0755062 0.0248197 0.0792634 0.0000000 0.0705884 0.1139073 0.0986353 0.0354392 0.0197523 0.0080306 0.0868234 0.0517733 0.0105936 0.0224657 0.0338931 0.0750097 0.0000000 0.0040259 0.0096297 0.1286525
142 L 142 0.0296242 0.1059320 0.0647546 0.0036813 0.0182130 0.0000000 0.0033155 0.0219845 0.0183417 0.0488825 0.3567688 0.0086069 0.0259684 0.0193090 0.0000000 0.0238119 0.0486966 0.0000000 0.0225707 0.0392032 0.1403350
143 I 143 0.0360649 0.1501718 0.0225501 0.0160045 0.0000000 0.0311254 0.0383506 0.1052212 0.0048921 0.0495689 0.1775962 0.1002055 0.0225962 0.0000000 0.0040279 0.0175610 0.0108753 0.0421304 0.0057399 0.0259365 0.1393818
144 A 144 0.3175523 0.0294408 0.0299335 0.0172638 0.0000000 0.0973340 0.0845437 0.0264763 0.0046963 0.0000000 0.0000000 0.0353060 0.0000000 0.0000000 0.0715781 0.0856066 0.0246942 0.0000000 0.0000000 0.0247474 0.1508269
145 K 145 0.1306883 0.0185573 0.0102560 0.0168714 0.0034020 0.0282054 0.0033155 0.0030113 0.0305872 0.0417806 0.0223596 0.0752114 0.0070237 0.1167873 0.0000000 0.1411469 0.0457827 0.0124146 0.0093235 0.0874897 0.1957855
146 F 146 0.0000000 0.0129893 0.0000000 0.0000000 0.0000000 0.0000000 0.0000000 0.0000000 0.0000000 0.0654857 0.0000000 0.0000000 0.0000000 0.1960520 0.0000000 0.0000000 0.0000000 0.0353260 0.4345601 0.0278343 0.2277526
147 K 147 0.0188789 0.0971213 0.0320712 0.0471544 0.0000000 0.0660317 0.0802804 0.0000000 0.0027901 0.0243304 0.0356051 0.0514331 0.0000000 0.0000000 0.0000000 0.0509410 0.0288882 0.0000000 0.1750695 0.0317094 0.2576952
148 E 148 0.1765053 0.0687219 0.0123161 0.0233031 0.0000000 0.1082694 0.0754995 0.0100666 0.0094741 0.0000000 0.0286855 0.1292645 0.0000000 0.0164419 0.0000000 0.0258636 0.0178405 0.0127751 0.0000000 0.0230592 0.2619137
149 A 149 0.1669429 0.0222836 0.1116835 0.0000000 0.0156354 0.0028099 0.0043782 0.1347196 0.0053716 0.0000000 0.0121681 0.0102202 0.0083236 0.0380059 0.0000000 0.0343611 0.0000000 0.0000000 0.0735141 0.0033276 0.3562547
150 G 150 0.0000000 0.0000000 0.0059530 0.1108325 0.0000000 0.0000000 0.0000000 0.2637541 0.0000000 0.0087453 0.1608558 0.0117817 0.0106000 0.0000000 0.0000000 0.0000000 0.0000000 0.0000000 0.0000000 0.0000000 0.4274777
151 G 151 0.0947072 0.0081525 0.0041457 0.0000000 0.0000000 0.0146775 0.0051000 0.3432454 0.0032085 0.0000000 0.0024030 0.0232310 0.0000000 0.0000000 0.0056406 0.0208681 0.0036273 0.0000000 0.0000000 0.0030044 0.4679888
152 T 152 0.0110223 0.0348431 0.0235741 0.0000000 0.0048083 0.0925618 0.0639099 0.0252793 0.0000000 0.0208272 0.0635170 0.0175098 0.0090993 0.0000000 0.0000000 0.0041457 0.0661169 0.0000000 0.0047689 0.0890493 0.4689669
153 V 153 0.0198247 0.0000000 0.1093753 0.0154814 0.0064451 0.0000000 0.0201345 0.0000000 0.0000000 0.0308038 0.1508045 0.0000000 0.0161980 0.0000000 0.0206597 0.0000000 0.0163009 0.0000000 0.0000000 0.0966933 0.4972788
154 R 154 0.0185674 0.1468342 0.0331942 0.0000000 0.0000000 0.0282477 0.0000000 0.0000000 0.0000000 0.0046963 0.0033348 0.1330126 0.0000000 0.0000000 0.0000000 0.0044021 0.0355461 0.0000000 0.0000000 0.0152108 0.5769537
155 E 155 0.1437324 0.0147161 0.0000000 0.0390911 0.0000000 0.0557092 0.0434474 0.0053716 0.0000000 0.0000000 0.0000000 0.0043161 0.0000000 0.0000000 0.0000000 0.0082083 0.0055566 0.0000000 0.0000000 0.0047946 0.6750566
156 I 156 0.0053308 0.0000000 0.0000000 0.0000000 0.0000000 0.0047750 0.0000000 0.0000000 0.0000000 0.0769633 0.0796013 0.0000000 0.0000000 0.0000000 0.0000000 0.0000000 0.0000000 0.0000000 0.0000000 0.0158545 0.8174751
157 D 157 0.0000000 0.0000000 0.0297591 0.0091240 0.0000000 0.0085646 0.0085899 0.0000000 0.0000000 0.0000000 0.0000000 0.0000000 0.0000000 0.0000000 0.0000000 0.0121704 0.0000000 0.0000000 0.0000000 0.0000000 0.9317919
158 V 158 0.0000000 0.0000000 0.0000000 0.0000000 0.0000000 0.0000000 0.0000000 0.0000000 0.0000000 0.0186229 0.0000000 0.0000000 0.0000000 0.0000000 0.0000000 0.0000000 0.0000000 0.0000000 0.0000000 0.0147061 0.9666710
