  158         A         R         N         D         C         Q         E         G         H         I         L         K         M         F         P         S         T         W         Y         V    
  1 M   1 0.0000000 0.0000000 0.0000000 0.0000000 0.0000000 0.0000000 0.0000000 0.0000000 0.0000000 0.0214008 0.0178341 0.0000000 0.8847059 0.0000000 0.0000000 0.0000000 0.0000000 0.0000000 0.0000000 0.0760592
  2 V   2 0.0174159 0.0282104 0.0656211 0.0778893 0.0000000 0.0542407 0.0435742 0.0120106 0.0000000 0.0099895 0.0187726 0.0529868 0.0000000 0.0417683 0.0891902 0.0766600 0.1274026 0.0000000 0.2521572 0.0321106
  3 E   3 0.0582367 0.0299995 0.0914821 0.0550790 0.0000000 0.0727843 0.1374918 0.2271331 0.0122699 0.0203821 0.0153793 0.0705725 0.0000000 0.0071662 0.0185357 0.0310747 0.0470124 0.0000000 0.0171013 0.0882994
  4 I   4 0.0287137 0.0000000 0.0235846 0.0000000 0.0409699 0.0000000 0.0186188 0.2597193 0.0000000 0.2910322 0.1771890 0.0000000 0.0082561 0.0183744 0.0000000 0.0132351 0.1203068 0.0000000 0.0000000 0.0000000
  5 N   5 0.0072969 0.0000000 0.2291383 0.2326351 0.0000000 0.0081801 0.0611005 0.0064618 0.0543990 0.0113616 0.0000000 0.0000000 0.0347787 0.0000000 0.0000000 0.0860006 0.2102906 0.0000000 0.0000000 0.0583568
  6 N   6 0.0433109 0.0525411 0.0204412 0.0117996 0.0000000 0.0000000 0.0000000 0.0000000 0.0000000 0.0000000 0.0379778 0.0477446 0.0000000 0.0000000 0.6924761 0.0100665 0.0711047 0.0000000 0.0000000 0.0125375
  7 Q   7 0.0270810 0.0379469 0.3936386 0.0000000 0.0000000 0.1367098 0.1635834 0.0435245 0.0242839 0.0000000 0.0000000 0.0185357 0.0000000 0.0072538 0.0173399 0.0085185 0.0108418 0.0000000 0.1107420 0.0000000
  8 R   8 0.0628777 0.2358572 0.0000000 0.0000000 0.0000000 0.0000000 0.0000000 0.0710460 0.0000000 0.1553455 0.0794277 0.0095709 0.0945155 0.0147878 0.0083986 0.0000000 0.0175293 0.0000000 0.0000000 0.2506438
  9 K   9 0.2052854 0.4270427 0.0000000 0.0000000 0.0178989 0.0552688 0.0051404 0.0173594 0.0000000 0.0185679 0.0130223 0.1565538 0.0069417 0.0000000 0.0000000 0.0174729 0.0102806 0.0113519 0.0000000 0.0378132
 10 A  10 0.8624072 0.0239674 0.0000000 0.0000000 0.0000000 0.0284755 0.0000000 0.0000000 0.0000000 0.0196340 0.0000000 0.0142012 0.0000000 0.0000000 0.0410616 0.0102531 0.0000000 0.0000000 0.0000000 0.0000000
 11 F  11 0.0000000 0.0000000 0.0000000 0.0000000 0.0000000 0.0000000 0.0000000 0.0000000 0.0062921 0.0000000 0.4454296 0.0000000 0.0150304 0.4616800 0.0000000 0.0000000 0.0101891 0.0100554 0.0303355 0.0209879
 12 L  12 0.0179493 0.0110798 0.0000000 0.0000000 0.0000000 0.0000000 0.0000000 0.0293091 0.0000000 0.0000000 0.7729208 0.0000000 0.1409780 0.0000000 0.0000000 0.0000000 0.0000000 0.0000000 0.0160776 0.0116855
 13 D  13 0.0256445 0.1614922 0.1395697 0.4744951 0.0000000 0.0150324 0.0233490 0.0054272 0.0157740 0.0000000 0.0167177 0.0503117 0.0044729 0.0000000 0.0000000 0.0543490 0.0042874 0.0000000 0.0090773 0.0000000
 14 M  14 0.0606570 0.0000000 0.0000000 0.0000000 0.0169102 0.0000000 0.0000000 0.0000000 0.0072352 0.0267856 0.2389810 0.0000000 0.2332055 0.0809316 0.0000000 0.0000000 0.2760876 0.0000000 0.0000000 0.0592063
 15 L  15 0.0000000 0.0000000 0.0000000 0.0000000 0.0000000 0.0000000 0.0000000 0.0000000 0.0000000 0.7440388 0.2013089 0.0000000 0.0000000 0.0000000 0.0000000 0.0000000 0.0000000 0.0000000 0.0000000 0.0546523
 16 A  16 0.4747409 0.2508981 0.0000000 0.0000000 0.0000000 0.0289574 0.0000000 0.0608829 0.0000000 0.0109781 0.0000000 0.0200677 0.0000000 0.0000000 0.0000000 0.1430126 0.0104624 0.0000000 0.0000000 0.0000000
 17 W  17 0.1120195 0.1019344 0.0076802 0.0137940 0.0000000 0.0594671 0.0884620 0.0074097 0.0098248 0.0090481 0.0104459 0.0484087 0.0000000 0.1411594 0.0000000 0.0908095 0.0196956 0.1066609 0.1084614 0.0647188
 18 S  18 0.3763280 0.0325494 0.0142669 0.0000000 0.0122380 0.0000000 0.0000000 0.1159554 0.0000000 0.0064922 0.0000000 0.0120161 0.0000000 0.0201198 0.0377692 0.3072054 0.0380199 0.0000000 0.0091474 0.0178922
 19 E  19 0.0194264 0.0000000 0.0000000 0.0000000 0.0000000 0.0000000 0.9805736 0.0000000 0.0000000 0.0000000 0.0000000 0.0000000 0.0000000 0.0000000 0.0000000 0.0000000 0.0000000 0.0000000 0.0000000 0.0000000
 20 G  20 0.1283171 0.0000000 0.0106560 0.0000000 0.0187474 0.0000000 0.0000000 0.5869613 0.0287394 0.0277537 0.0052979 0.0000000 0.0000000 0.0096921 0.0000000 0.1286172 0.0070955 0.0000000 0.0000000 0.0481223
 21 T  21 0.0191738 0.0357091 0.0209551 0.0415986 0.0000000 0.0189104 0.0000000 0.2740126 0.0211981 0.0221546 0.0000000 0.0083273 0.0000000 0.0000000 0.0000000 0.0229271 0.4983246 0.0000000 0.0097764 0.0069324
 22 D  22 0.1154685 0.0697695 0.0000000 0.2270153 0.0000000 0.0131634 0.0233888 0.1120689 0.0000000 0.0000000 0.0165441 0.0265692 0.0000000 0.0000000 0.0265685 0.1391382 0.0065449 0.1568165 0.0607735 0.0061707
 23 N  23 0.1207052 0.0785176 0.2268772 0.0574281 0.0000000 0.0093419 0.0416687 0.0378938 0.0202582 0.0041760 0.0000000 0.1892730 0.0000000 0.0000000 0.0000000 0.0508425 0.1280400 0.0000000 0.0349777 0.0000000
 24 G  24 0.0159860 0.0179448 0.0554410 0.1269349 0.0000000 0.0547090 0.0145531 0.2509743 0.0252000 0.0057923 0.0465094 0.0269082 0.0060987 0.0000000 0.0221658 0.1579766 0.0382445 0.0109221 0.1187501 0.0048894
 25 R  25 0.0419963 0.1888989 0.1319646 0.0439708 0.0000000 0.0000000 0.0440010 0.0758129 0.0699471 0.0163667 0.0625073 0.0424267 0.0000000 0.0504432 0.0000000 0.0199336 0.0342248 0.0000000 0.0768728 0.1006334
 26 Q  26 0.2296342 0.0409293 0.1203143 0.0813593 0.0000000 0.1136091 0.0298662 0.0385260 0.0000000 0.0116605 0.0400298 0.0723833 0.0000000 0.0000000 0.1094063 0.0319818 0.0320983 0.0000000 0.0378207 0.0103809
 27 K  27 0.1630743 0.0737205 0.0244227 0.0183574 0.0000000 0.0356071 0.0356337 0.0554508 0.0000000 0.0068169 0.0566029 0.0834822 0.0000000 0.0221787 0.0478014 0.1797999 0.0416128 0.0417229 0.1029025 0.0108134
 28 T  28 0.0683095 0.0000000 0.1682360 0.0000000 0.0000000 0.0000000 0.0066540 0.2930491 0.0000000 0.0065740 0.0166475 0.0227875 0.0000000 0.0187745 0.0000000 0.0684496 0.1754970 0.0101829 0.0927896 0.0520488
 29 R  29 0.1594948 0.1472227 0.0286502 0.0633836 0.0000000 0.0670740 0.0495482 0.1254324 0.0344061 0.0166118 0.0145760 0.0745232 0.0105691 0.0085753 0.0000000 0.1156489 0.0267627 0.0000000 0.0137505 0.0437704
 30 N  30 0.0367015 0.0599511 0.1774664 0.2607357 0.0078425 0.0175624 0.0536902 0.0090695 0.0247126 0.0091735 0.0000000 0.0329948 0.0052958 0.0000000 0.1839336 0.0583251 0.0493549 0.0000000 0.0000000 0.0131905
 31 H  31 0.0431099 0.1096836 0.0785834 0.1845230 0.0000000 0.0448909 0.0512656 0.0851636 0.0886626 0.0054039 0.0853981 0.1022510 0.0039985 0.0096993 0.0242830 0.0151337 0.0068330 0.0000000 0.0047850 0.0563319
 32 G  32 0.0000000 0.0062324 0.0076246 0.0474110 0.0000000 0.0222490 0.0000000 0.7554329 0.0000000 0.0000000 0.0000000 0.0000000 0.0000000 0.0000000 0.1094220 0.0313413 0.0109500 0.0000000 0.0000000 0.0093368
 33 Y  33 0.0161902 0.0000000 0.0000000 0.0000000 0.0000000 0.0382850 0.0000000 0.0141862 0.0000000 0.0093882 0.0000000 0.0111509 0.0000000 0.0000000 0.0068358 0.0068569 0.0000000 0.0144863 0.8721318 0.0104886
 34 D  34 0.0379530 0.1870713 0.1467950 0.3174932 0.0000000 0.0295478 0.0100017 0.0324457 0.0274138 0.0097239 0.0075611 0.0418284 0.0000000 0.0047043 0.0000000 0.0483516 0.0629543 0.0000000 0.0317191 0.0044357
 35 V  35 0.1165163 0.0323253 0.0066736 0.0000000 0.0000000 0.0262681 0.0066530 0.0204384 0.0066506 0.0673660 0.0384718 0.0477912 0.0472913 0.0000000 0.0237636 0.0182861 0.1748375 0.0000000 0.0000000 0.3666671
 36 I  36 0.0393324 0.0288746 0.0000000 0.0000000 0.0042692 0.0542342 0.0000000 0.0232765 0.0000000 0.2218281 0.3489035 0.0000000 0.1016857 0.0223825 0.0000000 0.0142138 0.0169500 0.0144042 0.0000000 0.1096454
 37 V  37 0.0103232 0.0077268 0.0542590 0.0350807 0.0000000 0.0423515 0.0000000 0.0000000 0.0076260 0.0103909 0.0074058 0.0000000 0.0000000 0.2022352 0.0071956 0.0244786 0.0319899 0.0111344 0.3000258 0.2477766
 38 G  38 0.0341027 0.0000000 0.0497827 0.0423580 0.0000000 0.0059732 0.0000000 0.6510691 0.0288003 0.0000000 0.0657057 0.0000000 0.0000000 0.0124644 0.0000000 0.0000000 0.1032024 0.0000000 0.0000000 0.0065415
 39 G  39 0.0898178 0.0322689 0.0844485 0.0000000 0.0000000 0.0092686 0.0091251 0.5902337 0.0000000 0.0081324 0.0000000 0.0075277 0.0217234 0.0162120 0.0108240 0.0676426 0.0527752 0.0000000 0.0000000 0.0000000
 40 E  40 0.0887478 0.0578681 0.0424539 0.0594816 0.0000000 0.0650087 0.1521949 0.1936329 0.0312784 0.0109673 0.0000000 0.1025018 0.0000000 0.0000000 0.0000000 0.0849499 0.0782589 0.0270241 0.0056319 0.0000000
 41 L  41 0.0000000 0.1277461 0.0545126 0.0185451 0.0000000 0.1014651 0.0401977 0.0103001 0.0878252 0.0682512 0.2585675 0.0395774 0.0459223 0.0153706 0.0079292 0.0287702 0.0526188 0.0000000 0.0155966 0.0268044
 42 F  42 0.0052841 0.0110089 0.0000000 0.0000000 0.0000000 0.0233221 0.0000000 0.0040627 0.0104755 0.0841727 0.1016441 0.0059919 0.0511490 0.4557092 0.0051604 0.0237605 0.1031382 0.0000000 0.0269467 0.0881741
 43 T  43 0.1131818 0.0491664 0.0595099 0.0646344 0.0000000 0.0498839 0.0565152 0.0063991 0.0327352 0.0000000 0.0508175 0.0707215 0.0146463 0.0000000 0.0477355 0.1395130 0.2038311 0.0094970 0.0077461 0.0234662
 44 D  44 0.0000000 0.0058448 0.0712652 0.4664840 0.0000000 0.0000000 0.0276328 0.0853584 0.0000000 0.0000000 0.0000000 0.0000000 0.0000000 0.0000000 0.0563607 0.2095363 0.0472944 0.0249367 0.0052865 0.0000000
 45 Y  45 0.0066150 0.0049613 0.0000000 0.0166931 0.0000000 0.0243194 0.0400339 0.0000000 0.0000000 0.0281175 0.3604257 0.0103427 0.0714560 0.1367109 0.0376007 0.0039225 0.0172270 0.0000000 0.2415743 0.0000000
 46 S  46 0.1428851 0.0568825 0.0214617 0.0731710 0.0000000 0.0131435 0.0215236 0.0065983 0.0201492 0.0277677 0.0062896 0.0442193 0.0064393 0.0000000 0.0415280 0.3946283 0.0875161 0.0000000 0.0000000 0.0357968
 47 D  47 0.0392218 0.2029672 0.0193924 0.2506722 0.0000000 0.0574602 0.0249803 0.0330553 0.0243713 0.0059467 0.0000000 0.1425506 0.0054715 0.0000000 0.0238730 0.0266411 0.0989185 0.0149878 0.0000000 0.0294901
 48 H  48 0.0306564 0.0061366 0.0143330 0.0245717 0.0000000 0.0178907 0.0160941 0.0000000 0.6792880 0.0069276 0.0281145 0.0110282 0.0455174 0.0000000 0.0382912 0.0000000 0.0517437 0.0000000 0.0103415 0.0190655
 49 P  49 0.0000000 0.0047930 0.0000000 0.0000000 0.0000000 0.0058166 0.0243933 0.0000000 0.0000000 0.0076733 0.0615503 0.0000000 0.0000000 0.0093141 0.7769177 0.0000000 0.0683955 0.0000000 0.0194088 0.0217374
 50 R  50 0.0688723 0.2236035 0.0930400 0.1203360 0.0000000 0.0914877 0.0728353 0.1389021 0.0000000 0.0000000 0.0000000 0.0630998 0.0184824 0.0208001 0.0147716 0.0096866 0.0113307 0.0161261 0.0044181 0.0322075
 51 K  51 0.0799904 0.1284943 0.0306233 0.0147711 0.0000000 0.2061169 0.0284749 0.0189146 0.0040896 0.0853779 0.0168240 0.1002220 0.0113636 0.0000000 0.0686376 0.0148176 0.0665676 0.0081220 0.0089456 0.1076470
 52 L  52 0.0869865 0.0473777 0.0096006 0.0217453 0.0944884 0.1202093 0.0093054 0.0349512 0.0091951 0.0316924 0.1793895 0.0443822 0.0262583 0.0209042 0.0413248 0.0411976 0.0407854 0.0000000 0.0125723 0.1276339
 53 V  53 0.0636580 0.0258320 0.0200610 0.0000000 0.0000000 0.0000000 0.0226205 0.0000000 0.0579231 0.1472066 0.0724393 0.1024031 0.0467294 0.0067260 0.0235238 0.0000000 0.0553938 0.0000000 0.0118496 0.3436338
 54 T  54 0.0736451 0.1038612 0.0457421 0.0409984 0.0122543 0.0703343 0.0710691 0.0277800 0.0111516 0.0146576 0.0613355 0.0400227 0.0000000 0.0000000 0.1028766 0.0382065 0.1355240 0.0395012 0.0103918 0.1006480
 55 L  55 0.0898734 0.1039844 0.0395506 0.0000000 0.0077833 0.0303519 0.0125182 0.0000000 0.0463079 0.1520343 0.1573262 0.0147747 0.0082902 0.1003120 0.0000000 0.0259025 0.0083926 0.0864974 0.0929015 0.0231988
 56 N  56 0.0453391 0.0278916 0.2437475 0.0099349 0.0000000 0.0874545 0.0402249 0.2119038 0.0199688 0.0263390 0.0097353 0.0167517 0.0000000 0.0000000 0.0696286 0.1024169 0.0672838 0.0091356 0.0122440 0.0000000
 57 P  57 0.0662209 0.1814472 0.0451899 0.0188366 0.0109475 0.0811504 0.0153249 0.0234171 0.0000000 0.0367532 0.0070864 0.2568264 0.0075009 0.0137417 0.0797631 0.0622512 0.0582596 0.0000000 0.0085145 0.0267685
 58 K  58 0.0434834 0.1736184 0.0332206 0.0429482 0.0000000 0.0213878 0.0207674 0.3279307 0.0151967 0.0198492 0.0076316 0.1225429 0.0000000 0.0038161 0.0341703 0.0299482 0.0307202 0.0268366 0.0365662 0.0093653
 59 L  59 0.0282291 0.0334846 0.1223368 0.0000000 0.0042081 0.0204643 0.0097040 0.1269046 0.0343106 0.1052872 0.1641350 0.0300641 0.0000000 0.0474772 0.0176348 0.0149938 0.0000000 0.0186652 0.1526348 0.0694658
 60 K  60 0.0806899 0.0970323 0.0445186 0.0174821 0.1224195 0.0606519 0.0000000 0.1351423 0.0259656 0.0097191 0.0000000 0.1617979 0.0000000 0.0045878 0.0282710 0.0287264 0.0823700 0.0174332 0.0367980 0.0463944
 61 S  61 0.0467574 0.0000000 0.0163308 0.0000000 0.0000000 0.0000000 0.0000000 0.0341112 0.0000000 0.0092254 0.0474038 0.0000000 0.0000000 0.0322036 0.0418516 0.6583456 0.1137706 0.0000000 0.0000000 0.0000000
 62 T  62 0.1133396 0.0000000 0.0451645 0.0427918 0.0000000 0.0000000 0.0108450 0.0206770 0.0525288 0.0000000 0.0000000 0.0000000 0.0000000 0.0230814 0.0075871 0.2554710 0.4122760 0.0000000 0.0162378 0.0000000
 63 G  63 0.9562491 0.0000000 0.0000000 0.0000000 0.0000000 0.0000000 0.0000000 0.0088522 0.0000000 0.0000000 0.0000000 0.0000000 0.0000000 0.0000000 0.0348987 0.0000000 0.0000000 0.0000000 0.0000000 0.0000000
 64 A  64 0.6188463 0.0000000 0.0000000 0.0000000 0.0224749 0.0000000 0.0000000 0.0041272 0.0048838 0.1393987 0.0173989 0.0141224 0.0316553 0.0135313 0.0000000 0.0687385 0.0070302 0.0000000 0.0000000 0.0577924
 65 G  65 0.0000000 0.0000000 0.0000000 0.0000000 0.0000000 0.0000000 0.0000000 1.0000000 0.0000000 0.0000000 0.0000000 0.0000000 0.0000000 0.0000000 0.0000000 0.0000000 0.0000000 0.0000000 0.0000000 0.0000000
 66 R  66 0.2701011 0.6173952 0.0055947 0.0000000 0.0000000 0.0000000 0.0000000 0.0349373 0.0000000 0.0000000 0.0079551 0.0484550 0.0099739 0.0000000 0.0000000 0.0055877 0.0000000 0.0000000 0.0000000 0.0000000
 67 Y  67 0.0000000 0.0000000 0.0000000 0.0000000 0.0000000 0.0000000 0.0000000 0.0000000 0.0000000 0.0000000 0.0000000 0.0000000 0.0000000 0.0435033 0.0000000 0.0000000 0.0000000 0.0100912 0.9464054 0.0000000
 68 Q  68 0.0000000 0.0075275 0.0000000 0.0000000 0.0000000 0.9784730 0.0000000 0.0061195 0.0000000 0.0000000 0.0000000 0.0000000 0.0078800 0.0000000 0.0000000 0.0000000 0.0000000 0.0000000 0.0000000 0.0000000
 69 L  69 0.0075275 0.0000000 0.0000000 0.0000000 0.0000000 0.0370134 0.0000000 0.0000000 0.0059301 0.3110035 0.0919599 0.0000000 0.0475923 0.4590480 0.0000000 0.0000000 0.0000000 0.0000000 0.0072025 0.0327228
 70 L  70 0.0074937 0.0044000 0.0248655 0.0000000 0.0000000 0.0000000 0.0000000 0.0000000 0.0000000 0.2533702 0.3906199 0.0000000 0.1913412 0.0000000 0.0000000 0.0000000 0.0713704 0.0000000 0.0000000 0.0565391
 71 S  71 0.0412685 0.1210988 0.0619189 0.0386415 0.0000000 0.0082657 0.0500646 0.0920623 0.0068337 0.0061121 0.0219624 0.0651407 0.0047563 0.0000000 0.2667111 0.1023883 0.0558480 0.0000000 0.0569272 0.0000000
 72 R  72 0.1338473 0.1351201 0.0157397 0.0686299 0.0000000 0.0058815 0.0134677 0.0557654 0.0050197 0.0117766 0.0093301 0.1081939 0.0000000 0.0459102 0.0492586 0.1835814 0.1199634 0.0000000 0.0264509 0.0120635
 73 W  73 0.0174411 0.0000000 0.0050228 0.0185346 0.0000000 0.0000000 0.0000000 0.0000000 0.0116853 0.0000000 0.0000000 0.0000000 0.0000000 0.0247863 0.0000000 0.0427405 0.7606211 0.0401630 0.0736299 0.0053753
 74 W  74 0.0114714 0.0000000 0.0000000 0.0000000 0.0044490 0.0140385 0.0000000 0.0000000 0.0000000 0.0000000 0.3397857 0.0000000 0.0217160 0.0056168 0.0000000 0.0000000 0.0000000 0.5462276 0.0566951 0.0000000
 75 D  75 0.0936686 0.1864713 0.0311644 0.2134137 0.0000000 0.0672826 0.0542721 0.0180950 0.0131497 0.0350213 0.0414036 0.0932765 0.0035479 0.0080612 0.0443344 0.0296544 0.0320363 0.0056158 0.0216114 0.0079196
 76 A  76 0.1291883 0.1049660 0.0155439 0.1521252 0.0000000 0.0174672 0.1428325 0.1664389 0.0695607 0.0168999 0.0315267 0.0147072 0.0285996 0.0182004 0.0136407 0.0316596 0.0206898 0.0044732 0.0184635 0.0030166
 77 Y  77 0.1179762 0.0000000 0.0000000 0.0000000 0.0106754 0.0066608 0.0039721 0.0095819 0.0183118 0.0804670 0.3150105 0.0586051 0.0144535 0.0277169 0.0000000 0.0000000 0.0187261 0.0041333 0.1978009 0.1159086
 78 R  78 0.2515638 0.1398589 0.0061668 0.0000000 0.0000000 0.0868823 0.0101213 0.0247812 0.0086726 0.0340141 0.0435527 0.0901609 0.0318472 0.0000000 0.0073138 0.0473538 0.0386671 0.0000000 0.0102472 0.1687963
 79 K  79 0.0749421 0.2562548 0.0652273 0.0547838 0.0000000 0.0499996 0.0720980 0.0275922 0.0171101 0.0000000 0.0114147 0.2610860 0.0119458 0.0000000 0.0335752 0.0235962 0.0331611 0.0000000 0.0046275 0.0025855
 80 Q  80 0.0991892 0.2039598 0.0158269 0.0353954 0.0000000 0.1523685 0.1243206 0.0447364 0.0251007 0.0048485 0.0533539 0.1347472 0.0042781 0.0000000 0.0000000 0.0672906 0.0067052 0.0000000 0.0129992 0.0148796
 81 L  81 0.0581759 0.0251984 0.0085016 0.0000000 0.0000000 0.0119619 0.0044558 0.0096121 0.0030497 0.0514199 0.4802292 0.0114302 0.0947766 0.0116944 0.0000000 0.0200102 0.0307776 0.0000000 0.1463195 0.0323870
 82 G  82 0.0315947 0.0597465 0.0682449 0.0231715 0.0000000 0.0170331 0.0307096 0.5474040 0.0889877 0.0000000 0.0000000 0.0968639 0.0000000 0.0000000 0.0000000 0.0284383 0.0078057 0.0000000 0.0000000 0.0000000
 83 L  83 0.0280787 0.0102830 0.0074257 0.0048657 0.0000000 0.0000000 0.0230378 0.0000000 0.0000000 0.0804095 0.5394182 0.0046964 0.0000000 0.0572512 0.0928306 0.0237509 0.0291562 0.0000000 0.0130102 0.0857858
 84 K  84 0.0226608 0.0799866 0.0529926 0.0381645 0.0000000 0.0948449 0.0384721 0.0170773 0.0149622 0.0000000 0.0038156 0.1031975 0.0000000 0.0000000 0.2181695 0.1190226 0.1648484 0.0000000 0.0086623 0.0231230
 85 D  85 0.0341575 0.1040885 0.0311184 0.3539812 0.0000000 0.0042976 0.0000000 0.1931220 0.0000000 0.0051621 0.0680384 0.0048212 0.0093979 0.0000000 0.0118746 0.1537598 0.0061950 0.0000000 0.0000000 0.0199858
 86 F  86 0.0000000 0.0000000 0.0000000 0.0000000 0.0000000 0.0000000 0.0000000 0.0000000 0.0036448 0.0000000 0.0000000 0.0000000 0.0085788 0.9599518 0.0000000 0.0000000 0.0000000 0.0000000 0.0278246 0.0000000
 87 S  87 0.0422128 0.0000000 0.0408551 0.1322173 0.0000000 0.0213042 0.0986796 0.1433519 0.0000000 0.0035691 0.0000000 0.0047241 0.0000000 0.0000000 0.0000000 0.3103526 0.1964207 0.0000000 0.0000000 0.0063127
 88 P  88 0.0992227 0.0258599 0.0000000 0.0000000 0.0000000 0.0346009 0.0288415 0.0000000 0.0050344 0.0000000 0.0000000 0.0340229 0.0000000 0.0000000 0.7472337 0.0251841 0.0000000 0.0000000 0.0000000 0.0000000
 89 K  89 0.2353561 0.0370167 0.0302957 0.0709866 0.0000000 0.0791318 0.2769499 0.0202805 0.0283070 0.0149394 0.0470996 0.0749384 0.0000000 0.0000000 0.0046395 0.0193649 0.0253697 0.0000000 0.0072443 0.0280798
 90 S  90 0.0423009 0.0000000 0.1093252 0.0041381 0.0000000 0.0000000 0.0075607 0.0122615 0.0268023 0.0189393 0.1769893 0.0000000 0.0280037 0.0201848 0.0000000 0.2370525 0.1014351 0.0000000 0.0815528 0.1334539
 91 Q  91 0.0000000 0.0000000 0.0000000 0.0000000 0.0000000 1.0000000 0.0000000 0.0000000 0.0000000 0.0000000 0.0000000 0.0000000 0.0000000 0.0000000 0.0000000 0.0000000 0.0000000 0.0000000 0.0000000 0.0000000
 92 D  92 0.0000000 0.0043681 0.0618903 0.8970853 0.0000000 0.0000000 0.0366563 0.0000000 0.0000000 0.0000000 0.0000000 0.0000000 0.0000000 0.0000000 0.0000000 0.0000000 0.0000000 0.0000000 0.0000000 0.0000000
 93 A  93 0.1103453 0.3571104 0.0000000 0.0000000 0.0000000 0.1663953 0.0145427 0.0044247 0.0100369 0.0274455 0.1084424 0.0911452 0.0284038 0.0000000 0.0000000 0.0219829 0.0303290 0.0000000 0.0195476 0.0098482
 94 V  94 0.1923023 0.0000000 0.0000000 0.0000000 0.0000000 0.0000000 0.0000000 0.0451375 0.0000000 0.1280986 0.2885568 0.0000000 0.0878507 0.0306402 0.0000000 0.0000000 0.0070912 0.0317817 0.0457694 0.1427715
 95 A  95 0.6864858 0.0000000 0.0000000 0.0000000 0.0318673 0.0000000 0.0000000 0.1123590 0.0000000 0.0220661 0.0156270 0.0000000 0.0000000 0.0571678 0.0000000 0.0000000 0.0040267 0.0000000 0.0000000 0.0704003
 96 L  96 0.0165376 0.0178048 0.0221597 0.0595492 0.0059963 0.0126906 0.0267351 0.0055331 0.0238163 0.1371722 0.3688764 0.0000000 0.0083955 0.0119972 0.0000000 0.0134602 0.0061602 0.0000000 0.1234462 0.1396694
 97 Q  97 0.1127485 0.0562854 0.0183042 0.0171395 0.0080420 0.2071079 0.0952801 0.0113732 0.0832071 0.0336749 0.0474844 0.0424904 0.0130103 0.0662851 0.0000000 0.0254262 0.0042541 0.0297741 0.0813564 0.0467564
 98 Q  98 0.0000000 0.0000000 0.0000000 0.0080321 0.0000000 0.0823259 0.0000000 0.0000000 0.0071284 0.0748714 0.6679442 0.0218184 0.0132109 0.0000000 0.0000000 0.0000000 0.0000000 0.0802663 0.0444024 0.0000000
 99 I  99 0.0772040 0.0000000 0.0000000 0.0000000 0.0000000 0.0000000 0.0000000 0.0000000 0.0000000 0.3139261 0.4255982 0.0000000 0.0573593 0.0139453 0.0000000 0.0000000 0.0168067 0.0000000 0.0000000 0.0951604
100 K 100 0.0427688 0.2732536 0.0813617 0.0462497 0.0030120 0.0875881 0.1272599 0.0130301 0.0100978 0.0061946 0.0200648 0.1890865 0.0072342 0.0043681 0.0000000 0.0312410 0.0362382 0.0000000 0.0000000 0.0209510
101 E 101 0.0333641 0.2260590 0.0066823 0.2079589 0.0047775 0.0695458 0.2651953 0.0260879 0.0000000 0.0071036 0.0052245 0.0897086 0.0000000 0.0000000 0.0000000 0.0154398 0.0139703 0.0000000 0.0060277 0.0228546
102 R 102 0.1818595 0.5204155 0.0099157 0.0052999 0.0342375 0.0472874 0.0061989 0.0000000 0.0343828 0.0070803 0.0101806 0.0487853 0.0000000 0.0000000 0.0388426 0.0262816 0.0194421 0.0000000 0.0000000 0.0097903
103 G 103 0.0089787 0.0883680 0.0745307 0.0139000 0.0000000 0.0168725 0.0208172 0.5440064 0.0219935 0.0000000 0.0036959 0.1215530 0.0000000 0.0000000 0.0423996 0.0075576 0.0257506 0.0000000 0.0000000 0.0095766
104 A 104 0.5933041 0.0000000 0.0114623 0.0000000 0.0064491 0.0452445 0.0079665 0.0307362 0.0124051 0.0197379 0.0348358 0.0163901 0.0178923 0.0518511 0.0000000 0.0387902 0.0051792 0.0000000 0.0393846 0.0683709
105 L 105 0.0211892 0.0000000 0.0235285 0.0121708 0.0000000 0.0000000 0.0000000 0.0188954 0.0000000 0.1110359 0.5086790 0.0000000 0.0127288 0.0287329 0.0000000 0.0000000 0.0130857 0.1116461 0.0921204 0.0461873
106 P 106 0.1060910 0.0074285 0.0331358 0.1938374 0.0000000 0.0696522 0.1228153 0.1156980 0.0328426 0.0000000 0.0000000 0.0561635 0.0182473 0.0000000 0.1118349 0.1053720 0.0198278 0.0070539 0.0000000 0.0000000
107 M 107 0.1057032 0.0578730 0.0220054 0.2224383 0.0000000 0.0374190 0.1057613 0.0146108 0.0034637 0.0000000 0.2169635 0.0346595 0.0460847 0.0205246 0.0157165 0.0334894 0.0049804 0.0193691 0.0320748 0.0068628
108 I 108 0.0566014 0.0000000 0.0000000 0.0000000 0.0000000 0.0057792 0.0000000 0.0000000 0.0000000 0.2848640 0.1181264 0.0000000 0.0165586 0.1591160 0.0000000 0.0000000 0.0342001 0.0350632 0.0707123 0.2189788
109 D 109 0.0280051 0.1421214 0.0089893 0.1872160 0.0000000 0.0943320 0.0498657 0.0142859 0.0117493 0.0671148 0.1364836 0.1291291 0.0512216 0.0000000 0.0092501 0.0000000 0.0088497 0.0000000 0.0000000 0.0613863
110 R 110 0.2961653 0.0991911 0.0550199 0.0302860 0.0000000 0.1115580 0.0963629 0.0541882 0.0000000 0.0000000 0.0117522 0.0608907 0.0000000 0.0000000 0.0063976 0.1086332 0.0488349 0.0000000 0.0000000 0.0207201
111 G 111 0.0147122 0.0031328 0.0128713 0.0281472 0.0000000 0.0094785 0.0043362 0.8686075 0.0146129 0.0000000 0.0000000 0.0064352 0.0000000 0.0000000 0.0090831 0.0201560 0.0084270 0.0000000 0.0000000 0.0000000
112 D 112 0.0168530 0.2377882 0.0752229 0.1725436 0.0000000 0.1043109 0.0786202 0.0144870 0.0077667 0.0116816 0.0628960 0.1151611 0.0000000 0.0158306 0.0233916 0.0203990 0.0143283 0.0000000 0.0035161 0.0252032
113 I 113 0.0144524 0.0127815 0.0083344 0.0055258 0.0000000 0.0000000 0.0000000 0.0000000 0.0000000 0.3578039 0.2238492 0.0000000 0.0742800 0.1115571 0.0048970 0.0128723 0.0858753 0.0115724 0.0053941 0.0708048
114 R 114 0.1141593 0.1316192 0.0223477 0.1371242 0.0031660 0.0204698 0.1689980 0.0199352 0.0199351 0.0000000 0.0135405 0.0410081 0.0085221 0.0000000 0.0341263 0.1403102 0.1166337 0.0000000 0.0000000 0.0081044
115 Q 115 0.0586588 0.1621933 0.0064822 0.1351915 0.0037871 0.0992084 0.1833548 0.0262145 0.0169939 0.0136741 0.0243747 0.0520569 0.0056831 0.0000000 0.0546643 0.0639354 0.0833435 0.0000000 0.0000000 0.0101835
116 A 116 0.5523369 0.0000000 0.0071203 0.0000000 0.0000000 0.0336262 0.0058141 0.0157795 0.0031972 0.0098583 0.0150362 0.0076691 0.0089252 0.2045236 0.0000000 0.0044106 0.0000000 0.0000000 0.0220417 0.1096610
117 I 117 0.1052001 0.0141747 0.0061469 0.0000000 0.0124509 0.0344443 0.0061235 0.0290388 0.0000000 0.2090919 0.2252328 0.0000000 0.1784657 0.0232771 0.0000000 0.0000000 0.0404305 0.0000000 0.0062315 0.1096912
118 D 118 0.2125654 0.1324664 0.1049646 0.0673123 0.0059377 0.0278588 0.0568249 0.0191545 0.0965434 0.0000000 0.0721356 0.0584837 0.0053337 0.0000000 0.0038759 0.0608714 0.0378809 0.0000000 0.0377908 0.0000000
119 R 119 0.1676441 0.1842332 0.1632644 0.0054288 0.0106726 0.0219516 0.0263654 0.0543230 0.0082803 0.0051554 0.0705915 0.2432978 0.0077170 0.0000000 0.0000000 0.0229520 0.0000000 0.0000000 0.0000000 0.0081228
120 C 120 0.0636981 0.0000000 0.0000000 0.0040088 0.1572714 0.0000000 0.0000000 0.0050856 0.0000000 0.0102807 0.6228795 0.0000000 0.0254968 0.0000000 0.0000000 0.0085429 0.0387657 0.0062664 0.0000000 0.0577040
121 S 121 0.4215931 0.1520796 0.0379870 0.0000000 0.0034470 0.0085433 0.0000000 0.0417930 0.0000000 0.0000000 0.0000000 0.0421650 0.0000000 0.0000000 0.0000000 0.2829990 0.0040739 0.0000000 0.0053191 0.0000000
122 N 122 0.0312224 0.1126986 0.1805390 0.0166323 0.0000000 0.0571537 0.0000000 0.1022644 0.0101948 0.0044946 0.0244556 0.1682338 0.0467869 0.0067882 0.1322780 0.0589618 0.0115607 0.0051864 0.0228545 0.0076943
123 I 123 0.0000000 0.0382405 0.0000000 0.0000000 0.0000000 0.0272065 0.4129285 0.0000000 0.0000000 0.3179169 0.0081840 0.0000000 0.0039252 0.0000000 0.0000000 0.0101948 0.1087195 0.0000000 0.0000000 0.0726841
124 W 124 0.0000000 0.0000000 0.0000000 0.0000000 0.0000000 0.0000000 0.0000000 0.0000000 0.0000000 0.0000000 0.0000000 0.0000000 0.0000000 0.0186823 0.0000000 0.0000000 0.0000000 0.9683478 0.0129698 0.0000000
125 A 125 0.7633007 0.0088555 0.0000000 0.0000000 0.0000000 0.0000000 0.0362382 0.0000000 0.0000000 0.0039574 0.0000000 0.0000000 0.0000000 0.0000000 0.0224283 0.0314221 0.1116398 0.0000000 0.0000000 0.0221580
126 S 126 0.0341923 0.0000000 0.0000000 0.0000000 0.0095893 0.0000000 0.0000000 0.1823675 0.0000000 0.0000000 0.0000000 0.0000000 0.0000000 0.0000000 0.0000000 0.7579727 0.0076943 0.0000000 0.0081840 0.0000000
127 L 127 0.0000000 0.0000000 0.0000000 0.0000000 0.0000000 0.0000000 0.0000000 0.0000000 0.0000000 0.0227615 0.6841335 0.0000000 0.0142627 0.2326023 0.0000000 0.0000000 0.0000000 0.0000000 0.0000000 0.0462399
128 P 128 0.0510467 0.0106334 0.0000000 0.0000000 0.0000000 0.0124450 0.0049498 0.0183788 0.0000000 0.0305426 0.0000000 0.0450872 0.0000000 0.0000000 0.8097976 0.0000000 0.0095925 0.0000000 0.0000000 0.0075265
129 G 129 0.0133189 0.0249362 0.0615190 0.0496221 0.0066963 0.0000000 0.0079934 0.3615889 0.0097598 0.0000000 0.0115288 0.0483520 0.0161546 0.0000000 0.0489587 0.0700629 0.1523377 0.0000000 0.0000000 0.1171708
130 A 130 0.2617511 0.0308624 0.0373797 0.0437098 0.0000000 0.0000000 0.0142574 0.0737646 0.0114151 0.0000000 0.0956520 0.0080828 0.0000000 0.0121525 0.0605061 0.2480613 0.0172405 0.0098690 0.0251713 0.0501243
131 G 131 0.1055879 0.0406670 0.0236624 0.0290140 0.0000000 0.0292447 0.0109284 0.3304154 0.0161382 0.0000000 0.0000000 0.0089886 0.0056735 0.0403422 0.0683498 0.1373827 0.0594164 0.0000000 0.0826012 0.0115877
132 Y 132 0.0168602 0.0000000 0.0080784 0.0689679 0.0000000 0.0267612 0.0675828 0.0776231 0.0437892 0.0000000 0.0150092 0.0231210 0.0000000 0.0000000 0.0173702 0.0343729 0.0544771 0.0000000 0.5368974 0.0090894
133 G 133 0.0509024 0.0377243 0.0964200 0.0313515 0.0123173 0.0202972 0.0000000 0.5818386 0.0142770 0.0175224 0.0000000 0.0430194 0.0107014 0.0000000 0.0000000 0.0149269 0.0507285 0.0000000 0.0116445 0.0063285
134 Q 134 0.0313012 0.0549107 0.0000000 0.0162514 0.0000000 0.5226911 0.0381452 0.0090243 0.0191852 0.0917713 0.0088902 0.0478567 0.0173532 0.0093105 0.0075869 0.0823629 0.0064231 0.0000000 0.0224085 0.0145275
135 F 135 0.0584375 0.1001559 0.0214002 0.0000000 0.0000000 0.0233993 0.0851763 0.1621751 0.0951141 0.0000000 0.0374179 0.0276150 0.0000000 0.0295219 0.2437911 0.0642921 0.0000000 0.0000000 0.0338294 0.0176743
136 E 136 0.0744920 0.0273859 0.0272510 0.0848641 0.0000000 0.0222727 0.2003108 0.0725321 0.0172350 0.0114514 0.0000000 0.0440641 0.0000000 0.0218508 0.0183780 0.0660487 0.0545966 0.0000000 0.1337123 0.1235546
137 H 137 0.0255371 0.1361596 0.1712362 0.0240933 0.0068575 0.0316748 0.0399383 0.0102089 0.2361618 0.0000000 0.0081387 0.1790196 0.0075688 0.0000000 0.0000000 0.0085930 0.0075140 0.0000000 0.0384149 0.0688835
138 K 138 0.0315159 0.1858515 0.0401464 0.0240259 0.0000000 0.0601951 0.0194542 0.0705696 0.0141836 0.0058216 0.0184166 0.1353341 0.0236465 0.0087825 0.0166552 0.2244542 0.1066648 0.0000000 0.0058209 0.0084614
139 A 139 0.0764076 0.0218309 0.0089796 0.0346290 0.0000000 0.0208541 0.0052359 0.0153976 0.0655349 0.1154504 0.1680061 0.0121349 0.1507587 0.0750591 0.0084737 0.0128115 0.0138498 0.0208481 0.1165015 0.0572366
140 D 140 0.2197947 0.0034150 0.0000000 0.1787271 0.0000000 0.0511179 0.1450860 0.0226323 0.0186814 0.0045720 0.0286331 0.0287785 0.0059911 0.0000000 0.0163121 0.0858496 0.1045570 0.0000000 0.0000000 0.0858521
141 S 141 0.0605891 0.0903618 0.0299759 0.0849532 0.0000000 0.0697000 0.1350339 0.1064568 0.0409964 0.0224716 0.0095675 0.1037030 0.0606792 0.0126519 0.0263711 0.0415257 0.0885548 0.0000000 0.0048252 0.0115829
142 L 142 0.0337901 0.1277861 0.0698228 0.0044535 0.0222079 0.0000000 0.0039318 0.0255929 0.0218450 0.0572944 0.4112465 0.0090966 0.0297184 0.0234482 0.0000000 0.0282065 0.0584441 0.0000000 0.0260316 0.0470834
143 I 143 0.0448104 0.1601071 0.0245094 0.0192192 0.0000000 0.0364189 0.0459935 0.1230062 0.0058800 0.0518685 0.2140608 0.1186153 0.0270452 0.0000000 0.0048245 0.0208869 0.0132966 0.0508273 0.0068909 0.0317393
144 A 144 0.3543101 0.0364198 0.0372851 0.0214701 0.0000000 0.1178125 0.1013879 0.0310085 0.0057913 0.0000000 0.0000000 0.0418393 0.0000000 0.0000000 0.0869650 0.1063921 0.0305844 0.0000000 0.0000000 0.0287339
145 K 145 0.1521127 0.0247393 0.0132407 0.0205486 0.0044762 0.0371415 0.0042140 0.0038190 0.0399934 0.0543029 0.0284115 0.0965252 0.0089919 0.1527074 0.0000000 0.1772211 0.0566503 0.0157881 0.0121149 0.0970012
146 F 146 0.0000000 0.0025524 0.0000000 0.0000000 0.0000000 0.0000000 0.0000000 0.0000000 0.0000000 0.0839069 0.0000000 0.0000000 0.0000000 0.2603144 0.0000000 0.0000000 0.0000000 0.0470126 0.5690589 0.0371548
147 K 147 0.0241747 0.1209036 0.0430724 0.0634711 0.0000000 0.0926886 0.1117429 0.0000000 0.0039358 0.0341591 0.0505807 0.0743852 0.0000000 0.0000000 0.0000000 0.0690881 0.0394420 0.0000000 0.2384724 0.0338835
148 E 148 0.2469512 0.0901590 0.0174963 0.0328993 0.0000000 0.1348072 0.1083001 0.0143540 0.0128826 0.0000000 0.0410014 0.1806467 0.0000000 0.0121119 0.0000000 0.0339829 0.0252686 0.0163621 0.0000000 0.0327767
149 A 149 0.2541098 0.0181712 0.1803294 0.0000000 0.0255471 0.0045594 0.0072112 0.2135523 0.0089909 0.0000000 0.0194495 0.0164196 0.0134609 0.0610137 0.0000000 0.0556199 0.0000000 0.0000000 0.1161996 0.0053654
150 G 150 0.0000000 0.0000000 0.0090264 0.1958848 0.0000000 0.0000000 0.0000000 0.4467250 0.0000000 0.0159142 0.2931302 0.0203340 0.0189854 0.0000000 0.0000000 0.0000000 0.0000000 0.0000000 0.0000000 0.0000000
151 G 151 0.1818683 0.0159635 0.0087251 0.0000000 0.0000000 0.0289591 0.0099916 0.6324755 0.0063722 0.0000000 0.0047207 0.0453208 0.0000000 0.0000000 0.0109424 0.0416379 0.0070484 0.0000000 0.0000000 0.0059745
152 T 152 0.0216821 0.0691317 0.0462899 0.0000000 0.0094412 0.1631712 0.1249988 0.0279449 0.0000000 0.0409703 0.1227864 0.0335510 0.0170653 0.0000000 0.0000000 0.0087419 0.1302782 0.0000000 0.0074543 0.1764928
153 V 153 0.0415335 0.0000000 0.2239002 0.0304771 0.0137369 0.0000000 0.0413569 0.0000000 0.0000000 0.0615877 0.2999898 0.0000000 0.0305348 0.0000000 0.0420346 0.0000000 0.0328541 0.0000000 0.0000000 0.1819945
154 R 154 0.0460536 0.3642933 0.0577628 0.0000000 0.0000000 0.0709831 0.0000000 0.0000000 0.0000000 0.0117556 0.0084939 0.3243502 0.0000000 0.0000000 0.0000000 0.0111769 0.0699078 0.0000000 0.0000000 0.0352227
155 E 155 0.4611812 0.0478812 0.0000000 0.0931325 0.0000000 0.1842740 0.1205650 0.0182875 0.0000000 0.0000000 0.0000000 0.0135853 0.0000000 0.0000000 0.0000000 0.0269687 0.0184938 0.0000000 0.0000000 0.0156308
156 I 156 0.0327037 0.0000000 0.0000000 0.0000000 0.0000000 0.0268902 0.0000000 0.0000000 0.0000000 0.4181678 0.4312752 0.0000000 0.0000000 0.0000000 0.0000000 0.0000000 0.0000000 0.0000000 0.0000000 0.0909631
157 D 157 0.0000000 0.0000000 0.4280456 0.1411878 0.0000000 0.1257083 0.1364660 0.0000000 0.0000000 0.0000000 0.0000000 0.0000000 0.0000000 0.0000000 0.0000000 0.1685923 0.0000000 0.0000000 0.0000000 0.0000000
158 V 158 0.0000000 0.0000000 0.0000000 0.0000000 0.0000000 0.0000000 0.0000000 0.0000000 0.0000000 0.5394615 0.0000000 0.0000000 0.0000000 0.0000000 0.0000000 0.0000000 0.0000000 0.0000000 0.0000000 0.4605385
