  102         A         R         N         D         C         Q         E         G         H         I         L         K         M         F         P         S         T         W         Y         V    
  1 M   1 0.0000000 0.0000000 0.0000000 0.0000000 0.0000000 0.0000000 0.0000000 0.0000000 0.0000000 0.0000000 0.0000000 0.0000000 1.0000000 0.0000000 0.0000000 0.0000000 0.0000000 0.0000000 0.0000000 0.0000000
  2 Y   2 0.0000000 0.0000000 0.0000000 0.0000000 0.0000000 0.0000000 0.0000000 0.0000000 0.0000000 0.0000000 0.0000000 0.0000000 0.0000000 0.0000000 0.0000000 0.0000000 0.0000000 0.0000000 1.0000000 0.0000000
  3 G   3 0.0000000 0.0000000 0.0000000 0.0000000 0.0000000 0.0000000 0.0000000 1.0000000 0.0000000 0.0000000 0.0000000 0.0000000 0.0000000 0.0000000 0.0000000 0.0000000 0.0000000 0.0000000 0.0000000 0.0000000
  4 K   4 0.0000000 0.0000000 0.0000000 0.0000000 0.0000000 0.0000000 0.0000000 0.0000000 0.0000000 0.0000000 0.0000000 1.0000000 0.0000000 0.0000000 0.0000000 0.0000000 0.0000000 0.0000000 0.0000000 0.0000000
  5 L   5 0.0000000 0.0000000 0.0000000 0.0000000 0.0000000 0.0000000 0.0000000 0.0000000 0.0000000 0.0000000 1.0000000 0.0000000 0.0000000 0.0000000 0.0000000 0.0000000 0.0000000 0.0000000 0.0000000 0.0000000
  6 N   6 0.0000000 0.0000000 1.0000000 0.0000000 0.0000000 0.0000000 0.0000000 0.0000000 0.0000000 0.0000000 0.0000000 0.0000000 0.0000000 0.0000000 0.0000000 0.0000000 0.0000000 0.0000000 0.0000000 0.0000000
  7 D   7 0.0000000 0.0000000 0.0000000 0.1515352 0.0000000 0.2691413 0.0554453 0.0000000 0.1559618 0.0000000 0.0000000 0.3679164 0.0000000 0.0000000 0.0000000 0.0000000 0.0000000 0.0000000 0.0000000 0.0000000
  8 L   8 0.0000000 0.0000000 0.0000000 0.0000000 0.0000000 0.0000000 0.0000000 0.0000000 0.0000000 0.1549588 0.6824415 0.0000000 0.1056414 0.0569582 0.0000000 0.0000000 0.0000000 0.0000000 0.0000000 0.0000000
  9 L   9 0.0000000 0.0000000 0.0000000 0.0000000 0.0000000 0.0000000 0.0000000 0.0000000 0.0000000 0.2119170 0.4090364 0.0000000 0.2541912 0.0585080 0.0000000 0.0000000 0.0000000 0.0000000 0.0000000 0.0663474
 10 E  10 0.0000000 0.0000000 0.2125732 0.0000000 0.0000000 0.2140797 0.2678253 0.0000000 0.1099009 0.0000000 0.0000000 0.1956208 0.0000000 0.0000000 0.0000000 0.0000000 0.0000000 0.0000000 0.0000000 0.0000000
 11 D  11 0.0000000 0.0000000 0.0585080 0.2069805 0.0000000 0.1992621 0.2625503 0.0000000 0.2213062 0.0000000 0.0000000 0.0513929 0.0000000 0.0000000 0.0000000 0.0000000 0.0000000 0.0000000 0.0000000 0.0000000
 12 L  12 0.0000000 0.0000000 0.0000000 0.0000000 0.0000000 0.0000000 0.0000000 0.0000000 0.0000000 0.2675120 0.6283586 0.0000000 0.1041294 0.0000000 0.0000000 0.0000000 0.0000000 0.0000000 0.0000000 0.0000000
 13 Q  13 0.0000000 0.0000000 0.1065417 0.1557780 0.0000000 0.2603744 0.2584125 0.0000000 0.0523056 0.0000000 0.0000000 0.1665879 0.0000000 0.0000000 0.0000000 0.0000000 0.0000000 0.0000000 0.0000000 0.0000000
 14 E  14 0.0000000 0.0000000 0.0000000 0.3076441 0.0000000 0.0000000 0.4851224 0.0000000 0.2072336 0.0000000 0.0000000 0.0000000 0.0000000 0.0000000 0.0000000 0.0000000 0.0000000 0.0000000 0.0000000 0.0000000
 15 V  15 0.0000000 0.0000000 0.0000000 0.0000000 0.0000000 0.0000000 0.0000000 0.0000000 0.0000000 0.1588473 0.4388420 0.0000000 0.1031883 0.1475872 0.0000000 0.0000000 0.0000000 0.0000000 0.0000000 0.1515352
 16 L  16 0.0000000 0.0000000 0.0000000 0.0000000 0.0000000 0.0000000 0.0000000 0.0000000 0.0000000 0.1098928 0.6704760 0.0000000 0.0527365 0.0000000 0.0000000 0.0000000 0.0000000 0.0000000 0.0000000 0.1668947
 17 K  17 0.0000000 0.0000000 0.1573264 0.1041866 0.0000000 0.2202215 0.1046104 0.0000000 0.0569582 0.0000000 0.0000000 0.3566969 0.0000000 0.0000000 0.0000000 0.0000000 0.0000000 0.0000000 0.0000000 0.0000000
 18 N  18 0.0000000 0.0000000 0.0995761 0.0585080 0.0000000 0.4314876 0.0569582 0.0000000 0.1984008 0.0000000 0.0000000 0.1550693 0.0000000 0.0000000 0.0000000 0.0000000 0.0000000 0.0000000 0.0000000 0.0000000
 19 L  19 0.0000000 0.0000000 0.0000000 0.0000000 0.0000000 0.0000000 0.0000000 0.0000000 0.0000000 0.0000000 0.6959783 0.0000000 0.1034789 0.0461024 0.0000000 0.0000000 0.0000000 0.0000000 0.0000000 0.1544404
 20 H  20 0.0000000 0.0000000 0.5324351 0.1562712 0.0000000 0.0000000 0.0000000 0.0000000 0.3112937 0.0000000 0.0000000 0.0000000 0.0000000 0.0000000 0.0000000 0.0000000 0.0000000 0.0000000 0.0000000 0.0000000
 21 K  21 0.0000000 0.0000000 0.0000000 0.0000000 0.0000000 0.0999928 0.0000000 0.0000000 0.0000000 0.0000000 0.0000000 0.9000072 0.0000000 0.0000000 0.0000000 0.0000000 0.0000000 0.0000000 0.0000000 0.0000000
 22 N  22 0.0000000 0.0000000 0.9000072 0.0000000 0.0000000 0.0000000 0.0000000 0.0000000 0.0999928 0.0000000 0.0000000 0.0000000 0.0000000 0.0000000 0.0000000 0.0000000 0.0000000 0.0000000 0.0000000 0.0000000
 23 W  23 0.0000000 0.0000000 0.0000000 0.0000000 0.0000000 0.0000000 0.0000000 0.0000000 0.0000000 0.0000000 0.0000000 0.0000000 0.0000000 0.0000000 0.0000000 0.0000000 0.0000000 1.0000000 0.0000000 0.0000000
 24 H  24 0.0000000 0.0499427 0.0000000 0.0000000 0.0000000 0.0999928 0.0000000 0.0000000 0.8500645 0.0000000 0.0000000 0.0000000 0.0000000 0.0000000 0.0000000 0.0000000 0.0000000 0.0000000 0.0000000 0.0000000
 25 G  25 0.0000000 0.2290420 0.0541381 0.0569582 0.0000000 0.0527365 0.0974953 0.3572112 0.1524187 0.0000000 0.0000000 0.0000000 0.0000000 0.0000000 0.0000000 0.0000000 0.0000000 0.0000000 0.0000000 0.0000000
 26 G  26 0.0000000 0.0974953 0.1071840 0.1060191 0.0000000 0.0499427 0.2077871 0.1515352 0.0663474 0.0000000 0.0000000 0.1124035 0.0000000 0.0000000 0.0000000 0.1012857 0.0000000 0.0000000 0.0000000 0.0000000
 27 K  27 0.0000000 0.1614643 0.0000000 0.0527365 0.0000000 0.2162829 0.0569582 0.1567297 0.0489398 0.0000000 0.0000000 0.0515424 0.0000000 0.0000000 0.0000000 0.2553462 0.0000000 0.0000000 0.0000000 0.0000000
 28 D  28 0.0000000 0.2624326 0.0518809 0.0515424 0.0000000 0.0000000 0.1022822 0.2653274 0.0569582 0.0000000 0.0000000 0.1541309 0.0000000 0.0000000 0.0000000 0.0554453 0.0000000 0.0000000 0.0000000 0.0000000
 29 N  29 0.0000000 0.0000000 1.0000000 0.0000000 0.0000000 0.0000000 0.0000000 0.0000000 0.0000000 0.0000000 0.0000000 0.0000000 0.0000000 0.0000000 0.0000000 0.0000000 0.0000000 0.0000000 0.0000000 0.0000000
 30 L  30 0.0000000 0.0000000 0.0000000 0.0000000 0.0000000 0.0000000 0.0000000 0.0000000 0.0000000 0.0000000 0.9000072 0.0000000 0.0999928 0.0000000 0.0000000 0.0000000 0.0000000 0.0000000 0.0000000 0.0000000
 31 H  31 0.0000000 0.0000000 0.0999928 0.0000000 0.0000000 0.0000000 0.0000000 0.0000000 0.9000072 0.0000000 0.0000000 0.0000000 0.0000000 0.0000000 0.0000000 0.0000000 0.0000000 0.0000000 0.0000000 0.0000000
 32 D  32 0.0000000 0.0000000 0.0000000 0.9000072 0.0000000 0.0000000 0.0000000 0.0000000 0.0000000 0.0000000 0.0000000 0.0999928 0.0000000 0.0000000 0.0000000 0.0000000 0.0000000 0.0000000 0.0000000 0.0000000
 33 V  33 0.0000000 0.0000000 0.0000000 0.0000000 0.0000000 0.0000000 0.0000000 0.0000000 0.0000000 0.2189210 0.4411565 0.0000000 0.1149531 0.0626658 0.0000000 0.0000000 0.0000000 0.0000000 0.0000000 0.1623037
 34 D  34 0.0000000 0.0000000 0.0663474 0.3957864 0.0000000 0.0000000 0.1607564 0.0000000 0.1627986 0.0000000 0.0000000 0.2143112 0.0000000 0.0000000 0.0000000 0.0000000 0.0000000 0.0000000 0.0000000 0.0000000
 35 N  35 0.0000000 0.0000000 0.1034234 0.1099009 0.0000000 0.2229667 0.1483507 0.0000000 0.3664185 0.0000000 0.0000000 0.0489398 0.0000000 0.0000000 0.0000000 0.0000000 0.0000000 0.0000000 0.0000000 0.0000000
 36 H  36 0.0000000 0.0000000 0.1083867 0.0000000 0.0000000 0.1671175 0.3214042 0.0000000 0.2475122 0.0000000 0.0000000 0.1555795 0.0000000 0.0000000 0.0000000 0.0000000 0.0000000 0.0000000 0.0000000 0.0000000
 37 L  37 0.0000000 0.0000000 0.0000000 0.0000000 0.0000000 0.0000000 0.0000000 0.0000000 0.0000000 0.1144693 0.7197443 0.0000000 0.0514470 0.0000000 0.0000000 0.0000000 0.0000000 0.0000000 0.0000000 0.1143393
 38 Q  38 0.0000000 0.0000000 0.0499427 0.2641356 0.0000000 0.2523560 0.2137355 0.0000000 0.0585080 0.0000000 0.0000000 0.1613222 0.0000000 0.0000000 0.0000000 0.0000000 0.0000000 0.0000000 0.0000000 0.0000000
 39 N  39 0.0000000 0.0000000 0.3992444 0.0000000 0.0000000 0.3862453 0.0518809 0.0000000 0.1071840 0.0000000 0.0000000 0.0554453 0.0000000 0.0000000 0.0000000 0.0000000 0.0000000 0.0000000 0.0000000 0.0000000
 40 V  40 0.0000000 0.0000000 0.0000000 0.0000000 0.0000000 0.0000000 0.0000000 0.0000000 0.0000000 0.0499427 0.4328536 0.0000000 0.1546881 0.1567319 0.0000000 0.0000000 0.0000000 0.0000000 0.0000000 0.2057838
 41 I  41 0.0000000 0.0000000 0.0000000 0.0000000 0.0000000 0.0000000 0.0000000 0.0000000 0.0000000 0.3029627 0.2120274 0.0000000 0.1991782 0.1204855 0.0000000 0.0000000 0.0000000 0.0000000 0.0000000 0.1653462
 42 E  42 0.0000000 0.0000000 0.0569582 0.1024825 0.0000000 0.1205959 0.2570663 0.0000000 0.1492791 0.0000000 0.0000000 0.3136181 0.0000000 0.0000000 0.0000000 0.0000000 0.0000000 0.0000000 0.0000000 0.0000000
 43 D  43 0.0000000 0.0000000 0.2108340 0.3068951 0.0000000 0.0997737 0.1746984 0.0000000 0.2077988 0.0000000 0.0000000 0.0000000 0.0000000 0.0000000 0.0000000 0.0000000 0.0000000 0.0000000 0.0000000 0.0000000
 44 I  44 0.0000000 0.0000000 0.0000000 0.0000000 0.0000000 0.0000000 0.0000000 0.0000000 0.0000000 0.1515352 0.4138797 0.0000000 0.0461024 0.2237735 0.0000000 0.0000000 0.0000000 0.0000000 0.0000000 0.1647091
 45 H  45 0.0000000 0.0000000 0.1069850 0.2123417 0.0000000 0.1133846 0.0000000 0.0000000 0.3586269 0.0000000 0.0000000 0.2086618 0.0000000 0.0000000 0.0000000 0.0000000 0.0000000 0.0000000 0.0000000 0.0000000
 46 D  46 0.0000000 0.0000000 0.2151399 0.3615406 0.0000000 0.0000000 0.0000000 0.0000000 0.4233195 0.0000000 0.0000000 0.0000000 0.0000000 0.0000000 0.0000000 0.0000000 0.0000000 0.0000000 0.0000000 0.0000000
 47 F  47 0.0000000 0.0000000 0.0000000 0.0000000 0.0000000 0.0000000 0.0000000 0.0000000 0.0000000 0.0000000 0.0000000 0.0000000 0.0000000 1.0000000 0.0000000 0.0000000 0.0000000 0.0000000 0.0000000 0.0000000
 48 M  48 0.0000000 0.0000000 0.0000000 0.0000000 0.0000000 0.0000000 0.0000000 0.0000000 0.0000000 0.0000000 0.0000000 0.0000000 1.0000000 0.0000000 0.0000000 0.0000000 0.0000000 0.0000000 0.0000000 0.0000000
 49 Q  49 0.0000000 0.0000000 0.0000000 0.0000000 0.0000000 1.0000000 0.0000000 0.0000000 0.0000000 0.0000000 0.0000000 0.0000000 0.0000000 0.0000000 0.0000000 0.0000000 0.0000000 0.0000000 0.0000000 0.0000000
 50 G  50 0.0000000 0.0000000 0.0000000 0.0000000 0.0000000 0.0000000 0.0000000 1.0000000 0.0000000 0.0000000 0.0000000 0.0000000 0.0000000 0.0000000 0.0000000 0.0000000 0.0000000 0.0000000 0.0000000 0.0000000
 51 G  51 0.0000000 0.0489398 0.1186530 0.0544476 0.0000000 0.0000000 0.1096947 0.1515352 0.1588590 0.0000000 0.0000000 0.3578708 0.0000000 0.0000000 0.0000000 0.0000000 0.0000000 0.0000000 0.0000000 0.0000000
 52 G  52 0.0000000 0.2068996 0.0000000 0.0523056 0.0000000 0.1162901 0.2099161 0.1515352 0.0544476 0.0000000 0.0000000 0.1055452 0.0000000 0.0000000 0.0000000 0.1030606 0.0000000 0.0000000 0.0000000 0.0000000
 53 S  53 0.0000000 0.1008207 0.1649518 0.2104261 0.0000000 0.0542485 0.0544476 0.1081818 0.1083511 0.0000000 0.0000000 0.0470372 0.0000000 0.0000000 0.0000000 0.1515352 0.0000000 0.0000000 0.0000000 0.0000000
 54 G  54 0.0000000 0.0480336 0.2133135 0.2235460 0.0000000 0.0000000 0.0585080 0.2504177 0.1036985 0.0000000 0.0000000 0.0000000 0.0000000 0.0000000 0.0000000 0.1024825 0.0000000 0.0000000 0.0000000 0.0000000
 55 G  55 0.0000000 0.0000000 0.0000000 0.0000000 0.0000000 0.0000000 0.0000000 1.0000000 0.0000000 0.0000000 0.0000000 0.0000000 0.0000000 0.0000000 0.0000000 0.0000000 0.0000000 0.0000000 0.0000000 0.0000000
 56 K  56 0.0000000 0.0000000 0.0000000 0.0000000 0.0000000 0.0000000 0.0000000 0.0000000 0.0000000 0.0000000 0.0000000 1.0000000 0.0000000 0.0000000 0.0000000 0.0000000 0.0000000 0.0000000 0.0000000 0.0000000
 57 L  57 0.0000000 0.0000000 0.0000000 0.0000000 0.0000000 0.0000000 0.0000000 0.0000000 0.0000000 0.0000000 1.0000000 0.0000000 0.0000000 0.0000000 0.0000000 0.0000000 0.0000000 0.0000000 0.0000000 0.0000000
 58 Q  58 0.0000000 0.0000000 0.0000000 0.0000000 0.0000000 1.0000000 0.0000000 0.0000000 0.0000000 0.0000000 0.0000000 0.0000000 0.0000000 0.0000000 0.0000000 0.0000000 0.0000000 0.0000000 0.0000000 0.0000000
 59 E  59 0.0000000 0.0000000 0.3254801 0.1579346 0.0000000 0.2564644 0.2059828 0.0000000 0.0000000 0.0000000 0.0000000 0.0541381 0.0000000 0.0000000 0.0000000 0.0000000 0.0000000 0.0000000 0.0000000 0.0000000
 60 M  60 0.0000000 0.0000000 0.0000000 0.0000000 0.0000000 0.0000000 0.0000000 0.0000000 0.0000000 0.2373428 0.2198315 0.0000000 0.3165480 0.1114770 0.0000000 0.0000000 0.0000000 0.0000000 0.0000000 0.1148008
 61 M  61 0.0000000 0.0000000 0.0000000 0.0000000 0.0000000 0.0000000 0.0000000 0.0000000 0.0000000 0.2674684 0.4194104 0.0000000 0.2546131 0.0000000 0.0000000 0.0000000 0.0000000 0.0000000 0.0000000 0.0585080
 62 K  62 0.0000000 0.0000000 0.1473699 0.1077509 0.0000000 0.1043903 0.0000000 0.0000000 0.2123643 0.0000000 0.0000000 0.4281246 0.0000000 0.0000000 0.0000000 0.0000000 0.0000000 0.0000000 0.0000000 0.0000000
 63 E  63 0.0000000 0.0000000 0.0000000 0.1040808 0.0000000 0.3112716 0.4753837 0.0000000 0.0569582 0.0000000 0.0000000 0.0523056 0.0000000 0.0000000 0.0000000 0.0000000 0.0000000 0.0000000 0.0000000 0.0000000
 64 F  64 0.0000000 0.0000000 0.0000000 0.0000000 0.0000000 0.0000000 0.0000000 0.0000000 0.0000000 0.0593853 0.4535933 0.0000000 0.2743379 0.1623037 0.0000000 0.0000000 0.0000000 0.0000000 0.0000000 0.0503798
 65 Q  65 0.0000000 0.0000000 0.1114057 0.0585080 0.0000000 0.4181481 0.1473699 0.0000000 0.0499427 0.0000000 0.0000000 0.2146255 0.0000000 0.0000000 0.0000000 0.0000000 0.0000000 0.0000000 0.0000000 0.0000000
 66 Q  66 0.0000000 0.0000000 0.1560103 0.0554453 0.0000000 0.3671616 0.2015263 0.0000000 0.1613484 0.0000000 0.0000000 0.0585080 0.0000000 0.0000000 0.0000000 0.0000000 0.0000000 0.0000000 0.0000000 0.0000000
 67 V  67 0.0000000 0.0000000 0.0000000 0.0000000 0.0000000 0.0000000 0.0000000 0.0000000 0.0000000 0.1522136 0.4199811 0.0000000 0.1618890 0.1143810 0.0000000 0.0000000 0.0000000 0.0000000 0.0000000 0.1515352
 68 L  68 0.0000000 0.0000000 0.0000000 0.0000000 0.0000000 0.0000000 0.0000000 0.0000000 0.0000000 0.1134233 0.5448461 0.0000000 0.1064920 0.1206510 0.0000000 0.0000000 0.0000000 0.0000000 0.0000000 0.1145876
 69 D  69 0.0000000 0.0585080 0.2189984 0.3107418 0.0000000 0.0544476 0.0470372 0.0000000 0.1055310 0.0000000 0.0000000 0.2047360 0.0000000 0.0000000 0.0000000 0.0000000 0.0000000 0.0000000 0.0000000 0.0000000
 70 E  70 0.0000000 0.0000000 0.0461024 0.1103890 0.0000000 0.3770962 0.2614281 0.0000000 0.1065542 0.0000000 0.0000000 0.0984301 0.0000000 0.0000000 0.0000000 0.0000000 0.0000000 0.0000000 0.0000000 0.0000000
 71 L  71 0.0000000 0.0000000 0.0000000 0.0000000 0.0000000 0.0000000 0.0000000 0.0000000 0.0000000 0.1522984 0.4703403 0.0000000 0.1532864 0.1096938 0.0000000 0.0000000 0.0000000 0.0000000 0.0000000 0.1143810
 72 N  72 0.0000000 0.0000000 0.3669578 0.3231780 0.0000000 0.0000000 0.0000000 0.0000000 0.2098714 0.0000000 0.0000000 0.0999928 0.0000000 0.0000000 0.0000000 0.0000000 0.0000000 0.0000000 0.0000000 0.0000000
 73 N  73 0.0000000 0.0000000 0.9000072 0.0000000 0.0000000 0.0999928 0.0000000 0.0000000 0.0000000 0.0000000 0.0000000 0.0000000 0.0000000 0.0000000 0.0000000 0.0000000 0.0000000 0.0000000 0.0000000 0.0000000
 74 H  74 0.0000000 0.0000000 0.0000000 0.0000000 0.0000000 0.0999928 0.0000000 0.0000000 0.9000072 0.0000000 0.0000000 0.0000000 0.0000000 0.0000000 0.0000000 0.0000000 0.0000000 0.0000000 0.0000000 0.0000000
 75 L  75 0.0000000 0.0000000 0.0000000 0.0000000 0.0000000 0.0000000 0.0000000 0.0000000 0.0000000 0.0000000 1.0000000 0.0000000 0.0000000 0.0000000 0.0000000 0.0000000 0.0000000 0.0000000 0.0000000 0.0000000
 76 Q  76 0.0000000 0.0000000 0.0000000 0.0000000 0.0000000 1.0000000 0.0000000 0.0000000 0.0000000 0.0000000 0.0000000 0.0000000 0.0000000 0.0000000 0.0000000 0.0000000 0.0000000 0.0000000 0.0000000 0.0000000
 77 G  77 0.0000000 0.2067907 0.1073262 0.0000000 0.0000000 0.0541381 0.1069850 0.1515352 0.0513929 0.0000000 0.0000000 0.1114057 0.0000000 0.0000000 0.0000000 0.2104261 0.0000000 0.0000000 0.0000000 0.0000000
 78 G  78 0.0000000 0.2167675 0.0461024 0.0000000 0.0000000 0.0518809 0.2183764 0.2014779 0.0000000 0.0000000 0.0000000 0.2653949 0.0000000 0.0000000 0.0000000 0.0000000 0.0000000 0.0000000 0.0000000 0.0000000
 79 K  79 0.0000000 0.0541381 0.0527365 0.2055380 0.0000000 0.0000000 0.0489398 0.1065542 0.0518809 0.0000000 0.0000000 0.1528780 0.0000000 0.0000000 0.0000000 0.3273344 0.0000000 0.0000000 0.0000000 0.0000000
 80 H  80 0.0000000 0.0470372 0.1544404 0.2824724 0.0000000 0.1092638 0.0000000 0.2050120 0.1503813 0.0000000 0.0000000 0.0000000 0.0000000 0.0000000 0.0000000 0.0513929 0.0000000 0.0000000 0.0000000 0.0000000
 81 T  81 0.0000000 0.0000000 0.0000000 0.0000000 0.0000000 0.0000000 0.0000000 0.0000000 0.0000000 0.0000000 0.0000000 0.0000000 0.0000000 0.0000000 0.0000000 0.0999928 0.9000072 0.0000000 0.0000000 0.0000000
 82 V  82 0.0000000 0.0000000 0.0000000 0.0000000 0.0000000 0.0000000 0.0000000 0.0000000 0.0000000 0.0000000 0.0999928 0.0000000 0.0000000 0.0000000 0.0000000 0.0000000 0.0000000 0.0000000 0.0000000 0.9000072
 83 H  83 0.0000000 0.0000000 0.0000000 0.0000000 0.0000000 0.0000000 0.0000000 0.0000000 1.0000000 0.0000000 0.0000000 0.0000000 0.0000000 0.0000000 0.0000000 0.0000000 0.0000000 0.0000000 0.0000000 0.0000000
 84 H  84 0.0000000 0.0000000 0.0999928 0.0000000 0.0000000 0.0000000 0.0000000 0.0000000 0.9000072 0.0000000 0.0000000 0.0000000 0.0000000 0.0000000 0.0000000 0.0000000 0.0000000 0.0000000 0.0000000 0.0000000
 85 I  85 0.0000000 0.0000000 0.0000000 0.0000000 0.0000000 0.0000000 0.0000000 0.0000000 0.0000000 0.0515424 0.4607622 0.0000000 0.0000000 0.2251029 0.0000000 0.0000000 0.0000000 0.0000000 0.0000000 0.2625924
 86 E  86 0.0000000 0.0000000 0.0518809 0.0480336 0.0000000 0.3056819 0.1592934 0.0000000 0.2775847 0.0000000 0.0000000 0.1575255 0.0000000 0.0000000 0.0000000 0.0000000 0.0000000 0.0000000 0.0000000 0.0000000
 87 Q  87 0.0000000 0.0000000 0.3314282 0.1012454 0.0000000 0.2564004 0.1554381 0.0000000 0.1554879 0.0000000 0.0000000 0.0000000 0.0000000 0.0000000 0.0000000 0.0000000 0.0000000 0.0000000 0.0000000 0.0000000
 88 N  88 0.0000000 0.0000000 0.2178611 0.1088222 0.0000000 0.1770448 0.1656868 0.0000000 0.0000000 0.0000000 0.0000000 0.3305851 0.0000000 0.0000000 0.0000000 0.0000000 0.0000000 0.0000000 0.0000000 0.0000000
 89 I  89 0.0000000 0.0000000 0.0000000 0.0000000 0.0000000 0.0000000 0.0000000 0.0000000 0.0000000 0.2559255 0.5294490 0.0000000 0.0523056 0.0527365 0.0000000 0.0000000 0.0000000 0.0000000 0.0000000 0.1095834
 90 K  90 0.0000000 0.0000000 0.2152378 0.1454452 0.0000000 0.2734116 0.1032738 0.0000000 0.0541381 0.0000000 0.0000000 0.2084934 0.0000000 0.0000000 0.0000000 0.0000000 0.0000000 0.0000000 0.0000000 0.0000000
 91 E  91 0.0000000 0.0000000 0.0950708 0.1030606 0.0000000 0.1556930 0.3220738 0.0000000 0.1587555 0.0000000 0.0000000 0.1653462 0.0000000 0.0000000 0.0000000 0.0000000 0.0000000 0.0000000 0.0000000 0.0000000
 92 I  92 0.0000000 0.0000000 0.0000000 0.0000000 0.0000000 0.0000000 0.0000000 0.0000000 0.0000000 0.3039539 0.3837347 0.0000000 0.1564350 0.0569582 0.0000000 0.0000000 0.0000000 0.0000000 0.0000000 0.0989181
 93 F  93 0.0000000 0.0000000 0.0000000 0.0000000 0.0000000 0.0000000 0.0000000 0.0000000 0.0000000 0.0593853 0.6152612 0.0000000 0.0581036 0.2178714 0.0000000 0.0000000 0.0000000 0.0000000 0.0000000 0.0493785
 94 H  94 0.0000000 0.0000000 0.1732482 0.2037266 0.0000000 0.3126309 0.0585080 0.0000000 0.1976376 0.0000000 0.0000000 0.0542485 0.0000000 0.0000000 0.0000000 0.0000000 0.0000000 0.0000000 0.0000000 0.0000000
 95 H  95 0.0000000 0.0000000 0.3434912 0.0570790 0.0000000 0.1705626 0.1164656 0.0000000 0.3124014 0.0000000 0.0000000 0.0000000 0.0000000 0.0000000 0.0000000 0.0000000 0.0000000 0.0000000 0.0000000 0.0000000
 96 L  96 0.0000000 0.0000000 0.0000000 0.0000000 0.0000000 0.0000000 0.0000000 0.0000000 0.0000000 0.0568704 0.8164966 0.0000000 0.0000000 0.1266330 0.0000000 0.0000000 0.0000000 0.0000000 0.0000000 0.0000000
 97 E  97 0.0000000 0.0000000 0.1120017 0.2702283 0.0000000 0.1145446 0.2156137 0.0000000 0.2876117 0.0000000 0.0000000 0.0000000 0.0000000 0.0000000 0.0000000 0.0000000 0.0000000 0.0000000 0.0000000 0.0000000
 98 E  98 0.0000000 0.0000000 0.2863909 0.1081755 0.0000000 0.0000000 0.1588590 0.0000000 0.4465746 0.0000000 0.0000000 0.0000000 0.0000000 0.0000000 0.0000000 0.0000000 0.0000000 0.0000000 0.0000000 0.0000000
 99 L  99 0.0000000 0.0000000 0.0000000 0.0000000 0.0000000 0.0000000 0.0000000 0.0000000 0.0000000 0.0000000 1.0000000 0.0000000 0.0000000 0.0000000 0.0000000 0.0000000 0.0000000 0.0000000 0.0000000 0.0000000
100 V 100 0.0000000 0.0000000 0.0000000 0.0000000 0.0000000 0.0000000 0.0000000 0.0000000 0.0000000 0.0000000 0.0000000 0.0000000 0.0000000 0.0000000 0.0000000 0.0000000 0.0000000 0.0000000 0.0000000 1.0000000
101 H 101 0.0000000 0.0000000 0.0000000 0.0000000 0.0000000 0.0000000 0.0000000 0.0000000 1.0000000 0.0000000 0.0000000 0.0000000 0.0000000 0.0000000 0.0000000 0.0000000 0.0000000 0.0000000 0.0000000 0.0000000
102 R 102 0.0000000 1.0000000 0.0000000 0.0000000 0.0000000 0.0000000 0.0000000 0.0000000 0.0000000 0.0000000 0.0000000 0.0000000 0.0000000 0.0000000 0.0000000 0.0000000 0.0000000 0.0000000 0.0000000 0.0000000
