  156         A         R         N         D         C         Q         E         G         H         I         L         K         M         F         P         S         T         W         Y         V    
  1 M   1 0.0000000 0.0000000 0.0000000 0.0000000 0.0000000 0.0000000 0.0000000 0.0000000 0.0000000 0.0000000 0.0000000 0.0000000 1.0000000 0.0000000 0.0000000 0.0000000 0.0000000 0.0000000 0.0000000 0.0000000
  2 N   2 0.0026049 0.2421004 0.3814649 0.2693127 0.0000000 0.0131992 0.0048652 0.0012159 0.0030103 0.0016704 0.0070765 0.0155119 0.0260943 0.0036250 0.0000000 0.0026204 0.0256279 0.0000000 0.0000000 0.0000000
  3 I   3 0.0308042 0.0019004 0.0000000 0.0000000 0.0000000 0.0327323 0.0000000 0.0034474 0.0039150 0.1840798 0.2074435 0.0000000 0.0840461 0.2716335 0.0645941 0.0284971 0.0315344 0.0111141 0.0193188 0.0249393
  4 N   4 0.0100455 0.0027547 0.2729593 0.3143835 0.0000000 0.0341752 0.2738063 0.0343810 0.0000000 0.0011242 0.0000000 0.0062790 0.0000000 0.0107000 0.0000000 0.0345552 0.0031086 0.0000000 0.0017273 0.0000000
  5 K   5 0.0000000 0.2460827 0.0863900 0.0014212 0.0000000 0.0619417 0.0095440 0.0014715 0.0054657 0.0055619 0.0080799 0.5530567 0.0041687 0.0000000 0.0012756 0.0069820 0.0085584 0.0000000 0.0000000 0.0000000
  6 F   6 0.0000000 0.0000000 0.0000000 0.0000000 0.0016406 0.0000000 0.0000000 0.0000000 0.0000000 0.0016855 0.2292919 0.0000000 0.0570922 0.5660703 0.0111156 0.0000000 0.0000000 0.0101590 0.1229449 0.0000000
  7 T   7 0.0123147 0.0000000 0.0000000 0.0000000 0.0000000 0.0000000 0.0000000 0.0038243 0.0000000 0.0000000 0.0000000 0.0000000 0.0000000 0.0000000 0.0000000 0.0246679 0.9591932 0.0000000 0.0000000 0.0000000
  8 I   8 0.0182397 0.0130835 0.0400145 0.0952272 0.0000000 0.1472114 0.2384655 0.0015171 0.0057260 0.1181145 0.0282967 0.0053227 0.0043538 0.0035564 0.0604920 0.0580706 0.1159823 0.0000000 0.0019084 0.0444178
  9 K   9 0.0083905 0.2913322 0.0132997 0.0034353 0.0000000 0.0341622 0.0000000 0.0000000 0.0000000 0.0020599 0.0068874 0.5810098 0.0338715 0.0000000 0.0024552 0.0080737 0.0112092 0.0000000 0.0038134 0.0000000
 10 L  10 0.3905191 0.0000000 0.0000000 0.0000000 0.0027684 0.0000000 0.0000000 0.0033343 0.0000000 0.0000000 0.0867295 0.0000000 0.0165963 0.1138386 0.0025519 0.2864229 0.0489886 0.0000000 0.0000000 0.0482503
 11 Q  11 0.0090257 0.1558278 0.0118047 0.0000000 0.0000000 0.5532956 0.0040680 0.0017213 0.0053222 0.0324650 0.0395806 0.0837699 0.0076472 0.0014038 0.0000000 0.0081331 0.0042899 0.0644185 0.0032300 0.0139965
 12 E  12 0.0324744 0.0622894 0.0219078 0.0235926 0.0000000 0.1176882 0.4414225 0.0847517 0.0000000 0.0098717 0.0339809 0.0983874 0.0158413 0.0018652 0.0000000 0.0310555 0.0208837 0.0000000 0.0000000 0.0039877
 13 A  13 0.6507358 0.0000000 0.0000000 0.0016657 0.0023786 0.0000000 0.0000000 0.0209873 0.0000000 0.0142597 0.0159043 0.0000000 0.0055348 0.0808699 0.0000000 0.0167103 0.0100897 0.0013557 0.0000000 0.1795083
 14 L  14 0.0028281 0.0000000 0.0000000 0.0000000 0.0000000 0.0000000 0.0000000 0.0000000 0.0000000 0.3302923 0.4450860 0.0000000 0.0132462 0.0312718 0.0000000 0.0000000 0.0000000 0.0000000 0.0018472 0.1754284
 15 A  15 0.1675697 0.0063502 0.0476728 0.0029493 0.0000000 0.3447244 0.0623613 0.0294226 0.0083566 0.0136731 0.0234857 0.0075624 0.0373387 0.0045030 0.0000000 0.1138224 0.0201795 0.0000000 0.0046904 0.1053381
 16 E  16 0.1427871 0.0372997 0.0479004 0.1859208 0.0000000 0.0557809 0.1310251 0.0282179 0.0059049 0.0065793 0.1461699 0.0514110 0.0036051 0.0061216 0.0000000 0.1156407 0.0269744 0.0000000 0.0025318 0.0061294
 17 A  17 0.8248182 0.0000000 0.0000000 0.0000000 0.0214671 0.0000000 0.0000000 0.0054647 0.0000000 0.0019734 0.0056712 0.0000000 0.0050958 0.0000000 0.0000000 0.1056885 0.0280106 0.0000000 0.0000000 0.0018103
 18 Q  18 0.0247016 0.0139002 0.0068107 0.0050877 0.0000000 0.6110047 0.0466726 0.0068566 0.0253741 0.0297318 0.0493526 0.0122918 0.0199883 0.0092767 0.0270872 0.0244669 0.0070357 0.0015974 0.0116752 0.0670882
 19 S  19 0.0302744 0.0400235 0.0843016 0.0966033 0.0000000 0.1052677 0.1746589 0.0199816 0.0041666 0.0000000 0.0103266 0.0540429 0.0152746 0.0000000 0.0000000 0.2549241 0.1072537 0.0000000 0.0000000 0.0029006
 20 Y  20 0.0327483 0.0164873 0.0102353 0.0044518 0.0013541 0.0123500 0.1807314 0.0000000 0.0055452 0.2120905 0.3469174 0.0134466 0.0262045 0.0120512 0.0000000 0.0286636 0.0314168 0.0000000 0.0095701 0.0557359
 21 A  21 0.9177782 0.0000000 0.0000000 0.0000000 0.0025693 0.0000000 0.0000000 0.0066970 0.0000000 0.0028281 0.0025819 0.0000000 0.0143134 0.0000000 0.0000000 0.0094337 0.0169671 0.0000000 0.0021714 0.0246599
 22 F  22 0.0627744 0.1436398 0.0050952 0.0054259 0.0000000 0.0930120 0.0393333 0.0173912 0.0059300 0.0784561 0.1686502 0.0712113 0.0425098 0.0054966 0.0016865 0.0509564 0.0440630 0.0000000 0.0220433 0.1423249
 23 Q  23 0.1056328 0.2533670 0.0181221 0.0399931 0.0000000 0.1042853 0.1113277 0.1616299 0.0034939 0.0042496 0.0125492 0.0592923 0.0278890 0.0000000 0.0010406 0.0581403 0.0338254 0.0000000 0.0000000 0.0051619
 24 Q  24 0.0897954 0.1428055 0.1018368 0.0144236 0.0046748 0.0304477 0.0539850 0.0073739 0.0609329 0.0009232 0.1666878 0.0588485 0.0503118 0.0508305 0.0000000 0.0448311 0.0000000 0.0013000 0.1191089 0.0008826
 25 K  25 0.0041085 0.0208580 0.1228954 0.1778975 0.0000000 0.0732871 0.0187976 0.4216268 0.0225268 0.0000000 0.0000000 0.0608709 0.0000000 0.0027625 0.0000000 0.0569434 0.0068130 0.0000000 0.0106124 0.0000000
 26 A  26 0.0101181 0.0036275 0.2665609 0.0200162 0.0015406 0.1182576 0.0017809 0.0000000 0.5522462 0.0000000 0.0000000 0.0000000 0.0000000 0.0000000 0.0000000 0.0165753 0.0032334 0.0000000 0.0060431 0.0000000
 27 T  27 0.0392486 0.0012626 0.1345097 0.0050255 0.0000000 0.5295646 0.0213737 0.0142276 0.0058345 0.0012804 0.0000000 0.0058800 0.0072944 0.0000000 0.1190181 0.0684865 0.0410485 0.0000000 0.0000000 0.0059452
 28 E  28 0.0611965 0.0391595 0.0254450 0.0215145 0.0000000 0.2765149 0.1485853 0.0076071 0.0089369 0.0270767 0.0078536 0.0042601 0.0055370 0.0880072 0.0021452 0.0352239 0.0287939 0.0000000 0.1879752 0.0241676
 29 F  29 0.0038604 0.0000000 0.0000000 0.0000000 0.0000000 0.0000000 0.0000000 0.0000000 0.0000000 0.5312828 0.1361813 0.0000000 0.0163671 0.0356240 0.0000000 0.0000000 0.0088116 0.0033966 0.0026984 0.2617778
 30 T  30 0.0265894 0.0184266 0.0063007 0.1651798 0.0013398 0.0105923 0.4334973 0.1683511 0.0037703 0.0046821 0.0083335 0.0197988 0.0103675 0.0038491 0.0000000 0.0311674 0.0778018 0.0000000 0.0042961 0.0056566
 31 S  31 0.0399000 0.0000000 0.0364386 0.0097139 0.0045114 0.0405815 0.0207672 0.0271014 0.0000000 0.0060873 0.0068114 0.0000000 0.0000000 0.0000000 0.4355596 0.0562958 0.2212061 0.0000000 0.0000000 0.0950260
 32 A  32 0.0832000 0.0000000 0.0000000 0.0059866 0.0000000 0.0148830 0.5634378 0.0147310 0.0010874 0.0857833 0.0759138 0.0028267 0.0038765 0.0042112 0.0061934 0.0127728 0.0129095 0.0075359 0.0000000 0.1046512
 33 H  33 0.0000000 0.0022946 0.0014291 0.0036275 0.0024690 0.0156405 0.0000000 0.0000000 0.9654907 0.0000000 0.0000000 0.0000000 0.0023797 0.0066688 0.0000000 0.0000000 0.0000000 0.0000000 0.0000000 0.0000000
 34 I  34 0.0028405 0.0000000 0.0000000 0.0000000 0.0000000 0.0000000 0.0000000 0.0000000 0.0000000 0.1820656 0.6946817 0.0000000 0.0109907 0.0191542 0.0000000 0.0000000 0.0000000 0.0000000 0.0000000 0.0902673
 35 L  35 0.0485901 0.0000000 0.0052193 0.0000000 0.0024241 0.0000000 0.0000000 0.0014644 0.0102449 0.0197437 0.6984323 0.0000000 0.1162782 0.0789652 0.0000000 0.0018266 0.0015243 0.0026075 0.0013141 0.0113652
 36 K  36 0.0799413 0.0147353 0.0036347 0.0128847 0.0035377 0.0340901 0.0064472 0.0039684 0.0104501 0.0181446 0.3392492 0.2357820 0.0193188 0.0101501 0.0000000 0.0683424 0.0206511 0.0022497 0.0697850 0.0466374
 37 A  37 0.6499594 0.0000000 0.0023174 0.0000000 0.0028860 0.0000000 0.0048673 0.2009119 0.0000000 0.0026829 0.0000000 0.0013724 0.0000000 0.0018962 0.0000000 0.0552579 0.0167517 0.0000000 0.0000000 0.0610968
 38 L  38 0.0019459 0.0000000 0.0000000 0.0000000 0.0000000 0.0000000 0.0000000 0.0000000 0.0000000 0.0807888 0.8069469 0.0000000 0.0788534 0.0080697 0.0000000 0.0000000 0.0026902 0.0000000 0.0000000 0.0207050
 39 L  39 0.0143380 0.0000000 0.0000000 0.0000000 0.0011687 0.0028919 0.0018603 0.0000000 0.0000000 0.1773123 0.6099630 0.0000000 0.0492021 0.0188380 0.0000000 0.0030834 0.0108219 0.0010689 0.0000000 0.1094514
 40 E  40 0.0405568 0.1341588 0.0834795 0.1870623 0.0019918 0.0698539 0.2176439 0.0414574 0.0323339 0.0058687 0.0140100 0.0447338 0.0132048 0.0030946 0.0000000 0.0479360 0.0505098 0.0000000 0.0000000 0.0121041
 41 Q  41 0.0092583 0.0000000 0.0099731 0.1737105 0.0000000 0.4712794 0.1926336 0.0014455 0.0032076 0.0139966 0.0088516 0.0254838 0.0012360 0.0000000 0.0078008 0.0082268 0.0155596 0.0000000 0.0037952 0.0535416
 42 N  42 0.0336022 0.0244682 0.0310555 0.1438964 0.0000000 0.0594342 0.2421250 0.2012243 0.0037045 0.0000000 0.0000000 0.0806087 0.0043981 0.0000000 0.0778810 0.0606870 0.0322764 0.0000000 0.0021834 0.0024550
 43 D  43 0.0114977 0.0061093 0.0725713 0.2784911 0.0000000 0.0682362 0.3324159 0.1401158 0.0023074 0.0000000 0.0000000 0.0208308 0.0018039 0.0000000 0.0049536 0.0343254 0.0263417 0.0000000 0.0000000 0.0000000
 44 S  44 0.0081712 0.0073096 0.0733527 0.0216040 0.0000000 0.0024915 0.0077102 0.7479884 0.0011766 0.0000000 0.0000000 0.0062541 0.0000000 0.0000000 0.0038187 0.1149400 0.0051829 0.0000000 0.0000000 0.0000000
 45 V  45 0.0246102 0.0000000 0.0075326 0.0000000 0.0000000 0.0000000 0.0000000 0.0302229 0.0000000 0.1521536 0.3441839 0.0044793 0.0378394 0.0183125 0.0126367 0.0763300 0.0468898 0.0000000 0.0000000 0.2448092
 46 A  46 0.4165436 0.0000000 0.0000000 0.0000000 0.0059904 0.0000000 0.0000000 0.0138831 0.0000000 0.1888968 0.0345558 0.0000000 0.0109176 0.0045931 0.0038046 0.0214475 0.0838092 0.0000000 0.0000000 0.2155582
 47 I  47 0.2633197 0.1423851 0.0267917 0.0066764 0.0012294 0.0194453 0.0201042 0.0554739 0.0095814 0.0203153 0.0253783 0.0435386 0.0000000 0.0058688 0.1977665 0.0715023 0.0320122 0.0000000 0.0075703 0.0510407
 48 S  48 0.0557706 0.1907586 0.0718772 0.0058949 0.0000000 0.0740282 0.0133664 0.0562210 0.0098973 0.0015944 0.0064135 0.1298173 0.0051044 0.0602363 0.1746193 0.0987726 0.0141126 0.0000000 0.0267419 0.0047735
 49 I  49 0.0669536 0.0000000 0.0000000 0.0000000 0.0000000 0.0000000 0.0000000 0.0000000 0.0000000 0.2409717 0.5009024 0.0000000 0.0066514 0.0055098 0.0000000 0.0038940 0.0041212 0.0000000 0.0000000 0.1709959
 50 L  50 0.0097599 0.0000000 0.0020470 0.0000000 0.0030539 0.0000000 0.0000000 0.0000000 0.0000000 0.1575227 0.6300846 0.0000000 0.0145234 0.1395761 0.0000000 0.0000000 0.0000000 0.0000000 0.0083602 0.0350723
 51 S  51 0.0793141 0.0571268 0.0402982 0.0589689 0.0010360 0.1636574 0.2045693 0.0320298 0.0016755 0.0092793 0.0034695 0.1378186 0.0068574 0.0008550 0.0010546 0.0672295 0.1098465 0.0000000 0.0042548 0.0206589
 52 V  52 0.1016187 0.1570710 0.0411452 0.0114149 0.0000000 0.0863408 0.0231981 0.0064847 0.0091748 0.0026195 0.0169584 0.4038265 0.0116981 0.0000000 0.0000000 0.0956736 0.0102392 0.0000000 0.0125331 0.0100035
 53 C  53 0.3056459 0.0000000 0.0053436 0.0000000 0.0215955 0.0056896 0.0035373 0.0008982 0.0012404 0.0486234 0.2736327 0.0028962 0.1847773 0.0101197 0.0000000 0.0387035 0.0257054 0.0000000 0.0033009 0.0682905
 54 G  54 0.0144096 0.0012582 0.0963022 0.0455703 0.0015439 0.0155088 0.0444522 0.7428034 0.0040811 0.0000000 0.0000000 0.0137761 0.0000000 0.0000000 0.0000000 0.0172887 0.0030055 0.0000000 0.0000000 0.0000000
 55 V  55 0.1592582 0.0036419 0.0011681 0.0000000 0.0084633 0.0036490 0.0000000 0.1207046 0.0000000 0.1958875 0.0586510 0.0090308 0.0072341 0.0109168 0.0023843 0.0041261 0.0184240 0.0000000 0.0073873 0.3890730
 56 N  56 0.0250145 0.0287722 0.3191565 0.3165028 0.0000000 0.0416160 0.0301038 0.0122554 0.0078368 0.0000000 0.0000000 0.0109787 0.0000000 0.0000000 0.0479294 0.1141450 0.0395053 0.0000000 0.0024754 0.0037081
 57 I  57 0.0949291 0.0265190 0.0231204 0.0000000 0.0000000 0.0065814 0.0114951 0.0201046 0.0064849 0.0885985 0.1836743 0.0309388 0.0070511 0.0073755 0.1908177 0.0450914 0.0536928 0.0011142 0.0073623 0.1950491
 58 Q  58 0.1139988 0.0386059 0.1057558 0.1238190 0.0000000 0.0945790 0.1484695 0.0481646 0.0101842 0.0063048 0.0036044 0.0741323 0.0070763 0.0000000 0.0751218 0.0747755 0.0617020 0.0000000 0.0023925 0.0113137
 59 N  59 0.1980115 0.1114858 0.0234652 0.0536662 0.0000000 0.1061415 0.0432932 0.0519665 0.0105078 0.0190563 0.0644013 0.1114513 0.0143912 0.0073298 0.0105172 0.0732539 0.0608728 0.0000000 0.0089353 0.0312531
 60 F  60 0.0719058 0.0000000 0.0000000 0.0000000 0.0010656 0.0000000 0.0000000 0.0000000 0.0000000 0.1429296 0.3814574 0.0000000 0.0139290 0.1061146 0.0000000 0.0016003 0.0060790 0.0000000 0.0224146 0.2525041
 61 I  61 0.0592675 0.2753550 0.0255554 0.0117184 0.0000000 0.0969618 0.0589520 0.0172439 0.0128972 0.0583965 0.1304683 0.1007939 0.0074707 0.0033436 0.0056902 0.0321692 0.0520260 0.0000000 0.0079232 0.0437670
 62 K  62 0.1159827 0.0673058 0.0913973 0.0653819 0.0000000 0.1848018 0.0875711 0.0313134 0.0036206 0.0179491 0.0191102 0.0807387 0.0106571 0.0000000 0.0035535 0.1155744 0.0853652 0.0013364 0.0017809 0.0165598
 63 A  63 0.2282331 0.0768251 0.0104981 0.0691680 0.0000000 0.1253092 0.1971584 0.0436156 0.0012691 0.0218485 0.0436314 0.0709547 0.0060256 0.0023362 0.0021769 0.0449675 0.0179330 0.0011804 0.0054600 0.0314092
 64 V  64 0.0756021 0.0000000 0.0135961 0.0000000 0.0033813 0.0000000 0.0000000 0.0034750 0.0000000 0.0984546 0.3249469 0.0000000 0.0079158 0.0042529 0.0000000 0.0010642 0.1051976 0.0024241 0.0000000 0.3596894
 65 N  65 0.0433492 0.0496611 0.0646426 0.1880187 0.0000000 0.0712144 0.3363614 0.0277812 0.0057349 0.0306805 0.0262613 0.0501133 0.0082469 0.0000000 0.0000000 0.0498699 0.0338133 0.0000000 0.0038548 0.0103965
 66 D  66 0.1715349 0.0889872 0.0493557 0.0682170 0.0000000 0.1571817 0.1588818 0.0148584 0.0087236 0.0064999 0.0239332 0.1269113 0.0019938 0.0069611 0.0000000 0.0621841 0.0417811 0.0000000 0.0028257 0.0091694
 67 M  67 0.2614295 0.0082773 0.0050250 0.0139328 0.0021923 0.0421534 0.1791937 0.0137222 0.0117396 0.0980192 0.1383644 0.0333356 0.0388761 0.0595967 0.0000000 0.0208906 0.0262210 0.0021908 0.0066117 0.0382282
 68 V  68 0.0100742 0.0172226 0.0000000 0.0000000 0.0026290 0.0012408 0.0000000 0.0013805 0.0009277 0.3182618 0.5018949 0.0000000 0.0146605 0.0065884 0.0000000 0.0020074 0.0100699 0.0000000 0.0000000 0.1130423
 69 D  69 0.1161838 0.0468061 0.0823401 0.1716540 0.0000000 0.0561180 0.1555467 0.1824692 0.0029457 0.0017788 0.0087892 0.0543199 0.0000000 0.0000000 0.0019350 0.0903532 0.0179251 0.0000000 0.0000000 0.0108352
 70 S  70 0.0720057 0.2946984 0.0492384 0.0064766 0.0000000 0.0457244 0.0287481 0.0460341 0.0325012 0.0000000 0.0034796 0.2770343 0.0012167 0.0000000 0.0024089 0.1003804 0.0331376 0.0000000 0.0023622 0.0045535
 71 V  71 0.0191772 0.0524894 0.0059590 0.0036864 0.0000000 0.1034667 0.0035088 0.1005350 0.0000000 0.0585568 0.3937913 0.0519373 0.0508916 0.0595498 0.0000000 0.0173408 0.0138131 0.0000000 0.0466271 0.0186698
 72 A  72 0.0514944 0.0137625 0.0054186 0.0102407 0.0000000 0.0087991 0.0169612 0.0080163 0.0012314 0.0000000 0.0000000 0.0023448 0.0000000 0.0017369 0.8366929 0.0185424 0.0161328 0.0000000 0.0000000 0.0086261
 73 V  73 0.0421151 0.1452354 0.0078106 0.0016552 0.0000000 0.0947164 0.0339004 0.0106856 0.0163408 0.0028252 0.0000000 0.4595540 0.0041023 0.0010754 0.0015168 0.0774903 0.0566470 0.0000000 0.0000000 0.0443295
 74 L  74 0.0742333 0.0000000 0.0025223 0.0024089 0.0000000 0.0216615 0.0038508 0.0060507 0.0000000 0.0642991 0.0379545 0.0021861 0.0151274 0.0066034 0.0068075 0.0187081 0.0151866 0.0000000 0.0010078 0.7213921
 75 S  75 0.0203269 0.0130213 0.0055744 0.0033224 0.0000000 0.1313663 0.1303113 0.0095042 0.0163597 0.0050255 0.0136821 0.0152266 0.0032935 0.0000000 0.0055171 0.4486669 0.1320884 0.0000000 0.0340292 0.0126840
 76 G  76 0.0098938 0.0009357 0.0475271 0.0125608 0.0000000 0.0468032 0.0053922 0.8308706 0.0032975 0.0000000 0.0018482 0.0032341 0.0000000 0.0018117 0.0029133 0.0224108 0.0040807 0.0000000 0.0000000 0.0064202
 77 E  77 0.1491540 0.0062740 0.0302057 0.0654988 0.0017920 0.0483373 0.0514341 0.1174331 0.0117482 0.0168015 0.0052850 0.0128044 0.0052546 0.0151553 0.1380407 0.1988810 0.0892451 0.0000000 0.0088538 0.0278014
 78 G  78 0.0309551 0.0032116 0.0502528 0.0133675 0.0000000 0.0190794 0.0191179 0.4198876 0.0077405 0.0172302 0.0028541 0.0089380 0.0056209 0.0065142 0.0986647 0.1328813 0.1197916 0.0000000 0.0139649 0.0299278
 79 N  79 0.2695992 0.0156445 0.0679117 0.0462733 0.0000000 0.0535870 0.0535711 0.0289695 0.0041336 0.0122882 0.0142682 0.0058366 0.0241804 0.0023701 0.0973691 0.1300013 0.0874146 0.0000000 0.0000000 0.0865815
 80 P  80 0.1189441 0.0011613 0.0149897 0.0406268 0.0000000 0.0553057 0.0442175 0.5328387 0.0011612 0.0013972 0.0011188 0.0030122 0.0047577 0.0000000 0.0168236 0.0947449 0.0353117 0.0000000 0.0076508 0.0259382
 81 Q  81 0.0192124 0.0122379 0.0807288 0.1413840 0.0000000 0.3557483 0.1490761 0.0419279 0.0444099 0.0009653 0.0059819 0.0444768 0.0026825 0.0000000 0.0199407 0.0542908 0.0202204 0.0000000 0.0051909 0.0015254
 82 V  82 0.0290228 0.0095482 0.0011597 0.0000000 0.0000000 0.0340217 0.0033492 0.0000000 0.0000000 0.2375831 0.1047503 0.0009286 0.0422157 0.0039917 0.1675100 0.0121859 0.0301020 0.0000000 0.0031054 0.3205258
 83 T  83 0.0220140 0.0361889 0.0311248 0.0038151 0.0000000 0.1543514 0.0023380 0.0611145 0.0588390 0.0057838 0.0073178 0.0024293 0.0271697 0.0351737 0.0712654 0.0551679 0.0414717 0.0000000 0.3765689 0.0078662
 84 P  84 0.0582633 0.0010868 0.0010808 0.0000000 0.0022578 0.0013232 0.0000000 0.0093160 0.0000000 0.1380895 0.3729354 0.0045148 0.0597528 0.1179421 0.0629133 0.0059535 0.0017256 0.0046628 0.0405013 0.1176811
 85 S  85 0.0427839 0.0000000 0.0359992 0.0430356 0.0000000 0.0000000 0.0040458 0.1517087 0.0000000 0.0000000 0.0049831 0.0028045 0.0000000 0.0000000 0.0000000 0.4768077 0.2365509 0.0000000 0.0000000 0.0012806
 86 R  86 0.0314739 0.2438193 0.1280256 0.0012590 0.0000000 0.1777278 0.0148065 0.0289708 0.0069779 0.0000000 0.0013887 0.0239221 0.0018209 0.0000000 0.2483032 0.0617265 0.0175389 0.0000000 0.0082879 0.0039511
 87 D  87 0.0868487 0.2317711 0.0341872 0.2058258 0.0000000 0.0565948 0.1776078 0.0319445 0.0086741 0.0050938 0.0040977 0.0267463 0.0000000 0.0016688 0.0214070 0.0700403 0.0230230 0.0000000 0.0064865 0.0079827
 88 L  88 0.1996513 0.0000000 0.0000000 0.0000000 0.0019486 0.0010059 0.0000000 0.0117062 0.0000000 0.0196621 0.4731285 0.0000000 0.0387199 0.0540987 0.0040895 0.0419865 0.1131911 0.0000000 0.0071382 0.0336735
 89 I  89 0.1206860 0.0243307 0.1837932 0.0658215 0.0000000 0.0557464 0.0310127 0.0952149 0.0099333 0.0427750 0.0554946 0.1255896 0.0074742 0.0049138 0.0014783 0.0820489 0.0303758 0.0000000 0.0000000 0.0633112
 90 A  90 0.0613136 0.2767005 0.0588017 0.0174125 0.0000000 0.1048930 0.0555278 0.0088533 0.0045513 0.0038349 0.0077104 0.2771179 0.0050064 0.0000000 0.0031795 0.0436405 0.0519289 0.0000000 0.0024223 0.0171055
 91 T  91 0.1017657 0.0000000 0.0028012 0.0089132 0.0034732 0.0016281 0.0025642 0.0008954 0.0026211 0.0962365 0.2646503 0.0000000 0.0206470 0.0064536 0.0000000 0.0149930 0.0461740 0.0059097 0.0010216 0.4192523
 92 L  92 0.0015170 0.0000000 0.0000000 0.0014954 0.0037157 0.0000000 0.0000000 0.0052418 0.0000000 0.0959151 0.7173187 0.0000000 0.0201341 0.1221025 0.0000000 0.0015617 0.0024159 0.0032381 0.0014108 0.0239334
 93 H  93 0.0674400 0.0148568 0.2121651 0.1819188 0.0000000 0.0797435 0.1521869 0.0073489 0.0065580 0.0396493 0.0357356 0.0124030 0.0114174 0.0000000 0.0000000 0.0272706 0.0751771 0.0000000 0.0042304 0.0718987
 94 K  94 0.0979739 0.1073528 0.0684686 0.0354416 0.0014708 0.0928360 0.1012202 0.0122405 0.0137031 0.0177383 0.2141010 0.1160990 0.0061286 0.0077110 0.0000000 0.0224046 0.0487955 0.0000000 0.0154132 0.0209013
 95 M  95 0.7417301 0.0000000 0.0000000 0.0000000 0.0551142 0.0000000 0.0000000 0.0060629 0.0000000 0.0000000 0.0044226 0.0000000 0.0181629 0.0000000 0.0000000 0.1206007 0.0500621 0.0000000 0.0000000 0.0038447
 96 Q  96 0.0336844 0.0237104 0.0081942 0.1852525 0.0000000 0.0944389 0.3818513 0.0198767 0.0087906 0.0158040 0.0689016 0.0135275 0.0304873 0.0296378 0.0027840 0.0274494 0.0106902 0.0061754 0.0051839 0.0335600
 97 E  97 0.0458125 0.1142720 0.0391684 0.1812000 0.0000000 0.0723006 0.1276194 0.0139020 0.0016873 0.0174412 0.0030697 0.3181633 0.0052470 0.0000000 0.0000000 0.0334314 0.0201438 0.0000000 0.0000000 0.0065414
 98 L  98 0.0448630 0.0152728 0.0044097 0.0055962 0.0054009 0.0318468 0.3926428 0.0042247 0.0210345 0.1332398 0.1758250 0.0109235 0.0072391 0.0324104 0.0000000 0.0120267 0.0053997 0.0022223 0.0627351 0.0326870
 99 A  99 0.7511120 0.0464178 0.0000000 0.0000000 0.0022872 0.0142610 0.0000000 0.0138325 0.0000000 0.0071019 0.0115445 0.0319859 0.0480645 0.0000000 0.0000000 0.0582457 0.0138592 0.0000000 0.0000000 0.0012879
100 N 100 0.0418217 0.0941875 0.0156021 0.0463812 0.0000000 0.2173825 0.0614527 0.0332030 0.0081167 0.0170501 0.0429329 0.3228860 0.0049286 0.0000000 0.0011848 0.0315512 0.0489232 0.0000000 0.0000000 0.0123958
101 K 101 0.0595912 0.1139420 0.0377628 0.0304806 0.0000000 0.1660727 0.1150612 0.0177583 0.0056213 0.0022504 0.0066016 0.3590433 0.0010512 0.0035009 0.0023573 0.0480347 0.0245214 0.0000000 0.0000000 0.0063490
102 N 102 0.1097674 0.1171181 0.0267735 0.0013898 0.0000000 0.0042410 0.0025401 0.0045252 0.0091467 0.0042343 0.2763431 0.0089790 0.2571731 0.1181426 0.0000000 0.0105935 0.0000000 0.0135978 0.0337884 0.0016466
103 G 103 0.0049538 0.0167553 0.0681029 0.0214790 0.0000000 0.0605571 0.0311258 0.5290700 0.0087291 0.0000000 0.0018563 0.2385246 0.0000000 0.0000000 0.0000000 0.0149923 0.0038537 0.0000000 0.0000000 0.0000000
104 D 104 0.0000000 0.0000000 0.0000000 0.8788964 0.0000000 0.0000000 0.0000000 0.0000000 0.1124666 0.0000000 0.0000000 0.0000000 0.0000000 0.0000000 0.0000000 0.0058324 0.0028045 0.0000000 0.0000000 0.0000000
105 E 105 0.0438718 0.0015064 0.0727583 0.0886972 0.0000000 0.1155514 0.3671361 0.0054691 0.0037884 0.0000000 0.0039234 0.0499230 0.0000000 0.0000000 0.0035160 0.2122451 0.0316140 0.0000000 0.0000000 0.0000000
106 F 106 0.0000000 0.0000000 0.0046560 0.0000000 0.0000000 0.0000000 0.0000000 0.0000000 0.0047937 0.0000000 0.0000000 0.0000000 0.0000000 0.3362321 0.0000000 0.0000000 0.0000000 0.0000000 0.6491398 0.0051783
107 I 107 0.0093817 0.0000000 0.0000000 0.0000000 0.0017954 0.0000000 0.0000000 0.0000000 0.0000000 0.3929408 0.0570630 0.0000000 0.0067571 0.0000000 0.0000000 0.0000000 0.0218449 0.0000000 0.0000000 0.5102170
108 S 108 0.0948221 0.0000000 0.0000000 0.0000000 0.0000000 0.0000000 0.0042096 0.1294840 0.0000000 0.0021078 0.0000000 0.0000000 0.0000000 0.0000000 0.0233023 0.6583752 0.0848209 0.0000000 0.0000000 0.0028781
109 S 109 0.0335393 0.0000000 0.0000000 0.0000000 0.0048935 0.0159200 0.0000000 0.0038538 0.0000000 0.0819452 0.0263313 0.0000000 0.0000000 0.0000000 0.0000000 0.1632968 0.3113581 0.0000000 0.0000000 0.3588620
110 E 110 0.0000000 0.0000000 0.0000000 0.0353817 0.0000000 0.0057371 0.9557862 0.0000000 0.0000000 0.0000000 0.0000000 0.0000000 0.0000000 0.0000000 0.0000000 0.0030950 0.0000000 0.0000000 0.0000000 0.0000000
111 V 111 0.0045541 0.1054248 0.0027442 0.0000000 0.0017473 0.0062087 0.0000000 0.0021078 0.6586085 0.0148088 0.1082683 0.0000000 0.0252353 0.0052823 0.0222676 0.0048541 0.0045772 0.0141868 0.0020472 0.0170770
112 F 112 0.0034995 0.0000000 0.0000000 0.0000000 0.0000000 0.0000000 0.0000000 0.0000000 0.0000000 0.2151321 0.5191899 0.0000000 0.0274090 0.1453849 0.0000000 0.0000000 0.0000000 0.0000000 0.0035206 0.0858641
113 L 113 0.0059684 0.0000000 0.0000000 0.0000000 0.0000000 0.0000000 0.0000000 0.0000000 0.0000000 0.0643172 0.6523296 0.0000000 0.0365694 0.1278970 0.0014854 0.0000000 0.0022861 0.0057555 0.0160551 0.0873361
114 L 114 0.0233916 0.0051194 0.0000000 0.0000000 0.0032278 0.0230384 0.0000000 0.0011356 0.0000000 0.0651365 0.7516284 0.0018723 0.0429606 0.0077607 0.0014186 0.0039187 0.0139931 0.0034823 0.0012424 0.0506735
115 A 115 0.6653453 0.0033356 0.0017113 0.0000000 0.0072266 0.0000000 0.0037472 0.2569925 0.0000000 0.0000000 0.0000000 0.0000000 0.0000000 0.0000000 0.0022861 0.0411220 0.0106026 0.0000000 0.0000000 0.0076308
116 S 116 0.0974813 0.0000000 0.0000000 0.0000000 0.0048472 0.0000000 0.0000000 0.0030389 0.0000000 0.1562447 0.5370110 0.0000000 0.0749313 0.0493023 0.0000000 0.0177074 0.0014558 0.0000000 0.0214755 0.0365045
117 L 117 0.2421374 0.0000000 0.0000000 0.0014397 0.0249342 0.0031525 0.0000000 0.0039729 0.0052568 0.1705101 0.2621608 0.0000000 0.0448694 0.0644945 0.0027405 0.0328162 0.0493655 0.0000000 0.0073614 0.0847881
118 E 118 0.0497678 0.1454198 0.0281813 0.1352553 0.0000000 0.0637708 0.2251696 0.0410787 0.0069115 0.0045358 0.0151389 0.1599061 0.0233024 0.0000000 0.0042643 0.0603766 0.0273341 0.0000000 0.0020053 0.0075817
119 D 119 0.0287501 0.0000000 0.1006481 0.2872147 0.0000000 0.0170029 0.2885065 0.0693184 0.0140227 0.0014748 0.0047228 0.0063392 0.0022012 0.0000000 0.0041335 0.1068157 0.0288291 0.0000000 0.0000000 0.0400204
120 K 120 0.0110238 0.0275061 0.0614939 0.0550991 0.0017959 0.0172250 0.0228964 0.3386204 0.0016157 0.0025007 0.0036481 0.2002942 0.0024297 0.0000000 0.0402245 0.1434732 0.0648950 0.0000000 0.0041732 0.0010849
121 S 121 0.0420212 0.0773715 0.0366314 0.1341781 0.0012145 0.0094167 0.2266495 0.0973339 0.0042747 0.0000000 0.0012923 0.0226324 0.0000000 0.0012860 0.1041276 0.1762827 0.0599771 0.0000000 0.0000000 0.0053104
122 L 122 0.4249787 0.0000000 0.0011533 0.0000000 0.0054563 0.0039019 0.0046350 0.0248470 0.0000000 0.0807961 0.1193852 0.0056437 0.0165022 0.0573192 0.0030148 0.0319220 0.0725666 0.0000000 0.0017627 0.1461152
123 T 123 0.3130668 0.0274353 0.0015731 0.0031523 0.0000000 0.0152678 0.0187171 0.3404248 0.0000000 0.0000000 0.0072035 0.1094708 0.0000000 0.0014570 0.0035262 0.1136912 0.0260920 0.0000000 0.0037958 0.0151264
124 G 124 0.0234091 0.2542684 0.0165201 0.0809552 0.0000000 0.1827168 0.1048429 0.0314428 0.0098002 0.0000000 0.0066464 0.2100524 0.0000000 0.0000000 0.0029344 0.0334494 0.0338032 0.0000000 0.0034621 0.0056967
125 L 125 0.0942212 0.0023036 0.0042963 0.0010857 0.0043858 0.0062017 0.0070420 0.0000000 0.0000000 0.3098340 0.2991637 0.0000000 0.0296328 0.0102320 0.0000000 0.0072721 0.0165139 0.0000000 0.0073042 0.2005109
126 Y 126 0.0384036 0.0000000 0.0076397 0.0000000 0.0038369 0.0000000 0.0000000 0.0000000 0.0013819 0.0109519 0.7619327 0.0000000 0.0220068 0.1384883 0.0000000 0.0000000 0.0000000 0.0024193 0.0065903 0.0063485
127 N 127 0.0848339 0.1625736 0.0656949 0.0124391 0.0000000 0.0486711 0.0515808 0.0133037 0.0094874 0.0168116 0.0256962 0.3830661 0.0040449 0.0000000 0.0000000 0.0396425 0.0436161 0.0000000 0.0060401 0.0324982
128 K 128 0.1089646 0.0658708 0.0786930 0.1909157 0.0000000 0.0762940 0.1351834 0.0396489 0.0053718 0.0011262 0.0070738 0.1480353 0.0071016 0.0000000 0.0039550 0.0872643 0.0388106 0.0000000 0.0042134 0.0014777
129 F 129 0.2580321 0.0152878 0.0565953 0.0000000 0.0169875 0.0588278 0.0128643 0.0289319 0.0597881 0.0100844 0.1484112 0.0040833 0.0290964 0.1442453 0.0000000 0.0420154 0.0033544 0.0021769 0.0862267 0.0229914
130 G 130 0.0098811 0.0068425 0.0715938 0.0265079 0.0000000 0.0223027 0.0085478 0.8064554 0.0105687 0.0000000 0.0000000 0.0236722 0.0000000 0.0000000 0.0000000 0.0110428 0.0025849 0.0000000 0.0000000 0.0000000
131 I 131 0.1757875 0.0000000 0.0000000 0.0000000 0.0182626 0.0018746 0.0000000 0.0090514 0.0000000 0.2193843 0.2074245 0.0022929 0.0066570 0.0054844 0.0018695 0.0000000 0.0045601 0.0000000 0.0065226 0.3408286
132 T 132 0.0142206 0.0046381 0.1109055 0.1863001 0.0000000 0.0117907 0.0132822 0.0132069 0.0027221 0.0000000 0.0012835 0.0305975 0.0000000 0.0015542 0.0009220 0.1350660 0.4696383 0.0000000 0.0000000 0.0038723
133 K 133 0.1122491 0.1801977 0.0008599 0.0054163 0.0000000 0.0241076 0.1581462 0.0034815 0.0192611 0.0128009 0.1036410 0.1927760 0.0028119 0.0060805 0.0929343 0.0285671 0.0162981 0.0000000 0.0247396 0.0156311
134 E 134 0.0885874 0.0101278 0.0943656 0.1718550 0.0000000 0.1377208 0.2023881 0.0119279 0.0016153 0.0020449 0.0000000 0.2040747 0.0000000 0.0000000 0.0144265 0.0321509 0.0211506 0.0000000 0.0000000 0.0075644
135 K 135 0.2048060 0.1166301 0.0433212 0.0637934 0.0000000 0.0223540 0.0502040 0.0634592 0.0117916 0.0065304 0.0131545 0.2463800 0.0046877 0.0000000 0.0063799 0.0707489 0.0540007 0.0000000 0.0015756 0.0201829
136 L 136 0.0463454 0.0000000 0.0000000 0.0000000 0.0013357 0.0000000 0.0000000 0.0000000 0.0000000 0.1246026 0.4725643 0.0000000 0.0257576 0.1420733 0.0000000 0.0018191 0.0073156 0.0022695 0.0034823 0.1724346
137 T 137 0.0100002 0.1667780 0.0879239 0.0161145 0.0025702 0.0408232 0.1834635 0.0066018 0.0000000 0.0155151 0.2474607 0.1184939 0.0224483 0.0066244 0.0026888 0.0211668 0.0267359 0.0000000 0.0174983 0.0070924
138 K 138 0.1934113 0.0260785 0.0347643 0.0340585 0.0000000 0.2021174 0.1269815 0.0337835 0.0071230 0.0060849 0.0076348 0.1710408 0.0022259 0.0000000 0.0044056 0.0813463 0.0636436 0.0000000 0.0000000 0.0053000
139 A 139 0.6475080 0.0035028 0.0109666 0.0000000 0.0000000 0.0710917 0.0348795 0.0056598 0.0000000 0.0360060 0.0080621 0.0039131 0.0000000 0.0000000 0.0000000 0.0205628 0.0389931 0.0000000 0.0000000 0.1188545
140 V 140 0.0057271 0.0000000 0.0000000 0.0000000 0.0032627 0.0018354 0.0000000 0.0000000 0.0000000 0.4716284 0.2949830 0.0000000 0.0112765 0.0390758 0.0000000 0.0000000 0.0032136 0.0000000 0.0099716 0.1590259
141 N 141 0.0610570 0.0294886 0.0909570 0.0836883 0.0000000 0.0889934 0.1597522 0.0115371 0.0072879 0.0574121 0.0478667 0.1249056 0.0316469 0.0000000 0.0305119 0.0667837 0.0870067 0.0000000 0.0051054 0.0159996
142 D 142 0.1386649 0.0238064 0.0344471 0.1111719 0.0000000 0.1514239 0.2442775 0.0175574 0.0054507 0.0031971 0.0068795 0.0912995 0.0030934 0.0024782 0.0000000 0.0975643 0.0607697 0.0000000 0.0000000 0.0079184
143 Y 143 0.0094174 0.0015788 0.0032893 0.0000000 0.0000000 0.0012346 0.0000000 0.0000000 0.0000000 0.2414820 0.2718891 0.0000000 0.0648677 0.0083166 0.0000000 0.0018276 0.0024473 0.0000000 0.0035769 0.3900726
144 R 144 0.0000000 0.8931086 0.0041647 0.0000000 0.0000000 0.0000000 0.0000000 0.0000000 0.0034173 0.0087466 0.0758980 0.0020847 0.0000000 0.0000000 0.0000000 0.0031805 0.0058956 0.0000000 0.0000000 0.0035040
145 G 145 0.0085065 0.0000000 0.0164992 0.0031344 0.0000000 0.0418680 0.0000000 0.7412626 0.0000000 0.0000000 0.0016097 0.1553383 0.0000000 0.0000000 0.0000000 0.0317812 0.0000000 0.0000000 0.0000000 0.0000000
146 G 146 0.0179782 0.0084512 0.2272866 0.0340092 0.0000000 0.0000000 0.0103440 0.4904625 0.0153215 0.0000000 0.0000000 0.0166999 0.0000000 0.0000000 0.0039131 0.1493362 0.0241052 0.0000000 0.0000000 0.0020924
147 E 147 0.0711446 0.1541012 0.0257630 0.0454120 0.0000000 0.4407207 0.1118624 0.0198548 0.0197159 0.0000000 0.0000000 0.0470484 0.0000000 0.0000000 0.0000000 0.0410702 0.0179688 0.0000000 0.0000000 0.0053379
148 K 148 0.0191673 0.3776835 0.0510857 0.0055737 0.0000000 0.0278987 0.0081104 0.0142519 0.0115848 0.0000000 0.0012439 0.2724146 0.0030049 0.0000000 0.0118478 0.0470612 0.1490715 0.0000000 0.0000000 0.0000000
149 V 149 0.1369011 0.0000000 0.0000000 0.0020121 0.0035667 0.0013219 0.0030802 0.0054708 0.0000000 0.0620183 0.0000000 0.0000000 0.0030769 0.0000000 0.0000000 0.0038065 0.0000000 0.0000000 0.0000000 0.7787455
150 S 150 0.0044264 0.0078295 0.0853897 0.2330374 0.0000000 0.0330021 0.0315009 0.0045006 0.0022501 0.0154223 0.0000000 0.0113297 0.0160330 0.0000000 0.0000000 0.0242631 0.5109560 0.0000000 0.0000000 0.0200591
151 S 151 0.0048439 0.0000000 0.0557321 0.2916466 0.0000000 0.0017231 0.0112308 0.0040853 0.0000000 0.0000000 0.0000000 0.0000000 0.0000000 0.0000000 0.0000000 0.5250801 0.1056581 0.0000000 0.0000000 0.0000000
152 Q 152 0.2190946 0.0120800 0.0079470 0.0936923 0.0000000 0.3887109 0.0513109 0.0052831 0.0000000 0.0026576 0.0000000 0.0197574 0.0000000 0.0000000 0.1782185 0.0157475 0.0019420 0.0000000 0.0000000 0.0035582
153 N 153 0.0088884 0.0040164 0.4749998 0.1619957 0.0000000 0.0111880 0.0463388 0.0328899 0.0148378 0.0000000 0.0000000 0.0000000 0.0032180 0.0000000 0.0000000 0.1577922 0.0805509 0.0000000 0.0017424 0.0015418
154 Q 154 0.4194486 0.0000000 0.0017284 0.0014309 0.0000000 0.0148843 0.0023716 0.0284334 0.0054225 0.0014358 0.0000000 0.0000000 0.0000000 0.0000000 0.4997919 0.0220884 0.0000000 0.0000000 0.0000000 0.0029643
155 E 155 0.0000000 0.0000000 0.0000000 0.0249470 0.0000000 0.0033776 0.9716753 0.0000000 0.0000000 0.0000000 0.0000000 0.0000000 0.0000000 0.0000000 0.0000000 0.0000000 0.0000000 0.0000000 0.0000000 0.0000000
156 D 156 0.0000000 0.0000000 0.1301559 0.4254364 0.0000000 0.0000000 0.4444077 0.0000000 0.0000000 0.0000000 0.0000000 0.0000000 0.0000000 0.0000000 0.0000000 0.0000000 0.0000000 0.0000000 0.0000000 0.0000000
