  156         A         R         N         D         C         Q         E         G         H         I         L         K         M         F         P         S         T         W         Y         V         X    
  1 M   1 0.0000000 0.0000000 0.0000000 0.0000000 0.0000000 0.0000000 0.0000000 0.0000000 0.0000000 0.0000000 0.0000000 0.0000000 0.6604089 0.0000000 0.0000000 0.0000000 0.0000000 0.0000000 0.0000000 0.0000000 0.3395911
  2 N   2 0.0019528 0.1796703 0.2827702 0.2003436 0.0000000 0.0102422 0.0036343 0.0009024 0.0022304 0.0012725 0.0051450 0.0115075 0.0202922 0.0026541 0.0000000 0.0019479 0.0186392 0.0000000 0.0000000 0.0000000 0.2567954
  3 I   3 0.0249154 0.0015367 0.0000000 0.0000000 0.0000000 0.0264292 0.0000000 0.0027893 0.0031887 0.1478768 0.1665839 0.0000000 0.0679857 0.2234713 0.0530099 0.0226354 0.0260298 0.0089697 0.0155457 0.0200867 0.1889458
  4 N   4 0.0082895 0.0022553 0.2232070 0.2553697 0.0000000 0.0278564 0.2257338 0.0288445 0.0000000 0.0013040 0.0000000 0.0050954 0.0000000 0.0087157 0.0000000 0.0282740 0.0026086 0.0000000 0.0014093 0.0000000 0.1810369
  5 K   5 0.0000000 0.2104213 0.0721614 0.0011817 0.0000000 0.0531716 0.0080460 0.0012247 0.0049581 0.0045923 0.0068133 0.4612548 0.0034708 0.0000000 0.0010798 0.0058589 0.0070988 0.0000000 0.0000000 0.0000000 0.1586665
  6 F   6 0.0000000 0.0000000 0.0000000 0.0000000 0.0014439 0.0000000 0.0000000 0.0000000 0.0000000 0.0014868 0.2112883 0.0000000 0.0516694 0.5374336 0.0100272 0.0000000 0.0000000 0.0090834 0.1183663 0.0000000 0.0592011
  7 T   7 0.0115635 0.0000000 0.0000000 0.0000000 0.0000000 0.0000000 0.0000000 0.0036988 0.0000000 0.0000000 0.0000000 0.0000000 0.0000000 0.0000000 0.0000000 0.0248263 0.9159915 0.0000000 0.0000000 0.0000000 0.0439199
  8 I   8 0.0166768 0.0121114 0.0371787 0.0893027 0.0000000 0.1360386 0.2216201 0.0013871 0.0052707 0.1074952 0.0260027 0.0048824 0.0039106 0.0032710 0.0883690 0.0530610 0.1071018 0.0000000 0.0017461 0.0406542 0.0439199
  9 K   9 0.0077839 0.3051838 0.0122104 0.0039478 0.0000000 0.0322055 0.0000000 0.0000000 0.0000000 0.0018928 0.0064531 0.5352502 0.0317628 0.0000000 0.0022544 0.0074026 0.0102079 0.0000000 0.0036988 0.0000000 0.0397460
 10 L  10 0.3927102 0.0000000 0.0000000 0.0000000 0.0025080 0.0000000 0.0000000 0.0031231 0.0000000 0.0000000 0.0837352 0.0000000 0.0155957 0.1044168 0.0024589 0.2633575 0.0457839 0.0000000 0.0000000 0.0473670 0.0389438
 11 Q  11 0.0083793 0.1496177 0.0118326 0.0000000 0.0000000 0.5101716 0.0037221 0.0016667 0.0049451 0.0309816 0.0364497 0.1062653 0.0070530 0.0013309 0.0000000 0.0078344 0.0040121 0.0608672 0.0030011 0.0129261 0.0389438
 12 E  12 0.0300394 0.0714663 0.0205407 0.0217777 0.0000000 0.1098827 0.4076720 0.0769704 0.0000000 0.0090043 0.0312451 0.1136163 0.0145166 0.0017315 0.0000000 0.0292595 0.0223374 0.0000000 0.0000000 0.0036910 0.0362492
 13 A  13 0.6027962 0.0000000 0.0000000 0.0015230 0.0025656 0.0000000 0.0000000 0.0196086 0.0000000 0.0138292 0.0148770 0.0000000 0.0054983 0.0734064 0.0000000 0.0154571 0.0093124 0.0017609 0.0000000 0.2043127 0.0350525
 14 L  14 0.0025523 0.0000000 0.0000000 0.0000000 0.0000000 0.0000000 0.0000000 0.0000000 0.0000000 0.3153547 0.4376202 0.0000000 0.0131082 0.0300313 0.0000000 0.0000000 0.0000000 0.0000000 0.0016737 0.1646070 0.0350525
 15 A  15 0.1586669 0.0058922 0.0441644 0.0027533 0.0000000 0.3166543 0.0861671 0.0273145 0.0076933 0.0133248 0.0217552 0.0070051 0.0358970 0.0042214 0.0000000 0.1053074 0.0188570 0.0000000 0.0039235 0.1053501 0.0350525
 16 E  16 0.1330072 0.0354501 0.0450045 0.1715373 0.0000000 0.0518030 0.1211485 0.0262400 0.0059785 0.0073170 0.1667151 0.0481376 0.0037032 0.0061526 0.0000000 0.1075007 0.0252914 0.0000000 0.0040859 0.0058749 0.0350525
 17 A  17 0.7786175 0.0000000 0.0000000 0.0000000 0.0197999 0.0000000 0.0000000 0.0050086 0.0000000 0.0018140 0.0052181 0.0000000 0.0046580 0.0000000 0.0000000 0.1219144 0.0262537 0.0000000 0.0000000 0.0016633 0.0350525
 18 Q  18 0.0230343 0.0132191 0.0062973 0.0047102 0.0000000 0.5681079 0.0454402 0.0080672 0.0264262 0.0287638 0.0630483 0.0113940 0.0229854 0.0098233 0.0260973 0.0226637 0.0065771 0.0017654 0.0108161 0.0657109 0.0350525
 19 S  19 0.0279702 0.0458384 0.0779772 0.1046247 0.0000000 0.0988714 0.1760149 0.0182790 0.0039030 0.0000000 0.0095291 0.0518378 0.0143802 0.0000000 0.0000000 0.2348102 0.0982383 0.0000000 0.0000000 0.0026731 0.0350525
 20 Y  20 0.0305311 0.0155566 0.0094682 0.0041387 0.0012548 0.0113688 0.2072781 0.0000000 0.0055135 0.1959443 0.3199913 0.0125094 0.0239234 0.0110863 0.0000000 0.0265030 0.0293340 0.0000000 0.0088137 0.0517324 0.0350525
 21 A  21 0.8831821 0.0000000 0.0000000 0.0000000 0.0023818 0.0000000 0.0000000 0.0090626 0.0000000 0.0025523 0.0028390 0.0000000 0.0158947 0.0000000 0.0000000 0.0089961 0.0154452 0.0000000 0.0016381 0.0229556 0.0350525
 22 F  22 0.0589931 0.1559101 0.0047268 0.0051734 0.0000000 0.0863952 0.0378406 0.0166422 0.0055657 0.0726271 0.1637901 0.0708126 0.0393016 0.0050477 0.0018976 0.0479918 0.0406184 0.0000000 0.0203416 0.1312719 0.0350525
 23 Q  23 0.1009181 0.2403245 0.0168864 0.0370919 0.0000000 0.1146039 0.1033622 0.1491740 0.0032871 0.0039555 0.0125691 0.0616178 0.0270996 0.0000000 0.0014091 0.0546904 0.0331039 0.0000000 0.0000000 0.0048540 0.0350525
 24 Q  24 0.0843481 0.1317190 0.0948598 0.0132172 0.0043736 0.0283828 0.0494050 0.0068678 0.0563928 0.0008774 0.1846912 0.0543761 0.0521899 0.0511002 0.0000000 0.0417964 0.0000000 0.0012007 0.1100121 0.0008187 0.0333714
 25 K  25 0.0038436 0.0196429 0.1190026 0.1643311 0.0000000 0.0680641 0.0173430 0.4227271 0.0209679 0.0000000 0.0000000 0.0592077 0.0000000 0.0025259 0.0000000 0.0531109 0.0062020 0.0000000 0.0096598 0.0000000 0.0333714
 26 A  26 0.0092174 0.0033010 0.2483232 0.0240517 0.0013998 0.1097818 0.0016188 0.0000000 0.5439227 0.0000000 0.0000000 0.0000000 0.0000000 0.0000000 0.0000000 0.0157928 0.0033381 0.0000000 0.0058812 0.0000000 0.0333714
 27 T  27 0.0365586 0.0011697 0.1453229 0.0051691 0.0000000 0.4887326 0.0244009 0.0131762 0.0076168 0.0012012 0.0000000 0.0087366 0.0067470 0.0000000 0.1115663 0.0708533 0.0398843 0.0000000 0.0000000 0.0054929 0.0333714
 28 E  28 0.0566157 0.0355912 0.0243704 0.0212572 0.0000000 0.2550180 0.1375297 0.0070653 0.0086665 0.0256806 0.0072694 0.0039315 0.0051542 0.0828801 0.0019705 0.0325260 0.0264231 0.0000000 0.2122759 0.0224034 0.0333714
 29 F  29 0.0035409 0.0000000 0.0000000 0.0000000 0.0000000 0.0000000 0.0000000 0.0000000 0.0000000 0.5163601 0.1259426 0.0000000 0.0151862 0.0324411 0.0000000 0.0000000 0.0080891 0.0031247 0.0024822 0.2594618 0.0333714
 30 T  30 0.0243911 0.0174009 0.0058238 0.1523571 0.0012439 0.0098042 0.4013753 0.1921888 0.0034846 0.0043386 0.0076935 0.0186842 0.0094734 0.0035737 0.0000000 0.0338968 0.0717065 0.0000000 0.0039895 0.0052028 0.0333714
 31 S  31 0.0366388 0.0000000 0.0334191 0.0090257 0.0041637 0.0374602 0.0192254 0.0250534 0.0000000 0.0056546 0.0062803 0.0000000 0.0000000 0.0000000 0.4022779 0.0527472 0.2442793 0.0000000 0.0000000 0.0904031 0.0333714
 32 A  32 0.0771544 0.0000000 0.0000000 0.0054906 0.0000000 0.0137502 0.5625237 0.0136488 0.0010078 0.0790300 0.0704600 0.0025950 0.0035754 0.0038725 0.0057563 0.0117774 0.0118514 0.0070114 0.0000000 0.0971239 0.0333714
 33 H  33 0.0000000 0.0026946 0.0012811 0.0033010 0.0022540 0.0156029 0.0000000 0.0000000 0.9302668 0.0000000 0.0000000 0.0000000 0.0021763 0.0090519 0.0000000 0.0000000 0.0000000 0.0000000 0.0000000 0.0000000 0.0333714
 34 I  34 0.0025378 0.0000000 0.0000000 0.0000000 0.0000000 0.0000000 0.0000000 0.0000000 0.0000000 0.1872201 0.6652048 0.0000000 0.0105140 0.0175099 0.0000000 0.0000000 0.0000000 0.0000000 0.0000000 0.0836420 0.0333714
 35 L  35 0.0446599 0.0000000 0.0048269 0.0000000 0.0022304 0.0000000 0.0000000 0.0013413 0.0094260 0.0183349 0.6866397 0.0000000 0.1079742 0.0739865 0.0000000 0.0016803 0.0014138 0.0024513 0.0012097 0.0104537 0.0333714
 36 K  36 0.0739761 0.0137071 0.0033894 0.0120163 0.0032657 0.0319506 0.0060066 0.0045510 0.0097352 0.0173553 0.3543819 0.2171580 0.0177667 0.0093464 0.0000000 0.0632427 0.0190311 0.0020794 0.0644128 0.0432562 0.0333714
 37 A  37 0.6046171 0.0000000 0.0021239 0.0000000 0.0026427 0.0000000 0.0044894 0.2209956 0.0000000 0.0024409 0.0000000 0.0012598 0.0000000 0.0018012 0.0000000 0.0519590 0.0159354 0.0000000 0.0000000 0.0559123 0.0358227
 38 L  38 0.0017214 0.0000000 0.0000000 0.0000000 0.0000000 0.0000000 0.0000000 0.0000000 0.0000000 0.0785590 0.7836181 0.0000000 0.0735833 0.0073596 0.0000000 0.0000000 0.0028546 0.0000000 0.0000000 0.0189325 0.0333714
 39 L  39 0.0132823 0.0000000 0.0000000 0.0000000 0.0010710 0.0026451 0.0016996 0.0000000 0.0000000 0.1907954 0.5729059 0.0000000 0.0459344 0.0179145 0.0000000 0.0028387 0.0098974 0.0009793 0.0000000 0.1060091 0.0340273
 40 E  40 0.0384632 0.1550748 0.0766562 0.1726557 0.0018198 0.0658874 0.2029824 0.0400951 0.0315786 0.0053834 0.0128753 0.0428834 0.0127187 0.0028453 0.0000000 0.0446634 0.0466170 0.0000000 0.0000000 0.0115598 0.0352405
 41 Q  41 0.0088838 0.0000000 0.0091873 0.1608584 0.0000000 0.4386880 0.2143102 0.0013356 0.0037795 0.0128783 0.0084313 0.0251010 0.0011654 0.0000000 0.0071685 0.0075002 0.0144813 0.0000000 0.0036988 0.0491610 0.0333714
 42 N  42 0.0324262 0.0224388 0.0277480 0.1292599 0.0000000 0.0535074 0.2180067 0.2173431 0.0033991 0.0000000 0.0000000 0.0740470 0.0040352 0.0000000 0.0707747 0.0551589 0.0290689 0.0000000 0.0019776 0.0021942 0.0586143
 43 D  43 0.0106190 0.0055450 0.0683068 0.2595763 0.0000000 0.0628534 0.3417082 0.1319021 0.0021295 0.0000000 0.0000000 0.0189249 0.0016805 0.0000000 0.0046007 0.0328069 0.0259752 0.0000000 0.0000000 0.0000000 0.0333714
 44 S  44 0.0080550 0.0069853 0.0676488 0.0194456 0.0000000 0.0022662 0.0069772 0.7272186 0.0010750 0.0000000 0.0000000 0.0061253 0.0000000 0.0000000 0.0036988 0.1060415 0.0047367 0.0000000 0.0000000 0.0000000 0.0397260
 45 V  45 0.0236858 0.0000000 0.0067681 0.0000000 0.0000000 0.0000000 0.0000000 0.0290520 0.0000000 0.1453645 0.3185995 0.0050884 0.0342658 0.0173895 0.0123174 0.0699070 0.0433569 0.0000000 0.0000000 0.2564488 0.0377563
 46 A  46 0.4185308 0.0000000 0.0000000 0.0000000 0.0053668 0.0000000 0.0000000 0.0130318 0.0000000 0.1716704 0.0313038 0.0000000 0.0100375 0.0041477 0.0036380 0.0193908 0.0762528 0.0000000 0.0000000 0.1970680 0.0495617
 47 I  47 0.2758739 0.1312285 0.0244179 0.0061090 0.0011387 0.0182272 0.0216077 0.0514032 0.0086749 0.0184464 0.0234039 0.0414640 0.0000000 0.0054993 0.1810863 0.0666266 0.0293779 0.0000000 0.0069211 0.0481253 0.0403681
 48 S  48 0.0517132 0.1954462 0.0665401 0.0060196 0.0000000 0.0792310 0.0131657 0.0538493 0.0091310 0.0014940 0.0063487 0.1274361 0.0047320 0.0551275 0.1623082 0.0911841 0.0134278 0.0000000 0.0244165 0.0043324 0.0340965
 49 I  49 0.0655105 0.0000000 0.0000000 0.0000000 0.0000000 0.0000000 0.0000000 0.0000000 0.0000000 0.2283411 0.4637721 0.0000000 0.0060847 0.0051220 0.0000000 0.0037713 0.0038783 0.0000000 0.0000000 0.1901486 0.0333714
 50 L  50 0.0090268 0.0000000 0.0018710 0.0000000 0.0028762 0.0000000 0.0000000 0.0000000 0.0000000 0.1446969 0.6236866 0.0000000 0.0133707 0.1309807 0.0000000 0.0000000 0.0000000 0.0000000 0.0078366 0.0322831 0.0333714
 51 S  51 0.0739804 0.0537571 0.0437829 0.0548009 0.0009556 0.1539218 0.2011642 0.0301301 0.0018539 0.0091670 0.0032689 0.1335455 0.0068171 0.0008322 0.0009822 0.0649235 0.1047046 0.0000000 0.0041243 0.0239165 0.0333714
 52 V  52 0.0955302 0.1459850 0.0530481 0.0114755 0.0000000 0.0827025 0.0226455 0.0070909 0.0084545 0.0023914 0.0161110 0.3832377 0.0110418 0.0000000 0.0000000 0.0962439 0.0098486 0.0000000 0.0116030 0.0092189 0.0333714
 53 C  53 0.2854193 0.0000000 0.0049924 0.0000000 0.0199526 0.0052995 0.0041898 0.0008297 0.0011352 0.0452325 0.2827730 0.0027997 0.1738093 0.0113439 0.0000000 0.0354085 0.0239562 0.0000000 0.0039599 0.0655272 0.0333714
 54 G  54 0.0132747 0.0011535 0.0895027 0.0450760 0.0014244 0.0146288 0.0421556 0.7217834 0.0041501 0.0000000 0.0000000 0.0126288 0.0000000 0.0000000 0.0000000 0.0160561 0.0028336 0.0000000 0.0000000 0.0000000 0.0353324
 55 V  55 0.1592683 0.0033572 0.0010865 0.0000000 0.0078348 0.0033816 0.0000000 0.1101034 0.0000000 0.1876598 0.0592696 0.0083469 0.0069577 0.0100737 0.0025363 0.0038500 0.0170935 0.0000000 0.0067728 0.3790364 0.0333714
 56 N  56 0.0232089 0.0263652 0.2990421 0.3154046 0.0000000 0.0383439 0.0286821 0.0117578 0.0071654 0.0000000 0.0000000 0.0100876 0.0000000 0.0000000 0.0439132 0.1144724 0.0399910 0.0000000 0.0022540 0.0034315 0.0358804
 57 I  57 0.0874927 0.0290064 0.0220957 0.0000000 0.0000000 0.0065048 0.0109475 0.0184786 0.0059707 0.0834331 0.1992502 0.0295020 0.0064984 0.0071311 0.1793224 0.0420093 0.0495351 0.0010345 0.0072373 0.1803849 0.0341651
 58 Q  58 0.1073389 0.0357666 0.1066803 0.1172062 0.0000000 0.0894676 0.1476525 0.0467991 0.0093289 0.0058802 0.0033231 0.0699621 0.0064152 0.0000000 0.0738787 0.0744248 0.0586663 0.0000000 0.0022205 0.0104053 0.0345836
 59 N  59 0.1843228 0.1133326 0.0216323 0.0509899 0.0000000 0.0982774 0.0405871 0.0496168 0.0096576 0.0176215 0.0590021 0.1268587 0.0132733 0.0067418 0.0096853 0.0689727 0.0570061 0.0000000 0.0082692 0.0295693 0.0345836
 60 F  60 0.0732225 0.0000000 0.0000000 0.0000000 0.0014059 0.0000000 0.0000000 0.0000000 0.0000000 0.1351452 0.3589791 0.0000000 0.0129146 0.0992072 0.0000000 0.0015439 0.0066111 0.0000000 0.0206658 0.2569333 0.0333714
 61 I  61 0.0544281 0.2887438 0.0241413 0.0107558 0.0000000 0.0917855 0.0537972 0.0160737 0.0118647 0.0538825 0.1258716 0.0937394 0.0068938 0.0035576 0.0056942 0.0297445 0.0480442 0.0000000 0.0073163 0.0402945 0.0333714
 62 K  62 0.1088553 0.0628873 0.0867100 0.0607143 0.0000000 0.1913745 0.0827680 0.0292477 0.0037044 0.0172584 0.0175881 0.0768048 0.0103967 0.0000000 0.0034369 0.1089087 0.0875861 0.0012364 0.0016188 0.0155322 0.0333714
 63 A  63 0.2152499 0.0713547 0.0096431 0.0638401 0.0000000 0.1405156 0.1900325 0.0399115 0.0011762 0.0207480 0.0404389 0.0659539 0.0057152 0.0022062 0.0020179 0.0426083 0.0183102 0.0010986 0.0051591 0.0306487 0.0333714
 64 V  64 0.0706862 0.0000000 0.0124419 0.0000000 0.0031191 0.0000000 0.0000000 0.0032178 0.0000000 0.0963731 0.3047612 0.0000000 0.0074170 0.0039104 0.0000000 0.0009864 0.0991125 0.0022304 0.0000000 0.3623727 0.0333714
 65 N  65 0.0405684 0.0485711 0.0605762 0.1734268 0.0000000 0.0661667 0.3160117 0.0254613 0.0053444 0.0456933 0.0335980 0.0461657 0.0094024 0.0000000 0.0000000 0.0467254 0.0323321 0.0000000 0.0035530 0.0105017 0.0359017
 66 D  66 0.1592494 0.0928131 0.0463269 0.0633324 0.0000000 0.1629495 0.1536862 0.0138623 0.0085770 0.0060058 0.0220914 0.1210523 0.0018447 0.0068229 0.0000000 0.0577677 0.0392716 0.0000000 0.0025523 0.0084230 0.0333714
 67 M  67 0.2412749 0.0080393 0.0046348 0.0128915 0.0020359 0.0394608 0.1677410 0.0125861 0.0109913 0.0967927 0.1464460 0.0310789 0.0438853 0.0563745 0.0000000 0.0200620 0.0239870 0.0019976 0.0062310 0.0401180 0.0333714
 68 V  68 0.0094452 0.0200280 0.0000000 0.0000000 0.0024077 0.0011665 0.0000000 0.0012732 0.0012634 0.3022652 0.4882571 0.0000000 0.0136144 0.0060846 0.0000000 0.0027360 0.0099894 0.0000000 0.0000000 0.1080979 0.0333714
 69 D  69 0.1081828 0.0448045 0.0771452 0.1601915 0.0000000 0.0527852 0.1433609 0.1951276 0.0026713 0.0016662 0.0080237 0.0502530 0.0000000 0.0000000 0.0018214 0.0913583 0.0165543 0.0000000 0.0000000 0.0101962 0.0358578
 70 S  70 0.0661357 0.2726154 0.0473365 0.0063426 0.0000000 0.0459913 0.0341037 0.0513939 0.0294428 0.0000000 0.0031768 0.2542697 0.0011115 0.0000000 0.0023248 0.0964241 0.0341306 0.0000000 0.0022485 0.0042781 0.0486739
 71 V  71 0.0178752 0.0475668 0.0082371 0.0043841 0.0000000 0.1010836 0.0054762 0.0988972 0.0000000 0.0531991 0.3590642 0.0471871 0.0460887 0.0549302 0.0000000 0.0189839 0.0191930 0.0000000 0.0470745 0.0181157 0.0526434
 72 A  72 0.0514851 0.0150778 0.0047527 0.0092373 0.0000000 0.0108980 0.0208122 0.0073274 0.0010728 0.0000000 0.0000000 0.0023938 0.0000000 0.0014745 0.7209810 0.0174225 0.0145479 0.0000000 0.0000000 0.0077859 0.1147311
 73 V  73 0.0412663 0.1250444 0.0071277 0.0018367 0.0000000 0.0819968 0.0350438 0.0130702 0.0144925 0.0023959 0.0000000 0.3924268 0.0034857 0.0009580 0.0013573 0.0689862 0.0510801 0.0000000 0.0000000 0.0424251 0.1170067
 74 L  74 0.0673676 0.0000000 0.0033260 0.0024904 0.0000000 0.0214164 0.0039260 0.0069077 0.0000000 0.0551175 0.0324746 0.0033890 0.0134048 0.0064523 0.0077467 0.0172797 0.0150441 0.0000000 0.0012632 0.6175903 0.1248038
 75 S  75 0.0229281 0.0118109 0.0052432 0.0028701 0.0000000 0.1167882 0.1178117 0.0099673 0.0142669 0.0045392 0.0120573 0.0141440 0.0032704 0.0000000 0.0055467 0.4041138 0.1198244 0.0000000 0.0297026 0.0121214 0.0929939
 76 G  76 0.0130109 0.0008248 0.0426626 0.0120923 0.0000000 0.0461721 0.0050574 0.7454254 0.0032859 0.0000000 0.0016624 0.0030029 0.0000000 0.0016525 0.0038113 0.0236919 0.0044307 0.0000000 0.0000000 0.0056263 0.0875908
 77 E  77 0.1139386 0.0054582 0.0248482 0.0502244 0.0013266 0.0390306 0.0398025 0.0943047 0.0102121 0.0123305 0.0038586 0.0103323 0.0039108 0.0122299 0.1035183 0.1504009 0.0687422 0.0000000 0.0065936 0.0215617 0.2273753
 78 G  78 0.0247211 0.0026982 0.0381483 0.0097101 0.0000000 0.0151698 0.0155568 0.3067215 0.0068341 0.0126302 0.0021524 0.0072341 0.0042455 0.0046690 0.0789047 0.0987640 0.0888901 0.0000000 0.0114451 0.0236232 0.2478818
 79 N  79 0.1850894 0.0105321 0.0478802 0.0317835 0.0000000 0.0382869 0.0407563 0.0247403 0.0028093 0.0091941 0.0098056 0.0043287 0.0170163 0.0016525 0.0690954 0.0926082 0.0606793 0.0000000 0.0000000 0.0596438 0.2940979
 80 P  80 0.1061904 0.0013280 0.0131249 0.0347523 0.0000000 0.0483760 0.0406626 0.4563998 0.0010407 0.0011699 0.0009561 0.0026092 0.0040000 0.0000000 0.0155816 0.0839380 0.0312959 0.0000000 0.0064824 0.0231956 0.1288965
 81 Q  81 0.0179247 0.0106836 0.0713212 0.1198729 0.0000000 0.3054764 0.1293170 0.0393338 0.0397943 0.0008711 0.0064741 0.0376654 0.0022362 0.0000000 0.0182088 0.0482804 0.0181794 0.0000000 0.0046791 0.0012999 0.1283815
 82 V  82 0.0274195 0.0105521 0.0010455 0.0000000 0.0000000 0.0319275 0.0037795 0.0000000 0.0000000 0.2150674 0.0926874 0.0011736 0.0375011 0.0035430 0.1515068 0.0114366 0.0293415 0.0000000 0.0030728 0.2847986 0.0951471
 83 T  83 0.0202666 0.0318966 0.0284257 0.0034665 0.0000000 0.1385796 0.0026937 0.0548627 0.0518857 0.0050291 0.0063626 0.0026946 0.0233503 0.0306872 0.0675568 0.0497925 0.0380561 0.0000000 0.3289074 0.0070060 0.1084803
 84 P  84 0.0541959 0.0013280 0.0013208 0.0000000 0.0020359 0.0011864 0.0000000 0.0098431 0.0000000 0.1242127 0.3359559 0.0064843 0.0534273 0.1366625 0.0575500 0.0063112 0.0018539 0.0037518 0.0389974 0.1065171 0.0583657
 85 S  85 0.0388966 0.0000000 0.0328872 0.0384577 0.0000000 0.0000000 0.0036336 0.1398240 0.0000000 0.0000000 0.0053922 0.0024759 0.0000000 0.0000000 0.0000000 0.4341791 0.2450999 0.0000000 0.0000000 0.0011264 0.0580273
 86 R  86 0.0293355 0.2230114 0.1151014 0.0011392 0.0000000 0.1601337 0.0362167 0.0259424 0.0062559 0.0000000 0.0012579 0.0215963 0.0016437 0.0000000 0.2363743 0.0564555 0.0161045 0.0000000 0.0074593 0.0035691 0.0584032
 87 D  87 0.0789467 0.2326405 0.0309045 0.1868099 0.0000000 0.0552030 0.1599103 0.0292523 0.0080626 0.0046088 0.0039722 0.0281073 0.0000000 0.0015001 0.0193924 0.0654107 0.0242205 0.0000000 0.0058642 0.0075056 0.0576884
 88 L  88 0.2081385 0.0000000 0.0000000 0.0000000 0.0017229 0.0012788 0.0000000 0.0113258 0.0000000 0.0176013 0.4324135 0.0000000 0.0348285 0.0502681 0.0036556 0.0409154 0.1029795 0.0000000 0.0067222 0.0304614 0.0576884
 89 I  89 0.1073403 0.0286882 0.1648408 0.0618001 0.0000000 0.0627731 0.0287291 0.0869709 0.0088656 0.0446408 0.0508670 0.1177725 0.0066590 0.0044755 0.0016382 0.0745672 0.0286276 0.0000000 0.0000000 0.0573064 0.0634375
 90 A  90 0.0552826 0.2572498 0.0528758 0.0160656 0.0000000 0.0990198 0.0507416 0.0081628 0.0040792 0.0034561 0.0077101 0.2687803 0.0045001 0.0000000 0.0028141 0.0404654 0.0473982 0.0000000 0.0021804 0.0157805 0.0634375
 91 T  91 0.0908986 0.0000000 0.0033905 0.0091726 0.0030835 0.0014598 0.0022993 0.0007916 0.0023237 0.0864020 0.2386174 0.0000000 0.0185118 0.0059916 0.0000000 0.0137533 0.0409944 0.0052236 0.0009111 0.4068864 0.0692887
 92 L  92 0.0016245 0.0000000 0.0000000 0.0016382 0.0032956 0.0000000 0.0000000 0.0049382 0.0000000 0.0929246 0.6635025 0.0000000 0.0178423 0.1077206 0.0000000 0.0013868 0.0020923 0.0028893 0.0012585 0.0213792 0.0775074
 93 H  93 0.0730690 0.0136804 0.1872325 0.1622197 0.0000000 0.0710076 0.1396234 0.0067875 0.0057497 0.0350201 0.0314864 0.0109347 0.0166888 0.0000000 0.0000000 0.0274065 0.0723755 0.0000000 0.0037590 0.0638139 0.0791455
 94 K  94 0.0882456 0.0970466 0.0608017 0.0317318 0.0013051 0.0837626 0.0896297 0.0109697 0.0121567 0.0156453 0.2207729 0.1026067 0.0054212 0.0069856 0.0000000 0.0198264 0.0431557 0.0000000 0.0139331 0.0184964 0.0775074
 95 M  95 0.6828257 0.0000000 0.0000000 0.0000000 0.0483258 0.0000000 0.0000000 0.0053155 0.0000000 0.0000000 0.0047650 0.0000000 0.0163383 0.0000000 0.0000000 0.1140382 0.0440534 0.0000000 0.0000000 0.0033526 0.0809855
 96 Q  96 0.0319057 0.0252410 0.0071503 0.1635905 0.0000000 0.1077827 0.3365778 0.0179043 0.0079193 0.0142060 0.0644471 0.0119890 0.0276080 0.0261883 0.0024527 0.0240190 0.0099991 0.0054665 0.0046891 0.0298781 0.0809855
 97 E  97 0.0405379 0.1058056 0.0347855 0.1619651 0.0000000 0.0635968 0.1379807 0.0126394 0.0014862 0.0151563 0.0026922 0.2844811 0.0046069 0.0000000 0.0000000 0.0296381 0.0177536 0.0000000 0.0000000 0.0058890 0.0809855
 98 L  98 0.0393665 0.0138627 0.0038836 0.0049587 0.0047903 0.0281305 0.3808481 0.0036778 0.0190246 0.1174120 0.1563086 0.0096460 0.0063534 0.0293525 0.0000000 0.0106733 0.0047425 0.0019776 0.0556894 0.0283165 0.0809855
 99 A  99 0.6943643 0.0416765 0.0000000 0.0000000 0.0019895 0.0126286 0.0000000 0.0138888 0.0000000 0.0062583 0.0102218 0.0291976 0.0429241 0.0000000 0.0000000 0.0514300 0.0125912 0.0000000 0.0000000 0.0011289 0.0817003
100 N 100 0.0368314 0.0929700 0.0137039 0.0444917 0.0000000 0.1986423 0.0539799 0.0296824 0.0071495 0.0249269 0.0403398 0.2873303 0.0043033 0.0000000 0.0010680 0.0278533 0.0440519 0.0000000 0.0000000 0.0109750 0.0817003
101 K 101 0.0525771 0.1263858 0.0331116 0.0270968 0.0000000 0.1493418 0.1036633 0.0156649 0.0049221 0.0019824 0.0058869 0.3142700 0.0009256 0.0030656 0.0020913 0.0424125 0.0215932 0.0000000 0.0000000 0.0055982 0.0894110
102 N 102 0.0943434 0.1016943 0.0232273 0.0012089 0.0000000 0.0037654 0.0022194 0.0039197 0.0078873 0.0037420 0.2618686 0.0078999 0.2254778 0.1129733 0.0000000 0.0091398 0.0000000 0.0119365 0.0301406 0.0014414 0.0971144
103 G 103 0.0043386 0.0145255 0.0661447 0.0187702 0.0000000 0.0531112 0.0269870 0.4763500 0.0109097 0.0000000 0.0016393 0.2104175 0.0000000 0.0000000 0.0000000 0.0163519 0.0033400 0.0000000 0.0000000 0.0000000 0.0971144
104 D 104 0.0000000 0.0000000 0.0000000 0.7686263 0.0000000 0.0000000 0.0000000 0.0000000 0.1301692 0.0000000 0.0000000 0.0000000 0.0000000 0.0000000 0.0000000 0.0048701 0.0022855 0.0000000 0.0000000 0.0000000 0.0940489
105 E 105 0.0382625 0.0013066 0.0865919 0.0780901 0.0000000 0.1009469 0.3213566 0.0047791 0.0036055 0.0000000 0.0034088 0.0440582 0.0000000 0.0000000 0.0030656 0.1927882 0.0276912 0.0000000 0.0000000 0.0000000 0.0940489
106 F 106 0.0000000 0.0000000 0.0137815 0.0000000 0.0000000 0.0000000 0.0000000 0.0000000 0.0041061 0.0000000 0.0000000 0.0000000 0.0000000 0.2997820 0.0000000 0.0000000 0.0000000 0.0000000 0.5838337 0.0044478 0.0940489
107 I 107 0.0081179 0.0000000 0.0000000 0.0000000 0.0015347 0.0000000 0.0000000 0.0000000 0.0000000 0.3642455 0.0498680 0.0000000 0.0058289 0.0000000 0.0000000 0.0000000 0.0192350 0.0000000 0.0000000 0.4571211 0.0940489
108 S 108 0.0827373 0.0000000 0.0000000 0.0000000 0.0000000 0.0000000 0.0036556 0.1447795 0.0000000 0.0018025 0.0000000 0.0000000 0.0000000 0.0000000 0.0200837 0.5772748 0.0731781 0.0000000 0.0000000 0.0024396 0.0940489
109 S 109 0.0290863 0.0000000 0.0000000 0.0000000 0.0042687 0.0137271 0.0000000 0.0034055 0.0000000 0.0718463 0.0227790 0.0000000 0.0000000 0.0000000 0.0000000 0.1422087 0.3057072 0.0000000 0.0000000 0.3129222 0.0940489
110 E 110 0.0000000 0.0000000 0.0000000 0.0306829 0.0000000 0.0046631 0.8681363 0.0000000 0.0000000 0.0000000 0.0000000 0.0000000 0.0000000 0.0000000 0.0000000 0.0024688 0.0000000 0.0000000 0.0000000 0.0000000 0.0940489
111 V 111 0.0039823 0.0908706 0.0022161 0.0000000 0.0015359 0.0120261 0.0000000 0.0018025 0.6024635 0.0129440 0.0943674 0.0000000 0.0219783 0.0050080 0.0190287 0.0042012 0.0039801 0.0125576 0.0017838 0.0152050 0.0940489
112 F 112 0.0029953 0.0000000 0.0000000 0.0000000 0.0000000 0.0000000 0.0000000 0.0000000 0.0000000 0.2135292 0.4607417 0.0000000 0.0237733 0.1267210 0.0000000 0.0000000 0.0000000 0.0000000 0.0030198 0.0751709 0.0940489
113 L 113 0.0051077 0.0000000 0.0000000 0.0000000 0.0000000 0.0000000 0.0000000 0.0000000 0.0000000 0.0562710 0.6021513 0.0000000 0.0320660 0.1115595 0.0012768 0.0000000 0.0019718 0.0050374 0.0141246 0.0763851 0.0940489
114 L 114 0.0207277 0.0045269 0.0000000 0.0000000 0.0027801 0.0198950 0.0000000 0.0009945 0.0000000 0.0568841 0.6882057 0.0016551 0.0374860 0.0068111 0.0012308 0.0034095 0.0121173 0.0030592 0.0011007 0.0450675 0.0940489
115 A 115 0.5801008 0.0028701 0.0014787 0.0000000 0.0063046 0.0000000 0.0032394 0.2579557 0.0000000 0.0000000 0.0000000 0.0000000 0.0000000 0.0000000 0.0019718 0.0360822 0.0092540 0.0000000 0.0000000 0.0066938 0.0940489
116 S 116 0.0847721 0.0000000 0.0000000 0.0000000 0.0045208 0.0000000 0.0000000 0.0026600 0.0000000 0.1365088 0.5001109 0.0000000 0.0655407 0.0438487 0.0000000 0.0154695 0.0012826 0.0000000 0.0191617 0.0320755 0.0940489
117 L 117 0.2153723 0.0000000 0.0000000 0.0012472 0.0216939 0.0027584 0.0000000 0.0034808 0.0046704 0.1628816 0.2284606 0.0000000 0.0391232 0.0558306 0.0024882 0.0285237 0.0433447 0.0000000 0.0065279 0.0876068 0.0959896
118 E 118 0.0432778 0.1484160 0.0244147 0.1180334 0.0000000 0.0565917 0.1962018 0.0424096 0.0060549 0.0039210 0.0130952 0.1428132 0.0201330 0.0000000 0.0035262 0.0526636 0.0239842 0.0000000 0.0018012 0.0066728 0.0959896
119 D 119 0.0251401 0.0000000 0.0872683 0.2514289 0.0000000 0.0182346 0.2787700 0.0603604 0.0131296 0.0012898 0.0040696 0.0055401 0.0018970 0.0000000 0.0036111 0.0928025 0.0250317 0.0000000 0.0000000 0.0346028 0.0968235
120 K 120 0.0096867 0.0239819 0.0534990 0.0487859 0.0015724 0.0151645 0.0205372 0.3244298 0.0014138 0.0021940 0.0032100 0.1745562 0.0021206 0.0000000 0.0349968 0.1243605 0.0591682 0.0000000 0.0036340 0.0009659 0.0957228
121 S 121 0.0365926 0.0689053 0.0318995 0.1237108 0.0010929 0.0084988 0.2122799 0.0854184 0.0037898 0.0000000 0.0011297 0.0197360 0.0000000 0.0011424 0.0902131 0.1527822 0.0584860 0.0000000 0.0000000 0.0079924 0.0963302
122 L 122 0.3931865 0.0000000 0.0010021 0.0000000 0.0048328 0.0033728 0.0040076 0.0249684 0.0000000 0.0694823 0.1026698 0.0048531 0.0141670 0.0505849 0.0029298 0.0276037 0.0626624 0.0000000 0.0015219 0.1270680 0.1050868
123 T 123 0.2916693 0.0235108 0.0013664 0.0026911 0.0000000 0.0130941 0.0161914 0.2929850 0.0000000 0.0000000 0.0061594 0.0949669 0.0000000 0.0012472 0.0063406 0.1008500 0.0226800 0.0000000 0.0032698 0.0165621 0.1064160
124 G 124 0.0201303 0.2247815 0.0141232 0.0705235 0.0000000 0.1602714 0.0904252 0.0275254 0.0082786 0.0000000 0.0057990 0.2006203 0.0000000 0.0000000 0.0025369 0.0320012 0.0292967 0.0000000 0.0029909 0.0048872 0.1058085
125 L 125 0.0906860 0.0019718 0.0038294 0.0009392 0.0037921 0.0054535 0.0061284 0.0000000 0.0000000 0.2715241 0.2610617 0.0000000 0.0258430 0.0089180 0.0000000 0.0062861 0.0142777 0.0000000 0.0064369 0.1920702 0.1007819
126 Y 126 0.0335280 0.0000000 0.0066335 0.0000000 0.0033348 0.0000000 0.0000000 0.0000000 0.0011938 0.0095382 0.6968174 0.0000000 0.0190775 0.1215349 0.0000000 0.0000000 0.0000000 0.0021021 0.0057345 0.0055945 0.0949108
127 N 127 0.0736395 0.1431591 0.0616321 0.0108508 0.0000000 0.0466438 0.0466926 0.0114213 0.0083367 0.0149224 0.0224892 0.3413832 0.0035022 0.0000000 0.0000000 0.0377100 0.0386866 0.0000000 0.0149899 0.0298916 0.0940489
128 K 128 0.1009804 0.0583359 0.0744989 0.1659653 0.0000000 0.0667727 0.1214944 0.0380761 0.0047090 0.0009869 0.0064635 0.1347861 0.0062128 0.0000000 0.0034756 0.0836234 0.0337721 0.0000000 0.0036556 0.0013023 0.0948889
129 F 129 0.2238418 0.0135399 0.0532422 0.0000000 0.0147508 0.0509423 0.0112889 0.0249337 0.0532674 0.0089288 0.1509520 0.0036184 0.0322530 0.1265185 0.0000000 0.0365608 0.0029651 0.0019102 0.0753365 0.0202606 0.0948889
130 G 130 0.0086926 0.0056012 0.0625108 0.0234183 0.0000000 0.0201279 0.0076384 0.7351150 0.0092028 0.0000000 0.0000000 0.0208623 0.0000000 0.0000000 0.0000000 0.0096938 0.0022480 0.0000000 0.0000000 0.0000000 0.0948889
131 I 131 0.1562474 0.0000000 0.0000000 0.0000000 0.0154669 0.0016576 0.0000000 0.0078793 0.0000000 0.1916106 0.1942478 0.0020242 0.0057763 0.0047770 0.0016624 0.0000000 0.0040187 0.0000000 0.0052663 0.3108894 0.0984761
132 T 132 0.0124189 0.0040059 0.1046293 0.1701687 0.0000000 0.0102948 0.0187291 0.0147873 0.0023760 0.0000000 0.0011164 0.0266139 0.0000000 0.0013568 0.0008339 0.1255349 0.4096546 0.0000000 0.0000000 0.0034308 0.0940489
133 K 133 0.1010623 0.1576440 0.0007513 0.0048657 0.0000000 0.0208931 0.1384266 0.0030771 0.0168593 0.0115378 0.1116611 0.1680051 0.0024781 0.0054229 0.0817575 0.0315544 0.0143343 0.0000000 0.0218292 0.0137915 0.0940489
134 E 134 0.0774008 0.0089763 0.0879930 0.1504674 0.0000000 0.1200587 0.1912538 0.0108331 0.0013895 0.0018214 0.0000000 0.1847821 0.0000000 0.0000000 0.0131962 0.0324190 0.0187567 0.0000000 0.0000000 0.0066029 0.0940489
135 K 135 0.1797067 0.1036448 0.0378019 0.0626045 0.0000000 0.0196574 0.0437752 0.0551573 0.0103267 0.0056868 0.0114227 0.2345296 0.0041403 0.0000000 0.0055522 0.0618632 0.0509115 0.0000000 0.0013800 0.0177903 0.0940489
136 L 136 0.0480427 0.0000000 0.0000000 0.0000000 0.0012231 0.0000000 0.0000000 0.0000000 0.0000000 0.1221333 0.4143377 0.0000000 0.0220525 0.1239633 0.0000000 0.0015823 0.0065183 0.0019705 0.0030592 0.1610684 0.0940489
137 T 137 0.0087528 0.1685922 0.0758774 0.0139693 0.0022553 0.0454306 0.1598598 0.0057121 0.0000000 0.0135111 0.2162928 0.1048224 0.0195810 0.0057375 0.0024589 0.0184550 0.0232124 0.0000000 0.0151651 0.0062653 0.0940489
138 K 138 0.1682280 0.0226910 0.0337625 0.0299955 0.0000000 0.1794692 0.1150481 0.0296443 0.0061954 0.0053107 0.0066926 0.1556855 0.0019404 0.0000000 0.0039065 0.0818195 0.0570908 0.0000000 0.0000000 0.0079565 0.0945636
139 A 139 0.5755355 0.0031391 0.0095712 0.0000000 0.0000000 0.0659767 0.0474671 0.0049230 0.0000000 0.0316369 0.0071483 0.0034664 0.0000000 0.0000000 0.0000000 0.0180891 0.0345306 0.0000000 0.0000000 0.1039527 0.0945636
140 V 140 0.0049920 0.0000000 0.0000000 0.0000000 0.0028141 0.0015580 0.0000000 0.0000000 0.0000000 0.4118254 0.2578757 0.0000000 0.0097679 0.0354052 0.0000000 0.0000000 0.0029113 0.0000000 0.0085253 0.1697615 0.0945636
141 N 141 0.0528794 0.0257976 0.0787340 0.0728522 0.0000000 0.0773939 0.1660375 0.0100394 0.0063330 0.0527342 0.0433350 0.1090833 0.0275559 0.0000000 0.0269645 0.0580747 0.0759401 0.0000000 0.0044647 0.0140218 0.0977587
142 D 142 0.1215662 0.0215484 0.0333577 0.0962901 0.0000000 0.1350638 0.2119496 0.0152565 0.0047949 0.0027766 0.0060415 0.0902471 0.0027952 0.0088017 0.0000000 0.0855691 0.0593352 0.0000000 0.0000000 0.0068476 0.0977587
143 Y 143 0.0081535 0.0014066 0.0028511 0.0000000 0.0000000 0.0043710 0.0000000 0.0000000 0.0000000 0.2238635 0.2468524 0.0000000 0.0572178 0.0072345 0.0000000 0.0015704 0.0021283 0.0000000 0.0030813 0.3403864 0.1008833
144 R 144 0.0000000 0.7706427 0.0034830 0.0000000 0.0000000 0.0000000 0.0000000 0.0000000 0.0029292 0.0204846 0.0678002 0.0017572 0.0000000 0.0000000 0.0000000 0.0024688 0.0046631 0.0000000 0.0000000 0.0063630 0.1194082
145 G 145 0.0071596 0.0000000 0.0140109 0.0026616 0.0000000 0.0351590 0.0000000 0.6608470 0.0000000 0.0000000 0.0013302 0.1307496 0.0000000 0.0000000 0.0000000 0.0286738 0.0000000 0.0000000 0.0000000 0.0000000 0.1194082
146 G 146 0.0149816 0.0105080 0.1938538 0.0283616 0.0000000 0.0000000 0.0121769 0.4135434 0.0128683 0.0000000 0.0000000 0.0169709 0.0000000 0.0000000 0.0032394 0.1375258 0.0203930 0.0000000 0.0000000 0.0017461 0.1338311
147 E 147 0.0580192 0.1261840 0.0207505 0.0397806 0.0000000 0.3554608 0.0891635 0.0256836 0.0158886 0.0000000 0.0000000 0.0377276 0.0000000 0.0000000 0.0000000 0.0332348 0.0144569 0.0000000 0.0000000 0.0042942 0.1793558
148 K 148 0.0153240 0.3067808 0.0408454 0.0044706 0.0000000 0.0288212 0.0066677 0.0112791 0.0092671 0.0000000 0.0009905 0.2224799 0.0023959 0.0000000 0.0091261 0.0378445 0.1183389 0.0000000 0.0000000 0.0000000 0.1853682
149 V 149 0.1078510 0.0000000 0.0000000 0.0048393 0.0028141 0.0010770 0.0089422 0.0042182 0.0000000 0.0494343 0.0000000 0.0000000 0.0025025 0.0000000 0.0000000 0.0063033 0.0000000 0.0000000 0.0000000 0.6241856 0.1878324
150 S 150 0.0035296 0.0062231 0.0680493 0.1848070 0.0000000 0.0260992 0.0251928 0.0035868 0.0017699 0.0159255 0.0000000 0.0089393 0.0128492 0.0000000 0.0000000 0.0225963 0.4163795 0.0000000 0.0000000 0.0161182 0.1879341
151 S 151 0.0038789 0.0000000 0.0440604 0.2321381 0.0000000 0.0013260 0.0089129 0.0032126 0.0000000 0.0000000 0.0000000 0.0000000 0.0000000 0.0000000 0.0000000 0.4249360 0.0867803 0.0000000 0.0000000 0.0000000 0.1947550
152 Q 152 0.1701930 0.0094422 0.0063344 0.0734320 0.0000000 0.3154237 0.0403193 0.0037945 0.0000000 0.0020833 0.0000000 0.0156041 0.0000000 0.0000000 0.1402720 0.0123267 0.0015403 0.0000000 0.0000000 0.0027905 0.2064441
153 N 153 0.0069810 0.0031247 0.3753542 0.1282134 0.0000000 0.0086883 0.0364915 0.0250216 0.0115613 0.0000000 0.0000000 0.0000000 0.0025210 0.0000000 0.0000000 0.1227346 0.0686453 0.0000000 0.0013563 0.0012046 0.2081022
154 Q 154 0.3228903 0.0000000 0.0013240 0.0010995 0.0000000 0.0115580 0.0018198 0.0216669 0.0043060 0.0011007 0.0000000 0.0000000 0.0000000 0.0000000 0.3933435 0.0171163 0.0000000 0.0000000 0.0000000 0.0022807 0.2214942
155 E 155 0.0000000 0.0000000 0.0000000 0.0185453 0.0000000 0.0022020 0.7420149 0.0000000 0.0000000 0.0000000 0.0000000 0.0000000 0.0000000 0.0000000 0.0000000 0.0000000 0.0000000 0.0000000 0.0000000 0.0000000 0.2372378
156 D 156 0.0000000 0.0000000 0.0523667 0.1731077 0.0000000 0.0000000 0.1807335 0.0000000 0.0000000 0.0000000 0.0000000 0.0000000 0.0000000 0.0000000 0.0000000 0.0000000 0.0000000 0.0000000 0.0000000 0.0000000 0.5937921
