  162         A         R         N         D         C         Q         E         G         H         I         L         K         M         F         P         S         T         W         Y         V         X    
  1 E   1 0.0000000 0.0000000 0.0000000 0.0126287 0.0000000 0.0377531 0.0600881 0.0000000 0.0000000 0.0000000 0.0000000 0.0000000 0.0000000 0.0000000 0.0000000 0.0000000 0.0000000 0.0000000 0.0000000 0.0000000 0.8895302
  2 E   2 0.1021325 0.0000000 0.0098358 0.0815872 0.0000000 0.0220760 0.0862241 0.0091184 0.0000000 0.0011530 0.0012919 0.0000000 0.0000000 0.0000000 0.0061055 0.0025589 0.0045683 0.0000000 0.0000000 0.0000000 0.6733482
  3 A   3 0.0621599 0.0027714 0.0974439 0.0864105 0.0000000 0.0266441 0.0261798 0.0379083 0.0043689 0.0131332 0.0134633 0.0081666 0.0018239 0.0038227 0.0050914 0.0442834 0.0114115 0.0000000 0.0000000 0.0066327 0.5482845
  4 S   4 0.0042114 0.0023398 0.0076503 0.0072375 0.0000000 0.0184863 0.0124854 0.0000000 0.0016196 0.1352809 0.0352218 0.0000000 0.0132822 0.0332881 0.0850114 0.0233827 0.0117532 0.0000000 0.0000000 0.1924328 0.4163167
  5 S   5 0.0276638 0.0396691 0.0049255 0.0054742 0.0000000 0.1100604 0.0767422 0.0011573 0.0062961 0.0020279 0.0192244 0.0439889 0.0091740 0.0018018 0.1224863 0.0690770 0.0640572 0.0000000 0.0000000 0.0193807 0.3767931
  6 T   6 0.0536575 0.0009930 0.0025976 0.0025861 0.0000000 0.0000000 0.0113385 0.0052559 0.0000000 0.0166136 0.0387471 0.0013130 0.0065010 0.0029153 0.1548754 0.0065121 0.1037112 0.0000000 0.0000000 0.2698912 0.3224916
  7 G   7 0.0312575 0.0245676 0.0000000 0.0046265 0.0015468 0.1887858 0.0160317 0.0067999 0.0022310 0.0148839 0.0109800 0.0586411 0.0994467 0.0000000 0.0216239 0.0066247 0.0109758 0.0000000 0.0000000 0.1965131 0.3044639
  8 R   8 0.0644145 0.0662424 0.0132638 0.0427041 0.0000000 0.1092908 0.1152661 0.0219352 0.0061505 0.0017859 0.0028529 0.0782483 0.0013062 0.0000000 0.1304257 0.0426083 0.0299750 0.0000000 0.0000000 0.0086224 0.2649078
  9 N   9 0.0048702 0.0036525 0.3482308 0.2121590 0.0000000 0.0044916 0.0350773 0.0509986 0.0063338 0.0000000 0.0000000 0.0074442 0.0000000 0.0000000 0.0136389 0.0324853 0.0131037 0.0000000 0.0048479 0.0000000 0.2626662
 10 F  10 0.0024847 0.0046908 0.0000000 0.0023055 0.0000000 0.0061825 0.0000000 0.0000000 0.0000000 0.0219543 0.1408697 0.0027040 0.0049268 0.5677516 0.0013901 0.0015836 0.0000000 0.0011107 0.0112355 0.0187662 0.2120441
 11 N  11 0.0060632 0.0089368 0.1360796 0.4522618 0.0000000 0.0665837 0.0949398 0.0030477 0.0023384 0.0022024 0.0000000 0.0164916 0.0000000 0.0000000 0.0000000 0.0211152 0.0094266 0.0032513 0.0000000 0.0134091 0.1638526
 12 V  12 0.0830811 0.0137300 0.0035659 0.0205416 0.0031228 0.0212118 0.0399295 0.0039654 0.0075373 0.0769372 0.2914041 0.0298904 0.0357101 0.0100062 0.0902470 0.0145261 0.0159791 0.0200641 0.0059297 0.0884064 0.1242141
 13 E  13 0.0504793 0.0124837 0.0994232 0.1344287 0.0000000 0.1146136 0.1526390 0.0110451 0.0127193 0.0063750 0.0012302 0.0565684 0.0012154 0.0023292 0.0392531 0.1210225 0.0531103 0.0000000 0.0025758 0.0148268 0.1136617
 14 K  14 0.0316029 0.3160987 0.0134897 0.0309411 0.0000000 0.1679534 0.0464131 0.0048653 0.0052270 0.0000000 0.0141892 0.2550654 0.0023118 0.0000000 0.0072395 0.0091562 0.0000000 0.0000000 0.0000000 0.0000000 0.0954467
 15 I  15 0.0036245 0.0000000 0.0000000 0.0000000 0.0021798 0.0000000 0.0000000 0.0000000 0.0000000 0.1228793 0.1097790 0.0000000 0.0459958 0.2273135 0.0000000 0.0000000 0.0048896 0.0016725 0.3365452 0.0753101 0.0698107
 16 N  16 0.1418387 0.0039098 0.0203329 0.0057555 0.0000000 0.0750835 0.0320541 0.0121257 0.0039370 0.0108227 0.2590651 0.0071272 0.0891579 0.0036171 0.0026544 0.1757082 0.0608794 0.0000000 0.0172798 0.0150281 0.0636229
 17 G  17 0.0000000 0.0077367 0.0000000 0.0029238 0.0000000 0.0000000 0.0000000 0.9311540 0.0019702 0.0000000 0.0000000 0.0000000 0.0000000 0.0000000 0.0000000 0.0037014 0.0000000 0.0000000 0.0000000 0.0000000 0.0525139
 18 E  18 0.0081968 0.1272661 0.0248754 0.0333781 0.0048338 0.0199195 0.0414356 0.0000000 0.0165111 0.0232230 0.0412230 0.2533070 0.0096286 0.0363924 0.0254006 0.0257984 0.2026582 0.0039751 0.0105421 0.0477768 0.0436581
 19 W  19 0.0000000 0.0027616 0.0000000 0.0000000 0.0000000 0.0000000 0.0000000 0.0037014 0.0000000 0.0000000 0.0000000 0.0000000 0.0017712 0.0000000 0.0000000 0.0000000 0.0000000 0.9431723 0.0055097 0.0000000 0.0430838
 20 H  20 0.0027423 0.0310725 0.0043880 0.0030552 0.0016662 0.0028765 0.0000000 0.0000000 0.0947484 0.0090546 0.0221020 0.0143164 0.0013461 0.1277314 0.0000000 0.0062631 0.0019571 0.0077275 0.6150029 0.0167007 0.0372490
 21 T  21 0.0262780 0.0087380 0.0165013 0.0164965 0.0000000 0.0073751 0.3459221 0.0107417 0.0040842 0.0454993 0.0779859 0.0011688 0.0133924 0.0096012 0.0125802 0.0810434 0.0992831 0.0000000 0.0361207 0.1284612 0.0587271
 22 I  22 0.0250144 0.0043419 0.0019263 0.0012095 0.0000000 0.0059144 0.0000000 0.0000000 0.0055297 0.4195963 0.1063794 0.0612273 0.0285806 0.0051266 0.0000000 0.0104124 0.0154822 0.0000000 0.0052350 0.2401556 0.0638685
 23 I  23 0.4978060 0.0075792 0.0068095 0.0000000 0.0030394 0.0215068 0.0333626 0.1364176 0.0042107 0.0055433 0.0141726 0.0045941 0.0090744 0.0055234 0.0000000 0.0413286 0.0017083 0.0000000 0.0551878 0.0212168 0.1309190
 24 L  24 0.0313557 0.0602401 0.0000000 0.0000000 0.0051001 0.0024261 0.0137206 0.0159907 0.0000000 0.0887495 0.1157775 0.0198311 0.1107813 0.0280109 0.0000000 0.0363736 0.0274438 0.0064289 0.0189617 0.1339740 0.2848343
 25 A  25 0.4876158 0.0026118 0.0000000 0.0000000 0.0029066 0.0038175 0.0010926 0.0360334 0.0046913 0.0177652 0.0269854 0.0000000 0.0032276 0.0143152 0.0012017 0.0101668 0.0155360 0.0000000 0.0344221 0.0758235 0.2617875
 26 S  26 0.1008375 0.0000000 0.0000000 0.0136506 0.0102471 0.0054260 0.0184404 0.0400780 0.0091393 0.0041070 0.0040264 0.0204017 0.0046117 0.0280936 0.0680165 0.3316987 0.0505938 0.0024301 0.0095271 0.0208086 0.2578661
 27 D  27 0.0084292 0.0662876 0.2042762 0.1823706 0.0000000 0.0144131 0.0225127 0.0131298 0.0061921 0.0000000 0.0208054 0.0497962 0.0000000 0.0103303 0.0064785 0.1061330 0.0635314 0.0011203 0.0040947 0.0032981 0.2168006
 28 K  28 0.0570187 0.1676071 0.0982954 0.0839666 0.0944797 0.0235490 0.0285210 0.0155932 0.0107156 0.0114559 0.0171685 0.0746159 0.0061896 0.0114337 0.0075238 0.0845197 0.0413948 0.0032026 0.0196816 0.0145580 0.1285096
 29 R  29 0.0139498 0.0903358 0.0254463 0.0048173 0.0030440 0.0473152 0.0482665 0.0079386 0.0101951 0.0632627 0.1014551 0.1088727 0.0239248 0.0637608 0.1448167 0.0584798 0.0224655 0.0010912 0.0306882 0.0443158 0.0855581
 30 E  30 0.0085822 0.0164828 0.0195580 0.1575744 0.0000000 0.0570910 0.1871511 0.0481512 0.0155633 0.0316649 0.0433877 0.0218748 0.0123622 0.0535447 0.0170030 0.0679578 0.0327484 0.0750601 0.0327796 0.0243538 0.0771091
 31 K  31 0.0038743 0.0307030 0.0467582 0.0019673 0.0052467 0.0150549 0.0037665 0.0017472 0.1106061 0.0091826 0.1367332 0.1170694 0.0248164 0.2030494 0.0774312 0.0100244 0.0514399 0.0029391 0.0543220 0.0292973 0.0639709
 32 I  32 0.0587789 0.0764139 0.0228888 0.0089910 0.0024147 0.0431569 0.0217599 0.0380778 0.0095101 0.1314084 0.1329767 0.0597369 0.0293726 0.0283954 0.0595861 0.0864373 0.0262094 0.0000000 0.0054453 0.0879600 0.0704798
 33 E  33 0.0261041 0.0281954 0.0260371 0.0606370 0.0201275 0.0536213 0.2535805 0.0627530 0.0071877 0.0118987 0.0098651 0.0601952 0.0034862 0.1543635 0.0489924 0.0620078 0.0252132 0.0017223 0.0055674 0.0153044 0.0631401
 34 D  34 0.0270293 0.0400338 0.0277916 0.0263249 0.0036591 0.0719390 0.3913952 0.0226591 0.0332588 0.0138437 0.0322958 0.0766874 0.0350272 0.0270556 0.0241722 0.0369424 0.0184336 0.0000000 0.0246058 0.0115065 0.0553390
 35 N  35 0.0407672 0.1605286 0.1120990 0.0316144 0.0047578 0.0282279 0.0524774 0.1100354 0.0136312 0.0176435 0.0173550 0.2167774 0.0196366 0.0217910 0.0077955 0.0354537 0.0179329 0.0018467 0.0135602 0.0238742 0.0521945
 36 G  36 0.0904275 0.0525478 0.0393800 0.1039498 0.0225673 0.0553779 0.0171923 0.3269340 0.0245560 0.0097851 0.0226473 0.0359402 0.0016456 0.0140233 0.0217244 0.0499155 0.0419206 0.0023595 0.0000000 0.0122080 0.0548980
 37 N  37 0.0390030 0.0400241 0.0156614 0.0416329 0.0343012 0.0454977 0.0738846 0.0522753 0.0285221 0.0096967 0.1451281 0.0926928 0.0323071 0.0069861 0.1311269 0.0720143 0.0608807 0.0013159 0.0036151 0.0186011 0.0548329
 38 F  38 0.0295129 0.0806657 0.0250239 0.0544051 0.0114659 0.0111301 0.0371187 0.0188905 0.0051654 0.0508575 0.1740925 0.0483235 0.1441670 0.0411764 0.0023662 0.0544611 0.0451166 0.0017292 0.0356505 0.0698563 0.0588248
 39 R  39 0.0262566 0.2002535 0.0871509 0.0375910 0.0803611 0.0774761 0.0514200 0.0061823 0.0174748 0.0063776 0.0173483 0.1421559 0.0013184 0.0028645 0.0201219 0.0790897 0.0553175 0.0027275 0.0055566 0.0327957 0.0501603
 40 L  40 0.1401139 0.0058308 0.0121338 0.0000000 0.0438985 0.0025431 0.0026769 0.0190663 0.0217090 0.0978969 0.0526609 0.0016505 0.1196265 0.0174160 0.0281026 0.0323354 0.0594423 0.0000000 0.0084434 0.2879349 0.0465181
 41 F  41 0.0601404 0.0124839 0.0121114 0.0033148 0.0425202 0.0112124 0.0457902 0.0676631 0.0085228 0.0135156 0.0089746 0.0158130 0.0154896 0.1211013 0.0504782 0.1191284 0.2112753 0.0000000 0.1209126 0.0091831 0.0503690
 42 L  42 0.3000090 0.0166067 0.0161781 0.0088752 0.0026068 0.0051115 0.0126024 0.0248952 0.0068903 0.0830268 0.0261708 0.0162162 0.0471415 0.0516285 0.0444460 0.0482026 0.1358904 0.0000000 0.0206043 0.0905136 0.0423841
 43 E  43 0.0639352 0.0719659 0.0496491 0.0153603 0.0042649 0.0524398 0.1065772 0.0073612 0.0423144 0.0254540 0.0850254 0.0269855 0.0324754 0.0585963 0.0023364 0.0698162 0.1679379 0.0000000 0.0275053 0.0560822 0.0339172
 44 Q  44 0.0095978 0.0216940 0.0453179 0.0205971 0.0000000 0.0209426 0.0571755 0.0579775 0.0493434 0.0403013 0.0409844 0.0332481 0.0203578 0.0398509 0.0024261 0.0589448 0.0846824 0.0030272 0.2818071 0.0824486 0.0292753
 45 I  45 0.0193010 0.0399178 0.0096828 0.0035810 0.0024847 0.0063013 0.0107628 0.0182520 0.0017283 0.1667311 0.1572358 0.0106837 0.0188741 0.0647333 0.0080427 0.1111777 0.0963817 0.0088023 0.0607267 0.1495245 0.0350749
 46 H  46 0.0683886 0.0512061 0.0357014 0.0277668 0.0015085 0.0532711 0.1267312 0.0132702 0.0203210 0.0159365 0.1514756 0.0418756 0.0152593 0.0106075 0.0175265 0.0384168 0.1663532 0.0199003 0.0224272 0.0671016 0.0349550
 47 V  47 0.0711157 0.1169967 0.0647953 0.0177522 0.0436966 0.0271125 0.0120404 0.0167974 0.0047413 0.0234506 0.1595231 0.0374098 0.0136509 0.0230568 0.1702604 0.0208228 0.0555438 0.0021966 0.0088366 0.0730099 0.0371906
 48 L  48 0.0418963 0.0118801 0.0563659 0.1264431 0.0020074 0.0526449 0.1168906 0.0270729 0.0234833 0.0437134 0.0905322 0.0439483 0.0042326 0.0140075 0.0889342 0.0926118 0.1066201 0.0027616 0.0045011 0.0129208 0.0365319
 49 E  49 0.0111738 0.0084921 0.0997031 0.3698641 0.0056783 0.0066871 0.1914908 0.1340132 0.0037353 0.0044367 0.0265391 0.0300150 0.0019485 0.0022716 0.0276154 0.0224525 0.0140364 0.0014100 0.0000000 0.0102998 0.0281372
 50 N  50 0.0353973 0.0191571 0.1149130 0.1466387 0.0000000 0.0144786 0.0425882 0.5007071 0.0057831 0.0027584 0.0067879 0.0186458 0.0000000 0.0000000 0.0182753 0.0207661 0.0201911 0.0000000 0.0000000 0.0048802 0.0280321
 51 S  51 0.0339289 0.0237514 0.1675584 0.0842343 0.0320128 0.0279870 0.0373722 0.1045753 0.0364319 0.0055172 0.0114771 0.0627028 0.0048733 0.0000000 0.0016231 0.1667753 0.1333767 0.0000000 0.0060030 0.0283512 0.0314479
 52 L  52 0.0129438 0.0016662 0.0027075 0.0056452 0.0015630 0.0000000 0.0000000 0.0051624 0.0000000 0.2090965 0.3486157 0.0018633 0.0693589 0.0462741 0.0037025 0.0033703 0.0118222 0.0232859 0.0391971 0.1784816 0.0352438
 53 V  53 0.0507075 0.0775640 0.1175806 0.0480645 0.0000000 0.0517170 0.1762397 0.0259031 0.0227009 0.0271824 0.0274422 0.1371124 0.0146055 0.0105741 0.0029227 0.1023824 0.0550428 0.0000000 0.0153866 0.0104822 0.0263894
 54 L  54 0.0708695 0.0000000 0.0000000 0.0000000 0.0062713 0.0022652 0.0033101 0.0106441 0.0000000 0.0779237 0.1441845 0.0058954 0.0579901 0.0799552 0.0000000 0.0084455 0.0182621 0.0000000 0.0027423 0.4835857 0.0276554
 55 K  55 0.0135709 0.0841573 0.0500543 0.0255132 0.0012458 0.0235609 0.0187960 0.0142582 0.0175447 0.0812776 0.0644187 0.1316676 0.0110725 0.0092451 0.0000000 0.0999370 0.1981727 0.0029005 0.0117334 0.0918506 0.0490229
 56 F  56 0.0333921 0.0222849 0.2175860 0.0043197 0.0064802 0.0043345 0.0425402 0.0438469 0.0105851 0.0277235 0.0672019 0.0032053 0.0400615 0.1601342 0.0000000 0.0833774 0.0745566 0.0063810 0.0610442 0.0385153 0.0524295
 57 H  57 0.0671167 0.0521075 0.0196275 0.0079728 0.0207804 0.0243462 0.0414565 0.0144557 0.0400846 0.0319611 0.0258066 0.0147117 0.0019882 0.0904413 0.0000000 0.1057901 0.1918540 0.0191478 0.1563992 0.0202779 0.0536741
 58 T  58 0.0221827 0.0728409 0.0554393 0.0409942 0.0323417 0.0570606 0.0452789 0.0308337 0.0252832 0.0513904 0.0480690 0.0180404 0.0517237 0.1297461 0.0140612 0.0592174 0.0652370 0.0066019 0.0471490 0.0754540 0.0510545
 59 V  59 0.0376795 0.0839565 0.0484612 0.0082387 0.0018553 0.0212182 0.0084849 0.0081176 0.0263399 0.0426744 0.1175426 0.1026701 0.0494734 0.0327944 0.0818580 0.0211944 0.1009548 0.0589050 0.0197706 0.0775798 0.0502306
 60 R  60 0.0273288 0.1789936 0.0366346 0.0333684 0.0024303 0.0233390 0.0960412 0.0324262 0.0170632 0.0675845 0.0705205 0.0907522 0.0241031 0.0239430 0.0142392 0.0509983 0.0486278 0.0047609 0.0098243 0.0969029 0.0501180
 61 D  61 0.0262281 0.0456834 0.2068722 0.1931466 0.0000000 0.0271891 0.0756077 0.0709992 0.0272374 0.0022399 0.0197596 0.0970918 0.0027285 0.0012083 0.0531735 0.0607429 0.0299698 0.0011857 0.0080518 0.0021047 0.0487799
 62 E  62 0.0075654 0.0224084 0.0847376 0.1127711 0.0018956 0.0694400 0.0732593 0.4308664 0.0123812 0.0016620 0.0046921 0.0607371 0.0012525 0.0086500 0.0034154 0.0176966 0.0143728 0.0059594 0.0050105 0.0030721 0.0581545
 63 E  63 0.0155771 0.0856730 0.0232545 0.0244482 0.0000000 0.1606520 0.1172212 0.1286005 0.0242228 0.0314679 0.0125362 0.1086713 0.0099247 0.0101919 0.0094657 0.0475114 0.0654603 0.0000000 0.0100921 0.0689324 0.0460968
 64 C  64 0.0061315 0.0228850 0.0028057 0.0033567 0.5975183 0.0191849 0.0072411 0.0022968 0.0053459 0.0262745 0.0405490 0.0083524 0.0009999 0.0062075 0.0338995 0.0210465 0.0170812 0.1207504 0.0103011 0.0177653 0.0300068
 65 S  65 0.0542783 0.0491333 0.0321532 0.0573186 0.0000000 0.1141126 0.0897545 0.0203264 0.0328847 0.0464156 0.0281661 0.0974087 0.0163951 0.0141564 0.0000000 0.0789742 0.0433584 0.0493745 0.0181493 0.1290579 0.0285822
 66 E  66 0.0211329 0.0415224 0.0534328 0.0289745 0.0000000 0.1202802 0.2602762 0.0156691 0.0263396 0.0263632 0.0311722 0.0829224 0.0019647 0.0111169 0.0136033 0.0490829 0.1063114 0.0018400 0.0624627 0.0222600 0.0232725
 67 L  67 0.1207496 0.0340927 0.0399285 0.0099914 0.0000000 0.0247980 0.0555671 0.0384920 0.0189311 0.1479664 0.0415036 0.0719930 0.0923010 0.0304835 0.0030443 0.0533464 0.0432526 0.0399994 0.0118766 0.0969309 0.0247518
 68 S  68 0.0324080 0.0464236 0.0599084 0.0592979 0.0039474 0.0137495 0.1317728 0.0085653 0.0070771 0.0539546 0.0151251 0.1379195 0.0040507 0.0276165 0.0072230 0.1413026 0.1456995 0.0000000 0.0201449 0.0605410 0.0232725
 69 M  69 0.0689220 0.0246530 0.0073575 0.0037892 0.0000000 0.0331294 0.0126956 0.2813521 0.0125454 0.0726583 0.1005610 0.0095205 0.0527753 0.0191064 0.0118488 0.0477700 0.0417330 0.0131288 0.0386611 0.1259369 0.0218558
 70 V  70 0.0207508 0.0478914 0.0176110 0.0284127 0.0000000 0.0367581 0.0719150 0.0092809 0.0149328 0.0788123 0.0888243 0.0969494 0.0200302 0.0104432 0.0073325 0.0292575 0.1944852 0.0054090 0.0255788 0.1760865 0.0192385
 71 A  71 0.3022884 0.0021313 0.0031253 0.0029608 0.0230199 0.0017302 0.0022037 0.1064242 0.0045634 0.0345458 0.1839964 0.0038349 0.0422534 0.1048936 0.0009993 0.0195815 0.0013450 0.0000000 0.0955116 0.0375082 0.0270833
 72 D  72 0.0206742 0.0835536 0.0410979 0.0362367 0.0010640 0.0721888 0.1370621 0.0235390 0.0166998 0.0375664 0.0304977 0.1016964 0.0048712 0.0165102 0.0415786 0.0314414 0.0685536 0.0083868 0.1056676 0.0819343 0.0391795
 73 K  73 0.0110325 0.0589667 0.0189357 0.0550862 0.0000000 0.0202035 0.0551769 0.0074992 0.0110210 0.0416213 0.0381620 0.3136753 0.0000000 0.0997294 0.1201271 0.0344530 0.0136311 0.0055126 0.0000000 0.0468306 0.0483361
 74 T  74 0.0596636 0.0203568 0.0237028 0.0352809 0.0011047 0.0778484 0.0158139 0.0347929 0.0069221 0.0391763 0.0095970 0.0147098 0.0185347 0.0107173 0.0326427 0.0501621 0.3755533 0.0035105 0.0119158 0.1048181 0.0531761
 75 E  75 0.0606807 0.0528243 0.0528856 0.1889631 0.0008614 0.0257422 0.1885270 0.1616339 0.0038203 0.0120813 0.0064234 0.0395363 0.0000000 0.0086669 0.0282880 0.0662438 0.0189345 0.0042732 0.0028306 0.0317151 0.0450686
 76 K  76 0.0372322 0.0206306 0.0444216 0.1260086 0.0039092 0.0726877 0.1867493 0.0373658 0.0027411 0.0330941 0.0299155 0.1048108 0.0037193 0.0086416 0.0125830 0.0721020 0.0825798 0.0000000 0.0033620 0.0607481 0.0566979
 77 A  77 0.0528159 0.0207910 0.0778131 0.0940864 0.0014046 0.0130949 0.0568670 0.0202121 0.0111269 0.0065789 0.0134820 0.0383358 0.0000000 0.0000000 0.4585628 0.0476526 0.0225253 0.0012141 0.0068592 0.0074754 0.0491018
 78 G  78 0.1873161 0.0165555 0.0449915 0.0202055 0.0000000 0.0079747 0.0035165 0.5570886 0.0031162 0.0033655 0.0074544 0.0152823 0.0032859 0.0085634 0.0106644 0.0241743 0.0148086 0.0197187 0.0040914 0.0029037 0.0449229
 79 E  79 0.0122933 0.1428691 0.0123085 0.0015792 0.0070991 0.0915155 0.0685201 0.0017023 0.0639588 0.0291376 0.0166631 0.2871003 0.0022926 0.0106811 0.0000000 0.0188559 0.0778353 0.0034594 0.0158355 0.1009160 0.0353773
 80 Y  80 0.0158963 0.0010138 0.0000000 0.0052389 0.0090688 0.0000000 0.0014321 0.0000000 0.0010612 0.0344520 0.2008528 0.0000000 0.0193175 0.4106622 0.0000000 0.0014047 0.0038349 0.0227958 0.2060558 0.0330375 0.0338757
 81 S  81 0.0360183 0.0421462 0.0219515 0.0185298 0.0021798 0.0289386 0.0560321 0.0776253 0.0099936 0.0212282 0.0565567 0.1550236 0.0093931 0.0358302 0.0000000 0.1599606 0.1893574 0.0049386 0.0095066 0.0298651 0.0349248
 82 V  82 0.0762141 0.0219295 0.0414517 0.0045912 0.0013444 0.0087356 0.0021998 0.0241082 0.0111977 0.0644548 0.1224247 0.0197681 0.0415059 0.0407193 0.0603266 0.0086323 0.0361440 0.0063928 0.0867151 0.2597140 0.0614302
 83 T  83 0.0217880 0.0483333 0.0799158 0.0765908 0.0013526 0.0422050 0.0414307 0.0184682 0.0546274 0.0056191 0.0209107 0.0835577 0.0025927 0.0693849 0.0906591 0.1182471 0.1119787 0.0055981 0.0157026 0.0115262 0.0795112
 84 Y  84 0.0522628 0.0059887 0.0326321 0.0208729 0.0125253 0.0000000 0.0446031 0.0147584 0.0153509 0.0044511 0.0187944 0.0141526 0.0050200 0.2821485 0.0051267 0.0375910 0.0023640 0.0620992 0.2952550 0.0215348 0.0524685
 85 D  85 0.0311492 0.0445284 0.0297784 0.0553766 0.0000000 0.0213446 0.1048012 0.1472010 0.0090877 0.0211433 0.0605175 0.0416087 0.0365797 0.0568261 0.1023260 0.1002399 0.0170195 0.0341056 0.0381972 0.0081050 0.0400644
 86 G  86 0.0338048 0.0212201 0.0323584 0.0372344 0.0000000 0.0155728 0.0226650 0.5566653 0.0087701 0.0057205 0.0060460 0.0273712 0.0017273 0.0162188 0.0613387 0.0525713 0.0185069 0.0020669 0.0055267 0.0319509 0.0426639
 87 F  87 0.0303841 0.0509752 0.0580506 0.0543598 0.0000000 0.0387278 0.0826535 0.0370895 0.0364057 0.0183460 0.0110369 0.1061345 0.0027110 0.0149761 0.0234227 0.0760500 0.0740939 0.0306804 0.1401591 0.0773361 0.0364071
 88 N  88 0.0652527 0.0504983 0.2279353 0.0293544 0.0000000 0.0244397 0.0594782 0.0793200 0.0386526 0.0201190 0.0482457 0.0581063 0.0087130 0.0030774 0.0195518 0.0493368 0.0445320 0.0000000 0.0762672 0.0567414 0.0403785
 89 T  89 0.0184240 0.0210040 0.0595091 0.1622998 0.0000000 0.0254233 0.0942260 0.0195688 0.0485289 0.0400033 0.0385600 0.0565453 0.0018807 0.0204454 0.0705802 0.0689029 0.0760392 0.0015261 0.0171456 0.1276183 0.0317691
 90 F  90 0.0299232 0.0091988 0.0018747 0.0000000 0.0039497 0.0033253 0.0000000 0.0000000 0.0319852 0.1406097 0.0660087 0.0090177 0.0506306 0.1605370 0.0045938 0.0058741 0.0480631 0.0000000 0.2302397 0.1779246 0.0262440
 91 T  91 0.0601365 0.1229320 0.0236775 0.0212640 0.0047063 0.0388605 0.0268564 0.0078523 0.0510125 0.0157270 0.0399166 0.0321726 0.0098522 0.0302824 0.0111642 0.0483365 0.0565254 0.1696376 0.1336684 0.0686651 0.0267541
 92 I  92 0.0139459 0.0008439 0.0000000 0.0047973 0.0000000 0.0000000 0.0127577 0.0023267 0.0115545 0.2149673 0.1100784 0.0039571 0.0099348 0.0353157 0.0150289 0.0015172 0.0040043 0.0000000 0.0110322 0.5094463 0.0384916
 93 P  93 0.0460206 0.0000000 0.0075674 0.0257805 0.0000000 0.0164065 0.0325200 0.0151079 0.0056004 0.1361087 0.3524239 0.0093478 0.0333100 0.0448989 0.0140635 0.0233275 0.0081933 0.0000000 0.0136868 0.1904303 0.0252061
 94 K  94 0.0967564 0.0304730 0.0097119 0.2832706 0.0026659 0.0125545 0.1654492 0.0290694 0.0499997 0.0134386 0.0321403 0.0496766 0.0105994 0.0181720 0.0342537 0.0656007 0.0224929 0.0044505 0.0320766 0.0154454 0.0217028
 95 T  95 0.0373665 0.0073313 0.0069059 0.0041799 0.0000000 0.0065689 0.0149895 0.0102340 0.0025485 0.0389842 0.0995637 0.0348970 0.0040899 0.0126692 0.0252715 0.0531654 0.5292635 0.0000000 0.0011374 0.0818066 0.0290270
 96 D  96 0.0139062 0.0058044 0.1079636 0.5777715 0.0000000 0.0059834 0.0235250 0.0126706 0.0060337 0.0037642 0.0155208 0.0281239 0.0000000 0.0088723 0.0326534 0.0591557 0.0491903 0.0000000 0.0021768 0.0223634 0.0245207
 97 Y  97 0.0052870 0.0208823 0.0065475 0.0147698 0.0038434 0.0096752 0.0445647 0.0352419 0.0075092 0.0037144 0.0034051 0.0407045 0.0009925 0.0216473 0.0594383 0.0131335 0.0022927 0.0012766 0.6080483 0.0592237 0.0378019
 98 D  98 0.0077913 0.0596030 0.0737831 0.3023550 0.0000000 0.0443539 0.1267840 0.0247559 0.0053628 0.0041630 0.0044692 0.1303131 0.0054639 0.0011253 0.0028596 0.0557083 0.0719710 0.0061035 0.0074931 0.0127032 0.0528377
 99 N  99 0.0246126 0.0242390 0.2007944 0.1227536 0.0000000 0.0566041 0.0888325 0.0238096 0.0505280 0.0133171 0.0176931 0.0286058 0.0104189 0.0087598 0.0063892 0.1292787 0.0795058 0.0035277 0.0124180 0.0061230 0.0917891
100 F 100 0.0132504 0.0013282 0.0031228 0.0050105 0.0077820 0.0000000 0.0015759 0.0073794 0.0927629 0.0177787 0.0445588 0.0044824 0.0086694 0.1607869 0.0000000 0.0141584 0.0053013 0.0380213 0.5120434 0.0035614 0.0584261
101 L 101 0.4578269 0.0038665 0.0016396 0.0012382 0.0011904 0.0109952 0.0008259 0.0184259 0.0020567 0.0758315 0.0877256 0.0022533 0.0178211 0.0120994 0.0019476 0.0568574 0.0370144 0.0326199 0.0497475 0.0658659 0.0621512
102 M 102 0.0125555 0.0000000 0.0000000 0.0000000 0.0064141 0.0000000 0.0034681 0.0151085 0.0000000 0.2913921 0.2392008 0.0025861 0.0647805 0.1024181 0.0000000 0.0020594 0.0177708 0.0000000 0.0145284 0.1647836 0.0629339
103 A 103 0.0390439 0.0040335 0.0048242 0.0038937 0.0000000 0.0121208 0.0043796 0.0163800 0.0341807 0.0839535 0.1728518 0.0038349 0.0773436 0.1173330 0.0000000 0.0282197 0.0285037 0.0000000 0.0293288 0.2713449 0.0684298
104 H 104 0.0077478 0.0145325 0.0254354 0.0205377 0.0686295 0.0066027 0.0000000 0.0020186 0.0847611 0.0107445 0.0625972 0.0051292 0.0085630 0.0883480 0.0000000 0.0321730 0.0186290 0.0303357 0.4152981 0.0131298 0.0847871
105 L 105 0.0347576 0.0157626 0.0121415 0.0068583 0.1092191 0.0273862 0.0154955 0.0406648 0.0028200 0.0572247 0.1344726 0.0151701 0.0444148 0.0509176 0.0000000 0.1550851 0.0930820 0.0023595 0.0284321 0.0559540 0.0977819
106 I 106 0.0523238 0.0463564 0.0591187 0.0197231 0.1629717 0.0493233 0.1266490 0.0032578 0.0171307 0.0362499 0.0152151 0.0802994 0.0032222 0.0259270 0.0085821 0.0307295 0.0525623 0.0172081 0.0475607 0.0379724 0.1076166
107 N 107 0.0631593 0.0654329 0.1504555 0.0456272 0.0023544 0.0274237 0.0269895 0.0802460 0.0070215 0.0132462 0.0512158 0.1340111 0.0177233 0.0091335 0.0076511 0.0661937 0.0550454 0.0018181 0.0010636 0.0632009 0.1109874
108 E 108 0.0242369 0.0166421 0.0342454 0.1210204 0.0000000 0.0712732 0.0942519 0.0247188 0.0099089 0.0433488 0.0960744 0.0652619 0.0199696 0.0515373 0.0088678 0.0452848 0.0814926 0.0016600 0.0240067 0.0545104 0.1116882
109 K 109 0.0203195 0.0935245 0.0249599 0.0667867 0.0000000 0.0133209 0.0356013 0.0169085 0.0169836 0.0625943 0.0790966 0.1228050 0.0094331 0.0637809 0.0210227 0.0801125 0.0279518 0.0222817 0.0267064 0.0803411 0.1154690
110 D 110 0.0758193 0.0440719 0.0896615 0.0945594 0.0000000 0.0586768 0.0576160 0.1858457 0.0433158 0.0058411 0.0229318 0.0669275 0.0034998 0.0109124 0.0112682 0.0876517 0.0311514 0.0069941 0.0060407 0.0148790 0.0823357
111 G 111 0.0270749 0.0405914 0.0698049 0.0672248 0.0000000 0.0122266 0.0465865 0.3827746 0.0231373 0.0028917 0.0156579 0.0204704 0.0011534 0.0259902 0.0419672 0.0686678 0.0292836 0.0039003 0.0057056 0.0164285 0.0984624
112 E 112 0.0334975 0.0758316 0.0283828 0.0440820 0.0149779 0.0617821 0.1185234 0.0584149 0.0215838 0.0191768 0.0208152 0.1163274 0.0157646 0.0278529 0.1202200 0.0223178 0.0367165 0.0041342 0.0141483 0.0475686 0.0978817
113 T 113 0.0330169 0.0569125 0.0863818 0.0818637 0.0015036 0.0557918 0.0610220 0.0293054 0.0528374 0.0184708 0.0255157 0.0922861 0.0021627 0.0198237 0.0562724 0.0991529 0.0793737 0.0064804 0.0103419 0.0388051 0.0926795
114 F 114 0.0170202 0.1043918 0.0428011 0.0240868 0.0146139 0.0073807 0.0084677 0.0128948 0.0590403 0.0367304 0.0421832 0.0162598 0.0179456 0.1315075 0.0015547 0.0836049 0.1651402 0.0000000 0.0903535 0.0258575 0.0981654
115 Q 115 0.0079483 0.1110625 0.0479016 0.0846430 0.0164921 0.0970863 0.0477738 0.0101360 0.0448740 0.0420557 0.0876397 0.0946858 0.0081990 0.0377442 0.0029442 0.0554401 0.0332657 0.0078046 0.0077550 0.0793835 0.0751650
116 L 116 0.0264664 0.0224177 0.0228757 0.0031007 0.0000000 0.0135456 0.0188835 0.0545369 0.0032765 0.0289613 0.0782856 0.0313424 0.1016799 0.0498871 0.0028648 0.0852364 0.0604836 0.0170209 0.2260951 0.1186665 0.0343735
117 M 117 0.1867523 0.0035169 0.0208404 0.0000000 0.0348007 0.0018678 0.0000000 0.0426098 0.0000000 0.0573130 0.2962635 0.0000000 0.0536620 0.0227474 0.0000000 0.0643093 0.0411513 0.0027984 0.0070971 0.1340143 0.0302559
118 G 118 0.0303298 0.0094180 0.0143607 0.0046414 0.0000000 0.0751733 0.0483703 0.0181371 0.0080493 0.0145887 0.0517133 0.1584835 0.0073299 0.0527880 0.0000000 0.0651586 0.0523008 0.3287972 0.0112972 0.0166950 0.0323678
119 L 119 0.0098147 0.0019875 0.0000000 0.0000000 0.0037525 0.0012728 0.0000000 0.0047285 0.0038443 0.2402602 0.5009080 0.0219304 0.0086987 0.0463595 0.0050964 0.0030243 0.0015488 0.0000000 0.0380603 0.0829592 0.0257539
120 Y 120 0.0166660 0.0000000 0.0046565 0.0011712 0.0037263 0.0040335 0.0013232 0.0000000 0.0193428 0.0238324 0.4193159 0.0022891 0.0531620 0.1032335 0.0000000 0.0177884 0.0051588 0.0000000 0.2566527 0.0407874 0.0268604
121 G 121 0.2183029 0.0055008 0.0016320 0.0000000 0.0246658 0.0000000 0.0030442 0.2748842 0.0075032 0.0000000 0.0000000 0.0050397 0.0000000 0.0000000 0.0000000 0.3541194 0.0581385 0.0000000 0.0000000 0.0188340 0.0283352
122 R 122 0.0000000 0.8394659 0.0022533 0.0243355 0.0000000 0.0019875 0.0019299 0.0000000 0.0015135 0.0023969 0.0031759 0.0755504 0.0000000 0.0016600 0.0068137 0.0020279 0.0019647 0.0000000 0.0000000 0.0000000 0.0349249
123 E 123 0.0232754 0.0383562 0.0699071 0.0745498 0.0054596 0.0610096 0.1009388 0.0554106 0.0201970 0.0095329 0.0044489 0.0541075 0.0022820 0.0017999 0.0011296 0.1226104 0.3027710 0.0000000 0.0040961 0.0086955 0.0394222
124 P 124 0.0232551 0.0866211 0.0273814 0.0134306 0.0000000 0.0525394 0.0242462 0.0028796 0.0025701 0.0097319 0.0894652 0.1043656 0.0113218 0.0020835 0.4195683 0.0260845 0.0333584 0.0176764 0.0000000 0.0129586 0.0404623
125 D 125 0.0230166 0.0169592 0.0510442 0.1322848 0.0013177 0.0713147 0.2206471 0.0119052 0.0306761 0.0104598 0.0247452 0.0560585 0.0139384 0.0069293 0.0243614 0.0646794 0.1437664 0.0010987 0.0095700 0.0366458 0.0485815
126 L 126 0.0514338 0.0018467 0.0141259 0.0136705 0.0035280 0.0069987 0.0435860 0.0098732 0.0090074 0.0930264 0.3697845 0.0039054 0.0398406 0.0101148 0.0802617 0.0163178 0.0252304 0.0000000 0.0035186 0.1539816 0.0499480
127 S 127 0.0218505 0.0494572 0.1074395 0.1290725 0.0000000 0.0200217 0.0421653 0.0453836 0.0085958 0.0107138 0.0068583 0.0206515 0.0000000 0.0050906 0.1030197 0.2721957 0.1064128 0.0000000 0.0000000 0.0009884 0.0500831
128 S 128 0.0648770 0.0158246 0.0261008 0.1322779 0.0040928 0.0930839 0.1279127 0.0229176 0.0121654 0.0046205 0.0298629 0.0495001 0.0036907 0.0159708 0.2405709 0.0492488 0.0330862 0.0014080 0.0037254 0.0126637 0.0563995
129 D 129 0.0642969 0.0069639 0.0471930 0.0986795 0.0000000 0.0576111 0.4121231 0.0268742 0.0055068 0.0054085 0.0174652 0.0509875 0.0039822 0.0024790 0.0256223 0.0653315 0.0359793 0.0000000 0.0010530 0.0106167 0.0618264
130 I 130 0.1761245 0.0063803 0.0033161 0.0253875 0.0000000 0.0643876 0.0353277 0.0276122 0.0062076 0.1209150 0.1192820 0.0090516 0.0166125 0.0255461 0.0011288 0.0246159 0.0697768 0.0017219 0.0157746 0.1856939 0.0651375
131 K 131 0.0161693 0.0725145 0.0044682 0.0000000 0.0019789 0.0249085 0.0065463 0.0000000 0.0032459 0.1120921 0.2710600 0.1720650 0.0943556 0.0251732 0.0035638 0.0023055 0.0061518 0.0052763 0.0422024 0.0638231 0.0720995
132 E 132 0.0483567 0.0399565 0.0544676 0.1077285 0.0000000 0.1418970 0.2946792 0.0237560 0.0087692 0.0000000 0.0072351 0.0676330 0.0043557 0.0022037 0.0028894 0.0545852 0.0397495 0.0131669 0.0060622 0.0044697 0.0780388
133 R 133 0.0592724 0.1170230 0.0247015 0.0579289 0.0000000 0.0463340 0.1677708 0.0138021 0.0303243 0.0136343 0.0226985 0.2500514 0.0059775 0.0141635 0.0041978 0.0137144 0.0235557 0.0000000 0.0301404 0.0211733 0.0835361
134 F 134 0.0548589 0.0000000 0.0000000 0.0000000 0.0016022 0.0095748 0.0000000 0.0011806 0.0000000 0.0423557 0.1501125 0.0021540 0.0326037 0.5232143 0.0010251 0.0000000 0.0025976 0.0024147 0.0645117 0.0221721 0.0896220
135 A 135 0.0229310 0.1106519 0.0128656 0.0199224 0.0035903 0.0602333 0.0967890 0.0011789 0.0240124 0.0569319 0.1067960 0.1668741 0.0267196 0.0082653 0.0000000 0.0137390 0.0377071 0.0013131 0.0390052 0.1039134 0.0865602
136 Q 136 0.0898582 0.0586297 0.0686079 0.0806990 0.0150523 0.1044134 0.2056320 0.0132429 0.0098786 0.0024882 0.0090741 0.1439680 0.0102193 0.0011975 0.0000000 0.0571375 0.0297998 0.0020201 0.0031119 0.0081634 0.0868059
137 L 137 0.0925328 0.0650477 0.0043789 0.0077811 0.0010859 0.0196887 0.0163569 0.0000000 0.0205750 0.0781996 0.1461860 0.0718824 0.0205241 0.1816169 0.0000000 0.0076554 0.0263523 0.0151448 0.0533433 0.0860621 0.0855861
138 C 138 0.3150810 0.0000000 0.0071359 0.0000000 0.0824176 0.0021276 0.0000000 0.0030700 0.0000000 0.0487221 0.1675840 0.0013216 0.0132730 0.0196528 0.0000000 0.0653625 0.0553139 0.0016505 0.0146112 0.1170913 0.0855851
139 E 139 0.0556417 0.1458754 0.0185718 0.0356847 0.0025081 0.0980169 0.0893972 0.0219362 0.0137753 0.0102383 0.0553260 0.1938183 0.0088895 0.0000000 0.0357470 0.0383257 0.0648317 0.0026425 0.0083828 0.0158559 0.0845352
140 K 140 0.0894232 0.0861664 0.0291650 0.0699039 0.0420307 0.0512507 0.1632831 0.0461445 0.0184824 0.0107629 0.0167042 0.0841654 0.0026271 0.0019476 0.0092119 0.1229335 0.0546237 0.0023662 0.0033886 0.0085478 0.0868711
141 H 141 0.0318508 0.0731786 0.0456346 0.0020199 0.0009962 0.0986686 0.0314873 0.0072663 0.0472764 0.0219608 0.2255131 0.0890091 0.0223421 0.0255519 0.0000000 0.0169963 0.0350541 0.0052737 0.0776037 0.0595486 0.0827679
142 G 142 0.0039257 0.0228111 0.0658098 0.0360916 0.0196815 0.0041628 0.0183589 0.6454556 0.0159560 0.0016554 0.0000000 0.0184313 0.0024100 0.0000000 0.0245281 0.0196814 0.0040369 0.0000000 0.0026770 0.0000000 0.0943271
143 I 143 0.0028281 0.0048629 0.0000000 0.0000000 0.0000000 0.0000000 0.0000000 0.0027338 0.0009379 0.2379258 0.2511509 0.0018239 0.0425396 0.1954050 0.0024100 0.0000000 0.0000000 0.0000000 0.0997225 0.0617117 0.0959480
144 L 144 0.0325105 0.0295783 0.0517217 0.2400412 0.0000000 0.0370292 0.0283230 0.0280352 0.0278168 0.0098090 0.0441756 0.0278212 0.0000000 0.0071618 0.1328642 0.0891094 0.0714825 0.0011816 0.0032653 0.0250745 0.1129989
145 R 145 0.0171668 0.0478891 0.0130437 0.0667624 0.0000000 0.0338162 0.1548022 0.0083097 0.0031273 0.0325112 0.0681475 0.0796407 0.0161424 0.0025976 0.1084884 0.0273927 0.1051102 0.0000000 0.0060409 0.0901833 0.1188277
146 E 146 0.0365723 0.0262481 0.0340050 0.2008564 0.0010788 0.0651799 0.2494884 0.0227312 0.0073401 0.0000000 0.0025081 0.0152392 0.0024111 0.0087055 0.0106867 0.1560357 0.0257073 0.0043206 0.0014875 0.0012191 0.1281788
147 N 147 0.0370551 0.0510176 0.2158809 0.0639143 0.0000000 0.0670905 0.0789351 0.0068678 0.0283110 0.0233540 0.0068916 0.1377556 0.0155232 0.0130587 0.0053144 0.0459403 0.0230066 0.0000000 0.0394246 0.0061869 0.1344717
148 I 148 0.0203664 0.0000000 0.0000000 0.0000000 0.0000000 0.0135555 0.0000000 0.0068802 0.0042733 0.3850397 0.2004128 0.0021966 0.0659646 0.0457219 0.0000000 0.0022200 0.0110409 0.0030701 0.0117099 0.0928820 0.1346662
149 I 149 0.0329538 0.0464166 0.0015600 0.0000000 0.0000000 0.0256323 0.0244640 0.0027769 0.0154171 0.2416534 0.0895003 0.0342322 0.0186336 0.1075276 0.0012843 0.0192389 0.0204248 0.0069138 0.0206096 0.1625900 0.1281710
150 D 150 0.0095559 0.0417331 0.0398348 0.1176243 0.0000000 0.0152259 0.0177636 0.0024399 0.0263807 0.0972455 0.0293426 0.0409796 0.0296083 0.1343617 0.0221187 0.0135517 0.0523311 0.0510808 0.0729542 0.0482339 0.1376336
151 L 151 0.0080077 0.0013054 0.0025501 0.0019951 0.0000000 0.0105202 0.0012350 0.0000000 0.0000000 0.0470306 0.2075890 0.0140785 0.0424133 0.0649463 0.1369704 0.0114313 0.1438123 0.0021966 0.0000000 0.1694875 0.1344307
152 S 152 0.0464493 0.0282356 0.0328196 0.0853608 0.0000000 0.0420646 0.0884503 0.0088087 0.0016504 0.0335266 0.0273203 0.0607377 0.0027421 0.0024506 0.1973628 0.0598349 0.1007251 0.0000000 0.0011735 0.0338603 0.1464266
153 N 153 0.0096431 0.0292538 0.0407663 0.0540487 0.0000000 0.3234029 0.0303949 0.0046387 0.0809324 0.0041550 0.0123783 0.1489748 0.0012857 0.0025081 0.0529003 0.0161747 0.0349899 0.0000000 0.0021998 0.0067486 0.1446038
154 A 154 0.0301154 0.0440907 0.0560084 0.0825303 0.0000000 0.0504669 0.0139624 0.0139939 0.0183828 0.0188063 0.0052884 0.0876246 0.0126820 0.0000000 0.0195718 0.0840922 0.1785361 0.0000000 0.0294888 0.0312979 0.2230611
155 N 155 0.0133567 0.0077480 0.0141685 0.2508012 0.0021382 0.0022624 0.1380537 0.1835070 0.0000000 0.0015044 0.0101081 0.0035314 0.0013118 0.0047175 0.0000000 0.0063741 0.0018653 0.0000000 0.0000000 0.0150784 0.3434733
156 R 156 0.0284070 0.0777829 0.0881435 0.0129153 0.0026913 0.0586904 0.0876607 0.0000000 0.0088024 0.0126616 0.0224112 0.0511379 0.0071114 0.0301969 0.0148744 0.0296063 0.0717308 0.0000000 0.0049961 0.0117952 0.3783848
157 C 157 0.0021582 0.0000000 0.0000000 0.0000000 0.5463377 0.0000000 0.0000000 0.0059248 0.0000000 0.0000000 0.0021047 0.0000000 0.0000000 0.0000000 0.0095879 0.0000000 0.0043424 0.0000000 0.0000000 0.0021382 0.4274061
158 L 158 0.0353235 0.0015554 0.0120766 0.0158891 0.0000000 0.0089404 0.0411993 0.0190802 0.0000000 0.0291036 0.0512460 0.0028351 0.0202620 0.0037692 0.1450168 0.0271947 0.0123121 0.0000000 0.0024147 0.0611841 0.5105972
159 Q 159 0.0295783 0.0071320 0.0014291 0.0089153 0.0000000 0.0487908 0.0906186 0.0037774 0.0263602 0.0020201 0.0028564 0.0210338 0.0000000 0.0020835 0.1283598 0.0333112 0.0083467 0.0000000 0.0000000 0.0011094 0.5842773
160 A 160 0.0839607 0.0027131 0.0000000 0.0000000 0.0000000 0.0100525 0.0641704 0.0753036 0.0000000 0.0050089 0.0228797 0.0015941 0.0000000 0.0020653 0.0000000 0.0129624 0.0271774 0.0000000 0.0000000 0.0051081 0.6870037
161 R 161 0.0031686 0.0423439 0.0016131 0.0341713 0.0000000 0.0132637 0.0756040 0.0074111 0.0226511 0.0000000 0.0000000 0.0046005 0.0000000 0.0000000 0.0000000 0.0224562 0.0031527 0.0000000 0.0000000 0.0000000 0.7695637
162 E 162 0.0000000 0.0000000 0.0000000 0.0394586 0.0000000 0.0510890 0.0294890 0.0000000 0.0000000 0.0000000 0.0000000 0.0380240 0.0000000 0.0000000 0.0000000 0.0000000 0.0000000 0.0000000 0.0000000 0.0000000 0.8419394
