  240         A         R         N         D         C         Q         E         G         H         I         L         K         M         F         P         S         T         W         Y         V    
  1 N   1 0.0000000 0.0000000 0.1577251 0.7007020 0.0000000 0.0000000 0.0000000 0.0000000 0.0000000 0.0000000 0.0000000 0.0000000 0.0000000 0.0000000 0.0000000 0.1415729 0.0000000 0.0000000 0.0000000 0.0000000
  2 E   2 0.0059343 0.0024881 0.0000000 0.1414720 0.0000000 0.0000000 0.8476740 0.0000000 0.0000000 0.0000000 0.0000000 0.0000000 0.0000000 0.0000000 0.0000000 0.0000000 0.0024317 0.0000000 0.0000000 0.0000000
  3 F   3 0.0799954 0.3139220 0.0152545 0.0000000 0.0000000 0.0269866 0.0067917 0.0073267 0.0036189 0.0000000 0.0000000 0.5252289 0.0000000 0.0027146 0.0009057 0.0147267 0.0016842 0.0000000 0.0000000 0.0008441
  4 E   4 0.0457021 0.1168603 0.0027398 0.0354116 0.0000000 0.0501788 0.2114082 0.0000000 0.0044284 0.0157692 0.0473237 0.2211629 0.0293197 0.0034357 0.0000000 0.0324388 0.1365323 0.0000000 0.0000000 0.0472885
  5 L   5 0.9754711 0.0000000 0.0000000 0.0000000 0.0000000 0.0000000 0.0000000 0.0104629 0.0000000 0.0000000 0.0026603 0.0000000 0.0000000 0.0000000 0.0000000 0.0013659 0.0000000 0.0000000 0.0000000 0.0100398
  6 G   6 0.0051665 0.8329008 0.0000000 0.0000000 0.0000000 0.0000000 0.0000000 0.0026603 0.0022434 0.0000000 0.0000000 0.1548556 0.0000000 0.0000000 0.0000000 0.0021733 0.0000000 0.0000000 0.0000000 0.0000000
  7 T   7 0.1145751 0.0369925 0.0331365 0.0687205 0.0000000 0.2022888 0.4079598 0.0138123 0.0037163 0.0023502 0.0123547 0.0140902 0.0027784 0.0000000 0.0000000 0.0608396 0.0225498 0.0000000 0.0009337 0.0029016
  8 R   8 0.0707526 0.0026603 0.0036243 0.0000000 0.0000000 0.0028729 0.0015407 0.0000000 0.0000000 0.5280393 0.1069979 0.0000000 0.0122917 0.0312720 0.0000000 0.0000000 0.0047435 0.0000000 0.0210214 0.2141833
  9 G   9 0.6871189 0.0000000 0.0000000 0.0000000 0.0022171 0.0015876 0.0000000 0.1158463 0.0014082 0.0106015 0.0014476 0.0000000 0.0000000 0.0000000 0.0000000 0.0832321 0.0461082 0.0000000 0.0013197 0.0491127
 10 S  10 0.0531010 0.0038198 0.0705097 0.0994836 0.0000000 0.0776500 0.4454464 0.0193201 0.0020788 0.0000000 0.1110195 0.0041130 0.0037611 0.0000000 0.0000000 0.0660962 0.0418109 0.0000000 0.0000000 0.0017899
 11 S  11 0.0824034 0.0424016 0.0020803 0.0145611 0.0000000 0.0694321 0.0894361 0.0016759 0.0481257 0.0039586 0.0169080 0.2439877 0.0071041 0.1190644 0.0000000 0.0345102 0.0565266 0.0000000 0.1617877 0.0060366
 12 R  12 0.0019662 0.9174879 0.0045144 0.0000000 0.0000000 0.0062310 0.0074759 0.0000000 0.0024755 0.0019823 0.0016759 0.0080470 0.0000000 0.0360627 0.0000000 0.0000000 0.0000000 0.0000000 0.0111774 0.0009039
 13 V  13 0.2388999 0.0259959 0.0024632 0.0133281 0.0000000 0.3385704 0.1125275 0.0007795 0.0129364 0.0502076 0.0241800 0.0911605 0.0070944 0.0014801 0.0000000 0.0302931 0.0201280 0.0000000 0.0007204 0.0292351
 14 D  14 0.1170651 0.1160499 0.0158661 0.0424518 0.0000000 0.1730412 0.1460293 0.1354652 0.0212417 0.0129583 0.0329199 0.0741412 0.0170187 0.0015226 0.0000000 0.0412273 0.0437164 0.0000000 0.0000000 0.0092854
 15 L  15 0.0470829 0.2485471 0.0082990 0.0034101 0.0000000 0.0498444 0.0565046 0.0000000 0.0022334 0.0412925 0.1413380 0.3364122 0.0090562 0.0080949 0.0000000 0.0036220 0.0132573 0.0000000 0.0065783 0.0244271
 16 Q  16 0.1420937 0.0406852 0.0148982 0.0292649 0.0000000 0.1988082 0.1577244 0.0259526 0.0119672 0.0262715 0.0751996 0.1033098 0.0103100 0.0863033 0.0000000 0.0188566 0.0050637 0.0000000 0.0440292 0.0092620
 17 E  17 0.0487617 0.6380182 0.0028769 0.0043257 0.0000000 0.0280706 0.0753038 0.0000000 0.0000000 0.0000000 0.0032027 0.1813055 0.0000000 0.0000000 0.0000000 0.0116696 0.0025347 0.0000000 0.0000000 0.0039307
 18 Q  18 0.0547335 0.0303375 0.0485889 0.0411786 0.0000000 0.1754969 0.4945772 0.0000000 0.0026937 0.0036562 0.0073261 0.0911189 0.0112688 0.0114491 0.0000000 0.0155298 0.0017641 0.0000000 0.0044536 0.0058270
 19 R  19 0.1375995 0.1531013 0.0173537 0.0070476 0.0000000 0.1653187 0.0603113 0.0049964 0.0173493 0.0143125 0.2310116 0.1190875 0.0152116 0.0062605 0.0027822 0.0213630 0.0096913 0.0000000 0.0008840 0.0163180
 20 S  20 0.2896624 0.0770412 0.0551969 0.0420454 0.0000000 0.0867625 0.0911942 0.0466197 0.0019626 0.0047832 0.0315048 0.0812292 0.0630220 0.0000000 0.0000000 0.0958743 0.0229046 0.0000000 0.0041707 0.0060265
 21 V  21 0.2090406 0.1273496 0.0373567 0.0035286 0.0000000 0.0372008 0.0241174 0.0044194 0.0048802 0.0178253 0.1564018 0.1334045 0.0160725 0.0091253 0.0024007 0.0853465 0.0812423 0.0000000 0.0000000 0.0502878
 22 K  22 0.1243186 0.1415036 0.0296509 0.0032785 0.0000000 0.1877702 0.0249494 0.0579294 0.0101560 0.0038450 0.0032156 0.1379136 0.0025313 0.0000000 0.0037474 0.1435183 0.0774712 0.0000000 0.0052125 0.0429887
 23 T  23 0.1162845 0.1405390 0.0348075 0.0000000 0.0000000 0.1991675 0.0012125 0.0322589 0.0182332 0.0000000 0.0000000 0.1670841 0.0033128 0.0021560 0.0193843 0.1787629 0.0814987 0.0000000 0.0000000 0.0052981
 24 R  24 0.1210169 0.3438382 0.0071166 0.0000000 0.0000000 0.0489318 0.0000000 0.0220080 0.0845152 0.0015932 0.0018795 0.3207913 0.0024518 0.0000000 0.0077387 0.0181219 0.0095576 0.0000000 0.0000000 0.0104392
 25 V  25 0.1453739 0.0151275 0.0053480 0.0000000 0.0000000 0.0077636 0.0076686 0.0583465 0.0017219 0.1285057 0.0828010 0.0077311 0.0532549 0.0054953 0.0058934 0.0446338 0.0360867 0.0000000 0.0000000 0.3942481
 26 S  26 0.0016226 0.0276383 0.0130271 0.0000000 0.0000000 0.0000000 0.0000000 0.0019996 0.0023613 0.0000000 0.0015123 0.1551493 0.0026623 0.0000000 0.0000000 0.4420708 0.3519564 0.0000000 0.0000000 0.0000000
 27 L  27 0.0000000 0.0000000 0.0000000 0.0000000 0.0000000 0.0000000 0.0000000 0.0000000 0.0000000 0.0065919 0.9515287 0.0000000 0.0267277 0.0068011 0.0000000 0.0000000 0.0000000 0.0000000 0.0000000 0.0083506
 28 D  28 0.0225201 0.0019784 0.0114190 0.3996898 0.0000000 0.0055505 0.4901790 0.0099062 0.0000000 0.0000000 0.0023492 0.0026623 0.0016226 0.0000000 0.0000000 0.0287215 0.0184087 0.0000000 0.0000000 0.0049928
 29 D  29 0.0290719 0.0046945 0.2919555 0.2762053 0.0000000 0.1144006 0.1224797 0.0239261 0.0032467 0.0000000 0.0000000 0.0072387 0.0000000 0.0000000 0.0000000 0.0664767 0.0603043 0.0000000 0.0000000 0.0000000
 30 L  30 0.0022257 0.0000000 0.0000000 0.0000000 0.0000000 0.0000000 0.0000000 0.0000000 0.0000000 0.1333255 0.5244818 0.0000000 0.2418377 0.0586987 0.0000000 0.0052681 0.0000000 0.0035353 0.0000000 0.0306272
 31 F  31 0.0268284 0.0000000 0.0113630 0.0168544 0.0000000 0.0016418 0.0029423 0.0730947 0.0042034 0.0038553 0.0509748 0.0118201 0.1016262 0.5064899 0.0000000 0.0792365 0.0084614 0.0000000 0.1006077 0.0000000
 32 E  32 0.1571530 0.0960926 0.0777295 0.1264386 0.0000000 0.0383718 0.1772215 0.0308772 0.0079269 0.0013982 0.0015681 0.0537239 0.0023542 0.0000000 0.0000000 0.1899075 0.0392369 0.0000000 0.0000000 0.0000000
 33 Q  33 0.0501005 0.1701434 0.0855021 0.0182531 0.0000000 0.3669994 0.0209300 0.0025741 0.0238529 0.0000000 0.0049289 0.1218407 0.0057360 0.0064943 0.0000000 0.0506646 0.0637751 0.0019880 0.0032679 0.0029489
 34 I  34 0.0807973 0.0108200 0.0014645 0.0000000 0.0000000 0.0000000 0.0000000 0.0000000 0.0000000 0.3826588 0.1701372 0.0180605 0.2713142 0.0136600 0.0000000 0.0066337 0.0105062 0.0000000 0.0000000 0.0339475
 35 K  35 0.1926508 0.0103771 0.0157170 0.0105163 0.0000000 0.2475819 0.0715058 0.0767928 0.0037962 0.0000000 0.0000000 0.2796394 0.0000000 0.0000000 0.0092072 0.0416107 0.0347110 0.0000000 0.0000000 0.0058938
 36 Q  36 0.1628354 0.0075660 0.0097554 0.0789558 0.0007356 0.1082402 0.4126243 0.0059146 0.0027703 0.0272748 0.0493308 0.0637794 0.0019226 0.0000000 0.0000000 0.0351139 0.0283683 0.0000000 0.0000000 0.0048127
 37 G  37 0.0490075 0.0027415 0.0248414 0.0270496 0.0000000 0.0095612 0.0229251 0.7870449 0.0000000 0.0000000 0.0000000 0.0215224 0.0000000 0.0000000 0.0000000 0.0344832 0.0168424 0.0000000 0.0000000 0.0039808
 38 E  38 0.0351190 0.0022730 0.0754180 0.1219207 0.0000000 0.0712322 0.4858625 0.0771581 0.0000000 0.0000000 0.0106178 0.0670404 0.0015983 0.0000000 0.0000000 0.0207761 0.0241367 0.0000000 0.0000000 0.0068472
 39 M  39 0.0492425 0.0301918 0.0025303 0.0000000 0.0000000 0.0302929 0.0090374 0.0113699 0.0019828 0.1309374 0.1622450 0.0266021 0.0932095 0.0818592 0.0076856 0.0088223 0.0365184 0.0000000 0.0027854 0.3146875
 40 K  40 0.0252645 0.0269229 0.0047744 0.0220335 0.0000000 0.1259362 0.0221536 0.0008835 0.0202925 0.0009634 0.0069312 0.6380901 0.0012071 0.0000000 0.0271495 0.0628719 0.0133229 0.0000000 0.0000000 0.0012026
 41 E  41 0.0051749 0.0007822 0.0197627 0.1125761 0.0000000 0.0410657 0.5823975 0.0000000 0.0026389 0.0049392 0.0010486 0.0125909 0.0180451 0.0017844 0.0000000 0.0467949 0.1219604 0.0000000 0.0026905 0.0257479
 42 L  42 0.0019306 0.0000000 0.0000000 0.0000000 0.0000000 0.0000000 0.0000000 0.0000000 0.0000000 0.0242048 0.8061809 0.0000000 0.0049755 0.0510853 0.0000000 0.0000000 0.0000000 0.0000000 0.0000000 0.1116229
 43 N  43 0.0234111 0.0406148 0.5749405 0.0288286 0.0000000 0.0049331 0.0022049 0.0152730 0.0025374 0.0000000 0.0083347 0.0568643 0.0029829 0.0000000 0.1876983 0.0431068 0.0053447 0.0000000 0.0000000 0.0029248
 44 L  44 0.0042372 0.0000000 0.0000000 0.0000000 0.0028669 0.0000000 0.0000000 0.0000000 0.0000000 0.3362280 0.3778195 0.0000000 0.0075724 0.0000000 0.0000000 0.0000000 0.0020633 0.0000000 0.0000000 0.2692126
 45 I  45 0.0000000 0.0000000 0.0000000 0.0000000 0.0000000 0.0000000 0.0000000 0.0000000 0.0000000 0.6521625 0.0492437 0.0000000 0.0029616 0.0000000 0.0000000 0.0000000 0.0000000 0.0000000 0.0000000 0.2956322
 46 V  46 0.0018309 0.0000000 0.0000000 0.0000000 0.0000000 0.0000000 0.0000000 0.0000000 0.0000000 0.4071642 0.2958353 0.0000000 0.0019668 0.0000000 0.0000000 0.0000000 0.0000000 0.0000000 0.0000000 0.2932028
 47 K  47 0.0000000 0.0129409 0.0000000 0.0000000 0.0000000 0.0000000 0.0000000 0.0000000 0.0000000 0.0000000 0.0000000 0.9870591 0.0000000 0.0000000 0.0000000 0.0000000 0.0000000 0.0000000 0.0000000 0.0000000
 48 A  48 0.6180112 0.0000000 0.0000000 0.0000000 0.0132053 0.0000000 0.0000000 0.2589989 0.0000000 0.0000000 0.0000000 0.0000000 0.0000000 0.0000000 0.0000000 0.0392794 0.0595374 0.0000000 0.0000000 0.0109678
 49 D  49 0.0000000 0.0000000 0.0000000 1.0000000 0.0000000 0.0000000 0.0000000 0.0000000 0.0000000 0.0000000 0.0000000 0.0000000 0.0000000 0.0000000 0.0000000 0.0000000 0.0000000 0.0000000 0.0000000 0.0000000
 50 V  50 0.0112666 0.0000000 0.0013291 0.0000000 0.0000000 0.0027428 0.0000000 0.0088472 0.0000000 0.0020393 0.0037157 0.0000000 0.0111364 0.0023256 0.0000000 0.0143877 0.0309674 0.0000000 0.0000000 0.9112422
 51 Q  51 0.0127245 0.0451299 0.0060752 0.0892223 0.0000000 0.7386575 0.0000000 0.0143675 0.0198828 0.0011304 0.0000000 0.0093221 0.0048074 0.0000000 0.0000000 0.0531521 0.0039445 0.0000000 0.0015839 0.0000000
 52 G  52 0.0000000 0.0000000 0.0000000 0.0000000 0.0000000 0.0000000 0.0000000 0.9966398 0.0000000 0.0000000 0.0000000 0.0000000 0.0000000 0.0000000 0.0000000 0.0033602 0.0000000 0.0000000 0.0000000 0.0000000
 53 S  53 0.0166233 0.0000000 0.0000000 0.0000000 0.0000000 0.0000000 0.0000000 0.0000000 0.0000000 0.0000000 0.0000000 0.0000000 0.0000000 0.0000000 0.0027428 0.9363315 0.0443025 0.0000000 0.0000000 0.0000000
 54 V  54 0.1477949 0.0000000 0.0015347 0.0000000 0.0142693 0.0405307 0.0000000 0.0018152 0.0000000 0.1076150 0.1510888 0.0000000 0.0000000 0.0009945 0.0000000 0.0064383 0.0078020 0.0000000 0.0163158 0.5038009
 55 E  55 0.0000000 0.0000000 0.0000000 0.0092101 0.0000000 0.0264892 0.9538506 0.0104501 0.0000000 0.0000000 0.0000000 0.0000000 0.0000000 0.0000000 0.0000000 0.0000000 0.0000000 0.0000000 0.0000000 0.0000000
 56 A  56 0.9720052 0.0000000 0.0000000 0.0000000 0.0000000 0.0000000 0.0000000 0.0016757 0.0000000 0.0000000 0.0000000 0.0000000 0.0000000 0.0000000 0.0119848 0.0000000 0.0000000 0.0000000 0.0000000 0.0143342
 57 L  57 0.0000000 0.0000000 0.0000000 0.0000000 0.0016431 0.0000000 0.0000000 0.0000000 0.0000000 0.3137950 0.5392632 0.0000000 0.0157996 0.0151801 0.0000000 0.0000000 0.0000000 0.0000000 0.0000000 0.1143190
 58 V  58 0.1869228 0.1059884 0.0236495 0.0028584 0.0143404 0.0397746 0.0660347 0.0062465 0.0040357 0.0323826 0.0492618 0.1859531 0.0000000 0.0000000 0.0000000 0.1312581 0.0646913 0.0000000 0.0000000 0.0866023
 59 A  59 0.1020704 0.0023737 0.0299627 0.2366165 0.0000000 0.2167529 0.0852216 0.1679603 0.0273666 0.0012773 0.0000000 0.0194701 0.0018687 0.0000000 0.0025967 0.0710279 0.0262086 0.0000000 0.0042682 0.0049579
 60 A  60 0.2910219 0.0000000 0.0000000 0.0030237 0.0000000 0.0034262 0.0016053 0.0104691 0.0000000 0.0000000 0.0054052 0.0000000 0.0026439 0.0000000 0.0000000 0.6519167 0.0283244 0.0000000 0.0000000 0.0021636
 61 L  61 0.0044482 0.0000000 0.0000000 0.0000000 0.0000000 0.0000000 0.0000000 0.0000000 0.0000000 0.0243161 0.8711400 0.0000000 0.0227243 0.0489875 0.0000000 0.0000000 0.0000000 0.0000000 0.0000000 0.0283840
 62 Q  62 0.0388564 0.0320520 0.0399354 0.0382465 0.0000000 0.1216003 0.2874630 0.0197254 0.0083371 0.0380780 0.1660127 0.0491627 0.0415008 0.0044354 0.0000000 0.0387975 0.0388557 0.0000000 0.0008381 0.0361029
 63 K  63 0.0120065 0.0429353 0.0160680 0.0364235 0.0000000 0.0760880 0.0403639 0.0171772 0.0030237 0.0000000 0.0000000 0.7482752 0.0000000 0.0000000 0.0000000 0.0024062 0.0052326 0.0000000 0.0000000 0.0000000
 64 I  64 0.0074589 0.0000000 0.0000000 0.0000000 0.0031688 0.0076170 0.0000000 0.0000000 0.0000000 0.2326654 0.6877884 0.0000000 0.0463171 0.0051480 0.0000000 0.0000000 0.0017761 0.0000000 0.0000000 0.0080602
 65 D  65 0.0311033 0.0059598 0.0212338 0.1283106 0.0000000 0.0127502 0.0732557 0.1085560 0.0042577 0.0000000 0.0000000 0.0239884 0.0000000 0.0000000 0.0630926 0.4987674 0.0287245 0.0000000 0.0000000 0.0000000
 66 V  66 0.0022019 0.0033803 0.2624816 0.0033782 0.0000000 0.0559872 0.0073137 0.0049378 0.0113101 0.0091110 0.0013287 0.0244681 0.0015258 0.0000000 0.0000000 0.0279695 0.4266523 0.0000000 0.0000000 0.1579537
 67 E  67 0.0152804 0.0048823 0.0474454 0.4305210 0.0000000 0.0060086 0.3427201 0.0215996 0.0099375 0.0000000 0.0000000 0.0401818 0.0000000 0.0000000 0.0240067 0.0514231 0.0059933 0.0000000 0.0000000 0.0000000
 68 G  68 0.0238753 0.0035316 0.0108232 0.0337610 0.0000000 0.0221908 0.7145091 0.1183181 0.0000000 0.0000000 0.0018578 0.0573437 0.0000000 0.0000000 0.0000000 0.0059413 0.0051297 0.0000000 0.0000000 0.0027185
 69 V  69 0.0118255 0.0000000 0.0000000 0.0000000 0.0019707 0.0000000 0.0000000 0.0000000 0.0000000 0.1203719 0.0050793 0.0000000 0.0000000 0.0000000 0.0000000 0.0000000 0.0029458 0.0000000 0.0000000 0.8578068
 70 R  70 0.0381927 0.2904355 0.0191367 0.0179702 0.0021636 0.1598672 0.0150994 0.0459079 0.0062141 0.0037203 0.0000000 0.3309125 0.0115029 0.0000000 0.0000000 0.0180121 0.0092783 0.0000000 0.0025967 0.0289901
 71 V  71 0.0575540 0.0000000 0.0000000 0.0000000 0.0000000 0.0000000 0.0000000 0.0000000 0.0000000 0.1699610 0.1160900 0.0000000 0.0018578 0.0000000 0.0017224 0.0000000 0.0042508 0.0000000 0.0000000 0.6485640
 72 K  72 0.0140446 0.3033316 0.3292801 0.0332664 0.0000000 0.0669511 0.0157861 0.0000000 0.0089930 0.0000000 0.0000000 0.1631368 0.0000000 0.0000000 0.0000000 0.0311849 0.0132972 0.0000000 0.0000000 0.0207282
 73 I  73 0.0038164 0.0000000 0.0000000 0.0000000 0.0048372 0.0000000 0.0000000 0.0000000 0.0000000 0.4545712 0.0400613 0.0000000 0.0123102 0.0067079 0.0063368 0.0050163 0.0153070 0.0000000 0.0000000 0.4510356
 74 I  74 0.0000000 0.0000000 0.0000000 0.0000000 0.0000000 0.0000000 0.0000000 0.0000000 0.0000000 0.6101435 0.1749626 0.0000000 0.0022019 0.0000000 0.0000000 0.0000000 0.0000000 0.0000000 0.0000000 0.2126920
 75 H  75 0.0343158 0.0276919 0.0159543 0.0314868 0.0000000 0.0176527 0.0000000 0.0450634 0.6791699 0.0010374 0.0570409 0.0000000 0.0036387 0.0020715 0.0000000 0.0528624 0.0037607 0.0000000 0.0282535 0.0000000
 76 A  76 0.1756614 0.0795854 0.0035698 0.0014033 0.0031830 0.0252037 0.0273511 0.1306643 0.0006662 0.0026623 0.0020393 0.0930345 0.0006967 0.0015578 0.0000000 0.3676707 0.0788881 0.0013047 0.0030362 0.0018215
 77 A  77 0.2513760 0.0000000 0.0022257 0.0000000 0.0000000 0.0022291 0.0045952 0.6654380 0.0000000 0.0000000 0.0041941 0.0000000 0.0000000 0.0000000 0.0000000 0.0512958 0.0186462 0.0000000 0.0000000 0.0000000
 78 V  78 0.1160818 0.0000000 0.0000000 0.0000000 0.0000000 0.0000000 0.0000000 0.0000000 0.0000000 0.0177480 0.0025967 0.0000000 0.0000000 0.0000000 0.0454683 0.0013965 0.0279191 0.0000000 0.0000000 0.7887897
 79 G  79 0.0000000 0.0000000 0.0000000 0.0000000 0.0000000 0.0000000 0.0000000 1.0000000 0.0000000 0.0000000 0.0000000 0.0000000 0.0000000 0.0000000 0.0000000 0.0000000 0.0000000 0.0000000 0.0000000 0.0000000
 80 A  80 0.5109713 0.0155916 0.0110089 0.0015775 0.0000000 0.0676989 0.0497610 0.2786628 0.0000000 0.0000000 0.0000000 0.0000000 0.0000000 0.0000000 0.0174654 0.0116847 0.0321135 0.0000000 0.0000000 0.0034645
 81 I  81 0.0000000 0.0000000 0.0000000 0.0000000 0.0000000 0.0000000 0.0000000 0.0000000 0.0000000 0.8948601 0.0105369 0.0000000 0.0000000 0.0000000 0.0000000 0.0000000 0.0000000 0.0000000 0.0000000 0.0946030
 82 T  82 0.0182836 0.0049211 0.2041127 0.0000000 0.0000000 0.0000000 0.0000000 0.0000000 0.0000000 0.0120308 0.0017820 0.0050025 0.0000000 0.0000000 0.0000000 0.1886859 0.5546201 0.0000000 0.0000000 0.0105611
 83 E  83 0.0000000 0.0000000 0.0000000 0.0216619 0.0000000 0.0308600 0.9233276 0.0039646 0.0000000 0.0000000 0.0000000 0.0131034 0.0023693 0.0000000 0.0000000 0.0047131 0.0000000 0.0000000 0.0000000 0.0000000
 84 S  84 0.0065046 0.0016479 0.0658259 0.0010969 0.0000000 0.0000000 0.0000000 0.0165368 0.0000000 0.0000000 0.0000000 0.0026388 0.0080670 0.0000000 0.0000000 0.6528078 0.2426502 0.0000000 0.0022242 0.0000000
 85 D  85 0.0000000 0.0000000 0.0184342 0.9815658 0.0000000 0.0000000 0.0000000 0.0000000 0.0000000 0.0000000 0.0000000 0.0000000 0.0000000 0.0000000 0.0000000 0.0000000 0.0000000 0.0000000 0.0000000 0.0000000
 86 I  86 0.0727655 0.0000000 0.0000000 0.0000000 0.0000000 0.0000000 0.0000000 0.0000000 0.0000000 0.2561973 0.0012533 0.0000000 0.0018766 0.0000000 0.0000000 0.0017964 0.0000000 0.0000000 0.0000000 0.6661110
 87 S  87 0.0193405 0.0022877 0.1965433 0.0622202 0.0000000 0.0243658 0.0053222 0.0104865 0.0108192 0.0369472 0.1401324 0.0008724 0.1710250 0.0000000 0.0000000 0.0829895 0.2117994 0.0000000 0.0000000 0.0248489
 88 L  88 0.0000000 0.0076686 0.0000000 0.0000000 0.0000000 0.0000000 0.0000000 0.0000000 0.0000000 0.0000000 0.9649633 0.0000000 0.0022455 0.0137777 0.0000000 0.0048700 0.0041669 0.0000000 0.0000000 0.0023079
 89 A  89 0.9860799 0.0000000 0.0000000 0.0000000 0.0000000 0.0000000 0.0000000 0.0039977 0.0000000 0.0000000 0.0000000 0.0000000 0.0000000 0.0000000 0.0000000 0.0081063 0.0018160 0.0000000 0.0000000 0.0000000
 90 T  90 0.2643170 0.0049195 0.0193415 0.0181393 0.0000000 0.0220800 0.0898980 0.0075735 0.0028178 0.0506341 0.0432450 0.0567327 0.0139772 0.0017561 0.0000000 0.2849868 0.0789614 0.0000000 0.0000000 0.0406199
 91 A  91 0.8639471 0.0000000 0.0000000 0.0000000 0.0000000 0.0000000 0.0000000 0.0179292 0.0000000 0.0000000 0.0026839 0.0000000 0.0000000 0.0000000 0.0000000 0.0227186 0.0542145 0.0000000 0.0000000 0.0385067
 92 S  92 0.0279803 0.0000000 0.0000000 0.0309997 0.0000000 0.0000000 0.0000000 0.0076588 0.0000000 0.0000000 0.0000000 0.0000000 0.0000000 0.0082870 0.0000000 0.9111356 0.0116932 0.0000000 0.0022455 0.0000000
 93 N  93 0.0018990 0.0059873 0.4726735 0.1609194 0.0000000 0.0193868 0.0368784 0.1498516 0.0159606 0.0000000 0.0000000 0.0998235 0.0010158 0.0000000 0.0000000 0.0323267 0.0032772 0.0000000 0.0000000 0.0000000
 94 A  94 0.9477101 0.0000000 0.0000000 0.0000000 0.0086730 0.0000000 0.0000000 0.0297367 0.0000000 0.0000000 0.0000000 0.0000000 0.0000000 0.0000000 0.0000000 0.0098765 0.0014390 0.0000000 0.0000000 0.0025647
 95 I  95 0.0218172 0.0000000 0.0000000 0.0000000 0.0000000 0.0000000 0.0000000 0.0000000 0.0000000 0.5886901 0.0700965 0.0000000 0.0058933 0.0168191 0.0324706 0.0017919 0.0136564 0.0000000 0.0000000 0.2487648
 96 V  96 0.0014048 0.0000000 0.0000000 0.0000000 0.0000000 0.0000000 0.0000000 0.0000000 0.0000000 0.7103898 0.0500016 0.0000000 0.0118788 0.0000000 0.0000000 0.0000000 0.0024696 0.0000000 0.0000000 0.2238554
 97 I  97 0.0025967 0.0000000 0.0000000 0.0000000 0.0012092 0.0000000 0.0000000 0.0000000 0.0000000 0.7012084 0.1051654 0.0000000 0.0069773 0.0260872 0.0000000 0.0000000 0.0012878 0.0000000 0.0093612 0.1461068
 98 G  98 0.0473079 0.0000000 0.0000000 0.0000000 0.0000000 0.0000000 0.0000000 0.9474240 0.0000000 0.0000000 0.0000000 0.0000000 0.0000000 0.0000000 0.0000000 0.0052681 0.0000000 0.0000000 0.0000000 0.0000000
 99 F  99 0.0000000 0.0000000 0.0000000 0.0000000 0.0000000 0.0000000 0.0000000 0.0000000 0.0000000 0.0000000 0.0000000 0.0000000 0.0000000 0.9969248 0.0000000 0.0000000 0.0000000 0.0000000 0.0030752 0.0000000
100 N 100 0.0000000 0.0084907 0.8759844 0.0057613 0.0000000 0.0532015 0.0000000 0.0128572 0.0324596 0.0000000 0.0000000 0.0000000 0.0000000 0.0000000 0.0000000 0.0112453 0.0000000 0.0000000 0.0000000 0.0000000
101 V 101 0.0066196 0.0000000 0.0000000 0.0000000 0.0018746 0.0000000 0.0000000 0.0000000 0.0000000 0.0147450 0.0052681 0.0000000 0.0000000 0.0000000 0.0000000 0.0026325 0.0776659 0.0000000 0.0000000 0.8911943
102 R 102 0.0000000 0.9057322 0.0000000 0.0000000 0.0000000 0.0045952 0.0000000 0.0000000 0.0000000 0.0000000 0.0000000 0.0336719 0.0052681 0.0000000 0.0000000 0.0225024 0.0282302 0.0000000 0.0000000 0.0000000
103 P 103 0.3439116 0.0000000 0.0000000 0.0000000 0.0000000 0.0000000 0.0000000 0.0017761 0.0000000 0.0000000 0.0181792 0.0000000 0.0184262 0.0071712 0.5933960 0.0034769 0.0061728 0.0000000 0.0034652 0.0040247
104 D 104 0.0825084 0.0000000 0.1156629 0.4125870 0.0000000 0.0193687 0.0977184 0.0105848 0.0070717 0.0026488 0.0011140 0.0000000 0.0111102 0.0013105 0.0000000 0.0792716 0.1455722 0.0013079 0.0000000 0.0121630
105 A 105 0.3247070 0.0266460 0.0539466 0.0030968 0.0000000 0.0190961 0.0119854 0.0959339 0.0034612 0.0091725 0.0138758 0.0542522 0.0039567 0.0000000 0.1555383 0.1274745 0.0442510 0.0000000 0.0000000 0.0526059
106 N 106 0.0775019 0.0445486 0.1839717 0.0047914 0.0000000 0.1741066 0.0273337 0.1129288 0.0027584 0.0032804 0.0140727 0.1440826 0.0074716 0.0000000 0.0179484 0.1120287 0.0592100 0.0000000 0.0000000 0.0139645
107 A 107 0.8274504 0.0000000 0.0040083 0.0000000 0.0000000 0.0000000 0.0000000 0.0042802 0.0000000 0.0184588 0.0000000 0.0000000 0.0021513 0.0000000 0.0000000 0.0315336 0.0196675 0.0000000 0.0000000 0.0924497
108 K 108 0.0714520 0.4929146 0.0024563 0.0011441 0.0000000 0.0425312 0.0238683 0.0019656 0.0010943 0.0130774 0.0194153 0.2819452 0.0030967 0.0000000 0.0000000 0.0196992 0.0212615 0.0000000 0.0000000 0.0040784
109 R 109 0.1131145 0.1573761 0.0279602 0.0926188 0.0000000 0.0900848 0.1393543 0.0017399 0.0017039 0.0139746 0.0183529 0.2295426 0.0123330 0.0000000 0.0000000 0.0548399 0.0289182 0.0000000 0.0025291 0.0155573
110 A 110 0.1762343 0.0000000 0.0088469 0.0024452 0.0015783 0.0637252 0.0162351 0.0016968 0.0067510 0.0847030 0.3650327 0.0343935 0.0694314 0.0042137 0.0000000 0.0210780 0.0615676 0.0000000 0.0069159 0.0751514
111 A 111 0.8570992 0.0000000 0.0000000 0.0000000 0.0021672 0.0000000 0.0000000 0.0029700 0.0000000 0.0723247 0.0058279 0.0000000 0.0019643 0.0000000 0.0000000 0.0200201 0.0000000 0.0000000 0.0000000 0.0376267
112 E 112 0.0291056 0.0114751 0.0224158 0.2192862 0.0000000 0.0367490 0.6045955 0.0000000 0.0020393 0.0000000 0.0000000 0.0589335 0.0013998 0.0000000 0.0000000 0.0093406 0.0000000 0.0000000 0.0000000 0.0046596
113 S 113 0.1113361 0.2609898 0.0514554 0.0156687 0.0000000 0.1652136 0.0729919 0.0100135 0.0163459 0.0043324 0.0065761 0.1483580 0.0020150 0.0009828 0.0000000 0.0687550 0.0581594 0.0000000 0.0000000 0.0068062
114 E 114 0.0386756 0.0022050 0.0709298 0.0883510 0.0012353 0.0432477 0.6498927 0.0014793 0.0052359 0.0000000 0.0174736 0.0271223 0.0053517 0.0034561 0.0000000 0.0172148 0.0224129 0.0000000 0.0036157 0.0021008
115 K 115 0.0039278 0.0024903 0.1039174 0.0468995 0.0000000 0.0412332 0.0767417 0.5064147 0.0215889 0.0000000 0.0026839 0.1414970 0.0000000 0.0000000 0.0000000 0.0526056 0.0000000 0.0000000 0.0000000 0.0000000
116 V 116 0.0012314 0.0021014 0.0000000 0.0000000 0.0000000 0.0000000 0.0000000 0.0016682 0.0000000 0.2010752 0.0494816 0.0000000 0.0015650 0.0000000 0.0000000 0.0011078 0.0028732 0.0000000 0.0000000 0.7388962
117 D 117 0.0025550 0.0000000 0.0056045 0.6325859 0.0000000 0.0384072 0.2912463 0.0024465 0.0000000 0.0026623 0.0000000 0.0053310 0.0037837 0.0010573 0.0013764 0.0080795 0.0048644 0.0000000 0.0000000 0.0000000
118 I 118 0.0019325 0.0000000 0.0000000 0.0000000 0.0000000 0.0000000 0.0000000 0.0000000 0.0000000 0.6350749 0.1507986 0.0000000 0.0540133 0.0015264 0.0000000 0.0000000 0.0000000 0.0000000 0.0000000 0.1566543
119 R 119 0.0000000 0.8801840 0.0131498 0.0000000 0.0000000 0.0078451 0.0000000 0.0000000 0.0219347 0.0000000 0.0041669 0.0686251 0.0000000 0.0000000 0.0000000 0.0016479 0.0000000 0.0000000 0.0024465 0.0000000
120 L 120 0.0000000 0.0035023 0.0112611 0.0215683 0.0000000 0.0045783 0.0281927 0.0000000 0.0037537 0.0059393 0.2866278 0.0273081 0.0257727 0.0711586 0.0000000 0.0169987 0.1260525 0.0000000 0.3639352 0.0033507
121 H 121 0.0000000 0.0000000 0.0000000 0.0000000 0.0000000 0.0000000 0.0000000 0.0000000 0.1175283 0.0000000 0.0000000 0.0000000 0.0000000 0.0196922 0.0000000 0.0000000 0.0000000 0.0000000 0.8627795 0.0000000
122 R 122 0.0070770 0.2034258 0.2190757 0.0767938 0.0000000 0.0138175 0.0044143 0.0057622 0.0000000 0.0000000 0.0000000 0.0219105 0.0000000 0.0000000 0.0000000 0.4266251 0.0210981 0.0000000 0.0000000 0.0000000
123 I 123 0.0000000 0.0000000 0.0000000 0.0000000 0.0000000 0.0000000 0.0000000 0.0000000 0.0000000 0.5123675 0.0022714 0.0000000 0.0000000 0.0000000 0.0000000 0.0000000 0.0020780 0.0000000 0.0000000 0.4832831
124 I 124 0.0000000 0.0000000 0.0000000 0.0000000 0.0000000 0.0000000 0.0000000 0.0000000 0.0000000 1.0000000 0.0000000 0.0000000 0.0000000 0.0000000 0.0000000 0.0000000 0.0000000 0.0000000 0.0000000 0.0000000
125 Y 125 0.0000000 0.0000000 0.0000000 0.0000000 0.0000000 0.0000000 0.0000000 0.0000000 0.0000000 0.0000000 0.0000000 0.0000000 0.0033358 0.0000000 0.0000000 0.0000000 0.0000000 0.0000000 0.9966642 0.0000000
126 N 126 0.0222584 0.0086360 0.1296493 0.3983706 0.0000000 0.1115878 0.1160530 0.0061775 0.0217822 0.0000000 0.0000000 0.1688498 0.0000000 0.0000000 0.0000000 0.0121144 0.0045211 0.0000000 0.0000000 0.0000000
127 V 127 0.4972950 0.0000000 0.0000000 0.0000000 0.0181712 0.0000000 0.0000000 0.0000000 0.0000000 0.0371278 0.2896545 0.0000000 0.0113605 0.0000000 0.0000000 0.0000000 0.0014813 0.0000000 0.0000000 0.1449098
128 I 128 0.0144825 0.0030237 0.0000000 0.0000000 0.0000000 0.0104813 0.0000000 0.0000000 0.0000000 0.6037087 0.1376290 0.0000000 0.0091090 0.0000000 0.0000000 0.0021270 0.0195546 0.0000000 0.0000000 0.1998841
129 E 129 0.0068124 0.0000000 0.0971405 0.5155659 0.0000000 0.0030515 0.3575428 0.0031893 0.0000000 0.0000000 0.0000000 0.0044371 0.0000000 0.0000000 0.0000000 0.0077811 0.0044794 0.0000000 0.0000000 0.0000000
130 E 130 0.0000000 0.0000000 0.0000000 0.6054949 0.0000000 0.0226433 0.3584148 0.0076686 0.0000000 0.0000000 0.0000000 0.0041669 0.0000000 0.0000000 0.0000000 0.0016115 0.0000000 0.0000000 0.0000000 0.0000000
131 I 131 0.0033594 0.0000000 0.0000000 0.0000000 0.0000000 0.0000000 0.0000000 0.0000000 0.0000000 0.4370156 0.0556393 0.0000000 0.0192414 0.0000000 0.0000000 0.0000000 0.0000000 0.0000000 0.0000000 0.4847444
132 E 132 0.0000000 0.0764866 0.0055477 0.0126490 0.0000000 0.0648437 0.2983753 0.0013998 0.0063273 0.0000000 0.0000000 0.5109957 0.0000000 0.0000000 0.0000000 0.0042009 0.0191740 0.0000000 0.0000000 0.0000000
133 A 133 0.4034142 0.0106019 0.0385561 0.0968150 0.0000000 0.0739062 0.0158513 0.0391205 0.0042236 0.0000000 0.0411322 0.1201237 0.0114628 0.0009523 0.0000000 0.1109389 0.0267080 0.0000000 0.0022433 0.0039500
134 A 134 0.8974064 0.0000000 0.0000000 0.0000000 0.0000000 0.0000000 0.0080518 0.0000000 0.0000000 0.0109004 0.0232489 0.0000000 0.0091149 0.0000000 0.0000000 0.0205465 0.0091620 0.0000000 0.0000000 0.0215691
135 M 135 0.0226041 0.0162029 0.0000000 0.0000000 0.0000000 0.0000000 0.0000000 0.0000000 0.0000000 0.0355518 0.2340291 0.0000000 0.6599760 0.0000000 0.0000000 0.0000000 0.0000000 0.0000000 0.0000000 0.0316360
136 K 136 0.0333759 0.0159981 0.0061740 0.0032160 0.0012192 0.0117680 0.2423261 0.0242618 0.0000000 0.0297041 0.0065934 0.2722084 0.0000000 0.0016010 0.0000000 0.2646609 0.0542193 0.0000000 0.0030237 0.0296501
137 G 137 0.0000000 0.0000000 0.0038849 0.0000000 0.0000000 0.0000000 0.0037837 0.9897011 0.0000000 0.0000000 0.0026303 0.0000000 0.0000000 0.0000000 0.0000000 0.0000000 0.0000000 0.0000000 0.0000000 0.0000000
138 M 138 0.0016693 0.0024696 0.0000000 0.0000000 0.0000000 0.0120012 0.0000000 0.0000000 0.0000000 0.0022708 0.3130037 0.0305164 0.6357900 0.0000000 0.0000000 0.0000000 0.0000000 0.0000000 0.0000000 0.0022791
139 L 139 0.0029248 0.0015783 0.0000000 0.0000000 0.0000000 0.0021072 0.0026303 0.0000000 0.0000000 0.0047136 0.9692634 0.0000000 0.0135400 0.0000000 0.0000000 0.0000000 0.0000000 0.0000000 0.0000000 0.0032423
140 D 140 0.0260983 0.0000000 0.0014023 0.0812398 0.0000000 0.0015068 0.1032194 0.0105027 0.0000000 0.0000000 0.0000000 0.0301465 0.0000000 0.0000000 0.7087465 0.0322044 0.0049333 0.0000000 0.0000000 0.0000000
141 E 141 0.0000000 0.0000000 0.0020232 0.0511822 0.0000000 0.0064108 0.5262811 0.0000000 0.0000000 0.0022433 0.0000000 0.0694462 0.0000000 0.0000000 0.2481860 0.0000000 0.0582782 0.0000000 0.0000000 0.0359491
142 Y 142 0.0000000 0.0316630 0.0000000 0.0000000 0.0000000 0.0250081 0.0262906 0.0000000 0.0191722 0.1676699 0.1257270 0.0595366 0.0251266 0.2009207 0.0000000 0.0045488 0.0378016 0.0025938 0.2278439 0.0460971
143 E 143 0.0008869 0.3055045 0.0000000 0.0000000 0.0000000 0.0178211 0.2325092 0.0000000 0.0136124 0.0158395 0.0000000 0.3139481 0.0022802 0.0000000 0.0000000 0.0024832 0.0049924 0.0000000 0.0000000 0.0901224
144 E 144 0.0000000 0.0000000 0.0000000 0.0094186 0.0000000 0.0548156 0.9357658 0.0000000 0.0000000 0.0000000 0.0000000 0.0000000 0.0000000 0.0000000 0.0000000 0.0000000 0.0000000 0.0000000 0.0000000 0.0000000
145 K 145 0.0091052 0.0300042 0.0452461 0.0131787 0.0000000 0.0762057 0.3154730 0.0000000 0.0119085 0.0131220 0.0030698 0.1958777 0.0000000 0.0000000 0.0000000 0.0212693 0.0619929 0.0000000 0.0000000 0.2035466
146 V 146 0.0208702 0.0091823 0.0076759 0.0175275 0.0000000 0.0327158 0.0334400 0.0000000 0.0069369 0.3018474 0.0155765 0.0076686 0.0182793 0.0939642 0.0273319 0.0298214 0.0225855 0.0000000 0.0478949 0.3066817
147 I 147 0.0046247 0.0023703 0.0019977 0.0000000 0.0019996 0.0258268 0.0054728 0.0036101 0.0028669 0.3159102 0.3753834 0.0023339 0.0179268 0.0027428 0.0000000 0.0017820 0.1628969 0.0000000 0.0000000 0.0722553
148 G 148 0.0328038 0.0000000 0.0000000 0.0000000 0.0034062 0.0000000 0.0000000 0.9533411 0.0000000 0.0000000 0.0000000 0.0000000 0.0000000 0.0000000 0.0000000 0.0104489 0.0000000 0.0000000 0.0000000 0.0000000
149 Q 149 0.0026388 0.1215296 0.0898932 0.0058309 0.0017789 0.1514947 0.0664071 0.0000000 0.0838236 0.0353652 0.0982570 0.0385572 0.0222683 0.0094903 0.0000000 0.0548210 0.1457055 0.0000000 0.0520790 0.0200598
150 A 150 0.7234582 0.0000000 0.0000000 0.0000000 0.0066951 0.0000000 0.0000000 0.0000000 0.0000000 0.0347011 0.0303740 0.0000000 0.0078735 0.0023446 0.0000000 0.0110124 0.0058970 0.0000000 0.0000000 0.1776441
151 E 151 0.0041697 0.0060427 0.0087032 0.0353462 0.0000000 0.0620221 0.8068032 0.0010442 0.0000000 0.0128471 0.0122618 0.0044653 0.0007888 0.0000000 0.0000000 0.0131353 0.0180595 0.0000000 0.0000000 0.0143110
152 V 152 0.0017364 0.0000000 0.0000000 0.0000000 0.0015410 0.0000000 0.0000000 0.0000000 0.0000000 0.3388828 0.0014160 0.0000000 0.0000000 0.0000000 0.0000000 0.0000000 0.0000000 0.0000000 0.0000000 0.6564237
153 R 153 0.0000000 0.8636923 0.0000000 0.0027107 0.0000000 0.0101682 0.0000000 0.0000000 0.0000000 0.0000000 0.0723973 0.0443108 0.0067206 0.0000000 0.0000000 0.0000000 0.0000000 0.0000000 0.0000000 0.0000000
154 Q 154 0.1014945 0.0021072 0.0368061 0.1545555 0.0000000 0.2730317 0.3616624 0.0000000 0.0039198 0.0000000 0.0026971 0.0272459 0.0067497 0.0000000 0.0000000 0.0080809 0.0188078 0.0000000 0.0000000 0.0028413
155 T 155 0.0048832 0.0000000 0.0000000 0.0023945 0.0000000 0.0000000 0.0000000 0.0000000 0.0000000 0.1607783 0.0508206 0.0000000 0.0037293 0.0000000 0.0028254 0.0000000 0.2662629 0.0000000 0.0000000 0.5083058
156 F 156 0.0000000 0.0000000 0.0000000 0.0000000 0.0000000 0.0000000 0.0000000 0.0000000 0.0000000 0.0439516 0.0020994 0.0000000 0.0085213 0.8482872 0.0000000 0.0000000 0.0000000 0.0048481 0.0922924 0.0000000
157 K 157 0.0049239 0.2075147 0.0976284 0.0162158 0.0000000 0.0091703 0.0076826 0.0013713 0.0320693 0.0000000 0.0064551 0.4604734 0.0009646 0.0017543 0.0302642 0.0602056 0.0452296 0.0000000 0.0000000 0.0180769
158 V 158 0.0900698 0.0000000 0.0017761 0.0000000 0.0000000 0.0000000 0.0000000 0.0011229 0.0079308 0.2971508 0.0141738 0.0000000 0.0000000 0.0169182 0.0000000 0.1662710 0.0100925 0.0000000 0.0000000 0.3944940
159 S 159 0.0082847 0.0000000 0.0023297 0.0014688 0.0000000 0.0021071 0.0000000 0.0492860 0.0000000 0.0000000 0.0000000 0.0092736 0.0000000 0.0000000 0.3243611 0.5058301 0.0970591 0.0000000 0.0000000 0.0000000
160 K 160 0.0031632 0.0829552 0.0332685 0.0035825 0.0000000 0.0023506 0.0000000 0.0867791 0.0010451 0.0000000 0.0000000 0.7672509 0.0000000 0.0000000 0.0000000 0.0113437 0.0071524 0.0000000 0.0000000 0.0011087
161 V 161 0.0456077 0.0076201 0.0096139 0.0000000 0.0000000 0.0022645 0.0000000 0.0033750 0.0019628 0.1927335 0.0538629 0.0027768 0.0024250 0.1171684 0.0000000 0.0247199 0.0138491 0.0051989 0.0018420 0.5149796
162 G 162 0.0000000 0.0000000 0.0000000 0.0000000 0.0000000 0.0000000 0.0057370 0.9802618 0.0000000 0.0067667 0.0000000 0.0000000 0.0000000 0.0000000 0.0000000 0.0015824 0.0037843 0.0000000 0.0000000 0.0018678
163 T 163 0.1705034 0.0127507 0.1349233 0.0009330 0.0000000 0.0200331 0.0022083 0.0000000 0.0000000 0.0417189 0.0398633 0.1145616 0.0222626 0.0015931 0.0000000 0.0215461 0.3763761 0.0000000 0.0026383 0.0380883
164 I 164 0.0190745 0.0000000 0.0000000 0.0000000 0.0000000 0.0000000 0.0000000 0.0000000 0.0000000 0.5763084 0.0000000 0.0000000 0.0000000 0.0000000 0.0000000 0.0000000 0.0000000 0.0000000 0.0000000 0.4046171
165 A 165 0.9466805 0.0000000 0.0000000 0.0000000 0.0044274 0.0000000 0.0000000 0.0403922 0.0000000 0.0000000 0.0000000 0.0000000 0.0000000 0.0000000 0.0000000 0.0025647 0.0000000 0.0000000 0.0000000 0.0059351
166 G 166 0.0000000 0.0000000 0.0000000 0.0000000 0.0000000 0.0000000 0.0000000 1.0000000 0.0000000 0.0000000 0.0000000 0.0000000 0.0000000 0.0000000 0.0000000 0.0000000 0.0000000 0.0000000 0.0000000 0.0000000
167 C 167 0.0519430 0.0000000 0.0000000 0.0000000 0.6960453 0.0000000 0.0000000 0.0392855 0.0000000 0.0053872 0.0040285 0.0000000 0.0000000 0.0163197 0.0000000 0.1632976 0.0018707 0.0000000 0.0000000 0.0218225
168 Y 168 0.0118355 0.0665121 0.0000000 0.0000000 0.0000000 0.0070069 0.0000000 0.0055822 0.0091197 0.0325233 0.0728187 0.0039126 0.3388242 0.0283167 0.0000000 0.0036079 0.0034833 0.0012171 0.4057959 0.0094437
169 V 169 0.0020683 0.0000000 0.0000000 0.0000000 0.0000000 0.0000000 0.0000000 0.0000000 0.0000000 0.0524831 0.0000000 0.0000000 0.0059468 0.0000000 0.0000000 0.0000000 0.0000000 0.0000000 0.0000000 0.9395017
170 T 170 0.0118288 0.0480317 0.0057477 0.0069443 0.0000000 0.0600070 0.0117298 0.0000000 0.0000000 0.0655616 0.1839497 0.0326060 0.0202356 0.0000000 0.0000000 0.0253233 0.4636648 0.0000000 0.0000000 0.0643696
171 D 171 0.0064773 0.0068028 0.0410075 0.3245262 0.0000000 0.0096562 0.4216828 0.0000000 0.0000000 0.0008608 0.0000000 0.0134916 0.0000000 0.0000000 0.0000000 0.1414061 0.0325049 0.0000000 0.0015839 0.0000000
172 G 172 0.0000000 0.0000000 0.0000000 0.0000000 0.0000000 0.0000000 0.0000000 1.0000000 0.0000000 0.0000000 0.0000000 0.0000000 0.0000000 0.0000000 0.0000000 0.0000000 0.0000000 0.0000000 0.0000000 0.0000000
173 K 173 0.0120980 0.0203338 0.0112142 0.0015061 0.0035331 0.0065334 0.0407776 0.0000000 0.0100331 0.0677163 0.0556448 0.4279582 0.0152051 0.0118175 0.0000000 0.0199596 0.1072027 0.0000000 0.0256444 0.1628220
174 I 174 0.0208450 0.0000000 0.0000000 0.0000000 0.0000000 0.0000000 0.0000000 0.0000000 0.0000000 0.4671767 0.0903270 0.0000000 0.0263646 0.0227336 0.0000000 0.0000000 0.0000000 0.0000000 0.0000000 0.3725531
175 T 175 0.0141074 0.1277871 0.0199015 0.0066777 0.0038281 0.0845704 0.0744662 0.0021859 0.0302298 0.0220850 0.0254342 0.2564683 0.0060547 0.0178877 0.0048518 0.0308343 0.1862959 0.0000000 0.0344834 0.0518506
176 R 176 0.0042156 0.9174572 0.0180625 0.0000000 0.0000000 0.0000000 0.0000000 0.0000000 0.0017890 0.0000000 0.0000000 0.0436483 0.0000000 0.0000000 0.0000000 0.0148274 0.0000000 0.0000000 0.0000000 0.0000000
177 D 177 0.0162817 0.0085181 0.4123572 0.1606768 0.0000000 0.0052798 0.0131455 0.1954852 0.0294129 0.0000000 0.0000000 0.0137644 0.0000000 0.0000000 0.0000000 0.1059395 0.0391389 0.0000000 0.0000000 0.0000000
178 S 178 0.3299637 0.0093186 0.0826883 0.0414126 0.1275738 0.0160426 0.0013708 0.0268509 0.0007635 0.0054778 0.0027942 0.0408742 0.0000000 0.0000000 0.0000000 0.2734478 0.0350619 0.0000000 0.0047116 0.0016476
179 K 179 0.0026280 0.0634450 0.0552355 0.0116191 0.0000000 0.0732424 0.0326865 0.1326404 0.0322952 0.0042007 0.0202596 0.3306320 0.0070784 0.0112684 0.1270253 0.0814119 0.0062068 0.0000000 0.0028670 0.0052579
180 V 180 0.1321693 0.0000000 0.0000000 0.0000000 0.0199280 0.0000000 0.0000000 0.0039670 0.0000000 0.2756348 0.0190571 0.0000000 0.0031830 0.0115476 0.0000000 0.0009975 0.0064076 0.0000000 0.0017814 0.5253268
181 R 181 0.0000000 0.9688544 0.0150726 0.0000000 0.0000000 0.0014731 0.0000000 0.0000000 0.0072180 0.0000000 0.0000000 0.0073819 0.0000000 0.0000000 0.0000000 0.0000000 0.0000000 0.0000000 0.0000000 0.0000000
182 L 182 0.0000000 0.0000000 0.0000000 0.0000000 0.0000000 0.0024688 0.0000000 0.0000000 0.0000000 0.1297399 0.4369610 0.0000000 0.0000000 0.0022050 0.0000000 0.0000000 0.0000000 0.0000000 0.0000000 0.4286253
183 I 183 0.0017818 0.0245809 0.0027080 0.0000000 0.0000000 0.0068899 0.0000000 0.0000000 0.0134178 0.3727883 0.3768838 0.0056883 0.0223800 0.0026388 0.0000000 0.0080660 0.0266436 0.0016518 0.0108431 0.1230380
184 R 184 0.0000000 0.9892491 0.0000000 0.0000000 0.0000000 0.0000000 0.0000000 0.0034962 0.0026839 0.0000000 0.0000000 0.0000000 0.0000000 0.0000000 0.0000000 0.0045708 0.0000000 0.0000000 0.0000000 0.0000000
185 Q 185 0.0094749 0.0064003 0.1135989 0.6902409 0.0000000 0.0235063 0.0918430 0.0482561 0.0020703 0.0000000 0.0000000 0.0070181 0.0000000 0.0000000 0.0000000 0.0075912 0.0000000 0.0000000 0.0000000 0.0000000
186 G 186 0.0025247 0.0057097 0.2828429 0.0674817 0.0000000 0.0023046 0.0048381 0.5521983 0.0135454 0.0000000 0.0000000 0.0257867 0.0000000 0.0029765 0.0000000 0.0397914 0.0000000 0.0000000 0.0000000 0.0000000
187 I 187 0.0091852 0.0016677 0.0125236 0.0138629 0.0000000 0.0197083 0.0406138 0.0000000 0.0000000 0.2804750 0.0068356 0.0419503 0.0015372 0.0014796 0.0000000 0.0018963 0.0249920 0.0000000 0.0000000 0.5432724
188 V 188 0.0000000 0.0000000 0.0000000 0.0000000 0.0000000 0.0565540 0.0278774 0.0000000 0.0000000 0.0353490 0.0132887 0.0083853 0.0040372 0.0000000 0.0000000 0.0000000 0.0161056 0.0000000 0.0000000 0.8384028
189 V 189 0.0048605 0.0000000 0.0000000 0.0000000 0.0029248 0.0071576 0.0000000 0.0000000 0.0047285 0.5609292 0.0521606 0.0201922 0.0045578 0.0032058 0.0000000 0.0000000 0.0042945 0.0000000 0.0015428 0.3334455
