  401         A         R         N         D         C         Q         E         G         H         I         L         K         M         F         P         S         T         W         Y         V         X    
  1 M   1 0.0000000 0.0000000 0.0000000 0.0000000 0.0000000 0.0000000 0.0000000 0.0000000 0.0000000 0.0000000 0.0000000 0.0000000 0.0059043 0.0000000 0.0000000 0.0000000 0.0000000 0.0000000 0.0000000 0.0000000 0.9940957
  2 A   2 0.0059043 0.0000000 0.0000000 0.0000000 0.0000000 0.0000000 0.0000000 0.0000000 0.0000000 0.0000000 0.0000000 0.0000000 0.0000000 0.0000000 0.0000000 0.0028326 0.0000000 0.0000000 0.0000000 0.0000000 0.9912631
  3 H   3 0.0000000 0.0000000 0.0000000 0.0000000 0.0000000 0.0000000 0.0000000 0.0000000 0.0106509 0.0000000 0.0000000 0.0000000 0.0000000 0.0000000 0.0000000 0.0000000 0.0000000 0.0000000 0.0000000 0.0000000 0.9893491
  4 H   4 0.0000000 0.0000000 0.0000000 0.0000000 0.0000000 0.0000000 0.0000000 0.0000000 0.0087369 0.0000000 0.0000000 0.0000000 0.0000000 0.0000000 0.0000000 0.0065829 0.0000000 0.0000000 0.0000000 0.0000000 0.9846802
  5 H   5 0.0062655 0.0000000 0.0000000 0.0000000 0.0000000 0.0000000 0.0000000 0.0015239 0.0059043 0.0031451 0.0077950 0.0000000 0.0019140 0.0000000 0.0000000 0.0000000 0.0000000 0.0000000 0.0000000 0.0000000 0.9734523
  6 H   6 0.0117019 0.0051010 0.0000000 0.0000000 0.0000000 0.0000000 0.0000000 0.0000000 0.0095709 0.0000000 0.0000000 0.0000000 0.0000000 0.0000000 0.0000000 0.0000000 0.0000000 0.0000000 0.0015173 0.0000000 0.9721089
  7 H   7 0.0000000 0.0000000 0.0000000 0.0000000 0.0000000 0.0000000 0.0000000 0.0000000 0.0074933 0.0000000 0.0056062 0.0000000 0.0000000 0.0190219 0.0000000 0.0035062 0.0000000 0.0000000 0.0019140 0.0025869 0.9598715
  8 H   8 0.0000000 0.0000000 0.0000000 0.0000000 0.0000000 0.0000000 0.0000000 0.0000000 0.0068667 0.0031870 0.0053507 0.0000000 0.0000000 0.0400647 0.0000000 0.0000000 0.0000000 0.0000000 0.0022545 0.0018741 0.9404022
  9 V   9 0.0452159 0.0025515 0.0000000 0.0000000 0.0000000 0.0000000 0.0000000 0.0056905 0.0000000 0.0024820 0.0402373 0.0000000 0.0009291 0.0007677 0.0000000 0.0062343 0.0066908 0.0026471 0.0000000 0.0362675 0.8502862
 10 D  10 0.0025109 0.0005085 0.0000000 0.0059043 0.0064152 0.0000000 0.0000000 0.0022670 0.0051979 0.0092515 0.1094118 0.0000000 0.0000000 0.0000000 0.0470991 0.0011020 0.0035031 0.0028165 0.0000000 0.0069911 0.7970211
 11 D  11 0.0091266 0.0056891 0.0056314 0.0059043 0.0000000 0.0264893 0.0000000 0.0114146 0.0431659 0.0032799 0.0057008 0.0051085 0.0000000 0.0000000 0.0172438 0.0046330 0.1438935 0.0000000 0.0024705 0.0049214 0.7053275
 12 D  12 0.0122069 0.0071186 0.0012426 0.0191023 0.0034329 0.0721839 0.0895636 0.0550730 0.0010906 0.0005031 0.0082364 0.0062801 0.0021591 0.0000000 0.0027073 0.0162615 0.0154687 0.0028165 0.0019075 0.0027136 0.6799317
 13 D  13 0.0691142 0.0061019 0.0048122 0.0059043 0.0000000 0.0000000 0.0000000 0.0000000 0.0021908 0.0091638 0.0077449 0.0000000 0.0004267 0.0000000 0.0062454 0.0283203 0.1858889 0.0000000 0.0062211 0.0184786 0.6493868
 14 K  14 0.0334441 0.0655085 0.0043076 0.0009549 0.0244213 0.0225490 0.0056507 0.0187824 0.0138207 0.0000000 0.0072400 0.0075547 0.0000000 0.0071336 0.0178757 0.0531192 0.0011261 0.0721651 0.0020310 0.0093451 0.6329702
 15 I  15 0.2998785 0.0000000 0.0012283 0.0013516 0.0171434 0.0013091 0.0071598 0.0085101 0.0011658 0.0090968 0.0082929 0.0046122 0.0000000 0.0000000 0.0124588 0.0089304 0.0216268 0.0000000 0.0000000 0.0027756 0.5944600
 16 G  16 0.0209670 0.0285515 0.0000000 0.0018645 0.0018354 0.0000000 0.0169760 0.3239498 0.0000000 0.0000000 0.0021627 0.0000000 0.0020768 0.0000000 0.0018290 0.0115405 0.0000000 0.0018054 0.0000000 0.0527380 0.5337034
 17 S  17 0.0002948 0.0026238 0.0025849 0.0000000 0.0000000 0.0011372 0.0000000 0.0026122 0.0023510 0.0065125 0.0110810 0.0170745 0.0017200 0.0025400 0.0422982 0.3131675 0.1210486 0.0004421 0.0009516 0.0009773 0.4705831
 18 H  18 0.0000000 0.0014453 0.0029433 0.0000000 0.0000000 0.0017555 0.0000000 0.0000000 0.5380670 0.0000000 0.0000000 0.0000000 0.0000000 0.0000000 0.0085898 0.0000000 0.0000000 0.0000000 0.0236163 0.0000000 0.4235828
 19 S  19 0.0013502 0.0012398 0.0000000 0.0000000 0.0000000 0.0000000 0.0000000 0.0000000 0.0000000 0.0000000 0.0030414 0.0014794 0.0000000 0.0074105 0.0000000 0.5051786 0.0399914 0.0160833 0.0000000 0.0000000 0.4242255
 20 M  20 0.0000000 0.0008027 0.0000000 0.0000000 0.0000000 0.0000000 0.0000000 0.0000000 0.0044734 0.0000000 0.4661392 0.0012849 0.0902018 0.0044812 0.0000000 0.0000000 0.0029358 0.0076368 0.0041518 0.0007582 0.4171342
 21 R  21 0.0000000 0.3098137 0.0131591 0.0000000 0.0022156 0.0503836 0.0032991 0.0046153 0.0276130 0.0030207 0.0118718 0.0939079 0.0019257 0.0008821 0.0000000 0.0261421 0.0127354 0.0018542 0.0164201 0.0031299 0.4170107
 22 Y  22 0.0076368 0.0000000 0.0049586 0.0000000 0.0019367 0.0000000 0.0000000 0.0025570 0.0085328 0.0068052 0.0029014 0.0000000 0.0000000 0.0412269 0.0000000 0.0021967 0.0111444 0.0000000 0.4887887 0.0057393 0.4155755
 23 F  23 0.0010038 0.0012639 0.0031451 0.0000000 0.0053510 0.0000000 0.0000000 0.0000000 0.0184342 0.0469544 0.0611864 0.0021908 0.0000000 0.3993274 0.0026122 0.0066907 0.0000000 0.0000000 0.0221368 0.0163818 0.4133215
 24 H  24 0.0042377 0.0179383 0.0155297 0.0221626 0.0051939 0.0173396 0.0113770 0.0036307 0.0478672 0.0187969 0.0161048 0.0066004 0.0017066 0.0480848 0.0007163 0.0395503 0.0192287 0.0000000 0.2661708 0.0260905 0.4116733
 25 T  25 0.0131032 0.0000000 0.0023449 0.0000000 0.0014039 0.0000000 0.0000000 0.0000000 0.0015247 0.0227458 0.0260979 0.0000000 0.0132067 0.0000000 0.0062476 0.0177774 0.4689365 0.0011405 0.0039130 0.0094846 0.4120733
 26 S  26 0.2830971 0.0031405 0.0000000 0.0013671 0.0053203 0.0047850 0.0032691 0.1253494 0.0000000 0.0140741 0.0265244 0.0000000 0.0012426 0.0030012 0.0000000 0.0559762 0.0230507 0.0013238 0.0004853 0.0338960 0.4140971
 27 V  27 0.0212121 0.0000000 0.0023157 0.0000000 0.0000000 0.0000000 0.0027032 0.0000000 0.0000000 0.0250152 0.0843584 0.0000000 0.0582455 0.0051411 0.0026122 0.0759545 0.0331571 0.0025677 0.0010906 0.2709171 0.4147096
 28 S  28 0.0066070 0.0000000 0.0000000 0.0000000 0.0000000 0.0000000 0.0050558 0.0000000 0.0010756 0.0000000 0.0121238 0.0012001 0.0014878 0.0037112 0.0069558 0.4702444 0.0746051 0.0012892 0.0031966 0.0000000 0.4124476
 29 R  29 0.0112396 0.2062540 0.0041973 0.0670813 0.0007163 0.0332553 0.0753582 0.0918899 0.0072016 0.0007531 0.0045514 0.0317050 0.0000000 0.0010306 0.0009884 0.0070770 0.0064733 0.0244514 0.0000000 0.0028312 0.4229452
 30 P  30 0.0076849 0.0183597 0.0000000 0.0070612 0.0000000 0.0020597 0.0018110 0.0046377 0.0059069 0.0023840 0.0173633 0.0005856 0.0027666 0.0000000 0.4001013 0.0054704 0.0015767 0.0000000 0.0029938 0.0539542 0.4652830
 31 G  31 0.0235249 0.0071574 0.0101067 0.0512203 0.0000000 0.0000000 0.0101709 0.3065829 0.0000000 0.0263302 0.0112580 0.0000000 0.0000000 0.0000000 0.0000000 0.0432659 0.0200613 0.0020733 0.0020399 0.0279541 0.4582541
 32 R  32 0.0079134 0.0905725 0.0016857 0.0027101 0.0000000 0.0307304 0.0089414 0.0050139 0.0219137 0.0259024 0.1052140 0.0142282 0.0156832 0.0220119 0.1699318 0.0199763 0.0155809 0.0036354 0.0083973 0.0026421 0.4273154
 33 G  33 0.0092296 0.0209877 0.0662973 0.0365802 0.0000000 0.0065605 0.0315322 0.3454524 0.0000000 0.0013631 0.0177255 0.0009793 0.0008825 0.0000000 0.0023495 0.0157787 0.0021290 0.0063406 0.0000000 0.0118200 0.4239922
 34 E  34 0.0042591 0.0018123 0.0028021 0.0174184 0.0000000 0.0155513 0.1948455 0.0005587 0.0031983 0.0538575 0.0709428 0.0179561 0.0154660 0.1215969 0.0000000 0.0044606 0.0036354 0.0000000 0.0000000 0.0599776 0.4116613
 35 P  35 0.0081604 0.0023017 0.0000000 0.0027080 0.0000000 0.0000000 0.0000000 0.0000000 0.0188982 0.0000000 0.0055852 0.0000000 0.0000000 0.0000000 0.5005076 0.0283026 0.0055001 0.0000000 0.0148926 0.0000000 0.4131436
 36 R  36 0.0102325 0.2006994 0.0017555 0.0020684 0.0006509 0.0850358 0.1914715 0.0039841 0.0124742 0.0000000 0.0234237 0.0037687 0.0036354 0.0019316 0.0003389 0.0139564 0.0000000 0.0310534 0.0000000 0.0049755 0.4085440
 37 F  37 0.0000000 0.0000000 0.0000000 0.0036354 0.0015274 0.0000000 0.0000000 0.0000000 0.0060119 0.0057982 0.0099524 0.0012849 0.0000000 0.4754297 0.0000000 0.0050352 0.0000000 0.0000000 0.0705347 0.0114985 0.4092917
 38 I  38 0.0052323 0.0067557 0.0000000 0.0000000 0.0013192 0.0178353 0.0132706 0.0000000 0.0027299 0.1889721 0.0372180 0.0000000 0.0341799 0.0273550 0.0000000 0.0398842 0.0736221 0.0008003 0.0020704 0.1394631 0.4092917
 39 T  39 0.2044563 0.0074943 0.0012606 0.0089865 0.0018854 0.0125575 0.0352610 0.0214999 0.0054822 0.0623710 0.0053293 0.0030852 0.0013038 0.0124575 0.0000000 0.1006480 0.0491835 0.0000000 0.0075941 0.0504186 0.4087253
 40 V  40 0.0260742 0.0084639 0.0000000 0.0031451 0.0000000 0.0015467 0.0000000 0.0030177 0.0000000 0.0219589 0.0342377 0.0000000 0.0358543 0.0050298 0.0000000 0.0117841 0.0170462 0.0000000 0.0000000 0.4231160 0.4087253
 41 G  41 0.0483374 0.0005575 0.0076368 0.0003689 0.0020744 0.0000000 0.0012415 0.4742921 0.0063652 0.0051044 0.0026463 0.0000000 0.0126505 0.0000000 0.0000000 0.0131819 0.0038544 0.0000000 0.0000000 0.0130972 0.4085914
 42 Y  42 0.0027299 0.0044345 0.0000000 0.0000000 0.0048863 0.0031921 0.0000000 0.0000000 0.0045000 0.0073072 0.0873384 0.0000000 0.0464778 0.0338853 0.0000000 0.0043493 0.0008903 0.0000000 0.3829954 0.0087541 0.4082594
 43 V  43 0.0021908 0.0000000 0.0000000 0.0000000 0.0000000 0.0000000 0.0036354 0.0010813 0.0000000 0.0178177 0.0829552 0.0000000 0.0133566 0.0048918 0.0000000 0.0000000 0.0000000 0.0000000 0.0000000 0.4661333 0.4079379
 44 D  44 0.0000000 0.0027299 0.0359645 0.5434772 0.0000000 0.0000000 0.0038402 0.0024150 0.0000000 0.0000000 0.0000000 0.0000000 0.0000000 0.0000000 0.0036354 0.0000000 0.0000000 0.0000000 0.0000000 0.0000000 0.4079379
 45 D  45 0.0058703 0.0007250 0.0276981 0.3585832 0.0000000 0.0000000 0.0417717 0.1163906 0.0042343 0.0000000 0.0000000 0.0008936 0.0000000 0.0000000 0.0000000 0.0308142 0.0000000 0.0000000 0.0013192 0.0000000 0.4116998
 46 T  46 0.0106246 0.0293764 0.0029165 0.0024246 0.0000000 0.1069219 0.0463336 0.0161552 0.0144138 0.0520978 0.0135805 0.0122898 0.0126615 0.0023157 0.0000000 0.0005010 0.1874355 0.0000000 0.0015958 0.0766561 0.4116998
 47 L  47 0.0107232 0.0097820 0.0000000 0.0024954 0.0000000 0.3384040 0.0541969 0.0006035 0.0056486 0.0084608 0.0629450 0.0020865 0.0083050 0.0000000 0.0731286 0.0000000 0.0000000 0.0000000 0.0000000 0.0118162 0.4114043
 48 F  48 0.0052330 0.0000000 0.0000000 0.0000000 0.0044122 0.0027299 0.0000000 0.0025968 0.0028189 0.1279012 0.0096379 0.0014039 0.0367316 0.3505421 0.0000000 0.0009171 0.0022938 0.0000000 0.0225379 0.0185155 0.4117283
 49 V  49 0.0138702 0.0039564 0.0088723 0.0522646 0.0031641 0.0183651 0.0182870 0.0519917 0.0000000 0.0261841 0.0254545 0.0000000 0.0325144 0.0201519 0.0000000 0.0208885 0.0279028 0.0039728 0.0061006 0.2550263 0.4110326
 50 R  50 0.0035759 0.2503412 0.0069827 0.0027118 0.0039815 0.0117837 0.0000000 0.0256300 0.0950150 0.0010643 0.0030409 0.0094701 0.0040810 0.0050954 0.0000000 0.0365632 0.0100358 0.0052635 0.1117777 0.0023157 0.4112707
 51 F  51 0.0000000 0.0027299 0.0000000 0.0000000 0.0170241 0.0000000 0.0000000 0.0000000 0.0008795 0.0000000 0.0137604 0.0000000 0.0000000 0.2723494 0.0000000 0.0000000 0.0000000 0.0000000 0.2838335 0.0021525 0.4072707
 52 D  52 0.0011405 0.0007970 0.0991996 0.4477112 0.0000000 0.0000000 0.0061683 0.0063848 0.0067197 0.0000000 0.0036354 0.0012266 0.0000000 0.0000000 0.0000000 0.0174305 0.0023157 0.0000000 0.0000000 0.0000000 0.4072707
 53 S  53 0.0008350 0.0000000 0.0150140 0.0000000 0.0010380 0.0000000 0.0000000 0.0109969 0.0120282 0.0004144 0.0000000 0.0000000 0.0000000 0.0000000 0.0028077 0.5263929 0.0116408 0.0000000 0.0000000 0.0000000 0.4188322
 54 D  54 0.0058137 0.0129241 0.0951854 0.2285905 0.0008318 0.0040238 0.0739342 0.0009194 0.0057806 0.0269673 0.0039728 0.0252561 0.0000000 0.0000000 0.0000000 0.0093485 0.0157636 0.0000000 0.0031700 0.0056425 0.4818758
 55 A  55 0.1827368 0.0260547 0.0068447 0.0060649 0.0012534 0.0000000 0.0247780 0.0274068 0.0000000 0.0427716 0.0015151 0.0113943 0.0044256 0.0000000 0.0000000 0.0330616 0.0355929 0.0050234 0.0009516 0.0102619 0.5798627
 56 A  56 0.0899379 0.0699934 0.0044579 0.0069115 0.0010981 0.0158471 0.1003232 0.0431119 0.0042382 0.0000000 0.0004970 0.0495478 0.0014896 0.0000000 0.0324314 0.0116478 0.0060792 0.0000000 0.0000000 0.0261081 0.5362800
 57 S  57 0.0070753 0.0041639 0.0960433 0.0174567 0.0045038 0.0008842 0.0087236 0.0022406 0.0046316 0.0158699 0.0018514 0.0062732 0.0054836 0.0051711 0.0000000 0.1451866 0.1481450 0.0000000 0.0022210 0.0098967 0.5141785
 58 P  58 0.0261759 0.0735334 0.0045314 0.0042721 0.0000000 0.0842467 0.0026537 0.0151765 0.0027268 0.0020566 0.0094715 0.0395441 0.0264091 0.0015467 0.1795628 0.0101534 0.0011588 0.0000000 0.0000000 0.0069478 0.5098328
 59 R  59 0.0055615 0.3575568 0.0000000 0.0000000 0.0000000 0.0234600 0.0164395 0.0108918 0.0000000 0.0067758 0.0036065 0.1099660 0.0094725 0.0000000 0.0000000 0.0088730 0.0043638 0.0046950 0.0000000 0.0067641 0.4315735
 60 E  60 0.1491633 0.0027618 0.0053627 0.0122619 0.0022752 0.0004430 0.0349725 0.0040599 0.0017423 0.0104518 0.0205446 0.0537754 0.1473429 0.0162542 0.0051269 0.0084366 0.0222484 0.0008722 0.0259979 0.0525057 0.4234007
 61 E  61 0.0015601 0.0114728 0.0000000 0.0019837 0.0000000 0.0293315 0.3267841 0.0007389 0.0025483 0.0481858 0.0212333 0.0285534 0.0021345 0.0022472 0.0000000 0.0000000 0.0032421 0.0000000 0.0000000 0.0939157 0.4260687
 62 P  62 0.0145181 0.0011349 0.0040554 0.0000000 0.0000000 0.0108540 0.0000000 0.0065190 0.0136756 0.0055697 0.0113357 0.0000000 0.0000000 0.0063929 0.4763747 0.0231257 0.0066956 0.0000000 0.0000000 0.0021440 0.4176047
 63 R  63 0.0129410 0.3097878 0.0000000 0.0018645 0.0249854 0.0171420 0.0010813 0.0063773 0.0021777 0.0141893 0.0316308 0.1368375 0.0031546 0.0018235 0.0000000 0.0054047 0.0108521 0.0005836 0.0000000 0.0041303 0.4150364
 64 A  64 0.2639093 0.0011768 0.0000000 0.0000000 0.0000000 0.1207089 0.0048778 0.0151476 0.0000000 0.0038525 0.0055825 0.0061976 0.0043014 0.0028088 0.0008503 0.0060350 0.0830919 0.0014769 0.0024954 0.0688273 0.4086599
 65 P  65 0.0253122 0.0400154 0.0018050 0.0852781 0.0000000 0.0463377 0.0735108 0.0095080 0.0078352 0.0006277 0.0085994 0.0048151 0.0007539 0.0000000 0.2511337 0.0228431 0.0074628 0.0038894 0.0012892 0.0034052 0.4055779
 66 W  66 0.0000000 0.0000000 0.0000000 0.0000000 0.0012587 0.0000000 0.0009673 0.0011544 0.0000000 0.0000000 0.0039664 0.0025483 0.0026446 0.0030266 0.0000000 0.0125171 0.0000000 0.5613377 0.0000000 0.0005054 0.4100734
 67 I  67 0.0188425 0.0074730 0.0000000 0.0000000 0.0000000 0.0017483 0.0015625 0.0017442 0.0000000 0.1148431 0.0566049 0.0037972 0.2853049 0.0000000 0.0000000 0.0117264 0.0019002 0.0000000 0.0000000 0.0870743 0.4073783
 68 E  68 0.0263456 0.0453424 0.0156937 0.0323940 0.0036354 0.0251419 0.2633736 0.0095417 0.0033855 0.0007991 0.0020808 0.1052110 0.0022018 0.0000000 0.0098411 0.0228391 0.0059595 0.0000000 0.0017438 0.0052281 0.4192422
 69 Q  69 0.0552882 0.0488201 0.0256135 0.0049135 0.0000000 0.2272912 0.0699416 0.0134212 0.0068562 0.0049372 0.0138958 0.0735093 0.0052977 0.0007573 0.0041871 0.0129927 0.0129586 0.0004334 0.0000000 0.0098741 0.4090113
 70 E  70 0.0218977 0.0107326 0.0425617 0.0288838 0.0020310 0.0112957 0.2759901 0.0000000 0.0031897 0.0012627 0.0297325 0.0339028 0.0248906 0.0008637 0.0021761 0.0014769 0.0201032 0.0000000 0.0000000 0.0759062 0.4131029
 71 G  71 0.0108889 0.0089583 0.0177249 0.1537094 0.0000000 0.0045211 0.0369555 0.2401010 0.0067207 0.0006147 0.0223279 0.0071999 0.0158874 0.0020399 0.0158789 0.0189263 0.0127764 0.0012426 0.0018741 0.0026350 0.4190171
 72 P  72 0.0512807 0.0105955 0.0000000 0.0038203 0.0000000 0.0751710 0.0150934 0.0023124 0.0000000 0.0035832 0.0064423 0.0070305 0.0130146 0.0000000 0.3440851 0.0425637 0.0178942 0.0000000 0.0008050 0.0013517 0.4049562
 73 E  73 0.0090646 0.0036924 0.0050367 0.0938282 0.0000000 0.1132113 0.3077682 0.0206702 0.0017386 0.0000000 0.0041926 0.0106759 0.0000000 0.0000000 0.0000000 0.0152644 0.0043777 0.0000000 0.0040784 0.0000000 0.4064009
 74 Y  74 0.0014249 0.0000000 0.0020663 0.0191939 0.0011684 0.0048120 0.0018034 0.0000000 0.0564534 0.0000000 0.0144470 0.0000000 0.0038473 0.0267203 0.0000000 0.0015408 0.0053359 0.0006766 0.4509227 0.0027299 0.4068573
 75 W  75 0.0007415 0.0021590 0.0018645 0.0043556 0.0025041 0.0000000 0.0000000 0.0000000 0.0000000 0.0064079 0.0474122 0.0014896 0.0012032 0.0116252 0.0043917 0.0035185 0.0000000 0.5039759 0.0000000 0.0008171 0.4075339
 76 D  76 0.0138994 0.0061481 0.0180699 0.1644826 0.0000000 0.0091680 0.3283251 0.0069225 0.0005503 0.0000000 0.0137971 0.0287086 0.0000000 0.0000000 0.0000000 0.0018916 0.0031288 0.0000000 0.0000000 0.0010967 0.4038114
 77 R  77 0.0050622 0.2307141 0.0151293 0.0148526 0.0000000 0.0564123 0.0639573 0.0215042 0.0027394 0.0032696 0.0153173 0.0791099 0.0125420 0.0000000 0.0027299 0.0231484 0.0206722 0.0243788 0.0029288 0.0036074 0.4019243
 78 E  78 0.0085922 0.0075857 0.0916122 0.0034795 0.0006723 0.1317026 0.2195979 0.0370474 0.0023738 0.0042599 0.0254161 0.0033541 0.0038314 0.0000000 0.0000000 0.0047384 0.0073575 0.0009945 0.0361031 0.0072220 0.4040592
 79 T  79 0.0058951 0.0081874 0.0100552 0.0027299 0.0000000 0.0016113 0.0017226 0.0012126 0.0000000 0.0040925 0.0000000 0.0106412 0.0032636 0.0000000 0.0018871 0.0454513 0.4979776 0.0000000 0.0000000 0.0017483 0.4035244
 80 Q  80 0.0160863 0.1221542 0.0154671 0.0158614 0.0000000 0.2598397 0.0510859 0.0264738 0.0133793 0.0000000 0.0191934 0.0382747 0.0000000 0.0014249 0.0005916 0.0016414 0.0058919 0.0061818 0.0005264 0.0014390 0.4044872
 81 I  81 0.0047686 0.0529249 0.0697814 0.0180145 0.0000000 0.0141561 0.0046886 0.0159657 0.0037895 0.1700255 0.0454404 0.0596513 0.0078937 0.0055564 0.0018645 0.0607783 0.0247926 0.0005972 0.0162674 0.0196031 0.4034401
 82 C  82 0.1568701 0.0446919 0.0056149 0.0047179 0.0379691 0.0258058 0.0014357 0.0149873 0.0045442 0.0117584 0.0880591 0.0006396 0.0235523 0.0404216 0.0004553 0.0495833 0.0081554 0.0010471 0.0177989 0.0649077 0.3969842
 83 K  83 0.0068737 0.0828882 0.0007016 0.0000000 0.0000000 0.0677617 0.0114763 0.0000000 0.0012736 0.0304248 0.0577094 0.2496069 0.0171497 0.0174236 0.0033323 0.0062661 0.0244427 0.0081395 0.0000000 0.0187778 0.3957522
 84 A  84 0.0684043 0.0345922 0.0404128 0.0516298 0.0000000 0.0060237 0.0521724 0.2143210 0.0103017 0.0100731 0.0013631 0.0127725 0.0000000 0.0000000 0.0000000 0.0611381 0.0195409 0.0008380 0.0069083 0.0146057 0.3949024
 85 K  85 0.0540663 0.0414579 0.0759243 0.0279821 0.0021547 0.0294307 0.0186716 0.0118462 0.0455030 0.0086695 0.0280701 0.0454886 0.0052357 0.0108271 0.0007264 0.0521793 0.0655380 0.0518692 0.0201101 0.0103812 0.3938680
 86 A  86 0.1246274 0.0087843 0.0016706 0.0118234 0.0000000 0.1120031 0.2008615 0.0140584 0.0285672 0.0036898 0.0072082 0.0098081 0.0101414 0.0020733 0.0045632 0.0313535 0.0324176 0.0000000 0.0036344 0.0018290 0.3908856
 87 Q  87 0.0179649 0.0233953 0.0023017 0.0143757 0.0000000 0.3616213 0.0242471 0.0031912 0.0316639 0.0039758 0.0215122 0.0359167 0.0047095 0.0036354 0.0302542 0.0056785 0.0069495 0.0018639 0.0039677 0.0122774 0.3904982
 88 T  88 0.0231925 0.0232214 0.0458714 0.0241847 0.0025463 0.0112836 0.0034536 0.0125726 0.0010344 0.0842881 0.0217567 0.0079039 0.0179200 0.0210304 0.0018871 0.0468471 0.1364488 0.0481980 0.0027164 0.0756058 0.3880373
 89 D  89 0.0162082 0.0020869 0.0121526 0.0519233 0.0046764 0.0200394 0.0056951 0.0138012 0.0062921 0.0047808 0.0257523 0.0012664 0.0096565 0.3421656 0.0059371 0.0233207 0.0102546 0.0000000 0.0484668 0.0074866 0.3880373
 90 R  90 0.0074950 0.2367192 0.0170527 0.0034863 0.0008584 0.0294354 0.0118694 0.0105659 0.0070751 0.0142261 0.0185750 0.2009486 0.0105638 0.0139525 0.0101356 0.0043887 0.0110768 0.0000000 0.0027611 0.0012102 0.3876040
 91 E  91 0.0754875 0.0432297 0.0298868 0.0112576 0.0009673 0.0072107 0.0539990 0.0414357 0.0291498 0.0045375 0.0256545 0.0140914 0.0125222 0.0027965 0.0000000 0.0192432 0.0075057 0.0055641 0.0047679 0.2216442 0.3890487
 92 D  92 0.0058165 0.0069073 0.2587994 0.0679887 0.0061095 0.0045734 0.0333038 0.0396598 0.0071107 0.0127401 0.0293383 0.0167096 0.0024741 0.0135414 0.0000000 0.0631990 0.0249433 0.0020869 0.0104891 0.0048638 0.3893454
 93 L  93 0.0000000 0.0013657 0.0000000 0.0000000 0.0024780 0.0023017 0.0000000 0.0018142 0.0017111 0.1221897 0.3744881 0.0000000 0.0215073 0.0164080 0.0027299 0.0058222 0.0067543 0.0000000 0.0014742 0.0528696 0.3860862
 94 R  94 0.0156878 0.1334312 0.0660667 0.0424075 0.0000000 0.0605823 0.0772430 0.0470015 0.0065025 0.0109018 0.0153589 0.0719267 0.0104382 0.0000000 0.0056635 0.0068652 0.0027532 0.0284223 0.0025186 0.0111897 0.3850395
 95 T  95 0.0086727 0.0173465 0.0677501 0.0230375 0.0000000 0.0034469 0.0047267 0.0009238 0.0056550 0.1197079 0.0145802 0.0208378 0.0075204 0.0284410 0.0000000 0.0208433 0.2181197 0.0046016 0.0053765 0.0437834 0.3846290
 96 L  96 0.1370988 0.0062061 0.0020505 0.0000000 0.0005151 0.0000000 0.0000000 0.0134086 0.0023017 0.0528403 0.3066447 0.0000000 0.0265739 0.0026950 0.0018871 0.0044258 0.0061944 0.0024920 0.0000000 0.0519240 0.3827420
 97 L  97 0.0195836 0.1384086 0.0020864 0.0000000 0.0000000 0.0403180 0.0008862 0.0041159 0.0018158 0.0176934 0.1167785 0.0869602 0.1330732 0.0079198 0.0098022 0.0071589 0.0073028 0.0021408 0.0000000 0.0214517 0.3825039
 98 R  98 0.0042488 0.0784351 0.0177174 0.0680023 0.0003910 0.0704104 0.0747438 0.1545935 0.0248714 0.0039944 0.0175289 0.0411707 0.0000000 0.0000000 0.0118705 0.0238262 0.0131090 0.0007377 0.0000000 0.0098188 0.3845299
 99 Y  99 0.0086735 0.2135566 0.0197908 0.0045509 0.0012736 0.0100785 0.0052933 0.0023542 0.0243062 0.0184291 0.0159501 0.0047053 0.0017656 0.0174263 0.0018871 0.0073279 0.0067224 0.0000000 0.2461489 0.0052576 0.3845020
100 Y 100 0.0031084 0.0052647 0.0160057 0.0000000 0.0020529 0.0071564 0.0013423 0.0045592 0.0217391 0.0020869 0.0272532 0.0000000 0.0270954 0.1515435 0.0000000 0.0044171 0.0083791 0.0005972 0.3319852 0.0033998 0.3820139
101 N 101 0.0025932 0.0338007 0.5111772 0.0031451 0.0000000 0.0071823 0.0057286 0.0044836 0.0000000 0.0045100 0.0017185 0.0218276 0.0011492 0.0057230 0.0060719 0.0051106 0.0113387 0.0020869 0.0000000 0.0000000 0.3723529
102 Q 102 0.0029244 0.0064818 0.0093817 0.0204185 0.0025356 0.4686274 0.0566269 0.0063002 0.0728892 0.0000000 0.0084001 0.0310978 0.0000000 0.0013423 0.0012396 0.0064695 0.0000000 0.0000000 0.0092752 0.0000000 0.2959897
103 S 103 0.0019739 0.0152838 0.0333632 0.0018181 0.0018871 0.0109865 0.0000000 0.0033204 0.0023017 0.0013918 0.0014861 0.0099201 0.0017871 0.0000000 0.0024300 0.3689148 0.2392898 0.0000000 0.0109069 0.0000000 0.2929386
104 E 104 0.0231775 0.0380492 0.0171405 0.0240747 0.0110122 0.0278340 0.1583944 0.0210789 0.0024342 0.0034623 0.0051148 0.0491366 0.0200509 0.0016818 0.0017319 0.0128564 0.0038150 0.0549894 0.0123388 0.0046933 0.5069330
105 A 105 0.1971348 0.0213255 0.0267280 0.0407271 0.0000000 0.0094138 0.0395392 0.2072669 0.0000000 0.0028591 0.0028160 0.0228375 0.0000000 0.0000000 0.0099934 0.0686303 0.0515981 0.0006447 0.0000000 0.0052854 0.2932002
106 G 106 0.0023460 0.0045932 0.0018235 0.0543887 0.0000000 0.0016898 0.0350825 0.5942319 0.0000000 0.0026947 0.0026008 0.0069497 0.0028715 0.0000000 0.0000000 0.0210042 0.0015553 0.0000000 0.0000000 0.0069695 0.2611989
107 S 107 0.0121660 0.0057946 0.0066573 0.0052507 0.0000000 0.0000000 0.0023685 0.0054843 0.0190706 0.0191253 0.0389845 0.0049519 0.0025321 0.0249065 0.0419181 0.3566107 0.0182282 0.0000000 0.0381627 0.1391570 0.2586309
108 H 108 0.0000000 0.0047735 0.0028447 0.0047377 0.0000000 0.0028442 0.0021903 0.0000000 0.6837539 0.0043761 0.0119495 0.0024780 0.0000000 0.0020865 0.0024516 0.0040783 0.0140623 0.0000000 0.0084293 0.0039504 0.2449936
109 T 109 0.0045963 0.0046263 0.0041112 0.0029251 0.0000000 0.0017414 0.0024780 0.0000000 0.0070418 0.0794590 0.0079951 0.0000000 0.0065565 0.0098766 0.0009681 0.1697148 0.3817454 0.0098514 0.0000000 0.0613196 0.2449936
110 L 110 0.0094377 0.0029814 0.0073733 0.0000000 0.0000000 0.0149725 0.0000000 0.0000000 0.0108698 0.1067189 0.3053772 0.0017414 0.0559482 0.0953244 0.0000000 0.0062426 0.0028479 0.0207009 0.0432906 0.0711796 0.2449936
111 Q 111 0.0000000 0.1410548 0.0000000 0.0000000 0.0000000 0.5472650 0.0039169 0.0061591 0.0016160 0.0036362 0.0079615 0.0064286 0.0037725 0.0000000 0.0009681 0.0094405 0.0016898 0.0112225 0.0054179 0.0044570 0.2449936
112 N 112 0.0073357 0.1395587 0.0223734 0.0035078 0.0085037 0.0218177 0.0328495 0.0234003 0.0071828 0.0114226 0.0459121 0.0302787 0.0311376 0.0257385 0.0008694 0.0116263 0.0222014 0.1096975 0.1559652 0.0428030 0.2458181
113 M 113 0.0026687 0.0461890 0.0011403 0.0000000 0.0000000 0.0138901 0.0000000 0.0020472 0.0000000 0.0354378 0.0589692 0.0071295 0.3740743 0.1466081 0.0000000 0.0028227 0.0173933 0.0015399 0.0141730 0.0277831 0.2481337
114 Y 114 0.0089201 0.0154154 0.0160926 0.0192932 0.0225925 0.0154597 0.0127088 0.0215642 0.0634723 0.0274179 0.0201624 0.0088027 0.0096997 0.0659141 0.0011544 0.0588078 0.0127920 0.0031451 0.3319201 0.0162933 0.2483717
115 G 115 0.0114488 0.0026110 0.0011251 0.0025643 0.0217812 0.0000000 0.0044335 0.5223601 0.0015399 0.0162181 0.0023098 0.0040139 0.0000000 0.0036305 0.0038006 0.0166751 0.1358100 0.0000000 0.0018705 0.0004176 0.2473901
116 C 116 0.1066493 0.0000000 0.0000000 0.0086138 0.5490403 0.0000000 0.0090275 0.0218672 0.0000000 0.0051803 0.0018127 0.0000000 0.0000000 0.0021903 0.0000000 0.0215358 0.0040403 0.0043536 0.0075196 0.0127839 0.2453854
117 D 117 0.0112796 0.0000000 0.0251297 0.1886607 0.0076886 0.0096584 0.2924730 0.0056161 0.0070223 0.0185899 0.0118627 0.0021236 0.0306929 0.0025820 0.0000000 0.0051368 0.0084113 0.0010447 0.0188378 0.1078045 0.2453854
118 V 118 0.0020100 0.0077153 0.0010447 0.0000000 0.0075163 0.0000000 0.0121353 0.0054468 0.0000000 0.0579707 0.1915307 0.0000000 0.0275233 0.0009372 0.0009681 0.1324843 0.0135849 0.0975682 0.0016471 0.1878035 0.2521137
119 G 119 0.0180960 0.1719892 0.0119124 0.1534800 0.0000000 0.0219038 0.0558119 0.1952163 0.0110510 0.0000000 0.0620456 0.0016243 0.0030310 0.0044996 0.0000000 0.0178240 0.0066042 0.0055272 0.0024780 0.0047203 0.2521853
120 P 120 0.0081299 0.0061299 0.0335174 0.1374844 0.0000000 0.0155070 0.1018814 0.0070197 0.0164127 0.0048447 0.0120118 0.0161646 0.0016898 0.0031731 0.2993386 0.0733989 0.0116119 0.0000000 0.0009549 0.0027095 0.2480196
121 D 121 0.0020445 0.0092653 0.0379465 0.3718612 0.0000000 0.0250960 0.1034818 0.1466746 0.0038828 0.0000000 0.0000000 0.0040993 0.0000000 0.0007401 0.0029251 0.0169369 0.0068593 0.0000000 0.0029126 0.0045109 0.2607632
122 G 122 0.0089898 0.0719315 0.0390703 0.0244709 0.0000000 0.0039681 0.0058538 0.3511215 0.0087800 0.0021641 0.0585869 0.0012490 0.0071706 0.0092909 0.0324476 0.0109934 0.0985460 0.0074195 0.0016898 0.0024810 0.2537751
123 R 123 0.0082788 0.1978447 0.0190897 0.0054101 0.0011170 0.0030363 0.0148826 0.2412357 0.0135256 0.0054086 0.0117105 0.0149214 0.0034071 0.0003822 0.0015389 0.1513547 0.0249047 0.0031861 0.0100372 0.0025579 0.2661703
124 L 124 0.0232635 0.0050137 0.0083152 0.0095424 0.0000000 0.0105245 0.1663543 0.0000000 0.0025344 0.0075951 0.1757694 0.0365898 0.0014638 0.1197727 0.0046785 0.0298410 0.0624332 0.0000000 0.0060054 0.0226183 0.3076851
125 L 125 0.0056225 0.0123570 0.0013435 0.0000000 0.0024661 0.0066955 0.0000000 0.0128955 0.0008748 0.0794041 0.2047835 0.0084913 0.0015922 0.0040113 0.1461699 0.0519966 0.1088107 0.0000000 0.0000000 0.0751918 0.2772939
126 R 126 0.0159542 0.4030216 0.0391426 0.0215208 0.0003939 0.0182824 0.0267250 0.0569956 0.0375369 0.0016113 0.0078861 0.0442515 0.0000000 0.0000000 0.0010548 0.0280805 0.0243686 0.0136221 0.0000000 0.0017555 0.2577966
127 G 127 0.0357441 0.0043707 0.0000000 0.0000000 0.0019666 0.0000000 0.0021173 0.5177887 0.0000000 0.0000000 0.0047200 0.0000000 0.0000000 0.1387980 0.0000000 0.0084943 0.0000000 0.0117929 0.0299325 0.0042986 0.2399762
128 Y 128 0.0012426 0.0061384 0.0008333 0.0053056 0.0004069 0.0181032 0.0000000 0.0000000 0.0401708 0.1221732 0.0230088 0.0000000 0.0168004 0.1653901 0.0000000 0.0168127 0.0068458 0.0013237 0.3017701 0.0266908 0.2469837
129 H 129 0.0428045 0.0511301 0.0377361 0.0900799 0.0078701 0.0214843 0.0856091 0.0089810 0.0343287 0.0181496 0.0412297 0.0092352 0.0187594 0.0255786 0.0012426 0.0844607 0.0134242 0.0766530 0.0686124 0.0195839 0.2430468
130 Q 130 0.0019727 0.0479863 0.0004316 0.0000000 0.0000000 0.4381620 0.0502125 0.0026007 0.0133586 0.0058980 0.0073692 0.0241733 0.0098727 0.0000000 0.0000000 0.0013192 0.0039182 0.0034593 0.0000000 0.1464572 0.2428088
131 D 131 0.0096708 0.0058198 0.0034152 0.0585863 0.0033108 0.0027632 0.0122047 0.1464582 0.0391158 0.0284649 0.0436646 0.0014323 0.0082956 0.1118919 0.0000000 0.0161676 0.0013761 0.0040641 0.2457594 0.0118799 0.2456590
132 A 132 0.2820695 0.0000000 0.0030774 0.0000000 0.0031451 0.0029251 0.0000000 0.2326769 0.0016113 0.0084927 0.0016243 0.0020260 0.0000000 0.0041509 0.0000000 0.0292740 0.0192554 0.0017185 0.1546980 0.0078339 0.2454209
133 Y 133 0.0000000 0.0000000 0.0028200 0.0000000 0.0007773 0.0000000 0.0000000 0.0000000 0.0014546 0.0014390 0.0085033 0.0000000 0.0000000 0.0541654 0.0000000 0.0008740 0.0000000 0.0090776 0.5157656 0.1560669 0.2490563
134 D 134 0.0004181 0.0026122 0.0473147 0.6719898 0.0031174 0.0005510 0.0114278 0.0052393 0.0029251 0.0000000 0.0000000 0.0000000 0.0000000 0.0000000 0.0000000 0.0000000 0.0000000 0.0000000 0.0129616 0.0000000 0.2414430
135 G 135 0.0053428 0.0035114 0.0150905 0.1170201 0.0000000 0.0000000 0.0070397 0.5876672 0.0009117 0.0000000 0.0017438 0.0000000 0.0000000 0.0000000 0.0000000 0.0159344 0.0036502 0.0000000 0.0000000 0.0006454 0.2414430
136 K 136 0.0463988 0.1299776 0.0023443 0.0212950 0.0028002 0.0753137 0.1688476 0.0053707 0.0207599 0.0136066 0.0127600 0.1160328 0.0016934 0.0000000 0.0003401 0.0088903 0.1115397 0.0016218 0.0164440 0.0023555 0.2416079
137 D 137 0.0034275 0.0000000 0.0233256 0.5235183 0.0000000 0.1161709 0.0552524 0.0052019 0.0026732 0.0101095 0.0077739 0.0000000 0.0000000 0.0000000 0.0023098 0.0017085 0.0000000 0.0000000 0.0009516 0.0061339 0.2414430
138 Y 138 0.0018290 0.0029251 0.0037750 0.0014390 0.0003419 0.0000000 0.0026122 0.0000000 0.0322917 0.0088822 0.0244972 0.0023017 0.0000000 0.4000724 0.0000000 0.0047176 0.0020260 0.0008903 0.2639252 0.0060306 0.2414430
139 I 139 0.0049633 0.0000000 0.0000000 0.0000000 0.0000000 0.0124761 0.0000000 0.0054031 0.0009314 0.3470821 0.1865927 0.0000000 0.0227077 0.0135442 0.0081130 0.0036096 0.0012312 0.0000000 0.0025041 0.1493985 0.2414430
140 A 140 0.2601683 0.1287072 0.0024902 0.0022523 0.0017701 0.0008756 0.0360448 0.0079692 0.0173653 0.0299677 0.0024123 0.0011129 0.0127676 0.0021778 0.0029251 0.1415473 0.0655874 0.0000000 0.0136978 0.0279931 0.2421679
141 L 141 0.0029251 0.0000000 0.0000000 0.0000000 0.0000000 0.0026122 0.0000000 0.0000000 0.0000000 0.0030566 0.3604115 0.0000000 0.0028291 0.3218850 0.0000000 0.0004161 0.0000000 0.0066619 0.0565470 0.0012126 0.2414430
142 N 142 0.0034613 0.0044545 0.2598703 0.4432687 0.0111258 0.0008221 0.0027792 0.0000000 0.0064339 0.0000000 0.0049510 0.0104961 0.0000000 0.0000000 0.0000000 0.0081133 0.0064161 0.0000000 0.0000000 0.0000000 0.2378076
143 E 143 0.0015559 0.0022273 0.0016818 0.0351793 0.0000000 0.0048116 0.2130060 0.0065532 0.0020036 0.0000000 0.1134068 0.1227479 0.0308610 0.0045898 0.0238555 0.1652148 0.0282741 0.0011200 0.0013479 0.0045420 0.2370216
144 D 144 0.0164365 0.0044368 0.0196955 0.4174525 0.0000000 0.0133795 0.1205516 0.0103974 0.0018506 0.0000000 0.0000000 0.1141555 0.0015467 0.0000000 0.0007239 0.0118901 0.0173158 0.0000000 0.0026919 0.0104542 0.2370216
145 L 145 0.0993539 0.0403687 0.0215824 0.0054286 0.0000000 0.0025210 0.0321501 0.0025271 0.0053630 0.0180455 0.2315802 0.0134915 0.0097564 0.0000000 0.0065886 0.0345744 0.2213977 0.0000000 0.0000000 0.0086583 0.2466127
146 S 146 0.0417616 0.1477932 0.0120552 0.0037929 0.0032450 0.0165647 0.1030682 0.0264665 0.0087723 0.0050597 0.1406053 0.0515809 0.0524903 0.0031041 0.0240402 0.0664315 0.0109025 0.0123070 0.0035232 0.0162231 0.2502126
147 S 147 0.0187357 0.0569233 0.0557732 0.0126026 0.0000000 0.0293962 0.0153612 0.0029251 0.0007239 0.0078875 0.0008028 0.0195055 0.0060300 0.0028165 0.0000000 0.2467063 0.2405069 0.0000000 0.0009485 0.0325847 0.2497703
148 W 148 0.0162734 0.0023860 0.0025384 0.0000000 0.0033038 0.0137409 0.0017897 0.0020942 0.0052408 0.0018668 0.0030275 0.0000000 0.0000000 0.0466181 0.0888349 0.0041190 0.0016160 0.4826909 0.0641942 0.0021079 0.2575575
149 T 149 0.0071011 0.1190423 0.0054843 0.0000000 0.0000000 0.0028650 0.0065598 0.0050892 0.0000000 0.1148755 0.0082001 0.0109030 0.0115295 0.0014216 0.0000000 0.0169561 0.3010904 0.0000000 0.0000000 0.1373698 0.2515124
150 A 150 0.4889812 0.0023373 0.0000000 0.0000000 0.0000000 0.0000000 0.0137859 0.0062021 0.0017336 0.0017239 0.0025820 0.0000000 0.0647949 0.0000000 0.0679936 0.0274520 0.0263504 0.0000000 0.0038628 0.0290524 0.2631479
151 A 151 0.3187000 0.0097453 0.0042559 0.0121047 0.0000000 0.0130814 0.0808219 0.0088118 0.0031736 0.0041207 0.0311055 0.0103980 0.0101125 0.0028067 0.1108223 0.0304395 0.0251192 0.0035738 0.0138145 0.0453320 0.2616607
152 D 152 0.0078341 0.0067339 0.0473138 0.2616971 0.0000000 0.0089428 0.0748521 0.0396695 0.0042908 0.0000000 0.0032125 0.0575725 0.0026543 0.0000000 0.0634570 0.0177837 0.0576088 0.0141315 0.0000000 0.0940816 0.2381639
153 T 153 0.0290375 0.0878139 0.0157620 0.0118822 0.0012475 0.0695985 0.0268038 0.0059484 0.0107206 0.0042598 0.0118068 0.0320951 0.0599547 0.0137712 0.2199093 0.0272307 0.1026092 0.0000000 0.0012334 0.0309952 0.2373203
154 A 154 0.2955432 0.0668949 0.0000000 0.0020310 0.0000000 0.1229907 0.0916944 0.0204061 0.0012736 0.0088592 0.0035267 0.0132793 0.0012315 0.0031039 0.0182216 0.0114039 0.0116301 0.0176229 0.0028650 0.0622756 0.2451464
155 A 155 0.6132626 0.0099728 0.0000000 0.0010147 0.0000000 0.0055785 0.0000000 0.0377197 0.0000000 0.0022137 0.0047911 0.0000000 0.0057068 0.0000000 0.0420301 0.0136470 0.0081989 0.0000000 0.0027443 0.0107031 0.2424165
156 Q 156 0.0124603 0.0220568 0.0137744 0.0132514 0.0000000 0.2487744 0.0811524 0.0114314 0.0137875 0.0107632 0.0688902 0.0125089 0.0077971 0.0152244 0.0353979 0.0041394 0.0042672 0.0699736 0.0025590 0.1093740 0.2424165
157 I 157 0.0192652 0.0073833 0.0588972 0.0087761 0.0020260 0.0066960 0.0095246 0.0044412 0.0040787 0.3233498 0.0242860 0.0103572 0.0688138 0.0105472 0.0551498 0.0090404 0.0230166 0.0565790 0.0131166 0.0442053 0.2404499
158 T 158 0.0037143 0.0081120 0.0030944 0.0308162 0.0000000 0.0000000 0.0512920 0.0088378 0.0013237 0.0450526 0.0320827 0.0048607 0.0417286 0.0047815 0.0020610 0.0400681 0.4538047 0.0041119 0.0018290 0.0257461 0.2366826
159 Q 159 0.0233111 0.0954003 0.0014878 0.0000000 0.0000000 0.1432105 0.0516120 0.0026258 0.0041355 0.0006330 0.0071881 0.3644892 0.0070704 0.0026122 0.0035243 0.0109597 0.0276011 0.0057834 0.0000000 0.0072935 0.2410623
160 R 160 0.0028788 0.2999843 0.0374556 0.0156986 0.0000000 0.1551643 0.0762383 0.0028667 0.0529473 0.0032059 0.0399893 0.0126477 0.0084266 0.0004928 0.0088565 0.0198854 0.0027307 0.0009517 0.0015585 0.0147436 0.2432774
161 K 161 0.0158571 0.0436560 0.0052455 0.0089189 0.0000000 0.0196414 0.0910955 0.0213005 0.0007850 0.0035346 0.0128534 0.4246868 0.0048927 0.0012415 0.0000000 0.0074933 0.0061065 0.0186668 0.0569210 0.0048241 0.2522795
162 W 162 0.0009402 0.0050610 0.0062615 0.0000000 0.0009047 0.0061728 0.0078054 0.0443482 0.0000000 0.0057312 0.0365940 0.0008846 0.0033447 0.0125658 0.0261546 0.0091937 0.0005407 0.5672141 0.0073962 0.0063604 0.2525263
163 E 163 0.0000000 0.0016729 0.0737216 0.1797153 0.0000000 0.0045186 0.4101359 0.0044104 0.0006848 0.0000000 0.0000000 0.0101289 0.0005288 0.0000000 0.0444070 0.0035383 0.0050363 0.0000000 0.0000000 0.0086923 0.2528091
164 A 164 0.2038580 0.0428437 0.0711619 0.0241873 0.0000000 0.0754960 0.1241024 0.0378248 0.0095846 0.0069201 0.0014682 0.0374366 0.0017954 0.0000000 0.0033693 0.0446982 0.0185696 0.0032902 0.0312879 0.0096381 0.2524677
165 A 165 0.1309715 0.0205719 0.0661513 0.0902510 0.0034216 0.0400149 0.1142403 0.0276667 0.0241834 0.0099107 0.0141942 0.0120178 0.0032534 0.0018939 0.0234860 0.0251947 0.0249844 0.0318415 0.0492037 0.0330326 0.2535143
166 R 166 0.0112320 0.0770161 0.0398174 0.0361014 0.0118676 0.0162320 0.0443162 0.2088538 0.0161613 0.0026493 0.0053457 0.0680204 0.0028072 0.0000000 0.0320883 0.0243017 0.0797283 0.0496546 0.0190029 0.0038510 0.2509526
167 V 167 0.1231823 0.0470982 0.0063543 0.0443723 0.0040157 0.0319432 0.1260630 0.0060229 0.0088809 0.0581727 0.0097931 0.0089714 0.0076328 0.0348343 0.0077687 0.0015938 0.0152920 0.0118126 0.0726121 0.1208121 0.2527715
168 A 168 0.3089999 0.0498661 0.0555983 0.0022232 0.0000000 0.0166154 0.0387501 0.0092851 0.0044672 0.0396207 0.1037705 0.0076324 0.0122038 0.0009549 0.0042474 0.0084779 0.0472330 0.0130687 0.0153810 0.0100158 0.2515886
169 E 169 0.0500912 0.0166933 0.0466043 0.0149502 0.0011732 0.0722437 0.3310096 0.0114591 0.0113350 0.0179010 0.0090113 0.0593645 0.0107063 0.0042689 0.0017483 0.0138064 0.0467661 0.0047379 0.0044724 0.0233086 0.2483487
170 Q 170 0.0195888 0.1509734 0.0124208 0.0138645 0.0034649 0.1759807 0.0377311 0.0391315 0.0302824 0.0145583 0.0178659 0.0412901 0.0044205 0.0174375 0.0072203 0.0364453 0.0567235 0.0044724 0.0603172 0.0066779 0.2491331
171 L 171 0.0070160 0.1095424 0.0570222 0.0504022 0.0068176 0.0902479 0.0344264 0.0202891 0.0165442 0.0094654 0.0518573 0.0268520 0.0215789 0.0183713 0.0000000 0.0249521 0.0150891 0.0784461 0.0813024 0.0303302 0.2494472
172 R 172 0.0261902 0.2152201 0.0340233 0.0038879 0.0007174 0.0114601 0.0179636 0.0057494 0.0041271 0.0232179 0.0036279 0.3006571 0.0102892 0.0041057 0.0000000 0.0087617 0.0592288 0.0018709 0.0111554 0.0082989 0.2494472
173 A 173 0.2452602 0.0030284 0.1467518 0.0096438 0.0000000 0.0261282 0.0391091 0.0143707 0.0395352 0.0159804 0.0050220 0.0718441 0.0038327 0.0103011 0.0052958 0.0387651 0.0446144 0.0018645 0.0053832 0.0248902 0.2483791
174 Y 174 0.0056941 0.0148733 0.0064199 0.0215947 0.0013491 0.0454183 0.0182070 0.0106888 0.0078873 0.0008583 0.0132994 0.0472953 0.0055492 0.0443765 0.0000000 0.0055173 0.0094805 0.0134635 0.4798047 0.0023098 0.2459130
175 L 175 0.0192825 0.0046296 0.0076690 0.0105724 0.0007873 0.0043415 0.0053398 0.0173922 0.0046937 0.0250356 0.5187690 0.0075752 0.0141840 0.0171259 0.0064774 0.0118627 0.0179973 0.0036393 0.0277721 0.0316848 0.2431687
176 E 176 0.0172159 0.0158030 0.0255269 0.0189777 0.0000000 0.0566008 0.3795672 0.0208111 0.0095395 0.0088332 0.0094449 0.0432319 0.0035714 0.0163212 0.0021281 0.0245593 0.0798489 0.0000000 0.0169520 0.0077439 0.2433229
177 G 177 0.0182546 0.0607079 0.0715904 0.0182859 0.0044420 0.0928591 0.0884467 0.2343848 0.0200904 0.0075936 0.0056071 0.0518847 0.0000000 0.0000000 0.0000000 0.0095762 0.0493178 0.0000000 0.0035058 0.0195698 0.2438832
178 E 178 0.0158467 0.0321688 0.0160304 0.0362375 0.0017009 0.0536825 0.2183374 0.0142010 0.0145051 0.0609336 0.0240177 0.0312210 0.0032523 0.0023463 0.0191693 0.0156827 0.1283425 0.0053863 0.0058978 0.0571571 0.2438832
179 C 179 0.0079134 0.0000000 0.0299364 0.0268993 0.5683227 0.0016818 0.0170014 0.0063506 0.0036702 0.0101978 0.0083028 0.0020610 0.0024763 0.0170811 0.0000000 0.0197865 0.0161948 0.0008943 0.0096000 0.0081617 0.2434678
180 V 180 0.0095413 0.0392013 0.0023541 0.0108022 0.0091532 0.0044795 0.0008799 0.0007995 0.0021967 0.1753134 0.0944827 0.0063889 0.0123443 0.0247796 0.0934580 0.0125584 0.0125122 0.0006363 0.0060494 0.2384515 0.2436174
