  286         A         R         N         D         C         Q         E         G         H         I         L         K         M         F         P         S         T         W         Y         V         X    
  1 M   1 0.0000000 0.0000000 0.0000000 0.0000000 0.0000000 0.0000000 0.0000000 0.0000000 0.0000000 0.0000000 0.0323944 0.0000000 0.2239020 0.0000000 0.0000000 0.0000000 0.0000000 0.0000000 0.0000000 0.0000000 0.7437036
  2 S   2 0.0022491 0.0233409 0.0296537 0.0092184 0.0012214 0.0100245 0.0064748 0.0016453 0.0000000 0.0104597 0.0167202 0.1130511 0.0354038 0.0093906 0.0052735 0.0193034 0.0193926 0.0000000 0.0000000 0.0025969 0.6845803
  3 I   3 0.0026075 0.1289821 0.0095145 0.0000000 0.0054313 0.0017494 0.0022454 0.0017680 0.0031624 0.0316509 0.0346665 0.0472817 0.1528068 0.0070212 0.0007203 0.0147021 0.0110420 0.0000000 0.0047365 0.0103423 0.5295691
  4 Q   4 0.0061459 0.1774296 0.0056451 0.0000000 0.0028363 0.0209535 0.0009960 0.0000000 0.0017154 0.0064531 0.0150956 0.1771031 0.0109808 0.0095439 0.0053158 0.0287854 0.0198030 0.0000000 0.0000000 0.0016895 0.5095081
  5 H   5 0.0150957 0.0603218 0.0193437 0.0076207 0.0032866 0.0194989 0.0031324 0.0112408 0.0317234 0.0264648 0.0416529 0.0794823 0.0065855 0.0286436 0.0077520 0.0548192 0.0207534 0.0115183 0.0264703 0.0211454 0.5034482
  6 F   6 0.0123273 0.0190019 0.0016218 0.0015044 0.0000000 0.0008033 0.0000000 0.0019494 0.0038238 0.0723086 0.1107089 0.0089369 0.0068340 0.1380197 0.0049289 0.0183759 0.0453497 0.0071036 0.0171997 0.0430991 0.4861031
  7 R   7 0.0290283 0.0725193 0.0045622 0.0000000 0.0041519 0.0048300 0.0000000 0.0077666 0.0019745 0.0472212 0.2058135 0.0451170 0.0108064 0.0351090 0.0079172 0.0221076 0.0228354 0.0000000 0.0049392 0.0136212 0.4596795
  8 V   8 0.0629124 0.0393840 0.0016927 0.0000000 0.0128928 0.0076435 0.0000000 0.0116760 0.0079633 0.0527414 0.1095726 0.0260135 0.0247184 0.0549074 0.0067024 0.0426331 0.0410837 0.0060289 0.0069100 0.0543515 0.4301724
  9 A   9 0.1454362 0.0158484 0.0014874 0.0000000 0.0230724 0.0040152 0.0000000 0.0251327 0.0009824 0.0596237 0.1041276 0.0124160 0.0088992 0.0264793 0.0128017 0.0442975 0.0541421 0.0078699 0.0085474 0.0214522 0.4233690
 10 L  10 0.0504008 0.0024955 0.0000000 0.0000000 0.0176758 0.0047760 0.0000000 0.0311220 0.0024481 0.0872231 0.2046044 0.0014691 0.0184229 0.0355684 0.0032878 0.0463313 0.0297473 0.0016684 0.0009221 0.0531216 0.4087153
 11 I  11 0.0800951 0.0051414 0.0025203 0.0000000 0.0121263 0.0000000 0.0000000 0.0223184 0.0000000 0.1031516 0.1715640 0.0035773 0.0166978 0.0476213 0.0000000 0.0308766 0.0351610 0.0053969 0.0000000 0.0636403 0.4001117
 12 P  12 0.1040801 0.0000000 0.0000000 0.0000000 0.0331043 0.0014649 0.0000000 0.0409193 0.0000000 0.0468362 0.1214510 0.0039595 0.0181227 0.0385795 0.0281270 0.0683277 0.0508287 0.0000000 0.0028384 0.0472801 0.3940805
 13 F  13 0.0461272 0.0008947 0.0000000 0.0000000 0.0158900 0.0017977 0.0000000 0.0367101 0.0000000 0.0267709 0.2044256 0.0000000 0.0184996 0.0814715 0.0137505 0.0571288 0.0197122 0.0066402 0.0011040 0.0751003 0.3939768
 14 F  14 0.0653715 0.0019224 0.0014039 0.0000000 0.0102244 0.0011684 0.0000000 0.0099930 0.0000000 0.0386396 0.1871284 0.0000000 0.0094840 0.0903999 0.0109330 0.0507040 0.0579764 0.0022574 0.0038503 0.0738158 0.3847274
 15 A  15 0.1382684 0.0000000 0.0024650 0.0000000 0.0369493 0.0000000 0.0000000 0.0156360 0.0058352 0.0470033 0.1449145 0.0000000 0.0275382 0.0265144 0.0108644 0.0601986 0.0513899 0.0021557 0.0068107 0.0456119 0.3778446
 16 A  16 0.1260644 0.0000000 0.0045805 0.0014620 0.0194213 0.0031922 0.0000000 0.0513457 0.0036605 0.0363733 0.1324704 0.0022317 0.0092971 0.0515191 0.0148575 0.0629911 0.0419283 0.0079317 0.0030847 0.0580239 0.3695646
 17 F  17 0.0644817 0.0008818 0.0066183 0.0014039 0.0336975 0.0034725 0.0000000 0.0234213 0.0085892 0.0443074 0.1085781 0.0007101 0.0292565 0.1423087 0.0225954 0.0522561 0.0323211 0.0145234 0.0055728 0.0417915 0.3632127
 18 C  18 0.1721422 0.0012884 0.0052443 0.0000000 0.0578017 0.0030490 0.0008282 0.0221841 0.0000000 0.0305667 0.0341939 0.0000000 0.0043183 0.0213549 0.0370418 0.1603558 0.0367637 0.0023012 0.0008493 0.0535406 0.3561757
 19 L  19 0.0919354 0.0099051 0.0094224 0.0023081 0.0092764 0.0135827 0.0014015 0.0255461 0.0147410 0.0392932 0.1602818 0.0024582 0.0104795 0.0281620 0.0093895 0.0956606 0.0631497 0.0014699 0.0019146 0.0679592 0.3416633
 20 P  20 0.0900268 0.0013684 0.0274826 0.0010573 0.0015274 0.0291549 0.0018056 0.0325481 0.0016468 0.0212979 0.0413995 0.0050569 0.0118653 0.0187795 0.2039751 0.1172493 0.0421674 0.0009661 0.0000000 0.0256549 0.3249701
 21 V  21 0.2342216 0.0055874 0.0094796 0.0053343 0.0070917 0.0212445 0.0097298 0.0193385 0.0049435 0.0191823 0.0631968 0.0048098 0.0065206 0.0131637 0.0293606 0.0690720 0.0428091 0.0000000 0.0016879 0.1279689 0.3052575
 22 F  22 0.0699915 0.0262327 0.0154631 0.0116216 0.0031962 0.0373767 0.0097599 0.0150888 0.0213073 0.0299942 0.0634966 0.0209651 0.0233611 0.0970145 0.0608900 0.0440089 0.0498613 0.0295085 0.0315787 0.0448520 0.2944312
 23 A  23 0.3619197 0.0053859 0.0136083 0.0203906 0.0079328 0.0140491 0.0097212 0.0412228 0.0035125 0.0100599 0.0229689 0.0076035 0.0018559 0.0046446 0.0239480 0.0902032 0.0203203 0.0007591 0.0123845 0.0350344 0.2924751
 24 H  24 0.1708463 0.0153471 0.0416781 0.0336960 0.0010326 0.1335133 0.0443226 0.0204528 0.0277492 0.0147590 0.0236731 0.0125960 0.0177085 0.0151516 0.0202435 0.0529797 0.0348724 0.0013602 0.0094536 0.0328124 0.2757522
 25 P  25 0.1930673 0.0065840 0.0225729 0.0634624 0.0016946 0.0709267 0.0497302 0.0148396 0.0041383 0.0092811 0.0117337 0.0246044 0.0014649 0.0020042 0.1263030 0.0902020 0.0734857 0.0008781 0.0020352 0.0140960 0.2168958
 26 G  26 0.1781368 0.0201013 0.0363041 0.0894610 0.0000000 0.0544375 0.0637851 0.0374898 0.0043763 0.0080770 0.0133391 0.0302459 0.0051479 0.0097119 0.0787470 0.0832086 0.0717650 0.0000000 0.0000000 0.0465938 0.1690718
 27 T  27 0.0618844 0.0039992 0.0064858 0.0174767 0.0000000 0.0232301 0.0205642 0.0117534 0.0072411 0.0673345 0.3134055 0.0089893 0.0243624 0.0400709 0.0585549 0.0391920 0.0475182 0.0124843 0.0066894 0.0883629 0.1404008
 28 L  28 0.0921865 0.0339946 0.0279447 0.0454787 0.0000000 0.0927863 0.1346901 0.0192942 0.0112347 0.0455894 0.0547991 0.0834483 0.0081252 0.0035016 0.0445742 0.0355379 0.0722975 0.0031093 0.0095083 0.0481750 0.1337244
 29 V  29 0.1174212 0.0467468 0.0485837 0.0658759 0.0000000 0.0992553 0.0938319 0.0264871 0.0050569 0.0104103 0.0116730 0.0814888 0.0037188 0.0087422 0.1193958 0.0672392 0.0469392 0.0000000 0.0065471 0.0215753 0.1190115
 30 K  30 0.0951185 0.1225434 0.0333468 0.0762632 0.0000000 0.1243681 0.1085905 0.0144400 0.0046430 0.0103872 0.0123613 0.1043689 0.0000000 0.0035362 0.0306806 0.0582567 0.0650036 0.0000000 0.0017466 0.0231336 0.1112116
 31 V  31 0.0528208 0.0000000 0.0029687 0.0049088 0.0000000 0.0031990 0.0128697 0.0034787 0.0000000 0.2403752 0.2811050 0.0049138 0.0079335 0.0822881 0.0475588 0.0043121 0.0150575 0.0077708 0.0013762 0.1202432 0.1068200
 32 K  32 0.2064978 0.0722960 0.0285075 0.0293814 0.0000000 0.0833796 0.0935203 0.0183764 0.0110380 0.0106956 0.0098160 0.0981599 0.0068504 0.0053693 0.0958457 0.0785884 0.0365375 0.0000000 0.0021002 0.0166428 0.0963970
 33 D  33 0.1920956 0.0522503 0.0308279 0.0710595 0.0000000 0.1197652 0.1306948 0.0268006 0.0076561 0.0038456 0.0124129 0.0634222 0.0029124 0.0017463 0.0525485 0.0531405 0.0560619 0.0000000 0.0000000 0.0190151 0.1037448
 34 A  34 0.0764170 0.0069363 0.0046559 0.0086003 0.0000000 0.0123517 0.0222197 0.0032045 0.0017463 0.2096131 0.3493399 0.0144885 0.0077676 0.0173136 0.0316246 0.0266829 0.0196308 0.0010293 0.0227179 0.0618697 0.1017905
 35 E  35 0.1532607 0.0016598 0.0094845 0.0223486 0.0034619 0.0136757 0.3567566 0.0109912 0.0012000 0.1022805 0.0448691 0.0049670 0.0086943 0.0083806 0.0321308 0.0277378 0.0215796 0.0018008 0.0000000 0.0647749 0.1099456
 36 D  36 0.1923129 0.1022307 0.0368813 0.0445222 0.0000000 0.0632572 0.0378558 0.0151272 0.0233610 0.0106019 0.0225853 0.1383349 0.0084643 0.0033199 0.0630255 0.0875105 0.0365330 0.0000000 0.0000000 0.0116928 0.1023835
 37 Q  37 0.0992033 0.1065428 0.0265915 0.0635468 0.0000000 0.1184188 0.0982097 0.0955231 0.0151844 0.0028137 0.0130716 0.1006783 0.0010951 0.0000000 0.0326184 0.0749564 0.0282535 0.0025849 0.0059488 0.0025409 0.1122180
 38 L  38 0.0891070 0.0024756 0.0120501 0.0094296 0.0123015 0.0129245 0.0030525 0.0033449 0.0609661 0.0435615 0.0923618 0.0574394 0.0016523 0.0815744 0.0253655 0.1128366 0.0670288 0.0000000 0.0857132 0.0556037 0.1712110
 39 G  39 0.0375137 0.0317065 0.0799409 0.1031356 0.0000000 0.0397251 0.0341165 0.1956558 0.0136399 0.0085064 0.0054293 0.0811208 0.0025221 0.0000000 0.0797788 0.0682278 0.0181891 0.0000000 0.0000000 0.0121088 0.1886829
 40 A  40 0.3169057 0.0010045 0.0070064 0.0039729 0.0026327 0.0017340 0.0072099 0.3780693 0.0000000 0.0091168 0.0350382 0.0031472 0.0000000 0.0014111 0.0020134 0.0139673 0.0104751 0.0000000 0.0046275 0.0126039 0.1890641
 41 R  41 0.0400201 0.3200169 0.0201064 0.0361137 0.0000000 0.0498431 0.0416444 0.0024464 0.0226149 0.0079005 0.0117790 0.1048305 0.0016453 0.0000000 0.0013927 0.0249059 0.0861083 0.0000000 0.0050027 0.0219639 0.2016652
 42 V  42 0.0464463 0.0053578 0.0030100 0.0000000 0.0028169 0.0000000 0.0033481 0.0025271 0.0000000 0.1341145 0.2223540 0.0124676 0.0159327 0.0189534 0.0277017 0.0079277 0.0255203 0.0073057 0.0240734 0.1911489 0.2489938
 43 G  43 0.1236473 0.0000000 0.0011816 0.0000000 0.0085698 0.0054432 0.0009715 0.5874604 0.0053824 0.0000000 0.0000000 0.0032096 0.0000000 0.0038133 0.0000000 0.1799693 0.0015244 0.0000000 0.0032917 0.0000000 0.0755354
 44 Y  44 0.0993058 0.0000000 0.0000000 0.0000000 0.0040069 0.0000000 0.0000000 0.0016216 0.0030730 0.1060606 0.0474216 0.0022454 0.0173811 0.0388050 0.0000000 0.0018459 0.0010078 0.0430888 0.1587323 0.4299118 0.0454925
 45 I  45 0.2347874 0.0026125 0.0044872 0.0000000 0.0186284 0.0013255 0.0022428 0.0054524 0.0080168 0.1455838 0.0635605 0.0000000 0.0134789 0.0686070 0.0000000 0.0626804 0.0256256 0.0113715 0.1695691 0.1210926 0.0408774
 46 E  46 0.2002175 0.0000000 0.0000000 0.0000000 0.0000000 0.0000000 0.0173421 0.0057187 0.0000000 0.0782895 0.3525324 0.0000000 0.0141703 0.0590328 0.0027579 0.0000000 0.0085614 0.0017307 0.0126344 0.2193126 0.0276998
 47 L  47 0.0175481 0.0384256 0.0027115 0.0033785 0.0066495 0.0183627 0.0329948 0.0048395 0.0162976 0.1990172 0.2053263 0.0357265 0.1795264 0.0201793 0.0011849 0.0091164 0.0180563 0.0218692 0.0328692 0.1088884 0.0270318
 48 D  48 0.0058336 0.0062463 0.1138888 0.6327710 0.0000000 0.0019389 0.0789195 0.0183985 0.0248589 0.0150802 0.0000000 0.0027579 0.0016201 0.0000000 0.0088970 0.0225392 0.0000000 0.0011181 0.0051217 0.0134497 0.0465606
 49 L  49 0.1133212 0.0209361 0.0073712 0.0000000 0.0000000 0.0155746 0.0035674 0.0032964 0.0087251 0.0239414 0.2433258 0.0090429 0.0249391 0.0537451 0.0450246 0.0289017 0.2119259 0.0000000 0.0869826 0.0481376 0.0512413
 50 N  50 0.1463047 0.0183226 0.1083976 0.1736212 0.0000000 0.0586567 0.0854789 0.1240532 0.0316325 0.0000000 0.0058145 0.0551291 0.0016689 0.0019769 0.0094000 0.0607985 0.0552318 0.0000000 0.0095907 0.0130738 0.0408484
 51 S  51 0.0136351 0.0088451 0.0708403 0.0855227 0.0000000 0.0018602 0.0106113 0.0229922 0.0000000 0.0000000 0.0045572 0.0108631 0.0000000 0.0000000 0.0013627 0.2977280 0.4262137 0.0000000 0.0014133 0.0000000 0.0435552
 52 G  52 0.0018362 0.0000000 0.1007190 0.0444118 0.0000000 0.0069595 0.0105544 0.7319984 0.0055896 0.0000000 0.0049940 0.0134902 0.0009631 0.0014893 0.0084541 0.0101760 0.0074035 0.0000000 0.0000000 0.0017948 0.0491661
 53 K  53 0.1202364 0.1495619 0.0243574 0.0185563 0.0000000 0.1506386 0.1177272 0.0179452 0.0120446 0.0027841 0.0063165 0.1834569 0.0041488 0.0014812 0.0016095 0.0390460 0.0533660 0.0163213 0.0029290 0.0058057 0.0716673
 54 I  54 0.0077778 0.0544888 0.0046734 0.0323641 0.0000000 0.0480073 0.0676118 0.0052226 0.0030964 0.1450545 0.0380845 0.0036082 0.0091891 0.0119875 0.0137061 0.0632301 0.1580464 0.0044406 0.0115564 0.2285785 0.0892759
 55 L  55 0.0270608 0.0183733 0.0100385 0.0049372 0.0087513 0.0089881 0.0101906 0.0113203 0.0176149 0.1569727 0.3033470 0.0227591 0.0099332 0.0153401 0.0080618 0.0133545 0.0390389 0.0264199 0.0393764 0.0417936 0.2063278
 56 E  56 0.2156669 0.0000000 0.0029628 0.0022268 0.0084942 0.0050743 0.0141004 0.0046522 0.0073263 0.0363789 0.1274280 0.0000000 0.0052486 0.1164713 0.0000000 0.0151012 0.0220508 0.0140370 0.1041377 0.2041432 0.0944994
 57 S  57 0.1252384 0.0122240 0.0186120 0.0631949 0.0040733 0.0349750 0.2255283 0.1191937 0.0059400 0.0069267 0.0127187 0.0101700 0.0091761 0.0098884 0.0000000 0.1605500 0.0632660 0.0007328 0.0019577 0.0120061 0.1036278
 58 F  58 0.0099784 0.0267880 0.0418281 0.0014507 0.0000000 0.0320330 0.0110030 0.0259830 0.1454905 0.1024040 0.0606571 0.1638455 0.0009420 0.0465219 0.0000000 0.0188967 0.0015919 0.0328393 0.1794912 0.0724237 0.0258321
 59 R  59 0.0244624 0.2864155 0.4735612 0.0410878 0.0000000 0.0226208 0.0196996 0.0226831 0.0387724 0.0000000 0.0095591 0.0210999 0.0000000 0.0000000 0.0000000 0.0102044 0.0000000 0.0000000 0.0032927 0.0021899 0.0243513
 60 P  60 0.3497892 0.0098041 0.0358282 0.0209551 0.0050093 0.0201528 0.0735559 0.1979957 0.0000000 0.0108875 0.0189562 0.0061031 0.0121987 0.0000000 0.1114343 0.0958547 0.0111208 0.0000000 0.0000000 0.0054484 0.0149062
 61 E  61 0.0268562 0.0270571 0.0903096 0.5401350 0.0000000 0.0208923 0.0714172 0.0186950 0.0877760 0.0000000 0.0010955 0.0207355 0.0038886 0.0031145 0.0000000 0.0242312 0.0299489 0.0000000 0.0131892 0.0016250 0.0190331
 62 E  62 0.0465538 0.0331191 0.0095098 0.0553955 0.0013281 0.1184435 0.4672238 0.0073447 0.0035085 0.0109787 0.0133487 0.0628699 0.0256491 0.0053654 0.0018463 0.0314630 0.0554344 0.0000000 0.0040092 0.0291883 0.0174200
 63 R  63 0.0303592 0.4550797 0.0084173 0.0032850 0.0010955 0.0512419 0.0260734 0.0031091 0.0344351 0.0291337 0.0366719 0.1016098 0.0096096 0.0026488 0.0795670 0.0366091 0.0226079 0.0000000 0.0077698 0.0384195 0.0222566
 64 F  64 0.0050543 0.0475533 0.0000000 0.0000000 0.0023571 0.0136948 0.0013211 0.0000000 0.0039852 0.0414841 0.1983657 0.0034638 0.0436707 0.5047923 0.0048815 0.0000000 0.0020998 0.0053123 0.0442990 0.0566774 0.0209876
 65 P  65 0.1862462 0.0148646 0.0345920 0.0252032 0.0027999 0.0040449 0.0555274 0.0098078 0.0177484 0.0081329 0.0191043 0.0026943 0.0061146 0.0052385 0.5063972 0.0246661 0.0098814 0.0000000 0.0250362 0.0190662 0.0228339
 66 M  66 0.1062898 0.0000000 0.0000000 0.0000000 0.0010297 0.0093199 0.0000000 0.0000000 0.0038787 0.0191270 0.0877105 0.0000000 0.2712367 0.0434250 0.3053055 0.0482367 0.0408409 0.0000000 0.0427997 0.0080710 0.0127290
 67 M  67 0.5954507 0.0000000 0.0150236 0.0027579 0.1993335 0.0509546 0.0021899 0.0018855 0.0038583 0.0000000 0.0194815 0.0000000 0.0693837 0.0000000 0.0000000 0.0156107 0.0051312 0.0000000 0.0026442 0.0035657 0.0127290
 68 S  68 0.0000000 0.0000000 0.0000000 0.0000000 0.0000000 0.0000000 0.0000000 0.0113788 0.0000000 0.0000000 0.0000000 0.0000000 0.0000000 0.0000000 0.0000000 0.9744811 0.0000000 0.0000000 0.0000000 0.0000000 0.0141401
 69 T  69 0.0095647 0.0000000 0.0029411 0.0031761 0.0000000 0.0000000 0.0000000 0.0000000 0.0000000 0.0616418 0.2245164 0.0000000 0.0744872 0.0012419 0.0010640 0.0144351 0.4387406 0.0000000 0.0000000 0.1554621 0.0127290
 70 F  70 0.0067355 0.0000000 0.0000000 0.0000000 0.0068448 0.0000000 0.0000000 0.0009969 0.0155297 0.1689793 0.0014000 0.0000000 0.0245770 0.3049903 0.0000000 0.0562499 0.3113459 0.0013721 0.0565612 0.0316884 0.0127290
 71 K  71 0.0069846 0.0000000 0.0000000 0.0000000 0.0000000 0.0022965 0.0000000 0.0000000 0.0000000 0.0000000 0.0000000 0.9733942 0.0000000 0.0000000 0.0000000 0.0026125 0.0022347 0.0000000 0.0000000 0.0000000 0.0124775
 72 V  72 0.1057603 0.0000000 0.0000000 0.0000000 0.0000000 0.0000000 0.0000000 0.0106821 0.0000000 0.1629802 0.2243958 0.0000000 0.0779688 0.0958713 0.0080713 0.0146328 0.0722554 0.0045955 0.0033575 0.2057321 0.0136970
 73 L  73 0.0358974 0.0000000 0.0000000 0.0000000 0.0000000 0.0000000 0.0000000 0.0000000 0.0514993 0.0241478 0.1890851 0.0010136 0.3660651 0.0502103 0.1926901 0.0146593 0.0000000 0.0063634 0.0214225 0.0329977 0.0139485
 74 L  74 0.1645339 0.0000000 0.0057069 0.0011936 0.0000000 0.0259713 0.0026081 0.0036470 0.0000000 0.1725255 0.1848029 0.0000000 0.0042971 0.0000000 0.0000000 0.0195639 0.3128964 0.0000000 0.0000000 0.0907895 0.0114639
 75 C  75 0.4003487 0.0000000 0.0096893 0.0000000 0.0712315 0.0037866 0.0068404 0.0324218 0.0000000 0.0078138 0.1520195 0.0000000 0.1188920 0.0031845 0.0000000 0.0993740 0.0078190 0.0000000 0.0000000 0.0751150 0.0114639
 76 G  76 0.2773824 0.0000000 0.0037026 0.0040733 0.0067865 0.0014360 0.0000000 0.0966754 0.0026002 0.0691312 0.1737075 0.0000000 0.0273243 0.0075742 0.0000000 0.0160341 0.0103983 0.0000000 0.2254822 0.0662279 0.0114639
 77 A  77 0.3656114 0.0105543 0.0100845 0.0012699 0.0118919 0.0106342 0.0627797 0.0168572 0.0058251 0.0545171 0.1476817 0.0151682 0.0185022 0.0114629 0.0000000 0.0110489 0.0529981 0.0009724 0.0202178 0.1604587 0.0114639
 78 V  78 0.1225113 0.0000000 0.0000000 0.0000000 0.0000000 0.0000000 0.0017307 0.0062549 0.0000000 0.1403070 0.1520516 0.0000000 0.0210396 0.0472136 0.0000000 0.0047271 0.0530817 0.0000000 0.0099093 0.4282215 0.0129517
 79 L  79 0.0311553 0.0000000 0.0033281 0.0148580 0.0139846 0.0000000 0.0144906 0.0726996 0.0031159 0.0094301 0.4844323 0.0000000 0.0757175 0.1872432 0.0000000 0.0079978 0.0090996 0.0019931 0.0547939 0.0044819 0.0111785
 80 S  80 0.1143189 0.1187260 0.0380160 0.1084375 0.0022338 0.1417998 0.1765275 0.0071972 0.0558159 0.0009238 0.0119954 0.1015453 0.0041299 0.0000000 0.0000000 0.0604616 0.0186716 0.0042502 0.0164565 0.0065201 0.0119731
 81 R  81 0.2154463 0.1553232 0.0046457 0.0651711 0.0000000 0.1582104 0.1465537 0.0194839 0.0047813 0.0000000 0.0390970 0.0977887 0.0230755 0.0015541 0.0000000 0.0117488 0.0043612 0.0044031 0.0239627 0.0000000 0.0243934
 82 V  82 0.0875720 0.0030582 0.0129113 0.0051577 0.0097471 0.0050008 0.0071656 0.0037600 0.0123251 0.1897739 0.1797060 0.0041756 0.0364269 0.0142332 0.0020185 0.0700462 0.0102579 0.0010107 0.0110202 0.2905969 0.0440362
 83 D  83 0.0596487 0.0300596 0.0277097 0.3394741 0.0000000 0.0655136 0.1471068 0.0223524 0.0220999 0.0006309 0.0085105 0.1307309 0.0087327 0.0000000 0.0146944 0.0399625 0.0192446 0.0000000 0.0061650 0.0091128 0.0482510
 84 A  84 0.1651924 0.1067687 0.0658891 0.0386355 0.0014000 0.1292566 0.1003246 0.0115030 0.0164425 0.0091847 0.0258146 0.1334639 0.0033081 0.0007710 0.0029602 0.0862951 0.0487824 0.0037652 0.0062350 0.0138878 0.0301201
 85 G  85 0.0137806 0.0212806 0.0420045 0.0626292 0.0000000 0.0272310 0.0403490 0.6471142 0.0188368 0.0000000 0.0000000 0.0570826 0.0008395 0.0000000 0.0010948 0.0307386 0.0092995 0.0000000 0.0000000 0.0000000 0.0277190
 86 Q  86 0.0333159 0.1421853 0.0811346 0.0319939 0.0017585 0.0557868 0.0972811 0.0503986 0.0332965 0.0222529 0.0174454 0.2848033 0.0042335 0.0021503 0.0397046 0.0195816 0.0455053 0.0000000 0.0059391 0.0079270 0.0233058
 87 E  87 0.0382139 0.0091649 0.0136493 0.0133368 0.0000000 0.0084810 0.1019569 0.0520118 0.0075011 0.2501381 0.3018045 0.0025317 0.0093780 0.0365550 0.0000000 0.0140590 0.0152264 0.0095133 0.0038013 0.0629248 0.0497525
 88 Q  88 0.0481576 0.0899832 0.0677294 0.0905621 0.0000000 0.0499375 0.0123466 0.0223187 0.0293067 0.0037268 0.0683560 0.1245314 0.0033025 0.0166415 0.0162432 0.2331204 0.0662623 0.0018055 0.0087641 0.0111469 0.0357573
 89 L  89 0.0085254 0.0099608 0.0143644 0.0022766 0.0000000 0.0020344 0.0180983 0.0057517 0.0000000 0.0110156 0.7028464 0.0139593 0.0482042 0.0201496 0.0628463 0.0026622 0.0028400 0.0399606 0.0215680 0.0054177 0.0075185
 90 G  90 0.0385754 0.0051350 0.1327497 0.4051129 0.0000000 0.0445421 0.0950069 0.0253112 0.0121226 0.0014510 0.0000000 0.0249721 0.0058942 0.0034619 0.0069846 0.0939549 0.0964555 0.0012387 0.0012390 0.0000000 0.0057921
 91 R  91 0.0284403 0.1173692 0.0030760 0.3228069 0.0000000 0.1851300 0.1489002 0.0067228 0.0093259 0.0000000 0.0012566 0.0598181 0.0078339 0.0014436 0.0000000 0.0327012 0.0650843 0.0000000 0.0017732 0.0014634 0.0068541
 92 R  92 0.0166612 0.1945771 0.0152315 0.0105723 0.0000000 0.0417439 0.0592037 0.0057647 0.0111593 0.0474626 0.0565588 0.1522892 0.0850083 0.0023515 0.0642535 0.0469281 0.1014750 0.0033020 0.0027446 0.0758588 0.0068541
 93 I  93 0.0175556 0.0070268 0.0000000 0.0000000 0.0000000 0.0000000 0.0000000 0.0000000 0.0000000 0.2701735 0.1686004 0.0000000 0.0145510 0.0252608 0.0014313 0.0011051 0.0111796 0.0048137 0.0210602 0.4503879 0.0068541
 94 H  94 0.0345318 0.1062073 0.0129653 0.0066268 0.0016167 0.0129018 0.0458029 0.0033471 0.0578752 0.0373659 0.0469092 0.0580019 0.0179902 0.0213332 0.1068924 0.0322650 0.3065556 0.0012419 0.0152633 0.0657022 0.0086043
 95 Y  95 0.0221020 0.0000000 0.0000000 0.0016167 0.0020062 0.0000000 0.0013211 0.0000000 0.0000000 0.2653823 0.1038345 0.0000000 0.0419508 0.0488938 0.0010036 0.0014634 0.0351188 0.0085686 0.2022555 0.2578968 0.0065858
 96 S  96 0.0287115 0.0921757 0.0274292 0.0404045 0.0000000 0.0117710 0.0433728 0.0799453 0.0152523 0.0000000 0.0078238 0.1040265 0.0049876 0.0000000 0.0356273 0.3464568 0.1499939 0.0000000 0.0016167 0.0020185 0.0083866
 97 Q  97 0.0876039 0.0986232 0.0263857 0.0512598 0.0000000 0.0854261 0.2576593 0.0129797 0.0035956 0.0073747 0.0065623 0.2011322 0.0015488 0.0000000 0.0769074 0.0361066 0.0202306 0.0015513 0.0000000 0.0151167 0.0099361
 98 N  98 0.1325130 0.0770769 0.1161961 0.1317527 0.0000000 0.0308635 0.1333273 0.0168745 0.0312447 0.0034441 0.0023051 0.1055983 0.0018182 0.0052566 0.0000000 0.1436447 0.0128875 0.0000000 0.0355760 0.0096845 0.0099361
 99 D  99 0.3347320 0.0106805 0.0142514 0.3984162 0.0009091 0.0230458 0.0518658 0.0075406 0.0139789 0.0086067 0.0209231 0.0111213 0.0281212 0.0084044 0.0013721 0.0227502 0.0016218 0.0000000 0.0044306 0.0236481 0.0135803
100 L 100 0.0744899 0.0332377 0.0013749 0.0027107 0.0030357 0.0065600 0.0037496 0.0051316 0.0107136 0.1097268 0.2900538 0.0586630 0.0315930 0.0168970 0.0057061 0.0110359 0.0053466 0.2292733 0.0191839 0.0686572 0.0128596
101 V 101 0.1122346 0.0837721 0.0102291 0.0409859 0.0032920 0.0212460 0.0260797 0.0300712 0.0072450 0.0308073 0.0923810 0.0674233 0.0062752 0.0007836 0.0022233 0.1008309 0.0308074 0.0000000 0.0247084 0.2970096 0.0115945
102 E 102 0.0633572 0.0109798 0.0419060 0.0594668 0.0000000 0.0167337 0.0515353 0.1164345 0.0000000 0.0072354 0.0102254 0.0146505 0.1071970 0.0161092 0.1434541 0.0830346 0.2053473 0.0034271 0.0070875 0.0267624 0.0150564
103 Y 103 0.0075718 0.0000000 0.0344389 0.0597001 0.0000000 0.0082900 0.0407784 0.3813774 0.0661124 0.0044943 0.0016167 0.0031944 0.0014140 0.0119525 0.0221041 0.0194686 0.0051127 0.0801743 0.2331438 0.0074613 0.0115945
104 S 104 0.1203633 0.0000000 0.0572440 0.0130419 0.0060750 0.0096675 0.0065673 0.2278435 0.0019163 0.0008776 0.0000000 0.0022160 0.0010685 0.0071126 0.0035100 0.4979916 0.0311898 0.0000000 0.0000000 0.0017205 0.0115945
105 P 105 0.0096779 0.0018362 0.0017205 0.0087978 0.0000000 0.0018101 0.0010540 0.1732712 0.0000000 0.0137325 0.0000000 0.0034404 0.0000000 0.0000000 0.4606607 0.2932948 0.0091201 0.0000000 0.0012368 0.0065188 0.0138283
106 V 106 0.0228583 0.0834762 0.0085863 0.0126692 0.0052890 0.0670610 0.0160723 0.0098938 0.0000000 0.1818312 0.1027975 0.1039572 0.0252706 0.0150654 0.0000000 0.0241071 0.0246051 0.0060835 0.0037557 0.2750262 0.0115945
107 T 107 0.0632279 0.0642696 0.0030438 0.0000000 0.0042161 0.0125212 0.0000000 0.0055718 0.0000000 0.0765083 0.1226591 0.0033817 0.2788434 0.0080521 0.0012368 0.0396549 0.2725075 0.0000000 0.0022965 0.0304147 0.0115945
108 E 108 0.0183573 0.0255478 0.0059359 0.0572073 0.0019577 0.0983159 0.2259815 0.0403329 0.0047322 0.0000000 0.0132038 0.0831716 0.0070026 0.2650558 0.0069032 0.0347908 0.0166055 0.0263468 0.0527898 0.0025295 0.0132318
109 K 109 0.0310170 0.0563644 0.0177696 0.0387522 0.0000000 0.0608876 0.0341456 0.0126924 0.0029682 0.1230550 0.2311307 0.2258260 0.0173749 0.0167563 0.0227540 0.0255914 0.0221576 0.0000000 0.0077319 0.0465312 0.0064940
110 H 110 0.0255470 0.0904825 0.0579049 0.0359249 0.0000000 0.0271734 0.1741211 0.0080560 0.2157606 0.0024284 0.0214649 0.0863286 0.0188664 0.0386039 0.0397837 0.0222745 0.0120293 0.0074697 0.1010081 0.0045906 0.0101814
111 L 111 0.0914038 0.0105090 0.0033978 0.0282250 0.0000000 0.0102712 0.0394710 0.0108537 0.0000000 0.0369033 0.1162381 0.0300197 0.0055371 0.0082228 0.2589954 0.0239708 0.0158921 0.0013916 0.0010214 0.2987450 0.0089310
112 T 112 0.0665531 0.0185655 0.0899026 0.0902590 0.0000000 0.0175770 0.0335388 0.5939363 0.0082709 0.0034954 0.0000000 0.0249373 0.0000000 0.0000000 0.0045858 0.0119694 0.0203951 0.0016598 0.0008285 0.0065640 0.0069616
113 D 113 0.0528474 0.0338394 0.0158839 0.1137336 0.0000000 0.0488273 0.1319283 0.1023186 0.0164845 0.0215627 0.0128321 0.1246428 0.0125184 0.0011061 0.0105300 0.0754560 0.2071238 0.0000000 0.0033389 0.0121763 0.0028498
114 G 114 0.0253332 0.0750815 0.0308745 0.0230181 0.0032714 0.1159194 0.1296828 0.2277360 0.0102782 0.0051171 0.0046259 0.0953580 0.0032773 0.0010188 0.0364995 0.0659107 0.1055599 0.0015545 0.0166262 0.0204071 0.0028498
115 M 115 0.0204245 0.0138041 0.0000000 0.0000000 0.0000000 0.0062343 0.0034239 0.0000000 0.0000000 0.0982228 0.1312593 0.0072492 0.3266535 0.0677537 0.0119461 0.0064973 0.0067295 0.0013150 0.0579728 0.2367319 0.0037822
116 T 116 0.0082197 0.0281628 0.0091477 0.0051790 0.0000000 0.0046724 0.0040031 0.0036956 0.0000000 0.0032645 0.0048915 0.0346993 0.0011816 0.0000000 0.1014876 0.2947433 0.4944972 0.0000000 0.0000000 0.0021547 0.0000000
117 V 117 0.0505139 0.0018612 0.0019931 0.0000000 0.0000000 0.0000000 0.0000000 0.0066125 0.0000000 0.1226529 0.3000944 0.0000000 0.0190923 0.0165861 0.0028349 0.0010728 0.0062985 0.0051723 0.0150744 0.4501406 0.0000000
118 R 118 0.1555146 0.1658328 0.0144702 0.0774189 0.0000000 0.0447301 0.1562529 0.0890988 0.0117831 0.0165192 0.0491613 0.0841535 0.0127965 0.0017118 0.0011716 0.0899211 0.0076584 0.0050694 0.0107964 0.0059395 0.0000000
119 E 119 0.0375590 0.0089857 0.0293492 0.3278168 0.0000000 0.0825328 0.4334459 0.0035849 0.0065611 0.0020525 0.0031184 0.0148093 0.0027380 0.0000000 0.0000000 0.0133942 0.0211280 0.0000000 0.0067819 0.0061423 0.0000000
120 L 120 0.0631029 0.0000000 0.0000000 0.0000000 0.0000000 0.0000000 0.0000000 0.0000000 0.0063791 0.0459067 0.7435571 0.0000000 0.0580422 0.0000000 0.0000000 0.0000000 0.0184953 0.0000000 0.0020624 0.0565304 0.0059239
121 C 121 0.1287445 0.0000000 0.0444440 0.0000000 0.2413673 0.0009115 0.0029971 0.0010133 0.0016745 0.1097301 0.2952189 0.0000000 0.0500575 0.0035976 0.0000000 0.0493838 0.0071559 0.0000000 0.0159651 0.0418148 0.0059239
122 S 122 0.0952625 0.1867589 0.0177365 0.0756444 0.0015992 0.0568016 0.1356384 0.0083690 0.0378364 0.0174186 0.0124255 0.1641426 0.0189194 0.0053301 0.0000000 0.0247581 0.0875518 0.0033375 0.0314934 0.0130521 0.0059239
123 A 123 0.3568997 0.0123119 0.0037561 0.0049382 0.0100695 0.0094569 0.0127470 0.2822050 0.0045695 0.0022706 0.1337611 0.0293142 0.0053353 0.0033712 0.0016218 0.0143342 0.0030883 0.0151521 0.0745577 0.0143157 0.0059239
124 A 124 0.2169632 0.0000000 0.0000000 0.0012771 0.0000000 0.0000000 0.0000000 0.0019354 0.0000000 0.1517559 0.0550382 0.0000000 0.2876073 0.0000000 0.0000000 0.0615195 0.1524965 0.0000000 0.0000000 0.0654829 0.0059239
125 I 125 0.0737735 0.0000000 0.0076018 0.0017780 0.0040276 0.0079336 0.0055718 0.0029377 0.0000000 0.4650499 0.1374937 0.0000000 0.1054789 0.0000000 0.0000000 0.0094501 0.0068597 0.0000000 0.0000000 0.1661198 0.0059239
126 T 126 0.0367206 0.0768390 0.0009562 0.0051648 0.0015116 0.0943591 0.0353405 0.0091315 0.0022007 0.2608971 0.0462694 0.0069457 0.0119149 0.0000000 0.0000000 0.0576706 0.1732164 0.0000000 0.0000000 0.1686710 0.0121907
127 M 127 0.0498547 0.0396373 0.0125909 0.0353457 0.0000000 0.2278040 0.0433424 0.0217465 0.0239492 0.0598322 0.0704197 0.0186960 0.0382972 0.0268291 0.0028335 0.0235519 0.0368451 0.0070988 0.1501132 0.1052887 0.0059239
128 S 128 0.0000000 0.0000000 0.0021596 0.0026125 0.0000000 0.0000000 0.0000000 0.0089261 0.0000000 0.0000000 0.0021361 0.0000000 0.0000000 0.0000000 0.0000000 0.9742638 0.0000000 0.0000000 0.0000000 0.0000000 0.0099019
129 D 129 0.0607358 0.0000000 0.0033731 0.6400015 0.0069944 0.0000000 0.0000000 0.2641529 0.0018205 0.0000000 0.0000000 0.0000000 0.0000000 0.0000000 0.0000000 0.0169979 0.0000000 0.0000000 0.0000000 0.0000000 0.0059239
130 N 130 0.0000000 0.0000000 0.9600647 0.0000000 0.0000000 0.0000000 0.0000000 0.0170131 0.0000000 0.0000000 0.0000000 0.0069846 0.0000000 0.0000000 0.0000000 0.0100138 0.0000000 0.0000000 0.0000000 0.0000000 0.0059239
131 T 131 0.0404820 0.0000000 0.0688300 0.3274086 0.0070233 0.0048984 0.0080743 0.0214693 0.0017311 0.0199225 0.0187855 0.0000000 0.0015545 0.0045406 0.0113980 0.0319000 0.3895889 0.0000000 0.0060558 0.0304133 0.0059239
132 A 132 0.9035578 0.0000000 0.0000000 0.0000000 0.0227337 0.0000000 0.0000000 0.0345015 0.0000000 0.0000000 0.0022491 0.0000000 0.0025871 0.0011561 0.0000000 0.0108194 0.0139096 0.0000000 0.0000000 0.0025617 0.0059239
133 A 133 0.3038966 0.0024887 0.0138792 0.0009439 0.1717027 0.0055494 0.0000000 0.0610408 0.0038534 0.0019163 0.0033549 0.0000000 0.0232108 0.0000000 0.0000000 0.1750902 0.2137662 0.0000000 0.0022655 0.0111175 0.0059239
134 N 134 0.0033287 0.0029700 0.5149158 0.1242470 0.0000000 0.0000000 0.0053745 0.0000000 0.0013408 0.0581392 0.0146486 0.0072700 0.0083918 0.0000000 0.0000000 0.0000000 0.0126073 0.0000000 0.0000000 0.2408424 0.0059239
135 L 135 0.3162216 0.0025852 0.0000000 0.0000000 0.0000000 0.0048033 0.0031253 0.0051484 0.0000000 0.1417373 0.2865330 0.0311971 0.0790363 0.0109119 0.0000000 0.0057875 0.0132956 0.0205007 0.0023801 0.0708125 0.0059239
136 L 136 0.0115892 0.0000000 0.0038768 0.0000000 0.0179994 0.0009851 0.0000000 0.0000000 0.0000000 0.1174262 0.6310942 0.0000000 0.1189380 0.0044479 0.0000000 0.0017205 0.0019288 0.0000000 0.0000000 0.0840701 0.0059239
137 L 137 0.3186297 0.0000000 0.0000000 0.0000000 0.0000000 0.0168572 0.0024887 0.0045026 0.0000000 0.1930144 0.3087623 0.0000000 0.0464796 0.0755116 0.0000000 0.0047681 0.0015239 0.0000000 0.0013967 0.0201414 0.0059239
138 T 138 0.0682698 0.1341802 0.0350411 0.1597794 0.0000000 0.0277750 0.3833880 0.0193525 0.0137098 0.0000000 0.0008540 0.0810318 0.0000000 0.0027579 0.0102354 0.0242972 0.0286241 0.0017728 0.0000000 0.0030072 0.0059239
139 T 139 0.0746794 0.1151206 0.0049584 0.0197193 0.0037125 0.0544046 0.0665062 0.0246180 0.1843026 0.0134826 0.1458993 0.0484142 0.0078548 0.0216789 0.0009672 0.0359831 0.0373993 0.0000000 0.1041789 0.0240075 0.0121124
140 I 140 0.0432513 0.0000000 0.0000000 0.0000000 0.0024609 0.0077142 0.0000000 0.0027579 0.0016748 0.2991585 0.3456320 0.0000000 0.0158784 0.0248516 0.0000000 0.0062086 0.0105187 0.0000000 0.0032269 0.2289818 0.0076845
141 G 141 0.2084831 0.0000000 0.0011402 0.0116435 0.0038495 0.0014658 0.0047287 0.6082545 0.0000000 0.0000000 0.0027260 0.0000000 0.0000000 0.0000000 0.0000000 0.0405752 0.0115410 0.0023982 0.0034076 0.0069007 0.0928860
142 G 142 0.0018506 0.0119756 0.0062805 0.0156900 0.0000000 0.0024609 0.0018362 0.9194390 0.0000000 0.0009914 0.0017616 0.0023955 0.0000000 0.0122827 0.0000000 0.0045499 0.0000000 0.0021488 0.0000000 0.0020951 0.0142423
143 P 143 0.0328822 0.0023546 0.0029672 0.0121957 0.0000000 0.0075595 0.0030595 0.0187902 0.0015914 0.0492138 0.0315912 0.0230062 0.0387424 0.0020695 0.3754010 0.1935155 0.0904081 0.0000000 0.0061089 0.0852881 0.0232552
144 K 144 0.1479490 0.0198947 0.0222930 0.0895798 0.0000000 0.1104600 0.3625926 0.0298101 0.0076887 0.0031054 0.0046772 0.0777256 0.0019782 0.0000000 0.0285618 0.0450947 0.0304303 0.0000000 0.0040552 0.0029842 0.0111196
145 E 145 0.2740025 0.0264039 0.0548258 0.0343308 0.0025295 0.0585958 0.1197316 0.1392228 0.0101889 0.0040898 0.0125122 0.0485528 0.0384069 0.0091404 0.0054852 0.0670334 0.0311288 0.0000000 0.0080196 0.0447609 0.0110383
146 L 146 0.0098005 0.0023888 0.0058191 0.0000000 0.0000000 0.0020525 0.0018385 0.0053184 0.0015085 0.1064592 0.1863825 0.0000000 0.3043758 0.0527133 0.0000000 0.0020829 0.0213591 0.0023354 0.0074281 0.2834807 0.0046567
147 T 147 0.0104408 0.0187915 0.5014770 0.0362666 0.0000000 0.0323363 0.0367360 0.0048046 0.0092160 0.0055384 0.0028884 0.0234750 0.0021596 0.0168970 0.0000000 0.0017680 0.2896536 0.0000000 0.0015558 0.0037794 0.0022160
148 A 148 0.2896388 0.0854807 0.0328068 0.0576513 0.0000000 0.1565230 0.1054225 0.0235093 0.0152545 0.0011991 0.0076535 0.1132681 0.0011597 0.0020983 0.0050323 0.0667153 0.0296896 0.0000000 0.0000000 0.0046811 0.0022160
149 F 149 0.0305167 0.0910542 0.0040377 0.0023543 0.0067222 0.0400974 0.0468357 0.0009031 0.0252965 0.0074120 0.0362702 0.0874060 0.0132719 0.2654458 0.0000000 0.0167839 0.0449918 0.0796288 0.1866113 0.0143603 0.0000000
150 L 150 0.3927846 0.0000000 0.0000000 0.0000000 0.0162081 0.0000000 0.0000000 0.0135034 0.0000000 0.0954132 0.2185933 0.0000000 0.1045426 0.0567841 0.0000000 0.0059914 0.0050629 0.0172102 0.0049122 0.0689939 0.0000000
151 H 151 0.0846774 0.3990086 0.0182564 0.0326269 0.0025295 0.1067380 0.0581873 0.0084658 0.0422961 0.0093481 0.0194427 0.1756266 0.0023811 0.0026125 0.0013792 0.0175660 0.0094966 0.0000000 0.0000000 0.0053830 0.0039780
152 N 152 0.0895738 0.0966912 0.0291408 0.0436889 0.0000000 0.0976122 0.1707126 0.0483910 0.0080098 0.0014527 0.0214325 0.0940879 0.0083840 0.0012566 0.0000000 0.2275771 0.0563777 0.0009199 0.0000000 0.0029297 0.0017616
153 M 153 0.0143724 0.0052121 0.0218629 0.0000000 0.0010375 0.0148659 0.0015889 0.0000000 0.0100701 0.1650039 0.5662632 0.0101453 0.0526040 0.0233894 0.0000000 0.0171883 0.0159774 0.0485538 0.0077464 0.0218694 0.0022491
154 G 154 0.0085088 0.0030177 0.0196712 0.0123949 0.0000000 0.0022621 0.0062242 0.9139981 0.0086934 0.0076948 0.0000000 0.0075162 0.0034619 0.0000000 0.0000000 0.0022170 0.0020907 0.0000000 0.0000000 0.0000000 0.0022491
155 D 155 0.0381842 0.0020907 0.0019163 0.3399337 0.0198681 0.0026760 0.0022160 0.0048077 0.0000000 0.0767366 0.2324285 0.0000000 0.1957894 0.0271692 0.0091262 0.0000000 0.0025295 0.0000000 0.0127428 0.0253669 0.0064181
156 H 156 0.0430812 0.0681906 0.0729968 0.0620786 0.0016453 0.0527854 0.0798665 0.0232893 0.0391642 0.0029389 0.0069345 0.2252375 0.0036769 0.0025394 0.0285692 0.0726511 0.1823656 0.0014878 0.0118129 0.0105739 0.0081145
157 V 157 0.0477346 0.0182312 0.2391214 0.1545113 0.0000000 0.0346562 0.0350383 0.0619203 0.0359815 0.0191556 0.0086426 0.0178883 0.0039756 0.0009631 0.0000000 0.0523428 0.1026184 0.0032826 0.0035452 0.1471704 0.0132205
158 T 158 0.0076912 0.0000000 0.0000000 0.0000000 0.0072551 0.0080614 0.0000000 0.0000000 0.0000000 0.0545851 0.0172362 0.0015876 0.0135649 0.1054481 0.0000000 0.1293469 0.6151759 0.0016420 0.0062042 0.0229588 0.0092425
159 R 159 0.0359587 0.3480975 0.0673945 0.0118522 0.0029941 0.0699972 0.0170946 0.0024849 0.1851779 0.0121798 0.0112056 0.0494163 0.0089534 0.0064822 0.0000000 0.0405083 0.0351115 0.0015541 0.0131813 0.0570261 0.0233298
160 L 160 0.0139779 0.0000000 0.0020684 0.0000000 0.0008254 0.0000000 0.0000000 0.0000000 0.0000000 0.1087300 0.3552691 0.0000000 0.0234447 0.2951785 0.0239785 0.0244436 0.0024681 0.0008646 0.0337067 0.0852398 0.0298047
161 D 161 0.0736918 0.0647187 0.0568361 0.3041057 0.0015661 0.0623183 0.0750091 0.0329122 0.0128409 0.0069532 0.0129346 0.0497033 0.0076879 0.0000000 0.0000000 0.0282120 0.0501486 0.0000000 0.0029585 0.0908899 0.0665130
162 R 162 0.0322116 0.4166620 0.0939215 0.0165898 0.0014436 0.0049807 0.0091952 0.0104689 0.0300545 0.0000000 0.0065638 0.0042799 0.0057200 0.0029085 0.0063634 0.0342016 0.0522316 0.0089039 0.0161041 0.0045384 0.2426568
163 W 163 0.0056590 0.0411131 0.0540517 0.0167082 0.0026339 0.0050461 0.0054107 0.0211377 0.0080992 0.0430098 0.0312494 0.0784349 0.0154614 0.0321489 0.0551649 0.0252981 0.1179414 0.0920566 0.0504871 0.0525635 0.2463246
164 E 164 0.0000000 0.0000000 0.0106321 0.0094358 0.0011686 0.0015939 0.4489215 0.0022436 0.0266005 0.0108433 0.0723752 0.0000000 0.0633532 0.0019963 0.0015953 0.0108746 0.0407269 0.0000000 0.0000000 0.0164038 0.2812351
165 P 165 0.0218976 0.0196400 0.0038037 0.0143549 0.0007490 0.0035625 0.0549634 0.0717387 0.0048362 0.0119898 0.0246641 0.0165919 0.0648499 0.0030123 0.3016948 0.0089873 0.0764595 0.0000000 0.0053651 0.0088874 0.2819520
166 E 166 0.0526865 0.0273537 0.0093473 0.1921627 0.0000000 0.0207163 0.2006783 0.0376757 0.0088989 0.0040424 0.0638546 0.0075582 0.0009926 0.0107496 0.0000000 0.0247370 0.0392745 0.0051558 0.0045357 0.0085936 0.2809868
167 L 167 0.0087019 0.0186779 0.0000000 0.0205146 0.0011678 0.0089300 0.0037499 0.0020185 0.0059173 0.0363752 0.3845641 0.0016733 0.1202165 0.0382000 0.0253895 0.0077233 0.0276831 0.0025295 0.0107020 0.0191832 0.2560822
168 N 168 0.0243747 0.0083657 0.5786690 0.0367879 0.0000000 0.0172026 0.0519552 0.0148922 0.0754747 0.0073673 0.0058390 0.0172679 0.0000000 0.0025306 0.0081402 0.0295226 0.0136814 0.0000000 0.0034597 0.0067689 0.0977005
169 E 169 0.1674247 0.0573522 0.0084242 0.0438018 0.0213720 0.0354203 0.1536276 0.0520877 0.0067496 0.0043509 0.0158199 0.0355894 0.0010266 0.0042640 0.0850369 0.1270620 0.0810850 0.0000000 0.0127154 0.0211366 0.0656533
170 A 170 0.2803838 0.0048055 0.0937611 0.0892257 0.0048998 0.0015842 0.0091013 0.0375330 0.0883302 0.0162766 0.0056074 0.0069206 0.0018430 0.0257751 0.0138475 0.0456172 0.1606150 0.0109494 0.0129079 0.0479543 0.0420615
171 I 171 0.0521869 0.0279025 0.0182315 0.0131279 0.0000000 0.0241303 0.0275272 0.2817604 0.0418600 0.0893605 0.0753361 0.0515688 0.0079997 0.0162251 0.0479101 0.0254230 0.0501294 0.0313931 0.0098085 0.0418619 0.0662570
172 P 172 0.0516040 0.0155500 0.0148981 0.0305701 0.0000000 0.0211006 0.0582274 0.0045432 0.0047931 0.0043763 0.2626441 0.0505191 0.0100971 0.0056963 0.2935864 0.0159763 0.0097022 0.0207706 0.0429832 0.0096863 0.0726756
173 N 173 0.0261239 0.0278291 0.0386537 0.1173675 0.0000000 0.0038217 0.0142586 0.3160334 0.0111628 0.0170437 0.0262375 0.0483378 0.0010275 0.0024159 0.1767454 0.0443231 0.0323089 0.0077904 0.0034464 0.0225640 0.0625086
174 D 174 0.1047354 0.0181754 0.0130810 0.4035462 0.0116455 0.0638545 0.0466833 0.0751847 0.0100147 0.0082624 0.0033352 0.0045282 0.0013872 0.0019403 0.0043392 0.0730506 0.0426469 0.0025849 0.0273295 0.0088203 0.0748546
175 E 175 0.0626735 0.0267724 0.0213347 0.0626291 0.0000000 0.0086359 0.1486700 0.0462303 0.0070090 0.0414142 0.0509556 0.0593927 0.0048066 0.0190823 0.2385886 0.0128023 0.0251131 0.0014782 0.0801305 0.0274330 0.0548480
176 R 176 0.0164979 0.3395237 0.0889481 0.0798750 0.0012487 0.0464833 0.0765989 0.1187559 0.0223243 0.0064403 0.0216333 0.0263634 0.0008458 0.0015630 0.0072348 0.0285682 0.0331340 0.0180191 0.0105302 0.0041507 0.0512615
177 D 177 0.0000000 0.0032913 0.2636452 0.3868542 0.0000000 0.0520137 0.0000000 0.0262525 0.1879989 0.0095423 0.0274341 0.0030354 0.0027472 0.0000000 0.0000000 0.0000000 0.0116169 0.0000000 0.0015541 0.0019931 0.0220211
178 T 178 0.0070470 0.0383862 0.0015661 0.0017948 0.0025824 0.0319595 0.0106786 0.0080366 0.0209762 0.0191130 0.0315891 0.0295666 0.0278387 0.0301547 0.0024887 0.0350224 0.3767958 0.0579249 0.2092543 0.0419711 0.0152533
179 T 179 0.0726088 0.0000000 0.0000000 0.0000000 0.0042526 0.0000000 0.0000000 0.0056566 0.0017404 0.0237001 0.0024470 0.0000000 0.0231494 0.0030867 0.0000000 0.2668708 0.5626201 0.0000000 0.0000000 0.0121626 0.0217050
180 M 180 0.0086302 0.0031217 0.0035482 0.0000000 0.0155964 0.0000000 0.0057467 0.0000000 0.0022338 0.0036252 0.0023959 0.0028231 0.0076741 0.0000000 0.0000000 0.2911435 0.6225182 0.0000000 0.0017404 0.0052561 0.0239466
