  286         A         R         N         D         C         Q         E         G         H         I         L         K         M         F         P         S         T         W         Y         V    
  1 M   1 0.0000000 0.0000000 0.0000000 0.0000000 0.0000000 0.0000000 0.0000000 0.0000000 0.0000000 0.0000000 0.1272372 0.0000000 0.8727628 0.0000000 0.0000000 0.0000000 0.0000000 0.0000000 0.0000000 0.0000000
  2 S   2 0.0056053 0.0743373 0.0928191 0.0290099 0.0038347 0.0313720 0.0202660 0.0052365 0.0000000 0.0325667 0.0517406 0.3671900 0.1092224 0.0293095 0.0165594 0.0607664 0.0619889 0.0000000 0.0000000 0.0081752
  3 I   3 0.0055200 0.2788936 0.0202151 0.0000000 0.0115751 0.0037149 0.0046995 0.0036762 0.0064459 0.0651574 0.0726231 0.1088211 0.3161946 0.0149862 0.0015094 0.0308139 0.0232824 0.0000000 0.0100382 0.0218336
  4 Q   4 0.0121524 0.3597554 0.0112500 0.0000000 0.0057075 0.0443667 0.0020806 0.0000000 0.0034611 0.0130326 0.0403548 0.3542576 0.0222324 0.0191685 0.0098478 0.0590741 0.0398121 0.0000000 0.0000000 0.0034464
  5 H   5 0.0299008 0.1182772 0.0385245 0.0160466 0.0065744 0.0391762 0.0063468 0.0226507 0.0623416 0.0615440 0.0835893 0.1567126 0.0133553 0.0610687 0.0156612 0.1094333 0.0419620 0.0229263 0.0532367 0.0406717
  6 F   6 0.0237068 0.0366159 0.0031976 0.0029354 0.0000000 0.0015328 0.0000000 0.0037871 0.0073652 0.1394814 0.2110527 0.0174712 0.0133467 0.2743306 0.0092259 0.0353737 0.0903080 0.0137139 0.0330181 0.0835367
  7 R   7 0.0537928 0.1317638 0.0083628 0.0000000 0.0076878 0.0087461 0.0000000 0.0141500 0.0036596 0.0863369 0.3893753 0.0821788 0.0198431 0.0640705 0.0139779 0.0403076 0.0421876 0.0000000 0.0086884 0.0248709
  8 V   8 0.1103755 0.0688351 0.0027852 0.0000000 0.0223251 0.0133730 0.0000000 0.0201681 0.0139454 0.0994625 0.1920155 0.0453630 0.0458208 0.0939289 0.0116318 0.0742446 0.0699502 0.0105601 0.0120222 0.0931932
  9 A   9 0.2635032 0.0264975 0.0025768 0.0000000 0.0399578 0.0068454 0.0000000 0.0436675 0.0016506 0.1018427 0.1782000 0.0202711 0.0143937 0.0448277 0.0223371 0.0764770 0.0921145 0.0134353 0.0144664 0.0369356
 10 L  10 0.0842631 0.0041827 0.0000000 0.0000000 0.0301631 0.0078439 0.0000000 0.0529644 0.0041565 0.1528138 0.3398788 0.0024420 0.0308239 0.0600952 0.0054889 0.0777250 0.0528450 0.0027368 0.0015361 0.0900409
 11 I  11 0.1437652 0.0079122 0.0041370 0.0000000 0.0202548 0.0000000 0.0000000 0.0375036 0.0000000 0.1685428 0.2835578 0.0058780 0.0277335 0.0787638 0.0000000 0.0514472 0.0586059 0.0085365 0.0000000 0.1033617
 12 P  12 0.1711242 0.0000000 0.0000000 0.0000000 0.0543881 0.0024182 0.0000000 0.0678904 0.0000000 0.0760878 0.2035595 0.0064945 0.0298851 0.0629460 0.0453991 0.1118535 0.0857312 0.0000000 0.0038141 0.0784083
 13 F  13 0.0752286 0.0014957 0.0000000 0.0000000 0.0261893 0.0028902 0.0000000 0.0604154 0.0000000 0.0434056 0.3343397 0.0000000 0.0303174 0.1300884 0.0230872 0.0949896 0.0308805 0.0108829 0.0017922 0.1339973
 14 F  14 0.1059739 0.0033849 0.0022967 0.0000000 0.0164937 0.0019019 0.0000000 0.0162895 0.0000000 0.0619321 0.3079259 0.0000000 0.0153773 0.1457336 0.0184291 0.0798764 0.0967342 0.0036105 0.0063335 0.1177068
 15 A  15 0.2209767 0.0000000 0.0037291 0.0000000 0.0586590 0.0000000 0.0000000 0.0223741 0.0094988 0.0750719 0.2348991 0.0000000 0.0441255 0.0411458 0.0176116 0.1039579 0.0807386 0.0035411 0.0108291 0.0728414
 16 A  16 0.2047600 0.0000000 0.0073697 0.0022908 0.0309150 0.0053650 0.0000000 0.0809172 0.0039369 0.0562849 0.2115372 0.0035656 0.0146827 0.0811308 0.0230609 0.0995564 0.0660276 0.0125159 0.0047647 0.0913185
 17 F  17 0.1019367 0.0013898 0.0103975 0.0022209 0.0583192 0.0054313 0.0000000 0.0364820 0.0138867 0.0696777 0.1729269 0.0011053 0.0450974 0.2175923 0.0353883 0.0811797 0.0504879 0.0229428 0.0086966 0.0648411
 18 C  18 0.2667591 0.0020608 0.0082321 0.0000000 0.0900712 0.0049050 0.0012312 0.0345934 0.0000000 0.0474337 0.0521449 0.0000000 0.0067353 0.0324936 0.0565233 0.2509089 0.0577350 0.0036075 0.0013039 0.0832610
 19 L  19 0.1378058 0.0153478 0.0143481 0.0036006 0.0141444 0.0208887 0.0021538 0.0385534 0.0227396 0.0605185 0.2409516 0.0037211 0.0160245 0.0422534 0.0139607 0.1439372 0.0973061 0.0022895 0.0029203 0.1065351
 20 P  20 0.1342280 0.0020743 0.0409310 0.0015719 0.0022460 0.0426379 0.0026943 0.0479768 0.0024507 0.0313347 0.0618989 0.0074979 0.0176956 0.0269856 0.3038489 0.1731168 0.0622011 0.0014642 0.0000000 0.0371455
 21 V  21 0.3373435 0.0081873 0.0137172 0.0078414 0.0103782 0.0291968 0.0142968 0.0279842 0.0071123 0.0270381 0.0937072 0.0070089 0.0095192 0.0192274 0.0424979 0.0998436 0.0617800 0.0000000 0.0023688 0.1809510
 22 F  22 0.0989537 0.0369535 0.0284215 0.0165406 0.0045390 0.0529358 0.0139488 0.0204050 0.0295443 0.0428971 0.0900480 0.0295649 0.0334131 0.1347424 0.0843873 0.0621514 0.0695623 0.0422497 0.0466308 0.0621109
 23 A  23 0.5069897 0.0075991 0.0194655 0.0288268 0.0113589 0.0200946 0.0131103 0.0570472 0.0052770 0.0146103 0.0325057 0.0107991 0.0026155 0.0065934 0.0340001 0.1341101 0.0286253 0.0010723 0.0160896 0.0492097
 24 H  24 0.2337524 0.0219190 0.0628564 0.0451805 0.0014366 0.1864057 0.0603504 0.0280970 0.0359763 0.0200558 0.0324755 0.0173114 0.0245241 0.0210909 0.0276860 0.0729943 0.0481340 0.0018372 0.0128773 0.0450392
 25 P  25 0.2478785 0.0085722 0.0288551 0.0815974 0.0021851 0.0903516 0.0640034 0.0192939 0.0053024 0.0117411 0.0151802 0.0304401 0.0018882 0.0025945 0.1567089 0.1188607 0.0931414 0.0011118 0.0026020 0.0176915
 26 G  26 0.2137314 0.0237880 0.0433525 0.1074866 0.0000000 0.0657524 0.0743661 0.0452432 0.0052819 0.0094210 0.0156989 0.0371398 0.0060211 0.0118315 0.0934346 0.1057787 0.0861338 0.0000000 0.0000000 0.0555385
 27 T  27 0.0716466 0.0046223 0.0073482 0.0205010 0.0000000 0.0267410 0.0237854 0.0132461 0.0139053 0.0773253 0.3639917 0.0105826 0.0283265 0.0453968 0.0676686 0.0457852 0.0533683 0.0145289 0.0076152 0.1036152
 28 L  28 0.1105008 0.0399013 0.0323661 0.0524130 0.0000000 0.1087396 0.1538698 0.0225626 0.0132287 0.0518705 0.0611676 0.0952280 0.0087210 0.0040321 0.0510541 0.0410434 0.0838295 0.0036373 0.0108104 0.0550243
 29 V  29 0.1321150 0.0521185 0.0543451 0.0734971 0.0000000 0.1142610 0.1077833 0.0300864 0.0057662 0.0118533 0.0129826 0.0971851 0.0042016 0.0098683 0.1340853 0.0767927 0.0532105 0.0000000 0.0072397 0.0226082
 30 K  30 0.1064991 0.1389855 0.0374408 0.0858645 0.0000000 0.1399787 0.1264823 0.0161437 0.0051123 0.0114939 0.0138299 0.1167258 0.0000000 0.0040206 0.0341625 0.0636221 0.0716519 0.0000000 0.0019817 0.0260049
 31 V  31 0.0580767 0.0000000 0.0033684 0.0054838 0.0000000 0.0035482 0.0142007 0.0039563 0.0000000 0.2693373 0.3212353 0.0054491 0.0089363 0.0899881 0.0522288 0.0047875 0.0166841 0.0088411 0.0015756 0.1323025
 32 K  32 0.2261292 0.0804193 0.0363747 0.0324677 0.0000000 0.0928459 0.1030563 0.0201959 0.0123365 0.0118928 0.0106703 0.1066909 0.0075912 0.0059349 0.1046054 0.0880267 0.0399974 0.0000000 0.0023862 0.0183786
 33 D  33 0.2153463 0.0574882 0.0345430 0.0826633 0.0000000 0.1322411 0.1475106 0.0298791 0.0085752 0.0042648 0.0140522 0.0682574 0.0032914 0.0019346 0.0579617 0.0589375 0.0623310 0.0000000 0.0000000 0.0207225
 34 A  34 0.0827816 0.0075744 0.0051930 0.0096174 0.0000000 0.0138040 0.0247838 0.0034841 0.0019327 0.2347310 0.3914080 0.0160369 0.0087991 0.0187544 0.0350233 0.0297169 0.0221317 0.0011780 0.0242536 0.0687961
 35 E  35 0.1692541 0.0018805 0.0105649 0.0251271 0.0039957 0.0154650 0.4054624 0.0123030 0.0013781 0.1138834 0.0502697 0.0056314 0.0097086 0.0092103 0.0357049 0.0313379 0.0239725 0.0019583 0.0000000 0.0728922
 36 D  36 0.2132870 0.1146718 0.0408492 0.0465238 0.0000000 0.0714975 0.0426521 0.0168202 0.0256952 0.0117339 0.0251453 0.1578532 0.0092758 0.0037929 0.0694352 0.0970331 0.0402145 0.0000000 0.0000000 0.0135193
 37 Q  37 0.1111700 0.1217289 0.0301553 0.0715725 0.0000000 0.1331109 0.1082883 0.1066174 0.0170871 0.0031083 0.0142186 0.1172369 0.0012015 0.0000000 0.0366243 0.0846020 0.0307820 0.0027878 0.0067770 0.0029309
 38 L  38 0.1062768 0.0029762 0.0144474 0.0112399 0.0137320 0.0151996 0.0036624 0.0040792 0.0747606 0.0525555 0.1096730 0.0692481 0.0019403 0.0968880 0.0303078 0.1374965 0.0800908 0.0000000 0.1078195 0.0676064
 39 G  39 0.0465242 0.0388856 0.1038896 0.1232211 0.0000000 0.0486148 0.0419126 0.2403262 0.0170988 0.0103896 0.0065709 0.1010792 0.0031198 0.0000000 0.0979713 0.0833718 0.0220271 0.0000000 0.0000000 0.0149975
 40 A  40 0.3919655 0.0011728 0.0085927 0.0048881 0.0029119 0.0021828 0.0087820 0.4671687 0.0000000 0.0109770 0.0425409 0.0037730 0.0000000 0.0015630 0.0025054 0.0171489 0.0129309 0.0000000 0.0055614 0.0153349
 41 R  41 0.0492504 0.4003303 0.0251176 0.0451585 0.0000000 0.0621462 0.0518578 0.0031027 0.0344474 0.0098141 0.0147708 0.1283248 0.0021189 0.0000000 0.0017001 0.0316089 0.1070513 0.0000000 0.0059885 0.0272117
 42 V  42 0.0610832 0.0069983 0.0040110 0.0000000 0.0037273 0.0000000 0.0043647 0.0032435 0.0000000 0.1837428 0.2953584 0.0161210 0.0212294 0.0250438 0.0362395 0.0102085 0.0333563 0.0095148 0.0311438 0.2546138
 43 G  43 0.1322735 0.0000000 0.0012409 0.0000000 0.0091186 0.0058364 0.0010426 0.6392019 0.0057112 0.0000000 0.0000000 0.0034128 0.0000000 0.0041547 0.0000000 0.1928365 0.0015942 0.0000000 0.0035766 0.0000000
 44 Y  44 0.1034732 0.0000000 0.0000000 0.0000000 0.0041138 0.0000000 0.0000000 0.0017156 0.0032277 0.1085537 0.0496224 0.0023633 0.0184109 0.0403892 0.0000000 0.0019357 0.0011061 0.0444893 0.1627256 0.4578736
 45 I  45 0.2497392 0.0029162 0.0047021 0.0000000 0.0188265 0.0013751 0.0024093 0.0058005 0.0084128 0.1481141 0.0655645 0.0000000 0.0136529 0.0711843 0.0000000 0.0658257 0.0260149 0.0118509 0.1782940 0.1253171
 46 E  46 0.2091116 0.0000000 0.0000000 0.0000000 0.0000000 0.0000000 0.0165457 0.0060408 0.0000000 0.0795376 0.3595808 0.0000000 0.0147512 0.0596077 0.0029556 0.0000000 0.0087641 0.0018164 0.0128994 0.2283891
 47 L  47 0.0181824 0.0395310 0.0028369 0.0034215 0.0069611 0.0193084 0.0342181 0.0050866 0.0169181 0.2044796 0.2135527 0.0363799 0.1822513 0.0207743 0.0012496 0.0091873 0.0183956 0.0228796 0.0338608 0.1105252
 48 D  48 0.0060393 0.0068123 0.1225999 0.6596627 0.0000000 0.0020598 0.0828062 0.0193694 0.0261996 0.0156873 0.0000000 0.0030157 0.0017496 0.0000000 0.0091717 0.0236966 0.0000000 0.0011850 0.0055440 0.0144009
 49 L  49 0.1180591 0.0218925 0.0080198 0.0000000 0.0000000 0.0159447 0.0038071 0.0035265 0.0089094 0.0255937 0.2533362 0.0094614 0.0263805 0.0562557 0.0466945 0.0311180 0.2303632 0.0000000 0.0901815 0.0504562
 50 N  50 0.1540281 0.0192254 0.1098420 0.1775249 0.0000000 0.0620932 0.0896851 0.1287467 0.0321603 0.0000000 0.0061887 0.0621188 0.0017175 0.0020994 0.0099759 0.0638192 0.0569587 0.0000000 0.0099083 0.0139078
 51 S  51 0.0144367 0.0093771 0.0746526 0.0921127 0.0000000 0.0019873 0.0106969 0.0242623 0.0000000 0.0000000 0.0048606 0.0113314 0.0000000 0.0000000 0.0013872 0.3117260 0.4416520 0.0000000 0.0015172 0.0000000
 52 G  52 0.0020036 0.0000000 0.1055186 0.0478406 0.0000000 0.0074087 0.0111367 0.7682923 0.0058512 0.0000000 0.0053986 0.0143460 0.0010447 0.0016213 0.0088534 0.0108742 0.0078735 0.0000000 0.0000000 0.0019366
 53 K  53 0.1290417 0.1593829 0.0260937 0.0201668 0.0000000 0.1598000 0.1265141 0.0193533 0.0129425 0.0029460 0.0066531 0.2004791 0.0045327 0.0016350 0.0017793 0.0435727 0.0577262 0.0180649 0.0031602 0.0061557
 54 I  54 0.0086132 0.0592629 0.0051357 0.0356306 0.0000000 0.0545646 0.0768523 0.0057558 0.0036764 0.1568588 0.0421336 0.0040662 0.0101008 0.0130713 0.0150273 0.0700705 0.1725132 0.0049305 0.0124044 0.2493318
 55 L  55 0.0344183 0.0239592 0.0127890 0.0063695 0.0111038 0.0115026 0.0129031 0.0142841 0.0225756 0.1989873 0.3773541 0.0292751 0.0125937 0.0193623 0.0099578 0.0173688 0.0493426 0.0346169 0.0493538 0.0518826
 56 E  56 0.2376629 0.0000000 0.0032773 0.0023880 0.0095577 0.0056922 0.0138919 0.0051764 0.0082233 0.0408106 0.1417045 0.0000000 0.0056906 0.1281599 0.0000000 0.0168006 0.0239717 0.0157055 0.1140897 0.2271972
 57 S  57 0.1399567 0.0132502 0.0210870 0.0702687 0.0046396 0.0394800 0.2478215 0.1321166 0.0067042 0.0076658 0.0142194 0.0164878 0.0103464 0.0111026 0.0000000 0.1781507 0.0702405 0.0008223 0.0021369 0.0135032
 58 F  58 0.0105622 0.0274581 0.0429926 0.0014589 0.0000000 0.0327447 0.0111089 0.0266111 0.1488132 0.1042129 0.0621271 0.1664018 0.0009719 0.0508784 0.0000000 0.0189875 0.0016166 0.0344999 0.1856275 0.0729268
 59 R  59 0.0253180 0.2953677 0.4861307 0.0419470 0.0000000 0.0212745 0.0198253 0.0231643 0.0405459 0.0000000 0.0084554 0.0219536 0.0000000 0.0000000 0.0000000 0.0102888 0.0000000 0.0000000 0.0034457 0.0022831
 60 P  60 0.3543217 0.0096596 0.0370368 0.0208638 0.0051182 0.0194241 0.0754531 0.2015631 0.0000000 0.0107869 0.0189836 0.0061485 0.0125176 0.0000000 0.1111366 0.1001267 0.0113742 0.0000000 0.0000000 0.0054854
 61 E  61 0.0270418 0.0282450 0.0922591 0.5515161 0.0000000 0.0216746 0.0713317 0.0190981 0.0893290 0.0000000 0.0011517 0.0216160 0.0038556 0.0032558 0.0000000 0.0247037 0.0301202 0.0000000 0.0131722 0.0016292
 62 E  62 0.0473012 0.0331313 0.0097110 0.0568548 0.0013901 0.1194513 0.4772088 0.0075620 0.0036188 0.0113313 0.0134794 0.0626081 0.0262919 0.0055501 0.0019175 0.0320973 0.0564093 0.0000000 0.0040797 0.0300062
 63 R  63 0.0310999 0.4682520 0.0086966 0.0028733 0.0011556 0.0522893 0.0261642 0.0032014 0.0358212 0.0301569 0.0376464 0.1030933 0.0094103 0.0026062 0.0801210 0.0372405 0.0232997 0.0000000 0.0082915 0.0385808
 64 F  64 0.0049605 0.0485419 0.0000000 0.0000000 0.0023900 0.0137831 0.0013826 0.0000000 0.0040526 0.0421693 0.2007827 0.0035745 0.0443443 0.5180005 0.0051393 0.0000000 0.0021278 0.0055000 0.0459729 0.0572781
 65 P  65 0.1908922 0.0150057 0.0353745 0.0255997 0.0029491 0.0040411 0.0561385 0.0102162 0.0181973 0.0082732 0.0200995 0.0027849 0.0063683 0.0050456 0.5192664 0.0250511 0.0098105 0.0000000 0.0252178 0.0196685
 66 M  66 0.1061526 0.0000000 0.0000000 0.0000000 0.0010676 0.0095794 0.0000000 0.0000000 0.0040837 0.0196057 0.0909161 0.0000000 0.2781205 0.0433735 0.3065192 0.0484299 0.0419890 0.0000000 0.0416346 0.0085281
 67 M  67 0.5965608 0.0000000 0.0156075 0.0029278 0.2060605 0.0535131 0.0022685 0.0019607 0.0039390 0.0000000 0.0197420 0.0000000 0.0698374 0.0000000 0.0000000 0.0157537 0.0053510 0.0000000 0.0026343 0.0038436
 68 S  68 0.0000000 0.0000000 0.0000000 0.0000000 0.0000000 0.0000000 0.0000000 0.0126844 0.0000000 0.0000000 0.0000000 0.0000000 0.0000000 0.0000000 0.0000000 0.9873156 0.0000000 0.0000000 0.0000000 0.0000000
 69 T  69 0.0098464 0.0000000 0.0029575 0.0032325 0.0000000 0.0000000 0.0000000 0.0000000 0.0000000 0.0626404 0.2254941 0.0000000 0.0750134 0.0012231 0.0011125 0.0149657 0.4429702 0.0000000 0.0000000 0.1605443
 70 F  70 0.0070042 0.0000000 0.0000000 0.0000000 0.0070686 0.0000000 0.0000000 0.0010471 0.0144619 0.1704523 0.0014702 0.0000000 0.0253540 0.3124677 0.0000000 0.0568259 0.3125407 0.0014330 0.0585235 0.0313509
 71 K  71 0.0077060 0.0000000 0.0000000 0.0000000 0.0000000 0.0024858 0.0000000 0.0000000 0.0000000 0.0000000 0.0000000 0.9844835 0.0000000 0.0000000 0.0000000 0.0028362 0.0024885 0.0000000 0.0000000 0.0000000
 72 V  72 0.1108678 0.0000000 0.0000000 0.0000000 0.0000000 0.0000000 0.0000000 0.0110740 0.0000000 0.1633675 0.2264390 0.0000000 0.0775821 0.0983158 0.0082242 0.0137161 0.0744716 0.0048042 0.0034567 0.2076811
 73 L  73 0.0351828 0.0000000 0.0000000 0.0000000 0.0000000 0.0000000 0.0000000 0.0000000 0.0538184 0.0250272 0.1912360 0.0009468 0.3695395 0.0511311 0.1950979 0.0153934 0.0000000 0.0066645 0.0222410 0.0337214
 74 L  74 0.1689040 0.0000000 0.0103870 0.0012456 0.0000000 0.0267653 0.0026872 0.0037785 0.0000000 0.1733142 0.1850349 0.0000000 0.0040788 0.0000000 0.0000000 0.0199167 0.3121999 0.0000000 0.0000000 0.0916879
 75 C  75 0.4034940 0.0000000 0.0092555 0.0000000 0.0721921 0.0039697 0.0066566 0.0332426 0.0000000 0.0078865 0.1523655 0.0000000 0.1197076 0.0032963 0.0000000 0.1033554 0.0079729 0.0000000 0.0000000 0.0766054
 76 G  76 0.2870486 0.0000000 0.0036352 0.0041984 0.0070138 0.0012318 0.0000000 0.0956650 0.0025673 0.0699942 0.1747519 0.0000000 0.0280009 0.0074580 0.0000000 0.0161512 0.0107242 0.0000000 0.2245736 0.0669859
 77 A  77 0.3725167 0.0108401 0.0103616 0.0013329 0.0121955 0.0108924 0.0634683 0.0175504 0.0059827 0.0587875 0.1497411 0.0149813 0.0188850 0.0117102 0.0000000 0.0115467 0.0516849 0.0009865 0.0195588 0.1569773
 78 V  78 0.1223240 0.0000000 0.0000000 0.0000000 0.0000000 0.0000000 0.0017909 0.0063423 0.0000000 0.1417363 0.1578617 0.0000000 0.0220858 0.0467999 0.0000000 0.0047631 0.0539252 0.0000000 0.0096640 0.4327067
 79 L  79 0.0304763 0.0000000 0.0031526 0.0149640 0.0143932 0.0000000 0.0144288 0.0724696 0.0032503 0.0093304 0.4953551 0.0000000 0.0758395 0.1883465 0.0000000 0.0078530 0.0091296 0.0020207 0.0545294 0.0044609
 80 S  80 0.1153448 0.1205615 0.0383959 0.1102270 0.0022417 0.1418062 0.1820545 0.0072099 0.0560431 0.0009088 0.0120841 0.1030426 0.0040953 0.0000000 0.0000000 0.0596990 0.0187431 0.0040074 0.0167691 0.0067659
 81 R  81 0.2210605 0.1623139 0.0047490 0.0668128 0.0000000 0.1614942 0.1493167 0.0187808 0.0049749 0.0000000 0.0389963 0.1012099 0.0232974 0.0016252 0.0000000 0.0122403 0.0042548 0.0040608 0.0248125 0.0000000
 82 V  82 0.0910333 0.0032537 0.0137753 0.0054530 0.0101093 0.0053316 0.0075779 0.0040224 0.0130125 0.1963067 0.1858104 0.0043338 0.0389662 0.0152257 0.0018979 0.0734122 0.0107069 0.0010826 0.0114996 0.3071890
 83 D  83 0.0621938 0.0308515 0.0292366 0.3551335 0.0000000 0.0694146 0.1550992 0.0233890 0.0231804 0.0006791 0.0089003 0.1344152 0.0093987 0.0000000 0.0202439 0.0425265 0.0202485 0.0000000 0.0065508 0.0085385
 84 A  84 0.1663160 0.1099138 0.0675885 0.0397698 0.0014851 0.1337836 0.1030155 0.0118972 0.0171976 0.0095458 0.0274475 0.1366288 0.0034523 0.0008046 0.0030994 0.0889932 0.0502146 0.0041188 0.0111762 0.0135515
 85 G  85 0.0144352 0.0207539 0.0477320 0.0635121 0.0000000 0.0284723 0.0427758 0.6628974 0.0194119 0.0000000 0.0000000 0.0588190 0.0008855 0.0000000 0.0011094 0.0296604 0.0095351 0.0000000 0.0000000 0.0000000
 86 Q  86 0.0350058 0.1451582 0.0824066 0.0335532 0.0017361 0.0552694 0.1013974 0.0527941 0.0344017 0.0218040 0.0176326 0.2908480 0.0040999 0.0021751 0.0400452 0.0198954 0.0472824 0.0000000 0.0059621 0.0085329
 87 E  87 0.0393690 0.0098637 0.0155046 0.0142064 0.0000000 0.0091498 0.1067831 0.0546046 0.0080878 0.2609214 0.3197969 0.0027240 0.0095049 0.0389131 0.0000000 0.0147388 0.0163842 0.0086497 0.0040528 0.0667452
 88 Q  88 0.0494505 0.0928036 0.0702146 0.0928333 0.0000000 0.0507785 0.0129469 0.0230934 0.0300458 0.0039827 0.0718505 0.1303398 0.0035558 0.0177577 0.0173523 0.2415559 0.0692589 0.0019215 0.0092600 0.0109985
 89 L  89 0.0086883 0.0099479 0.0142543 0.0022844 0.0000000 0.0020691 0.0181964 0.0058007 0.0000000 0.0112241 0.7081668 0.0143366 0.0481423 0.0206621 0.0630823 0.0026796 0.0029162 0.0398080 0.0221664 0.0055744
 90 G  90 0.0391226 0.0051825 0.1371407 0.4050426 0.0000000 0.0440755 0.0964785 0.0240752 0.0124176 0.0014488 0.0000000 0.0252401 0.0057297 0.0036040 0.0076832 0.0939278 0.0962334 0.0013023 0.0012956 0.0000000
 91 R  91 0.0290162 0.1186248 0.0031691 0.3223841 0.0000000 0.1854554 0.1480505 0.0065958 0.0096679 0.0000000 0.0013048 0.0660020 0.0077257 0.0014923 0.0000000 0.0321042 0.0659649 0.0000000 0.0009486 0.0014939
 92 R  92 0.0167580 0.1939084 0.0155091 0.0103576 0.0000000 0.0421547 0.0583298 0.0059487 0.0115259 0.0470822 0.0571074 0.1574260 0.0848933 0.0024486 0.0638281 0.0472171 0.1026079 0.0034425 0.0026980 0.0767566
 93 I  93 0.0176808 0.0072709 0.0000000 0.0000000 0.0000000 0.0000000 0.0000000 0.0000000 0.0000000 0.2783966 0.1678394 0.0000000 0.0149492 0.0248694 0.0014502 0.0011497 0.0115665 0.0042306 0.0213098 0.4492870
 94 H  94 0.0350958 0.1072492 0.0132042 0.0068363 0.0016911 0.0130078 0.0463055 0.0033424 0.0624615 0.0382337 0.0463963 0.0583685 0.0186053 0.0216238 0.1074407 0.0327615 0.3047944 0.0012159 0.0157592 0.0656070
 95 Y  95 0.0224550 0.0000000 0.0000000 0.0016880 0.0019712 0.0000000 0.0013613 0.0000000 0.0000000 0.2715602 0.1022374 0.0000000 0.0418599 0.0493806 0.0010330 0.0014930 0.0358878 0.0087355 0.2017609 0.2585762
 96 S  96 0.0289948 0.0937609 0.0330324 0.0416539 0.0000000 0.0119197 0.0436035 0.0799961 0.0157132 0.0000000 0.0070828 0.1059519 0.0050053 0.0000000 0.0348675 0.3454422 0.1492555 0.0000000 0.0016909 0.0020293
 97 Q  97 0.0878339 0.0985734 0.0268431 0.0526213 0.0000000 0.0853842 0.2596513 0.0119806 0.0033944 0.0074658 0.0068133 0.2065268 0.0015919 0.0000000 0.0780603 0.0355080 0.0208315 0.0015954 0.0000000 0.0153248
 98 N  98 0.1341320 0.0777018 0.1135694 0.1377963 0.0000000 0.0301331 0.1315671 0.0171998 0.0318895 0.0034717 0.0023288 0.1056296 0.0018088 0.0052561 0.0000000 0.1476294 0.0130668 0.0000000 0.0368137 0.0100062
 99 D  99 0.3362374 0.0109767 0.0147354 0.4073707 0.0009452 0.0229349 0.0529453 0.0078624 0.0138969 0.0088828 0.0214839 0.0111379 0.0274610 0.0086692 0.0014301 0.0225775 0.0017026 0.0000000 0.0045567 0.0241934
100 L 100 0.0757546 0.0337908 0.0014423 0.0028127 0.0031376 0.0063926 0.0038961 0.0053018 0.0111818 0.1111887 0.2954588 0.0596603 0.0312768 0.0169961 0.0059730 0.0113483 0.0052357 0.2306775 0.0191728 0.0693016
101 V 101 0.1123142 0.0840412 0.0099908 0.0415159 0.0033718 0.0213036 0.0261620 0.0301942 0.0075433 0.0316973 0.0944503 0.0679694 0.0064878 0.0008043 0.0023107 0.1021584 0.0314754 0.0000000 0.0255147 0.3006948
102 E 102 0.0698061 0.0113336 0.0393790 0.0609715 0.0000000 0.0171374 0.0503626 0.1156916 0.0000000 0.0072291 0.0104081 0.0147760 0.1087711 0.0167939 0.1454027 0.0852048 0.2084359 0.0035803 0.0076128 0.0271036
103 Y 103 0.0079768 0.0000000 0.0355545 0.0600779 0.0000000 0.0081693 0.0406769 0.3830502 0.0665535 0.0045051 0.0016969 0.0031321 0.0014357 0.0122824 0.0219803 0.0197901 0.0052760 0.0832943 0.2369069 0.0076413
104 S 104 0.1219186 0.0000000 0.0556659 0.0132490 0.0062477 0.0100932 0.0067535 0.2289478 0.0019973 0.0008922 0.0000000 0.0019187 0.0010477 0.0071956 0.0035346 0.5079738 0.0307522 0.0000000 0.0000000 0.0018123
105 P 105 0.0099160 0.0019402 0.0018164 0.0088157 0.0000000 0.0018390 0.0011174 0.1730571 0.0000000 0.0140947 0.0000000 0.0036554 0.0000000 0.0000000 0.4719318 0.2946357 0.0093558 0.0000000 0.0012765 0.0065484
106 V 106 0.0233996 0.0833718 0.0084966 0.0127298 0.0054834 0.0683626 0.0164135 0.0097312 0.0000000 0.1871666 0.1057537 0.1037985 0.0257520 0.0144255 0.0000000 0.0240805 0.0246883 0.0061902 0.0036253 0.2765310
107 T 107 0.0643105 0.0665130 0.0031174 0.0000000 0.0043617 0.0118599 0.0000000 0.0058526 0.0000000 0.0771309 0.1275315 0.0030396 0.2801934 0.0082578 0.0012736 0.0402899 0.2730755 0.0000000 0.0024924 0.0307003
108 E 108 0.0188743 0.0255461 0.0060455 0.0590279 0.0019435 0.0987919 0.2325083 0.0412410 0.0047931 0.0000000 0.0133031 0.0847387 0.0056863 0.2663665 0.0072052 0.0358701 0.0168506 0.0259778 0.0527603 0.0024700
109 K 109 0.0318813 0.0561578 0.0178800 0.0396269 0.0000000 0.0606045 0.0344622 0.0126981 0.0030596 0.1217198 0.2329667 0.2278971 0.0170939 0.0169743 0.0233401 0.0265647 0.0230246 0.0000000 0.0077424 0.0463059
110 H 110 0.0250423 0.0922423 0.0584858 0.0358361 0.0000000 0.0276660 0.1745332 0.0080077 0.2160811 0.0024535 0.0218165 0.0870879 0.0190567 0.0396544 0.0392140 0.0221908 0.0122150 0.0070693 0.1065549 0.0047924
111 L 111 0.0935118 0.0107375 0.0034637 0.0288029 0.0000000 0.0106312 0.0392380 0.0099394 0.0000000 0.0352199 0.1157477 0.0311746 0.0057453 0.0079205 0.2610690 0.0243949 0.0160327 0.0014379 0.0009769 0.3039561
112 T 112 0.0679254 0.0189233 0.0889788 0.0927480 0.0000000 0.0173433 0.0343889 0.5978635 0.0083618 0.0035266 0.0000000 0.0246055 0.0000000 0.0000000 0.0046850 0.0123610 0.0190424 0.0017007 0.0008551 0.0066907
113 D 113 0.0523939 0.0320740 0.0161202 0.1133218 0.0000000 0.0485751 0.1325910 0.1065458 0.0165341 0.0219231 0.0129346 0.1274477 0.0124966 0.0010226 0.0109226 0.0727758 0.2064305 0.0000000 0.0033991 0.0124917
114 G 114 0.0240603 0.0732934 0.0319267 0.0270952 0.0032141 0.1151722 0.1308329 0.2285251 0.0102565 0.0050545 0.0045879 0.0947313 0.0033268 0.0010035 0.0366563 0.0659907 0.1065526 0.0015696 0.0153250 0.0208254
115 M 115 0.0207264 0.0138906 0.0000000 0.0000000 0.0000000 0.0063841 0.0035328 0.0000000 0.0000000 0.1035040 0.1318322 0.0074848 0.3249965 0.0672886 0.0120720 0.0065479 0.0070173 0.0013279 0.0565461 0.2368487
116 T 116 0.0082120 0.0286861 0.0092409 0.0050529 0.0000000 0.0047138 0.0038881 0.0036943 0.0000000 0.0033961 0.0049321 0.0339923 0.0011584 0.0000000 0.1016762 0.2954114 0.4937662 0.0000000 0.0000000 0.0021792
117 V 117 0.0487268 0.0018809 0.0020121 0.0000000 0.0000000 0.0000000 0.0000000 0.0061013 0.0000000 0.1251162 0.3036638 0.0000000 0.0189879 0.0169098 0.0020395 0.0010304 0.0064178 0.0052014 0.0152726 0.4466396
118 R 118 0.1580201 0.1614152 0.0146233 0.0774398 0.0000000 0.0452535 0.1555326 0.0887555 0.0118435 0.0168574 0.0478820 0.0860890 0.0129318 0.0017678 0.0011974 0.0905532 0.0078750 0.0051438 0.0108015 0.0060177
119 E 119 0.0381598 0.0090367 0.0296265 0.3261840 0.0000000 0.0811975 0.4354909 0.0036787 0.0069864 0.0019753 0.0030788 0.0148113 0.0028144 0.0000000 0.0000000 0.0135735 0.0205485 0.0000000 0.0067573 0.0060806
120 L 120 0.0629426 0.0000000 0.0000000 0.0000000 0.0000000 0.0000000 0.0000000 0.0000000 0.0054572 0.0472773 0.7467285 0.0000000 0.0596314 0.0000000 0.0000000 0.0000000 0.0185348 0.0000000 0.0021230 0.0573050
121 C 121 0.1266660 0.0000000 0.0443192 0.0000000 0.2448669 0.0009300 0.0029029 0.0010711 0.0016699 0.1154545 0.2963793 0.0000000 0.0510760 0.0037180 0.0000000 0.0447465 0.0073100 0.0000000 0.0158345 0.0430551
122 S 122 0.0939853 0.1864273 0.0178788 0.0720345 0.0016763 0.0580866 0.1429680 0.0086345 0.0383209 0.0172550 0.0126196 0.1652781 0.0194200 0.0055600 0.0000000 0.0245315 0.0876807 0.0032775 0.0312866 0.0130788
123 A 123 0.3599121 0.0128440 0.0038182 0.0050070 0.0103792 0.0096025 0.0126972 0.2827211 0.0044056 0.0023440 0.1339193 0.0283427 0.0048921 0.0035108 0.0017023 0.0143947 0.0032367 0.0142686 0.0773208 0.0146811
124 A 124 0.2176450 0.0000000 0.0000000 0.0013161 0.0000000 0.0000000 0.0000000 0.0020417 0.0000000 0.1526012 0.0554202 0.0000000 0.2888611 0.0000000 0.0000000 0.0641406 0.1522219 0.0000000 0.0000000 0.0657522
125 I 125 0.0746499 0.0000000 0.0077666 0.0018429 0.0040619 0.0085537 0.0058540 0.0029371 0.0000000 0.4628865 0.1335078 0.0000000 0.1119114 0.0000000 0.0000000 0.0096580 0.0070169 0.0000000 0.0000000 0.1693532
126 T 126 0.0428852 0.0757084 0.0009890 0.0053530 0.0015743 0.0930253 0.0360558 0.0096847 0.0022939 0.2635031 0.0471443 0.0072297 0.0121480 0.0000000 0.0000000 0.0586247 0.1742839 0.0000000 0.0000000 0.1694969
127 M 127 0.0503272 0.0397213 0.0126395 0.0358847 0.0000000 0.2290501 0.0439498 0.0218139 0.0245653 0.0591654 0.0717139 0.0185535 0.0381759 0.0258414 0.0028727 0.0242419 0.0368665 0.0074245 0.1502534 0.1069389
128 S 128 0.0000000 0.0000000 0.0024237 0.0028541 0.0000000 0.0000000 0.0000000 0.0097629 0.0000000 0.0000000 0.0024348 0.0000000 0.0000000 0.0000000 0.0000000 0.9825245 0.0000000 0.0000000 0.0000000 0.0000000
129 D 129 0.0617371 0.0000000 0.0035528 0.6457888 0.0057116 0.0000000 0.0000000 0.2637676 0.0019511 0.0000000 0.0000000 0.0000000 0.0000000 0.0000000 0.0000000 0.0174911 0.0000000 0.0000000 0.0000000 0.0000000
130 N 130 0.0000000 0.0000000 0.9639492 0.0000000 0.0000000 0.0000000 0.0000000 0.0179875 0.0000000 0.0000000 0.0000000 0.0077283 0.0000000 0.0000000 0.0000000 0.0103351 0.0000000 0.0000000 0.0000000 0.0000000
131 T 131 0.0364055 0.0000000 0.0706027 0.3269501 0.0073038 0.0049579 0.0077836 0.0226999 0.0018365 0.0194913 0.0193024 0.0000000 0.0015809 0.0046986 0.0117956 0.0319665 0.3957789 0.0000000 0.0063325 0.0305134
132 A 132 0.9082863 0.0000000 0.0000000 0.0000000 0.0218006 0.0000000 0.0000000 0.0360608 0.0000000 0.0000000 0.0018481 0.0000000 0.0026101 0.0012270 0.0000000 0.0110251 0.0144738 0.0000000 0.0000000 0.0026681
133 A 133 0.3055743 0.0023822 0.0189917 0.0009618 0.1746011 0.0040978 0.0000000 0.0629363 0.0036767 0.0019977 0.0035812 0.0000000 0.0190803 0.0000000 0.0000000 0.1770020 0.2115677 0.0000000 0.0020636 0.0114855
134 N 134 0.0033917 0.0027581 0.5180338 0.1261478 0.0000000 0.0000000 0.0054952 0.0000000 0.0014088 0.0580779 0.0153425 0.0067982 0.0083962 0.0000000 0.0000000 0.0000000 0.0124121 0.0000000 0.0000000 0.2417375
135 L 135 0.3149607 0.0026932 0.0000000 0.0000000 0.0000000 0.0048858 0.0033694 0.0054403 0.0000000 0.1439150 0.2854972 0.0342891 0.0775760 0.0114704 0.0000000 0.0062244 0.0134016 0.0215082 0.0024753 0.0722933
136 L 136 0.0119672 0.0000000 0.0040638 0.0000000 0.0187618 0.0010126 0.0000000 0.0000000 0.0000000 0.1189300 0.6317092 0.0000000 0.1204086 0.0045067 0.0000000 0.0018127 0.0019648 0.0000000 0.0000000 0.0848626
137 L 137 0.3192884 0.0000000 0.0000000 0.0000000 0.0000000 0.0176177 0.0023822 0.0045653 0.0000000 0.1974286 0.3067128 0.0000000 0.0473106 0.0768954 0.0000000 0.0047645 0.0015079 0.0000000 0.0014173 0.0201093
138 T 138 0.0657658 0.1359139 0.0325698 0.1614951 0.0000000 0.0285621 0.3852495 0.0201059 0.0128950 0.0000000 0.0008993 0.0857522 0.0000000 0.0029212 0.0104521 0.0249011 0.0278327 0.0018463 0.0000000 0.0028379
139 T 139 0.0730662 0.1170057 0.0051688 0.0191763 0.0029758 0.0516512 0.0737049 0.0248933 0.1849955 0.0139111 0.1498806 0.0476866 0.0079337 0.0223237 0.0010161 0.0378479 0.0370941 0.0000000 0.1044202 0.0252483
140 I 140 0.0445566 0.0000000 0.0000000 0.0000000 0.0025007 0.0079119 0.0000000 0.0029262 0.0016806 0.3053952 0.3428850 0.0000000 0.0164142 0.0258438 0.0000000 0.0063878 0.0108358 0.0000000 0.0033835 0.2292786
141 G 141 0.2292624 0.0000000 0.0013107 0.0132032 0.0042032 0.0016624 0.0053367 0.6702927 0.0000000 0.0000000 0.0031229 0.0000000 0.0000000 0.0000000 0.0000000 0.0444634 0.0126615 0.0027309 0.0038417 0.0079083
142 G 142 0.0019576 0.0120536 0.0066400 0.0164008 0.0000000 0.0025175 0.0019526 0.9317701 0.0000000 0.0009951 0.0016502 0.0025406 0.0000000 0.0124208 0.0000000 0.0047004 0.0000000 0.0022242 0.0000000 0.0021764
143 P 143 0.0338282 0.0024847 0.0029405 0.0124531 0.0000000 0.0067759 0.0031321 0.0198759 0.0016389 0.0561752 0.0315089 0.0231836 0.0392553 0.0021131 0.3802919 0.1975012 0.0930131 0.0000000 0.0063871 0.0874413
144 K 144 0.1517528 0.0192322 0.0228869 0.0908833 0.0000000 0.1113589 0.3651889 0.0309092 0.0055564 0.0032294 0.0048735 0.0831668 0.0020670 0.0000000 0.0289025 0.0420161 0.0309261 0.0000000 0.0040577 0.0029923
145 E 145 0.2766723 0.0268624 0.0541096 0.0344037 0.0024749 0.0583284 0.1154535 0.1424943 0.0088070 0.0041613 0.0125728 0.0544220 0.0390261 0.0093778 0.0055378 0.0694775 0.0313431 0.0000000 0.0081526 0.0463229
146 L 146 0.0079561 0.0024349 0.0057676 0.0000000 0.0000000 0.0020941 0.0017955 0.0049484 0.0014968 0.1082118 0.1861697 0.0000000 0.3046177 0.0512347 0.0000000 0.0021354 0.0219931 0.0024639 0.0073541 0.2893262
147 T 147 0.0103248 0.0190612 0.4990345 0.0371739 0.0000000 0.0326188 0.0366543 0.0048274 0.0095512 0.0049271 0.0028424 0.0264082 0.0024015 0.0169054 0.0000000 0.0017848 0.2902377 0.0000000 0.0015135 0.0037334
148 A 148 0.2899102 0.0864355 0.0328851 0.0582192 0.0000000 0.1597468 0.1058952 0.0222992 0.0154074 0.0012648 0.0078576 0.1096467 0.0012142 0.0021024 0.0050666 0.0671030 0.0301100 0.0000000 0.0000000 0.0048361
149 F 149 0.0303282 0.0947207 0.0041054 0.0024193 0.0067597 0.0397865 0.0467393 0.0009276 0.0240596 0.0072844 0.0367352 0.0873740 0.0132284 0.2643466 0.0000000 0.0155172 0.0454296 0.0785104 0.1870814 0.0146467
150 L 150 0.3900646 0.0000000 0.0000000 0.0000000 0.0164227 0.0000000 0.0000000 0.0134732 0.0000000 0.0957491 0.2218820 0.0000000 0.1037944 0.0559614 0.0000000 0.0059778 0.0051130 0.0178650 0.0048085 0.0688884
151 H 151 0.0852171 0.3936776 0.0184998 0.0328086 0.0024564 0.1065344 0.0581239 0.0085126 0.0425532 0.0095937 0.0203702 0.1819308 0.0024246 0.0028322 0.0014486 0.0179394 0.0096602 0.0000000 0.0000000 0.0054171
152 N 152 0.0890982 0.0948976 0.0277077 0.0438273 0.0000000 0.0987895 0.1752220 0.0495733 0.0081568 0.0014162 0.0210586 0.0942502 0.0083281 0.0013033 0.0000000 0.2285843 0.0538879 0.0009597 0.0000000 0.0029393
153 M 153 0.0127942 0.0052660 0.0225094 0.0000000 0.0010852 0.0152163 0.0016080 0.0000000 0.0100112 0.1661705 0.5695551 0.0105625 0.0508498 0.0238339 0.0000000 0.0171639 0.0164283 0.0476783 0.0079501 0.0213172
154 G 154 0.0086193 0.0031397 0.0191186 0.0124097 0.0000000 0.0020789 0.0062806 0.9170680 0.0078649 0.0080190 0.0000000 0.0077538 0.0036040 0.0000000 0.0000000 0.0022897 0.0017539 0.0000000 0.0000000 0.0000000
155 D 155 0.0382221 0.0017604 0.0019934 0.3435779 0.0197380 0.0025530 0.0019150 0.0047086 0.0000000 0.0772689 0.2336429 0.0000000 0.1957635 0.0279060 0.0095371 0.0000000 0.0024616 0.0000000 0.0126352 0.0263164
156 H 156 0.0444513 0.0681792 0.0725932 0.0621157 0.0017263 0.0535065 0.0820788 0.0240171 0.0370643 0.0030362 0.0066212 0.2322302 0.0037724 0.0025001 0.0293869 0.0720939 0.1807568 0.0013952 0.0116878 0.0107869
157 V 157 0.0471811 0.0189937 0.2417280 0.1569009 0.0000000 0.0358523 0.0357639 0.0632471 0.0364402 0.0185713 0.0092737 0.0185044 0.0041078 0.0010140 0.0000000 0.0508951 0.1027143 0.0035687 0.0037536 0.1514898
158 T 158 0.0072629 0.0000000 0.0000000 0.0000000 0.0074191 0.0079693 0.0000000 0.0000000 0.0000000 0.0558631 0.0174005 0.0015865 0.0141085 0.1042987 0.0000000 0.1302597 0.6220548 0.0017179 0.0064864 0.0235724
159 R 159 0.0372297 0.3558534 0.0722300 0.0124759 0.0031533 0.0718219 0.0174682 0.0025485 0.1891696 0.0121128 0.0114839 0.0491761 0.0082646 0.0066914 0.0000000 0.0418157 0.0355499 0.0016256 0.0135044 0.0578250
160 L 160 0.0145887 0.0000000 0.0021917 0.0000000 0.0008615 0.0000000 0.0000000 0.0000000 0.0000000 0.1117135 0.3644065 0.0000000 0.0244366 0.3033070 0.0278708 0.0245168 0.0026102 0.0009102 0.0344877 0.0880988
161 D 161 0.0786540 0.0687209 0.0610674 0.3249835 0.0016748 0.0662334 0.0783413 0.0350066 0.0137898 0.0075979 0.0140402 0.0532414 0.0083028 0.0000000 0.0000000 0.0306765 0.0530293 0.0000000 0.0031494 0.1014908
162 R 162 0.0429470 0.5513683 0.1224003 0.0223760 0.0019616 0.0053803 0.0126289 0.0127113 0.0409553 0.0000000 0.0080446 0.0055982 0.0073798 0.0039884 0.0086880 0.0442630 0.0691424 0.0122578 0.0218030 0.0061058
163 W 163 0.0078280 0.0561499 0.0703091 0.0222788 0.0036103 0.0066154 0.0066949 0.0286628 0.0111415 0.0581909 0.0391242 0.1018987 0.0210747 0.0412584 0.0715816 0.0318091 0.1595364 0.1228814 0.0692938 0.0700599
164 E 164 0.0000000 0.0000000 0.0148371 0.0118468 0.0016563 0.0022070 0.6273112 0.0034749 0.0359404 0.0150054 0.0994780 0.0000000 0.0882945 0.0027258 0.0022521 0.0146160 0.0573196 0.0000000 0.0000000 0.0230349
165 P 165 0.0308473 0.0270532 0.0053295 0.0207071 0.0009798 0.0051749 0.0780270 0.0979038 0.0068300 0.0170071 0.0350349 0.0240445 0.0901936 0.0042095 0.4168461 0.0126849 0.1068156 0.0000000 0.0075946 0.0127166
166 E 166 0.0750911 0.0366929 0.0132092 0.2659188 0.0000000 0.0297118 0.2814432 0.0508344 0.0118628 0.0043278 0.0879166 0.0108043 0.0013768 0.0149601 0.0000000 0.0356841 0.0547102 0.0071300 0.0063212 0.0120048
167 L 167 0.0109035 0.0261199 0.0000000 0.0268246 0.0016474 0.0118667 0.0050750 0.0027306 0.0078149 0.0492198 0.5133840 0.0023169 0.1646604 0.0517678 0.0341521 0.0104693 0.0368886 0.0033071 0.0142451 0.0266063
168 N 168 0.0273057 0.0091514 0.6408068 0.0390361 0.0000000 0.0192608 0.0579975 0.0167254 0.0842148 0.0081440 0.0066932 0.0192812 0.0000000 0.0029068 0.0091083 0.0328474 0.0149803 0.0000000 0.0041503 0.0073900
169 E 169 0.1806799 0.0623834 0.0066719 0.0472175 0.0229939 0.0370105 0.1624162 0.0545666 0.0074413 0.0048824 0.0170324 0.0384276 0.0011384 0.0047311 0.0892556 0.1351988 0.0863330 0.0000000 0.0187455 0.0228740
170 A 170 0.2937655 0.0050183 0.0977776 0.0947362 0.0052701 0.0016528 0.0097898 0.0394755 0.0923066 0.0173100 0.0058713 0.0074348 0.0019291 0.0265962 0.0144187 0.0485250 0.1669914 0.0115777 0.0135405 0.0460128
171 I 171 0.0553913 0.0308603 0.0188594 0.0144976 0.0000000 0.0259758 0.0303622 0.3024452 0.0432096 0.0930220 0.0812942 0.0555040 0.0089238 0.0173398 0.0513630 0.0264098 0.0539175 0.0344387 0.0107850 0.0454007
172 P 172 0.0562776 0.0171149 0.0166357 0.0333737 0.0000000 0.0227086 0.0619496 0.0046234 0.0052892 0.0035598 0.2805926 0.0553565 0.0109490 0.0058866 0.3194212 0.0174454 0.0107330 0.0221846 0.0454252 0.0104733
173 N 173 0.0282779 0.0299288 0.0392175 0.1249656 0.0000000 0.0041531 0.0154128 0.3361678 0.0119587 0.0176106 0.0275533 0.0573623 0.0010148 0.0026726 0.1868238 0.0469430 0.0333685 0.0084810 0.0034890 0.0245988
174 D 174 0.1130642 0.0197244 0.0143027 0.4329004 0.0128462 0.0693777 0.0510776 0.0793880 0.0106011 0.0088208 0.0037138 0.0050691 0.0015244 0.0021449 0.0046329 0.0838774 0.0447549 0.0027057 0.0299692 0.0095046
175 E 175 0.0662899 0.0278564 0.0215950 0.0654550 0.0000000 0.0095850 0.1550101 0.0479194 0.0071927 0.0444382 0.0534584 0.0682978 0.0053377 0.0198229 0.2498765 0.0135312 0.0266468 0.0015490 0.0865893 0.0295487
176 R 176 0.0177362 0.3558963 0.0936718 0.0832698 0.0013330 0.0483812 0.0799707 0.1242282 0.0240208 0.0063537 0.0225605 0.0322720 0.0009211 0.0017125 0.0077430 0.0305993 0.0341233 0.0196477 0.0110310 0.0045279
177 D 177 0.0000000 0.0033676 0.2682201 0.3978951 0.0000000 0.0531839 0.0000000 0.0274326 0.1909697 0.0098181 0.0279355 0.0030414 0.0028607 0.0000000 0.0000000 0.0000000 0.0116019 0.0000000 0.0016212 0.0020521
178 T 178 0.0069294 0.0384300 0.0015860 0.0018818 0.0026117 0.0331235 0.0109281 0.0084165 0.0214591 0.0189032 0.0319832 0.0287663 0.0280305 0.0302543 0.0023954 0.0352139 0.3854057 0.0604958 0.2113074 0.0418782
179 T 179 0.0735890 0.0000000 0.0000000 0.0000000 0.0044910 0.0000000 0.0000000 0.0057372 0.0018765 0.0233511 0.0025688 0.0000000 0.0237279 0.0032549 0.0000000 0.2768702 0.5720488 0.0000000 0.0000000 0.0124846
180 M 180 0.0089198 0.0032268 0.0035671 0.0000000 0.0155085 0.0000000 0.0060936 0.0000000 0.0022796 0.0036656 0.0025459 0.0029699 0.0069043 0.0000000 0.0000000 0.2981183 0.6388109 0.0000000 0.0018807 0.0055091
181 P 181 0.3691406 0.0000000 0.0000000 0.0000000 0.0011712 0.0000000 0.0000000 0.0039005 0.0000000 0.0000000 0.0035414 0.0000000 0.0160285 0.0000000 0.5605458 0.0119538 0.0077359 0.0000000 0.0000000 0.0259822
182 A 182 0.1264667 0.2845502 0.0445227 0.0343311 0.0000000 0.0199764 0.0420248 0.0227960 0.0523521 0.0229740 0.0891186 0.0975125 0.0050541 0.0038155 0.0000000 0.0340908 0.0044001 0.0043451 0.0915350 0.0201342
183 A 183 0.3711256 0.0081545 0.0025866 0.4294873 0.0000000 0.0123796 0.0778209 0.0305516 0.0010453 0.0147877 0.0089108 0.0057695 0.0008146 0.0000000 0.0014786 0.0288578 0.0062296 0.0000000 0.0000000 0.0000000
184 M 184 0.0619525 0.0000000 0.0000000 0.0000000 0.0019728 0.0143902 0.0071659 0.0168082 0.0018495 0.1243350 0.2363809 0.0018374 0.4237154 0.0221658 0.0000000 0.0082032 0.0214259 0.0016024 0.0076678 0.0485272
185 A 185 0.5778292 0.0015849 0.0227205 0.0012619 0.0008340 0.0121702 0.0007991 0.0845138 0.0026234 0.0157104 0.0643774 0.0012687 0.0155228 0.0037812 0.0000000 0.0480471 0.0330156 0.0000000 0.0034821 0.1104576
186 T 186 0.0839973 0.1291191 0.0340270 0.0301383 0.0000000 0.0803505 0.0543085 0.0357025 0.0236394 0.0938645 0.1338643 0.0902019 0.0262254 0.0026065 0.0000000 0.0399241 0.0920386 0.0023451 0.0052630 0.0423839
187 T 187 0.0146563 0.0000000 0.0304479 0.0495885 0.0021971 0.0010847 0.0000000 0.0201177 0.0027019 0.0796620 0.4526868 0.0091307 0.0607705 0.0190749 0.0000000 0.0698297 0.1512497 0.0000000 0.0142819 0.0225197
188 L 188 0.1127630 0.0014223 0.0000000 0.0000000 0.0019939 0.0000000 0.0000000 0.0319767 0.0040425 0.0657515 0.4480207 0.0000000 0.0805848 0.0476423 0.0018474 0.0923092 0.0312391 0.0034726 0.0431262 0.0338077
189 R 189 0.0936300 0.3167978 0.0541428 0.0187262 0.0014506 0.1330864 0.0916622 0.0295467 0.0144784 0.0101475 0.0207389 0.1097440 0.0051625 0.0013444 0.0000000 0.0276767 0.0406590 0.0010199 0.0114472 0.0185388
