  158         A         R         N         D         C         Q         E         G         H         I         L         K         M         F         P         S         T         W         Y         V    
  1 F   1 0.0000000 0.0000000 0.0000000 0.0000000 0.0000000 0.0000000 0.0000000 0.0000000 0.0000000 0.0000000 0.0000000 0.0000000 0.0000000 0.8381450 0.0000000 0.0000000 0.0000000 0.0000000 0.1618550 0.0000000
  2 A   2 0.1376052 0.0000000 0.0000000 0.0000000 0.0000000 0.0699295 0.1532634 0.0507526 0.0000000 0.0000000 0.0000000 0.0000000 0.0000000 0.0000000 0.0000000 0.1717854 0.4166640 0.0000000 0.0000000 0.0000000
  3 C   3 0.0000000 0.0000000 0.0000000 0.0000000 1.0000000 0.0000000 0.0000000 0.0000000 0.0000000 0.0000000 0.0000000 0.0000000 0.0000000 0.0000000 0.0000000 0.0000000 0.0000000 0.0000000 0.0000000 0.0000000
  4 K   4 0.0000000 0.3947214 0.0272365 0.0000000 0.0000000 0.1250946 0.0000000 0.0000000 0.0000000 0.0661697 0.0000000 0.2161832 0.0000000 0.0000000 0.0000000 0.0412938 0.0351040 0.0000000 0.0941966 0.0000000
  5 T   5 0.0000000 0.0000000 0.2374596 0.1187797 0.0000000 0.0000000 0.0000000 0.0000000 0.0000000 0.0600074 0.0000000 0.0000000 0.0000000 0.0000000 0.0000000 0.0000000 0.3276645 0.0000000 0.0000000 0.2560888
  6 A   6 0.3141183 0.0583982 0.1848085 0.1483694 0.0000000 0.0000000 0.0000000 0.0000000 0.0000000 0.0522718 0.0000000 0.0493350 0.0000000 0.0000000 0.0000000 0.1301761 0.0625229 0.0000000 0.0000000 0.0000000
  7 N   7 0.0235004 0.0172724 0.2106474 0.0802080 0.0000000 0.0000000 0.0000000 0.3703459 0.0000000 0.0000000 0.0000000 0.0000000 0.0000000 0.0000000 0.0283075 0.0368475 0.2328709 0.0000000 0.0000000 0.0000000
  8 G   8 0.0000000 0.0000000 0.0687349 0.0471852 0.0000000 0.2405921 0.0000000 0.6434879 0.0000000 0.0000000 0.0000000 0.0000000 0.0000000 0.0000000 0.0000000 0.0000000 0.0000000 0.0000000 0.0000000 0.0000000
  9 T   9 0.0306002 0.0654540 0.1424871 0.0347243 0.0000000 0.0551485 0.0000000 0.1068290 0.0000000 0.0000000 0.0000000 0.0000000 0.0000000 0.0000000 0.0517891 0.0738846 0.3524772 0.0000000 0.0408472 0.0457588
 10 A  10 0.0492499 0.0000000 0.0000000 0.0408472 0.0000000 0.0000000 0.0255402 0.3258176 0.0000000 0.1142251 0.1143861 0.0000000 0.0000000 0.0000000 0.0000000 0.0791791 0.0760241 0.1096860 0.0000000 0.0650446
 11 I  11 0.0000000 0.0000000 0.0000000 0.0000000 0.0000000 0.3721103 0.0000000 0.0328741 0.0000000 0.3801119 0.1084959 0.0000000 0.0000000 0.0000000 0.0000000 0.0000000 0.0000000 0.0000000 0.0000000 0.1064079
 12 P  12 0.0000000 0.0000000 0.0244868 0.0442815 0.0000000 0.0000000 0.1453096 0.1143366 0.0000000 0.0645327 0.0000000 0.0236602 0.0000000 0.0503130 0.1695661 0.1391863 0.1273241 0.0000000 0.0000000 0.0970029
 13 I  13 0.0000000 0.0000000 0.0000000 0.0000000 0.0000000 0.0000000 0.0000000 0.0343099 0.0000000 0.1813158 0.0670814 0.0000000 0.0642321 0.1825972 0.0483481 0.0458795 0.0240616 0.0516138 0.0977836 0.2027769
 14 G  14 0.0000000 0.0000000 0.0960013 0.0248230 0.0000000 0.0442998 0.0000000 0.5115706 0.0534535 0.0000000 0.0000000 0.0691978 0.0000000 0.0000000 0.0000000 0.0478458 0.1528081 0.0000000 0.0000000 0.0000000
 15 G  15 0.0993601 0.0000000 0.0000000 0.0293571 0.0000000 0.0891412 0.0000000 0.4276606 0.0000000 0.0000000 0.0000000 0.0000000 0.0000000 0.0000000 0.0000000 0.2205949 0.0802713 0.0000000 0.0000000 0.0536148
 16 G  16 0.0444281 0.0000000 0.0000000 0.0000000 0.0000000 0.0000000 0.0000000 0.7281361 0.0626268 0.0000000 0.0000000 0.0760669 0.0000000 0.0000000 0.0000000 0.0887422 0.0000000 0.0000000 0.0000000 0.0000000
 17 S  17 0.0479473 0.0000000 0.0788545 0.1814699 0.0000000 0.0510697 0.0536148 0.0000000 0.0000000 0.0000000 0.0000000 0.0000000 0.0000000 0.0000000 0.0000000 0.2064941 0.3579985 0.0000000 0.0000000 0.0225512
 18 A  18 0.4210503 0.0000000 0.0000000 0.0000000 0.0000000 0.0955894 0.0000000 0.0000000 0.0000000 0.0606130 0.1015736 0.0000000 0.0000000 0.0000000 0.0000000 0.1256705 0.1091115 0.0000000 0.0863917 0.0000000
 19 N  19 0.0000000 0.0402490 0.4461605 0.1449484 0.0000000 0.0000000 0.0000000 0.0000000 0.0321561 0.0000000 0.0000000 0.0000000 0.0000000 0.0000000 0.1142278 0.2222582 0.0000000 0.0000000 0.0000000 0.0000000
 20 V  20 0.0405755 0.0000000 0.0000000 0.0000000 0.0000000 0.0000000 0.0000000 0.0000000 0.0000000 0.1740111 0.1015736 0.0000000 0.0000000 0.1225689 0.0000000 0.0000000 0.0000000 0.0000000 0.0000000 0.5612709
 21 Y  21 0.0000000 0.1569901 0.0886227 0.0606130 0.0000000 0.1015736 0.0000000 0.0000000 0.0000000 0.0000000 0.0000000 0.0000000 0.0000000 0.0000000 0.0000000 0.0000000 0.1139400 0.0000000 0.4782606 0.0000000
 22 V  22 0.0000000 0.0000000 0.0000000 0.0521187 0.0000000 0.0000000 0.0000000 0.0000000 0.0000000 0.0402490 0.0000000 0.0000000 0.0000000 0.0000000 0.0000000 0.0000000 0.0000000 0.0000000 0.0000000 0.9076323
 23 N  23 0.0000000 0.0453131 0.4279191 0.0807217 0.0000000 0.0378261 0.0000000 0.0000000 0.0000000 0.0434707 0.0000000 0.0000000 0.0000000 0.0000000 0.1644439 0.0510697 0.0886227 0.0000000 0.0000000 0.0606130
 24 L  24 0.0000000 0.0000000 0.0000000 0.0521187 0.0000000 0.0000000 0.0000000 0.0000000 0.0000000 0.1081834 0.6509015 0.0000000 0.0000000 0.0000000 0.0000000 0.0000000 0.0000000 0.0000000 0.0000000 0.1887965
 25 A  25 0.0868837 0.0000000 0.0000000 0.0249493 0.0000000 0.0862863 0.0378261 0.0453131 0.0000000 0.0521187 0.0000000 0.0434707 0.0000000 0.0000000 0.0485657 0.2509552 0.2527218 0.0000000 0.0000000 0.0709095
 26 P  26 0.0378261 0.0628703 0.0000000 0.0000000 0.0000000 0.0000000 0.0000000 0.0000000 0.0000000 0.0000000 0.0000000 0.0606130 0.0000000 0.0521187 0.6364327 0.0000000 0.0485657 0.0000000 0.0000000 0.1015736
 27 V  27 0.1129402 0.0293571 0.0000000 0.1089867 0.0000000 0.1739936 0.0378261 0.0000000 0.0000000 0.0000000 0.0000000 0.0945404 0.0000000 0.0000000 0.0000000 0.1899772 0.1567341 0.0000000 0.0000000 0.0956446
 28 V  28 0.0000000 0.0000000 0.0000000 0.0000000 0.0000000 0.0000000 0.0000000 0.0000000 0.0000000 0.1171624 0.2590319 0.0606130 0.0000000 0.0000000 0.0000000 0.0000000 0.0000000 0.0000000 0.0000000 0.5631928
 29 N  29 0.0233411 0.0000000 0.2150871 0.0000000 0.0000000 0.2021074 0.0293571 0.2054308 0.0000000 0.0000000 0.0000000 0.0000000 0.0000000 0.0000000 0.0521187 0.1075070 0.1164851 0.0000000 0.0000000 0.0485657
 30 V  30 0.2294991 0.0000000 0.0554816 0.0000000 0.0000000 0.0000000 0.0000000 0.0516993 0.0000000 0.0251773 0.0000000 0.0000000 0.0000000 0.0436757 0.1363528 0.0000000 0.0726149 0.0000000 0.1324387 0.2530605
 31 G  31 0.0000000 0.0554816 0.0312513 0.2440287 0.0000000 0.0000000 0.0000000 0.5746067 0.0543649 0.0000000 0.0000000 0.0000000 0.0000000 0.0000000 0.0000000 0.0000000 0.0000000 0.0000000 0.0402668 0.0000000
 32 Q  32 0.0000000 0.1985129 0.0000000 0.0434707 0.0000000 0.4069334 0.1745530 0.0000000 0.0000000 0.0521187 0.0000000 0.1244112 0.0000000 0.0000000 0.0000000 0.0000000 0.0000000 0.0000000 0.0000000 0.0000000
 33 N  33 0.0837197 0.0000000 0.6038085 0.0000000 0.0000000 0.1114360 0.0000000 0.0000000 0.0000000 0.0000000 0.0000000 0.0000000 0.0000000 0.0000000 0.0000000 0.0388492 0.1015736 0.0000000 0.0000000 0.0606130
 34 L  34 0.0000000 0.1015736 0.0000000 0.0000000 0.0000000 0.0000000 0.0974317 0.0000000 0.0000000 0.1736386 0.4675464 0.0483737 0.0000000 0.0000000 0.0000000 0.0000000 0.0485657 0.0000000 0.0000000 0.0628703
 35 V  35 0.0000000 0.0000000 0.0000000 0.0000000 0.0000000 0.0000000 0.0000000 0.0000000 0.0000000 0.3666110 0.0321561 0.0000000 0.0000000 0.1006843 0.0000000 0.0000000 0.0000000 0.0000000 0.0000000 0.5005486
 36 V  36 0.0521187 0.0000000 0.0000000 0.0000000 0.0000000 0.0000000 0.0000000 0.0000000 0.0000000 0.1050677 0.0790982 0.0000000 0.1015736 0.0844992 0.0000000 0.0000000 0.0000000 0.0000000 0.0606130 0.5170297
 37 D  37 0.0000000 0.0000000 0.0938787 0.8045477 0.0000000 0.0000000 0.0000000 0.0000000 0.0000000 0.0000000 0.1015736 0.0000000 0.0000000 0.0000000 0.0000000 0.0000000 0.0000000 0.0000000 0.0000000 0.0000000
 38 L  38 0.0000000 0.0000000 0.0000000 0.0000000 0.0000000 0.0000000 0.1015736 0.0000000 0.0000000 0.1114360 0.6384890 0.0000000 0.0000000 0.0510697 0.0000000 0.0000000 0.0000000 0.0000000 0.0000000 0.0974317
 39 S  39 0.0236513 0.0483737 0.0402490 0.0000000 0.0000000 0.0000000 0.0485657 0.1644439 0.0000000 0.0000000 0.0000000 0.0606130 0.0000000 0.0000000 0.0000000 0.6141035 0.0000000 0.0000000 0.0000000 0.0000000
 40 T  40 0.0536148 0.0574844 0.0693014 0.0955894 0.0000000 0.2906556 0.0000000 0.0000000 0.0000000 0.0000000 0.0000000 0.0218419 0.0000000 0.0000000 0.0000000 0.1544658 0.2090879 0.0000000 0.0000000 0.0479588
 41 Q  41 0.0000000 0.1063946 0.0634899 0.0000000 0.0000000 0.2369423 0.0534937 0.0000000 0.0657549 0.0000000 0.0828525 0.0000000 0.0000000 0.1001265 0.0000000 0.1742204 0.0000000 0.0000000 0.0658544 0.0508708
 42 I  42 0.0000000 0.0000000 0.0000000 0.0000000 0.0000000 0.0000000 0.0000000 0.0000000 0.0000000 0.4494942 0.1879653 0.0000000 0.0521187 0.0000000 0.0000000 0.0000000 0.0606130 0.0000000 0.0628703 0.1869385
 43 F  43 0.0236513 0.0434707 0.0606130 0.1046845 0.0000000 0.0485657 0.1108291 0.0000000 0.0000000 0.0225531 0.0696061 0.0378261 0.0000000 0.2111100 0.0000000 0.1510684 0.0974317 0.0000000 0.0000000 0.0185903
 44 C  44 0.0000000 0.0000000 0.0000000 0.0000000 1.0000000 0.0000000 0.0000000 0.0000000 0.0000000 0.0000000 0.0000000 0.0000000 0.0000000 0.0000000 0.0000000 0.0000000 0.0000000 0.0000000 0.0000000 0.0000000
 45 H  45 0.0000000 0.2627358 0.0000000 0.0000000 0.0000000 0.0790982 0.0000000 0.0000000 0.1248237 0.0000000 0.0000000 0.3785305 0.0920364 0.0000000 0.0000000 0.0000000 0.0000000 0.0627754 0.0000000 0.0000000
 46 N  46 0.0000000 0.0000000 0.7867437 0.0510697 0.0000000 0.0000000 0.0000000 0.1085718 0.0000000 0.0000000 0.0000000 0.0000000 0.0000000 0.0000000 0.0000000 0.0000000 0.0536148 0.0000000 0.0000000 0.0000000
 47 D  47 0.0000000 0.0000000 0.0000000 0.7650109 0.0000000 0.0536148 0.0955894 0.0479588 0.0000000 0.0000000 0.0000000 0.0000000 0.0000000 0.0000000 0.0000000 0.0378261 0.0000000 0.0000000 0.0000000 0.0000000
 48 Y  48 0.1223339 0.0000000 0.0685229 0.1134776 0.0000000 0.0000000 0.0000000 0.0000000 0.0000000 0.0232512 0.0543649 0.0000000 0.0000000 0.0199313 0.0000000 0.2878574 0.0570742 0.0000000 0.2049497 0.0482368
 49 P  49 0.0000000 0.0000000 0.0000000 0.0000000 0.0000000 0.0510533 0.0000000 0.0908343 0.0000000 0.0000000 0.0000000 0.0000000 0.0000000 0.0000000 0.5511523 0.1828580 0.0413559 0.0000000 0.0312513 0.0514950
 50 E  50 0.0000000 0.0218419 0.0233411 0.1218042 0.0000000 0.1116827 0.0739444 0.3419422 0.0000000 0.0000000 0.0196583 0.0000000 0.0000000 0.0000000 0.0479588 0.2179866 0.0198398 0.0000000 0.0000000 0.0000000
 51 T  51 0.0728544 0.0711168 0.1040837 0.0000000 0.0000000 0.1016513 0.0000000 0.0975706 0.0000000 0.0000000 0.0000000 0.0000000 0.0000000 0.0000000 0.0000000 0.1395958 0.1816235 0.2096620 0.0218419 0.0000000
 52 I  52 0.0000000 0.1673228 0.1792573 0.1210417 0.0000000 0.0000000 0.0000000 0.0000000 0.0247738 0.1168876 0.0771173 0.0000000 0.0532942 0.0634899 0.0000000 0.0000000 0.0000000 0.0000000 0.1968154 0.0000000
 53 T  53 0.0000000 0.0403941 0.0677341 0.0000000 0.0000000 0.0000000 0.0536148 0.0000000 0.0000000 0.1299928 0.0000000 0.0198398 0.0000000 0.1091786 0.0000000 0.0894021 0.2479728 0.0000000 0.1225689 0.1193019
 54 D  54 0.0000000 0.0000000 0.0000000 0.9516263 0.0000000 0.0000000 0.0000000 0.0000000 0.0000000 0.0000000 0.0000000 0.0000000 0.0483737 0.0000000 0.0000000 0.0000000 0.0000000 0.0000000 0.0000000 0.0000000
 55 Y  55 0.0606130 0.0000000 0.0233411 0.0000000 0.0000000 0.0207357 0.0000000 0.0000000 0.0921325 0.0510697 0.0394981 0.0000000 0.0225512 0.0321561 0.0000000 0.0000000 0.0000000 0.0483737 0.6095289 0.0000000
 56 V  56 0.0000000 0.0000000 0.0000000 0.0000000 0.0000000 0.0000000 0.0000000 0.0000000 0.0000000 0.1229753 0.2855166 0.0000000 0.0628703 0.0510697 0.0000000 0.0000000 0.0000000 0.1015736 0.0000000 0.3759945
 57 T  57 0.0963325 0.1008620 0.2251868 0.0000000 0.0000000 0.0000000 0.0410284 0.0000000 0.0000000 0.0000000 0.0000000 0.1761986 0.0000000 0.0000000 0.0000000 0.1626564 0.1248237 0.0510697 0.0218419 0.0000000
 58 L  58 0.0000000 0.0000000 0.0000000 0.0000000 0.0000000 0.0000000 0.0000000 0.0000000 0.0000000 0.0994622 0.3442781 0.0000000 0.1061261 0.0000000 0.0510697 0.0483737 0.2097569 0.0000000 0.0000000 0.1409333
 59 Q  59 0.0000000 0.1033781 0.0483737 0.0453131 0.0000000 0.1555379 0.0378261 0.0536148 0.0000000 0.0207357 0.1569583 0.0000000 0.0000000 0.0000000 0.0000000 0.0479588 0.2759971 0.0000000 0.0000000 0.0543064
 60 R  60 0.1397411 0.2125447 0.0237932 0.0230429 0.0000000 0.1175260 0.0538777 0.0510335 0.0000000 0.0000000 0.0000000 0.0656097 0.0000000 0.0000000 0.0399059 0.1750553 0.0639457 0.0000000 0.0000000 0.0339242
 61 G  61 0.1142278 0.0000000 0.0410284 0.0000000 0.0000000 0.0321561 0.0000000 0.6970591 0.0218419 0.0000000 0.0000000 0.0000000 0.0483737 0.0000000 0.0453131 0.0000000 0.0000000 0.0000000 0.0000000 0.0000000
 62 S  62 0.1149890 0.0000000 0.0510697 0.0000000 0.0000000 0.0000000 0.0000000 0.0000000 0.0000000 0.0000000 0.0000000 0.0000000 0.0000000 0.0000000 0.0479588 0.5417694 0.2442131 0.0000000 0.0000000 0.0000000
 63 A  63 0.3555529 0.0000000 0.0000000 0.0521187 0.0000000 0.0000000 0.0510697 0.2140098 0.0000000 0.0606130 0.0483737 0.0000000 0.0453131 0.0000000 0.0000000 0.0628703 0.0779228 0.0000000 0.0000000 0.0321561
 64 Y  64 0.0000000 0.0000000 0.0936868 0.0000000 0.0000000 0.0000000 0.0000000 0.0000000 0.0606130 0.0000000 0.0899448 0.0000000 0.0000000 0.2881449 0.0000000 0.0628703 0.1021804 0.0479588 0.2546011 0.0000000
 65 G  65 0.0249493 0.0000000 0.0000000 0.0321561 0.0000000 0.0000000 0.0000000 0.4431430 0.0000000 0.0510697 0.0000000 0.0000000 0.0000000 0.0000000 0.0434707 0.2937752 0.1114360 0.0000000 0.0000000 0.0000000
 66 G  66 0.1447565 0.0000000 0.0000000 0.0000000 0.0000000 0.0000000 0.0000000 0.4069334 0.0434707 0.0000000 0.0000000 0.0606130 0.0000000 0.0000000 0.2813561 0.0000000 0.0628703 0.0000000 0.0000000 0.0000000
 67 V  67 0.1520574 0.0000000 0.0434707 0.0000000 0.0000000 0.0000000 0.0000000 0.0000000 0.0000000 0.0936868 0.1460345 0.1501392 0.0000000 0.0000000 0.0888958 0.0651983 0.0521187 0.0000000 0.0000000 0.2083986
 68 L  68 0.0000000 0.0000000 0.0000000 0.0000000 0.0000000 0.0000000 0.0510697 0.0000000 0.0000000 0.0606130 0.5345973 0.0000000 0.0000000 0.2908497 0.0628703 0.0000000 0.0000000 0.0000000 0.0000000 0.0000000
 69 S  69 0.0895684 0.0000000 0.0500928 0.0790982 0.0000000 0.0735149 0.0185903 0.0887838 0.0000000 0.0000000 0.0000000 0.2679824 0.0000000 0.0378261 0.0218419 0.1659408 0.1067605 0.0000000 0.0000000 0.0000000
 70 N  70 0.1849481 0.0000000 0.3288841 0.0872229 0.0000000 0.0485657 0.0218419 0.1059260 0.0000000 0.0510697 0.0000000 0.0000000 0.0000000 0.0000000 0.0000000 0.1715417 0.0000000 0.0000000 0.0000000 0.0000000
 71 F  71 0.0000000 0.0000000 0.0000000 0.0000000 0.0000000 0.0479588 0.0536148 0.0000000 0.0000000 0.0453131 0.1407414 0.0945404 0.0000000 0.4837036 0.0000000 0.0000000 0.0000000 0.0000000 0.1341279 0.0000000
 72 S  72 0.0485657 0.0207357 0.0707281 0.1106345 0.0000000 0.0000000 0.0218419 0.1468866 0.0000000 0.0000000 0.0000000 0.1490929 0.0000000 0.0000000 0.0000000 0.1304937 0.2404079 0.0000000 0.0000000 0.0606130
 73 G  73 0.1542991 0.0000000 0.0000000 0.0000000 0.0000000 0.0000000 0.0000000 0.6104605 0.0000000 0.0000000 0.0000000 0.0000000 0.0000000 0.0402490 0.0000000 0.0841622 0.1108291 0.0000000 0.0000000 0.0000000
 74 T  74 0.0000000 0.0823199 0.0000000 0.0000000 0.0000000 0.0000000 0.0000000 0.3588150 0.0000000 0.0000000 0.0000000 0.0000000 0.0000000 0.0606130 0.0000000 0.3098383 0.1884138 0.0000000 0.0000000 0.0000000
 75 V  75 0.0628703 0.0000000 0.0402490 0.0000000 0.0000000 0.0000000 0.0000000 0.0000000 0.0000000 0.0647947 0.4745402 0.0000000 0.0686541 0.0000000 0.0388492 0.0000000 0.0000000 0.0000000 0.0000000 0.2500426
 76 K  76 0.0000000 0.3248425 0.0178869 0.0510697 0.0000000 0.0000000 0.0434707 0.0000000 0.0000000 0.0720250 0.0703855 0.0786086 0.0000000 0.0000000 0.0000000 0.0000000 0.1447752 0.0000000 0.1448172 0.0521187
 77 Y  77 0.0000000 0.0000000 0.0000000 0.0000000 0.0000000 0.0000000 0.0000000 0.0388492 0.0000000 0.2760176 0.0402490 0.0000000 0.0000000 0.0000000 0.0000000 0.0000000 0.0000000 0.2519677 0.3407979 0.0521187
 78 S  78 0.0376467 0.0521187 0.3615516 0.0927691 0.0000000 0.0000000 0.0000000 0.0000000 0.0000000 0.0000000 0.0000000 0.0485657 0.0000000 0.0000000 0.0000000 0.1262332 0.0000000 0.0510697 0.2121585 0.0178869
 79 G  79 0.0567361 0.0000000 0.0977771 0.0842642 0.0000000 0.0000000 0.0000000 0.7190110 0.0000000 0.0000000 0.0000000 0.0000000 0.0000000 0.0000000 0.0000000 0.0000000 0.0422115 0.0000000 0.0000000 0.0000000
 80 S  80 0.0547791 0.0884583 0.1030297 0.0000000 0.0000000 0.0000000 0.0000000 0.0660795 0.0000000 0.0196790 0.0000000 0.1045195 0.0000000 0.0000000 0.0000000 0.2868043 0.1199325 0.0000000 0.0879932 0.0687251
 81 S  81 0.0188000 0.0536765 0.0000000 0.0476260 0.0000000 0.0408322 0.0000000 0.0000000 0.0563515 0.0000000 0.0000000 0.1297865 0.0000000 0.0000000 0.0000000 0.2561490 0.2098938 0.0000000 0.1360415 0.0508429
 82 Y  82 0.0000000 0.0536148 0.0000000 0.0000000 0.0000000 0.0402490 0.0000000 0.0000000 0.0000000 0.0178869 0.1480278 0.0000000 0.0000000 0.0000000 0.0000000 0.0000000 0.0000000 0.0000000 0.7402215 0.0000000
 83 P  83 0.0000000 0.0000000 0.1015736 0.1234833 0.0000000 0.0000000 0.0000000 0.0000000 0.0178869 0.0000000 0.0521187 0.0000000 0.0000000 0.0000000 0.4839402 0.1600126 0.0609847 0.0000000 0.0000000 0.0000000
 84 F  84 0.0532825 0.0000000 0.0490297 0.0000000 0.0000000 0.0000000 0.0494539 0.0000000 0.0000000 0.0848246 0.1810793 0.0000000 0.0000000 0.4915638 0.0000000 0.0907663 0.0000000 0.0000000 0.0000000 0.0000000
 85 P  85 0.0000000 0.0000000 0.0000000 0.0000000 0.0000000 0.0388492 0.0000000 0.0000000 0.0000000 0.0000000 0.0000000 0.0000000 0.0000000 0.0000000 0.9611508 0.0000000 0.0000000 0.0000000 0.0000000 0.0000000
 86 T  86 0.0000000 0.0000000 0.0000000 0.0000000 0.0000000 0.0000000 0.0000000 0.0000000 0.0000000 0.0536148 0.4262816 0.0000000 0.0887164 0.0909679 0.0178869 0.0606130 0.0984319 0.0000000 0.0000000 0.1634874
 87 T  87 0.0187962 0.0000000 0.1720822 0.0408240 0.0000000 0.1297514 0.0000000 0.0000000 0.0000000 0.0000000 0.0510344 0.0000000 0.0000000 0.0000000 0.1728030 0.1023844 0.2608174 0.0000000 0.0308494 0.0206576
 88 S  88 0.0000000 0.0606130 0.1555716 0.0000000 0.0000000 0.2243835 0.0000000 0.0711752 0.0000000 0.0000000 0.0388492 0.0178869 0.0000000 0.0000000 0.0483737 0.3005036 0.0532863 0.0000000 0.0293571 0.0000000
 89 E  89 0.0844727 0.0186522 0.0652741 0.1685582 0.0000000 0.0405113 0.1866184 0.1531710 0.0000000 0.0000000 0.0000000 0.0543485 0.0000000 0.0000000 0.1820992 0.0462944 0.0000000 0.0000000 0.0000000 0.0000000
 90 T  90 0.0000000 0.0178869 0.0606130 0.0000000 0.0000000 0.0000000 0.0521187 0.0510697 0.0000000 0.1468866 0.0000000 0.0000000 0.0000000 0.0000000 0.0000000 0.0601999 0.4611320 0.0000000 0.0000000 0.1500932
 91 P  91 0.0894521 0.1367158 0.1196611 0.0000000 0.0000000 0.0000000 0.0494539 0.0238623 0.0615789 0.0532825 0.0000000 0.1340105 0.0000000 0.0496501 0.0283394 0.1698354 0.0397167 0.0000000 0.0444414 0.0000000
 92 R  92 0.0000000 0.0764505 0.0000000 0.0000000 0.0000000 0.1148613 0.1137385 0.0619664 0.0000000 0.1284452 0.0182863 0.0230567 0.0490297 0.0000000 0.0000000 0.0752648 0.0238623 0.0000000 0.0940915 0.2209466
 93 V  93 0.0808644 0.0000000 0.0000000 0.0000000 0.0619664 0.0615789 0.0000000 0.0000000 0.0991271 0.0628867 0.0883565 0.0000000 0.0191413 0.1096848 0.0000000 0.0548120 0.0490297 0.0000000 0.1556357 0.1569165
 94 V  94 0.0000000 0.0328741 0.1173097 0.0467052 0.0000000 0.0000000 0.0522101 0.0000000 0.0386707 0.0893182 0.0000000 0.0000000 0.0000000 0.0929991 0.0000000 0.1435454 0.3168803 0.0000000 0.0411477 0.0283394
 95 Y  95 0.0000000 0.0532825 0.0000000 0.0000000 0.0000000 0.0000000 0.0000000 0.0000000 0.0000000 0.2031735 0.2545018 0.0000000 0.0490297 0.1084959 0.0000000 0.0000000 0.0000000 0.0411477 0.2673122 0.0230567
 96 N  96 0.0000000 0.0182863 0.0980761 0.0289698 0.0000000 0.1465046 0.0000000 0.0641771 0.0000000 0.0000000 0.0532825 0.1038421 0.0000000 0.0000000 0.1658836 0.1333178 0.1876601 0.0000000 0.0000000 0.0000000
 97 S  97 0.0494539 0.0000000 0.0953546 0.2242686 0.0000000 0.0000000 0.0182863 0.0000000 0.0384874 0.0000000 0.0000000 0.0419446 0.0000000 0.0619664 0.0496501 0.2419999 0.0532825 0.0000000 0.1253058 0.0000000
 98 R  98 0.0000000 0.1056082 0.1268984 0.0000000 0.0000000 0.0494539 0.0000000 0.3776065 0.0000000 0.0191413 0.0849956 0.0825599 0.0000000 0.0000000 0.0000000 0.0000000 0.1537363 0.0000000 0.0000000 0.0000000
 99 T  99 0.1054925 0.0000000 0.2056896 0.0384874 0.0000000 0.0000000 0.0494539 0.0000000 0.0000000 0.1221280 0.0000000 0.0328741 0.0444414 0.0000000 0.0000000 0.1061115 0.1456657 0.0000000 0.0000000 0.1496558
100 D 100 0.0000000 0.0000000 0.0619664 0.0764505 0.0000000 0.0000000 0.0241794 0.1038417 0.0000000 0.0000000 0.0000000 0.0000000 0.0000000 0.0502954 0.0970513 0.1178937 0.0494539 0.1749560 0.2439118 0.0000000
101 K 101 0.0000000 0.0372917 0.0000000 0.0000000 0.0000000 0.1404164 0.0532825 0.0000000 0.0941547 0.0300126 0.0425387 0.1876275 0.0641771 0.0000000 0.0000000 0.0191413 0.2275158 0.0000000 0.0548120 0.0490297
102 P 102 0.0211987 0.0000000 0.0419446 0.0000000 0.0000000 0.0000000 0.0000000 0.0798304 0.0444414 0.0000000 0.0619664 0.0000000 0.0000000 0.0000000 0.6317849 0.1188335 0.0000000 0.0000000 0.0000000 0.0000000
103 W 103 0.0000000 0.0000000 0.0000000 0.0000000 0.0000000 0.0000000 0.0000000 0.0000000 0.0000000 0.2167164 0.3223455 0.0000000 0.0393911 0.0823707 0.0000000 0.0000000 0.0000000 0.2465076 0.0000000 0.0926688
104 P 104 0.0471878 0.0000000 0.1410885 0.1589585 0.0000000 0.0542750 0.0000000 0.0000000 0.0000000 0.0000000 0.0000000 0.0000000 0.0000000 0.0000000 0.5984903 0.0000000 0.0000000 0.0000000 0.0000000 0.0000000
105 V 105 0.1118801 0.0000000 0.0000000 0.0000000 0.0000000 0.0000000 0.0000000 0.0505749 0.0000000 0.1441886 0.2276336 0.0000000 0.0393911 0.0000000 0.0000000 0.0000000 0.1546444 0.0000000 0.0000000 0.2716873
106 A 106 0.0623538 0.1910249 0.0000000 0.0000000 0.0000000 0.1532427 0.0503750 0.0000000 0.0000000 0.0000000 0.0000000 0.3488294 0.0393911 0.0000000 0.0000000 0.0000000 0.1057759 0.0000000 0.0000000 0.0490072
107 L 107 0.0000000 0.0000000 0.0000000 0.0000000 0.0000000 0.0000000 0.0000000 0.0000000 0.0000000 0.0000000 0.6465231 0.0000000 0.1046047 0.0531826 0.1057759 0.0000000 0.0000000 0.0000000 0.0000000 0.0899136
108 Y 108 0.0000000 0.0000000 0.0000000 0.0000000 0.0000000 0.0000000 0.0000000 0.0000000 0.0000000 0.0000000 0.0000000 0.0631207 0.0000000 0.0505749 0.0000000 0.0452692 0.0531826 0.0000000 0.7878526 0.0000000
109 L 109 0.0505749 0.0000000 0.0000000 0.0000000 0.0000000 0.0000000 0.0000000 0.0000000 0.0000000 0.0731693 0.7200342 0.0000000 0.0000000 0.0503750 0.0000000 0.0000000 0.0000000 0.0000000 0.0427259 0.0631207
110 T 110 0.0000000 0.0000000 0.0000000 0.0000000 0.0000000 0.0000000 0.0503750 0.0000000 0.0000000 0.0000000 0.0000000 0.0305717 0.0000000 0.0000000 0.0000000 0.1590292 0.4251456 0.0000000 0.1276399 0.2072386
111 P 111 0.0873203 0.1057759 0.1014627 0.0000000 0.0000000 0.0000000 0.0000000 0.0000000 0.0000000 0.0631207 0.1009500 0.0000000 0.0427259 0.0000000 0.4680729 0.0305717 0.0000000 0.0000000 0.0000000 0.0000000
112 V 112 0.0404565 0.1103085 0.1057759 0.0000000 0.0000000 0.0505749 0.0871834 0.0000000 0.0000000 0.1601419 0.0243068 0.0427259 0.0000000 0.0000000 0.0000000 0.0000000 0.1662481 0.0000000 0.0000000 0.2122781
113 S 113 0.0000000 0.0000000 0.0558330 0.0926688 0.0000000 0.0000000 0.0000000 0.1192437 0.0000000 0.0000000 0.0452692 0.0542750 0.0000000 0.0471878 0.0823707 0.4282702 0.0243068 0.0000000 0.0000000 0.0505749
114 S 114 0.2074199 0.0000000 0.0531826 0.0000000 0.0000000 0.0000000 0.0000000 0.1276399 0.0000000 0.0000000 0.0000000 0.0000000 0.0503750 0.0000000 0.3603253 0.0483652 0.1526921 0.0000000 0.0000000 0.0000000
115 A 115 0.5535371 0.0000000 0.0000000 0.0000000 0.0000000 0.0000000 0.0000000 0.1134957 0.0000000 0.0000000 0.0000000 0.0000000 0.0000000 0.0000000 0.0427259 0.0558330 0.1014627 0.0000000 0.0505749 0.0823707
116 G 116 0.0000000 0.0000000 0.1589585 0.0246298 0.0000000 0.0000000 0.0000000 0.4628750 0.0000000 0.0000000 0.0000000 0.0503750 0.0000000 0.1276399 0.1014627 0.0234842 0.0000000 0.0000000 0.0000000 0.0505749
117 G 117 0.0631207 0.0000000 0.0000000 0.0471878 0.0000000 0.0427259 0.0000000 0.6365398 0.0000000 0.0000000 0.0000000 0.0000000 0.0000000 0.0000000 0.1057759 0.1046500 0.0000000 0.0000000 0.0000000 0.0000000
118 V 118 0.0505749 0.0000000 0.0000000 0.0000000 0.0000000 0.0000000 0.0000000 0.0000000 0.0000000 0.1772704 0.0738592 0.1582116 0.0000000 0.0000000 0.0000000 0.0000000 0.0000000 0.0000000 0.0000000 0.5400838
119 A 119 0.1502952 0.0000000 0.0631207 0.1057759 0.0000000 0.0809467 0.0000000 0.0000000 0.0000000 0.0531826 0.1808494 0.0899136 0.0000000 0.0505749 0.0000000 0.0000000 0.0000000 0.0000000 0.0000000 0.2253408
120 I 120 0.0000000 0.0000000 0.0000000 0.0000000 0.0000000 0.0000000 0.0000000 0.0000000 0.0000000 0.7904072 0.0837813 0.0000000 0.0000000 0.0000000 0.0000000 0.0000000 0.0000000 0.0000000 0.0000000 0.1258115
121 K 121 0.0000000 0.3635126 0.2682409 0.0000000 0.0000000 0.0000000 0.0243068 0.0000000 0.0419142 0.0000000 0.0000000 0.1533218 0.0000000 0.0000000 0.0000000 0.1191944 0.0295094 0.0000000 0.0000000 0.0000000
122 A 122 0.2961261 0.1350893 0.0404565 0.0000000 0.0000000 0.0505749 0.0000000 0.0000000 0.0000000 0.1057759 0.0000000 0.2690751 0.0000000 0.0000000 0.0000000 0.1029021 0.0000000 0.0000000 0.0000000 0.0000000
123 G 123 0.0000000 0.0000000 0.0000000 0.0000000 0.0000000 0.0000000 0.0000000 1.0000000 0.0000000 0.0000000 0.0000000 0.0000000 0.0000000 0.0000000 0.0000000 0.0000000 0.0000000 0.0000000 0.0000000 0.0000000
124 S 124 0.0000000 0.0000000 0.0000000 0.4423375 0.0000000 0.0959085 0.2152465 0.0000000 0.0000000 0.0000000 0.0000000 0.0000000 0.0000000 0.0000000 0.0000000 0.1013587 0.1451489 0.0000000 0.0000000 0.0000000
125 L 125 0.0000000 0.0708467 0.0558330 0.0000000 0.0000000 0.0334865 0.0000000 0.0000000 0.0657384 0.0631207 0.3776814 0.0000000 0.0243068 0.0000000 0.0531826 0.0000000 0.0821169 0.0000000 0.0000000 0.1736872
126 I 126 0.0000000 0.0000000 0.0000000 0.0000000 0.0000000 0.0000000 0.0000000 0.0000000 0.0000000 0.5022402 0.2936083 0.0000000 0.0000000 0.0870326 0.0000000 0.0000000 0.0000000 0.0000000 0.0000000 0.1171189
127 A 127 0.6890038 0.0000000 0.0000000 0.0000000 0.0000000 0.0000000 0.0000000 0.2567212 0.0000000 0.0000000 0.0000000 0.0000000 0.0542750 0.0000000 0.0000000 0.0000000 0.0000000 0.0000000 0.0000000 0.0000000
128 V 128 0.0000000 0.1746030 0.0000000 0.0000000 0.0000000 0.1174077 0.0000000 0.0000000 0.0000000 0.0246298 0.0000000 0.0305717 0.0000000 0.0000000 0.0000000 0.0874274 0.3890340 0.0000000 0.0531826 0.1231438
129 L 129 0.0000000 0.0000000 0.0000000 0.0000000 0.0000000 0.0000000 0.0000000 0.0000000 0.0000000 0.1935070 0.6482755 0.0000000 0.0000000 0.1163033 0.0000000 0.0000000 0.0000000 0.0000000 0.0000000 0.0419142
130 I 130 0.0000000 0.0505749 0.2691113 0.0877614 0.0000000 0.0427259 0.0837543 0.0000000 0.0818145 0.0778746 0.0000000 0.0503750 0.0000000 0.0000000 0.0000000 0.0000000 0.0631207 0.0000000 0.0823707 0.1105168
131 L 131 0.0631207 0.0000000 0.0000000 0.0000000 0.0000000 0.0000000 0.0000000 0.0000000 0.0000000 0.0452692 0.3141378 0.0000000 0.2937813 0.1481377 0.0000000 0.0000000 0.0000000 0.0000000 0.0531826 0.0823707
132 R 132 0.0000000 0.0818516 0.0823707 0.0499429 0.0000000 0.0452692 0.0631207 0.0000000 0.2670131 0.0503750 0.0505749 0.0000000 0.0000000 0.0000000 0.0000000 0.0471878 0.0558330 0.0000000 0.2064610 0.0000000
133 Q 133 0.0558330 0.0000000 0.0000000 0.0000000 0.0000000 0.5103166 0.0000000 0.0000000 0.0000000 0.0000000 0.0000000 0.4338504 0.0000000 0.0000000 0.0000000 0.0000000 0.0000000 0.0000000 0.0000000 0.0000000
134 T 134 0.0000000 0.1134957 0.0542750 0.0000000 0.0000000 0.0000000 0.0958442 0.0000000 0.0000000 0.0959442 0.0000000 0.0531826 0.0000000 0.0000000 0.0000000 0.0000000 0.4383578 0.0000000 0.0000000 0.1489005
135 N 135 0.1586347 0.0000000 0.4799395 0.0000000 0.0000000 0.0000000 0.0000000 0.0862100 0.0000000 0.0000000 0.0000000 0.0404565 0.0419142 0.0000000 0.0000000 0.1501191 0.0427259 0.0000000 0.0000000 0.0000000
136 N 136 0.0000000 0.0000000 0.3995993 0.1171505 0.0000000 0.0000000 0.0000000 0.2861883 0.0000000 0.0000000 0.0000000 0.0000000 0.0000000 0.0000000 0.0000000 0.1258112 0.0712507 0.0000000 0.0000000 0.0000000
137 Y 137 0.0000000 0.0503438 0.0000000 0.0000000 0.0000000 0.1457850 0.0000000 0.2451689 0.1133116 0.0000000 0.0567396 0.0208019 0.0000000 0.0000000 0.0000000 0.0000000 0.0000000 0.1419845 0.1901385 0.0357262
138 N 138 0.0505749 0.0531826 0.3635596 0.1844978 0.0000000 0.0000000 0.0823707 0.0956443 0.0542750 0.0000000 0.0000000 0.0000000 0.0000000 0.0000000 0.0899136 0.0259815 0.0000000 0.0000000 0.0000000 0.0000000
139 S 139 0.2365032 0.0000000 0.0666856 0.0000000 0.0000000 0.0879951 0.0246298 0.1586347 0.0000000 0.1380562 0.0000000 0.0000000 0.0000000 0.0000000 0.0558330 0.1418061 0.0000000 0.0000000 0.0000000 0.0898562
140 D 140 0.0000000 0.0477909 0.1309262 0.4205093 0.0000000 0.0975628 0.0204717 0.2022764 0.0000000 0.0000000 0.0000000 0.0000000 0.0000000 0.0000000 0.0000000 0.0804627 0.0000000 0.0000000 0.0000000 0.0000000
141 D 141 0.0452692 0.0000000 0.1084913 0.0483652 0.0471878 0.0000000 0.0823707 0.0531826 0.1354216 0.0000000 0.0000000 0.0000000 0.0000000 0.0000000 0.2339096 0.1352853 0.1105168 0.0000000 0.0000000 0.0000000
142 F 142 0.1043079 0.1344863 0.0208976 0.0560038 0.0000000 0.0449924 0.0000000 0.0496909 0.0000000 0.0000000 0.0000000 0.1859396 0.0000000 0.1172684 0.0909882 0.1954249 0.0000000 0.0000000 0.0000000 0.0000000
143 Q 143 0.0547470 0.0947160 0.1405285 0.0938027 0.0000000 0.0853654 0.0000000 0.0000000 0.0496237 0.0000000 0.0000000 0.0257431 0.0000000 0.0000000 0.0517268 0.0554398 0.1904103 0.0000000 0.1578965 0.0000000
144 F 144 0.0000000 0.0000000 0.0000000 0.0000000 0.0000000 0.0000000 0.0000000 0.0000000 0.0000000 0.0595946 0.0533078 0.0000000 0.0000000 0.6999068 0.0000000 0.0000000 0.0000000 0.0000000 0.1871908 0.0000000
145 V 145 0.0499429 0.0471878 0.0558330 0.0000000 0.0000000 0.0000000 0.0505749 0.0531826 0.0000000 0.0997293 0.0000000 0.0877614 0.0000000 0.0000000 0.0000000 0.0000000 0.4827931 0.0000000 0.0000000 0.0729949
146 W 146 0.0000000 0.0000000 0.0000000 0.0000000 0.0000000 0.0000000 0.0000000 0.0000000 0.0000000 0.0000000 0.0505749 0.0000000 0.0000000 0.0334865 0.0000000 0.0000000 0.0000000 0.8101627 0.0000000 0.1057759
147 N 147 0.0000000 0.3522696 0.4292656 0.0000000 0.0000000 0.0000000 0.0393911 0.0000000 0.0000000 0.0000000 0.0000000 0.0452692 0.0000000 0.0000000 0.0000000 0.0000000 0.0499429 0.0000000 0.0838615 0.0000000
148 I 148 0.0000000 0.0000000 0.0000000 0.0000000 0.0000000 0.0000000 0.0000000 0.0000000 0.0000000 0.3893884 0.1342204 0.0000000 0.0000000 0.3459855 0.0000000 0.0000000 0.0000000 0.0000000 0.1057759 0.0246298
149 Y 149 0.0000000 0.0000000 0.0558330 0.0000000 0.0000000 0.0000000 0.0000000 0.0000000 0.0334865 0.2168451 0.0531826 0.0000000 0.0000000 0.0452692 0.0000000 0.0631207 0.0499429 0.0000000 0.4429289 0.0393911
150 A 150 0.8715068 0.0000000 0.0000000 0.0000000 0.0000000 0.0000000 0.0000000 0.0000000 0.0000000 0.0000000 0.0631207 0.0000000 0.0000000 0.0000000 0.0000000 0.0653726 0.0000000 0.0000000 0.0000000 0.0000000
151 N 151 0.1988768 0.0334865 0.2572185 0.0924570 0.0000000 0.0246298 0.0000000 0.1074575 0.0000000 0.0000000 0.0305717 0.1530867 0.0000000 0.0000000 0.0000000 0.0198449 0.0823707 0.0000000 0.0000000 0.0000000
152 N 152 0.0000000 0.0000000 0.9153397 0.0000000 0.0000000 0.0000000 0.0000000 0.0000000 0.0000000 0.0000000 0.0000000 0.0452692 0.0000000 0.0000000 0.0000000 0.0000000 0.0000000 0.0000000 0.0393911 0.0000000
153 D 153 0.0000000 0.0000000 0.2344174 0.6596754 0.0000000 0.0000000 0.0334865 0.0000000 0.0000000 0.0000000 0.0000000 0.0000000 0.0000000 0.0000000 0.0000000 0.0724207 0.0000000 0.0000000 0.0000000 0.0000000
154 V 154 0.0471878 0.0000000 0.0000000 0.0000000 0.0000000 0.0000000 0.0000000 0.0000000 0.0000000 0.0000000 0.1136956 0.0000000 0.0000000 0.1057759 0.0000000 0.0427259 0.0000000 0.0000000 0.0000000 0.6906148
155 V 155 0.0000000 0.0000000 0.0000000 0.0503750 0.0000000 0.0000000 0.0000000 0.0000000 0.0000000 0.1473566 0.0000000 0.0000000 0.0000000 0.0000000 0.0000000 0.0499429 0.0952240 0.0000000 0.1748277 0.4822737
156 V 156 0.0000000 0.0000000 0.0000000 0.0000000 0.0000000 0.0000000 0.0000000 0.0000000 0.0000000 0.3965373 0.0452692 0.0000000 0.0959442 0.0899136 0.0000000 0.0000000 0.0000000 0.0000000 0.0000000 0.3723356
157 P 157 0.0000000 0.0000000 0.0591605 0.0000000 0.0000000 0.2092956 0.0000000 0.0637405 0.0000000 0.0000000 0.0000000 0.0000000 0.0000000 0.0000000 0.6123860 0.0000000 0.0000000 0.0000000 0.0000000 0.0554173
158 T 158 0.0000000 0.0000000 0.0000000 0.0000000 0.0000000 0.0000000 0.0000000 0.0000000 0.0000000 0.0000000 0.0000000 0.0000000 0.0000000 0.0000000 0.0000000 0.0000000 1.0000000 0.0000000 0.0000000 0.0000000
