  158         A         R         N         D         C         Q         E         G         H         I         L         K         M         F         P         S         T         W         Y         V         X    
  1 F   1 0.0000000 0.0000000 0.0000000 0.0000000 0.0000000 0.0000000 0.0000000 0.0000000 0.0000000 0.0000000 0.0000000 0.0000000 0.0000000 0.5640469 0.0000000 0.0000000 0.0000000 0.0000000 0.1048620 0.0000000 0.3310911
  2 A   2 0.1185023 0.0000000 0.0000000 0.0000000 0.0000000 0.0491296 0.1101150 0.0351538 0.0000000 0.0000000 0.0000000 0.0000000 0.0000000 0.0000000 0.0000000 0.1201278 0.2863518 0.0000000 0.0000000 0.0000000 0.2806197
  3 C   3 0.0000000 0.0000000 0.0000000 0.0000000 0.9255207 0.0000000 0.0000000 0.0000000 0.0000000 0.0000000 0.0000000 0.0000000 0.0000000 0.0000000 0.0000000 0.0000000 0.0000000 0.0000000 0.0000000 0.0000000 0.0744793
  4 K   4 0.0000000 0.3374970 0.0230832 0.0000000 0.0000000 0.1074419 0.0000000 0.0000000 0.0000000 0.0596435 0.0000000 0.2079187 0.0000000 0.0000000 0.0000000 0.0351538 0.0302280 0.0000000 0.0784782 0.0000000 0.1205556
  5 T   5 0.0000000 0.0000000 0.1998149 0.0962649 0.0000000 0.0000000 0.0000000 0.0000000 0.0000000 0.0504715 0.0000000 0.0000000 0.0000000 0.0000000 0.0000000 0.0000000 0.3000120 0.0000000 0.0000000 0.2121408 0.1412959
  6 A   6 0.2667150 0.0465956 0.1446158 0.1178806 0.0000000 0.0000000 0.0000000 0.0000000 0.0000000 0.0401059 0.0000000 0.0386893 0.0000000 0.0000000 0.0000000 0.0999492 0.0480146 0.0000000 0.0000000 0.0000000 0.1974338
  7 N   7 0.0167979 0.0149103 0.1819207 0.0598176 0.0000000 0.0000000 0.0000000 0.2789433 0.0000000 0.0000000 0.0000000 0.0000000 0.0000000 0.0000000 0.0207403 0.0269859 0.1688477 0.0000000 0.0000000 0.0000000 0.2310362
  8 G   8 0.0000000 0.0000000 0.0596435 0.0381049 0.0000000 0.1998149 0.0000000 0.5524965 0.0000000 0.0000000 0.0000000 0.0000000 0.0000000 0.0000000 0.0000000 0.0000000 0.0000000 0.0000000 0.0000000 0.0000000 0.1499402
  9 T   9 0.0253533 0.0596435 0.1222447 0.0302280 0.0000000 0.0472295 0.0000000 0.0929800 0.0000000 0.0000000 0.0000000 0.0000000 0.0000000 0.0000000 0.0450148 0.0631891 0.3320938 0.0000000 0.0351538 0.0381707 0.1086986
 10 A  10 0.0698887 0.0000000 0.0000000 0.0351538 0.0000000 0.0000000 0.0213728 0.2822147 0.0000000 0.0975539 0.1021521 0.0000000 0.0000000 0.0000000 0.0000000 0.0691595 0.0631888 0.0954862 0.0000000 0.0551309 0.1086986
 11 I  11 0.0000000 0.0000000 0.0000000 0.0000000 0.0000000 0.3417098 0.0000000 0.0302280 0.0000000 0.3724788 0.0962649 0.0000000 0.0000000 0.0000000 0.0000000 0.0000000 0.0000000 0.0000000 0.0000000 0.0997495 0.0595690
 12 P  12 0.0000000 0.0000000 0.0210376 0.0382675 0.0000000 0.0000000 0.1308791 0.1057198 0.0000000 0.0572138 0.0000000 0.0207403 0.0000000 0.0450148 0.1759212 0.1228786 0.1125574 0.0000000 0.0000000 0.0871176 0.0826522
 13 I  13 0.0000000 0.0000000 0.0000000 0.0000000 0.0000000 0.0000000 0.0000000 0.0302280 0.0000000 0.1838842 0.0982583 0.0000000 0.0554140 0.1611256 0.0425086 0.0392087 0.0200964 0.0460763 0.0841893 0.1807738 0.0582370
 14 G  14 0.0000000 0.0000000 0.0827224 0.0207403 0.0000000 0.0377778 0.0000000 0.4568973 0.0465956 0.0000000 0.0000000 0.0982583 0.0000000 0.0000000 0.0000000 0.0401059 0.1312770 0.0000000 0.0000000 0.0000000 0.0856253
 15 G  15 0.0913503 0.0000000 0.0000000 0.0269859 0.0000000 0.0835554 0.0000000 0.4647246 0.0000000 0.0000000 0.0000000 0.0000000 0.0000000 0.0000000 0.0000000 0.2050977 0.0778146 0.0000000 0.0000000 0.0504715 0.0000000
 16 G  16 0.0392087 0.0000000 0.0000000 0.0000000 0.0000000 0.0000000 0.0000000 0.7241255 0.0596435 0.0000000 0.0000000 0.0673260 0.0000000 0.0000000 0.0000000 0.0794684 0.0000000 0.0000000 0.0000000 0.0000000 0.0302280
 17 S  17 0.0442949 0.0000000 0.0738431 0.2102972 0.0000000 0.0472295 0.0504715 0.0000000 0.0000000 0.0000000 0.0000000 0.0000000 0.0000000 0.0000000 0.0000000 0.2181132 0.3356541 0.0000000 0.0000000 0.0200964 0.0000000
 18 A  18 0.4155147 0.0000000 0.0000000 0.0000000 0.0000000 0.0892355 0.0000000 0.0000000 0.0000000 0.0596435 0.0954862 0.0000000 0.0000000 0.0000000 0.0000000 0.1561325 0.1022379 0.0000000 0.0817495 0.0000000 0.0000000
 19 N  19 0.0000000 0.0377778 0.4383223 0.1363337 0.0000000 0.0000000 0.0000000 0.0000000 0.0302280 0.0000000 0.0000000 0.0000000 0.0000000 0.0000000 0.1101150 0.2472232 0.0000000 0.0000000 0.0000000 0.0000000 0.0000000
 20 V  20 0.0369598 0.0000000 0.0000000 0.0000000 0.0000000 0.0000000 0.0000000 0.0000000 0.0000000 0.1622376 0.0954862 0.0000000 0.0000000 0.1145299 0.0000000 0.0000000 0.0000000 0.0000000 0.0000000 0.5907864 0.0000000
 21 Y  21 0.0000000 0.1462466 0.0838541 0.0596435 0.0000000 0.0954862 0.0000000 0.0000000 0.0000000 0.0000000 0.0000000 0.0000000 0.0000000 0.0000000 0.0000000 0.0000000 0.1454878 0.0000000 0.4692818 0.0000000 0.0000000
 22 V  22 0.0000000 0.0000000 0.0000000 0.0491296 0.0000000 0.0000000 0.0000000 0.0000000 0.0000000 0.0377778 0.0000000 0.0000000 0.0000000 0.0000000 0.0000000 0.0000000 0.0000000 0.0000000 0.0000000 0.9130926 0.0000000
 23 N  23 0.0000000 0.0425086 0.4209364 0.0768236 0.0000000 0.0351538 0.0000000 0.0000000 0.0000000 0.0401059 0.0000000 0.0000000 0.0000000 0.0000000 0.1937445 0.0472295 0.0838541 0.0000000 0.0000000 0.0596435 0.0000000
 24 L  24 0.0000000 0.0000000 0.0000000 0.0491296 0.0000000 0.0000000 0.0000000 0.0000000 0.0000000 0.1407669 0.6318949 0.0000000 0.0000000 0.0000000 0.0000000 0.0000000 0.0000000 0.0000000 0.0000000 0.1782087 0.0000000
 25 A  25 0.1074269 0.0000000 0.0000000 0.0230832 0.0000000 0.0784782 0.0351538 0.0425086 0.0000000 0.0491296 0.0000000 0.0401059 0.0000000 0.0000000 0.0465956 0.2784021 0.2340998 0.0000000 0.0000000 0.0650162 0.0000000
 26 P  26 0.0351538 0.0982583 0.0000000 0.0000000 0.0000000 0.0000000 0.0000000 0.0000000 0.0000000 0.0000000 0.0000000 0.0596435 0.0000000 0.0491296 0.6157328 0.0000000 0.0465956 0.0000000 0.0000000 0.0954862 0.0000000
 27 V  27 0.1061912 0.0269859 0.0000000 0.1057198 0.0000000 0.1643469 0.0351538 0.0000000 0.0000000 0.0000000 0.0000000 0.0873355 0.0000000 0.0000000 0.0000000 0.1730516 0.1865076 0.0000000 0.0000000 0.1147077 0.0000000
 28 V  28 0.0000000 0.0000000 0.0000000 0.0000000 0.0000000 0.0000000 0.0000000 0.0000000 0.0000000 0.1083621 0.2433762 0.0596435 0.0000000 0.0000000 0.0000000 0.0000000 0.0000000 0.0000000 0.0000000 0.5886182 0.0000000
 29 N  29 0.0210376 0.0000000 0.2311898 0.0000000 0.0000000 0.1877919 0.0269859 0.1891275 0.0000000 0.0000000 0.0000000 0.0000000 0.0000000 0.0000000 0.0491296 0.0994124 0.1487298 0.0000000 0.0000000 0.0465956 0.0000000
 30 V  30 0.2001564 0.0000000 0.0491296 0.0000000 0.0000000 0.0000000 0.0000000 0.0465956 0.0000000 0.0213728 0.0000000 0.0000000 0.0000000 0.0386893 0.1579120 0.0000000 0.0638629 0.0000000 0.1169325 0.2457053 0.0596435
 31 G  31 0.0000000 0.0491296 0.0269859 0.2165059 0.0000000 0.0000000 0.0000000 0.5653518 0.0472295 0.0000000 0.0000000 0.0000000 0.0000000 0.0000000 0.0000000 0.0000000 0.0000000 0.0000000 0.0351538 0.0000000 0.0596435
 32 Q  32 0.0000000 0.1881581 0.0000000 0.0401059 0.0000000 0.4005424 0.2051314 0.0000000 0.0000000 0.0491296 0.0000000 0.1169325 0.0000000 0.0000000 0.0000000 0.0000000 0.0000000 0.0000000 0.0000000 0.0000000 0.0000000
 33 N  33 0.0778837 0.0000000 0.5854864 0.0000000 0.0000000 0.1448539 0.0000000 0.0000000 0.0000000 0.0000000 0.0000000 0.0000000 0.0000000 0.0000000 0.0000000 0.0366462 0.0954862 0.0000000 0.0000000 0.0596435 0.0000000
 34 L  34 0.0000000 0.0954862 0.0000000 0.0000000 0.0000000 0.0000000 0.0916382 0.0000000 0.0000000 0.1617595 0.4601859 0.0460763 0.0000000 0.0000000 0.0000000 0.0000000 0.0465956 0.0000000 0.0000000 0.0982583 0.0000000
 35 V  35 0.0000000 0.0000000 0.0000000 0.0000000 0.0000000 0.0000000 0.0000000 0.0000000 0.0000000 0.3856670 0.0302280 0.0000000 0.0000000 0.0957252 0.0000000 0.0000000 0.0000000 0.0000000 0.0000000 0.4883798 0.0000000
 36 V  36 0.0491296 0.0000000 0.0000000 0.0000000 0.0000000 0.0000000 0.0000000 0.0000000 0.0000000 0.1370265 0.0744240 0.0000000 0.0954862 0.0787952 0.0000000 0.0000000 0.0000000 0.0000000 0.0596435 0.5054949 0.0000000
 37 D  37 0.0000000 0.0000000 0.0891042 0.8154096 0.0000000 0.0000000 0.0000000 0.0000000 0.0000000 0.0000000 0.0954862 0.0000000 0.0000000 0.0000000 0.0000000 0.0000000 0.0000000 0.0000000 0.0000000 0.0000000 0.0000000
 38 L  38 0.0000000 0.0000000 0.0000000 0.0000000 0.0000000 0.0000000 0.0954862 0.0000000 0.0000000 0.1448539 0.6207921 0.0000000 0.0000000 0.0472295 0.0000000 0.0000000 0.0000000 0.0000000 0.0000000 0.0916382 0.0000000
 39 S  39 0.0213728 0.0460763 0.0377778 0.0000000 0.0000000 0.0000000 0.0465956 0.1937445 0.0000000 0.0000000 0.0000000 0.0596435 0.0000000 0.0000000 0.0000000 0.5947895 0.0000000 0.0000000 0.0000000 0.0000000 0.0000000
 40 T  40 0.0504715 0.0533249 0.0657688 0.0892355 0.0000000 0.2707071 0.0000000 0.0000000 0.0000000 0.0000000 0.0000000 0.0595690 0.0000000 0.0000000 0.0000000 0.1426242 0.2232842 0.0000000 0.0000000 0.0450148 0.0000000
 41 Q  41 0.0000000 0.0954862 0.0596435 0.0000000 0.0000000 0.2367028 0.0472295 0.0000000 0.0582370 0.0000000 0.0744240 0.0000000 0.0000000 0.0892355 0.0000000 0.1516788 0.0000000 0.0000000 0.0982583 0.0465956 0.0425086
 42 I  42 0.0000000 0.0000000 0.0000000 0.0000000 0.0000000 0.0000000 0.0000000 0.0000000 0.0000000 0.4413298 0.1772357 0.0000000 0.0491296 0.0000000 0.0000000 0.0000000 0.0596435 0.0000000 0.0982583 0.1744031 0.0000000
 43 F  43 0.0213728 0.0401059 0.0596435 0.0977010 0.0000000 0.0465956 0.1432731 0.0000000 0.0000000 0.0207403 0.0647637 0.0351538 0.0000000 0.2207461 0.0000000 0.1409569 0.0916382 0.0000000 0.0000000 0.0173091 0.0000000
 44 C  44 0.0000000 0.0000000 0.0000000 0.0000000 1.0000000 0.0000000 0.0000000 0.0000000 0.0000000 0.0000000 0.0000000 0.0000000 0.0000000 0.0000000 0.0000000 0.0000000 0.0000000 0.0000000 0.0000000 0.0000000 0.0000000
 45 H  45 0.0000000 0.2437242 0.0000000 0.0000000 0.0000000 0.0744240 0.0000000 0.0000000 0.1422679 0.0000000 0.0000000 0.3946453 0.0867016 0.0000000 0.0000000 0.0000000 0.0000000 0.0582370 0.0000000 0.0000000 0.0000000
 46 N  46 0.0000000 0.0000000 0.7976407 0.0472295 0.0000000 0.0000000 0.0000000 0.1046583 0.0000000 0.0000000 0.0000000 0.0000000 0.0000000 0.0000000 0.0000000 0.0000000 0.0504715 0.0000000 0.0000000 0.0000000 0.0000000
 47 D  47 0.0000000 0.0000000 0.0000000 0.7801244 0.0000000 0.0504715 0.0892355 0.0450148 0.0000000 0.0000000 0.0000000 0.0000000 0.0000000 0.0000000 0.0000000 0.0351538 0.0000000 0.0000000 0.0000000 0.0000000 0.0000000
 48 Y  48 0.1070038 0.0000000 0.0597269 0.0978061 0.0000000 0.0000000 0.0000000 0.0000000 0.0000000 0.0595690 0.0472295 0.0000000 0.0000000 0.0167979 0.0000000 0.2541635 0.0504715 0.0000000 0.2050798 0.0425086 0.0596435
 49 P  49 0.0000000 0.0000000 0.0000000 0.0000000 0.0000000 0.0450148 0.0000000 0.0789774 0.0000000 0.0000000 0.0000000 0.0000000 0.0000000 0.0000000 0.5451004 0.1615556 0.0366462 0.0000000 0.0269859 0.0460763 0.0596435
 50 E  50 0.0000000 0.0595690 0.0210376 0.1131986 0.0000000 0.1068731 0.0952420 0.3197114 0.0000000 0.0000000 0.0181711 0.0000000 0.0000000 0.0000000 0.0450148 0.2033959 0.0177867 0.0000000 0.0000000 0.0000000 0.0000000
 51 T  51 0.0683027 0.0666921 0.0997495 0.0000000 0.0000000 0.0951643 0.0000000 0.0908488 0.0000000 0.0000000 0.0000000 0.0000000 0.0000000 0.0000000 0.0000000 0.1289291 0.1945127 0.1962318 0.0595690 0.0000000 0.0000000
 52 I  52 0.0000000 0.1467364 0.1611256 0.1082160 0.0000000 0.0000000 0.0000000 0.0000000 0.0213728 0.1299156 0.0679699 0.0000000 0.0470259 0.0596435 0.0000000 0.0000000 0.0000000 0.0000000 0.2154859 0.0000000 0.0425086
 53 T  53 0.0000000 0.0373442 0.1007030 0.0000000 0.0000000 0.0000000 0.0504715 0.0000000 0.0000000 0.1194414 0.0000000 0.0177867 0.0000000 0.1062392 0.0000000 0.0847656 0.2574493 0.0000000 0.1145299 0.1112693 0.0000000
 54 D  54 0.0000000 0.0000000 0.0000000 0.9539237 0.0000000 0.0000000 0.0000000 0.0000000 0.0000000 0.0000000 0.0000000 0.0000000 0.0460763 0.0000000 0.0000000 0.0000000 0.0000000 0.0000000 0.0000000 0.0000000 0.0000000
 55 Y  55 0.0596435 0.0000000 0.0210376 0.0000000 0.0000000 0.0191731 0.0000000 0.0000000 0.0852229 0.0472295 0.0359578 0.0000000 0.0200964 0.0302280 0.0000000 0.0000000 0.0000000 0.0460763 0.6353349 0.0000000 0.0000000
 56 V  56 0.0000000 0.0000000 0.0000000 0.0000000 0.0000000 0.0000000 0.0000000 0.0000000 0.0000000 0.1136510 0.2717819 0.0000000 0.0982583 0.0472295 0.0000000 0.0000000 0.0000000 0.0954862 0.0000000 0.3735930 0.0000000
 57 T  57 0.0910910 0.0974213 0.2089396 0.0000000 0.0000000 0.0000000 0.0386893 0.0000000 0.0000000 0.0000000 0.0000000 0.1658563 0.0000000 0.0000000 0.0000000 0.1489360 0.1422679 0.0472295 0.0595690 0.0000000 0.0000000
 58 L  58 0.0000000 0.0000000 0.0000000 0.0000000 0.0000000 0.0000000 0.0000000 0.0000000 0.0000000 0.0962897 0.3443835 0.0000000 0.0962649 0.0000000 0.0472295 0.0460763 0.2362531 0.0000000 0.0000000 0.1335030 0.0000000
 59 Q  59 0.0000000 0.0960548 0.0460763 0.0425086 0.0000000 0.2102982 0.0351538 0.0504715 0.0000000 0.0191731 0.1457486 0.0000000 0.0000000 0.0000000 0.0000000 0.0450148 0.2594313 0.0000000 0.0000000 0.0500691 0.0000000
 60 R  60 0.1238100 0.2137665 0.0207403 0.0595690 0.0000000 0.1023302 0.0472295 0.0460763 0.0000000 0.0000000 0.0000000 0.0576837 0.0000000 0.0000000 0.0351538 0.1546395 0.0596435 0.0000000 0.0000000 0.0302280 0.0491296
 61 G  61 0.1101150 0.0000000 0.0386893 0.0000000 0.0000000 0.0302280 0.0000000 0.6728139 0.0595690 0.0000000 0.0000000 0.0000000 0.0460763 0.0000000 0.0425086 0.0000000 0.0000000 0.0000000 0.0000000 0.0000000 0.0000000
 62 S  62 0.1473879 0.0000000 0.0472295 0.0000000 0.0000000 0.0000000 0.0000000 0.0000000 0.0000000 0.0000000 0.0000000 0.0000000 0.0000000 0.0000000 0.0450148 0.5295950 0.2307728 0.0000000 0.0000000 0.0000000 0.0000000
 63 A  63 0.3531895 0.0000000 0.0000000 0.0491296 0.0000000 0.0000000 0.0472295 0.2001552 0.0000000 0.0596435 0.0460763 0.0000000 0.0425086 0.0000000 0.0000000 0.0982583 0.0735815 0.0000000 0.0000000 0.0302280 0.0000000
 64 Y  64 0.0000000 0.0000000 0.0885848 0.0000000 0.0000000 0.0000000 0.0000000 0.0000000 0.0596435 0.0000000 0.0842834 0.0000000 0.0000000 0.2672425 0.0000000 0.0982583 0.0970671 0.0450148 0.2599055 0.0000000 0.0000000
 65 G  65 0.0230832 0.0000000 0.0000000 0.0302280 0.0000000 0.0000000 0.0000000 0.4365968 0.0000000 0.0472295 0.0000000 0.0000000 0.0000000 0.0000000 0.0401059 0.2779026 0.1448539 0.0000000 0.0000000 0.0000000 0.0000000
 66 G  66 0.1358144 0.0000000 0.0000000 0.0000000 0.0000000 0.0000000 0.0000000 0.4005424 0.0401059 0.0000000 0.0000000 0.0596435 0.0000000 0.0000000 0.2656355 0.0000000 0.0982583 0.0000000 0.0000000 0.0000000 0.0000000
 67 V  67 0.1404188 0.0000000 0.0401059 0.0000000 0.0000000 0.0000000 0.0000000 0.0000000 0.0000000 0.0885848 0.1779983 0.1420819 0.0000000 0.0000000 0.0823834 0.0608610 0.0491296 0.0000000 0.0000000 0.2184363 0.0000000
 68 L  68 0.0000000 0.0000000 0.0000000 0.0000000 0.0000000 0.0000000 0.0472295 0.0000000 0.0000000 0.0596435 0.5215620 0.0000000 0.0000000 0.2733066 0.0982583 0.0000000 0.0000000 0.0000000 0.0000000 0.0000000 0.0000000
 69 S  69 0.0831197 0.0000000 0.0461590 0.0744240 0.0000000 0.0696788 0.0173091 0.0826145 0.0000000 0.0000000 0.0000000 0.2536797 0.0000000 0.0351538 0.0595690 0.1806825 0.0976099 0.0000000 0.0000000 0.0000000 0.0000000
 70 N  70 0.1719870 0.0000000 0.3289001 0.0827224 0.0000000 0.0465956 0.0595690 0.1021521 0.0000000 0.0472295 0.0000000 0.0000000 0.0000000 0.0000000 0.0000000 0.1608442 0.0000000 0.0000000 0.0000000 0.0000000 0.0000000
 71 F  71 0.0000000 0.0000000 0.0000000 0.0000000 0.0000000 0.0450148 0.0504715 0.0000000 0.0000000 0.0425086 0.1329836 0.0873355 0.0000000 0.5123637 0.0000000 0.0000000 0.0000000 0.0000000 0.1293224 0.0000000 0.0000000
 72 S  72 0.0465956 0.0191731 0.0654006 0.1034530 0.0000000 0.0000000 0.0595690 0.1379948 0.0000000 0.0000000 0.0000000 0.1396618 0.0000000 0.0000000 0.0000000 0.1471938 0.2213147 0.0000000 0.0000000 0.0596435 0.0000000
 73 G  73 0.1461967 0.0000000 0.0000000 0.0000000 0.0000000 0.0000000 0.0000000 0.5935977 0.0000000 0.0000000 0.0000000 0.0000000 0.0000000 0.0377778 0.0000000 0.0791547 0.1432731 0.0000000 0.0000000 0.0000000 0.0000000
 74 T  74 0.0000000 0.0767521 0.0000000 0.0000000 0.0000000 0.0000000 0.0000000 0.3780546 0.0000000 0.0000000 0.0000000 0.0000000 0.0000000 0.0596435 0.0000000 0.2844665 0.2010832 0.0000000 0.0000000 0.0000000 0.0000000
 75 V  75 0.0982583 0.0000000 0.0377778 0.0000000 0.0000000 0.0000000 0.0000000 0.0000000 0.0000000 0.0594222 0.4445853 0.0000000 0.0635461 0.0000000 0.0366462 0.0000000 0.0000000 0.0000000 0.0000000 0.2597642 0.0000000
 76 K  76 0.0000000 0.3030540 0.0424817 0.0472295 0.0000000 0.0000000 0.0401059 0.0000000 0.0000000 0.0674490 0.0656752 0.0728567 0.0000000 0.0000000 0.0000000 0.0000000 0.1387983 0.0000000 0.1732200 0.0491296 0.0000000
 77 Y  77 0.0000000 0.0000000 0.0000000 0.0000000 0.0000000 0.0000000 0.0000000 0.0366462 0.0000000 0.3248111 0.0377778 0.0000000 0.0000000 0.0000000 0.0000000 0.0000000 0.0000000 0.2344620 0.3171733 0.0491296 0.0000000
 78 S  78 0.0346736 0.0491296 0.3772442 0.0898715 0.0000000 0.0000000 0.0000000 0.0000000 0.0000000 0.0000000 0.0000000 0.0465956 0.0000000 0.0000000 0.0000000 0.1177234 0.0000000 0.0472295 0.1950508 0.0424817 0.0000000
 79 G  79 0.0791279 0.0000000 0.0901750 0.0810163 0.0000000 0.0000000 0.0000000 0.7107693 0.0000000 0.0000000 0.0000000 0.0000000 0.0000000 0.0000000 0.0000000 0.0000000 0.0389114 0.0000000 0.0000000 0.0000000 0.0000000
 80 S  80 0.0491296 0.0791547 0.0905678 0.0000000 0.0000000 0.0000000 0.0000000 0.0982583 0.0000000 0.0167979 0.0000000 0.0933058 0.0000000 0.0000000 0.0000000 0.2565923 0.1060528 0.0000000 0.0778837 0.0856614 0.0465956
 81 S  81 0.0424817 0.0472295 0.0000000 0.0425086 0.0000000 0.0366462 0.0000000 0.0000000 0.0504715 0.0000000 0.0000000 0.1579018 0.0000000 0.0000000 0.0000000 0.2243412 0.1846174 0.0000000 0.1211302 0.0460763 0.0465956
 82 Y  82 0.0000000 0.0504715 0.0000000 0.0000000 0.0000000 0.0377778 0.0000000 0.0000000 0.0000000 0.0424817 0.1428854 0.0000000 0.0000000 0.0000000 0.0000000 0.0000000 0.0000000 0.0000000 0.7263836 0.0000000 0.0000000
 83 P  83 0.0000000 0.0000000 0.0954862 0.1579018 0.0000000 0.0000000 0.0000000 0.0000000 0.0424817 0.0000000 0.0491296 0.0000000 0.0000000 0.0000000 0.4489742 0.1490755 0.0569509 0.0000000 0.0000000 0.0000000 0.0000000
 84 F  84 0.0491296 0.0000000 0.0450148 0.0000000 0.0000000 0.0000000 0.0460763 0.0000000 0.0000000 0.0774573 0.1649918 0.0000000 0.0000000 0.4751468 0.0000000 0.0826145 0.0000000 0.0000000 0.0000000 0.0000000 0.0595690
 85 P  85 0.0000000 0.0000000 0.0000000 0.0000000 0.0000000 0.0366462 0.0000000 0.0000000 0.0000000 0.0000000 0.0000000 0.0000000 0.0000000 0.0000000 0.9633538 0.0000000 0.0000000 0.0000000 0.0000000 0.0000000 0.0000000
 86 T  86 0.0000000 0.0000000 0.0000000 0.0000000 0.0000000 0.0000000 0.0000000 0.0000000 0.0000000 0.0504715 0.3956248 0.0000000 0.0819032 0.0857758 0.0424817 0.0596435 0.0909309 0.0000000 0.0000000 0.1931686 0.0000000
 87 T  87 0.0424817 0.0000000 0.1494884 0.0366462 0.0000000 0.1152353 0.0000000 0.0000000 0.0000000 0.0000000 0.0465956 0.0000000 0.0000000 0.0000000 0.1937445 0.0916382 0.2329368 0.0000000 0.0269859 0.0181711 0.0460763
 88 S  88 0.0000000 0.0596435 0.1852832 0.0000000 0.0000000 0.2103982 0.0000000 0.0664942 0.0000000 0.0000000 0.0366462 0.0424817 0.0000000 0.0000000 0.0460763 0.2775543 0.0484365 0.0000000 0.0269859 0.0000000 0.0000000
 89 E  89 0.0739781 0.0424817 0.0577568 0.1514653 0.0000000 0.0366462 0.1672352 0.1379948 0.0000000 0.0000000 0.0000000 0.0491296 0.0000000 0.0000000 0.1643137 0.0803093 0.0000000 0.0000000 0.0000000 0.0000000 0.0386893
 90 T  90 0.0000000 0.0424817 0.0596435 0.0000000 0.0000000 0.0000000 0.0491296 0.0472295 0.0000000 0.1379948 0.0000000 0.0000000 0.0000000 0.0000000 0.0000000 0.0554140 0.4271261 0.0000000 0.0000000 0.1809807 0.0000000
 91 P  91 0.1047294 0.1257142 0.1090020 0.0000000 0.0000000 0.0000000 0.0460763 0.0210376 0.0551309 0.0491296 0.0000000 0.1212903 0.0000000 0.0465956 0.0274069 0.1575661 0.0366462 0.0000000 0.0401059 0.0000000 0.0595690
 92 R  92 0.0000000 0.0695582 0.0000000 0.0000000 0.0000000 0.1042605 0.1046520 0.0596435 0.0000000 0.1179205 0.0424817 0.0207403 0.0450148 0.0000000 0.0000000 0.0673260 0.0210376 0.0000000 0.0867016 0.2010944 0.0595690
 93 V  93 0.0744240 0.0000000 0.0000000 0.0000000 0.0596435 0.0551309 0.0000000 0.0000000 0.0883635 0.0572138 0.0796098 0.0000000 0.0167979 0.1272473 0.0000000 0.0504715 0.0450148 0.0000000 0.1421155 0.1443984 0.0595690
 94 V  94 0.0000000 0.0302280 0.1040776 0.0422563 0.0000000 0.0000000 0.0472295 0.0000000 0.0351538 0.1058845 0.0000000 0.0000000 0.0000000 0.0857758 0.0000000 0.1327779 0.2918629 0.0000000 0.0377778 0.0274069 0.0595690
 95 Y  95 0.0000000 0.0491296 0.0000000 0.0000000 0.0000000 0.0000000 0.0000000 0.0000000 0.0000000 0.2096078 0.2373891 0.0000000 0.0450148 0.0962649 0.0000000 0.0000000 0.0000000 0.0377778 0.2445067 0.0207403 0.0595690
 96 N  96 0.0000000 0.0424817 0.0912698 0.0253533 0.0000000 0.1337031 0.0000000 0.0582370 0.0000000 0.0000000 0.0491296 0.0949543 0.0000000 0.0000000 0.1523466 0.1236710 0.1692845 0.0000000 0.0000000 0.0000000 0.0595690
 97 S  97 0.0460763 0.0000000 0.0875233 0.2036642 0.0000000 0.0000000 0.0424817 0.0000000 0.0346736 0.0000000 0.0000000 0.0386893 0.0000000 0.0596435 0.0465956 0.2174238 0.0491296 0.0000000 0.1145299 0.0000000 0.0595690
 98 R  98 0.0000000 0.1222279 0.1162266 0.0000000 0.0000000 0.0460763 0.0000000 0.3433093 0.0000000 0.0167979 0.0776624 0.0746839 0.0000000 0.0000000 0.0000000 0.0000000 0.1434468 0.0000000 0.0000000 0.0000000 0.0595690
 99 T  99 0.0963591 0.0000000 0.1863647 0.0346736 0.0000000 0.0000000 0.0460763 0.0000000 0.0000000 0.1379680 0.0000000 0.0302280 0.0401059 0.0000000 0.0000000 0.0984677 0.1323701 0.0000000 0.0000000 0.1378175 0.0595690
100 D 100 0.0000000 0.0000000 0.0596435 0.0695582 0.0000000 0.0000000 0.0213728 0.0954862 0.0000000 0.0000000 0.0000000 0.0000000 0.0000000 0.0447725 0.0884650 0.1341199 0.0460763 0.1611256 0.2198110 0.0000000 0.0595690
101 K 101 0.0000000 0.0597908 0.0000000 0.0000000 0.0000000 0.1292101 0.0491296 0.0000000 0.0859188 0.0269859 0.0381049 0.1732605 0.0582370 0.0000000 0.0000000 0.0167979 0.2075092 0.0000000 0.0504715 0.0450148 0.0595690
102 P 102 0.0191731 0.0000000 0.0386893 0.0000000 0.0000000 0.0000000 0.0000000 0.0978957 0.0401059 0.0000000 0.0596435 0.0000000 0.0000000 0.0000000 0.5762421 0.1086812 0.0000000 0.0000000 0.0000000 0.0000000 0.0595690
103 W 103 0.0000000 0.0000000 0.0000000 0.0000000 0.0000000 0.0000000 0.0000000 0.0000000 0.0000000 0.1992192 0.2880244 0.0000000 0.0351538 0.0744240 0.0000000 0.0000000 0.0000000 0.2174238 0.0000000 0.0837041 0.1020507
104 P 104 0.0425086 0.0000000 0.1232508 0.1427158 0.0000000 0.0491296 0.0000000 0.0000000 0.0000000 0.0000000 0.0000000 0.0000000 0.0000000 0.0000000 0.5403446 0.0000000 0.0000000 0.0000000 0.0000000 0.0000000 0.1020507
105 V 105 0.0997773 0.0000000 0.0000000 0.0000000 0.0000000 0.0000000 0.0000000 0.0465956 0.0000000 0.1303275 0.2052325 0.0000000 0.0351538 0.0000000 0.0000000 0.0000000 0.1344356 0.0000000 0.0000000 0.2464269 0.1020507
106 A 106 0.0576349 0.1715040 0.0000000 0.0000000 0.0000000 0.1349542 0.0460763 0.0000000 0.0000000 0.0000000 0.0000000 0.3149886 0.0351538 0.0000000 0.0000000 0.0000000 0.0954862 0.0000000 0.0000000 0.0421513 0.1020507
107 L 107 0.0000000 0.0000000 0.0000000 0.0000000 0.0000000 0.0000000 0.0000000 0.0000000 0.0000000 0.0000000 0.5808439 0.0000000 0.0931918 0.0472295 0.0954862 0.0000000 0.0000000 0.0000000 0.0000000 0.0811979 0.1020507
108 Y 108 0.0000000 0.0000000 0.0000000 0.0000000 0.0000000 0.0000000 0.0000000 0.0000000 0.0000000 0.0000000 0.0000000 0.0596435 0.0000000 0.0465956 0.0000000 0.0401059 0.0472295 0.0000000 0.7043746 0.0000000 0.1020507
109 L 109 0.0465956 0.0000000 0.0000000 0.0000000 0.0000000 0.0000000 0.0000000 0.0000000 0.0000000 0.0655918 0.6413528 0.0000000 0.0000000 0.0460763 0.0000000 0.0000000 0.0000000 0.0000000 0.0386893 0.0596435 0.1020507
110 T 110 0.0000000 0.0000000 0.0000000 0.0000000 0.0000000 0.0000000 0.0460763 0.0000000 0.0000000 0.0000000 0.0000000 0.0269859 0.0000000 0.0000000 0.0000000 0.1455624 0.3776704 0.0000000 0.1145299 0.1871244 0.1020507
111 P 111 0.0767867 0.0954862 0.0916382 0.0000000 0.0000000 0.0000000 0.0000000 0.0000000 0.0000000 0.0596435 0.0926719 0.0000000 0.0386893 0.0000000 0.4160475 0.0269859 0.0000000 0.0000000 0.0000000 0.0000000 0.1020507
112 V 112 0.0366462 0.1021521 0.0954862 0.0000000 0.0000000 0.0465956 0.0778837 0.0000000 0.0000000 0.1409532 0.0210376 0.0386893 0.0000000 0.0000000 0.0000000 0.0000000 0.1487198 0.0000000 0.0000000 0.1897856 0.1020507
113 S 113 0.0000000 0.0000000 0.0504715 0.0837041 0.0000000 0.0000000 0.0000000 0.1054830 0.0000000 0.0000000 0.0401059 0.0491296 0.0000000 0.0425086 0.0744240 0.3844894 0.0210376 0.0000000 0.0000000 0.0465956 0.1020507
114 S 114 0.1822839 0.0000000 0.0472295 0.0000000 0.0000000 0.0000000 0.0000000 0.1145299 0.0000000 0.0000000 0.0000000 0.0000000 0.0460763 0.0000000 0.3285174 0.0442048 0.1351074 0.0000000 0.0000000 0.0000000 0.1020507
115 A 115 0.4904109 0.0000000 0.0000000 0.0000000 0.0000000 0.0000000 0.0000000 0.1057198 0.0000000 0.0000000 0.0000000 0.0000000 0.0000000 0.0000000 0.0386893 0.0504715 0.0916382 0.0000000 0.0465956 0.0744240 0.1020507
116 G 116 0.0000000 0.0000000 0.1427158 0.0213728 0.0000000 0.0000000 0.0000000 0.4149243 0.0000000 0.0000000 0.0000000 0.0460763 0.0000000 0.1145299 0.0916382 0.0200964 0.0000000 0.0000000 0.0000000 0.0465956 0.1020507
117 G 117 0.0596435 0.0000000 0.0000000 0.0425086 0.0000000 0.0386893 0.0000000 0.5664158 0.0000000 0.0000000 0.0000000 0.0000000 0.0000000 0.0000000 0.0954862 0.0952059 0.0000000 0.0000000 0.0000000 0.0000000 0.1020507
118 V 118 0.0465956 0.0000000 0.0000000 0.0000000 0.0000000 0.0000000 0.0000000 0.0000000 0.0000000 0.1590324 0.0661727 0.1415158 0.0000000 0.0000000 0.0000000 0.0000000 0.0000000 0.0000000 0.0000000 0.4846328 0.1020507
119 A 119 0.1320649 0.0000000 0.0596435 0.0954862 0.0000000 0.0730621 0.0000000 0.0000000 0.0000000 0.0472295 0.1621672 0.0811979 0.0000000 0.0465956 0.0000000 0.0000000 0.0000000 0.0000000 0.0000000 0.2005022 0.1020507
120 I 120 0.0000000 0.0000000 0.0000000 0.0000000 0.0000000 0.0000000 0.0000000 0.0000000 0.0000000 0.7072016 0.0774302 0.0000000 0.0000000 0.0000000 0.0000000 0.0000000 0.0000000 0.0000000 0.0000000 0.1133175 0.1020507
121 K 121 0.0000000 0.3320851 0.2390048 0.0000000 0.0000000 0.0000000 0.0210376 0.0000000 0.0377778 0.0000000 0.0000000 0.1368791 0.0000000 0.0000000 0.0000000 0.1058116 0.0253533 0.0000000 0.0000000 0.0000000 0.1020507
122 A 122 0.2629626 0.1248929 0.0366462 0.0000000 0.0000000 0.0465956 0.0000000 0.0000000 0.0000000 0.0954862 0.0000000 0.2405006 0.0000000 0.0000000 0.0000000 0.0908650 0.0000000 0.0000000 0.0000000 0.0000000 0.1020507
123 G 123 0.0000000 0.0000000 0.0000000 0.0000000 0.0000000 0.0000000 0.0000000 0.8979493 0.0000000 0.0000000 0.0000000 0.0000000 0.0000000 0.0000000 0.0000000 0.0000000 0.0000000 0.0000000 0.0000000 0.0000000 0.1020507
124 S 124 0.0000000 0.0000000 0.0000000 0.4030719 0.0000000 0.0859188 0.1915347 0.0000000 0.0000000 0.0000000 0.0000000 0.0000000 0.0000000 0.0000000 0.0000000 0.0896546 0.1277692 0.0000000 0.0000000 0.0000000 0.1020507
125 L 125 0.0000000 0.0642474 0.0504715 0.0000000 0.0000000 0.0302280 0.0000000 0.0000000 0.0570562 0.0596435 0.3369903 0.0000000 0.0210376 0.0000000 0.0472295 0.0000000 0.0738431 0.0000000 0.0000000 0.1572022 0.1020507
126 I 126 0.0000000 0.0000000 0.0000000 0.0000000 0.0000000 0.0000000 0.0000000 0.0000000 0.0000000 0.4500070 0.2660276 0.0000000 0.0000000 0.0761685 0.0000000 0.0000000 0.0000000 0.0000000 0.0000000 0.1057462 0.1020507
127 A 127 0.6169997 0.0000000 0.0000000 0.0000000 0.0000000 0.0000000 0.0000000 0.2318200 0.0000000 0.0000000 0.0000000 0.0000000 0.0491296 0.0000000 0.0000000 0.0000000 0.0000000 0.0000000 0.0000000 0.0000000 0.1020507
128 V 128 0.0000000 0.1566188 0.0000000 0.0000000 0.0000000 0.1059494 0.0000000 0.0000000 0.0000000 0.0213728 0.0000000 0.0269859 0.0000000 0.0000000 0.0000000 0.0806811 0.3494477 0.0000000 0.0472295 0.1096641 0.1020507
129 L 129 0.0000000 0.0000000 0.0000000 0.0000000 0.0000000 0.0000000 0.0000000 0.0000000 0.0000000 0.1738077 0.5794907 0.0000000 0.0000000 0.1068731 0.0000000 0.0000000 0.0000000 0.0000000 0.0000000 0.0377778 0.1020507
130 I 130 0.0000000 0.0465956 0.2395699 0.0793576 0.0000000 0.0386893 0.0742154 0.0000000 0.0735547 0.0695582 0.0000000 0.0460763 0.0000000 0.0000000 0.0000000 0.0000000 0.0596435 0.0000000 0.0744240 0.0962649 0.1020507
131 L 131 0.0596435 0.0000000 0.0000000 0.0000000 0.0000000 0.0000000 0.0000000 0.0000000 0.0000000 0.0401059 0.2830913 0.0000000 0.2582745 0.1351805 0.0000000 0.0000000 0.0000000 0.0000000 0.0472295 0.0744240 0.1020507
132 R 132 0.0000000 0.0744328 0.0744240 0.0450148 0.0000000 0.0401059 0.0596435 0.0000000 0.2371885 0.0460763 0.0465956 0.0000000 0.0000000 0.0000000 0.0000000 0.0425086 0.0504715 0.0000000 0.1814878 0.0000000 0.1020507
133 Q 133 0.0504715 0.0000000 0.0000000 0.0000000 0.0000000 0.4578965 0.0000000 0.0000000 0.0000000 0.0000000 0.0000000 0.3895813 0.0000000 0.0000000 0.0000000 0.0000000 0.0000000 0.0000000 0.0000000 0.0000000 0.1020507
134 T 134 0.0000000 0.1057198 0.0491296 0.0000000 0.0000000 0.0000000 0.0867016 0.0000000 0.0000000 0.0852229 0.0000000 0.0472295 0.0000000 0.0000000 0.0000000 0.0000000 0.3933045 0.0000000 0.0000000 0.1306413 0.1020507
135 N 135 0.1406369 0.0000000 0.4331406 0.0000000 0.0000000 0.0000000 0.0000000 0.0752273 0.0000000 0.0000000 0.0000000 0.0366462 0.0377778 0.0000000 0.0000000 0.1358312 0.0386893 0.0000000 0.0000000 0.0000000 0.1020507
136 N 136 0.0000000 0.0000000 0.3590805 0.1046483 0.0000000 0.0000000 0.0000000 0.2559738 0.0000000 0.0000000 0.0000000 0.0000000 0.0000000 0.0000000 0.0000000 0.1150575 0.0631891 0.0000000 0.0000000 0.0000000 0.1020507
137 Y 137 0.0000000 0.0425086 0.0000000 0.0000000 0.0000000 0.1235536 0.0000000 0.2046330 0.0965477 0.0000000 0.0472295 0.0167979 0.0000000 0.0000000 0.0000000 0.0000000 0.0000000 0.1217832 0.1592537 0.0302280 0.1574647
138 N 138 0.0465956 0.0472295 0.3260245 0.1640827 0.0000000 0.0000000 0.0744240 0.0861822 0.0491296 0.0000000 0.0000000 0.0000000 0.0000000 0.0000000 0.0811979 0.0230832 0.0000000 0.0000000 0.0000000 0.0000000 0.1020507
139 S 139 0.2143254 0.0000000 0.0593065 0.0000000 0.0000000 0.0787952 0.0213728 0.1406369 0.0000000 0.1265598 0.0000000 0.0000000 0.0000000 0.0000000 0.0504715 0.1280030 0.0000000 0.0000000 0.0000000 0.0784782 0.1020507
140 D 140 0.0000000 0.0411340 0.1154570 0.3811797 0.0000000 0.0885848 0.0181711 0.1815785 0.0000000 0.0000000 0.0000000 0.0000000 0.0000000 0.0000000 0.0000000 0.0718442 0.0000000 0.0000000 0.0000000 0.0000000 0.1020507
141 D 141 0.0401059 0.0000000 0.0976770 0.0442048 0.0425086 0.0000000 0.0744240 0.0472295 0.1227111 0.0000000 0.0000000 0.0000000 0.0000000 0.0000000 0.2119838 0.1208396 0.0962649 0.0000000 0.0000000 0.0000000 0.1020507
142 F 142 0.0883383 0.1148162 0.0173646 0.0472295 0.0000000 0.0386893 0.0000000 0.0425086 0.0000000 0.0000000 0.0000000 0.1621333 0.0000000 0.0997861 0.0774573 0.1635497 0.0000000 0.0000000 0.0000000 0.0000000 0.1481270
143 Q 143 0.0450148 0.0774573 0.1148718 0.0767387 0.0000000 0.0695582 0.0000000 0.0000000 0.0401059 0.0000000 0.0000000 0.0200964 0.0000000 0.0000000 0.0425086 0.0465956 0.1536260 0.0000000 0.1303597 0.0000000 0.1830671
144 F 144 0.0000000 0.0000000 0.0000000 0.0000000 0.0000000 0.0000000 0.0000000 0.0000000 0.0000000 0.0504715 0.0450148 0.0000000 0.0000000 0.5856324 0.0000000 0.0000000 0.0000000 0.0000000 0.1571871 0.0000000 0.1616943
145 V 145 0.0450148 0.0425086 0.0504715 0.0000000 0.0000000 0.0000000 0.0465956 0.0472295 0.0000000 0.0887942 0.0000000 0.0793576 0.0000000 0.0000000 0.0000000 0.0000000 0.4323999 0.0000000 0.0000000 0.0655776 0.1020507
146 W 146 0.0000000 0.0000000 0.0000000 0.0000000 0.0000000 0.0000000 0.0000000 0.0000000 0.0000000 0.0000000 0.0465956 0.0000000 0.0000000 0.0302280 0.0000000 0.0000000 0.0000000 0.7256394 0.0000000 0.0954862 0.1020507
147 N 147 0.0000000 0.3208727 0.3804977 0.0000000 0.0000000 0.0000000 0.0351538 0.0000000 0.0000000 0.0000000 0.0000000 0.0401059 0.0000000 0.0000000 0.0000000 0.0000000 0.0450148 0.0000000 0.0763042 0.0000000 0.1020507
148 I 148 0.0000000 0.0000000 0.0000000 0.0000000 0.0000000 0.0000000 0.0000000 0.0000000 0.0000000 0.3464383 0.1186770 0.0000000 0.0000000 0.3159750 0.0000000 0.0000000 0.0000000 0.0000000 0.0954862 0.0213728 0.1020507
149 Y 149 0.0000000 0.0000000 0.0504715 0.0000000 0.0000000 0.0000000 0.0000000 0.0000000 0.0302280 0.1969530 0.0472295 0.0000000 0.0000000 0.0401059 0.0000000 0.0596435 0.0450148 0.0000000 0.3931492 0.0351538 0.1020507
150 A 150 0.7800687 0.0000000 0.0000000 0.0000000 0.0000000 0.0000000 0.0000000 0.0000000 0.0000000 0.0000000 0.0596435 0.0000000 0.0000000 0.0000000 0.0000000 0.0582370 0.0000000 0.0000000 0.0000000 0.0000000 0.1020507
151 N 151 0.1802518 0.0302280 0.2269556 0.0826145 0.0000000 0.0213728 0.0000000 0.0963591 0.0000000 0.0000000 0.0269859 0.1413930 0.0000000 0.0000000 0.0000000 0.0173646 0.0744240 0.0000000 0.0000000 0.0000000 0.1020507
152 N 152 0.0000000 0.0000000 0.8226895 0.0000000 0.0000000 0.0000000 0.0000000 0.0000000 0.0000000 0.0000000 0.0000000 0.0401059 0.0000000 0.0000000 0.0000000 0.0000000 0.0000000 0.0000000 0.0351538 0.0000000 0.1020507
153 D 153 0.0000000 0.0000000 0.2089524 0.5962621 0.0000000 0.0000000 0.0302280 0.0000000 0.0000000 0.0000000 0.0000000 0.0000000 0.0000000 0.0000000 0.0000000 0.0625068 0.0000000 0.0000000 0.0000000 0.0000000 0.1020507
154 V 154 0.0425086 0.0000000 0.0000000 0.0000000 0.0000000 0.0000000 0.0000000 0.0000000 0.0000000 0.0000000 0.1062392 0.0000000 0.0000000 0.0954862 0.0000000 0.0386893 0.0000000 0.0000000 0.0000000 0.6150260 0.1020507
155 V 155 0.0000000 0.0000000 0.0000000 0.0460763 0.0000000 0.0000000 0.0000000 0.0000000 0.0000000 0.1323672 0.0000000 0.0000000 0.0000000 0.0000000 0.0000000 0.0450148 0.0856253 0.0000000 0.1570385 0.4318272 0.1020507
156 V 156 0.0000000 0.0000000 0.0000000 0.0000000 0.0000000 0.0000000 0.0000000 0.0000000 0.0000000 0.3598205 0.0401059 0.0000000 0.0852229 0.0811979 0.0000000 0.0000000 0.0000000 0.0000000 0.0000000 0.3316021 0.1020507
157 P 157 0.0000000 0.0000000 0.0460763 0.0000000 0.0000000 0.1611256 0.0000000 0.0491296 0.0000000 0.0000000 0.0000000 0.0000000 0.0000000 0.0000000 0.4649337 0.0000000 0.0000000 0.0000000 0.0000000 0.0425086 0.2362263
158 T 158 0.0000000 0.0000000 0.0000000 0.0000000 0.0000000 0.0000000 0.0000000 0.0000000 0.0000000 0.0000000 0.0000000 0.0000000 0.0000000 0.0000000 0.0000000 0.0000000 0.5850365 0.0000000 0.0000000 0.0000000 0.4149635
