  127         A         R         N         D         C         Q         E         G         H         I         L         K         M         F         P         S         T         W         Y         V         X    
  1 M   1 0.0000000 0.0000000 0.0000000 0.0000000 0.0000000 0.0000000 0.0000000 0.0000000 0.0000000 0.0000000 0.0734434 0.0000000 0.2414809 0.0000000 0.0000000 0.0000000 0.0000000 0.0000000 0.0000000 0.0000000 0.6850757
  2 M   2 0.1146416 0.1239377 0.0101791 0.0000000 0.0000000 0.0082128 0.0049821 0.0072069 0.0035750 0.0034149 0.0000000 0.0171543 0.1929476 0.0063176 0.0048794 0.0328220 0.0055361 0.0000000 0.0128351 0.0453211 0.4060366
  3 I   3 0.0039127 0.0000000 0.0085462 0.0000000 0.0472837 0.0132616 0.0000000 0.0000000 0.0000000 0.1525612 0.1708059 0.0000000 0.1435536 0.0087481 0.0000000 0.0000000 0.0092415 0.0000000 0.0000000 0.3168894 0.1251963
  4 R   4 0.0000000 0.6322287 0.0000000 0.0000000 0.0201070 0.0196717 0.0000000 0.0000000 0.0302558 0.0060683 0.0080579 0.0335029 0.0000000 0.0656174 0.0000000 0.0000000 0.0051405 0.0069642 0.0180463 0.0317239 0.1226155
  5 G   5 0.3891204 0.0000000 0.0000000 0.0000000 0.0000000 0.0000000 0.0000000 0.4557849 0.0000000 0.0000000 0.0000000 0.0000000 0.0000000 0.0000000 0.0000000 0.0360805 0.0000000 0.0000000 0.0000000 0.0086281 0.1103860
  6 I   6 0.0000000 0.0000000 0.0000000 0.0000000 0.0000000 0.0000000 0.0000000 0.0000000 0.0000000 0.5628431 0.1298229 0.0000000 0.0000000 0.0000000 0.0000000 0.0000000 0.0000000 0.0000000 0.0000000 0.2120166 0.0953173
  7 R   7 0.0000000 0.9177167 0.0000000 0.0000000 0.0000000 0.0000000 0.0000000 0.0000000 0.0000000 0.0000000 0.0000000 0.0000000 0.0000000 0.0000000 0.0000000 0.0000000 0.0000000 0.0000000 0.0000000 0.0000000 0.0822833
  8 G   8 0.0130340 0.0000000 0.0000000 0.0000000 0.0000000 0.0000000 0.0000000 0.9046827 0.0000000 0.0000000 0.0000000 0.0000000 0.0000000 0.0000000 0.0000000 0.0000000 0.0000000 0.0000000 0.0000000 0.0000000 0.0822833
  9 A   9 0.9037280 0.0000000 0.0000000 0.0000000 0.0000000 0.0000000 0.0000000 0.0139886 0.0000000 0.0000000 0.0000000 0.0000000 0.0000000 0.0000000 0.0000000 0.0000000 0.0000000 0.0000000 0.0000000 0.0000000 0.0822833
 10 T  10 0.0000000 0.0000000 0.0041647 0.0000000 0.0065337 0.0000000 0.0000000 0.0000000 0.0000000 0.2463339 0.0000000 0.0000000 0.0000000 0.0000000 0.0000000 0.0000000 0.5163302 0.0000000 0.0000000 0.1443543 0.0822833
 11 T  11 0.0000000 0.0000000 0.0078814 0.0042168 0.0556159 0.1377375 0.0000000 0.0262368 0.0000000 0.0000000 0.0000000 0.0030334 0.0000000 0.0000000 0.0000000 0.0482978 0.6069939 0.0000000 0.0000000 0.0220320 0.0879548
 12 V  12 0.1155508 0.0000000 0.0000000 0.0000000 0.0839523 0.0000000 0.0000000 0.0000000 0.0000000 0.0963679 0.0949499 0.0000000 0.0000000 0.0000000 0.0000000 0.0244715 0.0093962 0.0000000 0.0000000 0.4767335 0.0985780
 13 E  13 0.0313825 0.0064350 0.0255750 0.1328340 0.0000000 0.0280377 0.3466407 0.0246843 0.0000000 0.0034192 0.0285681 0.0261424 0.0030700 0.0000000 0.0268619 0.1235938 0.0760816 0.0000000 0.0000000 0.0160271 0.1006467
 14 R  14 0.1403745 0.1496007 0.0279455 0.0324197 0.0055385 0.0552156 0.2578926 0.0380903 0.0191139 0.0000000 0.0032684 0.0643604 0.0000000 0.0000000 0.0000000 0.0415307 0.0193460 0.0000000 0.0000000 0.0242203 0.1210828
 15 D  15 0.0000000 0.0000000 0.6213162 0.3021612 0.0000000 0.0000000 0.0000000 0.0000000 0.0000000 0.0000000 0.0000000 0.0000000 0.0000000 0.0000000 0.0000000 0.0000000 0.0000000 0.0000000 0.0000000 0.0000000 0.0765226
 16 T  16 0.0162670 0.0180546 0.0377249 0.1141551 0.0154555 0.0148882 0.1629297 0.0061475 0.0118453 0.0000000 0.0000000 0.0128430 0.0041514 0.0000000 0.0000000 0.1907740 0.3073615 0.0000000 0.0000000 0.0108798 0.0765226
 17 E  17 0.1944038 0.1369017 0.0000000 0.0043411 0.0029609 0.0229537 0.1226968 0.0055745 0.0000000 0.0420826 0.0000000 0.1286194 0.0000000 0.0000000 0.1278802 0.0333448 0.0264556 0.0000000 0.0000000 0.0752625 0.0765226
 18 E  18 0.0664472 0.0108419 0.0139131 0.0895349 0.0033929 0.0566438 0.4485802 0.0602800 0.0000000 0.0146448 0.0000000 0.0692212 0.0078957 0.0000000 0.0142718 0.0230440 0.0285624 0.0000000 0.0000000 0.0162036 0.0765226
 19 E  19 0.2835753 0.0000000 0.0170383 0.0968739 0.0000000 0.0318817 0.3296823 0.0000000 0.0812964 0.0000000 0.0271169 0.0000000 0.0000000 0.0024124 0.0028628 0.0327107 0.0000000 0.0000000 0.0131473 0.0048794 0.0765226
 20 I  20 0.0000000 0.0000000 0.0000000 0.0000000 0.0000000 0.0000000 0.0000000 0.0000000 0.0000000 0.7232398 0.0341405 0.0000000 0.0916761 0.0000000 0.0000000 0.0000000 0.0000000 0.0000000 0.0000000 0.0744210 0.0765226
 21 L  21 0.0399528 0.1381099 0.0000000 0.0423006 0.0052636 0.0246400 0.0945861 0.0183336 0.0133039 0.0770683 0.2444482 0.0309876 0.0000000 0.0326559 0.0000000 0.0220136 0.0354556 0.0376947 0.0103699 0.0562930 0.0765226
 22 Q  22 0.1243046 0.0585192 0.0325213 0.0886743 0.0038124 0.0777541 0.2991104 0.0118352 0.0139216 0.0042589 0.0171548 0.0515595 0.0000000 0.0000000 0.0000000 0.1044644 0.0314704 0.0000000 0.0000000 0.0041162 0.0765226
 23 K  23 0.5696458 0.0613329 0.0329946 0.0162946 0.0093325 0.0591269 0.0299717 0.0396234 0.0035026 0.0038396 0.0000000 0.0481517 0.0000000 0.0000000 0.0000000 0.0356214 0.0028451 0.0000000 0.0000000 0.0111945 0.0765226
 24 T  24 0.0456171 0.0000000 0.0000000 0.0000000 0.0000000 0.0000000 0.0000000 0.0000000 0.0000000 0.0079335 0.0000000 0.0000000 0.0000000 0.0000000 0.0000000 0.0295085 0.4808777 0.0000000 0.0000000 0.3595407 0.0765226
 25 K  25 0.0564693 0.1537372 0.0145498 0.0106296 0.0293882 0.0834035 0.0676359 0.0546495 0.0217163 0.0561064 0.0322816 0.1097536 0.0054696 0.0039690 0.0000000 0.0652426 0.0803678 0.0000000 0.0060683 0.0720392 0.0765226
 26 Q  26 0.0660398 0.0318117 0.0114728 0.0118696 0.0000000 0.0428748 0.6127275 0.0034149 0.0000000 0.0076573 0.0095973 0.0480663 0.0113041 0.0000000 0.0000000 0.0354493 0.0231281 0.0041514 0.0000000 0.0039127 0.0765226
 27 L  27 0.0130340 0.0000000 0.0000000 0.0000000 0.0000000 0.0000000 0.0000000 0.0000000 0.0000000 0.0066919 0.8396204 0.0000000 0.0641312 0.0000000 0.0000000 0.0000000 0.0000000 0.0000000 0.0000000 0.0000000 0.0765226
 28 L  28 0.0046602 0.0000000 0.0000000 0.0000000 0.0281947 0.0000000 0.0000000 0.0000000 0.0000000 0.0772684 0.4970075 0.0000000 0.0666996 0.0534405 0.0000000 0.0000000 0.0000000 0.0081508 0.0598571 0.1281986 0.0765226
 29 E  29 0.0576502 0.0819314 0.0474023 0.1317700 0.0039973 0.0861346 0.1318803 0.0122884 0.0229795 0.0029130 0.0476584 0.0524318 0.0039730 0.0000000 0.0078957 0.0701091 0.1399384 0.0000000 0.0000000 0.0225240 0.0765226
 30 K  30 0.1921336 0.0384289 0.0067254 0.0152596 0.0031153 0.0785834 0.3422902 0.0306462 0.0091763 0.0000000 0.0359150 0.0683152 0.0112410 0.0000000 0.0000000 0.0485770 0.0273354 0.0000000 0.0000000 0.0157350 0.0765226
 31 I  31 0.0000000 0.0000000 0.0000000 0.0000000 0.0000000 0.0000000 0.0000000 0.0000000 0.0000000 0.3622227 0.2509146 0.0000000 0.1893185 0.0130340 0.0000000 0.0000000 0.0055124 0.0000000 0.0000000 0.0955110 0.0834868
 32 I  32 0.0188797 0.0000000 0.0000000 0.0000000 0.0192737 0.0099161 0.0824086 0.0000000 0.0000000 0.2112999 0.2767993 0.0000000 0.0860111 0.0449218 0.0000000 0.0000000 0.0066054 0.0000000 0.0025015 0.1743270 0.0670560
 33 E  33 0.0740296 0.1467508 0.0370937 0.0486246 0.0028853 0.0420959 0.2572298 0.0081761 0.0153524 0.0157302 0.0240865 0.0952303 0.0026608 0.0000000 0.0000000 0.0952042 0.0541544 0.0000000 0.0000000 0.0136392 0.0670560
 34 E  34 0.1376371 0.3168206 0.0227230 0.0056732 0.0059633 0.0806520 0.1596860 0.0036109 0.0278347 0.0059881 0.0514048 0.0549420 0.0045603 0.0000000 0.0000000 0.0129355 0.0155650 0.0000000 0.0030641 0.0238835 0.0670560
 35 N  35 0.0000000 0.0000000 0.9329440 0.0000000 0.0000000 0.0000000 0.0000000 0.0000000 0.0000000 0.0000000 0.0000000 0.0000000 0.0000000 0.0000000 0.0000000 0.0000000 0.0000000 0.0000000 0.0000000 0.0000000 0.0670560
 36 H  36 0.0540569 0.0302378 0.0899325 0.1425478 0.0000000 0.0985736 0.1109693 0.2014936 0.0161944 0.0000000 0.0000000 0.1010914 0.0000000 0.0000000 0.0076960 0.0761608 0.0000000 0.0000000 0.0000000 0.0039900 0.0670560
 37 T  37 0.0080097 0.0000000 0.0000000 0.0000000 0.0069828 0.0000000 0.0000000 0.0000000 0.0000000 0.3254913 0.4796982 0.0000000 0.0000000 0.0242658 0.0000000 0.0000000 0.0071974 0.0000000 0.0046602 0.0766387 0.0670560
 38 K  38 0.0585805 0.0202136 0.0546485 0.1458644 0.0075593 0.0825867 0.0967240 0.0166288 0.0461624 0.0210846 0.0119024 0.1339417 0.0000000 0.0000000 0.0100468 0.1025252 0.0813193 0.0000000 0.0000000 0.0431557 0.0670560
 39 P  39 0.0920656 0.0239523 0.0040724 0.0000000 0.0000000 0.0036194 0.1283254 0.0235102 0.0107574 0.0231528 0.0361409 0.0509801 0.0000000 0.0195375 0.3102903 0.0633479 0.0687375 0.0000000 0.0023002 0.0642296 0.0749805
 40 E  40 0.0662768 0.0138976 0.0269688 0.2172582 0.0000000 0.0236076 0.3995124 0.0072501 0.0033349 0.0000000 0.0000000 0.0473151 0.0000000 0.0000000 0.0134114 0.0489268 0.0338956 0.0000000 0.0078108 0.0000000 0.0905339
 41 D  41 0.0175066 0.0141970 0.0411095 0.6276547 0.0030317 0.0851140 0.0969932 0.0000000 0.0000000 0.0000000 0.0032700 0.0118976 0.0036855 0.0000000 0.0000000 0.0028331 0.0000000 0.0036109 0.0027481 0.0037386 0.0826094
 42 V  42 0.0000000 0.0000000 0.0000000 0.0000000 0.0000000 0.0000000 0.0000000 0.0000000 0.0000000 0.4893885 0.1789996 0.0000000 0.0241251 0.0155035 0.0000000 0.0000000 0.0000000 0.0000000 0.0000000 0.2249273 0.0670560
 43 V  43 0.1727450 0.0000000 0.0000000 0.0000000 0.0230753 0.0000000 0.0000000 0.0592921 0.0079245 0.2559765 0.0372150 0.0000000 0.0000000 0.0000000 0.0000000 0.0343157 0.0118190 0.0000000 0.0000000 0.3305808 0.0670560
 44 Q  44 0.0677600 0.0000000 0.0271317 0.0000000 0.0280744 0.0408710 0.0000000 0.0040652 0.0097502 0.0000000 0.0059633 0.0000000 0.0065580 0.0373429 0.0000000 0.6989299 0.0000000 0.0064973 0.0000000 0.0000000 0.0670560
 45 M  45 0.1346853 0.0000000 0.0000000 0.0000000 0.0145947 0.0000000 0.0000000 0.0000000 0.0000000 0.3192747 0.0779432 0.0000000 0.0376662 0.0080579 0.0000000 0.0000000 0.0056900 0.0000000 0.0000000 0.3479229 0.0541651
 46 L  46 0.0000000 0.0000000 0.0000000 0.0000000 0.0000000 0.0513075 0.0000000 0.0000000 0.0196235 0.2897125 0.1581583 0.0000000 0.0041821 0.1710249 0.0000000 0.0000000 0.1485008 0.0846810 0.0079192 0.0107253 0.0541651
 47 L  47 0.0000000 0.0000000 0.0000000 0.0000000 0.0145127 0.0000000 0.0000000 0.0000000 0.0000000 0.1554583 0.0217681 0.0000000 0.0079335 0.7220084 0.0000000 0.0000000 0.0122043 0.0000000 0.0000000 0.0119498 0.0541651
 48 S  48 0.0000000 0.0000000 0.0000000 0.0000000 0.0000000 0.0000000 0.0000000 0.0071869 0.0000000 0.0000000 0.0000000 0.0000000 0.0000000 0.0000000 0.0000000 0.3578570 0.5807911 0.0000000 0.0000000 0.0000000 0.0541651
 49 A  49 0.2444336 0.0000000 0.0000000 0.0000000 0.0405444 0.0320378 0.0000000 0.0000000 0.0000000 0.0000000 0.0482544 0.0000000 0.0592487 0.0000000 0.0000000 0.0173669 0.0915739 0.0000000 0.0000000 0.4123751 0.0541651
 50 T  50 0.0000000 0.0000000 0.0000000 0.0000000 0.0000000 0.0000000 0.0000000 0.0000000 0.0000000 0.0000000 0.0000000 0.0000000 0.0000000 0.0000000 0.0000000 0.0212677 0.9245672 0.0000000 0.0000000 0.0000000 0.0541651
 51 P  51 0.0666864 0.0611859 0.0409202 0.0632736 0.0000000 0.0546275 0.0826273 0.0216206 0.0228899 0.0000000 0.0027271 0.1259540 0.0000000 0.0000000 0.3009150 0.0805930 0.0144764 0.0000000 0.0000000 0.0073381 0.0541651
 52 D  52 0.0000000 0.0000000 0.0068354 0.9230053 0.0000000 0.0000000 0.0159942 0.0000000 0.0000000 0.0000000 0.0000000 0.0000000 0.0000000 0.0000000 0.0000000 0.0000000 0.0000000 0.0000000 0.0000000 0.0000000 0.0541651
 53 L  53 0.0000000 0.0000000 0.0000000 0.0000000 0.0000000 0.0000000 0.0000000 0.0000000 0.0000000 0.2061257 0.7095608 0.0000000 0.0000000 0.0000000 0.0071100 0.0000000 0.0000000 0.0000000 0.0000000 0.0230383 0.0541651
 54 H  54 0.0000000 0.0251665 0.1825341 0.2986141 0.0041514 0.0000000 0.0034845 0.0000000 0.1086977 0.0026238 0.0000000 0.0511744 0.0000000 0.0114882 0.0000000 0.0418302 0.1955070 0.0000000 0.0000000 0.0205632 0.0541651
 55 A  55 0.5696307 0.0109773 0.0000000 0.0096164 0.0078108 0.0162991 0.0000000 0.0000000 0.0000000 0.0000000 0.0000000 0.0284146 0.0000000 0.0000000 0.0000000 0.2637673 0.0151034 0.0000000 0.0000000 0.0242154 0.0541651
 56 V  56 0.2744121 0.0260274 0.0000000 0.0946371 0.0810278 0.0131821 0.1101822 0.0364803 0.0000000 0.0624586 0.0510265 0.0149970 0.0264272 0.0000000 0.0000000 0.0067486 0.0690060 0.0000000 0.0153271 0.0638949 0.0541651
 57 F  57 0.0000000 0.0000000 0.1256885 0.0000000 0.0000000 0.0000000 0.0000000 0.0000000 0.0040759 0.0000000 0.0000000 0.0000000 0.0000000 0.7105874 0.0000000 0.0000000 0.0000000 0.0000000 0.0914944 0.0139886 0.0541651
 58 P  58 0.0158687 0.0000000 0.0000000 0.0000000 0.0000000 0.0000000 0.0000000 0.0000000 0.0000000 0.0000000 0.0000000 0.0000000 0.0000000 0.0000000 0.9195307 0.0000000 0.0000000 0.0000000 0.0000000 0.0000000 0.0646006
 59 A  59 0.8348398 0.0000000 0.0000000 0.0000000 0.0000000 0.0000000 0.0000000 0.0426200 0.0000000 0.0074026 0.0000000 0.0000000 0.0000000 0.0000000 0.0244241 0.0242010 0.0123474 0.0000000 0.0000000 0.0000000 0.0541651
 60 K  60 0.2771145 0.0441955 0.0000000 0.0000000 0.0000000 0.0409689 0.0668414 0.0000000 0.0000000 0.0129543 0.0763591 0.1550298 0.0000000 0.0064343 0.0000000 0.0624753 0.0961292 0.0000000 0.0239250 0.0762975 0.0612751
 61 A  61 0.6172451 0.0051796 0.0000000 0.0000000 0.0000000 0.0000000 0.0115943 0.0571536 0.0000000 0.1452463 0.0166998 0.0000000 0.0038559 0.0262939 0.0061475 0.0263309 0.0120879 0.0000000 0.0103683 0.0279516 0.0338452
 62 V  62 0.5576232 0.0000000 0.0000000 0.0000000 0.0037671 0.0000000 0.0000000 0.0030416 0.0000000 0.0681342 0.2169876 0.0000000 0.0106205 0.0079245 0.0000000 0.0000000 0.0000000 0.0000000 0.0000000 0.0980561 0.0338452
 63 R  63 0.0104355 0.9557193 0.0000000 0.0000000 0.0000000 0.0000000 0.0000000 0.0000000 0.0000000 0.0000000 0.0000000 0.0000000 0.0000000 0.0000000 0.0000000 0.0000000 0.0000000 0.0000000 0.0000000 0.0000000 0.0338452
 64 E  64 0.0194203 0.1230392 0.0197575 0.0233742 0.0000000 0.1586859 0.2674167 0.0235796 0.0292263 0.0000000 0.0147318 0.1660293 0.0000000 0.0039730 0.0030623 0.0504483 0.0198126 0.0000000 0.0000000 0.0154946 0.0619483
 65 L  65 0.0283250 0.1134869 0.0217539 0.0053886 0.0225659 0.0211153 0.0094666 0.0393957 0.0139886 0.1097284 0.3370626 0.0200612 0.1026532 0.0322860 0.0000000 0.0055156 0.0227127 0.0049821 0.0000000 0.0235778 0.0659338
 66 S  66 0.0460725 0.0179787 0.0346264 0.0429198 0.0000000 0.0162011 0.0602755 0.0572866 0.0098192 0.0109274 0.0287557 0.0279475 0.0269476 0.0308359 0.1567085 0.0161525 0.0075606 0.0000000 0.0089693 0.0000000 0.4000151
 67 G  67 0.0042589 0.0248224 0.0487571 0.0254872 0.0064940 0.0026921 0.0176884 0.7106855 0.0263998 0.0000000 0.0187866 0.0222354 0.0000000 0.0324411 0.0000000 0.0118811 0.0000000 0.0000000 0.0054675 0.0000000 0.0419031
 68 W  68 0.0469870 0.0000000 0.0000000 0.0073926 0.0134010 0.0079245 0.0000000 0.0064940 0.0000000 0.0771961 0.1452797 0.0000000 0.0349435 0.1298488 0.0000000 0.0000000 0.0056714 0.4614289 0.0230293 0.0065580 0.0338452
 69 Q  69 0.0333351 0.0126254 0.0582011 0.2234514 0.0032700 0.0812664 0.0753857 0.0626148 0.0205914 0.0029427 0.0261195 0.0604664 0.0039882 0.0073926 0.0080579 0.0660561 0.1345508 0.0000000 0.0000000 0.0858393 0.0338452
 70 Y  70 0.0209760 0.0229153 0.1322319 0.2469194 0.0000000 0.0183162 0.0553112 0.0301874 0.0409015 0.0000000 0.1002860 0.0312846 0.0142514 0.0051940 0.0000000 0.0786567 0.0256594 0.0101611 0.1329028 0.0000000 0.0338452
 71 V  71 0.0128368 0.0000000 0.0000000 0.0000000 0.0061475 0.0000000 0.0000000 0.0000000 0.0000000 0.0660619 0.0258921 0.0000000 0.0000000 0.0000000 0.0000000 0.0000000 0.0981154 0.0000000 0.0000000 0.7571011 0.0338452
 72 P  72 0.2139090 0.0000000 0.0000000 0.0000000 0.0000000 0.0000000 0.0000000 0.0119895 0.0000000 0.0000000 0.0000000 0.0000000 0.0000000 0.0000000 0.7143854 0.0128368 0.0000000 0.0000000 0.0000000 0.0130340 0.0338452
 73 V  73 0.0139886 0.0000000 0.0000000 0.0000000 0.0000000 0.0000000 0.0000000 0.0000000 0.0000000 0.0471039 0.6733652 0.0000000 0.0675678 0.0337804 0.0000000 0.0000000 0.0000000 0.0000000 0.0000000 0.1303488 0.0338452
 74 T  74 0.0000000 0.0000000 0.0000000 0.0000000 0.0000000 0.0000000 0.0000000 0.0000000 0.0000000 0.1315594 0.3178022 0.0000000 0.3643692 0.1608628 0.0000000 0.0000000 0.0150934 0.0000000 0.0000000 0.0033487 0.0069642
 75 C  75 0.0169637 0.0071100 0.0150890 0.2209301 0.6474739 0.0000000 0.0000000 0.0267822 0.0162103 0.0000000 0.0000000 0.0000000 0.0000000 0.0000000 0.0000000 0.0342274 0.0074026 0.0000000 0.0000000 0.0078108 0.0000000
 76 M  76 0.3484706 0.0000000 0.0109254 0.0000000 0.0932181 0.0000000 0.0000000 0.0100233 0.0000000 0.0000000 0.0783701 0.0000000 0.1125132 0.0552558 0.0000000 0.0864471 0.0758033 0.0000000 0.0000000 0.1220089 0.0069642
 77 Q  77 0.0372239 0.1108267 0.0468054 0.0000000 0.0079874 0.4459197 0.0142192 0.0047543 0.0404657 0.0030374 0.0576064 0.0573298 0.0076846 0.0000000 0.0000000 0.0267360 0.0966657 0.0000000 0.0169771 0.0257607 0.0000000
 78 E  78 0.0128891 0.0000000 0.0000000 0.0000000 0.0000000 0.1918990 0.7830430 0.0000000 0.0049821 0.0000000 0.0000000 0.0000000 0.0000000 0.0000000 0.0000000 0.0000000 0.0000000 0.0000000 0.0000000 0.0071869 0.0000000
 79 M  79 0.0556264 0.0000000 0.0000000 0.0000000 0.0156086 0.0000000 0.0000000 0.0000000 0.0000000 0.3327808 0.1018882 0.0060683 0.3256905 0.0000000 0.0925316 0.0106952 0.0080579 0.0000000 0.0000000 0.0510524 0.0000000
 80 D  80 0.1338765 0.0101994 0.0619101 0.2745458 0.0035131 0.0054592 0.0721332 0.0126533 0.0595669 0.0058420 0.0078957 0.0122043 0.0059375 0.0095335 0.1679899 0.0615354 0.0038396 0.0000000 0.0551392 0.0362253 0.0000000
 81 V  81 0.0110901 0.0132616 0.0080899 0.0000000 0.0000000 0.0000000 0.0000000 0.0000000 0.0000000 0.1501327 0.0051405 0.0000000 0.0055095 0.0234780 0.0000000 0.0000000 0.0000000 0.0139886 0.0138599 0.7554493 0.0000000
 82 T  82 0.0566723 0.0112879 0.0287986 0.0885571 0.0000000 0.0252456 0.2057219 0.0000000 0.0095332 0.0094168 0.0055745 0.0720195 0.0000000 0.0000000 0.4099552 0.0219694 0.0185154 0.0061475 0.0000000 0.0305850 0.0000000
 83 G  83 0.0032612 0.0000000 0.1702162 0.0746376 0.0000000 0.0034024 0.0163026 0.6596578 0.0474127 0.0000000 0.0000000 0.0107160 0.0000000 0.0000000 0.0000000 0.0102725 0.0041209 0.0000000 0.0000000 0.0000000 0.0000000
 84 G  84 0.3086963 0.0078977 0.0000000 0.0957874 0.0000000 0.0000000 0.0000000 0.0914792 0.0000000 0.0000000 0.0000000 0.0000000 0.0326254 0.0000000 0.0000000 0.4556183 0.0000000 0.0000000 0.0078957 0.0000000 0.0000000
 85 L  85 0.0000000 0.0081508 0.0000000 0.0000000 0.0000000 0.0042168 0.0000000 0.0000000 0.0000000 0.0243876 0.7449423 0.0000000 0.1179853 0.0000000 0.0667013 0.0122043 0.0048754 0.0000000 0.0000000 0.0165362 0.0000000
 86 K  86 0.0310761 0.0475152 0.0149608 0.0362531 0.0036985 0.0662554 0.1804459 0.0310386 0.0030700 0.0000000 0.0039690 0.0860091 0.0029427 0.0000000 0.4507460 0.0273741 0.0073387 0.0000000 0.0000000 0.0073069 0.0000000
 87 K  87 0.0074026 0.4713695 0.0153896 0.0000000 0.0000000 0.0091391 0.0000000 0.0304361 0.0305522 0.0000000 0.0544529 0.2865557 0.0299890 0.0365317 0.0000000 0.0167935 0.0000000 0.0000000 0.0113882 0.0000000 0.0000000
 88 C  88 0.0108486 0.0000000 0.0000000 0.0000000 0.6669702 0.0000000 0.0000000 0.0000000 0.0000000 0.0468732 0.0000000 0.0000000 0.0244524 0.0000000 0.0000000 0.0035214 0.0607249 0.0000000 0.0000000 0.1866093 0.0000000
 89 I  89 0.0000000 0.0000000 0.0000000 0.0000000 0.0000000 0.0000000 0.0000000 0.0000000 0.0000000 0.7750441 0.0176772 0.0000000 0.0000000 0.0000000 0.0000000 0.0000000 0.0000000 0.0000000 0.0000000 0.2072787 0.0000000
 90 R  90 0.0000000 1.0000000 0.0000000 0.0000000 0.0000000 0.0000000 0.0000000 0.0000000 0.0000000 0.0000000 0.0000000 0.0000000 0.0000000 0.0000000 0.0000000 0.0000000 0.0000000 0.0000000 0.0000000 0.0000000 0.0000000
 91 V  91 0.0324933 0.0000000 0.0000000 0.0000000 0.0155411 0.0000000 0.0000000 0.0000000 0.0000000 0.1422781 0.1692966 0.0000000 0.0415594 0.0633345 0.0000000 0.0000000 0.0000000 0.0000000 0.0000000 0.5354970 0.0000000
 92 M  92 0.0138098 0.0000000 0.0000000 0.0063032 0.0000000 0.0000000 0.0000000 0.0000000 0.0000000 0.0096925 0.6231985 0.0000000 0.3340437 0.0000000 0.0000000 0.0000000 0.0000000 0.0000000 0.0000000 0.0059881 0.0069642
 93 M  93 0.2099389 0.0000000 0.0000000 0.0000000 0.0000000 0.0000000 0.0000000 0.0000000 0.0000000 0.2488836 0.1888305 0.0000000 0.1525891 0.0130340 0.0000000 0.0000000 0.0000000 0.0000000 0.0000000 0.1797597 0.0069642
 94 T  94 0.0000000 0.0000000 0.0127733 0.0000000 0.0000000 0.0549628 0.0000000 0.0000000 0.5137591 0.0224540 0.1409640 0.0000000 0.0063358 0.0401522 0.0000000 0.0000000 0.1458947 0.0000000 0.0383682 0.0243358 0.0000000
 95 V  95 0.1582184 0.0000000 0.0000000 0.0000000 0.0614077 0.0000000 0.0000000 0.0000000 0.0000000 0.1184714 0.0353367 0.0000000 0.0000000 0.0297833 0.0000000 0.0000000 0.0571269 0.0628670 0.0481493 0.4286394 0.0000000
 96 Q  96 0.0064844 0.0299354 0.4462059 0.0567419 0.0000000 0.0342810 0.1713983 0.0000000 0.0137610 0.0051405 0.0150687 0.0066919 0.0000000 0.0000000 0.0000000 0.0038620 0.0446881 0.0456369 0.1201039 0.0000000 0.0000000
 97 T  97 0.0223540 0.0208854 0.0000000 0.0048754 0.0153885 0.0030623 0.0000000 0.0523429 0.0000000 0.0311800 0.1448607 0.0133373 0.0352753 0.0029979 0.0000000 0.1154371 0.4949032 0.0032700 0.0120256 0.0222948 0.0055095
 98 D  98 0.0252856 0.0368017 0.0350203 0.3200810 0.0028100 0.0290707 0.1399597 0.0275020 0.0306650 0.0000000 0.0032684 0.0435121 0.0000000 0.0000000 0.1709903 0.0614332 0.0571689 0.0000000 0.0054059 0.0000000 0.0110251
 99 V  99 0.0627261 0.1164777 0.0284495 0.0135266 0.0113336 0.0481954 0.0626521 0.0118499 0.0039900 0.0079534 0.0833473 0.2908496 0.0152298 0.0000000 0.0036985 0.0155536 0.0657163 0.0000000 0.0000000 0.0531181 0.1053325
100 P 100 0.0928156 0.0235264 0.0151930 0.1203439 0.0039882 0.0266642 0.0262199 0.0457404 0.0072568 0.0000000 0.0492920 0.1066057 0.0000000 0.0000000 0.1954046 0.2001083 0.0351798 0.0000000 0.0000000 0.0043411 0.0473200
101 Q 101 0.0179915 0.1224899 0.0772595 0.0179825 0.0000000 0.4452219 0.0247161 0.0412228 0.0196495 0.0086279 0.0307977 0.0684577 0.0000000 0.0000000 0.0561407 0.0048794 0.0038198 0.0000000 0.0000000 0.0029690 0.0577740
102 D 102 0.1173478 0.0542997 0.0578534 0.0586504 0.0000000 0.0446659 0.0821644 0.0078501 0.0995245 0.0138196 0.0063734 0.1212948 0.0232408 0.0093325 0.0127904 0.1326557 0.0560091 0.0000000 0.0041162 0.0207719 0.0772396
103 Q 103 0.0556788 0.0105264 0.0066102 0.1431382 0.0000000 0.0600779 0.4328279 0.0149094 0.0045263 0.0047579 0.0027471 0.0472381 0.0000000 0.0000000 0.0802124 0.0172271 0.0164522 0.0000000 0.0000000 0.0093642 0.0937056
104 I 104 0.0000000 0.0000000 0.0000000 0.0000000 0.0000000 0.0000000 0.0000000 0.0000000 0.0000000 0.4834810 0.0384576 0.0000000 0.0439189 0.0048754 0.0907615 0.0074079 0.0000000 0.0000000 0.0000000 0.2564639 0.0746337
105 R 105 0.0374726 0.1589605 0.0446477 0.0000000 0.0247810 0.1410420 0.0650254 0.0000000 0.0897815 0.0199662 0.0036109 0.2090780 0.0000000 0.0022508 0.0000000 0.0215808 0.0213667 0.0000000 0.0247287 0.0472740 0.0884333
106 H 106 0.0041821 0.0000000 0.0160915 0.0000000 0.0338452 0.0000000 0.0000000 0.0000000 0.8307482 0.0000000 0.0000000 0.0000000 0.0000000 0.0234780 0.0205054 0.0078957 0.0000000 0.0000000 0.0217260 0.0000000 0.0415279
107 V 107 0.0231989 0.0000000 0.0000000 0.0000000 0.0068354 0.0185075 0.0000000 0.0000000 0.0000000 0.1706541 0.0177220 0.0000000 0.0000000 0.0000000 0.0792908 0.0079018 0.0145874 0.0000000 0.0000000 0.6382758 0.0230264
108 Y 108 0.0000000 0.0000000 0.0000000 0.0000000 0.0071100 0.0000000 0.0000000 0.0000000 0.0338452 0.0000000 0.0000000 0.0000000 0.0000000 0.0433818 0.0000000 0.0000000 0.0000000 0.0000000 0.8986007 0.0000000 0.0170622
109 L 109 0.0000000 0.0214436 0.0000000 0.0000000 0.0000000 0.0130426 0.0000000 0.0000000 0.0096164 0.0445623 0.8107168 0.0000000 0.0310043 0.0000000 0.0000000 0.0000000 0.0187066 0.0000000 0.0000000 0.0338452 0.0170622
110 E 110 0.0000000 0.3308031 0.1232581 0.0303553 0.0000000 0.0037292 0.0882516 0.1829582 0.0835512 0.0000000 0.0000000 0.1257207 0.0000000 0.0059642 0.0000000 0.0038198 0.0000000 0.0000000 0.0045263 0.0000000 0.0170622
111 K 111 0.0568679 0.0612506 0.0399043 0.0742105 0.0044885 0.0407916 0.1844176 0.3946352 0.0163454 0.0000000 0.0000000 0.1069020 0.0000000 0.0000000 0.0000000 0.0000000 0.0031244 0.0000000 0.0000000 0.0000000 0.0170622
112 A 112 0.9587339 0.0000000 0.0000000 0.0000000 0.0000000 0.0000000 0.0000000 0.0073926 0.0000000 0.0000000 0.0000000 0.0000000 0.0000000 0.0000000 0.0000000 0.0000000 0.0168113 0.0000000 0.0000000 0.0000000 0.0170622
113 V 113 0.1332979 0.0905941 0.0039973 0.0000000 0.0000000 0.0827749 0.1150617 0.0049485 0.0053555 0.0677558 0.0000000 0.1780406 0.0063358 0.0000000 0.0000000 0.0649378 0.0747290 0.0000000 0.0026492 0.1524598 0.0170622
114 V 114 0.1203720 0.1188495 0.1049591 0.0159476 0.0186829 0.0660742 0.0144154 0.0210238 0.0188902 0.0097509 0.0155264 0.1802827 0.0133301 0.0033345 0.0000000 0.0421076 0.0392543 0.0000000 0.0000000 0.1801366 0.0170622
115 L 115 0.0000000 0.0000000 0.0000000 0.0139886 0.0000000 0.0000000 0.0000000 0.0000000 0.0000000 0.0000000 0.9689492 0.0000000 0.0000000 0.0000000 0.0000000 0.0000000 0.0000000 0.0000000 0.0000000 0.0000000 0.0170622
116 R 116 0.0000000 0.9829378 0.0000000 0.0000000 0.0000000 0.0000000 0.0000000 0.0000000 0.0000000 0.0000000 0.0000000 0.0000000 0.0000000 0.0000000 0.0000000 0.0000000 0.0000000 0.0000000 0.0000000 0.0000000 0.0170622
117 P 117 0.0187605 0.0278428 0.0000000 0.0107175 0.0000000 0.0068480 0.0239720 0.0000000 0.0000000 0.0000000 0.0155079 0.0884586 0.0000000 0.0000000 0.6990409 0.0546318 0.0265241 0.0000000 0.0000000 0.0024828 0.0252130
118 D 118 0.0000000 0.0000000 0.0000000 0.9209312 0.0000000 0.0000000 0.0346035 0.0000000 0.0000000 0.0000000 0.0000000 0.0000000 0.0000000 0.0000000 0.0000000 0.0052636 0.0000000 0.0000000 0.0000000 0.0000000 0.0392017
119 L 119 0.0000000 0.1076420 0.0000000 0.0000000 0.0000000 0.0000000 0.0000000 0.0000000 0.0000000 0.1059458 0.5927944 0.0079245 0.0161050 0.0351671 0.0000000 0.0000000 0.0000000 0.0691535 0.0093395 0.0057607 0.0501674
120 S 120 0.2094708 0.0022524 0.0069555 0.0091507 0.0341114 0.0286688 0.0131602 0.0169670 0.0167941 0.0033345 0.0196828 0.0041172 0.0081952 0.0113527 0.0000000 0.1694646 0.0611198 0.0000000 0.0000000 0.0465321 0.3386699
121 L 121 0.0204643 0.0076066 0.0208108 0.0189571 0.0000000 0.0176370 0.0221539 0.0200379 0.0000000 0.0116626 0.1113935 0.0641206 0.0063426 0.0177718 0.0000000 0.0697498 0.0169313 0.0000000 0.0078815 0.0151173 0.5513615
122 T 122 0.0921361 0.0036123 0.0033397 0.0000000 0.0000000 0.0169655 0.0352863 0.0191604 0.0157637 0.0155175 0.0092023 0.0000000 0.0000000 0.0000000 0.0118980 0.0513001 0.0963226 0.0045603 0.0042792 0.0081603 0.6124958
123 K 123 0.0075986 0.0078349 0.0066823 0.0100490 0.0000000 0.0692527 0.0179650 0.0117271 0.0000000 0.0000000 0.0038124 0.1108370 0.0061848 0.0000000 0.0398884 0.0036855 0.0064940 0.0000000 0.0000000 0.0047543 0.6932340
124 N 124 0.0085928 0.0033622 0.0361403 0.0561012 0.0000000 0.0054204 0.0039483 0.0093325 0.0000000 0.0000000 0.0000000 0.0158564 0.0000000 0.0000000 0.0134815 0.0291017 0.0000000 0.0000000 0.0000000 0.0222550 0.7964078
125 T 125 0.0291131 0.0000000 0.0000000 0.0054204 0.0000000 0.0000000 0.0093325 0.0115841 0.0000000 0.0122038 0.0000000 0.0044263 0.0000000 0.0000000 0.0000000 0.0330423 0.0301622 0.0000000 0.0000000 0.0245147 0.8402006
126 E 126 0.0000000 0.0000000 0.0192998 0.0455312 0.0000000 0.0040652 0.0322879 0.0000000 0.0000000 0.0000000 0.0000000 0.0000000 0.0000000 0.0000000 0.0000000 0.0000000 0.0000000 0.0000000 0.0000000 0.0000000 0.8988159
127 L 127 0.0000000 0.0000000 0.0000000 0.0000000 0.0000000 0.0000000 0.0000000 0.0000000 0.0000000 0.0073411 0.0284558 0.0000000 0.0132890 0.0052141 0.0000000 0.0000000 0.0000000 0.0000000 0.0000000 0.0000000 0.9457000
