  140         A         R         N         D         C         Q         E         G         H         I         L         K         M         F         P         S         T         W         Y         V    
  1 K   1 0.0000000 0.1810904 0.0000000 0.0000000 0.0000000 0.0501246 0.3914511 0.0000000 0.0000000 0.0000000 0.0000000 0.3773340 0.0000000 0.0000000 0.0000000 0.0000000 0.0000000 0.0000000 0.0000000 0.0000000
  2 G   2 0.0852328 0.0210962 0.0136078 0.0121941 0.0000000 0.0000000 0.0000000 0.5700207 0.0000000 0.0000000 0.0125364 0.2157420 0.0000000 0.0000000 0.0000000 0.0695701 0.0000000 0.0000000 0.0000000 0.0000000
  3 T   3 0.0090384 0.0957069 0.0856964 0.2108087 0.0000000 0.0000000 0.0779353 0.0407592 0.0160147 0.0000000 0.0000000 0.0431204 0.0000000 0.0000000 0.0000000 0.1943947 0.1563291 0.0000000 0.0557667 0.0144294
  4 F   4 0.0198132 0.1148482 0.0171283 0.0000000 0.0000000 0.0372003 0.0071381 0.0647592 0.0484152 0.1593449 0.1463610 0.0000000 0.0350116 0.1938670 0.0379842 0.0139845 0.0000000 0.0074427 0.0173223 0.0793794
  5 K   5 0.0112200 0.2225085 0.0112757 0.0116757 0.0000000 0.0709655 0.0298436 0.0161153 0.1668585 0.0000000 0.0000000 0.1700879 0.0000000 0.0000000 0.1090362 0.1382022 0.0422110 0.0000000 0.0000000 0.0000000
  6 D   6 0.0000000 0.0000000 0.0202330 0.2690385 0.0000000 0.0740359 0.0438957 0.0000000 0.0911423 0.0000000 0.0298220 0.1520365 0.0000000 0.0184641 0.1971747 0.0977740 0.0063831 0.0000000 0.0000000 0.0000000
  7 Y   7 0.0415128 0.0169759 0.0393254 0.0371715 0.0132931 0.0000000 0.0587647 0.0655824 0.0305786 0.0000000 0.0037717 0.0229307 0.0000000 0.0752245 0.0647083 0.1212793 0.1317681 0.0067638 0.2215631 0.0487859
  8 V   8 0.0457424 0.0235650 0.0000000 0.0223989 0.0000000 0.0258893 0.0234781 0.0088490 0.0260497 0.0637069 0.1449971 0.2136173 0.0000000 0.0058095 0.0613208 0.0740514 0.0226682 0.0000000 0.0000000 0.2378563
  9 R   9 0.0278197 0.0840096 0.0298044 0.0766607 0.0424046 0.1152443 0.0306029 0.0509904 0.0041492 0.0040488 0.0851074 0.0601223 0.0051383 0.0104818 0.1508725 0.1381304 0.0486545 0.0000000 0.0229454 0.0128127
 10 D  10 0.0252771 0.0115303 0.1701210 0.1430986 0.0000000 0.0661199 0.2472935 0.0486881 0.0305019 0.0000000 0.0000000 0.0644732 0.0000000 0.0000000 0.0473500 0.0944267 0.0444307 0.0000000 0.0000000 0.0066892
 11 R  11 0.0236958 0.2948463 0.0104164 0.0535537 0.0000000 0.0314698 0.1158226 0.0135465 0.0000000 0.0381862 0.0067029 0.1149700 0.0033933 0.0080245 0.0182821 0.1262501 0.0420300 0.0000000 0.0000000 0.0988097
 12 A  12 0.1250371 0.0616649 0.0373919 0.0000000 0.0364865 0.0273744 0.0279438 0.0111025 0.0047922 0.0077784 0.0336429 0.0167448 0.0022426 0.0327828 0.2070007 0.3139526 0.0519471 0.0000000 0.0000000 0.0021148
 13 D  13 0.0295703 0.0732656 0.0397250 0.1838011 0.0838307 0.0673810 0.1720270 0.0152671 0.0000000 0.0000000 0.0144612 0.1264100 0.0000000 0.0000000 0.0185192 0.1197510 0.0495305 0.0000000 0.0000000 0.0064603
 14 L  14 0.0422998 0.0114191 0.0306535 0.0161195 0.0000000 0.0049318 0.0473550 0.1785154 0.0298953 0.0343918 0.1578512 0.0122115 0.0588924 0.0098318 0.1257523 0.1821304 0.0321485 0.0000000 0.0082135 0.0173870
 15 N  15 0.0252948 0.0637648 0.0528112 0.1352346 0.0025050 0.1004990 0.1545138 0.0159611 0.0000000 0.0059042 0.0227213 0.0749763 0.0000000 0.0143122 0.1244127 0.1484927 0.0196889 0.0133980 0.0034905 0.0220188
 16 K  16 0.0457950 0.0356215 0.0167791 0.0725454 0.0320674 0.0502011 0.0440241 0.0184900 0.0103568 0.0397761 0.0589347 0.1274648 0.0094561 0.0060468 0.1712562 0.0812199 0.0878492 0.0000000 0.0000000 0.0921157
 17 D  17 0.0538162 0.0458440 0.0332344 0.1563081 0.0000000 0.0400715 0.0637658 0.0757136 0.0130430 0.0228216 0.0124578 0.0972947 0.0022171 0.0000000 0.0476907 0.0954425 0.0862297 0.0045785 0.1155007 0.0339702
 18 K  18 0.0436274 0.0649715 0.0424137 0.0627080 0.0048840 0.2136994 0.0624607 0.0628466 0.0061248 0.0246289 0.0000000 0.1083622 0.0056951 0.0326475 0.0466508 0.1508752 0.0399321 0.0000000 0.0116102 0.0158619
 19 P  19 0.0281668 0.0700200 0.0399504 0.0731197 0.0000000 0.0072086 0.1313502 0.0112935 0.0000000 0.0697359 0.0406015 0.0294741 0.0160920 0.0013086 0.4093633 0.0166734 0.0357408 0.0022046 0.0000000 0.0176966
 20 V  20 0.0527728 0.0533103 0.0382734 0.0141516 0.0159242 0.0183867 0.0436194 0.1118841 0.0357271 0.0162736 0.0967364 0.0381590 0.0058566 0.0639940 0.1487553 0.1060671 0.0332322 0.0152334 0.0186318 0.0730110
 21 I  21 0.0530325 0.0446990 0.0435115 0.0063185 0.0235099 0.0057854 0.0362030 0.1442631 0.0148898 0.1548729 0.0657720 0.0628699 0.0187897 0.0355686 0.0456553 0.1350767 0.0230273 0.0131555 0.0065278 0.0664716
 22 P  22 0.0498767 0.0038618 0.0236688 0.0264666 0.0029797 0.0528910 0.0548514 0.0372434 0.0033289 0.0000000 0.0507374 0.0112614 0.0147259 0.0042648 0.4769719 0.0946172 0.0762038 0.0000000 0.0053104 0.0107390
 23 A  23 0.1853989 0.0751037 0.0468666 0.0191771 0.0047248 0.0523402 0.0424800 0.1077630 0.0251320 0.0822672 0.0384816 0.0241786 0.0107850 0.0253736 0.0210993 0.0932916 0.0722852 0.0000000 0.0304531 0.0427986
 24 A  24 0.1342007 0.1171608 0.0497864 0.0135452 0.0305881 0.0499233 0.0104865 0.0966979 0.0252050 0.0174535 0.0498704 0.0586455 0.0082929 0.0212641 0.0069004 0.1654289 0.0662333 0.0018171 0.0558615 0.0206383
 25 A  25 0.0557716 0.0334415 0.0209488 0.0111844 0.0293860 0.0258469 0.0691384 0.0310898 0.0424895 0.0132611 0.0497230 0.1760114 0.0345389 0.0067192 0.1243737 0.1533778 0.0720554 0.0066447 0.0000000 0.0439981
 26 L  26 0.0254114 0.1230185 0.0447502 0.0185350 0.0000000 0.0333768 0.0199944 0.1091303 0.0480448 0.0284449 0.0608116 0.1760298 0.0142696 0.0047815 0.1200689 0.1072151 0.0240511 0.0048820 0.0217863 0.0153978
 27 A  27 0.0705194 0.0701833 0.0265697 0.0488707 0.0000000 0.0338755 0.0473958 0.0447015 0.0151196 0.0254485 0.0853755 0.1130109 0.0041705 0.0150074 0.1223737 0.1440678 0.0756768 0.0000000 0.0177673 0.0398658
 28 G  28 0.0680650 0.0914626 0.0439620 0.0078538 0.0294036 0.0281960 0.0430984 0.1552417 0.0122255 0.0169362 0.0147234 0.1353906 0.0056638 0.0031918 0.0999357 0.1829634 0.0205285 0.0188465 0.0073050 0.0150067
 29 Y  29 0.0301416 0.1053428 0.0677439 0.0423004 0.0075739 0.0326840 0.0166879 0.0586628 0.0394091 0.0143720 0.0034086 0.0825157 0.0177012 0.0444732 0.0480796 0.1968957 0.0890969 0.0062665 0.0933111 0.0033330
 30 T  30 0.0312564 0.0458030 0.0551641 0.0128646 0.0107281 0.0943915 0.0216486 0.1516007 0.0681563 0.0478093 0.0327941 0.0932370 0.0013617 0.0000000 0.1221485 0.0917569 0.0873023 0.0000000 0.0071349 0.0248420
 31 G  31 0.0899892 0.1455055 0.0907237 0.0087450 0.0058692 0.0151992 0.0172577 0.3349781 0.0339029 0.0015395 0.0093715 0.0834239 0.0000000 0.0091636 0.0513598 0.0873079 0.0135415 0.0021219 0.0000000 0.0000000
 32 S  32 0.0060868 0.1889523 0.0972552 0.0545963 0.0179804 0.0139339 0.0042636 0.1662643 0.0072485 0.0000000 0.0192072 0.0773085 0.0024762 0.0000000 0.0440684 0.2588451 0.0394824 0.0000000 0.0000000 0.0020309
 33 G  33 0.0063534 0.1442261 0.0512026 0.0032434 0.0377636 0.0466953 0.0000000 0.4158050 0.0063675 0.0000000 0.0113452 0.1501510 0.0056464 0.0089102 0.0101321 0.0730711 0.0130063 0.0117090 0.0000000 0.0043718
 34 P  34 0.0120403 0.0770568 0.0223725 0.0054157 0.0091601 0.2590899 0.0000000 0.0666027 0.0144604 0.0009708 0.0188137 0.1578728 0.0021942 0.0000000 0.1365027 0.1061888 0.0962828 0.0000000 0.0000000 0.0149760
 35 I  35 0.0040752 0.0161337 0.0286844 0.0000000 0.0000000 0.0090849 0.0000000 0.0115273 0.0000000 0.4441116 0.1995961 0.0115808 0.0235350 0.0032251 0.0100354 0.0335797 0.1097197 0.0000000 0.0000000 0.0951112
 36 Q  36 0.0000000 0.2097768 0.0000000 0.0000000 0.0155665 0.4264656 0.0172321 0.0000000 0.1224850 0.0055776 0.0044752 0.0350724 0.0000000 0.0000000 0.0043632 0.0094246 0.0571262 0.0000000 0.0924347 0.0000000
 37 L  37 0.0000000 0.0000000 0.0000000 0.0000000 0.0000000 0.0000000 0.0000000 0.0000000 0.0000000 0.0177871 0.9334463 0.0000000 0.0111325 0.0037139 0.0085880 0.0000000 0.0000000 0.0113794 0.0000000 0.0139527
 38 W  38 0.0000000 0.0000000 0.0000000 0.0000000 0.0066382 0.0037483 0.0000000 0.0000000 0.0000000 0.0241265 0.0743118 0.0000000 0.0000000 0.0455544 0.0077021 0.0082471 0.0000000 0.7695835 0.0600880 0.0000000
 39 Q  39 0.0184243 0.0111268 0.0082790 0.0800209 0.0000000 0.5007636 0.2377908 0.0127281 0.0529256 0.0021510 0.0113766 0.0166176 0.0000000 0.0000000 0.0337890 0.0140067 0.0000000 0.0000000 0.0000000 0.0000000
 40 F  40 0.0000000 0.0000000 0.0000000 0.0000000 0.0000000 0.0000000 0.0000000 0.0000000 0.0000000 0.0000000 0.0123473 0.0000000 0.0080441 0.9035980 0.0000000 0.0000000 0.0000000 0.0000000 0.0760106 0.0000000
 41 L  41 0.0000000 0.0000000 0.0000000 0.0000000 0.0000000 0.0000000 0.0000000 0.0000000 0.0000000 0.1854188 0.7295560 0.0000000 0.0000000 0.0000000 0.0000000 0.0054154 0.0000000 0.0000000 0.0000000 0.0796098
 42 L  42 0.0053958 0.1551335 0.0000000 0.0000000 0.0000000 0.0273760 0.0071739 0.0000000 0.0513510 0.0141232 0.5185409 0.0269610 0.0176624 0.0116963 0.0110424 0.0015804 0.0000000 0.0060545 0.0532202 0.0926885
 43 E  43 0.0786264 0.0210038 0.0193347 0.1782048 0.0114877 0.0798560 0.4268898 0.0416365 0.0244476 0.0000000 0.0000000 0.0443593 0.0174166 0.0000000 0.0000000 0.0016049 0.0396004 0.0000000 0.0094889 0.0060428
 44 L  44 0.0236779 0.0097645 0.0033854 0.0000000 0.0028836 0.0000000 0.0143810 0.0000000 0.0000000 0.0639071 0.7746953 0.0012657 0.0302851 0.0000000 0.0000000 0.0486248 0.0147183 0.0000000 0.0000000 0.0124114
 45 L  45 0.0168673 0.0000000 0.0000000 0.0000000 0.0000000 0.0000000 0.0156334 0.0000000 0.0000000 0.0248313 0.9368456 0.0000000 0.0000000 0.0037823 0.0000000 0.0000000 0.0000000 0.0000000 0.0000000 0.0020401
 46 T  46 0.0482544 0.0621798 0.0659047 0.0915947 0.0284008 0.1502035 0.0774018 0.0176397 0.0135883 0.0410421 0.0811022 0.0383219 0.0384257 0.0075161 0.0036382 0.1088438 0.1201872 0.0000000 0.0050164 0.0007388
 47 D  47 0.0099972 0.0198767 0.1290385 0.5503511 0.0069999 0.0111024 0.0325514 0.0129738 0.0364900 0.0000000 0.0065133 0.0685538 0.0047707 0.0000000 0.0028430 0.0849249 0.0199748 0.0000000 0.0000000 0.0030385
 48 K  48 0.0167059 0.0795797 0.0179953 0.0313285 0.0057959 0.0340144 0.1079010 0.1221078 0.0135367 0.0000000 0.0077325 0.1090702 0.0000000 0.0000000 0.2972081 0.1349168 0.0113894 0.0026380 0.0000000 0.0080800
 49 S  49 0.0862748 0.0740740 0.0828214 0.1044783 0.0025172 0.0609786 0.2366807 0.0175738 0.0018558 0.0000000 0.0021060 0.0575344 0.0016456 0.0000000 0.0000000 0.2073463 0.0512521 0.0000000 0.0058813 0.0069797
 50 C  50 0.0284594 0.0196579 0.2479340 0.0000000 0.1729180 0.0021039 0.0082519 0.0164515 0.0939832 0.0017542 0.0116463 0.0183464 0.0909917 0.0364170 0.0064996 0.0341888 0.0136142 0.0000000 0.1781659 0.0186159
 51 Q  51 0.1231791 0.0983161 0.0102119 0.0135434 0.0119895 0.1109328 0.0756744 0.0819505 0.0185260 0.0100504 0.0160964 0.0923362 0.0065514 0.0000000 0.1531791 0.1383940 0.0312983 0.0000000 0.0000000 0.0077706
 52 S  52 0.0293332 0.0612829 0.0867563 0.1919404 0.0000000 0.0280770 0.0560161 0.0916192 0.1470022 0.0000000 0.0000000 0.0705719 0.0000000 0.0000000 0.0322921 0.1671946 0.0317182 0.0000000 0.0048451 0.0013509
 53 F  53 0.0485325 0.0000000 0.0000000 0.0000000 0.2117558 0.0018867 0.0083683 0.0000000 0.0049281 0.1326799 0.1212734 0.0234571 0.0107546 0.1490710 0.0000000 0.0447956 0.0017421 0.0008833 0.1333347 0.1065371
 54 I  54 0.0062752 0.0053434 0.0000000 0.0011171 0.0000000 0.0000000 0.0000000 0.0016020 0.0000000 0.8591017 0.0396338 0.0000000 0.0220925 0.0048579 0.0000000 0.0048535 0.0000000 0.0000000 0.0000000 0.0551229
 55 S  55 0.1712111 0.1369370 0.0037774 0.0000000 0.0722206 0.0750342 0.0517851 0.0053119 0.0094292 0.0135532 0.0000000 0.1732976 0.0098830 0.0000000 0.0067282 0.1017407 0.0893789 0.0546419 0.0108788 0.0141911
 56 W  56 0.0000000 0.0087867 0.0000000 0.0000000 0.0000000 0.0000000 0.0000000 0.0059550 0.0000000 0.0000000 0.0000000 0.0129057 0.0000000 0.0000000 0.0000000 0.0000000 0.0000000 0.9723527 0.0000000 0.0000000
 57 T  57 0.0009961 0.0141813 0.0028382 0.0026988 0.0121939 0.0384838 0.2330370 0.0098971 0.0000000 0.0642287 0.0201636 0.0170456 0.0039749 0.0099736 0.0000000 0.0175906 0.3817828 0.0000000 0.0000000 0.1709142
 58 G  58 0.0000000 0.0308592 0.1522315 0.2972652 0.0073972 0.0466237 0.0115292 0.3825548 0.0000000 0.0000000 0.0000000 0.0235019 0.0000000 0.0000000 0.0021776 0.0300947 0.0051204 0.0000000 0.0058375 0.0048071
 59 D  59 0.0078480 0.2750254 0.0698280 0.1210913 0.0000000 0.0640014 0.0951439 0.0063397 0.0216916 0.0006913 0.0017264 0.1861988 0.0000000 0.0000000 0.0290085 0.0238819 0.0771337 0.0000000 0.0160260 0.0043641
 60 G  60 0.0259517 0.0035997 0.1119320 0.0912627 0.0167849 0.0236355 0.2702123 0.1867623 0.0038155 0.0000000 0.0000000 0.0212213 0.0000000 0.0000000 0.0284472 0.0869552 0.0721560 0.0208164 0.0364474 0.0000000
 61 W  61 0.0100961 0.0596137 0.0238418 0.0158264 0.0000000 0.0333085 0.0231382 0.3616636 0.0102497 0.0133804 0.0467526 0.1334549 0.0518738 0.1063976 0.0029722 0.0118286 0.0226897 0.0693121 0.0036001 0.0000000
 62 E  62 0.0000000 0.0233470 0.0059074 0.0031534 0.0183087 0.0953033 0.4933616 0.0000000 0.0132213 0.1325937 0.0203349 0.0286206 0.0143300 0.0000000 0.0000000 0.0200293 0.0140598 0.0000000 0.0000000 0.1174292
 63 F  63 0.0000000 0.0000000 0.0000000 0.0000000 0.0000000 0.0000000 0.0144588 0.0000000 0.0000000 0.0000000 0.0026004 0.0000000 0.0000000 0.9706737 0.0000000 0.0122670 0.0000000 0.0000000 0.0000000 0.0000000
 64 K  64 0.0000000 0.1764034 0.0000000 0.0000000 0.0000000 0.0679063 0.0064244 0.0000000 0.0026971 0.0345673 0.0085438 0.5341222 0.0000000 0.0107703 0.0000000 0.0674190 0.0046925 0.0000000 0.0000000 0.0864538
 65 L  65 0.0000000 0.0108343 0.0000000 0.0000000 0.0000000 0.0000000 0.0000000 0.0000000 0.0029871 0.2078855 0.4722969 0.0000000 0.0522615 0.0981756 0.0000000 0.1027474 0.0048342 0.0000000 0.0000000 0.0479777
 66 S  66 0.0128689 0.0213690 0.0350383 0.0000000 0.0212800 0.0114610 0.0555763 0.0000000 0.0104869 0.1059867 0.1238767 0.1483822 0.0136849 0.0108343 0.0000000 0.0401127 0.0906256 0.0000000 0.0000000 0.2984165
 67 D  67 0.0016021 0.0289406 0.1392609 0.5288806 0.0000000 0.0434978 0.0817813 0.0037760 0.0570954 0.0000000 0.0108343 0.0715581 0.0000000 0.0000000 0.0000000 0.0089064 0.0208794 0.0029871 0.0000000 0.0000000
 68 P  68 0.0379372 0.0164669 0.0000000 0.0074264 0.0037276 0.0127118 0.0000000 0.0000000 0.0064870 0.0000000 0.0000000 0.1201183 0.0000000 0.0000000 0.5294901 0.2274196 0.0299619 0.0000000 0.0000000 0.0082531
 69 D  69 0.0508384 0.0041942 0.0588841 0.2563110 0.0000000 0.0235859 0.3665710 0.0011047 0.0642162 0.0000000 0.0025646 0.1111121 0.0115740 0.0077075 0.0155977 0.0018833 0.0062068 0.0000000 0.0000000 0.0176486
 70 E  70 0.2198312 0.0580381 0.0000000 0.0024700 0.0000000 0.0209227 0.3825510 0.0675063 0.0034557 0.0101430 0.0564848 0.1121534 0.0113235 0.0175048 0.0000000 0.0020473 0.0148381 0.0000000 0.0000000 0.0207300
 71 V  71 0.0132212 0.0000000 0.0000000 0.0000000 0.0000000 0.0000000 0.0000000 0.0000000 0.0000000 0.0414697 0.2400053 0.0000000 0.0059730 0.0236110 0.0000000 0.0000000 0.0013112 0.0000000 0.0000000 0.6744086
 72 A  72 0.8684079 0.0000000 0.0000000 0.0000000 0.0000000 0.0000000 0.0000000 0.0074006 0.0000000 0.0000000 0.0000000 0.0000000 0.0000000 0.0000000 0.0000000 0.0876660 0.0143484 0.0000000 0.0000000 0.0221771
 73 R  73 0.0084833 0.5050483 0.0146000 0.0024807 0.0000000 0.1197557 0.0977751 0.0090450 0.0342722 0.0074677 0.0031999 0.1675173 0.0059385 0.0086871 0.0000000 0.0101291 0.0013646 0.0031044 0.0011311 0.0000000
 74 R  74 0.0021669 0.2633266 0.0000000 0.0000000 0.0052007 0.0111005 0.0172802 0.0000000 0.0053742 0.0049914 0.5737772 0.0351831 0.0512696 0.0024348 0.0000000 0.0033237 0.0095633 0.0049071 0.0025706 0.0075298
 75 W  75 0.0000000 0.0000000 0.0000000 0.0000000 0.0000000 0.0000000 0.0000000 0.0000000 0.0000000 0.0000000 0.0063097 0.0000000 0.0094734 0.0109068 0.0000000 0.0000000 0.0000000 0.9416137 0.0316964 0.0000000
 76 G  76 0.0121874 0.0000000 0.0074370 0.0082054 0.0000000 0.0000000 0.0048229 0.9535290 0.0000000 0.0000000 0.0000000 0.0000000 0.0000000 0.0000000 0.0000000 0.0138184 0.0000000 0.0000000 0.0000000 0.0000000
 77 K  77 0.0853100 0.0726660 0.0592950 0.0099975 0.0020271 0.1196958 0.1558259 0.0006638 0.0161938 0.1348063 0.0777263 0.1537349 0.0368211 0.0000000 0.0119111 0.0081040 0.0151983 0.0000000 0.0080951 0.0319281
 78 R  78 0.0455981 0.4499156 0.0066633 0.0000000 0.0063381 0.1625291 0.0139310 0.0000000 0.1207715 0.0074656 0.0105199 0.0690058 0.0080013 0.0027215 0.0020107 0.0309588 0.0256472 0.0074354 0.0252040 0.0052832
 79 K  79 0.0000000 0.0192959 0.0000000 0.0000000 0.0000000 0.0042768 0.0094384 0.0000000 0.0000000 0.0181493 0.0000000 0.9040751 0.0000000 0.0000000 0.0000000 0.0000000 0.0447645 0.0000000 0.0000000 0.0000000
 80 N  80 0.0140198 0.0319991 0.5358261 0.0127653 0.0495482 0.0191191 0.0129616 0.1245530 0.0183122 0.0000000 0.0000000 0.0579597 0.0000000 0.0000000 0.0279663 0.0949696 0.0000000 0.0000000 0.0000000 0.0000000
 81 K  81 0.0000000 0.2123258 0.2507926 0.0000000 0.0000000 0.0199704 0.0000000 0.0214020 0.0259935 0.0000000 0.0000000 0.4586687 0.0000000 0.0000000 0.0000000 0.0000000 0.0000000 0.0000000 0.0108471 0.0000000
 82 P  82 0.0282511 0.0738334 0.0117755 0.0230010 0.0000000 0.0171739 0.0247905 0.0000000 0.0057744 0.0000000 0.0303832 0.0828277 0.0069999 0.0000000 0.5437936 0.0457304 0.0810404 0.0093607 0.0000000 0.0152643
 83 K  83 0.1065533 0.0677643 0.2233554 0.0796942 0.0210007 0.0482957 0.0141078 0.0487614 0.0272379 0.0000000 0.0155214 0.2021196 0.0000000 0.0025745 0.0239460 0.0766668 0.0227828 0.0000000 0.0074197 0.0121985
 84 M  84 0.0000000 0.0000000 0.0000000 0.0202642 0.0000000 0.0000000 0.0000000 0.0000000 0.0069392 0.0036801 0.0074165 0.0000000 0.9303588 0.0000000 0.0000000 0.0000000 0.0203733 0.0000000 0.0042682 0.0066998
 85 N  85 0.0000000 0.0000000 0.5604648 0.0428213 0.0000000 0.0000000 0.0206268 0.0071918 0.0000000 0.0000000 0.0000000 0.0380984 0.0000000 0.0000000 0.0000000 0.0218786 0.3089182 0.0000000 0.0000000 0.0000000
 86 Y  86 0.0000000 0.0000000 0.0000000 0.0000000 0.0000000 0.0000000 0.0000000 0.0000000 0.0000000 0.0000000 0.0265744 0.0000000 0.0000000 0.0467643 0.0000000 0.0165035 0.0000000 0.0000000 0.9101578 0.0000000
 87 E  87 0.0013378 0.0188799 0.0119235 0.3917355 0.0000000 0.1060646 0.4255208 0.0022067 0.0000000 0.0000000 0.0073183 0.0156737 0.0000000 0.0000000 0.0000000 0.0071259 0.0000000 0.0000000 0.0122131 0.0000000
 88 K  88 0.0047909 0.0084653 0.0438882 0.0073860 0.0081145 0.0199727 0.0073017 0.0000000 0.0000000 0.0037126 0.0000000 0.7566922 0.0000000 0.0036793 0.0000000 0.0350411 0.1009556 0.0000000 0.0000000 0.0000000
 89 L  89 0.0164127 0.0048265 0.0000000 0.0000000 0.0000000 0.0000000 0.0000000 0.0000000 0.0000000 0.0000000 0.5805001 0.0000000 0.3339797 0.0402747 0.0000000 0.0000000 0.0000000 0.0064732 0.0000000 0.0175331
 90 S  90 0.1129689 0.0064732 0.0000000 0.0000000 0.0405121 0.0069622 0.0080299 0.0802279 0.0000000 0.0000000 0.0108806 0.0000000 0.0000000 0.0094506 0.0000000 0.6981281 0.0191510 0.0000000 0.0072156 0.0000000
 91 R  91 0.0190892 0.9162766 0.0073602 0.0000000 0.0048292 0.0000000 0.0000000 0.0000000 0.0072196 0.0000000 0.0000000 0.0075961 0.0061336 0.0000000 0.0208915 0.0047166 0.0000000 0.0058874 0.0000000 0.0000000
 92 G  92 0.6200166 0.0064620 0.0081608 0.0000000 0.0000000 0.0000000 0.0073433 0.1319650 0.0000000 0.0094343 0.0000000 0.0000000 0.0000000 0.0000000 0.0195440 0.1911685 0.0000000 0.0017992 0.0000000 0.0041063
 93 L  93 0.0000000 0.0000000 0.0000000 0.0000000 0.0064620 0.0000000 0.0000000 0.0081608 0.0000000 0.0528176 0.7699429 0.0000000 0.1134014 0.0141356 0.0000000 0.0054238 0.0178121 0.0000000 0.0000000 0.0118438
 94 R  94 0.0108545 0.9389053 0.0000000 0.0000000 0.0000000 0.0087363 0.0017111 0.0000000 0.0000000 0.0000000 0.0000000 0.0141931 0.0000000 0.0000000 0.0000000 0.0137544 0.0000000 0.0010498 0.0000000 0.0107954
 95 Y  95 0.0118615 0.0205660 0.1016986 0.0201210 0.0000000 0.0280345 0.0369425 0.0000000 0.0458455 0.0189970 0.0177622 0.0079671 0.0000000 0.0179948 0.0073214 0.0222303 0.0186771 0.0000000 0.6239805 0.0000000
 96 Y  96 0.0000000 0.0000000 0.0000000 0.0000000 0.0088560 0.0081636 0.0000000 0.0000000 0.0215668 0.0000000 0.0248424 0.0164016 0.0000000 0.0573386 0.0000000 0.0072926 0.0000000 0.0000000 0.8555383 0.0000000
 97 Y  97 0.0276436 0.0141801 0.0000000 0.0000000 0.0386611 0.0000000 0.0013914 0.0539024 0.0000000 0.0136896 0.0113928 0.0063810 0.0000000 0.0117154 0.0000000 0.0198931 0.0074174 0.0000000 0.7872795 0.0064526
 98 D  98 0.0215516 0.0932626 0.0589824 0.2528652 0.0000000 0.0871786 0.1219470 0.0146104 0.0225222 0.0000000 0.0000000 0.2619284 0.0000000 0.0000000 0.0044566 0.0369259 0.0102386 0.0000000 0.0000000 0.0135305
 99 K  99 0.0107422 0.1541044 0.0366699 0.0126617 0.0000000 0.0494130 0.0231805 0.0463591 0.0000000 0.0041381 0.0394728 0.4559533 0.0105547 0.0000000 0.0000000 0.0417784 0.0949985 0.0000000 0.0000000 0.0199733
100 N 100 0.0000000 0.0524427 0.3109699 0.0977193 0.0028316 0.0181090 0.0423380 0.3809299 0.0072211 0.0000000 0.0000000 0.0501568 0.0000000 0.0000000 0.0000000 0.0206488 0.0070556 0.0000000 0.0000000 0.0095774
101 I 101 0.0000000 0.0072633 0.0031367 0.0060433 0.0000000 0.0124672 0.0906669 0.0070518 0.0045756 0.6835946 0.0349939 0.0085620 0.0548067 0.0109927 0.0000000 0.0084114 0.0288832 0.0000000 0.0055028 0.0330478
102 I 102 0.0109927 0.0000000 0.0000000 0.0000000 0.0000000 0.0011109 0.0000000 0.0000000 0.0083738 0.3188791 0.3396824 0.0125748 0.2129633 0.0190449 0.0000000 0.0000000 0.0045756 0.0000000 0.0049912 0.0668113
103 H 103 0.0816380 0.1307198 0.0054710 0.0040981 0.0054587 0.0986050 0.1428006 0.0016149 0.1251922 0.0188979 0.0358786 0.1164702 0.0079517 0.0233614 0.0000000 0.0567206 0.1047482 0.0000000 0.0039793 0.0363937
104 K 104 0.0000000 0.0785167 0.0051063 0.0000000 0.0000000 0.0163532 0.0000000 0.0043608 0.0017382 0.0000000 0.0000000 0.8380176 0.0000000 0.0000000 0.0411191 0.0098322 0.0000000 0.0000000 0.0000000 0.0049559
105 T 105 0.0200084 0.0127361 0.0000000 0.0000000 0.0040497 0.0000000 0.0454879 0.0084244 0.0000000 0.0731284 0.0110364 0.0257271 0.0234789 0.0075800 0.0392083 0.0304047 0.1294595 0.0000000 0.0000000 0.5692702
106 A 106 0.1147620 0.0721347 0.0225689 0.0968946 0.0000000 0.0551246 0.0777474 0.0414644 0.1145814 0.0172616 0.0319486 0.1506905 0.0042656 0.0019697 0.1113521 0.0702404 0.0043234 0.0000000 0.0036741 0.0089961
107 G 107 0.0010916 0.0051432 0.0033106 0.0000000 0.0000000 0.0000000 0.0000000 0.8351639 0.0066578 0.0000000 0.0000000 0.0383280 0.0000000 0.0143155 0.0000000 0.0424786 0.0486106 0.0049001 0.0000000 0.0000000
108 K 108 0.0119793 0.1867804 0.0021983 0.0000000 0.0000000 0.2674955 0.0995233 0.0000000 0.0109014 0.0053397 0.0000000 0.3728517 0.0165442 0.0000000 0.0000000 0.0134919 0.0000000 0.0000000 0.0032013 0.0096931
109 R 109 0.0022196 0.6542470 0.0218179 0.0133256 0.0064906 0.0100305 0.0078786 0.0000000 0.0000000 0.0098518 0.0144504 0.2341537 0.0000000 0.0037720 0.0000000 0.0070831 0.0146792 0.0000000 0.0000000 0.0000000
110 Y 110 0.0025949 0.0000000 0.0087565 0.0000000 0.0138838 0.0000000 0.0000000 0.0000000 0.0311098 0.0053343 0.4121445 0.0000000 0.0000000 0.1598314 0.0000000 0.0532432 0.0000000 0.0039183 0.3091834 0.0000000
111 V 111 0.1116748 0.0330867 0.0085332 0.0000000 0.0269464 0.0168649 0.0256908 0.0070161 0.0125342 0.0163829 0.0415938 0.0000000 0.0150138 0.0000000 0.0000000 0.0366037 0.1996358 0.0000000 0.0000000 0.4484228
112 Y 112 0.0000000 0.0000000 0.0036005 0.0000000 0.0064369 0.0000000 0.0000000 0.0000000 0.0038941 0.0000000 0.0000000 0.0000000 0.0000000 0.0586835 0.0000000 0.0020286 0.0000000 0.0443396 0.8810168 0.0000000
113 R 113 0.0096656 0.2832682 0.0000000 0.0000000 0.0085162 0.2694250 0.0000000 0.0000000 0.0121956 0.0000000 0.0030004 0.3814437 0.0000000 0.0053678 0.0000000 0.0000000 0.0000000 0.0000000 0.0141762 0.0129413
114 F 114 0.0000000 0.0000000 0.0000000 0.0000000 0.0080488 0.0000000 0.0000000 0.0000000 0.0000000 0.0112819 0.0146972 0.0000000 0.0000000 0.9550648 0.0000000 0.0000000 0.0000000 0.0000000 0.0109072 0.0000000
115 V 115 0.0289248 0.0192003 0.0537240 0.0277797 0.0210142 0.0000000 0.0027295 0.1465513 0.0000000 0.0323085 0.1546798 0.0547032 0.0175853 0.0071891 0.0000000 0.0783656 0.0407564 0.0000000 0.0000000 0.3144885
116 S 116 0.0148304 0.0454352 0.0374932 0.0884466 0.2209215 0.0232108 0.1408014 0.0587148 0.0313575 0.0000000 0.0022308 0.1022903 0.0112355 0.0648433 0.0863832 0.0420819 0.0188825 0.0000000 0.0017338 0.0091073
117 D 117 0.0323546 0.0309108 0.1651308 0.3069567 0.0025228 0.0081231 0.0687303 0.0082981 0.0025544 0.0109004 0.0332608 0.0206141 0.0519939 0.0226429 0.0748707 0.0483056 0.0698434 0.0000000 0.0195352 0.0224515
118 L 118 0.0831167 0.0032521 0.0000000 0.0022083 0.0000000 0.0092265 0.0091764 0.0202863 0.0000000 0.0380756 0.1671337 0.0500880 0.0024084 0.0764205 0.3288251 0.0510092 0.0067478 0.0000000 0.0529194 0.0991060
119 Q 119 0.0224672 0.0372472 0.0332562 0.0560094 0.0000000 0.1172030 0.1480370 0.0164202 0.0902190 0.0051350 0.1286370 0.1490178 0.0000000 0.0011270 0.0554455 0.0532625 0.0430379 0.0113899 0.0027720 0.0293163
120 S 120 0.1361303 0.0106476 0.0765441 0.1198471 0.0000000 0.0643195 0.0717108 0.2498742 0.0074376 0.0480207 0.0217916 0.0232272 0.0088480 0.0000000 0.0091823 0.0935677 0.0248658 0.0000000 0.0000000 0.0339853
121 L 121 0.0039168 0.0555083 0.0000000 0.0122309 0.0000000 0.0126729 0.0028367 0.0027868 0.0000000 0.1468028 0.5317185 0.0084262 0.0606029 0.0059015 0.0054181 0.0087359 0.0239207 0.0716171 0.0082249 0.0386789
122 L 122 0.0447339 0.0107924 0.0000000 0.0000000 0.0000000 0.0261357 0.0199894 0.0079571 0.0116189 0.1251354 0.2022024 0.1564581 0.0606868 0.1205951 0.0089837 0.0120589 0.0067892 0.0000000 0.0109206 0.1749422
123 G 123 0.0494497 0.0122518 0.2208386 0.0040148 0.0085868 0.0536966 0.0456940 0.2498814 0.0015037 0.0236042 0.0021980 0.0084066 0.0132392 0.0047911 0.0219933 0.1800456 0.0545468 0.0000000 0.0148979 0.0303598
124 Y 124 0.0913315 0.0037893 0.0169237 0.0515248 0.0265746 0.0695667 0.0229185 0.0269578 0.0477433 0.1180345 0.0609588 0.0134429 0.1129838 0.0244070 0.0307898 0.0411420 0.0075347 0.0000000 0.2206803 0.0126960
125 T 125 0.1607999 0.0292621 0.0519207 0.0602529 0.0564356 0.0441563 0.0563843 0.0000000 0.0000000 0.0000000 0.0094585 0.0732739 0.0108795 0.0000000 0.1047648 0.1907491 0.1296680 0.0000000 0.0000000 0.0219944
126 P 126 0.2099987 0.0055249 0.0377721 0.0742971 0.0000000 0.0629455 0.0690272 0.0441617 0.0345567 0.0059917 0.0405247 0.0043528 0.0000000 0.0611969 0.2898626 0.0030387 0.0368962 0.0000000 0.0084935 0.0113591
127 E 127 0.0557587 0.0352414 0.0590371 0.1199999 0.0049828 0.0192027 0.1640456 0.0187160 0.0034394 0.0593780 0.0826287 0.0963245 0.0279850 0.0214171 0.0932402 0.0889851 0.0225074 0.0133134 0.0039658 0.0098312
128 E 128 0.0191872 0.0763001 0.0803990 0.1384455 0.0000000 0.1294416 0.2825527 0.0224420 0.0220597 0.0041541 0.0173529 0.0024659 0.0000000 0.0056973 0.0222999 0.1288435 0.0271057 0.0000000 0.0084353 0.0128174
129 L 129 0.0443026 0.0142629 0.0155643 0.0070565 0.0000000 0.0909689 0.0346390 0.0031153 0.0170554 0.1254205 0.3744630 0.0000000 0.0761034 0.0124754 0.0894870 0.0176387 0.0055317 0.0000000 0.0038379 0.0680775
130 H 130 0.0216519 0.1063199 0.0692693 0.0258131 0.0000000 0.0976133 0.1067959 0.0346336 0.2614481 0.0049154 0.0254948 0.0214258 0.0000000 0.0832877 0.0062665 0.0843325 0.0000000 0.0000000 0.0411037 0.0096286
131 A 131 0.1434848 0.0806966 0.0596061 0.0133975 0.0105332 0.0137662 0.0145742 0.0258418 0.0640901 0.0070206 0.0176916 0.0548351 0.0167968 0.0639069 0.1687434 0.1050776 0.0655158 0.0000000 0.0565307 0.0178911
132 M 132 0.0564592 0.0186846 0.0199900 0.0000000 0.0000000 0.0680177 0.0460413 0.0090599 0.0000000 0.0849578 0.2409367 0.0379440 0.1270326 0.0644092 0.0422496 0.1291791 0.0453461 0.0000000 0.0043487 0.0053434
133 L 133 0.0331914 0.0000000 0.0100623 0.0000000 0.0049400 0.0520469 0.0000000 0.0271324 0.0000000 0.0582325 0.3527642 0.0000000 0.0293551 0.0293432 0.0280011 0.0044574 0.0771057 0.0000000 0.0422762 0.2510916
134 D 134 0.0333908 0.0665558 0.0968507 0.1093130 0.0228954 0.0381280 0.0790070 0.1391729 0.0101073 0.0000000 0.0123758 0.1937949 0.0139650 0.0000000 0.0480319 0.0083790 0.0729353 0.0000000 0.0550973 0.0000000
135 V 135 0.1507596 0.0087209 0.0118776 0.0000000 0.0000000 0.0400907 0.0814431 0.0325907 0.0116643 0.0897702 0.0980679 0.0080157 0.0060196 0.1075426 0.0168499 0.0434387 0.0342060 0.0000000 0.0134390 0.2455035
136 K 136 0.1227065 0.0581415 0.0169353 0.0280185 0.0000000 0.2016196 0.0861350 0.0082433 0.0180806 0.0138891 0.0137884 0.1879335 0.0054080 0.0000000 0.0082233 0.1302929 0.0589897 0.0000000 0.0000000 0.0415947
137 P 137 0.0342733 0.0098432 0.0091572 0.0136489 0.0000000 0.0000000 0.0000000 0.0000000 0.0000000 0.0000000 0.0000000 0.0467653 0.0000000 0.0000000 0.7272032 0.1497492 0.0093598 0.0000000 0.0000000 0.0000000
138 D 138 0.0330562 0.0000000 0.0687160 0.3050943 0.0000000 0.0603259 0.2136821 0.0127959 0.0000000 0.0000000 0.0115657 0.0000000 0.0000000 0.0000000 0.2401905 0.0080552 0.0270357 0.0194824 0.0000000 0.0000000
139 A 139 0.1060176 0.0373004 0.0844646 0.0127847 0.0000000 0.1921602 0.0178978 0.0000000 0.0737541 0.0000000 0.0218326 0.0098141 0.0140606 0.0100945 0.1322445 0.1840283 0.1035460 0.0000000 0.0000000 0.0000000
140 D 140 0.0000000 0.0000000 0.0425851 0.4171203 0.0000000 0.1174433 0.4228513 0.0000000 0.0000000 0.0000000 0.0000000 0.0000000 0.0000000 0.0000000 0.0000000 0.0000000 0.0000000 0.0000000 0.0000000 0.0000000
