  140         A         R         N         D         C         Q         E         G         H         I         L         K         M         F         P         S         T         W         Y         V         X    
  1 K   1 0.0000000 0.0215612 0.0000000 0.0000000 0.0000000 0.0058017 0.0464140 0.0000000 0.0000000 0.0000000 0.0000000 0.0460993 0.0000000 0.0000000 0.0000000 0.0000000 0.0000000 0.0000000 0.0000000 0.0000000 0.8801237
  2 G   2 0.0130732 0.0032112 0.0020448 0.0018175 0.0000000 0.0000000 0.0000000 0.0866804 0.0000000 0.0000000 0.0018850 0.0329958 0.0000000 0.0000000 0.0000000 0.0105287 0.0000000 0.0000000 0.0000000 0.0000000 0.8477633
  3 T   3 0.0017281 0.0182669 0.0162696 0.0402573 0.0000000 0.0000000 0.0139433 0.0077874 0.0030497 0.0000000 0.0000000 0.0080904 0.0000000 0.0000000 0.0000000 0.0388530 0.0302401 0.0000000 0.0106336 0.0027584 0.8081223
  4 F   4 0.0042317 0.0239265 0.0036671 0.0000000 0.0000000 0.0081033 0.0015569 0.0139048 0.0105689 0.0350438 0.0325009 0.0000000 0.0077095 0.0443652 0.0078828 0.0029296 0.0000000 0.0016175 0.0037133 0.0171206 0.7811577
  5 K   5 0.0026555 0.0526335 0.0026932 0.0027584 0.0000000 0.0163479 0.0070334 0.0038291 0.0391659 0.0000000 0.0000000 0.0419637 0.0000000 0.0000000 0.0262355 0.0331370 0.0098359 0.0000000 0.0000000 0.0000000 0.7617111
  6 D   6 0.0000000 0.0000000 0.0051664 0.0710388 0.0000000 0.0186952 0.0111821 0.0000000 0.0230830 0.0000000 0.0075434 0.0388143 0.0000000 0.0046863 0.0519051 0.0238279 0.0016175 0.0000000 0.0000000 0.0000000 0.7424399
  7 Y   7 0.0115812 0.0046059 0.0106081 0.0100526 0.0035764 0.0000000 0.0172672 0.0170374 0.0082035 0.0000000 0.0010247 0.0061622 0.0000000 0.0200857 0.0168322 0.0321676 0.0352976 0.0018049 0.0618820 0.0131188 0.7286923
  8 V   8 0.0147077 0.0074830 0.0000000 0.0072182 0.0000000 0.0082806 0.0076009 0.0028383 0.0087121 0.0200992 0.0480825 0.0681900 0.0000000 0.0018452 0.0188615 0.0236836 0.0073202 0.0000000 0.0000000 0.0807269 0.6743501
  9 R   9 0.0114256 0.0280623 0.0099165 0.0256633 0.0141893 0.0405306 0.0104183 0.0175788 0.0013967 0.0013742 0.0278064 0.0204120 0.0017281 0.0035960 0.0523535 0.0476632 0.0162007 0.0000000 0.0077950 0.0057079 0.6561815
 10 D  10 0.0093962 0.0043249 0.0629973 0.0550235 0.0000000 0.0255826 0.0979874 0.0184345 0.0117171 0.0000000 0.0000000 0.0242768 0.0000000 0.0000000 0.0174973 0.0350657 0.0165699 0.0000000 0.0000000 0.0024898 0.6186370
 11 R  11 0.0094365 0.1203766 0.0041869 0.0213666 0.0000000 0.0126879 0.0470167 0.0057821 0.0000000 0.0165549 0.0031332 0.0475103 0.0013742 0.0033267 0.0073667 0.0534815 0.0170624 0.0000000 0.0000000 0.0409077 0.5884290
 12 A  12 0.0541631 0.0274910 0.0176428 0.0000000 0.0151427 0.0114403 0.0119557 0.0046801 0.0019654 0.0031535 0.0139143 0.0070680 0.0009433 0.0139213 0.0891774 0.1328823 0.0216391 0.0000000 0.0000000 0.0008941 0.5719256
 13 D  13 0.0132207 0.0316980 0.0173012 0.0834398 0.0370336 0.0321808 0.0764222 0.0066591 0.0000000 0.0000000 0.0062782 0.0568221 0.0000000 0.0000000 0.0081308 0.0525472 0.0217003 0.0000000 0.0000000 0.0028081 0.5537581
 14 L  14 0.0195153 0.0051457 0.0136200 0.0071853 0.0000000 0.0022474 0.0229189 0.0808535 0.0132818 0.0154071 0.0712209 0.0054754 0.0286113 0.0044501 0.0606634 0.0823351 0.0143228 0.0000000 0.0037191 0.0077623 0.5412646
 15 N  15 0.0121047 0.0319660 0.0273590 0.0660616 0.0012259 0.0492665 0.0767733 0.0075597 0.0000000 0.0028599 0.0109183 0.0376960 0.0000000 0.0066318 0.0596747 0.0714195 0.0095223 0.0067444 0.0016971 0.0105415 0.5099778
 16 K  16 0.0213163 0.0173625 0.0096592 0.0356735 0.0157349 0.0247204 0.0233914 0.0088774 0.0065354 0.0196751 0.0305608 0.0637703 0.0050342 0.0030275 0.0869552 0.0402457 0.0431745 0.0000000 0.0000000 0.0449465 0.4993392
 17 D  17 0.0272082 0.0227614 0.0181354 0.0782061 0.0000000 0.0198683 0.0340754 0.0398395 0.0065030 0.0113584 0.0061196 0.0484261 0.0011293 0.0000000 0.0251651 0.0476894 0.0430869 0.0023683 0.0609080 0.0167651 0.4903865
 18 K  18 0.0225304 0.0350638 0.0225034 0.0318728 0.0025240 0.1137852 0.0338828 0.0310711 0.0047515 0.0124176 0.0000000 0.0570194 0.0028744 0.0165409 0.0235551 0.0768730 0.0203662 0.0000000 0.0060821 0.0081259 0.4781604
 19 P  19 0.0148852 0.0359425 0.0209725 0.0415177 0.0000000 0.0037845 0.0670303 0.0058349 0.0000000 0.0384594 0.0211860 0.0152461 0.0089157 0.0007197 0.2172699 0.0086605 0.0190696 0.0011657 0.0000000 0.0092630 0.4700766
 20 V  20 0.0282671 0.0295261 0.0206848 0.0075791 0.0084212 0.0093813 0.0253669 0.0608550 0.0211417 0.0088323 0.0543110 0.0201293 0.0030566 0.0346438 0.0776880 0.0567629 0.0174943 0.0083366 0.0098457 0.0400543 0.4576221
 21 I  21 0.0282980 0.0239925 0.0235335 0.0035220 0.0127014 0.0031153 0.0196255 0.0804282 0.0116354 0.0850197 0.0357991 0.0333539 0.0101056 0.0192057 0.0245636 0.0734413 0.0124765 0.0076159 0.0034897 0.0360238 0.4520534
 22 P  22 0.0276920 0.0021259 0.0130688 0.0144922 0.0016251 0.0291281 0.0316938 0.0211395 0.0018381 0.0000000 0.0277384 0.0062371 0.0081077 0.0023736 0.2692907 0.0518999 0.0418931 0.0000000 0.0028744 0.0056065 0.4411749
 23 A  23 0.1136303 0.0452973 0.0272463 0.0117151 0.0028169 0.0310182 0.0256312 0.0646724 0.0151146 0.0496129 0.0230646 0.0143366 0.0066196 0.0152696 0.0131724 0.0574413 0.0478614 0.0000000 0.0181176 0.0292084 0.3881532
 24 A  24 0.0857405 0.0744188 0.0308850 0.0084299 0.0192873 0.0309855 0.0065721 0.0610958 0.0156479 0.0110165 0.0302667 0.0400075 0.0051710 0.0131327 0.0042866 0.1068922 0.0433685 0.0011565 0.0357541 0.0131381 0.3627468
 25 A  25 0.0361247 0.0213284 0.0135005 0.0071910 0.0189904 0.0169525 0.0458357 0.0201093 0.0272671 0.0104837 0.0307719 0.1148705 0.0221444 0.0043507 0.0796382 0.1052578 0.0453216 0.0043042 0.0000000 0.0284523 0.3471052
 26 L  26 0.0167114 0.0840938 0.0291034 0.0122473 0.0000000 0.0219961 0.0131670 0.0733805 0.0324891 0.0187991 0.0418363 0.1191488 0.0095473 0.0031776 0.0809847 0.0705205 0.0159321 0.0032938 0.0142675 0.0104107 0.3288932
 27 A  27 0.0491992 0.0487882 0.0176010 0.0323947 0.0000000 0.0230120 0.0325581 0.0289899 0.0105689 0.0170503 0.0602311 0.0760311 0.0027380 0.0101044 0.0839487 0.0979679 0.0539507 0.0000000 0.0119949 0.0262221 0.3166489
 28 G  28 0.0512488 0.0642277 0.0306698 0.0056160 0.0208779 0.0198127 0.0293096 0.1106119 0.0085340 0.0117462 0.0135207 0.1010150 0.0040105 0.0027685 0.0696915 0.1299914 0.0144193 0.0131606 0.0052091 0.0109493 0.2826094
 29 Y  29 0.0221683 0.0767487 0.0516590 0.0319558 0.0054402 0.0240749 0.0121771 0.0421934 0.0291473 0.0101781 0.0025083 0.0625172 0.0129721 0.0356534 0.0344700 0.1463539 0.0639313 0.0044423 0.0684283 0.0024563 0.2605241
 30 T  30 0.0231503 0.0347943 0.0399731 0.0093656 0.0082470 0.0682276 0.0158323 0.1138186 0.0529253 0.0347295 0.0227451 0.0684257 0.0010156 0.0000000 0.0919083 0.0669817 0.0649941 0.0000000 0.0051589 0.0179631 0.2597437
 31 G  31 0.0698227 0.1106788 0.0720761 0.0066587 0.0042922 0.0112031 0.0143562 0.2623779 0.0262406 0.0011911 0.0069869 0.0639665 0.0000000 0.0068756 0.0388616 0.0650693 0.0103689 0.0016616 0.0000000 0.0000000 0.2273124
 32 S  32 0.0049439 0.1541408 0.0792828 0.0441929 0.0139341 0.0112209 0.0034553 0.1374254 0.0057909 0.0000000 0.0151184 0.0628328 0.0020065 0.0000000 0.0374593 0.2187394 0.0316709 0.0000000 0.0000000 0.0025917 0.1751940
 33 G  33 0.0050828 0.1220976 0.0432315 0.0025620 0.0306917 0.0386709 0.0000000 0.3507014 0.0051258 0.0000000 0.0090905 0.1217173 0.0044947 0.0071717 0.0078856 0.0607814 0.0106270 0.0086706 0.0000000 0.0036563 0.1677414
 34 P  34 0.0100070 0.0615882 0.0185533 0.0043251 0.0073821 0.2173874 0.0000000 0.0574307 0.0122997 0.0008347 0.0152653 0.1285671 0.0017971 0.0000000 0.1137497 0.0877531 0.0813499 0.0000000 0.0000000 0.0124945 0.1692150
 35 I  35 0.0032779 0.0130236 0.0234564 0.0000000 0.0000000 0.0073157 0.0000000 0.0094957 0.0000000 0.3757223 0.1658434 0.0093636 0.0191249 0.0025972 0.0081375 0.0281912 0.0936767 0.0000000 0.0000000 0.0802507 0.1605234
 36 Q  36 0.0000000 0.1701477 0.0000000 0.0000000 0.0123720 0.3596317 0.0138381 0.0000000 0.1050597 0.0044657 0.0035713 0.0282724 0.0000000 0.0000000 0.0035434 0.0074385 0.0475673 0.0000000 0.0782087 0.0000000 0.1658835
 37 L  37 0.0000000 0.0000000 0.0000000 0.0000000 0.0000000 0.0000000 0.0000000 0.0000000 0.0000000 0.0156060 0.8550890 0.0000000 0.0093206 0.0034690 0.0067720 0.0000000 0.0000000 0.0099251 0.0000000 0.0118837 0.0879345
 38 W  38 0.0000000 0.0000000 0.0000000 0.0000000 0.0058746 0.0032745 0.0000000 0.0000000 0.0000000 0.0210373 0.0640663 0.0000000 0.0000000 0.0400064 0.0065954 0.0071690 0.0000000 0.7058063 0.0546758 0.0000000 0.0914944
 39 Q  39 0.0164173 0.0094537 0.0073157 0.0720127 0.0000000 0.4656483 0.2198660 0.0112096 0.0492959 0.0019485 0.0100843 0.0148122 0.0000000 0.0000000 0.0287872 0.0124466 0.0000000 0.0000000 0.0000000 0.0000000 0.0807021
 40 F  40 0.0000000 0.0000000 0.0000000 0.0000000 0.0000000 0.0000000 0.0000000 0.0000000 0.0000000 0.0000000 0.0101017 0.0000000 0.0068957 0.8367757 0.0000000 0.0000000 0.0000000 0.0000000 0.0688486 0.0000000 0.0773783
 41 L  41 0.0000000 0.0000000 0.0000000 0.0000000 0.0000000 0.0000000 0.0000000 0.0000000 0.0000000 0.1718822 0.6788292 0.0000000 0.0000000 0.0000000 0.0000000 0.0044643 0.0000000 0.0000000 0.0000000 0.0710060 0.0738183
 42 L  42 0.0048527 0.1424357 0.0000000 0.0000000 0.0000000 0.0253858 0.0060767 0.0000000 0.0461491 0.0126632 0.4865479 0.0251278 0.0164548 0.0106421 0.0094537 0.0014423 0.0000000 0.0057821 0.0482977 0.0848700 0.0738183
 43 E  43 0.0730541 0.0190531 0.0180840 0.1650650 0.0102441 0.0740432 0.4013945 0.0372157 0.0221543 0.0000000 0.0000000 0.0406162 0.0155428 0.0000000 0.0000000 0.0015124 0.0361582 0.0000000 0.0084891 0.0057821 0.0715912
 44 L  44 0.0215312 0.0087038 0.0030243 0.0000000 0.0026192 0.0000000 0.0129071 0.0000000 0.0000000 0.0615976 0.7193570 0.0011324 0.0276061 0.0000000 0.0000000 0.0429189 0.0126036 0.0000000 0.0000000 0.0109385 0.0750602
 45 L  45 0.0150104 0.0000000 0.0000000 0.0000000 0.0000000 0.0000000 0.0137853 0.0000000 0.0000000 0.0212426 0.8732464 0.0000000 0.0000000 0.0033210 0.0000000 0.0000000 0.0000000 0.0000000 0.0000000 0.0018030 0.0715912
 46 T  46 0.0451286 0.0563428 0.0597190 0.0837859 0.0269158 0.1421265 0.0702133 0.0155949 0.0125574 0.0377692 0.0770350 0.0357802 0.0350262 0.0065954 0.0034690 0.1071355 0.1104044 0.0000000 0.0046692 0.0007166 0.0690152
 47 D  47 0.0093252 0.0185247 0.1193215 0.5217884 0.0063789 0.0107459 0.0323705 0.0114167 0.0344614 0.0000000 0.0058693 0.0635181 0.0043290 0.0000000 0.0025934 0.0784172 0.0184863 0.0000000 0.0000000 0.0027584 0.0596953
 48 K  48 0.0152100 0.0748650 0.0166500 0.0287567 0.0052733 0.0330678 0.0999209 0.1121257 0.0126138 0.0000000 0.0074106 0.1032477 0.0000000 0.0000000 0.2804608 0.1314705 0.0104446 0.0024471 0.0000000 0.0075632 0.0584722
 49 S  49 0.0876007 0.0684875 0.0778019 0.0988416 0.0023234 0.0588266 0.2194864 0.0161864 0.0021016 0.0000000 0.0019485 0.0550022 0.0015292 0.0000000 0.0000000 0.1967074 0.0472665 0.0000000 0.0053101 0.0066349 0.0539452
 50 C  50 0.0255649 0.0180858 0.2422372 0.0000000 0.1648985 0.0021318 0.0074550 0.0145945 0.0892801 0.0016285 0.0105755 0.0165087 0.0844486 0.0328893 0.0057910 0.0323032 0.0122561 0.0000000 0.1658034 0.0167690 0.0567789
 51 Q  51 0.1200270 0.0925397 0.0100109 0.0127216 0.0111779 0.1044687 0.0741011 0.0782317 0.0162747 0.0094364 0.0145288 0.0875487 0.0062637 0.0000000 0.1471510 0.1305187 0.0286002 0.0000000 0.0000000 0.0070751 0.0493240
 52 S  52 0.0287074 0.0585410 0.0805758 0.1768889 0.0000000 0.0277600 0.0519235 0.0889831 0.1418567 0.0000000 0.0000000 0.0663457 0.0000000 0.0000000 0.0298974 0.1635304 0.0296240 0.0000000 0.0044258 0.0012473 0.0496931
 53 F  53 0.0447171 0.0000000 0.0000000 0.0000000 0.2064705 0.0017944 0.0075713 0.0000000 0.0044657 0.1225883 0.1209674 0.0207268 0.0116173 0.1422036 0.0000000 0.0406513 0.0016285 0.0008592 0.1259922 0.0980533 0.0496931
 54 I  54 0.0059152 0.0044643 0.0000000 0.0012708 0.0000000 0.0000000 0.0000000 0.0015251 0.0000000 0.8169495 0.0359471 0.0000000 0.0209271 0.0043749 0.0000000 0.0041772 0.0000000 0.0000000 0.0000000 0.0513246 0.0531244
 55 S  55 0.1618274 0.1290787 0.0033297 0.0000000 0.0720590 0.0688432 0.0477889 0.0044643 0.0087251 0.0122241 0.0000000 0.1669390 0.0092089 0.0000000 0.0064043 0.0977545 0.0892551 0.0518420 0.0097087 0.0130513 0.0474959
 56 W  56 0.0000000 0.0074237 0.0000000 0.0000000 0.0000000 0.0000000 0.0000000 0.0070880 0.0000000 0.0000000 0.0000000 0.0121523 0.0000000 0.0000000 0.0000000 0.0000000 0.0000000 0.9243151 0.0000000 0.0000000 0.0490210
 57 T  57 0.0009699 0.0138600 0.0031128 0.0024581 0.0117522 0.0374143 0.2276366 0.0091064 0.0000000 0.0586414 0.0200057 0.0158551 0.0037245 0.0089850 0.0000000 0.0164221 0.3681837 0.0000000 0.0000000 0.1584561 0.0434162
 58 G  58 0.0000000 0.0304205 0.1429827 0.2805863 0.0066844 0.0446728 0.0110268 0.3677421 0.0000000 0.0000000 0.0000000 0.0221185 0.0000000 0.0000000 0.0020278 0.0338561 0.0046137 0.0000000 0.0056751 0.0041772 0.0434162
 59 D  59 0.0075389 0.2618820 0.0696398 0.1152539 0.0000000 0.0590280 0.0890419 0.0064162 0.0210198 0.0006950 0.0016036 0.1719639 0.0000000 0.0000000 0.0269910 0.0232916 0.0772557 0.0000000 0.0146490 0.0040186 0.0497110
 60 G  60 0.0237767 0.0035995 0.1090784 0.0912888 0.0145365 0.0223346 0.2581892 0.1772334 0.0044382 0.0000000 0.0000000 0.0202671 0.0000000 0.0000000 0.0271733 0.0812597 0.0660330 0.0190315 0.0356113 0.0000000 0.0461490
 61 W  61 0.0090810 0.0551938 0.0224253 0.0146636 0.0000000 0.0307940 0.0211677 0.3556786 0.0093590 0.0122022 0.0446463 0.1267649 0.0482611 0.0999809 0.0030825 0.0109009 0.0209188 0.0653955 0.0033350 0.0000000 0.0461490
 62 E  62 0.0000000 0.0212855 0.0057821 0.0029527 0.0166095 0.0913244 0.4750969 0.0000000 0.0122042 0.1274838 0.0186210 0.0265066 0.0136087 0.0000000 0.0000000 0.0175947 0.0136487 0.0000000 0.0000000 0.1123243 0.0449570
 63 F  63 0.0000000 0.0000000 0.0000000 0.0000000 0.0000000 0.0000000 0.0127775 0.0000000 0.0000000 0.0000000 0.0021477 0.0000000 0.0000000 0.9297330 0.0000000 0.0106778 0.0000000 0.0000000 0.0000000 0.0000000 0.0446640
 64 K  64 0.0000000 0.1657877 0.0000000 0.0000000 0.0000000 0.0615530 0.0058693 0.0000000 0.0024585 0.0313613 0.0082136 0.5207282 0.0000000 0.0094537 0.0000000 0.0636067 0.0042317 0.0000000 0.0000000 0.0820723 0.0446640
 65 L  65 0.0000000 0.0094537 0.0000000 0.0000000 0.0000000 0.0000000 0.0000000 0.0000000 0.0030825 0.1961794 0.4534460 0.0000000 0.0516687 0.0906569 0.0000000 0.0957967 0.0044941 0.0000000 0.0000000 0.0447761 0.0504461
 66 S  66 0.0119772 0.0194783 0.0321310 0.0000000 0.0198459 0.0105604 0.0550253 0.0000000 0.0097040 0.0998605 0.1218660 0.1391448 0.0126306 0.0094537 0.0000000 0.0363012 0.0895215 0.0000000 0.0000000 0.2820537 0.0504461
 67 D  67 0.0014723 0.0270300 0.1308522 0.5024334 0.0000000 0.0433412 0.0768757 0.0034778 0.0539340 0.0000000 0.0094537 0.0700435 0.0000000 0.0000000 0.0000000 0.0088836 0.0186741 0.0030825 0.0000000 0.0000000 0.0504461
 68 P  68 0.0424520 0.0144025 0.0000000 0.0066844 0.0035599 0.0116806 0.0000000 0.0000000 0.0067102 0.0000000 0.0000000 0.1119084 0.0000000 0.0000000 0.4982999 0.2193787 0.0270122 0.0000000 0.0000000 0.0074651 0.0504461
 69 D  69 0.0487506 0.0038428 0.0553955 0.2442979 0.0000000 0.0215059 0.3507505 0.0010667 0.0587174 0.0000000 0.0024156 0.1062388 0.0100890 0.0073142 0.0142957 0.0017944 0.0057405 0.0000000 0.0000000 0.0173384 0.0504461
 70 E  70 0.2043821 0.0531565 0.0000000 0.0023250 0.0000000 0.0205372 0.3694362 0.0623444 0.0037547 0.0093320 0.0517436 0.1013569 0.0101452 0.0153229 0.0000000 0.0018985 0.0134344 0.0000000 0.0000000 0.0197848 0.0610455
 71 V  71 0.0121728 0.0000000 0.0000000 0.0000000 0.0000000 0.0000000 0.0000000 0.0000000 0.0000000 0.0375662 0.2202518 0.0000000 0.0057821 0.0208388 0.0000000 0.0000000 0.0011692 0.0000000 0.0000000 0.6448582 0.0573609
 72 A  72 0.8116766 0.0000000 0.0000000 0.0000000 0.0000000 0.0000000 0.0000000 0.0063612 0.0000000 0.0000000 0.0000000 0.0000000 0.0000000 0.0000000 0.0000000 0.0819129 0.0129521 0.0000000 0.0000000 0.0192541 0.0678431
 73 R  73 0.0077529 0.4813356 0.0147323 0.0022771 0.0000000 0.1089877 0.0885275 0.0080814 0.0311409 0.0067713 0.0029353 0.1577740 0.0054834 0.0078757 0.0000000 0.0093738 0.0012739 0.0028169 0.0010587 0.0000000 0.0618016
 74 R  74 0.0020065 0.2477248 0.0000000 0.0000000 0.0048152 0.0107429 0.0156724 0.0000000 0.0049628 0.0046940 0.5443165 0.0328023 0.0478799 0.0027685 0.0000000 0.0030243 0.0083216 0.0045136 0.0024156 0.0067013 0.0566378
 75 W  75 0.0000000 0.0000000 0.0000000 0.0000000 0.0000000 0.0000000 0.0000000 0.0000000 0.0000000 0.0000000 0.0063002 0.0000000 0.0083216 0.0099251 0.0000000 0.0000000 0.0000000 0.8994559 0.0279440 0.0000000 0.0480532
 76 G  76 0.0110535 0.0000000 0.0065006 0.0067720 0.0000000 0.0000000 0.0051638 0.9126579 0.0000000 0.0000000 0.0000000 0.0000000 0.0000000 0.0000000 0.0000000 0.0122298 0.0000000 0.0000000 0.0000000 0.0000000 0.0456224
 77 K  77 0.0800050 0.0682351 0.0562618 0.0096167 0.0018940 0.1149229 0.1489451 0.0008027 0.0146408 0.1300134 0.0788148 0.1431662 0.0353284 0.0000000 0.0110709 0.0075845 0.0142663 0.0000000 0.0074482 0.0313605 0.0456224
 78 R  78 0.0411334 0.4389541 0.0060688 0.0000000 0.0059486 0.1535778 0.0129952 0.0000000 0.1152453 0.0072646 0.0098025 0.0647927 0.0072429 0.0024898 0.0017830 0.0272958 0.0237874 0.0067013 0.0237774 0.0055171 0.0456224
 79 K  79 0.0000000 0.0176996 0.0000000 0.0000000 0.0000000 0.0045172 0.0083216 0.0000000 0.0000000 0.0161550 0.0000000 0.8680942 0.0000000 0.0000000 0.0000000 0.0000000 0.0410728 0.0000000 0.0000000 0.0000000 0.0441397
 80 N  80 0.0135569 0.0295012 0.5188517 0.0117132 0.0472496 0.0188299 0.0117906 0.1145216 0.0181137 0.0000000 0.0000000 0.0557263 0.0000000 0.0000000 0.0253390 0.0924195 0.0000000 0.0000000 0.0000000 0.0000000 0.0423869
 81 K  81 0.0000000 0.2056015 0.2338553 0.0000000 0.0000000 0.0185813 0.0000000 0.0193003 0.0249298 0.0000000 0.0000000 0.4454197 0.0000000 0.0000000 0.0000000 0.0000000 0.0000000 0.0000000 0.0099251 0.0000000 0.0423869
 82 P  82 0.0271683 0.0676783 0.0109422 0.0224281 0.0000000 0.0151740 0.0230297 0.0000000 0.0057294 0.0000000 0.0286958 0.0781538 0.0065353 0.0000000 0.5239879 0.0434412 0.0818950 0.0085568 0.0000000 0.0141973 0.0423869
 83 K  83 0.1032952 0.0640626 0.2207748 0.0763332 0.0190894 0.0477624 0.0128309 0.0457776 0.0262134 0.0000000 0.0142541 0.1886527 0.0000000 0.0023968 0.0224639 0.0741010 0.0221715 0.0000000 0.0065006 0.0109331 0.0423869
 84 M  84 0.0000000 0.0000000 0.0000000 0.0182467 0.0000000 0.0000000 0.0000000 0.0000000 0.0063510 0.0035599 0.0067013 0.0000000 0.8971146 0.0000000 0.0000000 0.0000000 0.0191122 0.0000000 0.0045172 0.0065867 0.0378104
 85 N  85 0.0000000 0.0000000 0.5518922 0.0395001 0.0000000 0.0000000 0.0191897 0.0063612 0.0000000 0.0000000 0.0000000 0.0339292 0.0000000 0.0000000 0.0000000 0.0203076 0.2910096 0.0000000 0.0000000 0.0000000 0.0378104
 86 Y  86 0.0000000 0.0000000 0.0000000 0.0000000 0.0000000 0.0000000 0.0000000 0.0000000 0.0000000 0.0000000 0.0260702 0.0000000 0.0000000 0.0434485 0.0000000 0.0174052 0.0000000 0.0000000 0.8821462 0.0000000 0.0309299
 87 E  87 0.0012316 0.0170297 0.0119059 0.3869235 0.0000000 0.0995076 0.4052057 0.0021496 0.0000000 0.0000000 0.0066844 0.0161404 0.0000000 0.0000000 0.0000000 0.0065650 0.0000000 0.0000000 0.0112096 0.0000000 0.0354470
 88 K  88 0.0051638 0.0073043 0.0395727 0.0067013 0.0074651 0.0189715 0.0066844 0.0000000 0.0000000 0.0034778 0.0000000 0.7404390 0.0000000 0.0032839 0.0000000 0.0311873 0.0960417 0.0000000 0.0000000 0.0000000 0.0337072
 89 L  89 0.0146726 0.0051638 0.0000000 0.0000000 0.0000000 0.0000000 0.0000000 0.0000000 0.0000000 0.0000000 0.5713679 0.0000000 0.3133461 0.0373709 0.0000000 0.0000000 0.0000000 0.0053841 0.0000000 0.0157771 0.0369176
 90 S  90 0.1058136 0.0053841 0.0000000 0.0000000 0.0362693 0.0063510 0.0073891 0.0771394 0.0000000 0.0000000 0.0099251 0.0000000 0.0000000 0.0083216 0.0000000 0.6820541 0.0180739 0.0000000 0.0063612 0.0000000 0.0369176
 91 R  91 0.0185955 0.8851382 0.0066844 0.0000000 0.0051638 0.0000000 0.0000000 0.0000000 0.0063612 0.0000000 0.0000000 0.0068629 0.0068805 0.0000000 0.0188353 0.0043251 0.0000000 0.0057821 0.0000000 0.0000000 0.0353711
 92 G  92 0.6048538 0.0053841 0.0074651 0.0000000 0.0000000 0.0000000 0.0066844 0.1259832 0.0000000 0.0083216 0.0000000 0.0000000 0.0000000 0.0000000 0.0186695 0.1834845 0.0000000 0.0017528 0.0000000 0.0037696 0.0336314
 93 L  93 0.0000000 0.0000000 0.0000000 0.0000000 0.0053841 0.0000000 0.0000000 0.0074651 0.0000000 0.0512328 0.7450591 0.0000000 0.1076170 0.0142696 0.0000000 0.0075852 0.0162761 0.0000000 0.0000000 0.0114798 0.0336314
 94 R  94 0.0095468 0.9113932 0.0000000 0.0000000 0.0000000 0.0080238 0.0032863 0.0000000 0.0000000 0.0000000 0.0000000 0.0143456 0.0000000 0.0000000 0.0000000 0.0123868 0.0000000 0.0013404 0.0000000 0.0099251 0.0297521
 95 Y  95 0.0107947 0.0181502 0.0955887 0.0198914 0.0000000 0.0295980 0.0334334 0.0000000 0.0436453 0.0173499 0.0162873 0.0079311 0.0000000 0.0192691 0.0066844 0.0221758 0.0172757 0.0000000 0.6086563 0.0000000 0.0332687
 96 Y  96 0.0000000 0.0000000 0.0000000 0.0000000 0.0094697 0.0074651 0.0000000 0.0000000 0.0205172 0.0000000 0.0223027 0.0150104 0.0000000 0.0529467 0.0000000 0.0067597 0.0000000 0.0000000 0.8264194 0.0000000 0.0391090
 97 Y  97 0.0253993 0.0130063 0.0000000 0.0000000 0.0347926 0.0000000 0.0013411 0.0504520 0.0000000 0.0138491 0.0105137 0.0058693 0.0000000 0.0112998 0.0000000 0.0186120 0.0067013 0.0000000 0.7654233 0.0053841 0.0373562
 98 D  98 0.0200572 0.0899910 0.0587057 0.2498182 0.0000000 0.0833650 0.1147262 0.0133182 0.0215782 0.0000000 0.0000000 0.2485023 0.0000000 0.0000000 0.0041627 0.0329843 0.0094304 0.0000000 0.0000000 0.0146299 0.0387309
 99 K  99 0.0094829 0.1449972 0.0344986 0.0114681 0.0000000 0.0458204 0.0216938 0.0420762 0.0000000 0.0036117 0.0365345 0.4406348 0.0099156 0.0000000 0.0000000 0.0383792 0.0871319 0.0000000 0.0000000 0.0189460 0.0548092
100 N 100 0.0000000 0.0505666 0.3045894 0.0901854 0.0025934 0.0167593 0.0409626 0.3543336 0.0066893 0.0000000 0.0000000 0.0463645 0.0000000 0.0000000 0.0000000 0.0186301 0.0063510 0.0000000 0.0000000 0.0083216 0.0536533
101 I 101 0.0000000 0.0066153 0.0027993 0.0053815 0.0000000 0.0111465 0.0823145 0.0063032 0.0041627 0.6521281 0.0314471 0.0075527 0.0488864 0.0094537 0.0000000 0.0067720 0.0258795 0.0000000 0.0051773 0.0305068 0.0634733
102 I 102 0.0094537 0.0000000 0.0000000 0.0000000 0.0000000 0.0013811 0.0000000 0.0000000 0.0074651 0.3028826 0.3143789 0.0112096 0.2024251 0.0172980 0.0000000 0.0000000 0.0041627 0.0000000 0.0044657 0.0614043 0.0634733
103 H 103 0.0755897 0.1253997 0.0050086 0.0037324 0.0051124 0.0929318 0.1303822 0.0016483 0.1174538 0.0172386 0.0328608 0.1155208 0.0071910 0.0205012 0.0000000 0.0556842 0.0991627 0.0000000 0.0037233 0.0337361 0.0571223
104 K 104 0.0000000 0.0725556 0.0045718 0.0000000 0.0000000 0.0148297 0.0000000 0.0037962 0.0016125 0.0000000 0.0000000 0.7930044 0.0000000 0.0000000 0.0382109 0.0098310 0.0000000 0.0000000 0.0000000 0.0044657 0.0571223
105 T 105 0.0184774 0.0105728 0.0000000 0.0000000 0.0038458 0.0000000 0.0415031 0.0084616 0.0000000 0.0656303 0.0099210 0.0228663 0.0221775 0.0066844 0.0376847 0.0287768 0.1194306 0.0000000 0.0000000 0.5348057 0.0691619
106 A 106 0.1047287 0.0658778 0.0238531 0.0904793 0.0000000 0.0513671 0.0693871 0.0386622 0.1101578 0.0182416 0.0288253 0.1376736 0.0040051 0.0017971 0.1013866 0.0678033 0.0040751 0.0000000 0.0032819 0.0080631 0.0703340
107 G 107 0.0013237 0.0041529 0.0025926 0.0000000 0.0000000 0.0000000 0.0000000 0.6917105 0.0053014 0.0000000 0.0000000 0.0323852 0.0000000 0.0109749 0.0000000 0.0357991 0.0386988 0.0038073 0.0000000 0.0000000 0.1732536
108 K 108 0.0124226 0.1669727 0.0018952 0.0000000 0.0000000 0.2489934 0.0902506 0.0000000 0.0108386 0.0046137 0.0000000 0.3414590 0.0139589 0.0000000 0.0000000 0.0119188 0.0000000 0.0000000 0.0028169 0.0084542 0.0854056
109 R 109 0.0018952 0.5939946 0.0184336 0.0115221 0.0068805 0.0087038 0.0067013 0.0000000 0.0000000 0.0084210 0.0124847 0.2151703 0.0000000 0.0032819 0.0000000 0.0060880 0.0128580 0.0000000 0.0000000 0.0000000 0.0935649
110 Y 110 0.0022836 0.0000000 0.0075527 0.0000000 0.0121075 0.0000000 0.0000000 0.0000000 0.0293631 0.0046137 0.3727022 0.0000000 0.0000000 0.1512848 0.0000000 0.0450928 0.0000000 0.0034778 0.2864495 0.0000000 0.0850722
111 V 111 0.1052518 0.0285735 0.0074817 0.0000000 0.0242759 0.0146376 0.0222689 0.0060688 0.0109809 0.0155443 0.0370747 0.0000000 0.0144745 0.0000000 0.0000000 0.0307098 0.1807266 0.0000000 0.0000000 0.4128881 0.0890428
112 Y 112 0.0000000 0.0000000 0.0029594 0.0000000 0.0068805 0.0000000 0.0000000 0.0000000 0.0042989 0.0000000 0.0000000 0.0000000 0.0000000 0.0520329 0.0000000 0.0017372 0.0000000 0.0375711 0.8072982 0.0000000 0.0872218
113 R 113 0.0083726 0.2542850 0.0000000 0.0000000 0.0086862 0.2428844 0.0000000 0.0000000 0.0104917 0.0000000 0.0025926 0.3543755 0.0000000 0.0046137 0.0000000 0.0000000 0.0000000 0.0000000 0.0117890 0.0112096 0.0906996
114 F 114 0.0000000 0.0000000 0.0000000 0.0000000 0.0077257 0.0000000 0.0000000 0.0000000 0.0000000 0.0094537 0.0126527 0.0000000 0.0000000 0.8708221 0.0000000 0.0000000 0.0000000 0.0000000 0.0108216 0.0000000 0.0885242
115 V 115 0.0236224 0.0150790 0.0452834 0.0221342 0.0173742 0.0000000 0.0021699 0.1198153 0.0000000 0.0251510 0.1254499 0.0437385 0.0141360 0.0055991 0.0000000 0.0610398 0.0314386 0.0000000 0.0000000 0.2605480 0.1874206
116 S 116 0.0117936 0.0363018 0.0300009 0.0693696 0.1748882 0.0183458 0.1107568 0.0463483 0.0272971 0.0000000 0.0017559 0.0808943 0.0087038 0.0536447 0.0685012 0.0409465 0.0150696 0.0000000 0.0016351 0.0070756 0.1966713
117 D 117 0.0256938 0.0247289 0.1360246 0.2530681 0.0033805 0.0066977 0.0544225 0.0066264 0.0020949 0.0078570 0.0279617 0.0183381 0.0420277 0.0210185 0.0635156 0.0393830 0.0559549 0.0000000 0.0197530 0.0186165 0.1728365
118 L 118 0.0646807 0.0024555 0.0000000 0.0017385 0.0000000 0.0068228 0.0068288 0.0161180 0.0000000 0.0283051 0.1257438 0.0400811 0.0018100 0.0630875 0.2576846 0.0375320 0.0051559 0.0000000 0.0413676 0.0766780 0.2239101
119 Q 119 0.0161038 0.0269267 0.0249008 0.0449326 0.0000000 0.0896203 0.1133281 0.0118706 0.0673441 0.0035754 0.0938461 0.1073401 0.0000000 0.0008357 0.0416030 0.0385446 0.0314169 0.0078976 0.0020065 0.0206711 0.2572361
120 S 120 0.0934564 0.0072874 0.0539382 0.0827162 0.0000000 0.0435967 0.0498837 0.1768995 0.0050447 0.0374073 0.0149808 0.0159706 0.0061164 0.0000000 0.0075214 0.0645285 0.0168233 0.0000000 0.0000000 0.0252683 0.2985606
121 L 121 0.0024462 0.0346348 0.0000000 0.0067720 0.0000000 0.0082325 0.0018166 0.0017480 0.0000000 0.0957647 0.3476176 0.0052584 0.0379108 0.0048316 0.0034469 0.0053953 0.0147103 0.0445127 0.0050557 0.0242903 0.3555555
122 L 122 0.0292328 0.0063065 0.0000000 0.0000000 0.0000000 0.0151950 0.0115412 0.0042090 0.0067618 0.0725338 0.1213307 0.0959770 0.0362036 0.0714341 0.0053758 0.0069609 0.0041170 0.0000000 0.0063843 0.1043764 0.4020602
123 G 123 0.0268084 0.0077531 0.1227992 0.0022312 0.0046834 0.0317589 0.0251117 0.1374209 0.0008320 0.0121723 0.0011876 0.0045357 0.0080795 0.0025966 0.0110191 0.0979816 0.0309088 0.0000000 0.0079170 0.0159861 0.4482169
124 Y 124 0.0531878 0.0020095 0.0091179 0.0282765 0.0144093 0.0374293 0.0124841 0.0147351 0.0271615 0.0642590 0.0353038 0.0072570 0.0632111 0.0130969 0.0163407 0.0220529 0.0040590 0.0000000 0.1202577 0.0068526 0.4484984
125 T 125 0.0858836 0.0155416 0.0283513 0.0328972 0.0330723 0.0233913 0.0291769 0.0000000 0.0000000 0.0000000 0.0049405 0.0388094 0.0068805 0.0000000 0.0577621 0.0999052 0.0688940 0.0000000 0.0000000 0.0113894 0.4631047
126 P 126 0.1059607 0.0027756 0.0192012 0.0364547 0.0000000 0.0350838 0.0336493 0.0218402 0.0170454 0.0029730 0.0202231 0.0021699 0.0000000 0.0326992 0.1497638 0.0015130 0.0185363 0.0000000 0.0042580 0.0056263 0.4902264
127 E 127 0.0272677 0.0167630 0.0287414 0.0587501 0.0028931 0.0092765 0.0800941 0.0093136 0.0016633 0.0311634 0.0421094 0.0460971 0.0142159 0.0103758 0.0481807 0.0431347 0.0110180 0.0067109 0.0031812 0.0047458 0.5043044
128 E 128 0.0092125 0.0353514 0.0380306 0.0662549 0.0000000 0.0627623 0.1331367 0.0100075 0.0102226 0.0019485 0.0079307 0.0011504 0.0000000 0.0028044 0.0103553 0.0591522 0.0135129 0.0000000 0.0038073 0.0058693 0.5284906
129 L 129 0.0206983 0.0076584 0.0072289 0.0031704 0.0000000 0.0405147 0.0151602 0.0014020 0.0073676 0.0561505 0.1656301 0.0000000 0.0343437 0.0052588 0.0396837 0.0077780 0.0024912 0.0000000 0.0016993 0.0311495 0.5526146
130 H 130 0.0087466 0.0430569 0.0268137 0.0103117 0.0000000 0.0410589 0.0426669 0.0149386 0.1054543 0.0019242 0.0101471 0.0084427 0.0000000 0.0327355 0.0024581 0.0331907 0.0000000 0.0000000 0.0176541 0.0040241 0.5963760
131 A 131 0.0550907 0.0317907 0.0235186 0.0051028 0.0039524 0.0052195 0.0055749 0.0098436 0.0245895 0.0029175 0.0068238 0.0234651 0.0064285 0.0239986 0.0656509 0.0401663 0.0256235 0.0000000 0.0213178 0.0069514 0.6119738
132 M 132 0.0196387 0.0064903 0.0066475 0.0000000 0.0000000 0.0247649 0.0155380 0.0031501 0.0000000 0.0310363 0.0833043 0.0131845 0.0452711 0.0238237 0.0149384 0.0444284 0.0158738 0.0000000 0.0015292 0.0018492 0.6485315
133 L 133 0.0100684 0.0000000 0.0030288 0.0000000 0.0015094 0.0156992 0.0000000 0.0083827 0.0000000 0.0177151 0.1118783 0.0000000 0.0088698 0.0089933 0.0084729 0.0013369 0.0234395 0.0000000 0.0131379 0.0777607 0.6897072
134 D 134 0.0091436 0.0178536 0.0265455 0.0305955 0.0061446 0.0103474 0.0219110 0.0412764 0.0027739 0.0000000 0.0034272 0.0551989 0.0038008 0.0000000 0.0130415 0.0023400 0.0198284 0.0000000 0.0150042 0.0000000 0.7207677
135 V 135 0.0398187 0.0022708 0.0030914 0.0000000 0.0000000 0.0104103 0.0207867 0.0086328 0.0030247 0.0246071 0.0257434 0.0020682 0.0015694 0.0290481 0.0044076 0.0112209 0.0093436 0.0000000 0.0035651 0.0640767 0.7363147
136 K 136 0.0311623 0.0148228 0.0043179 0.0068551 0.0000000 0.0539515 0.0234902 0.0021267 0.0046279 0.0035752 0.0035659 0.0491647 0.0013688 0.0000000 0.0023175 0.0331942 0.0150658 0.0000000 0.0000000 0.0107114 0.7396820
137 P 137 0.0072364 0.0020579 0.0019154 0.0028289 0.0000000 0.0000000 0.0000000 0.0000000 0.0000000 0.0000000 0.0000000 0.0098890 0.0000000 0.0000000 0.1579158 0.0338572 0.0019654 0.0000000 0.0000000 0.0000000 0.7823340
138 D 138 0.0063866 0.0000000 0.0145382 0.0585053 0.0000000 0.0120560 0.0430984 0.0024581 0.0000000 0.0000000 0.0035214 0.0000000 0.0000000 0.0000000 0.0457600 0.0015694 0.0053122 0.0036909 0.0000000 0.0000000 0.8031036
139 A 139 0.0162252 0.0056870 0.0141401 0.0019154 0.0000000 0.0291025 0.0027481 0.0000000 0.0108877 0.0000000 0.0032911 0.0015094 0.0032356 0.0015387 0.0201350 0.0281204 0.0169273 0.0000000 0.0000000 0.0000000 0.8445366
140 D 140 0.0000000 0.0000000 0.0034918 0.0378676 0.0000000 0.0099512 0.0376048 0.0000000 0.0000000 0.0000000 0.0000000 0.0000000 0.0000000 0.0000000 0.0000000 0.0000000 0.0000000 0.0000000 0.0000000 0.0000000 0.9110846
