   99         A         R         N         D         C         Q         E         G         H         I         L         K         M         F         P         S         T         W         Y         V         X    
  1 P   1 0.0000000 0.0000000 0.0000000 0.0000000 0.0000000 0.0000000 0.0000000 0.0000000 0.0000000 0.0000000 0.0000000 0.0000000 0.0000000 0.0000000 0.9603063 0.0000000 0.0000000 0.0000000 0.0000000 0.0000000 0.0396937
  2 Q   2 0.0000000 0.0000000 0.0000000 0.0000000 0.0000000 0.9666526 0.0000000 0.0000000 0.0000000 0.0000000 0.0000000 0.0000000 0.0000000 0.0000000 0.0000000 0.0000000 0.0000000 0.0000000 0.0000000 0.0000000 0.0333474
  3 I   3 0.0000000 0.0000000 0.0000000 0.0000000 0.0000000 0.0000000 0.0000000 0.0000000 0.0000000 0.9446628 0.0000000 0.0090887 0.0000000 0.0026497 0.0000000 0.0000000 0.0000000 0.0000000 0.0000000 0.0050808 0.0385180
  4 T   4 0.0025591 0.0000000 0.0000000 0.0000000 0.0000000 0.0000000 0.0000000 0.0000000 0.0000000 0.0000000 0.0000000 0.0090887 0.0000000 0.0000000 0.0058829 0.0095419 0.9471462 0.0000000 0.0000000 0.0000000 0.0257812
  5 L   5 0.0000000 0.0000000 0.0000000 0.0000000 0.0000000 0.0000000 0.0000000 0.0000000 0.0000000 0.0000000 0.9661896 0.0000000 0.0000000 0.0033106 0.0000000 0.0000000 0.0000000 0.0000000 0.0000000 0.0148227 0.0156771
  6 W   6 0.0000000 0.0000000 0.0000000 0.0000000 0.0037777 0.0000000 0.0000000 0.0000000 0.0000000 0.0000000 0.0000000 0.0000000 0.0000000 0.0000000 0.0000000 0.0000000 0.0000000 0.9915246 0.0000000 0.0000000 0.0046977
  7 K   7 0.0000000 0.0000000 0.0000000 0.0000000 0.0000000 0.9781711 0.0028993 0.0000000 0.0000000 0.0000000 0.0000000 0.0077111 0.0000000 0.0000000 0.0000000 0.0000000 0.0000000 0.0000000 0.0000000 0.0000000 0.0112186
  8 R   8 0.0000000 0.9827145 0.0000000 0.0000000 0.0000000 0.0101512 0.0000000 0.0040965 0.0000000 0.0000000 0.0000000 0.0000000 0.0000000 0.0000000 0.0000000 0.0000000 0.0000000 0.0000000 0.0000000 0.0000000 0.0030378
  9 P   9 0.0000000 0.0000000 0.0000000 0.0000000 0.0000000 0.0000000 0.0000000 0.0000000 0.0000000 0.0000000 0.0000000 0.0000000 0.0000000 0.0000000 0.9931459 0.0000000 0.0068541 0.0000000 0.0000000 0.0000000 0.0000000
 10 L  10 0.0000000 0.0013322 0.0000000 0.0000000 0.0018194 0.0000000 0.0000000 0.0033574 0.0000000 0.3562027 0.3879573 0.0091529 0.0046356 0.1212612 0.0000000 0.0000000 0.0013632 0.0000000 0.0062908 0.0554321 0.0511951
 11 V  11 0.0000000 0.0000000 0.0000000 0.0000000 0.0000000 0.0000000 0.0000000 0.0033339 0.0000000 0.0376769 0.0061366 0.0000000 0.0026066 0.0000000 0.0000000 0.0000000 0.0017620 0.0000000 0.0000000 0.9355375 0.0129465
 12 T  12 0.0225821 0.0011069 0.0085631 0.0049535 0.0000000 0.0061766 0.0101314 0.0000000 0.0000000 0.0093495 0.0000000 0.0178905 0.0010628 0.0000000 0.0211063 0.0495547 0.8337035 0.0000000 0.0000000 0.0033215 0.0104976
 13 I  13 0.0043831 0.0000000 0.0000000 0.0000000 0.0000000 0.0000000 0.0000000 0.0000000 0.0000000 0.6228132 0.0031912 0.0000000 0.0092296 0.0000000 0.0000000 0.0039356 0.0000000 0.0000000 0.0000000 0.3344395 0.0220079
 14 K  14 0.0000000 0.1098103 0.0053480 0.0000000 0.0000000 0.0000000 0.0000000 0.0000000 0.0000000 0.0000000 0.0000000 0.8635436 0.0029981 0.0000000 0.0000000 0.0000000 0.0036455 0.0000000 0.0000000 0.0000000 0.0146545
 15 V  15 0.0000000 0.0000000 0.0000000 0.0000000 0.0000000 0.0000000 0.0000000 0.0000000 0.0000000 0.6600167 0.0040769 0.0000000 0.0000000 0.0000000 0.0000000 0.0000000 0.0000000 0.0000000 0.0000000 0.3137020 0.0222044
 16 G  16 0.0321152 0.0000000 0.0000000 0.0000000 0.0000000 0.0058084 0.0486936 0.9066105 0.0000000 0.0000000 0.0000000 0.0000000 0.0000000 0.0000000 0.0000000 0.0000000 0.0000000 0.0000000 0.0000000 0.0000000 0.0067724
 17 G  17 0.0000000 0.0000000 0.0000000 0.0033902 0.0000000 0.0000000 0.0077081 0.9855748 0.0000000 0.0000000 0.0000000 0.0000000 0.0000000 0.0000000 0.0000000 0.0000000 0.0000000 0.0000000 0.0000000 0.0000000 0.0033269
 18 Q  18 0.0000000 0.0038467 0.0000000 0.0000000 0.0000000 0.9636941 0.0089591 0.0000000 0.0079486 0.0000000 0.0021219 0.0059309 0.0039980 0.0000000 0.0000000 0.0000000 0.0000000 0.0000000 0.0000000 0.0000000 0.0035006
 19 L  19 0.0000000 0.0000000 0.0000000 0.0000000 0.0000000 0.0190808 0.0040878 0.0000000 0.0000000 0.1111733 0.7873524 0.0030062 0.0028556 0.0000000 0.0100494 0.0012390 0.0140090 0.0000000 0.0000000 0.0276279 0.0195186
 20 K  20 0.0018850 0.2044314 0.0000000 0.0000000 0.0000000 0.0000000 0.0000000 0.0000000 0.0000000 0.1078210 0.0015187 0.5742502 0.0210386 0.0000000 0.0000000 0.0000000 0.0336940 0.0000000 0.0000000 0.0183360 0.0370251
 21 E  21 0.0000000 0.0000000 0.0000000 0.0000000 0.0000000 0.0000000 0.9931842 0.0000000 0.0000000 0.0000000 0.0000000 0.0068158 0.0000000 0.0000000 0.0000000 0.0000000 0.0000000 0.0000000 0.0000000 0.0000000 0.0000000
 22 A  22 0.9819495 0.0000000 0.0000000 0.0000000 0.0000000 0.0000000 0.0000000 0.0000000 0.0000000 0.0000000 0.0000000 0.0000000 0.0000000 0.0000000 0.0000000 0.0000000 0.0000000 0.0000000 0.0000000 0.0118094 0.0062411
 23 L  23 0.0000000 0.0000000 0.0000000 0.0000000 0.0000000 0.0000000 0.0000000 0.0000000 0.0000000 0.0180670 0.9767169 0.0000000 0.0000000 0.0000000 0.0000000 0.0000000 0.0000000 0.0000000 0.0000000 0.0000000 0.0052162
 24 L  24 0.0000000 0.0000000 0.0000000 0.0000000 0.0000000 0.0000000 0.0000000 0.0000000 0.0000000 0.0497428 0.9382164 0.0000000 0.0000000 0.0085520 0.0000000 0.0000000 0.0000000 0.0000000 0.0000000 0.0000000 0.0034887
 25 N  25 0.0000000 0.0000000 0.0077111 0.9831311 0.0000000 0.0000000 0.0041255 0.0000000 0.0000000 0.0000000 0.0000000 0.0000000 0.0000000 0.0000000 0.0000000 0.0000000 0.0000000 0.0000000 0.0000000 0.0024718 0.0025605
 26 T  26 0.0000000 0.0000000 0.0000000 0.0000000 0.0000000 0.0000000 0.0000000 0.0000000 0.0000000 0.0000000 0.0000000 0.0000000 0.0000000 0.0000000 0.0000000 0.0000000 1.0000000 0.0000000 0.0000000 0.0000000 0.0000000
 27 G  27 0.0000000 0.0000000 0.0000000 0.0000000 0.0000000 0.0000000 0.0000000 0.9940157 0.0000000 0.0000000 0.0000000 0.0000000 0.0000000 0.0000000 0.0000000 0.0000000 0.0000000 0.0000000 0.0000000 0.0000000 0.0059843
 28 A  28 1.0000000 0.0000000 0.0000000 0.0000000 0.0000000 0.0000000 0.0000000 0.0000000 0.0000000 0.0000000 0.0000000 0.0000000 0.0000000 0.0000000 0.0000000 0.0000000 0.0000000 0.0000000 0.0000000 0.0000000 0.0000000
 29 D  29 0.0000000 0.0000000 0.0000000 0.9867855 0.0000000 0.0000000 0.0090887 0.0000000 0.0000000 0.0000000 0.0000000 0.0000000 0.0000000 0.0000000 0.0000000 0.0000000 0.0000000 0.0000000 0.0000000 0.0000000 0.0041258
 30 D  30 0.0000000 0.0000000 0.0305093 0.9656635 0.0000000 0.0000000 0.0000000 0.0000000 0.0000000 0.0000000 0.0000000 0.0000000 0.0000000 0.0000000 0.0000000 0.0000000 0.0000000 0.0000000 0.0000000 0.0000000 0.0038272
 31 T  31 0.0000000 0.0000000 0.0000000 0.0000000 0.0000000 0.0000000 0.0000000 0.0000000 0.0000000 0.0000000 0.0000000 0.0000000 0.0000000 0.0000000 0.0000000 0.0000000 1.0000000 0.0000000 0.0000000 0.0000000 0.0000000
 32 V  32 0.0000000 0.0000000 0.0000000 0.0000000 0.0000000 0.0000000 0.0000000 0.0000000 0.0000000 0.0562065 0.0000000 0.0000000 0.0000000 0.0000000 0.0000000 0.0000000 0.0000000 0.0000000 0.0000000 0.9328998 0.0108936
 33 I  33 0.0000000 0.0000000 0.0000000 0.0000000 0.0000000 0.0000000 0.0000000 0.0000000 0.0000000 0.0324640 0.7618046 0.0000000 0.0036412 0.1822094 0.0000000 0.0000000 0.0000000 0.0000000 0.0000000 0.0058252 0.0140557
 34 E  34 0.0034371 0.0000000 0.0017684 0.0000000 0.0000000 0.0317060 0.9427819 0.0031314 0.0000000 0.0000000 0.0000000 0.0070602 0.0000000 0.0000000 0.0000000 0.0000000 0.0019353 0.0000000 0.0000000 0.0000000 0.0081796
 35 D  35 0.0014643 0.0000000 0.0158299 0.4305544 0.0000000 0.0039922 0.5178080 0.0060489 0.0000000 0.0000000 0.0000000 0.0034044 0.0000000 0.0000000 0.0000000 0.0000000 0.0000000 0.0000000 0.0000000 0.0000000 0.0208978
 36 M  36 0.0024766 0.0000000 0.0000000 0.0000000 0.0000000 0.0000000 0.0000000 0.0000000 0.0000000 0.5015707 0.0352807 0.0000000 0.4121308 0.0000000 0.0000000 0.0000000 0.0017983 0.0000000 0.0000000 0.0186116 0.0281314
 37 N  37 0.0039027 0.0000000 0.6517336 0.1835730 0.0056873 0.0027846 0.0285282 0.0000000 0.0077816 0.0000000 0.0000000 0.0085793 0.0000000 0.0000000 0.0000000 0.0780312 0.0127232 0.0000000 0.0031108 0.0000000 0.0135645
 38 L  38 0.0000000 0.0000000 0.0000000 0.0000000 0.0000000 0.0000000 0.0000000 0.0000000 0.0000000 0.0039945 0.9824207 0.0000000 0.0000000 0.0000000 0.0000000 0.0000000 0.0000000 0.0083420 0.0000000 0.0000000 0.0052428
 39 P  39 0.0031175 0.0000000 0.0000000 0.0000000 0.0000000 0.0094632 0.0000000 0.0000000 0.0000000 0.0000000 0.0033537 0.0000000 0.0000000 0.0000000 0.9636381 0.0153824 0.0050451 0.0000000 0.0000000 0.0000000 0.0000000
 40 G  40 0.0000000 0.0048208 0.0000000 0.0000000 0.0000000 0.0000000 0.0000000 0.9898638 0.0000000 0.0000000 0.0000000 0.0000000 0.0000000 0.0000000 0.0000000 0.0000000 0.0000000 0.0000000 0.0000000 0.0000000 0.0053154
 41 K  41 0.0000000 0.5519611 0.0037903 0.0000000 0.0000000 0.0000000 0.0000000 0.0000000 0.0038746 0.0018704 0.0000000 0.4144841 0.0000000 0.0000000 0.0017998 0.0000000 0.0033846 0.0000000 0.0000000 0.0000000 0.0188350
 42 W  42 0.0000000 0.0000000 0.0000000 0.0000000 0.0000000 0.0000000 0.0000000 0.0000000 0.0000000 0.0000000 0.0000000 0.0000000 0.0000000 0.0000000 0.0000000 0.0000000 0.0000000 0.9919955 0.0041635 0.0000000 0.0038410
 43 K  43 0.0000000 0.0125412 0.0000000 0.0000000 0.0000000 0.0023310 0.0042780 0.0000000 0.0000000 0.0016364 0.0000000 0.9034580 0.0000000 0.0000000 0.0000000 0.0026251 0.0527378 0.0000000 0.0000000 0.0000000 0.0203925
 44 P  44 0.0000000 0.0000000 0.0000000 0.0000000 0.0000000 0.0000000 0.0000000 0.0000000 0.0000000 0.0000000 0.0000000 0.0000000 0.0000000 0.0000000 1.0000000 0.0000000 0.0000000 0.0000000 0.0000000 0.0000000 0.0000000
 45 K  45 0.0000000 0.0260364 0.0000000 0.0000000 0.0000000 0.0077340 0.0000000 0.0000000 0.0000000 0.0024176 0.0000000 0.9571424 0.0000000 0.0000000 0.0000000 0.0000000 0.0000000 0.0000000 0.0000000 0.0042952 0.0023742
 46 M  46 0.0000000 0.0000000 0.0000000 0.0000000 0.0000000 0.0000000 0.0000000 0.0000000 0.0000000 0.1816879 0.1000565 0.0000000 0.6967876 0.0000000 0.0000000 0.0000000 0.0000000 0.0000000 0.0000000 0.0058846 0.0155834
 47 I  47 0.0070597 0.0000000 0.0000000 0.0000000 0.0000000 0.0000000 0.0000000 0.0000000 0.0000000 0.9351619 0.0000000 0.0000000 0.0000000 0.0000000 0.0000000 0.0000000 0.0000000 0.0000000 0.0000000 0.0522928 0.0054856
 48 G  48 0.0047007 0.0192982 0.0000000 0.0000000 0.0000000 0.0000000 0.0021924 0.9168444 0.0000000 0.0000000 0.0013490 0.0000000 0.0033799 0.0000000 0.0000000 0.0042952 0.0034078 0.0016056 0.0000000 0.0352482 0.0076785
 49 G  49 0.0000000 0.0192982 0.0000000 0.0000000 0.0000000 0.0000000 0.0038952 0.9768066 0.0000000 0.0000000 0.0000000 0.0000000 0.0000000 0.0000000 0.0000000 0.0000000 0.0000000 0.0000000 0.0000000 0.0000000 0.0000000
 50 I  50 0.0000000 0.0000000 0.0000000 0.0000000 0.0000000 0.0000000 0.0000000 0.0000000 0.0000000 0.9567548 0.0050494 0.0000000 0.0000000 0.0000000 0.0000000 0.0000000 0.0030479 0.0000000 0.0000000 0.0278988 0.0072490
 51 G  51 0.0000000 0.0192982 0.0000000 0.0000000 0.0000000 0.0000000 0.0000000 0.9807018 0.0000000 0.0000000 0.0000000 0.0000000 0.0000000 0.0000000 0.0000000 0.0000000 0.0000000 0.0000000 0.0000000 0.0000000 0.0000000
 52 G  52 0.0000000 0.0000000 0.0000000 0.0000000 0.0000000 0.0000000 0.0000000 0.9746534 0.0000000 0.0000000 0.0000000 0.0000000 0.0000000 0.0000000 0.0000000 0.0192982 0.0000000 0.0000000 0.0000000 0.0000000 0.0060485
 53 F  53 0.0000000 0.0000000 0.0000000 0.0000000 0.0000000 0.0000000 0.0000000 0.0000000 0.0000000 0.0020941 0.0568498 0.0000000 0.0000000 0.9307379 0.0000000 0.0000000 0.0000000 0.0030871 0.0022546 0.0000000 0.0049765
 54 I  54 0.0138806 0.0000000 0.0000000 0.0000000 0.0000000 0.0000000 0.0000000 0.0000000 0.0000000 0.5676276 0.0382023 0.0000000 0.0341378 0.0014868 0.0000000 0.0112999 0.0082262 0.0000000 0.0000000 0.3190249 0.0061139
 55 K  55 0.0000000 0.0618202 0.0070717 0.0000000 0.0000000 0.0000000 0.0000000 0.0000000 0.0032086 0.0000000 0.0000000 0.9187744 0.0000000 0.0000000 0.0000000 0.0000000 0.0000000 0.0000000 0.0000000 0.0000000 0.0091250
 56 V  56 0.0000000 0.0000000 0.0000000 0.0000000 0.0000000 0.0000000 0.0000000 0.0000000 0.0000000 0.0000000 0.0000000 0.0000000 0.0000000 0.0000000 0.0000000 0.0000000 0.0000000 0.0000000 0.0000000 1.0000000 0.0000000
 57 K  57 0.0000000 0.7872389 0.0000000 0.0000000 0.0000000 0.0000000 0.0000000 0.0000000 0.0000000 0.0000000 0.0000000 0.1943015 0.0000000 0.0000000 0.0000000 0.0000000 0.0000000 0.0000000 0.0000000 0.0000000 0.0184596
 58 Q  58 0.0000000 0.0000000 0.0000000 0.0000000 0.0000000 0.9295204 0.0648031 0.0000000 0.0000000 0.0000000 0.0000000 0.0000000 0.0000000 0.0000000 0.0000000 0.0000000 0.0000000 0.0000000 0.0000000 0.0000000 0.0056765
 59 Y  59 0.0000000 0.0000000 0.0000000 0.0000000 0.0000000 0.0000000 0.0000000 0.0000000 0.0000000 0.0000000 0.0000000 0.0000000 0.0000000 0.0000000 0.0000000 0.0086334 0.0000000 0.0000000 0.9913666 0.0000000 0.0000000
 60 D  60 0.0101077 0.0000000 0.0064683 0.8676226 0.0000000 0.0000000 0.1065932 0.0000000 0.0000000 0.0000000 0.0000000 0.0000000 0.0000000 0.0000000 0.0000000 0.0000000 0.0000000 0.0000000 0.0000000 0.0000000 0.0092082
 61 Q  61 0.0000000 0.0030758 0.0472424 0.0144093 0.0000000 0.8495344 0.0409967 0.0000000 0.0192008 0.0000000 0.0012488 0.0193625 0.0000000 0.0000000 0.0000000 0.0000000 0.0000000 0.0000000 0.0000000 0.0000000 0.0049295
 62 I  62 0.0000000 0.0000000 0.0000000 0.0000000 0.0000000 0.0000000 0.0000000 0.0000000 0.0000000 0.5461352 0.0000000 0.0000000 0.0000000 0.0000000 0.0000000 0.0000000 0.0000000 0.0000000 0.0000000 0.4207131 0.0331517
 63 I  63 0.0340107 0.0012264 0.0011210 0.0015807 0.0065780 0.0041195 0.0000000 0.0009015 0.0047159 0.0125558 0.1194700 0.0013562 0.0017088 0.0015216 0.7205829 0.0242409 0.0297088 0.0000000 0.0000000 0.0154373 0.0191639
 64 I  64 0.0000000 0.0000000 0.0000000 0.0000000 0.0000000 0.0000000 0.0000000 0.0000000 0.0000000 0.8286415 0.0313496 0.0000000 0.0169049 0.0000000 0.0000000 0.0000000 0.0000000 0.0000000 0.0000000 0.1102335 0.0128705
 65 E  65 0.0000000 0.0000000 0.0000000 0.0173097 0.0000000 0.0000000 0.9773513 0.0000000 0.0000000 0.0000000 0.0000000 0.0000000 0.0000000 0.0000000 0.0000000 0.0000000 0.0000000 0.0000000 0.0000000 0.0000000 0.0053390
 66 I  66 0.0000000 0.0000000 0.0000000 0.0000000 0.0000000 0.0000000 0.0000000 0.0000000 0.0000000 0.9675709 0.0000000 0.0000000 0.0000000 0.0140728 0.0000000 0.0000000 0.0000000 0.0000000 0.0000000 0.0086502 0.0097061
 67 A  67 0.0077111 0.0000000 0.0000000 0.0027416 0.9515475 0.0000000 0.0135371 0.0000000 0.0013831 0.0000000 0.0022761 0.0000000 0.0000000 0.0052823 0.0000000 0.0053067 0.0000000 0.0000000 0.0028969 0.0000000 0.0073177
 68 G  68 0.0000000 0.0192982 0.0000000 0.0023875 0.0000000 0.0000000 0.0065279 0.9637584 0.0000000 0.0000000 0.0000000 0.0000000 0.0000000 0.0000000 0.0000000 0.0000000 0.0000000 0.0000000 0.0000000 0.0000000 0.0080281
 69 H  69 0.0000000 0.0090396 0.0014504 0.0000000 0.0000000 0.0286280 0.0000000 0.0000000 0.7710609 0.0017936 0.0000000 0.1662938 0.0000000 0.0000000 0.0000000 0.0015058 0.0000000 0.0000000 0.0166192 0.0000000 0.0036087
 70 K  70 0.0000000 0.0270576 0.0037026 0.0000000 0.0000000 0.0000000 0.0065899 0.0000000 0.0000000 0.0000000 0.0000000 0.9489327 0.0000000 0.0000000 0.0000000 0.0000000 0.0079366 0.0000000 0.0000000 0.0000000 0.0057805
 71 A  71 0.5353688 0.0000000 0.0000000 0.0000000 0.0000000 0.0000000 0.0000000 0.0000000 0.0000000 0.0291357 0.0064536 0.0000000 0.0000000 0.0000000 0.0000000 0.0000000 0.0767240 0.0000000 0.0000000 0.3249911 0.0273267
 72 I  72 0.0000000 0.0068589 0.0000000 0.0000000 0.0000000 0.0000000 0.0078501 0.0000000 0.0000000 0.7633553 0.0428456 0.0030065 0.0139494 0.0000000 0.0000000 0.0000000 0.0512000 0.0000000 0.0000000 0.0765478 0.0343864
 73 G  73 0.0040662 0.0000000 0.0000000 0.0046466 0.0163113 0.0000000 0.0000000 0.8450957 0.0000000 0.0032262 0.0000000 0.0000000 0.0000000 0.0000000 0.0000000 0.0875730 0.0275265 0.0000000 0.0000000 0.0017423 0.0098123
 74 T  74 0.0131523 0.0000000 0.0000000 0.0000000 0.0000000 0.0000000 0.0000000 0.0000000 0.0000000 0.0000000 0.0000000 0.0020861 0.0000000 0.0000000 0.0255978 0.0690505 0.8801231 0.0000000 0.0000000 0.0000000 0.0099903
 75 V  75 0.0000000 0.0000000 0.0000000 0.0000000 0.0000000 0.0000000 0.0000000 0.0000000 0.0000000 0.0074492 0.0103351 0.0000000 0.0000000 0.0000000 0.0000000 0.0000000 0.0000000 0.0000000 0.0000000 0.9778753 0.0043404
 76 L  76 0.0000000 0.0000000 0.0000000 0.0000000 0.0000000 0.0000000 0.0000000 0.0000000 0.0000000 0.0000000 0.9517504 0.0000000 0.0000000 0.0000000 0.0000000 0.0000000 0.0000000 0.0000000 0.0000000 0.0428354 0.0054142
 77 V  77 0.0000000 0.0000000 0.0000000 0.0000000 0.0000000 0.0000000 0.0000000 0.0000000 0.0000000 0.2256767 0.0041255 0.0045516 0.0000000 0.0000000 0.0000000 0.0000000 0.0030302 0.0000000 0.0000000 0.7415385 0.0210775
 78 G  78 0.0000000 0.0000000 0.0000000 0.0000000 0.0000000 0.0000000 0.0000000 0.9926100 0.0000000 0.0000000 0.0000000 0.0000000 0.0000000 0.0000000 0.0000000 0.0000000 0.0000000 0.0000000 0.0000000 0.0000000 0.0073900
 79 P  79 0.0053955 0.0000000 0.0028200 0.0028659 0.0000000 0.0000000 0.0018407 0.0000000 0.0000000 0.0000000 0.0000000 0.0000000 0.0000000 0.0000000 0.9746696 0.0068772 0.0000000 0.0000000 0.0000000 0.0000000 0.0055311
 80 T  80 0.0000000 0.0000000 0.0000000 0.0000000 0.0000000 0.0000000 0.0000000 0.0000000 0.0000000 0.0000000 0.0000000 0.0000000 0.0000000 0.0000000 0.0000000 0.0000000 1.0000000 0.0000000 0.0000000 0.0000000 0.0000000
 81 P  81 0.0000000 0.0000000 0.0000000 0.0000000 0.0000000 0.0000000 0.0000000 0.0000000 0.0000000 0.0000000 0.0000000 0.0000000 0.0000000 0.0000000 0.9937289 0.0000000 0.0000000 0.0000000 0.0000000 0.0000000 0.0062711
 82 V  82 0.2610915 0.0000000 0.0000000 0.0000000 0.0085983 0.0000000 0.0000000 0.0019445 0.0000000 0.0481227 0.0026249 0.0000000 0.0062126 0.0192753 0.0000000 0.0118499 0.0211557 0.0000000 0.0000000 0.6073339 0.0117906
 83 N  83 0.0000000 0.0000000 0.9831898 0.0073025 0.0000000 0.0000000 0.0000000 0.0000000 0.0000000 0.0024643 0.0000000 0.0028038 0.0000000 0.0000000 0.0000000 0.0042397 0.0000000 0.0000000 0.0000000 0.0000000 0.0000000
 84 I  84 0.0024190 0.0000000 0.0000000 0.0000000 0.0000000 0.0000000 0.0000000 0.0000000 0.0000000 0.8274388 0.0000000 0.0060303 0.0000000 0.0000000 0.0000000 0.0000000 0.0000000 0.0000000 0.0000000 0.1589328 0.0051790
 85 I  85 0.0000000 0.0000000 0.0000000 0.0000000 0.0000000 0.0000000 0.0000000 0.0000000 0.0000000 0.9301465 0.0000000 0.0000000 0.0060303 0.0000000 0.0000000 0.0000000 0.0112869 0.0000000 0.0000000 0.0432142 0.0093221
 86 G  86 0.0000000 0.0192982 0.0000000 0.0000000 0.0000000 0.0000000 0.0000000 0.9742571 0.0000000 0.0000000 0.0000000 0.0000000 0.0000000 0.0000000 0.0000000 0.0000000 0.0000000 0.0000000 0.0000000 0.0000000 0.0064447
 87 R  87 0.0000000 0.9895360 0.0000000 0.0000000 0.0000000 0.0000000 0.0000000 0.0000000 0.0000000 0.0000000 0.0000000 0.0000000 0.0000000 0.0000000 0.0000000 0.0043114 0.0000000 0.0000000 0.0000000 0.0000000 0.0061525
 88 N  88 0.0000000 0.0000000 0.9602308 0.0294540 0.0000000 0.0000000 0.0000000 0.0028743 0.0000000 0.0000000 0.0000000 0.0000000 0.0000000 0.0000000 0.0000000 0.0038732 0.0000000 0.0000000 0.0000000 0.0000000 0.0035678
 89 L  89 0.0000000 0.0037026 0.0000000 0.0000000 0.0000000 0.0000000 0.0000000 0.0000000 0.0000000 0.0249628 0.7344239 0.0000000 0.1788867 0.0000000 0.0000000 0.0000000 0.0022454 0.0000000 0.0000000 0.0484247 0.0073539
 90 L  90 0.0000000 0.0000000 0.0000000 0.0000000 0.0000000 0.0000000 0.0000000 0.0000000 0.0000000 0.0000000 0.6001317 0.0000000 0.3873433 0.0000000 0.0000000 0.0030579 0.0000000 0.0000000 0.0000000 0.0000000 0.0094672
 91 T  91 0.0050402 0.0000000 0.0099099 0.0000000 0.0000000 0.0000000 0.0000000 0.0000000 0.0000000 0.0000000 0.0000000 0.0000000 0.0000000 0.0000000 0.0000000 0.0167906 0.9580898 0.0000000 0.0000000 0.0033374 0.0068321
 92 Q  92 0.0022720 0.0093355 0.0000000 0.0000000 0.0000000 0.9417443 0.0026282 0.0000000 0.0000000 0.0000000 0.0000000 0.0372704 0.0000000 0.0000000 0.0000000 0.0000000 0.0000000 0.0000000 0.0000000 0.0000000 0.0067494
 93 I  93 0.0000000 0.0015919 0.0000000 0.0000000 0.0000000 0.0000000 0.0000000 0.0000000 0.0000000 0.6108980 0.3660428 0.0000000 0.0120562 0.0000000 0.0000000 0.0000000 0.0036392 0.0000000 0.0000000 0.0017141 0.0040578
 94 G  94 0.0000000 0.0000000 0.0000000 0.0000000 0.0000000 0.0000000 0.0037047 0.9876454 0.0000000 0.0000000 0.0000000 0.0000000 0.0000000 0.0000000 0.0000000 0.0000000 0.0000000 0.0000000 0.0000000 0.0000000 0.0086498
 95 A  95 0.0077111 0.0020864 0.0000000 0.0000000 0.9746950 0.0000000 0.0000000 0.0000000 0.0000000 0.0000000 0.0000000 0.0000000 0.0000000 0.0104260 0.0000000 0.0000000 0.0000000 0.0000000 0.0000000 0.0028045 0.0022770
 96 T  96 0.0000000 0.0000000 0.0000000 0.0000000 0.0000000 0.0000000 0.0000000 0.0000000 0.0000000 0.0000000 0.0000000 0.0000000 0.0000000 0.0000000 0.0099099 0.0000000 0.9849406 0.0000000 0.0000000 0.0000000 0.0051496
 97 L  97 0.0000000 0.0000000 0.0000000 0.0000000 0.0000000 0.0000000 0.0000000 0.0000000 0.0000000 0.0023593 0.9788634 0.0000000 0.0000000 0.0099367 0.0000000 0.0000000 0.0000000 0.0000000 0.0000000 0.0000000 0.0088406
 98 N  98 0.0000000 0.0000000 0.9802798 0.0000000 0.0000000 0.0000000 0.0000000 0.0000000 0.0000000 0.0044118 0.0000000 0.0099099 0.0000000 0.0000000 0.0000000 0.0000000 0.0000000 0.0000000 0.0000000 0.0000000 0.0053985
 99 F  99 0.0000000 0.0000000 0.0000000 0.0000000 0.0000000 0.0000000 0.0000000 0.0000000 0.0000000 0.0000000 0.0000000 0.0000000 0.0000000 0.9776347 0.0000000 0.0000000 0.0000000 0.0000000 0.0037383 0.0000000 0.0186270
