   99         A         R         N         D         C         Q         E         G         H         I         L         K         M         F         P         S         T         W         Y         V    
  1 P   1 0.0000000 0.0000000 0.0000000 0.0000000 0.0000000 0.0000000 0.0000000 0.0000000 0.0000000 0.0000000 0.0000000 0.0000000 0.0000000 0.0000000 1.0000000 0.0000000 0.0000000 0.0000000 0.0000000 0.0000000
  2 Q   2 0.0000000 0.0000000 0.0000000 0.0000000 0.0000000 1.0000000 0.0000000 0.0000000 0.0000000 0.0000000 0.0000000 0.0000000 0.0000000 0.0000000 0.0000000 0.0000000 0.0000000 0.0000000 0.0000000 0.0000000
  3 I   3 0.0000000 0.0000000 0.0000000 0.0000000 0.0000000 0.0000000 0.0000000 0.0000000 0.0000000 0.9824518 0.0000000 0.0096933 0.0000000 0.0026523 0.0000000 0.0000000 0.0000000 0.0000000 0.0000000 0.0052026
  4 T   4 0.0025115 0.0000000 0.0000000 0.0000000 0.0000000 0.0000000 0.0000000 0.0000000 0.0000000 0.0000000 0.0000000 0.0096581 0.0000000 0.0000000 0.0058441 0.0095852 0.9724011 0.0000000 0.0000000 0.0000000
  5 L   5 0.0000000 0.0000000 0.0000000 0.0000000 0.0000000 0.0000000 0.0000000 0.0000000 0.0000000 0.0000000 0.9800722 0.0000000 0.0000000 0.0034642 0.0000000 0.0000000 0.0000000 0.0000000 0.0000000 0.0164637
  6 W   6 0.0000000 0.0000000 0.0000000 0.0000000 0.0043269 0.0000000 0.0000000 0.0000000 0.0000000 0.0000000 0.0000000 0.0000000 0.0000000 0.0000000 0.0000000 0.0000000 0.0000000 0.9956731 0.0000000 0.0000000
  7 K   7 0.0000000 0.0000000 0.0000000 0.0000000 0.0000000 0.9893920 0.0030382 0.0000000 0.0000000 0.0000000 0.0000000 0.0075698 0.0000000 0.0000000 0.0000000 0.0000000 0.0000000 0.0000000 0.0000000 0.0000000
  8 R   8 0.0000000 0.9868999 0.0000000 0.0000000 0.0000000 0.0088639 0.0000000 0.0042362 0.0000000 0.0000000 0.0000000 0.0000000 0.0000000 0.0000000 0.0000000 0.0000000 0.0000000 0.0000000 0.0000000 0.0000000
  9 P   9 0.0000000 0.0000000 0.0000000 0.0000000 0.0000000 0.0000000 0.0000000 0.0000000 0.0000000 0.0000000 0.0000000 0.0000000 0.0000000 0.0000000 0.9944280 0.0000000 0.0055720 0.0000000 0.0000000 0.0000000
 10 L  10 0.0000000 0.0013242 0.0000000 0.0000000 0.0018123 0.0000000 0.0000000 0.0032413 0.0000000 0.3779391 0.4070943 0.0100283 0.0054122 0.1270006 0.0000000 0.0000000 0.0010982 0.0000000 0.0070197 0.0580297
 11 V  11 0.0000000 0.0000000 0.0000000 0.0000000 0.0000000 0.0000000 0.0000000 0.0030892 0.0000000 0.0376020 0.0060128 0.0000000 0.0024762 0.0000000 0.0000000 0.0000000 0.0016487 0.0000000 0.0000000 0.9491711
 12 T  12 0.0204463 0.0009935 0.0073210 0.0043664 0.0000000 0.0055176 0.0103518 0.0000000 0.0000000 0.0093661 0.0000000 0.0187844 0.0009620 0.0000000 0.0210728 0.0482600 0.8493276 0.0000000 0.0000000 0.0032305
 13 I  13 0.0044984 0.0000000 0.0000000 0.0000000 0.0000000 0.0000000 0.0000000 0.0000000 0.0000000 0.6458218 0.0031087 0.0000000 0.0090172 0.0000000 0.0000000 0.0036619 0.0000000 0.0000000 0.0000000 0.3338920
 14 K  14 0.0000000 0.1145789 0.0053418 0.0000000 0.0000000 0.0000000 0.0000000 0.0000000 0.0000000 0.0000000 0.0000000 0.8736940 0.0028564 0.0000000 0.0000000 0.0000000 0.0035289 0.0000000 0.0000000 0.0000000
 15 V  15 0.0000000 0.0000000 0.0000000 0.0000000 0.0000000 0.0000000 0.0000000 0.0000000 0.0000000 0.6804756 0.0042812 0.0000000 0.0000000 0.0000000 0.0000000 0.0000000 0.0000000 0.0000000 0.0000000 0.3152431
 16 G  16 0.0321369 0.0000000 0.0000000 0.0000000 0.0000000 0.0054471 0.0470103 0.9154057 0.0000000 0.0000000 0.0000000 0.0000000 0.0000000 0.0000000 0.0000000 0.0000000 0.0000000 0.0000000 0.0000000 0.0000000
 17 G  17 0.0000000 0.0000000 0.0000000 0.0034880 0.0000000 0.0000000 0.0075419 0.9889701 0.0000000 0.0000000 0.0000000 0.0000000 0.0000000 0.0000000 0.0000000 0.0000000 0.0000000 0.0000000 0.0000000 0.0000000
 18 Q  18 0.0000000 0.0036966 0.0000000 0.0000000 0.0000000 0.9667698 0.0094125 0.0000000 0.0078935 0.0000000 0.0021074 0.0058065 0.0043137 0.0000000 0.0000000 0.0000000 0.0000000 0.0000000 0.0000000 0.0000000
 19 L  19 0.0000000 0.0000000 0.0000000 0.0000000 0.0000000 0.0192512 0.0039649 0.0000000 0.0000000 0.1138387 0.8029939 0.0028834 0.0026518 0.0000000 0.0116458 0.0012015 0.0147315 0.0000000 0.0000000 0.0268373
 20 K  20 0.0019343 0.2107674 0.0000000 0.0000000 0.0000000 0.0000000 0.0000000 0.0000000 0.0000000 0.1105831 0.0014334 0.6018657 0.0211853 0.0000000 0.0000000 0.0000000 0.0350740 0.0000000 0.0000000 0.0171568
 21 E  21 0.0000000 0.0000000 0.0000000 0.0000000 0.0000000 0.0000000 0.9943351 0.0000000 0.0000000 0.0000000 0.0000000 0.0056649 0.0000000 0.0000000 0.0000000 0.0000000 0.0000000 0.0000000 0.0000000 0.0000000
 22 A  22 0.9880779 0.0000000 0.0000000 0.0000000 0.0000000 0.0000000 0.0000000 0.0000000 0.0000000 0.0000000 0.0000000 0.0000000 0.0000000 0.0000000 0.0000000 0.0000000 0.0000000 0.0000000 0.0000000 0.0119221
 23 L  23 0.0000000 0.0000000 0.0000000 0.0000000 0.0000000 0.0000000 0.0000000 0.0000000 0.0000000 0.0196480 0.9803520 0.0000000 0.0000000 0.0000000 0.0000000 0.0000000 0.0000000 0.0000000 0.0000000 0.0000000
 24 L  24 0.0000000 0.0000000 0.0000000 0.0000000 0.0000000 0.0000000 0.0000000 0.0000000 0.0000000 0.0495097 0.9417587 0.0000000 0.0000000 0.0087316 0.0000000 0.0000000 0.0000000 0.0000000 0.0000000 0.0000000
 25 N  25 0.0000000 0.0000000 0.0074951 0.9861385 0.0000000 0.0000000 0.0039557 0.0000000 0.0000000 0.0000000 0.0000000 0.0000000 0.0000000 0.0000000 0.0000000 0.0000000 0.0000000 0.0000000 0.0000000 0.0024107
 26 T  26 0.0000000 0.0000000 0.0000000 0.0000000 0.0000000 0.0000000 0.0000000 0.0000000 0.0000000 0.0000000 0.0000000 0.0000000 0.0000000 0.0000000 0.0000000 0.0000000 1.0000000 0.0000000 0.0000000 0.0000000
 27 G  27 0.0000000 0.0000000 0.0000000 0.0000000 0.0000000 0.0000000 0.0000000 1.0000000 0.0000000 0.0000000 0.0000000 0.0000000 0.0000000 0.0000000 0.0000000 0.0000000 0.0000000 0.0000000 0.0000000 0.0000000
 28 A  28 1.0000000 0.0000000 0.0000000 0.0000000 0.0000000 0.0000000 0.0000000 0.0000000 0.0000000 0.0000000 0.0000000 0.0000000 0.0000000 0.0000000 0.0000000 0.0000000 0.0000000 0.0000000 0.0000000 0.0000000
 29 D  29 0.0000000 0.0000000 0.0000000 0.9905189 0.0000000 0.0000000 0.0094811 0.0000000 0.0000000 0.0000000 0.0000000 0.0000000 0.0000000 0.0000000 0.0000000 0.0000000 0.0000000 0.0000000 0.0000000 0.0000000
 30 D  30 0.0000000 0.0000000 0.0306586 0.9693414 0.0000000 0.0000000 0.0000000 0.0000000 0.0000000 0.0000000 0.0000000 0.0000000 0.0000000 0.0000000 0.0000000 0.0000000 0.0000000 0.0000000 0.0000000 0.0000000
 31 T  31 0.0000000 0.0000000 0.0000000 0.0000000 0.0000000 0.0000000 0.0000000 0.0000000 0.0000000 0.0000000 0.0000000 0.0000000 0.0000000 0.0000000 0.0000000 0.0000000 1.0000000 0.0000000 0.0000000 0.0000000
 32 V  32 0.0000000 0.0000000 0.0000000 0.0000000 0.0000000 0.0000000 0.0000000 0.0000000 0.0000000 0.0562613 0.0000000 0.0000000 0.0000000 0.0000000 0.0000000 0.0000000 0.0000000 0.0000000 0.0000000 0.9437387
 33 I  33 0.0000000 0.0000000 0.0000000 0.0000000 0.0000000 0.0000000 0.0000000 0.0000000 0.0000000 0.0335518 0.7738241 0.0000000 0.0038143 0.1828463 0.0000000 0.0000000 0.0000000 0.0000000 0.0000000 0.0059635
 34 E  34 0.0034706 0.0000000 0.0017840 0.0000000 0.0000000 0.0321146 0.9509187 0.0027769 0.0000000 0.0000000 0.0000000 0.0070102 0.0000000 0.0000000 0.0000000 0.0000000 0.0019250 0.0000000 0.0000000 0.0000000
 35 D  35 0.0014959 0.0000000 0.0156493 0.4315938 0.0000000 0.0039690 0.5378496 0.0061285 0.0000000 0.0000000 0.0000000 0.0033139 0.0000000 0.0000000 0.0000000 0.0000000 0.0000000 0.0000000 0.0000000 0.0000000
 36 M  36 0.0023859 0.0000000 0.0000000 0.0000000 0.0000000 0.0000000 0.0000000 0.0000000 0.0000000 0.5174608 0.0364944 0.0000000 0.4235611 0.0000000 0.0000000 0.0000000 0.0017063 0.0000000 0.0000000 0.0183915
 37 N  37 0.0039387 0.0000000 0.6523267 0.1836882 0.0057516 0.0027145 0.0290204 0.0000000 0.0076020 0.0000000 0.0000000 0.0083771 0.0000000 0.0000000 0.0000000 0.0907759 0.0127969 0.0000000 0.0030080 0.0000000
 38 L  38 0.0000000 0.0000000 0.0000000 0.0000000 0.0000000 0.0000000 0.0000000 0.0000000 0.0000000 0.0040168 0.9874847 0.0000000 0.0000000 0.0000000 0.0000000 0.0000000 0.0000000 0.0084985 0.0000000 0.0000000
 39 P  39 0.0027420 0.0000000 0.0000000 0.0000000 0.0000000 0.0082908 0.0000000 0.0000000 0.0000000 0.0000000 0.0029357 0.0000000 0.0000000 0.0000000 0.9662441 0.0150337 0.0047538 0.0000000 0.0000000 0.0000000
 40 G  40 0.0000000 0.0053629 0.0000000 0.0000000 0.0000000 0.0000000 0.0000000 0.9946371 0.0000000 0.0000000 0.0000000 0.0000000 0.0000000 0.0000000 0.0000000 0.0000000 0.0000000 0.0000000 0.0000000 0.0000000
 41 K  41 0.0000000 0.5672706 0.0036812 0.0000000 0.0000000 0.0000000 0.0000000 0.0000000 0.0043386 0.0014964 0.0000000 0.4182701 0.0000000 0.0000000 0.0016582 0.0000000 0.0032850 0.0000000 0.0000000 0.0000000
 42 W  42 0.0000000 0.0000000 0.0000000 0.0000000 0.0000000 0.0000000 0.0000000 0.0000000 0.0000000 0.0000000 0.0000000 0.0000000 0.0000000 0.0000000 0.0000000 0.0000000 0.0000000 0.9952701 0.0047299 0.0000000
 43 K  43 0.0000000 0.0125986 0.0000000 0.0000000 0.0000000 0.0021955 0.0040130 0.0000000 0.0000000 0.0015254 0.0000000 0.9235674 0.0000000 0.0000000 0.0000000 0.0026132 0.0534867 0.0000000 0.0000000 0.0000000
 44 P  44 0.0000000 0.0000000 0.0000000 0.0000000 0.0000000 0.0000000 0.0000000 0.0000000 0.0000000 0.0000000 0.0000000 0.0000000 0.0000000 0.0000000 1.0000000 0.0000000 0.0000000 0.0000000 0.0000000 0.0000000
 45 K  45 0.0000000 0.0238017 0.0000000 0.0000000 0.0000000 0.0082381 0.0000000 0.0000000 0.0000000 0.0023067 0.0000000 0.9616880 0.0000000 0.0000000 0.0000000 0.0000000 0.0000000 0.0000000 0.0000000 0.0039656
 46 M  46 0.0000000 0.0000000 0.0000000 0.0000000 0.0000000 0.0000000 0.0000000 0.0000000 0.0000000 0.1842225 0.1022491 0.0000000 0.7073628 0.0000000 0.0000000 0.0000000 0.0000000 0.0000000 0.0000000 0.0061655
 47 I  47 0.0072238 0.0000000 0.0000000 0.0000000 0.0000000 0.0000000 0.0000000 0.0000000 0.0000000 0.9403409 0.0000000 0.0000000 0.0000000 0.0000000 0.0000000 0.0000000 0.0000000 0.0000000 0.0000000 0.0524353
 48 G  48 0.0046470 0.0185095 0.0000000 0.0000000 0.0000000 0.0000000 0.0021918 0.9277385 0.0000000 0.0000000 0.0012150 0.0000000 0.0032055 0.0000000 0.0000000 0.0039840 0.0037535 0.0014481 0.0000000 0.0333072
 49 G  49 0.0000000 0.0183820 0.0000000 0.0000000 0.0000000 0.0000000 0.0031609 0.9784571 0.0000000 0.0000000 0.0000000 0.0000000 0.0000000 0.0000000 0.0000000 0.0000000 0.0000000 0.0000000 0.0000000 0.0000000
 50 I  50 0.0000000 0.0000000 0.0000000 0.0000000 0.0000000 0.0000000 0.0000000 0.0000000 0.0000000 0.9635864 0.0050055 0.0000000 0.0000000 0.0000000 0.0000000 0.0000000 0.0030445 0.0000000 0.0000000 0.0283637
 51 G  51 0.0000000 0.0183820 0.0000000 0.0000000 0.0000000 0.0000000 0.0000000 0.9816180 0.0000000 0.0000000 0.0000000 0.0000000 0.0000000 0.0000000 0.0000000 0.0000000 0.0000000 0.0000000 0.0000000 0.0000000
 52 G  52 0.0000000 0.0000000 0.0000000 0.0000000 0.0000000 0.0000000 0.0000000 0.9815076 0.0000000 0.0000000 0.0000000 0.0000000 0.0000000 0.0000000 0.0000000 0.0184924 0.0000000 0.0000000 0.0000000 0.0000000
 53 F  53 0.0000000 0.0000000 0.0000000 0.0000000 0.0000000 0.0000000 0.0000000 0.0000000 0.0000000 0.0019862 0.0566093 0.0000000 0.0000000 0.9363383 0.0000000 0.0000000 0.0000000 0.0029438 0.0021224 0.0000000
 54 I  54 0.0138060 0.0000000 0.0000000 0.0000000 0.0000000 0.0000000 0.0000000 0.0000000 0.0000000 0.5733241 0.0380818 0.0000000 0.0338767 0.0013502 0.0000000 0.0107767 0.0077349 0.0000000 0.0000000 0.3210496
 55 K  55 0.0000000 0.0641658 0.0070355 0.0000000 0.0000000 0.0000000 0.0000000 0.0000000 0.0032021 0.0000000 0.0000000 0.9255965 0.0000000 0.0000000 0.0000000 0.0000000 0.0000000 0.0000000 0.0000000 0.0000000
 56 V  56 0.0000000 0.0000000 0.0000000 0.0000000 0.0000000 0.0000000 0.0000000 0.0000000 0.0000000 0.0000000 0.0000000 0.0000000 0.0000000 0.0000000 0.0000000 0.0000000 0.0000000 0.0000000 0.0000000 1.0000000
 57 K  57 0.0000000 0.8047176 0.0000000 0.0000000 0.0000000 0.0000000 0.0000000 0.0000000 0.0000000 0.0000000 0.0000000 0.1952824 0.0000000 0.0000000 0.0000000 0.0000000 0.0000000 0.0000000 0.0000000 0.0000000
 58 Q  58 0.0000000 0.0000000 0.0000000 0.0000000 0.0000000 0.9342600 0.0657400 0.0000000 0.0000000 0.0000000 0.0000000 0.0000000 0.0000000 0.0000000 0.0000000 0.0000000 0.0000000 0.0000000 0.0000000 0.0000000
 59 Y  59 0.0000000 0.0000000 0.0000000 0.0000000 0.0000000 0.0000000 0.0000000 0.0000000 0.0000000 0.0000000 0.0000000 0.0000000 0.0000000 0.0000000 0.0000000 0.0074888 0.0000000 0.0000000 0.9925112 0.0000000
 60 D  60 0.0090218 0.0000000 0.0070380 0.8803350 0.0000000 0.0000000 0.1036052 0.0000000 0.0000000 0.0000000 0.0000000 0.0000000 0.0000000 0.0000000 0.0000000 0.0000000 0.0000000 0.0000000 0.0000000 0.0000000
 61 Q  61 0.0000000 0.0030801 0.0487674 0.0144252 0.0000000 0.8517220 0.0426797 0.0000000 0.0194554 0.0000000 0.0013244 0.0185458 0.0000000 0.0000000 0.0000000 0.0000000 0.0000000 0.0000000 0.0000000 0.0000000
 62 I  62 0.0000000 0.0000000 0.0000000 0.0000000 0.0000000 0.0000000 0.0000000 0.0000000 0.0000000 0.5700530 0.0000000 0.0000000 0.0000000 0.0000000 0.0000000 0.0000000 0.0000000 0.0000000 0.0000000 0.4299470
 63 I  63 0.0431826 0.0011622 0.0010259 0.0015326 0.0066487 0.0041001 0.0000000 0.0008210 0.0047674 0.0119718 0.1233796 0.0012538 0.0016438 0.0014727 0.7200525 0.0261368 0.0344794 0.0000000 0.0000000 0.0163690
 64 I  64 0.0000000 0.0000000 0.0000000 0.0000000 0.0000000 0.0000000 0.0000000 0.0000000 0.0000000 0.8396164 0.0306205 0.0000000 0.0171668 0.0000000 0.0000000 0.0000000 0.0000000 0.0000000 0.0000000 0.1125962
 65 E  65 0.0000000 0.0000000 0.0000000 0.0180886 0.0000000 0.0000000 0.9819114 0.0000000 0.0000000 0.0000000 0.0000000 0.0000000 0.0000000 0.0000000 0.0000000 0.0000000 0.0000000 0.0000000 0.0000000 0.0000000
 66 I  66 0.0000000 0.0000000 0.0000000 0.0000000 0.0000000 0.0000000 0.0000000 0.0000000 0.0000000 0.9768901 0.0000000 0.0000000 0.0000000 0.0148141 0.0000000 0.0000000 0.0000000 0.0000000 0.0000000 0.0082958
 67 A  67 0.0075306 0.0000000 0.0000000 0.0025865 0.9591654 0.0000000 0.0145497 0.0000000 0.0012498 0.0000000 0.0021463 0.0000000 0.0000000 0.0048586 0.0000000 0.0051875 0.0000000 0.0000000 0.0027256 0.0000000
 68 G  68 0.0000000 0.0185448 0.0000000 0.0023517 0.0000000 0.0000000 0.0063804 0.9727231 0.0000000 0.0000000 0.0000000 0.0000000 0.0000000 0.0000000 0.0000000 0.0000000 0.0000000 0.0000000 0.0000000 0.0000000
 69 H  69 0.0000000 0.0084997 0.0013183 0.0000000 0.0000000 0.0281649 0.0000000 0.0000000 0.7805013 0.0016308 0.0000000 0.1627966 0.0000000 0.0000000 0.0000000 0.0013695 0.0000000 0.0000000 0.0157189 0.0000000
 70 K  70 0.0000000 0.0263606 0.0034659 0.0000000 0.0000000 0.0000000 0.0064930 0.0000000 0.0000000 0.0000000 0.0000000 0.9553248 0.0000000 0.0000000 0.0000000 0.0000000 0.0083557 0.0000000 0.0000000 0.0000000
 71 A  71 0.5512571 0.0000000 0.0000000 0.0000000 0.0000000 0.0000000 0.0000000 0.0000000 0.0000000 0.0300646 0.0065986 0.0000000 0.0000000 0.0000000 0.0000000 0.0000000 0.0794493 0.0000000 0.0000000 0.3326303
 72 I  72 0.0000000 0.0069148 0.0000000 0.0000000 0.0000000 0.0000000 0.0081338 0.0000000 0.0000000 0.7929267 0.0430716 0.0030349 0.0137226 0.0000000 0.0000000 0.0000000 0.0527883 0.0000000 0.0000000 0.0794073
 73 G  73 0.0039869 0.0000000 0.0000000 0.0044449 0.0157434 0.0000000 0.0000000 0.8559554 0.0000000 0.0032982 0.0000000 0.0000000 0.0000000 0.0000000 0.0000000 0.0875736 0.0273850 0.0000000 0.0000000 0.0016127
 74 T  74 0.0130523 0.0000000 0.0000000 0.0000000 0.0000000 0.0000000 0.0000000 0.0000000 0.0000000 0.0000000 0.0000000 0.0020058 0.0000000 0.0000000 0.0258878 0.0701652 0.8888890 0.0000000 0.0000000 0.0000000
 75 V  75 0.0000000 0.0000000 0.0000000 0.0000000 0.0000000 0.0000000 0.0000000 0.0000000 0.0000000 0.0075293 0.0092713 0.0000000 0.0000000 0.0000000 0.0000000 0.0000000 0.0000000 0.0000000 0.0000000 0.9831995
 76 L  76 0.0000000 0.0000000 0.0000000 0.0000000 0.0000000 0.0000000 0.0000000 0.0000000 0.0000000 0.0000000 0.9567062 0.0000000 0.0000000 0.0000000 0.0000000 0.0000000 0.0000000 0.0000000 0.0000000 0.0432938
 77 V  77 0.0000000 0.0000000 0.0000000 0.0000000 0.0000000 0.0000000 0.0000000 0.0000000 0.0000000 0.2375841 0.0040334 0.0059562 0.0000000 0.0000000 0.0000000 0.0000000 0.0030186 0.0000000 0.0000000 0.7494076
 78 G  78 0.0000000 0.0000000 0.0000000 0.0000000 0.0000000 0.0000000 0.0000000 1.0000000 0.0000000 0.0000000 0.0000000 0.0000000 0.0000000 0.0000000 0.0000000 0.0000000 0.0000000 0.0000000 0.0000000 0.0000000
 79 P  79 0.0053280 0.0000000 0.0027219 0.0027465 0.0000000 0.0000000 0.0017276 0.0000000 0.0000000 0.0000000 0.0000000 0.0000000 0.0000000 0.0000000 0.9806966 0.0067793 0.0000000 0.0000000 0.0000000 0.0000000
 80 T  80 0.0000000 0.0000000 0.0000000 0.0000000 0.0000000 0.0000000 0.0000000 0.0000000 0.0000000 0.0000000 0.0000000 0.0000000 0.0000000 0.0000000 0.0000000 0.0000000 1.0000000 0.0000000 0.0000000 0.0000000
 81 P  81 0.0000000 0.0000000 0.0000000 0.0000000 0.0000000 0.0000000 0.0000000 0.0000000 0.0000000 0.0000000 0.0000000 0.0000000 0.0000000 0.0000000 1.0000000 0.0000000 0.0000000 0.0000000 0.0000000 0.0000000
 82 V  82 0.2658914 0.0000000 0.0000000 0.0000000 0.0085492 0.0000000 0.0000000 0.0018147 0.0000000 0.0461796 0.0025136 0.0000000 0.0061265 0.0193926 0.0000000 0.0118707 0.0213202 0.0000000 0.0000000 0.6163416
 83 N  83 0.0000000 0.0000000 0.9857408 0.0065212 0.0000000 0.0000000 0.0000000 0.0000000 0.0000000 0.0020092 0.0000000 0.0018614 0.0000000 0.0000000 0.0000000 0.0038675 0.0000000 0.0000000 0.0000000 0.0000000
 84 I  84 0.0023874 0.0000000 0.0000000 0.0000000 0.0000000 0.0000000 0.0000000 0.0000000 0.0000000 0.8343234 0.0000000 0.0060480 0.0000000 0.0000000 0.0000000 0.0000000 0.0000000 0.0000000 0.0000000 0.1572412
 85 I  85 0.0000000 0.0000000 0.0000000 0.0000000 0.0000000 0.0000000 0.0000000 0.0000000 0.0000000 0.9403264 0.0000000 0.0000000 0.0060721 0.0000000 0.0000000 0.0000000 0.0102259 0.0000000 0.0000000 0.0433756
 86 G  86 0.0000000 0.0185161 0.0000000 0.0000000 0.0000000 0.0000000 0.0000000 0.9814839 0.0000000 0.0000000 0.0000000 0.0000000 0.0000000 0.0000000 0.0000000 0.0000000 0.0000000 0.0000000 0.0000000 0.0000000
 87 R  87 0.0000000 0.9951105 0.0000000 0.0000000 0.0000000 0.0000000 0.0000000 0.0000000 0.0000000 0.0000000 0.0000000 0.0000000 0.0000000 0.0000000 0.0000000 0.0048895 0.0000000 0.0000000 0.0000000 0.0000000
 88 N  88 0.0000000 0.0000000 0.9625120 0.0300313 0.0000000 0.0000000 0.0000000 0.0032574 0.0000000 0.0000000 0.0000000 0.0000000 0.0000000 0.0000000 0.0000000 0.0041992 0.0000000 0.0000000 0.0000000 0.0000000
 89 L  89 0.0000000 0.0034713 0.0000000 0.0000000 0.0000000 0.0000000 0.0000000 0.0000000 0.0000000 0.0248389 0.7423708 0.0000000 0.1786167 0.0000000 0.0000000 0.0000000 0.0021166 0.0000000 0.0000000 0.0485857
 90 L  90 0.0000000 0.0000000 0.0000000 0.0000000 0.0000000 0.0000000 0.0000000 0.0000000 0.0000000 0.0000000 0.6069243 0.0000000 0.3899343 0.0000000 0.0000000 0.0031414 0.0000000 0.0000000 0.0000000 0.0000000
 91 T  91 0.0050817 0.0000000 0.0110933 0.0000000 0.0000000 0.0000000 0.0000000 0.0000000 0.0000000 0.0000000 0.0000000 0.0000000 0.0000000 0.0000000 0.0000000 0.0164415 0.9641542 0.0000000 0.0000000 0.0032292
 92 Q  92 0.0021468 0.0096807 0.0000000 0.0000000 0.0000000 0.9492747 0.0025641 0.0000000 0.0000000 0.0000000 0.0000000 0.0363338 0.0000000 0.0000000 0.0000000 0.0000000 0.0000000 0.0000000 0.0000000 0.0000000
 93 I  93 0.0000000 0.0016455 0.0000000 0.0000000 0.0000000 0.0000000 0.0000000 0.0000000 0.0000000 0.6092988 0.3717154 0.0000000 0.0119024 0.0000000 0.0000000 0.0000000 0.0036685 0.0000000 0.0000000 0.0017695
 94 G  94 0.0000000 0.0000000 0.0000000 0.0000000 0.0000000 0.0000000 0.0043001 0.9956999 0.0000000 0.0000000 0.0000000 0.0000000 0.0000000 0.0000000 0.0000000 0.0000000 0.0000000 0.0000000 0.0000000 0.0000000
 95 A  95 0.0074925 0.0019617 0.0000000 0.0000000 0.9776087 0.0000000 0.0000000 0.0000000 0.0000000 0.0000000 0.0000000 0.0000000 0.0000000 0.0101849 0.0000000 0.0000000 0.0000000 0.0000000 0.0000000 0.0027522
 96 T  96 0.0000000 0.0000000 0.0000000 0.0000000 0.0000000 0.0000000 0.0000000 0.0000000 0.0000000 0.0000000 0.0000000 0.0000000 0.0000000 0.0000000 0.0110881 0.0000000 0.9889119 0.0000000 0.0000000 0.0000000
 97 L  97 0.0000000 0.0000000 0.0000000 0.0000000 0.0000000 0.0000000 0.0000000 0.0000000 0.0000000 0.0029802 0.9858793 0.0000000 0.0000000 0.0111405 0.0000000 0.0000000 0.0000000 0.0000000 0.0000000 0.0000000
 98 N  98 0.0000000 0.0000000 0.9842743 0.0000000 0.0000000 0.0000000 0.0000000 0.0000000 0.0000000 0.0046868 0.0000000 0.0110389 0.0000000 0.0000000 0.0000000 0.0000000 0.0000000 0.0000000 0.0000000 0.0000000
 99 F  99 0.0000000 0.0000000 0.0000000 0.0000000 0.0000000 0.0000000 0.0000000 0.0000000 0.0000000 0.0000000 0.0000000 0.0000000 0.0000000 0.9956727 0.0000000 0.0000000 0.0000000 0.0000000 0.0043273 0.0000000
