  100         A         R         N         D         C         Q         E         G         H         I         L         K         M         F         P         S         T         W         Y         V         X    
  1 G   1 0.0000000 0.0000000 0.0000000 0.0000000 0.0000000 0.0000000 0.0000000 0.1636446 0.0000000 0.0000000 0.0000000 0.0000000 0.0000000 0.0000000 0.0000000 0.0000000 0.0000000 0.0000000 0.0000000 0.0000000 0.8363554
  2 D   2 0.0000000 0.0000000 0.0000000 0.1636446 0.0000000 0.0000000 0.0000000 0.0000000 0.0000000 0.0000000 0.0000000 0.0000000 0.0000000 0.0000000 0.0000000 0.0000000 0.0000000 0.0000000 0.0000000 0.0000000 0.8363554
  3 R   3 0.0000000 0.1636446 0.0000000 0.0000000 0.0000000 0.0000000 0.0000000 0.0000000 0.0000000 0.0000000 0.0000000 0.0000000 0.0000000 0.0000000 0.0000000 0.0000000 0.0000000 0.0000000 0.0000000 0.0000000 0.8363554
  4 G   4 0.0000000 0.0000000 0.0000000 0.0000000 0.0000000 0.0000000 0.0000000 0.1636446 0.0000000 0.0000000 0.0000000 0.0000000 0.0000000 0.0000000 0.0000000 0.0000000 0.0000000 0.0000000 0.0000000 0.0000000 0.8363554
  5 P   5 0.0000000 0.0000000 0.0000000 0.0000000 0.0000000 0.0000000 0.0000000 0.0000000 0.0000000 0.0000000 0.0000000 0.0000000 0.0000000 0.0000000 0.1636446 0.0000000 0.0000000 0.0000000 0.0000000 0.0000000 0.8363554
  6 E   6 0.0000000 0.0000000 0.0000000 0.0000000 0.0000000 0.0000000 0.1636446 0.0000000 0.0000000 0.0000000 0.0000000 0.0000000 0.0000000 0.0000000 0.0000000 0.0000000 0.0000000 0.0000000 0.0000000 0.0000000 0.8363554
  7 F   7 0.0000000 0.0000000 0.0000000 0.0000000 0.0000000 0.0000000 0.0000000 0.0000000 0.0000000 0.0000000 0.0000000 0.0000000 0.0000000 0.1636446 0.0000000 0.0000000 0.0000000 0.0000000 0.0000000 0.0000000 0.8363554
  8 E   8 0.0000000 0.0000000 0.0000000 0.0000000 0.0000000 0.0000000 0.1636446 0.0000000 0.0000000 0.0000000 0.0000000 0.0000000 0.0000000 0.0000000 0.0000000 0.0000000 0.0000000 0.0000000 0.0000000 0.0000000 0.8363554
  9 L   9 0.0000000 0.0000000 0.0000000 0.0000000 0.0000000 0.0000000 0.0000000 0.0000000 0.0000000 0.0000000 0.1636446 0.0000000 0.0000000 0.0000000 0.0000000 0.0000000 0.0000000 0.0000000 0.0000000 0.0000000 0.8363554
 10 G  10 0.0000000 0.0000000 0.0000000 0.0000000 0.0000000 0.0000000 0.0000000 0.1636446 0.0000000 0.0000000 0.0000000 0.0000000 0.0000000 0.0000000 0.0000000 0.0000000 0.0000000 0.0000000 0.0000000 0.0000000 0.8363554
 11 T  11 0.0000000 0.0000000 0.0000000 0.0000000 0.0000000 0.0000000 0.0000000 0.0000000 0.0000000 0.0000000 0.0000000 0.0000000 0.0000000 0.0000000 0.0000000 0.0000000 0.1636446 0.0000000 0.0000000 0.0000000 0.8363554
 12 L  12 0.0000000 0.0000000 0.0000000 0.0000000 0.0000000 0.0000000 0.0000000 0.0000000 0.0000000 0.0000000 0.7379540 0.0000000 0.0000000 0.0000000 0.0000000 0.0000000 0.0000000 0.0000000 0.0000000 0.0000000 0.2620460
 13 P  13 0.0000000 0.0000000 0.0000000 0.0000000 0.0000000 0.0000000 0.0000000 0.0000000 0.0000000 0.0000000 0.0000000 0.0000000 0.0000000 0.0000000 1.0000000 0.0000000 0.0000000 0.0000000 0.0000000 0.0000000 0.0000000
 14 R  14 0.0896730 0.5782104 0.0000000 0.0000000 0.0000000 0.0990322 0.0000000 0.0000000 0.0000000 0.0000000 0.2330844 0.0000000 0.0000000 0.0000000 0.0000000 0.0000000 0.0000000 0.0000000 0.0000000 0.0000000 0.0000000
 15 D  15 0.0000000 0.0000000 0.0000000 1.0000000 0.0000000 0.0000000 0.0000000 0.0000000 0.0000000 0.0000000 0.0000000 0.0000000 0.0000000 0.0000000 0.0000000 0.0000000 0.0000000 0.0000000 0.0000000 0.0000000 0.0000000
 16 P  16 0.0000000 0.0000000 0.0000000 0.0000000 0.0000000 0.2872799 0.0000000 0.0000000 0.0000000 0.0000000 0.0000000 0.0000000 0.0000000 0.0000000 0.5854343 0.1272858 0.0000000 0.0000000 0.0000000 0.0000000 0.0000000
 17 E  17 0.0000000 0.0000000 0.0000000 0.2872799 0.0000000 0.0000000 0.7127201 0.0000000 0.0000000 0.0000000 0.0000000 0.0000000 0.0000000 0.0000000 0.0000000 0.0000000 0.0000000 0.0000000 0.0000000 0.0000000 0.0000000
 18 D  18 0.0000000 0.0000000 0.0000000 0.5854343 0.0000000 0.0000000 0.1272858 0.0000000 0.0586447 0.0000000 0.0000000 0.0000000 0.0000000 0.0000000 0.1751176 0.0535177 0.0000000 0.0000000 0.0000000 0.0000000 0.0000000
 19 L  19 0.0000000 0.0000000 0.0000000 0.0000000 0.0000000 0.0000000 0.2872799 0.0000000 0.0000000 0.0000000 0.2626768 0.1272858 0.0000000 0.0000000 0.2053503 0.1174072 0.0000000 0.0000000 0.0000000 0.0000000 0.0000000
 20 E  20 0.0000000 0.0000000 0.0000000 0.0000000 0.0000000 0.0000000 0.3899626 0.0000000 0.0000000 0.0000000 0.0000000 0.6100374 0.0000000 0.0000000 0.0000000 0.0000000 0.0000000 0.0000000 0.0000000 0.0000000 0.0000000
 21 D  21 0.1225245 0.0000000 0.0000000 0.6511576 0.0000000 0.0000000 0.1272858 0.0000000 0.0000000 0.0000000 0.0000000 0.0990322 0.0000000 0.0000000 0.0000000 0.0000000 0.0000000 0.0000000 0.0000000 0.0000000 0.0000000
 22 G  22 0.0000000 0.2121975 0.0000000 0.0000000 0.0000000 0.0000000 0.0000000 0.6605167 0.0000000 0.0000000 0.0000000 0.0000000 0.0000000 0.0000000 0.0000000 0.0000000 0.0000000 0.0000000 0.0000000 0.0000000 0.1272858
 23 P  23 0.1156773 0.0000000 0.0000000 0.0000000 0.0000000 0.0000000 0.0000000 0.0000000 0.0000000 0.0000000 0.0000000 0.0000000 0.0000000 0.0000000 0.5952182 0.0000000 0.0627865 0.0000000 0.0000000 0.0000000 0.2263180
 24 C  24 0.0000000 0.0000000 0.0000000 0.0000000 0.7210889 0.0000000 0.0000000 0.0000000 0.0000000 0.0000000 0.0000000 0.0000000 0.0000000 0.0000000 0.0000000 0.0000000 0.0000000 0.0000000 0.0000000 0.0000000 0.2789111
 25 G  25 0.0000000 0.0000000 0.0000000 0.0000000 0.0000000 0.0000000 0.0000000 0.1636446 0.0000000 0.0000000 0.0000000 0.0000000 0.0000000 0.0000000 0.0000000 0.3855440 0.0597379 0.0000000 0.0000000 0.0000000 0.3910734
 26 H  26 0.0000000 0.0000000 0.0000000 0.0000000 0.0000000 0.0000000 0.0000000 0.0000000 0.6089266 0.0000000 0.0000000 0.0000000 0.0000000 0.0000000 0.0000000 0.0000000 0.0000000 0.0000000 0.0000000 0.0000000 0.3910734
 27 S  27 0.0000000 0.0000000 0.0000000 0.0000000 0.0000000 0.0000000 0.0000000 0.2053503 0.0000000 0.0000000 0.0000000 0.0990322 0.0000000 0.0000000 0.0000000 0.4035763 0.0000000 0.0000000 0.0000000 0.0000000 0.2920413
 28 S  28 0.0000000 0.0000000 0.0000000 0.0000000 0.0000000 0.0000000 0.0000000 0.0627865 0.3227575 0.0000000 0.0000000 0.0000000 0.0000000 0.0000000 0.0000000 0.3224147 0.0000000 0.0000000 0.0000000 0.0000000 0.2920413
 29 H  29 0.0000000 0.0000000 0.0000000 0.0000000 0.0990322 0.0000000 0.0000000 0.1174072 0.2861691 0.0000000 0.0000000 0.0000000 0.0000000 0.0525931 0.0000000 0.3326361 0.0000000 0.0000000 0.0000000 0.0000000 0.1121624
 30 S  30 0.0000000 0.0000000 0.0000000 0.0000000 0.0000000 0.0000000 0.0000000 0.1174072 0.3326361 0.0000000 0.0000000 0.0000000 0.0000000 0.0000000 0.0000000 0.5499567 0.0000000 0.0000000 0.0000000 0.0000000 0.0000000
 31 H  31 0.1272858 0.0990322 0.0000000 0.0000000 0.0000000 0.0000000 0.0000000 0.1156773 0.5683317 0.0000000 0.0000000 0.0000000 0.0000000 0.0000000 0.0000000 0.0896730 0.0000000 0.0000000 0.0000000 0.0000000 0.0000000
 32 G  32 0.0000000 0.0000000 0.0000000 0.0000000 0.1272858 0.0000000 0.0000000 0.7043526 0.0000000 0.0000000 0.0000000 0.0000000 0.0000000 0.0000000 0.0000000 0.0000000 0.0000000 0.0000000 0.0000000 0.0000000 0.1683616
 33 G  33 0.0000000 0.0000000 0.1272858 0.0000000 0.0000000 0.0000000 0.0000000 0.6009112 0.1543958 0.0000000 0.0000000 0.0000000 0.0000000 0.0000000 0.0000000 0.0000000 0.0000000 0.0000000 0.0000000 0.0000000 0.1174072
 34 H  34 0.0000000 0.0000000 0.0000000 0.0000000 0.0000000 0.0000000 0.0000000 0.0000000 0.7281970 0.0000000 0.0000000 0.0000000 0.0000000 0.0000000 0.0000000 0.1543958 0.0000000 0.0000000 0.0000000 0.0000000 0.1174072
 35 S  35 0.0000000 0.0000000 0.0000000 0.0000000 0.0000000 0.0000000 0.0000000 0.0000000 0.1543958 0.0000000 0.0000000 0.0000000 0.0000000 0.0000000 0.0000000 0.7788798 0.0000000 0.0000000 0.0000000 0.0000000 0.0667243
 36 H  36 0.0000000 0.0000000 0.0000000 0.0000000 0.0000000 0.0000000 0.0000000 0.0000000 0.7788798 0.0000000 0.0000000 0.0000000 0.0000000 0.0000000 0.0000000 0.0000000 0.0000000 0.0000000 0.0000000 0.0000000 0.2211202
 37 G  37 0.0000000 0.0000000 0.0000000 0.0000000 0.0000000 0.0000000 0.0000000 0.6472198 0.0000000 0.0000000 0.0000000 0.0000000 0.0000000 0.0000000 0.0000000 0.3527802 0.0000000 0.0000000 0.0000000 0.0000000 0.0000000
 38 V  38 0.0000000 0.0000000 0.0000000 0.0000000 0.0000000 0.0000000 0.0000000 0.0000000 0.0667243 0.2394482 0.0000000 0.0000000 0.0990322 0.0000000 0.0000000 0.0000000 0.0597379 0.0000000 0.0000000 0.5350574 0.0000000
 39 S  39 0.0000000 0.0000000 0.0000000 0.0000000 0.0000000 0.0000000 0.0000000 0.0000000 0.0000000 0.0000000 0.0000000 0.0000000 0.0000000 0.0000000 0.0000000 0.9332757 0.0000000 0.0000000 0.0000000 0.0000000 0.0667243
 40 L  40 0.0000000 0.0000000 0.0000000 0.0000000 0.0000000 0.0000000 0.0000000 0.0000000 0.0000000 0.0000000 0.9103270 0.0000000 0.0896730 0.0000000 0.0000000 0.0000000 0.0000000 0.0000000 0.0000000 0.0000000 0.0000000
 41 Q  41 0.0000000 0.0000000 0.0000000 0.0000000 0.0000000 1.0000000 0.0000000 0.0000000 0.0000000 0.0000000 0.0000000 0.0000000 0.0000000 0.0000000 0.0000000 0.0000000 0.0000000 0.0000000 0.0000000 0.0000000 0.0000000
 42 L  42 0.0000000 0.0000000 0.0000000 0.0000000 0.0000000 0.0000000 0.0000000 0.0000000 0.0000000 0.0000000 1.0000000 0.0000000 0.0000000 0.0000000 0.0000000 0.0000000 0.0000000 0.0000000 0.0000000 0.0000000 0.0000000
 43 A  43 0.7150374 0.0000000 0.0000000 0.0000000 0.0000000 0.0000000 0.0000000 0.0000000 0.0000000 0.0000000 0.0000000 0.0990322 0.0000000 0.0000000 0.0000000 0.0586447 0.0000000 0.0000000 0.0000000 0.1272858 0.0000000
 44 P  44 0.0000000 0.0000000 0.0000000 0.0000000 0.0000000 0.0000000 0.0000000 0.0000000 0.0000000 0.0000000 0.0000000 0.0000000 0.0000000 0.0000000 0.8727142 0.0000000 0.1272858 0.0000000 0.0000000 0.0000000 0.0000000
 45 S  45 0.0000000 0.1225245 0.0000000 0.0000000 0.0000000 0.0000000 0.1272858 0.0000000 0.0000000 0.0000000 0.0000000 0.0000000 0.0000000 0.0000000 0.0000000 0.7501897 0.0000000 0.0000000 0.0000000 0.0000000 0.0000000
 46 E  46 0.0000000 0.0000000 0.1121624 0.2053503 0.0000000 0.0990322 0.5834552 0.0000000 0.0000000 0.0000000 0.0000000 0.0000000 0.0000000 0.0000000 0.0000000 0.0000000 0.0000000 0.0000000 0.0000000 0.0000000 0.0000000
 47 L  47 0.0000000 0.0000000 0.0000000 0.0000000 0.0000000 0.0000000 0.0000000 0.0000000 0.0000000 0.0000000 0.8843227 0.0000000 0.0000000 0.1156773 0.0000000 0.0000000 0.0000000 0.0000000 0.0000000 0.0000000 0.0000000
 48 R  48 0.0000000 0.7139441 0.0000000 0.0000000 0.0000000 0.0990322 0.0000000 0.0000000 0.0000000 0.0000000 0.0000000 0.0000000 0.0000000 0.0000000 0.0000000 0.1272858 0.0000000 0.0597379 0.0000000 0.0000000 0.0000000
 49 Q  49 0.0000000 0.0000000 0.0000000 0.0000000 0.0000000 0.5666018 0.0000000 0.0000000 0.1272858 0.0000000 0.0000000 0.0000000 0.0000000 0.0000000 0.3061124 0.0000000 0.0000000 0.0000000 0.0000000 0.0000000 0.0000000
 50 P  50 0.0000000 0.0000000 0.0000000 0.0000000 0.0000000 0.1272858 0.0000000 0.0000000 0.0000000 0.0000000 0.0000000 0.0000000 0.0000000 0.0000000 0.7079587 0.1647555 0.0000000 0.0000000 0.0000000 0.0000000 0.0000000
 51 K  51 0.0000000 0.0990322 0.0000000 0.0000000 0.0000000 0.0000000 0.0000000 0.0000000 0.0000000 0.0000000 0.0000000 0.9009678 0.0000000 0.0000000 0.0000000 0.0000000 0.0000000 0.0000000 0.0000000 0.0000000 0.0000000
 52 P  52 0.0000000 0.0000000 0.0000000 0.0000000 0.0000000 0.7696310 0.0000000 0.0000000 0.0000000 0.0000000 0.0000000 0.0000000 0.0000000 0.0000000 0.2303690 0.0000000 0.0000000 0.0000000 0.0000000 0.0000000 0.0000000
 53 P  53 0.0000000 0.0000000 0.0000000 0.0000000 0.0000000 0.1272858 0.0000000 0.0000000 0.0000000 0.0000000 0.1156773 0.0000000 0.0000000 0.0000000 0.5510597 0.0627865 0.0535177 0.0000000 0.0000000 0.0000000 0.0896730
 54 H  54 0.0000000 0.0000000 0.0000000 0.0000000 0.0000000 0.2263180 0.0000000 0.0000000 0.7736820 0.0000000 0.0000000 0.0000000 0.0000000 0.0000000 0.0000000 0.0000000 0.0000000 0.0000000 0.0000000 0.0000000 0.0000000
 55 E  55 0.1272858 0.0000000 0.0000000 0.0000000 0.0000000 0.0000000 0.8727142 0.0000000 0.0000000 0.0000000 0.0000000 0.0000000 0.0000000 0.0000000 0.0000000 0.0000000 0.0000000 0.0000000 0.0000000 0.0000000 0.0000000
 56 G  56 0.0000000 0.0000000 0.0000000 0.1272858 0.0000000 0.0000000 0.0000000 0.6412344 0.0000000 0.0000000 0.0000000 0.0000000 0.0000000 0.0000000 0.0000000 0.2314798 0.0000000 0.0000000 0.0000000 0.0000000 0.0000000
 57 S  57 0.0000000 0.0000000 0.0000000 0.0000000 0.0000000 0.0000000 0.0000000 0.0000000 0.0000000 0.0000000 0.0000000 0.0000000 0.0000000 0.0000000 0.0000000 1.0000000 0.0000000 0.0000000 0.0000000 0.0000000 0.0000000
 58 R  58 0.0000000 0.9009678 0.0000000 0.0000000 0.0000000 0.0990322 0.0000000 0.0000000 0.0000000 0.0000000 0.0000000 0.0000000 0.0000000 0.0000000 0.0000000 0.0000000 0.0000000 0.0000000 0.0000000 0.0000000 0.0000000
 59 A  59 0.5814965 0.0000000 0.0000000 0.0000000 0.0000000 0.0000000 0.0000000 0.0000000 0.0000000 0.1272858 0.0000000 0.0000000 0.0000000 0.0000000 0.0000000 0.1647555 0.1264623 0.0000000 0.0000000 0.0000000 0.0000000
 60 D  60 0.0000000 0.0000000 0.0000000 1.0000000 0.0000000 0.0000000 0.0000000 0.0000000 0.0000000 0.0000000 0.0000000 0.0000000 0.0000000 0.0000000 0.0000000 0.0000000 0.0000000 0.0000000 0.0000000 0.0000000 0.0000000
 61 L  61 0.0000000 0.0000000 0.0000000 0.0000000 0.0000000 0.0000000 0.0000000 0.0000000 0.0000000 0.0000000 1.0000000 0.0000000 0.0000000 0.0000000 0.0000000 0.0000000 0.0000000 0.0000000 0.0000000 0.0000000 0.0000000
 62 V  62 0.0000000 0.0000000 0.0000000 0.0000000 0.0000000 0.0000000 0.0000000 0.0000000 0.0000000 0.0000000 0.0000000 0.0000000 0.0000000 0.0000000 0.0000000 0.0000000 0.0000000 0.0000000 0.0000000 1.0000000 0.0000000
 63 A  63 0.5727712 0.0000000 0.0000000 0.0000000 0.0000000 0.0000000 0.0896730 0.0000000 0.0000000 0.0000000 0.0000000 0.0000000 0.0000000 0.0000000 0.0000000 0.1272858 0.1112378 0.0000000 0.0000000 0.0990322 0.0000000
 64 E  64 0.0990322 0.0000000 0.1272858 0.0000000 0.0000000 0.0000000 0.7108955 0.0000000 0.0000000 0.0000000 0.0000000 0.0000000 0.0000000 0.0000000 0.0000000 0.0000000 0.0000000 0.0000000 0.0000000 0.0627865 0.0000000
 65 E  65 0.0000000 0.0000000 0.0000000 0.0000000 0.0000000 0.0000000 1.0000000 0.0000000 0.0000000 0.0000000 0.0000000 0.0000000 0.0000000 0.0000000 0.0000000 0.0000000 0.0000000 0.0000000 0.0000000 0.0000000 0.0000000
 66 S  66 0.0000000 0.0000000 0.1272858 0.0000000 0.0000000 0.0000000 0.0000000 0.0000000 0.0000000 0.0000000 0.0000000 0.0000000 0.0000000 0.0000000 0.0000000 0.7605518 0.1121624 0.0000000 0.0000000 0.0000000 0.0000000
 67 P  67 0.0000000 0.0000000 0.0000000 0.0000000 0.0000000 0.0000000 0.0000000 0.0000000 0.0000000 0.0000000 0.0000000 0.0000000 0.0000000 0.0000000 1.0000000 0.0000000 0.0000000 0.0000000 0.0000000 0.0000000 0.0000000
 68 E  68 0.0000000 0.0000000 0.0000000 0.0990322 0.0000000 0.1272858 0.7736820 0.0000000 0.0000000 0.0000000 0.0000000 0.0000000 0.0000000 0.0000000 0.0000000 0.0000000 0.0000000 0.0000000 0.0000000 0.0000000 0.0000000
 69 L  69 0.0000000 0.0000000 0.0000000 0.0000000 0.0000000 0.0990322 0.0000000 0.0000000 0.0000000 0.0000000 0.7736820 0.0000000 0.0000000 0.0000000 0.0000000 0.0000000 0.0000000 0.0000000 0.0000000 0.1272858 0.0000000
 70 L  70 0.0000000 0.0000000 0.0000000 0.0000000 0.0000000 0.0990322 0.0000000 0.0000000 0.0000000 0.0000000 0.7736820 0.0000000 0.0000000 0.0000000 0.0000000 0.1272858 0.0000000 0.0000000 0.0000000 0.0000000 0.0000000
 71 N  71 0.0000000 0.0000000 0.4180731 0.0000000 0.0000000 0.0000000 0.0000000 0.1272858 0.1225245 0.0000000 0.0000000 0.0000000 0.0000000 0.0000000 0.0000000 0.3321166 0.0000000 0.0000000 0.0000000 0.0000000 0.0000000
 72 P  72 0.0506828 0.0000000 0.0000000 0.0000000 0.0000000 0.0990322 0.0000000 0.0000000 0.0000000 0.0000000 0.1900723 0.0000000 0.0000000 0.0000000 0.5038153 0.0667243 0.0000000 0.0000000 0.0000000 0.0000000 0.0896730
 73 E  73 0.0000000 0.0000000 0.0000000 0.1859305 0.0000000 0.0000000 0.7243965 0.0000000 0.0000000 0.0000000 0.0000000 0.0000000 0.0000000 0.0000000 0.0000000 0.0000000 0.0000000 0.0000000 0.0000000 0.0000000 0.0896730
 74 P  74 0.0000000 0.0000000 0.0000000 0.0000000 0.0000000 0.0000000 0.0000000 0.0000000 0.1272858 0.0000000 0.0000000 0.0000000 0.0000000 0.0000000 0.4564670 0.1153796 0.2111945 0.0000000 0.0000000 0.0000000 0.0896730
 75 R  75 0.0000000 0.6212225 0.0000000 0.0000000 0.0000000 0.1272858 0.0000000 0.0000000 0.0000000 0.0000000 0.0000000 0.0000000 0.0000000 0.0000000 0.0990322 0.0627865 0.0000000 0.0000000 0.0000000 0.0000000 0.0896730
 76 R  76 0.0000000 0.6212225 0.0000000 0.0000000 0.0000000 0.0000000 0.0000000 0.0000000 0.0000000 0.0000000 0.0000000 0.2263180 0.0627865 0.0000000 0.0000000 0.0000000 0.0000000 0.0000000 0.0000000 0.0000000 0.0896730
 77 L  77 0.0000000 0.2429631 0.0000000 0.0000000 0.0000000 0.0000000 0.0000000 0.0000000 0.0000000 0.0000000 0.6673639 0.0000000 0.0000000 0.0000000 0.0000000 0.0000000 0.0000000 0.0000000 0.0000000 0.0000000 0.0896730
 78 S  78 0.0000000 0.1121624 0.0597379 0.0000000 0.0000000 0.0000000 0.0000000 0.0000000 0.0000000 0.0000000 0.0000000 0.0525931 0.0000000 0.0000000 0.0000000 0.6858336 0.0000000 0.0000000 0.0000000 0.0000000 0.0896730
 79 P  79 0.1121624 0.1272858 0.0000000 0.0000000 0.0000000 0.0000000 0.0000000 0.0000000 0.0000000 0.0000000 0.0000000 0.0000000 0.0000000 0.0000000 0.4564670 0.2144118 0.0000000 0.0000000 0.0000000 0.0000000 0.0896730
 80 E  80 0.0000000 0.0000000 0.0000000 0.0597379 0.0000000 0.0627865 0.6721252 0.1156773 0.0000000 0.0000000 0.0000000 0.0000000 0.0000000 0.0000000 0.0000000 0.0000000 0.0000000 0.0000000 0.0000000 0.0000000 0.0896730
 81 L  81 0.0000000 0.0000000 0.0000000 0.0000000 0.0000000 0.0000000 0.0000000 0.0000000 0.0000000 0.0000000 0.7465720 0.0000000 0.0000000 0.0000000 0.0000000 0.0990322 0.0000000 0.0000000 0.0000000 0.0000000 0.1543958
 82 R  82 0.0000000 0.7183184 0.0000000 0.0000000 0.0000000 0.1272858 0.0000000 0.0000000 0.0000000 0.0000000 0.0000000 0.0000000 0.0000000 0.0000000 0.0000000 0.0000000 0.0000000 0.0000000 0.0000000 0.0000000 0.1543958
 83 L  83 0.0000000 0.0667243 0.0000000 0.0000000 0.0000000 0.0000000 0.0000000 0.0000000 0.0000000 0.0000000 0.7202352 0.0000000 0.0586447 0.0000000 0.0000000 0.0000000 0.0000000 0.0000000 0.0000000 0.0000000 0.1543958
 84 L  84 0.0000000 0.0000000 0.0000000 0.0000000 0.0000000 0.0000000 0.0000000 0.0000000 0.0000000 0.0000000 0.8456042 0.0000000 0.0000000 0.0000000 0.0000000 0.0000000 0.0000000 0.0000000 0.0000000 0.0000000 0.1543958
 85 P  85 0.0000000 0.0000000 0.0000000 0.0000000 0.0000000 0.0000000 0.0000000 0.0000000 0.0000000 0.0000000 0.0000000 0.0000000 0.0000000 0.0000000 0.8456042 0.0000000 0.0000000 0.0000000 0.0000000 0.0000000 0.1543958
 86 Y  86 0.0000000 0.0000000 0.0000000 0.0000000 0.0000000 0.0000000 0.0000000 0.0000000 0.0000000 0.0000000 0.0000000 0.0000000 0.0000000 0.0000000 0.0000000 0.0000000 0.0000000 0.0000000 0.8456042 0.0000000 0.1543958
 87 G  87 0.0000000 0.0000000 0.0000000 0.0000000 0.0000000 0.0000000 0.0000000 0.1636446 0.0000000 0.0000000 0.0000000 0.0000000 0.0000000 0.0000000 0.0000000 0.0000000 0.0000000 0.0000000 0.0000000 0.0000000 0.8363554
 88 H  88 0.0000000 0.0000000 0.0000000 0.0000000 0.0000000 0.0000000 0.0000000 0.0000000 0.1636446 0.0000000 0.0000000 0.0000000 0.0000000 0.0000000 0.0000000 0.0000000 0.0000000 0.0000000 0.0000000 0.0000000 0.8363554
 89 G  89 0.0000000 0.0000000 0.0000000 0.0000000 0.0000000 0.0000000 0.0000000 0.1636446 0.0000000 0.0000000 0.0000000 0.0000000 0.0000000 0.0000000 0.0000000 0.0000000 0.0000000 0.0000000 0.0000000 0.0000000 0.8363554
 90 L  90 0.0000000 0.0000000 0.0000000 0.0000000 0.0000000 0.0000000 0.0000000 0.0000000 0.0000000 0.0000000 0.1636446 0.0000000 0.0000000 0.0000000 0.0000000 0.0000000 0.0000000 0.0000000 0.0000000 0.0000000 0.8363554
 91 S  91 0.0000000 0.0000000 0.0000000 0.0000000 0.0000000 0.0000000 0.0000000 0.0000000 0.0000000 0.0000000 0.0000000 0.0000000 0.0000000 0.0000000 0.0000000 0.1636446 0.0000000 0.0000000 0.0000000 0.0000000 0.8363554
 92 A  92 0.1636446 0.0000000 0.0000000 0.0000000 0.0000000 0.0000000 0.0000000 0.0000000 0.0000000 0.0000000 0.0000000 0.0000000 0.0000000 0.0000000 0.0000000 0.0000000 0.0000000 0.0000000 0.0000000 0.0000000 0.8363554
 93 W  93 0.0000000 0.0000000 0.0000000 0.0000000 0.0000000 0.0000000 0.0000000 0.0000000 0.0000000 0.0000000 0.0000000 0.0000000 0.0000000 0.0000000 0.0000000 0.0000000 0.0000000 0.1636446 0.0000000 0.0000000 0.8363554
 94 S  94 0.0000000 0.0000000 0.0000000 0.0000000 0.0000000 0.0000000 0.0000000 0.0000000 0.0000000 0.0000000 0.0000000 0.0000000 0.0000000 0.0000000 0.0000000 0.1636446 0.0000000 0.0000000 0.0000000 0.0000000 0.8363554
 95 H  95 0.0000000 0.0000000 0.0000000 0.0000000 0.0000000 0.0000000 0.0000000 0.0000000 0.1636446 0.0000000 0.0000000 0.0000000 0.0000000 0.0000000 0.0000000 0.0000000 0.0000000 0.0000000 0.0000000 0.0000000 0.8363554
 96 P  96 0.0000000 0.0000000 0.0000000 0.0000000 0.0000000 0.0000000 0.0000000 0.0000000 0.0000000 0.0000000 0.0000000 0.0000000 0.0000000 0.0000000 0.1636446 0.0000000 0.0000000 0.0000000 0.0000000 0.0000000 0.8363554
 97 Q  97 0.0000000 0.0000000 0.0000000 0.0000000 0.0000000 0.1636446 0.0000000 0.0000000 0.0000000 0.0000000 0.0000000 0.0000000 0.0000000 0.0000000 0.0000000 0.0000000 0.0000000 0.0000000 0.0000000 0.0000000 0.8363554
 98 F  98 0.0000000 0.0000000 0.0000000 0.0000000 0.0000000 0.0000000 0.0000000 0.0000000 0.0000000 0.0000000 0.0000000 0.0000000 0.0000000 0.1636446 0.0000000 0.0000000 0.0000000 0.0000000 0.0000000 0.0000000 0.8363554
 99 E  99 0.0000000 0.0000000 0.0000000 0.0000000 0.0000000 0.0000000 0.1636446 0.0000000 0.0000000 0.0000000 0.0000000 0.0000000 0.0000000 0.0000000 0.0000000 0.0000000 0.0000000 0.0000000 0.0000000 0.0000000 0.8363554
100 K 100 0.0000000 0.0000000 0.0000000 0.0000000 0.0000000 0.0000000 0.0000000 0.0000000 0.0000000 0.0000000 0.0000000 0.1636446 0.0000000 0.0000000 0.0000000 0.0000000 0.0000000 0.0000000 0.0000000 0.0000000 0.8363554
