   58         A         R         N         D         C         Q         E         G         H         I         L         K         M         F         P         S         T         W         Y         V         X    
  1 M   1 0.0000000 0.0000000 0.0000000 0.0000000 0.0000000 0.0000000 0.0000000 0.0000000 0.0000000 0.0446816 0.0826130 0.0000000 0.0099743 0.0000000 0.0000000 0.0000000 0.0000000 0.0000000 0.0000000 0.1184950 0.7442361
  2 N   2 0.0154743 0.0167588 0.0245305 0.0258971 0.0047805 0.0064145 0.1065835 0.0519286 0.0124284 0.0000000 0.0000000 0.0414250 0.0000000 0.0000000 0.0074961 0.0185342 0.0530321 0.0000000 0.0000000 0.0107600 0.6039564
  3 L   3 0.0015006 0.0242974 0.0015826 0.0000000 0.0000000 0.0020878 0.0016473 0.0000000 0.0000000 0.0553740 0.1024811 0.0469031 0.0173927 0.0335956 0.0016915 0.0051998 0.0518403 0.0045596 0.0641673 0.0784525 0.5072267
  4 F   4 0.0326503 0.0000000 0.0000000 0.0000000 0.0080581 0.0000000 0.0000000 0.0000000 0.0000000 0.0000000 0.0107826 0.0051407 0.0051343 0.0832264 0.0000000 0.0000000 0.0000000 0.0110138 0.1490878 0.3947731 0.3001330
  5 V   5 0.0041059 0.1916150 0.0000000 0.0000000 0.0049588 0.0408377 0.0109864 0.0000000 0.0000000 0.1609306 0.0075680 0.0789866 0.0123725 0.0040208 0.0000000 0.0020431 0.0639419 0.0000000 0.0164386 0.2378875 0.1633066
  6 A   6 0.8362424 0.0000000 0.0000000 0.0000000 0.0046106 0.0000000 0.0000000 0.0134071 0.0000000 0.0000000 0.0000000 0.0000000 0.0000000 0.0000000 0.0000000 0.0044255 0.0135126 0.0000000 0.0000000 0.0659279 0.0618739
  7 L   7 0.0123171 0.0284855 0.0056162 0.0000000 0.0032381 0.0257487 0.0311308 0.0000000 0.0000000 0.0868678 0.6004635 0.0633031 0.0478406 0.0000000 0.0000000 0.0024873 0.0045063 0.0000000 0.0000000 0.0406845 0.0473104
  8 Y   8 0.0057525 0.0000000 0.0000000 0.0000000 0.0116100 0.0000000 0.0000000 0.0082850 0.0487929 0.0000000 0.0000000 0.0000000 0.0000000 0.1249855 0.0000000 0.0000000 0.0000000 0.0184588 0.7319055 0.0042299 0.0459799
  9 D   9 0.0513214 0.0054995 0.0476433 0.5943616 0.0000000 0.0174668 0.0308716 0.0014841 0.0026448 0.0000000 0.0000000 0.0050166 0.0000000 0.0000000 0.1046592 0.0663815 0.0424343 0.0000000 0.0035886 0.0026839 0.0239429
 10 F  10 0.0000000 0.0000000 0.0000000 0.0000000 0.0037566 0.0000000 0.0000000 0.0000000 0.0000000 0.0000000 0.0070926 0.0000000 0.0000000 0.4112267 0.0000000 0.0000000 0.0000000 0.0387314 0.5220871 0.0000000 0.0171056
 11 V  11 0.0562349 0.0393309 0.0450274 0.1051331 0.0128853 0.0855545 0.2610948 0.0073689 0.0070295 0.0160607 0.0089824 0.0531509 0.0177767 0.0011902 0.0032484 0.0462386 0.1636589 0.0000000 0.0057253 0.0481965 0.0161120
 12 A  12 0.5985256 0.0368614 0.0029224 0.0000000 0.0000000 0.0148697 0.0000000 0.1072663 0.0000000 0.0000000 0.0000000 0.0168897 0.0000000 0.0000000 0.1141992 0.0912416 0.0027984 0.0000000 0.0000000 0.0000000 0.0144257
 13 S  13 0.0594191 0.1582327 0.0269516 0.0474958 0.0033465 0.2847010 0.0629470 0.0194172 0.0095757 0.0108010 0.0115969 0.0357894 0.0050935 0.0000000 0.0122401 0.0808661 0.1275074 0.0030304 0.0000000 0.0279093 0.0130794
 14 G  14 0.0728916 0.0280787 0.1522705 0.0588388 0.0097359 0.0496074 0.2263113 0.0988931 0.0363407 0.0068051 0.0046421 0.0574001 0.0090185 0.0070599 0.0017635 0.0647401 0.1044800 0.0000000 0.0000000 0.0000000 0.0111224
 15 D  15 0.0864770 0.0155309 0.0324344 0.2329844 0.0019925 0.0412088 0.2395009 0.0080124 0.0283725 0.0037145 0.0040677 0.0163602 0.0085126 0.0013231 0.1251619 0.0982416 0.0324423 0.0000000 0.0011295 0.0117735 0.0107595
 16 N  16 0.0020642 0.0101819 0.1139439 0.4622670 0.0000000 0.0233733 0.1144457 0.1943433 0.0000000 0.0000000 0.0016202 0.0056946 0.0037623 0.0000000 0.0000000 0.0253317 0.0266372 0.0000000 0.0035873 0.0035350 0.0092124
 17 T  17 0.0028449 0.0000000 0.0000000 0.2146249 0.0071612 0.0607265 0.6472233 0.0000000 0.0385679 0.0000000 0.0000000 0.0000000 0.0000000 0.0000000 0.0000000 0.0083304 0.0113085 0.0000000 0.0000000 0.0000000 0.0092124
 18 L  18 0.0000000 0.0000000 0.0000000 0.0000000 0.0000000 0.0000000 0.0000000 0.0000000 0.0000000 0.0543395 0.8960854 0.0000000 0.0136033 0.0000000 0.0000000 0.0000000 0.0000000 0.0000000 0.0000000 0.0359719 0.0000000
 19 S  19 0.0492210 0.0104146 0.0323249 0.0241762 0.0151278 0.0135840 0.0314672 0.0409796 0.0055603 0.0043198 0.0034191 0.0030144 0.0012754 0.0000000 0.0153283 0.5347249 0.1858893 0.0000000 0.0053654 0.0191785 0.0046293
 20 I  20 0.0000000 0.0000000 0.0000000 0.0000000 0.0030023 0.0000000 0.0000000 0.0000000 0.0000000 0.0937805 0.1722143 0.0000000 0.0110110 0.6828766 0.0000000 0.0000000 0.0000000 0.0000000 0.0000000 0.0324860 0.0046293
 21 T  21 0.0449120 0.1601546 0.0723681 0.0127945 0.0120437 0.0976796 0.0627721 0.0130327 0.0415526 0.0041540 0.0276968 0.2271342 0.0103255 0.0099914 0.0089376 0.0877683 0.0591679 0.0000000 0.0057328 0.0324200 0.0093619
 22 K  22 0.1130827 0.0897712 0.0000000 0.0015167 0.0037573 0.0444421 0.2517683 0.0000000 0.0042858 0.0036475 0.0041474 0.3488922 0.0019664 0.0000000 0.0538200 0.0231539 0.0202405 0.0000000 0.0035656 0.0319424 0.0000000
 23 G  23 0.0000000 0.0028013 0.0617822 0.0728853 0.0021818 0.0044589 0.0043206 0.8105105 0.0156727 0.0000000 0.0000000 0.0000000 0.0000000 0.0000000 0.0000000 0.0178104 0.0026054 0.0000000 0.0000000 0.0000000 0.0049710
 24 E  24 0.0440660 0.0000000 0.0062513 0.6152127 0.0066267 0.0823508 0.2217781 0.0000000 0.0000000 0.0000000 0.0027580 0.0000000 0.0023110 0.0000000 0.0000000 0.0125878 0.0031923 0.0000000 0.0028654 0.0000000 0.0000000
 25 K  25 0.0115922 0.0794699 0.0029264 0.0076493 0.0029833 0.0367881 0.0345389 0.0000000 0.0084462 0.3347826 0.1029579 0.0559345 0.0160627 0.0089112 0.0041777 0.0094196 0.0504302 0.0000000 0.0069187 0.2260109 0.0000000
 26 L  26 0.0000000 0.0000000 0.0000000 0.0047326 0.0000000 0.0000000 0.0000000 0.0000000 0.0000000 0.5550643 0.2529422 0.0000000 0.0182998 0.0255129 0.0000000 0.0000000 0.0000000 0.0000000 0.0047805 0.1355205 0.0031472
 27 R  27 0.0256396 0.0565057 0.0313124 0.0360329 0.0047999 0.0634688 0.1408997 0.0015471 0.0360175 0.0339568 0.0675049 0.1105023 0.0364393 0.0111134 0.0000000 0.0306449 0.1439005 0.0000000 0.1013612 0.0446370 0.0237161
 28 V  28 0.0044738 0.0000000 0.0091367 0.0070182 0.0000000 0.0037010 0.0107830 0.0000000 0.0034868 0.2768000 0.0733443 0.0206344 0.0017545 0.0033465 0.0019229 0.0000000 0.0054012 0.0000000 0.0049710 0.5675222 0.0057035
 29 L  29 0.0017919 0.0107033 0.0013291 0.0173834 0.0000000 0.0019224 0.0070288 0.0000000 0.0043832 0.1662393 0.4687377 0.0108874 0.0149578 0.0176649 0.0089984 0.0155600 0.1002897 0.0000000 0.0216851 0.0864152 0.0440224
 30 G  30 0.0143121 0.0642644 0.1173785 0.1560387 0.0017164 0.0455680 0.2163535 0.0253321 0.0042518 0.0013796 0.0126343 0.1363595 0.0000000 0.0172241 0.0062646 0.0651723 0.0324464 0.0000000 0.0156311 0.0025671 0.0651057
 31 Y  31 0.0053403 0.1014497 0.0023220 0.0695877 0.0120609 0.0942409 0.0404803 0.0021808 0.0147881 0.0076363 0.0018324 0.3773653 0.0284357 0.0083675 0.0033612 0.0107832 0.0186596 0.0073454 0.0379547 0.0129564 0.1428517
 32 N  32 0.0154628 0.0106490 0.1202380 0.1519257 0.0041397 0.0520241 0.1819069 0.0144245 0.0036806 0.0048496 0.0193287 0.0485331 0.0084045 0.0012903 0.0022911 0.1648528 0.0882708 0.0000000 0.0031891 0.0185120 0.0860267
 33 H  33 0.0709851 0.0133373 0.0579645 0.2329239 0.0039031 0.0328536 0.1064723 0.0369368 0.0123824 0.0127044 0.0029561 0.0270660 0.0057022 0.0000000 0.0440241 0.1138643 0.0649369 0.0000000 0.0013011 0.0422677 0.1174180
 34 N  34 0.0265726 0.0000000 0.0423466 0.4186332 0.0000000 0.0328522 0.1898981 0.0114102 0.0094319 0.0019775 0.0013586 0.0027501 0.0091949 0.0047947 0.0101354 0.1272742 0.0201190 0.0000000 0.0223397 0.0016144 0.0672968
 35 G  35 0.0222648 0.0109958 0.0415423 0.0900829 0.0016102 0.0723571 0.0578148 0.3469755 0.0042404 0.0000000 0.0025144 0.0473061 0.0060267 0.0000000 0.1936845 0.0340523 0.0081159 0.0000000 0.0000000 0.0079388 0.0524777
 36 E  36 0.0075867 0.0042079 0.1098314 0.2754430 0.0090494 0.0032796 0.1267175 0.1880037 0.0369463 0.0000000 0.0026839 0.0000000 0.0101134 0.0014928 0.0000000 0.0082387 0.0035386 0.0656785 0.0000000 0.0036750 0.1435136
 37 W  37 0.0000000 0.0000000 0.0000000 0.0000000 0.0000000 0.0000000 0.0000000 0.0000000 0.0000000 0.0000000 0.0000000 0.0000000 0.0000000 0.0071053 0.0000000 0.0000000 0.0000000 0.9836998 0.0000000 0.0000000 0.0091949
 38 C  38 0.0031891 0.0057702 0.0000000 0.0000000 0.0376561 0.0000000 0.0000000 0.0093965 0.0000000 0.0152169 0.0663916 0.0052678 0.0103068 0.0358250 0.0000000 0.0208679 0.0194150 0.6656651 0.0933341 0.0034455 0.0082524
 39 E  39 0.0297896 0.1032022 0.0051996 0.0133178 0.0069906 0.0499321 0.1814262 0.0561310 0.0076128 0.0069925 0.0876037 0.2253023 0.0230201 0.0301037 0.0032796 0.0095063 0.1031326 0.0146587 0.0299596 0.0128390 0.0000000
 40 A  40 0.2061391 0.0124450 0.0000000 0.0000000 0.0064969 0.0026838 0.0028344 0.6278213 0.0000000 0.0000000 0.0021053 0.0127790 0.0032639 0.0000000 0.0000000 0.0213474 0.0025546 0.0000000 0.0000000 0.0995292 0.0000000
 41 Q  41 0.0038134 0.2137533 0.0297456 0.0132665 0.0066165 0.0611156 0.2848777 0.0192480 0.0246789 0.0191550 0.0182006 0.0967059 0.0098548 0.0028917 0.0000000 0.0649313 0.0815825 0.0000000 0.0046150 0.0449475 0.0000000
 42 T  42 0.0356732 0.0084917 0.0650539 0.0000000 0.0560656 0.0021712 0.0039070 0.0078639 0.0211813 0.1065996 0.3396568 0.0523674 0.0246277 0.0127054 0.0026533 0.1456101 0.0143230 0.0016104 0.0139745 0.0854639 0.0000000
 43 K  43 0.0147157 0.1446964 0.2531282 0.1134351 0.0067895 0.0370955 0.0200058 0.1047416 0.0530886 0.0000000 0.0025477 0.1239530 0.0015062 0.0049045 0.0035614 0.0342872 0.0736023 0.0000000 0.0059353 0.0020059 0.0000000
 44 N  44 0.0151351 0.0520960 0.0810594 0.0633839 0.0000000 0.0109044 0.0174109 0.6778111 0.0070499 0.0017142 0.0000000 0.0138977 0.0000000 0.0000000 0.0019916 0.0405773 0.0121011 0.0000000 0.0000000 0.0048675 0.0000000
 45 G  45 0.0216874 0.2124290 0.0356173 0.0181411 0.0086038 0.1739602 0.0492988 0.0693426 0.0405447 0.0132006 0.0091257 0.2173998 0.0090518 0.0029561 0.0067701 0.0230915 0.0191248 0.0013273 0.0016496 0.0666778 0.0000000
 46 Q  46 0.0084264 0.0664211 0.0130303 0.0043155 0.0013594 0.0806502 0.2022705 0.0000000 0.0032672 0.0395544 0.0145870 0.0845029 0.0086641 0.0189772 0.0000000 0.0680288 0.2200368 0.0000000 0.0204124 0.1454959 0.0000000
 47 G  47 0.0071803 0.0000000 0.0000000 0.0000000 0.0000000 0.0000000 0.0000000 0.9809602 0.0000000 0.0000000 0.0000000 0.0000000 0.0000000 0.0000000 0.0000000 0.0000000 0.0000000 0.0000000 0.0000000 0.0000000 0.0118596
 48 W  48 0.0021962 0.0000000 0.0038178 0.0000000 0.0014395 0.0101435 0.0000000 0.0000000 0.0000000 0.1086768 0.2956278 0.0020317 0.0237495 0.0875450 0.0013614 0.0117944 0.0036282 0.2447962 0.1294255 0.0551754 0.0185911
 49 V  49 0.0235785 0.0000000 0.0000000 0.0000000 0.0029281 0.0000000 0.0000000 0.0000000 0.0000000 0.1195599 0.0050570 0.0000000 0.0000000 0.6299269 0.0000000 0.0000000 0.0000000 0.0000000 0.0197760 0.1805826 0.0185911
 50 P  50 0.0000000 0.0000000 0.0000000 0.0000000 0.0000000 0.0000000 0.0000000 0.0000000 0.0000000 0.0000000 0.0000000 0.0000000 0.0000000 0.0000000 0.9747240 0.0000000 0.0000000 0.0000000 0.0000000 0.0066849 0.0185911
 51 S  51 0.2596313 0.0363121 0.0154315 0.0054582 0.0173685 0.0064633 0.0283373 0.0792016 0.0026171 0.0089495 0.0273170 0.0890241 0.0012745 0.0000000 0.0058921 0.3601874 0.0174995 0.0000000 0.0049916 0.0154524 0.0185911
 52 N  52 0.0285204 0.0030604 0.7424648 0.0045434 0.0000000 0.0000000 0.0099590 0.0000000 0.0000000 0.0019652 0.0060196 0.0023492 0.0000000 0.0000000 0.0024919 0.1346944 0.0436971 0.0000000 0.0000000 0.0000000 0.0202346
 53 Y  53 0.0000000 0.0000000 0.0000000 0.0000000 0.0000000 0.0000000 0.0000000 0.0000000 0.0258451 0.0000000 0.0000000 0.0000000 0.0000000 0.0701465 0.0000000 0.0044941 0.0000000 0.0000000 0.8670384 0.0040654 0.0284106
 54 I  54 0.0150791 0.0000000 0.0000000 0.0000000 0.0191562 0.0000000 0.0000000 0.0000000 0.0000000 0.1240714 0.0288205 0.0000000 0.0000000 0.0051407 0.0000000 0.0026680 0.0043051 0.0000000 0.0000000 0.7520028 0.0487563
 55 T  55 0.1147391 0.0258452 0.0026480 0.0072992 0.0065050 0.0777052 0.3528233 0.0072664 0.0000000 0.0032639 0.0000000 0.1715105 0.0021832 0.0028900 0.0000000 0.0164258 0.0945545 0.0000000 0.0015330 0.0111750 0.1016328
 56 P  56 0.0143746 0.0316447 0.0028709 0.0054259 0.0000000 0.0051315 0.1240989 0.0000000 0.0000000 0.0385681 0.0534747 0.1156032 0.0392284 0.0000000 0.2228411 0.0252339 0.0090249 0.0000000 0.0020353 0.0389988 0.2714449
 57 V  57 0.0453944 0.0029383 0.0028334 0.0000000 0.0037035 0.0000000 0.0016244 0.0000000 0.0000000 0.2105342 0.0841160 0.0183366 0.0306670 0.0039483 0.0000000 0.0103256 0.0025580 0.0000000 0.0137573 0.1615555 0.4077075
 58 N  58 0.0000000 0.0000000 0.0843898 0.0922095 0.0000000 0.0000000 0.0000000 0.0000000 0.0000000 0.0000000 0.0000000 0.0000000 0.0000000 0.0000000 0.0000000 0.0594488 0.0000000 0.0000000 0.0000000 0.0000000 0.7639520
