   58         A         R         N         D         C         Q         E         G         H         I         L         K         M         F         P         S         T         W         Y         V    
  1 M   1 0.0000000 0.0000000 0.0000000 0.0000000 0.0000000 0.0000000 0.0000000 0.0000000 0.0000000 0.1698974 0.3083836 0.0000000 0.0435215 0.0000000 0.0000000 0.0000000 0.0000000 0.0000000 0.0000000 0.4781975
  2 N   2 0.0358680 0.0343525 0.0641681 0.0663397 0.0127580 0.0162955 0.2764909 0.1196758 0.0319800 0.0000000 0.0000000 0.1066774 0.0000000 0.0000000 0.0192329 0.0488061 0.1390610 0.0000000 0.0000000 0.0282941
  3 L   3 0.0031511 0.0512642 0.0033214 0.0000000 0.0000000 0.0043431 0.0033911 0.0000000 0.0000000 0.1147132 0.2020767 0.0981765 0.0348809 0.0695040 0.0035189 0.0105635 0.1000944 0.0093800 0.1333573 0.1582638
  4 F   4 0.0470269 0.0000000 0.0000000 0.0000000 0.0118300 0.0000000 0.0000000 0.0000000 0.0000000 0.0000000 0.0136340 0.0080871 0.0074954 0.1234348 0.0000000 0.0000000 0.0000000 0.0161867 0.2092123 0.5630929
  5 V   5 0.0051395 0.2365761 0.0000000 0.0000000 0.0060821 0.0503672 0.0132556 0.0000000 0.0000000 0.2009026 0.0094588 0.0954306 0.0150697 0.0050826 0.0000000 0.0025639 0.0739958 0.0000000 0.0168244 0.2692512
  6 A   6 0.8847393 0.0000000 0.0000000 0.0000000 0.0053805 0.0000000 0.0000000 0.0153612 0.0000000 0.0000000 0.0000000 0.0000000 0.0000000 0.0000000 0.0000000 0.0051805 0.0153038 0.0000000 0.0000000 0.0740346
  7 L   7 0.0133419 0.0303082 0.0060781 0.0000000 0.0035094 0.0216676 0.0196420 0.0000000 0.0000000 0.0934898 0.6381846 0.0705367 0.0516042 0.0000000 0.0000000 0.0027400 0.0049186 0.0000000 0.0000000 0.0439790
  8 Y   8 0.0063412 0.0000000 0.0000000 0.0000000 0.0123789 0.0000000 0.0000000 0.0091563 0.0427394 0.0000000 0.0000000 0.0000000 0.0000000 0.1270720 0.0000000 0.0000000 0.0000000 0.0172575 0.7806449 0.0044098
  9 D   9 0.0520825 0.0058409 0.0491899 0.6131187 0.0000000 0.0122079 0.0328379 0.0015919 0.0028584 0.0000000 0.0000000 0.0053484 0.0000000 0.0000000 0.1097435 0.0700331 0.0384788 0.0000000 0.0038336 0.0028344
 10 F  10 0.0000000 0.0000000 0.0000000 0.0000000 0.0044172 0.0000000 0.0000000 0.0000000 0.0000000 0.0000000 0.0079835 0.0000000 0.0000000 0.4190269 0.0000000 0.0000000 0.0000000 0.0347814 0.5337909 0.0000000
 11 V  11 0.0608136 0.0342409 0.0345442 0.1120742 0.0135516 0.0905290 0.2582200 0.0075166 0.0075274 0.0169602 0.0095093 0.0552889 0.0174235 0.0012590 0.0034249 0.0482327 0.1712551 0.0000000 0.0060782 0.0515508
 12 A  12 0.5998797 0.0379492 0.0031777 0.0000000 0.0000000 0.0154719 0.0000000 0.1131486 0.0000000 0.0000000 0.0000000 0.0179077 0.0000000 0.0000000 0.1173582 0.0920841 0.0030229 0.0000000 0.0000000 0.0000000
 13 S  13 0.0619944 0.1608472 0.0282208 0.0498582 0.0035716 0.2850615 0.0669826 0.0209878 0.0095992 0.0114184 0.0121313 0.0373087 0.0053524 0.0000000 0.0067319 0.0864559 0.1209745 0.0032682 0.0000000 0.0292354
 14 G  14 0.0626285 0.0295040 0.1484181 0.0618218 0.0119470 0.0520841 0.2338847 0.0995984 0.0368009 0.0072601 0.0046998 0.0617078 0.0095324 0.0070677 0.0018371 0.0676767 0.1035309 0.0000000 0.0000000 0.0000000
 15 D  15 0.0836402 0.0164299 0.0338006 0.2402983 0.0020650 0.0435896 0.2323563 0.0083760 0.0302015 0.0039151 0.0041709 0.0171994 0.0091617 0.0014184 0.1246675 0.1031235 0.0324135 0.0000000 0.0011850 0.0119877
 16 N  16 0.0022164 0.0109929 0.1225834 0.4594365 0.0000000 0.0247995 0.1131389 0.1939860 0.0000000 0.0000000 0.0017149 0.0059867 0.0040026 0.0000000 0.0000000 0.0254630 0.0282989 0.0000000 0.0037975 0.0035827
 17 T  17 0.0031275 0.0000000 0.0000000 0.2102955 0.0079675 0.0580526 0.6595537 0.0000000 0.0398983 0.0000000 0.0000000 0.0000000 0.0000000 0.0000000 0.0000000 0.0086010 0.0125038 0.0000000 0.0000000 0.0000000
 18 L  18 0.0000000 0.0000000 0.0000000 0.0000000 0.0000000 0.0000000 0.0000000 0.0000000 0.0000000 0.0558215 0.8943978 0.0000000 0.0138089 0.0000000 0.0000000 0.0000000 0.0000000 0.0000000 0.0000000 0.0359719
 19 S  19 0.0498439 0.0069666 0.0337471 0.0255482 0.0157600 0.0144346 0.0331684 0.0411182 0.0055126 0.0030672 0.0036404 0.0030541 0.0013412 0.0000000 0.0160280 0.5381852 0.1810226 0.0000000 0.0055527 0.0220088
 20 I  20 0.0000000 0.0000000 0.0000000 0.0000000 0.0033667 0.0000000 0.0000000 0.0000000 0.0000000 0.1018645 0.1776025 0.0000000 0.0081365 0.6769861 0.0000000 0.0000000 0.0000000 0.0000000 0.0000000 0.0320438
 21 T  21 0.0373275 0.1555021 0.0742548 0.0135419 0.0125253 0.1027440 0.0609498 0.0131686 0.0418731 0.0044051 0.0263738 0.2390183 0.0092312 0.0105600 0.0092695 0.0905307 0.0646719 0.0000000 0.0065043 0.0275480
 22 K  22 0.1164697 0.0935843 0.0000000 0.0015445 0.0039357 0.0426007 0.2477563 0.0000000 0.0043777 0.0037586 0.0041065 0.3463305 0.0020238 0.0000000 0.0531570 0.0237187 0.0204380 0.0000000 0.0036933 0.0325046
 23 G  23 0.0000000 0.0029829 0.0501485 0.0715280 0.0023952 0.0047692 0.0045761 0.8237898 0.0189561 0.0000000 0.0000000 0.0000000 0.0000000 0.0000000 0.0000000 0.0180037 0.0028505 0.0000000 0.0000000 0.0000000
 24 E  24 0.0459911 0.0000000 0.0065219 0.6216488 0.0067898 0.0692564 0.2253760 0.0000000 0.0000000 0.0000000 0.0028027 0.0000000 0.0023810 0.0000000 0.0000000 0.0131872 0.0031231 0.0000000 0.0029219 0.0000000
 25 K  25 0.0093055 0.0859100 0.0030240 0.0077106 0.0029893 0.0381059 0.0351646 0.0000000 0.0087700 0.3327777 0.1048746 0.0592188 0.0151881 0.0077185 0.0042138 0.0044059 0.0490923 0.0000000 0.0072200 0.2243106
 26 L  26 0.0000000 0.0000000 0.0000000 0.0044351 0.0000000 0.0000000 0.0000000 0.0000000 0.0000000 0.5560690 0.2465782 0.0000000 0.0194369 0.0275656 0.0000000 0.0000000 0.0000000 0.0000000 0.0052215 0.1406936
 27 R  27 0.0277072 0.0610055 0.0335484 0.0369127 0.0051372 0.0640682 0.1420442 0.0022805 0.0405320 0.0351086 0.0681818 0.1048386 0.0384632 0.0097631 0.0000000 0.0293944 0.1500287 0.0000000 0.1069554 0.0440302
 28 V  28 0.0046660 0.0000000 0.0107550 0.0051058 0.0000000 0.0038348 0.0139094 0.0000000 0.0038024 0.2851891 0.0673125 0.0219959 0.0018781 0.0035770 0.0019918 0.0000000 0.0056796 0.0000000 0.0036577 0.5666450
 29 L  29 0.0019694 0.0111982 0.0014610 0.0186805 0.0000000 0.0019030 0.0079359 0.0000000 0.0047878 0.1781375 0.4843855 0.0114386 0.0154166 0.0192858 0.0099378 0.0164705 0.0984830 0.0000000 0.0238671 0.0946416
 30 G  30 0.0093414 0.0693263 0.1184505 0.1701725 0.0019587 0.0482293 0.2396399 0.0280532 0.0048172 0.0015144 0.0123185 0.1418011 0.0000000 0.0164072 0.0071592 0.0739467 0.0366372 0.0000000 0.0173946 0.0028321
 31 Y  31 0.0024083 0.1146489 0.0029068 0.0787854 0.0136218 0.1105546 0.0509430 0.0026398 0.0188144 0.0093632 0.0022344 0.4401807 0.0347232 0.0100132 0.0040631 0.0124033 0.0228015 0.0095495 0.0433098 0.0160351
 32 N  32 0.0210186 0.0081332 0.1372066 0.1562209 0.0047483 0.0520067 0.1937457 0.0153221 0.0038078 0.0057268 0.0220914 0.0498535 0.0098597 0.0014831 0.0026686 0.1887637 0.1000419 0.0000000 0.0032888 0.0240126
 33 H  33 0.0814875 0.0153476 0.0683740 0.2651971 0.0045191 0.0371143 0.1044781 0.0429920 0.0151695 0.0159794 0.0034125 0.0311205 0.0066667 0.0000000 0.0516063 0.1300190 0.0752246 0.0000000 0.0015297 0.0497623
 34 N  34 0.0294013 0.0000000 0.0496400 0.4358348 0.0000000 0.0361690 0.2144585 0.0115796 0.0105607 0.0022052 0.0015269 0.0030644 0.0038282 0.0055113 0.0100796 0.1363248 0.0222359 0.0000000 0.0257382 0.0018415
 35 G  35 0.0242722 0.0115232 0.0439039 0.0997601 0.0017828 0.0718531 0.0645855 0.3699613 0.0046361 0.0000000 0.0027331 0.0466658 0.0068572 0.0000000 0.1990712 0.0357187 0.0082752 0.0000000 0.0000000 0.0084009
 36 E  36 0.0087964 0.0044399 0.1302409 0.3208922 0.0104585 0.0039679 0.1459127 0.2260806 0.0269362 0.0000000 0.0032557 0.0000000 0.0121385 0.0018186 0.0000000 0.0099233 0.0043917 0.0863845 0.0000000 0.0043622
 37 W  37 0.0000000 0.0000000 0.0000000 0.0000000 0.0000000 0.0000000 0.0000000 0.0000000 0.0000000 0.0000000 0.0000000 0.0000000 0.0000000 0.0100908 0.0000000 0.0000000 0.0000000 0.9899092 0.0000000 0.0000000
 38 C  38 0.0030194 0.0060558 0.0000000 0.0000000 0.0405541 0.0000000 0.0000000 0.0125809 0.0000000 0.0185224 0.0672258 0.0055185 0.0110962 0.0371090 0.0000000 0.0183199 0.0196909 0.6707092 0.0858944 0.0037036
 39 E  39 0.0315458 0.1074809 0.0053209 0.0142469 0.0072894 0.0434926 0.1828117 0.0621923 0.0078404 0.0071584 0.0831024 0.2138068 0.0243948 0.0313052 0.0034185 0.0080507 0.1101458 0.0122399 0.0307515 0.0134050
 40 A  40 0.2040043 0.0069228 0.0000000 0.0000000 0.0060365 0.0027674 0.0028744 0.6348505 0.0000000 0.0000000 0.0021263 0.0139268 0.0033758 0.0000000 0.0000000 0.0220326 0.0026113 0.0000000 0.0000000 0.0984713
 41 Q  41 0.0031634 0.2094583 0.0334918 0.0153544 0.0068902 0.0575721 0.2781575 0.0198081 0.0259941 0.0202277 0.0130022 0.1013985 0.0098716 0.0029441 0.0000000 0.0656298 0.0860454 0.0000000 0.0033564 0.0476344
 42 T  42 0.0375109 0.0086767 0.0581530 0.0000000 0.0566426 0.0022437 0.0039394 0.0082616 0.0161688 0.1059802 0.3346715 0.0543089 0.0259595 0.0130595 0.0023940 0.1547543 0.0149361 0.0016475 0.0143610 0.0863308
 43 K  43 0.0107181 0.1441751 0.2521355 0.1076846 0.0069777 0.0384823 0.0210014 0.1018966 0.0530908 0.0000000 0.0025907 0.1264004 0.0015050 0.0050063 0.0035966 0.0387299 0.0779553 0.0000000 0.0060037 0.0020501
 44 N  44 0.0143455 0.0476116 0.0816040 0.0613622 0.0000000 0.0111618 0.0175219 0.6819715 0.0072985 0.0017259 0.0000000 0.0145962 0.0000000 0.0000000 0.0020241 0.0414145 0.0122111 0.0000000 0.0000000 0.0051512
 45 G  45 0.0235918 0.2161852 0.0374853 0.0172537 0.0091616 0.1782105 0.0450532 0.0682074 0.0301059 0.0137795 0.0094977 0.2249764 0.0058012 0.0030237 0.0072084 0.0179799 0.0200976 0.0013603 0.0016386 0.0693821
 46 Q  46 0.0084555 0.0690299 0.0076101 0.0044493 0.0013693 0.0847655 0.1931606 0.0000000 0.0033071 0.0333059 0.0151732 0.0877839 0.0088828 0.0199764 0.0000000 0.0668030 0.2309795 0.0000000 0.0183815 0.1465666
 47 G  47 0.0100550 0.0000000 0.0000000 0.0000000 0.0000000 0.0000000 0.0000000 0.9899450 0.0000000 0.0000000 0.0000000 0.0000000 0.0000000 0.0000000 0.0000000 0.0000000 0.0000000 0.0000000 0.0000000 0.0000000
 48 W  48 0.0022705 0.0000000 0.0039817 0.0000000 0.0015528 0.0104184 0.0000000 0.0000000 0.0000000 0.1094574 0.3137097 0.0021472 0.0238596 0.0828899 0.0014424 0.0118756 0.0037992 0.2466133 0.1291412 0.0568411
 49 V  49 0.0240339 0.0000000 0.0000000 0.0000000 0.0032124 0.0000000 0.0000000 0.0000000 0.0000000 0.1241128 0.0054710 0.0000000 0.0000000 0.6405105 0.0000000 0.0000000 0.0000000 0.0000000 0.0210205 0.1816389
 50 P  50 0.0000000 0.0000000 0.0000000 0.0000000 0.0000000 0.0000000 0.0000000 0.0000000 0.0000000 0.0000000 0.0000000 0.0000000 0.0000000 0.0000000 0.9903868 0.0000000 0.0000000 0.0000000 0.0000000 0.0096132
 51 S  51 0.2644388 0.0372153 0.0161774 0.0058160 0.0144911 0.0058283 0.0298137 0.0805419 0.0027476 0.0089838 0.0291907 0.0812936 0.0013383 0.0000000 0.0053018 0.3805400 0.0147275 0.0000000 0.0052875 0.0162668
 52 N  52 0.0274545 0.0032715 0.7692079 0.0046154 0.0000000 0.0000000 0.0092322 0.0000000 0.0000000 0.0021488 0.0068300 0.0025363 0.0000000 0.0000000 0.0026213 0.1272552 0.0448271 0.0000000 0.0000000 0.0000000
 53 Y  53 0.0000000 0.0000000 0.0000000 0.0000000 0.0000000 0.0000000 0.0000000 0.0000000 0.0218140 0.0000000 0.0000000 0.0000000 0.0000000 0.0727574 0.0000000 0.0050960 0.0000000 0.0000000 0.8955782 0.0047544
 54 I  54 0.0165616 0.0000000 0.0000000 0.0000000 0.0210060 0.0000000 0.0000000 0.0000000 0.0000000 0.1281806 0.0308765 0.0000000 0.0000000 0.0059850 0.0000000 0.0030417 0.0048399 0.0000000 0.0000000 0.7895087
 55 T  55 0.1274559 0.0293117 0.0030540 0.0079633 0.0076202 0.0887855 0.3955809 0.0083790 0.0000000 0.0036649 0.0000000 0.1830936 0.0025865 0.0033473 0.0000000 0.0193697 0.1071391 0.0000000 0.0017710 0.0108774
 56 P  56 0.0148258 0.0439857 0.0040589 0.0074947 0.0000000 0.0072520 0.1741040 0.0000000 0.0000000 0.0525795 0.0705260 0.1605786 0.0543185 0.0000000 0.3034589 0.0356106 0.0125547 0.0000000 0.0029391 0.0557131
 57 V  57 0.0718607 0.0049990 0.0049360 0.0000000 0.0062597 0.0000000 0.0027743 0.0000000 0.0000000 0.3548382 0.1445402 0.0315309 0.0547577 0.0069005 0.0000000 0.0180214 0.0044102 0.0000000 0.0238215 0.2703498
 58 N  58 0.0000000 0.0000000 0.3515894 0.3932908 0.0000000 0.0000000 0.0000000 0.0000000 0.0000000 0.0000000 0.0000000 0.0000000 0.0000000 0.0000000 0.0000000 0.2551198 0.0000000 0.0000000 0.0000000 0.0000000
