  127         A         R         N         D         C         Q         E         G         H         I         L         K         M         F         P         S         T         W         Y         V    
  1 M   1 0.0000000 0.0000000 0.0000000 0.0000000 0.0000000 0.0000000 0.0000000 0.0000000 0.0000000 0.0000000 0.2511722 0.0000000 0.7488278 0.0000000 0.0000000 0.0000000 0.0000000 0.0000000 0.0000000 0.0000000
  2 M   2 0.1726282 0.2126200 0.0174831 0.0000000 0.0000000 0.0138541 0.0083407 0.0123354 0.0062970 0.0058845 0.0000000 0.0295402 0.3311275 0.0109547 0.0083535 0.0573031 0.0095851 0.0000000 0.0220246 0.0816683
  3 I   3 0.0045378 0.0000000 0.0100029 0.0000000 0.0568024 0.0153202 0.0000000 0.0000000 0.0000000 0.1758351 0.1969377 0.0000000 0.1657518 0.0103902 0.0000000 0.0000000 0.0108534 0.0000000 0.0000000 0.3535687
  4 R   4 0.0000000 0.7196145 0.0000000 0.0000000 0.0226576 0.0226947 0.0000000 0.0000000 0.0346099 0.0069312 0.0095956 0.0377070 0.0000000 0.0747190 0.0000000 0.0000000 0.0056840 0.0104476 0.0209766 0.0343622
  5 G   5 0.4259228 0.0000000 0.0000000 0.0000000 0.0000000 0.0000000 0.0000000 0.5226499 0.0000000 0.0000000 0.0000000 0.0000000 0.0000000 0.0000000 0.0000000 0.0415343 0.0000000 0.0000000 0.0000000 0.0098930
  6 I   6 0.0000000 0.0000000 0.0000000 0.0000000 0.0000000 0.0000000 0.0000000 0.0000000 0.0000000 0.6333573 0.1431840 0.0000000 0.0000000 0.0000000 0.0000000 0.0000000 0.0000000 0.0000000 0.0000000 0.2234587
  7 R   7 0.0000000 1.0000000 0.0000000 0.0000000 0.0000000 0.0000000 0.0000000 0.0000000 0.0000000 0.0000000 0.0000000 0.0000000 0.0000000 0.0000000 0.0000000 0.0000000 0.0000000 0.0000000 0.0000000 0.0000000
  8 G   8 0.0147911 0.0000000 0.0000000 0.0000000 0.0000000 0.0000000 0.0000000 0.9852089 0.0000000 0.0000000 0.0000000 0.0000000 0.0000000 0.0000000 0.0000000 0.0000000 0.0000000 0.0000000 0.0000000 0.0000000
  9 A   9 0.9832234 0.0000000 0.0000000 0.0000000 0.0000000 0.0000000 0.0000000 0.0167766 0.0000000 0.0000000 0.0000000 0.0000000 0.0000000 0.0000000 0.0000000 0.0000000 0.0000000 0.0000000 0.0000000 0.0000000
 10 T  10 0.0000000 0.0000000 0.0047863 0.0000000 0.0072875 0.0000000 0.0000000 0.0000000 0.0000000 0.2734010 0.0000000 0.0000000 0.0000000 0.0000000 0.0000000 0.0000000 0.5727861 0.0000000 0.0000000 0.1417390
 11 T  11 0.0000000 0.0000000 0.0083899 0.0044260 0.0603993 0.1360761 0.0000000 0.0306929 0.0000000 0.0000000 0.0000000 0.0033648 0.0000000 0.0000000 0.0000000 0.0512038 0.6798887 0.0000000 0.0000000 0.0255584
 12 V  12 0.1303603 0.0000000 0.0000000 0.0000000 0.0913355 0.0000000 0.0000000 0.0000000 0.0000000 0.1080466 0.0889696 0.0000000 0.0000000 0.0000000 0.0000000 0.0273618 0.0108917 0.0000000 0.0000000 0.5430346
 13 E  13 0.0366084 0.0073629 0.0270102 0.1519626 0.0000000 0.0319106 0.3747277 0.0281407 0.0000000 0.0039789 0.0326153 0.0299672 0.0032327 0.0000000 0.0298939 0.1410725 0.0823521 0.0000000 0.0000000 0.0191642
 14 R  14 0.1627566 0.1567135 0.0318129 0.0396544 0.0064112 0.0617964 0.2983361 0.0439678 0.0216459 0.0000000 0.0038416 0.0745109 0.0000000 0.0000000 0.0000000 0.0482542 0.0222857 0.0000000 0.0000000 0.0280128
 15 D  15 0.0000000 0.0000000 0.6868161 0.3131839 0.0000000 0.0000000 0.0000000 0.0000000 0.0000000 0.0000000 0.0000000 0.0000000 0.0000000 0.0000000 0.0000000 0.0000000 0.0000000 0.0000000 0.0000000 0.0000000
 16 T  16 0.0137991 0.0197812 0.0414118 0.1270759 0.0165814 0.0161530 0.1644254 0.0069672 0.0112118 0.0000000 0.0000000 0.0145745 0.0046082 0.0000000 0.0000000 0.2076134 0.3439509 0.0000000 0.0000000 0.0118462
 17 E  17 0.1976797 0.1541731 0.0000000 0.0048042 0.0032162 0.0258387 0.1366435 0.0058623 0.0000000 0.0452586 0.0000000 0.1399531 0.0000000 0.0000000 0.1381421 0.0378327 0.0292453 0.0000000 0.0000000 0.0813504
 18 E  18 0.0701870 0.0115216 0.0153746 0.1009390 0.0037278 0.0624914 0.4958173 0.0506931 0.0000000 0.0142669 0.0000000 0.0760954 0.0082858 0.0000000 0.0151485 0.0256376 0.0320367 0.0000000 0.0000000 0.0177773
 19 E  19 0.3145748 0.0000000 0.0186714 0.1049533 0.0000000 0.0353730 0.3606873 0.0000000 0.0744856 0.0000000 0.0296821 0.0000000 0.0000000 0.0027151 0.0031735 0.0357406 0.0000000 0.0000000 0.0145513 0.0053920
 20 I  20 0.0000000 0.0000000 0.0000000 0.0000000 0.0000000 0.0000000 0.0000000 0.0000000 0.0000000 0.7994898 0.0364085 0.0000000 0.0842100 0.0000000 0.0000000 0.0000000 0.0000000 0.0000000 0.0000000 0.0798918
 21 L  21 0.0452399 0.1516908 0.0000000 0.0468983 0.0062322 0.0270068 0.0840284 0.0204413 0.0148391 0.0843799 0.2710512 0.0348535 0.0000000 0.0354872 0.0000000 0.0234279 0.0369576 0.0420683 0.0113443 0.0640532
 22 Q  22 0.1415119 0.0646943 0.0349587 0.0968045 0.0042206 0.0863003 0.3121888 0.0132436 0.0151702 0.0046535 0.0191107 0.0569152 0.0000000 0.0000000 0.0000000 0.1104549 0.0356308 0.0000000 0.0000000 0.0041418
 23 K  23 0.6267305 0.0681247 0.0346218 0.0175537 0.0102055 0.0480683 0.0356488 0.0436867 0.0038463 0.0041970 0.0000000 0.0530660 0.0000000 0.0000000 0.0000000 0.0386916 0.0031573 0.0000000 0.0000000 0.0124016
 24 T  24 0.0498278 0.0000000 0.0000000 0.0000000 0.0000000 0.0000000 0.0000000 0.0000000 0.0000000 0.0087412 0.0000000 0.0000000 0.0000000 0.0000000 0.0000000 0.0325303 0.5348333 0.0000000 0.0000000 0.3740674
 25 K  25 0.0628817 0.1676535 0.0157515 0.0119316 0.0315375 0.0938525 0.0750693 0.0439322 0.0244388 0.0588990 0.0369096 0.1226676 0.0058829 0.0042582 0.0000000 0.0724412 0.0881689 0.0000000 0.0066136 0.0771104
 26 Q  26 0.0570913 0.0350330 0.0114965 0.0131621 0.0000000 0.0486540 0.6711088 0.0037983 0.0000000 0.0085217 0.0105842 0.0549448 0.0129078 0.0000000 0.0000000 0.0382759 0.0254958 0.0046082 0.0000000 0.0043175
 27 L  27 0.0147452 0.0000000 0.0000000 0.0000000 0.0000000 0.0000000 0.0000000 0.0000000 0.0000000 0.0075260 0.9046678 0.0000000 0.0730610 0.0000000 0.0000000 0.0000000 0.0000000 0.0000000 0.0000000 0.0000000
 28 L  28 0.0052231 0.0000000 0.0000000 0.0000000 0.0312219 0.0000000 0.0000000 0.0000000 0.0000000 0.0834138 0.5348333 0.0000000 0.0732937 0.0582591 0.0000000 0.0000000 0.0000000 0.0071280 0.0629253 0.1437016
 29 E  29 0.0634821 0.0917392 0.0494875 0.1437040 0.0043633 0.0952438 0.1428419 0.0135899 0.0255405 0.0032016 0.0543956 0.0596010 0.0043476 0.0000000 0.0082858 0.0763138 0.1387821 0.0000000 0.0000000 0.0250804
 30 K  30 0.1972258 0.0417927 0.0074222 0.0168161 0.0034690 0.0830230 0.3743077 0.0349898 0.0105498 0.0000000 0.0403980 0.0765799 0.0124812 0.0000000 0.0000000 0.0535340 0.0302445 0.0000000 0.0000000 0.0171664
 31 I  31 0.0000000 0.0000000 0.0000000 0.0000000 0.0000000 0.0000000 0.0000000 0.0000000 0.0000000 0.3822343 0.2735788 0.0000000 0.2140286 0.0148937 0.0000000 0.0000000 0.0061924 0.0000000 0.0000000 0.1090723
 32 I  32 0.0233832 0.0000000 0.0000000 0.0000000 0.0207209 0.0108412 0.0898848 0.0000000 0.0000000 0.2324959 0.2841747 0.0000000 0.0860118 0.0490814 0.0000000 0.0000000 0.0070107 0.0000000 0.0027455 0.1936499
 33 E  33 0.0814757 0.1548306 0.0390266 0.0549859 0.0031571 0.0473711 0.2698442 0.0090153 0.0168316 0.0169990 0.0259008 0.1012786 0.0029286 0.0000000 0.0000000 0.1023952 0.0594046 0.0000000 0.0000000 0.0145553
 34 E  34 0.1532971 0.3239658 0.0251343 0.0063237 0.0063481 0.0891296 0.1761306 0.0039119 0.0306012 0.0064093 0.0564589 0.0591704 0.0049211 0.0000000 0.0000000 0.0111877 0.0169655 0.0000000 0.0033902 0.0266548
 35 N  35 0.0000000 0.0000000 1.0000000 0.0000000 0.0000000 0.0000000 0.0000000 0.0000000 0.0000000 0.0000000 0.0000000 0.0000000 0.0000000 0.0000000 0.0000000 0.0000000 0.0000000 0.0000000 0.0000000 0.0000000
 36 H  36 0.0596158 0.0292003 0.0974134 0.1566244 0.0000000 0.1079308 0.1239650 0.2013257 0.0179739 0.0000000 0.0000000 0.1106585 0.0000000 0.0000000 0.0084934 0.0824593 0.0000000 0.0000000 0.0000000 0.0043396
 37 T  37 0.0086574 0.0000000 0.0000000 0.0000000 0.0078492 0.0000000 0.0000000 0.0000000 0.0000000 0.3505092 0.5066784 0.0000000 0.0000000 0.0266859 0.0000000 0.0000000 0.0082580 0.0000000 0.0052071 0.0861548
 38 K  38 0.0654703 0.0222251 0.0600480 0.1613260 0.0083001 0.0919472 0.1046591 0.0180984 0.0346418 0.0220321 0.0129595 0.1399923 0.0000000 0.0000000 0.0110718 0.1109120 0.0889530 0.0000000 0.0000000 0.0473631
 39 P  39 0.1033930 0.0238599 0.0045721 0.0000000 0.0000000 0.0039124 0.1416614 0.0259146 0.0121893 0.0254402 0.0415240 0.0475725 0.0000000 0.0182377 0.3481108 0.0704179 0.0590399 0.0000000 0.0025865 0.0715678
 40 E  40 0.0760047 0.0147394 0.0296888 0.2326273 0.0000000 0.0259362 0.4418055 0.0078782 0.0038886 0.0000000 0.0000000 0.0524950 0.0000000 0.0000000 0.0142218 0.0544556 0.0371062 0.0000000 0.0091527 0.0000000
 41 D  41 0.0196000 0.0159928 0.0365339 0.6870968 0.0034261 0.0946813 0.1077974 0.0000000 0.0000000 0.0000000 0.0035833 0.0128912 0.0040866 0.0000000 0.0000000 0.0031601 0.0000000 0.0039703 0.0030982 0.0040818
 42 V  42 0.0000000 0.0000000 0.0000000 0.0000000 0.0000000 0.0000000 0.0000000 0.0000000 0.0000000 0.5323188 0.1728686 0.0000000 0.0267895 0.0172451 0.0000000 0.0000000 0.0000000 0.0000000 0.0000000 0.2507780
 43 V  43 0.1941440 0.0000000 0.0000000 0.0000000 0.0251179 0.0000000 0.0000000 0.0649300 0.0082240 0.2567731 0.0391121 0.0000000 0.0000000 0.0000000 0.0000000 0.0385643 0.0132267 0.0000000 0.0000000 0.3599077
 44 Q  44 0.0742879 0.0000000 0.0301026 0.0000000 0.0325967 0.0462354 0.0000000 0.0047410 0.0109079 0.0000000 0.0063481 0.0000000 0.0069760 0.0412191 0.0000000 0.7399241 0.0000000 0.0066612 0.0000000 0.0000000
 45 M  45 0.1480213 0.0000000 0.0000000 0.0000000 0.0164031 0.0000000 0.0000000 0.0000000 0.0000000 0.3417342 0.0701619 0.0000000 0.0304561 0.0091028 0.0000000 0.0000000 0.0062531 0.0000000 0.0000000 0.3778676
 46 L  46 0.0000000 0.0000000 0.0000000 0.0000000 0.0000000 0.0550809 0.0000000 0.0000000 0.0211376 0.3179922 0.1752635 0.0000000 0.0045780 0.1662177 0.0000000 0.0000000 0.1606552 0.0785837 0.0086870 0.0118044
 47 L  47 0.0000000 0.0000000 0.0000000 0.0000000 0.0155816 0.0000000 0.0000000 0.0000000 0.0000000 0.1609483 0.0245743 0.0000000 0.0086904 0.7631556 0.0000000 0.0000000 0.0135773 0.0000000 0.0000000 0.0134725
 48 S  48 0.0000000 0.0000000 0.0000000 0.0000000 0.0000000 0.0000000 0.0000000 0.0082157 0.0000000 0.0000000 0.0000000 0.0000000 0.0000000 0.0000000 0.0000000 0.3733927 0.6183916 0.0000000 0.0000000 0.0000000
 49 A  49 0.2444189 0.0000000 0.0000000 0.0000000 0.0451750 0.0345884 0.0000000 0.0000000 0.0000000 0.0000000 0.0539446 0.0000000 0.0655901 0.0000000 0.0000000 0.0188551 0.0871738 0.0000000 0.0000000 0.4502542
 50 T  50 0.0000000 0.0000000 0.0000000 0.0000000 0.0000000 0.0000000 0.0000000 0.0000000 0.0000000 0.0000000 0.0000000 0.0000000 0.0000000 0.0000000 0.0000000 0.0252709 0.9747291 0.0000000 0.0000000 0.0000000
 51 P  51 0.0728043 0.0668116 0.0443654 0.0690959 0.0000000 0.0604276 0.0911345 0.0239374 0.0245962 0.0000000 0.0029917 0.1316581 0.0000000 0.0000000 0.2998643 0.0882178 0.0159632 0.0000000 0.0000000 0.0081319
 52 D  52 0.0000000 0.0000000 0.0083334 0.9734108 0.0000000 0.0000000 0.0182557 0.0000000 0.0000000 0.0000000 0.0000000 0.0000000 0.0000000 0.0000000 0.0000000 0.0000000 0.0000000 0.0000000 0.0000000 0.0000000
 53 L  53 0.0000000 0.0000000 0.0000000 0.0000000 0.0000000 0.0000000 0.0000000 0.0000000 0.0000000 0.2115471 0.7547851 0.0000000 0.0000000 0.0000000 0.0080086 0.0000000 0.0000000 0.0000000 0.0000000 0.0256591
 54 H  54 0.0000000 0.0267489 0.2008392 0.3273037 0.0045815 0.0000000 0.0038240 0.0000000 0.1049213 0.0028708 0.0000000 0.0537099 0.0000000 0.0127792 0.0000000 0.0348776 0.2047634 0.0000000 0.0000000 0.0227806
 55 A  55 0.6202341 0.0118610 0.0000000 0.0106660 0.0089183 0.0176526 0.0000000 0.0000000 0.0000000 0.0000000 0.0000000 0.0312910 0.0000000 0.0000000 0.0000000 0.2571947 0.0166266 0.0000000 0.0000000 0.0255558
 56 V  56 0.2809529 0.0278756 0.0000000 0.0889393 0.0874029 0.0152478 0.1227540 0.0404268 0.0000000 0.0683458 0.0512572 0.0162034 0.0296271 0.0000000 0.0000000 0.0073652 0.0765295 0.0000000 0.0157744 0.0712979
 57 F  57 0.0000000 0.0000000 0.1319306 0.0000000 0.0000000 0.0000000 0.0000000 0.0000000 0.0046687 0.0000000 0.0000000 0.0000000 0.0000000 0.7540462 0.0000000 0.0000000 0.0000000 0.0000000 0.0927272 0.0166273
 58 P  58 0.0182227 0.0000000 0.0000000 0.0000000 0.0000000 0.0000000 0.0000000 0.0000000 0.0000000 0.0000000 0.0000000 0.0000000 0.0000000 0.0000000 0.9817773 0.0000000 0.0000000 0.0000000 0.0000000 0.0000000
 59 A  59 0.8771112 0.0000000 0.0000000 0.0000000 0.0000000 0.0000000 0.0000000 0.0473205 0.0000000 0.0075730 0.0000000 0.0000000 0.0000000 0.0000000 0.0276936 0.0266822 0.0136194 0.0000000 0.0000000 0.0000000
 60 K  60 0.2887808 0.0484166 0.0000000 0.0000000 0.0000000 0.0458856 0.0629249 0.0000000 0.0000000 0.0166997 0.0877959 0.1623672 0.0000000 0.0070495 0.0000000 0.0661538 0.1023190 0.0000000 0.0262092 0.0853978
 61 A  61 0.6201401 0.0054426 0.0000000 0.0000000 0.0000000 0.0000000 0.0122611 0.0631312 0.0000000 0.1548141 0.0187894 0.0000000 0.0041652 0.0290113 0.0069203 0.0286706 0.0132110 0.0000000 0.0113813 0.0320619
 62 V  62 0.5726356 0.0000000 0.0000000 0.0000000 0.0041356 0.0000000 0.0000000 0.0034276 0.0000000 0.0751748 0.2237389 0.0000000 0.0117595 0.0081938 0.0000000 0.0000000 0.0000000 0.0000000 0.0000000 0.1009342
 63 R  63 0.0110560 0.9889440 0.0000000 0.0000000 0.0000000 0.0000000 0.0000000 0.0000000 0.0000000 0.0000000 0.0000000 0.0000000 0.0000000 0.0000000 0.0000000 0.0000000 0.0000000 0.0000000 0.0000000 0.0000000
 64 E  64 0.0220061 0.1382566 0.0246346 0.0267622 0.0000000 0.1814096 0.2656765 0.0272759 0.0326483 0.0000000 0.0168043 0.1592883 0.0000000 0.0044513 0.0034167 0.0572457 0.0224086 0.0000000 0.0000000 0.0177152
 65 L  65 0.0321134 0.1276750 0.0230979 0.0061384 0.0248624 0.0239572 0.0031751 0.0444737 0.0172477 0.1260847 0.3550819 0.0207293 0.0957533 0.0367452 0.0000000 0.0058296 0.0261016 0.0055521 0.0000000 0.0253816
 66 S  66 0.0792433 0.0330392 0.0399622 0.0766477 0.0000000 0.0281366 0.1061630 0.0964306 0.0165546 0.0180039 0.0464221 0.0463546 0.0343802 0.0513340 0.2703233 0.0286602 0.0128586 0.0000000 0.0154859 0.0000000
 67 G  67 0.0046646 0.0267235 0.0532565 0.0264072 0.0071559 0.0029933 0.0117870 0.7390819 0.0289631 0.0000000 0.0220078 0.0238088 0.0000000 0.0344017 0.0000000 0.0130491 0.0000000 0.0000000 0.0056998 0.0000000
 68 W  68 0.0492877 0.0000000 0.0000000 0.0083742 0.0143303 0.0081938 0.0000000 0.0070908 0.0000000 0.0689539 0.1352972 0.0000000 0.0352267 0.1234959 0.0000000 0.0000000 0.0057949 0.5113807 0.0256236 0.0069504
 69 Q  69 0.0360682 0.0141784 0.0628131 0.2367815 0.0035177 0.0898092 0.0827259 0.0469491 0.0227697 0.0031956 0.0288086 0.0624461 0.0043629 0.0083742 0.0090943 0.0597750 0.1497852 0.0000000 0.0000000 0.0785454
 70 Y  70 0.0231937 0.0253670 0.1399533 0.2281870 0.0000000 0.0197532 0.0610222 0.0326837 0.0451598 0.0000000 0.1104438 0.0339753 0.0157388 0.0056706 0.0000000 0.0831954 0.0276210 0.0110839 0.1369513 0.0000000
 71 V  71 0.0143296 0.0000000 0.0000000 0.0000000 0.0069203 0.0000000 0.0000000 0.0000000 0.0000000 0.0710076 0.0288534 0.0000000 0.0000000 0.0000000 0.0000000 0.0000000 0.1082984 0.0000000 0.0000000 0.7705907
 72 P  72 0.2324260 0.0000000 0.0000000 0.0000000 0.0000000 0.0000000 0.0000000 0.0132363 0.0000000 0.0000000 0.0000000 0.0000000 0.0000000 0.0000000 0.7253622 0.0143296 0.0000000 0.0000000 0.0000000 0.0146459
 73 V  73 0.0166119 0.0000000 0.0000000 0.0000000 0.0000000 0.0000000 0.0000000 0.0000000 0.0000000 0.0518797 0.6971590 0.0000000 0.0663165 0.0338550 0.0000000 0.0000000 0.0000000 0.0000000 0.0000000 0.1341780
 74 T  74 0.0000000 0.0000000 0.0000000 0.0000000 0.0000000 0.0000000 0.0000000 0.0000000 0.0000000 0.1251394 0.3498064 0.0000000 0.3298780 0.1740909 0.0000000 0.0000000 0.0173096 0.0000000 0.0000000 0.0037758
 75 C  75 0.0181637 0.0079561 0.0163629 0.2383885 0.6210105 0.0000000 0.0000000 0.0290743 0.0175977 0.0000000 0.0000000 0.0000000 0.0000000 0.0000000 0.0000000 0.0350630 0.0075234 0.0000000 0.0000000 0.0088598
 76 M  76 0.3443557 0.0000000 0.0122672 0.0000000 0.1007280 0.0000000 0.0000000 0.0113719 0.0000000 0.0000000 0.0828579 0.0000000 0.1132962 0.0529867 0.0000000 0.0952940 0.0846204 0.0000000 0.0000000 0.1022220
 77 Q  77 0.0412505 0.1228582 0.0534065 0.0000000 0.0078225 0.4590592 0.0135723 0.0051218 0.0450656 0.0034095 0.0617673 0.0200902 0.0082765 0.0000000 0.0000000 0.0260165 0.0856961 0.0000000 0.0184883 0.0280989
 78 E  78 0.0139026 0.0000000 0.0000000 0.0000000 0.0000000 0.2067127 0.7659055 0.0000000 0.0053174 0.0000000 0.0000000 0.0000000 0.0000000 0.0000000 0.0000000 0.0000000 0.0000000 0.0000000 0.0000000 0.0081619
 79 M  79 0.0572101 0.0000000 0.0000000 0.0000000 0.0170108 0.0000000 0.0000000 0.0000000 0.0000000 0.3114119 0.0951723 0.0065321 0.3357009 0.0000000 0.1005016 0.0109951 0.0090431 0.0000000 0.0000000 0.0564220
 80 D  80 0.1209897 0.0112956 0.0684855 0.2451726 0.0037937 0.0058942 0.0700304 0.0127708 0.0638677 0.0062805 0.0081837 0.0134883 0.0064527 0.0098560 0.1841140 0.0657370 0.0041453 0.0000000 0.0593525 0.0400899
 81 V  81 0.0113732 0.0143970 0.0085132 0.0000000 0.0000000 0.0000000 0.0000000 0.0000000 0.0000000 0.1473995 0.0053568 0.0000000 0.0050657 0.0227113 0.0000000 0.0000000 0.0000000 0.0165184 0.0138181 0.7548468
 82 T  82 0.0625357 0.0122972 0.0224573 0.0982068 0.0000000 0.0277054 0.2068538 0.0000000 0.0106257 0.0101335 0.0057901 0.0738335 0.0000000 0.0000000 0.3864285 0.0229258 0.0205595 0.0068813 0.0000000 0.0327659
 83 G  83 0.0034807 0.0000000 0.1410356 0.0789630 0.0000000 0.0036979 0.0173174 0.6757444 0.0528626 0.0000000 0.0000000 0.0114391 0.0000000 0.0000000 0.0000000 0.0111519 0.0043075 0.0000000 0.0000000 0.0000000
 84 G  84 0.2677748 0.0084377 0.0000000 0.1023066 0.0000000 0.0000000 0.0000000 0.0995399 0.0000000 0.0000000 0.0000000 0.0000000 0.0352189 0.0000000 0.0000000 0.4785382 0.0000000 0.0000000 0.0081837 0.0000000
 85 L  85 0.0000000 0.0070402 0.0000000 0.0000000 0.0000000 0.0043324 0.0000000 0.0000000 0.0000000 0.0261863 0.7434023 0.0000000 0.1093554 0.0000000 0.0736865 0.0134883 0.0052874 0.0000000 0.0000000 0.0172211
 86 K  86 0.0338553 0.0537967 0.0164409 0.0383062 0.0040084 0.0413591 0.1875825 0.0334589 0.0031090 0.0000000 0.0042057 0.0913086 0.0031776 0.0000000 0.4432851 0.0303701 0.0078224 0.0000000 0.0000000 0.0079135
 87 K  87 0.0075234 0.4634615 0.0168647 0.0000000 0.0000000 0.0101262 0.0000000 0.0326997 0.0337879 0.0000000 0.0593105 0.2730021 0.0342538 0.0380564 0.0000000 0.0186393 0.0000000 0.0000000 0.0122746 0.0000000
 88 C  88 0.0119407 0.0000000 0.0000000 0.0000000 0.6783693 0.0000000 0.0000000 0.0000000 0.0000000 0.0484159 0.0000000 0.0000000 0.0270136 0.0000000 0.0000000 0.0037851 0.0648195 0.0000000 0.0000000 0.1656560
 89 I  89 0.0000000 0.0000000 0.0000000 0.0000000 0.0000000 0.0000000 0.0000000 0.0000000 0.0000000 0.7899478 0.0193118 0.0000000 0.0000000 0.0000000 0.0000000 0.0000000 0.0000000 0.0000000 0.0000000 0.1907404
 90 R  90 0.0000000 1.0000000 0.0000000 0.0000000 0.0000000 0.0000000 0.0000000 0.0000000 0.0000000 0.0000000 0.0000000 0.0000000 0.0000000 0.0000000 0.0000000 0.0000000 0.0000000 0.0000000 0.0000000 0.0000000
 91 V  91 0.0350862 0.0000000 0.0000000 0.0000000 0.0167685 0.0000000 0.0000000 0.0000000 0.0000000 0.1539187 0.1628970 0.0000000 0.0338273 0.0690863 0.0000000 0.0000000 0.0000000 0.0000000 0.0000000 0.5284161
 92 M  92 0.0078163 0.0000000 0.0000000 0.0071439 0.0000000 0.0000000 0.0000000 0.0000000 0.0000000 0.0104849 0.6661292 0.0000000 0.3020128 0.0000000 0.0000000 0.0000000 0.0000000 0.0000000 0.0000000 0.0064129
 93 M  93 0.1934075 0.0000000 0.0000000 0.0000000 0.0000000 0.0000000 0.0000000 0.0000000 0.0000000 0.2574824 0.2079559 0.0000000 0.1385291 0.0147083 0.0000000 0.0000000 0.0000000 0.0000000 0.0000000 0.1879168
 94 T  94 0.0000000 0.0000000 0.0142920 0.0000000 0.0000000 0.0586831 0.0000000 0.0000000 0.5094572 0.0222365 0.1559618 0.0000000 0.0068869 0.0360543 0.0000000 0.0000000 0.1291639 0.0000000 0.0409500 0.0263145
 95 V  95 0.1532270 0.0000000 0.0000000 0.0000000 0.0638282 0.0000000 0.0000000 0.0000000 0.0000000 0.1294130 0.0380475 0.0000000 0.0000000 0.0311301 0.0000000 0.0000000 0.0379932 0.0698074 0.0518297 0.4247239
 96 Q  96 0.0072927 0.0336183 0.4687219 0.0615179 0.0000000 0.0381047 0.1481357 0.0000000 0.0154026 0.0053568 0.0149544 0.0074333 0.0000000 0.0000000 0.0000000 0.0040937 0.0172894 0.0496573 0.1284213 0.0000000
 97 T  97 0.0242652 0.0226723 0.0000000 0.0053143 0.0165411 0.0033127 0.0000000 0.0559573 0.0000000 0.0270653 0.1351555 0.0145209 0.0383467 0.0032794 0.0000000 0.1083089 0.5034958 0.0035157 0.0125912 0.0256577
 98 D  98 0.0272611 0.0090174 0.0383922 0.3074906 0.0030594 0.0206353 0.1555365 0.0306423 0.0336595 0.0000000 0.0036514 0.0479620 0.0000000 0.0000000 0.1868023 0.0656512 0.0640354 0.0000000 0.0062034 0.0000000
 99 V  99 0.0750783 0.1307544 0.0339843 0.0159309 0.0134892 0.0190666 0.0667917 0.0137058 0.0047569 0.0095482 0.1015930 0.3563597 0.0187068 0.0000000 0.0044351 0.0184633 0.0760481 0.0000000 0.0000000 0.0412877
100 P 100 0.1051730 0.0269983 0.0170306 0.1159068 0.0044926 0.0278266 0.0291490 0.0396833 0.0081383 0.0000000 0.0232661 0.1099611 0.0000000 0.0000000 0.2214888 0.2260603 0.0399115 0.0000000 0.0000000 0.0049137
101 Q 101 0.0208452 0.1171693 0.0843594 0.0202989 0.0000000 0.4557420 0.0276813 0.0476209 0.0219036 0.0094881 0.0353656 0.0816170 0.0000000 0.0000000 0.0646302 0.0055798 0.0044191 0.0000000 0.0000000 0.0032796
102 D 102 0.1141670 0.0628571 0.0672010 0.0688285 0.0000000 0.0517832 0.0962574 0.0089103 0.0823070 0.0157814 0.0073519 0.1417803 0.0147699 0.0106921 0.0147035 0.1506249 0.0641928 0.0000000 0.0043393 0.0234524
103 Q 103 0.0426152 0.0122793 0.0079430 0.1736299 0.0000000 0.0720823 0.4613832 0.0177400 0.0053845 0.0055973 0.0033211 0.0539915 0.0000000 0.0000000 0.0940069 0.0199697 0.0193690 0.0000000 0.0000000 0.0106872
104 I 104 0.0000000 0.0000000 0.0000000 0.0000000 0.0000000 0.0000000 0.0000000 0.0000000 0.0000000 0.5556450 0.0450522 0.0000000 0.0509963 0.0056299 0.1020508 0.0086605 0.0000000 0.0000000 0.0000000 0.2319652
105 R 105 0.0449275 0.1894403 0.0526282 0.0000000 0.0296908 0.1434738 0.0424958 0.0000000 0.1064094 0.0234415 0.0041936 0.2279239 0.0000000 0.0026647 0.0000000 0.0257385 0.0258702 0.0000000 0.0289300 0.0521717
106 H 106 0.0046776 0.0000000 0.0172450 0.0000000 0.0057883 0.0000000 0.0000000 0.0000000 0.8934978 0.0000000 0.0000000 0.0000000 0.0000000 0.0233584 0.0231748 0.0084169 0.0000000 0.0000000 0.0238413 0.0000000
107 V 107 0.0252527 0.0000000 0.0000000 0.0000000 0.0083416 0.0207179 0.0000000 0.0000000 0.0000000 0.1873817 0.0194199 0.0000000 0.0000000 0.0000000 0.0854646 0.0086252 0.0159151 0.0000000 0.0000000 0.6288813
108 Y 108 0.0000000 0.0000000 0.0000000 0.0000000 0.0079712 0.0000000 0.0000000 0.0000000 0.0056386 0.0000000 0.0000000 0.0000000 0.0000000 0.0476154 0.0000000 0.0000000 0.0000000 0.0000000 0.9387748 0.0000000
109 L 109 0.0000000 0.0228095 0.0000000 0.0000000 0.0000000 0.0142724 0.0000000 0.0000000 0.0106162 0.0488663 0.8441004 0.0000000 0.0331453 0.0000000 0.0000000 0.0000000 0.0205514 0.0000000 0.0000000 0.0056386
110 E 110 0.0000000 0.3599072 0.1345017 0.0338548 0.0000000 0.0041003 0.0547671 0.2005140 0.0679310 0.0000000 0.0000000 0.1295955 0.0000000 0.0056451 0.0000000 0.0042258 0.0000000 0.0000000 0.0049576 0.0000000
111 K 111 0.0628032 0.0668039 0.0433727 0.0828669 0.0045392 0.0439855 0.1904797 0.3979074 0.0178520 0.0000000 0.0000000 0.0859820 0.0000000 0.0000000 0.0000000 0.0000000 0.0034075 0.0000000 0.0000000 0.0000000
112 A 112 0.9726365 0.0000000 0.0000000 0.0000000 0.0000000 0.0000000 0.0000000 0.0083428 0.0000000 0.0000000 0.0000000 0.0000000 0.0000000 0.0000000 0.0000000 0.0000000 0.0190207 0.0000000 0.0000000 0.0000000
113 V 113 0.1465325 0.0980746 0.0043176 0.0000000 0.0000000 0.0873110 0.1236092 0.0055941 0.0058657 0.0430237 0.0000000 0.1859762 0.0069000 0.0000000 0.0000000 0.0701772 0.0506503 0.0000000 0.0028728 0.1690952
114 V 114 0.1110617 0.1318479 0.1046518 0.0168386 0.0202938 0.0723503 0.0161229 0.0230695 0.0092062 0.0107265 0.0166850 0.1940813 0.0145804 0.0036207 0.0000000 0.0452987 0.0435591 0.0000000 0.0000000 0.1660056
115 L 115 0.0000000 0.0000000 0.0000000 0.0165497 0.0000000 0.0000000 0.0000000 0.0000000 0.0000000 0.0000000 0.9834503 0.0000000 0.0000000 0.0000000 0.0000000 0.0000000 0.0000000 0.0000000 0.0000000 0.0000000
116 R 116 0.0000000 1.0000000 0.0000000 0.0000000 0.0000000 0.0000000 0.0000000 0.0000000 0.0000000 0.0000000 0.0000000 0.0000000 0.0000000 0.0000000 0.0000000 0.0000000 0.0000000 0.0000000 0.0000000 0.0000000
117 P 117 0.0195085 0.0306479 0.0000000 0.0116721 0.0000000 0.0073452 0.0263083 0.0000000 0.0000000 0.0000000 0.0171003 0.0764895 0.0000000 0.0000000 0.7628389 0.0166920 0.0286747 0.0000000 0.0000000 0.0027226
118 D 118 0.0000000 0.0000000 0.0000000 0.9539578 0.0000000 0.0000000 0.0397260 0.0000000 0.0000000 0.0000000 0.0000000 0.0000000 0.0000000 0.0000000 0.0000000 0.0063162 0.0000000 0.0000000 0.0000000 0.0000000
119 L 119 0.0000000 0.1207161 0.0000000 0.0000000 0.0000000 0.0000000 0.0000000 0.0000000 0.0000000 0.1193257 0.6124774 0.0084585 0.0067235 0.0400022 0.0000000 0.0000000 0.0000000 0.0779094 0.0112053 0.0031819
120 S 120 0.2927390 0.0035839 0.0109736 0.0145890 0.0519639 0.0463516 0.0210852 0.0268925 0.0260951 0.0052968 0.0314846 0.0067228 0.0129963 0.0168746 0.0000000 0.2739524 0.0844750 0.0000000 0.0000000 0.0739238
121 L 121 0.0453134 0.0170246 0.0467811 0.0435160 0.0000000 0.0410806 0.0268415 0.0471287 0.0000000 0.0266666 0.2588698 0.1489644 0.0143652 0.0392369 0.0000000 0.1532517 0.0387063 0.0000000 0.0180185 0.0342346
122 T 122 0.2359225 0.0094409 0.0089272 0.0000000 0.0000000 0.0449721 0.0943271 0.0513621 0.0430861 0.0399984 0.0251244 0.0000000 0.0000000 0.0000000 0.0320433 0.1388432 0.2300971 0.0118629 0.0117479 0.0222448
123 K 123 0.0247865 0.0257388 0.0223027 0.0331187 0.0000000 0.2179748 0.0596081 0.0366929 0.0000000 0.0000000 0.0125013 0.3664846 0.0207126 0.0000000 0.1316101 0.0119634 0.0211452 0.0000000 0.0000000 0.0153602
124 N 124 0.0424104 0.0167213 0.1817920 0.2681083 0.0000000 0.0282573 0.0197826 0.0451164 0.0000000 0.0000000 0.0000000 0.0799015 0.0000000 0.0000000 0.0678282 0.1433196 0.0000000 0.0000000 0.0000000 0.1067625
125 T 125 0.1793047 0.0000000 0.0000000 0.0357769 0.0000000 0.0000000 0.0571225 0.0719649 0.0000000 0.0766448 0.0000000 0.0281945 0.0000000 0.0000000 0.0000000 0.2039969 0.1922533 0.0000000 0.0000000 0.1547415
126 E 126 0.0000000 0.0000000 0.1909682 0.4465090 0.0000000 0.0415225 0.3210003 0.0000000 0.0000000 0.0000000 0.0000000 0.0000000 0.0000000 0.0000000 0.0000000 0.0000000 0.0000000 0.0000000 0.0000000 0.0000000
127 L 127 0.0000000 0.0000000 0.0000000 0.0000000 0.0000000 0.0000000 0.0000000 0.0000000 0.0000000 0.1364759 0.5191611 0.0000000 0.2463068 0.0980562 0.0000000 0.0000000 0.0000000 0.0000000 0.0000000 0.0000000
