   38         A         R         N         D         C         Q         E         G         H         I         L         K         M         F         P         S         T         W         Y         V         X    
  1 G   1 0.0899572 0.0000000 0.0000000 0.0000000 0.0000000 0.0000000 0.0000000 0.0343309 0.0000000 0.0000000 0.0000000 0.0000000 0.0000000 0.0000000 0.0000000 0.0000000 0.0000000 0.0000000 0.0000000 0.0000000 0.8757118
  2 K   2 0.0000000 0.0000000 0.0000000 0.0000000 0.0000000 0.0000000 0.0000000 0.0000000 0.0000000 0.0000000 0.0000000 0.6694100 0.0000000 0.0000000 0.0000000 0.0000000 0.0000000 0.0000000 0.0000000 0.0000000 0.3305900
  3 Q   3 0.0226052 0.0541706 0.0000000 0.0000000 0.0000000 0.2979395 0.0000000 0.0290246 0.0000000 0.0620558 0.0000000 0.0000000 0.0000000 0.0000000 0.0346006 0.0230594 0.1174483 0.0000000 0.0000000 0.0285061 0.3305900
  4 Q   4 0.0922894 0.0000000 0.0432366 0.0000000 0.0000000 0.3569717 0.0000000 0.0000000 0.0000000 0.0290246 0.0464079 0.0000000 0.0000000 0.0000000 0.0000000 0.1014798 0.0000000 0.0000000 0.0000000 0.0000000 0.3305900
  5 E   5 0.0000000 0.0000000 0.0000000 0.1700175 0.0000000 0.0000000 0.4993924 0.0000000 0.0000000 0.0000000 0.0000000 0.0000000 0.0000000 0.0000000 0.0000000 0.0000000 0.0000000 0.0000000 0.0000000 0.0000000 0.3305900
  6 S   6 0.2844195 0.0000000 0.0000000 0.0000000 0.0000000 0.0000000 0.0000000 0.0000000 0.0000000 0.0487724 0.0000000 0.0000000 0.0000000 0.0000000 0.0000000 0.3677580 0.1650530 0.0000000 0.0000000 0.0000000 0.1339970
  7 S   7 0.0453869 0.0000000 0.1025075 0.0000000 0.0000000 0.0267779 0.0000000 0.0000000 0.0000000 0.0000000 0.0000000 0.0000000 0.0000000 0.0000000 0.0000000 0.6688291 0.0612683 0.0000000 0.0000000 0.0000000 0.0952304
  8 Q   8 0.0000000 0.1659298 0.0000000 0.0000000 0.0000000 0.2836356 0.2061530 0.0000000 0.0000000 0.0679421 0.0000000 0.1011216 0.0000000 0.0000000 0.0000000 0.0000000 0.0000000 0.0000000 0.0000000 0.0799875 0.0952304
  9 Y   9 0.0000000 0.0000000 0.0000000 0.0000000 0.0000000 0.0292067 0.0000000 0.0000000 0.0000000 0.0772703 0.0000000 0.0000000 0.0267779 0.0000000 0.0000000 0.0000000 0.0000000 0.0000000 0.7081766 0.0633382 0.0952304
 10 I  10 0.0000000 0.0000000 0.0000000 0.0000000 0.0000000 0.0000000 0.0000000 0.0000000 0.0000000 0.0797178 0.0741419 0.0000000 0.0000000 0.7509099 0.0000000 0.0000000 0.0000000 0.0000000 0.0000000 0.0000000 0.0952304
 11 H  11 0.0000000 0.0955450 0.0692742 0.1054423 0.0000000 0.1042471 0.0972805 0.0000000 0.1672390 0.0000000 0.0000000 0.0000000 0.0000000 0.0445704 0.0487724 0.1195219 0.0626097 0.0000000 0.0232097 0.0000000 0.0622878
 12 C  12 0.0000000 0.0000000 0.0000000 0.0000000 1.0000000 0.0000000 0.0000000 0.0000000 0.0000000 0.0000000 0.0000000 0.0000000 0.0000000 0.0000000 0.0000000 0.0000000 0.0000000 0.0000000 0.0000000 0.0000000 0.0000000
 13 E  13 0.0000000 0.0000000 0.1074426 0.1296035 0.0000000 0.0000000 0.2238089 0.0000000 0.0000000 0.0000000 0.1310687 0.0288055 0.2015318 0.0000000 0.1052792 0.0445704 0.0000000 0.0000000 0.0000000 0.0278894 0.0000000
 14 N  14 0.0000000 0.0000000 0.9168771 0.0000000 0.0000000 0.0000000 0.0000000 0.0000000 0.0000000 0.0000000 0.0000000 0.0000000 0.0000000 0.0000000 0.0000000 0.0377361 0.0000000 0.0000000 0.0000000 0.0453869 0.0000000
 15 C  15 0.0000000 0.0000000 0.0000000 0.0000000 1.0000000 0.0000000 0.0000000 0.0000000 0.0000000 0.0000000 0.0000000 0.0000000 0.0000000 0.0000000 0.0000000 0.0000000 0.0000000 0.0000000 0.0000000 0.0000000 0.0000000
 16 G  16 0.0000000 0.0000000 0.0679922 0.1223358 0.0000000 0.0000000 0.0000000 0.7447783 0.0000000 0.0000000 0.0000000 0.0000000 0.0000000 0.0000000 0.0000000 0.0648937 0.0000000 0.0000000 0.0000000 0.0000000 0.0000000
 17 R  17 0.0000000 1.0000000 0.0000000 0.0000000 0.0000000 0.0000000 0.0000000 0.0000000 0.0000000 0.0000000 0.0000000 0.0000000 0.0000000 0.0000000 0.0000000 0.0000000 0.0000000 0.0000000 0.0000000 0.0000000 0.0000000
 18 D  18 0.0000000 0.0000000 0.0951803 0.2350211 0.0000000 0.0429930 0.1673375 0.0000000 0.0000000 0.0000000 0.0000000 0.1960246 0.0000000 0.0000000 0.0716749 0.1588261 0.0329425 0.0000000 0.0000000 0.0000000 0.0000000
 19 V  19 0.0000000 0.0000000 0.0000000 0.0000000 0.0000000 0.0000000 0.0000000 0.0000000 0.0000000 0.6213883 0.0346006 0.0000000 0.0000000 0.0000000 0.0000000 0.0000000 0.0000000 0.0000000 0.0000000 0.3440110 0.0000000
 20 S  20 0.3734694 0.0000000 0.0000000 0.0000000 0.0000000 0.0000000 0.0000000 0.0000000 0.0000000 0.0000000 0.0000000 0.0000000 0.0772703 0.0000000 0.0000000 0.4591442 0.0000000 0.0000000 0.0000000 0.0901161 0.0000000
 21 A  21 0.5994944 0.0000000 0.0000000 0.0000000 0.0000000 0.0000000 0.0000000 0.3256421 0.0000000 0.0000000 0.0000000 0.0000000 0.0000000 0.0000000 0.0000000 0.0445704 0.0000000 0.0000000 0.0000000 0.0302931 0.0000000
 22 N  22 0.0000000 0.0000000 0.4740678 0.0000000 0.0000000 0.0000000 0.0000000 0.5259322 0.0000000 0.0000000 0.0000000 0.0000000 0.0000000 0.0000000 0.0000000 0.0000000 0.0000000 0.0000000 0.0000000 0.0000000 0.0000000
 23 R  23 0.0000000 1.0000000 0.0000000 0.0000000 0.0000000 0.0000000 0.0000000 0.0000000 0.0000000 0.0000000 0.0000000 0.0000000 0.0000000 0.0000000 0.0000000 0.0000000 0.0000000 0.0000000 0.0000000 0.0000000 0.0000000
 24 L  24 0.0000000 0.0000000 0.0000000 0.0000000 0.0000000 0.0000000 0.0000000 0.0000000 0.0000000 0.0000000 0.0831034 0.0000000 0.0000000 0.8550462 0.0000000 0.0000000 0.0000000 0.0000000 0.0618504 0.0000000 0.0000000
 25 A  25 0.9512276 0.0000000 0.0000000 0.0000000 0.0000000 0.0000000 0.0000000 0.0000000 0.0000000 0.0000000 0.0000000 0.0000000 0.0000000 0.0000000 0.0000000 0.0487724 0.0000000 0.0000000 0.0000000 0.0000000 0.0000000
 26 A  26 0.4023586 0.0000000 0.0000000 0.0000000 0.0000000 0.1975841 0.0000000 0.0000000 0.0000000 0.0000000 0.0000000 0.0000000 0.0000000 0.0000000 0.2918234 0.1082339 0.0000000 0.0000000 0.0000000 0.0000000 0.0000000
 27 H  27 0.0000000 0.0000000 0.0000000 0.0000000 0.0000000 0.0000000 0.0000000 0.0000000 1.0000000 0.0000000 0.0000000 0.0000000 0.0000000 0.0000000 0.0000000 0.0000000 0.0000000 0.0000000 0.0000000 0.0000000 0.0000000
 28 L  28 0.0000000 0.0000000 0.0000000 0.0000000 0.0000000 0.0000000 0.0000000 0.0000000 0.0000000 0.0992755 0.6638889 0.0000000 0.0772785 0.0000000 0.0000000 0.0000000 0.0000000 0.0000000 0.0000000 0.1595571 0.0000000
 29 Q  29 0.0000000 0.0000000 0.1433650 0.0387667 0.0000000 0.2544290 0.3943661 0.0000000 0.0000000 0.0000000 0.0000000 0.0000000 0.0000000 0.0000000 0.0000000 0.0951803 0.0285061 0.0000000 0.0000000 0.0453869 0.0000000
 30 R  30 0.0000000 0.4411253 0.0000000 0.0000000 0.0000000 0.0000000 0.0000000 0.0000000 0.0000000 0.0000000 0.0000000 0.5588747 0.0000000 0.0000000 0.0000000 0.0000000 0.0000000 0.0000000 0.0000000 0.0000000 0.0000000
 31 C  31 0.0000000 0.0000000 0.0000000 0.0000000 1.0000000 0.0000000 0.0000000 0.0000000 0.0000000 0.0000000 0.0000000 0.0000000 0.0000000 0.0000000 0.0000000 0.0000000 0.0000000 0.0000000 0.0000000 0.0000000 0.0000000
 32 L  32 0.0000000 0.0000000 0.0000000 0.0000000 0.0000000 0.0000000 0.0000000 0.0000000 0.0000000 0.0000000 0.6109630 0.0000000 0.3348664 0.0000000 0.0000000 0.0262812 0.0000000 0.0000000 0.0278894 0.0000000 0.0000000
 33 S  33 0.0000000 0.0000000 0.1240638 0.0290246 0.0000000 0.0000000 0.2380268 0.3521035 0.0000000 0.0000000 0.0000000 0.0000000 0.0000000 0.0000000 0.0000000 0.2032787 0.0535027 0.0000000 0.0000000 0.0000000 0.0000000
 34 R  34 0.0000000 0.6539338 0.0000000 0.0000000 0.0000000 0.0000000 0.0000000 0.0000000 0.0000000 0.0000000 0.0000000 0.2211448 0.0329425 0.0000000 0.0000000 0.0532122 0.0000000 0.0000000 0.0000000 0.0000000 0.0387667
 35 G  35 0.0000000 0.1289790 0.0000000 0.0000000 0.0000000 0.0000000 0.0000000 0.6117631 0.0000000 0.0000000 0.0000000 0.1912845 0.0000000 0.0000000 0.0000000 0.0000000 0.0000000 0.0000000 0.0000000 0.0000000 0.0679733
 36 A  36 0.0923534 0.6053480 0.0376490 0.0445704 0.0000000 0.0288055 0.0000000 0.0000000 0.0000000 0.0000000 0.0000000 0.0000000 0.0000000 0.0000000 0.0000000 0.1233004 0.0000000 0.0000000 0.0000000 0.0000000 0.0679733
 37 R  37 0.0000000 0.4546051 0.0000000 0.0000000 0.0000000 0.0377361 0.0000000 0.0445704 0.0000000 0.0000000 0.0000000 0.3621727 0.0000000 0.0000000 0.0000000 0.0000000 0.0000000 0.0000000 0.0000000 0.0000000 0.1009158
 38 R  38 0.0000000 0.2646229 0.0000000 0.0000000 0.0000000 0.0000000 0.0000000 0.0000000 0.0000000 0.0000000 0.0000000 0.0376490 0.0000000 0.0000000 0.0000000 0.0000000 0.0000000 0.0000000 0.0000000 0.0000000 0.6977281
