   38         A         R         N         D         C         Q         E         G         H         I         L         K         M         F         P         S         T         W         Y         V    
  1 G   1 0.7096266 0.0000000 0.0000000 0.0000000 0.0000000 0.0000000 0.0000000 0.2903734 0.0000000 0.0000000 0.0000000 0.0000000 0.0000000 0.0000000 0.0000000 0.0000000 0.0000000 0.0000000 0.0000000 0.0000000
  2 K   2 0.0000000 0.0000000 0.0000000 0.0000000 0.0000000 0.0000000 0.0000000 0.0000000 0.0000000 0.0000000 0.0000000 1.0000000 0.0000000 0.0000000 0.0000000 0.0000000 0.0000000 0.0000000 0.0000000 0.0000000
  3 Q   3 0.0330719 0.0788770 0.0000000 0.0000000 0.0000000 0.4531150 0.0000000 0.0421006 0.0000000 0.0960379 0.0000000 0.0000000 0.0000000 0.0000000 0.0503097 0.0337166 0.1714892 0.0000000 0.0000000 0.0412821
  4 Q   4 0.1394799 0.0000000 0.0631683 0.0000000 0.0000000 0.5410830 0.0000000 0.0000000 0.0000000 0.0421006 0.0671041 0.0000000 0.0000000 0.0000000 0.0000000 0.1470640 0.0000000 0.0000000 0.0000000 0.0000000
  5 E   5 0.0000000 0.0000000 0.0000000 0.2561616 0.0000000 0.0000000 0.7438384 0.0000000 0.0000000 0.0000000 0.0000000 0.0000000 0.0000000 0.0000000 0.0000000 0.0000000 0.0000000 0.0000000 0.0000000 0.0000000
  6 S   6 0.2959274 0.0000000 0.0000000 0.0000000 0.0000000 0.0000000 0.0000000 0.0000000 0.0000000 0.0572090 0.0000000 0.0000000 0.0000000 0.0000000 0.0000000 0.4525305 0.1943331 0.0000000 0.0000000 0.0000000
  7 S   7 0.0551940 0.0000000 0.1046026 0.0000000 0.0000000 0.0281701 0.0000000 0.0000000 0.0000000 0.0000000 0.0000000 0.0000000 0.0000000 0.0000000 0.0000000 0.7647208 0.0473126 0.0000000 0.0000000 0.0000000
  8 Q   8 0.0000000 0.1895799 0.0000000 0.0000000 0.0000000 0.3281963 0.1902771 0.0000000 0.0000000 0.0808814 0.0000000 0.1162890 0.0000000 0.0000000 0.0000000 0.0000000 0.0000000 0.0000000 0.0000000 0.0947762
  9 Y   9 0.0000000 0.0000000 0.0000000 0.0000000 0.0000000 0.0229511 0.0000000 0.0000000 0.0000000 0.0748989 0.0000000 0.0000000 0.0281701 0.0000000 0.0000000 0.0000000 0.0000000 0.0000000 0.8115434 0.0624366
 10 I  10 0.0000000 0.0000000 0.0000000 0.0000000 0.0000000 0.0000000 0.0000000 0.0000000 0.0000000 0.0999571 0.0763657 0.0000000 0.0000000 0.8236772 0.0000000 0.0000000 0.0000000 0.0000000 0.0000000 0.0000000
 11 H  11 0.0000000 0.1107465 0.0710102 0.1023269 0.0000000 0.1069632 0.0949154 0.0000000 0.1944533 0.0000000 0.0000000 0.0000000 0.0000000 0.0529437 0.0544986 0.1336136 0.0515655 0.0000000 0.0269631 0.0000000
 12 C  12 0.0000000 0.0000000 0.0000000 0.0000000 1.0000000 0.0000000 0.0000000 0.0000000 0.0000000 0.0000000 0.0000000 0.0000000 0.0000000 0.0000000 0.0000000 0.0000000 0.0000000 0.0000000 0.0000000 0.0000000
 13 E  13 0.0000000 0.0000000 0.1224860 0.1387764 0.0000000 0.0000000 0.2475908 0.0000000 0.0000000 0.0000000 0.1188062 0.0327255 0.1720042 0.0000000 0.0869836 0.0507728 0.0000000 0.0000000 0.0000000 0.0298545
 14 N  14 0.0000000 0.0000000 0.9206216 0.0000000 0.0000000 0.0000000 0.0000000 0.0000000 0.0000000 0.0000000 0.0000000 0.0000000 0.0000000 0.0000000 0.0000000 0.0276745 0.0000000 0.0000000 0.0000000 0.0517039
 15 C  15 0.0000000 0.0000000 0.0000000 0.0000000 1.0000000 0.0000000 0.0000000 0.0000000 0.0000000 0.0000000 0.0000000 0.0000000 0.0000000 0.0000000 0.0000000 0.0000000 0.0000000 0.0000000 0.0000000 0.0000000
 16 G  16 0.0000000 0.0000000 0.0767956 0.1180016 0.0000000 0.0000000 0.0000000 0.7366543 0.0000000 0.0000000 0.0000000 0.0000000 0.0000000 0.0000000 0.0000000 0.0685485 0.0000000 0.0000000 0.0000000 0.0000000
 17 R  17 0.0000000 1.0000000 0.0000000 0.0000000 0.0000000 0.0000000 0.0000000 0.0000000 0.0000000 0.0000000 0.0000000 0.0000000 0.0000000 0.0000000 0.0000000 0.0000000 0.0000000 0.0000000 0.0000000 0.0000000
 18 D  18 0.0000000 0.0000000 0.1017212 0.2640258 0.0000000 0.0398190 0.1864683 0.0000000 0.0000000 0.0000000 0.0000000 0.1790148 0.0000000 0.0000000 0.0583867 0.1483345 0.0222297 0.0000000 0.0000000 0.0000000
 19 V  19 0.0000000 0.0000000 0.0000000 0.0000000 0.0000000 0.0000000 0.0000000 0.0000000 0.0000000 0.6154580 0.0370794 0.0000000 0.0000000 0.0000000 0.0000000 0.0000000 0.0000000 0.0000000 0.0000000 0.3474626
 20 S  20 0.3459900 0.0000000 0.0000000 0.0000000 0.0000000 0.0000000 0.0000000 0.0000000 0.0000000 0.0000000 0.0000000 0.0000000 0.0701629 0.0000000 0.0000000 0.4989698 0.0000000 0.0000000 0.0000000 0.0848773
 21 A  21 0.5827273 0.0000000 0.0000000 0.0000000 0.0000000 0.0000000 0.0000000 0.3350308 0.0000000 0.0000000 0.0000000 0.0000000 0.0000000 0.0000000 0.0000000 0.0507728 0.0000000 0.0000000 0.0000000 0.0314691
 22 N  22 0.0000000 0.0000000 0.4959290 0.0000000 0.0000000 0.0000000 0.0000000 0.5040710 0.0000000 0.0000000 0.0000000 0.0000000 0.0000000 0.0000000 0.0000000 0.0000000 0.0000000 0.0000000 0.0000000 0.0000000
 23 R  23 0.0000000 1.0000000 0.0000000 0.0000000 0.0000000 0.0000000 0.0000000 0.0000000 0.0000000 0.0000000 0.0000000 0.0000000 0.0000000 0.0000000 0.0000000 0.0000000 0.0000000 0.0000000 0.0000000 0.0000000
 24 L  24 0.0000000 0.0000000 0.0000000 0.0000000 0.0000000 0.0000000 0.0000000 0.0000000 0.0000000 0.0000000 0.0941966 0.0000000 0.0000000 0.8358058 0.0000000 0.0000000 0.0000000 0.0000000 0.0699976 0.0000000
 25 A  25 0.9477360 0.0000000 0.0000000 0.0000000 0.0000000 0.0000000 0.0000000 0.0000000 0.0000000 0.0000000 0.0000000 0.0000000 0.0000000 0.0000000 0.0000000 0.0522640 0.0000000 0.0000000 0.0000000 0.0000000
 26 A  26 0.4504941 0.0000000 0.0000000 0.0000000 0.0000000 0.2122210 0.0000000 0.0000000 0.0000000 0.0000000 0.0000000 0.0000000 0.0000000 0.0000000 0.2397726 0.0975123 0.0000000 0.0000000 0.0000000 0.0000000
 27 H  27 0.0000000 0.0000000 0.0000000 0.0000000 0.0000000 0.0000000 0.0000000 0.0000000 1.0000000 0.0000000 0.0000000 0.0000000 0.0000000 0.0000000 0.0000000 0.0000000 0.0000000 0.0000000 0.0000000 0.0000000
 28 L  28 0.0000000 0.0000000 0.0000000 0.0000000 0.0000000 0.0000000 0.0000000 0.0000000 0.0000000 0.1067323 0.6587976 0.0000000 0.0826898 0.0000000 0.0000000 0.0000000 0.0000000 0.0000000 0.0000000 0.1517803
 29 Q  29 0.0000000 0.0000000 0.1543810 0.0232052 0.0000000 0.2859438 0.3526190 0.0000000 0.0000000 0.0000000 0.0000000 0.0000000 0.0000000 0.0000000 0.0000000 0.1017212 0.0304258 0.0000000 0.0000000 0.0517039
 30 R  30 0.0000000 0.4736993 0.0000000 0.0000000 0.0000000 0.0000000 0.0000000 0.0000000 0.0000000 0.0000000 0.0000000 0.5263007 0.0000000 0.0000000 0.0000000 0.0000000 0.0000000 0.0000000 0.0000000 0.0000000
 31 C  31 0.0000000 0.0000000 0.0000000 0.0000000 1.0000000 0.0000000 0.0000000 0.0000000 0.0000000 0.0000000 0.0000000 0.0000000 0.0000000 0.0000000 0.0000000 0.0000000 0.0000000 0.0000000 0.0000000 0.0000000
 32 L  32 0.0000000 0.0000000 0.0000000 0.0000000 0.0000000 0.0000000 0.0000000 0.0000000 0.0000000 0.0000000 0.6422158 0.0000000 0.2996501 0.0000000 0.0000000 0.0282796 0.0000000 0.0000000 0.0298545 0.0000000
 33 S  33 0.0000000 0.0000000 0.1382620 0.0310291 0.0000000 0.0000000 0.2554990 0.2869921 0.0000000 0.0000000 0.0000000 0.0000000 0.0000000 0.0000000 0.0000000 0.2308912 0.0573266 0.0000000 0.0000000 0.0000000
 34 R  34 0.0000000 0.7222469 0.0000000 0.0000000 0.0000000 0.0000000 0.0000000 0.0000000 0.0000000 0.0000000 0.0000000 0.1943790 0.0227578 0.0000000 0.0000000 0.0606162 0.0000000 0.0000000 0.0000000 0.0000000
 35 G  35 0.0000000 0.1467452 0.0000000 0.0000000 0.0000000 0.0000000 0.0000000 0.6380828 0.0000000 0.0000000 0.0000000 0.2151720 0.0000000 0.0000000 0.0000000 0.0000000 0.0000000 0.0000000 0.0000000 0.0000000
 36 A  36 0.1099502 0.6154893 0.0463710 0.0531488 0.0000000 0.0342569 0.0000000 0.0000000 0.0000000 0.0000000 0.0000000 0.0000000 0.0000000 0.0000000 0.0000000 0.1407838 0.0000000 0.0000000 0.0000000 0.0000000
 37 R  37 0.0000000 0.5400811 0.0000000 0.0000000 0.0000000 0.0296597 0.0000000 0.0544151 0.0000000 0.0000000 0.0000000 0.3758441 0.0000000 0.0000000 0.0000000 0.0000000 0.0000000 0.0000000 0.0000000 0.0000000
 38 R  38 0.0000000 0.8700319 0.0000000 0.0000000 0.0000000 0.0000000 0.0000000 0.0000000 0.0000000 0.0000000 0.0000000 0.1299681 0.0000000 0.0000000 0.0000000 0.0000000 0.0000000 0.0000000 0.0000000 0.0000000
