  140         A         R         N         D         C         Q         E         G         H         I         L         K         M         F         P         S         T         W         Y         V    
  1 M   1 0.0000000 0.0000000 0.0000000 0.0000000 0.0000000 0.0000000 0.0000000 0.0000000 0.0000000 0.1268605 0.5985662 0.0000000 0.0897008 0.0461693 0.0000000 0.0000000 0.0000000 0.0000000 0.0000000 0.1387032
  2 S   2 0.0427072 0.0000000 0.0917541 0.0159574 0.0000000 0.0209996 0.0248166 0.0170910 0.0000000 0.0000000 0.0000000 0.0000000 0.0000000 0.0000000 0.0096274 0.6678227 0.0961263 0.0000000 0.0000000 0.0130976
  3 S   3 0.0739877 0.0280381 0.0638267 0.0326445 0.0030985 0.0051966 0.0225970 0.0242107 0.0039779 0.0103865 0.0179606 0.0456179 0.0000000 0.0046922 0.0432733 0.3820564 0.2264205 0.0039698 0.0000000 0.0080451
  4 P   4 0.0601015 0.0175843 0.0102560 0.0171340 0.0000000 0.0055005 0.0238915 0.0328748 0.0146494 0.0090564 0.0065182 0.0205005 0.0000000 0.0000000 0.5740936 0.0590655 0.1317346 0.0000000 0.0057935 0.0112457
  5 E   5 0.1088041 0.0589243 0.0183194 0.0281058 0.0027441 0.0862850 0.0798752 0.0446657 0.0344671 0.0097838 0.0275939 0.0144162 0.0061081 0.0033176 0.0963764 0.2565186 0.0465428 0.0000000 0.0588623 0.0182895
  6 K   6 0.0743709 0.0971466 0.0312626 0.0212658 0.0091277 0.0420802 0.0641383 0.0147267 0.0207694 0.0125191 0.0624241 0.0898131 0.0072087 0.0121119 0.0186242 0.2513680 0.0780911 0.0096326 0.0058540 0.0774650
  7 P   7 0.0607334 0.0064767 0.0178871 0.0550721 0.0066139 0.0067136 0.0273665 0.0229850 0.0115784 0.0130424 0.0250326 0.0134165 0.0271961 0.0157851 0.3283547 0.1979946 0.0982105 0.0025295 0.0054742 0.0575371
  8 T   8 0.0957460 0.0243750 0.0081820 0.0359650 0.0040088 0.0402601 0.0332719 0.0434104 0.0317793 0.0366945 0.1379683 0.0129568 0.0424234 0.0392012 0.1082588 0.1602864 0.0773440 0.0015212 0.0266544 0.0396923
  9 P   9 0.1089254 0.0440669 0.0294233 0.0256780 0.0042870 0.0201242 0.0516259 0.0107280 0.0170408 0.0114304 0.0296590 0.0167735 0.0198256 0.0189318 0.3046018 0.1467846 0.0639828 0.0000000 0.0281253 0.0479857
 10 N  10 0.0691443 0.0492331 0.1494074 0.0778369 0.0188966 0.0304586 0.0944934 0.0568408 0.0107930 0.0072400 0.0232553 0.0330454 0.0055567 0.0016231 0.0725957 0.1622838 0.0774396 0.0232895 0.0093039 0.0272630
 11 G  11 0.0586928 0.0475662 0.0614990 0.0602659 0.0272485 0.0264678 0.0736033 0.1892698 0.0182474 0.0026294 0.0228865 0.0347504 0.0075076 0.0044157 0.1133948 0.1591056 0.0367033 0.0019337 0.0250490 0.0287633
 12 G  12 0.0935473 0.0396208 0.0228729 0.0791455 0.0011141 0.0642369 0.0761051 0.1028774 0.0036583 0.0308215 0.0365252 0.0438068 0.0093547 0.0065487 0.1001242 0.2119122 0.0458054 0.0000000 0.0066066 0.0253164
 13 I  13 0.0736694 0.0439413 0.0247828 0.0562814 0.0072329 0.0289797 0.0764599 0.0578369 0.0161197 0.1017062 0.0895124 0.0157553 0.0214212 0.0000000 0.1593843 0.0700721 0.0619746 0.0000000 0.0085996 0.0862704
 14 P  14 0.0484303 0.0258466 0.0340338 0.0311917 0.0115047 0.0464464 0.0373549 0.0662148 0.0135496 0.0781406 0.0782326 0.0338965 0.0129221 0.0154942 0.1979774 0.0877482 0.1010691 0.0115013 0.0070019 0.0614433
 15 H  15 0.0531313 0.0334359 0.0317063 0.1253466 0.0024513 0.0734693 0.1774125 0.0744569 0.0486352 0.0076099 0.0130821 0.0438148 0.0047133 0.0044588 0.1070296 0.0983019 0.0590923 0.0121780 0.0191511 0.0105229
 16 D  16 0.0499016 0.0698473 0.0286085 0.0917097 0.0094741 0.0524117 0.1311076 0.1743106 0.0102125 0.0028206 0.0214662 0.0223730 0.0097954 0.0239152 0.0831103 0.1066892 0.0517721 0.0086684 0.0345831 0.0172229
 17 N  17 0.0173518 0.0498331 0.0576359 0.1213741 0.0135824 0.0595304 0.2698371 0.1023348 0.0387498 0.0264427 0.0107250 0.0944294 0.0109493 0.0044557 0.0227649 0.0247718 0.0322622 0.0000000 0.0073383 0.0356311
 18 L  18 0.0163993 0.0317641 0.0030805 0.0152577 0.0070559 0.0086553 0.0787970 0.0051099 0.0088194 0.1888763 0.1496953 0.0338702 0.0214773 0.0410262 0.1113991 0.0174461 0.0828362 0.0000000 0.0334202 0.1450140
 19 V  19 0.0020237 0.2554358 0.0055473 0.0038373 0.0095165 0.0377441 0.0477412 0.0014563 0.0506694 0.0866736 0.0957904 0.0445629 0.0315205 0.0810778 0.0057420 0.0280634 0.0541927 0.0014148 0.0501842 0.1068061
 20 L  20 0.0137496 0.0371023 0.0343928 0.0703666 0.0188145 0.0169072 0.1461008 0.0028904 0.0356726 0.0561317 0.0945889 0.0551570 0.0263733 0.0234493 0.0054472 0.0315133 0.2502740 0.0000000 0.0096988 0.0713697
 21 I  21 0.0124940 0.0000000 0.0000000 0.0000000 0.0073979 0.0012703 0.0014712 0.0000000 0.0058290 0.2989597 0.0483554 0.0019699 0.0110557 0.0010145 0.0000000 0.0051902 0.0296600 0.0000000 0.0000000 0.5753321
 22 R  22 0.0149258 0.0854298 0.0290444 0.0380533 0.0106857 0.0208692 0.2220042 0.0064185 0.0470089 0.0354582 0.0199510 0.0844770 0.0038028 0.0183189 0.0152321 0.0457409 0.1965807 0.0000000 0.0023850 0.1036134
 23 M  23 0.0068011 0.0032267 0.0012077 0.0029807 0.0036919 0.0000000 0.0014182 0.0010333 0.0021900 0.2129795 0.6089375 0.0000000 0.0306120 0.0186677 0.0000000 0.0000000 0.0011160 0.0000000 0.0027058 0.1024318
 24 K  24 0.0262381 0.0802613 0.0437786 0.0193564 0.0144477 0.0617392 0.1274059 0.0027949 0.0613913 0.0639564 0.0563595 0.1038081 0.0177648 0.0200368 0.0171153 0.0517868 0.0798929 0.0148200 0.0225679 0.1144782
 25 P  25 0.0085125 0.3225794 0.0000000 0.0031197 0.0010412 0.0015148 0.0015011 0.0047303 0.0018636 0.0082927 0.0252558 0.5490569 0.0021345 0.0019353 0.0404986 0.0017593 0.0110768 0.0000000 0.0000000 0.0151277
 26 D  26 0.0116067 0.0224246 0.0889120 0.1336490 0.0013256 0.0682269 0.0907240 0.2707267 0.0099317 0.0008874 0.0046031 0.0842002 0.0057961 0.0039253 0.0222520 0.1159283 0.0599368 0.0000000 0.0015488 0.0033949
 27 E  27 0.0840318 0.0334874 0.0142605 0.0943334 0.0022954 0.0359510 0.1880594 0.0495423 0.0173628 0.0082465 0.0111528 0.0482523 0.0064054 0.0028009 0.2077450 0.1419652 0.0339439 0.0011436 0.0078709 0.0111494
 28 N  28 0.0400124 0.0450849 0.1405900 0.0767797 0.0064721 0.0498417 0.0491633 0.1822299 0.0337486 0.0063095 0.0152752 0.0968499 0.0141800 0.0007629 0.0228089 0.1224052 0.0718080 0.0000000 0.0025462 0.0231317
 29 G  29 0.0490212 0.0246709 0.0164035 0.0335657 0.0024624 0.0335497 0.0931004 0.5385902 0.0092351 0.0013127 0.0085974 0.0491996 0.0106518 0.0000000 0.0010551 0.0704123 0.0164471 0.0000000 0.0153786 0.0263463
 30 R  30 0.0155545 0.0537049 0.0100698 0.0165544 0.0138433 0.0306271 0.0178160 0.4685985 0.0077773 0.0052251 0.0010832 0.0394498 0.0000000 0.0000000 0.1008728 0.1806596 0.0317569 0.0000000 0.0000000 0.0064068
 31 F  31 0.0008176 0.0000000 0.0000000 0.0000000 0.0012846 0.0000000 0.0000000 0.0000000 0.0017720 0.0041212 0.6763543 0.0000000 0.0073659 0.2444140 0.0013761 0.0007740 0.0000000 0.0483375 0.0107956 0.0025873
 32 G  32 0.0012313 0.0000000 0.0064071 0.0101207 0.0040201 0.0000000 0.0031941 0.9735391 0.0014876 0.0000000 0.0000000 0.0000000 0.0000000 0.0000000 0.0000000 0.0000000 0.0000000 0.0000000 0.0000000 0.0000000
 33 F  33 0.0022727 0.0000000 0.0000000 0.0000000 0.0104425 0.0000000 0.0000000 0.0000000 0.0000000 0.2002270 0.1506807 0.0000000 0.0262614 0.5945169 0.0000000 0.0000000 0.0018806 0.0000000 0.0000000 0.0137181
 34 N  34 0.0365380 0.0780682 0.1090789 0.0040169 0.0074382 0.0224829 0.0053861 0.0333395 0.0062924 0.0034752 0.0013340 0.0113251 0.0136391 0.0056181 0.0008388 0.4690034 0.1392700 0.0000000 0.0000000 0.0528551
 35 V  35 0.0046489 0.0000000 0.0000000 0.0000000 0.0000000 0.0000000 0.0000000 0.0000000 0.0000000 0.5913408 0.2009494 0.0000000 0.0046883 0.0168489 0.0000000 0.0022799 0.0020461 0.0000000 0.0000000 0.1771977
 36 K  36 0.1907182 0.1283796 0.0052952 0.0084966 0.0197077 0.0376074 0.0491537 0.0018873 0.0034159 0.0597694 0.0561357 0.0895491 0.0124524 0.0007719 0.0000000 0.0775922 0.0539407 0.0006777 0.0000000 0.2044494
 37 G  37 0.0176176 0.0232397 0.0026223 0.0260595 0.0016509 0.0054854 0.0108300 0.8283479 0.0016117 0.0024040 0.0019295 0.0126412 0.0000000 0.0000000 0.0034858 0.0390225 0.0193091 0.0000000 0.0028340 0.0009086
 38 G  38 0.0029307 0.0046269 0.0371662 0.0132881 0.0034626 0.0118427 0.0176529 0.7886154 0.0031273 0.0025920 0.0131822 0.0032352 0.0042834 0.0006236 0.0013062 0.0317555 0.0194967 0.0000000 0.0352457 0.0055667
 39 Y  39 0.0925636 0.1237735 0.0150930 0.0484517 0.0078248 0.0333450 0.0773591 0.0112271 0.0123695 0.0579300 0.0376060 0.2179732 0.0018776 0.0066431 0.0191084 0.0662550 0.0706059 0.0013598 0.0130052 0.0856287
 40 D  40 0.0099010 0.0271022 0.0573495 0.3661379 0.0051186 0.0061431 0.2524103 0.1455340 0.0047834 0.0029617 0.0125896 0.0176550 0.0030517 0.0021937 0.0083229 0.0440767 0.0211609 0.0000000 0.0082857 0.0052220
 41 Q  41 0.0081608 0.0114962 0.1271704 0.0194205 0.0032749 0.0620550 0.0780601 0.0340491 0.1042539 0.0045964 0.0182339 0.0244907 0.0129067 0.0689196 0.0694585 0.2149991 0.0699488 0.0013746 0.0484169 0.0187137
 42 K  42 0.0236702 0.0446930 0.1197547 0.1888153 0.0048155 0.0450096 0.0349248 0.1997955 0.0164250 0.0109798 0.0368676 0.0981176 0.0010269 0.0061634 0.0672251 0.0777214 0.0091038 0.0000000 0.0032523 0.0116386
 43 M  43 0.0290465 0.0141537 0.0225059 0.0280686 0.0274541 0.0683784 0.1107109 0.0282643 0.0360731 0.0599825 0.1329051 0.0280843 0.1189961 0.0055403 0.0516070 0.0745556 0.0613192 0.0000000 0.0151562 0.0871980
 44 P  44 0.0281766 0.0059949 0.0080256 0.0183479 0.0015024 0.0260788 0.0025162 0.4676039 0.0027068 0.0015209 0.0066788 0.0151008 0.0018382 0.0366542 0.2948759 0.0597794 0.0010986 0.0000000 0.0013245 0.0201753
 45 V  45 0.0070546 0.0000000 0.0000000 0.0000000 0.0183335 0.0325554 0.0000000 0.0000000 0.0279500 0.5073012 0.1615983 0.0000000 0.0093315 0.0096107 0.0258134 0.0077825 0.0041554 0.0000000 0.0057734 0.1827402
 46 I  46 0.0072378 0.0473459 0.0031691 0.0000000 0.0028810 0.0298770 0.0032710 0.0000000 0.0009157 0.0685194 0.0638527 0.0392572 0.0067707 0.2962287 0.0000000 0.0149299 0.0556761 0.0007633 0.2439837 0.1153207
 47 V  47 0.0016112 0.0000000 0.0000000 0.0000000 0.0014028 0.0012116 0.0013467 0.0019891 0.0000000 0.5337662 0.0101359 0.0000000 0.0018840 0.0017463 0.0000000 0.0000000 0.0000000 0.0000000 0.0000000 0.4449062
 48 S  48 0.0244689 0.0458365 0.0134095 0.0077507 0.0082680 0.0267354 0.0136955 0.0771264 0.0538170 0.0063108 0.0330763 0.1999242 0.0013017 0.0019777 0.0000000 0.3616604 0.0999634 0.0000000 0.0006333 0.0240444
 49 R  49 0.0446113 0.2063237 0.0295998 0.0583987 0.0053460 0.0306025 0.0653900 0.0437442 0.0430354 0.0008889 0.0091504 0.1861063 0.0250265 0.0254442 0.0000000 0.1563869 0.0633278 0.0011962 0.0045175 0.0009035
 50 V  50 0.0000000 0.0000000 0.0000000 0.0000000 0.0000000 0.0000000 0.0015972 0.0000000 0.0000000 0.4913655 0.1638240 0.0000000 0.0116390 0.0033797 0.0000000 0.0000000 0.0090905 0.0000000 0.0000000 0.3191042
 51 A  51 0.0689622 0.0417755 0.0314482 0.0506284 0.0026219 0.0336292 0.0518830 0.0025092 0.0179191 0.1475306 0.1125816 0.0417655 0.0116596 0.1069983 0.0021916 0.0442099 0.0804231 0.0000000 0.0321291 0.1191340
 52 P  52 0.0698487 0.0239083 0.0082059 0.0696527 0.0027365 0.0217332 0.1785652 0.0041895 0.0136116 0.0020560 0.0116097 0.1065125 0.0008178 0.0022750 0.4385432 0.0296768 0.0112413 0.0000000 0.0007872 0.0040288
 53 G  53 0.0090008 0.0251077 0.0932646 0.1438759 0.0005821 0.0163702 0.0457825 0.5499513 0.0199148 0.0030140 0.0105925 0.0230265 0.0040326 0.0005635 0.0041456 0.0305097 0.0092307 0.0000000 0.0067762 0.0042590
 54 T  54 0.0054558 0.0032794 0.0000000 0.0009409 0.0041247 0.0460290 0.0015358 0.6010302 0.0028092 0.0000000 0.0184600 0.0116010 0.0089031 0.0000000 0.0000000 0.2711491 0.0232835 0.0000000 0.0000000 0.0013983
 55 P  55 0.2894692 0.0064669 0.0008410 0.0076850 0.0068211 0.0169640 0.0122043 0.0070232 0.0000000 0.0409564 0.0623538 0.0546556 0.0030133 0.0000000 0.3080680 0.0424405 0.0079690 0.0000000 0.0005618 0.1325068
 56 A  56 0.9218098 0.0000000 0.0022655 0.0000000 0.0000000 0.0000000 0.0000000 0.0013879 0.0016855 0.0130329 0.0118348 0.0000000 0.0000000 0.0000000 0.0000000 0.0164129 0.0036052 0.0000000 0.0000000 0.0279655
 57 D  57 0.2550627 0.0036386 0.0017769 0.2691744 0.0036788 0.0164412 0.1988444 0.0490309 0.0613996 0.0127804 0.0014875 0.0058335 0.0014030 0.0123521 0.0038753 0.0585586 0.0036431 0.0077990 0.0201649 0.0130550
 58 L  58 0.0136607 0.2944402 0.0149132 0.0009875 0.0021548 0.1808202 0.0783255 0.0077900 0.0094810 0.0170068 0.1253492 0.1841601 0.0101460 0.0053353 0.0033337 0.0121191 0.0225386 0.0017907 0.0038938 0.0117537
 59 C  59 0.0901231 0.0146932 0.0177421 0.3692462 0.1460111 0.0036852 0.0239372 0.0132091 0.0178809 0.0046045 0.0108020 0.0055837 0.0122980 0.0000000 0.0014622 0.1741809 0.0526486 0.0079933 0.0000000 0.0338988
 60 V  60 0.0207861 0.0412496 0.1494696 0.1838888 0.0393647 0.0694940 0.1459876 0.0304895 0.0725581 0.0135602 0.0097355 0.0468416 0.0137944 0.0021443 0.0074799 0.0461943 0.0769817 0.0000000 0.0093857 0.0205944
 61 P  61 0.1150512 0.0021271 0.0027787 0.0026396 0.0000000 0.0050738 0.0031867 0.7805225 0.0021917 0.0026058 0.0031707 0.0058102 0.0000000 0.0000000 0.0436046 0.0255798 0.0027014 0.0000000 0.0015712 0.0013848
 62 R  62 0.0250267 0.3710642 0.0350783 0.0054720 0.0081117 0.0627236 0.0367203 0.1777229 0.0050155 0.0051413 0.0412291 0.1355552 0.0104545 0.0008894 0.0021151 0.0185922 0.0470623 0.0000000 0.0000000 0.0120260
 63 L  63 0.0000000 0.0000000 0.0000000 0.0000000 0.0012590 0.0019000 0.0000000 0.0000000 0.0000000 0.1632821 0.7392309 0.0000000 0.0415692 0.0079177 0.0019827 0.0000000 0.0000000 0.0000000 0.0000000 0.0428584
 64 N  64 0.0303557 0.2160869 0.0290786 0.0073378 0.0351240 0.1603424 0.0333007 0.0081131 0.0601652 0.0095889 0.0420597 0.2062809 0.0261362 0.0350535 0.0000000 0.0412992 0.0086482 0.0101158 0.0216842 0.0192289
 65 E  65 0.0763569 0.0584773 0.0000000 0.0011083 0.0108490 0.0298294 0.1105785 0.0040451 0.0036303 0.0961944 0.0204845 0.0439338 0.0159405 0.0023228 0.1237894 0.0365641 0.0444902 0.0000000 0.0018922 0.3195134
 66 G  66 0.0113670 0.0025106 0.0445401 0.0083782 0.0010848 0.0041615 0.0113029 0.8781583 0.0125925 0.0000000 0.0091597 0.0014996 0.0007955 0.0032856 0.0000000 0.0029980 0.0028685 0.0000000 0.0052973 0.0000000
 67 D  67 0.0000000 0.0000000 0.0030953 0.9399957 0.0009001 0.0060187 0.0128787 0.0073873 0.0054586 0.0000000 0.0021083 0.0010788 0.0079233 0.0050597 0.0000000 0.0032275 0.0016384 0.0000000 0.0024883 0.0007414
 68 Q  68 0.0532811 0.2127483 0.0020080 0.0000000 0.0250871 0.2036630 0.1829785 0.0020929 0.0327589 0.0547528 0.0419845 0.0714925 0.0073843 0.0100616 0.0000000 0.0063511 0.0096523 0.0039964 0.0048924 0.0748143
 69 V  69 0.0011206 0.0000000 0.0013138 0.0000000 0.0000000 0.0000000 0.0000000 0.0000000 0.0000000 0.6279373 0.2516250 0.0000000 0.0016112 0.0000000 0.0021349 0.0000000 0.0011747 0.0000000 0.0000000 0.1130825
 70 V  70 0.0007555 0.0008747 0.0000000 0.0000000 0.0049474 0.0028214 0.0000000 0.0000000 0.0103198 0.1266773 0.5930020 0.0110635 0.0384217 0.0012815 0.0000000 0.0097335 0.0155806 0.0000000 0.0017458 0.1827754
 71 L  71 0.2211148 0.0467425 0.0076758 0.0153413 0.0127520 0.0572056 0.2623753 0.0079097 0.0058634 0.0017478 0.0139543 0.0529989 0.0176268 0.0234799 0.0000000 0.1961447 0.0147410 0.0036989 0.0327069 0.0059205
 72 I  72 0.0153523 0.0000000 0.0000000 0.0000000 0.0049866 0.0000000 0.0000000 0.0000000 0.0000000 0.3329911 0.0226306 0.0000000 0.0017980 0.0015276 0.0000000 0.0000000 0.0000000 0.0000000 0.0000000 0.6207139
 73 N  73 0.0032754 0.0011958 0.7961289 0.1337163 0.0133577 0.0077020 0.0023529 0.0235259 0.0027231 0.0000000 0.0000000 0.0000000 0.0015862 0.0000000 0.0000000 0.0085244 0.0000000 0.0007658 0.0051456 0.0000000
 74 G  74 0.0032089 0.0091076 0.0557222 0.1054561 0.0009090 0.0092921 0.0476394 0.6718801 0.0266823 0.0000000 0.0015116 0.0126747 0.0008001 0.0000000 0.0000000 0.0465635 0.0069800 0.0000000 0.0015723 0.0000000
 75 R  75 0.0232131 0.0529499 0.0130762 0.0060799 0.0090383 0.1023575 0.1110910 0.0044416 0.0283420 0.1585667 0.0176614 0.0676303 0.0134843 0.0084370 0.0000000 0.0144199 0.1240149 0.0014170 0.0188369 0.2249421
 76 D  76 0.0237031 0.0367435 0.1475140 0.2222837 0.0384009 0.0102859 0.0157573 0.0085404 0.0049073 0.0250035 0.0151555 0.0093843 0.0028102 0.0014123 0.0927374 0.2978530 0.0228104 0.0011166 0.0046679 0.0189131
 77 I  77 0.0108575 0.0000000 0.0000000 0.0000000 0.0060636 0.0000000 0.0000000 0.0000000 0.0000000 0.0778708 0.4202735 0.0000000 0.0328506 0.0525431 0.0000000 0.0023169 0.1120789 0.0000000 0.0016383 0.2835068
 78 A  78 0.0496080 0.1566953 0.0092314 0.0474184 0.0101926 0.1064022 0.1634316 0.0054310 0.0249841 0.0334641 0.0835727 0.0625360 0.0030963 0.0026782 0.0052797 0.0846581 0.0745848 0.0006159 0.0226308 0.0534888
 79 E  79 0.0179834 0.0209413 0.1838906 0.1118490 0.0053080 0.0162984 0.0628120 0.4006055 0.0406618 0.0014829 0.0035657 0.0316322 0.0012437 0.0009996 0.0027335 0.0589117 0.0332312 0.0004672 0.0035969 0.0017853
 80 H  80 0.1861612 0.0231273 0.0006284 0.0020290 0.0318533 0.0026543 0.0186915 0.0125379 0.0218722 0.0619314 0.1921574 0.0569069 0.1570310 0.0297940 0.0000000 0.0227960 0.0134175 0.0020872 0.0328290 0.1314946
 81 T  81 0.0297341 0.0354690 0.0188209 0.0225134 0.0099326 0.0036006 0.0189216 0.0082947 0.0150775 0.0077288 0.0134403 0.0259876 0.0098929 0.0000000 0.0515650 0.2575970 0.4575223 0.0000000 0.0007381 0.0131637
 82 H  82 0.0000000 0.0285283 0.0304986 0.0031886 0.0070187 0.0325777 0.0000000 0.0000000 0.7050002 0.0110882 0.0797652 0.0045035 0.0130872 0.0295051 0.0070643 0.0192772 0.0029352 0.0000000 0.0139540 0.0120080
 83 D  83 0.1057153 0.0314190 0.0428355 0.1210578 0.0059860 0.1332337 0.2139098 0.0276691 0.0232380 0.0072521 0.0456297 0.0550320 0.0071175 0.0133934 0.0057073 0.1029389 0.0348752 0.0006076 0.0126044 0.0097777
 84 Q  84 0.0261836 0.0442251 0.0265052 0.1573375 0.0006560 0.1888088 0.3951728 0.0009926 0.0149565 0.0033392 0.0186787 0.0513653 0.0071101 0.0033163 0.0000000 0.0204039 0.0217168 0.0000000 0.0105311 0.0087004
 85 V  85 0.6459329 0.0000000 0.0000000 0.0000000 0.0035794 0.0000000 0.0000000 0.0026682 0.0000000 0.0413274 0.0074361 0.0000000 0.0060854 0.0088235 0.0000000 0.0049137 0.0109318 0.0000000 0.0000000 0.2683017
 86 V  86 0.0754841 0.0211644 0.0068906 0.0008084 0.0052028 0.0464715 0.0077595 0.0000000 0.0094295 0.1327976 0.0662124 0.0021721 0.0056248 0.0013349 0.0000000 0.0254746 0.0094445 0.0134688 0.0119662 0.5582932
 87 L  87 0.1388875 0.0495692 0.1457342 0.0848643 0.0062789 0.1358125 0.1670403 0.0179619 0.0363664 0.0008568 0.0064187 0.0630981 0.0149700 0.0024590 0.0078286 0.0758057 0.0375240 0.0005110 0.0011163 0.0068967
 88 F  88 0.1660116 0.0073391 0.0010015 0.0000000 0.0105727 0.0066648 0.0044452 0.0027082 0.0018999 0.1736392 0.2947650 0.0370089 0.0573704 0.0258522 0.0000000 0.0075641 0.0395613 0.0020020 0.0037698 0.1578241
 89 I  89 0.0031988 0.0000000 0.0000000 0.0000000 0.0035188 0.0000000 0.0000000 0.0000000 0.0000000 0.2326583 0.6181112 0.0010351 0.0453678 0.0774542 0.0000000 0.0000000 0.0000000 0.0000000 0.0000000 0.0186559
 90 K  90 0.0179672 0.2572752 0.0043198 0.0053046 0.0000000 0.1043522 0.0098819 0.0082118 0.0164786 0.0077972 0.0060464 0.4858789 0.0024826 0.0000000 0.0000000 0.0311065 0.0367448 0.0000000 0.0000000 0.0061523
 91 A  91 0.1164650 0.0652279 0.1618188 0.0428813 0.0176638 0.1088154 0.0802547 0.1018100 0.0226754 0.0000000 0.0108140 0.0667630 0.0074520 0.0000000 0.0015182 0.1397251 0.0503976 0.0000000 0.0000000 0.0057177
 92 S  92 0.4083665 0.0031678 0.0039931 0.0008862 0.1232887 0.0133465 0.0025198 0.0367145 0.0008429 0.0325963 0.0267940 0.0000000 0.0024281 0.0008774 0.0081023 0.1820974 0.1052612 0.0000000 0.0007883 0.0479290
 93 C  93 0.0691005 0.0721031 0.0058464 0.0083235 0.0164134 0.0183600 0.0319431 0.3517729 0.0086773 0.0024816 0.0130010 0.0868312 0.0043036 0.0017345 0.1759937 0.0743169 0.0247239 0.0085006 0.0173709 0.0082019
 94 E  94 0.0194904 0.0743114 0.1028076 0.1424164 0.0011025 0.0933284 0.1314587 0.0575951 0.0295211 0.0172560 0.0181090 0.1012463 0.0027806 0.0112638 0.0705734 0.0716143 0.0174126 0.0008583 0.0207387 0.0161155
 95 R  95 0.0289614 0.1186020 0.0725992 0.0251125 0.0107362 0.0415377 0.1191994 0.0531988 0.0182788 0.0147930 0.0404447 0.0712103 0.0213532 0.0091728 0.0809978 0.1004614 0.1002703 0.0015535 0.0041958 0.0673210
 96 H  96 0.0507382 0.0200524 0.0162005 0.0168929 0.0067215 0.0197999 0.0139185 0.0290455 0.0287925 0.0913745 0.1332568 0.0281984 0.0077067 0.0160984 0.0249903 0.0449276 0.0188825 0.0016726 0.0098016 0.4209289
 97 S  97 0.0439180 0.0628695 0.0509309 0.0186996 0.0129995 0.0751245 0.0508390 0.0625708 0.0522950 0.0229600 0.0381113 0.0612702 0.0080189 0.0110940 0.0198068 0.1175991 0.2005374 0.0018338 0.0251782 0.0633435
 98 G  98 0.0330311 0.0286538 0.0224823 0.0129066 0.0023195 0.0141829 0.0071144 0.2309351 0.0012231 0.0406457 0.3908533 0.0304640 0.0347456 0.0303688 0.0349734 0.0178284 0.0295651 0.0000000 0.0010013 0.0367058
 99 E  99 0.0168647 0.0513659 0.0123694 0.0302633 0.0034344 0.0563580 0.1547751 0.0022455 0.0400131 0.0648426 0.0609586 0.0469481 0.0215092 0.0073312 0.0360811 0.0473412 0.2097250 0.0084721 0.0058153 0.1232859
100 L 100 0.0138008 0.0000000 0.0000000 0.0000000 0.0061712 0.0000000 0.0037408 0.0007896 0.0000000 0.1533621 0.2113016 0.0000000 0.0291861 0.0121883 0.0022165 0.0000000 0.0046415 0.0000000 0.0016914 0.5609100
101 M 101 0.0233226 0.1346458 0.0280814 0.0216614 0.0187590 0.1101982 0.0749591 0.0117222 0.0227439 0.0449738 0.0431311 0.0897949 0.0223784 0.0039649 0.0129497 0.0933999 0.1244934 0.0042750 0.0035433 0.1110021
102 L 102 0.0116313 0.0745119 0.0027237 0.0000000 0.0044758 0.0103989 0.0035353 0.0000000 0.0050965 0.0575858 0.6244481 0.0285783 0.0758339 0.0355009 0.0021074 0.0170820 0.0019370 0.0000000 0.0268364 0.0177166
103 L 103 0.0205629 0.0389066 0.0046729 0.0167781 0.0129883 0.0343161 0.0485427 0.0341457 0.0203216 0.0687494 0.1603320 0.0538978 0.0342256 0.0079674 0.0198123 0.0395830 0.1707041 0.0007278 0.0299370 0.1828285
104 V 104 0.0264507 0.0290169 0.0010059 0.0059206 0.0213176 0.0053712 0.0098440 0.0060470 0.0000000 0.2307106 0.0949852 0.0363716 0.0016158 0.0029240 0.0086949 0.0096937 0.0058171 0.0026650 0.0056144 0.4959338
105 R 105 0.0988693 0.3414175 0.0138622 0.0119626 0.0391751 0.0723721 0.0393869 0.0419330 0.0100277 0.0190830 0.0328929 0.1010160 0.0080668 0.0066218 0.0235762 0.0493252 0.0338466 0.0019209 0.0342335 0.0204108
106 P 106 0.0222712 0.4916767 0.0087629 0.0236217 0.0000000 0.0122625 0.0334120 0.0180179 0.0425523 0.0008655 0.0058996 0.0391280 0.0008682 0.0104753 0.2204992 0.0209800 0.0233827 0.0010693 0.0158638 0.0083913
107 N 107 0.0509501 0.0840692 0.0586664 0.0994101 0.0027197 0.0374900 0.0657363 0.1304836 0.0355113 0.0262878 0.0199717 0.0921502 0.0124421 0.0061774 0.1154496 0.0571471 0.0417978 0.0017907 0.0208762 0.0408728
108 A 108 0.0799390 0.0324306 0.0197328 0.0218060 0.0035413 0.0217140 0.1033953 0.1612375 0.0051660 0.0221204 0.0521580 0.0561396 0.0038616 0.0184845 0.1968592 0.0694860 0.0392273 0.0018153 0.0242955 0.0665902
109 V 109 0.0984181 0.0536790 0.0351406 0.0542980 0.0167029 0.0297150 0.0826174 0.0341215 0.0137037 0.0467871 0.1154231 0.0533527 0.0134345 0.0180079 0.1014517 0.0562134 0.0557052 0.0087161 0.0233946 0.0891175
110 Y 110 0.0626533 0.0287685 0.0275931 0.0334260 0.0152690 0.0317520 0.0484150 0.0308153 0.0281600 0.0453733 0.0747780 0.0750378 0.0089061 0.0285822 0.1339256 0.1139302 0.0270783 0.0048064 0.0849474 0.0957824
111 D 111 0.0497205 0.0310028 0.0373283 0.1009885 0.0040948 0.0483582 0.0736629 0.0194992 0.0156936 0.0114640 0.0421771 0.0408549 0.0063913 0.0051336 0.2748319 0.1269099 0.0599344 0.0000000 0.0206181 0.0313361
112 V 112 0.0658036 0.0608131 0.0226382 0.0507698 0.0123067 0.0365726 0.0769126 0.0591484 0.0283249 0.0344099 0.0675590 0.0466005 0.0100897 0.0406676 0.0960053 0.1012530 0.0365418 0.0255646 0.0193153 0.1087032
113 V 113 0.0850206 0.0296890 0.0149473 0.0617962 0.0061163 0.0206531 0.0714512 0.0365781 0.0205340 0.0472790 0.0791149 0.0567537 0.0281487 0.0511998 0.0966087 0.1383107 0.0717808 0.0000000 0.0382954 0.0457226
114 E 114 0.0434186 0.0426511 0.0317949 0.0639743 0.0156747 0.0521956 0.1970268 0.0376376 0.0062904 0.0240330 0.0220285 0.1107190 0.0059792 0.0137062 0.1688601 0.0804235 0.0521106 0.0012338 0.0066865 0.0235557
115 E 115 0.0687516 0.0384889 0.0475716 0.0502202 0.0017630 0.0779936 0.1725969 0.0228947 0.0141590 0.0345474 0.0428332 0.0375481 0.0072700 0.0069931 0.0781895 0.1714903 0.0666817 0.0068385 0.0220781 0.0310905
116 K 116 0.0297611 0.0706705 0.0313527 0.0625390 0.0044611 0.0519390 0.0912154 0.0419515 0.0191125 0.0439525 0.0369066 0.1002045 0.0251165 0.0090074 0.0725793 0.1381806 0.0814494 0.0065846 0.0197514 0.0632644
117 L 117 0.0642736 0.0154964 0.0381139 0.0300677 0.0230974 0.0378753 0.0310226 0.0302114 0.0210563 0.0470678 0.1246071 0.0159025 0.0265071 0.0131697 0.0959515 0.1786949 0.0676938 0.0259370 0.0187796 0.0944745
118 E 118 0.0704256 0.0437277 0.0425461 0.0994149 0.0079263 0.0617625 0.1859373 0.0352569 0.0616601 0.0127704 0.0256511 0.0540193 0.0071048 0.0035822 0.0547504 0.1248033 0.0555267 0.0012516 0.0051070 0.0467759
119 N 119 0.0295402 0.0331299 0.0631301 0.1511616 0.0154926 0.0588726 0.1508358 0.0317758 0.0062859 0.0203156 0.0490908 0.0428624 0.0128768 0.0058646 0.1016155 0.1552225 0.0346405 0.0127254 0.0042790 0.0202822
120 E 120 0.0982480 0.0131183 0.0155597 0.0622152 0.0075207 0.0679556 0.2068318 0.0413727 0.0067559 0.0325170 0.0642699 0.0437209 0.0202347 0.0122755 0.0439015 0.1508702 0.0643186 0.0030281 0.0163459 0.0289397
121 P 121 0.0431904 0.0140695 0.0152275 0.0355842 0.0077812 0.0225702 0.0189536 0.0200666 0.0130050 0.0271502 0.0734992 0.0694122 0.0140228 0.0064195 0.4397727 0.1159987 0.0376594 0.0000000 0.0080516 0.0175656
122 D 122 0.1107315 0.0333822 0.0354469 0.0949152 0.0027993 0.0428030 0.0235927 0.0738240 0.0092671 0.0154279 0.0686896 0.0297765 0.0085128 0.0090909 0.0848078 0.1962088 0.0806902 0.0297732 0.0173405 0.0329196
123 F 123 0.0979278 0.0724717 0.0423930 0.0421871 0.0037620 0.0391806 0.0346781 0.0596123 0.0616078 0.0155500 0.0661374 0.0415851 0.0198333 0.0765864 0.0492996 0.1382712 0.0254733 0.0139628 0.0507610 0.0487194
124 Q 124 0.0758854 0.0427317 0.0178445 0.0412135 0.0087035 0.1668786 0.0443155 0.0551339 0.0296252 0.0179217 0.1243014 0.0236538 0.0225913 0.0068856 0.0661521 0.1013201 0.0826582 0.0111926 0.0212151 0.0397763
125 Y 125 0.0489217 0.0419421 0.0445910 0.0441651 0.0026514 0.0207958 0.0265565 0.0297467 0.0683209 0.0141796 0.0571466 0.0871828 0.0248442 0.0473304 0.0448846 0.1355432 0.1102431 0.0071580 0.1078989 0.0358975
126 I 126 0.0754025 0.0346045 0.0249951 0.0305332 0.0000000 0.0323055 0.0562418 0.0210562 0.0151895 0.0574391 0.1285421 0.0381881 0.0049620 0.0161015 0.0665441 0.1934205 0.0927205 0.0000000 0.0175013 0.0942527
127 P 127 0.0398877 0.0096056 0.0154142 0.0167091 0.0119691 0.0629604 0.0438832 0.0649749 0.0113359 0.0056062 0.0193147 0.0182479 0.0034272 0.0025711 0.5869847 0.0572824 0.0178294 0.0000000 0.0030664 0.0089298
128 E 128 0.0395382 0.0180893 0.0576215 0.0464482 0.0062322 0.0575928 0.1210778 0.0258282 0.0438835 0.0230856 0.1187139 0.0499278 0.0209283 0.0074325 0.1083954 0.1455095 0.0747392 0.0000000 0.0058594 0.0290970
129 K 129 0.0632521 0.0270451 0.0581119 0.0370562 0.0074103 0.0325270 0.0646612 0.1650285 0.0448552 0.0142525 0.0773773 0.0532287 0.0143645 0.0027682 0.0910068 0.1552985 0.0513778 0.0000000 0.0089850 0.0313932
130 A 130 0.0681865 0.0287003 0.0064042 0.0448020 0.0203754 0.0388477 0.0212572 0.0109796 0.0107583 0.0078910 0.0250780 0.0219915 0.0064543 0.0527629 0.1616688 0.3324626 0.1074607 0.0023223 0.0086932 0.0229036
131 P 131 0.0428429 0.0464147 0.0158611 0.0605470 0.0023208 0.0158116 0.0813133 0.0188392 0.0251416 0.0146446 0.0248838 0.0346970 0.0024205 0.0146195 0.3921116 0.1171668 0.0392903 0.0000000 0.0087635 0.0423102
132 L 132 0.1061710 0.0920066 0.0255718 0.0286140 0.0041718 0.0719718 0.0504992 0.0225831 0.0198462 0.0706557 0.1322433 0.0260304 0.0382252 0.0107921 0.0605533 0.0758976 0.0601522 0.0000000 0.0088164 0.0951983
133 D 133 0.1099810 0.0492179 0.0508779 0.1087321 0.0163978 0.0334322 0.0874991 0.0676035 0.0186784 0.0130534 0.0282465 0.0130294 0.0026662 0.0000000 0.0562180 0.2046656 0.0590588 0.0051633 0.0072156 0.0682634
134 S 134 0.0500372 0.0793686 0.0305261 0.0182745 0.0096962 0.0138584 0.0622028 0.1184127 0.0155370 0.0028544 0.0048559 0.0199545 0.0022950 0.0083885 0.1516934 0.3420314 0.0537412 0.0000000 0.0027395 0.0135325
135 V 135 0.0515744 0.0084116 0.0127977 0.0122760 0.0141220 0.0677753 0.0323604 0.0558502 0.0831717 0.0315356 0.1703856 0.0262742 0.0283443 0.0081476 0.0252884 0.2016065 0.0677384 0.0069080 0.0231405 0.0722917
136 H 136 0.0303230 0.0093468 0.0577811 0.0164478 0.0000000 0.0394607 0.0499803 0.0742112 0.1594962 0.0430371 0.0314462 0.0081271 0.0066934 0.0156629 0.2607188 0.0864297 0.0501962 0.0000000 0.0099923 0.0506491
137 Q 137 0.0384021 0.0697712 0.0147187 0.0571631 0.0151853 0.0790825 0.1727666 0.1349478 0.0062465 0.0000000 0.0532892 0.0458265 0.0030949 0.0000000 0.0508872 0.2089127 0.0381956 0.0000000 0.0037607 0.0077494
138 D 138 0.0255194 0.0142296 0.1161596 0.2896945 0.0000000 0.0207490 0.0767698 0.0443709 0.0000000 0.0000000 0.0163467 0.0194078 0.0056072 0.0065585 0.0213284 0.2159312 0.0978546 0.0081488 0.0154544 0.0058694
139 D 139 0.0000000 0.0467618 0.0600604 0.3608874 0.0000000 0.1805459 0.0731360 0.0203106 0.0297911 0.0083843 0.0054054 0.0249364 0.0000000 0.0000000 0.0046305 0.1153334 0.0277199 0.0000000 0.0420968 0.0000000
140 H 140 0.0000000 0.1442597 0.1292628 0.0000000 0.0000000 0.1222779 0.0000000 0.0000000 0.5119227 0.0000000 0.0000000 0.0559244 0.0000000 0.0000000 0.0000000 0.0000000 0.0000000 0.0000000 0.0363525 0.0000000
