  140         A         R         N         D         C         Q         E         G         H         I         L         K         M         F         P         S         T         W         Y         V         X    
  1 M   1 0.0000000 0.0000000 0.0000000 0.0000000 0.0000000 0.0000000 0.0000000 0.0000000 0.0000000 0.0088234 0.0442671 0.0000000 0.0060586 0.0030731 0.0000000 0.0000000 0.0000000 0.0000000 0.0000000 0.0096550 0.9281229
  2 S   2 0.0068743 0.0000000 0.0145743 0.0025195 0.0000000 0.0032635 0.0039516 0.0048291 0.0000000 0.0000000 0.0000000 0.0000000 0.0000000 0.0000000 0.0014774 0.1091877 0.0162907 0.0000000 0.0000000 0.0020683 0.8349636
  3 S   3 0.0147472 0.0056337 0.0126566 0.0065064 0.0006169 0.0010232 0.0045690 0.0048139 0.0007838 0.0020539 0.0035942 0.0090878 0.0000000 0.0009478 0.0085946 0.0791677 0.0481194 0.0007856 0.0000000 0.0015950 0.7947032
  4 P   4 0.0159341 0.0048296 0.0027701 0.0046045 0.0000000 0.0014984 0.0062850 0.0086865 0.0038373 0.0023723 0.0016893 0.0053617 0.0000000 0.0000000 0.1557601 0.0158018 0.0358722 0.0000000 0.0014949 0.0029668 0.7302352
  5 E   5 0.0387942 0.0191796 0.0058402 0.0089949 0.0005511 0.0277723 0.0257171 0.0144095 0.0110797 0.0031026 0.0089216 0.0045908 0.0019773 0.0010654 0.0309691 0.0834943 0.0171106 0.0000000 0.0191523 0.0059366 0.6713409
  6 K   6 0.0259814 0.0333828 0.0107833 0.0074286 0.0031873 0.0145615 0.0228274 0.0060801 0.0071915 0.0043484 0.0216672 0.0310408 0.0024861 0.0041862 0.0064517 0.0918201 0.0272841 0.0034029 0.0020163 0.0269847 0.6468875
  7 P   7 0.0239351 0.0025432 0.0069248 0.0257103 0.0025941 0.0025755 0.0106515 0.0090814 0.0044543 0.0050190 0.0099443 0.0052074 0.0104764 0.0063119 0.1282316 0.0814554 0.0387094 0.0010012 0.0021781 0.0228197 0.6001753
  8 T   8 0.0395231 0.0100865 0.0033418 0.0147159 0.0016330 0.0166993 0.0144396 0.0181809 0.0151252 0.0155994 0.0583701 0.0052523 0.0180403 0.0160681 0.0464302 0.0677392 0.0319180 0.0006340 0.0109719 0.0164667 0.5787644
  9 P   9 0.0499507 0.0188732 0.0125554 0.0109135 0.0017916 0.0085971 0.0219594 0.0045836 0.0073402 0.0048204 0.0125686 0.0072448 0.0091824 0.0081521 0.1317855 0.0633351 0.0271196 0.0000000 0.0119181 0.0202987 0.5670100
 10 N  10 0.0331769 0.0241642 0.0725914 0.0378774 0.0090093 0.0148130 0.0458971 0.0276429 0.0052462 0.0034982 0.0111763 0.0161093 0.0026749 0.0007897 0.0383699 0.0801761 0.0394613 0.0111297 0.0045306 0.0141020 0.5075638
 11 G  11 0.0296608 0.0239795 0.0313989 0.0304745 0.0158263 0.0134128 0.0401901 0.0953634 0.0093712 0.0013211 0.0112123 0.0174118 0.0037395 0.0021776 0.0580632 0.0832548 0.0186545 0.0009935 0.0126108 0.0145467 0.4863366
 12 G  12 0.0519816 0.0217590 0.0126792 0.0463322 0.0006119 0.0356747 0.0420674 0.0592806 0.0020343 0.0184770 0.0201727 0.0241189 0.0054187 0.0035962 0.0591546 0.1179357 0.0254333 0.0000000 0.0036402 0.0140492 0.4355825
 13 I  13 0.0451262 0.0255645 0.0143985 0.0331783 0.0041926 0.0167666 0.0451018 0.0341002 0.0095428 0.0634583 0.0531486 0.0091339 0.0126691 0.0000000 0.0954162 0.0413446 0.0361638 0.0000000 0.0051592 0.0503618 0.4051730
 14 P  14 0.0291293 0.0162927 0.0201888 0.0192294 0.0069751 0.0279215 0.0244870 0.0401167 0.0081251 0.0486147 0.0474463 0.0203943 0.0076673 0.0088616 0.1183124 0.0527311 0.0621761 0.0068764 0.0041849 0.0366259 0.3936435
 15 H  15 0.0353177 0.0219018 0.0209707 0.0831182 0.0015999 0.0510657 0.1182736 0.0493561 0.0324540 0.0050564 0.0087624 0.0293130 0.0031241 0.0036338 0.0732970 0.0652661 0.0410549 0.0081653 0.0122044 0.0072049 0.3288600
 16 D  16 0.0358971 0.0503011 0.0213179 0.0656838 0.0067782 0.0375431 0.0945096 0.1277196 0.0073284 0.0020192 0.0152067 0.0158480 0.0069511 0.0171591 0.0647095 0.0758062 0.0369281 0.0060841 0.0245365 0.0123269 0.2753459
 17 N  17 0.0129305 0.0372094 0.0429391 0.0911331 0.0122109 0.0472483 0.2071246 0.0759638 0.0291986 0.0199686 0.0082377 0.0709047 0.0081164 0.0033173 0.0170956 0.0185584 0.0247004 0.0000000 0.0054897 0.0267706 0.2408822
 18 L  18 0.0128683 0.0246278 0.0023850 0.0117070 0.0053767 0.0066192 0.0630853 0.0039428 0.0069479 0.1480259 0.1189588 0.0262094 0.0166664 0.0320477 0.0907559 0.0139302 0.0642545 0.0000000 0.0260540 0.1138969 0.2116405
 19 V  19 0.0016436 0.2038722 0.0043693 0.0029892 0.0074962 0.0301099 0.0388479 0.0011355 0.0405375 0.0705800 0.0769412 0.0377890 0.0256598 0.0652468 0.0044737 0.0220909 0.0455345 0.0010909 0.0395227 0.0856937 0.1943754
 20 L  20 0.0110876 0.0307627 0.0278331 0.0566630 0.0152051 0.0135234 0.1205863 0.0023252 0.0288269 0.0456258 0.0772673 0.0449621 0.0235583 0.0189849 0.0044612 0.0260335 0.2070638 0.0000000 0.0078245 0.0583620 0.1790434
 21 I  21 0.0115073 0.0000000 0.0000000 0.0000000 0.0064816 0.0010999 0.0012653 0.0000000 0.0049863 0.2694165 0.0424466 0.0016687 0.0095162 0.0008898 0.0000000 0.0044753 0.0259945 0.0000000 0.0000000 0.5080944 0.1121574
 22 R  22 0.0154474 0.0768932 0.0265879 0.0345042 0.0106617 0.0195027 0.2037419 0.0057085 0.0439117 0.0318420 0.0176758 0.0755595 0.0033828 0.0162659 0.0141303 0.0410157 0.1758520 0.0000000 0.0021480 0.0935938 0.0915749
 23 M  23 0.0061110 0.0030755 0.0012259 0.0026694 0.0032501 0.0000000 0.0012464 0.0009863 0.0019291 0.1957151 0.5567493 0.0000000 0.0275040 0.0169830 0.0000000 0.0000000 0.0009776 0.0000000 0.0023957 0.0937423 0.0854395
 24 K  24 0.0245244 0.0725860 0.0395892 0.0177061 0.0130556 0.0563510 0.1170562 0.0024912 0.0557023 0.0591618 0.0508342 0.0935733 0.0159555 0.0182233 0.0156906 0.0489356 0.0720882 0.0142697 0.0203845 0.1058797 0.0859417
 25 P  25 0.0074595 0.2891103 0.0000000 0.0027430 0.0009691 0.0011777 0.0013115 0.0041726 0.0016507 0.0073126 0.0224221 0.5014855 0.0018977 0.0016687 0.0364507 0.0014938 0.0099783 0.0000000 0.0000000 0.0131765 0.0955197
 26 D  26 0.0102051 0.0198332 0.0780193 0.1159769 0.0011355 0.0588474 0.0803337 0.2466461 0.0086790 0.0007603 0.0040991 0.0742929 0.0050076 0.0034864 0.0200113 0.1033703 0.0531061 0.0000000 0.0013296 0.0031163 0.1117440
 27 E  27 0.0740074 0.0298671 0.0124604 0.0827899 0.0020084 0.0322398 0.1637672 0.0442899 0.0151235 0.0071485 0.0098021 0.0417067 0.0056059 0.0024153 0.1858421 0.1270084 0.0294635 0.0009917 0.0080025 0.0098533 0.1156066
 28 N  28 0.0363236 0.0413778 0.1310836 0.0726750 0.0058524 0.0462513 0.0449460 0.1675465 0.0299650 0.0057688 0.0150203 0.0891166 0.0146244 0.0006900 0.0210094 0.1129132 0.0682930 0.0000000 0.0022974 0.0206147 0.0736310
 29 G  29 0.0479115 0.0233552 0.0154183 0.0316586 0.0022889 0.0321883 0.0866325 0.5114724 0.0083647 0.0012222 0.0079809 0.0476053 0.0101149 0.0000000 0.0009886 0.0666066 0.0151429 0.0000000 0.0142470 0.0248814 0.0519199
 30 R  30 0.0104313 0.0359997 0.0069173 0.0110506 0.0093199 0.0210325 0.0120673 0.3196093 0.0050578 0.0034148 0.0007200 0.0271529 0.0000000 0.0000000 0.0700287 0.1248753 0.0217936 0.0000000 0.0000000 0.0044201 0.3161088
 31 F  31 0.0009466 0.0000000 0.0000000 0.0000000 0.0011973 0.0000000 0.0000000 0.0000000 0.0016476 0.0039359 0.6636208 0.0000000 0.0071884 0.2361023 0.0012981 0.0009074 0.0000000 0.0490580 0.0102269 0.0025662 0.0213046
 32 G  32 0.0010923 0.0000000 0.0059452 0.0095282 0.0036868 0.0000000 0.0029252 0.9550671 0.0013307 0.0000000 0.0000000 0.0000000 0.0000000 0.0000000 0.0000000 0.0000000 0.0000000 0.0000000 0.0000000 0.0000000 0.0204245
 33 F  33 0.0021708 0.0000000 0.0000000 0.0000000 0.0099428 0.0000000 0.0000000 0.0000000 0.0000000 0.1952805 0.1500975 0.0000000 0.0254407 0.5822649 0.0000000 0.0000000 0.0017147 0.0000000 0.0000000 0.0132167 0.0198714
 34 N  34 0.0360410 0.0756342 0.1050939 0.0038547 0.0072224 0.0214867 0.0052114 0.0318321 0.0060331 0.0032620 0.0014207 0.0106554 0.0130609 0.0055959 0.0008087 0.4602389 0.1367371 0.0000000 0.0000000 0.0505834 0.0252274
 35 V  35 0.0043874 0.0000000 0.0000000 0.0000000 0.0000000 0.0000000 0.0000000 0.0000000 0.0000000 0.5802047 0.1948072 0.0000000 0.0044335 0.0160984 0.0000000 0.0020596 0.0019730 0.0000000 0.0000000 0.1704188 0.0256174
 36 K  36 0.1859588 0.1219125 0.0048032 0.0082470 0.0184117 0.0368116 0.0470189 0.0018001 0.0032776 0.0571893 0.0525604 0.0842285 0.0122598 0.0007217 0.0000000 0.0751814 0.0513853 0.0007085 0.0000000 0.2047547 0.0327689
 37 G  37 0.0170713 0.0208430 0.0024865 0.0237032 0.0014849 0.0049496 0.0096014 0.7724879 0.0014412 0.0021632 0.0017623 0.0116519 0.0000000 0.0000000 0.0031784 0.0356758 0.0179709 0.0000000 0.0025230 0.0008138 0.0701918
 38 G  38 0.0027301 0.0041405 0.0342578 0.0127194 0.0030640 0.0108049 0.0161295 0.7285110 0.0027815 0.0023257 0.0125211 0.0028938 0.0038332 0.0012701 0.0011534 0.0285650 0.0179933 0.0000000 0.0322233 0.0049893 0.0770930
 39 Y  39 0.0858253 0.1159757 0.0140835 0.0451941 0.0071441 0.0307695 0.0721256 0.0120306 0.0121734 0.0544277 0.0344683 0.2037301 0.0017476 0.0060879 0.0176852 0.0636471 0.0660937 0.0012301 0.0154494 0.0799877 0.0601234
 40 D  40 0.0093726 0.0259370 0.0545049 0.3500639 0.0050935 0.0057051 0.2377323 0.1416762 0.0044630 0.0028412 0.0116295 0.0166716 0.0028805 0.0019974 0.0081596 0.0413141 0.0196798 0.0000000 0.0075883 0.0047596 0.0479299
 41 Q  41 0.0073789 0.0103815 0.1175245 0.0181231 0.0031201 0.0589855 0.0737216 0.0313867 0.0964293 0.0041291 0.0164481 0.0222295 0.0128780 0.0645740 0.0632722 0.2019014 0.0670363 0.0012114 0.0440594 0.0172779 0.0679314
 42 K  42 0.0228113 0.0441479 0.1145291 0.1802472 0.0044636 0.0427872 0.0327735 0.1887168 0.0162469 0.0104523 0.0349411 0.0920336 0.0009608 0.0058054 0.0637481 0.0749405 0.0091227 0.0000000 0.0032123 0.0107656 0.0472941
 43 M  43 0.0271750 0.0135682 0.0211252 0.0262367 0.0267834 0.0662846 0.1049250 0.0265355 0.0346094 0.0557131 0.1271650 0.0262676 0.1133660 0.0050835 0.0490886 0.0725452 0.0591464 0.0000000 0.0142635 0.0832663 0.0468519
 44 P  44 0.0271774 0.0055560 0.0077019 0.0173525 0.0016286 0.0247331 0.0023242 0.4548429 0.0028213 0.0014375 0.0062543 0.0159098 0.0016958 0.0350583 0.2857254 0.0578023 0.0012183 0.0000000 0.0012311 0.0199579 0.0295716
 45 V  45 0.0069591 0.0000000 0.0000000 0.0000000 0.0178383 0.0341866 0.0000000 0.0000000 0.0267769 0.4955092 0.1567610 0.0000000 0.0091271 0.0102515 0.0245924 0.0075390 0.0042014 0.0000000 0.0054017 0.1787448 0.0221108
 46 I  46 0.0070199 0.0468639 0.0029924 0.0000000 0.0027687 0.0291613 0.0030810 0.0000000 0.0009140 0.0688633 0.0616952 0.0387703 0.0066453 0.2957044 0.0000000 0.0143489 0.0549752 0.0007337 0.2442713 0.1125170 0.0086741
 47 V  47 0.0014938 0.0000000 0.0000000 0.0000000 0.0012899 0.0011278 0.0012606 0.0018222 0.0000000 0.5287030 0.0097786 0.0000000 0.0017678 0.0017127 0.0000000 0.0000000 0.0000000 0.0000000 0.0000000 0.4423008 0.0087427
 48 S  48 0.0237362 0.0456173 0.0126300 0.0074509 0.0079300 0.0259916 0.0130821 0.0738527 0.0528041 0.0059794 0.0319465 0.2008234 0.0012626 0.0018767 0.0000000 0.3562272 0.0974568 0.0000000 0.0006067 0.0238921 0.0168335
 49 R  49 0.0427531 0.2005997 0.0286920 0.0582149 0.0051019 0.0305940 0.0646469 0.0426338 0.0429393 0.0008998 0.0085878 0.1833101 0.0248049 0.0253510 0.0000000 0.1544440 0.0657275 0.0011616 0.0043889 0.0008575 0.0142911
 50 V  50 0.0000000 0.0000000 0.0000000 0.0000000 0.0000000 0.0000000 0.0014469 0.0000000 0.0000000 0.4879854 0.1598952 0.0000000 0.0113000 0.0030937 0.0000000 0.0000000 0.0085144 0.0000000 0.0000000 0.3139258 0.0138386
 51 A  51 0.0675844 0.0399624 0.0310822 0.0499759 0.0025154 0.0334994 0.0494918 0.0024659 0.0173885 0.1436143 0.1136762 0.0407565 0.0115507 0.1059563 0.0020717 0.0432262 0.0787625 0.0000000 0.0313532 0.1182399 0.0168264
 52 P  52 0.0708185 0.0235895 0.0080798 0.0694180 0.0027048 0.0210016 0.1752855 0.0041812 0.0134805 0.0019431 0.0122946 0.1030355 0.0007754 0.0022018 0.4315171 0.0290341 0.0109188 0.0000000 0.0007674 0.0038688 0.0150838
 53 G  53 0.0086680 0.0253051 0.0898189 0.1414264 0.0005549 0.0154995 0.0451729 0.5323527 0.0191271 0.0030983 0.0099803 0.0244776 0.0038162 0.0005444 0.0040060 0.0290144 0.0089897 0.0000000 0.0066812 0.0040257 0.0274407
 54 T  54 0.0048056 0.0029419 0.0000000 0.0008800 0.0037837 0.0427308 0.0014183 0.5746908 0.0026187 0.0000000 0.0172821 0.0108916 0.0085620 0.0000000 0.0000000 0.2612244 0.0226480 0.0000000 0.0000000 0.0014064 0.0441157
 55 P  55 0.2765659 0.0059387 0.0007921 0.0072943 0.0063207 0.0160964 0.0114777 0.0065089 0.0000000 0.0399418 0.0589888 0.0529491 0.0027907 0.0000000 0.3011273 0.0407784 0.0071765 0.0000000 0.0005334 0.1266593 0.0380598
 56 A  56 0.8750770 0.0000000 0.0019910 0.0000000 0.0000000 0.0000000 0.0000000 0.0012347 0.0015066 0.0126868 0.0110105 0.0000000 0.0000000 0.0000000 0.0000000 0.0150860 0.0032720 0.0000000 0.0000000 0.0283311 0.0498043
 57 D  57 0.2374325 0.0032843 0.0016015 0.2483812 0.0034119 0.0153396 0.1792838 0.0486689 0.0568980 0.0116391 0.0011856 0.0053874 0.0012696 0.0113068 0.0036510 0.0547749 0.0031944 0.0070240 0.0192511 0.0119865 0.0750280
 58 L  58 0.0125487 0.2645349 0.0138128 0.0008666 0.0018880 0.1624989 0.0700219 0.0068679 0.0090204 0.0154456 0.1128311 0.1673235 0.0089846 0.0047027 0.0029504 0.0110334 0.0219511 0.0016887 0.0045198 0.0104827 0.0960262
 59 C  59 0.0709266 0.0113339 0.0137656 0.2912976 0.1149190 0.0028072 0.0183423 0.0105620 0.0137990 0.0034409 0.0095527 0.0042476 0.0099882 0.0000000 0.0011297 0.1376674 0.0412528 0.0065592 0.0000000 0.0266488 0.2117596
 60 V  60 0.0094265 0.0208619 0.0718855 0.0864836 0.0192649 0.0325205 0.0681800 0.0143867 0.0340033 0.0063129 0.0050704 0.0214931 0.0064543 0.0010153 0.0035171 0.0214653 0.0363406 0.0000000 0.0041610 0.0092316 0.5279257
 61 P  61 0.0953538 0.0017978 0.0022727 0.0020596 0.0000000 0.0045712 0.0026383 0.6599476 0.0018723 0.0023651 0.0026306 0.0050106 0.0000000 0.0000000 0.0358169 0.0218775 0.0023166 0.0000000 0.0012570 0.0015064 0.1567060
 62 R  62 0.0229169 0.3438278 0.0337834 0.0049572 0.0074104 0.0578004 0.0339113 0.1623934 0.0052944 0.0048253 0.0385224 0.1252441 0.0094479 0.0008021 0.0019202 0.0169022 0.0439320 0.0000000 0.0000000 0.0110119 0.0750968
 63 L  63 0.0000000 0.0000000 0.0000000 0.0000000 0.0011497 0.0018398 0.0000000 0.0000000 0.0000000 0.1616901 0.7374702 0.0000000 0.0408062 0.0075609 0.0018222 0.0000000 0.0000000 0.0000000 0.0000000 0.0418509 0.0058099
 64 N  64 0.0298621 0.2139436 0.0282891 0.0071064 0.0349461 0.1610488 0.0327665 0.0083156 0.0580649 0.0095623 0.0415028 0.2068170 0.0263324 0.0346407 0.0000000 0.0415138 0.0084420 0.0103648 0.0210778 0.0188967 0.0065066
 65 E  65 0.0746152 0.0590213 0.0000000 0.0010593 0.0104698 0.0302090 0.1112316 0.0038306 0.0034488 0.0942072 0.0215648 0.0435644 0.0154987 0.0022635 0.1231066 0.0365388 0.0440372 0.0000000 0.0017636 0.3141962 0.0093735
 66 G  66 0.0111746 0.0024605 0.0436894 0.0081260 0.0010241 0.0040361 0.0125681 0.8718362 0.0123760 0.0000000 0.0097759 0.0014681 0.0007569 0.0032196 0.0000000 0.0029993 0.0028961 0.0000000 0.0051044 0.0000000 0.0064884
 67 D  67 0.0000000 0.0000000 0.0029934 0.9332275 0.0008630 0.0058850 0.0123810 0.0069402 0.0057826 0.0000000 0.0021299 0.0010892 0.0077566 0.0049250 0.0000000 0.0029787 0.0016183 0.0000000 0.0023872 0.0007140 0.0083283
 68 Q  68 0.0517141 0.2127611 0.0019730 0.0000000 0.0246534 0.2027641 0.1802661 0.0020091 0.0326054 0.0547821 0.0433578 0.0701667 0.0076077 0.0098485 0.0000000 0.0061725 0.0094127 0.0039636 0.0047716 0.0746822 0.0064884
 69 V  69 0.0010235 0.0000000 0.0012032 0.0000000 0.0000000 0.0000000 0.0000000 0.0000000 0.0000000 0.6244011 0.2509310 0.0000000 0.0015218 0.0000000 0.0019907 0.0000000 0.0010746 0.0000000 0.0000000 0.1113656 0.0064884
 70 V  70 0.0007216 0.0008351 0.0000000 0.0000000 0.0047222 0.0027660 0.0000000 0.0000000 0.0108790 0.1253148 0.5912302 0.0112621 0.0372601 0.0012301 0.0000000 0.0092943 0.0153486 0.0000000 0.0017595 0.1831912 0.0041851
 71 L  71 0.2204619 0.0455498 0.0074652 0.0150346 0.0124619 0.0567978 0.2645592 0.0073082 0.0056540 0.0016692 0.0155508 0.0526316 0.0175574 0.0228263 0.0000000 0.1934976 0.0149636 0.0034830 0.0325436 0.0057989 0.0041851
 72 I  72 0.0149878 0.0000000 0.0000000 0.0000000 0.0046944 0.0000000 0.0000000 0.0000000 0.0000000 0.3302001 0.0217070 0.0000000 0.0016539 0.0013962 0.0000000 0.0000000 0.0000000 0.0000000 0.0000000 0.6197972 0.0055633
 73 N  73 0.0028365 0.0013038 0.7896197 0.1319539 0.0129954 0.0074825 0.0022788 0.0244162 0.0026084 0.0000000 0.0000000 0.0000000 0.0014949 0.0000000 0.0000000 0.0083729 0.0000000 0.0018467 0.0053070 0.0000000 0.0074833
 74 G  74 0.0032524 0.0091566 0.0553342 0.1039780 0.0008686 0.0094071 0.0468883 0.6672424 0.0262344 0.0000000 0.0014485 0.0141291 0.0007712 0.0000000 0.0000000 0.0461401 0.0068050 0.0000000 0.0015108 0.0000000 0.0068334
 75 R  75 0.0227613 0.0515394 0.0128575 0.0059499 0.0090576 0.1017512 0.1106781 0.0042584 0.0278600 0.1604205 0.0177258 0.0671753 0.0137289 0.0082778 0.0000000 0.0139891 0.1214533 0.0013750 0.0186371 0.2236704 0.0068334
 76 D  76 0.0234999 0.0357682 0.1467915 0.2239002 0.0375312 0.0112049 0.0161838 0.0083742 0.0048389 0.0248688 0.0149800 0.0091277 0.0026644 0.0013583 0.0902945 0.2931840 0.0230952 0.0010584 0.0045072 0.0187092 0.0080593
 77 I  77 0.0109839 0.0000000 0.0000000 0.0000000 0.0058529 0.0000000 0.0000000 0.0000000 0.0000000 0.0764469 0.4172234 0.0000000 0.0321864 0.0516629 0.0000000 0.0024696 0.1113553 0.0000000 0.0015319 0.2822275 0.0080593
 78 A  78 0.0482478 0.1569262 0.0089658 0.0470906 0.0098687 0.1084115 0.1604360 0.0052916 0.0248776 0.0331014 0.0831891 0.0609355 0.0030919 0.0028935 0.0050157 0.0842281 0.0733582 0.0005992 0.0238114 0.0528268 0.0068334
 79 E  79 0.0185011 0.0199824 0.1831300 0.1096229 0.0050910 0.0160435 0.0618753 0.3970492 0.0399373 0.0014223 0.0034387 0.0328215 0.0012034 0.0009523 0.0026547 0.0584824 0.0330325 0.0004578 0.0034977 0.0018841 0.0089200
 80 H  80 0.1845105 0.0227553 0.0006185 0.0019862 0.0309069 0.0026627 0.0189080 0.0121447 0.0212916 0.0599242 0.1888749 0.0568616 0.1553116 0.0285612 0.0000000 0.0219279 0.0131447 0.0019852 0.0315947 0.1278755 0.0181539
 81 T  81 0.0288369 0.0340987 0.0192566 0.0224330 0.0098004 0.0034807 0.0186096 0.0081529 0.0148010 0.0072563 0.0130559 0.0248890 0.0096808 0.0000000 0.0500204 0.2519381 0.4508437 0.0000000 0.0007217 0.0127067 0.0194178
 82 H  82 0.0000000 0.0296591 0.0295090 0.0029824 0.0068017 0.0318951 0.0000000 0.0000000 0.6922598 0.0107311 0.0775921 0.0041605 0.0126252 0.0278446 0.0067044 0.0195710 0.0028670 0.0000000 0.0138300 0.0114578 0.0195093
 83 D  83 0.1030661 0.0321738 0.0430504 0.1195210 0.0058201 0.1310583 0.2122013 0.0271991 0.0224376 0.0071266 0.0463636 0.0536500 0.0068483 0.0128521 0.0054864 0.1008607 0.0342151 0.0005851 0.0122453 0.0092599 0.0139793
 84 Q  84 0.0256874 0.0425810 0.0260822 0.1540985 0.0006336 0.1876107 0.3909752 0.0009716 0.0145600 0.0031862 0.0182382 0.0506255 0.0066778 0.0031944 0.0000000 0.0201191 0.0213465 0.0000000 0.0102484 0.0085564 0.0146074
 85 V  85 0.6358122 0.0000000 0.0000000 0.0000000 0.0034110 0.0000000 0.0000000 0.0025860 0.0000000 0.0401507 0.0072687 0.0000000 0.0057968 0.0086285 0.0000000 0.0048372 0.0107299 0.0000000 0.0000000 0.2647236 0.0160553
 86 V  86 0.0739735 0.0205936 0.0068237 0.0007663 0.0050572 0.0460810 0.0073713 0.0000000 0.0094357 0.1299367 0.0635298 0.0020459 0.0053028 0.0013022 0.0000000 0.0247746 0.0091132 0.0127803 0.0114348 0.5466952 0.0229823
 87 L  87 0.1359033 0.0482546 0.1447725 0.0836930 0.0060607 0.1314464 0.1618066 0.0171710 0.0348580 0.0008490 0.0062769 0.0604331 0.0145997 0.0022831 0.0076055 0.0759321 0.0370495 0.0004972 0.0011233 0.0065110 0.0228734
 88 F  88 0.1607590 0.0071132 0.0009875 0.0000000 0.0100689 0.0064427 0.0043830 0.0025295 0.0018303 0.1708400 0.2866049 0.0368650 0.0567199 0.0264199 0.0000000 0.0073583 0.0379782 0.0018962 0.0036613 0.1539775 0.0235648
 89 I  89 0.0030973 0.0000000 0.0000000 0.0000000 0.0032498 0.0000000 0.0000000 0.0000000 0.0000000 0.2261696 0.6081311 0.0009394 0.0433994 0.0748254 0.0000000 0.0000000 0.0000000 0.0000000 0.0000000 0.0179281 0.0222599
 90 K  90 0.0172028 0.2472594 0.0041805 0.0048202 0.0000000 0.0989452 0.0091579 0.0077768 0.0155000 0.0086140 0.0058741 0.4683828 0.0023462 0.0000000 0.0000000 0.0297039 0.0354547 0.0000000 0.0000000 0.0062797 0.0385018
 91 A  91 0.1076563 0.0602844 0.1491991 0.0400935 0.0165674 0.1036950 0.0781171 0.0936539 0.0207980 0.0000000 0.0100418 0.0627293 0.0068565 0.0000000 0.0013689 0.1306857 0.0473163 0.0000000 0.0000000 0.0052822 0.0656545
 92 S  92 0.3615057 0.0028058 0.0035277 0.0008083 0.1120674 0.0120603 0.0027021 0.0322644 0.0007273 0.0288876 0.0234298 0.0000000 0.0021120 0.0007782 0.0072484 0.1609271 0.0960179 0.0000000 0.0006988 0.0439697 0.1074615
 93 C  93 0.0567573 0.0605205 0.0050740 0.0069453 0.0135419 0.0153016 0.0268584 0.2928811 0.0072191 0.0020780 0.0115985 0.0723409 0.0034254 0.0014186 0.1531880 0.0631693 0.0208367 0.0069064 0.0142850 0.0068475 0.1588064
 94 E  94 0.0150369 0.0562909 0.0801324 0.1094774 0.0009076 0.0732275 0.1003686 0.0451068 0.0224014 0.0133536 0.0142792 0.0790696 0.0021300 0.0090903 0.0555930 0.0552211 0.0132625 0.0006740 0.0166353 0.0122118 0.2255297
 95 R  95 0.0183685 0.0774751 0.0466590 0.0160731 0.0067995 0.0262390 0.0760919 0.0352181 0.0118429 0.0094694 0.0256481 0.0463452 0.0140751 0.0058325 0.0537717 0.0646260 0.0640205 0.0009626 0.0026653 0.0430810 0.3547353
 96 H  96 0.0302275 0.0119874 0.0101976 0.0101278 0.0042548 0.0122849 0.0084943 0.0172070 0.0171600 0.0553026 0.0818094 0.0168386 0.0046965 0.0113030 0.0154612 0.0294644 0.0118115 0.0009830 0.0058698 0.2547686 0.3897501
 97 S  97 0.0295786 0.0422534 0.0342907 0.0126691 0.0090598 0.0508334 0.0348792 0.0428266 0.0357597 0.0156028 0.0262131 0.0422748 0.0054439 0.0079863 0.0139589 0.0797609 0.1372371 0.0012098 0.0177612 0.0431888 0.3172119
 98 G  98 0.0243416 0.0209298 0.0163048 0.0092344 0.0016459 0.0103989 0.0051469 0.1673064 0.0008696 0.0290999 0.2853116 0.0222916 0.0251902 0.0222866 0.0262774 0.0136591 0.0216319 0.0000000 0.0007281 0.0268676 0.2704777
 99 E  99 0.0134387 0.0414109 0.0102216 0.0247165 0.0027613 0.0456324 0.1273706 0.0018214 0.0321757 0.0513531 0.0489772 0.0381067 0.0176777 0.0059481 0.0290748 0.0391970 0.1705959 0.0068274 0.0046814 0.1006534 0.1873581
100 L 100 0.0118119 0.0000000 0.0000000 0.0000000 0.0062087 0.0000000 0.0032501 0.0006837 0.0000000 0.1368355 0.1901037 0.0000000 0.0261388 0.0108497 0.0019261 0.0000000 0.0043647 0.0000000 0.0014579 0.5078545 0.0985148
101 M 101 0.0194210 0.1153296 0.0236750 0.0179959 0.0169327 0.0928580 0.0625012 0.0099640 0.0189314 0.0377723 0.0361266 0.0750992 0.0183784 0.0032944 0.0110511 0.0781508 0.1053040 0.0034949 0.0029183 0.0933892 0.1574121
102 L 102 0.0087910 0.0574482 0.0019907 0.0000000 0.0039336 0.0078470 0.0026856 0.0000000 0.0039005 0.0433655 0.4852945 0.0222977 0.0598788 0.0266525 0.0015725 0.0132960 0.0014704 0.0000000 0.0204809 0.0139152 0.2251794
103 L 103 0.0160501 0.0308163 0.0036057 0.0126672 0.0101522 0.0261288 0.0370360 0.0259988 0.0155552 0.0530827 0.1258098 0.0422161 0.0265050 0.0060611 0.0149976 0.0308436 0.1327118 0.0005671 0.0227379 0.1432712 0.2231856
104 V 104 0.0210459 0.0223961 0.0007499 0.0044108 0.0172147 0.0040879 0.0072621 0.0045240 0.0000000 0.1769704 0.0746304 0.0276287 0.0012267 0.0021945 0.0064607 0.0076350 0.0045083 0.0020081 0.0042529 0.3796934 0.2310995
105 R 105 0.0773503 0.2615054 0.0109148 0.0090144 0.0306687 0.0577310 0.0298773 0.0330168 0.0078710 0.0145768 0.0260298 0.0767509 0.0061312 0.0058559 0.0179733 0.0378377 0.0268007 0.0014653 0.0277766 0.0153058 0.2255466
106 P 106 0.0165096 0.3802386 0.0064508 0.0184637 0.0000000 0.0090598 0.0249513 0.0134768 0.0318476 0.0006378 0.0046478 0.0291601 0.0006430 0.0080644 0.1662500 0.0156126 0.0174621 0.0007881 0.0121328 0.0062246 0.2373783
107 N 107 0.0383115 0.0641401 0.0439423 0.0799173 0.0020054 0.0282653 0.0495894 0.1014064 0.0268961 0.0202667 0.0148555 0.0694777 0.0093741 0.0050191 0.0878706 0.0429817 0.0318731 0.0013422 0.0155343 0.0311047 0.2358265
108 A 108 0.0579447 0.0238528 0.0142744 0.0163543 0.0025700 0.0157640 0.0785152 0.1198016 0.0037213 0.0166421 0.0382306 0.0410012 0.0028221 0.0133640 0.1451259 0.0503105 0.0290036 0.0013780 0.0176206 0.0485043 0.2631988
109 V 109 0.0733536 0.0379839 0.0250505 0.0385107 0.0116283 0.0213325 0.0580431 0.0239776 0.0101250 0.0332518 0.0833298 0.0380463 0.0094277 0.0131011 0.0721945 0.0397560 0.0394751 0.0060946 0.0164761 0.0648834 0.2839586
110 Y 110 0.0443855 0.0202912 0.0195324 0.0236817 0.0110374 0.0224184 0.0345095 0.0218252 0.0200816 0.0321008 0.0531314 0.0524265 0.0061975 0.0201563 0.0989592 0.0810578 0.0191034 0.0033459 0.0593736 0.0674743 0.2889103
111 D 111 0.0353850 0.0210797 0.0260158 0.0708775 0.0028243 0.0334940 0.0515559 0.0136180 0.0110315 0.0082599 0.0294129 0.0288550 0.0043711 0.0035939 0.1959360 0.0895824 0.0423488 0.0000000 0.0168060 0.0230507 0.2919016
112 V 112 0.0457190 0.0418804 0.0159374 0.0360863 0.0084182 0.0252047 0.0533377 0.0411766 0.0197594 0.0240117 0.0466767 0.0349334 0.0070155 0.0280539 0.0671195 0.0703826 0.0259112 0.0182604 0.0133925 0.0772273 0.2994957
113 V 113 0.0587383 0.0201154 0.0100485 0.0429578 0.0041243 0.0138362 0.0509793 0.0246395 0.0140713 0.0323089 0.0535130 0.0389899 0.0196291 0.0343943 0.0679438 0.0955578 0.0495283 0.0000000 0.0259389 0.0314509 0.3112345
114 E 114 0.0287663 0.0288749 0.0211094 0.0423810 0.0104009 0.0351221 0.1332407 0.0252330 0.0041375 0.0159523 0.0148125 0.0762937 0.0039732 0.0090261 0.1146175 0.0539640 0.0348910 0.0008203 0.0043931 0.0157387 0.3262517
115 E 115 0.0450663 0.0263484 0.0312452 0.0340028 0.0011433 0.0520413 0.1159005 0.0148178 0.0093011 0.0228418 0.0283806 0.0260415 0.0047780 0.0046140 0.0525592 0.1132392 0.0435136 0.0044938 0.0144441 0.0205415 0.3346860
116 K 116 0.0190907 0.0455596 0.0201375 0.0397773 0.0027772 0.0326691 0.0580190 0.0261580 0.0118697 0.0285694 0.0236166 0.0628482 0.0159658 0.0057929 0.0458859 0.0889835 0.0515585 0.0041415 0.0124807 0.0421051 0.3619938
117 L 117 0.0406922 0.0101204 0.0235493 0.0187795 0.0166572 0.0237234 0.0195043 0.0186879 0.0131321 0.0291034 0.0779333 0.0101334 0.0169800 0.0081958 0.0618022 0.1117926 0.0428298 0.0160506 0.0118584 0.0591128 0.3693615
118 E 118 0.0426345 0.0265838 0.0256647 0.0634177 0.0047391 0.0373252 0.1137504 0.0214033 0.0370403 0.0077867 0.0154877 0.0339357 0.0042446 0.0021592 0.0338529 0.0760778 0.0343389 0.0007507 0.0030607 0.0294474 0.3862987
119 N 119 0.0176088 0.0200740 0.0373834 0.0898586 0.0092050 0.0354449 0.0908219 0.0189428 0.0038331 0.0122389 0.0295790 0.0254605 0.0078077 0.0034578 0.0612377 0.0936662 0.0210065 0.0075111 0.0025097 0.0124090 0.3999433
120 E 120 0.0535735 0.0070506 0.0084716 0.0335959 0.0039355 0.0382275 0.1119394 0.0224577 0.0036164 0.0174921 0.0354222 0.0239525 0.0111768 0.0068032 0.0243150 0.0821434 0.0354817 0.0016209 0.0091068 0.0159586 0.4536587
121 P 121 0.0222045 0.0071703 0.0079661 0.0181014 0.0039592 0.0114998 0.0099179 0.0102087 0.0065877 0.0142653 0.0383186 0.0358353 0.0071686 0.0033021 0.2295141 0.0596339 0.0193716 0.0000000 0.0040948 0.0090986 0.4817816
122 D 122 0.0555271 0.0165852 0.0177469 0.0475063 0.0013699 0.0210349 0.0117509 0.0365659 0.0045816 0.0077843 0.0355379 0.0149953 0.0041739 0.0045178 0.0428822 0.0979891 0.0410842 0.0148767 0.0086178 0.0165889 0.4982834
123 F 123 0.0472200 0.0360541 0.0205997 0.0205533 0.0018257 0.0191447 0.0183001 0.0292894 0.0301526 0.0074964 0.0320403 0.0201039 0.0095608 0.0366591 0.0247168 0.0673190 0.0124588 0.0066871 0.0248523 0.0238563 0.5111096
124 Q 124 0.0362885 0.0213048 0.0084870 0.0196405 0.0042077 0.0796026 0.0212766 0.0261152 0.0139304 0.0086855 0.0592737 0.0120323 0.0107480 0.0032503 0.0317823 0.0492382 0.0405380 0.0054860 0.0100576 0.0195375 0.5185172
125 Y 125 0.0227264 0.0195820 0.0207002 0.0208910 0.0012376 0.0097631 0.0128348 0.0138316 0.0317954 0.0065773 0.0265361 0.0416357 0.0119316 0.0226047 0.0207927 0.0636979 0.0522624 0.0033240 0.0500992 0.0167718 0.5304045
126 I 126 0.0343328 0.0152930 0.0111086 0.0146115 0.0000000 0.0146376 0.0255447 0.0094184 0.0068420 0.0257020 0.0580389 0.0170671 0.0022074 0.0071860 0.0298183 0.0874504 0.0415166 0.0000000 0.0081974 0.0430178 0.5480098
127 P 127 0.0173695 0.0041676 0.0067746 0.0075689 0.0052466 0.0275110 0.0194335 0.0282213 0.0048171 0.0024353 0.0083949 0.0079658 0.0014661 0.0010973 0.2539064 0.0259070 0.0077322 0.0000000 0.0013379 0.0039526 0.5646943
128 E 128 0.0170737 0.0076165 0.0243575 0.0196233 0.0026235 0.0249037 0.0512418 0.0109920 0.0188639 0.0099115 0.0496861 0.0212519 0.0086726 0.0031294 0.0459280 0.0617050 0.0314910 0.0000000 0.0025681 0.0129126 0.5754479
129 K 129 0.0271508 0.0114059 0.0257431 0.0157120 0.0030834 0.0133954 0.0273180 0.0686654 0.0191028 0.0059554 0.0327028 0.0221086 0.0061986 0.0011781 0.0380827 0.0655810 0.0213433 0.0000000 0.0037090 0.0130458 0.5785179
130 A 130 0.0280229 0.0120868 0.0027335 0.0184422 0.0083183 0.0157824 0.0083214 0.0044934 0.0045063 0.0033279 0.0106155 0.0090313 0.0027247 0.0218312 0.0667455 0.1379139 0.0438003 0.0009448 0.0035827 0.0096057 0.5871693
131 P 131 0.0165944 0.0180333 0.0061262 0.0237286 0.0008861 0.0063106 0.0321546 0.0073172 0.0095626 0.0060366 0.0096421 0.0137071 0.0009528 0.0059974 0.1529011 0.0464758 0.0155053 0.0000000 0.0033908 0.0164760 0.6082014
132 L 132 0.0401904 0.0339304 0.0095700 0.0110306 0.0011854 0.0274527 0.0187798 0.0083976 0.0074280 0.0259677 0.0490521 0.0097025 0.0142896 0.0039503 0.0224709 0.0280885 0.0224273 0.0000000 0.0032343 0.0361860 0.6266658
133 D 133 0.0386886 0.0174672 0.0190077 0.0391893 0.0061678 0.0119311 0.0314532 0.0240844 0.0073380 0.0045775 0.0099010 0.0048394 0.0009638 0.0000000 0.0200667 0.0729073 0.0209167 0.0018295 0.0024844 0.0247139 0.6414726
134 S 134 0.0167785 0.0269384 0.0104532 0.0060734 0.0029483 0.0046445 0.0208748 0.0400416 0.0051816 0.0009485 0.0016081 0.0068325 0.0007717 0.0028428 0.0518137 0.1172975 0.0183624 0.0000000 0.0009111 0.0049141 0.6597635
135 V 135 0.0161754 0.0027011 0.0041080 0.0039195 0.0046225 0.0219977 0.0113343 0.0178240 0.0269100 0.0099229 0.0553009 0.0084344 0.0090607 0.0026762 0.0081607 0.0657553 0.0225003 0.0021993 0.0074024 0.0237170 0.6752775
136 H 136 0.0091916 0.0027697 0.0171448 0.0048635 0.0000000 0.0120540 0.0160998 0.0223616 0.0482112 0.0128141 0.0094883 0.0024275 0.0020281 0.0046424 0.0782390 0.0264471 0.0151925 0.0000000 0.0029498 0.0153005 0.6977745
137 Q 137 0.0104050 0.0194025 0.0039913 0.0161960 0.0041582 0.0215752 0.0483967 0.0376283 0.0016986 0.0000000 0.0143843 0.0129794 0.0008361 0.0000000 0.0137537 0.0577695 0.0104304 0.0000000 0.0010350 0.0021822 0.7231776
138 D 138 0.0056258 0.0031234 0.0258190 0.0651515 0.0000000 0.0045315 0.0170162 0.0097371 0.0000000 0.0000000 0.0035839 0.0043683 0.0012301 0.0014979 0.0046825 0.0480672 0.0214556 0.0017684 0.0033792 0.0014379 0.7775244
139 D 139 0.0000000 0.0079288 0.0102422 0.0632089 0.0000000 0.0306196 0.0126153 0.0037592 0.0050561 0.0014324 0.0010105 0.0042521 0.0000000 0.0000000 0.0007948 0.0200317 0.0049207 0.0000000 0.0072946 0.0000000 0.8268330
140 H 140 0.0000000 0.0163011 0.0147446 0.0000000 0.0000000 0.0138955 0.0000000 0.0000000 0.0588887 0.0000000 0.0000000 0.0062535 0.0000000 0.0000000 0.0000000 0.0000000 0.0000000 0.0000000 0.0040405 0.0000000 0.8858761
