   71         A         R         N         D         C         Q         E         G         H         I         L         K         M         F         P         S         T         W         Y         V         X    
  1 E   1 0.0000000 0.0000000 0.0000000 0.0568189 0.0000000 0.0132909 0.0944611 0.0000000 0.0000000 0.0000000 0.0000000 0.0160070 0.0000000 0.0000000 0.0000000 0.0000000 0.0000000 0.0000000 0.0000000 0.0000000 0.8194221
  2 S   2 0.0145476 0.0000000 0.0000000 0.0516495 0.0000000 0.0192797 0.0370947 0.0063678 0.0000000 0.0079630 0.0000000 0.1042489 0.0000000 0.0000000 0.0049732 0.0196271 0.0000000 0.0000000 0.0000000 0.0000000 0.7342485
  3 Q   3 0.0125884 0.0000000 0.0025410 0.0000000 0.0000000 0.0808471 0.0189908 0.0057463 0.0000000 0.0031852 0.0000000 0.0156775 0.0000000 0.0000000 0.0000000 0.0028460 0.0505786 0.0508937 0.0000000 0.0708757 0.6852297
  4 P   4 0.0055460 0.0177026 0.0074761 0.0000000 0.0000000 0.0087891 0.0400392 0.0072330 0.0000000 0.0201764 0.0341107 0.0211461 0.0000000 0.0000000 0.1490132 0.0192260 0.0034830 0.0000000 0.0000000 0.0120334 0.6540251
  5 A   5 0.1124484 0.0112464 0.0350904 0.0242898 0.0000000 0.0210970 0.1271699 0.0000000 0.0049964 0.0056835 0.0118979 0.0108315 0.0000000 0.0000000 0.0139712 0.0151792 0.0000000 0.0000000 0.0000000 0.0609690 0.5451294
  6 K   6 0.0285311 0.0000000 0.0280292 0.0202924 0.0000000 0.0790196 0.1182219 0.0645549 0.0099499 0.0191779 0.0113885 0.0261034 0.0089417 0.0101208 0.0183607 0.0174948 0.0369936 0.0000000 0.0000000 0.0227799 0.4800395
  7 K   7 0.0712344 0.0051196 0.0586409 0.0396154 0.0000000 0.0219126 0.1523533 0.0044601 0.0000000 0.0050522 0.0045584 0.0717404 0.0030787 0.0000000 0.0931271 0.0190219 0.0166832 0.0000000 0.0000000 0.0059289 0.4274727
  8 T   8 0.0130311 0.0076356 0.0084406 0.0405774 0.0000000 0.0254369 0.2323822 0.0061161 0.0165147 0.0141709 0.0048246 0.0429578 0.0033143 0.0000000 0.0981721 0.0124671 0.0345982 0.0000000 0.0000000 0.0136371 0.4257234
  9 Y   9 0.0124655 0.0564345 0.0168578 0.0120716 0.0000000 0.0135495 0.0215475 0.0574322 0.0107296 0.0057189 0.0623170 0.0343967 0.0178005 0.0157678 0.1598865 0.0121981 0.0313643 0.0000000 0.0426577 0.0255680 0.3912362
 10 T  10 0.0289920 0.0044061 0.0056175 0.0505484 0.0000000 0.0468188 0.1361239 0.0224130 0.0047446 0.0080816 0.0316923 0.0608468 0.0100593 0.0000000 0.0324016 0.0284440 0.0740146 0.0000000 0.0000000 0.1140971 0.3406984
 11 W  11 0.0054775 0.0038557 0.0113145 0.0138783 0.0000000 0.0225806 0.0596492 0.0171489 0.0086541 0.0142314 0.0265196 0.0223593 0.0077734 0.1715354 0.0585379 0.0193968 0.0046368 0.0348702 0.1654392 0.0000000 0.3321414
 12 N  12 0.1380674 0.0133577 0.0415295 0.0282869 0.0000000 0.0235052 0.0311795 0.0359500 0.0017492 0.0032150 0.1148628 0.0905739 0.0025634 0.0221067 0.0085246 0.0914175 0.0185251 0.0000000 0.0000000 0.0300082 0.3045774
 13 T  13 0.0177395 0.0000000 0.0734179 0.0572767 0.0000000 0.0000000 0.0186343 0.0000000 0.0000000 0.0104538 0.0089004 0.0250142 0.0124154 0.0000000 0.0395756 0.2607887 0.2628211 0.0000000 0.0000000 0.0084076 0.2045549
 14 K  14 0.0141820 0.0520714 0.0134896 0.0299874 0.0000000 0.0205862 0.1141221 0.0021926 0.0211538 0.0028857 0.0583037 0.3052583 0.0098955 0.0335034 0.0610399 0.0321703 0.0144424 0.0000000 0.0192785 0.0160136 0.1794237
 15 E  15 0.0745579 0.0110071 0.0304678 0.0440813 0.0000000 0.0400359 0.5360984 0.0058137 0.0000000 0.0000000 0.0259015 0.0595159 0.0029974 0.0000000 0.0041203 0.0214464 0.0234617 0.0000000 0.0000000 0.0000000 0.1204948
 16 E  16 0.0510374 0.0159961 0.0197162 0.1780271 0.0000000 0.0178357 0.5107671 0.0029324 0.0000000 0.0145495 0.0000000 0.0353272 0.0068225 0.0000000 0.0000000 0.0075725 0.0086165 0.0000000 0.0000000 0.0166683 0.1141315
 17 A  17 0.5533961 0.1476260 0.0095427 0.0145844 0.0252558 0.0123447 0.0043236 0.0305851 0.0000000 0.0214941 0.0186697 0.0138943 0.0149858 0.0000000 0.0174471 0.0285222 0.0114780 0.0000000 0.0000000 0.0191569 0.0566935
 18 K  18 0.0490792 0.0907529 0.0105917 0.0043236 0.0000000 0.0118970 0.2045796 0.0032705 0.0047027 0.0930471 0.0286192 0.2875746 0.0265574 0.0000000 0.0021401 0.0140734 0.0345936 0.0000000 0.0000000 0.0854361 0.0487613
 19 Q  19 0.2393006 0.0680480 0.0467755 0.0691604 0.0000000 0.0719587 0.1806099 0.0073059 0.0051041 0.0235830 0.0197452 0.0896040 0.0147985 0.0072551 0.0000000 0.0287496 0.0708990 0.0000000 0.0057270 0.0104322 0.0409436
 20 A  20 0.3693525 0.0144561 0.0132463 0.0788872 0.0041775 0.0953846 0.0453230 0.0162873 0.0360424 0.0108472 0.1461418 0.0206889 0.0171607 0.0046620 0.0000000 0.0337703 0.0217527 0.0116589 0.0000000 0.0227023 0.0374583
 21 F  21 0.0000000 0.0000000 0.0000000 0.0000000 0.0000000 0.0000000 0.0000000 0.0000000 0.0000000 0.0116589 0.0342161 0.0000000 0.0000000 0.9151748 0.0000000 0.0000000 0.0000000 0.0000000 0.0212674 0.0000000 0.0176829
 22 K  22 0.0105616 0.1556844 0.0232978 0.0000000 0.0000000 0.0232149 0.0047786 0.0000000 0.0020445 0.0498377 0.0428751 0.4242966 0.0694842 0.0345311 0.0000000 0.0128104 0.0522641 0.0060874 0.0071233 0.0600116 0.0210968
 23 E  23 0.0736391 0.0346377 0.0221012 0.1499459 0.0000000 0.0923502 0.2426920 0.0216340 0.0146410 0.0070731 0.0078751 0.1808292 0.0037789 0.0045877 0.0000000 0.0797007 0.0370564 0.0000000 0.0060874 0.0036875 0.0176829
 24 L  24 0.0064789 0.0000000 0.0000000 0.0000000 0.0000000 0.0000000 0.0000000 0.0000000 0.0000000 0.0072540 0.5334830 0.0000000 0.3688561 0.0392710 0.0000000 0.0000000 0.0000000 0.0076356 0.0000000 0.0159247 0.0210968
 25 L  25 0.0000000 0.0000000 0.0000000 0.0000000 0.0000000 0.0000000 0.0000000 0.0000000 0.0000000 0.0000000 0.9104099 0.0000000 0.0290846 0.0428227 0.0000000 0.0000000 0.0000000 0.0000000 0.0000000 0.0000000 0.0176829
 26 K  26 0.0681780 0.2356807 0.0400434 0.0839441 0.0050522 0.0280611 0.1662051 0.0000000 0.0076006 0.0113050 0.0628263 0.2099873 0.0000000 0.0000000 0.0000000 0.0301193 0.0234118 0.0000000 0.0058145 0.0040877 0.0176829
 27 E  27 0.0174682 0.0723750 0.0074093 0.2623785 0.0000000 0.0209719 0.4697003 0.0000000 0.0000000 0.0000000 0.0190135 0.0282204 0.0000000 0.0000000 0.0000000 0.0814095 0.0000000 0.0000000 0.0000000 0.0033704 0.0176829
 28 K  28 0.0875563 0.1195327 0.0925930 0.0000000 0.0166690 0.0000000 0.0047027 0.0054213 0.0612439 0.0191384 0.0237574 0.3117174 0.0125324 0.0593157 0.0000000 0.0592661 0.0214586 0.0000000 0.0607239 0.0266884 0.0176829
 29 R  29 0.0077263 0.0511902 0.2214504 0.1183565 0.0000000 0.0666316 0.0771350 0.2085911 0.0391300 0.0000000 0.0022902 0.1348816 0.0000000 0.0000000 0.0000000 0.0558437 0.0053310 0.0000000 0.0000000 0.0056847 0.0057577
 30 V  30 0.0051204 0.0000000 0.0000000 0.0000000 0.0096493 0.0000000 0.0000000 0.0000000 0.0000000 0.3288198 0.0611931 0.0000000 0.0000000 0.0323416 0.0074342 0.0000000 0.0056847 0.0000000 0.0000000 0.5497570 0.0000000
 31 P  31 0.0255424 0.0187316 0.1864769 0.1524543 0.0047786 0.0808209 0.0149743 0.0464458 0.0224476 0.0073738 0.0019609 0.0064468 0.0115015 0.0000000 0.0998075 0.2225712 0.0949289 0.0000000 0.0000000 0.0027369 0.0000000
 32 S  32 0.1666412 0.0136899 0.0094759 0.0000000 0.0092331 0.0033079 0.0038707 0.0375449 0.0000000 0.0045896 0.0115938 0.0000000 0.0000000 0.0000000 0.4036928 0.3026737 0.0277031 0.0000000 0.0000000 0.0059833 0.0000000
 33 N  33 0.0041226 0.0558538 0.0667218 0.1531335 0.0000000 0.0129752 0.0190611 0.0194061 0.0000000 0.0167403 0.0190629 0.0427407 0.0232640 0.1861963 0.0000000 0.1031365 0.1553881 0.0000000 0.1221969 0.0000000 0.0000000
 34 A  34 0.1351828 0.0000000 0.0047135 0.0000000 0.0218791 0.0047021 0.0000000 0.0000000 0.0152740 0.0212801 0.0454160 0.0000000 0.0446481 0.0057908 0.0000000 0.3143931 0.1035547 0.2677392 0.0034921 0.0119344 0.0000000
 35 S  35 0.0055355 0.0690717 0.0513314 0.0000000 0.0000000 0.0027735 0.0000000 0.0000000 0.0235502 0.0000000 0.0000000 0.1055076 0.0000000 0.0000000 0.1269149 0.1709355 0.4443799 0.0000000 0.0000000 0.0000000 0.0000000
 36 W  36 0.0000000 0.0000000 0.0000000 0.0000000 0.0000000 0.0000000 0.0000000 0.0000000 0.0000000 0.0000000 0.0000000 0.0000000 0.0000000 0.1438024 0.0000000 0.0000000 0.0000000 0.8351707 0.0135258 0.0075010 0.0000000
 37 E  37 0.0050419 0.0096148 0.0174122 0.2273082 0.0000000 0.0764463 0.4910444 0.0104300 0.0092212 0.0000000 0.0000000 0.0163992 0.0000000 0.0000000 0.0040306 0.1104389 0.0226121 0.0000000 0.0000000 0.0000000 0.0000000
 38 Q  38 0.0179807 0.0501655 0.0449727 0.0532559 0.0000000 0.2634122 0.0782877 0.0060874 0.0047478 0.0167569 0.0192024 0.3416011 0.0147911 0.0000000 0.0000000 0.0380809 0.0357423 0.0000000 0.0000000 0.0115015 0.0034139
 39 A  39 0.2775595 0.0000000 0.0000000 0.0000000 0.0235609 0.0107855 0.2023632 0.0023741 0.0000000 0.0678931 0.0598502 0.0000000 0.0000000 0.0398810 0.0000000 0.0225494 0.1047744 0.0038263 0.0000000 0.1845824 0.0000000
 40 M  40 0.0477924 0.0086320 0.0000000 0.0000000 0.0071233 0.0264049 0.0205112 0.0000000 0.0038263 0.1380657 0.3076033 0.0436479 0.2354491 0.0027494 0.0000000 0.0161933 0.0000000 0.0000000 0.0085826 0.1334187 0.0000000
 41 K  41 0.0364110 0.2566247 0.0073370 0.0337512 0.0000000 0.0132538 0.1392694 0.0054213 0.1014529 0.0000000 0.0000000 0.2050275 0.0000000 0.0000000 0.1083254 0.0741556 0.0148320 0.0000000 0.0000000 0.0041382 0.0000000
 42 M  42 0.0805306 0.0396315 0.0227548 0.0107250 0.0000000 0.0387521 0.0927365 0.0000000 0.0227424 0.0736017 0.0860215 0.3517103 0.0457436 0.0138191 0.0000000 0.0258710 0.0203818 0.0074807 0.0118961 0.0521874 0.0034139
 43 I  43 0.0084655 0.0000000 0.0000000 0.0000000 0.0309447 0.0000000 0.0000000 0.0124135 0.0227724 0.5063681 0.1895721 0.0000000 0.0155238 0.1154900 0.0000000 0.0024990 0.0283680 0.0000000 0.0096544 0.0579288 0.0000000
 44 I  44 0.0610936 0.0288588 0.0033792 0.0060543 0.0248599 0.0561020 0.0662249 0.0245251 0.0000000 0.2486623 0.0223942 0.0240473 0.0161662 0.0207006 0.0000000 0.0682222 0.0309472 0.0000000 0.0117251 0.2860370 0.0000000
 45 N  45 0.0331824 0.0338071 0.1775541 0.1075608 0.0000000 0.0238112 0.0592930 0.0388852 0.0366203 0.0000000 0.0038707 0.1250629 0.0062103 0.1555953 0.0000000 0.0912252 0.0928288 0.0000000 0.0024511 0.0120417 0.0000000
 46 D  46 0.0063021 0.0000000 0.0247665 0.8926617 0.0000000 0.0000000 0.0390287 0.0000000 0.0000000 0.0000000 0.0000000 0.0268846 0.0000000 0.0055355 0.0000000 0.0048210 0.0000000 0.0000000 0.0000000 0.0000000 0.0000000
 47 P  47 0.0537026 0.0171396 0.0119001 0.0163980 0.0000000 0.0149201 0.0644692 0.0131383 0.0000000 0.0088997 0.0097066 0.0827413 0.0043608 0.0052524 0.6116980 0.0558137 0.0149159 0.0092212 0.0057224 0.0000000 0.0000000
 48 R  48 0.0074550 0.7654018 0.0124135 0.0034499 0.0000000 0.0681148 0.0255832 0.0063021 0.0057029 0.0071233 0.0559006 0.0150666 0.0040403 0.0000000 0.0030794 0.0000000 0.0057908 0.0000000 0.0050522 0.0095237 0.0000000
 49 Y  49 0.0000000 0.0000000 0.0000000 0.0000000 0.0000000 0.0000000 0.0000000 0.0000000 0.0054775 0.0000000 0.0065126 0.0000000 0.0000000 0.1990674 0.0000000 0.0000000 0.0000000 0.1027423 0.6788266 0.0000000 0.0073735
 50 S  50 0.0326874 0.1251094 0.0221159 0.0073620 0.0000000 0.0311554 0.0297909 0.0676438 0.0125410 0.0055659 0.1289856 0.1937204 0.0094343 0.0106341 0.0179739 0.0589667 0.1056560 0.0871836 0.0253230 0.0178194 0.0103312
 51 A  51 0.4896988 0.0000000 0.0126585 0.0039610 0.0143699 0.0175677 0.0165369 0.0117340 0.0000000 0.0328948 0.1829990 0.0127989 0.0102995 0.0000000 0.0000000 0.0839852 0.0147307 0.0000000 0.0000000 0.0793644 0.0164008
 52 L  52 0.0000000 0.0000000 0.0000000 0.0000000 0.0144736 0.0000000 0.0073735 0.0000000 0.0000000 0.1820177 0.5372350 0.0000000 0.0213965 0.0545830 0.0033934 0.0000000 0.0000000 0.0000000 0.0000000 0.1631265 0.0164008
 53 A  53 0.0228217 0.0793265 0.0924546 0.0703774 0.0000000 0.0040473 0.0739190 0.0321581 0.0088820 0.0000000 0.0131606 0.2241009 0.0000000 0.0000000 0.1865383 0.0621100 0.0265471 0.0000000 0.0000000 0.0256105 0.0779462
 54 K  54 0.0114077 0.0251787 0.1258318 0.1590394 0.0000000 0.0142773 0.0146666 0.0034708 0.0000000 0.0000000 0.0000000 0.1245697 0.0000000 0.0000000 0.0000000 0.1562543 0.3066767 0.0000000 0.0000000 0.0047786 0.0538486
 55 L  55 0.0585002 0.0314653 0.0158050 0.0214912 0.0031541 0.0036875 0.0000000 0.0085826 0.0427900 0.0456369 0.1699737 0.0263832 0.1326450 0.0076123 0.1792148 0.0743535 0.0564936 0.0000000 0.0061472 0.0515040 0.0645599
 56 S  56 0.0771919 0.0945354 0.0376745 0.0267851 0.0000000 0.0095055 0.0949403 0.1585054 0.0000000 0.0139041 0.0636021 0.2127358 0.0047119 0.0000000 0.0000000 0.1216240 0.0305084 0.0098355 0.0000000 0.0173072 0.0266328
 57 E  57 0.0883716 0.0172982 0.0000000 0.1469876 0.0000000 0.0241786 0.5325462 0.0030655 0.0163059 0.0000000 0.0098374 0.0512291 0.0037020 0.0000000 0.0000000 0.0363102 0.0202828 0.0206390 0.0040240 0.0035458 0.0216763
 58 K  58 0.0000000 0.7487895 0.0000000 0.0000000 0.0000000 0.0165248 0.0000000 0.0000000 0.0000000 0.0000000 0.0000000 0.2130094 0.0000000 0.0000000 0.0000000 0.0000000 0.0000000 0.0000000 0.0000000 0.0000000 0.0216763
 59 K  59 0.0000000 0.1916184 0.0070886 0.0065838 0.0000000 0.0223719 0.1288981 0.0000000 0.0072540 0.0000000 0.0000000 0.6088439 0.0000000 0.0000000 0.0000000 0.0075266 0.0000000 0.0000000 0.0000000 0.0000000 0.0198147
 60 Q  60 0.1435273 0.0422526 0.0148958 0.0949804 0.0063021 0.3705513 0.1544043 0.0034546 0.0098160 0.0048270 0.0144392 0.0270800 0.0062030 0.0000000 0.0000000 0.0593124 0.0270059 0.0000000 0.0000000 0.0045472 0.0164008
 61 A  61 0.2864064 0.0000000 0.0000000 0.0000000 0.0619655 0.0032638 0.0201197 0.0000000 0.0000000 0.0866504 0.2429325 0.0000000 0.0240119 0.0139024 0.0000000 0.0154324 0.0410225 0.0060543 0.0062750 0.1576279 0.0343354
 62 F  62 0.0000000 0.0000000 0.0000000 0.0000000 0.0000000 0.0000000 0.0000000 0.0000000 0.0058566 0.0000000 0.0260506 0.0000000 0.0000000 0.7360840 0.0000000 0.0000000 0.0000000 0.1013971 0.0962763 0.0000000 0.0343354
 63 N  63 0.0302473 0.0184678 0.2566980 0.1586157 0.0045877 0.0480390 0.3211426 0.0037020 0.0094074 0.0034546 0.0048654 0.0074093 0.0000000 0.0000000 0.0000000 0.0847530 0.0076069 0.0000000 0.0000000 0.0031342 0.0378688
 64 A  64 0.1229609 0.0040473 0.0352762 0.0490809 0.0000000 0.0830789 0.3742417 0.0000000 0.0235098 0.0024996 0.0000000 0.2052874 0.0029138 0.0000000 0.0000000 0.0219683 0.0185493 0.0000000 0.0000000 0.0120184 0.0445674
 65 Y  65 0.0035166 0.0000000 0.0000000 0.0000000 0.0000000 0.0000000 0.0000000 0.0000000 0.0090575 0.0000000 0.0000000 0.0000000 0.0048194 0.2072280 0.0000000 0.0000000 0.0000000 0.1637758 0.5619822 0.0000000 0.0496204
 66 K  66 0.0256300 0.0044927 0.0000000 0.0000000 0.1576848 0.0428319 0.0000000 0.0000000 0.0000000 0.0958916 0.1617205 0.1062330 0.0258721 0.0040240 0.0000000 0.0808364 0.0571434 0.0000000 0.0000000 0.1870767 0.0505630
 67 V  67 0.0672304 0.1631498 0.0145388 0.0203525 0.0029862 0.0440277 0.0350455 0.0240781 0.0138109 0.0053252 0.0308497 0.1340378 0.0161743 0.0000000 0.0000000 0.0957623 0.0995909 0.0000000 0.0000000 0.1305045 0.1025353
 68 Q  68 0.0477447 0.0183301 0.0314135 0.1522693 0.0000000 0.2084125 0.1905303 0.0000000 0.0243522 0.0101587 0.0000000 0.0565102 0.0060874 0.0047478 0.0000000 0.0324396 0.0755475 0.0000000 0.0000000 0.0081649 0.1332913
 69 T  69 0.0598688 0.3685753 0.0000000 0.0000000 0.0000000 0.0060862 0.0115057 0.0000000 0.0052755 0.0299096 0.0876050 0.1378468 0.0000000 0.0040403 0.0000000 0.0057908 0.0248435 0.0000000 0.0000000 0.0809640 0.1776886
 70 E  70 0.1388159 0.1214786 0.0000000 0.0033792 0.0000000 0.0543583 0.0300278 0.0116685 0.0000000 0.0939816 0.0427693 0.1022215 0.0059443 0.0041203 0.0000000 0.0158977 0.0228153 0.0000000 0.0000000 0.0308331 0.3216887
 71 K  71 0.0000000 0.0960779 0.0000000 0.0000000 0.0000000 0.0719575 0.0800872 0.0000000 0.0000000 0.0000000 0.0000000 0.2776400 0.0000000 0.0000000 0.0000000 0.0000000 0.0000000 0.0000000 0.0000000 0.0000000 0.4742375
