   71         A         R         N         D         C         Q         E         G         H         I         L         K         M         F         P         S         T         W         Y         V    
  1 E   1 0.0000000 0.0000000 0.0000000 0.3213182 0.0000000 0.0771299 0.5094183 0.0000000 0.0000000 0.0000000 0.0000000 0.0921336 0.0000000 0.0000000 0.0000000 0.0000000 0.0000000 0.0000000 0.0000000 0.0000000
  2 S   2 0.0532569 0.0000000 0.0000000 0.1883194 0.0000000 0.0598368 0.1460457 0.0256736 0.0000000 0.0311967 0.0000000 0.3986302 0.0000000 0.0000000 0.0195325 0.0775081 0.0000000 0.0000000 0.0000000 0.0000000
  3 Q   3 0.0419133 0.0000000 0.0085739 0.0000000 0.0000000 0.2582258 0.0625313 0.0191313 0.0000000 0.0106801 0.0000000 0.0524457 0.0000000 0.0000000 0.0000000 0.0095617 0.1489292 0.1706842 0.0000000 0.2173236
  4 P   4 0.0167166 0.0522122 0.0227702 0.0000000 0.0000000 0.0264184 0.1199117 0.0214217 0.0000000 0.0579079 0.1041850 0.0627968 0.0000000 0.0000000 0.4105033 0.0582311 0.0104980 0.0000000 0.0000000 0.0364271
  5 A   5 0.2504284 0.0257351 0.0774417 0.0553250 0.0000000 0.0472118 0.2726269 0.0000000 0.0115548 0.0132155 0.0265852 0.0249264 0.0000000 0.0000000 0.0317583 0.0339137 0.0000000 0.0000000 0.0000000 0.1292772
  6 K   6 0.0551894 0.0000000 0.0488125 0.0404547 0.0000000 0.1522962 0.2360074 0.1292760 0.0198903 0.0370176 0.0140065 0.0439281 0.0176755 0.0197791 0.0354024 0.0342748 0.0711598 0.0000000 0.0000000 0.0448297
  7 K   7 0.1287123 0.0091043 0.1033249 0.0701199 0.0000000 0.0391566 0.2734611 0.0080451 0.0000000 0.0088373 0.0081055 0.1061469 0.0055222 0.0000000 0.1645005 0.0342689 0.0298773 0.0000000 0.0000000 0.0108172
  8 T   8 0.0235646 0.0137919 0.0149061 0.0707009 0.0000000 0.0450197 0.3995184 0.0108102 0.0291884 0.0250468 0.0085732 0.0763521 0.0059218 0.0000000 0.1678332 0.0221558 0.0622806 0.0000000 0.0000000 0.0243362
  9 Y   9 0.0208633 0.0942668 0.0280776 0.0200426 0.0000000 0.0226801 0.0366712 0.0981929 0.0180548 0.0088088 0.1029893 0.0567883 0.0305890 0.0268369 0.2609523 0.0204309 0.0531976 0.0000000 0.0644561 0.0361015
 10 T  10 0.0455573 0.0067617 0.0085245 0.0727103 0.0000000 0.0717551 0.2073618 0.0341682 0.0073040 0.0124384 0.0508540 0.0959489 0.0159557 0.0000000 0.0504944 0.0438912 0.1111459 0.0000000 0.0000000 0.1651286
 11 W  11 0.0089118 0.0058898 0.0170003 0.0211660 0.0000000 0.0339821 0.0916972 0.0247512 0.0130862 0.0220854 0.0407760 0.0340320 0.0118674 0.2636755 0.0847496 0.0295431 0.0071706 0.0530420 0.2365738 0.0000000
 12 N  12 0.1955559 0.0194896 0.0551220 0.0400817 0.0000000 0.0349265 0.0459132 0.0524444 0.0025126 0.0047224 0.1680625 0.1281107 0.0036632 0.0335437 0.0123072 0.1321923 0.0284821 0.0000000 0.0000000 0.0428702
 13 T  13 0.0226679 0.0000000 0.0960175 0.0747376 0.0000000 0.0000000 0.0239504 0.0000000 0.0000000 0.0133145 0.0116309 0.0323865 0.0117245 0.0000000 0.0502503 0.3323401 0.3203069 0.0000000 0.0000000 0.0106727
 14 K  14 0.0173170 0.0651056 0.0167975 0.0369400 0.0000000 0.0263881 0.1379424 0.0026946 0.0266225 0.0036079 0.0707838 0.3668212 0.0122334 0.0408036 0.0761441 0.0400155 0.0185029 0.0000000 0.0228277 0.0184522
 15 E  15 0.0847062 0.0130879 0.0356595 0.0503255 0.0000000 0.0468509 0.6003067 0.0069832 0.0000000 0.0000000 0.0311178 0.0699823 0.0035532 0.0000000 0.0047561 0.0249320 0.0277387 0.0000000 0.0000000 0.0000000
 16 E  16 0.0565130 0.0178457 0.0229128 0.2070650 0.0000000 0.0205280 0.5700650 0.0033823 0.0000000 0.0165707 0.0000000 0.0404582 0.0077967 0.0000000 0.0000000 0.0088952 0.0089422 0.0000000 0.0000000 0.0190252
 17 A  17 0.5893075 0.1592256 0.0103341 0.0158008 0.0225328 0.0130812 0.0046451 0.0329108 0.0000000 0.0233226 0.0190204 0.0146447 0.0131160 0.0000000 0.0185698 0.0306341 0.0124086 0.0000000 0.0000000 0.0204458
 18 K  18 0.0535488 0.0979298 0.0113498 0.0046392 0.0000000 0.0127856 0.2184916 0.0036114 0.0050869 0.0945836 0.0303447 0.2960537 0.0262097 0.0000000 0.0022794 0.0148857 0.0383886 0.0000000 0.0000000 0.0898115
 19 Q  19 0.2519896 0.0727015 0.0506372 0.0690539 0.0000000 0.0757361 0.1911160 0.0078864 0.0054573 0.0209530 0.0218413 0.0874550 0.0151702 0.0078570 0.0000000 0.0306453 0.0739977 0.0000000 0.0061217 0.0113807
 20 A  20 0.3764828 0.0146138 0.0139337 0.0806597 0.0042473 0.1015299 0.0468736 0.0178303 0.0368351 0.0113231 0.1570757 0.0222279 0.0181101 0.0049588 0.0000000 0.0339273 0.0219867 0.0132277 0.0000000 0.0241565
 21 F  21 0.0000000 0.0000000 0.0000000 0.0000000 0.0000000 0.0000000 0.0000000 0.0000000 0.0000000 0.0129760 0.0374204 0.0000000 0.0000000 0.9271250 0.0000000 0.0000000 0.0000000 0.0000000 0.0224786 0.0000000
 22 K  22 0.0110176 0.1566961 0.0245500 0.0000000 0.0000000 0.0242230 0.0045488 0.0000000 0.0021447 0.0515520 0.0439236 0.4292122 0.0723396 0.0351845 0.0000000 0.0134977 0.0546377 0.0065317 0.0072683 0.0626726
 23 E  23 0.0754265 0.0359263 0.0224536 0.1558482 0.0000000 0.0945106 0.2423665 0.0223067 0.0148723 0.0076847 0.0038689 0.1847241 0.0040904 0.0049506 0.0000000 0.0826472 0.0379456 0.0000000 0.0064644 0.0039135
 24 L  24 0.0065237 0.0000000 0.0000000 0.0000000 0.0000000 0.0000000 0.0000000 0.0000000 0.0000000 0.0082500 0.5519922 0.0000000 0.3666551 0.0414214 0.0000000 0.0000000 0.0000000 0.0081965 0.0000000 0.0169612
 25 L  25 0.0000000 0.0000000 0.0000000 0.0000000 0.0000000 0.0000000 0.0000000 0.0000000 0.0000000 0.0000000 0.9235071 0.0000000 0.0299019 0.0465909 0.0000000 0.0000000 0.0000000 0.0000000 0.0000000 0.0000000
 26 K  26 0.0682179 0.2375310 0.0419284 0.0881093 0.0051820 0.0264356 0.1729970 0.0000000 0.0037365 0.0117264 0.0677273 0.2124205 0.0000000 0.0000000 0.0000000 0.0306176 0.0236778 0.0000000 0.0059746 0.0037181
 27 E  27 0.0183751 0.0731029 0.0076512 0.2722919 0.0000000 0.0218352 0.4681366 0.0000000 0.0000000 0.0000000 0.0206674 0.0291057 0.0000000 0.0000000 0.0000000 0.0852644 0.0000000 0.0000000 0.0000000 0.0035696
 28 K  28 0.0913749 0.1174851 0.0944179 0.0000000 0.0174815 0.0000000 0.0049060 0.0055484 0.0619306 0.0200384 0.0250455 0.3137336 0.0127920 0.0620288 0.0000000 0.0604082 0.0220608 0.0000000 0.0631598 0.0275885
 29 R  29 0.0077826 0.0541682 0.2252944 0.1223538 0.0000000 0.0617295 0.0736446 0.2118657 0.0399389 0.0000000 0.0023778 0.1369708 0.0000000 0.0000000 0.0000000 0.0524214 0.0056556 0.0000000 0.0000000 0.0057968
 30 V  30 0.0052533 0.0000000 0.0000000 0.0000000 0.0098052 0.0000000 0.0000000 0.0000000 0.0000000 0.3416973 0.0609108 0.0000000 0.0000000 0.0341325 0.0078225 0.0000000 0.0057953 0.0000000 0.0000000 0.5345832
 31 P  31 0.0220256 0.0180923 0.1954346 0.1552028 0.0044938 0.0829775 0.0156172 0.0472243 0.0233080 0.0075121 0.0019474 0.0065392 0.0121077 0.0000000 0.0968737 0.2103670 0.0974573 0.0000000 0.0000000 0.0028196
 32 S  32 0.1528156 0.0143000 0.0099679 0.0000000 0.0097007 0.0031981 0.0038351 0.0371234 0.0000000 0.0046195 0.0119497 0.0000000 0.0000000 0.0000000 0.4143119 0.3040838 0.0279459 0.0000000 0.0000000 0.0061484
 33 N  33 0.0042827 0.0584313 0.0657127 0.1577825 0.0000000 0.0133766 0.0195174 0.0196847 0.0000000 0.0172841 0.0199502 0.0448174 0.0239366 0.1675898 0.0000000 0.1047171 0.1556032 0.0000000 0.1273136 0.0000000
 34 A  34 0.1304379 0.0000000 0.0050049 0.0000000 0.0219763 0.0047393 0.0000000 0.0000000 0.0157272 0.0228092 0.0485310 0.0000000 0.0458865 0.0059703 0.0000000 0.3012358 0.1064465 0.2758216 0.0031407 0.0122729
 35 S  35 0.0053254 0.0700408 0.0496421 0.0000000 0.0000000 0.0027768 0.0000000 0.0000000 0.0227697 0.0000000 0.0000000 0.1039223 0.0000000 0.0000000 0.1322307 0.1765327 0.4367595 0.0000000 0.0000000 0.0000000
 36 W  36 0.0000000 0.0000000 0.0000000 0.0000000 0.0000000 0.0000000 0.0000000 0.0000000 0.0000000 0.0000000 0.0000000 0.0000000 0.0000000 0.1473690 0.0000000 0.0000000 0.0000000 0.8324852 0.0122853 0.0078605
 37 E  37 0.0051676 0.0099678 0.0181964 0.2293247 0.0000000 0.0783190 0.4809610 0.0109972 0.0095987 0.0000000 0.0000000 0.0168491 0.0000000 0.0000000 0.0041315 0.1131646 0.0233225 0.0000000 0.0000000 0.0000000
 38 Q  38 0.0178153 0.0506629 0.0475496 0.0557996 0.0000000 0.2682299 0.0805825 0.0065198 0.0050692 0.0174227 0.0198790 0.3245834 0.0157256 0.0000000 0.0000000 0.0407670 0.0371599 0.0000000 0.0000000 0.0122335
 39 A  39 0.2798091 0.0000000 0.0000000 0.0000000 0.0248625 0.0112782 0.1840915 0.0023702 0.0000000 0.0702069 0.0632120 0.0000000 0.0000000 0.0406260 0.0000000 0.0241380 0.1086002 0.0034283 0.0000000 0.1873772
 40 M  40 0.0492968 0.0088890 0.0000000 0.0000000 0.0071804 0.0275095 0.0214424 0.0000000 0.0034283 0.1429948 0.2938971 0.0448513 0.2341554 0.0027297 0.0000000 0.0166038 0.0000000 0.0000000 0.0087910 0.1382305
 41 K  41 0.0377724 0.2611179 0.0064725 0.0344085 0.0000000 0.0129561 0.1451633 0.0055384 0.0859592 0.0000000 0.0000000 0.2112768 0.0000000 0.0000000 0.1053333 0.0746203 0.0151216 0.0000000 0.0000000 0.0042599
 42 M  42 0.0835953 0.0405769 0.0237861 0.0113576 0.0000000 0.0408116 0.0973455 0.0000000 0.0243752 0.0794972 0.0857237 0.3319298 0.0433894 0.0153118 0.0000000 0.0266920 0.0212914 0.0077004 0.0124415 0.0541746
 43 I  43 0.0086796 0.0000000 0.0000000 0.0000000 0.0311964 0.0000000 0.0000000 0.0128776 0.0231390 0.4946176 0.1937999 0.0000000 0.0162008 0.1175109 0.0000000 0.0025290 0.0289655 0.0000000 0.0103114 0.0601723
 44 I  44 0.0620045 0.0298352 0.0035272 0.0062026 0.0250981 0.0583847 0.0694288 0.0256563 0.0000000 0.2579620 0.0215294 0.0237647 0.0166940 0.0214230 0.0000000 0.0718846 0.0326839 0.0000000 0.0118813 0.2620399
 45 N  45 0.0336493 0.0346726 0.1803676 0.1105633 0.0000000 0.0254947 0.0632820 0.0402923 0.0380855 0.0000000 0.0038351 0.1284169 0.0024529 0.1355721 0.0000000 0.0940284 0.0944135 0.0000000 0.0022184 0.0126555
 46 D  46 0.0063344 0.0000000 0.0258126 0.8905137 0.0000000 0.0000000 0.0397287 0.0000000 0.0000000 0.0000000 0.0000000 0.0273915 0.0000000 0.0053254 0.0000000 0.0048936 0.0000000 0.0000000 0.0000000 0.0000000
 47 P  47 0.0530100 0.0179775 0.0120644 0.0169801 0.0000000 0.0153922 0.0658477 0.0135150 0.0000000 0.0091532 0.0101965 0.0866208 0.0044233 0.0056776 0.6007003 0.0574625 0.0153234 0.0095987 0.0060567 0.0000000
 48 R  48 0.0076649 0.7632540 0.0128776 0.0034977 0.0000000 0.0659093 0.0253815 0.0063344 0.0058274 0.0071804 0.0581414 0.0156465 0.0042008 0.0000000 0.0031502 0.0000000 0.0059703 0.0000000 0.0051727 0.0097908
 49 Y  49 0.0000000 0.0000000 0.0000000 0.0000000 0.0000000 0.0000000 0.0000000 0.0000000 0.0061109 0.0000000 0.0071352 0.0000000 0.0000000 0.1981310 0.0000000 0.0000000 0.0000000 0.1088713 0.6797516 0.0000000
 50 S  50 0.0329649 0.1292889 0.0232743 0.0070394 0.0000000 0.0322223 0.0320957 0.0705306 0.0130611 0.0057750 0.1163322 0.1936009 0.0098879 0.0110651 0.0187778 0.0617992 0.1080170 0.0899913 0.0255506 0.0187258
 51 A  51 0.5028857 0.0000000 0.0127704 0.0041950 0.0149246 0.0180019 0.0159455 0.0121689 0.0000000 0.0342110 0.1753952 0.0133271 0.0106554 0.0000000 0.0000000 0.0882651 0.0156617 0.0000000 0.0000000 0.0815926
 52 L  52 0.0000000 0.0000000 0.0000000 0.0000000 0.0153472 0.0000000 0.0043527 0.0000000 0.0000000 0.1862174 0.5441526 0.0000000 0.0221114 0.0572238 0.0037253 0.0000000 0.0000000 0.0000000 0.0000000 0.1668696
 53 A  53 0.0250799 0.0889804 0.0890273 0.0770031 0.0000000 0.0041444 0.0801449 0.0337949 0.0098251 0.0000000 0.0147185 0.2479647 0.0000000 0.0000000 0.2033882 0.0683366 0.0299778 0.0000000 0.0000000 0.0276140
 54 K  54 0.0117997 0.0262751 0.1326657 0.1693002 0.0000000 0.0155572 0.0124827 0.0037482 0.0000000 0.0000000 0.0000000 0.1347115 0.0000000 0.0000000 0.0000000 0.1575273 0.3312410 0.0000000 0.0000000 0.0046914
 55 L  55 0.0620671 0.0319318 0.0172797 0.0230227 0.0034713 0.0040848 0.0000000 0.0091924 0.0446992 0.0498904 0.1861010 0.0292690 0.1434561 0.0086563 0.1869625 0.0764563 0.0610670 0.0000000 0.0066368 0.0557556
 56 S  56 0.0781582 0.0985005 0.0398605 0.0288695 0.0000000 0.0104787 0.0795065 0.1700624 0.0000000 0.0147229 0.0667124 0.2217123 0.0047022 0.0000000 0.0000000 0.1277428 0.0311437 0.0095810 0.0000000 0.0182465
 57 E  57 0.0935009 0.0179739 0.0000000 0.1515168 0.0000000 0.0236262 0.5371965 0.0031405 0.0168487 0.0000000 0.0107494 0.0530994 0.0038746 0.0000000 0.0000000 0.0382039 0.0209600 0.0214433 0.0042521 0.0036138
 58 K  58 0.0000000 0.7620749 0.0000000 0.0000000 0.0000000 0.0179868 0.0000000 0.0000000 0.0000000 0.0000000 0.0000000 0.2199382 0.0000000 0.0000000 0.0000000 0.0000000 0.0000000 0.0000000 0.0000000 0.0000000
 59 K  59 0.0000000 0.1998602 0.0075845 0.0070314 0.0000000 0.0235548 0.1340052 0.0000000 0.0082736 0.0000000 0.0000000 0.6117624 0.0000000 0.0000000 0.0000000 0.0079279 0.0000000 0.0000000 0.0000000 0.0000000
 60 Q  60 0.1472699 0.0377748 0.0152401 0.0988642 0.0063638 0.3727724 0.1613273 0.0035738 0.0103355 0.0049391 0.0143387 0.0281106 0.0063567 0.0000000 0.0000000 0.0607218 0.0272771 0.0000000 0.0000000 0.0047339
 61 A  61 0.2993436 0.0000000 0.0000000 0.0000000 0.0652528 0.0034134 0.0210875 0.0000000 0.0000000 0.0801630 0.2504745 0.0000000 0.0248180 0.0148295 0.0000000 0.0168169 0.0427604 0.0062773 0.0070483 0.1677149
 62 F  62 0.0000000 0.0000000 0.0000000 0.0000000 0.0000000 0.0000000 0.0000000 0.0000000 0.0067604 0.0000000 0.0279191 0.0000000 0.0000000 0.7589098 0.0000000 0.0000000 0.0000000 0.1062362 0.1001745 0.0000000
 63 N  63 0.0321661 0.0193696 0.2714965 0.1720366 0.0050166 0.0510657 0.3162422 0.0038977 0.0099164 0.0036112 0.0049920 0.0077533 0.0000000 0.0000000 0.0000000 0.0911313 0.0079911 0.0000000 0.0000000 0.0033137
 64 A  64 0.1296254 0.0039669 0.0367394 0.0505061 0.0000000 0.0812750 0.3991503 0.0000000 0.0247753 0.0026112 0.0000000 0.2117767 0.0031861 0.0000000 0.0000000 0.0231609 0.0201201 0.0000000 0.0000000 0.0131066
 65 Y  65 0.0039441 0.0000000 0.0000000 0.0000000 0.0000000 0.0000000 0.0000000 0.0000000 0.0093497 0.0000000 0.0000000 0.0000000 0.0052912 0.2069001 0.0000000 0.0000000 0.0000000 0.1750087 0.5995062 0.0000000
 66 K  66 0.0269351 0.0047717 0.0000000 0.0000000 0.1670803 0.0459781 0.0000000 0.0000000 0.0000000 0.1013491 0.1716434 0.1133456 0.0281196 0.0043238 0.0000000 0.0872560 0.0613924 0.0000000 0.0000000 0.1878049
 67 V  67 0.0755433 0.1834751 0.0167055 0.0231488 0.0034196 0.0493166 0.0398399 0.0279642 0.0153338 0.0058533 0.0348488 0.1373126 0.0177337 0.0000000 0.0000000 0.1089671 0.1144501 0.0000000 0.0000000 0.1460876
 68 Q  68 0.0549397 0.0213718 0.0366125 0.1753492 0.0000000 0.2464583 0.2201628 0.0000000 0.0288162 0.0124936 0.0000000 0.0646246 0.0072377 0.0056274 0.0000000 0.0369970 0.0796525 0.0000000 0.0000000 0.0096568
 69 T  69 0.0741084 0.4458711 0.0000000 0.0000000 0.0000000 0.0074437 0.0141084 0.0000000 0.0052391 0.0368898 0.1061770 0.1689993 0.0000000 0.0049663 0.0000000 0.0070584 0.0310600 0.0000000 0.0000000 0.0980785
 70 E  70 0.2097560 0.1780750 0.0000000 0.0049964 0.0000000 0.0806760 0.0438782 0.0171030 0.0000000 0.1403100 0.0635263 0.1504037 0.0087929 0.0060071 0.0000000 0.0233563 0.0328103 0.0000000 0.0000000 0.0403089
 71 K  71 0.0000000 0.1760553 0.0000000 0.0000000 0.0000000 0.1380258 0.1501222 0.0000000 0.0000000 0.0000000 0.0000000 0.5357967 0.0000000 0.0000000 0.0000000 0.0000000 0.0000000 0.0000000 0.0000000 0.0000000
