bmr4245: 88.31782221794128 s
bmr4267: 144.45098686218262 s
bmr4245: 87.70 s 
bmr4267: 150.89 s 
