  169         A         R         N         D         C         Q         E         G         H         I         L         K         M         F         P         S         T         W         Y         V         X    
  1 A   1 0.2314970 0.0000000 0.0000000 0.0000000 0.0000000 0.0000000 0.0000000 0.0000000 0.0000000 0.0000000 0.0000000 0.0000000 0.0000000 0.0000000 0.0000000 0.0131139 0.0000000 0.0000000 0.0000000 0.0000000 0.7553891
  2 D   2 0.0033257 0.0402836 0.0113682 0.0856845 0.0000000 0.0154342 0.1266315 0.0114288 0.0135583 0.0010451 0.0017831 0.0273535 0.0000000 0.0000000 0.0000000 0.0038634 0.0036593 0.0000000 0.0000000 0.0014292 0.6531516
  3 Q   3 0.0061523 0.0186127 0.0580888 0.0120837 0.0123014 0.0525566 0.1156810 0.0111575 0.0402715 0.0008116 0.0090933 0.0251233 0.0009400 0.0189678 0.0011785 0.0404846 0.0052798 0.0013097 0.0049504 0.0021223 0.5628334
  4 L   4 0.0000000 0.0000000 0.0000000 0.0000000 0.0009683 0.0000000 0.0000000 0.0000000 0.0000000 0.0222157 0.4231775 0.0000000 0.0168129 0.0519564 0.0000000 0.0000000 0.0012930 0.0013579 0.0018440 0.0023269 0.4780475
  5 T   5 0.0032809 0.0141297 0.0308351 0.0219727 0.0010928 0.0007353 0.0069745 0.0074772 0.0000000 0.0011383 0.0103913 0.0029185 0.0009032 0.0000000 0.0283839 0.2252430 0.1817549 0.0000000 0.0000000 0.0019560 0.4608128
  6 E   6 0.0267857 0.0065430 0.0118631 0.0590488 0.0000000 0.0465830 0.2678126 0.0080649 0.0026977 0.0025987 0.0073780 0.0429881 0.0029778 0.0008210 0.0367348 0.0028934 0.0097557 0.0000000 0.0007187 0.0219254 0.4418095
  7 E   7 0.0161365 0.0007549 0.0053689 0.1076937 0.0000000 0.0254323 0.3501458 0.0065203 0.0007703 0.0041097 0.0014714 0.0105409 0.0017313 0.0009694 0.0028089 0.0159835 0.0137030 0.0000000 0.0009360 0.0023992 0.4325238
  8 Q   8 0.0014910 0.0064060 0.0029792 0.0093931 0.0000000 0.3138987 0.1911397 0.0000000 0.0020949 0.0000000 0.0044338 0.0185852 0.0073158 0.0000000 0.0043478 0.0018462 0.0037461 0.0000000 0.0000000 0.0029459 0.4293766
  9 I   9 0.0093696 0.0253053 0.0015250 0.0038095 0.0006405 0.0126161 0.0129796 0.0015288 0.0014910 0.2648884 0.0571669 0.0838352 0.0224344 0.0010779 0.0016120 0.0000000 0.0094751 0.0000000 0.0037074 0.0707569 0.4157804
 10 A  10 0.1607194 0.0232994 0.0261165 0.0382950 0.0014946 0.0957683 0.0983539 0.0153078 0.0089069 0.0085519 0.0070043 0.0536714 0.0091070 0.0011066 0.0000000 0.0411060 0.0111259 0.0000000 0.0000000 0.0189724 0.3810927
 11 E  11 0.0099645 0.0024197 0.0061813 0.0612773 0.0014647 0.0181412 0.3660355 0.0963907 0.0046750 0.0050485 0.0061385 0.0121042 0.0059383 0.0008518 0.0013354 0.0045570 0.0000000 0.0017785 0.0000000 0.0187146 0.3769834
 12 F  12 0.0047988 0.0000000 0.0000000 0.0000000 0.0000000 0.0020111 0.0000000 0.0000000 0.0000000 0.1659863 0.1961162 0.0000000 0.0158959 0.1721558 0.0000000 0.0000000 0.0018319 0.0000000 0.0648891 0.0066733 0.3696416
 13 K  13 0.0044167 0.1731247 0.0028799 0.0000000 0.0010600 0.0325192 0.0093938 0.0032225 0.0059631 0.0044511 0.0108442 0.3462838 0.0008657 0.0009669 0.0000000 0.0046031 0.0081083 0.0054553 0.0138248 0.0041255 0.3678915
 14 E  14 0.0356716 0.0148482 0.0185344 0.0670105 0.0000000 0.0433698 0.3991532 0.0072025 0.0017954 0.0043170 0.0051884 0.0190247 0.0009360 0.0019141 0.0000000 0.0021539 0.0076562 0.0000000 0.0009292 0.0050550 0.3652399
 15 A  15 0.4229446 0.0014647 0.0000000 0.0000000 0.0171325 0.0024353 0.0000000 0.0085268 0.0000000 0.0157195 0.0188834 0.0015519 0.0976538 0.0021142 0.0000000 0.0052062 0.0161122 0.0000000 0.0000000 0.0360932 0.3541617
 16 F  16 0.0000000 0.0000000 0.0000000 0.0000000 0.0000000 0.0000000 0.0000000 0.0000000 0.0000000 0.0038110 0.0044760 0.0000000 0.0030815 0.6309947 0.0000000 0.0000000 0.0000000 0.0000000 0.0040481 0.0000000 0.3535887
 17 S  17 0.0466353 0.0684745 0.0519268 0.0810756 0.0095006 0.0449798 0.0594091 0.0068742 0.0130130 0.0008853 0.0118980 0.0960577 0.0148145 0.0013087 0.0000000 0.1163831 0.0185924 0.0012792 0.0010300 0.0033489 0.3525132
 18 L  18 0.0191377 0.0107468 0.0227824 0.0014292 0.0061904 0.0085947 0.0315337 0.0055255 0.0055516 0.0331518 0.2842096 0.0153640 0.0835410 0.0074167 0.0000000 0.0272691 0.0122258 0.0014662 0.0169767 0.0547041 0.3521832
 19 F  19 0.0044674 0.0000000 0.0000000 0.0000000 0.0000000 0.0000000 0.0000000 0.0000000 0.0000000 0.0548236 0.0253867 0.0000000 0.0855030 0.4338414 0.0000000 0.0029843 0.0000000 0.0000000 0.0281981 0.0107326 0.3540630
 20 D  20 0.0030464 0.0011669 0.0025367 0.6296337 0.0000000 0.0017785 0.0028859 0.0019156 0.0000000 0.0000000 0.0000000 0.0000000 0.0000000 0.0000000 0.0000000 0.0000000 0.0025841 0.0000000 0.0000000 0.0025034 0.3519488
 21 K  21 0.0256746 0.0682919 0.0050667 0.0082500 0.0000000 0.0329257 0.0166647 0.0009349 0.0046945 0.0130566 0.0127620 0.2221197 0.0149043 0.0000000 0.0070970 0.0212570 0.1698589 0.0000000 0.0000000 0.0248062 0.3516356
 22 D  22 0.0024968 0.0098238 0.1027289 0.4152844 0.0000000 0.0076704 0.0472920 0.0078483 0.0028542 0.0000000 0.0000000 0.0210851 0.0000000 0.0000000 0.0000000 0.0105253 0.0144148 0.0000000 0.0000000 0.0064263 0.3515496
 23 G  23 0.0096854 0.0416228 0.1188765 0.0041525 0.0082159 0.0221341 0.0140742 0.3010277 0.0114092 0.0012138 0.0021142 0.0888875 0.0000000 0.0000000 0.0008973 0.0205592 0.0011234 0.0000000 0.0009687 0.0019674 0.3510702
 24 D  24 0.0026968 0.0193733 0.0766174 0.2866236 0.0000000 0.0031029 0.0104393 0.0094936 0.0000000 0.0014272 0.0013896 0.0232757 0.0000000 0.0000000 0.0000000 0.1677148 0.0460862 0.0000000 0.0000000 0.0009864 0.3507733
 25 G  25 0.0014160 0.0032398 0.0093977 0.0010280 0.0025254 0.0036530 0.0041637 0.6138965 0.0013082 0.0000000 0.0000000 0.0021557 0.0025119 0.0000000 0.0000000 0.0036820 0.0000000 0.0000000 0.0012781 0.0000000 0.3497438
 26 T  26 0.0310037 0.0295059 0.0171808 0.0100618 0.0313651 0.0183879 0.0079733 0.0000000 0.0191425 0.0070888 0.0116924 0.0958259 0.0081600 0.0633921 0.0030464 0.0584397 0.1540112 0.0000000 0.0676642 0.0132861 0.3527722
 27 I  27 0.0018705 0.0000000 0.0000000 0.0000000 0.0000000 0.0000000 0.0000000 0.0000000 0.0000000 0.5568492 0.0420274 0.0000000 0.0069648 0.0000000 0.0000000 0.0000000 0.0019158 0.0000000 0.0000000 0.0383092 0.3520631
 28 T  28 0.0074283 0.0043043 0.0346618 0.1186341 0.0008692 0.0094366 0.0175322 0.0125506 0.0064262 0.0012781 0.0081376 0.0158949 0.0030815 0.0000000 0.0054445 0.1200336 0.2820144 0.0000000 0.0000000 0.0017876 0.3504845
 29 T  29 0.0974574 0.0120884 0.0068592 0.0000000 0.0120678 0.0065701 0.0094377 0.0044276 0.0048783 0.0476731 0.0446560 0.0382041 0.0098339 0.0611533 0.0118523 0.0278986 0.1053350 0.0000000 0.0836763 0.0654466 0.3504845
 30 K  30 0.0376081 0.0353785 0.0138019 0.0831232 0.0000000 0.0322048 0.1479590 0.0165010 0.0399546 0.0009848 0.0077953 0.1530441 0.0005016 0.0000000 0.0046348 0.0479370 0.0181908 0.0012122 0.0010081 0.0076756 0.3504845
 31 E  31 0.0000000 0.0000000 0.0065687 0.0813737 0.0000000 0.0342400 0.5036061 0.0000000 0.0013015 0.0018487 0.0000000 0.0083747 0.0053543 0.0013443 0.0000000 0.0018319 0.0000000 0.0000000 0.0028777 0.0009200 0.3503582
 32 L  32 0.0000000 0.0000000 0.0000000 0.0000000 0.0136862 0.0000000 0.0000000 0.0000000 0.0000000 0.0212760 0.5609178 0.0000000 0.0103343 0.0219240 0.0000000 0.0000000 0.0014116 0.0000000 0.0000000 0.0200919 0.3503582
 33 G  33 0.0302415 0.0861460 0.0137102 0.0021372 0.0006572 0.0139503 0.0144328 0.2225452 0.0132612 0.0103976 0.0139309 0.2100221 0.0051629 0.0000000 0.0019904 0.0131654 0.0012959 0.0000000 0.0019141 0.0010537 0.3439851
 34 T  34 0.0724524 0.0187028 0.0218766 0.0652920 0.0023010 0.0254292 0.0445506 0.0086353 0.0234781 0.0357748 0.0164197 0.0174778 0.0068750 0.0050261 0.0020982 0.0341136 0.1356882 0.0012415 0.0053126 0.1160057 0.3412488
 35 V  35 0.1428672 0.0000000 0.0000000 0.0000000 0.0192091 0.0000000 0.0010347 0.1288356 0.0000000 0.0286204 0.0506855 0.0030815 0.0235600 0.0057770 0.0000000 0.0091678 0.0084482 0.0000000 0.0000000 0.2387049 0.3400080
 36 M  36 0.0125834 0.0000000 0.0000000 0.0000000 0.0074356 0.0000000 0.0000000 0.0000000 0.0000000 0.0313878 0.2500175 0.0016587 0.3233708 0.0196069 0.0000000 0.0000000 0.0034630 0.0000000 0.0023249 0.0087000 0.3394514
 37 R  37 0.0453009 0.3559666 0.0059933 0.0041083 0.0016299 0.0317436 0.0248991 0.0065386 0.0174252 0.0077241 0.0082248 0.0734039 0.0068340 0.0012484 0.0103922 0.0154202 0.0340206 0.0037249 0.0020238 0.0055049 0.3378729
 38 S  38 0.1610822 0.0468689 0.0262302 0.0047145 0.0234092 0.0099133 0.0172121 0.0043933 0.0039501 0.0084965 0.0095784 0.0842308 0.0195603 0.0025848 0.0019904 0.1905198 0.0352254 0.0000000 0.0011227 0.0110441 0.3378729
 39 L  39 0.0014200 0.0000000 0.0055884 0.0000000 0.0027922 0.0114818 0.0012145 0.0000000 0.0048785 0.0433966 0.4770774 0.0041305 0.0366621 0.0224675 0.0000000 0.0024474 0.0029989 0.0000000 0.0096899 0.0358814 0.3378729
 40 G  40 0.0095588 0.0046405 0.0085530 0.0103865 0.0011783 0.0038984 0.0057707 0.6048775 0.0000000 0.0011062 0.0000000 0.0051867 0.0008728 0.0000000 0.0000000 0.0033747 0.0000000 0.0000000 0.0000000 0.0010537 0.3395424
 41 Q  41 0.0268996 0.0113942 0.0042244 0.0178432 0.0055589 0.1688028 0.0635600 0.0076033 0.0363916 0.0150981 0.0398171 0.0274258 0.0110413 0.0983438 0.0044193 0.0645219 0.0215043 0.0034340 0.0250337 0.0045454 0.3425375
 42 N  42 0.0109793 0.0265515 0.2270524 0.0447867 0.0041798 0.0416749 0.0859543 0.0076520 0.0098611 0.0037986 0.0038659 0.0748828 0.0178500 0.0127858 0.0184284 0.0330998 0.0242124 0.0000000 0.0039081 0.0042803 0.3441961
 43 P  43 0.0264409 0.0012484 0.0000000 0.0067961 0.0042685 0.0022157 0.0018220 0.0000000 0.0010124 0.0326206 0.1643078 0.0000000 0.0287378 0.0185926 0.2976731 0.0043997 0.0050048 0.0000000 0.0012111 0.0589626 0.3446859
 44 T  44 0.0191195 0.0185180 0.0115452 0.0150368 0.0000000 0.0034458 0.0083574 0.0061008 0.0073435 0.0032912 0.0076062 0.0811991 0.0076460 0.0000000 0.0397486 0.1270381 0.2997696 0.0000000 0.0000000 0.0052856 0.3389488
 45 E  45 0.0098687 0.0150100 0.0281415 0.1203418 0.0000000 0.0231144 0.2905266 0.0102684 0.0043476 0.0065679 0.0053147 0.1030572 0.0020460 0.0022758 0.0259839 0.0018371 0.0063768 0.0000000 0.0012551 0.0083917 0.3352749
 46 A  46 0.1769078 0.0135019 0.0111798 0.0346625 0.0009728 0.0236447 0.1675896 0.0207349 0.0056816 0.0076559 0.0053004 0.0269301 0.0178500 0.0007721 0.0244099 0.0836447 0.0315701 0.0000000 0.0034855 0.0101682 0.3333374
 47 E  47 0.0038625 0.0038077 0.0022807 0.0810166 0.0028650 0.0315201 0.4975848 0.0019518 0.0067968 0.0018375 0.0000000 0.0070686 0.0018611 0.0019043 0.0010388 0.0029068 0.0075454 0.0000000 0.0081538 0.0037315 0.3322660
 48 L  48 0.0082450 0.0000000 0.0000000 0.0000000 0.0074966 0.0000000 0.0010422 0.0011297 0.0000000 0.1887346 0.2614934 0.0000000 0.0107304 0.0078636 0.0000000 0.0000000 0.0024275 0.0000000 0.0051379 0.1760830 0.3296162
 49 Q  49 0.0238328 0.0825778 0.0138346 0.0648558 0.0000000 0.1475591 0.0635420 0.0043467 0.0153904 0.0167422 0.0602467 0.1289196 0.0058106 0.0037002 0.0015786 0.0070460 0.0085035 0.0000000 0.0152869 0.0046945 0.3315320
 50 D  50 0.0452177 0.0376446 0.0143796 0.1447026 0.0000000 0.0722549 0.1549278 0.0115690 0.0015801 0.0185617 0.0128886 0.0799357 0.0261646 0.0008066 0.0000000 0.0277793 0.0198474 0.0007659 0.0000000 0.0020498 0.3289241
 51 M  51 0.0161170 0.0000000 0.0000000 0.0000000 0.0039921 0.0016587 0.0024353 0.0000000 0.0123503 0.0916436 0.2160763 0.0000000 0.2762498 0.0030635 0.0000000 0.0018487 0.0023393 0.0049488 0.0075276 0.0308249 0.3289241
 52 I  52 0.0097560 0.0012243 0.0000000 0.0000000 0.0029209 0.0033402 0.0015590 0.0008222 0.0000000 0.2608554 0.1010906 0.0075764 0.1680212 0.0312392 0.0000000 0.0181206 0.0059844 0.0000000 0.0053020 0.0532635 0.3289241
 53 N  53 0.0616519 0.0693573 0.1147851 0.0617837 0.0033220 0.0649248 0.1007380 0.0186938 0.0174043 0.0023229 0.0043558 0.0789528 0.0026012 0.0009885 0.0014825 0.0437353 0.0166476 0.0000000 0.0028089 0.0046534 0.3287902
 54 E  54 0.1245880 0.0126884 0.0165751 0.0772173 0.0000000 0.0351198 0.2917102 0.0083391 0.0111641 0.0018683 0.0080818 0.0203305 0.0046268 0.0009481 0.0000000 0.0212988 0.0164038 0.0000000 0.0041776 0.0160722 0.3287902
 55 V  55 0.1897193 0.0000000 0.0020332 0.0000000 0.0018833 0.0008978 0.0018487 0.0126004 0.0198778 0.0907037 0.0228578 0.0008018 0.0126394 0.0227455 0.0144571 0.0049346 0.0045932 0.0000000 0.0304265 0.2318550 0.3351249
 56 D  56 0.0027523 0.0062604 0.0112329 0.5587103 0.0010221 0.0030899 0.0069522 0.0067748 0.0011473 0.0000000 0.0014638 0.0333311 0.0010634 0.0000000 0.0073961 0.0000000 0.0017571 0.0000000 0.0010730 0.0040144 0.3519587
 57 A  57 0.0923480 0.0299495 0.0034234 0.0054602 0.0034337 0.0200978 0.0273448 0.0077306 0.0022873 0.0597682 0.0404701 0.0867098 0.0177256 0.0043062 0.0280013 0.0353765 0.0682409 0.0000000 0.0030435 0.1140720 0.3502108
 58 D  58 0.0019873 0.0076654 0.0640456 0.4703532 0.0000000 0.0057787 0.0617536 0.0077171 0.0047487 0.0000000 0.0000000 0.0067811 0.0013586 0.0000000 0.0025963 0.0064695 0.0057415 0.0000000 0.0000000 0.0008498 0.3521535
 59 G  59 0.0120866 0.0184397 0.0957462 0.0082982 0.0038403 0.0064448 0.0166232 0.3890779 0.0049599 0.0013354 0.0097523 0.0459936 0.0076654 0.0000000 0.0039668 0.0245439 0.0024350 0.0007688 0.0000000 0.0018705 0.3461515
 60 D  60 0.0025042 0.0145039 0.2038979 0.1638421 0.0000000 0.0050289 0.0042651 0.0191976 0.0032827 0.0051996 0.0021610 0.0235837 0.0030464 0.0006422 0.0151318 0.1495562 0.0424297 0.0000000 0.0000000 0.0061616 0.3355655
 61 G  61 0.0056364 0.0081502 0.0084226 0.0058256 0.0000000 0.0035263 0.0033188 0.5922252 0.0044596 0.0000000 0.0000000 0.0175108 0.0021269 0.0000000 0.0018787 0.0090637 0.0007319 0.0000000 0.0000000 0.0030319 0.3340914
 62 T  62 0.0279867 0.0620177 0.0148823 0.0023142 0.0096169 0.0310597 0.0384908 0.0031602 0.0141848 0.0064995 0.0303501 0.0651414 0.0166603 0.0209982 0.0189462 0.0486957 0.2104147 0.0030464 0.0212508 0.0262828 0.3280007
 63 I  63 0.0027363 0.0000000 0.0000000 0.0000000 0.0000000 0.0000000 0.0000000 0.0000000 0.0000000 0.4253628 0.1044097 0.0000000 0.0132530 0.0157076 0.0000000 0.0000000 0.0015729 0.0000000 0.0000000 0.1105690 0.3263886
 64 D  64 0.0086453 0.0014271 0.0881364 0.3766961 0.0020790 0.0043426 0.0534533 0.0075170 0.0088688 0.0000000 0.0008547 0.0062710 0.0000000 0.0000000 0.0010468 0.0829771 0.0271907 0.0000000 0.0031636 0.0011221 0.3262083
 65 F  65 0.0076414 0.0022526 0.0000000 0.0000000 0.0193700 0.0016377 0.0027235 0.0014895 0.0014490 0.0052820 0.0267454 0.0017907 0.0048968 0.3790124 0.0000000 0.0028776 0.0037661 0.0041056 0.1941487 0.0149582 0.3258528
 66 P  66 0.0339877 0.0059787 0.0428656 0.0984688 0.0000000 0.0327951 0.1857397 0.0597587 0.0042569 0.0166116 0.0087038 0.0254171 0.0000000 0.0014350 0.0721986 0.0474585 0.0315921 0.0000000 0.0026908 0.0092673 0.3207740
 67 E  67 0.0039080 0.0024545 0.0075747 0.0843959 0.0000000 0.0170840 0.4863967 0.0109580 0.0042231 0.0000000 0.0011990 0.0041200 0.0136638 0.0000000 0.0000000 0.0052746 0.0267408 0.0000000 0.0014397 0.0104406 0.3201265
 68 F  68 0.0000000 0.0000000 0.0000000 0.0009946 0.0000000 0.0000000 0.0000000 0.0000000 0.0000000 0.0000000 0.0207302 0.0000000 0.0000000 0.6410901 0.0000000 0.0011178 0.0000000 0.0000000 0.0084201 0.0016832 0.3259640
 69 L  69 0.0083989 0.0136068 0.0086301 0.0007326 0.0218970 0.0048188 0.0077965 0.0110637 0.0000000 0.0935659 0.2891461 0.0169705 0.0145023 0.0157928 0.0000000 0.0071673 0.0138232 0.0016444 0.0086203 0.1566269 0.3051958
 70 T  70 0.1350105 0.0387927 0.0354624 0.0284996 0.0087840 0.0310199 0.0555954 0.0152400 0.0171341 0.0066211 0.0074570 0.0660571 0.0084011 0.0029795 0.0307868 0.0470764 0.1491570 0.0000000 0.0093033 0.0185287 0.2880935
 71 M  71 0.1159699 0.0029422 0.0012463 0.0010762 0.0020982 0.0000000 0.0017410 0.0044016 0.0019158 0.1087171 0.1611145 0.0011942 0.1897027 0.0045873 0.0027363 0.0028984 0.0033586 0.0017907 0.0013835 0.1020849 0.2890407
 72 M  72 0.0388530 0.0000000 0.0091839 0.0000000 0.0012663 0.0007924 0.0006740 0.0043798 0.0037746 0.0373485 0.0602773 0.0010493 0.3745796 0.0206250 0.0000000 0.0017954 0.0591027 0.0012181 0.0161011 0.0462641 0.3227149
 73 A  73 0.1586452 0.0194566 0.0088697 0.0012965 0.0044117 0.0321262 0.0147672 0.0691659 0.0126180 0.0162310 0.0495710 0.0275684 0.0508373 0.0007409 0.0019297 0.1005766 0.1249583 0.0000000 0.0018502 0.0368646 0.2675150
 74 R  74 0.0404113 0.1647564 0.0252257 0.0286264 0.0008406 0.0347736 0.0620914 0.0115454 0.0817631 0.0226332 0.0341401 0.0820659 0.0113815 0.0015790 0.0295288 0.0281937 0.0344976 0.0008071 0.0055452 0.0261121 0.2734817
 75 K  75 0.0032037 0.0702767 0.0114746 0.0082663 0.0031912 0.0583363 0.0096773 0.0195739 0.0914228 0.0214750 0.0065286 0.2705311 0.0225960 0.0158156 0.0083207 0.0097761 0.0104034 0.0060322 0.0030970 0.0272913 0.3227103
 76 M  76 0.0091151 0.0075982 0.0312835 0.0077649 0.0015156 0.0149826 0.0161327 0.0135057 0.0148744 0.1037536 0.2017238 0.0151974 0.1955418 0.0085836 0.0027238 0.0231094 0.0172070 0.0000000 0.0126476 0.0271963 0.2755430
 77 K  77 0.0603051 0.0836219 0.0850167 0.0112283 0.0007657 0.0437846 0.0145368 0.0439533 0.0069892 0.0088806 0.0615957 0.1868983 0.0006920 0.0074409 0.0054670 0.0741332 0.0155871 0.0000000 0.0006883 0.0168009 0.2716145
 78 D  78 0.0455195 0.0325902 0.0201680 0.1506611 0.0000000 0.0467848 0.1791291 0.0441782 0.0050673 0.0007289 0.0006020 0.1047955 0.0015344 0.0018980 0.0147955 0.0380538 0.0165767 0.0000000 0.0040564 0.0044551 0.2884056
 79 T  79 0.0265398 0.0962189 0.0331937 0.0316693 0.0056826 0.0418738 0.1211934 0.0159195 0.0048277 0.0365337 0.0654647 0.0606222 0.0448738 0.0032873 0.0197894 0.0258982 0.1007092 0.0021783 0.0065512 0.0268737 0.2300996
 80 D  80 0.0196989 0.0029017 0.0321592 0.3348526 0.0024318 0.0172748 0.1626288 0.0598326 0.0017091 0.0064070 0.0520015 0.0071882 0.0010612 0.0035216 0.0123564 0.0293127 0.0333909 0.0000000 0.0080695 0.0068181 0.2063834
 81 S  81 0.0470116 0.0701009 0.0607914 0.0237887 0.0032341 0.1056178 0.0526642 0.0079935 0.0062534 0.0096432 0.0040421 0.0397341 0.0017240 0.0083420 0.0961875 0.1591167 0.0940454 0.0000000 0.0049165 0.0227397 0.1820533
 82 E  82 0.0227120 0.0343431 0.0053571 0.1010238 0.0008424 0.0263197 0.3510881 0.0029054 0.0105989 0.0415107 0.0279976 0.1019305 0.0125417 0.0036422 0.0044321 0.0030044 0.0154845 0.0000000 0.0136330 0.0261952 0.1944376
 83 E  83 0.0535170 0.0261826 0.0169624 0.1255817 0.0000000 0.0780173 0.4351674 0.0080360 0.0028108 0.0010045 0.0037606 0.0568746 0.0014089 0.0000000 0.0000000 0.0151458 0.0084470 0.0000000 0.0000000 0.0059865 0.1610969
 84 E  84 0.0016347 0.0021224 0.0305806 0.1069093 0.0010449 0.0224096 0.5524747 0.0063590 0.0966314 0.0072047 0.0049380 0.0056351 0.0113846 0.0000000 0.0012088 0.0045216 0.0093488 0.0000000 0.0083874 0.0230505 0.1041538
 85 I  85 0.0023489 0.0009328 0.0000000 0.0000000 0.0018220 0.0000000 0.0000000 0.0000000 0.0000000 0.3130127 0.3696183 0.0000000 0.0347869 0.1280722 0.0000000 0.0018904 0.0023117 0.0000000 0.0427663 0.0212172 0.0812205
 86 R  86 0.0158058 0.2776531 0.0037507 0.0011225 0.0007690 0.0401836 0.0114491 0.0011825 0.0186435 0.0222996 0.0920581 0.2753633 0.0240354 0.0256323 0.0075270 0.0141948 0.0100267 0.0062801 0.0336086 0.0384436 0.0799708
 87 E  87 0.0805324 0.0463865 0.0291087 0.0982793 0.0000000 0.0386302 0.4052347 0.0043750 0.0027259 0.0082327 0.0141267 0.1553710 0.0025643 0.0000000 0.0000000 0.0114926 0.0185507 0.0000000 0.0006469 0.0047880 0.0789542
 88 A  88 0.7050278 0.0011231 0.0000000 0.0024353 0.0147470 0.0000000 0.0013087 0.0367652 0.0000000 0.0203229 0.0253514 0.0008395 0.0541254 0.0016248 0.0000000 0.0085734 0.0119452 0.0000000 0.0000000 0.0379793 0.0778310
 89 F  89 0.0000000 0.0000000 0.0000000 0.0000000 0.0000000 0.0000000 0.0000000 0.0000000 0.0000000 0.0117260 0.0347428 0.0008650 0.0175127 0.8448762 0.0000000 0.0000000 0.0000000 0.0025066 0.0038793 0.0015941 0.0822973
 90 R  90 0.0530057 0.2301067 0.0460445 0.0705112 0.0059048 0.0861482 0.0609289 0.0097553 0.0120031 0.0005430 0.0200044 0.1691414 0.0146788 0.0013504 0.0019904 0.1124724 0.0188724 0.0005792 0.0010660 0.0027928 0.0821001
 91 V  91 0.0308234 0.0116941 0.0155651 0.0005845 0.0114836 0.0063816 0.0427130 0.0032454 0.0215195 0.0537710 0.2787791 0.0126221 0.0696747 0.0404093 0.0000000 0.0171929 0.0111236 0.0012081 0.0828519 0.2064299 0.0819270
 92 F  92 0.0150251 0.0000000 0.0000000 0.0000000 0.0000000 0.0000000 0.0000000 0.0000000 0.0000000 0.0441819 0.0278450 0.0000000 0.0453446 0.7290950 0.0000000 0.0034374 0.0069046 0.0000000 0.0320292 0.0126781 0.0834591
 93 D  93 0.0029902 0.0000000 0.0013307 0.9064370 0.0000000 0.0010381 0.0025727 0.0022564 0.0000000 0.0000000 0.0000000 0.0000000 0.0000000 0.0000000 0.0000000 0.0016274 0.0014304 0.0000000 0.0000000 0.0022422 0.0780747
 94 K  94 0.0200240 0.0956873 0.0058535 0.0706040 0.0000000 0.0422937 0.0375872 0.0023560 0.0070111 0.0182506 0.0218687 0.4053927 0.0105467 0.0012538 0.0090823 0.0208481 0.1202647 0.0000000 0.0010328 0.0319680 0.0780747
 95 D  95 0.0035676 0.0074862 0.1483725 0.6152817 0.0000000 0.0099211 0.0868727 0.0089223 0.0095796 0.0000000 0.0000000 0.0107564 0.0000000 0.0000000 0.0016274 0.0076586 0.0075238 0.0000000 0.0000000 0.0045958 0.0778343
 96 G  96 0.0238599 0.0371410 0.1418548 0.0226579 0.0072186 0.0546296 0.0266294 0.4649940 0.0142816 0.0016695 0.0009007 0.0941182 0.0020487 0.0000000 0.0008485 0.0271781 0.0007742 0.0000000 0.0000000 0.0010379 0.0781573
 97 N  97 0.0029403 0.0229118 0.1945914 0.2770219 0.0000000 0.0047469 0.0047288 0.0055489 0.0037255 0.0009602 0.0012792 0.0396793 0.0000000 0.0000000 0.0000000 0.2417595 0.1206021 0.0000000 0.0000000 0.0014717 0.0780327
 98 G  98 0.0005440 0.0022878 0.0062873 0.0013102 0.0008816 0.0028370 0.0035768 0.8954937 0.0009424 0.0000000 0.0000000 0.0017345 0.0000000 0.0000000 0.0000000 0.0042093 0.0011695 0.0007090 0.0010340 0.0000000 0.0769831
 99 Y  99 0.0234842 0.0365380 0.0092320 0.0056433 0.0210312 0.0202205 0.0167717 0.0034776 0.0227363 0.0096073 0.0203403 0.1459091 0.0073129 0.1418773 0.0018610 0.0590472 0.1435945 0.0000000 0.2187752 0.0158099 0.0767305
100 I 100 0.0020778 0.0000000 0.0000000 0.0000000 0.0000000 0.0000000 0.0000000 0.0000000 0.0014160 0.8191002 0.0305451 0.0000000 0.0082735 0.0027987 0.0000000 0.0000000 0.0011951 0.0000000 0.0000000 0.0574769 0.0771166
101 S 101 0.0150635 0.0022716 0.0442112 0.1064618 0.0008822 0.0129386 0.0646096 0.0117296 0.0092756 0.0010340 0.0093013 0.0153084 0.0217229 0.0012650 0.0087158 0.2906524 0.3059799 0.0000000 0.0000000 0.0016775 0.0768990
102 A 102 0.1838718 0.0367512 0.0050552 0.0025258 0.0094426 0.0123858 0.0164569 0.0212586 0.0065731 0.0691063 0.0831478 0.0395379 0.0202138 0.0861877 0.0345815 0.0446746 0.0845828 0.0041877 0.0626678 0.0987210 0.0780702
103 A 103 0.1351288 0.0538764 0.0332492 0.1427713 0.0000000 0.0409473 0.1798197 0.0247358 0.0290950 0.0054926 0.0087817 0.1406942 0.0022116 0.0008763 0.0064634 0.0785629 0.0289931 0.0007077 0.0006601 0.0088628 0.0780702
104 E 104 0.0044673 0.0040274 0.0782205 0.0885650 0.0000000 0.0213950 0.6777321 0.0000000 0.0030551 0.0012417 0.0000000 0.0114905 0.0028472 0.0008324 0.0000000 0.0086170 0.0070197 0.0000000 0.0089171 0.0035019 0.0780702
105 L 105 0.0000000 0.0027363 0.0000000 0.0000000 0.0087683 0.0000000 0.0000000 0.0000000 0.0000000 0.0476399 0.7874553 0.0000000 0.0178680 0.0405392 0.0000000 0.0000000 0.0009465 0.0000000 0.0000000 0.0159763 0.0780702
106 R 106 0.0276004 0.2988535 0.0093782 0.0029707 0.0093300 0.0518672 0.0468275 0.1438380 0.0153597 0.0166380 0.0136853 0.2438341 0.0059842 0.0014490 0.0012611 0.0145446 0.0051120 0.0000000 0.0024036 0.0091012 0.0799615
107 H 107 0.0694710 0.1073324 0.0276155 0.0560114 0.0056539 0.0822013 0.0884696 0.0099091 0.1278364 0.0258569 0.0151309 0.0280432 0.0095438 0.0097013 0.0014298 0.0516175 0.0997931 0.0028128 0.0185352 0.0820574 0.0809776
108 V 108 0.2342481 0.0000000 0.0000000 0.0000000 0.0186431 0.0000000 0.0007167 0.0699044 0.0000000 0.0710495 0.0539097 0.0123503 0.0279207 0.0085989 0.0000000 0.0125476 0.0098282 0.0000000 0.0000000 0.3996219 0.0806609
109 M 109 0.0955120 0.0024353 0.0013701 0.0000000 0.0372090 0.0000000 0.0000000 0.0000000 0.0000000 0.0197690 0.3368140 0.0000000 0.3692821 0.0160513 0.0008272 0.0075260 0.0171847 0.0007318 0.0018172 0.0105658 0.0829045
110 T 110 0.0854427 0.2750306 0.0113217 0.0079837 0.0052065 0.0315213 0.0361455 0.0135936 0.0184856 0.0250257 0.0078507 0.1530793 0.0309204 0.0029479 0.0039399 0.0322951 0.1501809 0.0021738 0.0031905 0.0174121 0.0862525
111 N 111 0.1225486 0.0357756 0.0952460 0.0363334 0.0207798 0.0154898 0.1717172 0.0116201 0.0198138 0.0067363 0.0129860 0.0901149 0.0114767 0.0020524 0.0091416 0.1805734 0.0671416 0.0000000 0.0007672 0.0064448 0.0832407
112 L 112 0.0057873 0.0049504 0.0041159 0.0145081 0.0033140 0.0126805 0.0141650 0.0000000 0.0090416 0.0437992 0.6086232 0.0049561 0.0578814 0.0467635 0.0017760 0.0059585 0.0091568 0.0000000 0.0240195 0.0305839 0.0979191
113 G 113 0.0049626 0.0110217 0.0138241 0.0177259 0.0026611 0.0013577 0.0080484 0.8032134 0.0000000 0.0044766 0.0024825 0.0065901 0.0000000 0.0015572 0.0000000 0.0092655 0.0000000 0.0014064 0.0000000 0.0063710 0.1050357
114 E 114 0.0180287 0.0095231 0.0065604 0.0673055 0.0055593 0.1176694 0.3546933 0.0123597 0.0370246 0.0106745 0.0339352 0.0195522 0.0272794 0.0627876 0.0076035 0.0373794 0.0138955 0.0041037 0.0199858 0.0132803 0.1207988
115 K 115 0.0153042 0.0592683 0.2227653 0.0567301 0.0026262 0.0458090 0.0646450 0.0303110 0.0153757 0.0055190 0.0033809 0.2082990 0.0150596 0.0081429 0.0358744 0.0331140 0.0499710 0.0000000 0.0038420 0.0038434 0.1201189
116 L 116 0.0229904 0.0057696 0.0080131 0.0086314 0.0109084 0.0062358 0.0062715 0.0040489 0.0021885 0.0500247 0.3613917 0.0033393 0.0845788 0.0351721 0.1867725 0.0090009 0.0113173 0.0000000 0.0046165 0.0597375 0.1189912
117 T 117 0.0181742 0.0135138 0.0265975 0.0695475 0.0028179 0.0049096 0.0225492 0.0201146 0.0033814 0.0032790 0.0027177 0.0560477 0.0038440 0.0010161 0.0285731 0.1798129 0.4380046 0.0000000 0.0013722 0.0073203 0.0964065
118 D 118 0.0219327 0.0105950 0.0336257 0.3217938 0.0017831 0.0263213 0.3000729 0.0136215 0.0121864 0.0080392 0.0094557 0.0729962 0.0047940 0.0014344 0.0313287 0.0069994 0.0105810 0.0000000 0.0046164 0.0124750 0.0953477
119 E 119 0.1573829 0.0328575 0.0119334 0.1080642 0.0006825 0.0425446 0.3381617 0.0155495 0.0044504 0.0058826 0.0066029 0.0411414 0.0131393 0.0007949 0.0131702 0.0587066 0.0245898 0.0000000 0.0024232 0.0287574 0.0931650
120 E 120 0.0098394 0.0079764 0.0051316 0.0818195 0.0027363 0.0295614 0.6566467 0.0027163 0.0204195 0.0042314 0.0028793 0.0066726 0.0040992 0.0061839 0.0018455 0.0079927 0.0168520 0.0011137 0.0050543 0.0376886 0.0885398
121 V 121 0.0238035 0.0000000 0.0000000 0.0000000 0.0146574 0.0000000 0.0008124 0.0036937 0.0000000 0.2474627 0.3312442 0.0000000 0.0095827 0.0118757 0.0000000 0.0016120 0.0078820 0.0000000 0.0000000 0.2646789 0.0826947
122 D 122 0.0258608 0.0847472 0.0365522 0.2039386 0.0011469 0.1540820 0.1542167 0.0036671 0.0122582 0.0114759 0.0422183 0.1229328 0.0039345 0.0077495 0.0031079 0.0115590 0.0119969 0.0021427 0.0141467 0.0054886 0.0867775
123 E 123 0.0972337 0.0263352 0.0134762 0.1796471 0.0000000 0.0767839 0.3412545 0.0147076 0.0063616 0.0092427 0.0146114 0.0666115 0.0136997 0.0005749 0.0000000 0.0286787 0.0239810 0.0006106 0.0000000 0.0041708 0.0820190
124 M 124 0.0239169 0.0000000 0.0000000 0.0000000 0.0037378 0.0010161 0.0000000 0.0000000 0.0084606 0.1753971 0.1916539 0.0000000 0.4655525 0.0033469 0.0000000 0.0022136 0.0008248 0.0060540 0.0042248 0.0315818 0.0820190
125 I 125 0.0059987 0.0006027 0.0021224 0.0000000 0.0026525 0.0018376 0.0008797 0.0007779 0.0019566 0.4884577 0.1401976 0.0045624 0.1331091 0.0551915 0.0000000 0.0115904 0.0044565 0.0000000 0.0057493 0.0538052 0.0860521
126 R 126 0.0822110 0.1927852 0.0761434 0.1066458 0.0036056 0.0851562 0.0860769 0.0137650 0.0252440 0.0011739 0.0147443 0.1286993 0.0028837 0.0064619 0.0009489 0.0561732 0.0183008 0.0000000 0.0018243 0.0099907 0.0871657
127 E 127 0.0860751 0.0116620 0.0104519 0.1280835 0.0000000 0.0283284 0.5189490 0.0333682 0.0144520 0.0013125 0.0109640 0.0162870 0.0030906 0.0042967 0.0015590 0.0121373 0.0087548 0.0000000 0.0038547 0.0192076 0.0871657
128 A 128 0.3541652 0.0000000 0.0012127 0.0000000 0.0017870 0.0098953 0.0018953 0.0162853 0.0148161 0.0857766 0.0137019 0.0007292 0.0076270 0.0659208 0.0012526 0.0094737 0.0054121 0.0000000 0.0243619 0.2881053 0.0975821
129 D 129 0.0008274 0.0013226 0.0164583 0.7833815 0.0012105 0.0053830 0.0085457 0.0084602 0.0161922 0.0000000 0.0000000 0.0186859 0.0000000 0.0000000 0.0236218 0.0034085 0.0018191 0.0000000 0.0016212 0.0010003 0.1080619
130 I 130 0.0756584 0.0593115 0.0031770 0.0026939 0.0049660 0.0548952 0.0433255 0.0099912 0.0072775 0.0996707 0.0967632 0.0958024 0.0201127 0.0073131 0.0261963 0.0374761 0.1239461 0.0000000 0.0032665 0.1246910 0.1034654
131 D 131 0.0034317 0.0070042 0.1126779 0.6728464 0.0000000 0.0053921 0.0426396 0.0143708 0.0035041 0.0000000 0.0018845 0.0130114 0.0007947 0.0000000 0.0000000 0.0076619 0.0049453 0.0000000 0.0000000 0.0012353 0.1086002
132 G 132 0.0117856 0.0208546 0.1354893 0.0097492 0.0030721 0.0286587 0.0195376 0.4713718 0.0119351 0.0000000 0.0077949 0.1020688 0.0072648 0.0022786 0.0107110 0.0515996 0.0011899 0.0005736 0.0000000 0.0040137 0.1000511
133 D 133 0.0045735 0.0072591 0.1621590 0.5192747 0.0017760 0.0121089 0.0043123 0.0117521 0.0031290 0.0030106 0.0025404 0.0191455 0.0018610 0.0004573 0.0018060 0.1131639 0.0318967 0.0000000 0.0000000 0.0015484 0.0982253
134 G 134 0.0043291 0.0086070 0.0106462 0.0040451 0.0000000 0.0008343 0.0054046 0.8425765 0.0028816 0.0000000 0.0019873 0.0089736 0.0009401 0.0000000 0.0030397 0.0087539 0.0012559 0.0000000 0.0000000 0.0016985 0.0940266
135 Q 135 0.0209366 0.1570865 0.0299555 0.0035605 0.0222257 0.1044174 0.1149373 0.0064629 0.0231384 0.0042217 0.0388411 0.1023616 0.0226057 0.0145521 0.0090769 0.0407245 0.1434906 0.0018610 0.0280589 0.0243111 0.0871740
136 V 136 0.0011173 0.0000000 0.0000000 0.0000000 0.0000000 0.0000000 0.0000000 0.0033346 0.0000000 0.5929110 0.0740909 0.0000000 0.0097532 0.0195108 0.0000000 0.0020680 0.0020269 0.0000000 0.0000000 0.2078049 0.0873824
137 N 137 0.0053406 0.0066855 0.2636016 0.3736457 0.0045955 0.0028228 0.0356807 0.0076643 0.0090387 0.0013276 0.0024118 0.0190406 0.0016587 0.0000000 0.0007812 0.1432511 0.0311536 0.0000000 0.0023333 0.0007979 0.0881687
138 Y 138 0.0141420 0.0078274 0.0000000 0.0000000 0.0110487 0.0183508 0.0512944 0.0006153 0.0014583 0.0098046 0.0231052 0.0063530 0.0072574 0.3181138 0.0050027 0.0004021 0.0021969 0.0022350 0.4204318 0.0106178 0.0897429
139 E 139 0.0338348 0.0091715 0.0488128 0.1584241 0.0000000 0.0620249 0.3659933 0.0456361 0.0084897 0.0150142 0.0087604 0.0209147 0.0010625 0.0011493 0.0459328 0.0432773 0.0246309 0.0000000 0.0083001 0.0081161 0.0904545
140 E 140 0.0104929 0.0015812 0.0074744 0.0875117 0.0000000 0.0106873 0.7295630 0.0073488 0.0027760 0.0013563 0.0007964 0.0042104 0.0061211 0.0009204 0.0000000 0.0028528 0.0172807 0.0000000 0.0007456 0.0077325 0.1005485
141 F 141 0.0000000 0.0000000 0.0000000 0.0000000 0.0000000 0.0000000 0.0000000 0.0000000 0.0000000 0.0000000 0.0361160 0.0000000 0.0000000 0.8500994 0.0000000 0.0010392 0.0000000 0.0016248 0.0055471 0.0014963 0.1040773
142 V 142 0.0520411 0.0207171 0.0060131 0.0005872 0.0312026 0.0108858 0.0206217 0.0033669 0.0038659 0.1077429 0.2195246 0.0239686 0.0294350 0.0132922 0.0000000 0.0115564 0.0252163 0.0014636 0.0149236 0.2961884 0.1073870
143 Q 143 0.2000267 0.1358076 0.0342083 0.0174263 0.0051004 0.0524288 0.0499991 0.0104836 0.0298409 0.0104064 0.0169049 0.0977814 0.0124919 0.0030247 0.0184309 0.0445733 0.1134392 0.0020059 0.0137245 0.0173950 0.1145003
144 M 144 0.0611524 0.0084950 0.0014064 0.0000000 0.0018626 0.0013348 0.0015393 0.0014871 0.0088171 0.1619472 0.1237008 0.0104457 0.3752193 0.0122171 0.0011173 0.0020805 0.0165556 0.0007684 0.0010217 0.0828578 0.1259739
145 M 145 0.0067657 0.0005565 0.0041459 0.0000000 0.0099393 0.0000000 0.0000000 0.0000000 0.0042865 0.0567225 0.0843307 0.0005254 0.5800891 0.0090852 0.0000000 0.0009408 0.0040740 0.0009190 0.0085293 0.0480740 0.1810159
146 T 146 0.0832043 0.0793551 0.0080221 0.0015278 0.0033516 0.0402176 0.0050387 0.0420257 0.0181335 0.0099694 0.0338588 0.1422732 0.0577876 0.0000000 0.0010493 0.0763722 0.1988288 0.0005876 0.0013648 0.0226071 0.1744248
147 A 147 0.0964176 0.1121696 0.0169459 0.0114991 0.0015953 0.0418146 0.0453372 0.0474038 0.0368439 0.0132276 0.0191738 0.1474168 0.0187099 0.0007149 0.0214487 0.0827553 0.0499414 0.0000000 0.0034599 0.0175323 0.2155923
148 K 148 0.0040769 0.0398093 0.0281836 0.0075470 0.0028508 0.0355757 0.0059392 0.1651275 0.0530294 0.0096007 0.0057640 0.2284370 0.0086943 0.0063526 0.0053152 0.0056204 0.0015089 0.0043841 0.0054737 0.0027917 0.3739180
149 G 149 0.0182028 0.0114159 0.0363864 0.0038189 0.0005270 0.0078335 0.0056174 0.0229470 0.0036717 0.0507625 0.0959717 0.0125072 0.1282358 0.0030265 0.0026677 0.0284111 0.0617839 0.0000000 0.0047124 0.0182681 0.4832325
150 S 150 0.0199774 0.0369920 0.0476865 0.0628214 0.0006149 0.0393624 0.0097928 0.0402018 0.0026593 0.0060733 0.0408394 0.1119903 0.0000000 0.0025485 0.0149059 0.0400417 0.0102894 0.0000000 0.0015869 0.0120336 0.4995826
151 A 151 0.0370207 0.0193465 0.0191726 0.0987928 0.0000000 0.0286963 0.1249389 0.0290078 0.0053625 0.0009494 0.0034302 0.0438897 0.0029280 0.0028817 0.0064021 0.0164744 0.0052886 0.0488869 0.0005565 0.0027060 0.5032683
152 R 152 0.0224082 0.1137484 0.0162968 0.0245964 0.0013005 0.0182009 0.0509845 0.0088997 0.0044304 0.0109985 0.0232370 0.0543493 0.0216166 0.0015025 0.0132370 0.0089566 0.0579777 0.0018579 0.0014957 0.0114773 0.5324281
153 R 153 0.0124505 0.0098524 0.0344482 0.2109779 0.0018840 0.0128858 0.0479309 0.0261881 0.0007277 0.0022923 0.0069369 0.0418803 0.0065350 0.0029140 0.0038201 0.0118241 0.0215422 0.0000000 0.0026613 0.0042786 0.5379697
154 K 154 0.0744771 0.0266823 0.0279846 0.0116172 0.0007944 0.0097920 0.0248368 0.0114463 0.0033015 0.0065118 0.0055243 0.0183729 0.0011563 0.0058598 0.0630066 0.0746005 0.0579606 0.0000000 0.0040129 0.0146932 0.5573689
155 W 155 0.0122916 0.0167562 0.0029338 0.0467550 0.0010168 0.0225106 0.1730813 0.0031452 0.0025398 0.0134098 0.0134915 0.0492335 0.0062515 0.0020408 0.0021561 0.0503074 0.0067538 0.0030722 0.0069894 0.0086101 0.5566536
156 Q 156 0.0089083 0.0710762 0.0064144 0.0702926 0.0000000 0.0247626 0.2139995 0.0028110 0.0012685 0.0000000 0.0008537 0.0318082 0.0000000 0.0000000 0.0000000 0.0051506 0.0051248 0.0000000 0.0000000 0.0030625 0.5544673
157 K 157 0.0007740 0.0043768 0.0189340 0.0505281 0.0006252 0.0466042 0.2138529 0.0046895 0.0531964 0.0035612 0.0019063 0.0045599 0.0069750 0.0000000 0.0000000 0.0020095 0.0055880 0.0000000 0.0048110 0.0097471 0.5672608
158 T 158 0.0000000 0.0008368 0.0000000 0.0000000 0.0031487 0.0000000 0.0000000 0.0000000 0.0000000 0.1229590 0.1872124 0.0000000 0.0171915 0.0231250 0.0000000 0.0007667 0.0054978 0.0000000 0.0542609 0.0120455 0.5729557
159 G 159 0.0084748 0.1329632 0.0025148 0.0053151 0.0000000 0.0153745 0.0020905 0.0035986 0.0072285 0.0208721 0.0590075 0.0456930 0.0133138 0.0146171 0.0021492 0.0487558 0.0045529 0.0021571 0.0161397 0.0191985 0.5759832
160 H 160 0.0369685 0.0634793 0.0166897 0.0403493 0.0000000 0.0102190 0.1257156 0.0007967 0.0044301 0.0053748 0.0085606 0.0882537 0.0012906 0.0000000 0.0000000 0.0047177 0.0085192 0.0000000 0.0000000 0.0017723 0.5828628
161 A 161 0.3192067 0.0068406 0.0000000 0.0000000 0.0026762 0.0000000 0.0013504 0.0209409 0.0000000 0.0062740 0.0044205 0.0000000 0.0064299 0.0006627 0.0000000 0.0051177 0.0020217 0.0000000 0.0000000 0.0106666 0.6133921
162 V 162 0.0000000 0.0000000 0.0000000 0.0000000 0.0000000 0.0000000 0.0000000 0.0000000 0.0000000 0.0055607 0.0236504 0.0000000 0.0084704 0.3259840 0.0000000 0.0000000 0.0000000 0.0014957 0.0012773 0.0066910 0.6268705
163 R 163 0.0142354 0.1441688 0.0087565 0.0117205 0.0018127 0.0375914 0.0122498 0.0039047 0.0038808 0.0000000 0.0083234 0.0875113 0.0037000 0.0000000 0.0012611 0.0264882 0.0056195 0.0000000 0.0006658 0.0012396 0.6268705
164 A 164 0.0116400 0.0013456 0.0004847 0.0007840 0.0078448 0.0015786 0.0157912 0.0018840 0.0119514 0.0253977 0.0687462 0.0013504 0.0261722 0.0209172 0.0000000 0.0026035 0.0036329 0.0000000 0.0439956 0.1179811 0.6358988
165 I 165 0.0063788 0.0000000 0.0000000 0.0000000 0.0000000 0.0000000 0.0000000 0.0000000 0.0000000 0.0129371 0.0091471 0.0000000 0.0009426 0.3123614 0.0000000 0.0012022 0.0039357 0.0000000 0.0094973 0.0027712 0.6408265
166 G 166 0.0013662 0.0000000 0.0000000 0.3479823 0.0000000 0.0000000 0.0000000 0.0030722 0.0000000 0.0000000 0.0000000 0.0056112 0.0000000 0.0000000 0.0000000 0.0000000 0.0000000 0.0000000 0.0000000 0.0000000 0.6419681
167 R 167 0.0000000 0.0412274 0.0000000 0.0509777 0.0000000 0.0150685 0.0189418 0.0000000 0.0029817 0.0000000 0.0000000 0.1804774 0.0000000 0.0000000 0.0000000 0.0000000 0.0000000 0.0000000 0.0000000 0.0000000 0.6903255
168 L 168 0.0000000 0.0000000 0.0407196 0.2078474 0.0000000 0.0000000 0.0353697 0.0014165 0.0000000 0.0000000 0.0030722 0.0000000 0.0000000 0.0000000 0.0000000 0.0000000 0.0017723 0.0000000 0.0000000 0.0047339 0.7050685
169 S 169 0.0127270 0.0000000 0.0000000 0.0000000 0.0000000 0.0000000 0.0000000 0.0000000 0.0000000 0.0000000 0.0000000 0.0000000 0.0000000 0.0000000 0.0000000 0.0212292 0.0017532 0.0000000 0.0000000 0.0000000 0.9642906
