  169         A         R         N         D         C         Q         E         G         H         I         L         K         M         F         P         S         T         W         Y         V    
  1 A   1 0.9435438 0.0000000 0.0000000 0.0000000 0.0000000 0.0000000 0.0000000 0.0000000 0.0000000 0.0000000 0.0000000 0.0000000 0.0000000 0.0000000 0.0000000 0.0564562 0.0000000 0.0000000 0.0000000 0.0000000
  2 D   2 0.0095553 0.1136034 0.0329529 0.2493891 0.0000000 0.0448766 0.3656211 0.0327995 0.0400380 0.0030499 0.0051981 0.0780485 0.0000000 0.0000000 0.0000000 0.0111491 0.0095629 0.0000000 0.0000000 0.0041556
  3 Q   3 0.0141712 0.0430685 0.1341084 0.0279004 0.0281072 0.1200465 0.2670294 0.0255852 0.0899611 0.0018481 0.0208421 0.0555714 0.0021499 0.0439623 0.0026936 0.0914900 0.0116781 0.0030255 0.0119013 0.0048598
  4 L   4 0.0000000 0.0000000 0.0000000 0.0000000 0.0019085 0.0000000 0.0000000 0.0000000 0.0000000 0.0418917 0.8121706 0.0000000 0.0302199 0.1007954 0.0000000 0.0000000 0.0022076 0.0026915 0.0036437 0.0044709
  5 T   5 0.0058423 0.0255773 0.0556515 0.0408355 0.0020395 0.0013723 0.0120978 0.0138286 0.0000000 0.0021443 0.0195471 0.0051143 0.0016882 0.0000000 0.0535894 0.4180186 0.3389487 0.0000000 0.0000000 0.0037046
  6 E   6 0.0490059 0.0115899 0.0212370 0.1032590 0.0000000 0.0843607 0.4824382 0.0145699 0.0048888 0.0047373 0.0133820 0.0738751 0.0054063 0.0014864 0.0660231 0.0052212 0.0173448 0.0000000 0.0012963 0.0398782
  7 E   7 0.0286306 0.0013360 0.0096475 0.1884026 0.0000000 0.0446472 0.6192326 0.0112547 0.0013718 0.0061008 0.0026085 0.0187830 0.0027618 0.0017191 0.0043692 0.0294197 0.0237924 0.0000000 0.0016632 0.0042594
  8 Q   8 0.0023364 0.0110620 0.0049740 0.0158416 0.0000000 0.5561541 0.3329499 0.0000000 0.0036731 0.0000000 0.0079714 0.0326285 0.0125050 0.0000000 0.0073667 0.0029562 0.0056869 0.0000000 0.0000000 0.0038943
  9 I   9 0.0157003 0.0433629 0.0026185 0.0057038 0.0010971 0.0214272 0.0191132 0.0023374 0.0022902 0.4591972 0.0974066 0.1436422 0.0384111 0.0018521 0.0028304 0.0000000 0.0163893 0.0000000 0.0065024 0.1201181
 10 A  10 0.2653392 0.0359543 0.0429369 0.0604597 0.0024395 0.1574843 0.1503218 0.0254460 0.0147991 0.0141388 0.0115930 0.0856041 0.0148555 0.0018146 0.0000000 0.0669467 0.0183917 0.0000000 0.0000000 0.0314747
 11 E  11 0.0167691 0.0039448 0.0089431 0.0953401 0.0024383 0.0299067 0.5854036 0.1575463 0.0073238 0.0084530 0.0101779 0.0198734 0.0085069 0.0013946 0.0021985 0.0075116 0.0000000 0.0029800 0.0000000 0.0312884
 12 F  12 0.0078882 0.0000000 0.0000000 0.0000000 0.0000000 0.0034373 0.0000000 0.0000000 0.0000000 0.2637457 0.3014067 0.0000000 0.0247654 0.2789880 0.0000000 0.0000000 0.0030435 0.0000000 0.1059595 0.0107656
 13 K  13 0.0069172 0.2672697 0.0047079 0.0000000 0.0017150 0.0515638 0.0151674 0.0053979 0.0089423 0.0058292 0.0167145 0.5576731 0.0010980 0.0015751 0.0000000 0.0065531 0.0130606 0.0086001 0.0205604 0.0066547
 14 E  14 0.0539855 0.0222322 0.0294752 0.1057044 0.0000000 0.0698590 0.6335376 0.0118341 0.0028763 0.0044909 0.0078170 0.0294873 0.0012087 0.0031137 0.0000000 0.0034105 0.0116997 0.0000000 0.0014962 0.0077717
 15 A  15 0.6454748 0.0023628 0.0000000 0.0000000 0.0275503 0.0039410 0.0000000 0.0134066 0.0000000 0.0248513 0.0303943 0.0024999 0.1548567 0.0033525 0.0000000 0.0083269 0.0258890 0.0000000 0.0000000 0.0570940
 16 F  16 0.0000000 0.0000000 0.0000000 0.0000000 0.0000000 0.0000000 0.0000000 0.0000000 0.0000000 0.0058005 0.0068468 0.0000000 0.0048800 0.9756713 0.0000000 0.0000000 0.0000000 0.0000000 0.0068014 0.0000000
 17 S  17 0.0713757 0.0959263 0.0826721 0.1278517 0.0151170 0.0691495 0.0945114 0.0109907 0.0206370 0.0013949 0.0189074 0.1476471 0.0233175 0.0020861 0.0000000 0.1807783 0.0289304 0.0020315 0.0016566 0.0050186
 18 L  18 0.0298856 0.0172162 0.0352307 0.0022789 0.0088656 0.0137396 0.0464361 0.0087580 0.0077610 0.0514309 0.4490650 0.0243726 0.1326936 0.0117373 0.0000000 0.0432953 0.0192623 0.0023682 0.0225134 0.0730896
 19 F  19 0.0071339 0.0000000 0.0000000 0.0000000 0.0000000 0.0000000 0.0000000 0.0000000 0.0000000 0.0874314 0.0405031 0.0000000 0.1354620 0.6636636 0.0000000 0.0049416 0.0000000 0.0000000 0.0439303 0.0169341
 20 D  20 0.0050942 0.0018755 0.0040730 0.9701632 0.0000000 0.0028782 0.0046528 0.0030774 0.0000000 0.0000000 0.0000000 0.0000000 0.0000000 0.0000000 0.0000000 0.0000000 0.0042729 0.0000000 0.0000000 0.0039127
 21 K  21 0.0399050 0.1021543 0.0079646 0.0119375 0.0000000 0.0491291 0.0251035 0.0014902 0.0075499 0.0208865 0.0195546 0.3381763 0.0237612 0.0000000 0.0113004 0.0337927 0.2677993 0.0000000 0.0000000 0.0394947
 22 D  22 0.0037584 0.0156436 0.1617135 0.6344431 0.0000000 0.0122901 0.0730997 0.0122138 0.0037047 0.0000000 0.0000000 0.0333514 0.0000000 0.0000000 0.0000000 0.0165120 0.0230437 0.0000000 0.0000000 0.0102260
 23 G  23 0.0138669 0.0643462 0.1840348 0.0068183 0.0129766 0.0321212 0.0216139 0.4615609 0.0180049 0.0019436 0.0033383 0.1399281 0.0000000 0.0000000 0.0014011 0.0318087 0.0015691 0.0000000 0.0015270 0.0031402
 24 D  24 0.0043480 0.0300803 0.1101091 0.4472460 0.0000000 0.0049718 0.0166427 0.0147067 0.0000000 0.0022639 0.0019973 0.0366948 0.0000000 0.0000000 0.0000000 0.2599208 0.0694285 0.0000000 0.0000000 0.0015901
 25 G  25 0.0028111 0.0051335 0.0149522 0.0016393 0.0040146 0.0058071 0.0065359 0.9415476 0.0020656 0.0000000 0.0000000 0.0034045 0.0039739 0.0000000 0.0000000 0.0060853 0.0000000 0.0000000 0.0020294 0.0000000
 26 T  26 0.0488314 0.0442391 0.0276083 0.0160704 0.0492795 0.0299571 0.0126295 0.0000000 0.0309727 0.0112979 0.0171101 0.1511969 0.0128861 0.0941231 0.0051053 0.0908585 0.2420640 0.0000000 0.0959111 0.0198590
 27 I  27 0.0028250 0.0000000 0.0000000 0.0000000 0.0000000 0.0000000 0.0000000 0.0000000 0.0000000 0.8544737 0.0673071 0.0000000 0.0112122 0.0000000 0.0000000 0.0000000 0.0041568 0.0000000 0.0000000 0.0600252
 28 T  28 0.0117805 0.0068385 0.0549417 0.1882355 0.0010832 0.0141173 0.0275871 0.0192646 0.0099933 0.0020323 0.0130684 0.0255101 0.0048615 0.0000000 0.0085133 0.1776893 0.4316385 0.0000000 0.0000000 0.0028450
 29 T  29 0.1435426 0.0167774 0.0108759 0.0000000 0.0189734 0.0092568 0.0132091 0.0066989 0.0072139 0.0749552 0.0699090 0.0597984 0.0145023 0.0962808 0.0172616 0.0435495 0.1651929 0.0000000 0.1306776 0.1013249
 30 K  30 0.0520220 0.0554325 0.0212166 0.1229886 0.0000000 0.0478735 0.2322784 0.0262394 0.0630367 0.0012650 0.0123412 0.2418097 0.0007885 0.0000000 0.0067812 0.0733149 0.0277546 0.0016309 0.0013046 0.0119217
 31 E  31 0.0000000 0.0000000 0.0092850 0.1269955 0.0000000 0.0540387 0.7733971 0.0000000 0.0017938 0.0029646 0.0000000 0.0130285 0.0084884 0.0021597 0.0000000 0.0029639 0.0000000 0.0000000 0.0037075 0.0011775
 32 L  32 0.0000000 0.0000000 0.0000000 0.0000000 0.0215917 0.0000000 0.0000000 0.0000000 0.0000000 0.0337960 0.8617778 0.0000000 0.0158456 0.0326807 0.0000000 0.0000000 0.0023378 0.0000000 0.0000000 0.0319703
 33 G  33 0.0474710 0.1200765 0.0204484 0.0033660 0.0007292 0.0172316 0.0213816 0.3484950 0.0199431 0.0164645 0.0215659 0.3245326 0.0081117 0.0000000 0.0031594 0.0203139 0.0020147 0.0000000 0.0030252 0.0016698
 34 T  34 0.1121627 0.0268120 0.0331694 0.1021324 0.0036004 0.0338715 0.0666016 0.0135131 0.0287247 0.0555386 0.0253594 0.0264386 0.0102698 0.0078951 0.0033129 0.0515356 0.2098994 0.0019459 0.0074303 0.1797865
 35 V  35 0.2160030 0.0000000 0.0000000 0.0000000 0.0294987 0.0000000 0.0016298 0.2003210 0.0000000 0.0436388 0.0775704 0.0047818 0.0363647 0.0072969 0.0000000 0.0136645 0.0131273 0.0000000 0.0000000 0.3561030
 36 M  36 0.0156230 0.0000000 0.0000000 0.0000000 0.0084008 0.0000000 0.0000000 0.0000000 0.0000000 0.0485930 0.3832359 0.0026278 0.4887006 0.0303990 0.0000000 0.0000000 0.0053856 0.0000000 0.0036617 0.0133729
 37 R  37 0.0677724 0.5505878 0.0087436 0.0057641 0.0022378 0.0482779 0.0351108 0.0094491 0.0269668 0.0103043 0.0125066 0.1124782 0.0094541 0.0019509 0.0132935 0.0232888 0.0440436 0.0068771 0.0028680 0.0080245
 38 S  38 0.2485577 0.0721724 0.0321241 0.0065116 0.0356106 0.0138195 0.0229808 0.0065425 0.0050466 0.0132294 0.0151279 0.1283884 0.0308808 0.0040514 0.0031254 0.2907734 0.0522871 0.0000000 0.0017216 0.0170491
 39 L  39 0.0022192 0.0000000 0.0086399 0.0000000 0.0043799 0.0174587 0.0019213 0.0000000 0.0069047 0.0654612 0.7233830 0.0063973 0.0529058 0.0330415 0.0000000 0.0035456 0.0043828 0.0000000 0.0142204 0.0551386
 40 G  40 0.0148665 0.0083545 0.0133640 0.0158591 0.0015585 0.0057359 0.0082603 0.9146423 0.0000000 0.0017444 0.0000000 0.0073599 0.0013759 0.0000000 0.0000000 0.0052225 0.0000000 0.0000000 0.0000000 0.0016562
 41 Q  41 0.0424900 0.0179365 0.0067984 0.0241175 0.0081836 0.2615662 0.0829805 0.0120135 0.0575519 0.0224930 0.0600219 0.0431705 0.0152462 0.1545202 0.0069728 0.0997468 0.0333536 0.0054167 0.0388021 0.0066181
 42 N  42 0.0171690 0.0381539 0.3546386 0.0668124 0.0062513 0.0640522 0.1331616 0.0105238 0.0151617 0.0056640 0.0060432 0.1093144 0.0274652 0.0200365 0.0252252 0.0510998 0.0366705 0.0000000 0.0058365 0.0067204
 43 P  43 0.0405191 0.0019678 0.0000000 0.0097636 0.0049224 0.0032497 0.0028832 0.0000000 0.0012973 0.0504138 0.2404041 0.0000000 0.0435392 0.0260483 0.4664559 0.0067405 0.0077931 0.0000000 0.0018976 0.0921044
 44 T  44 0.0283844 0.0284306 0.0174850 0.0219526 0.0000000 0.0053099 0.0124308 0.0083712 0.0118363 0.0049207 0.0117174 0.1273944 0.0118766 0.0000000 0.0615037 0.1887046 0.4523811 0.0000000 0.0000000 0.0073006
 45 E  45 0.0145842 0.0230104 0.0425741 0.1726242 0.0000000 0.0354492 0.4430781 0.0134862 0.0063955 0.0083970 0.0071112 0.1605517 0.0031546 0.0035570 0.0392874 0.0028305 0.0096385 0.0000000 0.0019619 0.0123083
 46 A  46 0.2692697 0.0207407 0.0171121 0.0488871 0.0014790 0.0354080 0.2475143 0.0316432 0.0086817 0.0111998 0.0083186 0.0412810 0.0270425 0.0011859 0.0367994 0.1272028 0.0475816 0.0000000 0.0050449 0.0136080
 47 E  47 0.0060032 0.0058645 0.0032138 0.1229908 0.0041389 0.0482914 0.7447045 0.0029971 0.0082133 0.0028471 0.0000000 0.0103126 0.0028437 0.0029447 0.0013147 0.0039592 0.0112796 0.0000000 0.0125401 0.0055408
 48 L  48 0.0117792 0.0000000 0.0000000 0.0000000 0.0092657 0.0000000 0.0016205 0.0017649 0.0000000 0.2857204 0.3903949 0.0000000 0.0161816 0.0116048 0.0000000 0.0000000 0.0037454 0.0000000 0.0079548 0.2599678
 49 Q  49 0.0358197 0.1233202 0.0207911 0.0866181 0.0000000 0.2249038 0.0928140 0.0066814 0.0233697 0.0253648 0.0921812 0.1965627 0.0089301 0.0048622 0.0024283 0.0108303 0.0130963 0.0000000 0.0242258 0.0072003
 50 D  50 0.0686584 0.0563388 0.0216599 0.2167304 0.0000000 0.1079931 0.2183010 0.0177328 0.0024432 0.0286502 0.0195917 0.1227705 0.0404548 0.0012410 0.0000000 0.0429087 0.0302256 0.0011604 0.0000000 0.0031395
 51 M  51 0.0242796 0.0000000 0.0000000 0.0000000 0.0061129 0.0025851 0.0037924 0.0000000 0.0191096 0.1365388 0.3291065 0.0000000 0.4014999 0.0047293 0.0000000 0.0028667 0.0033045 0.0076100 0.0118332 0.0466316
 52 I  52 0.0151872 0.0018825 0.0000000 0.0000000 0.0044805 0.0051485 0.0024054 0.0012330 0.0000000 0.3814896 0.1490867 0.0117399 0.2558127 0.0464303 0.0000000 0.0273270 0.0092021 0.0000000 0.0070174 0.0815571
 53 N  53 0.0940335 0.0910951 0.1736050 0.0936823 0.0048078 0.0986853 0.1536594 0.0284920 0.0254285 0.0036042 0.0066830 0.1177907 0.0034105 0.0015197 0.0023028 0.0645614 0.0252414 0.0000000 0.0043062 0.0070912
 54 E  54 0.1897625 0.0195679 0.0252606 0.1162194 0.0000000 0.0530569 0.4262183 0.0112821 0.0166828 0.0027163 0.0121049 0.0305967 0.0071969 0.0011744 0.0000000 0.0327159 0.0252024 0.0000000 0.0064261 0.0238160
 55 V  55 0.2820058 0.0000000 0.0031636 0.0000000 0.0029233 0.0013870 0.0028937 0.0193570 0.0309296 0.1375338 0.0355575 0.0012305 0.0195110 0.0339187 0.0222616 0.0076775 0.0072071 0.0000000 0.0466965 0.3457457
 56 D  56 0.0043672 0.0098814 0.0177578 0.8600174 0.0016019 0.0046957 0.0110293 0.0105396 0.0018259 0.0000000 0.0023457 0.0526674 0.0016711 0.0000000 0.0107084 0.0000000 0.0027652 0.0000000 0.0017105 0.0064156
 57 A  57 0.1443435 0.0464318 0.0054032 0.0085930 0.0047127 0.0287393 0.0419933 0.0113483 0.0035659 0.0905990 0.0590421 0.1357081 0.0279117 0.0067748 0.0444801 0.0534702 0.1060672 0.0000000 0.0048716 0.1759442
 58 D  58 0.0028236 0.0120233 0.0966366 0.7215385 0.0000000 0.0092456 0.1001368 0.0120789 0.0076689 0.0000000 0.0000000 0.0108863 0.0021523 0.0000000 0.0041512 0.0102382 0.0090663 0.0000000 0.0000000 0.0013533
 59 G  59 0.0190119 0.0290536 0.1455323 0.0126147 0.0060632 0.0091756 0.0263178 0.5928024 0.0071862 0.0021056 0.0151811 0.0710459 0.0119134 0.0000000 0.0062097 0.0378630 0.0039193 0.0012061 0.0000000 0.0027983
 60 D  60 0.0038589 0.0225434 0.3125232 0.2290508 0.0000000 0.0075644 0.0066116 0.0292066 0.0050816 0.0091334 0.0033262 0.0354503 0.0049686 0.0009855 0.0233793 0.2301146 0.0666484 0.0000000 0.0000000 0.0095534
 61 G  61 0.0087475 0.0125753 0.0127434 0.0090875 0.0000000 0.0054523 0.0044924 0.8871405 0.0067924 0.0000000 0.0000000 0.0270287 0.0033026 0.0000000 0.0029109 0.0138833 0.0011366 0.0000000 0.0000000 0.0047065
 62 T  62 0.0422815 0.0882972 0.0209887 0.0032471 0.0146898 0.0391292 0.0566182 0.0048347 0.0214232 0.0096011 0.0460564 0.0980532 0.0243755 0.0317823 0.0290584 0.0736624 0.3194499 0.0049104 0.0318469 0.0396938
 63 I  63 0.0043756 0.0000000 0.0000000 0.0000000 0.0000000 0.0000000 0.0000000 0.0000000 0.0000000 0.6299746 0.1589424 0.0000000 0.0201567 0.0227441 0.0000000 0.0000000 0.0025084 0.0000000 0.0000000 0.1612982
 64 D  64 0.0132897 0.0021839 0.1247518 0.5600097 0.0032053 0.0065421 0.0809320 0.0114347 0.0132086 0.0000000 0.0013012 0.0089785 0.0000000 0.0000000 0.0016230 0.1251464 0.0408463 0.0000000 0.0048252 0.0017217
 65 F  65 0.0112166 0.0034695 0.0000000 0.0000000 0.0298769 0.0022052 0.0035830 0.0022373 0.0022172 0.0080803 0.0392461 0.0027711 0.0074625 0.5702481 0.0000000 0.0043521 0.0057512 0.0059334 0.2783960 0.0229534
 66 P  66 0.0502614 0.0088704 0.0624259 0.1436592 0.0000000 0.0484469 0.2692571 0.0909069 0.0062285 0.0238773 0.0128726 0.0376603 0.0000000 0.0018979 0.1085909 0.0702226 0.0474815 0.0000000 0.0038216 0.0135189
 67 E  67 0.0059133 0.0037402 0.0115653 0.1273095 0.0000000 0.0253685 0.7080113 0.0166493 0.0063125 0.0000000 0.0018161 0.0062973 0.0206475 0.0000000 0.0000000 0.0079688 0.0406707 0.0000000 0.0019018 0.0158278
 68 F  68 0.0000000 0.0000000 0.0000000 0.0016240 0.0000000 0.0000000 0.0000000 0.0000000 0.0000000 0.0000000 0.0311964 0.0000000 0.0000000 0.9495541 0.0000000 0.0018431 0.0000000 0.0000000 0.0130744 0.0027080
 69 L  69 0.0115611 0.0183804 0.0127780 0.0010761 0.0314234 0.0065690 0.0113009 0.0165744 0.0000000 0.1366553 0.4234463 0.0227648 0.0211118 0.0246571 0.0000000 0.0097123 0.0189532 0.0024345 0.0128505 0.2177510
 70 T  70 0.1928485 0.0500069 0.0501214 0.0406363 0.0137763 0.0425054 0.0794020 0.0217894 0.0239667 0.0093037 0.0104861 0.0874028 0.0095883 0.0043012 0.0445490 0.0667933 0.2135563 0.0000000 0.0131902 0.0257761
 71 M  71 0.1665274 0.0041562 0.0018090 0.0015397 0.0030724 0.0000000 0.0025138 0.0063372 0.0037939 0.1556305 0.2290857 0.0017204 0.2563553 0.0067015 0.0041582 0.0039173 0.0049189 0.0026362 0.0020227 0.1431039
 72 M  72 0.0553969 0.0000000 0.0139506 0.0000000 0.0016623 0.0011690 0.0009953 0.0066506 0.0054097 0.0558742 0.0861489 0.0016063 0.5533367 0.0300320 0.0000000 0.0027554 0.0889672 0.0018746 0.0253659 0.0688045
 73 A  73 0.2185919 0.0242067 0.0114070 0.0018137 0.0059435 0.0428437 0.0214149 0.0959762 0.0179364 0.0221367 0.0646393 0.0365262 0.0680133 0.0010074 0.0026422 0.1402856 0.1716262 0.0000000 0.0026055 0.0503835
 74 R  74 0.0532862 0.2269844 0.0347944 0.0386415 0.0011833 0.0487977 0.0846312 0.0163086 0.1130639 0.0322344 0.0477216 0.1122103 0.0157941 0.0028696 0.0401716 0.0378929 0.0459301 0.0008700 0.0088340 0.0377804
 75 K  75 0.0048538 0.1040802 0.0172634 0.0120422 0.0047556 0.0874055 0.0143557 0.0257430 0.1355058 0.0315241 0.0097528 0.4024765 0.0324275 0.0240216 0.0124662 0.0143753 0.0156289 0.0089938 0.0046603 0.0376678
 76 M  76 0.0114550 0.0094036 0.0422718 0.0097485 0.0020457 0.0208846 0.0215818 0.0185623 0.0204381 0.1423800 0.2821405 0.0214397 0.2712186 0.0119447 0.0038034 0.0318090 0.0240046 0.0000000 0.0175986 0.0372697
 77 K  77 0.0791569 0.1147296 0.1184299 0.0155022 0.0010786 0.0603119 0.0199034 0.0602958 0.0093922 0.0122717 0.0838360 0.2591650 0.0009334 0.0099373 0.0068550 0.1027362 0.0210460 0.0000000 0.0009504 0.0234684
 78 D  78 0.0644200 0.0464391 0.0285038 0.2092319 0.0000000 0.0639528 0.2514324 0.0612341 0.0072249 0.0010396 0.0008265 0.1518918 0.0021697 0.0027017 0.0207962 0.0530392 0.0228712 0.0000000 0.0058403 0.0063850
 79 T  79 0.0350008 0.1264118 0.0429722 0.0412356 0.0066424 0.0530514 0.1537451 0.0208976 0.0063214 0.0492117 0.0850650 0.0797554 0.0589546 0.0042561 0.0253648 0.0329044 0.1316927 0.0028718 0.0086450 0.0350002
 80 D  80 0.0247661 0.0038892 0.0414899 0.4271024 0.0032459 0.0220528 0.2009645 0.0749598 0.0022383 0.0079785 0.0620739 0.0093101 0.0013021 0.0043392 0.0156434 0.0378667 0.0416433 0.0000000 0.0104652 0.0086688
 81 S  81 0.0581041 0.0873065 0.0761966 0.0282326 0.0040995 0.1250476 0.0649258 0.0098482 0.0077322 0.0118906 0.0047559 0.0465420 0.0020826 0.0104212 0.1197109 0.1928179 0.1160433 0.0000000 0.0064336 0.0278092
 82 E  82 0.0289330 0.0421726 0.0067158 0.1272018 0.0008431 0.0330633 0.4355944 0.0037236 0.0132899 0.0505342 0.0351450 0.1263367 0.0153932 0.0046094 0.0055015 0.0035511 0.0189295 0.0000000 0.0171501 0.0313116
 83 E  83 0.0627105 0.0307263 0.0203567 0.1509065 0.0000000 0.0919252 0.5197697 0.0094030 0.0033063 0.0011999 0.0045833 0.0680340 0.0016123 0.0000000 0.0000000 0.0180457 0.0100971 0.0000000 0.0000000 0.0073236
 84 E  84 0.0018449 0.0023709 0.0347761 0.1211129 0.0012021 0.0250039 0.6110144 0.0069725 0.1107029 0.0081418 0.0056796 0.0063324 0.0124638 0.0000000 0.0011994 0.0050452 0.0105329 0.0000000 0.0095920 0.0260124
 85 I  85 0.0026130 0.0010631 0.0000000 0.0000000 0.0020600 0.0000000 0.0000000 0.0000000 0.0000000 0.3389295 0.4087197 0.0000000 0.0382592 0.1343075 0.0000000 0.0019590 0.0025636 0.0000000 0.0461500 0.0233754
 86 R  86 0.0176066 0.3025597 0.0041565 0.0012100 0.0008275 0.0433822 0.0123837 0.0012978 0.0207325 0.0248124 0.1036156 0.2901273 0.0265423 0.0291169 0.0086736 0.0159503 0.0110369 0.0068927 0.0365521 0.0425234
 87 E  87 0.0888997 0.0517525 0.0322090 0.1081734 0.0000000 0.0415477 0.4298879 0.0047829 0.0029899 0.0090479 0.0158775 0.1737376 0.0028728 0.0000000 0.0000000 0.0124685 0.0200593 0.0000000 0.0006922 0.0050012
 88 A  88 0.7667355 0.0012120 0.0000000 0.0027599 0.0161346 0.0000000 0.0014645 0.0407029 0.0000000 0.0222067 0.0273755 0.0009125 0.0544767 0.0019151 0.0000000 0.0096392 0.0128667 0.0000000 0.0000000 0.0415981
 89 F  89 0.0000000 0.0000000 0.0000000 0.0000000 0.0000000 0.0000000 0.0000000 0.0000000 0.0000000 0.0131435 0.0388423 0.0009861 0.0196503 0.9183262 0.0000000 0.0000000 0.0000000 0.0028584 0.0043695 0.0018237
 90 R  90 0.0571508 0.2550632 0.0500978 0.0746401 0.0061072 0.0941471 0.0654647 0.0108234 0.0129374 0.0005755 0.0221629 0.1858644 0.0157391 0.0014940 0.0022531 0.1204589 0.0202230 0.0006119 0.0011828 0.0030027
 91 V  91 0.0334101 0.0127467 0.0156249 0.0006146 0.0128705 0.0069687 0.0457479 0.0033456 0.0238964 0.0595022 0.2976558 0.0134760 0.0748560 0.0449813 0.0000000 0.0177958 0.0120833 0.0012785 0.0930039 0.2301419
 92 F  92 0.0167517 0.0000000 0.0000000 0.0000000 0.0000000 0.0000000 0.0000000 0.0000000 0.0000000 0.0468824 0.0303761 0.0000000 0.0460454 0.7986460 0.0000000 0.0038958 0.0078273 0.0000000 0.0356710 0.0139044
 93 D  93 0.0033120 0.0000000 0.0014738 0.9827145 0.0000000 0.0011620 0.0028633 0.0025288 0.0000000 0.0000000 0.0000000 0.0000000 0.0000000 0.0000000 0.0000000 0.0018731 0.0016450 0.0000000 0.0000000 0.0024275
 94 K  94 0.0211509 0.1044971 0.0061573 0.0793346 0.0000000 0.0463042 0.0417555 0.0025851 0.0077021 0.0201812 0.0242048 0.4419248 0.0112933 0.0013815 0.0099601 0.0224909 0.1233883 0.0000000 0.0011595 0.0345288
 95 D  95 0.0039316 0.0080665 0.1631597 0.6632518 0.0000000 0.0109224 0.0957560 0.0096562 0.0105734 0.0000000 0.0000000 0.0117734 0.0000000 0.0000000 0.0018726 0.0081637 0.0079141 0.0000000 0.0000000 0.0049586
 96 G  96 0.0262291 0.0393935 0.1512761 0.0258078 0.0076033 0.0599157 0.0292150 0.5060717 0.0153804 0.0018867 0.0009924 0.1012673 0.0024024 0.0000000 0.0009250 0.0296209 0.0008554 0.0000000 0.0000000 0.0011573
 97 N  97 0.0032430 0.0249838 0.2146096 0.2950581 0.0000000 0.0052858 0.0051072 0.0057516 0.0042094 0.0010061 0.0014263 0.0439218 0.0000000 0.0000000 0.0000000 0.2607059 0.1330605 0.0000000 0.0000000 0.0016308
 98 G  98 0.0005815 0.0024454 0.0066876 0.0014378 0.0009474 0.0030936 0.0038235 0.9702495 0.0009944 0.0000000 0.0000000 0.0018278 0.0000000 0.0000000 0.0000000 0.0046765 0.0013164 0.0007921 0.0011263 0.0000000
 99 Y  99 0.0243522 0.0395691 0.0098264 0.0058122 0.0212526 0.0208375 0.0182134 0.0038832 0.0249136 0.0104069 0.0221807 0.1595335 0.0076163 0.1561385 0.0020929 0.0636410 0.1493177 0.0000000 0.2428162 0.0175960
100 I 100 0.0023512 0.0000000 0.0000000 0.0000000 0.0000000 0.0000000 0.0000000 0.0000000 0.0019806 0.8861453 0.0327176 0.0000000 0.0090503 0.0031786 0.0000000 0.0000000 0.0016592 0.0000000 0.0000000 0.0629171
101 S 101 0.0168045 0.0024124 0.0473401 0.1127266 0.0009647 0.0143004 0.0720489 0.0120560 0.0102550 0.0011268 0.0101686 0.0172257 0.0241227 0.0014083 0.0097603 0.3194139 0.3260639 0.0000000 0.0000000 0.0018011
102 A 102 0.2019120 0.0404355 0.0055609 0.0027780 0.0098020 0.0137260 0.0181542 0.0234510 0.0076013 0.0755471 0.0910586 0.0426707 0.0221374 0.0932490 0.0387776 0.0485354 0.0876857 0.0046927 0.0647784 0.1074464
103 A 103 0.1499490 0.0581056 0.0371931 0.1560706 0.0000000 0.0450244 0.1932556 0.0272631 0.0309199 0.0060682 0.0094739 0.1462291 0.0023118 0.0009779 0.0070995 0.0859745 0.0328728 0.0007833 0.0007345 0.0096933
104 E 104 0.0050341 0.0044871 0.0871852 0.0969307 0.0000000 0.0228618 0.7300588 0.0000000 0.0034290 0.0013680 0.0000000 0.0124608 0.0029917 0.0009044 0.0000000 0.0104792 0.0079099 0.0000000 0.0099955 0.0039038
105 L 105 0.0000000 0.0032008 0.0000000 0.0000000 0.0092875 0.0000000 0.0000000 0.0000000 0.0000000 0.0541004 0.8505850 0.0000000 0.0198261 0.0445077 0.0000000 0.0000000 0.0010712 0.0000000 0.0000000 0.0174213
106 R 106 0.0299755 0.3316277 0.0098719 0.0033036 0.0105833 0.0581681 0.0515540 0.1482033 0.0167898 0.0184365 0.0150598 0.2629186 0.0065707 0.0016276 0.0013992 0.0156758 0.0056854 0.0000000 0.0026510 0.0098984
107 H 107 0.0739554 0.1200796 0.0300160 0.0603055 0.0063616 0.0909159 0.0974857 0.0109673 0.1430891 0.0278226 0.0164122 0.0317447 0.0104088 0.0107503 0.0015907 0.0563684 0.1029667 0.0031437 0.0206501 0.0849657
108 V 108 0.2557707 0.0000000 0.0000000 0.0000000 0.0193828 0.0000000 0.0007843 0.0706545 0.0000000 0.0790262 0.0593354 0.0139610 0.0303833 0.0103043 0.0000000 0.0138071 0.0109162 0.0000000 0.0000000 0.4356740
109 M 109 0.1072851 0.0027778 0.0015368 0.0000000 0.0419975 0.0000000 0.0000000 0.0000000 0.0000000 0.0205604 0.3687012 0.0000000 0.3964174 0.0173823 0.0009247 0.0085021 0.0195300 0.0008224 0.0019581 0.0116041
110 T 110 0.0939316 0.2898674 0.0125460 0.0091126 0.0059178 0.0338728 0.0406109 0.0148656 0.0199980 0.0277820 0.0085804 0.1701701 0.0348912 0.0033089 0.0037799 0.0362296 0.1688726 0.0026984 0.0035715 0.0193925
111 N 111 0.1311058 0.0370496 0.1062637 0.0411428 0.0229036 0.0171216 0.1919011 0.0129918 0.0219927 0.0073260 0.0143011 0.0975231 0.0124491 0.0022491 0.0105305 0.1917046 0.0736369 0.0000000 0.0008267 0.0069802
112 L 112 0.0065586 0.0059060 0.0044281 0.0168486 0.0036904 0.0138428 0.0162686 0.0000000 0.0101517 0.0497150 0.6709146 0.0054010 0.0647000 0.0531724 0.0020480 0.0068622 0.0103190 0.0000000 0.0263082 0.0328648
113 G 113 0.0055620 0.0129696 0.0157229 0.0198411 0.0030757 0.0015461 0.0092698 0.8948724 0.0000000 0.0051653 0.0028762 0.0074182 0.0000000 0.0018082 0.0000000 0.0109034 0.0000000 0.0016224 0.0000000 0.0073467
114 E 114 0.0198407 0.0108434 0.0075912 0.0789307 0.0064549 0.1266612 0.4165380 0.0142648 0.0420264 0.0120292 0.0384021 0.0220082 0.0313574 0.0679070 0.0088324 0.0395895 0.0147937 0.0048115 0.0216703 0.0154473
115 K 115 0.0178606 0.0680071 0.2490696 0.0647245 0.0029403 0.0519066 0.0708121 0.0350797 0.0176898 0.0063562 0.0037912 0.2407883 0.0161553 0.0087749 0.0414862 0.0384169 0.0573217 0.0000000 0.0044532 0.0043658
116 L 116 0.0253046 0.0067194 0.0093786 0.0099938 0.0126985 0.0072974 0.0072989 0.0047571 0.0025575 0.0570046 0.4158799 0.0038271 0.0979568 0.0406095 0.2016015 0.0105852 0.0131248 0.0000000 0.0053518 0.0680531
117 T 117 0.0199556 0.0140458 0.0297303 0.0787994 0.0032160 0.0053896 0.0260166 0.0226484 0.0037748 0.0037299 0.0030092 0.0586948 0.0038669 0.0011362 0.0310646 0.1994348 0.4858673 0.0000000 0.0015447 0.0080750
118 D 118 0.0250033 0.0115690 0.0372200 0.3629704 0.0020448 0.0292976 0.3245246 0.0151306 0.0138086 0.0089879 0.0105466 0.0778167 0.0053815 0.0015866 0.0352454 0.0078924 0.0119646 0.0000000 0.0052315 0.0137780
119 E 119 0.1686563 0.0365862 0.0133931 0.1226553 0.0007124 0.0469386 0.3775388 0.0171609 0.0047252 0.0063795 0.0074056 0.0462410 0.0134356 0.0008626 0.0140380 0.0619241 0.0259255 0.0000000 0.0025831 0.0328382
120 E 120 0.0112676 0.0087065 0.0057726 0.0898259 0.0030695 0.0318830 0.7174040 0.0029866 0.0237298 0.0047457 0.0032579 0.0073171 0.0045356 0.0067546 0.0020603 0.0088612 0.0183844 0.0012616 0.0053882 0.0427881
121 V 121 0.0266812 0.0000000 0.0000000 0.0000000 0.0163090 0.0000000 0.0009148 0.0042921 0.0000000 0.2681544 0.3588271 0.0000000 0.0102839 0.0132373 0.0000000 0.0018268 0.0088410 0.0000000 0.0000000 0.2906323
122 D 122 0.0283324 0.0908997 0.0407864 0.2286433 0.0012894 0.1659352 0.1725022 0.0039628 0.0132120 0.0115475 0.0452097 0.1319403 0.0042219 0.0086823 0.0035271 0.0128047 0.0132458 0.0024117 0.0147584 0.0060871
123 E 123 0.1075274 0.0283473 0.0146919 0.1921759 0.0000000 0.0817180 0.3779469 0.0161153 0.0070819 0.0094801 0.0159497 0.0707834 0.0145694 0.0006094 0.0000000 0.0315990 0.0261071 0.0006570 0.0000000 0.0046403
124 M 124 0.0264127 0.0000000 0.0000000 0.0000000 0.0041505 0.0011174 0.0000000 0.0000000 0.0092868 0.1935128 0.2039862 0.0000000 0.5088597 0.0036032 0.0000000 0.0024630 0.0008941 0.0067776 0.0046470 0.0342891
125 I 125 0.0066341 0.0006457 0.0022205 0.0000000 0.0029095 0.0019768 0.0009642 0.0008474 0.0022178 0.5363050 0.1562587 0.0050427 0.1407792 0.0620057 0.0000000 0.0116622 0.0048056 0.0000000 0.0064312 0.0582937
126 R 126 0.0896639 0.2156680 0.0785118 0.1182778 0.0039585 0.0933787 0.0913034 0.0149586 0.0278530 0.0012690 0.0166304 0.1431688 0.0031999 0.0073856 0.0010350 0.0607148 0.0201493 0.0000000 0.0019843 0.0108891
127 E 127 0.0895897 0.0126630 0.0116044 0.1406043 0.0000000 0.0302886 0.5722404 0.0374936 0.0157552 0.0013888 0.0121525 0.0176521 0.0034547 0.0048429 0.0017693 0.0133136 0.0096255 0.0000000 0.0043093 0.0212522
128 A 128 0.3964663 0.0000000 0.0013334 0.0000000 0.0019890 0.0112096 0.0021131 0.0180358 0.0164185 0.0921128 0.0150427 0.0008029 0.0084105 0.0745719 0.0013776 0.0107120 0.0060118 0.0000000 0.0264628 0.3169293
129 D 129 0.0009293 0.0014628 0.0185228 0.8771096 0.0013225 0.0062657 0.0096034 0.0098117 0.0186611 0.0000000 0.0000000 0.0207248 0.0000000 0.0000000 0.0266618 0.0039221 0.0020233 0.0000000 0.0018550 0.0011241
130 I 130 0.0806887 0.0663514 0.0035152 0.0029454 0.0056442 0.0628181 0.0489175 0.0111417 0.0090413 0.1121360 0.1098799 0.1055844 0.0221797 0.0080462 0.0296729 0.0418341 0.1395525 0.0000000 0.0037529 0.1362980
131 D 131 0.0039020 0.0075542 0.1273413 0.7540697 0.0000000 0.0060448 0.0474906 0.0165228 0.0039792 0.0000000 0.0021119 0.0149035 0.0009193 0.0000000 0.0000000 0.0084498 0.0053506 0.0000000 0.0000000 0.0013604
132 G 132 0.0131237 0.0232809 0.1504044 0.0108314 0.0033964 0.0325785 0.0220412 0.5196040 0.0132961 0.0000000 0.0083876 0.1158920 0.0077833 0.0026162 0.0122874 0.0579368 0.0012848 0.0006186 0.0000000 0.0046366
133 D 133 0.0050945 0.0077948 0.1722716 0.5888449 0.0020476 0.0137605 0.0047449 0.0120245 0.0033738 0.0036454 0.0027999 0.0212638 0.0021430 0.0004890 0.0019720 0.1215612 0.0344954 0.0000000 0.0000000 0.0016733
134 G 134 0.0047894 0.0094132 0.0117930 0.0048855 0.0000000 0.0009257 0.0060645 0.9296087 0.0028969 0.0000000 0.0022703 0.0097466 0.0010043 0.0000000 0.0034094 0.0099396 0.0013975 0.0000000 0.0000000 0.0018553
135 Q 135 0.0224187 0.1753741 0.0331375 0.0039748 0.0246014 0.1171545 0.1285068 0.0076738 0.0253866 0.0044367 0.0425228 0.1133282 0.0248963 0.0158271 0.0096888 0.0429150 0.1488554 0.0021178 0.0307924 0.0263914
136 V 136 0.0012306 0.0000000 0.0000000 0.0000000 0.0000000 0.0000000 0.0000000 0.0039089 0.0000000 0.6483664 0.0801715 0.0000000 0.0104191 0.0216983 0.0000000 0.0023437 0.0023002 0.0000000 0.0000000 0.2295614
137 N 137 0.0056642 0.0075424 0.2960318 0.4012740 0.0051251 0.0029413 0.0369497 0.0083129 0.0101142 0.0015229 0.0027017 0.0217393 0.0018865 0.0000000 0.0008615 0.1594590 0.0345083 0.0000000 0.0024895 0.0008755
138 Y 138 0.0158130 0.0088455 0.0000000 0.0000000 0.0119476 0.0206590 0.0587774 0.0006672 0.0016012 0.0109160 0.0254061 0.0071216 0.0081296 0.3398842 0.0056342 0.0004177 0.0024164 0.0023740 0.4674306 0.0119585
139 E 139 0.0367462 0.0102065 0.0536441 0.1753254 0.0000000 0.0686558 0.4090012 0.0480776 0.0095158 0.0157120 0.0094551 0.0231117 0.0011616 0.0012583 0.0463468 0.0468675 0.0270845 0.0000000 0.0091796 0.0086504
140 E 140 0.0119271 0.0017546 0.0084371 0.0971962 0.0000000 0.0116649 0.8113042 0.0082639 0.0029762 0.0015725 0.0008800 0.0047215 0.0065965 0.0010514 0.0000000 0.0030410 0.0192755 0.0000000 0.0008284 0.0085091
141 F 141 0.0000000 0.0000000 0.0000000 0.0000000 0.0000000 0.0000000 0.0000000 0.0000000 0.0000000 0.0000000 0.0413026 0.0000000 0.0000000 0.9474651 0.0000000 0.0012629 0.0000000 0.0019736 0.0062203 0.0017755
142 V 142 0.0599006 0.0235800 0.0064875 0.0006435 0.0348917 0.0124232 0.0237728 0.0037506 0.0044810 0.1194781 0.2385308 0.0277197 0.0334717 0.0150731 0.0000000 0.0132532 0.0289302 0.0016609 0.0168268 0.3351247
143 Q 143 0.2254702 0.1578567 0.0375889 0.0188936 0.0061114 0.0596981 0.0547421 0.0112761 0.0336696 0.0118439 0.0196142 0.1131701 0.0140957 0.0034334 0.0205042 0.0501516 0.1244396 0.0023091 0.0156793 0.0194519
144 M 144 0.0662947 0.0102353 0.0016619 0.0000000 0.0021805 0.0015885 0.0017134 0.0017737 0.0107659 0.1871049 0.1371558 0.0123138 0.4334642 0.0144231 0.0012857 0.0023827 0.0183821 0.0008755 0.0011810 0.0952172
145 M 145 0.0081955 0.0006756 0.0048222 0.0000000 0.0125130 0.0000000 0.0000000 0.0000000 0.0051072 0.0704124 0.1039909 0.0006291 0.7065132 0.0107556 0.0000000 0.0011594 0.0047602 0.0011448 0.0107174 0.0586038
146 T 146 0.0951772 0.0980728 0.0099747 0.0018517 0.0040860 0.0497397 0.0063994 0.0494870 0.0213031 0.0121725 0.0415176 0.1775170 0.0718046 0.0000000 0.0013129 0.0912789 0.2385537 0.0006939 0.0016483 0.0274090
147 A 147 0.1254199 0.1374884 0.0216197 0.0141695 0.0021282 0.0530391 0.0582457 0.0622631 0.0472920 0.0161696 0.0230160 0.1909515 0.0225783 0.0008834 0.0263011 0.1076531 0.0652253 0.0000000 0.0048207 0.0207356
148 K 148 0.0066678 0.0639895 0.0464044 0.0123952 0.0046248 0.0572204 0.0093305 0.2748331 0.0790762 0.0151399 0.0094180 0.3576450 0.0135425 0.0101383 0.0085032 0.0089509 0.0023917 0.0068405 0.0084549 0.0044332
149 G 149 0.0363831 0.0213895 0.0738399 0.0077134 0.0010091 0.0155811 0.0111121 0.0468868 0.0068243 0.0980478 0.1802523 0.0247541 0.2392306 0.0058716 0.0052057 0.0565119 0.1243106 0.0000000 0.0092199 0.0358563
150 S 150 0.0392834 0.0740869 0.0922266 0.1322402 0.0012546 0.0793769 0.0202569 0.0815111 0.0050898 0.0126141 0.0799824 0.2172968 0.0000000 0.0050525 0.0308074 0.0809140 0.0207489 0.0000000 0.0032466 0.0240108
151 A 151 0.0754174 0.0375867 0.0404172 0.1939999 0.0000000 0.0599708 0.2482797 0.0590610 0.0110576 0.0018302 0.0068285 0.0852005 0.0061066 0.0058998 0.0131458 0.0327332 0.0107619 0.1049414 0.0011074 0.0056543
152 R 152 0.0479328 0.2486178 0.0351343 0.0554330 0.0028766 0.0394210 0.1096611 0.0186392 0.0098435 0.0228159 0.0483856 0.1173783 0.0442290 0.0031930 0.0291665 0.0193235 0.1169475 0.0039279 0.0033852 0.0236885
153 R 153 0.0273238 0.0230250 0.0773530 0.4483910 0.0043641 0.0280152 0.0999198 0.0565482 0.0015173 0.0051753 0.0158488 0.0954288 0.0153662 0.0065676 0.0085714 0.0253598 0.0458532 0.0000000 0.0057017 0.0096698
154 K 154 0.1725651 0.0565421 0.0625124 0.0267075 0.0017403 0.0224391 0.0568280 0.0261984 0.0072385 0.0161260 0.0128875 0.0421275 0.0027719 0.0135734 0.1433035 0.1603875 0.1322829 0.0000000 0.0094520 0.0343164
155 W 155 0.0280642 0.0372456 0.0067049 0.1036751 0.0024315 0.0516528 0.3798672 0.0074697 0.0055878 0.0316151 0.0303998 0.1107730 0.0147498 0.0045142 0.0051077 0.1213738 0.0155278 0.0081291 0.0159738 0.0191371
156 Q 156 0.0191536 0.1681115 0.0149125 0.1581400 0.0000000 0.0574599 0.4675998 0.0064596 0.0029222 0.0000000 0.0019914 0.0724425 0.0000000 0.0000000 0.0000000 0.0117652 0.0120579 0.0000000 0.0000000 0.0069838
157 K 157 0.0018417 0.0106403 0.0434377 0.1181470 0.0014634 0.1148031 0.4878488 0.0112449 0.1181969 0.0086007 0.0044402 0.0116269 0.0157313 0.0000000 0.0000000 0.0046797 0.0133563 0.0000000 0.0110086 0.0229325
158 T 158 0.0000000 0.0020735 0.0000000 0.0000000 0.0078711 0.0000000 0.0000000 0.0000000 0.0000000 0.2830135 0.4314520 0.0000000 0.0398964 0.0559579 0.0000000 0.0018983 0.0144618 0.0000000 0.1356459 0.0277296
159 G 159 0.0202291 0.3113965 0.0061392 0.0133132 0.0000000 0.0364528 0.0050271 0.0098195 0.0165115 0.0494626 0.1385527 0.1058321 0.0303824 0.0330737 0.0050702 0.1224693 0.0108308 0.0051334 0.0357497 0.0445543
160 H 160 0.0870193 0.1596640 0.0409834 0.0969845 0.0000000 0.0253739 0.2968952 0.0019810 0.0120356 0.0126254 0.0210374 0.2075866 0.0031887 0.0000000 0.0000000 0.0106662 0.0197931 0.0000000 0.0000000 0.0041661
161 A 161 0.8193401 0.0190786 0.0000000 0.0000000 0.0070855 0.0000000 0.0036960 0.0555467 0.0000000 0.0164507 0.0120815 0.0000000 0.0179183 0.0017845 0.0000000 0.0138200 0.0053692 0.0000000 0.0000000 0.0278291
162 V 162 0.0000000 0.0000000 0.0000000 0.0000000 0.0000000 0.0000000 0.0000000 0.0000000 0.0000000 0.0162014 0.0654171 0.0000000 0.0241216 0.8655272 0.0000000 0.0000000 0.0000000 0.0043126 0.0037925 0.0206276
163 R 163 0.0379898 0.3841925 0.0236434 0.0326565 0.0051151 0.0984779 0.0325732 0.0109333 0.0101585 0.0000000 0.0229949 0.2368530 0.0097924 0.0000000 0.0035980 0.0703211 0.0155378 0.0000000 0.0018254 0.0033372
164 A 164 0.0338218 0.0038396 0.0013553 0.0022445 0.0222698 0.0046605 0.0427028 0.0056321 0.0325180 0.0706226 0.1887322 0.0039412 0.0770140 0.0573136 0.0000000 0.0074312 0.0103490 0.0000000 0.1162686 0.3192833
165 I 165 0.0190701 0.0000000 0.0000000 0.0000000 0.0000000 0.0000000 0.0000000 0.0000000 0.0000000 0.0384328 0.0263674 0.0000000 0.0028222 0.8628323 0.0000000 0.0036396 0.0114523 0.0000000 0.0270043 0.0083788
166 G 166 0.0047013 0.0000000 0.0000000 0.9670159 0.0000000 0.0000000 0.0000000 0.0102426 0.0000000 0.0000000 0.0000000 0.0180402 0.0000000 0.0000000 0.0000000 0.0000000 0.0000000 0.0000000 0.0000000 0.0000000
167 R 167 0.0000000 0.1368834 0.0000000 0.1652625 0.0000000 0.0483022 0.0631764 0.0000000 0.0105659 0.0000000 0.0000000 0.5758096 0.0000000 0.0000000 0.0000000 0.0000000 0.0000000 0.0000000 0.0000000 0.0000000
168 L 168 0.0000000 0.0000000 0.1396199 0.6931020 0.0000000 0.0000000 0.1243577 0.0055469 0.0000000 0.0000000 0.0124466 0.0000000 0.0000000 0.0000000 0.0000000 0.0000000 0.0070665 0.0000000 0.0000000 0.0178603
169 S 169 0.3424746 0.0000000 0.0000000 0.0000000 0.0000000 0.0000000 0.0000000 0.0000000 0.0000000 0.0000000 0.0000000 0.0000000 0.0000000 0.0000000 0.0000000 0.5985433 0.0589821 0.0000000 0.0000000 0.0000000
