  107         A         R         N         D         C         Q         E         G         H         I         L         K         M         F         P         S         T         W         Y         V         X    
  1 M   1 0.0000000 0.0000000 0.0000000 0.0000000 0.0000000 0.0000000 0.0000000 0.0000000 0.0000000 0.0047343 0.0201076 0.0000000 0.0434587 0.0000000 0.0000000 0.0000000 0.0000000 0.0000000 0.0000000 0.0081514 0.9235479
  2 G   2 0.0000000 0.0000000 0.0000000 0.0147920 0.0000000 0.0000000 0.0000000 0.0263158 0.0000000 0.0000000 0.0000000 0.0000000 0.0000000 0.0000000 0.8100765 0.0000000 0.0000000 0.0000000 0.0000000 0.0000000 0.1488158
  3 S   3 0.0113474 0.0000000 0.0108468 0.0000000 0.0000000 0.0000000 0.0000000 0.0000000 0.0000000 0.5805784 0.0000000 0.0000000 0.0000000 0.0000000 0.0000000 0.0149684 0.0233372 0.0000000 0.0000000 0.2259183 0.1330035
  4 S   4 0.0000000 0.0000000 0.0042696 0.0085453 0.0000000 0.0000000 0.0060317 0.9000768 0.0000000 0.0000000 0.0000000 0.0000000 0.0000000 0.0000000 0.0147920 0.0429430 0.0000000 0.0000000 0.0000000 0.0000000 0.0233416
  5 H   5 0.0000000 0.0000000 0.0036624 0.3579628 0.0000000 0.0256329 0.4923244 0.0357952 0.0149684 0.0000000 0.0000000 0.0380241 0.0000000 0.0000000 0.0000000 0.0285648 0.0030651 0.0000000 0.0000000 0.0000000 0.0000000
  6 H   6 0.0000000 0.0000000 0.0070273 0.3565318 0.0000000 0.0000000 0.5805374 0.0102785 0.0149684 0.0000000 0.0000000 0.0000000 0.0000000 0.0000000 0.0000000 0.0306566 0.0000000 0.0000000 0.0000000 0.0000000 0.0000000
  7 H   7 0.0195007 0.0000000 0.0108259 0.2138764 0.0000000 0.0049588 0.5592627 0.1484858 0.0149684 0.0000000 0.0000000 0.0244200 0.0000000 0.0000000 0.0000000 0.0037015 0.0000000 0.0000000 0.0000000 0.0000000 0.0000000
  8 H   8 0.0056048 0.0000000 0.0030398 0.9113612 0.0000000 0.0000000 0.0375838 0.0128997 0.0149684 0.0000000 0.0000000 0.0000000 0.0000000 0.0000000 0.0000000 0.0097650 0.0047773 0.0000000 0.0000000 0.0000000 0.0000000
  9 H   9 0.0343332 0.0000000 0.0048330 0.0000000 0.0000000 0.0047020 0.0000000 0.0139020 0.0149684 0.0000000 0.0000000 0.0000000 0.0000000 0.0000000 0.0018098 0.8396707 0.0669239 0.0000000 0.0000000 0.0188571 0.0000000
 10 H  10 0.0146154 0.0517588 0.0351561 0.0052556 0.0030723 0.0881755 0.1041380 0.0000000 0.4527474 0.0069187 0.0188502 0.0000000 0.0000000 0.0321813 0.0000000 0.1120381 0.0474404 0.0000000 0.0111543 0.0164981 0.0000000
 11 S  11 0.0000000 0.0000000 0.0000000 0.0000000 0.0000000 0.0000000 0.0000000 0.0000000 0.0000000 0.0255990 0.8106372 0.0000000 0.0239352 0.1039054 0.0000000 0.0149684 0.0000000 0.0000000 0.0097465 0.0112084 0.0000000
 12 S  12 0.0159803 0.0000000 0.0000000 0.0000000 0.0000000 0.0000000 0.0218375 0.8746706 0.0000000 0.0000000 0.0108468 0.0234623 0.0000000 0.0000000 0.0000000 0.0384106 0.0000000 0.0000000 0.0000000 0.0147920 0.0000000
 13 G  13 0.0000000 0.0000000 0.0042762 0.9589230 0.0000000 0.0000000 0.0218324 0.0149684 0.0000000 0.0000000 0.0000000 0.0000000 0.0000000 0.0000000 0.0000000 0.0000000 0.0000000 0.0000000 0.0000000 0.0000000 0.0000000
 14 L  14 0.0000000 0.0000000 0.0000000 0.0000000 0.0000000 0.0000000 0.0000000 0.0000000 0.0000000 0.0000000 0.1333874 0.0000000 0.0260771 0.8405355 0.0000000 0.0000000 0.0000000 0.0000000 0.0000000 0.0000000 0.0000000
 15 V  15 0.0000000 0.0000000 0.0000000 0.0000000 0.0000000 0.0000000 0.0000000 0.0000000 0.0000000 0.9094726 0.0282992 0.0000000 0.0000000 0.0000000 0.0000000 0.0000000 0.0000000 0.0000000 0.0000000 0.0622281 0.0000000
 16 P  16 0.0483757 0.0000000 0.0000000 0.0000000 0.0000000 0.0252005 0.7867772 0.0000000 0.0053515 0.0000000 0.0000000 0.0022199 0.0000000 0.0000000 0.0892986 0.0055211 0.0022556 0.0000000 0.0000000 0.0190437 0.0159562
 17 R  17 0.0000000 0.0149684 0.0048330 0.9126819 0.0000000 0.0000000 0.0000000 0.0000000 0.0000000 0.0000000 0.0000000 0.0000000 0.0000000 0.0000000 0.0000000 0.0253132 0.0000000 0.0000000 0.0000000 0.0000000 0.0422034
 18 G  18 0.0280106 0.0186284 0.0145894 0.1284057 0.0009915 0.0831581 0.0777311 0.0448162 0.0101088 0.0053365 0.0013970 0.2249098 0.0009029 0.0014334 0.0091851 0.1423094 0.0735613 0.0000000 0.0000000 0.0235705 0.1109542
 19 S  19 0.0448659 0.0046254 0.1669009 0.2058667 0.0000000 0.0075550 0.1577372 0.0179758 0.0099412 0.0000000 0.0000000 0.0370933 0.0018567 0.0000000 0.0000000 0.1126522 0.0362871 0.0000000 0.0000000 0.0000000 0.1966425
 20 H  20 0.4916169 0.0000000 0.0617741 0.0051610 0.0000000 0.0012170 0.0353871 0.0028878 0.0169190 0.0044484 0.0000000 0.0000000 0.0029876 0.0060156 0.0000000 0.0368733 0.0939682 0.0000000 0.0000000 0.0094049 0.2313389
 21 M  21 0.0116309 0.0164995 0.0065425 0.0259961 0.0000000 0.0015719 0.0064601 0.0233445 0.0161694 0.0806475 0.0803057 0.0223701 0.0370703 0.0147920 0.0243990 0.0314437 0.1183612 0.0000000 0.0018749 0.1961252 0.2843954
 22 L  22 0.0384517 0.0000000 0.0026322 0.0000000 0.0000000 0.0226654 0.0082309 0.0213869 0.0000000 0.1352257 0.1114093 0.0000000 0.0310483 0.0039112 0.0015126 0.0161499 0.0098551 0.0000000 0.0000000 0.2173473 0.3801735
 23 E  23 0.0884336 0.0000000 0.0029498 0.0336575 0.0000000 0.0144990 0.1595502 0.0067354 0.0016392 0.0253629 0.0396627 0.0082033 0.0064168 0.0000000 0.1512567 0.0278618 0.0068431 0.0000000 0.0000000 0.0171245 0.4098035
 24 L  24 0.1558003 0.0000000 0.1063892 0.0092090 0.0000000 0.0060602 0.0000000 0.0050331 0.0000000 0.0000000 0.0513303 0.0081420 0.0014230 0.0000000 0.0155851 0.3145687 0.0639986 0.0000000 0.0000000 0.0327961 0.2296644
 25 P  25 0.0000000 0.0000000 0.0000000 0.0000000 0.0000000 0.0000000 0.0059056 0.0000000 0.0000000 0.0000000 0.0000000 0.0000000 0.0000000 0.0000000 0.9033744 0.0000000 0.0000000 0.0000000 0.0000000 0.0256388 0.0650812
 26 L  26 0.2516583 0.0000000 0.0000000 0.0628122 0.0000000 0.0062626 0.1342760 0.0093709 0.0055211 0.0707775 0.1050675 0.0150681 0.0262895 0.0074054 0.0129921 0.0932287 0.0121989 0.0064606 0.0185578 0.1579966 0.0040562
 27 D  27 0.0170733 0.0054433 0.0245795 0.5359372 0.0000000 0.0240650 0.3086784 0.0083390 0.0162437 0.0010815 0.0021382 0.0169892 0.0148105 0.0000000 0.0000000 0.0078724 0.0050975 0.0000000 0.0000000 0.0116513 0.0000000
 28 S  28 0.5019230 0.0052772 0.0181256 0.0234098 0.0014397 0.0394691 0.0870792 0.0000000 0.0391512 0.0122992 0.0241935 0.0090737 0.0209954 0.0053737 0.0000000 0.1476798 0.0173839 0.0011762 0.0257098 0.0202400 0.0000000
 29 A  29 0.6193857 0.0000000 0.0000000 0.0000000 0.0000000 0.0000000 0.0000000 0.0000000 0.0000000 0.0177717 0.0106076 0.0000000 0.0104089 0.0000000 0.0000000 0.0000000 0.1129060 0.0000000 0.0000000 0.2289201 0.0000000
 30 T  30 0.1994089 0.0000000 0.0360238 0.0142894 0.0000000 0.0097596 0.0495957 0.0277929 0.0000000 0.1346187 0.0404662 0.0000000 0.0483218 0.0023655 0.0000000 0.2115588 0.1618520 0.0000000 0.0000000 0.0639467 0.0000000
 31 T  31 0.0260820 0.0955125 0.0503080 0.0186295 0.0012469 0.1417504 0.0041645 0.0167371 0.0481582 0.0126248 0.0273971 0.0760861 0.0148585 0.2098501 0.0000000 0.0870613 0.0191242 0.0000000 0.1334359 0.0110675 0.0059056
 32 E  32 0.1179739 0.0169989 0.0437273 0.0090426 0.0000000 0.0557676 0.1666373 0.0208022 0.0168133 0.0369813 0.0369103 0.0276994 0.0413538 0.0092026 0.0000000 0.1517144 0.1888932 0.0000000 0.0120807 0.0414955 0.0059056
 33 S  33 0.0116802 0.0083649 0.1406531 0.0125580 0.0000000 0.0067167 0.0000000 0.0666026 0.0000000 0.0170545 0.4504327 0.0166467 0.1207762 0.0073323 0.0000000 0.1277635 0.0019870 0.0000000 0.0000000 0.0114316 0.0000000
 34 L  34 0.0000000 0.0044333 0.0000000 0.0000000 0.0000000 0.0000000 0.0000000 0.0000000 0.0000000 0.0053843 0.9225001 0.0000000 0.0587373 0.0034239 0.0000000 0.0000000 0.0000000 0.0000000 0.0000000 0.0055211 0.0000000
 35 R  35 0.0240977 0.4091661 0.0000000 0.0000000 0.0020685 0.1862380 0.0012102 0.0047649 0.0159042 0.0044084 0.0000000 0.2933043 0.0043118 0.0000000 0.0000000 0.0402721 0.0087025 0.0000000 0.0000000 0.0055513 0.0000000
 36 A  36 0.0383057 0.0181872 0.0154371 0.1506441 0.0000000 0.0469383 0.6483993 0.0087264 0.0028884 0.0017064 0.0111511 0.0235066 0.0045794 0.0027730 0.0000000 0.0132862 0.0085500 0.0000000 0.0000000 0.0049208 0.0000000
 37 A  37 0.1447278 0.0012575 0.0075023 0.0567875 0.0000000 0.4402735 0.0766064 0.0000000 0.0502097 0.0051832 0.0000000 0.0532829 0.0042762 0.0000000 0.0000000 0.0131280 0.0852367 0.0000000 0.0039376 0.0575906 0.0000000
 38 T  38 0.0022033 0.0000000 0.0000000 0.0000000 0.0020533 0.0000000 0.0000000 0.0000000 0.0000000 0.2210338 0.4333478 0.0000000 0.0054254 0.0153760 0.0000000 0.0000000 0.2257157 0.0000000 0.0000000 0.0948447 0.0000000
 39 H  39 0.0245771 0.1134192 0.0752384 0.1435628 0.0010289 0.0716336 0.2437466 0.0208986 0.0680065 0.0151849 0.0086250 0.0746623 0.0098550 0.0029921 0.0000000 0.0384934 0.0793123 0.0000000 0.0000000 0.0087632 0.0000000
 40 D  40 0.0474008 0.0944705 0.0602271 0.1784496 0.0000000 0.0614320 0.2701222 0.0398122 0.0118141 0.0000000 0.0016135 0.0868588 0.0050487 0.0000000 0.0000000 0.1067501 0.0331466 0.0000000 0.0000000 0.0028539 0.0000000
 41 V  41 0.0536534 0.0000000 0.0000000 0.0000000 0.0000000 0.0000000 0.0050839 0.0000000 0.0000000 0.0839806 0.0734355 0.0000000 0.0200650 0.0000000 0.0000000 0.0029889 0.0058723 0.0000000 0.0000000 0.7549203 0.0000000
 42 L  42 0.0000000 0.0000000 0.0000000 0.0000000 0.0000000 0.0000000 0.0000000 0.0000000 0.0000000 0.0194623 0.9522783 0.0000000 0.0060536 0.0172126 0.0000000 0.0000000 0.0000000 0.0000000 0.0000000 0.0049931 0.0000000
 43 A  43 0.2116439 0.0122937 0.0545039 0.2573694 0.0095595 0.0338632 0.1046305 0.0482631 0.0199932 0.0000000 0.0027909 0.0613266 0.0070273 0.0000000 0.0000000 0.1509044 0.0258304 0.0000000 0.0000000 0.0000000 0.0000000
 44 G  44 0.0131760 0.0035818 0.0114477 0.0265545 0.0213392 0.0044038 0.0280965 0.1315678 0.0023510 0.0041597 0.0000000 0.0295023 0.0000000 0.0000000 0.0000000 0.1850432 0.5365952 0.0000000 0.0021815 0.0000000 0.0000000
 45 L  45 0.0000000 0.0000000 0.0000000 0.0000000 0.0000000 0.0000000 0.0000000 0.0000000 0.0000000 0.0000000 0.9890910 0.0000000 0.0109090 0.0000000 0.0000000 0.0000000 0.0000000 0.0000000 0.0000000 0.0000000 0.0000000
 46 T  46 0.0245695 0.0000000 0.0336817 0.0000000 0.0000000 0.0067445 0.0000000 0.0307888 0.0038268 0.0000000 0.0000000 0.0229541 0.0000000 0.0000000 0.0691337 0.2554048 0.5528961 0.0000000 0.0000000 0.0000000 0.0000000
 47 A  47 0.0903315 0.0000000 0.0010590 0.1585590 0.0000000 0.0076770 0.2928000 0.0038095 0.0019355 0.0011517 0.0033531 0.0000000 0.0000000 0.0000000 0.3992914 0.0230128 0.0029339 0.0020529 0.0108081 0.0012244 0.0000000
 48 R  48 0.0000000 0.9717173 0.0000000 0.0000000 0.0000000 0.0147920 0.0000000 0.0000000 0.0000000 0.0000000 0.0000000 0.0134908 0.0000000 0.0000000 0.0000000 0.0000000 0.0000000 0.0000000 0.0000000 0.0000000 0.0000000
 49 E  49 0.0000000 0.0000000 0.0000000 0.0000000 0.0000000 0.0000000 1.0000000 0.0000000 0.0000000 0.0000000 0.0000000 0.0000000 0.0000000 0.0000000 0.0000000 0.0000000 0.0000000 0.0000000 0.0000000 0.0000000 0.0000000
 50 A  50 0.3523544 0.2016831 0.0000000 0.0000000 0.0000000 0.0979376 0.2536669 0.0032388 0.0032048 0.0000000 0.0000000 0.0685117 0.0012992 0.0000000 0.0000000 0.0062827 0.0000000 0.0000000 0.0000000 0.0118207 0.0000000
 51 K  51 0.0000000 0.1677944 0.0471723 0.0454627 0.0000000 0.0529302 0.0995022 0.1039916 0.0018217 0.0000000 0.0030389 0.4297987 0.0382925 0.0000000 0.0000000 0.0058414 0.0043534 0.0000000 0.0000000 0.0000000 0.0000000
 52 V  52 0.0000000 0.0000000 0.0000000 0.0000000 0.0000000 0.0000000 0.0000000 0.0000000 0.0000000 0.1005982 0.0000000 0.0000000 0.0000000 0.0000000 0.0000000 0.0000000 0.0000000 0.0000000 0.0000000 0.8994018 0.0000000
 53 L  53 0.0000000 0.0000000 0.0000000 0.0000000 0.0000000 0.0000000 0.0000000 0.0000000 0.0000000 0.1776520 0.7158846 0.0000000 0.0000000 0.0000000 0.0000000 0.0000000 0.0000000 0.0000000 0.0000000 0.1064634 0.0000000
 54 R  54 0.0185253 0.6125736 0.0000000 0.0000000 0.0000000 0.0617210 0.0315176 0.0000000 0.0000000 0.0222443 0.0000000 0.1575342 0.0173950 0.0000000 0.0000000 0.0468787 0.0123282 0.0000000 0.0100288 0.0092533 0.0000000
 55 M  55 0.0000000 0.0000000 0.0000000 0.0000000 0.0000000 0.0113441 0.0000000 0.0000000 0.0000000 0.0000000 0.4456229 0.0118860 0.4831073 0.0074447 0.0000000 0.0038268 0.0000000 0.0000000 0.0367682 0.0000000 0.0000000
 56 R  56 0.0000000 1.0000000 0.0000000 0.0000000 0.0000000 0.0000000 0.0000000 0.0000000 0.0000000 0.0000000 0.0000000 0.0000000 0.0000000 0.0000000 0.0000000 0.0000000 0.0000000 0.0000000 0.0000000 0.0000000 0.0000000
 57 F  57 0.0000000 0.0000000 0.0000000 0.0000000 0.0000000 0.0000000 0.0000000 0.0000000 0.0000000 0.0000000 0.0000000 0.0097465 0.0000000 0.8059051 0.0000000 0.0000000 0.0000000 0.0000000 0.1843484 0.0000000 0.0000000
 58 G  58 0.0000000 0.0000000 0.0000000 0.0000000 0.0000000 0.0000000 0.0000000 1.0000000 0.0000000 0.0000000 0.0000000 0.0000000 0.0000000 0.0000000 0.0000000 0.0000000 0.0000000 0.0000000 0.0000000 0.0000000 0.0000000
 59 I  59 0.0000000 0.0000000 0.0000000 0.0000000 0.0000000 0.0000000 0.0000000 0.0000000 0.0000000 0.3460261 0.6227443 0.0000000 0.0069591 0.0103862 0.0000000 0.0000000 0.0000000 0.0049931 0.0000000 0.0088911 0.0000000
 60 D  60 0.0174459 0.0046960 0.0126121 0.3560657 0.0000000 0.0029552 0.2036256 0.1735713 0.0000000 0.0280725 0.0431723 0.0301726 0.0021490 0.0064606 0.0000000 0.0010943 0.0770094 0.0000000 0.0075982 0.0332992 0.0000000
 61 M  61 0.0000000 0.0000000 0.0059690 0.6167978 0.0058414 0.0020685 0.0451067 0.0247510 0.0000000 0.0068654 0.0048939 0.0000000 0.2447382 0.0000000 0.0000000 0.0114606 0.0254758 0.0000000 0.0000000 0.0060317 0.0000000
 62 N  62 0.0170775 0.0023885 0.2035746 0.0318189 0.0000000 0.0049704 0.0017324 0.6248517 0.0013990 0.0000000 0.0029889 0.0332569 0.0000000 0.0000000 0.0161472 0.0475024 0.0122917 0.0000000 0.0000000 0.0000000 0.0000000
 63 T  63 0.0068225 0.2599966 0.0085497 0.0256388 0.0016854 0.1164257 0.0016994 0.0023703 0.0374959 0.0051191 0.0022673 0.0619277 0.0170260 0.0101789 0.0000000 0.0877510 0.2730738 0.0000000 0.0747688 0.0072029 0.0000000
 64 D  64 0.0819112 0.0000000 0.0016332 0.3453535 0.0057679 0.0243065 0.0611992 0.0010711 0.0054433 0.0114083 0.0000000 0.0000000 0.0339111 0.0064702 0.2582973 0.0740824 0.0719808 0.0000000 0.0118483 0.0053157 0.0000000
 65 Y  65 0.0000000 0.3388836 0.0000000 0.0000000 0.0000000 0.0133104 0.0000000 0.0000000 0.3586558 0.0000000 0.0380107 0.1498800 0.0189432 0.0000000 0.0000000 0.0055226 0.0000000 0.0038095 0.0729842 0.0000000 0.0000000
 66 T  66 0.0000000 0.0000000 0.0000000 0.0000000 0.0000000 0.0000000 0.0000000 0.0000000 0.0000000 0.0000000 0.0000000 0.0000000 0.0000000 0.0000000 0.0000000 0.0000000 1.0000000 0.0000000 0.0000000 0.0000000 0.0000000
 67 L  67 0.0000000 0.0000000 0.0000000 0.0000000 0.0000000 0.0000000 0.0000000 0.0000000 0.0000000 0.0000000 1.0000000 0.0000000 0.0000000 0.0000000 0.0000000 0.0000000 0.0000000 0.0000000 0.0000000 0.0000000 0.0000000
 68 E  68 0.0000000 0.0000000 0.0000000 0.0975310 0.0000000 0.0000000 0.8924975 0.0000000 0.0000000 0.0000000 0.0000000 0.0099715 0.0000000 0.0000000 0.0000000 0.0000000 0.0000000 0.0000000 0.0000000 0.0000000 0.0000000
 69 E  69 0.0000000 0.0108468 0.0000000 0.0226582 0.0000000 0.0406265 0.9258685 0.0000000 0.0000000 0.0000000 0.0000000 0.0000000 0.0000000 0.0000000 0.0000000 0.0000000 0.0000000 0.0000000 0.0000000 0.0000000 0.0000000
 70 V  70 0.0000000 0.0000000 0.0000000 0.0000000 0.0000000 0.0000000 0.0000000 0.0000000 0.0000000 0.1954541 0.0158172 0.0000000 0.0000000 0.0000000 0.0000000 0.0000000 0.0059691 0.0000000 0.0000000 0.7827597 0.0000000
 71 G  71 0.0000000 0.0000000 0.0000000 0.0000000 0.0000000 0.0000000 0.0000000 0.9898404 0.0000000 0.0000000 0.0000000 0.0000000 0.0000000 0.0000000 0.0000000 0.0101596 0.0000000 0.0000000 0.0000000 0.0000000 0.0000000
 72 K  72 0.0097465 0.1603699 0.0054433 0.0063149 0.0000000 0.2604865 0.0170622 0.0030723 0.0087274 0.0000000 0.0363654 0.4519735 0.0042319 0.0000000 0.0000000 0.0140993 0.0098211 0.0000000 0.0058359 0.0064501 0.0000000
 73 Q  73 0.0037140 0.0210770 0.0093436 0.0314225 0.0000000 0.3197554 0.1876116 0.0020529 0.0149275 0.0797430 0.0300265 0.0319663 0.0179241 0.0096211 0.0000000 0.0161637 0.0077380 0.0000000 0.0643762 0.1525367 0.0000000
 74 F  74 0.0000000 0.0000000 0.0000000 0.0000000 0.0000000 0.0000000 0.0000000 0.0000000 0.0000000 0.0000000 0.0086750 0.0000000 0.0085453 0.8858576 0.0000000 0.0000000 0.0000000 0.0000000 0.0969221 0.0000000 0.0000000
 75 D  75 0.0147680 0.0067237 0.2060825 0.2475828 0.0035296 0.0141532 0.0252743 0.3387882 0.0058310 0.0000000 0.0000000 0.0646814 0.0000000 0.0019870 0.0000000 0.0683701 0.0022282 0.0000000 0.0000000 0.0000000 0.0000000
 76 V  76 0.0000000 0.0000000 0.0000000 0.0000000 0.0000000 0.0000000 0.0000000 0.0000000 0.0000000 0.0363856 0.0177886 0.0000000 0.0000000 0.0000000 0.0000000 0.0000000 0.0000000 0.0000000 0.0000000 0.9458258 0.0000000
 77 T  77 0.0000000 0.0000000 0.0000000 0.0000000 0.0000000 0.0000000 0.0000000 0.0000000 0.0000000 0.0000000 0.0000000 0.0000000 0.0000000 0.0000000 0.0000000 0.0000000 1.0000000 0.0000000 0.0000000 0.0000000 0.0000000
 78 R  78 0.0000000 1.0000000 0.0000000 0.0000000 0.0000000 0.0000000 0.0000000 0.0000000 0.0000000 0.0000000 0.0000000 0.0000000 0.0000000 0.0000000 0.0000000 0.0000000 0.0000000 0.0000000 0.0000000 0.0000000 0.0000000
 79 E  79 0.0000000 0.0000000 0.0000000 0.0000000 0.0000000 0.0000000 1.0000000 0.0000000 0.0000000 0.0000000 0.0000000 0.0000000 0.0000000 0.0000000 0.0000000 0.0000000 0.0000000 0.0000000 0.0000000 0.0000000 0.0000000
 80 R  80 0.0000000 1.0000000 0.0000000 0.0000000 0.0000000 0.0000000 0.0000000 0.0000000 0.0000000 0.0000000 0.0000000 0.0000000 0.0000000 0.0000000 0.0000000 0.0000000 0.0000000 0.0000000 0.0000000 0.0000000 0.0000000
 81 I  81 0.0000000 0.0000000 0.0000000 0.0000000 0.0000000 0.0000000 0.0000000 0.0000000 0.0000000 0.9509948 0.0000000 0.0000000 0.0000000 0.0000000 0.0000000 0.0000000 0.0000000 0.0000000 0.0000000 0.0490052 0.0000000
 82 R  82 0.0000000 1.0000000 0.0000000 0.0000000 0.0000000 0.0000000 0.0000000 0.0000000 0.0000000 0.0000000 0.0000000 0.0000000 0.0000000 0.0000000 0.0000000 0.0000000 0.0000000 0.0000000 0.0000000 0.0000000 0.0000000
 83 Q  83 0.0000000 0.0000000 0.0000000 0.0000000 0.0000000 1.0000000 0.0000000 0.0000000 0.0000000 0.0000000 0.0000000 0.0000000 0.0000000 0.0000000 0.0000000 0.0000000 0.0000000 0.0000000 0.0000000 0.0000000 0.0000000
 84 I  84 0.0000000 0.0000000 0.0000000 0.0000000 0.0000000 0.0000000 0.0000000 0.0000000 0.0000000 1.0000000 0.0000000 0.0000000 0.0000000 0.0000000 0.0000000 0.0000000 0.0000000 0.0000000 0.0000000 0.0000000 0.0000000
 85 E  85 0.0000000 0.0000000 0.0000000 0.0000000 0.0000000 0.0099715 0.9900285 0.0000000 0.0000000 0.0000000 0.0000000 0.0000000 0.0000000 0.0000000 0.0000000 0.0000000 0.0000000 0.0000000 0.0000000 0.0000000 0.0000000
 86 A  86 0.7069664 0.0000000 0.0125883 0.0054433 0.0000000 0.0000000 0.0108468 0.0170885 0.0000000 0.0000000 0.0000000 0.0000000 0.0000000 0.0000000 0.0000000 0.1933060 0.0049523 0.0000000 0.0000000 0.0488083 0.0000000
 87 K  87 0.0000000 0.0104421 0.0000000 0.0000000 0.0000000 0.0178206 0.0000000 0.0000000 0.0000000 0.0000000 0.0000000 0.9598890 0.0000000 0.0000000 0.0000000 0.0000000 0.0000000 0.0000000 0.0000000 0.0118483 0.0000000
 88 A  88 0.8402355 0.0000000 0.0000000 0.0000000 0.0000000 0.0000000 0.0000000 0.0042388 0.0000000 0.0000000 0.0000000 0.0000000 0.0000000 0.0000000 0.0000000 0.0050839 0.1504418 0.0000000 0.0000000 0.0000000 0.0000000
 89 L  89 0.0000000 0.0000000 0.0000000 0.0000000 0.0000000 0.0000000 0.0000000 0.0000000 0.0000000 0.0722856 0.7904792 0.0000000 0.1323962 0.0000000 0.0000000 0.0000000 0.0000000 0.0000000 0.0000000 0.0048390 0.0000000
 90 R  90 0.0346271 0.7936425 0.0095191 0.0000000 0.0000000 0.0000000 0.0000000 0.0045975 0.0000000 0.0000000 0.0017449 0.0291760 0.0000000 0.0000000 0.0000000 0.1196086 0.0039084 0.0000000 0.0000000 0.0031758 0.0000000
 91 K  91 0.0000000 0.0635824 0.0000000 0.0000000 0.0000000 0.0000000 0.0000000 0.0000000 0.0000000 0.0000000 0.0000000 0.9364176 0.0000000 0.0000000 0.0000000 0.0000000 0.0000000 0.0000000 0.0000000 0.0000000 0.0000000
 92 L  92 0.0000000 0.0000000 0.0000000 0.0000000 0.0000000 0.0000000 0.0000000 0.0000000 0.0000000 0.0079614 0.9656188 0.0000000 0.0232796 0.0000000 0.0000000 0.0031402 0.0000000 0.0000000 0.0000000 0.0000000 0.0000000
 93 R  93 0.0000000 0.8495879 0.0031513 0.0000000 0.0000000 0.0159016 0.0000000 0.0000000 0.0000000 0.0000000 0.0059999 0.1152483 0.0061295 0.0000000 0.0000000 0.0039815 0.0000000 0.0000000 0.0000000 0.0000000 0.0000000
 94 H  94 0.0000000 0.0082286 0.0294074 0.0121929 0.0000000 0.0220896 0.0040841 0.0044484 0.9013485 0.0000000 0.0000000 0.0000000 0.0000000 0.0000000 0.0000000 0.0126780 0.0000000 0.0000000 0.0055226 0.0000000 0.0000000
 95 P  95 0.0000000 0.0039084 0.0000000 0.0000000 0.0000000 0.0059691 0.0097465 0.0000000 0.0188571 0.0000000 0.0000000 0.0000000 0.0000000 0.0000000 0.9464711 0.0050191 0.0000000 0.0100288 0.0000000 0.0000000 0.0000000
 96 S  96 0.0387781 0.0221995 0.0610047 0.0000000 0.0044484 0.0079496 0.0000000 0.0211532 0.0189570 0.0067750 0.0000000 0.0312552 0.0023056 0.0000000 0.0000000 0.6378101 0.1064529 0.0000000 0.0072136 0.0336970 0.0000000
 97 R  97 0.0040841 0.9095322 0.0000000 0.0000000 0.0035818 0.0025961 0.0000000 0.0000000 0.0032048 0.0085453 0.0131527 0.0310340 0.0023655 0.0108466 0.0000000 0.0000000 0.0000000 0.0000000 0.0110570 0.0000000 0.0000000
 98 S  98 0.1185839 0.0350692 0.0421179 0.0000000 0.0014419 0.0055211 0.0000000 0.0167496 0.0000000 0.0096906 0.0264485 0.0080100 0.0000000 0.0000000 0.0000000 0.7183512 0.0161009 0.0000000 0.0000000 0.0019152 0.0000000
 99 E  99 0.0349397 0.1949520 0.0442268 0.1093281 0.0000000 0.1261742 0.1228784 0.0300212 0.0089437 0.0000000 0.0000000 0.2843787 0.0000000 0.0000000 0.0000000 0.0374724 0.0041923 0.0000000 0.0000000 0.0024925 0.0000000
100 V 100 0.0095955 0.0953904 0.0000000 0.0000000 0.0000000 0.1160363 0.0110186 0.0159098 0.0426475 0.0468431 0.0194296 0.3871031 0.0148223 0.0070529 0.0152217 0.0175674 0.0282238 0.0000000 0.0392285 0.1339094 0.0000000
101 L 101 0.0000000 0.0000000 0.0000000 0.0000000 0.0000000 0.0000000 0.0000000 0.0000000 0.0000000 0.0356961 0.9441175 0.0000000 0.0126497 0.0000000 0.0000000 0.0000000 0.0000000 0.0000000 0.0000000 0.0075367 0.0000000
102 R 102 0.0036559 0.5299696 0.0050935 0.0000000 0.0000000 0.0147940 0.0209927 0.0000000 0.0094966 0.0042253 0.0025800 0.4017744 0.0000000 0.0000000 0.0000000 0.0074179 0.0000000 0.0000000 0.0000000 0.0000000 0.0000000
103 S 103 0.0302117 0.0000000 0.0162963 0.4450810 0.0050558 0.0054433 0.0607278 0.1047511 0.0015594 0.0031758 0.0000000 0.0000000 0.0000000 0.0000000 0.0280753 0.2669251 0.0229230 0.0000000 0.0000000 0.0000000 0.0097743
104 F 104 0.0000000 0.0000000 0.0028004 0.0000000 0.0000000 0.0000000 0.0000000 0.0000000 0.0000000 0.0000000 0.0090012 0.0000000 0.0000000 0.5924414 0.0000000 0.0000000 0.0000000 0.0000000 0.3765695 0.0000000 0.0191876
105 L 105 0.0016441 0.0000000 0.0000000 0.0000000 0.0022208 0.0000000 0.0000000 0.0000000 0.0000000 0.0978127 0.7087039 0.0000000 0.0219100 0.0076468 0.0000000 0.0060761 0.0043377 0.0000000 0.0152991 0.0523594 0.0819893
106 D 106 0.0000000 0.0042253 0.0245882 0.4954672 0.0000000 0.0017710 0.2311205 0.0108852 0.0029498 0.0000000 0.0000000 0.0042394 0.0000000 0.0000000 0.0000000 0.0016088 0.0000000 0.0000000 0.0049931 0.0000000 0.2181515
107 D 107 0.0000000 0.0000000 0.0735101 0.0881215 0.0000000 0.0000000 0.0826241 0.0000000 0.0000000 0.0000000 0.0000000 0.0000000 0.0000000 0.0000000 0.0000000 0.0000000 0.0000000 0.0000000 0.0000000 0.0000000 0.7557443
