  107         A         R         N         D         C         Q         E         G         H         I         L         K         M         F         P         S         T         W         Y         V    
  1 M   1 0.0000000 0.0000000 0.0000000 0.0000000 0.0000000 0.0000000 0.0000000 0.0000000 0.0000000 0.0634699 0.2715223 0.0000000 0.5533169 0.0000000 0.0000000 0.0000000 0.0000000 0.0000000 0.0000000 0.1116909
  2 G   2 0.0000000 0.0000000 0.0000000 0.0193863 0.0000000 0.0000000 0.0000000 0.0332927 0.0000000 0.0000000 0.0000000 0.0000000 0.0000000 0.0000000 0.9473210 0.0000000 0.0000000 0.0000000 0.0000000 0.0000000
  3 S   3 0.0143236 0.0000000 0.0131964 0.0000000 0.0000000 0.0000000 0.0000000 0.0000000 0.0000000 0.6661063 0.0000000 0.0000000 0.0000000 0.0000000 0.0000000 0.0183685 0.0292594 0.0000000 0.0000000 0.2587457
  4 S   4 0.0000000 0.0000000 0.0040640 0.0091291 0.0000000 0.0000000 0.0069780 0.9162157 0.0000000 0.0000000 0.0000000 0.0000000 0.0000000 0.0000000 0.0170002 0.0466129 0.0000000 0.0000000 0.0000000 0.0000000
  5 H   5 0.0000000 0.0000000 0.0036831 0.3577098 0.0000000 0.0259159 0.4909203 0.0368077 0.0160487 0.0000000 0.0000000 0.0369822 0.0000000 0.0000000 0.0000000 0.0288630 0.0030693 0.0000000 0.0000000 0.0000000
  6 H   6 0.0000000 0.0000000 0.0070245 0.3595942 0.0000000 0.0000000 0.5764976 0.0103645 0.0160487 0.0000000 0.0000000 0.0000000 0.0000000 0.0000000 0.0000000 0.0304705 0.0000000 0.0000000 0.0000000 0.0000000
  7 H   7 0.0195795 0.0000000 0.0108112 0.2130600 0.0000000 0.0049677 0.5629812 0.1444941 0.0160487 0.0000000 0.0000000 0.0244188 0.0000000 0.0000000 0.0000000 0.0036387 0.0000000 0.0000000 0.0000000 0.0000000
  8 H   8 0.0052105 0.0000000 0.0028584 0.9094944 0.0000000 0.0000000 0.0382683 0.0136932 0.0160487 0.0000000 0.0000000 0.0000000 0.0000000 0.0000000 0.0000000 0.0098518 0.0045747 0.0000000 0.0000000 0.0000000
  9 H   9 0.0344268 0.0000000 0.0053677 0.0000000 0.0000000 0.0046812 0.0000000 0.0140386 0.0160487 0.0000000 0.0000000 0.0000000 0.0000000 0.0000000 0.0017850 0.8371237 0.0676546 0.0000000 0.0000000 0.0188736
 10 H  10 0.0144848 0.0514995 0.0355508 0.0046720 0.0030705 0.0849422 0.1029959 0.0000000 0.4546312 0.0068431 0.0188334 0.0000000 0.0000000 0.0321613 0.0000000 0.1139670 0.0476254 0.0000000 0.0110244 0.0176985
 11 S  11 0.0000000 0.0000000 0.0000000 0.0000000 0.0000000 0.0000000 0.0000000 0.0000000 0.0000000 0.0260656 0.8123269 0.0000000 0.0237332 0.1015138 0.0000000 0.0160487 0.0000000 0.0000000 0.0097448 0.0105669
 12 S  12 0.0160384 0.0000000 0.0000000 0.0000000 0.0000000 0.0000000 0.0221507 0.8714013 0.0000000 0.0000000 0.0115298 0.0233458 0.0000000 0.0000000 0.0000000 0.0389015 0.0000000 0.0000000 0.0000000 0.0166325
 13 G  13 0.0000000 0.0000000 0.0042814 0.9560132 0.0000000 0.0000000 0.0236567 0.0160487 0.0000000 0.0000000 0.0000000 0.0000000 0.0000000 0.0000000 0.0000000 0.0000000 0.0000000 0.0000000 0.0000000 0.0000000
 14 L  14 0.0000000 0.0000000 0.0000000 0.0000000 0.0000000 0.0000000 0.0000000 0.0000000 0.0000000 0.0000000 0.1331428 0.0000000 0.0262916 0.8405656 0.0000000 0.0000000 0.0000000 0.0000000 0.0000000 0.0000000
 15 V  15 0.0000000 0.0000000 0.0000000 0.0000000 0.0000000 0.0000000 0.0000000 0.0000000 0.0000000 0.9076987 0.0286559 0.0000000 0.0000000 0.0000000 0.0000000 0.0000000 0.0000000 0.0000000 0.0000000 0.0636453
 16 P  16 0.0482919 0.0000000 0.0000000 0.0000000 0.0000000 0.0257955 0.7965095 0.0000000 0.0058736 0.0000000 0.0000000 0.0023515 0.0000000 0.0000000 0.0928665 0.0057124 0.0024053 0.0000000 0.0000000 0.0201937
 17 R  17 0.0000000 0.0167010 0.0055859 0.9491256 0.0000000 0.0000000 0.0000000 0.0000000 0.0000000 0.0000000 0.0000000 0.0000000 0.0000000 0.0000000 0.0000000 0.0285876 0.0000000 0.0000000 0.0000000 0.0000000
 18 G  18 0.0305180 0.0209354 0.0164550 0.1471313 0.0011425 0.0921532 0.0870237 0.0517187 0.0113108 0.0060450 0.0016032 0.2559608 0.0010448 0.0016449 0.0105432 0.1555943 0.0824932 0.0000000 0.0000000 0.0266819
 19 S  19 0.0575581 0.0058317 0.2102262 0.2539638 0.0000000 0.0095744 0.1908407 0.0223787 0.0124559 0.0000000 0.0000000 0.0465127 0.0023771 0.0000000 0.0000000 0.1417450 0.0465357 0.0000000 0.0000000 0.0000000
 20 H  20 0.6334843 0.0000000 0.0842130 0.0060463 0.0000000 0.0016681 0.0449186 0.0039254 0.0235666 0.0058718 0.0000000 0.0000000 0.0040071 0.0080730 0.0000000 0.0485590 0.1231747 0.0000000 0.0000000 0.0124922
 21 M  21 0.0165592 0.0234172 0.0088937 0.0338746 0.0000000 0.0020834 0.0089609 0.0328831 0.0222586 0.1125493 0.1141270 0.0313535 0.0534100 0.0233392 0.0330080 0.0440330 0.1670129 0.0000000 0.0026647 0.2695715
 22 L  22 0.0599797 0.0000000 0.0040601 0.0000000 0.0000000 0.0371540 0.0134699 0.0343763 0.0000000 0.2171987 0.1837164 0.0000000 0.0508833 0.0062579 0.0025015 0.0292600 0.0161487 0.0000000 0.0000000 0.3449935
 23 E  23 0.1447223 0.0000000 0.0052473 0.0610701 0.0000000 0.0243577 0.2712836 0.0100449 0.0028704 0.0434831 0.0680845 0.0139562 0.0107211 0.0000000 0.2554541 0.0476459 0.0119564 0.0000000 0.0000000 0.0291024
 24 L  24 0.2007827 0.0000000 0.1367543 0.0117872 0.0000000 0.0082407 0.0000000 0.0062948 0.0000000 0.0000000 0.0678973 0.0112910 0.0019345 0.0000000 0.0205877 0.4069051 0.0836260 0.0000000 0.0000000 0.0438988
 25 P  25 0.0000000 0.0000000 0.0000000 0.0000000 0.0000000 0.0000000 0.0060448 0.0000000 0.0000000 0.0000000 0.0000000 0.0000000 0.0000000 0.0000000 0.9639663 0.0000000 0.0000000 0.0000000 0.0000000 0.0299890
 26 L  26 0.2508912 0.0000000 0.0000000 0.0635452 0.0000000 0.0063460 0.1341672 0.0094623 0.0056482 0.0723134 0.1074289 0.0137206 0.0281641 0.0074583 0.0133127 0.0938590 0.0123912 0.0065749 0.0183872 0.1563295
 27 D  27 0.0168444 0.0053710 0.0251611 0.5346695 0.0000000 0.0235118 0.3095782 0.0083475 0.0180965 0.0010806 0.0021883 0.0156116 0.0148316 0.0000000 0.0000000 0.0078530 0.0050743 0.0000000 0.0000000 0.0117808
 28 S  28 0.4969322 0.0052447 0.0181893 0.0228107 0.0014516 0.0396931 0.0881854 0.0000000 0.0386550 0.0128478 0.0240812 0.0090766 0.0209931 0.0054317 0.0000000 0.1506236 0.0179854 0.0011796 0.0258392 0.0207798
 29 A  29 0.6230964 0.0000000 0.0000000 0.0000000 0.0000000 0.0000000 0.0000000 0.0000000 0.0000000 0.0184932 0.0103577 0.0000000 0.0105219 0.0000000 0.0000000 0.0000000 0.1129514 0.0000000 0.0000000 0.2245794
 30 T  30 0.1973210 0.0000000 0.0357164 0.0150688 0.0000000 0.0098801 0.0508236 0.0276577 0.0000000 0.1349174 0.0409234 0.0000000 0.0486408 0.0023633 0.0000000 0.2074678 0.1641465 0.0000000 0.0000000 0.0650733
 31 T  31 0.0262941 0.0952258 0.0512599 0.0191281 0.0012803 0.1458521 0.0042704 0.0172181 0.0484012 0.0126709 0.0284540 0.0758122 0.0152303 0.2049280 0.0000000 0.0887201 0.0205176 0.0000000 0.1338140 0.0109228
 32 E  32 0.1187556 0.0173911 0.0434724 0.0092848 0.0000000 0.0566931 0.1692414 0.0211019 0.0188024 0.0366587 0.0374134 0.0292942 0.0417025 0.0093558 0.0000000 0.1531522 0.1838097 0.0000000 0.0122427 0.0416282
 33 S  33 0.0118995 0.0084187 0.1441089 0.0125975 0.0000000 0.0067313 0.0000000 0.0677241 0.0000000 0.0171841 0.4438955 0.0168490 0.1200470 0.0072621 0.0000000 0.1301016 0.0019868 0.0000000 0.0000000 0.0111939
 34 L  34 0.0000000 0.0045007 0.0000000 0.0000000 0.0000000 0.0000000 0.0000000 0.0000000 0.0000000 0.0048561 0.9235287 0.0000000 0.0580441 0.0034422 0.0000000 0.0000000 0.0000000 0.0000000 0.0000000 0.0056282
 35 R  35 0.0247424 0.4110372 0.0000000 0.0000000 0.0020863 0.1807463 0.0012087 0.0048060 0.0155442 0.0045570 0.0000000 0.2956818 0.0043402 0.0000000 0.0000000 0.0408065 0.0088686 0.0000000 0.0000000 0.0055748
 36 A  36 0.0396742 0.0182420 0.0156570 0.1472384 0.0000000 0.0475747 0.6489741 0.0083905 0.0028985 0.0016236 0.0111439 0.0241283 0.0044995 0.0028190 0.0000000 0.0134909 0.0086741 0.0000000 0.0000000 0.0049714
 37 A  37 0.1477371 0.0012580 0.0075527 0.0557021 0.0000000 0.4347890 0.0757848 0.0000000 0.0506649 0.0052722 0.0000000 0.0550680 0.0042814 0.0000000 0.0000000 0.0134526 0.0861537 0.0000000 0.0039759 0.0583076
 38 T  38 0.0020742 0.0000000 0.0000000 0.0000000 0.0020870 0.0000000 0.0000000 0.0000000 0.0000000 0.2242006 0.4264977 0.0000000 0.0054307 0.0151392 0.0000000 0.0000000 0.2297989 0.0000000 0.0000000 0.0947718
 39 H  39 0.0246902 0.1150922 0.0779550 0.1424330 0.0010288 0.0687702 0.2429916 0.0206920 0.0677628 0.0149670 0.0087075 0.0746832 0.0093993 0.0030018 0.0000000 0.0387568 0.0801871 0.0000000 0.0000000 0.0088812
 40 D  40 0.0469134 0.0954989 0.0601863 0.1778605 0.0000000 0.0614810 0.2741283 0.0389423 0.0118304 0.0000000 0.0016112 0.0858314 0.0050635 0.0000000 0.0000000 0.1044091 0.0333607 0.0000000 0.0000000 0.0028832
 41 V  41 0.0538115 0.0000000 0.0000000 0.0000000 0.0000000 0.0000000 0.0050762 0.0000000 0.0000000 0.0849094 0.0748270 0.0000000 0.0203013 0.0000000 0.0000000 0.0029950 0.0058889 0.0000000 0.0000000 0.7521907
 42 L  42 0.0000000 0.0000000 0.0000000 0.0000000 0.0000000 0.0000000 0.0000000 0.0000000 0.0000000 0.0188947 0.9529592 0.0000000 0.0059462 0.0172175 0.0000000 0.0000000 0.0000000 0.0000000 0.0000000 0.0049824
 43 A  43 0.2139751 0.0120852 0.0550579 0.2564536 0.0094370 0.0337123 0.1013077 0.0481638 0.0197211 0.0000000 0.0028179 0.0616084 0.0070245 0.0000000 0.0000000 0.1512260 0.0274096 0.0000000 0.0000000 0.0000000
 44 G  44 0.0132903 0.0035836 0.0116025 0.0267440 0.0212986 0.0044033 0.0289522 0.1354384 0.0023466 0.0041630 0.0000000 0.0297013 0.0000000 0.0000000 0.0000000 0.1862470 0.5299827 0.0000000 0.0022466 0.0000000
 45 L  45 0.0000000 0.0000000 0.0000000 0.0000000 0.0000000 0.0000000 0.0000000 0.0000000 0.0000000 0.0000000 0.9889480 0.0000000 0.0110520 0.0000000 0.0000000 0.0000000 0.0000000 0.0000000 0.0000000 0.0000000
 46 T  46 0.0246262 0.0000000 0.0320420 0.0000000 0.0000000 0.0071180 0.0000000 0.0308516 0.0038017 0.0000000 0.0000000 0.0236647 0.0000000 0.0000000 0.0703942 0.2510555 0.5564462 0.0000000 0.0000000 0.0000000
 47 A  47 0.0930762 0.0000000 0.0010394 0.1572145 0.0000000 0.0076863 0.2896048 0.0037797 0.0019638 0.0011325 0.0033559 0.0000000 0.0000000 0.0000000 0.4003897 0.0236818 0.0029538 0.0020532 0.0108350 0.0012335
 48 R  48 0.0000000 0.9700146 0.0000000 0.0000000 0.0000000 0.0166325 0.0000000 0.0000000 0.0000000 0.0000000 0.0000000 0.0133530 0.0000000 0.0000000 0.0000000 0.0000000 0.0000000 0.0000000 0.0000000 0.0000000
 49 E  49 0.0000000 0.0000000 0.0000000 0.0000000 0.0000000 0.0000000 1.0000000 0.0000000 0.0000000 0.0000000 0.0000000 0.0000000 0.0000000 0.0000000 0.0000000 0.0000000 0.0000000 0.0000000 0.0000000 0.0000000
 50 A  50 0.3508542 0.2009863 0.0000000 0.0000000 0.0000000 0.0989059 0.2550279 0.0032738 0.0032186 0.0000000 0.0000000 0.0678608 0.0012972 0.0000000 0.0000000 0.0063164 0.0000000 0.0000000 0.0000000 0.0122590
 51 K  51 0.0000000 0.1688476 0.0470565 0.0439017 0.0000000 0.0531287 0.1006311 0.0990225 0.0018242 0.0000000 0.0025053 0.4343222 0.0385320 0.0000000 0.0000000 0.0059002 0.0043278 0.0000000 0.0000000 0.0000000
 52 V  52 0.0000000 0.0000000 0.0000000 0.0000000 0.0000000 0.0000000 0.0000000 0.0000000 0.0000000 0.1014664 0.0000000 0.0000000 0.0000000 0.0000000 0.0000000 0.0000000 0.0000000 0.0000000 0.0000000 0.8985336
 53 L  53 0.0000000 0.0000000 0.0000000 0.0000000 0.0000000 0.0000000 0.0000000 0.0000000 0.0000000 0.1783740 0.7202354 0.0000000 0.0000000 0.0000000 0.0000000 0.0000000 0.0000000 0.0000000 0.0000000 0.1013906
 54 R  54 0.0181433 0.6146567 0.0000000 0.0000000 0.0000000 0.0619727 0.0316128 0.0000000 0.0000000 0.0220486 0.0000000 0.1570304 0.0173209 0.0000000 0.0000000 0.0457580 0.0122151 0.0000000 0.0099898 0.0092517
 55 M  55 0.0000000 0.0000000 0.0000000 0.0000000 0.0000000 0.0111844 0.0000000 0.0000000 0.0000000 0.0000000 0.4413507 0.0120404 0.4875328 0.0075844 0.0000000 0.0038017 0.0000000 0.0000000 0.0365054 0.0000000
 56 R  56 0.0000000 1.0000000 0.0000000 0.0000000 0.0000000 0.0000000 0.0000000 0.0000000 0.0000000 0.0000000 0.0000000 0.0000000 0.0000000 0.0000000 0.0000000 0.0000000 0.0000000 0.0000000 0.0000000 0.0000000
 57 F  57 0.0000000 0.0000000 0.0000000 0.0000000 0.0000000 0.0000000 0.0000000 0.0000000 0.0000000 0.0000000 0.0000000 0.0097448 0.0000000 0.8079769 0.0000000 0.0000000 0.0000000 0.0000000 0.1822782 0.0000000
 58 G  58 0.0000000 0.0000000 0.0000000 0.0000000 0.0000000 0.0000000 0.0000000 1.0000000 0.0000000 0.0000000 0.0000000 0.0000000 0.0000000 0.0000000 0.0000000 0.0000000 0.0000000 0.0000000 0.0000000 0.0000000
 59 I  59 0.0000000 0.0000000 0.0000000 0.0000000 0.0000000 0.0000000 0.0000000 0.0000000 0.0000000 0.3501804 0.6188464 0.0000000 0.0067185 0.0103605 0.0000000 0.0000000 0.0000000 0.0049824 0.0000000 0.0089118
 60 D  60 0.0169841 0.0047300 0.0125813 0.3585502 0.0000000 0.0027925 0.2041635 0.1755003 0.0000000 0.0276811 0.0437458 0.0303479 0.0021408 0.0065516 0.0000000 0.0010690 0.0726898 0.0000000 0.0073338 0.0331382
 61 M  61 0.0000000 0.0000000 0.0056731 0.6114181 0.0059002 0.0020863 0.0455796 0.0255528 0.0000000 0.0069526 0.0048947 0.0000000 0.2479399 0.0000000 0.0000000 0.0115251 0.0256505 0.0000000 0.0000000 0.0068271
 62 N  62 0.0172717 0.0024343 0.2073932 0.0338217 0.0000000 0.0050557 0.0017371 0.6177622 0.0014049 0.0000000 0.0029950 0.0336652 0.0000000 0.0000000 0.0162572 0.0477296 0.0124722 0.0000000 0.0000000 0.0000000
 63 T  63 0.0069854 0.2570716 0.0087763 0.0281623 0.0016532 0.1135836 0.0016970 0.0024564 0.0372206 0.0050856 0.0021976 0.0612782 0.0161281 0.0101697 0.0000000 0.0882399 0.2767280 0.0000000 0.0753771 0.0071894
 64 D  64 0.0814251 0.0000000 0.0016339 0.3500798 0.0058192 0.0242772 0.0620970 0.0010741 0.0053710 0.0108181 0.0000000 0.0000000 0.0328948 0.0064821 0.2540962 0.0735154 0.0727082 0.0000000 0.0120202 0.0056876
 65 Y  65 0.0000000 0.3351479 0.0000000 0.0000000 0.0000000 0.0137022 0.0000000 0.0000000 0.3621199 0.0000000 0.0380718 0.1474748 0.0193077 0.0000000 0.0000000 0.0055840 0.0000000 0.0037797 0.0748121 0.0000000
 66 T  66 0.0000000 0.0000000 0.0000000 0.0000000 0.0000000 0.0000000 0.0000000 0.0000000 0.0000000 0.0000000 0.0000000 0.0000000 0.0000000 0.0000000 0.0000000 0.0000000 1.0000000 0.0000000 0.0000000 0.0000000
 67 L  67 0.0000000 0.0000000 0.0000000 0.0000000 0.0000000 0.0000000 0.0000000 0.0000000 0.0000000 0.0000000 1.0000000 0.0000000 0.0000000 0.0000000 0.0000000 0.0000000 0.0000000 0.0000000 0.0000000 0.0000000
 68 E  68 0.0000000 0.0000000 0.0000000 0.0924709 0.0000000 0.0000000 0.8975363 0.0000000 0.0000000 0.0000000 0.0000000 0.0099928 0.0000000 0.0000000 0.0000000 0.0000000 0.0000000 0.0000000 0.0000000 0.0000000
 69 E  69 0.0000000 0.0115298 0.0000000 0.0223995 0.0000000 0.0404601 0.9256106 0.0000000 0.0000000 0.0000000 0.0000000 0.0000000 0.0000000 0.0000000 0.0000000 0.0000000 0.0000000 0.0000000 0.0000000 0.0000000
 70 V  70 0.0000000 0.0000000 0.0000000 0.0000000 0.0000000 0.0000000 0.0000000 0.0000000 0.0000000 0.1913535 0.0158887 0.0000000 0.0000000 0.0000000 0.0000000 0.0000000 0.0059962 0.0000000 0.0000000 0.7867615
 71 G  71 0.0000000 0.0000000 0.0000000 0.0000000 0.0000000 0.0000000 0.0000000 0.9898287 0.0000000 0.0000000 0.0000000 0.0000000 0.0000000 0.0000000 0.0000000 0.0101713 0.0000000 0.0000000 0.0000000 0.0000000
 72 K  72 0.0097448 0.1601767 0.0053710 0.0061863 0.0000000 0.2564712 0.0170872 0.0030705 0.0086342 0.0000000 0.0364411 0.4557678 0.0042886 0.0000000 0.0000000 0.0141157 0.0097667 0.0000000 0.0063829 0.0064952
 73 Q  73 0.0037489 0.0210462 0.0094517 0.0317049 0.0000000 0.3240777 0.1873534 0.0020532 0.0149235 0.0778672 0.0306375 0.0324084 0.0178536 0.0097632 0.0000000 0.0160784 0.0076132 0.0000000 0.0636939 0.1497249
 74 F  74 0.0000000 0.0000000 0.0000000 0.0000000 0.0000000 0.0000000 0.0000000 0.0000000 0.0000000 0.0000000 0.0086956 0.0000000 0.0089317 0.8902869 0.0000000 0.0000000 0.0000000 0.0000000 0.0920858 0.0000000
 75 D  75 0.0149586 0.0067842 0.2065389 0.2494927 0.0035175 0.0142980 0.0253728 0.3355205 0.0058524 0.0000000 0.0000000 0.0644671 0.0000000 0.0019868 0.0000000 0.0689364 0.0022742 0.0000000 0.0000000 0.0000000
 76 V  76 0.0000000 0.0000000 0.0000000 0.0000000 0.0000000 0.0000000 0.0000000 0.0000000 0.0000000 0.0373097 0.0177129 0.0000000 0.0000000 0.0000000 0.0000000 0.0000000 0.0000000 0.0000000 0.0000000 0.9449775
 77 T  77 0.0000000 0.0000000 0.0000000 0.0000000 0.0000000 0.0000000 0.0000000 0.0000000 0.0000000 0.0000000 0.0000000 0.0000000 0.0000000 0.0000000 0.0000000 0.0000000 1.0000000 0.0000000 0.0000000 0.0000000
 78 R  78 0.0000000 1.0000000 0.0000000 0.0000000 0.0000000 0.0000000 0.0000000 0.0000000 0.0000000 0.0000000 0.0000000 0.0000000 0.0000000 0.0000000 0.0000000 0.0000000 0.0000000 0.0000000 0.0000000 0.0000000
 79 E  79 0.0000000 0.0000000 0.0000000 0.0000000 0.0000000 0.0000000 1.0000000 0.0000000 0.0000000 0.0000000 0.0000000 0.0000000 0.0000000 0.0000000 0.0000000 0.0000000 0.0000000 0.0000000 0.0000000 0.0000000
 80 R  80 0.0000000 1.0000000 0.0000000 0.0000000 0.0000000 0.0000000 0.0000000 0.0000000 0.0000000 0.0000000 0.0000000 0.0000000 0.0000000 0.0000000 0.0000000 0.0000000 0.0000000 0.0000000 0.0000000 0.0000000
 81 I  81 0.0000000 0.0000000 0.0000000 0.0000000 0.0000000 0.0000000 0.0000000 0.0000000 0.0000000 0.9509851 0.0000000 0.0000000 0.0000000 0.0000000 0.0000000 0.0000000 0.0000000 0.0000000 0.0000000 0.0490149
 82 R  82 0.0000000 1.0000000 0.0000000 0.0000000 0.0000000 0.0000000 0.0000000 0.0000000 0.0000000 0.0000000 0.0000000 0.0000000 0.0000000 0.0000000 0.0000000 0.0000000 0.0000000 0.0000000 0.0000000 0.0000000
 83 Q  83 0.0000000 0.0000000 0.0000000 0.0000000 0.0000000 1.0000000 0.0000000 0.0000000 0.0000000 0.0000000 0.0000000 0.0000000 0.0000000 0.0000000 0.0000000 0.0000000 0.0000000 0.0000000 0.0000000 0.0000000
 84 I  84 0.0000000 0.0000000 0.0000000 0.0000000 0.0000000 0.0000000 0.0000000 0.0000000 0.0000000 1.0000000 0.0000000 0.0000000 0.0000000 0.0000000 0.0000000 0.0000000 0.0000000 0.0000000 0.0000000 0.0000000
 85 E  85 0.0000000 0.0000000 0.0000000 0.0000000 0.0000000 0.0099928 0.9900072 0.0000000 0.0000000 0.0000000 0.0000000 0.0000000 0.0000000 0.0000000 0.0000000 0.0000000 0.0000000 0.0000000 0.0000000 0.0000000
 86 A  86 0.7124533 0.0000000 0.0125523 0.0053710 0.0000000 0.0000000 0.0115298 0.0170479 0.0000000 0.0000000 0.0000000 0.0000000 0.0000000 0.0000000 0.0000000 0.1881953 0.0049331 0.0000000 0.0000000 0.0479172
 87 K  87 0.0000000 0.0105411 0.0000000 0.0000000 0.0000000 0.0182673 0.0000000 0.0000000 0.0000000 0.0000000 0.0000000 0.9591713 0.0000000 0.0000000 0.0000000 0.0000000 0.0000000 0.0000000 0.0000000 0.0120202
 88 A  88 0.8455797 0.0000000 0.0000000 0.0000000 0.0000000 0.0000000 0.0000000 0.0042528 0.0000000 0.0000000 0.0000000 0.0000000 0.0000000 0.0000000 0.0000000 0.0050762 0.1450913 0.0000000 0.0000000 0.0000000
 89 L  89 0.0000000 0.0000000 0.0000000 0.0000000 0.0000000 0.0000000 0.0000000 0.0000000 0.0000000 0.0743430 0.7931546 0.0000000 0.1276636 0.0000000 0.0000000 0.0000000 0.0000000 0.0000000 0.0000000 0.0048387
 90 R  90 0.0340444 0.7978071 0.0095313 0.0000000 0.0000000 0.0000000 0.0000000 0.0045813 0.0000000 0.0000000 0.0016904 0.0299466 0.0000000 0.0000000 0.0000000 0.1152535 0.0039004 0.0000000 0.0000000 0.0032450
 91 K  91 0.0000000 0.0650944 0.0000000 0.0000000 0.0000000 0.0000000 0.0000000 0.0000000 0.0000000 0.0000000 0.0000000 0.9349056 0.0000000 0.0000000 0.0000000 0.0000000 0.0000000 0.0000000 0.0000000 0.0000000
 92 L  92 0.0000000 0.0000000 0.0000000 0.0000000 0.0000000 0.0000000 0.0000000 0.0000000 0.0000000 0.0079203 0.9656695 0.0000000 0.0232460 0.0000000 0.0000000 0.0031642 0.0000000 0.0000000 0.0000000 0.0000000
 93 R  93 0.0000000 0.8487703 0.0031577 0.0000000 0.0000000 0.0157117 0.0000000 0.0000000 0.0000000 0.0000000 0.0060084 0.1162035 0.0061588 0.0000000 0.0000000 0.0039896 0.0000000 0.0000000 0.0000000 0.0000000
 94 H  94 0.0000000 0.0090530 0.0294007 0.0122082 0.0000000 0.0213745 0.0040888 0.0044446 0.9010560 0.0000000 0.0000000 0.0000000 0.0000000 0.0000000 0.0000000 0.0127902 0.0000000 0.0000000 0.0055840 0.0000000
 95 P  95 0.0000000 0.0039004 0.0000000 0.0000000 0.0000000 0.0059962 0.0097448 0.0000000 0.0188736 0.0000000 0.0000000 0.0000000 0.0000000 0.0000000 0.9464574 0.0050377 0.0000000 0.0099898 0.0000000 0.0000000
 96 S  96 0.0383591 0.0222374 0.0605936 0.0000000 0.0045004 0.0080889 0.0000000 0.0211538 0.0192419 0.0065583 0.0000000 0.0312669 0.0023332 0.0000000 0.0000000 0.6386695 0.1066192 0.0000000 0.0066210 0.0337567
 97 R  97 0.0040888 0.9089114 0.0000000 0.0000000 0.0035836 0.0025929 0.0000000 0.0000000 0.0032186 0.0089317 0.0133245 0.0310652 0.0023633 0.0108595 0.0000000 0.0000000 0.0000000 0.0000000 0.0110605 0.0000000
 98 S  98 0.1189345 0.0352808 0.0411358 0.0000000 0.0014359 0.0056282 0.0000000 0.0169523 0.0000000 0.0096339 0.0281859 0.0078870 0.0000000 0.0000000 0.0000000 0.7168389 0.0161853 0.0000000 0.0000000 0.0019016
 99 E  99 0.0354591 0.1942552 0.0459938 0.1106184 0.0000000 0.1209966 0.1244360 0.0292059 0.0090331 0.0000000 0.0000000 0.2865220 0.0000000 0.0000000 0.0000000 0.0367875 0.0042004 0.0000000 0.0000000 0.0024919
100 V 100 0.0096934 0.0953745 0.0000000 0.0000000 0.0000000 0.1191353 0.0110377 0.0159924 0.0432137 0.0459620 0.0196814 0.3903032 0.0144549 0.0070900 0.0151497 0.0173669 0.0277446 0.0000000 0.0378834 0.1299169
101 L 101 0.0000000 0.0000000 0.0000000 0.0000000 0.0000000 0.0000000 0.0000000 0.0000000 0.0000000 0.0362519 0.9438614 0.0000000 0.0125981 0.0000000 0.0000000 0.0000000 0.0000000 0.0000000 0.0000000 0.0072885
102 R 102 0.0036579 0.5272543 0.0048767 0.0000000 0.0000000 0.0145972 0.0205828 0.0000000 0.0095815 0.0043558 0.0025766 0.4050446 0.0000000 0.0000000 0.0000000 0.0074726 0.0000000 0.0000000 0.0000000 0.0000000
103 S 103 0.0308336 0.0000000 0.0183331 0.4438335 0.0052282 0.0054167 0.0605910 0.1064432 0.0016454 0.0032726 0.0000000 0.0000000 0.0000000 0.0000000 0.0285293 0.2722186 0.0236549 0.0000000 0.0000000 0.0000000
104 F 104 0.0000000 0.0000000 0.0033381 0.0000000 0.0000000 0.0000000 0.0000000 0.0000000 0.0000000 0.0000000 0.0098450 0.0000000 0.0000000 0.6089230 0.0000000 0.0000000 0.0000000 0.0000000 0.3778939 0.0000000
105 L 105 0.0018847 0.0000000 0.0000000 0.0000000 0.0025358 0.0000000 0.0000000 0.0000000 0.0000000 0.1076242 0.7702665 0.0000000 0.0241392 0.0084613 0.0000000 0.0067462 0.0048649 0.0000000 0.0168352 0.0566419
106 D 106 0.0000000 0.0055665 0.0316308 0.6306027 0.0000000 0.0023837 0.2971739 0.0145263 0.0039561 0.0000000 0.0000000 0.0056052 0.0000000 0.0000000 0.0000000 0.0021876 0.0000000 0.0000000 0.0063672 0.0000000
107 D 107 0.0000000 0.0000000 0.2986735 0.3655729 0.0000000 0.0000000 0.3357536 0.0000000 0.0000000 0.0000000 0.0000000 0.0000000 0.0000000 0.0000000 0.0000000 0.0000000 0.0000000 0.0000000 0.0000000 0.0000000
