   74         A         R         N         D         C         Q         E         G         H         I         L         K         M         F         P         S         T         W         Y         V    
  1 V   1 0.0000000 0.0000000 0.0000000 0.0000000 0.0000000 0.0000000 0.0000000 0.0000000 0.0000000 0.0000000 0.0000000 0.0000000 0.0000000 0.0000000 0.0000000 0.0000000 0.0000000 0.0000000 0.0000000 1.0000000
  2 D   2 0.0000000 0.0000000 0.0000000 1.0000000 0.0000000 0.0000000 0.0000000 0.0000000 0.0000000 0.0000000 0.0000000 0.0000000 0.0000000 0.0000000 0.0000000 0.0000000 0.0000000 0.0000000 0.0000000 0.0000000
  3 M   3 0.1960706 0.4060899 0.0000000 0.0000000 0.0000000 0.0000000 0.0000000 0.0944572 0.0000000 0.0000000 0.0000000 0.0000000 0.2050155 0.0000000 0.0000000 0.0000000 0.0000000 0.0000000 0.0000000 0.0983668
  4 S   4 0.2255359 0.0000000 0.0000000 0.0975735 0.0000000 0.0000000 0.2061605 0.0000000 0.0000000 0.0000000 0.0000000 0.0000000 0.0000000 0.0000000 0.0000000 0.4707300 0.0000000 0.0000000 0.0000000 0.0000000
  5 N   5 0.0975735 0.0869283 0.1811756 0.1162837 0.0000000 0.2567441 0.1420626 0.1192322 0.0000000 0.0000000 0.0000000 0.0000000 0.0000000 0.0000000 0.0000000 0.0000000 0.0000000 0.0000000 0.0000000 0.0000000
  6 V   6 0.2101107 0.0000000 0.0000000 0.0000000 0.0000000 0.0000000 0.0000000 0.0000000 0.0000000 0.3297073 0.0000000 0.0000000 0.0000000 0.0000000 0.0000000 0.0000000 0.0000000 0.0000000 0.0000000 0.4601819
  7 V   7 0.0000000 0.0000000 0.0000000 0.1232091 0.0000000 0.0000000 0.4058706 0.0000000 0.0000000 0.0000000 0.0000000 0.2101107 0.0000000 0.0000000 0.0000000 0.0000000 0.0000000 0.0000000 0.0000000 0.2608096
  8 K   8 0.0000000 0.0000000 0.0000000 0.0000000 0.0000000 0.3539636 0.0000000 0.0000000 0.0000000 0.0000000 0.0000000 0.6460364 0.0000000 0.0000000 0.0000000 0.0000000 0.0000000 0.0000000 0.0000000 0.0000000
  9 T   9 0.0000000 0.0000000 0.0000000 0.0000000 0.0000000 0.0000000 0.0000000 0.0000000 0.0000000 0.0000000 0.0000000 0.0000000 0.0000000 0.0000000 0.0000000 0.5926050 0.2295200 0.0000000 0.0000000 0.1778751
 10 Y  10 0.0000000 0.0000000 0.0000000 0.0000000 0.0000000 0.0000000 0.0000000 0.0000000 0.0000000 0.4651147 0.0000000 0.0000000 0.0000000 0.0000000 0.0000000 0.0000000 0.0000000 0.0000000 0.1285087 0.4063766
 11 D  11 0.0000000 0.0000000 0.0000000 0.2292743 0.0000000 0.1670525 0.3037825 0.0000000 0.0000000 0.0000000 0.0000000 0.0000000 0.0000000 0.0000000 0.2998906 0.0000000 0.0000000 0.0000000 0.0000000 0.0000000
 12 L  12 0.0000000 0.0000000 0.0000000 0.0000000 0.0000000 0.0000000 0.0000000 0.0000000 0.0000000 0.0000000 0.9383413 0.0000000 0.0616587 0.0000000 0.0000000 0.0000000 0.0000000 0.0000000 0.0000000 0.0000000
 13 Q  13 0.1385584 0.0000000 0.0000000 0.0000000 0.0000000 0.1285087 0.0000000 0.0000000 0.0000000 0.0000000 0.0000000 0.7329329 0.0000000 0.0000000 0.0000000 0.0000000 0.0000000 0.0000000 0.0000000 0.0000000
 14 D  14 0.0000000 0.0000000 0.1007657 0.8992343 0.0000000 0.0000000 0.0000000 0.0000000 0.0000000 0.0000000 0.0000000 0.0000000 0.0000000 0.0000000 0.0000000 0.0000000 0.0000000 0.0000000 0.0000000 0.0000000
 15 G  15 0.0000000 0.0000000 0.0000000 0.0000000 0.0000000 0.0000000 0.0000000 1.0000000 0.0000000 0.0000000 0.0000000 0.0000000 0.0000000 0.0000000 0.0000000 0.0000000 0.0000000 0.0000000 0.0000000 0.0000000
 16 S  16 0.1007657 0.0000000 0.0000000 0.0000000 0.0000000 0.0000000 0.0000000 0.1385584 0.0000000 0.0000000 0.0000000 0.0000000 0.0000000 0.0000000 0.0000000 0.6781953 0.0824806 0.0000000 0.0000000 0.0000000
 17 K  17 0.0000000 0.0000000 0.0000000 0.0000000 0.0000000 0.0000000 0.0000000 0.0000000 0.0000000 0.0000000 0.0000000 0.1285087 0.0000000 0.0000000 0.0000000 0.0000000 0.7718178 0.0000000 0.0000000 0.0996735
 18 V  18 0.0000000 0.0000000 0.0000000 0.0000000 0.0000000 0.0000000 0.0000000 0.0000000 0.0000000 0.0000000 0.3616660 0.0000000 0.0824806 0.0000000 0.0000000 0.0000000 0.0000000 0.0000000 0.0000000 0.5558534
 19 H  19 0.0000000 0.0000000 0.0000000 0.0000000 0.0000000 0.0000000 0.0000000 0.0000000 0.3952347 0.0000000 0.0000000 0.0000000 0.0000000 0.0000000 0.0000000 0.0000000 0.0000000 0.0000000 0.6047653 0.0000000
 20 V  20 0.0000000 0.0000000 0.0000000 0.0000000 0.0000000 0.0996735 0.0000000 0.0000000 0.0824806 0.5346998 0.0000000 0.0000000 0.0000000 0.0000000 0.0000000 0.0000000 0.0000000 0.0000000 0.0000000 0.2831461
 21 F  21 0.0000000 0.0000000 0.0000000 0.0000000 0.0000000 0.0000000 0.0000000 0.0000000 0.0000000 0.0000000 0.0000000 0.0000000 0.0000000 0.9175194 0.0000000 0.0000000 0.0000000 0.0000000 0.0824806 0.0000000
 22 K  22 0.0000000 0.0000000 0.1007657 0.0000000 0.0000000 0.0000000 0.0000000 0.0000000 0.0000000 0.0000000 0.0000000 0.8992343 0.0000000 0.0000000 0.0000000 0.0000000 0.0000000 0.0000000 0.0000000 0.0000000
 23 D  23 0.0000000 0.0000000 0.0996735 0.9003265 0.0000000 0.0000000 0.0000000 0.0000000 0.0000000 0.0000000 0.0000000 0.0000000 0.0000000 0.0000000 0.0000000 0.0000000 0.0000000 0.0000000 0.0000000 0.0000000
 24 G  24 0.0000000 0.0000000 0.0000000 0.0000000 0.0000000 0.0000000 0.0000000 1.0000000 0.0000000 0.0000000 0.0000000 0.0000000 0.0000000 0.0000000 0.0000000 0.0000000 0.0000000 0.0000000 0.0000000 0.0000000
 25 K  25 0.0000000 0.0000000 0.0000000 0.0000000 0.0000000 0.0000000 0.0000000 0.0000000 0.0000000 0.0000000 0.0000000 1.0000000 0.0000000 0.0000000 0.0000000 0.0000000 0.0000000 0.0000000 0.0000000 0.0000000
 26 M  26 0.0000000 0.0000000 0.0000000 0.0000000 0.0000000 0.0000000 0.0000000 0.0000000 0.0000000 0.0000000 0.0000000 0.0000000 1.0000000 0.0000000 0.0000000 0.0000000 0.0000000 0.0000000 0.0000000 0.0000000
 27 G  27 0.4933388 0.0000000 0.0000000 0.0000000 0.0000000 0.0000000 0.0000000 0.3018387 0.0000000 0.0000000 0.0000000 0.0000000 0.0000000 0.0000000 0.0000000 0.2048225 0.0000000 0.0000000 0.0000000 0.0000000
 28 M  28 0.0000000 0.0000000 0.0000000 0.0000000 0.0000000 0.1385584 0.0000000 0.0000000 0.0000000 0.1007657 0.0000000 0.0000000 0.7606759 0.0000000 0.0000000 0.0000000 0.0000000 0.0000000 0.0000000 0.0000000
 29 E  29 0.0000000 0.0000000 0.0000000 0.0000000 0.0000000 0.0000000 1.0000000 0.0000000 0.0000000 0.0000000 0.0000000 0.0000000 0.0000000 0.0000000 0.0000000 0.0000000 0.0000000 0.0000000 0.0000000 0.0000000
 30 N  30 0.0000000 0.0000000 0.1285087 0.6504523 0.0000000 0.0000000 0.0000000 0.0824806 0.0000000 0.0000000 0.0000000 0.0000000 0.0000000 0.0000000 0.0000000 0.1385584 0.0000000 0.0000000 0.0000000 0.0000000
 31 K  31 0.0000000 0.2393241 0.0000000 0.0000000 0.0000000 0.0000000 0.0000000 0.0000000 0.0000000 0.0000000 0.0000000 0.7606759 0.0000000 0.0000000 0.0000000 0.0000000 0.0000000 0.0000000 0.0000000 0.0000000
 32 F  32 0.0000000 0.0000000 0.0824806 0.0000000 0.0000000 0.0000000 0.0000000 0.0000000 0.0000000 0.0000000 0.2068045 0.0000000 0.1208667 0.3201997 0.0000000 0.0000000 0.0000000 0.0000000 0.2696485 0.0000000
 33 G  33 0.0000000 0.0000000 0.0000000 0.0000000 0.0000000 0.0000000 0.0000000 1.0000000 0.0000000 0.0000000 0.0000000 0.0000000 0.0000000 0.0000000 0.0000000 0.0000000 0.0000000 0.0000000 0.0000000 0.0000000
 34 K  34 0.0000000 0.7298027 0.0824806 0.0000000 0.0000000 0.0000000 0.0000000 0.0000000 0.0592080 0.0000000 0.0000000 0.1285087 0.0000000 0.0000000 0.0000000 0.0000000 0.0000000 0.0000000 0.0000000 0.0000000
 35 S  35 0.5349961 0.0000000 0.0000000 0.0000000 0.0000000 0.0000000 0.0000000 0.0000000 0.0000000 0.0824806 0.0000000 0.0000000 0.0000000 0.0000000 0.1842455 0.1285087 0.0697692 0.0000000 0.0000000 0.0000000
 36 M  36 0.0000000 0.0000000 0.0000000 0.0000000 0.0000000 0.0000000 0.0000000 0.0000000 0.0000000 0.0524633 0.0000000 0.0692094 0.1285087 0.0000000 0.0000000 0.0000000 0.2535717 0.0000000 0.0845720 0.4116749
 37 N  37 0.0000000 0.5812429 0.1285087 0.0000000 0.0000000 0.0692094 0.0000000 0.0000000 0.0000000 0.0000000 0.0000000 0.0000000 0.0000000 0.0824806 0.0000000 0.0000000 0.0000000 0.0000000 0.1385584 0.0000000
 38 M  38 0.0000000 0.0000000 0.0000000 0.0000000 0.0000000 0.0700655 0.0000000 0.0000000 0.0000000 0.0000000 0.0684929 0.0000000 0.7606759 0.0000000 0.0000000 0.0000000 0.1007657 0.0000000 0.0000000 0.0000000
 39 P  39 0.0000000 0.0000000 0.1681664 0.0000000 0.0000000 0.0000000 0.0524633 0.0000000 0.0000000 0.0000000 0.0000000 0.4800304 0.0000000 0.0000000 0.1285087 0.0700655 0.1007657 0.0000000 0.0000000 0.0000000
 40 E  40 0.0996735 0.0000000 0.0000000 0.0000000 0.0000000 0.0592080 0.2109893 0.0000000 0.0616587 0.0700655 0.0000000 0.2445745 0.0000000 0.0000000 0.1853376 0.0000000 0.0000000 0.0000000 0.0000000 0.0684929
 41 G  41 0.0000000 0.0000000 0.0000000 0.2513192 0.0000000 0.0000000 0.0000000 0.7486808 0.0000000 0.0000000 0.0000000 0.0000000 0.0000000 0.0000000 0.0000000 0.0000000 0.0000000 0.0000000 0.0000000 0.0000000
 42 K  42 0.1977664 0.0000000 0.0000000 0.0000000 0.0000000 0.0845720 0.1613322 0.0000000 0.0000000 0.0000000 0.0000000 0.1285087 0.1349439 0.0000000 0.0000000 0.0000000 0.2928768 0.0000000 0.0000000 0.0000000
 43 V  43 0.0000000 0.0000000 0.0000000 0.0000000 0.0000000 0.0000000 0.1007657 0.0000000 0.0000000 0.0000000 0.0000000 0.0000000 0.0845720 0.0000000 0.0000000 0.1385584 0.1821541 0.0000000 0.0000000 0.4939499
 44 M  44 0.0000000 0.0000000 0.0000000 0.0000000 0.0000000 0.0000000 0.0000000 0.0000000 0.0000000 0.0000000 0.0000000 0.0000000 0.7606759 0.0000000 0.0000000 0.0000000 0.0000000 0.0000000 0.0000000 0.2393241
 45 E  45 0.0700655 0.0000000 0.0000000 0.0000000 0.0000000 0.0845720 0.6771961 0.0000000 0.0000000 0.0000000 0.0000000 0.0000000 0.0000000 0.0000000 0.0000000 0.0684929 0.0996735 0.0000000 0.0000000 0.0000000
 46 T  46 0.0996735 0.0000000 0.0000000 0.0000000 0.0000000 0.0000000 0.0000000 0.0000000 0.0000000 0.0000000 0.0000000 0.0000000 0.0000000 0.0000000 0.0000000 0.0000000 0.9003265 0.0000000 0.0000000 0.0000000
 47 R  47 0.0996735 0.1285087 0.0000000 0.0000000 0.0000000 0.0000000 0.0000000 0.0000000 0.0000000 0.0000000 0.0000000 0.5039996 0.0000000 0.0000000 0.0000000 0.1007657 0.1670525 0.0000000 0.0000000 0.0000000
 48 D  48 0.0000000 0.0000000 0.0000000 1.0000000 0.0000000 0.0000000 0.0000000 0.0000000 0.0000000 0.0000000 0.0000000 0.0000000 0.0000000 0.0000000 0.0000000 0.0000000 0.0000000 0.0000000 0.0000000 0.0000000
 49 G  49 0.0000000 0.0000000 0.0000000 0.0000000 0.0000000 0.0000000 0.0000000 0.9154280 0.0000000 0.0000000 0.0000000 0.0000000 0.0000000 0.0000000 0.0000000 0.0845720 0.0000000 0.0000000 0.0000000 0.0000000
 50 T  50 0.0000000 0.2393241 0.0000000 0.0000000 0.0000000 0.4500132 0.0000000 0.0000000 0.0000000 0.0000000 0.0000000 0.0824806 0.0000000 0.0000000 0.0000000 0.0000000 0.2281822 0.0000000 0.0000000 0.0000000
 51 K  51 0.0000000 0.0000000 0.1385584 0.0000000 0.0000000 0.0000000 0.0000000 0.0000000 0.0000000 0.0000000 0.0000000 0.5947155 0.0000000 0.0000000 0.0000000 0.0845720 0.1821541 0.0000000 0.0000000 0.0000000
 52 I  52 0.0000000 0.0000000 0.0000000 0.0000000 0.0000000 0.0000000 0.0000000 0.0000000 0.0000000 0.9154280 0.0000000 0.0000000 0.0845720 0.0000000 0.0000000 0.0000000 0.0000000 0.0000000 0.0000000 0.0000000
 53 I  53 0.2231304 0.0000000 0.0000000 0.0000000 0.0000000 0.0000000 0.0000000 0.0000000 0.0000000 0.1809720 0.0697692 0.0000000 0.2432087 0.0000000 0.0000000 0.0000000 0.2829197 0.0000000 0.0000000 0.0000000
 54 M  54 0.0000000 0.0000000 0.0000000 0.0000000 0.0000000 0.0000000 0.0000000 0.0000000 0.0000000 0.1385584 0.0000000 0.0000000 0.7606759 0.0000000 0.0000000 0.0000000 0.1007657 0.0000000 0.0000000 0.0000000
 55 K  55 0.0000000 0.0000000 0.0996735 0.0000000 0.0000000 0.1853376 0.0000000 0.0000000 0.3654412 0.0000000 0.0000000 0.1285087 0.0000000 0.0000000 0.0000000 0.0824806 0.1385584 0.0000000 0.0000000 0.0000000
 56 G  56 0.0000000 0.0000000 0.0000000 0.0000000 0.0000000 0.0000000 0.0000000 0.5917931 0.0000000 0.0000000 0.0000000 0.0692094 0.0000000 0.0000000 0.0000000 0.3389976 0.0000000 0.0000000 0.0000000 0.0000000
 57 N  57 0.0000000 0.0000000 0.3495477 0.6504523 0.0000000 0.0000000 0.0000000 0.0000000 0.0000000 0.0000000 0.0000000 0.0000000 0.0000000 0.0000000 0.0000000 0.0000000 0.0000000 0.0000000 0.0000000 0.0000000
 58 E  58 0.0000000 0.0000000 0.0000000 0.0000000 0.0000000 0.0000000 1.0000000 0.0000000 0.0000000 0.0000000 0.0000000 0.0000000 0.0000000 0.0000000 0.0000000 0.0000000 0.0000000 0.0000000 0.0000000 0.0000000
 59 I  59 0.0000000 0.0000000 0.0000000 0.0000000 0.0000000 0.0000000 0.0000000 0.0000000 0.0000000 0.1285087 0.0000000 0.0000000 0.0000000 0.0000000 0.0000000 0.0000000 0.0000000 0.0000000 0.0000000 0.8714913
 60 F  60 0.5060501 0.0000000 0.0000000 0.0000000 0.0000000 0.0000000 0.0000000 0.0000000 0.0000000 0.0000000 0.0000000 0.0000000 0.3654412 0.1285087 0.0000000 0.0000000 0.0000000 0.0000000 0.0000000 0.0000000
 61 R  61 0.0000000 0.9003265 0.0000000 0.0000000 0.0000000 0.0000000 0.0000000 0.0000000 0.0000000 0.0000000 0.0996735 0.0000000 0.0000000 0.0000000 0.0000000 0.0000000 0.0000000 0.0000000 0.0000000 0.0000000
 62 L  62 0.0000000 0.0000000 0.0000000 0.0000000 0.0000000 0.0000000 0.0000000 0.0000000 0.0000000 0.0000000 1.0000000 0.0000000 0.0000000 0.0000000 0.0000000 0.0000000 0.0000000 0.0000000 0.0000000 0.0000000
 63 D  63 0.0000000 0.0000000 0.1670035 0.4051329 0.0000000 0.0000000 0.0760411 0.0746501 0.0000000 0.0000000 0.0000000 0.0000000 0.0000000 0.0000000 0.0000000 0.2771723 0.0000000 0.0000000 0.0000000 0.0000000
 64 E  64 0.0000000 0.0000000 0.2906552 0.0000000 0.0000000 0.0000000 0.1400610 0.0000000 0.0000000 0.0000000 0.0000000 0.0000000 0.0000000 0.0000000 0.0571795 0.5121043 0.0000000 0.0000000 0.0000000 0.0000000
 65 A  65 0.1400610 0.0000000 0.0000000 0.0000000 0.0000000 0.0000000 0.0000000 0.0921746 0.0000000 0.2077732 0.4513576 0.0000000 0.0000000 0.0000000 0.0000000 0.0000000 0.0000000 0.0000000 0.0000000 0.1086337
 66 L  66 0.0000000 0.0000000 0.0000000 0.0000000 0.0000000 0.0921746 0.0000000 0.0000000 0.0000000 0.2184577 0.6893678 0.0000000 0.0000000 0.0000000 0.0000000 0.0000000 0.0000000 0.0000000 0.0000000 0.0000000
 67 R  67 0.0000000 0.5412914 0.1098240 0.0000000 0.0000000 0.0746501 0.0763640 0.0000000 0.1224395 0.0000000 0.0000000 0.0754310 0.0000000 0.0000000 0.0000000 0.0000000 0.0000000 0.0000000 0.0000000 0.0000000
 68 K  68 0.0000000 0.0000000 0.0000000 0.1196636 0.0000000 0.0841175 0.0629852 0.0000000 0.0740247 0.0000000 0.0000000 0.5116585 0.0000000 0.0000000 0.0837618 0.0637886 0.0000000 0.0000000 0.0000000 0.0000000
 69 G  69 0.0837618 0.0000000 0.0000000 0.1451072 0.0000000 0.0000000 0.1663471 0.4851202 0.1196636 0.0000000 0.0000000 0.0000000 0.0000000 0.0000000 0.0000000 0.0000000 0.0000000 0.0000000 0.0000000 0.0000000
 70 H  70 0.0000000 0.0000000 0.0000000 0.0000000 0.0000000 0.0000000 0.0000000 0.0000000 0.7803122 0.0000000 0.0000000 0.0000000 0.0000000 0.0000000 0.0000000 0.0904580 0.0000000 0.0000000 0.1292298 0.0000000
 71 S  71 0.0000000 0.2136734 0.0000000 0.0000000 0.0000000 0.0000000 0.0897321 0.3088751 0.0000000 0.0000000 0.0000000 0.1306458 0.0000000 0.0000000 0.0000000 0.2570735 0.0000000 0.0000000 0.0000000 0.0000000
 72 E  72 0.0000000 0.2196878 0.0000000 0.0000000 0.0000000 0.0000000 0.1666155 0.6136967 0.0000000 0.0000000 0.0000000 0.0000000 0.0000000 0.0000000 0.0000000 0.0000000 0.0000000 0.0000000 0.0000000 0.0000000
 73 G  73 0.0000000 0.0000000 0.0000000 0.0000000 0.0000000 0.0000000 0.0000000 1.0000000 0.0000000 0.0000000 0.0000000 0.0000000 0.0000000 0.0000000 0.0000000 0.0000000 0.0000000 0.0000000 0.0000000 0.0000000
 74 G  74 0.0000000 0.0000000 0.0000000 0.0000000 0.0000000 0.0000000 0.0000000 1.0000000 0.0000000 0.0000000 0.0000000 0.0000000 0.0000000 0.0000000 0.0000000 0.0000000 0.0000000 0.0000000 0.0000000 0.0000000
