  141         A         R         N         D         C         Q         E         G         H         I         L         K         M         F         P         S         T         W         Y         V         X    
  1 A   1 0.2570772 0.0000000 0.0000000 0.0000000 0.0000000 0.0000000 0.0000000 0.0000000 0.0000000 0.0000000 0.0000000 0.0000000 0.0000000 0.0000000 0.0000000 0.0882401 0.0438764 0.0000000 0.0000000 0.0000000 0.6108063
  2 V   2 0.1070003 0.0000000 0.0000000 0.0000000 0.0646828 0.0157548 0.0000000 0.0102489 0.0000000 0.0141528 0.0406510 0.0000000 0.0000000 0.0000000 0.0103249 0.0504618 0.0461923 0.0000000 0.0000000 0.1849789 0.4555516
  3 P   3 0.0156172 0.0072866 0.0000000 0.0000000 0.0000000 0.0317317 0.0677315 0.0000000 0.0238885 0.0000000 0.0089510 0.0249893 0.0000000 0.0000000 0.2477851 0.1093401 0.0762755 0.0000000 0.0000000 0.0000000 0.3864036
  4 V   4 0.1271160 0.0000000 0.0000000 0.0000000 0.0263013 0.0060893 0.0000000 0.0141528 0.0000000 0.0490275 0.0000000 0.0000000 0.0635958 0.0000000 0.0674908 0.0523548 0.0117119 0.0000000 0.0000000 0.2762943 0.3058654
  5 E   5 0.1873447 0.0000000 0.0000000 0.0687798 0.0000000 0.1015253 0.1778449 0.0278658 0.0102489 0.0263013 0.0000000 0.0098957 0.0000000 0.0000000 0.1111130 0.0117119 0.0000000 0.0000000 0.0000000 0.0287164 0.2386522
  6 S   6 0.1335885 0.0000000 0.0000000 0.0000000 0.0000000 0.0000000 0.0251698 0.0000000 0.0000000 0.0000000 0.0000000 0.0596871 0.0000000 0.0102489 0.2424339 0.2582233 0.0558684 0.0000000 0.0000000 0.0303946 0.1843855
  7 K   7 0.1060361 0.0061771 0.0000000 0.0000000 0.0000000 0.0000000 0.0712094 0.0260113 0.0092345 0.0000000 0.0198716 0.2225568 0.0000000 0.0000000 0.1775925 0.0207291 0.1260957 0.0000000 0.0000000 0.0415893 0.1728965
  8 P   8 0.1760090 0.0000000 0.0000000 0.0248482 0.0000000 0.0263013 0.0060893 0.0000000 0.0000000 0.0156172 0.0439204 0.0748621 0.0000000 0.0000000 0.3240477 0.0804194 0.0361750 0.0000000 0.0000000 0.0271764 0.1645339
  9 D   9 0.1592872 0.0301801 0.0396375 0.1446365 0.0000000 0.0000000 0.0112410 0.0676343 0.0000000 0.0000000 0.0000000 0.1103000 0.0000000 0.0000000 0.1108367 0.1050445 0.0650551 0.0000000 0.0000000 0.0080617 0.1480853
 10 K  10 0.0964299 0.0000000 0.0098957 0.0050103 0.0000000 0.0238786 0.0280654 0.0141528 0.0000000 0.0000000 0.0051768 0.4077520 0.0114890 0.0000000 0.0416208 0.0506514 0.1477784 0.0000000 0.0000000 0.0259802 0.1321185
 11 P  11 0.0315963 0.0076117 0.0000000 0.0376407 0.0000000 0.0768749 0.0739357 0.0493935 0.0000000 0.0000000 0.0323509 0.0436207 0.0000000 0.0000000 0.3239309 0.0717556 0.0720885 0.0000000 0.0000000 0.0616212 0.1175795
 12 S  12 0.1970451 0.0396317 0.0154019 0.0116277 0.0000000 0.0545355 0.0572722 0.0000000 0.0074797 0.0000000 0.0000000 0.0485013 0.0000000 0.0000000 0.0905987 0.3122982 0.0314492 0.0000000 0.0000000 0.0233717 0.1107872
 13 G  13 0.0882889 0.0351742 0.0000000 0.1390639 0.0000000 0.0000000 0.0134942 0.2009078 0.0000000 0.0000000 0.0263013 0.1632814 0.0000000 0.0000000 0.0448400 0.0778824 0.0775353 0.0000000 0.0000000 0.0275591 0.1056715
 14 K  14 0.0266974 0.0000000 0.0466060 0.1545924 0.0000000 0.0554887 0.1423839 0.0806715 0.0117629 0.0000000 0.0345712 0.2881217 0.0092178 0.0000000 0.0000000 0.0442150 0.0000000 0.0000000 0.0000000 0.0000000 0.1056715
 15 S  15 0.0790356 0.0000000 0.0000000 0.0000000 0.0000000 0.0080617 0.0969573 0.0293544 0.0000000 0.0000000 0.0000000 0.2005875 0.0370425 0.0000000 0.0542674 0.2867908 0.1022313 0.0000000 0.0000000 0.0000000 0.1056715
 16 G  16 0.0154019 0.0000000 0.0000000 0.1080795 0.0000000 0.0000000 0.1306161 0.2716939 0.0000000 0.0714214 0.0278658 0.0180859 0.0964683 0.0000000 0.0493935 0.0116277 0.0164486 0.0000000 0.0000000 0.0601097 0.1227878
 17 M  17 0.1159948 0.0000000 0.0000000 0.0156172 0.0000000 0.0000000 0.0164486 0.0000000 0.0000000 0.0290169 0.1684938 0.0355590 0.2125943 0.0000000 0.1654420 0.1034254 0.0000000 0.0000000 0.0000000 0.0633089 0.0740991
 18 D  18 0.0278658 0.0000000 0.0616867 0.6377224 0.0000000 0.0000000 0.0582633 0.0000000 0.0000000 0.0000000 0.0718180 0.0000000 0.0000000 0.0000000 0.0000000 0.0523109 0.0000000 0.0000000 0.0000000 0.0412063 0.0491265
 19 A  19 0.2126366 0.0000000 0.0000000 0.5704189 0.0000000 0.0000000 0.0412873 0.0000000 0.0000000 0.0000000 0.0000000 0.0000000 0.0000000 0.0000000 0.0000000 0.0963634 0.0343140 0.0000000 0.0000000 0.0000000 0.0449798
 20 A  20 0.8545452 0.0000000 0.0000000 0.0112410 0.0000000 0.0000000 0.0000000 0.0000000 0.0000000 0.0000000 0.0251698 0.0000000 0.0000000 0.0000000 0.0756919 0.0000000 0.0000000 0.0000000 0.0000000 0.0000000 0.0333520
 21 L  21 0.0000000 0.0000000 0.0000000 0.0000000 0.0000000 0.0000000 0.0000000 0.0000000 0.0000000 0.0424183 0.6536121 0.0000000 0.0355590 0.1103559 0.0000000 0.0000000 0.0000000 0.0000000 0.0000000 0.1247026 0.0333520
 22 D  22 0.0000000 0.0000000 0.0570526 0.6811536 0.0000000 0.0000000 0.1434639 0.0000000 0.0000000 0.0000000 0.0000000 0.0000000 0.0000000 0.0000000 0.0000000 0.0849779 0.0000000 0.0000000 0.0000000 0.0000000 0.0333520
 23 D  23 0.3894951 0.0000000 0.0000000 0.2310749 0.0000000 0.0538270 0.1591275 0.0000000 0.0000000 0.0000000 0.0450963 0.0408234 0.0000000 0.0000000 0.0000000 0.0287164 0.0184874 0.0000000 0.0000000 0.0000000 0.0333520
 24 L  24 0.0000000 0.0000000 0.0000000 0.0000000 0.0000000 0.0000000 0.0000000 0.0000000 0.0000000 0.0000000 0.9666480 0.0000000 0.0000000 0.0000000 0.0000000 0.0000000 0.0000000 0.0000000 0.0000000 0.0000000 0.0333520
 25 I  25 0.1887181 0.0000000 0.0000000 0.0000000 0.0102489 0.0000000 0.0000000 0.0930995 0.0000000 0.2220819 0.1207625 0.0000000 0.0195922 0.0000000 0.0000000 0.2861475 0.0000000 0.0000000 0.0000000 0.0259975 0.0333520
 26 D  26 0.0299482 0.0097892 0.0173222 0.6344873 0.0000000 0.0000000 0.0000000 0.1997370 0.0000000 0.0000000 0.0000000 0.0083626 0.0000000 0.0000000 0.0000000 0.0670015 0.0000000 0.0000000 0.0000000 0.0000000 0.0333520
 27 T  27 0.0000000 0.0000000 0.0000000 0.0000000 0.0000000 0.0000000 0.0000000 0.0000000 0.0000000 0.0337763 0.0000000 0.0000000 0.0000000 0.0278658 0.0000000 0.3632699 0.5750879 0.0000000 0.0000000 0.0000000 0.0000000
 28 L  28 0.0000000 0.0000000 0.0000000 0.0000000 0.0000000 0.0000000 0.0000000 0.0000000 0.0000000 0.0195922 0.9804078 0.0000000 0.0000000 0.0000000 0.0000000 0.0000000 0.0000000 0.0000000 0.0000000 0.0000000 0.0000000
 29 G  29 0.0557502 0.0000000 0.0000000 0.0000000 0.0000000 0.0000000 0.0810049 0.7381680 0.0000000 0.0000000 0.0000000 0.0000000 0.0000000 0.0000000 0.1094597 0.0156172 0.0000000 0.0000000 0.0000000 0.0000000 0.0000000
 30 G  30 0.1210736 0.0000000 0.0000000 0.0263013 0.0000000 0.2059779 0.1598441 0.2457608 0.0000000 0.0000000 0.0000000 0.1165711 0.0000000 0.0000000 0.0164541 0.0982279 0.0097892 0.0000000 0.0000000 0.0000000 0.0000000
 31 P  31 0.0164541 0.2559630 0.0000000 0.0508414 0.0442547 0.0000000 0.0000000 0.0000000 0.0066284 0.0263013 0.0000000 0.0954489 0.0000000 0.0164486 0.4113149 0.0590225 0.0173222 0.0000000 0.0000000 0.0000000 0.0000000
 32 E  32 0.0652333 0.0000000 0.0000000 0.0647661 0.0000000 0.1723062 0.5774102 0.0000000 0.0000000 0.0000000 0.0000000 0.0636609 0.0000000 0.0000000 0.0476723 0.0089510 0.0000000 0.0000000 0.0000000 0.0000000 0.0000000
 33 E  33 0.0927124 0.0000000 0.0000000 0.0508830 0.0000000 0.0000000 0.2090576 0.0112410 0.0000000 0.0000000 0.0117119 0.0000000 0.0000000 0.0000000 0.5203320 0.0164541 0.0000000 0.0000000 0.0000000 0.0496644 0.0379436
 34 T  34 0.0482126 0.0000000 0.0549166 0.4093735 0.0000000 0.0000000 0.0607289 0.0000000 0.0000000 0.0000000 0.0436207 0.0508414 0.0102535 0.0000000 0.0434730 0.0134942 0.2050080 0.0000000 0.0000000 0.0600777 0.0000000
 35 E  35 0.0888186 0.0000000 0.0759454 0.0000000 0.0000000 0.0224452 0.0854753 0.0000000 0.0000000 0.0379436 0.0000000 0.0686140 0.0000000 0.0000000 0.5196298 0.0066252 0.0000000 0.0000000 0.0000000 0.0945028 0.0000000
 36 E  36 0.0154019 0.0239506 0.0080683 0.2410563 0.0000000 0.0263013 0.3881724 0.0000000 0.0000000 0.0000000 0.0000000 0.0950142 0.0000000 0.0000000 0.2020351 0.0000000 0.0000000 0.0000000 0.0000000 0.0000000 0.0000000
 37 E  37 0.0377803 0.0000000 0.0000000 0.2593800 0.0000000 0.0156172 0.4087487 0.0000000 0.0000000 0.0000000 0.0455521 0.0000000 0.0000000 0.0000000 0.1281304 0.0216561 0.0673804 0.0000000 0.0000000 0.0000000 0.0157548
 38 N  38 0.0541672 0.0154019 0.3099634 0.1116069 0.0000000 0.0164541 0.0430963 0.0835469 0.0000000 0.0000000 0.0000000 0.0629044 0.0000000 0.0000000 0.1447802 0.1241026 0.0339762 0.0000000 0.0000000 0.0000000 0.0000000
 39 T  39 0.0000000 0.0000000 0.0000000 0.0352094 0.0000000 0.0000000 0.0278558 0.0000000 0.0000000 0.0000000 0.0000000 0.4392248 0.0000000 0.0000000 0.3446120 0.0062503 0.1256260 0.0000000 0.0000000 0.0212217 0.0000000
 40 T  40 0.0386100 0.0115255 0.0000000 0.0000000 0.0000000 0.0214394 0.0000000 0.0263013 0.0157548 0.0369716 0.0828254 0.0341467 0.0000000 0.0000000 0.3979726 0.0349590 0.1010272 0.0000000 0.0000000 0.1984665 0.0000000
 41 Y  41 0.0230853 0.0878130 0.0000000 0.0000000 0.0000000 0.0000000 0.0000000 0.0000000 0.0000000 0.0220261 0.0549873 0.0434730 0.1025018 0.0911281 0.0422682 0.0447620 0.0000000 0.0000000 0.3391438 0.1413317 0.0074797
 42 T  42 0.0067585 0.0000000 0.0000000 0.0000000 0.0000000 0.0000000 0.1901187 0.0000000 0.0236380 0.0159668 0.0000000 0.0000000 0.0245025 0.0251698 0.1405532 0.0117119 0.3826977 0.0000000 0.0000000 0.1460037 0.0328792
 43 G  43 0.0159668 0.0000000 0.0000000 0.3514119 0.0000000 0.0000000 0.0878130 0.4581278 0.0000000 0.0195922 0.0000000 0.0670884 0.0000000 0.0000000 0.0000000 0.0000000 0.0000000 0.0000000 0.0000000 0.0000000 0.0000000
 44 P  44 0.0000000 0.0000000 0.0000000 0.1700904 0.0000000 0.0278558 0.0411367 0.0000000 0.0000000 0.0000000 0.0000000 0.0000000 0.0000000 0.0000000 0.4302720 0.0000000 0.0000000 0.0000000 0.0000000 0.0195922 0.3110530
 45 E  45 0.0263013 0.0000000 0.0000000 0.0000000 0.0000000 0.0134942 0.3905193 0.0000000 0.0000000 0.1283237 0.0000000 0.3178851 0.0000000 0.0000000 0.0000000 0.0000000 0.0000000 0.0000000 0.0000000 0.1234764 0.0000000
 46 V  46 0.0000000 0.0000000 0.0000000 0.0251698 0.0000000 0.0000000 0.0000000 0.0000000 0.0000000 0.1610458 0.0086983 0.0000000 0.0000000 0.0000000 0.0000000 0.0159668 0.0000000 0.0000000 0.0000000 0.7891193 0.0000000
 47 S  47 0.0107663 0.0000000 0.0164486 0.0114072 0.0000000 0.0379436 0.0411367 0.0000000 0.0156172 0.0278658 0.0780298 0.4107903 0.0078562 0.0000000 0.0000000 0.2117668 0.1139175 0.0000000 0.0000000 0.0164541 0.0000000
 48 D  48 0.0411367 0.0000000 0.0000000 0.2404826 0.0000000 0.0000000 0.7183807 0.0000000 0.0000000 0.0000000 0.0000000 0.0000000 0.0000000 0.0000000 0.0000000 0.0000000 0.0000000 0.0000000 0.0000000 0.0000000 0.0000000
 49 P  49 0.0195922 0.0233147 0.0287149 0.0306367 0.0000000 0.0000000 0.0092178 0.0000000 0.0443199 0.0117830 0.0000000 0.5176033 0.0000000 0.0000000 0.2247619 0.0000000 0.0900555 0.0000000 0.0000000 0.0000000 0.0000000
 50 M  50 0.3107571 0.0000000 0.0000000 0.0000000 0.0000000 0.0278558 0.0114216 0.0000000 0.0000000 0.1575356 0.1334389 0.0195922 0.1955128 0.0103560 0.0000000 0.0282664 0.0275574 0.0000000 0.0000000 0.0777063 0.0000000
 51 S  51 0.0195922 0.0000000 0.0192078 0.0515412 0.0000000 0.0000000 0.0130815 0.0000000 0.0000000 0.0000000 0.0000000 0.4191064 0.0000000 0.0000000 0.0000000 0.1193277 0.2941231 0.0000000 0.0377187 0.0263013 0.0000000
 52 S  52 0.2149567 0.0000000 0.0156553 0.0000000 0.0000000 0.0000000 0.1988033 0.0000000 0.0278658 0.0000000 0.0000000 0.0780453 0.0000000 0.0000000 0.0118099 0.4528637 0.0000000 0.0000000 0.0000000 0.0000000 0.0000000
 53 T  53 0.0000000 0.0133145 0.0000000 0.0116277 0.0000000 0.0278658 0.6052115 0.0000000 0.0000000 0.0000000 0.0134942 0.0565487 0.0174289 0.0000000 0.0000000 0.0000000 0.2313751 0.0000000 0.0000000 0.0231335 0.0000000
 54 Y  54 0.0092178 0.0164541 0.0000000 0.1020343 0.0000000 0.0156553 0.0452947 0.0119021 0.2218202 0.0000000 0.0000000 0.2247465 0.0000000 0.0112410 0.0000000 0.0000000 0.0000000 0.0000000 0.3416340 0.0000000 0.0000000
 55 I  55 0.0174289 0.2877787 0.0000000 0.0000000 0.0000000 0.0159668 0.0000000 0.1912540 0.0097892 0.1896878 0.1902367 0.0272039 0.0000000 0.0000000 0.0000000 0.0403589 0.0000000 0.0000000 0.0156553 0.0146398 0.0000000
 56 E  56 0.0000000 0.0000000 0.0000000 0.1814613 0.0000000 0.0497432 0.5267625 0.0000000 0.0000000 0.0263013 0.0000000 0.0408252 0.0000000 0.0000000 0.0000000 0.0000000 0.0000000 0.0000000 0.0000000 0.1749066 0.0000000
 57 E  57 0.0581696 0.0669432 0.0000000 0.0000000 0.0000000 0.0000000 0.2832838 0.0114216 0.0000000 0.0278658 0.0644600 0.4590789 0.0000000 0.0287772 0.0000000 0.0000000 0.0000000 0.0000000 0.0000000 0.0000000 0.0000000
 58 L  58 0.0159668 0.0000000 0.0000000 0.0000000 0.1025668 0.0000000 0.0000000 0.0000000 0.0000000 0.0000000 0.6677449 0.0195922 0.0396159 0.0000000 0.0099144 0.0000000 0.0133131 0.0000000 0.0000000 0.1312859 0.0000000
 59 G  59 0.0000000 0.0000000 0.0000000 0.0000000 0.0000000 0.0000000 0.0000000 1.0000000 0.0000000 0.0000000 0.0000000 0.0000000 0.0000000 0.0000000 0.0000000 0.0000000 0.0000000 0.0000000 0.0000000 0.0000000 0.0000000
 60 K  60 0.0000000 0.0000000 0.0000000 0.0212078 0.0000000 0.0000000 0.5980514 0.0278658 0.0000000 0.0695912 0.0000000 0.2832838 0.0000000 0.0000000 0.0000000 0.0000000 0.0000000 0.0000000 0.0000000 0.0000000 0.0000000
 61 R  61 0.0000000 0.8030258 0.0278658 0.0000000 0.0000000 0.0000000 0.0156553 0.0000000 0.0000000 0.0000000 0.0000000 0.1534530 0.0000000 0.0000000 0.0000000 0.0000000 0.0000000 0.0000000 0.0000000 0.0000000 0.0000000
 62 E  62 0.0000000 0.0000000 0.0000000 0.5672457 0.0000000 0.0000000 0.4327543 0.0000000 0.0000000 0.0000000 0.0000000 0.0000000 0.0000000 0.0000000 0.0000000 0.0000000 0.0000000 0.0000000 0.0000000 0.0000000 0.0000000
 63 V  63 0.0000000 0.0000000 0.0000000 0.4805976 0.0278658 0.0000000 0.1503734 0.1142491 0.0254060 0.0310889 0.0000000 0.0000000 0.0000000 0.0141528 0.0000000 0.0469524 0.0000000 0.0000000 0.0000000 0.1093138 0.0000000
 64 T  64 0.0000000 0.0000000 0.0000000 0.0000000 0.0000000 0.0000000 0.0000000 0.0000000 0.0000000 0.0000000 0.0000000 0.0000000 0.0000000 0.0000000 0.0278658 0.0732003 0.8989338 0.0000000 0.0000000 0.0000000 0.0000000
 65 I  65 0.0000000 0.0000000 0.0000000 0.0000000 0.0000000 0.0000000 0.0000000 0.0000000 0.0000000 0.6651714 0.3096588 0.0000000 0.0000000 0.0000000 0.0000000 0.0000000 0.0000000 0.0000000 0.0000000 0.0251698 0.0000000
 66 P  66 0.0000000 0.0000000 0.0000000 0.0000000 0.0000000 0.0000000 0.0000000 0.0000000 0.0000000 0.0000000 0.0000000 0.0000000 0.0000000 0.0000000 1.0000000 0.0000000 0.0000000 0.0000000 0.0000000 0.0000000 0.0000000
 67 P  67 0.0000000 0.0000000 0.0000000 0.0000000 0.0000000 0.0000000 0.0000000 0.0000000 0.0000000 0.0000000 0.0099144 0.0000000 0.0000000 0.0000000 0.9900856 0.0000000 0.0000000 0.0000000 0.0000000 0.0000000 0.0000000
 68 K  68 0.0401407 0.0000000 0.0146398 0.1804383 0.0000000 0.0164486 0.4968642 0.0714820 0.0000000 0.0000000 0.0000000 0.1799865 0.0000000 0.0000000 0.0000000 0.0000000 0.0000000 0.0000000 0.0000000 0.0000000 0.0000000
 69 Y  69 0.0000000 0.0000000 0.0000000 0.0000000 0.0000000 0.0000000 0.0000000 0.0000000 0.0251698 0.0000000 0.0000000 0.0000000 0.0000000 0.0000000 0.0000000 0.0000000 0.0000000 0.0000000 0.9748302 0.0000000 0.0000000
 70 R  70 0.0000000 0.9012024 0.0000000 0.0000000 0.0000000 0.0185624 0.0000000 0.0000000 0.0000000 0.0000000 0.0154019 0.0515189 0.0000000 0.0000000 0.0000000 0.0000000 0.0000000 0.0000000 0.0000000 0.0133145 0.0000000
 71 E  71 0.0154019 0.0000000 0.0107663 0.0000000 0.0000000 0.0251698 0.1862167 0.0000000 0.2310174 0.0000000 0.1295917 0.1826068 0.0000000 0.0454040 0.0000000 0.0000000 0.0000000 0.0000000 0.0114890 0.0000000 0.1623364
 72 L  72 0.0000000 0.0000000 0.0000000 0.0000000 0.0000000 0.0000000 0.1296912 0.0000000 0.0000000 0.0000000 0.6029676 0.0454040 0.0000000 0.0351524 0.0251698 0.0000000 0.0156553 0.0000000 0.0000000 0.0000000 0.1459596
 73 L  73 0.0251698 0.0000000 0.0000000 0.0677679 0.0000000 0.0000000 0.1592961 0.0000000 0.0000000 0.0097892 0.5746952 0.0173222 0.0000000 0.1081692 0.0000000 0.0000000 0.0000000 0.0000000 0.0000000 0.0000000 0.0377903
 74 A  74 0.1533051 0.0000000 0.0196742 0.3428644 0.0000000 0.0000000 0.1051924 0.0000000 0.0000000 0.0000000 0.0157548 0.1355548 0.0164541 0.0000000 0.0000000 0.0206250 0.0702459 0.0000000 0.0000000 0.0836720 0.0366573
 75 K  75 0.0117629 0.0000000 0.0515725 0.1154816 0.0000000 0.0076117 0.1262318 0.1863179 0.0000000 0.0000000 0.0000000 0.3711946 0.0278658 0.0000000 0.0000000 0.0591600 0.0000000 0.0000000 0.0000000 0.0000000 0.0428012
 76 K  76 0.0278658 0.0000000 0.1089298 0.2961267 0.0000000 0.0000000 0.0848850 0.0554896 0.0000000 0.0000000 0.0116277 0.3071026 0.0000000 0.0000000 0.0453019 0.0115695 0.0083001 0.0000000 0.0000000 0.0000000 0.0428012
 77 E  77 0.0000000 0.0000000 0.0000000 0.1372897 0.0000000 0.0000000 0.2559644 0.1827819 0.0000000 0.0000000 0.0000000 0.2629904 0.0115255 0.0000000 0.0464282 0.0173222 0.0089510 0.0000000 0.0000000 0.0164541 0.0602925
 78 G  78 0.0584075 0.0000000 0.0000000 0.1836286 0.0000000 0.0698922 0.0377091 0.2345727 0.0000000 0.0000000 0.0826866 0.0945681 0.0000000 0.0000000 0.1085635 0.0091510 0.0000000 0.0000000 0.0000000 0.0780195 0.0428012
 79 I  79 0.1018069 0.0000000 0.0079757 0.0919592 0.0000000 0.0225493 0.0118099 0.1661625 0.0000000 0.1673679 0.0426849 0.1798936 0.0114072 0.0000000 0.0233038 0.0240818 0.0000000 0.0000000 0.0000000 0.0946706 0.0543267
 80 T  80 0.0826689 0.0049421 0.0000000 0.0986137 0.0000000 0.0000000 0.0000000 0.0080683 0.0000000 0.0000000 0.0512144 0.3699541 0.0146398 0.0000000 0.1620550 0.0185624 0.1216416 0.0133131 0.0000000 0.0000000 0.0543267
 81 G  81 0.0525004 0.0000000 0.0000000 0.0133145 0.0000000 0.0246110 0.0444919 0.1438323 0.0000000 0.0000000 0.1173219 0.0403043 0.0000000 0.0000000 0.3596791 0.0288723 0.0316738 0.0000000 0.0434730 0.0719002 0.0280254
 82 P  82 0.0513067 0.0000000 0.0000000 0.0000000 0.0000000 0.0000000 0.0361607 0.0000000 0.0000000 0.0000000 0.1314246 0.1746397 0.0000000 0.0000000 0.4268236 0.0133131 0.0326244 0.0000000 0.0000000 0.1056819 0.0280254
 83 P  83 0.0491060 0.0000000 0.0000000 0.0154019 0.0000000 0.0000000 0.0263013 0.0000000 0.0000000 0.0000000 0.1383245 0.1463402 0.0000000 0.0000000 0.5713763 0.0000000 0.0118099 0.0000000 0.0000000 0.0133145 0.0280254
 84 A  84 0.0478374 0.0000000 0.0000000 0.0000000 0.0000000 0.0000000 0.1213092 0.0000000 0.0083700 0.0000000 0.0103249 0.1292709 0.0000000 0.0000000 0.5807470 0.0114890 0.0213982 0.0000000 0.0000000 0.0412280 0.0280254
 85 D  85 0.0439217 0.0000000 0.0210693 0.3121017 0.0000000 0.0156172 0.1627063 0.0000000 0.0154019 0.0000000 0.0000000 0.2145762 0.0000000 0.0000000 0.1626339 0.0000000 0.0123189 0.0000000 0.0000000 0.0000000 0.0396531
 86 S  86 0.0091510 0.0263013 0.0000000 0.0083700 0.0000000 0.0115695 0.1562049 0.0000000 0.0000000 0.0081944 0.0000000 0.1595858 0.0067585 0.0000000 0.1269030 0.2990229 0.0708885 0.0000000 0.0000000 0.0773970 0.0396531
 87 S  87 0.0234407 0.0000000 0.0000000 0.0156172 0.0000000 0.0134942 0.3439489 0.0000000 0.0119021 0.0000000 0.0384929 0.1755647 0.0000000 0.0000000 0.1929536 0.1252166 0.0000000 0.0000000 0.0000000 0.0416998 0.0176694
 88 K  88 0.0146398 0.0000000 0.0080617 0.0083626 0.0000000 0.0156553 0.0428719 0.0000000 0.0000000 0.0000000 0.0117830 0.6674467 0.0000000 0.0000000 0.1994615 0.0000000 0.0201920 0.0000000 0.0000000 0.0000000 0.0115255
 89 P  89 0.0181524 0.0000000 0.0000000 0.0000000 0.0000000 0.0000000 0.0000000 0.0000000 0.0141528 0.0000000 0.0160151 0.0203997 0.0000000 0.0000000 0.6778987 0.1715319 0.0703239 0.0000000 0.0000000 0.0000000 0.0115255
 90 I  90 0.0776889 0.0000000 0.0000000 0.0207206 0.0000000 0.0000000 0.0131154 0.0328322 0.0000000 0.0583946 0.2507111 0.0158423 0.4353192 0.0070263 0.0000000 0.0080617 0.0323513 0.0000000 0.0000000 0.0364109 0.0115255
 91 G  91 0.0063230 0.0000000 0.0278558 0.2560790 0.0000000 0.0328792 0.0098957 0.2397251 0.0000000 0.0000000 0.0000000 0.0074797 0.0000000 0.0000000 0.0000000 0.2991742 0.1205882 0.0000000 0.0000000 0.0000000 0.0000000
 92 P  92 0.0537302 0.0000000 0.0000000 0.3743985 0.0000000 0.0000000 0.1841420 0.0000000 0.0000000 0.0442547 0.0000000 0.0000000 0.0000000 0.0000000 0.1469069 0.0453342 0.1512335 0.0000000 0.0000000 0.0000000 0.0000000
 93 D  93 0.0225493 0.0316345 0.0665882 0.4970335 0.0000000 0.0907825 0.0278658 0.0846866 0.0000000 0.0000000 0.0000000 0.0546279 0.0000000 0.0000000 0.0000000 0.0846173 0.0396144 0.0000000 0.0000000 0.0000000 0.0000000
 94 D  94 0.0624185 0.0000000 0.0000000 0.5213554 0.0000000 0.0509312 0.1765414 0.0000000 0.0442547 0.0000000 0.0074300 0.0000000 0.0000000 0.0831363 0.0000000 0.0000000 0.0263013 0.0000000 0.0000000 0.0114680 0.0161633
 95 A  95 0.4594301 0.0000000 0.0000000 0.0000000 0.0000000 0.0000000 0.0000000 0.0000000 0.0000000 0.0000000 0.3393127 0.0000000 0.0000000 0.0000000 0.1767239 0.0000000 0.0000000 0.0000000 0.0000000 0.0083700 0.0161633
 96 I  96 0.0422106 0.0000000 0.0000000 0.0000000 0.0000000 0.0000000 0.0000000 0.0000000 0.0000000 0.4308035 0.3598393 0.0000000 0.0164486 0.0000000 0.0000000 0.0000000 0.0000000 0.0000000 0.0000000 0.1345348 0.0161633
 97 D  97 0.0494691 0.0000000 0.0000000 0.8455868 0.0000000 0.0000000 0.0887809 0.0000000 0.0000000 0.0000000 0.0000000 0.0000000 0.0000000 0.0000000 0.0000000 0.0000000 0.0000000 0.0000000 0.0000000 0.0000000 0.0161633
 98 A  98 0.5721155 0.0000000 0.0000000 0.0000000 0.0000000 0.0000000 0.1359436 0.0156553 0.0000000 0.1213902 0.0000000 0.0000000 0.0263013 0.0098957 0.0000000 0.0704307 0.0123189 0.0000000 0.0000000 0.0164385 0.0195102
 99 L  99 0.0000000 0.0000000 0.0000000 0.0000000 0.0000000 0.0161633 0.0000000 0.0000000 0.0000000 0.0000000 0.8367456 0.0000000 0.0000000 0.1275810 0.0000000 0.0000000 0.0000000 0.0000000 0.0000000 0.0000000 0.0195102
100 S 100 0.0112410 0.0000000 0.0000000 0.0000000 0.0000000 0.0000000 0.0000000 0.0000000 0.0000000 0.0000000 0.0000000 0.0000000 0.0000000 0.0000000 0.0000000 0.9080359 0.0612130 0.0000000 0.0000000 0.0000000 0.0195102
101 S 101 0.0499396 0.0117830 0.0000000 0.0000000 0.0000000 0.0636440 0.0964835 0.2717696 0.0000000 0.0000000 0.0086192 0.1144011 0.0309897 0.0278658 0.0000000 0.3049943 0.0000000 0.0000000 0.0000000 0.0000000 0.0195102
102 D 102 0.0000000 0.0000000 0.0000000 0.7804510 0.0000000 0.0000000 0.0000000 0.1842840 0.0000000 0.0000000 0.0000000 0.0000000 0.0000000 0.0000000 0.0000000 0.0000000 0.0157548 0.0000000 0.0000000 0.0000000 0.0195102
103 F 103 0.0000000 0.0000000 0.0000000 0.0000000 0.0000000 0.0000000 0.0000000 0.0000000 0.0000000 0.0000000 0.1555820 0.0000000 0.0000000 0.8087446 0.0000000 0.0000000 0.0161633 0.0000000 0.0000000 0.0000000 0.0195102
104 T 104 0.0853896 0.0000000 0.0114890 0.1282600 0.0000000 0.0000000 0.0366169 0.0000000 0.0000000 0.0000000 0.0000000 0.0398096 0.0927781 0.0000000 0.0000000 0.2503775 0.3038511 0.0000000 0.0000000 0.0319181 0.0195102
105 C 105 0.0114072 0.0161633 0.0000000 0.0263013 0.3726353 0.0000000 0.0000000 0.0470609 0.0000000 0.0000000 0.0133131 0.0000000 0.0000000 0.0000000 0.0000000 0.3114473 0.1351789 0.0000000 0.0000000 0.0228344 0.0436583
106 G 106 0.0577541 0.0000000 0.0000000 0.0000000 0.0795813 0.0000000 0.0000000 0.0293627 0.0103560 0.0000000 0.0000000 0.0000000 0.0000000 0.0000000 0.3259914 0.4601221 0.0173222 0.0000000 0.0000000 0.0000000 0.0195102
107 S 107 0.1774403 0.0000000 0.0000000 0.0463777 0.0360233 0.0708086 0.0434678 0.0000000 0.0000000 0.0154019 0.0000000 0.0117119 0.0000000 0.0000000 0.1470128 0.3929727 0.0278658 0.0000000 0.0000000 0.0114072 0.0195102
108 P 108 0.2051031 0.0000000 0.0571783 0.0364859 0.0000000 0.0686361 0.0000000 0.0000000 0.0000000 0.0083626 0.0000000 0.0501898 0.0000000 0.0000000 0.2997483 0.0764067 0.1306412 0.0000000 0.0000000 0.0477378 0.0195102
109 T 109 0.2459838 0.0000000 0.0000000 0.0000000 0.0146398 0.0000000 0.0251698 0.0000000 0.0000000 0.0302705 0.0134942 0.0319741 0.0000000 0.0000000 0.2281678 0.0753812 0.3064576 0.0000000 0.0000000 0.0089510 0.0195102
110 A 110 0.2583451 0.0000000 0.0000000 0.0317682 0.0000000 0.0117830 0.0981586 0.0173222 0.0000000 0.0278658 0.0216912 0.0251698 0.0000000 0.0000000 0.2603091 0.1219760 0.0674412 0.0000000 0.0000000 0.0000000 0.0581696
111 A 111 0.2286811 0.0000000 0.0074797 0.0236081 0.0000000 0.0294778 0.0817861 0.0666100 0.0000000 0.0000000 0.0000000 0.0394854 0.0000000 0.0000000 0.1096384 0.1462153 0.1840931 0.0000000 0.0000000 0.0634148 0.0195102
112 G 112 0.0234517 0.0000000 0.0164541 0.0117629 0.0000000 0.1000163 0.1147735 0.1361222 0.0000000 0.0000000 0.0971312 0.1145411 0.0117830 0.0000000 0.0308961 0.0900969 0.0525694 0.0000000 0.0000000 0.1652741 0.0351273
113 K 113 0.0119021 0.0000000 0.0000000 0.0240254 0.0000000 0.2706503 0.0694606 0.0181518 0.0103249 0.0091510 0.0000000 0.3498218 0.0000000 0.0000000 0.0516383 0.0734430 0.0410915 0.0000000 0.0089107 0.0263013 0.0351273
114 K 114 0.1518060 0.0000000 0.0910801 0.0099144 0.0000000 0.1142116 0.0315962 0.0000000 0.0074797 0.0000000 0.0000000 0.2444128 0.0000000 0.0789564 0.0319741 0.0541135 0.1390792 0.0000000 0.0000000 0.0000000 0.0453762
115 T 115 0.0537368 0.0161633 0.0210693 0.0300617 0.0000000 0.0343802 0.1864690 0.0000000 0.0238885 0.0000000 0.0000000 0.0630837 0.0000000 0.0000000 0.2119068 0.0680098 0.2340718 0.0000000 0.0000000 0.0117830 0.0453762
116 E 116 0.0888651 0.0000000 0.0117629 0.1210196 0.0263013 0.0328029 0.0937903 0.0271969 0.0131395 0.0000000 0.0300361 0.2231661 0.0000000 0.0000000 0.0526210 0.0523914 0.0601738 0.0000000 0.0000000 0.0889053 0.0778278
117 K 117 0.1284877 0.0000000 0.0107663 0.0447535 0.0000000 0.0154019 0.1106927 0.0133131 0.0000000 0.0000000 0.0418899 0.2910554 0.0000000 0.0000000 0.0877399 0.0294789 0.0749861 0.0000000 0.0089107 0.0646962 0.0778278
118 E 118 0.0909727 0.0000000 0.0133131 0.0996508 0.0392261 0.0413056 0.2186620 0.0000000 0.0000000 0.0089107 0.0076816 0.2028272 0.0000000 0.0000000 0.0643929 0.0212078 0.0486325 0.0000000 0.0000000 0.0278658 0.1153512
119 E 119 0.0563849 0.0258375 0.0000000 0.0152933 0.0000000 0.0000000 0.1074714 0.0208128 0.0000000 0.0000000 0.0731667 0.3101112 0.0000000 0.0000000 0.0647810 0.1149991 0.0900012 0.0000000 0.0000000 0.0057896 0.1153512
120 S 120 0.0647645 0.0107420 0.0275679 0.1307104 0.0276203 0.0416184 0.0422106 0.0000000 0.0000000 0.0070263 0.0265418 0.0604615 0.0000000 0.0000000 0.0554153 0.2418839 0.1339262 0.0000000 0.0000000 0.0141597 0.1153512
121 T 121 0.1640234 0.0000000 0.0000000 0.0283507 0.0000000 0.0000000 0.0488971 0.1321272 0.0000000 0.0317217 0.0367765 0.1972770 0.0141528 0.0000000 0.0341770 0.0444530 0.1331244 0.0000000 0.0000000 0.0195681 0.1153512
122 E 122 0.0940273 0.0149867 0.0000000 0.0808490 0.0000000 0.0000000 0.2970971 0.0157548 0.0000000 0.0000000 0.0339829 0.1427239 0.0161633 0.0000000 0.0564027 0.0391603 0.0468074 0.0000000 0.0000000 0.0116277 0.1504168
123 V 123 0.1184590 0.0000000 0.0051768 0.0165923 0.0000000 0.0000000 0.1044949 0.0202458 0.0000000 0.0609427 0.0134942 0.0761558 0.0000000 0.0000000 0.0454031 0.0684516 0.0314690 0.0000000 0.0000000 0.2665784 0.1725362
124 L 124 0.0949119 0.0000000 0.0000000 0.0279463 0.0000000 0.0000000 0.0000000 0.0000000 0.0000000 0.0722361 0.1569322 0.1511044 0.0000000 0.0139149 0.0552513 0.0744137 0.0377005 0.0000000 0.0000000 0.1197486 0.1958400
125 K 125 0.0133131 0.0000000 0.0000000 0.0633790 0.0000000 0.1128936 0.0663758 0.0000000 0.0164486 0.0000000 0.0211758 0.2098816 0.0000000 0.0000000 0.1161651 0.1389585 0.0316935 0.0000000 0.0000000 0.0426681 0.1670474
126 A 126 0.4150362 0.0000000 0.0000000 0.0117629 0.0080683 0.0689045 0.0000000 0.0084628 0.0000000 0.0000000 0.0000000 0.0348019 0.0173222 0.0000000 0.0368543 0.1284446 0.0336776 0.0000000 0.0000000 0.0696173 0.1670474
127 Q 127 0.1152993 0.0089107 0.0000000 0.0138587 0.0000000 0.1899607 0.0224452 0.0159668 0.0000000 0.0000000 0.0822325 0.1007581 0.0000000 0.0000000 0.0000000 0.1591087 0.0672394 0.0000000 0.0000000 0.0373503 0.1868695
128 S 128 0.0421257 0.0084628 0.0000000 0.0263013 0.0000000 0.0055519 0.0161633 0.0000000 0.0000000 0.0000000 0.0000000 0.0946958 0.0000000 0.0000000 0.0900972 0.4185633 0.0245660 0.0000000 0.0000000 0.0318504 0.2416221
129 A 129 0.5227554 0.0000000 0.0000000 0.0233911 0.0000000 0.0000000 0.0000000 0.0000000 0.0000000 0.0000000 0.0076816 0.0000000 0.0000000 0.0000000 0.0337708 0.0453346 0.0787194 0.0000000 0.0000000 0.0349420 0.2534051
130 G 130 0.0735418 0.0169924 0.0000000 0.0000000 0.0000000 0.0000000 0.0288339 0.1853795 0.0000000 0.0000000 0.0000000 0.0366882 0.0000000 0.0000000 0.1781510 0.1641174 0.0467275 0.0000000 0.0000000 0.0000000 0.2695684
131 T 131 0.1199824 0.0000000 0.0086983 0.0000000 0.0000000 0.0000000 0.0000000 0.0000000 0.0000000 0.0049421 0.0119021 0.0396795 0.0000000 0.0526011 0.0462335 0.0753905 0.1723899 0.0000000 0.0000000 0.1348915 0.3332892
132 V 132 0.0294685 0.0000000 0.0330201 0.0173222 0.0000000 0.0000000 0.0000000 0.0119021 0.0000000 0.0664777 0.0377903 0.0238885 0.0155762 0.0000000 0.0241482 0.0579844 0.1542680 0.0000000 0.0000000 0.1593056 0.3688483
133 R 133 0.0287926 0.1374036 0.0523189 0.0238885 0.0000000 0.0670452 0.0079757 0.0199883 0.0673745 0.0000000 0.0000000 0.2263644 0.0000000 0.0000000 0.0000000 0.0000000 0.0000000 0.0000000 0.0000000 0.0000000 0.3688483
134 S 134 0.0870855 0.0119021 0.0117629 0.0164486 0.0000000 0.0000000 0.0115695 0.0202866 0.0000000 0.0000000 0.0000000 0.0296412 0.0000000 0.0436207 0.0263013 0.2467572 0.0804377 0.0000000 0.0000000 0.0000000 0.4141868
135 A 135 0.3275854 0.0115695 0.0000000 0.0000000 0.0000000 0.0406947 0.0117629 0.0291398 0.0000000 0.0000000 0.0114890 0.0232309 0.0263013 0.0000000 0.0112410 0.0484843 0.0000000 0.0000000 0.0000000 0.0164486 0.4420527
136 A 136 0.3088651 0.0000000 0.0000000 0.0117629 0.0000000 0.0000000 0.0000000 0.0445881 0.0000000 0.0072866 0.0000000 0.0238885 0.0000000 0.0000000 0.0685649 0.0000000 0.0000000 0.0000000 0.0000000 0.0467747 0.4882693
137 P 137 0.0193854 0.0133145 0.0000000 0.0406947 0.0000000 0.0000000 0.0117629 0.0263013 0.0000000 0.0000000 0.0000000 0.0232309 0.0000000 0.0000000 0.3220403 0.0156415 0.0114216 0.0000000 0.0000000 0.0000000 0.5162068
138 P 138 0.0000000 0.0123189 0.0000000 0.0152552 0.0000000 0.0000000 0.0079757 0.0000000 0.0000000 0.0000000 0.0146398 0.0115695 0.0000000 0.0000000 0.3481037 0.0441221 0.0000000 0.0000000 0.0000000 0.0141528 0.5318622
139 Q 139 0.0000000 0.0381017 0.0000000 0.0461465 0.0000000 0.1540493 0.0000000 0.0000000 0.0000000 0.0000000 0.0000000 0.0479923 0.0000000 0.0000000 0.0160492 0.0346525 0.0000000 0.0000000 0.0000000 0.0000000 0.6630085
140 E 140 0.0232309 0.0000000 0.0000000 0.0281873 0.0000000 0.0000000 0.2054215 0.0000000 0.0201887 0.0000000 0.0000000 0.0476442 0.0000000 0.0000000 0.0123189 0.0000000 0.0000000 0.0000000 0.0000000 0.0000000 0.6630085
141 K 141 0.0000000 0.0000000 0.0000000 0.0000000 0.0000000 0.0000000 0.0086192 0.0000000 0.0000000 0.0000000 0.0000000 0.2576685 0.0000000 0.0000000 0.0000000 0.0000000 0.0000000 0.0000000 0.0000000 0.0000000 0.7337123
