  141         A         R         N         D         C         Q         E         G         H         I         L         K         M         F         P         S         T         W         Y         V    
  1 A   1 0.6885331 0.0000000 0.0000000 0.0000000 0.0000000 0.0000000 0.0000000 0.0000000 0.0000000 0.0000000 0.0000000 0.0000000 0.0000000 0.0000000 0.0000000 0.2396299 0.0718370 0.0000000 0.0000000 0.0000000
  2 V   2 0.1954854 0.0000000 0.0000000 0.0000000 0.1262228 0.0298589 0.0000000 0.0176426 0.0000000 0.0276543 0.0518100 0.0000000 0.0000000 0.0000000 0.0195846 0.0931546 0.0876739 0.0000000 0.0000000 0.3509130
  3 P   3 0.0239971 0.0127246 0.0000000 0.0000000 0.0000000 0.0550288 0.1151967 0.0000000 0.0427077 0.0000000 0.0156094 0.0409154 0.0000000 0.0000000 0.3774238 0.1894190 0.1269773 0.0000000 0.0000000 0.0000000
  4 V   4 0.1819411 0.0000000 0.0000000 0.0000000 0.0369453 0.0095588 0.0000000 0.0217157 0.0000000 0.0750926 0.0000000 0.0000000 0.0744228 0.0000000 0.1006072 0.0816764 0.0176958 0.0000000 0.0000000 0.4003444
  5 E   5 0.2517917 0.0000000 0.0000000 0.0935527 0.0000000 0.1409343 0.2119559 0.0376903 0.0125881 0.0335695 0.0000000 0.0129557 0.0000000 0.0000000 0.1489993 0.0160789 0.0000000 0.0000000 0.0000000 0.0398838
  6 S   6 0.1691094 0.0000000 0.0000000 0.0000000 0.0000000 0.0000000 0.0320123 0.0000000 0.0000000 0.0000000 0.0000000 0.0742762 0.0000000 0.0117305 0.2994860 0.3058191 0.0689964 0.0000000 0.0000000 0.0385700
  7 K   7 0.1342093 0.0075982 0.0000000 0.0000000 0.0000000 0.0000000 0.0897227 0.0301160 0.0106097 0.0000000 0.0226944 0.2686174 0.0000000 0.0000000 0.2202575 0.0264370 0.1368683 0.0000000 0.0000000 0.0528696
  8 P   8 0.2200567 0.0000000 0.0000000 0.0308667 0.0000000 0.0305250 0.0078977 0.0000000 0.0000000 0.0175196 0.0379192 0.0933725 0.0000000 0.0000000 0.3853220 0.0985657 0.0441412 0.0000000 0.0000000 0.0338138
  9 D   9 0.1928973 0.0365485 0.0315195 0.1647518 0.0000000 0.0000000 0.0147399 0.0773356 0.0000000 0.0000000 0.0000000 0.1305737 0.0000000 0.0000000 0.1345945 0.1313454 0.0759619 0.0000000 0.0000000 0.0097318
 10 K  10 0.1155600 0.0000000 0.0113276 0.0058252 0.0000000 0.0288949 0.0341714 0.0172518 0.0000000 0.0000000 0.0060279 0.4600804 0.0132600 0.0000000 0.0464790 0.0624999 0.1673184 0.0000000 0.0000000 0.0313036
 11 P  11 0.0378184 0.0089503 0.0000000 0.0419984 0.0000000 0.0900112 0.0803193 0.0562373 0.0000000 0.0000000 0.0216365 0.0509081 0.0000000 0.0000000 0.3757737 0.0799688 0.0850452 0.0000000 0.0000000 0.0713327
 12 S  12 0.2286646 0.0424126 0.0181816 0.0129001 0.0000000 0.0595119 0.0654926 0.0000000 0.0076203 0.0000000 0.0000000 0.0554608 0.0000000 0.0000000 0.1040756 0.3418998 0.0360495 0.0000000 0.0000000 0.0277306
 13 G  13 0.1022252 0.0368076 0.0000000 0.1411445 0.0000000 0.0000000 0.0159360 0.2225925 0.0000000 0.0000000 0.0284826 0.1873601 0.0000000 0.0000000 0.0508343 0.0905418 0.0916615 0.0000000 0.0000000 0.0324139
 14 K  14 0.0297398 0.0000000 0.0534820 0.1704897 0.0000000 0.0632063 0.1649564 0.0961287 0.0138311 0.0000000 0.0406314 0.3052017 0.0101327 0.0000000 0.0000000 0.0522001 0.0000000 0.0000000 0.0000000 0.0000000
 15 S  15 0.0917789 0.0000000 0.0000000 0.0000000 0.0000000 0.0092662 0.1118111 0.0334259 0.0000000 0.0000000 0.0000000 0.2282533 0.0433410 0.0000000 0.0633540 0.3070374 0.1117323 0.0000000 0.0000000 0.0000000
 16 G  16 0.0184424 0.0000000 0.0000000 0.1292944 0.0000000 0.0000000 0.1477913 0.2939501 0.0000000 0.0847138 0.0326241 0.0213463 0.1099965 0.0000000 0.0565933 0.0130851 0.0194438 0.0000000 0.0000000 0.0727187
 17 M  17 0.1273222 0.0000000 0.0000000 0.0158048 0.0000000 0.0000000 0.0184267 0.0000000 0.0000000 0.0294309 0.1821513 0.0395919 0.2364440 0.0000000 0.1856353 0.1123319 0.0000000 0.0000000 0.0000000 0.0528611
 18 D  18 0.0300967 0.0000000 0.0512284 0.6808442 0.0000000 0.0000000 0.0609838 0.0000000 0.0000000 0.0000000 0.0740234 0.0000000 0.0000000 0.0000000 0.0000000 0.0575476 0.0000000 0.0000000 0.0000000 0.0452759
 19 A  19 0.2093809 0.0000000 0.0000000 0.6060441 0.0000000 0.0000000 0.0462850 0.0000000 0.0000000 0.0000000 0.0000000 0.0000000 0.0000000 0.0000000 0.0000000 0.1005427 0.0377473 0.0000000 0.0000000 0.0000000
 20 A  20 0.8811608 0.0000000 0.0000000 0.0130115 0.0000000 0.0000000 0.0000000 0.0000000 0.0000000 0.0000000 0.0270220 0.0000000 0.0000000 0.0000000 0.0788057 0.0000000 0.0000000 0.0000000 0.0000000 0.0000000
 21 L  21 0.0000000 0.0000000 0.0000000 0.0000000 0.0000000 0.0000000 0.0000000 0.0000000 0.0000000 0.0463176 0.6660840 0.0000000 0.0379657 0.1142364 0.0000000 0.0000000 0.0000000 0.0000000 0.0000000 0.1353963
 22 D  22 0.0000000 0.0000000 0.0605438 0.6988962 0.0000000 0.0000000 0.1555781 0.0000000 0.0000000 0.0000000 0.0000000 0.0000000 0.0000000 0.0000000 0.0000000 0.0849819 0.0000000 0.0000000 0.0000000 0.0000000
 23 D  23 0.4088238 0.0000000 0.0000000 0.2249780 0.0000000 0.0567217 0.1655624 0.0000000 0.0000000 0.0000000 0.0483801 0.0445490 0.0000000 0.0000000 0.0000000 0.0313730 0.0196120 0.0000000 0.0000000 0.0000000
 24 L  24 0.0000000 0.0000000 0.0000000 0.0000000 0.0000000 0.0000000 0.0000000 0.0000000 0.0000000 0.0000000 1.0000000 0.0000000 0.0000000 0.0000000 0.0000000 0.0000000 0.0000000 0.0000000 0.0000000 0.0000000
 25 I  25 0.2028151 0.0000000 0.0000000 0.0000000 0.0099019 0.0000000 0.0000000 0.0930546 0.0000000 0.2176857 0.1293831 0.0000000 0.0210290 0.0000000 0.0000000 0.3001131 0.0000000 0.0000000 0.0000000 0.0260175
 26 D  26 0.0296384 0.0101981 0.0190301 0.6463460 0.0000000 0.0000000 0.0000000 0.2140239 0.0000000 0.0000000 0.0000000 0.0090245 0.0000000 0.0000000 0.0000000 0.0717389 0.0000000 0.0000000 0.0000000 0.0000000
 27 T  27 0.0000000 0.0000000 0.0000000 0.0000000 0.0000000 0.0000000 0.0000000 0.0000000 0.0000000 0.0356028 0.0000000 0.0000000 0.0000000 0.0290988 0.0000000 0.3614220 0.5738763 0.0000000 0.0000000 0.0000000
 28 L  28 0.0000000 0.0000000 0.0000000 0.0000000 0.0000000 0.0000000 0.0000000 0.0000000 0.0000000 0.0206398 0.9793602 0.0000000 0.0000000 0.0000000 0.0000000 0.0000000 0.0000000 0.0000000 0.0000000 0.0000000
 29 G  29 0.0544521 0.0000000 0.0000000 0.0000000 0.0000000 0.0000000 0.0858790 0.7314280 0.0000000 0.0000000 0.0000000 0.0000000 0.0000000 0.0000000 0.1133657 0.0148751 0.0000000 0.0000000 0.0000000 0.0000000
 30 G  30 0.1170363 0.0000000 0.0000000 0.0259173 0.0000000 0.1955079 0.1510058 0.2554595 0.0000000 0.0000000 0.0000000 0.1249273 0.0000000 0.0000000 0.0169249 0.1032115 0.0100093 0.0000000 0.0000000 0.0000000
 31 P  31 0.0169249 0.2473620 0.0000000 0.0501768 0.0320620 0.0000000 0.0000000 0.0000000 0.0069186 0.0259173 0.0000000 0.1021266 0.0000000 0.0173428 0.4204946 0.0619965 0.0186779 0.0000000 0.0000000 0.0000000
 32 E  32 0.0672189 0.0000000 0.0000000 0.0679513 0.0000000 0.1607296 0.5819604 0.0000000 0.0000000 0.0000000 0.0000000 0.0635310 0.0000000 0.0000000 0.0489330 0.0096759 0.0000000 0.0000000 0.0000000 0.0000000
 33 E  33 0.1034170 0.0000000 0.0000000 0.0405929 0.0000000 0.0000000 0.2205464 0.0132988 0.0000000 0.0000000 0.0129272 0.0000000 0.0000000 0.0000000 0.5391598 0.0176250 0.0000000 0.0000000 0.0000000 0.0524329
 34 T  34 0.0492619 0.0000000 0.0559866 0.4107608 0.0000000 0.0000000 0.0637848 0.0000000 0.0000000 0.0000000 0.0455469 0.0501768 0.0107723 0.0000000 0.0434343 0.0145008 0.1942546 0.0000000 0.0000000 0.0615202
 35 E  35 0.0934114 0.0000000 0.0617974 0.0000000 0.0000000 0.0241766 0.0869272 0.0000000 0.0000000 0.0397196 0.0000000 0.0704830 0.0000000 0.0000000 0.5187411 0.0071176 0.0000000 0.0000000 0.0000000 0.0976261
 36 E  36 0.0164495 0.0255965 0.0080276 0.2326860 0.0000000 0.0259173 0.3978086 0.0000000 0.0000000 0.0000000 0.0000000 0.0833839 0.0000000 0.0000000 0.2101304 0.0000000 0.0000000 0.0000000 0.0000000 0.0000000
 37 E  37 0.0402238 0.0000000 0.0000000 0.2645038 0.0000000 0.0151239 0.4064445 0.0000000 0.0000000 0.0000000 0.0468629 0.0000000 0.0000000 0.0000000 0.1325401 0.0212852 0.0730159 0.0000000 0.0000000 0.0000000
 38 N  38 0.0550162 0.0164495 0.3002721 0.0989187 0.0000000 0.0169249 0.0458145 0.0897004 0.0000000 0.0000000 0.0000000 0.0663674 0.0000000 0.0000000 0.1446031 0.1284909 0.0374423 0.0000000 0.0000000 0.0000000
 39 T  39 0.0000000 0.0000000 0.0000000 0.0355149 0.0000000 0.0000000 0.0285592 0.0000000 0.0000000 0.0000000 0.0000000 0.4361566 0.0000000 0.0000000 0.3447404 0.0065677 0.1260658 0.0000000 0.0000000 0.0223955
 40 T  40 0.0412077 0.0083614 0.0000000 0.0000000 0.0000000 0.0231213 0.0000000 0.0259173 0.0164481 0.0364912 0.0819023 0.0329360 0.0000000 0.0000000 0.3844073 0.0365311 0.1030498 0.0000000 0.0000000 0.2096264
 41 Y  41 0.0251991 0.0872697 0.0000000 0.0000000 0.0000000 0.0000000 0.0000000 0.0000000 0.0000000 0.0231857 0.0541984 0.0437359 0.0925883 0.0973656 0.0428359 0.0474890 0.0000000 0.0000000 0.3363313 0.1498011
 42 T  42 0.0074588 0.0000000 0.0000000 0.0000000 0.0000000 0.0000000 0.1900020 0.0000000 0.0259047 0.0171394 0.0000000 0.0000000 0.0268978 0.0273454 0.1442995 0.0127992 0.3917960 0.0000000 0.0000000 0.1563572
 43 G  43 0.0166232 0.0000000 0.0000000 0.3494886 0.0000000 0.0000000 0.0866680 0.4592661 0.0000000 0.0206398 0.0000000 0.0673143 0.0000000 0.0000000 0.0000000 0.0000000 0.0000000 0.0000000 0.0000000 0.0000000
 44 P  44 0.0000000 0.0000000 0.0000000 0.2392236 0.0000000 0.0415393 0.0627543 0.0000000 0.0000000 0.0000000 0.0000000 0.0000000 0.0000000 0.0000000 0.6264623 0.0000000 0.0000000 0.0000000 0.0000000 0.0300205
 45 E  45 0.0259173 0.0000000 0.0000000 0.0000000 0.0000000 0.0145008 0.4036763 0.0000000 0.0000000 0.1282714 0.0000000 0.3147787 0.0000000 0.0000000 0.0000000 0.0000000 0.0000000 0.0000000 0.0000000 0.1128555
 46 V  46 0.0000000 0.0000000 0.0000000 0.0265218 0.0000000 0.0000000 0.0000000 0.0000000 0.0000000 0.1673150 0.0092396 0.0000000 0.0000000 0.0000000 0.0000000 0.0166232 0.0000000 0.0000000 0.0000000 0.7803003
 47 S  47 0.0115145 0.0000000 0.0173428 0.0112165 0.0000000 0.0397196 0.0431450 0.0000000 0.0148751 0.0290988 0.0701298 0.4105319 0.0076732 0.0000000 0.0000000 0.2090866 0.1187412 0.0000000 0.0000000 0.0169249
 48 D  48 0.0431450 0.0000000 0.0000000 0.2327026 0.0000000 0.0000000 0.7241524 0.0000000 0.0000000 0.0000000 0.0000000 0.0000000 0.0000000 0.0000000 0.0000000 0.0000000 0.0000000 0.0000000 0.0000000 0.0000000
 49 P  49 0.0206398 0.0246053 0.0307856 0.0330207 0.0000000 0.0000000 0.0092201 0.0000000 0.0460238 0.0124463 0.0000000 0.5148279 0.0000000 0.0000000 0.2163980 0.0000000 0.0920326 0.0000000 0.0000000 0.0000000
 50 M  50 0.3117806 0.0000000 0.0000000 0.0000000 0.0000000 0.0285592 0.0122616 0.0000000 0.0000000 0.1607261 0.1350069 0.0206398 0.1854491 0.0084501 0.0000000 0.0293265 0.0292795 0.0000000 0.0000000 0.0785207
 51 S  51 0.0206398 0.0000000 0.0187468 0.0399496 0.0000000 0.0000000 0.0136885 0.0000000 0.0000000 0.0000000 0.0000000 0.4190950 0.0000000 0.0000000 0.0000000 0.1230154 0.3027571 0.0000000 0.0361905 0.0259173
 52 S  52 0.2051280 0.0000000 0.0168533 0.0000000 0.0000000 0.0000000 0.2069206 0.0000000 0.0290988 0.0000000 0.0000000 0.0788502 0.0000000 0.0000000 0.0106361 0.4525129 0.0000000 0.0000000 0.0000000 0.0000000
 53 T  53 0.0000000 0.0143428 0.0000000 0.0116712 0.0000000 0.0290988 0.6076891 0.0000000 0.0000000 0.0000000 0.0145008 0.0577934 0.0164827 0.0000000 0.0000000 0.0000000 0.2237460 0.0000000 0.0000000 0.0246753
 54 Y  54 0.0092201 0.0169249 0.0000000 0.1089493 0.0000000 0.0168533 0.0455815 0.0124262 0.2112597 0.0000000 0.0000000 0.2292277 0.0000000 0.0127706 0.0000000 0.0000000 0.0000000 0.0000000 0.3367865 0.0000000
 55 I  55 0.0164827 0.2889184 0.0000000 0.0000000 0.0000000 0.0166232 0.0000000 0.1947695 0.0100093 0.1904306 0.1847219 0.0286734 0.0000000 0.0000000 0.0000000 0.0370111 0.0000000 0.0000000 0.0168533 0.0155067
 56 E  56 0.0000000 0.0000000 0.0000000 0.1742486 0.0000000 0.0522260 0.5285835 0.0000000 0.0000000 0.0259173 0.0000000 0.0433752 0.0000000 0.0000000 0.0000000 0.0000000 0.0000000 0.0000000 0.0000000 0.1756493
 57 E  57 0.0468682 0.0666290 0.0000000 0.0000000 0.0000000 0.0000000 0.2904273 0.0122616 0.0000000 0.0290988 0.0639824 0.4618098 0.0000000 0.0289228 0.0000000 0.0000000 0.0000000 0.0000000 0.0000000 0.0000000
 58 L  58 0.0166232 0.0000000 0.0000000 0.0000000 0.1076716 0.0000000 0.0000000 0.0000000 0.0000000 0.0000000 0.6599035 0.0206398 0.0402601 0.0000000 0.0104634 0.0000000 0.0143361 0.0000000 0.0000000 0.1301024
 59 G  59 0.0000000 0.0000000 0.0000000 0.0000000 0.0000000 0.0000000 0.0000000 1.0000000 0.0000000 0.0000000 0.0000000 0.0000000 0.0000000 0.0000000 0.0000000 0.0000000 0.0000000 0.0000000 0.0000000 0.0000000
 60 K  60 0.0000000 0.0000000 0.0000000 0.0210113 0.0000000 0.0000000 0.6003327 0.0290988 0.0000000 0.0591299 0.0000000 0.2904273 0.0000000 0.0000000 0.0000000 0.0000000 0.0000000 0.0000000 0.0000000 0.0000000
 61 R  61 0.0000000 0.8055941 0.0290988 0.0000000 0.0000000 0.0000000 0.0168533 0.0000000 0.0000000 0.0000000 0.0000000 0.1484537 0.0000000 0.0000000 0.0000000 0.0000000 0.0000000 0.0000000 0.0000000 0.0000000
 62 E  62 0.0000000 0.0000000 0.0000000 0.5695298 0.0000000 0.0000000 0.4304702 0.0000000 0.0000000 0.0000000 0.0000000 0.0000000 0.0000000 0.0000000 0.0000000 0.0000000 0.0000000 0.0000000 0.0000000 0.0000000
 63 V  63 0.0000000 0.0000000 0.0000000 0.4725602 0.0290988 0.0000000 0.1611975 0.1027630 0.0270212 0.0292652 0.0000000 0.0000000 0.0000000 0.0152337 0.0000000 0.0499810 0.0000000 0.0000000 0.0000000 0.1128794
 64 T  64 0.0000000 0.0000000 0.0000000 0.0000000 0.0000000 0.0000000 0.0000000 0.0000000 0.0000000 0.0000000 0.0000000 0.0000000 0.0000000 0.0000000 0.0290988 0.0776415 0.8932596 0.0000000 0.0000000 0.0000000
 65 I  65 0.0000000 0.0000000 0.0000000 0.0000000 0.0000000 0.0000000 0.0000000 0.0000000 0.0000000 0.6532878 0.3201904 0.0000000 0.0000000 0.0000000 0.0000000 0.0000000 0.0000000 0.0000000 0.0000000 0.0265218
 66 P  66 0.0000000 0.0000000 0.0000000 0.0000000 0.0000000 0.0000000 0.0000000 0.0000000 0.0000000 0.0000000 0.0000000 0.0000000 0.0000000 0.0000000 1.0000000 0.0000000 0.0000000 0.0000000 0.0000000 0.0000000
 67 P  67 0.0000000 0.0000000 0.0000000 0.0000000 0.0000000 0.0000000 0.0000000 0.0000000 0.0000000 0.0000000 0.0104634 0.0000000 0.0000000 0.0000000 0.9895366 0.0000000 0.0000000 0.0000000 0.0000000 0.0000000
 68 K  68 0.0413277 0.0000000 0.0155067 0.1911139 0.0000000 0.0173428 0.4804304 0.0736883 0.0000000 0.0000000 0.0000000 0.1805902 0.0000000 0.0000000 0.0000000 0.0000000 0.0000000 0.0000000 0.0000000 0.0000000
 69 Y  69 0.0000000 0.0000000 0.0000000 0.0000000 0.0000000 0.0000000 0.0000000 0.0000000 0.0265218 0.0000000 0.0000000 0.0000000 0.0000000 0.0000000 0.0000000 0.0000000 0.0000000 0.0000000 0.9734782 0.0000000
 70 R  70 0.0000000 0.9013099 0.0000000 0.0000000 0.0000000 0.0188915 0.0000000 0.0000000 0.0000000 0.0000000 0.0164495 0.0490063 0.0000000 0.0000000 0.0000000 0.0000000 0.0000000 0.0000000 0.0000000 0.0143428
 71 E  71 0.0196234 0.0000000 0.0137362 0.0000000 0.0000000 0.0316391 0.2268821 0.0000000 0.2628494 0.0000000 0.1648994 0.2100071 0.0000000 0.0563953 0.0000000 0.0000000 0.0000000 0.0000000 0.0139680 0.0000000
 72 L  72 0.0000000 0.0000000 0.0000000 0.0000000 0.0000000 0.0000000 0.1610745 0.0000000 0.0000000 0.0000000 0.6897577 0.0552491 0.0000000 0.0432261 0.0309961 0.0000000 0.0196965 0.0000000 0.0000000 0.0000000
 73 L  73 0.0275588 0.0000000 0.0000000 0.0733977 0.0000000 0.0000000 0.1755966 0.0000000 0.0000000 0.0104006 0.5827433 0.0194081 0.0000000 0.1108949 0.0000000 0.0000000 0.0000000 0.0000000 0.0000000 0.0000000
 74 A  74 0.1600772 0.0000000 0.0218523 0.3497405 0.0000000 0.0000000 0.1018214 0.0000000 0.0000000 0.0000000 0.0170335 0.1437180 0.0175273 0.0000000 0.0000000 0.0211639 0.0750501 0.0000000 0.0000000 0.0920158
 75 K  75 0.0130851 0.0000000 0.0538616 0.1078776 0.0000000 0.0083527 0.1271684 0.2022876 0.0000000 0.0000000 0.0000000 0.3899613 0.0302543 0.0000000 0.0000000 0.0671515 0.0000000 0.0000000 0.0000000 0.0000000
 76 K  76 0.0302543 0.0000000 0.0893439 0.3174563 0.0000000 0.0000000 0.0893764 0.0613378 0.0000000 0.0000000 0.0121346 0.3316233 0.0000000 0.0000000 0.0457100 0.0132820 0.0094815 0.0000000 0.0000000 0.0000000
 77 E  77 0.0000000 0.0000000 0.0000000 0.1506144 0.0000000 0.0000000 0.2674042 0.1834943 0.0000000 0.0000000 0.0000000 0.2906530 0.0088718 0.0000000 0.0509197 0.0198180 0.0102665 0.0000000 0.0000000 0.0179581
 78 G  78 0.0491736 0.0000000 0.0000000 0.2021439 0.0000000 0.0587889 0.0416491 0.2516482 0.0000000 0.0000000 0.0851936 0.0999059 0.0000000 0.0000000 0.1174252 0.0093358 0.0000000 0.0000000 0.0000000 0.0847359
 79 I  79 0.1110149 0.0000000 0.0091159 0.0817358 0.0000000 0.0251307 0.0111554 0.1846161 0.0000000 0.1687281 0.0471699 0.1911736 0.0117641 0.0000000 0.0253951 0.0275673 0.0000000 0.0000000 0.0000000 0.1054331
 80 T  80 0.0907996 0.0056950 0.0000000 0.1061337 0.0000000 0.0000000 0.0000000 0.0084195 0.0000000 0.0000000 0.0567585 0.3837937 0.0162638 0.0000000 0.1810228 0.0198139 0.1162634 0.0150361 0.0000000 0.0000000
 81 G  81 0.0564449 0.0000000 0.0000000 0.0146450 0.0000000 0.0259450 0.0474574 0.1383067 0.0000000 0.0000000 0.1206311 0.0429039 0.0000000 0.0000000 0.3655544 0.0310559 0.0341219 0.0000000 0.0443495 0.0785845
 82 P  82 0.0567929 0.0000000 0.0000000 0.0000000 0.0000000 0.0000000 0.0351336 0.0000000 0.0000000 0.0000000 0.1426875 0.1871769 0.0000000 0.0000000 0.4325945 0.0146382 0.0330537 0.0000000 0.0000000 0.0979228
 83 P  83 0.0501963 0.0000000 0.0000000 0.0167961 0.0000000 0.0000000 0.0264634 0.0000000 0.0000000 0.0000000 0.1347961 0.1376436 0.0000000 0.0000000 0.6085994 0.0000000 0.0108602 0.0000000 0.0000000 0.0146450
 84 A  84 0.0475827 0.0000000 0.0000000 0.0000000 0.0000000 0.0000000 0.1291984 0.0000000 0.0093988 0.0000000 0.0110157 0.1355473 0.0000000 0.0000000 0.5879956 0.0119555 0.0232200 0.0000000 0.0000000 0.0440858
 85 D  85 0.0471830 0.0000000 0.0201310 0.3086613 0.0000000 0.0153717 0.1779371 0.0000000 0.0169987 0.0000000 0.0000000 0.2260864 0.0000000 0.0000000 0.1734749 0.0000000 0.0141559 0.0000000 0.0000000 0.0000000
 86 S  86 0.0092790 0.0267826 0.0000000 0.0095122 0.0000000 0.0132012 0.1698515 0.0000000 0.0000000 0.0078211 0.0000000 0.1711046 0.0074757 0.0000000 0.1355818 0.2924902 0.0730412 0.0000000 0.0000000 0.0838589
 87 S  87 0.0249650 0.0000000 0.0000000 0.0150586 0.0000000 0.0146796 0.3519859 0.0000000 0.0125795 0.0000000 0.0424188 0.1685473 0.0000000 0.0000000 0.1914457 0.1332815 0.0000000 0.0000000 0.0000000 0.0450381
 88 K  88 0.0156374 0.0000000 0.0085027 0.0089322 0.0000000 0.0169954 0.0446733 0.0000000 0.0000000 0.0000000 0.0125512 0.6660525 0.0000000 0.0000000 0.2040195 0.0000000 0.0226357 0.0000000 0.0000000 0.0000000
 89 P  89 0.0191540 0.0000000 0.0000000 0.0000000 0.0000000 0.0000000 0.0000000 0.0000000 0.0153621 0.0000000 0.0149793 0.0213115 0.0000000 0.0000000 0.6850407 0.1710072 0.0731452 0.0000000 0.0000000 0.0000000
 90 I  90 0.0651382 0.0000000 0.0000000 0.0202297 0.0000000 0.0000000 0.0137161 0.0323364 0.0000000 0.0528546 0.2653954 0.0158846 0.4426762 0.0075974 0.0000000 0.0085027 0.0360448 0.0000000 0.0000000 0.0396238
 91 G  91 0.0064543 0.0000000 0.0285592 0.2485700 0.0000000 0.0301168 0.0100025 0.2312097 0.0000000 0.0000000 0.0000000 0.0068943 0.0000000 0.0000000 0.0000000 0.3138933 0.1242998 0.0000000 0.0000000 0.0000000
 92 P  92 0.0539071 0.0000000 0.0000000 0.3682609 0.0000000 0.0000000 0.1938701 0.0000000 0.0000000 0.0320620 0.0000000 0.0000000 0.0000000 0.0000000 0.1514556 0.0453487 0.1550956 0.0000000 0.0000000 0.0000000
 93 D  93 0.0239608 0.0316531 0.0699156 0.5019585 0.0000000 0.0753827 0.0290988 0.0838167 0.0000000 0.0000000 0.0000000 0.0537022 0.0000000 0.0000000 0.0000000 0.0902581 0.0402534 0.0000000 0.0000000 0.0000000
 94 D  94 0.0670146 0.0000000 0.0000000 0.5292821 0.0000000 0.0542935 0.1803314 0.0000000 0.0324749 0.0000000 0.0082772 0.0000000 0.0000000 0.0894673 0.0000000 0.0000000 0.0262511 0.0000000 0.0000000 0.0126079
 95 A  95 0.4632789 0.0000000 0.0000000 0.0000000 0.0000000 0.0000000 0.0000000 0.0000000 0.0000000 0.0000000 0.3615134 0.0000000 0.0000000 0.0000000 0.1658843 0.0000000 0.0000000 0.0000000 0.0000000 0.0093234
 96 I  96 0.0458764 0.0000000 0.0000000 0.0000000 0.0000000 0.0000000 0.0000000 0.0000000 0.0000000 0.4176897 0.3752404 0.0000000 0.0175661 0.0000000 0.0000000 0.0000000 0.0000000 0.0000000 0.0000000 0.1436275
 97 D  97 0.0487003 0.0000000 0.0000000 0.8575862 0.0000000 0.0000000 0.0937135 0.0000000 0.0000000 0.0000000 0.0000000 0.0000000 0.0000000 0.0000000 0.0000000 0.0000000 0.0000000 0.0000000 0.0000000 0.0000000
 98 A  98 0.5789461 0.0000000 0.0000000 0.0000000 0.0000000 0.0000000 0.1440784 0.0169463 0.0000000 0.1207628 0.0000000 0.0000000 0.0260604 0.0100577 0.0000000 0.0713134 0.0137742 0.0000000 0.0000000 0.0180607
 99 L  99 0.0000000 0.0000000 0.0000000 0.0000000 0.0000000 0.0127850 0.0000000 0.0000000 0.0000000 0.0000000 0.8520430 0.0000000 0.0000000 0.1351721 0.0000000 0.0000000 0.0000000 0.0000000 0.0000000 0.0000000
100 S 100 0.0128411 0.0000000 0.0000000 0.0000000 0.0000000 0.0000000 0.0000000 0.0000000 0.0000000 0.0000000 0.0000000 0.0000000 0.0000000 0.0000000 0.0000000 0.9242862 0.0628727 0.0000000 0.0000000 0.0000000
101 S 101 0.0485843 0.0125150 0.0000000 0.0000000 0.0000000 0.0672220 0.0974113 0.2647188 0.0000000 0.0000000 0.0105489 0.1218887 0.0325270 0.0292594 0.0000000 0.3153246 0.0000000 0.0000000 0.0000000 0.0000000
102 D 102 0.0000000 0.0000000 0.0000000 0.7949255 0.0000000 0.0000000 0.0000000 0.1885356 0.0000000 0.0000000 0.0000000 0.0000000 0.0000000 0.0000000 0.0000000 0.0000000 0.0165389 0.0000000 0.0000000 0.0000000
103 F 103 0.0000000 0.0000000 0.0000000 0.0000000 0.0000000 0.0000000 0.0000000 0.0000000 0.0000000 0.0000000 0.1424913 0.0000000 0.0000000 0.8447237 0.0000000 0.0000000 0.0127850 0.0000000 0.0000000 0.0000000
104 T 104 0.0897065 0.0000000 0.0117735 0.1345184 0.0000000 0.0000000 0.0387618 0.0000000 0.0000000 0.0000000 0.0000000 0.0422605 0.0923913 0.0000000 0.0000000 0.2446409 0.3166234 0.0000000 0.0000000 0.0293239
105 C 105 0.0115703 0.0131159 0.0000000 0.0267350 0.3813103 0.0000000 0.0000000 0.0522982 0.0000000 0.0000000 0.0147884 0.0000000 0.0000000 0.0000000 0.0000000 0.3308920 0.1441718 0.0000000 0.0000000 0.0251182
106 G 106 0.0588068 0.0000000 0.0000000 0.0000000 0.0813653 0.0000000 0.0000000 0.0295110 0.0084967 0.0000000 0.0000000 0.0000000 0.0000000 0.0000000 0.3238614 0.4791779 0.0187810 0.0000000 0.0000000 0.0000000
107 S 107 0.1840317 0.0000000 0.0000000 0.0477954 0.0378397 0.0750769 0.0460307 0.0000000 0.0000000 0.0165403 0.0000000 0.0124822 0.0000000 0.0000000 0.1535168 0.3861484 0.0292594 0.0000000 0.0000000 0.0112784
108 P 108 0.2080767 0.0000000 0.0610781 0.0392168 0.0000000 0.0727885 0.0000000 0.0000000 0.0000000 0.0089064 0.0000000 0.0526798 0.0000000 0.0000000 0.3107502 0.0813271 0.1169056 0.0000000 0.0000000 0.0482707
109 T 109 0.2533819 0.0000000 0.0000000 0.0000000 0.0155923 0.0000000 0.0266682 0.0000000 0.0000000 0.0318701 0.0145808 0.0327053 0.0000000 0.0000000 0.2348404 0.0789895 0.3016423 0.0000000 0.0000000 0.0097293
110 A 110 0.2810438 0.0000000 0.0000000 0.0334316 0.0000000 0.0130583 0.0877276 0.0195963 0.0000000 0.0305297 0.0235387 0.0278260 0.0000000 0.0000000 0.2780883 0.1334654 0.0716943 0.0000000 0.0000000 0.0000000
111 A 111 0.2343230 0.0000000 0.0069324 0.0266011 0.0000000 0.0272069 0.0845930 0.0678191 0.0000000 0.0000000 0.0000000 0.0408046 0.0000000 0.0000000 0.1160831 0.1559765 0.1734748 0.0000000 0.0000000 0.0661854
112 G 112 0.0257587 0.0000000 0.0172768 0.0128470 0.0000000 0.1073309 0.1175693 0.1421243 0.0000000 0.0000000 0.1034177 0.1243432 0.0127050 0.0000000 0.0334631 0.0767472 0.0551099 0.0000000 0.0000000 0.1713067
113 K 113 0.0126845 0.0000000 0.0000000 0.0265999 0.0000000 0.2680958 0.0711795 0.0192590 0.0110127 0.0091659 0.0000000 0.3691157 0.0000000 0.0000000 0.0566974 0.0762282 0.0438851 0.0000000 0.0096203 0.0264561
114 K 114 0.1593908 0.0000000 0.0799656 0.0107879 0.0000000 0.1223706 0.0341842 0.0000000 0.0071082 0.0000000 0.0000000 0.2562284 0.0000000 0.0866635 0.0335346 0.0587875 0.1509788 0.0000000 0.0000000 0.0000000
115 T 115 0.0590337 0.0131091 0.0200849 0.0327037 0.0000000 0.0374819 0.2032504 0.0000000 0.0272944 0.0000000 0.0000000 0.0682274 0.0000000 0.0000000 0.2247668 0.0725606 0.2286546 0.0000000 0.0000000 0.0128323
116 E 116 0.0815358 0.0000000 0.0134008 0.1319482 0.0275966 0.0368687 0.1040216 0.0299044 0.0138249 0.0000000 0.0343347 0.2473399 0.0000000 0.0000000 0.0586177 0.0602007 0.0644097 0.0000000 0.0000000 0.0959962
117 K 117 0.1428445 0.0000000 0.0122606 0.0501540 0.0000000 0.0175153 0.1270532 0.0152650 0.0000000 0.0000000 0.0455845 0.3020904 0.0000000 0.0000000 0.0970384 0.0338248 0.0807552 0.0000000 0.0100350 0.0655791
118 E 118 0.1057365 0.0000000 0.0158806 0.0986482 0.0435183 0.0432309 0.2496994 0.0000000 0.0000000 0.0104397 0.0090326 0.2386019 0.0000000 0.0000000 0.0743435 0.0232749 0.0553599 0.0000000 0.0000000 0.0322337
119 E 119 0.0660673 0.0258774 0.0000000 0.0179318 0.0000000 0.0000000 0.1236747 0.0242046 0.0000000 0.0000000 0.0866999 0.3401989 0.0000000 0.0000000 0.0717169 0.1351627 0.1020536 0.0000000 0.0000000 0.0064121
120 S 120 0.0749588 0.0093284 0.0324912 0.1449537 0.0168740 0.0485902 0.0501726 0.0000000 0.0000000 0.0083455 0.0309422 0.0705916 0.0000000 0.0000000 0.0605985 0.2802873 0.1552574 0.0000000 0.0000000 0.0166087
121 T 121 0.1888056 0.0000000 0.0000000 0.0329760 0.0000000 0.0000000 0.0584168 0.1547538 0.0000000 0.0366342 0.0426735 0.2069950 0.0168748 0.0000000 0.0394707 0.0525223 0.1476266 0.0000000 0.0000000 0.0222509
122 E 122 0.1145789 0.0169884 0.0000000 0.0988412 0.0000000 0.0000000 0.3593883 0.0189884 0.0000000 0.0000000 0.0393335 0.1550616 0.0146785 0.0000000 0.0670078 0.0470164 0.0546434 0.0000000 0.0000000 0.0134737
123 V 123 0.1301399 0.0000000 0.0063080 0.0208321 0.0000000 0.0000000 0.1290053 0.0257357 0.0000000 0.0773175 0.0171847 0.0944498 0.0000000 0.0000000 0.0541228 0.0806643 0.0356194 0.0000000 0.0000000 0.3286205
124 L 124 0.1005741 0.0000000 0.0000000 0.0306989 0.0000000 0.0000000 0.0000000 0.0000000 0.0000000 0.0936276 0.1967322 0.1908878 0.0000000 0.0180651 0.0686505 0.0976525 0.0477855 0.0000000 0.0000000 0.1553258
125 K 125 0.0168591 0.0000000 0.0000000 0.0771994 0.0000000 0.1303937 0.0831567 0.0000000 0.0203949 0.0000000 0.0266420 0.2559400 0.0000000 0.0000000 0.1406109 0.1543796 0.0403573 0.0000000 0.0000000 0.0540665
126 A 126 0.5032208 0.0000000 0.0000000 0.0148003 0.0094404 0.0863840 0.0000000 0.0109015 0.0000000 0.0000000 0.0000000 0.0422951 0.0219650 0.0000000 0.0460659 0.1372100 0.0429032 0.0000000 0.0000000 0.0848138
127 Q 127 0.1461160 0.0113396 0.0000000 0.0174925 0.0000000 0.2368067 0.0290896 0.0200013 0.0000000 0.0000000 0.0964462 0.1256745 0.0000000 0.0000000 0.0000000 0.1815311 0.0876566 0.0000000 0.0000000 0.0478458
128 S 128 0.0576779 0.0119536 0.0000000 0.0334200 0.0000000 0.0078295 0.0163955 0.0000000 0.0000000 0.0000000 0.0000000 0.1084806 0.0000000 0.0000000 0.1236942 0.5630895 0.0338847 0.0000000 0.0000000 0.0435746
129 A 129 0.6924453 0.0000000 0.0000000 0.0316293 0.0000000 0.0000000 0.0000000 0.0000000 0.0000000 0.0000000 0.0106862 0.0000000 0.0000000 0.0000000 0.0472056 0.0605624 0.1108637 0.0000000 0.0000000 0.0466075
130 G 130 0.1018909 0.0190697 0.0000000 0.0000000 0.0000000 0.0000000 0.0397821 0.2589125 0.0000000 0.0000000 0.0000000 0.0521793 0.0000000 0.0000000 0.2278048 0.2335609 0.0667998 0.0000000 0.0000000 0.0000000
131 T 131 0.1773964 0.0000000 0.0131924 0.0000000 0.0000000 0.0000000 0.0000000 0.0000000 0.0000000 0.0077529 0.0177422 0.0606126 0.0000000 0.0804858 0.0678916 0.1153354 0.2596044 0.0000000 0.0000000 0.1999862
132 V 132 0.0473403 0.0000000 0.0529595 0.0281671 0.0000000 0.0000000 0.0000000 0.0187392 0.0000000 0.1032805 0.0567419 0.0399229 0.0253253 0.0000000 0.0378412 0.0897806 0.2485039 0.0000000 0.0000000 0.2513977
133 R 133 0.0463578 0.2129526 0.0826205 0.0399229 0.0000000 0.1048855 0.0131072 0.0265890 0.1090247 0.0000000 0.0000000 0.3645397 0.0000000 0.0000000 0.0000000 0.0000000 0.0000000 0.0000000 0.0000000 0.0000000
134 S 134 0.1511391 0.0201638 0.0204222 0.0281419 0.0000000 0.0000000 0.0207294 0.0351279 0.0000000 0.0000000 0.0000000 0.0525371 0.0000000 0.0739086 0.0420558 0.4186153 0.1371590 0.0000000 0.0000000 0.0000000
135 A 135 0.5849495 0.0217567 0.0000000 0.0000000 0.0000000 0.0735173 0.0214343 0.0538731 0.0000000 0.0000000 0.0199414 0.0427629 0.0441400 0.0000000 0.0217497 0.0863384 0.0000000 0.0000000 0.0000000 0.0295366
136 A 136 0.5963929 0.0000000 0.0000000 0.0233473 0.0000000 0.0000000 0.0000000 0.0888723 0.0000000 0.0146324 0.0000000 0.0491109 0.0000000 0.0000000 0.1349979 0.0000000 0.0000000 0.0000000 0.0000000 0.0926463
137 P 137 0.0431480 0.0281230 0.0000000 0.0846402 0.0000000 0.0000000 0.0246772 0.0508183 0.0000000 0.0000000 0.0000000 0.0492328 0.0000000 0.0000000 0.6618165 0.0335017 0.0240424 0.0000000 0.0000000 0.0000000
138 P 138 0.0000000 0.0277780 0.0000000 0.0332907 0.0000000 0.0000000 0.0176246 0.0000000 0.0000000 0.0000000 0.0314444 0.0259045 0.0000000 0.0000000 0.7367592 0.0963080 0.0000000 0.0000000 0.0000000 0.0308907
139 Q 139 0.0000000 0.1134479 0.0000000 0.1332950 0.0000000 0.4498113 0.0000000 0.0000000 0.0000000 0.0000000 0.0000000 0.1457049 0.0000000 0.0000000 0.0525386 0.1052023 0.0000000 0.0000000 0.0000000 0.0000000
140 E 140 0.0706843 0.0000000 0.0000000 0.0839922 0.0000000 0.0000000 0.5972032 0.0000000 0.0654958 0.0000000 0.0000000 0.1440612 0.0000000 0.0000000 0.0385634 0.0000000 0.0000000 0.0000000 0.0000000 0.0000000
141 K 141 0.0000000 0.0000000 0.0000000 0.0000000 0.0000000 0.0000000 0.0374754 0.0000000 0.0000000 0.0000000 0.0000000 0.9625246 0.0000000 0.0000000 0.0000000 0.0000000 0.0000000 0.0000000 0.0000000 0.0000000
