   43         A         R         N         D         C         Q         E         G         H         I         L         K         M         F         P         S         T         W         Y         V    
  1 G   1 0.2283794 0.0000000 0.0921912 0.0000000 0.0000000 0.0000000 0.0000000 0.3450857 0.0000000 0.0000000 0.0000000 0.0000000 0.0000000 0.0000000 0.0000000 0.3343437 0.0000000 0.0000000 0.0000000 0.0000000
  2 S   2 0.2030290 0.0063889 0.1020183 0.0094179 0.0044408 0.0837016 0.0705977 0.0126241 0.0050160 0.0053814 0.0365150 0.0043230 0.0963452 0.0000000 0.0372946 0.2405641 0.0724627 0.0000000 0.0049624 0.0049177
  3 M   3 0.0582709 0.0185515 0.0425268 0.3272850 0.0000000 0.0313885 0.0555290 0.0395746 0.0099176 0.0447647 0.1021514 0.0046688 0.0130892 0.0000000 0.0118718 0.1155755 0.0248673 0.0000000 0.0033487 0.0966187
  4 E   4 0.0301843 0.0040912 0.1031776 0.1941285 0.0000000 0.1125663 0.1737617 0.0455720 0.0048018 0.0031238 0.0102346 0.0254486 0.0034391 0.0000000 0.0753703 0.1801076 0.0339925 0.0000000 0.0000000 0.0000000
  5 Q   5 0.0096839 0.0469220 0.0231476 0.1138920 0.0000000 0.1214992 0.2342619 0.0147141 0.0093591 0.0118604 0.2408194 0.0095960 0.0124912 0.0082943 0.0172273 0.0546063 0.0384544 0.0000000 0.0153627 0.0178082
  6 G   6 0.0383812 0.0094489 0.0292720 0.1536587 0.0000000 0.0408948 0.1299747 0.3765980 0.0026490 0.0038214 0.0786313 0.0269749 0.0190901 0.0042672 0.0355925 0.0279631 0.0041827 0.0000000 0.0000000 0.0185994
  7 F   7 0.0316035 0.0216942 0.0044876 0.0544482 0.0168064 0.0039670 0.2186118 0.0120081 0.0046640 0.0000000 0.0072623 0.0119584 0.0039682 0.0102702 0.5703563 0.0128637 0.0075180 0.0000000 0.0023694 0.0051425
  8 L   8 0.0000000 0.0000000 0.0000000 0.0000000 0.0000000 0.0000000 0.0000000 0.0000000 0.0000000 0.0077601 0.9601595 0.0000000 0.0143163 0.0047811 0.0038208 0.0000000 0.0000000 0.0054194 0.0000000 0.0037429
  9 P   9 0.0052195 0.0000000 0.0000000 0.0056107 0.0000000 0.0000000 0.0000000 0.0000000 0.0000000 0.0000000 0.0065287 0.0000000 0.0000000 0.0042800 0.9697240 0.0086372 0.0000000 0.0000000 0.0000000 0.0000000
 10 K  10 0.0830520 0.0335978 0.0108103 0.0643614 0.0017809 0.0238751 0.1004622 0.0025768 0.0173246 0.0062326 0.0372043 0.0242469 0.0035065 0.0156400 0.3900878 0.0701629 0.0227787 0.0072420 0.0727622 0.0122951
 11 G  11 0.0051750 0.0095004 0.0508788 0.0018677 0.0034007 0.0052905 0.0063279 0.8612190 0.0130751 0.0055610 0.0020747 0.0104401 0.0022255 0.0062711 0.0060753 0.0064290 0.0015925 0.0000000 0.0025957 0.0000000
 12 W  12 0.0000000 0.0059551 0.0000000 0.0000000 0.0000000 0.0000000 0.0000000 0.0000000 0.0000000 0.0000000 0.0062504 0.0000000 0.0000000 0.0000000 0.0000000 0.0000000 0.0000000 0.9589483 0.0288462 0.0000000
 13 E  13 0.0104446 0.0135988 0.0035275 0.0310381 0.0000000 0.0282694 0.8269586 0.0037250 0.0000000 0.0038311 0.0000000 0.0045072 0.0026329 0.0000000 0.0000000 0.0553199 0.0130802 0.0000000 0.0000000 0.0030667
 14 V  14 0.0504235 0.0740637 0.0000000 0.0018052 0.0105037 0.0969015 0.2476936 0.0025655 0.0000000 0.0797849 0.0101599 0.1220622 0.1658697 0.0031951 0.0000000 0.0283531 0.0257641 0.0000000 0.0121659 0.0686883
 15 R  15 0.1802128 0.4555676 0.0042717 0.0164968 0.0111201 0.0294325 0.0108702 0.0424447 0.0044983 0.0236393 0.0198048 0.1163734 0.0131259 0.0083980 0.0000000 0.0200834 0.0113555 0.0000000 0.0060731 0.0262318
 16 H  16 0.0200424 0.0680767 0.0034901 0.0104129 0.0026597 0.0447289 0.0421458 0.0019005 0.0255820 0.0803579 0.0597521 0.0513665 0.0219960 0.0699379 0.0033107 0.0296492 0.1223119 0.0178570 0.1806324 0.1437893
 17 A  17 0.0591619 0.0017330 0.0164297 0.4495053 0.0094195 0.0067156 0.0061687 0.0000000 0.0288868 0.0031322 0.0053021 0.0000000 0.0038914 0.0000000 0.0033211 0.0320731 0.3723606 0.0000000 0.0018991 0.0000000
 18 P  18 0.1269726 0.0467786 0.0520664 0.0477980 0.0000000 0.0603744 0.1065687 0.0145283 0.0213662 0.0180661 0.0226040 0.0391863 0.0066750 0.0152285 0.2448501 0.0986397 0.0354659 0.0000000 0.0089366 0.0338946
 19 N  19 0.0128105 0.0366824 0.1457504 0.1797506 0.0013428 0.0926980 0.1052183 0.0032628 0.0475867 0.0071167 0.0285288 0.0363712 0.0068509 0.0134928 0.0000000 0.1098420 0.1385443 0.0030517 0.0189509 0.0121482
 20 G  20 0.0168382 0.0071109 0.0298137 0.0078949 0.0000000 0.0039564 0.0018080 0.8400728 0.0020940 0.0261673 0.0000000 0.0065818 0.0000000 0.0057593 0.0000000 0.0044907 0.0052576 0.0000000 0.0271520 0.0150023
 21 R  21 0.0180654 0.4909704 0.0108122 0.0169255 0.0029022 0.0698282 0.0690699 0.0816789 0.0143319 0.0293184 0.0092244 0.0891524 0.0078788 0.0028263 0.0000000 0.0109594 0.0062860 0.0279435 0.0018527 0.0399736
 22 P  22 0.0194467 0.0911617 0.0029987 0.0126539 0.0018168 0.0157442 0.0066856 0.0000000 0.0023187 0.0996061 0.0288140 0.0646399 0.0178312 0.0110967 0.1372428 0.0397600 0.1363941 0.0041527 0.0131834 0.2944528
 23 F  23 0.0000000 0.0000000 0.0000000 0.0000000 0.0124243 0.0060800 0.0000000 0.0000000 0.0031284 0.0053696 0.0053621 0.0000000 0.0000000 0.2434900 0.0000000 0.0000000 0.0000000 0.0000000 0.7174722 0.0066734
 24 F  24 0.0000000 0.0000000 0.0000000 0.0000000 0.0000000 0.0000000 0.0000000 0.0000000 0.0000000 0.0000000 0.0000000 0.0000000 0.0000000 0.4939225 0.0000000 0.0000000 0.0000000 0.0089257 0.4971519 0.0000000
 25 I  25 0.0199380 0.0060052 0.0016388 0.0000000 0.0032274 0.0026797 0.0070846 0.0045266 0.0052711 0.3844366 0.0547663 0.0091096 0.0146210 0.0122485 0.0000000 0.0019641 0.0102869 0.0000000 0.0049445 0.4572511
 26 D  26 0.0000000 0.0000000 0.3406036 0.6052516 0.0068408 0.0094116 0.0063951 0.0000000 0.0217778 0.0000000 0.0000000 0.0000000 0.0000000 0.0000000 0.0000000 0.0052134 0.0000000 0.0000000 0.0045061 0.0000000
 27 H  27 0.0000000 0.0063384 0.0056770 0.0147515 0.0000000 0.0111170 0.0060353 0.0021244 0.8978264 0.0019317 0.0034766 0.0026830 0.0026841 0.0045266 0.0020121 0.0033610 0.0254651 0.0047321 0.0052576 0.0000000
 28 N  28 0.0343858 0.0121000 0.4568022 0.0214179 0.0036799 0.0534016 0.0290183 0.0033343 0.0125523 0.1234074 0.0418899 0.0330737 0.0108232 0.0120844 0.0071228 0.0214566 0.0311708 0.0013418 0.0087044 0.0822329
 29 T  29 0.0344022 0.0275073 0.1915476 0.0232256 0.0051605 0.0070617 0.0491208 0.0029817 0.0092512 0.0067356 0.0095619 0.0028503 0.0086521 0.0014845 0.0000000 0.1107039 0.5024955 0.0000000 0.0025237 0.0047339
 30 K  30 0.0000000 0.4569528 0.0208772 0.0026133 0.0000000 0.1166545 0.0274442 0.0422013 0.0199221 0.0000000 0.0000000 0.2980706 0.0053416 0.0000000 0.0000000 0.0073916 0.0000000 0.0025309 0.0000000 0.0000000
 31 T  31 0.0387088 0.0923003 0.0053703 0.0031330 0.0069597 0.0218361 0.0185277 0.0080062 0.0051204 0.0328201 0.0078332 0.0802992 0.0071041 0.0032388 0.0000000 0.0923442 0.5499393 0.0000000 0.0000000 0.0264585
 32 T  32 0.0122159 0.0029100 0.0102108 0.0000000 0.0024303 0.0044340 0.0000000 0.0000000 0.0000000 0.0098780 0.0000000 0.0044724 0.0021174 0.0000000 0.0000000 0.0573346 0.8771498 0.0000000 0.0025373 0.0143094
 33 T  33 0.0036994 0.0000000 0.0018356 0.0000000 0.0026308 0.2984447 0.0019842 0.0000000 0.0630894 0.0000000 0.0020920 0.0022907 0.0000000 0.0000000 0.0051940 0.1306842 0.4679492 0.0020821 0.0127407 0.0052830
 34 W  34 0.0025790 0.0083506 0.0000000 0.0000000 0.0103462 0.0000000 0.0000000 0.0000000 0.0000000 0.0188210 0.0225344 0.0000000 0.0042327 0.1248222 0.0000000 0.0000000 0.0044271 0.7233140 0.0772276 0.0033451
 35 E  35 0.0056774 0.0120621 0.0526261 0.0883765 0.0015277 0.0552221 0.3041752 0.0022300 0.0321614 0.1053744 0.0670756 0.0398798 0.0106981 0.0142817 0.0000000 0.0353429 0.1165907 0.0000000 0.0104872 0.0462107
 36 D  36 0.0092451 0.1861300 0.0332574 0.5713139 0.0020700 0.0000000 0.0030794 0.0000000 0.1254823 0.0089521 0.0103101 0.0267485 0.0000000 0.0023257 0.0108173 0.0052285 0.0022374 0.0000000 0.0000000 0.0028024
 37 P  37 0.0000000 0.0000000 0.0000000 0.0000000 0.0000000 0.0000000 0.0000000 0.0000000 0.0000000 0.0000000 0.0000000 0.0000000 0.0000000 0.0000000 0.9877254 0.0122746 0.0000000 0.0000000 0.0000000 0.0000000
 38 R  38 0.0048298 0.7679296 0.0056128 0.0000000 0.0025460 0.0387360 0.0098324 0.0037469 0.0000000 0.0024080 0.0071475 0.0169095 0.0000000 0.0050275 0.0000000 0.0138310 0.0473112 0.0000000 0.0000000 0.0741320
 39 L  39 0.0090829 0.0258529 0.0197241 0.0333066 0.0025329 0.0209323 0.0567900 0.0000000 0.0052200 0.0867919 0.3487852 0.0253818 0.0246910 0.0174019 0.0521873 0.0224848 0.1809139 0.0000000 0.0000000 0.0679205
 40 K  40 0.0343886 0.0672134 0.0133408 0.0030118 0.0027989 0.1762051 0.1008242 0.2199622 0.0069893 0.0000000 0.0457647 0.0480994 0.0000000 0.0000000 0.1884775 0.0739663 0.0102769 0.0000000 0.0048691 0.0038118
 41 I  41 0.1115918 0.0476249 0.0569627 0.0104909 0.0041497 0.1017605 0.0213117 0.0115714 0.0034180 0.0494955 0.1711200 0.0649288 0.0125723 0.0174869 0.1110532 0.0158082 0.0273086 0.0879129 0.0080671 0.0653649
 42 P  42 0.0877852 0.1506899 0.0078166 0.0000000 0.0000000 0.0271194 0.0219966 0.0000000 0.0093436 0.0000000 0.0000000 0.0457530 0.0000000 0.0000000 0.5599433 0.0551643 0.0108172 0.0000000 0.0000000 0.0235709
 43 A  43 0.4849323 0.0000000 0.0000000 0.0000000 0.0000000 0.0000000 0.0000000 0.0000000 0.0000000 0.0000000 0.0000000 0.0000000 0.0000000 0.0000000 0.0000000 0.3390636 0.0000000 0.0000000 0.0000000 0.1760041
