   43         A         R         N         D         C         Q         E         G         H         I         L         K         M         F         P         S         T         W         Y         V         X    
  1 G   1 0.0461259 0.0000000 0.0254435 0.0000000 0.0000000 0.0000000 0.0000000 0.0657749 0.0000000 0.0000000 0.0000000 0.0000000 0.0000000 0.0000000 0.0000000 0.0661069 0.0000000 0.0000000 0.0000000 0.0000000 0.7965488
  2 S   2 0.0708016 0.0023364 0.0378207 0.0034298 0.0016264 0.0307552 0.0263628 0.0045592 0.0018931 0.0019699 0.0128689 0.0015850 0.0344646 0.0000000 0.0209509 0.0886524 0.0268563 0.0000000 0.0018127 0.0017899 0.6294639
  3 M   3 0.0294745 0.0093663 0.0276409 0.1616929 0.0000000 0.0151252 0.0270679 0.0158282 0.0047825 0.0214744 0.0496909 0.0022789 0.0063632 0.0000000 0.0056562 0.0580860 0.0124549 0.0000000 0.0016228 0.0459761 0.5054181
  4 E   4 0.0186838 0.0024584 0.0614964 0.1218887 0.0000000 0.0701531 0.1042035 0.0274437 0.0028603 0.0018461 0.0062285 0.0149872 0.0020356 0.0000000 0.0466235 0.1097460 0.0201934 0.0000000 0.0000000 0.0000000 0.3891519
  5 Q   5 0.0062695 0.0273239 0.0150782 0.0811336 0.0000000 0.0811288 0.1563371 0.0097187 0.0060653 0.0077242 0.1676140 0.0063564 0.0082952 0.0054950 0.0115674 0.0350445 0.0240384 0.0000000 0.0104959 0.0118422 0.3284718
  6 G   6 0.0301278 0.0070453 0.0242354 0.1129813 0.0000000 0.0314233 0.0980064 0.2950462 0.0019632 0.0028283 0.0588507 0.0194629 0.0139482 0.0031976 0.0272246 0.0210108 0.0031342 0.0000000 0.0000000 0.0164198 0.2330940
  7 F   7 0.0256040 0.0181464 0.0034526 0.0445406 0.0127881 0.0034943 0.1805791 0.0100522 0.0037554 0.0000000 0.0057656 0.0097563 0.0031613 0.0079328 0.4752861 0.0105444 0.0060525 0.0000000 0.0019131 0.0042382 0.1729371
  8 L   8 0.0000000 0.0000000 0.0000000 0.0000000 0.0000000 0.0000000 0.0000000 0.0000000 0.0000000 0.0068772 0.9204139 0.0000000 0.0130831 0.0042530 0.0036297 0.0000000 0.0000000 0.0048191 0.0000000 0.0038617 0.0430623
  9 P   9 0.0045446 0.0000000 0.0000000 0.0049149 0.0000000 0.0000000 0.0000000 0.0000000 0.0000000 0.0000000 0.0057424 0.0000000 0.0000000 0.0036636 0.9432936 0.0078043 0.0000000 0.0000000 0.0000000 0.0000000 0.0300366
 10 K  10 0.0805805 0.0314218 0.0103540 0.0612694 0.0017117 0.0236242 0.0946730 0.0028772 0.0169428 0.0058542 0.0351516 0.0225194 0.0032888 0.0160280 0.3834574 0.0723762 0.0214577 0.0069546 0.0711292 0.0115182 0.0268100
 11 G  11 0.0053734 0.0088868 0.0494907 0.0022430 0.0033063 0.0051661 0.0060849 0.8482702 0.0122625 0.0049149 0.0020291 0.0099074 0.0021700 0.0061971 0.0060077 0.0066257 0.0014982 0.0000000 0.0024322 0.0000000 0.0171339
 12 W  12 0.0000000 0.0048097 0.0000000 0.0000000 0.0000000 0.0000000 0.0000000 0.0000000 0.0000000 0.0000000 0.0050720 0.0000000 0.0000000 0.0000000 0.0000000 0.0000000 0.0000000 0.9521186 0.0293744 0.0000000 0.0086252
 13 E  13 0.0100244 0.0132113 0.0032245 0.0296419 0.0000000 0.0275791 0.8261122 0.0034410 0.0000000 0.0037022 0.0000000 0.0042423 0.0024753 0.0000000 0.0000000 0.0548959 0.0128612 0.0000000 0.0000000 0.0029580 0.0056308
 14 V  14 0.0560762 0.0733755 0.0000000 0.0017138 0.0116119 0.0941384 0.2539338 0.0024948 0.0000000 0.0724226 0.0101179 0.1203843 0.1693010 0.0030763 0.0000000 0.0272034 0.0247247 0.0000000 0.0114523 0.0663186 0.0016547
 15 R  15 0.1776414 0.4618340 0.0040427 0.0156871 0.0107833 0.0288466 0.0107496 0.0413971 0.0043714 0.0253136 0.0201267 0.1116725 0.0128804 0.0081476 0.0000000 0.0205625 0.0113975 0.0000000 0.0059113 0.0263611 0.0022734
 16 H  16 0.0197890 0.0697541 0.0034929 0.0102702 0.0026375 0.0468349 0.0433298 0.0020044 0.0246993 0.0873163 0.0602195 0.0541904 0.0225868 0.0678088 0.0032115 0.0276613 0.1215781 0.0175594 0.1723351 0.1427207 0.0000000
 17 A  17 0.0571188 0.0018505 0.0160392 0.4482838 0.0087903 0.0065646 0.0056996 0.0000000 0.0346796 0.0028269 0.0052455 0.0000000 0.0036807 0.0000000 0.0032115 0.0327755 0.3670414 0.0000000 0.0017723 0.0000000 0.0044197
 18 P  18 0.1264240 0.0444592 0.0548016 0.0464838 0.0000000 0.0613120 0.1032621 0.0158149 0.0202337 0.0172445 0.0286315 0.0378259 0.0075491 0.0144824 0.2412512 0.0988735 0.0343652 0.0000000 0.0093310 0.0313922 0.0062623
 19 N  19 0.0124883 0.0377727 0.1431877 0.1818093 0.0013024 0.0955783 0.1032380 0.0031159 0.0483775 0.0069329 0.0309172 0.0349777 0.0067727 0.0131299 0.0000000 0.1122332 0.1331168 0.0028909 0.0179169 0.0118795 0.0023623
 20 G  20 0.0178710 0.0069257 0.0303873 0.0076361 0.0000000 0.0039234 0.0017964 0.8394927 0.0020618 0.0250436 0.0000000 0.0064833 0.0000000 0.0056184 0.0000000 0.0043691 0.0051661 0.0000000 0.0287402 0.0144849 0.0000000
 21 R  21 0.0180557 0.5006522 0.0104373 0.0157515 0.0027665 0.0754290 0.0669665 0.0810165 0.0137523 0.0268331 0.0092468 0.0867269 0.0075956 0.0027635 0.0000000 0.0102819 0.0060533 0.0236692 0.0017804 0.0386999 0.0015219
 22 P  22 0.0206133 0.0904626 0.0030183 0.0126252 0.0018615 0.0152266 0.0064718 0.0000000 0.0024770 0.0976510 0.0287887 0.0604756 0.0169081 0.0114351 0.1322284 0.0386133 0.1504451 0.0046706 0.0126563 0.2933716 0.0000000
 23 F  23 0.0000000 0.0000000 0.0000000 0.0000000 0.0121216 0.0062570 0.0000000 0.0000000 0.0031428 0.0052312 0.0053821 0.0000000 0.0000000 0.2437172 0.0000000 0.0000000 0.0000000 0.0000000 0.7160387 0.0081093 0.0000000
 24 F  24 0.0000000 0.0000000 0.0000000 0.0000000 0.0000000 0.0000000 0.0000000 0.0000000 0.0000000 0.0000000 0.0000000 0.0000000 0.0000000 0.4819868 0.0000000 0.0000000 0.0000000 0.0093456 0.5086676 0.0000000 0.0000000
 25 I  25 0.0192275 0.0062838 0.0016424 0.0000000 0.0041225 0.0026066 0.0080891 0.0044317 0.0048191 0.3787648 0.0581939 0.0088892 0.0145087 0.0118699 0.0000000 0.0019485 0.0106647 0.0000000 0.0074401 0.4564976 0.0000000
 26 D  26 0.0000000 0.0000000 0.3429873 0.6031390 0.0062017 0.0088134 0.0060042 0.0000000 0.0203737 0.0000000 0.0000000 0.0000000 0.0000000 0.0000000 0.0000000 0.0048546 0.0000000 0.0000000 0.0041250 0.0000000 0.0035010
 27 H  27 0.0000000 0.0060841 0.0053916 0.0138903 0.0000000 0.0106856 0.0057482 0.0021016 0.9021026 0.0018848 0.0034125 0.0026713 0.0026127 0.0044317 0.0020182 0.0033182 0.0239857 0.0044950 0.0051661 0.0000000 0.0000000
 28 N  28 0.0347681 0.0127467 0.4502772 0.0204682 0.0035412 0.0513615 0.0285996 0.0034390 0.0122000 0.1271765 0.0402418 0.0324354 0.0108634 0.0117721 0.0066468 0.0205978 0.0315014 0.0012986 0.0085663 0.0836398 0.0078587
 29 T  29 0.0327344 0.0268249 0.1935139 0.0252290 0.0048580 0.0088476 0.0481465 0.0028916 0.0091006 0.0061765 0.0092982 0.0026914 0.0081311 0.0014343 0.0000000 0.1043344 0.5010836 0.0000000 0.0023505 0.0044950 0.0078587
 30 K  30 0.0000000 0.4531585 0.0201652 0.0024373 0.0000000 0.1178344 0.0262843 0.0400455 0.0191273 0.0000000 0.0000000 0.2986735 0.0050711 0.0000000 0.0000000 0.0069954 0.0000000 0.0023488 0.0000000 0.0000000 0.0078587
 31 T  31 0.0370373 0.0934482 0.0054181 0.0029741 0.0066245 0.0222004 0.0195083 0.0078078 0.0047270 0.0301803 0.0075461 0.0776297 0.0105616 0.0031743 0.0000000 0.0916247 0.5467658 0.0000000 0.0000000 0.0249132 0.0078587
 32 T  32 0.0119100 0.0027289 0.0097431 0.0000000 0.0022644 0.0041025 0.0000000 0.0000000 0.0000000 0.0106645 0.0000000 0.0041770 0.0019881 0.0000000 0.0000000 0.0576585 0.8661112 0.0000000 0.0023756 0.0135086 0.0127678
 33 T  33 0.0035642 0.0000000 0.0017346 0.0000000 0.0024906 0.2940530 0.0020234 0.0000000 0.0615291 0.0000000 0.0019429 0.0021820 0.0000000 0.0000000 0.0051329 0.1355304 0.4567909 0.0019585 0.0129113 0.0050361 0.0131201
 34 W  34 0.0023691 0.0079224 0.0000000 0.0000000 0.0097364 0.0000000 0.0000000 0.0000000 0.0000000 0.0183514 0.0212663 0.0000000 0.0040434 0.1194299 0.0000000 0.0000000 0.0041025 0.7219571 0.0738928 0.0031357 0.0137931
 35 E  35 0.0054067 0.0115619 0.0470519 0.0878874 0.0014616 0.0613462 0.2958210 0.0023336 0.0348321 0.1004199 0.0632737 0.0395597 0.0105717 0.0135540 0.0000000 0.0360063 0.1144600 0.0000000 0.0111750 0.0448511 0.0184262
 36 D  36 0.0086419 0.1925661 0.0311649 0.5433469 0.0019671 0.0000000 0.0028661 0.0000000 0.1205155 0.0084601 0.0102356 0.0251182 0.0000000 0.0022380 0.0109036 0.0048333 0.0020818 0.0000000 0.0000000 0.0026038 0.0324570
 37 P  37 0.0000000 0.0000000 0.0000000 0.0000000 0.0000000 0.0000000 0.0000000 0.0000000 0.0000000 0.0000000 0.0000000 0.0000000 0.0000000 0.0000000 0.9472978 0.0081191 0.0000000 0.0000000 0.0000000 0.0000000 0.0445831
 38 R  38 0.0037476 0.5973876 0.0043447 0.0000000 0.0019602 0.0298774 0.0073568 0.0028565 0.0000000 0.0018358 0.0053734 0.0129305 0.0000000 0.0038508 0.0000000 0.0139481 0.0369213 0.0000000 0.0000000 0.0567266 0.2208825
 39 L  39 0.0064041 0.0187376 0.0133716 0.0235199 0.0017477 0.0144847 0.0393881 0.0000000 0.0036329 0.0647954 0.2449215 0.0183113 0.0176268 0.0121949 0.0378111 0.0158922 0.1286226 0.0000000 0.0000000 0.0447603 0.2937773
 40 K  40 0.0219242 0.0437821 0.0085028 0.0018662 0.0017362 0.1148704 0.0639721 0.1384126 0.0043651 0.0000000 0.0285825 0.0298200 0.0000000 0.0000000 0.1177317 0.0458992 0.0064650 0.0000000 0.0030734 0.0024057 0.3665907
 41 I  41 0.0491476 0.0203133 0.0244577 0.0045375 0.0018177 0.0447319 0.0091199 0.0053882 0.0014941 0.0213089 0.0740907 0.0270041 0.0059128 0.0073265 0.0451005 0.0066844 0.0132649 0.0384011 0.0034636 0.0279029 0.5685317
 42 P  42 0.0259535 0.0464324 0.0022804 0.0000000 0.0000000 0.0080064 0.0064111 0.0000000 0.0027261 0.0000000 0.0000000 0.0135520 0.0000000 0.0000000 0.1711426 0.0159621 0.0031934 0.0000000 0.0000000 0.0069485 0.6973915
 43 A  43 0.0873077 0.0000000 0.0000000 0.0000000 0.0000000 0.0000000 0.0000000 0.0000000 0.0000000 0.0000000 0.0000000 0.0000000 0.0000000 0.0000000 0.0000000 0.0613268 0.0000000 0.0000000 0.0000000 0.0315844 0.8197811
