  179         A         R         N         D         C         Q         E         G         H         I         L         K         M         F         P         S         T         W         Y         V    
  1 P   1 0.0000000 0.0000000 0.0000000 0.0000000 0.0000000 0.0000000 0.0000000 0.0000000 0.0000000 0.0000000 0.0000000 0.0000000 0.0000000 0.0000000 1.0000000 0.0000000 0.0000000 0.0000000 0.0000000 0.0000000
  2 L   2 0.0000000 0.0000000 0.0000000 0.0000000 0.0000000 0.0000000 0.0000000 0.0000000 0.0000000 0.1538901 0.7244646 0.0000000 0.0000000 0.0064306 0.0000000 0.0026979 0.0000000 0.0000000 0.0000000 0.1125168
  3 A   3 0.1539857 0.0000000 0.0000000 0.0000000 0.0000000 0.0000000 0.0000000 0.0000000 0.0000000 0.1521206 0.0869544 0.0000000 0.0063351 0.0000000 0.0000000 0.0102723 0.0452727 0.0000000 0.0000000 0.5450591
  4 L   4 0.0000000 0.0000000 0.0000000 0.0000000 0.0000000 0.0000000 0.0000000 0.0000000 0.0000000 0.3065418 0.5344959 0.0000000 0.0204226 0.0463082 0.0000000 0.0000000 0.0000000 0.0000000 0.0000000 0.0922315
  5 D   5 0.0000000 0.0050890 0.1768922 0.7364709 0.0000000 0.0114524 0.0047422 0.0072165 0.0000000 0.0000000 0.0000000 0.0000000 0.0000000 0.0000000 0.0000000 0.0581368 0.0000000 0.0000000 0.0000000 0.0000000
  6 L   6 0.0000000 0.0045911 0.0000000 0.0000000 0.0000000 0.0000000 0.0000000 0.0000000 0.0000000 0.0184489 0.7414267 0.0091675 0.0263792 0.1448767 0.0000000 0.0000000 0.0248137 0.0000000 0.0271921 0.0031041
  7 D   7 0.0268984 0.0000000 0.2291112 0.4622005 0.0000000 0.0033720 0.0223366 0.0908227 0.0000000 0.0056613 0.0026222 0.0239935 0.0000000 0.0065552 0.0033342 0.0644949 0.0537825 0.0000000 0.0048149 0.0000000
  8 G   8 0.0228035 0.0161855 0.0617739 0.0218031 0.0044079 0.0053425 0.0166465 0.7524136 0.0210135 0.0000000 0.0037367 0.0294882 0.0000000 0.0000000 0.0000000 0.0258200 0.0039124 0.0000000 0.0000000 0.0146527
  9 D   9 0.0288733 0.0217105 0.1916904 0.4830171 0.0000000 0.0202144 0.0239388 0.0214294 0.0132189 0.0000000 0.0098255 0.0859054 0.0000000 0.0000000 0.0115922 0.0684453 0.0148099 0.0000000 0.0000000 0.0053290
 10 G  10 0.0690532 0.0097114 0.0132986 0.0045951 0.0000000 0.0000000 0.0000000 0.7712590 0.0035574 0.0000000 0.0064556 0.0086716 0.0029936 0.0000000 0.0593410 0.0443655 0.0066981 0.0000000 0.0000000 0.0000000
 11 I  11 0.0953331 0.0088121 0.0000000 0.0000000 0.0000000 0.0000000 0.0097756 0.0000000 0.0000000 0.3938555 0.1328732 0.0103585 0.0000000 0.0406337 0.0106064 0.0100966 0.0185426 0.0000000 0.0000000 0.2691126
 12 E  12 0.0339335 0.0511278 0.0478636 0.0487897 0.0000000 0.1273805 0.3500962 0.0214569 0.0260869 0.0317617 0.0097969 0.0497226 0.0058309 0.0000000 0.0113511 0.1138390 0.0635135 0.0000000 0.0000000 0.0074492
 13 T  13 0.0306587 0.0000000 0.0114664 0.0000000 0.0037527 0.0000000 0.0044745 0.0000000 0.0053387 0.0674370 0.2958684 0.0030241 0.0421079 0.0634867 0.0140382 0.0290876 0.3649615 0.0000000 0.0473112 0.0169863
 14 V  14 0.0032183 0.0052820 0.0032186 0.0206997 0.0000000 0.0023754 0.0027575 0.0000000 0.0187598 0.1118971 0.0897544 0.0128645 0.0060669 0.0086489 0.0036105 0.1456363 0.3796101 0.0000000 0.0043493 0.1812506
 15 A  15 0.1768332 0.0211701 0.0390141 0.0630917 0.0000000 0.0203083 0.0864339 0.1861279 0.0118096 0.0072226 0.0038638 0.0146114 0.0000000 0.0066659 0.0697767 0.1930217 0.0876766 0.0000000 0.0000000 0.0123726
 16 T  16 0.1175913 0.0453595 0.0097957 0.0455611 0.0000000 0.0322007 0.0199909 0.0034005 0.0048676 0.0757307 0.2519850 0.0263851 0.0099384 0.0212300 0.0477682 0.0604395 0.0892463 0.0150520 0.0145294 0.1089282
 17 K  17 0.0387690 0.0914992 0.1551260 0.1833355 0.0000000 0.0270154 0.1358481 0.0254735 0.0000000 0.0355067 0.0954560 0.0585543 0.0162585 0.0076544 0.0074351 0.0850616 0.0057354 0.0041711 0.0063206 0.0207797
 18 G  18 0.1072208 0.0369947 0.0615882 0.1622492 0.0000000 0.0000000 0.0236434 0.1578899 0.0102117 0.0166271 0.0343049 0.0862254 0.0000000 0.0112706 0.0155775 0.1822074 0.0729408 0.0000000 0.0069747 0.0140738
 19 F  19 0.0878017 0.0305821 0.0665455 0.2062378 0.0000000 0.0844891 0.0322158 0.0729116 0.0284235 0.0205697 0.0102645 0.0235432 0.0000000 0.0353891 0.0154309 0.1728051 0.0705325 0.0076184 0.0063710 0.0282684
 20 S  20 0.1744429 0.0129615 0.0739034 0.0589879 0.0000000 0.0462317 0.0575575 0.0242107 0.0167514 0.0000000 0.0050630 0.0772745 0.0179106 0.0000000 0.0153198 0.3285400 0.0535293 0.0000000 0.0270548 0.0102609
 21 G  21 0.0335328 0.0300064 0.0782018 0.0000000 0.0048598 0.0180033 0.0147528 0.3377932 0.0104846 0.0103551 0.0100421 0.0915087 0.0000000 0.0211615 0.0679044 0.0420734 0.1700969 0.0000000 0.0204937 0.0387296
 22 S  22 0.1609734 0.0000000 0.0000000 0.0108318 0.0000000 0.0037502 0.0058795 0.0000000 0.0000000 0.1719868 0.0128120 0.0000000 0.0212741 0.1672365 0.0101841 0.0202799 0.0623048 0.0042879 0.0175625 0.3306365
 23 L  23 0.0761492 0.0577229 0.0494640 0.0235243 0.0000000 0.0409923 0.0708330 0.0136970 0.0468410 0.0071128 0.1802284 0.0137697 0.0291035 0.0590705 0.0042909 0.1012819 0.0400779 0.0000000 0.1409701 0.0448706
 24 F  24 0.0055422 0.0000000 0.0000000 0.0000000 0.0000000 0.0000000 0.0035904 0.0000000 0.0104958 0.0091415 0.0340340 0.0000000 0.0090939 0.8743101 0.0000000 0.0113690 0.0000000 0.0067115 0.0116444 0.0240673
 25 D  25 0.0094702 0.0000000 0.0083870 0.9434977 0.0000000 0.0000000 0.0000000 0.0000000 0.0053169 0.0000000 0.0000000 0.0000000 0.0000000 0.0000000 0.0086615 0.0000000 0.0210492 0.0000000 0.0000000 0.0036174
 26 H  26 0.0376195 0.0000000 0.0150535 0.0246666 0.0000000 0.0074762 0.0057885 0.0026850 0.1561265 0.1742751 0.3360714 0.0000000 0.0687702 0.0455693 0.0000000 0.0233508 0.0170294 0.0254389 0.0340643 0.0260147
 27 N  27 0.0216441 0.0158644 0.1765217 0.5393609 0.0000000 0.0324064 0.0308693 0.0144026 0.0060677 0.0140535 0.0054847 0.0000000 0.0028681 0.0072360 0.0000000 0.0362238 0.0936334 0.0000000 0.0033634 0.0000000
 28 R  28 0.1552329 0.0047770 0.1772899 0.0388524 0.0049644 0.0258214 0.0067543 0.3888988 0.0131951 0.0125953 0.0384428 0.0193566 0.0000000 0.0083044 0.0085013 0.0840574 0.0035505 0.0000000 0.0024974 0.0069080
 29 D  29 0.0193906 0.0054562 0.1433972 0.6202373 0.0000000 0.0147456 0.0123408 0.0000000 0.0048941 0.0040088 0.0154664 0.0115852 0.0000000 0.0036056 0.0000000 0.0864921 0.0546132 0.0000000 0.0000000 0.0037669
 30 G  30 0.0000000 0.0086940 0.0076731 0.0085079 0.0000000 0.0000000 0.0049351 0.8920416 0.0000000 0.0000000 0.0188421 0.0130480 0.0000000 0.0029086 0.0133954 0.0230752 0.0068789 0.0000000 0.0000000 0.0000000
 31 I  31 0.0139580 0.0210908 0.0407018 0.0245257 0.0000000 0.0680413 0.0643153 0.0054455 0.0076120 0.1510756 0.0452440 0.0698239 0.0045516 0.1637366 0.0000000 0.0680114 0.1092809 0.0045299 0.0524795 0.0855761
 32 R  32 0.1549692 0.0783592 0.0082548 0.0168133 0.0169483 0.0368958 0.0464236 0.0121089 0.0000000 0.0156320 0.1642853 0.2254531 0.0084910 0.0055240 0.0437287 0.0686510 0.0678933 0.0000000 0.0000000 0.0295684
 33 T  33 0.0282062 0.0174704 0.0718434 0.1435166 0.0000000 0.0241020 0.3543789 0.0026073 0.0571650 0.0190395 0.0184609 0.0394793 0.0260517 0.0000000 0.0047890 0.0088569 0.1165838 0.0000000 0.0000000 0.0674491
 34 A  34 0.1258038 0.1493274 0.0462895 0.0087438 0.0063770 0.1758959 0.0616313 0.0851552 0.0491819 0.0030007 0.0276945 0.0884785 0.0229545 0.0000000 0.0177144 0.0767211 0.0504006 0.0000000 0.0000000 0.0046297
 35 T  35 0.0123690 0.0000000 0.0132282 0.0000000 0.0000000 0.0000000 0.0102374 0.0048363 0.0000000 0.1546997 0.0772401 0.0000000 0.0091682 0.0219537 0.0045640 0.0966845 0.4773073 0.0083149 0.0000000 0.1093965
 36 G  36 0.2546660 0.0029369 0.0138950 0.0374310 0.0000000 0.0225407 0.0204227 0.3894775 0.0144178 0.0000000 0.0000000 0.0062319 0.0000000 0.0000000 0.0639710 0.1740094 0.0000000 0.0000000 0.0000000 0.0000000
 37 W  37 0.0097844 0.0026690 0.0136244 0.0000000 0.0062824 0.0298202 0.0113317 0.0260847 0.0000000 0.0022297 0.0321221 0.0122036 0.0073006 0.0879918 0.0000000 0.0112683 0.0247021 0.7063744 0.0162105 0.0000000
 38 V  38 0.1392058 0.0000000 0.0000000 0.0101809 0.0000000 0.0000000 0.0000000 0.0139691 0.0000000 0.1631474 0.2216646 0.0000000 0.0024644 0.0102489 0.0368728 0.0062606 0.0369563 0.0000000 0.0140988 0.3449305
 39 S  39 0.1355533 0.0117566 0.0713433 0.0501629 0.0000000 0.0163741 0.0242886 0.3094730 0.0068896 0.0000000 0.0116153 0.0790462 0.0047424 0.0000000 0.0000000 0.1774703 0.1012843 0.0000000 0.0000000 0.0000000
 40 A  40 0.2218589 0.0216476 0.0534486 0.0172907 0.0000000 0.0238413 0.0339406 0.1427543 0.0076011 0.0000000 0.0088432 0.0821159 0.0000000 0.0000000 0.2136082 0.1423576 0.0174880 0.0059630 0.0000000 0.0072410
 41 D  41 0.0307576 0.0192741 0.0900206 0.3043095 0.0000000 0.0336875 0.0634533 0.3499997 0.0057952 0.0141436 0.0061655 0.0036756 0.0000000 0.0000000 0.0082953 0.0368749 0.0268844 0.0000000 0.0066632 0.0000000
 42 D  42 0.0216206 0.0157685 0.0592893 0.5560572 0.0034539 0.0208790 0.0499533 0.0226180 0.0000000 0.0056296 0.0000000 0.0039312 0.0000000 0.0000000 0.0000000 0.1633192 0.0749070 0.0000000 0.0025733 0.0000000
 43 G  43 0.1553977 0.0000000 0.0078242 0.0063632 0.0000000 0.0000000 0.0000000 0.7566749 0.0000000 0.0087603 0.0000000 0.0000000 0.0000000 0.0000000 0.0208543 0.0142846 0.0000000 0.0197521 0.0100887 0.0000000
 44 L  44 0.0074720 0.0000000 0.0000000 0.0000000 0.0000000 0.0073268 0.0000000 0.0000000 0.0000000 0.1228523 0.2486575 0.0000000 0.0451725 0.3737955 0.0047893 0.0000000 0.0000000 0.0495538 0.0607829 0.0795974
 45 L  45 0.0000000 0.0000000 0.0000000 0.0087306 0.0000000 0.0000000 0.0000000 0.0000000 0.0000000 0.0337522 0.8783333 0.0000000 0.0033910 0.0000000 0.0223621 0.0077977 0.0000000 0.0000000 0.0140085 0.0316246
 46 V  46 0.3647741 0.0000000 0.0102243 0.0000000 0.0030465 0.0088243 0.0000000 0.0109960 0.0000000 0.0258830 0.0000000 0.0000000 0.0000000 0.0462303 0.0000000 0.0094800 0.0291325 0.0000000 0.0000000 0.4914089
 47 R  47 0.0096100 0.0819982 0.0136332 0.0180393 0.0000000 0.0052957 0.0136430 0.0000000 0.0367860 0.1553367 0.3778151 0.0050977 0.0376497 0.0786749 0.0000000 0.0000000 0.0041073 0.0416008 0.0808597 0.0398527
 48 D  48 0.0041723 0.0000000 0.0103187 0.9595744 0.0000000 0.0000000 0.0000000 0.0000000 0.0000000 0.0066796 0.0064349 0.0070109 0.0000000 0.0000000 0.0000000 0.0000000 0.0000000 0.0000000 0.0000000 0.0058093
 49 L  49 0.0852304 0.3308417 0.0026816 0.0031480 0.0000000 0.0105392 0.0242258 0.0033341 0.0080068 0.0473498 0.1825219 0.1696611 0.0221654 0.0000000 0.0451605 0.0083317 0.0222599 0.0075880 0.0094299 0.0175242
 50 N  50 0.0214312 0.0000000 0.6934358 0.1875449 0.0000000 0.0036152 0.0075576 0.0371288 0.0000000 0.0000000 0.0115604 0.0000000 0.0000000 0.0000000 0.0062222 0.0085387 0.0229652 0.0000000 0.0000000 0.0000000
 51 G  51 0.0647846 0.0049400 0.1532048 0.0263079 0.0000000 0.0484100 0.0420609 0.5298236 0.0256848 0.0031260 0.0057836 0.0517563 0.0000000 0.0000000 0.0000000 0.0389034 0.0000000 0.0000000 0.0052141 0.0000000
 52 N  52 0.0000000 0.0043793 0.4424600 0.3816571 0.0000000 0.0000000 0.0000000 0.0206782 0.0000000 0.0000000 0.0000000 0.0063350 0.0000000 0.0000000 0.0000000 0.1217884 0.0227019 0.0000000 0.0000000 0.0000000
 53 G  53 0.0191102 0.0099691 0.0439280 0.0126937 0.0000000 0.0114002 0.0000000 0.8574945 0.0000000 0.0057192 0.0163467 0.0000000 0.0000000 0.0000000 0.0000000 0.0167624 0.0065759 0.0000000 0.0000000 0.0000000
 54 I  54 0.0901601 0.0823123 0.0206708 0.0135455 0.0000000 0.0709994 0.0139399 0.0000000 0.0091310 0.1054731 0.0770023 0.1991330 0.0185028 0.0088496 0.0064417 0.0570236 0.1298687 0.0000000 0.0000000 0.0969462
 55 I  55 0.0178530 0.0000000 0.0000000 0.0000000 0.0000000 0.0000000 0.0000000 0.0000000 0.0000000 0.7913944 0.0166616 0.0000000 0.0000000 0.0053817 0.0000000 0.0000000 0.0136777 0.0000000 0.0000000 0.1550317
 56 D  56 0.0134825 0.0000000 0.2372407 0.4777546 0.0000000 0.0000000 0.0363161 0.0263078 0.0000000 0.0133511 0.0000000 0.0098086 0.0000000 0.0000000 0.0000000 0.0444884 0.1157600 0.0000000 0.0000000 0.0254902
 57 N  57 0.0399561 0.0150979 0.2985765 0.2870970 0.0000000 0.0526949 0.0441777 0.0572991 0.0101080 0.0000000 0.0000000 0.0098438 0.0000000 0.0098803 0.0000000 0.1433546 0.0319141 0.0000000 0.0000000 0.0000000
 58 G  58 0.0695156 0.0163299 0.0209288 0.0120588 0.0000000 0.0102706 0.0281901 0.6021575 0.0000000 0.0870002 0.0238821 0.0146594 0.0085681 0.0131847 0.0235581 0.0405244 0.0190306 0.0000000 0.0000000 0.0101412
 59 A  59 0.0865151 0.1259562 0.0647659 0.0556484 0.0000000 0.0215043 0.0255114 0.1018252 0.0155313 0.0000000 0.0310462 0.0865682 0.0035445 0.0000000 0.0000000 0.2714154 0.1101680 0.0000000 0.0000000 0.0000000
 60 E  60 0.0144471 0.0069135 0.0090485 0.0196797 0.0000000 0.0502442 0.8494156 0.0000000 0.0000000 0.0000000 0.0111572 0.0000000 0.0000000 0.0000000 0.0078544 0.0235496 0.0000000 0.0000000 0.0000000 0.0076902
 61 L  61 0.0099625 0.0000000 0.0000000 0.0000000 0.0000000 0.0000000 0.0000000 0.0000000 0.0000000 0.1137128 0.6542074 0.0000000 0.0539254 0.0545672 0.0000000 0.0000000 0.0129778 0.0000000 0.0299034 0.0707435
 62 F  62 0.0435758 0.0000000 0.0103619 0.0244427 0.0000000 0.0000000 0.0000000 0.0000000 0.0000000 0.0384914 0.0329074 0.0000000 0.0047124 0.7089288 0.0059292 0.0037422 0.0036805 0.0000000 0.0228013 0.1004263
 63 G  63 0.0060562 0.0000000 0.0197520 0.0056596 0.0000000 0.0000000 0.0102856 0.7323234 0.0000000 0.0000000 0.0078932 0.0000000 0.0000000 0.1001926 0.0000000 0.0987132 0.0191242 0.0000000 0.0000000 0.0000000
 64 D  64 0.0718682 0.0000000 0.2093528 0.1940101 0.0000000 0.0000000 0.0915654 0.0052746 0.0000000 0.0000000 0.0122307 0.0249683 0.0050942 0.0075023 0.1385070 0.0680700 0.1435847 0.0000000 0.0000000 0.0279718
 65 N  65 0.0773012 0.0380999 0.1280794 0.1101215 0.0000000 0.1208346 0.0898961 0.0420937 0.0558358 0.0000000 0.0206648 0.0546836 0.0064997 0.0161279 0.0041733 0.0786808 0.0608962 0.0106824 0.0741049 0.0112239
 66 T  66 0.0263810 0.0184532 0.0111452 0.0000000 0.0000000 0.0000000 0.0061293 0.0000000 0.0108285 0.0050489 0.0359155 0.0000000 0.0311648 0.0547274 0.0364390 0.0895129 0.4652382 0.1118541 0.0719066 0.0252551
 67 K  67 0.0722384 0.0237426 0.0123302 0.0409506 0.0000000 0.0549226 0.0213874 0.0814391 0.0000000 0.0867746 0.1394309 0.0879675 0.0285739 0.0373901 0.0164059 0.0343408 0.0856823 0.0000000 0.0035225 0.1729005
 68 L  68 0.0311149 0.0088547 0.0517944 0.0379560 0.0000000 0.0000000 0.0077186 0.1167415 0.0000000 0.0361360 0.4067143 0.0790518 0.0299991 0.0000000 0.0425220 0.0667231 0.0478579 0.0000000 0.0000000 0.0368157
 69 A  69 0.2249214 0.0437915 0.0531344 0.0505349 0.0000000 0.0442276 0.0672528 0.0517797 0.0000000 0.0063305 0.0368291 0.0728796 0.0000000 0.0146103 0.0349460 0.2240087 0.0308468 0.0164074 0.0000000 0.0274995
 70 D  70 0.0635021 0.0092494 0.2834547 0.2666593 0.0000000 0.0315009 0.0312236 0.0980594 0.0000000 0.0000000 0.0000000 0.0000000 0.0000000 0.0306754 0.0230919 0.1209802 0.0071171 0.0000000 0.0304716 0.0040144
 71 G  71 0.0944455 0.0063951 0.0146004 0.0319760 0.0000000 0.0125415 0.0482877 0.6092297 0.0000000 0.0000000 0.0246580 0.0087167 0.0000000 0.0000000 0.1058763 0.0222960 0.0000000 0.0000000 0.0000000 0.0209773
 72 S  72 0.0808718 0.0211667 0.0604710 0.0479964 0.0000000 0.1074977 0.0621702 0.0633776 0.0221549 0.0051372 0.0200863 0.0952115 0.0082019 0.0147543 0.0179191 0.1292699 0.2083256 0.0000000 0.0023198 0.0330680
 73 F  73 0.1278250 0.1413794 0.0498966 0.0035125 0.0000000 0.0260471 0.0039685 0.1023040 0.0299747 0.0141629 0.1178962 0.1675954 0.0037198 0.0444692 0.0138776 0.0100372 0.0982987 0.0000000 0.0061760 0.0388592
 74 A  74 0.4094504 0.0061507 0.0157538 0.0364946 0.0000000 0.0093181 0.0335351 0.0015560 0.0041685 0.0000000 0.0220691 0.0224683 0.0000000 0.0519874 0.0070169 0.2361306 0.0436409 0.0117074 0.0708017 0.0177506
 75 K  75 0.1442255 0.0283698 0.0294454 0.0485060 0.0000000 0.0389859 0.0425513 0.2777298 0.0045765 0.0057903 0.0124719 0.0935540 0.0000000 0.0000000 0.0320948 0.1147937 0.1119674 0.0000000 0.0000000 0.0149377
 76 H  76 0.0040275 0.0058659 0.2710717 0.3948229 0.0000000 0.0130642 0.0061753 0.0177011 0.0793940 0.0069803 0.0089564 0.0281184 0.0000000 0.0046095 0.0064862 0.0900385 0.0393235 0.0054057 0.0124176 0.0055414
 77 G  77 0.0366104 0.0031370 0.0209924 0.0531058 0.0000000 0.0000000 0.0000000 0.7101402 0.0000000 0.0064391 0.0684218 0.0017766 0.0505974 0.0082612 0.0000000 0.0246023 0.0159158 0.0000000 0.0000000 0.0000000
 78 Y  78 0.0065054 0.0058714 0.0000000 0.0084150 0.0000000 0.0308904 0.0959011 0.0000000 0.0000000 0.0047633 0.0926121 0.0000000 0.0157038 0.5996566 0.0000000 0.0000000 0.0149527 0.0039915 0.0969857 0.0237509
 79 A  79 0.3532715 0.0000000 0.0198940 0.0816331 0.0000000 0.0688803 0.1983616 0.0956938 0.0097579 0.0051581 0.0351161 0.0288270 0.0144605 0.0000000 0.0100684 0.0478049 0.0174967 0.0000000 0.0000000 0.0135759
 80 A  80 0.4521187 0.0000000 0.0101110 0.0814247 0.0016311 0.0000000 0.1625608 0.0316526 0.0000000 0.0030127 0.1126750 0.0395491 0.0000000 0.0000000 0.0000000 0.0264884 0.0193825 0.0000000 0.0064935 0.0529000
 81 L  81 0.0459587 0.0645001 0.0052717 0.0136231 0.0000000 0.0045149 0.0071810 0.0000000 0.0000000 0.0140514 0.7837264 0.0096901 0.0248646 0.0088115 0.0000000 0.0037410 0.0000000 0.0000000 0.0000000 0.0140656
 82 A  82 0.4430892 0.1042798 0.0442695 0.0094039 0.0000000 0.0411219 0.0438144 0.0291297 0.0000000 0.0088195 0.0260470 0.0739437 0.0079678 0.0120049 0.0000000 0.1385658 0.0136155 0.0000000 0.0000000 0.0039271
 83 E  83 0.1803829 0.0524479 0.0033971 0.1355577 0.0000000 0.0646167 0.1792122 0.0108328 0.0041025 0.0171424 0.0187909 0.0501492 0.0073913 0.0000000 0.0064148 0.0781561 0.0612785 0.0166532 0.0269012 0.0865723
 84 L  84 0.0027768 0.0098348 0.0000000 0.0062150 0.0000000 0.0183350 0.0450602 0.0039357 0.0186006 0.0039350 0.3076553 0.0000000 0.0151796 0.3049812 0.0000000 0.0000000 0.0000000 0.0000000 0.2438322 0.0196586
 85 D  85 0.0328819 0.0000000 0.0137273 0.9386761 0.0000000 0.0000000 0.0000000 0.0000000 0.0000000 0.0000000 0.0000000 0.0000000 0.0000000 0.0000000 0.0000000 0.0000000 0.0080047 0.0000000 0.0000000 0.0067100
 86 S  86 0.0836463 0.0034961 0.0190365 0.0779367 0.0066754 0.0360370 0.0807413 0.0664998 0.0000000 0.0130143 0.0459777 0.0066249 0.0000000 0.0057889 0.0000000 0.3726252 0.1590855 0.0000000 0.0044506 0.0183637
 87 N  87 0.0121865 0.0000000 0.6320189 0.2815392 0.0000000 0.0056962 0.0162276 0.0000000 0.0021879 0.0000000 0.0079992 0.0089308 0.0000000 0.0000000 0.0000000 0.0097157 0.0234981 0.0000000 0.0000000 0.0000000
 88 G  88 0.0718105 0.0527166 0.0969704 0.0298772 0.0000000 0.0524098 0.0208445 0.4168789 0.0750173 0.0000000 0.0000000 0.1361372 0.0000000 0.0026104 0.0000000 0.0290375 0.0081305 0.0000000 0.0075591 0.0000000
 89 D  89 0.0066725 0.0000000 0.3139325 0.6461826 0.0169410 0.0000000 0.0000000 0.0086984 0.0075729 0.0000000 0.0000000 0.0000000 0.0000000 0.0000000 0.0000000 0.0000000 0.0000000 0.0000000 0.0000000 0.0000000
 90 N  90 0.0028674 0.0185567 0.1186870 0.0023749 0.0000000 0.0258366 0.0000000 0.7831036 0.0047373 0.0000000 0.0068493 0.0102566 0.0042870 0.0058350 0.0000000 0.0123896 0.0000000 0.0000000 0.0042190 0.0000000
 91 I  91 0.0353947 0.0676604 0.0031797 0.0075450 0.0000000 0.0335687 0.0081843 0.0000000 0.0063770 0.1139815 0.0682913 0.1299493 0.0149308 0.0496577 0.0000000 0.0184909 0.0073222 0.1683649 0.0155862 0.2515155
 92 I  92 0.0000000 0.0000000 0.0000000 0.0000000 0.0000000 0.0000000 0.0088954 0.0000000 0.0000000 0.5566204 0.2365863 0.0000000 0.0000000 0.1061492 0.0000000 0.0000000 0.0000000 0.0000000 0.0000000 0.0917487
 93 N  93 0.0000000 0.0000000 0.1188991 0.6977106 0.0000000 0.0000000 0.0041987 0.0000000 0.0000000 0.0000000 0.0000000 0.0000000 0.0000000 0.0000000 0.0000000 0.0985757 0.0806160 0.0000000 0.0000000 0.0000000
 94 A  94 0.3516575 0.0293349 0.0292613 0.0177813 0.0000000 0.0454401 0.1999698 0.0447703 0.0184689 0.0082426 0.0000000 0.0382984 0.0000000 0.0000000 0.0393807 0.1173145 0.0451465 0.0000000 0.0000000 0.0149332
 95 A  95 0.1823338 0.0608661 0.2063002 0.0489578 0.0000000 0.0818846 0.0391964 0.1105500 0.0193518 0.0000000 0.0385472 0.0946483 0.0000000 0.0000000 0.0000000 0.1000112 0.0107474 0.0000000 0.0045076 0.0020976
 96 D  96 0.0000000 0.0000000 0.0080719 0.9710100 0.0000000 0.0069062 0.0000000 0.0070672 0.0000000 0.0000000 0.0000000 0.0000000 0.0000000 0.0000000 0.0000000 0.0000000 0.0000000 0.0000000 0.0000000 0.0069448
 97 A  97 0.3296818 0.0145402 0.0094551 0.0685390 0.0000000 0.0107236 0.1282356 0.0169772 0.0000000 0.0000000 0.0105922 0.0407390 0.0039439 0.0000000 0.1513756 0.1367659 0.0648033 0.0000000 0.0000000 0.0136275
 98 A  98 0.1546805 0.0904873 0.0390290 0.0523054 0.0000000 0.0497597 0.0676068 0.0360083 0.0086305 0.1994851 0.0543278 0.0161869 0.0060318 0.0043729 0.0000000 0.0325471 0.0144288 0.0000000 0.0067983 0.1673137
 99 F  99 0.0000000 0.0000000 0.0000000 0.0000000 0.0000000 0.0000000 0.0000000 0.0000000 0.0000000 0.0131956 0.0330302 0.0000000 0.0133404 0.5729475 0.0000000 0.0000000 0.0000000 0.2421474 0.1253388 0.0000000
100 Q 100 0.1852076 0.0000000 0.1201433 0.1355373 0.0000000 0.0549943 0.0537345 0.0863909 0.0109320 0.0000000 0.0126387 0.0470013 0.0027160 0.0125202 0.0000000 0.2412944 0.0263725 0.0000000 0.0052835 0.0052335
101 S 101 0.0350665 0.0420570 0.0860274 0.0952534 0.0000000 0.1771468 0.1516223 0.0309440 0.0183735 0.0000000 0.0000000 0.2127080 0.0000000 0.0000000 0.0000000 0.1074294 0.0297827 0.0000000 0.0104732 0.0031157
102 L 102 0.0000000 0.0000000 0.0000000 0.0100233 0.0000000 0.0000000 0.0000000 0.0000000 0.0000000 0.0335307 0.7326018 0.0000000 0.0130885 0.1547073 0.0000000 0.0000000 0.0000000 0.0000000 0.0000000 0.0560483
103 R 103 0.0475721 0.3557262 0.0103692 0.0026184 0.0000000 0.0972756 0.0081829 0.0786988 0.0059585 0.0026980 0.0768035 0.2613137 0.0047911 0.0045087 0.0000000 0.0126021 0.0059025 0.0050567 0.0085216 0.0114003
104 V 104 0.0134217 0.0000000 0.0000000 0.0000000 0.0000000 0.0000000 0.0000000 0.0000000 0.0000000 0.2956704 0.1568712 0.0000000 0.0081969 0.0122924 0.0000000 0.0000000 0.0062078 0.0000000 0.0000000 0.5073395
105 W 105 0.0000000 0.0000000 0.0000000 0.0000000 0.0000000 0.0000000 0.0000000 0.0000000 0.0102985 0.0000000 0.0360384 0.0000000 0.0356556 0.0131017 0.0000000 0.0000000 0.0000000 0.8901532 0.0094370 0.0053155
106 Q 106 0.0126763 0.1642861 0.0138150 0.0000000 0.0000000 0.2871003 0.0132087 0.0129225 0.0266128 0.0806719 0.0404328 0.0313416 0.0132969 0.0130703 0.0000000 0.0199207 0.1016873 0.0000000 0.0028616 0.1660953
107 D 107 0.0000000 0.0037999 0.0022904 0.8771522 0.0000000 0.0174871 0.0095575 0.0046228 0.0000000 0.0150255 0.0000000 0.0182001 0.0000000 0.0049161 0.0417585 0.0051898 0.0000000 0.0000000 0.0000000 0.0000000
108 L 108 0.2062517 0.0425367 0.0031908 0.0185778 0.0000000 0.0085828 0.0169298 0.0121540 0.0263887 0.0380859 0.2050097 0.1378725 0.0091380 0.0064956 0.0203507 0.0470947 0.1383657 0.0000000 0.0064694 0.0565056
109 N 109 0.0224125 0.0030126 0.6460210 0.1595068 0.0000000 0.0181331 0.0319727 0.0160927 0.0103146 0.0000000 0.0000000 0.0207959 0.0000000 0.0000000 0.0000000 0.0336765 0.0356779 0.0000000 0.0023838 0.0000000
110 Q 110 0.0820564 0.0228344 0.0176927 0.0078189 0.0000000 0.2659567 0.0876477 0.2166444 0.0804060 0.0059232 0.0083036 0.0093762 0.0000000 0.0000000 0.0273399 0.1523574 0.0056487 0.0000000 0.0070257 0.0029681
111 D 111 0.0033007 0.0053666 0.3506579 0.5452380 0.0000000 0.0000000 0.0000000 0.0114526 0.0096997 0.0061934 0.0000000 0.0253477 0.0000000 0.0000000 0.0109046 0.0082324 0.0204678 0.0000000 0.0000000 0.0031386
112 G 112 0.0927715 0.0251794 0.0282110 0.0079824 0.0000000 0.0073952 0.0000000 0.8131919 0.0095829 0.0000000 0.0000000 0.0156857 0.0000000 0.0000000 0.0000000 0.0000000 0.0000000 0.0000000 0.0000000 0.0000000
113 I 113 0.0355906 0.0452442 0.0176516 0.0342538 0.0000000 0.0697835 0.0397465 0.0000000 0.0049296 0.2689467 0.0631319 0.1073669 0.0048686 0.0059406 0.0000000 0.0677726 0.0445131 0.0000000 0.0000000 0.1902599
114 S 114 0.0505592 0.0000000 0.0000000 0.0231128 0.0032168 0.0411365 0.0154598 0.0135117 0.0000000 0.0145260 0.0148102 0.0159865 0.0000000 0.0285651 0.0289441 0.4312438 0.1997038 0.0000000 0.0000000 0.1192237
115 Q 115 0.0260509 0.0058396 0.0293032 0.3220348 0.0000000 0.2823195 0.1121996 0.0673197 0.0000000 0.0040019 0.0215208 0.0000000 0.0000000 0.0000000 0.0000000 0.0650411 0.0563569 0.0000000 0.0000000 0.0080120
116 A 116 0.2730733 0.0086149 0.0396028 0.0362614 0.0000000 0.0413471 0.1662712 0.0150580 0.0000000 0.0035415 0.0169668 0.0621435 0.0137097 0.0187605 0.0978473 0.1169211 0.0622302 0.0000000 0.0051042 0.0225462
117 N 117 0.0252238 0.0000000 0.1079217 0.1698237 0.0000000 0.0111238 0.0965406 0.4787544 0.0000000 0.0000000 0.0076169 0.0167140 0.0065531 0.0000000 0.0072412 0.0520591 0.0146590 0.0000000 0.0000000 0.0057686
118 E 118 0.0155194 0.0212462 0.0000000 0.0000000 0.0000000 0.0535853 0.7817663 0.0088008 0.0135911 0.0000000 0.0019837 0.0415768 0.0030258 0.0000000 0.0000000 0.0283955 0.0164104 0.0000000 0.0000000 0.0140987
119 L 119 0.0037762 0.0000000 0.0000000 0.0088046 0.0000000 0.0000000 0.0000000 0.0000000 0.0053924 0.0377053 0.7675936 0.0000000 0.0271103 0.0797076 0.0104474 0.0000000 0.0039895 0.0000000 0.0033556 0.0521175
120 R 120 0.0187994 0.1205178 0.0084506 0.0000000 0.0000000 0.0621357 0.0283811 0.0085321 0.0602869 0.0752864 0.0734155 0.1680638 0.0203758 0.1330655 0.0000000 0.0425350 0.0641155 0.0000000 0.0544800 0.0615589
121 T 121 0.0624008 0.0094274 0.0048573 0.0098942 0.0000000 0.0065018 0.0000000 0.0675540 0.0000000 0.0000000 0.0132850 0.0302943 0.0032497 0.0000000 0.0350863 0.3305521 0.4159487 0.0000000 0.0109484 0.0000000
122 L 122 0.0151293 0.0000000 0.0000000 0.0000000 0.0000000 0.0000000 0.0000000 0.0000000 0.0000000 0.0225186 0.8928862 0.0000000 0.0389910 0.0131380 0.0000000 0.0000000 0.0000000 0.0000000 0.0059170 0.0114199
123 E 123 0.2156822 0.0067428 0.0417430 0.1214628 0.0000000 0.0447921 0.0708025 0.0807782 0.0140309 0.0074601 0.0266152 0.0916344 0.0134358 0.0000000 0.0000000 0.1905362 0.0444266 0.0000000 0.0056214 0.0242359
124 E 124 0.0542022 0.0060866 0.0255938 0.2418362 0.0000000 0.1497318 0.3378737 0.0066763 0.0177861 0.0020933 0.0037849 0.0204205 0.0000000 0.0000000 0.0094739 0.0982169 0.0152000 0.0000000 0.0025639 0.0084600
125 L 125 0.2270244 0.0252982 0.0268637 0.0000000 0.0000000 0.0024482 0.0206024 0.0032956 0.0314684 0.0094300 0.3857491 0.0731550 0.0383909 0.0000000 0.0000000 0.0327360 0.0261544 0.0374372 0.0089774 0.0509690
126 G 126 0.0000000 0.0113129 0.0835497 0.0452092 0.0000000 0.0056937 0.0057261 0.7722570 0.0127253 0.0000000 0.0000000 0.0262300 0.0000000 0.0000000 0.0000000 0.0129378 0.0153390 0.0000000 0.0090194 0.0000000
127 I 127 0.0176023 0.0000000 0.0000000 0.0000000 0.0000000 0.0000000 0.0000000 0.0000000 0.0000000 0.6689455 0.0134322 0.0000000 0.0059945 0.0084142 0.0000000 0.0000000 0.0000000 0.0000000 0.0000000 0.2856113
128 Q 128 0.1563338 0.0100853 0.0110695 0.0357534 0.0000000 0.0764054 0.0605368 0.2037670 0.0000000 0.0088127 0.0095441 0.0598868 0.0000000 0.0000000 0.0000000 0.1024579 0.2031902 0.0000000 0.0000000 0.0621571
129 S 129 0.3439057 0.0281365 0.0198011 0.0126881 0.0000000 0.0541662 0.0292671 0.0291437 0.0000000 0.0000000 0.0113326 0.0103900 0.0066289 0.0000000 0.0000000 0.4320187 0.0030020 0.0000000 0.0114480 0.0080713
130 L 130 0.0000000 0.0000000 0.0000000 0.0000000 0.0000000 0.0000000 0.0000000 0.0000000 0.0000000 0.6951770 0.2481190 0.0000000 0.0034085 0.0169897 0.0000000 0.0113804 0.0000000 0.0000000 0.0000000 0.0249254
131 D 131 0.0440700 0.0067283 0.2294328 0.1770425 0.0025325 0.0134569 0.0364048 0.0731732 0.0120147 0.0032025 0.0136568 0.0359519 0.0000000 0.0230710 0.0072811 0.1609384 0.0191659 0.0053188 0.1365579 0.0000000
132 L 132 0.0111949 0.0000000 0.0000000 0.0000000 0.0000000 0.0090582 0.0000000 0.0000000 0.0000000 0.0111477 0.7685881 0.0000000 0.0042692 0.0133776 0.0000000 0.0000000 0.0614994 0.0000000 0.0087004 0.1121645
133 A 133 0.1335906 0.0169364 0.1361515 0.0982356 0.0123499 0.0590091 0.0528417 0.1743050 0.0030234 0.0165171 0.0044758 0.0478034 0.0000000 0.0000000 0.0110813 0.0728464 0.1424410 0.0000000 0.0000000 0.0183918
134 Y 134 0.1339471 0.0599002 0.0828019 0.0200326 0.0000000 0.0072575 0.0120549 0.0457945 0.0820085 0.0093643 0.0114799 0.0141900 0.0099629 0.0246876 0.0519110 0.1719791 0.0392013 0.0000000 0.1955415 0.0278853
135 K 135 0.1001349 0.0160463 0.0664031 0.0973100 0.0000000 0.0896192 0.0571727 0.0117970 0.0000000 0.0320059 0.0314815 0.0874614 0.0000000 0.0214069 0.0023050 0.0593754 0.1825861 0.0062288 0.0000000 0.1386658
136 D 136 0.1106205 0.0410145 0.0835438 0.1489349 0.0000000 0.0521725 0.1725533 0.0474558 0.0281628 0.0044423 0.0136544 0.0399215 0.0000000 0.0082254 0.0586316 0.0971011 0.0625075 0.0000000 0.0000000 0.0310581
137 V 137 0.0638848 0.0157246 0.0410895 0.0479375 0.0000000 0.0472189 0.0230161 0.0580965 0.0067658 0.0554215 0.0300774 0.0223762 0.0023924 0.0000000 0.0223680 0.1421529 0.3161481 0.0000000 0.0029105 0.1024193
138 N 138 0.0572137 0.0570561 0.1602578 0.0906109 0.0000000 0.0460837 0.0663443 0.0757125 0.0176436 0.0141319 0.0127237 0.0199477 0.0041338 0.0000000 0.1203156 0.1860715 0.0409936 0.0000000 0.0025876 0.0281720
139 K 139 0.0183228 0.0605908 0.0255932 0.0191018 0.0000000 0.0780085 0.0505555 0.0516311 0.0104126 0.0733881 0.0470378 0.0757279 0.0169023 0.2202572 0.0000000 0.0273136 0.0736925 0.0072908 0.0790154 0.0651580
140 N 140 0.0965978 0.0300752 0.1198291 0.1145400 0.0226064 0.0251011 0.1069844 0.0163543 0.0114424 0.0088828 0.0338172 0.0286140 0.0076440 0.0132408 0.0241100 0.1209809 0.1439913 0.0054793 0.0086887 0.0610201
141 L 141 0.0483007 0.0049436 0.0208147 0.2198989 0.0000000 0.0146184 0.0074261 0.0092400 0.0037791 0.0508807 0.3602234 0.0052179 0.0185823 0.0600195 0.0032533 0.0319941 0.0242017 0.0036410 0.0369226 0.0760421
142 G 142 0.1881354 0.0694570 0.0512104 0.0602652 0.0000000 0.0393203 0.0675105 0.1578994 0.0110283 0.0232912 0.0343479 0.1204519 0.0077534 0.0109010 0.0392600 0.0392698 0.0359811 0.0000000 0.0064280 0.0374892
143 N 143 0.0472969 0.0484868 0.3392517 0.2428704 0.0000000 0.0461617 0.0533099 0.0483929 0.0493523 0.0000000 0.0059912 0.0126433 0.0046092 0.0000000 0.0069870 0.0513935 0.0216733 0.0035110 0.0180688 0.0000000
144 G 144 0.0189563 0.0047377 0.0348509 0.0572814 0.0000000 0.0323793 0.0239432 0.7045860 0.0000000 0.0000000 0.0078702 0.0119275 0.0000000 0.0000000 0.0032685 0.0497387 0.0225545 0.0000000 0.0279056 0.0000000
145 N 145 0.0534345 0.0132787 0.5074426 0.1218150 0.0000000 0.0038098 0.0303749 0.1059632 0.0033536 0.0000000 0.0000000 0.0000000 0.0000000 0.0000000 0.0000000 0.1122677 0.0131267 0.0000000 0.0026461 0.0324872
146 T 146 0.0451448 0.0844449 0.0172681 0.0214482 0.0222282 0.1288849 0.0959528 0.0040598 0.0221844 0.0634473 0.0766829 0.0208237 0.0070640 0.0112593 0.0058724 0.0428203 0.1142299 0.0090418 0.0212102 0.1859318
147 L 147 0.0132962 0.0000000 0.0000000 0.0000000 0.0000000 0.0335927 0.0089476 0.0077239 0.0613018 0.3604853 0.2320039 0.0045526 0.0379523 0.0268727 0.0000000 0.0022636 0.0290528 0.0000000 0.0046142 0.1773405
148 A 148 0.0906805 0.1894932 0.0000000 0.0369775 0.0000000 0.0500818 0.0096392 0.0342488 0.0490167 0.0353549 0.0741221 0.0824459 0.0356855 0.0311501 0.0105554 0.0779516 0.1240726 0.0000000 0.0155903 0.0529336
149 Q 149 0.1447262 0.0305464 0.0588453 0.0439104 0.0000000 0.1525909 0.0963721 0.1902010 0.0154727 0.0000000 0.0523948 0.0694967 0.0000000 0.0104939 0.0000000 0.0842944 0.0165203 0.0119882 0.0158297 0.0063171
150 Q 150 0.0483214 0.1098364 0.0140695 0.0321041 0.0033464 0.0887891 0.0590348 0.0116720 0.0090646 0.0662284 0.0492016 0.0294199 0.0066247 0.0070017 0.0000000 0.1635937 0.2423760 0.0051755 0.0025296 0.0516105
151 G 151 0.0994045 0.0000000 0.0000000 0.0000000 0.0000000 0.0000000 0.0062317 0.4640776 0.0000000 0.0066892 0.0042751 0.0000000 0.0108500 0.0088010 0.0000000 0.3181236 0.0697886 0.0000000 0.0026046 0.0091540
152 S 152 0.0369467 0.0470646 0.0234148 0.0173365 0.0000000 0.0348024 0.0558665 0.0244733 0.0167095 0.1188756 0.0538540 0.0278581 0.0121075 0.0179931 0.0096163 0.2151459 0.2056106 0.0000000 0.0201545 0.0621700
153 Y 153 0.0639575 0.0000000 0.0000000 0.0000000 0.0000000 0.0000000 0.0000000 0.0139224 0.0063278 0.0238671 0.0197908 0.0000000 0.0136995 0.3993487 0.0000000 0.0000000 0.0049105 0.0080383 0.2999322 0.1462051
154 T 154 0.0061454 0.0031185 0.0289974 0.0040161 0.0000000 0.0211192 0.0856944 0.0168602 0.0169096 0.0588746 0.2005277 0.0079472 0.0128629 0.0124214 0.0000000 0.0196908 0.4093456 0.0000000 0.0057134 0.0897556
155 K 155 0.0062707 0.2342490 0.0336944 0.0349231 0.0000000 0.0211903 0.0064260 0.0136638 0.0375304 0.0059448 0.0478212 0.1599865 0.0559744 0.0725350 0.0000000 0.0437680 0.1018986 0.0684169 0.0464409 0.0092660
156 T 156 0.1709400 0.0150371 0.0373382 0.0289504 0.0000000 0.0163193 0.2689633 0.0133773 0.0000000 0.0526481 0.0198446 0.0156166 0.0108083 0.0109149 0.0000000 0.1278904 0.1716341 0.0000000 0.0072558 0.0324617
157 N 157 0.0087823 0.0076617 0.2072558 0.6015670 0.0000000 0.0121845 0.0181177 0.0287728 0.0000000 0.0000000 0.0040451 0.0118653 0.0000000 0.0065050 0.0046666 0.0648501 0.0237262 0.0000000 0.0000000 0.0000000
158 G 158 0.0054371 0.0097446 0.0133126 0.0025308 0.0000000 0.0000000 0.0024004 0.9367363 0.0000000 0.0000000 0.0026235 0.0087983 0.0000000 0.0000000 0.0000000 0.0027426 0.0000000 0.0000000 0.0000000 0.0156737
159 T 159 0.0422467 0.0642803 0.0278711 0.0194841 0.0000000 0.0754342 0.0999217 0.0239397 0.0142022 0.0000000 0.0048028 0.1205667 0.0064369 0.0000000 0.0000000 0.2460848 0.2478973 0.0000000 0.0042971 0.0025345
160 T 160 0.1055313 0.0588812 0.0144737 0.0068579 0.0034086 0.0651270 0.0358944 0.0150784 0.0038725 0.0447995 0.0328646 0.0533770 0.0000000 0.0057304 0.0167180 0.0750403 0.3134916 0.0000000 0.0000000 0.1488536
161 A 161 0.0477698 0.0714038 0.0065185 0.0033674 0.0000000 0.0262504 0.0070747 0.5248609 0.0549336 0.0146068 0.0329736 0.0245849 0.0265108 0.0048226 0.0000000 0.0475930 0.0672574 0.0000000 0.0092915 0.0301803
162 K 162 0.0807852 0.0229209 0.0067309 0.0667425 0.0000000 0.0655938 0.1320518 0.0260739 0.0097291 0.0468358 0.1017106 0.0492753 0.0265095 0.0069591 0.0138150 0.0431243 0.2282543 0.0177192 0.0042774 0.0508914
163 M 163 0.1758516 0.0000000 0.0000000 0.0000000 0.0000000 0.0000000 0.0000000 0.0111726 0.0000000 0.2064305 0.1235271 0.0000000 0.1207504 0.0064378 0.0000000 0.0000000 0.0518347 0.0000000 0.0045372 0.2994580
164 G 164 0.2625022 0.0097238 0.0221716 0.0094262 0.0000000 0.1540839 0.0771409 0.1865588 0.0300470 0.0047046 0.0358782 0.0029372 0.0000000 0.0295844 0.0000000 0.0704210 0.0208449 0.0057138 0.0168290 0.0614322
165 D 165 0.0722059 0.0000000 0.0316239 0.4937567 0.0000000 0.1184975 0.1164041 0.0391955 0.0592701 0.0000000 0.0000000 0.0112242 0.0000000 0.0000000 0.0000000 0.0376524 0.0201698 0.0000000 0.0000000 0.0000000
166 L 166 0.0900361 0.0000000 0.0000000 0.0000000 0.0000000 0.0000000 0.0000000 0.0000000 0.0028943 0.1467561 0.1326048 0.0000000 0.0175638 0.0304094 0.0038463 0.0109678 0.0200023 0.0000000 0.0137720 0.5311472
167 L 167 0.0625542 0.0160673 0.1369639 0.2907713 0.0000000 0.0293929 0.0280046 0.0069227 0.0148584 0.0349626 0.0637293 0.0093282 0.0156750 0.0201297 0.0000000 0.0524772 0.0282676 0.1453313 0.0306116 0.0139524
168 L 168 0.0000000 0.0000000 0.0000000 0.0000000 0.0000000 0.0000000 0.0000000 0.0000000 0.0000000 0.0126120 0.4793770 0.0000000 0.0085470 0.4746967 0.0000000 0.0000000 0.0000000 0.0000000 0.0117381 0.0130293
169 A 169 0.4202242 0.0377353 0.0187628 0.0340640 0.0000000 0.0347144 0.0166073 0.0386719 0.0000000 0.0134145 0.0432664 0.0680720 0.0279563 0.0000000 0.0160080 0.0692612 0.0561771 0.0000000 0.0083407 0.0967239
170 A 170 0.1090770 0.0182659 0.0392602 0.0027979 0.0148356 0.0551976 0.0275585 0.0123068 0.0120103 0.0450955 0.0229146 0.0185327 0.0120322 0.0763811 0.0000000 0.0735399 0.1175585 0.0000000 0.0908993 0.2517362
171 D 171 0.0241862 0.0071913 0.2634889 0.3470955 0.0000000 0.0316772 0.0760668 0.0196971 0.0000000 0.0000000 0.0084333 0.0283585 0.0000000 0.0118592 0.0000000 0.1462554 0.0356906 0.0000000 0.0000000 0.0000000
172 N 172 0.0642691 0.0339916 0.1417617 0.0573280 0.0000000 0.0233460 0.0416451 0.0355992 0.0116669 0.0000000 0.0161847 0.0904725 0.0119796 0.0051710 0.1550158 0.0895025 0.2018303 0.0000000 0.0129036 0.0073321
173 L 173 0.0735907 0.0131296 0.0406704 0.0000000 0.0000000 0.0191882 0.0000000 0.0071876 0.0000000 0.0769104 0.1198081 0.0252286 0.0145045 0.2165948 0.0223312 0.1443063 0.0939294 0.0000000 0.0335178 0.0991024
174 H 174 0.0329161 0.0424987 0.0424764 0.2266414 0.0000000 0.0548595 0.0242667 0.1070469 0.1055399 0.0000000 0.0121783 0.0276538 0.0000000 0.0128816 0.0053503 0.0720277 0.0044509 0.0000000 0.2175294 0.0116825
175 S 175 0.0058514 0.2015384 0.0923213 0.0156308 0.0000000 0.0147947 0.0226037 0.0000000 0.0192342 0.0000000 0.0074394 0.0000000 0.0000000 0.0069508 0.0000000 0.2293421 0.3154150 0.0180039 0.0508742 0.0000000
176 R 176 0.0084280 0.2834522 0.0113017 0.0771852 0.0000000 0.0799595 0.1568580 0.0000000 0.0210662 0.0083831 0.0000000 0.0912004 0.0000000 0.0096587 0.0000000 0.0392351 0.1447266 0.0000000 0.0283904 0.0401551
177 F 177 0.0095272 0.0834376 0.0179245 0.0155140 0.0000000 0.0000000 0.0257026 0.0000000 0.0231303 0.1095157 0.0359325 0.0000000 0.0000000 0.3539097 0.0126342 0.0000000 0.0082530 0.0115418 0.2370264 0.0559506
178 L 178 0.0157071 0.0000000 0.0000000 0.0111792 0.0000000 0.0000000 0.1233912 0.0133284 0.0000000 0.0571319 0.1538952 0.0568959 0.0000000 0.0166343 0.0406822 0.0795740 0.3633327 0.0000000 0.0000000 0.0682480
179 E 179 0.0000000 0.0000000 0.0000000 0.4926940 0.0000000 0.1779697 0.3293363 0.0000000 0.0000000 0.0000000 0.0000000 0.0000000 0.0000000 0.0000000 0.0000000 0.0000000 0.0000000 0.0000000 0.0000000 0.0000000
