  179         A         R         N         D         C         Q         E         G         H         I         L         K         M         F         P         S         T         W         Y         V         X    
  1 P   1 0.0000000 0.0000000 0.0000000 0.0000000 0.0000000 0.0000000 0.0000000 0.0000000 0.0000000 0.0000000 0.0000000 0.0000000 0.0000000 0.0000000 0.8327336 0.0000000 0.0000000 0.0000000 0.0000000 0.0000000 0.1672664
  2 L   2 0.0000000 0.0000000 0.0000000 0.0000000 0.0000000 0.0000000 0.0000000 0.0000000 0.0000000 0.1293679 0.6133620 0.0000000 0.0000000 0.0051381 0.0000000 0.0028386 0.0000000 0.0000000 0.0000000 0.0922928 0.1570005
  3 A   3 0.1364575 0.0000000 0.0000000 0.0000000 0.0000000 0.0000000 0.0000000 0.0000000 0.0000000 0.1308764 0.0719053 0.0000000 0.0052225 0.0000000 0.0000000 0.0083759 0.0383148 0.0000000 0.0000000 0.4633876 0.1454600
  4 L   4 0.0000000 0.0000000 0.0000000 0.0000000 0.0000000 0.0000000 0.0000000 0.0000000 0.0000000 0.2708024 0.4678928 0.0000000 0.0171696 0.0386746 0.0000000 0.0000000 0.0000000 0.0000000 0.0000000 0.0779412 0.1275193
  5 D   5 0.0000000 0.0042647 0.1608973 0.6473073 0.0000000 0.0098613 0.0039879 0.0058372 0.0000000 0.0000000 0.0000000 0.0000000 0.0000000 0.0000000 0.0000000 0.0499946 0.0000000 0.0000000 0.0000000 0.0000000 0.1178497
  6 L   6 0.0000000 0.0038796 0.0000000 0.0000000 0.0000000 0.0000000 0.0000000 0.0000000 0.0000000 0.0157315 0.6584873 0.0078669 0.0225396 0.1269336 0.0000000 0.0000000 0.0207754 0.0000000 0.0236939 0.0029607 0.1171317
  7 D   7 0.0229551 0.0000000 0.2032071 0.4041853 0.0000000 0.0028598 0.0189595 0.0778091 0.0000000 0.0048118 0.0022670 0.0202449 0.0000000 0.0055235 0.0028257 0.0548793 0.0447129 0.0000000 0.0039879 0.0000000 0.1307710
  8 G   8 0.0194755 0.0133286 0.0561108 0.0179850 0.0036955 0.0044244 0.0138086 0.6484681 0.0174344 0.0000000 0.0031570 0.0258820 0.0000000 0.0000000 0.0000000 0.0229798 0.0032059 0.0000000 0.0000000 0.0122112 0.1378332
  9 D   9 0.0236047 0.0180448 0.1647183 0.4168068 0.0000000 0.0169477 0.0199520 0.0176561 0.0109713 0.0000000 0.0082269 0.0791581 0.0000000 0.0000000 0.0098624 0.0575603 0.0125906 0.0000000 0.0000000 0.0045819 0.1393182
 10 G  10 0.0568764 0.0078669 0.0106483 0.0036462 0.0000000 0.0000000 0.0000000 0.6456350 0.0029071 0.0000000 0.0052581 0.0070391 0.0024757 0.0000000 0.0477189 0.0374753 0.0054730 0.0000000 0.0000000 0.0000000 0.1669800
 11 I  11 0.0775613 0.0072106 0.0000000 0.0000000 0.0000000 0.0000000 0.0078669 0.0000000 0.0000000 0.3383743 0.1090027 0.0083244 0.0000000 0.0323258 0.0086817 0.0082479 0.0149824 0.0000000 0.0000000 0.2172993 0.1701227
 12 E  12 0.0293637 0.0413572 0.0414393 0.0396531 0.0000000 0.1119330 0.2954185 0.0177157 0.0211529 0.0258873 0.0084591 0.0460827 0.0049006 0.0000000 0.0096696 0.0949121 0.0524403 0.0000000 0.0000000 0.0061680 0.1534470
 13 T  13 0.0250590 0.0000000 0.0096696 0.0000000 0.0031187 0.0000000 0.0036300 0.0000000 0.0044513 0.0546364 0.2427739 0.0024567 0.0340133 0.0527710 0.0112808 0.0240295 0.3141550 0.0000000 0.0385066 0.0150491 0.1643990
 14 V  14 0.0027696 0.0044060 0.0027667 0.0178302 0.0000000 0.0020423 0.0024659 0.0000000 0.0162539 0.0980409 0.0821519 0.0112476 0.0050688 0.0072510 0.0031187 0.1238149 0.3284564 0.0000000 0.0036436 0.1590540 0.1296175
 15 A  15 0.1554384 0.0185381 0.0313303 0.0510030 0.0000000 0.0165660 0.0706219 0.1539911 0.0095275 0.0057747 0.0044931 0.0123696 0.0000000 0.0054003 0.0570668 0.1611105 0.0716748 0.0000000 0.0000000 0.0098439 0.1652498
 16 T  16 0.0948011 0.0355375 0.0076088 0.0362521 0.0000000 0.0251896 0.0160545 0.0027475 0.0037096 0.0587816 0.1974788 0.0205390 0.0076498 0.0183317 0.0442881 0.0509154 0.0775356 0.0113896 0.0127316 0.0856748 0.1927833
 17 K  17 0.0275047 0.0683293 0.1140783 0.1320065 0.0000000 0.0189436 0.0958054 0.0180445 0.0000000 0.0257816 0.0689196 0.0464427 0.0114987 0.0053830 0.0051381 0.0674119 0.0040039 0.0029060 0.0044651 0.0165553 0.2667815
 18 G  18 0.0658690 0.0224499 0.0413487 0.0989049 0.0000000 0.0000000 0.0145287 0.1025152 0.0062202 0.0102262 0.0249047 0.0542226 0.0000000 0.0070861 0.0093151 0.1196513 0.0471156 0.0000000 0.0043726 0.0088861 0.3623831
 19 F  19 0.0526290 0.0199753 0.0408778 0.1295648 0.0000000 0.0514340 0.0194884 0.0431608 0.0169260 0.0143967 0.0073913 0.0141778 0.0000000 0.0241852 0.0106721 0.1033653 0.0466101 0.0044636 0.0036819 0.0205513 0.3764488
 20 S  20 0.1291407 0.0092048 0.0549994 0.0424524 0.0000000 0.0331785 0.0412942 0.0169497 0.0131621 0.0000000 0.0036048 0.0551620 0.0126867 0.0000000 0.0106928 0.2418439 0.0403871 0.0000000 0.0237577 0.0071886 0.2642944
 21 G  21 0.0251741 0.0230966 0.0601273 0.0000000 0.0036955 0.0136848 0.0115862 0.2616614 0.0079721 0.0079803 0.0078362 0.0743213 0.0000000 0.0159728 0.0547511 0.0337017 0.1328154 0.0000000 0.0161165 0.0311468 0.2183599
 22 S  22 0.1494755 0.0000000 0.0000000 0.0096696 0.0000000 0.0032729 0.0052350 0.0000000 0.0000000 0.1567071 0.0111649 0.0000000 0.0181696 0.1459653 0.0087086 0.0197441 0.0542101 0.0037237 0.0159197 0.2890208 0.1090133
 23 L  23 0.0672826 0.0576779 0.0457340 0.0205291 0.0000000 0.0355343 0.0622171 0.0122555 0.0408138 0.0060955 0.1644327 0.0121227 0.0254555 0.0510317 0.0036886 0.0905518 0.0358147 0.0000000 0.1269631 0.0403594 0.1014401
 24 F  24 0.0048434 0.0000000 0.0000000 0.0000000 0.0000000 0.0000000 0.0044931 0.0000000 0.0089727 0.0082725 0.0297596 0.0000000 0.0076677 0.7877959 0.0000000 0.0099748 0.0000000 0.0057747 0.0100852 0.0215412 0.1008192
 25 D  25 0.0081103 0.0000000 0.0073101 0.8555372 0.0000000 0.0000000 0.0000000 0.0000000 0.0046396 0.0000000 0.0000000 0.0000000 0.0000000 0.0000000 0.0084246 0.0000000 0.0181377 0.0000000 0.0000000 0.0030847 0.0947558
 26 H  26 0.0325245 0.0000000 0.0129265 0.0212224 0.0000000 0.0064502 0.0052350 0.0023162 0.1503394 0.1571569 0.3030618 0.0000000 0.0605290 0.0411256 0.0000000 0.0214627 0.0148090 0.0218649 0.0310824 0.0231376 0.0947558
 27 N  27 0.0189253 0.0159012 0.1669611 0.4854981 0.0000000 0.0277626 0.0266183 0.0122838 0.0052887 0.0120444 0.0051263 0.0000000 0.0024872 0.0062533 0.0000000 0.0316231 0.0842971 0.0000000 0.0034122 0.0000000 0.0955172
 28 R  28 0.1490626 0.0041175 0.1709528 0.0343403 0.0047900 0.0230198 0.0059107 0.3483053 0.0117527 0.0111837 0.0350396 0.0169466 0.0000000 0.0076487 0.0084246 0.0775163 0.0030847 0.0000000 0.0022780 0.0075918 0.0780341
 29 D  29 0.0170622 0.0048038 0.1388286 0.5701772 0.0000000 0.0153182 0.0110473 0.0000000 0.0042647 0.0041918 0.0139293 0.0100840 0.0000000 0.0031887 0.0000000 0.0768684 0.0488836 0.0000000 0.0000000 0.0033182 0.0780341
 30 G  30 0.0000000 0.0077195 0.0069726 0.0075671 0.0000000 0.0000000 0.0044244 0.8418733 0.0000000 0.0000000 0.0169698 0.0130750 0.0000000 0.0025669 0.0119069 0.0209562 0.0061977 0.0000000 0.0000000 0.0000000 0.0597707
 31 I  31 0.0124469 0.0188668 0.0364945 0.0220500 0.0000000 0.0611803 0.0574515 0.0048038 0.0068737 0.1484013 0.0402842 0.0645006 0.0039879 0.1551280 0.0000000 0.0623363 0.0996741 0.0040209 0.0474024 0.0801528 0.0739440
 32 R  32 0.1506126 0.0759853 0.0076811 0.0156895 0.0152403 0.0338115 0.0430404 0.0109424 0.0000000 0.0145608 0.1533210 0.2196253 0.0077973 0.0050624 0.0401771 0.0626294 0.0648456 0.0000000 0.0000000 0.0270709 0.0519070
 33 T  33 0.0257374 0.0167671 0.0652860 0.1338025 0.0000000 0.0219379 0.3329595 0.0024221 0.0511783 0.0170321 0.0165024 0.0362806 0.0264361 0.0000000 0.0044513 0.0093929 0.1195298 0.0000000 0.0000000 0.0609211 0.0593631
 34 A  34 0.1324405 0.1367563 0.0434875 0.0079078 0.0057747 0.1660658 0.0570893 0.0829563 0.0455916 0.0027596 0.0255144 0.0814168 0.0210611 0.0000000 0.0186576 0.0707090 0.0457358 0.0000000 0.0000000 0.0041689 0.0519070
 35 T  35 0.0129876 0.0000000 0.0123030 0.0000000 0.0000000 0.0000000 0.0096696 0.0042513 0.0000000 0.1445437 0.0720032 0.0000000 0.0083990 0.0205432 0.0050069 0.0895445 0.4557973 0.0084246 0.0000000 0.1001258 0.0564001
 36 G  36 0.2314596 0.0029607 0.0126929 0.0342754 0.0000000 0.0207172 0.0189302 0.3745539 0.0132993 0.0000000 0.0000000 0.0057764 0.0000000 0.0000000 0.0600138 0.1638577 0.0000000 0.0000000 0.0000000 0.0000000 0.0614629
 37 W  37 0.0089435 0.0024715 0.0127883 0.0000000 0.0057834 0.0277076 0.0111943 0.0243325 0.0000000 0.0020663 0.0298237 0.0109738 0.0067820 0.0816517 0.0000000 0.0104735 0.0227646 0.6683578 0.0150539 0.0000000 0.0588317
 38 V  38 0.1314199 0.0000000 0.0000000 0.0096696 0.0000000 0.0000000 0.0000000 0.0127175 0.0000000 0.1578680 0.2069454 0.0000000 0.0023127 0.0109261 0.0340281 0.0063263 0.0385235 0.0000000 0.0154038 0.3226939 0.0511651
 39 S  39 0.1350815 0.0109687 0.0689101 0.0489137 0.0000000 0.0147607 0.0242229 0.2867558 0.0061037 0.0000000 0.0123245 0.0740170 0.0043127 0.0000000 0.0000000 0.1683059 0.0941575 0.0000000 0.0000000 0.0000000 0.0511651
 40 A  40 0.2172475 0.0197136 0.0508948 0.0161318 0.0000000 0.0220183 0.0320283 0.1323863 0.0068731 0.0000000 0.0084591 0.0781586 0.0000000 0.0000000 0.1999042 0.1298531 0.0157617 0.0053830 0.0000000 0.0080220 0.0571647
 41 D  41 0.0279647 0.0178061 0.0866918 0.2847345 0.0000000 0.0309549 0.0577328 0.3329628 0.0052216 0.0154038 0.0055850 0.0033182 0.0000000 0.0000000 0.0084246 0.0336608 0.0266790 0.0000000 0.0087808 0.0000000 0.0540788
 42 D  42 0.0195936 0.0145881 0.0620188 0.5201597 0.0031570 0.0195379 0.0453916 0.0238284 0.0000000 0.0053166 0.0000000 0.0036501 0.0000000 0.0000000 0.0000000 0.1504945 0.0680237 0.0000000 0.0024659 0.0000000 0.0617741
 43 G  43 0.1484579 0.0000000 0.0074992 0.0073705 0.0000000 0.0000000 0.0000000 0.7201846 0.0000000 0.0084591 0.0000000 0.0000000 0.0000000 0.0000000 0.0188722 0.0133238 0.0000000 0.0189220 0.0092204 0.0000000 0.0476903
 44 L  44 0.0071538 0.0000000 0.0000000 0.0000000 0.0000000 0.0065970 0.0000000 0.0000000 0.0000000 0.1191362 0.2350313 0.0000000 0.0406410 0.3489630 0.0044513 0.0000000 0.0000000 0.0466498 0.0553129 0.0755792 0.0604846
 45 L  45 0.0000000 0.0000000 0.0000000 0.0084591 0.0000000 0.0000000 0.0000000 0.0000000 0.0000000 0.0335086 0.8327523 0.0000000 0.0048465 0.0000000 0.0236914 0.0074992 0.0000000 0.0000000 0.0154038 0.0309953 0.0428437
 46 V  46 0.3476333 0.0000000 0.0096696 0.0000000 0.0034749 0.0084591 0.0000000 0.0099438 0.0000000 0.0247962 0.0000000 0.0000000 0.0000000 0.0430729 0.0000000 0.0090638 0.0291530 0.0000000 0.0000000 0.4609791 0.0537544
 47 R  47 0.0091498 0.0813276 0.0138641 0.0170472 0.0000000 0.0048868 0.0141627 0.0000000 0.0332828 0.1445359 0.3643956 0.0046396 0.0337630 0.0731281 0.0000000 0.0000000 0.0036946 0.0377397 0.0738556 0.0367727 0.0537544
 48 D  48 0.0036946 0.0000000 0.0095480 0.8917993 0.0000000 0.0000000 0.0000000 0.0000000 0.0000000 0.0059256 0.0056784 0.0103963 0.0000000 0.0000000 0.0000000 0.0000000 0.0000000 0.0000000 0.0000000 0.0051004 0.0678574
 49 L  49 0.0766968 0.3069809 0.0024110 0.0028165 0.0000000 0.0093783 0.0242999 0.0030088 0.0074992 0.0429349 0.1782600 0.1576283 0.0209900 0.0000000 0.0412413 0.0074645 0.0211820 0.0072863 0.0085103 0.0159254 0.0654855
 50 N  50 0.0223466 0.0000000 0.6670609 0.1840343 0.0000000 0.0033019 0.0070391 0.0345995 0.0000000 0.0000000 0.0120041 0.0000000 0.0000000 0.0000000 0.0056784 0.0078953 0.0219711 0.0000000 0.0000000 0.0000000 0.0340686
 51 G  51 0.0595971 0.0044650 0.1505028 0.0241014 0.0000000 0.0447746 0.0385570 0.5000245 0.0234812 0.0042413 0.0054020 0.0536975 0.0000000 0.0000000 0.0000000 0.0386832 0.0000000 0.0000000 0.0048118 0.0000000 0.0476607
 52 N  52 0.0000000 0.0038605 0.4273388 0.3534202 0.0000000 0.0000000 0.0000000 0.0185929 0.0000000 0.0000000 0.0000000 0.0056784 0.0000000 0.0000000 0.0000000 0.1171616 0.0227225 0.0000000 0.0000000 0.0000000 0.0512249
 53 G  53 0.0188993 0.0101076 0.0426958 0.0115823 0.0000000 0.0102592 0.0000000 0.8131669 0.0000000 0.0051004 0.0160541 0.0000000 0.0000000 0.0000000 0.0000000 0.0149837 0.0059256 0.0000000 0.0000000 0.0000000 0.0512249
 54 I  54 0.0865439 0.0764846 0.0212524 0.0122747 0.0000000 0.0651031 0.0139174 0.0000000 0.0084011 0.1019580 0.0709239 0.1971532 0.0168227 0.0081563 0.0059927 0.0550298 0.1227154 0.0000000 0.0000000 0.0926855 0.0445855
 55 I  55 0.0164004 0.0000000 0.0000000 0.0000000 0.0000000 0.0000000 0.0000000 0.0000000 0.0000000 0.7570214 0.0169296 0.0000000 0.0000000 0.0057143 0.0000000 0.0000000 0.0130950 0.0000000 0.0000000 0.1426037 0.0482357
 56 D  56 0.0124011 0.0000000 0.2205172 0.4622902 0.0000000 0.0000000 0.0330115 0.0253929 0.0000000 0.0128848 0.0000000 0.0089091 0.0000000 0.0000000 0.0000000 0.0409108 0.1093223 0.0000000 0.0000000 0.0235111 0.0508489
 57 N  57 0.0387647 0.0139402 0.2876870 0.2711954 0.0000000 0.0490595 0.0405677 0.0542448 0.0096696 0.0000000 0.0000000 0.0102832 0.0000000 0.0089727 0.0000000 0.1394159 0.0315421 0.0000000 0.0000000 0.0000000 0.0446572
 58 G  58 0.0667420 0.0152594 0.0198335 0.0109187 0.0000000 0.0097757 0.0264781 0.5779226 0.0000000 0.0816921 0.0218000 0.0141534 0.0077974 0.0124800 0.0214664 0.0368317 0.0172184 0.0000000 0.0000000 0.0092400 0.0503908
 59 A  59 0.0851516 0.1178423 0.0599387 0.0521037 0.0000000 0.0201761 0.0250666 0.0957231 0.0141614 0.0000000 0.0287892 0.0820713 0.0032967 0.0000000 0.0000000 0.2621885 0.1043739 0.0000000 0.0000000 0.0000000 0.0491170
 60 E  60 0.0137480 0.0061358 0.0081103 0.0191443 0.0000000 0.0464152 0.7993787 0.0000000 0.0000000 0.0000000 0.0105095 0.0000000 0.0000000 0.0000000 0.0074992 0.0239459 0.0000000 0.0000000 0.0000000 0.0069200 0.0581930
 61 L  61 0.0089727 0.0000000 0.0000000 0.0000000 0.0000000 0.0000000 0.0000000 0.0000000 0.0000000 0.1098389 0.6166033 0.0000000 0.0521226 0.0506128 0.0000000 0.0000000 0.0114559 0.0000000 0.0271966 0.0646126 0.0585846
 62 F  62 0.0404637 0.0000000 0.0104187 0.0224639 0.0000000 0.0000000 0.0000000 0.0000000 0.0000000 0.0340373 0.0290643 0.0000000 0.0045690 0.6452241 0.0051004 0.0032255 0.0031963 0.0000000 0.0199722 0.0881339 0.0941307
 63 G  63 0.0052402 0.0000000 0.0191409 0.0057143 0.0000000 0.0000000 0.0098504 0.6594536 0.0000000 0.0000000 0.0068117 0.0000000 0.0000000 0.0865649 0.0000000 0.0872816 0.0169416 0.0000000 0.0000000 0.0000000 0.1030007
 64 D  64 0.0579406 0.0000000 0.1785550 0.1615401 0.0000000 0.0000000 0.0736732 0.0041255 0.0000000 0.0000000 0.0096925 0.0224429 0.0040039 0.0060170 0.1125792 0.0535412 0.1139838 0.0000000 0.0000000 0.0238441 0.1780611
 65 N  65 0.0614404 0.0295925 0.1032430 0.0874475 0.0000000 0.0942521 0.0700716 0.0341131 0.0482128 0.0000000 0.0159110 0.0469444 0.0050624 0.0121443 0.0032413 0.0606688 0.0503549 0.0081728 0.0591201 0.0095746 0.2004325
 66 T  66 0.0199580 0.0135192 0.0080152 0.0000000 0.0000000 0.0000000 0.0044651 0.0000000 0.0077828 0.0037237 0.0271413 0.0000000 0.0229354 0.0400040 0.0293102 0.0700702 0.3530913 0.0812739 0.0535420 0.0181334 0.2470343
 67 K  67 0.0417744 0.0135608 0.0074992 0.0245533 0.0000000 0.0315748 0.0124240 0.0489807 0.0000000 0.0525603 0.0823534 0.0538115 0.0172595 0.0216945 0.0107873 0.0209684 0.0509035 0.0000000 0.0020253 0.1098169 0.3974524
 68 L  68 0.0173139 0.0047535 0.0291178 0.0214016 0.0000000 0.0000000 0.0041689 0.0655568 0.0000000 0.0196705 0.2344887 0.0443299 0.0162256 0.0000000 0.0230681 0.0408529 0.0271017 0.0000000 0.0000000 0.0199981 0.4319519
 69 A  69 0.1253082 0.0247409 0.0330527 0.0285070 0.0000000 0.0243817 0.0364383 0.0278015 0.0000000 0.0034113 0.0226425 0.0406980 0.0000000 0.0082835 0.0189536 0.1257027 0.0170185 0.0090211 0.0000000 0.0170531 0.4369852
 70 D  70 0.0387134 0.0053227 0.1745789 0.1624932 0.0000000 0.0191205 0.0181207 0.0603942 0.0000000 0.0000000 0.0000000 0.0000000 0.0000000 0.0179412 0.0135346 0.0728115 0.0048190 0.0000000 0.0178858 0.0023330 0.3919312
 71 G  71 0.0654762 0.0039191 0.0108056 0.0194867 0.0000000 0.0080017 0.0295712 0.3871901 0.0000000 0.0000000 0.0152592 0.0054390 0.0000000 0.0000000 0.0656314 0.0155384 0.0000000 0.0000000 0.0000000 0.0132739 0.3604075
 72 S  72 0.0597232 0.0145676 0.0435665 0.0340607 0.0000000 0.0753185 0.0436702 0.0455955 0.0156792 0.0035420 0.0142377 0.0662458 0.0071136 0.0108167 0.0150955 0.0947862 0.1488657 0.0000000 0.0031449 0.0233689 0.2806017
 73 F  73 0.0923284 0.1045436 0.0388991 0.0025311 0.0000000 0.0206292 0.0028249 0.0749568 0.0208168 0.0100971 0.0855126 0.1209830 0.0026258 0.0345335 0.0096795 0.0075741 0.0730412 0.0000000 0.0043235 0.0286336 0.2654662
 74 A  74 0.3267422 0.0048118 0.0129588 0.0283556 0.0000000 0.0081305 0.0258955 0.0027810 0.0031963 0.0000000 0.0175358 0.0177699 0.0000000 0.0401150 0.0053227 0.1886629 0.0356650 0.0107212 0.0569214 0.0136331 0.2007814
 75 K  75 0.1275094 0.0239416 0.0269955 0.0408044 0.0000000 0.0332310 0.0381261 0.2442727 0.0038549 0.0049117 0.0106827 0.0850274 0.0000000 0.0000000 0.0290718 0.0980761 0.1022822 0.0000000 0.0000000 0.0140948 0.1171177
 76 H  76 0.0034989 0.0054297 0.2476570 0.3579092 0.0000000 0.0116199 0.0055842 0.0171225 0.0761835 0.0069592 0.0096895 0.0255209 0.0000000 0.0040298 0.0056784 0.0814957 0.0355014 0.0048525 0.0113268 0.0057143 0.0842266
 77 G  77 0.0339948 0.0042413 0.0197036 0.0500164 0.0000000 0.0000000 0.0000000 0.6666687 0.0000000 0.0061010 0.0626865 0.0031449 0.0457013 0.0074372 0.0000000 0.0230850 0.0153480 0.0000000 0.0000000 0.0000000 0.0618712
 78 Y  78 0.0068461 0.0057336 0.0000000 0.0080017 0.0000000 0.0284954 0.0894863 0.0000000 0.0000000 0.0043235 0.0866358 0.0000000 0.0159682 0.5694760 0.0000000 0.0000000 0.0161210 0.0037237 0.0952863 0.0234865 0.0464158
 79 A  79 0.3363286 0.0000000 0.0193786 0.0778994 0.0000000 0.0646334 0.1905624 0.0927765 0.0088215 0.0048118 0.0323046 0.0270603 0.0132883 0.0000000 0.0096696 0.0472485 0.0160714 0.0000000 0.0000000 0.0125714 0.0465739
 80 A  80 0.4316568 0.0000000 0.0096696 0.0769483 0.0029193 0.0000000 0.1551893 0.0296679 0.0000000 0.0034749 0.1049708 0.0366823 0.0000000 0.0000000 0.0000000 0.0253740 0.0189899 0.0000000 0.0060170 0.0493202 0.0491199
 81 L  81 0.0413280 0.0588867 0.0048525 0.0141627 0.0000000 0.0040682 0.0065222 0.0000000 0.0000000 0.0141955 0.7384588 0.0089533 0.0251545 0.0084591 0.0000000 0.0034479 0.0000000 0.0000000 0.0000000 0.0129545 0.0585562
 82 A  82 0.4232766 0.0997912 0.0423692 0.0087572 0.0000000 0.0398905 0.0403815 0.0282629 0.0000000 0.0080338 0.0237562 0.0709619 0.0077652 0.0113789 0.0000000 0.1345471 0.0126397 0.0000000 0.0000000 0.0036300 0.0445579
 83 E  83 0.1696346 0.0508037 0.0032711 0.1308090 0.0000000 0.0617432 0.1729855 0.0100443 0.0037146 0.0158538 0.0175371 0.0476052 0.0068461 0.0000000 0.0059927 0.0747621 0.0592358 0.0162091 0.0252730 0.0795524 0.0481269
 84 L  84 0.0026230 0.0107212 0.0000000 0.0057133 0.0000000 0.0167055 0.0444579 0.0036300 0.0172904 0.0036018 0.2956115 0.0000000 0.0138900 0.2893859 0.0000000 0.0000000 0.0000000 0.0000000 0.2303452 0.0178974 0.0481269
 85 D  85 0.0312960 0.0000000 0.0130228 0.8973499 0.0000000 0.0000000 0.0000000 0.0000000 0.0000000 0.0000000 0.0000000 0.0000000 0.0000000 0.0000000 0.0000000 0.0000000 0.0072209 0.0000000 0.0000000 0.0069592 0.0441512
 86 S  86 0.0802939 0.0032282 0.0190696 0.0751771 0.0069592 0.0355679 0.0770739 0.0616954 0.0000000 0.0134809 0.0438176 0.0061684 0.0000000 0.0054462 0.0000000 0.3601381 0.1506210 0.0000000 0.0045690 0.0173949 0.0392988
 87 N  87 0.0108827 0.0000000 0.6056647 0.2665684 0.0000000 0.0052402 0.0153661 0.0000000 0.0019446 0.0000000 0.0072209 0.0081103 0.0000000 0.0000000 0.0000000 0.0089807 0.0238261 0.0000000 0.0000000 0.0000000 0.0461951
 88 G  88 0.0699336 0.0533702 0.0950166 0.0273791 0.0000000 0.0478285 0.0210401 0.3904633 0.0717404 0.0000000 0.0000000 0.1301417 0.0000000 0.0024018 0.0000000 0.0281275 0.0074298 0.0000000 0.0089326 0.0000000 0.0461951
 89 D  89 0.0058372 0.0000000 0.2980596 0.6169266 0.0153312 0.0000000 0.0000000 0.0087151 0.0070391 0.0000000 0.0000000 0.0000000 0.0000000 0.0000000 0.0000000 0.0000000 0.0000000 0.0000000 0.0000000 0.0000000 0.0480912
 90 N  90 0.0027174 0.0172349 0.1160284 0.0022558 0.0000000 0.0237564 0.0000000 0.7494637 0.0059605 0.0000000 0.0063983 0.0097873 0.0040901 0.0053830 0.0000000 0.0111330 0.0000000 0.0000000 0.0038549 0.0000000 0.0419362
 91 I  91 0.0326852 0.0623695 0.0029060 0.0070391 0.0000000 0.0314887 0.0092301 0.0000000 0.0059927 0.1157530 0.0641871 0.1244967 0.0137301 0.0464979 0.0000000 0.0168845 0.0069489 0.1613903 0.0149054 0.2415585 0.0419362
 92 I  92 0.0000000 0.0000000 0.0000000 0.0000000 0.0000000 0.0000000 0.0081103 0.0000000 0.0000000 0.5379264 0.2233754 0.0000000 0.0000000 0.1047418 0.0000000 0.0000000 0.0000000 0.0000000 0.0000000 0.0866864 0.0391596
 93 N  93 0.0000000 0.0000000 0.1156761 0.6609573 0.0000000 0.0000000 0.0037210 0.0000000 0.0000000 0.0000000 0.0000000 0.0000000 0.0000000 0.0000000 0.0000000 0.0981771 0.0761731 0.0000000 0.0000000 0.0000000 0.0452954
 94 A  94 0.3287535 0.0298911 0.0276002 0.0161791 0.0000000 0.0427764 0.1896311 0.0457894 0.0179296 0.0096973 0.0000000 0.0354686 0.0000000 0.0000000 0.0361837 0.1136911 0.0442286 0.0000000 0.0000000 0.0136960 0.0484843
 95 A  95 0.1685822 0.0577218 0.1929940 0.0448101 0.0000000 0.0737323 0.0354792 0.0998932 0.0173461 0.0000000 0.0386695 0.0865963 0.0000000 0.0000000 0.0000000 0.0915803 0.0123615 0.0000000 0.0039879 0.0018223 0.0744235
 96 D  96 0.0000000 0.0000000 0.0071271 0.8931006 0.0000000 0.0058372 0.0000000 0.0061358 0.0000000 0.0000000 0.0000000 0.0000000 0.0000000 0.0000000 0.0000000 0.0000000 0.0000000 0.0000000 0.0000000 0.0069592 0.0808401
 97 A  97 0.3060399 0.0144966 0.0086174 0.0645974 0.0000000 0.0096204 0.1250115 0.0155166 0.0000000 0.0000000 0.0099153 0.0392550 0.0036048 0.0000000 0.1407515 0.1268209 0.0622747 0.0000000 0.0000000 0.0123528 0.0611250
 98 A  98 0.1483855 0.0815955 0.0351914 0.0478991 0.0000000 0.0467386 0.0668901 0.0338779 0.0078414 0.1899874 0.0514434 0.0167437 0.0054774 0.0040081 0.0000000 0.0296188 0.0138576 0.0000000 0.0058372 0.1523341 0.0622726
 99 F  99 0.0000000 0.0000000 0.0000000 0.0000000 0.0000000 0.0000000 0.0000000 0.0000000 0.0000000 0.0123191 0.0339612 0.0000000 0.0127943 0.5440846 0.0000000 0.0000000 0.0000000 0.2206225 0.1171995 0.0000000 0.0590188
100 Q 100 0.1745495 0.0000000 0.1155053 0.1316881 0.0000000 0.0536214 0.0510699 0.0790857 0.0100534 0.0000000 0.0117476 0.0452468 0.0025497 0.0114758 0.0000000 0.2262533 0.0248422 0.0000000 0.0048038 0.0048525 0.0526549
101 S 101 0.0333447 0.0389649 0.0843459 0.0876408 0.0000000 0.1671764 0.1401686 0.0312091 0.0176269 0.0000000 0.0000000 0.2003524 0.0000000 0.0000000 0.0000000 0.1089305 0.0295824 0.0000000 0.0096432 0.0028525 0.0481618
102 L 102 0.0000000 0.0000000 0.0000000 0.0096696 0.0000000 0.0000000 0.0000000 0.0000000 0.0000000 0.0307344 0.7040128 0.0000000 0.0127943 0.1430941 0.0000000 0.0000000 0.0000000 0.0000000 0.0000000 0.0590321 0.0406626
103 R 103 0.0453821 0.3315874 0.0115930 0.0024110 0.0000000 0.0967324 0.0079601 0.0748101 0.0081911 0.0025379 0.0714053 0.2457257 0.0043235 0.0045690 0.0000000 0.0119103 0.0053830 0.0046396 0.0077648 0.0110649 0.0520087
104 V 104 0.0120983 0.0000000 0.0000000 0.0000000 0.0000000 0.0000000 0.0000000 0.0000000 0.0000000 0.2737594 0.1483971 0.0000000 0.0080467 0.0114593 0.0000000 0.0000000 0.0083644 0.0000000 0.0000000 0.4808863 0.0569885
105 W 105 0.0000000 0.0000000 0.0000000 0.0000000 0.0000000 0.0000000 0.0000000 0.0000000 0.0096696 0.0000000 0.0327449 0.0000000 0.0325713 0.0118662 0.0000000 0.0000000 0.0000000 0.8306756 0.0098761 0.0048434 0.0677530
106 Q 106 0.0113846 0.1486167 0.0130452 0.0000000 0.0000000 0.2691340 0.0118878 0.0123422 0.0260812 0.0755637 0.0395827 0.0280401 0.0139500 0.0120716 0.0000000 0.0186379 0.0938190 0.0000000 0.0026264 0.1507612 0.0724557
107 D 107 0.0000000 0.0030088 0.0025400 0.7122235 0.0000000 0.0139822 0.0073277 0.0040243 0.0000000 0.0118750 0.0000000 0.0161577 0.0000000 0.0038276 0.0334095 0.0040561 0.0000000 0.0000000 0.0000000 0.0000000 0.1875676
108 L 108 0.1769768 0.0360119 0.0027046 0.0157417 0.0000000 0.0071503 0.0143654 0.0101396 0.0246593 0.0333825 0.1722621 0.1222470 0.0085904 0.0068831 0.0168443 0.0395332 0.1218692 0.0000000 0.0053743 0.0490377 0.1362267
109 N 109 0.0193193 0.0025699 0.5632334 0.1399550 0.0000000 0.0182796 0.0274348 0.0141600 0.0090390 0.0000000 0.0000000 0.0175444 0.0000000 0.0000000 0.0000000 0.0286123 0.0311646 0.0000000 0.0020663 0.0000000 0.1266214
110 Q 110 0.0738497 0.0194889 0.0149988 0.0066058 0.0000000 0.2330666 0.0784215 0.1901647 0.0677817 0.0050624 0.0070131 0.0080634 0.0000000 0.0000000 0.0257377 0.1316215 0.0048525 0.0000000 0.0060170 0.0025288 0.1247258
111 D 111 0.0028257 0.0049119 0.3101478 0.4768135 0.0000000 0.0000000 0.0000000 0.0097832 0.0081855 0.0057658 0.0000000 0.0219831 0.0000000 0.0000000 0.0096174 0.0070391 0.0182902 0.0000000 0.0000000 0.0027081 0.1219285
112 G 112 0.0773775 0.0212566 0.0264005 0.0067964 0.0000000 0.0061248 0.0000000 0.6962837 0.0079407 0.0000000 0.0000000 0.0130612 0.0000000 0.0000000 0.0000000 0.0000000 0.0000000 0.0000000 0.0000000 0.0000000 0.1447585
113 I 113 0.0293854 0.0369292 0.0144097 0.0287234 0.0000000 0.0583229 0.0329013 0.0000000 0.0039925 0.2264898 0.0544025 0.0917349 0.0039341 0.0047614 0.0000000 0.0562255 0.0373086 0.0000000 0.0000000 0.1628643 0.1576144
114 S 114 0.0443790 0.0000000 0.0000000 0.0194942 0.0043113 0.0342684 0.0128166 0.0127293 0.0000000 0.0122036 0.0135232 0.0133657 0.0000000 0.0240819 0.0254765 0.3593991 0.1666003 0.0000000 0.0000000 0.0975893 0.1597616
115 Q 115 0.0208361 0.0071841 0.0239755 0.2692209 0.0000000 0.2331921 0.0923930 0.0552840 0.0000000 0.0032729 0.0172780 0.0000000 0.0000000 0.0000000 0.0000000 0.0544359 0.0467553 0.0000000 0.0000000 0.0063771 0.1697951
116 A 116 0.2290429 0.0075501 0.0326191 0.0303570 0.0000000 0.0352566 0.1394182 0.0121642 0.0000000 0.0028525 0.0137634 0.0512023 0.0110728 0.0159583 0.0793641 0.0970345 0.0513333 0.0000000 0.0045690 0.0222796 0.1641622
117 N 117 0.0232113 0.0000000 0.0904845 0.1461717 0.0000000 0.0093613 0.0815460 0.4048007 0.0000000 0.0000000 0.0068763 0.0141634 0.0053830 0.0000000 0.0074002 0.0468873 0.0120851 0.0000000 0.0000000 0.0048118 0.1468172
118 E 118 0.0137011 0.0197639 0.0000000 0.0000000 0.0000000 0.0469126 0.6822752 0.0074653 0.0117380 0.0000000 0.0017509 0.0359505 0.0025860 0.0000000 0.0000000 0.0244903 0.0143446 0.0000000 0.0000000 0.0122052 0.1268163
119 L 119 0.0034641 0.0000000 0.0000000 0.0078669 0.0000000 0.0000000 0.0000000 0.0000000 0.0048434 0.0379170 0.6980931 0.0000000 0.0253118 0.0742451 0.0096696 0.0000000 0.0036501 0.0000000 0.0030475 0.0484512 0.0834401
120 R 120 0.0181172 0.1156074 0.0081707 0.0000000 0.0000000 0.0576074 0.0264548 0.0078669 0.0557819 0.0715187 0.0684382 0.1576098 0.0189649 0.1244647 0.0000000 0.0410965 0.0634809 0.0000000 0.0530272 0.0571428 0.0546499
121 T 121 0.0593124 0.0086112 0.0045728 0.0091009 0.0000000 0.0060170 0.0000000 0.0628247 0.0000000 0.0000000 0.0146661 0.0285887 0.0030088 0.0000000 0.0345553 0.3132017 0.3904275 0.0000000 0.0104629 0.0000000 0.0546499
122 L 122 0.0145941 0.0000000 0.0000000 0.0000000 0.0000000 0.0000000 0.0000000 0.0000000 0.0000000 0.0209546 0.8436571 0.0000000 0.0379361 0.0124101 0.0000000 0.0000000 0.0000000 0.0000000 0.0053227 0.0104755 0.0546499
123 E 123 0.2051632 0.0086046 0.0382943 0.1123564 0.0000000 0.0443252 0.0660472 0.0762638 0.0143979 0.0067705 0.0251928 0.0873247 0.0136827 0.0000000 0.0000000 0.1774618 0.0420321 0.0000000 0.0050958 0.0223373 0.0546499
124 E 124 0.0512540 0.0055235 0.0234770 0.2225626 0.0000000 0.1415094 0.3135873 0.0059870 0.0169535 0.0019416 0.0034113 0.0189830 0.0000000 0.0000000 0.0101261 0.0910944 0.0140980 0.0000000 0.0039898 0.0077699 0.0677316
125 L 125 0.2147390 0.0235682 0.0244010 0.0000000 0.0000000 0.0022780 0.0184546 0.0030475 0.0281947 0.0084923 0.3579139 0.0690315 0.0369045 0.0000000 0.0000000 0.0314377 0.0235907 0.0338050 0.0098348 0.0465749 0.0677316
126 G 126 0.0000000 0.0099800 0.0754781 0.0431321 0.0000000 0.0050293 0.0052230 0.7046641 0.0109937 0.0000000 0.0000000 0.0232224 0.0000000 0.0000000 0.0000000 0.0117742 0.0136416 0.0000000 0.0084591 0.0000000 0.0884023
127 I 127 0.0162133 0.0000000 0.0000000 0.0000000 0.0000000 0.0000000 0.0000000 0.0000000 0.0000000 0.6204273 0.0120402 0.0000000 0.0053830 0.0074400 0.0000000 0.0000000 0.0000000 0.0000000 0.0000000 0.2643440 0.0741521
128 Q 128 0.1425555 0.0090583 0.0099616 0.0328583 0.0000000 0.0712164 0.0549710 0.1890178 0.0000000 0.0078020 0.0085383 0.0538469 0.0000000 0.0000000 0.0000000 0.0983923 0.1862945 0.0000000 0.0000000 0.0567660 0.0787211
129 S 129 0.3161728 0.0250025 0.0198266 0.0115163 0.0000000 0.0516952 0.0287263 0.0267433 0.0000000 0.0000000 0.0100725 0.0122188 0.0060170 0.0000000 0.0000000 0.3977377 0.0027053 0.0000000 0.0101789 0.0073516 0.0740355
130 L 130 0.0000000 0.0000000 0.0000000 0.0000000 0.0000000 0.0000000 0.0000000 0.0000000 0.0000000 0.6436513 0.2289657 0.0000000 0.0057214 0.0152727 0.0000000 0.0131446 0.0000000 0.0000000 0.0000000 0.0227073 0.0705371
131 D 131 0.0391326 0.0059256 0.2076455 0.1652918 0.0023127 0.0143594 0.0339595 0.0648076 0.0107235 0.0028871 0.0127930 0.0317592 0.0000000 0.0210350 0.0064196 0.1473526 0.0170919 0.0048113 0.1257513 0.0000000 0.0859408
132 L 132 0.0097365 0.0000000 0.0000000 0.0000000 0.0000000 0.0084591 0.0000000 0.0000000 0.0000000 0.0098163 0.6993979 0.0000000 0.0037146 0.0150030 0.0000000 0.0000000 0.0566356 0.0000000 0.0078695 0.1006103 0.0887573
133 A 133 0.1205521 0.0149604 0.1270153 0.0884363 0.0107367 0.0529075 0.0478805 0.1574968 0.0027475 0.0144475 0.0038796 0.0435948 0.0000000 0.0000000 0.0099515 0.0662210 0.1254709 0.0000000 0.0000000 0.0156199 0.0980816
134 Y 134 0.1215357 0.0556781 0.0753498 0.0174143 0.0000000 0.0062865 0.0104400 0.0410716 0.0744935 0.0080909 0.0099342 0.0129103 0.0087271 0.0231442 0.0456313 0.1517307 0.0346635 0.0000000 0.1728659 0.0256740 0.1043583
135 K 135 0.0878647 0.0141671 0.0586393 0.0847299 0.0000000 0.0798733 0.0515547 0.0101643 0.0000000 0.0282251 0.0276658 0.0870690 0.0000000 0.0203333 0.0019952 0.0518530 0.1629301 0.0053227 0.0000000 0.1240525 0.1035600
136 D 136 0.1000473 0.0371292 0.0731267 0.1365898 0.0000000 0.0470724 0.1516446 0.0410195 0.0254462 0.0037210 0.0118739 0.0355102 0.0000000 0.0074992 0.0520417 0.0846953 0.0590172 0.0000000 0.0000000 0.0274225 0.1061434
137 V 137 0.0552546 0.0134431 0.0370039 0.0432855 0.0000000 0.0408890 0.0214619 0.0517411 0.0057414 0.0492502 0.0261634 0.0193108 0.0020727 0.0000000 0.0201041 0.1241139 0.2813988 0.0000000 0.0024937 0.0994770 0.1067950
138 N 138 0.0515625 0.0490032 0.1478467 0.0779342 0.0000000 0.0398180 0.0574168 0.0650562 0.0167854 0.0128056 0.0106490 0.0171537 0.0036501 0.0000000 0.1052858 0.1637687 0.0350932 0.0000000 0.0037951 0.0249515 0.1174243
139 K 139 0.0153727 0.0515080 0.0221810 0.0160547 0.0000000 0.0702899 0.0436010 0.0449276 0.0087638 0.0645420 0.0406007 0.0732373 0.0143276 0.1926989 0.0000000 0.0231836 0.0639570 0.0061861 0.0677107 0.0548284 0.1260291
140 N 140 0.0818787 0.0258230 0.1081171 0.1004951 0.0188722 0.0213994 0.0904802 0.0136029 0.0114674 0.0074435 0.0284117 0.0239066 0.0064903 0.0110684 0.0218490 0.1081185 0.1227475 0.0046290 0.0073184 0.0538926 0.1319886
141 L 141 0.0388271 0.0039341 0.0169183 0.1768133 0.0000000 0.0116666 0.0058755 0.0073481 0.0031187 0.0422855 0.3013671 0.0045839 0.0152854 0.0500699 0.0043113 0.0256529 0.0194978 0.0029413 0.0301406 0.0670976 0.1722652
142 G 142 0.1618239 0.0587450 0.0443188 0.0518723 0.0000000 0.0330751 0.0562389 0.1400023 0.0091979 0.0192845 0.0280734 0.1036916 0.0065079 0.0091167 0.0329722 0.0333743 0.0303917 0.0000000 0.0055226 0.0310098 0.1447813
143 N 143 0.0398408 0.0426631 0.2967256 0.2045257 0.0000000 0.0384162 0.0443145 0.0410357 0.0410265 0.0000000 0.0050618 0.0105538 0.0037965 0.0000000 0.0058405 0.0432895 0.0182674 0.0029413 0.0148827 0.0000000 0.1468183
144 G 144 0.0162894 0.0042328 0.0296071 0.0485460 0.0000000 0.0282755 0.0221327 0.6073746 0.0000000 0.0000000 0.0066298 0.0100226 0.0000000 0.0000000 0.0027987 0.0428379 0.0192157 0.0000000 0.0238398 0.0000000 0.1381975
145 N 145 0.0468688 0.0113708 0.4451260 0.1043988 0.0000000 0.0032378 0.0268076 0.0958762 0.0028525 0.0000000 0.0000000 0.0000000 0.0000000 0.0000000 0.0000000 0.0981186 0.0111026 0.0000000 0.0026119 0.0276107 0.1240177
146 T 146 0.0384562 0.0757326 0.0149758 0.0182798 0.0188722 0.1136630 0.0826851 0.0045393 0.0192877 0.0617844 0.0674446 0.0180171 0.0060369 0.0098109 0.0052350 0.0367375 0.1041297 0.0076338 0.0181468 0.1609149 0.1176166
147 L 147 0.0130003 0.0000000 0.0000000 0.0000000 0.0000000 0.0288549 0.0076528 0.0065513 0.0527072 0.3135322 0.2152858 0.0038549 0.0337209 0.0228871 0.0000000 0.0019026 0.0257502 0.0000000 0.0040081 0.1526749 0.1176166
148 A 148 0.0821442 0.1685067 0.0000000 0.0315316 0.0000000 0.0437358 0.0081103 0.0291282 0.0417082 0.0301988 0.0639218 0.0715557 0.0314543 0.0264709 0.0093374 0.0721461 0.1092647 0.0000000 0.0150935 0.0452841 0.1204075
149 Q 149 0.1243053 0.0266064 0.0520389 0.0386935 0.0000000 0.1377615 0.0845174 0.1623958 0.0153796 0.0000000 0.0453191 0.0641612 0.0000000 0.0088834 0.0000000 0.0752796 0.0143931 0.0100762 0.0135346 0.0057336 0.1209208
150 Q 150 0.0439189 0.0937206 0.0121411 0.0283574 0.0029570 0.0806089 0.0505988 0.0101561 0.0077568 0.0595285 0.0442742 0.0276603 0.0057364 0.0063264 0.0000000 0.1445749 0.2152493 0.0044651 0.0021415 0.0450427 0.1147850
151 G 151 0.0882254 0.0000000 0.0000000 0.0000000 0.0000000 0.0000000 0.0057336 0.4183630 0.0000000 0.0057747 0.0036886 0.0000000 0.0093859 0.0075777 0.0000000 0.2811346 0.0604517 0.0000000 0.0026119 0.0079282 0.1091248
152 S 152 0.0317475 0.0419820 0.0200560 0.0147811 0.0000000 0.0303199 0.0480420 0.0225777 0.0145439 0.1057373 0.0468023 0.0239062 0.0104079 0.0156414 0.0081103 0.1914945 0.1820677 0.0000000 0.0173205 0.0542719 0.1201898
153 Y 153 0.0597565 0.0000000 0.0000000 0.0000000 0.0000000 0.0000000 0.0000000 0.0119229 0.0057336 0.0204417 0.0167620 0.0000000 0.0117394 0.3432756 0.0000000 0.0000000 0.0045839 0.0069527 0.2705145 0.1249386 0.1233787
154 T 154 0.0068592 0.0026258 0.0243244 0.0034479 0.0000000 0.0178184 0.0723448 0.0141086 0.0143310 0.0501097 0.1752308 0.0066681 0.0109267 0.0106435 0.0000000 0.0184758 0.3598005 0.0000000 0.0048038 0.0764711 0.1310099
155 K 155 0.0053129 0.2007229 0.0321851 0.0311239 0.0000000 0.0180047 0.0053227 0.0115945 0.0319145 0.0050167 0.0409922 0.1438697 0.0469276 0.0631780 0.0000000 0.0371032 0.0878861 0.0578141 0.0395074 0.0078669 0.1336573
156 T 156 0.1415134 0.0122347 0.0306499 0.0238925 0.0000000 0.0133755 0.2268425 0.0113336 0.0000000 0.0454817 0.0162444 0.0168839 0.0087575 0.0089807 0.0000000 0.1060167 0.1481025 0.0000000 0.0060170 0.0281678 0.1555056
157 N 157 0.0074719 0.0065546 0.1784950 0.5261597 0.0000000 0.0106406 0.0153420 0.0240260 0.0000000 0.0000000 0.0034113 0.0102793 0.0000000 0.0055235 0.0039191 0.0573249 0.0202277 0.0000000 0.0000000 0.0000000 0.1306244
158 G 158 0.0045808 0.0082066 0.0118383 0.0021875 0.0000000 0.0000000 0.0019750 0.8108298 0.0000000 0.0000000 0.0037951 0.0074281 0.0000000 0.0000000 0.0000000 0.0039898 0.0000000 0.0000000 0.0000000 0.0134078 0.1317613
159 T 159 0.0355385 0.0549015 0.0235868 0.0181093 0.0000000 0.0646089 0.0863144 0.0209794 0.0120118 0.0000000 0.0040039 0.1026239 0.0053227 0.0000000 0.0000000 0.2109799 0.2207184 0.0000000 0.0036018 0.0021195 0.1345794
160 T 160 0.0912072 0.0514445 0.0121347 0.0057871 0.0029570 0.0557637 0.0301697 0.0129544 0.0032255 0.0413731 0.0280121 0.0454986 0.0000000 0.0047614 0.0142812 0.0634624 0.2784963 0.0000000 0.0000000 0.1268471 0.1316240
161 A 161 0.0449195 0.0619353 0.0054486 0.0028871 0.0000000 0.0221715 0.0059256 0.4524201 0.0470979 0.0122438 0.0277727 0.0207864 0.0227340 0.0040561 0.0000000 0.0418997 0.0603914 0.0000000 0.0078805 0.0255387 0.1338911
162 K 162 0.0702273 0.0196183 0.0057479 0.0580471 0.0000000 0.0579388 0.1147901 0.0219823 0.0082878 0.0398048 0.0881497 0.0438780 0.0224187 0.0075188 0.0133939 0.0368972 0.1971324 0.0152954 0.0036300 0.0445394 0.1307022
163 M 163 0.1528301 0.0000000 0.0000000 0.0000000 0.0000000 0.0000000 0.0000000 0.0094183 0.0000000 0.1796429 0.1055549 0.0000000 0.1065749 0.0054351 0.0000000 0.0000000 0.0464797 0.0000000 0.0037965 0.2595654 0.1307022
164 G 164 0.2255446 0.0084741 0.0187910 0.0079612 0.0000000 0.1331404 0.0656543 0.1691873 0.0257482 0.0042328 0.0302456 0.0025497 0.0000000 0.0268874 0.0000000 0.0617208 0.0175308 0.0048038 0.0146199 0.0522058 0.1307022
165 D 165 0.0640220 0.0000000 0.0265714 0.4258672 0.0000000 0.1022360 0.0982137 0.0337504 0.0511458 0.0000000 0.0000000 0.0111689 0.0000000 0.0000000 0.0000000 0.0316626 0.0185708 0.0000000 0.0000000 0.0000000 0.1367911
166 L 166 0.0781642 0.0000000 0.0000000 0.0000000 0.0000000 0.0000000 0.0000000 0.0000000 0.0024030 0.1299529 0.1164094 0.0000000 0.0182666 0.0254639 0.0034044 0.0116231 0.0169397 0.0000000 0.0114209 0.4491608 0.1367911
167 L 167 0.0525483 0.0133737 0.1155035 0.2542852 0.0000000 0.0246177 0.0257771 0.0057747 0.0123617 0.0291686 0.0581053 0.0076571 0.0132805 0.0166927 0.0000000 0.0436917 0.0237207 0.1229891 0.0258254 0.0149666 0.1396604
168 L 168 0.0000000 0.0000000 0.0000000 0.0000000 0.0000000 0.0000000 0.0000000 0.0000000 0.0000000 0.0103546 0.4084704 0.0000000 0.0071825 0.4025231 0.0000000 0.0000000 0.0000000 0.0000000 0.0096032 0.0107976 0.1510685
169 A 169 0.3485924 0.0302698 0.0149956 0.0274681 0.0000000 0.0276805 0.0132918 0.0311768 0.0000000 0.0107415 0.0345515 0.0567321 0.0230117 0.0000000 0.0127205 0.0557446 0.0475471 0.0000000 0.0066674 0.0784096 0.1803987
170 A 170 0.0864998 0.0133647 0.0295679 0.0020155 0.0108160 0.0429926 0.0237459 0.0092369 0.0089169 0.0331379 0.0168198 0.0135236 0.0088143 0.0584801 0.0000000 0.0553861 0.0863649 0.0000000 0.0674466 0.1903540 0.2425164
171 D 171 0.0137385 0.0040298 0.1568683 0.2036987 0.0000000 0.0181247 0.0428199 0.0111232 0.0000000 0.0000000 0.0048525 0.0164072 0.0000000 0.0066969 0.0000000 0.0835451 0.0204679 0.0000000 0.0000000 0.0000000 0.4176272
172 N 172 0.0335964 0.0178664 0.0806655 0.0304661 0.0000000 0.0125080 0.0218898 0.0186433 0.0060378 0.0000000 0.0085062 0.0508264 0.0061358 0.0026774 0.0818328 0.0495237 0.1081547 0.0000000 0.0067213 0.0038276 0.4601208
173 L 173 0.0341654 0.0060021 0.0189699 0.0000000 0.0000000 0.0089099 0.0000000 0.0033182 0.0000000 0.0358191 0.0625671 0.0116934 0.0073354 0.1055140 0.0104332 0.0666491 0.0439562 0.0000000 0.0154409 0.0457339 0.5234920
174 H 174 0.0143304 0.0183720 0.0191898 0.0982406 0.0000000 0.0241690 0.0105901 0.0459090 0.0504699 0.0000000 0.0052941 0.0120563 0.0000000 0.0055396 0.0023112 0.0316687 0.0019176 0.0000000 0.1021091 0.0050455 0.5527871
175 S 175 0.0023304 0.0828355 0.0370404 0.0061358 0.0000000 0.0060170 0.0092911 0.0000000 0.0075282 0.0000000 0.0029740 0.0000000 0.0000000 0.0027434 0.0000000 0.1024805 0.1276371 0.0071046 0.0206226 0.0000000 0.5852594
176 R 176 0.0027909 0.1022353 0.0037146 0.0255628 0.0000000 0.0270669 0.0535636 0.0000000 0.0070007 0.0027434 0.0000000 0.0339512 0.0000000 0.0032413 0.0000000 0.0130487 0.0479726 0.0000000 0.0094883 0.0135226 0.6540973
177 F 177 0.0026893 0.0233135 0.0050568 0.0043235 0.0000000 0.0000000 0.0072069 0.0000000 0.0079709 0.0311135 0.0128089 0.0000000 0.0000000 0.1070757 0.0034989 0.0000000 0.0023112 0.0032538 0.0674585 0.0156256 0.7062931
178 L 178 0.0037376 0.0000000 0.0000000 0.0026831 0.0000000 0.0000000 0.0336664 0.0032059 0.0000000 0.0139222 0.0372220 0.0162640 0.0000000 0.0040561 0.0114867 0.0196836 0.0929659 0.0000000 0.0000000 0.0165636 0.7445429
179 E 179 0.0000000 0.0000000 0.0000000 0.0884550 0.0000000 0.0286514 0.0596612 0.0000000 0.0000000 0.0000000 0.0000000 0.0000000 0.0000000 0.0000000 0.0000000 0.0000000 0.0000000 0.0000000 0.0000000 0.0000000 0.8232324
