  401         A         R         N         D         C         Q         E         G         H         I         L         K         M         F         P         S         T         W         Y         V         X    
  1 M   1 0.0000000 0.0000000 0.0000000 0.0000000 0.0000000 0.0000000 0.0000000 0.0000000 0.0000000 0.0040403 0.0000000 0.0000000 0.0117354 0.0000000 0.0000000 0.0000000 0.0000000 0.0000000 0.0000000 0.0000000 0.9842244
  2 A   2 0.0071926 0.0000000 0.0000000 0.0000000 0.0000000 0.0000000 0.0000000 0.0000000 0.0000000 0.0000000 0.0000000 0.0021503 0.0000000 0.0023924 0.0000000 0.0040403 0.0000000 0.0000000 0.0000000 0.0000000 0.9842244
  3 H   3 0.0021503 0.0000000 0.0000000 0.0000000 0.0000000 0.0000000 0.0000000 0.0000000 0.0054606 0.0000000 0.0000000 0.0000000 0.0000000 0.0040403 0.0000000 0.0023924 0.0000000 0.0000000 0.0000000 0.0033167 0.9826398
  4 H   4 0.0000000 0.0000000 0.0000000 0.0000000 0.0040403 0.0000000 0.0000000 0.0000000 0.0038759 0.0000000 0.0094389 0.0000000 0.0000000 0.0033167 0.0000000 0.0045660 0.0000000 0.0000000 0.0000000 0.0023924 0.9723699
  5 H   5 0.0033097 0.0000000 0.0000000 0.0000000 0.0000000 0.0000000 0.0000000 0.0000000 0.0038759 0.0051317 0.0189477 0.0000000 0.0015846 0.0000000 0.0000000 0.0000000 0.0000000 0.0000000 0.0000000 0.0009231 0.9662273
  6 H   6 0.0110368 0.0044961 0.0000000 0.0000000 0.0000000 0.0000000 0.0012849 0.0000000 0.0068715 0.0000000 0.0080781 0.0000000 0.0000000 0.0021503 0.0000000 0.0023924 0.0000000 0.0000000 0.0018867 0.0000000 0.9618032
  7 H   7 0.0000000 0.0000000 0.0000000 0.0000000 0.0000000 0.0000000 0.0000000 0.0000000 0.0064367 0.0022598 0.0100633 0.0000000 0.0000000 0.0198951 0.0000000 0.0031421 0.0000000 0.0000000 0.0015846 0.0046229 0.9519955
  8 H   8 0.0000000 0.0000000 0.0000000 0.0000000 0.0000000 0.0000000 0.0000000 0.0000000 0.0061830 0.0029115 0.0158721 0.0000000 0.0000000 0.0371450 0.0000000 0.0000000 0.0000000 0.0000000 0.0021527 0.0010225 0.9347132
  9 V   9 0.0448732 0.0022943 0.0000000 0.0000000 0.0000000 0.0000000 0.0000000 0.0055036 0.0000000 0.0028720 0.0406093 0.0000000 0.0009667 0.0039858 0.0000000 0.0060777 0.0035182 0.0048171 0.0000000 0.0306119 0.8538702
 10 D  10 0.0026077 0.0005509 0.0000000 0.0038759 0.0089551 0.0000000 0.0000000 0.0011418 0.0039422 0.0105395 0.1091906 0.0000000 0.0000000 0.0000000 0.0451371 0.0023453 0.0028587 0.0027777 0.0000000 0.0065221 0.7995555
 11 D  11 0.0079310 0.0060583 0.0044093 0.0038759 0.0000000 0.0263310 0.0013398 0.0105440 0.0345496 0.0030136 0.0052637 0.0055326 0.0000000 0.0000000 0.0213366 0.0078139 0.1406625 0.0000000 0.0012944 0.0045718 0.7154720
 12 D  12 0.0093686 0.0058756 0.0011582 0.0170847 0.0023348 0.0710790 0.0851745 0.0561208 0.0011028 0.0011085 0.0054656 0.0066558 0.0022643 0.0000000 0.0025155 0.0188561 0.0094205 0.0027777 0.0016249 0.0056046 0.6944074
 13 D  13 0.0696278 0.0059489 0.0045618 0.0038759 0.0000000 0.0000000 0.0000000 0.0000000 0.0022811 0.0080518 0.0063387 0.0000000 0.0003625 0.0000000 0.0034214 0.0279338 0.1809851 0.0000000 0.0060872 0.0179278 0.6625963
 14 K  14 0.0339005 0.0601628 0.0040570 0.0008251 0.0233315 0.0235881 0.0051302 0.0172637 0.0148829 0.0000000 0.0080654 0.0055129 0.0000000 0.0073382 0.0129922 0.0545409 0.0017297 0.0711209 0.0020417 0.0079705 0.6455459
 15 I  15 0.2950722 0.0000000 0.0012657 0.0013194 0.0163105 0.0012971 0.0070759 0.0077401 0.0011930 0.0064178 0.0076489 0.0047471 0.0000000 0.0000000 0.0089979 0.0093479 0.0197406 0.0000000 0.0000000 0.0028066 0.6090192
 16 G  16 0.0242241 0.0280898 0.0000000 0.0040403 0.0032794 0.0000000 0.0151362 0.3015953 0.0000000 0.0000000 0.0024466 0.0000000 0.0017707 0.0000000 0.0017664 0.0102313 0.0000000 0.0018188 0.0000000 0.0548374 0.5507638
 17 S  17 0.0002930 0.0024962 0.0027156 0.0000000 0.0000000 0.0014894 0.0000000 0.0024575 0.0045138 0.0064544 0.0103157 0.0173909 0.0016832 0.0024441 0.0406225 0.2984381 0.1165202 0.0004324 0.0009235 0.0009267 0.4898828
 18 H  18 0.0000000 0.0014688 0.0028696 0.0000000 0.0000000 0.0016142 0.0000000 0.0000000 0.5205652 0.0000000 0.0000000 0.0000000 0.0000000 0.0000000 0.0067256 0.0000000 0.0000000 0.0000000 0.0225042 0.0000000 0.4442524
 19 S  19 0.0013514 0.0011168 0.0000000 0.0000000 0.0000000 0.0000000 0.0000000 0.0000000 0.0000000 0.0000000 0.0028625 0.0013514 0.0000000 0.0070937 0.0000000 0.4906741 0.0356172 0.0150930 0.0000000 0.0000000 0.4448399
 20 M  20 0.0000000 0.0007882 0.0000000 0.0000000 0.0000000 0.0000000 0.0000000 0.0000000 0.0045865 0.0000000 0.4526849 0.0012475 0.0837717 0.0041124 0.0000000 0.0000000 0.0027745 0.0073240 0.0040592 0.0007281 0.4379229
 21 R  21 0.0000000 0.2922462 0.0126753 0.0000000 0.0020282 0.0455610 0.0029856 0.0042260 0.0264167 0.0023528 0.0117941 0.0980046 0.0022620 0.0008394 0.0000000 0.0263589 0.0134512 0.0020173 0.0158622 0.0031170 0.4378014
 22 Y  22 0.0073240 0.0000000 0.0044068 0.0000000 0.0018364 0.0000000 0.0000000 0.0025180 0.0096048 0.0062634 0.0027522 0.0000000 0.0000000 0.0370875 0.0000000 0.0019231 0.0106766 0.0000000 0.4733903 0.0058228 0.4363941
 23 F  23 0.0009985 0.0000000 0.0029814 0.0000000 0.0049625 0.0000000 0.0000000 0.0000000 0.0176813 0.0451707 0.0620474 0.0022811 0.0000000 0.3851762 0.0024575 0.0079030 0.0000000 0.0000000 0.0191402 0.0151826 0.4340176
 24 H  24 0.0041349 0.0158273 0.0145424 0.0201367 0.0049617 0.0167340 0.0117728 0.0032660 0.0453661 0.0190011 0.0164999 0.0058994 0.0016558 0.0489665 0.0007207 0.0383256 0.0184997 0.0000000 0.2598673 0.0216428 0.4321794
 25 T  25 0.0110944 0.0000000 0.0021998 0.0000000 0.0014870 0.0000000 0.0000000 0.0000000 0.0014984 0.0212713 0.0237120 0.0000000 0.0135577 0.0000000 0.0059882 0.0194173 0.4528930 0.0010072 0.0041068 0.0091736 0.4325933
 26 S  26 0.2772923 0.0031326 0.0000000 0.0013134 0.0050261 0.0044612 0.0042948 0.1226373 0.0000000 0.0119042 0.0240053 0.0000000 0.0011582 0.0031321 0.0000000 0.0523247 0.0204944 0.0012688 0.0004770 0.0325994 0.4344781
 27 V  27 0.0212380 0.0000000 0.0021884 0.0000000 0.0000000 0.0000000 0.0031516 0.0000000 0.0000000 0.0240274 0.0796825 0.0000000 0.0541153 0.0049677 0.0024575 0.0772658 0.0317452 0.0023757 0.0011028 0.2600670 0.4356150
 28 S  28 0.0063320 0.0000000 0.0000000 0.0000000 0.0000000 0.0000000 0.0053000 0.0000000 0.0010986 0.0000000 0.0112840 0.0018068 0.0013629 0.0021184 0.0064663 0.4562931 0.0708150 0.0012727 0.0028747 0.0000000 0.4329755
 29 R  29 0.0089708 0.1966392 0.0042431 0.0633235 0.0007207 0.0361018 0.0727817 0.0908300 0.0069925 0.0006695 0.0043623 0.0308450 0.0000000 0.0009826 0.0022563 0.0064738 0.0062283 0.0217266 0.0000000 0.0015835 0.4442687
 30 P  30 0.0062000 0.0182307 0.0000000 0.0072097 0.0000000 0.0021702 0.0017343 0.0049481 0.0056842 0.0023216 0.0146625 0.0006006 0.0025574 0.0000000 0.3780753 0.0050567 0.0015686 0.0000000 0.0031614 0.0602401 0.4855784
 31 G  31 0.0223460 0.0075755 0.0099322 0.0516920 0.0000000 0.0000000 0.0094761 0.2890184 0.0000000 0.0242831 0.0134829 0.0000000 0.0000000 0.0000000 0.0000000 0.0369850 0.0188254 0.0018966 0.0000000 0.0261054 0.4883815
 32 R  32 0.0082866 0.0844033 0.0016893 0.0025308 0.0000000 0.0299013 0.0086285 0.0056091 0.0182310 0.0232968 0.1035019 0.0131984 0.0140773 0.0218156 0.1673186 0.0234504 0.0169252 0.0035307 0.0073105 0.0023645 0.4439303
 33 G  33 0.0081512 0.0222296 0.0697642 0.0343508 0.0000000 0.0064516 0.0296203 0.3251978 0.0000000 0.0013801 0.0170539 0.0009659 0.0009033 0.0000000 0.0021659 0.0159990 0.0021533 0.0061162 0.0000000 0.0125781 0.4449189
 34 E  34 0.0041183 0.0017380 0.0027526 0.0162573 0.0000000 0.0151273 0.1870265 0.0005015 0.0030916 0.0520339 0.0658766 0.0158932 0.0147516 0.1224485 0.0000000 0.0040943 0.0035307 0.0000000 0.0000000 0.0586055 0.4321526
 35 P  35 0.0078473 0.0022206 0.0000000 0.0025670 0.0000000 0.0000000 0.0000000 0.0000000 0.0182773 0.0000000 0.0061299 0.0000000 0.0000000 0.0000000 0.4827386 0.0279032 0.0043999 0.0000000 0.0145674 0.0000000 0.4333488
 36 R  36 0.0102929 0.1903713 0.0016142 0.0021393 0.0005705 0.0785541 0.1903113 0.0062858 0.0125389 0.0000000 0.0232411 0.0036466 0.0035307 0.0018618 0.0003275 0.0140504 0.0000000 0.0295161 0.0000000 0.0020130 0.4291346
 37 F  37 0.0000000 0.0000000 0.0000000 0.0035307 0.0015517 0.0000000 0.0000000 0.0000000 0.0031502 0.0052406 0.0103473 0.0012475 0.0000000 0.4635125 0.0000000 0.0043192 0.0000000 0.0000000 0.0648804 0.0121588 0.4300609
 38 I  38 0.0053947 0.0087109 0.0000000 0.0000000 0.0013137 0.0169287 0.0135564 0.0000000 0.0000000 0.1826614 0.0352468 0.0000000 0.0339552 0.0246997 0.0000000 0.0362381 0.0701105 0.0007330 0.0018076 0.1385825 0.4300609
 39 T  39 0.1983652 0.0046984 0.0011788 0.0079641 0.0019891 0.0116580 0.0323981 0.0240334 0.0051554 0.0595095 0.0051576 0.0031383 0.0011405 0.0120543 0.0000000 0.0963214 0.0457726 0.0000000 0.0073171 0.0528357 0.4293126
 40 V  40 0.0249201 0.0079907 0.0000000 0.0029814 0.0000000 0.0012798 0.0000000 0.0028962 0.0000000 0.0188552 0.0344358 0.0000000 0.0343470 0.0050293 0.0000000 0.0118493 0.0159711 0.0000000 0.0000000 0.4101315 0.4293126
 41 G  41 0.0442076 0.0005598 0.0073240 0.0003641 0.0018158 0.0000000 0.0012006 0.4613260 0.0059847 0.0052003 0.0011376 0.0000000 0.0137159 0.0000000 0.0000000 0.0108893 0.0041168 0.0000000 0.0000000 0.0128120 0.4293453
 42 Y  42 0.0024540 0.0042820 0.0000000 0.0000000 0.0047043 0.0032480 0.0000000 0.0000000 0.0044107 0.0082223 0.0869857 0.0000000 0.0463876 0.0321167 0.0000000 0.0042351 0.0008707 0.0000000 0.3634973 0.0095862 0.4289994
 43 V  43 0.0022811 0.0000000 0.0000000 0.0000000 0.0000000 0.0000000 0.0035307 0.0008366 0.0000000 0.0144816 0.0821359 0.0000000 0.0123096 0.0047765 0.0000000 0.0000000 0.0000000 0.0000000 0.0000000 0.4508714 0.4287766
 44 D  44 0.0000000 0.0024540 0.0341592 0.5263197 0.0000000 0.0000000 0.0025129 0.0022469 0.0000000 0.0000000 0.0000000 0.0000000 0.0000000 0.0000000 0.0035307 0.0000000 0.0000000 0.0000000 0.0000000 0.0000000 0.4287766
 45 D  45 0.0053010 0.0006591 0.0279171 0.3472263 0.0000000 0.0000000 0.0402577 0.1118859 0.0041733 0.0000000 0.0000000 0.0008494 0.0000000 0.0000000 0.0000000 0.0285443 0.0000000 0.0000000 0.0013137 0.0000000 0.4318721
 46 T  46 0.0101793 0.0287255 0.0028562 0.0025960 0.0000000 0.1041810 0.0440586 0.0142627 0.0136472 0.0508596 0.0117346 0.0104559 0.0127069 0.0021884 0.0000000 0.0004981 0.1804023 0.0000000 0.0011847 0.0775909 0.4318721
 47 L  47 0.0099787 0.0091157 0.0000000 0.0023193 0.0000000 0.3311522 0.0515650 0.0005942 0.0057704 0.0080105 0.0586923 0.0019121 0.0080246 0.0000000 0.0694035 0.0000000 0.0000000 0.0000000 0.0000000 0.0118692 0.4315923
 48 F  48 0.0054058 0.0000000 0.0000000 0.0000000 0.0043253 0.0024540 0.0000000 0.0022669 0.0025614 0.1264867 0.0095183 0.0014870 0.0376403 0.3351696 0.0000000 0.0009319 0.0038318 0.0000000 0.0190003 0.0170183 0.4319024
 49 V  49 0.0126802 0.0037051 0.0088588 0.0526917 0.0031470 0.0174169 0.0178619 0.0503854 0.0000000 0.0248616 0.0254103 0.0000000 0.0275487 0.0193455 0.0000000 0.0200990 0.0263840 0.0039542 0.0058661 0.2486074 0.4311761
 50 R  50 0.0033709 0.2379790 0.0067120 0.0037269 0.0039530 0.0113002 0.0000000 0.0238118 0.0947400 0.0012033 0.0030593 0.0095942 0.0041434 0.0050410 0.0000000 0.0344678 0.0090351 0.0050011 0.1092619 0.0021884 0.4314109
 51 F  51 0.0000000 0.0024540 0.0000000 0.0000000 0.0176676 0.0000000 0.0000000 0.0000000 0.0008014 0.0000000 0.0136257 0.0000000 0.0000000 0.2608805 0.0000000 0.0013373 0.0000000 0.0000000 0.2730977 0.0020553 0.4280806
 52 D  52 0.0010072 0.0008217 0.0947081 0.4309129 0.0000000 0.0000000 0.0060551 0.0074637 0.0065381 0.0000000 0.0035307 0.0012511 0.0000000 0.0000000 0.0000000 0.0174423 0.0021884 0.0000000 0.0000000 0.0000000 0.4280806
 53 S  53 0.0008113 0.0000000 0.0154663 0.0000000 0.0009244 0.0000000 0.0000000 0.0110146 0.0124317 0.0004122 0.0000000 0.0000000 0.0000000 0.0000000 0.0027652 0.5095555 0.0101564 0.0000000 0.0000000 0.0000000 0.4364626
 54 D  54 0.0058871 0.0140349 0.0917758 0.2168777 0.0007654 0.0039162 0.0735292 0.0009182 0.0056449 0.0254511 0.0039542 0.0249147 0.0000000 0.0000000 0.0000000 0.0106092 0.0151269 0.0017429 0.0036579 0.0049540 0.4962397
 55 A  55 0.1739000 0.0245584 0.0086281 0.0060203 0.0012729 0.0000000 0.0245825 0.0284731 0.0025367 0.0408917 0.0014830 0.0106873 0.0041067 0.0000000 0.0000000 0.0301660 0.0309904 0.0035678 0.0009235 0.0101456 0.5970661
 56 A  56 0.0859770 0.0680343 0.0044320 0.0067550 0.0010525 0.0166764 0.0946544 0.0353610 0.0040961 0.0000000 0.0004973 0.0522719 0.0014125 0.0000000 0.0315254 0.0093307 0.0059160 0.0000000 0.0000000 0.0246247 0.5573828
 57 S  57 0.0091980 0.0043716 0.0931699 0.0167875 0.0029872 0.0007575 0.0082819 0.0021194 0.0018301 0.0141567 0.0017752 0.0052213 0.0047487 0.0048943 0.0000000 0.1409310 0.1538147 0.0000000 0.0021098 0.0084382 0.5244069
 58 P  58 0.0241323 0.0705943 0.0041953 0.0031515 0.0000000 0.0834677 0.0025783 0.0185833 0.0025657 0.0016900 0.0104610 0.0415112 0.0249948 0.0012798 0.1704395 0.0097457 0.0010300 0.0000000 0.0000000 0.0067674 0.5228121
 59 R  59 0.0026905 0.3410463 0.0000000 0.0000000 0.0000000 0.0214873 0.0184696 0.0099197 0.0000000 0.0055609 0.0035533 0.1078020 0.0097544 0.0000000 0.0017429 0.0083580 0.0042170 0.0046930 0.0000000 0.0066356 0.4540697
 60 E  60 0.1479690 0.0027030 0.0050493 0.0123190 0.0002836 0.0004333 0.0300568 0.0053362 0.0017757 0.0102480 0.0213401 0.0486163 0.1409552 0.0153887 0.0046710 0.0080124 0.0214925 0.0008523 0.0262860 0.0519746 0.4442370
 61 E  61 0.0012894 0.0112503 0.0000000 0.0021282 0.0000000 0.0294750 0.3140272 0.0007382 0.0026653 0.0463957 0.0195868 0.0260663 0.0017856 0.0022637 0.0017429 0.0000000 0.0048740 0.0000000 0.0000000 0.0907820 0.4449295
 62 P  62 0.0140133 0.0014216 0.0063213 0.0000000 0.0000000 0.0103865 0.0000000 0.0059490 0.0129436 0.0053286 0.0109461 0.0000000 0.0000000 0.0058549 0.4612486 0.0220893 0.0064051 0.0000000 0.0000000 0.0021020 0.4349901
 63 R  63 0.0128337 0.2966351 0.0000000 0.0040403 0.0248798 0.0169140 0.0011362 0.0059731 0.0021035 0.0145772 0.0278110 0.1337645 0.0030928 0.0019135 0.0000000 0.0055153 0.0108012 0.0011877 0.0000000 0.0032014 0.4336198
 64 A  64 0.2550173 0.0011385 0.0000000 0.0000000 0.0000000 0.1202533 0.0038116 0.0150961 0.0000000 0.0020168 0.0069084 0.0074691 0.0042344 0.0024576 0.0008438 0.0051184 0.0782930 0.0014881 0.0023193 0.0661068 0.4274274
 65 P  65 0.0233251 0.0359101 0.0021442 0.0911761 0.0000000 0.0431602 0.0692344 0.0089866 0.0075516 0.0006214 0.0103142 0.0048091 0.0007312 0.0000000 0.2403900 0.0208051 0.0075859 0.0037371 0.0012727 0.0033914 0.4248536
 66 W  66 0.0000000 0.0000000 0.0000000 0.0000000 0.0013460 0.0000000 0.0009635 0.0011037 0.0000000 0.0000000 0.0038615 0.0026653 0.0028275 0.0030680 0.0000000 0.0092818 0.0000000 0.5438490 0.0000000 0.0020389 0.4289949
 67 I  67 0.0192688 0.0076489 0.0000000 0.0000000 0.0000000 0.0016367 0.0013970 0.0017581 0.0000000 0.1111164 0.0540129 0.0034959 0.2754180 0.0000000 0.0000000 0.0102245 0.0022025 0.0000000 0.0000000 0.0854497 0.4263706
 68 E  68 0.0282742 0.0377716 0.0206164 0.0323567 0.0035307 0.0253811 0.2526131 0.0120784 0.0022912 0.0007512 0.0000000 0.1029721 0.0021037 0.0000000 0.0100979 0.0217363 0.0058846 0.0000000 0.0013368 0.0052073 0.4349966
 69 Q  69 0.0434270 0.0479758 0.0257195 0.0046172 0.0000000 0.2194155 0.0686696 0.0224496 0.0068087 0.0039333 0.0121971 0.0754210 0.0030071 0.0007449 0.0040572 0.0138159 0.0128158 0.0004705 0.0000000 0.0069458 0.4275084
 70 E  70 0.0217703 0.0101215 0.0420900 0.0400009 0.0020417 0.0105937 0.2627851 0.0000000 0.0030903 0.0013485 0.0278415 0.0295035 0.0267410 0.0008657 0.0020976 0.0014881 0.0248242 0.0000000 0.0000000 0.0618809 0.4309156
 71 G  71 0.0102360 0.0086874 0.0175917 0.1528866 0.0000000 0.0061049 0.0373344 0.2299371 0.0066877 0.0006221 0.0212364 0.0071476 0.0143723 0.0000000 0.0145945 0.0171654 0.0169427 0.0011582 0.0016555 0.0024324 0.4332070
 72 P  72 0.0492276 0.0106084 0.0000000 0.0036942 0.0000000 0.0768153 0.0136252 0.0023308 0.0000000 0.0034635 0.0049454 0.0087698 0.0122517 0.0000000 0.3297562 0.0398825 0.0140564 0.0000000 0.0007608 0.0013306 0.4284816
 73 E  73 0.0099170 0.0035375 0.0043162 0.0873952 0.0000000 0.1133013 0.2938040 0.0191567 0.0017494 0.0000000 0.0040986 0.0109651 0.0000000 0.0000000 0.0000000 0.0151403 0.0023879 0.0000000 0.0068508 0.0000000 0.4273800
 74 Y  74 0.0014435 0.0000000 0.0023473 0.0182406 0.0010595 0.0047291 0.0021127 0.0017429 0.0540426 0.0000000 0.0146603 0.0000000 0.0041515 0.0261639 0.0000000 0.0013965 0.0052624 0.0005536 0.4350272 0.0024540 0.4246124
 75 W  75 0.0011199 0.0022208 0.0040403 0.0037374 0.0025756 0.0000000 0.0000000 0.0000000 0.0000000 0.0054187 0.0476878 0.0014125 0.0012136 0.0121811 0.0046282 0.0031928 0.0000000 0.4846763 0.0000000 0.0007291 0.4251661
 76 D  76 0.0144766 0.0055400 0.0182975 0.1590064 0.0000000 0.0103272 0.3160092 0.0065525 0.0006975 0.0000000 0.0141002 0.0292644 0.0000000 0.0000000 0.0000000 0.0014135 0.0026525 0.0000000 0.0000000 0.0010215 0.4206410
 77 R  77 0.0052834 0.2240034 0.0105771 0.0147867 0.0000000 0.0556753 0.0634500 0.0202256 0.0039531 0.0029695 0.0159497 0.0743887 0.0122574 0.0000000 0.0024540 0.0222337 0.0201514 0.0248056 0.0034209 0.0036178 0.4197966
 78 E  78 0.0082237 0.0057361 0.0870528 0.0031861 0.0006039 0.1252549 0.2126631 0.0356981 0.0021619 0.0028673 0.0259654 0.0032646 0.0034867 0.0000000 0.0017429 0.0050897 0.0079084 0.0015307 0.0379265 0.0073300 0.4223074
 79 T  79 0.0056144 0.0080802 0.0091010 0.0024540 0.0000000 0.0000000 0.0017376 0.0028163 0.0000000 0.0041005 0.0000000 0.0122677 0.0031668 0.0000000 0.0018597 0.0453047 0.4787320 0.0000000 0.0000000 0.0016367 0.4231286
 80 Q  80 0.0175170 0.1183679 0.0159282 0.0150335 0.0000000 0.2505271 0.0540720 0.0252354 0.0114055 0.0000000 0.0185608 0.0323955 0.0000000 0.0014435 0.0005252 0.0032813 0.0057889 0.0051648 0.0005438 0.0012349 0.4229745
 81 I  81 0.0049562 0.0519362 0.0663092 0.0167095 0.0000000 0.0163434 0.0045806 0.0168048 0.0035834 0.1626560 0.0412499 0.0589657 0.0080080 0.0057550 0.0040403 0.0594526 0.0228990 0.0004784 0.0142188 0.0180786 0.4229745
 82 C  82 0.1497264 0.0437881 0.0054637 0.0033842 0.0358805 0.0243372 0.0014141 0.0144176 0.0038997 0.0113280 0.0876923 0.0005467 0.0270850 0.0426187 0.0004553 0.0483806 0.0065359 0.0010153 0.0171450 0.0607695 0.4141162
 83 K  83 0.0062302 0.0788835 0.0006005 0.0000000 0.0000000 0.0624480 0.0119110 0.0000000 0.0023847 0.0293360 0.0558910 0.2451589 0.0159557 0.0194687 0.0033284 0.0057873 0.0240798 0.0081471 0.0000000 0.0173957 0.4129934
 84 A  84 0.0639938 0.0342667 0.0473434 0.0535449 0.0000000 0.0037686 0.0482857 0.2079277 0.0101339 0.0099117 0.0013801 0.0119384 0.0000000 0.0000000 0.0000000 0.0588720 0.0188012 0.0007983 0.0064784 0.0127816 0.4097735
 85 K  85 0.0544702 0.0428032 0.0729937 0.0274619 0.0020765 0.0312472 0.0180460 0.0116938 0.0414547 0.0082703 0.0283657 0.0415529 0.0094787 0.0096054 0.0006151 0.0497109 0.0620099 0.0488636 0.0185716 0.0116414 0.4090671
 86 A  86 0.1186313 0.0102407 0.0016298 0.0121904 0.0000000 0.1096668 0.1889622 0.0176103 0.0275611 0.0035380 0.0071773 0.0097694 0.0105831 0.0018966 0.0045830 0.0301482 0.0302883 0.0000000 0.0058221 0.0023674 0.4073341
 87 Q  87 0.0168525 0.0220394 0.0022206 0.0142252 0.0000000 0.3489665 0.0249953 0.0046116 0.0321688 0.0019652 0.0222809 0.0333892 0.0048361 0.0035307 0.0292794 0.0086416 0.0069091 0.0018648 0.0033841 0.0108881 0.4069509
 88 T  88 0.0243497 0.0244499 0.0447450 0.0243233 0.0024567 0.0109901 0.0038133 0.0143685 0.0007064 0.0805257 0.0210818 0.0070368 0.0182687 0.0217450 0.0018597 0.0483782 0.1255842 0.0486592 0.0025716 0.0695784 0.4045077
 89 D  89 0.0185554 0.0035294 0.0111434 0.0482551 0.0046780 0.0161955 0.0055852 0.0146083 0.0062234 0.0056010 0.0249172 0.0011494 0.0080670 0.3341895 0.0057513 0.0228100 0.0095540 0.0000000 0.0455156 0.0091635 0.4045077
 90 R  90 0.0069861 0.2230072 0.0165108 0.0038370 0.0012849 0.0265547 0.0117124 0.0103941 0.0075814 0.0142997 0.0186889 0.1968475 0.0103486 0.0166136 0.0088280 0.0057260 0.0111297 0.0000000 0.0027454 0.0028896 0.4040142
 91 E  91 0.0728313 0.0417282 0.0310172 0.0111642 0.0009635 0.0068879 0.0495303 0.0432357 0.0274487 0.0043020 0.0267239 0.0128769 0.0107519 0.0055025 0.0000000 0.0183582 0.0069964 0.0056589 0.0046430 0.2154536 0.4039259
 92 D  92 0.0061114 0.0072765 0.2470312 0.0652686 0.0062369 0.0032646 0.0292685 0.0412904 0.0070088 0.0120051 0.0358238 0.0166523 0.0025060 0.0112981 0.0000000 0.0628702 0.0248205 0.0017865 0.0105458 0.0047264 0.4042085
 93 L  93 0.0000000 0.0013887 0.0000000 0.0000000 0.0023366 0.0022206 0.0000000 0.0031259 0.0033167 0.1223117 0.3611171 0.0000000 0.0201682 0.0171144 0.0024540 0.0056984 0.0060756 0.0000000 0.0012402 0.0525314 0.3989005
 94 R  94 0.0152219 0.1256624 0.0597054 0.0411301 0.0000000 0.0579086 0.0791057 0.0464820 0.0061353 0.0113795 0.0183518 0.0691101 0.0100307 0.0000000 0.0085140 0.0070860 0.0049661 0.0287004 0.0023813 0.0102518 0.3978768
 95 T  95 0.0078484 0.0167145 0.0683712 0.0219909 0.0000000 0.0031238 0.0044128 0.0009057 0.0053289 0.1170760 0.0162887 0.0208265 0.0073799 0.0305402 0.0000000 0.0223620 0.2060295 0.0043578 0.0050170 0.0439536 0.3974726
 96 L  96 0.1354482 0.0074816 0.0071191 0.0000000 0.0005120 0.0000000 0.0000000 0.0167680 0.0022206 0.0498511 0.2968074 0.0000000 0.0248934 0.0029454 0.0018597 0.0027607 0.0064776 0.0023024 0.0000000 0.0521429 0.3904099
 97 L  97 0.0241847 0.1337870 0.0018668 0.0000000 0.0000000 0.0394466 0.0007390 0.0058768 0.0016934 0.0169131 0.1153027 0.0886754 0.1276863 0.0077360 0.0101896 0.0088367 0.0050004 0.0050404 0.0000000 0.0201289 0.3868963
 98 R  98 0.0040853 0.0731981 0.0167043 0.0640016 0.0003440 0.0707787 0.0724954 0.1518696 0.0253528 0.0039854 0.0236908 0.0497104 0.0000000 0.0000000 0.0130821 0.0222607 0.0119733 0.0006259 0.0000000 0.0096926 0.3861491
 99 Y  99 0.0111376 0.2113471 0.0194276 0.0071254 0.0010475 0.0126045 0.0052012 0.0036602 0.0226627 0.0175088 0.0202011 0.0046910 0.0016873 0.0157755 0.0018597 0.0072816 0.0083283 0.0000000 0.2356933 0.0053135 0.3874461
100 Y 100 0.0032201 0.0067518 0.0150117 0.0000000 0.0016021 0.0050765 0.0063029 0.0069644 0.0231501 0.0017865 0.0306322 0.0000000 0.0285736 0.1498248 0.0013293 0.0056333 0.0077216 0.0004784 0.3184658 0.0039713 0.3835036
101 N 101 0.0054757 0.0334413 0.5010814 0.0029814 0.0000000 0.0058292 0.0045821 0.0057111 0.0000000 0.0041293 0.0033878 0.0187235 0.0011349 0.0058430 0.0066493 0.0050474 0.0139271 0.0017865 0.0000000 0.0014723 0.3787967
102 Q 102 0.0035748 0.0078843 0.0094333 0.0195640 0.0024987 0.4621034 0.0575636 0.0062886 0.0684067 0.0000000 0.0092714 0.0417536 0.0000000 0.0016783 0.0009753 0.0065842 0.0000000 0.0000000 0.0086528 0.0000000 0.2937671
103 S 103 0.0019175 0.0117519 0.0316301 0.0014011 0.0018597 0.0102765 0.0000000 0.0045289 0.0022206 0.0018465 0.0013539 0.0092597 0.0006627 0.0022570 0.0104970 0.3506935 0.2463819 0.0000000 0.0150043 0.0018993 0.2945580
104 E 104 0.0227758 0.0385309 0.0147637 0.0240051 0.0168810 0.0250968 0.1474490 0.0290145 0.0054587 0.0033952 0.0072917 0.0456219 0.0210530 0.0010894 0.0030309 0.0109889 0.0025050 0.0668869 0.0092168 0.0040033 0.5009411
105 A 105 0.2000720 0.0197248 0.0243256 0.0376832 0.0000000 0.0112000 0.0441045 0.1926696 0.0000000 0.0021279 0.0037800 0.0218089 0.0000000 0.0000000 0.0156080 0.0706565 0.0510600 0.0024123 0.0000000 0.0080635 0.2947033
106 G 106 0.0051965 0.0049643 0.0019135 0.0479380 0.0000000 0.0035369 0.0308725 0.5976775 0.0000000 0.0006163 0.0024976 0.0069279 0.0004299 0.0000000 0.0025185 0.0322840 0.0013753 0.0000000 0.0000000 0.0058709 0.2553805
107 S 107 0.0133732 0.0052809 0.0042895 0.0060449 0.0000000 0.0006096 0.0033218 0.0136602 0.0247214 0.0178948 0.0411742 0.0048055 0.0044703 0.0265757 0.0367327 0.3539850 0.0166557 0.0000000 0.0358977 0.1377927 0.2527141
108 H 108 0.0000000 0.0047718 0.0049085 0.0070863 0.0000000 0.0023836 0.0020791 0.0022570 0.6689859 0.0043515 0.0098716 0.0023366 0.0000000 0.0000000 0.0039755 0.0056134 0.0282694 0.0000000 0.0028400 0.0028893 0.2473806
109 T 109 0.0042398 0.0037386 0.0022596 0.0026120 0.0000000 0.0017182 0.0023366 0.0000000 0.0224194 0.0841053 0.0075399 0.0000000 0.0080127 0.0100349 0.0042490 0.1764490 0.3435626 0.0166436 0.0000000 0.0636907 0.2463881
110 L 110 0.0081606 0.0017910 0.0073209 0.0000000 0.0000000 0.0225176 0.0000000 0.0000000 0.0099298 0.1017469 0.2989013 0.0017182 0.0592224 0.0911930 0.0000000 0.0158762 0.0119254 0.0175784 0.0400607 0.0660214 0.2460362
111 Q 111 0.0000000 0.1485958 0.0000000 0.0000000 0.0000000 0.5232052 0.0035715 0.0035656 0.0017976 0.0039303 0.0214035 0.0060699 0.0086818 0.0000000 0.0037181 0.0055684 0.0046811 0.0134411 0.0034019 0.0045165 0.2438518
112 N 112 0.0068221 0.1404483 0.0245241 0.0032615 0.0063697 0.0233997 0.0304093 0.0215619 0.0160597 0.0112769 0.0440673 0.0290121 0.0348182 0.0199479 0.0000000 0.0127543 0.0227213 0.1025441 0.1660300 0.0393165 0.2446551
113 M 113 0.0029721 0.0411820 0.0010260 0.0000000 0.0038819 0.0142372 0.0000000 0.0032872 0.0000000 0.0285840 0.0607623 0.0053720 0.3529038 0.1644852 0.0000000 0.0052327 0.0157386 0.0014248 0.0270834 0.0274543 0.2443725
114 Y 114 0.0057359 0.0162209 0.0182571 0.0178829 0.0199807 0.0113938 0.0171187 0.0291688 0.0709015 0.0265034 0.0201666 0.0093780 0.0110635 0.0670614 0.0011037 0.0556441 0.0131098 0.0054389 0.3190434 0.0202197 0.2446073
115 G 115 0.0145102 0.0053042 0.0005324 0.0043185 0.0284910 0.0000000 0.0044327 0.4930436 0.0024172 0.0162271 0.0025185 0.0039927 0.0000000 0.0014808 0.0019989 0.0158544 0.1529508 0.0000000 0.0077245 0.0004581 0.2437445
116 C 116 0.1055863 0.0000000 0.0000000 0.0167101 0.5195296 0.0000000 0.0069705 0.0202355 0.0000000 0.0059469 0.0091693 0.0000000 0.0024575 0.0020791 0.0000000 0.0253340 0.0114470 0.0017182 0.0095522 0.0189841 0.2442797
117 D 117 0.0199425 0.0000000 0.0234909 0.1717582 0.0101695 0.0092892 0.2819578 0.0069699 0.0071254 0.0288084 0.0117588 0.0010748 0.0244753 0.0042992 0.0000000 0.0058722 0.0079990 0.0009496 0.0187270 0.1210526 0.2442797
118 V 118 0.0020855 0.0042009 0.0009496 0.0000000 0.0095463 0.0013485 0.0134894 0.0055501 0.0016142 0.0494885 0.2008771 0.0007717 0.0203145 0.0062812 0.0007122 0.1396219 0.0122388 0.0996056 0.0046865 0.1805107 0.2461069
119 G 119 0.0143054 0.1886310 0.0140626 0.1425296 0.0000000 0.0216309 0.0695001 0.1849350 0.0070082 0.0014808 0.0505194 0.0029797 0.0025753 0.0047540 0.0026120 0.0246471 0.0060330 0.0045932 0.0069785 0.0044525 0.2457716
120 P 120 0.0101495 0.0107066 0.0305004 0.1455206 0.0000000 0.0112782 0.0956659 0.0065625 0.0117066 0.0053546 0.0109496 0.0157261 0.0035369 0.0006071 0.3096856 0.0705984 0.0106088 0.0000000 0.0008251 0.0024303 0.2475872
121 D 121 0.0083487 0.0110009 0.0361249 0.3415456 0.0000000 0.0273257 0.1032667 0.1789418 0.0076542 0.0000000 0.0000000 0.0040267 0.0000000 0.0005982 0.0099680 0.0052169 0.0031429 0.0000000 0.0003738 0.0065039 0.2559613
122 G 122 0.0095370 0.0830849 0.0370534 0.0205824 0.0000000 0.0017117 0.0062093 0.3393346 0.0064018 0.0023291 0.0678904 0.0000000 0.0097875 0.0093234 0.0123832 0.0129086 0.1154956 0.0071242 0.0012799 0.0066974 0.2508655
123 R 123 0.0071402 0.1752198 0.0243440 0.0248662 0.0008486 0.0047686 0.0193921 0.2225937 0.0161381 0.0099893 0.0132344 0.0083620 0.0033032 0.0003214 0.0124726 0.0831990 0.0276628 0.0045212 0.0091861 0.0026693 0.3297673
124 L 124 0.0229966 0.0117270 0.0091263 0.0141140 0.0000000 0.0080006 0.1983516 0.0064583 0.0000000 0.0033337 0.1626954 0.0380413 0.0022657 0.1050399 0.0056194 0.0899696 0.0423784 0.0000000 0.0057455 0.0121287 0.2620081
125 L 125 0.0064155 0.0115387 0.0012665 0.0000000 0.0027145 0.0096314 0.0000000 0.0130784 0.0006082 0.0710357 0.2049521 0.0087581 0.0013843 0.0043205 0.1523092 0.0426403 0.1100653 0.0000000 0.0000000 0.0853583 0.2739230
126 R 126 0.0090028 0.4185309 0.0389449 0.0185287 0.0008049 0.0115312 0.0277278 0.0495898 0.0385758 0.0039303 0.0083820 0.0377042 0.0000000 0.0000000 0.0104245 0.0248878 0.0285432 0.0132258 0.0000000 0.0000000 0.2596654
127 G 127 0.0375532 0.0045380 0.0000000 0.0000000 0.0000000 0.0052030 0.0038890 0.4988371 0.0000000 0.0027575 0.0050912 0.0000000 0.0000000 0.1422185 0.0000000 0.0085031 0.0000000 0.0141238 0.0329615 0.0018535 0.2424705
128 Y 128 0.0011582 0.0057060 0.0008233 0.0051769 0.0003922 0.0161920 0.0000000 0.0039303 0.0391928 0.1419143 0.0290189 0.0000000 0.0179119 0.1743531 0.0000000 0.0155614 0.0040178 0.0012874 0.2840742 0.0182856 0.2410036
129 H 129 0.0495315 0.0541720 0.0331731 0.0916116 0.0071574 0.0224382 0.0876256 0.0067934 0.0360326 0.0199076 0.0457926 0.0065681 0.0166822 0.0242067 0.0033426 0.0856880 0.0115417 0.0711070 0.0681671 0.0165865 0.2418745
130 Q 130 0.0088040 0.0427700 0.0004004 0.0000000 0.0000000 0.4295074 0.0441336 0.0027026 0.0144520 0.0052496 0.0065704 0.0260307 0.0081260 0.0000000 0.0000000 0.0013137 0.0004037 0.0033545 0.0000000 0.1666219 0.2395595
131 D 131 0.0057239 0.0028787 0.0032580 0.0547490 0.0048442 0.0020537 0.0142386 0.1627383 0.0381310 0.0249974 0.0417371 0.0013321 0.0081141 0.1080313 0.0000000 0.0205708 0.0010952 0.0040796 0.2424977 0.0166775 0.2422517
132 A 132 0.2613964 0.0000000 0.0028647 0.0000000 0.0035493 0.0000000 0.0000000 0.2410856 0.0000000 0.0122187 0.0042585 0.0020803 0.0000000 0.0021929 0.0000000 0.0257354 0.0184079 0.0020585 0.1760272 0.0073831 0.2407416
133 Y 133 0.0000000 0.0000000 0.0027475 0.0000000 0.0007116 0.0000000 0.0000000 0.0000000 0.0039064 0.0020064 0.0000000 0.0000000 0.0005609 0.0506643 0.0000000 0.0008808 0.0000000 0.0085499 0.5095638 0.1761362 0.2442723
134 D 134 0.0004357 0.0026120 0.0424394 0.6847800 0.0030179 0.0004891 0.0115918 0.0051743 0.0000000 0.0000000 0.0000000 0.0000000 0.0000000 0.0000000 0.0000000 0.0000000 0.0000000 0.0000000 0.0120343 0.0000000 0.2374255
135 G 135 0.0071297 0.0019100 0.0133601 0.1492011 0.0000000 0.0000000 0.0039986 0.5552373 0.0016009 0.0000000 0.0039487 0.0019055 0.0000000 0.0000000 0.0000000 0.0199921 0.0037268 0.0000000 0.0000000 0.0005636 0.2374255
136 K 136 0.0407719 0.1257134 0.0026931 0.0211216 0.0023475 0.0758041 0.1619278 0.0083642 0.0191264 0.0155373 0.0106717 0.1083745 0.0013059 0.0000000 0.0003398 0.0079953 0.1434992 0.0016166 0.0156567 0.0020019 0.2351311
137 D 137 0.0020168 0.0026120 0.0225741 0.5025877 0.0000000 0.1495420 0.0503838 0.0071387 0.0026276 0.0075067 0.0034668 0.0000000 0.0000000 0.0000000 0.0077204 0.0016598 0.0000000 0.0000000 0.0009235 0.0042721 0.2349680
138 Y 138 0.0017664 0.0000000 0.0034302 0.0013726 0.0003365 0.0000000 0.0024575 0.0026120 0.0316341 0.0066781 0.0219595 0.0022206 0.0000000 0.4215602 0.0000000 0.0056530 0.0020803 0.0008707 0.2536469 0.0067535 0.2349680
139 I 139 0.0026104 0.0000000 0.0000000 0.0000000 0.0000000 0.0164328 0.0011443 0.0023366 0.0009078 0.3441863 0.1826177 0.0000000 0.0248647 0.0094584 0.0102918 0.0054385 0.0010670 0.0000000 0.0000000 0.1636757 0.2349680
140 A 140 0.2522846 0.1489535 0.0026086 0.0021268 0.0017842 0.0008770 0.0360528 0.0128645 0.0151284 0.0270468 0.0020870 0.0013398 0.0129900 0.0020437 0.0000000 0.1437743 0.0618700 0.0006352 0.0134836 0.0264221 0.2356272
141 L 141 0.0000000 0.0000000 0.0000000 0.0000000 0.0000000 0.0024575 0.0000000 0.0000000 0.0000000 0.0030629 0.3498572 0.0000000 0.0025830 0.3467940 0.0000000 0.0004315 0.0000000 0.0057742 0.0529983 0.0010734 0.2349680
142 N 142 0.0037292 0.0024237 0.2468939 0.4659818 0.0111327 0.0006714 0.0026865 0.0000000 0.0068782 0.0000000 0.0020803 0.0098303 0.0000000 0.0000000 0.0000000 0.0072095 0.0064333 0.0000000 0.0000000 0.0000000 0.2340493
143 E 143 0.0016848 0.0018908 0.0047225 0.0349487 0.0000000 0.0044018 0.2021363 0.0093254 0.0021938 0.0000000 0.1139463 0.1131665 0.0329485 0.0041526 0.0236068 0.1846899 0.0288680 0.0011123 0.0011112 0.0042367 0.2308572
144 D 144 0.0153016 0.0090775 0.0237906 0.4313776 0.0025280 0.0154722 0.1058385 0.0088951 0.0019855 0.0000000 0.0000000 0.1185209 0.0012798 0.0000000 0.0007745 0.0126588 0.0118614 0.0000000 0.0000000 0.0097807 0.2308572
145 L 145 0.1196798 0.0360265 0.0212682 0.0052498 0.0000000 0.0024129 0.0318795 0.0045500 0.0049377 0.0168414 0.2211315 0.0102790 0.0092143 0.0000000 0.0070939 0.0349483 0.2176532 0.0000000 0.0000000 0.0148222 0.2420119
146 S 146 0.0526573 0.1345564 0.0114470 0.0097041 0.0031659 0.0135445 0.1145731 0.0236067 0.0065041 0.0049226 0.1359275 0.0503020 0.0516632 0.0028210 0.0314885 0.0635529 0.0120435 0.0123133 0.0040873 0.0180926 0.2430264
147 S 147 0.0181622 0.0540929 0.0684443 0.0135391 0.0000000 0.0297043 0.0124458 0.0045423 0.0007745 0.0090548 0.0015129 0.0138802 0.0057721 0.0027777 0.0000000 0.2503184 0.2418451 0.0000000 0.0000000 0.0304906 0.2426429
148 W 148 0.0121634 0.0033174 0.0023173 0.0000000 0.0044842 0.0156463 0.0000000 0.0018016 0.0048003 0.0023813 0.0021958 0.0000000 0.0000000 0.0409840 0.1102939 0.0000000 0.0000000 0.4691695 0.0611511 0.0000000 0.2692938
149 T 149 0.0101967 0.1459350 0.0052136 0.0000000 0.0000000 0.0030190 0.0028071 0.0026120 0.0000000 0.1118532 0.0077119 0.0091349 0.0096048 0.0011496 0.0044194 0.0148892 0.2882383 0.0000000 0.0000000 0.1256463 0.2575691
150 A 150 0.4735264 0.0022446 0.0000000 0.0000000 0.0000000 0.0000000 0.0128051 0.0108298 0.0017576 0.0015993 0.0021147 0.0021304 0.0114676 0.0000000 0.0480315 0.0278214 0.0277117 0.0000000 0.0053618 0.0233105 0.3492877
151 A 151 0.3210219 0.0057039 0.0017262 0.0042051 0.0000000 0.0093123 0.0453854 0.0103501 0.0038074 0.0043229 0.0311751 0.0076558 0.0827990 0.0068262 0.1097686 0.0279533 0.0246130 0.0035225 0.0162938 0.0453456 0.2382120
152 D 152 0.0077226 0.0063736 0.0401187 0.2550686 0.0000000 0.0106312 0.1328006 0.0374445 0.0043240 0.0000000 0.0043425 0.0669666 0.0024759 0.0000000 0.0303401 0.0173391 0.0514192 0.0049906 0.0000000 0.0961107 0.2315314
153 T 153 0.0281614 0.0569528 0.0175740 0.0120582 0.0000000 0.0662015 0.0225052 0.0058949 0.0114911 0.0023492 0.0135425 0.0305151 0.0519770 0.0119717 0.2886856 0.0277382 0.0905764 0.0000000 0.0012072 0.0297849 0.2308131
154 A 154 0.2539273 0.1300582 0.0000000 0.0041294 0.0009458 0.1282430 0.0838171 0.0175178 0.0023847 0.0087830 0.0029692 0.0147967 0.0011974 0.0028792 0.0202373 0.0076398 0.0142158 0.0108387 0.0030190 0.0541960 0.2382047
155 A 155 0.6466934 0.0067291 0.0000000 0.0009137 0.0000000 0.0055883 0.0000000 0.0276466 0.0000000 0.0024678 0.0030573 0.0033889 0.0038583 0.0000000 0.0174863 0.0139012 0.0135382 0.0000000 0.0000000 0.0191014 0.2356294
156 Q 156 0.0202604 0.0348808 0.0105699 0.0166633 0.0000000 0.2409262 0.0780413 0.0107032 0.0109910 0.0040226 0.0636961 0.0064382 0.0066806 0.0195317 0.0814780 0.0053368 0.0081863 0.0409102 0.0024117 0.1054594 0.2328125
157 I 157 0.0137299 0.0068786 0.0586271 0.0050573 0.0020803 0.0060446 0.0066520 0.0042239 0.0042161 0.3076995 0.0231993 0.0097870 0.0494189 0.0103172 0.0487612 0.0080815 0.0182609 0.1340567 0.0152968 0.0347986 0.2328125
158 T 158 0.0042327 0.0043607 0.0022295 0.0113459 0.0000000 0.0000000 0.0280102 0.0041488 0.0012874 0.0579622 0.0275930 0.0024348 0.0916232 0.0041045 0.0033294 0.0373117 0.4433281 0.0061874 0.0017664 0.0384384 0.2303057
159 Q 159 0.0246607 0.0931861 0.0018479 0.0020877 0.0000000 0.1038064 0.1123663 0.0062164 0.0023523 0.0005999 0.0082774 0.3629213 0.0071475 0.0024575 0.0000000 0.0110752 0.0211746 0.0022844 0.0000000 0.0059383 0.2316001
160 R 160 0.0050875 0.2989467 0.0359899 0.0090075 0.0000000 0.2020807 0.0366947 0.0056715 0.0491298 0.0030279 0.0407152 0.0118939 0.0131887 0.0004502 0.0110866 0.0189236 0.0095395 0.0009299 0.0015761 0.0136597 0.2324006
161 K 161 0.0158695 0.0429829 0.0091842 0.0066347 0.0012250 0.0182731 0.1546275 0.0227925 0.0007602 0.0031777 0.0094469 0.4028582 0.0076431 0.0012006 0.0111003 0.0066637 0.0058034 0.0173726 0.0114253 0.0135071 0.2374516
162 W 162 0.0034835 0.0068623 0.0077925 0.0100600 0.0032925 0.0046954 0.0214713 0.0962549 0.0000000 0.0021331 0.0321938 0.0008542 0.0028534 0.0139710 0.0324587 0.0091560 0.0025701 0.5005489 0.0060741 0.0058228 0.2374516
163 E 163 0.0071085 0.0057607 0.0582130 0.1670751 0.0000000 0.0149448 0.3562235 0.0133940 0.0004104 0.0000000 0.0008152 0.0059155 0.0037364 0.0000000 0.1026875 0.0013305 0.0043416 0.0000000 0.0000000 0.0115197 0.2465237
164 A 164 0.2009139 0.0159936 0.0569021 0.0438895 0.0000000 0.0690395 0.1836096 0.0258076 0.0144819 0.0077804 0.0018448 0.0253768 0.0012746 0.0011761 0.0101073 0.0446142 0.0162516 0.0004122 0.0223371 0.0102030 0.2479842
165 A 165 0.1256900 0.0187998 0.0652368 0.0864256 0.0006895 0.0231094 0.0873857 0.0252793 0.0212602 0.0101402 0.0102952 0.0104276 0.0044961 0.0018302 0.0270001 0.0227619 0.0240491 0.0259923 0.1317154 0.0296719 0.2477436
166 R 166 0.0106171 0.0732771 0.0396973 0.0333952 0.0114610 0.0113771 0.0431681 0.1965811 0.0166909 0.0038022 0.0032989 0.0729889 0.0022657 0.0000000 0.0232575 0.0266503 0.0296385 0.1275689 0.0216248 0.0048958 0.2477436
167 V 167 0.1180455 0.0284178 0.0020879 0.0705953 0.0019180 0.0095688 0.1527739 0.0094021 0.0106194 0.0602443 0.0092951 0.0089787 0.0071043 0.0344281 0.0032015 0.0035319 0.0161923 0.0193567 0.0836364 0.1030120 0.2475901
168 A 168 0.2865926 0.0803371 0.0527359 0.0064087 0.0000000 0.0193000 0.0523468 0.0084710 0.0011071 0.0222783 0.1007402 0.0084603 0.0095514 0.0059802 0.0080572 0.0095872 0.0429938 0.0172313 0.0015336 0.0215037 0.2447838
169 E 169 0.0296543 0.0093987 0.0548402 0.0136312 0.0009388 0.0920783 0.4232241 0.0028480 0.0088573 0.0053399 0.0048794 0.0507738 0.0037870 0.0000000 0.0000000 0.0042291 0.0489907 0.0009562 0.0000000 0.0022591 0.2433137
170 Q 170 0.0172657 0.1535346 0.0135415 0.0113747 0.0014870 0.1506799 0.0132524 0.0324156 0.0272985 0.0145901 0.0196874 0.0187528 0.0039298 0.0177065 0.0016683 0.0398867 0.1336101 0.0000000 0.0781232 0.0063414 0.2448539
171 L 171 0.0193530 0.1190655 0.0553508 0.0356446 0.0083430 0.1168380 0.0254083 0.0056714 0.0137324 0.0077695 0.0529363 0.0235498 0.0234172 0.0162934 0.0000000 0.0220996 0.0323194 0.0789240 0.0702785 0.0321425 0.2408628
172 R 172 0.0076543 0.2100956 0.0341879 0.0014578 0.0005095 0.0171193 0.0188681 0.0062891 0.0049636 0.0407348 0.0019877 0.3231189 0.0104494 0.0000000 0.0026120 0.0114943 0.0507838 0.0021218 0.0050419 0.0096473 0.2408628
173 A 173 0.2568650 0.0110693 0.1424957 0.0104812 0.0006783 0.0300966 0.0187266 0.0279230 0.0378356 0.0186327 0.0062987 0.0487958 0.0091000 0.0077152 0.0051472 0.0379064 0.0410545 0.0040403 0.0088441 0.0354308 0.2408628
174 Y 174 0.0083810 0.0170699 0.0058176 0.0125954 0.0012692 0.0113398 0.0168573 0.0100813 0.0093161 0.0119612 0.0169102 0.0987627 0.0038497 0.0433625 0.0000000 0.0027215 0.0033359 0.0130936 0.4705597 0.0045669 0.2381484
175 L 175 0.0269022 0.0092910 0.0048431 0.0303103 0.0046506 0.0032487 0.0120093 0.0301158 0.0094208 0.0126460 0.4994386 0.0119861 0.0112158 0.0197025 0.0004136 0.0064343 0.0168079 0.0030685 0.0231841 0.0180894 0.2462215
176 E 176 0.0298404 0.0215429 0.0379666 0.0143989 0.0000000 0.0628176 0.3578532 0.0203773 0.0150592 0.0081139 0.0126176 0.0339273 0.0052072 0.0033676 0.0017639 0.0235892 0.0974866 0.0008079 0.0026025 0.0114395 0.2392205
177 G 177 0.0510686 0.0366781 0.0694904 0.0163728 0.0003662 0.0913486 0.1000695 0.2135785 0.0206474 0.0080552 0.0008152 0.0515579 0.0000000 0.0000000 0.0000000 0.0190406 0.0498578 0.0071525 0.0024203 0.0216355 0.2398448
178 E 178 0.0242167 0.0262285 0.0122482 0.0312102 0.0017581 0.1062064 0.2159115 0.0109128 0.0112482 0.0638892 0.0338042 0.0182468 0.0040673 0.0026799 0.0183787 0.0115253 0.1326214 0.0038197 0.0046603 0.0232429 0.2431234
179 C 179 0.0137443 0.0015984 0.0252144 0.0081803 0.5521128 0.0048532 0.0055419 0.0013830 0.0034456 0.0120993 0.0155147 0.0137269 0.0020519 0.0115285 0.0058912 0.0250302 0.0365312 0.0046191 0.0063794 0.0084025 0.2421512
180 V 180 0.0191427 0.0260784 0.0046676 0.0211444 0.0038690 0.0129823 0.0017479 0.0039586 0.0035398 0.1658957 0.0490810 0.0067215 0.0101466 0.0560936 0.0941301 0.0193241 0.0057238 0.0004156 0.0137164 0.2404399 0.2411810
