  401         A         R         N         D         C         Q         E         G         H         I         L         K         M         F         P         S         T         W         Y         V    
  1 M   1 0.0000000 0.0000000 0.0000000 0.0000000 0.0000000 0.0000000 0.0000000 0.0000000 0.0000000 0.2631188 0.0000000 0.0000000 0.7368812 0.0000000 0.0000000 0.0000000 0.0000000 0.0000000 0.0000000 0.0000000
  2 A   2 0.4444587 0.0000000 0.0000000 0.0000000 0.0000000 0.0000000 0.0000000 0.0000000 0.0000000 0.0000000 0.0000000 0.1388005 0.0000000 0.1536220 0.0000000 0.2631188 0.0000000 0.0000000 0.0000000 0.0000000
  3 H   3 0.1265533 0.0000000 0.0000000 0.0000000 0.0000000 0.0000000 0.0000000 0.0000000 0.3072560 0.0000000 0.0000000 0.0000000 0.0000000 0.2399023 0.0000000 0.1400670 0.0000000 0.0000000 0.0000000 0.1862215
  4 H   4 0.0000000 0.0000000 0.0000000 0.0000000 0.1549098 0.0000000 0.0000000 0.0000000 0.1414257 0.0000000 0.3333709 0.0000000 0.0000000 0.1202470 0.0000000 0.1596023 0.0000000 0.0000000 0.0000000 0.0904441
  5 H   5 0.0936661 0.0000000 0.0000000 0.0000000 0.0000000 0.0000000 0.0000000 0.0000000 0.1170746 0.1526036 0.5625073 0.0000000 0.0471655 0.0000000 0.0000000 0.0000000 0.0000000 0.0000000 0.0000000 0.0269827
  6 H   6 0.2773163 0.1152324 0.0000000 0.0000000 0.0000000 0.0000000 0.0326709 0.0000000 0.1789666 0.0000000 0.2207331 0.0000000 0.0000000 0.0602394 0.0000000 0.0666718 0.0000000 0.0000000 0.0481694 0.0000000
  7 H   7 0.0000000 0.0000000 0.0000000 0.0000000 0.0000000 0.0000000 0.0000000 0.0000000 0.1387919 0.0460240 0.2118238 0.0000000 0.0000000 0.4081200 0.0000000 0.0640235 0.0000000 0.0000000 0.0336541 0.0975627
  8 H   8 0.0000000 0.0000000 0.0000000 0.0000000 0.0000000 0.0000000 0.0000000 0.0000000 0.0997350 0.0437305 0.2532231 0.0000000 0.0000000 0.5555980 0.0000000 0.0000000 0.0000000 0.0000000 0.0321700 0.0155435
  9 V   9 0.2971188 0.0158642 0.0000000 0.0000000 0.0000000 0.0000000 0.0000000 0.0381379 0.0000000 0.0197222 0.2810163 0.0000000 0.0065812 0.0290501 0.0000000 0.0413579 0.0251700 0.0369957 0.0000000 0.2089857
 10 D  10 0.0132813 0.0027529 0.0000000 0.0211214 0.0461557 0.0000000 0.0000000 0.0057895 0.0193419 0.0560672 0.5388170 0.0000000 0.0000000 0.0000000 0.2233291 0.0117234 0.0149425 0.0139734 0.0000000 0.0327045
 11 D  11 0.0281305 0.0212987 0.0154952 0.0149065 0.0000000 0.0933709 0.0047344 0.0372181 0.1201819 0.0103530 0.0186485 0.0197796 0.0000000 0.0000000 0.0788867 0.0286315 0.4873944 0.0000000 0.0045925 0.0163776
 12 D  12 0.0304483 0.0189184 0.0037814 0.0572910 0.0077954 0.2274122 0.2767271 0.1874912 0.0036182 0.0035672 0.0177387 0.0216697 0.0075025 0.0000000 0.0081822 0.0634653 0.0302992 0.0091685 0.0052777 0.0196460
 13 D  13 0.2094439 0.0176388 0.0135545 0.0125592 0.0000000 0.0000000 0.0000000 0.0000000 0.0069219 0.0239256 0.0189060 0.0000000 0.0010375 0.0000000 0.0099932 0.0835045 0.5308752 0.0000000 0.0181814 0.0534582
 14 K  14 0.0987567 0.1649224 0.0115449 0.0023023 0.0654697 0.0662081 0.0144718 0.0482553 0.0429194 0.0000000 0.0226240 0.0164888 0.0000000 0.0208625 0.0377404 0.1544933 0.0053490 0.1992434 0.0057968 0.0225513
 15 I  15 0.7503491 0.0000000 0.0032489 0.0033940 0.0417979 0.0033272 0.0183896 0.0196330 0.0031288 0.0173098 0.0203739 0.0123693 0.0000000 0.0000000 0.0237722 0.0246175 0.0511725 0.0000000 0.0000000 0.0071160
 16 G  16 0.0542753 0.0623449 0.0000000 0.0103437 0.0070424 0.0000000 0.0335657 0.6701890 0.0000000 0.0000000 0.0054312 0.0000000 0.0039122 0.0000000 0.0039836 0.0226044 0.0000000 0.0040397 0.0000000 0.1222680
 17 S  17 0.0005424 0.0049075 0.0053891 0.0000000 0.0000000 0.0029100 0.0000000 0.0048899 0.0100191 0.0124810 0.0222202 0.0345292 0.0032305 0.0047191 0.0792526 0.5828222 0.2276437 0.0008224 0.0018032 0.0018180
 18 H  18 0.0000000 0.0027170 0.0051476 0.0000000 0.0000000 0.0029817 0.0000000 0.0000000 0.9355693 0.0000000 0.0000000 0.0000000 0.0000000 0.0000000 0.0127608 0.0000000 0.0000000 0.0000000 0.0408237 0.0000000
 19 S  19 0.0024538 0.0020406 0.0000000 0.0000000 0.0000000 0.0000000 0.0000000 0.0000000 0.0000000 0.0000000 0.0051924 0.0024379 0.0000000 0.0128369 0.0000000 0.8817116 0.0659855 0.0273412 0.0000000 0.0000000
 20 M  20 0.0000000 0.0014033 0.0000000 0.0000000 0.0000000 0.0000000 0.0000000 0.0000000 0.0081800 0.0000000 0.8057150 0.0022601 0.1484920 0.0073873 0.0000000 0.0000000 0.0049860 0.0129979 0.0072804 0.0012979
 21 R  21 0.0000000 0.5147868 0.0230237 0.0000000 0.0036265 0.0830274 0.0054005 0.0075173 0.0475329 0.0042336 0.0210437 0.1754619 0.0040732 0.0014937 0.0000000 0.0470249 0.0244459 0.0034951 0.0282339 0.0055789
 22 Y  22 0.0129660 0.0000000 0.0077681 0.0000000 0.0032169 0.0000000 0.0000000 0.0044554 0.0173942 0.0110645 0.0049329 0.0000000 0.0000000 0.0660284 0.0000000 0.0033433 0.0203698 0.0000000 0.8380634 0.0103971
 23 F  23 0.0017179 0.0000000 0.0054489 0.0000000 0.0088945 0.0000000 0.0000000 0.0000000 0.0317149 0.0815472 0.1126032 0.0041385 0.0000000 0.6755650 0.0044125 0.0139955 0.0000000 0.0000000 0.0336631 0.0262988
 24 H  24 0.0070897 0.0277115 0.0269594 0.0343566 0.0089028 0.0296374 0.0210551 0.0054174 0.0787391 0.0341431 0.0288034 0.0102264 0.0029032 0.0861702 0.0012617 0.0675727 0.0322641 0.0000000 0.4589225 0.0378637
 25 T  25 0.0196783 0.0000000 0.0038255 0.0000000 0.0026419 0.0000000 0.0000000 0.0000000 0.0026109 0.0384858 0.0420786 0.0000000 0.0239612 0.0000000 0.0108463 0.0353919 0.7952092 0.0017877 0.0073177 0.0161650
 26 S  26 0.4870366 0.0056041 0.0000000 0.0023429 0.0090455 0.0078950 0.0076225 0.2188282 0.0000000 0.0209975 0.0431872 0.0000000 0.0020614 0.0056376 0.0000000 0.0911460 0.0360130 0.0022654 0.0007790 0.0595379
 27 V  27 0.0375633 0.0000000 0.0039391 0.0000000 0.0000000 0.0000000 0.0055184 0.0000000 0.0000000 0.0439499 0.1418239 0.0000000 0.0968233 0.0088679 0.0044245 0.1378019 0.0559446 0.0042039 0.0019657 0.4571736
 28 S  28 0.0113355 0.0000000 0.0000000 0.0000000 0.0000000 0.0000000 0.0095782 0.0000000 0.0019504 0.0000000 0.0212049 0.0031942 0.0024219 0.0040857 0.0114540 0.8005353 0.1269551 0.0022578 0.0050270 0.0000000
 29 R  29 0.0162509 0.3486764 0.0077046 0.1151259 0.0012911 0.0661011 0.1313235 0.1636919 0.0129899 0.0011868 0.0078886 0.0556763 0.0000000 0.0017777 0.0040667 0.0118281 0.0113336 0.0402466 0.0000000 0.0028402
 30 P  30 0.0122601 0.0355735 0.0000000 0.0140941 0.0000000 0.0042328 0.0033651 0.0097080 0.0112445 0.0045026 0.0284087 0.0011487 0.0049024 0.0000000 0.7335173 0.0098425 0.0030295 0.0000000 0.0062884 0.1178818
 31 G  31 0.0439250 0.0148066 0.0195347 0.1008894 0.0000000 0.0000000 0.0186428 0.5639523 0.0000000 0.0475538 0.0263359 0.0000000 0.0000000 0.0000000 0.0000000 0.0720995 0.0372762 0.0037647 0.0000000 0.0512191
 32 R  32 0.0150471 0.1472116 0.0030330 0.0045429 0.0000000 0.0539838 0.0154522 0.0104536 0.0328055 0.0408932 0.1842290 0.0239539 0.0272490 0.0391081 0.3037327 0.0428642 0.0314735 0.0065791 0.0132029 0.0041846
 33 G  33 0.0147078 0.0393892 0.1265909 0.0620755 0.0000000 0.0114336 0.0534080 0.5840047 0.0000000 0.0025048 0.0323712 0.0016929 0.0016185 0.0000000 0.0039214 0.0287610 0.0038913 0.0105796 0.0000000 0.0230495
 34 E  34 0.0080553 0.0030808 0.0048929 0.0277594 0.0000000 0.0280180 0.3251012 0.0008275 0.0055044 0.0918289 0.1163528 0.0288500 0.0259393 0.2158969 0.0000000 0.0075064 0.0064493 0.0000000 0.0000000 0.1039369
 35 P  35 0.0137955 0.0039886 0.0000000 0.0045516 0.0000000 0.0000000 0.0000000 0.0000000 0.0325099 0.0000000 0.0109845 0.0000000 0.0000000 0.0000000 0.8514063 0.0487833 0.0082830 0.0000000 0.0256974 0.0000000
 36 R  36 0.0181009 0.3300421 0.0029035 0.0037249 0.0009386 0.1374683 0.3350993 0.0113120 0.0220258 0.0000000 0.0408817 0.0064152 0.0064034 0.0032488 0.0005469 0.0248217 0.0000000 0.0525397 0.0000000 0.0035272
 37 F  37 0.0000000 0.0000000 0.0000000 0.0064140 0.0027340 0.0000000 0.0000000 0.0000000 0.0055129 0.0092180 0.0183890 0.0022285 0.0000000 0.8127800 0.0000000 0.0076553 0.0000000 0.0000000 0.1121095 0.0229589
 38 I  38 0.0095102 0.0161815 0.0000000 0.0000000 0.0023391 0.0299549 0.0238379 0.0000000 0.0000000 0.3190924 0.0616343 0.0000000 0.0589730 0.0428934 0.0000000 0.0635592 0.1232009 0.0012779 0.0031290 0.2444163
 39 T  39 0.3435294 0.0085505 0.0020329 0.0156321 0.0034915 0.0218022 0.0550229 0.0430954 0.0088777 0.1034834 0.0091458 0.0055663 0.0019548 0.0210709 0.0000000 0.1654633 0.0830775 0.0000000 0.0130206 0.0951828
 40 V  40 0.0444592 0.0145768 0.0000000 0.0054004 0.0000000 0.0022579 0.0000000 0.0051294 0.0000000 0.0337079 0.0603902 0.0000000 0.0601203 0.0089762 0.0000000 0.0209517 0.0281499 0.0000000 0.0000000 0.7158801
 41 G  41 0.0779189 0.0009677 0.0128017 0.0006177 0.0031117 0.0000000 0.0019568 0.8051133 0.0109804 0.0092736 0.0020023 0.0000000 0.0247083 0.0000000 0.0000000 0.0207606 0.0071772 0.0000000 0.0000000 0.0226098
 42 Y  42 0.0045705 0.0077089 0.0000000 0.0000000 0.0082734 0.0056270 0.0000000 0.0000000 0.0083240 0.0142080 0.1527320 0.0000000 0.0809608 0.0562511 0.0000000 0.0072644 0.0015179 0.0000000 0.6352925 0.0172695
 43 V  43 0.0040983 0.0000000 0.0000000 0.0000000 0.0000000 0.0000000 0.0063999 0.0014836 0.0000000 0.0259023 0.1452605 0.0000000 0.0226179 0.0083847 0.0000000 0.0000000 0.0000000 0.0000000 0.0000000 0.7858528
 44 D  44 0.0000000 0.0045689 0.0599299 0.9202447 0.0000000 0.0000000 0.0048518 0.0040047 0.0000000 0.0000000 0.0000000 0.0000000 0.0000000 0.0000000 0.0063999 0.0000000 0.0000000 0.0000000 0.0000000 0.0000000
 45 D  45 0.0096314 0.0013800 0.0495082 0.6068518 0.0000000 0.0000000 0.0709332 0.1983609 0.0077263 0.0000000 0.0000000 0.0014603 0.0000000 0.0000000 0.0000000 0.0518000 0.0000000 0.0000000 0.0023479 0.0000000
 46 T  46 0.0176426 0.0507304 0.0049913 0.0045544 0.0000000 0.1856939 0.0786524 0.0242935 0.0240690 0.0919199 0.0208457 0.0191848 0.0221195 0.0039134 0.0000000 0.0007825 0.3111547 0.0000000 0.0020276 0.1374241
 47 L  47 0.0175948 0.0162951 0.0000000 0.0041014 0.0000000 0.5799817 0.0902773 0.0010318 0.0101770 0.0139382 0.1060626 0.0034143 0.0142255 0.0000000 0.1224830 0.0000000 0.0000000 0.0000000 0.0000000 0.0204174
 48 F  48 0.0096059 0.0000000 0.0000000 0.0000000 0.0078336 0.0045988 0.0000000 0.0039498 0.0050024 0.2224718 0.0168979 0.0026403 0.0665829 0.5880485 0.0000000 0.0016579 0.0072503 0.0000000 0.0336542 0.0298057
 49 V  49 0.0224517 0.0068319 0.0154569 0.0926671 0.0054857 0.0325252 0.0316490 0.0897275 0.0000000 0.0444028 0.0442283 0.0000000 0.0479663 0.0340386 0.0000000 0.0350256 0.0478095 0.0069782 0.0102448 0.4325108
 50 R  50 0.0059148 0.4107022 0.0118667 0.0065841 0.0068822 0.0200679 0.0000000 0.0441075 0.1712861 0.0021332 0.0053565 0.0171257 0.0073058 0.0089710 0.0000000 0.0610256 0.0158349 0.0086445 0.1922666 0.0039246
 51 F  51 0.0000000 0.0045639 0.0000000 0.0000000 0.0315097 0.0000000 0.0000000 0.0000000 0.0014219 0.0000000 0.0242793 0.0000000 0.0000000 0.4521028 0.0000000 0.0023754 0.0000000 0.0000000 0.4788911 0.0048558
 52 D  52 0.0017732 0.0014360 0.1695183 0.7474970 0.0000000 0.0000000 0.0106130 0.0146020 0.0117841 0.0000000 0.0063930 0.0022276 0.0000000 0.0000000 0.0000000 0.0302697 0.0038860 0.0000000 0.0000000 0.0000000
 53 S  53 0.0014519 0.0000000 0.0273837 0.0000000 0.0016672 0.0000000 0.0000000 0.0196795 0.0221061 0.0007044 0.0000000 0.0000000 0.0000000 0.0000000 0.0048933 0.9040262 0.0180877 0.0000000 0.0000000 0.0000000
 54 D  54 0.0114901 0.0286846 0.1836445 0.4238770 0.0015027 0.0078241 0.1464405 0.0017764 0.0114954 0.0505649 0.0078738 0.0509978 0.0000000 0.0000000 0.0000000 0.0216729 0.0317611 0.0035166 0.0071483 0.0097293
 55 A  55 0.4251480 0.0606492 0.0222774 0.0149033 0.0031703 0.0000000 0.0637175 0.0716409 0.0063427 0.1011705 0.0036528 0.0271895 0.0102128 0.0000000 0.0000000 0.0750935 0.0782098 0.0095669 0.0022832 0.0247717
 56 A  56 0.1941631 0.1559798 0.0100587 0.0152260 0.0023707 0.0376255 0.2095109 0.0807140 0.0092959 0.0000000 0.0010964 0.1202368 0.0032207 0.0000000 0.0710043 0.0210928 0.0132537 0.0000000 0.0000000 0.0551506
 57 S  57 0.0195388 0.0092806 0.1934330 0.0351478 0.0062971 0.0015855 0.0173641 0.0043707 0.0038446 0.0288706 0.0036344 0.0107846 0.0100674 0.0106047 0.0000000 0.2949369 0.3276121 0.0000000 0.0044553 0.0181720
 58 P  58 0.0528819 0.1474377 0.0087523 0.0069150 0.0000000 0.1749150 0.0053420 0.0388293 0.0054323 0.0035338 0.0227648 0.0874163 0.0522284 0.0027093 0.3536842 0.0207650 0.0021256 0.0000000 0.0000000 0.0142672
 59 R  59 0.0049644 0.6224506 0.0000000 0.0000000 0.0000000 0.0395341 0.0342552 0.0184666 0.0000000 0.0102994 0.0065911 0.1984832 0.0180034 0.0000000 0.0032512 0.0153264 0.0075456 0.0086335 0.0000000 0.0121953
 60 E  60 0.2703392 0.0048659 0.0089219 0.0218644 0.0004652 0.0007563 0.0537677 0.0092329 0.0032357 0.0197530 0.0398815 0.0871280 0.2485185 0.0277586 0.0084778 0.0144437 0.0382821 0.0015376 0.0469386 0.0938311
 61 E  61 0.0023226 0.0205923 0.0000000 0.0040616 0.0000000 0.0539681 0.5627012 0.0013238 0.0047980 0.0835892 0.0354940 0.0471223 0.0032246 0.0040831 0.0031956 0.0000000 0.0087563 0.0000000 0.0000000 0.1647675
 62 P  62 0.0247371 0.0025354 0.0123871 0.0000000 0.0000000 0.0184230 0.0000000 0.0107752 0.0231700 0.0095135 0.0203363 0.0000000 0.0000000 0.0104582 0.8133351 0.0393167 0.0113188 0.0000000 0.0000000 0.0036937
 63 R  63 0.0225024 0.5221225 0.0000000 0.0082259 0.0442117 0.0311040 0.0020103 0.0108618 0.0036728 0.0259123 0.0490595 0.2346094 0.0055063 0.0034139 0.0000000 0.0097573 0.0191766 0.0021694 0.0000000 0.0056840
 64 A  64 0.4422454 0.0019615 0.0000000 0.0000000 0.0000000 0.2114472 0.0065316 0.0268216 0.0000000 0.0035847 0.0131631 0.0131012 0.0074368 0.0042998 0.0014703 0.0089637 0.1362422 0.0026346 0.0040946 0.1160016
 65 P  65 0.0415161 0.0604919 0.0037237 0.1587625 0.0000000 0.0746897 0.1219881 0.0157973 0.0132341 0.0010596 0.0182436 0.0085601 0.0012581 0.0000000 0.4164971 0.0362580 0.0131192 0.0066511 0.0022255 0.0059243
 66 W  66 0.0000000 0.0000000 0.0000000 0.0000000 0.0023040 0.0000000 0.0017007 0.0019577 0.0000000 0.0000000 0.0069756 0.0046669 0.0049564 0.0054035 0.0000000 0.0164662 0.0000000 0.9519623 0.0000000 0.0036067
 67 I  67 0.0338745 0.0136123 0.0000000 0.0000000 0.0000000 0.0028973 0.0024610 0.0030684 0.0000000 0.1959985 0.0957044 0.0061997 0.4802554 0.0000000 0.0000000 0.0179239 0.0038153 0.0000000 0.0000000 0.1441894
 68 E  68 0.0519826 0.0661745 0.0378813 0.0577503 0.0064747 0.0446143 0.4445718 0.0214073 0.0040929 0.0013215 0.0000000 0.1818060 0.0037263 0.0000000 0.0178750 0.0382438 0.0104649 0.0000000 0.0023771 0.0092355
 69 Q  69 0.0759846 0.0826930 0.0450807 0.0080368 0.0000000 0.3819241 0.1204135 0.0391666 0.0118587 0.0069342 0.0218470 0.1322806 0.0052682 0.0012887 0.0070850 0.0243679 0.0227380 0.0008015 0.0000000 0.0122309
 70 E  70 0.0377918 0.0181105 0.0754934 0.0701475 0.0036219 0.0191847 0.4571620 0.0000000 0.0054734 0.0023837 0.0489444 0.0523671 0.0470267 0.0015107 0.0036827 0.0026369 0.0460304 0.0000000 0.0000000 0.1084324
 71 G  71 0.0179311 0.0148888 0.0317181 0.2715500 0.0000000 0.0108978 0.0660388 0.4012395 0.0118344 0.0010625 0.0374783 0.0127280 0.0252359 0.0000000 0.0271161 0.0309329 0.0300791 0.0020457 0.0029724 0.0042506
 72 P  72 0.0869094 0.0184331 0.0000000 0.0063354 0.0000000 0.1339720 0.0240408 0.0041009 0.0000000 0.0061009 0.0089888 0.0164034 0.0216208 0.0000000 0.5735285 0.0701859 0.0252030 0.0000000 0.0013221 0.0028550
 73 E  73 0.0177891 0.0061677 0.0075853 0.1517600 0.0000000 0.1989438 0.5107873 0.0333718 0.0030124 0.0000000 0.0073601 0.0193742 0.0000000 0.0000000 0.0000000 0.0266288 0.0041906 0.0000000 0.0130290 0.0000000
 74 Y  74 0.0025182 0.0000000 0.0041136 0.0320187 0.0017291 0.0087571 0.0039604 0.0030794 0.0943371 0.0000000 0.0255984 0.0000000 0.0072492 0.0455943 0.0000000 0.0023969 0.0094268 0.0009454 0.7537391 0.0045364
 75 W  75 0.0019646 0.0038770 0.0080947 0.0064991 0.0043805 0.0000000 0.0000000 0.0000000 0.0000000 0.0095132 0.0838754 0.0024820 0.0020884 0.0215091 0.0085584 0.0056178 0.0000000 0.8402806 0.0000000 0.0012592
 76 D  76 0.0248587 0.0095735 0.0316581 0.2739988 0.0000000 0.0177652 0.5455112 0.0117825 0.0011962 0.0000000 0.0243772 0.0504884 0.0000000 0.0000000 0.0000000 0.0024505 0.0046088 0.0000000 0.0000000 0.0017309
 77 R  77 0.0090771 0.3851813 0.0183812 0.0256886 0.0000000 0.0951163 0.1057178 0.0363248 0.0068703 0.0049813 0.0285271 0.1301532 0.0211852 0.0000000 0.0045001 0.0377693 0.0349558 0.0431487 0.0061555 0.0062665
 78 E  78 0.0144033 0.0103262 0.1480621 0.0055135 0.0010259 0.2155633 0.3682791 0.0621275 0.0037602 0.0054153 0.0453609 0.0056010 0.0060555 0.0000000 0.0030681 0.0086605 0.0139011 0.0029419 0.0673152 0.0126195
 79 T  79 0.0098572 0.0139366 0.0157603 0.0045263 0.0000000 0.0000000 0.0029769 0.0049536 0.0000000 0.0071969 0.0000000 0.0236550 0.0055254 0.0000000 0.0032479 0.0785431 0.8269400 0.0000000 0.0000000 0.0028809
 80 Q  80 0.0313223 0.1984897 0.0275401 0.0260860 0.0000000 0.4349876 0.0957029 0.0435150 0.0199159 0.0000000 0.0325644 0.0572266 0.0000000 0.0025207 0.0008543 0.0057374 0.0116104 0.0088545 0.0009216 0.0021507
 81 I  81 0.0086333 0.0886618 0.1125355 0.0296407 0.0000000 0.0298574 0.0079946 0.0297206 0.0063116 0.2825006 0.0713560 0.1014258 0.0137922 0.0099961 0.0080950 0.1033289 0.0392728 0.0008072 0.0244667 0.0316032
 82 C  82 0.2534650 0.0750461 0.0097470 0.0056350 0.0624482 0.0419286 0.0023589 0.0244848 0.0063716 0.0194951 0.1514641 0.0009138 0.0457178 0.0736494 0.0007565 0.0805900 0.0114658 0.0017392 0.0285472 0.1041759
 83 K  83 0.0106049 0.1345441 0.0009712 0.0000000 0.0000000 0.1080744 0.0205283 0.0000000 0.0040981 0.0499870 0.0970166 0.4124775 0.0272738 0.0344056 0.0057657 0.0098488 0.0411865 0.0137396 0.0000000 0.0294778
 84 A  84 0.1076750 0.0584904 0.0809380 0.0885592 0.0000000 0.0064853 0.0813069 0.3530880 0.0173115 0.0180113 0.0023634 0.0204726 0.0000000 0.0000000 0.0000000 0.1000805 0.0312817 0.0013480 0.0110028 0.0215853
 85 K  85 0.0920521 0.0730767 0.1211040 0.0470035 0.0034538 0.0547896 0.0311369 0.0196822 0.0687140 0.0136133 0.0502902 0.0712585 0.0160677 0.0165348 0.0010055 0.0829539 0.1023527 0.0832032 0.0316533 0.0200540
 86 A  86 0.1964503 0.0177728 0.0026960 0.0206081 0.0000000 0.1851716 0.3204666 0.0299254 0.0457910 0.0059732 0.0121782 0.0166535 0.0180337 0.0032452 0.0077618 0.0517201 0.0506818 0.0000000 0.0108429 0.0040278
 87 Q  87 0.0286018 0.0371470 0.0038039 0.0242164 0.0000000 0.5847204 0.0430905 0.0077818 0.0540176 0.0033247 0.0374461 0.0574871 0.0082499 0.0061671 0.0501289 0.0147650 0.0118180 0.0030105 0.0057164 0.0185068
 88 T  88 0.0405609 0.0412785 0.0746506 0.0414290 0.0041326 0.0186411 0.0064011 0.0252097 0.0011781 0.1343342 0.0358180 0.0122227 0.0306558 0.0364087 0.0031460 0.0831888 0.2082619 0.0822508 0.0042748 0.1159568
 89 D  89 0.0307119 0.0060091 0.0198347 0.0841029 0.0077893 0.0276768 0.0091931 0.0247333 0.0099504 0.0095357 0.0424578 0.0019332 0.0138681 0.5579866 0.0099294 0.0375363 0.0164780 0.0000000 0.0743191 0.0159543
 90 R  90 0.0116589 0.3683461 0.0277136 0.0064521 0.0022383 0.0454347 0.0216347 0.0173792 0.0127377 0.0245404 0.0313285 0.3316125 0.0175243 0.0286985 0.0147433 0.0095557 0.0189027 0.0000000 0.0045988 0.0049002
 91 E  91 0.1204646 0.0712354 0.0533037 0.0185611 0.0016269 0.0116437 0.0887680 0.0717929 0.0461229 0.0072188 0.0452129 0.0216427 0.0184793 0.0104718 0.0000000 0.0310118 0.0117007 0.0094975 0.0077505 0.3534947
 92 D  92 0.0102454 0.0121839 0.4145982 0.1076267 0.0103688 0.0055712 0.0494835 0.0684796 0.0119927 0.0203889 0.0617062 0.0286740 0.0042156 0.0202548 0.0000000 0.1035339 0.0420140 0.0030315 0.0175835 0.0080477
 93 L  93 0.0000000 0.0023308 0.0000000 0.0000000 0.0039110 0.0037526 0.0000000 0.0051828 0.0060104 0.2041485 0.5971346 0.0000000 0.0339236 0.0285967 0.0043434 0.0109077 0.0103802 0.0000000 0.0020739 0.0873038
 94 R  94 0.0255817 0.2080848 0.0967129 0.0674172 0.0000000 0.0947071 0.1318821 0.0773457 0.0102085 0.0195211 0.0305927 0.1150637 0.0170656 0.0000000 0.0143450 0.0129509 0.0092241 0.0484586 0.0039395 0.0168987
 95 T  95 0.0131319 0.0278049 0.1120797 0.0368862 0.0000000 0.0051400 0.0072816 0.0015271 0.0088930 0.1938425 0.0276081 0.0353742 0.0124929 0.0527534 0.0000000 0.0372639 0.3380781 0.0084198 0.0083365 0.0730862
 96 L  96 0.2213746 0.0128488 0.0121225 0.0000000 0.0008254 0.0000000 0.0000000 0.0277414 0.0037112 0.0824514 0.4838560 0.0000000 0.0413512 0.0048359 0.0030822 0.0045169 0.0106846 0.0049757 0.0000000 0.0856221
 97 L  97 0.0393593 0.2141536 0.0029923 0.0000000 0.0000000 0.0641980 0.0011883 0.0095900 0.0026276 0.0288718 0.1887297 0.1450846 0.2087139 0.0132016 0.0163973 0.0145271 0.0082057 0.0086992 0.0000000 0.0334601
 98 R  98 0.0067077 0.1216332 0.0275349 0.1037835 0.0005052 0.1143806 0.1175765 0.2420592 0.0421357 0.0065407 0.0389222 0.0828201 0.0000000 0.0000000 0.0218415 0.0360965 0.0207507 0.0010006 0.0000000 0.0157113
 99 Y  99 0.0181413 0.3452127 0.0318386 0.0117866 0.0017084 0.0221150 0.0085845 0.0059976 0.0371944 0.0288629 0.0339742 0.0076855 0.0039698 0.0262922 0.0030579 0.0119212 0.0137707 0.0000000 0.3791776 0.0087087
100 Y 100 0.0051992 0.0114577 0.0261654 0.0000000 0.0025868 0.0084049 0.0106153 0.0115723 0.0382079 0.0029271 0.0500233 0.0000000 0.0463979 0.2429912 0.0021767 0.0091797 0.0126419 0.0007522 0.5121957 0.0065046
101 N 101 0.0089148 0.0542405 0.8029709 0.0049591 0.0000000 0.0094806 0.0074228 0.0092239 0.0000000 0.0078905 0.0055306 0.0302766 0.0018332 0.0099022 0.0111083 0.0085587 0.0223770 0.0029047 0.0000000 0.0024053
102 Q 102 0.0052111 0.0115171 0.0138665 0.0288461 0.0035212 0.6504123 0.0819897 0.0089056 0.0972022 0.0000000 0.0130312 0.0597952 0.0000000 0.0023889 0.0013008 0.0096299 0.0000000 0.0000000 0.0123821 0.0000000
103 S 103 0.0026679 0.0167319 0.0452422 0.0019879 0.0026533 0.0150177 0.0000000 0.0063571 0.0031948 0.0026189 0.0018794 0.0132817 0.0009376 0.0032050 0.0155086 0.4921654 0.3522801 0.0000000 0.0215717 0.0026989
104 E 104 0.0472062 0.0765369 0.0296666 0.0478401 0.0342792 0.0511783 0.2877379 0.0594864 0.0108249 0.0068774 0.0151286 0.0912485 0.0439039 0.0021865 0.0065591 0.0225683 0.0050994 0.1345211 0.0185832 0.0085673
105 A 105 0.2809098 0.0275673 0.0345938 0.0529381 0.0000000 0.0158252 0.0632220 0.2736178 0.0000000 0.0030217 0.0052989 0.0314357 0.0000000 0.0000000 0.0226630 0.1001352 0.0732480 0.0033661 0.0000000 0.0121573
106 G 106 0.0071531 0.0067611 0.0025919 0.0650205 0.0000000 0.0047614 0.0419345 0.7990191 0.0000000 0.0008151 0.0033650 0.0104304 0.0005596 0.0000000 0.0033934 0.0445748 0.0016964 0.0000000 0.0000000 0.0079237
107 S 107 0.0178056 0.0070649 0.0058144 0.0081498 0.0000000 0.0008029 0.0043235 0.0186564 0.0341875 0.0240202 0.0559042 0.0065448 0.0061362 0.0359619 0.0495379 0.4680621 0.0225661 0.0000000 0.0497075 0.1847538
108 H 108 0.0000000 0.0063565 0.0065835 0.0095610 0.0000000 0.0031893 0.0027975 0.0030049 0.8868301 0.0058108 0.0134547 0.0031218 0.0000000 0.0000000 0.0053095 0.0075390 0.0389882 0.0000000 0.0036503 0.0038031
109 T 109 0.0055495 0.0048870 0.0027513 0.0035310 0.0000000 0.0023009 0.0031176 0.0000000 0.0301861 0.1120529 0.0098937 0.0000000 0.0104698 0.0132154 0.0055973 0.2349107 0.4534124 0.0222963 0.0000000 0.0858280
110 L 110 0.0107099 0.0023022 0.0095516 0.0000000 0.0000000 0.0295919 0.0000000 0.0000000 0.0146717 0.1334782 0.3970362 0.0022999 0.0782892 0.1196344 0.0000000 0.0214191 0.0159891 0.0258254 0.0518625 0.0873388
111 Q 111 0.0000000 0.1966026 0.0000000 0.0000000 0.0000000 0.6895711 0.0047414 0.0050314 0.0023656 0.0052499 0.0286961 0.0080393 0.0115014 0.0000000 0.0048860 0.0072929 0.0064975 0.0189906 0.0045324 0.0060018
112 N 112 0.0089651 0.1842503 0.0341045 0.0042036 0.0083578 0.0307813 0.0399847 0.0296362 0.0216264 0.0147057 0.0577370 0.0376822 0.0470203 0.0266204 0.0000000 0.0168206 0.0318050 0.1344510 0.2200493 0.0511987
113 M 113 0.0038959 0.0547397 0.0013911 0.0000000 0.0052004 0.0192715 0.0000000 0.0043495 0.0000000 0.0380553 0.0821826 0.0071658 0.4621659 0.2183736 0.0000000 0.0069721 0.0206307 0.0018961 0.0374032 0.0363068
114 Y 114 0.0074531 0.0216071 0.0243063 0.0239182 0.0262079 0.0155835 0.0227904 0.0402059 0.0938886 0.0351576 0.0270085 0.0124582 0.0147209 0.0883677 0.0014805 0.0730217 0.0173956 0.0074016 0.4205953 0.0264313
115 G 115 0.0195671 0.0070467 0.0006933 0.0057387 0.0387850 0.0000000 0.0059596 0.6487837 0.0032130 0.0217345 0.0033418 0.0053364 0.0000000 0.0019692 0.0028922 0.0209565 0.2028409 0.0000000 0.0105544 0.0005871
116 C 116 0.1400436 0.0000000 0.0000000 0.0231604 0.6842952 0.0000000 0.0092879 0.0271384 0.0000000 0.0078848 0.0125200 0.0000000 0.0033018 0.0027858 0.0000000 0.0335178 0.0153813 0.0022944 0.0130182 0.0253705
117 D 117 0.0269021 0.0000000 0.0329574 0.2225113 0.0134983 0.0123571 0.3739753 0.0092223 0.0096179 0.0395339 0.0155795 0.0013891 0.0323763 0.0057499 0.0000000 0.0076403 0.0105890 0.0012518 0.0243162 0.1605323
118 V 118 0.0027767 0.0055616 0.0012583 0.0000000 0.0127965 0.0018020 0.0180066 0.0075016 0.0022041 0.0663634 0.2643049 0.0010180 0.0266499 0.0084408 0.0008936 0.1859667 0.0164664 0.1328932 0.0066752 0.2384205
119 G 119 0.0203663 0.2505587 0.0193405 0.1888469 0.0000000 0.0288946 0.0919830 0.2413880 0.0093030 0.0019747 0.0669102 0.0039970 0.0033908 0.0063705 0.0035284 0.0333560 0.0084404 0.0060233 0.0093489 0.0059788
120 P 120 0.0132624 0.0142668 0.0426351 0.1932665 0.0000000 0.0151025 0.1283396 0.0088991 0.0157320 0.0071169 0.0148432 0.0208847 0.0047221 0.0007849 0.4090805 0.0928437 0.0139275 0.0000000 0.0010888 0.0032037
121 D 121 0.0113412 0.0149486 0.0492820 0.4562198 0.0000000 0.0366877 0.1393534 0.2411264 0.0102296 0.0000000 0.0000000 0.0054290 0.0000000 0.0007948 0.0138125 0.0072107 0.0042644 0.0000000 0.0004850 0.0088147
122 G 122 0.0124597 0.1097272 0.0496757 0.0274587 0.0000000 0.0022109 0.0083341 0.4514556 0.0085838 0.0031756 0.0916282 0.0000000 0.0132265 0.0124266 0.0167122 0.0175332 0.1554774 0.0091108 0.0017157 0.0090883
123 R 123 0.0108427 0.2578944 0.0360620 0.0375529 0.0011989 0.0070652 0.0298696 0.3321599 0.0241619 0.0148122 0.0189818 0.0124261 0.0049465 0.0004562 0.0189372 0.1267342 0.0414290 0.0067170 0.0138181 0.0039341
124 L 124 0.0313730 0.0158584 0.0123986 0.0193398 0.0000000 0.0107502 0.2694533 0.0088541 0.0000000 0.0044744 0.2171642 0.0517308 0.0031000 0.1433230 0.0089713 0.1219963 0.0572903 0.0000000 0.0078507 0.0160718
125 L 125 0.0089085 0.0154935 0.0017504 0.0000000 0.0037276 0.0143814 0.0000000 0.0184103 0.0008004 0.0988755 0.2789949 0.0122786 0.0019275 0.0058963 0.2103200 0.0590800 0.1506147 0.0000000 0.0000000 0.1185404
126 R 126 0.0124490 0.5613278 0.0524985 0.0255964 0.0010355 0.0155240 0.0370282 0.0671268 0.0526225 0.0053632 0.0125645 0.0510450 0.0000000 0.0000000 0.0144204 0.0338705 0.0395383 0.0179893 0.0000000 0.0000000
127 G 127 0.0496220 0.0059367 0.0000000 0.0000000 0.0000000 0.0071921 0.0051970 0.6557944 0.0000000 0.0036682 0.0068468 0.0000000 0.0000000 0.1886627 0.0000000 0.0113875 0.0000000 0.0191772 0.0440845 0.0024307
128 Y 128 0.0015266 0.0076368 0.0010483 0.0067221 0.0004890 0.0215531 0.0000000 0.0052302 0.0533676 0.1878135 0.0383585 0.0000000 0.0235702 0.2296611 0.0000000 0.0204508 0.0052992 0.0017070 0.3709907 0.0245753
129 H 129 0.0655738 0.0707271 0.0435031 0.1207592 0.0093855 0.0296496 0.1141559 0.0088264 0.0474577 0.0265986 0.0612827 0.0086039 0.0215764 0.0332593 0.0044509 0.1123243 0.0150564 0.0942438 0.0905549 0.0220104
130 Q 130 0.0119458 0.0566638 0.0005091 0.0000000 0.0000000 0.5599972 0.0582458 0.0035792 0.0199352 0.0069474 0.0087011 0.0348698 0.0107358 0.0000000 0.0000000 0.0017532 0.0005147 0.0057616 0.0000000 0.2198403
131 D 131 0.0075355 0.0039659 0.0042181 0.0710863 0.0063991 0.0026236 0.0199571 0.2160160 0.0495116 0.0337038 0.0553259 0.0017405 0.0108580 0.1424625 0.0000000 0.0266770 0.0015971 0.0051721 0.3189152 0.0222347
132 A 132 0.3410966 0.0000000 0.0038381 0.0000000 0.0048021 0.0000000 0.0000000 0.3177452 0.0000000 0.0162322 0.0057068 0.0027848 0.0000000 0.0029087 0.0000000 0.0337447 0.0257781 0.0027594 0.2327014 0.0099019
133 Y 133 0.0000000 0.0000000 0.0036847 0.0000000 0.0009444 0.0000000 0.0000000 0.0000000 0.0052549 0.0026569 0.0000000 0.0000000 0.0007435 0.0675434 0.0000000 0.0011831 0.0000000 0.0114543 0.6725620 0.2339729
134 D 134 0.0005709 0.0034909 0.0564573 0.8957653 0.0053241 0.0006189 0.0150191 0.0068863 0.0000000 0.0000000 0.0000000 0.0000000 0.0000000 0.0000000 0.0000000 0.0000000 0.0000000 0.0000000 0.0158672 0.0000000
135 G 135 0.0094761 0.0025184 0.0175335 0.1965078 0.0000000 0.0000000 0.0053179 0.7267100 0.0020659 0.0000000 0.0052513 0.0025213 0.0000000 0.0000000 0.0000000 0.0263991 0.0049645 0.0000000 0.0000000 0.0007343
136 K 136 0.0507137 0.1625087 0.0035730 0.0275806 0.0029350 0.1000845 0.2130371 0.0110034 0.0250599 0.0205971 0.0142581 0.1410672 0.0016625 0.0000000 0.0004248 0.0105473 0.1883051 0.0020986 0.0219410 0.0026027
137 D 137 0.0026667 0.0034796 0.0294357 0.6549569 0.0000000 0.1963133 0.0658564 0.0097611 0.0034507 0.0099447 0.0046558 0.0000000 0.0000000 0.0000000 0.0104429 0.0021918 0.0000000 0.0000000 0.0012033 0.0056411
138 Y 138 0.0023424 0.0000000 0.0044867 0.0018091 0.0004210 0.0000000 0.0032630 0.0034796 0.0418774 0.0087517 0.0304455 0.0029478 0.0000000 0.5522972 0.0000000 0.0074793 0.0027639 0.0011331 0.3275995 0.0089029
139 I 139 0.0034103 0.0000000 0.0000000 0.0000000 0.0000000 0.0218137 0.0017873 0.0030722 0.0011790 0.4492596 0.2382234 0.0000000 0.0325411 0.0120736 0.0139311 0.0071851 0.0013668 0.0000000 0.0000000 0.2141568
140 A 140 0.3260547 0.1953725 0.0034005 0.0027891 0.0023834 0.0011449 0.0477770 0.0170543 0.0202726 0.0367056 0.0027535 0.0017654 0.0172727 0.0026380 0.0000000 0.1890589 0.0807133 0.0008196 0.0177427 0.0342810
141 L 141 0.0000000 0.0000000 0.0000000 0.0000000 0.0000000 0.0032630 0.0000000 0.0000000 0.0000000 0.0040529 0.4544146 0.0000000 0.0033159 0.4553372 0.0000000 0.0005628 0.0000000 0.0078696 0.0697660 0.0014179
142 N 142 0.0048253 0.0031797 0.3190183 0.6113150 0.0145592 0.0008671 0.0034604 0.0000000 0.0093053 0.0000000 0.0027603 0.0129734 0.0000000 0.0000000 0.0000000 0.0092507 0.0084853 0.0000000 0.0000000 0.0000000
143 E 143 0.0021779 0.0022984 0.0061296 0.0454878 0.0000000 0.0055499 0.2600657 0.0118603 0.0028731 0.0000000 0.1486076 0.1477484 0.0435811 0.0054231 0.0309001 0.2411914 0.0378715 0.0013620 0.0014161 0.0054560
144 D 144 0.0198979 0.0123402 0.0309488 0.5572486 0.0033352 0.0201195 0.1388465 0.0114254 0.0025560 0.0000000 0.0000000 0.1546495 0.0016755 0.0000000 0.0010038 0.0161430 0.0169427 0.0000000 0.0000000 0.0128674
145 L 145 0.1580172 0.0478045 0.0282336 0.0068860 0.0000000 0.0032302 0.0419086 0.0060484 0.0065721 0.0223614 0.2881668 0.0135357 0.0120322 0.0000000 0.0094396 0.0460907 0.2897082 0.0000000 0.0000000 0.0199648
146 S 146 0.0695962 0.1708730 0.0153266 0.0132457 0.0041961 0.0179740 0.1524889 0.0313274 0.0084636 0.0065275 0.1799116 0.0656315 0.0681718 0.0036619 0.0418684 0.0881892 0.0157811 0.0161600 0.0056461 0.0249593
147 S 147 0.0240458 0.0725606 0.0907131 0.0179898 0.0000000 0.0393660 0.0166107 0.0060906 0.0010197 0.0119950 0.0019887 0.0180774 0.0076781 0.0037115 0.0000000 0.3270990 0.3206330 0.0000000 0.0000000 0.0404209
148 W 148 0.0168473 0.0044917 0.0031575 0.0000000 0.0061159 0.0212904 0.0000000 0.0024730 0.0066992 0.0033240 0.0030082 0.0000000 0.0000000 0.0556159 0.1516217 0.0000000 0.0000000 0.6417729 0.0835822 0.0000000
149 T 149 0.0138487 0.1970429 0.0084377 0.0000000 0.0000000 0.0041619 0.0037846 0.0035876 0.0000000 0.1520441 0.0104010 0.0122158 0.0127281 0.0014854 0.0058956 0.0200086 0.3844202 0.0000000 0.0000000 0.1699378
150 A 150 0.7255200 0.0033975 0.0000000 0.0000000 0.0000000 0.0000000 0.0202502 0.0166748 0.0027188 0.0025089 0.0032907 0.0032566 0.0176099 0.0000000 0.0741991 0.0429300 0.0433852 0.0000000 0.0082742 0.0359840
151 A 151 0.4178126 0.0074951 0.0022046 0.0055769 0.0000000 0.0136543 0.0598755 0.0138189 0.0050592 0.0057159 0.0414254 0.0100443 0.1090603 0.0090157 0.1441766 0.0376140 0.0322094 0.0046544 0.0212965 0.0592903
152 D 152 0.0102777 0.0083651 0.0519632 0.3274793 0.0000000 0.0139869 0.1721267 0.0493333 0.0056361 0.0000000 0.0056588 0.0875735 0.0032084 0.0000000 0.0399169 0.0226346 0.0677194 0.0065768 0.0000000 0.1275433
153 T 153 0.0360103 0.0756982 0.0227587 0.0156973 0.0000000 0.0869427 0.0292807 0.0077594 0.0153695 0.0028389 0.0172622 0.0398627 0.0653309 0.0153547 0.3776871 0.0361808 0.1167987 0.0000000 0.0015918 0.0375755
154 A 154 0.3287473 0.1710928 0.0000000 0.0054732 0.0012417 0.1686112 0.1119852 0.0225981 0.0031577 0.0115523 0.0039482 0.0193498 0.0015661 0.0038196 0.0269388 0.0101342 0.0188541 0.0143965 0.0040547 0.0724784
155 A 155 0.8448019 0.0088438 0.0000000 0.0011380 0.0000000 0.0073665 0.0000000 0.0361198 0.0000000 0.0032334 0.0040118 0.0044885 0.0052793 0.0000000 0.0231001 0.0184785 0.0178089 0.0000000 0.0000000 0.0253295
156 Q 156 0.0266961 0.0450989 0.0138266 0.0233100 0.0000000 0.3103933 0.1021432 0.0139105 0.0141202 0.0051957 0.0828192 0.0085184 0.0088230 0.0256325 0.1062305 0.0070049 0.0107529 0.0538097 0.0031439 0.1385706
157 I 157 0.0178979 0.0091438 0.0739771 0.0066500 0.0027559 0.0079200 0.0088145 0.0055894 0.0054682 0.3978029 0.0302578 0.0125237 0.0669064 0.0134160 0.0649024 0.0108151 0.0244328 0.1750509 0.0201159 0.0455594
158 T 158 0.0054775 0.0058836 0.0028496 0.0148868 0.0000000 0.0000000 0.0368339 0.0054345 0.0016837 0.0765411 0.0374492 0.0032100 0.1199837 0.0053239 0.0043579 0.0483714 0.5716610 0.0080963 0.0023280 0.0496279
159 Q 159 0.0327482 0.1212007 0.0024077 0.0027445 0.0000000 0.1341173 0.1462124 0.0082262 0.0030824 0.0007673 0.0107378 0.4725838 0.0094363 0.0032484 0.0000000 0.0145196 0.0273615 0.0029740 0.0000000 0.0076318
160 R 160 0.0069655 0.3863821 0.0462329 0.0117902 0.0000000 0.2646157 0.0483384 0.0075011 0.0630753 0.0038937 0.0529919 0.0156390 0.0172994 0.0005679 0.0146091 0.0260099 0.0131267 0.0011784 0.0020379 0.0177448
161 K 161 0.0206778 0.0562417 0.0119054 0.0087959 0.0016017 0.0241871 0.2032392 0.0302679 0.0009854 0.0041583 0.0125103 0.5243875 0.0100133 0.0014644 0.0147531 0.0102235 0.0075723 0.0235029 0.0154584 0.0180539
162 W 162 0.0045908 0.0088405 0.0103534 0.0135733 0.0043435 0.0062028 0.0282961 0.1259252 0.0000000 0.0028257 0.0417791 0.0010958 0.0036517 0.0179362 0.0431108 0.0118266 0.0033776 0.6564233 0.0079086 0.0079389
163 E 163 0.0097852 0.0077983 0.0772856 0.2223965 0.0000000 0.0198215 0.4703905 0.0191972 0.0005278 0.0000000 0.0010711 0.0077712 0.0049559 0.0000000 0.1361339 0.0017544 0.0058143 0.0000000 0.0000000 0.0152966
164 A 164 0.2661567 0.0211399 0.0748509 0.0590740 0.0000000 0.0921866 0.2449196 0.0343719 0.0192829 0.0103635 0.0024272 0.0336411 0.0016766 0.0015669 0.0135147 0.0590806 0.0217380 0.0005266 0.0300528 0.0134297
165 A 165 0.1632676 0.0251408 0.0874430 0.1147209 0.0008758 0.0308326 0.1174100 0.0350349 0.0287241 0.0133991 0.0136470 0.0138010 0.0059313 0.0023883 0.0359731 0.0303224 0.0316012 0.0348769 0.1755301 0.0390800
166 R 166 0.0139834 0.0988289 0.0523107 0.0439277 0.0156954 0.0152061 0.0572918 0.2594798 0.0219313 0.0050672 0.0043227 0.0982502 0.0030421 0.0000000 0.0307152 0.0352318 0.0392895 0.1700041 0.0288873 0.0065349
167 V 167 0.1553783 0.0383298 0.0026944 0.0945158 0.0025541 0.0127127 0.2020071 0.0124984 0.0140952 0.0803273 0.0124607 0.0120171 0.0109151 0.0466098 0.0043041 0.0046812 0.0217356 0.0255685 0.1107404 0.1358545
168 A 168 0.3753581 0.1074556 0.0697995 0.0085312 0.0000000 0.0257432 0.0692616 0.0110835 0.0014070 0.0294156 0.1342635 0.0113021 0.0126938 0.0079041 0.0107239 0.0127922 0.0588238 0.0230236 0.0019770 0.0284408
169 E 169 0.0395820 0.0124756 0.0725878 0.0174595 0.0012516 0.1216987 0.5575034 0.0037472 0.0124494 0.0069826 0.0064190 0.0672138 0.0048975 0.0000000 0.0000000 0.0055921 0.0659167 0.0012638 0.0000000 0.0029594
170 Q 170 0.0228425 0.2009617 0.0178566 0.0149246 0.0019852 0.1999707 0.0172562 0.0437251 0.0352996 0.0193442 0.0260691 0.0246665 0.0055823 0.0234439 0.0021415 0.0536180 0.1778567 0.0000000 0.1040719 0.0083839
171 L 171 0.0255942 0.1580795 0.0737432 0.0465558 0.0109991 0.1534854 0.0327779 0.0074614 0.0174507 0.0102614 0.0696266 0.0306548 0.0300619 0.0201741 0.0000000 0.0293017 0.0433377 0.1049918 0.0926948 0.0427480
172 R 172 0.0101192 0.2715761 0.0448061 0.0018992 0.0006596 0.0226042 0.0253965 0.0081322 0.0065939 0.0538498 0.0025598 0.4294348 0.0137376 0.0000000 0.0035060 0.0154061 0.0670223 0.0027736 0.0069864 0.0129369
173 A 173 0.3376131 0.0147085 0.1854694 0.0141733 0.0008828 0.0398849 0.0248721 0.0368546 0.0493304 0.0245760 0.0086256 0.0648556 0.0118533 0.0101608 0.0068118 0.0504233 0.0548933 0.0061285 0.0114765 0.0464061
174 Y 174 0.0112979 0.0229032 0.0076061 0.0164769 0.0015854 0.0149971 0.0220649 0.0136395 0.0121630 0.0158830 0.0224063 0.1295841 0.0050855 0.0576476 0.0000000 0.0035704 0.0043608 0.0170969 0.6155484 0.0060829
175 L 175 0.0359309 0.0122896 0.0064224 0.0402991 0.0062190 0.0046151 0.0156792 0.0398964 0.0125791 0.0167348 0.6611642 0.0163504 0.0149944 0.0267364 0.0005398 0.0086905 0.0222081 0.0040795 0.0311289 0.0234420
176 E 176 0.0399155 0.0291196 0.0494954 0.0191911 0.0000000 0.0831364 0.4673596 0.0268323 0.0197308 0.0106703 0.0171359 0.0443793 0.0068875 0.0045350 0.0023196 0.0308292 0.1289115 0.0010320 0.0034361 0.0150828
177 G 177 0.0672770 0.0486204 0.0906793 0.0215262 0.0004635 0.1203612 0.1329948 0.2781583 0.0273633 0.0106715 0.0010615 0.0688110 0.0000000 0.0000000 0.0000000 0.0250188 0.0653617 0.0097676 0.0032209 0.0286430
178 E 178 0.0319542 0.0328789 0.0162993 0.0415289 0.0026323 0.1399597 0.2852481 0.0143731 0.0149226 0.0843299 0.0451364 0.0239322 0.0053750 0.0035730 0.0240609 0.0153113 0.1752547 0.0050648 0.0061956 0.0319691
179 C 179 0.0180412 0.0020729 0.0331632 0.0111565 0.7270666 0.0064298 0.0074000 0.0018410 0.0046014 0.0161661 0.0207444 0.0185119 0.0026465 0.0151570 0.0078224 0.0333054 0.0481591 0.0060171 0.0084117 0.0112857
180 V 180 0.0257986 0.0348071 0.0061903 0.0273748 0.0052314 0.0171755 0.0026225 0.0052480 0.0045750 0.2180716 0.0629873 0.0088058 0.0130124 0.0739329 0.1247779 0.0258451 0.0077879 0.0005028 0.0179118 0.3173413
181 E 181 0.0298920 0.1382333 0.0087467 0.1038463 0.0000000 0.0766898 0.4691916 0.0237891 0.0077395 0.0037925 0.0210852 0.0277696 0.0021265 0.0086354 0.0109427 0.0059196 0.0223395 0.0013229 0.0081186 0.0298191
182 W 182 0.0103856 0.0454799 0.0241582 0.0091847 0.0077963 0.0408262 0.0217375 0.0486443 0.0149705 0.0047747 0.0191388 0.0155387 0.0277697 0.0216793 0.0000000 0.0630275 0.0245693 0.4951542 0.0118658 0.0932986
183 L 183 0.0048402 0.0119660 0.0699704 0.0217494 0.0064109 0.0065674 0.0000000 0.0094490 0.0071010 0.0165180 0.7265542 0.0053699 0.0118952 0.0106222 0.0042167 0.0347961 0.0062049 0.0000000 0.0088951 0.0368735
184 R 184 0.0086831 0.2378493 0.0397803 0.0018933 0.0033026 0.0985881 0.0236274 0.0077194 0.0454809 0.0000000 0.2349416 0.2269103 0.0000000 0.0130958 0.0087226 0.0187772 0.0028240 0.0077912 0.0096736 0.0103395
185 R 185 0.0021669 0.4266373 0.0331849 0.0019575 0.0000000 0.0309330 0.0138659 0.0261417 0.0018803 0.0185375 0.0111422 0.3305272 0.0169374 0.0125691 0.0029916 0.0163458 0.0324815 0.0061369 0.0024354 0.0131277
186 Y 186 0.0060393 0.0124785 0.0400185 0.0059026 0.0130501 0.0146694 0.0119686 0.0000000 0.0514405 0.0157755 0.0556424 0.0148043 0.0037072 0.0757166 0.0000000 0.0061891 0.0865333 0.0097530 0.5636746 0.0126366
187 L 187 0.0264944 0.0325633 0.0064144 0.0000000 0.0000000 0.0041948 0.0071933 0.0065156 0.0036166 0.0197479 0.6418490 0.0018243 0.0265419 0.0030087 0.0075416 0.0040525 0.0168077 0.0022509 0.0066453 0.1827375
188 E 188 0.0276888 0.0977743 0.0706760 0.0882547 0.0000000 0.0465328 0.3554233 0.0482730 0.0055606 0.0179632 0.0640775 0.0321129 0.0095697 0.0045845 0.0195945 0.0547635 0.0282537 0.0000000 0.0040187 0.0248782
189 N 189 0.0079959 0.0438388 0.1509336 0.0079536 0.0040896 0.0108228 0.0037667 0.0925794 0.0412149 0.0220199 0.0997317 0.0428757 0.0478327 0.0241680 0.0041266 0.0200059 0.0181427 0.0000000 0.3514956 0.0064060
