   82         A         R         N         D         C         Q         E         G         H         I         L         K         M         F         P         S         T         W         Y         V    
  1 G   1 0.8253600 0.0000000 0.0000000 0.0000000 0.0000000 0.0000000 0.0000000 0.1208262 0.0000000 0.0000000 0.0000000 0.0000000 0.0000000 0.0000000 0.0000000 0.0538139 0.0000000 0.0000000 0.0000000 0.0000000
  2 P   2 0.0767356 0.0044791 0.0099804 0.0303824 0.0000000 0.2375742 0.0640729 0.0097860 0.0127891 0.0049359 0.0076283 0.0794990 0.0000000 0.0000000 0.3175916 0.0448079 0.0443886 0.0000000 0.0000000 0.0553490
  3 E   3 0.0910100 0.0868179 0.0158610 0.0257563 0.0000000 0.0483362 0.0714864 0.0312940 0.0034524 0.0078160 0.0168910 0.0064240 0.0065049 0.0000000 0.1101541 0.1311175 0.2315575 0.0038991 0.0000000 0.1116216
  4 H   4 0.2393621 0.0020672 0.0000000 0.0090123 0.0000000 0.0000000 0.0024508 0.0075360 0.1766839 0.0826717 0.0000000 0.0020128 0.0179673 0.0481794 0.0022446 0.0124707 0.0019530 0.0186632 0.3226802 0.0540450
  5 R   5 0.0213753 0.0751907 0.0097681 0.0246186 0.0000000 0.1232804 0.1445310 0.0025439 0.0843669 0.0112151 0.0127773 0.0451418 0.0695176 0.0000000 0.0362660 0.1028993 0.1249454 0.0752614 0.0129320 0.0233693
  6 A   6 0.2786115 0.0000000 0.0000000 0.0000000 0.0000000 0.0000000 0.0000000 0.2113582 0.0000000 0.0119387 0.0327896 0.0000000 0.0124304 0.0000000 0.0000000 0.1120872 0.1683395 0.0000000 0.0000000 0.1724448
  7 V   7 0.0133873 0.0753113 0.0324167 0.0824495 0.0000000 0.1175905 0.1653906 0.0000000 0.0499013 0.0212274 0.0103774 0.0828256 0.0133388 0.0041453 0.0100049 0.1040454 0.1899688 0.0000000 0.0000000 0.0276192
  8 G   8 0.1204090 0.0000000 0.0000000 0.0000000 0.0000000 0.0000000 0.0000000 0.8795910 0.0000000 0.0000000 0.0000000 0.0000000 0.0000000 0.0000000 0.0000000 0.0000000 0.0000000 0.0000000 0.0000000 0.0000000
  9 R   9 0.0092458 0.0806945 0.0000000 0.0265187 0.0000000 0.0415311 0.2090810 0.0000000 0.0044158 0.0571478 0.0217633 0.0947943 0.0019994 0.0019233 0.0000000 0.0145677 0.2158669 0.0000000 0.0000000 0.2204505
 10 I  10 0.0042411 0.0000000 0.0000000 0.0000000 0.0000000 0.0000000 0.0000000 0.0000000 0.0000000 0.4565799 0.0284346 0.0000000 0.0000000 0.0088017 0.0000000 0.0000000 0.0000000 0.0000000 0.0000000 0.5019426
 11 Q  11 0.0159131 0.1085041 0.1369924 0.0386121 0.0000000 0.0269185 0.1500056 0.0000000 0.0110777 0.0253848 0.0478585 0.2026250 0.0026526 0.0000000 0.0000000 0.0134920 0.1332820 0.0000000 0.0000000 0.0866815
 12 S  12 0.3068294 0.0590973 0.0035372 0.0558564 0.0000000 0.0490338 0.0516509 0.0352963 0.0054159 0.0000000 0.0036372 0.2007935 0.0128941 0.0000000 0.0000000 0.1750366 0.0318067 0.0000000 0.0000000 0.0091146
 13 I  13 0.0032316 0.0000000 0.0000000 0.0000000 0.0000000 0.0000000 0.0000000 0.0000000 0.0000000 0.3351932 0.1498536 0.0000000 0.0257858 0.0114856 0.0000000 0.0000000 0.0116553 0.0424069 0.0000000 0.4203879
 14 G  14 0.0164037 0.0073242 0.1173623 0.5998056 0.0000000 0.0063518 0.0494308 0.0410170 0.0044283 0.0000000 0.0055043 0.0081084 0.0210476 0.0000000 0.0057137 0.0454116 0.0720909 0.0000000 0.0000000 0.0000000
 15 E  15 0.3120784 0.0071559 0.0420579 0.0431309 0.0000000 0.0094923 0.0340217 0.0985143 0.0793467 0.0015450 0.0030283 0.0285845 0.0059337 0.0443579 0.1594173 0.0452634 0.0797340 0.0000000 0.0000000 0.0063376
 16 R  16 0.0718195 0.1237131 0.0765667 0.0566340 0.0000000 0.0664382 0.0603224 0.3668502 0.0119819 0.0000000 0.0024376 0.0914638 0.0034385 0.0000000 0.0023358 0.0361790 0.0298192 0.0000000 0.0000000 0.0000000
 17 S  17 0.0681620 0.0352893 0.0050188 0.0176772 0.0000000 0.0582931 0.0092650 0.0310108 0.0000000 0.0177407 0.0035306 0.2811993 0.1634739 0.0000000 0.0000000 0.1095197 0.1857172 0.0000000 0.0027298 0.0113725
 18 L  18 0.0890793 0.0167566 0.0000000 0.0000000 0.0000000 0.0000000 0.0000000 0.0000000 0.0000000 0.2839354 0.2339138 0.0000000 0.0126985 0.0084682 0.0000000 0.0109416 0.0000000 0.0000000 0.0000000 0.3442066
 19 I  19 0.0079016 0.0135173 0.1114133 0.0039513 0.0000000 0.0043980 0.0139798 0.0070502 0.0000000 0.0080849 0.0076267 0.0290360 0.0096352 0.0034058 0.0000000 0.0321131 0.7035604 0.0000000 0.0000000 0.0443265
 20 I  20 0.0167186 0.0000000 0.0000000 0.0000000 0.0000000 0.0000000 0.0000000 0.0000000 0.0000000 0.4148272 0.4003624 0.0000000 0.0181436 0.0202553 0.0000000 0.0000000 0.0000000 0.0000000 0.0000000 0.1296929
 21 A  21 0.1672109 0.0688529 0.0717951 0.0854607 0.0000000 0.0405277 0.0568610 0.0000000 0.0282902 0.0090506 0.0087195 0.1399579 0.0019829 0.0036361 0.0000000 0.2332160 0.0844386 0.0000000 0.0000000 0.0000000
 22 H  22 0.0000000 0.0312762 0.0000000 0.0000000 0.0057561 0.0137465 0.0000000 0.0000000 0.9227378 0.0000000 0.0000000 0.0000000 0.0102340 0.0000000 0.0000000 0.0057014 0.0047129 0.0000000 0.0058349 0.0000000
 23 E  23 0.0469608 0.0188487 0.0137307 0.1286488 0.0000000 0.0797989 0.1930250 0.4275922 0.0035736 0.0000000 0.0145206 0.0205655 0.0039263 0.0000000 0.0186569 0.0219830 0.0050424 0.0000000 0.0000000 0.0031264
 24 A  24 0.2643133 0.0128345 0.0071233 0.0339884 0.0000000 0.0038730 0.0688185 0.0116694 0.0000000 0.0000000 0.0000000 0.0090320 0.0000000 0.0000000 0.5628492 0.0119791 0.0054210 0.0000000 0.0000000 0.0080981
 25 I  25 0.0265850 0.0000000 0.0056171 0.0000000 0.0000000 0.0000000 0.0000000 0.0000000 0.0000000 0.5810904 0.0931417 0.0000000 0.0241772 0.0371028 0.0000000 0.0000000 0.0000000 0.0000000 0.0000000 0.2322858
 26 P  26 0.1368913 0.0125677 0.0056458 0.0445303 0.0000000 0.0081139 0.1027053 0.0000000 0.0065135 0.0047075 0.0029529 0.1342460 0.0054625 0.0000000 0.4354550 0.0451968 0.0391901 0.0000000 0.0000000 0.0158215
 27 S  27 0.2338505 0.0101478 0.1271517 0.0618765 0.0000000 0.0138707 0.2350707 0.0734979 0.0142818 0.0000000 0.0000000 0.0478202 0.0000000 0.0000000 0.0047801 0.1403144 0.0306927 0.0000000 0.0066450 0.0000000
 28 A  28 0.0374799 0.0000000 0.0000000 0.0000000 0.0000000 0.0000000 0.0000000 0.0000000 0.0000000 0.1225112 0.5519521 0.0000000 0.0028321 0.0562314 0.0000000 0.0068512 0.0032445 0.1630402 0.0222422 0.0336153
 29 Q  29 0.0198805 0.0286202 0.1227456 0.1791202 0.0000000 0.0655700 0.0432960 0.3730677 0.0156846 0.0000000 0.0000000 0.1169787 0.0000000 0.0000000 0.0000000 0.0315307 0.0000000 0.0035058 0.0000000 0.0000000
 30 W  30 0.0000000 0.0311326 0.0000000 0.0000000 0.0000000 0.0000000 0.0000000 0.0000000 0.0000000 0.0000000 0.0336211 0.0000000 0.3493127 0.0000000 0.0000000 0.0000000 0.0031039 0.5828297 0.0000000 0.0000000
 31 G  31 0.0060747 0.0037729 0.0039220 0.0604875 0.0000000 0.0119931 0.0458376 0.1092030 0.0000000 0.0000000 0.0000000 0.0232316 0.0000000 0.0000000 0.6903475 0.0377989 0.0017169 0.0000000 0.0000000 0.0056142
 32 A  32 0.5884642 0.0030248 0.0056752 0.0066621 0.0000000 0.0000000 0.0316544 0.1510433 0.0000000 0.0000000 0.0034059 0.0029846 0.0000000 0.0000000 0.1301110 0.0521356 0.0114875 0.0000000 0.0000000 0.0133514
 33 M  33 0.0311326 0.0118237 0.0000000 0.0000000 0.0000000 0.0000000 0.0000000 0.0622545 0.0000000 0.0000000 0.0031685 0.0000000 0.8879161 0.0000000 0.0000000 0.0000000 0.0000000 0.0000000 0.0000000 0.0037045
 34 T  34 0.0180886 0.0215842 0.0000000 0.0024279 0.0000000 0.0225698 0.0553513 0.0000000 0.0021185 0.0131848 0.0039276 0.0142273 0.0080924 0.0000000 0.0031690 0.0240565 0.7795127 0.0000000 0.0000000 0.0316891
 35 M  35 0.0000000 0.0000000 0.0036747 0.0045443 0.0000000 0.0071127 0.0000000 0.0000000 0.0000000 0.0033948 0.0274877 0.0027856 0.9045749 0.0081517 0.0000000 0.0134912 0.0247825 0.0000000 0.0000000 0.0000000
 36 E  36 0.0947479 0.0404668 0.0880519 0.2730082 0.0000000 0.0125254 0.0506672 0.0371941 0.0000000 0.0069106 0.0035283 0.0037102 0.0090444 0.0080700 0.0756416 0.0570253 0.1050494 0.0025050 0.0018522 0.1300016
 37 F  37 0.0000000 0.0000000 0.0000000 0.0000000 0.0000000 0.0000000 0.0000000 0.0000000 0.0000000 0.0044612 0.0518197 0.0000000 0.0164219 0.8591748 0.0000000 0.0000000 0.0000000 0.0000000 0.0681223 0.0000000
 38 A  38 0.1343070 0.1205829 0.0274382 0.0631173 0.0020752 0.0201530 0.0453585 0.0316519 0.0067882 0.0127831 0.0312719 0.1608052 0.0126664 0.0052185 0.0982167 0.0527067 0.1494711 0.0000000 0.0030834 0.0223046
 39 A  39 0.1105869 0.0022719 0.0000000 0.0000000 0.0000000 0.0077827 0.0000000 0.0000000 0.0000000 0.0564719 0.2649835 0.0207047 0.0059084 0.0318984 0.0106361 0.0057621 0.0327860 0.0000000 0.0070937 0.4431138
 40 P  40 0.3330732 0.0379684 0.0067429 0.0509313 0.0000000 0.0403924 0.0410849 0.0372899 0.0060115 0.0100201 0.0280479 0.1309349 0.0071001 0.0000000 0.1247695 0.0574879 0.0485295 0.0000000 0.0118098 0.0278060
 41 P  41 0.0648224 0.0199260 0.0726679 0.3700409 0.0000000 0.0181519 0.1255243 0.0732284 0.0108008 0.0000000 0.0000000 0.0330565 0.0000000 0.0000000 0.1198767 0.0728158 0.0120059 0.0000000 0.0000000 0.0070824
 42 A  42 0.1545927 0.0211812 0.0766473 0.0924750 0.0000000 0.0202729 0.0592224 0.0795065 0.0231322 0.0014423 0.0013702 0.0650919 0.0039174 0.0030544 0.2427347 0.1030901 0.0346849 0.0065121 0.0057155 0.0053562
 43 G  43 0.2574645 0.0191355 0.0222807 0.0400645 0.0000000 0.0163554 0.0434610 0.0693757 0.0123093 0.0672694 0.0758702 0.0322499 0.0094929 0.0132521 0.0096361 0.0832098 0.0460397 0.0022112 0.0000000 0.1803221
 44 L  44 0.0465462 0.0042177 0.0192548 0.2406944 0.0000000 0.0623901 0.0616753 0.0000000 0.0022174 0.0200905 0.2754295 0.0060332 0.1067025 0.0019966 0.0118579 0.0330553 0.0345148 0.0159705 0.0022408 0.0551128
 45 P  45 0.1010186 0.0180637 0.0000000 0.0021409 0.0000000 0.0023332 0.0072393 0.0028382 0.0000000 0.0788253 0.4935874 0.0000000 0.0458798 0.0387857 0.0955198 0.0228351 0.0254848 0.0055676 0.0017737 0.0581069
 46 Q  46 0.1646906 0.0398513 0.0527370 0.1047290 0.0000000 0.0557338 0.0883612 0.0364764 0.0085140 0.0066503 0.0061268 0.1265097 0.0099990 0.0058134 0.0294098 0.1759381 0.0789533 0.0000000 0.0000000 0.0095061
 47 G  47 0.0842585 0.0349501 0.0325336 0.1065739 0.0000000 0.0959599 0.0559784 0.2774999 0.0171144 0.0054127 0.0144078 0.0762273 0.0061191 0.0000000 0.0581647 0.0631756 0.0659715 0.0000000 0.0000000 0.0056527
 48 L  48 0.0253372 0.0066621 0.0000000 0.0000000 0.0000000 0.0027420 0.0000000 0.0000000 0.0000000 0.1209005 0.4637192 0.0000000 0.0297001 0.1277659 0.0041761 0.0000000 0.0031390 0.0000000 0.0089358 0.2069220
 49 K  49 0.1144053 0.0551639 0.0141487 0.0000000 0.0000000 0.0642057 0.0564597 0.0146205 0.0393892 0.0037851 0.0000000 0.4217862 0.0035162 0.0000000 0.0855452 0.0615932 0.0439369 0.0000000 0.0000000 0.0214442
 50 A  50 0.1440682 0.0069697 0.0062130 0.0077706 0.0000000 0.0316250 0.1345076 0.0067976 0.0000000 0.0284330 0.0467689 0.0320831 0.0038221 0.0000000 0.2499703 0.0225020 0.0426922 0.0000000 0.0000000 0.2357768
 51 G  51 0.0034486 0.0023624 0.0326824 0.0285626 0.0000000 0.0045761 0.0106173 0.8980483 0.0000000 0.0000000 0.0000000 0.0072298 0.0000000 0.0000000 0.0000000 0.0106932 0.0017793 0.0000000 0.0000000 0.0000000
 52 D  52 0.0710630 0.0127630 0.0030876 0.4284176 0.0000000 0.1900670 0.0932327 0.0044007 0.0000000 0.0000000 0.0050598 0.0174216 0.0320148 0.0000000 0.0000000 0.0677137 0.0584553 0.0000000 0.0031243 0.0131788
 53 R  53 0.0819523 0.1629699 0.0318111 0.0260230 0.0000000 0.0941460 0.0692595 0.0074726 0.0187743 0.0105083 0.0135233 0.2391299 0.0083558 0.0000000 0.0486384 0.0734507 0.0938152 0.0000000 0.0057413 0.0144281
 54 V  54 0.0184334 0.0000000 0.0000000 0.0000000 0.0000000 0.0044061 0.0000000 0.0000000 0.0000000 0.2354896 0.0551918 0.0000000 0.0084596 0.0071685 0.0000000 0.0000000 0.0113646 0.0000000 0.0000000 0.6594865
 55 A  55 0.0737646 0.2245271 0.0443003 0.0823629 0.0000000 0.0407214 0.1190839 0.0142497 0.0873767 0.0160110 0.0136021 0.0579782 0.0233125 0.0039104 0.0000000 0.0618204 0.1195332 0.0024303 0.0030802 0.0119351
 56 F  56 0.0438768 0.0000000 0.0039104 0.0000000 0.0000000 0.0000000 0.0000000 0.0039300 0.0000000 0.0494750 0.0713921 0.0000000 0.0173882 0.7520873 0.0000000 0.0000000 0.0000000 0.0000000 0.0000000 0.0579402
 57 S  57 0.0499220 0.1040908 0.0077849 0.0803880 0.0000000 0.0756949 0.1927031 0.0362279 0.0283710 0.0059770 0.0599688 0.0230659 0.0311885 0.0000000 0.0000000 0.0833591 0.1972122 0.0000000 0.0021895 0.0218566
 58 F  58 0.0435373 0.0000000 0.0000000 0.0000000 0.0000000 0.0000000 0.0000000 0.0000000 0.0000000 0.1126678 0.2329718 0.0000000 0.0411402 0.3882153 0.0000000 0.0000000 0.0060295 0.0000000 0.0049842 0.1704539
 59 R  59 0.2001915 0.0925976 0.0094128 0.0358728 0.0000000 0.0412844 0.1134010 0.0023040 0.0294418 0.0328964 0.0118606 0.0681834 0.0061184 0.0047239 0.0000000 0.0683913 0.1176250 0.0000000 0.0091772 0.1565179
 60 L  60 0.0286354 0.1091748 0.0074907 0.0239298 0.0000000 0.1786500 0.1523719 0.0017841 0.0109039 0.0294392 0.0732697 0.2214348 0.0333381 0.0000000 0.0088298 0.0052329 0.0279510 0.0017271 0.0000000 0.0858368
 61 D  61 0.0498085 0.1231334 0.1058793 0.1479197 0.0000000 0.0745840 0.0647451 0.1159209 0.0124019 0.0039768 0.0130358 0.0318402 0.0077250 0.0000000 0.0281539 0.0536697 0.1482933 0.0000000 0.0048830 0.0140294
 62 P  62 0.0993801 0.0215193 0.0299246 0.1788698 0.0000000 0.0219984 0.1522133 0.1622513 0.0000000 0.0243837 0.0043319 0.0538181 0.0015952 0.0000000 0.0664078 0.0674583 0.0313328 0.0000000 0.0000000 0.0845156
 63 H  63 0.0706825 0.0070590 0.0973973 0.3050918 0.0000000 0.0546286 0.0820378 0.0997672 0.0082496 0.0055631 0.0000000 0.0384280 0.0039166 0.0062100 0.0566672 0.1293308 0.0318539 0.0000000 0.0000000 0.0031165
 64 G  64 0.0132743 0.0065282 0.0122611 0.0797617 0.0000000 0.0037361 0.0248658 0.7249353 0.0000000 0.0052972 0.0099554 0.0212721 0.0251144 0.0219092 0.0060881 0.0180414 0.0165174 0.0000000 0.0041838 0.0062585
 65 M  65 0.0866352 0.0465324 0.0333341 0.0510273 0.0000000 0.0834729 0.1241352 0.0632519 0.0200129 0.0247797 0.0985718 0.0964259 0.0466433 0.0000000 0.0087336 0.0876238 0.0847392 0.0000000 0.0050414 0.0390394
 66 A  66 0.1053060 0.0049006 0.0039987 0.0000000 0.0000000 0.0000000 0.0037525 0.0090061 0.0245106 0.0163191 0.1158205 0.0000000 0.0609320 0.1230099 0.0776046 0.0073554 0.0000000 0.0608312 0.3699055 0.0167474
 67 T  67 0.0198816 0.0880356 0.0000000 0.0132660 0.0000000 0.0951974 0.0816729 0.0127569 0.0075753 0.0650643 0.0391665 0.0078748 0.0222101 0.0026663 0.0000000 0.0433153 0.2070306 0.0060594 0.0071222 0.2811047
 68 L  68 0.0139281 0.0000000 0.0000000 0.0063138 0.0000000 0.0000000 0.0000000 0.0000000 0.0000000 0.4251252 0.2488042 0.0070710 0.0077028 0.0000000 0.0000000 0.0000000 0.0000000 0.0000000 0.0000000 0.2910548
 69 V  69 0.0538246 0.0486506 0.0101570 0.0117235 0.0000000 0.0226006 0.0499737 0.0057482 0.0077999 0.0485160 0.0181900 0.0413821 0.0118971 0.0037232 0.0064278 0.0732306 0.3996885 0.0000000 0.0000000 0.1864666
 70 T  70 0.1944802 0.0878627 0.0152113 0.1047350 0.0000000 0.1238706 0.0964629 0.0419958 0.0350972 0.0032873 0.0000000 0.1021008 0.0054841 0.0180521 0.0000000 0.1133528 0.0506585 0.0000000 0.0000000 0.0073487
 71 V  71 0.0234603 0.0036956 0.0000000 0.0000000 0.0000000 0.0000000 0.0000000 0.0000000 0.0000000 0.4228855 0.2564615 0.0000000 0.0665822 0.0074571 0.0000000 0.0000000 0.0031593 0.0000000 0.0164940 0.1998046
 72 A  72 0.0541120 0.1083340 0.0000000 0.0327850 0.0096126 0.1215361 0.2148658 0.0038625 0.0785263 0.0090659 0.0027020 0.1279853 0.0449542 0.0000000 0.0000000 0.0727845 0.0900354 0.0109399 0.0000000 0.0178985
 73 P  73 0.1173662 0.0543313 0.0000000 0.0000000 0.0000000 0.0163358 0.0189039 0.0054717 0.0115194 0.0433945 0.0239794 0.2335369 0.0000000 0.0000000 0.4188980 0.0317871 0.0190507 0.0000000 0.0000000 0.0054251
 74 Q  74 0.2324576 0.0538565 0.0106243 0.0245004 0.0000000 0.1706549 0.0728688 0.0086219 0.0056449 0.0426160 0.0861512 0.0160576 0.0427936 0.0033688 0.0081492 0.0369297 0.0349950 0.0000000 0.0000000 0.1497095
 75 V  75 0.1324209 0.0000000 0.0185089 0.1443881 0.0000000 0.0445648 0.0317239 0.2336529 0.0093189 0.0046138 0.0062162 0.0191390 0.0054843 0.0000000 0.1424220 0.1328459 0.0301618 0.0000000 0.0000000 0.0445385
 76 Q  76 0.1800872 0.0000000 0.0414498 0.0987908 0.0000000 0.0942356 0.0441206 0.1262831 0.0254851 0.0000000 0.0090318 0.0292925 0.0307899 0.0000000 0.0717325 0.1253537 0.0480041 0.0000000 0.0000000 0.0753431
 77 T  77 0.2119116 0.0000000 0.0681256 0.1006663 0.0000000 0.0169877 0.0927144 0.0868742 0.0133329 0.0130617 0.0098318 0.0474344 0.0223140 0.0000000 0.1420439 0.0353443 0.0997360 0.0000000 0.0000000 0.0396212
 78 A  78 0.3104581 0.0324968 0.0246593 0.0360397 0.0000000 0.1223323 0.0252406 0.0438211 0.0804578 0.0109086 0.0107811 0.0112944 0.0365774 0.0000000 0.0965423 0.0925087 0.0379204 0.0000000 0.0000000 0.0279614
 79 G  79 0.0858961 0.0152821 0.0000000 0.0418115 0.0000000 0.0477285 0.1119468 0.3072132 0.0417674 0.0000000 0.0000000 0.0492539 0.0000000 0.0000000 0.0780925 0.1601087 0.0396185 0.0000000 0.0000000 0.0212808
 80 A  80 0.3529656 0.0000000 0.0000000 0.0845418 0.0000000 0.0095982 0.0776955 0.2020535 0.0000000 0.0000000 0.0000000 0.0135761 0.0000000 0.0000000 0.0135953 0.0659473 0.1343830 0.0000000 0.0000000 0.0456437
 81 K  81 0.0341915 0.1137440 0.0366464 0.0000000 0.0231905 0.1476354 0.0278326 0.0000000 0.0245475 0.0000000 0.0251517 0.2717987 0.0174920 0.0000000 0.0684693 0.0000000 0.2093004 0.0000000 0.0000000 0.0000000
 82 P  82 0.0000000 0.0000000 0.0000000 0.0000000 0.0000000 0.0000000 0.0000000 0.0000000 0.0000000 0.0000000 0.0000000 0.0000000 0.0000000 0.0000000 1.0000000 0.0000000 0.0000000 0.0000000 0.0000000 0.0000000
