   82         A         R         N         D         C         Q         E         G         H         I         L         K         M         F         P         S         T         W         Y         V         X    
  1 G   1 0.2490095 0.0000000 0.0000000 0.0000000 0.0000000 0.0000000 0.0000000 0.0343391 0.0000000 0.0000000 0.0000000 0.0000000 0.0000000 0.0000000 0.0000000 0.0156399 0.0000000 0.0000000 0.0000000 0.0000000 0.7010114
  2 P   2 0.0293640 0.0018062 0.0038252 0.0117771 0.0000000 0.1020569 0.0255408 0.0037927 0.0048055 0.0019816 0.0029484 0.0313855 0.0000000 0.0000000 0.1248900 0.0178648 0.0177741 0.0000000 0.0000000 0.0208550 0.5993323
  3 E   3 0.0526554 0.0497680 0.0092291 0.0147239 0.0000000 0.0299548 0.0399315 0.0174382 0.0019909 0.0044857 0.0100731 0.0037101 0.0038302 0.0000000 0.0646407 0.0760473 0.1355403 0.0022427 0.0000000 0.0707974 0.4129405
  4 H   4 0.1629219 0.0013827 0.0000000 0.0060517 0.0000000 0.0000000 0.0016326 0.0050979 0.1144856 0.0600275 0.0000000 0.0013443 0.0135852 0.0321733 0.0015130 0.0084285 0.0013223 0.0123926 0.2154921 0.0360170 0.3261318
  5 R   5 0.0162359 0.0540936 0.0075706 0.0202432 0.0000000 0.0879773 0.1033678 0.0018404 0.0602143 0.0078858 0.0097376 0.0374535 0.0498112 0.0000000 0.0262838 0.0755669 0.0890053 0.0534561 0.0091325 0.0163986 0.2737256
  6 A   6 0.2336782 0.0000000 0.0000000 0.0000000 0.0000000 0.0000000 0.0000000 0.1795422 0.0000000 0.0101077 0.0271492 0.0000000 0.0100121 0.0000000 0.0000000 0.0997440 0.1408997 0.0000000 0.0000000 0.1430667 0.1558003
  7 V   7 0.0122019 0.0658112 0.0287233 0.0753285 0.0000000 0.1039590 0.1460357 0.0000000 0.0498811 0.0185600 0.0092500 0.0743631 0.0117801 0.0036442 0.0090728 0.0962281 0.1760040 0.0000000 0.0000000 0.0241851 0.0949718
  8 G   8 0.1083056 0.0000000 0.0000000 0.0000000 0.0000000 0.0000000 0.0000000 0.8182238 0.0000000 0.0000000 0.0000000 0.0000000 0.0000000 0.0000000 0.0000000 0.0000000 0.0000000 0.0000000 0.0000000 0.0000000 0.0734706
  9 R   9 0.0085442 0.0725291 0.0000000 0.0240824 0.0000000 0.0383748 0.2035374 0.0000000 0.0038547 0.0531136 0.0203248 0.0865716 0.0018844 0.0018758 0.0000000 0.0136807 0.1959337 0.0000000 0.0000000 0.2079797 0.0677131
 10 I  10 0.0035930 0.0000000 0.0000000 0.0000000 0.0000000 0.0000000 0.0000000 0.0000000 0.0000000 0.4145357 0.0258103 0.0000000 0.0000000 0.0074639 0.0000000 0.0000000 0.0000000 0.0000000 0.0000000 0.4762362 0.0723608
 11 Q  11 0.0144557 0.1046048 0.1249382 0.0338315 0.0000000 0.0245518 0.1326352 0.0000000 0.0097685 0.0227997 0.0430972 0.1996219 0.0023702 0.0000000 0.0000000 0.0121547 0.1218232 0.0000000 0.0000000 0.0789021 0.0744454
 12 S  12 0.2789465 0.0571116 0.0031772 0.0550787 0.0000000 0.0446812 0.0465105 0.0315267 0.0048704 0.0000000 0.0032128 0.1939629 0.0116185 0.0000000 0.0000000 0.1577935 0.0287878 0.0000000 0.0000000 0.0082762 0.0744454
 13 I  13 0.0034706 0.0000000 0.0000000 0.0000000 0.0000000 0.0000000 0.0000000 0.0000000 0.0000000 0.3142619 0.1359115 0.0000000 0.0231555 0.0100045 0.0000000 0.0000000 0.0101922 0.0390428 0.0000000 0.3916002 0.0723608
 14 G  14 0.0155930 0.0072713 0.1095849 0.5930302 0.0000000 0.0063498 0.0469068 0.0376173 0.0040598 0.0000000 0.0051951 0.0075213 0.0195380 0.0000000 0.0053359 0.0421333 0.0660287 0.0000000 0.0000000 0.0000000 0.0338347
 15 E  15 0.3068540 0.0068742 0.0406746 0.0406802 0.0000000 0.0091236 0.0319949 0.0926914 0.0758518 0.0015125 0.0028026 0.0275303 0.0053850 0.0469507 0.1503541 0.0424682 0.0805154 0.0000000 0.0000000 0.0061264 0.0316101
 16 R  16 0.0682838 0.1179203 0.0741478 0.0547666 0.0000000 0.0641433 0.0561143 0.3634527 0.0118070 0.0000000 0.0023191 0.0952084 0.0033266 0.0000000 0.0021878 0.0337095 0.0283702 0.0000000 0.0000000 0.0000000 0.0242425
 17 S  17 0.0633528 0.0333336 0.0047901 0.0168117 0.0000000 0.0554266 0.0086738 0.0289855 0.0000000 0.0171010 0.0036913 0.2896778 0.1607790 0.0000000 0.0000000 0.1029348 0.1769771 0.0000000 0.0025554 0.0106671 0.0242425
 18 L  18 0.0857388 0.0156398 0.0000000 0.0000000 0.0000000 0.0000000 0.0000000 0.0000000 0.0000000 0.2832142 0.2265980 0.0000000 0.0130294 0.0079715 0.0000000 0.0106451 0.0000000 0.0000000 0.0000000 0.3355000 0.0216633
 19 I  19 0.0081992 0.0135412 0.1072758 0.0035454 0.0000000 0.0042416 0.0136656 0.0067675 0.0000000 0.0074350 0.0072643 0.0275684 0.0089190 0.0031093 0.0000000 0.0323667 0.6982887 0.0000000 0.0000000 0.0435402 0.0142721
 20 I  20 0.0163867 0.0000000 0.0000000 0.0000000 0.0000000 0.0000000 0.0000000 0.0000000 0.0000000 0.4147025 0.3925666 0.0000000 0.0164338 0.0206516 0.0000000 0.0000000 0.0000000 0.0000000 0.0000000 0.1249867 0.0142721
 21 A  21 0.1629978 0.0664709 0.0701105 0.0829772 0.0000000 0.0410799 0.0544088 0.0000000 0.0275679 0.0127276 0.0083298 0.1461434 0.0028275 0.0034658 0.0000000 0.2259918 0.0806290 0.0000000 0.0000000 0.0000000 0.0142721
 22 H  22 0.0000000 0.0297573 0.0000000 0.0000000 0.0054436 0.0134808 0.0000000 0.0000000 0.9122039 0.0000000 0.0000000 0.0000000 0.0096262 0.0000000 0.0000000 0.0052510 0.0045028 0.0000000 0.0054624 0.0000000 0.0142721
 23 E  23 0.0457572 0.0179478 0.0129889 0.1291230 0.0000000 0.0776517 0.1970099 0.4199341 0.0034129 0.0000000 0.0179930 0.0199948 0.0037410 0.0000000 0.0177929 0.0209213 0.0047985 0.0000000 0.0000000 0.0029846 0.0079485
 24 A  24 0.2693862 0.0125839 0.0071996 0.0345230 0.0000000 0.0037634 0.0714709 0.0112164 0.0000000 0.0000000 0.0000000 0.0087260 0.0000000 0.0000000 0.5488664 0.0118300 0.0050787 0.0000000 0.0000000 0.0074071 0.0079485
 25 I  25 0.0255789 0.0000000 0.0051553 0.0000000 0.0000000 0.0000000 0.0000000 0.0000000 0.0000000 0.5713934 0.1027856 0.0000000 0.0243829 0.0352218 0.0000000 0.0000000 0.0000000 0.0000000 0.0000000 0.2275336 0.0079485
 26 P  26 0.1357623 0.0118598 0.0055682 0.0434837 0.0000000 0.0078738 0.1075242 0.0000000 0.0062439 0.0044687 0.0032534 0.1345881 0.0051655 0.0000000 0.4324337 0.0472080 0.0384667 0.0000000 0.0000000 0.0161000 0.0000000
 27 S  27 0.2339980 0.0095420 0.1364111 0.0632979 0.0000000 0.0136890 0.2375949 0.0702901 0.0137148 0.0000000 0.0000000 0.0455405 0.0000000 0.0000000 0.0050548 0.1347092 0.0289850 0.0000000 0.0071728 0.0000000 0.0000000
 28 A  28 0.0354679 0.0000000 0.0000000 0.0000000 0.0000000 0.0000000 0.0000000 0.0000000 0.0000000 0.1188752 0.5542357 0.0000000 0.0026906 0.0543547 0.0000000 0.0063262 0.0030147 0.1613039 0.0210089 0.0385390 0.0041829
 29 Q  29 0.0176800 0.0255382 0.1155548 0.1669201 0.0000000 0.0568352 0.0434955 0.3574677 0.0148456 0.0000000 0.0000000 0.1044345 0.0000000 0.0000000 0.0000000 0.0290688 0.0000000 0.0031348 0.0000000 0.0000000 0.0650249
 30 W  30 0.0000000 0.0297573 0.0000000 0.0000000 0.0000000 0.0000000 0.0000000 0.0000000 0.0000000 0.0000000 0.0359944 0.0000000 0.3532709 0.0000000 0.0000000 0.0000000 0.0063236 0.5746538 0.0000000 0.0000000 0.0000000
 31 G  31 0.0058267 0.0040336 0.0038492 0.0653860 0.0000000 0.0126484 0.0444266 0.1093059 0.0000000 0.0000000 0.0000000 0.0240038 0.0000000 0.0000000 0.6835124 0.0399339 0.0017379 0.0000000 0.0000000 0.0053359 0.0000000
 32 A  32 0.5976241 0.0029244 0.0052510 0.0065417 0.0000000 0.0000000 0.0302409 0.1482862 0.0000000 0.0000000 0.0033266 0.0029368 0.0000000 0.0000000 0.1288373 0.0502180 0.0110044 0.0000000 0.0000000 0.0128087 0.0000000
 33 M  33 0.0297573 0.0115613 0.0000000 0.0000000 0.0000000 0.0000000 0.0000000 0.0657840 0.0000000 0.0000000 0.0036354 0.0000000 0.8855561 0.0000000 0.0000000 0.0000000 0.0000000 0.0000000 0.0000000 0.0037060 0.0000000
 34 T  34 0.0169884 0.0206147 0.0000000 0.0023370 0.0000000 0.0216761 0.0577370 0.0000000 0.0020758 0.0122388 0.0035941 0.0140808 0.0075454 0.0000000 0.0030126 0.0227194 0.7848342 0.0000000 0.0000000 0.0305457 0.0000000
 35 M  35 0.0000000 0.0000000 0.0035814 0.0043791 0.0000000 0.0071996 0.0000000 0.0000000 0.0000000 0.0041851 0.0291267 0.0027055 0.9030719 0.0080570 0.0000000 0.0135110 0.0241826 0.0000000 0.0000000 0.0000000 0.0000000
 36 E  36 0.0969067 0.0457836 0.0897713 0.2578370 0.0000000 0.0123256 0.0480924 0.0362132 0.0000000 0.0069054 0.0035563 0.0039360 0.0085068 0.0078277 0.0721424 0.0617858 0.1028005 0.0025131 0.0018258 0.1412704 0.0000000
 37 F  37 0.0000000 0.0000000 0.0000000 0.0000000 0.0000000 0.0000000 0.0000000 0.0000000 0.0000000 0.0039874 0.0483870 0.0000000 0.0151835 0.8619844 0.0000000 0.0000000 0.0000000 0.0000000 0.0664160 0.0000000 0.0040417
 38 A  38 0.1276193 0.1235386 0.0266646 0.0599226 0.0040417 0.0201462 0.0445271 0.0303957 0.0065924 0.0124486 0.0298763 0.1657593 0.0117697 0.0048770 0.0962393 0.0558610 0.1494943 0.0000000 0.0030007 0.0237549 0.0034706
 39 A  39 0.1050079 0.0021147 0.0000000 0.0000000 0.0000000 0.0160258 0.0000000 0.0000000 0.0000000 0.0530049 0.2473672 0.0190319 0.0070966 0.0357004 0.0098800 0.0050649 0.0308769 0.0000000 0.0069911 0.4364942 0.0253435
 40 P  40 0.3199059 0.0362568 0.0065463 0.0475613 0.0000000 0.0412012 0.0391755 0.0397481 0.0054407 0.0116330 0.0259235 0.1381109 0.0064027 0.0000000 0.1219955 0.0554010 0.0477029 0.0000000 0.0112164 0.0316435 0.0141348
 41 P  41 0.0605274 0.0185948 0.0756678 0.3646874 0.0000000 0.0174930 0.1213242 0.0677060 0.0100983 0.0000000 0.0000000 0.0306601 0.0000000 0.0000000 0.1113021 0.0671863 0.0113585 0.0000000 0.0000000 0.0133480 0.0300461
 42 A  42 0.1527314 0.0234430 0.0732096 0.0899045 0.0000000 0.0262562 0.0628614 0.0747351 0.0217719 0.0013740 0.0013020 0.0627385 0.0036442 0.0027425 0.2331637 0.0989870 0.0322059 0.0062634 0.0051553 0.0050629 0.0224475
 43 G  43 0.2558483 0.0180796 0.0213645 0.0430995 0.0000000 0.0154498 0.0415371 0.0643561 0.0120367 0.0657727 0.0725435 0.0312888 0.0090751 0.0128066 0.0158254 0.0790633 0.0453896 0.0022695 0.0000000 0.1743927 0.0198012
 44 L  44 0.0454707 0.0047483 0.0198594 0.2364157 0.0000000 0.0597393 0.0585304 0.0000000 0.0022760 0.0205755 0.2631568 0.0058346 0.1054018 0.0018915 0.0110765 0.0348118 0.0328151 0.0173555 0.0021004 0.0527284 0.0252120
 45 P  45 0.1009234 0.0169675 0.0000000 0.0021287 0.0000000 0.0020626 0.0066262 0.0026597 0.0000000 0.0756133 0.4920055 0.0000000 0.0445343 0.0447403 0.0909891 0.0220742 0.0239065 0.0056076 0.0016582 0.0556065 0.0118964
 46 Q  46 0.1611556 0.0375607 0.0512404 0.1059726 0.0000000 0.0531018 0.0882152 0.0359831 0.0081263 0.0071728 0.0058514 0.1254267 0.0094894 0.0052623 0.0283801 0.1743275 0.0828983 0.0000000 0.0000000 0.0096404 0.0101954
 47 G  47 0.0822677 0.0406759 0.0308466 0.1036680 0.0000000 0.0933129 0.0534647 0.2727604 0.0197467 0.0051951 0.0146299 0.0818404 0.0058701 0.0000000 0.0559025 0.0605094 0.0628376 0.0000000 0.0000000 0.0062767 0.0101954
 48 L  48 0.0247081 0.0071728 0.0000000 0.0000000 0.0000000 0.0025539 0.0000000 0.0000000 0.0000000 0.1262754 0.4497804 0.0000000 0.0284996 0.1312350 0.0040359 0.0000000 0.0029484 0.0000000 0.0084639 0.2021838 0.0121429
 49 K  49 0.1094249 0.0611346 0.0136642 0.0000000 0.0000000 0.0630833 0.0566566 0.0137840 0.0371680 0.0035009 0.0000000 0.4227210 0.0032557 0.0000000 0.0822924 0.0602790 0.0422203 0.0000000 0.0000000 0.0206197 0.0101954
 50 A  50 0.1392565 0.0066923 0.0059433 0.0079734 0.0000000 0.0371158 0.1445000 0.0069165 0.0000000 0.0268641 0.0449508 0.0305169 0.0035646 0.0000000 0.2429567 0.0215213 0.0417294 0.0000000 0.0000000 0.2293030 0.0101954
 51 G  51 0.0032128 0.0022281 0.0314560 0.0266469 0.0000000 0.0045234 0.0099523 0.8931077 0.0000000 0.0000000 0.0000000 0.0069486 0.0000000 0.0000000 0.0000000 0.0097927 0.0019361 0.0000000 0.0000000 0.0000000 0.0101954
 52 D  52 0.0715985 0.0120364 0.0034418 0.4278617 0.0000000 0.1884200 0.0948921 0.0040883 0.0000000 0.0000000 0.0047818 0.0165381 0.0304132 0.0000000 0.0000000 0.0650076 0.0554563 0.0000000 0.0029846 0.0122843 0.0101954
 53 R  53 0.0806528 0.1557011 0.0333589 0.0245834 0.0000000 0.0988826 0.0655067 0.0076273 0.0192140 0.0100187 0.0128329 0.2405427 0.0078678 0.0000000 0.0453829 0.0758564 0.0900873 0.0000000 0.0054436 0.0133932 0.0130476
 54 V  54 0.0178711 0.0000000 0.0000000 0.0000000 0.0000000 0.0040883 0.0000000 0.0000000 0.0000000 0.2300218 0.0537916 0.0000000 0.0078175 0.0073298 0.0000000 0.0000000 0.0109051 0.0000000 0.0000000 0.6551272 0.0130476
 55 A  55 0.0711617 0.2252022 0.0503691 0.0805872 0.0000000 0.0404392 0.1189301 0.0135007 0.0840886 0.0149110 0.0134114 0.0566883 0.0223920 0.0037511 0.0000000 0.0626993 0.1122086 0.0024124 0.0030007 0.0111989 0.0130476
 56 F  56 0.0430713 0.0000000 0.0037511 0.0000000 0.0000000 0.0000000 0.0000000 0.0038492 0.0000000 0.0475150 0.0668161 0.0000000 0.0166542 0.7452637 0.0000000 0.0000000 0.0000000 0.0000000 0.0000000 0.0600318 0.0130476
 57 S  57 0.0458710 0.0928949 0.0070457 0.0711165 0.0000000 0.0677713 0.1705340 0.0320309 0.0247759 0.0052042 0.0574170 0.0215148 0.0272457 0.0000000 0.0000000 0.0824868 0.1846379 0.0000000 0.0020699 0.0195280 0.0878554
 58 F  58 0.0404843 0.0000000 0.0000000 0.0000000 0.0000000 0.0000000 0.0000000 0.0000000 0.0000000 0.1015697 0.2117086 0.0000000 0.0387938 0.3596648 0.0000000 0.0000000 0.0052510 0.0000000 0.0045028 0.1645334 0.0734915
 59 R  59 0.1969500 0.0865252 0.0084628 0.0373469 0.0000000 0.0388102 0.1062727 0.0021809 0.0256257 0.0308970 0.0106600 0.0625609 0.0057616 0.0041372 0.0000000 0.0643914 0.1147904 0.0000000 0.0079423 0.1472268 0.0494579
 60 L  60 0.0258207 0.0998370 0.0074842 0.0228434 0.0000000 0.1680927 0.1456539 0.0016252 0.0101086 0.0272559 0.0655351 0.2178192 0.0300861 0.0000000 0.0081770 0.0047491 0.0285041 0.0016368 0.0000000 0.0794863 0.0552846
 61 D  61 0.0449980 0.1200025 0.0987082 0.1342364 0.0000000 0.0724106 0.0599581 0.1055848 0.0113420 0.0035009 0.0119743 0.0304815 0.0071417 0.0000000 0.0256896 0.0493753 0.1360069 0.0000000 0.0042574 0.0194508 0.0648809
 62 P  62 0.0929648 0.0198560 0.0278655 0.1669409 0.0000000 0.0204991 0.1425102 0.1633658 0.0000000 0.0241293 0.0040928 0.0519834 0.0015387 0.0000000 0.0619455 0.0633667 0.0292093 0.0000000 0.0000000 0.0901930 0.0395391
 63 H  63 0.0664532 0.0069797 0.1004723 0.2922372 0.0000000 0.0502860 0.0772860 0.0957883 0.0074297 0.0049492 0.0000000 0.0363979 0.0036384 0.0062044 0.0506703 0.1233181 0.0295689 0.0000000 0.0000000 0.0028778 0.0454427
 64 G  64 0.0118589 0.0054436 0.0099302 0.0699091 0.0000000 0.0031300 0.0204512 0.6253682 0.0000000 0.0046007 0.0081679 0.0181166 0.0208596 0.0180079 0.0049203 0.0152260 0.0135391 0.0000000 0.0035042 0.0054500 0.1415163
 65 M  65 0.0732641 0.0379275 0.0250955 0.0393494 0.0000000 0.0637755 0.0937665 0.0491277 0.0150198 0.0185526 0.0737669 0.0828938 0.0339071 0.0000000 0.0066478 0.0660652 0.0650886 0.0000000 0.0039433 0.0293422 0.2224666
 66 A  66 0.0901745 0.0042413 0.0034658 0.0000000 0.0000000 0.0000000 0.0034154 0.0078482 0.0206391 0.0148740 0.1079284 0.0000000 0.0534958 0.1069868 0.0702524 0.0064769 0.0000000 0.0516554 0.3349769 0.0148105 0.1087585
 67 T  67 0.0177585 0.0786323 0.0000000 0.0116493 0.0000000 0.0855859 0.0727273 0.0115224 0.0064176 0.0581616 0.0353725 0.0079048 0.0193283 0.0023973 0.0000000 0.0391873 0.1970266 0.0053359 0.0059762 0.2574428 0.0875735
 68 L  68 0.0121085 0.0000000 0.0000000 0.0053289 0.0000000 0.0000000 0.0000000 0.0000000 0.0000000 0.3869136 0.2246442 0.0059762 0.0068152 0.0000000 0.0000000 0.0000000 0.0000000 0.0000000 0.0000000 0.2769602 0.0812532
 69 V  69 0.0466003 0.0425773 0.0085411 0.0099828 0.0000000 0.0202921 0.0438767 0.0048895 0.0067637 0.0435964 0.0169866 0.0406263 0.0104325 0.0032602 0.0053289 0.0699902 0.3597774 0.0000000 0.0000000 0.1693789 0.0970991
 70 T  70 0.1719888 0.0777907 0.0136634 0.1026166 0.0000000 0.1142941 0.0890468 0.0365695 0.0311119 0.0028778 0.0000000 0.0910598 0.0047942 0.0156700 0.0000000 0.0999981 0.0441645 0.0000000 0.0000000 0.0063361 0.0980178
 71 V  71 0.0202838 0.0031339 0.0000000 0.0000000 0.0000000 0.0000000 0.0000000 0.0000000 0.0000000 0.3822734 0.2262751 0.0000000 0.0610618 0.0067240 0.0000000 0.0000000 0.0026381 0.0000000 0.0142316 0.1727662 0.1106121
 72 A  72 0.0438329 0.0888546 0.0000000 0.0260150 0.0076224 0.1032436 0.1802446 0.0031901 0.0647395 0.0073840 0.0021840 0.1106130 0.0369592 0.0000000 0.0000000 0.0686382 0.0744813 0.0098487 0.0000000 0.0145064 0.1576424
 73 P  73 0.0815129 0.0377015 0.0000000 0.0000000 0.0000000 0.0109541 0.0130160 0.0036199 0.0079786 0.0298355 0.0162953 0.1742139 0.0000000 0.0000000 0.2882676 0.0212934 0.0132852 0.0000000 0.0000000 0.0039019 0.2981242
 74 Q  74 0.1448507 0.0342701 0.0067182 0.0150789 0.0000000 0.1078405 0.0456181 0.0051553 0.0034743 0.0279382 0.0526297 0.0096647 0.0331033 0.0020705 0.0048777 0.0227133 0.0211196 0.0000000 0.0000000 0.0913943 0.3714826
 75 V  75 0.0583865 0.0000000 0.0084955 0.0665229 0.0000000 0.0201964 0.0151284 0.1072855 0.0042573 0.0020974 0.0027904 0.0087383 0.0024721 0.0000000 0.0652855 0.0670148 0.0139358 0.0000000 0.0000000 0.0195312 0.5378621
 76 Q  76 0.0732415 0.0000000 0.0167178 0.0404002 0.0000000 0.0384298 0.0185226 0.0537823 0.0103458 0.0000000 0.0035574 0.0118536 0.0190784 0.0000000 0.0290666 0.0511955 0.0192160 0.0000000 0.0000000 0.0297707 0.5848218
 77 T  77 0.0856911 0.0000000 0.0248195 0.0363655 0.0000000 0.0080509 0.0345026 0.0324438 0.0049726 0.0048217 0.0035558 0.0173493 0.0082120 0.0000000 0.0519767 0.0128665 0.0369702 0.0000000 0.0000000 0.0144787 0.6229229
 78 A  78 0.1044108 0.0111583 0.0084696 0.0121767 0.0000000 0.0431264 0.0085384 0.0146117 0.0272989 0.0036199 0.0035574 0.0037304 0.0122054 0.0000000 0.0324954 0.0389290 0.0127495 0.0000000 0.0000000 0.0092537 0.6536685
 79 G  79 0.0261231 0.0043985 0.0000000 0.0125530 0.0000000 0.0135877 0.0329686 0.0889392 0.0125620 0.0000000 0.0000000 0.0144984 0.0000000 0.0000000 0.0227610 0.0480662 0.0118301 0.0000000 0.0000000 0.0064085 0.7053036
 80 A  80 0.0942151 0.0000000 0.0000000 0.0230093 0.0000000 0.0025786 0.0208152 0.0539889 0.0000000 0.0000000 0.0000000 0.0035941 0.0000000 0.0000000 0.0035454 0.0175576 0.0363166 0.0000000 0.0000000 0.0122158 0.7321634
 81 K  81 0.0063660 0.0217946 0.0066689 0.0000000 0.0043985 0.0289623 0.0052623 0.0000000 0.0045750 0.0000000 0.0048055 0.0511962 0.0036517 0.0000000 0.0130694 0.0000000 0.0410415 0.0000000 0.0000000 0.0000000 0.8082081
 82 P  82 0.0000000 0.0000000 0.0000000 0.0000000 0.0000000 0.0000000 0.0000000 0.0000000 0.0000000 0.0000000 0.0000000 0.0000000 0.0000000 0.0000000 0.1193361 0.0000000 0.0000000 0.0000000 0.0000000 0.0000000 0.8806639
