  122         A         R         N         D         C         Q         E         G         H         I         L         K         M         F         P         S         T         W         Y         V    
  1 K   1 0.0000000 0.9164316 0.0000000 0.0000000 0.0000000 0.0000000 0.0000000 0.0000000 0.0000000 0.0000000 0.0000000 0.0835684 0.0000000 0.0000000 0.0000000 0.0000000 0.0000000 0.0000000 0.0000000 0.0000000
  2 K   2 0.0282227 0.0000000 0.0000000 0.0070894 0.0000000 0.3243226 0.6060466 0.0000000 0.0000000 0.0000000 0.0000000 0.0270604 0.0000000 0.0000000 0.0000000 0.0072583 0.0000000 0.0000000 0.0000000 0.0000000
  3 D   3 0.0000000 0.0621389 0.0903083 0.3006505 0.0209316 0.2505116 0.0646327 0.0000000 0.0000000 0.0000000 0.0000000 0.0000000 0.0125499 0.0000000 0.0427173 0.1195866 0.0359725 0.0000000 0.0000000 0.0000000
  4 V   4 0.0000000 0.0000000 0.0000000 0.0000000 0.0000000 0.0000000 0.0000000 0.0000000 0.0000000 0.4443312 0.1132743 0.0000000 0.0080947 0.0303878 0.0158087 0.0000000 0.0000000 0.0000000 0.0000000 0.3881033
  5 E   5 0.0000000 0.0000000 0.0363177 0.3366730 0.0000000 0.0242965 0.5535512 0.0000000 0.0000000 0.0000000 0.0214178 0.0000000 0.0000000 0.0000000 0.0000000 0.0000000 0.0188743 0.0000000 0.0047582 0.0041114
  6 Y   6 0.0653019 0.0000000 0.0000000 0.0000000 0.0000000 0.0000000 0.0133220 0.0000000 0.0968245 0.0000000 0.0000000 0.0000000 0.0000000 0.3000157 0.0000000 0.0000000 0.0809350 0.0000000 0.4252782 0.0183226
  7 R   7 0.0257077 0.1520851 0.0763913 0.0073479 0.0091338 0.0366590 0.1528914 0.0000000 0.0158242 0.0030054 0.0000000 0.3154545 0.0000000 0.0000000 0.0000000 0.0979210 0.0659977 0.0029087 0.0286291 0.0100433
  8 P   8 0.0140343 0.0044406 0.0073479 0.0142419 0.0000000 0.0774674 0.0914926 0.0000000 0.0000000 0.0466756 0.0042433 0.0093123 0.0104732 0.0058672 0.2524189 0.0536187 0.3378248 0.0000000 0.0000000 0.0705413
  9 L   9 0.0000000 0.0304383 0.0000000 0.0157263 0.0000000 0.0205469 0.0000000 0.0000000 0.0000000 0.0967856 0.5070112 0.0000000 0.1105035 0.0000000 0.0000000 0.0000000 0.0000000 0.0022682 0.0032080 0.2135121
 10 T  10 0.0384425 0.0082440 0.0682243 0.0000000 0.0000000 0.0255331 0.0270545 0.0336102 0.0000000 0.0551273 0.0000000 0.0644462 0.0029332 0.0000000 0.0151959 0.0482556 0.5481781 0.0000000 0.0180652 0.0466899
 11 L  11 0.0117088 0.0030021 0.0000000 0.0000000 0.0126913 0.0000000 0.0000000 0.0000000 0.0211538 0.0841712 0.5881770 0.0000000 0.0367407 0.0269989 0.0000000 0.0000000 0.0000000 0.0000000 0.0000000 0.2153561
 12 N  12 0.0041015 0.0415131 0.3195102 0.0242070 0.0123015 0.0473847 0.0220597 0.0000000 0.1043107 0.0000000 0.0148436 0.0385348 0.0607377 0.0427039 0.0000000 0.1379708 0.0777460 0.0000000 0.0520749 0.0000000
 13 A  13 0.1257712 0.0000000 0.0000000 0.0000000 0.1112201 0.0000000 0.0000000 0.0000000 0.0090308 0.0919850 0.0062300 0.0000000 0.0000000 0.0000000 0.0000000 0.0000000 0.0240950 0.0000000 0.0100035 0.6216644
 14 L  14 0.0000000 0.0147132 0.0278880 0.0206142 0.0000000 0.0000000 0.0500503 0.0000000 0.0056191 0.1885354 0.1925877 0.0000000 0.0123733 0.0153930 0.0000000 0.1167960 0.0368603 0.0000000 0.0292993 0.2892704
 15 L  15 0.0198261 0.0000000 0.0519266 0.0372929 0.0000000 0.0086728 0.0000000 0.0000000 0.0000000 0.1771514 0.0759232 0.0000000 0.0786115 0.2393290 0.0670448 0.0540648 0.0233937 0.0000000 0.0000000 0.1667633
 16 A  16 0.0995695 0.0000000 0.0065814 0.0000000 0.0094878 0.2191318 0.1452345 0.0816175 0.0000000 0.0112126 0.1218577 0.0475361 0.0112382 0.0000000 0.1051073 0.0762535 0.0364372 0.0000000 0.0221245 0.0066104
 17 V  17 0.0705741 0.0168440 0.0426015 0.1392710 0.0000000 0.0915110 0.0560386 0.0890915 0.0345929 0.0000000 0.0472287 0.1105131 0.0000000 0.0146491 0.0829476 0.0330772 0.0137751 0.0000000 0.0000000 0.1572843
 18 G  18 0.0114583 0.0000000 0.0951430 0.0202732 0.0848243 0.0774951 0.0451980 0.2952819 0.0601775 0.1031801 0.0620321 0.0099608 0.0106211 0.0000000 0.0467732 0.0489489 0.0208219 0.0000000 0.0000000 0.0078107
 19 P  19 0.0451814 0.0236217 0.0081224 0.0000000 0.0000000 0.0300461 0.0351652 0.0813150 0.0524090 0.0057775 0.0480438 0.0372791 0.0226365 0.0000000 0.4097218 0.0549363 0.1070935 0.0000000 0.0000000 0.0386507
 20 G  20 0.0210473 0.0000000 0.0066564 0.1137965 0.0000000 0.0787958 0.2622728 0.2427138 0.0374776 0.0136981 0.0488074 0.0271712 0.0039365 0.0637021 0.0207311 0.0071559 0.0000000 0.0000000 0.0299028 0.0221347
 21 A  21 0.0620555 0.0317620 0.1870697 0.1718684 0.0000000 0.0345019 0.1874703 0.1157376 0.0063456 0.0088387 0.0303233 0.0000000 0.0045280 0.0000000 0.0447305 0.0765016 0.0135688 0.0100830 0.0000000 0.0146152
 22 G  22 0.0274037 0.0071854 0.0450149 0.1422736 0.0000000 0.0000000 0.3165431 0.0841729 0.0043120 0.0000000 0.0360012 0.0803896 0.0000000 0.0119473 0.0214819 0.1088106 0.0598796 0.0000000 0.0177519 0.0368323
 23 E  23 0.0073103 0.0292093 0.1438441 0.0578509 0.0588416 0.0183154 0.1555642 0.2029154 0.0076056 0.0242397 0.0577492 0.0171858 0.0000000 0.0040520 0.0583915 0.1012863 0.0089766 0.0000000 0.0000000 0.0466620
 24 A  24 0.1784962 0.0210016 0.0154678 0.1098261 0.0000000 0.0496561 0.0165345 0.0353220 0.0715069 0.0178056 0.0084686 0.0000000 0.0635624 0.0000000 0.0664322 0.1065978 0.1671755 0.0000000 0.0000000 0.0721466
 25 Q  25 0.0358463 0.0000000 0.0082236 0.1929881 0.0000000 0.2101218 0.2318155 0.0000000 0.0499104 0.0000000 0.0122922 0.0068474 0.0097743 0.0000000 0.1061601 0.0595059 0.0488387 0.0000000 0.0000000 0.0276756
 26 G  26 0.0389361 0.0284818 0.0979069 0.0544777 0.0090961 0.0352302 0.1224195 0.0491068 0.0102846 0.0058298 0.0000000 0.1233638 0.0085906 0.0214634 0.0776526 0.1266621 0.0911223 0.0000000 0.0650574 0.0343182
 27 V  27 0.0000000 0.0000000 0.0158835 0.0000000 0.0163500 0.0000000 0.0000000 0.0000000 0.0000000 0.3660242 0.1246642 0.0000000 0.0049621 0.0231571 0.0000000 0.0000000 0.0518807 0.0000000 0.0720073 0.3250708
 28 P  28 0.0215498 0.0183286 0.0000000 0.0273038 0.0107932 0.1709501 0.0461286 0.0000000 0.0452084 0.0425135 0.0139541 0.0173032 0.0100221 0.0231434 0.3471038 0.1489418 0.0164576 0.0000000 0.0402980 0.0000000
 29 V  29 0.0428534 0.0000000 0.0000000 0.0000000 0.0905850 0.0000000 0.0000000 0.0000000 0.0000000 0.0322274 0.0734586 0.0150861 0.0123776 0.0020693 0.0000000 0.0031552 0.0236978 0.0000000 0.0000000 0.7044896
 30 K  30 0.0000000 0.1982881 0.0682782 0.0000000 0.0000000 0.0164305 0.0465829 0.0000000 0.0192126 0.0164990 0.0150861 0.5281475 0.0000000 0.0000000 0.0000000 0.0349123 0.0565629 0.0000000 0.0000000 0.0000000
 31 V  31 0.0782220 0.0000000 0.0000000 0.0000000 0.0193388 0.0000000 0.0000000 0.0460835 0.0000000 0.0405006 0.0358213 0.0000000 0.0150861 0.0000000 0.0000000 0.0022793 0.0019735 0.0000000 0.0000000 0.7606948
 32 L  32 0.0000000 0.0000000 0.0490380 0.0000000 0.0000000 0.0000000 0.0000000 0.0000000 0.0541476 0.0000000 0.8153892 0.0000000 0.0532717 0.0124507 0.0000000 0.0000000 0.0000000 0.0000000 0.0000000 0.0157027
 33 D  33 0.0282806 0.0148804 0.2278487 0.5506358 0.0000000 0.0000000 0.0098881 0.0000000 0.0045282 0.0000000 0.0000000 0.0000000 0.0000000 0.0000000 0.0000000 0.1096434 0.0344887 0.0000000 0.0198061 0.0000000
 34 C  34 0.0000000 0.0000000 0.0000000 0.0000000 0.7397893 0.0000000 0.0000000 0.0000000 0.0000000 0.0132734 0.0000000 0.0000000 0.0000000 0.0000000 0.0000000 0.0273271 0.0975209 0.0201414 0.0000000 0.1019480
 35 D  35 0.0000000 0.0000000 0.0000000 1.0000000 0.0000000 0.0000000 0.0000000 0.0000000 0.0000000 0.0000000 0.0000000 0.0000000 0.0000000 0.0000000 0.0000000 0.0000000 0.0000000 0.0000000 0.0000000 0.0000000
 36 T  36 0.0713192 0.0000000 0.0000000 0.0000000 0.0391744 0.0000000 0.0000000 0.0000000 0.0000000 0.0000000 0.0000000 0.0000000 0.0000000 0.0000000 0.0000000 0.1330857 0.7564207 0.0000000 0.0000000 0.0000000
 37 I  37 0.0000000 0.0000000 0.0000000 0.0000000 0.0000000 0.0000000 0.0000000 0.0000000 0.0000000 0.7543395 0.0294892 0.0000000 0.0272772 0.0000000 0.0000000 0.0000000 0.0000000 0.0000000 0.0000000 0.1888940
 38 S  38 0.0000000 0.0355282 0.0026628 0.0202794 0.0417438 0.0166628 0.0139655 0.1136675 0.0000000 0.0000000 0.0000000 0.0394723 0.0000000 0.0000000 0.0000000 0.3009499 0.4111352 0.0000000 0.0000000 0.0039326
 39 Q  39 0.0000000 0.0000000 0.0000000 0.0000000 0.0000000 0.9849927 0.0150073 0.0000000 0.0000000 0.0000000 0.0000000 0.0000000 0.0000000 0.0000000 0.0000000 0.0000000 0.0000000 0.0000000 0.0000000 0.0000000
 40 A  40 0.1957147 0.0000000 0.0000000 0.0000000 0.0055718 0.0000000 0.0000000 0.0000000 0.0000000 0.0390872 0.0450935 0.0000000 0.0000000 0.0000000 0.0000000 0.0000000 0.0454262 0.0000000 0.0000000 0.6691066
 41 K  41 0.0000000 0.0000000 0.0000000 0.0000000 0.0000000 0.0000000 0.0000000 0.0000000 0.0000000 0.0000000 0.0191121 0.9672467 0.0000000 0.0000000 0.0000000 0.0000000 0.0136411 0.0000000 0.0000000 0.0000000
 42 E  42 0.0228866 0.0138043 0.0000000 0.0519287 0.0000000 0.1157877 0.6529502 0.0000000 0.0055989 0.0000000 0.0201414 0.0249087 0.0101001 0.0000000 0.0000000 0.0660566 0.0158367 0.0000000 0.0000000 0.0000000
 43 K  43 0.0000000 0.0000000 0.0000000 0.0000000 0.0000000 0.0000000 0.0000000 0.0000000 0.0199750 0.0000000 0.0000000 0.9800250 0.0000000 0.0000000 0.0000000 0.0000000 0.0000000 0.0000000 0.0000000 0.0000000
 44 M  44 0.0221046 0.0000000 0.0000000 0.0000000 0.0727470 0.0000000 0.0000000 0.0075007 0.0000000 0.5626724 0.1527640 0.0000000 0.0316131 0.0094782 0.0000000 0.0189175 0.0000000 0.0000000 0.0000000 0.1222024
 45 L  45 0.0479086 0.0000000 0.0000000 0.0000000 0.0000000 0.0000000 0.0000000 0.0000000 0.0000000 0.1016843 0.7740248 0.0000000 0.0168981 0.0438744 0.0000000 0.0000000 0.0000000 0.0000000 0.0000000 0.0156098
 46 D  46 0.0184209 0.0000000 0.0045183 0.7373641 0.0000000 0.0874353 0.1085521 0.0000000 0.0000000 0.0000000 0.0000000 0.0000000 0.0000000 0.0000000 0.0000000 0.0437094 0.0000000 0.0000000 0.0000000 0.0000000
 47 Q  47 0.5327849 0.0000000 0.0000000 0.0000000 0.0288529 0.2056103 0.0000000 0.0121067 0.0000000 0.0000000 0.0000000 0.0105122 0.0083488 0.0124931 0.0000000 0.0478904 0.1202509 0.0000000 0.0000000 0.0211499
 48 L  48 0.0838862 0.0000000 0.0000000 0.0000000 0.0000000 0.0000000 0.0000000 0.0000000 0.0000000 0.2606937 0.1133548 0.0272144 0.0141578 0.1504698 0.0000000 0.0000000 0.0057590 0.0000000 0.0000000 0.3444643
 49 Y  49 0.0000000 0.0000000 0.0000000 0.0000000 0.0360405 0.0170869 0.0000000 0.0000000 0.0000000 0.0000000 0.0546487 0.0143210 0.0000000 0.0820002 0.0000000 0.0000000 0.0000000 0.0340641 0.7618386 0.0000000
 50 K  50 0.0138488 0.2676188 0.0153146 0.0000000 0.0136825 0.0000000 0.0000000 0.0121654 0.0000000 0.0228782 0.0089754 0.5197747 0.0138975 0.0000000 0.0000000 0.0737965 0.0000000 0.0201098 0.0179378 0.0000000
 51 G  51 0.0342029 0.0469653 0.3847893 0.0360534 0.0000000 0.0000000 0.0287143 0.2054542 0.0056367 0.0000000 0.0192411 0.1567937 0.0000000 0.0000000 0.0000000 0.0192024 0.0629468 0.0000000 0.0000000 0.0000000
 52 V  52 0.0299076 0.0336860 0.0583821 0.0000000 0.0000000 0.0629279 0.0244422 0.0148599 0.0137332 0.0924084 0.0663138 0.0607312 0.0250079 0.0303723 0.0000000 0.0462758 0.2600270 0.0000000 0.0121330 0.1687917
 53 P  53 0.0417895 0.0120517 0.0000000 0.0000000 0.0000000 0.0135908 0.0199750 0.1050303 0.0723936 0.0000000 0.0142100 0.0000000 0.0000000 0.0000000 0.6544201 0.0243836 0.0000000 0.0000000 0.0230433 0.0191121
 54 L  54 0.0000000 0.0000000 0.0000000 0.0039053 0.0975530 0.0088646 0.0135637 0.0000000 0.0085831 0.0267153 0.0332733 0.0000000 0.0000000 0.2976636 0.0000000 0.0638986 0.0461336 0.0067169 0.3702353 0.0228936
 55 T  55 0.0480185 0.0161823 0.0100252 0.0000000 0.0191431 0.0000000 0.0000000 0.0041780 0.0000000 0.0000000 0.0414193 0.0135019 0.0000000 0.0000000 0.0559124 0.7125061 0.0404888 0.0000000 0.0000000 0.0386244
 56 Q  56 0.0490761 0.0289716 0.0051857 0.0259535 0.0301466 0.4084697 0.0378540 0.0136105 0.0461150 0.0000000 0.0663531 0.0779629 0.0533237 0.0135628 0.0000000 0.0339804 0.0079620 0.0100252 0.0890422 0.0024050
 57 R  57 0.0000000 0.6165941 0.0135628 0.0000000 0.0251213 0.0913570 0.0000000 0.0860456 0.0000000 0.0000000 0.0000000 0.0000000 0.0000000 0.0000000 0.0227198 0.0000000 0.0161823 0.1149675 0.0000000 0.0134496
 58 P  58 0.0325326 0.0363624 0.0265937 0.0197711 0.0000000 0.0162452 0.0135019 0.0000000 0.0000000 0.0215876 0.1068740 0.0088243 0.0000000 0.0100641 0.6691886 0.0121809 0.0108086 0.0077061 0.0000000 0.0077588
 59 D  59 0.0322491 0.2415516 0.0192607 0.0931554 0.0000000 0.0798079 0.0144092 0.0000000 0.0389988 0.0088340 0.0241164 0.1991769 0.0000000 0.0000000 0.0400178 0.1777514 0.0270289 0.0000000 0.0000000 0.0036420
 60 P  60 0.2848455 0.0051095 0.0000000 0.0123001 0.0000000 0.0000000 0.0048757 0.0084516 0.0000000 0.1308206 0.0675375 0.0599717 0.0000000 0.0000000 0.1115647 0.0759641 0.0107023 0.0000000 0.0000000 0.2278567
 61 R  61 0.0982842 0.0676449 0.0808884 0.2315706 0.0125107 0.0058078 0.1751929 0.0233915 0.1408091 0.0000000 0.0000000 0.0000000 0.0000000 0.0000000 0.0000000 0.0607605 0.0692958 0.0000000 0.0206488 0.0131947
 62 T  62 0.0469656 0.0000000 0.0000000 0.3385906 0.0023914 0.0907556 0.3184244 0.0060161 0.0084061 0.0000000 0.0134440 0.0000000 0.0000000 0.0000000 0.0056279 0.1118198 0.0575586 0.0000000 0.0000000 0.0000000
 63 L  63 0.0000000 0.0000000 0.0000000 0.0000000 0.0079587 0.0066060 0.0000000 0.0000000 0.0000000 0.1188091 0.2892041 0.0000000 0.1464845 0.1008090 0.0000000 0.0000000 0.0100210 0.0000000 0.0196864 0.3004212
 64 D  64 0.0336588 0.0219633 0.0066060 0.6709881 0.0000000 0.0077256 0.1087684 0.0671739 0.0235104 0.0056279 0.0000000 0.0000000 0.0000000 0.0000000 0.0000000 0.0000000 0.0077689 0.0000000 0.0000000 0.0462087
 65 V  65 0.0000000 0.0000000 0.0000000 0.0000000 0.0000000 0.0071664 0.0000000 0.0134951 0.0000000 0.0435023 0.8675379 0.0000000 0.0000000 0.0156672 0.0000000 0.0000000 0.0084380 0.0000000 0.0000000 0.0441931
 66 E  66 0.0217727 0.0175839 0.0000000 0.0077360 0.0000000 0.0000000 0.7468402 0.0155758 0.0000000 0.0000000 0.0442960 0.0310727 0.0000000 0.0000000 0.0066149 0.0000000 0.0000000 0.0000000 0.0000000 0.1085078
 67 W  67 0.0125009 0.0194088 0.0000000 0.0000000 0.0000000 0.0056850 0.0030071 0.0090258 0.0000000 0.0000000 0.1824507 0.0000000 0.0157661 0.0564118 0.0000000 0.0000000 0.0000000 0.6488602 0.0468837 0.0000000
 68 R  68 0.0000000 0.5354721 0.0156966 0.0000000 0.0159712 0.0613435 0.0365454 0.0028219 0.0348729 0.0122039 0.0459739 0.0878427 0.0000000 0.0422699 0.0000000 0.0000000 0.0044091 0.0000000 0.0446270 0.0599500
 69 S  69 0.0439034 0.0332625 0.0134705 0.0556345 0.0781899 0.1413993 0.0287182 0.0170254 0.1467710 0.0162000 0.0110546 0.0299018 0.0044350 0.0000000 0.0824878 0.1793774 0.0896589 0.0000000 0.0000000 0.0285099
 70 G  70 0.0260869 0.0060191 0.0205493 0.0140333 0.0000000 0.0000000 0.0604290 0.5947491 0.0176713 0.0000000 0.0057599 0.0199219 0.0000000 0.0000000 0.0890322 0.0719239 0.0609063 0.0000000 0.0000000 0.0129179
 71 V  71 0.0333252 0.2546634 0.0327908 0.0215469 0.0318259 0.0328845 0.0805727 0.0789297 0.0107066 0.0171393 0.0616627 0.0286273 0.0068520 0.0094270 0.0110360 0.1776956 0.0553680 0.0000000 0.0000000 0.0549464
 72 A  72 0.1410830 0.1095953 0.0122303 0.0124953 0.0052330 0.0704050 0.0000000 0.2402457 0.0127430 0.0117243 0.0486848 0.0176409 0.0621929 0.0000000 0.0223838 0.0822299 0.1228263 0.0000000 0.0063177 0.0219688
 73 G  73 0.1322112 0.0125012 0.0100300 0.0102872 0.0000000 0.0955383 0.0397738 0.4926010 0.0088055 0.0000000 0.0194045 0.0649940 0.0000000 0.0000000 0.0000000 0.0293205 0.0375746 0.0000000 0.0143952 0.0325629
 74 H  74 0.0000000 0.3059130 0.0000000 0.0286991 0.0000000 0.1004357 0.0644885 0.0266339 0.2017575 0.0241724 0.0000000 0.0712898 0.0000000 0.0303562 0.0000000 0.0903694 0.0142664 0.0000000 0.0000000 0.0416181
 75 L  75 0.0072719 0.0695093 0.0000000 0.0000000 0.0000000 0.0326470 0.0629141 0.0000000 0.0000000 0.1456198 0.3722173 0.0258031 0.0548946 0.0000000 0.0177323 0.0000000 0.0177302 0.0000000 0.0375575 0.1561030
 76 I  76 0.0068175 0.0182817 0.0000000 0.0000000 0.0000000 0.0000000 0.0000000 0.0000000 0.0000000 0.4656126 0.1714349 0.0292647 0.0168402 0.0000000 0.0474399 0.0096941 0.1457760 0.0000000 0.0000000 0.0888384
 77 L  77 0.0000000 0.0172087 0.0000000 0.0000000 0.0000000 0.0000000 0.0000000 0.0000000 0.0000000 0.0000000 0.9201068 0.0000000 0.0325911 0.0000000 0.0000000 0.0000000 0.0000000 0.0000000 0.0000000 0.0300934
 78 S  78 0.0291512 0.1054956 0.0000000 0.0121672 0.0082007 0.2667890 0.0396429 0.0000000 0.0000000 0.0000000 0.0000000 0.1020026 0.0000000 0.0193893 0.0192151 0.2927671 0.0300425 0.0000000 0.0563693 0.0187676
 79 D  79 0.0000000 0.0000000 0.0251462 0.8340212 0.0000000 0.0163197 0.0858709 0.0000000 0.0171512 0.0115337 0.0000000 0.0000000 0.0000000 0.0000000 0.0000000 0.0000000 0.0099572 0.0000000 0.0000000 0.0000000
 80 E  80 0.0000000 0.0408343 0.0000000 0.0788919 0.0000000 0.0388264 0.3836708 0.0000000 0.0000000 0.1148973 0.1188251 0.0000000 0.0000000 0.0318043 0.0446385 0.0000000 0.0171483 0.0196767 0.0061609 0.1046254
 81 D  81 0.0000000 0.0179830 0.0151119 0.8851254 0.0000000 0.0000000 0.0139325 0.0217237 0.0173369 0.0108052 0.0000000 0.0000000 0.0000000 0.0000000 0.0000000 0.0179814 0.0000000 0.0000000 0.0000000 0.0000000
 82 V  82 0.0552128 0.0139782 0.0329933 0.0815706 0.0000000 0.0000000 0.0645478 0.0616181 0.0000000 0.0409663 0.2056714 0.0125118 0.0000000 0.0000000 0.0278378 0.1504872 0.0605543 0.0000000 0.0101336 0.1819168
 83 T  83 0.0000000 0.0000000 0.0000000 0.0000000 0.0000000 0.0174115 0.0000000 0.0000000 0.0000000 0.0137759 0.0655964 0.0000000 0.0262901 0.0000000 0.0000000 0.2570748 0.6073771 0.0000000 0.0124742 0.0000000
 84 S  84 0.0228273 0.0059306 0.0726984 0.0000000 0.0095767 0.0000000 0.0260802 0.0000000 0.0000000 0.0000000 0.0391481 0.0000000 0.0101083 0.0000000 0.0000000 0.5351705 0.2705680 0.0000000 0.0000000 0.0078917
 85 E  85 0.0084332 0.0667345 0.0193891 0.0119412 0.0000000 0.0834315 0.1484129 0.0000000 0.0000000 0.0169646 0.0208721 0.3338302 0.0061724 0.0102994 0.0059663 0.0290846 0.0265137 0.0000000 0.0000000 0.2119542
 86 V  86 0.0452253 0.0781082 0.0203014 0.0000000 0.0147747 0.0290846 0.0000000 0.0000000 0.0365476 0.2241310 0.0120920 0.0611997 0.0637816 0.0000000 0.0148055 0.0099427 0.1742249 0.0000000 0.0000000 0.2157809
 87 Q  87 0.0000000 0.0306632 0.0082529 0.1087029 0.0068570 0.1194960 0.3992829 0.0242996 0.0105325 0.0382743 0.0100477 0.0677726 0.0000000 0.0000000 0.0216949 0.0653763 0.0428538 0.0000000 0.0000000 0.0458933
 88 G  88 0.0404530 0.0000000 0.1538787 0.1951397 0.0215139 0.0000000 0.0000000 0.4594269 0.0188360 0.0000000 0.0000000 0.0547699 0.0142548 0.0000000 0.0000000 0.0417271 0.0000000 0.0000000 0.0000000 0.0000000
 89 L  89 0.0042591 0.1472422 0.0527748 0.1242059 0.0000000 0.0205322 0.1049513 0.2969845 0.0513875 0.0000000 0.0902414 0.0547905 0.0000000 0.0000000 0.0000000 0.0243270 0.0283037 0.0000000 0.0000000 0.0000000
 90 F  90 0.0000000 0.0490779 0.0000000 0.0000000 0.0063544 0.0000000 0.0000000 0.0000000 0.0000000 0.0909221 0.0348822 0.0057537 0.0000000 0.0060902 0.0679846 0.0318864 0.0515407 0.6080007 0.0163537 0.0311536
 91 R  91 0.0091113 0.1307286 0.0000000 0.0000000 0.0139952 0.0062888 0.0000000 0.0000000 0.0000000 0.0528026 0.0000000 0.5252934 0.0715126 0.0079568 0.0000000 0.0000000 0.0766781 0.0000000 0.0128330 0.0927995
 92 R  92 0.0000000 0.4945350 0.0000000 0.0146113 0.0000000 0.0839692 0.0000000 0.0130366 0.0000000 0.0000000 0.0000000 0.3628669 0.0168893 0.0000000 0.0140917 0.0000000 0.0000000 0.0000000 0.0000000 0.0000000
 93 L  93 0.0244476 0.0219192 0.0000000 0.0000000 0.0000000 0.0000000 0.0000000 0.0000000 0.0000000 0.1763129 0.6928860 0.0000000 0.0075156 0.0000000 0.0000000 0.0000000 0.0000000 0.0000000 0.0213859 0.0555328
 94 N  94 0.0000000 0.0000000 0.8905247 0.0000000 0.0000000 0.0000000 0.0000000 0.0000000 0.0138761 0.0000000 0.0358188 0.0142520 0.0264539 0.0107615 0.0000000 0.0000000 0.0083130 0.0000000 0.0000000 0.0000000
 95 T  95 0.0000000 0.0000000 0.0000000 0.0000000 0.0440017 0.0000000 0.0000000 0.0000000 0.0000000 0.0000000 0.0000000 0.0000000 0.0171550 0.0000000 0.0000000 0.0146391 0.9192759 0.0000000 0.0000000 0.0049283
 96 L  96 0.0192115 0.0000000 0.0000000 0.0000000 0.0000000 0.0000000 0.0000000 0.0000000 0.0000000 0.1646005 0.7056284 0.0000000 0.0298505 0.0000000 0.0000000 0.0000000 0.0000000 0.0000000 0.0000000 0.0807091
 97 Q  97 0.2744301 0.0541070 0.0308821 0.0142520 0.0000000 0.1613269 0.0515694 0.0909676 0.0299641 0.0020483 0.0036345 0.1173500 0.0622970 0.0126610 0.0000000 0.0895816 0.0000000 0.0000000 0.0000000 0.0049283
 98 H  98 0.0136614 0.0000000 0.0066874 0.1426156 0.0000000 0.0000000 0.0000000 0.0000000 0.7414069 0.0000000 0.0000000 0.0000000 0.0000000 0.0192115 0.0000000 0.0355336 0.0270076 0.0000000 0.0138761 0.0000000
 99 Y  99 0.0000000 0.0000000 0.0000000 0.0000000 0.0000000 0.0000000 0.0083130 0.0000000 0.0000000 0.0000000 0.0000000 0.0000000 0.0000000 0.0245236 0.0000000 0.0000000 0.0000000 0.0000000 0.9547929 0.0123705
100 K 100 0.0000000 0.0609563 0.1581919 0.0179102 0.0000000 0.1915423 0.0620944 0.2213659 0.0117710 0.0000000 0.0000000 0.2691614 0.0070066 0.0000000 0.0000000 0.0000000 0.0000000 0.0000000 0.0000000 0.0000000
101 V 101 0.0000000 0.0000000 0.0000000 0.0000000 0.0000000 0.0000000 0.0000000 0.0000000 0.0000000 0.3074670 0.0714970 0.0000000 0.0194405 0.0000000 0.0000000 0.0000000 0.0000000 0.0000000 0.0000000 0.6015955
102 P 102 0.0170085 0.1111813 0.0076377 0.0000000 0.0000000 0.0478242 0.0104881 0.0272162 0.0120945 0.0000000 0.0375642 0.1124470 0.0000000 0.0064216 0.3576925 0.1423356 0.1100886 0.0000000 0.0000000 0.0000000
103 D 103 0.0000000 0.0000000 0.1659102 0.6300439 0.0000000 0.0000000 0.1649359 0.0000000 0.0000000 0.0000000 0.0000000 0.0000000 0.0000000 0.0000000 0.0028498 0.0165821 0.0196781 0.0000000 0.0000000 0.0000000
104 G 104 0.0207322 0.0159445 0.1609327 0.0196781 0.0000000 0.0178286 0.0175987 0.6408568 0.0000000 0.0000000 0.0000000 0.0000000 0.0125420 0.0000000 0.0000000 0.0875508 0.0063356 0.0000000 0.0000000 0.0000000
105 A 105 0.6271284 0.0000000 0.0170532 0.0285692 0.0600281 0.0000000 0.0000000 0.0084446 0.0000000 0.0000000 0.0000000 0.0208410 0.0000000 0.0000000 0.0000000 0.1887421 0.0131013 0.0000000 0.0111956 0.0248965
106 T 106 0.0042046 0.0321588 0.0159796 0.0000000 0.0374537 0.0418541 0.0126078 0.0125172 0.0394672 0.0494692 0.0463736 0.0000000 0.0046413 0.0000000 0.0142878 0.1000581 0.3949299 0.0000000 0.0072726 0.1867246
107 V 107 0.0126078 0.0000000 0.0000000 0.0000000 0.0000000 0.0000000 0.0000000 0.0000000 0.0000000 0.1416424 0.3524683 0.0000000 0.1138981 0.0053801 0.0000000 0.0000000 0.0000000 0.0000000 0.0000000 0.3740033
108 A 108 0.4344343 0.0059631 0.0232354 0.0000000 0.0000000 0.0000000 0.0493774 0.0316108 0.0000000 0.0562581 0.0052158 0.1229750 0.0000000 0.0000000 0.0000000 0.1630305 0.0429052 0.0000000 0.0062345 0.0587599
109 L 109 0.0000000 0.0000000 0.0000000 0.0000000 0.0000000 0.0000000 0.0000000 0.0048990 0.0000000 0.0415735 0.6537116 0.0000000 0.1560864 0.0203651 0.0000000 0.0000000 0.0000000 0.0000000 0.0000000 0.1233644
110 V 110 0.0000000 0.0178912 0.0000000 0.0000000 0.0000000 0.0114104 0.0000000 0.0000000 0.0141859 0.2448147 0.0583700 0.0160177 0.0000000 0.0609916 0.0000000 0.1308782 0.0431063 0.0000000 0.0000000 0.4023340
111 P 111 0.0473550 0.0381882 0.0182112 0.0156080 0.0000000 0.0110636 0.0000000 0.0000000 0.0000000 0.0115890 0.0529017 0.1826803 0.0046152 0.0000000 0.4617001 0.1059084 0.0160799 0.0000000 0.0101612 0.0239382
112 C 112 0.0606585 0.2161679 0.0000000 0.0000000 0.0467858 0.0400912 0.0000000 0.0000000 0.0180500 0.0161598 0.0187065 0.4617327 0.0151357 0.0000000 0.0000000 0.0217832 0.0000000 0.0000000 0.0000000 0.0847286
113 L 113 0.0172138 0.0000000 0.0067531 0.0606256 0.0000000 0.3799759 0.0346947 0.0633632 0.0117535 0.0417944 0.1185689 0.1160391 0.0149039 0.0266008 0.0316657 0.0436833 0.0000000 0.0000000 0.0152230 0.0171411
114 T 114 0.0686282 0.0080340 0.1358531 0.0116399 0.0000000 0.0091006 0.0105432 0.0284029 0.1375938 0.0207507 0.0000000 0.0196614 0.0099137 0.0152889 0.0179599 0.2015983 0.1490867 0.0000000 0.0000000 0.1559444
115 K 115 0.0000000 0.0726097 0.1502893 0.0932205 0.0000000 0.0579124 0.0263431 0.0000000 0.0000000 0.0000000 0.0000000 0.1022934 0.0379785 0.0128273 0.0000000 0.3352681 0.0890670 0.0000000 0.0000000 0.0221907
116 H 116 0.0876423 0.0000000 0.2103255 0.0218573 0.0000000 0.2011912 0.0335240 0.0782382 0.1367478 0.0000000 0.0000000 0.0240183 0.0000000 0.0000000 0.0000000 0.1460820 0.0125202 0.0000000 0.0478532 0.0000000
117 V 117 0.0000000 0.0000000 0.0000000 0.0000000 0.0000000 0.1887608 0.0000000 0.0096693 0.0125128 0.0863698 0.0387922 0.0000000 0.0393628 0.0407893 0.0000000 0.2793036 0.0475066 0.0000000 0.2027067 0.0542262
118 L 118 0.0402072 0.0000000 0.2693388 0.0000000 0.0000000 0.0125182 0.0000000 0.0000000 0.0862707 0.0452366 0.1555815 0.0000000 0.0000000 0.0108336 0.1862027 0.0470937 0.0414969 0.0000000 0.0176970 0.0875229
119 R 119 0.1281845 0.1425725 0.0182147 0.0000000 0.0000000 0.0000000 0.2052842 0.0269292 0.1272898 0.0000000 0.0000000 0.1120675 0.0317047 0.0113558 0.0943683 0.0776744 0.0000000 0.0000000 0.0243545 0.0000000
120 E 120 0.0537319 0.0000000 0.0000000 0.4473375 0.0208892 0.0887022 0.1821426 0.0000000 0.0000000 0.0000000 0.0000000 0.0000000 0.0000000 0.0000000 0.0000000 0.0786435 0.0000000 0.0000000 0.0000000 0.1285531
121 N 121 0.0000000 0.0000000 0.4664321 0.2336596 0.0000000 0.0000000 0.0000000 0.0000000 0.0271335 0.0000000 0.0000000 0.0220938 0.0000000 0.0000000 0.0000000 0.2506809 0.0000000 0.0000000 0.0000000 0.0000000
122 K 122 0.0000000 0.0000000 0.0000000 0.0000000 0.0000000 0.6639546 0.1969074 0.0000000 0.0000000 0.0000000 0.0000000 0.1391379 0.0000000 0.0000000 0.0000000 0.0000000 0.0000000 0.0000000 0.0000000 0.0000000
