  122         A         R         N         D         C         Q         E         G         H         I         L         K         M         F         P         S         T         W         Y         V         X    
  1 K   1 0.0000000 0.5565452 0.0000000 0.0000000 0.0000000 0.0000000 0.0000000 0.0000000 0.0000000 0.0000000 0.0000000 0.0460545 0.0000000 0.0000000 0.0000000 0.0000000 0.0000000 0.0000000 0.0000000 0.0000000 0.3974003
  2 K   2 0.0190819 0.0000000 0.0000000 0.0046231 0.0000000 0.2415512 0.4123935 0.0000000 0.0000000 0.0000000 0.0000000 0.0175925 0.0000000 0.0000000 0.0000000 0.0049391 0.0000000 0.0000000 0.0000000 0.0000000 0.2998187
  3 D   3 0.0000000 0.0482161 0.0699493 0.2450530 0.0155795 0.2123627 0.0496571 0.0000000 0.0000000 0.0000000 0.0000000 0.0000000 0.0099818 0.0000000 0.0327134 0.0944180 0.0279925 0.0000000 0.0000000 0.0000000 0.1940765
  4 V   4 0.0000000 0.0000000 0.0000000 0.0000000 0.0000000 0.0000000 0.0000000 0.0000000 0.0000000 0.3707622 0.0870772 0.0000000 0.0063286 0.0240209 0.0123213 0.0000000 0.0000000 0.0000000 0.0000000 0.3182183 0.1812715
  5 E   5 0.0000000 0.0000000 0.0297190 0.3095532 0.0000000 0.0203714 0.4855648 0.0000000 0.0000000 0.0000000 0.0180815 0.0000000 0.0000000 0.0000000 0.0000000 0.0000000 0.0162079 0.0000000 0.0040268 0.0034584 0.1130172
  6 Y   6 0.0570265 0.0000000 0.0000000 0.0000000 0.0000000 0.0000000 0.0111405 0.0000000 0.0818405 0.0000000 0.0000000 0.0000000 0.0000000 0.2647524 0.0000000 0.0000000 0.0665625 0.0000000 0.3888645 0.0189472 0.1108657
  7 R   7 0.0276546 0.1314040 0.0652133 0.0063286 0.0077709 0.0355837 0.1310239 0.0000000 0.0138614 0.0026365 0.0000000 0.2944730 0.0000000 0.0000000 0.0000000 0.0920784 0.0567771 0.0025150 0.0239141 0.0086725 0.1000932
  8 P   8 0.0153777 0.0038894 0.0063286 0.0132998 0.0000000 0.0694311 0.0792811 0.0000000 0.0000000 0.0400568 0.0036769 0.0082671 0.0119694 0.0052490 0.2306753 0.0465528 0.3046736 0.0000000 0.0000000 0.0611783 0.1000932
  9 L   9 0.0000000 0.0276190 0.0000000 0.0128050 0.0000000 0.0177518 0.0000000 0.0000000 0.0000000 0.0828998 0.4661697 0.0000000 0.1008783 0.0000000 0.0000000 0.0000000 0.0000000 0.0021515 0.0027368 0.1868949 0.1000932
 10 T  10 0.0341237 0.0072366 0.0626612 0.0000000 0.0000000 0.0219349 0.0238691 0.0293738 0.0000000 0.0462087 0.0000000 0.0544759 0.0025595 0.0000000 0.0214728 0.0400270 0.4995439 0.0000000 0.0148157 0.0393510 0.1023462
 11 L  11 0.0099924 0.0058663 0.0000000 0.0000000 0.0107786 0.0000000 0.0000000 0.0000000 0.0180815 0.0720648 0.5282763 0.0000000 0.0297117 0.0276854 0.0000000 0.0000000 0.0000000 0.0000000 0.0000000 0.1966809 0.1008620
 12 N  12 0.0035161 0.0346479 0.2781636 0.0210502 0.0107725 0.0425949 0.0191022 0.0000000 0.0926293 0.0000000 0.0128374 0.0354791 0.0592644 0.0364527 0.0000000 0.1349054 0.0696862 0.0000000 0.0477262 0.0000000 0.1011720
 13 A  13 0.1154981 0.0000000 0.0000000 0.0000000 0.1050450 0.0000000 0.0000000 0.0000000 0.0128697 0.0782582 0.0053012 0.0000000 0.0000000 0.0000000 0.0000000 0.0000000 0.0197256 0.0000000 0.0084637 0.5473523 0.1074863
 14 L  14 0.0000000 0.0130905 0.0231576 0.0170441 0.0000000 0.0000000 0.0421960 0.0000000 0.0050014 0.1649464 0.1696298 0.0000000 0.0102602 0.0132062 0.0000000 0.1019652 0.0310819 0.0000000 0.0251011 0.2504328 0.1328868
 15 L  15 0.0120474 0.0000000 0.0318669 0.0240724 0.0000000 0.0053012 0.0000000 0.0000000 0.0000000 0.1141593 0.0505760 0.0000000 0.0475385 0.1494056 0.0404653 0.0362689 0.0141308 0.0000000 0.0000000 0.1116425 0.3625252
 16 A  16 0.0542310 0.0000000 0.0036566 0.0000000 0.0086031 0.1332873 0.0837238 0.0491937 0.0000000 0.0090330 0.0729575 0.0276803 0.0063286 0.0000000 0.0591586 0.0436891 0.0207966 0.0000000 0.0123428 0.0036612 0.4116568
 17 V  17 0.0403054 0.0091935 0.0230293 0.0738741 0.0000000 0.0513232 0.0298195 0.0481753 0.0180815 0.0000000 0.0246641 0.0587082 0.0000000 0.0128697 0.0472345 0.0172440 0.0071390 0.0000000 0.0000000 0.0836559 0.4546826
 18 G  18 0.0071966 0.0000000 0.0653663 0.0132062 0.0604190 0.0558459 0.0315125 0.1917759 0.0379527 0.0669124 0.0381709 0.0063286 0.0066961 0.0000000 0.0301434 0.0342292 0.0134650 0.0000000 0.0000000 0.0050323 0.3357471
 19 P  19 0.0306798 0.0193058 0.0049391 0.0000000 0.0000000 0.0180999 0.0207389 0.0511885 0.0304751 0.0034520 0.0288540 0.0269736 0.0128050 0.0000000 0.2604310 0.0331544 0.0646160 0.0000000 0.0000000 0.0229397 0.3713471
 20 G  20 0.0147074 0.0000000 0.0080396 0.0853600 0.0000000 0.0550358 0.1925789 0.1779451 0.0269252 0.0099818 0.0365852 0.0191408 0.0027636 0.0446023 0.0180801 0.0049773 0.0000000 0.0000000 0.0210551 0.0165962 0.2656258
 21 A  21 0.0458423 0.0245052 0.1548186 0.1428033 0.0000000 0.0256172 0.1430113 0.0921544 0.0048530 0.0066961 0.0243887 0.0000000 0.0034520 0.0000000 0.0370598 0.0633939 0.0102601 0.0128697 0.0000000 0.0111728 0.1971017
 22 G  22 0.0245403 0.0088243 0.0343776 0.1089558 0.0000000 0.0000000 0.2632928 0.0610585 0.0032748 0.0000000 0.0275313 0.0612649 0.0000000 0.0091226 0.0164423 0.0888575 0.0453273 0.0000000 0.0128050 0.0362782 0.1980469
 23 E  23 0.0063712 0.0245052 0.1306984 0.0481651 0.0488134 0.0152089 0.1292230 0.1825877 0.0090330 0.0198297 0.0478717 0.0140747 0.0000000 0.0031668 0.0531802 0.0916202 0.0073855 0.0000000 0.0000000 0.0383358 0.1299295
 24 A  24 0.1518642 0.0170441 0.0126183 0.0891121 0.0000000 0.0413711 0.0137127 0.0348636 0.0584603 0.0145513 0.0070538 0.0000000 0.0587634 0.0000000 0.0541014 0.0903019 0.1439375 0.0000000 0.0000000 0.0734227 0.1388215
 25 Q  25 0.0284186 0.0000000 0.0066961 0.1669494 0.0000000 0.1723741 0.1950346 0.0000000 0.0447469 0.0000000 0.0100696 0.0057786 0.0082671 0.0000000 0.0984896 0.0486399 0.0464232 0.0000000 0.0000000 0.0229525 0.1451596
 26 G  26 0.0410209 0.0274495 0.0864271 0.0456992 0.0075207 0.0299102 0.1170985 0.0392018 0.0086026 0.0050679 0.0000000 0.1028962 0.0103911 0.0169067 0.0656154 0.1076984 0.0795052 0.0000000 0.0548679 0.0292882 0.1248324
 27 V  27 0.0000000 0.0000000 0.0128050 0.0000000 0.0173253 0.0000000 0.0000000 0.0000000 0.0000000 0.3251596 0.1079586 0.0000000 0.0041838 0.0196093 0.0000000 0.0000000 0.0451729 0.0000000 0.0620438 0.2937215 0.1120202
 28 P  28 0.0189128 0.0155795 0.0000000 0.0235429 0.0093880 0.1499253 0.0434861 0.0000000 0.0407020 0.0363382 0.0121898 0.0156427 0.0089564 0.0201508 0.3275594 0.1365578 0.0186713 0.0000000 0.0359977 0.0000000 0.0863991
 29 V  29 0.0417289 0.0000000 0.0000000 0.0000000 0.0804017 0.0000000 0.0000000 0.0000000 0.0000000 0.0276853 0.0648983 0.0128050 0.0111091 0.0052051 0.0000000 0.0027917 0.0219765 0.0000000 0.0000000 0.6711940 0.0602044
 30 K  30 0.0000000 0.1826268 0.0630937 0.0000000 0.0000000 0.0145814 0.0409456 0.0000000 0.0170441 0.0145284 0.0128050 0.5059355 0.0000000 0.0000000 0.0000000 0.0355551 0.0526800 0.0000000 0.0000000 0.0000000 0.0602044
 31 V  31 0.0713488 0.0000000 0.0000000 0.0000000 0.0214978 0.0000000 0.0000000 0.0464324 0.0000000 0.0391365 0.0313431 0.0000000 0.0128050 0.0000000 0.0000000 0.0020313 0.0026861 0.0000000 0.0000000 0.7125146 0.0602044
 32 L  32 0.0000000 0.0000000 0.0443718 0.0000000 0.0000000 0.0000000 0.0000000 0.0000000 0.0490366 0.0000000 0.7850551 0.0000000 0.0498209 0.0111405 0.0000000 0.0000000 0.0000000 0.0000000 0.0000000 0.0140428 0.0465323
 33 D  33 0.0253661 0.0128050 0.2292995 0.5194432 0.0000000 0.0000000 0.0087102 0.0000000 0.0041119 0.0000000 0.0000000 0.0000000 0.0000000 0.0000000 0.0000000 0.1050830 0.0317421 0.0000000 0.0169067 0.0000000 0.0465323
 34 C  34 0.0000000 0.0000000 0.0000000 0.0000000 0.6959848 0.0000000 0.0000000 0.0000000 0.0000000 0.0151697 0.0000000 0.0000000 0.0000000 0.0000000 0.0000000 0.0250311 0.0927880 0.0180815 0.0000000 0.0935430 0.0594020
 35 D  35 0.0000000 0.0000000 0.0000000 0.9405980 0.0000000 0.0000000 0.0000000 0.0000000 0.0000000 0.0000000 0.0000000 0.0000000 0.0000000 0.0000000 0.0000000 0.0000000 0.0000000 0.0000000 0.0000000 0.0000000 0.0594020
 36 T  36 0.0624608 0.0000000 0.0000000 0.0000000 0.0359977 0.0000000 0.0000000 0.0000000 0.0000000 0.0000000 0.0000000 0.0000000 0.0000000 0.0000000 0.0000000 0.1228665 0.7192731 0.0000000 0.0000000 0.0000000 0.0594020
 37 I  37 0.0000000 0.0000000 0.0000000 0.0000000 0.0000000 0.0000000 0.0000000 0.0000000 0.0000000 0.6952815 0.0276190 0.0000000 0.0245052 0.0000000 0.0000000 0.0000000 0.0000000 0.0000000 0.0000000 0.1803873 0.0722069
 38 S  38 0.0000000 0.0303952 0.0023855 0.0169067 0.0367893 0.0145284 0.0136721 0.1060019 0.0000000 0.0000000 0.0000000 0.0350930 0.0000000 0.0000000 0.0000000 0.2786573 0.3898675 0.0000000 0.0000000 0.0034959 0.0722069
 39 Q  39 0.0000000 0.0000000 0.0000000 0.0000000 0.0000000 0.9277931 0.0128050 0.0000000 0.0000000 0.0000000 0.0000000 0.0000000 0.0000000 0.0000000 0.0000000 0.0000000 0.0000000 0.0000000 0.0000000 0.0000000 0.0594020
 40 A  40 0.1814037 0.0000000 0.0000000 0.0000000 0.0049721 0.0000000 0.0000000 0.0000000 0.0000000 0.0339508 0.0398044 0.0000000 0.0000000 0.0000000 0.0000000 0.0000000 0.0479735 0.0000000 0.0000000 0.6324935 0.0594020
 41 K  41 0.0000000 0.0000000 0.0000000 0.0000000 0.0000000 0.0000000 0.0000000 0.0000000 0.0000000 0.0000000 0.0170441 0.9104634 0.0000000 0.0000000 0.0000000 0.0000000 0.0130905 0.0000000 0.0000000 0.0000000 0.0594020
 42 E  42 0.0247949 0.0123428 0.0000000 0.0555663 0.0000000 0.1052724 0.6146338 0.0000000 0.0052490 0.0000000 0.0180815 0.0227533 0.0091226 0.0000000 0.0000000 0.0587385 0.0140428 0.0000000 0.0000000 0.0000000 0.0594020
 43 K  43 0.0000000 0.0000000 0.0000000 0.0000000 0.0000000 0.0000000 0.0000000 0.0000000 0.0169067 0.0000000 0.0000000 0.9236913 0.0000000 0.0000000 0.0000000 0.0000000 0.0000000 0.0000000 0.0000000 0.0000000 0.0594020
 44 M  44 0.0199382 0.0000000 0.0000000 0.0000000 0.0685281 0.0000000 0.0000000 0.0066961 0.0000000 0.5280280 0.1484598 0.0000000 0.0275239 0.0084637 0.0000000 0.0172358 0.0000000 0.0000000 0.0000000 0.1135580 0.0615685
 45 L  45 0.0409456 0.0000000 0.0000000 0.0000000 0.0000000 0.0000000 0.0000000 0.0000000 0.0000000 0.0964687 0.7048606 0.0000000 0.0145814 0.0394249 0.0000000 0.0000000 0.0000000 0.0000000 0.0000000 0.0141822 0.0895366
 46 D  46 0.0155795 0.0000000 0.0039202 0.6721067 0.0000000 0.0781429 0.1016758 0.0000000 0.0000000 0.0000000 0.0000000 0.0000000 0.0000000 0.0000000 0.0000000 0.0390382 0.0000000 0.0000000 0.0000000 0.0000000 0.0895366
 47 Q  47 0.4839857 0.0000000 0.0000000 0.0000000 0.0247568 0.1922695 0.0000000 0.0107725 0.0000000 0.0000000 0.0000000 0.0097512 0.0072665 0.0107786 0.0000000 0.0424339 0.1102144 0.0000000 0.0000000 0.0182343 0.0895366
 48 L  48 0.0747881 0.0000000 0.0000000 0.0000000 0.0000000 0.0000000 0.0000000 0.0000000 0.0000000 0.2398749 0.0962037 0.0240209 0.0123213 0.1358295 0.0000000 0.0000000 0.0049446 0.0000000 0.0000000 0.3224803 0.0895366
 49 Y  49 0.0000000 0.0000000 0.0000000 0.0000000 0.0325912 0.0145284 0.0000000 0.0000000 0.0000000 0.0000000 0.0488309 0.0136721 0.0000000 0.0744661 0.0000000 0.0000000 0.0000000 0.0296514 0.6878357 0.0000000 0.0984241
 50 K  50 0.0136721 0.2537200 0.0139610 0.0000000 0.0132998 0.0000000 0.0000000 0.0107786 0.0000000 0.0208918 0.0083236 0.4849386 0.0123428 0.0000000 0.0000000 0.0672960 0.0000000 0.0169067 0.0155795 0.0000000 0.0682895
 51 G  51 0.0309849 0.0432344 0.3526133 0.0309496 0.0000000 0.0000000 0.0253661 0.2042708 0.0052490 0.0000000 0.0170441 0.1441248 0.0000000 0.0000000 0.0000000 0.0175028 0.0603707 0.0000000 0.0000000 0.0000000 0.0682895
 52 V  52 0.0302474 0.0319462 0.0538633 0.0000000 0.0000000 0.0612202 0.0219349 0.0136558 0.0130905 0.0884991 0.0620441 0.0552115 0.0228047 0.0282006 0.0000000 0.0484367 0.2362301 0.0000000 0.0108148 0.1535106 0.0682895
 53 P  53 0.0375149 0.0108148 0.0000000 0.0000000 0.0000000 0.0132998 0.0169067 0.1007026 0.0667108 0.0000000 0.0125996 0.0000000 0.0000000 0.0000000 0.6223180 0.0216365 0.0000000 0.0000000 0.0210502 0.0170441 0.0594020
 54 L  54 0.0000000 0.0000000 0.0000000 0.0039065 0.0965582 0.0083236 0.0130905 0.0000000 0.0105737 0.0245052 0.0282770 0.0000000 0.0000000 0.2849555 0.0000000 0.0619599 0.0426652 0.0060753 0.3485269 0.0235555 0.0470269
 55 T  55 0.0497378 0.0145284 0.0097512 0.0000000 0.0244152 0.0000000 0.0000000 0.0038894 0.0000000 0.0000000 0.0388857 0.0123213 0.0000000 0.0000000 0.0536064 0.6845045 0.0382050 0.0000000 0.0000000 0.0359977 0.0341572
 56 Q  56 0.0449034 0.0393777 0.0046231 0.0240209 0.0320920 0.4014723 0.0354570 0.0123428 0.0455271 0.0000000 0.0610805 0.0704233 0.0483149 0.0136721 0.0000000 0.0305160 0.0072665 0.0097512 0.0827655 0.0022362 0.0341572
 57 R  57 0.0000000 0.5873406 0.0136721 0.0000000 0.0329049 0.0891467 0.0000000 0.0806586 0.0000000 0.0000000 0.0000000 0.0000000 0.0000000 0.0000000 0.0210502 0.0000000 0.0145284 0.1134506 0.0000000 0.0130905 0.0341572
 58 P  58 0.0307162 0.0333715 0.0245052 0.0169067 0.0000000 0.0145284 0.0130905 0.0000000 0.0000000 0.0198952 0.1050478 0.0083236 0.0000000 0.0097512 0.6418263 0.0114925 0.0173764 0.0078678 0.0000000 0.0072366 0.0380638
 59 D  59 0.0327784 0.2248972 0.0174353 0.0900529 0.0000000 0.0742477 0.0161241 0.0000000 0.0352765 0.0083236 0.0272528 0.1995888 0.0000000 0.0000000 0.0392052 0.1634189 0.0239384 0.0000000 0.0000000 0.0034041 0.0440562
 60 P  60 0.2789680 0.0045824 0.0000000 0.0212626 0.0000000 0.0000000 0.0044159 0.0128697 0.0000000 0.1188077 0.0636145 0.0613577 0.0000000 0.0000000 0.0995549 0.0705448 0.0097189 0.0000000 0.0000000 0.2102469 0.0440562
 61 R  61 0.0976005 0.0684451 0.0798137 0.2147163 0.0112716 0.0053012 0.1718737 0.0215818 0.1317957 0.0000000 0.0000000 0.0000000 0.0000000 0.0000000 0.0000000 0.0623932 0.0635062 0.0000000 0.0195056 0.0120455 0.0401496
 62 T  62 0.0431183 0.0000000 0.0000000 0.3276566 0.0027313 0.0860598 0.3062876 0.0055026 0.0128697 0.0000000 0.0130905 0.0000000 0.0000000 0.0000000 0.0123751 0.1085336 0.0512931 0.0000000 0.0000000 0.0000000 0.0304817
 63 L  63 0.0000000 0.0000000 0.0000000 0.0000000 0.0072665 0.0088875 0.0000000 0.0000000 0.0000000 0.1101021 0.2982427 0.0000000 0.1480506 0.0910651 0.0000000 0.0000000 0.0097512 0.0000000 0.0169067 0.2792458 0.0304817
 64 D  64 0.0312855 0.0265418 0.0088875 0.6466422 0.0000000 0.0072366 0.0987980 0.0636145 0.0214135 0.0123751 0.0000000 0.0000000 0.0000000 0.0000000 0.0000000 0.0000000 0.0073641 0.0000000 0.0000000 0.0453595 0.0304817
 65 V  65 0.0000000 0.0000000 0.0000000 0.0000000 0.0000000 0.0220430 0.0000000 0.0130905 0.0000000 0.0405434 0.8215639 0.0000000 0.0000000 0.0140428 0.0000000 0.0000000 0.0128697 0.0000000 0.0000000 0.0384333 0.0374134
 66 E  66 0.0198215 0.0155795 0.0000000 0.0072366 0.0000000 0.0000000 0.7170319 0.0263383 0.0000000 0.0000000 0.0483728 0.0283797 0.0000000 0.0000000 0.0088875 0.0000000 0.0000000 0.0000000 0.0000000 0.1027487 0.0256035
 67 W  67 0.0111405 0.0186404 0.0000000 0.0000000 0.0000000 0.0123751 0.0056374 0.0134717 0.0000000 0.0000000 0.1697267 0.0000000 0.0140428 0.0515920 0.0000000 0.0000000 0.0000000 0.6249446 0.0409352 0.0000000 0.0374934
 68 R  68 0.0000000 0.5117709 0.0140428 0.0000000 0.0144933 0.0569464 0.0370881 0.0025470 0.0318036 0.0111091 0.0540646 0.0814780 0.0000000 0.0399025 0.0000000 0.0000000 0.0041155 0.0000000 0.0507798 0.0564804 0.0333780
 69 S  69 0.0411924 0.0324068 0.0132998 0.0668452 0.0709715 0.1534060 0.0298371 0.0148157 0.1368417 0.0145814 0.0103546 0.0282006 0.0040268 0.0000000 0.0765064 0.1620200 0.0843372 0.0000000 0.0000000 0.0269789 0.0333780
 70 G  70 0.0231008 0.0147821 0.0169067 0.0130905 0.0000000 0.0000000 0.0540613 0.5573376 0.0148157 0.0000000 0.0052490 0.0202189 0.0000000 0.0000000 0.0779589 0.0668347 0.0540371 0.0000000 0.0000000 0.0111405 0.0704661
 71 V  71 0.0302001 0.2396915 0.0293657 0.0209087 0.0372238 0.0328788 0.0723885 0.0728328 0.0099411 0.0148157 0.0563682 0.0259308 0.0061725 0.0084637 0.0197835 0.1818304 0.0512767 0.0000000 0.0000000 0.0476617 0.0422655
 72 A  72 0.1256170 0.1011441 0.0108148 0.0111091 0.0045824 0.0692139 0.0000000 0.2368727 0.0111405 0.0104192 0.0430946 0.0158326 0.0675812 0.0000000 0.0210740 0.0750214 0.1111645 0.0000000 0.0057786 0.0192936 0.0602457
 73 G  73 0.1414671 0.0111091 0.0090835 0.0100743 0.0000000 0.0878859 0.0359977 0.4473435 0.0081639 0.0000000 0.0170441 0.0633638 0.0000000 0.0000000 0.0000000 0.0299088 0.0362390 0.0000000 0.0128122 0.0283981 0.0611091
 74 H  74 0.0000000 0.3033406 0.0000000 0.0253661 0.0000000 0.0913053 0.0647811 0.0244577 0.1809225 0.0218816 0.0000000 0.0752505 0.0000000 0.0282006 0.0000000 0.0852542 0.0128122 0.0000000 0.0000000 0.0366338 0.0497939
 75 L  75 0.0088875 0.0573203 0.0000000 0.0000000 0.0000000 0.0398901 0.0538633 0.0000000 0.0000000 0.1324183 0.3153754 0.0223350 0.0613881 0.0000000 0.0145814 0.0000000 0.0148238 0.0000000 0.0325912 0.1301970 0.1163285
 76 I  76 0.0059626 0.0155795 0.0000000 0.0000000 0.0000000 0.0000000 0.0000000 0.0000000 0.0000000 0.4464865 0.1631941 0.0253661 0.0145284 0.0000000 0.0428278 0.0084637 0.1279040 0.0000000 0.0000000 0.0793454 0.0703418
 77 L  77 0.0000000 0.0148157 0.0000000 0.0000000 0.0000000 0.0000000 0.0000000 0.0000000 0.0000000 0.0000000 0.8743128 0.0000000 0.0280473 0.0000000 0.0000000 0.0000000 0.0000000 0.0000000 0.0000000 0.0269027 0.0559215
 78 S  78 0.0249528 0.0926528 0.0000000 0.0105400 0.0078678 0.2532218 0.0373754 0.0000000 0.0000000 0.0000000 0.0000000 0.0875358 0.0000000 0.0259227 0.0168013 0.2497475 0.0253661 0.0000000 0.0486077 0.0155795 0.1038289
 79 D  79 0.0000000 0.0000000 0.0219081 0.7995051 0.0000000 0.0145814 0.0818089 0.0000000 0.0148157 0.0105400 0.0000000 0.0000000 0.0000000 0.0000000 0.0000000 0.0000000 0.0087102 0.0000000 0.0000000 0.0000000 0.0481306
 80 E  80 0.0000000 0.0378050 0.0000000 0.0808718 0.0000000 0.0346379 0.3681150 0.0000000 0.0000000 0.1118451 0.1082371 0.0000000 0.0000000 0.0279008 0.0388972 0.0000000 0.0155901 0.0186404 0.0055026 0.0938853 0.0580717
 81 D  81 0.0000000 0.0155795 0.0169786 0.8375954 0.0000000 0.0000000 0.0123428 0.0192502 0.0148157 0.0095001 0.0000000 0.0000000 0.0000000 0.0000000 0.0000000 0.0158660 0.0000000 0.0000000 0.0000000 0.0000000 0.0580717
 82 V  82 0.0583982 0.0136721 0.0374573 0.0735810 0.0000000 0.0000000 0.0585883 0.0555630 0.0000000 0.0495239 0.1820169 0.0111091 0.0000000 0.0000000 0.0256426 0.1340814 0.0530136 0.0000000 0.0087102 0.1716831 0.0669592
 83 T  83 0.0000000 0.0000000 0.0000000 0.0000000 0.0000000 0.0148157 0.0000000 0.0000000 0.0000000 0.0132998 0.0676791 0.0000000 0.0231655 0.0000000 0.0000000 0.2386940 0.5657442 0.0000000 0.0114925 0.0000000 0.0651092
 84 S  84 0.0201137 0.0147821 0.0649945 0.0000000 0.0084637 0.0000000 0.0233522 0.0000000 0.0000000 0.0000000 0.0344887 0.0000000 0.0087102 0.0000000 0.0000000 0.4868320 0.2652858 0.0000000 0.0000000 0.0078678 0.0651092
 85 E  85 0.0080911 0.0588583 0.0173442 0.0107725 0.0000000 0.0756308 0.1292628 0.0000000 0.0000000 0.0147917 0.0192748 0.3196448 0.0055076 0.0091226 0.0147821 0.0253661 0.0238138 0.0000000 0.0000000 0.1979064 0.0698304
 86 V  86 0.0398306 0.0680739 0.0178454 0.0000000 0.0130892 0.0253661 0.0000000 0.0000000 0.0332218 0.2228385 0.0105741 0.0547687 0.0658892 0.0000000 0.0135451 0.0087596 0.1631477 0.0000000 0.0000000 0.1932195 0.0698304
 87 Q  87 0.0000000 0.0278282 0.0072665 0.1084512 0.0061213 0.1037543 0.3869360 0.0210530 0.0091746 0.0343884 0.0086695 0.0578523 0.0000000 0.0000000 0.0194327 0.0571373 0.0390069 0.0000000 0.0000000 0.0413282 0.0715996
 88 G  88 0.0355170 0.0000000 0.1585686 0.1780544 0.0183067 0.0000000 0.0000000 0.4094883 0.0162942 0.0000000 0.0000000 0.0481391 0.0123213 0.0000000 0.0000000 0.0361313 0.0000000 0.0000000 0.0000000 0.0000000 0.0871791
 89 L  89 0.0036612 0.1309482 0.0461589 0.1335062 0.0000000 0.0180849 0.0931469 0.2777328 0.0460352 0.0000000 0.0763339 0.0479053 0.0000000 0.0000000 0.0000000 0.0207312 0.0250331 0.0000000 0.0000000 0.0000000 0.0807222
 90 F  90 0.0000000 0.0443435 0.0000000 0.0000000 0.0055693 0.0000000 0.0000000 0.0000000 0.0000000 0.0888018 0.0292496 0.0049721 0.0000000 0.0047803 0.0595860 0.0290140 0.0455554 0.5651624 0.0140428 0.0282006 0.0807222
 91 R  91 0.0083236 0.1220988 0.0000000 0.0000000 0.0123213 0.0055693 0.0000000 0.0000000 0.0000000 0.0478079 0.0000000 0.4911745 0.0717702 0.0078678 0.0000000 0.0000000 0.0684736 0.0000000 0.0111405 0.0818528 0.0715996
 92 R  92 0.0000000 0.4552930 0.0000000 0.0126233 0.0000000 0.0757499 0.0000000 0.0118819 0.0000000 0.0000000 0.0000000 0.3395338 0.0145284 0.0000000 0.0123213 0.0000000 0.0000000 0.0000000 0.0000000 0.0000000 0.0780683
 93 L  93 0.0232409 0.0197171 0.0000000 0.0000000 0.0000000 0.0000000 0.0000000 0.0000000 0.0000000 0.1679659 0.6561888 0.0000000 0.0066961 0.0000000 0.0000000 0.0000000 0.0000000 0.0000000 0.0190124 0.0501607 0.0570181
 94 N  94 0.0000000 0.0000000 0.8454985 0.0000000 0.0000000 0.0000000 0.0000000 0.0000000 0.0123428 0.0000000 0.0314455 0.0128122 0.0232917 0.0095001 0.0000000 0.0000000 0.0080911 0.0000000 0.0000000 0.0000000 0.0570181
 95 T  95 0.0000000 0.0000000 0.0000000 0.0000000 0.0405753 0.0000000 0.0000000 0.0000000 0.0000000 0.0000000 0.0000000 0.0000000 0.0158372 0.0000000 0.0000000 0.0128041 0.8695092 0.0000000 0.0000000 0.0042561 0.0570181
 96 L  96 0.0170441 0.0000000 0.0000000 0.0000000 0.0000000 0.0000000 0.0000000 0.0000000 0.0000000 0.1584829 0.6701628 0.0000000 0.0269417 0.0000000 0.0000000 0.0000000 0.0000000 0.0000000 0.0000000 0.0703504 0.0570181
 97 Q  97 0.2731561 0.0489672 0.0279738 0.0128122 0.0000000 0.1442150 0.0449797 0.0901801 0.0280367 0.0018447 0.0032646 0.1068194 0.0556431 0.0114233 0.0000000 0.0894097 0.0000000 0.0000000 0.0000000 0.0042561 0.0570181
 98 H  98 0.0132998 0.0000000 0.0058915 0.1277193 0.0000000 0.0000000 0.0000000 0.0000000 0.7096365 0.0000000 0.0000000 0.0000000 0.0000000 0.0170441 0.0000000 0.0325427 0.0245052 0.0000000 0.0123428 0.0000000 0.0570181
 99 Y  99 0.0000000 0.0000000 0.0000000 0.0000000 0.0000000 0.0000000 0.0080911 0.0000000 0.0000000 0.0000000 0.0000000 0.0000000 0.0000000 0.0218876 0.0000000 0.0000000 0.0000000 0.0000000 0.9015106 0.0114925 0.0570181
100 K 100 0.0000000 0.0546497 0.1421458 0.0155795 0.0000000 0.2052156 0.0651775 0.1995786 0.0107725 0.0000000 0.0000000 0.2435957 0.0062668 0.0000000 0.0000000 0.0000000 0.0000000 0.0000000 0.0000000 0.0000000 0.0570181
101 V 101 0.0000000 0.0000000 0.0000000 0.0000000 0.0000000 0.0000000 0.0000000 0.0000000 0.0000000 0.2835357 0.0634534 0.0000000 0.0170441 0.0000000 0.0000000 0.0000000 0.0000000 0.0000000 0.0000000 0.5695641 0.0664027
102 P 102 0.0153501 0.0977355 0.0070331 0.0000000 0.0000000 0.0413866 0.0097512 0.0232386 0.0105415 0.0000000 0.0326295 0.0981829 0.0000000 0.0057786 0.3299805 0.1329882 0.1159102 0.0000000 0.0000000 0.0000000 0.0794933
103 D 103 0.0000000 0.0000000 0.1511250 0.5732761 0.0000000 0.0000000 0.1540576 0.0000000 0.0000000 0.0000000 0.0000000 0.0000000 0.0000000 0.0000000 0.0027068 0.0146638 0.0173840 0.0000000 0.0000000 0.0000000 0.0867867
104 G 104 0.0169067 0.0138418 0.1403452 0.0173840 0.0000000 0.0148157 0.0157198 0.6021054 0.0000000 0.0000000 0.0000000 0.0000000 0.0107786 0.0000000 0.0000000 0.0758135 0.0055026 0.0000000 0.0000000 0.0000000 0.0867867
105 A 105 0.5628607 0.0000000 0.0145814 0.0251351 0.0518420 0.0000000 0.0000000 0.0073903 0.0000000 0.0000000 0.0000000 0.0169067 0.0000000 0.0000000 0.0000000 0.1862935 0.0111405 0.0000000 0.0099411 0.0220725 0.0918360
106 T 106 0.0037147 0.0293015 0.0139327 0.0000000 0.0323674 0.0357220 0.0107786 0.0108304 0.0342245 0.0422118 0.0398292 0.0000000 0.0041155 0.0000000 0.0123213 0.0979426 0.3611881 0.0000000 0.0062668 0.1734170 0.0918360
107 V 107 0.0107786 0.0000000 0.0000000 0.0000000 0.0000000 0.0000000 0.0000000 0.0000000 0.0000000 0.1247855 0.3114738 0.0000000 0.0984225 0.0045824 0.0000000 0.0000000 0.0000000 0.0000000 0.0000000 0.3581212 0.0918360
108 A 108 0.3907038 0.0050550 0.0197171 0.0000000 0.0000000 0.0000000 0.0409456 0.0270276 0.0000000 0.0474742 0.0045042 0.1070742 0.0000000 0.0000000 0.0000000 0.1455304 0.0360575 0.0000000 0.0147821 0.0523855 0.1087427
109 L 109 0.0000000 0.0000000 0.0000000 0.0000000 0.0000000 0.0000000 0.0000000 0.0041921 0.0000000 0.0352182 0.5875265 0.0000000 0.1329689 0.0170441 0.0000000 0.0000000 0.0000000 0.0000000 0.0000000 0.1143075 0.1087427
110 V 110 0.0000000 0.0140428 0.0000000 0.0000000 0.0000000 0.0091226 0.0000000 0.0000000 0.0111405 0.1995446 0.0578555 0.0128122 0.0000000 0.0573097 0.0000000 0.1043390 0.0338634 0.0000000 0.0000000 0.3418266 0.1581428
111 P 111 0.0372374 0.0300545 0.0147889 0.0123213 0.0000000 0.0182956 0.0000000 0.0000000 0.0000000 0.0097512 0.0411279 0.1529138 0.0036769 0.0000000 0.3758618 0.0979793 0.0129791 0.0000000 0.0083236 0.0186780 0.1660107
112 C 112 0.0567433 0.1703480 0.0000000 0.0000000 0.0353883 0.0354379 0.0000000 0.0000000 0.0140428 0.0128122 0.0145284 0.3987455 0.0120519 0.0000000 0.0000000 0.0170441 0.0000000 0.0000000 0.0000000 0.0668468 0.1660107
113 L 113 0.0126233 0.0000000 0.0049446 0.0445869 0.0000000 0.3156985 0.0265330 0.0469106 0.0086700 0.0393540 0.0862834 0.0881545 0.0110899 0.0192408 0.0235371 0.0316852 0.0000000 0.0000000 0.0111405 0.0163215 0.2132265
114 T 114 0.0489321 0.0055693 0.1009676 0.0083236 0.0000000 0.0062668 0.0072665 0.0199562 0.0980972 0.0144575 0.0000000 0.0134999 0.0070453 0.0107725 0.0136721 0.1479557 0.1101742 0.0000000 0.0000000 0.1196713 0.2673719
115 K 115 0.0000000 0.0480328 0.1049237 0.0613167 0.0000000 0.0393951 0.0172439 0.0000000 0.0000000 0.0000000 0.0000000 0.0655897 0.0249448 0.0084637 0.0000000 0.2406742 0.0728787 0.0000000 0.0000000 0.0145814 0.3019553
116 H 116 0.0512305 0.0000000 0.0916517 0.0095422 0.0000000 0.0879939 0.0145814 0.0451643 0.0578212 0.0000000 0.0000000 0.0107725 0.0000000 0.0000000 0.0000000 0.0635687 0.0055026 0.0000000 0.0203851 0.0000000 0.5417859
117 V 117 0.0000000 0.0000000 0.0000000 0.0000000 0.0000000 0.0756419 0.0000000 0.0038428 0.0049446 0.0340082 0.0154100 0.0000000 0.0157302 0.0160202 0.0000000 0.1212201 0.0190791 0.0000000 0.0940332 0.0201384 0.5799313
118 L 118 0.0140428 0.0000000 0.1082315 0.0000000 0.0000000 0.0044309 0.0000000 0.0000000 0.0302138 0.0155795 0.0627004 0.0000000 0.0000000 0.0038125 0.0659097 0.0169357 0.0145814 0.0000000 0.0062668 0.0320434 0.6252514
119 R 119 0.0501098 0.0395835 0.0050807 0.0000000 0.0000000 0.0000000 0.0597228 0.0077709 0.0466384 0.0000000 0.0000000 0.0337032 0.0089540 0.0034041 0.0271296 0.0223276 0.0000000 0.0000000 0.0073641 0.0000000 0.6882113
120 E 120 0.0132101 0.0000000 0.0000000 0.1142992 0.0050807 0.0222862 0.0442066 0.0000000 0.0000000 0.0000000 0.0000000 0.0000000 0.0000000 0.0000000 0.0000000 0.0293636 0.0000000 0.0000000 0.0000000 0.0457912 0.7257624
121 N 121 0.0000000 0.0000000 0.1322282 0.0568248 0.0000000 0.0000000 0.0000000 0.0000000 0.0064717 0.0000000 0.0000000 0.0050807 0.0000000 0.0000000 0.0000000 0.0594120 0.0000000 0.0000000 0.0000000 0.0000000 0.7399826
122 K 122 0.0000000 0.0000000 0.0000000 0.0000000 0.0000000 0.0939470 0.0292517 0.0000000 0.0000000 0.0000000 0.0000000 0.0193087 0.0000000 0.0000000 0.0000000 0.0000000 0.0000000 0.0000000 0.0000000 0.0000000 0.8574927
