   80         A         R         N         D         C         Q         E         G         H         I         L         K         M         F         P         S         T         W         Y         V         X    
  1 S   1 0.1477943 0.0000000 0.0000000 0.0000000 0.0000000 0.0000000 0.0000000 0.0000000 0.0000000 0.0000000 0.0000000 0.0000000 0.0000000 0.0000000 0.0000000 0.0625023 0.0101657 0.0000000 0.0000000 0.0000000 0.7795377
  2 P   2 0.0749115 0.0000000 0.0000000 0.0179054 0.0000000 0.0000000 0.0000000 0.0000000 0.0000000 0.0000000 0.0000000 0.0090812 0.0000000 0.0000000 0.1879319 0.0148004 0.0000000 0.0000000 0.0000000 0.0188820 0.6764876
  3 A   3 0.1377645 0.0000000 0.0097778 0.0000000 0.0000000 0.0000000 0.0313242 0.0000000 0.0000000 0.0000000 0.0264277 0.0000000 0.0000000 0.0000000 0.0000000 0.0593742 0.0902545 0.0000000 0.0000000 0.0360264 0.6090507
  4 A   4 0.0599708 0.0000000 0.0000000 0.0000000 0.0000000 0.0000000 0.0216959 0.0506980 0.0000000 0.0622381 0.0322704 0.0000000 0.0000000 0.0000000 0.0000000 0.0716294 0.1143780 0.0000000 0.0000000 0.0958485 0.4912708
  5 M   5 0.0163237 0.0000000 0.0463115 0.0101040 0.0000000 0.0074426 0.0744416 0.0120721 0.0245507 0.0200527 0.1118228 0.0097778 0.0069706 0.0000000 0.0188820 0.0533832 0.0000000 0.0000000 0.0000000 0.1438807 0.4439841
  6 E   6 0.0894215 0.0871586 0.0294302 0.0215518 0.0000000 0.0000000 0.1668182 0.0000000 0.0097951 0.0000000 0.0000000 0.0207826 0.0000000 0.0000000 0.0699257 0.0414512 0.0616146 0.0000000 0.0000000 0.0000000 0.4020505
  7 R   7 0.0261188 0.2110676 0.0668160 0.0364981 0.0000000 0.0101694 0.0223597 0.0232933 0.0270724 0.0097778 0.0371319 0.0221550 0.0000000 0.0000000 0.0133709 0.0394063 0.0405331 0.0000000 0.0188820 0.0000000 0.3953478
  8 Q   8 0.0651190 0.2038288 0.0000000 0.0148004 0.0000000 0.1050931 0.0000000 0.1294743 0.0000000 0.0000000 0.0000000 0.0000000 0.0000000 0.0000000 0.0101694 0.0418837 0.0342835 0.0000000 0.0000000 0.0000000 0.3953478
  9 V   9 0.0859194 0.0000000 0.0392638 0.1054807 0.0000000 0.0686292 0.0187755 0.0542623 0.0000000 0.0000000 0.0000000 0.0000000 0.0000000 0.0000000 0.0000000 0.0810236 0.0699651 0.0000000 0.0604372 0.0550352 0.3612079
 10 P  10 0.0431243 0.0143813 0.0000000 0.0683656 0.0000000 0.0151179 0.0292299 0.0543588 0.0000000 0.0148004 0.0187755 0.0188820 0.0000000 0.0179054 0.1642318 0.0705058 0.0526597 0.0000000 0.0298450 0.0580332 0.3297834
 11 Y  11 0.0831572 0.0187755 0.0395438 0.0143813 0.0000000 0.0000000 0.0000000 0.0163237 0.0146139 0.0417679 0.0606981 0.0000000 0.0000000 0.0624751 0.0115919 0.0525957 0.0000000 0.0000000 0.2048389 0.1143812 0.2648558
 12 T  12 0.0105682 0.0000000 0.0128966 0.0416367 0.2780561 0.0160633 0.0188820 0.0291817 0.0000000 0.1296136 0.0503645 0.0146249 0.0000000 0.0000000 0.0000000 0.0000000 0.0717781 0.0092291 0.0000000 0.0613091 0.2557961
 13 P  13 0.0783213 0.0000000 0.0000000 0.0000000 0.2408466 0.0000000 0.0000000 0.0000000 0.0000000 0.0000000 0.0248204 0.0000000 0.0000000 0.0000000 0.4305527 0.0000000 0.0000000 0.0000000 0.0000000 0.0296418 0.1958171
 14 C  14 0.0136513 0.0000000 0.0000000 0.0168218 0.3768265 0.0000000 0.0093742 0.0163237 0.0000000 0.0000000 0.0000000 0.0000000 0.0000000 0.0000000 0.2116056 0.1029274 0.0231659 0.0000000 0.0000000 0.0000000 0.2293035
 15 S  15 0.0792297 0.0000000 0.0484844 0.0203093 0.0000000 0.0146139 0.0062425 0.1713344 0.0000000 0.0000000 0.0000000 0.0000000 0.0000000 0.0000000 0.0446708 0.3045184 0.1523276 0.0000000 0.0000000 0.0000000 0.1582690
 16 G  16 0.0675292 0.0000000 0.0000000 0.0000000 0.0000000 0.0000000 0.0000000 0.6213013 0.0000000 0.0277098 0.0904749 0.0000000 0.0000000 0.0000000 0.0160633 0.0538057 0.0159921 0.0000000 0.0000000 0.0000000 0.1071237
 17 L  17 0.0455438 0.0000000 0.0114629 0.0000000 0.0000000 0.0000000 0.0000000 0.0538184 0.0000000 0.0214746 0.6963703 0.0000000 0.0000000 0.0000000 0.0367802 0.0000000 0.0298450 0.0000000 0.0000000 0.0000000 0.1047049
 18 Y  18 0.0059282 0.0000000 0.0378856 0.0000000 0.0000000 0.0513072 0.0155309 0.0000000 0.0350992 0.0411290 0.0305916 0.0000000 0.0000000 0.0589245 0.0000000 0.0284735 0.0266204 0.0000000 0.5007766 0.0394533 0.1282800
 19 G  19 0.0907519 0.0000000 0.0330310 0.0478824 0.0000000 0.0000000 0.0000000 0.2359065 0.0000000 0.0000000 0.0000000 0.0120387 0.0105682 0.0000000 0.0000000 0.4139230 0.1018181 0.0000000 0.0205537 0.0000000 0.0335267
 20 T  20 0.0000000 0.0000000 0.3854866 0.0000000 0.0000000 0.0188820 0.0076847 0.0000000 0.0000000 0.0000000 0.0000000 0.0187000 0.0000000 0.0000000 0.0000000 0.2779957 0.2415906 0.0000000 0.0000000 0.0394807 0.0101797
 21 A  21 0.1784680 0.0000000 0.0000000 0.0000000 0.0000000 0.0000000 0.0000000 0.0000000 0.0000000 0.0000000 0.0072510 0.0000000 0.0159921 0.0000000 0.7598783 0.0289475 0.0000000 0.0000000 0.0000000 0.0094631 0.0000000
 22 Q  22 0.0000000 0.0120721 0.0205537 0.0000000 0.0000000 0.5876613 0.0308019 0.0000000 0.0000000 0.0140235 0.1577834 0.0409761 0.0561559 0.0000000 0.0000000 0.0000000 0.0000000 0.0000000 0.0000000 0.0799721 0.0000000
 23 C  23 0.0000000 0.0000000 0.0000000 0.0000000 0.9646648 0.0000000 0.0000000 0.0000000 0.0000000 0.0000000 0.0000000 0.0000000 0.0000000 0.0000000 0.0000000 0.0087404 0.0000000 0.0000000 0.0000000 0.0000000 0.0265948
 24 C  24 0.0000000 0.0000000 0.0000000 0.0000000 0.9751796 0.0000000 0.0000000 0.0000000 0.0000000 0.0000000 0.0000000 0.0000000 0.0000000 0.0000000 0.0000000 0.0248204 0.0000000 0.0000000 0.0000000 0.0000000 0.0000000
 25 A  25 0.4525066 0.0000000 0.0120387 0.1145319 0.0000000 0.1009394 0.0000000 0.0736072 0.0000000 0.0000000 0.0000000 0.0000000 0.0000000 0.0000000 0.0187000 0.2152828 0.0000000 0.0000000 0.0000000 0.0123934 0.0000000
 26 T  26 0.0890251 0.0000000 0.0000000 0.0265948 0.0000000 0.0000000 0.0000000 0.0000000 0.0000000 0.0133709 0.0492818 0.0000000 0.0000000 0.0000000 0.0000000 0.0323534 0.5566153 0.0000000 0.0000000 0.2327588 0.0000000
 27 D  27 0.0110802 0.0000000 0.1803708 0.5771598 0.0000000 0.0136632 0.0000000 0.0747209 0.0000000 0.0000000 0.0244711 0.0000000 0.0000000 0.0146139 0.0000000 0.0774666 0.0160393 0.0000000 0.0000000 0.0104141 0.0000000
 28 V  28 0.0160633 0.0000000 0.0000000 0.0000000 0.0000000 0.0000000 0.0000000 0.0000000 0.0000000 0.1595009 0.0855836 0.0000000 0.0000000 0.0000000 0.0000000 0.0000000 0.0000000 0.0000000 0.0000000 0.7388522 0.0000000
 29 L  29 0.0669580 0.0000000 0.0000000 0.0308019 0.0000000 0.0000000 0.0000000 0.0000000 0.0000000 0.0104141 0.8497046 0.0000000 0.0000000 0.0123934 0.0000000 0.0000000 0.0000000 0.0000000 0.0000000 0.0297280 0.0000000
 30 G  30 0.0000000 0.0000000 0.0264987 0.0799301 0.0000000 0.0089841 0.0188820 0.8657051 0.0000000 0.0000000 0.0000000 0.0000000 0.0000000 0.0000000 0.0000000 0.0000000 0.0000000 0.0000000 0.0000000 0.0000000 0.0000000
 31 V  31 0.0470918 0.0000000 0.0000000 0.0000000 0.0000000 0.0000000 0.0000000 0.0000000 0.0000000 0.0996820 0.2710925 0.0000000 0.0000000 0.0000000 0.0000000 0.0000000 0.0000000 0.0000000 0.0000000 0.5821337 0.0000000
 32 A  32 0.6046648 0.0000000 0.0000000 0.0000000 0.0000000 0.0000000 0.0187000 0.0000000 0.0000000 0.1040063 0.1945786 0.0000000 0.0000000 0.0000000 0.0000000 0.0000000 0.0000000 0.0000000 0.0000000 0.0780504 0.0000000
 33 D  33 0.0935851 0.0000000 0.1766202 0.3104475 0.0388440 0.0000000 0.0179054 0.1273301 0.0000000 0.0000000 0.0000000 0.0000000 0.0000000 0.0220818 0.0000000 0.1386334 0.0163237 0.0000000 0.0394533 0.0187755 0.0000000
 34 L  34 0.0000000 0.0000000 0.0000000 0.0000000 0.0000000 0.0284327 0.0000000 0.0297280 0.0000000 0.0110728 0.8621638 0.0000000 0.0000000 0.0000000 0.0000000 0.0265948 0.0000000 0.0000000 0.0000000 0.0420079 0.0000000
 35 D  35 0.0162265 0.0000000 0.1704045 0.6337790 0.0000000 0.0000000 0.0242543 0.0115919 0.0000000 0.0265948 0.0000000 0.0000000 0.0000000 0.0000000 0.0465056 0.0113861 0.0592573 0.0000000 0.0000000 0.0000000 0.0000000
 36 C  36 0.0248204 0.0000000 0.0000000 0.0000000 0.9611560 0.0000000 0.0000000 0.0140235 0.0000000 0.0000000 0.0000000 0.0000000 0.0000000 0.0000000 0.0000000 0.0000000 0.0000000 0.0000000 0.0000000 0.0000000 0.0000000
 37 A  37 0.2320792 0.0521521 0.0426581 0.0509063 0.0000000 0.0620647 0.1338348 0.1043579 0.0241108 0.0062533 0.0000000 0.1004345 0.0000000 0.0000000 0.0000000 0.0740921 0.0277817 0.0000000 0.0000000 0.0892746 0.0000000
 38 N  38 0.1563862 0.0000000 0.1540277 0.0265948 0.0000000 0.0165238 0.0364981 0.0603509 0.0000000 0.0205537 0.0000000 0.0000000 0.0000000 0.0000000 0.1091790 0.1339564 0.1959270 0.0000000 0.0000000 0.0900025 0.0000000
 39 P  39 0.0000000 0.0000000 0.0000000 0.0000000 0.0000000 0.0000000 0.0000000 0.0000000 0.0000000 0.0000000 0.0122222 0.0000000 0.0000000 0.0000000 0.8623154 0.0000000 0.0000000 0.0000000 0.0000000 0.0948708 0.0305916
 40 P  40 0.0685423 0.0478579 0.0000000 0.0000000 0.0000000 0.0000000 0.0000000 0.0647192 0.0082679 0.0000000 0.0000000 0.0634165 0.0000000 0.0000000 0.2731227 0.2716461 0.1449710 0.0000000 0.0074726 0.0122222 0.0377616
 41 A  41 0.1297715 0.0853102 0.0000000 0.0181211 0.0000000 0.0499079 0.1480970 0.1023408 0.0000000 0.0318219 0.0000000 0.0922776 0.0000000 0.0085601 0.0159921 0.1714313 0.0715255 0.0000000 0.0000000 0.0576351 0.0172080
 42 T  42 0.1923276 0.0284813 0.0136632 0.1009550 0.0000000 0.0547415 0.0128966 0.0203491 0.0000000 0.0162265 0.0385593 0.0407264 0.0000000 0.0000000 0.0518990 0.0377143 0.2526093 0.0000000 0.0000000 0.1216430 0.0172080
 43 L  43 0.0000000 0.0000000 0.0000000 0.0000000 0.0000000 0.0000000 0.0000000 0.0298450 0.0000000 0.0635653 0.0466581 0.0000000 0.0000000 0.0133709 0.5408051 0.0220975 0.0246529 0.0000000 0.0210564 0.1811211 0.0568278
 44 A  44 0.0523290 0.1074367 0.0642359 0.0367607 0.0298450 0.0062533 0.0304284 0.0000000 0.0221113 0.0160393 0.0283958 0.0077626 0.0077910 0.0196904 0.0142898 0.1394846 0.3136287 0.0000000 0.0529159 0.0333936 0.0172080
 45 N  45 0.0237845 0.0095993 0.1147896 0.3557451 0.0000000 0.0000000 0.0000000 0.0000000 0.0298450 0.0000000 0.0000000 0.0092291 0.0000000 0.0000000 0.0000000 0.2775157 0.1376308 0.0000000 0.0000000 0.0246529 0.0172080
 46 A  46 0.3283952 0.0278057 0.0000000 0.0000000 0.0287726 0.0000000 0.0000000 0.2681554 0.0000000 0.0444556 0.0762335 0.0256387 0.0000000 0.0085601 0.0283624 0.0521511 0.0143651 0.0000000 0.0000000 0.0798969 0.0172080
 47 T  47 0.2050331 0.0128792 0.1149368 0.1076733 0.0000000 0.0593260 0.1174010 0.0000000 0.0095993 0.0000000 0.0123934 0.0930685 0.0220818 0.0000000 0.0208125 0.1169421 0.0647457 0.0000000 0.0000000 0.0258994 0.0172080
 48 H  48 0.0966039 0.0000000 0.1090345 0.2331376 0.0000000 0.0461280 0.1562160 0.0378390 0.0796512 0.0188705 0.0000000 0.0000000 0.0000000 0.0082231 0.0394533 0.1222137 0.0354213 0.0000000 0.0000000 0.0000000 0.0172080
 49 F  49 0.0000000 0.0000000 0.0000000 0.0000000 0.0000000 0.0000000 0.0000000 0.0000000 0.0000000 0.0000000 0.1502837 0.0000000 0.0187755 0.7838878 0.0000000 0.0000000 0.0000000 0.0000000 0.0000000 0.0000000 0.0470530
 50 E  50 0.0178072 0.1440518 0.0247570 0.0000000 0.0000000 0.3012759 0.0544768 0.0391391 0.0000000 0.0320154 0.0000000 0.1390680 0.0000000 0.0000000 0.0000000 0.1243370 0.0231681 0.0000000 0.0000000 0.0528507 0.0470530
 51 S  51 0.3049368 0.0403129 0.1038269 0.0946836 0.0000000 0.0423007 0.1007393 0.0101694 0.0000000 0.0000000 0.0000000 0.0694938 0.0000000 0.0000000 0.0000000 0.1488087 0.0376750 0.0000000 0.0000000 0.0000000 0.0470530
 52 T  52 0.0537138 0.0205537 0.0482057 0.0230762 0.0000000 0.0276894 0.0146139 0.0129273 0.0430875 0.3360760 0.0188820 0.0000000 0.0000000 0.0000000 0.0000000 0.0663497 0.1005071 0.0000000 0.0321027 0.1723699 0.0298450
 53 C  53 0.0000000 0.0000000 0.0000000 0.0000000 0.9701550 0.0000000 0.0000000 0.0000000 0.0000000 0.0000000 0.0000000 0.0000000 0.0000000 0.0000000 0.0000000 0.0000000 0.0000000 0.0000000 0.0000000 0.0000000 0.0298450
 54 A  54 0.7318668 0.0187599 0.0077910 0.0077626 0.0000000 0.0186371 0.0205537 0.0838920 0.0000000 0.0000000 0.0000000 0.0187000 0.0000000 0.0000000 0.0000000 0.0348564 0.0000000 0.0000000 0.0000000 0.0000000 0.0571806
 55 A  55 0.3131213 0.0246529 0.0248089 0.1173949 0.0000000 0.0278057 0.0896791 0.0163237 0.0000000 0.0000000 0.0162265 0.1401514 0.0205537 0.0000000 0.0000000 0.0768616 0.0565399 0.0000000 0.0000000 0.0187000 0.0571806
 56 I  56 0.0382710 0.0000000 0.0514990 0.0450984 0.0000000 0.0435440 0.0121357 0.0921491 0.0082679 0.2065817 0.0173227 0.0615366 0.0000000 0.0000000 0.0000000 0.1302862 0.0984266 0.0000000 0.0000000 0.1340475 0.0608335
 57 G  57 0.0000000 0.0000000 0.0205537 0.0000000 0.0000000 0.0000000 0.0074944 0.9111185 0.0000000 0.0000000 0.0000000 0.0000000 0.0000000 0.0000000 0.0000000 0.0000000 0.0000000 0.0000000 0.0000000 0.0000000 0.0608335
 58 Q  58 0.0699010 0.0543291 0.0000000 0.0532707 0.0000000 0.3516601 0.0000000 0.0085601 0.0297802 0.0000000 0.1181956 0.1651789 0.0000000 0.0000000 0.0000000 0.0369514 0.0513394 0.0000000 0.0000000 0.0000000 0.0608335
 59 R  59 0.0314435 0.1860574 0.0000000 0.0457167 0.0000000 0.2638536 0.0955626 0.0000000 0.0167384 0.0233470 0.0000000 0.1633417 0.0000000 0.0000000 0.0000000 0.0431415 0.0998092 0.0000000 0.0000000 0.0000000 0.0309885
 60 A  60 0.6402810 0.0000000 0.0233470 0.0000000 0.0000000 0.0000000 0.0000000 0.0000000 0.0000000 0.0000000 0.0298450 0.0000000 0.0000000 0.0000000 0.2480363 0.0275022 0.0000000 0.0000000 0.0000000 0.0000000 0.0309885
 61 R  61 0.0232933 0.3413534 0.0298450 0.0000000 0.0000000 0.1369420 0.0205537 0.0000000 0.0000000 0.0000000 0.1089592 0.1452243 0.0331421 0.0341425 0.0000000 0.0676404 0.0000000 0.0000000 0.0000000 0.0279156 0.0309885
 62 C  62 0.0000000 0.0000000 0.0000000 0.0000000 0.9690115 0.0000000 0.0000000 0.0000000 0.0000000 0.0000000 0.0000000 0.0000000 0.0000000 0.0000000 0.0000000 0.0000000 0.0000000 0.0000000 0.0000000 0.0000000 0.0309885
 63 C  63 0.0248204 0.0000000 0.0000000 0.0000000 0.9441911 0.0000000 0.0000000 0.0000000 0.0000000 0.0000000 0.0000000 0.0000000 0.0000000 0.0000000 0.0000000 0.0000000 0.0000000 0.0000000 0.0000000 0.0000000 0.0309885
 64 V  64 0.1383188 0.0000000 0.0000000 0.0099761 0.0000000 0.0000000 0.0000000 0.0129062 0.0000000 0.0352086 0.0815238 0.0160393 0.0000000 0.0168218 0.0000000 0.0400481 0.1738514 0.0000000 0.0265948 0.4177225 0.0309885
 65 L  65 0.1143081 0.0000000 0.0000000 0.0000000 0.0000000 0.0000000 0.0000000 0.0000000 0.0000000 0.1737513 0.5302090 0.0000000 0.0000000 0.0000000 0.0265948 0.0000000 0.0339447 0.0000000 0.0000000 0.0902037 0.0309885
 66 P  66 0.0322186 0.0000000 0.0105682 0.0187000 0.0000000 0.0000000 0.0297280 0.0880738 0.0000000 0.0000000 0.0000000 0.0000000 0.0000000 0.0000000 0.7483160 0.0235016 0.0000000 0.0000000 0.0000000 0.0179054 0.0309885
 67 I  67 0.1004285 0.0000000 0.0000000 0.0000000 0.0000000 0.0000000 0.0000000 0.0000000 0.0000000 0.2166917 0.1962919 0.0000000 0.0000000 0.0000000 0.0000000 0.0000000 0.0102368 0.0000000 0.0000000 0.4335176 0.0428335
 68 L  68 0.4057230 0.0000000 0.0000000 0.0000000 0.0000000 0.0000000 0.0000000 0.0449729 0.0000000 0.0140235 0.3671352 0.0000000 0.0000000 0.0168218 0.0000000 0.0187755 0.0000000 0.0000000 0.0265948 0.0517337 0.0542196
 69 G  69 0.0143651 0.0128792 0.0464688 0.1401619 0.0000000 0.0000000 0.0316817 0.6217558 0.0000000 0.0000000 0.0000000 0.0082231 0.0000000 0.0000000 0.0000000 0.0416806 0.0168218 0.0000000 0.0000000 0.0000000 0.0659619
 70 Q  70 0.0160633 0.0000000 0.0000000 0.0595275 0.0000000 0.6142772 0.0106786 0.0000000 0.0000000 0.0187755 0.1630315 0.0000000 0.0000000 0.0000000 0.0000000 0.0187000 0.0000000 0.0000000 0.0000000 0.0329845 0.0659619
 71 D  71 0.3979385 0.0000000 0.0000000 0.0795604 0.0000000 0.0265948 0.0128792 0.4093379 0.0000000 0.0000000 0.0000000 0.0000000 0.0000000 0.0000000 0.0000000 0.0080406 0.0000000 0.0000000 0.0000000 0.0000000 0.0656486
 72 I  72 0.0297280 0.0000000 0.0000000 0.0000000 0.0000000 0.0000000 0.0000000 0.0265948 0.0000000 0.1304620 0.3738943 0.0000000 0.0000000 0.0000000 0.0000000 0.0000000 0.0000000 0.0000000 0.0000000 0.3736722 0.0656486
 73 L  73 0.0320555 0.0000000 0.0000000 0.0000000 0.0000000 0.0000000 0.0000000 0.0114629 0.0000000 0.1084715 0.6395060 0.0179054 0.0000000 0.0399077 0.0000000 0.0187000 0.0000000 0.0000000 0.0000000 0.0534633 0.0785278
 74 C  74 0.0000000 0.0000000 0.0000000 0.0000000 0.9214722 0.0000000 0.0000000 0.0000000 0.0000000 0.0000000 0.0000000 0.0000000 0.0000000 0.0000000 0.0000000 0.0000000 0.0000000 0.0000000 0.0000000 0.0000000 0.0785278
 75 Q  75 0.0000000 0.0000000 0.1572092 0.0000000 0.0000000 0.3913208 0.0953007 0.0000000 0.0000000 0.0140235 0.0074325 0.0000000 0.0000000 0.0000000 0.0000000 0.0912836 0.1649018 0.0000000 0.0000000 0.0000000 0.0785278
 76 T  76 0.0507205 0.0327991 0.0591818 0.1695078 0.0000000 0.0000000 0.1117889 0.0060649 0.0000000 0.0123934 0.0000000 0.1071396 0.0102368 0.0000000 0.0759720 0.0599319 0.1885726 0.0000000 0.0000000 0.0105682 0.1051226
 77 P  77 0.2059052 0.0000000 0.0000000 0.0000000 0.0000000 0.0000000 0.0000000 0.0000000 0.0000000 0.0000000 0.0000000 0.0000000 0.0000000 0.0000000 0.5662731 0.0077910 0.0000000 0.0000000 0.0000000 0.0369843 0.1830464
 78 A  78 0.0843197 0.0000000 0.0000000 0.0000000 0.0000000 0.0120721 0.0188820 0.0000000 0.0000000 0.1131040 0.0846168 0.0000000 0.0000000 0.0000000 0.0691357 0.0125423 0.0164052 0.0000000 0.0000000 0.2596090 0.3293132
 79 G  79 0.0000000 0.0000000 0.0000000 0.0146139 0.0000000 0.0000000 0.0000000 0.5082405 0.0000000 0.0000000 0.0000000 0.0000000 0.0000000 0.0000000 0.0000000 0.0000000 0.0000000 0.0000000 0.0000000 0.0000000 0.4771457
 80 L  80 0.0000000 0.0000000 0.0000000 0.0000000 0.0000000 0.0000000 0.0000000 0.0000000 0.0000000 0.0642955 0.0501698 0.0000000 0.0159921 0.0000000 0.0000000 0.0000000 0.0000000 0.0000000 0.0000000 0.1661296 0.7034129
