   80         A         R         N         D         C         Q         E         G         H         I         L         K         M         F         P         S         T         W         Y         V    
  1 S   1 0.6927008 0.0000000 0.0000000 0.0000000 0.0000000 0.0000000 0.0000000 0.0000000 0.0000000 0.0000000 0.0000000 0.0000000 0.0000000 0.0000000 0.0000000 0.2577714 0.0495278 0.0000000 0.0000000 0.0000000
  2 P   2 0.2298091 0.0000000 0.0000000 0.0585801 0.0000000 0.0000000 0.0000000 0.0000000 0.0000000 0.0000000 0.0000000 0.0305679 0.0000000 0.0000000 0.5709849 0.0484615 0.0000000 0.0000000 0.0000000 0.0615964
  3 A   3 0.3616105 0.0000000 0.0268615 0.0000000 0.0000000 0.0000000 0.0851267 0.0000000 0.0000000 0.0000000 0.0684622 0.0000000 0.0000000 0.0000000 0.0000000 0.1357647 0.2245713 0.0000000 0.0000000 0.0976031
  4 A   4 0.1353535 0.0000000 0.0000000 0.0000000 0.0000000 0.0000000 0.0458614 0.0928251 0.0000000 0.1043140 0.0671686 0.0000000 0.0000000 0.0000000 0.0000000 0.1505714 0.2505455 0.0000000 0.0000000 0.1533604
  5 M   5 0.0331253 0.0000000 0.0879544 0.0183772 0.0000000 0.0151698 0.1499342 0.0239170 0.0490202 0.0388589 0.2037029 0.0202073 0.0147998 0.0000000 0.0380891 0.1075482 0.0000000 0.0000000 0.0000000 0.1992956
  6 E   6 0.1425902 0.1606700 0.0385040 0.0379902 0.0000000 0.0000000 0.2565390 0.0000000 0.0187708 0.0000000 0.0000000 0.0357083 0.0000000 0.0000000 0.1256066 0.0755891 0.1080317 0.0000000 0.0000000 0.0000000
  7 R   7 0.0487446 0.3563090 0.1193904 0.0172119 0.0000000 0.0187204 0.0401044 0.0377065 0.0494441 0.0184230 0.0662993 0.0411887 0.0000000 0.0000000 0.0227993 0.0549845 0.0739479 0.0000000 0.0347260 0.0000000
  8 Q   8 0.1159953 0.3038181 0.0000000 0.0273209 0.0000000 0.1852681 0.0000000 0.2323489 0.0000000 0.0000000 0.0000000 0.0000000 0.0000000 0.0000000 0.0187204 0.0525236 0.0640048 0.0000000 0.0000000 0.0000000
  9 V   9 0.1467923 0.0000000 0.0636832 0.1669350 0.0000000 0.0710486 0.0316268 0.0941608 0.0000000 0.0000000 0.0000000 0.0000000 0.0000000 0.0000000 0.0000000 0.1296213 0.0972226 0.0000000 0.1050919 0.0938178
 10 P  10 0.0706771 0.0231942 0.0000000 0.1065223 0.0000000 0.0241753 0.0479676 0.0802817 0.0000000 0.0243993 0.0299531 0.0310124 0.0000000 0.0294938 0.2674588 0.1143072 0.0730039 0.0000000 0.0272147 0.0503385
 11 Y  11 0.1133566 0.0273777 0.0587194 0.0212000 0.0000000 0.0000000 0.0000000 0.0246519 0.0235770 0.0582780 0.0746928 0.0000000 0.0000000 0.0899331 0.0172759 0.0577932 0.0000000 0.0000000 0.2670821 0.1660623
 12 T  12 0.0153992 0.0000000 0.0183424 0.0601053 0.3649835 0.0224309 0.0279918 0.0429578 0.0000000 0.1408988 0.0759377 0.0197011 0.0000000 0.0000000 0.0000000 0.0000000 0.1075387 0.0134293 0.0000000 0.0902834
 13 P  13 0.0931700 0.0000000 0.0000000 0.0000000 0.3078136 0.0000000 0.0000000 0.0000000 0.0000000 0.0000000 0.0346383 0.0000000 0.0000000 0.0000000 0.5255326 0.0000000 0.0000000 0.0000000 0.0000000 0.0388455
 14 C  14 0.0187013 0.0000000 0.0000000 0.0236387 0.4874311 0.0000000 0.0129444 0.0231245 0.0000000 0.0000000 0.0000000 0.0000000 0.0000000 0.0000000 0.2800578 0.1224455 0.0316567 0.0000000 0.0000000 0.0000000
 15 S  15 0.0861142 0.0000000 0.0633913 0.0258906 0.0000000 0.0204293 0.0079708 0.2029276 0.0000000 0.0000000 0.0000000 0.0000000 0.0000000 0.0000000 0.0561087 0.3526256 0.1845419 0.0000000 0.0000000 0.0000000
 16 G  16 0.0808842 0.0000000 0.0000000 0.0000000 0.0000000 0.0000000 0.0000000 0.6908443 0.0000000 0.0323390 0.0938324 0.0000000 0.0000000 0.0000000 0.0185594 0.0638665 0.0196743 0.0000000 0.0000000 0.0000000
 17 L  17 0.0539768 0.0000000 0.0138608 0.0000000 0.0000000 0.0000000 0.0000000 0.0626858 0.0000000 0.0258776 0.7810890 0.0000000 0.0000000 0.0000000 0.0421348 0.0000000 0.0203753 0.0000000 0.0000000 0.0000000
 18 Y  18 0.0071386 0.0000000 0.0312003 0.0000000 0.0000000 0.0571469 0.0199051 0.0000000 0.0438278 0.0500294 0.0333285 0.0000000 0.0000000 0.0726208 0.0000000 0.0358442 0.0330749 0.0000000 0.5668970 0.0489867
 19 G  19 0.0998163 0.0000000 0.0373255 0.0515023 0.0000000 0.0000000 0.0000000 0.2319926 0.0000000 0.0000000 0.0000000 0.0136551 0.0118306 0.0000000 0.0000000 0.4189868 0.1119420 0.0000000 0.0229487 0.0000000
 20 T  20 0.0000000 0.0000000 0.4060080 0.0000000 0.0000000 0.0209884 0.0087752 0.0000000 0.0000000 0.0000000 0.0000000 0.0189808 0.0000000 0.0000000 0.0000000 0.2527472 0.2490239 0.0000000 0.0000000 0.0434764
 21 A  21 0.1678454 0.0000000 0.0000000 0.0000000 0.0000000 0.0000000 0.0000000 0.0000000 0.0000000 0.0000000 0.0072851 0.0000000 0.0176949 0.0000000 0.7643168 0.0324508 0.0000000 0.0000000 0.0000000 0.0104069
 22 Q  22 0.0000000 0.0130798 0.0222287 0.0000000 0.0000000 0.5856704 0.0334600 0.0000000 0.0000000 0.0140880 0.1592474 0.0443319 0.0457147 0.0000000 0.0000000 0.0000000 0.0000000 0.0000000 0.0000000 0.0821790
 23 C  23 0.0000000 0.0000000 0.0000000 0.0000000 0.9886846 0.0000000 0.0000000 0.0000000 0.0000000 0.0000000 0.0000000 0.0000000 0.0000000 0.0000000 0.0000000 0.0113154 0.0000000 0.0000000 0.0000000 0.0000000
 24 C  24 0.0000000 0.0000000 0.0000000 0.0000000 0.9720137 0.0000000 0.0000000 0.0000000 0.0000000 0.0000000 0.0000000 0.0000000 0.0000000 0.0000000 0.0000000 0.0279863 0.0000000 0.0000000 0.0000000 0.0000000
 25 A  25 0.4462689 0.0000000 0.0132267 0.1241820 0.0000000 0.1002629 0.0000000 0.0734140 0.0000000 0.0000000 0.0000000 0.0000000 0.0000000 0.0000000 0.0188379 0.2109291 0.0000000 0.0000000 0.0000000 0.0128786
 26 T  26 0.0920702 0.0000000 0.0000000 0.0287528 0.0000000 0.0000000 0.0000000 0.0000000 0.0000000 0.0136762 0.0502933 0.0000000 0.0000000 0.0000000 0.0000000 0.0283666 0.5637072 0.0000000 0.0000000 0.2231337
 27 D  27 0.0119641 0.0000000 0.1745584 0.5765689 0.0000000 0.0147981 0.0000000 0.0741650 0.0000000 0.0000000 0.0241771 0.0000000 0.0000000 0.0173259 0.0000000 0.0786384 0.0166676 0.0000000 0.0000000 0.0111365
 28 V  28 0.0166922 0.0000000 0.0000000 0.0000000 0.0000000 0.0000000 0.0000000 0.0000000 0.0000000 0.1651805 0.0940118 0.0000000 0.0000000 0.0000000 0.0000000 0.0000000 0.0000000 0.0000000 0.0000000 0.7241155
 29 L  29 0.0687726 0.0000000 0.0000000 0.0334600 0.0000000 0.0000000 0.0000000 0.0000000 0.0000000 0.0111365 0.8411306 0.0000000 0.0000000 0.0128786 0.0000000 0.0000000 0.0000000 0.0000000 0.0000000 0.0326216
 30 G  30 0.0000000 0.0000000 0.0258798 0.0866467 0.0000000 0.0080450 0.0208304 0.8585982 0.0000000 0.0000000 0.0000000 0.0000000 0.0000000 0.0000000 0.0000000 0.0000000 0.0000000 0.0000000 0.0000000 0.0000000
 31 V  31 0.0482326 0.0000000 0.0000000 0.0000000 0.0000000 0.0000000 0.0000000 0.0000000 0.0000000 0.1110094 0.2753099 0.0000000 0.0000000 0.0000000 0.0000000 0.0000000 0.0000000 0.0000000 0.0000000 0.5654481
 32 A  32 0.6005857 0.0000000 0.0000000 0.0000000 0.0000000 0.0000000 0.0188379 0.0000000 0.0000000 0.1054073 0.1962091 0.0000000 0.0000000 0.0000000 0.0000000 0.0000000 0.0000000 0.0000000 0.0000000 0.0789600
 33 D  33 0.0859362 0.0000000 0.1546582 0.3230423 0.0420743 0.0000000 0.0198103 0.1317623 0.0000000 0.0000000 0.0000000 0.0000000 0.0000000 0.0175990 0.0000000 0.1441477 0.0181157 0.0000000 0.0427351 0.0201188
 34 L  34 0.0000000 0.0000000 0.0000000 0.0000000 0.0000000 0.0295462 0.0000000 0.0326216 0.0000000 0.0080017 0.8595696 0.0000000 0.0000000 0.0000000 0.0000000 0.0287528 0.0000000 0.0000000 0.0000000 0.0415081
 35 D  35 0.0155722 0.0000000 0.1723859 0.6306826 0.0000000 0.0000000 0.0265454 0.0126954 0.0000000 0.0287528 0.0000000 0.0000000 0.0000000 0.0000000 0.0430300 0.0109698 0.0593659 0.0000000 0.0000000 0.0000000
 36 C  36 0.0279863 0.0000000 0.0000000 0.0000000 0.9579257 0.0000000 0.0000000 0.0140880 0.0000000 0.0000000 0.0000000 0.0000000 0.0000000 0.0000000 0.0000000 0.0000000 0.0000000 0.0000000 0.0000000 0.0000000
 37 A  37 0.2155118 0.0567322 0.0454450 0.0544047 0.0000000 0.0678490 0.1349892 0.0858476 0.0263066 0.0066782 0.0000000 0.1044031 0.0000000 0.0000000 0.0000000 0.0807559 0.0241675 0.0000000 0.0000000 0.0969091
 38 N  38 0.1538320 0.0000000 0.1509046 0.0287528 0.0000000 0.0186334 0.0103245 0.0568748 0.0000000 0.0222287 0.0000000 0.0000000 0.0000000 0.0000000 0.1119701 0.1353253 0.2118223 0.0000000 0.0000000 0.0993312
 39 P  39 0.0000000 0.0000000 0.0000000 0.0000000 0.0000000 0.0000000 0.0000000 0.0000000 0.0000000 0.0000000 0.0148998 0.0000000 0.0000000 0.0000000 0.8925513 0.0000000 0.0000000 0.0000000 0.0000000 0.0925490
 40 P  40 0.0676328 0.0520597 0.0000000 0.0000000 0.0000000 0.0000000 0.0000000 0.0585967 0.0087254 0.0000000 0.0000000 0.0640999 0.0000000 0.0000000 0.2759699 0.2970866 0.1521524 0.0000000 0.0087539 0.0149229
 41 A  41 0.1060712 0.0922576 0.0000000 0.0195703 0.0000000 0.0542936 0.1413902 0.1101005 0.0000000 0.0321213 0.0000000 0.1008614 0.0000000 0.0084078 0.0178440 0.1841025 0.0753509 0.0000000 0.0000000 0.0576288
 42 T  42 0.2041259 0.0311198 0.0149227 0.0896395 0.0000000 0.0531186 0.0137646 0.0189184 0.0000000 0.0157034 0.0423766 0.0457321 0.0000000 0.0000000 0.0571629 0.0424652 0.2724955 0.0000000 0.0000000 0.0984549
 43 L  43 0.0000000 0.0000000 0.0000000 0.0000000 0.0000000 0.0000000 0.0000000 0.0192644 0.0000000 0.0695279 0.0447769 0.0000000 0.0000000 0.0144130 0.5747026 0.0252666 0.0277662 0.0000000 0.0233211 0.2009613
 44 A  44 0.0555233 0.1128529 0.0686551 0.0402712 0.0184334 0.0067344 0.0304494 0.0000000 0.0248739 0.0168080 0.0314583 0.0084769 0.0086263 0.0206373 0.0154232 0.1470980 0.3052473 0.0000000 0.0537222 0.0347090
 45 N  45 0.0246392 0.0101140 0.1265246 0.3459479 0.0000000 0.0000000 0.0000000 0.0000000 0.0184334 0.0000000 0.0000000 0.0100777 0.0000000 0.0000000 0.0000000 0.2913926 0.1463020 0.0000000 0.0000000 0.0265686
 46 A  46 0.3368663 0.0243958 0.0000000 0.0000000 0.0316277 0.0000000 0.0000000 0.2726817 0.0000000 0.0432085 0.0812143 0.0269220 0.0000000 0.0084078 0.0316064 0.0499646 0.0136166 0.0000000 0.0000000 0.0794882
 47 T  47 0.2100589 0.0115784 0.1245259 0.1161968 0.0000000 0.0640467 0.1185041 0.0000000 0.0101140 0.0000000 0.0129870 0.1005370 0.0177472 0.0000000 0.0242726 0.0936486 0.0673591 0.0000000 0.0000000 0.0284237
 48 H  48 0.0814775 0.0000000 0.1178775 0.2496180 0.0000000 0.0511325 0.1397593 0.0395780 0.0854360 0.0203906 0.0000000 0.0000000 0.0000000 0.0087422 0.0430950 0.1243292 0.0385642 0.0000000 0.0000000 0.0000000
 49 F  49 0.0000000 0.0000000 0.0000000 0.0000000 0.0000000 0.0000000 0.0000000 0.0000000 0.0000000 0.0000000 0.1633526 0.0000000 0.0206693 0.8159781 0.0000000 0.0000000 0.0000000 0.0000000 0.0000000 0.0000000
 50 E  50 0.0142012 0.1596650 0.0253203 0.0000000 0.0000000 0.2946706 0.0572439 0.0395973 0.0000000 0.0306894 0.0000000 0.1543377 0.0000000 0.0000000 0.0000000 0.1397867 0.0255864 0.0000000 0.0000000 0.0589015
 51 S  51 0.3027029 0.0398024 0.1092355 0.0964754 0.0000000 0.0431590 0.1116931 0.0115366 0.0000000 0.0000000 0.0000000 0.0778519 0.0000000 0.0000000 0.0000000 0.1657123 0.0418309 0.0000000 0.0000000 0.0000000
 52 T  52 0.0508555 0.0226426 0.0437360 0.0215751 0.0000000 0.0285288 0.0176485 0.0119962 0.0421966 0.3660632 0.0212182 0.0000000 0.0000000 0.0000000 0.0000000 0.0703612 0.0794264 0.0000000 0.0339810 0.1897708
 53 C  53 0.0000000 0.0000000 0.0000000 0.0000000 1.0000000 0.0000000 0.0000000 0.0000000 0.0000000 0.0000000 0.0000000 0.0000000 0.0000000 0.0000000 0.0000000 0.0000000 0.0000000 0.0000000 0.0000000 0.0000000
 54 A  54 0.7692522 0.0210031 0.0089736 0.0088182 0.0000000 0.0191500 0.0233185 0.0883331 0.0000000 0.0000000 0.0000000 0.0197615 0.0000000 0.0000000 0.0000000 0.0413898 0.0000000 0.0000000 0.0000000 0.0000000
 55 A  55 0.3371979 0.0276384 0.0259797 0.1023651 0.0000000 0.0253782 0.0984097 0.0190039 0.0000000 0.0000000 0.0163357 0.1543881 0.0233185 0.0000000 0.0000000 0.0864616 0.0637619 0.0000000 0.0000000 0.0197615
 56 I  56 0.0427361 0.0000000 0.0542650 0.0442579 0.0000000 0.0475774 0.0127872 0.0999003 0.0086531 0.2246778 0.0191547 0.0682166 0.0000000 0.0000000 0.0000000 0.1351446 0.1045345 0.0000000 0.0000000 0.1380949
 57 G  57 0.0000000 0.0000000 0.0227401 0.0000000 0.0000000 0.0000000 0.0087281 0.9685318 0.0000000 0.0000000 0.0000000 0.0000000 0.0000000 0.0000000 0.0000000 0.0000000 0.0000000 0.0000000 0.0000000 0.0000000
 58 Q  58 0.0699416 0.0602369 0.0000000 0.0569996 0.0000000 0.3751724 0.0000000 0.0085294 0.0315106 0.0000000 0.1231714 0.1849616 0.0000000 0.0000000 0.0000000 0.0403051 0.0491713 0.0000000 0.0000000 0.0000000
 59 R  59 0.0346932 0.2061451 0.0000000 0.0484889 0.0000000 0.2704858 0.0954469 0.0000000 0.0179592 0.0239416 0.0000000 0.1607450 0.0000000 0.0000000 0.0000000 0.0475589 0.0945354 0.0000000 0.0000000 0.0000000
 60 A  60 0.6670328 0.0000000 0.0239416 0.0000000 0.0000000 0.0000000 0.0000000 0.0000000 0.0000000 0.0000000 0.0183567 0.0000000 0.0000000 0.0000000 0.2614432 0.0292256 0.0000000 0.0000000 0.0000000 0.0000000
 61 R  61 0.0227138 0.3662070 0.0183567 0.0000000 0.0000000 0.1331301 0.0223227 0.0000000 0.0000000 0.0000000 0.1088899 0.1529462 0.0351123 0.0373141 0.0000000 0.0720658 0.0000000 0.0000000 0.0000000 0.0309413
 62 C  62 0.0000000 0.0000000 0.0000000 0.0000000 1.0000000 0.0000000 0.0000000 0.0000000 0.0000000 0.0000000 0.0000000 0.0000000 0.0000000 0.0000000 0.0000000 0.0000000 0.0000000 0.0000000 0.0000000 0.0000000
 63 C  63 0.0281046 0.0000000 0.0000000 0.0000000 0.9718954 0.0000000 0.0000000 0.0000000 0.0000000 0.0000000 0.0000000 0.0000000 0.0000000 0.0000000 0.0000000 0.0000000 0.0000000 0.0000000 0.0000000 0.0000000
 64 V  64 0.1448641 0.0000000 0.0000000 0.0102077 0.0000000 0.0000000 0.0000000 0.0141627 0.0000000 0.0358160 0.0795690 0.0167380 0.0000000 0.0185968 0.0000000 0.0446106 0.1755800 0.0000000 0.0288743 0.4309809
 65 L  65 0.1144375 0.0000000 0.0000000 0.0000000 0.0000000 0.0000000 0.0000000 0.0000000 0.0000000 0.1818891 0.5429770 0.0000000 0.0000000 0.0000000 0.0288743 0.0000000 0.0366321 0.0000000 0.0000000 0.0951900
 66 P  66 0.0334077 0.0000000 0.0115079 0.0189175 0.0000000 0.0000000 0.0327594 0.0814763 0.0000000 0.0000000 0.0000000 0.0000000 0.0000000 0.0000000 0.7762669 0.0257702 0.0000000 0.0000000 0.0000000 0.0198940
 67 I  67 0.1034564 0.0000000 0.0000000 0.0000000 0.0000000 0.0000000 0.0000000 0.0000000 0.0000000 0.2316834 0.1963951 0.0000000 0.0000000 0.0000000 0.0000000 0.0000000 0.0111977 0.0000000 0.0000000 0.4572673
 68 L  68 0.4360248 0.0000000 0.0000000 0.0000000 0.0000000 0.0000000 0.0000000 0.0456446 0.0000000 0.0144005 0.3904262 0.0000000 0.0000000 0.0189293 0.0000000 0.0205651 0.0000000 0.0000000 0.0293905 0.0446190
 69 G  69 0.0139090 0.0118270 0.0529562 0.1572329 0.0000000 0.0000000 0.0352512 0.6604877 0.0000000 0.0000000 0.0000000 0.0089300 0.0000000 0.0000000 0.0000000 0.0403305 0.0190755 0.0000000 0.0000000 0.0000000
 70 Q  70 0.0171942 0.0000000 0.0000000 0.0611787 0.0000000 0.6594096 0.0114449 0.0000000 0.0000000 0.0207239 0.1738568 0.0000000 0.0000000 0.0000000 0.0000000 0.0194045 0.0000000 0.0000000 0.0000000 0.0367874
 71 D  71 0.4378985 0.0000000 0.0000000 0.0789460 0.0000000 0.0295273 0.0117909 0.4326574 0.0000000 0.0000000 0.0000000 0.0000000 0.0000000 0.0000000 0.0000000 0.0091798 0.0000000 0.0000000 0.0000000 0.0000000
 72 I  72 0.0335003 0.0000000 0.0000000 0.0000000 0.0000000 0.0000000 0.0000000 0.0295273 0.0000000 0.1482363 0.3983231 0.0000000 0.0000000 0.0000000 0.0000000 0.0000000 0.0000000 0.0000000 0.0000000 0.3904130
 73 L  73 0.0357348 0.0000000 0.0000000 0.0000000 0.0000000 0.0000000 0.0000000 0.0129224 0.0000000 0.1026587 0.7084043 0.0205867 0.0000000 0.0417262 0.0000000 0.0195761 0.0000000 0.0000000 0.0000000 0.0583908
 74 C  74 0.0000000 0.0000000 0.0000000 0.0000000 1.0000000 0.0000000 0.0000000 0.0000000 0.0000000 0.0000000 0.0000000 0.0000000 0.0000000 0.0000000 0.0000000 0.0000000 0.0000000 0.0000000 0.0000000 0.0000000
 75 Q  75 0.0000000 0.0000000 0.1656487 0.0000000 0.0000000 0.4323729 0.1053526 0.0000000 0.0000000 0.0146401 0.0083414 0.0000000 0.0000000 0.0000000 0.0000000 0.0938464 0.1797979 0.0000000 0.0000000 0.0000000
 76 T  76 0.0552757 0.0366422 0.0667942 0.1901002 0.0000000 0.0000000 0.1106461 0.0067733 0.0000000 0.0137955 0.0000000 0.1264449 0.0118663 0.0000000 0.0887968 0.0683411 0.2122483 0.0000000 0.0000000 0.0122754
 77 P  77 0.2507918 0.0000000 0.0000000 0.0000000 0.0000000 0.0000000 0.0000000 0.0000000 0.0000000 0.0000000 0.0000000 0.0000000 0.0000000 0.0000000 0.6939609 0.0098473 0.0000000 0.0000000 0.0000000 0.0454001
 78 A  78 0.1301856 0.0000000 0.0000000 0.0000000 0.0000000 0.0181232 0.0288623 0.0000000 0.0000000 0.1670916 0.1270984 0.0000000 0.0000000 0.0000000 0.0896952 0.0195760 0.0253873 0.0000000 0.0000000 0.3939803
 79 G  79 0.0000000 0.0000000 0.0000000 0.0306079 0.0000000 0.0000000 0.0000000 0.9693921 0.0000000 0.0000000 0.0000000 0.0000000 0.0000000 0.0000000 0.0000000 0.0000000 0.0000000 0.0000000 0.0000000 0.0000000
 80 L  80 0.0000000 0.0000000 0.0000000 0.0000000 0.0000000 0.0000000 0.0000000 0.0000000 0.0000000 0.2241063 0.1453946 0.0000000 0.0553965 0.0000000 0.0000000 0.0000000 0.0000000 0.0000000 0.0000000 0.5751026
