  125         A         R         N         D         C         Q         E         G         H         I         L         K         M         F         P         S         T         W         Y         V    
  1 M   1 0.0000000 0.0000000 0.0000000 0.0000000 0.0000000 0.0000000 0.0000000 0.0000000 0.0000000 0.1008401 0.1508591 0.0000000 0.4177534 0.0000000 0.0000000 0.0000000 0.0000000 0.0000000 0.0000000 0.3305474
  2 R   2 0.0000000 0.1910169 0.0000000 0.0000000 0.0000000 0.1791322 0.0864396 0.0000000 0.0000000 0.0000000 0.0000000 0.4404701 0.0000000 0.0000000 0.0291219 0.0738193 0.0000000 0.0000000 0.0000000 0.0000000
  3 T   3 0.1267364 0.1577712 0.0000000 0.0000000 0.0000000 0.0707796 0.0428053 0.0000000 0.0000000 0.0000000 0.0398036 0.0324409 0.0269826 0.0000000 0.0878336 0.1131421 0.2890658 0.0000000 0.0000000 0.0126389
  4 Q   4 0.0124446 0.0190383 0.0258123 0.0969868 0.0000000 0.2585519 0.1553050 0.0000000 0.0000000 0.0000000 0.0203682 0.0978037 0.0175818 0.0000000 0.0959085 0.1545323 0.0234976 0.0000000 0.0000000 0.0221690
  5 Q   5 0.0088066 0.0590862 0.1935595 0.0465745 0.0000000 0.2263058 0.0940589 0.0226479 0.0158431 0.0000000 0.0000000 0.1885897 0.0000000 0.0000000 0.0000000 0.0292609 0.0254513 0.0000000 0.0100643 0.0797511
  6 K   6 0.0182617 0.1019162 0.0796602 0.0630188 0.0000000 0.0262194 0.2784872 0.0135947 0.0180194 0.0084414 0.0241928 0.1451123 0.0000000 0.0185185 0.0526583 0.0878112 0.0288828 0.0147591 0.0130779 0.0073681
  7 R   7 0.0896298 0.1583566 0.0503838 0.0212667 0.0000000 0.0807252 0.0536828 0.0051322 0.0000000 0.0178231 0.0457032 0.0882712 0.0074901 0.0000000 0.1393638 0.1210979 0.0627383 0.0000000 0.0000000 0.0583352
  8 D   8 0.0860576 0.0090128 0.0445506 0.1317946 0.0000000 0.0064469 0.1328887 0.0063961 0.0089904 0.0102280 0.0997869 0.0291364 0.0043766 0.0064613 0.1867028 0.1188401 0.0488846 0.0000000 0.0057408 0.0637049
  9 T   9 0.0879791 0.0537847 0.0633923 0.0699786 0.0000000 0.0304128 0.0867043 0.0626581 0.0000000 0.0216042 0.0132651 0.1050350 0.0082261 0.0081230 0.1335386 0.1506621 0.0802214 0.0000000 0.0000000 0.0244148
 10 K  10 0.0349920 0.0251201 0.0405473 0.0158756 0.0000000 0.0913474 0.0605566 0.1056053 0.0145778 0.0250916 0.0326706 0.2168755 0.0000000 0.0050003 0.0770299 0.0704184 0.1105108 0.0187363 0.0000000 0.0550443
 11 F  11 0.0298634 0.0593707 0.0324979 0.0576873 0.0000000 0.0588778 0.0448099 0.0468692 0.0156920 0.0846472 0.0465442 0.0290425 0.0617562 0.0783997 0.1110877 0.0617129 0.0215204 0.0124707 0.1151265 0.0320239
 12 R  12 0.0429428 0.2064523 0.0147568 0.0070297 0.0000000 0.0276840 0.0381761 0.0000000 0.0097249 0.0090434 0.0000000 0.0754405 0.0135066 0.0000000 0.2579577 0.0555266 0.0228810 0.1813994 0.0296367 0.0078416
 13 E  13 0.0863465 0.1278766 0.0123096 0.0624922 0.0000000 0.0259523 0.0732621 0.0699417 0.0191590 0.0366109 0.0269248 0.1537196 0.0185695 0.0069939 0.0414126 0.1225565 0.0668908 0.0000000 0.0000000 0.0489815
 14 D  14 0.0544062 0.0079638 0.1025885 0.2973331 0.0000000 0.0356360 0.1342498 0.0539930 0.0237649 0.0247910 0.0043009 0.0134284 0.0062833 0.0389843 0.0417611 0.0435962 0.0656815 0.0000000 0.0099679 0.0412703
 15 C  15 0.0397180 0.0054976 0.0636429 0.0626541 0.6557771 0.0061167 0.0264252 0.0323308 0.0000000 0.0040593 0.0196343 0.0000000 0.0031408 0.0039617 0.0139810 0.0000000 0.0447853 0.0000000 0.0182750 0.0000000
 16 P  16 0.0165462 0.0405677 0.0000000 0.0096072 0.0000000 0.0000000 0.0085846 0.0823463 0.0000000 0.0000000 0.0068238 0.0474366 0.0000000 0.0000000 0.7317061 0.0437143 0.0126670 0.0000000 0.0000000 0.0000000
 17 P  17 0.0441353 0.0000000 0.0194932 0.0000000 0.0000000 0.0327324 0.0391117 0.0747055 0.0000000 0.0033449 0.2057150 0.0053197 0.0000000 0.0199862 0.4705009 0.0060642 0.0135142 0.0000000 0.0000000 0.0653770
 18 D  18 0.0259102 0.0030726 0.0894863 0.4707100 0.0058894 0.0111850 0.0316186 0.0165729 0.0650286 0.0045375 0.0000000 0.0035266 0.0000000 0.0151193 0.0000000 0.1108909 0.1370260 0.0000000 0.0038309 0.0055950
 19 R  19 0.0086335 0.1694978 0.0029893 0.0000000 0.0000000 0.0000000 0.0081672 0.0130976 0.0000000 0.0043257 0.0707496 0.2900719 0.0000000 0.0407471 0.1119589 0.0351600 0.0723213 0.0000000 0.0146384 0.1576419
 20 E  20 0.1041404 0.2282160 0.0223932 0.0518457 0.0103480 0.0266128 0.2886276 0.0208497 0.0040184 0.0141569 0.0164370 0.0682511 0.0063228 0.0041301 0.0000000 0.0715754 0.0215325 0.0029870 0.0028571 0.0346980
 21 E  21 0.0204938 0.0400633 0.0144893 0.0314519 0.0000000 0.0647899 0.3774467 0.2369347 0.0051264 0.0231551 0.0116867 0.0138506 0.0000000 0.0137788 0.0000000 0.0299487 0.0505672 0.0129347 0.0000000 0.0532821
 22 L  22 0.0000000 0.0000000 0.0000000 0.0000000 0.0000000 0.0000000 0.0000000 0.0000000 0.0000000 0.0561582 0.4960372 0.0000000 0.0000000 0.1290248 0.0000000 0.0000000 0.0000000 0.1329016 0.1545338 0.0313444
 23 G  23 0.0000000 0.0156640 0.0159798 0.0000000 0.0000000 0.0000000 0.0000000 0.7113063 0.0000000 0.0000000 0.0000000 0.0000000 0.0000000 0.0000000 0.1042550 0.0620598 0.0907351 0.0000000 0.0000000 0.0000000
 24 R  24 0.0136811 0.3978835 0.0649379 0.0000000 0.2916412 0.0086844 0.0032686 0.0032767 0.0133368 0.0119601 0.0000000 0.0280301 0.0042854 0.0070735 0.1100966 0.0258866 0.0028042 0.0000000 0.0034120 0.0097413
 25 H  25 0.3148416 0.0053788 0.0260562 0.0015620 0.0203861 0.0048323 0.0000000 0.2017541 0.0539610 0.0000000 0.0068750 0.0137131 0.0000000 0.0033643 0.0168184 0.3050218 0.0043841 0.0000000 0.0112154 0.0098358
 26 S  26 0.0370249 0.0000000 0.0000000 0.0000000 0.0000000 0.0354508 0.0000000 0.0850474 0.0000000 0.0027396 0.2817269 0.0000000 0.0313786 0.0243789 0.0000000 0.1478130 0.2959686 0.0000000 0.0339910 0.0244803
 27 W  27 0.0000000 0.0000000 0.0000000 0.0000000 0.0000000 0.0000000 0.0000000 0.0000000 0.0000000 0.0000000 0.0000000 0.0000000 0.0000000 0.0000000 0.0000000 0.0000000 0.0000000 1.0000000 0.0000000 0.0000000
 28 A  28 0.0477521 0.0655466 0.0456471 0.0050362 0.0000000 0.0219757 0.0000000 0.0356953 0.0264876 0.0331845 0.0664727 0.1169713 0.0363341 0.0472700 0.0044177 0.0629122 0.3267362 0.0000000 0.0293927 0.0281680
 29 V  29 0.0102444 0.0000000 0.0000000 0.0000000 0.0000000 0.0000000 0.0000000 0.0000000 0.0127201 0.0378005 0.5146469 0.0000000 0.0273445 0.2354946 0.0000000 0.0165180 0.0504656 0.0000000 0.0421868 0.0525786
 30 L  30 0.0044074 0.0000000 0.0027227 0.0000000 0.0104963 0.0000000 0.0000000 0.0000000 0.0000000 0.0511071 0.5702109 0.0000000 0.0293169 0.3074956 0.0000000 0.0024857 0.0000000 0.0000000 0.0130227 0.0087346
 31 H  31 0.0000000 0.0047168 0.0000000 0.0000000 0.0000000 0.0000000 0.0000000 0.0000000 0.9595600 0.0000000 0.0000000 0.0000000 0.0000000 0.0000000 0.0000000 0.0000000 0.0000000 0.0288807 0.0068426 0.0000000
 32 T  32 0.0617159 0.0033282 0.0000000 0.0000000 0.0041463 0.0000000 0.0000000 0.0121478 0.0112760 0.0090593 0.0365371 0.0000000 0.0393643 0.0358896 0.0000000 0.2110877 0.4818754 0.0134271 0.0513733 0.0287722
 33 L  33 0.0410943 0.0031075 0.0000000 0.0000000 0.0000000 0.0000000 0.0000000 0.0083238 0.0100361 0.1633773 0.3191041 0.0000000 0.2447902 0.0375336 0.0038092 0.0363221 0.0287868 0.0000000 0.0235803 0.0801348
 34 A  34 0.5167869 0.0000000 0.0000000 0.0000000 0.0000000 0.0000000 0.0000000 0.0329417 0.0000000 0.0000000 0.0471136 0.0000000 0.0319077 0.0071801 0.0000000 0.1164082 0.2369305 0.0000000 0.0000000 0.0107313
 35 A  35 0.5593205 0.0030256 0.0064301 0.0155472 0.0000000 0.0078879 0.0160843 0.0058859 0.0129740 0.0289994 0.0401754 0.0000000 0.0044648 0.0257653 0.0077806 0.0490410 0.0021650 0.0000000 0.0000000 0.2144527
 36 Y  36 0.0163623 0.1733912 0.0979312 0.0019448 0.0000000 0.1420824 0.0382320 0.0619818 0.0032458 0.0051021 0.0182890 0.0467615 0.0000000 0.0230802 0.0000000 0.0495906 0.0892532 0.0038125 0.1960482 0.0328912
 37 Y  37 0.1147133 0.0053360 0.0063024 0.0024040 0.0082731 0.0240120 0.0027280 0.0018435 0.0227840 0.0396675 0.0207152 0.0060987 0.0056286 0.1575062 0.0038998 0.0226686 0.0000000 0.0057956 0.4862406 0.0633831
 38 P  38 0.0834651 0.0048103 0.0272141 0.0296197 0.0026033 0.0135100 0.0224834 0.0232831 0.0000000 0.0051970 0.0029129 0.0276872 0.0057479 0.0042522 0.6409152 0.0731068 0.0158562 0.0000000 0.0071925 0.0101431
 39 D  39 0.0388250 0.0187305 0.0353164 0.2763338 0.0049220 0.0243872 0.2968839 0.0107301 0.0077979 0.0290417 0.0333313 0.0379411 0.0076257 0.0013972 0.0244179 0.0221108 0.0457653 0.0046621 0.0214541 0.0583260
 40 L  40 0.0392035 0.0750390 0.1777134 0.0600510 0.0017098 0.0489476 0.0969141 0.0266167 0.0534093 0.0091522 0.0173090 0.2203624 0.0038078 0.0095274 0.0167973 0.0599237 0.0648987 0.0000000 0.0072883 0.0113288
 41 P  41 0.0467364 0.0012908 0.0198433 0.0082581 0.0000000 0.0136216 0.0599188 0.0223092 0.0137036 0.0043454 0.0288172 0.0084451 0.0000000 0.0258570 0.7047290 0.0193805 0.0049918 0.0000000 0.0051627 0.0125895
 42 T  42 0.0349739 0.0158627 0.0792615 0.0576736 0.0000000 0.0063146 0.0063920 0.0142509 0.0024598 0.0037623 0.0188035 0.0109700 0.0045962 0.0141509 0.0162124 0.2754916 0.4243975 0.0000000 0.0033780 0.0110485
 43 P  43 0.1132099 0.0784437 0.0297848 0.0659993 0.0034726 0.0718371 0.1466217 0.0129524 0.0229588 0.0062936 0.0427747 0.0770986 0.0040675 0.0131894 0.1507737 0.0509027 0.0522350 0.0048835 0.0327532 0.0197478
 44 E  44 0.0612959 0.0343186 0.0269216 0.0762178 0.0046934 0.1444908 0.2244134 0.0280343 0.0146977 0.0174838 0.0404198 0.0516543 0.0062002 0.0325342 0.0122927 0.0552059 0.1014064 0.0000000 0.0085491 0.0591703
 45 Q  45 0.0467793 0.0083014 0.0139778 0.1513346 0.0000000 0.3247971 0.1825566 0.0113419 0.0214378 0.0251028 0.0219076 0.0401948 0.0000000 0.0224367 0.0350122 0.0159041 0.0518602 0.0032096 0.0044913 0.0193542
 46 Q  46 0.0371560 0.1301181 0.0058173 0.0028337 0.0000000 0.2801079 0.0271175 0.0037140 0.0048110 0.0268912 0.0356642 0.2494596 0.0176315 0.0243525 0.0534547 0.0534488 0.0092900 0.0000000 0.0000000 0.0381320
 47 Q  47 0.0542206 0.1096879 0.0623893 0.0554256 0.0019897 0.1544572 0.1145357 0.0316652 0.0242768 0.0084995 0.0460118 0.1072134 0.0033232 0.0097041 0.0113896 0.0994435 0.0745979 0.0000000 0.0125076 0.0186614
 48 D  48 0.2026620 0.0305816 0.0638732 0.2227288 0.0000000 0.0171142 0.1276102 0.0174314 0.0188416 0.0128357 0.0097957 0.0746193 0.0000000 0.0040387 0.0038424 0.0665583 0.0659940 0.0058949 0.0105744 0.0450035
 49 M  49 0.0787270 0.0057011 0.0000000 0.0000000 0.0040471 0.0000000 0.0000000 0.0000000 0.0104695 0.1094409 0.2031602 0.0000000 0.2845114 0.0422816 0.0000000 0.0000000 0.0298286 0.0219591 0.0607391 0.1491343
 50 A  50 0.0739431 0.2051425 0.0218696 0.0084917 0.0219241 0.0160165 0.0511826 0.0232873 0.0414226 0.0400138 0.1354818 0.2009527 0.0224474 0.0129649 0.0019224 0.0605895 0.0242709 0.0000000 0.0245393 0.0135373
 51 Q  51 0.1064318 0.0325551 0.0863862 0.0939167 0.0038281 0.1523974 0.1064729 0.0687775 0.0210810 0.0078048 0.0113535 0.0278605 0.0072498 0.0000000 0.0000000 0.1371884 0.0664807 0.0212848 0.0084672 0.0404635
 52 F  52 0.0401586 0.0000000 0.0000000 0.0000000 0.0046357 0.0021734 0.0000000 0.0071385 0.0000000 0.0323468 0.1524397 0.0000000 0.0242641 0.5067958 0.0096828 0.0000000 0.0313722 0.0360284 0.1395340 0.0134299
 53 I  53 0.0068876 0.0203997 0.0000000 0.0000000 0.0024311 0.0021403 0.0041712 0.0028270 0.0019780 0.3304014 0.1950245 0.0051136 0.1353693 0.1402815 0.0000000 0.0000000 0.0000000 0.0000000 0.0465777 0.1063971
 54 H  54 0.0673031 0.1586334 0.0692692 0.0418481 0.0000000 0.0493182 0.0623262 0.0664939 0.1479398 0.0130674 0.0363765 0.1042216 0.0139441 0.0120289 0.0000000 0.0360738 0.0493487 0.0038361 0.0643058 0.0036651
 55 L  55 0.0585440 0.0169479 0.1086540 0.0045814 0.0098330 0.0058792 0.0096726 0.0760839 0.0000000 0.0943447 0.2745097 0.0025955 0.0027109 0.0170996 0.0000000 0.1810025 0.0609079 0.0124497 0.0461425 0.0180409
 56 F  56 0.0140724 0.0000000 0.0000000 0.0000000 0.0000000 0.0000000 0.0000000 0.0000000 0.0000000 0.0743131 0.2172254 0.0000000 0.0277742 0.5055055 0.0000000 0.0058212 0.0107021 0.0233456 0.0675387 0.0537018
 57 S  57 0.1928679 0.0310301 0.0000000 0.0025942 0.0111067 0.0412429 0.0044046 0.1002449 0.0229164 0.0169609 0.0000000 0.0588827 0.0059684 0.0152443 0.0998509 0.3042756 0.0411968 0.0125454 0.0076594 0.0310077
 58 K  58 0.0236270 0.2082159 0.0472220 0.0636576 0.0000000 0.0651603 0.0569023 0.0165526 0.1295627 0.0114825 0.0297947 0.1519856 0.0103567 0.0241037 0.0000000 0.0354969 0.0256053 0.0045403 0.0660563 0.0296777
 59 F  59 0.0068996 0.0000000 0.0140527 0.0000000 0.0090094 0.0122808 0.0000000 0.0000000 0.0101729 0.0312271 0.2998766 0.0000000 0.0527704 0.3522801 0.0000000 0.0073687 0.0260314 0.0000000 0.0237969 0.1542334
 60 Y  60 0.0000000 0.0000000 0.0000000 0.0000000 0.0113150 0.0000000 0.0000000 0.0093474 0.0000000 0.0317753 0.1227805 0.0000000 0.0136115 0.2894166 0.0000000 0.0000000 0.0000000 0.0000000 0.5168839 0.0048697
 61 P  61 0.0266017 0.0094410 0.0106726 0.0115560 0.0000000 0.0073859 0.0000000 0.1528766 0.0000000 0.0206260 0.0026880 0.0132779 0.0075146 0.0000000 0.6736659 0.0543001 0.0072809 0.0000000 0.0000000 0.0021127
 62 C  62 0.0092619 0.0061181 0.0074309 0.0000000 0.9444093 0.0000000 0.0000000 0.0000000 0.0000000 0.0000000 0.0000000 0.0045112 0.0051001 0.0050935 0.0029754 0.0016223 0.0000000 0.0023291 0.0063230 0.0048252
 63 E  63 0.0424660 0.0887228 0.0360283 0.0623806 0.0000000 0.0388219 0.1365583 0.1309389 0.0296011 0.0109837 0.0129007 0.1135544 0.0000000 0.0000000 0.0440328 0.0928751 0.0525766 0.0762439 0.0072674 0.0240478
 64 E  64 0.0164671 0.0167675 0.0267774 0.1429535 0.0000000 0.0108446 0.2945852 0.0164368 0.0749435 0.0206659 0.0178937 0.0187695 0.0000000 0.0290083 0.0244377 0.0367819 0.0453826 0.0378929 0.0771670 0.0922248
 65 C  65 0.0016146 0.0032390 0.0038049 0.0000000 0.9391634 0.0000000 0.0000000 0.0178073 0.0000000 0.0050612 0.0000000 0.0000000 0.0066861 0.0000000 0.0000000 0.0064284 0.0000000 0.0000000 0.0114005 0.0047947
 66 A  66 0.4787204 0.2167125 0.0024285 0.0049868 0.0131038 0.0228847 0.0122176 0.0514508 0.0000000 0.0000000 0.0000000 0.0425811 0.0000000 0.0000000 0.0029840 0.1251970 0.0142292 0.0000000 0.0045242 0.0079793
 67 E  67 0.0493646 0.0653830 0.0687918 0.1408937 0.0000000 0.0738367 0.1974635 0.0300568 0.0196980 0.0172233 0.0294051 0.1200268 0.0167504 0.0090354 0.0029840 0.0532100 0.0470952 0.0000000 0.0416489 0.0171328
 68 D  68 0.0089551 0.0119436 0.0697533 0.2458068 0.0116349 0.0027036 0.0424608 0.0180349 0.5108012 0.0000000 0.0000000 0.0220541 0.0000000 0.0000000 0.0000000 0.0288986 0.0188915 0.0000000 0.0080616 0.0000000
 69 L  69 0.0394800 0.0000000 0.0000000 0.0024674 0.0000000 0.0000000 0.0000000 0.0000000 0.0000000 0.0298993 0.1368991 0.0000000 0.0331710 0.6647491 0.0000000 0.0000000 0.0045128 0.0000000 0.0858600 0.0029613
 70 R  70 0.0309420 0.1805480 0.0201209 0.0072371 0.0000000 0.2037530 0.0974633 0.0323091 0.0127007 0.0288643 0.0732299 0.0823736 0.0289380 0.0221550 0.0000000 0.0592482 0.0370418 0.0045561 0.0283157 0.0502032
 71 K  71 0.0555862 0.0618218 0.0423198 0.0587081 0.0000000 0.1045684 0.2723594 0.0406378 0.0278112 0.0052186 0.0091736 0.2119759 0.0050375 0.0000000 0.0126961 0.0488670 0.0405970 0.0000000 0.0000000 0.0026216
 72 R  72 0.0276565 0.0411436 0.0394839 0.0415840 0.0000000 0.0191097 0.0591970 0.0201409 0.0403137 0.0982188 0.0981483 0.0133123 0.1924627 0.0721181 0.0000000 0.0017322 0.0024101 0.0383904 0.1496368 0.0449411
 73 L  73 0.1293114 0.0032395 0.0065006 0.0000000 0.0210621 0.0000000 0.0045169 0.0032367 0.0000000 0.1808316 0.3512924 0.0089736 0.0762186 0.0240033 0.0000000 0.0254987 0.0353112 0.0000000 0.0441161 0.0858872
 74 A  74 0.1444590 0.0832480 0.0299595 0.0688383 0.0114030 0.0406730 0.1101983 0.0196804 0.0056375 0.0196730 0.0140834 0.2745981 0.0080129 0.0070107 0.0049228 0.0773023 0.0607471 0.0000000 0.0016393 0.0179136
 75 R  75 0.0594081 0.1689987 0.0358810 0.0433986 0.0000000 0.0289837 0.1125519 0.0119567 0.0142796 0.0161247 0.0258327 0.2403380 0.0207282 0.0000000 0.0022534 0.0863611 0.0966336 0.0000000 0.0058881 0.0303818
 76 N  76 0.0212433 0.0452226 0.2703408 0.0275671 0.0064417 0.0075705 0.0281543 0.0092614 0.0749309 0.0305959 0.0693957 0.0200935 0.0085217 0.0854091 0.0000000 0.0893114 0.0617058 0.0020133 0.1118495 0.0303715
 77 H  77 0.0413913 0.0249271 0.0110233 0.0646185 0.0000000 0.0582500 0.0420735 0.0147500 0.0105471 0.0087499 0.0279968 0.0724308 0.0603335 0.0176619 0.4879021 0.0363436 0.0080859 0.0000000 0.0040941 0.0088205
 78 P  78 0.0344804 0.0038154 0.0128565 0.0560734 0.0000000 0.0000000 0.0361176 0.0087498 0.0215276 0.0662702 0.0689078 0.0316895 0.0121857 0.0164059 0.4904025 0.0142454 0.0305524 0.0000000 0.0088739 0.0868459
 79 D  79 0.0453848 0.1111997 0.0816332 0.1578262 0.0038483 0.2124616 0.0565416 0.0050385 0.0179544 0.0226946 0.0166449 0.0998924 0.0000000 0.0043382 0.0213584 0.0647904 0.0332281 0.0000000 0.0018596 0.0433051
 80 T  80 0.0830329 0.0000000 0.0049120 0.0033958 0.0179402 0.0000000 0.0063851 0.0095840 0.0000000 0.0511663 0.1147465 0.0000000 0.0060108 0.0318281 0.0115592 0.0153244 0.1719343 0.0000000 0.0000000 0.4721803
 81 R  81 0.0571452 0.0842557 0.0755244 0.0641434 0.0084566 0.0333410 0.1099168 0.0889949 0.0192868 0.0149021 0.0064199 0.1273051 0.0053965 0.0000000 0.0104319 0.2201919 0.0673854 0.0000000 0.0000000 0.0069025
 82 T  82 0.0048326 0.0081921 0.1038916 0.0681244 0.0000000 0.0022362 0.0037395 0.0815021 0.0069129 0.0014102 0.0000000 0.0136695 0.0000000 0.0000000 0.0000000 0.5283368 0.1771523 0.0000000 0.0000000 0.0000000
 83 R  83 0.0431896 0.4738475 0.0193910 0.0041142 0.0020719 0.0942119 0.0000000 0.0558947 0.0376013 0.0018248 0.0312188 0.1236805 0.0015095 0.0000000 0.0667210 0.0213990 0.0104054 0.0033069 0.0082800 0.0013321
 84 A  84 0.0723325 0.1119509 0.0601608 0.2163454 0.0000000 0.0202258 0.1688329 0.0089043 0.0392275 0.0116474 0.0381520 0.0857300 0.0084962 0.0079456 0.0123757 0.0569497 0.0416193 0.0000000 0.0127565 0.0263472
 85 A  85 0.1982960 0.0173340 0.0257877 0.1940731 0.0091957 0.0510528 0.2315833 0.0244473 0.0162548 0.0089481 0.0098744 0.0325998 0.0075618 0.0000000 0.0017656 0.1182119 0.0460463 0.0000000 0.0015186 0.0054489
 86 F  86 0.2086672 0.0000000 0.0048677 0.0000000 0.0000000 0.0096970 0.0273721 0.0069405 0.0000000 0.0055655 0.3587317 0.0000000 0.0191975 0.2330831 0.0094792 0.0234503 0.0166853 0.0000000 0.0113286 0.0649341
 87 T  87 0.1549609 0.0258303 0.0210671 0.0000000 0.0105238 0.0128147 0.0119808 0.0826390 0.0000000 0.1033024 0.0233397 0.0183560 0.0401063 0.0543563 0.0052639 0.2252674 0.0501968 0.0000000 0.0059540 0.1540404
 88 Q  88 0.0284366 0.1136310 0.0319832 0.0077516 0.0042554 0.1504625 0.0139098 0.0482117 0.0037514 0.0373807 0.3199079 0.0723820 0.0594340 0.0103294 0.0000000 0.0188110 0.0454547 0.0013713 0.0150973 0.0174383
 89 W  89 0.0034983 0.0000000 0.0000000 0.0000000 0.0000000 0.0109317 0.0000000 0.0000000 0.0027557 0.0000000 0.0188106 0.0000000 0.0050854 0.0495440 0.0000000 0.0030293 0.0000000 0.8377474 0.0685976 0.0000000
 90 L  90 0.0475472 0.0000000 0.0000000 0.0000000 0.0000000 0.0000000 0.0000000 0.0565150 0.0000000 0.0353206 0.5832409 0.0000000 0.1060443 0.0474969 0.0000000 0.0123455 0.0575305 0.0184222 0.0000000 0.0355369
 91 C  91 0.0000000 0.0099633 0.0049394 0.0000000 0.5133049 0.0192272 0.0000000 0.0000000 0.0118587 0.0115134 0.0050217 0.0000000 0.0000000 0.0335429 0.0000000 0.0031091 0.0047002 0.3071887 0.0438370 0.0317936
 92 H  92 0.0440790 0.1423365 0.0678622 0.0899269 0.0000000 0.0393675 0.2077829 0.0253882 0.0585992 0.0071043 0.0445176 0.0889209 0.0352972 0.0326015 0.0000000 0.0766940 0.0206556 0.0000000 0.0162748 0.0025918
 93 L  93 0.2815248 0.0325295 0.0000000 0.0000000 0.0061466 0.0308538 0.0026304 0.0020519 0.0040256 0.1116904 0.1399563 0.0160019 0.0670563 0.0716773 0.0000000 0.0359711 0.0339261 0.0000000 0.0000000 0.1639582
 94 H  94 0.0000000 0.0000000 0.0000000 0.0000000 0.0000000 0.0000000 0.0336495 0.0000000 0.9613288 0.0000000 0.0000000 0.0000000 0.0050217 0.0000000 0.0000000 0.0000000 0.0000000 0.0000000 0.0000000 0.0000000
 95 N  95 0.0000000 0.0000000 0.9555495 0.0233968 0.0000000 0.0000000 0.0096177 0.0000000 0.0000000 0.0000000 0.0000000 0.0000000 0.0000000 0.0000000 0.0000000 0.0114360 0.0000000 0.0000000 0.0000000 0.0000000
 96 E  96 0.0562694 0.0796814 0.0178340 0.0674956 0.0047480 0.0483690 0.2428596 0.0044894 0.0403849 0.0573984 0.0637896 0.1148074 0.0358512 0.0138882 0.0000000 0.0419591 0.0350733 0.0000000 0.0143157 0.0607860
 97 V  97 0.0085809 0.0000000 0.0000000 0.0000000 0.0261961 0.0000000 0.0000000 0.0000000 0.0000000 0.0473172 0.0113083 0.0000000 0.0080792 0.0045561 0.0000000 0.0000000 0.0000000 0.0000000 0.0000000 0.8939621
 98 N  98 0.0000000 0.0266566 0.9503983 0.0000000 0.0000000 0.0077651 0.0000000 0.0000000 0.0000000 0.0039541 0.0000000 0.0000000 0.0000000 0.0000000 0.0000000 0.0112259 0.0000000 0.0000000 0.0000000 0.0000000
 99 R  99 0.1059815 0.1572424 0.0357946 0.0322751 0.0000000 0.0485473 0.1775859 0.0182089 0.0100779 0.0309000 0.0313818 0.2079463 0.0034633 0.0032215 0.0000000 0.0358648 0.0244872 0.0000000 0.0155030 0.0615185
100 K 100 0.0073337 0.4480654 0.0094451 0.0195294 0.0000000 0.0110599 0.0384525 0.0127805 0.0052992 0.0052083 0.0055742 0.2915130 0.0325545 0.0138288 0.0000000 0.0559147 0.0044434 0.0069717 0.0227839 0.0092418
101 L 101 0.0000000 0.0000000 0.0056730 0.0000000 0.0021873 0.0058038 0.0000000 0.0000000 0.0000000 0.0661712 0.8398996 0.0085277 0.0065500 0.0000000 0.0000000 0.0000000 0.0440870 0.0000000 0.0000000 0.0211003
102 G 102 0.0612953 0.0147050 0.0608504 0.0257543 0.0000000 0.0113611 0.0172224 0.5819123 0.0541491 0.0026530 0.0089728 0.1016152 0.0210522 0.0000000 0.0070991 0.0287366 0.0000000 0.0000000 0.0026214 0.0000000
103 K 103 0.0043303 0.0148311 0.0122129 0.0818766 0.0000000 0.0103059 0.0000000 0.0000000 0.0101768 0.0030104 0.0064718 0.8070404 0.0057181 0.0000000 0.0089487 0.0045568 0.0000000 0.0000000 0.0088332 0.0216872
104 P 104 0.0197390 0.0070942 0.0024142 0.0685048 0.0000000 0.0411838 0.1242591 0.0000000 0.0000000 0.0062043 0.0109458 0.0774283 0.0000000 0.0000000 0.5953590 0.0314195 0.0154480 0.0000000 0.0000000 0.0000000
105 D 105 0.0490418 0.0316096 0.0072082 0.0206763 0.0058245 0.1022777 0.2316396 0.0107523 0.0116909 0.1051182 0.1117349 0.0883385 0.0182244 0.0031168 0.0200140 0.0535300 0.0412785 0.0021906 0.0063855 0.0793476
106 F 106 0.0000000 0.0147422 0.0000000 0.0000000 0.0000000 0.0000000 0.0138773 0.0000000 0.0106745 0.0032148 0.0434358 0.0096840 0.0304794 0.6704338 0.0195542 0.0000000 0.0174852 0.0265222 0.1071051 0.0327916
107 D 107 0.0208866 0.0043589 0.0805428 0.4973312 0.0000000 0.0058951 0.0099532 0.0071582 0.0000000 0.0064641 0.0040765 0.0094673 0.0000000 0.0000000 0.2657086 0.0719362 0.0099715 0.0000000 0.0000000 0.0062498
108 C 108 0.0038532 0.0065178 0.0000000 0.0000000 0.7113566 0.0000000 0.0128983 0.0000000 0.0000000 0.0286783 0.0279284 0.0850267 0.0000000 0.0301320 0.0035705 0.0000000 0.0058483 0.0000000 0.0841899 0.0000000
109 S 109 0.0801857 0.0460495 0.1034213 0.0967364 0.0051210 0.0571167 0.1146042 0.0186133 0.0070684 0.0120088 0.0046518 0.0488540 0.0019486 0.0000000 0.0076115 0.2664098 0.0771586 0.0000000 0.0033086 0.0491318
110 K 110 0.0171094 0.1058671 0.0713973 0.0564487 0.0000000 0.1366086 0.0742100 0.0081118 0.0076311 0.0090381 0.0915394 0.2361000 0.0000000 0.0403185 0.0362930 0.0254617 0.0740745 0.0000000 0.0000000 0.0097906
111 V 111 0.0522991 0.0000000 0.0096022 0.0000000 0.0000000 0.0000000 0.0073796 0.0000000 0.0000000 0.1394025 0.1721850 0.0080294 0.0000000 0.0456682 0.0000000 0.0000000 0.0185584 0.1868534 0.0076273 0.3523949
112 D 112 0.0145980 0.0693408 0.0707343 0.2202851 0.0000000 0.0315988 0.0998284 0.0716072 0.0117371 0.0173771 0.1272515 0.0748876 0.0407812 0.0092344 0.0653605 0.0199211 0.0036070 0.0000000 0.0237287 0.0281210
113 E 113 0.0666982 0.0959233 0.0061602 0.1055235 0.0000000 0.0853345 0.4547031 0.0110577 0.0000000 0.0027412 0.0071609 0.0952376 0.0000000 0.0000000 0.0247363 0.0267453 0.0105437 0.0000000 0.0038584 0.0035760
114 R 114 0.0040229 0.6538113 0.0067179 0.0768616 0.0000000 0.0045092 0.0137844 0.0000000 0.0043727 0.0045633 0.0257968 0.0869211 0.0121838 0.0571276 0.0028068 0.0128512 0.0107501 0.0000000 0.0000000 0.0229193
115 W 115 0.0000000 0.0000000 0.0000000 0.0000000 0.0000000 0.0000000 0.0059491 0.0000000 0.0000000 0.0000000 0.0071156 0.0160327 0.0000000 0.0000000 0.0000000 0.0000000 0.0000000 0.6408011 0.3301015 0.0000000
116 R 116 0.0074784 0.3825618 0.0100887 0.1787926 0.0000000 0.0132058 0.0000000 0.0222176 0.0631970 0.0000000 0.0450573 0.2259978 0.0000000 0.0274136 0.0000000 0.0107372 0.0000000 0.0000000 0.0000000 0.0132523
117 D 117 0.0244912 0.0123789 0.0262916 0.2977009 0.2766818 0.0041119 0.0229543 0.0000000 0.0099659 0.0152962 0.0445173 0.0337367 0.0000000 0.0000000 0.0412127 0.0112302 0.1652848 0.0049837 0.0091619 0.0000000
118 G 118 0.0000000 0.0353183 0.0000000 0.0305040 0.0000000 0.0074681 0.0237840 0.8332228 0.0000000 0.0000000 0.0173995 0.0000000 0.0000000 0.0073062 0.0066280 0.0164595 0.0219096 0.0000000 0.0000000 0.0000000
119 W 119 0.0000000 0.0000000 0.0073875 0.0094390 0.3196790 0.0000000 0.0090438 0.0000000 0.0081542 0.0000000 0.0267335 0.0062042 0.0000000 0.0275720 0.0734668 0.0188856 0.0000000 0.4114362 0.0819981 0.0000000
120 K 120 0.0870150 0.0065059 0.0139429 0.0775083 0.0258153 0.0088313 0.1320264 0.1662340 0.0000000 0.0139984 0.0542455 0.2706451 0.0000000 0.0000000 0.0937884 0.0256464 0.0197657 0.0000000 0.0000000 0.0040313
121 D 121 0.0000000 0.0000000 0.0057738 0.7049753 0.0000000 0.0330259 0.1297157 0.0270506 0.0316172 0.0000000 0.0106211 0.0473132 0.0000000 0.0000000 0.0000000 0.0099073 0.0000000 0.0000000 0.0000000 0.0000000
122 G 122 0.0000000 0.0577409 0.0154363 0.0393016 0.0564169 0.0000000 0.0000000 0.7607091 0.0000000 0.0000000 0.0000000 0.0277187 0.0065972 0.0000000 0.0000000 0.0077720 0.0210943 0.0000000 0.0000000 0.0072131
123 S 123 0.1373844 0.1732059 0.0000000 0.0000000 0.0000000 0.0000000 0.0324917 0.0207101 0.0353664 0.0000000 0.0095309 0.0000000 0.0000000 0.0000000 0.0000000 0.5747140 0.0165966 0.0000000 0.0000000 0.0000000
124 C 124 0.0000000 0.0000000 0.0000000 0.0000000 0.9161775 0.0000000 0.0152569 0.0240093 0.0000000 0.0000000 0.0000000 0.0103255 0.0000000 0.0000000 0.0000000 0.0342307 0.0000000 0.0000000 0.0000000 0.0000000
125 D 125 0.0000000 0.0000000 0.0482795 0.8359938 0.0000000 0.0000000 0.0552538 0.0000000 0.0000000 0.0000000 0.0000000 0.0000000 0.0000000 0.0000000 0.0000000 0.0604729 0.0000000 0.0000000 0.0000000 0.0000000
