  106         A         R         N         D         C         Q         E         G         H         I         L         K         M         F         P         S         T         W         Y         V    
  1 M   1 0.0000000 0.0000000 0.0000000 0.0000000 0.0000000 0.0000000 0.0000000 0.0000000 0.0000000 0.1538194 0.2172494 0.0000000 0.2641073 0.0000000 0.0000000 0.0000000 0.0000000 0.0000000 0.0000000 0.3648239
  2 E   2 0.0060215 0.3797509 0.0000000 0.0351228 0.0000000 0.1460593 0.3322498 0.0061316 0.0000000 0.0000000 0.0000000 0.0745424 0.0000000 0.0000000 0.0201217 0.0000000 0.0000000 0.0000000 0.0000000 0.0000000
  3 T   3 0.0114290 0.0087191 0.0044039 0.0124307 0.0000000 0.0079830 0.0468080 0.0000000 0.0000000 0.0139273 0.0159660 0.0000000 0.0000000 0.0000000 0.0000000 0.0262624 0.7169033 0.0000000 0.0000000 0.1351675
  4 Y   4 0.0127549 0.0178601 0.0074822 0.0059828 0.0000000 0.0094717 0.0050562 0.0000000 0.2077611 0.2526890 0.0066497 0.0475690 0.0030545 0.0257717 0.0027374 0.0034597 0.0372748 0.0071724 0.0709460 0.2763069
  5 T   5 0.0164630 0.0327037 0.0266915 0.0862460 0.0000000 0.0619543 0.2615906 0.0047406 0.0023750 0.0166910 0.0036922 0.0390832 0.0211194 0.0030495 0.0078761 0.0289766 0.2927076 0.0000000 0.0020706 0.0919690
  6 V   6 0.0000000 0.0000000 0.0031966 0.0000000 0.0000000 0.0000000 0.0000000 0.0000000 0.0000000 0.2469369 0.0346063 0.0174451 0.0000000 0.0000000 0.0000000 0.0095413 0.0000000 0.0000000 0.0000000 0.6882738
  7 K   7 0.0619827 0.0854842 0.0336923 0.0502199 0.0000000 0.0694877 0.0951319 0.0550882 0.0121234 0.0177071 0.0622008 0.1659393 0.0189432 0.0061636 0.0000000 0.0578206 0.1535517 0.0033902 0.0059011 0.0451721
  8 L   8 0.0376160 0.0000000 0.0044442 0.0000000 0.0000000 0.0049790 0.0000000 0.0023554 0.0000000 0.1225348 0.1583445 0.0071913 0.3930571 0.0070033 0.0111102 0.0028634 0.0087128 0.0024459 0.0000000 0.2373422
  9 G   9 0.0494245 0.0730037 0.0215426 0.0113224 0.0000000 0.0136310 0.0872932 0.3798860 0.0093205 0.0093449 0.0518134 0.0559921 0.0051950 0.0000000 0.0035110 0.0718096 0.1012220 0.0000000 0.0051352 0.0505527
 10 S  10 0.1463130 0.0043512 0.0854710 0.1407324 0.0398851 0.0171050 0.0255573 0.1195446 0.0043655 0.0321654 0.0089609 0.0163737 0.0121434 0.0000000 0.0803274 0.0891828 0.1450999 0.0000000 0.0013970 0.0310244
 11 D  11 0.0563759 0.0075014 0.1668730 0.2883990 0.0000000 0.0177560 0.1619894 0.0286808 0.0191131 0.0169719 0.0210603 0.0695300 0.0027286 0.0000000 0.0138682 0.0476799 0.0283452 0.0000000 0.0045844 0.0485428
 12 K  12 0.0860254 0.0262306 0.0464461 0.2647655 0.0000000 0.0379746 0.0697728 0.2041898 0.0072610 0.0077879 0.0062925 0.0517559 0.0066431 0.0031807 0.0392624 0.0799564 0.0410239 0.0000000 0.0031673 0.0182641
 13 G  13 0.0386509 0.0158664 0.0489690 0.0399293 0.0000000 0.0590801 0.0548565 0.5708238 0.0106810 0.0034782 0.0042547 0.0260180 0.0033740 0.0035999 0.0024941 0.0438324 0.0551618 0.0051906 0.0049366 0.0088027
 14 L  14 0.1237385 0.0345162 0.1395204 0.0995710 0.0000000 0.0494439 0.1171035 0.1313836 0.0104767 0.0054052 0.0185297 0.0669390 0.0336318 0.0022921 0.0218466 0.0713662 0.0405495 0.0000000 0.0160200 0.0176660
 15 L  15 0.0041307 0.0111668 0.0134480 0.0081651 0.0000000 0.0015627 0.0096107 0.0030473 0.0000000 0.0195562 0.2915170 0.0109129 0.3425744 0.1456938 0.0131714 0.0204148 0.0050301 0.0109722 0.0812438 0.0077819
 16 V  16 0.2017101 0.1227549 0.0113905 0.0090309 0.0329385 0.0420152 0.0215309 0.0344582 0.0108468 0.0241364 0.0327626 0.1063433 0.0177692 0.0162770 0.0012338 0.0432604 0.0571656 0.0073310 0.0376749 0.1693698
 17 F  17 0.0000000 0.0000000 0.0000000 0.0000000 0.0000000 0.0000000 0.0000000 0.0000000 0.0000000 0.0102302 0.0000000 0.0000000 0.0039070 0.7992044 0.0000000 0.0000000 0.0000000 0.0028890 0.1810612 0.0027083
 18 E  18 0.0301226 0.0087672 0.0510030 0.1835866 0.0030511 0.0389755 0.2089287 0.0225150 0.0052691 0.0361558 0.0283337 0.0310335 0.0045601 0.0192871 0.0000000 0.1295170 0.1014100 0.0000000 0.0103000 0.0871840
 19 P  19 0.0047848 0.0080921 0.0000000 0.0015760 0.0000000 0.0174720 0.0051840 0.0018636 0.0000000 0.0096731 0.0159252 0.0249826 0.0017249 0.0000000 0.8595413 0.0083904 0.0196690 0.0000000 0.0025363 0.0185847
 20 A  20 0.2325652 0.0116726 0.0568712 0.1226960 0.0000000 0.0232417 0.0946324 0.0390026 0.0085080 0.0141432 0.0115377 0.0795076 0.0139650 0.0094299 0.0993318 0.1287671 0.0360497 0.0000000 0.0067737 0.0113044
 21 K  21 0.0838345 0.0492540 0.0517292 0.0499075 0.0000000 0.0353231 0.1419986 0.0225007 0.0183624 0.0292410 0.0250503 0.0395127 0.0063025 0.0518827 0.0088199 0.0962758 0.1682541 0.0008832 0.0294715 0.0913962
 22 L  22 0.0325834 0.0000000 0.0000000 0.0000000 0.0000000 0.0033800 0.0000000 0.0000000 0.0012579 0.3150334 0.3225655 0.0000000 0.0099653 0.0791031 0.0020840 0.0026024 0.0179573 0.0023866 0.0091819 0.2018991
 23 T  23 0.0274726 0.1120886 0.0372589 0.0259582 0.0000000 0.0587517 0.1427071 0.0010298 0.0473616 0.0116333 0.0021070 0.1055930 0.0069122 0.0054959 0.0048070 0.0632334 0.3029315 0.0120353 0.0078279 0.0247951
 24 I  24 0.1538127 0.0000000 0.0000000 0.0000000 0.0019475 0.0000000 0.0063953 0.0023855 0.0000000 0.2866485 0.0371440 0.0000000 0.0041311 0.0294510 0.0000000 0.0000000 0.0033955 0.0000000 0.0000000 0.4746888
 25 K  25 0.1237996 0.0707858 0.0397541 0.0658602 0.0038004 0.0506153 0.1009978 0.0044410 0.0208358 0.0025123 0.0098658 0.2615225 0.0010715 0.0051602 0.0809166 0.0899151 0.0447564 0.0000000 0.0042868 0.0191027
 26 P  26 0.2507824 0.0246335 0.0056286 0.0000000 0.0000000 0.0564009 0.0476220 0.0015654 0.0031937 0.0167695 0.0216716 0.0641032 0.0020259 0.0000000 0.2370184 0.0533180 0.0267226 0.0000000 0.0000000 0.1885443
 27 G  27 0.0000000 0.0000000 0.0137605 0.0156812 0.0000000 0.0000000 0.0077228 0.9483382 0.0015973 0.0000000 0.0000000 0.0026433 0.0074332 0.0000000 0.0000000 0.0028235 0.0000000 0.0000000 0.0000000 0.0000000
 28 D  28 0.0274369 0.0102159 0.0055870 0.4162173 0.0000000 0.0642933 0.1920966 0.0500646 0.0016530 0.0000000 0.0000000 0.0375642 0.0035268 0.0000000 0.0031908 0.0295965 0.1527891 0.0000000 0.0016383 0.0041297
 29 T  29 0.0103808 0.0443628 0.0044454 0.0000000 0.0011699 0.0328842 0.0363286 0.0020000 0.0064244 0.0206579 0.0139513 0.0959915 0.0033995 0.0000000 0.0212019 0.0619748 0.5971193 0.0013491 0.0000000 0.0463586
 30 V  30 0.0000000 0.0000000 0.0000000 0.0000000 0.0000000 0.0000000 0.0000000 0.0000000 0.0000000 0.2249404 0.0285524 0.0020537 0.0000000 0.0000000 0.0000000 0.0000000 0.0031334 0.0000000 0.0132423 0.7280778
 31 E  31 0.0192479 0.2012951 0.0081357 0.0019217 0.0017782 0.0228749 0.1170121 0.0000000 0.0196095 0.0391533 0.0120721 0.1149568 0.0081921 0.0021365 0.0000000 0.0152876 0.3126780 0.0000000 0.0050210 0.0986277
 32 F  32 0.0000000 0.0000000 0.0031711 0.0000000 0.0000000 0.0000000 0.0000000 0.0000000 0.0000000 0.0052382 0.1125023 0.0000000 0.0023912 0.4956112 0.0000000 0.0000000 0.0000000 0.3658601 0.0087388 0.0064872
 33 L  33 0.0114246 0.0256443 0.0182986 0.0267906 0.0000000 0.0295227 0.1340756 0.0014617 0.0262035 0.0885408 0.0513998 0.1222886 0.0110931 0.0068777 0.0000000 0.0226162 0.1252193 0.0000000 0.0033343 0.2952086
 34 N  34 0.0301928 0.0000000 0.6406794 0.0015852 0.0000000 0.0117488 0.0000000 0.0039783 0.0207661 0.0041754 0.0138835 0.0019231 0.0080540 0.0663193 0.0746277 0.0039000 0.0020798 0.1003870 0.0018660 0.0138337
 35 N  35 0.0733048 0.0310532 0.1391484 0.0611909 0.0000000 0.0239439 0.0965367 0.0119997 0.0263674 0.0089572 0.0275880 0.0989723 0.0113802 0.0239086 0.0448505 0.0463102 0.1959882 0.0000000 0.0139695 0.0645302
 36 K  36 0.0556093 0.0014003 0.0249863 0.3695304 0.0013246 0.0023757 0.0219445 0.2904891 0.0086363 0.0000000 0.0053197 0.0391078 0.0073542 0.0017434 0.0041000 0.1167536 0.0264520 0.0064062 0.0146029 0.0018638
 37 V  37 0.0710598 0.0417684 0.0489165 0.0524312 0.0000000 0.0576636 0.0626172 0.1674762 0.0180463 0.0162999 0.0412070 0.1106754 0.0186652 0.0152333 0.0814904 0.0981472 0.0577829 0.0000000 0.0062603 0.0342593
 38 P  38 0.0976384 0.0209591 0.0155522 0.0114928 0.0036119 0.0277772 0.0415774 0.1584251 0.0067510 0.0546995 0.1147807 0.0417785 0.1006858 0.0651843 0.0258514 0.0265856 0.0630540 0.0000000 0.0105782 0.1130169
 39 P  39 0.1146876 0.0205215 0.0697238 0.0544497 0.0000000 0.0318259 0.0571336 0.0718057 0.0163296 0.0116322 0.0372411 0.0402931 0.0137119 0.0262637 0.2831901 0.0808977 0.0356560 0.0000000 0.0049236 0.0297132
 40 H  40 0.0000000 0.0000000 0.0000000 0.0023030 0.0027874 0.0033034 0.0000000 0.0000000 0.9820719 0.0000000 0.0000000 0.0000000 0.0000000 0.0000000 0.0000000 0.0033160 0.0027696 0.0000000 0.0000000 0.0034488
 41 N  41 0.0079845 0.0000000 0.4003865 0.0633330 0.0000000 0.0059759 0.1323232 0.0028791 0.0000000 0.0043942 0.0000000 0.0050484 0.0016267 0.0015033 0.0000000 0.0902468 0.2546822 0.0000000 0.0257257 0.0038905
 42 V  42 0.1297146 0.0000000 0.0000000 0.0000000 0.0031666 0.0000000 0.0000000 0.0000000 0.0000000 0.1079921 0.0574020 0.0000000 0.0362812 0.1478534 0.0000000 0.0066353 0.0197062 0.0155799 0.0052089 0.4704598
 43 V  43 0.0930336 0.0094567 0.0259653 0.0187037 0.0000000 0.0155176 0.0631432 0.0100864 0.0314680 0.0382222 0.0364443 0.0078668 0.0065445 0.0056308 0.0000000 0.0168670 0.3076347 0.0092784 0.0086770 0.2954598
 44 F  44 0.1729867 0.0046941 0.0151875 0.0049894 0.0013257 0.0292005 0.0106365 0.0058451 0.0065748 0.0992434 0.1365373 0.0059059 0.0132975 0.1626010 0.0089050 0.1845299 0.0384581 0.0025399 0.0072945 0.0892469
 45 D  45 0.0539441 0.0181221 0.0130147 0.1707208 0.0000000 0.0187584 0.0747423 0.1824655 0.0361680 0.0973473 0.0353426 0.0581272 0.0115664 0.0058381 0.0034910 0.0486079 0.0421559 0.0019792 0.0630925 0.0645160
 46 A  46 0.0889713 0.0131030 0.0533918 0.1457139 0.0000000 0.0335749 0.1387503 0.0682054 0.0239012 0.0029926 0.0031125 0.1087173 0.0011594 0.0034546 0.0393291 0.1373354 0.1232154 0.0000000 0.0013815 0.0136903
 47 A  47 0.0704322 0.0173921 0.0285251 0.1415100 0.0015919 0.0345882 0.0627049 0.1971184 0.0066849 0.0102221 0.0196486 0.0528719 0.0202344 0.0759656 0.1341323 0.0304905 0.0357852 0.0037864 0.0156131 0.0407021
 48 L  48 0.1819379 0.0114854 0.0230124 0.1058859 0.0226522 0.0147935 0.0885264 0.1505474 0.0087763 0.0215872 0.0553644 0.0517031 0.0799204 0.0142325 0.0240726 0.0783685 0.0429091 0.0070463 0.0020159 0.0151625
 49 N  49 0.0690424 0.0267845 0.0666246 0.0963384 0.0011898 0.0318378 0.0847268 0.0650306 0.0217682 0.1055992 0.0780744 0.0481860 0.0316266 0.0371633 0.0107868 0.0424854 0.0603633 0.0139611 0.0048439 0.1035670
 50 P  50 0.0512311 0.0203470 0.0516770 0.0538992 0.0000000 0.0433129 0.0132213 0.0609857 0.0404145 0.0362922 0.1085709 0.0024788 0.0060358 0.0144467 0.4322298 0.0163075 0.0220198 0.0037151 0.0019502 0.0208644
 51 A  51 0.1483004 0.0193569 0.0104323 0.1319595 0.0756724 0.0378507 0.1495152 0.0436213 0.0080326 0.0076783 0.0651795 0.0555574 0.0182882 0.0258242 0.0569015 0.0813042 0.0123967 0.0071328 0.0046120 0.0403840
 52 K  52 0.0745527 0.0139907 0.0439335 0.0912392 0.0000000 0.0513218 0.1737510 0.2863007 0.0193443 0.0087712 0.0095047 0.0605184 0.0104339 0.0139999 0.0224352 0.0495275 0.0412262 0.0000000 0.0113161 0.0178329
 53 S  53 0.2263908 0.0223344 0.0219367 0.0421957 0.0041077 0.0368717 0.0121866 0.0935475 0.1917819 0.0425011 0.0104660 0.0072480 0.0035271 0.0118321 0.0487994 0.0544866 0.0134585 0.0195201 0.0102125 0.1265956
 54 A  54 0.1951569 0.0454933 0.0245783 0.0498061 0.0000000 0.0361795 0.0972210 0.1468586 0.0070668 0.0251791 0.0252278 0.0766018 0.0175715 0.0112020 0.0670374 0.0435252 0.0717122 0.0000000 0.0168811 0.0427012
 55 D  55 0.1570021 0.0088792 0.0593175 0.0934115 0.0000000 0.0377918 0.1264839 0.0746832 0.0022503 0.0293068 0.0228407 0.0800579 0.0113772 0.0453397 0.0858908 0.0387981 0.0322333 0.0020093 0.0464890 0.0458376
 56 L  56 0.1020097 0.0108206 0.0404647 0.0347999 0.0000000 0.0266583 0.0789922 0.0816290 0.0046851 0.0150025 0.0524314 0.0108043 0.0781614 0.1726549 0.0417455 0.0469998 0.0179635 0.0845698 0.0082559 0.0913515
 57 A  57 0.2143967 0.0180134 0.0368114 0.0518866 0.0000000 0.0255278 0.0724183 0.0631370 0.0318597 0.0046625 0.0147988 0.1216949 0.1674678 0.0056642 0.0135311 0.1000625 0.0282207 0.0000000 0.0066352 0.0232113
 58 K  58 0.0973563 0.0193524 0.0264854 0.0637353 0.0000000 0.0170606 0.0708535 0.1966420 0.0000000 0.0483141 0.0174814 0.0588980 0.0117958 0.0130722 0.0991294 0.1671147 0.0508100 0.0000000 0.0000000 0.0418988
 59 S  59 0.1331095 0.0208792 0.0272932 0.0474904 0.0023603 0.0309182 0.1252633 0.1161078 0.0067438 0.0134435 0.0111901 0.1743005 0.0103113 0.0361610 0.0398867 0.1140414 0.0619235 0.0078121 0.0080830 0.0126811
 60 L  60 0.0350492 0.0129238 0.0201863 0.0215707 0.0034141 0.0141286 0.0283243 0.1059346 0.0122167 0.1126281 0.1081416 0.0303111 0.2514881 0.0671399 0.0422115 0.0287432 0.0193856 0.0317589 0.0105678 0.0438759
 61 S  61 0.0814940 0.0126345 0.1090278 0.1162151 0.0000000 0.0114439 0.0912216 0.1060659 0.0032123 0.0469148 0.0501122 0.0192191 0.0018707 0.0347143 0.0611925 0.1853474 0.0236745 0.0174047 0.0171066 0.0111283
 62 H  62 0.0426372 0.0170495 0.0330659 0.0430975 0.0000000 0.0147728 0.0979350 0.0624149 0.1411640 0.0363810 0.0145497 0.0239390 0.0224270 0.2240754 0.0373802 0.0641798 0.0387382 0.0376983 0.0236840 0.0248107
 63 K  63 0.0486618 0.0232748 0.0984036 0.2461113 0.0000000 0.0236082 0.1264649 0.0737810 0.0636088 0.0084901 0.0099001 0.0527894 0.0080314 0.0091219 0.0274593 0.1031659 0.0409877 0.0042358 0.0074268 0.0244771
 64 Q  64 0.0331557 0.0147253 0.0172613 0.1513735 0.0000000 0.0201463 0.1423355 0.0474302 0.0135651 0.0202868 0.0095018 0.0209757 0.0242571 0.0178926 0.0186564 0.3145766 0.1013192 0.0000000 0.0147188 0.0178223
 65 L  65 0.0257034 0.0189438 0.0239902 0.0340146 0.0000000 0.0080475 0.0311130 0.1762577 0.0116491 0.0808661 0.1478069 0.0557469 0.0093457 0.0138023 0.1498725 0.0446382 0.0363524 0.0000000 0.0315033 0.1003461
 66 L  66 0.0883653 0.0725223 0.0207847 0.0143924 0.0000000 0.0151013 0.0477444 0.0052425 0.0205462 0.0416334 0.2423885 0.0099870 0.0581837 0.0283885 0.0415702 0.0540659 0.0985648 0.0067367 0.0246632 0.1091190
 67 M  67 0.0417264 0.0115910 0.0429163 0.0098245 0.0000000 0.0161580 0.0122312 0.0152312 0.0000000 0.1126278 0.3453978 0.0159930 0.0803964 0.0466236 0.0080940 0.0591561 0.0338644 0.0000000 0.0223728 0.1257956
 68 S  68 0.1709979 0.0172756 0.0653311 0.0879366 0.0000000 0.0683568 0.1438239 0.0918459 0.0091077 0.0110677 0.0190045 0.0706139 0.0379393 0.0157427 0.0472364 0.0757121 0.0503228 0.0000000 0.0050615 0.0126237
 69 P  69 0.1318476 0.0160989 0.0122803 0.0184879 0.0000000 0.0466497 0.0511498 0.0561527 0.0109876 0.0099822 0.0028713 0.0484140 0.0016128 0.0021346 0.4612824 0.0494876 0.0647851 0.0000000 0.0000000 0.0157755
 70 G  70 0.0145205 0.0155019 0.0642601 0.0525744 0.0000000 0.0060153 0.0284569 0.7357578 0.0025993 0.0000000 0.0000000 0.0258764 0.0000000 0.0035601 0.0136604 0.0264036 0.0035101 0.0000000 0.0000000 0.0073032
 71 Q  71 0.0919916 0.0118118 0.0184282 0.0629528 0.0000000 0.1621675 0.3017032 0.0367537 0.0269457 0.0056151 0.0027635 0.1164308 0.0069399 0.0241244 0.0083791 0.0370656 0.0466258 0.0044321 0.0163940 0.0184752
 72 S  72 0.0246429 0.0458088 0.0232972 0.0189264 0.0000000 0.0311784 0.1056247 0.0079460 0.0088978 0.0086659 0.0027938 0.0579206 0.0126709 0.0068322 0.0065242 0.2903130 0.3235909 0.0000000 0.0000000 0.0243663
 73 T  73 0.0869080 0.0176422 0.0120239 0.0263679 0.0000000 0.0136563 0.0390862 0.1093058 0.0106601 0.0361972 0.0247010 0.0188509 0.0064641 0.2323088 0.0021459 0.0152460 0.0245122 0.0671373 0.2018671 0.0549191
 74 S  74 0.0403216 0.0360936 0.0186736 0.0473978 0.0019225 0.0299294 0.2990071 0.0094947 0.0135893 0.0065602 0.0043971 0.0304172 0.0000000 0.0018646 0.0049276 0.1936163 0.2201357 0.0000000 0.0000000 0.0416516
 75 T  75 0.0102246 0.0322932 0.0055012 0.0014941 0.0000000 0.0250859 0.0077913 0.0028356 0.1225341 0.1491542 0.1194762 0.0104016 0.0160022 0.0886636 0.0000000 0.0215307 0.0165062 0.0377014 0.1158595 0.2169443
 76 T  76 0.0156018 0.0434232 0.0045949 0.0131672 0.0000000 0.0122037 0.0635824 0.0022531 0.0058916 0.0570092 0.0190547 0.0569937 0.0012694 0.0158640 0.0054740 0.0338983 0.4982720 0.0027181 0.0113561 0.1373726
 77 F  77 0.0020602 0.0017300 0.0000000 0.0000000 0.0000000 0.0025782 0.0000000 0.0000000 0.0000000 0.0328806 0.1087272 0.0017861 0.0027846 0.6250111 0.0000000 0.0017190 0.0132585 0.1359606 0.0091393 0.0623646
 78 P  78 0.0085485 0.0275351 0.0701221 0.1796050 0.0000000 0.0435445 0.1638117 0.0056252 0.0171258 0.0124022 0.0091531 0.1313775 0.0110519 0.0000000 0.0367368 0.0212535 0.2373043 0.0000000 0.0019559 0.0228468
 79 A  79 0.2595559 0.0081449 0.0264742 0.0347523 0.0000000 0.0249554 0.0255670 0.0078143 0.0144144 0.0576189 0.0099948 0.0317745 0.0044472 0.1715197 0.0122012 0.0299343 0.1395343 0.0000000 0.0031110 0.1381855
 80 D  80 0.0504036 0.0195568 0.0601944 0.0981018 0.0000000 0.0073843 0.1904488 0.0164108 0.0000000 0.0101813 0.0479772 0.0334728 0.0042539 0.0111021 0.3020916 0.0279937 0.0890654 0.0000000 0.0000000 0.0313616
 81 A  81 0.1227537 0.0487079 0.0475719 0.0609785 0.0000000 0.0246935 0.0478459 0.0317984 0.0063285 0.0279648 0.0597952 0.0544550 0.0167185 0.0041975 0.0000000 0.1203014 0.2932401 0.0000000 0.0026872 0.0299618
 82 P  82 0.0195457 0.0355317 0.0609934 0.0963387 0.0000000 0.0775395 0.3027486 0.0045372 0.0106282 0.0081245 0.0032567 0.2281200 0.0069141 0.0000000 0.0700374 0.0167486 0.0482266 0.0033549 0.0024022 0.0049521
 83 A  83 0.2741921 0.0099035 0.0096191 0.0117748 0.0000000 0.0081006 0.0333184 0.0069171 0.0000000 0.0121769 0.0109785 0.0397497 0.0022652 0.0000000 0.4250319 0.0612631 0.0565365 0.0000000 0.0038578 0.0343148
 84 G  84 0.0063036 0.0016334 0.0020811 0.0055521 0.0000000 0.0000000 0.0068721 0.9318503 0.0000000 0.0000000 0.0000000 0.0066801 0.0000000 0.0000000 0.0133215 0.0067233 0.0174630 0.0000000 0.0000000 0.0015194
 85 E  85 0.0435494 0.0364027 0.0314872 0.0657589 0.0000000 0.0098048 0.1389137 0.0011291 0.0035069 0.0709080 0.0386392 0.0258765 0.0046830 0.0155126 0.0099443 0.0371103 0.3036972 0.0000000 0.0015264 0.1615498
 86 Y  86 0.0047151 0.0000000 0.0026078 0.0000000 0.0000000 0.0052293 0.0014571 0.0000000 0.0337712 0.0662618 0.0218809 0.0047368 0.0057057 0.1507056 0.0069343 0.0064915 0.0068600 0.0116501 0.6148025 0.0561902
 87 T  87 0.0328604 0.0354591 0.0367153 0.1515643 0.0000000 0.0229202 0.1459693 0.0963092 0.0203292 0.0170517 0.0389791 0.0500411 0.0136171 0.0140986 0.1028379 0.0360659 0.0524747 0.0598836 0.0311236 0.0416997
 88 F  88 0.0094010 0.0000000 0.0000000 0.0000000 0.0000000 0.0000000 0.0000000 0.0024388 0.0000000 0.0519247 0.0369522 0.0000000 0.0044587 0.2743577 0.0000000 0.0000000 0.0000000 0.0000000 0.5704234 0.0500434
 89 Y  89 0.1245362 0.0438864 0.0051727 0.0055208 0.0032499 0.0152037 0.0181681 0.0110147 0.0652221 0.0778873 0.0300691 0.0680599 0.0030147 0.1138974 0.0000000 0.0197156 0.0123158 0.0188637 0.2508310 0.1133710
 90 C  90 0.0000000 0.0000000 0.0000000 0.0000000 0.9752222 0.0000000 0.0000000 0.0039527 0.0000000 0.0000000 0.0000000 0.0000000 0.0000000 0.0000000 0.0000000 0.0208251 0.0000000 0.0000000 0.0000000 0.0000000
 91 E  91 0.1005908 0.0325006 0.0095477 0.0278435 0.0000000 0.0261362 0.0619642 0.0354287 0.0027826 0.0458489 0.0318553 0.0201225 0.0366819 0.0000000 0.1645336 0.1244710 0.2403650 0.0000000 0.0000000 0.0393274
 92 P  92 0.0076603 0.0036988 0.0017072 0.0073680 0.0000000 0.0281507 0.0064794 0.2426777 0.0000000 0.0742636 0.0566228 0.0034226 0.0051757 0.0447604 0.3969497 0.0098159 0.0018226 0.0014634 0.0246747 0.0832867
 93 H  93 0.0000000 0.0026807 0.0079698 0.0027158 0.0000000 0.0023418 0.0000000 0.0282447 0.9436904 0.0000000 0.0000000 0.0000000 0.0000000 0.0039604 0.0000000 0.0000000 0.0000000 0.0000000 0.0083964 0.0000000
 94 R  94 0.0431079 0.0909970 0.0013652 0.0067523 0.0814401 0.0413165 0.0768871 0.0080106 0.0425037 0.0226829 0.0280976 0.0578596 0.0132182 0.0398690 0.2099674 0.0163043 0.0258662 0.0251199 0.1520620 0.0165726
 95 G  95 0.1095057 0.0353761 0.0126273 0.0478400 0.0000000 0.1196941 0.1412219 0.1467776 0.0210537 0.0155488 0.0136964 0.0187376 0.0223149 0.0178558 0.0203022 0.0918956 0.0502651 0.0864436 0.0251255 0.0037178
 96 A  96 0.3531883 0.0119260 0.0608687 0.0075307 0.0000000 0.0334947 0.0018614 0.0380895 0.0059324 0.0222324 0.0992916 0.0270166 0.1788778 0.0220490 0.0065443 0.0733461 0.0067623 0.0000000 0.0109031 0.0400851
 97 G  97 0.0094207 0.0126231 0.0747780 0.0000000 0.0029681 0.0099066 0.0098102 0.8176107 0.0016406 0.0083232 0.0040224 0.0034532 0.0000000 0.0035135 0.0000000 0.0103665 0.0078767 0.0000000 0.0000000 0.0236864
 98 M  98 0.0045656 0.0000000 0.0062474 0.0000000 0.0000000 0.0096347 0.0000000 0.0021351 0.0021944 0.0027021 0.0047351 0.0000000 0.9677856 0.0000000 0.0000000 0.0000000 0.0000000 0.0000000 0.0000000 0.0000000
 99 V  99 0.0350111 0.0559935 0.0245141 0.0036478 0.0000000 0.0451030 0.0204699 0.0092010 0.0343726 0.0619363 0.0161675 0.1785852 0.0047924 0.0310480 0.0000000 0.0161282 0.0918020 0.0052243 0.0475791 0.3184240
100 G 100 0.0834350 0.0077138 0.0000000 0.0000000 0.0000000 0.0017921 0.0063282 0.8434031 0.0000000 0.0000000 0.0172308 0.0000000 0.0280277 0.0043613 0.0000000 0.0041405 0.0000000 0.0000000 0.0000000 0.0035676
101 K 101 0.1120681 0.0577940 0.0045090 0.0299560 0.0000000 0.0289202 0.0324604 0.0069407 0.0124014 0.0398003 0.0999703 0.1283777 0.0233681 0.0062025 0.0081456 0.0568336 0.2224827 0.0000000 0.0059174 0.1238520
102 I 102 0.0092290 0.0000000 0.0000000 0.0000000 0.0000000 0.0000000 0.0000000 0.0000000 0.0000000 0.4538751 0.1316353 0.0000000 0.0441363 0.0253934 0.0000000 0.0000000 0.0000000 0.0000000 0.0000000 0.3357308
103 T 103 0.0320844 0.0318271 0.0114843 0.0099305 0.0000000 0.0662433 0.0324063 0.0021022 0.0137990 0.2323055 0.0254800 0.0666868 0.0025841 0.0052578 0.0000000 0.0181463 0.2112058 0.0000000 0.0163378 0.2221190
104 V 104 0.0075244 0.0000000 0.0000000 0.0000000 0.0034536 0.0000000 0.0000000 0.0000000 0.0000000 0.0565511 0.0000000 0.0000000 0.0000000 0.0000000 0.0000000 0.0000000 0.0000000 0.0000000 0.0000000 0.9324709
105 A 105 0.0685030 0.0085751 0.0803886 0.0037988 0.0000000 0.0980147 0.2831645 0.3156599 0.0000000 0.0000000 0.0000000 0.0089022 0.0000000 0.0000000 0.0000000 0.0900995 0.0160669 0.0000000 0.0036019 0.0232249
106 G 106 0.4378051 0.0000000 0.0000000 0.0000000 0.0000000 0.0000000 0.0000000 0.5621949 0.0000000 0.0000000 0.0000000 0.0000000 0.0000000 0.0000000 0.0000000 0.0000000 0.0000000 0.0000000 0.0000000 0.0000000
