  106         A         R         N         D         C         Q         E         G         H         I         L         K         M         F         P         S         T         W         Y         V         X    
  1 M   1 0.0000000 0.0000000 0.0000000 0.0000000 0.0000000 0.0000000 0.0000000 0.0000000 0.0000000 0.0093809 0.0133702 0.0000000 0.0158627 0.0000000 0.0000000 0.0000000 0.0000000 0.0000000 0.0000000 0.0237061 0.9376801
  2 E   2 0.0019726 0.1312014 0.0000000 0.0118976 0.0000000 0.0514806 0.1175885 0.0019958 0.0000000 0.0000000 0.0000000 0.0313537 0.0000000 0.0000000 0.0066390 0.0000000 0.0000000 0.0000000 0.0000000 0.0000000 0.6458709
  3 T   3 0.0052412 0.0040086 0.0021086 0.0057990 0.0000000 0.0037916 0.0220525 0.0000000 0.0000000 0.0067961 0.0074121 0.0000000 0.0000000 0.0000000 0.0000000 0.0124092 0.3458877 0.0000000 0.0000000 0.0647774 0.5197161
  4 Y   4 0.0077504 0.0108944 0.0047349 0.0037062 0.0000000 0.0057997 0.0031387 0.0000000 0.1418748 0.1578588 0.0040249 0.0292206 0.0018159 0.0165079 0.0017952 0.0021546 0.0228656 0.0044829 0.0445823 0.1739534 0.3628389
  5 T   5 0.0112832 0.0232873 0.0186700 0.0613721 0.0000000 0.0490242 0.1864985 0.0031370 0.0016357 0.0122400 0.0025725 0.0277563 0.0155911 0.0021648 0.0054916 0.0202456 0.2066592 0.0000000 0.0014888 0.0647869 0.2860953
  6 V   6 0.0000000 0.0000000 0.0022186 0.0000000 0.0000000 0.0000000 0.0000000 0.0000000 0.0000000 0.1816018 0.0258631 0.0123790 0.0000000 0.0000000 0.0000000 0.0066390 0.0000000 0.0000000 0.0000000 0.5214100 0.2498885
  7 K   7 0.0462988 0.0622627 0.0256722 0.0369522 0.0000000 0.0519518 0.0704537 0.0414831 0.0092905 0.0135109 0.0472870 0.1255229 0.0142406 0.0045336 0.0000000 0.0473956 0.1137765 0.0025686 0.0046995 0.0332649 0.2488349
  8 L   8 0.0284573 0.0000000 0.0032250 0.0000000 0.0000000 0.0037717 0.0000000 0.0016850 0.0000000 0.0959289 0.1154745 0.0059171 0.2932131 0.0050921 0.0077875 0.0021469 0.0064876 0.0018609 0.0000000 0.1773162 0.2516362
  9 G   9 0.0363460 0.0533012 0.0153656 0.0085285 0.0000000 0.0097879 0.0631322 0.2767012 0.0066383 0.0067447 0.0381505 0.0409315 0.0036659 0.0000000 0.0024420 0.0519782 0.0784000 0.0000000 0.0038185 0.0360589 0.2680089
 10 S  10 0.1017821 0.0029130 0.0593959 0.0971775 0.0274445 0.0119488 0.0173229 0.0853729 0.0030602 0.0223238 0.0062154 0.0117846 0.0081090 0.0000000 0.0555998 0.0662703 0.0970446 0.0000000 0.0009651 0.0209365 0.3043332
 11 D  11 0.0427740 0.0050342 0.1143637 0.1928720 0.0000000 0.0118870 0.1080552 0.0189572 0.0124127 0.0114524 0.0137964 0.0470371 0.0017319 0.0000000 0.0092767 0.0320564 0.0190862 0.0000000 0.0030529 0.0314258 0.3247282
 12 K  12 0.0521979 0.0162520 0.0288379 0.1592051 0.0000000 0.0232856 0.0420071 0.1308919 0.0043367 0.0050556 0.0038176 0.0318738 0.0039502 0.0018312 0.0232522 0.0484298 0.0252081 0.0000000 0.0018859 0.0113671 0.3863145
 13 G  13 0.0238500 0.0099359 0.0300728 0.0247775 0.0000000 0.0371523 0.0337668 0.3593522 0.0065758 0.0021253 0.0024696 0.0164194 0.0022352 0.0024817 0.0015792 0.0279136 0.0347413 0.0032515 0.0030248 0.0053143 0.3729608
 14 L  14 0.0919218 0.0249872 0.1052538 0.0721911 0.0000000 0.0361991 0.0846531 0.0973551 0.0081177 0.0041930 0.0131119 0.0480899 0.0253947 0.0016357 0.0163955 0.0542917 0.0296578 0.0000000 0.0115657 0.0135553 0.2614301
 15 L  15 0.0034254 0.0091183 0.0114851 0.0067886 0.0000000 0.0013015 0.0081186 0.0026735 0.0000000 0.0163652 0.2430079 0.0089687 0.2870241 0.1236931 0.0107939 0.0166220 0.0040707 0.0089887 0.0660137 0.0064221 0.1651187
 16 V  16 0.1814537 0.1071490 0.0101888 0.0080345 0.0290117 0.0370055 0.0187891 0.0307092 0.0092876 0.0214517 0.0281504 0.0947319 0.0158400 0.0144373 0.0011017 0.0378006 0.0510995 0.0063784 0.0330929 0.1552776 0.1090087
 17 F  17 0.0000000 0.0000000 0.0000000 0.0000000 0.0000000 0.0000000 0.0000000 0.0000000 0.0000000 0.0092590 0.0000000 0.0000000 0.0034271 0.7526452 0.0000000 0.0000000 0.0000000 0.0026860 0.1683237 0.0023727 0.0612863
 18 E  18 0.0286141 0.0084316 0.0484460 0.1702873 0.0029243 0.0370052 0.2006430 0.0214735 0.0048620 0.0344141 0.0267333 0.0284104 0.0043649 0.0172932 0.0000000 0.1277481 0.0947143 0.0000000 0.0099139 0.0818729 0.0518479
 19 P  19 0.0045596 0.0078669 0.0000000 0.0014750 0.0000000 0.0163399 0.0048178 0.0016974 0.0000000 0.0136876 0.0145596 0.0225179 0.0016145 0.0000000 0.8161358 0.0076189 0.0180844 0.0000000 0.0022821 0.0170940 0.0496485
 20 A  20 0.2348701 0.0109795 0.0547141 0.1195314 0.0000000 0.0224170 0.0915478 0.0391353 0.0079642 0.0136388 0.0113810 0.0771196 0.0140655 0.0093960 0.0979535 0.1253255 0.0347976 0.0000000 0.0066191 0.0104314 0.0181126
 21 K  21 0.0816827 0.0464665 0.0508789 0.0534207 0.0000000 0.0338421 0.1387643 0.0210790 0.0174512 0.0286612 0.0245458 0.0374134 0.0060754 0.0529630 0.0084783 0.0936199 0.1659443 0.0008751 0.0291440 0.0885102 0.0201841
 22 L  22 0.0316989 0.0000000 0.0000000 0.0000000 0.0000000 0.0032734 0.0000000 0.0000000 0.0012668 0.3070791 0.3216455 0.0000000 0.0093686 0.0756224 0.0020203 0.0027717 0.0176031 0.0022630 0.0088686 0.2008253 0.0156935
 23 T  23 0.0266464 0.1100696 0.0373590 0.0251743 0.0000000 0.0627712 0.1382059 0.0010464 0.0469313 0.0112416 0.0020358 0.1059015 0.0066993 0.0054643 0.0046213 0.0622862 0.2977414 0.0116833 0.0074968 0.0240587 0.0125656
 24 I  24 0.1536852 0.0000000 0.0000000 0.0000000 0.0018153 0.0000000 0.0061392 0.0024182 0.0000000 0.2879700 0.0358506 0.0000000 0.0041978 0.0275832 0.0000000 0.0000000 0.0031984 0.0000000 0.0000000 0.4645767 0.0125656
 25 K  25 0.1231975 0.0690454 0.0400379 0.0651080 0.0036399 0.0503179 0.1056567 0.0044459 0.0203751 0.0023622 0.0095247 0.2542168 0.0010645 0.0052611 0.0790850 0.0885332 0.0433894 0.0000000 0.0041023 0.0180710 0.0125656
 26 P  26 0.2430384 0.0248834 0.0054370 0.0000000 0.0000000 0.0552910 0.0460256 0.0014776 0.0032801 0.0167503 0.0212215 0.0621635 0.0019468 0.0000000 0.2337114 0.0526812 0.0264073 0.0000000 0.0000000 0.1931192 0.0125656
 27 G  27 0.0000000 0.0000000 0.0132935 0.0151368 0.0000000 0.0000000 0.0074941 0.9377749 0.0015016 0.0000000 0.0000000 0.0025243 0.0069396 0.0000000 0.0000000 0.0027696 0.0000000 0.0000000 0.0000000 0.0000000 0.0125656
 28 D  28 0.0267039 0.0092313 0.0053807 0.4213537 0.0000000 0.0615195 0.1849244 0.0486205 0.0015431 0.0000000 0.0000000 0.0351417 0.0039655 0.0000000 0.0029096 0.0289181 0.1499293 0.0000000 0.0015757 0.0039840 0.0142991
 29 T  29 0.0100868 0.0436015 0.0043750 0.0000000 0.0011454 0.0314343 0.0358126 0.0019006 0.0059811 0.0209900 0.0135710 0.0954928 0.0032804 0.0000000 0.0200664 0.0611548 0.5942271 0.0013108 0.0000000 0.0457284 0.0098410
 30 V  30 0.0000000 0.0000000 0.0000000 0.0000000 0.0000000 0.0000000 0.0000000 0.0000000 0.0000000 0.2236378 0.0276065 0.0018326 0.0000000 0.0000000 0.0000000 0.0000000 0.0029211 0.0000000 0.0122619 0.7260885 0.0056515
 31 E  31 0.0189385 0.1975752 0.0078335 0.0018455 0.0017238 0.0222931 0.1143217 0.0000000 0.0195311 0.0396462 0.0117494 0.1130981 0.0079362 0.0024366 0.0000000 0.0153157 0.3174528 0.0000000 0.0051418 0.0974614 0.0056994
 32 F  32 0.0000000 0.0000000 0.0029096 0.0000000 0.0000000 0.0000000 0.0000000 0.0000000 0.0000000 0.0050349 0.1068931 0.0000000 0.0023319 0.4924875 0.0000000 0.0000000 0.0000000 0.3713975 0.0088331 0.0065184 0.0035941
 33 L  33 0.0108687 0.0240780 0.0184164 0.0251779 0.0000000 0.0291231 0.1281813 0.0013550 0.0250026 0.0880186 0.0484706 0.1183329 0.0106978 0.0068464 0.0000000 0.0216923 0.1264964 0.0000000 0.0031561 0.2842017 0.0298842
 34 N  34 0.0294518 0.0000000 0.6297662 0.0015134 0.0000000 0.0105631 0.0000000 0.0038575 0.0201430 0.0040309 0.0128517 0.0021768 0.0076149 0.0657575 0.0750164 0.0040771 0.0022873 0.0977712 0.0021053 0.0130140 0.0180018
 35 N  35 0.0694899 0.0304642 0.1407329 0.0590617 0.0000000 0.0227553 0.0907564 0.0112879 0.0251539 0.0083194 0.0269539 0.0947242 0.0108230 0.0231717 0.0420492 0.0440915 0.1889749 0.0000000 0.0135252 0.0618107 0.0358542
 36 K  36 0.0532937 0.0012757 0.0238810 0.3588342 0.0012068 0.0021241 0.0201713 0.2708769 0.0083623 0.0000000 0.0046839 0.0364124 0.0069582 0.0016934 0.0048312 0.1071195 0.0248557 0.0061417 0.0137619 0.0018498 0.0516663
 37 V  37 0.0696832 0.0403874 0.0470934 0.0528049 0.0000000 0.0554971 0.0599157 0.1617070 0.0184006 0.0157962 0.0401663 0.1074645 0.0185863 0.0147685 0.0787302 0.0964166 0.0609092 0.0000000 0.0060967 0.0332904 0.0222858
 38 P  38 0.0921157 0.0191469 0.0153345 0.0107091 0.0031074 0.0250981 0.0436983 0.1479754 0.0060859 0.0504505 0.1053305 0.0391927 0.0900601 0.0620981 0.0241528 0.0248413 0.0603113 0.0000000 0.0102961 0.1046115 0.0653839
 39 P  39 0.1042099 0.0171901 0.0676223 0.0463615 0.0000000 0.0269224 0.0494485 0.0637472 0.0141596 0.0101179 0.0324278 0.0348094 0.0116976 0.0232224 0.2483149 0.0738948 0.0318769 0.0000000 0.0046429 0.0268214 0.1125127
 40 H  40 0.0000000 0.0000000 0.0000000 0.0020682 0.0024820 0.0029354 0.0000000 0.0000000 0.9633598 0.0000000 0.0000000 0.0000000 0.0000000 0.0000000 0.0000000 0.0029741 0.0025813 0.0000000 0.0000000 0.0031074 0.0204918
 41 N  41 0.0079947 0.0000000 0.3853199 0.0616404 0.0000000 0.0054950 0.1253573 0.0028972 0.0000000 0.0041832 0.0000000 0.0048374 0.0016010 0.0014395 0.0000000 0.0921947 0.2528706 0.0000000 0.0235407 0.0040917 0.0265364
 42 V  42 0.1322899 0.0000000 0.0000000 0.0000000 0.0029172 0.0000000 0.0000000 0.0000000 0.0000000 0.1037357 0.0551641 0.0000000 0.0340363 0.1393416 0.0000000 0.0065137 0.0201436 0.0144804 0.0051118 0.4585345 0.0277310
 43 V  43 0.0889954 0.0085880 0.0248523 0.0174729 0.0000000 0.0150526 0.0614269 0.0099201 0.0301808 0.0358007 0.0338989 0.0076295 0.0060214 0.0053003 0.0000000 0.0167305 0.2954513 0.0097075 0.0079548 0.2826261 0.0423898
 44 F  44 0.1662337 0.0043523 0.0147663 0.0047696 0.0012190 0.0272078 0.0098347 0.0056132 0.0063895 0.0906499 0.1245898 0.0057194 0.0120119 0.1504131 0.0103445 0.1734056 0.0372776 0.0023871 0.0064236 0.0835410 0.0628505
 45 D  45 0.0543932 0.0168074 0.0112863 0.1592437 0.0000000 0.0177338 0.0698973 0.1661156 0.0330697 0.0914098 0.0313625 0.0533726 0.0107142 0.0052743 0.0032445 0.0449170 0.0389577 0.0018149 0.0574562 0.0578006 0.0751288
 46 A  46 0.0809292 0.0121523 0.0473340 0.1377722 0.0000000 0.0317037 0.1258231 0.0633742 0.0242964 0.0027708 0.0028676 0.0992307 0.0010569 0.0029295 0.0355120 0.1263270 0.1120989 0.0000000 0.0012435 0.0122369 0.0803412
 47 A  47 0.0603015 0.0166032 0.0244530 0.1216582 0.0013418 0.0290061 0.0538027 0.1767576 0.0056091 0.0086236 0.0163619 0.0449690 0.0166698 0.0637707 0.1138709 0.0263878 0.0301862 0.0032056 0.0130466 0.0350828 0.1382920
 48 L  48 0.1526942 0.0095103 0.0188795 0.0859453 0.0193259 0.0121677 0.0727728 0.1216731 0.0074245 0.0178514 0.0466159 0.0409100 0.0685054 0.0120616 0.0200527 0.0643421 0.0400160 0.0060789 0.0035934 0.0125801 0.1669991
 49 N  49 0.0528440 0.0206549 0.0518035 0.0736856 0.0009049 0.0243904 0.0662546 0.0501374 0.0169456 0.0826978 0.0631612 0.0370545 0.0244593 0.0292937 0.0084832 0.0327026 0.0478282 0.0111572 0.0037238 0.0835518 0.2182658
 50 P  50 0.0376009 0.0153841 0.0381537 0.0430000 0.0000000 0.0317763 0.0101616 0.0467895 0.0304536 0.0274548 0.0804204 0.0019658 0.0046975 0.0111856 0.3375525 0.0123575 0.0166332 0.0029645 0.0014623 0.0162876 0.2336987
 51 A  51 0.1115251 0.0142814 0.0077779 0.0999206 0.0571511 0.0275277 0.1136277 0.0339249 0.0062252 0.0058532 0.0491965 0.0419973 0.0139426 0.0198497 0.0461049 0.0606502 0.0093232 0.0054834 0.0033199 0.0297180 0.2425997
 52 K  52 0.0566833 0.0112095 0.0332653 0.0674608 0.0000000 0.0366894 0.1240554 0.2142615 0.0145990 0.0063579 0.0070120 0.0429184 0.0075561 0.0110811 0.0164377 0.0373001 0.0303742 0.0000000 0.0094445 0.0132533 0.2600406
 53 S  53 0.1687069 0.0161673 0.0163443 0.0306531 0.0029720 0.0270054 0.0095353 0.0699555 0.1382952 0.0313999 0.0072875 0.0053997 0.0033957 0.0085192 0.0359845 0.0449867 0.0100345 0.0142716 0.0074252 0.0928083 0.2588525
 54 A  54 0.1423050 0.0331306 0.0178335 0.0370766 0.0000000 0.0272569 0.0734511 0.1090304 0.0050740 0.0188728 0.0185030 0.0554000 0.0134502 0.0086314 0.0500337 0.0321813 0.0560939 0.0000000 0.0129612 0.0312933 0.2574212
 55 D  55 0.1132092 0.0062210 0.0415235 0.0682668 0.0000000 0.0266998 0.0916907 0.0541687 0.0015672 0.0207292 0.0164898 0.0570922 0.0082042 0.0333828 0.0628699 0.0288831 0.0238130 0.0014219 0.0329706 0.0331305 0.2776658
 56 L  56 0.0729429 0.0077401 0.0287319 0.0253859 0.0000000 0.0188667 0.0559093 0.0622923 0.0031370 0.0113566 0.0365485 0.0076670 0.0551529 0.1308613 0.0298323 0.0350645 0.0140564 0.0614721 0.0060549 0.0648224 0.2721051
 57 A  57 0.1580596 0.0136885 0.0274554 0.0393246 0.0000000 0.0191416 0.0531450 0.0482910 0.0235564 0.0033669 0.0112848 0.0965986 0.1225227 0.0042193 0.0109528 0.0754670 0.0217829 0.0000000 0.0048146 0.0171766 0.2491518
 58 K  58 0.0726685 0.0144167 0.0196739 0.0478673 0.0000000 0.0125637 0.0530012 0.1538832 0.0000000 0.0393606 0.0128563 0.0448714 0.0087089 0.0099346 0.0746989 0.1289374 0.0386045 0.0000000 0.0000000 0.0308755 0.2370772
 59 S  59 0.1015856 0.0165103 0.0213619 0.0365909 0.0021053 0.0236891 0.0957448 0.0889741 0.0049453 0.0105666 0.0084130 0.1334611 0.0078789 0.0293187 0.0317621 0.0910235 0.0477525 0.0059998 0.0061084 0.0099413 0.2262669
 60 L  60 0.0261704 0.0096475 0.0152554 0.0166829 0.0026535 0.0108742 0.0214562 0.0800898 0.0094411 0.0874744 0.0830647 0.0231163 0.1937114 0.0508106 0.0324065 0.0216983 0.0145540 0.0252655 0.0079712 0.0336067 0.2340496
 61 S  61 0.0640038 0.0099173 0.0879298 0.0937803 0.0000000 0.0089087 0.0715202 0.0824968 0.0024425 0.0368056 0.0391801 0.0158671 0.0015767 0.0273548 0.0486904 0.1502892 0.0185658 0.0133115 0.0135006 0.0088893 0.2049694
 62 H  62 0.0339610 0.0139262 0.0265046 0.0343871 0.0000000 0.0123808 0.0834606 0.0515276 0.1127012 0.0284812 0.0120962 0.0197018 0.0180934 0.1892439 0.0305080 0.0532972 0.0317876 0.0303346 0.0189237 0.0202850 0.1783983
 63 K  63 0.0404251 0.0198222 0.0795364 0.2074915 0.0000000 0.0188681 0.1095972 0.0600879 0.0507210 0.0068263 0.0079041 0.0427321 0.0065208 0.0075469 0.0229825 0.0856871 0.0337813 0.0033635 0.0062562 0.0196776 0.1701725
 64 Q  64 0.0276823 0.0121251 0.0144472 0.1279759 0.0000000 0.0163948 0.1160854 0.0385367 0.0107261 0.0175695 0.0082207 0.0167599 0.0195467 0.0148218 0.0152615 0.2664350 0.0830928 0.0000000 0.0132164 0.0150270 0.1660752
 65 L  65 0.0213145 0.0156382 0.0200029 0.0285278 0.0000000 0.0067085 0.0257109 0.1516251 0.0098852 0.0649823 0.1216759 0.0461875 0.0079643 0.0109420 0.1228004 0.0368423 0.0298817 0.0000000 0.0289597 0.0816215 0.1687292
 66 L  66 0.0752961 0.0601316 0.0180433 0.0127144 0.0000000 0.0127623 0.0394926 0.0045895 0.0174601 0.0353905 0.2082384 0.0083546 0.0493664 0.0237938 0.0362702 0.0515547 0.0833178 0.0054710 0.0203851 0.0935799 0.1437876
 67 M  67 0.0350825 0.0101084 0.0401971 0.0082516 0.0000000 0.0138738 0.0107576 0.0132338 0.0000000 0.0986821 0.2982756 0.0139126 0.0675312 0.0402479 0.0068748 0.0505309 0.0290025 0.0000000 0.0192410 0.1050094 0.1391872
 68 S  68 0.1510997 0.0147912 0.0554500 0.0742726 0.0000000 0.0573045 0.1206832 0.0813314 0.0074389 0.0093785 0.0159486 0.0617050 0.0332678 0.0134966 0.0397869 0.0638754 0.0423129 0.0000000 0.0042077 0.0104639 0.1431850
 69 P  69 0.1134781 0.0137869 0.0109065 0.0158818 0.0000000 0.0408852 0.0441071 0.0481012 0.0103324 0.0085616 0.0024357 0.0416941 0.0014245 0.0017659 0.4001023 0.0430353 0.0610903 0.0000000 0.0000000 0.0133647 0.1290466
 70 G  70 0.0129648 0.0134134 0.0578392 0.0472920 0.0000000 0.0052205 0.0246771 0.6570135 0.0021970 0.0000000 0.0000000 0.0226646 0.0000000 0.0029295 0.0122554 0.0245856 0.0030149 0.0000000 0.0000000 0.0065120 0.1074206
 71 Q  71 0.0836188 0.0106426 0.0168174 0.0613037 0.0000000 0.1489259 0.2904828 0.0335641 0.0249142 0.0051824 0.0025347 0.1082632 0.0063849 0.0217398 0.0077383 0.0340205 0.0428143 0.0041168 0.0150333 0.0171412 0.0647609
 72 S  72 0.0231460 0.0419660 0.0222602 0.0181099 0.0000000 0.0292757 0.0987828 0.0075420 0.0079099 0.0078142 0.0025662 0.0533980 0.0114923 0.0064227 0.0059068 0.2749988 0.3098385 0.0000000 0.0000000 0.0226666 0.0559033
 73 T  73 0.0811929 0.0168088 0.0115345 0.0241581 0.0000000 0.0125907 0.0361342 0.1012587 0.0098563 0.0355297 0.0240468 0.0177590 0.0061258 0.2284107 0.0020068 0.0138677 0.0226808 0.0646894 0.1961030 0.0516339 0.0436121
 74 S  74 0.0414756 0.0337397 0.0170940 0.0441807 0.0018396 0.0288720 0.2838409 0.0088642 0.0127078 0.0060604 0.0042745 0.0298789 0.0000000 0.0019028 0.0045641 0.1946151 0.2109664 0.0000000 0.0000000 0.0393923 0.0357311
 75 T  75 0.0097343 0.0309331 0.0052369 0.0022778 0.0000000 0.0246495 0.0074947 0.0026492 0.1224844 0.1417491 0.1118786 0.0103774 0.0150138 0.0878020 0.0000000 0.0209742 0.0153792 0.0346497 0.1119294 0.2120017 0.0327850
 76 T  76 0.0149640 0.0411703 0.0041900 0.0129345 0.0000000 0.0116763 0.0604717 0.0022262 0.0059343 0.0535347 0.0199210 0.0552594 0.0011983 0.0146246 0.0044728 0.0316840 0.4863489 0.0025202 0.0104421 0.1284601 0.0379666
 77 F  77 0.0019107 0.0016004 0.0000000 0.0000000 0.0000000 0.0024594 0.0000000 0.0000000 0.0000000 0.0311014 0.1059207 0.0017753 0.0025243 0.5900231 0.0000000 0.0016047 0.0120816 0.1240377 0.0084859 0.0587905 0.0576843
 78 P  78 0.0068856 0.0221897 0.0575275 0.1544482 0.0000000 0.0356011 0.1336935 0.0045690 0.0137221 0.0101690 0.0072813 0.1053516 0.0090551 0.0000000 0.0294144 0.0170914 0.1950165 0.0000000 0.0015657 0.0184284 0.1779900
 79 A  79 0.1842278 0.0058141 0.0194111 0.0255649 0.0000000 0.0183139 0.0203718 0.0059613 0.0106549 0.0417718 0.0070262 0.0238214 0.0031544 0.1212753 0.0087530 0.0269859 0.1013036 0.0000000 0.0022488 0.1004365 0.2729031
 80 D  80 0.0278918 0.0104524 0.0319835 0.0525509 0.0000000 0.0038588 0.1099300 0.0089321 0.0000000 0.0053330 0.0264504 0.0178321 0.0024146 0.0062802 0.1581755 0.0159683 0.0475786 0.0000000 0.0000000 0.0173257 0.4570421
 81 A  81 0.0677010 0.0272541 0.0264132 0.0343352 0.0000000 0.0147766 0.0270262 0.0179572 0.0037465 0.0150593 0.0340793 0.0307473 0.0089460 0.0023044 0.0000000 0.0715565 0.1686414 0.0000000 0.0015213 0.0165732 0.4313612
 82 P  82 0.0135138 0.0242117 0.0410984 0.0667370 0.0000000 0.0542517 0.2096242 0.0031556 0.0072834 0.0055061 0.0021241 0.1583776 0.0045827 0.0000000 0.0478292 0.0116807 0.0339885 0.0021970 0.0018770 0.0033726 0.3085887
 83 A  83 0.2212482 0.0082375 0.0077833 0.0097658 0.0000000 0.0076837 0.0272958 0.0054340 0.0000000 0.0096564 0.0089117 0.0350830 0.0019361 0.0000000 0.3422300 0.0485240 0.0447014 0.0000000 0.0030529 0.0278210 0.1906352
 84 G  84 0.0058137 0.0014548 0.0019438 0.0049758 0.0000000 0.0000000 0.0062012 0.8742371 0.0000000 0.0000000 0.0000000 0.0061815 0.0000000 0.0000000 0.0124013 0.0062261 0.0160420 0.0000000 0.0000000 0.0013323 0.0631903
 85 E  85 0.0408604 0.0343750 0.0282350 0.0626717 0.0000000 0.0090899 0.1282546 0.0010252 0.0032533 0.0671826 0.0370832 0.0238604 0.0043206 0.0151146 0.0093048 0.0406813 0.2887140 0.0000000 0.0013860 0.1559956 0.0485917
 86 Y  86 0.0043956 0.0000000 0.0025694 0.0000000 0.0000000 0.0050597 0.0014424 0.0000000 0.0319120 0.0652334 0.0207550 0.0045246 0.0055672 0.1423621 0.0065077 0.0065362 0.0068933 0.0161928 0.5942205 0.0540736 0.0317546
 87 T  87 0.0334922 0.0392162 0.0366802 0.1479093 0.0000000 0.0218769 0.1409623 0.0971033 0.0202425 0.0167883 0.0379764 0.0496796 0.0134838 0.0139114 0.1007003 0.0387737 0.0513305 0.0591958 0.0306174 0.0426293 0.0074304
 88 F  88 0.0090504 0.0000000 0.0000000 0.0000000 0.0000000 0.0000000 0.0000000 0.0023952 0.0000000 0.0530559 0.0351183 0.0000000 0.0043957 0.2713674 0.0000000 0.0000000 0.0000000 0.0000000 0.5737203 0.0508968 0.0000000
 89 Y  89 0.1203787 0.0426813 0.0050456 0.0054596 0.0030580 0.0152492 0.0183404 0.0114555 0.0656847 0.0771809 0.0294421 0.0696095 0.0029739 0.1143844 0.0000000 0.0190634 0.0129805 0.0184011 0.2520788 0.1110186 0.0055139
 90 C  90 0.0000000 0.0000000 0.0000000 0.0000000 0.9715160 0.0000000 0.0000000 0.0031809 0.0000000 0.0000000 0.0000000 0.0000000 0.0000000 0.0000000 0.0000000 0.0197892 0.0000000 0.0000000 0.0000000 0.0000000 0.0055139
 91 E  91 0.1033251 0.0321788 0.0095347 0.0275143 0.0000000 0.0278664 0.0603966 0.0363192 0.0028654 0.0447838 0.0316825 0.0213029 0.0366527 0.0000000 0.1606988 0.1238071 0.2354795 0.0000000 0.0000000 0.0400782 0.0055139
 92 P  92 0.0075695 0.0036125 0.0017391 0.0072766 0.0000000 0.0282049 0.0065890 0.2332806 0.0000000 0.0744650 0.0573061 0.0034326 0.0050149 0.0445195 0.3978420 0.0094896 0.0019161 0.0014817 0.0256421 0.0828172 0.0078012
 93 H  93 0.0000000 0.0024243 0.0075529 0.0024696 0.0000000 0.0021518 0.0000000 0.0266270 0.9406663 0.0000000 0.0000000 0.0000000 0.0000000 0.0040896 0.0000000 0.0000000 0.0000000 0.0000000 0.0085046 0.0000000 0.0055139
 94 R  94 0.0416035 0.0867707 0.0013057 0.0062854 0.0794042 0.0434463 0.0741534 0.0078624 0.0391536 0.0217450 0.0271677 0.0550076 0.0123595 0.0380561 0.2085958 0.0155297 0.0239918 0.0234916 0.1472418 0.0161803 0.0306478
 95 G  95 0.1018343 0.0324381 0.0116781 0.0449275 0.0000000 0.1113740 0.1293595 0.1402100 0.0198911 0.0145707 0.0125673 0.0172990 0.0216948 0.0172180 0.0188014 0.0864672 0.0482335 0.0824158 0.0230663 0.0034551 0.0624983
 96 A  96 0.2804942 0.0095044 0.0473199 0.0055254 0.0000000 0.0266984 0.0014417 0.0298469 0.0048635 0.0170243 0.0763981 0.0219997 0.1440432 0.0171506 0.0051115 0.0570358 0.0055710 0.0000000 0.0083180 0.0311353 0.2105181
 97 G  97 0.0071814 0.0091231 0.0591159 0.0000000 0.0022387 0.0074790 0.0076648 0.6248808 0.0012591 0.0060359 0.0029180 0.0026313 0.0000000 0.0026664 0.0000000 0.0079469 0.0060248 0.0000000 0.0000000 0.0177958 0.2350382
 98 M  98 0.0041903 0.0000000 0.0058432 0.0000000 0.0000000 0.0088687 0.0000000 0.0019557 0.0019868 0.0025023 0.0046379 0.0000000 0.9394618 0.0000000 0.0000000 0.0000000 0.0000000 0.0000000 0.0000000 0.0000000 0.0305532
 99 V  99 0.0345501 0.0545746 0.0238235 0.0034615 0.0000000 0.0433822 0.0199400 0.0091067 0.0333036 0.0589597 0.0158592 0.1776414 0.0048063 0.0310050 0.0000000 0.0161148 0.0903308 0.0048930 0.0453753 0.3141645 0.0187078
100 G 100 0.0832260 0.0071476 0.0000000 0.0000000 0.0000000 0.0017044 0.0064938 0.8220047 0.0000000 0.0000000 0.0165464 0.0000000 0.0280384 0.0042700 0.0000000 0.0038566 0.0000000 0.0000000 0.0000000 0.0034455 0.0232666
101 K 101 0.1078069 0.0558235 0.0045417 0.0280465 0.0000000 0.0279555 0.0320405 0.0067340 0.0121593 0.0388254 0.0982576 0.1261271 0.0237042 0.0057723 0.0076073 0.0555546 0.2168829 0.0000000 0.0058741 0.1207243 0.0255625
102 I 102 0.0085580 0.0000000 0.0000000 0.0000000 0.0000000 0.0000000 0.0000000 0.0000000 0.0000000 0.4430674 0.1280982 0.0000000 0.0412842 0.0241981 0.0000000 0.0000000 0.0000000 0.0000000 0.0000000 0.3276639 0.0271302
103 T 103 0.0276551 0.0276729 0.0101833 0.0088098 0.0000000 0.0607142 0.0281012 0.0018201 0.0123858 0.2049553 0.0222900 0.0593704 0.0022107 0.0047132 0.0000000 0.0169647 0.1914480 0.0000000 0.0142535 0.1961857 0.1102660
104 V 104 0.0062060 0.0000000 0.0000000 0.0000000 0.0025473 0.0000000 0.0000000 0.0000000 0.0000000 0.0488315 0.0000000 0.0000000 0.0000000 0.0000000 0.0000000 0.0000000 0.0000000 0.0000000 0.0000000 0.8129129 0.1295023
105 A 105 0.0425113 0.0050163 0.0530002 0.0023118 0.0000000 0.0610079 0.1767424 0.2003016 0.0000000 0.0000000 0.0000000 0.0052541 0.0000000 0.0000000 0.0000000 0.0559166 0.0097215 0.0000000 0.0022488 0.0142112 0.3717564
106 G 106 0.0405482 0.0000000 0.0000000 0.0000000 0.0000000 0.0000000 0.0000000 0.0523961 0.0000000 0.0000000 0.0000000 0.0000000 0.0000000 0.0000000 0.0000000 0.0000000 0.0000000 0.0000000 0.0000000 0.0000000 0.9070557
