  135         A         R         N         D         C         Q         E         G         H         I         L         K         M         F         P         S         T         W         Y         V         X    
  1 M   1 0.0000000 0.0000000 0.0000000 0.0000000 0.0000000 0.0000000 0.0000000 0.0000000 0.0000000 0.0000000 0.0104532 0.0000000 0.0912838 0.0000000 0.0000000 0.0000000 0.0000000 0.0000000 0.0000000 0.0097427 0.8885203
  2 R   2 0.0707080 0.0123363 0.0000000 0.0000000 0.0000000 0.0000000 0.0000000 0.0038175 0.0029635 0.0000000 0.0000000 0.0060850 0.0000000 0.0000000 0.0350797 0.0186536 0.0097939 0.0000000 0.0000000 0.0036774 0.8368852
  3 G   3 0.0127894 0.0000000 0.0052645 0.0000000 0.0000000 0.0080594 0.0038345 0.0327401 0.0000000 0.0155947 0.0032443 0.0072469 0.0863711 0.0078140 0.0000000 0.0355053 0.0142045 0.0000000 0.0000000 0.0125300 0.7548014
  4 S   4 0.0436770 0.0000000 0.0030994 0.0097244 0.0000000 0.0043083 0.0053373 0.0044810 0.0000000 0.0041350 0.0168985 0.0145783 0.0077087 0.0000000 0.0980954 0.0332507 0.0019308 0.0000000 0.0000000 0.0121816 0.7405934
  5 M   5 0.0339237 0.0000000 0.0041427 0.0072127 0.0000000 0.0321225 0.0252881 0.0000000 0.0000000 0.0092020 0.0057388 0.0152475 0.2032482 0.0000000 0.0220267 0.0017458 0.0146079 0.0000000 0.0000000 0.1016591 0.5238344
  6 S   6 0.1978514 0.0000000 0.0960947 0.1483457 0.0000000 0.0449376 0.0192093 0.0017413 0.0027582 0.0000000 0.0057143 0.0161818 0.0000000 0.0000000 0.0064596 0.0913228 0.0128784 0.0038173 0.0020619 0.0000000 0.3506255
  7 F   7 0.0000000 0.0000000 0.0000000 0.0000000 0.0000000 0.0035208 0.0000000 0.0000000 0.0000000 0.0496794 0.1555505 0.0000000 0.0222772 0.5308700 0.0000000 0.0000000 0.0000000 0.0048154 0.0432644 0.0000000 0.1900223
  8 S   8 0.0853006 0.0022347 0.1058047 0.0266669 0.0275104 0.0012250 0.0447810 0.0031042 0.0000000 0.0301147 0.0878530 0.0025489 0.0087338 0.0247842 0.0000000 0.1683781 0.1219783 0.0000000 0.0242080 0.1074396 0.1273340
  9 G   9 0.0189489 0.0000000 0.0023340 0.0022697 0.0056292 0.0033934 0.0000000 0.8431817 0.0000000 0.0000000 0.0000000 0.0168348 0.0000000 0.0000000 0.0000000 0.0014766 0.0000000 0.0000000 0.0000000 0.0018269 0.1041049
 10 K  10 0.0036094 0.0695287 0.0220302 0.0036825 0.0000000 0.0035078 0.0084217 0.0000000 0.0052448 0.0083094 0.0035258 0.2970331 0.0014025 0.0046578 0.0000000 0.0493618 0.3734551 0.0000000 0.0324353 0.0222627 0.0915313
 11 Y  11 0.0000000 0.0000000 0.0000000 0.0000000 0.0021719 0.0000000 0.0000000 0.0000000 0.0000000 0.0000000 0.0000000 0.0000000 0.0000000 0.0701913 0.0000000 0.0042919 0.0000000 0.5779568 0.2590277 0.0000000 0.0863604
 12 Q  12 0.0103331 0.0824002 0.0396236 0.0214224 0.0063885 0.0918719 0.0966677 0.0000000 0.0125437 0.0088823 0.0055256 0.4448735 0.0033851 0.0000000 0.0000000 0.0189235 0.0444248 0.0000000 0.0000000 0.0276828 0.0850514
 13 L  13 0.0082770 0.0332683 0.0000000 0.0000000 0.0033830 0.0428606 0.0000000 0.0000000 0.0416891 0.0243101 0.4230983 0.0106486 0.1161532 0.0643992 0.0065696 0.0135375 0.0246672 0.0067264 0.0276565 0.0721293 0.0806262
 14 Q  14 0.0282112 0.0043244 0.0036088 0.1221757 0.0023133 0.0415280 0.1675681 0.0187106 0.0063736 0.0760383 0.0223820 0.0486210 0.0114490 0.0028944 0.0000000 0.0475179 0.0690683 0.0000000 0.0323675 0.2142219 0.0806262
 15 S  15 0.0282384 0.1166276 0.0073555 0.0667818 0.0000000 0.0094255 0.0698980 0.0246081 0.0610881 0.0000000 0.0000000 0.1428320 0.0000000 0.0000000 0.0000000 0.3575357 0.0327866 0.0000000 0.0018573 0.0024581 0.0785073
 16 Q  16 0.0053518 0.0104644 0.1280993 0.0434608 0.0161165 0.1397248 0.0315438 0.0109443 0.0226573 0.0094141 0.0039332 0.0033830 0.0000000 0.0000000 0.0000000 0.4367110 0.0460821 0.0000000 0.0028006 0.0121030 0.0772100
 17 E  17 0.0064456 0.0038926 0.0111829 0.1531038 0.0056481 0.0278149 0.5702102 0.0000000 0.0247676 0.0058657 0.0013750 0.0613710 0.0015940 0.0000000 0.0000000 0.0226155 0.0100996 0.0000000 0.0000000 0.0168035 0.0772100
 18 N  18 0.0000000 0.0065696 0.7483884 0.0127982 0.0000000 0.0027602 0.0000000 0.0820869 0.0058544 0.0000000 0.0000000 0.0326855 0.0000000 0.0000000 0.0000000 0.0237719 0.0095004 0.0000000 0.0000000 0.0000000 0.0755844
 19 F  19 0.0035584 0.0000000 0.0000000 0.0046234 0.0000000 0.0067618 0.0000000 0.0083733 0.0035439 0.0212487 0.0621242 0.0000000 0.0400636 0.5602396 0.0000000 0.0069452 0.0104835 0.0060658 0.1822532 0.0101584 0.0735572
 20 E  20 0.0052990 0.0000000 0.0198602 0.4854733 0.0000000 0.0048154 0.3415728 0.0113607 0.0012781 0.0000000 0.0132717 0.0143398 0.0000000 0.0000000 0.0043249 0.0103865 0.0036100 0.0000000 0.0000000 0.0108506 0.0735572
 21 A  21 0.1315810 0.0043223 0.0233767 0.1678396 0.0052507 0.0147331 0.3727220 0.0529606 0.0000000 0.0000000 0.0024335 0.0752808 0.0024756 0.0028399 0.0383779 0.0194880 0.0021721 0.0000000 0.0000000 0.0094351 0.0747112
 22 F  22 0.0000000 0.0000000 0.0000000 0.0000000 0.0058822 0.0038349 0.0000000 0.0000000 0.0000000 0.0337000 0.0715879 0.0000000 0.0091464 0.3468761 0.0000000 0.0000000 0.0068960 0.0068035 0.4091763 0.0313855 0.0747112
 23 M  23 0.0056379 0.0021301 0.0069010 0.0000000 0.0115207 0.0000000 0.0000000 0.0000000 0.0000000 0.0131556 0.4224780 0.0000000 0.4128049 0.0234661 0.0000000 0.0028947 0.0025489 0.0017746 0.0048866 0.0226812 0.0671198
 24 K  24 0.0567073 0.0756008 0.0074253 0.0252005 0.0000000 0.0372998 0.1132280 0.0046107 0.0090618 0.0067809 0.0194051 0.4464630 0.0026010 0.0000000 0.0059206 0.0419240 0.0526596 0.0000000 0.0038345 0.0256285 0.0656486
 25 A  25 0.4542530 0.0224962 0.0045407 0.0092122 0.0052085 0.0283083 0.1487556 0.0131760 0.0053981 0.0000000 0.0272035 0.1104871 0.0000000 0.0042961 0.0000000 0.0621788 0.0078816 0.0000000 0.0000000 0.0334656 0.0631387
 26 I  26 0.0346655 0.0190848 0.0034717 0.0000000 0.0051023 0.0201848 0.0066666 0.0000000 0.0038145 0.1397699 0.4574918 0.0295006 0.0727880 0.0128200 0.0000000 0.0178531 0.0181540 0.0000000 0.0046234 0.0916589 0.0623501
 27 G  27 0.0083616 0.0015885 0.0258219 0.0796172 0.0012407 0.0146364 0.0073918 0.7812400 0.0000000 0.0000000 0.0000000 0.0154257 0.0000000 0.0000000 0.0025742 0.0104943 0.0000000 0.0000000 0.0000000 0.0000000 0.0516076
 28 L  28 0.0321687 0.0000000 0.0053817 0.0000000 0.0042639 0.0000000 0.0000000 0.0000000 0.0025035 0.1984362 0.1403327 0.0026620 0.0145543 0.0192310 0.0038173 0.0125901 0.0208407 0.0000000 0.0284966 0.4615426 0.0531787
 29 P  29 0.0244667 0.0142119 0.1880170 0.0682716 0.0048435 0.0023718 0.0041776 0.2774490 0.0089793 0.0033934 0.0023165 0.0070736 0.0000000 0.0000000 0.2525295 0.0929177 0.0061986 0.0000000 0.0000000 0.0041994 0.0385829
 30 E  30 0.0694966 0.0195118 0.0130024 0.0644000 0.0019242 0.0283813 0.0832479 0.0000000 0.0041994 0.0367317 0.1029567 0.0307676 0.0453958 0.1850951 0.0316728 0.0352020 0.0116217 0.0910650 0.0441763 0.0609153 0.0402362
 31 E  31 0.2713031 0.0095489 0.0038953 0.1397702 0.0000000 0.0063437 0.0948734 0.0028176 0.0103161 0.0661877 0.0730217 0.0000000 0.0547123 0.0754190 0.0131137 0.0213878 0.0147484 0.0000000 0.0041699 0.0981351 0.0402362
 32 L  32 0.0570326 0.0160604 0.0104195 0.0000000 0.0000000 0.0171842 0.0069379 0.0064366 0.0117173 0.0674619 0.2042811 0.1492481 0.0573168 0.0121766 0.0076465 0.0211589 0.2163605 0.0021188 0.0164841 0.0816410 0.0383171
 33 I  33 0.0184704 0.6577660 0.0000000 0.0000000 0.0000000 0.0102790 0.0000000 0.0092653 0.0099151 0.1493081 0.0169058 0.0123130 0.0029504 0.0128674 0.0000000 0.0000000 0.0042919 0.0090880 0.0022347 0.0378183 0.0465266
 34 Q  34 0.0451977 0.0240225 0.0308515 0.0347500 0.0000000 0.1714016 0.0547297 0.0046910 0.0052507 0.0000000 0.0069803 0.4741983 0.0173876 0.0038145 0.0243105 0.0156986 0.0371162 0.0000000 0.0000000 0.0030727 0.0465266
 35 K  35 0.1142260 0.0197503 0.0130539 0.0000000 0.0000000 0.0181573 0.0058843 0.0071127 0.0054667 0.1620108 0.1810291 0.1179314 0.1545090 0.0035439 0.0154171 0.0082465 0.0159993 0.0022837 0.0000000 0.1081535 0.0472245
 36 G  36 0.4295030 0.0056427 0.0000000 0.0041060 0.0000000 0.0094141 0.0078951 0.2345304 0.0000000 0.0569935 0.0435171 0.0046234 0.0263301 0.0164278 0.0000000 0.0239248 0.0053011 0.0000000 0.0100585 0.0772051 0.0445274
 37 K  37 0.1291075 0.0568728 0.1347318 0.0158298 0.0588416 0.0368745 0.0130804 0.0363604 0.0061004 0.0100095 0.0827948 0.1898753 0.0053494 0.0000000 0.0036398 0.0568341 0.0750172 0.0000000 0.0000000 0.0397757 0.0489049
 38 D  38 0.0857507 0.0267686 0.0598873 0.1040039 0.0043192 0.0213976 0.0230565 0.0065796 0.0533618 0.0254768 0.1560056 0.0732171 0.0911901 0.0301500 0.0000000 0.0901217 0.0653962 0.0000000 0.0057431 0.0405976 0.0369768
 39 I  39 0.2220465 0.0000000 0.0082479 0.0410761 0.0062452 0.0053437 0.0112233 0.0152535 0.0046883 0.0621006 0.1726150 0.0120066 0.0364371 0.0702538 0.0048926 0.0769909 0.1024569 0.0000000 0.0255988 0.0855462 0.0369768
 40 K  40 0.0165178 0.0389452 0.0807891 0.0316477 0.0000000 0.0023263 0.0271634 0.0173402 0.0201484 0.0038115 0.0000000 0.4646373 0.0016256 0.0115644 0.0033851 0.1375076 0.0910726 0.0000000 0.0015109 0.0106242 0.0393827
 41 G  41 0.0216665 0.0000000 0.0039835 0.0041110 0.0031066 0.0331181 0.0027222 0.0200433 0.0069151 0.0290612 0.0834008 0.0136135 0.0096187 0.0279209 0.5597041 0.0548475 0.0129346 0.0000000 0.0067848 0.0670029 0.0394446
 42 V  42 0.0113550 0.0290026 0.0373723 0.0880675 0.0038695 0.0450270 0.0200198 0.0000000 0.0238874 0.0750155 0.0132093 0.0783587 0.0098800 0.0050582 0.0138299 0.0498048 0.2826555 0.0000000 0.0137647 0.1608749 0.0389472
 43 S  43 0.0015007 0.0013900 0.0130229 0.0076536 0.0281320 0.0347806 0.0190927 0.0000000 0.0174565 0.0979574 0.1358336 0.1329422 0.0410346 0.0254000 0.0014136 0.0527920 0.1136675 0.0000000 0.0182009 0.2173044 0.0404246
 44 E  44 0.0014937 0.0050959 0.0102316 0.0315745 0.0036088 0.0196200 0.4094048 0.0041110 0.0059887 0.1615234 0.0101217 0.0401077 0.0012948 0.0000000 0.0000000 0.0174827 0.1417276 0.0000000 0.0039148 0.0956735 0.0370247
 45 I  45 0.0029986 0.0027602 0.0000000 0.0000000 0.0122218 0.0022298 0.0000000 0.0000000 0.0161760 0.5972325 0.0657622 0.0025432 0.0070124 0.0933825 0.0000000 0.0028074 0.0051933 0.0027113 0.0214988 0.1274297 0.0380403
 46 V  46 0.0252148 0.0541830 0.0118047 0.0349015 0.0067400 0.0747063 0.1175164 0.0027602 0.0026954 0.0359752 0.0147231 0.0674695 0.0042680 0.0014913 0.0000000 0.2187954 0.1997786 0.0000000 0.0066862 0.0825233 0.0377671
 47 Q  47 0.0170694 0.0303188 0.0202897 0.0180235 0.0385123 0.3507887 0.0327946 0.0054248 0.0546260 0.0335081 0.0530820 0.1265055 0.0177382 0.0092177 0.0000000 0.0128367 0.0152369 0.0000000 0.0033807 0.1236216 0.0370247
 48 N  48 0.0166395 0.0102454 0.2419525 0.3068442 0.0000000 0.0274597 0.1200752 0.0082616 0.0000000 0.0021104 0.0080394 0.0606229 0.0000000 0.0014796 0.0000000 0.0805036 0.0507980 0.0000000 0.0049559 0.0229876 0.0370247
 49 G  49 0.0270575 0.0021992 0.0134730 0.0726283 0.0039078 0.0000000 0.0436568 0.7245903 0.0000000 0.0000000 0.0052507 0.0038672 0.0000000 0.0000000 0.0451984 0.0099830 0.0094141 0.0000000 0.0000000 0.0051412 0.0336327
 50 K  50 0.0094065 0.0000000 0.1857020 0.4893884 0.0050358 0.0377545 0.0604952 0.0818059 0.0018045 0.0046234 0.0000000 0.0589239 0.0000000 0.0000000 0.0046578 0.0189640 0.0097139 0.0000000 0.0000000 0.0000000 0.0317242
 51 H  51 0.0080583 0.0378818 0.0804172 0.0748847 0.0094659 0.0565611 0.0485636 0.0261481 0.0964941 0.0161385 0.0207816 0.1725293 0.0076506 0.0000000 0.0000000 0.0901906 0.1452453 0.0112273 0.0141402 0.0518974 0.0317242
 52 F  52 0.0010358 0.0000000 0.0000000 0.0000000 0.0032652 0.0000000 0.0011247 0.0000000 0.0033934 0.1242752 0.0931146 0.0000000 0.0803866 0.3351731 0.0000000 0.0039332 0.0000000 0.0892444 0.1520389 0.0829175 0.0300976
 53 K  53 0.0088984 0.0183274 0.0414188 0.0422037 0.0146942 0.0017715 0.0205679 0.0028880 0.0433054 0.0447659 0.0069354 0.1160351 0.0000000 0.0050819 0.0000000 0.0480489 0.4059480 0.0041994 0.0388817 0.1059308 0.0300976
 54 F  54 0.0000000 0.0000000 0.0029587 0.0112186 0.0090872 0.0053817 0.0125507 0.0000000 0.0000000 0.3715999 0.1168221 0.0052085 0.0830722 0.0648778 0.0000000 0.0090825 0.0182718 0.0559228 0.0408873 0.1629606 0.0300976
 55 T  55 0.0120875 0.1169545 0.0310219 0.0065568 0.0067512 0.0220265 0.0303699 0.0046071 0.0183113 0.0271516 0.0089439 0.3938246 0.0000000 0.0000000 0.0000000 0.0746079 0.1794384 0.0000000 0.0000000 0.0396449 0.0277019
 56 I  56 0.0093728 0.0283680 0.0510917 0.0022047 0.0033934 0.0570562 0.0459434 0.0066402 0.0019308 0.0690601 0.0205038 0.0000000 0.0294136 0.0232457 0.0000000 0.1244993 0.4328760 0.0000000 0.0081752 0.0569171 0.0293079
 57 T  57 0.0188808 0.0180624 0.0278337 0.0256966 0.0038036 0.0602802 0.1248088 0.0115449 0.0210184 0.0659946 0.1226933 0.0773275 0.0063643 0.0027220 0.0000000 0.1153662 0.1341924 0.0194378 0.0556619 0.0585100 0.0298005
 58 A  58 0.0477639 0.0063497 0.0396347 0.0115867 0.0067743 0.0000000 0.0067848 0.0137858 0.0000000 0.0253441 0.0133701 0.0124737 0.0142376 0.0135379 0.0165070 0.4311797 0.2776917 0.0060458 0.0131250 0.0077903 0.0360174
 59 G  59 0.0404932 0.0276290 0.0144426 0.0091687 0.0000000 0.0120803 0.0252125 0.1656862 0.0000000 0.0288909 0.0209787 0.0300424 0.0243817 0.0133544 0.1198284 0.0857646 0.3311281 0.0070736 0.0000000 0.0131851 0.0306596
 60 S  60 0.0195958 0.0199068 0.0304257 0.0382032 0.0019242 0.0087852 0.0248054 0.0904714 0.0108162 0.0602557 0.1187075 0.0544612 0.0258238 0.3195892 0.0152792 0.0345329 0.0144105 0.0000000 0.0000000 0.0810737 0.0309325
 61 K  61 0.0160139 0.2162590 0.0211972 0.0000000 0.0053486 0.0406016 0.0126940 0.0593662 0.0208922 0.0160924 0.0100237 0.4872101 0.0077757 0.0162872 0.0021547 0.0165113 0.0128326 0.0073663 0.0000000 0.0059027 0.0254707
 62 V  62 0.0142129 0.0118098 0.2801537 0.0367921 0.0000000 0.0099638 0.0352205 0.0000000 0.0084244 0.0174869 0.0015089 0.0324859 0.0018145 0.0018045 0.0130681 0.1330035 0.3085963 0.0000000 0.0000000 0.0685808 0.0250733
 63 I  63 0.0260355 0.0248656 0.0397312 0.0145222 0.0000000 0.0153994 0.0221937 0.0051658 0.0226991 0.0622474 0.0622654 0.0615155 0.0340857 0.0495680 0.0038145 0.0728072 0.2721231 0.0127311 0.0925275 0.0806288 0.0250733
 64 Q  64 0.0122043 0.0094884 0.0332136 0.0612569 0.0000000 0.0511042 0.3184264 0.0027113 0.0309898 0.0254816 0.0225081 0.0350483 0.0089318 0.0102864 0.0000000 0.0551760 0.1834106 0.0000000 0.0204478 0.0940447 0.0252699
 65 N  65 0.0243422 0.0093098 0.2105883 0.0116838 0.0058098 0.0150546 0.0038349 0.0000000 0.0248382 0.2308176 0.0630696 0.0306611 0.0753393 0.0570274 0.0000000 0.0171953 0.0488263 0.0094788 0.0205681 0.1139408 0.0276140
 66 E  66 0.0229948 0.0148885 0.0658653 0.0719318 0.0057762 0.0158124 0.1042655 0.0065407 0.0207870 0.0059820 0.0026041 0.1642010 0.0000000 0.0028880 0.0052085 0.2234418 0.2018304 0.0000000 0.0000000 0.0335101 0.0314718
 67 F  67 0.0014937 0.0000000 0.0048154 0.0000000 0.0287120 0.0000000 0.0000000 0.0015943 0.0000000 0.0262381 0.0336702 0.0000000 0.0106014 0.7444580 0.0000000 0.0025389 0.0067618 0.0317558 0.0469225 0.0289662 0.0314718
 68 T  68 0.0152858 0.0533724 0.0327452 0.0212973 0.0030017 0.0342774 0.0646650 0.0111940 0.0107162 0.0211953 0.0019532 0.3266520 0.0065696 0.0064268 0.0111333 0.0406986 0.2779369 0.0000000 0.0042435 0.0251639 0.0314718
 69 V  69 0.0000000 0.0000000 0.0066683 0.0040080 0.0000000 0.0000000 0.0035258 0.0000000 0.0000000 0.1707131 0.4898438 0.0000000 0.0073472 0.0491415 0.0262594 0.0249673 0.0102046 0.0047919 0.0069010 0.1685355 0.0270925
 70 G  70 0.0139523 0.0097849 0.0492935 0.0497425 0.0000000 0.0030821 0.0183908 0.8020085 0.0000000 0.0000000 0.0000000 0.0026402 0.0024561 0.0000000 0.0000000 0.0129901 0.0069010 0.0000000 0.0000000 0.0000000 0.0287579
 71 E  71 0.0093768 0.0174419 0.0052423 0.0128434 0.0000000 0.1520835 0.3984721 0.0194202 0.0093054 0.0039739 0.0023737 0.1368403 0.0095492 0.0113600 0.0036398 0.0052620 0.0298760 0.0000000 0.0000000 0.1458467 0.0270925
 72 E  72 0.0289983 0.0000000 0.0087658 0.0306656 0.0000000 0.0173428 0.6433677 0.0050238 0.0000000 0.0000000 0.0145394 0.0561170 0.0053817 0.0000000 0.0674902 0.0419141 0.0359772 0.0000000 0.0000000 0.0173239 0.0270925
 73 C  73 0.0464283 0.0000000 0.0022534 0.0000000 0.0599951 0.0124759 0.0135727 0.0118796 0.0000000 0.0128086 0.0182799 0.0011765 0.0029694 0.5908092 0.0128789 0.0677289 0.0278342 0.0087264 0.0362085 0.0396893 0.0342854
 74 E  74 0.0029895 0.0000000 0.0412768 0.3153137 0.0000000 0.0220828 0.3932894 0.0032372 0.0000000 0.0092847 0.0067708 0.0511620 0.0000000 0.0000000 0.0077370 0.0220827 0.0319843 0.0000000 0.0062528 0.0545811 0.0319554
 75 L  75 0.0221539 0.0029694 0.0041994 0.0532269 0.0034950 0.0341006 0.5358718 0.0202861 0.0072156 0.0649081 0.0531040 0.0092572 0.0404448 0.0237736 0.0000000 0.0036309 0.0166457 0.0000000 0.0390452 0.0347631 0.0309087
 76 E  76 0.0226227 0.0151479 0.0389069 0.0951272 0.0091561 0.0414596 0.2121506 0.0045563 0.0199446 0.0261042 0.0223250 0.0866182 0.0050927 0.0090108 0.0103852 0.0313214 0.2435910 0.0028208 0.0132392 0.0595109 0.0309087
 77 T  77 0.0192688 0.0447255 0.0351715 0.0261981 0.0000000 0.0032501 0.0052458 0.1137576 0.0000000 0.0280436 0.0934836 0.0132314 0.0370032 0.0064488 0.0072987 0.0525298 0.4647579 0.0020170 0.0000000 0.0154814 0.0320871
 78 M  78 0.2091881 0.0000000 0.0078151 0.0058660 0.0000000 0.0098448 0.0033849 0.0305466 0.0048695 0.0739082 0.1797610 0.0038173 0.0803844 0.0409075 0.1646673 0.0189136 0.0110600 0.0030994 0.0079517 0.1056130 0.0384018
 79 T  79 0.0146379 0.0169200 0.0170058 0.5889317 0.0000000 0.0035331 0.0148548 0.0901379 0.0017788 0.0075987 0.0116259 0.0087674 0.0229999 0.0090705 0.0117869 0.0431154 0.0732949 0.0075194 0.0034326 0.0090460 0.0439424
 80 G  80 0.0135297 0.0036600 0.1014390 0.1368702 0.0020834 0.0062058 0.0242304 0.6055632 0.0000000 0.0083644 0.0000000 0.0111551 0.0000000 0.0036398 0.0043130 0.0334731 0.0000000 0.0000000 0.0000000 0.0024831 0.0429898
 81 E  81 0.0174419 0.4254478 0.0290504 0.0074741 0.0021729 0.0314730 0.0859777 0.0239369 0.0147379 0.0094019 0.0167505 0.1223353 0.0099284 0.0026010 0.0036398 0.0251403 0.0868777 0.0000000 0.0062817 0.0340692 0.0452613
 82 K  82 0.0164850 0.0267193 0.0349472 0.0173556 0.0000000 0.0372932 0.0553233 0.0036825 0.0386627 0.0391159 0.0048377 0.4876432 0.0256080 0.0000000 0.0357366 0.0360795 0.0767624 0.0000000 0.0049559 0.0241439 0.0346481
 83 V  83 0.0322503 0.0393976 0.0030994 0.0061170 0.1286846 0.0024086 0.0091703 0.0016439 0.0447321 0.0697971 0.0749550 0.0055185 0.0181050 0.0649650 0.0026081 0.0141153 0.0887442 0.0000000 0.0204698 0.3418392 0.0313790
 84 K  84 0.0104622 0.0618896 0.0337920 0.0209308 0.0000000 0.0828682 0.0510692 0.0047556 0.0112512 0.0176626 0.0029022 0.5491161 0.0387132 0.0000000 0.0059988 0.0330444 0.0404703 0.0000000 0.0000000 0.0026780 0.0323957
 85 T  85 0.1008871 0.0059273 0.0100349 0.0149639 0.0332425 0.0039902 0.0039998 0.0613420 0.0019609 0.0433280 0.0148397 0.0026081 0.0053055 0.0050358 0.0000000 0.3120138 0.2404008 0.0000000 0.0114437 0.0934855 0.0351905
 86 V  86 0.0139568 0.0096295 0.0137808 0.0033849 0.0019819 0.0050959 0.0068307 0.0013432 0.0039332 0.1305153 0.1129925 0.0143629 0.0142762 0.0177246 0.0076788 0.0432996 0.3343363 0.0000000 0.0000000 0.2348371 0.0300399
 87 V  87 0.0770208 0.0000000 0.0000000 0.0000000 0.0545179 0.0036888 0.0000000 0.0000000 0.0062907 0.1084577 0.0193235 0.0039998 0.0278858 0.0923358 0.0241288 0.0226511 0.0325851 0.0438072 0.0589004 0.3964893 0.0279172
 88 Q  88 0.0164471 0.0486186 0.0930021 0.0335305 0.0000000 0.0375560 0.0244112 0.0022697 0.0227449 0.0122144 0.0018557 0.0656638 0.0021925 0.0199232 0.0044445 0.0829194 0.4392855 0.0046578 0.0115740 0.0431713 0.0335178
 89 L  89 0.0076013 0.0258907 0.0000000 0.0053817 0.0023408 0.0325551 0.0132645 0.0026041 0.0000000 0.0535947 0.3001850 0.0540438 0.1177507 0.0842585 0.0037337 0.0105695 0.0000000 0.1819176 0.0288628 0.0404772 0.0349683
 90 E  90 0.0163944 0.0032589 0.0155238 0.2717975 0.0000000 0.0186452 0.4632427 0.0000000 0.0075287 0.0098251 0.0050959 0.0543931 0.0036888 0.0065696 0.0000000 0.0171603 0.0264835 0.0069785 0.0086832 0.0278961 0.0368346
 91 G  91 0.0041974 0.0113029 0.0932503 0.1291996 0.0000000 0.0000000 0.0383792 0.5445903 0.0065072 0.0000000 0.0026980 0.0197769 0.0026041 0.0000000 0.0000000 0.0527472 0.0248739 0.0000000 0.0000000 0.0000000 0.0698730
 92 D  92 0.0042072 0.0012098 0.1312416 0.3410904 0.0000000 0.0034717 0.0933066 0.2589795 0.0000000 0.0000000 0.0082456 0.0137279 0.0000000 0.0038662 0.0178335 0.0207097 0.0078921 0.0000000 0.0038145 0.0052507 0.0851528
 93 N  93 0.0522326 0.0285719 0.1710602 0.0378153 0.0081029 0.0080448 0.0080545 0.0687393 0.0280451 0.0052364 0.0079897 0.1800046 0.0058673 0.0067910 0.0000000 0.0686077 0.0921569 0.0016154 0.0000000 0.0479128 0.1731516
 94 K  94 0.0053494 0.0414968 0.0013339 0.0028857 0.0000000 0.0298421 0.0045930 0.0038662 0.0062022 0.0151058 0.3550990 0.3442853 0.0443702 0.0163022 0.0000000 0.0019870 0.0115354 0.0201856 0.0052507 0.0329137 0.0573958
 95 L  95 0.0036082 0.0112239 0.0100690 0.0000000 0.0000000 0.0052185 0.0046149 0.0109403 0.0086796 0.1696354 0.3180963 0.0281827 0.0348149 0.0298400 0.0000000 0.0046914 0.0642920 0.0105687 0.0000000 0.2443355 0.0411887
 96 V  96 0.0070656 0.0163248 0.0000000 0.0029230 0.0074573 0.1487171 0.0369130 0.0000000 0.1078455 0.1002930 0.0459605 0.0440521 0.0156494 0.0124131 0.0012900 0.0420394 0.1061945 0.0000000 0.0125650 0.2503959 0.0419007
 97 T  97 0.0445423 0.0029404 0.0052775 0.0195835 0.1426291 0.0594328 0.0483780 0.0247403 0.0900654 0.0509616 0.0290538 0.0377534 0.0141431 0.0141844 0.0000000 0.0263077 0.1291509 0.0000000 0.0088457 0.2108215 0.0411887
 98 A  98 0.0148584 0.0276728 0.0680903 0.0589901 0.0000000 0.2530183 0.1072438 0.0208414 0.0226550 0.0254588 0.0000000 0.0635589 0.0087839 0.0038735 0.0095012 0.0340685 0.1051129 0.0000000 0.0059295 0.1291541 0.0411887
 99 F  99 0.0141840 0.0216127 0.0461111 0.0519317 0.0008883 0.2272680 0.0296572 0.0658727 0.0084655 0.0203941 0.0238172 0.1819983 0.0223825 0.0778211 0.0052458 0.0423820 0.0660874 0.0000000 0.0232611 0.0142288 0.0563905
100 K 100 0.0219312 0.0347311 0.0202853 0.0236747 0.0000000 0.0058351 0.0269339 0.0615808 0.0180433 0.0061691 0.0140151 0.3680169 0.0109964 0.0018428 0.1388644 0.0000000 0.0081761 0.1667215 0.0069634 0.0088282 0.0563905
101 N 101 0.0063696 0.0124755 0.1231137 0.2088174 0.0000000 0.0178874 0.0923691 0.2206001 0.0070692 0.0019126 0.0397382 0.0947349 0.0120814 0.0000000 0.0116924 0.0564749 0.0174068 0.0019761 0.0000000 0.0159016 0.0593791
102 I 102 0.0205443 0.0143085 0.0203486 0.0610602 0.0010941 0.0000000 0.1150933 0.2178544 0.0024086 0.0673127 0.0730914 0.0018115 0.0089535 0.0450666 0.0188234 0.0607299 0.1064752 0.0052423 0.0494929 0.0585586 0.0517300
103 K 103 0.0028162 0.0442211 0.0225976 0.0563213 0.0056243 0.0233844 0.0456541 0.0202807 0.0552706 0.0106043 0.0000000 0.3666258 0.0158022 0.0065500 0.0011675 0.0447664 0.1382677 0.0000000 0.0124103 0.0759054 0.0517300
104 S 104 0.0421432 0.0167057 0.0207582 0.0204449 0.0020834 0.0257120 0.1739190 0.0323210 0.0489794 0.1189318 0.0344322 0.0094387 0.0201667 0.0480370 0.0222714 0.0747541 0.0589444 0.0857394 0.0231421 0.0631732 0.0579023
105 V 105 0.0092527 0.0069010 0.0459288 0.0099074 0.0033851 0.0060580 0.0479693 0.0000000 0.0012231 0.0786139 0.0119917 0.0228710 0.0027646 0.0085687 0.0070137 0.0429929 0.4613496 0.0000000 0.0049517 0.1731267 0.0551303
106 T 106 0.0163678 0.6433224 0.0000000 0.0000000 0.0025438 0.0359609 0.0000000 0.0000000 0.0614466 0.0034424 0.0084883 0.0102378 0.0000000 0.0023744 0.0035834 0.0255697 0.0659036 0.0048464 0.0357445 0.0106636 0.0695043
107 E 107 0.0084206 0.0153354 0.0019201 0.0193400 0.0030821 0.0217545 0.5136266 0.0000000 0.0066032 0.0099671 0.0019870 0.0862647 0.0000000 0.0117157 0.0000000 0.0263543 0.0208407 0.1097763 0.0377893 0.0339518 0.0712707
108 L 108 0.0013885 0.0081413 0.0026715 0.0000000 0.0000000 0.0000000 0.0029587 0.0000000 0.0000000 0.2514250 0.2564587 0.0000000 0.0227180 0.1779249 0.0039525 0.0000000 0.0030642 0.0103057 0.0253884 0.1564270 0.0771757
109 N 109 0.0149074 0.0166552 0.0537335 0.1102586 0.0063864 0.0376119 0.1635764 0.0186734 0.0000000 0.0307730 0.0065441 0.0989259 0.0008361 0.0070979 0.0000000 0.1088515 0.0750334 0.0000000 0.0017498 0.1697359 0.0786495
110 G 110 0.0166227 0.0017299 0.0744106 0.3011402 0.0000000 0.0027095 0.0570609 0.4290962 0.0000000 0.0000000 0.0000000 0.0138631 0.0000000 0.0000000 0.0196963 0.0011592 0.0050959 0.0000000 0.0046234 0.0049559 0.0678363
111 D 111 0.0085956 0.0041016 0.1070885 0.3649881 0.0000000 0.0000000 0.0577654 0.3037054 0.0000000 0.0000000 0.0000000 0.0243940 0.0000000 0.0000000 0.0000000 0.0270789 0.0287508 0.0000000 0.0000000 0.0000000 0.0735317
112 I 112 0.0110914 0.0243432 0.0123677 0.0206671 0.0000000 0.1025654 0.2090960 0.0495955 0.0098203 0.0140761 0.0197850 0.2841337 0.0086245 0.0065199 0.0071722 0.0041107 0.1010904 0.0033270 0.0296522 0.0089913 0.0729704
113 I 113 0.0000000 0.0000000 0.0019299 0.0000000 0.0049019 0.0050959 0.0000000 0.0000000 0.0000000 0.0708383 0.5575379 0.0030255 0.2303426 0.0057742 0.0000000 0.0016712 0.0056998 0.0057276 0.0000000 0.0344846 0.0729704
114 T 114 0.0040953 0.0277575 0.0076141 0.0128754 0.0043941 0.0000000 0.0047571 0.0000000 0.1090487 0.1852164 0.0426961 0.0827456 0.0150163 0.0110380 0.0000000 0.0044943 0.0973427 0.0000000 0.0323887 0.2861386 0.0723813
115 N 115 0.0489864 0.0040278 0.0199248 0.0056385 0.0036100 0.0733436 0.0949273 0.0000000 0.0139065 0.0637277 0.2014996 0.0000000 0.0928490 0.0035258 0.0000000 0.0240364 0.0589180 0.0020945 0.0018573 0.2065859 0.0805409
116 T 116 0.0083312 0.0207628 0.0061015 0.0247597 0.0000000 0.0072950 0.1710880 0.0023977 0.0079075 0.0828380 0.0037868 0.0556554 0.0068282 0.0017370 0.0021925 0.0196819 0.4236333 0.0000000 0.0000000 0.0676253 0.0873782
117 M 117 0.0224794 0.0123939 0.0000000 0.0000000 0.1102337 0.0247439 0.0000000 0.0038145 0.0000000 0.0732554 0.2279271 0.0000000 0.1878241 0.0400760 0.0000000 0.0519860 0.0324872 0.0117311 0.0608057 0.0482600 0.0919819
118 T 118 0.0164451 0.0502069 0.0189222 0.0161855 0.0070819 0.0185369 0.0337424 0.0163016 0.0106968 0.0485823 0.0019237 0.0781298 0.0071186 0.0167963 0.0000000 0.0950236 0.4050289 0.0091755 0.0037103 0.0511444 0.0952471
119 L 119 0.1234487 0.0094141 0.0153654 0.0000000 0.1035403 0.0056292 0.0053817 0.0000000 0.0231186 0.0643007 0.0625266 0.0320250 0.0904620 0.0555586 0.0051164 0.0343862 0.0404608 0.0191729 0.0481424 0.1625840 0.0993662
120 G 120 0.0137161 0.0218644 0.1438468 0.1405693 0.0070555 0.0208460 0.1192990 0.3000739 0.0000000 0.0000000 0.0022278 0.0907015 0.0000000 0.0000000 0.0115644 0.0232168 0.0000000 0.0000000 0.0000000 0.0000000 0.1050186
121 D 121 0.0108772 0.0000000 0.1264567 0.3243118 0.0000000 0.0106090 0.0292879 0.2835965 0.0075463 0.0000000 0.0000000 0.0226279 0.0000000 0.0000000 0.0116940 0.0597503 0.0067688 0.0000000 0.0000000 0.0000000 0.1064736
122 I 122 0.0559246 0.0030400 0.0057559 0.0011375 0.0000000 0.0449647 0.0092435 0.0280208 0.0050449 0.1101821 0.0357220 0.0120223 0.0027343 0.0000000 0.0000000 0.0013639 0.0403835 0.0000000 0.0000000 0.5177393 0.1267206
123 V 123 0.0166975 0.0071075 0.0031085 0.0067200 0.0051954 0.0119847 0.0457270 0.0021301 0.0034333 0.0643581 0.0043342 0.0602598 0.0052423 0.0022486 0.0090852 0.0459348 0.2412020 0.0000000 0.0000000 0.3354150 0.1298161
124 F 124 0.2257197 0.0000000 0.0000000 0.0000000 0.3104098 0.0000000 0.0000000 0.0496964 0.0078011 0.0107648 0.0286560 0.0000000 0.0138174 0.0489142 0.0000000 0.0929186 0.0158478 0.0000000 0.0504993 0.0124767 0.1324782
125 K 125 0.0069106 0.0729467 0.0250228 0.0000000 0.0049559 0.0075490 0.0321136 0.0000000 0.0173003 0.0537193 0.0081659 0.2761744 0.0074895 0.0000000 0.0000000 0.0209512 0.2214432 0.0063270 0.0043266 0.1012218 0.1333821
126 R 126 0.0144231 0.6464918 0.0044564 0.0000000 0.0048576 0.1084093 0.0052085 0.0082726 0.0136822 0.0057827 0.0154433 0.0022018 0.0065696 0.0055737 0.0000000 0.0097042 0.0053128 0.0000000 0.0000000 0.0060258 0.1375845
127 I 127 0.0032140 0.0159133 0.0173636 0.0000000 0.0009141 0.0082483 0.0185525 0.0000000 0.0287035 0.2078060 0.0057403 0.0427009 0.0073161 0.0617581 0.0014447 0.0032761 0.1307002 0.0209553 0.0791384 0.2086700 0.1375845
128 S 128 0.0035196 0.0000000 0.0050498 0.0000000 0.0026118 0.0000000 0.0000000 0.0015328 0.0128569 0.0000000 0.0170637 0.0000000 0.0000000 0.2686509 0.0000000 0.1114822 0.0000000 0.0027220 0.4301639 0.0000000 0.1443463
129 K 129 0.0126456 0.0493576 0.0187247 0.0230379 0.0000000 0.0431573 0.1547717 0.0029958 0.0107975 0.0070422 0.0063760 0.4168982 0.0022682 0.0000000 0.0000000 0.0186503 0.0257903 0.0000000 0.0031085 0.0507672 0.1536111
130 R 130 0.0047204 0.4067894 0.0059433 0.0000000 0.0000000 0.0016442 0.0000000 0.0000000 0.0000000 0.0000000 0.0083444 0.3701491 0.0000000 0.0000000 0.0058621 0.0025104 0.0000000 0.0000000 0.0000000 0.0000000 0.1940367
131 I 131 0.0111981 0.0000000 0.0000000 0.0000000 0.0128760 0.0000000 0.0000000 0.0000000 0.0000000 0.1119516 0.0620727 0.0035208 0.0317987 0.0000000 0.0000000 0.0000000 0.0019720 0.0000000 0.0000000 0.2040748 0.5605353
132 L 132 0.0000000 0.0000000 0.0000000 0.0000000 0.0065696 0.0000000 0.0000000 0.0130140 0.0000000 0.0019930 0.0192414 0.0000000 0.0000000 0.0000000 0.0227781 0.0059433 0.0053494 0.0000000 0.0063977 0.0128317 0.9058818
133 V 133 0.0067618 0.0000000 0.0036667 0.0094141 0.0000000 0.0000000 0.0000000 0.0000000 0.0000000 0.0000000 0.0000000 0.0059433 0.0000000 0.0000000 0.0000000 0.0151989 0.0026775 0.0000000 0.0000000 0.0174652 0.9388724
134 P 134 0.0000000 0.0000000 0.0000000 0.0000000 0.0000000 0.0094141 0.0000000 0.0000000 0.0000000 0.0000000 0.0000000 0.0000000 0.0000000 0.0000000 0.0295285 0.0000000 0.0059433 0.0000000 0.0000000 0.0000000 0.9551141
135 R 135 0.0000000 0.0434409 0.0000000 0.0000000 0.0000000 0.0000000 0.0000000 0.0000000 0.0000000 0.0000000 0.0000000 0.0000000 0.0000000 0.0000000 0.0000000 0.0000000 0.0000000 0.0000000 0.0000000 0.0000000 0.9565591
