  223         A         R         N         D         C         Q         E         G         H         I         L         K         M         F         P         S         T         W         Y         V         X    
  1 M   1 0.0000000 0.0000000 0.0000000 0.0000000 0.0000000 0.0000000 0.0000000 0.0000000 0.0000000 0.0000000 0.0000000 0.0000000 0.0458840 0.0000000 0.0000000 0.0000000 0.0000000 0.0000000 0.0000000 0.0000000 0.9541160
  2 G   2 0.0076478 0.0000000 0.0047429 0.0000000 0.0000000 0.0000000 0.0039065 0.0056769 0.0000000 0.0000000 0.0030513 0.0000000 0.0000000 0.0000000 0.0000000 0.0139963 0.0092946 0.0000000 0.0000000 0.0000000 0.9516836
  3 S   3 0.0159934 0.0000000 0.0047926 0.0000000 0.0000000 0.0000000 0.0046217 0.0053454 0.0000000 0.0000000 0.0000000 0.0000000 0.0000000 0.0000000 0.0000000 0.0160572 0.0084930 0.0000000 0.0000000 0.0000000 0.9446967
  4 H   4 0.0025767 0.0090620 0.0028552 0.0030513 0.0000000 0.0058722 0.0101662 0.0047926 0.0056769 0.0000000 0.0000000 0.0075313 0.0000000 0.0000000 0.0000000 0.0078240 0.0020438 0.0000000 0.0000000 0.0000000 0.9385478
  5 H   5 0.0047429 0.0000000 0.0039065 0.0000000 0.0000000 0.0083998 0.0037501 0.0000000 0.0032446 0.0046217 0.0000000 0.0000000 0.0000000 0.0000000 0.0096712 0.0040739 0.0190935 0.0000000 0.0047926 0.0000000 0.9337033
  6 H   6 0.0165184 0.0026965 0.0047429 0.0130708 0.0000000 0.0024467 0.0000000 0.0000000 0.0159961 0.0027815 0.0000000 0.0046217 0.0039065 0.0000000 0.0000000 0.0040739 0.0000000 0.0000000 0.0000000 0.0000000 0.9291450
  7 H   7 0.0037501 0.0026965 0.0000000 0.0047926 0.0000000 0.0101662 0.0039759 0.0000000 0.0104145 0.0000000 0.0025767 0.0047198 0.0000000 0.0000000 0.0000000 0.0198752 0.0065037 0.0000000 0.0000000 0.0029130 0.9276157
  8 H   8 0.0094143 0.0000000 0.0216921 0.0037501 0.0000000 0.0000000 0.0000000 0.0034524 0.0032446 0.0040739 0.0067978 0.0000000 0.0000000 0.0024323 0.0026965 0.0024467 0.0167205 0.0000000 0.0000000 0.0000000 0.9232787
  9 H   9 0.0023978 0.0080419 0.0018686 0.0000000 0.0000000 0.0074864 0.0140256 0.0047429 0.0060998 0.0000000 0.0000000 0.0075263 0.0000000 0.0000000 0.0024467 0.0077779 0.0161759 0.0000000 0.0000000 0.0000000 0.9214102
 10 S  10 0.0095786 0.0000000 0.0000000 0.0096617 0.0000000 0.0137865 0.0110318 0.0000000 0.0000000 0.0034524 0.0000000 0.0000000 0.0357519 0.0000000 0.0000000 0.0066125 0.0074090 0.0000000 0.0000000 0.0000000 0.9027157
 11 S  11 0.0177783 0.0019949 0.0023421 0.0000000 0.0000000 0.0000000 0.0046217 0.0000000 0.0000000 0.0027630 0.0076834 0.0040739 0.0000000 0.0000000 0.0121822 0.0164942 0.0274724 0.0000000 0.0000000 0.0026938 0.8999002
 12 G  12 0.0274176 0.0000000 0.0051233 0.0062679 0.0000000 0.0000000 0.0074812 0.0238614 0.0000000 0.0000000 0.0026938 0.0065039 0.0039065 0.0000000 0.0000000 0.0080169 0.0114231 0.0000000 0.0000000 0.0000000 0.8973045
 13 L  13 0.0072863 0.0000000 0.0097742 0.0031277 0.0000000 0.0116366 0.0028155 0.0054873 0.0034524 0.0000000 0.0097532 0.0045115 0.0217879 0.0047926 0.0131069 0.0076289 0.0043540 0.0000000 0.0000000 0.0029130 0.8875718
 14 V  14 0.0313591 0.0047926 0.0037963 0.0056760 0.0000000 0.0080434 0.0088049 0.0091303 0.0016974 0.0014166 0.0023380 0.0042813 0.0000000 0.0048547 0.0027815 0.0037569 0.0133152 0.0000000 0.0056695 0.0042979 0.8839883
 15 P  15 0.0218793 0.0000000 0.0000000 0.0000000 0.0000000 0.0061035 0.0121314 0.0000000 0.0000000 0.0060279 0.0054753 0.0038144 0.0080070 0.0000000 0.0350195 0.0110371 0.0033032 0.0000000 0.0017913 0.0073815 0.8780285
 16 R  16 0.0163994 0.0110975 0.0018686 0.0000000 0.0000000 0.0184825 0.0086207 0.0021935 0.0000000 0.0000000 0.0164684 0.0090445 0.0028155 0.0000000 0.0092487 0.0166235 0.0089218 0.0000000 0.0063192 0.0000000 0.8718965
 17 G  17 0.0152753 0.0062679 0.0110937 0.0000000 0.0000000 0.0065342 0.0309071 0.0222004 0.0000000 0.0000000 0.0056453 0.0000000 0.0000000 0.0023122 0.0079049 0.0130555 0.0080630 0.0000000 0.0000000 0.0103092 0.8604313
 18 S  18 0.0133854 0.0055031 0.0063686 0.0014011 0.0000000 0.0039044 0.0288962 0.0000000 0.0000000 0.0138947 0.0132855 0.0147694 0.0066152 0.0000000 0.0182069 0.0121503 0.0052314 0.0000000 0.0023978 0.0053911 0.8485987
 19 H  19 0.0097561 0.0147193 0.0034477 0.0102846 0.0000000 0.0161863 0.0154986 0.0018211 0.0084281 0.0191338 0.0041534 0.0036248 0.0028155 0.0000000 0.0048654 0.0182254 0.0222811 0.0000000 0.0000000 0.0022307 0.8425279
 20 M  20 0.0066577 0.0047429 0.0000000 0.0000000 0.0000000 0.0124563 0.0092648 0.0000000 0.0000000 0.0114552 0.0208086 0.0000000 0.1931449 0.0000000 0.0043765 0.0124623 0.0135915 0.0000000 0.0000000 0.0274836 0.6835557
 21 T  21 0.0200822 0.0039763 0.0339826 0.0294857 0.0000000 0.0400968 0.0121959 0.0028875 0.0076690 0.0163211 0.0421624 0.0090524 0.0761248 0.0000000 0.0086149 0.0269855 0.0562420 0.0000000 0.0037107 0.0036758 0.6067342
 22 H  22 0.0252362 0.0052416 0.0493310 0.0684970 0.0000000 0.0329361 0.0760136 0.0010566 0.0175543 0.0073569 0.0216391 0.0141632 0.0033202 0.0000000 0.0085369 0.0514624 0.0277275 0.0000000 0.0000000 0.0036767 0.5862507
 23 F  23 0.0146195 0.0054323 0.0217507 0.0250728 0.0000000 0.0421281 0.1035330 0.0083433 0.0059982 0.0222157 0.0411011 0.0228419 0.0014473 0.0198303 0.0207033 0.0208015 0.0287252 0.0000000 0.0000000 0.0230784 0.5723773
 24 S  24 0.0330627 0.0100592 0.0449737 0.0904655 0.0018211 0.0560497 0.0467785 0.0043758 0.0080162 0.0108613 0.0092382 0.0255978 0.0000000 0.0000000 0.0194954 0.0421094 0.0441290 0.0000000 0.0030276 0.0094099 0.5405290
 25 Q  25 0.0248930 0.0626539 0.0041688 0.0271064 0.0000000 0.0921920 0.0640199 0.0061141 0.0046572 0.0324941 0.0395212 0.0185929 0.0143219 0.0039783 0.0043338 0.0217669 0.0294468 0.0000000 0.0042739 0.0146149 0.5308500
 26 Q  26 0.0202533 0.0524342 0.0386087 0.0061404 0.0051851 0.0463612 0.0199072 0.0011794 0.0090038 0.0544240 0.1719940 0.0019746 0.0693310 0.0158597 0.0024570 0.0025473 0.0112995 0.0017512 0.0042096 0.0073311 0.4577477
 27 D  27 0.0424886 0.0254730 0.1055219 0.0667473 0.0000000 0.0605160 0.1140254 0.0022745 0.0115838 0.0060743 0.0211599 0.0240934 0.0011005 0.0016964 0.0047385 0.0199384 0.0358815 0.0024072 0.0016716 0.0096693 0.4429384
 28 N  28 0.1702989 0.0130409 0.0469963 0.0453305 0.0017783 0.0392131 0.0927553 0.0122049 0.0207310 0.0215109 0.0231489 0.0033226 0.0233813 0.0047939 0.0037059 0.0214611 0.0354445 0.0083154 0.0057503 0.0167320 0.3900841
 29 F  29 0.0070026 0.3777231 0.0011109 0.0016962 0.0017236 0.0047920 0.0024854 0.0000000 0.0000000 0.0667354 0.0260196 0.0028618 0.0046998 0.1160055 0.0008642 0.0131165 0.0055666 0.0036028 0.0432739 0.0215773 0.2991429
 30 S  30 0.3713538 0.0049866 0.0066657 0.0028662 0.0044867 0.0340727 0.0142575 0.0175718 0.0082845 0.0103347 0.0099067 0.0063471 0.0046554 0.0013464 0.0011781 0.1892584 0.0126720 0.0000000 0.0019059 0.0163870 0.2814629
 31 V  31 0.0877657 0.0233606 0.0231549 0.1079452 0.0130256 0.0249883 0.0720678 0.0267275 0.0054821 0.0544138 0.1179340 0.0078619 0.0206269 0.0564704 0.0039155 0.0136220 0.0233627 0.0014948 0.0147748 0.0470118 0.2539939
 32 A  32 0.0605653 0.0011071 0.0000000 0.0000000 0.0064321 0.0071674 0.0057702 0.0144386 0.0032870 0.1661061 0.2042566 0.0000000 0.0287097 0.0296053 0.0000000 0.0268339 0.0619457 0.0000000 0.0407936 0.1200154 0.2229659
 33 A  33 0.0709544 0.0000000 0.0010716 0.0011216 0.0528100 0.0000000 0.0000000 0.0286306 0.0010061 0.0075668 0.0301124 0.0000000 0.0044377 0.0561546 0.0117374 0.0395077 0.0010350 0.0114003 0.4734012 0.0047992 0.2042536
 34 R  34 0.0654061 0.2653716 0.0551327 0.0576754 0.0000000 0.0633149 0.0373457 0.0599576 0.0128684 0.0015293 0.0344648 0.0498626 0.0038560 0.0019295 0.0020569 0.0435082 0.0251384 0.0222293 0.0035587 0.0025331 0.1922609
 35 V  35 0.0211090 0.0000000 0.0000000 0.0000000 0.0133355 0.0030600 0.0000000 0.0000000 0.0000000 0.0830883 0.3342559 0.0000000 0.0337580 0.1178542 0.0000000 0.0053461 0.0275939 0.0711422 0.0086961 0.1047218 0.1760390
 36 L  36 0.0127644 0.0000000 0.0000000 0.0000000 0.0022337 0.0000000 0.0000000 0.0000000 0.0000000 0.0389903 0.5986238 0.0000000 0.0197575 0.1466994 0.0000000 0.0026246 0.0000000 0.0058078 0.0023122 0.0134372 0.1567491
 37 G  37 0.3033310 0.0176892 0.0068550 0.0000000 0.0035569 0.0084700 0.0000000 0.2348069 0.0282526 0.0043440 0.0000000 0.0148033 0.0027771 0.0000000 0.0000000 0.2157209 0.0043909 0.0009576 0.0088656 0.0026109 0.1425683
 38 A  38 0.1606060 0.1092535 0.0595229 0.0259970 0.0012987 0.0381157 0.0298934 0.0359481 0.0288940 0.0123605 0.0513366 0.0203444 0.0089837 0.0070619 0.0071466 0.1666473 0.0737169 0.0000000 0.0092158 0.0198706 0.1337864
 39 L  39 0.0557390 0.0000000 0.0061112 0.0000000 0.0455837 0.0061833 0.0000000 0.0067285 0.0000000 0.0494815 0.4902742 0.0018013 0.0536718 0.0517316 0.0031601 0.0050429 0.0164915 0.0054605 0.0000000 0.0708989 0.1316401
 40 F  40 0.0058968 0.0000000 0.0000000 0.0000000 0.0064946 0.0017236 0.0000000 0.0013068 0.0102860 0.0112797 0.2928200 0.0000000 0.0147185 0.4340564 0.0012766 0.0023088 0.0013468 0.0108162 0.0546595 0.0135494 0.1374602
 41 Y  41 0.1077851 0.0749362 0.0179778 0.0225081 0.0027986 0.0100994 0.0125883 0.0359446 0.0071344 0.0338266 0.1429252 0.0053822 0.0145472 0.0498359 0.0000000 0.0667866 0.0223044 0.0016071 0.1852102 0.0393414 0.1464609
 42 Y  42 0.0832123 0.1420257 0.0252974 0.0397896 0.0155066 0.0558613 0.0361110 0.0355580 0.0346874 0.0045045 0.0154219 0.0605039 0.0025267 0.0654848 0.0016704 0.0353341 0.0385097 0.0036174 0.1558264 0.0149536 0.1335973
 43 A  43 0.0976323 0.0126602 0.0079972 0.0185616 0.0008286 0.0514632 0.1938441 0.0136508 0.0132536 0.0091303 0.0124066 0.0100410 0.0042798 0.0060341 0.1754777 0.0740948 0.0123777 0.0013077 0.0857968 0.0207557 0.1784061
 44 P  44 0.0161497 0.0053444 0.0026834 0.0039690 0.0015192 0.0079882 0.0125657 0.0014036 0.0023887 0.0161742 0.0965495 0.0000000 0.0066049 0.0141624 0.6387654 0.0075569 0.0193347 0.0000000 0.0061974 0.0256835 0.1149590
 45 E  45 0.0212704 0.0104753 0.0448933 0.2944453 0.0023449 0.0483027 0.0879886 0.0319680 0.0064880 0.0074714 0.0117537 0.0135976 0.0013865 0.0012137 0.0110815 0.1484853 0.1357307 0.0000000 0.0060875 0.0082926 0.1067229
 46 S  46 0.1110174 0.0328124 0.0113661 0.1750868 0.0015026 0.0853248 0.1756697 0.0191444 0.0182667 0.0097368 0.0168820 0.0484881 0.0017465 0.0030714 0.0565152 0.0824506 0.0174490 0.0046002 0.0000000 0.0138875 0.1149818
 47 A  47 0.1339046 0.0061541 0.0205443 0.1117939 0.0008044 0.0390780 0.3071078 0.0438075 0.0065598 0.0023054 0.0130447 0.0445885 0.0174927 0.0012690 0.0749924 0.0406438 0.0141250 0.0018013 0.0060863 0.0033396 0.1105568
 48 E  48 0.0415916 0.0448820 0.0210149 0.0288303 0.0047521 0.0864734 0.0604676 0.0093015 0.0118743 0.0369196 0.2589998 0.0075755 0.0186708 0.0807853 0.0092269 0.0178599 0.0562796 0.0191058 0.0076620 0.0560887 0.1216383
 49 A  49 0.0638849 0.0201155 0.0192448 0.0129732 0.0135175 0.0092749 0.0098200 0.0065219 0.0077872 0.0725756 0.4009070 0.0052067 0.0179390 0.0441147 0.0026374 0.0086563 0.0193466 0.0098866 0.0356267 0.1100581 0.1099055
 50 A  50 0.2081435 0.0445252 0.0377924 0.1126520 0.0036923 0.0795607 0.1346680 0.0213760 0.0277806 0.0079261 0.0126516 0.0633297 0.0019434 0.0065618 0.0137162 0.0673324 0.0266716 0.0000000 0.0000000 0.0248260 0.1048505
 51 P  51 0.1406280 0.0720915 0.0344822 0.0622093 0.0014727 0.0863869 0.1356236 0.0602975 0.0259449 0.0141954 0.0086230 0.0328131 0.0145531 0.0201554 0.0776571 0.0367848 0.0458122 0.0085220 0.0026288 0.0133958 0.1057228
 52 L  52 0.0406385 0.0026482 0.0034974 0.0013664 0.0095073 0.0081067 0.0000000 0.0035818 0.0042363 0.1218914 0.4851327 0.0008193 0.0290142 0.0444158 0.0000000 0.0049881 0.0220408 0.0121092 0.0109119 0.0923780 0.1027158
 53 V  53 0.1320503 0.1070293 0.0128782 0.0138014 0.0091366 0.0459467 0.0232794 0.0101134 0.0076158 0.0842668 0.1020068 0.0443924 0.0135519 0.0883128 0.0275271 0.0221185 0.0264996 0.0074145 0.0200553 0.0830995 0.1189039
 54 A  54 0.1492662 0.0241811 0.0467144 0.1183007 0.0069389 0.0335444 0.1609269 0.0753400 0.0083561 0.0041233 0.0065286 0.0295083 0.0018758 0.0018674 0.0322938 0.0926186 0.0730900 0.0000000 0.0000000 0.0189730 0.1155525
 55 V  55 0.1325137 0.0100145 0.0152032 0.0052957 0.0181477 0.0273367 0.0254228 0.0340815 0.0020280 0.0521170 0.1852638 0.0306117 0.0448748 0.0940784 0.0064892 0.0297926 0.0130432 0.0629993 0.0273970 0.0629639 0.1203253
 56 L  56 0.0507975 0.0290753 0.0018959 0.0191212 0.0008513 0.0210110 0.0277071 0.0075952 0.0110986 0.0932637 0.3559289 0.0080981 0.0177532 0.0766368 0.0102671 0.0328571 0.0157818 0.0113683 0.0068820 0.0529123 0.1490977
 57 T  57 0.1426271 0.0983294 0.0207233 0.0654309 0.0059489 0.0494180 0.0594221 0.0378538 0.0012312 0.0133387 0.0358405 0.0713291 0.0043408 0.0077931 0.0587486 0.0598172 0.0795353 0.0017832 0.0029771 0.0315911 0.1519204
 58 S  58 0.0945982 0.0188217 0.0226007 0.1107685 0.0044069 0.1473008 0.1701010 0.0477524 0.0247834 0.0176595 0.0510113 0.0153003 0.0019987 0.0061336 0.0039548 0.0631676 0.0400821 0.0000000 0.0109638 0.0151342 0.1334606
 59 D  59 0.0512608 0.0048744 0.0213264 0.1140525 0.0048013 0.0315335 0.0738483 0.1196461 0.0102900 0.0552588 0.2022376 0.0119028 0.0177273 0.0126277 0.0498546 0.0475403 0.0186552 0.0030750 0.0035584 0.0231734 0.1227557
 60 G  60 0.1179897 0.0137533 0.0391392 0.1306740 0.0021963 0.0243710 0.1158180 0.1286668 0.0085890 0.0080981 0.0428703 0.0778449 0.0013126 0.0067614 0.0418463 0.0720864 0.0392604 0.0000000 0.0022362 0.0172269 0.1092591
 61 W  61 0.0862177 0.0064097 0.0119509 0.0457841 0.0023388 0.0065689 0.0832762 0.0258692 0.0062351 0.0551623 0.2409943 0.0116537 0.0164285 0.0475006 0.0009159 0.0443604 0.0381275 0.0824861 0.0057648 0.0618546 0.1201006
 62 E  62 0.1158275 0.0438904 0.0552407 0.0557596 0.0105970 0.0527992 0.1089366 0.0282292 0.0127575 0.0251817 0.1132822 0.0271027 0.0044600 0.0136317 0.0534332 0.0590016 0.0377079 0.0055515 0.0057057 0.0365970 0.1343072
 63 T  63 0.1661231 0.0232137 0.0145446 0.0814556 0.0059664 0.1190453 0.1295979 0.0302220 0.0128087 0.0182236 0.0527847 0.0267950 0.0011354 0.0165323 0.0644041 0.0631723 0.0262729 0.0012179 0.0092376 0.0077966 0.1294501
 64 Q  64 0.0899718 0.0203917 0.0326736 0.1024217 0.0111197 0.0847249 0.1295090 0.0324178 0.0272077 0.0143416 0.0689786 0.0147927 0.0100429 0.0327183 0.0440895 0.0716344 0.0374196 0.0000000 0.0101271 0.0283560 0.1370614
 65 W  65 0.0506790 0.0158131 0.0354527 0.0361544 0.0051617 0.0106738 0.0327017 0.0742768 0.0076156 0.0333956 0.1310066 0.0092372 0.0188685 0.0582654 0.0197861 0.0295767 0.0226620 0.1917803 0.0125689 0.0412963 0.1630277
 66 P  66 0.1483921 0.0241368 0.0138940 0.0681736 0.0024610 0.0192204 0.0532350 0.0278559 0.0064725 0.0060018 0.0236044 0.0302079 0.0033272 0.0039609 0.3054349 0.0688562 0.0451498 0.0000000 0.0000000 0.0135839 0.1360317
 67 L  67 0.0817710 0.0473583 0.0258207 0.0771276 0.0213914 0.0336915 0.0987707 0.0247034 0.0181811 0.0215304 0.1999406 0.0164897 0.0134205 0.0509051 0.0345174 0.0262161 0.0315591 0.0009173 0.0241560 0.0303488 0.1211833
 68 P  68 0.0936458 0.0158944 0.0228126 0.0496274 0.0071031 0.0109626 0.0867227 0.1571870 0.0053612 0.0449792 0.1243590 0.0101980 0.0409653 0.0248499 0.0720445 0.0390869 0.0413324 0.0024667 0.0047983 0.0453576 0.1002453
 69 E  69 0.0823433 0.0687789 0.0235839 0.0600493 0.0047213 0.1223692 0.0977086 0.0550826 0.0110932 0.0271512 0.0526892 0.0386750 0.0066145 0.0235126 0.0186870 0.0399606 0.0656382 0.0049482 0.0169676 0.0779904 0.1014354
 70 A  70 0.1885438 0.0610482 0.0304327 0.1750649 0.0047863 0.0493506 0.1631055 0.0304351 0.0047297 0.0088123 0.0226643 0.0382399 0.0030413 0.0039574 0.0199966 0.0584598 0.0320337 0.0000000 0.0011065 0.0174475 0.0867439
 71 S  71 0.2647163 0.0148589 0.0171887 0.0462485 0.0059931 0.0453197 0.1176836 0.0364005 0.0227502 0.0178489 0.0445669 0.0296263 0.0181137 0.0214563 0.0412849 0.0854288 0.0384261 0.0219421 0.0178528 0.0260620 0.0662317
 72 L  72 0.0559415 0.0144284 0.0017188 0.0168646 0.0023356 0.0349143 0.0296777 0.0216036 0.0068102 0.0954100 0.3872577 0.0125532 0.0264304 0.0479861 0.0029539 0.0178904 0.0143148 0.0672886 0.0083927 0.0689224 0.0663051
 73 A  73 0.1499884 0.0614426 0.0603813 0.0446790 0.0083733 0.0683085 0.0844599 0.0578134 0.0063740 0.0316265 0.0714596 0.0595340 0.0084322 0.0143859 0.0139404 0.0758522 0.0557248 0.0046921 0.0042785 0.0386415 0.0796116
 74 P  74 0.1809348 0.0926284 0.0339596 0.0661048 0.0000000 0.0748028 0.1148976 0.0328513 0.0194994 0.0145910 0.0583869 0.0438902 0.0119573 0.0163232 0.0505228 0.0446931 0.0448565 0.0033172 0.0015594 0.0213332 0.0728904
 75 L  75 0.0691559 0.0245012 0.0072862 0.0110041 0.0108911 0.0138623 0.0249839 0.0100559 0.0088047 0.1019629 0.3492538 0.0219050 0.0263450 0.0841274 0.0071999 0.0122138 0.0295666 0.0319566 0.0490649 0.0552646 0.0505942
 76 V  76 0.1521786 0.0261112 0.0142168 0.0254563 0.0475478 0.0414531 0.0548358 0.0136538 0.0076340 0.0642332 0.2103743 0.0547268 0.0167810 0.0109454 0.0313607 0.0385049 0.0499944 0.0030705 0.0013672 0.0880909 0.0474634
 77 T  77 0.1749420 0.0957869 0.0508182 0.1035814 0.0018367 0.0680673 0.1005629 0.0479656 0.0233150 0.0114345 0.0436643 0.0769149 0.0026968 0.0074951 0.0152637 0.0782061 0.0351036 0.0039257 0.0039728 0.0115177 0.0429290
 78 A  78 0.2007636 0.0717601 0.0194174 0.0221763 0.0054633 0.0498739 0.0672980 0.0094588 0.0355528 0.0100597 0.1724756 0.0466020 0.0177529 0.0291963 0.0144997 0.0568977 0.0448166 0.0140629 0.0128971 0.0496296 0.0493457
 79 F  79 0.1803795 0.0250518 0.0260253 0.0415778 0.0077047 0.0613900 0.0301334 0.0141858 0.0031025 0.0388441 0.2266884 0.0142824 0.0147975 0.0720523 0.0284816 0.0302075 0.0314582 0.0265755 0.0157968 0.0466243 0.0646405
 80 Q  80 0.1052574 0.1220004 0.0327845 0.0386894 0.0039278 0.1094511 0.0935410 0.0468554 0.0170214 0.0121769 0.0376813 0.1058280 0.0237617 0.0139075 0.0385482 0.0699952 0.0373439 0.0090148 0.0031618 0.0267158 0.0523365
 81 T  81 0.1081571 0.0347564 0.0581699 0.0971252 0.0082594 0.0545472 0.1157280 0.0512844 0.0227678 0.0139154 0.0418024 0.0545417 0.0055262 0.0150300 0.0524827 0.1091953 0.0513415 0.0000000 0.0149760 0.0427413 0.0476521
 82 Q  82 0.0866201 0.0275439 0.0290787 0.1205551 0.0135419 0.0403934 0.1233442 0.0514857 0.0096464 0.0238736 0.0499717 0.0384383 0.0222553 0.0088090 0.0344075 0.0977687 0.1162198 0.0016393 0.0203978 0.0336336 0.0503759
 83 C  83 0.1317493 0.0185512 0.0471258 0.2372227 0.0131522 0.0340957 0.0637674 0.0546966 0.0115017 0.0166276 0.0360362 0.0342358 0.0037948 0.0083883 0.0445703 0.0936236 0.0645578 0.0012896 0.0120677 0.0277921 0.0451536
 84 E  84 0.0802193 0.0631180 0.0188067 0.0782491 0.0017465 0.0566822 0.0737601 0.0093610 0.0251897 0.0281891 0.2185242 0.0116039 0.0205319 0.0261972 0.1290210 0.0311507 0.0215301 0.0147111 0.0176528 0.0369649 0.0367903
 85 E  85 0.0855769 0.0210311 0.0169498 0.1166689 0.0007713 0.0866878 0.2913753 0.0146829 0.0204546 0.0237062 0.1061455 0.0418889 0.0172498 0.0044069 0.0140751 0.0478333 0.0521678 0.0000000 0.0059945 0.0098237 0.0225099
 86 T  86 0.2001401 0.0524584 0.0260319 0.1144151 0.0000000 0.0605963 0.2378618 0.0311959 0.0036617 0.0024414 0.0239403 0.0405470 0.0016078 0.0025956 0.0178774 0.0430695 0.0824590 0.0007911 0.0144510 0.0221536 0.0217051
 87 H  87 0.0635924 0.0088463 0.0021810 0.0000000 0.0029868 0.0045576 0.0071793 0.0000000 0.0104575 0.0742836 0.6206185 0.0000000 0.0318180 0.0283167 0.0009306 0.0008447 0.0070626 0.0113840 0.0138591 0.0949628 0.0161186
 88 A  88 0.2351654 0.0956293 0.0354475 0.0305691 0.0107540 0.1293328 0.1685593 0.0074366 0.0235453 0.0191328 0.0326242 0.0610838 0.0054882 0.0018154 0.0106055 0.0491465 0.0258865 0.0023485 0.0082030 0.0301120 0.0171141
 89 Q  89 0.2073715 0.1083065 0.0140919 0.0642792 0.0072275 0.0593396 0.1262092 0.0153409 0.0089365 0.0309364 0.0592038 0.0271798 0.0103459 0.0096654 0.0045666 0.0548979 0.0341988 0.0243653 0.0310235 0.0861301 0.0163837
 90 A  90 0.0980731 0.0269959 0.0108090 0.3258342 0.0000000 0.0372005 0.3947876 0.0181099 0.0190284 0.0056083 0.0053740 0.0009256 0.0000000 0.0000000 0.0000000 0.0125921 0.0110069 0.0015251 0.0017947 0.0165148 0.0138199
 91 W  91 0.0033518 0.0103815 0.0078406 0.0017509 0.0000000 0.0111572 0.0000000 0.0000000 0.0607948 0.0000000 0.0015822 0.0000000 0.0031271 0.2579037 0.0000000 0.0000000 0.0000000 0.0482628 0.5820707 0.0000000 0.0117767
 92 Q  92 0.0787826 0.0140792 0.1212796 0.0615804 0.0391301 0.1282808 0.0257392 0.0223256 0.0119225 0.0194195 0.0217963 0.0078189 0.0094590 0.0364753 0.0000000 0.0587583 0.1915117 0.0008784 0.0181713 0.1220961 0.0104951
 93 R  93 0.1561203 0.3082671 0.0283256 0.0893228 0.0000000 0.0467969 0.0747662 0.0458959 0.0330247 0.0106681 0.0134147 0.0502966 0.0026242 0.0040427 0.0041432 0.0505233 0.0330934 0.0027822 0.0162312 0.0169924 0.0126686
 94 L  94 0.0230530 0.0010640 0.0031559 0.0017947 0.0147339 0.0023983 0.0007541 0.0000000 0.0057530 0.0441042 0.7187556 0.0000000 0.0305501 0.0037546 0.0000000 0.0016515 0.0837590 0.0014713 0.0013871 0.0465665 0.0152933
 95 F  95 0.0000000 0.0000000 0.0000000 0.0000000 0.0108192 0.0000000 0.0000000 0.0000000 0.0015954 0.0000000 0.0314535 0.0000000 0.0080234 0.8919417 0.0000000 0.0017509 0.0000000 0.0000000 0.0199019 0.0067579 0.0277560
 96 V  96 0.0287710 0.0194816 0.0028074 0.0517953 0.0031873 0.0050528 0.0453630 0.0495393 0.0054598 0.2370248 0.1634185 0.0038831 0.0065077 0.0352791 0.0000000 0.0159534 0.0185389 0.0017497 0.0191344 0.1675779 0.1194749
 97 G  97 0.0413805 0.0339036 0.0388070 0.0316599 0.0010783 0.0043305 0.0042860 0.5354030 0.0162634 0.0080076 0.0373546 0.0123723 0.0123783 0.0112074 0.0000000 0.0387433 0.0062022 0.0000000 0.0026246 0.0338031 0.1301947
 98 P  98 0.0300283 0.0034980 0.0264067 0.1015682 0.0022977 0.0220804 0.0412674 0.0444806 0.0045659 0.0366325 0.0714080 0.0042246 0.0059987 0.0118613 0.3094199 0.0669101 0.0523484 0.0000000 0.0108221 0.0967976 0.0573835
 99 W  99 0.0365900 0.0406515 0.0324394 0.0533567 0.0011910 0.0280943 0.0575333 0.3495245 0.0166780 0.0103205 0.0340287 0.0245030 0.0209139 0.0398899 0.0507874 0.0496804 0.0407967 0.0159256 0.0385872 0.0030495 0.0554585
100 A 100 0.1128818 0.1867017 0.0341605 0.0378271 0.0187998 0.0390839 0.0613433 0.1095823 0.0227745 0.0086504 0.0040949 0.1212283 0.0087639 0.0075717 0.0551503 0.0595587 0.0478287 0.0000000 0.0188547 0.0131741 0.0319694
101 L 101 0.0339114 0.0777563 0.0155118 0.0165482 0.0041089 0.0225672 0.0120988 0.1348094 0.0313127 0.0200104 0.1759553 0.0500599 0.0395733 0.0090022 0.1646121 0.0539373 0.0456264 0.0000000 0.0184153 0.0483819 0.0258012
102 P 102 0.0985707 0.0681401 0.0304966 0.0116404 0.0020048 0.0165610 0.1381771 0.0164553 0.0146496 0.0226047 0.0580712 0.0699628 0.0031865 0.0265052 0.2079395 0.0955669 0.0240106 0.0000000 0.0165819 0.0468862 0.0319888
103 S 103 0.3665807 0.0079328 0.0000000 0.0048866 0.0662454 0.0014139 0.0000000 0.0000000 0.0116083 0.0968884 0.1385926 0.0056623 0.0069599 0.0037149 0.0174719 0.0365917 0.0223157 0.0000000 0.0000000 0.1920902 0.0210445
104 P 104 0.0676541 0.0071127 0.0196357 0.0029462 0.0099439 0.0141698 0.0019866 0.0048347 0.0322852 0.0257441 0.1093630 0.0018674 0.0269982 0.0226891 0.3803393 0.1019753 0.0508519 0.0031190 0.0372827 0.0618466 0.0173543
105 P 105 0.0158086 0.0015511 0.0059999 0.0000000 0.0027458 0.0090610 0.0018459 0.0000000 0.0000000 0.0305243 0.2159545 0.0050149 0.0223128 0.0000000 0.6446650 0.0084716 0.0158585 0.0000000 0.0000000 0.0041856 0.0160005
106 W 106 0.0027069 0.0103337 0.0207660 0.0000000 0.0152622 0.0038252 0.0017250 0.0016211 0.0319548 0.0336940 0.0100175 0.0000000 0.0000000 0.1198697 0.0000000 0.0202902 0.0250624 0.1835315 0.4696552 0.0314406 0.0182439
107 G 107 0.2520787 0.0140524 0.0031451 0.0008926 0.0084403 0.0118329 0.3544580 0.2053155 0.0037265 0.0083305 0.0691494 0.0014793 0.0035210 0.0000000 0.0000000 0.0321759 0.0048588 0.0000000 0.0000000 0.0103371 0.0162059
108 S 108 0.0238967 0.0000000 0.0015187 0.0022848 0.0010135 0.0000000 0.0017638 0.0635530 0.0103243 0.0000000 0.0051121 0.0037023 0.0021689 0.0017006 0.0000000 0.7468787 0.0839726 0.0000000 0.0000000 0.0040530 0.0480570
109 V 109 0.1036116 0.0055835 0.0008274 0.0183962 0.0209866 0.0079462 0.0102905 0.0036469 0.0417210 0.0292429 0.0520153 0.0143860 0.0152072 0.0606407 0.0104654 0.0156768 0.0126568 0.0596415 0.1828547 0.2806448 0.0535581
110 W 110 0.0104360 0.0120749 0.0049306 0.0039518 0.0028588 0.0021742 0.0039082 0.0074251 0.1041427 0.0078911 0.0092811 0.0023459 0.0069151 0.0620604 0.0008879 0.0031451 0.0000000 0.1050564 0.6227108 0.0072949 0.0205090
111 L 111 0.0287462 0.1149259 0.0076271 0.0053350 0.0051169 0.0110410 0.0234630 0.0079600 0.0086224 0.0464528 0.4017991 0.0181099 0.0243914 0.0133744 0.0108485 0.0151426 0.1068971 0.0000000 0.0108106 0.0790266 0.0603096
112 D 112 0.0301713 0.0104617 0.0447060 0.2307886 0.0112493 0.0259873 0.0641420 0.0807099 0.0628645 0.0040238 0.0076275 0.0137669 0.0000000 0.0177511 0.0257429 0.1193720 0.1555849 0.0000000 0.0131040 0.0063171 0.0756294
113 R 113 0.0460619 0.0707669 0.0155550 0.0766905 0.0000000 0.0264377 0.1439198 0.1669147 0.0132309 0.0087913 0.0027237 0.0868503 0.0015187 0.0022694 0.0534206 0.0225251 0.0204132 0.0000000 0.0066397 0.0291017 0.2061690
114 E 114 0.0289623 0.0270950 0.0258164 0.1715347 0.0000000 0.0256825 0.3414901 0.0334925 0.0079138 0.0024552 0.0024937 0.0411431 0.0024040 0.0014290 0.0155045 0.0310326 0.0386642 0.0021742 0.0000000 0.0015026 0.1992097
115 S 115 0.0363332 0.0822916 0.0778272 0.0423006 0.0086501 0.0686980 0.0266849 0.3194390 0.0122163 0.0041556 0.0122915 0.0412758 0.0020840 0.0052852 0.0375548 0.0881549 0.0536229 0.0011773 0.0014924 0.0079185 0.0705462
116 V 116 0.0374412 0.1865190 0.0000000 0.0000000 0.0045495 0.0402094 0.0087165 0.0187137 0.0053736 0.0307822 0.1881841 0.0166770 0.0270105 0.1169259 0.0058281 0.0652421 0.0309646 0.0000000 0.0257471 0.1074379 0.0836775
117 L 117 0.0080244 0.0324609 0.0198400 0.0590607 0.0000000 0.0085287 0.0359888 0.0134878 0.0022774 0.0586243 0.4214726 0.0140401 0.0511975 0.0308989 0.0072762 0.0052630 0.0282639 0.0000000 0.0167499 0.0904003 0.0961445
118 F 118 0.0103718 0.1229126 0.1633482 0.0181282 0.0133341 0.0172597 0.0146481 0.0182402 0.0168909 0.0136398 0.0341983 0.0158577 0.1722583 0.1856107 0.0042167 0.0115554 0.0044760 0.0229090 0.0367781 0.0089843 0.0943819
119 G 119 0.0147206 0.0099718 0.0195028 0.0733772 0.0000000 0.0995745 0.1284239 0.4790503 0.0032986 0.0000000 0.0043340 0.0022196 0.0041786 0.0042504 0.0051422 0.0410778 0.0344428 0.0000000 0.0000000 0.0088864 0.0675484
120 D 120 0.0899056 0.0704123 0.0194538 0.1425611 0.0013602 0.0576983 0.1728520 0.0374422 0.0076963 0.0207716 0.0089750 0.1586015 0.0207877 0.0011337 0.0573471 0.0314602 0.0264553 0.0099851 0.0035626 0.0122171 0.0493212
121 S 121 0.1761197 0.0173396 0.0142634 0.0022738 0.0074417 0.0289965 0.0576212 0.0184371 0.0104024 0.0214529 0.0137071 0.0275651 0.0092818 0.0097957 0.2111741 0.2204369 0.0618157 0.0000000 0.0157079 0.0331166 0.0430509
122 T 122 0.0945339 0.0423645 0.0119976 0.0019826 0.0065470 0.0048400 0.0446923 0.0013521 0.0252530 0.0242813 0.2647933 0.0058247 0.0707898 0.0116590 0.0000000 0.0239916 0.2823048 0.0095456 0.0120299 0.0273664 0.0338506
123 L 123 0.2199522 0.0282791 0.0248854 0.0275301 0.0010556 0.0601439 0.0320335 0.0140427 0.0331581 0.0582485 0.2772932 0.0041306 0.0250825 0.0157441 0.0029047 0.0213968 0.0118637 0.0016683 0.0092506 0.1050873 0.0262491
124 A 124 0.1837712 0.0872180 0.0257528 0.1625100 0.0018154 0.0997638 0.2125605 0.0125305 0.0230064 0.0051934 0.0272854 0.0646528 0.0067031 0.0044293 0.0150710 0.0245869 0.0139369 0.0000000 0.0061080 0.0091186 0.0139859
125 L 125 0.0401110 0.0000000 0.0000000 0.0000000 0.0039474 0.0000000 0.0000000 0.0000000 0.0000000 0.0765949 0.3535989 0.0000000 0.1039517 0.0647901 0.0000000 0.0000000 0.0103681 0.0055813 0.0281341 0.2975597 0.0153629
126 R 126 0.0752399 0.4319466 0.0115367 0.0158460 0.0055946 0.0525762 0.0479242 0.0083745 0.0067347 0.0365123 0.0650990 0.1055413 0.0292387 0.0078437 0.0013134 0.0305167 0.0246958 0.0010482 0.0040221 0.0226468 0.0157488
127 Q 127 0.1556886 0.1185605 0.0422734 0.0727011 0.0000000 0.1755920 0.1644859 0.0480966 0.0487300 0.0061049 0.0067416 0.0530859 0.0019944 0.0029605 0.0013859 0.0380653 0.0351389 0.0019416 0.0036928 0.0103104 0.0124496
128 W 128 0.0768481 0.0346403 0.0012023 0.1231915 0.0281890 0.0086909 0.0273786 0.0032916 0.0189000 0.0694183 0.1387819 0.0094104 0.0183837 0.2607618 0.0000000 0.0113324 0.0402686 0.0767112 0.0241957 0.0182991 0.0101047
129 M 129 0.0041815 0.0148711 0.0000000 0.0000000 0.0092756 0.0000000 0.0000000 0.0000000 0.0000000 0.0145673 0.3168533 0.0000000 0.1286813 0.0208658 0.0000000 0.0000000 0.0027383 0.0000000 0.4650102 0.0106873 0.0122685
130 R 130 0.1627234 0.2500875 0.0179690 0.0318255 0.0010065 0.0977423 0.0765624 0.0250719 0.0221980 0.0095813 0.0566844 0.0967173 0.0168420 0.0053635 0.0010816 0.0594761 0.0272442 0.0024712 0.0025854 0.0226869 0.0140797
131 E 131 0.1693866 0.1126846 0.0137469 0.0592251 0.0035931 0.1468153 0.1557689 0.0114479 0.0348796 0.0034036 0.0210543 0.1040713 0.0073785 0.0029969 0.0012938 0.0822760 0.0320824 0.0016962 0.0097909 0.0139238 0.0124843
132 K 132 0.1345491 0.0905246 0.0557640 0.0045359 0.0247875 0.0381302 0.0158506 0.0051927 0.1071314 0.0187710 0.1502173 0.0233974 0.0092879 0.1010174 0.0000000 0.0716350 0.0240578 0.0200805 0.0827743 0.0094712 0.0128240
133 G 133 0.0136410 0.0109578 0.0340085 0.0480766 0.0000000 0.0469978 0.0251177 0.7252463 0.0201034 0.0000000 0.0044141 0.0328852 0.0000000 0.0034577 0.0060242 0.0075238 0.0047053 0.0000000 0.0011453 0.0000000 0.0156952
134 I 134 0.0100476 0.0016496 0.0000000 0.0000000 0.0045021 0.0009158 0.0016030 0.0000000 0.0000000 0.1969005 0.3511921 0.0029684 0.0837396 0.1772078 0.0000000 0.0000000 0.0036406 0.0130033 0.0439915 0.0962470 0.0123911
135 Q 135 0.1281211 0.0797642 0.0204853 0.0561854 0.0034627 0.0764240 0.2368687 0.0273570 0.0195322 0.0124063 0.0365509 0.0446773 0.0038823 0.0019194 0.0441575 0.0548719 0.0702688 0.0000000 0.0048701 0.0604314 0.0177634
136 F 136 0.0488155 0.1753506 0.0087732 0.0026902 0.0092157 0.0060320 0.0072077 0.0010209 0.0029057 0.0824217 0.1761680 0.0326933 0.0231105 0.0796321 0.1213786 0.0194398 0.0279970 0.0021007 0.0132605 0.1399308 0.0198552
137 E 137 0.1471970 0.0390755 0.0867725 0.1722075 0.0031884 0.0608365 0.0855391 0.0392796 0.0130590 0.0065689 0.0126785 0.0417806 0.0037554 0.0015530 0.0701281 0.0942105 0.0498357 0.0000000 0.0017638 0.0407310 0.0298394
138 M 138 0.0726678 0.0380471 0.0405998 0.1073044 0.0054068 0.0464945 0.2063805 0.0425340 0.0122316 0.0062304 0.0524644 0.0715023 0.0210850 0.0048798 0.0671629 0.0764812 0.0606607 0.0019193 0.0113938 0.0224769 0.0320768
139 K 139 0.0616205 0.0161417 0.0691251 0.1422062 0.0050090 0.0612817 0.1189044 0.1455664 0.0186847 0.0044627 0.0373530 0.0492358 0.0153441 0.0128669 0.0246964 0.0567574 0.0653784 0.0011292 0.0213050 0.0049588 0.0679725
140 Q 140 0.0248817 0.0582296 0.0562056 0.0250527 0.0194880 0.0744264 0.0410672 0.0367070 0.0310791 0.0301370 0.0531499 0.0134128 0.0271729 0.1125931 0.0188026 0.0345289 0.0184669 0.0121475 0.0582508 0.1198222 0.1343780
141 N 141 0.0345678 0.1234660 0.1599148 0.0254455 0.0093459 0.0260586 0.0079927 0.0412952 0.0649868 0.0020573 0.0082501 0.1532953 0.0019376 0.0344221 0.0441520 0.0651103 0.0435007 0.0000000 0.0144268 0.0238647 0.1159096
142 E 142 0.0254901 0.0057193 0.0110670 0.0776369 0.0000000 0.0465354 0.6428923 0.0090099 0.0000000 0.0125623 0.0300311 0.0000000 0.0106359 0.0057061 0.0024580 0.0047241 0.0123726 0.0018013 0.0060393 0.0345954 0.0607230
143 P 143 0.0614637 0.0292033 0.0168792 0.0017188 0.0059999 0.0030142 0.0174200 0.0088973 0.0063404 0.0041866 0.1532969 0.0025103 0.0115200 0.0015170 0.5437230 0.0499504 0.0343342 0.0022081 0.0117171 0.0044184 0.0296811
144 E 144 0.1227479 0.0000000 0.0071873 0.0905906 0.0077702 0.0055323 0.3352809 0.0157510 0.0188700 0.0198583 0.0140175 0.0011400 0.0024459 0.0031203 0.2522267 0.0288563 0.0156648 0.0000000 0.0022362 0.0178618 0.0388419
145 D 145 0.0000000 0.0000000 0.0000000 0.9779753 0.0000000 0.0000000 0.0087928 0.0024002 0.0000000 0.0000000 0.0000000 0.0000000 0.0000000 0.0000000 0.0000000 0.0021463 0.0000000 0.0000000 0.0000000 0.0000000 0.0086854
146 H 146 0.0044723 0.0023935 0.0431725 0.0073787 0.0000000 0.0522829 0.0016747 0.0000000 0.7380572 0.0000000 0.0000000 0.0000000 0.0000000 0.0323391 0.0000000 0.0294174 0.0033356 0.0000000 0.0809984 0.0000000 0.0044777
147 F 147 0.0147934 0.0000000 0.0000000 0.0000000 0.0000000 0.0000000 0.0000000 0.0000000 0.0000000 0.3678814 0.3600932 0.0000000 0.0236485 0.1203800 0.0000000 0.0000000 0.0000000 0.0000000 0.0024143 0.1063114 0.0044777
148 G 148 0.3334435 0.0033891 0.0016222 0.0016030 0.0270905 0.0000000 0.0044204 0.3513384 0.0000000 0.0109016 0.0028093 0.0013337 0.0000000 0.0027819 0.0946341 0.1054370 0.0193537 0.0016358 0.0047519 0.0280267 0.0054271
149 S 149 0.0997511 0.0099077 0.0218674 0.0000000 0.0084832 0.0059966 0.0042951 0.0063438 0.0097525 0.1057346 0.2375804 0.0014113 0.0173300 0.0875305 0.0037041 0.0752559 0.0724515 0.0000000 0.0334940 0.1936833 0.0054271
150 L 150 0.0035540 0.0000000 0.0018959 0.0000000 0.0079709 0.0525521 0.3462508 0.0000000 0.0000000 0.0579931 0.2562394 0.0000000 0.1230606 0.0393396 0.0016393 0.0030440 0.0012284 0.0000000 0.0153926 0.0820503 0.0077889
151 L 151 0.0075819 0.0000000 0.0000000 0.0000000 0.0972354 0.0000000 0.0014332 0.0029285 0.0000000 0.0066812 0.7155913 0.0000000 0.0542524 0.0902826 0.0011050 0.0021939 0.0064633 0.0000000 0.0026563 0.0049713 0.0066237
152 L 152 0.1066923 0.0199946 0.0078386 0.0957530 0.0018785 0.0183820 0.4536042 0.0252951 0.0000000 0.0020860 0.1350078 0.0010090 0.0532037 0.0082166 0.0043320 0.0247347 0.0161867 0.0032969 0.0052171 0.0106475 0.0066237
153 M 153 0.0898402 0.0000000 0.0000000 0.0000000 0.0041130 0.0038348 0.0007983 0.0010061 0.0000000 0.0184649 0.1442152 0.0000000 0.0681873 0.4477303 0.0000000 0.0034712 0.0324276 0.0033002 0.0684822 0.1087015 0.0054271
154 A 154 0.1947810 0.0000000 0.0000000 0.0000000 0.0190324 0.0057914 0.0035484 0.0048009 0.0020802 0.0281832 0.2638897 0.0000000 0.3663852 0.0104762 0.0014332 0.0101978 0.0157721 0.0075511 0.0048814 0.0499490 0.0112467
155 A 155 0.4382640 0.0412994 0.0121254 0.0029168 0.0016120 0.0318027 0.0154285 0.1060482 0.0276477 0.0137833 0.0055793 0.0009041 0.0067084 0.0046000 0.0000000 0.2004040 0.0119759 0.0010260 0.0435155 0.0215488 0.0128101
156 W 156 0.0647425 0.0343642 0.0343509 0.0041795 0.0149425 0.0386039 0.0415353 0.0441475 0.0848449 0.0166739 0.0593033 0.0129921 0.0421027 0.0678162 0.0000000 0.0201913 0.0333551 0.1130292 0.1566911 0.0478383 0.0682958
157 L 157 0.0227079 0.0000000 0.0000000 0.0000000 0.0068399 0.0026805 0.0000000 0.0051109 0.0000000 0.0458874 0.7533873 0.0000000 0.0382110 0.0183184 0.0000000 0.0022262 0.0068359 0.0021218 0.0032103 0.0223449 0.0701176
158 A 158 0.2071794 0.0043095 0.0044322 0.0099128 0.0983385 0.0038252 0.0747998 0.0057093 0.0061829 0.2087063 0.1551698 0.0040759 0.0028687 0.0088307 0.0030581 0.0436602 0.0161555 0.0034069 0.0121317 0.0506203 0.0766261
159 E 159 0.1290287 0.0810665 0.0171000 0.1346602 0.0044621 0.0276595 0.2796152 0.0344637 0.0051560 0.0192177 0.0497234 0.0274112 0.0057231 0.0113531 0.0010526 0.0366511 0.0263683 0.0000000 0.0201673 0.0112573 0.0778629
160 N 160 0.0481349 0.1327303 0.1244570 0.0316326 0.0011992 0.1508277 0.1125046 0.0568411 0.0312049 0.0053002 0.0195799 0.0756602 0.0103898 0.0009882 0.0219088 0.0515428 0.0544670 0.0038939 0.0030107 0.0094726 0.0542537
161 G 161 0.2034345 0.0208416 0.0265520 0.0700597 0.0072853 0.0587551 0.1467552 0.1434714 0.0209111 0.0156876 0.0358956 0.0245144 0.0052472 0.0016991 0.0183343 0.0715616 0.0204059 0.0053636 0.0036773 0.0319336 0.0676138
162 R 162 0.1388184 0.0908343 0.0742010 0.1676722 0.0049342 0.0585740 0.0527702 0.0298992 0.0205257 0.0305265 0.0645663 0.0393491 0.0096353 0.0266979 0.0575299 0.0477615 0.0198612 0.0072171 0.0206737 0.0102604 0.0276920
163 Q 163 0.0721008 0.0334521 0.0300905 0.1154960 0.0010921 0.0493097 0.1946876 0.0224532 0.0225564 0.0165548 0.1175459 0.0422099 0.0063497 0.0212563 0.1148355 0.0614653 0.0245099 0.0062695 0.0032063 0.0202570 0.0243015
164 T 164 0.2474531 0.0210922 0.0145919 0.1930030 0.0046993 0.0406104 0.1491461 0.0444598 0.0215930 0.0101890 0.0292828 0.0489609 0.0011069 0.0010426 0.0148417 0.0534828 0.0594861 0.0000000 0.0089675 0.0109712 0.0250199
165 E 165 0.2213199 0.0529631 0.0044500 0.0924281 0.0030918 0.0477830 0.2348243 0.0159972 0.0048152 0.0075031 0.1137709 0.0281593 0.0131763 0.0087599 0.0087692 0.0378866 0.0295701 0.0051906 0.0129863 0.0274313 0.0291238
166 C 166 0.1772544 0.0384722 0.0043615 0.0261314 0.0183049 0.3802280 0.0246987 0.0293404 0.0125342 0.0270864 0.1088209 0.0078842 0.0019636 0.0128224 0.0000000 0.0314147 0.0110933 0.0064243 0.0155085 0.0385374 0.0271185
167 E 167 0.1069414 0.1789592 0.0372557 0.0619112 0.0035583 0.1189885 0.1083938 0.0106505 0.0152742 0.0284499 0.0572949 0.1430182 0.0020379 0.0035470 0.0189322 0.0231111 0.0183566 0.0016962 0.0076879 0.0281090 0.0258262
168 E 168 0.1376236 0.1128377 0.0289846 0.1182129 0.0016090 0.0926524 0.2011504 0.0210329 0.0152115 0.0108615 0.0076991 0.0463585 0.0036184 0.0010295 0.0041845 0.0464604 0.0756970 0.0080309 0.0120420 0.0253075 0.0293959
169 L 169 0.0019577 0.0010498 0.0000000 0.0014043 0.0035934 0.0000000 0.0000000 0.0009404 0.0012110 0.0138612 0.2703452 0.0011842 0.0102994 0.6044223 0.0008609 0.0000000 0.0012215 0.0098450 0.0119329 0.0212841 0.0445868
170 L 170 0.0259411 0.0080033 0.0012092 0.0000000 0.0060200 0.0019663 0.0071923 0.0000000 0.0188958 0.0757276 0.4594772 0.0009732 0.0324832 0.2309473 0.0000000 0.0010746 0.0159507 0.0156287 0.0318682 0.0306327 0.0360086
171 A 171 0.1164440 0.0723571 0.0937733 0.1021494 0.0068869 0.0908152 0.1757441 0.0467112 0.0218873 0.0051486 0.0104406 0.0589021 0.0012690 0.0015170 0.0000000 0.0769084 0.0603647 0.0018642 0.0000000 0.0178025 0.0390143
172 W 172 0.0437842 0.1373151 0.0372203 0.1396086 0.0033645 0.0947713 0.2246427 0.0135409 0.0199561 0.0074431 0.0166631 0.0966200 0.0028635 0.0028768 0.0021689 0.0317090 0.0461708 0.0228395 0.0029152 0.0133944 0.0401318
173 H 173 0.0152864 0.0167595 0.0039920 0.0011265 0.0072801 0.0138627 0.0102602 0.0013827 0.6548303 0.0073891 0.0117853 0.0009084 0.0072002 0.0714020 0.0000000 0.0000000 0.0028777 0.0000000 0.0873425 0.0244903 0.0618242
174 L 174 0.0070380 0.0115787 0.0000000 0.0000000 0.0000000 0.0000000 0.0000000 0.0000000 0.0013927 0.1754813 0.5719191 0.0020846 0.0263110 0.0290248 0.0213222 0.0018959 0.0040111 0.0000000 0.0035147 0.0594938 0.0849320
175 F 175 0.0983373 0.0335859 0.0453992 0.0069854 0.0109734 0.0406131 0.0193501 0.0942703 0.0175367 0.0082516 0.3517824 0.0257899 0.0314390 0.0423672 0.0021678 0.0426926 0.0207757 0.0024766 0.0064728 0.0196043 0.0791289
176 P 176 0.0476266 0.0618063 0.0390791 0.0236543 0.0066454 0.0340723 0.0304033 0.0242852 0.0094639 0.0052784 0.0164948 0.0566844 0.0075307 0.0000000 0.3667701 0.0866186 0.0735678 0.0022688 0.0000000 0.0329891 0.0747611
177 W 177 0.0121986 0.0000000 0.0064298 0.0000000 0.0206938 0.0000000 0.0000000 0.0065569 0.0000000 0.0071073 0.0078372 0.0000000 0.0046283 0.0434428 0.0021742 0.0071610 0.0092915 0.7516149 0.0074638 0.0125093 0.1008905
178 S 178 0.2090400 0.0000000 0.0000000 0.0000000 0.0328593 0.0000000 0.0000000 0.0349766 0.0000000 0.1222864 0.1352507 0.0031469 0.0175396 0.0508013 0.0041781 0.0686654 0.0150271 0.0053944 0.0268273 0.1805691 0.0934379
179 T 179 0.0597286 0.0329692 0.0175269 0.0955152 0.0038827 0.0121148 0.0663125 0.1237569 0.0090195 0.0115415 0.0236180 0.0171820 0.0084693 0.0154155 0.2835990 0.0483643 0.0264163 0.0077773 0.0359996 0.0178431 0.0829476
180 R 180 0.0879946 0.2070983 0.0108206 0.0757989 0.0049499 0.0545172 0.0896196 0.0354638 0.0662119 0.0076928 0.0592490 0.0773248 0.0152383 0.0061267 0.0313000 0.0393770 0.0246170 0.0000000 0.0041013 0.0218731 0.0806254
