  223         A         R         N         D         C         Q         E         G         H         I         L         K         M         F         P         S         T         W         Y         V    
  1 M   1 0.0000000 0.0000000 0.0000000 0.0000000 0.0000000 0.0000000 0.0000000 0.0000000 0.0000000 0.0000000 0.0000000 0.0000000 1.0000000 0.0000000 0.0000000 0.0000000 0.0000000 0.0000000 0.0000000 0.0000000
  2 G   2 0.1579916 0.0000000 0.0972513 0.0000000 0.0000000 0.0000000 0.0806165 0.1171516 0.0000000 0.0000000 0.0633137 0.0000000 0.0000000 0.0000000 0.0000000 0.2914847 0.1921907 0.0000000 0.0000000 0.0000000
  3 S   3 0.2926848 0.0000000 0.0861763 0.0000000 0.0000000 0.0000000 0.0833266 0.0938694 0.0000000 0.0000000 0.0000000 0.0000000 0.0000000 0.0000000 0.0000000 0.2907747 0.1531683 0.0000000 0.0000000 0.0000000
  4 H   4 0.0426429 0.1401739 0.0476015 0.0503526 0.0000000 0.0971219 0.1669360 0.0780471 0.0931692 0.0000000 0.0000000 0.1237323 0.0000000 0.0000000 0.0000000 0.1259162 0.0343064 0.0000000 0.0000000 0.0000000
  5 H   5 0.0719265 0.0000000 0.0596235 0.0000000 0.0000000 0.1293323 0.0570789 0.0000000 0.0502156 0.0701815 0.0000000 0.0000000 0.0000000 0.0000000 0.1457646 0.0600196 0.2832758 0.0000000 0.0725816 0.0000000
  6 H   6 0.2342751 0.0365860 0.0675062 0.1858425 0.0000000 0.0333361 0.0000000 0.0000000 0.2242607 0.0400347 0.0000000 0.0658684 0.0559592 0.0000000 0.0000000 0.0563310 0.0000000 0.0000000 0.0000000 0.0000000
  7 H   7 0.0524873 0.0358459 0.0000000 0.0667429 0.0000000 0.1427573 0.0528919 0.0000000 0.1445429 0.0000000 0.0364666 0.0653893 0.0000000 0.0000000 0.0000000 0.2757908 0.0878825 0.0000000 0.0000000 0.0392026
  8 H   8 0.1241603 0.0000000 0.2834467 0.0496412 0.0000000 0.0000000 0.0000000 0.0423923 0.0436722 0.0521987 0.0919634 0.0000000 0.0000000 0.0316821 0.0339022 0.0308907 0.2160503 0.0000000 0.0000000 0.0000000
  9 H   9 0.0293272 0.1003170 0.0228342 0.0000000 0.0000000 0.0945191 0.1789444 0.0611257 0.0802956 0.0000000 0.0000000 0.0924311 0.0000000 0.0000000 0.0301853 0.0981528 0.2118676 0.0000000 0.0000000 0.0000000
 10 S  10 0.1005034 0.0000000 0.0000000 0.1010163 0.0000000 0.1440862 0.1156098 0.0000000 0.0000000 0.0338517 0.0000000 0.0000000 0.3570723 0.0000000 0.0000000 0.0701440 0.0777163 0.0000000 0.0000000 0.0000000
 11 S  11 0.1808834 0.0192360 0.0228813 0.0000000 0.0000000 0.0000000 0.0474081 0.0000000 0.0000000 0.0286469 0.0761044 0.0405436 0.0000000 0.0000000 0.1204546 0.1681975 0.2695433 0.0000000 0.0000000 0.0261008
 12 G  12 0.2645788 0.0000000 0.0476000 0.0589441 0.0000000 0.0000000 0.0714445 0.2360502 0.0000000 0.0000000 0.0255363 0.0635557 0.0394049 0.0000000 0.0000000 0.0778320 0.1150534 0.0000000 0.0000000 0.0000000
 13 L  13 0.0626674 0.0000000 0.0866277 0.0270555 0.0000000 0.1071257 0.0246149 0.0494537 0.0296662 0.0000000 0.0888142 0.0385164 0.1882672 0.0441742 0.1185403 0.0688304 0.0396997 0.0000000 0.0000000 0.0259464
 14 V  14 0.2733706 0.0428880 0.0311823 0.0502496 0.0000000 0.0689456 0.0758628 0.0787878 0.0143112 0.0118425 0.0198550 0.0362233 0.0000000 0.0406732 0.0252053 0.0328304 0.1129875 0.0000000 0.0463521 0.0384326
 15 P  15 0.1765748 0.0000000 0.0000000 0.0000000 0.0000000 0.0499092 0.0970756 0.0000000 0.0000000 0.0506478 0.0458708 0.0307804 0.0640080 0.0000000 0.2920479 0.0935567 0.0260758 0.0000000 0.0140293 0.0594238
 16 R  16 0.1329427 0.0883992 0.0144227 0.0000000 0.0000000 0.1411150 0.0679266 0.0158838 0.0000000 0.0000000 0.1281298 0.0704093 0.0217096 0.0000000 0.0727315 0.1275396 0.0681178 0.0000000 0.0506725 0.0000000
 17 G  17 0.1090954 0.0442107 0.0780791 0.0000000 0.0000000 0.0479789 0.2220875 0.1584362 0.0000000 0.0000000 0.0396987 0.0000000 0.0000000 0.0163298 0.0572425 0.0963232 0.0578434 0.0000000 0.0000000 0.0726746
 18 S  18 0.0882459 0.0351800 0.0417222 0.0090395 0.0000000 0.0239973 0.1917277 0.0000000 0.0000000 0.0924380 0.0922048 0.0950562 0.0435380 0.0000000 0.1220249 0.0805266 0.0331485 0.0000000 0.0157843 0.0353662
 19 H  19 0.0643981 0.0932249 0.0217298 0.0661769 0.0000000 0.0987245 0.0988599 0.0104108 0.0549411 0.1237287 0.0260633 0.0228800 0.0178056 0.0000000 0.0307299 0.1142744 0.1422603 0.0000000 0.0000000 0.0137921
 20 M  20 0.0218220 0.0160294 0.0000000 0.0000000 0.0000000 0.0394298 0.0297888 0.0000000 0.0000000 0.0377059 0.0672710 0.0000000 0.6022499 0.0000000 0.0145642 0.0406229 0.0430489 0.0000000 0.0000000 0.0874672
 21 T  21 0.0519364 0.0100436 0.0846825 0.0764310 0.0000000 0.1010456 0.0301587 0.0073142 0.0193861 0.0414122 0.1086907 0.0226487 0.1888483 0.0000000 0.0215543 0.0714411 0.1458885 0.0000000 0.0094019 0.0091163
 22 H  22 0.0633292 0.0127732 0.1175676 0.1664713 0.0000000 0.0814327 0.1833554 0.0022924 0.0431715 0.0177611 0.0533999 0.0329839 0.0079879 0.0000000 0.0206175 0.1214733 0.0665250 0.0000000 0.0000000 0.0088580
 23 F  23 0.0341974 0.0127318 0.0500813 0.0592683 0.0000000 0.0962739 0.2395805 0.0194214 0.0137442 0.0512361 0.0974436 0.0528752 0.0034703 0.0497702 0.0487273 0.0485548 0.0665777 0.0000000 0.0000000 0.0560458
 24 S  24 0.0704338 0.0225742 0.0978717 0.2000174 0.0036505 0.1209720 0.1014772 0.0094239 0.0178552 0.0233366 0.0219111 0.0562512 0.0000000 0.0000000 0.0418202 0.0926115 0.0932063 0.0000000 0.0066062 0.0199810
 25 Q  25 0.0523774 0.1352358 0.0089972 0.0571933 0.0000000 0.1984331 0.1350607 0.0137235 0.0099088 0.0699688 0.0837185 0.0398139 0.0299118 0.0086218 0.0089437 0.0466485 0.0610597 0.0000000 0.0091229 0.0312605
 26 Q  26 0.0374551 0.1000966 0.0737897 0.0113407 0.0095817 0.0857687 0.0372510 0.0022648 0.0165689 0.0989504 0.3209382 0.0036849 0.1183471 0.0292876 0.0045417 0.0046903 0.0207989 0.0032976 0.0078110 0.0135350
 27 D  27 0.0778386 0.0460930 0.1775352 0.1259168 0.0000000 0.1093514 0.2050527 0.0040744 0.0209928 0.0105850 0.0380980 0.0438355 0.0019203 0.0030669 0.0101446 0.0363241 0.0644734 0.0043893 0.0029982 0.0173097
 28 N  28 0.2846573 0.0210443 0.0772147 0.0712082 0.0029280 0.0642527 0.1481723 0.0204278 0.0338138 0.0352599 0.0386617 0.0053658 0.0387730 0.0078315 0.0058655 0.0356005 0.0577650 0.0141388 0.0093200 0.0276992
 29 F  29 0.0100751 0.5451859 0.0015937 0.0024475 0.0025232 0.0067649 0.0035927 0.0000000 0.0000000 0.0973532 0.0372704 0.0039321 0.0068541 0.1566076 0.0011039 0.0187320 0.0079315 0.0051944 0.0616976 0.0311403
 30 S  30 0.5248404 0.0068514 0.0092223 0.0039862 0.0062814 0.0480755 0.0201999 0.0245988 0.0116461 0.0146933 0.0138263 0.0088175 0.0065674 0.0018931 0.0016698 0.2531288 0.0176071 0.0000000 0.0025568 0.0235376
 31 V  31 0.1182485 0.0313381 0.0310851 0.1488119 0.0170320 0.0337388 0.0972907 0.0374791 0.0074635 0.0678143 0.1537884 0.0105959 0.0266929 0.0769325 0.0052694 0.0184851 0.0313730 0.0020540 0.0199799 0.0645270
 32 A  32 0.0797328 0.0014098 0.0000000 0.0000000 0.0085094 0.0095389 0.0073895 0.0188834 0.0041695 0.2104561 0.2643701 0.0000000 0.0378134 0.0387063 0.0000000 0.0358573 0.0801135 0.0000000 0.0537304 0.1493196
 33 A  33 0.0933560 0.0000000 0.0013594 0.0014354 0.0591518 0.0000000 0.0000000 0.0375827 0.0010618 0.0093465 0.0368677 0.0000000 0.0057699 0.0704664 0.0156059 0.0452512 0.0013720 0.0142380 0.6012725 0.0058629
 34 R  34 0.0816481 0.3204422 0.0702749 0.0729102 0.0000000 0.0795582 0.0475091 0.0753440 0.0152511 0.0019417 0.0436828 0.0601453 0.0047893 0.0023591 0.0024325 0.0546965 0.0317843 0.0277092 0.0043740 0.0031474
 35 V  35 0.0248140 0.0000000 0.0000000 0.0000000 0.0163543 0.0035195 0.0000000 0.0000000 0.0000000 0.1006000 0.4028973 0.0000000 0.0421781 0.1457135 0.0000000 0.0065596 0.0341885 0.0852964 0.0107131 0.1271655
 36 L  36 0.0147010 0.0000000 0.0000000 0.0000000 0.0027368 0.0000000 0.0000000 0.0000000 0.0000000 0.0463019 0.7132680 0.0000000 0.0247409 0.1700558 0.0000000 0.0025075 0.0000000 0.0070478 0.0028428 0.0157975
 37 G  37 0.3539868 0.0210918 0.0082720 0.0000000 0.0041020 0.0098722 0.0000000 0.2715823 0.0345183 0.0050662 0.0000000 0.0173683 0.0033265 0.0000000 0.0000000 0.2513762 0.0050296 0.0011190 0.0101681 0.0031208
 38 A  38 0.1871718 0.1265708 0.0655549 0.0309215 0.0015360 0.0449808 0.0351443 0.0421703 0.0341005 0.0142428 0.0608644 0.0239350 0.0098881 0.0081400 0.0086573 0.1895193 0.0831918 0.0000000 0.0104433 0.0229671
 39 L  39 0.0654493 0.0000000 0.0069405 0.0000000 0.0539566 0.0071808 0.0000000 0.0078905 0.0000000 0.0577125 0.5572730 0.0021281 0.0632072 0.0611812 0.0037266 0.0057507 0.0195273 0.0056461 0.0000000 0.0824297
 40 F  40 0.0066597 0.0000000 0.0000000 0.0000000 0.0066658 0.0020760 0.0000000 0.0015290 0.0123366 0.0130935 0.3350675 0.0000000 0.0170823 0.5058379 0.0015252 0.0027299 0.0016065 0.0126557 0.0649475 0.0161871
 41 Y  41 0.1285304 0.0907514 0.0203706 0.0243214 0.0032074 0.0091365 0.0150007 0.0418052 0.0087506 0.0402985 0.1643614 0.0064351 0.0171939 0.0592009 0.0000000 0.0777327 0.0256455 0.0019403 0.2184173 0.0469003
 42 Y  42 0.0966954 0.1565518 0.0296232 0.0458359 0.0169759 0.0644511 0.0426013 0.0410027 0.0403620 0.0053280 0.0181527 0.0722272 0.0029382 0.0782089 0.0019841 0.0399130 0.0451720 0.0043344 0.1796514 0.0179907
 43 A  43 0.1218678 0.0157560 0.0099155 0.0208555 0.0010128 0.0579318 0.2407048 0.0167260 0.0162803 0.0112197 0.0153427 0.0123880 0.0051995 0.0074168 0.2162275 0.0913430 0.0153927 0.0015547 0.0968281 0.0260367
 44 P  44 0.0183773 0.0061114 0.0030946 0.0045713 0.0017788 0.0091917 0.0144321 0.0016313 0.0027060 0.0186767 0.1105973 0.0000000 0.0074951 0.0163348 0.7167361 0.0085345 0.0218618 0.0000000 0.0071326 0.0307366
 45 E  45 0.0240902 0.0117792 0.0509119 0.3305862 0.0025095 0.0523719 0.1004322 0.0355669 0.0073968 0.0081850 0.0136381 0.0132237 0.0015598 0.0013593 0.0125723 0.1672492 0.1501180 0.0000000 0.0069313 0.0095185
 46 S  46 0.1257680 0.0374536 0.0132066 0.1878703 0.0017378 0.0965549 0.1992974 0.0219417 0.0212013 0.0111698 0.0192346 0.0561365 0.0020314 0.0035602 0.0631186 0.0983195 0.0201830 0.0051832 0.0000000 0.0160317
 47 A  47 0.1493787 0.0065256 0.0234726 0.1276264 0.0007993 0.0449601 0.3479331 0.0495018 0.0084082 0.0025308 0.0148513 0.0502985 0.0206965 0.0014627 0.0769272 0.0459109 0.0158577 0.0020835 0.0069380 0.0038370
 48 E  48 0.0480835 0.0536443 0.0244592 0.0325517 0.0055951 0.1003848 0.0719025 0.0106519 0.0135017 0.0365475 0.2899302 0.0089920 0.0211746 0.0928457 0.0107587 0.0207252 0.0646706 0.0213413 0.0088599 0.0633797
 49 A  49 0.0742919 0.0216228 0.0222360 0.0146255 0.0152892 0.0102709 0.0109331 0.0074963 0.0084856 0.0832046 0.4429269 0.0057428 0.0202668 0.0500213 0.0028040 0.0097913 0.0229969 0.0105022 0.0411339 0.1253581
 50 A  50 0.2347643 0.0493960 0.0426288 0.1246074 0.0042327 0.0906718 0.1504517 0.0225935 0.0315899 0.0090331 0.0144685 0.0723879 0.0022578 0.0074687 0.0151552 0.0717663 0.0294158 0.0000000 0.0000000 0.0271106
 51 P  51 0.1554410 0.0803238 0.0396271 0.0692075 0.0017112 0.0992442 0.1525911 0.0652479 0.0284194 0.0162481 0.0096413 0.0374383 0.0162977 0.0232519 0.0847748 0.0416886 0.0513819 0.0097040 0.0028619 0.0148984
 52 L  52 0.0442795 0.0024692 0.0040046 0.0015536 0.0110444 0.0087332 0.0000000 0.0039835 0.0046966 0.1343598 0.5433660 0.0008024 0.0327297 0.0507768 0.0000000 0.0056114 0.0237551 0.0137919 0.0123943 0.1016479
 53 V  53 0.1508971 0.1224390 0.0147338 0.0153913 0.0108774 0.0526688 0.0264054 0.0104946 0.0088206 0.0937598 0.1162579 0.0519255 0.0156421 0.0946339 0.0279287 0.0250978 0.0316025 0.0090700 0.0230062 0.0983477
 54 A  54 0.1673983 0.0274407 0.0534283 0.1351206 0.0081121 0.0394866 0.1781867 0.0868956 0.0096673 0.0045117 0.0069445 0.0311927 0.0020037 0.0021816 0.0363347 0.1082325 0.0811352 0.0000000 0.0000000 0.0217271
 55 V  55 0.1541750 0.0114808 0.0174599 0.0058693 0.0210275 0.0318061 0.0284857 0.0396443 0.0023359 0.0590026 0.2080631 0.0348832 0.0481293 0.1102721 0.0072461 0.0347821 0.0149705 0.0680028 0.0315248 0.0708390
 56 L  56 0.0599773 0.0332109 0.0022720 0.0230347 0.0010115 0.0238643 0.0333790 0.0091886 0.0129913 0.1038464 0.4192968 0.0097502 0.0205805 0.0912827 0.0117787 0.0400552 0.0188699 0.0147286 0.0082086 0.0626728
 57 T  57 0.1641704 0.1147045 0.0245209 0.0774744 0.0071434 0.0550092 0.0705661 0.0455523 0.0014329 0.0157749 0.0434350 0.0851424 0.0046341 0.0092993 0.0708366 0.0702493 0.0960965 0.0019155 0.0036560 0.0383865
 58 S  58 0.1071358 0.0212888 0.0267769 0.1320747 0.0050873 0.1667186 0.1936611 0.0560011 0.0285844 0.0202589 0.0585292 0.0179755 0.0023633 0.0072465 0.0046531 0.0742366 0.0464731 0.0000000 0.0134618 0.0174732
 59 D  59 0.0568802 0.0054784 0.0241453 0.1336735 0.0053739 0.0364239 0.0840916 0.1308365 0.0119565 0.0631660 0.2324823 0.0129066 0.0207428 0.0146594 0.0574645 0.0551415 0.0212456 0.0034600 0.0041631 0.0257086
 60 G  60 0.1312265 0.0150274 0.0423233 0.1492520 0.0025348 0.0270176 0.1313580 0.1444787 0.0093782 0.0090735 0.0474083 0.0831756 0.0015284 0.0077581 0.0476949 0.0840930 0.0454556 0.0000000 0.0026244 0.0185916
 61 W  61 0.0967193 0.0070045 0.0139614 0.0525488 0.0027398 0.0071145 0.0953031 0.0289164 0.0068272 0.0635428 0.2661689 0.0132878 0.0188425 0.0546477 0.0010610 0.0505778 0.0431628 0.0993560 0.0067517 0.0714659
 62 E  62 0.1333811 0.0495244 0.0658882 0.0647640 0.0123116 0.0627791 0.1257514 0.0321761 0.0145075 0.0296780 0.1302475 0.0310059 0.0052084 0.0161465 0.0631751 0.0638397 0.0437493 0.0062104 0.0067918 0.0428640
 63 T  63 0.1935623 0.0254911 0.0168993 0.0943955 0.0071366 0.1289686 0.1518275 0.0354439 0.0149100 0.0208426 0.0602448 0.0304519 0.0013008 0.0198441 0.0740307 0.0728179 0.0307940 0.0013034 0.0109049 0.0088301
 64 Q  64 0.1032488 0.0216775 0.0389916 0.1216899 0.0130938 0.1012681 0.1506216 0.0383742 0.0301068 0.0166680 0.0765290 0.0171601 0.0119015 0.0386602 0.0516714 0.0835668 0.0435220 0.0000000 0.0118881 0.0293606
 65 W  65 0.0611125 0.0186944 0.0428007 0.0430071 0.0061980 0.0125790 0.0389893 0.0906048 0.0090453 0.0397319 0.1566030 0.0113771 0.0226639 0.0729692 0.0213307 0.0348312 0.0270726 0.2270075 0.0145719 0.0488099
 66 P  66 0.1691074 0.0284452 0.0163576 0.0796483 0.0028901 0.0227624 0.0625180 0.0314126 0.0075745 0.0070414 0.0277706 0.0358035 0.0039185 0.0047611 0.3498536 0.0807434 0.0540994 0.0000000 0.0000000 0.0152924
 67 L  67 0.0913205 0.0540953 0.0303263 0.0898711 0.0253829 0.0395138 0.1110479 0.0280257 0.0210970 0.0249839 0.2205626 0.0185489 0.0156564 0.0598124 0.0400756 0.0303239 0.0354128 0.0011048 0.0281964 0.0346418
 68 P  68 0.1027317 0.0174345 0.0230116 0.0554840 0.0080532 0.0119666 0.0908946 0.1789822 0.0059293 0.0498277 0.1406113 0.0118403 0.0463065 0.0276091 0.0813545 0.0442448 0.0454204 0.0027419 0.0054160 0.0501398
 69 E  69 0.0925185 0.0720317 0.0270245 0.0677993 0.0053175 0.1326050 0.1080740 0.0623346 0.0125037 0.0311018 0.0591891 0.0432391 0.0072401 0.0263649 0.0210891 0.0463516 0.0717777 0.0055156 0.0192099 0.0887122
 70 A  70 0.2083417 0.0666280 0.0340457 0.1851765 0.0053536 0.0543347 0.1810335 0.0330954 0.0053309 0.0096254 0.0257155 0.0426149 0.0033830 0.0044426 0.0220557 0.0628771 0.0354598 0.0000000 0.0012454 0.0192406
 71 S  71 0.2853614 0.0152552 0.0188669 0.0503357 0.0063214 0.0485898 0.1205159 0.0393412 0.0248742 0.0196060 0.0472612 0.0326439 0.0197139 0.0232937 0.0441017 0.0906697 0.0414069 0.0238929 0.0194964 0.0284519
 72 L  72 0.0607242 0.0151054 0.0018808 0.0168124 0.0025543 0.0370783 0.0319544 0.0236473 0.0073285 0.1059590 0.4062989 0.0134230 0.0283799 0.0519339 0.0031983 0.0196650 0.0156424 0.0742237 0.0091751 0.0750153
 73 A  73 0.1654965 0.0674841 0.0671386 0.0476492 0.0091464 0.0741897 0.0924973 0.0611148 0.0070288 0.0351305 0.0769186 0.0652953 0.0086748 0.0133269 0.0156964 0.0795647 0.0615073 0.0051520 0.0047273 0.0422608
 74 P  74 0.1910551 0.0988771 0.0350073 0.0717039 0.0000000 0.0819243 0.1241764 0.0350887 0.0217165 0.0157175 0.0638908 0.0478585 0.0132095 0.0178240 0.0554334 0.0497262 0.0481963 0.0034098 0.0017049 0.0234799
 75 L  75 0.0730195 0.0256768 0.0077416 0.0118985 0.0117029 0.0144135 0.0265849 0.0108769 0.0094052 0.1101733 0.3657020 0.0239118 0.0279134 0.0847561 0.0077542 0.0128917 0.0294331 0.0332543 0.0536805 0.0592098
 76 V  76 0.1616420 0.0273123 0.0150535 0.0247099 0.0504992 0.0442794 0.0580702 0.0144139 0.0082202 0.0655681 0.2186660 0.0587259 0.0175703 0.0112614 0.0337096 0.0417566 0.0520366 0.0033511 0.0014717 0.0916820
 77 T  77 0.1833333 0.0985642 0.0546745 0.1058830 0.0019258 0.0720016 0.1054730 0.0495285 0.0254014 0.0111736 0.0468654 0.0793785 0.0028505 0.0080287 0.0162827 0.0819932 0.0361310 0.0041982 0.0041844 0.0121286
 78 A  78 0.2136756 0.0749368 0.0210285 0.0231892 0.0059317 0.0533772 0.0704524 0.0113100 0.0337400 0.0111081 0.1795765 0.0478827 0.0189490 0.0314470 0.0156090 0.0606987 0.0473029 0.0134521 0.0131201 0.0532125
 79 F  79 0.1950727 0.0272326 0.0282838 0.0451192 0.0083069 0.0605444 0.0324009 0.0152840 0.0031903 0.0427200 0.2384287 0.0155389 0.0158088 0.0796481 0.0302480 0.0332382 0.0348151 0.0288980 0.0170622 0.0481593
 80 Q  80 0.1074044 0.1270295 0.0358833 0.0401768 0.0038124 0.1161042 0.0987476 0.0493141 0.0186681 0.0131175 0.0395224 0.1141913 0.0241219 0.0147088 0.0422484 0.0747932 0.0387029 0.0097701 0.0033891 0.0282937
 81 T  81 0.1132105 0.0361830 0.0610842 0.1044296 0.0088808 0.0580366 0.1216787 0.0528016 0.0239698 0.0150048 0.0458054 0.0575870 0.0058364 0.0163451 0.0532224 0.1109349 0.0542741 0.0000000 0.0156822 0.0450328
 82 Q  82 0.0905580 0.0285875 0.0308014 0.1294022 0.0137373 0.0423441 0.1329166 0.0550355 0.0103451 0.0229780 0.0525680 0.0388570 0.0233691 0.0093020 0.0370217 0.1038547 0.1208882 0.0017015 0.0206659 0.0350664
 83 C  83 0.1414822 0.0196015 0.0491210 0.2419037 0.0145915 0.0366028 0.0656690 0.0580047 0.0123891 0.0155516 0.0375046 0.0373604 0.0041460 0.0090667 0.0445639 0.0993244 0.0690654 0.0013941 0.0130444 0.0296130
 84 E  84 0.0842113 0.0664154 0.0199306 0.0847844 0.0018743 0.0593854 0.0801070 0.0098283 0.0269953 0.0295130 0.2198494 0.0118627 0.0215678 0.0276630 0.1314757 0.0327633 0.0222111 0.0128422 0.0185509 0.0381689
 85 E  85 0.0882599 0.0204515 0.0171303 0.1210056 0.0008031 0.0900831 0.3036165 0.0152031 0.0215282 0.0234418 0.1040024 0.0435698 0.0173525 0.0042257 0.0139751 0.0491475 0.0503449 0.0000000 0.0053545 0.0105044
 86 T  86 0.2053584 0.0530103 0.0277824 0.1156149 0.0000000 0.0621466 0.2426907 0.0324161 0.0036059 0.0023723 0.0219791 0.0423673 0.0016389 0.0027600 0.0187382 0.0431389 0.0867356 0.0007214 0.0148257 0.0220974
 87 H  87 0.0629658 0.0094801 0.0022782 0.0000000 0.0031565 0.0046335 0.0075111 0.0000000 0.0110517 0.0771827 0.6291477 0.0000000 0.0325200 0.0295175 0.0007409 0.0006689 0.0075190 0.0114552 0.0141927 0.0959785
 88 A  88 0.2411125 0.0976450 0.0339660 0.0315315 0.0113945 0.1255958 0.1710338 0.0074454 0.0248899 0.0190092 0.0341794 0.0625145 0.0057379 0.0019180 0.0123420 0.0503924 0.0270254 0.0024294 0.0085934 0.0312438
 89 Q  89 0.2081512 0.1108017 0.0149212 0.0668881 0.0073518 0.0591507 0.1258103 0.0152351 0.0091714 0.0314799 0.0622318 0.0276391 0.0107256 0.0095681 0.0045798 0.0563665 0.0340837 0.0257049 0.0315034 0.0886358
 90 A  90 0.1016733 0.0264954 0.0097340 0.3314201 0.0000000 0.0377966 0.4015018 0.0189552 0.0170918 0.0056296 0.0051665 0.0008350 0.0000000 0.0000000 0.0000000 0.0120864 0.0110205 0.0016064 0.0018780 0.0171096
 91 W  91 0.0032187 0.0105963 0.0082442 0.0018539 0.0000000 0.0116508 0.0000000 0.0000000 0.0625091 0.0000000 0.0016374 0.0000000 0.0031442 0.2645139 0.0000000 0.0000000 0.0000000 0.0520872 0.5805440 0.0000000
 92 Q  92 0.0801475 0.0146391 0.1223760 0.0638637 0.0409422 0.1309146 0.0255934 0.0235453 0.0118717 0.0199465 0.0222664 0.0078596 0.0098572 0.0377148 0.0000000 0.0607196 0.1953861 0.0009049 0.0188854 0.1125660
 93 R  93 0.1517501 0.3182727 0.0285481 0.0905197 0.0000000 0.0474520 0.0729862 0.0485499 0.0342994 0.0111714 0.0133818 0.0491907 0.0027727 0.0041582 0.0042935 0.0512672 0.0339887 0.0028823 0.0164374 0.0180780
 94 L  94 0.0239521 0.0010707 0.0031463 0.0018811 0.0145401 0.0024996 0.0006680 0.0000000 0.0054443 0.0450062 0.7370492 0.0000000 0.0306338 0.0036377 0.0000000 0.0017417 0.0789916 0.0015558 0.0014207 0.0467611
 95 F  95 0.0000000 0.0000000 0.0000000 0.0000000 0.0107813 0.0000000 0.0000000 0.0000000 0.0017073 0.0000000 0.0331340 0.0000000 0.0083725 0.9158272 0.0000000 0.0018834 0.0000000 0.0000000 0.0211801 0.0071141
 96 V  96 0.0320263 0.0224694 0.0032813 0.0515455 0.0035551 0.0056863 0.0518729 0.0565477 0.0063081 0.2739994 0.1878794 0.0046411 0.0070815 0.0414659 0.0000000 0.0182453 0.0207513 0.0020776 0.0220755 0.1884902
 97 G  97 0.0468190 0.0328034 0.0439872 0.0370146 0.0012672 0.0049781 0.0046227 0.6210577 0.0187988 0.0094994 0.0425159 0.0139208 0.0138486 0.0130728 0.0000000 0.0455491 0.0070295 0.0000000 0.0024405 0.0407744
 98 P  98 0.0316260 0.0035655 0.0257310 0.0991944 0.0025231 0.0226649 0.0419115 0.0453037 0.0048771 0.0399865 0.0781539 0.0045848 0.0061875 0.0127780 0.3371916 0.0708313 0.0560313 0.0000000 0.0113508 0.1055072
 99 W  99 0.0393539 0.0377240 0.0348991 0.0567626 0.0013068 0.0291346 0.0606565 0.3781817 0.0174731 0.0115062 0.0316079 0.0259483 0.0209290 0.0419650 0.0526576 0.0512317 0.0444777 0.0182545 0.0426191 0.0033108
100 A 100 0.1178684 0.1911787 0.0353447 0.0399740 0.0187745 0.0407475 0.0655862 0.1113538 0.0236332 0.0089639 0.0041151 0.1266241 0.0093641 0.0080146 0.0562996 0.0589236 0.0494208 0.0000000 0.0199363 0.0138768
101 L 101 0.0342189 0.0757916 0.0160803 0.0172948 0.0042935 0.0224522 0.0120333 0.1419916 0.0315023 0.0204502 0.1854784 0.0507794 0.0423225 0.0091892 0.1705320 0.0531123 0.0443335 0.0000000 0.0190380 0.0491059
102 P 102 0.1001809 0.0662947 0.0318986 0.0123024 0.0021284 0.0174674 0.1462244 0.0168652 0.0151318 0.0226044 0.0604734 0.0715870 0.0032168 0.0280897 0.2218564 0.0955671 0.0249437 0.0000000 0.0178098 0.0453580
103 S 103 0.3795227 0.0075630 0.0000000 0.0047570 0.0647844 0.0014894 0.0000000 0.0000000 0.0105002 0.1020278 0.1382916 0.0059170 0.0065510 0.0034271 0.0180914 0.0380238 0.0223331 0.0000000 0.0000000 0.1967204
104 P 104 0.0690256 0.0071853 0.0194409 0.0029636 0.0086992 0.0145309 0.0019404 0.0050638 0.0298740 0.0263031 0.1121021 0.0019694 0.0279577 0.0236707 0.3956939 0.1020878 0.0466688 0.0032941 0.0372684 0.0642604
105 P 105 0.0155268 0.0013174 0.0062400 0.0000000 0.0026443 0.0072761 0.0018169 0.0000000 0.0000000 0.0307368 0.2120684 0.0048224 0.0215879 0.0000000 0.6669319 0.0088612 0.0160733 0.0000000 0.0000000 0.0040966
106 W 106 0.0024634 0.0103742 0.0214684 0.0000000 0.0155617 0.0043543 0.0018259 0.0017060 0.0310811 0.0313835 0.0100923 0.0000000 0.0000000 0.1177259 0.0000000 0.0210680 0.0262108 0.1961965 0.4765031 0.0319847
107 G 107 0.2604371 0.0135906 0.0032946 0.0008778 0.0095329 0.0121441 0.3575620 0.2171014 0.0037428 0.0083403 0.0638230 0.0015355 0.0036169 0.0000000 0.0000000 0.0293228 0.0048806 0.0000000 0.0000000 0.0101977
108 S 108 0.0218195 0.0000000 0.0015514 0.0022713 0.0010912 0.0000000 0.0019048 0.0655083 0.0095626 0.0000000 0.0054022 0.0037982 0.0023714 0.0016736 0.0000000 0.7953525 0.0833651 0.0000000 0.0000000 0.0043279
109 V 109 0.1086773 0.0059569 0.0008604 0.0179901 0.0216819 0.0083268 0.0108806 0.0040531 0.0445639 0.0308956 0.0563425 0.0158193 0.0162926 0.0640400 0.0112374 0.0170674 0.0132380 0.0642234 0.1845080 0.3033448
110 W 110 0.0102310 0.0126152 0.0050574 0.0036988 0.0028765 0.0022365 0.0020005 0.0066065 0.1017936 0.0081818 0.0094367 0.0019465 0.0069390 0.0634273 0.0008047 0.0033113 0.0000000 0.1064609 0.6448345 0.0075412
111 L 111 0.0286552 0.1227299 0.0079230 0.0055724 0.0054242 0.0116125 0.0236879 0.0085100 0.0092750 0.0461868 0.4399398 0.0193269 0.0264426 0.0143062 0.0113769 0.0146787 0.1120622 0.0000000 0.0119454 0.0803445
112 D 112 0.0319410 0.0113451 0.0488380 0.2521982 0.0127005 0.0273810 0.0684282 0.0879383 0.0614844 0.0043070 0.0080915 0.0155851 0.0000000 0.0187997 0.0281320 0.1305368 0.1723694 0.0000000 0.0133745 0.0065493
113 R 113 0.0571681 0.0938552 0.0191738 0.0993039 0.0000000 0.0323864 0.1873470 0.1971993 0.0171681 0.0084031 0.0034947 0.1142007 0.0018819 0.0029418 0.0680291 0.0288546 0.0252912 0.0000000 0.0083771 0.0349240
114 E 114 0.0369389 0.0346533 0.0321831 0.2064507 0.0000000 0.0325240 0.4308240 0.0417179 0.0100928 0.0028244 0.0031007 0.0513910 0.0030803 0.0018091 0.0195156 0.0392351 0.0489695 0.0027505 0.0000000 0.0019391
115 S 115 0.0392904 0.0893376 0.0869322 0.0426251 0.0092354 0.0757934 0.0280164 0.3509713 0.0131045 0.0044007 0.0131884 0.0446080 0.0023048 0.0053274 0.0396726 0.0926953 0.0508635 0.0012917 0.0016237 0.0087175
116 V 116 0.0413246 0.1889930 0.0000000 0.0000000 0.0051204 0.0441232 0.0094456 0.0206580 0.0059654 0.0350559 0.2104531 0.0183927 0.0291988 0.1267191 0.0062153 0.0736847 0.0343272 0.0000000 0.0275529 0.1227701
117 L 117 0.0087455 0.0322927 0.0210845 0.0598809 0.0000000 0.0090824 0.0390814 0.0143882 0.0025676 0.0656082 0.4800652 0.0138771 0.0571310 0.0347706 0.0076671 0.0056135 0.0316116 0.0000000 0.0181486 0.0983840
118 F 118 0.0115640 0.1211325 0.1835813 0.0200661 0.0149042 0.0186875 0.0158608 0.0202835 0.0184261 0.0153847 0.0376820 0.0174898 0.1919145 0.2137622 0.0047112 0.0125753 0.0049425 0.0261314 0.0408907 0.0100097
119 G 119 0.0159555 0.0107505 0.0216934 0.0800218 0.0000000 0.1085082 0.1413739 0.5069338 0.0034702 0.0000000 0.0047414 0.0024182 0.0042591 0.0040361 0.0056070 0.0446078 0.0362272 0.0000000 0.0000000 0.0093960
120 D 120 0.0940151 0.0727999 0.0206935 0.1547980 0.0013967 0.0568054 0.1833635 0.0394123 0.0080445 0.0202421 0.0092687 0.1713241 0.0210038 0.0011333 0.0590527 0.0321654 0.0277073 0.0106485 0.0037025 0.0124229
121 S 121 0.1740795 0.0181657 0.0150053 0.0024484 0.0076068 0.0309516 0.0598349 0.0190726 0.0110227 0.0227356 0.0138429 0.0293406 0.0099253 0.0098585 0.2244456 0.2363242 0.0642180 0.0000000 0.0161875 0.0349343
122 T 122 0.0969971 0.0445138 0.0130746 0.0020445 0.0068350 0.0051146 0.0439111 0.0014216 0.0276843 0.0243397 0.2726810 0.0061306 0.0669329 0.0124597 0.0000000 0.0251207 0.2990420 0.0102146 0.0131033 0.0283789
123 L 123 0.2265436 0.0287791 0.0258544 0.0280001 0.0010959 0.0632357 0.0331788 0.0137511 0.0340399 0.0586407 0.2877482 0.0043150 0.0257347 0.0163269 0.0029692 0.0215978 0.0118216 0.0017844 0.0097662 0.1048168
124 A 124 0.1895946 0.0865702 0.0265011 0.1605913 0.0019069 0.1038785 0.2139271 0.0123477 0.0240387 0.0053181 0.0281127 0.0666137 0.0069152 0.0042580 0.0153924 0.0253462 0.0135407 0.0000000 0.0057255 0.0094214
125 L 125 0.0417643 0.0000000 0.0000000 0.0000000 0.0040278 0.0000000 0.0000000 0.0000000 0.0000000 0.0772440 0.3622471 0.0000000 0.1056092 0.0604946 0.0000000 0.0000000 0.0106742 0.0059397 0.0300454 0.3019537
126 R 126 0.0758767 0.4458557 0.0116947 0.0162799 0.0058135 0.0537779 0.0489594 0.0079782 0.0066945 0.0376518 0.0638772 0.1018981 0.0297839 0.0085625 0.0011233 0.0317973 0.0247074 0.0009414 0.0040902 0.0226365
127 Q 127 0.1567758 0.1215347 0.0425798 0.0730356 0.0000000 0.1792531 0.1647854 0.0480410 0.0498099 0.0063159 0.0067581 0.0541647 0.0019275 0.0030743 0.0013879 0.0390261 0.0353009 0.0020607 0.0038732 0.0102954
128 W 128 0.0762031 0.0339674 0.0012502 0.1286429 0.0291968 0.0079791 0.0254594 0.0034399 0.0183986 0.0707085 0.1385957 0.0096382 0.0176679 0.2644752 0.0000000 0.0112807 0.0385454 0.0818545 0.0248789 0.0178178
129 M 129 0.0043655 0.0140128 0.0000000 0.0000000 0.0092842 0.0000000 0.0000000 0.0000000 0.0000000 0.0152703 0.3252034 0.0000000 0.1353308 0.0209315 0.0000000 0.0000000 0.0028912 0.0000000 0.4621148 0.0105955
130 R 130 0.1660026 0.2513644 0.0189978 0.0335701 0.0009609 0.0976100 0.0754265 0.0254380 0.0230177 0.0098170 0.0576851 0.0995552 0.0173727 0.0054481 0.0011096 0.0614075 0.0280096 0.0025263 0.0023816 0.0222996
131 E 131 0.1688540 0.1124721 0.0136618 0.0588936 0.0038088 0.1507032 0.1587694 0.0118282 0.0364779 0.0033126 0.0215822 0.1057923 0.0075552 0.0028307 0.0012815 0.0830003 0.0323484 0.0017692 0.0104832 0.0145755
132 K 132 0.1307704 0.0900460 0.0594787 0.0046659 0.0249050 0.0397713 0.0157615 0.0048471 0.1074761 0.0193015 0.1542764 0.0247068 0.0093752 0.1026092 0.0000000 0.0731274 0.0249272 0.0204159 0.0838979 0.0096404
133 G 133 0.0141428 0.0107748 0.0343302 0.0491416 0.0000000 0.0489174 0.0260993 0.7312109 0.0214198 0.0000000 0.0045942 0.0351732 0.0000000 0.0038032 0.0063480 0.0078706 0.0049800 0.0000000 0.0011941 0.0000000
134 I 134 0.0097846 0.0015675 0.0000000 0.0000000 0.0044287 0.0008240 0.0016771 0.0000000 0.0000000 0.2056974 0.3566293 0.0031172 0.0810581 0.1756285 0.0000000 0.0000000 0.0035349 0.0125897 0.0448450 0.0986180
135 Q 135 0.1329784 0.0824483 0.0216149 0.0562334 0.0035955 0.0796763 0.2410972 0.0280561 0.0201439 0.0119599 0.0361271 0.0451604 0.0039541 0.0016673 0.0410078 0.0563204 0.0721059 0.0000000 0.0045990 0.0612540
136 F 136 0.0501768 0.1836205 0.0094362 0.0027984 0.0097865 0.0062656 0.0070832 0.0011093 0.0030369 0.0842606 0.1735913 0.0339843 0.0225815 0.0849261 0.1209182 0.0196570 0.0290117 0.0022785 0.0144048 0.1410726
137 E 137 0.1541405 0.0399366 0.0882386 0.1767681 0.0031571 0.0650223 0.0912458 0.0379785 0.0137513 0.0069409 0.0128065 0.0441167 0.0037766 0.0016494 0.0707255 0.0961831 0.0503169 0.0000000 0.0018754 0.0413701
138 M 138 0.0724119 0.0387507 0.0422130 0.1074686 0.0056570 0.0494662 0.2142508 0.0428245 0.0127459 0.0066500 0.0552278 0.0740374 0.0223883 0.0051171 0.0691237 0.0805887 0.0643777 0.0017480 0.0119952 0.0229574
139 K 139 0.0648082 0.0172358 0.0744802 0.1518844 0.0054375 0.0668936 0.1278970 0.1541332 0.0217675 0.0049670 0.0391311 0.0540040 0.0169603 0.0140890 0.0254723 0.0628163 0.0689907 0.0012406 0.0225904 0.0052009
140 Q 140 0.0288934 0.0655587 0.0641487 0.0289507 0.0227132 0.0892568 0.0464763 0.0402996 0.0346051 0.0351887 0.0609708 0.0153796 0.0320005 0.1310346 0.0209106 0.0395665 0.0208699 0.0140201 0.0686128 0.1405434
141 N 141 0.0373494 0.1395683 0.1821951 0.0292560 0.0103485 0.0298113 0.0089927 0.0444236 0.0737229 0.0023472 0.0091522 0.1758969 0.0021744 0.0393011 0.0511070 0.0723206 0.0493260 0.0000000 0.0171183 0.0255886
142 E 142 0.0260998 0.0060929 0.0121276 0.0838521 0.0000000 0.0507604 0.6831711 0.0096248 0.0000000 0.0131226 0.0307994 0.0000000 0.0115926 0.0061936 0.0026879 0.0051829 0.0133400 0.0019742 0.0069746 0.0364034
143 P 143 0.0626860 0.0310277 0.0181284 0.0018085 0.0057299 0.0032073 0.0181097 0.0094358 0.0063445 0.0043622 0.1448466 0.0021371 0.0118289 0.0015983 0.5730865 0.0505287 0.0362068 0.0023075 0.0120115 0.0046079
144 E 144 0.1262285 0.0000000 0.0075768 0.0940234 0.0082336 0.0059153 0.3621032 0.0164942 0.0209744 0.0214738 0.0151729 0.0012301 0.0025781 0.0032872 0.2484449 0.0303362 0.0148032 0.0000000 0.0024349 0.0186892
145 D 145 0.0000000 0.0000000 0.0000000 0.9858987 0.0000000 0.0000000 0.0092754 0.0026829 0.0000000 0.0000000 0.0000000 0.0000000 0.0000000 0.0000000 0.0000000 0.0021430 0.0000000 0.0000000 0.0000000 0.0000000
146 H 146 0.0044414 0.0019299 0.0451384 0.0076841 0.0000000 0.0546183 0.0017082 0.0000000 0.7444107 0.0000000 0.0000000 0.0000000 0.0000000 0.0310552 0.0000000 0.0293891 0.0030106 0.0000000 0.0766143 0.0000000
147 F 147 0.0148754 0.0000000 0.0000000 0.0000000 0.0000000 0.0000000 0.0000000 0.0000000 0.0000000 0.3763260 0.3530142 0.0000000 0.0246323 0.1223083 0.0000000 0.0000000 0.0000000 0.0000000 0.0024829 0.1063609
148 G 148 0.3365701 0.0034835 0.0016822 0.0016661 0.0264746 0.0000000 0.0045463 0.3608485 0.0000000 0.0116010 0.0026926 0.0013243 0.0000000 0.0028887 0.0852704 0.1073833 0.0185155 0.0017141 0.0047953 0.0285436
149 S 149 0.0994930 0.0102217 0.0214940 0.0000000 0.0087492 0.0059816 0.0044023 0.0061009 0.0096921 0.1062116 0.2375326 0.0014662 0.0169288 0.0902453 0.0038023 0.0796731 0.0728176 0.0000000 0.0349145 0.1902733
150 L 150 0.0036697 0.0000000 0.0019626 0.0000000 0.0083261 0.0538758 0.3494021 0.0000000 0.0000000 0.0599561 0.2605340 0.0000000 0.1269820 0.0373513 0.0016296 0.0031800 0.0012837 0.0000000 0.0148475 0.0769993
151 L 151 0.0075275 0.0000000 0.0000000 0.0000000 0.1005576 0.0000000 0.0013154 0.0028639 0.0000000 0.0068187 0.7129026 0.0000000 0.0570009 0.0932133 0.0011078 0.0022722 0.0066211 0.0000000 0.0027783 0.0050206
152 L 152 0.1095496 0.0205915 0.0080798 0.0970247 0.0020031 0.0190363 0.4478300 0.0260539 0.0000000 0.0020499 0.1363071 0.0010372 0.0556785 0.0085018 0.0043199 0.0250954 0.0169972 0.0034420 0.0053758 0.0110264
153 M 153 0.0892001 0.0000000 0.0000000 0.0000000 0.0041356 0.0040059 0.0007890 0.0010145 0.0000000 0.0184942 0.1484155 0.0000000 0.0719487 0.4445992 0.0000000 0.0033940 0.0306334 0.0033803 0.0676012 0.1123884
154 A 154 0.1911508 0.0000000 0.0000000 0.0000000 0.0188505 0.0064494 0.0037388 0.0049305 0.0021356 0.0285088 0.2640302 0.0000000 0.3787493 0.0101164 0.0013228 0.0104350 0.0156318 0.0083047 0.0050330 0.0506125
155 A 155 0.4457015 0.0427055 0.0126067 0.0030905 0.0016437 0.0330775 0.0161362 0.1092859 0.0284936 0.0141981 0.0054452 0.0009380 0.0062283 0.0046932 0.0000000 0.1954539 0.0120324 0.0010600 0.0443406 0.0228693
156 W 156 0.0700062 0.0368928 0.0364145 0.0045483 0.0158624 0.0416705 0.0450714 0.0474502 0.0912847 0.0183913 0.0622015 0.0136765 0.0456527 0.0721190 0.0000000 0.0214526 0.0355894 0.1200668 0.1717889 0.0498603
157 L 157 0.0240661 0.0000000 0.0000000 0.0000000 0.0075922 0.0028239 0.0000000 0.0055911 0.0000000 0.0472099 0.8134854 0.0000000 0.0412447 0.0197497 0.0000000 0.0023728 0.0071958 0.0023321 0.0033030 0.0230332
158 A 158 0.2273297 0.0047739 0.0047009 0.0100271 0.1093017 0.0045818 0.0752992 0.0057959 0.0065764 0.2300853 0.1665985 0.0042886 0.0030303 0.0096849 0.0028465 0.0470358 0.0165552 0.0037445 0.0133337 0.0544103
159 E 159 0.1375868 0.0881342 0.0187165 0.1414855 0.0058968 0.0292285 0.3101117 0.0374657 0.0054185 0.0205775 0.0538801 0.0297919 0.0062432 0.0120438 0.0011106 0.0394766 0.0283650 0.0000000 0.0217391 0.0127281
160 N 160 0.0513860 0.1387826 0.1317660 0.0338201 0.0012956 0.1597162 0.1187569 0.0612555 0.0340922 0.0055065 0.0208323 0.0807308 0.0109897 0.0009793 0.0231051 0.0545272 0.0553961 0.0041038 0.0031991 0.0097592
161 G 161 0.2154944 0.0223348 0.0288363 0.0766019 0.0078051 0.0625395 0.1564446 0.1551724 0.0230829 0.0168271 0.0374685 0.0264738 0.0057478 0.0018698 0.0204810 0.0783307 0.0220248 0.0056934 0.0040044 0.0327669
162 R 162 0.1409153 0.0956922 0.0777564 0.1687970 0.0052013 0.0606593 0.0556893 0.0300310 0.0203043 0.0323745 0.0664744 0.0408943 0.0094878 0.0282145 0.0582135 0.0491123 0.0205520 0.0075681 0.0214588 0.0106036
163 Q 163 0.0738240 0.0328206 0.0329939 0.1197589 0.0011791 0.0511829 0.1985759 0.0234988 0.0235858 0.0169238 0.1225047 0.0436232 0.0063765 0.0225455 0.1146366 0.0602859 0.0254381 0.0064186 0.0032840 0.0205433
164 T 164 0.2525036 0.0219687 0.0149031 0.1949980 0.0048107 0.0426917 0.1537026 0.0460187 0.0233805 0.0104183 0.0291136 0.0498806 0.0010572 0.0010982 0.0151413 0.0559406 0.0621519 0.0000000 0.0093327 0.0108882
165 E 165 0.2265077 0.0543358 0.0046621 0.0950653 0.0033724 0.0487524 0.2412275 0.0161077 0.0048515 0.0075330 0.1191245 0.0290599 0.0131900 0.0087965 0.0093316 0.0395978 0.0305723 0.0052621 0.0136753 0.0289744
166 C 166 0.1776829 0.0397443 0.0045456 0.0273232 0.0209049 0.3934892 0.0253234 0.0266513 0.0131379 0.0281451 0.1131100 0.0082112 0.0020976 0.0134808 0.0000000 0.0327902 0.0113881 0.0061195 0.0155759 0.0402786
167 E 167 0.1112270 0.1798594 0.0388019 0.0640722 0.0037204 0.1186999 0.1127819 0.0108870 0.0153962 0.0293669 0.0607747 0.1486007 0.0020808 0.0035975 0.0201034 0.0239273 0.0182007 0.0017856 0.0075127 0.0286039
168 E 168 0.1404903 0.1151878 0.0303411 0.1224018 0.0017026 0.0963091 0.2066584 0.0221125 0.0159194 0.0114695 0.0079805 0.0471229 0.0037445 0.0011175 0.0043864 0.0488831 0.0778386 0.0078146 0.0123399 0.0261796
169 L 169 0.0020133 0.0010620 0.0000000 0.0014737 0.0036856 0.0000000 0.0000000 0.0009031 0.0012093 0.0150428 0.2796690 0.0012488 0.0104804 0.6359464 0.0008824 0.0000000 0.0012976 0.0101644 0.0127287 0.0221924
170 L 170 0.0263242 0.0084072 0.0012823 0.0000000 0.0062513 0.0020462 0.0075721 0.0000000 0.0200806 0.0777175 0.4778888 0.0008915 0.0335472 0.2396247 0.0000000 0.0010767 0.0162258 0.0162718 0.0332873 0.0315050
171 A 171 0.1225244 0.0752776 0.0990092 0.1051865 0.0073996 0.0960299 0.1806738 0.0465905 0.0223924 0.0053511 0.0107205 0.0624185 0.0013504 0.0016058 0.0000000 0.0808653 0.0626631 0.0018265 0.0000000 0.0181149
172 W 172 0.0453225 0.1430932 0.0386408 0.1440408 0.0035723 0.0994083 0.2298801 0.0137623 0.0211575 0.0078665 0.0177570 0.1021413 0.0028375 0.0028056 0.0023466 0.0322572 0.0491602 0.0264894 0.0031444 0.0143166
173 H 173 0.0160992 0.0176018 0.0043371 0.0012145 0.0087482 0.0145094 0.0108674 0.0013966 0.7038334 0.0080495 0.0126846 0.0009878 0.0077200 0.0731341 0.0000000 0.0000000 0.0031352 0.0000000 0.0891134 0.0265679
174 L 174 0.0075450 0.0119362 0.0000000 0.0000000 0.0000000 0.0000000 0.0000000 0.0000000 0.0015342 0.1933533 0.6260874 0.0022194 0.0278376 0.0317715 0.0229379 0.0021015 0.0044197 0.0000000 0.0035384 0.0647179
175 F 175 0.1059991 0.0360643 0.0511044 0.0074549 0.0116536 0.0433651 0.0209475 0.1021693 0.0197852 0.0085647 0.3823885 0.0278514 0.0342957 0.0476822 0.0023542 0.0459552 0.0223684 0.0027432 0.0071234 0.0201297
176 P 176 0.0493850 0.0662249 0.0411907 0.0255650 0.0072303 0.0363055 0.0325193 0.0266159 0.0099059 0.0057222 0.0175162 0.0618889 0.0081222 0.0000000 0.3985067 0.0945984 0.0803461 0.0024749 0.0000000 0.0358817
177 W 177 0.0132277 0.0000000 0.0072686 0.0000000 0.0204128 0.0000000 0.0000000 0.0071725 0.0000000 0.0076751 0.0088578 0.0000000 0.0052190 0.0487931 0.0023995 0.0080153 0.0103941 0.8380466 0.0082957 0.0142222
178 S 178 0.2328281 0.0000000 0.0000000 0.0000000 0.0355573 0.0000000 0.0000000 0.0390864 0.0000000 0.1343031 0.1476370 0.0034835 0.0183706 0.0564562 0.0043652 0.0794791 0.0156018 0.0058785 0.0292884 0.1976648
179 T 179 0.0648798 0.0361382 0.0192275 0.1050305 0.0042901 0.0135701 0.0720737 0.1347617 0.0099861 0.0121322 0.0267409 0.0185935 0.0097469 0.0167358 0.3057978 0.0535314 0.0291101 0.0084579 0.0405971 0.0185987
180 R 180 0.0944454 0.2301550 0.0117413 0.0826388 0.0055179 0.0590863 0.0967286 0.0391121 0.0738063 0.0081931 0.0637433 0.0825257 0.0164687 0.0062837 0.0329729 0.0424523 0.0259827 0.0000000 0.0045702 0.0235756
181 F 181 0.0135031 0.0024350 0.0000000 0.0000000 0.0350376 0.0012125 0.0000000 0.0000000 0.0043049 0.0165047 0.1626879 0.0000000 0.0251336 0.5690569 0.0000000 0.0000000 0.0039372 0.0248229 0.1021897 0.0391740
182 L 182 0.1648468 0.0413446 0.0140200 0.0011077 0.1254336 0.0095489 0.0105802 0.0146099 0.0138328 0.0483579 0.2460520 0.0042833 0.0183544 0.0931319 0.0000000 0.0451339 0.0605631 0.0000000 0.0194917 0.0693074
183 D 183 0.1362100 0.0708206 0.0457919 0.1416655 0.0018892 0.0695402 0.1897720 0.0637816 0.0178718 0.0127947 0.0163366 0.0587579 0.0124278 0.0046324 0.0069036 0.0818628 0.0467271 0.0000000 0.0118642 0.0103501
184 V 184 0.1402946 0.1259110 0.0365431 0.1872138 0.0115041 0.0546277 0.0396003 0.0251893 0.0087689 0.0068635 0.1360044 0.1304352 0.0059082 0.0082614 0.0000000 0.0240401 0.0172822 0.0000000 0.0017372 0.0398151
185 F 185 0.0789612 0.0000000 0.0000000 0.0000000 0.0585989 0.0040255 0.0000000 0.0014334 0.0021968 0.1471170 0.3385347 0.0000000 0.0586473 0.0423470 0.0000000 0.0117679 0.0111786 0.0000000 0.0000000 0.2451918
186 I 186 0.1026868 0.0887544 0.0315853 0.0237869 0.0057260 0.1112750 0.2280382 0.0088065 0.0176306 0.0714297 0.0599143 0.0866706 0.0114217 0.0137500 0.0000000 0.0330678 0.0423609 0.0000000 0.0242414 0.0388541
187 E 187 0.1946129 0.0845324 0.0646510 0.0636695 0.0074529 0.1151127 0.1572516 0.0403373 0.0081466 0.0052745 0.0134714 0.0923627 0.0067383 0.0019844 0.0011224 0.0615894 0.0577700 0.0000000 0.0097044 0.0142156
188 K 188 0.2040501 0.0542976 0.0877194 0.0396380 0.0141357 0.0701714 0.0730596 0.0156691 0.1826105 0.0087368 0.0372208 0.0428736 0.0111219 0.0195633 0.0000000 0.0608099 0.0200054 0.0000000 0.0398039 0.0185129
189 A 189 0.3441289 0.0179627 0.0111766 0.1155873 0.0074583 0.0212921 0.0524696 0.0302401 0.0064607 0.0030399 0.0118587 0.0817614 0.0016018 0.0013351 0.0955021 0.0930477 0.0764939 0.0016856 0.0010133 0.0258842
