   57         A         R         N         D         C         Q         E         G         H         I         L         K         M         F         P         S         T         W         Y         V    
  1 I   1 0.0000000 0.0000000 0.0000000 0.0000000 0.0000000 0.0000000 0.0000000 0.0000000 0.0000000 0.2896647 0.1932293 0.0000000 0.1926914 0.0000000 0.0000000 0.0000000 0.0000000 0.0000000 0.0000000 0.3244146
  2 P   2 0.0000000 0.0349166 0.0207671 0.0306563 0.0362917 0.2083819 0.1477272 0.0000000 0.0118114 0.0029615 0.0026067 0.0534121 0.0226404 0.0069800 0.0944181 0.0355203 0.2328164 0.0000000 0.0489393 0.0091529
  3 A   3 0.4420697 0.0000000 0.0000000 0.0000000 0.0647223 0.0000000 0.0000000 0.0000000 0.0000000 0.0000000 0.0000000 0.0000000 0.0000000 0.0074242 0.0000000 0.0048899 0.0000000 0.0000000 0.1517745 0.3291195
  4 F   4 0.0027978 0.2694609 0.0000000 0.0000000 0.0018841 0.0489009 0.0158266 0.0000000 0.0034879 0.1599270 0.0301897 0.2126356 0.0019626 0.0044247 0.0000000 0.0025204 0.0563427 0.0000000 0.0051304 0.1845087
  5 V   5 0.7247435 0.0000000 0.0000000 0.0000000 0.0103937 0.0000000 0.0000000 0.0168376 0.0000000 0.0079100 0.0049784 0.0000000 0.0000000 0.0000000 0.0000000 0.0056936 0.0258013 0.0000000 0.0000000 0.2036420
  6 K   6 0.0103287 0.0439483 0.0042655 0.0000000 0.0054947 0.0268144 0.0446268 0.0017467 0.0028825 0.0974341 0.5609599 0.1060039 0.0519427 0.0000000 0.0000000 0.0028291 0.0052674 0.0000000 0.0000000 0.0354552
  7 F   7 0.0202175 0.0000000 0.0053677 0.0000000 0.0096726 0.0000000 0.0000000 0.0000000 0.0470244 0.0024372 0.0027535 0.0000000 0.0000000 0.2023679 0.0000000 0.0000000 0.0000000 0.0099686 0.6845112 0.0156794
  8 A   8 0.0486730 0.0055036 0.0848527 0.4845440 0.0000000 0.0226608 0.0520610 0.0109156 0.0088524 0.0000000 0.0017118 0.0056059 0.0023985 0.0000000 0.1145754 0.1200141 0.0326471 0.0000000 0.0029209 0.0020633
  9 Y   9 0.0000000 0.0000000 0.0000000 0.0000000 0.0034376 0.0000000 0.0000000 0.0000000 0.0054271 0.0000000 0.0136431 0.0000000 0.0000000 0.3392524 0.0000000 0.0000000 0.0000000 0.0337198 0.6045200 0.0000000
 10 V  10 0.0442720 0.0419996 0.0433558 0.0866670 0.0064203 0.1089472 0.2165206 0.0047288 0.0207218 0.0454756 0.0127365 0.0887659 0.0144401 0.0014917 0.0139732 0.0575771 0.1294041 0.0000000 0.0046254 0.0578773
 11 A  11 0.5879330 0.0072757 0.0048541 0.0000000 0.0000000 0.0164233 0.0027181 0.1142173 0.0000000 0.0000000 0.0000000 0.0354713 0.0000000 0.0000000 0.1439113 0.0802908 0.0047816 0.0000000 0.0000000 0.0021235
 12 E  12 0.0905272 0.1225464 0.0365023 0.0678059 0.0070078 0.2557113 0.1239801 0.0108234 0.0054026 0.0118025 0.0042622 0.0433580 0.0035996 0.0000000 0.0092138 0.0621633 0.1094690 0.0000000 0.0044144 0.0314102
 13 R  13 0.0384321 0.0662392 0.2583510 0.1016328 0.0000000 0.0890626 0.1693305 0.0442294 0.0344052 0.0022155 0.0069317 0.0598399 0.0165034 0.0051178 0.0000000 0.0450017 0.0627073 0.0000000 0.0000000 0.0000000
 14 E  14 0.0670574 0.0206575 0.0512189 0.2729374 0.0018378 0.0269167 0.2610668 0.0074722 0.0191116 0.0036853 0.0037301 0.0248322 0.0058319 0.0000000 0.1090013 0.0715798 0.0240659 0.0000000 0.0020365 0.0269608
 15 D  15 0.0022365 0.0144478 0.0948993 0.5538696 0.0000000 0.0390721 0.0704159 0.1325497 0.0000000 0.0000000 0.0060300 0.0123675 0.0030030 0.0000000 0.0000000 0.0201136 0.0360597 0.0000000 0.0019688 0.0129664
 16 E  16 0.0040552 0.0000000 0.0000000 0.0999230 0.0081121 0.0280729 0.8115750 0.0000000 0.0353193 0.0000000 0.0000000 0.0000000 0.0000000 0.0000000 0.0000000 0.0129425 0.0000000 0.0000000 0.0000000 0.0000000
 17 L  17 0.0000000 0.0000000 0.0000000 0.0000000 0.0000000 0.0000000 0.0000000 0.0000000 0.0000000 0.0949316 0.8677782 0.0000000 0.0157434 0.0000000 0.0044114 0.0000000 0.0000000 0.0000000 0.0000000 0.0171354
 18 S  18 0.0315662 0.0065054 0.0688751 0.0349739 0.0190253 0.0107252 0.0677068 0.0380757 0.0078894 0.0012614 0.0039840 0.0075401 0.0011716 0.0012222 0.0158491 0.4939169 0.1780721 0.0000000 0.0042461 0.0073934
 19 L  19 0.0000000 0.0000000 0.0000000 0.0000000 0.0000000 0.0000000 0.0000000 0.0000000 0.0000000 0.0859822 0.3125065 0.0000000 0.0043765 0.5850379 0.0000000 0.0000000 0.0000000 0.0000000 0.0000000 0.0120969
 20 V  20 0.0288249 0.1470016 0.0703245 0.0547317 0.0354837 0.0804808 0.0803826 0.0072580 0.0265557 0.0113788 0.0061634 0.2192585 0.0067980 0.0033707 0.0189901 0.0729162 0.0778726 0.0000000 0.0027728 0.0494353
 21 K  21 0.0841770 0.0425979 0.0055776 0.0026417 0.0031862 0.0294912 0.2404676 0.0000000 0.0000000 0.0054542 0.0017348 0.3413173 0.0000000 0.0014637 0.1225205 0.0248867 0.0165324 0.0000000 0.0020831 0.0758682
 22 G  22 0.0038767 0.0000000 0.0739848 0.0777848 0.0000000 0.0083040 0.0069448 0.7784058 0.0240732 0.0000000 0.0000000 0.0000000 0.0000000 0.0000000 0.0000000 0.0237567 0.0000000 0.0000000 0.0028692 0.0000000
 23 S  23 0.0797477 0.0000000 0.0045712 0.5962411 0.0067076 0.0732137 0.1963980 0.0000000 0.0000000 0.0000000 0.0036008 0.0000000 0.0022699 0.0000000 0.0000000 0.0216171 0.0156332 0.0000000 0.0000000 0.0000000
 24 R  24 0.0037255 0.0876675 0.0017199 0.0000000 0.0019804 0.0074031 0.0085558 0.0000000 0.0054818 0.4056036 0.1104139 0.0251846 0.0114859 0.0098120 0.0036008 0.0036652 0.0651410 0.0000000 0.0168777 0.2316813
 25 V  25 0.0000000 0.0000000 0.0000000 0.0000000 0.0000000 0.0000000 0.0000000 0.0000000 0.0000000 0.6840428 0.0652890 0.0000000 0.0145853 0.0055404 0.0000000 0.0000000 0.0030883 0.0000000 0.0115457 0.2159084
 26 T  26 0.0246593 0.0386077 0.0305461 0.0516862 0.0044292 0.0568742 0.1119274 0.0042481 0.0203202 0.0492338 0.0783122 0.0696389 0.0268000 0.0104993 0.0000000 0.0322486 0.2608750 0.0082233 0.0712076 0.0496630
 27 V  27 0.0029929 0.0000000 0.1064829 0.0213801 0.0000000 0.0108693 0.0321060 0.0072515 0.0214912 0.2164256 0.1355152 0.0018545 0.0038059 0.0082159 0.0000000 0.0000000 0.0044465 0.0000000 0.0025898 0.4245728
 28 M  28 0.0051267 0.0303533 0.0067269 0.0231394 0.0039165 0.0054421 0.0000000 0.0000000 0.0281499 0.2353780 0.3164655 0.0135033 0.0397916 0.0104173 0.0000000 0.0137741 0.1234768 0.0000000 0.0086977 0.1356408
 29 E  29 0.0202092 0.0790918 0.0543469 0.1187635 0.0000000 0.0802595 0.3476877 0.0242537 0.0023268 0.0083737 0.0044524 0.1427009 0.0032807 0.0028103 0.0021388 0.0720469 0.0249746 0.0000000 0.0053782 0.0069045
 30 K  30 0.0084595 0.1031804 0.0163745 0.0067040 0.0023586 0.1276049 0.0815039 0.0082385 0.0071417 0.0061782 0.0000000 0.4262057 0.0611426 0.0207471 0.0062348 0.0572055 0.0080384 0.0067740 0.0131290 0.0327789
 31 C  31 0.0210200 0.0184391 0.0693360 0.1278799 0.0317575 0.0847342 0.0697367 0.0211150 0.0177614 0.1111847 0.0440921 0.0094136 0.0100928 0.0000000 0.0497023 0.0749653 0.0569465 0.0000000 0.0000000 0.1818227
 32 S  32 0.0205851 0.0000000 0.0452868 0.4849111 0.0000000 0.0296594 0.2457589 0.0118274 0.0043483 0.0016592 0.0032187 0.0000000 0.0000000 0.0020983 0.0448726 0.0678819 0.0054424 0.0000000 0.0324499 0.0000000
 33 D  33 0.0407284 0.0159092 0.0357321 0.2056987 0.0017914 0.0431619 0.2112371 0.1424574 0.0027767 0.0000000 0.0040277 0.0670726 0.0129237 0.0000000 0.0973350 0.0848210 0.0284921 0.0000000 0.0000000 0.0058349
 34 G  34 0.0058291 0.0037096 0.1040174 0.2272835 0.0014913 0.0039816 0.0778406 0.5266715 0.0115003 0.0000000 0.0017926 0.0022608 0.0017751 0.0000000 0.0000000 0.0209204 0.0091891 0.0000000 0.0000000 0.0017371
 35 W  35 0.0000000 0.0000000 0.0000000 0.0000000 0.0000000 0.0000000 0.0000000 0.0000000 0.0000000 0.0000000 0.0000000 0.0000000 0.0115498 0.0000000 0.0000000 0.0000000 0.0000000 0.9884502 0.0000000 0.0000000
 36 W  36 0.0130547 0.0020509 0.0000000 0.0000000 0.0158246 0.0000000 0.0000000 0.0027087 0.0000000 0.0032476 0.0663667 0.0000000 0.0145695 0.0413405 0.0000000 0.0028495 0.0000000 0.7237380 0.1084000 0.0058493
 37 R  37 0.0154524 0.2021415 0.0037617 0.0150165 0.0024185 0.0494966 0.2211416 0.0135628 0.0197930 0.0146730 0.0445962 0.1763354 0.0228368 0.0464025 0.0000000 0.0341506 0.0658200 0.0000000 0.0313021 0.0210989
 38 G  38 0.0361127 0.0034937 0.0000000 0.0000000 0.0173890 0.0000000 0.0000000 0.9108015 0.0000000 0.0042659 0.0000000 0.0000000 0.0000000 0.0000000 0.0000000 0.0000000 0.0000000 0.0000000 0.0000000 0.0279372
 39 S  39 0.0063365 0.1286165 0.0079645 0.0462675 0.0065475 0.0381960 0.3027813 0.0000000 0.0088288 0.0097186 0.0172251 0.0657880 0.0197697 0.0013711 0.0000000 0.1046395 0.1540088 0.0012678 0.0095337 0.0711391
 40 Y  40 0.0152306 0.0186081 0.0475760 0.0023691 0.0780724 0.0062714 0.0042629 0.0017189 0.0354857 0.1073658 0.3778401 0.0175365 0.0207313 0.0269848 0.0169618 0.0663209 0.0082900 0.0021383 0.0688425 0.0773929
 41 N  41 0.0097060 0.1894126 0.3318831 0.0650715 0.0020324 0.0481449 0.0148159 0.1247621 0.0573551 0.0000000 0.0000000 0.0850636 0.0077410 0.0000000 0.0119200 0.0218858 0.0213986 0.0000000 0.0074161 0.0013912
 42 G  42 0.0084351 0.0211118 0.0737453 0.0549143 0.0000000 0.0203843 0.0140314 0.7757141 0.0095723 0.0019697 0.0019977 0.0000000 0.0000000 0.0000000 0.0000000 0.0148068 0.0033171 0.0000000 0.0000000 0.0000000
 43 Q  43 0.0233253 0.2513744 0.0241174 0.0055119 0.0107957 0.1529244 0.0408853 0.0148188 0.0317427 0.0087223 0.0076766 0.2930673 0.0134492 0.0017352 0.0037279 0.0172517 0.0322097 0.0000000 0.0058707 0.0607936
 44 I  44 0.0127968 0.1033201 0.0086105 0.0018365 0.0026815 0.0661350 0.0873306 0.0012436 0.0067303 0.0635533 0.0077270 0.0975138 0.0136381 0.0276286 0.0016582 0.0875366 0.2335538 0.0000000 0.0306431 0.1458626
 45 G  45 0.0049214 0.0000000 0.0058309 0.0000000 0.0000000 0.0137669 0.0000000 0.9578223 0.0110931 0.0000000 0.0034878 0.0030776 0.0000000 0.0000000 0.0000000 0.0000000 0.0000000 0.0000000 0.0000000 0.0000000
 46 W  46 0.0059971 0.0000000 0.0043974 0.0000000 0.0000000 0.0022263 0.0000000 0.0000000 0.0070895 0.1667208 0.2870070 0.0000000 0.0571890 0.0431292 0.0018587 0.0015214 0.0170877 0.2756281 0.0600917 0.0700562
 47 F  47 0.0057887 0.0000000 0.0000000 0.0000000 0.0035243 0.0000000 0.0000000 0.0000000 0.0000000 0.0204314 0.0046220 0.0000000 0.0000000 0.9006363 0.0000000 0.0000000 0.0000000 0.0000000 0.0000000 0.0649973
 48 P  48 0.0000000 0.0000000 0.0000000 0.0000000 0.0000000 0.0000000 0.0000000 0.0000000 0.0066902 0.0000000 0.0000000 0.0000000 0.0000000 0.0000000 0.9871178 0.0000000 0.0000000 0.0000000 0.0000000 0.0061920
 49 S  49 0.2335030 0.0220077 0.0055694 0.0708624 0.0115058 0.0081984 0.0259530 0.0887587 0.0030310 0.0267412 0.0500331 0.0751891 0.0024275 0.0030828 0.0000000 0.3277289 0.0090720 0.0000000 0.0022516 0.0340844
 50 N  50 0.0285803 0.0065478 0.7553427 0.0082327 0.0000000 0.0000000 0.0027108 0.0036767 0.0000000 0.0000000 0.0031476 0.0129714 0.0000000 0.0000000 0.0000000 0.1395957 0.0309237 0.0000000 0.0000000 0.0082706
 51 Y  51 0.0000000 0.0035198 0.0000000 0.0000000 0.0215350 0.0000000 0.0000000 0.0000000 0.0143849 0.0000000 0.0046428 0.0000000 0.0000000 0.1667518 0.0000000 0.0069230 0.0000000 0.0000000 0.7822427 0.0000000
 52 V  52 0.0369227 0.0000000 0.0000000 0.0000000 0.0159946 0.0000000 0.0000000 0.0000000 0.0000000 0.0296705 0.0170899 0.0000000 0.0034906 0.0000000 0.0000000 0.0027559 0.0163860 0.0000000 0.0000000 0.8776896
 53 L  53 0.0158770 0.0549185 0.0050642 0.0088278 0.0000000 0.1421428 0.4196816 0.0000000 0.0000000 0.0064574 0.0035209 0.2491788 0.0047059 0.0017670 0.0000000 0.0144167 0.0562315 0.0000000 0.0000000 0.0172099
 54 E  54 0.0070073 0.0188506 0.0000000 0.0089315 0.0000000 0.0249550 0.3198740 0.0057922 0.0000000 0.0400517 0.1023220 0.1538294 0.0315195 0.0000000 0.0756559 0.0231090 0.0052452 0.0000000 0.0000000 0.1828567
 55 E  55 0.0030186 0.0000000 0.0060415 0.0229647 0.0064550 0.0198010 0.0677654 0.0000000 0.0000000 0.4426340 0.2007638 0.0000000 0.0354676 0.0000000 0.0000000 0.0024104 0.0469346 0.0000000 0.0091134 0.1366299
 56 V  56 0.0371802 0.0049596 0.0285360 0.0345111 0.0102937 0.0549262 0.1148147 0.0489476 0.0039064 0.0487200 0.0098231 0.0387525 0.0390939 0.0000000 0.0709073 0.0618268 0.2284040 0.0000000 0.0000000 0.1643970
 57 D  57 0.0000000 0.0000000 0.1307615 0.5553872 0.0000000 0.0000000 0.3138513 0.0000000 0.0000000 0.0000000 0.0000000 0.0000000 0.0000000 0.0000000 0.0000000 0.0000000 0.0000000 0.0000000 0.0000000 0.0000000
