   57         A         R         N         D         C         Q         E         G         H         I         L         K         M         F         P         S         T         W         Y         V         X    
  1 I   1 0.0000000 0.0000000 0.0000000 0.0000000 0.0000000 0.0000000 0.0000000 0.0000000 0.0000000 0.0812192 0.0545745 0.0000000 0.0558913 0.0000000 0.0000000 0.0000000 0.0000000 0.0000000 0.0000000 0.0984189 0.7098961
  2 P   2 0.0000000 0.0178033 0.0169158 0.0149924 0.0187737 0.1059360 0.0846421 0.0000000 0.0060076 0.0014787 0.0013519 0.0274235 0.0116226 0.0039405 0.0456461 0.0186438 0.1230050 0.0000000 0.0242159 0.0047379 0.4728632
  3 A   3 0.3323193 0.0000000 0.0000000 0.0000000 0.0485840 0.0000000 0.0000000 0.0000000 0.0000000 0.0000000 0.0000000 0.0000000 0.0000000 0.0053766 0.0000000 0.0034136 0.0000000 0.0000000 0.1280707 0.2461826 0.2360531
  4 F   4 0.0023925 0.2378901 0.0000000 0.0000000 0.0016249 0.0420883 0.0171523 0.0000000 0.0029882 0.1386603 0.0253229 0.1838273 0.0017085 0.0037431 0.0000000 0.0022670 0.0482031 0.0000000 0.0042858 0.1677639 0.1200818
  5 V   5 0.6773395 0.0000000 0.0000000 0.0000000 0.0093961 0.0000000 0.0000000 0.0144553 0.0000000 0.0069997 0.0043206 0.0000000 0.0000000 0.0000000 0.0000000 0.0050935 0.0244061 0.0000000 0.0000000 0.1885586 0.0694307
  6 K   6 0.0096719 0.0398812 0.0039324 0.0000000 0.0052571 0.0245115 0.0450940 0.0016016 0.0025431 0.0980163 0.5222300 0.0976228 0.0471098 0.0000000 0.0000000 0.0025311 0.0047306 0.0000000 0.0000000 0.0316330 0.0636336
  7 F   7 0.0200484 0.0000000 0.0046873 0.0000000 0.0093057 0.0000000 0.0000000 0.0000000 0.0451977 0.0021532 0.0024449 0.0000000 0.0000000 0.1921999 0.0000000 0.0000000 0.0000000 0.0092334 0.6473974 0.0118724 0.0554597
  8 A   8 0.0427764 0.0051650 0.0792243 0.4486406 0.0000000 0.0215123 0.0514476 0.0097361 0.0081739 0.0000000 0.0016009 0.0051221 0.0021755 0.0000000 0.1202576 0.1148025 0.0324157 0.0000000 0.0028784 0.0019321 0.0521391
  9 Y   9 0.0000000 0.0000000 0.0000000 0.0000000 0.0029480 0.0000000 0.0000000 0.0000000 0.0048564 0.0000000 0.0121825 0.0000000 0.0000000 0.3299125 0.0000000 0.0000000 0.0000000 0.0323607 0.5753462 0.0000000 0.0423938
 10 V  10 0.0420555 0.0391963 0.0425779 0.0829592 0.0059981 0.1020388 0.2167285 0.0044758 0.0170066 0.0426642 0.0163298 0.0813038 0.0136752 0.0014149 0.0128556 0.0545247 0.1251726 0.0000000 0.0043721 0.0531904 0.0414600
 11 A  11 0.5636868 0.0068499 0.0043206 0.0000000 0.0000000 0.0149831 0.0025142 0.1079529 0.0000000 0.0000000 0.0000000 0.0327300 0.0000000 0.0000000 0.1397638 0.0793605 0.0043978 0.0000000 0.0000000 0.0019537 0.0414869
 12 E  12 0.0891321 0.1205197 0.0366144 0.0633184 0.0066451 0.2398318 0.1153782 0.0099463 0.0049760 0.0089501 0.0041176 0.0408196 0.0038888 0.0000000 0.0105513 0.0601016 0.1072063 0.0000000 0.0038252 0.0334657 0.0407118
 13 R  13 0.0396357 0.0594617 0.2591951 0.0939560 0.0000000 0.0834357 0.1601470 0.0437761 0.0340683 0.0021529 0.0064784 0.0569405 0.0152700 0.0047188 0.0000000 0.0420201 0.0586120 0.0000000 0.0000000 0.0000000 0.0401315
 14 E  14 0.0649379 0.0187969 0.0477363 0.2628718 0.0017417 0.0249942 0.2482741 0.0070487 0.0235682 0.0034234 0.0035162 0.0234447 0.0054191 0.0000000 0.1024333 0.0709635 0.0229165 0.0000000 0.0023942 0.0251152 0.0404041
 15 D  15 0.0020762 0.0138228 0.0905268 0.5364815 0.0000000 0.0391288 0.0691311 0.1258815 0.0000000 0.0000000 0.0055181 0.0113692 0.0027672 0.0000000 0.0000000 0.0192750 0.0328056 0.0000000 0.0024321 0.0121626 0.0366216
 16 E  16 0.0036075 0.0000000 0.0000000 0.0983804 0.0072274 0.0314608 0.7768640 0.0000000 0.0341072 0.0000000 0.0000000 0.0000000 0.0000000 0.0000000 0.0000000 0.0117311 0.0000000 0.0000000 0.0000000 0.0000000 0.0366216
 17 L  17 0.0000000 0.0000000 0.0000000 0.0000000 0.0000000 0.0000000 0.0000000 0.0000000 0.0000000 0.0886418 0.8557887 0.0000000 0.0210165 0.0000000 0.0038062 0.0000000 0.0000000 0.0000000 0.0000000 0.0163311 0.0144158
 18 S  18 0.0298869 0.0068658 0.0670002 0.0334971 0.0206572 0.0100418 0.0693948 0.0375028 0.0073467 0.0012289 0.0038661 0.0072545 0.0011310 0.0019439 0.0154223 0.4813670 0.1799606 0.0000000 0.0039445 0.0072722 0.0144158
 19 L  19 0.0000000 0.0000000 0.0000000 0.0000000 0.0000000 0.0000000 0.0000000 0.0000000 0.0000000 0.0905426 0.3042706 0.0000000 0.0037924 0.5695594 0.0000000 0.0000000 0.0000000 0.0000000 0.0000000 0.0109243 0.0209108
 20 V  20 0.0286701 0.1476230 0.0734064 0.0518617 0.0326593 0.0793051 0.0801049 0.0068765 0.0247022 0.0106104 0.0057435 0.2187390 0.0071510 0.0031623 0.0182384 0.0707752 0.0687616 0.0000000 0.0026290 0.0480696 0.0209108
 21 K  21 0.0771303 0.0447738 0.0057759 0.0025316 0.0029882 0.0306905 0.2396452 0.0000000 0.0000000 0.0052793 0.0016342 0.3240171 0.0000000 0.0013622 0.1169089 0.0299372 0.0189927 0.0000000 0.0019553 0.0799453 0.0164324
 22 G  22 0.0035593 0.0000000 0.0729074 0.0733214 0.0000000 0.0078554 0.0064982 0.7724964 0.0225798 0.0000000 0.0000000 0.0000000 0.0000000 0.0000000 0.0000000 0.0217515 0.0000000 0.0000000 0.0025983 0.0000000 0.0164324
 23 S  23 0.0730225 0.0000000 0.0041997 0.5929028 0.0062755 0.0758071 0.1912185 0.0000000 0.0000000 0.0000000 0.0033538 0.0000000 0.0020712 0.0000000 0.0000000 0.0203321 0.0143843 0.0000000 0.0000000 0.0000000 0.0164324
 24 R  24 0.0035274 0.0865351 0.0016574 0.0000000 0.0020826 0.0070533 0.0083794 0.0000000 0.0051329 0.4032674 0.1041243 0.0236502 0.0111890 0.0118021 0.0033538 0.0035335 0.0629082 0.0000000 0.0198880 0.2254831 0.0164324
 25 V  25 0.0000000 0.0000000 0.0000000 0.0000000 0.0000000 0.0000000 0.0000000 0.0000000 0.0000000 0.6660618 0.0674059 0.0000000 0.0142836 0.0051020 0.0000000 0.0000000 0.0027570 0.0000000 0.0108586 0.2219604 0.0115707
 26 T  26 0.0233998 0.0381399 0.0287023 0.0502967 0.0041126 0.0584961 0.1142599 0.0032052 0.0200440 0.0474681 0.0779268 0.0685101 0.0256740 0.0099909 0.0000000 0.0340514 0.2580732 0.0079168 0.0712748 0.0485197 0.0099374
 27 V  27 0.0029536 0.0000000 0.1059456 0.0204678 0.0000000 0.0099132 0.0287765 0.0067914 0.0199344 0.2076217 0.1400108 0.0017301 0.0036154 0.0078164 0.0000000 0.0000000 0.0041532 0.0000000 0.0024481 0.4144691 0.0233527
 28 M  28 0.0048353 0.0292876 0.0060803 0.0208399 0.0035593 0.0068921 0.0000000 0.0000000 0.0265418 0.2309402 0.3077118 0.0130097 0.0374037 0.0096055 0.0000000 0.0128926 0.1153137 0.0000000 0.0081599 0.1337828 0.0331441
 29 E  29 0.0208767 0.0749162 0.0594952 0.1131803 0.0000000 0.0750517 0.3316065 0.0245888 0.0021575 0.0076763 0.0042231 0.1424750 0.0031647 0.0025401 0.0021174 0.0698729 0.0227862 0.0000000 0.0049760 0.0069517 0.0313437
 30 K  30 0.0076500 0.0979706 0.0143827 0.0059904 0.0059464 0.1195597 0.0751320 0.0085036 0.0067526 0.0055196 0.0000000 0.4059340 0.0593646 0.0191996 0.0056424 0.0510507 0.0078049 0.0058602 0.0120053 0.0269942 0.0587365
 31 C  31 0.0184874 0.0186607 0.0659874 0.1199261 0.0333305 0.0765696 0.0652309 0.0215699 0.0160578 0.1014389 0.0448476 0.0088533 0.0089898 0.0000000 0.0456815 0.0710105 0.0496841 0.0000000 0.0000000 0.1694128 0.0642612
 32 S  32 0.0200657 0.0000000 0.0419060 0.4635653 0.0000000 0.0272838 0.2393994 0.0111716 0.0040277 0.0015519 0.0029417 0.0000000 0.0000000 0.0019137 0.0441581 0.0649912 0.0058502 0.0000000 0.0293175 0.0000000 0.0418561
 33 D  33 0.0385798 0.0145489 0.0344264 0.2009102 0.0016592 0.0408218 0.2045438 0.1402601 0.0025227 0.0000000 0.0037573 0.0633777 0.0127519 0.0000000 0.0940000 0.0831155 0.0264930 0.0000000 0.0000000 0.0055915 0.0326400
 34 G  34 0.0053776 0.0037446 0.0973295 0.2176223 0.0013619 0.0035601 0.0704407 0.4902639 0.0130328 0.0000000 0.0016178 0.0021769 0.0017212 0.0000000 0.0000000 0.0202552 0.0084225 0.0000000 0.0000000 0.0015994 0.0614737
 35 W  35 0.0000000 0.0000000 0.0000000 0.0000000 0.0000000 0.0000000 0.0000000 0.0000000 0.0000000 0.0000000 0.0000000 0.0000000 0.0083751 0.0000000 0.0000000 0.0000000 0.0000000 0.9644106 0.0000000 0.0000000 0.0272143
 36 W  36 0.0123007 0.0019021 0.0000000 0.0000000 0.0157159 0.0000000 0.0000000 0.0025248 0.0000000 0.0029903 0.0599297 0.0000000 0.0137523 0.0437192 0.0000000 0.0028873 0.0000000 0.6998309 0.1071474 0.0051394 0.0321601
 37 R  37 0.0142857 0.1874869 0.0036901 0.0135059 0.0022578 0.0489781 0.2252148 0.0121567 0.0163306 0.0163488 0.0444814 0.1711085 0.0253493 0.0446637 0.0000000 0.0319839 0.0630433 0.0000000 0.0288627 0.0209201 0.0293317
 38 G  38 0.0387551 0.0050507 0.0000000 0.0000000 0.0168605 0.0000000 0.0000000 0.8889757 0.0000000 0.0038192 0.0000000 0.0000000 0.0000000 0.0000000 0.0000000 0.0000000 0.0000000 0.0000000 0.0000000 0.0266238 0.0199150
 39 S  39 0.0059151 0.1263876 0.0078565 0.0413523 0.0062595 0.0386890 0.2950465 0.0000000 0.0086454 0.0095634 0.0178899 0.0662156 0.0188225 0.0013043 0.0000000 0.0997560 0.1544413 0.0012063 0.0092670 0.0770530 0.0143287
 40 Y  40 0.0144216 0.0193954 0.0476731 0.0022133 0.0748095 0.0056736 0.0038192 0.0016115 0.0350228 0.1043889 0.3820493 0.0165399 0.0198594 0.0252426 0.0157032 0.0665918 0.0079428 0.0019796 0.0631773 0.0735993 0.0182860
 41 N  41 0.0092194 0.1864115 0.3331993 0.0632600 0.0019030 0.0453068 0.0137179 0.1164126 0.0549395 0.0000000 0.0000000 0.0836399 0.0074938 0.0000000 0.0121554 0.0208436 0.0235850 0.0000000 0.0070300 0.0013260 0.0195565
 42 G  42 0.0080513 0.0219546 0.0698022 0.0537538 0.0000000 0.0190552 0.0134364 0.7644797 0.0089258 0.0018615 0.0018565 0.0000000 0.0000000 0.0000000 0.0000000 0.0141150 0.0031513 0.0000000 0.0000000 0.0000000 0.0195565
 43 Q  43 0.0215031 0.2402401 0.0227394 0.0053537 0.0102239 0.1481172 0.0413703 0.0140587 0.0322281 0.0089466 0.0075136 0.2973330 0.0145748 0.0017110 0.0034760 0.0181121 0.0323820 0.0000000 0.0056474 0.0570645 0.0174046
 44 I  44 0.0121584 0.0996070 0.0099691 0.0017259 0.0030264 0.0651504 0.0865992 0.0011892 0.0063307 0.0612911 0.0073426 0.0936446 0.0128636 0.0273605 0.0015793 0.0933565 0.2323853 0.0000000 0.0285869 0.1384285 0.0174046
 45 G  45 0.0045481 0.0000000 0.0053475 0.0000000 0.0000000 0.0114159 0.0000000 0.9395660 0.0102326 0.0000000 0.0031363 0.0027387 0.0000000 0.0000000 0.0000000 0.0000000 0.0000000 0.0000000 0.0000000 0.0000000 0.0230149
 46 W  46 0.0056702 0.0000000 0.0040379 0.0000000 0.0000000 0.0021182 0.0000000 0.0000000 0.0068381 0.1600423 0.2750187 0.0000000 0.0654128 0.0436632 0.0017561 0.0014315 0.0171191 0.2649523 0.0555853 0.0682886 0.0280656
 47 F  47 0.0051394 0.0000000 0.0000000 0.0000000 0.0032740 0.0000000 0.0000000 0.0000000 0.0000000 0.0187300 0.0040969 0.0000000 0.0000000 0.8779757 0.0000000 0.0000000 0.0000000 0.0000000 0.0000000 0.0627184 0.0280656
 48 P  48 0.0000000 0.0000000 0.0000000 0.0000000 0.0000000 0.0000000 0.0000000 0.0000000 0.0062495 0.0000000 0.0000000 0.0000000 0.0000000 0.0000000 0.9609473 0.0000000 0.0000000 0.0000000 0.0000000 0.0047376 0.0280656
 49 S  49 0.2238853 0.0180882 0.0053183 0.0694703 0.0106654 0.0077635 0.0241280 0.0870954 0.0030271 0.0250685 0.0462866 0.0745917 0.0023000 0.0029234 0.0000000 0.3264916 0.0083328 0.0000000 0.0021743 0.0331375 0.0292522
 50 N  50 0.0266020 0.0059442 0.7303387 0.0088095 0.0000000 0.0000000 0.0024769 0.0033820 0.0000000 0.0000000 0.0029286 0.0098290 0.0000000 0.0000000 0.0000000 0.1392208 0.0295714 0.0000000 0.0000000 0.0081127 0.0327840
 51 Y  51 0.0000000 0.0041945 0.0000000 0.0000000 0.0191283 0.0000000 0.0000000 0.0000000 0.0156171 0.0000000 0.0041642 0.0000000 0.0000000 0.1713882 0.0000000 0.0072591 0.0000000 0.0000000 0.7443047 0.0000000 0.0339440
 52 V  52 0.0343800 0.0000000 0.0000000 0.0000000 0.0144520 0.0000000 0.0000000 0.0000000 0.0000000 0.0379061 0.0152853 0.0000000 0.0031410 0.0000000 0.0000000 0.0024500 0.0150879 0.0000000 0.0000000 0.8338465 0.0434512
 53 L  53 0.0150804 0.0492674 0.0046105 0.0078492 0.0000000 0.1232528 0.3773278 0.0000000 0.0000000 0.0053469 0.0030638 0.2416876 0.0041353 0.0015526 0.0000000 0.0123429 0.0496803 0.0000000 0.0000000 0.0162916 0.0885108
 54 E  54 0.0048545 0.0128988 0.0000000 0.0063852 0.0000000 0.0170839 0.2313000 0.0039803 0.0000000 0.0276475 0.0765958 0.1064532 0.0216411 0.0000000 0.0544255 0.0161408 0.0035536 0.0000000 0.0000000 0.1261257 0.2909141
 55 E  55 0.0019090 0.0000000 0.0038505 0.0147663 0.0055741 0.0126893 0.0457178 0.0000000 0.0000000 0.2821614 0.1404218 0.0000000 0.0188492 0.0000000 0.0000000 0.0015669 0.0287584 0.0000000 0.0069764 0.0959071 0.3408519
 56 V  56 0.0125061 0.0016914 0.0095988 0.0114785 0.0034813 0.0190485 0.0431450 0.0161844 0.0013366 0.0171350 0.0057325 0.0137519 0.0135359 0.0000000 0.0234402 0.0220965 0.0786693 0.0000000 0.0000000 0.0523150 0.6548532
 57 D  57 0.0000000 0.0000000 0.0314485 0.1463668 0.0000000 0.0000000 0.0796255 0.0000000 0.0000000 0.0000000 0.0000000 0.0000000 0.0000000 0.0000000 0.0000000 0.0000000 0.0000000 0.0000000 0.0000000 0.0000000 0.7425593
