  191         A         R         N         D         C         Q         E         G         H         I         L         K         M         F         P         S         T         W         Y         V    
  1 F   1 0.0000000 0.0000000 0.0000000 0.0000000 0.0000000 0.0000000 0.0000000 0.0000000 0.0000000 0.1655350 0.0893959 0.0000000 0.0000000 0.6141592 0.0000000 0.0000000 0.0000000 0.0000000 0.1309099 0.0000000
  2 P   2 0.0000000 0.0000000 0.0000000 0.0000000 0.0000000 0.0166267 0.0000000 0.0000000 0.0000000 0.0000000 0.0000000 0.0000000 0.0000000 0.0000000 0.9833733 0.0000000 0.0000000 0.0000000 0.0000000 0.0000000
  3 T   3 0.1985727 0.0890365 0.0088526 0.0000000 0.0000000 0.0214367 0.0000000 0.0143330 0.0000000 0.0875332 0.1141790 0.0000000 0.0352662 0.0049431 0.0190450 0.2224501 0.1843518 0.0000000 0.0000000 0.0000000
  4 I   4 0.0065020 0.0000000 0.0000000 0.0124490 0.0000000 0.0000000 0.0284732 0.0000000 0.0000000 0.3101272 0.1160028 0.0052102 0.1253186 0.0074878 0.0161816 0.0000000 0.0946628 0.0000000 0.0000000 0.2775849
  5 P   5 0.0028635 0.0000000 0.0078726 0.0530422 0.0000000 0.0000000 0.0178086 0.0204399 0.0059159 0.0000000 0.0219453 0.0000000 0.0000000 0.0000000 0.3814493 0.4342309 0.0544318 0.0000000 0.0000000 0.0000000
  6 L   6 0.0072651 0.0063751 0.0241049 0.0000000 0.0000000 0.0410682 0.0073125 0.0082234 0.0000000 0.0990177 0.6291215 0.0074836 0.0058984 0.0231744 0.0000000 0.0355322 0.0698046 0.0000000 0.0068412 0.0287772
  7 S   7 0.0382341 0.0541560 0.0605610 0.0150804 0.0000000 0.1042369 0.2130009 0.0462374 0.0078260 0.0122986 0.0080759 0.0587832 0.0000000 0.0072937 0.0529107 0.2245004 0.0442798 0.0000000 0.0136771 0.0388480
  8 R   8 0.0124116 0.1684255 0.0690973 0.2815360 0.0047863 0.0000000 0.1352762 0.0360344 0.0173687 0.0066785 0.0000000 0.1318886 0.0000000 0.0000000 0.0000000 0.0913194 0.0109443 0.0127457 0.0164362 0.0050514
  9 L   9 0.0038702 0.0096479 0.0000000 0.0000000 0.0000000 0.0000000 0.0000000 0.0000000 0.0000000 0.0104968 0.8170158 0.0000000 0.0525449 0.0056627 0.0071089 0.0000000 0.0830027 0.0000000 0.0000000 0.0106500
 10 F  10 0.0000000 0.0000000 0.0000000 0.0000000 0.0000000 0.0000000 0.0000000 0.0000000 0.0000000 0.0047322 0.2879291 0.0000000 0.0035253 0.6046865 0.0000000 0.0000000 0.0000000 0.0064482 0.0793038 0.0133749
 11 D  11 0.0282554 0.0000000 0.1736593 0.4340104 0.0000000 0.0246902 0.0982836 0.0150910 0.0238985 0.0192532 0.0247326 0.0197851 0.0037282 0.0000000 0.0000000 0.0597120 0.0471720 0.0000000 0.0137593 0.0139693
 12 N  12 0.0000000 0.3488052 0.2004462 0.0467568 0.0040471 0.0346461 0.0086098 0.0000000 0.0994093 0.0529883 0.0479681 0.0133571 0.0300885 0.0000000 0.0048293 0.0669937 0.0093046 0.0040235 0.0277264 0.0000000
 13 A  13 0.7658871 0.0000000 0.0000000 0.0023800 0.0000000 0.0000000 0.0000000 0.0067143 0.0000000 0.0112010 0.0216876 0.0000000 0.0000000 0.0032426 0.0000000 0.0000000 0.0377229 0.0000000 0.0000000 0.1511645
 14 M  14 0.0390938 0.0000000 0.0054706 0.0000000 0.0000000 0.0000000 0.0000000 0.0260097 0.0123886 0.2214317 0.0281275 0.0000000 0.1271218 0.0045425 0.0000000 0.1003826 0.1106152 0.0000000 0.0000000 0.3248160
 15 L  15 0.0058041 0.0484614 0.0339369 0.0045188 0.0000000 0.2464820 0.0496271 0.0215726 0.0137213 0.1164586 0.1330283 0.0498014 0.0394718 0.0256153 0.0103948 0.1153355 0.0464317 0.0096469 0.0000000 0.0296914
 16 R  16 0.0000000 0.2904020 0.0000000 0.0000000 0.0046966 0.0648356 0.0020481 0.0022810 0.1476599 0.0496797 0.3043655 0.0298552 0.0354556 0.0000000 0.0000000 0.0073629 0.0153826 0.0000000 0.0000000 0.0459754
 17 A  17 0.3849835 0.0000000 0.0000000 0.0000000 0.0000000 0.0000000 0.0000000 0.0046728 0.0000000 0.0140875 0.0084897 0.0000000 0.0000000 0.0000000 0.0000000 0.5076129 0.0127883 0.0000000 0.0000000 0.0673653
 18 H  18 0.0161734 0.0220752 0.0233498 0.0846872 0.0000000 0.2209018 0.2067212 0.0248618 0.2992346 0.0000000 0.0000000 0.0171497 0.0069643 0.0000000 0.0000000 0.0252840 0.0081390 0.0089855 0.0354725 0.0000000
 19 R  19 0.0089995 0.1413809 0.1451910 0.0658997 0.0027017 0.0397762 0.0335922 0.0061374 0.1515217 0.0123984 0.0911657 0.0667864 0.0045588 0.0068567 0.0000000 0.0266153 0.0535069 0.0000000 0.1236106 0.0193010
 20 L  20 0.0338091 0.0000000 0.0118490 0.0000000 0.0000000 0.0000000 0.0000000 0.0000000 0.0000000 0.3721516 0.3507585 0.0000000 0.0888325 0.0347826 0.0000000 0.0031071 0.0792781 0.0000000 0.0000000 0.0254315
 21 H  21 0.0090359 0.0459260 0.0714883 0.0000000 0.0053878 0.0192543 0.0000000 0.0029157 0.5122030 0.0000000 0.0264179 0.0089449 0.0037783 0.0147331 0.0000000 0.1050831 0.0276391 0.0000000 0.1431615 0.0040311
 22 Q  22 0.0238679 0.0983974 0.1530337 0.0454959 0.0000000 0.1537824 0.0391159 0.0171286 0.0397614 0.0522991 0.0862571 0.0507222 0.0141554 0.0241279 0.0000000 0.1280881 0.0415414 0.0000000 0.0063053 0.0259202
 23 L  23 0.0000000 0.0188350 0.0000000 0.0000000 0.0000000 0.0233814 0.0304078 0.0044797 0.0301926 0.0441752 0.6848814 0.0074738 0.0158371 0.0050004 0.0017545 0.0000000 0.0061013 0.0000000 0.0062647 0.1212150
 24 A  24 0.4123664 0.0000000 0.0281636 0.0053826 0.0000000 0.0000000 0.0000000 0.0096808 0.0000000 0.0257286 0.0000000 0.0000000 0.0000000 0.0000000 0.0000000 0.3998680 0.0731022 0.0000000 0.0122292 0.0334784
 25 F  25 0.1476813 0.0406563 0.0197155 0.0500055 0.0000000 0.0654608 0.0895768 0.0129249 0.0073519 0.0596306 0.0142351 0.0113517 0.0257516 0.0906831 0.0000000 0.2074468 0.1420624 0.0030389 0.0020232 0.0104036
 26 D  26 0.0221698 0.0452628 0.0022889 0.2443042 0.0000000 0.0762918 0.3436674 0.0097612 0.0073519 0.0594456 0.0064183 0.1007470 0.0094224 0.0000000 0.0000000 0.0212115 0.0417769 0.0000000 0.0000000 0.0098803
 27 T  27 0.0372327 0.0036554 0.0000000 0.0000000 0.0028357 0.0000000 0.0000000 0.0000000 0.0000000 0.0965764 0.2940482 0.0000000 0.2710149 0.0151917 0.0000000 0.0723702 0.1648730 0.0000000 0.0093349 0.0328670
 28 Y  28 0.0000000 0.0711398 0.0075987 0.0000000 0.0726197 0.0045958 0.0000000 0.0000000 0.0546668 0.0148266 0.0575451 0.0149178 0.0080710 0.2805386 0.0000000 0.0553080 0.0658842 0.0000000 0.2837801 0.0085078
 29 Q  29 0.0221821 0.0808110 0.1657131 0.0083052 0.0000000 0.1808411 0.0261380 0.0036261 0.0302481 0.0297089 0.0149339 0.1231006 0.0124888 0.0057849 0.0021472 0.1103219 0.1368225 0.0054930 0.0000000 0.0413336
 30 E  30 0.0037313 0.0048209 0.0108472 0.1931965 0.0000000 0.0023040 0.5520969 0.0065505 0.0183016 0.0494464 0.0879675 0.0338954 0.0142130 0.0000000 0.0000000 0.0000000 0.0127543 0.0000000 0.0000000 0.0098746
 31 F  31 0.0000000 0.0000000 0.0000000 0.0000000 0.0000000 0.0000000 0.0000000 0.0000000 0.0000000 0.0115805 0.1461581 0.0000000 0.0034082 0.7840502 0.0000000 0.0044944 0.0000000 0.0000000 0.0440235 0.0062852
 32 E  32 0.0121351 0.0000000 0.0498352 0.2832248 0.0000000 0.0000000 0.4095565 0.0135529 0.0000000 0.0142909 0.0471489 0.0164393 0.0096348 0.0379687 0.0000000 0.0023308 0.0215408 0.0000000 0.0685576 0.0137838
 33 E  33 0.0185633 0.0884917 0.0374489 0.0369840 0.0000000 0.0664981 0.2801462 0.0124982 0.0435210 0.0230085 0.0249735 0.0939291 0.0359237 0.0019667 0.0066496 0.1469603 0.0566053 0.0000000 0.0126992 0.0131325
 34 A  34 0.0714704 0.0410479 0.1586648 0.0590112 0.0000000 0.0919408 0.0303934 0.0041202 0.0920910 0.0000000 0.0334420 0.1042365 0.0689090 0.0186562 0.0101408 0.0913927 0.0816984 0.0000000 0.0427848 0.0000000
 35 Y  35 0.0047228 0.0205191 0.0121762 0.0039463 0.0238403 0.0482334 0.0240634 0.0076544 0.0080564 0.0102998 0.1215496 0.0037363 0.0083139 0.2406993 0.0134068 0.0143362 0.0000000 0.0046013 0.3934937 0.0363509
 36 I  36 0.1853404 0.0076219 0.0000000 0.0237170 0.0119575 0.0552051 0.0000000 0.0204375 0.0127909 0.1954924 0.0703846 0.0000000 0.0092673 0.1279545 0.0700209 0.1057611 0.0209308 0.0000000 0.0000000 0.0831182
 37 P  37 0.0040812 0.0117449 0.0000000 0.0042777 0.0000000 0.1664092 0.0246288 0.0074518 0.0146849 0.0080333 0.0450022 0.0047890 0.0059048 0.0000000 0.4290478 0.1910177 0.0522155 0.0000000 0.0245431 0.0061682
 38 K  38 0.0122987 0.0109227 0.0332416 0.0999664 0.0099031 0.0022835 0.1735954 0.2082014 0.0000000 0.0132908 0.0106665 0.1297471 0.0093080 0.0645630 0.0049148 0.1843447 0.0124914 0.0000000 0.0095489 0.0107120
 39 E  39 0.0125313 0.1478698 0.0091476 0.1120123 0.0000000 0.0339660 0.2078452 0.0992010 0.0187027 0.0253016 0.0151980 0.1480571 0.0057177 0.0146503 0.0970419 0.0368838 0.0088227 0.0000000 0.0000000 0.0070507
 40 Q  40 0.0000000 0.1072899 0.0697249 0.0321454 0.0000000 0.3460579 0.0300285 0.1167094 0.0241632 0.0263707 0.1436481 0.0334035 0.0311060 0.0080281 0.0083817 0.0000000 0.0000000 0.0079353 0.0000000 0.0150075
 41 K  41 0.0000000 0.3489416 0.0182407 0.0000000 0.0000000 0.0328265 0.0000000 0.0249653 0.0271807 0.0215225 0.0150483 0.1932760 0.0090831 0.1842634 0.0056754 0.0120374 0.0000000 0.0038236 0.0850997 0.0180157
 42 Y  42 0.0292285 0.0524590 0.0339315 0.0133034 0.0000000 0.1313504 0.0057068 0.0087570 0.1319817 0.0746882 0.0869628 0.0120161 0.0095769 0.0406775 0.0042739 0.0564288 0.0329866 0.0354676 0.1842966 0.0559067
 43 S  43 0.0176496 0.0066505 0.0113170 0.0853159 0.0000000 0.1104383 0.0000000 0.0760184 0.0125259 0.0548174 0.1349459 0.0435757 0.0069102 0.0890824 0.0254680 0.2464196 0.0393447 0.0000000 0.0000000 0.0395204
 44 F  44 0.0067055 0.0882510 0.1986027 0.0000000 0.0164022 0.0314976 0.0514652 0.0579547 0.0163931 0.0147505 0.0786387 0.0707294 0.0026480 0.1539618 0.0242848 0.0603511 0.0238421 0.0697684 0.0066011 0.0271521
 45 L  45 0.0272262 0.0310411 0.0296842 0.0000000 0.0000000 0.0198777 0.0242740 0.0000000 0.0000000 0.0832778 0.2426195 0.1241969 0.0631088 0.0783814 0.0084528 0.0245536 0.0339424 0.0139987 0.0951550 0.1002099
 46 Q  46 0.0150213 0.1309473 0.0141117 0.0000000 0.0000000 0.0967147 0.0087513 0.0025277 0.0829163 0.2004877 0.0632752 0.0910912 0.0303232 0.0170151 0.0051980 0.1280034 0.0360804 0.0000000 0.0230546 0.0544809
 47 N  47 0.0271179 0.0178708 0.2679105 0.1498358 0.0059599 0.0171970 0.0158282 0.0528816 0.0000000 0.0213769 0.0240333 0.0830377 0.0723338 0.0845253 0.0148066 0.0393860 0.0417878 0.0000000 0.0094225 0.0546885
 48 P  48 0.0274329 0.1996603 0.0241231 0.0000000 0.0000000 0.0537029 0.0040396 0.0061826 0.0056783 0.0078900 0.0968506 0.2053465 0.0000000 0.0213200 0.2092132 0.0949730 0.0355141 0.0050137 0.0030591 0.0000000
 49 Q  49 0.2600816 0.1304294 0.0597977 0.0030788 0.0054168 0.1785009 0.0164951 0.0210350 0.0192648 0.0442208 0.0061076 0.0265681 0.0223946 0.0123470 0.0552192 0.0686217 0.0517649 0.0000000 0.0129562 0.0056998
 50 T  50 0.0677435 0.0274403 0.0136962 0.0041779 0.0000000 0.0234480 0.0042070 0.1403656 0.0000000 0.0475485 0.1957596 0.0053045 0.0129841 0.0155844 0.1385009 0.0495959 0.1897574 0.0000000 0.0050968 0.0587893
 51 S  51 0.0776338 0.0198589 0.1423802 0.0664242 0.0038932 0.0000000 0.0040249 0.0094433 0.0091332 0.0132064 0.0326565 0.0679823 0.0610644 0.0186314 0.0198780 0.2578639 0.1236813 0.0165491 0.0415728 0.0141220
 52 L  52 0.0546676 0.0446820 0.0066189 0.0138145 0.0207934 0.0094494 0.0000000 0.0206624 0.0155563 0.0205346 0.1126343 0.0279281 0.0864265 0.1603583 0.0282661 0.2014425 0.0796502 0.0000000 0.0757644 0.0207504
 53 C  53 0.0000000 0.0000000 0.0000000 0.0000000 0.9754632 0.0000000 0.0000000 0.0000000 0.0140252 0.0000000 0.0000000 0.0000000 0.0000000 0.0044801 0.0000000 0.0000000 0.0000000 0.0060314 0.0000000 0.0000000
 54 F  54 0.0179630 0.0024128 0.0833638 0.0000000 0.0047960 0.0152541 0.0000000 0.0038134 0.5747287 0.0362759 0.0136969 0.0000000 0.0066593 0.1210604 0.0305461 0.0223454 0.0137144 0.0000000 0.0533698 0.0000000
 55 S  55 0.0080623 0.0075123 0.0331157 0.0025464 0.0000000 0.0000000 0.0000000 0.0000000 0.0000000 0.0000000 0.0114788 0.0167941 0.0038134 0.0000000 0.0293722 0.3324875 0.5548173 0.0000000 0.0000000 0.0000000
 56 E  56 0.1363188 0.0043756 0.0809759 0.1263028 0.0000000 0.0000000 0.1344731 0.0097096 0.0000000 0.0111823 0.0084010 0.0757059 0.0035331 0.0219400 0.0144602 0.2630422 0.0429427 0.0000000 0.0566157 0.0100213
 57 S  57 0.0614220 0.0118655 0.0188608 0.0090915 0.0000000 0.0000000 0.0000000 0.0186644 0.0052696 0.0061864 0.0278375 0.0000000 0.0000000 0.0389887 0.0380215 0.5813115 0.1141588 0.0000000 0.0522753 0.0160465
 58 I  58 0.0000000 0.0225353 0.0034533 0.0000000 0.0000000 0.0000000 0.0000000 0.0000000 0.0000000 0.4036024 0.3376388 0.0000000 0.0246961 0.0764059 0.0000000 0.0138482 0.0502835 0.0068294 0.0115646 0.0491425
 59 P  59 0.0575181 0.0216822 0.0749968 0.0194844 0.0000000 0.0731288 0.0261408 0.0000000 0.0927750 0.0518179 0.0512600 0.0547737 0.0034276 0.0048071 0.3028693 0.0809458 0.0723729 0.0000000 0.0031167 0.0088831
 60 T  60 0.0947659 0.0185197 0.0047953 0.0000000 0.0054142 0.0000000 0.0000000 0.0064806 0.0000000 0.1322120 0.0355940 0.0054326 0.0062698 0.0086633 0.0313335 0.0956718 0.4869018 0.0000000 0.0026293 0.0653164
 61 P  61 0.0151176 0.0000000 0.0000000 0.0067174 0.0000000 0.0000000 0.0000000 0.0000000 0.0000000 0.0000000 0.0057112 0.0000000 0.0000000 0.0000000 0.9313029 0.0321267 0.0090242 0.0000000 0.0000000 0.0000000
 62 S  62 0.0299231 0.0000000 0.1381709 0.0289441 0.0000000 0.0266101 0.2573150 0.0312403 0.0036229 0.0761491 0.0384416 0.0374694 0.0095842 0.0106816 0.0049166 0.1288963 0.1364962 0.0000000 0.0102268 0.0313118
 63 N  63 0.0000000 0.0185097 0.2599561 0.2650672 0.0000000 0.0000000 0.0413366 0.1326613 0.0192824 0.0135151 0.0000000 0.0188715 0.0000000 0.0000000 0.0337196 0.1451458 0.0472892 0.0000000 0.0000000 0.0046455
 64 R  64 0.0000000 0.1051977 0.0172052 0.0000000 0.0000000 0.0160009 0.0213209 0.0385643 0.0045508 0.0169974 0.0301102 0.6124144 0.0768889 0.0000000 0.0049692 0.0223745 0.0207369 0.0045711 0.0000000 0.0080977
 65 E  65 0.0139153 0.0470164 0.0154755 0.1678816 0.0000000 0.0223946 0.4219926 0.0261204 0.0668789 0.0226364 0.0047812 0.0345568 0.0000000 0.0000000 0.0171277 0.0812043 0.0502315 0.0000000 0.0057074 0.0020793
 66 E  66 0.0050142 0.0218892 0.0438533 0.0476554 0.0000000 0.2587798 0.4412213 0.0228825 0.0107136 0.0193013 0.0000000 0.0995163 0.0000000 0.0000000 0.0000000 0.0000000 0.0158621 0.0000000 0.0084378 0.0048732
 67 T  67 0.4187855 0.0056532 0.0062542 0.0000000 0.0054966 0.0000000 0.0069317 0.0072633 0.0344598 0.1230903 0.0078713 0.0000000 0.0069944 0.0045974 0.0142019 0.0348871 0.2323146 0.0000000 0.0106822 0.0805165
 68 Q  68 0.0157284 0.0643825 0.0000000 0.0000000 0.0000000 0.4796239 0.0503138 0.0057777 0.0746419 0.0198214 0.2232768 0.0178737 0.0066279 0.0000000 0.0184318 0.0072325 0.0000000 0.0000000 0.0000000 0.0162676
 69 Q  69 0.0266020 0.1183994 0.0696839 0.0168536 0.0000000 0.4306449 0.0593721 0.0076372 0.0188943 0.0000000 0.0212082 0.1698548 0.0053521 0.0000000 0.0000000 0.0079374 0.0282562 0.0000000 0.0000000 0.0193037
 70 K  70 0.0098574 0.0475592 0.0109358 0.0175809 0.0000000 0.0045556 0.0000000 0.0000000 0.0000000 0.2619327 0.0420734 0.1474864 0.0984933 0.0167345 0.0000000 0.1057912 0.1394218 0.0000000 0.0000000 0.0975778
 71 S  71 0.0162465 0.0100776 0.0586730 0.0280415 0.0000000 0.0588724 0.0757738 0.0000000 0.0734441 0.0000000 0.0170494 0.1017758 0.0000000 0.0000000 0.0777458 0.4311549 0.0511452 0.0000000 0.0000000 0.0000000
 72 N  72 0.0018570 0.0311999 0.1506465 0.1845928 0.0000000 0.0219223 0.0878764 0.0250052 0.0350839 0.0494416 0.0576129 0.0103296 0.0123091 0.0360667 0.0704459 0.0553328 0.0562643 0.0000000 0.0281545 0.0858585
 73 L  73 0.0251931 0.0122430 0.0299960 0.0368062 0.0000000 0.0113017 0.3201681 0.0128426 0.0064119 0.0256084 0.1618538 0.1588446 0.0431279 0.0000000 0.0183882 0.0687527 0.0073592 0.0000000 0.0000000 0.0611026
 74 E  74 0.0484958 0.0092777 0.0080283 0.2958252 0.0000000 0.0116837 0.2579635 0.0094491 0.0000000 0.0078045 0.0146207 0.1019423 0.0000000 0.0246260 0.0000000 0.0260145 0.0178488 0.0872436 0.0043921 0.0747843
 75 L  75 0.0000000 0.0000000 0.0000000 0.0000000 0.0000000 0.0000000 0.0000000 0.0000000 0.0052176 0.0130958 0.8005216 0.0000000 0.0122318 0.0884705 0.0111935 0.0000000 0.0044999 0.0000000 0.0617298 0.0030394
 76 L  76 0.0031095 0.0146119 0.0000000 0.0000000 0.0000000 0.0000000 0.0000000 0.0000000 0.0000000 0.0443625 0.7443358 0.0015708 0.0285739 0.0046740 0.0327515 0.0566395 0.0307244 0.0000000 0.0112692 0.0273770
 77 R  77 0.0057734 0.1507258 0.0897626 0.0000000 0.0025110 0.0289400 0.0369657 0.0113824 0.1391453 0.0464486 0.0187673 0.3191556 0.0073111 0.0000000 0.0000000 0.1186860 0.0072152 0.0052198 0.0119905 0.0000000
 78 I  78 0.0191105 0.0062132 0.0103185 0.0000000 0.0000000 0.0000000 0.0245987 0.0033463 0.0000000 0.1836532 0.2637295 0.0000000 0.0816545 0.0673193 0.0000000 0.1420928 0.0438987 0.0650492 0.0068652 0.0821504
 79 S  79 0.0763364 0.0000000 0.0000000 0.0235799 0.0000000 0.0000000 0.0000000 0.0211489 0.0000000 0.2114885 0.0666598 0.0000000 0.0482076 0.0000000 0.0000000 0.2738550 0.0772528 0.0000000 0.0000000 0.2014710
 80 L  80 0.0120215 0.0857473 0.0155339 0.0030041 0.0035946 0.0070595 0.0061233 0.0069327 0.0188461 0.2151971 0.4535809 0.0141367 0.0193073 0.0257158 0.0000000 0.0326555 0.0000000 0.0000000 0.0522511 0.0282927
 81 L  81 0.0135108 0.1394984 0.1016454 0.0065577 0.0020784 0.0254694 0.0066102 0.0299165 0.0264195 0.0429878 0.1295198 0.0394950 0.0958992 0.0066839 0.0000000 0.2277083 0.0458531 0.0000000 0.0074672 0.0526795
 82 L  82 0.0000000 0.0324884 0.0123699 0.0000000 0.0000000 0.0000000 0.0000000 0.0000000 0.0000000 0.1182418 0.6357243 0.0000000 0.0433298 0.0572330 0.0000000 0.0000000 0.0162398 0.0000000 0.0139140 0.0704589
 83 I  83 0.0000000 0.0021219 0.0000000 0.0000000 0.0000000 0.0000000 0.0000000 0.0000000 0.0000000 0.2070771 0.4449190 0.0000000 0.0583211 0.0000000 0.0052489 0.0517087 0.0226057 0.0000000 0.0000000 0.2079977
 84 Q  84 0.0187203 0.1086129 0.0306015 0.0322708 0.0044680 0.3293248 0.1066170 0.0987893 0.0571681 0.0160833 0.0440598 0.0093608 0.0028850 0.0048556 0.0000000 0.0267394 0.0046189 0.0176906 0.0677560 0.0193780
 85 S  85 0.3309909 0.0000000 0.0000000 0.0020852 0.0122138 0.0000000 0.0000000 0.0211860 0.0000000 0.0000000 0.0113477 0.0000000 0.0063724 0.0340901 0.0051582 0.5471332 0.0072668 0.0176805 0.0000000 0.0044751
 86 W  86 0.0000000 0.0062191 0.0000000 0.0000000 0.0000000 0.0000000 0.0000000 0.0000000 0.0000000 0.0000000 0.0124459 0.0000000 0.0000000 0.0000000 0.0000000 0.0096435 0.0000000 0.9716915 0.0000000 0.0000000
 87 L  87 0.0169958 0.0265390 0.1664745 0.0383813 0.0000000 0.0191677 0.1712145 0.0034200 0.0209300 0.1424218 0.1588502 0.0745813 0.0216221 0.0070581 0.0000000 0.0319256 0.0580442 0.0000000 0.0122550 0.0301187
 88 E  88 0.0000000 0.0363026 0.1183959 0.1997132 0.0000000 0.0051572 0.2446528 0.0260286 0.0124349 0.0056257 0.0027770 0.0638265 0.0000000 0.0614099 0.0063810 0.1033901 0.0427431 0.0000000 0.0448223 0.0263392
 89 P  89 0.0143071 0.0000000 0.0047612 0.0000000 0.0044859 0.0000000 0.0000000 0.0000000 0.0000000 0.0000000 0.0093963 0.0000000 0.0000000 0.0000000 0.8856312 0.0322328 0.0491855 0.0000000 0.0000000 0.0000000
 90 V  90 0.0093553 0.0000000 0.0000000 0.0000000 0.0000000 0.0000000 0.0000000 0.0000000 0.0000000 0.0152741 0.6898789 0.0000000 0.0229214 0.0094754 0.0046386 0.0929425 0.0000000 0.0000000 0.0000000 0.1555138
 91 Q  91 0.0276269 0.0812800 0.0402529 0.0299761 0.0094230 0.1835691 0.0191467 0.0061154 0.0551765 0.0055760 0.0527745 0.1065985 0.0230471 0.0575746 0.0000000 0.0458343 0.0157216 0.0100973 0.1346157 0.0955939
 92 F  92 0.0198001 0.0033576 0.0382714 0.0584767 0.0000000 0.0544319 0.0066859 0.0000000 0.4047897 0.0186265 0.0561237 0.0074037 0.0096291 0.1244365 0.0024975 0.0372182 0.0400683 0.0000000 0.0827734 0.0354100
 93 L  93 0.0116124 0.0069092 0.0000000 0.0000000 0.0000000 0.0000000 0.0000000 0.0000000 0.0000000 0.0379985 0.8247400 0.0000000 0.0249636 0.0365794 0.0024381 0.0000000 0.0000000 0.0000000 0.0000000 0.0547588
 94 R  94 0.0380325 0.0758445 0.0155199 0.0000000 0.0011679 0.1044493 0.0190348 0.0180530 0.0252642 0.0705493 0.0333973 0.0269555 0.0086265 0.0000000 0.0037309 0.1955775 0.0079112 0.0136026 0.0077652 0.3345179
 95 S  95 0.0996721 0.0616254 0.0769293 0.0142069 0.0000000 0.0274091 0.0064654 0.0601917 0.0173186 0.0582773 0.0134035 0.0466952 0.0081820 0.0000000 0.0064735 0.2799980 0.2080003 0.0111650 0.0000000 0.0039868
 96 V  96 0.0875769 0.0032624 0.0500037 0.0129564 0.0000000 0.0230060 0.3140917 0.0284661 0.0171346 0.0382602 0.0332559 0.0038994 0.0730433 0.0000000 0.0037073 0.1074301 0.0826751 0.0000000 0.0000000 0.1212308
 97 F  97 0.0270790 0.0000000 0.0000000 0.0000000 0.0000000 0.0043092 0.0031225 0.0035204 0.0075112 0.0491398 0.3481137 0.0269260 0.1139547 0.1931935 0.0481672 0.0300273 0.0040219 0.0000000 0.0024288 0.1384848
 98 A  98 0.2561381 0.0431619 0.0055523 0.0846917 0.0064646 0.0271246 0.1129329 0.0594730 0.0341348 0.0000000 0.0170062 0.0047884 0.0037358 0.0000000 0.0550729 0.1891730 0.0771625 0.0000000 0.0000000 0.0233873
 99 N  99 0.2808412 0.0369419 0.2825323 0.0650911 0.0000000 0.0056208 0.0038368 0.0099477 0.0615787 0.0021399 0.0041264 0.0024123 0.0218571 0.0035340 0.0091509 0.0916871 0.0543415 0.0000000 0.0000000 0.0643603
100 S 100 0.0000000 0.0124953 0.0535800 0.0105382 0.0000000 0.0090838 0.0023436 0.0000000 0.0439117 0.0070757 0.0787252 0.0090801 0.0273276 0.0056725 0.3323836 0.3291519 0.0563449 0.0000000 0.0175124 0.0047736
101 L 101 0.0000000 0.0071862 0.0176526 0.3058950 0.0000000 0.0749880 0.1647544 0.0134967 0.0239453 0.0051076 0.2337883 0.0173034 0.0118599 0.0178780 0.0448074 0.0258326 0.0148128 0.0000000 0.0135506 0.0071412
102 V 102 0.1407079 0.0127673 0.0565349 0.0632983 0.0000000 0.0000000 0.0358673 0.0692592 0.0000000 0.0185712 0.0694580 0.0158152 0.0342961 0.0067408 0.0850803 0.0670937 0.1615670 0.0000000 0.0102272 0.1527157
103 Y 103 0.0127342 0.0019607 0.0000000 0.0042769 0.0035376 0.0022438 0.0000000 0.0381707 0.1180718 0.3456696 0.1141301 0.0000000 0.0629450 0.1194987 0.0027126 0.0283877 0.0109993 0.0000000 0.0733955 0.0612659
104 G 104 0.0052934 0.0193322 0.0148611 0.0168134 0.0000000 0.0144262 0.0026635 0.1237622 0.0070841 0.1243431 0.3679882 0.0000000 0.0381015 0.0024723 0.1448630 0.0906561 0.0142611 0.0000000 0.0000000 0.0130786
105 A 105 0.1216994 0.0070870 0.0971551 0.0138138 0.0053337 0.0183644 0.0141752 0.0281496 0.0000000 0.0233040 0.0086551 0.0332306 0.0000000 0.0222364 0.0235195 0.3930580 0.1317426 0.0208771 0.0000000 0.0375986
106 S 106 0.0068229 0.1322874 0.0374925 0.0000000 0.0000000 0.0604935 0.0096160 0.0038687 0.0000000 0.0228733 0.0685389 0.3786829 0.0000000 0.0019179 0.0324590 0.2262907 0.0087242 0.0000000 0.0000000 0.0099320
107 D 107 0.4447765 0.0514014 0.0656230 0.1104680 0.0000000 0.0049173 0.0084755 0.0242167 0.0106477 0.0047109 0.0000000 0.0035214 0.0000000 0.0062420 0.0110152 0.0763093 0.1014428 0.0000000 0.0070574 0.0691747
108 S 108 0.0204437 0.1222287 0.1001871 0.0082747 0.0021010 0.0257815 0.0362625 0.0178327 0.0000000 0.0377697 0.0396442 0.3078987 0.0161025 0.0068646 0.0000000 0.1161676 0.0993198 0.0064702 0.0022827 0.0343681
109 N 109 0.0497024 0.0116400 0.0780852 0.1642174 0.0000000 0.1350261 0.2956086 0.0185946 0.0097975 0.0029069 0.0449214 0.0189041 0.0086486 0.0325913 0.0022318 0.0140176 0.0126741 0.0922555 0.0032745 0.0049025
110 V 110 0.0066680 0.0000000 0.0309806 0.0161113 0.0000000 0.0000000 0.0000000 0.0000000 0.0000000 0.5456454 0.0757166 0.0000000 0.0686482 0.0035406 0.0000000 0.0217168 0.0062760 0.0000000 0.0042265 0.2204698
111 Y 111 0.0270901 0.0290624 0.0191231 0.0199748 0.0000000 0.0467098 0.2696100 0.0180654 0.0105447 0.0000000 0.0147219 0.0903185 0.0147000 0.0183816 0.0054897 0.2139945 0.0185274 0.0000000 0.1589091 0.0247771
112 D 112 0.0537793 0.0498416 0.0919398 0.0968969 0.0000000 0.0170643 0.3987224 0.0110646 0.0319626 0.0000000 0.0159833 0.0739790 0.0020739 0.0000000 0.0281076 0.0371866 0.0713692 0.0000000 0.0131118 0.0069171
113 L 113 0.0079351 0.0819689 0.0692634 0.0000000 0.0000000 0.0931939 0.0048523 0.0199559 0.0171179 0.0106070 0.0754125 0.4958628 0.0660545 0.0000000 0.0000000 0.0108163 0.0033958 0.0000000 0.0410311 0.0025326
114 L 114 0.0151212 0.0000000 0.1982882 0.0049163 0.0000000 0.0065257 0.0000000 0.0000000 0.0063085 0.1322542 0.3980263 0.0097357 0.0205666 0.0180733 0.0000000 0.0642337 0.0625727 0.0000000 0.0000000 0.0633776
115 K 115 0.0565984 0.1309815 0.0288732 0.0263997 0.0000000 0.1082861 0.0512831 0.0089548 0.0411485 0.0399824 0.0564148 0.3039889 0.0179810 0.0025411 0.0097729 0.0739608 0.0334712 0.0031426 0.0000000 0.0062191
116 D 116 0.0227720 0.0681340 0.0366949 0.1941350 0.0000000 0.0691455 0.2837253 0.0483671 0.0174719 0.0306681 0.0090362 0.0622869 0.0069672 0.0000000 0.0000000 0.0889496 0.0138970 0.0000000 0.0123601 0.0353889
117 L 117 0.0000000 0.0000000 0.0000000 0.0000000 0.0000000 0.0000000 0.0000000 0.0000000 0.0000000 0.0481051 0.9004471 0.0000000 0.0032944 0.0000000 0.0000000 0.0000000 0.0000000 0.0000000 0.0000000 0.0481533
118 E 118 0.0102956 0.0522166 0.0118678 0.0052866 0.0000000 0.1840661 0.2411724 0.0032811 0.0063102 0.0073290 0.3273535 0.1022178 0.0095987 0.0139514 0.0000000 0.0119116 0.0084758 0.0000000 0.0000000 0.0046658
119 E 119 0.0599199 0.0104693 0.0290355 0.1083994 0.0000000 0.1113717 0.4859099 0.0123657 0.0050038 0.0029710 0.0063554 0.0687274 0.0173484 0.0000000 0.0000000 0.0171124 0.0478381 0.0000000 0.0000000 0.0171722
120 G 120 0.0159589 0.0161852 0.0137500 0.0983800 0.0000000 0.0033701 0.0194414 0.6346787 0.0398305 0.0000000 0.0217918 0.0087919 0.0000000 0.0490716 0.0000000 0.0000000 0.0106141 0.0052016 0.0431217 0.0198124
121 I 121 0.0131787 0.0000000 0.0038195 0.0000000 0.0000000 0.0000000 0.0000000 0.0000000 0.0000000 0.4272804 0.1977026 0.0000000 0.0668298 0.0000000 0.0000000 0.0503022 0.0409598 0.0000000 0.0020671 0.1978600
122 Q 122 0.0143313 0.0837656 0.0524073 0.0177141 0.0000000 0.1876754 0.1976998 0.0024133 0.0058510 0.0078380 0.0530159 0.2490937 0.0219408 0.0000000 0.0000000 0.0236996 0.0175792 0.0000000 0.0058989 0.0590761
123 T 123 0.0806976 0.0741498 0.0317283 0.0032641 0.0000000 0.0000000 0.0102133 0.0118675 0.0000000 0.0735066 0.0482553 0.1008732 0.0455859 0.0044556 0.0068691 0.1359591 0.1912642 0.0661526 0.0000000 0.1151576
124 L 124 0.0000000 0.0000000 0.0000000 0.0000000 0.0000000 0.0436800 0.0000000 0.0000000 0.0149572 0.3763680 0.4787685 0.0000000 0.0207708 0.0000000 0.0059010 0.0000000 0.0000000 0.0000000 0.0000000 0.0595546
125 M 125 0.0569610 0.0000000 0.0000000 0.0000000 0.0000000 0.0152873 0.0018947 0.0594177 0.0000000 0.2273778 0.2732277 0.0030040 0.1597169 0.0808274 0.0000000 0.0228089 0.0355142 0.0000000 0.0108193 0.0531433
126 G 126 0.0156832 0.1796803 0.0837720 0.0572112 0.0134953 0.0222490 0.0608688 0.1389601 0.0000000 0.0211927 0.0000000 0.1146866 0.0000000 0.0033230 0.0000000 0.2062192 0.0637667 0.0099878 0.0000000 0.0089043
127 R 127 0.0497689 0.2345058 0.0000000 0.0065269 0.0000000 0.1718632 0.0597165 0.0927189 0.0034198 0.0000000 0.0211573 0.2750216 0.0167932 0.0000000 0.0000000 0.0157353 0.0418766 0.0016136 0.0000000 0.0092823
128 L 128 0.0307727 0.0116523 0.0464262 0.0000000 0.0204323 0.0000000 0.0000000 0.0136330 0.0000000 0.1535691 0.2374025 0.0000000 0.1561481 0.0209384 0.0000000 0.0246000 0.0235018 0.0000000 0.0020460 0.2588774
129 E 129 0.0043499 0.0236183 0.0631150 0.0943055 0.0000000 0.1894362 0.1243759 0.0355817 0.0904754 0.0779506 0.1307523 0.0252957 0.0000000 0.0094371 0.0000000 0.0246396 0.0000000 0.0000000 0.0965753 0.0100914
130 D 130 0.0145330 0.0067803 0.0329694 0.2687196 0.0000000 0.0093274 0.0311720 0.0479021 0.0072673 0.0568650 0.0545483 0.0121874 0.0130453 0.0457999 0.3130105 0.0193599 0.0167074 0.0000000 0.0122056 0.0375996
131 G 131 0.0618782 0.0277052 0.0158467 0.0231216 0.0000000 0.0155887 0.1764474 0.3868218 0.0000000 0.0000000 0.0476195 0.0213368 0.0501362 0.0034999 0.0593613 0.0191995 0.0682995 0.0000000 0.0000000 0.0231377
132 S 132 0.2136335 0.0034804 0.0169006 0.0488555 0.0000000 0.0211248 0.0302357 0.1704295 0.0028869 0.0675104 0.0557704 0.0000000 0.0077650 0.0417146 0.0103805 0.1787114 0.0371504 0.0000000 0.0018089 0.0916415
133 P 133 0.0263245 0.0401380 0.0214194 0.0223546 0.0000000 0.0107302 0.1913995 0.0257634 0.0186776 0.0674812 0.0556878 0.1165696 0.0342446 0.0104443 0.2018464 0.0362061 0.0688707 0.0000000 0.0042758 0.0475663
134 R 134 0.0308419 0.1487401 0.0448886 0.0817359 0.0000000 0.0596696 0.2517153 0.0545248 0.0000000 0.0441529 0.0765309 0.0475263 0.0693530 0.0165733 0.0000000 0.0250102 0.0074900 0.0122991 0.0044970 0.0244511
135 T 135 0.0585768 0.0108911 0.2815900 0.0283298 0.0000000 0.0070716 0.0197659 0.0423162 0.0000000 0.0213088 0.0113274 0.0992097 0.0475795 0.0118758 0.0058146 0.0882312 0.2016050 0.0065082 0.0153977 0.0426005
136 G 136 0.0284394 0.0137108 0.0469841 0.1023925 0.0000000 0.0353548 0.2767355 0.1883454 0.0000000 0.0230469 0.0373444 0.0107857 0.0217415 0.0125892 0.0173301 0.0599459 0.0505405 0.0000000 0.0151976 0.0595156
137 Q 137 0.0691608 0.0128687 0.0715860 0.2014984 0.0000000 0.0690923 0.1336781 0.0276634 0.0179564 0.0465646 0.0188042 0.0453937 0.0000000 0.0148758 0.0438391 0.0856409 0.0670851 0.0000000 0.0335501 0.0407424
138 I 138 0.0174413 0.0108921 0.0439097 0.0092027 0.0035626 0.0148054 0.0354010 0.0105414 0.0180216 0.1590255 0.1016986 0.0132346 0.0036029 0.0946735 0.0324788 0.0157066 0.0442037 0.0030828 0.3170473 0.0514680
139 F 139 0.0850798 0.0045242 0.0319367 0.0051341 0.0000000 0.0466681 0.0155918 0.0090492 0.0099562 0.0349696 0.1479645 0.0000000 0.0044642 0.0874919 0.2866194 0.1391802 0.0488719 0.0105543 0.0155763 0.0163676
140 K 140 0.1335898 0.0878889 0.0117359 0.0185775 0.0000000 0.0104438 0.0799546 0.0277611 0.0109621 0.0440751 0.0919504 0.1227907 0.0212992 0.0000000 0.0409871 0.0857492 0.0345520 0.0227635 0.0201813 0.1347377
141 Q 141 0.0377206 0.0056107 0.0030523 0.0116803 0.0030508 0.1560211 0.0051729 0.0125116 0.0098904 0.0118666 0.1367633 0.0233851 0.0073604 0.0310251 0.0434262 0.0505663 0.0173777 0.4297208 0.0037977 0.0000000
142 T 142 0.0245583 0.0060114 0.0496187 0.0231883 0.0000000 0.0000000 0.0503438 0.0569657 0.0000000 0.0026349 0.0151188 0.0082841 0.0126699 0.0132201 0.1656840 0.3342609 0.2211954 0.0063533 0.0048947 0.0049978
143 Y 143 0.0216587 0.0053133 0.0000000 0.0312150 0.0132208 0.0188554 0.0800928 0.2627586 0.0279697 0.0078218 0.0629294 0.0000000 0.0074981 0.0594544 0.0278534 0.0319417 0.0034227 0.0432578 0.2745196 0.0202167
144 S 144 0.0387534 0.0244229 0.0136507 0.0606456 0.0000000 0.0152430 0.0917198 0.0877308 0.0000000 0.0085556 0.4189741 0.0085229 0.0000000 0.0272949 0.0169721 0.1591958 0.0201992 0.0000000 0.0024419 0.0056774
145 K 145 0.1070126 0.0462748 0.0624135 0.0882932 0.0000000 0.0350131 0.0842991 0.0768129 0.0079236 0.0000000 0.0000000 0.1437905 0.0131309 0.0000000 0.2167484 0.0853282 0.0173140 0.0156451 0.0000000 0.0000000
146 F 146 0.0242183 0.0041193 0.0479316 0.0877756 0.0022164 0.0040920 0.0189632 0.0164986 0.0112977 0.0071715 0.0481004 0.0000000 0.0028163 0.3126296 0.0044212 0.2709924 0.0106623 0.0000000 0.1224887 0.0036047
147 D 147 0.0244432 0.0000000 0.0045308 0.2693790 0.0000000 0.0000000 0.0145676 0.0057686 0.0031380 0.0207813 0.4684482 0.0000000 0.0038364 0.0153120 0.0187077 0.0243205 0.0051237 0.0051671 0.0730618 0.0434140
148 T 148 0.0255846 0.0767233 0.0043269 0.0080724 0.0000000 0.3330871 0.0083815 0.0084156 0.0088956 0.0573856 0.1080343 0.1032154 0.0144321 0.0100584 0.0136067 0.0173375 0.1084574 0.0000000 0.0069121 0.0870736
149 N 149 0.0433842 0.0158002 0.1335070 0.0064701 0.0000000 0.0811875 0.0000000 0.0972393 0.0277483 0.0067701 0.0249500 0.0065072 0.0242612 0.0000000 0.0112337 0.4618127 0.0520263 0.0000000 0.0000000 0.0071022
150 S 150 0.0786109 0.0000000 0.0431713 0.0460265 0.0000000 0.0668468 0.0201450 0.0051878 0.0059200 0.0109876 0.1636993 0.0136153 0.0161487 0.0071567 0.1311617 0.3254967 0.0350275 0.0000000 0.0000000 0.0307983
151 H 151 0.0117248 0.0707004 0.1386112 0.4042206 0.0000000 0.0136491 0.0650697 0.0791473 0.1013454 0.0000000 0.0037496 0.0298707 0.0000000 0.0036684 0.0000000 0.0594075 0.0158424 0.0000000 0.0000000 0.0029931
152 N 152 0.0369303 0.0776820 0.1261721 0.0213840 0.0000000 0.0052471 0.3494969 0.0649539 0.0032611 0.0153461 0.0053912 0.1598107 0.0464789 0.0000000 0.0037468 0.0401567 0.0213091 0.0000000 0.0000000 0.0226329
153 D 153 0.0221617 0.0115058 0.0952349 0.3446777 0.0000000 0.0090605 0.1990493 0.0219382 0.0369225 0.0531289 0.0663477 0.0299537 0.0135162 0.0086340 0.0099526 0.0529436 0.0180309 0.0000000 0.0000000 0.0069419
154 D 154 0.0404312 0.0482017 0.0313218 0.1601640 0.0037633 0.0036841 0.1561478 0.0200521 0.0410015 0.0475547 0.0287658 0.0118442 0.0000000 0.0132901 0.0000000 0.1829423 0.1319439 0.0105671 0.0095189 0.0588056
155 A 155 0.1147797 0.3414520 0.0293191 0.0137553 0.0000000 0.0546400 0.0130549 0.0209284 0.0408421 0.0000000 0.0152881 0.1260200 0.0000000 0.0155712 0.0041155 0.1514424 0.0424611 0.0000000 0.0045973 0.0117329
156 L 156 0.0089130 0.0236504 0.0180938 0.0113389 0.0088215 0.0301282 0.0000000 0.0037599 0.0751178 0.0773491 0.4702410 0.0041519 0.0000000 0.1186788 0.0037867 0.0086039 0.0080412 0.0000000 0.0238301 0.1054938
157 L 157 0.0134084 0.1032002 0.0000000 0.0178635 0.0000000 0.0036655 0.0000000 0.0044050 0.0081301 0.0717606 0.2910573 0.0080889 0.0769714 0.2549921 0.0000000 0.0796477 0.0188991 0.0000000 0.0108660 0.0370442
158 K 158 0.3553661 0.1401529 0.0823308 0.0090607 0.0000000 0.0078217 0.0564621 0.0258806 0.0017949 0.0059902 0.0117082 0.1934992 0.0000000 0.0168796 0.0000000 0.0579853 0.0306629 0.0000000 0.0000000 0.0044050
159 N 159 0.0000000 0.0000000 0.1711571 0.1192946 0.0000000 0.0000000 0.0000000 0.0033819 0.0086877 0.0396170 0.1768230 0.0000000 0.0473070 0.2787063 0.0000000 0.0572279 0.0311478 0.0000000 0.0441961 0.0224534
160 Y 160 0.0000000 0.0090034 0.0332001 0.0000000 0.0516683 0.0228777 0.0000000 0.0000000 0.1173019 0.0000000 0.0000000 0.0000000 0.0000000 0.1039718 0.0000000 0.0293402 0.0154408 0.0000000 0.6171958 0.0000000
161 G 161 0.0292795 0.0474597 0.2822048 0.0256226 0.0000000 0.0050980 0.0687073 0.1526493 0.0203165 0.0000000 0.0000000 0.0912888 0.0167037 0.0758880 0.0116689 0.0882745 0.0605115 0.0152584 0.0000000 0.0090687
162 L 162 0.0149083 0.0000000 0.0088106 0.0000000 0.0000000 0.0000000 0.0029539 0.0000000 0.0000000 0.0161372 0.8146076 0.0023785 0.0542583 0.0554862 0.0000000 0.0000000 0.0045389 0.0000000 0.0000000 0.0259205
163 L 163 0.0000000 0.0021134 0.0000000 0.0000000 0.0305569 0.0000000 0.0000000 0.0055590 0.0000000 0.0893883 0.5137934 0.0036209 0.0128501 0.1668058 0.0048692 0.1336865 0.0071557 0.0043602 0.0091154 0.0161252
164 Y 164 0.1007878 0.1063898 0.0330209 0.0000000 0.0091564 0.0244185 0.0000000 0.0067960 0.1713868 0.0031910 0.0116003 0.0168631 0.0082469 0.0526669 0.0000000 0.2332631 0.0330397 0.0000000 0.1891727 0.0000000
165 C 165 0.0000000 0.0000000 0.0000000 0.0000000 0.9754058 0.0000000 0.0000000 0.0000000 0.0000000 0.0000000 0.0000000 0.0000000 0.0000000 0.0000000 0.0115649 0.0000000 0.0000000 0.0000000 0.0130293 0.0000000
166 F 166 0.0075119 0.0000000 0.0000000 0.0000000 0.0000000 0.0000000 0.0076637 0.0000000 0.0000000 0.0219995 0.4479302 0.0000000 0.0043669 0.4924489 0.0000000 0.0000000 0.0000000 0.0000000 0.0000000 0.0180790
167 R 167 0.0000000 0.4529376 0.0183471 0.0542396 0.0000000 0.0066619 0.0080252 0.0231552 0.0622606 0.0000000 0.0251118 0.2814968 0.0000000 0.0142274 0.0000000 0.0105865 0.0045943 0.0000000 0.0298049 0.0085511
168 K 168 0.0000000 0.3636530 0.0665512 0.0078867 0.0000000 0.0076460 0.0000000 0.0142437 0.0078902 0.0043547 0.0046263 0.3719228 0.0000000 0.0000000 0.0000000 0.0490171 0.0000000 0.0000000 0.0319951 0.0702132
169 D 169 0.0028550 0.0000000 0.0218710 0.9561375 0.0000000 0.0000000 0.0144760 0.0000000 0.0046605 0.0000000 0.0000000 0.0000000 0.0000000 0.0000000 0.0000000 0.0000000 0.0000000 0.0000000 0.0000000 0.0000000
170 M 170 0.1464109 0.0000000 0.0000000 0.0000000 0.0037549 0.0000000 0.0000000 0.0099991 0.0000000 0.0655441 0.0539866 0.0000000 0.2324243 0.0279805 0.0000000 0.3046235 0.1552760 0.0000000 0.0000000 0.0000000
171 D 171 0.0000000 0.0906058 0.0781610 0.0729333 0.0000000 0.0541628 0.0308171 0.0065252 0.4917655 0.0000000 0.0134489 0.0785087 0.0000000 0.0356583 0.0000000 0.0228891 0.0000000 0.0000000 0.0245243 0.0000000
172 K 172 0.0000000 0.0310687 0.0080255 0.0039808 0.0000000 0.0000000 0.0091151 0.0000000 0.0091332 0.0104721 0.0000000 0.7865367 0.0456863 0.0248863 0.0000000 0.0054842 0.0340962 0.0000000 0.0315149 0.0000000
173 V 173 0.0179935 0.0000000 0.0000000 0.0000000 0.0000000 0.0000000 0.0000000 0.0000000 0.0000000 0.2885767 0.0200744 0.0000000 0.0658295 0.0120335 0.0000000 0.0000000 0.0374731 0.0000000 0.0000000 0.5580193
174 E 174 0.0508344 0.0000000 0.0169958 0.3560534 0.0000000 0.0394220 0.3696790 0.0071695 0.0093361 0.0111299 0.0362061 0.0343776 0.0000000 0.0000000 0.0000000 0.0285180 0.0088942 0.0000000 0.0049577 0.0264263
175 T 175 0.0134274 0.0040349 0.1182116 0.0289455 0.0052027 0.0000000 0.0000000 0.0070601 0.0239278 0.0718943 0.0466814 0.0017245 0.0554594 0.0413029 0.0000000 0.1332448 0.4310532 0.0000000 0.0150717 0.0027577
176 F 176 0.0153895 0.0000000 0.0168203 0.0000000 0.0171101 0.0079492 0.0000000 0.0000000 0.0497814 0.0037828 0.0357071 0.0077032 0.0000000 0.2856977 0.0000000 0.0099140 0.0000000 0.0000000 0.5501445 0.0000000
177 L 177 0.0000000 0.0000000 0.0000000 0.0000000 0.0000000 0.0000000 0.0000000 0.0000000 0.0000000 0.0538493 0.8426313 0.0000000 0.0045481 0.0100924 0.0000000 0.0000000 0.0363398 0.0000000 0.0000000 0.0525391
178 R 178 0.0000000 0.2082659 0.0646603 0.0035336 0.0017337 0.0137669 0.0382849 0.0000000 0.0080608 0.0000000 0.0000000 0.5427646 0.0099929 0.0050492 0.0000000 0.0314823 0.0676603 0.0000000 0.0047446 0.0000000
179 I 179 0.0255127 0.0000000 0.0000000 0.0073425 0.0000000 0.0000000 0.0057003 0.0000000 0.0113665 0.2218275 0.2439020 0.0000000 0.0575187 0.0346888 0.0000000 0.0000000 0.0350728 0.0071108 0.0076531 0.3423043
180 V 180 0.0899662 0.0000000 0.0000000 0.0000000 0.0000000 0.0000000 0.0000000 0.0000000 0.0000000 0.0204897 0.6671133 0.0000000 0.0824498 0.0055260 0.0000000 0.0000000 0.0046177 0.0000000 0.0000000 0.1298374
181 Q 181 0.0308257 0.2230770 0.0434088 0.0000000 0.0000000 0.0864989 0.0184409 0.0090938 0.0000000 0.0000000 0.0108545 0.5359919 0.0183483 0.0000000 0.0000000 0.0000000 0.0161176 0.0073425 0.0000000 0.0000000
182 C 182 0.0058938 0.0047619 0.0066511 0.0053493 0.9369620 0.0000000 0.0000000 0.0000000 0.0114949 0.0000000 0.0000000 0.0000000 0.0000000 0.0000000 0.0061551 0.0041332 0.0000000 0.0000000 0.0185987 0.0000000
183 R 183 0.0000000 0.7528909 0.0209903 0.0000000 0.0000000 0.0804036 0.0000000 0.0000000 0.0134984 0.0000000 0.0475592 0.0375929 0.0093294 0.0000000 0.0000000 0.0025118 0.0082582 0.0000000 0.0269654 0.0000000
184 S 184 0.0815662 0.0907110 0.0000000 0.0152100 0.0000000 0.0749812 0.0050285 0.0053695 0.0200126 0.2438131 0.0980801 0.0000000 0.0746689 0.0325128 0.0000000 0.1875441 0.0203586 0.0000000 0.0081433 0.0420002
185 V 185 0.1009967 0.0000000 0.0102083 0.0000000 0.0000000 0.0072767 0.0000000 0.0000000 0.0000000 0.1433410 0.0900646 0.0045406 0.0180324 0.0668533 0.0619392 0.0442094 0.1596454 0.0000000 0.0089291 0.2839634
186 E 186 0.0000000 0.0532671 0.0592840 0.1305003 0.0000000 0.0409884 0.3170499 0.0829773 0.1232719 0.0000000 0.0000000 0.1183381 0.0000000 0.0000000 0.0255151 0.0050443 0.0000000 0.0000000 0.0341754 0.0095882
187 G 187 0.0821955 0.0409684 0.2690786 0.0541997 0.0000000 0.0121755 0.0099929 0.1791862 0.0199453 0.0103530 0.0000000 0.1535620 0.0081741 0.0000000 0.0061557 0.1340496 0.0154934 0.0000000 0.0000000 0.0044702
188 S 188 0.0000000 0.0000000 0.4365465 0.1485421 0.0000000 0.0193801 0.0431323 0.0299357 0.0000000 0.0000000 0.0044283 0.0366737 0.0000000 0.0000000 0.0000000 0.2120837 0.0560712 0.0000000 0.0132063 0.0000000
189 C 189 0.0000000 0.0000000 0.0000000 0.0000000 0.9854441 0.0000000 0.0000000 0.0000000 0.0000000 0.0000000 0.0000000 0.0000000 0.0000000 0.0000000 0.0000000 0.0145559 0.0000000 0.0000000 0.0000000 0.0000000
