  191         A         R         N         D         C         Q         E         G         H         I         L         K         M         F         P         S         T         W         Y         V         X    
  1 F   1 0.0000000 0.0000000 0.0000000 0.0000000 0.0000000 0.0000000 0.0000000 0.0000000 0.0000000 0.0244585 0.0133581 0.0000000 0.0000000 0.0987086 0.0000000 0.0000000 0.0000000 0.0000000 0.0194414 0.0000000 0.8440333
  2 P   2 0.0000000 0.0000000 0.0000000 0.0000000 0.0000000 0.0033843 0.0000000 0.0000000 0.0000000 0.0000000 0.0000000 0.0000000 0.0000000 0.0000000 0.2493877 0.0000000 0.0000000 0.0000000 0.0000000 0.0000000 0.7472280
  3 T   3 0.0935358 0.0414955 0.0039013 0.0000000 0.0000000 0.0089888 0.0000000 0.0065909 0.0000000 0.0396009 0.0532710 0.0000000 0.0156314 0.0021728 0.0083614 0.0982010 0.0870941 0.0000000 0.0000000 0.0000000 0.5411550
  4 I   4 0.0039941 0.0000000 0.0000000 0.0075715 0.0000000 0.0000000 0.0175532 0.0000000 0.0000000 0.1978823 0.0758917 0.0031927 0.0818894 0.0046038 0.0101056 0.0000000 0.0618297 0.0000000 0.0000000 0.1766248 0.3588612
  5 P   5 0.0021984 0.0000000 0.0060338 0.0410089 0.0000000 0.0000000 0.0136192 0.0156639 0.0049522 0.0000000 0.0163719 0.0000000 0.0000000 0.0000000 0.3027131 0.3326768 0.0417218 0.0000000 0.0000000 0.0000000 0.2230401
  6 L   6 0.0063537 0.0056424 0.0197937 0.0000000 0.0000000 0.0323269 0.0060237 0.0067358 0.0000000 0.0824294 0.5228452 0.0063037 0.0048224 0.0190115 0.0000000 0.0296462 0.0587446 0.0000000 0.0054837 0.0256952 0.1681418
  7 S   7 0.0350778 0.0461115 0.0519851 0.0129315 0.0000000 0.0922049 0.1873566 0.0388956 0.0065973 0.0104743 0.0070734 0.0509473 0.0000000 0.0061543 0.0488757 0.2007713 0.0382304 0.0000000 0.0116031 0.0333054 0.1214045
  8 R   8 0.0103515 0.1508637 0.0590287 0.2488694 0.0046450 0.0000000 0.1185797 0.0314274 0.0153054 0.0056994 0.0000000 0.1154502 0.0000000 0.0000000 0.0000000 0.0842873 0.0093995 0.0101170 0.0139823 0.0043116 0.1176819
  9 L   9 0.0034102 0.0084180 0.0000000 0.0000000 0.0000000 0.0000000 0.0000000 0.0000000 0.0000000 0.0091148 0.7268217 0.0000000 0.0447346 0.0049994 0.0061105 0.0000000 0.0736838 0.0000000 0.0000000 0.0091949 0.1135122
 10 F  10 0.0000000 0.0000000 0.0000000 0.0000000 0.0000000 0.0000000 0.0000000 0.0000000 0.0000000 0.0041287 0.2513990 0.0000000 0.0030287 0.5373195 0.0000000 0.0000000 0.0000000 0.0054837 0.0715346 0.0117691 0.1153367
 11 D  11 0.0280852 0.0000000 0.1527847 0.3909008 0.0000000 0.0224222 0.0889266 0.0129799 0.0222481 0.0172470 0.0212659 0.0175982 0.0032501 0.0000000 0.0000000 0.0532970 0.0407393 0.0000000 0.0120541 0.0121107 0.1040904
 12 N  12 0.0000000 0.3165127 0.1819452 0.0406270 0.0035267 0.0301773 0.0072775 0.0000000 0.0898501 0.0474598 0.0437463 0.0122015 0.0255364 0.0000000 0.0037400 0.0585989 0.0086375 0.0035759 0.0254036 0.0000000 0.1011836
 13 A  13 0.6878147 0.0000000 0.0000000 0.0020839 0.0000000 0.0000000 0.0000000 0.0068375 0.0000000 0.0096527 0.0203996 0.0000000 0.0000000 0.0033533 0.0000000 0.0000000 0.0322534 0.0000000 0.0000000 0.1370882 0.1005166
 14 M  14 0.0347440 0.0000000 0.0048224 0.0000000 0.0000000 0.0000000 0.0000000 0.0245129 0.0107405 0.1989932 0.0249729 0.0000000 0.1173787 0.0039946 0.0000000 0.0889042 0.0988353 0.0000000 0.0000000 0.2915846 0.1005166
 15 L  15 0.0050474 0.0437547 0.0297535 0.0039307 0.0000000 0.2187093 0.0444222 0.0188578 0.0119856 0.1050171 0.1265081 0.0434461 0.0363709 0.0226602 0.0091438 0.1038750 0.0396977 0.0089418 0.0000000 0.0273613 0.1005166
 16 R  16 0.0000000 0.2638920 0.0000000 0.0000000 0.0041828 0.0597977 0.0017654 0.0020422 0.1318304 0.0434091 0.2726381 0.0266638 0.0310074 0.0000000 0.0000000 0.0075229 0.0126204 0.0000000 0.0000000 0.0421112 0.1005166
 17 A  17 0.3482258 0.0000000 0.0000000 0.0000000 0.0000000 0.0000000 0.0000000 0.0039547 0.0000000 0.0128557 0.0074240 0.0000000 0.0000000 0.0000000 0.0000000 0.4563668 0.0111860 0.0000000 0.0000000 0.0607047 0.0992823
 18 H  18 0.0147989 0.0197861 0.0206685 0.0761877 0.0000000 0.2002592 0.1829053 0.0232179 0.2741378 0.0000000 0.0000000 0.0155002 0.0061105 0.0000000 0.0000000 0.0242454 0.0071985 0.0079514 0.0322709 0.0000000 0.0947615
 19 R  19 0.0079254 0.1318158 0.1348346 0.0583025 0.0024110 0.0347746 0.0298240 0.0053618 0.1397258 0.0114796 0.0811322 0.0594413 0.0041250 0.0062102 0.0000000 0.0233893 0.0463887 0.0000000 0.1111720 0.0169246 0.0947615
 20 L  20 0.0329574 0.0000000 0.0113320 0.0000000 0.0000000 0.0000000 0.0000000 0.0000000 0.0000000 0.3361223 0.3196090 0.0000000 0.0788744 0.0305029 0.0000000 0.0027507 0.0708367 0.0000000 0.0000000 0.0224612 0.0945534
 21 H  21 0.0079515 0.0406887 0.0638528 0.0000000 0.0047270 0.0172267 0.0000000 0.0031367 0.4701446 0.0000000 0.0238312 0.0079514 0.0034071 0.0142588 0.0000000 0.0945139 0.0249098 0.0000000 0.1293237 0.0035248 0.0905514
 22 Q  22 0.0213599 0.0880085 0.1369911 0.0416781 0.0000000 0.1476847 0.0341355 0.0151593 0.0346130 0.0491975 0.0776493 0.0447428 0.0125064 0.0217000 0.0000000 0.1163314 0.0385036 0.0000000 0.0055586 0.0236288 0.0905514
 23 L  23 0.0000000 0.0172057 0.0000000 0.0000000 0.0000000 0.0208235 0.0286307 0.0040020 0.0266767 0.0384756 0.6288898 0.0079182 0.0149397 0.0044254 0.0015622 0.0000000 0.0053618 0.0000000 0.0054837 0.1083402 0.0872647
 24 A  24 0.3820308 0.0000000 0.0255492 0.0047883 0.0000000 0.0000000 0.0000000 0.0085964 0.0000000 0.0226270 0.0000000 0.0000000 0.0000000 0.0000000 0.0000000 0.3597266 0.0653480 0.0000000 0.0128296 0.0312394 0.0872647
 25 F  25 0.1391745 0.0369373 0.0180127 0.0448810 0.0000000 0.0592460 0.0798783 0.0114769 0.0067824 0.0548011 0.0124218 0.0101430 0.0233460 0.0833167 0.0000000 0.1872948 0.1309689 0.0026581 0.0021892 0.0092066 0.0872647
 26 D  26 0.0197882 0.0410450 0.0020064 0.2298140 0.0000000 0.0679975 0.3122689 0.0087929 0.0067824 0.0531766 0.0057944 0.0915765 0.0084827 0.0000000 0.0000000 0.0191033 0.0372727 0.0000000 0.0000000 0.0088338 0.0872647
 27 T  27 0.0353434 0.0032495 0.0000000 0.0000000 0.0025167 0.0000000 0.0000000 0.0000000 0.0000000 0.0861765 0.2684222 0.0000000 0.2460789 0.0133069 0.0000000 0.0640044 0.1555022 0.0000000 0.0083683 0.0298340 0.0871970
 28 Y  28 0.0000000 0.0643522 0.0065973 0.0000000 0.0642946 0.0040323 0.0000000 0.0000000 0.0490496 0.0139761 0.0502549 0.0133123 0.0072525 0.2549238 0.0000000 0.0487821 0.0593517 0.0000000 0.2631885 0.0075679 0.0930642
 29 Q  29 0.0197269 0.0728076 0.1470486 0.0072031 0.0000000 0.1667957 0.0233155 0.0032004 0.0267862 0.0276525 0.0133123 0.1157037 0.0124212 0.0051684 0.0018527 0.0987783 0.1222272 0.0048624 0.0000000 0.0366797 0.0944573
 30 E  30 0.0032662 0.0042328 0.0099944 0.1741636 0.0000000 0.0020413 0.5043534 0.0057033 0.0160298 0.0442640 0.0782770 0.0307500 0.0125028 0.0000000 0.0000000 0.0000000 0.0113247 0.0000000 0.0000000 0.0086395 0.0944573
 31 F  31 0.0000000 0.0000000 0.0000000 0.0000000 0.0000000 0.0000000 0.0000000 0.0000000 0.0000000 0.0097420 0.1313277 0.0000000 0.0030238 0.7164784 0.0000000 0.0040020 0.0000000 0.0000000 0.0388202 0.0054837 0.0911222
 32 E  32 0.0111957 0.0000000 0.0442743 0.2519462 0.0000000 0.0000000 0.3695944 0.0117876 0.0000000 0.0139181 0.0409164 0.0143212 0.0083773 0.0331831 0.0000000 0.0020821 0.0193875 0.0000000 0.0605974 0.0125445 0.1058741
 33 E  33 0.0153961 0.0807167 0.0324541 0.0327975 0.0000000 0.0583081 0.2471919 0.0121581 0.0377507 0.0211930 0.0220687 0.0866008 0.0320696 0.0017562 0.0057033 0.1312857 0.0508152 0.0000000 0.0111819 0.0115167 0.1090356
 34 A  34 0.0671654 0.0368240 0.1392385 0.0507366 0.0000000 0.0814913 0.0263801 0.0036550 0.0818510 0.0000000 0.0292037 0.0908596 0.0599103 0.0160298 0.0090269 0.0828796 0.0735625 0.0000000 0.0389026 0.0000000 0.1122832
 35 Y  35 0.0041287 0.0185728 0.0105388 0.0034531 0.0203348 0.0417515 0.0212727 0.0066741 0.0074579 0.0087941 0.1091091 0.0032137 0.0072728 0.2135733 0.0128157 0.0123953 0.0000000 0.0054090 0.3498224 0.0308612 0.1125493
 36 I  36 0.1604715 0.0078095 0.0000000 0.0194101 0.0097420 0.0482925 0.0000000 0.0181348 0.0110401 0.1743898 0.0623746 0.0000000 0.0084589 0.1102045 0.0611629 0.0943287 0.0192680 0.0000000 0.0000000 0.0723426 0.1225694
 37 P  37 0.0033733 0.0099111 0.0000000 0.0034220 0.0000000 0.1373092 0.0207869 0.0062102 0.0126645 0.0065402 0.0384090 0.0038588 0.0048224 0.0000000 0.3580135 0.1553808 0.0448311 0.0000000 0.0196843 0.0049866 0.1697960
 38 K  38 0.0089664 0.0083341 0.0243013 0.0767318 0.0075452 0.0017084 0.1339454 0.1539055 0.0000000 0.0101799 0.0077690 0.0971314 0.0068897 0.0477420 0.0036343 0.1356528 0.0092080 0.0000000 0.0064202 0.0079310 0.2520037
 39 E  39 0.0089629 0.1100291 0.0066741 0.0837533 0.0000000 0.0244841 0.1534333 0.0744570 0.0133904 0.0193483 0.0110792 0.1082306 0.0041525 0.0110494 0.0699053 0.0271338 0.0070000 0.0000000 0.0000000 0.0051757 0.2617410
 40 Q  40 0.0000000 0.0778707 0.0515105 0.0248977 0.0000000 0.2568173 0.0233319 0.0859299 0.0178946 0.0202544 0.1056039 0.0237110 0.0228099 0.0059975 0.0062102 0.0000000 0.0000000 0.0057650 0.0000000 0.0107233 0.2606723
 41 K  41 0.0000000 0.2622035 0.0133162 0.0000000 0.0000000 0.0238630 0.0000000 0.0184409 0.0202999 0.0168145 0.0112959 0.1453167 0.0065577 0.1382533 0.0041098 0.0096637 0.0000000 0.0026905 0.0615837 0.0126102 0.2529806
 42 Y  42 0.0211376 0.0414682 0.0245814 0.0115446 0.0000000 0.1007011 0.0042328 0.0067178 0.1006551 0.0578553 0.0645678 0.0103048 0.0068596 0.0313862 0.0032190 0.0420577 0.0265093 0.0270358 0.1401049 0.0429711 0.2360899
 43 S  43 0.0143241 0.0048624 0.0081904 0.0640891 0.0000000 0.0822297 0.0000000 0.0563717 0.0091414 0.0395723 0.1003007 0.0318473 0.0051415 0.0659630 0.0196354 0.1877101 0.0305018 0.0000000 0.0000000 0.0293337 0.2507854
 44 F  44 0.0054309 0.0597535 0.1382043 0.0000000 0.0112098 0.0215356 0.0353309 0.0403764 0.0110759 0.0099241 0.0548327 0.0481422 0.0017993 0.1036916 0.0163323 0.0414791 0.0174288 0.0494552 0.0044254 0.0198838 0.3096882
 45 L  45 0.0190635 0.0213975 0.0205398 0.0000000 0.0000000 0.0147844 0.0181639 0.0000000 0.0000000 0.0614211 0.1730951 0.0884414 0.0460057 0.0544626 0.0059594 0.0170950 0.0251451 0.0098541 0.0688803 0.0708757 0.2848153
 46 Q  46 0.0118926 0.1040105 0.0110253 0.0000000 0.0000000 0.0791123 0.0072372 0.0019309 0.0665728 0.1609504 0.0513490 0.0742630 0.0244910 0.0125185 0.0040323 0.1020430 0.0282810 0.0000000 0.0197596 0.0430890 0.1974418
 47 N  47 0.0238339 0.0147989 0.2169413 0.1228521 0.0049167 0.0137407 0.0126101 0.0456807 0.0000000 0.0168979 0.0196351 0.0711063 0.0587263 0.0693503 0.0119135 0.0318366 0.0343612 0.0000000 0.0074622 0.0441301 0.1792061
 48 P  48 0.0243549 0.1623337 0.0191230 0.0000000 0.0000000 0.0427476 0.0032707 0.0048299 0.0054309 0.0061780 0.0786723 0.1683230 0.0000000 0.0184094 0.1685638 0.0780558 0.0287259 0.0039946 0.0023591 0.0000000 0.1846274
 49 Q  49 0.1975420 0.0997726 0.0455674 0.0036301 0.0042635 0.1406792 0.0121771 0.0151303 0.0144468 0.0344848 0.0054997 0.0196488 0.0176238 0.0093682 0.0419389 0.0524633 0.0391567 0.0000000 0.0095936 0.0042134 0.2327999
 50 T  50 0.0569923 0.0215877 0.0105595 0.0031999 0.0000000 0.0176269 0.0033351 0.1104794 0.0000000 0.0394256 0.1553934 0.0041085 0.0100680 0.0119666 0.1102632 0.0383875 0.1483898 0.0000000 0.0039582 0.0472741 0.2069841
 51 S  51 0.0668096 0.0179039 0.1217891 0.0554891 0.0032190 0.0000000 0.0033317 0.0076936 0.0072061 0.0107220 0.0257445 0.0550341 0.0495488 0.0149180 0.0175102 0.2156591 0.1030723 0.0138856 0.0348827 0.0124021 0.1631784
 52 L  52 0.0463557 0.0389371 0.0055748 0.0133349 0.0176083 0.0081684 0.0000000 0.0170682 0.0129535 0.0164644 0.0976962 0.0249668 0.0729675 0.1416299 0.0245538 0.1733554 0.0667393 0.0000000 0.0645442 0.0172996 0.1397820
 53 C  53 0.0000000 0.0000000 0.0000000 0.0000000 0.8930435 0.0000000 0.0000000 0.0000000 0.0133267 0.0000000 0.0000000 0.0000000 0.0000000 0.0042102 0.0000000 0.0000000 0.0000000 0.0051417 0.0000000 0.0000000 0.0842780
 54 F  54 0.0164137 0.0024806 0.0778359 0.0000000 0.0041555 0.0142570 0.0000000 0.0032754 0.5224966 0.0325615 0.0116083 0.0000000 0.0060237 0.1127618 0.0292307 0.0201794 0.0131280 0.0000000 0.0493140 0.0000000 0.0842780
 55 S  55 0.0076091 0.0065973 0.0295642 0.0035847 0.0000000 0.0000000 0.0000000 0.0000000 0.0000000 0.0000000 0.0097420 0.0156875 0.0032754 0.0000000 0.0267876 0.3057508 0.5071235 0.0000000 0.0000000 0.0000000 0.0842780
 56 E  56 0.1244016 0.0037467 0.0711284 0.1162556 0.0000000 0.0000000 0.1200174 0.0086477 0.0000000 0.0100954 0.0072968 0.0657986 0.0030157 0.0191878 0.0123773 0.2339550 0.0376220 0.0000000 0.0500881 0.0087052 0.1076605
 57 S  57 0.0572540 0.0104562 0.0165473 0.0080360 0.0000000 0.0000000 0.0000000 0.0165298 0.0049973 0.0059496 0.0252277 0.0000000 0.0000000 0.0365583 0.0329415 0.5248417 0.1065484 0.0000000 0.0474390 0.0142649 0.0924082
 58 I  58 0.0000000 0.0189978 0.0029336 0.0000000 0.0000000 0.0000000 0.0000000 0.0000000 0.0000000 0.3695541 0.3069154 0.0000000 0.0243394 0.0672941 0.0000000 0.0120002 0.0441923 0.0062102 0.0097420 0.0454127 0.0924082
 59 P  59 0.0528620 0.0193202 0.0656374 0.0176449 0.0000000 0.0655363 0.0239188 0.0000000 0.0848115 0.0465840 0.0486559 0.0489453 0.0030238 0.0037400 0.2737597 0.0706786 0.0643374 0.0000000 0.0027507 0.0084233 0.0993704
 60 T  60 0.0869719 0.0165859 0.0041624 0.0000000 0.0049167 0.0000000 0.0000000 0.0057944 0.0000000 0.1169334 0.0319086 0.0047270 0.0056846 0.0081049 0.0276856 0.0854280 0.4392981 0.0000000 0.0022530 0.0593689 0.1001766
 61 P  61 0.0129619 0.0000000 0.0000000 0.0057033 0.0000000 0.0000000 0.0000000 0.0000000 0.0000000 0.0000000 0.0048299 0.0000000 0.0000000 0.0000000 0.8195448 0.0280629 0.0075715 0.0000000 0.0000000 0.0000000 0.1213258
 62 S  62 0.0256787 0.0000000 0.1223254 0.0250393 0.0000000 0.0229595 0.2269519 0.0273511 0.0031448 0.0663628 0.0323379 0.0322157 0.0093355 0.0089936 0.0041624 0.1125020 0.1201249 0.0000000 0.0089689 0.0277393 0.1238064
 63 N  63 0.0000000 0.0159710 0.2315443 0.2344170 0.0000000 0.0000000 0.0352842 0.1175679 0.0163631 0.0120455 0.0000000 0.0183675 0.0000000 0.0000000 0.0287598 0.1252276 0.0408264 0.0000000 0.0000000 0.0040084 0.1196175
 64 R  64 0.0000000 0.0937177 0.0149811 0.0000000 0.0000000 0.0134418 0.0184286 0.0338418 0.0039946 0.0154941 0.0269304 0.5488868 0.0685759 0.0000000 0.0043116 0.0207653 0.0179999 0.0042102 0.0000000 0.0071118 0.1073083
 65 E  65 0.0122440 0.0396651 0.0143801 0.1503134 0.0000000 0.0207281 0.3824378 0.0229908 0.0596619 0.0196098 0.0041618 0.0296765 0.0000000 0.0000000 0.0153727 0.0711623 0.0442189 0.0000000 0.0050049 0.0022169 0.1061550
 66 E  66 0.0049992 0.0191889 0.0388134 0.0425815 0.0000000 0.2324172 0.3965891 0.0198292 0.0103527 0.0176505 0.0000000 0.0867170 0.0000000 0.0000000 0.0000000 0.0000000 0.0132783 0.0000000 0.0091248 0.0042151 0.1042430
 67 T  67 0.3726465 0.0049994 0.0053618 0.0000000 0.0049167 0.0000000 0.0059453 0.0063646 0.0293443 0.1081296 0.0068105 0.0000000 0.0058801 0.0039946 0.0128012 0.0297748 0.2068914 0.0000000 0.0096721 0.0719243 0.1145428
 68 Q  68 0.0138607 0.0579599 0.0000000 0.0000000 0.0000000 0.4261761 0.0419944 0.0048911 0.0667262 0.0174377 0.1951707 0.0158529 0.0057035 0.0000000 0.0152951 0.0061878 0.0000000 0.0000000 0.0000000 0.0138950 0.1188491
 69 Q  69 0.0235859 0.1067384 0.0637440 0.0147684 0.0000000 0.3924997 0.0546121 0.0067367 0.0185029 0.0000000 0.0198837 0.1579961 0.0047516 0.0000000 0.0000000 0.0075107 0.0245297 0.0000000 0.0000000 0.0174830 0.0866571
 70 K  70 0.0086291 0.0436834 0.0103921 0.0151038 0.0000000 0.0044211 0.0000000 0.0000000 0.0000000 0.2394233 0.0385059 0.1343218 0.0891996 0.0151254 0.0000000 0.0958733 0.1276593 0.0000000 0.0000000 0.0894247 0.0882374
 71 S  71 0.0149863 0.0089690 0.0531488 0.0250376 0.0000000 0.0527825 0.0681932 0.0000000 0.0671943 0.0000000 0.0157197 0.0931025 0.0000000 0.0000000 0.0702717 0.3929203 0.0498519 0.0000000 0.0000000 0.0000000 0.0878223
 72 N  72 0.0017073 0.0287910 0.1367442 0.1697865 0.0000000 0.0196888 0.0820122 0.0224390 0.0321510 0.0446764 0.0514070 0.0093609 0.0111014 0.0323459 0.0623690 0.0494988 0.0519768 0.0000000 0.0266252 0.0805790 0.0867397
 73 L  73 0.0231617 0.0115636 0.0271349 0.0340331 0.0000000 0.0102789 0.2962917 0.0116110 0.0058678 0.0229424 0.1496163 0.1464792 0.0414534 0.0000000 0.0167699 0.0640643 0.0065494 0.0000000 0.0000000 0.0539243 0.0782582
 74 E  74 0.0469278 0.0083878 0.0072531 0.2742347 0.0000000 0.0105657 0.2404814 0.0094492 0.0000000 0.0075861 0.0125039 0.0972385 0.0000000 0.0224390 0.0000000 0.0246599 0.0166750 0.0801510 0.0039642 0.0692110 0.0682715
 75 L  75 0.0000000 0.0000000 0.0000000 0.0000000 0.0000000 0.0000000 0.0000000 0.0000000 0.0047270 0.0126242 0.7535119 0.0000000 0.0125234 0.0818189 0.0097420 0.0000000 0.0046450 0.0000000 0.0569236 0.0026905 0.0607935
 76 L  76 0.0031435 0.0125039 0.0000000 0.0000000 0.0000000 0.0000000 0.0000000 0.0000000 0.0000000 0.0427386 0.6953835 0.0026201 0.0273323 0.0042328 0.0303375 0.0513953 0.0290008 0.0000000 0.0097420 0.0246657 0.0669040
 77 R  77 0.0051989 0.1468067 0.0829170 0.0000000 0.0022684 0.0274242 0.0338842 0.0103662 0.1278051 0.0439040 0.0184693 0.2980538 0.0076000 0.0000000 0.0000000 0.1117590 0.0065865 0.0047883 0.0113749 0.0000000 0.0607935
 78 I  78 0.0195012 0.0055254 0.0096675 0.0000000 0.0000000 0.0000000 0.0224390 0.0030714 0.0000000 0.1756451 0.2475674 0.0000000 0.0745424 0.0613863 0.0000000 0.1322884 0.0401683 0.0603220 0.0062876 0.0758340 0.0657541
 79 S  79 0.0719848 0.0000000 0.0000000 0.0202280 0.0000000 0.0000000 0.0000000 0.0213460 0.0000000 0.2006958 0.0606681 0.0000000 0.0458885 0.0000000 0.0000000 0.2595908 0.0701206 0.0000000 0.0000000 0.1886838 0.0607935
 80 L  80 0.0116259 0.0804550 0.0133849 0.0027960 0.0033317 0.0067743 0.0069242 0.0074445 0.0172370 0.2002855 0.4256250 0.0128982 0.0181754 0.0256693 0.0000000 0.0293691 0.0000000 0.0000000 0.0495862 0.0276246 0.0607935
 81 L  81 0.0123304 0.1319932 0.0959854 0.0059453 0.0019545 0.0224531 0.0062102 0.0274249 0.0253203 0.0411139 0.1200500 0.0372711 0.0903785 0.0061040 0.0000000 0.2138112 0.0419203 0.0000000 0.0068920 0.0520481 0.0607935
 82 L  82 0.0000000 0.0303375 0.0104860 0.0000000 0.0000000 0.0000000 0.0000000 0.0000000 0.0000000 0.1140037 0.5996268 0.0000000 0.0405283 0.0529258 0.0000000 0.0000000 0.0148054 0.0000000 0.0125051 0.0646919 0.0600896
 83 I  83 0.0000000 0.0029436 0.0000000 0.0000000 0.0000000 0.0000000 0.0000000 0.0000000 0.0000000 0.1972884 0.4165286 0.0000000 0.0564114 0.0000000 0.0049790 0.0476082 0.0236393 0.0000000 0.0000000 0.1938762 0.0567253
 84 Q  84 0.0170910 0.1019769 0.0295402 0.0324854 0.0046450 0.3086906 0.1046643 0.0916250 0.0572791 0.0155275 0.0418001 0.0092070 0.0027275 0.0044808 0.0000000 0.0237597 0.0042248 0.0163740 0.0636536 0.0178227 0.0524246
 85 S  85 0.3140805 0.0000000 0.0000000 0.0029068 0.0105390 0.0000000 0.0000000 0.0197025 0.0000000 0.0000000 0.0100737 0.0000000 0.0057762 0.0324719 0.0049167 0.5227845 0.0065973 0.0154820 0.0000000 0.0041098 0.0505590
 86 W  86 0.0000000 0.0054304 0.0000000 0.0000000 0.0000000 0.0000000 0.0000000 0.0000000 0.0000000 0.0000000 0.0104860 0.0000000 0.0000000 0.0000000 0.0000000 0.0086314 0.0000000 0.9146706 0.0000000 0.0000000 0.0607816
 87 L  87 0.0157769 0.0251390 0.1571697 0.0374200 0.0000000 0.0191262 0.1673619 0.0031427 0.0191652 0.1325621 0.1491827 0.0696423 0.0193685 0.0068450 0.0000000 0.0293681 0.0535037 0.0000000 0.0115651 0.0291730 0.0544879
 88 E  88 0.0000000 0.0340362 0.1091997 0.1901863 0.0000000 0.0050722 0.2303915 0.0242566 0.0117116 0.0051660 0.0025456 0.0595261 0.0000000 0.0609886 0.0057755 0.0982001 0.0409773 0.0000000 0.0427135 0.0240756 0.0551778
 89 P  89 0.0136511 0.0000000 0.0043308 0.0000000 0.0046450 0.0000000 0.0000000 0.0000000 0.0000000 0.0000000 0.0085118 0.0000000 0.0000000 0.0000000 0.8375982 0.0301831 0.0465920 0.0000000 0.0000000 0.0000000 0.0544879
 90 V  90 0.0076442 0.0000000 0.0000000 0.0000000 0.0000000 0.0000000 0.0000000 0.0000000 0.0000000 0.0139385 0.6445195 0.0000000 0.0220558 0.0099957 0.0037400 0.0903737 0.0000000 0.0000000 0.0000000 0.1462648 0.0614678
 91 Q  91 0.0263127 0.0767327 0.0364629 0.0284362 0.0089691 0.1740560 0.0176635 0.0061695 0.0508271 0.0048833 0.0485184 0.1002922 0.0210902 0.0539432 0.0000000 0.0429332 0.0153959 0.0091680 0.1234229 0.0876557 0.0670670
 92 F  92 0.0176543 0.0029411 0.0366868 0.0543056 0.0000000 0.0522076 0.0059453 0.0000000 0.3714974 0.0168163 0.0512209 0.0066587 0.0087988 0.1144301 0.0022133 0.0345642 0.0388230 0.0000000 0.0752453 0.0336177 0.0763735
 93 L  93 0.0113320 0.0067186 0.0000000 0.0000000 0.0000000 0.0000000 0.0000000 0.0000000 0.0000000 0.0346563 0.7643549 0.0000000 0.0236172 0.0341575 0.0021566 0.0000000 0.0000000 0.0000000 0.0000000 0.0486722 0.0743347
 94 R  94 0.0333739 0.0680380 0.0140580 0.0000000 0.0019287 0.0932854 0.0169036 0.0157368 0.0228697 0.0648797 0.0317012 0.0236702 0.0082209 0.0000000 0.0033063 0.1822913 0.0071066 0.0120166 0.0069016 0.3040643 0.0896471
 95 S  95 0.0894239 0.0556677 0.0690703 0.0135049 0.0000000 0.0252060 0.0056994 0.0580230 0.0162362 0.0530095 0.0118577 0.0434430 0.0078759 0.0000000 0.0057346 0.2571603 0.1879357 0.0100304 0.0000000 0.0035267 0.0865950
 96 V  96 0.0801404 0.0028445 0.0426508 0.0111917 0.0000000 0.0211726 0.2795827 0.0260672 0.0159514 0.0347314 0.0308681 0.0034531 0.0645568 0.0000000 0.0032495 0.0973968 0.0748958 0.0000000 0.0000000 0.1090478 0.1021995
 97 F  97 0.0234749 0.0000000 0.0000000 0.0000000 0.0000000 0.0035850 0.0026232 0.0034437 0.0064895 0.0418642 0.2933925 0.0229119 0.0945075 0.1632509 0.0408059 0.0251465 0.0033332 0.0000000 0.0019597 0.1198344 0.1533768
 98 A  98 0.2228119 0.0366203 0.0047579 0.0729199 0.0054837 0.0247813 0.1017024 0.0525927 0.0300913 0.0000000 0.0157234 0.0046450 0.0032023 0.0000000 0.0512118 0.1688066 0.0676911 0.0000000 0.0000000 0.0212049 0.1157536
 99 N  99 0.2488819 0.0337463 0.2559379 0.0576030 0.0000000 0.0049240 0.0033482 0.0099947 0.0560149 0.0019389 0.0036304 0.0020568 0.0191316 0.0029588 0.0080552 0.0826783 0.0487220 0.0000000 0.0000000 0.0590439 0.1013333
100 S 100 0.0000000 0.0107607 0.0495168 0.0095846 0.0000000 0.0083952 0.0019845 0.0000000 0.0384339 0.0061117 0.0679950 0.0076997 0.0241060 0.0049498 0.2937561 0.2955887 0.0515276 0.0000000 0.0157002 0.0041810 0.1097084
101 L 101 0.0000000 0.0062876 0.0162808 0.2699124 0.0000000 0.0660394 0.1455138 0.0126677 0.0214183 0.0044254 0.2128051 0.0150294 0.0113690 0.0154482 0.0403411 0.0237126 0.0131850 0.0000000 0.0118154 0.0061860 0.1075629
102 V 102 0.1241674 0.0110448 0.0523231 0.0574949 0.0000000 0.0000000 0.0312909 0.0601256 0.0000000 0.0175730 0.0608180 0.0149776 0.0319392 0.0058782 0.0757938 0.0597412 0.1440921 0.0000000 0.0085772 0.1354454 0.1087178
103 Y 103 0.0112843 0.0027265 0.0000000 0.0037956 0.0032762 0.0020429 0.0000000 0.0355478 0.1078628 0.3138798 0.1026660 0.0000000 0.0589700 0.1120312 0.0024555 0.0251932 0.0089737 0.0000000 0.0659860 0.0571893 0.0861190
104 G 104 0.0050722 0.0169169 0.0137698 0.0162568 0.0000000 0.0130146 0.0031910 0.1157858 0.0068531 0.1136033 0.3378926 0.0000000 0.0368843 0.0022015 0.1307387 0.0838211 0.0126360 0.0000000 0.0000000 0.0116487 0.0797134
105 A 105 0.1132695 0.0074445 0.0905511 0.0126090 0.0047270 0.0175714 0.0138819 0.0283446 0.0000000 0.0208639 0.0077742 0.0319832 0.0000000 0.0194947 0.0221793 0.3565000 0.1218480 0.0196052 0.0000000 0.0337649 0.0775876
106 S 106 0.0062920 0.1207006 0.0362859 0.0000000 0.0000000 0.0560217 0.0092471 0.0040091 0.0000000 0.0220806 0.0623646 0.3513095 0.0000000 0.0027265 0.0348013 0.2116750 0.0096229 0.0000000 0.0000000 0.0088864 0.0639767
107 D 107 0.4073615 0.0477593 0.0584439 0.1033963 0.0000000 0.0044499 0.0073921 0.0224657 0.0097899 0.0046755 0.0000000 0.0036264 0.0000000 0.0062962 0.0115784 0.0696627 0.0910387 0.0000000 0.0068037 0.0637495 0.0815103
108 S 108 0.0185683 0.1118447 0.0993438 0.0080079 0.0018528 0.0233005 0.0338327 0.0153391 0.0000000 0.0346225 0.0373347 0.2826709 0.0145580 0.0062212 0.0000000 0.1100926 0.0934382 0.0057755 0.0020650 0.0321852 0.0689463
109 N 109 0.0439594 0.0094791 0.0663392 0.1366019 0.0000000 0.1175102 0.2469258 0.0164232 0.0079834 0.0031910 0.0377520 0.0153036 0.0079907 0.0270522 0.0018356 0.0121129 0.0106163 0.0754276 0.0033661 0.0039805 0.1561494
110 V 110 0.0061096 0.0000000 0.0292991 0.0160535 0.0000000 0.0000000 0.0000000 0.0000000 0.0000000 0.5174707 0.0710272 0.0000000 0.0637950 0.0032501 0.0000000 0.0199666 0.0057033 0.0000000 0.0038588 0.2097019 0.0537642
111 Y 111 0.0250251 0.0270621 0.0184158 0.0191226 0.0000000 0.0452934 0.2548317 0.0175224 0.0103138 0.0000000 0.0142070 0.0879832 0.0145860 0.0170257 0.0052307 0.2038988 0.0206930 0.0000000 0.1483414 0.0239354 0.0465123
112 D 112 0.0516807 0.0455801 0.0869849 0.0922646 0.0000000 0.0168695 0.3822628 0.0102283 0.0294911 0.0000000 0.0147149 0.0719763 0.0019357 0.0000000 0.0276974 0.0346796 0.0678836 0.0000000 0.0128079 0.0064303 0.0465123
113 L 113 0.0075847 0.0764820 0.0648249 0.0000000 0.0000000 0.0883549 0.0046160 0.0202524 0.0165731 0.0102869 0.0706843 0.4761336 0.0627162 0.0000000 0.0000000 0.0108297 0.0031407 0.0000000 0.0378573 0.0031511 0.0465123
114 L 114 0.0148726 0.0000000 0.1904213 0.0046033 0.0000000 0.0062102 0.0000000 0.0000000 0.0068350 0.1256940 0.3803596 0.0087507 0.0203530 0.0167247 0.0000000 0.0604462 0.0594982 0.0000000 0.0000000 0.0587188 0.0465123
115 K 115 0.0557927 0.1212748 0.0284074 0.0256270 0.0000000 0.1029705 0.0491012 0.0089968 0.0403487 0.0388438 0.0511012 0.2870830 0.0165061 0.0031511 0.0097681 0.0696522 0.0321151 0.0034437 0.0000000 0.0057234 0.0500933
116 D 116 0.0227883 0.0656497 0.0336605 0.1872936 0.0000000 0.0651033 0.2695860 0.0441840 0.0152752 0.0311062 0.0084904 0.0578651 0.0075388 0.0000000 0.0000000 0.0823339 0.0129901 0.0000000 0.0112820 0.0341254 0.0507276
117 L 117 0.0000000 0.0000000 0.0000000 0.0000000 0.0000000 0.0000000 0.0000000 0.0000000 0.0000000 0.0447715 0.8560469 0.0000000 0.0029218 0.0000000 0.0000000 0.0000000 0.0000000 0.0000000 0.0000000 0.0461664 0.0500933
118 E 118 0.0094082 0.0511021 0.0125720 0.0047817 0.0000000 0.1746879 0.2251945 0.0032595 0.0057716 0.0067433 0.3108669 0.1001434 0.0087458 0.0129010 0.0000000 0.0110169 0.0077911 0.0000000 0.0000000 0.0042864 0.0507276
119 E 119 0.0555590 0.0094412 0.0273888 0.0999260 0.0000000 0.1016655 0.4516921 0.0114858 0.0045375 0.0027223 0.0058606 0.0643142 0.0195079 0.0000000 0.0000000 0.0155994 0.0455027 0.0000000 0.0000000 0.0170872 0.0677098
120 G 120 0.0155544 0.0152194 0.0125400 0.0928159 0.0000000 0.0031448 0.0180548 0.6022468 0.0382697 0.0000000 0.0209121 0.0084244 0.0000000 0.0455203 0.0000000 0.0000000 0.0099543 0.0048224 0.0408790 0.0183971 0.0532444
121 I 121 0.0128079 0.0000000 0.0035759 0.0000000 0.0000000 0.0000000 0.0000000 0.0000000 0.0000000 0.4081359 0.1864324 0.0000000 0.0626015 0.0000000 0.0000000 0.0487994 0.0387064 0.0000000 0.0019372 0.1849758 0.0520276
122 Q 122 0.0133824 0.0794993 0.0494247 0.0170551 0.0000000 0.1775086 0.1895036 0.0022903 0.0053448 0.0072689 0.0494041 0.2346143 0.0221850 0.0000000 0.0000000 0.0260000 0.0166383 0.0000000 0.0054653 0.0543290 0.0500861
123 T 123 0.0773837 0.0698159 0.0307834 0.0030238 0.0000000 0.0000000 0.0094563 0.0108221 0.0000000 0.0698097 0.0482526 0.0967765 0.0419050 0.0041828 0.0074445 0.1282370 0.1792963 0.0621241 0.0000000 0.1112266 0.0494599
124 L 124 0.0000000 0.0000000 0.0000000 0.0000000 0.0000000 0.0398758 0.0000000 0.0000000 0.0154139 0.3540693 0.4523579 0.0000000 0.0193851 0.0000000 0.0053618 0.0000000 0.0000000 0.0000000 0.0000000 0.0565763 0.0569598
125 M 125 0.0564716 0.0000000 0.0000000 0.0000000 0.0000000 0.0154752 0.0023449 0.0553135 0.0000000 0.2158571 0.2546253 0.0027741 0.1484736 0.0741175 0.0000000 0.0213896 0.0327263 0.0000000 0.0098476 0.0518252 0.0587587
126 G 126 0.0142122 0.1670435 0.0790521 0.0535531 0.0121252 0.0224851 0.0567612 0.1297679 0.0000000 0.0191013 0.0000000 0.1105089 0.0000000 0.0030941 0.0000000 0.1907337 0.0602581 0.0093322 0.0000000 0.0084244 0.0635470
127 R 127 0.0481231 0.2202537 0.0000000 0.0075655 0.0000000 0.1585795 0.0548588 0.0892413 0.0038035 0.0000000 0.0195203 0.2570956 0.0153441 0.0000000 0.0000000 0.0144998 0.0418646 0.0019965 0.0000000 0.0097474 0.0575062
128 L 128 0.0283801 0.0119935 0.0435003 0.0000000 0.0220640 0.0000000 0.0000000 0.0149548 0.0000000 0.1422799 0.2171429 0.0000000 0.1435395 0.0195154 0.0000000 0.0223845 0.0244800 0.0000000 0.0018677 0.2388222 0.0690755
129 E 129 0.0046429 0.0207389 0.0573107 0.0841943 0.0000000 0.1722939 0.1122248 0.0317479 0.0821206 0.0676962 0.1196483 0.0231131 0.0000000 0.0088285 0.0000000 0.0220725 0.0000000 0.0000000 0.0883740 0.0102652 0.0947280
130 D 130 0.0132885 0.0059468 0.0289216 0.2394472 0.0000000 0.0083092 0.0261698 0.0420625 0.0062799 0.0495138 0.0476458 0.0105646 0.0116674 0.0403017 0.2753450 0.0168448 0.0166533 0.0000000 0.0103682 0.0341110 0.1165589
131 G 131 0.0552616 0.0244755 0.0140614 0.0200739 0.0000000 0.0136724 0.1560343 0.3452148 0.0000000 0.0000000 0.0426919 0.0184528 0.0456276 0.0040396 0.0526942 0.0186986 0.0607364 0.0000000 0.0000000 0.0217076 0.1065573
132 S 132 0.1878034 0.0029780 0.0145249 0.0433562 0.0000000 0.0210701 0.0272889 0.1509750 0.0025138 0.0620589 0.0502838 0.0000000 0.0068602 0.0381718 0.0090131 0.1558423 0.0331339 0.0000000 0.0021784 0.0818910 0.1100563
133 P 133 0.0223151 0.0352151 0.0195696 0.0209915 0.0000000 0.0093989 0.1680432 0.0217765 0.0155007 0.0578799 0.0482536 0.1005387 0.0297653 0.0087124 0.1772106 0.0305677 0.0590028 0.0000000 0.0035863 0.0426875 0.1289845
134 R 134 0.0314746 0.1329084 0.0440340 0.0767245 0.0000000 0.0526688 0.2300570 0.0483175 0.0000000 0.0399134 0.0673136 0.0423041 0.0614429 0.0154401 0.0000000 0.0222938 0.0071045 0.0107281 0.0039642 0.0219033 0.0914072
135 T 135 0.0552338 0.0095894 0.2563770 0.0253654 0.0000000 0.0062876 0.0177771 0.0375943 0.0000000 0.0205294 0.0101613 0.0879531 0.0442735 0.0105214 0.0063421 0.0796392 0.1793559 0.0056994 0.0136724 0.0387807 0.0948472
136 G 136 0.0256824 0.0118734 0.0416655 0.0964433 0.0000000 0.0324646 0.2426950 0.1702721 0.0000000 0.0199764 0.0327303 0.0097214 0.0188601 0.0108451 0.0155176 0.0538292 0.0450848 0.0000000 0.0131825 0.0549224 0.1042340
137 Q 137 0.0624431 0.0109591 0.0642468 0.1808678 0.0000000 0.0633030 0.1149302 0.0245666 0.0154097 0.0418691 0.0163186 0.0395065 0.0000000 0.0127119 0.0373218 0.0759211 0.0592807 0.0000000 0.0296050 0.0362702 0.1144688
138 I 138 0.0155459 0.0096107 0.0419344 0.0087564 0.0038035 0.0130517 0.0316615 0.0094125 0.0157571 0.1429613 0.0934907 0.0114530 0.0031928 0.0844627 0.0298375 0.0139657 0.0402016 0.0027377 0.2839153 0.0465244 0.0977236
139 F 139 0.0749916 0.0039642 0.0279915 0.0046161 0.0000000 0.0426215 0.0144218 0.0080051 0.0091493 0.0302249 0.1386390 0.0000000 0.0039013 0.0785878 0.2577422 0.1262921 0.0473885 0.0092531 0.0140378 0.0143467 0.0938253
140 K 140 0.1194499 0.0785809 0.0103474 0.0173474 0.0000000 0.0087652 0.0714857 0.0246279 0.0108424 0.0390465 0.0853787 0.1110037 0.0187314 0.0000000 0.0397276 0.0758832 0.0312549 0.0208706 0.0179664 0.1224275 0.0962627
141 Q 141 0.0352034 0.0048155 0.0026728 0.0102287 0.0033661 0.1411618 0.0045102 0.0110024 0.0081039 0.0103598 0.1267634 0.0213597 0.0068137 0.0273255 0.0398174 0.0469980 0.0152813 0.3838771 0.0032756 0.0000000 0.0970636
142 T 142 0.0231427 0.0057214 0.0439731 0.0207228 0.0000000 0.0000000 0.0442980 0.0504416 0.0000000 0.0022891 0.0142336 0.0075847 0.0115651 0.0116944 0.1549308 0.3039011 0.2009462 0.0069411 0.0043116 0.0044254 0.0888775
143 Y 143 0.0192296 0.0049304 0.0000000 0.0274481 0.0109971 0.0166246 0.0725084 0.2337436 0.0239696 0.0069028 0.0544154 0.0000000 0.0065439 0.0564535 0.0249982 0.0295864 0.0032187 0.0385519 0.2458821 0.0186652 0.1053306
144 S 144 0.0350415 0.0219481 0.0121032 0.0555237 0.0000000 0.0139756 0.0853923 0.0806788 0.0000000 0.0072373 0.3757170 0.0078052 0.0000000 0.0247847 0.0159449 0.1433570 0.0173315 0.0000000 0.0021986 0.0049699 0.0959906
145 K 145 0.0941820 0.0405330 0.0561492 0.0819367 0.0000000 0.0310003 0.0772940 0.0704569 0.0069021 0.0000000 0.0000000 0.1325167 0.0109971 0.0000000 0.1912464 0.0775809 0.0151589 0.0144218 0.0000000 0.0000000 0.0996239
146 F 146 0.0225586 0.0035499 0.0415395 0.0795931 0.0019545 0.0040091 0.0177035 0.0141755 0.0096776 0.0061430 0.0430386 0.0000000 0.0024342 0.2761067 0.0038633 0.2345681 0.0092945 0.0000000 0.1052989 0.0030941 0.1213974
147 D 147 0.0225073 0.0000000 0.0040389 0.2419755 0.0000000 0.0000000 0.0126027 0.0052725 0.0028524 0.0182309 0.4193629 0.0000000 0.0033541 0.0141109 0.0163984 0.0216457 0.0044814 0.0045375 0.0697292 0.0373829 0.1015167
148 T 148 0.0226100 0.0699014 0.0038633 0.0070766 0.0000000 0.3022028 0.0073665 0.0073968 0.0077483 0.0502783 0.0981874 0.0907321 0.0126371 0.0087108 0.0117953 0.0151540 0.0982349 0.0000000 0.0061474 0.0772087 0.1027483
149 N 149 0.0384878 0.0140673 0.1211792 0.0055729 0.0000000 0.0713481 0.0000000 0.0873059 0.0244278 0.0060068 0.0219663 0.0055953 0.0218755 0.0000000 0.0098656 0.4163476 0.0495313 0.0000000 0.0000000 0.0069872 0.0994354
150 S 150 0.0720830 0.0000000 0.0379050 0.0419087 0.0000000 0.0603351 0.0178197 0.0045954 0.0053424 0.0100407 0.1504054 0.0115413 0.0161147 0.0064040 0.1170404 0.2936789 0.0310216 0.0000000 0.0000000 0.0275000 0.0962637
151 H 151 0.0103266 0.0626492 0.1263570 0.3657493 0.0000000 0.0133172 0.0577423 0.0744782 0.0898565 0.0000000 0.0033733 0.0269898 0.0000000 0.0032495 0.0000000 0.0530964 0.0139318 0.0000000 0.0000000 0.0033240 0.0955588
152 N 152 0.0330353 0.0672512 0.1117323 0.0184981 0.0000000 0.0045375 0.3116014 0.0566590 0.0027246 0.0132221 0.0046645 0.1404687 0.0402981 0.0000000 0.0032409 0.0361048 0.0183981 0.0000000 0.0000000 0.0197569 0.1178064
153 D 153 0.0191097 0.0100241 0.0863562 0.3146306 0.0000000 0.0082009 0.1821234 0.0185792 0.0333496 0.0482268 0.0600635 0.0265476 0.0120869 0.0076277 0.0081818 0.0495892 0.0161373 0.0000000 0.0000000 0.0061206 0.0930450
154 D 154 0.0364945 0.0425998 0.0286954 0.1444067 0.0033083 0.0032409 0.1388712 0.0193126 0.0358079 0.0424127 0.0265282 0.0104461 0.0000000 0.0117325 0.0000000 0.1665226 0.1205770 0.0092841 0.0081901 0.0515277 0.1000417
155 A 155 0.1014289 0.3016444 0.0279922 0.0121222 0.0000000 0.0481271 0.0117741 0.0192235 0.0381807 0.0000000 0.0144697 0.1126623 0.0000000 0.0136724 0.0036965 0.1370074 0.0364841 0.0000000 0.0039914 0.0097420 0.1077812
156 L 156 0.0077930 0.0217486 0.0171306 0.0103932 0.0076936 0.0267621 0.0000000 0.0033317 0.0664841 0.0682925 0.4247681 0.0035863 0.0000000 0.1046817 0.0033733 0.0078770 0.0071128 0.0000000 0.0213044 0.0933049 0.1043621
157 L 157 0.0119591 0.0964750 0.0000000 0.0157527 0.0000000 0.0032707 0.0000000 0.0038331 0.0074572 0.0635823 0.2549219 0.0072778 0.0680371 0.2284273 0.0000000 0.0733028 0.0168761 0.0000000 0.0098713 0.0345936 0.1043621
158 K 158 0.3213422 0.1231569 0.0738333 0.0079514 0.0000000 0.0069146 0.0520491 0.0216862 0.0020097 0.0055188 0.0097420 0.1733083 0.0000000 0.0149142 0.0000000 0.0523605 0.0270175 0.0000000 0.0000000 0.0038331 0.1043621
159 N 159 0.0000000 0.0000000 0.1531896 0.1042397 0.0000000 0.0000000 0.0000000 0.0031225 0.0076464 0.0354383 0.1563881 0.0000000 0.0410600 0.2508690 0.0000000 0.0529782 0.0300614 0.0000000 0.0403933 0.0205830 0.1040305
160 Y 160 0.0000000 0.0088363 0.0307625 0.0000000 0.0484445 0.0197396 0.0000000 0.0000000 0.1046918 0.0000000 0.0000000 0.0000000 0.0000000 0.0956766 0.0000000 0.0258667 0.0135001 0.0000000 0.5497522 0.0000000 0.1027297
161 G 161 0.0257591 0.0458126 0.2507291 0.0228753 0.0000000 0.0044808 0.0617675 0.1376907 0.0182431 0.0000000 0.0000000 0.0838401 0.0149421 0.0684712 0.0097420 0.0790386 0.0552134 0.0130045 0.0000000 0.0079416 0.1004483
162 L 162 0.0127087 0.0000000 0.0082604 0.0000000 0.0000000 0.0000000 0.0026154 0.0000000 0.0000000 0.0142835 0.7414661 0.0021328 0.0492696 0.0510499 0.0000000 0.0000000 0.0037147 0.0000000 0.0000000 0.0230774 0.0914214
163 L 163 0.0000000 0.0018470 0.0000000 0.0000000 0.0276051 0.0000000 0.0000000 0.0049570 0.0000000 0.0806704 0.4698789 0.0034775 0.0115551 0.1498419 0.0043608 0.1194697 0.0074445 0.0051216 0.0075730 0.0147759 0.0914214
164 Y 164 0.0929110 0.0962920 0.0296685 0.0000000 0.0080570 0.0215994 0.0000000 0.0059453 0.1564982 0.0022365 0.0097420 0.0149437 0.0071415 0.0458226 0.0000000 0.2124730 0.0305277 0.0000000 0.1702789 0.0000000 0.0958627
165 C 165 0.0000000 0.0000000 0.0000000 0.0000000 0.8859739 0.0000000 0.0000000 0.0000000 0.0000000 0.0000000 0.0000000 0.0000000 0.0000000 0.0000000 0.0097420 0.0000000 0.0000000 0.0000000 0.0109971 0.0000000 0.0932870
166 F 166 0.0065369 0.0000000 0.0000000 0.0000000 0.0000000 0.0000000 0.0066364 0.0000000 0.0000000 0.0192461 0.4057670 0.0000000 0.0038331 0.4440763 0.0000000 0.0000000 0.0000000 0.0000000 0.0000000 0.0171396 0.0967646
167 R 167 0.0000000 0.4091344 0.0163665 0.0492858 0.0000000 0.0065239 0.0070275 0.0216021 0.0545073 0.0000000 0.0221125 0.2575425 0.0000000 0.0125408 0.0000000 0.0092742 0.0040323 0.0000000 0.0257291 0.0075565 0.0967646
168 K 168 0.0000000 0.3241263 0.0601636 0.0069392 0.0000000 0.0065973 0.0000000 0.0135549 0.0070734 0.0038448 0.0039865 0.3367628 0.0000000 0.0000000 0.0000000 0.0420458 0.0000000 0.0000000 0.0282151 0.0632619 0.1034284
169 D 169 0.0022817 0.0000000 0.0193952 0.8575488 0.0000000 0.0000000 0.0122744 0.0000000 0.0037617 0.0000000 0.0000000 0.0000000 0.0000000 0.0000000 0.0000000 0.0000000 0.0000000 0.0000000 0.0000000 0.0000000 0.1047380
170 M 170 0.1279496 0.0000000 0.0000000 0.0000000 0.0032748 0.0000000 0.0000000 0.0089689 0.0000000 0.0586183 0.0488375 0.0000000 0.2119738 0.0254627 0.0000000 0.2710743 0.1404116 0.0000000 0.0000000 0.0000000 0.1034284
171 D 171 0.0000000 0.0786632 0.0693553 0.0677722 0.0000000 0.0477293 0.0269871 0.0056592 0.4375537 0.0000000 0.0115442 0.0716011 0.0000000 0.0310136 0.0000000 0.0202396 0.0000000 0.0000000 0.0211319 0.0000000 0.1107495
172 K 172 0.0000000 0.0273724 0.0078908 0.0034389 0.0000000 0.0000000 0.0078136 0.0000000 0.0078902 0.0090951 0.0000000 0.6977766 0.0421995 0.0214403 0.0000000 0.0047516 0.0304533 0.0000000 0.0274296 0.0000000 0.1124482
173 V 173 0.0178560 0.0000000 0.0000000 0.0000000 0.0000000 0.0000000 0.0000000 0.0000000 0.0000000 0.2573746 0.0172549 0.0000000 0.0569937 0.0103199 0.0000000 0.0000000 0.0323536 0.0000000 0.0000000 0.4956165 0.1122309
174 E 174 0.0444550 0.0000000 0.0147687 0.3166894 0.0000000 0.0345317 0.3300102 0.0061878 0.0080917 0.0102904 0.0311822 0.0309228 0.0000000 0.0000000 0.0000000 0.0240753 0.0083680 0.0000000 0.0042864 0.0224883 0.1136520
175 T 175 0.0116510 0.0040091 0.1071525 0.0255919 0.0046161 0.0000000 0.0000000 0.0061105 0.0209289 0.0649166 0.0415156 0.0022814 0.0495899 0.0355601 0.0000000 0.1168824 0.3815516 0.0000000 0.0129908 0.0024207 0.1122309
176 F 176 0.0131734 0.0000000 0.0148307 0.0000000 0.0166489 0.0070734 0.0000000 0.0000000 0.0431777 0.0032346 0.0315791 0.0065973 0.0000000 0.2500565 0.0000000 0.0085556 0.0000000 0.0000000 0.4928419 0.0000000 0.1122309
177 L 177 0.0000000 0.0000000 0.0000000 0.0000000 0.0000000 0.0000000 0.0000000 0.0000000 0.0000000 0.0474295 0.7472509 0.0000000 0.0039013 0.0087190 0.0000000 0.0000000 0.0310210 0.0000000 0.0000000 0.0446069 0.1170713
178 R 178 0.0000000 0.1848003 0.0569061 0.0029336 0.0022814 0.0139563 0.0333662 0.0000000 0.0067461 0.0000000 0.0000000 0.4771025 0.0086537 0.0043308 0.0000000 0.0280917 0.0596515 0.0000000 0.0041085 0.0000000 0.1170713
179 I 179 0.0223407 0.0000000 0.0000000 0.0074445 0.0000000 0.0000000 0.0047960 0.0000000 0.0098834 0.1922096 0.2147033 0.0000000 0.0514080 0.0303835 0.0000000 0.0000000 0.0306116 0.0061105 0.0066741 0.3041851 0.1192497
180 V 180 0.0818681 0.0000000 0.0000000 0.0000000 0.0000000 0.0000000 0.0000000 0.0000000 0.0000000 0.0178052 0.5856560 0.0000000 0.0728204 0.0047270 0.0000000 0.0000000 0.0039642 0.0000000 0.0000000 0.1139095 0.1192497
