  151         A         R         N         D         C         Q         E         G         H         I         L         K         M         F         P         S         T         W         Y         V         X    
  1 G   1 0.0000000 0.0000000 0.0000000 0.0000000 0.0000000 0.0000000 0.0000000 0.0429409 0.0000000 0.0000000 0.0000000 0.0000000 0.0000000 0.0000000 0.0000000 0.0000000 0.0000000 0.0000000 0.0000000 0.0000000 0.9570591
  2 H   2 0.0000000 0.0000000 0.0000000 0.0000000 0.0000000 0.0000000 0.0000000 0.0000000 0.1368816 0.0000000 0.0000000 0.0000000 0.0000000 0.0000000 0.0000000 0.0000000 0.0000000 0.0000000 0.0000000 0.0000000 0.8631184
  3 M   3 0.0000000 0.0000000 0.0000000 0.0000000 0.0000000 0.0000000 0.0000000 0.0939407 0.0000000 0.0000000 0.0000000 0.0000000 0.1393090 0.0000000 0.0000000 0.0000000 0.0000000 0.0000000 0.0000000 0.0000000 0.7667503
  4 N   4 0.0000000 0.0000000 0.2635545 0.0000000 0.0000000 0.0000000 0.0000000 0.0000000 0.0000000 0.0000000 0.0000000 0.0000000 0.0000000 0.0000000 0.0000000 0.1056420 0.0000000 0.0000000 0.0000000 0.0000000 0.6308035
  5 R   5 0.0000000 0.2728284 0.0000000 0.0000000 0.0000000 0.0000000 0.0000000 0.0000000 0.0000000 0.0000000 0.0000000 0.0000000 0.0000000 0.0000000 0.0963680 0.0000000 0.0000000 0.0000000 0.0000000 0.0000000 0.6308035
  6 Q   6 0.0000000 0.0000000 0.0000000 0.0000000 0.0000000 0.3691965 0.0000000 0.0000000 0.0000000 0.0000000 0.0000000 0.0000000 0.0000000 0.0000000 0.0000000 0.0000000 0.0000000 0.0000000 0.0000000 0.0000000 0.6308035
  7 L   7 0.0000000 0.0000000 0.0000000 0.0000000 0.0000000 0.0963680 0.0000000 0.0000000 0.0000000 0.0000000 0.2084477 0.0000000 0.1056420 0.0000000 0.0000000 0.0000000 0.0000000 0.0000000 0.0491940 0.0000000 0.5403483
  8 E   8 0.0000000 0.0000000 0.0963680 0.0491940 0.0000000 0.0000000 0.2531944 0.0000000 0.0000000 0.0000000 0.0000000 0.0000000 0.0608953 0.0000000 0.0000000 0.0000000 0.0000000 0.0000000 0.0000000 0.0000000 0.5403483
  9 R   9 0.0000000 0.2119331 0.0000000 0.0608953 0.0000000 0.1868233 0.0000000 0.0000000 0.0000000 0.0000000 0.0000000 0.0000000 0.0000000 0.0000000 0.0000000 0.0000000 0.0000000 0.0000000 0.0000000 0.0000000 0.5403483
 10 S  10 0.0447467 0.0608953 0.0000000 0.0000000 0.0000000 0.0000000 0.0376848 0.0373668 0.0000000 0.0000000 0.0000000 0.0000000 0.0000000 0.0000000 0.0000000 0.0429409 0.2360173 0.0000000 0.0000000 0.0000000 0.5403483
 11 G  11 0.0000000 0.0000000 0.0000000 0.0000000 0.0000000 0.0963680 0.0000000 0.4951548 0.0000000 0.0000000 0.0000000 0.0000000 0.0000000 0.0000000 0.0000000 0.0000000 0.0491940 0.0000000 0.0000000 0.0000000 0.3592832
 12 R  12 0.0000000 0.2728284 0.0000000 0.0000000 0.0000000 0.0000000 0.0000000 0.1976730 0.0797601 0.0000000 0.0000000 0.0000000 0.0904553 0.0000000 0.0000000 0.0000000 0.0000000 0.0000000 0.0000000 0.0000000 0.3592832
 13 F  13 0.0000000 0.0000000 0.0000000 0.0000000 0.0000000 0.0797601 0.0000000 0.0904553 0.0000000 0.0000000 0.0000000 0.0000000 0.0000000 0.4705014 0.0000000 0.0000000 0.0000000 0.0000000 0.0000000 0.0000000 0.3592832
 14 G  14 0.0000000 0.0000000 0.0000000 0.0000000 0.0000000 0.0000000 0.0000000 0.1977769 0.0000000 0.0000000 0.0000000 0.0000000 0.0904553 0.0000000 0.4419639 0.0000000 0.0000000 0.0000000 0.0000000 0.0000000 0.2698039
 15 G  15 0.0608953 0.0000000 0.4618291 0.0000000 0.0000000 0.0894793 0.0000000 0.1179924 0.0000000 0.0000000 0.0000000 0.0000000 0.0000000 0.0000000 0.0000000 0.0000000 0.0000000 0.0000000 0.0000000 0.0000000 0.2698039
 16 N  16 0.0963680 0.0000000 0.0429409 0.0000000 0.0000000 0.2596947 0.0000000 0.0000000 0.0000000 0.0000000 0.0000000 0.0000000 0.0000000 0.0000000 0.0000000 0.0000000 0.0000000 0.0000000 0.0000000 0.1013050 0.4996914
 17 P  17 0.0000000 0.0000000 0.0000000 0.0000000 0.0000000 0.0000000 0.0000000 0.0894793 0.0000000 0.0000000 0.0000000 0.0000000 0.0000000 0.0963680 0.1442459 0.0000000 0.0904553 0.0000000 0.0000000 0.0797601 0.4996914
 18 G  18 0.0000000 0.0000000 0.0000000 0.0000000 0.0000000 0.0000000 0.0000000 0.3095243 0.0000000 0.0000000 0.0000000 0.0000000 0.0000000 0.0894793 0.1763565 0.0000000 0.0000000 0.0000000 0.0000000 0.0000000 0.4246399
 19 G  19 0.0000000 0.0000000 0.0000000 0.0000000 0.0000000 0.0000000 0.0000000 0.2380622 0.0000000 0.0000000 0.0000000 0.0000000 0.2881283 0.0797601 0.0000000 0.0750515 0.0000000 0.0000000 0.0000000 0.0000000 0.3189979
 20 F  20 0.0000000 0.0000000 0.2774331 0.0000000 0.0000000 0.0000000 0.0000000 0.1513505 0.0000000 0.0000000 0.0000000 0.0000000 0.0000000 0.2522185 0.0000000 0.0000000 0.0000000 0.0000000 0.0000000 0.0000000 0.3189979
 21 G  21 0.0000000 0.0000000 0.0000000 0.0000000 0.0000000 0.1761281 0.0000000 0.3535235 0.0000000 0.0000000 0.0000000 0.0000000 0.0904553 0.0608953 0.0000000 0.0000000 0.0000000 0.0000000 0.0000000 0.0000000 0.3189979
 22 N  22 0.0447467 0.0000000 0.3329632 0.0000000 0.0000000 0.0963680 0.0000000 0.0000000 0.0000000 0.0000000 0.0000000 0.0000000 0.1692394 0.0000000 0.0000000 0.0376848 0.0000000 0.0000000 0.0000000 0.0000000 0.3189979
 23 Q  23 0.0000000 0.0000000 0.0000000 0.0000000 0.0000000 0.4999371 0.0000000 0.1810651 0.0000000 0.0000000 0.0000000 0.0000000 0.0000000 0.0000000 0.0000000 0.0000000 0.0000000 0.0000000 0.0000000 0.0000000 0.3189979
 24 G  24 0.0000000 0.0000000 0.0963680 0.0000000 0.0000000 0.0000000 0.0000000 0.4046995 0.0000000 0.0000000 0.0000000 0.0000000 0.0000000 0.0000000 0.1799346 0.0000000 0.0000000 0.0000000 0.0000000 0.0000000 0.3189979
 25 G  25 0.0963680 0.0000000 0.0797601 0.0000000 0.0000000 0.0000000 0.0000000 0.2720695 0.0000000 0.0000000 0.0000000 0.0000000 0.0000000 0.0000000 0.0000000 0.0000000 0.0000000 0.0000000 0.1359468 0.1013050 0.3145506
 26 F  26 0.1013050 0.0000000 0.0000000 0.0000000 0.0000000 0.0000000 0.0000000 0.0608953 0.0000000 0.0000000 0.0000000 0.0000000 0.0904553 0.3577424 0.0750515 0.0000000 0.0000000 0.0000000 0.0000000 0.0000000 0.3145506
 27 G  27 0.0000000 0.0000000 0.0373668 0.0000000 0.0000000 0.0000000 0.0000000 0.4697425 0.0000000 0.0000000 0.0000000 0.0797601 0.0000000 0.0000000 0.0000000 0.0985800 0.0000000 0.0000000 0.0000000 0.0000000 0.3145506
 28 N  28 0.0491940 0.0000000 0.1415210 0.0000000 0.0000000 0.0000000 0.0000000 0.0797601 0.0000000 0.0000000 0.0000000 0.0000000 0.2763026 0.0000000 0.1013050 0.0373668 0.0000000 0.0000000 0.0000000 0.0000000 0.3145506
 29 S  29 0.0000000 0.0750515 0.1761281 0.0000000 0.0000000 0.0000000 0.0000000 0.0904553 0.0000000 0.0000000 0.0000000 0.0000000 0.0000000 0.1952457 0.0000000 0.0429409 0.0000000 0.0000000 0.0894793 0.0000000 0.3306992
 30 R  30 0.0000000 0.0429409 0.0000000 0.0000000 0.0000000 0.0000000 0.0000000 0.0939407 0.0000000 0.0000000 0.0000000 0.0000000 0.0000000 0.0000000 0.4527050 0.1692394 0.0000000 0.0000000 0.0000000 0.0000000 0.2411740
 31 G  31 0.0000000 0.0000000 0.0000000 0.0000000 0.0000000 0.0894793 0.0000000 0.0429409 0.0000000 0.0000000 0.0000000 0.0000000 0.0000000 0.0000000 0.1810651 0.2594475 0.0000000 0.0000000 0.0895252 0.0000000 0.3375420
 32 G  32 0.0000000 0.0000000 0.2258118 0.0000000 0.0000000 0.0904553 0.0000000 0.1701050 0.0000000 0.0000000 0.0895252 0.0000000 0.0000000 0.0000000 0.0000000 0.0865607 0.0000000 0.0000000 0.0000000 0.0000000 0.3375420
 33 G  33 0.0000000 0.1834659 0.0797601 0.0000000 0.0000000 0.0000000 0.0000000 0.1179924 0.1013050 0.0000000 0.0000000 0.0000000 0.0904553 0.0000000 0.0000000 0.0000000 0.0000000 0.0000000 0.0894793 0.0000000 0.3375420
 34 A  34 0.0803077 0.0904553 0.0000000 0.0000000 0.0000000 0.0000000 0.0000000 0.0894793 0.0000000 0.0000000 0.0000000 0.0000000 0.0797601 0.0895252 0.1013050 0.0491940 0.0824315 0.0000000 0.0000000 0.0000000 0.3375420
 35 G  35 0.0000000 0.0000000 0.0000000 0.0000000 0.0000000 0.0000000 0.0000000 0.2916932 0.0000000 0.0895252 0.0000000 0.0000000 0.2812396 0.0000000 0.0000000 0.0000000 0.0000000 0.0000000 0.0000000 0.0000000 0.3375420
 36 L  36 0.0000000 0.0000000 0.1268461 0.0000000 0.0000000 0.0000000 0.0000000 0.3987302 0.0000000 0.0000000 0.1368816 0.0000000 0.0000000 0.0000000 0.0000000 0.0000000 0.0000000 0.0000000 0.0000000 0.0000000 0.3375420
 37 G  37 0.0895252 0.1013050 0.1548116 0.0000000 0.0000000 0.0894793 0.0000000 0.1368816 0.0000000 0.0000000 0.0000000 0.0000000 0.0000000 0.0000000 0.0904553 0.0000000 0.0000000 0.0000000 0.0000000 0.0000000 0.3375420
 38 N  38 0.0000000 0.0608953 0.0429409 0.0000000 0.0000000 0.2134949 0.0000000 0.1799346 0.0000000 0.0000000 0.0000000 0.0000000 0.0376848 0.0000000 0.0000000 0.2847708 0.0000000 0.0000000 0.0000000 0.0000000 0.1802787
 39 N  39 0.0000000 0.0000000 0.0768967 0.0000000 0.0000000 0.2665834 0.0000000 0.1359468 0.0000000 0.0000000 0.0000000 0.0000000 0.0000000 0.1907843 0.0000000 0.1834659 0.0000000 0.0000000 0.0000000 0.0000000 0.1463229
 40 Q  40 0.0447467 0.0000000 0.0963680 0.0000000 0.0000000 0.1442459 0.0000000 0.3570266 0.0000000 0.0000000 0.0000000 0.0000000 0.0000000 0.0000000 0.0000000 0.0716405 0.1396492 0.0000000 0.0000000 0.0000000 0.1463229
 41 G  41 0.0000000 0.0000000 0.2109718 0.0000000 0.0000000 0.1976730 0.0000000 0.1253724 0.0000000 0.0000000 0.0608953 0.0000000 0.1692394 0.0000000 0.0895252 0.0000000 0.0000000 0.0000000 0.0000000 0.0000000 0.1463229
 42 S  42 0.0000000 0.0339558 0.0894793 0.0000000 0.0000000 0.0000000 0.1013050 0.2785605 0.0000000 0.0000000 0.0000000 0.0000000 0.0373668 0.0000000 0.0797601 0.1368816 0.0963680 0.0000000 0.0000000 0.0000000 0.1463229
 43 N  43 0.0000000 0.0000000 0.3582779 0.0000000 0.0000000 0.2207791 0.0000000 0.0750515 0.0000000 0.0000000 0.0000000 0.0000000 0.0000000 0.0000000 0.0894793 0.1100893 0.0000000 0.0000000 0.0000000 0.0000000 0.1463229
 44 M  44 0.0000000 0.0000000 0.0000000 0.0000000 0.0000000 0.0894793 0.0000000 0.4133799 0.0000000 0.0000000 0.0831498 0.0000000 0.0876876 0.0000000 0.0000000 0.1799804 0.0000000 0.0000000 0.0000000 0.0000000 0.1463229
 45 G  45 0.1737008 0.0000000 0.0895252 0.0000000 0.0000000 0.0000000 0.0339558 0.2074718 0.0000000 0.0000000 0.0000000 0.0000000 0.0000000 0.0963680 0.1013050 0.1513505 0.0000000 0.0000000 0.0000000 0.0000000 0.1463229
 46 G  46 0.0000000 0.0339558 0.0000000 0.0000000 0.0000000 0.0000000 0.0000000 0.3765607 0.0000000 0.0000000 0.0797601 0.0000000 0.0904553 0.0894793 0.0895252 0.0000000 0.0000000 0.0000000 0.0000000 0.0000000 0.2402636
 47 G  47 0.0797601 0.0000000 0.0000000 0.0000000 0.0000000 0.0000000 0.0000000 0.4601273 0.0000000 0.0000000 0.0000000 0.0000000 0.0963680 0.0000000 0.0000000 0.1234810 0.0000000 0.0000000 0.0000000 0.0000000 0.2402636
 48 M  48 0.0797601 0.0000000 0.0000000 0.0000000 0.0000000 0.0963680 0.0000000 0.1234810 0.0000000 0.0000000 0.0000000 0.0000000 0.2979270 0.0000000 0.0000000 0.0000000 0.0000000 0.0000000 0.0000000 0.0608953 0.3415686
 49 N  49 0.0000000 0.0339558 0.6435932 0.0000000 0.0000000 0.0963680 0.0000000 0.0000000 0.0000000 0.0000000 0.0000000 0.0000000 0.0000000 0.0000000 0.0000000 0.0797601 0.0000000 0.0000000 0.0000000 0.0000000 0.1463229
 50 F  50 0.0000000 0.0000000 0.0000000 0.0000000 0.0000000 0.2763026 0.0000000 0.0000000 0.0000000 0.0797601 0.0000000 0.0000000 0.0000000 0.4976144 0.0000000 0.0000000 0.0000000 0.0000000 0.0000000 0.0000000 0.1463229
 51 G  51 0.0000000 0.0000000 0.1868233 0.0000000 0.0000000 0.0894793 0.0000000 0.5773744 0.0000000 0.0000000 0.0000000 0.0000000 0.0000000 0.0000000 0.0000000 0.0000000 0.0000000 0.0000000 0.0000000 0.0000000 0.1463229
 52 A  52 0.3092116 0.1013050 0.0842930 0.0000000 0.0000000 0.0000000 0.0000000 0.2587646 0.0000000 0.0000000 0.0000000 0.0000000 0.0000000 0.0000000 0.0000000 0.1396492 0.0000000 0.0000000 0.0000000 0.0000000 0.1067766
 53 F  53 0.0895252 0.0000000 0.0000000 0.0000000 0.0000000 0.0000000 0.0000000 0.0000000 0.0000000 0.0641499 0.1035220 0.0000000 0.0904553 0.6523477 0.0000000 0.0000000 0.0000000 0.0000000 0.0000000 0.0000000 0.0000000
 54 S  54 0.0000000 0.0000000 0.0395463 0.0000000 0.0641499 0.0797601 0.0000000 0.3371979 0.0000000 0.0000000 0.0000000 0.0000000 0.0000000 0.0000000 0.1013050 0.3780408 0.0000000 0.0000000 0.0000000 0.0000000 0.0000000
 55 I  55 0.0000000 0.0000000 0.0000000 0.0000000 0.0000000 0.0000000 0.0000000 0.0000000 0.0000000 0.2958582 0.2370090 0.0000000 0.3776076 0.0895252 0.0000000 0.0000000 0.0000000 0.0000000 0.0000000 0.0000000 0.0000000
 56 N  56 0.0000000 0.0000000 0.8082398 0.0000000 0.0000000 0.0000000 0.0000000 0.1917602 0.0000000 0.0000000 0.0000000 0.0000000 0.0000000 0.0000000 0.0000000 0.0000000 0.0000000 0.0000000 0.0000000 0.0000000 0.0000000
 57 P  57 0.0000000 0.0000000 0.0000000 0.0000000 0.0000000 0.0963680 0.0000000 0.0000000 0.0000000 0.0000000 0.0000000 0.0000000 0.0000000 0.0000000 0.9036320 0.0000000 0.0000000 0.0000000 0.0000000 0.0000000 0.0000000
 58 A  58 0.7128477 0.0000000 0.0000000 0.0000000 0.0000000 0.0963680 0.0000000 0.0894793 0.0000000 0.0000000 0.0000000 0.0000000 0.0000000 0.0000000 0.1013050 0.0000000 0.0000000 0.0000000 0.0000000 0.0000000 0.0000000
 59 M  59 0.0000000 0.0000000 0.0000000 0.0000000 0.0000000 0.0963680 0.0000000 0.0000000 0.1013050 0.0000000 0.0000000 0.0895252 0.7128018 0.0000000 0.0000000 0.0000000 0.0000000 0.0000000 0.0000000 0.0000000 0.0000000
 60 M  60 0.0000000 0.0000000 0.0963680 0.0000000 0.0000000 0.0894793 0.0000000 0.1013050 0.0000000 0.0000000 0.0000000 0.0000000 0.3922119 0.0000000 0.0000000 0.0000000 0.0895252 0.0000000 0.0000000 0.1406554 0.0904553
 61 A  61 0.5328672 0.0000000 0.0000000 0.0000000 0.0000000 0.1858474 0.0000000 0.0000000 0.0000000 0.0000000 0.0000000 0.0000000 0.1013050 0.0000000 0.0895252 0.0000000 0.0000000 0.0000000 0.0000000 0.0000000 0.0904553
 62 A  62 0.5797657 0.0000000 0.0000000 0.0000000 0.0000000 0.0000000 0.0000000 0.0000000 0.0000000 0.0000000 0.0000000 0.0000000 0.0000000 0.0000000 0.1907843 0.0000000 0.0963680 0.0000000 0.0000000 0.0000000 0.1330820
 63 A  63 0.4902405 0.0000000 0.1799346 0.0000000 0.0000000 0.0963680 0.0000000 0.0000000 0.0000000 0.0000000 0.0000000 0.0000000 0.0000000 0.0895252 0.1013050 0.0000000 0.0000000 0.0000000 0.0000000 0.0000000 0.0426267
 64 Q  64 0.0894793 0.0000000 0.0000000 0.0000000 0.0000000 0.6820007 0.0000000 0.0963680 0.0000000 0.0000000 0.0000000 0.0000000 0.0000000 0.0000000 0.0000000 0.0895252 0.0000000 0.0000000 0.0000000 0.0000000 0.0426267
 65 A  65 0.6233225 0.0000000 0.0000000 0.0000000 0.0000000 0.1013050 0.0000000 0.0000000 0.0000000 0.0000000 0.0000000 0.0000000 0.0000000 0.1858474 0.0000000 0.0895252 0.0000000 0.0000000 0.0000000 0.0000000 0.0000000
 66 A  66 0.5328672 0.0000000 0.0000000 0.0000000 0.0000000 0.0000000 0.0000000 0.3658278 0.1013050 0.0000000 0.0000000 0.0000000 0.0000000 0.0000000 0.0000000 0.0000000 0.0000000 0.0000000 0.0000000 0.0000000 0.0000000
 67 L  67 0.0000000 0.0000000 0.0000000 0.0000000 0.0000000 0.0000000 0.0000000 0.0895252 0.0000000 0.0000000 0.5328672 0.0000000 0.2763026 0.0000000 0.0000000 0.0000000 0.0000000 0.0000000 0.0000000 0.1013050 0.0000000
 68 Q  68 0.0000000 0.0000000 0.0894793 0.0000000 0.0000000 0.5494752 0.0000000 0.0797601 0.0000000 0.0000000 0.0000000 0.0895252 0.0000000 0.0000000 0.0000000 0.1917602 0.0000000 0.0000000 0.0000000 0.0000000 0.0000000
 69 S  69 0.0000000 0.0000000 0.0000000 0.0000000 0.0000000 0.2656074 0.0000000 0.0000000 0.0000000 0.0904553 0.0000000 0.0000000 0.0000000 0.0000000 0.0000000 0.6439373 0.0000000 0.0000000 0.0000000 0.0000000 0.0000000
 70 S  70 0.0000000 0.0000000 0.0000000 0.0904553 0.0000000 0.0894793 0.0000000 0.0000000 0.0000000 0.0000000 0.0000000 0.0000000 0.0000000 0.0000000 0.0000000 0.7236974 0.0000000 0.0000000 0.0000000 0.0000000 0.0963680
 71 W  71 0.0000000 0.0000000 0.0000000 0.0000000 0.0000000 0.2763026 0.0000000 0.0000000 0.0000000 0.0000000 0.0000000 0.0000000 0.0000000 0.0000000 0.0000000 0.0000000 0.1013050 0.6223924 0.0000000 0.0000000 0.0000000
 72 G  72 0.0000000 0.0000000 0.1858474 0.0000000 0.0000000 0.0000000 0.0000000 0.7128477 0.1013050 0.0000000 0.0000000 0.0000000 0.0000000 0.0000000 0.0000000 0.0000000 0.0000000 0.0000000 0.0000000 0.0000000 0.0000000
 73 M  73 0.1858474 0.0641499 0.0000000 0.0000000 0.0000000 0.0000000 0.0000000 0.0000000 0.0000000 0.0000000 0.0000000 0.0000000 0.4687173 0.0000000 0.1013050 0.1799804 0.0000000 0.0000000 0.0000000 0.0000000 0.0000000
 74 M  74 0.0000000 0.0000000 0.0000000 0.0000000 0.0000000 0.1013050 0.0000000 0.0895252 0.0000000 0.0000000 0.0000000 0.0000000 0.6233225 0.1858474 0.0000000 0.0000000 0.0000000 0.0000000 0.0000000 0.0000000 0.0000000
 75 G  75 0.0000000 0.0000000 0.1013050 0.0000000 0.0000000 0.0000000 0.0000000 0.8345451 0.0000000 0.0000000 0.0000000 0.0000000 0.0000000 0.0000000 0.0000000 0.0641499 0.0000000 0.0000000 0.0000000 0.0000000 0.0000000
 76 M  76 0.0895252 0.0000000 0.0000000 0.0000000 0.0000000 0.0000000 0.0000000 0.0000000 0.0000000 0.0000000 0.0000000 0.0000000 0.9104748 0.0000000 0.0000000 0.0000000 0.0000000 0.0000000 0.0000000 0.0000000 0.0000000
 77 L  77 0.0000000 0.0000000 0.0000000 0.0000000 0.0000000 0.0894793 0.0000000 0.0904553 0.0000000 0.0000000 0.6341722 0.0000000 0.0000000 0.0000000 0.0000000 0.0000000 0.0895252 0.0000000 0.0000000 0.0000000 0.0963680
 78 A  78 0.5328672 0.0000000 0.0000000 0.0000000 0.0000000 0.0894793 0.0000000 0.0000000 0.0000000 0.0000000 0.1013050 0.0000000 0.0000000 0.0904553 0.0895252 0.0000000 0.0000000 0.0000000 0.0000000 0.0000000 0.0963680
 79 S  79 0.0000000 0.0000000 0.4595847 0.0000000 0.0000000 0.0000000 0.0000000 0.0000000 0.0000000 0.0000000 0.0000000 0.0000000 0.0000000 0.0000000 0.0000000 0.5008690 0.0000000 0.0000000 0.0000000 0.0000000 0.0395463
 80 Q  80 0.0000000 0.0000000 0.0000000 0.0000000 0.0000000 0.8091699 0.0000000 0.0000000 0.1013050 0.0000000 0.0000000 0.0000000 0.0000000 0.0000000 0.0000000 0.0000000 0.0000000 0.0000000 0.0000000 0.0895252 0.0000000
 81 Q  81 0.0000000 0.0000000 0.0000000 0.0000000 0.0000000 0.6507802 0.0000000 0.1692853 0.0000000 0.0000000 0.0000000 0.0000000 0.0000000 0.0000000 0.0000000 0.0000000 0.1799346 0.0000000 0.0000000 0.0000000 0.0000000
 82 N  82 0.0000000 0.0000000 0.2556444 0.0000000 0.0000000 0.2656074 0.0000000 0.1768986 0.0000000 0.0000000 0.0000000 0.1013050 0.0000000 0.0000000 0.0000000 0.0904553 0.0491940 0.0000000 0.0000000 0.0000000 0.0608953
 83 Q  83 0.0000000 0.0000000 0.0963680 0.0000000 0.0000000 0.3430179 0.0000000 0.2587646 0.0000000 0.0000000 0.0000000 0.0000000 0.0000000 0.0000000 0.0000000 0.2409542 0.0000000 0.0000000 0.0000000 0.0000000 0.0608953
 84 S  84 0.1342719 0.0000000 0.0491940 0.0000000 0.0000000 0.1761281 0.0000000 0.0000000 0.0000000 0.0000000 0.0000000 0.0000000 0.0000000 0.0894793 0.0000000 0.4474047 0.0426267 0.0000000 0.0000000 0.0000000 0.0608953
 85 G  85 0.0000000 0.0000000 0.0426267 0.0000000 0.0000000 0.0797601 0.0000000 0.6332520 0.0000000 0.0000000 0.0000000 0.0000000 0.0000000 0.0000000 0.0000000 0.0491940 0.1342719 0.0000000 0.0000000 0.0000000 0.0608953
 86 P  86 0.0895252 0.0000000 0.0000000 0.0000000 0.0000000 0.0797601 0.0000000 0.0491940 0.0000000 0.0000000 0.0000000 0.0000000 0.1799346 0.0963680 0.3174031 0.0873735 0.0395463 0.0000000 0.0000000 0.0000000 0.0608953
 87 S  87 0.0426267 0.0000000 0.0000000 0.0000000 0.0000000 0.2442909 0.0000000 0.2315700 0.0000000 0.0000000 0.0000000 0.0000000 0.0000000 0.0000000 0.0000000 0.3310919 0.0000000 0.0895252 0.0000000 0.0000000 0.0608953
 88 G  88 0.0000000 0.0000000 0.0000000 0.0000000 0.0000000 0.0894793 0.0000000 0.6297567 0.0000000 0.0000000 0.0000000 0.0000000 0.1868233 0.0000000 0.0000000 0.0000000 0.0939407 0.0000000 0.0000000 0.0000000 0.0000000
 89 N  89 0.0000000 0.0000000 0.1410466 0.0000000 0.0000000 0.2656074 0.0000000 0.0000000 0.0000000 0.0000000 0.0608953 0.0000000 0.0000000 0.0000000 0.0000000 0.4055309 0.1269198 0.0000000 0.0000000 0.0000000 0.0000000
 90 N  90 0.0426267 0.0000000 0.3055774 0.0000000 0.0000000 0.0963680 0.0000000 0.1692853 0.0000000 0.0000000 0.0904553 0.0000000 0.0000000 0.0000000 0.1013050 0.1334870 0.0608953 0.0000000 0.0000000 0.0000000 0.0000000
 91 Q  91 0.1321061 0.0000000 0.1013050 0.0000000 0.0000000 0.3545415 0.0000000 0.2291744 0.0000000 0.0000000 0.0000000 0.0000000 0.0000000 0.0000000 0.0376848 0.0000000 0.1451883 0.0000000 0.0000000 0.0000000 0.0000000
 92 N  92 0.0895252 0.0000000 0.1732648 0.0000000 0.0000000 0.0000000 0.0000000 0.4339453 0.0000000 0.0000000 0.0000000 0.0000000 0.0000000 0.0894793 0.0000000 0.1036962 0.0608953 0.0000000 0.0000000 0.0000000 0.0491940
 93 Q  93 0.1572633 0.0000000 0.0000000 0.0000000 0.0000000 0.4834520 0.0000000 0.1290256 0.0000000 0.0000000 0.0000000 0.0000000 0.0000000 0.0000000 0.1810651 0.0000000 0.0000000 0.0000000 0.0000000 0.0000000 0.0491940
 94 G  94 0.0000000 0.0000000 0.0000000 0.0000000 0.0000000 0.0797601 0.0000000 0.2769934 0.0000000 0.0000000 0.0000000 0.0000000 0.0894793 0.0963680 0.0000000 0.1908301 0.2665690 0.0000000 0.0000000 0.0000000 0.0000000
 95 N  95 0.0000000 0.0000000 0.3055774 0.0000000 0.0000000 0.0797601 0.0000000 0.1868233 0.0000000 0.0000000 0.0000000 0.0000000 0.0000000 0.0000000 0.0000000 0.3669439 0.0608953 0.0000000 0.0000000 0.0000000 0.0000000
 96 M  96 0.1035220 0.0000000 0.0000000 0.0000000 0.0000000 0.2658358 0.0000000 0.0797601 0.0000000 0.0904553 0.0000000 0.0000000 0.2374147 0.0000000 0.0000000 0.1334870 0.0000000 0.0895252 0.0000000 0.0000000 0.0000000
 97 Q  97 0.1460517 0.0000000 0.0963680 0.0000000 0.0000000 0.3055774 0.0904553 0.0895252 0.0000000 0.0000000 0.0000000 0.0000000 0.0000000 0.0000000 0.0000000 0.1685004 0.1035220 0.0000000 0.0000000 0.0000000 0.0000000
 98 R  98 0.0000000 0.3922119 0.0797601 0.0000000 0.0000000 0.1858474 0.0000000 0.0895252 0.0000000 0.0000000 0.0000000 0.0000000 0.0000000 0.0000000 0.0000000 0.1013050 0.1513505 0.0000000 0.0000000 0.0000000 0.0000000
 99 E  99 0.0000000 0.0000000 0.1907843 0.2134805 0.0000000 0.1761281 0.1787314 0.0895252 0.0000000 0.0000000 0.0000000 0.0000000 0.0000000 0.0000000 0.0000000 0.0000000 0.0608953 0.0000000 0.0000000 0.0000000 0.0904553
100 P 100 0.1013050 0.0608953 0.0000000 0.0000000 0.0000000 0.4370126 0.0000000 0.0000000 0.0000000 0.0000000 0.0000000 0.1692853 0.0000000 0.0000000 0.1410466 0.0000000 0.0000000 0.0000000 0.0000000 0.0000000 0.0904553
101 N 101 0.0395463 0.0000000 0.3387196 0.0608953 0.0000000 0.0000000 0.0000000 0.0000000 0.0000000 0.0000000 0.0000000 0.0000000 0.0000000 0.0000000 0.0750515 0.2163275 0.1790045 0.0000000 0.0000000 0.0000000 0.0904553
102 Q 102 0.0000000 0.0000000 0.0000000 0.0000000 0.0000000 0.7187146 0.0000000 0.0000000 0.0000000 0.0000000 0.0000000 0.0000000 0.0000000 0.0000000 0.0895252 0.0000000 0.0000000 0.0000000 0.0000000 0.1013050 0.0904553
103 A 103 0.2537953 0.0000000 0.1013050 0.0000000 0.0000000 0.0000000 0.0000000 0.1858474 0.0000000 0.0000000 0.0000000 0.0000000 0.0797601 0.0000000 0.0000000 0.1242455 0.1004416 0.0000000 0.0000000 0.0641499 0.0904553
104 F 104 0.0000000 0.0000000 0.1013050 0.0000000 0.0000000 0.0000000 0.0000000 0.0797601 0.0000000 0.0000000 0.0000000 0.0000000 0.0000000 0.4511395 0.0000000 0.0000000 0.0000000 0.0000000 0.2773402 0.0000000 0.0904553
105 G 105 0.0000000 0.0000000 0.0895252 0.0797601 0.0000000 0.1013050 0.0000000 0.4511395 0.0000000 0.0000000 0.0000000 0.0000000 0.0000000 0.0000000 0.0000000 0.1878150 0.0000000 0.0000000 0.0000000 0.0000000 0.0904553
106 S 106 0.0000000 0.0000000 0.0000000 0.0000000 0.0000000 0.0000000 0.0000000 0.0000000 0.0000000 0.0000000 0.0000000 0.0000000 0.1858474 0.1013050 0.0000000 0.5284517 0.0939407 0.0000000 0.0000000 0.0000000 0.0904553
107 G 107 0.1004416 0.0641499 0.2189832 0.0000000 0.0000000 0.1858474 0.0000000 0.2603626 0.0000000 0.0000000 0.0000000 0.0000000 0.0000000 0.0000000 0.0000000 0.0797601 0.0000000 0.0000000 0.0000000 0.0000000 0.0904553
108 N 108 0.0000000 0.0000000 0.4391103 0.0000000 0.0000000 0.2656074 0.0000000 0.0904553 0.0000000 0.0000000 0.0000000 0.0000000 0.0000000 0.0000000 0.0000000 0.1035220 0.1013050 0.0000000 0.0000000 0.0000000 0.0000000
109 N 109 0.1908301 0.0000000 0.1410466 0.0000000 0.0000000 0.1858474 0.0000000 0.0797601 0.0000000 0.0000000 0.0000000 0.0000000 0.0904553 0.0000000 0.0000000 0.2085385 0.1035220 0.0000000 0.0000000 0.0000000 0.0000000
110 S 110 0.0000000 0.0000000 0.4147265 0.0000000 0.0000000 0.0963680 0.0000000 0.0797601 0.0000000 0.0000000 0.0000000 0.0000000 0.0000000 0.0000000 0.0000000 0.3340938 0.0000000 0.0000000 0.0000000 0.0000000 0.0750515
111 Y 111 0.0894793 0.0000000 0.0963680 0.0000000 0.0000000 0.0000000 0.0000000 0.0000000 0.0000000 0.0000000 0.0000000 0.0000000 0.0000000 0.1917602 0.0000000 0.0000000 0.0895252 0.0000000 0.3542937 0.0000000 0.1785735
112 S 112 0.0000000 0.0000000 0.0000000 0.0000000 0.0000000 0.0000000 0.0000000 0.1761281 0.0000000 0.0000000 0.0000000 0.0000000 0.0000000 0.0894793 0.0000000 0.3328069 0.0000000 0.0895252 0.1785735 0.0000000 0.1334870
113 G 113 0.0000000 0.0000000 0.0000000 0.0000000 0.0000000 0.0904553 0.0000000 0.5761677 0.0000000 0.0000000 0.0000000 0.0000000 0.0000000 0.0963680 0.0000000 0.1035220 0.0000000 0.0000000 0.0000000 0.0000000 0.1334870
114 S 114 0.1702154 0.0000000 0.0000000 0.0000000 0.0000000 0.0000000 0.0000000 0.4206852 0.0000000 0.0000000 0.0000000 0.0000000 0.0894793 0.0000000 0.0000000 0.3196202 0.0000000 0.0000000 0.0000000 0.0000000 0.0000000
115 N 115 0.0000000 0.0000000 0.3951026 0.0000000 0.0000000 0.0000000 0.0000000 0.0000000 0.0000000 0.0000000 0.0000000 0.0000000 0.0963680 0.0000000 0.2952823 0.1193064 0.0939407 0.0000000 0.0000000 0.0000000 0.0000000
116 S 116 0.0895252 0.0000000 0.2477186 0.0000000 0.0000000 0.0894793 0.0000000 0.0797601 0.0000000 0.0000000 0.0000000 0.0000000 0.0000000 0.0000000 0.0000000 0.4935168 0.0000000 0.0000000 0.0000000 0.0000000 0.0000000
117 G 117 0.0000000 0.0000000 0.0000000 0.0000000 0.0000000 0.2763026 0.0000000 0.3056233 0.0000000 0.0000000 0.0000000 0.0000000 0.0000000 0.0000000 0.1013050 0.2370090 0.0000000 0.0000000 0.0797601 0.0000000 0.0000000
118 A 118 0.4531071 0.0000000 0.0000000 0.0000000 0.0000000 0.0894793 0.0000000 0.0895252 0.1013050 0.0000000 0.0000000 0.0000000 0.0000000 0.0000000 0.1868233 0.0000000 0.0797601 0.0000000 0.0000000 0.0000000 0.0000000
119 A 119 0.2701181 0.1013050 0.0894793 0.1868233 0.0000000 0.0000000 0.0000000 0.0000000 0.0000000 0.0000000 0.0000000 0.0000000 0.0000000 0.0000000 0.0000000 0.2772228 0.0000000 0.0000000 0.0000000 0.0000000 0.0750515
120 I 120 0.0000000 0.0000000 0.0000000 0.0000000 0.0000000 0.1858474 0.0000000 0.0000000 0.0000000 0.2958582 0.2370090 0.0000000 0.1917602 0.0000000 0.0000000 0.0895252 0.0000000 0.0000000 0.0000000 0.0000000 0.0000000
121 G 121 0.0895252 0.0000000 0.0000000 0.0000000 0.0000000 0.0000000 0.0000000 0.9104748 0.0000000 0.0000000 0.0000000 0.0000000 0.0000000 0.0000000 0.0000000 0.0000000 0.0000000 0.0000000 0.0000000 0.0000000 0.0000000
122 W 122 0.0000000 0.0000000 0.0000000 0.0000000 0.0000000 0.0000000 0.0000000 0.1013050 0.0000000 0.0000000 0.0000000 0.0000000 0.0904553 0.1858474 0.0000000 0.0000000 0.0000000 0.6223924 0.0000000 0.0000000 0.0000000
123 G 123 0.1035220 0.0000000 0.0000000 0.0000000 0.0000000 0.1013050 0.0641499 0.7310231 0.0000000 0.0000000 0.0000000 0.0000000 0.0000000 0.0000000 0.0000000 0.0000000 0.0000000 0.0000000 0.0000000 0.0000000 0.0000000
124 S 124 0.1035220 0.0000000 0.0895252 0.0000000 0.0000000 0.0000000 0.0000000 0.0797601 0.0000000 0.0000000 0.0000000 0.0000000 0.3776076 0.0000000 0.0000000 0.2160981 0.1334870 0.0000000 0.0000000 0.0000000 0.0000000
125 A 125 0.1410466 0.0000000 0.0963680 0.0000000 0.0000000 0.0894793 0.0000000 0.5980545 0.0000000 0.0000000 0.0000000 0.0000000 0.0000000 0.0000000 0.0750515 0.0000000 0.0000000 0.0000000 0.0000000 0.0000000 0.0000000
126 S 126 0.0000000 0.0000000 0.0000000 0.0000000 0.0000000 0.1858474 0.0000000 0.1013050 0.0000000 0.0000000 0.0904553 0.0000000 0.0000000 0.0000000 0.0000000 0.3796690 0.1035220 0.0000000 0.0000000 0.0000000 0.1392014
127 N 127 0.1013050 0.0000000 0.4445266 0.0000000 0.0000000 0.2656074 0.0000000 0.0000000 0.0000000 0.0000000 0.0000000 0.0000000 0.0000000 0.0000000 0.0000000 0.0000000 0.0000000 0.0000000 0.0000000 0.0000000 0.1885609
128 A 128 0.1519482 0.0000000 0.0894793 0.0000000 0.0000000 0.0963680 0.0000000 0.0000000 0.0000000 0.0000000 0.0000000 0.0000000 0.0000000 0.0000000 0.1013050 0.3419136 0.1548360 0.0000000 0.0000000 0.0000000 0.0641499
129 G 129 0.1930013 0.0000000 0.0000000 0.0000000 0.0000000 0.1868233 0.0000000 0.2712546 0.0000000 0.0000000 0.0000000 0.0895252 0.0000000 0.0000000 0.1013050 0.0447467 0.0491940 0.0000000 0.0000000 0.0000000 0.0641499
130 S 130 0.0395463 0.0000000 0.1858932 0.0797601 0.0000000 0.0000000 0.0000000 0.1460517 0.0000000 0.0000000 0.0000000 0.0000000 0.0000000 0.0894793 0.0000000 0.2437690 0.0608953 0.0000000 0.0000000 0.0904553 0.0641499
131 G 131 0.0395463 0.0000000 0.0000000 0.0000000 0.0000000 0.0000000 0.0000000 0.6467301 0.0000000 0.0000000 0.0000000 0.0000000 0.0000000 0.0000000 0.0000000 0.1482687 0.0000000 0.0000000 0.1013050 0.0000000 0.0641499
132 S 132 0.0797601 0.0000000 0.0000000 0.0000000 0.0000000 0.0000000 0.0000000 0.1834659 0.0000000 0.0000000 0.0000000 0.0000000 0.2812396 0.0963680 0.0000000 0.2950166 0.0000000 0.0000000 0.0000000 0.0000000 0.0641499
133 G 133 0.0000000 0.0000000 0.1907843 0.0000000 0.0000000 0.0000000 0.0000000 0.6205590 0.0000000 0.0000000 0.0000000 0.0000000 0.0000000 0.0447467 0.0000000 0.0797601 0.0000000 0.0000000 0.0000000 0.0000000 0.0641499
134 F 134 0.0000000 0.0000000 0.0000000 0.0000000 0.0000000 0.0894793 0.0000000 0.1692853 0.0000000 0.0000000 0.0000000 0.0000000 0.1868233 0.4455155 0.0000000 0.0447467 0.0000000 0.0000000 0.0000000 0.0000000 0.0641499
135 N 135 0.0000000 0.0000000 0.4678430 0.0000000 0.0000000 0.0894793 0.0000000 0.0000000 0.0000000 0.0000000 0.0000000 0.0000000 0.0000000 0.0000000 0.1013050 0.1974627 0.0000000 0.0000000 0.0797601 0.0000000 0.0641499
136 G 136 0.0000000 0.0000000 0.0000000 0.0000000 0.0000000 0.3776076 0.0000000 0.2764550 0.0000000 0.0000000 0.0000000 0.0000000 0.0000000 0.0000000 0.0000000 0.2817875 0.0000000 0.0000000 0.0000000 0.0000000 0.0641499
137 G 137 0.0000000 0.0000000 0.0894793 0.0000000 0.0000000 0.0000000 0.0000000 0.4507159 0.0000000 0.0000000 0.0000000 0.0000000 0.0000000 0.0000000 0.0000000 0.1359143 0.0895252 0.0000000 0.0797601 0.0000000 0.1546052
138 F 138 0.0000000 0.0000000 0.0000000 0.0000000 0.0000000 0.2705444 0.0000000 0.0000000 0.0000000 0.0000000 0.0000000 0.0000000 0.0000000 0.5757806 0.0000000 0.0000000 0.0000000 0.0895252 0.0000000 0.0000000 0.0641499
139 G 139 0.0000000 0.0000000 0.0963680 0.0000000 0.0000000 0.0797601 0.0000000 0.5833655 0.0000000 0.0000000 0.0000000 0.0000000 0.0000000 0.0000000 0.1013050 0.0750515 0.0000000 0.0000000 0.0000000 0.0000000 0.0641499
140 S 140 0.0608953 0.0000000 0.0895252 0.0000000 0.0000000 0.0963680 0.0000000 0.1810651 0.0000000 0.0000000 0.0000000 0.0000000 0.0904553 0.0894793 0.0000000 0.2854352 0.0426267 0.0000000 0.0000000 0.0000000 0.0641499
141 S 141 0.0000000 0.0000000 0.0000000 0.0000000 0.0000000 0.0963680 0.0000000 0.4101936 0.0000000 0.0000000 0.0000000 0.0000000 0.0000000 0.0000000 0.0000000 0.4292884 0.0000000 0.0000000 0.0000000 0.0000000 0.0641499
142 M 142 0.0000000 0.0000000 0.0895252 0.0000000 0.0000000 0.0000000 0.0000000 0.0000000 0.0000000 0.0000000 0.0000000 0.0000000 0.6958260 0.0000000 0.1013050 0.0000000 0.0000000 0.0000000 0.0000000 0.0491940 0.0641499
143 D 143 0.0000000 0.0000000 0.1917602 0.0768967 0.0000000 0.0894793 0.3120605 0.0000000 0.0000000 0.0000000 0.0000000 0.1692853 0.0000000 0.0000000 0.0000000 0.0000000 0.0000000 0.0000000 0.0000000 0.0000000 0.1605179
144 S 144 0.0000000 0.0000000 0.0000000 0.0797601 0.0000000 0.0894793 0.0000000 0.0895252 0.0000000 0.0000000 0.0904553 0.0000000 0.0000000 0.0000000 0.0000000 0.4902622 0.0000000 0.0000000 0.0000000 0.0000000 0.1605179
145 K 145 0.0000000 0.0000000 0.1013050 0.0000000 0.0000000 0.0894793 0.0000000 0.1692853 0.0000000 0.0000000 0.0000000 0.3889573 0.0000000 0.0000000 0.0904553 0.0000000 0.0000000 0.0000000 0.0000000 0.0000000 0.1605179
146 S 146 0.0000000 0.0000000 0.0000000 0.0000000 0.0000000 0.1799346 0.0000000 0.1013050 0.0000000 0.0000000 0.0000000 0.0895252 0.0000000 0.0000000 0.0797601 0.3889573 0.0000000 0.0000000 0.0000000 0.0000000 0.1605179
147 S 147 0.0000000 0.0000000 0.0894793 0.0000000 0.0000000 0.0000000 0.0000000 0.0904553 0.0000000 0.0000000 0.0000000 0.0000000 0.1013050 0.0000000 0.0000000 0.5582425 0.0000000 0.0000000 0.0000000 0.0000000 0.1605179
148 G 148 0.0000000 0.0000000 0.0000000 0.0000000 0.0000000 0.0000000 0.0000000 0.7854297 0.0000000 0.0000000 0.0000000 0.0000000 0.0000000 0.0000000 0.0000000 0.1504204 0.0000000 0.0000000 0.0000000 0.0000000 0.0641499
149 W 149 0.0000000 0.0000000 0.0000000 0.0000000 0.0000000 0.0000000 0.0000000 0.0000000 0.0000000 0.0000000 0.0000000 0.0000000 0.1917602 0.1858474 0.0000000 0.0000000 0.0000000 0.5582425 0.0000000 0.0000000 0.0641499
150 G 150 0.0000000 0.0000000 0.0000000 0.0000000 0.0000000 0.0000000 0.0000000 0.9358501 0.0000000 0.0000000 0.0000000 0.0000000 0.0000000 0.0000000 0.0000000 0.0000000 0.0000000 0.0000000 0.0000000 0.0000000 0.0641499
151 M 151 0.0000000 0.0000000 0.0000000 0.0000000 0.0000000 0.0000000 0.0000000 0.0000000 0.0000000 0.0000000 0.0000000 0.0000000 0.7450200 0.0000000 0.0000000 0.0000000 0.0000000 0.0000000 0.0000000 0.0000000 0.2549800
