  100         A         R         N         D         C         Q         E         G         H         I         L         K         M         F         P         S         T         W         Y         V    
  1 M   1 0.0000000 0.0000000 0.0000000 0.0000000 0.0000000 0.0000000 0.0000000 0.0000000 0.0000000 0.0473565 0.5092835 0.0000000 0.2517662 0.0000000 0.0000000 0.0000000 0.0000000 0.0000000 0.0000000 0.1915939
  2 I   2 0.0147361 0.2006616 0.0000000 0.0000000 0.0078305 0.0536436 0.0000000 0.0000000 0.0000000 0.3025569 0.1569441 0.0279286 0.0151025 0.0000000 0.0673869 0.0000000 0.0475128 0.0000000 0.0000000 0.1056963
  3 Q   3 0.0000000 0.2535943 0.2418045 0.0000000 0.0000000 0.2381155 0.0159442 0.0000000 0.0000000 0.0072228 0.0056889 0.1151380 0.0000000 0.0000000 0.0107437 0.0208890 0.0908592 0.0000000 0.0000000 0.0000000
  4 R   4 0.0162365 0.0455430 0.0000000 0.3294251 0.0000000 0.0044579 0.1257584 0.0000000 0.0102689 0.0082817 0.0057012 0.0284332 0.0037215 0.0000000 0.0000000 0.0213758 0.0200830 0.0000000 0.0000000 0.3807136
  5 T   5 0.1233020 0.0082130 0.0000000 0.0041632 0.0000000 0.1028238 0.1162343 0.0031293 0.0027733 0.0084577 0.0000000 0.0538632 0.0000000 0.0000000 0.4229503 0.0225897 0.0423355 0.0000000 0.0017384 0.0874262
  6 P   6 0.0000000 0.0000000 0.0000000 0.0000000 0.0000000 0.0000000 0.0000000 0.0000000 0.0000000 0.0000000 0.0000000 0.0000000 0.0000000 0.0000000 0.9941627 0.0058373 0.0000000 0.0000000 0.0000000 0.0000000
  7 K   7 0.0085759 0.0452077 0.0312194 0.0050436 0.0000000 0.0720818 0.1947264 0.0000000 0.0217308 0.0023487 0.0060383 0.3803671 0.0042895 0.0000000 0.0023154 0.0974414 0.0804559 0.0000000 0.0450201 0.0031379
  8 I   8 0.1672068 0.0023473 0.0110903 0.0014473 0.0016727 0.0000000 0.0000000 0.0000000 0.0000000 0.0423666 0.0000000 0.0070080 0.0034830 0.0000000 0.0039639 0.0236681 0.1699503 0.0000000 0.0000000 0.5657956
  9 Q   9 0.0226455 0.1359658 0.0129307 0.0016188 0.0010166 0.0641156 0.0029021 0.0036526 0.2320685 0.0164091 0.0044947 0.0740448 0.0260482 0.0028649 0.0000000 0.0503873 0.2999467 0.0175409 0.0225020 0.0088452
 10 V  10 0.0000000 0.0027341 0.0000000 0.0000000 0.0000000 0.0000000 0.0000000 0.0000000 0.0047230 0.1415213 0.1568866 0.0000000 0.0151907 0.0000000 0.0000000 0.0000000 0.0000000 0.0000000 0.0000000 0.6789443
 11 Y  11 0.0031351 0.0314690 0.0039643 0.0000000 0.0000000 0.0070316 0.0000000 0.0000000 0.0824786 0.0026605 0.0680813 0.0290021 0.0059251 0.1947060 0.0000000 0.1966422 0.0042651 0.0000000 0.3389464 0.0316927
 12 S  12 0.0412461 0.0000000 0.0153319 0.0000000 0.0020557 0.0082051 0.0000000 0.0000000 0.0000000 0.0000000 0.0320173 0.0000000 0.0036782 0.0000000 0.2903995 0.2798816 0.3271844 0.0000000 0.0000000 0.0000000
 13 R  13 0.0636599 0.1889503 0.0152261 0.0019881 0.0124256 0.0037364 0.0489263 0.0000000 0.1774588 0.0038537 0.0398712 0.1354590 0.0275930 0.0000000 0.0000000 0.0775625 0.1184533 0.0000000 0.0035996 0.0812363
 14 H  14 0.0262228 0.0569066 0.0139956 0.0861585 0.0000000 0.0376840 0.0313730 0.0251783 0.3590877 0.0012207 0.0000000 0.1495945 0.0048832 0.0089133 0.0023803 0.1097257 0.0775774 0.0000000 0.0053487 0.0037499
 15 P  15 0.0163434 0.0260726 0.0013297 0.0462900 0.0009664 0.0286980 0.0334237 0.0015070 0.0315765 0.0053427 0.0062721 0.0259755 0.0048213 0.0012014 0.5452717 0.0660073 0.1545611 0.0000000 0.0000000 0.0043396
 16 A  16 0.0969441 0.0525386 0.0016983 0.0055697 0.0000000 0.0619058 0.0590413 0.0650270 0.0000000 0.1061318 0.0275569 0.0081006 0.0086305 0.0086294 0.1077103 0.0718882 0.0135086 0.0000000 0.0000000 0.3051190
 17 E  17 0.0741987 0.0361553 0.0106586 0.0322802 0.0000000 0.0239934 0.1932821 0.0458263 0.0023721 0.0142605 0.0185854 0.0010754 0.0331368 0.0016625 0.1709505 0.2766344 0.0253334 0.0000000 0.0197048 0.0198895
 18 N  18 0.0199482 0.0029473 0.0413761 0.1703178 0.0036060 0.0144893 0.0548884 0.1245933 0.0122298 0.0011240 0.4159114 0.0128397 0.0036242 0.0295623 0.0358441 0.0408762 0.0007761 0.0083042 0.0017433 0.0049982
 19 G  19 0.0052908 0.0803368 0.0704428 0.0550777 0.0000000 0.1143102 0.0517212 0.4567077 0.0386536 0.0020759 0.0051905 0.0478767 0.0000000 0.0000000 0.0518229 0.0156279 0.0025184 0.0023469 0.0000000 0.0000000
 20 K  20 0.0077787 0.0178551 0.0127935 0.0557530 0.0009464 0.1509300 0.1531101 0.0569302 0.4038531 0.0078337 0.0029330 0.0717903 0.0000000 0.0000000 0.0049636 0.0164203 0.0054964 0.0000000 0.0090399 0.0215728
 21 S  21 0.0033846 0.0253854 0.0306612 0.0141585 0.0000000 0.0226978 0.1999227 0.0000000 0.1740794 0.0162240 0.0055826 0.0541072 0.0000000 0.0000000 0.3757598 0.0320073 0.0410174 0.0000000 0.0000000 0.0050122
 22 N  22 0.1981614 0.0000000 0.4705719 0.0375938 0.0000000 0.0084434 0.0000000 0.0077082 0.0000000 0.0163148 0.0176868 0.0000000 0.0000000 0.0000000 0.0000000 0.0305961 0.0215049 0.0000000 0.0000000 0.1914188
 23 F  23 0.0009876 0.0365430 0.0000000 0.0000000 0.0000000 0.0189374 0.0000000 0.0039443 0.0000000 0.0704791 0.1552686 0.0042064 0.1086174 0.0357566 0.0000000 0.0114544 0.4725805 0.0000000 0.0047019 0.0765228
 24 L  24 0.0000000 0.0000000 0.0000000 0.0000000 0.0000000 0.0032476 0.0000000 0.0000000 0.0000000 0.0155744 0.9722463 0.0000000 0.0024229 0.0039159 0.0000000 0.0025930 0.0000000 0.0000000 0.0000000 0.0000000
 25 N  25 0.0239700 0.3006670 0.0510534 0.0000000 0.0000000 0.0017722 0.0000000 0.0000000 0.0000000 0.2606635 0.0157798 0.0186326 0.0413091 0.0042198 0.0000000 0.0000000 0.0178877 0.0000000 0.0000000 0.2640449
 26 C  26 0.0000000 0.0032502 0.0000000 0.0000000 0.9761450 0.0000000 0.0000000 0.0000000 0.0000000 0.0000000 0.0000000 0.0000000 0.0000000 0.0079595 0.0000000 0.0126452 0.0000000 0.0000000 0.0000000 0.0000000
 27 Y  27 0.0196661 0.0329373 0.0049694 0.0000000 0.0009108 0.0100598 0.0000000 0.0020480 0.1433948 0.0248402 0.0327779 0.0000000 0.0020757 0.0875171 0.0000000 0.2561432 0.0035798 0.2955434 0.0816953 0.0018411
 28 V  28 0.3977391 0.0000000 0.0000000 0.0000000 0.0000000 0.0000000 0.0000000 0.0054719 0.0000000 0.0494726 0.0015671 0.0000000 0.0054992 0.0081675 0.0000000 0.0078246 0.0016774 0.0000000 0.0000000 0.5225805
 29 S  29 0.0061822 0.0021784 0.0397662 0.1839773 0.0012434 0.0176168 0.0058439 0.0000000 0.0059976 0.0037256 0.2865216 0.0000000 0.0156674 0.0213582 0.0000000 0.0937615 0.1909088 0.0000000 0.1203451 0.0049060
 30 G  30 0.0055589 0.0348926 0.1113921 0.1880445 0.0000000 0.0204236 0.0051619 0.5571699 0.0017526 0.0000000 0.0000000 0.0589700 0.0000000 0.0000000 0.0000000 0.0114517 0.0000000 0.0000000 0.0051821 0.0000000
 31 F  31 0.0000000 0.0000000 0.0000000 0.0000000 0.0000000 0.0000000 0.0000000 0.0000000 0.0000000 0.1016063 0.0075708 0.0000000 0.0000000 0.8908229 0.0000000 0.0000000 0.0000000 0.0000000 0.0000000 0.0000000
 32 H  32 0.0000000 0.0000000 0.0000000 0.0000000 0.0000000 0.0000000 0.0000000 0.0000000 0.0563414 0.0000000 0.0017774 0.0000000 0.0000000 0.1973986 0.0000000 0.0380509 0.0041196 0.0030813 0.6992308 0.0000000
 33 P  33 0.0023449 0.0024906 0.0000000 0.0000000 0.0000000 0.0024874 0.0000000 0.0000000 0.0000000 0.0000000 0.0206047 0.0000000 0.0000000 0.0000000 0.9720725 0.0000000 0.0000000 0.0000000 0.0000000 0.0000000
 34 S  34 0.3311841 0.0113782 0.0014791 0.0000000 0.0000000 0.0057168 0.0293679 0.1303265 0.0085879 0.0000000 0.0000000 0.1352022 0.0000000 0.0000000 0.2909409 0.0460012 0.0057699 0.0000000 0.0000000 0.0040453
 35 D  35 0.0067594 0.0112771 0.0217848 0.1200060 0.0000000 0.0666849 0.2841347 0.0077562 0.0828652 0.0068351 0.0136567 0.0548082 0.0133568 0.0000000 0.0872294 0.0298840 0.0159587 0.0014882 0.0092141 0.1663006
 36 I  36 0.0000000 0.0000000 0.0000000 0.0000000 0.0000000 0.0000000 0.0000000 0.0000000 0.0000000 0.8143687 0.0355608 0.0000000 0.0035047 0.0000000 0.0000000 0.0000000 0.0025545 0.0000000 0.0000000 0.1440114
 37 E  37 0.0041743 0.0614238 0.1842306 0.0065089 0.0000000 0.0309256 0.1645455 0.0000000 0.0041907 0.0064096 0.0038657 0.1599092 0.0016935 0.0033663 0.0000000 0.1027637 0.2486163 0.0173765 0.0000000 0.0000000
 38 V  38 0.0000000 0.0000000 0.0000000 0.0000000 0.0000000 0.0000000 0.0000000 0.0000000 0.0000000 0.1580098 0.2899701 0.0000000 0.0426734 0.0000000 0.0000000 0.0000000 0.0000000 0.0000000 0.0000000 0.5093468
 39 D  39 0.0000000 0.1533898 0.0024558 0.0246637 0.0000000 0.0287474 0.0086978 0.0016007 0.0055160 0.0065277 0.0000000 0.0601982 0.0213280 0.0000000 0.0000000 0.1347862 0.5432928 0.0048514 0.0039443 0.0000000
 40 L  40 0.0000000 0.0206047 0.0000000 0.0000000 0.0042847 0.0000000 0.0000000 0.0000000 0.0000000 0.0000000 0.0460609 0.0000000 0.0094959 0.0000000 0.0000000 0.0000000 0.0000000 0.9195538 0.0000000 0.0000000
 41 L  41 0.0000000 0.0121480 0.0020378 0.0000000 0.0000000 0.2850160 0.0029586 0.0000000 0.0072666 0.0023693 0.3794624 0.0104592 0.0428972 0.1709909 0.0000000 0.0024866 0.0754693 0.0000000 0.0033646 0.0030736
 42 K  42 0.0000000 0.5914388 0.0000000 0.0000000 0.0186527 0.0552259 0.0030736 0.0014345 0.0158636 0.0035815 0.0672404 0.2201516 0.0000000 0.0000000 0.0000000 0.0125607 0.0018493 0.0029042 0.0035365 0.0024866
 43 N  43 0.0000000 0.0000000 0.6125742 0.3362420 0.0000000 0.0000000 0.0222566 0.0235420 0.0000000 0.0019597 0.0000000 0.0017896 0.0000000 0.0000000 0.0000000 0.0016360 0.0000000 0.0000000 0.0000000 0.0000000
 44 G  44 0.0000000 0.0149028 0.0324954 0.0284006 0.0000000 0.0131767 0.0507285 0.8269871 0.0000000 0.0000000 0.0000000 0.0074915 0.0000000 0.0000000 0.0000000 0.0244620 0.0013555 0.0000000 0.0000000 0.0000000
 45 E  45 0.0000000 0.0186600 0.0036608 0.0000000 0.0000000 0.3598248 0.3992093 0.0030002 0.0622177 0.0047439 0.0041891 0.1118887 0.0000000 0.0000000 0.0000000 0.0054901 0.0000000 0.0000000 0.0000000 0.0271154
 46 R  46 0.0177713 0.0096270 0.0336822 0.2192382 0.0000000 0.0106349 0.4329401 0.0000000 0.0035830 0.0105021 0.0111844 0.0827834 0.0000000 0.0035351 0.0909752 0.0409621 0.0137230 0.0000000 0.0000000 0.0188581
 47 I  47 0.0044699 0.0046061 0.0000000 0.0000000 0.0000000 0.2278259 0.1437704 0.0147017 0.0000000 0.0776830 0.1072538 0.0020961 0.0297728 0.0063148 0.0000000 0.0000000 0.0473536 0.0035671 0.0000000 0.3305846
 48 E  48 0.0231205 0.0091164 0.0035270 0.0139780 0.0000000 0.0718743 0.1293560 0.0029449 0.0041568 0.0000000 0.0000000 0.0402300 0.0000000 0.0000000 0.0118682 0.0437559 0.6460721 0.0000000 0.0000000 0.0000000
 49 K  49 0.0021365 0.0194627 0.0101226 0.4570707 0.0000000 0.0222681 0.0381908 0.4088770 0.0015982 0.0000000 0.0000000 0.0343452 0.0000000 0.0000000 0.0000000 0.0047430 0.0000000 0.0000000 0.0011852 0.0000000
 50 V  50 0.0313671 0.0023291 0.0000000 0.0033199 0.0000000 0.0000000 0.0142496 0.0237667 0.0000000 0.0396545 0.0000000 0.0011311 0.1642199 0.0022702 0.0000000 0.0274961 0.1624431 0.0000000 0.0000000 0.5277527
 51 E  51 0.0307789 0.0076538 0.0097577 0.0116123 0.0000000 0.0237362 0.3608752 0.0036209 0.0000000 0.0120681 0.0051801 0.0047062 0.0161133 0.0100365 0.0000000 0.1614238 0.1708091 0.0000000 0.0164846 0.1551434
 52 H  52 0.0037861 0.0108565 0.0000000 0.0026895 0.0000000 0.0392876 0.1362495 0.0070926 0.0176704 0.0360796 0.2934985 0.0000000 0.0135116 0.0442939 0.0015692 0.3599598 0.0124159 0.0000000 0.0054305 0.0156089
 53 S  53 0.0000000 0.0000000 0.0192025 0.0000000 0.0000000 0.0000000 0.0043318 0.0210901 0.0000000 0.0428839 0.0027707 0.0000000 0.0041183 0.0000000 0.0102833 0.1219472 0.5017198 0.0000000 0.0000000 0.2716523
 54 D  54 0.0034764 0.0065470 0.0269200 0.1767861 0.0000000 0.0374970 0.4198702 0.1032030 0.0023845 0.0130460 0.0066353 0.0029081 0.0103784 0.0000000 0.0311019 0.0866768 0.0154749 0.0000000 0.0000000 0.0570944
 55 L  55 0.0000000 0.0000000 0.0033043 0.0000000 0.0000000 0.0000000 0.1286003 0.0016029 0.0000000 0.0114179 0.2151515 0.0000000 0.0158220 0.1851132 0.0331497 0.0000000 0.3170014 0.0000000 0.0193693 0.0694675
 56 S  56 0.0000000 0.3245105 0.0000000 0.0000000 0.0000000 0.0000000 0.0000000 0.0000000 0.0000000 0.1492281 0.2244542 0.0000000 0.1060017 0.0187598 0.0000000 0.0510338 0.0021894 0.0000000 0.1108900 0.0129325
 57 F  57 0.1001581 0.0871701 0.0000000 0.0000000 0.0009570 0.0862797 0.0156750 0.0020037 0.0193398 0.0159601 0.0055926 0.0034992 0.0000000 0.0510956 0.5288418 0.0695879 0.0038905 0.0015863 0.0044901 0.0038727
 58 S  58 0.1967597 0.0633525 0.3793157 0.0955514 0.0016629 0.0286265 0.0000000 0.0295624 0.0081713 0.0000000 0.0000000 0.0583920 0.0039100 0.0000000 0.0000000 0.1222085 0.0109489 0.0000000 0.0000000 0.0015383
 59 K  59 0.0440571 0.0246112 0.0085395 0.0407162 0.0000000 0.0060569 0.0284939 0.6473927 0.0000000 0.0000000 0.0000000 0.0965951 0.0000000 0.0000000 0.0292812 0.0393177 0.0349386 0.0000000 0.0000000 0.0000000
 60 D  60 0.0000000 0.0000000 0.0195871 0.9324177 0.0000000 0.0094956 0.0304153 0.0034349 0.0000000 0.0000000 0.0000000 0.0000000 0.0000000 0.0000000 0.0000000 0.0046493 0.0000000 0.0000000 0.0000000 0.0000000
 61 W  61 0.0000000 0.0151640 0.0331084 0.0030430 0.0000000 0.0081030 0.0201055 0.3473091 0.1042513 0.0000000 0.0045158 0.0000000 0.0000000 0.0143976 0.0000000 0.0036258 0.0000000 0.4081819 0.0354633 0.0027315
 62 S  62 0.0104674 0.0193201 0.0227566 0.0011479 0.0012114 0.0000000 0.0000000 0.0030762 0.0013722 0.0011164 0.0487514 0.0048172 0.0020824 0.0163330 0.0000000 0.1401077 0.6269008 0.0000000 0.1005394 0.0000000
 63 F  63 0.0000000 0.0000000 0.0000000 0.0000000 0.0000000 0.0000000 0.0000000 0.0000000 0.0018073 0.0205968 0.0064052 0.0023479 0.0000000 0.7199239 0.0000000 0.0017185 0.0000000 0.0173698 0.2298307 0.0000000
 64 Y  64 0.0026895 0.0798394 0.0369376 0.0000000 0.0020620 0.6832453 0.0147017 0.0000000 0.0350478 0.0000000 0.0296812 0.0000000 0.0000000 0.0196865 0.0000000 0.0070240 0.0216044 0.0000000 0.0674807 0.0000000
 65 L  65 0.0000000 0.0356533 0.0000000 0.0000000 0.0000000 0.0687969 0.0000000 0.0000000 0.0000000 0.1905258 0.0586307 0.4622306 0.0150857 0.0000000 0.0000000 0.0000000 0.0844790 0.0000000 0.0000000 0.0845980
 66 L  66 0.0000000 0.0222739 0.0000000 0.0000000 0.0000000 0.0020191 0.0000000 0.0015589 0.1550827 0.0676566 0.2319675 0.0000000 0.0296746 0.1486054 0.0000000 0.0015995 0.0148113 0.3181748 0.0000000 0.0065757
 67 Y  67 0.3274650 0.0000000 0.0015987 0.0000000 0.0043634 0.0049041 0.0019515 0.0267398 0.0735340 0.0000000 0.0000000 0.0026893 0.0013312 0.0027463 0.0000000 0.2700942 0.0089509 0.0000000 0.0197744 0.2538571
 68 Y  68 0.2774833 0.0371244 0.0020061 0.0000000 0.0000000 0.0123519 0.0050863 0.0000000 0.1572079 0.0031792 0.0000000 0.0000000 0.1891046 0.0019254 0.0000000 0.0484656 0.0339335 0.0000000 0.2101101 0.0220217
 69 T  69 0.0101306 0.0000000 0.0000000 0.0000000 0.0000000 0.0000000 0.0000000 0.0000000 0.0000000 0.0079565 0.6795630 0.0000000 0.0175419 0.0000000 0.0034006 0.0000000 0.0409032 0.0000000 0.0000000 0.2405043
 70 E  70 0.0183770 0.0042058 0.0000000 0.0323694 0.0000000 0.0344911 0.4037510 0.0036106 0.0000000 0.0033426 0.0047132 0.0028985 0.0098946 0.0000000 0.0451826 0.0190737 0.1412008 0.0000000 0.0000000 0.2768889
 71 F  71 0.0027394 0.0000000 0.0000000 0.0000000 0.0000000 0.0000000 0.0000000 0.0041723 0.0017179 0.0147765 0.0103807 0.0000000 0.0923404 0.3055595 0.0000000 0.0060588 0.1144944 0.0000000 0.1290447 0.3187155
 72 T  72 0.0291023 0.0018938 0.0014244 0.0000000 0.0000000 0.0000000 0.0049041 0.0017133 0.0000000 0.0464299 0.0941029 0.0015423 0.0119821 0.0025507 0.2868394 0.0050633 0.3830974 0.0000000 0.0000000 0.1293540
 73 P  73 0.0113325 0.0020866 0.0015577 0.0094956 0.0000000 0.0000000 0.0000000 0.0000000 0.0000000 0.0162416 0.0380126 0.0000000 0.0000000 0.0031786 0.6693338 0.2426240 0.0031132 0.0000000 0.0000000 0.0030239
 74 T  74 0.0035404 0.1243085 0.0340939 0.0000000 0.0000000 0.1807392 0.0349975 0.3428423 0.0063311 0.0000000 0.0017855 0.0702017 0.0000000 0.0049597 0.0000000 0.1392368 0.0418841 0.0059567 0.0000000 0.0091226
 75 E  75 0.0812428 0.0738605 0.0075421 0.0433228 0.0000000 0.0465800 0.3308590 0.0098335 0.0258320 0.0000000 0.0432449 0.0463637 0.0039294 0.0000000 0.0151530 0.2255315 0.0382709 0.0000000 0.0049280 0.0035059
 76 K  76 0.0218261 0.0030798 0.0078867 0.0786319 0.0000000 0.0033053 0.3889665 0.4481180 0.0000000 0.0000000 0.0000000 0.0265024 0.0000000 0.0000000 0.0000000 0.0000000 0.0159822 0.0000000 0.0019948 0.0037063
 77 D  77 0.0173698 0.0013191 0.0000000 0.4459976 0.0000000 0.2838267 0.2197956 0.0131339 0.0042116 0.0000000 0.0039065 0.0033355 0.0000000 0.0000000 0.0016733 0.0054305 0.0000000 0.0000000 0.0000000 0.0000000
 78 E  78 0.0036057 0.2382884 0.0349030 0.0000000 0.0000000 0.0047001 0.0335420 0.0186889 0.0013571 0.1012776 0.0000000 0.1682734 0.0182722 0.0292476 0.0000000 0.0377319 0.0470777 0.0000000 0.0134466 0.2495880
 79 Y  79 0.0000000 0.0000000 0.0000000 0.0000000 0.0000000 0.0000000 0.0000000 0.0000000 0.0028651 0.1332241 0.0173698 0.0000000 0.0000000 0.0234151 0.0000000 0.0000000 0.0000000 0.0000000 0.8231259 0.0000000
 80 A  80 0.0478744 0.0048959 0.0000000 0.1615562 0.0029499 0.0033059 0.0097780 0.0140037 0.0000000 0.0074665 0.0000000 0.0025940 0.0113437 0.0000000 0.0000000 0.2242545 0.4935466 0.0000000 0.0000000 0.0164307
 81 C  81 0.0000000 0.0000000 0.0000000 0.0000000 1.0000000 0.0000000 0.0000000 0.0000000 0.0000000 0.0000000 0.0000000 0.0000000 0.0000000 0.0000000 0.0000000 0.0000000 0.0000000 0.0000000 0.0000000 0.0000000
 82 R  82 0.0368259 0.2318129 0.0000000 0.0000000 0.0023200 0.1292371 0.0121021 0.0000000 0.2831021 0.0000000 0.0217010 0.1172903 0.0336056 0.0147950 0.0000000 0.0113969 0.0385365 0.0000000 0.0028460 0.0644286
 83 V  83 0.0040141 0.0000000 0.0000000 0.0000000 0.0000000 0.0000000 0.0000000 0.0000000 0.0000000 0.0040733 0.0025554 0.0000000 0.0056979 0.0000000 0.0000000 0.0000000 0.0000000 0.0000000 0.0000000 0.9836592
 84 N  84 0.0000000 0.0032604 0.0227744 0.0414268 0.0000000 0.2726966 0.5478341 0.0000000 0.0349289 0.0000000 0.0023561 0.0468813 0.0000000 0.0000000 0.0000000 0.0062837 0.0031671 0.0011986 0.0157390 0.0014531
 85 H  85 0.0000000 0.0000000 0.0000000 0.0000000 0.0000000 0.0000000 0.0000000 0.0000000 0.9872583 0.0000000 0.0000000 0.0000000 0.0000000 0.0000000 0.0000000 0.0000000 0.0000000 0.0000000 0.0127417 0.0000000
 86 V  86 0.1489962 0.0056031 0.0012673 0.0013858 0.0000000 0.0088304 0.2852922 0.0032047 0.0000000 0.0102673 0.0379334 0.0534398 0.0011998 0.0000000 0.1345811 0.0742206 0.0116953 0.1658009 0.0000000 0.0562821
 87 T  87 0.0650990 0.0038432 0.0000000 0.0000000 0.0021835 0.0000000 0.0000000 0.4883210 0.0000000 0.0000000 0.0000000 0.0000000 0.0000000 0.0000000 0.0000000 0.3963328 0.0442206 0.0000000 0.0000000 0.0000000
 88 L  88 0.0000000 0.0078537 0.0000000 0.0000000 0.0000000 0.0035139 0.0000000 0.0000000 0.0024039 0.0031694 0.9143489 0.0000000 0.0136152 0.0231542 0.0013634 0.0032370 0.0000000 0.0076079 0.0000000 0.0197325
 89 S  89 0.0348210 0.0338537 0.0078041 0.1297881 0.0000000 0.1410457 0.1089823 0.0152030 0.0009101 0.0000000 0.0183279 0.0707639 0.0089930 0.0000000 0.2285658 0.0507105 0.1459136 0.0000000 0.0043174 0.0000000
 90 Q  90 0.0131999 0.0229098 0.0040038 0.0126797 0.0000000 0.1556965 0.4738843 0.0208166 0.0168229 0.0000000 0.0000000 0.1070730 0.0000000 0.0000000 0.0000000 0.1479983 0.0249150 0.0000000 0.0000000 0.0000000
 91 P  91 0.0050107 0.0000000 0.0000000 0.0175208 0.0000000 0.0015851 0.0000000 0.0076812 0.0018250 0.0000000 0.0000000 0.0000000 0.0000000 0.0000000 0.9570236 0.0068144 0.0025392 0.0000000 0.0000000 0.0000000
 92 K  92 0.0070649 0.0145614 0.0000000 0.0183065 0.0012641 0.0216065 0.0024102 0.0000000 0.0008571 0.1358360 0.5562604 0.0320882 0.0359077 0.0060841 0.0000000 0.0068316 0.0062151 0.0000000 0.0032912 0.1514150
 93 I  93 0.0043372 0.0095565 0.0029010 0.0000000 0.0000000 0.0000000 0.0050107 0.0000000 0.0024762 0.1240235 0.1572022 0.0041621 0.0126190 0.0049349 0.0009402 0.0720484 0.5324218 0.0000000 0.0000000 0.0673661
 94 V  94 0.0054987 0.0633104 0.0000000 0.0000000 0.0000000 0.0550439 0.0000000 0.0000000 0.0039716 0.0160272 0.3035826 0.1662214 0.0048136 0.0014686 0.0000000 0.0045550 0.0883167 0.0011571 0.0370299 0.2490032
 95 K  95 0.0142928 0.2547248 0.0193140 0.1132649 0.0000000 0.0244557 0.1480082 0.0016134 0.1929620 0.0401592 0.0081053 0.0911885 0.0036574 0.0125155 0.0096086 0.0041835 0.0379327 0.0000000 0.0212055 0.0028081
 96 W  96 0.0000000 0.0000000 0.0000000 0.0000000 0.0043895 0.0000000 0.0000000 0.0000000 0.0000000 0.0000000 0.0000000 0.0000000 0.0000000 0.0028444 0.0000000 0.0000000 0.0000000 0.9681673 0.0245988 0.0000000
 97 D  97 0.0041215 0.0056550 0.0043089 0.2446156 0.0000000 0.0042313 0.7065371 0.0037160 0.0000000 0.0000000 0.0000000 0.0153677 0.0000000 0.0000000 0.0000000 0.0000000 0.0000000 0.0000000 0.0000000 0.0114470
 98 R  98 0.0048974 0.0653783 0.0000000 0.0000000 0.0000000 0.0094194 0.0000000 0.0000000 0.0000000 0.0000000 0.0029484 0.0000000 0.0000000 0.0354780 0.7525067 0.0214941 0.0072803 0.0000000 0.0000000 0.1005974
 99 D  99 0.0179681 0.0000000 0.0344536 0.1493666 0.0000000 0.1019696 0.2741645 0.0090148 0.0000000 0.0000000 0.0082871 0.0066648 0.0000000 0.0000000 0.0205750 0.3775359 0.0000000 0.0000000 0.0000000 0.0000000
100 M 100 0.0000000 0.0000000 0.0000000 0.0000000 0.0000000 0.0000000 0.0000000 0.0000000 0.0000000 0.1529592 0.2067937 0.0000000 0.3129891 0.0000000 0.0000000 0.0000000 0.0000000 0.0000000 0.0000000 0.3272580
