  100         A         R         N         D         C         Q         E         G         H         I         L         K         M         F         P         S         T         W         Y         V         X    
  1 M   1 0.0000000 0.0000000 0.0000000 0.0000000 0.0000000 0.0000000 0.0000000 0.0000000 0.0000000 0.0059989 0.0689995 0.0000000 0.0321578 0.0000000 0.0000000 0.0000000 0.0000000 0.0000000 0.0000000 0.0259955 0.8668483
  2 I   2 0.0031454 0.0416289 0.0000000 0.0000000 0.0016819 0.0114110 0.0000000 0.0000000 0.0000000 0.0659049 0.0334135 0.0060399 0.0032162 0.0000000 0.0143412 0.0000000 0.0097920 0.0000000 0.0000000 0.0233726 0.7860525
  3 Q   3 0.0000000 0.1341528 0.1244704 0.0000000 0.0000000 0.1241534 0.0081449 0.0000000 0.0000000 0.0035032 0.0029366 0.0590158 0.0000000 0.0000000 0.0055158 0.0105294 0.0452582 0.0000000 0.0000000 0.0000000 0.4823196
  4 R   4 0.0138710 0.0397611 0.0000000 0.2928938 0.0000000 0.0037917 0.1080658 0.0000000 0.0092104 0.0069499 0.0048888 0.0240074 0.0031454 0.0000000 0.0000000 0.0179294 0.0169261 0.0000000 0.0000000 0.3289406 0.1296186
  5 T   5 0.1109470 0.0074046 0.0000000 0.0036754 0.0000000 0.0958710 0.1062684 0.0028098 0.0025561 0.0079051 0.0000000 0.0489464 0.0000000 0.0000000 0.3923852 0.0207663 0.0380606 0.0000000 0.0015924 0.0789618 0.0818500
  6 P   6 0.0000000 0.0000000 0.0000000 0.0000000 0.0000000 0.0000000 0.0000000 0.0000000 0.0000000 0.0000000 0.0000000 0.0000000 0.0000000 0.0000000 0.9536484 0.0041073 0.0000000 0.0000000 0.0000000 0.0000000 0.0422442
  7 K   7 0.0080825 0.0432250 0.0293679 0.0047113 0.0000000 0.0674749 0.1872143 0.0000000 0.0214462 0.0022472 0.0057466 0.3625230 0.0040966 0.0000000 0.0021596 0.0997468 0.0766302 0.0000000 0.0429021 0.0029759 0.0394498
  8 I   8 0.1682535 0.0020910 0.0102755 0.0013587 0.0015677 0.0000000 0.0000000 0.0000000 0.0000000 0.0404742 0.0000000 0.0064167 0.0033663 0.0000000 0.0037233 0.0224221 0.1625475 0.0000000 0.0000000 0.5423609 0.0351426
  9 Q   9 0.0213442 0.1278828 0.0122766 0.0015682 0.0009682 0.0615808 0.0027126 0.0034779 0.2213891 0.0154582 0.0042851 0.0704747 0.0241317 0.0031238 0.0000000 0.0472945 0.2862570 0.0170632 0.0195312 0.0083357 0.0508446
 10 V  10 0.0000000 0.0024169 0.0000000 0.0000000 0.0000000 0.0000000 0.0000000 0.0000000 0.0042571 0.1336372 0.1504673 0.0000000 0.0143792 0.0000000 0.0000000 0.0000000 0.0000000 0.0000000 0.0000000 0.6433468 0.0514955
 11 Y  11 0.0020939 0.0204043 0.0027156 0.0000000 0.0000000 0.0045229 0.0000000 0.0000000 0.0569546 0.0018976 0.0446802 0.0189785 0.0038841 0.1293291 0.0000000 0.1325233 0.0029321 0.0000000 0.2410882 0.0205383 0.3174573
 12 S  12 0.0498418 0.0000000 0.0138644 0.0000000 0.0018969 0.0074845 0.0000000 0.0000000 0.0000000 0.0000000 0.0293300 0.0000000 0.0039357 0.0000000 0.2695102 0.2587320 0.2957404 0.0000000 0.0000000 0.0000000 0.0696642
 13 R  13 0.0602370 0.1746014 0.0139988 0.0018898 0.0119522 0.0033428 0.0461059 0.0000000 0.1676281 0.0036881 0.0382543 0.1279537 0.0257166 0.0000000 0.0000000 0.0764538 0.1252397 0.0000000 0.0033672 0.0776155 0.0419550
 14 H  14 0.0259905 0.0542920 0.0133965 0.0813178 0.0000000 0.0358910 0.0302384 0.0243820 0.3540130 0.0011736 0.0000000 0.1452719 0.0046592 0.0086291 0.0023635 0.1040124 0.0745671 0.0000000 0.0050382 0.0035570 0.0312070
 15 P  15 0.0156258 0.0249386 0.0012698 0.0561139 0.0009182 0.0271388 0.0312947 0.0014659 0.0308599 0.0050900 0.0059302 0.0253580 0.0069573 0.0011621 0.5214807 0.0625825 0.1463670 0.0000000 0.0000000 0.0042396 0.0312070
 16 A  16 0.0939396 0.0512051 0.0016623 0.0055523 0.0000000 0.0592866 0.0566819 0.0598929 0.0000000 0.1004400 0.0262019 0.0077191 0.0086589 0.0081541 0.1158529 0.0687643 0.0128029 0.0000000 0.0000000 0.2897384 0.0334467
 17 E  17 0.0712992 0.0352140 0.0100052 0.0303927 0.0000000 0.0225613 0.1842437 0.0555731 0.0022697 0.0137176 0.0175962 0.0010399 0.0311636 0.0016049 0.1638740 0.2647116 0.0240688 0.0000000 0.0187465 0.0199766 0.0319413
 18 N  18 0.0201815 0.0027749 0.0391439 0.1580225 0.0033708 0.0134580 0.0539659 0.1195993 0.0096227 0.0010729 0.3938972 0.0116736 0.0033863 0.0274462 0.0461912 0.0390791 0.0007560 0.0077312 0.0016575 0.0046946 0.0422747
 19 G  19 0.0044370 0.0684685 0.0607878 0.0606323 0.0000000 0.0981943 0.0443201 0.3915683 0.0330079 0.0017695 0.0044569 0.0426265 0.0000000 0.0000000 0.0445240 0.0131748 0.0021275 0.0020431 0.0000000 0.0000000 0.1278614
 20 K  20 0.0073122 0.0171567 0.0105093 0.0542311 0.0009014 0.1425694 0.1413912 0.0690121 0.3849882 0.0073822 0.0027562 0.0695264 0.0000000 0.0000000 0.0047273 0.0153280 0.0053118 0.0000000 0.0084396 0.0205709 0.0378863
 21 S  21 0.0028168 0.0214598 0.0380267 0.0148043 0.0000000 0.0185725 0.1646286 0.0000000 0.1476753 0.0120470 0.0045362 0.0448944 0.0000000 0.0000000 0.3112264 0.0265526 0.0335677 0.0000000 0.0000000 0.0042396 0.1549520
 22 N  22 0.1878085 0.0000000 0.4440701 0.0352290 0.0000000 0.0078799 0.0000000 0.0072201 0.0000000 0.0280492 0.0170632 0.0000000 0.0000000 0.0000000 0.0000000 0.0284096 0.0201360 0.0000000 0.0000000 0.1813861 0.0427482
 23 F  23 0.0009432 0.0347061 0.0000000 0.0000000 0.0000000 0.0185426 0.0000000 0.0037233 0.0000000 0.0665086 0.1519804 0.0039994 0.1054588 0.0346768 0.0000000 0.0107182 0.4658425 0.0000000 0.0052420 0.0723136 0.0253444
 24 L  24 0.0000000 0.0000000 0.0000000 0.0000000 0.0000000 0.0029143 0.0000000 0.0000000 0.0000000 0.0146742 0.9490715 0.0000000 0.0021581 0.0035032 0.0000000 0.0023344 0.0000000 0.0000000 0.0000000 0.0000000 0.0253444
 25 N  25 0.0230618 0.2899229 0.0498158 0.0000000 0.0000000 0.0016738 0.0000000 0.0000000 0.0000000 0.2478307 0.0151071 0.0300989 0.0391530 0.0041337 0.0000000 0.0000000 0.0169268 0.0000000 0.0000000 0.2569310 0.0253444
 26 C  26 0.0000000 0.0027279 0.0000000 0.0000000 0.9417807 0.0000000 0.0000000 0.0000000 0.0000000 0.0000000 0.0000000 0.0000000 0.0000000 0.0196377 0.0000000 0.0105093 0.0000000 0.0000000 0.0000000 0.0000000 0.0253444
 27 Y  27 0.0184497 0.0291311 0.0046019 0.0000000 0.0008732 0.0097555 0.0000000 0.0019600 0.1376827 0.0236601 0.0309583 0.0000000 0.0019702 0.0824646 0.0000000 0.2495465 0.0034180 0.2993454 0.0791062 0.0017320 0.0253444
 28 V  28 0.3948086 0.0000000 0.0000000 0.0000000 0.0000000 0.0000000 0.0000000 0.0051929 0.0000000 0.0471417 0.0014535 0.0000000 0.0057112 0.0075677 0.0000000 0.0074278 0.0015595 0.0000000 0.0000000 0.5037927 0.0253444
 29 S  29 0.0060321 0.0021277 0.0381023 0.1748908 0.0015775 0.0147016 0.0055877 0.0000000 0.0057146 0.0035349 0.2885631 0.0000000 0.0172009 0.0208086 0.0000000 0.0930380 0.1819880 0.0000000 0.1160603 0.0047273 0.0253444
 30 G  30 0.0052300 0.0329679 0.1070354 0.1797897 0.0000000 0.0190644 0.0048829 0.5517989 0.0016245 0.0000000 0.0000000 0.0561129 0.0000000 0.0000000 0.0000000 0.0112426 0.0000000 0.0000000 0.0049065 0.0000000 0.0253444
 31 F  31 0.0000000 0.0000000 0.0000000 0.0000000 0.0000000 0.0000000 0.0000000 0.0000000 0.0000000 0.0960254 0.0066295 0.0000000 0.0000000 0.8720007 0.0000000 0.0000000 0.0000000 0.0000000 0.0000000 0.0000000 0.0253444
 32 H  32 0.0000000 0.0000000 0.0000000 0.0000000 0.0000000 0.0000000 0.0000000 0.0000000 0.0547570 0.0000000 0.0016131 0.0000000 0.0000000 0.1873921 0.0000000 0.0357341 0.0036842 0.0028726 0.6867833 0.0000000 0.0271635
 33 P  33 0.0020182 0.0021533 0.0000000 0.0000000 0.0000000 0.0021608 0.0000000 0.0000000 0.0000000 0.0000000 0.0301469 0.0000000 0.0000000 0.0000000 0.9381763 0.0000000 0.0000000 0.0000000 0.0000000 0.0000000 0.0253444
 34 S  34 0.3314747 0.0107919 0.0014024 0.0000000 0.0000000 0.0055580 0.0282343 0.1275665 0.0081372 0.0000000 0.0000000 0.1290804 0.0000000 0.0000000 0.2779101 0.0444795 0.0061040 0.0000000 0.0000000 0.0039166 0.0253444
 35 D  35 0.0064243 0.0111843 0.0210120 0.1181918 0.0000000 0.0651014 0.2838196 0.0073816 0.0787690 0.0064739 0.0128181 0.0532527 0.0126184 0.0000000 0.0839535 0.0286908 0.0149853 0.0014068 0.0089552 0.1596168 0.0253444
 36 I  36 0.0000000 0.0000000 0.0000000 0.0000000 0.0000000 0.0000000 0.0000000 0.0000000 0.0000000 0.7981287 0.0343529 0.0000000 0.0031217 0.0000000 0.0000000 0.0000000 0.0022250 0.0000000 0.0000000 0.1368272 0.0253444
 37 E  37 0.0039912 0.0590124 0.1750602 0.0064091 0.0000000 0.0293558 0.1602383 0.0000000 0.0039978 0.0062713 0.0038122 0.1541111 0.0015980 0.0033110 0.0000000 0.0963911 0.2540328 0.0170632 0.0000000 0.0000000 0.0253444
 38 V  38 0.0000000 0.0000000 0.0000000 0.0000000 0.0000000 0.0000000 0.0000000 0.0000000 0.0000000 0.1516710 0.2811907 0.0000000 0.0509887 0.0000000 0.0000000 0.0000000 0.0000000 0.0000000 0.0000000 0.4908052 0.0253444
 39 D  39 0.0000000 0.1496904 0.0023547 0.0246630 0.0000000 0.0270815 0.0081547 0.0015327 0.0051916 0.0063618 0.0000000 0.0573099 0.0208354 0.0000000 0.0000000 0.1297131 0.5333692 0.0046741 0.0037233 0.0000000 0.0253444
 40 L  40 0.0000000 0.0301469 0.0000000 0.0000000 0.0041871 0.0000000 0.0000000 0.0000000 0.0000000 0.0000000 0.0451872 0.0000000 0.0088248 0.0000000 0.0000000 0.0000000 0.0000000 0.8863095 0.0000000 0.0000000 0.0253444
 41 L  41 0.0000000 0.0120021 0.0019591 0.0000000 0.0000000 0.2879301 0.0028474 0.0000000 0.0070541 0.0022425 0.3608948 0.0117162 0.0414928 0.1667136 0.0000000 0.0023595 0.0713742 0.0000000 0.0031975 0.0028716 0.0253444
 42 K  42 0.0000000 0.5697969 0.0000000 0.0000000 0.0180369 0.0632487 0.0028716 0.0013414 0.0151290 0.0033781 0.0677993 0.2110775 0.0000000 0.0000000 0.0000000 0.0117567 0.0017386 0.0027385 0.0033828 0.0023595 0.0253444
 43 N  43 0.0000000 0.0000000 0.5886963 0.3343702 0.0000000 0.0000000 0.0238455 0.0228858 0.0000000 0.0017645 0.0000000 0.0016283 0.0000000 0.0000000 0.0000000 0.0014651 0.0000000 0.0000000 0.0000000 0.0000000 0.0253444
 44 G  44 0.0000000 0.0144553 0.0310925 0.0273812 0.0000000 0.0125922 0.0764702 0.8067379 0.0000000 0.0000000 0.0000000 0.0069770 0.0000000 0.0000000 0.0000000 0.0229341 0.0013596 0.0000000 0.0000000 0.0000000 0.0000000
 45 E  45 0.0000000 0.0176262 0.0035731 0.0000000 0.0000000 0.3461670 0.4238891 0.0028863 0.0594967 0.0046225 0.0039978 0.1062469 0.0000000 0.0000000 0.0000000 0.0058254 0.0000000 0.0000000 0.0000000 0.0256689 0.0000000
 46 R  46 0.0172332 0.0091121 0.0330220 0.2225296 0.0000000 0.0343419 0.4207070 0.0000000 0.0033956 0.0100376 0.0110505 0.0793544 0.0000000 0.0033828 0.0861861 0.0386844 0.0130749 0.0000000 0.0000000 0.0178877 0.0000000
 47 I  47 0.0041277 0.0045150 0.0000000 0.0000000 0.0000000 0.2325394 0.1376232 0.0138644 0.0000000 0.0734558 0.1037799 0.0020431 0.0291675 0.0056963 0.0000000 0.0000000 0.0730337 0.0033863 0.0000000 0.3167677 0.0000000
 48 E  48 0.0247394 0.0088619 0.0039357 0.0134624 0.0000000 0.0915146 0.1235774 0.0028489 0.0044278 0.0000000 0.0000000 0.0396145 0.0000000 0.0000000 0.0111883 0.0424447 0.6333844 0.0000000 0.0000000 0.0000000 0.0000000
 49 K  49 0.0020032 0.0185397 0.0092434 0.4738897 0.0000000 0.0207992 0.0358551 0.3903117 0.0014937 0.0000000 0.0000000 0.0321687 0.0000000 0.0000000 0.0000000 0.0052420 0.0000000 0.0000000 0.0011184 0.0000000 0.0093351
 50 V  50 0.0305356 0.0021076 0.0000000 0.0031693 0.0000000 0.0000000 0.0135048 0.0223869 0.0000000 0.0379561 0.0000000 0.0010598 0.1851547 0.0021185 0.0000000 0.0254637 0.1655173 0.0000000 0.0000000 0.5057837 0.0052420
 51 E  51 0.0298510 0.0074538 0.0092653 0.0113918 0.0000000 0.0232883 0.3854807 0.0035765 0.0000000 0.0117268 0.0049065 0.0044166 0.0154087 0.0095480 0.0000000 0.1527337 0.1639945 0.0000000 0.0154790 0.1514790 0.0000000
 52 H  52 0.0036260 0.0107461 0.0000000 0.0026129 0.0000000 0.0386421 0.1296153 0.0073315 0.0167796 0.0343968 0.3216050 0.0000000 0.0126210 0.0405405 0.0015353 0.3480978 0.0116840 0.0000000 0.0053118 0.0148544 0.0000000
 53 S  53 0.0000000 0.0000000 0.0178959 0.0000000 0.0000000 0.0000000 0.0042396 0.0207529 0.0000000 0.0394167 0.0026982 0.0000000 0.0039754 0.0000000 0.0099643 0.1171181 0.4833159 0.0000000 0.0000000 0.3006229 0.0000000
 54 D  54 0.0033271 0.0061803 0.0254923 0.1709498 0.0000000 0.0353499 0.4390933 0.1010926 0.0022437 0.0124532 0.0067534 0.0027759 0.0095488 0.0000000 0.0301296 0.0821609 0.0148011 0.0000000 0.0000000 0.0534608 0.0041871
 55 L  55 0.0000000 0.0000000 0.0031693 0.0000000 0.0000000 0.0000000 0.1241194 0.0015752 0.0000000 0.0112982 0.2097078 0.0000000 0.0150012 0.1758667 0.0314355 0.0000000 0.3428004 0.0000000 0.0183870 0.0666393 0.0000000
 56 S  56 0.0000000 0.3499691 0.0000000 0.0000000 0.0000000 0.0000000 0.0000000 0.0000000 0.0000000 0.1436175 0.2156962 0.0000000 0.1032977 0.0179118 0.0000000 0.0498158 0.0021777 0.0000000 0.1050001 0.0125141 0.0000000
 57 F  57 0.0971190 0.0837168 0.0000000 0.0000000 0.0009190 0.0825788 0.0147824 0.0042843 0.0169055 0.0150916 0.0052620 0.0033735 0.0000000 0.0498158 0.5460931 0.0657176 0.0036944 0.0015341 0.0042739 0.0036849 0.0011533
 58 S  58 0.1996655 0.0600511 0.3644459 0.0919491 0.0015791 0.0271024 0.0000000 0.0281140 0.0079957 0.0000000 0.0000000 0.0555661 0.0041534 0.0000000 0.0000000 0.1454820 0.0100542 0.0000000 0.0000000 0.0014744 0.0023670
 59 K  59 0.0427679 0.0221258 0.0080859 0.0393034 0.0000000 0.0057801 0.0265764 0.6643989 0.0000000 0.0000000 0.0000000 0.0921372 0.0000000 0.0000000 0.0278017 0.0370331 0.0339897 0.0000000 0.0000000 0.0000000 0.0000000
 60 D  60 0.0000000 0.0000000 0.0188588 0.9242910 0.0000000 0.0094094 0.0396428 0.0033688 0.0000000 0.0000000 0.0000000 0.0000000 0.0000000 0.0000000 0.0000000 0.0044292 0.0000000 0.0000000 0.0000000 0.0000000 0.0000000
 61 W  61 0.0000000 0.0141312 0.0310930 0.0029344 0.0000000 0.0076942 0.0314148 0.3598332 0.0988563 0.0000000 0.0043627 0.0000000 0.0000000 0.0138174 0.0000000 0.0035156 0.0000000 0.3955039 0.0341767 0.0026666 0.0000000
 62 S  62 0.0100332 0.0185506 0.0220288 0.0011366 0.0011847 0.0000000 0.0000000 0.0028726 0.0013638 0.0010928 0.0459938 0.0046163 0.0020068 0.0158922 0.0000000 0.1344102 0.6418182 0.0000000 0.0969994 0.0000000 0.0000000
 63 F  63 0.0000000 0.0000000 0.0000000 0.0000000 0.0000000 0.0000000 0.0000000 0.0000000 0.0018133 0.0301469 0.0062343 0.0023091 0.0000000 0.7176449 0.0000000 0.0017109 0.0000000 0.0170632 0.2230773 0.0000000 0.0000000
 64 Y  64 0.0026129 0.0755489 0.0351871 0.0000000 0.0020081 0.6974737 0.0138644 0.0000000 0.0337235 0.0000000 0.0286263 0.0000000 0.0000000 0.0184796 0.0000000 0.0065504 0.0200865 0.0000000 0.0658387 0.0000000 0.0000000
 65 L  65 0.0000000 0.0445791 0.0000000 0.0000000 0.0000000 0.0650444 0.0000000 0.0000000 0.0000000 0.1850659 0.0580831 0.4703780 0.0143465 0.0000000 0.0000000 0.0000000 0.0820910 0.0000000 0.0000000 0.0804119 0.0000000
 66 L  66 0.0000000 0.0217905 0.0000000 0.0000000 0.0000000 0.0019547 0.0000000 0.0015192 0.1492465 0.0641063 0.2255759 0.0000000 0.0282981 0.1413915 0.0000000 0.0015778 0.0141707 0.3439431 0.0000000 0.0064257 0.0000000
 67 Y  67 0.3405660 0.0000000 0.0015425 0.0000000 0.0041941 0.0047273 0.0018843 0.0260777 0.0701535 0.0000000 0.0000000 0.0025387 0.0013153 0.0026738 0.0000000 0.2585332 0.0085388 0.0000000 0.0187519 0.2585029 0.0000000
 68 Y  68 0.3049304 0.0349910 0.0025475 0.0000000 0.0000000 0.0116129 0.0049295 0.0000000 0.1517751 0.0030624 0.0000000 0.0000000 0.1837769 0.0018712 0.0000000 0.0471569 0.0324265 0.0000000 0.1998573 0.0210624 0.0000000
 69 T  69 0.0105538 0.0000000 0.0000000 0.0000000 0.0000000 0.0000000 0.0000000 0.0000000 0.0000000 0.0196377 0.6526332 0.0000000 0.0153568 0.0000000 0.0032694 0.0000000 0.0392621 0.0000000 0.0000000 0.2592871 0.0000000
 70 E  70 0.0175297 0.0039994 0.0000000 0.0317690 0.0000000 0.0305875 0.3921688 0.0035068 0.0000000 0.0031454 0.0044828 0.0027562 0.0096385 0.0000000 0.0426485 0.0179655 0.1348745 0.0000000 0.0000000 0.3040297 0.0008976
 71 F  71 0.0026938 0.0000000 0.0000000 0.0000000 0.0000000 0.0000000 0.0000000 0.0041005 0.0016584 0.0142778 0.0098617 0.0000000 0.0892047 0.2916144 0.0000000 0.0059064 0.1091602 0.0000000 0.1246569 0.3468653 0.0000000
 72 T  72 0.0281711 0.0017981 0.0013962 0.0000000 0.0000000 0.0000000 0.0047273 0.0016916 0.0000000 0.0443182 0.0893156 0.0015057 0.0120719 0.0024642 0.3152464 0.0048825 0.3676968 0.0000000 0.0000000 0.1247143 0.0000000
 73 P  73 0.0110288 0.0020541 0.0015418 0.0094094 0.0000000 0.0000000 0.0000000 0.0000000 0.0000000 0.0168261 0.0367859 0.0000000 0.0000000 0.0031303 0.6446282 0.2686591 0.0030195 0.0000000 0.0000000 0.0029168 0.0000000
 74 T  74 0.0033828 0.1217526 0.0336205 0.0000000 0.0000000 0.1723368 0.0335849 0.3676189 0.0060693 0.0000000 0.0016745 0.0672799 0.0000000 0.0046679 0.0000000 0.1324109 0.0397479 0.0057024 0.0000000 0.0087267 0.0014241
 75 E  75 0.0773751 0.0703042 0.0070910 0.0412848 0.0000000 0.0426509 0.3567881 0.0096438 0.0269080 0.0000000 0.0409088 0.0450740 0.0036618 0.0000000 0.0143004 0.2173363 0.0357925 0.0000000 0.0047339 0.0035532 0.0025931
 76 K  76 0.0212654 0.0032754 0.0073889 0.0747634 0.0000000 0.0033814 0.4112867 0.4307960 0.0000000 0.0000000 0.0000000 0.0259410 0.0000000 0.0000000 0.0000000 0.0000000 0.0149144 0.0000000 0.0018608 0.0037731 0.0013537
 77 D  77 0.0170632 0.0013243 0.0000000 0.4285888 0.0000000 0.3128714 0.2113319 0.0106190 0.0041328 0.0000000 0.0038570 0.0032266 0.0000000 0.0000000 0.0016731 0.0053118 0.0000000 0.0000000 0.0000000 0.0000000 0.0000000
 78 E  78 0.0034374 0.2384833 0.0337647 0.0000000 0.0000000 0.0052420 0.0325214 0.0183875 0.0013348 0.0956030 0.0000000 0.1905019 0.0174166 0.0279612 0.0000000 0.0361247 0.0444907 0.0000000 0.0128394 0.2418912 0.0000000
 79 Y  79 0.0000000 0.0000000 0.0000000 0.0000000 0.0000000 0.0000000 0.0000000 0.0000000 0.0028456 0.1286026 0.0170632 0.0000000 0.0000000 0.0224996 0.0000000 0.0000000 0.0000000 0.0000000 0.8289890 0.0000000 0.0000000
 80 A  80 0.0452724 0.0047915 0.0000000 0.1538696 0.0029100 0.0031134 0.0093398 0.0134364 0.0000000 0.0071382 0.0000000 0.0025396 0.0105737 0.0000000 0.0000000 0.2166792 0.5144491 0.0000000 0.0000000 0.0158872 0.0000000
 81 C  81 0.0000000 0.0000000 0.0000000 0.0000000 1.0000000 0.0000000 0.0000000 0.0000000 0.0000000 0.0000000 0.0000000 0.0000000 0.0000000 0.0000000 0.0000000 0.0000000 0.0000000 0.0000000 0.0000000 0.0000000 0.0000000
 82 R  82 0.0342015 0.2191258 0.0000000 0.0000000 0.0022359 0.1227601 0.0112741 0.0000000 0.3017613 0.0000000 0.0206891 0.1112914 0.0324152 0.0124684 0.0000000 0.0111934 0.0363019 0.0000000 0.0027204 0.0619241 0.0196377
 83 V  83 0.0035706 0.0000000 0.0000000 0.0000000 0.0000000 0.0000000 0.0000000 0.0000000 0.0000000 0.0036034 0.0021816 0.0000000 0.0068989 0.0000000 0.0000000 0.0000000 0.0000000 0.0000000 0.0000000 0.9641079 0.0196377
 84 N  84 0.0000000 0.0280857 0.0218024 0.0393629 0.0000000 0.2564627 0.5239835 0.0000000 0.0336335 0.0000000 0.0021155 0.0459053 0.0000000 0.0000000 0.0000000 0.0058427 0.0029477 0.0011322 0.0176717 0.0014166 0.0196377
 85 H  85 0.0000000 0.0000000 0.0000000 0.0000000 0.0000000 0.0000000 0.0000000 0.0000000 0.9698531 0.0000000 0.0000000 0.0000000 0.0000000 0.0000000 0.0000000 0.0000000 0.0000000 0.0000000 0.0105093 0.0000000 0.0196377
 86 V  86 0.1448772 0.0053828 0.0011888 0.0013200 0.0000000 0.0087351 0.3000364 0.0030624 0.0000000 0.0103318 0.0352900 0.0484758 0.0011376 0.0000000 0.1286255 0.0704562 0.0112969 0.1564803 0.0000000 0.0536655 0.0196377
 87 T  87 0.0604918 0.0034493 0.0000000 0.0000000 0.0019245 0.0000000 0.0000000 0.4901165 0.0000000 0.0000000 0.0000000 0.0000000 0.0000000 0.0000000 0.0000000 0.3811732 0.0432071 0.0000000 0.0000000 0.0000000 0.0196377
 88 L  88 0.0000000 0.0074946 0.0000000 0.0000000 0.0000000 0.0033519 0.0000000 0.0000000 0.0022587 0.0029581 0.8998437 0.0000000 0.0127386 0.0214805 0.0012711 0.0030391 0.0000000 0.0071263 0.0000000 0.0187996 0.0196377
 89 S  89 0.0326048 0.0318248 0.0071506 0.1228591 0.0000000 0.1360860 0.1041723 0.0146022 0.0008605 0.0000000 0.0170726 0.0678113 0.0087120 0.0000000 0.2469656 0.0472329 0.1382205 0.0000000 0.0041871 0.0000000 0.0196377
 90 Q  90 0.0122850 0.0198502 0.0038430 0.0119111 0.0000000 0.1478814 0.4784617 0.0194891 0.0158678 0.0000000 0.0000000 0.1015734 0.0000000 0.0000000 0.0000000 0.1410304 0.0237847 0.0000000 0.0000000 0.0000000 0.0240222
 91 P  91 0.0046019 0.0000000 0.0000000 0.0170632 0.0000000 0.0014346 0.0000000 0.0072454 0.0016649 0.0000000 0.0000000 0.0000000 0.0000000 0.0000000 0.9366828 0.0063743 0.0023111 0.0000000 0.0000000 0.0000000 0.0226219
 92 K  92 0.0065712 0.0147931 0.0000000 0.0170489 0.0011960 0.0207684 0.0022565 0.0000000 0.0008147 0.1294210 0.5554869 0.0301093 0.0344719 0.0057887 0.0000000 0.0064827 0.0058676 0.0000000 0.0030916 0.1432096 0.0226219
 93 I  93 0.0041435 0.0089241 0.0027275 0.0000000 0.0000000 0.0000000 0.0046019 0.0000000 0.0023547 0.1193523 0.1486062 0.0039983 0.0126999 0.0046547 0.0008884 0.0685781 0.5312142 0.0000000 0.0000000 0.0646342 0.0226219
 94 V  94 0.0052998 0.0598436 0.0000000 0.0000000 0.0000000 0.0524211 0.0000000 0.0000000 0.0038284 0.0152416 0.3151479 0.1568233 0.0045981 0.0013810 0.0000000 0.0043627 0.0841736 0.0010770 0.0357019 0.2374780 0.0226219
 95 K  95 0.0134977 0.2710964 0.0181120 0.1082303 0.0000000 0.0212486 0.1415680 0.0015778 0.1822680 0.0376627 0.0075683 0.0862569 0.0035156 0.0116993 0.0090916 0.0055368 0.0357463 0.0000000 0.0201739 0.0025278 0.0226219
 96 W  96 0.0000000 0.0000000 0.0000000 0.0000000 0.0037362 0.0000000 0.0000000 0.0000000 0.0000000 0.0000000 0.0000000 0.0000000 0.0000000 0.0022781 0.0000000 0.0000000 0.0000000 0.9309616 0.0226520 0.0000000 0.0403721
 97 D  97 0.0030698 0.0040993 0.0031134 0.1809524 0.0000000 0.0029143 0.5452328 0.0026953 0.0000000 0.0000000 0.0000000 0.0113503 0.0000000 0.0000000 0.0000000 0.0000000 0.0000000 0.0000000 0.0000000 0.0084249 0.2381477
 98 R  98 0.0033066 0.0454147 0.0000000 0.0000000 0.0000000 0.0063018 0.0000000 0.0000000 0.0000000 0.0000000 0.0019384 0.0000000 0.0000000 0.0235463 0.5392459 0.0145329 0.0049065 0.0000000 0.0000000 0.0676162 0.2931909
 99 D  99 0.0090311 0.0000000 0.0173086 0.0765951 0.0000000 0.0519211 0.1369844 0.0045362 0.0000000 0.0000000 0.0041704 0.0033863 0.0000000 0.0000000 0.0105040 0.1952457 0.0000000 0.0000000 0.0000000 0.0000000 0.4903171
100 M 100 0.0000000 0.0000000 0.0000000 0.0000000 0.0000000 0.0000000 0.0000000 0.0000000 0.0000000 0.0473164 0.0651616 0.0000000 0.0984556 0.0000000 0.0000000 0.0000000 0.0000000 0.0000000 0.0000000 0.1015039 0.6875626
