  146         A         R         N         D         C         Q         E         G         H         I         L         K         M         F         P         S         T         W         Y         V         X    
  1 M   1 0.0000000 0.0000000 0.0000000 0.0000000 0.0000000 0.0000000 0.0000000 0.0000000 0.0000000 0.0000000 0.0132282 0.0000000 0.2177397 0.0000000 0.0000000 0.0000000 0.0000000 0.0000000 0.0000000 0.0000000 0.7690321
  2 R   2 0.0094765 0.0201036 0.0489749 0.0271478 0.0000000 0.0027195 0.0195532 0.0077463 0.0000000 0.0037806 0.0042053 0.0135136 0.0000000 0.0000000 0.0025076 0.0696253 0.0309217 0.0000000 0.0000000 0.0047284 0.7349958
  3 Q   3 0.0025401 0.0103770 0.0148718 0.0433461 0.0000000 0.0418962 0.0797130 0.0067697 0.0131937 0.0049761 0.0016344 0.0461803 0.0049717 0.0000000 0.0066164 0.0051524 0.0088792 0.0030625 0.0009665 0.0045488 0.7003041
  4 L   4 0.0237868 0.0131952 0.0157932 0.0097159 0.0000000 0.0142227 0.0090468 0.0043189 0.0020966 0.0319466 0.0835251 0.0160490 0.0246877 0.0022212 0.0063676 0.0183559 0.0136438 0.0000000 0.0213575 0.0177846 0.6718847
  5 A   5 0.0558416 0.0132384 0.0164372 0.0288296 0.0000000 0.0078964 0.0890615 0.0067023 0.0041014 0.0293900 0.0101037 0.0055970 0.0157758 0.0121531 0.0145624 0.0248327 0.0227912 0.0000000 0.0074215 0.0103451 0.6249190
  6 K   6 0.0043446 0.0154667 0.0359823 0.0056819 0.0028879 0.0338846 0.0798351 0.0000000 0.0274186 0.0070650 0.0371267 0.0636311 0.0000000 0.0099829 0.0233128 0.0125273 0.0059726 0.0000000 0.0137787 0.0042078 0.6168934
  7 D   7 0.0090638 0.0619947 0.0079681 0.1064226 0.0011167 0.0804010 0.1272959 0.0032946 0.0019922 0.0135603 0.0103354 0.0667285 0.0012468 0.0000000 0.0064334 0.0164161 0.0093744 0.0000000 0.0000000 0.0091937 0.4671618
  8 I   8 0.0060743 0.0346413 0.0096029 0.0000000 0.0000000 0.0147498 0.0043255 0.0015897 0.0014647 0.1167711 0.3479108 0.0013492 0.0283440 0.0151000 0.0033103 0.0100739 0.0108776 0.0021148 0.0000000 0.0453167 0.3463833
  9 N   9 0.0135114 0.0106394 0.0595399 0.2597294 0.0000000 0.0152954 0.1820954 0.0165869 0.0036019 0.0097937 0.0122010 0.0204384 0.0141649 0.0064892 0.0082543 0.0521087 0.0230756 0.0000000 0.0051902 0.0136241 0.2736604
 10 A  10 0.0356600 0.0775578 0.1098928 0.0877520 0.0128452 0.0786259 0.1082585 0.0220074 0.0351161 0.0159993 0.0110738 0.0755227 0.0038089 0.0000000 0.0219506 0.0349758 0.0419300 0.0000000 0.0056808 0.0044476 0.2168949
 11 F  11 0.0219445 0.0155708 0.0181884 0.0119954 0.0310834 0.1683767 0.0233279 0.0079528 0.0324233 0.0099701 0.1171148 0.0241550 0.0180098 0.0497414 0.0140543 0.1537750 0.0278549 0.0044346 0.0280398 0.0173800 0.2046071
 12 L  12 0.0088509 0.0000000 0.0046346 0.0029204 0.0000000 0.0115626 0.0044346 0.0000000 0.0000000 0.1764377 0.4266920 0.0015902 0.0231910 0.0491061 0.0000000 0.0015144 0.0015126 0.0000000 0.0012365 0.1631092 0.1232073
 13 N  13 0.0328123 0.0397931 0.1505448 0.0052035 0.1933752 0.0147790 0.0261795 0.2649834 0.0112164 0.0034877 0.0052675 0.0133385 0.0027425 0.0150906 0.0112128 0.0441103 0.0224834 0.0000000 0.0086978 0.0166002 0.1180815
 14 E  14 0.0087900 0.0761381 0.0043596 0.0519477 0.0011520 0.0529023 0.0794217 0.0127486 0.0511560 0.0109828 0.0262145 0.0333013 0.0088273 0.2884761 0.0051751 0.0105310 0.0200983 0.0191112 0.1158949 0.0166681 0.1061034
 15 V  15 0.1645434 0.0172348 0.0028813 0.0022283 0.0025866 0.0263449 0.0034709 0.0020494 0.0080250 0.1407524 0.2714381 0.0147202 0.0138721 0.0140636 0.0395580 0.0454798 0.0188113 0.0225030 0.0365801 0.0867921 0.0660649
 16 I  16 0.0247651 0.0109402 0.0043460 0.0000000 0.0000000 0.0045961 0.0050779 0.0027910 0.0060683 0.1448330 0.5286743 0.0074097 0.0524944 0.0785794 0.0000000 0.0129900 0.0068593 0.0051611 0.0122306 0.0651119 0.0270716
 17 L  17 0.0814870 0.0641151 0.0599785 0.0072580 0.0000000 0.0162899 0.0222829 0.0422853 0.0455478 0.0233398 0.0700505 0.0397480 0.0130656 0.0221045 0.0000000 0.0966231 0.0683460 0.0085681 0.1880673 0.1052460 0.0255968
 18 Q  18 0.1003994 0.2319997 0.0194279 0.0437840 0.0035711 0.0478288 0.0528760 0.0133286 0.0159584 0.0309975 0.0527895 0.1271367 0.0275379 0.0210257 0.0000000 0.1049263 0.0189527 0.0000000 0.0077562 0.0573189 0.0223847
 19 A  19 0.3330878 0.0012798 0.0108492 0.0000000 0.0189524 0.0051611 0.0101009 0.0049287 0.0000000 0.1040806 0.1404040 0.0026304 0.0099454 0.0550027 0.0000000 0.0485356 0.0831274 0.0019737 0.0059204 0.1373810 0.0266387
 20 E  20 0.1629562 0.0377395 0.0745193 0.0096224 0.0043680 0.0458320 0.0552766 0.0233774 0.0346694 0.0099245 0.0286033 0.0359792 0.0366311 0.0860264 0.0033734 0.1751319 0.0442345 0.0057042 0.0869037 0.0122811 0.0268459
 21 N  21 0.0222242 0.2638175 0.1812368 0.0225958 0.0000000 0.0975958 0.0349819 0.0208027 0.0876757 0.0058227 0.0586099 0.0867751 0.0059701 0.0094978 0.0017846 0.0335496 0.0227489 0.0050507 0.0047590 0.0113781 0.0231230
 22 Q  22 0.1944371 0.0901149 0.0294565 0.0341088 0.0016217 0.0650630 0.0768456 0.0132026 0.0239876 0.0363310 0.1262188 0.1002511 0.0142215 0.0254334 0.0000000 0.0617039 0.0430621 0.0045321 0.0046699 0.0323945 0.0223438
 23 H  23 0.0451063 0.0224643 0.0122564 0.0015126 0.0011705 0.0094929 0.0195822 0.0272719 0.0784061 0.1455329 0.1467873 0.0284340 0.1449579 0.0632743 0.0000000 0.0132169 0.0163612 0.0014918 0.0348050 0.1706175 0.0172580
 24 E  24 0.0211581 0.1442021 0.0798809 0.0540294 0.0077589 0.0394051 0.0922440 0.0343248 0.0277183 0.0252338 0.0654801 0.0438399 0.0226215 0.0416005 0.0013248 0.1010462 0.1083737 0.0144935 0.0117906 0.0470958 0.0163780
 25 I  25 0.0788730 0.2056943 0.0466056 0.0430507 0.0030385 0.0827678 0.0737262 0.0345939 0.0218176 0.0386396 0.0445210 0.1158375 0.0264962 0.0041049 0.0017735 0.0642552 0.0449025 0.0115898 0.0057232 0.0308907 0.0210983
 26 L  26 0.1313973 0.0761138 0.0225267 0.0157863 0.0121387 0.0208729 0.0569420 0.0086677 0.0249347 0.1103813 0.1858976 0.0378055 0.0477196 0.0175757 0.0066973 0.0260560 0.0250140 0.0368439 0.0490560 0.0702228 0.0173503
 27 I  27 0.0551127 0.0081973 0.0054949 0.0061296 0.0075628 0.0113602 0.1048614 0.0201587 0.0079329 0.0497728 0.1440647 0.0034956 0.0459099 0.1240558 0.0092491 0.0232812 0.0277523 0.0087344 0.2404399 0.0741438 0.0222900
 28 G  28 0.0761185 0.1477436 0.0867311 0.1094565 0.0000000 0.0698451 0.1171983 0.0789931 0.0324948 0.0102369 0.0126244 0.1212516 0.0046340 0.0115736 0.0081845 0.0543242 0.0212782 0.0027307 0.0023594 0.0099664 0.0222549
 29 H  29 0.0964716 0.1280976 0.0234641 0.0410180 0.0020427 0.0908453 0.1165392 0.0184892 0.0375472 0.0052141 0.0078240 0.1209600 0.0054397 0.0063295 0.1687397 0.0673782 0.0325616 0.0000000 0.0033583 0.0096503 0.0180299
 30 C  30 0.1099829 0.0770139 0.0230944 0.0197263 0.0456798 0.0305301 0.0715784 0.0128788 0.0467940 0.0275601 0.1730242 0.0283815 0.0315067 0.0485644 0.0021472 0.0722855 0.0323008 0.0036878 0.0542506 0.0617071 0.0273057
 31 T  31 0.0477407 0.0040014 0.0062137 0.0080603 0.0151360 0.0291189 0.0091819 0.0307145 0.0031178 0.0590335 0.5038985 0.0049025 0.0451611 0.0721842 0.0000000 0.0140842 0.0404562 0.0000000 0.0133787 0.0680890 0.0255268
 32 S  32 0.1621871 0.1270864 0.0279863 0.0816227 0.0024951 0.0534221 0.1550645 0.0292362 0.0057749 0.0078300 0.0068907 0.1471657 0.0019986 0.0021695 0.0000000 0.1153178 0.0422011 0.0000000 0.0012312 0.0060454 0.0242747
 33 E  33 0.0669543 0.0565771 0.0178132 0.1174054 0.0084282 0.0588937 0.2058887 0.0635964 0.0116891 0.0074257 0.0025459 0.0888848 0.0000000 0.0122256 0.1894491 0.0334022 0.0207993 0.0000000 0.0018088 0.0049661 0.0312467
 34 V  34 0.0077118 0.0127060 0.0145110 0.0040326 0.0018797 0.0149874 0.0107911 0.0164099 0.1002290 0.0449488 0.2814565 0.0415573 0.0310215 0.1071500 0.0023767 0.0481295 0.0258157 0.0053052 0.1417533 0.0517554 0.0354716
 35 A  35 0.0148685 0.0064008 0.0621371 0.2485777 0.0000000 0.0290876 0.0361136 0.4959234 0.0079371 0.0051611 0.0012247 0.0336746 0.0000000 0.0000000 0.0198974 0.0172095 0.0021424 0.0000000 0.0000000 0.0000000 0.0196443
 36 L  36 0.0000000 0.0037014 0.0000000 0.0000000 0.0000000 0.0000000 0.0000000 0.0000000 0.0043624 0.2534838 0.5953620 0.0000000 0.0170586 0.0147311 0.0030619 0.0015801 0.0000000 0.0000000 0.0133040 0.0846179 0.0087368
 37 T  37 0.0040288 0.0048793 0.0553734 0.0070544 0.0022889 0.0103584 0.0000000 0.0117036 0.0235617 0.0000000 0.0017344 0.0022021 0.0000000 0.0012128 0.0027657 0.1548038 0.6569669 0.0000000 0.0485520 0.0016249 0.0108890
 38 N  38 0.0654992 0.0376216 0.0654416 0.0061534 0.0000000 0.0228015 0.0049770 0.0498770 0.0304403 0.0525053 0.0738284 0.0030966 0.0225794 0.0228504 0.2415073 0.0349420 0.0267030 0.0029101 0.1792133 0.0533665 0.0036861
 39 T  39 0.1312337 0.0097668 0.0278817 0.0105034 0.0000000 0.0392459 0.0193159 0.1232823 0.0012467 0.0027743 0.0041823 0.0317733 0.0095368 0.0061899 0.2718076 0.0937348 0.1854336 0.0031521 0.0000000 0.0252528 0.0036861
 40 Q  40 0.0068894 0.0073176 0.0000000 0.0362668 0.0000000 0.7145520 0.1890118 0.0037361 0.0075645 0.0000000 0.0108758 0.0127691 0.0000000 0.0017596 0.0000000 0.0038366 0.0000000 0.0000000 0.0000000 0.0017344 0.0036861
 41 E  41 0.0508240 0.0000000 0.0021522 0.0053826 0.0000000 0.0038879 0.0519265 0.0390610 0.0062918 0.0747880 0.0222517 0.0000000 0.0905338 0.2162196 0.0211333 0.0158651 0.0010076 0.1293865 0.2223797 0.0432226 0.0036861
 42 H  42 0.0454936 0.0695971 0.0104926 0.0421967 0.0021283 0.0270160 0.0125748 0.0946002 0.2393214 0.0444125 0.1733628 0.0437110 0.0188145 0.0210084 0.0354722 0.0359043 0.0120672 0.0055764 0.0119984 0.0542517 0.0000000
 43 I  43 0.1175059 0.0000000 0.0000000 0.0000000 0.0157552 0.0000000 0.0000000 0.0048886 0.0000000 0.1359185 0.1097476 0.0000000 0.0143540 0.0098967 0.0242548 0.0022780 0.1158188 0.0000000 0.0041352 0.4454468 0.0000000
 44 L  44 0.0000000 0.0000000 0.0000000 0.0000000 0.0032174 0.0000000 0.0000000 0.0000000 0.0000000 0.1801672 0.6163605 0.0000000 0.1713361 0.0069013 0.0000000 0.0000000 0.0000000 0.0000000 0.0000000 0.0220174 0.0000000
 45 M  45 0.0937263 0.0493046 0.0293109 0.0583689 0.0275088 0.0275681 0.1482742 0.0253749 0.0119299 0.0286565 0.1687521 0.0268237 0.1367131 0.0421698 0.0000000 0.0332833 0.0212337 0.0029224 0.0237043 0.0443744 0.0000000
 46 L  46 0.1736449 0.0264276 0.0030363 0.0018012 0.0656827 0.0245667 0.0131347 0.0015427 0.0278306 0.0483772 0.1905919 0.0134952 0.0402472 0.0263159 0.0000000 0.0328332 0.0631612 0.0322723 0.0234850 0.1915536 0.0000000
 47 L  47 0.0019732 0.0000000 0.0000000 0.0000000 0.0016538 0.0000000 0.0000000 0.0000000 0.0000000 0.2071663 0.7200225 0.0000000 0.0124884 0.0000000 0.0000000 0.0000000 0.0000000 0.0082342 0.0000000 0.0484616 0.0000000
 48 S  48 0.0946598 0.0657780 0.0245399 0.0098454 0.0014844 0.0127304 0.0267722 0.1850421 0.0530518 0.0000000 0.0055499 0.0120409 0.0153560 0.0071252 0.0000000 0.1184126 0.0182670 0.2859721 0.0560487 0.0073233 0.0000000
 49 E  49 0.0239881 0.0925095 0.0333498 0.0522529 0.0070212 0.0908986 0.2994063 0.0328291 0.1330541 0.0044741 0.0199092 0.1227838 0.0374383 0.0000000 0.0042266 0.0289795 0.0087817 0.0000000 0.0028109 0.0052862 0.0000000
 50 E  50 0.0213919 0.0215907 0.0421488 0.2123894 0.0000000 0.0417622 0.2572169 0.2509277 0.0277058 0.0000000 0.0013463 0.0455702 0.0014904 0.0049455 0.0101131 0.0480280 0.0067680 0.0000000 0.0046007 0.0020045 0.0000000
 51 S  51 0.0468860 0.0356189 0.0298501 0.0753182 0.0173434 0.0154638 0.0413203 0.3854527 0.0267982 0.0024992 0.0018458 0.0304873 0.0019316 0.0044681 0.2326339 0.0351959 0.0095356 0.0000000 0.0008283 0.0065228 0.0000000
 52 L  52 0.0476971 0.0482801 0.0143937 0.0074062 0.0502179 0.1083716 0.0038013 0.0026108 0.0030941 0.1327394 0.2567251 0.0330033 0.0980729 0.0000000 0.0268955 0.0216953 0.0308793 0.0000000 0.0148873 0.0992292 0.0000000
 53 T  53 0.0130503 0.0876507 0.0762852 0.0025252 0.0047042 0.0042577 0.0000000 0.0231157 0.0044955 0.0059226 0.0182631 0.0350169 0.0027363 0.0014771 0.0846359 0.1639929 0.4688229 0.0013601 0.0016877 0.0000000 0.0000000
 54 N  54 0.0409323 0.0000000 0.0530498 0.0000000 0.0031499 0.1857243 0.0000000 0.0093557 0.0020054 0.0810985 0.0380680 0.0000000 0.1515570 0.0077091 0.1607636 0.0188127 0.0138850 0.0000000 0.0000000 0.2338888 0.0000000
 55 S  55 0.0931614 0.0577248 0.0330298 0.0049563 0.0043018 0.0452338 0.0059929 0.1421979 0.0079932 0.0106009 0.0032133 0.1890403 0.0041691 0.0189428 0.0000000 0.2431617 0.1079990 0.0000000 0.0000000 0.0282810 0.0000000
 56 E  56 0.0615077 0.0297952 0.0036393 0.1446647 0.0016535 0.1178922 0.4823921 0.0180699 0.0104558 0.0000000 0.0042661 0.0278802 0.0022356 0.0117936 0.0000000 0.0305666 0.0312706 0.0000000 0.0052371 0.0166800 0.0000000
 57 M  57 0.0039958 0.0000000 0.0000000 0.0000000 0.0015590 0.0000000 0.0000000 0.0000000 0.0020900 0.2783440 0.6385581 0.0000000 0.0103380 0.0026308 0.0000000 0.0000000 0.0019311 0.0000000 0.0000000 0.0605532 0.0000000
 58 A  58 0.5338222 0.0050492 0.0000000 0.0015989 0.0254770 0.0029926 0.0027225 0.2304911 0.0000000 0.0186480 0.0051652 0.0124971 0.0026732 0.0011420 0.0000000 0.1323761 0.0064407 0.0000000 0.0106290 0.0082751 0.0000000
 59 R  59 0.0864860 0.1644398 0.0376965 0.0984498 0.0036239 0.0532489 0.3003882 0.0213375 0.0100232 0.0028836 0.0029995 0.1488886 0.0012955 0.0000000 0.0000000 0.0414193 0.0194242 0.0021042 0.0000000 0.0052913 0.0000000
 60 R  60 0.0762614 0.2353148 0.0122709 0.0165746 0.0026182 0.0339732 0.0751225 0.0015791 0.0350183 0.0349885 0.0724027 0.2424370 0.0291120 0.0042450 0.0017884 0.0359480 0.0392966 0.0027780 0.0169787 0.0312921 0.0000000
 61 L  61 0.0290529 0.0013489 0.0025409 0.0000000 0.0190092 0.0037187 0.0000000 0.0025198 0.0012297 0.0641451 0.5943446 0.0000000 0.1302068 0.0203678 0.0000000 0.0221076 0.0464533 0.0013764 0.0100205 0.0496221 0.0019356
 62 N  62 0.0379425 0.0405208 0.0865707 0.0716434 0.0116617 0.0314380 0.0478343 0.1942071 0.0658804 0.0010548 0.0966730 0.0564189 0.0526979 0.0461457 0.0000000 0.0670856 0.0049395 0.0010987 0.0725613 0.0136257 0.0000000
 63 V  63 0.0136355 0.0032852 0.0000000 0.0000000 0.0236957 0.0119358 0.0000000 0.0000000 0.0021077 0.2159146 0.3431513 0.0356207 0.0592819 0.0060154 0.0000000 0.0072201 0.0249579 0.0000000 0.0156411 0.2375369 0.0000000
 64 S  64 0.0676228 0.0175538 0.0072357 0.3561820 0.0000000 0.0136602 0.0951350 0.0108818 0.0027910 0.0000000 0.0032586 0.0369576 0.0000000 0.0000000 0.0000000 0.1092655 0.2636058 0.0000000 0.0000000 0.0158502 0.0000000
 65 Q  65 0.0624834 0.0656407 0.0354469 0.0000000 0.0195168 0.0548037 0.0070038 0.0300074 0.0000000 0.0037784 0.0332868 0.0984550 0.0142431 0.0055254 0.1879170 0.2480467 0.0867592 0.0000000 0.0073046 0.0397811 0.0000000
 66 A  66 0.1509809 0.0123400 0.0108430 0.0000000 0.0000000 0.0053337 0.0000000 0.4552777 0.0000000 0.0168529 0.0000000 0.0066973 0.0025224 0.0000000 0.0721014 0.2353116 0.0258403 0.0000000 0.0000000 0.0058987 0.0000000
 67 A  67 0.2035719 0.0027756 0.0685406 0.0000000 0.0000000 0.0045103 0.0000000 0.0285340 0.0021144 0.0000000 0.0104812 0.0000000 0.0000000 0.0000000 0.0021730 0.1331172 0.5425355 0.0016463 0.0000000 0.0000000 0.0000000
 68 V  68 0.0294827 0.0000000 0.0000000 0.0000000 0.0051611 0.0000000 0.0000000 0.0000000 0.0000000 0.1745141 0.3460432 0.0000000 0.1441975 0.0000000 0.0000000 0.0016680 0.0633963 0.0000000 0.0000000 0.2355370 0.0000000
 69 T  69 0.0314591 0.0000000 0.0069998 0.0000000 0.0044282 0.0064458 0.0000000 0.0190369 0.0000000 0.0000000 0.0000000 0.0000000 0.0000000 0.0000000 0.0000000 0.1678908 0.7448058 0.0000000 0.0000000 0.0189336 0.0000000
 70 K  70 0.0270816 0.2192579 0.0216422 0.0295005 0.0000000 0.0268790 0.0058382 0.1462321 0.0122156 0.0243554 0.0153471 0.0856716 0.0036059 0.0015958 0.1831871 0.0300257 0.0594821 0.0000000 0.0374796 0.0706025 0.0000000
 71 A  71 0.1160082 0.0349578 0.0027021 0.0000000 0.0023720 0.0242516 0.0000000 0.0052838 0.0000000 0.1244737 0.3292137 0.0018013 0.1336216 0.0000000 0.0000000 0.0560855 0.0487150 0.0000000 0.0026304 0.1178832 0.0000000
 72 I  72 0.0268690 0.0000000 0.0000000 0.0000000 0.0048070 0.0000000 0.0000000 0.0000000 0.0000000 0.2304187 0.4271655 0.0000000 0.0234189 0.0022641 0.0000000 0.0122492 0.0108138 0.0000000 0.0000000 0.2619937 0.0000000
 73 K  73 0.0094958 0.0316263 0.0750750 0.4904326 0.0030184 0.0283192 0.0192656 0.0070687 0.0000000 0.0000000 0.0000000 0.2989477 0.0000000 0.0045834 0.0000000 0.0205485 0.0101054 0.0000000 0.0000000 0.0015134 0.0000000
 74 S  74 0.0173517 0.5864138 0.0421137 0.0013769 0.0022382 0.0164755 0.0019294 0.0275367 0.0082149 0.0018599 0.0074033 0.2154476 0.0027756 0.0000000 0.0014813 0.0581726 0.0078990 0.0000000 0.0013098 0.0000000 0.0000000
 75 L  75 0.0014692 0.0000000 0.0000000 0.0000000 0.0000000 0.0000000 0.0000000 0.0000000 0.0000000 0.0060682 0.7764734 0.0000000 0.1927696 0.0038216 0.0000000 0.0024224 0.0068377 0.0000000 0.0000000 0.0082024 0.0019356
 76 V  76 0.0253257 0.0063744 0.0000000 0.0053942 0.0033881 0.0357878 0.6812583 0.0009876 0.0034701 0.0417033 0.0290919 0.0000000 0.0013551 0.0000000 0.0000000 0.0093406 0.0122622 0.0035206 0.0035909 0.1371491 0.0000000
 77 K  77 0.1906585 0.1061894 0.0344425 0.0400734 0.0075157 0.0711988 0.0891815 0.0283028 0.0058865 0.0026223 0.0048969 0.3095825 0.0011216 0.0012688 0.0012355 0.0657355 0.0295731 0.0000000 0.0000000 0.0105148 0.0000000
 78 E  78 0.1637647 0.1034332 0.0618743 0.0292059 0.0020969 0.0621853 0.0520888 0.0236980 0.0096460 0.0015956 0.0443270 0.3544881 0.0229685 0.0057146 0.0000000 0.0462800 0.0110207 0.0015816 0.0013390 0.0026918 0.0000000
 79 G  79 0.0088082 0.0053091 0.0313084 0.0413026 0.0000000 0.0232032 0.0725419 0.7889368 0.0039915 0.0000000 0.0000000 0.0154474 0.0000000 0.0000000 0.0018984 0.0072525 0.0000000 0.0000000 0.0000000 0.0000000 0.0000000
 80 M  80 0.0013823 0.0050682 0.0000000 0.0000000 0.0032896 0.0016191 0.0000000 0.0000000 0.0226614 0.0070937 0.5309499 0.0045306 0.0529957 0.1209959 0.0000000 0.0000000 0.0029730 0.0624351 0.1799607 0.0040449 0.0000000
 81 L  81 0.0257964 0.0000000 0.0000000 0.0000000 0.0074203 0.0000000 0.0000000 0.0000000 0.0000000 0.2544213 0.1712555 0.0000000 0.0048026 0.0000000 0.0000000 0.0000000 0.0023935 0.0000000 0.0000000 0.5339103 0.0000000
 82 E  82 0.0546871 0.1340690 0.0181387 0.0227689 0.0065291 0.0563602 0.2784253 0.0028390 0.0105603 0.0362887 0.0317968 0.0590695 0.0078097 0.0026524 0.0000000 0.0450374 0.1318334 0.0000000 0.0198435 0.0812912 0.0000000
 83 T  83 0.0091525 0.9047577 0.0000000 0.0000000 0.0000000 0.0051611 0.0062244 0.0064054 0.0000000 0.0000000 0.0015275 0.0267007 0.0000000 0.0000000 0.0043577 0.0190250 0.0134419 0.0000000 0.0000000 0.0032461 0.0000000
 84 S  84 0.0451225 0.1566690 0.0215812 0.0075391 0.0129925 0.0831278 0.1297482 0.0175176 0.0201406 0.0512211 0.0300801 0.0740866 0.0096179 0.0067554 0.0000000 0.0720569 0.1033484 0.0015989 0.0273209 0.1294754 0.0000000
 85 K  85 0.0749745 0.4398975 0.0103971 0.0071631 0.0000000 0.0474268 0.0055945 0.0022107 0.0136816 0.0096978 0.0091400 0.0730186 0.0036141 0.0031012 0.2115509 0.0241533 0.0368237 0.0016470 0.0000000 0.0259076 0.0000000
 86 D  86 0.0184856 0.0094741 0.0788956 0.4243976 0.0509759 0.0031619 0.0138654 0.0253231 0.0642193 0.0080755 0.0141035 0.0093748 0.0011499 0.0000000 0.0018248 0.2675453 0.0044355 0.0000000 0.0010728 0.0036194 0.0000000
 87 S  87 0.0779332 0.0190073 0.0172589 0.0348550 0.0040143 0.0435259 0.1886244 0.0065298 0.0055739 0.0082895 0.0149809 0.0617675 0.0022528 0.0016535 0.3879439 0.0595065 0.0487301 0.0000000 0.0000000 0.0175526 0.0000000
 88 K  88 0.0841118 0.0341431 0.1127740 0.1262150 0.0016512 0.0753769 0.2162455 0.0310104 0.0296101 0.0062633 0.0081898 0.0852627 0.0011223 0.0044247 0.0018994 0.0674924 0.0859839 0.0000000 0.0000000 0.0282235 0.0000000
 89 D  89 0.0000000 0.0000000 0.0791234 0.8943085 0.0049495 0.0000000 0.0000000 0.0000000 0.0053337 0.0000000 0.0000000 0.0000000 0.0000000 0.0000000 0.0000000 0.0141209 0.0000000 0.0000000 0.0000000 0.0021640 0.0000000
 90 A  90 0.0468374 0.5651750 0.0247403 0.0058410 0.0000000 0.0275071 0.1703976 0.0367210 0.0056067 0.0000000 0.0000000 0.0898605 0.0027520 0.0000000 0.0000000 0.0191334 0.0054281 0.0000000 0.0000000 0.0000000 0.0000000
 91 R  91 0.0000000 0.9638632 0.0000000 0.0000000 0.0000000 0.0000000 0.0000000 0.0000000 0.0000000 0.0000000 0.0000000 0.0211215 0.0000000 0.0000000 0.0000000 0.0051490 0.0033305 0.0000000 0.0000000 0.0065358 0.0000000
 92 V  92 0.1327396 0.0627029 0.0084769 0.0000000 0.0097015 0.0550660 0.0333953 0.0287407 0.0015549 0.0848391 0.0104402 0.0299081 0.0180587 0.0040583 0.0000000 0.1276433 0.0156305 0.0000000 0.0074213 0.3696226 0.0000000
 93 I  93 0.0041721 0.0249129 0.0249537 0.0016226 0.0050534 0.0240871 0.0000000 0.0000000 0.0115416 0.1174986 0.0578481 0.0352392 0.0140592 0.0473541 0.0000000 0.0348351 0.0806687 0.0143213 0.0350298 0.4668025 0.0000000
 94 F  94 0.0116784 0.2420938 0.0559642 0.0052025 0.0046593 0.0354025 0.0431093 0.0000000 0.0522951 0.0653883 0.1831191 0.0376241 0.0204618 0.0277677 0.0000000 0.0141177 0.0207281 0.0087784 0.1159744 0.0556352 0.0000000
 95 Y  95 0.0548990 0.0000000 0.0000000 0.0000000 0.0053605 0.0000000 0.0000000 0.0000000 0.0000000 0.2990899 0.2041030 0.0000000 0.0070925 0.0352608 0.0000000 0.0000000 0.0012602 0.0073150 0.0282296 0.3573896 0.0000000
 96 Q  96 0.0846303 0.1024373 0.0128744 0.0181552 0.0268075 0.0438703 0.1219202 0.0328504 0.0680552 0.0027668 0.0078143 0.0322245 0.0024461 0.0596769 0.0000000 0.1502301 0.0740360 0.0109718 0.1112092 0.0370235 0.0000000
 97 L  97 0.0280551 0.0000000 0.0000000 0.0000000 0.0000000 0.0000000 0.0000000 0.0000000 0.0000000 0.0605113 0.8623224 0.0022646 0.0055528 0.0013860 0.0124198 0.0013478 0.0072090 0.0000000 0.0023720 0.0165592 0.0000000
 98 T  98 0.0046747 0.0027225 0.0000000 0.0013210 0.0000000 0.0017118 0.0023862 0.0000000 0.0000000 0.0000000 0.0266192 0.0044539 0.0011810 0.0000000 0.0000000 0.0290991 0.9258307 0.0000000 0.0000000 0.0000000 0.0000000
 99 D  99 0.0816811 0.0100812 0.0060634 0.2277230 0.0011102 0.0225937 0.3512593 0.0312632 0.0091231 0.0000000 0.0000000 0.0620722 0.0016376 0.0000000 0.1527974 0.0259839 0.0142687 0.0000000 0.0000000 0.0010731 0.0012690
100 L 100 0.1550927 0.0696890 0.0116905 0.0337883 0.0000000 0.0667995 0.1855489 0.0066806 0.0108280 0.0027911 0.0358314 0.3395584 0.0016728 0.0033184 0.0040993 0.0317975 0.0259320 0.0000000 0.0039389 0.0027053 0.0082374
101 A 101 0.0715491 0.0000000 0.0000000 0.0016386 0.0016175 0.0000000 0.0000000 0.8843092 0.0000000 0.0022646 0.0000000 0.0000000 0.0017031 0.0060339 0.0000000 0.0168855 0.0000000 0.0000000 0.0016996 0.0030515 0.0092475
102 R 102 0.0602142 0.3325489 0.0151028 0.0150860 0.0025887 0.0962881 0.0844503 0.0055562 0.0301124 0.0269336 0.0428834 0.1944693 0.0087583 0.0045110 0.0000000 0.0161988 0.0210330 0.0009464 0.0038591 0.0161304 0.0223290
103 P 103 0.2556174 0.0770189 0.0092709 0.0506076 0.0000000 0.0689835 0.1656748 0.0199246 0.0094141 0.0048298 0.0385686 0.1163996 0.0048234 0.0000000 0.0523079 0.0380808 0.0339099 0.0000000 0.0022670 0.0235327 0.0287683
104 I 104 0.1241233 0.0046985 0.0023737 0.0000000 0.0000000 0.0063217 0.0038582 0.0022008 0.0044738 0.1289847 0.4483370 0.0181915 0.0407046 0.0304550 0.0000000 0.0051340 0.0284864 0.0038950 0.0011832 0.1150904 0.0314882
105 A 105 0.1546796 0.1230417 0.0027789 0.0136076 0.0283975 0.0457834 0.0341155 0.0027996 0.0266879 0.0957167 0.0621120 0.0797708 0.0236705 0.0683283 0.0000000 0.0215115 0.0093540 0.0143073 0.1020151 0.0500569 0.0412653
106 E 106 0.0989001 0.1226797 0.0205960 0.1148128 0.0069364 0.0669363 0.2562248 0.0319214 0.0199403 0.0041336 0.0214143 0.0725826 0.0024349 0.0049504 0.0255915 0.0410836 0.0222041 0.0019659 0.0089475 0.0066425 0.0491011
107 E 107 0.0785352 0.0911291 0.0112674 0.0324714 0.0011281 0.1052082 0.2385996 0.0102495 0.0477117 0.0397109 0.0390071 0.1134328 0.0037429 0.0031182 0.0090400 0.0235043 0.0288228 0.0000000 0.0079475 0.0326884 0.0826851
108 H 108 0.2251228 0.0047869 0.0000000 0.0021522 0.0164601 0.0050253 0.0000000 0.0085974 0.2236080 0.0861737 0.1587337 0.0045842 0.0301871 0.0104503 0.0000000 0.0098293 0.0108473 0.0028819 0.0055725 0.1156839 0.0793033
109 H 109 0.0988922 0.0492022 0.0288986 0.0746121 0.0071652 0.0387914 0.1340621 0.0095760 0.0396387 0.0397003 0.0672740 0.0570529 0.0237186 0.0575900 0.0692348 0.0297375 0.0450248 0.0066871 0.0085785 0.0447181 0.0698452
110 H 110 0.1273677 0.0819896 0.0154293 0.0642971 0.0246599 0.0716954 0.0690724 0.0322563 0.0597337 0.0055767 0.0057576 0.1068576 0.0017056 0.0069547 0.1658454 0.0493991 0.0262178 0.0000000 0.0099707 0.0134437 0.0617697
111 H 111 0.0473113 0.0175863 0.0070482 0.0065410 0.0056898 0.0101214 0.0137432 0.0091310 0.0387532 0.2035784 0.1777395 0.0258489 0.0285880 0.1095145 0.0057051 0.0194291 0.0086529 0.0056441 0.0336837 0.1536314 0.0720592
112 H 112 0.0171940 0.0574217 0.0128046 0.0095908 0.0000000 0.0186929 0.0056539 0.0184177 0.3212015 0.0138199 0.0369279 0.0034602 0.0087994 0.0383440 0.1712566 0.0273957 0.0091230 0.0141480 0.0210261 0.0295228 0.1651991
113 E 113 0.0809571 0.0984726 0.0457372 0.0424497 0.0034250 0.0915831 0.1855507 0.0358097 0.0209640 0.0039130 0.0115059 0.0737501 0.0051778 0.0042911 0.0129747 0.0366881 0.0250674 0.0000000 0.0025200 0.0116721 0.2074907
114 H 114 0.0934448 0.0589188 0.0211202 0.0698211 0.0270460 0.0821235 0.1512428 0.0215124 0.0222213 0.0206759 0.0213481 0.0958189 0.0169302 0.0014832 0.0112775 0.0389885 0.0277046 0.0000000 0.0011489 0.0147537 0.2024197
115 T 115 0.1154325 0.0218591 0.0015829 0.0010976 0.0119758 0.0135679 0.0035224 0.0239465 0.0097507 0.1149007 0.1166821 0.0072427 0.1641417 0.0176563 0.0000000 0.0201765 0.0673192 0.0264153 0.0164206 0.1180053 0.1283043
116 L 116 0.0860239 0.0383922 0.0320983 0.0425589 0.0162136 0.0511509 0.0435947 0.0250791 0.0162819 0.0923495 0.1814677 0.0216596 0.0306792 0.0350316 0.0104812 0.0273084 0.0270024 0.0035833 0.0106469 0.1203958 0.0880009
117 L 117 0.1328166 0.0782957 0.0464383 0.0737323 0.0568706 0.0780424 0.1366396 0.0482793 0.0362583 0.0015893 0.0050673 0.0579204 0.0000000 0.0032412 0.0032911 0.0583509 0.0332782 0.0000000 0.0021042 0.0153603 0.1324241
118 T 118 0.1317497 0.0742252 0.0455050 0.0194223 0.0199317 0.0211685 0.0274108 0.0189825 0.0325519 0.0312536 0.0800966 0.0433261 0.0168559 0.0472164 0.0062246 0.0293493 0.0438341 0.0035348 0.0306299 0.0980105 0.1787206
119 Y 119 0.0255838 0.0172996 0.0407448 0.0341396 0.0027807 0.0166682 0.0709128 0.0098377 0.0408186 0.0881954 0.1276370 0.0040867 0.0348119 0.0463521 0.0052917 0.0317677 0.0756672 0.0041585 0.0758683 0.0425882 0.2047895
120 E 120 0.0493868 0.0538003 0.0709339 0.0604057 0.0073104 0.0734673 0.1707933 0.0478130 0.0237355 0.0084432 0.0195906 0.0814771 0.0043294 0.0118117 0.0053094 0.0413965 0.0153355 0.0000000 0.0032561 0.0058275 0.2455769
121 Q 121 0.0880141 0.0919984 0.0208152 0.0693585 0.0130787 0.1013431 0.1939104 0.0157451 0.0160992 0.0062167 0.0103015 0.0574347 0.0079675 0.0000000 0.0068607 0.0526905 0.0174789 0.0000000 0.0000000 0.0132187 0.2174680
122 V 122 0.1013517 0.0207667 0.0029423 0.0056859 0.0113221 0.0135207 0.0050249 0.0047184 0.0032046 0.1015079 0.1961883 0.0044848 0.0469756 0.0695067 0.0187897 0.0151652 0.0494514 0.0000000 0.0093179 0.1164200 0.2036554
123 A 123 0.0227533 0.0050003 0.0011725 0.0000000 0.0117264 0.0036774 0.0011778 0.0043388 0.0000000 0.0557010 0.3711171 0.0037890 0.0407660 0.1629847 0.0070558 0.0062370 0.0764435 0.0068789 0.0079059 0.0457797 0.1654951
124 T 124 0.1875640 0.0437885 0.0391029 0.0813414 0.0036270 0.0464467 0.1078972 0.0589941 0.0112350 0.0031836 0.0034525 0.0906725 0.0023342 0.0026297 0.0012433 0.1589996 0.0201798 0.0000000 0.0000000 0.0051005 0.1322073
125 Q 125 0.0458338 0.0521293 0.0825592 0.0855250 0.0066743 0.0451684 0.0390375 0.3533674 0.0353567 0.0037637 0.0049343 0.0419482 0.0035535 0.0016153 0.0306961 0.0386835 0.0175244 0.0000000 0.0057719 0.0477769 0.0580806
126 F 126 0.0032946 0.0011790 0.0000000 0.0000000 0.0118131 0.0000000 0.0000000 0.0016719 0.0011230 0.0600284 0.4694615 0.0000000 0.0780283 0.2836805 0.0000000 0.0000000 0.0020658 0.0029320 0.0277474 0.0195308 0.0374437
127 T 127 0.0170980 0.0043241 0.0416942 0.1240123 0.0016269 0.0060999 0.0291219 0.0124474 0.0017208 0.0000000 0.0018063 0.0076001 0.0012511 0.0000000 0.0315255 0.4094009 0.2778622 0.0000000 0.0000000 0.0018473 0.0305610
128 P 128 0.1177113 0.0166632 0.0155739 0.1476900 0.0019866 0.0460204 0.2230801 0.0193708 0.0059120 0.0090806 0.0338496 0.0396455 0.0071792 0.0012091 0.1947977 0.0397602 0.0251836 0.0000000 0.0030192 0.0205968 0.0316699
129 N 129 0.0996251 0.0090802 0.0181067 0.1817168 0.0000000 0.0423623 0.4767510 0.0193892 0.0068061 0.0012678 0.0017185 0.0320578 0.0011889 0.0000000 0.0069666 0.0443602 0.0304751 0.0000000 0.0000000 0.0047793 0.0233485
130 E 130 0.0046915 0.0012459 0.0000000 0.1082314 0.0000000 0.0742504 0.7730461 0.0028135 0.0021294 0.0000000 0.0000000 0.0039169 0.0000000 0.0033334 0.0018111 0.0023488 0.0032945 0.0000000 0.0000000 0.0000000 0.0188871
131 Q 131 0.0483217 0.1576160 0.0010097 0.0030923 0.0013425 0.1337072 0.0223239 0.0022539 0.0081011 0.0958668 0.2109135 0.0925892 0.0303494 0.0346385 0.0000000 0.0103799 0.0238851 0.0101725 0.0144181 0.0776447 0.0213740
132 K 132 0.1838054 0.0614264 0.0288358 0.0947262 0.0054184 0.0874517 0.2142635 0.0302068 0.0053814 0.0141451 0.0301782 0.0841390 0.0076124 0.0019747 0.0109568 0.0241403 0.0409157 0.0000000 0.0009858 0.0530539 0.0203823
133 V 133 0.1227194 0.0210771 0.0106467 0.0220687 0.0014065 0.1740311 0.0770260 0.0057509 0.0241327 0.0453681 0.0669663 0.0223147 0.0253384 0.0301913 0.0000000 0.0359557 0.1624139 0.0000000 0.0000000 0.1336915 0.0189012
134 I 134 0.0423171 0.0000000 0.0000000 0.0000000 0.0041893 0.0000000 0.0000000 0.0000000 0.0069625 0.0823740 0.6208456 0.0021537 0.0442327 0.1268218 0.0000000 0.0044168 0.0124137 0.0012793 0.0000000 0.0335581 0.0184354
135 Q 135 0.0604737 0.1512176 0.0279050 0.0199266 0.0090870 0.0400184 0.0741065 0.0345668 0.0203924 0.1253655 0.1212556 0.1202153 0.0209275 0.0166121 0.0000000 0.0342199 0.0432629 0.0023935 0.0183060 0.0413122 0.0184354
136 R 136 0.0775168 0.2168070 0.0409742 0.1099572 0.0026821 0.0625534 0.1002446 0.0595835 0.0293485 0.0035698 0.0118919 0.1160153 0.0102429 0.0020222 0.0031953 0.0707056 0.0433336 0.0000000 0.0067479 0.0141727 0.0184354
137 F 137 0.0650746 0.0126191 0.0101667 0.0106032 0.0230812 0.0249216 0.0139166 0.0287444 0.0040864 0.0718730 0.3564653 0.0014306 0.0493806 0.1161379 0.0000000 0.0644712 0.0515723 0.0052020 0.0256817 0.0448903 0.0196813
138 L 138 0.0042936 0.0009738 0.0000000 0.0000000 0.0162140 0.0070905 0.0026304 0.0000000 0.0000000 0.0334998 0.7956080 0.0015568 0.0248612 0.0441478 0.0000000 0.0033281 0.0070285 0.0000000 0.0084635 0.0306225 0.0196813
139 T 139 0.0429520 0.1328425 0.0532895 0.0796743 0.0027971 0.0689845 0.1346285 0.0482014 0.0296362 0.0185025 0.0282396 0.1445525 0.0117181 0.0016071 0.0000000 0.0580503 0.0923896 0.0000000 0.0110144 0.0188346 0.0220856
140 A 140 0.0601442 0.2724092 0.0416855 0.0280057 0.0000000 0.0570355 0.0135284 0.0097270 0.0140578 0.0082775 0.0158449 0.3769124 0.0019288 0.0030960 0.0000000 0.0164944 0.0316824 0.0000000 0.0009347 0.0228147 0.0254210
141 L 141 0.0160647 0.0000000 0.0000000 0.0000000 0.0000000 0.0021537 0.0000000 0.0000000 0.0000000 0.1773095 0.4373291 0.0000000 0.1239487 0.0610549 0.0000000 0.0062244 0.0048729 0.0070907 0.0076115 0.1125761 0.0437639
142 V 142 0.0608357 0.1028760 0.0791829 0.0151612 0.0080958 0.0183708 0.0412059 0.0130182 0.0273120 0.1070163 0.1683804 0.0212247 0.0026137 0.0081366 0.0000000 0.0532015 0.0410164 0.0000000 0.0423016 0.0812164 0.1088337
143 G 143 0.1282778 0.0511424 0.0592211 0.1544473 0.0000000 0.0601247 0.1431864 0.0756181 0.0148394 0.0024882 0.0037985 0.0551464 0.0000000 0.0000000 0.0000000 0.0445201 0.0307056 0.0000000 0.0027544 0.0032080 0.1705218
144 E 144 0.0727420 0.0463488 0.2600410 0.0178881 0.0014398 0.0145290 0.0859032 0.0201050 0.0306722 0.0126628 0.0054632 0.0295811 0.0090639 0.0684545 0.0000000 0.0364776 0.0109750 0.0059033 0.0104767 0.0145557 0.2467170
145 I 145 0.0178108 0.0000000 0.0000000 0.0000000 0.0000000 0.0000000 0.0000000 0.0000000 0.0000000 0.0718166 0.3519773 0.0000000 0.0463605 0.1042331 0.0000000 0.0000000 0.0037414 0.0038216 0.0051611 0.0428929 0.3521848
146 K 146 0.0000000 0.0614459 0.0000000 0.0000000 0.0000000 0.0514080 0.1316292 0.0000000 0.0000000 0.0000000 0.0000000 0.0812681 0.0000000 0.0000000 0.0000000 0.0000000 0.0000000 0.0000000 0.0000000 0.0000000 0.6742487
