  248         A         R         N         D         C         Q         E         G         H         I         L         K         M         F         P         S         T         W         Y         V    
  1 M   1 0.0000000 0.0000000 0.0000000 0.0000000 0.0000000 0.0000000 0.0000000 0.0000000 0.0000000 0.0000000 0.0000000 0.0000000 1.0000000 0.0000000 0.0000000 0.0000000 0.0000000 0.0000000 0.0000000 0.0000000
  2 A   2 0.5002283 0.0075801 0.0081969 0.0096972 0.0055330 0.0000000 0.0030998 0.0024386 0.0000000 0.0043542 0.0000000 0.0061180 0.0000000 0.0045346 0.0086653 0.2556064 0.1839476 0.0000000 0.0000000 0.0000000
  3 P   3 0.1313155 0.0103267 0.0938109 0.0382336 0.0060134 0.0262566 0.0144992 0.0482997 0.0000000 0.0078390 0.0441309 0.1041008 0.0314838 0.0000000 0.1832976 0.1214567 0.1190332 0.0000000 0.0000000 0.0199024
  4 R   4 0.0000000 0.9766531 0.0022328 0.0000000 0.0000000 0.0000000 0.0000000 0.0000000 0.0000000 0.0000000 0.0043589 0.0133884 0.0000000 0.0000000 0.0033668 0.0000000 0.0000000 0.0000000 0.0000000 0.0000000
  5 K   5 0.0037567 0.1648484 0.0063733 0.0010132 0.0000000 0.0853149 0.0041532 0.0014249 0.0143844 0.0187882 0.0026085 0.5321076 0.0000000 0.0000000 0.0081631 0.0057698 0.1433639 0.0000000 0.0000000 0.0079299
  6 F   6 0.0222175 0.0097175 0.0296308 0.0000000 0.0000000 0.0123900 0.0000000 0.0025202 0.0060708 0.0134057 0.0268693 0.1666686 0.0007886 0.2564276 0.3639879 0.0122496 0.0329871 0.0000000 0.0300603 0.0140084
  7 F   7 0.0000000 0.0012727 0.0000000 0.0000000 0.0078551 0.0000000 0.0000000 0.0000000 0.0000000 0.3384960 0.2536581 0.0000000 0.0293316 0.2947396 0.0000000 0.0000000 0.0000000 0.0122413 0.0099983 0.0524073
  8 V   8 0.0197968 0.0000000 0.0000000 0.0000000 0.0000000 0.0000000 0.0000000 0.0000000 0.0000000 0.4223668 0.0141588 0.0000000 0.0449107 0.0033984 0.0000000 0.0000000 0.0000000 0.0000000 0.0000000 0.4953685
  9 G   9 0.6022575 0.0000000 0.0000000 0.0000000 0.0126355 0.0000000 0.0000000 0.2724967 0.0000000 0.0193853 0.0040719 0.0000000 0.0264662 0.0069975 0.0000000 0.0076098 0.0000000 0.0000000 0.0000000 0.0480794
 10 G  10 0.0539901 0.0000000 0.0000000 0.0000000 0.0000000 0.0000000 0.0000000 0.9423444 0.0000000 0.0000000 0.0015921 0.0000000 0.0000000 0.0000000 0.0000000 0.0000000 0.0020734 0.0000000 0.0000000 0.0000000
 11 N  11 0.0000000 0.0000000 1.0000000 0.0000000 0.0000000 0.0000000 0.0000000 0.0000000 0.0000000 0.0000000 0.0000000 0.0000000 0.0000000 0.0000000 0.0000000 0.0000000 0.0000000 0.0000000 0.0000000 0.0000000
 12 W  12 0.0000000 0.0000000 0.0000000 0.0000000 0.0000000 0.0000000 0.0000000 0.0000000 0.0100933 0.0000000 0.0021207 0.0000000 0.0000000 0.0842107 0.0000000 0.0000000 0.0000000 0.9009375 0.0026379 0.0000000
 13 K  13 0.0000000 0.0000000 0.0000000 0.0000000 0.0000000 0.0000000 0.0000000 0.0000000 0.0000000 0.0000000 0.0000000 1.0000000 0.0000000 0.0000000 0.0000000 0.0000000 0.0000000 0.0000000 0.0000000 0.0000000
 14 M  14 0.0051113 0.0000000 0.0000000 0.0000000 0.1188065 0.0000000 0.0000000 0.0000000 0.0000000 0.0000000 0.0730712 0.0000000 0.7944736 0.0000000 0.0000000 0.0085374 0.0000000 0.0000000 0.0000000 0.0000000
 15 N  15 0.0000000 0.0000000 0.8159955 0.0020302 0.0000000 0.0010898 0.0000000 0.0000000 0.1254914 0.0000000 0.0000000 0.0000000 0.0015302 0.0187218 0.0000000 0.0000000 0.0011533 0.0000000 0.0339877 0.0000000
 16 G  16 0.0054766 0.0000000 0.0544347 0.0000000 0.0035936 0.0085335 0.0056171 0.4272658 0.0052669 0.0014879 0.1019229 0.3116349 0.0445673 0.0037511 0.0054484 0.0010598 0.0136956 0.0000000 0.0047809 0.0014631
 17 D  17 0.0056360 0.0110713 0.1426243 0.1101214 0.0000000 0.0106839 0.0000000 0.0089405 0.0000000 0.0000000 0.0149556 0.0031060 0.0000000 0.0000000 0.0000000 0.1868674 0.4923889 0.0000000 0.0000000 0.0136046
 18 K  18 0.0506175 0.0685214 0.0221228 0.0018605 0.0037943 0.0337318 0.0017950 0.0157934 0.0811305 0.0703777 0.1529692 0.1683798 0.0046710 0.0153026 0.0937136 0.0191689 0.0537986 0.0021567 0.0186534 0.1214413
 19 K  19 0.2508497 0.0144893 0.0146517 0.0696218 0.0000000 0.0846249 0.1299038 0.0232347 0.0153749 0.0046804 0.0601582 0.1031475 0.0000000 0.0072481 0.0182914 0.1475776 0.0368412 0.0000000 0.0008900 0.0184148
 20 S  20 0.0432775 0.0062622 0.0076414 0.0374098 0.0016372 0.0823115 0.4719598 0.0105369 0.0021021 0.0000000 0.0298099 0.0102721 0.0219968 0.0172362 0.0000000 0.2425346 0.0102039 0.0000000 0.0030932 0.0017150
 21 L  21 0.3732592 0.0000000 0.0511629 0.0000000 0.0000000 0.0016214 0.0000000 0.0876526 0.0000000 0.1742565 0.0595716 0.0019895 0.0025516 0.0000000 0.0000000 0.0412486 0.1005329 0.0000000 0.0014368 0.1047166
 22 G  22 0.0680097 0.0446121 0.0424336 0.0364600 0.0044204 0.0719473 0.0865307 0.0340367 0.0105178 0.0768728 0.0665852 0.2069244 0.0025452 0.0000000 0.0000000 0.0273584 0.0754040 0.0000000 0.0026992 0.1426425
 23 E  23 0.2310496 0.0071974 0.0059205 0.0653185 0.0000000 0.0694690 0.2753094 0.0176876 0.0178886 0.0051879 0.0141098 0.1158718 0.0025792 0.0016887 0.0061368 0.0891762 0.0473958 0.0000000 0.0000000 0.0280134
 24 L  24 0.0025467 0.0000000 0.0000000 0.0010657 0.0000000 0.0009895 0.0019650 0.0000000 0.0107902 0.1391515 0.5748584 0.0000000 0.0146852 0.1990818 0.0000000 0.0011445 0.0081966 0.0070978 0.0277062 0.0107209
 25 I  25 0.1508003 0.0000000 0.0014563 0.0000000 0.0271770 0.0000000 0.0015318 0.0111095 0.0000000 0.2121355 0.1333182 0.0000000 0.0167441 0.0289320 0.0000000 0.0122829 0.0237514 0.0000000 0.0000000 0.3807610
 26 H  26 0.0663491 0.0244752 0.1070807 0.0660383 0.0059540 0.1643611 0.1849773 0.0285926 0.0172352 0.0051238 0.0050630 0.1620394 0.0031281 0.0017596 0.0021065 0.0845579 0.0617099 0.0016990 0.0020237 0.0057256
 27 T  27 0.1434189 0.0212336 0.0630624 0.0629876 0.0008800 0.0251195 0.2325046 0.1041030 0.0071804 0.0096581 0.0167408 0.0890728 0.0238341 0.0244408 0.0000000 0.0631059 0.0837243 0.0009011 0.0010369 0.0269950
 28 L  28 0.0042170 0.0000000 0.0000000 0.0000000 0.0000000 0.0000000 0.0000000 0.0017967 0.0000000 0.1455480 0.6195385 0.0000000 0.0130021 0.0920849 0.0000000 0.0000000 0.0052318 0.0020288 0.0000000 0.1165521
 29 N  29 0.1237136 0.0376791 0.2807487 0.0311338 0.0015121 0.0150564 0.0146305 0.0094158 0.0041622 0.0327803 0.0785107 0.2169271 0.0038507 0.0000000 0.0072399 0.0498973 0.0228753 0.0000000 0.0000000 0.0698666
 30 G  30 0.1352150 0.0158358 0.0832723 0.0773147 0.0025317 0.0455763 0.1424213 0.0686028 0.0124826 0.0024263 0.0046138 0.0903773 0.0053793 0.0335723 0.1041672 0.0959364 0.0609510 0.0160091 0.0000000 0.0033148
 31 A  31 0.3300967 0.0083904 0.0161932 0.0065960 0.0061403 0.0261486 0.0612882 0.1166785 0.0160491 0.0232060 0.1384523 0.0864253 0.0247055 0.0108124 0.0035932 0.0576119 0.0236508 0.0000000 0.0059188 0.0380428
 32 K  32 0.0497308 0.0057293 0.0290674 0.0498953 0.0042617 0.0215336 0.0696497 0.0114502 0.0199679 0.0329738 0.2315665 0.1385207 0.0119457 0.0042065 0.0548826 0.0478283 0.0417748 0.0010313 0.0049630 0.1690209
 33 L  33 0.1173321 0.0148010 0.0297597 0.0379247 0.0038448 0.0269898 0.0342799 0.0635144 0.0213428 0.0664142 0.1806165 0.1117696 0.0058986 0.0405260 0.0981505 0.0444314 0.0351498 0.0015082 0.0121275 0.0536184
 34 S  34 0.0681126 0.0043610 0.0782016 0.3081589 0.0076111 0.0128135 0.0524201 0.0804280 0.0081740 0.0017206 0.0173886 0.0359250 0.0008824 0.0055967 0.1303685 0.0991409 0.0457299 0.0048776 0.0113763 0.0267126
 35 A  35 0.1603160 0.0135196 0.0216196 0.1052566 0.0068368 0.0099043 0.1129462 0.0568510 0.0202485 0.0027828 0.0140378 0.0727304 0.0042610 0.0111336 0.1435549 0.1449502 0.0647061 0.0000000 0.0048665 0.0294783
 36 D  36 0.0363355 0.0277543 0.2343720 0.2134777 0.0035406 0.0261330 0.0667649 0.0909697 0.0180648 0.0000000 0.0000000 0.1611071 0.0000000 0.0000000 0.0124080 0.0714312 0.0344128 0.0000000 0.0000000 0.0032285
 37 T  37 0.1229956 0.0292640 0.0061939 0.0155150 0.1061767 0.0050639 0.0034456 0.0058699 0.0094526 0.0185971 0.0143836 0.0065734 0.0000000 0.0111663 0.0110850 0.0222698 0.1346765 0.0022166 0.0014621 0.4735922
 38 E  38 0.0031195 0.0144280 0.0050797 0.3045438 0.0026902 0.0423800 0.5175449 0.0168432 0.0037063 0.0072826 0.0055038 0.0395827 0.0000000 0.0000000 0.0000000 0.0084080 0.0163819 0.0025016 0.0000000 0.0100039
 39 V  39 0.0499779 0.0018988 0.0000000 0.0026786 0.0241745 0.0000000 0.0000000 0.0000000 0.0000000 0.1486637 0.0238656 0.0041777 0.0019441 0.0082569 0.0023753 0.0394539 0.0185616 0.0014921 0.0071805 0.6652987
 40 V  40 0.1543616 0.0000000 0.0000000 0.0000000 0.0036564 0.0000000 0.0042374 0.0464439 0.0000000 0.0880672 0.0691951 0.0000000 0.0436141 0.0053549 0.0000000 0.0015246 0.0101163 0.0032077 0.0101611 0.5600597
 41 C  41 0.0038762 0.0035926 0.0000000 0.0000000 0.0289131 0.0000000 0.0000000 0.0000000 0.0000000 0.3683304 0.0825156 0.0000000 0.0012693 0.0331899 0.0000000 0.0000000 0.0000000 0.0000000 0.0062816 0.4720314
 42 G  42 0.3417212 0.0000000 0.0010390 0.0000000 0.3620509 0.0000000 0.0000000 0.0863318 0.0000000 0.0359635 0.0457123 0.0000000 0.0061486 0.0453909 0.0000000 0.0576776 0.0055949 0.0000000 0.0039055 0.0084639
 43 A  43 0.1304704 0.0000000 0.0000000 0.0000000 0.0203816 0.0000000 0.0000000 0.0000000 0.0000000 0.0044755 0.0015465 0.0000000 0.0000000 0.0000000 0.6798228 0.0151865 0.0350309 0.0000000 0.0000000 0.1130859
 44 P  44 0.0178982 0.0000000 0.0019189 0.0000000 0.0000000 0.0041672 0.0000000 0.0000000 0.0000000 0.0031486 0.0000000 0.0000000 0.0000000 0.0000000 0.8303416 0.0473014 0.0724200 0.0000000 0.0000000 0.0228040
 45 S  45 0.2434806 0.0000000 0.0033257 0.0027088 0.0031883 0.0072897 0.0040072 0.0000000 0.0077231 0.0042923 0.0033258 0.0000000 0.0066849 0.5001418 0.0062333 0.0775376 0.0418528 0.0000000 0.0765857 0.0116224
 46 I  46 0.0203370 0.0000000 0.0000000 0.0000000 0.0087536 0.0000000 0.0000000 0.0000000 0.0000000 0.1786597 0.1770014 0.0000000 0.0162113 0.0000000 0.1178552 0.0000000 0.2725808 0.0000000 0.0000000 0.2086010
 47 Y  47 0.1129335 0.0018748 0.0511700 0.1359356 0.0223964 0.0097973 0.0000000 0.0020999 0.1006022 0.0011411 0.0294302 0.0000000 0.0037703 0.0765996 0.0000000 0.0538092 0.0131717 0.0039055 0.3701585 0.0112041
 48 L  48 0.0098184 0.0000000 0.0000000 0.0000000 0.0010402 0.0009948 0.0000000 0.0036903 0.0000000 0.1797733 0.7618937 0.0000000 0.0045611 0.0019591 0.0000000 0.0000000 0.0016507 0.0000000 0.0067200 0.0278983
 49 D  49 0.1511400 0.0867450 0.0133832 0.1401350 0.0115066 0.0417345 0.0806881 0.0254335 0.0186924 0.0119555 0.0230354 0.0224086 0.0152411 0.0068982 0.1465936 0.1054883 0.0477824 0.0036241 0.0317275 0.0157872
 50 F  50 0.1568423 0.0187761 0.0036262 0.0262200 0.0062189 0.1080320 0.0466313 0.0182034 0.0157424 0.0074312 0.1350008 0.0193781 0.0200670 0.0434579 0.0524583 0.1384022 0.0818931 0.0063153 0.0635183 0.0317851
 51 A  51 0.2367393 0.0000000 0.0000000 0.0000000 0.0116465 0.0000000 0.0011947 0.0069966 0.0000000 0.0296989 0.0688178 0.0000000 0.0121111 0.0089764 0.0000000 0.0113708 0.0642166 0.0000000 0.0012755 0.5469558
 52 R  52 0.1127224 0.1760092 0.0251345 0.0056288 0.0083257 0.1704474 0.0641963 0.0320235 0.0072519 0.0217292 0.0281371 0.1690760 0.0019283 0.0092864 0.0000000 0.0681454 0.0151605 0.0013959 0.0064274 0.0769739
 53 Q  53 0.1144241 0.0192943 0.0433127 0.0760427 0.0000000 0.1054175 0.2171575 0.0407359 0.0145386 0.0083015 0.0087805 0.0901853 0.0021844 0.0061769 0.0043331 0.1368395 0.1002494 0.0000000 0.0012471 0.0107791
 54 K  54 0.1951343 0.0200759 0.0267660 0.0032442 0.0062329 0.0207057 0.0492429 0.0134830 0.0237499 0.0666845 0.2348103 0.0723337 0.0142182 0.0135825 0.0000000 0.0589509 0.0628449 0.0009097 0.0053033 0.1117270
 55 L  55 0.0763590 0.0029022 0.0030689 0.0034218 0.0021496 0.0113333 0.0303638 0.0035427 0.0020163 0.0922419 0.4468824 0.0958963 0.0065045 0.0186776 0.0000000 0.0075556 0.0257375 0.0000000 0.0017603 0.1695864
 56 D  56 0.0332255 0.0926654 0.0736010 0.1945738 0.0031411 0.0394076 0.0564872 0.3519806 0.0047936 0.0009905 0.0022575 0.0700068 0.0000000 0.0000000 0.0409635 0.0174375 0.0173963 0.0000000 0.0000000 0.0010719
 57 A  57 0.0733983 0.0085869 0.0236267 0.0351117 0.0089904 0.0151277 0.0319645 0.0876227 0.0086660 0.0010696 0.0010904 0.0827962 0.0008239 0.0017348 0.1025596 0.3275216 0.1878790 0.0000000 0.0014303 0.0000000
 58 K  58 0.0441017 0.0540774 0.2094299 0.1597278 0.0014752 0.0309621 0.0533460 0.0898377 0.0121579 0.0020851 0.0053873 0.1380361 0.0022873 0.0011985 0.0962762 0.0666685 0.0221077 0.0000000 0.0011762 0.0096615
 59 I  59 0.0043617 0.0000000 0.0000000 0.0000000 0.0000000 0.0000000 0.0000000 0.0000000 0.0016509 0.4623799 0.1573478 0.0000000 0.0058347 0.0863325 0.0000000 0.0000000 0.0056782 0.0055105 0.0177513 0.2531527
 60 G  60 0.1614726 0.0556750 0.0167203 0.0058691 0.0037000 0.0824690 0.1062513 0.1146892 0.0520523 0.0186229 0.0234126 0.1964256 0.0073600 0.0088890 0.0000000 0.0666803 0.0431780 0.0000000 0.0075021 0.0290307
 61 V  61 0.0033085 0.0000000 0.0000000 0.0000000 0.0000000 0.0000000 0.0000000 0.0000000 0.0027179 0.1548401 0.2650811 0.0000000 0.0060629 0.0135533 0.0000000 0.0015785 0.0174544 0.0261096 0.0793691 0.4299247
 62 A  62 0.3224149 0.0000000 0.0014979 0.0000000 0.0036384 0.0000000 0.0000000 0.5500461 0.0000000 0.0075901 0.0000000 0.0000000 0.0000000 0.0042126 0.0000000 0.0962410 0.0000000 0.0000000 0.0049844 0.0093746
 63 A  63 0.8714595 0.0000000 0.0000000 0.0000000 0.0027840 0.0000000 0.0000000 0.0651399 0.0000000 0.0081652 0.0076173 0.0000000 0.0000000 0.0036903 0.0000000 0.0253327 0.0033613 0.0000000 0.0000000 0.0124499
 64 Q  64 0.0000000 0.0000000 0.0000000 0.0000000 0.0000000 0.8997639 0.1002361 0.0000000 0.0000000 0.0000000 0.0000000 0.0000000 0.0000000 0.0000000 0.0000000 0.0000000 0.0000000 0.0000000 0.0000000 0.0000000
 65 N  65 0.0000000 0.0000000 0.7782646 0.2030217 0.0000000 0.0000000 0.0019661 0.0000000 0.0000000 0.0000000 0.0000000 0.0000000 0.0000000 0.0000000 0.0000000 0.0000000 0.0167476 0.0000000 0.0000000 0.0000000
 66 C  66 0.0497787 0.0000000 0.0010864 0.0000000 0.3136180 0.0000000 0.0000000 0.0019843 0.0000000 0.0396149 0.0981066 0.0000000 0.1894976 0.0021215 0.0000000 0.0297449 0.0181453 0.0000000 0.0000000 0.2563018
 67 Y  67 0.0504093 0.0000000 0.0221471 0.0202108 0.0112884 0.0000000 0.0000000 0.0064474 0.2445436 0.0000000 0.0000000 0.0000000 0.0000000 0.0833081 0.0000000 0.2203061 0.0000000 0.0765594 0.2634088 0.0013711
 68 K  68 0.0608143 0.0060408 0.0103708 0.0867977 0.0032072 0.0674647 0.0432668 0.0009343 0.0131025 0.0434890 0.0184013 0.0960492 0.0000000 0.1544384 0.0591783 0.0347699 0.0360846 0.1169664 0.0613939 0.0872298
 69 V  69 0.0834369 0.0163020 0.0375661 0.0051620 0.0010344 0.0381907 0.3449430 0.0316086 0.1118538 0.0059718 0.0023023 0.1572159 0.0019424 0.0208864 0.0000000 0.0102568 0.0342647 0.0000000 0.0173737 0.0796884
 70 P  70 0.1351097 0.0089353 0.0296790 0.1928887 0.0000000 0.0066315 0.2533204 0.0564941 0.0061594 0.0009458 0.0202972 0.1165545 0.0018598 0.0000000 0.0975883 0.0338902 0.0218565 0.0000000 0.0000000 0.0177894
 71 K  71 0.0330816 0.0112727 0.1193178 0.0254093 0.0067676 0.0630556 0.0838413 0.0617167 0.0108293 0.0000000 0.0028585 0.1874406 0.0075248 0.0177372 0.0098274 0.3439010 0.0077154 0.0000000 0.0035595 0.0041438
 72 G  72 0.0000000 0.0000000 0.0000000 0.0046223 0.0000000 0.0000000 0.0000000 0.9953777 0.0000000 0.0000000 0.0000000 0.0000000 0.0000000 0.0000000 0.0000000 0.0000000 0.0000000 0.0000000 0.0000000 0.0000000
 73 A  73 0.9773044 0.0000000 0.0000000 0.0035888 0.0000000 0.0000000 0.0000000 0.0091916 0.0000000 0.0000000 0.0000000 0.0000000 0.0000000 0.0000000 0.0031984 0.0067168 0.0000000 0.0000000 0.0000000 0.0000000
 74 F  74 0.0000000 0.0000000 0.0000000 0.0000000 0.0000000 0.0000000 0.0000000 0.0000000 0.0299848 0.0000000 0.0052241 0.0000000 0.0000000 0.5608979 0.0000000 0.0000000 0.0000000 0.0000000 0.4007683 0.0031249
 75 T  75 0.0000000 0.0000000 0.0000000 0.0000000 0.0000000 0.0000000 0.0000000 0.0000000 0.0000000 0.0000000 0.0000000 0.0000000 0.0000000 0.0000000 0.0000000 0.0000000 1.0000000 0.0000000 0.0000000 0.0000000
 76 G  76 0.0043671 0.0000000 0.0000000 0.0000000 0.0000000 0.0000000 0.0000000 0.9915711 0.0000000 0.0000000 0.0000000 0.0000000 0.0000000 0.0000000 0.0000000 0.0040618 0.0000000 0.0000000 0.0000000 0.0000000
 77 E  77 0.0099202 0.0000000 0.0000000 0.0404484 0.0000000 0.0039700 0.9397201 0.0000000 0.0000000 0.0000000 0.0000000 0.0026913 0.0000000 0.0000000 0.0000000 0.0032499 0.0000000 0.0000000 0.0000000 0.0000000
 78 I  78 0.0000000 0.0000000 0.0267616 0.0000000 0.0024056 0.0000000 0.0000000 0.0000000 0.0020066 0.5418894 0.0255427 0.0000000 0.0000000 0.0000000 0.0000000 0.0025855 0.0734056 0.0000000 0.0000000 0.3254029
 79 S  79 0.0860484 0.0000000 0.0018168 0.0000000 0.0043302 0.0000000 0.0000000 0.0027174 0.0014853 0.0000000 0.0000000 0.0000000 0.0000000 0.0000000 0.0000000 0.8927349 0.0108670 0.0000000 0.0000000 0.0000000
 80 P  80 0.3910262 0.0000000 0.0000000 0.0000000 0.0057516 0.0000000 0.0000000 0.0982968 0.0000000 0.0116474 0.0100427 0.0000000 0.0070346 0.0019843 0.3138620 0.0075346 0.0329441 0.0023967 0.0000000 0.1174789
 81 A  81 0.2158353 0.0215584 0.0285762 0.0957911 0.0000000 0.0364211 0.1841933 0.0505724 0.0031396 0.0073141 0.0400675 0.0487310 0.0046937 0.0035596 0.0892725 0.0971635 0.0148023 0.0054423 0.0014484 0.0514178
 82 M  82 0.0423099 0.0000000 0.0014495 0.0000000 0.0000000 0.1216068 0.0000000 0.0000000 0.0024191 0.0226500 0.0039342 0.0000000 0.7649576 0.0215700 0.0000000 0.0052611 0.0019272 0.0000000 0.0000000 0.0119145
 83 I  83 0.0096863 0.0000000 0.0000000 0.0000000 0.0022829 0.0000000 0.0000000 0.0016190 0.0000000 0.1327102 0.7843133 0.0000000 0.0000000 0.0018189 0.0000000 0.0000000 0.0000000 0.0000000 0.0000000 0.0675694
 84 K  84 0.1653229 0.0359380 0.0232757 0.0057171 0.0034193 0.0338531 0.0250869 0.0040420 0.0109829 0.0084758 0.0387663 0.4810564 0.0018686 0.0000000 0.0000000 0.0304491 0.0490389 0.0000000 0.0000000 0.0827069
 85 D  85 0.0420832 0.0028599 0.0342465 0.5549212 0.0000000 0.0039401 0.1829387 0.0067901 0.0000000 0.0000000 0.0000000 0.0725395 0.0000000 0.0000000 0.0000000 0.0984392 0.0012417 0.0000000 0.0000000 0.0000000
 86 I  86 0.1164614 0.0000000 0.0072824 0.0000000 0.0511285 0.0017310 0.0017115 0.0020609 0.0018739 0.1586928 0.3218106 0.0024305 0.0483348 0.0769117 0.0000000 0.0264288 0.0332319 0.0000000 0.0061605 0.1437489
 87 G  87 0.0190974 0.0027569 0.0521032 0.0425338 0.0010380 0.0110631 0.0057165 0.8037456 0.0040352 0.0000000 0.0000000 0.0338244 0.0016534 0.0049085 0.0053555 0.0083924 0.0000000 0.0010298 0.0027463 0.0000000
 88 A  88 0.1554171 0.0008550 0.0016656 0.0000000 0.3187147 0.0000000 0.0000000 0.0053086 0.0000000 0.1420566 0.0274740 0.0000000 0.0128997 0.0036886 0.0000000 0.0018687 0.0051847 0.0000000 0.0000000 0.3248667
 89 A  89 0.0132529 0.0848504 0.0546950 0.1215760 0.0014415 0.0644137 0.1222695 0.0146628 0.0260002 0.0000000 0.0000000 0.1796232 0.0000000 0.0000000 0.0670604 0.0977956 0.1523587 0.0000000 0.0000000 0.0000000
 90 W  90 0.0079775 0.0000000 0.0021956 0.0016100 0.0052318 0.0030325 0.0000000 0.0106898 0.0573579 0.0019399 0.0072670 0.0000000 0.0022031 0.0272061 0.0000000 0.0074406 0.0323327 0.3070659 0.5205125 0.0059371
 91 V  91 0.0493893 0.0000000 0.0000000 0.0000000 0.0275925 0.0000000 0.0000000 0.0048801 0.0000000 0.0342124 0.0000000 0.0000000 0.0000000 0.0000000 0.0000000 0.0098992 0.0722432 0.0000000 0.0000000 0.8017833
 92 I  92 0.0118739 0.0000000 0.0000000 0.0000000 0.0012946 0.0000000 0.0000000 0.0000000 0.0000000 0.7586357 0.1024866 0.0000000 0.0027826 0.0000000 0.0000000 0.0000000 0.0031694 0.0000000 0.0000000 0.1197571
 93 L  93 0.0072591 0.0000000 0.0000000 0.0000000 0.0084525 0.0041755 0.0000000 0.0000000 0.0016986 0.2949269 0.4302178 0.0000000 0.0058598 0.0000000 0.0000000 0.0000000 0.0236562 0.0000000 0.0000000 0.2237537
 94 G  94 0.0033919 0.0000000 0.0000000 0.0000000 0.0000000 0.0000000 0.0000000 0.9966081 0.0000000 0.0000000 0.0000000 0.0000000 0.0000000 0.0000000 0.0000000 0.0000000 0.0000000 0.0000000 0.0000000 0.0000000
 95 H  95 0.0000000 0.0000000 0.0000000 0.0000000 0.0000000 0.0000000 0.0000000 0.0000000 1.0000000 0.0000000 0.0000000 0.0000000 0.0000000 0.0000000 0.0000000 0.0000000 0.0000000 0.0000000 0.0000000 0.0000000
 96 S  96 0.0000000 0.0000000 0.0000000 0.0000000 0.0000000 0.0000000 0.0000000 0.0000000 0.0000000 0.0000000 0.0000000 0.0000000 0.0000000 0.0067168 0.0000000 0.9932832 0.0000000 0.0000000 0.0000000 0.0000000
 97 E  97 0.0000000 0.0000000 0.0000000 0.0000000 0.0000000 0.0000000 0.9908084 0.0000000 0.0000000 0.0000000 0.0000000 0.0000000 0.0000000 0.0000000 0.0000000 0.0000000 0.0091916 0.0000000 0.0000000 0.0000000
 98 R  98 0.0000000 0.9949885 0.0000000 0.0000000 0.0023201 0.0026913 0.0000000 0.0000000 0.0000000 0.0000000 0.0000000 0.0000000 0.0000000 0.0000000 0.0000000 0.0000000 0.0000000 0.0000000 0.0000000 0.0000000
 99 R  99 0.0000000 1.0000000 0.0000000 0.0000000 0.0000000 0.0000000 0.0000000 0.0000000 0.0000000 0.0000000 0.0000000 0.0000000 0.0000000 0.0000000 0.0000000 0.0000000 0.0000000 0.0000000 0.0000000 0.0000000
100 H 100 0.1129980 0.0214260 0.0291822 0.0424956 0.0000000 0.2359302 0.1635072 0.0175627 0.1262374 0.0068365 0.0112282 0.0083824 0.0056222 0.0000000 0.0000000 0.0671616 0.1337154 0.0028922 0.0015208 0.0133014
101 V 101 0.0032240 0.0020047 0.0000000 0.0158947 0.0035122 0.0009559 0.0019791 0.0140285 0.0072908 0.1840517 0.1447351 0.0114520 0.0436911 0.0138167 0.0000000 0.0000000 0.0000000 0.0009223 0.4697028 0.0827382
102 F 102 0.0011860 0.0000000 0.0046501 0.0017593 0.0099835 0.0066942 0.0000000 0.0000000 0.1543711 0.0513926 0.0691254 0.0000000 0.0047877 0.5666407 0.0000000 0.0019797 0.0000000 0.0000000 0.1274296 0.0000000
103 G 103 0.0969901 0.0341826 0.1152178 0.0052276 0.0043856 0.0188511 0.0058702 0.4900988 0.1134854 0.0000000 0.0026251 0.0928499 0.0016218 0.0017084 0.0000000 0.0156953 0.0011904 0.0000000 0.0000000 0.0000000
104 E 104 0.0000000 0.0000000 0.0000000 0.0244996 0.0000000 0.0000000 0.9755004 0.0000000 0.0000000 0.0000000 0.0000000 0.0000000 0.0000000 0.0000000 0.0000000 0.0000000 0.0000000 0.0000000 0.0000000 0.0000000
105 S 105 0.0061699 0.0022516 0.0163650 0.0985091 0.0079817 0.0079412 0.0000000 0.0086492 0.0000000 0.0000000 0.0000000 0.0170375 0.0011110 0.0000000 0.0042989 0.3254736 0.5042112 0.0000000 0.0000000 0.0000000
106 D 106 0.0099883 0.0000000 0.1556018 0.7492051 0.0026106 0.0000000 0.0125798 0.0016656 0.0010897 0.0000000 0.0000000 0.0014027 0.0000000 0.0000000 0.0093252 0.0532419 0.0000000 0.0000000 0.0009286 0.0023606
107 E 107 0.1461296 0.0052294 0.0052464 0.0513813 0.0030909 0.0558251 0.6383007 0.0067469 0.0031218 0.0048706 0.0040289 0.0179861 0.0000000 0.0075223 0.0045092 0.0208700 0.0134397 0.0000000 0.0000000 0.0117010
108 L 108 0.0195259 0.0017146 0.0047489 0.0700520 0.0028731 0.0227210 0.0211917 0.0086823 0.0085462 0.1234792 0.2659589 0.0032088 0.0265384 0.1428959 0.0010882 0.0230413 0.1545687 0.0040449 0.0023425 0.0927778
109 I 109 0.0063081 0.0000000 0.0000000 0.0000000 0.0178581 0.0036261 0.0000000 0.0000000 0.0000000 0.3172486 0.1059582 0.0000000 0.0000000 0.0000000 0.0000000 0.0000000 0.0073429 0.0000000 0.0000000 0.5416579
110 G 110 0.3797540 0.0345997 0.3917214 0.0000000 0.0000000 0.0034366 0.0016788 0.1154747 0.0071550 0.0000000 0.0084322 0.0240610 0.0010214 0.0036647 0.0000000 0.0168311 0.0074852 0.0000000 0.0000000 0.0046843
111 Q 111 0.0994312 0.0903620 0.0099381 0.0635735 0.0029652 0.0989956 0.1736442 0.0053500 0.0078493 0.0009332 0.0386090 0.3394632 0.0034231 0.0009398 0.0000000 0.0411107 0.0174165 0.0000000 0.0000000 0.0059952
112 K 112 0.0000000 0.0381615 0.0000000 0.0000000 0.0000000 0.0017177 0.0000000 0.0000000 0.0000000 0.0000000 0.0000000 0.9568537 0.0000000 0.0000000 0.0000000 0.0000000 0.0032670 0.0000000 0.0000000 0.0000000
113 V 113 0.1670065 0.0000000 0.0013619 0.0000000 0.0053151 0.0000000 0.0000000 0.0010983 0.0000000 0.0764557 0.0580166 0.0000000 0.0152909 0.0561240 0.0000000 0.0109602 0.1754030 0.0000000 0.0031657 0.4298021
114 A 114 0.1827574 0.0640575 0.0267750 0.0211357 0.0030337 0.0639891 0.0385651 0.0163451 0.0632340 0.0258803 0.0759249 0.3554417 0.0000000 0.0017569 0.0015901 0.0185827 0.0117102 0.0011961 0.0000000 0.0280244
115 H 115 0.4033289 0.0368872 0.0054046 0.0021174 0.0000000 0.0303656 0.0033881 0.0048338 0.0996168 0.0162053 0.0415261 0.1033206 0.0125672 0.0359803 0.0000000 0.0420794 0.0302406 0.0000000 0.0988888 0.0332493
116 A 116 0.8023586 0.0000000 0.0000000 0.0000000 0.0171775 0.0000000 0.0000000 0.0018780 0.0000000 0.0368961 0.0600137 0.0000000 0.0000000 0.0000000 0.0000000 0.0179135 0.0057799 0.0000000 0.0000000 0.0579828
117 L 117 0.0025744 0.0115657 0.0000000 0.0000000 0.0112863 0.0487195 0.0036214 0.0000000 0.0043448 0.1001835 0.5887839 0.0272282 0.0109869 0.1171885 0.0000000 0.0049430 0.0201942 0.0072173 0.0194561 0.0217062
118 A 118 0.2087779 0.0608038 0.0398025 0.1174711 0.0000000 0.0243932 0.2453459 0.0163707 0.0088590 0.0000000 0.0021174 0.1328382 0.0000000 0.0035325 0.0000000 0.1218959 0.0168171 0.0000000 0.0009747 0.0000000
119 E 119 0.1949840 0.0107896 0.1644236 0.0024341 0.0146585 0.0706274 0.0879371 0.0426961 0.2166074 0.0045738 0.0129439 0.0478716 0.0031051 0.0102263 0.0000000 0.0522468 0.0127693 0.0015792 0.0218678 0.0276583
120 G 120 0.0063653 0.0048285 0.0800248 0.0688570 0.0020066 0.0128819 0.0359625 0.7510374 0.0064709 0.0000000 0.0000000 0.0169464 0.0000000 0.0000000 0.0000000 0.0130409 0.0015777 0.0000000 0.0000000 0.0000000
121 L 121 0.0021542 0.0000000 0.0000000 0.0000000 0.0000000 0.0019153 0.0000000 0.0000000 0.0000000 0.1141258 0.6921194 0.0000000 0.1123146 0.0201307 0.0000000 0.0000000 0.0000000 0.0000000 0.0000000 0.0572400
122 G 122 0.0079027 0.0440233 0.0364077 0.0135007 0.0008839 0.0120821 0.0180718 0.0676449 0.0133905 0.0986246 0.0169709 0.1889323 0.0105445 0.0014482 0.0000000 0.0937681 0.2860092 0.0000000 0.0032366 0.0865578
123 V 123 0.0241554 0.0000000 0.0000000 0.0000000 0.0000000 0.0000000 0.0000000 0.0000000 0.0000000 0.0317705 0.0015698 0.0000000 0.0040592 0.0000000 0.5721765 0.0013775 0.0029537 0.0000000 0.0000000 0.3619374
124 I 124 0.0020601 0.0000000 0.0000000 0.0034487 0.0022693 0.0000000 0.0000000 0.0000000 0.0000000 0.8260581 0.0169727 0.0000000 0.0279127 0.0011778 0.0000000 0.0000000 0.0027826 0.0000000 0.0000000 0.1173179
125 A 125 0.1438027 0.0000000 0.0000000 0.0000000 0.0010695 0.0000000 0.0000000 0.0032859 0.0000000 0.0955644 0.3442256 0.0000000 0.0211799 0.1426882 0.0114906 0.0050713 0.0032670 0.0233805 0.0191295 0.1858448
126 C 126 0.0000000 0.0000000 0.0000000 0.0000000 1.0000000 0.0000000 0.0000000 0.0000000 0.0000000 0.0000000 0.0000000 0.0000000 0.0000000 0.0000000 0.0000000 0.0000000 0.0000000 0.0000000 0.0000000 0.0000000
127 I 127 0.0013681 0.0000000 0.0076025 0.0000000 0.1707771 0.0000000 0.0000000 0.0000000 0.0000000 0.3442362 0.0152895 0.0000000 0.0035103 0.0314755 0.0000000 0.0000000 0.0000000 0.0000000 0.0000000 0.4257408
128 G 128 0.0000000 0.0000000 0.0000000 0.0000000 0.0000000 0.0000000 0.0000000 1.0000000 0.0000000 0.0000000 0.0000000 0.0000000 0.0000000 0.0000000 0.0000000 0.0000000 0.0000000 0.0000000 0.0000000 0.0000000
129 E 129 0.0000000 0.0000000 0.0000000 0.0000000 0.0000000 0.0000000 1.0000000 0.0000000 0.0000000 0.0000000 0.0000000 0.0000000 0.0000000 0.0000000 0.0000000 0.0000000 0.0000000 0.0000000 0.0000000 0.0000000
130 K 130 0.0125849 0.0057371 0.0193645 0.0013672 0.0000000 0.0192313 0.0275793 0.0369238 0.0130531 0.0008176 0.0587605 0.0987047 0.0016604 0.0000000 0.0308087 0.1997664 0.4564390 0.0000000 0.0010344 0.0161670
131 L 131 0.0009934 0.0150129 0.0035187 0.0082142 0.0000000 0.0165862 0.0425166 0.0032926 0.0000000 0.0074422 0.8575655 0.0308479 0.0032109 0.0023018 0.0000000 0.0000000 0.0000000 0.0047529 0.0026812 0.0010630
132 D 132 0.1320243 0.0000000 0.0034294 0.1214827 0.0000000 0.0463139 0.5966708 0.0014658 0.0026590 0.0021798 0.0009119 0.0229332 0.0000000 0.0013366 0.0132324 0.0345838 0.0132787 0.0032073 0.0000000 0.0042902
133 E 133 0.0139683 0.0000000 0.0000000 0.0675037 0.0000000 0.2366982 0.5270848 0.0000000 0.0032651 0.0275161 0.0050670 0.0013672 0.0027418 0.0000000 0.0000000 0.0011514 0.0253363 0.0000000 0.0000000 0.0883001
134 R 134 0.0000000 0.9057597 0.0213425 0.0000000 0.0000000 0.0024507 0.0000000 0.0009174 0.0017799 0.0000000 0.0000000 0.0386368 0.0000000 0.0054112 0.0000000 0.0000000 0.0000000 0.0000000 0.0237018 0.0000000
135 E 135 0.0020817 0.0056109 0.0112574 0.0552379 0.0000000 0.0402661 0.7816358 0.0020483 0.0000000 0.0029730 0.0030318 0.0911124 0.0000000 0.0000000 0.0000000 0.0030068 0.0017379 0.0000000 0.0000000 0.0000000
136 A 136 0.5628555 0.0160932 0.0263699 0.0105768 0.0063073 0.0472514 0.0436607 0.0334848 0.0011147 0.0009803 0.0100563 0.0530827 0.0033236 0.0009876 0.0000000 0.1659945 0.0118842 0.0000000 0.0011776 0.0047991
137 G 137 0.0043550 0.0054582 0.1437288 0.0518000 0.0000000 0.0056849 0.0221739 0.7445965 0.0000000 0.0000000 0.0009890 0.0085801 0.0000000 0.0000000 0.0000000 0.0100830 0.0013498 0.0000000 0.0000000 0.0012009
138 I 138 0.0176945 0.0838377 0.0512038 0.0239953 0.0036840 0.1236056 0.0986227 0.0133741 0.0105645 0.0890532 0.0347424 0.2807620 0.0051913 0.0011329 0.0000000 0.0255615 0.0859790 0.0000000 0.0000000 0.0509955
139 T 139 0.0645602 0.0000000 0.0000000 0.0000000 0.0008841 0.0476833 0.0096303 0.0000000 0.1185493 0.0011139 0.0080866 0.0000000 0.0220003 0.0072111 0.0011077 0.0014333 0.6807614 0.0040453 0.0222809 0.0106524
140 E 140 0.0441378 0.0055758 0.0759062 0.0314180 0.0000000 0.0221952 0.2642899 0.0080038 0.0012349 0.0465515 0.1126870 0.0447548 0.0565265 0.1240927 0.0000000 0.0096189 0.0134812 0.0011027 0.0024267 0.1359964
141 K 141 0.1182667 0.0075547 0.0420857 0.2299866 0.0050220 0.0698657 0.3280472 0.0118076 0.0058328 0.0010500 0.0060961 0.0663259 0.0009557 0.0017177 0.0168974 0.0604740 0.0216234 0.0000000 0.0000000 0.0063907
142 V 142 0.0000000 0.0098216 0.0017379 0.0000000 0.0000000 0.0015564 0.0000000 0.0000000 0.0525758 0.0611103 0.0242335 0.0136231 0.0000000 0.0677616 0.0000000 0.0000000 0.0054897 0.0449514 0.0342187 0.6829200
143 V 143 0.0000000 0.0000000 0.0255841 0.0000000 0.1151249 0.0000000 0.0000000 0.0000000 0.0000000 0.1833895 0.0762560 0.0000000 0.0000000 0.0022133 0.0000000 0.0051486 0.0380873 0.0000000 0.0000000 0.5541964
144 F 144 0.1479093 0.0686497 0.0099877 0.0291217 0.0094599 0.0235785 0.1408786 0.0581959 0.0057385 0.0091034 0.0721749 0.1212055 0.0012069 0.0895950 0.0000000 0.0655316 0.0720459 0.0018921 0.0138373 0.0598877
145 E 145 0.1765156 0.2217086 0.0513967 0.0289381 0.0031621 0.0361639 0.1019635 0.0736608 0.0028782 0.0047623 0.0106255 0.0938927 0.0090636 0.0029910 0.0028837 0.0855430 0.0768055 0.0000000 0.0093557 0.0076895
146 Q 146 0.0000000 0.0000000 0.0000000 0.0000000 0.0000000 0.9638908 0.0259161 0.0000000 0.0033886 0.0000000 0.0000000 0.0000000 0.0031249 0.0000000 0.0000000 0.0013008 0.0000000 0.0000000 0.0000000 0.0023789
147 T 147 0.0028389 0.0000000 0.0000000 0.0000000 0.0024056 0.0000000 0.0000000 0.0000000 0.0000000 0.1932519 0.4589240 0.0000000 0.0460961 0.0030177 0.0000000 0.0000000 0.1157740 0.0000000 0.0000000 0.1776919
148 K 148 0.0729093 0.1289892 0.0329775 0.1148399 0.0026986 0.0573693 0.1323280 0.0140346 0.0024255 0.0095843 0.0201452 0.2742554 0.0027947 0.0000000 0.0000000 0.0484231 0.0614758 0.0000000 0.0032620 0.0214876
149 A 149 0.4571741 0.0123674 0.0523519 0.0318764 0.0053646 0.0131630 0.0662518 0.1403161 0.0037111 0.0210246 0.0274925 0.0610258 0.0029261 0.0045272 0.0128081 0.0299061 0.0163721 0.0013320 0.0017555 0.0382535
150 I 150 0.2666858 0.0000000 0.0023122 0.0347364 0.0063544 0.0000000 0.0000000 0.1732911 0.0000000 0.1382146 0.0525824 0.0000000 0.0033074 0.0250273 0.0000000 0.0981965 0.0024046 0.0000000 0.0184275 0.1784599
151 A 151 0.1748190 0.0072906 0.0043209 0.0000000 0.0048761 0.0000000 0.0000000 0.0009939 0.0000000 0.0862550 0.5223997 0.0340880 0.0069131 0.0594909 0.0000000 0.0152642 0.0133142 0.0000000 0.0034452 0.0665292
152 D 152 0.2322594 0.0149580 0.0390727 0.1449923 0.0013775 0.0289265 0.1175675 0.0118173 0.0123097 0.0023637 0.0147530 0.1642605 0.0046993 0.0904885 0.0289405 0.0607732 0.0078846 0.0009416 0.0136669 0.0079474
153 N 153 0.0346949 0.0133322 0.1048081 0.0973474 0.0011111 0.0131389 0.0403146 0.4333079 0.0506112 0.0140739 0.0129546 0.1087108 0.0000000 0.0032041 0.0031742 0.0311726 0.0166658 0.0000000 0.0010014 0.0203765
154 V 154 0.0380054 0.0000000 0.0000000 0.0014706 0.0041991 0.0025573 0.0036899 0.0171672 0.0015344 0.2251288 0.3716578 0.0064935 0.0056316 0.0085361 0.0022789 0.0000000 0.0060935 0.0019846 0.0000000 0.3035713
155 K 155 0.0653061 0.0039708 0.0153936 0.0737682 0.0041421 0.0190307 0.3788734 0.0123711 0.0023929 0.0008893 0.0039520 0.1193216 0.0047845 0.0012209 0.0372335 0.1767738 0.0763278 0.0000000 0.0000000 0.0042475
156 D 156 0.1157368 0.0000000 0.0433185 0.3627204 0.0171675 0.2333227 0.1319965 0.0093121 0.0019495 0.0000000 0.0032237 0.0171089 0.0000000 0.0000000 0.0097491 0.0287221 0.0177589 0.0000000 0.0021027 0.0058105
157 W 157 0.1270036 0.0039833 0.0000000 0.0077145 0.0013105 0.0064100 0.0009505 0.0111872 0.0050062 0.0710242 0.0979655 0.0000000 0.0370696 0.1207115 0.0131879 0.0014446 0.0044856 0.3351221 0.0032765 0.1521467
158 S 158 0.1815251 0.0388498 0.0324729 0.0659779 0.0020109 0.0265575 0.0953438 0.0509120 0.0042765 0.0008663 0.0091591 0.1854373 0.0000000 0.0000000 0.0090063 0.2368789 0.0466949 0.0035787 0.0000000 0.0104521
159 K 159 0.0158788 0.1061813 0.2356183 0.0489998 0.0041121 0.0759388 0.0389029 0.0437794 0.0228104 0.0000000 0.0063753 0.2918814 0.0000000 0.0029038 0.0046225 0.0648724 0.0334695 0.0000000 0.0000000 0.0036532
160 V 160 0.0694009 0.0000000 0.0000000 0.0000000 0.0184230 0.0000000 0.0000000 0.0063147 0.0000000 0.2631497 0.1599598 0.0000000 0.0301213 0.0127529 0.0000000 0.0224525 0.0404019 0.0022852 0.0050766 0.3696616
161 V 161 0.0061008 0.0000000 0.0000000 0.0105825 0.0000000 0.0000000 0.0072176 0.0000000 0.0000000 0.1085513 0.0000000 0.0000000 0.0060617 0.0000000 0.0000000 0.0059793 0.0236365 0.0000000 0.0000000 0.8318703
162 L 162 0.0000000 0.0000000 0.0000000 0.0000000 0.0000000 0.0000000 0.0000000 0.0000000 0.0000000 0.6383083 0.1653355 0.0000000 0.0035077 0.0049556 0.0000000 0.0000000 0.0000000 0.0000000 0.0000000 0.1878929
163 A 163 0.9962029 0.0000000 0.0000000 0.0000000 0.0000000 0.0000000 0.0000000 0.0000000 0.0000000 0.0000000 0.0000000 0.0000000 0.0000000 0.0000000 0.0037971 0.0000000 0.0000000 0.0000000 0.0000000 0.0000000
164 Y 164 0.0000000 0.0000000 0.0000000 0.0000000 0.0021220 0.0000000 0.0000000 0.0000000 0.0000000 0.0000000 0.0152219 0.0000000 0.0000000 0.0000000 0.0000000 0.0000000 0.0000000 0.0000000 0.9826561 0.0000000
165 E 165 0.0000000 0.0152219 0.0000000 0.0000000 0.0000000 0.0000000 0.9847781 0.0000000 0.0000000 0.0000000 0.0000000 0.0000000 0.0000000 0.0000000 0.0000000 0.0000000 0.0000000 0.0000000 0.0000000 0.0000000
166 P 166 0.0244230 0.0000000 0.0000000 0.0000000 0.0000000 0.0000000 0.0000000 0.0000000 0.0000000 0.0000000 0.0000000 0.0000000 0.0000000 0.0000000 0.9709499 0.0046271 0.0000000 0.0000000 0.0000000 0.0000000
167 V 167 0.0020764 0.0000000 0.0000000 0.0000000 0.0000000 0.0000000 0.0000000 0.0092011 0.0152219 0.2936836 0.0122721 0.0000000 0.0035925 0.0000000 0.0000000 0.0000000 0.0016812 0.0000000 0.0000000 0.6622713
168 W 168 0.0000000 0.0000000 0.0000000 0.0000000 0.0000000 0.0000000 0.0000000 0.0000000 0.0000000 0.0000000 0.0152219 0.0000000 0.0000000 0.0000000 0.0000000 0.0000000 0.0000000 0.9847781 0.0000000 0.0000000
169 A 169 0.9847781 0.0000000 0.0000000 0.0000000 0.0000000 0.0000000 0.0000000 0.0152219 0.0000000 0.0000000 0.0000000 0.0000000 0.0000000 0.0000000 0.0000000 0.0000000 0.0000000 0.0000000 0.0000000 0.0000000
170 I 170 0.0000000 0.0000000 0.0000000 0.0000000 0.0000000 0.0000000 0.0000000 0.0000000 0.0152219 0.9814821 0.0000000 0.0000000 0.0000000 0.0000000 0.0000000 0.0000000 0.0000000 0.0000000 0.0000000 0.0032960
171 G 171 0.0000000 0.0000000 0.0000000 0.0000000 0.0000000 0.0000000 0.0000000 0.9847781 0.0000000 0.0000000 0.0000000 0.0000000 0.0000000 0.0000000 0.0000000 0.0000000 0.0000000 0.0152219 0.0000000 0.0000000
172 T 172 0.0000000 0.0000000 0.0000000 0.0000000 0.0000000 0.0000000 0.0000000 0.0000000 0.0152219 0.0000000 0.0000000 0.0000000 0.0000000 0.0000000 0.0000000 0.0070656 0.9777125 0.0000000 0.0000000 0.0000000
173 G 173 0.0000000 0.0152219 0.0028614 0.0000000 0.0000000 0.0000000 0.0000000 0.9819167 0.0000000 0.0000000 0.0000000 0.0000000 0.0000000 0.0000000 0.0000000 0.0000000 0.0000000 0.0000000 0.0000000 0.0000000
174 K 174 0.0022715 0.0946395 0.0135216 0.0096799 0.0000000 0.0286603 0.0808920 0.0000000 0.0036530 0.0063493 0.0812842 0.6295588 0.0066590 0.0000000 0.0000000 0.0000000 0.0031051 0.0000000 0.0000000 0.0397258
175 T 175 0.0459598 0.0000000 0.0231333 0.0000000 0.0000000 0.0000000 0.0000000 0.0000000 0.0000000 0.0014838 0.0000000 0.0018686 0.0000000 0.0000000 0.0051913 0.0984241 0.5582131 0.0000000 0.0000000 0.2657260
176 A 176 0.9438701 0.0000000 0.0000000 0.0000000 0.0166398 0.0000000 0.0000000 0.0025485 0.0000000 0.0000000 0.0000000 0.0000000 0.0000000 0.0000000 0.0095384 0.0274032 0.0000000 0.0000000 0.0000000 0.0000000
177 T 177 0.0048145 0.0040579 0.0055134 0.0046493 0.0000000 0.0000000 0.0023203 0.0090761 0.0036754 0.0000000 0.0019986 0.0070095 0.0000000 0.0000000 0.0000000 0.2721122 0.6847728 0.0000000 0.0000000 0.0000000
178 P 178 0.1624399 0.0011401 0.0112291 0.0279085 0.0000000 0.0048395 0.0045051 0.0051157 0.0000000 0.0000000 0.0025490 0.0192484 0.0000000 0.0045192 0.5845831 0.1049874 0.0586198 0.0000000 0.0000000 0.0083151
179 Q 179 0.1384395 0.0008050 0.0037268 0.1266826 0.0000000 0.1248724 0.5281768 0.0138883 0.0029912 0.0019748 0.0018912 0.0305545 0.0000000 0.0000000 0.0011083 0.0193005 0.0015862 0.0016379 0.0000000 0.0023639
180 Q 180 0.0000000 0.0000000 0.0024481 0.2685122 0.0000000 0.6374592 0.0344811 0.0009951 0.0091916 0.0212890 0.0092699 0.0000000 0.0132852 0.0000000 0.0000000 0.0000000 0.0000000 0.0000000 0.0000000 0.0030684
181 A 181 0.9636345 0.0000000 0.0000000 0.0000000 0.0000000 0.0000000 0.0000000 0.0000000 0.0000000 0.0025490 0.0000000 0.0000000 0.0000000 0.0000000 0.0000000 0.0023789 0.0042902 0.0000000 0.0000000 0.0271474
182 Q 182 0.0052039 0.0000000 0.0811555 0.0269734 0.0000000 0.7346981 0.1279900 0.0112589 0.0000000 0.0000000 0.0000000 0.0017187 0.0000000 0.0000000 0.0000000 0.0039036 0.0017320 0.0000000 0.0000000 0.0053659
183 E 183 0.0732356 0.0084664 0.0154569 0.1115357 0.0000000 0.0329519 0.6980162 0.0026488 0.0009705 0.0011032 0.0092610 0.0247738 0.0000000 0.0000000 0.0022576 0.0162432 0.0030794 0.0000000 0.0000000 0.0000000
184 V 184 0.0636381 0.0000000 0.0000000 0.0000000 0.0042842 0.0000000 0.0000000 0.0000000 0.0000000 0.0821195 0.0041453 0.0000000 0.1297259 0.0000000 0.0000000 0.0032133 0.0745631 0.0000000 0.0000000 0.6383106
185 H 185 0.0091837 0.0000000 0.0090685 0.0000000 0.2379334 0.0040232 0.0000000 0.0000000 0.6624870 0.0549006 0.0083042 0.0000000 0.0061793 0.0000000 0.0000000 0.0049749 0.0000000 0.0000000 0.0000000 0.0029453
186 E 186 0.4770042 0.0347606 0.0130319 0.0149006 0.0056028 0.0406971 0.0543711 0.0940713 0.0210156 0.0008540 0.0217112 0.1230430 0.0057108 0.0089159 0.0000000 0.0507062 0.0076183 0.0000000 0.0061249 0.0198604
187 K 187 0.2520388 0.0040681 0.0143182 0.0189110 0.0033701 0.0183071 0.0455513 0.0312935 0.0392675 0.0156541 0.0430403 0.0476487 0.0071043 0.2917200 0.0000000 0.0364200 0.0100399 0.0067350 0.0825785 0.0319335
188 L 188 0.0015512 0.0000000 0.0000000 0.0000000 0.0054410 0.0000000 0.0000000 0.0000000 0.0000000 0.7181341 0.1638786 0.0000000 0.0010339 0.0036004 0.0000000 0.0000000 0.0040750 0.0000000 0.0000000 0.1022859
189 R 189 0.0000000 0.9942303 0.0000000 0.0000000 0.0000000 0.0000000 0.0000000 0.0000000 0.0018476 0.0000000 0.0000000 0.0039221 0.0000000 0.0000000 0.0000000 0.0000000 0.0000000 0.0000000 0.0000000 0.0000000
