  171         A         R         N         D         C         Q         E         G         H         I         L         K         M         F         P         S         T         W         Y         V         X    
  1 G   1 0.0156480 0.0000000 0.0000000 0.0000000 0.0000000 0.0000000 0.0000000 0.0736697 0.0000000 0.0000000 0.0000000 0.0000000 0.0000000 0.0000000 0.0000000 0.0000000 0.0000000 0.0000000 0.0000000 0.0000000 0.9106822
  2 H   2 0.0010023 0.0020707 0.0027894 0.0000000 0.0000000 0.0101063 0.0114630 0.0276035 0.0100017 0.0000000 0.0057070 0.0402595 0.0000000 0.0024690 0.0191780 0.0000000 0.0000000 0.0000000 0.2514463 0.0000000 0.6159033
  3 M   3 0.0000000 0.0000000 0.0000000 0.2444896 0.0000000 0.0126526 0.0090587 0.0000000 0.0079482 0.0177642 0.0553141 0.0000000 0.1411729 0.0000000 0.0040145 0.0234207 0.0040088 0.0000000 0.0000000 0.0122281 0.4679277
  4 T   4 0.0152574 0.1359803 0.0068656 0.0000000 0.0141439 0.0058030 0.0000000 0.0012742 0.0059020 0.0000000 0.0000000 0.0194736 0.0050589 0.0046604 0.0135994 0.0088431 0.0496536 0.0000000 0.3487190 0.0088393 0.3559262
  5 E   5 0.0000000 0.0025059 0.0074830 0.0238982 0.0000000 0.0307632 0.1358638 0.0000000 0.0000000 0.0137643 0.4614782 0.0000000 0.0038253 0.0000000 0.0000000 0.0130233 0.0269747 0.0000000 0.0018556 0.0456210 0.2329434
  6 Y   6 0.0000000 0.0000000 0.0000000 0.0000000 0.0011028 0.0000000 0.0000000 0.0000000 0.0429616 0.0230445 0.0248136 0.0000000 0.0021417 0.4638454 0.0000000 0.0000000 0.0000000 0.0000000 0.2397389 0.0024825 0.1998690
  7 K   7 0.0000000 0.0094274 0.0000000 0.0000000 0.0000000 0.0000000 0.0000000 0.0000000 0.0236641 0.0000000 0.0000000 0.8226256 0.0000000 0.0022636 0.0000000 0.0000000 0.0000000 0.0000000 0.0000000 0.0000000 0.1420194
  8 L   8 0.0011277 0.0000000 0.0000000 0.0000000 0.0000000 0.0000000 0.0000000 0.0000000 0.0000000 0.2031210 0.3937622 0.0000000 0.0023383 0.0042959 0.0000000 0.0000000 0.0014750 0.0000000 0.0674925 0.1943687 0.1320186
  9 V   9 0.0103348 0.0000000 0.0000000 0.0000000 0.0109323 0.0000000 0.0000000 0.0000000 0.0000000 0.1233285 0.2667442 0.0000000 0.0093061 0.0000000 0.0000000 0.0021207 0.0000000 0.0000000 0.0000000 0.4469292 0.1303044
 10 V  10 0.0000000 0.0000000 0.0000000 0.0000000 0.0036041 0.0000000 0.0000000 0.0000000 0.0000000 0.1455439 0.4340316 0.0000000 0.0767204 0.0000000 0.0000000 0.0000000 0.0000000 0.0000000 0.0000000 0.2101460 0.1299540
 11 V  11 0.0000000 0.0000000 0.0000000 0.0000000 0.0000000 0.0000000 0.0000000 0.0000000 0.0000000 0.5116148 0.2263069 0.0000000 0.0109110 0.0048323 0.0000000 0.0000000 0.0028966 0.0000000 0.0000000 0.1134843 0.1299540
 12 G  12 0.0077694 0.0000000 0.0000000 0.0000000 0.0000000 0.0000000 0.0000000 0.8611999 0.0000000 0.0000000 0.0000000 0.0000000 0.0000000 0.0000000 0.0000000 0.0000000 0.0000000 0.0000000 0.0000000 0.0000000 0.1310307
 13 A  13 0.0662217 0.0000000 0.0173063 0.5803003 0.0000000 0.0037592 0.0470437 0.0121988 0.0000000 0.0000000 0.0000000 0.0000000 0.0000000 0.0000000 0.0076603 0.1275492 0.0063381 0.0000000 0.0000000 0.0016683 0.1299540
 14 C  14 0.0057659 0.0017357 0.0000000 0.0000000 0.0019477 0.0000000 0.0000000 0.2967141 0.0000000 0.0000000 0.0016683 0.0000000 0.0083819 0.0000000 0.0029998 0.5048873 0.0503473 0.0000000 0.0000000 0.0000000 0.1255520
 15 G  15 0.0775752 0.0000000 0.0045216 0.0020971 0.0068588 0.0000000 0.0000000 0.7599052 0.0000000 0.0000000 0.0000000 0.0000000 0.0000000 0.0000000 0.0000000 0.0196103 0.0043306 0.0000000 0.0000000 0.0000000 0.1251011
 16 V  16 0.0025367 0.0000000 0.0000000 0.0000000 0.0000000 0.0000000 0.0000000 0.0037035 0.0000000 0.0026587 0.0012371 0.0000000 0.0022268 0.0037612 0.0000000 0.0000000 0.0023375 0.0000000 0.0000000 0.8564374 0.1251011
 17 G  17 0.0000000 0.0000000 0.0000000 0.0000000 0.0000000 0.0000000 0.0000000 0.8748989 0.0000000 0.0000000 0.0000000 0.0000000 0.0000000 0.0000000 0.0000000 0.0000000 0.0000000 0.0000000 0.0000000 0.0000000 0.1251011
 18 K  18 0.0000000 0.0000000 0.0000000 0.0000000 0.0000000 0.0000000 0.0000000 0.0000000 0.0000000 0.0000000 0.0000000 0.9866854 0.0000000 0.0000000 0.0000000 0.0000000 0.0000000 0.0000000 0.0000000 0.0000000 0.0133146
 19 S  19 0.0000000 0.0000000 0.0000000 0.0000000 0.0000000 0.0000000 0.0000000 0.0000000 0.0000000 0.0000000 0.0000000 0.0000000 0.0000000 0.0000000 0.0000000 0.8489723 0.1377131 0.0000000 0.0000000 0.0000000 0.0133146
 20 A  20 0.3356127 0.0000000 0.1733633 0.0000000 0.3451504 0.0173486 0.0000000 0.0000000 0.0000000 0.0000000 0.0000000 0.0000000 0.0000000 0.0000000 0.0000000 0.1107172 0.0044933 0.0000000 0.0000000 0.0000000 0.0133146
 21 L  21 0.0012315 0.0000000 0.0000000 0.0000000 0.0082174 0.0000000 0.0000000 0.0000000 0.0000000 0.0815483 0.8256023 0.0000000 0.0212416 0.0017868 0.0000000 0.0000000 0.0000000 0.0000000 0.0000000 0.0470576 0.0133146
 22 T  22 0.0000000 0.0020603 0.0000000 0.0000000 0.0027866 0.0020794 0.0000000 0.0000000 0.0000000 0.0134401 0.5330481 0.0000000 0.0041435 0.0000000 0.0000000 0.0000000 0.4029038 0.0000000 0.0000000 0.0262237 0.0133146
 23 I  23 0.0397560 0.0075665 0.0022807 0.0000000 0.0000000 0.0000000 0.0000000 0.0013749 0.0129036 0.2210177 0.3538113 0.0000000 0.0267400 0.0393925 0.0000000 0.1545722 0.0093620 0.0000000 0.0027420 0.1202496 0.0082309
 24 Q  24 0.0000000 0.5141081 0.0000000 0.0000000 0.0000000 0.4651785 0.0000000 0.0000000 0.0000000 0.0000000 0.0000000 0.0057578 0.0000000 0.0000000 0.0000000 0.0067248 0.0000000 0.0000000 0.0000000 0.0000000 0.0082309
 25 L  25 0.0000000 0.0000000 0.0000000 0.0050837 0.0000000 0.0000000 0.0000000 0.0000000 0.0000000 0.0000000 0.1270103 0.0000000 0.0000000 0.8100223 0.0000000 0.0000000 0.0000000 0.0000000 0.0496528 0.0000000 0.0082309
 26 I  26 0.1496480 0.0035285 0.0000000 0.0000000 0.0518960 0.0000000 0.0000000 0.0000000 0.0000000 0.1674861 0.0000000 0.0081770 0.0391317 0.0115813 0.0000000 0.0997111 0.2546049 0.0000000 0.0000000 0.2060045 0.0082309
 27 Q  27 0.0102942 0.1606841 0.0148199 0.2719318 0.0000000 0.2707123 0.0854983 0.0000000 0.0108499 0.0000000 0.0266758 0.0267033 0.0019432 0.0000000 0.0000000 0.0521260 0.0203987 0.0000000 0.0391317 0.0000000 0.0082309
 28 N  28 0.0025180 0.0070776 0.3183913 0.2828841 0.0010098 0.0197980 0.0145678 0.1527041 0.0392848 0.0000000 0.0017517 0.0753535 0.0000000 0.0000000 0.0000000 0.0764285 0.0000000 0.0000000 0.0000000 0.0000000 0.0082309
 29 H  29 0.0574493 0.0903521 0.0141729 0.0039040 0.0000000 0.0513233 0.2167127 0.0000000 0.1526631 0.0809981 0.0099839 0.0431310 0.0036565 0.0000000 0.0000000 0.1051292 0.1140493 0.0000000 0.0225779 0.0338969 0.0000000
 30 F  30 0.0000000 0.0000000 0.0000000 0.0000000 0.0077694 0.0000000 0.0000000 0.0000000 0.0025347 0.0000000 0.0000000 0.0000000 0.0000000 0.8513718 0.0000000 0.0000000 0.0000000 0.0270012 0.1077931 0.0000000 0.0035298
 31 V  31 0.0077766 0.0074457 0.1847204 0.0255099 0.0116446 0.0488546 0.0056827 0.0000000 0.0172724 0.0695986 0.0604869 0.0050638 0.0118576 0.0015142 0.0180600 0.0754499 0.1185480 0.0000000 0.0074796 0.3142057 0.0088287
 32 D  32 0.0264068 0.0013801 0.0176668 0.1863972 0.0000000 0.0161847 0.3300641 0.0185254 0.0037352 0.0058980 0.1492817 0.0065010 0.0043796 0.0000000 0.1251943 0.0292196 0.0661957 0.0000000 0.0036161 0.0093537 0.0000000
 33 E  33 0.0000000 0.0143748 0.0339503 0.1500683 0.0020195 0.0037533 0.2822836 0.0060253 0.0104427 0.0068873 0.0056827 0.0749896 0.0025597 0.0040449 0.0000000 0.1936264 0.1052427 0.0000000 0.0620178 0.0420311 0.0000000
 34 Y  34 0.0000000 0.0000000 0.0000000 0.0000000 0.0083819 0.0283053 0.0000000 0.0000000 0.1069000 0.0025300 0.0166707 0.0000000 0.0000000 0.1240092 0.0000000 0.1768392 0.0118429 0.0000000 0.5245209 0.0000000 0.0000000
 35 D  35 0.0140517 0.0059811 0.0011996 0.4510884 0.0000000 0.0050647 0.0537191 0.0032359 0.0000000 0.2449498 0.0131082 0.1758097 0.0025367 0.0000000 0.0093911 0.0140430 0.0000000 0.0000000 0.0027090 0.0031119 0.0000000
 36 P  36 0.0567855 0.0000000 0.0027090 0.0000000 0.0000000 0.0000000 0.0000000 0.0000000 0.0083819 0.0000000 0.0580954 0.0000000 0.0000000 0.0025607 0.4460910 0.3335796 0.0892336 0.0000000 0.0000000 0.0025634 0.0000000
 37 T  37 0.0000000 0.0000000 0.0000000 0.0000000 0.0000000 0.0000000 0.0000000 0.0000000 0.0000000 0.0000000 0.0000000 0.0000000 0.0000000 0.0000000 0.0000000 0.0000000 1.0000000 0.0000000 0.0000000 0.0000000 0.0000000
 38 I  38 0.0000000 0.0038299 0.0000000 0.0000000 0.0000000 0.0000000 0.0000000 0.0000000 0.0000000 0.9244502 0.0057188 0.0391317 0.0029469 0.0000000 0.0000000 0.0000000 0.0000000 0.0000000 0.0000000 0.0239225 0.0000000
 39 E  39 0.0391317 0.0000000 0.0000000 0.0000000 0.0000000 0.0000000 0.3835179 0.5773504 0.0000000 0.0000000 0.0000000 0.0000000 0.0000000 0.0000000 0.0000000 0.0000000 0.0000000 0.0000000 0.0000000 0.0000000 0.0000000
 40 D  40 0.0197370 0.0000000 0.0040378 0.4164173 0.0000000 0.0000000 0.0000000 0.0021945 0.0000000 0.1333007 0.0000000 0.0000000 0.0000000 0.0000000 0.0000000 0.0000000 0.0000000 0.0000000 0.0000000 0.4243126 0.0000000
 41 S  41 0.0444217 0.0000000 0.0028608 0.3105898 0.0000000 0.0048795 0.2441628 0.0039296 0.0000000 0.0000000 0.0000000 0.0000000 0.0033852 0.0061904 0.0000000 0.3774849 0.0000000 0.0000000 0.0000000 0.0020953 0.0000000
 42 Y  42 0.0000000 0.0000000 0.0000000 0.0000000 0.0000000 0.0000000 0.0000000 0.0000000 0.0000000 0.0000000 0.0000000 0.0000000 0.0000000 0.5756258 0.0000000 0.0000000 0.0000000 0.0000000 0.4243742 0.0000000 0.0000000
 43 R  43 0.0577019 0.3655703 0.0000000 0.0000000 0.0034368 0.0378291 0.0000000 0.0099864 0.0028608 0.0111231 0.0040297 0.2851701 0.0032359 0.0000000 0.0010143 0.0129525 0.2019517 0.0000000 0.0000000 0.0000000 0.0031374
 44 K  44 0.0000000 0.3858130 0.0013458 0.0000000 0.0000000 0.0380483 0.0000000 0.0000000 0.0029998 0.0065776 0.0021945 0.5179900 0.0033110 0.0028608 0.0000000 0.0000000 0.0337392 0.0000000 0.0000000 0.0019826 0.0031374
 45 Q  45 0.0050946 0.0135702 0.0164260 0.0039626 0.0000000 0.3029341 0.0075045 0.0000000 0.0263689 0.0146943 0.0211301 0.0523212 0.0474002 0.0000000 0.0078321 0.1181194 0.3179539 0.0000000 0.0000000 0.0284397 0.0162482
 46 V  46 0.0292593 0.0000000 0.0000000 0.0000000 0.0849737 0.0025177 0.0000000 0.0000000 0.0000000 0.3620796 0.0963643 0.0000000 0.0317318 0.0066687 0.0000000 0.0000000 0.0229622 0.0000000 0.0010806 0.3461139 0.0162482
 47 V  47 0.0105171 0.0239628 0.0635998 0.0778927 0.0133031 0.0623306 0.3453200 0.0022987 0.0043134 0.0276883 0.0213218 0.0193550 0.0065403 0.0000000 0.0040925 0.0270156 0.0763711 0.0000000 0.0031434 0.1946855 0.0162482
 48 I  48 0.0105681 0.0000000 0.0000000 0.0000000 0.0025043 0.0152099 0.0000000 0.0000000 0.0000000 0.4095414 0.2115279 0.0046493 0.0071546 0.0043271 0.0000000 0.0052345 0.0045639 0.0000000 0.0033371 0.3119295 0.0094525
 49 D  49 0.0071084 0.0040887 0.0490147 0.7421751 0.0000000 0.0195004 0.0766996 0.0194030 0.0008976 0.0028608 0.0019533 0.0127408 0.0000000 0.0000000 0.0000000 0.0029109 0.0000000 0.0000000 0.0000000 0.0000000 0.0606467
 50 G  50 0.0256347 0.0033396 0.0881172 0.1172768 0.0030177 0.0143889 0.0291446 0.6096928 0.0154803 0.0000000 0.0000000 0.0072477 0.0000000 0.0000000 0.0000000 0.0187227 0.0072903 0.0000000 0.0000000 0.0000000 0.0606467
 51 E  51 0.0092170 0.0669150 0.0243821 0.0213834 0.0000000 0.1004858 0.2105905 0.0009290 0.0081890 0.0044566 0.0011319 0.4277180 0.0069036 0.0009394 0.0000000 0.0122083 0.0235610 0.0000000 0.0016943 0.0186484 0.0606467
 52 T  52 0.0448602 0.0839604 0.0168083 0.0080848 0.0023894 0.1170555 0.0578874 0.0023285 0.0071168 0.0260321 0.0100443 0.1114452 0.0056049 0.0000000 0.0711785 0.0332177 0.2425944 0.0104743 0.0000000 0.0882706 0.0606467
 53 C  53 0.1047606 0.0000000 0.0000000 0.0000000 0.1993503 0.0000000 0.0000000 0.0040727 0.0000000 0.2876126 0.0177459 0.0000000 0.0029329 0.0157133 0.0000000 0.0070823 0.0100366 0.0000000 0.0139014 0.2761448 0.0606467
 54 L  54 0.0016505 0.0061248 0.0121085 0.0154698 0.0000000 0.0362087 0.0036040 0.0000000 0.0020617 0.0438867 0.1397826 0.5355068 0.1021360 0.0079375 0.0000000 0.0046862 0.0099473 0.0000000 0.0046792 0.0135629 0.0606467
 55 L  55 0.1244983 0.0000000 0.0000000 0.0000000 0.0000000 0.0000000 0.0000000 0.0033371 0.0000000 0.0401733 0.7380239 0.0000000 0.0101501 0.0164936 0.0000000 0.0016457 0.0011155 0.0000000 0.0023183 0.0015976 0.0606467
 56 D  56 0.0209844 0.0023183 0.0000000 0.2666509 0.0000000 0.4639432 0.1615560 0.0000000 0.0021609 0.0000000 0.0000000 0.0000000 0.0000000 0.0000000 0.0000000 0.0025059 0.0106496 0.0000000 0.0000000 0.0000000 0.0692309
 57 I  57 0.0000000 0.0010272 0.0000000 0.0000000 0.0022807 0.0000000 0.0000000 0.0000000 0.0000000 0.8212998 0.0136304 0.0000000 0.0000000 0.0023183 0.0000000 0.0000000 0.0037612 0.0000000 0.0000000 0.0882400 0.0674424
 58 L  58 0.0000000 0.0000000 0.0000000 0.0000000 0.0000000 0.0000000 0.0000000 0.0000000 0.0000000 0.0000000 0.3926982 0.0000000 0.0073478 0.0000000 0.0000000 0.0000000 0.0048323 0.5261562 0.0046604 0.0000000 0.0643050
 59 D  59 0.0000000 0.0000000 0.0000000 0.9356950 0.0000000 0.0000000 0.0000000 0.0000000 0.0000000 0.0000000 0.0000000 0.0000000 0.0000000 0.0000000 0.0000000 0.0000000 0.0000000 0.0000000 0.0000000 0.0000000 0.0643050
 60 T  60 0.0054967 0.0000000 0.0000000 0.0000000 0.0000000 0.0000000 0.0000000 0.0000000 0.0000000 0.0000000 0.0000000 0.0000000 0.0000000 0.0000000 0.0000000 0.0000000 0.9369940 0.0000000 0.0000000 0.0000000 0.0575093
 61 A  61 0.9322918 0.0000000 0.0000000 0.0000000 0.0000000 0.0000000 0.0000000 0.0000000 0.0000000 0.0000000 0.0000000 0.0000000 0.0000000 0.0067957 0.0000000 0.0034032 0.0000000 0.0000000 0.0000000 0.0000000 0.0575093
 62 G  62 0.0000000 0.0000000 0.0000000 0.0000000 0.0000000 0.0000000 0.0000000 0.9356950 0.0000000 0.0000000 0.0000000 0.0000000 0.0000000 0.0000000 0.0000000 0.0067957 0.0000000 0.0000000 0.0000000 0.0000000 0.0575093
 63 Q  63 0.0000000 0.0077694 0.0000000 0.0000000 0.0000000 0.8354780 0.0000000 0.0000000 0.0000000 0.0032026 0.0067957 0.0000000 0.0000000 0.0000000 0.0000000 0.0000000 0.0809706 0.0000000 0.0000000 0.0145895 0.0511942
 64 E  64 0.0331900 0.0000000 0.0000000 0.0240960 0.0000000 0.0000000 0.8769878 0.0000000 0.0000000 0.0026965 0.0000000 0.0000000 0.0000000 0.0000000 0.0000000 0.0000000 0.0000000 0.0000000 0.0000000 0.0118354 0.0511942
 65 E  65 0.0047051 0.4628224 0.0000000 0.0540152 0.0000000 0.1173743 0.2417312 0.0016780 0.0000000 0.0000000 0.0000000 0.0025607 0.0000000 0.0000000 0.0000000 0.0520240 0.0073148 0.0000000 0.0000000 0.0000000 0.0557742
 66 Y  66 0.0000000 0.0000000 0.0000000 0.0000000 0.0000000 0.0000000 0.0000000 0.0000000 0.0000000 0.0000000 0.0130530 0.0000000 0.0000000 0.6025046 0.0000000 0.0000000 0.0000000 0.0000000 0.3332482 0.0000000 0.0511942
 67 S  67 0.0476194 0.4726544 0.0000000 0.0000000 0.0000000 0.0018594 0.0045800 0.0119886 0.0386610 0.0041865 0.0033852 0.0188724 0.0000000 0.0000000 0.0000000 0.1683807 0.1722145 0.0000000 0.0000000 0.0027257 0.0528723
 68 A  68 0.5237761 0.0000000 0.0000000 0.0000000 0.0000000 0.0029469 0.0000000 0.0000000 0.0000000 0.0045800 0.0000000 0.0000000 0.0000000 0.0000000 0.0000000 0.1245102 0.2863457 0.0000000 0.0000000 0.0000000 0.0578411
 69 M  69 0.0000000 0.0000000 0.0000000 0.0000000 0.0000000 0.0000000 0.0000000 0.0000000 0.0000000 0.4500337 0.0961482 0.0000000 0.3216323 0.0000000 0.0000000 0.0000000 0.0039626 0.0000000 0.0000000 0.0703821 0.0578411
 70 R  70 0.0202609 0.4040569 0.0000000 0.0000000 0.0000000 0.0056922 0.0000000 0.0000000 0.0000000 0.0000000 0.0000000 0.0050154 0.0000000 0.0000000 0.0000000 0.0033371 0.5032523 0.0000000 0.0000000 0.0025597 0.0558255
 71 D  71 0.0121523 0.0770486 0.0033407 0.2757373 0.0000000 0.0088702 0.1341949 0.0066570 0.0117055 0.0000000 0.0000000 0.0035790 0.0010874 0.0000000 0.0325528 0.2631575 0.1140913 0.0000000 0.0000000 0.0000000 0.0558255
 72 Q  72 0.2497421 0.0023894 0.0460208 0.0000000 0.0000000 0.2402154 0.0044989 0.0028267 0.0025671 0.0020953 0.1119535 0.0000000 0.0197700 0.0000000 0.0000000 0.2420585 0.0200367 0.0000000 0.0000000 0.0000000 0.0558255
 73 Y  73 0.0000000 0.0000000 0.0000000 0.0000000 0.0000000 0.0000000 0.0000000 0.0000000 0.0000000 0.0000000 0.0000000 0.0000000 0.0000000 0.0063190 0.0000000 0.0000000 0.0000000 0.0454210 0.8924345 0.0000000 0.0558255
 74 M  74 0.0000000 0.0000000 0.0000000 0.0000000 0.0000000 0.0000000 0.0000000 0.0000000 0.0000000 0.0744519 0.0024628 0.0000000 0.2970426 0.0340628 0.0000000 0.0000000 0.0000000 0.0000000 0.5292717 0.0068827 0.0558255
 75 R  75 0.0000000 0.8149433 0.0000000 0.0000000 0.0000000 0.0000000 0.0000000 0.0032538 0.0077551 0.0000000 0.0000000 0.1182223 0.0000000 0.0000000 0.0000000 0.0000000 0.0000000 0.0000000 0.0000000 0.0000000 0.0558255
 76 T  76 0.0154937 0.0000000 0.1042703 0.0315709 0.0145319 0.0148709 0.0142911 0.5092058 0.0000000 0.0000000 0.0039626 0.0057715 0.0000000 0.0000000 0.0000000 0.0961212 0.1340844 0.0000000 0.0000000 0.0000000 0.0558255
 77 G  77 0.4831983 0.0024182 0.0045800 0.0000000 0.0130530 0.0000000 0.0054967 0.3962678 0.0000000 0.0000000 0.0000000 0.0000000 0.0000000 0.0000000 0.0000000 0.0199751 0.0156669 0.0000000 0.0000000 0.0035185 0.0558255
 78 E  78 0.0617488 0.0079687 0.0146325 0.0308803 0.0044269 0.1698525 0.2483007 0.0000000 0.1315910 0.0025021 0.0075597 0.0147506 0.1249793 0.0051583 0.0000000 0.0039145 0.0009509 0.0000000 0.0000000 0.1195890 0.0511942
 79 G  79 0.0423370 0.0000000 0.0000000 0.0000000 0.0000000 0.0000000 0.0000000 0.9027076 0.0000000 0.0000000 0.0000000 0.0000000 0.0000000 0.0000000 0.0000000 0.0000000 0.0000000 0.0000000 0.0000000 0.0037612 0.0511942
 80 F  80 0.2247179 0.0000000 0.0000000 0.0000000 0.0000000 0.0000000 0.0000000 0.0000000 0.0000000 0.2410094 0.0174803 0.0000000 0.0000000 0.4159718 0.0000000 0.0000000 0.0024182 0.0000000 0.0066778 0.0405304 0.0511942
 81 L  81 0.0336326 0.0000000 0.0000000 0.0000000 0.0029613 0.0000000 0.0000000 0.0000000 0.0000000 0.2466821 0.4940918 0.0000000 0.0741189 0.0000000 0.0000000 0.0000000 0.0000000 0.0000000 0.0000000 0.0973190 0.0511942
 82 C  82 0.0000000 0.0000000 0.0000000 0.0000000 0.0792760 0.0000000 0.0000000 0.0000000 0.0000000 0.1275715 0.6131691 0.0011363 0.0310113 0.0023056 0.0000000 0.0000000 0.0025367 0.0000000 0.0000000 0.0917993 0.0511942
 83 V  83 0.0043688 0.0000000 0.0000000 0.0000000 0.0317032 0.0000000 0.0000000 0.0000000 0.0000000 0.0212190 0.0152562 0.0000000 0.0057087 0.0000000 0.0000000 0.0032801 0.0104469 0.0000000 0.0000000 0.8568229 0.0511942
 84 F  84 0.0000000 0.0000000 0.0000000 0.0000000 0.0000000 0.0000000 0.0000000 0.0000000 0.0000000 0.0000000 0.0000000 0.0000000 0.0000000 0.1488274 0.0000000 0.0000000 0.0000000 0.0000000 0.7999784 0.0000000 0.0511942
 85 A  85 0.0729658 0.0000000 0.0052461 0.5211509 0.0000000 0.0000000 0.0034597 0.0000000 0.0000000 0.0000000 0.0000000 0.0000000 0.0000000 0.0000000 0.0000000 0.3431607 0.0028226 0.0000000 0.0000000 0.0000000 0.0511942
 86 I  86 0.0011154 0.0000000 0.0000000 0.0000000 0.0064971 0.0000000 0.0000000 0.0000000 0.0000000 0.5437750 0.0144400 0.0000000 0.0090292 0.0000000 0.0000000 0.0000000 0.0086897 0.0000000 0.0000000 0.3652594 0.0511942
 87 N  87 0.0292379 0.0000000 0.0691530 0.0116284 0.0124063 0.0039962 0.0023368 0.0021732 0.0000000 0.0141938 0.0017696 0.0000000 0.0000000 0.0000000 0.0000000 0.0632137 0.7266723 0.0000000 0.0000000 0.0120245 0.0511942
 88 N  88 0.0563272 0.1244203 0.1331913 0.2666481 0.0037918 0.0076382 0.0514762 0.0009353 0.0000000 0.0000000 0.0040551 0.0958779 0.0000000 0.0000000 0.0000000 0.1931179 0.0054967 0.0000000 0.0046604 0.0011693 0.0511942
 89 T  89 0.0377041 0.3690628 0.0023333 0.0181307 0.0000000 0.1566992 0.0886617 0.0186432 0.0451826 0.0021302 0.0249942 0.0507501 0.0429780 0.0017517 0.0212180 0.0242292 0.0292255 0.0015602 0.0050327 0.0085185 0.0511942
 90 K  90 0.0452363 0.0550847 0.0344455 0.1056717 0.0000000 0.0860364 0.1800327 0.0141658 0.0202769 0.0107576 0.0226566 0.1197509 0.0019013 0.0000000 0.0043562 0.2024845 0.0323883 0.0000000 0.0000000 0.0135605 0.0511942
 91 S  91 0.0000000 0.0017885 0.0023368 0.0054967 0.0000000 0.0000000 0.0000000 0.0000000 0.0000000 0.0000000 0.0000000 0.0000000 0.0000000 0.0000000 0.0000000 0.6320858 0.3070980 0.0000000 0.0000000 0.0000000 0.0511942
 92 F  92 0.0000000 0.0000000 0.0000000 0.0000000 0.0054967 0.0000000 0.0000000 0.0000000 0.0000000 0.0000000 0.0597364 0.0000000 0.0014919 0.8118199 0.0000000 0.0000000 0.0000000 0.0000000 0.0702610 0.0000000 0.0511942
 93 E  93 0.0377260 0.0164639 0.2414581 0.1488710 0.0000000 0.0563895 0.2957155 0.0123415 0.0112789 0.0016228 0.0172796 0.0227846 0.0023950 0.0000000 0.0000000 0.0224235 0.0522634 0.0012872 0.0012022 0.0073030 0.0511942
 94 D  94 0.0346368 0.0425503 0.3389835 0.1298144 0.0032359 0.0210477 0.2030372 0.0065695 0.1150161 0.0000000 0.0000000 0.0155452 0.0000000 0.0000000 0.0000000 0.0365974 0.0017718 0.0000000 0.0000000 0.0000000 0.0511942
 95 I  95 0.0563869 0.0000000 0.0000000 0.0000000 0.0071123 0.0000000 0.0000000 0.0000000 0.0000000 0.2868620 0.2683174 0.0000000 0.0119852 0.0000000 0.0000000 0.0015435 0.0426483 0.0000000 0.0000000 0.2739500 0.0511942
 96 H  96 0.0787344 0.0799570 0.0523847 0.0280117 0.0000000 0.1297439 0.0837772 0.0334222 0.0257092 0.0129583 0.0180268 0.1594560 0.0232721 0.0009245 0.0287458 0.0973974 0.0706812 0.0000000 0.0056168 0.0122171 0.0589636
 97 H  97 0.0326541 0.1665035 0.0884106 0.0937147 0.0013558 0.0958288 0.0971967 0.0154938 0.0211210 0.0065460 0.0127646 0.0876696 0.0097671 0.0053230 0.0084259 0.0778623 0.1117361 0.0000000 0.0081727 0.0082595 0.0511942
 98 Y  98 0.0000000 0.0000000 0.0000000 0.0000000 0.0026965 0.0000000 0.0000000 0.0000000 0.0000000 0.0086516 0.1245915 0.0000000 0.0033396 0.1946735 0.0000000 0.0000000 0.0000000 0.5261562 0.0818070 0.0068898 0.0511942
 99 R  99 0.0077688 0.2389745 0.0000000 0.0000000 0.0000000 0.0193073 0.0000000 0.0000000 0.0707391 0.0449583 0.3663954 0.0369730 0.0502675 0.0321357 0.0000000 0.0000000 0.0000000 0.0043306 0.0546929 0.0222626 0.0511942
100 E 100 0.0162461 0.0908652 0.0685033 0.0567970 0.0011505 0.1161941 0.3168795 0.0075985 0.0241406 0.0047581 0.0017731 0.1525407 0.0032937 0.0000000 0.0000000 0.0457348 0.0397939 0.0000000 0.0000000 0.0025367 0.0511942
101 Q 101 0.0000000 0.0019470 0.0855543 0.0581202 0.0000000 0.3767910 0.3521151 0.0000000 0.0106136 0.0000000 0.0314340 0.0065675 0.0024628 0.0000000 0.0000000 0.0042164 0.0178959 0.0000000 0.0010879 0.0000000 0.0511942
102 I 102 0.0502447 0.0000000 0.0000000 0.0000000 0.0025607 0.0000000 0.0000000 0.0000000 0.0000000 0.6063439 0.1735871 0.0000000 0.0037781 0.0000000 0.0014436 0.0000000 0.0019470 0.0000000 0.0000000 0.0955828 0.0645120
103 K 103 0.0174078 0.1733028 0.0341192 0.1137987 0.0070340 0.0680713 0.1178781 0.0008835 0.0084014 0.0231837 0.2274142 0.0777975 0.0079622 0.0052827 0.0000000 0.0173483 0.0140426 0.0000000 0.0137281 0.0202048 0.0521389
104 R 104 0.0085308 0.5080129 0.0119185 0.0737409 0.0008695 0.1266543 0.0920911 0.0112773 0.0074614 0.0012158 0.0117114 0.0376323 0.0070299 0.0000000 0.0000000 0.0108564 0.0347771 0.0000000 0.0000000 0.0015281 0.0546923
105 V 105 0.0146622 0.0000000 0.0645021 0.0000000 0.0070977 0.0226142 0.0000000 0.0000000 0.2513160 0.0404975 0.0076249 0.0000000 0.0051314 0.0147205 0.0000000 0.0040277 0.0087949 0.0000000 0.1500234 0.3506538 0.0583338
106 K 106 0.3848248 0.0410358 0.0046523 0.0000000 0.0205864 0.0000000 0.0026316 0.0045313 0.0035670 0.0013039 0.0283295 0.3606349 0.0000000 0.0000000 0.0000000 0.0578083 0.0284242 0.0000000 0.0000000 0.0000000 0.0616701
107 D 107 0.0239159 0.0101449 0.0618218 0.4378779 0.0051951 0.0009227 0.0485731 0.0267760 0.0073394 0.0000000 0.0031892 0.0018160 0.0055647 0.0000000 0.0043111 0.0203711 0.0445553 0.0000000 0.0016173 0.0000000 0.2960087
108 S 108 0.0729832 0.0478129 0.1108243 0.0505923 0.0373705 0.0202142 0.0066529 0.0069923 0.0009057 0.0033244 0.0127977 0.0379824 0.0038587 0.0000000 0.0293362 0.3029375 0.1327299 0.0000000 0.0000000 0.0315392 0.0911456
109 E 109 0.0502730 0.0009047 0.0253769 0.2872329 0.0000000 0.0300495 0.2544324 0.0075551 0.0155099 0.0000000 0.0000000 0.0300529 0.0095999 0.0000000 0.0465359 0.0324673 0.0169103 0.0000000 0.0046792 0.0065606 0.1818594
110 D 110 0.0021951 0.0269106 0.3178716 0.2131455 0.0033371 0.0190793 0.0702040 0.0477748 0.0132182 0.0017644 0.0012558 0.0274566 0.0012091 0.0016464 0.0074113 0.0823765 0.0411913 0.0018928 0.0248137 0.0055507 0.0896952
111 V 111 0.0236683 0.0000000 0.0000000 0.0000000 0.0137386 0.0000000 0.0000000 0.0000000 0.0000000 0.2085999 0.0116065 0.0000000 0.0592016 0.0682352 0.0014940 0.0026316 0.0334519 0.0000000 0.0093029 0.5157333 0.0523362
112 P 112 0.0211488 0.0043703 0.1079114 0.0027162 0.0259317 0.0195809 0.0490360 0.0000000 0.0060656 0.0190623 0.0090901 0.0021884 0.0023480 0.0015187 0.4174880 0.0240531 0.0248692 0.0000000 0.0007311 0.2073360 0.0545542
113 M 113 0.0017517 0.0381158 0.0013932 0.0000000 0.0059241 0.0024924 0.0000000 0.0000000 0.0000000 0.2734758 0.0497957 0.2283645 0.2044540 0.0395196 0.0000000 0.0000000 0.0144672 0.0000000 0.0000000 0.0880895 0.0521565
114 V 114 0.0187240 0.0000000 0.0000000 0.0000000 0.0021310 0.0000000 0.0024247 0.0044536 0.0000000 0.1907564 0.1743806 0.0000000 0.2770504 0.0165714 0.0000000 0.0000000 0.0016701 0.0000000 0.0000000 0.2563442 0.0554936
115 L 115 0.0011668 0.0000000 0.0000000 0.0000000 0.0000000 0.0012064 0.0000000 0.0000000 0.0000000 0.0710578 0.8015920 0.0000000 0.0274700 0.0000000 0.0000000 0.0000000 0.0000000 0.0000000 0.0000000 0.0463129 0.0511942
116 V 116 0.0213875 0.0000000 0.0000000 0.0000000 0.0100304 0.0000000 0.0000000 0.0000000 0.0000000 0.1573534 0.0556280 0.0000000 0.0015828 0.0000000 0.0000000 0.0045463 0.0011827 0.0000000 0.0000000 0.6970947 0.0511942
117 G 117 0.0347233 0.0000000 0.0000000 0.0000000 0.0000000 0.0000000 0.0000000 0.9109977 0.0000000 0.0000000 0.0000000 0.0000000 0.0000000 0.0000000 0.0000000 0.0030848 0.0000000 0.0000000 0.0000000 0.0000000 0.0511942
118 N 118 0.0000000 0.0000000 0.9419256 0.0000000 0.0000000 0.0000000 0.0000000 0.0000000 0.0043306 0.0000000 0.0000000 0.0000000 0.0000000 0.0000000 0.0000000 0.0025496 0.0000000 0.0000000 0.0000000 0.0000000 0.0511942
119 K 119 0.0000000 0.0000000 0.0000000 0.0000000 0.0000000 0.0000000 0.0000000 0.0000000 0.0000000 0.0000000 0.0000000 0.9488058 0.0000000 0.0000000 0.0000000 0.0000000 0.0000000 0.0000000 0.0000000 0.0000000 0.0511942
120 C 120 0.0854712 0.0000000 0.0200408 0.0000000 0.4393075 0.0017509 0.0000000 0.0070165 0.0000000 0.0477669 0.0145639 0.0025808 0.0008369 0.0069108 0.0000000 0.2492763 0.0201880 0.0000000 0.0040699 0.0490252 0.0511942
121 D 121 0.0000000 0.0000000 0.0000000 0.9357708 0.0000000 0.0000000 0.0091053 0.0000000 0.0000000 0.0000000 0.0000000 0.0000000 0.0000000 0.0000000 0.0000000 0.0000000 0.0000000 0.0000000 0.0000000 0.0039296 0.0511942
122 L 122 0.0060028 0.0110392 0.0011165 0.0170817 0.0138723 0.0015156 0.0018181 0.0000000 0.0000000 0.0147441 0.7270278 0.0214576 0.0730243 0.0010804 0.0000000 0.0100883 0.0010241 0.0121660 0.0000000 0.0357471 0.0511942
123 P 123 0.0623085 0.0574389 0.0279367 0.1504545 0.0000000 0.0305561 0.4152019 0.0110635 0.0063128 0.0014494 0.0014750 0.0241774 0.0015254 0.0000000 0.0568449 0.0234462 0.0749057 0.0000000 0.0000000 0.0037090 0.0511942
124 S 124 0.0116752 0.0165617 0.0577472 0.0993978 0.0009817 0.0988054 0.3187274 0.0000000 0.1217523 0.0000000 0.0000000 0.1268325 0.0000000 0.0000000 0.0016795 0.0545873 0.0350734 0.0000000 0.0000000 0.0017693 0.0544091
125 R 125 0.0000000 0.8555720 0.0000000 0.0000000 0.0000000 0.0032288 0.0000000 0.0000000 0.0031152 0.0035062 0.0066979 0.0684542 0.0013798 0.0000000 0.0000000 0.0000000 0.0000000 0.0051922 0.0000000 0.0000000 0.0528537
126 T 126 0.2277442 0.0174863 0.0037785 0.0139424 0.0045943 0.2019797 0.1096860 0.0022846 0.0000000 0.0127111 0.0034194 0.0448250 0.0191135 0.0000000 0.0000000 0.0208851 0.0278471 0.0000000 0.0000000 0.2361287 0.0535743
127 V 127 0.0018876 0.0000000 0.0000000 0.0000000 0.0011695 0.0000000 0.0000000 0.0000000 0.0000000 0.0596502 0.0034130 0.0000000 0.0048202 0.0026508 0.0000000 0.0000000 0.0000000 0.0000000 0.0000000 0.8728342 0.0535743
128 D 128 0.0114374 0.0045376 0.0025918 0.0995585 0.0016238 0.0210213 0.0495156 0.0694527 0.0009797 0.0053966 0.0110738 0.0304501 0.0028737 0.0008352 0.1250872 0.3806079 0.1261679 0.0010932 0.0000000 0.0021217 0.0535743
129 T 129 0.0224258 0.1106268 0.0041399 0.0000000 0.0016854 0.0342133 0.0292684 0.0029307 0.0045981 0.0170556 0.0324672 0.1633155 0.0185548 0.0320158 0.0161823 0.0328640 0.2660798 0.0000000 0.1181725 0.0398297 0.0535743
130 K 130 0.0705601 0.0190671 0.0354616 0.1094391 0.0000000 0.0669783 0.4909273 0.0073508 0.0086509 0.0016505 0.0032931 0.0390275 0.0025677 0.0000000 0.0063317 0.0392301 0.0378939 0.0000000 0.0000000 0.0079962 0.0535743
131 Q 131 0.0152373 0.0644867 0.0012105 0.1241668 0.0000000 0.1445306 0.4664187 0.0000000 0.0021087 0.0025362 0.0071851 0.0201492 0.0075286 0.0000000 0.0000000 0.0063263 0.0593075 0.0000000 0.0000000 0.0252336 0.0535743
132 A 132 0.3409525 0.0000000 0.0000000 0.0000000 0.0083664 0.0000000 0.0000000 0.5801925 0.0000000 0.0062559 0.0000000 0.0000000 0.0000000 0.0000000 0.0000000 0.0039146 0.0000000 0.0000000 0.0000000 0.0067437 0.0535743
133 Q 133 0.0216630 0.0934679 0.0169130 0.0078270 0.0015660 0.2357602 0.1657696 0.0058889 0.0096217 0.0308462 0.0433461 0.2245713 0.0151027 0.0259706 0.0038299 0.0147339 0.0129649 0.0009179 0.0026022 0.0154426 0.0511942
134 D 134 0.2404509 0.0314188 0.0820741 0.0598278 0.0025177 0.1048522 0.2060256 0.0195925 0.0049020 0.0039869 0.0100049 0.0721027 0.0056106 0.0019711 0.0008393 0.0720185 0.0247086 0.0000000 0.0000000 0.0059018 0.0511942
135 L 135 0.0021490 0.0221034 0.0000000 0.0000000 0.0059607 0.0032538 0.0000000 0.0000000 0.0000000 0.0220055 0.4668653 0.0245172 0.0224744 0.2868722 0.0000000 0.0000000 0.0048814 0.0063327 0.0487397 0.0319272 0.0519174
136 A 136 0.8484091 0.0000000 0.0000000 0.0000000 0.0061040 0.0000000 0.0000000 0.0070722 0.0000000 0.0000000 0.0000000 0.0000000 0.0000000 0.0000000 0.0000000 0.0832015 0.0013013 0.0000000 0.0000000 0.0027177 0.0511942
137 R 137 0.0342166 0.2293997 0.0376831 0.1574747 0.0000000 0.0713660 0.1494739 0.0045656 0.0041600 0.0117290 0.0055670 0.1874117 0.0022713 0.0000000 0.0000000 0.0354455 0.0107582 0.0000000 0.0000000 0.0072834 0.0511942
138 S 138 0.0282141 0.0513453 0.0193684 0.0490903 0.0135952 0.1874813 0.2807110 0.0051750 0.0149186 0.0011209 0.0079145 0.1130848 0.0022632 0.0000000 0.0000000 0.1472283 0.0224592 0.0008312 0.0026587 0.0013458 0.0511942
139 Y 139 0.0009493 0.0059102 0.1014516 0.0000000 0.0043766 0.0136443 0.0651513 0.0000000 0.1171402 0.0184119 0.1915571 0.0016594 0.0339245 0.1240721 0.0000000 0.0007025 0.0000000 0.1433652 0.1243054 0.0021840 0.0511942
140 G 140 0.0112710 0.0216426 0.1955838 0.0297946 0.0017883 0.0162481 0.0101037 0.5449798 0.0142068 0.0000000 0.0000000 0.0499543 0.0013603 0.0000000 0.0000000 0.0476322 0.0042403 0.0000000 0.0000000 0.0000000 0.0511942
141 I 141 0.0315854 0.0000000 0.0000000 0.0000000 0.2054521 0.0000000 0.0000000 0.0000000 0.0000000 0.2849993 0.2178688 0.0029760 0.0719644 0.0050158 0.0000000 0.0046821 0.0109412 0.0000000 0.0000000 0.1133207 0.0511942
142 P 142 0.0652627 0.0275127 0.0019321 0.0166414 0.0015969 0.0364642 0.0277287 0.0058341 0.0035428 0.0299227 0.0939928 0.0912583 0.0115971 0.0413020 0.3563359 0.0972843 0.0110396 0.0000000 0.0100223 0.0195352 0.0511942
143 F 143 0.0000000 0.0000000 0.0017326 0.0000000 0.0064406 0.0000000 0.0000000 0.0000000 0.0044828 0.0025389 0.0158330 0.0000000 0.0017921 0.7616193 0.0000000 0.0031606 0.0000000 0.0000000 0.1390953 0.0043412 0.0589636
144 I 144 0.0054217 0.0028507 0.0000000 0.0000000 0.0015674 0.0007917 0.0030821 0.0000000 0.0009667 0.1971862 0.2521060 0.0008537 0.1912752 0.1093985 0.0008196 0.0020688 0.0075984 0.0013732 0.0645573 0.0991189 0.0589636
145 E 145 0.0000000 0.0000000 0.0000000 0.0056451 0.0000000 0.0030821 0.9323092 0.0000000 0.0000000 0.0000000 0.0000000 0.0000000 0.0000000 0.0000000 0.0000000 0.0000000 0.0000000 0.0000000 0.0000000 0.0000000 0.0589636
146 T 146 0.1060121 0.0000000 0.0000000 0.0000000 0.0212843 0.0000000 0.0000000 0.0021310 0.0000000 0.0000000 0.0045800 0.0000000 0.0000000 0.0000000 0.0000000 0.0435497 0.7383699 0.0000000 0.0000000 0.0251095 0.0589636
147 S 147 0.0000000 0.0000000 0.0000000 0.0000000 0.0000000 0.0000000 0.0000000 0.0017882 0.0000000 0.0000000 0.0038299 0.0000000 0.0000000 0.0000000 0.0000000 0.9354183 0.0000000 0.0000000 0.0000000 0.0000000 0.0589636
148 A 148 0.9305391 0.0000000 0.0000000 0.0000000 0.0045216 0.0000000 0.0000000 0.0000000 0.0000000 0.0000000 0.0021535 0.0000000 0.0000000 0.0000000 0.0000000 0.0038221 0.0000000 0.0000000 0.0000000 0.0000000 0.0589636
149 K 149 0.0359215 0.0502756 0.0000000 0.0000000 0.0000000 0.0097227 0.0000000 0.0000000 0.0000000 0.0000000 0.1489517 0.6868014 0.0148064 0.0010808 0.0000000 0.0012459 0.0000000 0.0000000 0.0000000 0.0000000 0.0511942
150 T 150 0.0584446 0.0200620 0.1180094 0.1273701 0.0000000 0.0563610 0.0680579 0.0061941 0.0067387 0.0059954 0.0495129 0.0075082 0.0032972 0.0137795 0.0000000 0.1004070 0.2922728 0.0000000 0.0119447 0.0028503 0.0511942
151 R 151 0.2209715 0.2876698 0.1139939 0.0176930 0.0184312 0.0012517 0.0016973 0.0403311 0.0000000 0.0000000 0.0000000 0.0950299 0.0000000 0.0000000 0.0089226 0.1374756 0.0028507 0.0000000 0.0024875 0.0000000 0.0511942
152 Q 152 0.0399592 0.0040017 0.0094696 0.0259726 0.0025128 0.0688442 0.0523666 0.0092396 0.0313905 0.2250011 0.0604920 0.0087781 0.0494994 0.0088277 0.0017357 0.0613331 0.2067871 0.0000000 0.0187383 0.0638564 0.0511942
153 G 153 0.0015254 0.0127701 0.7889736 0.0013749 0.0033524 0.0036715 0.0000000 0.0824378 0.0118929 0.0000000 0.0027747 0.0037428 0.0011331 0.0151878 0.0000000 0.0024600 0.0000000 0.0000000 0.0155654 0.0000000 0.0531376
154 V 154 0.0000000 0.0000000 0.0027747 0.0000000 0.0000000 0.0000000 0.0000000 0.0000000 0.0029175 0.0917616 0.0026392 0.0000000 0.0000000 0.0000000 0.0000000 0.0000000 0.0000000 0.0000000 0.0000000 0.8445426 0.0553644
155 D 155 0.0075592 0.0056509 0.0904791 0.2987752 0.0000000 0.0341217 0.4440122 0.0021535 0.0151117 0.0000000 0.0014355 0.0125417 0.0011088 0.0000000 0.0008932 0.0127621 0.0168128 0.0000000 0.0000000 0.0028507 0.0537315
156 D 156 0.0268308 0.0141407 0.0429401 0.1457078 0.0097173 0.0979276 0.3869942 0.0033615 0.0013858 0.0019902 0.0368816 0.1116596 0.0016287 0.0028107 0.0022985 0.0186946 0.0350125 0.0000000 0.0008408 0.0060393 0.0531376
157 A 157 0.6057382 0.0000000 0.0000000 0.0000000 0.0346948 0.0000000 0.0000000 0.0036060 0.0000000 0.0903615 0.0093500 0.0000000 0.0221424 0.0000000 0.0030848 0.0403162 0.0120590 0.0000000 0.0000000 0.1233516 0.0552956
158 F 158 0.0000000 0.0000000 0.0000000 0.0000000 0.0000000 0.0000000 0.0000000 0.0000000 0.0000000 0.0000000 0.0000000 0.0000000 0.0000000 0.9310637 0.0000000 0.0000000 0.0000000 0.0000000 0.0096100 0.0000000 0.0593263
159 Y 159 0.0151580 0.0096054 0.0185233 0.0078121 0.0081912 0.0688224 0.0627714 0.0000000 0.0762873 0.0827299 0.1002634 0.0092291 0.0667067 0.0924229 0.0000000 0.0175964 0.0432864 0.0043306 0.2197976 0.0367591 0.0597067
160 T 160 0.0889045 0.0176066 0.0621594 0.2089182 0.0080802 0.0451533 0.1315602 0.0174675 0.0049360 0.0103179 0.0114619 0.0260543 0.0096117 0.0000000 0.0000000 0.0595369 0.2283927 0.0000000 0.0020398 0.0084726 0.0593263
161 L 161 0.0081552 0.0000000 0.0011259 0.0000000 0.0013804 0.0000000 0.0009118 0.0000000 0.0000000 0.1547220 0.4776545 0.0000000 0.1029194 0.0000000 0.0000000 0.0000000 0.0741414 0.0000000 0.0000000 0.1183360 0.0606533
162 V 162 0.3180634 0.0000000 0.0000000 0.0000000 0.0316036 0.0000000 0.0000000 0.0016815 0.0000000 0.0319457 0.1056773 0.0000000 0.0337662 0.0034032 0.0000000 0.0137514 0.0361847 0.0000000 0.0000000 0.3636502 0.0602729
163 R 163 0.0617504 0.5049878 0.0058757 0.0034032 0.0011954 0.0207292 0.0450017 0.0209867 0.0059448 0.0000000 0.0108626 0.1259655 0.0018256 0.0012448 0.0000000 0.0346466 0.0872230 0.0000000 0.0009668 0.0017400 0.0656505
164 E 164 0.0551221 0.0124838 0.0164635 0.0989862 0.0084504 0.1773456 0.3443408 0.0046707 0.0012744 0.0280611 0.0381573 0.0792910 0.0177430 0.0011141 0.0022268 0.0183719 0.0136895 0.0000000 0.0007911 0.0099114 0.0715053
165 I 165 0.0000000 0.0000000 0.0011061 0.0000000 0.0011556 0.0000000 0.0000000 0.0000000 0.0000000 0.7409321 0.0656477 0.0000000 0.0248606 0.0014895 0.0000000 0.0025059 0.0000000 0.0000000 0.0000000 0.0892131 0.0730896
166 R 166 0.0033078 0.2385480 0.0621340 0.0013961 0.0016263 0.0306228 0.0014895 0.0000000 0.0100302 0.0614222 0.0661797 0.1947582 0.0274458 0.0124039 0.0158074 0.0029640 0.0057706 0.0000000 0.1684429 0.0028382 0.0928126
167 K 167 0.0470635 0.2453783 0.0610276 0.0428027 0.0011270 0.0786959 0.0939624 0.0012534 0.0116559 0.0000000 0.0039812 0.2110340 0.0019804 0.0000000 0.0000000 0.0258660 0.0152194 0.0000000 0.0000000 0.0021721 0.1567803
168 H 168 0.0119993 0.1733561 0.0851390 0.0122277 0.0000000 0.0327717 0.0070732 0.0012224 0.0285092 0.0102843 0.0116153 0.2276454 0.0175784 0.0286757 0.0000000 0.0322350 0.0135935 0.0025256 0.0456870 0.0046062 0.2532549
169 K 169 0.0042058 0.0432794 0.0513738 0.0171475 0.0014901 0.0307541 0.0762004 0.0014524 0.0123341 0.0911119 0.0184074 0.1054980 0.0900330 0.0000000 0.0069202 0.0063902 0.0032322 0.0000000 0.0000000 0.0273732 0.4127964
170 E 170 0.0178822 0.0122085 0.0103186 0.0317326 0.0000000 0.0828650 0.0967124 0.0036635 0.0035096 0.0000000 0.0239942 0.0648822 0.0272906 0.0000000 0.0117235 0.0525143 0.0068961 0.0000000 0.0000000 0.0000000 0.5538066
171 K 171 0.0000000 0.0609730 0.0000000 0.0000000 0.0000000 0.0477663 0.1022050 0.0000000 0.0000000 0.0000000 0.0000000 0.0884304 0.0000000 0.0000000 0.0000000 0.0000000 0.0000000 0.0000000 0.0000000 0.0000000 0.7006253
