  171         A         R         N         D         C         Q         E         G         H         I         L         K         M         F         P         S         T         W         Y         V    
  1 G   1 0.1830080 0.0000000 0.0000000 0.0000000 0.0000000 0.0000000 0.0000000 0.8169920 0.0000000 0.0000000 0.0000000 0.0000000 0.0000000 0.0000000 0.0000000 0.0000000 0.0000000 0.0000000 0.0000000 0.0000000
  2 H   2 0.0030836 0.0063652 0.0087462 0.0000000 0.0000000 0.0301904 0.0349237 0.0842301 0.0305857 0.0000000 0.0176540 0.1210667 0.0000000 0.0074068 0.0457943 0.0000000 0.0000000 0.0000000 0.6099532 0.0000000
  3 M   3 0.0000000 0.0000000 0.0000000 0.4148756 0.0000000 0.0181363 0.0193675 0.0000000 0.0169518 0.0379095 0.1181237 0.0000000 0.2826828 0.0000000 0.0090565 0.0483818 0.0085532 0.0000000 0.0000000 0.0259613
  4 T   4 0.0268589 0.2148735 0.0120765 0.0000000 0.0245296 0.0100414 0.0000000 0.0021838 0.0102318 0.0000000 0.0000000 0.0335435 0.0092104 0.0080378 0.0235763 0.0153340 0.0870156 0.0000000 0.5072209 0.0152660
  5 E   5 0.0000000 0.0036180 0.0108516 0.0345681 0.0000000 0.0449354 0.1765832 0.0000000 0.0000000 0.0191889 0.5794213 0.0000000 0.0056681 0.0000000 0.0000000 0.0186163 0.0385945 0.0000000 0.0026115 0.0653432
  6 Y   6 0.0000000 0.0000000 0.0000000 0.0000000 0.0015294 0.0000000 0.0000000 0.0000000 0.0591625 0.0311113 0.0338117 0.0000000 0.0029791 0.5557503 0.0000000 0.0000000 0.0000000 0.0000000 0.3121991 0.0034566
  7 K   7 0.0000000 0.0124584 0.0000000 0.0000000 0.0000000 0.0000000 0.0000000 0.0000000 0.0249276 0.0000000 0.0000000 0.9594713 0.0000000 0.0031427 0.0000000 0.0000000 0.0000000 0.0000000 0.0000000 0.0000000
  8 L   8 0.0014287 0.0000000 0.0000000 0.0000000 0.0000000 0.0000000 0.0000000 0.0000000 0.0000000 0.2409361 0.4871552 0.0000000 0.0029247 0.0056427 0.0000000 0.0000000 0.0018413 0.0000000 0.0815026 0.1785687
  9 V   9 0.0128814 0.0000000 0.0000000 0.0000000 0.0142545 0.0000000 0.0000000 0.0000000 0.0000000 0.1517449 0.3277461 0.0000000 0.0117144 0.0000000 0.0000000 0.0027655 0.0000000 0.0000000 0.0000000 0.4788933
 10 V  10 0.0000000 0.0000000 0.0000000 0.0000000 0.0046979 0.0000000 0.0000000 0.0000000 0.0000000 0.1776518 0.4741192 0.0000000 0.0961833 0.0000000 0.0000000 0.0000000 0.0000000 0.0000000 0.0000000 0.2473478
 11 V  11 0.0000000 0.0000000 0.0000000 0.0000000 0.0000000 0.0000000 0.0000000 0.0000000 0.0000000 0.5654862 0.2686211 0.0000000 0.0140874 0.0061570 0.0000000 0.0000000 0.0036174 0.0000000 0.0000000 0.1420309
 12 G  12 0.0073776 0.0000000 0.0000000 0.0000000 0.0000000 0.0000000 0.0000000 0.9926224 0.0000000 0.0000000 0.0000000 0.0000000 0.0000000 0.0000000 0.0000000 0.0000000 0.0000000 0.0000000 0.0000000 0.0000000
 13 A  13 0.0781043 0.0000000 0.0212212 0.6533465 0.0000000 0.0048295 0.0588501 0.0153355 0.0000000 0.0000000 0.0000000 0.0000000 0.0000000 0.0000000 0.0095192 0.1488029 0.0078971 0.0000000 0.0000000 0.0020936
 14 C  14 0.0067766 0.0021684 0.0000000 0.0000000 0.0024437 0.0000000 0.0000000 0.3549144 0.0000000 0.0000000 0.0020828 0.0000000 0.0097523 0.0000000 0.0037023 0.5570826 0.0610768 0.0000000 0.0000000 0.0000000
 15 G  15 0.0954620 0.0000000 0.0058843 0.0026217 0.0083902 0.0000000 0.0000000 0.8578336 0.0000000 0.0000000 0.0000000 0.0000000 0.0000000 0.0000000 0.0000000 0.0240277 0.0057804 0.0000000 0.0000000 0.0000000
 16 V  16 0.0031188 0.0000000 0.0000000 0.0000000 0.0000000 0.0000000 0.0000000 0.0047336 0.0000000 0.0032784 0.0015643 0.0000000 0.0023571 0.0051018 0.0000000 0.0000000 0.0028873 0.0000000 0.0000000 0.9769587
 17 G  17 0.0000000 0.0000000 0.0000000 0.0000000 0.0000000 0.0000000 0.0000000 1.0000000 0.0000000 0.0000000 0.0000000 0.0000000 0.0000000 0.0000000 0.0000000 0.0000000 0.0000000 0.0000000 0.0000000 0.0000000
 18 K  18 0.0000000 0.0000000 0.0000000 0.0000000 0.0000000 0.0000000 0.0000000 0.0000000 0.0000000 0.0000000 0.0000000 1.0000000 0.0000000 0.0000000 0.0000000 0.0000000 0.0000000 0.0000000 0.0000000 0.0000000
 19 S  19 0.0000000 0.0000000 0.0000000 0.0000000 0.0000000 0.0000000 0.0000000 0.0000000 0.0000000 0.0000000 0.0000000 0.0000000 0.0000000 0.0000000 0.0000000 0.8460911 0.1539089 0.0000000 0.0000000 0.0000000
 20 A  20 0.3507156 0.0000000 0.1345423 0.0000000 0.3702902 0.0192076 0.0000000 0.0000000 0.0000000 0.0000000 0.0000000 0.0000000 0.0000000 0.0000000 0.0000000 0.1201545 0.0050898 0.0000000 0.0000000 0.0000000
 21 L  21 0.0014009 0.0000000 0.0000000 0.0000000 0.0090650 0.0000000 0.0000000 0.0000000 0.0000000 0.0897957 0.8226323 0.0000000 0.0232531 0.0020054 0.0000000 0.0000000 0.0000000 0.0000000 0.0000000 0.0518477
 22 T  22 0.0000000 0.0022719 0.0000000 0.0000000 0.0032692 0.0022963 0.0000000 0.0000000 0.0000000 0.0148376 0.5245606 0.0000000 0.0046175 0.0000000 0.0000000 0.0000000 0.4190282 0.0000000 0.0000000 0.0291187
 23 I  23 0.0391888 0.0086131 0.0025010 0.0000000 0.0000000 0.0000000 0.0000000 0.0014967 0.0138936 0.2313375 0.3807021 0.0000000 0.0296390 0.0435094 0.0000000 0.1138352 0.0101560 0.0000000 0.0029990 0.1221287
 24 Q  24 0.0000000 0.5023741 0.0000000 0.0000000 0.0000000 0.4847672 0.0000000 0.0000000 0.0000000 0.0000000 0.0000000 0.0064824 0.0000000 0.0000000 0.0000000 0.0063763 0.0000000 0.0000000 0.0000000 0.0000000
 25 L  25 0.0000000 0.0000000 0.0000000 0.0017624 0.0000000 0.0000000 0.0000000 0.0000000 0.0000000 0.0000000 0.1320411 0.0000000 0.0000000 0.8113160 0.0000000 0.0000000 0.0000000 0.0000000 0.0548806 0.0000000
 26 I  26 0.1605969 0.0039302 0.0000000 0.0000000 0.0544420 0.0000000 0.0000000 0.0000000 0.0000000 0.1708803 0.0000000 0.0090912 0.0432875 0.0125097 0.0000000 0.1099981 0.2217533 0.0000000 0.0000000 0.2135108
 27 Q  27 0.0113785 0.1204932 0.0161204 0.2910202 0.0000000 0.2714947 0.0929277 0.0000000 0.0115093 0.0000000 0.0298751 0.0294461 0.0022624 0.0000000 0.0000000 0.0571611 0.0230238 0.0000000 0.0432875 0.0000000
 28 N  28 0.0026766 0.0075946 0.2851399 0.3044532 0.0010962 0.0217986 0.0164028 0.1599894 0.0433408 0.0000000 0.0017964 0.0805768 0.0000000 0.0000000 0.0000000 0.0751347 0.0000000 0.0000000 0.0000000 0.0000000
 29 H  29 0.0632889 0.0981281 0.0159340 0.0043971 0.0000000 0.0562722 0.1825394 0.0000000 0.1578403 0.0797243 0.0108342 0.0472920 0.0039541 0.0000000 0.0000000 0.1052686 0.1189497 0.0000000 0.0225995 0.0329775
 30 F  30 0.0000000 0.0000000 0.0000000 0.0000000 0.0065271 0.0000000 0.0000000 0.0000000 0.0028484 0.0000000 0.0000000 0.0000000 0.0000000 0.8514254 0.0000000 0.0000000 0.0000000 0.0251982 0.1140010 0.0000000
 31 V  31 0.0086401 0.0082169 0.1482474 0.0279436 0.0130329 0.0533049 0.0060299 0.0000000 0.0192599 0.0736066 0.0667714 0.0053893 0.0127049 0.0016654 0.0200724 0.0829108 0.1251941 0.0000000 0.0085168 0.3184926
 32 D  32 0.0287875 0.0013697 0.0195258 0.1856565 0.0000000 0.0175495 0.3441354 0.0198493 0.0041668 0.0065068 0.1081762 0.0068903 0.0048365 0.0000000 0.1359776 0.0302627 0.0716414 0.0000000 0.0041279 0.0105399
 33 E  33 0.0000000 0.0160553 0.0366351 0.1618142 0.0022069 0.0041929 0.2349287 0.0066747 0.0112234 0.0075727 0.0059711 0.0729353 0.0027892 0.0044239 0.0000000 0.2015742 0.1164136 0.0000000 0.0693127 0.0452763
 34 Y  34 0.0000000 0.0000000 0.0000000 0.0000000 0.0086594 0.0310622 0.0000000 0.0000000 0.1163676 0.0025433 0.0173049 0.0000000 0.0000000 0.1361982 0.0000000 0.1388717 0.0127523 0.0000000 0.5362405 0.0000000
 35 D  35 0.0143633 0.0065545 0.0012774 0.4615123 0.0000000 0.0053835 0.0591535 0.0034738 0.0000000 0.2627505 0.0140308 0.1371734 0.0027706 0.0000000 0.0097572 0.0154733 0.0000000 0.0000000 0.0028811 0.0034449
 36 P  36 0.0621748 0.0000000 0.0028811 0.0000000 0.0000000 0.0000000 0.0000000 0.0000000 0.0086594 0.0000000 0.0623648 0.0000000 0.0000000 0.0027609 0.4565657 0.3057319 0.0962171 0.0000000 0.0000000 0.0026443
 37 T  37 0.0000000 0.0000000 0.0000000 0.0000000 0.0000000 0.0000000 0.0000000 0.0000000 0.0000000 0.0000000 0.0000000 0.0000000 0.0000000 0.0000000 0.0000000 0.0000000 1.0000000 0.0000000 0.0000000 0.0000000
 38 I  38 0.0000000 0.0044577 0.0000000 0.0000000 0.0000000 0.0000000 0.0000000 0.0000000 0.0000000 0.9160363 0.0062363 0.0432665 0.0032269 0.0000000 0.0000000 0.0000000 0.0000000 0.0000000 0.0000000 0.0267763
 39 E  39 0.0432665 0.0000000 0.0000000 0.0000000 0.0000000 0.0000000 0.3883320 0.5684015 0.0000000 0.0000000 0.0000000 0.0000000 0.0000000 0.0000000 0.0000000 0.0000000 0.0000000 0.0000000 0.0000000 0.0000000
 40 D  40 0.0222038 0.0000000 0.0042050 0.4251891 0.0000000 0.0000000 0.0000000 0.0022044 0.0000000 0.1467203 0.0000000 0.0000000 0.0000000 0.0000000 0.0000000 0.0000000 0.0000000 0.0000000 0.0000000 0.3994775
 41 S  41 0.0490760 0.0000000 0.0031189 0.3334823 0.0000000 0.0052899 0.2095966 0.0047642 0.0000000 0.0000000 0.0000000 0.0000000 0.0037228 0.0067232 0.0000000 0.3819760 0.0000000 0.0000000 0.0000000 0.0022502
 42 Y  42 0.0000000 0.0000000 0.0000000 0.0000000 0.0000000 0.0000000 0.0000000 0.0000000 0.0000000 0.0000000 0.0000000 0.0000000 0.0000000 0.5663722 0.0000000 0.0000000 0.0000000 0.0000000 0.4336278 0.0000000
 43 R  43 0.0615702 0.3704042 0.0000000 0.0000000 0.0035681 0.0419371 0.0000000 0.0113200 0.0031200 0.0120571 0.0042945 0.3092419 0.0034751 0.0000000 0.0010172 0.0139646 0.1640301 0.0000000 0.0000000 0.0000000
 44 K  44 0.0000000 0.3625357 0.0014687 0.0000000 0.0000000 0.0421020 0.0000000 0.0000000 0.0032886 0.0072018 0.0022052 0.5351275 0.0036853 0.0031200 0.0000000 0.0000000 0.0370802 0.0000000 0.0000000 0.0021850
 45 Q  45 0.0054110 0.0152665 0.0184199 0.0045931 0.0000000 0.3123520 0.0085625 0.0000000 0.0247554 0.0154991 0.0235089 0.0574521 0.0513164 0.0000000 0.0087902 0.0740170 0.3488416 0.0000000 0.0000000 0.0312144
 46 V  46 0.0328608 0.0000000 0.0000000 0.0000000 0.0873413 0.0027608 0.0000000 0.0000000 0.0000000 0.3355144 0.1057835 0.0000000 0.0352328 0.0073582 0.0000000 0.0000000 0.0257663 0.0000000 0.0010895 0.3662923
 47 V  47 0.0115908 0.0266921 0.0700795 0.0866470 0.0148150 0.0689923 0.3162491 0.0023500 0.0047479 0.0299471 0.0235742 0.0209689 0.0070563 0.0000000 0.0040306 0.0294031 0.0816214 0.0000000 0.0034180 0.1978169
 48 I  48 0.0096331 0.0000000 0.0000000 0.0000000 0.0027347 0.0158528 0.0000000 0.0000000 0.0000000 0.4288985 0.2311523 0.0057752 0.0079823 0.0046645 0.0000000 0.0057119 0.0050280 0.0000000 0.0034622 0.2791046
 49 D  49 0.0074918 0.0045335 0.0518158 0.7856289 0.0000000 0.0214795 0.0851345 0.0207257 0.0009867 0.0031219 0.0021556 0.0139091 0.0000000 0.0000000 0.0000000 0.0030172 0.0000000 0.0000000 0.0000000 0.0000000
 50 G  50 0.0278083 0.0037022 0.0964918 0.1238299 0.0029771 0.0152938 0.0309071 0.6462678 0.0160024 0.0000000 0.0000000 0.0077911 0.0000000 0.0000000 0.0000000 0.0208172 0.0081115 0.0000000 0.0000000 0.0000000
 51 E  51 0.0100596 0.0682242 0.0268577 0.0229117 0.0000000 0.1079472 0.2143862 0.0010119 0.0096557 0.0043781 0.0012214 0.4631029 0.0076519 0.0009223 0.0000000 0.0135107 0.0261032 0.0000000 0.0018638 0.0201916
 52 T  52 0.0498498 0.0907370 0.0182253 0.0089499 0.0027744 0.1203283 0.0635567 0.0023826 0.0077648 0.0278828 0.0112540 0.1222204 0.0061839 0.0000000 0.0778403 0.0367995 0.2505393 0.0107704 0.0000000 0.0919404
 53 C  53 0.1101226 0.0000000 0.0000000 0.0000000 0.1997632 0.0000000 0.0000000 0.0043687 0.0000000 0.3120731 0.0178500 0.0000000 0.0033899 0.0176773 0.0000000 0.0069321 0.0103886 0.0000000 0.0154180 0.3020166
 54 L  54 0.0017778 0.0060014 0.0133320 0.0173963 0.0000000 0.0402731 0.0038539 0.0000000 0.0020579 0.0426179 0.1358969 0.5810879 0.1110149 0.0085476 0.0000000 0.0051379 0.0111780 0.0000000 0.0051498 0.0146769
 55 L  55 0.1372733 0.0000000 0.0000000 0.0000000 0.0000000 0.0000000 0.0000000 0.0034625 0.0000000 0.0445848 0.7780575 0.0000000 0.0110602 0.0181777 0.0000000 0.0017907 0.0012293 0.0000000 0.0026029 0.0017609
 56 D  56 0.0231196 0.0026268 0.0000000 0.2761320 0.0000000 0.5085276 0.1736307 0.0000000 0.0024475 0.0000000 0.0000000 0.0000000 0.0000000 0.0000000 0.0000000 0.0028182 0.0106976 0.0000000 0.0000000 0.0000000
 57 I  57 0.0000000 0.0011786 0.0000000 0.0000000 0.0025184 0.0000000 0.0000000 0.0000000 0.0000000 0.8794670 0.0154792 0.0000000 0.0000000 0.0026198 0.0000000 0.0000000 0.0045660 0.0000000 0.0000000 0.0941709
 58 L  58 0.0000000 0.0000000 0.0000000 0.0000000 0.0000000 0.0000000 0.0000000 0.0000000 0.0000000 0.0000000 0.4087153 0.0000000 0.0083410 0.0000000 0.0000000 0.0000000 0.0054773 0.5723088 0.0051576 0.0000000
 59 D  59 0.0000000 0.0000000 0.0000000 1.0000000 0.0000000 0.0000000 0.0000000 0.0000000 0.0000000 0.0000000 0.0000000 0.0000000 0.0000000 0.0000000 0.0000000 0.0000000 0.0000000 0.0000000 0.0000000 0.0000000
 60 T  60 0.0070153 0.0000000 0.0000000 0.0000000 0.0000000 0.0000000 0.0000000 0.0000000 0.0000000 0.0000000 0.0000000 0.0000000 0.0000000 0.0000000 0.0000000 0.0000000 0.9929847 0.0000000 0.0000000 0.0000000
 61 A  61 0.9895076 0.0000000 0.0000000 0.0000000 0.0000000 0.0000000 0.0000000 0.0000000 0.0000000 0.0000000 0.0000000 0.0000000 0.0000000 0.0064351 0.0000000 0.0040573 0.0000000 0.0000000 0.0000000 0.0000000
 62 G  62 0.0000000 0.0000000 0.0000000 0.0000000 0.0000000 0.0000000 0.0000000 0.9935649 0.0000000 0.0000000 0.0000000 0.0000000 0.0000000 0.0000000 0.0000000 0.0064351 0.0000000 0.0000000 0.0000000 0.0000000
 63 Q  63 0.0000000 0.0065091 0.0000000 0.0000000 0.0000000 0.8823681 0.0000000 0.0000000 0.0000000 0.0036294 0.0064320 0.0000000 0.0000000 0.0000000 0.0000000 0.0000000 0.0847515 0.0000000 0.0000000 0.0163099
 64 E  64 0.0369865 0.0000000 0.0000000 0.0265839 0.0000000 0.0000000 0.9201923 0.0000000 0.0000000 0.0029957 0.0000000 0.0000000 0.0000000 0.0000000 0.0000000 0.0000000 0.0000000 0.0000000 0.0000000 0.0132416
 65 E  65 0.0052269 0.5029359 0.0000000 0.0597267 0.0000000 0.1161498 0.2478333 0.0015058 0.0000000 0.0000000 0.0000000 0.0027747 0.0000000 0.0000000 0.0000000 0.0553178 0.0085292 0.0000000 0.0000000 0.0000000
 66 Y  66 0.0000000 0.0000000 0.0000000 0.0000000 0.0000000 0.0000000 0.0000000 0.0000000 0.0000000 0.0000000 0.0150303 0.0000000 0.0000000 0.6363183 0.0000000 0.0000000 0.0000000 0.0000000 0.3486514 0.0000000
 67 S  67 0.0527198 0.5103419 0.0000000 0.0000000 0.0000000 0.0020638 0.0048492 0.0117312 0.0428822 0.0045839 0.0037287 0.0204413 0.0000000 0.0000000 0.0000000 0.1610176 0.1825843 0.0000000 0.0000000 0.0030562
 68 A  68 0.5481340 0.0000000 0.0000000 0.0000000 0.0000000 0.0032356 0.0000000 0.0000000 0.0000000 0.0048545 0.0000000 0.0000000 0.0000000 0.0000000 0.0000000 0.1365148 0.3072612 0.0000000 0.0000000 0.0000000
 69 M  69 0.0000000 0.0000000 0.0000000 0.0000000 0.0000000 0.0000000 0.0000000 0.0000000 0.0000000 0.4875018 0.1053292 0.0000000 0.3249769 0.0000000 0.0000000 0.0000000 0.0045720 0.0000000 0.0000000 0.0776201
 70 R  70 0.0224573 0.4160101 0.0000000 0.0000000 0.0000000 0.0064886 0.0000000 0.0000000 0.0000000 0.0000000 0.0000000 0.0048431 0.0000000 0.0000000 0.0000000 0.0034632 0.5439454 0.0000000 0.0000000 0.0027924
 71 D  71 0.0131922 0.0828595 0.0035365 0.2827299 0.0000000 0.0096514 0.1391669 0.0077786 0.0130298 0.0000000 0.0000000 0.0039219 0.0011881 0.0000000 0.0357898 0.2808571 0.1262981 0.0000000 0.0000000 0.0000000
 72 Q  72 0.2743290 0.0027750 0.0508625 0.0000000 0.0000000 0.2446078 0.0049819 0.0031087 0.0026198 0.0022527 0.1136758 0.0000000 0.0220243 0.0000000 0.0000000 0.2576732 0.0210893 0.0000000 0.0000000 0.0000000
 73 Y  73 0.0000000 0.0000000 0.0000000 0.0000000 0.0000000 0.0000000 0.0000000 0.0000000 0.0000000 0.0000000 0.0000000 0.0000000 0.0000000 0.0075446 0.0000000 0.0000000 0.0000000 0.0514289 0.9410265 0.0000000
 74 M  74 0.0000000 0.0000000 0.0000000 0.0000000 0.0000000 0.0000000 0.0000000 0.0000000 0.0000000 0.0833723 0.0026461 0.0000000 0.2960940 0.0376840 0.0000000 0.0000000 0.0000000 0.0000000 0.5724148 0.0077887
 75 R  75 0.0000000 0.8678769 0.0000000 0.0000000 0.0000000 0.0000000 0.0000000 0.0037191 0.0084200 0.0000000 0.0000000 0.1199840 0.0000000 0.0000000 0.0000000 0.0000000 0.0000000 0.0000000 0.0000000 0.0000000
 76 T  76 0.0170360 0.0000000 0.1049499 0.0350018 0.0162540 0.0160210 0.0170657 0.5499853 0.0000000 0.0000000 0.0045649 0.0064630 0.0000000 0.0000000 0.0000000 0.1052953 0.1273632 0.0000000 0.0000000 0.0000000
 77 G  77 0.5221250 0.0027838 0.0048469 0.0000000 0.0150457 0.0000000 0.0070191 0.4056582 0.0000000 0.0000000 0.0000000 0.0000000 0.0000000 0.0000000 0.0000000 0.0223760 0.0163218 0.0000000 0.0000000 0.0038233
 78 E  78 0.0659459 0.0085961 0.0159073 0.0329800 0.0047063 0.1712908 0.2540853 0.0000000 0.1380461 0.0027232 0.0083454 0.0166678 0.1377658 0.0056929 0.0000000 0.0041782 0.0010308 0.0000000 0.0000000 0.1320380
 79 G  79 0.0469390 0.0000000 0.0000000 0.0000000 0.0000000 0.0000000 0.0000000 0.9485282 0.0000000 0.0000000 0.0000000 0.0000000 0.0000000 0.0000000 0.0000000 0.0000000 0.0000000 0.0000000 0.0000000 0.0045328
 80 F  80 0.2451415 0.0000000 0.0000000 0.0000000 0.0000000 0.0000000 0.0000000 0.0000000 0.0000000 0.2582886 0.0192658 0.0000000 0.0000000 0.4239121 0.0000000 0.0000000 0.0027809 0.0000000 0.0077336 0.0428774
 81 L  81 0.0342798 0.0000000 0.0000000 0.0000000 0.0033609 0.0000000 0.0000000 0.0000000 0.0000000 0.2642019 0.5167799 0.0000000 0.0817831 0.0000000 0.0000000 0.0000000 0.0000000 0.0000000 0.0000000 0.0995945
 82 C  82 0.0000000 0.0000000 0.0000000 0.0000000 0.0754116 0.0000000 0.0000000 0.0000000 0.0000000 0.1417294 0.6497635 0.0012721 0.0330315 0.0025468 0.0000000 0.0000000 0.0027709 0.0000000 0.0000000 0.0934743
 83 V  83 0.0047663 0.0000000 0.0000000 0.0000000 0.0352676 0.0000000 0.0000000 0.0000000 0.0000000 0.0233229 0.0168937 0.0000000 0.0064753 0.0000000 0.0000000 0.0036514 0.0097259 0.0000000 0.0000000 0.8998970
 84 F  84 0.0000000 0.0000000 0.0000000 0.0000000 0.0000000 0.0000000 0.0000000 0.0000000 0.0000000 0.0000000 0.0000000 0.0000000 0.0000000 0.1449445 0.0000000 0.0000000 0.0000000 0.0000000 0.8550555 0.0000000
 85 A  85 0.0668782 0.0000000 0.0057111 0.5630326 0.0000000 0.0000000 0.0035517 0.0000000 0.0000000 0.0000000 0.0000000 0.0000000 0.0000000 0.0000000 0.0000000 0.3575793 0.0032470 0.0000000 0.0000000 0.0000000
 86 I  86 0.0012598 0.0000000 0.0000000 0.0000000 0.0072568 0.0000000 0.0000000 0.0000000 0.0000000 0.5785718 0.0158070 0.0000000 0.0097710 0.0000000 0.0000000 0.0000000 0.0092299 0.0000000 0.0000000 0.3781036
 87 N  87 0.0317635 0.0000000 0.0620907 0.0125150 0.0136816 0.0043704 0.0026526 0.0023279 0.0000000 0.0158500 0.0019327 0.0000000 0.0000000 0.0000000 0.0000000 0.0699958 0.7700374 0.0000000 0.0000000 0.0127824
 88 N  88 0.0519450 0.1336619 0.1344555 0.2854138 0.0041676 0.0086423 0.0567497 0.0010174 0.0000000 0.0000000 0.0040949 0.1053682 0.0000000 0.0000000 0.0000000 0.2010979 0.0070119 0.0000000 0.0051220 0.0012518
 89 T  89 0.0319463 0.3975023 0.0025800 0.0196650 0.0000000 0.1563668 0.0979000 0.0195816 0.0492715 0.0023008 0.0273940 0.0548592 0.0427399 0.0017957 0.0235169 0.0260826 0.0296493 0.0017005 0.0056857 0.0094618
 90 K  90 0.0492263 0.0607422 0.0351772 0.1158767 0.0000000 0.0934614 0.1878039 0.0147527 0.0226110 0.0127689 0.0244338 0.1198332 0.0020947 0.0000000 0.0045860 0.2070758 0.0346547 0.0000000 0.0000000 0.0149014
 91 S  91 0.0000000 0.0026517 0.0026526 0.0070119 0.0000000 0.0000000 0.0000000 0.0000000 0.0000000 0.0000000 0.0000000 0.0000000 0.0000000 0.0000000 0.0000000 0.6621022 0.3255815 0.0000000 0.0000000 0.0000000
 92 F  92 0.0000000 0.0000000 0.0000000 0.0000000 0.0070119 0.0000000 0.0000000 0.0000000 0.0000000 0.0000000 0.0609499 0.0000000 0.0016353 0.8542096 0.0000000 0.0000000 0.0000000 0.0000000 0.0761934 0.0000000
 93 E  93 0.0411790 0.0182589 0.2442213 0.1614940 0.0000000 0.0615649 0.3078985 0.0137789 0.0124094 0.0016547 0.0191907 0.0251776 0.0025310 0.0000000 0.0000000 0.0245951 0.0556409 0.0014199 0.0012526 0.0077324
 94 D  94 0.0380869 0.0473551 0.3647259 0.1212066 0.0034742 0.0238436 0.2104942 0.0071833 0.1244199 0.0000000 0.0000000 0.0169948 0.0000000 0.0000000 0.0000000 0.0402688 0.0019469 0.0000000 0.0000000 0.0000000
 95 I  95 0.0625603 0.0000000 0.0000000 0.0000000 0.0077970 0.0000000 0.0000000 0.0000000 0.0000000 0.2980471 0.2750209 0.0000000 0.0129618 0.0000000 0.0000000 0.0017160 0.0472648 0.0000000 0.0000000 0.2946321
 96 H  96 0.0830104 0.0874555 0.0557018 0.0301563 0.0000000 0.1360670 0.0932894 0.0271661 0.0264556 0.0143801 0.0195911 0.1706341 0.0239317 0.0009121 0.0313670 0.1037678 0.0771947 0.0000000 0.0054910 0.0134284
 97 H  97 0.0360364 0.1822055 0.0961746 0.0915609 0.0014844 0.0974014 0.1030328 0.0179233 0.0233880 0.0070627 0.0145001 0.0937636 0.0104639 0.0060788 0.0092690 0.0744343 0.1171579 0.0000000 0.0092103 0.0088522
 98 Y  98 0.0000000 0.0000000 0.0000000 0.0000000 0.0029957 0.0000000 0.0000000 0.0000000 0.0000000 0.0095460 0.1233596 0.0000000 0.0036990 0.2085619 0.0000000 0.0000000 0.0000000 0.5683543 0.0759794 0.0075041
 99 R  99 0.0074528 0.2375085 0.0000000 0.0000000 0.0000000 0.0190270 0.0000000 0.0000000 0.0748103 0.0489671 0.3948718 0.0411377 0.0541728 0.0350879 0.0000000 0.0000000 0.0000000 0.0051357 0.0572067 0.0246217
100 E 100 0.0178642 0.0998341 0.0740802 0.0614947 0.0012398 0.1167123 0.3219156 0.0083131 0.0261105 0.0052029 0.0019580 0.1657610 0.0036599 0.0000000 0.0000000 0.0507183 0.0423644 0.0000000 0.0000000 0.0027709
101 Q 101 0.0000000 0.0021472 0.0943517 0.0619212 0.0000000 0.3803529 0.3792419 0.0000000 0.0114577 0.0000000 0.0348556 0.0074391 0.0026434 0.0000000 0.0000000 0.0046515 0.0197457 0.0000000 0.0011921 0.0000000
102 I 102 0.0546213 0.0000000 0.0000000 0.0000000 0.0027997 0.0000000 0.0000000 0.0000000 0.0000000 0.6352456 0.1936810 0.0000000 0.0042395 0.0000000 0.0016092 0.0000000 0.0021771 0.0000000 0.0000000 0.1056266
103 K 103 0.0186255 0.1895836 0.0377488 0.1184962 0.0077730 0.0736789 0.1280519 0.0009580 0.0092213 0.0252863 0.2346462 0.0733093 0.0085609 0.0058475 0.0000000 0.0195904 0.0152393 0.0000000 0.0151654 0.0182174
104 R 104 0.0092365 0.5207655 0.0129291 0.0816395 0.0009461 0.1375884 0.1020017 0.0125301 0.0086268 0.0013457 0.0115629 0.0415597 0.0076139 0.0000000 0.0000000 0.0116189 0.0383569 0.0000000 0.0000000 0.0016782
105 V 105 0.0160756 0.0000000 0.0706292 0.0000000 0.0076367 0.0248087 0.0000000 0.0000000 0.2771768 0.0405972 0.0085202 0.0000000 0.0055641 0.0161856 0.0000000 0.0044562 0.0100704 0.0000000 0.1592265 0.3590527
106 K 106 0.4219500 0.0460556 0.0048908 0.0000000 0.0222357 0.0000000 0.0029187 0.0048293 0.0037290 0.0014351 0.0317239 0.3661810 0.0000000 0.0000000 0.0000000 0.0625589 0.0314919 0.0000000 0.0000000 0.0000000
107 D 107 0.0361752 0.0152704 0.0899060 0.6074142 0.0078719 0.0013382 0.0714418 0.0398465 0.0110953 0.0000000 0.0048782 0.0027194 0.0087819 0.0000000 0.0064025 0.0307210 0.0637532 0.0000000 0.0023843 0.0000000
108 S 108 0.0728213 0.0525170 0.1246426 0.0533288 0.0424836 0.0226932 0.0077492 0.0075795 0.0010282 0.0037134 0.0147503 0.0408433 0.0044371 0.0000000 0.0345982 0.3368405 0.1437209 0.0000000 0.0000000 0.0362531
109 E 109 0.0630533 0.0011452 0.0325927 0.3387929 0.0000000 0.0376278 0.3110036 0.0094005 0.0208697 0.0000000 0.0000000 0.0380712 0.0120481 0.0000000 0.0589721 0.0408108 0.0211473 0.0000000 0.0060097 0.0084549
110 D 110 0.0024301 0.0312409 0.3547243 0.2229541 0.0036123 0.0217312 0.0757196 0.0553691 0.0153491 0.0018663 0.0013213 0.0304289 0.0013735 0.0016297 0.0086352 0.0913150 0.0471997 0.0020970 0.0249583 0.0060446
111 V 111 0.0263786 0.0000000 0.0000000 0.0000000 0.0140087 0.0000000 0.0000000 0.0000000 0.0000000 0.2297045 0.0126343 0.0000000 0.0643294 0.0693815 0.0016043 0.0028900 0.0364258 0.0000000 0.0099727 0.5326702
112 P 112 0.0233051 0.0048562 0.1127941 0.0029946 0.0284805 0.0212512 0.0539889 0.0000000 0.0067320 0.0211420 0.0100121 0.0024020 0.0026008 0.0016521 0.4271101 0.0268200 0.0267648 0.0000000 0.0008004 0.2262931
113 M 113 0.0017967 0.0417449 0.0015133 0.0000000 0.0066501 0.0028099 0.0000000 0.0000000 0.0000000 0.2940949 0.0547008 0.2435493 0.2000018 0.0439376 0.0000000 0.0000000 0.0158861 0.0000000 0.0000000 0.0933147
114 V 114 0.0207249 0.0000000 0.0000000 0.0000000 0.0022812 0.0000000 0.0026694 0.0049037 0.0000000 0.2037304 0.1844528 0.0000000 0.3046489 0.0172078 0.0000000 0.0000000 0.0018539 0.0000000 0.0000000 0.2575270
115 L 115 0.0013381 0.0000000 0.0000000 0.0000000 0.0000000 0.0013815 0.0000000 0.0000000 0.0000000 0.0724726 0.8485313 0.0000000 0.0295164 0.0000000 0.0000000 0.0000000 0.0000000 0.0000000 0.0000000 0.0467601
116 V 116 0.0236788 0.0000000 0.0000000 0.0000000 0.0110730 0.0000000 0.0000000 0.0000000 0.0000000 0.1704620 0.0615734 0.0000000 0.0017635 0.0000000 0.0000000 0.0050551 0.0013142 0.0000000 0.0000000 0.7250801
117 G 117 0.0366198 0.0000000 0.0000000 0.0000000 0.0000000 0.0000000 0.0000000 0.9597733 0.0000000 0.0000000 0.0000000 0.0000000 0.0000000 0.0000000 0.0000000 0.0036069 0.0000000 0.0000000 0.0000000 0.0000000
118 N 118 0.0000000 0.0000000 0.9917983 0.0000000 0.0000000 0.0000000 0.0000000 0.0000000 0.0051357 0.0000000 0.0000000 0.0000000 0.0000000 0.0000000 0.0000000 0.0030660 0.0000000 0.0000000 0.0000000 0.0000000
119 K 119 0.0000000 0.0000000 0.0000000 0.0000000 0.0000000 0.0000000 0.0000000 0.0000000 0.0000000 0.0000000 0.0000000 1.0000000 0.0000000 0.0000000 0.0000000 0.0000000 0.0000000 0.0000000 0.0000000 0.0000000
120 C 120 0.0929761 0.0000000 0.0195261 0.0000000 0.4513287 0.0019281 0.0000000 0.0079517 0.0000000 0.0523327 0.0153735 0.0028478 0.0009160 0.0077298 0.0000000 0.2672464 0.0223014 0.0000000 0.0043954 0.0531463
121 D 121 0.0000000 0.0000000 0.0000000 0.9848413 0.0000000 0.0000000 0.0103939 0.0000000 0.0000000 0.0000000 0.0000000 0.0000000 0.0000000 0.0000000 0.0000000 0.0000000 0.0000000 0.0000000 0.0000000 0.0047647
122 L 122 0.0065050 0.0114766 0.0012009 0.0180559 0.0153296 0.0017257 0.0019838 0.0000000 0.0000000 0.0158873 0.7571778 0.0233045 0.0813713 0.0011817 0.0000000 0.0111360 0.0011073 0.0134225 0.0000000 0.0391339
123 P 123 0.0659026 0.0634512 0.0307822 0.1626753 0.0000000 0.0331196 0.4346190 0.0122356 0.0072128 0.0015960 0.0016227 0.0266137 0.0015607 0.0000000 0.0519795 0.0262115 0.0763203 0.0000000 0.0000000 0.0040974
124 S 124 0.0108358 0.0182452 0.0649203 0.1097505 0.0010767 0.1063054 0.3312230 0.0000000 0.1332445 0.0000000 0.0000000 0.1341233 0.0000000 0.0000000 0.0018392 0.0570625 0.0294963 0.0000000 0.0000000 0.0018772
125 R 125 0.0000000 0.9059870 0.0000000 0.0000000 0.0000000 0.0017855 0.0000000 0.0000000 0.0034436 0.0038439 0.0074087 0.0709228 0.0015315 0.0000000 0.0000000 0.0000000 0.0000000 0.0050769 0.0000000 0.0000000
126 T 126 0.2353563 0.0187338 0.0040175 0.0148980 0.0049137 0.2161646 0.1201759 0.0025311 0.0000000 0.0134840 0.0037371 0.0487947 0.0210809 0.0000000 0.0000000 0.0224147 0.0284898 0.0000000 0.0000000 0.2452080
127 V 127 0.0021822 0.0000000 0.0000000 0.0000000 0.0013203 0.0000000 0.0000000 0.0000000 0.0000000 0.0653111 0.0038419 0.0000000 0.0055939 0.0027602 0.0000000 0.0000000 0.0000000 0.0000000 0.0000000 0.9189904
128 D 128 0.0120803 0.0049434 0.0025648 0.0948430 0.0016877 0.0229513 0.0520490 0.0648917 0.0010619 0.0057541 0.0118581 0.0327654 0.0031084 0.0008083 0.1338280 0.4135675 0.1379692 0.0010844 0.0000000 0.0021836
129 T 129 0.0244155 0.1151096 0.0042800 0.0000000 0.0018361 0.0364141 0.0319366 0.0031181 0.0050021 0.0189688 0.0269495 0.1699189 0.0187153 0.0350369 0.0175913 0.0338946 0.2909855 0.0000000 0.1220400 0.0437872
130 K 130 0.0719621 0.0194575 0.0379376 0.1141827 0.0000000 0.0721986 0.5324837 0.0078128 0.0089395 0.0017777 0.0035701 0.0334949 0.0027777 0.0000000 0.0068348 0.0418201 0.0357160 0.0000000 0.0000000 0.0090343
131 Q 131 0.0168317 0.0658969 0.0012787 0.1349524 0.0000000 0.1469237 0.4958036 0.0000000 0.0023113 0.0027239 0.0078222 0.0224483 0.0083680 0.0000000 0.0000000 0.0068791 0.0604471 0.0000000 0.0000000 0.0273130
132 A 132 0.3505418 0.0000000 0.0000000 0.0000000 0.0092456 0.0000000 0.0000000 0.6215121 0.0000000 0.0071285 0.0000000 0.0000000 0.0000000 0.0000000 0.0000000 0.0043771 0.0000000 0.0000000 0.0000000 0.0071949
133 Q 133 0.0234905 0.0997069 0.0101444 0.0086751 0.0017110 0.2520534 0.1789056 0.0066995 0.0105480 0.0336125 0.0460608 0.2403509 0.0159145 0.0240570 0.0044581 0.0157395 0.0141397 0.0008994 0.0026898 0.0101434
134 D 134 0.2586118 0.0339124 0.0801055 0.0627212 0.0027410 0.1142250 0.2197023 0.0217832 0.0049825 0.0042649 0.0107803 0.0782054 0.0060085 0.0021117 0.0008138 0.0742878 0.0182842 0.0000000 0.0000000 0.0064584
135 L 135 0.0021565 0.0242862 0.0000000 0.0000000 0.0066853 0.0037170 0.0000000 0.0000000 0.0000000 0.0245653 0.4829902 0.0265962 0.0237695 0.3087430 0.0000000 0.0000000 0.0051759 0.0067908 0.0503566 0.0341673
136 A 136 0.8956672 0.0000000 0.0000000 0.0000000 0.0066632 0.0000000 0.0000000 0.0072672 0.0000000 0.0000000 0.0000000 0.0000000 0.0000000 0.0000000 0.0000000 0.0859793 0.0014892 0.0000000 0.0000000 0.0029340
137 R 137 0.0376184 0.2398877 0.0406890 0.1641720 0.0000000 0.0733886 0.1644405 0.0048039 0.0045312 0.0131696 0.0055570 0.1906927 0.0024960 0.0000000 0.0000000 0.0388770 0.0115291 0.0000000 0.0000000 0.0081472
138 S 138 0.0304690 0.0562990 0.0201952 0.0535630 0.0156256 0.1936839 0.3045270 0.0057053 0.0148850 0.0012192 0.0087169 0.1240268 0.0023785 0.0000000 0.0000000 0.1384615 0.0249568 0.0009061 0.0029128 0.0014683
139 Y 139 0.0010293 0.0063645 0.1102795 0.0000000 0.0046204 0.0146511 0.0720095 0.0000000 0.1268199 0.0216416 0.2017124 0.0014450 0.0355828 0.1248339 0.0000000 0.0007653 0.0000000 0.1536298 0.1222330 0.0023820
140 G 140 0.0123544 0.0226006 0.2027868 0.0327690 0.0019538 0.0179012 0.0080045 0.5756043 0.0150603 0.0000000 0.0000000 0.0531156 0.0013856 0.0000000 0.0000000 0.0519965 0.0044675 0.0000000 0.0000000 0.0000000
141 I 141 0.0285068 0.0000000 0.0000000 0.0000000 0.2153912 0.0000000 0.0000000 0.0000000 0.0000000 0.2926575 0.2356240 0.0032900 0.0788048 0.0057952 0.0000000 0.0046546 0.0119432 0.0000000 0.0000000 0.1233327
142 P 142 0.0638650 0.0300711 0.0021217 0.0181617 0.0017526 0.0389734 0.0299780 0.0062731 0.0037711 0.0312816 0.1008420 0.0981324 0.0126214 0.0455291 0.3659391 0.1067526 0.0118696 0.0000000 0.0109925 0.0210719
143 F 143 0.0000000 0.0000000 0.0019133 0.0000000 0.0071662 0.0000000 0.0000000 0.0000000 0.0048881 0.0027934 0.0169432 0.0000000 0.0019862 0.8113666 0.0000000 0.0033763 0.0000000 0.0000000 0.1447746 0.0047921
144 I 144 0.0061341 0.0030447 0.0000000 0.0000000 0.0016301 0.0007660 0.0036629 0.0000000 0.0010592 0.2028917 0.2671154 0.0008305 0.2048781 0.1194133 0.0009040 0.0020819 0.0084160 0.0015035 0.0677772 0.1078915
145 E 145 0.0000000 0.0000000 0.0000000 0.0063297 0.0000000 0.0036629 0.9900075 0.0000000 0.0000000 0.0000000 0.0000000 0.0000000 0.0000000 0.0000000 0.0000000 0.0000000 0.0000000 0.0000000 0.0000000 0.0000000
146 T 146 0.1153146 0.0000000 0.0000000 0.0000000 0.0212450 0.0000000 0.0000000 0.0022870 0.0000000 0.0000000 0.0048737 0.0000000 0.0000000 0.0000000 0.0000000 0.0482754 0.7797079 0.0000000 0.0000000 0.0282963
147 S 147 0.0000000 0.0000000 0.0000000 0.0000000 0.0000000 0.0000000 0.0000000 0.0023279 0.0000000 0.0000000 0.0044874 0.0000000 0.0000000 0.0000000 0.0000000 0.9931847 0.0000000 0.0000000 0.0000000 0.0000000
148 A 148 0.9876801 0.0000000 0.0000000 0.0000000 0.0052623 0.0000000 0.0000000 0.0000000 0.0000000 0.0000000 0.0025502 0.0000000 0.0000000 0.0000000 0.0000000 0.0045075 0.0000000 0.0000000 0.0000000 0.0000000
149 K 149 0.0400459 0.0518304 0.0000000 0.0000000 0.0000000 0.0086629 0.0000000 0.0000000 0.0000000 0.0000000 0.1643297 0.7164538 0.0160918 0.0012041 0.0000000 0.0013814 0.0000000 0.0000000 0.0000000 0.0000000
150 T 150 0.0569724 0.0174532 0.1227946 0.1402724 0.0000000 0.0579007 0.0745017 0.0067671 0.0073123 0.0061791 0.0539751 0.0079543 0.0035096 0.0152584 0.0000000 0.1069377 0.3056901 0.0000000 0.0134720 0.0030494
151 R 151 0.2352014 0.2924195 0.1237522 0.0192503 0.0204694 0.0012656 0.0018528 0.0436330 0.0000000 0.0000000 0.0000000 0.0955849 0.0000000 0.0000000 0.0095922 0.1512271 0.0030249 0.0000000 0.0027267 0.0000000
152 Q 152 0.0395453 0.0043656 0.0104331 0.0279828 0.0023301 0.0641011 0.0567985 0.0081193 0.0342262 0.2345082 0.0655312 0.0095820 0.0521296 0.0097589 0.0019256 0.0673161 0.2206112 0.0000000 0.0205299 0.0702052
153 G 153 0.0016654 0.0138047 0.8374604 0.0014968 0.0037566 0.0039920 0.0000000 0.0800364 0.0128193 0.0000000 0.0031529 0.0040812 0.0012374 0.0168808 0.0000000 0.0023119 0.0000000 0.0000000 0.0173042 0.0000000
154 V 154 0.0000000 0.0000000 0.0031595 0.0000000 0.0000000 0.0000000 0.0000000 0.0000000 0.0033390 0.1022254 0.0030431 0.0000000 0.0000000 0.0000000 0.0000000 0.0000000 0.0000000 0.0000000 0.0000000 0.8882329
155 D 155 0.0079001 0.0060528 0.0865964 0.3133228 0.0000000 0.0369286 0.4772330 0.0025371 0.0170058 0.0000000 0.0015893 0.0139257 0.0012291 0.0000000 0.0009855 0.0134007 0.0182641 0.0000000 0.0000000 0.0030290
156 D 156 0.0292307 0.0159477 0.0453543 0.1423722 0.0106254 0.1003410 0.4114102 0.0036030 0.0016665 0.0021980 0.0405889 0.1225721 0.0017932 0.0028504 0.0025235 0.0205654 0.0386178 0.0000000 0.0009229 0.0068170
157 A 157 0.6462353 0.0000000 0.0000000 0.0000000 0.0368466 0.0000000 0.0000000 0.0039406 0.0000000 0.0911181 0.0103354 0.0000000 0.0234558 0.0000000 0.0036119 0.0405968 0.0132929 0.0000000 0.0000000 0.1305666
158 F 158 0.0000000 0.0000000 0.0000000 0.0000000 0.0000000 0.0000000 0.0000000 0.0000000 0.0000000 0.0000000 0.0000000 0.0000000 0.0000000 0.9886987 0.0000000 0.0000000 0.0000000 0.0000000 0.0113013 0.0000000
159 Y 159 0.0171348 0.0105616 0.0199709 0.0088288 0.0092056 0.0751722 0.0680907 0.0000000 0.0826030 0.0875518 0.1102018 0.0098676 0.0667130 0.1024995 0.0000000 0.0185908 0.0473762 0.0051608 0.2194487 0.0410222
160 T 160 0.0976816 0.0193359 0.0680800 0.2153946 0.0084297 0.0493410 0.1419270 0.0183268 0.0054545 0.0113517 0.0126050 0.0288838 0.0108092 0.0000000 0.0000000 0.0647348 0.2360566 0.0000000 0.0022493 0.0093384
161 L 161 0.0089793 0.0000000 0.0012446 0.0000000 0.0015510 0.0000000 0.0010174 0.0000000 0.0000000 0.1686612 0.4979359 0.0000000 0.1073145 0.0000000 0.0000000 0.0000000 0.0821500 0.0000000 0.0000000 0.1311461
162 V 162 0.3449347 0.0000000 0.0000000 0.0000000 0.0304991 0.0000000 0.0000000 0.0018887 0.0000000 0.0354458 0.1165930 0.0000000 0.0375022 0.0040734 0.0000000 0.0160243 0.0376473 0.0000000 0.0000000 0.3753916
163 R 163 0.0622983 0.5307458 0.0064578 0.0040971 0.0013194 0.0232900 0.0495466 0.0232993 0.0067943 0.0000000 0.0109625 0.1385249 0.0019972 0.0013855 0.0000000 0.0386171 0.0976877 0.0000000 0.0010539 0.0019226
164 E 164 0.0598618 0.0137436 0.0186830 0.1118478 0.0096337 0.1865334 0.3660393 0.0051959 0.0013052 0.0306253 0.0402042 0.0863830 0.0197197 0.0011773 0.0021291 0.0202075 0.0155902 0.0000000 0.0007713 0.0103487
165 I 165 0.0000000 0.0000000 0.0012681 0.0000000 0.0013056 0.0000000 0.0000000 0.0000000 0.0000000 0.7955275 0.0731405 0.0000000 0.0280442 0.0016625 0.0000000 0.0028414 0.0000000 0.0000000 0.0000000 0.0962102
166 R 166 0.0034390 0.2557786 0.0621862 0.0016009 0.0018379 0.0351975 0.0016998 0.0000000 0.0115150 0.0662777 0.0745563 0.2179806 0.0297006 0.0140690 0.0181593 0.0034180 0.0065746 0.0000000 0.1927616 0.0032474
167 K 167 0.0582763 0.2930933 0.0729791 0.0526553 0.0014339 0.0962750 0.1143642 0.0015501 0.0142031 0.0000000 0.0048246 0.2358014 0.0024689 0.0000000 0.0000000 0.0324855 0.0169103 0.0000000 0.0000000 0.0026789
168 H 168 0.0159613 0.2370637 0.1177352 0.0158068 0.0000000 0.0464001 0.0096994 0.0016941 0.0400624 0.0144852 0.0163093 0.3030248 0.0241167 0.0367123 0.0000000 0.0445272 0.0185258 0.0033424 0.0480867 0.0064465
169 K 169 0.0073141 0.0772276 0.0842902 0.0293879 0.0026447 0.0511249 0.1364243 0.0024219 0.0217480 0.1613827 0.0327854 0.1675387 0.1491525 0.0000000 0.0117781 0.0111823 0.0058187 0.0000000 0.0000000 0.0477779
170 E 170 0.0414933 0.0263333 0.0238006 0.0743516 0.0000000 0.1911890 0.2021852 0.0084209 0.0082825 0.0000000 0.0541830 0.1416915 0.0633688 0.0000000 0.0275891 0.1210090 0.0161023 0.0000000 0.0000000 0.0000000
171 K 171 0.0000000 0.1827092 0.0000000 0.0000000 0.0000000 0.1607650 0.3478950 0.0000000 0.0000000 0.0000000 0.0000000 0.3086308 0.0000000 0.0000000 0.0000000 0.0000000 0.0000000 0.0000000 0.0000000 0.0000000
