   76         A         R         N         D         C         Q         E         G         H         I         L         K         M         F         P         S         T         W         Y         V    
  1 M   1 0.0000000 0.0000000 0.0000000 0.0000000 0.0000000 0.0000000 0.0000000 0.0000000 0.0000000 0.1536021 0.0000000 0.0000000 0.8463979 0.0000000 0.0000000 0.0000000 0.0000000 0.0000000 0.0000000 0.0000000
  2 Q   2 0.0000000 0.0217348 0.0445665 0.0276543 0.0000000 0.5106845 0.1024347 0.0021217 0.0176007 0.0283945 0.0466125 0.1225369 0.0079926 0.0033615 0.0056176 0.0179337 0.0209384 0.0055252 0.0142898 0.0000000
  3 I   3 0.0029110 0.0000000 0.0056597 0.0000000 0.0000000 0.0000000 0.0000000 0.0000000 0.0000000 0.6867085 0.1477209 0.0000000 0.0044519 0.0074180 0.0000000 0.0036361 0.0000000 0.0000000 0.0000000 0.1414940
  4 F   4 0.0015182 0.0039162 0.0476338 0.0027442 0.0016277 0.0163795 0.0000000 0.0020365 0.0179373 0.0245596 0.0304487 0.0796527 0.0046838 0.4859812 0.0102269 0.0299870 0.1585485 0.0064626 0.0677154 0.0079401
  5 V   5 0.0179489 0.0000000 0.0000000 0.0000000 0.0000000 0.0000000 0.0000000 0.0024058 0.0000000 0.2739325 0.0605240 0.0000000 0.0236548 0.0298649 0.0000000 0.0000000 0.0044874 0.0000000 0.0000000 0.5871816
  6 K   6 0.0062585 0.1167602 0.0082149 0.0107314 0.0022167 0.0337088 0.0521053 0.0030292 0.0000000 0.0070485 0.0000000 0.7159686 0.0036821 0.0000000 0.0000000 0.0089948 0.0225888 0.0000000 0.0000000 0.0086921
  7 T   7 0.0230433 0.0053253 0.0658986 0.0407581 0.0139241 0.0020453 0.0078097 0.0121478 0.0044616 0.0253875 0.0283462 0.0118031 0.0328907 0.0063098 0.0035386 0.0544780 0.6519255 0.0000000 0.0000000 0.0099066
  8 L   8 0.0051412 0.0105026 0.0028358 0.0029056 0.0028937 0.0190207 0.0242253 0.0050599 0.0041576 0.0422428 0.7298124 0.0017847 0.0266460 0.0171545 0.0273880 0.0468456 0.0026137 0.0018115 0.0000000 0.0269580
  9 T   9 0.0423814 0.0161937 0.0706501 0.0933101 0.0081249 0.0520193 0.0196251 0.0322083 0.0030897 0.0129523 0.0102277 0.0811859 0.0055940 0.0082723 0.0039452 0.0630336 0.4650890 0.0013479 0.0076676 0.0030820
 10 G  10 0.0072968 0.0109181 0.0274845 0.0241796 0.0055475 0.0524527 0.0102287 0.7794420 0.0000000 0.0000000 0.0015877 0.0042555 0.0022917 0.0018533 0.0000000 0.0613289 0.0000000 0.0021089 0.0031837 0.0058402
 11 K  11 0.0207380 0.0957521 0.0449237 0.0188284 0.0000000 0.1304038 0.0509268 0.0121998 0.0092463 0.0033626 0.0033325 0.4939378 0.0056754 0.0000000 0.0028242 0.0271904 0.0669242 0.0025291 0.0050112 0.0061938
 12 T  12 0.0340760 0.0243414 0.0282612 0.0113866 0.0224244 0.0161188 0.0786085 0.0000000 0.0279496 0.0696576 0.0181518 0.0704320 0.0149464 0.0020361 0.0108296 0.0704371 0.4557461 0.0000000 0.0000000 0.0445968
 13 I  13 0.0056320 0.0143414 0.0044956 0.0037631 0.0146541 0.0146584 0.0000000 0.0018318 0.0562880 0.4628976 0.0692823 0.0094815 0.0211458 0.1887551 0.0000000 0.0195627 0.0167657 0.0045896 0.0461878 0.0456677
 14 T  14 0.0539103 0.0110367 0.0286946 0.0175572 0.0108072 0.0186292 0.1196247 0.0017397 0.0065005 0.0348481 0.0119253 0.0317157 0.0054401 0.0038586 0.0626792 0.0719960 0.4644566 0.0000000 0.0023287 0.0422514
 15 L  15 0.0015117 0.0057883 0.0000000 0.0000000 0.0080879 0.0000000 0.0023992 0.0000000 0.0000000 0.1499661 0.5684074 0.0000000 0.0150219 0.0740853 0.0000000 0.0000000 0.0063093 0.0000000 0.0548361 0.1135868
 16 E  16 0.0089259 0.0828007 0.0412829 0.2030363 0.0055369 0.0428833 0.3569946 0.0103000 0.0204242 0.0060595 0.0151474 0.0541980 0.0103190 0.0054130 0.0109240 0.0316209 0.0675259 0.0046540 0.0067832 0.0151700
 17 V  17 0.0405526 0.0000000 0.0000000 0.0015006 0.0223253 0.0000000 0.0000000 0.0000000 0.0000000 0.1302787 0.0404356 0.0000000 0.0188289 0.0356357 0.0044402 0.0000000 0.0172630 0.0000000 0.0055843 0.6831552
 18 E  18 0.0206864 0.0361930 0.0558358 0.1339996 0.0057792 0.0370395 0.4186151 0.0087396 0.0186236 0.0056593 0.0092357 0.0823316 0.0047208 0.0055631 0.0238114 0.0881460 0.0236637 0.0031636 0.0095318 0.0086611
 19 P  19 0.0543969 0.0209119 0.0094365 0.0223706 0.0025202 0.0084705 0.0331065 0.0360326 0.0029863 0.0067708 0.0684753 0.0340086 0.0074079 0.0044128 0.4403488 0.2098765 0.0213547 0.0000000 0.0032818 0.0138309
 20 S  20 0.0267121 0.0237606 0.0880546 0.0777027 0.0174785 0.0220538 0.0787091 0.0296229 0.0141540 0.0036856 0.0275588 0.0086902 0.0009669 0.0248710 0.0023182 0.4088206 0.1223817 0.0066163 0.0146493 0.0011933
 21 D  21 0.0411387 0.0036629 0.0472893 0.5606973 0.0120455 0.0255562 0.1202214 0.0015955 0.0083636 0.0202779 0.0128351 0.0136847 0.0267938 0.0036839 0.0000000 0.0245659 0.0402620 0.0054298 0.0164673 0.0154293
 22 T  22 0.0183167 0.0180706 0.0140080 0.0074635 0.0022200 0.0102095 0.0015261 0.0020546 0.0000000 0.0022693 0.0204002 0.0734921 0.0112355 0.0013104 0.0231041 0.0716009 0.7130451 0.0000000 0.0037755 0.0058979
 23 I  23 0.0137139 0.0043891 0.0025971 0.0000000 0.0000000 0.0000000 0.0000000 0.0000000 0.0000000 0.4468808 0.0219682 0.0037545 0.0033897 0.0022332 0.0000000 0.0030596 0.0256936 0.0000000 0.0000000 0.4723203
 24 E  24 0.0852765 0.0247890 0.0134139 0.1231221 0.0034299 0.0246400 0.2950058 0.0886746 0.0011943 0.0232737 0.0765780 0.0467452 0.0180788 0.0090699 0.0215632 0.0796099 0.0189093 0.0020356 0.0285833 0.0160069
 25 N  25 0.0627807 0.0414759 0.2699750 0.1727066 0.0039715 0.0609366 0.0797104 0.0147433 0.0149794 0.0106660 0.0084393 0.0281894 0.0095192 0.0000000 0.0024846 0.1251205 0.0526857 0.0000000 0.0137808 0.0278351
 26 V  26 0.0026356 0.0000000 0.0000000 0.0018433 0.0037384 0.0000000 0.0012582 0.0024205 0.0000000 0.1428286 0.2714860 0.0031050 0.0163319 0.0589263 0.0000000 0.0014741 0.0000000 0.0000000 0.0000000 0.4939523
 27 K  27 0.0000000 0.0209784 0.0053209 0.0067407 0.0000000 0.0100833 0.0069850 0.0000000 0.0033686 0.0000000 0.0049141 0.9191602 0.0158223 0.0000000 0.0000000 0.0012637 0.0000000 0.0000000 0.0042088 0.0011539
 28 A  28 0.2873218 0.0349403 0.0329493 0.0303011 0.0028508 0.0908958 0.1680760 0.0207128 0.0056124 0.0124793 0.0386957 0.0746356 0.0152578 0.0097380 0.0009082 0.0941555 0.0339877 0.0000000 0.0144251 0.0320567
 29 K  29 0.0177613 0.0973431 0.0237169 0.0043982 0.0000000 0.0775485 0.0145031 0.0026943 0.0136006 0.0233143 0.0919877 0.5329423 0.0599675 0.0033370 0.0000000 0.0151318 0.0083446 0.0014777 0.0015147 0.0104165
 30 I  30 0.0000000 0.0000000 0.0000000 0.0000000 0.0034071 0.0000000 0.0000000 0.0000000 0.0022743 0.7274176 0.0830754 0.0053263 0.0146911 0.0036911 0.0000000 0.0026398 0.0030300 0.0000000 0.0000000 0.1544475
 31 Q  31 0.0799521 0.0404833 0.0095187 0.0107329 0.0033468 0.4169624 0.1755120 0.0016990 0.0284185 0.0021683 0.0292399 0.0328203 0.0031324 0.0362329 0.0050929 0.0656294 0.0056729 0.0000000 0.0430465 0.0103386
 32 D  32 0.0571919 0.0442316 0.0354802 0.3288317 0.0049018 0.0421766 0.2776124 0.0215362 0.0098470 0.0115144 0.0069918 0.0362431 0.0032364 0.0023519 0.0086457 0.0420326 0.0380797 0.0034975 0.0086361 0.0169614
 33 K  33 0.0354465 0.1008887 0.0163988 0.0058198 0.0012452 0.0415570 0.0731521 0.0024881 0.0098750 0.0183245 0.0597133 0.5146018 0.0098587 0.0081404 0.0017745 0.0237937 0.0168041 0.0000000 0.0070702 0.0530478
 34 E  34 0.0172959 0.0149955 0.0055478 0.0273025 0.0089353 0.0673040 0.5364180 0.0168804 0.0127240 0.0257044 0.0493029 0.0555671 0.0069453 0.0246550 0.0011706 0.0337087 0.0612523 0.0000000 0.0033629 0.0309274
 35 G  35 0.0144268 0.0192272 0.0457570 0.0295460 0.0086359 0.0105554 0.0215675 0.7516418 0.0062628 0.0000000 0.0067189 0.0276725 0.0041498 0.0000000 0.0035601 0.0403618 0.0050447 0.0000000 0.0024711 0.0024007
 36 I  36 0.0084941 0.0000000 0.0000000 0.0019385 0.0043981 0.0025710 0.0048431 0.0030758 0.0117220 0.5842117 0.0387756 0.0000000 0.0174874 0.0499279 0.0041858 0.0022843 0.0303139 0.0192938 0.0460488 0.1704280
 37 P  37 0.0418642 0.0204704 0.0127925 0.0331280 0.0039606 0.0280036 0.0294315 0.0000000 0.0056777 0.0038039 0.0420191 0.0015340 0.0048285 0.0015845 0.6907876 0.0409990 0.0226008 0.0000000 0.0093759 0.0071379
 38 P  38 0.1383581 0.0058177 0.0045105 0.0000000 0.0264088 0.0057466 0.0163562 0.0000000 0.0030734 0.0611045 0.0388539 0.0146151 0.0084649 0.0052874 0.4312750 0.0442387 0.0196741 0.0062988 0.0073174 0.1625990
 39 D  39 0.0671115 0.0111332 0.0706001 0.3812309 0.0175382 0.0254305 0.1221586 0.0513422 0.0290550 0.0121533 0.0064997 0.0270797 0.0058849 0.0116017 0.0155745 0.1027843 0.0120690 0.0000000 0.0091707 0.0215819
 40 Q  40 0.0144255 0.0429082 0.0195728 0.0292183 0.0000000 0.5999446 0.0487406 0.0102667 0.0346770 0.0046503 0.0360724 0.0473091 0.0093663 0.0112411 0.0086332 0.0326880 0.0155385 0.0043610 0.0180398 0.0123467
 41 Q  41 0.0000000 0.0096655 0.0000000 0.0000000 0.0029900 0.8855807 0.0000000 0.0055713 0.0172087 0.0254756 0.0151911 0.0016133 0.0088812 0.0019450 0.0089692 0.0031512 0.0029004 0.0000000 0.0084148 0.0024421
 42 R  42 0.0020612 0.6724039 0.0089216 0.0000000 0.0180531 0.0046652 0.0043921 0.0049450 0.0674046 0.0081369 0.0070634 0.1278356 0.0223840 0.0031291 0.0017072 0.0149501 0.0124924 0.0053667 0.0000000 0.0140879
 43 L  43 0.0000000 0.0000000 0.0000000 0.0000000 0.0000000 0.0053319 0.0000000 0.0017703 0.0028903 0.0340416 0.9173367 0.0000000 0.0102112 0.0059821 0.0016852 0.0000000 0.0000000 0.0032501 0.0070840 0.0104165
 44 I  44 0.0115650 0.0036328 0.0000000 0.0030569 0.0027246 0.0178366 0.0000000 0.0000000 0.0000000 0.6862128 0.0686369 0.0083484 0.0147920 0.0329793 0.0000000 0.0216014 0.0242303 0.0000000 0.0024788 0.1019042
 45 F  45 0.0049775 0.0042807 0.0058339 0.0000000 0.0203257 0.0000000 0.0000000 0.0037643 0.0681433 0.0058433 0.0290236 0.0000000 0.0053280 0.5353375 0.0000000 0.0229554 0.0204493 0.0255165 0.2386045 0.0096164
 46 A  46 0.3507631 0.0601463 0.0866728 0.0456798 0.0155052 0.0836968 0.0477306 0.0754528 0.0112306 0.0023512 0.0077453 0.0477780 0.0000000 0.0058153 0.0073789 0.1188619 0.0071763 0.0000000 0.0053457 0.0206691
 47 G  47 0.0228055 0.0083328 0.0440866 0.0121953 0.0083443 0.0105983 0.0091779 0.8071621 0.0031586 0.0000000 0.0038336 0.0083754 0.0000000 0.0035328 0.0000000 0.0382652 0.0041937 0.0000000 0.0123964 0.0035417
 48 K  48 0.0075089 0.1665210 0.0300603 0.0000000 0.0030789 0.0494522 0.0199764 0.0319758 0.0125330 0.0184656 0.0132466 0.5662217 0.0198899 0.0000000 0.0032937 0.0167139 0.0135270 0.0031321 0.0032652 0.0211379
 49 Q  49 0.0131084 0.0216934 0.0106469 0.0097851 0.0195764 0.4807185 0.1048413 0.0020091 0.0117592 0.0792316 0.0336019 0.0231357 0.0109646 0.0199943 0.0207521 0.0151356 0.0049002 0.0057898 0.0020399 0.1103163
 50 L  50 0.0000000 0.0106687 0.0022002 0.0000000 0.0000000 0.0014978 0.0029591 0.0000000 0.0000000 0.0367901 0.8124208 0.0000000 0.0925088 0.0073812 0.0051534 0.0021733 0.0113559 0.0079440 0.0000000 0.0069468
 51 E  51 0.0349112 0.0325836 0.0311631 0.1331371 0.0000000 0.0597652 0.4276833 0.0057417 0.0112905 0.0062860 0.0101939 0.1433052 0.0034611 0.0017925 0.0075443 0.0481762 0.0206258 0.0000000 0.0000000 0.0223394
 52 D  52 0.0064844 0.0043980 0.0935636 0.7886681 0.0000000 0.0069643 0.0301757 0.0231451 0.0076320 0.0032389 0.0000000 0.0052256 0.0079669 0.0055273 0.0068427 0.0055911 0.0024872 0.0000000 0.0000000 0.0020892
 53 G  53 0.0429406 0.0148615 0.0324352 0.2190746 0.0095253 0.0255592 0.1333875 0.3342140 0.0409902 0.0018531 0.0040580 0.0111010 0.0053496 0.0009132 0.0016486 0.0893240 0.0160599 0.0000000 0.0112949 0.0054096
 54 R  54 0.0125983 0.3236452 0.0392892 0.0232022 0.0401825 0.0833185 0.0298804 0.0028232 0.0577579 0.0039468 0.0462628 0.1871417 0.0261230 0.0149952 0.0031020 0.0214940 0.0455988 0.0048034 0.0298232 0.0040119
 55 T  55 0.0221522 0.0172918 0.0064219 0.0083473 0.0204871 0.0119079 0.0056912 0.0014604 0.0044337 0.0129814 0.0236328 0.0665889 0.0089724 0.0040313 0.0337157 0.0719046 0.6697627 0.0000000 0.0033194 0.0068971
 56 L  56 0.0301957 0.0000000 0.0000000 0.0000000 0.0015360 0.0000000 0.0000000 0.0000000 0.0027829 0.0913296 0.7613894 0.0000000 0.0222921 0.0149622 0.0020408 0.0053092 0.0024967 0.0000000 0.0000000 0.0656654
 57 S  57 0.2678405 0.0204032 0.0244955 0.0342390 0.0102713 0.0393700 0.1045496 0.0346658 0.0073538 0.0120484 0.0170398 0.0423085 0.0051744 0.0134049 0.0000000 0.3232059 0.0153414 0.0034917 0.0075507 0.0172454
 58 D  58 0.0267947 0.0034093 0.0262857 0.5505950 0.0021193 0.0091334 0.1424009 0.0085219 0.0341415 0.0000000 0.0045538 0.0050581 0.0056390 0.0156998 0.0000000 0.1115602 0.0100914 0.0035172 0.0390218 0.0014571
 59 Y  59 0.0180373 0.0000000 0.0274303 0.0015863 0.0614738 0.0000000 0.0000000 0.0000000 0.0208954 0.0079921 0.0141003 0.0000000 0.0000000 0.0147225 0.0000000 0.0159860 0.0000000 0.0000000 0.8104613 0.0073148
 60 N  60 0.0041749 0.0111281 0.4824786 0.0420800 0.0064230 0.0138773 0.0177693 0.1804358 0.0287643 0.0052965 0.0000000 0.1182928 0.0000000 0.0031594 0.0074318 0.0651023 0.0035603 0.0022193 0.0043937 0.0034127
 61 I  61 0.0000000 0.0000000 0.0000000 0.0029866 0.0000000 0.0000000 0.0000000 0.0000000 0.0000000 0.6746003 0.0997954 0.0000000 0.0124330 0.0083577 0.0000000 0.0000000 0.0058707 0.0032624 0.0000000 0.1926938
 62 Q  62 0.0209801 0.0483552 0.0165409 0.0340568 0.0041784 0.4029096 0.1250291 0.0328139 0.0369129 0.0122949 0.0207280 0.0865435 0.0009070 0.0033568 0.0180701 0.0400412 0.0501608 0.0042718 0.0039263 0.0379226
 63 K  63 0.0368284 0.0226299 0.1353742 0.1187106 0.0025181 0.0208713 0.1787456 0.0315956 0.0299953 0.0035789 0.0036808 0.2753865 0.0114318 0.0000000 0.0362547 0.0677505 0.0151689 0.0000000 0.0094788 0.0000000
 64 E  64 0.0045962 0.0066648 0.0681617 0.0917307 0.0000000 0.0175192 0.3135106 0.3436718 0.0177118 0.0000000 0.0119745 0.0881690 0.0047013 0.0022638 0.0089465 0.0081970 0.0044626 0.0028307 0.0048877 0.0000000
 65 S  65 0.0817520 0.0034346 0.0328618 0.0600356 0.0355856 0.0000000 0.0041842 0.0364962 0.0596236 0.0045969 0.0035974 0.0308984 0.0082674 0.0035047 0.0048611 0.5973874 0.0162233 0.0000000 0.0088249 0.0078650
 66 T  66 0.0073325 0.0156957 0.0065646 0.0030466 0.0070906 0.0157910 0.0016498 0.0011527 0.0056526 0.0686068 0.0062184 0.0248377 0.0110039 0.0907134 0.0024759 0.0199310 0.6285917 0.0000000 0.0026057 0.0810394
 67 L  67 0.0026121 0.0030502 0.0000000 0.0000000 0.0000000 0.0056905 0.0000000 0.0000000 0.0000000 0.2564789 0.5612374 0.0000000 0.0137474 0.0102517 0.0000000 0.0000000 0.0035379 0.0000000 0.0000000 0.1433938
 68 H  68 0.0000000 0.0190878 0.0475901 0.0343522 0.0043217 0.0346395 0.0145270 0.0000000 0.5772387 0.0057676 0.0127055 0.0259639 0.0072574 0.0080698 0.0014036 0.0225349 0.0124927 0.0000000 0.0711852 0.1008624
 69 L  69 0.0037558 0.0029819 0.0000000 0.0000000 0.0214593 0.0050186 0.0000000 0.0014802 0.0082900 0.0385282 0.7510744 0.0000000 0.0747920 0.0130829 0.0035467 0.0000000 0.0000000 0.0042950 0.0000000 0.0716950
 70 V  70 0.0425883 0.0000000 0.0123547 0.0077436 0.0108957 0.0108966 0.0131613 0.0049139 0.0000000 0.0471811 0.0627296 0.0038199 0.1036993 0.0198330 0.0015422 0.0277692 0.0407317 0.0000000 0.0021703 0.5879696
 71 L  71 0.0169885 0.0092027 0.0000000 0.0000000 0.0016684 0.0218740 0.0261824 0.0113231 0.0080022 0.0469387 0.6566437 0.0016798 0.0102205 0.0195980 0.0086595 0.0143798 0.0172313 0.0011871 0.0039657 0.1242546
 72 R  72 0.0808620 0.5963967 0.0136128 0.0069806 0.0266026 0.0220135 0.0000000 0.0213148 0.0283902 0.0045693 0.0074822 0.0878547 0.0030427 0.0000000 0.0144998 0.0311512 0.0362867 0.0034945 0.0097385 0.0057075
 73 L  73 0.0023752 0.0079501 0.0024366 0.0049174 0.0041995 0.0180743 0.0180853 0.0030590 0.0067615 0.0273257 0.7747514 0.0034198 0.0793784 0.0144957 0.0150098 0.0000000 0.0022865 0.0000000 0.0045522 0.0109217
 74 R  74 0.0136264 0.7237247 0.0000000 0.0000000 0.0431542 0.0133771 0.0038424 0.0026800 0.0143465 0.0105503 0.0420082 0.0510764 0.0054696 0.0097776 0.0234847 0.0202154 0.0101008 0.0000000 0.0000000 0.0125657
 75 G  75 0.0070254 0.0043019 0.0000000 0.0076601 0.0139420 0.0000000 0.0000000 0.9445982 0.0000000 0.0000000 0.0000000 0.0000000 0.0000000 0.0000000 0.0000000 0.0159754 0.0064970 0.0000000 0.0000000 0.0000000
 76 G  76 0.0000000 0.0000000 0.0000000 0.0000000 0.0000000 0.0000000 0.0000000 1.0000000 0.0000000 0.0000000 0.0000000 0.0000000 0.0000000 0.0000000 0.0000000 0.0000000 0.0000000 0.0000000 0.0000000 0.0000000
