   56         A         R         N         D         C         Q         E         G         H         I         L         K         M         F         P         S         T         W         Y         V         X    
  1 L   1 0.0000000 0.0000000 0.0000000 0.0000000 0.0000000 0.0000000 0.0000000 0.0000000 0.0000000 0.0186923 0.0571058 0.0000000 0.0082654 0.0000000 0.0000000 0.0000000 0.0000000 0.0000000 0.0000000 0.0095608 0.9063757
  2 A   2 0.0358676 0.0111095 0.0000000 0.0000000 0.0000000 0.0114609 0.0272507 0.0603316 0.0000000 0.0000000 0.0027943 0.0000000 0.0000000 0.0000000 0.0294737 0.0065996 0.0081134 0.0000000 0.0000000 0.0057750 0.8012237
  3 A   3 0.0134397 0.0243197 0.0000000 0.0045609 0.0164149 0.0058617 0.0132983 0.0680917 0.0000000 0.0050252 0.0136550 0.0030427 0.0049109 0.0000000 0.0400077 0.0395015 0.0036748 0.0000000 0.0000000 0.0000000 0.7441953
  4 V   4 0.0559826 0.0264178 0.0057750 0.0022086 0.0704267 0.0022814 0.0054457 0.0086009 0.0018214 0.0237374 0.0000000 0.0243580 0.0000000 0.0033287 0.0115724 0.0173390 0.0176547 0.0000000 0.0044938 0.0437428 0.6748130
  5 S   5 0.0185575 0.0026128 0.0434198 0.0188620 0.0000000 0.0719439 0.0552725 0.0053145 0.0000000 0.0000000 0.0120475 0.0672486 0.0063834 0.0000000 0.0072667 0.0290050 0.0423245 0.0000000 0.0000000 0.0098340 0.6099074
  6 V   6 0.0185755 0.0000000 0.0021483 0.0234601 0.0042351 0.0000000 0.0069334 0.0000000 0.0000000 0.0648547 0.0279559 0.0024201 0.0098648 0.0000000 0.1403552 0.0056707 0.0107093 0.0000000 0.0000000 0.1338355 0.5489812
  7 D   7 0.0079624 0.0036884 0.1233186 0.2148837 0.0000000 0.0132131 0.0609815 0.0031099 0.0000000 0.0039459 0.0031263 0.0026859 0.0018246 0.0055950 0.0021250 0.0125607 0.0014543 0.0000000 0.0113003 0.0025657 0.5256586
  8 C   8 0.0089791 0.0000000 0.0000000 0.0000000 0.5369354 0.0000000 0.0039510 0.0036271 0.0000000 0.0000000 0.0065690 0.0000000 0.0000000 0.0000000 0.0000000 0.0000000 0.0040329 0.0057750 0.0000000 0.0000000 0.4301305
  9 S   9 0.0275722 0.0221357 0.0193680 0.0588193 0.0000000 0.0208651 0.0254000 0.0434582 0.0036091 0.0000000 0.0017987 0.0430612 0.0029336 0.0051708 0.0094525 0.2227293 0.0365759 0.0000000 0.0018273 0.0065366 0.4486865
 10 E  10 0.0180491 0.0354003 0.0405519 0.0429035 0.0198992 0.0467731 0.0771387 0.0344139 0.0333605 0.0239944 0.0030733 0.0376676 0.0136188 0.0081837 0.0211734 0.0207125 0.0137632 0.0032567 0.0079961 0.0093076 0.4887626
 11 Y  11 0.0041228 0.0039215 0.0054669 0.0025602 0.0332260 0.0068807 0.0129452 0.0012083 0.0124869 0.0101713 0.0047802 0.0081622 0.0276545 0.0869860 0.0000000 0.0013253 0.0052155 0.0016676 0.2579558 0.0070005 0.5062628
 12 P  12 0.0334087 0.0983955 0.0046692 0.0174679 0.0377215 0.0178356 0.0162286 0.0222683 0.0059339 0.0041918 0.0056646 0.1011964 0.0026693 0.0000000 0.1006348 0.0822643 0.0170889 0.0035280 0.0000000 0.0054592 0.4233736
 13 K  13 0.0124323 0.0493442 0.0392560 0.0281329 0.0021956 0.0514256 0.0717333 0.0036656 0.0000000 0.0175074 0.0453726 0.1432304 0.0000000 0.0067560 0.0584453 0.0288060 0.0292425 0.0058548 0.0039599 0.0290365 0.3736031
 14 P  14 0.0169054 0.0285250 0.0165951 0.0159409 0.0329511 0.0086325 0.0140489 0.0105882 0.0239534 0.0892392 0.0787629 0.0468037 0.0054602 0.0641867 0.1169009 0.0145835 0.0262745 0.0017488 0.0056572 0.0396477 0.3425942
 15 A  15 0.1472333 0.0084427 0.0051340 0.0191219 0.0000000 0.0015271 0.0204656 0.0525928 0.0056268 0.0789576 0.0266840 0.0173271 0.0266243 0.0589432 0.1110111 0.0256322 0.0369721 0.0000000 0.0128055 0.0955078 0.2493909
 16 C  16 0.0000000 0.0000000 0.0000000 0.0000000 0.9036427 0.0000000 0.0000000 0.0000000 0.0000000 0.0000000 0.0000000 0.0000000 0.0000000 0.0000000 0.0000000 0.0000000 0.0000000 0.0000000 0.0000000 0.0167018 0.0796555
 17 T  17 0.0117174 0.0170865 0.0259527 0.0155807 0.0000000 0.0058802 0.0110526 0.0116340 0.0075081 0.0028560 0.0085729 0.0568169 0.0022852 0.0036421 0.3419937 0.0822418 0.3072170 0.0000000 0.0103676 0.0068766 0.0707181
 18 L  18 0.0461401 0.2447353 0.0217547 0.0653164 0.0000000 0.0509445 0.0318799 0.0311117 0.0231291 0.0279083 0.0698887 0.1064316 0.0572868 0.0110053 0.0490563 0.0405790 0.0333283 0.0012477 0.0094880 0.0109309 0.0678372
 19 E  19 0.0105519 0.0179265 0.0925425 0.1098567 0.0022964 0.0157379 0.2823951 0.0057760 0.0452304 0.0924618 0.0404199 0.0098506 0.0161311 0.0053895 0.0028383 0.0287801 0.0636827 0.0000000 0.0135239 0.0808675 0.0637414
 20 Y  20 0.0135571 0.0165684 0.0667388 0.0096594 0.0000000 0.0070175 0.0208541 0.0087171 0.0346488 0.0173898 0.0886898 0.0244244 0.0155141 0.0911823 0.0112731 0.0539979 0.0102780 0.0328941 0.4119856 0.0177608 0.0468488
 21 R  21 0.0769614 0.1058830 0.1128496 0.1936283 0.0022556 0.0513703 0.0741010 0.0043689 0.0227299 0.0112038 0.0429163 0.0905831 0.0382585 0.0099625 0.0053013 0.0679308 0.0247946 0.0025700 0.0094681 0.0203628 0.0325001
 22 P  22 0.0123195 0.0066257 0.0000000 0.0000000 0.0000000 0.0059383 0.0159045 0.0000000 0.0060017 0.0040265 0.0256088 0.0051847 0.0000000 0.0018542 0.8759416 0.0085162 0.0015826 0.0000000 0.0084095 0.0035703 0.0185160
 23 L  23 0.0037421 0.0036463 0.0000000 0.0086942 0.0000000 0.0067977 0.0000000 0.0000000 0.0185112 0.1165140 0.0471828 0.0043221 0.0044522 0.0056346 0.0000000 0.0000000 0.0000000 0.0000000 0.0018793 0.7741356 0.0044880
 24 C  24 0.0000000 0.0466430 0.0000000 0.0000000 0.9325230 0.0000000 0.0000000 0.0000000 0.0000000 0.0000000 0.0080658 0.0000000 0.0000000 0.0000000 0.0000000 0.0035358 0.0000000 0.0000000 0.0048107 0.0044217 0.0000000
 25 G  25 0.0940798 0.0000000 0.0000000 0.0162831 0.0000000 0.0000000 0.0000000 0.8632159 0.0000000 0.0000000 0.0000000 0.0000000 0.0000000 0.0000000 0.0000000 0.0222250 0.0000000 0.0000000 0.0000000 0.0000000 0.0041962
 26 S  26 0.0280867 0.0056514 0.0205534 0.0326346 0.0036789 0.0048347 0.0121536 0.0038409 0.0039380 0.0096820 0.0047721 0.0052544 0.0040379 0.0000000 0.0425140 0.5276066 0.2724878 0.0000000 0.0000000 0.0182732 0.0000000
 27 D  27 0.0054449 0.0000000 0.1597878 0.7973350 0.0000000 0.0000000 0.0031060 0.0000000 0.0000000 0.0082654 0.0025554 0.0000000 0.0000000 0.0028894 0.0000000 0.0095417 0.0078586 0.0000000 0.0032160 0.0000000 0.0000000
 28 N  28 0.0162632 0.0077617 0.0619360 0.0157745 0.0000000 0.0096017 0.0032620 0.7711533 0.0167327 0.0000000 0.0095573 0.0038569 0.0136840 0.0029948 0.0082654 0.0217771 0.0086942 0.0015949 0.0238540 0.0032365 0.0000000
 29 K  29 0.0065679 0.0905557 0.0521373 0.0087974 0.0021142 0.0707122 0.0334000 0.0081846 0.0316425 0.0920806 0.0216449 0.3140919 0.0141004 0.0100246 0.0000000 0.0277279 0.0138558 0.0000000 0.0042771 0.1980850 0.0000000
 30 T  30 0.0000000 0.0029076 0.0120452 0.0070810 0.0000000 0.0059056 0.0146227 0.0000000 0.0000000 0.0143238 0.0243321 0.0000000 0.0078713 0.0205218 0.0000000 0.0593143 0.8110588 0.0025687 0.0033295 0.0141176 0.0000000
 31 Y  31 0.0000000 0.0052340 0.0000000 0.0000000 0.0086942 0.0000000 0.0000000 0.0000000 0.0468184 0.0000000 0.0000000 0.0000000 0.0000000 0.0332170 0.0000000 0.0000000 0.0000000 0.0000000 0.9060365 0.0000000 0.0000000
 32 G  32 0.1064122 0.0274549 0.0750015 0.1041575 0.0074147 0.0419766 0.0498980 0.1638769 0.0071876 0.0066090 0.0234585 0.0204219 0.0024422 0.0206806 0.0748230 0.2325282 0.0235217 0.0000000 0.0064049 0.0057301 0.0000000
 33 N  33 0.0000000 0.0000000 0.8735512 0.0111017 0.0000000 0.0029933 0.0000000 0.0038432 0.0051614 0.0000000 0.0000000 0.0000000 0.0000000 0.0000000 0.0000000 0.0706861 0.0297242 0.0000000 0.0000000 0.0000000 0.0029388
 34 K  34 0.0174103 0.0542511 0.0044656 0.0579438 0.0000000 0.0255588 0.3437939 0.0033791 0.0568334 0.0190365 0.0479434 0.1666746 0.0123332 0.0058659 0.1079594 0.0364815 0.0167867 0.0016506 0.0083257 0.0133063 0.0000000
 35 C  35 0.0062193 0.0000000 0.0000000 0.0000000 0.9680521 0.0000000 0.0000000 0.0080676 0.0000000 0.0000000 0.0000000 0.0000000 0.0000000 0.0000000 0.0000000 0.0116624 0.0000000 0.0000000 0.0000000 0.0059986 0.0000000
 36 N  36 0.0900624 0.0176349 0.0180522 0.0187072 0.0000000 0.0684529 0.1821642 0.0130725 0.0566376 0.0477177 0.1180152 0.0356710 0.0716690 0.0673144 0.0000000 0.0319386 0.0566552 0.0175285 0.0324382 0.0523587 0.0039096
 37 F  37 0.0167794 0.0142181 0.0000000 0.0000000 0.0000000 0.0000000 0.0000000 0.0000000 0.0033105 0.0175056 0.5583011 0.0000000 0.1241956 0.2054499 0.0000000 0.0059986 0.0000000 0.0000000 0.0100784 0.0310307 0.0131322
 38 C  38 0.0218697 0.1561766 0.0395130 0.0212389 0.3647005 0.0495706 0.0862302 0.0209097 0.0656072 0.0098424 0.0146320 0.0920108 0.0038180 0.0042608 0.0000000 0.0173517 0.0129027 0.0000000 0.0022058 0.0019043 0.0152552
 39 N  39 0.1265183 0.1146979 0.0936625 0.0054882 0.0602398 0.0278277 0.0336650 0.0104968 0.0224287 0.0393260 0.0786716 0.1275037 0.0304277 0.0201782 0.0000000 0.0506414 0.0325076 0.0049109 0.0155701 0.0878577 0.0173802
 40 A  40 0.4603524 0.0127113 0.0045571 0.0314847 0.0028822 0.0348088 0.1954210 0.0072359 0.0354996 0.0155089 0.0171111 0.0317892 0.0103757 0.0159177 0.0000000 0.0190852 0.0495593 0.0031069 0.0229881 0.0149930 0.0146119
 41 V  41 0.2273200 0.0672521 0.1238095 0.0115202 0.0025344 0.0772659 0.0213106 0.0223947 0.0053182 0.0574963 0.0195810 0.0666357 0.0134722 0.0068563 0.0000000 0.1379396 0.0190069 0.0086942 0.0126400 0.0720676 0.0268847
 42 V  42 0.0380550 0.0456691 0.0079514 0.0035378 0.5235754 0.0161700 0.0096072 0.0019442 0.0059981 0.0312300 0.1061695 0.0165882 0.0475218 0.0439459 0.0000000 0.0064636 0.0059667 0.0087403 0.0044388 0.0395316 0.0368952
 43 E  43 0.0254611 0.0899036 0.0357879 0.0535379 0.0175790 0.0742895 0.1693859 0.0026137 0.0161954 0.0372471 0.1055203 0.1898303 0.0198063 0.0089600 0.0062234 0.0251879 0.0267899 0.0000000 0.0088076 0.0259293 0.0609438
 44 S  44 0.0302077 0.0699287 0.0817033 0.0262171 0.0024692 0.0824185 0.0352471 0.0367579 0.0267047 0.0081320 0.0392263 0.1048036 0.0077229 0.0178040 0.0015194 0.1817793 0.1058548 0.0018544 0.0112023 0.0111862 0.1172608
 45 N  45 0.0116936 0.1092932 0.1096589 0.0886055 0.0000000 0.1341267 0.0861724 0.2004531 0.0284045 0.0014361 0.0047756 0.1105554 0.0074585 0.0015870 0.0070423 0.0227065 0.0089289 0.0000000 0.0048671 0.0047206 0.0575142
 46 G  46 0.0602062 0.0777722 0.0267103 0.0140575 0.0000000 0.0627459 0.0627281 0.1308965 0.0196684 0.0177065 0.0316372 0.1146254 0.0056731 0.0233039 0.0620007 0.0602354 0.1106023 0.0065828 0.0104306 0.0323730 0.0700440
 47 T  47 0.0472637 0.0806162 0.1180846 0.1197740 0.0025123 0.0528873 0.0923321 0.0282370 0.0342293 0.0125609 0.0106155 0.1239980 0.0054047 0.0027659 0.0311472 0.0687681 0.0785666 0.0025088 0.0061169 0.0184984 0.0631126
 48 L  48 0.0052960 0.0000000 0.0056657 0.0000000 0.0000000 0.0000000 0.0350645 0.0020558 0.0000000 0.4377916 0.2404160 0.0000000 0.0103233 0.0205478 0.0000000 0.0019896 0.0128104 0.0077510 0.0028903 0.1540989 0.0632990
 49 T  49 0.0258124 0.1193834 0.0359675 0.0440647 0.0000000 0.0705662 0.0680882 0.0517087 0.0256445 0.0235224 0.0512761 0.0913813 0.0031534 0.0157528 0.0097413 0.0846105 0.1626850 0.0023980 0.0265142 0.0247310 0.0629986
 50 L  50 0.0190847 0.0049636 0.0072815 0.0031417 0.0000000 0.0169413 0.0073994 0.0000000 0.0000000 0.2323012 0.1297844 0.1151332 0.0255865 0.1062756 0.0067489 0.0035251 0.0065553 0.0014404 0.0083160 0.2395697 0.0659517
 51 S  51 0.1587720 0.0722084 0.0177876 0.0293502 0.0000000 0.0295599 0.0299765 0.0077113 0.0062630 0.0454212 0.1192537 0.1673040 0.0263228 0.0094125 0.0000000 0.0497812 0.0109817 0.0048206 0.0069601 0.1410846 0.0670285
 52 H  52 0.0195923 0.0745718 0.0283071 0.0031332 0.0046548 0.0303652 0.0051824 0.0068627 0.3895619 0.0000000 0.0000000 0.1244691 0.0000000 0.0086351 0.0033473 0.1005654 0.0032949 0.0032022 0.1228357 0.0000000 0.0714189
 53 F  53 0.0191957 0.0636334 0.0417510 0.1578691 0.0000000 0.0633367 0.1340316 0.0070358 0.0191091 0.0042458 0.0508456 0.0764077 0.0194829 0.0439512 0.0213202 0.0649538 0.0296253 0.0319726 0.0603826 0.0136891 0.0771611
 54 G  54 0.0038491 0.0025762 0.0094696 0.0166101 0.0000000 0.0019872 0.0130867 0.7863225 0.0000000 0.0000000 0.0017129 0.0244312 0.0038662 0.0026980 0.0000000 0.0195778 0.0219726 0.0019661 0.0000000 0.0031332 0.0867406
 55 K  55 0.0619592 0.0622243 0.0165220 0.0304896 0.0000000 0.0178793 0.2103112 0.0079775 0.0323026 0.0062342 0.0102703 0.1336851 0.0115178 0.0053962 0.1889825 0.0424697 0.0233009 0.0000000 0.0034663 0.0311369 0.1038743
 56 C  56 0.0000000 0.0000000 0.0000000 0.0000000 0.8749557 0.0000000 0.0000000 0.0000000 0.0000000 0.0000000 0.0000000 0.0000000 0.0000000 0.0000000 0.0000000 0.0000000 0.0000000 0.0000000 0.0000000 0.0000000 0.1250443
