   56         A         R         N         D         C         Q         E         G         H         I         L         K         M         F         P         S         T         W         Y         V    
  1 L   1 0.0000000 0.0000000 0.0000000 0.0000000 0.0000000 0.0000000 0.0000000 0.0000000 0.0000000 0.1958463 0.6082188 0.0000000 0.0901286 0.0000000 0.0000000 0.0000000 0.0000000 0.0000000 0.0000000 0.1058063
  2 A   2 0.1836031 0.0560424 0.0000000 0.0000000 0.0000000 0.0572293 0.1396587 0.2947023 0.0000000 0.0000000 0.0146299 0.0000000 0.0000000 0.0000000 0.1469133 0.0348994 0.0429525 0.0000000 0.0000000 0.0293691
  3 A   3 0.0545700 0.1007295 0.0000000 0.0187894 0.0654735 0.0218581 0.0543045 0.2556466 0.0000000 0.0196661 0.0586691 0.0124963 0.0199606 0.0000000 0.1580468 0.1451502 0.0146393 0.0000000 0.0000000 0.0000000
  4 V   4 0.1768917 0.0826223 0.0181906 0.0072484 0.2044115 0.0062753 0.0172380 0.0274250 0.0095684 0.0755145 0.0000000 0.0766339 0.0000000 0.0105557 0.0357014 0.0534824 0.0551116 0.0000000 0.0135345 0.1295947
  5 S   5 0.0468248 0.0062432 0.1021755 0.0479369 0.0000000 0.1861603 0.1391306 0.0148407 0.0000000 0.0000000 0.0332084 0.1729969 0.0174641 0.0000000 0.0195374 0.0776536 0.1094785 0.0000000 0.0000000 0.0263491
  6 V   6 0.0421251 0.0000000 0.0048876 0.0494432 0.0094995 0.0000000 0.0162452 0.0000000 0.0000000 0.1415383 0.0631776 0.0055043 0.0222526 0.0000000 0.3174322 0.0129956 0.0241204 0.0000000 0.0000000 0.2907781
  7 D   7 0.0170728 0.0080070 0.2568612 0.4531697 0.0000000 0.0279182 0.1282666 0.0067867 0.0000000 0.0088738 0.0067807 0.0058655 0.0040376 0.0111930 0.0046639 0.0270184 0.0032339 0.0000000 0.0249060 0.0053450
  8 C   8 0.0166346 0.0000000 0.0000000 0.0000000 0.9396809 0.0000000 0.0073260 0.0066566 0.0000000 0.0000000 0.0115828 0.0000000 0.0000000 0.0000000 0.0000000 0.0000000 0.0076482 0.0104709 0.0000000 0.0000000
  9 S   9 0.0494299 0.0405753 0.0364768 0.1055409 0.0000000 0.0401382 0.0476465 0.0741790 0.0064122 0.0000000 0.0031998 0.0800181 0.0051320 0.0097295 0.0174313 0.4015896 0.0666525 0.0000000 0.0034414 0.0124071
 10 E  10 0.0347427 0.0657126 0.0796651 0.0868036 0.0385256 0.0893481 0.1427116 0.0693761 0.0656798 0.0516342 0.0062808 0.0759313 0.0266269 0.0164053 0.0391389 0.0408055 0.0288986 0.0060240 0.0164037 0.0192856
 11 Y  11 0.0083629 0.0085725 0.0113413 0.0052975 0.0693892 0.0142981 0.0269511 0.0025006 0.0256730 0.0187359 0.0096515 0.0174766 0.0581919 0.1625988 0.0000000 0.0027354 0.0109914 0.0034371 0.5294913 0.0143038
 12 P  12 0.0589960 0.1602621 0.0076727 0.0303181 0.0674133 0.0316897 0.0286786 0.0381644 0.0106833 0.0075098 0.0095282 0.1824838 0.0048293 0.0000000 0.1726833 0.1434546 0.0289231 0.0059486 0.0000000 0.0107612
 13 K  13 0.0203089 0.0770798 0.0557706 0.0441998 0.0035155 0.0814501 0.1137740 0.0060839 0.0000000 0.0290170 0.0740975 0.2302520 0.0000000 0.0102832 0.0944084 0.0469412 0.0513000 0.0086938 0.0064735 0.0463507
 14 P  14 0.0261962 0.0428070 0.0254146 0.0242443 0.0497769 0.0134802 0.0219845 0.0156847 0.0373943 0.1405071 0.1059452 0.0699126 0.0087124 0.0976761 0.1845046 0.0227102 0.0403755 0.0026996 0.0082698 0.0617041
 15 A  15 0.1970472 0.0116454 0.0067761 0.0260928 0.0000000 0.0020693 0.0284088 0.0692629 0.0074571 0.1027318 0.0368359 0.0225952 0.0352607 0.0774811 0.1501527 0.0340274 0.0497193 0.0000000 0.0169617 0.1254746
 16 C  16 0.0000000 0.0000000 0.0000000 0.0000000 0.9789597 0.0000000 0.0000000 0.0000000 0.0000000 0.0000000 0.0000000 0.0000000 0.0000000 0.0000000 0.0000000 0.0000000 0.0000000 0.0000000 0.0000000 0.0210403
 17 T  17 0.0128645 0.0182569 0.0282015 0.0169154 0.0000000 0.0064122 0.0120646 0.0122217 0.0077595 0.0030908 0.0094514 0.0592022 0.0025804 0.0039709 0.3721282 0.0901713 0.3266361 0.0000000 0.0106446 0.0074277
 18 L  18 0.0503686 0.2576764 0.0237948 0.0690128 0.0000000 0.0559071 0.0320320 0.0335645 0.0215400 0.0330237 0.0766387 0.1148533 0.0640093 0.0121331 0.0531628 0.0434320 0.0361362 0.0013608 0.0096162 0.0117377
 19 E  19 0.0115088 0.0197825 0.0992231 0.1187485 0.0025378 0.0169032 0.2919082 0.0063838 0.0481357 0.0986210 0.0437054 0.0106614 0.0170061 0.0059368 0.0031233 0.0316689 0.0708541 0.0000000 0.0149836 0.0883079
 20 Y  20 0.0145047 0.0175796 0.0648510 0.0105517 0.0000000 0.0077090 0.0231434 0.0087338 0.0378046 0.0183364 0.0929036 0.0257272 0.0166301 0.0960203 0.0124127 0.0555570 0.0108702 0.0344040 0.4331733 0.0190875
 21 R  21 0.0781315 0.1110915 0.1175675 0.1935268 0.0024100 0.0520769 0.0745629 0.0046891 0.0228338 0.0117536 0.0473159 0.0952456 0.0404863 0.0106181 0.0056945 0.0712437 0.0264905 0.0028309 0.0098162 0.0216146
 22 P  22 0.0133250 0.0068626 0.0000000 0.0000000 0.0000000 0.0060381 0.0168593 0.0000000 0.0062354 0.0041431 0.0265839 0.0054264 0.0000000 0.0019899 0.8891303 0.0089912 0.0016770 0.0000000 0.0089531 0.0037846
 23 L  23 0.0038342 0.0038778 0.0000000 0.0089606 0.0000000 0.0068296 0.0000000 0.0000000 0.0195969 0.1208224 0.0490019 0.0047753 0.0041083 0.0058665 0.0000000 0.0000000 0.0000000 0.0000000 0.0019824 0.7703441
 24 C  24 0.0000000 0.0399948 0.0000000 0.0000000 0.9398778 0.0000000 0.0000000 0.0000000 0.0000000 0.0000000 0.0078002 0.0000000 0.0000000 0.0000000 0.0000000 0.0032677 0.0000000 0.0000000 0.0048136 0.0042459
 25 G  25 0.0968523 0.0000000 0.0000000 0.0165719 0.0000000 0.0000000 0.0000000 0.8640053 0.0000000 0.0000000 0.0000000 0.0000000 0.0000000 0.0000000 0.0000000 0.0225704 0.0000000 0.0000000 0.0000000 0.0000000
 26 S  26 0.0280581 0.0052281 0.0210390 0.0335098 0.0033516 0.0050120 0.0112268 0.0039591 0.0039989 0.0095588 0.0044023 0.0046271 0.0038616 0.0000000 0.0365544 0.5324094 0.2753729 0.0000000 0.0000000 0.0178303
 27 D  27 0.0057076 0.0000000 0.1622595 0.7935787 0.0000000 0.0000000 0.0030347 0.0000000 0.0000000 0.0091860 0.0026036 0.0000000 0.0000000 0.0029409 0.0000000 0.0091751 0.0082273 0.0000000 0.0032866 0.0000000
 28 N  28 0.0159326 0.0078648 0.0632012 0.0161698 0.0000000 0.0096640 0.0033001 0.7649706 0.0177058 0.0000000 0.0093707 0.0036250 0.0137396 0.0030059 0.0091860 0.0220904 0.0089208 0.0016108 0.0265258 0.0031160
 29 K  29 0.0065884 0.0915455 0.0517612 0.0087495 0.0021528 0.0724064 0.0337344 0.0082799 0.0318098 0.0918399 0.0218253 0.3120810 0.0142277 0.0104838 0.0000000 0.0283146 0.0142729 0.0000000 0.0044615 0.1954656
 30 T  30 0.0000000 0.0029377 0.0119259 0.0068472 0.0000000 0.0057824 0.0146183 0.0000000 0.0000000 0.0140256 0.0238142 0.0000000 0.0074956 0.0206473 0.0000000 0.0595076 0.8121311 0.0026088 0.0033665 0.0142918
 31 Y  31 0.0000000 0.0051626 0.0000000 0.0000000 0.0089208 0.0000000 0.0000000 0.0000000 0.0387202 0.0000000 0.0000000 0.0000000 0.0000000 0.0351154 0.0000000 0.0000000 0.0000000 0.0000000 0.9120810 0.0000000
 32 G  32 0.1093379 0.0270190 0.0756708 0.1050004 0.0066783 0.0420663 0.0512612 0.1614878 0.0073227 0.0066858 0.0233991 0.0202574 0.0024235 0.0177126 0.0749979 0.2333828 0.0233353 0.0000000 0.0063239 0.0056373
 33 N  33 0.0000000 0.0000000 0.8771374 0.0108025 0.0000000 0.0033030 0.0000000 0.0039065 0.0055750 0.0000000 0.0000000 0.0000000 0.0000000 0.0000000 0.0000000 0.0710377 0.0282379 0.0000000 0.0000000 0.0000000
 34 K  34 0.0162266 0.0537374 0.0045711 0.0589354 0.0000000 0.0252951 0.3473128 0.0034661 0.0571012 0.0201328 0.0483512 0.1624714 0.0120630 0.0062198 0.1042696 0.0368366 0.0182513 0.0015039 0.0084539 0.0148009
 35 C  35 0.0070069 0.0000000 0.0000000 0.0000000 0.9656349 0.0000000 0.0000000 0.0075876 0.0000000 0.0000000 0.0000000 0.0000000 0.0000000 0.0000000 0.0000000 0.0136611 0.0000000 0.0000000 0.0000000 0.0061095
 36 N  36 0.0854674 0.0182060 0.0189449 0.0186953 0.0000000 0.0664683 0.1829238 0.0136328 0.0596187 0.0481162 0.1154276 0.0372036 0.0740570 0.0676453 0.0000000 0.0325679 0.0561408 0.0177761 0.0329989 0.0541092
 37 F  37 0.0164612 0.0147349 0.0000000 0.0000000 0.0000000 0.0000000 0.0000000 0.0000000 0.0025777 0.0179968 0.5633970 0.0000000 0.1206166 0.2157249 0.0000000 0.0061672 0.0000000 0.0000000 0.0106783 0.0316454
 38 C  38 0.0219970 0.1615608 0.0406167 0.0215695 0.3717393 0.0505868 0.0867333 0.0205317 0.0667840 0.0098210 0.0144696 0.0900811 0.0037515 0.0045538 0.0000000 0.0177669 0.0131818 0.0000000 0.0022797 0.0019755
 39 N  39 0.1289051 0.1163594 0.0997570 0.0054663 0.0593891 0.0282929 0.0338913 0.0106870 0.0231349 0.0397039 0.0811455 0.1218208 0.0314871 0.0212366 0.0000000 0.0523381 0.0349102 0.0053488 0.0163548 0.0897714
 40 A  40 0.4589289 0.0130920 0.0047278 0.0316659 0.0025479 0.0361050 0.2006398 0.0078627 0.0381038 0.0154490 0.0180896 0.0334504 0.0107722 0.0168003 0.0000000 0.0202225 0.0505091 0.0033293 0.0220449 0.0156588
 41 V  41 0.2340545 0.0667082 0.1286226 0.0118729 0.0026771 0.0831414 0.0231988 0.0204088 0.0053164 0.0600438 0.0189926 0.0688540 0.0133042 0.0069687 0.0000000 0.1430570 0.0201842 0.0091167 0.0131874 0.0702905
 42 V  42 0.0408307 0.0498038 0.0086861 0.0037876 0.5406695 0.0174782 0.0103498 0.0021008 0.0063134 0.0305803 0.1135013 0.0178239 0.0504209 0.0393825 0.0000000 0.0061559 0.0059177 0.0094384 0.0047927 0.0419666
 43 E  43 0.0282831 0.0938694 0.0384281 0.0597664 0.0176678 0.0752644 0.1799325 0.0028951 0.0180355 0.0388718 0.1124003 0.2063337 0.0202189 0.0097901 0.0069550 0.0267705 0.0287173 0.0000000 0.0093550 0.0264449
 44 S  44 0.0333580 0.0786424 0.0897197 0.0308020 0.0025997 0.0916804 0.0400307 0.0405560 0.0309136 0.0095080 0.0456847 0.1171321 0.0086884 0.0210472 0.0017375 0.2088760 0.1233304 0.0021603 0.0106604 0.0128726
 45 N  45 0.0122044 0.1167999 0.1194114 0.0982987 0.0000000 0.1386800 0.0880079 0.2111039 0.0300366 0.0015494 0.0050251 0.1201110 0.0079562 0.0017056 0.0073622 0.0226500 0.0087036 0.0000000 0.0052646 0.0051294
 46 G  46 0.0628897 0.0824231 0.0287488 0.0150350 0.0000000 0.0661850 0.0683222 0.1439408 0.0203799 0.0191139 0.0339373 0.1242007 0.0060405 0.0259150 0.0671157 0.0656162 0.1162608 0.0074409 0.0113810 0.0350536
 47 T  47 0.0500611 0.0850222 0.1254329 0.1271417 0.0027878 0.0563351 0.0965294 0.0289746 0.0366036 0.0138261 0.0110966 0.1353732 0.0058638 0.0027786 0.0329852 0.0740367 0.0844887 0.0027806 0.0066691 0.0212132
 48 L  48 0.0053121 0.0000000 0.0060946 0.0000000 0.0000000 0.0000000 0.0350494 0.0021205 0.0000000 0.4667333 0.2586891 0.0000000 0.0114425 0.0228778 0.0000000 0.0021278 0.0136885 0.0084250 0.0032369 0.1642025
 49 T  49 0.0260215 0.1278700 0.0393640 0.0478089 0.0000000 0.0779584 0.0720479 0.0550460 0.0278090 0.0251938 0.0560702 0.0983202 0.0032855 0.0170151 0.0106347 0.0862090 0.1735457 0.0026293 0.0265978 0.0265730
 50 L  50 0.0202100 0.0052468 0.0079619 0.0032722 0.0000000 0.0187832 0.0076251 0.0000000 0.0000000 0.2491570 0.1403574 0.1219465 0.0270873 0.1189528 0.0072192 0.0039152 0.0071294 0.0015764 0.0089357 0.2506240
 51 S  51 0.1691235 0.0741823 0.0195319 0.0310432 0.0000000 0.0304565 0.0294771 0.0088187 0.0066291 0.0497832 0.1320970 0.1785886 0.0281686 0.0103472 0.0000000 0.0542791 0.0111941 0.0050503 0.0074673 0.1537622
 52 H  52 0.0191111 0.0811060 0.0274252 0.0034866 0.0051368 0.0334556 0.0053359 0.0071816 0.4237580 0.0000000 0.0000000 0.1345708 0.0000000 0.0092191 0.0036693 0.1080065 0.0037043 0.0033231 0.1315101 0.0000000
 53 F  53 0.0203321 0.0675375 0.0455703 0.1721126 0.0000000 0.0656715 0.1468854 0.0076413 0.0207640 0.0046499 0.0539304 0.0837832 0.0203130 0.0491512 0.0230797 0.0712572 0.0335452 0.0374898 0.0627772 0.0135085
 54 G  54 0.0043015 0.0029290 0.0106496 0.0179401 0.0000000 0.0022600 0.0145321 0.8617152 0.0000000 0.0000000 0.0016794 0.0270925 0.0042852 0.0029822 0.0000000 0.0217807 0.0221266 0.0021867 0.0000000 0.0035393
 55 K  55 0.0677692 0.0688852 0.0189207 0.0341595 0.0000000 0.0215293 0.2300204 0.0092227 0.0356368 0.0068070 0.0115059 0.1520341 0.0129646 0.0060326 0.2119392 0.0473707 0.0261266 0.0000000 0.0039282 0.0351473
 56 C  56 0.0000000 0.0000000 0.0000000 0.0000000 1.0000000 0.0000000 0.0000000 0.0000000 0.0000000 0.0000000 0.0000000 0.0000000 0.0000000 0.0000000 0.0000000 0.0000000 0.0000000 0.0000000 0.0000000 0.0000000
