   37         A         R         N         D         C         Q         E         G         H         I         L         K         M         F         P         S         T         W         Y         V    
  1 A   1 0.8247200 0.0000000 0.0000000 0.0000000 0.0000000 0.0000000 0.0000000 0.1752800 0.0000000 0.0000000 0.0000000 0.0000000 0.0000000 0.0000000 0.0000000 0.0000000 0.0000000 0.0000000 0.0000000 0.0000000
  2 P   2 0.0000000 0.0000000 0.0000000 0.0000000 0.0000000 0.0000000 0.0000000 0.0000000 0.0000000 0.0000000 0.0362715 0.0000000 0.0000000 0.0000000 0.9637285 0.0000000 0.0000000 0.0000000 0.0000000 0.0000000
  3 L   3 0.0614287 0.0000000 0.0097701 0.0000000 0.0000000 0.0000000 0.0000000 0.0000000 0.0000000 0.0710438 0.2222393 0.0366698 0.0113874 0.0000000 0.1962121 0.2899111 0.0620316 0.0000000 0.0000000 0.0393061
  4 E   4 0.0000000 0.0000000 0.0000000 0.0000000 0.0000000 0.0689293 0.3243230 0.0000000 0.0000000 0.0000000 0.0000000 0.6067477 0.0000000 0.0000000 0.0000000 0.0000000 0.0000000 0.0000000 0.0000000 0.0000000
  5 P   5 0.0000000 0.0000000 0.0000000 0.0000000 0.0000000 0.0000000 0.0000000 0.0000000 0.0000000 0.0000000 0.0000000 0.0000000 0.0000000 0.0000000 1.0000000 0.0000000 0.0000000 0.0000000 0.0000000 0.0000000
  6 E   6 0.0231853 0.0000000 0.0077729 0.1832850 0.0000000 0.0294799 0.3974280 0.0000000 0.0354513 0.0000000 0.0689519 0.0000000 0.0409809 0.0000000 0.0000000 0.0000000 0.0799534 0.0000000 0.0000000 0.1335114
  7 Y   7 0.1474289 0.0000000 0.2390552 0.0000000 0.0000000 0.0000000 0.0000000 0.0000000 0.0816285 0.0110241 0.0000000 0.0000000 0.0000000 0.0000000 0.0353649 0.1390868 0.0252804 0.0000000 0.3211312 0.0000000
  8 P   8 0.0000000 0.0000000 0.0000000 0.0000000 0.0000000 0.0000000 0.0000000 0.0000000 0.0000000 0.0000000 0.0000000 0.0000000 0.0000000 0.0000000 1.0000000 0.0000000 0.0000000 0.0000000 0.0000000 0.0000000
  9 G   9 0.0221465 0.0792804 0.0000000 0.0000000 0.0000000 0.0000000 0.0423934 0.7938576 0.0000000 0.0000000 0.0000000 0.0000000 0.0000000 0.0000000 0.0132184 0.0307688 0.0000000 0.0000000 0.0000000 0.0183349
 10 D  10 0.0107535 0.0000000 0.0097688 0.4435497 0.0000000 0.0174788 0.3561184 0.0556603 0.0000000 0.0000000 0.0000000 0.0000000 0.0000000 0.0000000 0.0424097 0.0642608 0.0000000 0.0000000 0.0000000 0.0000000
 11 N  11 0.0125834 0.0000000 0.2333979 0.5979608 0.0000000 0.0354513 0.0000000 0.0633643 0.0162615 0.0000000 0.0000000 0.0000000 0.0000000 0.0000000 0.0000000 0.0000000 0.0000000 0.0000000 0.0409809 0.0000000
 12 A  12 0.8821444 0.0000000 0.0000000 0.0000000 0.0000000 0.0000000 0.0329613 0.0203544 0.0000000 0.0000000 0.0000000 0.0000000 0.0000000 0.0000000 0.0000000 0.0000000 0.0423934 0.0000000 0.0000000 0.0221465
 13 T  13 0.0222445 0.0000000 0.0000000 0.0000000 0.0000000 0.0000000 0.0000000 0.0221465 0.0000000 0.0000000 0.0000000 0.0000000 0.0000000 0.0000000 0.2998632 0.3214556 0.3342902 0.0000000 0.0000000 0.0000000
 14 P  14 0.1891099 0.0000000 0.0000000 0.0000000 0.0000000 0.0000000 0.0000000 0.0000000 0.0242319 0.0000000 0.0818634 0.0000000 0.0000000 0.0000000 0.6133772 0.0000000 0.0096334 0.0000000 0.0000000 0.0817841
 15 E  15 0.0203544 0.0000000 0.0000000 0.0585026 0.0000000 0.0171537 0.8615959 0.0000000 0.0000000 0.0000000 0.0000000 0.0423934 0.0000000 0.0000000 0.0000000 0.0000000 0.0000000 0.0000000 0.0000000 0.0000000
 16 Q  16 0.0000000 0.0000000 0.0000000 0.2695781 0.0000000 0.3472446 0.3831773 0.0000000 0.0000000 0.0000000 0.0000000 0.0000000 0.0000000 0.0000000 0.0000000 0.0000000 0.0000000 0.0000000 0.0000000 0.0000000
 17 M  17 0.0000000 0.0242319 0.0000000 0.0000000 0.0000000 0.0082134 0.0000000 0.0142554 0.0000000 0.0125834 0.5289219 0.0000000 0.3443189 0.0000000 0.0000000 0.0000000 0.0000000 0.0579677 0.0000000 0.0095074
 18 A  18 0.7269567 0.0000000 0.0366624 0.0000000 0.0000000 0.0000000 0.0366698 0.0000000 0.0000000 0.0689293 0.0000000 0.0000000 0.0000000 0.0000000 0.0000000 0.1307818 0.0000000 0.0000000 0.0000000 0.0000000
 19 Q  19 0.0000000 0.3077866 0.0000000 0.0000000 0.0000000 0.2980648 0.0354938 0.0000000 0.0329613 0.0000000 0.0000000 0.3081161 0.0000000 0.0000000 0.0000000 0.0175774 0.0000000 0.0000000 0.0000000 0.0000000
 20 Y  20 0.0000000 0.0000000 0.0000000 0.0000000 0.0000000 0.0000000 0.0000000 0.0000000 0.0000000 0.0000000 0.0000000 0.0000000 0.0000000 0.0689293 0.0000000 0.0000000 0.0000000 0.0000000 0.9310707 0.0000000
 21 A  21 0.1534374 0.0000000 0.0000000 0.0000000 0.0000000 0.0175774 0.0409809 0.0000000 0.0625368 0.0000000 0.0195389 0.0086662 0.0424097 0.0316885 0.0000000 0.0000000 0.0423934 0.0000000 0.5676714 0.0130994
 22 A  22 0.4131129 0.0000000 0.0689293 0.0000000 0.0000000 0.0366698 0.0000000 0.0000000 0.0000000 0.0000000 0.0200153 0.0000000 0.0000000 0.0000000 0.0000000 0.2830755 0.1781972 0.0000000 0.0000000 0.0000000
 23 E  23 0.4259968 0.0000000 0.0000000 0.1690699 0.0000000 0.0409809 0.1809107 0.0000000 0.0000000 0.0000000 0.0000000 0.0223944 0.0000000 0.0000000 0.0000000 0.1606474 0.0000000 0.0000000 0.0000000 0.0000000
 24 L  24 0.0000000 0.0000000 0.0000000 0.0000000 0.0000000 0.0000000 0.0000000 0.0000000 0.0000000 0.0223944 0.8519277 0.0000000 0.0292586 0.0000000 0.0000000 0.0000000 0.0000000 0.0000000 0.0000000 0.0964193
 25 R  25 0.0000000 0.7994299 0.0000000 0.0000000 0.0329613 0.0689293 0.0000000 0.0000000 0.0265585 0.0000000 0.0000000 0.0000000 0.0000000 0.0366698 0.0000000 0.0000000 0.0000000 0.0000000 0.0354513 0.0000000
 26 R  26 0.0000000 0.2161120 0.0200153 0.0000000 0.0000000 0.1634447 0.0000000 0.0000000 0.5643380 0.0000000 0.0000000 0.0360900 0.0000000 0.0000000 0.0000000 0.0000000 0.0000000 0.0000000 0.0000000 0.0000000
 27 Y  27 0.0000000 0.0000000 0.0000000 0.0000000 0.0423934 0.0000000 0.0000000 0.0000000 0.0000000 0.0000000 0.0000000 0.0000000 0.0000000 0.0000000 0.0000000 0.0360900 0.0000000 0.0000000 0.9215166 0.0000000
 28 I  28 0.0000000 0.0000000 0.0000000 0.0000000 0.0000000 0.0000000 0.0000000 0.0000000 0.0000000 0.7124556 0.2295766 0.0000000 0.0000000 0.0000000 0.0000000 0.0000000 0.0000000 0.0000000 0.0000000 0.0579677
 29 N  29 0.0000000 0.0000000 0.9278789 0.0000000 0.0000000 0.0000000 0.0000000 0.0000000 0.0000000 0.0366698 0.0000000 0.0000000 0.0000000 0.0000000 0.0000000 0.0000000 0.0354513 0.0000000 0.0000000 0.0000000
 30 M  30 0.0000000 0.0000000 0.0000000 0.0000000 0.0000000 0.0000000 0.0000000 0.0000000 0.0000000 0.0000000 0.5737864 0.0000000 0.2112211 0.0721211 0.0000000 0.0000000 0.0409809 0.0000000 0.0000000 0.1018905
 31 L  31 0.0371869 0.0000000 0.0000000 0.0000000 0.0000000 0.0000000 0.0000000 0.0000000 0.0000000 0.4304013 0.2522019 0.0000000 0.0000000 0.0000000 0.0000000 0.0000000 0.0000000 0.0000000 0.0000000 0.2802099
 32 T  32 0.0000000 0.0000000 0.0000000 0.0000000 0.0000000 0.0000000 0.0000000 0.0000000 0.0000000 0.0000000 0.0000000 0.0000000 0.0000000 0.0000000 0.0000000 0.0000000 1.0000000 0.0000000 0.0000000 0.0000000
 33 R  33 0.0000000 0.9310481 0.0000000 0.0000000 0.0000000 0.0000000 0.0000000 0.0000000 0.0000000 0.0000000 0.0000000 0.0689519 0.0000000 0.0000000 0.0000000 0.0000000 0.0000000 0.0000000 0.0000000 0.0000000
 34 P  34 0.0000000 0.0000000 0.0000000 0.0000000 0.0000000 0.6067477 0.0000000 0.0000000 0.0689293 0.0000000 0.0000000 0.0000000 0.0000000 0.0000000 0.3243230 0.0000000 0.0000000 0.0000000 0.0000000 0.0000000
 35 R  35 0.0000000 1.0000000 0.0000000 0.0000000 0.0000000 0.0000000 0.0000000 0.0000000 0.0000000 0.0000000 0.0000000 0.0000000 0.0000000 0.0000000 0.0000000 0.0000000 0.0000000 0.0000000 0.0000000 0.0000000
 36 Y  36 0.0000000 0.0000000 0.0000000 0.0000000 0.0000000 0.0000000 0.0000000 0.0000000 0.0280357 0.0000000 0.0150483 0.0000000 0.0000000 0.0545890 0.0000000 0.0000000 0.0000000 0.0105343 0.8917928 0.0000000
 37 G  37 0.0000000 0.0000000 0.0000000 0.0000000 0.0000000 0.0000000 0.0000000 1.0000000 0.0000000 0.0000000 0.0000000 0.0000000 0.0000000 0.0000000 0.0000000 0.0000000 0.0000000 0.0000000 0.0000000 0.0000000
