   37         A         R         N         D         C         Q         E         G         H         I         L         K         M         F         P         S         T         W         Y         V         X    
  1 A   1 0.3176781 0.0000000 0.0000000 0.0000000 0.0000000 0.0000000 0.0000000 0.0657148 0.0000000 0.0000000 0.0000000 0.0000000 0.0000000 0.0000000 0.0000000 0.0000000 0.0000000 0.0000000 0.0000000 0.0000000 0.6166070
  2 P   2 0.0000000 0.0000000 0.0000000 0.0000000 0.0000000 0.0000000 0.0000000 0.0000000 0.0000000 0.0000000 0.0317766 0.0000000 0.0000000 0.0000000 0.9544596 0.0000000 0.0000000 0.0000000 0.0000000 0.0000000 0.0137637
  3 L   3 0.0602801 0.0000000 0.0095938 0.0000000 0.0000000 0.0000000 0.0000000 0.0000000 0.0000000 0.0992111 0.2147171 0.0379760 0.0108573 0.0000000 0.1950992 0.2707426 0.0606254 0.0000000 0.0000000 0.0408976 0.0000000
  4 E   4 0.0000000 0.0000000 0.0000000 0.0000000 0.0000000 0.0657148 0.3176781 0.0000000 0.0000000 0.0000000 0.0000000 0.6166070 0.0000000 0.0000000 0.0000000 0.0000000 0.0000000 0.0000000 0.0000000 0.0000000 0.0000000
  5 P   5 0.0000000 0.0000000 0.0000000 0.0000000 0.0000000 0.0000000 0.0000000 0.0000000 0.0000000 0.0000000 0.0000000 0.0000000 0.0000000 0.0000000 1.0000000 0.0000000 0.0000000 0.0000000 0.0000000 0.0000000 0.0000000
  6 E   6 0.0224908 0.0000000 0.0075426 0.1673165 0.0000000 0.0312479 0.4232601 0.0000000 0.0362858 0.0000000 0.0694036 0.0000000 0.0404128 0.0000000 0.0000000 0.0000000 0.0765965 0.0000000 0.0000000 0.1254435 0.0000000
  7 Y   7 0.1649083 0.0000000 0.2308460 0.0000000 0.0000000 0.0000000 0.0000000 0.0000000 0.0835857 0.0108817 0.0000000 0.0000000 0.0000000 0.0000000 0.0377307 0.1378335 0.0250828 0.0000000 0.3091312 0.0000000 0.0000000
  8 P   8 0.0000000 0.0000000 0.0000000 0.0000000 0.0000000 0.0000000 0.0000000 0.0000000 0.0000000 0.0000000 0.0000000 0.0000000 0.0000000 0.0000000 1.0000000 0.0000000 0.0000000 0.0000000 0.0000000 0.0000000 0.0000000
  9 G   9 0.0223047 0.0739324 0.0000000 0.0000000 0.0000000 0.0000000 0.0427013 0.7873174 0.0000000 0.0000000 0.0000000 0.0000000 0.0000000 0.0000000 0.0154261 0.0307196 0.0000000 0.0000000 0.0000000 0.0275985 0.0000000
 10 D  10 0.0106038 0.0000000 0.0095925 0.4437180 0.0000000 0.0170704 0.3568349 0.0557098 0.0000000 0.0000000 0.0000000 0.0000000 0.0000000 0.0000000 0.0426751 0.0637956 0.0000000 0.0000000 0.0000000 0.0000000 0.0000000
 11 N  11 0.0136360 0.0000000 0.2292200 0.6028061 0.0000000 0.0362858 0.0000000 0.0618175 0.0158218 0.0000000 0.0000000 0.0000000 0.0000000 0.0000000 0.0000000 0.0000000 0.0000000 0.0000000 0.0404128 0.0000000 0.0000000
 12 A  12 0.8631417 0.0000000 0.0000000 0.0000000 0.0000000 0.0000000 0.0513881 0.0204641 0.0000000 0.0000000 0.0000000 0.0000000 0.0000000 0.0000000 0.0000000 0.0000000 0.0427013 0.0000000 0.0000000 0.0223047 0.0000000
 13 T  13 0.0215245 0.0000000 0.0000000 0.0000000 0.0000000 0.0000000 0.0000000 0.0223047 0.0000000 0.0000000 0.0000000 0.0000000 0.0000000 0.0000000 0.2882286 0.3393730 0.3285692 0.0000000 0.0000000 0.0000000 0.0000000
 14 P  14 0.1810403 0.0000000 0.0000000 0.0000000 0.0000000 0.0000000 0.0000000 0.0000000 0.0240490 0.0000000 0.1026245 0.0000000 0.0000000 0.0000000 0.6047965 0.0000000 0.0094533 0.0000000 0.0000000 0.0780364 0.0000000
 15 E  15 0.0204641 0.0000000 0.0000000 0.0586406 0.0000000 0.0167795 0.8614145 0.0000000 0.0000000 0.0000000 0.0000000 0.0427013 0.0000000 0.0000000 0.0000000 0.0000000 0.0000000 0.0000000 0.0000000 0.0000000 0.0000000
 16 Q  16 0.0000000 0.0000000 0.0000000 0.2508728 0.0000000 0.3394492 0.4096780 0.0000000 0.0000000 0.0000000 0.0000000 0.0000000 0.0000000 0.0000000 0.0000000 0.0000000 0.0000000 0.0000000 0.0000000 0.0000000 0.0000000
 17 M  17 0.0000000 0.0240490 0.0000000 0.0000000 0.0000000 0.0079950 0.0000000 0.0133111 0.0000000 0.0136360 0.5418336 0.0000000 0.3320784 0.0000000 0.0000000 0.0000000 0.0000000 0.0577729 0.0000000 0.0093239 0.0000000
 18 A  18 0.7112850 0.0000000 0.0354530 0.0000000 0.0000000 0.0000000 0.0379760 0.0000000 0.0000000 0.0657148 0.0000000 0.0000000 0.0000000 0.0000000 0.0000000 0.1495712 0.0000000 0.0000000 0.0000000 0.0000000 0.0000000
 19 Q  19 0.0000000 0.2896388 0.0000000 0.0000000 0.0000000 0.2941934 0.0351749 0.0000000 0.0513881 0.0000000 0.0000000 0.3119927 0.0000000 0.0000000 0.0000000 0.0176121 0.0000000 0.0000000 0.0000000 0.0000000 0.0000000
 20 Y  20 0.0000000 0.0000000 0.0000000 0.0000000 0.0000000 0.0000000 0.0000000 0.0000000 0.0000000 0.0000000 0.0000000 0.0000000 0.0000000 0.0657148 0.0000000 0.0000000 0.0000000 0.0000000 0.9342852 0.0000000 0.0000000
 21 A  21 0.1457314 0.0000000 0.0000000 0.0000000 0.0000000 0.0176121 0.0404128 0.0000000 0.0624654 0.0000000 0.0191862 0.0084600 0.0426751 0.0346675 0.0000000 0.0000000 0.0427013 0.0000000 0.5734725 0.0126156 0.0000000
 22 A  22 0.4252123 0.0000000 0.0657148 0.0000000 0.0000000 0.0379760 0.0000000 0.0000000 0.0000000 0.0000000 0.0201159 0.0000000 0.0000000 0.0000000 0.0000000 0.2755434 0.1754376 0.0000000 0.0000000 0.0000000 0.0000000
 23 E  23 0.4156686 0.0000000 0.0000000 0.1677903 0.0000000 0.0404128 0.1732346 0.0000000 0.0000000 0.0000000 0.0000000 0.0225593 0.0000000 0.0000000 0.0000000 0.1803344 0.0000000 0.0000000 0.0000000 0.0000000 0.0000000
 24 L  24 0.0000000 0.0000000 0.0000000 0.0000000 0.0000000 0.0000000 0.0000000 0.0000000 0.0000000 0.0225593 0.8531245 0.0000000 0.0283737 0.0000000 0.0000000 0.0000000 0.0000000 0.0000000 0.0000000 0.0959425 0.0000000
 25 R  25 0.0000000 0.7819331 0.0000000 0.0000000 0.0513881 0.0657148 0.0000000 0.0000000 0.0267022 0.0000000 0.0000000 0.0000000 0.0000000 0.0379760 0.0000000 0.0000000 0.0000000 0.0000000 0.0362858 0.0000000 0.0000000
 26 R  26 0.0000000 0.2116397 0.0201159 0.0000000 0.0000000 0.1625359 0.0000000 0.0000000 0.5739319 0.0000000 0.0000000 0.0317766 0.0000000 0.0000000 0.0000000 0.0000000 0.0000000 0.0000000 0.0000000 0.0000000 0.0000000
 27 Y  27 0.0000000 0.0000000 0.0000000 0.0000000 0.0427013 0.0000000 0.0000000 0.0000000 0.0000000 0.0000000 0.0000000 0.0000000 0.0000000 0.0000000 0.0000000 0.0317766 0.0000000 0.0000000 0.9255220 0.0000000 0.0000000
 28 I  28 0.0000000 0.0000000 0.0000000 0.0000000 0.0000000 0.0000000 0.0000000 0.0000000 0.0000000 0.6961779 0.2460492 0.0000000 0.0000000 0.0000000 0.0000000 0.0000000 0.0000000 0.0000000 0.0000000 0.0577729 0.0000000
 29 N  29 0.0000000 0.0000000 0.9257382 0.0000000 0.0000000 0.0000000 0.0000000 0.0000000 0.0000000 0.0379760 0.0000000 0.0000000 0.0000000 0.0000000 0.0000000 0.0000000 0.0362858 0.0000000 0.0000000 0.0000000 0.0000000
 30 M  30 0.0000000 0.0000000 0.0000000 0.0000000 0.0000000 0.0000000 0.0000000 0.0000000 0.0000000 0.0000000 0.5652189 0.0000000 0.2030036 0.0742618 0.0000000 0.0000000 0.0404128 0.0000000 0.0000000 0.1171030 0.0000000
 31 L  31 0.0255499 0.0000000 0.0000000 0.0000000 0.0000000 0.0000000 0.0000000 0.0000000 0.0000000 0.4335913 0.2434164 0.0000000 0.0000000 0.0000000 0.0000000 0.0000000 0.0000000 0.0000000 0.0000000 0.2974424 0.0000000
 32 T  32 0.0000000 0.0000000 0.0000000 0.0000000 0.0000000 0.0000000 0.0000000 0.0000000 0.0000000 0.0000000 0.0000000 0.0000000 0.0000000 0.0000000 0.0000000 0.0000000 0.9744501 0.0000000 0.0000000 0.0000000 0.0255499
 33 R  33 0.0000000 0.9305964 0.0000000 0.0000000 0.0000000 0.0000000 0.0000000 0.0000000 0.0000000 0.0000000 0.0000000 0.0694036 0.0000000 0.0000000 0.0000000 0.0000000 0.0000000 0.0000000 0.0000000 0.0000000 0.0000000
 34 P  34 0.0000000 0.0000000 0.0000000 0.0000000 0.0000000 0.6166070 0.0000000 0.0000000 0.0657148 0.0000000 0.0000000 0.0000000 0.0000000 0.0000000 0.3176781 0.0000000 0.0000000 0.0000000 0.0000000 0.0000000 0.0000000
 35 R  35 0.0000000 0.9486119 0.0000000 0.0000000 0.0000000 0.0000000 0.0000000 0.0000000 0.0000000 0.0000000 0.0000000 0.0000000 0.0000000 0.0000000 0.0000000 0.0000000 0.0000000 0.0000000 0.0000000 0.0000000 0.0513881
 36 Y  36 0.0000000 0.0000000 0.0000000 0.0000000 0.0000000 0.0000000 0.0000000 0.0000000 0.0267022 0.0000000 0.0133111 0.0000000 0.0000000 0.0521076 0.0000000 0.0000000 0.0000000 0.0100723 0.8224576 0.0000000 0.0753492
 37 G  37 0.0000000 0.0000000 0.0000000 0.0000000 0.0000000 0.0000000 0.0000000 0.7471096 0.0000000 0.0000000 0.0000000 0.0000000 0.0000000 0.0000000 0.0000000 0.0000000 0.0000000 0.0000000 0.0000000 0.0000000 0.2528904
