  150         A         R         N         D         C         Q         E         G         H         I         L         K         M         F         P         S         T         W         Y         V         X    
  1 S   1 0.0064684 0.0000000 0.0057907 0.0000000 0.0000000 0.0000000 0.0000000 0.0000000 0.0000000 0.0000000 0.0000000 0.0000000 0.0000000 0.0000000 0.0000000 0.0457092 0.0099550 0.0000000 0.0000000 0.0000000 0.9320767
  2 I   2 0.0011808 0.0104561 0.0000000 0.0000000 0.0000000 0.0013807 0.0052061 0.0060013 0.0000000 0.0095678 0.0157742 0.0093885 0.0481876 0.0014638 0.0015198 0.0017065 0.0138601 0.0000000 0.0000000 0.0000000 0.8743067
  3 G   3 0.0036185 0.0000000 0.0033988 0.0000000 0.0000000 0.0000000 0.0000000 0.1262066 0.0000000 0.0000000 0.0000000 0.0000000 0.0000000 0.0000000 0.0000000 0.0162463 0.0000000 0.0000000 0.0000000 0.0000000 0.8505297
  4 R   4 0.0028245 0.0877363 0.0392612 0.0015459 0.0232558 0.0000000 0.0099397 0.0029871 0.0035508 0.0051401 0.0096964 0.0099158 0.0024432 0.0028823 0.0000000 0.0064299 0.0069592 0.0000000 0.0000000 0.0018175 0.7836141
  5 F   5 0.0086088 0.0111649 0.0103264 0.0025450 0.0364052 0.0000000 0.0042791 0.0160380 0.0188083 0.0180214 0.0279536 0.0026187 0.0011700 0.0128424 0.0141843 0.0122599 0.0248459 0.0016513 0.0050805 0.0078835 0.7633129
  6 F   6 0.0067136 0.0038500 0.0054646 0.0000000 0.0081228 0.0167233 0.0011049 0.0019735 0.0095357 0.0057970 0.0489425 0.0074917 0.0179600 0.0516169 0.0129794 0.0319364 0.0174277 0.0016513 0.0043826 0.0077623 0.7385639
  7 S   7 0.0129485 0.0142267 0.0148937 0.0175643 0.0098781 0.0000000 0.0288549 0.0500851 0.0000000 0.0020423 0.0045824 0.0000000 0.0000000 0.0040418 0.0000000 0.1120088 0.0238624 0.0000000 0.0000000 0.0044431 0.7005679
  8 G   8 0.0127949 0.0370958 0.0094620 0.0000000 0.0034284 0.0020423 0.0064890 0.0717342 0.0011117 0.0012418 0.0000000 0.0268607 0.0112227 0.0000000 0.0279738 0.0589827 0.0361234 0.0011824 0.0027525 0.0118380 0.6776639
  9 D   9 0.0179200 0.0164990 0.0084092 0.0294898 0.0000000 0.0367476 0.0501604 0.0044718 0.0207123 0.0211435 0.0068841 0.0058296 0.0185228 0.0000000 0.0113652 0.0594137 0.0150173 0.0000000 0.0009874 0.0122030 0.6642232
 10 R  10 0.0153898 0.0911120 0.0279749 0.0159956 0.0000000 0.0251945 0.0044030 0.0045072 0.0019683 0.0156550 0.0081496 0.0465508 0.0000000 0.0010481 0.0206911 0.0545790 0.0035400 0.0000000 0.0000000 0.0171468 0.6460942
 11 G  11 0.0262033 0.0292589 0.0122782 0.0175108 0.0010007 0.0263051 0.0198331 0.0509491 0.0300141 0.0070508 0.0021807 0.0115037 0.0104544 0.0015738 0.0175514 0.0892078 0.0087873 0.0000000 0.0000000 0.0022163 0.6361205
 12 A  12 0.0796371 0.0278967 0.0124193 0.0172811 0.0000000 0.0175273 0.0047341 0.0346714 0.0016327 0.0014683 0.0086941 0.0164112 0.0000000 0.0000000 0.0140297 0.0906848 0.0334226 0.0066627 0.0048251 0.0198638 0.6081380
 13 P  13 0.0130248 0.0099944 0.0048819 0.0040989 0.0028872 0.0124495 0.0086534 0.0023614 0.0000000 0.0000000 0.0074157 0.0015738 0.0031367 0.0011783 0.2776224 0.0302238 0.0306886 0.0000000 0.0038722 0.0044379 0.5814991
 14 K  14 0.0430769 0.0571645 0.0203667 0.0134327 0.0011382 0.0198754 0.0314667 0.0202192 0.0095490 0.0000000 0.0149875 0.0698927 0.0025162 0.0000000 0.0292370 0.0415985 0.0304090 0.0045055 0.0013932 0.0303194 0.5588518
 15 R  15 0.0149991 0.0920985 0.0097628 0.0265031 0.0000000 0.0204257 0.0074207 0.0226286 0.0052231 0.0182200 0.0436587 0.0489715 0.0142996 0.0019941 0.0261148 0.0471807 0.0210049 0.0059303 0.0066620 0.0198731 0.5470289
 16 G  16 0.0404513 0.0169625 0.0122336 0.0032847 0.0000000 0.0177647 0.0279758 0.0721685 0.0326366 0.0161373 0.0162104 0.0110086 0.0000000 0.0000000 0.0939982 0.0612498 0.0322508 0.0020488 0.0025393 0.0086480 0.5324312
 17 S  17 0.0368102 0.0169933 0.0179514 0.0140969 0.0021215 0.0161590 0.0107441 0.0233300 0.0200988 0.0128855 0.0398430 0.0090247 0.0048679 0.0010542 0.0152767 0.1569447 0.0623822 0.0000000 0.0033291 0.0059396 0.5301473
 18 G  18 0.0352345 0.0087489 0.0249407 0.0288935 0.0103363 0.0164721 0.0074030 0.0943110 0.0027499 0.0091317 0.0184625 0.0048791 0.0135913 0.0061198 0.0298422 0.1192487 0.0259001 0.0000000 0.0044543 0.0179681 0.5213123
 19 K  19 0.0370441 0.0248167 0.0146754 0.0047913 0.0077629 0.0139561 0.0383877 0.0318237 0.0055858 0.0085883 0.0185844 0.0515086 0.0013870 0.0081110 0.0386806 0.0875549 0.0435727 0.0213501 0.0139210 0.0267252 0.5011726
 20 D  20 0.0210419 0.0378516 0.0296875 0.0506366 0.0041115 0.0231565 0.0334969 0.0506165 0.0048871 0.0000000 0.0275317 0.0237095 0.0044878 0.0048079 0.0626938 0.0820970 0.0381473 0.0000000 0.0054136 0.0078714 0.4877540
 21 S  21 0.0587868 0.0329684 0.0222821 0.0189486 0.0022854 0.0096082 0.0331943 0.0581607 0.0055856 0.0347281 0.0114024 0.0156198 0.0049036 0.0090151 0.0316449 0.1152300 0.0396258 0.0000000 0.0040556 0.0136244 0.4783303
 22 H  22 0.0372092 0.0558444 0.0339626 0.0261467 0.0090282 0.0611321 0.0272076 0.0131033 0.0419554 0.0066646 0.0038830 0.0150757 0.0009807 0.0069375 0.0682943 0.0655605 0.0218161 0.0000000 0.0213866 0.0119529 0.4718586
 23 T  23 0.0547854 0.0239569 0.0492334 0.0204428 0.0023829 0.0254489 0.0134333 0.0543362 0.0088305 0.0036177 0.0203139 0.0144587 0.0020653 0.0011024 0.0763957 0.0824538 0.0619413 0.0015355 0.0023384 0.0188311 0.4620962
 24 R  24 0.0617133 0.0915947 0.0121210 0.0151118 0.0011827 0.0428705 0.0266839 0.0090252 0.0083450 0.0034141 0.0221692 0.0335252 0.0025449 0.0035599 0.0835759 0.0631640 0.0252506 0.0009867 0.0153392 0.0164120 0.4614102
 25 T  25 0.0852647 0.0141862 0.0447472 0.0299806 0.0010815 0.0228510 0.0294930 0.0129937 0.0058080 0.0149613 0.0273930 0.0138925 0.0097992 0.0024516 0.0299351 0.0873006 0.0592053 0.0060498 0.0055412 0.0359365 0.4611281
 26 T  26 0.0275588 0.0320514 0.0174190 0.0421492 0.0056746 0.0267031 0.0174582 0.0520750 0.0026924 0.0054908 0.0194732 0.0188392 0.0079165 0.0019351 0.0656226 0.0952844 0.0771961 0.0000000 0.0099603 0.0083556 0.4661445
 27 H  27 0.0462027 0.0864433 0.0408893 0.0288275 0.0010972 0.0336410 0.0225782 0.0136772 0.0600298 0.0170782 0.0134832 0.0127546 0.0032746 0.0119425 0.0380766 0.0420555 0.0433435 0.0000000 0.0201236 0.0096893 0.4547923
 28 Y  28 0.0342614 0.0250536 0.0171687 0.0187950 0.0108121 0.0625018 0.0182664 0.0084844 0.0302186 0.0309961 0.0154839 0.0049900 0.0123374 0.0155358 0.0220131 0.0817955 0.0266158 0.0114586 0.0816593 0.0192330 0.4523195
 29 G  29 0.0408010 0.0165364 0.0318734 0.0256211 0.0032124 0.0340029 0.0109777 0.1482505 0.0155474 0.0023521 0.0171681 0.0165467 0.0019160 0.0110723 0.0612661 0.0822972 0.0351227 0.0000000 0.0117315 0.0031516 0.4305529
 30 S  30 0.0555400 0.0075106 0.0261552 0.0227985 0.0094111 0.0136381 0.0297999 0.0285815 0.0120163 0.0051902 0.0185687 0.0077401 0.0000000 0.0037078 0.0697640 0.1503588 0.0720607 0.0257128 0.0098132 0.0114418 0.4201907
 31 L  31 0.0245716 0.0197479 0.0226777 0.0576900 0.0042908 0.0235543 0.0352670 0.0276583 0.0210855 0.0256850 0.0743008 0.0132588 0.0177856 0.0588365 0.0487459 0.0428659 0.0313243 0.0061247 0.0091169 0.0210063 0.4144062
 32 P  32 0.0390828 0.0410298 0.0216560 0.0087608 0.0000000 0.0279618 0.0130325 0.0384565 0.0085186 0.0028120 0.0106817 0.0151571 0.0031102 0.0094172 0.2572750 0.0530124 0.0262138 0.0037570 0.0045184 0.0127028 0.4028435
 33 Q  33 0.0634704 0.0425560 0.0214910 0.0177009 0.0000000 0.0768435 0.0466411 0.0216366 0.0160400 0.0067869 0.0328235 0.0275185 0.0107749 0.0054888 0.0560808 0.0996939 0.0499529 0.0000000 0.0044733 0.0176817 0.3823451
 34 K  34 0.0394256 0.0556351 0.0148517 0.0246549 0.0046228 0.0687060 0.0147095 0.0173277 0.0153525 0.0070239 0.0360044 0.0485702 0.0021122 0.0151118 0.0774228 0.1129393 0.0401854 0.0012025 0.0057188 0.0213600 0.3770628
 35 S  35 0.0663925 0.0257801 0.0383526 0.0103342 0.0012688 0.0375679 0.0370648 0.0637015 0.0174184 0.0097428 0.0229400 0.0102721 0.0070693 0.0126501 0.0480835 0.1151586 0.0500852 0.0012412 0.0452840 0.0105105 0.3690822
 36 Q  36 0.0498337 0.0412870 0.0501214 0.0192407 0.0070678 0.0848216 0.0222158 0.0320457 0.0116578 0.0062523 0.0226948 0.0338650 0.0077956 0.0021975 0.0312206 0.0886040 0.0464164 0.0078966 0.0048937 0.0629540 0.3669179
 37 H  37 0.0400201 0.0501503 0.0210605 0.0312804 0.0015432 0.0704139 0.0353683 0.0253891 0.0661507 0.0096961 0.0223877 0.0271566 0.0027332 0.0018963 0.1110680 0.0745231 0.0224015 0.0000000 0.0178474 0.0087617 0.3601518
 38 G  38 0.0509008 0.0245699 0.0474816 0.0213650 0.0027847 0.0374431 0.0238016 0.1009318 0.0098393 0.0303846 0.0321008 0.0271287 0.0071954 0.0136792 0.0557168 0.0659460 0.0303485 0.0043585 0.0243159 0.0342059 0.3555021
 39 R  39 0.0765227 0.0550743 0.0195129 0.0174039 0.0036574 0.0417963 0.0172244 0.0365954 0.0245401 0.0120695 0.0211303 0.0293767 0.0218466 0.0057755 0.0851860 0.1024744 0.0459211 0.0030373 0.0164905 0.0272256 0.3371392
 40 T  40 0.0725839 0.0134306 0.0131760 0.0112069 0.0034846 0.0230334 0.0330103 0.0519511 0.0078352 0.0180272 0.0206157 0.0129295 0.0079838 0.0101433 0.0505517 0.1566173 0.1039826 0.0000000 0.0165748 0.0402377 0.3326245
 41 Q  41 0.0548013 0.0215725 0.0375776 0.0257849 0.0033023 0.0980127 0.0319484 0.0204456 0.0321951 0.0171525 0.0478626 0.0453766 0.0063056 0.0303300 0.0836860 0.0458789 0.0254117 0.0030882 0.0106972 0.0314454 0.3271248
 42 D  42 0.0600413 0.0298343 0.0390672 0.0928903 0.0018241 0.0579721 0.0176179 0.0176067 0.0059625 0.0097952 0.0261139 0.0337252 0.0058349 0.0142174 0.0811882 0.0815078 0.0604504 0.0025603 0.0149075 0.0293672 0.3175155
 43 E  43 0.0512996 0.0361761 0.0374995 0.0514007 0.0042170 0.0474997 0.0532552 0.0303509 0.0222010 0.0239662 0.0275639 0.0258156 0.0066098 0.0170517 0.0741029 0.0758757 0.0639246 0.0000000 0.0151221 0.0225529 0.3135148
 44 N  44 0.0427931 0.0190742 0.0951077 0.0325921 0.0057885 0.0737835 0.0320631 0.0340029 0.0120291 0.0233102 0.0525977 0.0204007 0.0058518 0.0189905 0.0414391 0.1124919 0.0390671 0.0031124 0.0070815 0.0191609 0.3092620
 45 P  45 0.0254759 0.0124613 0.0254055 0.0332236 0.0000000 0.0344050 0.0226458 0.0376847 0.0149373 0.0059799 0.0164451 0.0447483 0.0034884 0.0049186 0.2250776 0.1115860 0.0429456 0.0000000 0.0136275 0.0160567 0.3088872
 46 V  46 0.0735276 0.0282556 0.0368625 0.0183016 0.0043553 0.0457817 0.0214675 0.0375547 0.0108722 0.0257295 0.0283781 0.0279948 0.0046446 0.0151022 0.0927993 0.0909615 0.0522659 0.0000000 0.0149367 0.0852015 0.2850071
 47 V  47 0.0827269 0.0285601 0.0403483 0.0287614 0.0028541 0.0424261 0.0346037 0.1115068 0.0046966 0.0175851 0.0228927 0.0158603 0.0060671 0.0097923 0.0318354 0.0773381 0.0654194 0.0010627 0.0214932 0.0700594 0.2841104
 48 H  48 0.0861845 0.0144875 0.0534158 0.0282320 0.0000000 0.0756324 0.0321707 0.0399631 0.0652934 0.0082848 0.0096806 0.0139981 0.0121839 0.0057427 0.0577894 0.1036880 0.0467283 0.0202799 0.0206375 0.0218032 0.2838042
 49 F  49 0.0907952 0.0292436 0.0165286 0.0163260 0.0020904 0.0587671 0.0212618 0.0333088 0.0112687 0.0255303 0.0399467 0.0166448 0.0173420 0.0924199 0.0625320 0.0967530 0.0323465 0.0050096 0.0358627 0.0387493 0.2572730
 50 F  50 0.0462810 0.0473256 0.0383597 0.0278363 0.0046262 0.0646465 0.0316427 0.0628692 0.0203138 0.0241511 0.0368643 0.0259860 0.0096936 0.0385981 0.0761946 0.1057619 0.0350310 0.0041930 0.0246310 0.0285015 0.2464929
 51 K  51 0.0611476 0.0607855 0.0560891 0.0323672 0.0012830 0.0625472 0.0227556 0.0314373 0.0113019 0.0070322 0.0143252 0.0683121 0.0125766 0.0092504 0.0842702 0.1540235 0.0594529 0.0000000 0.0058553 0.0166260 0.2285612
 52 N  52 0.0867538 0.0544712 0.0922243 0.0316558 0.0023909 0.0681777 0.0411690 0.0502516 0.0150800 0.0016048 0.0127246 0.0255297 0.0110187 0.0059955 0.0683298 0.1341864 0.0506509 0.0025915 0.0113093 0.0168715 0.2170130
 53 I  53 0.0512924 0.0462213 0.0242128 0.0169760 0.0009223 0.0634642 0.0097338 0.0374964 0.0322865 0.0353411 0.0428568 0.0362853 0.0134195 0.0250890 0.0879038 0.1169983 0.0513999 0.0077757 0.0472758 0.0420423 0.2110067
 54 V  54 0.0862079 0.0270768 0.0240405 0.0118225 0.0044168 0.0358296 0.0191938 0.0555057 0.0119836 0.0298238 0.0270299 0.0250667 0.0087809 0.0015621 0.0680444 0.1675755 0.0640292 0.0000000 0.0171916 0.1016352 0.2131836
 55 T  55 0.0936581 0.0462039 0.0461955 0.0184285 0.0022904 0.0486158 0.0300148 0.0388163 0.0249544 0.0085058 0.0201914 0.0483113 0.0164409 0.0140346 0.0421300 0.1402559 0.0999947 0.0000000 0.0122485 0.0375939 0.2111151
 56 P  56 0.0820748 0.0123541 0.0302796 0.0135718 0.0009331 0.0461302 0.0232359 0.0880819 0.0046043 0.0057136 0.0315884 0.0231028 0.0104890 0.0030896 0.2084553 0.1061940 0.0563540 0.0000000 0.0123746 0.0248679 0.2165053
 57 R  57 0.0797650 0.1077080 0.0239815 0.0188070 0.0010295 0.0669689 0.0241909 0.0523845 0.0065632 0.0239676 0.0519010 0.0254811 0.0075021 0.0137243 0.0825895 0.1251834 0.0330665 0.0021958 0.0110029 0.0321885 0.2097986
 58 T  58 0.0974009 0.0577062 0.0204394 0.0229901 0.0011926 0.0580026 0.0158254 0.0386853 0.0105057 0.0103115 0.0311082 0.0256341 0.0136448 0.0141761 0.0584918 0.1446885 0.1124281 0.0063300 0.0147849 0.0373465 0.2083073
 59 P  59 0.0663273 0.0251086 0.0179946 0.0055980 0.0016349 0.0752068 0.0089757 0.0244477 0.0057642 0.0093008 0.0122145 0.0215510 0.0136098 0.0087450 0.2973088 0.1150559 0.0657013 0.0012541 0.0059283 0.0174581 0.2008145
 60 P  60 0.0867502 0.0279786 0.0251640 0.0197287 0.0083524 0.0494257 0.0368760 0.0474206 0.0081040 0.0092877 0.0299688 0.0376961 0.0101457 0.0058323 0.1947039 0.1033810 0.0537003 0.0000000 0.0121321 0.0307472 0.2026048
 61 P  61 0.0878909 0.0119675 0.0219798 0.0249681 0.0048776 0.0318628 0.0262109 0.0254260 0.0222401 0.0094676 0.0423040 0.0212220 0.0090324 0.0089117 0.2603843 0.0714641 0.0538223 0.0009568 0.0037202 0.0513724 0.2099186
 62 S  62 0.0790294 0.0246155 0.0187020 0.0194708 0.0019377 0.0290705 0.0238112 0.0445557 0.0172304 0.0297770 0.0352115 0.0188227 0.0173345 0.0145271 0.0995026 0.1887177 0.0469260 0.0043568 0.0186739 0.0713940 0.1963328
 63 Q  63 0.0689268 0.0402786 0.0287251 0.0266400 0.0051848 0.0797403 0.0364477 0.0480600 0.0254924 0.0224622 0.0308865 0.0414540 0.0077190 0.0214513 0.1105000 0.1092274 0.0484213 0.0065489 0.0120887 0.0337469 0.1959981
 64 G  64 0.0566774 0.0578300 0.0340424 0.0266193 0.0024370 0.0567601 0.0252750 0.1728103 0.0181317 0.0133140 0.0228950 0.0202675 0.0097488 0.0084443 0.0898413 0.0736644 0.0604359 0.0000000 0.0190826 0.0377054 0.1940180
 65 K  65 0.0491805 0.0380659 0.0450620 0.0356180 0.0131902 0.0623966 0.0397453 0.0450494 0.0224464 0.0268882 0.0432579 0.0477692 0.0251785 0.0200639 0.0917610 0.0785310 0.0367040 0.0072231 0.0176020 0.0459803 0.2082868
 66 G  66 0.0502615 0.0271310 0.0427606 0.0179806 0.0047756 0.0612385 0.0341086 0.0728862 0.0242478 0.0349187 0.0255822 0.0307170 0.0115403 0.0198396 0.0953476 0.0768401 0.0597640 0.0062226 0.0264016 0.0546011 0.2228351
 67 R  67 0.0401441 0.0751775 0.0388127 0.0196089 0.0018241 0.0454623 0.0165433 0.0418677 0.0126119 0.0284760 0.0208028 0.0568676 0.0041016 0.0050608 0.1408846 0.1185098 0.0645263 0.0000000 0.0118125 0.0420481 0.2148574
 68 G  68 0.0830948 0.0288488 0.0200483 0.0193996 0.0015888 0.0207428 0.0343085 0.0674750 0.0109062 0.0184278 0.0402634 0.0305283 0.0045111 0.0138475 0.2142428 0.0904530 0.0633381 0.0000000 0.0098576 0.0272489 0.2008686
 69 L  69 0.1178127 0.0324597 0.0156171 0.0172075 0.0013870 0.0431407 0.0224344 0.0581039 0.0203114 0.0159667 0.0661728 0.0503822 0.0070924 0.0064026 0.1624578 0.0892489 0.0429405 0.0007118 0.0062096 0.0368875 0.1870527
 70 S  70 0.0545937 0.0627350 0.0344281 0.0345103 0.0034589 0.0387251 0.0516884 0.0671421 0.0079289 0.0108105 0.0268633 0.0323836 0.0075909 0.0015612 0.1546442 0.1257543 0.0712864 0.0098350 0.0014429 0.0333019 0.1693152
 71 M  71 0.0759993 0.0314828 0.0274940 0.0187035 0.0029309 0.0726454 0.0339418 0.0225662 0.0314008 0.0251628 0.0298455 0.0812920 0.0232818 0.0038044 0.1603200 0.0941346 0.0668209 0.0013449 0.0128449 0.0294132 0.1545702
 72 V  72 0.1027858 0.0165725 0.0149174 0.0159975 0.0015400 0.0552112 0.0677708 0.0434562 0.0166272 0.0174244 0.0416943 0.0281361 0.0131245 0.0027806 0.1621520 0.0978440 0.1093859 0.0007194 0.0012179 0.0516917 0.1389504
 73 Q  73 0.0790136 0.0495852 0.0276692 0.0298206 0.0041140 0.0847241 0.0709400 0.0409286 0.0083780 0.0181186 0.0261041 0.0693837 0.0189305 0.0053972 0.1524204 0.0897251 0.0392025 0.0000000 0.0107628 0.0393928 0.1353889
 74 I  74 0.0710844 0.0174294 0.0442963 0.0342808 0.0046306 0.0526993 0.0263704 0.0395650 0.0197795 0.0298497 0.0806173 0.0346890 0.0135208 0.0152153 0.1744952 0.0651364 0.0966611 0.0035082 0.0015335 0.0494950 0.1251428
 75 S  75 0.0606194 0.0406246 0.0367341 0.0480198 0.0123623 0.0642077 0.0919427 0.0981934 0.0418775 0.0206170 0.0117684 0.0568210 0.0112704 0.0125305 0.0774092 0.0963478 0.0457463 0.0000000 0.0173965 0.0487386 0.1067728
 76 V  76 0.0522636 0.0379629 0.0357605 0.0234595 0.0182084 0.0382799 0.0343274 0.1086165 0.0141780 0.0377936 0.0917532 0.0516031 0.0217112 0.0081392 0.0857999 0.0415729 0.0409013 0.0185240 0.0158330 0.1119993 0.1113123
 77 T  77 0.0297148 0.0644327 0.0733864 0.0261792 0.0416678 0.0303535 0.1277067 0.0395230 0.0103398 0.0215185 0.0382607 0.0976312 0.0141904 0.0065354 0.1275170 0.0467741 0.0784211 0.0021441 0.0017612 0.0369748 0.0849675
 78 L  78 0.0195538 0.1137694 0.0059000 0.0052280 0.0234663 0.1095545 0.0485920 0.0194449 0.0190087 0.0750822 0.0878715 0.1123333 0.0310307 0.0269574 0.0311000 0.0229835 0.0741796 0.0069219 0.0443153 0.0791124 0.0435944
 79 F  79 0.2042646 0.0012453 0.0000000 0.0000000 0.0967571 0.0106860 0.0018772 0.0071338 0.0064174 0.0019030 0.0071418 0.0000000 0.0045769 0.1158007 0.0013238 0.0000000 0.0024818 0.0050569 0.2000809 0.3079448 0.0253081
 80 V  80 0.0000000 0.3061085 0.0000000 0.0000000 0.0018872 0.0609022 0.0142780 0.0000000 0.0000000 0.1098954 0.0330264 0.1524134 0.0106599 0.0000000 0.0000000 0.0054549 0.0560799 0.0000000 0.0000000 0.2338848 0.0154094
 81 A  81 0.8517838 0.0000000 0.0000000 0.0000000 0.0146134 0.0000000 0.0000000 0.0123205 0.0000000 0.0000000 0.0123354 0.0000000 0.0000000 0.0000000 0.0123689 0.0057029 0.0123037 0.0000000 0.0000000 0.0679408 0.0106306
 82 L  82 0.0042621 0.0196511 0.0040437 0.0000000 0.0008364 0.0153325 0.0118676 0.0106860 0.0000000 0.0842557 0.6289913 0.0487139 0.0993393 0.0000000 0.0000000 0.0035697 0.0082391 0.0000000 0.0000000 0.0485467 0.0116649
 83 Y  83 0.0203960 0.0028986 0.0015391 0.0000000 0.0205920 0.0031951 0.0000000 0.0000000 0.0245906 0.0011536 0.0000000 0.0000000 0.0000000 0.1480277 0.0000000 0.0024220 0.0040114 0.0065444 0.7347712 0.0181935 0.0116649
 84 D  84 0.0651924 0.0137257 0.0828465 0.4568645 0.0000000 0.0356919 0.0302869 0.0149163 0.0027652 0.0000000 0.0006392 0.0117001 0.0000000 0.0000000 0.1113991 0.1062597 0.0513698 0.0000000 0.0024820 0.0030998 0.0107610
 85 Y  85 0.0000000 0.0031951 0.0000000 0.0000000 0.0023829 0.0000000 0.0000000 0.0000000 0.0026747 0.0000000 0.0167295 0.0000000 0.0000000 0.3188772 0.0000000 0.0000000 0.0000000 0.0316969 0.6142118 0.0000000 0.0102318
 86 E  86 0.0438274 0.0468646 0.0457774 0.1152175 0.0015038 0.0865669 0.2413450 0.0152282 0.0056629 0.0267356 0.0099716 0.0936007 0.0138068 0.0010728 0.0225353 0.0547275 0.1085943 0.0009979 0.0076659 0.0474407 0.0108570
 87 A  87 0.5582091 0.0021729 0.0010631 0.0000000 0.0000000 0.0192436 0.0031691 0.1389146 0.0000000 0.0035723 0.0024862 0.0054954 0.0047602 0.0000000 0.1776980 0.0689703 0.0013696 0.0000000 0.0000000 0.0039620 0.0089137
 88 R  88 0.0829837 0.1888140 0.0336198 0.0546282 0.0030008 0.2536797 0.0566122 0.0223150 0.0165117 0.0206816 0.0048784 0.0671703 0.0168300 0.0000000 0.0043349 0.0500876 0.0864156 0.0026627 0.0065149 0.0210958 0.0071633
 89 T  89 0.0483455 0.0263842 0.1598136 0.1631490 0.0000000 0.0542445 0.1869994 0.0482120 0.0377662 0.0034215 0.0110862 0.0679663 0.0052053 0.0015799 0.0008117 0.0693697 0.1072164 0.0000000 0.0000000 0.0026894 0.0057392
 90 E  90 0.0839825 0.0196059 0.0256757 0.1495449 0.0022453 0.0380859 0.2642650 0.0109837 0.0326120 0.0049010 0.0105479 0.0201494 0.0019559 0.0000000 0.1680620 0.0953141 0.0362685 0.0000000 0.0019564 0.0273153 0.0065285
 91 D  91 0.0149453 0.0225186 0.0893219 0.4599476 0.0082977 0.0136960 0.0949005 0.1916965 0.0036987 0.0015572 0.0070807 0.0171121 0.0021670 0.0000000 0.0015756 0.0150496 0.0344374 0.0000000 0.0045455 0.0117129 0.0057392
 92 D  92 0.0046508 0.0000000 0.0024110 0.3045174 0.0044468 0.0570070 0.5605268 0.0000000 0.0324162 0.0000000 0.0000000 0.0024862 0.0000000 0.0000000 0.0000000 0.0150668 0.0014218 0.0000000 0.0106860 0.0000000 0.0043632
 93 L  93 0.0000000 0.0000000 0.0000000 0.0000000 0.0108616 0.0000000 0.0000000 0.0000000 0.0000000 0.0404234 0.8517954 0.0111823 0.0131496 0.0000000 0.0000000 0.0000000 0.0023019 0.0000000 0.0000000 0.0659227 0.0043632
 94 S  94 0.0438210 0.0080145 0.0441287 0.0266614 0.0037016 0.0169147 0.0939361 0.0615499 0.0034719 0.0005936 0.0016604 0.0262272 0.0008143 0.0023019 0.0335895 0.4758722 0.1453413 0.0000000 0.0023950 0.0046414 0.0043632
 95 F  95 0.0106860 0.0000000 0.0000000 0.0000000 0.0000000 0.0000000 0.0000000 0.0000000 0.0000000 0.0365832 0.2600561 0.0000000 0.0102303 0.6693728 0.0000000 0.0000000 0.0000000 0.0000000 0.0000000 0.0087084 0.0043632
 96 H  96 0.0206846 0.1728772 0.0860549 0.0173635 0.0137581 0.1413626 0.0680816 0.0062975 0.0551693 0.0045873 0.0146384 0.2245918 0.0042718 0.0082787 0.0066996 0.0660020 0.0523363 0.0000000 0.0006445 0.0319371 0.0043632
 97 K  97 0.1034678 0.0530949 0.0040182 0.0452686 0.0020733 0.0172300 0.1523037 0.0000000 0.0000000 0.0049440 0.0014806 0.4928931 0.0014479 0.0000000 0.0658666 0.0117529 0.0117261 0.0000000 0.0017985 0.0306340 0.0000000
 98 G  98 0.0027551 0.0043751 0.0610985 0.0666109 0.0000000 0.0068071 0.0019169 0.8272622 0.0075082 0.0000000 0.0000000 0.0000000 0.0000000 0.0000000 0.0000000 0.0199823 0.0016838 0.0000000 0.0000000 0.0000000 0.0000000
 99 E  99 0.0302677 0.0000000 0.0041617 0.6248785 0.0027838 0.0588140 0.2425911 0.0016099 0.0000000 0.0000000 0.0015799 0.0000000 0.0020633 0.0000000 0.0000000 0.0118991 0.0037230 0.0000000 0.0037817 0.0011604 0.0106860
100 K 100 0.0111620 0.0894606 0.0014638 0.0012072 0.0008483 0.0360197 0.0433663 0.0110133 0.0145287 0.3009013 0.0833529 0.0707325 0.0420454 0.0061148 0.0015799 0.0025868 0.0494140 0.0000000 0.0111965 0.2123202 0.0106860
101 F 101 0.0000000 0.0000000 0.0000000 0.0000000 0.0000000 0.0000000 0.0000000 0.0000000 0.0000000 0.5912799 0.1446656 0.0000000 0.0294685 0.0406866 0.0000000 0.0000000 0.0000000 0.0000000 0.0384461 0.1432662 0.0121871
102 Q 102 0.0300959 0.0628668 0.0331901 0.0512009 0.0065632 0.0820267 0.1197069 0.0006351 0.0279275 0.0558382 0.0848147 0.0474812 0.0263297 0.0318538 0.0000000 0.0257117 0.1647452 0.0011350 0.0575209 0.0765855 0.0137712
103 I 103 0.0036706 0.0000000 0.0610303 0.0116930 0.0010890 0.0009811 0.0071805 0.0036237 0.0011222 0.2540097 0.1012323 0.0136714 0.0000000 0.0028663 0.0019780 0.0000000 0.0019030 0.0000000 0.0000000 0.5232628 0.0106860
104 L 104 0.0047376 0.0536610 0.0012327 0.0090339 0.0048967 0.0055884 0.0000000 0.0008788 0.0385698 0.1570835 0.3928236 0.0051729 0.0427977 0.0206564 0.0009631 0.0101975 0.0880528 0.0007844 0.0155022 0.1278849 0.0194820
105 N 105 0.0133926 0.0978220 0.1058421 0.1013865 0.0010176 0.0865052 0.2810840 0.0273286 0.0052909 0.0017097 0.0050518 0.1446465 0.0062737 0.0000000 0.0000000 0.0679526 0.0308350 0.0000000 0.0058320 0.0007984 0.0172308
106 S 106 0.0169324 0.1082615 0.0469644 0.0662048 0.0019380 0.1631204 0.0951973 0.0034823 0.0084902 0.0046113 0.0000000 0.3119546 0.0123737 0.0040838 0.0139742 0.0578361 0.0120277 0.0000000 0.0384797 0.0152324 0.0188350
107 S 107 0.0155874 0.0217752 0.0639158 0.0961264 0.0679664 0.0393782 0.0556157 0.0082290 0.0222602 0.0950588 0.0304228 0.0058781 0.0277204 0.0014511 0.0047653 0.1435022 0.1073554 0.0000000 0.0125554 0.1251817 0.0552544
108 E 108 0.0232115 0.0036244 0.0631589 0.4462980 0.0000000 0.1010991 0.2007666 0.0034195 0.0062718 0.0014358 0.0007549 0.0152824 0.0000000 0.0013662 0.0284180 0.0241044 0.0122763 0.0000000 0.0326785 0.0000000 0.0358336
109 G 109 0.0347595 0.0146154 0.0408610 0.2048497 0.0031287 0.0180652 0.1933173 0.1817994 0.0019258 0.0018515 0.0065250 0.0458844 0.0057999 0.0000000 0.0941715 0.1019354 0.0176729 0.0000000 0.0000000 0.0057396 0.0270980
110 D 110 0.0058582 0.0028943 0.1610338 0.2631995 0.0000000 0.0189067 0.0667829 0.3936388 0.0240390 0.0009660 0.0046632 0.0029056 0.0151183 0.0000000 0.0041355 0.0177142 0.0008191 0.0000000 0.0000000 0.0011457 0.0161792
111 W 111 0.0000000 0.0000000 0.0016656 0.0000000 0.0000000 0.0000000 0.0154852 0.0177114 0.0000000 0.0000000 0.0000000 0.0000000 0.0016854 0.0000000 0.0000000 0.0000000 0.0031951 0.9495714 0.0000000 0.0000000 0.0106860
112 W 112 0.0017181 0.0015012 0.0000000 0.0000000 0.0053840 0.0000000 0.0000000 0.0000000 0.0000000 0.0045576 0.0491007 0.0000000 0.0554162 0.0783083 0.0000000 0.0012970 0.0000000 0.6628817 0.0966407 0.0033443 0.0398504
113 E 113 0.0132498 0.0991709 0.0025708 0.0175428 0.0265867 0.0412144 0.1651946 0.0048022 0.0296817 0.0097171 0.0744113 0.2088719 0.0231216 0.0484436 0.0000000 0.0081357 0.0899688 0.0033919 0.0709159 0.0316807 0.0313276
114 A 114 0.1712949 0.0024389 0.0000000 0.0000000 0.0016765 0.0000000 0.0154852 0.7535092 0.0000000 0.0000000 0.0000000 0.0091185 0.0050888 0.0000000 0.0000000 0.0019780 0.0000000 0.0000000 0.0000000 0.0257886 0.0136213
115 R 115 0.0195100 0.2437418 0.0014071 0.0023051 0.0080098 0.0345246 0.2374738 0.0216543 0.0082491 0.0029697 0.0112078 0.0666094 0.0097374 0.0021914 0.0000000 0.0178758 0.1548586 0.0000000 0.0081632 0.0275656 0.1219455
116 S 116 0.0071536 0.0156599 0.0692597 0.0298420 0.0149756 0.0036210 0.0061540 0.0190610 0.0575623 0.0876507 0.0781778 0.0048337 0.0020756 0.0080456 0.0000000 0.1950242 0.0062126 0.0007142 0.0000000 0.1049847 0.2889919
117 L 117 0.0190152 0.0269615 0.0058028 0.0085746 0.0050669 0.1232614 0.0475831 0.0257513 0.0075208 0.0238870 0.1719809 0.0353818 0.0434177 0.0036266 0.0097221 0.0681346 0.0092815 0.0000000 0.0103838 0.0351136 0.3195328
118 T 118 0.0575885 0.1798922 0.0123076 0.0355866 0.0217554 0.0139167 0.0141122 0.0249332 0.0181749 0.0224940 0.2049868 0.0503806 0.0181226 0.0039487 0.0096399 0.0444427 0.0529254 0.0000000 0.0131996 0.0256025 0.1759899
119 T 119 0.0040015 0.0984636 0.2182058 0.0342327 0.0000000 0.0011662 0.0041910 0.0923328 0.0645099 0.0000000 0.0013191 0.0296407 0.0007989 0.0000000 0.0025210 0.0641122 0.2904586 0.0000000 0.0000000 0.0000000 0.0940460
120 G 120 0.0033822 0.0240633 0.0378129 0.0522625 0.0000000 0.0221736 0.0061349 0.7306025 0.0015499 0.0000000 0.0048323 0.0279092 0.0012179 0.0000000 0.0000000 0.0229282 0.0018941 0.0000000 0.0000000 0.0000000 0.0632364
121 E 121 0.0200282 0.2165286 0.0297120 0.0107408 0.0045938 0.2085197 0.0329308 0.0188765 0.0233599 0.0226460 0.0189728 0.2523402 0.0131455 0.0000000 0.0022990 0.0143385 0.0129624 0.0000000 0.0045135 0.0574551 0.0360365
122 T 122 0.0101148 0.0558697 0.0047969 0.0029947 0.0056087 0.0641559 0.1928834 0.0011053 0.0221167 0.0780990 0.0144915 0.0601771 0.0067906 0.0405615 0.0000000 0.0819767 0.2170177 0.0000000 0.0021128 0.1213805 0.0177467
123 G 123 0.0032173 0.0000000 0.0000000 0.0000000 0.0000000 0.0000000 0.0000000 0.9704393 0.0000000 0.0000000 0.0076755 0.0000000 0.0000000 0.0000000 0.0000000 0.0000000 0.0000000 0.0000000 0.0000000 0.0000000 0.0186680
124 Y 124 0.0000000 0.0000000 0.0020536 0.0000000 0.0013623 0.0071838 0.0011479 0.0000000 0.0026207 0.1987377 0.2000178 0.0011045 0.0721064 0.0639295 0.0000000 0.0015977 0.0311498 0.1868345 0.1469502 0.0668407 0.0163629
125 I 125 0.0031879 0.0000000 0.0000000 0.0000000 0.0000000 0.0000000 0.0000000 0.0000000 0.0000000 0.1416840 0.0588523 0.0000000 0.0000000 0.7107289 0.0000000 0.0000000 0.0000000 0.0000000 0.0136714 0.0564978 0.0153778
126 P 126 0.0000000 0.0000000 0.0000000 0.0000000 0.0000000 0.0000000 0.0000000 0.0000000 0.0000000 0.0000000 0.0000000 0.0000000 0.0000000 0.0000000 0.9790223 0.0000000 0.0000000 0.0000000 0.0000000 0.0025692 0.0184084
127 S 127 0.2422565 0.0290279 0.0151269 0.0090307 0.0111572 0.0053638 0.0210941 0.1361227 0.0022669 0.0295235 0.0441605 0.0504079 0.0008286 0.0079565 0.0000000 0.3216337 0.0156666 0.0066760 0.0042515 0.0273548 0.0200938
128 N 128 0.0149074 0.0000000 0.7569115 0.0073630 0.0000000 0.0000000 0.0016113 0.0000000 0.0000000 0.0008866 0.0117340 0.0010126 0.0000000 0.0000000 0.0011288 0.1502184 0.0326519 0.0000000 0.0000000 0.0014806 0.0200938
129 Y 129 0.0000000 0.0016366 0.0000000 0.0000000 0.0000000 0.0000000 0.0000000 0.0000000 0.0130787 0.0000000 0.0000000 0.0000000 0.0000000 0.1134133 0.0000000 0.0069717 0.0000000 0.0000000 0.8448058 0.0000000 0.0200938
130 V 130 0.0157454 0.0000000 0.0000000 0.0000000 0.0149786 0.0000000 0.0000000 0.0000000 0.0000000 0.0529581 0.0092400 0.0000000 0.0056615 0.0000000 0.0000000 0.0000000 0.0091710 0.0000000 0.0000000 0.8679702 0.0242752
131 A 131 0.1742741 0.0297018 0.0016251 0.0068685 0.0015252 0.1054018 0.3240792 0.0077570 0.0010384 0.0111998 0.0045885 0.1465883 0.0044984 0.0000000 0.0000000 0.0162699 0.1011301 0.0000000 0.0000000 0.0076968 0.0557572
132 P 132 0.0485327 0.0457979 0.0065206 0.0044356 0.0083166 0.0063525 0.1023828 0.0052738 0.0023991 0.0487770 0.0847662 0.1073388 0.0169195 0.0080360 0.2379294 0.0103345 0.0057629 0.0000000 0.0018457 0.0887858 0.1594924
133 V 133 0.0262413 0.0033433 0.0107864 0.0231427 0.0207671 0.0069018 0.0208069 0.0014310 0.0027757 0.2658221 0.1473236 0.0215058 0.0208305 0.0068058 0.0000000 0.0081559 0.0138873 0.0007526 0.0142292 0.1956564 0.1888347
134 D 134 0.0146675 0.0190346 0.0671313 0.0865997 0.0022864 0.0475437 0.0512870 0.0190149 0.0019987 0.0020065 0.0172488 0.0793855 0.0025681 0.0126358 0.0553832 0.0677671 0.0580784 0.0000000 0.0000000 0.0161687 0.3791942
135 R 135 0.0200744 0.0483127 0.0146304 0.0479921 0.0000000 0.0143575 0.0587438 0.0355398 0.0014964 0.0013450 0.0068158 0.0057334 0.0000000 0.0000000 0.0470587 0.2200398 0.0337702 0.0000000 0.0010385 0.0122528 0.4307986
136 L 136 0.0288612 0.0000000 0.0221968 0.0167380 0.0023167 0.0070716 0.0133562 0.0065221 0.0023109 0.0673390 0.1159657 0.0222032 0.0093442 0.0010314 0.0690356 0.0495521 0.0349142 0.0000000 0.0049602 0.0520883 0.4741924
137 D 137 0.0110416 0.0034637 0.0163370 0.0647518 0.0010196 0.0505947 0.1677150 0.0083483 0.0026991 0.0026562 0.0008484 0.0217335 0.0045874 0.0000000 0.0690206 0.0379815 0.0420323 0.0000000 0.0000000 0.0100543 0.4851150
138 Y 138 0.1235033 0.0046986 0.0145384 0.0034205 0.0027904 0.0399057 0.0162301 0.0015195 0.0056258 0.0127800 0.0120091 0.0251270 0.0026677 0.0034978 0.0445922 0.0609625 0.0508109 0.0000000 0.0101791 0.0407783 0.5243633
139 K 139 0.0310649 0.0122127 0.0293839 0.0066284 0.0000000 0.0368850 0.1646157 0.0082491 0.0035821 0.0029492 0.0229085 0.0218269 0.0013947 0.0006481 0.0471076 0.0322772 0.0149445 0.0009529 0.0061585 0.0018170 0.5543931
140 D 140 0.0202808 0.0154276 0.0065403 0.0520368 0.0000000 0.0077222 0.1181436 0.0066891 0.0000000 0.0118547 0.0105180 0.0166452 0.0016065 0.0059425 0.0879012 0.0231332 0.0216695 0.0000000 0.0000000 0.0039795 0.5899092
141 D 141 0.0069739 0.0014792 0.0199691 0.0179804 0.0000000 0.0117800 0.0286991 0.0035834 0.0014964 0.0061690 0.0305617 0.0073367 0.0158972 0.0000000 0.0873249 0.0351294 0.0089002 0.0747289 0.0000000 0.0039982 0.6379923
142 D 142 0.0088241 0.0034089 0.0047606 0.0351061 0.0000000 0.0581003 0.0442872 0.0013744 0.0067386 0.0130599 0.0272461 0.0000000 0.0098132 0.0283734 0.0261208 0.0103149 0.0082851 0.0013766 0.0530658 0.0009868 0.6587571
143 D 143 0.0074429 0.0290448 0.0032778 0.0247596 0.0184712 0.0109876 0.0267584 0.0161237 0.0000000 0.0072262 0.0043104 0.0336234 0.0042269 0.0302124 0.0273859 0.0210297 0.0114757 0.0000000 0.0072824 0.0075830 0.7087781
144 K 144 0.0101377 0.0209895 0.0105851 0.0008066 0.0000000 0.0215108 0.0391143 0.0051075 0.0013651 0.0134148 0.0052339 0.1162581 0.0022450 0.0000000 0.0188661 0.0182241 0.0057094 0.0020633 0.0000000 0.0016911 0.7066776
145 H 145 0.0677593 0.0134394 0.0110825 0.0000000 0.0019617 0.0249378 0.0043282 0.0000000 0.0348491 0.0022688 0.0036128 0.0033984 0.0000000 0.0017727 0.0172844 0.0091719 0.0076110 0.0014964 0.0253267 0.0048523 0.7648464
146 H 146 0.0132892 0.0059394 0.0022554 0.0046754 0.0000000 0.0583122 0.0282745 0.0104087 0.0100420 0.0044611 0.0303008 0.0053545 0.0000000 0.0000000 0.0014295 0.0309333 0.0112655 0.0000000 0.0000000 0.0073161 0.7757424
147 H 147 0.0000000 0.0000000 0.0092663 0.0078956 0.0000000 0.0110142 0.0165061 0.0030385 0.0135435 0.0023761 0.0000000 0.0023333 0.0147695 0.0000000 0.0027213 0.0018516 0.0030856 0.0572797 0.0659205 0.0000000 0.7883982
148 H 148 0.0000000 0.0015896 0.0155430 0.0000000 0.0000000 0.0019184 0.0330526 0.0000000 0.0040532 0.0000000 0.0032024 0.0042426 0.0000000 0.0028103 0.0000000 0.0000000 0.0000000 0.0000000 0.0636510 0.0035365 0.8664004
149 H 149 0.0044653 0.0000000 0.0051235 0.0057864 0.0000000 0.0045268 0.0038877 0.0018066 0.0436320 0.0047524 0.0000000 0.0000000 0.0000000 0.0000000 0.0000000 0.0172175 0.0000000 0.0000000 0.0000000 0.0000000 0.9088018
150 H 150 0.0000000 0.0000000 0.0097435 0.0000000 0.0000000 0.0000000 0.0000000 0.0000000 0.0076503 0.0000000 0.0000000 0.0000000 0.0000000 0.0000000 0.0000000 0.0000000 0.0000000 0.0000000 0.0044653 0.0000000 0.9781410
