  150         A         R         N         D         C         Q         E         G         H         I         L         K         M         F         P         S         T         W         Y         V    
  1 S   1 0.1098760 0.0000000 0.0947865 0.0000000 0.0000000 0.0000000 0.0000000 0.0000000 0.0000000 0.0000000 0.0000000 0.0000000 0.0000000 0.0000000 0.0000000 0.6343828 0.1609547 0.0000000 0.0000000 0.0000000
  2 I   2 0.0099005 0.0874881 0.0000000 0.0000000 0.0000000 0.0115810 0.0435219 0.0499721 0.0000000 0.0569144 0.1098881 0.0797125 0.3937576 0.0121809 0.0127178 0.0145098 0.1178552 0.0000000 0.0000000 0.0000000
  3 G   3 0.0267027 0.0000000 0.0261571 0.0000000 0.0000000 0.0000000 0.0000000 0.8320846 0.0000000 0.0000000 0.0000000 0.0000000 0.0000000 0.0000000 0.0000000 0.1150556 0.0000000 0.0000000 0.0000000 0.0000000
  4 R   4 0.0134244 0.3895175 0.1832704 0.0073684 0.1105995 0.0000000 0.0474105 0.0142276 0.0167949 0.0245080 0.0469184 0.0480397 0.0116309 0.0140250 0.0000000 0.0304861 0.0332208 0.0000000 0.0000000 0.0085579
  5 F   5 0.0371842 0.0500321 0.0452129 0.0109597 0.1515129 0.0000000 0.0186314 0.0709347 0.0821140 0.0783912 0.1204020 0.0113455 0.0051565 0.0315897 0.0615570 0.0535298 0.1083052 0.0071305 0.0219262 0.0340844
  6 F   6 0.0265751 0.0150042 0.0214050 0.0000000 0.0317520 0.0653911 0.0042797 0.0077160 0.0390593 0.0223451 0.1903365 0.0293391 0.0698982 0.1759526 0.0507596 0.1264932 0.0685861 0.0064473 0.0173960 0.0312641
  7 S   7 0.0442166 0.0481529 0.0506871 0.0594103 0.0337806 0.0000000 0.0978003 0.1617032 0.0000000 0.0069850 0.0156148 0.0000000 0.0000000 0.0137851 0.0000000 0.3748231 0.0779318 0.0000000 0.0000000 0.0151092
  8 G   8 0.0407099 0.1145268 0.0298975 0.0000000 0.0106970 0.0064790 0.0203859 0.2167049 0.0034956 0.0039005 0.0000000 0.0848327 0.0367692 0.0000000 0.0891922 0.1780275 0.1138901 0.0036710 0.0087191 0.0381011
  9 D   9 0.0542197 0.0499853 0.0255686 0.0727561 0.0000000 0.1113224 0.1533583 0.0134223 0.0593808 0.0635977 0.0208376 0.0177319 0.0563119 0.0000000 0.0350288 0.1799916 0.0458260 0.0000000 0.0029671 0.0376937
 10 R  10 0.0449013 0.2423256 0.0807247 0.0459467 0.0000000 0.0724019 0.0125168 0.0129140 0.0056520 0.0461973 0.0237048 0.1328648 0.0000000 0.0029623 0.0606712 0.1567986 0.0101196 0.0000000 0.0000000 0.0492984
 11 G  11 0.0729202 0.0819954 0.0311159 0.0493466 0.0027294 0.0738200 0.0554464 0.1267508 0.0844824 0.0197464 0.0060777 0.0321165 0.0291274 0.0043932 0.0489782 0.2509150 0.0238636 0.0000000 0.0000000 0.0061748
 12 A  12 0.1933333 0.0728111 0.0321130 0.0447835 0.0000000 0.0456888 0.0121967 0.0896787 0.0042399 0.0038070 0.0225106 0.0427489 0.0000000 0.0000000 0.0363951 0.2318288 0.0872522 0.0167245 0.0125115 0.0513764
 13 P  13 0.0314644 0.0239695 0.0118279 0.0099328 0.0069541 0.0302819 0.0211162 0.0057498 0.0000000 0.0000000 0.0181163 0.0038196 0.0075842 0.0028567 0.6616259 0.0730401 0.0715245 0.0000000 0.0093592 0.0107768
 14 K  14 0.0987461 0.1306358 0.0467627 0.0308566 0.0025967 0.0455053 0.0726258 0.0468239 0.0221496 0.0000000 0.0345500 0.1452811 0.0057525 0.0000000 0.0677704 0.0954577 0.0693763 0.0102572 0.0032170 0.0716352
 15 R  15 0.0334630 0.1941514 0.0217029 0.0598608 0.0000000 0.0455431 0.0162260 0.0505667 0.0117274 0.0405609 0.0988587 0.1069694 0.0323427 0.0044323 0.0583282 0.1050342 0.0476069 0.0130316 0.0148309 0.0447629
 16 G  16 0.0869468 0.0367448 0.0263881 0.0071155 0.0000000 0.0389625 0.0581915 0.1446557 0.0707804 0.0359619 0.0350371 0.0240182 0.0000000 0.0000000 0.2036555 0.1329682 0.0699989 0.0044280 0.0055262 0.0186209
 17 S  17 0.0797632 0.0371388 0.0384031 0.0305569 0.0045332 0.0345816 0.0230709 0.0502139 0.0433978 0.0254063 0.0860029 0.0196927 0.0104535 0.0022501 0.0335100 0.3263796 0.1347280 0.0000000 0.0071201 0.0127975
 18 G  18 0.0746339 0.0182605 0.0524331 0.0615192 0.0215898 0.0347557 0.0153544 0.1848518 0.0057772 0.0194722 0.0392079 0.0104038 0.0288824 0.0129933 0.0629891 0.2538168 0.0552939 0.0000000 0.0094835 0.0382818
 19 K  19 0.0749667 0.0501503 0.0296954 0.0097153 0.0159510 0.0281112 0.0778210 0.0642892 0.0113638 0.0173670 0.0378104 0.0933256 0.0028111 0.0166997 0.0783828 0.1794018 0.0857920 0.0435050 0.0280427 0.0547980
 20 D  20 0.0410948 0.0749355 0.0585046 0.0901051 0.0082260 0.0454654 0.0662811 0.1001484 0.0096642 0.0000000 0.0547184 0.0469668 0.0087697 0.0099027 0.1209980 0.1627802 0.0750881 0.0000000 0.0107023 0.0156487
 21 S  21 0.1114853 0.0637212 0.0433695 0.0366917 0.0044645 0.0185231 0.0635551 0.1071691 0.0109028 0.0677890 0.0220446 0.0303637 0.0094644 0.0174784 0.0622681 0.2183177 0.0782568 0.0000000 0.0078940 0.0262411
 22 H  22 0.0710086 0.1076356 0.0647804 0.0499442 0.0174214 0.1175889 0.0519635 0.0251245 0.0703627 0.0127519 0.0080630 0.0286005 0.0018833 0.0136790 0.1310327 0.1253140 0.0413667 0.0000000 0.0408874 0.0205917
 23 T  23 0.0979761 0.0448242 0.0922454 0.0386789 0.0044637 0.0478519 0.0252568 0.1018675 0.0165823 0.0067873 0.0383364 0.0270511 0.0038606 0.0020651 0.1440842 0.1495983 0.1156136 0.0028640 0.0043948 0.0355979
 24 R  24 0.1171987 0.1607387 0.0224257 0.0281432 0.0022150 0.0803314 0.0500308 0.0169361 0.0157165 0.0065081 0.0421880 0.0627305 0.0047929 0.0067100 0.1568950 0.1195975 0.0452912 0.0018442 0.0288112 0.0308954
 25 T  25 0.1600923 0.0264433 0.0841362 0.0563492 0.0020415 0.0429784 0.0556965 0.0243945 0.0109445 0.0285484 0.0520901 0.0261559 0.0182842 0.0045488 0.0565924 0.1637157 0.0978539 0.0110197 0.0101855 0.0679292
 26 T  26 0.0522042 0.0619530 0.0329855 0.0770298 0.0107747 0.0509913 0.0330226 0.0976398 0.0050008 0.0104052 0.0370596 0.0355452 0.0151042 0.0036733 0.1243809 0.1809947 0.1362771 0.0000000 0.0190263 0.0159317
 27 H  27 0.0860129 0.1595309 0.0761683 0.0534006 0.0020468 0.0621616 0.0415052 0.0251052 0.1014615 0.0318119 0.0249091 0.0235879 0.0061171 0.0222599 0.0702203 0.0779735 0.0801429 0.0000000 0.0376061 0.0179783
 28 Y  28 0.0634274 0.0455648 0.0317615 0.0345016 0.0198904 0.1136452 0.0339545 0.0156250 0.0560595 0.0583163 0.0284264 0.0091729 0.0227167 0.0284424 0.0413431 0.1508070 0.0491311 0.0205397 0.1413968 0.0352778
 29 G  29 0.0722716 0.0298280 0.0565228 0.0449715 0.0056994 0.0602065 0.0196336 0.2540534 0.0278620 0.0041950 0.0285968 0.0295450 0.0033929 0.0196764 0.1082677 0.1465383 0.0624044 0.0000000 0.0207184 0.0056164
 30 S  30 0.0966988 0.0130414 0.0455779 0.0397479 0.0165187 0.0239273 0.0526613 0.0497746 0.0211172 0.0090628 0.0325573 0.0134696 0.0000000 0.0065527 0.1215738 0.2507725 0.1259698 0.0434454 0.0173811 0.0201499
 31 L  31 0.0424410 0.0344286 0.0396725 0.0995415 0.0075010 0.0404274 0.0607054 0.0478056 0.0365315 0.0445033 0.1199502 0.0226868 0.0306626 0.1006396 0.0837985 0.0738767 0.0520557 0.0103469 0.0157854 0.0366399
 32 P  32 0.0664566 0.0698719 0.0366237 0.0147941 0.0000000 0.0472802 0.0222381 0.0655096 0.0143796 0.0047794 0.0183816 0.0256600 0.0052289 0.0161010 0.4230625 0.0892998 0.0449429 0.0063826 0.0076448 0.0213625
 33 Q  33 0.1035993 0.0700052 0.0351406 0.0288759 0.0000000 0.1148525 0.0763021 0.0353786 0.0267646 0.0113550 0.0542319 0.0436248 0.0178770 0.0088954 0.0923869 0.1628075 0.0818503 0.0000000 0.0072449 0.0288074
 34 K  34 0.0638201 0.0899564 0.0243135 0.0402285 0.0074974 0.1115782 0.0238184 0.0279379 0.0249144 0.0113448 0.0588515 0.0701577 0.0034552 0.0246665 0.1238581 0.1825758 0.0648143 0.0019490 0.0093777 0.0348847
 35 S  35 0.1021609 0.0412990 0.0617840 0.0164752 0.0020611 0.0604713 0.0599129 0.1016364 0.0278793 0.0158122 0.0369185 0.0161855 0.0112301 0.0201707 0.0749670 0.1808774 0.0796398 0.0019935 0.0718196 0.0167057
 36 Q  36 0.0798981 0.0655713 0.0796263 0.0308043 0.0112482 0.1267920 0.0353602 0.0513062 0.0191486 0.0100579 0.0364700 0.0542316 0.0125546 0.0035245 0.0508010 0.1398883 0.0738020 0.0126743 0.0078121 0.0984285
 37 H  37 0.0633311 0.0790320 0.0331509 0.0495285 0.0024626 0.1090255 0.0560472 0.0400226 0.0961932 0.0152894 0.0354514 0.0417387 0.0042747 0.0029676 0.1750749 0.1194106 0.0352260 0.0000000 0.0281114 0.0136617
 38 G  38 0.0809255 0.0385760 0.0746951 0.0335930 0.0043656 0.0589818 0.0372088 0.1493943 0.0153680 0.0471903 0.0501498 0.0424715 0.0111576 0.0213908 0.0871339 0.1025875 0.0479254 0.0069575 0.0381518 0.0517758
 39 R  39 0.1151164 0.0755982 0.0299838 0.0266391 0.0056045 0.0636141 0.0268801 0.0556264 0.0374345 0.0179371 0.0320879 0.0443675 0.0334282 0.0087532 0.1307798 0.1550730 0.0699973 0.0046227 0.0252373 0.0412191
 40 T  40 0.1094319 0.0202921 0.0200182 0.0170592 0.0053875 0.0348288 0.0500014 0.0780650 0.0119484 0.0273245 0.0308362 0.0194652 0.0118996 0.0157583 0.0731565 0.2364195 0.1521201 0.0000000 0.0250471 0.0609405
 41 Q  41 0.0817037 0.0324027 0.0563793 0.0386034 0.0049274 0.1397636 0.0477831 0.0302949 0.0462949 0.0257254 0.0727868 0.0683377 0.0093932 0.0456145 0.1261962 0.0691113 0.0376496 0.0045805 0.0158758 0.0465758
 42 D  42 0.0897101 0.0436352 0.0583496 0.1281402 0.0027300 0.0858066 0.0261033 0.0263130 0.0088760 0.0145338 0.0377392 0.0497627 0.0086633 0.0207735 0.1204406 0.1195682 0.0898316 0.0037774 0.0218431 0.0434024
 43 E  43 0.0736893 0.0529514 0.0551860 0.0758474 0.0062424 0.0696455 0.0700128 0.0450781 0.0325662 0.0350575 0.0407305 0.0380902 0.0097608 0.0251504 0.1080393 0.1124874 0.0936320 0.0000000 0.0222620 0.0335708
 44 N  44 0.0619199 0.0274563 0.1318150 0.0473271 0.0084558 0.1073227 0.0464389 0.0496934 0.0174598 0.0345892 0.0770269 0.0298013 0.0085398 0.0280266 0.0611901 0.1648031 0.0570727 0.0045188 0.0105309 0.0260117
 45 P  45 0.0374708 0.0183560 0.0374092 0.0487124 0.0000000 0.0502341 0.0332221 0.0549080 0.0223203 0.0088808 0.0240933 0.0646835 0.0050673 0.0070676 0.3176145 0.1636135 0.0631037 0.0000000 0.0197109 0.0235320
 46 V  46 0.1046563 0.0391616 0.0518818 0.0263324 0.0062029 0.0649575 0.0287211 0.0530738 0.0154661 0.0359381 0.0403374 0.0393048 0.0065783 0.0214511 0.1311869 0.1282507 0.0737548 0.0000000 0.0206929 0.1120515
 47 V  47 0.1162504 0.0405979 0.0569024 0.0407853 0.0040084 0.0596019 0.0484981 0.1580717 0.0066748 0.0246412 0.0320577 0.0221706 0.0085759 0.0136524 0.0450460 0.1089403 0.0924092 0.0015009 0.0303391 0.0892758
 48 H  48 0.1209987 0.0202695 0.0751366 0.0397810 0.0000000 0.1070531 0.0447812 0.0561849 0.0842822 0.0117282 0.0138467 0.0194628 0.0171629 0.0082227 0.0823178 0.1454779 0.0652388 0.0282100 0.0288297 0.0310153
 49 F  49 0.1243884 0.0396912 0.0223423 0.0223814 0.0028412 0.0799745 0.0289185 0.0454920 0.0152917 0.0348477 0.0541612 0.0224942 0.0236620 0.1157352 0.0850686 0.1314633 0.0439918 0.0067899 0.0482887 0.0521763
 50 F  50 0.0619975 0.0636473 0.0515729 0.0365532 0.0062552 0.0864938 0.0421778 0.0848629 0.0269551 0.0322930 0.0498842 0.0346599 0.0131385 0.0446181 0.0994981 0.1422097 0.0463615 0.0056367 0.0332826 0.0379020
 51 K  51 0.0800896 0.0770788 0.0732619 0.0421751 0.0016617 0.0825133 0.0297864 0.0411772 0.0150533 0.0092595 0.0187505 0.0820348 0.0169901 0.0121292 0.1097889 0.2003080 0.0778897 0.0000000 0.0080885 0.0219634
 52 N  52 0.1127559 0.0701371 0.1084661 0.0405142 0.0031249 0.0879220 0.0531739 0.0645109 0.0197195 0.0020804 0.0164266 0.0327216 0.0140118 0.0077752 0.0892633 0.1725788 0.0648613 0.0033488 0.0147148 0.0218926
 53 I  53 0.0655578 0.0597720 0.0307285 0.0217420 0.0011216 0.0814691 0.0123427 0.0470282 0.0412972 0.0380253 0.0553094 0.0460768 0.0170604 0.0318734 0.1121236 0.1498777 0.0659892 0.0100292 0.0586519 0.0539240
 54 V  54 0.1105316 0.0346834 0.0310345 0.0150805 0.0056559 0.0457953 0.0247506 0.0718362 0.0155704 0.0380593 0.0344637 0.0327581 0.0116806 0.0019890 0.0859595 0.2149557 0.0821357 0.0000000 0.0222648 0.1207952
 55 T  55 0.1212821 0.0593224 0.0593761 0.0238639 0.0029489 0.0624640 0.0378023 0.0503560 0.0319667 0.0109908 0.0259748 0.0601055 0.0196901 0.0181248 0.0539693 0.1775095 0.1206131 0.0000000 0.0156641 0.0479755
 56 P  56 0.1058979 0.0160157 0.0388360 0.0178237 0.0011952 0.0597189 0.0298543 0.1144401 0.0060298 0.0073652 0.0403386 0.0296060 0.0134653 0.0039461 0.2589741 0.1366343 0.0722215 0.0000000 0.0158783 0.0317591
 57 R  57 0.1015613 0.1305731 0.0306817 0.0237979 0.0012439 0.0861749 0.0305596 0.0674254 0.0084360 0.0313205 0.0655989 0.0310891 0.0094012 0.0175681 0.1046314 0.1597292 0.0418825 0.0027837 0.0144616 0.0410803
 58 T  58 0.1235499 0.0744860 0.0263901 0.0293365 0.0015246 0.0748790 0.0190028 0.0492214 0.0135907 0.0131749 0.0396191 0.0331277 0.0175258 0.0182333 0.0735756 0.1832103 0.1369527 0.0080656 0.0187648 0.0457693
 59 P  59 0.0834464 0.0319894 0.0227310 0.0070187 0.0020699 0.0951560 0.0113124 0.0311310 0.0073996 0.0116836 0.0154819 0.0272960 0.0171088 0.0112508 0.3641761 0.1458495 0.0839108 0.0016090 0.0073871 0.0219919
 60 P  60 0.1087851 0.0362077 0.0321487 0.0236415 0.0108207 0.0625245 0.0449440 0.0606105 0.0101884 0.0118358 0.0383687 0.0474498 0.0129109 0.0074205 0.2383984 0.1314589 0.0678440 0.0000000 0.0155140 0.0389279
 61 P  61 0.1133039 0.0153630 0.0275592 0.0323815 0.0062282 0.0407913 0.0329575 0.0329443 0.0286295 0.0119864 0.0531005 0.0269056 0.0115490 0.0115147 0.3248191 0.0903186 0.0680021 0.0012339 0.0046135 0.0657983
 62 S  62 0.0978527 0.0308841 0.0238057 0.0230254 0.0024454 0.0366147 0.0298348 0.0557977 0.0218142 0.0374701 0.0437871 0.0234814 0.0215984 0.0182733 0.1239436 0.2321654 0.0592662 0.0054426 0.0225997 0.0898973
 63 Q  63 0.0869437 0.0505097 0.0365518 0.0336254 0.0064709 0.0935765 0.0452298 0.0591863 0.0319747 0.0282381 0.0387826 0.0510179 0.0096571 0.0269545 0.1381236 0.1367694 0.0609561 0.0082993 0.0148762 0.0422566
 64 G  64 0.0710052 0.0724588 0.0427089 0.0338138 0.0030397 0.0705611 0.0321745 0.2112433 0.0228210 0.0164912 0.0288816 0.0249846 0.0119174 0.0105021 0.1121553 0.0906309 0.0734717 0.0000000 0.0235273 0.0476114
 65 K  65 0.0608844 0.0485527 0.0559956 0.0460784 0.0157186 0.0785740 0.0512306 0.0579854 0.0285188 0.0343032 0.0556990 0.0548513 0.0324999 0.0247766 0.1173702 0.1005088 0.0461054 0.0093451 0.0224869 0.0585151
 66 G  66 0.0643395 0.0352851 0.0540340 0.0230390 0.0061843 0.0807070 0.0440866 0.0913711 0.0316053 0.0441850 0.0328963 0.0393698 0.0147777 0.0258010 0.1245105 0.0987702 0.0781087 0.0079060 0.0334745 0.0695484
 67 R  67 0.0515658 0.0929069 0.0502291 0.0251762 0.0023898 0.0573466 0.0213841 0.0547252 0.0162150 0.0362146 0.0268384 0.0715243 0.0052213 0.0065604 0.1798857 0.1512946 0.0822712 0.0000000 0.0152577 0.0529931
 68 G  68 0.1035606 0.0359806 0.0238969 0.0242853 0.0019002 0.0260255 0.0429005 0.0826409 0.0137619 0.0234070 0.0507213 0.0382220 0.0056908 0.0178454 0.2704377 0.1124113 0.0798547 0.0000000 0.0124887 0.0339688
 69 L  69 0.1445103 0.0403691 0.0193559 0.0213611 0.0017401 0.0530531 0.0280374 0.0724596 0.0252086 0.0198159 0.0769158 0.0612110 0.0086311 0.0079976 0.2014105 0.1111575 0.0530412 0.0008546 0.0076964 0.0451732
 70 S  70 0.0662279 0.0758397 0.0413584 0.0416007 0.0041922 0.0473651 0.0619027 0.0806279 0.0095183 0.0131682 0.0326409 0.0373682 0.0090458 0.0018783 0.1885392 0.1492503 0.0856022 0.0117038 0.0018227 0.0403472
 71 M  71 0.0899169 0.0377956 0.0323592 0.0224295 0.0033769 0.0863365 0.0402807 0.0270658 0.0373832 0.0303213 0.0320325 0.0973695 0.0270544 0.0044221 0.1880313 0.1126928 0.0793815 0.0016239 0.0151985 0.0349279
 72 V  72 0.1186543 0.0192394 0.0175900 0.0184950 0.0017818 0.0645133 0.0782473 0.0507967 0.0195128 0.0207373 0.0472644 0.0325161 0.0147530 0.0032808 0.1906487 0.1100055 0.1283228 0.0008134 0.0014505 0.0613771
 73 Q  73 0.0921750 0.0551024 0.0323041 0.0344852 0.0048087 0.0999500 0.0825928 0.0473814 0.0097692 0.0201702 0.0303882 0.0808875 0.0221068 0.0062167 0.1737994 0.1043871 0.0454957 0.0000000 0.0123047 0.0456749
 74 I  74 0.0806871 0.0198386 0.0510005 0.0395820 0.0051934 0.0594426 0.0295151 0.0456733 0.0226791 0.0346021 0.0926738 0.0400239 0.0156365 0.0146459 0.2012974 0.0742773 0.1108287 0.0040459 0.0017220 0.0566349
 75 S  75 0.0682997 0.0463514 0.0417731 0.0540559 0.0139278 0.0707196 0.1019481 0.1084633 0.0475205 0.0228506 0.0134611 0.0636584 0.0128699 0.0133477 0.0872566 0.1072786 0.0515351 0.0000000 0.0194407 0.0552417
 76 V  76 0.0560541 0.0432050 0.0401735 0.0262823 0.0206400 0.0428667 0.0384688 0.1219184 0.0161705 0.0424605 0.1049785 0.0582706 0.0245351 0.0089852 0.0962199 0.0478373 0.0478256 0.0184117 0.0174805 0.1272159
 77 T  77 0.0322515 0.0712602 0.0821744 0.0267982 0.0465262 0.0335727 0.1320261 0.0432610 0.0110258 0.0237285 0.0419507 0.1067974 0.0156097 0.0072132 0.1405268 0.0523747 0.0879855 0.0023143 0.0019732 0.0406299
 78 L  78 0.0211024 0.1207452 0.0062772 0.0054377 0.0247292 0.1160934 0.0477106 0.0148744 0.0209524 0.0799711 0.0931975 0.1169789 0.0320799 0.0281955 0.0331943 0.0239063 0.0776261 0.0071807 0.0455428 0.0842044
 79 F  79 0.2104551 0.0013218 0.0000000 0.0000000 0.0994671 0.0054227 0.0019585 0.0072112 0.0067570 0.0020341 0.0073775 0.0000000 0.0049095 0.1202905 0.0014137 0.0000000 0.0029194 0.0035089 0.2079829 0.3169702
 80 V  80 0.0000000 0.3133236 0.0000000 0.0000000 0.0019397 0.0619611 0.0151714 0.0000000 0.0000000 0.1115864 0.0352332 0.1497935 0.0109497 0.0000000 0.0000000 0.0046676 0.0574390 0.0000000 0.0000000 0.2379347
 81 A  81 0.8667197 0.0000000 0.0000000 0.0000000 0.0150238 0.0000000 0.0000000 0.0121343 0.0000000 0.0000000 0.0128958 0.0000000 0.0000000 0.0000000 0.0060758 0.0058973 0.0126582 0.0000000 0.0000000 0.0685952
 82 L  82 0.0039768 0.0198260 0.0041560 0.0000000 0.0008096 0.0153017 0.0105697 0.0053515 0.0000000 0.0855859 0.6417933 0.0483204 0.1025461 0.0000000 0.0000000 0.0037021 0.0086329 0.0000000 0.0000000 0.0494278
 83 Y  83 0.0204810 0.0030908 0.0013929 0.0000000 0.0214640 0.0035507 0.0000000 0.0000000 0.0238707 0.0012128 0.0000000 0.0000000 0.0000000 0.1444993 0.0000000 0.0024815 0.0042180 0.0067481 0.7486690 0.0183213
 84 D  84 0.0685085 0.0137576 0.0846232 0.4623977 0.0000000 0.0375715 0.0300053 0.0099298 0.0027520 0.0000000 0.0005955 0.0121987 0.0000000 0.0000000 0.1120622 0.1082146 0.0517028 0.0000000 0.0024733 0.0032074
 85 Y  85 0.0000000 0.0035475 0.0000000 0.0000000 0.0025685 0.0000000 0.0000000 0.0000000 0.0028565 0.0000000 0.0172879 0.0000000 0.0000000 0.3181199 0.0000000 0.0000000 0.0000000 0.0322420 0.6233777 0.0000000
 86 E  86 0.0451958 0.0481634 0.0451099 0.1147502 0.0015514 0.0881089 0.2446454 0.0100853 0.0057378 0.0276735 0.0107047 0.0951836 0.0141341 0.0011181 0.0234663 0.0560693 0.1114298 0.0010448 0.0080542 0.0477734
 87 A  87 0.5633168 0.0022387 0.0010727 0.0000000 0.0000000 0.0196817 0.0031722 0.1375280 0.0000000 0.0034291 0.0023473 0.0054741 0.0043869 0.0000000 0.1835330 0.0691772 0.0012073 0.0000000 0.0000000 0.0034350
 88 R  88 0.0838700 0.1863068 0.0350381 0.0556123 0.0030619 0.2603413 0.0584538 0.0229956 0.0172479 0.0211583 0.0048335 0.0661664 0.0173191 0.0000000 0.0041649 0.0501660 0.0826815 0.0027268 0.0067279 0.0211282
 89 T  89 0.0417479 0.0268849 0.1620091 0.1666411 0.0000000 0.0551892 0.1898951 0.0481283 0.0382921 0.0035156 0.0110615 0.0699545 0.0052257 0.0016513 0.0008144 0.0703220 0.1059506 0.0000000 0.0000000 0.0027168
 90 E  90 0.0856741 0.0198442 0.0263347 0.1485853 0.0023360 0.0384988 0.2701227 0.0112447 0.0331887 0.0051755 0.0103680 0.0193622 0.0020309 0.0000000 0.1683265 0.0904953 0.0373056 0.0000000 0.0020617 0.0290453
 91 D  91 0.0149975 0.0235260 0.0917339 0.4616629 0.0088121 0.0135891 0.0913614 0.1935548 0.0037958 0.0015505 0.0073898 0.0173297 0.0022077 0.0000000 0.0017099 0.0152968 0.0351109 0.0000000 0.0047401 0.0116312
 92 D  92 0.0041847 0.0000000 0.0025079 0.3093150 0.0044094 0.0542154 0.5686754 0.0000000 0.0321692 0.0000000 0.0000000 0.0023402 0.0000000 0.0000000 0.0000000 0.0153747 0.0014697 0.0000000 0.0053386 0.0000000
 93 L  93 0.0000000 0.0000000 0.0000000 0.0000000 0.0116303 0.0000000 0.0000000 0.0000000 0.0000000 0.0417404 0.8580930 0.0058234 0.0128925 0.0000000 0.0000000 0.0000000 0.0024753 0.0000000 0.0000000 0.0673450
 94 S  94 0.0452984 0.0082656 0.0445556 0.0275789 0.0035304 0.0170552 0.0978271 0.0625103 0.0035806 0.0005685 0.0015807 0.0270650 0.0008343 0.0024753 0.0332517 0.4729539 0.1443058 0.0000000 0.0021647 0.0045981
 95 F  95 0.0053386 0.0000000 0.0000000 0.0000000 0.0000000 0.0000000 0.0000000 0.0000000 0.0000000 0.0385329 0.2630583 0.0000000 0.0104280 0.6736873 0.0000000 0.0000000 0.0000000 0.0000000 0.0000000 0.0089550
 96 H  96 0.0199766 0.1750024 0.0866016 0.0174554 0.0142011 0.1422556 0.0693062 0.0062482 0.0509386 0.0047266 0.0144761 0.2278799 0.0043491 0.0086191 0.0069226 0.0670975 0.0508064 0.0000000 0.0006303 0.0325065
 97 K  97 0.1047196 0.0545537 0.0042989 0.0471456 0.0021327 0.0169464 0.1499112 0.0000000 0.0000000 0.0050197 0.0015180 0.4923432 0.0015047 0.0000000 0.0636640 0.0116569 0.0117541 0.0000000 0.0018004 0.0310309
 98 G  98 0.0028084 0.0046076 0.0605974 0.0668907 0.0000000 0.0071344 0.0019121 0.8301469 0.0077684 0.0000000 0.0000000 0.0000000 0.0000000 0.0000000 0.0000000 0.0164097 0.0017243 0.0000000 0.0000000 0.0000000
 99 E  99 0.0312149 0.0000000 0.0041538 0.6308599 0.0029123 0.0557157 0.2489456 0.0017120 0.0000000 0.0000000 0.0016596 0.0000000 0.0022081 0.0000000 0.0000000 0.0120265 0.0034031 0.0000000 0.0039649 0.0012236
100 K 100 0.0116235 0.0936504 0.0015168 0.0012664 0.0007507 0.0372620 0.0447164 0.0116430 0.0148485 0.2962784 0.0827635 0.0725708 0.0440016 0.0056038 0.0016596 0.0026884 0.0501956 0.0000000 0.0116409 0.2153197
101 F 101 0.0000000 0.0000000 0.0000000 0.0000000 0.0000000 0.0000000 0.0000000 0.0000000 0.0000000 0.5970314 0.1430299 0.0000000 0.0302760 0.0430652 0.0000000 0.0000000 0.0000000 0.0000000 0.0407380 0.1458595
102 Q 102 0.0316230 0.0618076 0.0346621 0.0537091 0.0065646 0.0844497 0.1225460 0.0006437 0.0288960 0.0560518 0.0864442 0.0445638 0.0264161 0.0326176 0.0000000 0.0259888 0.1662640 0.0012128 0.0573604 0.0781788
103 I 103 0.0036103 0.0000000 0.0616834 0.0123207 0.0011435 0.0010237 0.0084307 0.0038281 0.0011845 0.2514867 0.1038664 0.0144825 0.0000000 0.0029097 0.0020581 0.0000000 0.0020130 0.0000000 0.0000000 0.5299586
104 L 104 0.0049504 0.0548538 0.0012357 0.0088204 0.0051487 0.0061770 0.0000000 0.0009232 0.0392739 0.1616964 0.4024238 0.0047272 0.0451552 0.0215100 0.0010124 0.0099833 0.0886125 0.0008199 0.0157818 0.1268945
105 N 105 0.0138079 0.0990359 0.1073632 0.1041931 0.0008374 0.0879727 0.2876337 0.0282665 0.0031421 0.0021318 0.0052940 0.1456909 0.0066107 0.0000000 0.0000000 0.0695443 0.0315753 0.0000000 0.0060982 0.0008022
106 S 106 0.0175737 0.1101362 0.0491385 0.0674656 0.0020113 0.1647875 0.0976877 0.0035629 0.0089976 0.0033522 0.0000000 0.3156360 0.0125898 0.0041411 0.0146840 0.0603309 0.0119872 0.0000000 0.0409314 0.0149865
107 S 107 0.0163300 0.0234495 0.0642324 0.1021866 0.0750615 0.0408212 0.0588340 0.0087881 0.0234122 0.1009061 0.0327356 0.0059329 0.0306540 0.0014996 0.0047653 0.1527245 0.1130677 0.0000000 0.0136549 0.1309440
108 E 108 0.0242909 0.0036939 0.0669414 0.4645932 0.0000000 0.1026113 0.2075786 0.0030701 0.0064364 0.0015233 0.0007685 0.0163049 0.0000000 0.0014826 0.0299223 0.0237397 0.0126158 0.0000000 0.0344272 0.0000000
109 G 109 0.0361918 0.0153480 0.0411277 0.2152512 0.0033310 0.0184227 0.1957357 0.1849338 0.0020163 0.0019282 0.0072478 0.0468889 0.0060596 0.0000000 0.0949295 0.1062466 0.0183996 0.0000000 0.0000000 0.0059417
110 D 110 0.0060619 0.0029644 0.1613285 0.2706725 0.0000000 0.0198836 0.0678949 0.4054641 0.0233133 0.0010063 0.0050486 0.0030255 0.0110253 0.0000000 0.0043616 0.0158920 0.0008515 0.0000000 0.0000000 0.0012060
111 W 111 0.0000000 0.0000000 0.0018344 0.0000000 0.0000000 0.0000000 0.0161747 0.0186089 0.0000000 0.0000000 0.0000000 0.0000000 0.0015327 0.0000000 0.0000000 0.0000000 0.0035606 0.9582887 0.0000000 0.0000000
112 W 112 0.0017948 0.0011971 0.0000000 0.0000000 0.0054589 0.0000000 0.0000000 0.0000000 0.0000000 0.0049965 0.0502004 0.0000000 0.0595157 0.0836741 0.0000000 0.0014116 0.0000000 0.6892577 0.0987220 0.0037711
113 E 113 0.0135575 0.1037947 0.0024458 0.0184851 0.0284856 0.0431614 0.1683493 0.0050216 0.0308418 0.0110693 0.0744593 0.2124707 0.0248001 0.0506967 0.0000000 0.0082654 0.0926726 0.0029928 0.0744556 0.0339748
114 A 114 0.1703360 0.0026238 0.0000000 0.0000000 0.0018222 0.0000000 0.0161942 0.7648012 0.0000000 0.0000000 0.0000000 0.0096658 0.0053602 0.0000000 0.0000000 0.0020605 0.0000000 0.0000000 0.0000000 0.0271361
115 R 115 0.0228825 0.2831399 0.0016120 0.0019765 0.0090463 0.0402695 0.2575322 0.0254380 0.0096015 0.0034343 0.0133128 0.0763241 0.0112372 0.0024793 0.0000000 0.0200104 0.1782534 0.0000000 0.0096200 0.0338301
116 S 116 0.0101913 0.0227453 0.1013242 0.0431374 0.0203672 0.0050184 0.0087261 0.0244548 0.0797135 0.1230968 0.1053191 0.0067338 0.0029764 0.0108970 0.0000000 0.2778206 0.0079478 0.0009639 0.0000000 0.1485664
117 L 117 0.0281882 0.0409590 0.0088005 0.0132089 0.0075655 0.1785998 0.0712934 0.0363334 0.0112209 0.0351401 0.2537144 0.0516150 0.0634427 0.0055130 0.0144070 0.0988643 0.0137881 0.0000000 0.0155867 0.0517592
118 T 118 0.0658092 0.2257159 0.0151907 0.0442920 0.0258471 0.0170055 0.0118454 0.0297789 0.0230169 0.0267199 0.2472516 0.0634241 0.0221940 0.0048800 0.0119931 0.0527882 0.0650243 0.0000000 0.0163673 0.0308559
119 T 119 0.0039782 0.1057826 0.2421154 0.0330692 0.0000000 0.0012714 0.0047395 0.1006827 0.0706893 0.0000000 0.0015062 0.0314341 0.0009033 0.0000000 0.0027364 0.0711000 0.3299915 0.0000000 0.0000000 0.0000000
120 G 120 0.0036076 0.0260991 0.0404072 0.0528983 0.0000000 0.0244675 0.0065467 0.7811721 0.0017331 0.0000000 0.0053636 0.0297104 0.0013491 0.0000000 0.0000000 0.0249263 0.0017190 0.0000000 0.0000000 0.0000000
121 E 121 0.0209896 0.2187764 0.0307885 0.0114108 0.0049137 0.2173067 0.0356219 0.0198220 0.0241053 0.0248386 0.0196854 0.2618751 0.0137204 0.0000000 0.0024453 0.0150218 0.0138324 0.0000000 0.0046927 0.0601536
122 T 122 0.0103482 0.0581956 0.0048245 0.0031846 0.0060310 0.0661457 0.1950406 0.0011526 0.0228142 0.0790008 0.0151605 0.0599518 0.0061448 0.0422622 0.0000000 0.0837325 0.2215719 0.0000000 0.0022157 0.1222228
123 G 123 0.0035184 0.0000000 0.0000000 0.0000000 0.0000000 0.0000000 0.0000000 0.9881800 0.0000000 0.0000000 0.0083016 0.0000000 0.0000000 0.0000000 0.0000000 0.0000000 0.0000000 0.0000000 0.0000000 0.0000000
124 Y 124 0.0000000 0.0000000 0.0021698 0.0000000 0.0014174 0.0074610 0.0012071 0.0000000 0.0025417 0.2010708 0.2064901 0.0011672 0.0745275 0.0645810 0.0000000 0.0016659 0.0327743 0.1822772 0.1509970 0.0696517
125 I 125 0.0034819 0.0000000 0.0000000 0.0000000 0.0000000 0.0000000 0.0000000 0.0000000 0.0000000 0.1450591 0.0615587 0.0000000 0.0000000 0.7182731 0.0000000 0.0000000 0.0000000 0.0000000 0.0144972 0.0571300
126 P 126 0.0000000 0.0000000 0.0000000 0.0000000 0.0000000 0.0000000 0.0000000 0.0000000 0.0000000 0.0000000 0.0000000 0.0000000 0.0000000 0.0000000 0.9963227 0.0000000 0.0000000 0.0000000 0.0000000 0.0036773
127 S 127 0.2481048 0.0305060 0.0159524 0.0091211 0.0110079 0.0051828 0.0209150 0.1425590 0.0021096 0.0290588 0.0449822 0.0463216 0.0008596 0.0083840 0.0000000 0.3294713 0.0162367 0.0070498 0.0042233 0.0279540
128 N 128 0.0153269 0.0000000 0.7773600 0.0077171 0.0000000 0.0000000 0.0016223 0.0000000 0.0000000 0.0009234 0.0111005 0.0010455 0.0000000 0.0000000 0.0010644 0.1489373 0.0333712 0.0000000 0.0000000 0.0015314
129 Y 129 0.0000000 0.0018799 0.0000000 0.0000000 0.0000000 0.0000000 0.0000000 0.0000000 0.0134317 0.0000000 0.0000000 0.0000000 0.0000000 0.1153908 0.0000000 0.0073139 0.0000000 0.0000000 0.8619837 0.0000000
130 V 130 0.0162794 0.0000000 0.0000000 0.0000000 0.0155522 0.0000000 0.0000000 0.0000000 0.0000000 0.0521169 0.0098563 0.0000000 0.0062254 0.0000000 0.0000000 0.0000000 0.0095136 0.0000000 0.0000000 0.8904562
131 A 131 0.1869958 0.0310569 0.0017518 0.0072242 0.0015225 0.1118886 0.3427938 0.0079392 0.0011079 0.0122490 0.0049676 0.1505001 0.0049359 0.0000000 0.0000000 0.0177832 0.1090615 0.0000000 0.0000000 0.0082220
132 P 132 0.0587511 0.0543042 0.0077557 0.0047169 0.0097836 0.0074770 0.1214004 0.0063155 0.0029236 0.0589159 0.0975264 0.1264166 0.0206046 0.0096076 0.2879198 0.0120396 0.0069334 0.0000000 0.0021273 0.1044809
133 V 133 0.0315233 0.0037751 0.0126268 0.0284529 0.0251250 0.0084051 0.0265703 0.0018249 0.0032399 0.3291902 0.1784477 0.0252454 0.0252422 0.0084707 0.0000000 0.0101696 0.0176607 0.0009428 0.0174378 0.2456496
134 D 134 0.0236661 0.0302400 0.1076566 0.1381610 0.0036370 0.0772369 0.0803813 0.0310978 0.0031608 0.0033424 0.0279415 0.1284095 0.0041068 0.0203096 0.0895491 0.1094050 0.0950638 0.0000000 0.0000000 0.0266347
135 R 135 0.0347067 0.0873686 0.0254668 0.0852802 0.0000000 0.0246124 0.1028000 0.0621079 0.0026804 0.0022843 0.0120783 0.0103390 0.0000000 0.0000000 0.0793944 0.3863235 0.0584754 0.0000000 0.0018425 0.0242395
136 L 136 0.0530064 0.0000000 0.0413803 0.0323970 0.0043075 0.0123908 0.0247808 0.0120760 0.0041373 0.1285009 0.2206546 0.0432840 0.0175316 0.0020107 0.1291064 0.0940167 0.0672488 0.0000000 0.0095267 0.1036434
137 D 137 0.0209719 0.0067520 0.0316454 0.1261354 0.0020147 0.0989402 0.3205323 0.0162688 0.0053190 0.0051257 0.0016675 0.0417988 0.0090431 0.0000000 0.1381410 0.0735354 0.0819961 0.0000000 0.0000000 0.0201126
138 Y 138 0.2610085 0.0101335 0.0303218 0.0070643 0.0059658 0.0827759 0.0327355 0.0032186 0.0116169 0.0246070 0.0255304 0.0517833 0.0054715 0.0073359 0.0945184 0.1330383 0.1058438 0.0000000 0.0216843 0.0853465
139 K 139 0.0690544 0.0271182 0.0689088 0.0147148 0.0000000 0.0845871 0.3680049 0.0192546 0.0080246 0.0069732 0.0506543 0.0493155 0.0029871 0.0014065 0.1028599 0.0715490 0.0330504 0.0021565 0.0151553 0.0042249
140 D 140 0.0513470 0.0378349 0.0158744 0.1271555 0.0000000 0.0179517 0.2885566 0.0165367 0.0000000 0.0275766 0.0248175 0.0388118 0.0038331 0.0148859 0.2154996 0.0571576 0.0523336 0.0000000 0.0000000 0.0098275
141 D 141 0.0194186 0.0041600 0.0568621 0.0494800 0.0000000 0.0332062 0.0782650 0.0100064 0.0041929 0.0175878 0.0846076 0.0203315 0.0445987 0.0000000 0.2378549 0.0974004 0.0244266 0.2065253 0.0000000 0.0110760
142 D 142 0.0259494 0.0099434 0.0138218 0.1033837 0.0000000 0.1709808 0.1322703 0.0037941 0.0205557 0.0390785 0.0801636 0.0000000 0.0262797 0.0819094 0.0755177 0.0298003 0.0236535 0.0041363 0.1559143 0.0028475
143 D 143 0.0258174 0.0992031 0.0110371 0.0846709 0.0640958 0.0385517 0.0912745 0.0541862 0.0000000 0.0252862 0.0147077 0.1166235 0.0142925 0.1017621 0.0947696 0.0732602 0.0399817 0.0000000 0.0247188 0.0257607
144 K 144 0.0350919 0.0716338 0.0364280 0.0027149 0.0000000 0.0726070 0.1334055 0.0169556 0.0046957 0.0467562 0.0175995 0.3949704 0.0076915 0.0000000 0.0637548 0.0631511 0.0194686 0.0072796 0.0000000 0.0057961
145 H 145 0.2873293 0.0596125 0.0467990 0.0000000 0.0082552 0.1048607 0.0183014 0.0000000 0.1458347 0.0095884 0.0150884 0.0143677 0.0000000 0.0075039 0.0745227 0.0397760 0.0325588 0.0063945 0.1078775 0.0213292
146 H 146 0.0609972 0.0258483 0.0101613 0.0194977 0.0000000 0.2591333 0.1239071 0.0489138 0.0456173 0.0197649 0.1341419 0.0235752 0.0000000 0.0000000 0.0057881 0.1385336 0.0511913 0.0000000 0.0000000 0.0329292
147 H 147 0.0000000 0.0000000 0.0442455 0.0372871 0.0000000 0.0525281 0.0786290 0.0167924 0.0638160 0.0116479 0.0000000 0.0111069 0.0679887 0.0000000 0.0117843 0.0087770 0.0145611 0.2688405 0.3119954 0.0000000
148 H 148 0.0000000 0.0118161 0.1204891 0.0000000 0.0000000 0.0146343 0.2445681 0.0000000 0.0314097 0.0000000 0.0247310 0.0321484 0.0000000 0.0201412 0.0000000 0.0000000 0.0000000 0.0000000 0.4732926 0.0267695
149 H 149 0.0539758 0.0000000 0.0580737 0.0637695 0.0000000 0.0469442 0.0422480 0.0207037 0.4711833 0.0577955 0.0000000 0.0000000 0.0000000 0.0000000 0.0000000 0.1853062 0.0000000 0.0000000 0.0000000 0.0000000
150 H 150 0.0000000 0.0000000 0.4334960 0.0000000 0.0000000 0.0000000 0.0000000 0.0000000 0.3557148 0.0000000 0.0000000 0.0000000 0.0000000 0.0000000 0.0000000 0.0000000 0.0000000 0.0000000 0.2107892 0.0000000
