  207         A         R         N         D         C         Q         E         G         H         I         L         K         M         F         P         S         T         W         Y         V    
  1 M   1 0.0000000 0.0000000 0.0000000 0.0000000 0.0000000 0.0000000 0.0000000 0.0000000 0.0000000 0.0000000 0.1148979 0.0000000 0.8851021 0.0000000 0.0000000 0.0000000 0.0000000 0.0000000 0.0000000 0.0000000
  2 L   2 0.2054102 0.0000000 0.0000000 0.0000000 0.0055038 0.0000000 0.0126753 0.0289260 0.0000000 0.0150878 0.0703984 0.0000000 0.4379795 0.0000000 0.1675400 0.0366153 0.0137154 0.0000000 0.0000000 0.0061484
  3 T   3 0.0454756 0.0163984 0.0256694 0.0339923 0.0311561 0.0042705 0.0257178 0.0049475 0.0043030 0.0000000 0.0000000 0.0038661 0.0000000 0.0027200 0.0910378 0.3719227 0.3385229 0.0000000 0.0000000 0.0000000
  4 E   4 0.0022231 0.0266666 0.0374992 0.1023024 0.0000000 0.2943937 0.1575354 0.0044329 0.0000000 0.0000000 0.0300732 0.1190950 0.0000000 0.0000000 0.1400395 0.0156071 0.0656967 0.0000000 0.0022068 0.0022285
  5 L   5 0.0152631 0.0000000 0.0022545 0.0000000 0.0000000 0.0194596 0.0217392 0.0000000 0.0033869 0.0275407 0.5617717 0.0076101 0.0931877 0.0129653 0.0000000 0.0197406 0.1881068 0.0000000 0.0000000 0.0269738
  6 E   6 0.0054715 0.0000000 0.0000000 0.0267371 0.0000000 0.0406552 0.7741696 0.0000000 0.0000000 0.0036945 0.1089878 0.0091516 0.0000000 0.0056550 0.0017584 0.0044389 0.0165402 0.0000000 0.0000000 0.0027403
  7 K   7 0.0079536 0.0958989 0.0339480 0.0541875 0.0043738 0.0856368 0.4748581 0.0119357 0.0107566 0.0028651 0.0048282 0.1297700 0.0053442 0.0000000 0.0020026 0.0478291 0.0216460 0.0027134 0.0017122 0.0017402
  8 A   8 0.1624364 0.0031731 0.0450502 0.0413210 0.0340941 0.1347998 0.4010060 0.0139459 0.0117036 0.0000000 0.0024938 0.0000000 0.0080026 0.0017080 0.0000000 0.1371262 0.0018572 0.0000000 0.0012822 0.0000000
  9 L   9 0.0021495 0.0000000 0.0000000 0.0069047 0.0000000 0.0098605 0.0036426 0.0000000 0.0000000 0.5216984 0.1569583 0.0322244 0.1390952 0.0053322 0.0000000 0.0000000 0.0055199 0.0000000 0.0024886 0.1141258
 10 N  10 0.2369845 0.0370004 0.0483010 0.0939304 0.0036957 0.0536618 0.2136170 0.0295188 0.0158988 0.0183386 0.0278372 0.0894997 0.0130479 0.0207544 0.0000000 0.0410914 0.0180021 0.0000000 0.0000000 0.0388203
 11 S  11 0.0355762 0.0187160 0.0495079 0.0693136 0.0083989 0.0468749 0.2784700 0.1950738 0.0169153 0.0071698 0.0197062 0.0399418 0.0158447 0.0065261 0.0000000 0.0633364 0.0895263 0.0000000 0.0010582 0.0380440
 12 I  12 0.0122592 0.0000000 0.0000000 0.0000000 0.0000000 0.0000000 0.0000000 0.0000000 0.0000000 0.2147114 0.5049110 0.0000000 0.0511352 0.1243537 0.0000000 0.0000000 0.0049240 0.0000000 0.0228348 0.0648707
 13 I  13 0.0255708 0.2008722 0.0051918 0.0000000 0.0017952 0.0344459 0.0215585 0.0120971 0.0144649 0.2150440 0.0286688 0.2732116 0.0187943 0.0140023 0.0000000 0.0111117 0.0435274 0.0043359 0.0052020 0.0701057
 14 D  14 0.0784258 0.0514956 0.0526292 0.1490313 0.0071532 0.0752726 0.3396787 0.0132258 0.0085563 0.0049523 0.0125453 0.0940431 0.0048028 0.0049252 0.0025966 0.0331260 0.0415640 0.0000000 0.0000000 0.0259762
 15 V  15 0.2110526 0.0103195 0.0017287 0.0000000 0.0121676 0.0402854 0.0246925 0.0119664 0.0177504 0.0853776 0.0960594 0.0000000 0.1479055 0.0000000 0.0000000 0.0129002 0.1138136 0.0000000 0.0000000 0.2139805
 16 Y  16 0.0000000 0.0077659 0.0000000 0.0000000 0.0027453 0.0000000 0.0000000 0.0000000 0.0000000 0.0000000 0.0013984 0.0067225 0.0000000 0.9337973 0.0000000 0.0000000 0.0000000 0.0070619 0.0366994 0.0038093
 17 H  17 0.0389129 0.0754216 0.0363708 0.0749417 0.0009886 0.1503297 0.0506510 0.0144495 0.1984974 0.0024274 0.0107704 0.1773666 0.0237168 0.0052958 0.0012449 0.0885109 0.0174932 0.0000000 0.0326107 0.0000000
 18 K  18 0.0319041 0.1173750 0.0619957 0.0045477 0.0091251 0.1020193 0.0523579 0.0010235 0.0165941 0.0138141 0.1499255 0.2483771 0.0921239 0.0165217 0.0000000 0.0098314 0.0360629 0.0036455 0.0071809 0.0255746
 19 Y  19 0.0000000 0.0000000 0.0015909 0.0038281 0.0017756 0.0000000 0.0000000 0.0087462 0.0220863 0.1101912 0.0169113 0.0000000 0.0388777 0.4192732 0.0000000 0.0128837 0.0000000 0.0015955 0.3560511 0.0061892
 20 S  20 0.2711620 0.0000000 0.0026047 0.3087073 0.0186534 0.0000000 0.0044389 0.0061047 0.0067280 0.0108611 0.0223220 0.0022316 0.0078010 0.0189991 0.0000000 0.2768685 0.0334217 0.0000000 0.0000000 0.0090958
 21 L  21 0.0766943 0.0504451 0.0020026 0.1533641 0.0040672 0.0079311 0.0149177 0.1196430 0.0013722 0.0567674 0.1740263 0.0549820 0.0943410 0.0080382 0.0035404 0.0402141 0.0892543 0.0000000 0.0000000 0.0483990
 22 I  22 0.0063017 0.0820971 0.0143080 0.4803660 0.0051337 0.0291008 0.0233569 0.0097106 0.0082296 0.0131031 0.0085359 0.2670478 0.0116264 0.0060346 0.0000000 0.0127932 0.0134113 0.0000000 0.0019942 0.0068491
 23 K  23 0.0171269 0.0510374 0.0331879 0.3063780 0.0076390 0.0090804 0.1393664 0.0148237 0.0072967 0.0109196 0.0110934 0.2196443 0.0010544 0.0000000 0.0000000 0.0192998 0.1078762 0.0000000 0.0048057 0.0393703
 24 G  24 0.0049432 0.0045042 0.1954116 0.1867675 0.0360360 0.0016855 0.0097218 0.4990566 0.0000000 0.0037836 0.0000000 0.0339730 0.0000000 0.0000000 0.0047333 0.0083069 0.0033186 0.0000000 0.0000000 0.0077581
 25 N  25 0.0076585 0.0093624 0.2862824 0.2800400 0.0092825 0.0090099 0.0390330 0.1630388 0.0452730 0.0000000 0.0000000 0.0469630 0.0000000 0.0000000 0.0359099 0.0475201 0.0058000 0.0000000 0.0038382 0.0109883
 26 F  26 0.0141549 0.0323320 0.0655254 0.2382100 0.0474556 0.0000000 0.0022105 0.0896754 0.0035650 0.0000000 0.0047981 0.1227628 0.0009695 0.0122512 0.0244314 0.2590935 0.0508354 0.0116727 0.0136073 0.0064493
 27 H  27 0.0367114 0.0054577 0.0227056 0.0829429 0.0321809 0.0076002 0.0135972 0.6573923 0.0314578 0.0000000 0.0094313 0.0062748 0.0011464 0.0318385 0.0017975 0.0131374 0.0191634 0.0000000 0.0202802 0.0068846
 28 A  28 0.0587542 0.0361194 0.0120576 0.0101901 0.0055657 0.0637935 0.0014601 0.0046377 0.0273601 0.0123157 0.0160677 0.1344992 0.0196564 0.0224340 0.0000000 0.1156752 0.3672527 0.0000000 0.0438077 0.0483531
 29 V  29 0.0032072 0.0026119 0.0000000 0.0000000 0.0000000 0.0000000 0.0000000 0.0000000 0.0000000 0.5080917 0.4206355 0.0000000 0.0217335 0.0023776 0.0000000 0.0000000 0.0000000 0.0000000 0.0000000 0.0413425
 30 Y  30 0.0022141 0.0017884 0.0805519 0.0469516 0.0225919 0.0032611 0.0092208 0.0165486 0.0000000 0.0016339 0.0051765 0.0058653 0.0000000 0.0000000 0.0000000 0.3548654 0.4331872 0.0000000 0.0149893 0.0011539
 31 R  31 0.0434085 0.1012806 0.0051141 0.0000000 0.0120051 0.0282574 0.0072024 0.0018445 0.0058213 0.0550854 0.1262691 0.2846125 0.0121619 0.0721652 0.0066553 0.0186423 0.0829193 0.0000000 0.0656498 0.0709052
 32 D  32 0.0627571 0.0499762 0.0191535 0.1390264 0.0008534 0.0459381 0.3121210 0.0609836 0.0039159 0.0000000 0.0175902 0.1893788 0.0035183 0.0048959 0.0090982 0.0450453 0.0286354 0.0025259 0.0000000 0.0045870
 33 D  33 0.0029420 0.0022709 0.0029315 0.0681953 0.0000000 0.0070047 0.8961373 0.0080816 0.0000000 0.0000000 0.0024783 0.0067618 0.0000000 0.0000000 0.0000000 0.0031966 0.0000000 0.0000000 0.0000000 0.0000000
 34 L  34 0.0063681 0.0000000 0.0000000 0.0000000 0.0000000 0.0000000 0.0000000 0.0000000 0.0000000 0.0300299 0.7465004 0.0000000 0.0463719 0.1561120 0.0000000 0.0012729 0.0017542 0.0000000 0.0000000 0.0115907
 35 K  35 0.0392726 0.1550710 0.0047365 0.0016873 0.0000000 0.0407692 0.0406678 0.1973616 0.0018582 0.0202993 0.0574837 0.4002183 0.0053363 0.0044041 0.0000000 0.0135598 0.0076467 0.0000000 0.0008401 0.0087875
 36 K  36 0.1003189 0.0359021 0.0436123 0.0589781 0.0020695 0.1302580 0.2081037 0.0079409 0.0243131 0.0321524 0.0134898 0.0715887 0.0047024 0.0000000 0.0023775 0.0603459 0.1478777 0.0000000 0.0047577 0.0512114
 37 L  37 0.0908624 0.0000000 0.0000000 0.0000000 0.0354786 0.0000000 0.0035355 0.2428073 0.0000000 0.0503651 0.2667135 0.0000000 0.0182130 0.0366933 0.0000000 0.0204465 0.0051563 0.0000000 0.0019266 0.2278019
 38 L  38 0.0021540 0.0000000 0.0000000 0.0000000 0.0022158 0.0000000 0.0000000 0.0000000 0.0000000 0.0527050 0.5191251 0.0000000 0.2850950 0.0186313 0.0030030 0.0000000 0.0023980 0.0000000 0.0689957 0.0456771
 39 E  39 0.0780141 0.3050310 0.0502974 0.0017812 0.0033166 0.1045171 0.1181013 0.0254437 0.0315308 0.0085913 0.0320364 0.1114453 0.0145442 0.0028082 0.0077391 0.0243735 0.0728843 0.0015522 0.0020552 0.0039373
 40 T  40 0.0592919 0.1218793 0.0548037 0.0154613 0.0065010 0.0302156 0.0259435 0.0092901 0.0087672 0.0151706 0.0062311 0.3132252 0.0087234 0.0009438 0.0029649 0.2086807 0.1073357 0.0000000 0.0013142 0.0032567
 41 E  41 0.0294368 0.0000000 0.0479650 0.0760297 0.0000000 0.0844777 0.3964149 0.0000000 0.0076441 0.0260365 0.0612012 0.0257980 0.0470360 0.0491991 0.0000000 0.0308113 0.0189482 0.0000000 0.0269533 0.0720481
 42 S  42 0.0046154 0.0171452 0.0052112 0.0000000 0.0163653 0.0063790 0.0000000 0.0823755 0.0034912 0.0353254 0.6047586 0.0028538 0.0505093 0.1189783 0.0059900 0.0042133 0.0044041 0.0000000 0.0236771 0.0137073
 43 P  43 0.0762004 0.0094180 0.0264975 0.0194629 0.0057938 0.0182087 0.0015919 0.4999743 0.0094765 0.0000000 0.0077351 0.0283993 0.0063333 0.0000000 0.2108263 0.0556157 0.0221870 0.0000000 0.0000000 0.0022791
 44 Q  44 0.0445748 0.0257845 0.1000351 0.0845656 0.0052427 0.1822042 0.0766056 0.0191489 0.0503655 0.0232087 0.0368073 0.0092873 0.0203165 0.0198532 0.0161559 0.1305003 0.0551648 0.0413675 0.0463931 0.0124185
 45 Y  45 0.0129803 0.0278743 0.1323479 0.0228466 0.0069982 0.0396550 0.0446338 0.0389035 0.0081639 0.0480013 0.0787470 0.1135476 0.0333417 0.1679826 0.0774187 0.0395261 0.0263238 0.0084617 0.0248804 0.0473655
 46 I  46 0.0669490 0.0188461 0.0256904 0.0469762 0.0013013 0.0248566 0.0232176 0.0107529 0.0153406 0.0688367 0.2193102 0.0773446 0.0573554 0.0250523 0.1838006 0.0306603 0.0505903 0.0000000 0.0025604 0.0505587
 47 R  47 0.0957579 0.0491292 0.0313089 0.1125683 0.0087727 0.0416001 0.0465360 0.0237591 0.0036281 0.0252558 0.0318557 0.1299062 0.0088269 0.0092164 0.0483731 0.1035046 0.1988061 0.0000000 0.0078770 0.0233178
 48 K  48 0.0261542 0.0203929 0.0899691 0.1136823 0.0031500 0.0405455 0.3361983 0.0311082 0.0069341 0.0211840 0.0089328 0.0880314 0.0075817 0.0010231 0.1046521 0.0637779 0.0122725 0.0000000 0.0015351 0.0228745
 49 K  49 0.1840039 0.0147782 0.0096279 0.0775573 0.0172709 0.0842534 0.2084567 0.0148956 0.0149145 0.0098165 0.0088501 0.0788598 0.0274901 0.0020305 0.1000660 0.0959419 0.0267176 0.0000000 0.0054541 0.0190149
 50 G  50 0.0221047 0.0357091 0.0150179 0.1024479 0.0000000 0.0175729 0.4213260 0.0163735 0.0113744 0.0554371 0.0610882 0.0732344 0.0131242 0.0244167 0.0000000 0.0163124 0.0798850 0.0000000 0.0169002 0.0176756
 51 A  51 0.0873533 0.0228249 0.0056560 0.0832919 0.0030973 0.0044195 0.0068499 0.0228048 0.0011730 0.1549218 0.2505311 0.0146964 0.0114072 0.0071794 0.0074646 0.0112091 0.0039002 0.0000000 0.0187057 0.2825137
 52 D  52 0.0345100 0.0696914 0.0437569 0.2871781 0.0011641 0.1642546 0.1658244 0.0107736 0.0216846 0.0182529 0.0388778 0.0840578 0.0086412 0.0000000 0.0187265 0.0072228 0.0189414 0.0000000 0.0041188 0.0023230
 53 V  53 0.0689546 0.0864934 0.0328788 0.1296769 0.0047955 0.1070069 0.2090438 0.0109301 0.0352960 0.0308268 0.0223608 0.1374216 0.0331873 0.0011300 0.0000000 0.0244882 0.0348515 0.0010922 0.0021912 0.0273744
 54 W  54 0.0078033 0.0000000 0.0042640 0.0000000 0.0000000 0.0083374 0.0000000 0.0016424 0.0000000 0.2806263 0.3247924 0.0097534 0.2239465 0.0193781 0.0000000 0.0000000 0.0104174 0.0117224 0.0000000 0.0973165
 55 F  55 0.0013811 0.0000000 0.0000000 0.0000000 0.0000000 0.0000000 0.0000000 0.0012404 0.0043519 0.2133770 0.1577609 0.0011960 0.3995562 0.1415636 0.0000000 0.0152814 0.0000000 0.0009163 0.0000000 0.0633752
 56 K  56 0.0598474 0.0791395 0.1206719 0.0991396 0.0000000 0.1420864 0.2083504 0.0115773 0.0165613 0.0067776 0.0069433 0.1492357 0.0063941 0.0013934 0.0000000 0.0748111 0.0072173 0.0023930 0.0018953 0.0055655
 57 E  57 0.2422923 0.0130075 0.0287546 0.1053122 0.0000000 0.0373411 0.2566739 0.0082059 0.0176441 0.0359436 0.0574653 0.0627104 0.0157211 0.0051708 0.0030938 0.0444931 0.0440648 0.0000000 0.0018493 0.0202561
 58 L  58 0.2028328 0.0000000 0.0020217 0.0106449 0.0043677 0.0039667 0.0000000 0.0154911 0.0000000 0.1297873 0.2705648 0.0051984 0.0385369 0.0787120 0.0019170 0.0190183 0.0066135 0.0000000 0.0063780 0.2039488
 59 D  59 0.0015322 0.0000000 0.0092582 0.9331740 0.0000000 0.0165977 0.0048922 0.0063188 0.0017511 0.0000000 0.0000000 0.0080451 0.0000000 0.0133626 0.0000000 0.0000000 0.0000000 0.0000000 0.0000000 0.0050682
 60 K  60 0.1542819 0.0476375 0.0165298 0.0196013 0.0045655 0.0430469 0.0603480 0.0089120 0.0024070 0.0840320 0.0400629 0.0753008 0.0261344 0.0170475 0.0118182 0.0954480 0.1149830 0.0022417 0.0096055 0.1659960
 61 N  61 0.0063188 0.0093853 0.3485951 0.5525147 0.0054389 0.0000000 0.0251254 0.0026950 0.0027940 0.0093937 0.0000000 0.0172156 0.0000000 0.0000000 0.0000000 0.0165973 0.0039263 0.0000000 0.0000000 0.0000000
 62 T  62 0.0231817 0.0751586 0.0899479 0.0085128 0.0195522 0.0311606 0.0207610 0.4414945 0.0428229 0.0000000 0.0127381 0.1115024 0.0134804 0.0059214 0.0028760 0.0623666 0.0357179 0.0010764 0.0000000 0.0017286
 63 D  63 0.0000000 0.0014700 0.2951814 0.4631011 0.0000000 0.0000000 0.0126457 0.0365734 0.0000000 0.0000000 0.0000000 0.0096462 0.0000000 0.0020259 0.0000000 0.1556962 0.0236601 0.0000000 0.0000000 0.0000000
 64 G  64 0.0135030 0.0113242 0.0457680 0.0336787 0.0067326 0.0219858 0.0102477 0.7708859 0.0109058 0.0043104 0.0028458 0.0421275 0.0000000 0.0000000 0.0000000 0.0199207 0.0000000 0.0000000 0.0000000 0.0057640
 65 A  65 0.0407872 0.0498827 0.0350246 0.0133731 0.0250378 0.1026468 0.1103782 0.0097843 0.0293953 0.0154108 0.0436020 0.0897766 0.0102095 0.0313503 0.0016657 0.0563402 0.2775407 0.0031558 0.0267848 0.0278534
 66 V  66 0.0000000 0.0000000 0.0000000 0.0000000 0.0077310 0.0000000 0.0000000 0.0000000 0.0000000 0.5079351 0.1445156 0.0000000 0.0072825 0.0032596 0.0024470 0.0000000 0.0038772 0.0000000 0.0000000 0.3229520
 67 N  67 0.0000000 0.0048001 0.1064368 0.7070430 0.0068302 0.0000000 0.0642767 0.0054180 0.0036084 0.0000000 0.0000000 0.0061564 0.0000000 0.0000000 0.0000000 0.0793032 0.0133670 0.0000000 0.0027603 0.0000000
 68 F  68 0.0077491 0.0000000 0.0029708 0.0000000 0.0161246 0.0000000 0.0026930 0.0000000 0.0000000 0.0051931 0.0339991 0.0000000 0.0169824 0.6278288 0.0000000 0.0023804 0.0014452 0.0043242 0.2712586 0.0070507
 69 Q  69 0.0196054 0.0697088 0.0482607 0.0958626 0.0000000 0.1202731 0.1927863 0.0853484 0.0204185 0.0206245 0.0218668 0.0495472 0.0009618 0.0025954 0.0709102 0.0779254 0.0893379 0.0000000 0.0047313 0.0092358
 70 E  70 0.0027235 0.0000000 0.0000000 0.0317293 0.0000000 0.0071584 0.9285303 0.0144820 0.0000000 0.0000000 0.0000000 0.0077704 0.0000000 0.0000000 0.0000000 0.0076061 0.0000000 0.0000000 0.0000000 0.0000000
 71 F  71 0.0000000 0.0000000 0.0000000 0.0062966 0.0021795 0.0000000 0.0000000 0.0000000 0.0000000 0.0169779 0.0174887 0.0031091 0.0000000 0.8566819 0.0000000 0.0022940 0.0000000 0.0064597 0.0805746 0.0079380
 72 L  72 0.0147195 0.0000000 0.0007591 0.0000000 0.0379422 0.0000000 0.0044382 0.0123835 0.0000000 0.2028721 0.3350870 0.0039925 0.0341359 0.0080406 0.0018350 0.0138803 0.0060193 0.0120020 0.0000000 0.3118928
 73 I  73 0.2533525 0.0373668 0.0504430 0.0293293 0.0365656 0.0176774 0.0507617 0.0128073 0.0061440 0.0423002 0.0717512 0.0144408 0.0289301 0.0000000 0.0033216 0.0819467 0.1554065 0.0000000 0.0107583 0.0966970
 74 L  74 0.2903560 0.0036408 0.0020013 0.0000000 0.0012149 0.0000000 0.0071099 0.0325829 0.0021281 0.0506427 0.2984672 0.0068153 0.1454225 0.0643586 0.0000000 0.0139476 0.0113818 0.0000000 0.0039084 0.0660219
 75 V  75 0.0333673 0.0000000 0.0122440 0.0000000 0.0022088 0.0000000 0.0000000 0.0000000 0.0055612 0.0828941 0.1457183 0.0017388 0.2160475 0.0340612 0.0000000 0.0517777 0.2228740 0.0000000 0.0264468 0.1650603
 76 I  76 0.2073222 0.0326711 0.0031240 0.0000000 0.0242156 0.0050723 0.0019153 0.0998541 0.0000000 0.0792460 0.1047786 0.0226690 0.0716239 0.0844564 0.0020953 0.1435417 0.0407169 0.0000000 0.0013216 0.0753758
 77 K  77 0.0449968 0.1198290 0.0591743 0.0515993 0.0279820 0.0465662 0.0411823 0.0643760 0.2069758 0.0128179 0.0139042 0.1322866 0.0165376 0.0000000 0.0494801 0.0582432 0.0180654 0.0000000 0.0000000 0.0359832
 78 M  78 0.0150493 0.0678765 0.0085852 0.0022535 0.0058341 0.0486890 0.0057274 0.0124881 0.0036388 0.0780377 0.3241931 0.1530512 0.0711128 0.0220230 0.0077687 0.0063194 0.0289365 0.0000000 0.0057917 0.1326241
 79 G  79 0.1298915 0.0488857 0.1065880 0.0090720 0.0166774 0.0367121 0.0072711 0.0359939 0.0550006 0.0321264 0.0790283 0.0800304 0.1094049 0.0017005 0.0071976 0.0740906 0.1009186 0.0000000 0.0230226 0.0463877
 80 V  80 0.0192279 0.1109673 0.0400751 0.0291332 0.0053668 0.1231742 0.0259931 0.0214910 0.0055681 0.0477009 0.0772157 0.2525480 0.0536407 0.0147487 0.0145994 0.0300721 0.0361541 0.0037378 0.0013282 0.0872580
 81 A  81 0.2604182 0.0110026 0.0063043 0.0981827 0.0121574 0.0162444 0.0625762 0.0677631 0.0066695 0.0665068 0.0796956 0.0180036 0.1087092 0.0138104 0.0024873 0.0419307 0.0421265 0.0000000 0.0541303 0.0312811
 82 A  82 0.0969634 0.0181990 0.0109906 0.0615802 0.2511061 0.0154941 0.1435839 0.0586200 0.0242184 0.0209730 0.0103600 0.0502893 0.0265104 0.0130901 0.0147698 0.0776258 0.0289137 0.0070739 0.0511228 0.0185154
 83 H  83 0.0139274 0.0723272 0.2020431 0.0939917 0.0102802 0.0328853 0.0841751 0.0501412 0.2044380 0.0000000 0.0235942 0.0455693 0.0093089 0.0262371 0.0040427 0.0238456 0.0426373 0.0030645 0.0539356 0.0035558
 84 K  84 0.0564326 0.0257279 0.0345787 0.1894521 0.0000000 0.0297530 0.3205439 0.0326648 0.0397527 0.0123130 0.0553050 0.1157006 0.0037148 0.0113765 0.0105752 0.0247751 0.0182590 0.0000000 0.0126752 0.0063998
 85 K  85 0.0588914 0.0388260 0.0570959 0.1290568 0.0164782 0.0475148 0.1039383 0.0187841 0.0376794 0.0352888 0.0314101 0.1154653 0.0042685 0.0730077 0.0141253 0.0968146 0.0465114 0.0000000 0.0659629 0.0088805
 86 S  86 0.0217168 0.0160847 0.0000000 0.0259367 0.0142837 0.0000000 0.0228921 0.0154537 0.0024004 0.0886942 0.1511433 0.0635887 0.0817539 0.2151893 0.0132459 0.1317306 0.0461686 0.0000000 0.0598141 0.0299033
 87 H  87 0.0236487 0.0152560 0.0227764 0.0514702 0.0839667 0.0929289 0.1303519 0.0406134 0.1576375 0.0447271 0.0652458 0.0531051 0.0199452 0.0068211 0.0452996 0.0608524 0.0361649 0.0148754 0.0055204 0.0287932
 88 E  88 0.0273978 0.0791165 0.0528650 0.0753086 0.0073542 0.0651411 0.1292814 0.0773913 0.0414694 0.0090041 0.0391475 0.1460689 0.0232710 0.0194011 0.0335317 0.0711320 0.0215133 0.0493949 0.0073991 0.0248111
 89 E  89 0.0375733 0.0457127 0.0781263 0.0622242 0.0430143 0.0979738 0.0700935 0.0538026 0.0863402 0.0000000 0.0645969 0.0533736 0.0178295 0.0402973 0.0082797 0.0658431 0.0482179 0.0721605 0.0455712 0.0089695
 90 S  90 0.0795418 0.0282931 0.0390661 0.0721857 0.0000000 0.0540145 0.1052618 0.0671997 0.0116368 0.0064928 0.0569837 0.0135146 0.0549707 0.0193426 0.1533632 0.1330639 0.0543394 0.0000000 0.0303814 0.0203483
 91 H  91 0.0479835 0.0469758 0.0272606 0.1276708 0.0690436 0.0385818 0.0887390 0.0138563 0.0958867 0.0166216 0.0319970 0.1497832 0.0167607 0.0231306 0.0899647 0.0773501 0.0152226 0.0055914 0.0175800 0.0000000
 92 K  92 0.0536192 0.1272548 0.0088128 0.0505461 0.0348391 0.0915368 0.0444275 0.0793154 0.0318078 0.0217052 0.0658572 0.1168398 0.0235194 0.0486703 0.0507229 0.0789152 0.0294459 0.0143429 0.0000000 0.0278218
 93 E  93 0.1179048 0.0555674 0.0270288 0.0188130 0.0242813 0.0956818 0.0523165 0.0527089 0.0562063 0.0038426 0.0359295 0.0947377 0.0876294 0.0072994 0.0644018 0.1136393 0.0221740 0.0134985 0.0236901 0.0326489
 94 M  94 0.0380739 0.0355987 0.0155313 0.0635253 0.0560841 0.0781912 0.0403266 0.0633774 0.0419703 0.0175501 0.0524319 0.0938834 0.0827776 0.0212209 0.0811722 0.0694568 0.0412128 0.0173452 0.0470905 0.0431799
 95 T  95 0.1028861 0.0298617 0.0466972 0.0595249 0.0676170 0.0551965 0.0510484 0.1136414 0.0403265 0.0327858 0.0357311 0.0537506 0.0277894 0.0271716 0.0576159 0.0680821 0.0778003 0.0041983 0.0125346 0.0357406
 96 S  96 0.0562265 0.0344535 0.0485913 0.0938833 0.0476834 0.0356009 0.0675952 0.0675242 0.0335982 0.0169183 0.0211148 0.0851123 0.0570470 0.0165508 0.0430704 0.1613946 0.0540110 0.0000000 0.0084175 0.0512069
 97 K  97 0.0510620 0.0478096 0.0368357 0.0280504 0.0179831 0.0837934 0.0385764 0.0555411 0.0703017 0.0100702 0.0197009 0.0800172 0.2223424 0.0000000 0.0709558 0.0711100 0.0458164 0.0144658 0.0148669 0.0207011
 98 M  98 0.0976199 0.0146171 0.0101790 0.0400379 0.0146827 0.0079633 0.0321380 0.0579604 0.0119004 0.0037355 0.0806086 0.0588106 0.3325466 0.0000000 0.1561672 0.0356651 0.0173173 0.0000000 0.0087730 0.0192773
 99 S  99 0.0314828 0.0160024 0.0393343 0.0394425 0.0105484 0.0148605 0.0426670 0.0513782 0.0180736 0.0075835 0.0090512 0.0166015 0.0020423 0.0037561 0.0993768 0.2822392 0.3012934 0.0000000 0.0086598 0.0056066
100 Q 100 0.0244980 0.0542376 0.0196724 0.1763747 0.0000000 0.1943774 0.1539855 0.0147435 0.0130472 0.0000000 0.0468326 0.1381902 0.0000000 0.0000000 0.1099645 0.0202987 0.0202629 0.0000000 0.0065647 0.0069500
101 L 101 0.0333907 0.0156194 0.0139909 0.0118619 0.0000000 0.0247762 0.0492968 0.0092041 0.0034173 0.0239150 0.4706942 0.0274235 0.0604152 0.0097053 0.0107761 0.1100259 0.0946977 0.0000000 0.0000000 0.0307898
102 E 102 0.0163875 0.0050135 0.0208451 0.0448296 0.0000000 0.0191283 0.6311591 0.0034513 0.0065301 0.0032683 0.1942544 0.0112600 0.0000000 0.0095905 0.0024146 0.0150641 0.0143455 0.0000000 0.0000000 0.0024581
103 R 103 0.0296696 0.2129185 0.0585184 0.0578040 0.0060539 0.1000291 0.1798601 0.0122410 0.0178023 0.0022657 0.0415426 0.1386780 0.0126892 0.0039594 0.0024165 0.0597158 0.0471567 0.0032334 0.0027372 0.0107085
104 N 104 0.2158214 0.0355531 0.0582388 0.0539398 0.0453682 0.0551877 0.1922312 0.0586399 0.0164358 0.0000000 0.0068610 0.0065810 0.0000000 0.0027468 0.0000000 0.2172573 0.0075879 0.0158225 0.0013185 0.0104092
105 I 105 0.0178474 0.0164948 0.0044822 0.0269898 0.0028662 0.0427706 0.0581284 0.0032103 0.0068908 0.3531109 0.1513090 0.0175133 0.1452602 0.0085506 0.0012321 0.0196316 0.0090231 0.0000000 0.0000000 0.1146890
106 E 106 0.0891718 0.0709738 0.0427990 0.1184090 0.0035093 0.0632951 0.3588084 0.0191970 0.0099015 0.0204407 0.0450620 0.0419652 0.0039051 0.0317418 0.0000000 0.0264748 0.0141994 0.0000000 0.0000000 0.0401462
107 T 107 0.0578606 0.0388260 0.0713961 0.0822738 0.0119938 0.0189653 0.1902032 0.0522595 0.1251519 0.0058473 0.0291170 0.0673027 0.0218351 0.0062642 0.0036671 0.0749863 0.1175337 0.0000000 0.0000000 0.0245163
108 I 108 0.0752035 0.0013949 0.0000000 0.0000000 0.0080113 0.0014470 0.0000000 0.0000000 0.0000000 0.2011711 0.4587438 0.0000000 0.0684144 0.0503165 0.0033480 0.0139883 0.0151534 0.0000000 0.0104603 0.0923475
109 I 109 0.0191167 0.1661470 0.0037200 0.0053241 0.0000000 0.0329351 0.0212627 0.0000000 0.0252074 0.2329465 0.0530426 0.1245299 0.0223017 0.1203556 0.0068452 0.0097529 0.0275093 0.0031794 0.0457046 0.0801192
110 N 110 0.1486150 0.1025210 0.0578672 0.1164511 0.0114452 0.0305134 0.1901556 0.0082449 0.0102277 0.0079369 0.0406563 0.1356159 0.0063959 0.0268240 0.0000000 0.0363601 0.0345501 0.0157716 0.0000000 0.0198478
111 T 111 0.5032045 0.0000000 0.0018757 0.0037143 0.0261960 0.0032952 0.0022327 0.0041180 0.0000000 0.0711702 0.0326174 0.0027693 0.0142793 0.0000000 0.0000000 0.0196938 0.0857908 0.0000000 0.0000000 0.2290427
112 F 112 0.0013080 0.0000000 0.0000000 0.0000000 0.0027682 0.0000000 0.0000000 0.0000000 0.0000000 0.0000000 0.0026842 0.0033164 0.0000000 0.9540556 0.0000000 0.0000000 0.0027749 0.0045076 0.0252295 0.0033556
113 H 113 0.0223072 0.1542732 0.0535975 0.0871535 0.0005792 0.1917601 0.0464573 0.0198112 0.1874144 0.0000000 0.0058527 0.0936226 0.0040983 0.0065754 0.0029491 0.0723482 0.0039249 0.0037174 0.0385639 0.0049936
114 Q 114 0.0289950 0.0538277 0.0192611 0.0080727 0.0076593 0.1108279 0.0406427 0.0000000 0.0364432 0.0315079 0.0983137 0.2212350 0.0794316 0.0227113 0.0000000 0.0318046 0.0250425 0.0030887 0.0575794 0.1235556
115 Y 115 0.0000000 0.0000000 0.0084215 0.0041881 0.0011717 0.0000000 0.0000000 0.0000000 0.0339178 0.0039156 0.0168329 0.0000000 0.0106720 0.4557886 0.0019203 0.0034982 0.0000000 0.0069082 0.4527650 0.0000000
116 S 116 0.2164997 0.0040032 0.0059539 0.4562850 0.0036791 0.0000000 0.0000000 0.0000000 0.0000000 0.0000000 0.0108893 0.0021975 0.0000000 0.0908629 0.0027971 0.1769368 0.0233167 0.0000000 0.0000000 0.0065788
117 V 117 0.0541910 0.0900930 0.0122461 0.1871905 0.0040382 0.0253610 0.0167134 0.1421940 0.0085704 0.0560732 0.0946222 0.0897728 0.0053730 0.0037187 0.0000000 0.0546041 0.0984033 0.0000000 0.0000000 0.0568350
118 K 118 0.0071067 0.0969740 0.0093188 0.3549093 0.0049546 0.0598509 0.0339770 0.0223106 0.0255257 0.0053544 0.0078127 0.3123335 0.0048747 0.0037828 0.0031651 0.0163449 0.0233542 0.0000000 0.0025745 0.0054758
119 L 119 0.0082094 0.0488285 0.0485147 0.4190112 0.0099485 0.0389670 0.1511599 0.0148708 0.0158227 0.0000000 0.0124482 0.1918907 0.0033618 0.0000000 0.0000000 0.0136828 0.0081325 0.0000000 0.0067761 0.0083752
120 G 120 0.0055822 0.0048037 0.0897380 0.1989238 0.0199014 0.0000000 0.0139048 0.6113354 0.0047717 0.0000000 0.0000000 0.0230953 0.0000000 0.0000000 0.0045873 0.0193223 0.0040341 0.0000000 0.0000000 0.0000000
121 H 121 0.0044208 0.0318878 0.2948524 0.2860508 0.0053078 0.0243588 0.0392564 0.1042505 0.0502268 0.0000000 0.0000000 0.0222566 0.0011762 0.0000000 0.0018905 0.1186354 0.0000000 0.0000000 0.0028786 0.0125504
122 P 122 0.0101041 0.0354159 0.0569272 0.0612575 0.0644702 0.0000000 0.0045577 0.3199133 0.0039411 0.0000000 0.0112726 0.1199278 0.0008615 0.0070843 0.0248069 0.2226298 0.0385258 0.0000000 0.0129122 0.0053923
123 D 123 0.0403251 0.0134952 0.0341734 0.1127890 0.0299518 0.0058196 0.0155198 0.4751413 0.0406704 0.0019043 0.0167031 0.0114276 0.0013962 0.1013944 0.0024268 0.0191645 0.0309351 0.0007854 0.0332296 0.0127473
124 T 124 0.0408757 0.0321585 0.0011953 0.0010852 0.0055309 0.0577766 0.0043382 0.0045205 0.0169811 0.0040755 0.0310939 0.1209052 0.0152515 0.0705038 0.0000000 0.0741691 0.2266829 0.0000000 0.2664404 0.0264156
125 L 125 0.0000000 0.0028029 0.0000000 0.0000000 0.0000000 0.0000000 0.0000000 0.0034410 0.0000000 0.6323078 0.3063030 0.0000000 0.0208916 0.0041404 0.0000000 0.0000000 0.0000000 0.0000000 0.0000000 0.0301132
126 N 126 0.0000000 0.0010163 0.0496831 0.0461940 0.0302976 0.0048518 0.0490009 0.0019135 0.0000000 0.0018654 0.0000000 0.0060866 0.0045747 0.0000000 0.0000000 0.4483959 0.3416241 0.0000000 0.0132953 0.0012007
127 Q 127 0.1516661 0.1399906 0.0179301 0.0017523 0.0045914 0.0395300 0.0084494 0.0051579 0.0087831 0.0504168 0.0356633 0.2950794 0.0199364 0.0147549 0.0381416 0.0252327 0.0474520 0.0000000 0.0213802 0.0740922
128 G 128 0.1111528 0.0325490 0.0287205 0.2095917 0.0009487 0.0487629 0.2002138 0.0837089 0.0076539 0.0014518 0.0081025 0.1429632 0.0005965 0.0064552 0.0035714 0.0656969 0.0364509 0.0004045 0.0006791 0.0103258
129 E 129 0.0023299 0.0037350 0.0141093 0.0678187 0.0000000 0.0012740 0.8941759 0.0022948 0.0000000 0.0000000 0.0000000 0.0063719 0.0000000 0.0000000 0.0045626 0.0033279 0.0000000 0.0000000 0.0000000 0.0000000
130 F 130 0.0000000 0.0000000 0.0000000 0.0000000 0.0000000 0.0000000 0.0000000 0.0000000 0.0000000 0.0285719 0.7914698 0.0000000 0.0502008 0.0981605 0.0037529 0.0018875 0.0014366 0.0027224 0.0000000 0.0217976
131 K 131 0.0589588 0.2373094 0.0023100 0.0009853 0.0052040 0.0909917 0.0827053 0.0486721 0.0204384 0.0052938 0.0746514 0.3251910 0.0092559 0.0100204 0.0000000 0.0177480 0.0050785 0.0000000 0.0008040 0.0043822
132 E 132 0.0613365 0.0737135 0.0407771 0.0428821 0.0007775 0.1715986 0.2147170 0.0054634 0.0861799 0.0153648 0.0175670 0.0709038 0.0063111 0.0022599 0.0055250 0.0746174 0.0747474 0.0000000 0.0067630 0.0284950
133 L 133 0.1985162 0.0000000 0.0000000 0.0000000 0.0013368 0.0000000 0.0026528 0.0194781 0.0000000 0.0685058 0.3250772 0.0000000 0.0386645 0.0540866 0.0000000 0.0176240 0.0055084 0.0000000 0.0000000 0.2685496
134 V 134 0.0225347 0.0000000 0.0000000 0.0000000 0.0040624 0.0022299 0.0000000 0.0000000 0.0000000 0.0597113 0.4920241 0.0041864 0.3305029 0.0090851 0.0025532 0.0011773 0.0052160 0.0000000 0.0000000 0.0667168
135 R 135 0.0499570 0.1444850 0.0672505 0.0034841 0.0045228 0.1063537 0.1680818 0.0565170 0.0326048 0.0044563 0.0282820 0.1481270 0.0095980 0.0000000 0.0128058 0.0240144 0.1152302 0.0000000 0.0035255 0.0207042
136 K 136 0.0920497 0.0728579 0.1019076 0.0677922 0.0025387 0.0337078 0.0715207 0.0153311 0.0216047 0.0103909 0.0075353 0.1978425 0.0212122 0.0010687 0.0045115 0.1296344 0.1298400 0.0000000 0.0046628 0.0139914
137 D 137 0.0090424 0.0096988 0.0203730 0.0447805 0.0016971 0.0425203 0.5028983 0.0409415 0.0055285 0.0344920 0.0789959 0.0000000 0.1093523 0.0312914 0.0056353 0.0110789 0.0252594 0.0000000 0.0033506 0.0230638
138 L 138 0.0226000 0.0000000 0.0030422 0.0037315 0.0253406 0.0051873 0.0021198 0.0324274 0.0000000 0.0265834 0.4477703 0.0000000 0.0258557 0.2276866 0.0433723 0.0211821 0.0023057 0.0000000 0.0120987 0.0986962
139 Q 139 0.1609968 0.0720270 0.0119385 0.0210937 0.0154797 0.0141959 0.0375371 0.2390046 0.0480118 0.0096844 0.0119568 0.0327392 0.0113954 0.0000000 0.1986175 0.0535024 0.0378472 0.0000000 0.0099305 0.0140417
140 N 140 0.0501026 0.0297613 0.1414236 0.1683584 0.0049677 0.0718120 0.0767842 0.0515613 0.0442440 0.0045489 0.0146644 0.0128395 0.0070431 0.0040799 0.0718049 0.1354949 0.0893357 0.0000000 0.0000000 0.0211737
141 F 141 0.0386261 0.0070072 0.0388646 0.0094113 0.0243219 0.0151620 0.0089061 0.0320775 0.0018392 0.1714132 0.0589121 0.0219220 0.0117489 0.2914621 0.0321845 0.0237234 0.0185819 0.0185287 0.0604187 0.1148887
142 L 142 0.0015624 0.0068697 0.0067515 0.0045474 0.1013165 0.0058899 0.0204459 0.0408189 0.0072733 0.0714308 0.4436534 0.0029386 0.0686560 0.0287194 0.0018179 0.0369388 0.1065767 0.0064118 0.0000000 0.0373813
143 K 143 0.0226879 0.0461375 0.0022449 0.0187833 0.0045297 0.0407012 0.0673624 0.0758930 0.0096496 0.0046223 0.2526730 0.2651308 0.0203878 0.0090858 0.0360391 0.0537733 0.0246292 0.0029232 0.0064181 0.0363276
144 K 144 0.0256623 0.0551928 0.1404502 0.0674922 0.0136809 0.0010024 0.0599276 0.3602925 0.0287305 0.0011217 0.0058435 0.0889947 0.0230956 0.0000000 0.0127036 0.0377668 0.0224243 0.0000000 0.0412193 0.0143992
145 E 145 0.0272153 0.0228074 0.0145170 0.0516026 0.0112225 0.1674305 0.2721270 0.0587553 0.0500780 0.0085870 0.0270036 0.0355922 0.0081246 0.0302178 0.1459960 0.0247253 0.0154361 0.0000000 0.0023483 0.0262134
146 N 146 0.0348747 0.0376854 0.1467808 0.1252349 0.0000000 0.0592945 0.0311463 0.1298686 0.0490351 0.0385286 0.0215887 0.1483312 0.0444350 0.0126347 0.0247834 0.0289544 0.0346791 0.0000000 0.0036992 0.0284455
147 K 147 0.0379963 0.0753612 0.0157664 0.0244133 0.0145395 0.0091022 0.0046649 0.0579022 0.0112969 0.0542379 0.2565599 0.1620393 0.0573273 0.0207246 0.0686917 0.0271223 0.0398418 0.0000000 0.0134656 0.0489469
148 N 148 0.0156280 0.0046410 0.0857325 0.3816007 0.0075678 0.0059836 0.0760148 0.0377400 0.0095217 0.0040049 0.0000000 0.0263296 0.0027959 0.0000000 0.0128341 0.1389497 0.1873215 0.0000000 0.0000000 0.0033342
149 E 149 0.0383294 0.0094239 0.0100125 0.2107390 0.0020528 0.0639192 0.2593439 0.0102828 0.0095945 0.0177405 0.0152841 0.0474153 0.0046745 0.0032678 0.2383276 0.0114480 0.0166813 0.0000000 0.0080013 0.0234618
150 K 150 0.1649166 0.0306757 0.0329275 0.1416430 0.0115070 0.0706683 0.2366503 0.0722256 0.0007797 0.0126754 0.0129365 0.0687428 0.0087501 0.0006249 0.0037576 0.0634700 0.0204093 0.0000000 0.0052862 0.0413535
151 V 151 0.0759516 0.0292918 0.0077650 0.0695040 0.0016761 0.0178578 0.2795904 0.0124539 0.0151749 0.0406019 0.0318366 0.0340091 0.0096308 0.0136427 0.0024589 0.0684854 0.1583552 0.0011074 0.0312415 0.0993651
152 I 152 0.0326404 0.0000000 0.0000000 0.0000000 0.0447290 0.0000000 0.0000000 0.0017457 0.0000000 0.2736917 0.2345186 0.0000000 0.0227193 0.0090780 0.0000000 0.0000000 0.0157808 0.0430802 0.0105376 0.3114787
153 E 153 0.0336136 0.0419143 0.0636760 0.3957202 0.0037168 0.0704718 0.1944988 0.0085912 0.0082278 0.0015422 0.0082596 0.1132065 0.0034478 0.0031717 0.0000000 0.0184143 0.0271236 0.0000000 0.0020922 0.0023114
154 H 154 0.0426156 0.0692648 0.0271646 0.1696197 0.0066528 0.0527932 0.3041863 0.0104151 0.0222759 0.0223312 0.0268864 0.1303461 0.0065524 0.0000000 0.0201927 0.0296319 0.0278789 0.0008054 0.0044010 0.0259860
155 I 155 0.0118039 0.0000000 0.0104867 0.0000000 0.0000000 0.0053369 0.0000000 0.0015413 0.0039036 0.3252563 0.1783780 0.0022932 0.3156847 0.0274687 0.0000000 0.0000000 0.0259525 0.0100119 0.0000000 0.0818822
156 M 156 0.0000000 0.0000000 0.0000000 0.0000000 0.0000000 0.0000000 0.0000000 0.0016220 0.0011553 0.3698645 0.1924877 0.0014814 0.2729120 0.1186057 0.0000000 0.0037241 0.0000000 0.0000000 0.0000000 0.0381473
157 E 157 0.0243552 0.1899881 0.0830942 0.0578023 0.0034423 0.1131203 0.1194567 0.0255655 0.0347520 0.0061411 0.0097313 0.2078249 0.0080834 0.0045916 0.0030996 0.0760193 0.0239514 0.0000000 0.0062829 0.0026980
158 D 158 0.0301800 0.0103415 0.0297636 0.1786060 0.0028982 0.0487460 0.4286282 0.0085827 0.0219259 0.0156261 0.0705016 0.0490194 0.0127080 0.0053618 0.0007114 0.0538683 0.0140796 0.0000000 0.0080789 0.0103728
159 L 159 0.2335334 0.0000000 0.0000000 0.0000000 0.0163747 0.0090233 0.0000000 0.0098347 0.0000000 0.0237359 0.3067108 0.0052857 0.0479064 0.0154361 0.0000000 0.0086890 0.0086562 0.0000000 0.0027560 0.3120578
160 D 160 0.0000000 0.0000000 0.0000000 0.9900701 0.0000000 0.0000000 0.0067795 0.0000000 0.0000000 0.0000000 0.0000000 0.0000000 0.0000000 0.0000000 0.0000000 0.0000000 0.0000000 0.0000000 0.0031503 0.0000000
161 T 161 0.1129236 0.0898979 0.0076019 0.0073025 0.0029365 0.0951220 0.0424623 0.0206401 0.0052009 0.0798218 0.0757971 0.1115789 0.0192637 0.0078634 0.0000000 0.0489021 0.1866982 0.0037144 0.0000000 0.0822727
162 N 162 0.0000000 0.0019482 0.3991519 0.5719850 0.0070617 0.0000000 0.0000000 0.0043836 0.0000000 0.0000000 0.0000000 0.0053745 0.0000000 0.0000000 0.0000000 0.0075179 0.0025772 0.0000000 0.0000000 0.0000000
163 A 163 0.0148766 0.0476189 0.1538423 0.0105544 0.0177558 0.0328488 0.0155716 0.4064328 0.0634112 0.0000000 0.0035884 0.1597900 0.0010828 0.0053069 0.0000000 0.0588778 0.0065827 0.0000000 0.0000000 0.0018590
164 D 164 0.0000000 0.0038078 0.1260914 0.8337508 0.0000000 0.0000000 0.0000000 0.0000000 0.0000000 0.0000000 0.0000000 0.0036333 0.0000000 0.0000000 0.0000000 0.0169686 0.0144828 0.0000000 0.0000000 0.0012652
165 K 165 0.0108315 0.0233405 0.0451473 0.0148695 0.0061490 0.0282364 0.0103414 0.8027239 0.0041291 0.0000000 0.0000000 0.0382699 0.0000000 0.0000000 0.0000000 0.0159617 0.0000000 0.0000000 0.0000000 0.0000000
166 Q 166 0.0259573 0.2252875 0.0095616 0.0014354 0.0121116 0.1834301 0.1417980 0.0009661 0.0222582 0.0020161 0.0337861 0.1460722 0.0163436 0.0131315 0.0000000 0.0317855 0.0833006 0.0000000 0.0126054 0.0381532
167 L 167 0.0037609 0.0000000 0.0000000 0.0000000 0.0061853 0.0000000 0.0000000 0.0000000 0.0000000 0.5467415 0.1227808 0.0000000 0.0032506 0.0014848 0.0017102 0.0000000 0.0020031 0.0000000 0.0000000 0.3120827
168 S 168 0.0000000 0.0066778 0.1901103 0.4910107 0.0076670 0.0039871 0.0280008 0.0067380 0.0000000 0.0000000 0.0000000 0.0026114 0.0008219 0.0000000 0.0000000 0.2323839 0.0272066 0.0000000 0.0027843 0.0000000
169 F 169 0.0000000 0.0000000 0.0000000 0.0000000 0.0011621 0.0082847 0.0069689 0.0000000 0.0023785 0.0046393 0.0536642 0.0018394 0.0000000 0.6248697 0.0000000 0.0069107 0.0000000 0.0000000 0.2879927 0.0012897
170 E 170 0.0234374 0.0160014 0.0839005 0.1471624 0.0000000 0.1443836 0.2688189 0.0338617 0.0356939 0.0041456 0.0059754 0.0560248 0.0010648 0.0010432 0.0396321 0.0523922 0.0653771 0.0000000 0.0166229 0.0044620
171 E 171 0.0000000 0.0000000 0.0000000 0.0129349 0.0000000 0.0044106 0.9693451 0.0030936 0.0027140 0.0000000 0.0000000 0.0000000 0.0015302 0.0000000 0.0000000 0.0059717 0.0000000 0.0000000 0.0000000 0.0000000
172 F 172 0.0000000 0.0000000 0.0000000 0.0000000 0.0026882 0.0000000 0.0000000 0.0000000 0.0000000 0.0000000 0.0066104 0.0000000 0.0000000 0.8895625 0.0000000 0.0013785 0.0000000 0.0015052 0.0906431 0.0076121
173 I 173 0.0473896 0.0323099 0.0000000 0.0000000 0.0405837 0.0232081 0.0139137 0.0000000 0.0000000 0.0777161 0.2594141 0.0599927 0.0453801 0.0109929 0.0014465 0.0276530 0.0294440 0.0095124 0.0020949 0.3189482
174 M 174 0.1922589 0.0841016 0.0528406 0.0174536 0.0069238 0.0606236 0.0449346 0.0042181 0.0221752 0.0364493 0.1105495 0.0886526 0.0272519 0.0000000 0.0023994 0.0543723 0.1025206 0.0000000 0.0163389 0.0759354
175 L 175 0.0660673 0.0009211 0.0000000 0.0000000 0.0015525 0.0000000 0.0006145 0.0022612 0.0023844 0.0588539 0.2836953 0.0005440 0.4533123 0.0716969 0.0000000 0.0110247 0.0036143 0.0000000 0.0035365 0.0399210
176 M 176 0.0039330 0.0000000 0.0009844 0.0000000 0.0000000 0.0000000 0.0000000 0.0000000 0.0000000 0.1062933 0.1686642 0.0000000 0.4941574 0.0049508 0.0000000 0.0013121 0.0160846 0.0000000 0.0054136 0.1982067
177 A 177 0.1853389 0.1009136 0.0085422 0.0051438 0.0101139 0.0752647 0.0230744 0.1444062 0.0039373 0.0230070 0.0503029 0.0413324 0.0141571 0.1265246 0.0000000 0.0831993 0.0786830 0.0000000 0.0000000 0.0260587
178 R 178 0.0489372 0.1492697 0.0292677 0.0095648 0.0264907 0.0467744 0.0389342 0.1530381 0.0125413 0.0011945 0.0068224 0.3471683 0.0082978 0.0000000 0.0042935 0.0666497 0.0471726 0.0000000 0.0000000 0.0035831
179 L 179 0.0476713 0.0095808 0.0058184 0.0028651 0.0044022 0.0049407 0.0000000 0.0152660 0.0018060 0.1220823 0.4288658 0.0589826 0.0457012 0.0079389 0.0034466 0.0257209 0.0186753 0.0061300 0.0000000 0.1901059
180 T 180 0.3535626 0.0101171 0.0000000 0.0171289 0.0558850 0.0123837 0.0000000 0.0272674 0.0000000 0.0204957 0.0448737 0.0024399 0.0835792 0.0026484 0.0000000 0.0794142 0.2184762 0.0000000 0.0000000 0.0717279
181 W 181 0.0206429 0.0398826 0.0561920 0.0229582 0.0140593 0.1689691 0.0117349 0.0093490 0.0057050 0.1020950 0.0463100 0.1258046 0.1214760 0.0125368 0.0000000 0.0212475 0.0414277 0.0089002 0.0056680 0.1650411
182 A 182 0.4924544 0.0063818 0.0070518 0.1423142 0.0170130 0.0018559 0.0169551 0.0598424 0.0194177 0.0222305 0.0214916 0.0095583 0.0566745 0.0068209 0.0086659 0.0354705 0.0349725 0.0029977 0.0132419 0.0245893
183 S 183 0.0687283 0.0141980 0.0000000 0.0259067 0.5503096 0.0000000 0.0191835 0.0051426 0.0120184 0.0000000 0.0000000 0.0037205 0.0060091 0.0105212 0.0030279 0.1167591 0.0348755 0.0030079 0.1227288 0.0038628
184 H 184 0.0000000 0.0180563 0.2709062 0.0182863 0.0000000 0.0130134 0.0342650 0.0068320 0.3794043 0.0051520 0.0000000 0.0000000 0.0022663 0.0445064 0.0361380 0.0000000 0.0068526 0.0000000 0.1643215 0.0000000
185 E 185 0.0321321 0.0298508 0.0208498 0.1494093 0.0000000 0.0397997 0.3273492 0.0024062 0.0520998 0.0097470 0.0385366 0.1917511 0.0000000 0.0000000 0.0035663 0.0298157 0.0042158 0.0091274 0.0520712 0.0072718
186 K 186 0.1281372 0.0289621 0.0190166 0.1011909 0.0132180 0.0379941 0.0756352 0.0000000 0.0380796 0.0456855 0.0101901 0.1259730 0.0000000 0.1102188 0.0049254 0.1020137 0.0446355 0.0000000 0.0890505 0.0250741
187 M 187 0.0036487 0.0300515 0.0072065 0.0000000 0.0042467 0.0000000 0.0040854 0.0028776 0.0000000 0.1019002 0.2568546 0.0075976 0.0877023 0.2603971 0.0153010 0.1073814 0.0378364 0.0000000 0.0655844 0.0073285
188 H 188 0.0000000 0.0472017 0.0217059 0.0585117 0.0400179 0.1149123 0.0453977 0.0392821 0.2459622 0.0029911 0.1241445 0.0582361 0.0093270 0.0039139 0.0130016 0.0936227 0.0143397 0.0046657 0.0000000 0.0627664
189 E 189 0.0186574 0.0900979 0.0423922 0.0484319 0.0000000 0.1086945 0.1970339 0.0867083 0.0119897 0.0169544 0.0185162 0.2525027 0.0080970 0.0191665 0.0061726 0.0565331 0.0053420 0.0000000 0.0000000 0.0127097
