   94         A         R         N         D         C         Q         E         G         H         I         L         K         M         F         P         S         T         W         Y         V         X    
  1 M   1 0.0000000 0.0000000 0.0000000 0.0000000 0.0000000 0.0000000 0.0000000 0.0000000 0.0000000 0.0000000 0.0000000 0.0000000 0.0766944 0.0000000 0.0000000 0.0000000 0.0000000 0.0000000 0.0000000 0.0000000 0.9233056
  2 E   2 0.0000000 0.0368209 0.0000000 0.0000000 0.0000000 0.0000000 0.0398736 0.0000000 0.0000000 0.0000000 0.0000000 0.0000000 0.0000000 0.0000000 0.0000000 0.0000000 0.0000000 0.0000000 0.0000000 0.0000000 0.9233056
  3 H   3 0.0000000 0.0000000 0.0000000 0.0000000 0.0000000 0.0000000 0.0000000 0.0000000 0.0766944 0.0000000 0.0000000 0.0000000 0.0000000 0.0000000 0.0000000 0.0000000 0.0000000 0.0000000 0.0000000 0.0000000 0.9233056
  4 H   4 0.0000000 0.0000000 0.0000000 0.0000000 0.0000000 0.0000000 0.0000000 0.0000000 0.0398736 0.0368209 0.0000000 0.0000000 0.0000000 0.0000000 0.0000000 0.0000000 0.0000000 0.0000000 0.0000000 0.0000000 0.9233056
  5 H   5 0.0000000 0.0000000 0.0000000 0.0000000 0.0000000 0.0000000 0.0000000 0.0000000 0.0398736 0.0000000 0.0000000 0.0368209 0.0000000 0.0000000 0.0000000 0.0000000 0.0000000 0.0000000 0.0000000 0.0000000 0.9233056
  6 H   6 0.0000000 0.0000000 0.0000000 0.0000000 0.0000000 0.0000000 0.0368209 0.0000000 0.0398736 0.0000000 0.0000000 0.0000000 0.0000000 0.0000000 0.0000000 0.0000000 0.0000000 0.0000000 0.0319922 0.0000000 0.8913134
  7 H   7 0.0000000 0.0000000 0.0368209 0.0000000 0.0000000 0.0000000 0.0000000 0.0000000 0.0508629 0.0000000 0.0000000 0.0000000 0.1385067 0.0000000 0.0000000 0.0000000 0.0000000 0.0000000 0.0000000 0.0000000 0.7738096
  8 H   8 0.0106487 0.0319922 0.0109893 0.0000000 0.0000000 0.0000000 0.0000000 0.0000000 0.0398736 0.0537907 0.0000000 0.0368209 0.0000000 0.0129782 0.0000000 0.0152647 0.0000000 0.0000000 0.0138322 0.0000000 0.7738096
  9 E   9 0.0000000 0.0000000 0.0454802 0.0593818 0.0000000 0.0162966 0.1924614 0.0000000 0.0103570 0.0000000 0.0000000 0.0940047 0.0457523 0.0000000 0.0000000 0.0265519 0.0000000 0.0000000 0.0109893 0.0152647 0.4834602
 10 L  10 0.0368209 0.0250519 0.0000000 0.0000000 0.0000000 0.0000000 0.0000000 0.0000000 0.0000000 0.0436353 0.3467137 0.0000000 0.0908633 0.1103447 0.0000000 0.0000000 0.0000000 0.0000000 0.0000000 0.0000000 0.3465703
 11 K  11 0.0000000 0.0000000 0.0689129 0.0168818 0.0000000 0.0000000 0.0545640 0.0368209 0.0000000 0.0000000 0.0000000 0.5962696 0.0000000 0.0000000 0.0000000 0.0000000 0.0000000 0.0000000 0.0000000 0.0000000 0.2265508
 12 N  12 0.0000000 0.0000000 0.2474673 0.1086432 0.0000000 0.0369089 0.0912388 0.0000000 0.0133184 0.0000000 0.0000000 0.2003099 0.0000000 0.0000000 0.0000000 0.0914149 0.0393471 0.0000000 0.0000000 0.0000000 0.1713515
 13 S  13 0.0177472 0.0528439 0.0841847 0.0396416 0.0000000 0.0166315 0.0195119 0.0106487 0.0104733 0.0077234 0.0000000 0.4016814 0.0000000 0.0000000 0.0000000 0.1502337 0.0541638 0.0000000 0.0000000 0.0000000 0.1345148
 14 I  14 0.0130897 0.0000000 0.0000000 0.0000000 0.0000000 0.0000000 0.0000000 0.0000000 0.0000000 0.4139980 0.3020757 0.0000000 0.0000000 0.0828776 0.0000000 0.0000000 0.0000000 0.0000000 0.0286836 0.0247607 0.1345148
 15 S  15 0.0446615 0.0000000 0.0190472 0.0000000 0.0065850 0.0657382 0.3083030 0.0103602 0.0000000 0.0000000 0.0000000 0.0130897 0.0094960 0.0000000 0.0000000 0.3573888 0.0233500 0.0000000 0.0319922 0.0000000 0.1099883
 16 D  16 0.0000000 0.0000000 0.0355638 0.6603101 0.0000000 0.0000000 0.1385213 0.0000000 0.0000000 0.0000000 0.0000000 0.0236243 0.0000000 0.0319922 0.0000000 0.0000000 0.0000000 0.0000000 0.0000000 0.0000000 0.1099883
 17 Y  17 0.0000000 0.0000000 0.0000000 0.0000000 0.0000000 0.0000000 0.0000000 0.0000000 0.0243667 0.0225857 0.0388890 0.0000000 0.0000000 0.0785437 0.0245265 0.0000000 0.0000000 0.0000000 0.7011001 0.0000000 0.1099883
 18 T  18 0.0103731 0.0000000 0.0310102 0.0243667 0.0000000 0.0000000 0.0000000 0.0000000 0.0000000 0.0000000 0.0152647 0.0000000 0.0000000 0.0000000 0.0000000 0.0878419 0.7413629 0.0000000 0.0000000 0.0000000 0.0897804
 19 E  19 0.0000000 0.0481508 0.0000000 0.0000000 0.0000000 0.0255425 0.7765541 0.0132124 0.0000000 0.0000000 0.0000000 0.0202079 0.0000000 0.0000000 0.0000000 0.0000000 0.0000000 0.0000000 0.0265519 0.0000000 0.0897804
 20 A  20 0.2113584 0.0138322 0.0674313 0.0705423 0.0000000 0.0807210 0.1203847 0.0423653 0.0090992 0.0000000 0.0195871 0.0073132 0.0129782 0.0000000 0.0000000 0.1964404 0.0412845 0.0000000 0.0000000 0.0168818 0.0897804
 21 E  21 0.0000000 0.0000000 0.0000000 0.0514917 0.0000000 0.0168818 0.8174794 0.0000000 0.0000000 0.0000000 0.0000000 0.0000000 0.0000000 0.0000000 0.0000000 0.0243667 0.0000000 0.0000000 0.0000000 0.0000000 0.0897804
 22 F  22 0.0000000 0.0000000 0.0000000 0.0000000 0.0000000 0.0000000 0.0000000 0.0000000 0.0000000 0.0000000 0.0683587 0.0000000 0.0000000 0.8418609 0.0000000 0.0000000 0.0000000 0.0000000 0.0000000 0.0000000 0.0897804
 23 V  23 0.0000000 0.0265519 0.0000000 0.0000000 0.0000000 0.0000000 0.0000000 0.0000000 0.0000000 0.1985486 0.4575861 0.0235727 0.0491287 0.0000000 0.0000000 0.0000000 0.0368209 0.0000000 0.0177472 0.1083639 0.0816801
 24 Q  24 0.1422099 0.0496597 0.0310822 0.1140318 0.0000000 0.0852410 0.2977599 0.0144031 0.0000000 0.0000000 0.0211436 0.0207172 0.0000000 0.0000000 0.0000000 0.1303958 0.0000000 0.0000000 0.0000000 0.0116758 0.0816801
 25 A  25 0.0183628 0.0000000 0.0000000 0.0000000 0.0000000 0.0000000 0.0000000 0.0000000 0.0000000 0.1145168 0.2766489 0.0000000 0.0319922 0.4510098 0.0000000 0.0000000 0.0000000 0.0000000 0.0000000 0.0257894 0.0816801
 26 A  26 0.0288306 0.0000000 0.0000000 0.0000000 0.0000000 0.0000000 0.0000000 0.0000000 0.0000000 0.1533509 0.3802923 0.0000000 0.0099272 0.0000000 0.0000000 0.0000000 0.0000000 0.0000000 0.0000000 0.3459188 0.0816801
 27 K  27 0.0000000 0.0891203 0.1096423 0.0672625 0.0000000 0.0546208 0.1509169 0.0462151 0.0104368 0.0172206 0.0081511 0.2087484 0.0000000 0.0000000 0.0000000 0.0637400 0.0922450 0.0000000 0.0000000 0.0000000 0.0816801
 28 E  28 0.0352126 0.0379488 0.0605364 0.0831747 0.0000000 0.0000000 0.3464967 0.0328605 0.0000000 0.0064079 0.0320215 0.2309046 0.0000000 0.0000000 0.0000000 0.0108399 0.0327519 0.0000000 0.0000000 0.0091645 0.0816801
 29 I  29 0.0000000 0.0000000 0.0000000 0.0000000 0.0000000 0.0000000 0.0000000 0.0000000 0.0000000 0.5496540 0.1569986 0.0000000 0.0000000 0.1750948 0.0000000 0.0000000 0.0000000 0.0000000 0.0000000 0.0365724 0.0816801
 30 E  30 0.0000000 0.0706740 0.0000000 0.0000000 0.1028623 0.0000000 0.0532819 0.0000000 0.0172206 0.1276859 0.0395169 0.0081824 0.0000000 0.3141084 0.0000000 0.0252761 0.0307140 0.0347398 0.0534548 0.0406025 0.0816801
 31 K  31 0.0561298 0.0712060 0.2390975 0.0318068 0.0000000 0.0265519 0.1475314 0.0000000 0.0000000 0.0000000 0.0079806 0.1566590 0.0000000 0.0000000 0.0090704 0.0656153 0.0150375 0.0000000 0.0289343 0.0000000 0.1443795
 32 E  32 0.2990016 0.0000000 0.0773212 0.0737056 0.0000000 0.0079329 0.1339492 0.0225857 0.0000000 0.0000000 0.0114333 0.0000000 0.0000000 0.0106487 0.0403543 0.0564393 0.0089314 0.0000000 0.0000000 0.0901017 0.1675951
 33 N  33 0.0000000 0.0000000 0.2549831 0.2064037 0.0000000 0.0000000 0.0656224 0.0116758 0.0079329 0.0000000 0.0000000 0.0583854 0.0000000 0.0000000 0.0197084 0.0186521 0.1844546 0.0000000 0.0082728 0.0000000 0.1639087
 34 V  34 0.0410167 0.0385665 0.0250526 0.0281673 0.0103602 0.0000000 0.0301287 0.2236691 0.0000000 0.0234680 0.0172206 0.0743432 0.0000000 0.0675889 0.0000000 0.0466729 0.0474023 0.0000000 0.0598396 0.1055849 0.1609184
 35 A  35 0.1623026 0.0475819 0.0088404 0.0114333 0.0116758 0.0272953 0.2336421 0.0000000 0.0162966 0.0000000 0.0000000 0.1101455 0.0000000 0.0000000 0.0000000 0.1455963 0.0587853 0.0000000 0.0192477 0.0000000 0.1471570
 36 A  36 0.0839314 0.0106487 0.0512613 0.1338426 0.0000000 0.0000000 0.1140431 0.1104474 0.0000000 0.0000000 0.0463863 0.0464655 0.0000000 0.0000000 0.1142070 0.0145805 0.0377653 0.0000000 0.0000000 0.0084691 0.2279517
 37 T  37 0.0466961 0.0000000 0.0088404 0.0235727 0.0000000 0.0243667 0.0279792 0.0144031 0.0254941 0.0000000 0.0736087 0.0560599 0.0000000 0.0418781 0.0172206 0.0866029 0.3763552 0.0000000 0.0382509 0.0000000 0.1386714
 38 D  38 0.0000000 0.0509186 0.0000000 0.2481417 0.0000000 0.0090992 0.5291394 0.0920025 0.0000000 0.0000000 0.0000000 0.0000000 0.0000000 0.0000000 0.0000000 0.0000000 0.0000000 0.0000000 0.0000000 0.0000000 0.0706986
 39 D  39 0.0803887 0.0000000 0.0331231 0.1756628 0.0000000 0.0364039 0.2603397 0.0166413 0.0172206 0.0000000 0.0177472 0.1796413 0.0089314 0.0000000 0.0000000 0.0786750 0.0245265 0.0000000 0.0000000 0.0000000 0.0706986
 40 V  40 0.0000000 0.0339282 0.0000000 0.0519324 0.0000000 0.0358634 0.3136668 0.0000000 0.0495591 0.0108399 0.0240242 0.0235727 0.0000000 0.0239276 0.0000000 0.0160420 0.0091645 0.0265519 0.2410009 0.0692278 0.0706986
 41 L  41 0.0275541 0.0196423 0.0368209 0.0346020 0.0000000 0.0840855 0.0225857 0.0077243 0.1444681 0.0872518 0.2956225 0.0000000 0.0250074 0.0168818 0.0000000 0.0103570 0.0104721 0.0227636 0.0116758 0.0717866 0.0706986
 42 D  42 0.0000000 0.0000000 0.0793786 0.5331430 0.0000000 0.0213942 0.0459295 0.0172206 0.0202862 0.1035437 0.0000000 0.0000000 0.0000000 0.0000000 0.0000000 0.0790618 0.0079806 0.0000000 0.0000000 0.0213633 0.0706986
 43 V  43 0.0577533 0.0700741 0.1052439 0.1385861 0.0000000 0.0318396 0.0973093 0.0172206 0.0000000 0.0438935 0.0077243 0.0700708 0.0000000 0.0000000 0.0200044 0.1569789 0.0484431 0.0000000 0.0000000 0.0641594 0.0706986
 44 A  44 0.1810810 0.0000000 0.0103602 0.0000000 0.0000000 0.0000000 0.0000000 0.0000000 0.0000000 0.0239597 0.6334129 0.0000000 0.0481508 0.0000000 0.0000000 0.0082728 0.0000000 0.0172503 0.0000000 0.0068137 0.0706986
 45 L  45 0.0323787 0.0000000 0.0000000 0.0000000 0.0000000 0.0146393 0.0138322 0.0000000 0.0000000 0.1950205 0.3106485 0.0000000 0.0291380 0.0000000 0.0000000 0.0177472 0.0000000 0.0000000 0.0000000 0.3158970 0.0706986
 46 E  46 0.0276745 0.0514458 0.0129782 0.2549334 0.0000000 0.0283786 0.2228601 0.0000000 0.0000000 0.0000000 0.1298643 0.0678183 0.0000000 0.0215114 0.0000000 0.0348243 0.0320094 0.0000000 0.0450033 0.0000000 0.0706986
 47 H  47 0.0106487 0.0112671 0.0514912 0.0104678 0.0000000 0.0089384 0.1595583 0.0000000 0.5022041 0.0073860 0.0187049 0.0472722 0.0000000 0.0000000 0.0000000 0.0368209 0.0000000 0.0245265 0.0259326 0.0000000 0.0847813
 48 F  48 0.0000000 0.0000000 0.0000000 0.0000000 0.0000000 0.0000000 0.0000000 0.0000000 0.0000000 0.0608045 0.0138322 0.0000000 0.0000000 0.7711601 0.0000000 0.0000000 0.0000000 0.0000000 0.0000000 0.0974011 0.0568021
 49 V  49 0.0448420 0.0190200 0.0275065 0.0461570 0.0144031 0.0000000 0.3088853 0.0000000 0.0000000 0.1828429 0.0000000 0.0437434 0.0236243 0.0000000 0.0000000 0.0594469 0.0633496 0.0000000 0.0000000 0.1093770 0.0568021
 50 K  50 0.0354726 0.2122692 0.0192986 0.0258364 0.0080402 0.1040838 0.1572827 0.0000000 0.0197520 0.0116758 0.0178751 0.2915241 0.0103731 0.0000000 0.0000000 0.0000000 0.0411678 0.0000000 0.0000000 0.0000000 0.0453484
 51 I  51 0.0000000 0.0000000 0.0236243 0.0000000 0.0000000 0.0000000 0.0000000 0.0000000 0.0000000 0.3881839 0.3124679 0.0000000 0.0083851 0.0000000 0.0000000 0.0202079 0.0000000 0.0000000 0.0245265 0.1906584 0.0319460
 52 T  52 0.0216169 0.0000000 0.0000000 0.0000000 0.0211655 0.0000000 0.0000000 0.0000000 0.0000000 0.0388299 0.0000000 0.0000000 0.0000000 0.0000000 0.0000000 0.1687489 0.5927654 0.0000000 0.0000000 0.1249274 0.0319460
 53 E  53 0.0376415 0.0000000 0.0000000 0.0220328 0.0000000 0.0831670 0.6593431 0.0577497 0.0000000 0.0000000 0.0000000 0.0000000 0.0000000 0.0000000 0.0683587 0.0397613 0.0000000 0.0000000 0.0000000 0.0000000 0.0319460
 54 H  54 0.0000000 0.0000000 0.0104733 0.0000000 0.0000000 0.0000000 0.0000000 0.0000000 0.9201166 0.0000000 0.0000000 0.0000000 0.0000000 0.0000000 0.0000000 0.0000000 0.0000000 0.0000000 0.0374641 0.0000000 0.0319460
 55 P  55 0.0000000 0.0000000 0.0000000 0.0000000 0.0000000 0.0000000 0.0000000 0.0000000 0.0000000 0.0000000 0.0000000 0.0000000 0.0000000 0.0000000 0.9680540 0.0000000 0.0000000 0.0000000 0.0000000 0.0000000 0.0319460
 56 D  56 0.1859955 0.0395600 0.0668618 0.2554000 0.0000000 0.0188422 0.1129409 0.0327888 0.0134025 0.0000000 0.0389448 0.0535186 0.0000000 0.0000000 0.0000000 0.1497990 0.0000000 0.0000000 0.0000000 0.0000000 0.0319460
 57 G  57 0.0000000 0.0116758 0.0000000 0.0000000 0.0144031 0.0357129 0.0101517 0.6551453 0.0000000 0.0236243 0.0000000 0.1418924 0.0138322 0.0000000 0.0000000 0.0168818 0.0000000 0.0000000 0.0000000 0.0447344 0.0319460
 58 T  58 0.0000000 0.0104721 0.1211108 0.0000000 0.0000000 0.0000000 0.0000000 0.0985646 0.0000000 0.0000000 0.0000000 0.0000000 0.0170864 0.0000000 0.0132124 0.5109555 0.1344283 0.0450033 0.0172206 0.0000000 0.0319460
 59 D  59 0.0497301 0.0000000 0.0672190 0.7533429 0.0000000 0.0000000 0.0000000 0.0977621 0.0000000 0.0000000 0.0000000 0.0000000 0.0000000 0.0000000 0.0000000 0.0000000 0.0000000 0.0000000 0.0000000 0.0000000 0.0319460
 60 L  60 0.0000000 0.0000000 0.0000000 0.0000000 0.0319460 0.0000000 0.0000000 0.0000000 0.0000000 0.0179627 0.8611797 0.0000000 0.0000000 0.0000000 0.0000000 0.0000000 0.0000000 0.0000000 0.0000000 0.0889116 0.0000000
 61 I  61 0.0000000 0.0000000 0.0000000 0.0000000 0.0000000 0.0000000 0.0000000 0.0000000 0.0000000 0.8135957 0.1864043 0.0000000 0.0000000 0.0000000 0.0000000 0.0000000 0.0000000 0.0000000 0.0000000 0.0000000 0.0000000
 62 Y  62 0.0205885 0.0000000 0.0000000 0.0000000 0.0168616 0.0000000 0.0000000 0.0000000 0.0000000 0.0000000 0.0000000 0.0000000 0.0000000 0.4613043 0.0000000 0.0000000 0.0000000 0.0000000 0.4901560 0.0110896 0.0000000
 63 Y  63 0.0000000 0.0276927 0.0146393 0.0000000 0.0000000 0.0000000 0.0215107 0.0000000 0.0479437 0.0000000 0.0000000 0.0368209 0.0000000 0.0000000 0.0000000 0.0000000 0.0000000 0.0690752 0.7823174 0.0000000 0.0000000
 64 P  64 0.0389330 0.0000000 0.0000000 0.0000000 0.0000000 0.0000000 0.0000000 0.0000000 0.0089384 0.0000000 0.0000000 0.0000000 0.0000000 0.0000000 0.8151231 0.0243667 0.0544036 0.0000000 0.0000000 0.0000000 0.0582353
 65 S  65 0.0467763 0.0772194 0.1010981 0.0281386 0.0000000 0.0081824 0.3280204 0.0370252 0.0000000 0.0132124 0.0145178 0.0776935 0.0000000 0.0000000 0.1097185 0.0896900 0.0104721 0.0000000 0.0000000 0.0000000 0.0582353
 66 D  66 0.0767915 0.0000000 0.0992345 0.2992003 0.0000000 0.0000000 0.1604126 0.0266568 0.0000000 0.0000000 0.0000000 0.0317355 0.0000000 0.0000000 0.0952534 0.1292274 0.0277853 0.0000000 0.0168818 0.0368209 0.0000000
 67 N  67 0.0000000 0.0215107 0.0629831 0.2749117 0.0000000 0.0409236 0.0791412 0.3551435 0.0145805 0.0000000 0.0000000 0.0576047 0.0000000 0.0000000 0.0578345 0.0353664 0.0000000 0.0000000 0.0000000 0.0000000 0.0000000
 68 R  68 0.1483621 0.2697465 0.0334307 0.0329116 0.0000000 0.0583050 0.1799478 0.0600096 0.0000000 0.0241352 0.0000000 0.0477254 0.0000000 0.0088017 0.0265519 0.0230674 0.0000000 0.0112671 0.0080402 0.0676979 0.0000000
 69 D  69 0.0488294 0.0108399 0.0230228 0.3917236 0.0000000 0.0000000 0.4312333 0.0000000 0.0000000 0.0000000 0.0000000 0.0000000 0.0000000 0.0000000 0.0162966 0.0536877 0.0000000 0.0000000 0.0000000 0.0243667 0.0000000
 70 D  70 0.0299798 0.0104368 0.0396814 0.5042309 0.0497947 0.0000000 0.0211293 0.1435067 0.0000000 0.0000000 0.0827618 0.0000000 0.0000000 0.0000000 0.0000000 0.0467481 0.0170864 0.0000000 0.0077243 0.0381181 0.0088017
 71 S  71 0.0000000 0.0000000 0.0347232 0.0000000 0.0265519 0.0000000 0.0935303 0.0000000 0.0000000 0.0000000 0.0000000 0.0399842 0.0000000 0.0000000 0.0000000 0.6288316 0.1472176 0.0000000 0.0000000 0.0000000 0.0291612
 72 P  72 0.1756202 0.0000000 0.0000000 0.0000000 0.0000000 0.0000000 0.0000000 0.0000000 0.0400462 0.0000000 0.0000000 0.0000000 0.0000000 0.0000000 0.7406953 0.0170864 0.0265519 0.0000000 0.0000000 0.0000000 0.0000000
 73 E  73 0.1101539 0.0080402 0.0000000 0.0177472 0.0000000 0.0555033 0.6349851 0.0382277 0.0110896 0.0000000 0.0146393 0.0472577 0.0000000 0.0000000 0.0000000 0.0393680 0.0152647 0.0000000 0.0000000 0.0077234 0.0000000
 74 G  74 0.0291612 0.0212413 0.1066009 0.0000000 0.0000000 0.0265519 0.0438322 0.6698802 0.0243667 0.0000000 0.0000000 0.0620690 0.0000000 0.0000000 0.0000000 0.0162966 0.0000000 0.0000000 0.0000000 0.0000000 0.0000000
 75 I  75 0.0000000 0.0000000 0.0000000 0.0000000 0.0000000 0.0000000 0.0000000 0.0000000 0.0000000 0.6449879 0.0000000 0.0000000 0.0000000 0.0000000 0.0000000 0.0000000 0.0000000 0.0000000 0.0000000 0.3333918 0.0216203
 76 V  76 0.0170864 0.0000000 0.0000000 0.0000000 0.0000000 0.0000000 0.0000000 0.0000000 0.0000000 0.0803381 0.2909355 0.0000000 0.0756806 0.0247910 0.0000000 0.0000000 0.0240524 0.0000000 0.0000000 0.4654958 0.0216203
 77 K  77 0.0521838 0.0352475 0.1007407 0.0678122 0.0000000 0.0490491 0.1578322 0.0000000 0.0138964 0.0000000 0.0177472 0.4239014 0.0000000 0.0000000 0.0000000 0.0171207 0.0428485 0.0000000 0.0000000 0.0000000 0.0216203
 78 E  78 0.0173392 0.0547807 0.0000000 0.0000000 0.0000000 0.0104678 0.4177431 0.0000000 0.0000000 0.1284447 0.0090992 0.0489017 0.0000000 0.0237756 0.0000000 0.0000000 0.1629003 0.0000000 0.0000000 0.0847196 0.0418282
 79 I  79 0.0000000 0.0000000 0.0000000 0.0000000 0.0000000 0.0000000 0.0000000 0.0000000 0.0000000 0.4879478 0.0311417 0.0000000 0.0000000 0.0000000 0.0000000 0.0000000 0.0000000 0.0000000 0.0000000 0.4154580 0.0654525
 80 K  80 0.0170864 0.0129782 0.0000000 0.0000000 0.0000000 0.0000000 0.0000000 0.0000000 0.0000000 0.0000000 0.0168818 0.8365228 0.0000000 0.0245265 0.0000000 0.0000000 0.0000000 0.0000000 0.0000000 0.0265519 0.0654525
 81 E  81 0.0741631 0.0300654 0.0000000 0.0217891 0.0000000 0.0664289 0.5191803 0.0000000 0.0000000 0.0000000 0.0000000 0.1615902 0.0000000 0.0000000 0.0000000 0.0243667 0.0256967 0.0000000 0.0000000 0.0000000 0.0767196
 82 W  82 0.0000000 0.0000000 0.0000000 0.0000000 0.0000000 0.0000000 0.0000000 0.0000000 0.0000000 0.0000000 0.0000000 0.0000000 0.0000000 0.0000000 0.0000000 0.0000000 0.0000000 0.8987539 0.0245265 0.0000000 0.0767196
 83 R  83 0.0000000 0.8711983 0.0000000 0.0000000 0.0177472 0.0000000 0.0000000 0.0000000 0.0414531 0.0000000 0.0000000 0.0000000 0.0000000 0.0000000 0.0000000 0.0000000 0.0000000 0.0000000 0.0000000 0.0000000 0.0696014
 84 A  84 0.6023996 0.0707197 0.0000000 0.0000000 0.0000000 0.0348388 0.0262509 0.0000000 0.0000000 0.0086607 0.0172206 0.0742780 0.0000000 0.0000000 0.0000000 0.0279120 0.0257926 0.0000000 0.0000000 0.0090704 0.1028567
 85 A  85 0.2852205 0.0243667 0.0000000 0.0000000 0.0000000 0.0090704 0.1295603 0.0000000 0.0000000 0.0106715 0.0202079 0.1901328 0.0000000 0.0000000 0.0000000 0.2279132 0.0000000 0.0000000 0.0000000 0.0000000 0.1028567
 86 N  86 0.0000000 0.0000000 0.6188300 0.0000000 0.0000000 0.1618123 0.0000000 0.0000000 0.0146393 0.0000000 0.0000000 0.0756930 0.0000000 0.0000000 0.0000000 0.0211393 0.0000000 0.0000000 0.0000000 0.0162966 0.0915896
 87 G  87 0.0000000 0.0104201 0.0144031 0.0109893 0.0000000 0.0000000 0.0000000 0.8375898 0.0000000 0.0000000 0.0000000 0.0000000 0.0000000 0.0000000 0.0000000 0.0000000 0.0000000 0.0148001 0.0202079 0.0000000 0.0915896
 88 K  88 0.0000000 0.0106715 0.0000000 0.0000000 0.0000000 0.0148001 0.0290143 0.0000000 0.0000000 0.0000000 0.2961264 0.5577981 0.0000000 0.0000000 0.0000000 0.0000000 0.0000000 0.0000000 0.0000000 0.0000000 0.0915896
 89 P  89 0.0148001 0.0000000 0.0000000 0.0172206 0.0000000 0.0000000 0.0146393 0.0092883 0.0000000 0.0000000 0.0000000 0.0000000 0.0000000 0.0000000 0.7675391 0.0686263 0.0162966 0.0000000 0.0000000 0.0000000 0.0915896
 90 G  90 0.0243667 0.0000000 0.0000000 0.0114333 0.0540062 0.0000000 0.0000000 0.5741875 0.0000000 0.0000000 0.1645630 0.0000000 0.0000000 0.0000000 0.0000000 0.0218268 0.0000000 0.0000000 0.0000000 0.0265519 0.1230646
 91 F  91 0.0000000 0.0000000 0.0000000 0.0000000 0.0000000 0.0000000 0.0000000 0.0000000 0.0000000 0.0000000 0.0000000 0.0000000 0.0000000 0.8769354 0.0000000 0.0000000 0.0000000 0.0000000 0.0000000 0.0000000 0.1230646
 92 K  92 0.0000000 0.0428485 0.0000000 0.0000000 0.0000000 0.0148001 0.0000000 0.0000000 0.0000000 0.0000000 0.0000000 0.8192867 0.0000000 0.0000000 0.0000000 0.0000000 0.0000000 0.0000000 0.0000000 0.0000000 0.1230646
 93 Q  93 0.0457258 0.0148001 0.0690628 0.1616457 0.0000000 0.1240419 0.1227049 0.0000000 0.0000000 0.0000000 0.0000000 0.1199244 0.0000000 0.0000000 0.0172206 0.0611947 0.0189976 0.0000000 0.0000000 0.0000000 0.2446814
 94 G  94 0.0323421 0.0000000 0.0164838 0.0000000 0.0000000 0.0000000 0.0000000 0.1372975 0.0000000 0.0000000 0.0000000 0.0000000 0.0000000 0.0000000 0.0000000 0.2025929 0.0000000 0.0000000 0.0000000 0.0000000 0.6112837
