   94         A         R         N         D         C         Q         E         G         H         I         L         K         M         F         P         S         T         W         Y         V    
  1 M   1 0.0000000 0.0000000 0.0000000 0.0000000 0.0000000 0.0000000 0.0000000 0.0000000 0.0000000 0.0000000 0.0000000 0.0000000 1.0000000 0.0000000 0.0000000 0.0000000 0.0000000 0.0000000 0.0000000 0.0000000
  2 E   2 0.0000000 0.4678529 0.0000000 0.0000000 0.0000000 0.0000000 0.5321471 0.0000000 0.0000000 0.0000000 0.0000000 0.0000000 0.0000000 0.0000000 0.0000000 0.0000000 0.0000000 0.0000000 0.0000000 0.0000000
  3 H   3 0.0000000 0.0000000 0.0000000 0.0000000 0.0000000 0.0000000 0.0000000 0.0000000 1.0000000 0.0000000 0.0000000 0.0000000 0.0000000 0.0000000 0.0000000 0.0000000 0.0000000 0.0000000 0.0000000 0.0000000
  4 H   4 0.0000000 0.0000000 0.0000000 0.0000000 0.0000000 0.0000000 0.0000000 0.0000000 0.5321471 0.4678529 0.0000000 0.0000000 0.0000000 0.0000000 0.0000000 0.0000000 0.0000000 0.0000000 0.0000000 0.0000000
  5 H   5 0.0000000 0.0000000 0.0000000 0.0000000 0.0000000 0.0000000 0.0000000 0.0000000 0.5321471 0.0000000 0.0000000 0.4678529 0.0000000 0.0000000 0.0000000 0.0000000 0.0000000 0.0000000 0.0000000 0.0000000
  6 H   6 0.0000000 0.0000000 0.0000000 0.0000000 0.0000000 0.0000000 0.3867319 0.0000000 0.4398781 0.0000000 0.0000000 0.0000000 0.0000000 0.0000000 0.0000000 0.0000000 0.0000000 0.0000000 0.1733900 0.0000000
  7 H   7 0.0000000 0.0000000 0.1916840 0.0000000 0.0000000 0.0000000 0.0000000 0.0000000 0.2660812 0.0000000 0.0000000 0.0000000 0.5422347 0.0000000 0.0000000 0.0000000 0.0000000 0.0000000 0.0000000 0.0000000
  8 H   8 0.0453399 0.0859409 0.0480552 0.0000000 0.0000000 0.0000000 0.0000000 0.0000000 0.2180260 0.2329322 0.0000000 0.1916840 0.0000000 0.0558368 0.0000000 0.0619131 0.0000000 0.0000000 0.0602718 0.0000000
  9 E   9 0.0000000 0.0000000 0.0878897 0.0892055 0.0000000 0.0311462 0.3882598 0.0000000 0.0201014 0.0000000 0.0000000 0.1786852 0.1034405 0.0000000 0.0000000 0.0516437 0.0000000 0.0000000 0.0216870 0.0279410
 10 L  10 0.0688841 0.0371149 0.0000000 0.0000000 0.0000000 0.0000000 0.0000000 0.0000000 0.0000000 0.0665174 0.5247062 0.0000000 0.1329767 0.1698007 0.0000000 0.0000000 0.0000000 0.0000000 0.0000000 0.0000000
 11 K  11 0.0000000 0.0000000 0.0790205 0.0227299 0.0000000 0.0000000 0.0667876 0.0589133 0.0000000 0.0000000 0.0000000 0.7725487 0.0000000 0.0000000 0.0000000 0.0000000 0.0000000 0.0000000 0.0000000 0.0000000
 12 N  12 0.0000000 0.0000000 0.3186913 0.1186621 0.0000000 0.0456785 0.1124125 0.0000000 0.0160073 0.0000000 0.0000000 0.2308434 0.0000000 0.0000000 0.0000000 0.1113577 0.0463472 0.0000000 0.0000000 0.0000000
 13 S  13 0.0216356 0.0619447 0.0938148 0.0428142 0.0000000 0.0190635 0.0226105 0.0125709 0.0127566 0.0086859 0.0000000 0.4555828 0.0000000 0.0000000 0.0000000 0.1873075 0.0612131 0.0000000 0.0000000 0.0000000
 14 I  14 0.0110860 0.0000000 0.0000000 0.0000000 0.0000000 0.0000000 0.0000000 0.0000000 0.0000000 0.4922957 0.3400346 0.0000000 0.0000000 0.0943319 0.0000000 0.0000000 0.0000000 0.0000000 0.0339272 0.0283245
 15 S  15 0.0516502 0.0000000 0.0212953 0.0000000 0.0070855 0.0688695 0.3518688 0.0115682 0.0000000 0.0000000 0.0000000 0.0107988 0.0108694 0.0000000 0.0000000 0.4168503 0.0259335 0.0000000 0.0232105 0.0000000
 16 D  16 0.0000000 0.0000000 0.0367483 0.7636281 0.0000000 0.0000000 0.1572572 0.0000000 0.0000000 0.0000000 0.0000000 0.0191558 0.0000000 0.0232105 0.0000000 0.0000000 0.0000000 0.0000000 0.0000000 0.0000000
 17 Y  17 0.0000000 0.0000000 0.0000000 0.0000000 0.0000000 0.0000000 0.0000000 0.0000000 0.0286387 0.0216682 0.0358770 0.0000000 0.0000000 0.0993384 0.0259110 0.0000000 0.0000000 0.0000000 0.7885666 0.0000000
 18 T  18 0.0115174 0.0000000 0.0269883 0.0281852 0.0000000 0.0000000 0.0000000 0.0000000 0.0000000 0.0000000 0.0164564 0.0000000 0.0000000 0.0000000 0.0000000 0.0964677 0.8203849 0.0000000 0.0000000 0.0000000
 19 E  19 0.0000000 0.0443532 0.0000000 0.0000000 0.0000000 0.0289981 0.8656538 0.0147425 0.0000000 0.0000000 0.0000000 0.0158359 0.0000000 0.0000000 0.0000000 0.0000000 0.0000000 0.0000000 0.0304166 0.0000000
 20 A  20 0.2513079 0.0160201 0.0707964 0.0769926 0.0000000 0.0833010 0.1370405 0.0343604 0.0102755 0.0000000 0.0220079 0.0081174 0.0148413 0.0000000 0.0000000 0.2096036 0.0456780 0.0000000 0.0000000 0.0196572
 21 E  21 0.0000000 0.0000000 0.0000000 0.0572014 0.0000000 0.0196572 0.8949561 0.0000000 0.0000000 0.0000000 0.0000000 0.0000000 0.0000000 0.0000000 0.0000000 0.0281852 0.0000000 0.0000000 0.0000000 0.0000000
 22 F  22 0.0000000 0.0000000 0.0000000 0.0000000 0.0000000 0.0000000 0.0000000 0.0000000 0.0000000 0.0000000 0.0601890 0.0000000 0.0000000 0.9398110 0.0000000 0.0000000 0.0000000 0.0000000 0.0000000 0.0000000
 23 V  23 0.0000000 0.0302421 0.0000000 0.0000000 0.0000000 0.0000000 0.0000000 0.0000000 0.0000000 0.2120339 0.4771422 0.0259777 0.0558973 0.0000000 0.0000000 0.0000000 0.0506571 0.0000000 0.0206223 0.1274275
 24 Q  24 0.1683532 0.0540659 0.0344743 0.1220000 0.0000000 0.1002658 0.3151482 0.0153119 0.0000000 0.0000000 0.0234466 0.0230910 0.0000000 0.0000000 0.0000000 0.1309560 0.0000000 0.0000000 0.0000000 0.0128873
 25 A  25 0.0271761 0.0000000 0.0000000 0.0000000 0.0000000 0.0000000 0.0000000 0.0000000 0.0000000 0.1179022 0.3016308 0.0000000 0.0227119 0.5003048 0.0000000 0.0000000 0.0000000 0.0000000 0.0000000 0.0302742
 26 A  26 0.0388091 0.0000000 0.0000000 0.0000000 0.0000000 0.0000000 0.0000000 0.0000000 0.0000000 0.1602303 0.4157352 0.0000000 0.0113802 0.0000000 0.0000000 0.0000000 0.0000000 0.0000000 0.0000000 0.3738452
 27 K  27 0.0000000 0.0948860 0.1236715 0.0684223 0.0000000 0.0595569 0.1434171 0.0527604 0.0114680 0.0190374 0.0089192 0.2354050 0.0000000 0.0000000 0.0000000 0.0802233 0.1022328 0.0000000 0.0000000 0.0000000
 28 E  28 0.0395294 0.0420289 0.0679673 0.0841131 0.0000000 0.0000000 0.3879041 0.0359720 0.0000000 0.0069891 0.0334545 0.2426087 0.0000000 0.0000000 0.0000000 0.0117656 0.0373296 0.0000000 0.0000000 0.0103379
 29 I  29 0.0000000 0.0000000 0.0000000 0.0000000 0.0000000 0.0000000 0.0000000 0.0000000 0.0000000 0.5865549 0.1762838 0.0000000 0.0000000 0.1974007 0.0000000 0.0000000 0.0000000 0.0000000 0.0000000 0.0397606
 30 E  30 0.0000000 0.0788179 0.0000000 0.0000000 0.1065536 0.0000000 0.0721328 0.0000000 0.0190374 0.1424400 0.0366978 0.0089183 0.0000000 0.3460425 0.0000000 0.0278911 0.0354727 0.0394749 0.0544391 0.0320818
 31 K  31 0.0770386 0.0730908 0.2617045 0.0385310 0.0000000 0.0325348 0.1757830 0.0000000 0.0000000 0.0000000 0.0094479 0.1999524 0.0000000 0.0000000 0.0108819 0.0775131 0.0174160 0.0000000 0.0261058 0.0000000
 32 E  32 0.3482478 0.0000000 0.0929208 0.0898239 0.0000000 0.0094421 0.1772586 0.0231609 0.0000000 0.0000000 0.0144217 0.0000000 0.0000000 0.0130887 0.0501780 0.0660698 0.0108327 0.0000000 0.0000000 0.1045551
 33 N  33 0.0000000 0.0000000 0.3157738 0.2508930 0.0000000 0.0000000 0.0753690 0.0140906 0.0094510 0.0000000 0.0000000 0.0646125 0.0000000 0.0000000 0.0247618 0.0226006 0.2124628 0.0000000 0.0099849 0.0000000
 34 V  34 0.0447417 0.0470331 0.0297515 0.0360067 0.0124407 0.0000000 0.0370728 0.2500673 0.0000000 0.0279505 0.0209227 0.0884999 0.0000000 0.0887776 0.0000000 0.0426789 0.0571594 0.0000000 0.0718919 0.1450056
 35 A  35 0.2075251 0.0539428 0.0105819 0.0144578 0.0141127 0.0326939 0.2757785 0.0000000 0.0199733 0.0000000 0.0000000 0.1172602 0.0000000 0.0000000 0.0000000 0.1683362 0.0667205 0.0000000 0.0186170 0.0000000
 36 A  36 0.1273164 0.0141638 0.0686879 0.1586565 0.0000000 0.0000000 0.1439525 0.1320742 0.0000000 0.0000000 0.0614459 0.0621701 0.0000000 0.0000000 0.1523141 0.0183369 0.0500219 0.0000000 0.0000000 0.0108599
 37 T  37 0.0567702 0.0000000 0.0103071 0.0277089 0.0000000 0.0298911 0.0317923 0.0163324 0.0301681 0.0000000 0.0812980 0.0528490 0.0000000 0.0507727 0.0203061 0.0975389 0.4473973 0.0000000 0.0468680 0.0000000
 38 D  38 0.0000000 0.0578764 0.0000000 0.2974411 0.0000000 0.0101484 0.5314843 0.1030498 0.0000000 0.0000000 0.0000000 0.0000000 0.0000000 0.0000000 0.0000000 0.0000000 0.0000000 0.0000000 0.0000000 0.0000000
 39 D  39 0.0799353 0.0000000 0.0365845 0.2035321 0.0000000 0.0407188 0.2726291 0.0179486 0.0189102 0.0000000 0.0204845 0.1861931 0.0098506 0.0000000 0.0000000 0.0880280 0.0251850 0.0000000 0.0000000 0.0000000
 40 V  40 0.0000000 0.0367353 0.0000000 0.0526213 0.0000000 0.0393659 0.3308596 0.0000000 0.0509358 0.0116870 0.0263109 0.0258041 0.0000000 0.0266130 0.0000000 0.0141241 0.0102688 0.0300401 0.2552630 0.0893711
 41 L  41 0.0308612 0.0159059 0.0503186 0.0349166 0.0000000 0.0925014 0.0210611 0.0080637 0.1508318 0.0971651 0.3106716 0.0000000 0.0264567 0.0194139 0.0000000 0.0116926 0.0114810 0.0256724 0.0128012 0.0801853
 42 D  42 0.0000000 0.0000000 0.0879528 0.5740525 0.0000000 0.0227199 0.0480494 0.0189102 0.0221084 0.1092291 0.0000000 0.0000000 0.0000000 0.0000000 0.0000000 0.0843528 0.0087234 0.0000000 0.0000000 0.0239015
 43 V  43 0.0637281 0.0779654 0.1093859 0.1573994 0.0000000 0.0332020 0.0982892 0.0189102 0.0000000 0.0455770 0.0080637 0.0731126 0.0000000 0.0000000 0.0219557 0.1678386 0.0405438 0.0000000 0.0000000 0.0840285
 44 A  44 0.2032211 0.0000000 0.0112441 0.0000000 0.0000000 0.0000000 0.0000000 0.0000000 0.0000000 0.0213384 0.6850021 0.0000000 0.0438041 0.0000000 0.0000000 0.0090712 0.0000000 0.0190080 0.0000000 0.0073110
 45 L  45 0.0366731 0.0000000 0.0000000 0.0000000 0.0000000 0.0161760 0.0158218 0.0000000 0.0000000 0.2105079 0.3463947 0.0000000 0.0315363 0.0000000 0.0000000 0.0204845 0.0000000 0.0000000 0.0000000 0.3224057
 46 E  46 0.0317887 0.0569483 0.0146576 0.2554412 0.0000000 0.0312013 0.2541354 0.0000000 0.0000000 0.0000000 0.1329989 0.0741578 0.0000000 0.0234959 0.0000000 0.0381346 0.0278630 0.0000000 0.0591774 0.0000000
 47 H  47 0.0121882 0.0083596 0.0574933 0.0118330 0.0000000 0.0100697 0.1504621 0.0000000 0.5727979 0.0082283 0.0152627 0.0468479 0.0000000 0.0000000 0.0000000 0.0515279 0.0000000 0.0257903 0.0291392 0.0000000
 48 F  48 0.0000000 0.0000000 0.0000000 0.0000000 0.0000000 0.0000000 0.0000000 0.0000000 0.0000000 0.0679082 0.0157253 0.0000000 0.0000000 0.8260910 0.0000000 0.0000000 0.0000000 0.0000000 0.0000000 0.0902755
 49 V  49 0.0587004 0.0175262 0.0311735 0.0523220 0.0151169 0.0000000 0.3019139 0.0000000 0.0000000 0.1888045 0.0000000 0.0462813 0.0185055 0.0000000 0.0000000 0.0659657 0.0715737 0.0000000 0.0000000 0.1321163
 50 K  50 0.0316025 0.2014989 0.0208858 0.0280663 0.0085515 0.1165614 0.1699662 0.0000000 0.0217608 0.0126847 0.0191357 0.3152732 0.0112714 0.0000000 0.0000000 0.0000000 0.0427414 0.0000000 0.0000000 0.0000000
 51 I  51 0.0000000 0.0000000 0.0183636 0.0000000 0.0000000 0.0000000 0.0000000 0.0000000 0.0000000 0.4217821 0.3124804 0.0000000 0.0091170 0.0000000 0.0000000 0.0154252 0.0000000 0.0000000 0.0248394 0.1979924
 52 T  52 0.0198609 0.0000000 0.0000000 0.0000000 0.0219898 0.0000000 0.0000000 0.0000000 0.0000000 0.0384000 0.0000000 0.0000000 0.0000000 0.0000000 0.0000000 0.1576648 0.6296214 0.0000000 0.0000000 0.1324632
 53 E  53 0.0414614 0.0000000 0.0000000 0.0241576 0.0000000 0.0914902 0.6766568 0.0643637 0.0000000 0.0000000 0.0000000 0.0000000 0.0000000 0.0000000 0.0586281 0.0432422 0.0000000 0.0000000 0.0000000 0.0000000
 54 H  54 0.0000000 0.0000000 0.0119122 0.0000000 0.0000000 0.0000000 0.0000000 0.0000000 0.9569052 0.0000000 0.0000000 0.0000000 0.0000000 0.0000000 0.0000000 0.0000000 0.0000000 0.0000000 0.0311826 0.0000000
 55 P  55 0.0000000 0.0000000 0.0000000 0.0000000 0.0000000 0.0000000 0.0000000 0.0000000 0.0000000 0.0000000 0.0000000 0.0000000 0.0000000 0.0000000 1.0000000 0.0000000 0.0000000 0.0000000 0.0000000 0.0000000
 56 D  56 0.2027153 0.0418070 0.0632184 0.2762828 0.0000000 0.0202193 0.1246068 0.0284914 0.0046737 0.0000000 0.0434708 0.0453192 0.0000000 0.0000000 0.0000000 0.1491952 0.0000000 0.0000000 0.0000000 0.0000000
 57 G  57 0.0000000 0.0126255 0.0000000 0.0000000 0.0150009 0.0385596 0.0109354 0.6860524 0.0000000 0.0183636 0.0000000 0.1434460 0.0156047 0.0000000 0.0000000 0.0191475 0.0000000 0.0000000 0.0000000 0.0402646
 58 T  58 0.0000000 0.0113234 0.1223225 0.0000000 0.0000000 0.0000000 0.0000000 0.0915429 0.0000000 0.0000000 0.0000000 0.0000000 0.0190410 0.0000000 0.0143602 0.5055760 0.1588181 0.0583652 0.0186507 0.0000000
 59 D  59 0.0613508 0.0000000 0.0751942 0.7676581 0.0000000 0.0000000 0.0000000 0.0957969 0.0000000 0.0000000 0.0000000 0.0000000 0.0000000 0.0000000 0.0000000 0.0000000 0.0000000 0.0000000 0.0000000 0.0000000
 60 L  60 0.0000000 0.0000000 0.0000000 0.0000000 0.0057522 0.0000000 0.0000000 0.0000000 0.0000000 0.0192210 0.8862418 0.0000000 0.0000000 0.0000000 0.0000000 0.0000000 0.0000000 0.0000000 0.0000000 0.0887849
 61 I  61 0.0000000 0.0000000 0.0000000 0.0000000 0.0000000 0.0000000 0.0000000 0.0000000 0.0000000 0.8443659 0.1556341 0.0000000 0.0000000 0.0000000 0.0000000 0.0000000 0.0000000 0.0000000 0.0000000 0.0000000
 62 Y  62 0.0220429 0.0000000 0.0000000 0.0000000 0.0179848 0.0000000 0.0000000 0.0000000 0.0000000 0.0000000 0.0000000 0.0000000 0.0000000 0.4656385 0.0000000 0.0000000 0.0000000 0.0000000 0.4825683 0.0117655
 63 Y  63 0.0000000 0.0298017 0.0158622 0.0000000 0.0000000 0.0000000 0.0296525 0.0000000 0.0516803 0.0000000 0.0000000 0.0493425 0.0000000 0.0000000 0.0000000 0.0000000 0.0000000 0.0599693 0.7636915 0.0000000
 64 P  64 0.0511064 0.0000000 0.0000000 0.0000000 0.0000000 0.0000000 0.0000000 0.0000000 0.0101342 0.0000000 0.0000000 0.0000000 0.0000000 0.0000000 0.8474359 0.0286880 0.0626355 0.0000000 0.0000000 0.0000000
 65 S  65 0.0609856 0.0542006 0.0982368 0.0211121 0.0000000 0.0091298 0.3452215 0.0434066 0.0000000 0.0150055 0.0162229 0.0971220 0.0000000 0.0000000 0.1202047 0.1073197 0.0118322 0.0000000 0.0000000 0.0000000
 66 D  66 0.0894334 0.0000000 0.0913313 0.2677685 0.0000000 0.0000000 0.1713677 0.0287917 0.0000000 0.0000000 0.0000000 0.0344496 0.0000000 0.0000000 0.1024326 0.1161545 0.0298908 0.0000000 0.0190373 0.0493425
 67 N  67 0.0000000 0.0296525 0.0737766 0.2447223 0.0000000 0.0317821 0.0760887 0.3658626 0.0151099 0.0000000 0.0000000 0.0635157 0.0000000 0.0000000 0.0633328 0.0361567 0.0000000 0.0000000 0.0000000 0.0000000
 68 R  68 0.1536612 0.2581245 0.0359529 0.0337610 0.0000000 0.0621626 0.1834357 0.0664643 0.0000000 0.0262222 0.0000000 0.0413240 0.0000000 0.0086287 0.0294574 0.0247672 0.0000000 0.0080051 0.0084626 0.0595706
 69 D  69 0.0598602 0.0114602 0.0245069 0.3944999 0.0000000 0.0000000 0.4179578 0.0000000 0.0000000 0.0000000 0.0000000 0.0000000 0.0000000 0.0000000 0.0177657 0.0466530 0.0000000 0.0000000 0.0000000 0.0272964
 70 D  70 0.0389372 0.0112676 0.0328356 0.5071614 0.0537639 0.0000000 0.0232618 0.1348157 0.0000000 0.0000000 0.0738427 0.0000000 0.0000000 0.0000000 0.0000000 0.0609534 0.0190962 0.0000000 0.0079761 0.0360885
 71 S  71 0.0000000 0.0000000 0.0449162 0.0000000 0.0301187 0.0000000 0.0913472 0.0000000 0.0000000 0.0000000 0.0000000 0.0446993 0.0000000 0.0000000 0.0000000 0.6303993 0.1585193 0.0000000 0.0000000 0.0000000
 72 P  72 0.1847987 0.0000000 0.0000000 0.0000000 0.0000000 0.0000000 0.0000000 0.0000000 0.0113391 0.0000000 0.0000000 0.0000000 0.0000000 0.0000000 0.7554734 0.0189314 0.0294574 0.0000000 0.0000000 0.0000000
 73 E  73 0.1133711 0.0084626 0.0000000 0.0200871 0.0000000 0.0550097 0.6149019 0.0420102 0.0117655 0.0000000 0.0158622 0.0605130 0.0000000 0.0000000 0.0000000 0.0340150 0.0159374 0.0000000 0.0000000 0.0080642
 74 G  74 0.0219565 0.0226380 0.1022012 0.0000000 0.0000000 0.0294574 0.0335944 0.6779286 0.0272964 0.0000000 0.0000000 0.0671619 0.0000000 0.0000000 0.0000000 0.0177657 0.0000000 0.0000000 0.0000000 0.0000000
 75 I  75 0.0000000 0.0000000 0.0000000 0.0000000 0.0000000 0.0000000 0.0000000 0.0000000 0.0000000 0.6427713 0.0000000 0.0000000 0.0000000 0.0000000 0.0000000 0.0000000 0.0000000 0.0000000 0.0000000 0.3572287
 76 V  76 0.0191281 0.0000000 0.0000000 0.0000000 0.0000000 0.0000000 0.0000000 0.0000000 0.0000000 0.0893434 0.2864297 0.0000000 0.0847759 0.0270124 0.0000000 0.0000000 0.0260052 0.0000000 0.0000000 0.4673052
 77 K  77 0.0534826 0.0384040 0.0947770 0.0650117 0.0000000 0.0534549 0.1520793 0.0000000 0.0060816 0.0000000 0.0202958 0.4505187 0.0000000 0.0000000 0.0000000 0.0181807 0.0477137 0.0000000 0.0000000 0.0000000
 78 E  78 0.0155128 0.0564598 0.0000000 0.0000000 0.0000000 0.0116291 0.4223384 0.0000000 0.0000000 0.1444255 0.0102131 0.0523941 0.0000000 0.0162165 0.0000000 0.0000000 0.1804564 0.0000000 0.0000000 0.0903542
 79 I  79 0.0000000 0.0000000 0.0000000 0.0000000 0.0000000 0.0000000 0.0000000 0.0000000 0.0000000 0.5183026 0.0365218 0.0000000 0.0000000 0.0000000 0.0000000 0.0000000 0.0000000 0.0000000 0.0000000 0.4451756
 80 K  80 0.0198002 0.0150329 0.0000000 0.0000000 0.0000000 0.0000000 0.0000000 0.0000000 0.0000000 0.0000000 0.0199110 0.8886169 0.0000000 0.0258298 0.0000000 0.0000000 0.0000000 0.0000000 0.0000000 0.0308092
 81 E  81 0.0849707 0.0353598 0.0000000 0.0240412 0.0000000 0.0739044 0.5652797 0.0000000 0.0000000 0.0000000 0.0000000 0.1580605 0.0000000 0.0000000 0.0000000 0.0287901 0.0295935 0.0000000 0.0000000 0.0000000
 82 W  82 0.0000000 0.0000000 0.0000000 0.0000000 0.0000000 0.0000000 0.0000000 0.0000000 0.0000000 0.0000000 0.0000000 0.0000000 0.0000000 0.0000000 0.0000000 0.0000000 0.0000000 0.9739521 0.0260479 0.0000000
 83 R  83 0.0000000 0.9304264 0.0000000 0.0000000 0.0210742 0.0000000 0.0000000 0.0000000 0.0484994 0.0000000 0.0000000 0.0000000 0.0000000 0.0000000 0.0000000 0.0000000 0.0000000 0.0000000 0.0000000 0.0000000
 84 A  84 0.6507372 0.0849149 0.0000000 0.0000000 0.0000000 0.0417947 0.0314382 0.0000000 0.0000000 0.0098065 0.0201018 0.0872688 0.0000000 0.0000000 0.0000000 0.0327681 0.0304893 0.0000000 0.0000000 0.0106806
 85 A  85 0.3511859 0.0295903 0.0000000 0.0000000 0.0000000 0.0106806 0.1283013 0.0000000 0.0000000 0.0125531 0.0166253 0.1799908 0.0000000 0.0000000 0.0000000 0.2710728 0.0000000 0.0000000 0.0000000 0.0000000
 86 N  86 0.0000000 0.0000000 0.6574579 0.0000000 0.0000000 0.1922678 0.0000000 0.0000000 0.0170473 0.0000000 0.0000000 0.0895112 0.0000000 0.0000000 0.0000000 0.0246228 0.0000000 0.0000000 0.0000000 0.0190930
 87 G  87 0.0000000 0.0127085 0.0160289 0.0132944 0.0000000 0.0000000 0.0000000 0.9230885 0.0000000 0.0000000 0.0000000 0.0000000 0.0000000 0.0000000 0.0000000 0.0000000 0.0000000 0.0183974 0.0164823 0.0000000
 88 K  88 0.0000000 0.0124451 0.0000000 0.0000000 0.0000000 0.0183974 0.0301910 0.0000000 0.0000000 0.0000000 0.3475308 0.5914356 0.0000000 0.0000000 0.0000000 0.0000000 0.0000000 0.0000000 0.0000000 0.0000000
 89 P  89 0.0183974 0.0000000 0.0000000 0.0199288 0.0000000 0.0000000 0.0170473 0.0109992 0.0000000 0.0000000 0.0000000 0.0000000 0.0000000 0.0000000 0.8346709 0.0798634 0.0190930 0.0000000 0.0000000 0.0000000
 90 G  90 0.0300906 0.0000000 0.0000000 0.0141762 0.0662473 0.0000000 0.0000000 0.6431248 0.0000000 0.0000000 0.1983071 0.0000000 0.0000000 0.0000000 0.0000000 0.0155812 0.0000000 0.0000000 0.0000000 0.0324728
 91 F  91 0.0000000 0.0000000 0.0000000 0.0000000 0.0000000 0.0000000 0.0000000 0.0000000 0.0000000 0.0000000 0.0000000 0.0000000 0.0000000 1.0000000 0.0000000 0.0000000 0.0000000 0.0000000 0.0000000 0.0000000
 92 K  92 0.0000000 0.0520571 0.0000000 0.0000000 0.0000000 0.0188708 0.0000000 0.0000000 0.0000000 0.0000000 0.0000000 0.9290721 0.0000000 0.0000000 0.0000000 0.0000000 0.0000000 0.0000000 0.0000000 0.0000000
 93 Q  93 0.0557896 0.0220731 0.1088965 0.2286352 0.0000000 0.1476332 0.1456446 0.0000000 0.0000000 0.0000000 0.0000000 0.1563673 0.0000000 0.0000000 0.0239105 0.0840525 0.0269975 0.0000000 0.0000000 0.0000000
 94 G  94 0.0766327 0.0000000 0.0462780 0.0000000 0.0000000 0.0000000 0.0000000 0.3218467 0.0000000 0.0000000 0.0000000 0.0000000 0.0000000 0.0000000 0.0000000 0.5552426 0.0000000 0.0000000 0.0000000 0.0000000
