  163         A         R         N         D         C         Q         E         G         H         I         L         K         M         F         P         S         T         W         Y         V    
  1 M   1 0.0000000 0.0000000 0.0000000 0.0000000 0.0000000 0.0000000 0.0000000 0.0000000 0.0000000 0.0000000 0.0602283 0.0000000 0.7809620 0.1108616 0.0000000 0.0000000 0.0000000 0.0000000 0.0000000 0.0479480
  2 A   2 0.4104823 0.0000000 0.0000000 0.0000000 0.0000000 0.0000000 0.0000000 0.2356909 0.0000000 0.0000000 0.0000000 0.0000000 0.0179604 0.0000000 0.0396148 0.2232034 0.0274650 0.0000000 0.0000000 0.0455831
  3 S   3 0.1201130 0.0102283 0.0398585 0.0000000 0.0000000 0.1945481 0.0000000 0.0000000 0.0000000 0.0000000 0.0000000 0.0000000 0.0106714 0.0000000 0.1451732 0.4206923 0.0509289 0.0000000 0.0077863 0.0000000
  4 N   4 0.0000000 0.0107553 0.0541931 0.0296165 0.0000000 0.2365573 0.0125963 0.0820591 0.0000000 0.0191207 0.0000000 0.0000000 0.0264548 0.0000000 0.1485363 0.1055148 0.1281023 0.0000000 0.1160324 0.0304611
  5 D   5 0.0242129 0.0099386 0.1431145 0.1533529 0.0000000 0.0940750 0.0000000 0.1981395 0.0294328 0.0000000 0.0000000 0.0130255 0.0000000 0.0069737 0.0823591 0.1610769 0.0106426 0.0068949 0.0667611 0.0000000
  6 Y   6 0.0705570 0.0239347 0.0322011 0.0000000 0.0000000 0.0846103 0.0074542 0.0648198 0.0661476 0.0000000 0.0141471 0.0064071 0.0000000 0.0557945 0.0488045 0.0711715 0.0434224 0.0042507 0.3903295 0.0159479
  7 T   7 0.0665235 0.0000000 0.0505547 0.0065783 0.0000000 0.1543981 0.0191876 0.2845482 0.0000000 0.0000000 0.0000000 0.0000000 0.0000000 0.0000000 0.0497655 0.2638958 0.0746731 0.0000000 0.0262861 0.0035890
  8 Q   8 0.1535540 0.0571029 0.0383303 0.0325442 0.0000000 0.2844411 0.0208061 0.1293557 0.0397575 0.0043109 0.0068892 0.0075605 0.0000000 0.0076467 0.0561832 0.1048685 0.0459689 0.0000000 0.0106803 0.0000000
  9 Q   9 0.1114947 0.0382573 0.0381361 0.0104865 0.0000000 0.1711673 0.0066431 0.1884362 0.0046172 0.0000000 0.0000000 0.0085339 0.0109790 0.0069138 0.1534898 0.0716922 0.0338417 0.0000000 0.1328441 0.0124673
 10 A  10 0.2170462 0.0462714 0.0533072 0.0136305 0.0000000 0.0843101 0.0233001 0.1752200 0.0029757 0.0000000 0.0064120 0.0044969 0.0120305 0.0000000 0.2051182 0.0697371 0.0085716 0.0000000 0.0677109 0.0098616
 11 T  11 0.0448056 0.0646095 0.0626333 0.0156008 0.0000000 0.2622989 0.0140101 0.0327174 0.0059765 0.0000000 0.0077615 0.0080473 0.0291443 0.0062525 0.1815970 0.1031966 0.0706310 0.0000000 0.0907178 0.0000000
 12 Q  12 0.0411307 0.0126051 0.0300348 0.0126718 0.0000000 0.3632822 0.0270889 0.0563244 0.0090832 0.0063496 0.0000000 0.0325398 0.0039102 0.0034548 0.2389172 0.0958412 0.0237614 0.0000000 0.0326423 0.0103626
 13 S  13 0.0646970 0.0264296 0.0495602 0.0249150 0.0000000 0.0627170 0.0178298 0.3784384 0.0067387 0.0032449 0.0056676 0.0098624 0.0178822 0.0033346 0.1219964 0.1603390 0.0246491 0.0000000 0.0107590 0.0109394
 14 Y  14 0.0624511 0.0286290 0.0335904 0.0215023 0.0053360 0.1141986 0.0156733 0.0533737 0.0182044 0.0000000 0.0041659 0.0095990 0.0098204 0.0291058 0.0806465 0.0716151 0.0416097 0.0050074 0.3662154 0.0292560
 15 G  15 0.0260627 0.0315248 0.0195822 0.0021986 0.0000000 0.1756401 0.0258910 0.3378866 0.0102674 0.0091425 0.0080253 0.0102648 0.0000000 0.0056647 0.0844115 0.2040028 0.0292619 0.0000000 0.0159364 0.0042367
 16 A  16 0.1684136 0.0211078 0.0172166 0.0039411 0.0000000 0.0996955 0.0113863 0.3428876 0.0104626 0.0049201 0.0025729 0.0039568 0.0185025 0.0057130 0.0832573 0.1460789 0.0210588 0.0000000 0.0193193 0.0195093
 17 Y  17 0.0310993 0.0463833 0.0295135 0.0069248 0.0000000 0.1495196 0.0068509 0.0958228 0.0120102 0.0000000 0.0000000 0.0086364 0.0000000 0.0359992 0.0494963 0.0736992 0.0355697 0.0093030 0.4019872 0.0071846
 18 P  18 0.0717715 0.0182821 0.0334063 0.0164941 0.0000000 0.1118577 0.0131791 0.1840138 0.0109088 0.0042272 0.0156882 0.0211616 0.0040266 0.0000000 0.2980507 0.0711567 0.0394310 0.0037299 0.0661780 0.0164367
 19 T  19 0.1383656 0.0383166 0.0608863 0.0458089 0.0000000 0.2189312 0.0415028 0.1005460 0.0056726 0.0000000 0.0000000 0.0108528 0.0000000 0.0000000 0.1161854 0.0959490 0.0635659 0.0112169 0.0391139 0.0130859
 20 Q  20 0.0608732 0.0405520 0.0429497 0.0151149 0.0000000 0.4248752 0.0336672 0.0976913 0.0054806 0.0077338 0.0026628 0.0124221 0.0036011 0.0000000 0.1313734 0.0584882 0.0323958 0.0027608 0.0231322 0.0042258
 21 P  21 0.0466999 0.0199177 0.0558480 0.0156822 0.0000000 0.0714363 0.0296523 0.0871151 0.0099932 0.0075590 0.0058207 0.0000000 0.0079037 0.0000000 0.4918672 0.0810756 0.0158910 0.0000000 0.0431470 0.0103911
 22 G  22 0.1377293 0.0599076 0.0592806 0.0140908 0.0000000 0.0742064 0.0196207 0.1991568 0.0261116 0.0000000 0.0051044 0.0204401 0.0034500 0.0051247 0.1147513 0.1032533 0.0679329 0.0035926 0.0706029 0.0156441
 23 Q  23 0.0612988 0.0275454 0.0206451 0.0136476 0.0000000 0.3637159 0.0056731 0.1106347 0.0084952 0.0000000 0.0049355 0.0091346 0.0000000 0.0079172 0.0967907 0.1206921 0.0365168 0.0000000 0.0979827 0.0143745
 24 G  24 0.0627167 0.0075980 0.0359315 0.0151057 0.0000000 0.0814928 0.0146167 0.5372950 0.0000000 0.0045513 0.0030398 0.0000000 0.0000000 0.0000000 0.0312286 0.1181712 0.0210999 0.0059188 0.0521032 0.0091308
 25 Y  25 0.0430872 0.0183641 0.0053074 0.0092686 0.0000000 0.0728250 0.0037694 0.1063836 0.0123300 0.0019707 0.0071834 0.0000000 0.0142448 0.0455467 0.0593727 0.0425355 0.0252731 0.0102610 0.5067096 0.0155672
 26 S  26 0.0959698 0.0388198 0.0557392 0.0076492 0.0000000 0.1881106 0.0355769 0.2976310 0.0000000 0.0000000 0.0000000 0.0085250 0.0000000 0.0000000 0.1214823 0.1024929 0.0056623 0.0015497 0.0267861 0.0140050
 27 Q  27 0.0600124 0.0193851 0.0205006 0.0099922 0.0000000 0.4261770 0.0161853 0.0984717 0.0127280 0.0000000 0.0000000 0.0169979 0.0166937 0.0000000 0.2082010 0.0466912 0.0140713 0.0033879 0.0202119 0.0102927
 28 Q  28 0.0941313 0.0162113 0.0340749 0.0253831 0.0000000 0.3014123 0.0367142 0.1163928 0.0121143 0.0000000 0.0000000 0.0049255 0.0068168 0.0000000 0.1822985 0.0784976 0.0434658 0.0000000 0.0440232 0.0035384
 29 S  29 0.0944768 0.0177800 0.0538780 0.0169868 0.0000000 0.1375752 0.0456139 0.1121803 0.0180312 0.0027689 0.0047228 0.0000000 0.0000000 0.0129163 0.1681429 0.1832990 0.0823733 0.0040544 0.0326980 0.0125022
 30 S  30 0.0413157 0.0398001 0.0661207 0.0304039 0.0000000 0.1878250 0.0067051 0.1580367 0.0098408 0.0054826 0.0040201 0.0000000 0.0033059 0.0022399 0.1074478 0.1247062 0.0624317 0.0083984 0.1283527 0.0135669
 31 Q  31 0.0402735 0.0557255 0.0252021 0.0363144 0.0000000 0.2381704 0.0074403 0.1895077 0.0182636 0.0000000 0.0000000 0.0045855 0.0040212 0.0161274 0.1218101 0.1351641 0.0283869 0.0000000 0.0597845 0.0192231
 32 P  32 0.1194318 0.0070183 0.0259715 0.0110197 0.0000000 0.0558480 0.0162032 0.2354604 0.0135954 0.0000000 0.0029853 0.0045569 0.0119761 0.0057611 0.2479016 0.1377645 0.0506460 0.0000000 0.0487190 0.0051412
 33 Y  33 0.0328125 0.0453358 0.0489619 0.0150762 0.0000000 0.1546081 0.0048239 0.0642217 0.0155714 0.0000000 0.0022106 0.0061175 0.0130933 0.0359692 0.0558893 0.0502132 0.0415207 0.0110314 0.3908178 0.0117255
 34 G  34 0.0748916 0.0089912 0.0419794 0.0110545 0.0000000 0.0633772 0.0089640 0.4481603 0.0069817 0.0036595 0.0000000 0.0000000 0.0058399 0.0000000 0.1787173 0.0648775 0.0417266 0.0000000 0.0407793 0.0000000
 35 Q  35 0.0578868 0.0601608 0.0213189 0.0281289 0.0000000 0.3397470 0.0047446 0.1569166 0.0078593 0.0031333 0.0029797 0.0107584 0.0085078 0.0086688 0.1484954 0.0808539 0.0183219 0.0000000 0.0379933 0.0035246
 36 Q  36 0.0741633 0.0169366 0.0394026 0.0231295 0.0000000 0.4057230 0.0343664 0.0515401 0.0164003 0.0000000 0.0000000 0.0142534 0.0067546 0.0027816 0.1630151 0.0607201 0.0237486 0.0000000 0.0513042 0.0157606
 37 S  37 0.0761290 0.0152165 0.0286088 0.0174611 0.0042491 0.1096729 0.0341888 0.1825683 0.0101939 0.0000000 0.0069814 0.0000000 0.0029911 0.0000000 0.2182935 0.1961634 0.0493887 0.0000000 0.0364312 0.0114623
 38 Y  38 0.0911025 0.0195286 0.0506215 0.0382060 0.0000000 0.0980526 0.0085746 0.0925978 0.0223250 0.0000000 0.0031841 0.0000000 0.0000000 0.0101420 0.1051083 0.1188085 0.0819706 0.0000000 0.2279800 0.0317980
 39 S  39 0.0497795 0.0239007 0.0266087 0.0039936 0.0000000 0.1397540 0.0142803 0.2618157 0.0244989 0.0044804 0.0049079 0.0000000 0.0000000 0.0125115 0.1502291 0.1755858 0.0259270 0.0000000 0.0595597 0.0221672
 40 G  40 0.1026198 0.0035706 0.0330199 0.0222753 0.0000000 0.1128024 0.0049624 0.3798338 0.0080776 0.0000000 0.0000000 0.0044603 0.0129925 0.0136926 0.0782704 0.1321287 0.0458804 0.0000000 0.0400880 0.0053252
 41 Y  41 0.0621997 0.0219254 0.0520206 0.0068599 0.0075132 0.1459389 0.0037815 0.0432225 0.0141487 0.0000000 0.0083323 0.0024381 0.0028453 0.0315012 0.0470181 0.0527491 0.0086830 0.0029936 0.4825753 0.0032537
 42 S  42 0.0386166 0.0100071 0.0472797 0.0169681 0.0000000 0.0963281 0.0069952 0.3786672 0.0065577 0.0086910 0.0000000 0.0048222 0.0053703 0.0027846 0.1896489 0.0922297 0.0312342 0.0015413 0.0519704 0.0102877
 43 Q  43 0.0628896 0.0274728 0.0308789 0.0204059 0.0000000 0.4228380 0.0054463 0.0987619 0.0016086 0.0000000 0.0041861 0.0114174 0.0000000 0.0000000 0.1660090 0.0788741 0.0187213 0.0000000 0.0412128 0.0092772
 44 S  44 0.0789841 0.0756284 0.0201427 0.0030579 0.0000000 0.2070377 0.0101349 0.0899747 0.0045805 0.0000000 0.0000000 0.0175340 0.0039603 0.0000000 0.2864938 0.1043726 0.0411328 0.0000000 0.0540863 0.0028793
 45 T  45 0.0873868 0.0236586 0.0455877 0.0256180 0.0042443 0.1619471 0.0708606 0.0959082 0.0078647 0.0044914 0.0032748 0.0000000 0.0063144 0.0027588 0.1982248 0.1148002 0.0657486 0.0000000 0.0792819 0.0020293
 46 D  46 0.0878119 0.0105976 0.0620811 0.0824739 0.0000000 0.1412539 0.0481887 0.2370907 0.0054749 0.0026313 0.0066093 0.0000000 0.0034237 0.0000000 0.1746574 0.0592890 0.0486715 0.0049163 0.0219657 0.0028632
 47 T  47 0.0695358 0.0172337 0.0296056 0.0057236 0.0043299 0.2199930 0.0216216 0.1208282 0.0226070 0.0108468 0.0102947 0.0068606 0.0025148 0.0000000 0.1089815 0.1039869 0.1235754 0.0000000 0.1033936 0.0180672
 48 S  48 0.1230392 0.0323613 0.0235938 0.0254069 0.0000000 0.1487609 0.0120130 0.1537725 0.0082139 0.0000000 0.0000000 0.0042529 0.0044999 0.0116087 0.1510463 0.1997503 0.0064257 0.0000000 0.0913674 0.0038873
 49 G  49 0.0593999 0.0171345 0.0406681 0.0026665 0.0000000 0.0667772 0.0079847 0.4190130 0.0000000 0.0035246 0.0000000 0.0000000 0.0118240 0.0085367 0.0606165 0.1033939 0.0677928 0.0000000 0.1237871 0.0068807
 50 Y  50 0.0439373 0.0157431 0.0383220 0.0141419 0.0000000 0.1644606 0.0066299 0.0783052 0.0066672 0.0000000 0.0042812 0.0030214 0.0089598 0.0383145 0.1082637 0.0530372 0.0248629 0.0278461 0.3491210 0.0140851
 51 G  51 0.0373906 0.0149814 0.0306917 0.0050689 0.0000000 0.1276456 0.0048068 0.3827488 0.0065032 0.0000000 0.0041933 0.0078267 0.0033852 0.0113922 0.2191267 0.0922960 0.0161885 0.0080319 0.0252761 0.0024464
 52 Q  52 0.0358183 0.0387798 0.0235284 0.0195866 0.0000000 0.4847176 0.0293957 0.1039056 0.0075031 0.0000000 0.0042961 0.0052112 0.0116858 0.0000000 0.1445566 0.0493725 0.0107144 0.0000000 0.0309282 0.0000000
 53 S  53 0.0640969 0.0249026 0.0289795 0.0121499 0.0000000 0.2104009 0.0491737 0.1053861 0.0052213 0.0000000 0.0060287 0.0097218 0.0041220 0.0000000 0.1521579 0.1615254 0.0963713 0.0000000 0.0517956 0.0179666
 54 S  54 0.0918856 0.0115087 0.0457234 0.0175400 0.0000000 0.1411469 0.0235774 0.1518082 0.0083173 0.0024879 0.0125930 0.0000000 0.0108666 0.0037656 0.1964493 0.1543365 0.0514608 0.0000000 0.0643478 0.0121851
 55 Y  55 0.0751956 0.0606975 0.0455360 0.0503023 0.0086222 0.1697954 0.0098494 0.0783931 0.0503968 0.0000000 0.0091852 0.0000000 0.0087328 0.0029398 0.0913251 0.0792937 0.0497961 0.0111789 0.1936281 0.0051320
 56 S  56 0.0916954 0.0174782 0.0413606 0.0162283 0.0000000 0.1158662 0.0181359 0.1509557 0.0082521 0.0054170 0.0000000 0.0114753 0.0000000 0.0166451 0.2694645 0.1778319 0.0325096 0.0000000 0.0222490 0.0044352
 57 S  57 0.0394969 0.0062263 0.0290651 0.0035030 0.0000000 0.1341876 0.0025476 0.3349835 0.0223655 0.0028034 0.0087077 0.0051498 0.0120617 0.0000000 0.1160379 0.1595267 0.0643527 0.0000000 0.0521817 0.0068029
 58 Y  58 0.0450251 0.0087762 0.0451635 0.0180997 0.0014077 0.1375283 0.0056205 0.1024558 0.0083248 0.0036929 0.0000000 0.0051471 0.0038653 0.0331637 0.0466668 0.0859501 0.0136396 0.0063233 0.4070980 0.0220515
 59 G  59 0.0390594 0.0035316 0.0769121 0.0149479 0.0000000 0.0637910 0.0170676 0.3930343 0.0122121 0.0000000 0.0000000 0.0000000 0.0081099 0.0040987 0.1387733 0.0710835 0.0064807 0.0000000 0.1432623 0.0076357
 60 Q  60 0.0609947 0.0390254 0.0476996 0.0125603 0.0000000 0.3837528 0.0098352 0.1862319 0.0111194 0.0037141 0.0000000 0.0059327 0.0104790 0.0000000 0.0717208 0.0653591 0.0176574 0.0000000 0.0676058 0.0063118
 61 S  61 0.0831935 0.0482477 0.0295282 0.0190472 0.0000000 0.2236929 0.0156545 0.0724482 0.0124638 0.0000000 0.0042262 0.0097940 0.0078517 0.0000000 0.2842214 0.0701936 0.0384833 0.0048498 0.0691847 0.0069192
 62 Q  62 0.0917153 0.0230156 0.0272458 0.0084175 0.0000000 0.2981561 0.0418568 0.0590575 0.0099139 0.0109370 0.0084378 0.0027596 0.0039174 0.0000000 0.2813909 0.0749038 0.0164402 0.0032507 0.0318680 0.0067160
 63 N  63 0.0585884 0.0226563 0.0497035 0.0208654 0.0000000 0.2198594 0.0171754 0.1935335 0.0090141 0.0072863 0.0000000 0.0038263 0.0000000 0.0000000 0.2187356 0.0584970 0.0571966 0.0000000 0.0514242 0.0116379
 64 T  64 0.0437592 0.0208043 0.0410712 0.0193069 0.0000000 0.2029423 0.0057193 0.1708574 0.0066213 0.0050114 0.0000000 0.0000000 0.0015039 0.0041176 0.1470553 0.1644847 0.0891016 0.0000000 0.0563428 0.0213008
 65 G  65 0.0959147 0.0353284 0.0186253 0.0081072 0.0000000 0.1055300 0.0347085 0.3537122 0.0167206 0.0000000 0.0121349 0.0000000 0.0101178 0.0055491 0.1013983 0.1130254 0.0270906 0.0000000 0.0620372 0.0000000
 66 Y  66 0.0352768 0.0102683 0.0243658 0.0050412 0.0000000 0.1011556 0.0041444 0.0459583 0.0081445 0.0000000 0.0021222 0.0030785 0.0000000 0.0407852 0.1561556 0.1068057 0.0120360 0.0180616 0.4178876 0.0087128
 67 G  67 0.0463130 0.0073341 0.0177285 0.0132410 0.0000000 0.1351730 0.0034433 0.4520252 0.0092735 0.0000000 0.0211779 0.0104193 0.0050580 0.0034682 0.0841408 0.0626097 0.0747065 0.0048539 0.0422587 0.0067753
 68 T  68 0.0815585 0.0270110 0.0687208 0.0504415 0.0000000 0.2717648 0.0092736 0.0879564 0.0043182 0.0204487 0.0000000 0.0024596 0.0027864 0.0042144 0.0918169 0.0759449 0.0989099 0.0000000 0.0915440 0.0108304
 69 Q  69 0.0660189 0.0496976 0.0360102 0.0069365 0.0000000 0.2383957 0.0582820 0.1081255 0.0079243 0.0000000 0.0000000 0.0040361 0.0074121 0.0000000 0.2823219 0.0461275 0.0223511 0.0000000 0.0631468 0.0032140
 70 S  70 0.0652545 0.0276058 0.0411355 0.0271474 0.0000000 0.1446199 0.0287738 0.1889926 0.0087069 0.0000000 0.0000000 0.0071178 0.0000000 0.0028001 0.1872636 0.1264627 0.0579053 0.0031646 0.0701147 0.0129349
 71 T  71 0.1492952 0.0181672 0.0399191 0.0148825 0.0000000 0.2051455 0.0236077 0.0753471 0.0252108 0.0068613 0.0074738 0.0000000 0.0026366 0.0043732 0.1915808 0.0641911 0.0461444 0.0027276 0.0921537 0.0302825
 72 P  72 0.0291606 0.0155560 0.0262754 0.0090163 0.0000000 0.2065104 0.0148933 0.0678328 0.0072157 0.0000000 0.0023649 0.0071521 0.0000000 0.0000000 0.3947517 0.1390289 0.0339795 0.0000000 0.0354512 0.0108112
 73 Q  73 0.0460357 0.0197551 0.0189328 0.0000000 0.0000000 0.3527495 0.0123526 0.1243012 0.0129858 0.0116277 0.0043477 0.0000000 0.0046847 0.0129251 0.1624302 0.1174528 0.0271142 0.0000000 0.0641492 0.0081557
 74 G  74 0.1077387 0.0202182 0.0205934 0.0149646 0.0000000 0.1159824 0.0248011 0.4072495 0.0033325 0.0034753 0.0046264 0.0054432 0.0000000 0.0025878 0.0942905 0.1025147 0.0432072 0.0000000 0.0168854 0.0120890
 75 Y  75 0.0477629 0.0087399 0.0321411 0.0000000 0.0000000 0.1198243 0.0027009 0.0649445 0.0123768 0.0000000 0.0029443 0.0027194 0.0164286 0.0326143 0.0617130 0.0665833 0.0314036 0.0051404 0.4841899 0.0077728
 76 G  76 0.0516765 0.0160338 0.0439621 0.0214796 0.0024764 0.1261770 0.0044614 0.3702417 0.0037757 0.0000000 0.0023569 0.0090025 0.0000000 0.0053385 0.1504967 0.1127500 0.0069374 0.0031990 0.0591791 0.0104558
 77 S  77 0.0708008 0.0720178 0.0200603 0.0211100 0.0000000 0.3525195 0.0117902 0.0686575 0.0115159 0.0000000 0.0066740 0.0204004 0.0083479 0.0000000 0.1534693 0.1111024 0.0220976 0.0000000 0.0411389 0.0082975
 78 T  78 0.0659795 0.0368987 0.0287364 0.0229888 0.0000000 0.2262124 0.0408793 0.0393741 0.0148066 0.0021067 0.0076027 0.0050451 0.0023714 0.0000000 0.2653333 0.1055352 0.0653331 0.0000000 0.0691190 0.0016778
 79 G  79 0.0672580 0.0044481 0.0440573 0.0178885 0.0000000 0.1277191 0.0521436 0.2512392 0.0111699 0.0000000 0.0069038 0.0000000 0.0000000 0.0000000 0.1890997 0.1180874 0.0515238 0.0039853 0.0508249 0.0036514
 80 G  80 0.0743705 0.0051539 0.0702575 0.0174274 0.0000000 0.1083629 0.0101950 0.3075582 0.0000000 0.0000000 0.0069683 0.0076006 0.0033888 0.0100509 0.0960045 0.1295254 0.0407425 0.0000000 0.1045971 0.0077965
 81 Y  81 0.0532786 0.0176770 0.0284574 0.0091820 0.0000000 0.1930899 0.0083426 0.0472173 0.0120740 0.0045745 0.0271695 0.0083934 0.0078178 0.0228829 0.0904215 0.0782984 0.0498118 0.0052407 0.3229426 0.0131279
 82 G  82 0.0666945 0.0000000 0.0211235 0.0295445 0.0000000 0.1737875 0.0124314 0.4890479 0.0075272 0.0029426 0.0000000 0.0000000 0.0035440 0.0117921 0.0743050 0.0719343 0.0111780 0.0000000 0.0192359 0.0049115
 83 S  83 0.0806264 0.0028085 0.0143679 0.0271263 0.0000000 0.2824371 0.0116839 0.1110599 0.0119007 0.0101352 0.0019345 0.0000000 0.0166693 0.0139993 0.1208407 0.0942819 0.0126515 0.0153254 0.1692003 0.0029512
 84 S  84 0.1025711 0.0319896 0.0417141 0.0242737 0.0000000 0.0972764 0.0150955 0.2449645 0.0169130 0.0043257 0.0049394 0.0000000 0.0180854 0.0065273 0.1507461 0.1841966 0.0224067 0.0000000 0.0287453 0.0052295
 85 Q  85 0.0644011 0.0244393 0.0795131 0.0245415 0.0000000 0.2522720 0.0178112 0.1186601 0.0029994 0.0069444 0.0000000 0.0095446 0.0026585 0.0090753 0.1173901 0.0771578 0.0250576 0.0000000 0.1566952 0.0108387
 86 S  86 0.1065095 0.0157317 0.0226546 0.0000000 0.0000000 0.2412447 0.0608741 0.1317289 0.0057223 0.0000000 0.0000000 0.0150889 0.0035003 0.0039580 0.1637801 0.0665841 0.0388258 0.0000000 0.1041269 0.0196701
 87 S  87 0.1127711 0.0178650 0.0474726 0.0148137 0.0000000 0.1511742 0.0165376 0.1373984 0.0157163 0.0037325 0.0049711 0.0201227 0.0039567 0.0000000 0.2627932 0.1351793 0.0260569 0.0000000 0.0218143 0.0076245
 88 Q  88 0.0455746 0.0809529 0.0552692 0.0182264 0.0000000 0.3361173 0.0309796 0.0518360 0.0224550 0.0027025 0.0084659 0.0028868 0.0063129 0.0000000 0.1634829 0.0689853 0.0205871 0.0000000 0.0733266 0.0118390
 89 S  89 0.0510476 0.0254044 0.0378058 0.0236812 0.0000000 0.1019807 0.0097719 0.1356576 0.0048043 0.0000000 0.0074661 0.0042410 0.0026338 0.0055960 0.3055501 0.2170644 0.0270734 0.0000000 0.0370171 0.0032047
 90 S  90 0.1498071 0.0166720 0.0169539 0.0107028 0.0000000 0.0804225 0.0052583 0.3533918 0.0042304 0.0019183 0.0112178 0.0034270 0.0161019 0.0072622 0.1059778 0.1587173 0.0088786 0.0000000 0.0384590 0.0106012
 91 Y  91 0.0309313 0.0038614 0.0166565 0.0046025 0.0000000 0.1079995 0.0000000 0.0522769 0.0118554 0.0000000 0.0000000 0.0000000 0.0076884 0.0344166 0.0959913 0.0202290 0.0154076 0.0028678 0.5907924 0.0044233
 92 G  92 0.0394082 0.0037894 0.0484048 0.0224571 0.0000000 0.1223106 0.0084215 0.5439322 0.0000000 0.0034694 0.0000000 0.0000000 0.0000000 0.0028794 0.0833422 0.0433479 0.0056269 0.0000000 0.0577414 0.0148689
 93 Q  93 0.0692878 0.0294598 0.0443198 0.0346403 0.0000000 0.3477868 0.0226671 0.1618639 0.0000000 0.0000000 0.0028882 0.0018245 0.0000000 0.0038135 0.0606752 0.0810577 0.0734689 0.0000000 0.0550496 0.0111967
 94 Q  94 0.0452675 0.0491749 0.0058224 0.0000000 0.0000000 0.4662828 0.0225006 0.0315553 0.0189785 0.0000000 0.0000000 0.0044524 0.0069057 0.0000000 0.1438800 0.0559144 0.0372219 0.0037681 0.0999374 0.0083379
 95 S  95 0.0312789 0.0076894 0.0395903 0.0110959 0.0000000 0.0931170 0.0409310 0.1185447 0.0066725 0.0044768 0.0000000 0.0000000 0.0000000 0.0043739 0.4379892 0.1629682 0.0232148 0.0000000 0.0156253 0.0024321
 96 S  96 0.1515411 0.0031736 0.0340780 0.0093115 0.0024674 0.1930409 0.0085543 0.1745213 0.0000000 0.0000000 0.0090692 0.0000000 0.0159931 0.0049537 0.1250061 0.1636653 0.0426242 0.0000000 0.0438815 0.0181188
 97 Y  97 0.0417542 0.0385891 0.0251446 0.0000000 0.0000000 0.2007924 0.0107879 0.1053352 0.0306129 0.0127246 0.0000000 0.0000000 0.0066859 0.0100394 0.1285427 0.0907660 0.0459383 0.0000000 0.2440011 0.0082858
 98 P  98 0.0469236 0.0054142 0.0152194 0.0413335 0.0000000 0.1795166 0.0180635 0.1597161 0.0100588 0.0033627 0.0095759 0.0000000 0.0024305 0.0125210 0.3274605 0.1175169 0.0259497 0.0000000 0.0249369 0.0000000
 99 G  99 0.0817283 0.0060433 0.0587007 0.0044129 0.0000000 0.1021349 0.0076299 0.3470039 0.0091060 0.0000000 0.0085030 0.0000000 0.0042441 0.0018852 0.1139243 0.1167584 0.0383314 0.0150785 0.0727317 0.0117835
100 Y 100 0.0341293 0.0127750 0.0501946 0.0000000 0.0000000 0.2090385 0.0020343 0.1088917 0.0200345 0.0000000 0.0054391 0.0034831 0.0175100 0.0472639 0.0472460 0.0493734 0.0022993 0.0000000 0.3854258 0.0048615
101 G 101 0.0654799 0.0123496 0.0392361 0.0365084 0.0000000 0.1300884 0.0078525 0.4379917 0.0000000 0.0000000 0.0000000 0.0017623 0.0000000 0.0120258 0.1079250 0.0393490 0.0324921 0.0027022 0.0675390 0.0066981
102 Q 102 0.0713347 0.0219060 0.0307132 0.0093998 0.0000000 0.4297957 0.0425683 0.1728355 0.0147858 0.0024761 0.0000000 0.0091556 0.0207575 0.0036949 0.0407799 0.0402534 0.0158902 0.0000000 0.0649610 0.0086923
103 Q 103 0.0558314 0.0119243 0.0147502 0.0170577 0.0000000 0.3930187 0.0066495 0.0658423 0.0142040 0.0000000 0.0000000 0.0000000 0.0027451 0.0000000 0.2213602 0.1198240 0.0218328 0.0000000 0.0427163 0.0122435
104 P 104 0.0541684 0.0354884 0.0192075 0.0160929 0.0000000 0.1743710 0.0104442 0.0691092 0.0247140 0.0000000 0.0031160 0.0076040 0.0070353 0.0045012 0.3906223 0.0966802 0.0234868 0.0000000 0.0633585 0.0000000
105 A 105 0.1572603 0.0510424 0.0386800 0.0025266 0.0000000 0.1206213 0.0309570 0.1999444 0.0139237 0.0000000 0.0075938 0.0106723 0.0000000 0.0000000 0.1692383 0.0999210 0.0275817 0.0000000 0.0603452 0.0096920
106 P 106 0.0797264 0.0197072 0.0414464 0.0296541 0.0000000 0.1295234 0.0210778 0.1205882 0.0112528 0.0037718 0.0076627 0.0043231 0.0110608 0.0049842 0.2797936 0.0799926 0.0462822 0.0000000 0.0895354 0.0196173
107 S 107 0.1524462 0.0582041 0.0145711 0.0156299 0.0000000 0.2183422 0.0163400 0.0810746 0.0022640 0.0000000 0.0000000 0.0198921 0.0068329 0.0142068 0.1030028 0.1168462 0.0594734 0.0000000 0.0991057 0.0217678
108 S 108 0.1145728 0.0179725 0.0366341 0.0220640 0.0000000 0.1233944 0.0204173 0.1853432 0.0181048 0.0051096 0.0033957 0.0209283 0.0071676 0.0155910 0.1679264 0.1166429 0.0431217 0.0000000 0.0652565 0.0163573
109 T 109 0.0552853 0.0074142 0.0391306 0.0155699 0.0000000 0.1583225 0.0114329 0.1658363 0.0000000 0.0000000 0.0082804 0.0034346 0.0061464 0.0036729 0.1961669 0.1527338 0.0424316 0.0022879 0.1225127 0.0093411
110 S 110 0.0958334 0.0471425 0.0172766 0.0230272 0.0000000 0.2033935 0.0162353 0.1561520 0.0040213 0.0000000 0.0083875 0.0088263 0.0054734 0.0070556 0.1302058 0.1239510 0.0446567 0.0026108 0.0982103 0.0075409
111 G 111 0.0321925 0.0339579 0.0482910 0.0059184 0.0000000 0.1675082 0.0351922 0.2619710 0.0035604 0.0074337 0.0035284 0.0000000 0.0071482 0.0180522 0.1450459 0.1261613 0.0254386 0.0000000 0.0659300 0.0126701
112 S 112 0.0401245 0.0252213 0.0453874 0.0054421 0.0000000 0.1399581 0.0247078 0.2232618 0.0273245 0.0000000 0.0078546 0.0078285 0.0000000 0.0041736 0.1700128 0.0775352 0.0380927 0.0022620 0.1427837 0.0180295
113 Y 113 0.0310698 0.0251895 0.0256880 0.0100002 0.0000000 0.2335129 0.0044830 0.1401894 0.0063625 0.0069462 0.0000000 0.0015953 0.0217706 0.0196281 0.1913139 0.0657892 0.0269346 0.0032276 0.1836823 0.0026170
114 G 114 0.0860394 0.0112446 0.0268728 0.0361270 0.0000000 0.1088595 0.0118997 0.3537478 0.0024821 0.0000000 0.0000000 0.0000000 0.0069794 0.0055437 0.1320174 0.1111270 0.0303925 0.0000000 0.0590955 0.0175715
115 S 115 0.0913540 0.0814996 0.0384848 0.0135058 0.0000000 0.2481487 0.0312510 0.1283194 0.0133009 0.0116233 0.0000000 0.0130293 0.0111565 0.0123081 0.0724876 0.1219411 0.0093904 0.0217640 0.0728501 0.0075856
116 S 116 0.0875275 0.0330532 0.0303621 0.0016988 0.0000000 0.1668693 0.0341453 0.1604686 0.0101676 0.0128466 0.0070363 0.0088973 0.0037808 0.0050537 0.1920054 0.1016229 0.0267086 0.0099257 0.0934468 0.0143835
117 S 117 0.0614117 0.0000000 0.0249100 0.0381716 0.0000000 0.1730821 0.0604371 0.1409405 0.0032577 0.0031626 0.0114392 0.0217615 0.0154013 0.0000000 0.2256057 0.0787531 0.0436325 0.0000000 0.0813376 0.0166960
118 Q 118 0.0747749 0.0660885 0.0476636 0.0209756 0.0000000 0.2397131 0.0576643 0.0496219 0.0102062 0.0000000 0.0000000 0.0055383 0.0076360 0.0000000 0.2104415 0.1066650 0.0252558 0.0000000 0.0689266 0.0088287
119 S 119 0.0809082 0.0033956 0.0237391 0.0236666 0.0000000 0.1666265 0.0315550 0.0840363 0.0000000 0.0000000 0.0000000 0.0074595 0.0085085 0.0045806 0.2929169 0.1474868 0.0618452 0.0026353 0.0580328 0.0026070
120 S 120 0.0701890 0.0031119 0.0167583 0.0193662 0.0000000 0.1047456 0.0222080 0.2730635 0.0371840 0.0091748 0.0045522 0.0115641 0.0000000 0.0188186 0.1308730 0.1890309 0.0389032 0.0041449 0.0413800 0.0049318
121 S 121 0.0593958 0.0015281 0.0395277 0.0153907 0.0000000 0.1341860 0.0077793 0.2716755 0.0142275 0.0000000 0.0074629 0.0110309 0.0047253 0.0000000 0.0572904 0.1470488 0.0615128 0.0000000 0.1672184 0.0000000
122 Y 122 0.0318564 0.0182455 0.0303753 0.0037671 0.0000000 0.1434289 0.0031345 0.1255079 0.0168677 0.0095039 0.0000000 0.0000000 0.0274940 0.0331544 0.0936688 0.0891375 0.0129002 0.0038596 0.3436010 0.0134973
123 G 123 0.0576446 0.0125498 0.0355098 0.0343234 0.0000000 0.1708390 0.0206577 0.4013802 0.0051348 0.0000000 0.0000000 0.0132900 0.0000000 0.0032873 0.1046438 0.0710809 0.0147436 0.0000000 0.0506173 0.0042978
124 Q 124 0.0424420 0.0427232 0.0252724 0.0136269 0.0000000 0.4199684 0.0188483 0.0653126 0.0141370 0.0000000 0.0044329 0.0069054 0.0154862 0.0000000 0.1584633 0.0681092 0.0311514 0.0033955 0.0668430 0.0028823
125 P 125 0.0805902 0.0323178 0.0207178 0.0054639 0.0000000 0.2150010 0.0053599 0.0917988 0.0276069 0.0000000 0.0024559 0.0000000 0.0069286 0.0036368 0.3642227 0.0865937 0.0241696 0.0000000 0.0235662 0.0095701
126 Q 126 0.0692707 0.0474724 0.0249127 0.0350515 0.0000000 0.2196582 0.0416402 0.1283854 0.0084948 0.0048506 0.0023966 0.0055449 0.0028152 0.0000000 0.1669967 0.1539759 0.0429202 0.0042654 0.0376176 0.0037308
127 S 127 0.0537372 0.0074625 0.0332109 0.0123791 0.0043766 0.1982517 0.0136281 0.1741936 0.0050578 0.0000000 0.0095549 0.0035757 0.0035958 0.0117061 0.1274919 0.1734984 0.0498870 0.0000000 0.1042033 0.0141895
128 G 128 0.0645988 0.0395760 0.0375618 0.0289156 0.0000000 0.0973369 0.0211606 0.2790709 0.0144557 0.0097513 0.0000000 0.0000000 0.0173812 0.0056876 0.1650896 0.1129146 0.0518107 0.0000000 0.0481122 0.0065766
129 S 129 0.0788850 0.0491751 0.0317818 0.0062617 0.0000000 0.1202962 0.0031884 0.2999395 0.0055509 0.0035240 0.0000000 0.0031628 0.0148147 0.0090383 0.0555929 0.1021530 0.0217288 0.0000000 0.1744673 0.0204397
130 Y 130 0.0350527 0.0056204 0.0374406 0.0071548 0.0000000 0.0958706 0.0000000 0.2188323 0.0207326 0.0000000 0.0031593 0.0094330 0.0210594 0.0303101 0.1157641 0.0813882 0.0152638 0.0355498 0.2551719 0.0121966
131 S 131 0.0585596 0.0031942 0.0596983 0.0425797 0.0000000 0.2046981 0.0000000 0.2414011 0.0000000 0.0000000 0.0083894 0.0199585 0.0066181 0.0046616 0.1628435 0.0654506 0.0303780 0.0000000 0.0762844 0.0152848
132 Q 132 0.0539360 0.0457436 0.0502107 0.0330876 0.0000000 0.3001713 0.0258365 0.1683869 0.0194683 0.0000000 0.0000000 0.0000000 0.0000000 0.0039218 0.1085898 0.0555032 0.0213258 0.0000000 0.1000728 0.0137460
133 Q 133 0.0744636 0.0156780 0.0294310 0.0196829 0.0000000 0.3723684 0.0516743 0.0343718 0.0089029 0.0000000 0.0070338 0.0056417 0.0031802 0.0096390 0.1944763 0.0914520 0.0274224 0.0000000 0.0545817 0.0000000
134 P 134 0.0578972 0.0184621 0.0164070 0.0279931 0.0000000 0.0773504 0.0345277 0.2176158 0.0066312 0.0000000 0.0111471 0.0056816 0.0045944 0.0000000 0.3614977 0.0982588 0.0280597 0.0000000 0.0262480 0.0076282
135 S 135 0.1057296 0.0396204 0.0308586 0.0135680 0.0000000 0.1529700 0.0154542 0.1517604 0.0202307 0.0000000 0.0075145 0.0000000 0.0066906 0.0000000 0.1148583 0.1763300 0.0348403 0.0000000 0.1066984 0.0228761
136 Y 136 0.0620586 0.0255794 0.0229905 0.0021301 0.0000000 0.1356400 0.0084370 0.1860025 0.0220811 0.0083928 0.0237024 0.0000000 0.0208834 0.0179179 0.0475841 0.1582640 0.0331354 0.0021296 0.2165488 0.0065223
137 G 137 0.0566768 0.0078274 0.0392360 0.0250853 0.0000000 0.1495952 0.0064143 0.3680149 0.0059218 0.0000000 0.0000000 0.0000000 0.0000000 0.0068836 0.1493114 0.0673010 0.0117807 0.0000000 0.0860810 0.0198705
138 G 138 0.0353680 0.0093450 0.0282278 0.0364751 0.0000000 0.1757155 0.0064949 0.2703162 0.0000000 0.0024469 0.0000000 0.0031406 0.0043048 0.0434364 0.0939826 0.0769247 0.0081240 0.0000000 0.1966766 0.0090210
139 Q 139 0.0438113 0.0190307 0.0282270 0.0140414 0.0000000 0.3438948 0.0211521 0.1394765 0.0277074 0.0054031 0.0000000 0.0048452 0.0075541 0.0034652 0.1728845 0.0831180 0.0025539 0.0072476 0.0516246 0.0239627
140 Q 140 0.0445391 0.0928231 0.0042447 0.0033117 0.0000000 0.4411135 0.0402612 0.0625070 0.0080484 0.0000000 0.0065377 0.0086306 0.0040881 0.0034742 0.1521895 0.0511124 0.0303136 0.0039132 0.0316715 0.0112205
141 Q 141 0.0714177 0.0000000 0.0464702 0.0020714 0.0000000 0.1643256 0.0201074 0.1702689 0.0000000 0.0000000 0.0081820 0.0045994 0.0036761 0.0000000 0.2755373 0.1636743 0.0413870 0.0000000 0.0227172 0.0055656
142 S 142 0.0608601 0.0062729 0.0310825 0.0049186 0.0000000 0.0674412 0.0307706 0.2593839 0.0176391 0.0099987 0.0000000 0.0000000 0.0077629 0.0104607 0.1423894 0.2137763 0.0381220 0.0047083 0.0773340 0.0170787
143 Y 143 0.0493221 0.0076618 0.0000000 0.0024455 0.0000000 0.1312518 0.0146865 0.1376298 0.0125569 0.0086574 0.0000000 0.0000000 0.0041119 0.0555071 0.0703715 0.0638593 0.0214272 0.0000000 0.4148800 0.0056312
144 G 144 0.0262802 0.0375779 0.0232927 0.0374299 0.0000000 0.1621234 0.0103291 0.3978860 0.0148762 0.0000000 0.0034002 0.0039591 0.0000000 0.0078686 0.1044287 0.0888322 0.0115637 0.0000000 0.0675323 0.0026200
145 Q 145 0.0543990 0.0185320 0.0530662 0.0157805 0.0000000 0.2903002 0.0353484 0.1606998 0.0188335 0.0000000 0.0051468 0.0096867 0.0139389 0.0100922 0.0907872 0.1298808 0.0193409 0.0000000 0.0620505 0.0121165
146 Q 146 0.0512032 0.0240950 0.0589518 0.0091852 0.0000000 0.3463303 0.0089746 0.0434413 0.0146759 0.0000000 0.0057898 0.0076321 0.0000000 0.0000000 0.2030355 0.0908573 0.0289793 0.0210973 0.0815867 0.0041646
147 Q 147 0.0598482 0.0126547 0.0530106 0.0331023 0.0000000 0.1296298 0.0170137 0.1941069 0.0000000 0.0000000 0.0250747 0.0131970 0.0000000 0.0043512 0.2330784 0.1378105 0.0373879 0.0000000 0.0399650 0.0097691
148 S 148 0.0698838 0.0319969 0.0392922 0.0149549 0.0000000 0.1163544 0.0141992 0.2602496 0.0107041 0.0000000 0.0069729 0.0240611 0.0048888 0.0088598 0.1049615 0.2081218 0.0521704 0.0000000 0.0207455 0.0115830
149 Y 149 0.0367545 0.0260324 0.0331489 0.0227436 0.0091608 0.1699039 0.0000000 0.0670985 0.0115960 0.0032647 0.0306985 0.0000000 0.0276581 0.0427819 0.0540251 0.0876749 0.0136248 0.0025736 0.3574143 0.0038455
150 N 150 0.1018080 0.0094527 0.1139968 0.0661707 0.0000000 0.1339723 0.0326591 0.2242603 0.0151222 0.0033763 0.0037386 0.0070684 0.0000000 0.0000000 0.1270422 0.0863495 0.0247921 0.0000000 0.0365649 0.0136261
151 P 151 0.0613848 0.0271245 0.0472644 0.0163460 0.0038821 0.3320591 0.0455236 0.0588558 0.0048947 0.0000000 0.0065165 0.0100436 0.0079888 0.0090750 0.2380140 0.0960768 0.0162876 0.0000000 0.0150783 0.0035844
152 P 152 0.0635908 0.0666259 0.0151391 0.0139785 0.0000000 0.2262387 0.0095186 0.0475997 0.0361528 0.0000000 0.0000000 0.0112768 0.0000000 0.0000000 0.3905177 0.0709902 0.0130853 0.0044548 0.0308312 0.0000000
153 Q 153 0.0825946 0.0195777 0.0034643 0.0414212 0.0000000 0.1654212 0.0128693 0.1135986 0.0137557 0.0000000 0.0118419 0.0057660 0.0224594 0.0034708 0.2418931 0.1986419 0.0309243 0.0000000 0.0276621 0.0046379
154 G 154 0.0575841 0.0173312 0.0436997 0.0336183 0.0000000 0.0512730 0.0104684 0.4844352 0.0000000 0.0038401 0.0000000 0.0111121 0.0087277 0.0000000 0.0497214 0.1772910 0.0265247 0.0000000 0.0039616 0.0204115
155 Y 155 0.0244474 0.0093023 0.0284630 0.0000000 0.0000000 0.0613620 0.0000000 0.0166011 0.0291309 0.0000000 0.0000000 0.0000000 0.0078359 0.0523544 0.0903606 0.0220867 0.0128119 0.0000000 0.6305789 0.0146647
156 G 156 0.0635134 0.0057652 0.0161208 0.0230388 0.0000000 0.1311596 0.0077525 0.4855026 0.0000000 0.0000000 0.0000000 0.0061408 0.0000000 0.0000000 0.1544497 0.0740310 0.0106431 0.0000000 0.0218825 0.0000000
157 Q 157 0.0873551 0.0204724 0.0887537 0.0047272 0.0000000 0.3366552 0.0203280 0.1426097 0.0190278 0.0000000 0.0000000 0.0079008 0.0148845 0.0000000 0.1064684 0.1161004 0.0131153 0.0000000 0.0140733 0.0075284
158 Q 158 0.0332097 0.0567321 0.0182693 0.0235780 0.0000000 0.5960605 0.0358785 0.0204108 0.0092439 0.0084208 0.0000000 0.0000000 0.0075751 0.0000000 0.0359564 0.0663174 0.0402565 0.0000000 0.0423485 0.0057424
159 N 159 0.0460405 0.0346644 0.1206894 0.0170603 0.0000000 0.1534588 0.0205825 0.1726918 0.0101396 0.0000000 0.0000000 0.0000000 0.0000000 0.0000000 0.1575074 0.2143918 0.0352020 0.0000000 0.0119683 0.0056033
160 Q 160 0.0570672 0.0000000 0.0304694 0.0267126 0.0000000 0.2826410 0.0362935 0.1696662 0.0474381 0.0000000 0.0000000 0.0204473 0.0000000 0.0000000 0.0321097 0.2546950 0.0253935 0.0000000 0.0117310 0.0053357
161 Y 161 0.0290478 0.0147140 0.0000000 0.0064468 0.0000000 0.2502740 0.0162547 0.0000000 0.0000000 0.0000000 0.0000000 0.0000000 0.0000000 0.0501745 0.0197157 0.0051700 0.0000000 0.0106804 0.5975221 0.0000000
162 N 162 0.0000000 0.0000000 0.1821290 0.0382726 0.0000000 0.0876956 0.0128612 0.3082878 0.0000000 0.0000000 0.0000000 0.0000000 0.0000000 0.0000000 0.0743953 0.2842276 0.0121309 0.0000000 0.0000000 0.0000000
163 S 163 0.2104361 0.0000000 0.2835310 0.0000000 0.0000000 0.0000000 0.0000000 0.0000000 0.0000000 0.0000000 0.0000000 0.0000000 0.0000000 0.0000000 0.0000000 0.5060329 0.0000000 0.0000000 0.0000000 0.0000000
