  163         A         R         N         D         C         Q         E         G         H         I         L         K         M         F         P         S         T         W         Y         V         X    
  1 M   1 0.0000000 0.0000000 0.0000000 0.0000000 0.0000000 0.0000000 0.0000000 0.0000000 0.0000000 0.0000000 0.0056670 0.0000000 0.0739329 0.0107096 0.0000000 0.0000000 0.0000000 0.0000000 0.0000000 0.0044213 0.9052691
  2 A   2 0.0896018 0.0000000 0.0000000 0.0000000 0.0000000 0.0000000 0.0000000 0.0511976 0.0000000 0.0000000 0.0000000 0.0000000 0.0039528 0.0000000 0.0084590 0.0490805 0.0056670 0.0000000 0.0000000 0.0073751 0.7846662
  3 S   3 0.0463998 0.0039528 0.0149295 0.0000000 0.0000000 0.0743569 0.0000000 0.0000000 0.0000000 0.0000000 0.0000000 0.0000000 0.0039344 0.0000000 0.0572136 0.1588278 0.0189903 0.0000000 0.0028839 0.0000000 0.6185110
  4 N   4 0.0000000 0.0045631 0.0225745 0.0122813 0.0000000 0.1001063 0.0052624 0.0344547 0.0000000 0.0053352 0.0000000 0.0000000 0.0118555 0.0000000 0.0628941 0.0440708 0.0555248 0.0000000 0.0496702 0.0126626 0.5787445
  5 D   5 0.0112058 0.0049812 0.0658592 0.0694439 0.0000000 0.0431279 0.0000000 0.0926675 0.0136090 0.0000000 0.0000000 0.0059607 0.0000000 0.0031475 0.0379688 0.0740718 0.0049744 0.0030356 0.0313153 0.0000000 0.5386315
  6 Y   6 0.0331096 0.0110881 0.0172775 0.0000000 0.0000000 0.0420477 0.0035170 0.0302457 0.0288409 0.0000000 0.0066336 0.0033426 0.0000000 0.0269951 0.0233142 0.0335099 0.0203453 0.0021458 0.1843963 0.0074273 0.5257633
  7 T   7 0.0389060 0.0000000 0.0291323 0.0037619 0.0000000 0.0916001 0.0112384 0.1685876 0.0000000 0.0000000 0.0000000 0.0000000 0.0000000 0.0000000 0.0284449 0.1523678 0.0425078 0.0000000 0.0158690 0.0020307 0.4155534
  8 Q   8 0.0995211 0.0378783 0.0266777 0.0215528 0.0000000 0.1909780 0.0135725 0.0896297 0.0263434 0.0030443 0.0044920 0.0063724 0.0000000 0.0049420 0.0368365 0.0709810 0.0304700 0.0000000 0.0072322 0.0000000 0.3294762
  9 Q   9 0.0765189 0.0265971 0.0272609 0.0073736 0.0000000 0.1207648 0.0045277 0.1334644 0.0031475 0.0000000 0.0000000 0.0059210 0.0075113 0.0047417 0.1083866 0.0505219 0.0230443 0.0000000 0.0944194 0.0086252 0.2971737
 10 A  10 0.1546743 0.0333874 0.0382477 0.0097961 0.0000000 0.0629414 0.0171484 0.1289897 0.0021946 0.0000000 0.0045015 0.0031866 0.0085039 0.0000000 0.1527882 0.0505814 0.0064381 0.0000000 0.0486648 0.0071205 0.2708354
 11 T  11 0.0333379 0.0507240 0.0472952 0.0114183 0.0000000 0.1970205 0.0102850 0.0239405 0.0045901 0.0000000 0.0056360 0.0063006 0.0217987 0.0045015 0.1353369 0.0758753 0.0526387 0.0000000 0.0671426 0.0000000 0.2521583
 12 Q  12 0.0304788 0.0098345 0.0219859 0.0093620 0.0000000 0.2751693 0.0211401 0.0420867 0.0068159 0.0044213 0.0000000 0.0214850 0.0031161 0.0024892 0.1843904 0.0733842 0.0179017 0.0000000 0.0242947 0.0078575 0.2437867
 13 S  13 0.0504608 0.0207577 0.0378732 0.0191264 0.0000000 0.0478257 0.0141308 0.2912620 0.0054660 0.0029505 0.0043877 0.0075879 0.0135257 0.0025768 0.0956493 0.1260311 0.0185972 0.0000000 0.0082111 0.0086882 0.2248919
 14 Y  14 0.0487468 0.0221108 0.0263839 0.0162049 0.0040693 0.0874626 0.0120590 0.0403761 0.0139046 0.0000000 0.0031466 0.0071900 0.0073881 0.0233992 0.0615747 0.0551830 0.0316833 0.0037619 0.2843897 0.0225117 0.2284538
 15 G  15 0.0202626 0.0247472 0.0157469 0.0019669 0.0000000 0.1397711 0.0212354 0.2725874 0.0078956 0.0073405 0.0061786 0.0080138 0.0000000 0.0043733 0.0663947 0.1600733 0.0227261 0.0000000 0.0136050 0.0032887 0.2037931
 16 A  16 0.1336559 0.0170813 0.0136444 0.0038171 0.0000000 0.0826019 0.0091605 0.2829802 0.0083402 0.0039703 0.0021045 0.0031526 0.0152448 0.0045072 0.0679410 0.1177394 0.0172980 0.0000000 0.0167325 0.0157483 0.1842796
 17 Y  17 0.0257902 0.0375607 0.0234959 0.0055507 0.0000000 0.1243158 0.0055580 0.0780700 0.0098083 0.0000000 0.0000000 0.0069618 0.0000000 0.0292320 0.0418951 0.0592587 0.0285805 0.0075100 0.3286558 0.0056965 0.1820602
 18 P  18 0.0587997 0.0150236 0.0275510 0.0134440 0.0000000 0.0938667 0.0108849 0.1529804 0.0088331 0.0033501 0.0126159 0.0172266 0.0034220 0.0000000 0.2518132 0.0597732 0.0329414 0.0030065 0.0542847 0.0107515 0.1694315
 19 T  19 0.1133899 0.0326862 0.0509353 0.0379755 0.0000000 0.1854686 0.0340706 0.0854592 0.0046304 0.0000000 0.0000000 0.0096432 0.0000000 0.0000000 0.0998493 0.0796153 0.0520299 0.0090957 0.0322748 0.0115841 0.1612917
 20 Q  20 0.0516110 0.0340172 0.0354942 0.0124280 0.0000000 0.3564134 0.0282485 0.0829214 0.0046661 0.0065294 0.0022115 0.0103725 0.0029568 0.0000000 0.1129207 0.0500842 0.0270534 0.0022840 0.0199256 0.0034561 0.1564058
 21 P  21 0.0392439 0.0165339 0.0465371 0.0129254 0.0000000 0.0608258 0.0249620 0.0729963 0.0084423 0.0064901 0.0047417 0.0000000 0.0066780 0.0000000 0.4122152 0.0673208 0.0130536 0.0000000 0.0351902 0.0087061 0.1631377
 22 G  22 0.1146456 0.0509418 0.0487622 0.0117673 0.0000000 0.0628248 0.0161091 0.1658055 0.0215885 0.0000000 0.0042295 0.0166454 0.0030443 0.0049794 0.0985243 0.0879163 0.0580628 0.0029287 0.0595486 0.0132715 0.1584043
 23 Q  23 0.0518654 0.0231013 0.0168944 0.0113950 0.0000000 0.3056298 0.0048249 0.0941780 0.0074179 0.0000000 0.0043393 0.0074926 0.0000000 0.0070396 0.0835949 0.1011180 0.0307124 0.0000000 0.0832547 0.0116456 0.1554960
 24 G  24 0.0548111 0.0075458 0.0311507 0.0127846 0.0000000 0.0681725 0.0124665 0.4624491 0.0000000 0.0038638 0.0026244 0.0000000 0.0000000 0.0000000 0.0262796 0.1013062 0.0178263 0.0050088 0.0438452 0.0080622 0.1418033
 25 Y  25 0.0369783 0.0157005 0.0044348 0.0078874 0.0000000 0.0625688 0.0031417 0.0926143 0.0107301 0.0017076 0.0061478 0.0000000 0.0125124 0.0387385 0.0508410 0.0361156 0.0213045 0.0084514 0.4388615 0.0136321 0.1376318
 26 S  26 0.0833492 0.0331884 0.0489846 0.0066352 0.0000000 0.1679123 0.0314116 0.2616778 0.0000000 0.0000000 0.0000000 0.0071671 0.0000000 0.0000000 0.1080934 0.0884305 0.0061214 0.0014937 0.0244112 0.0120725 0.1190511
 27 Q  27 0.0538687 0.0189401 0.0182841 0.0088747 0.0000000 0.3780975 0.0141163 0.0894222 0.0111118 0.0000000 0.0000000 0.0156686 0.0145888 0.0000000 0.1861427 0.0416578 0.0123343 0.0029223 0.0176037 0.0089469 0.1074194
 28 Q  28 0.0807988 0.0138519 0.0288684 0.0219595 0.0000000 0.2618169 0.0315450 0.1012312 0.0106526 0.0000000 0.0000000 0.0042295 0.0058223 0.0000000 0.1662941 0.0683069 0.0384723 0.0000000 0.0386822 0.0029678 0.1245006
 29 S  29 0.0827489 0.0151375 0.0467716 0.0145009 0.0000000 0.1225278 0.0411291 0.0984708 0.0164791 0.0026915 0.0040693 0.0000000 0.0000000 0.0111991 0.1499021 0.1568402 0.0717770 0.0034421 0.0281814 0.0109440 0.1231877
 30 S  30 0.0364851 0.0347694 0.0574040 0.0276219 0.0000000 0.1677010 0.0058371 0.1379736 0.0085110 0.0044213 0.0034861 0.0000000 0.0030443 0.0021755 0.0971590 0.1089000 0.0545910 0.0071709 0.1108972 0.0122206 0.1196310
 31 Q  31 0.0368861 0.0494895 0.0233401 0.0323875 0.0000000 0.2108616 0.0071444 0.1656707 0.0157210 0.0000000 0.0000000 0.0039445 0.0034561 0.0138657 0.1112431 0.1204357 0.0255841 0.0000000 0.0524757 0.0172063 0.1102880
 32 P  32 0.1036915 0.0061277 0.0232370 0.0098380 0.0000000 0.0503292 0.0143911 0.2152109 0.0123053 0.0000000 0.0027440 0.0040834 0.0108960 0.0052325 0.2240973 0.1253700 0.0463946 0.0000000 0.0436476 0.0057391 0.0966648
 33 Y  33 0.0288886 0.0411815 0.0438899 0.0132387 0.0000000 0.1373678 0.0042295 0.0569374 0.0139290 0.0000000 0.0019035 0.0063987 0.0112527 0.0325038 0.0490839 0.0441914 0.0372117 0.0097663 0.3508542 0.0107636 0.1064079
 34 G  34 0.0654618 0.0078044 0.0363309 0.0097706 0.0000000 0.0564558 0.0077158 0.4009560 0.0060687 0.0031526 0.0000000 0.0000000 0.0050247 0.0000000 0.1590249 0.0563029 0.0361521 0.0000000 0.0361895 0.0000000 0.1135892
 35 Q  35 0.0525193 0.0555995 0.0195932 0.0252883 0.0000000 0.3102846 0.0042344 0.1433766 0.0071157 0.0027449 0.0026373 0.0103765 0.0076504 0.0077037 0.1338178 0.0683818 0.0164635 0.0000000 0.0340667 0.0030823 0.0950634
 36 Q  36 0.0664046 0.0154408 0.0356548 0.0208986 0.0000000 0.3706975 0.0320297 0.0473684 0.0146585 0.0000000 0.0000000 0.0128917 0.0062676 0.0025134 0.1539475 0.0569909 0.0215398 0.0000000 0.0473244 0.0137834 0.0815883
 37 S  37 0.0704655 0.0136704 0.0273644 0.0158869 0.0037624 0.1007478 0.0319493 0.1670128 0.0090526 0.0000000 0.0064062 0.0000000 0.0027346 0.0000000 0.2038553 0.1840939 0.0416695 0.0000000 0.0334512 0.0104807 0.0773963
 38 Y  38 0.0821046 0.0179540 0.0458388 0.0308954 0.0000000 0.0886777 0.0078603 0.0838215 0.0200679 0.0000000 0.0028743 0.0000000 0.0000000 0.0089966 0.0991244 0.1077667 0.0728439 0.0000000 0.2106484 0.0290574 0.0914684
 39 S  39 0.0468245 0.0219657 0.0245413 0.0036316 0.0000000 0.1304644 0.0137087 0.2438635 0.0223040 0.0040693 0.0043733 0.0000000 0.0000000 0.0116522 0.1405503 0.1605482 0.0239876 0.0000000 0.0548117 0.0184780 0.0742258
 40 G  40 0.0956088 0.0031811 0.0303299 0.0201344 0.0000000 0.1030161 0.0045611 0.3545282 0.0078062 0.0000000 0.0000000 0.0040834 0.0118472 0.0122000 0.0735839 0.1193244 0.0430288 0.0000000 0.0365844 0.0049777 0.0752044
 41 Y  41 0.0575520 0.0202331 0.0488072 0.0061786 0.0068549 0.1374432 0.0034861 0.0403824 0.0131522 0.0000000 0.0075727 0.0022223 0.0030694 0.0294283 0.0438621 0.0485304 0.0082870 0.0027844 0.4568957 0.0029568 0.0603010
 42 S  42 0.0365889 0.0094939 0.0446087 0.0159524 0.0000000 0.0900906 0.0064628 0.3630957 0.0063997 0.0053352 0.0000000 0.0043733 0.0048978 0.0026073 0.1813726 0.0850337 0.0285215 0.0020779 0.0481613 0.0094277 0.0554989
 43 Q  43 0.0604429 0.0259031 0.0290510 0.0199403 0.0000000 0.3973857 0.0050088 0.0921033 0.0014796 0.0000000 0.0037624 0.0112562 0.0000000 0.0000000 0.1535004 0.0742214 0.0173815 0.0000000 0.0379298 0.0088318 0.0618019
 44 S  44 0.0704585 0.0728062 0.0184773 0.0027929 0.0000000 0.1940472 0.0094238 0.0838647 0.0042344 0.0000000 0.0000000 0.0169858 0.0035393 0.0000000 0.2750468 0.0977392 0.0382445 0.0000000 0.0503362 0.0027440 0.0592591
 45 T  45 0.0809020 0.0221114 0.0419574 0.0232272 0.0037624 0.1495114 0.0649300 0.0869764 0.0074893 0.0040693 0.0029988 0.0000000 0.0057580 0.0025134 0.1905391 0.1061299 0.0600430 0.0000000 0.0740741 0.0019994 0.0710076
 46 D  46 0.0796704 0.0094583 0.0576022 0.0767362 0.0000000 0.1307331 0.0444035 0.2204356 0.0048978 0.0026915 0.0060247 0.0000000 0.0032115 0.0000000 0.1671275 0.0546841 0.0415251 0.0043733 0.0199074 0.0027644 0.0737533
 47 T  47 0.0630385 0.0153245 0.0261633 0.0054508 0.0037624 0.2007658 0.0194170 0.1090234 0.0204378 0.0092346 0.0093299 0.0060113 0.0023097 0.0000000 0.1024903 0.0964183 0.1071076 0.0000000 0.0936822 0.0173695 0.0926631
 48 S  48 0.1130847 0.0296213 0.0219454 0.0229474 0.0000000 0.1382337 0.0109754 0.1431916 0.0075049 0.0000000 0.0000000 0.0037624 0.0039344 0.0106277 0.1407338 0.1835998 0.0057498 0.0000000 0.0848826 0.0034561 0.0757490
 49 G  49 0.0536565 0.0153835 0.0371229 0.0025210 0.0000000 0.0608469 0.0071681 0.3903038 0.0000000 0.0031466 0.0000000 0.0000000 0.0078869 0.0078978 0.0561656 0.0942821 0.0619437 0.0000000 0.1148362 0.0062723 0.0805663
 50 Y  50 0.0404099 0.0144153 0.0352574 0.0131167 0.0000000 0.1525789 0.0059592 0.0730472 0.0060987 0.0000000 0.0038579 0.0028506 0.0079760 0.0362105 0.0989410 0.0486731 0.0221261 0.0255726 0.3268896 0.0132517 0.0727676
 51 G  51 0.0348636 0.0138142 0.0281929 0.0048239 0.0000000 0.1202309 0.0043444 0.3614630 0.0056670 0.0000000 0.0037624 0.0073232 0.0032115 0.0103958 0.2063523 0.0854643 0.0150363 0.0072693 0.0242921 0.0022301 0.0612628
 52 Q  52 0.0346679 0.0378562 0.0228398 0.0185157 0.0000000 0.4664914 0.0270560 0.0987029 0.0068919 0.0000000 0.0041939 0.0047481 0.0119031 0.0000000 0.1366689 0.0474236 0.0109184 0.0000000 0.0287784 0.0000000 0.0423438
 53 S  53 0.0611409 0.0243601 0.0275671 0.0111831 0.0000000 0.2023637 0.0464136 0.1022257 0.0047481 0.0000000 0.0058479 0.0092195 0.0038638 0.0000000 0.1494280 0.1540610 0.0876372 0.0000000 0.0495112 0.0169387 0.0434903
 54 S  54 0.0875365 0.0113580 0.0430489 0.0167379 0.0000000 0.1348811 0.0198455 0.1430972 0.0075318 0.0025708 0.0114566 0.0000000 0.0101863 0.0035112 0.1913076 0.1425816 0.0491043 0.0000000 0.0614876 0.0112682 0.0524890
 55 Y  55 0.0715490 0.0581481 0.0421143 0.0483589 0.0053352 0.1613191 0.0092442 0.0760846 0.0479657 0.0000000 0.0083750 0.0000000 0.0084749 0.0028506 0.0899637 0.0750597 0.0468710 0.0105224 0.1859968 0.0049196 0.0468473
 56 S  56 0.0855919 0.0162985 0.0405557 0.0158185 0.0000000 0.1118881 0.0171256 0.1475878 0.0087141 0.0052325 0.0000000 0.0106792 0.0000000 0.0154275 0.2635019 0.1726877 0.0307748 0.0000000 0.0213679 0.0040616 0.0326867
 57 S  57 0.0387327 0.0058538 0.0278454 0.0032909 0.0000000 0.1302668 0.0024006 0.3268426 0.0215271 0.0026792 0.0082614 0.0047481 0.0119960 0.0000000 0.1134045 0.1538884 0.0591771 0.0000000 0.0511045 0.0069162 0.0310648
 58 Y  58 0.0431703 0.0081954 0.0436279 0.0172742 0.0015030 0.1331097 0.0057256 0.0978506 0.0082291 0.0035112 0.0000000 0.0052117 0.0035393 0.0321144 0.0438607 0.0800278 0.0136714 0.0056670 0.3980712 0.0220299 0.0336096
 59 G  59 0.0392731 0.0032909 0.0731272 0.0138274 0.0000000 0.0624418 0.0158101 0.3810500 0.0114642 0.0000000 0.0000000 0.0000000 0.0075351 0.0038638 0.1330623 0.0670434 0.0063753 0.0000000 0.1364532 0.0073911 0.0379913
 60 Q  60 0.0579804 0.0384351 0.0455805 0.0119448 0.0000000 0.3745803 0.0094670 0.1801866 0.0107933 0.0035170 0.0000000 0.0056920 0.0100018 0.0000000 0.0726832 0.0625746 0.0169619 0.0000000 0.0660826 0.0064336 0.0270853
 61 S  61 0.0803852 0.0469498 0.0284408 0.0180454 0.0000000 0.2189893 0.0150719 0.0705533 0.0091990 0.0000000 0.0039494 0.0097405 0.0078026 0.0000000 0.2844549 0.0701329 0.0369428 0.0045015 0.0669867 0.0067849 0.0210691
 62 Q  62 0.0882124 0.0221762 0.0276871 0.0081869 0.0000000 0.2906159 0.0410254 0.0569053 0.0097341 0.0077282 0.0080031 0.0026366 0.0037121 0.0000000 0.2829878 0.0744598 0.0158183 0.0032115 0.0315539 0.0063530 0.0189924
 63 N  63 0.0557726 0.0221412 0.0480442 0.0198499 0.0000000 0.2153253 0.0161869 0.1890766 0.0088976 0.0072311 0.0000000 0.0036316 0.0000000 0.0000000 0.2158243 0.0575563 0.0551347 0.0000000 0.0478762 0.0113191 0.0261325
 64 T  64 0.0442517 0.0199592 0.0393444 0.0190170 0.0000000 0.1971228 0.0057004 0.1688038 0.0076875 0.0044213 0.0000000 0.0000000 0.0020779 0.0039395 0.1452198 0.1577494 0.0856865 0.0000000 0.0542977 0.0178532 0.0268677
 65 G  65 0.0931957 0.0350773 0.0185333 0.0076556 0.0000000 0.1003747 0.0326314 0.3452276 0.0130576 0.0000000 0.0112514 0.0000000 0.0101680 0.0053036 0.1008271 0.1075032 0.0259461 0.0000000 0.0597542 0.0000000 0.0334931
 66 Y  66 0.0326339 0.0095282 0.0222801 0.0049653 0.0000000 0.0967429 0.0038399 0.0437772 0.0075621 0.0000000 0.0021090 0.0030914 0.0000000 0.0385291 0.1489330 0.0990412 0.0117591 0.0170390 0.4057335 0.0086346 0.0438004
 67 G  67 0.0451628 0.0068090 0.0170982 0.0124738 0.0000000 0.1285500 0.0031811 0.4438398 0.0087828 0.0000000 0.0195586 0.0101856 0.0052035 0.0032194 0.0819650 0.0604986 0.0683684 0.0049412 0.0404410 0.0069004 0.0328207
 68 T  68 0.0803941 0.0266498 0.0660091 0.0487415 0.0000000 0.2678058 0.0087956 0.0848882 0.0042165 0.0166569 0.0000000 0.0022723 0.0030694 0.0039703 0.0871493 0.0733248 0.0934823 0.0000000 0.0903104 0.0099357 0.0323280
 69 Q  69 0.0657349 0.0487904 0.0345340 0.0068067 0.0000000 0.2364148 0.0568153 0.1055457 0.0077399 0.0000000 0.0000000 0.0038399 0.0073400 0.0000000 0.2773849 0.0462440 0.0220687 0.0000000 0.0611253 0.0030926 0.0165230
 70 S  70 0.0649477 0.0257950 0.0402269 0.0260419 0.0000000 0.1407447 0.0278066 0.1822309 0.0082954 0.0000000 0.0000000 0.0066828 0.0000000 0.0026243 0.1856963 0.1246184 0.0515271 0.0029287 0.0672100 0.0114284 0.0311949
 71 T  71 0.1447621 0.0181087 0.0384489 0.0140757 0.0000000 0.2006555 0.0226927 0.0729383 0.0246489 0.0066950 0.0069646 0.0000000 0.0029915 0.0040485 0.1917408 0.0620364 0.0433683 0.0025514 0.0898334 0.0260479 0.0273915
 72 P  72 0.0284426 0.0147213 0.0252136 0.0090243 0.0000000 0.2009436 0.0141122 0.0654529 0.0071139 0.0000000 0.0026284 0.0066456 0.0000000 0.0000000 0.3867248 0.1352490 0.0318524 0.0000000 0.0342782 0.0104586 0.0271385
 73 Q  73 0.0460620 0.0185991 0.0184741 0.0000000 0.0000000 0.3315047 0.0117006 0.1183637 0.0124672 0.0109298 0.0041193 0.0000000 0.0048258 0.0123946 0.1539923 0.1095481 0.0255141 0.0000000 0.0624393 0.0073915 0.0516736
 74 G  74 0.1025611 0.0196139 0.0194379 0.0147891 0.0000000 0.1107519 0.0244024 0.3977131 0.0033784 0.0032194 0.0043877 0.0053138 0.0000000 0.0024042 0.0916735 0.0984816 0.0382824 0.0000000 0.0168341 0.0116112 0.0351445
 75 Y  75 0.0448449 0.0080950 0.0286662 0.0000000 0.0000000 0.1112853 0.0024042 0.0603791 0.0113644 0.0000000 0.0026373 0.0024110 0.0150268 0.0297752 0.0563476 0.0594160 0.0295594 0.0045015 0.4493552 0.0073129 0.0766181
 76 G  76 0.0485662 0.0156577 0.0410270 0.0200832 0.0023508 0.1210076 0.0039805 0.3580470 0.0036097 0.0000000 0.0022104 0.0083683 0.0000000 0.0048978 0.1442692 0.1037751 0.0066995 0.0029223 0.0582510 0.0097086 0.0445679
 77 S  77 0.0684174 0.0714917 0.0196918 0.0202532 0.0000000 0.3441879 0.0113349 0.0664362 0.0106804 0.0000000 0.0063036 0.0200455 0.0079974 0.0000000 0.1467405 0.1042532 0.0208562 0.0000000 0.0400783 0.0076777 0.0335542
 78 T  78 0.0618509 0.0342281 0.0269956 0.0212445 0.0000000 0.2144396 0.0379933 0.0367564 0.0141806 0.0015452 0.0069646 0.0046304 0.0027414 0.0000000 0.2614359 0.0987879 0.0625747 0.0000000 0.0670192 0.0018873 0.0447245
 79 G  79 0.0618354 0.0039725 0.0407983 0.0162796 0.0000000 0.1170216 0.0481340 0.2386864 0.0104105 0.0000000 0.0061786 0.0000000 0.0000000 0.0000000 0.1835778 0.1099576 0.0474646 0.0035393 0.0487353 0.0032855 0.0601230
 80 G  80 0.0693514 0.0046870 0.0650407 0.0154928 0.0000000 0.1002820 0.0092465 0.2829395 0.0000000 0.0000000 0.0061786 0.0075233 0.0030926 0.0089776 0.0904513 0.1199023 0.0375327 0.0000000 0.0994012 0.0074045 0.0724959
 81 Y  81 0.0489411 0.0165013 0.0252448 0.0085741 0.0000000 0.1804733 0.0076952 0.0436856 0.0116147 0.0040485 0.0245361 0.0074926 0.0069646 0.0217554 0.0828927 0.0725922 0.0453200 0.0050139 0.2999609 0.0127899 0.0739033
 82 G  82 0.0622441 0.0000000 0.0196237 0.0281510 0.0000000 0.1641852 0.0115257 0.4686034 0.0080455 0.0035427 0.0000000 0.0000000 0.0034220 0.0110169 0.0729531 0.0669436 0.0104161 0.0000000 0.0183322 0.0048799 0.0461149
 83 S  83 0.0732936 0.0026128 0.0139907 0.0256940 0.0000000 0.2726184 0.0112264 0.1059249 0.0111601 0.0092711 0.0021980 0.0000000 0.0164892 0.0137647 0.1139998 0.0871788 0.0118771 0.0145432 0.1640664 0.0027125 0.0473783
 84 S  84 0.0987419 0.0294388 0.0393187 0.0227661 0.0000000 0.0924533 0.0150394 0.2343247 0.0158134 0.0039494 0.0045072 0.0000000 0.0167453 0.0062755 0.1460619 0.1751253 0.0205592 0.0000000 0.0275460 0.0050475 0.0462864
 85 Q  85 0.0607145 0.0235928 0.0761362 0.0235025 0.0000000 0.2445776 0.0174233 0.1155496 0.0027929 0.0064321 0.0000000 0.0089356 0.0029915 0.0086623 0.1133136 0.0746348 0.0234239 0.0000000 0.1477569 0.0100185 0.0395414
 86 S  86 0.1006060 0.0149131 0.0210606 0.0000000 0.0000000 0.2339964 0.0589973 0.1267402 0.0055467 0.0000000 0.0000000 0.0143369 0.0034220 0.0042443 0.1594921 0.0635379 0.0362340 0.0000000 0.1035125 0.0188249 0.0345351
 87 S  87 0.1060138 0.0173058 0.0481794 0.0141676 0.0000000 0.1461002 0.0158524 0.1359115 0.0148779 0.0035170 0.0046304 0.0198529 0.0040076 0.0000000 0.2567913 0.1284159 0.0249380 0.0000000 0.0211392 0.0071564 0.0311427
 88 Q  88 0.0440058 0.0793870 0.0533729 0.0174611 0.0000000 0.3266292 0.0297959 0.0507267 0.0218174 0.0028434 0.0053352 0.0035427 0.0064227 0.0000000 0.1632840 0.0667994 0.0196933 0.0000000 0.0714149 0.0111800 0.0262883
 89 S  89 0.0508293 0.0241263 0.0378505 0.0221780 0.0000000 0.1015663 0.0095445 0.1323086 0.0059523 0.0000000 0.0069646 0.0041939 0.0029915 0.0056608 0.2974142 0.2064576 0.0261867 0.0000000 0.0350671 0.0031009 0.0276071
 90 S  90 0.1383819 0.0155858 0.0157424 0.0102042 0.0000000 0.0761511 0.0050778 0.3409716 0.0038516 0.0020855 0.0105224 0.0031288 0.0147166 0.0067056 0.1014016 0.1520131 0.0083921 0.0000000 0.0382068 0.0100890 0.0467721
 91 Y  91 0.0292517 0.0035502 0.0159571 0.0043791 0.0000000 0.1009206 0.0000000 0.0503538 0.0108423 0.0000000 0.0000000 0.0000000 0.0069646 0.0324232 0.0906703 0.0183401 0.0142104 0.0028554 0.5599069 0.0039344 0.0554397
 92 G  92 0.0372421 0.0033010 0.0438182 0.0201943 0.0000000 0.1139467 0.0074926 0.5057427 0.0000000 0.0033784 0.0000000 0.0000000 0.0000000 0.0027644 0.0754282 0.0393235 0.0051840 0.0000000 0.0543690 0.0133554 0.0744596
 93 Q  93 0.0651753 0.0294183 0.0407767 0.0318774 0.0000000 0.3323569 0.0212832 0.1515318 0.0000000 0.0000000 0.0026243 0.0021173 0.0000000 0.0035112 0.0575418 0.0739675 0.0647465 0.0000000 0.0516490 0.0100322 0.0613907
 94 Q  94 0.0449101 0.0465772 0.0054310 0.0000000 0.0000000 0.4407615 0.0209759 0.0303341 0.0172695 0.0000000 0.0000000 0.0039805 0.0067294 0.0000000 0.1445210 0.0532753 0.0346636 0.0036097 0.0954799 0.0080780 0.0434034
 95 S  95 0.0306652 0.0085135 0.0375398 0.0111592 0.0000000 0.0911195 0.0397472 0.1157080 0.0061802 0.0042295 0.0000000 0.0000000 0.0000000 0.0040485 0.4257934 0.1570651 0.0223291 0.0000000 0.0153891 0.0025708 0.0279419
 96 S  96 0.1443603 0.0035310 0.0325146 0.0086665 0.0023508 0.1823484 0.0086340 0.1674204 0.0000000 0.0000000 0.0084497 0.0000000 0.0168899 0.0045015 0.1246456 0.1560515 0.0408180 0.0000000 0.0419498 0.0143396 0.0425284
 97 Y  97 0.0416359 0.0372131 0.0245908 0.0000000 0.0000000 0.1920952 0.0114400 0.1014209 0.0307252 0.0119261 0.0000000 0.0000000 0.0061786 0.0103740 0.1273106 0.0882769 0.0434781 0.0000000 0.2349618 0.0076732 0.0306997
 98 P  98 0.0475862 0.0053547 0.0152161 0.0399226 0.0000000 0.1741565 0.0178850 0.1568004 0.0097493 0.0031466 0.0090736 0.0000000 0.0026809 0.0117813 0.3132325 0.1125298 0.0249714 0.0000000 0.0235772 0.0000000 0.0323359
 99 G  99 0.0791629 0.0065394 0.0554806 0.0043622 0.0000000 0.1008471 0.0077502 0.3365066 0.0087575 0.0000000 0.0053352 0.0000000 0.0041193 0.0020855 0.1132794 0.1114910 0.0361754 0.0145432 0.0705080 0.0111291 0.0319273
100 Y 100 0.0326669 0.0134547 0.0487673 0.0000000 0.0000000 0.2019258 0.0019345 0.1056959 0.0190225 0.0000000 0.0054836 0.0032191 0.0167489 0.0447199 0.0451781 0.0468413 0.0021969 0.0000000 0.3763870 0.0047286 0.0310289
101 G 101 0.0646847 0.0133101 0.0373449 0.0349674 0.0000000 0.1242887 0.0072455 0.4259298 0.0000000 0.0000000 0.0000000 0.0021173 0.0000000 0.0119964 0.1048361 0.0381451 0.0305614 0.0025768 0.0653016 0.0063120 0.0303821
102 Q 102 0.0677734 0.0213541 0.0293255 0.0090099 0.0000000 0.4160215 0.0404405 0.1661223 0.0146315 0.0024472 0.0000000 0.0100370 0.0195310 0.0035112 0.0398218 0.0391134 0.0150714 0.0000000 0.0631676 0.0085336 0.0340870
103 Q 103 0.0538087 0.0115147 0.0148890 0.0161199 0.0000000 0.3798001 0.0063901 0.0625433 0.0135019 0.0000000 0.0000000 0.0000000 0.0027509 0.0000000 0.2144971 0.1113901 0.0208989 0.0000000 0.0410337 0.0116062 0.0392554
104 P 104 0.0509740 0.0329986 0.0178411 0.0154501 0.0000000 0.1643763 0.0097480 0.0652118 0.0235096 0.0000000 0.0030914 0.0071021 0.0064065 0.0040485 0.3715444 0.0916420 0.0215116 0.0000000 0.0564452 0.0000000 0.0580988
105 A 105 0.1483724 0.0459505 0.0386382 0.0024048 0.0000000 0.1154237 0.0290615 0.1918881 0.0132764 0.0000000 0.0069646 0.0099909 0.0000000 0.0000000 0.1619367 0.0960683 0.0256926 0.0000000 0.0583731 0.0091584 0.0467998
106 P 106 0.0740954 0.0180651 0.0390784 0.0280805 0.0000000 0.1190791 0.0204858 0.1164962 0.0117419 0.0034861 0.0069646 0.0039749 0.0105092 0.0045072 0.2657569 0.0751198 0.0430623 0.0000000 0.0846012 0.0189522 0.0559431
107 S 107 0.1457823 0.0552734 0.0135944 0.0147366 0.0000000 0.2052809 0.0161887 0.0753195 0.0022202 0.0000000 0.0000000 0.0192082 0.0061786 0.0134636 0.0972197 0.1078662 0.0560991 0.0000000 0.0991158 0.0174634 0.0549893
108 S 108 0.1063730 0.0167822 0.0337239 0.0202292 0.0000000 0.1162717 0.0196360 0.1771236 0.0172072 0.0049425 0.0033784 0.0191158 0.0081768 0.0143658 0.1576458 0.1090232 0.0404306 0.0000000 0.0616259 0.0153789 0.0585697
109 T 109 0.0536696 0.0072543 0.0384357 0.0145650 0.0000000 0.1506242 0.0106966 0.1544664 0.0000000 0.0000000 0.0076159 0.0032070 0.0060384 0.0036717 0.1863598 0.1411901 0.0393234 0.0022438 0.1138187 0.0087418 0.0580777
110 S 110 0.0901638 0.0448325 0.0160402 0.0216214 0.0000000 0.1935936 0.0164522 0.1457359 0.0042443 0.0000000 0.0075181 0.0092672 0.0049420 0.0066998 0.1264604 0.1152198 0.0420875 0.0024637 0.0928164 0.0069422 0.0528989
111 G 111 0.0312418 0.0322482 0.0455769 0.0055463 0.0000000 0.1634899 0.0333749 0.2509897 0.0032887 0.0071835 0.0032271 0.0000000 0.0069592 0.0171441 0.1391540 0.1203751 0.0243385 0.0000000 0.0595792 0.0122636 0.0440194
112 S 112 0.0391531 0.0239217 0.0442165 0.0051059 0.0000000 0.1361700 0.0242801 0.2211604 0.0262968 0.0000000 0.0074133 0.0072934 0.0000000 0.0039870 0.1650009 0.0711985 0.0365107 0.0021946 0.1383266 0.0172700 0.0305005
113 Y 113 0.0295303 0.0241755 0.0241203 0.0091535 0.0000000 0.2198326 0.0042344 0.1332073 0.0062549 0.0066009 0.0000000 0.0017950 0.0208983 0.0189012 0.1870471 0.0629283 0.0258444 0.0031009 0.1804537 0.0029106 0.0390106
114 G 114 0.0815214 0.0110215 0.0256878 0.0354554 0.0000000 0.1019806 0.0111720 0.3424050 0.0024472 0.0000000 0.0000000 0.0000000 0.0066694 0.0055213 0.1270215 0.1060815 0.0290160 0.0000000 0.0568004 0.0164595 0.0407398
115 S 115 0.0881673 0.0745055 0.0360538 0.0129112 0.0000000 0.2396851 0.0296502 0.1226112 0.0124503 0.0107538 0.0000000 0.0125753 0.0110561 0.0116360 0.0693570 0.1163287 0.0088044 0.0207745 0.0706938 0.0070248 0.0449611
116 S 116 0.0840454 0.0311789 0.0288576 0.0017118 0.0000000 0.1585695 0.0323194 0.1526149 0.0094640 0.0122491 0.0065981 0.0083168 0.0036097 0.0046304 0.1842657 0.0911616 0.0256560 0.0095794 0.0887881 0.0136949 0.0526887
117 S 117 0.0585670 0.0000000 0.0234418 0.0362545 0.0000000 0.1683373 0.0570255 0.1355857 0.0030065 0.0029988 0.0112824 0.0211217 0.0149007 0.0000000 0.2192142 0.0712594 0.0405137 0.0000000 0.0787325 0.0157466 0.0420118
118 Q 118 0.0715457 0.0630608 0.0460322 0.0202202 0.0000000 0.2306407 0.0555295 0.0482449 0.0098400 0.0000000 0.0000000 0.0054562 0.0072529 0.0000000 0.2043162 0.1008082 0.0235521 0.0000000 0.0625533 0.0083011 0.0426460
119 S 119 0.0766707 0.0035684 0.0219161 0.0223291 0.0000000 0.1577301 0.0300730 0.0788587 0.0000000 0.0000000 0.0000000 0.0068854 0.0077525 0.0042295 0.2806702 0.1376924 0.0577273 0.0024515 0.0555217 0.0023930 0.0535304
120 S 120 0.0670512 0.0028823 0.0155333 0.0187638 0.0000000 0.1005236 0.0210667 0.2607419 0.0346144 0.0084623 0.0042295 0.0108325 0.0000000 0.0149193 0.1266196 0.1778318 0.0369753 0.0038399 0.0388069 0.0053793 0.0509264
121 S 121 0.0559326 0.0014918 0.0369662 0.0143968 0.0000000 0.1262002 0.0072429 0.2561053 0.0132499 0.0000000 0.0066609 0.0103985 0.0043877 0.0000000 0.0557380 0.1380817 0.0576198 0.0000000 0.1556385 0.0000000 0.0598891
122 Y 122 0.0288314 0.0170251 0.0280941 0.0035483 0.0000000 0.1301833 0.0028828 0.1156128 0.0153204 0.0084349 0.0000000 0.0000000 0.0246369 0.0312620 0.0882514 0.0827152 0.0114737 0.0036097 0.3227653 0.0128627 0.0724898
123 G 123 0.0532744 0.0119505 0.0322162 0.0302190 0.0000000 0.1604545 0.0189757 0.3760228 0.0046304 0.0000000 0.0000000 0.0119000 0.0000000 0.0029798 0.0986889 0.0658130 0.0137617 0.0000000 0.0471023 0.0038516 0.0681591
124 Q 124 0.0391627 0.0391491 0.0235555 0.0125955 0.0000000 0.3962420 0.0173491 0.0606350 0.0104067 0.0000000 0.0044024 0.0063397 0.0153647 0.0000000 0.1481604 0.0623013 0.0283113 0.0031235 0.0629511 0.0026243 0.0673255
125 P 125 0.0740971 0.0301725 0.0188920 0.0048982 0.0000000 0.2002613 0.0049191 0.0851797 0.0256125 0.0000000 0.0026284 0.0000000 0.0061786 0.0032909 0.3394320 0.0806098 0.0218709 0.0000000 0.0218509 0.0086301 0.0714761
126 Q 126 0.0628492 0.0404067 0.0222785 0.0325568 0.0000000 0.2014995 0.0375139 0.1194737 0.0077193 0.0043877 0.0021608 0.0048978 0.0029048 0.0000000 0.1528786 0.1401069 0.0387118 0.0037619 0.0339615 0.0032855 0.0886451
127 S 127 0.0489981 0.0069063 0.0296568 0.0110978 0.0043845 0.1809512 0.0123855 0.1569093 0.0045611 0.0000000 0.0085806 0.0031288 0.0032545 0.0109075 0.1167794 0.1513740 0.0451108 0.0000000 0.0982054 0.0124100 0.0943982
128 G 128 0.0582171 0.0355475 0.0343229 0.0271515 0.0000000 0.0862231 0.0189314 0.2547675 0.0136411 0.0084083 0.0000000 0.0000000 0.0131378 0.0049420 0.1557108 0.1009918 0.0470395 0.0000000 0.0427159 0.0066250 0.0916270
129 S 129 0.0724829 0.0447065 0.0297715 0.0055781 0.0000000 0.1112681 0.0028828 0.2702360 0.0048978 0.0031336 0.0000000 0.0028303 0.0134141 0.0080184 0.0502015 0.0927773 0.0196513 0.0000000 0.1585953 0.0189939 0.0905605
130 Y 130 0.0316980 0.0053364 0.0353818 0.0066643 0.0000000 0.0872801 0.0000000 0.1964431 0.0187242 0.0000000 0.0027837 0.0084597 0.0184823 0.0272797 0.1077231 0.0739446 0.0141043 0.0322450 0.2324039 0.0082180 0.0928281
131 S 131 0.0523025 0.0029904 0.0524388 0.0385429 0.0000000 0.1831532 0.0000000 0.2184521 0.0000000 0.0000000 0.0074564 0.0183956 0.0057472 0.0041861 0.1506134 0.0575398 0.0274182 0.0000000 0.0688259 0.0135469 0.0983905
132 Q 132 0.0487063 0.0405588 0.0447394 0.0298213 0.0000000 0.2715885 0.0232362 0.1500192 0.0175281 0.0000000 0.0000000 0.0000000 0.0000000 0.0043971 0.1006754 0.0494646 0.0187138 0.0000000 0.0891781 0.0120858 0.0992874
133 Q 133 0.0671352 0.0140122 0.0264868 0.0176175 0.0000000 0.3371373 0.0471436 0.0307791 0.0080181 0.0000000 0.0062259 0.0051377 0.0028950 0.0084733 0.1778705 0.0823524 0.0246609 0.0000000 0.0497752 0.0000000 0.0942792
134 P 134 0.0509302 0.0167867 0.0150020 0.0250418 0.0000000 0.0680072 0.0274303 0.1963065 0.0058169 0.0000000 0.0096771 0.0050088 0.0040834 0.0000000 0.3280592 0.0877321 0.0249551 0.0000000 0.0228111 0.0067283 0.1056232
135 S 135 0.0928141 0.0355278 0.0275012 0.0123039 0.0000000 0.1375306 0.0133673 0.1367670 0.0179375 0.0000000 0.0068905 0.0000000 0.0059801 0.0000000 0.1027143 0.1533173 0.0308409 0.0000000 0.0955078 0.0202732 0.1107264
136 Y 136 0.0552413 0.0216829 0.0198890 0.0019783 0.0000000 0.1180781 0.0071129 0.1593767 0.0192797 0.0073506 0.0206476 0.0000000 0.0183490 0.0153100 0.0422081 0.1368010 0.0282586 0.0018790 0.1886117 0.0063731 0.1315726
137 G 137 0.0501091 0.0069061 0.0347137 0.0226753 0.0000000 0.1311607 0.0058628 0.3221936 0.0050540 0.0000000 0.0000000 0.0000000 0.0000000 0.0056670 0.1314134 0.0588317 0.0100707 0.0000000 0.0762656 0.0174170 0.1216593
138 G 138 0.0307666 0.0080453 0.0258711 0.0320599 0.0000000 0.1555274 0.0064611 0.2399800 0.0000000 0.0024109 0.0000000 0.0026929 0.0040076 0.0355375 0.0828754 0.0670334 0.0069650 0.0000000 0.1719480 0.0078044 0.1200135
139 Q 139 0.0376620 0.0163733 0.0243471 0.0119474 0.0000000 0.2983525 0.0182109 0.1211180 0.0247338 0.0044187 0.0000000 0.0039805 0.0064065 0.0029988 0.1550193 0.0682175 0.0021884 0.0064020 0.0452839 0.0207684 0.1315711
140 Q 140 0.0389646 0.0772135 0.0036316 0.0028456 0.0000000 0.3830374 0.0344243 0.0539896 0.0069663 0.0000000 0.0055606 0.0073432 0.0034421 0.0028839 0.1333547 0.0450356 0.0265601 0.0035578 0.0283928 0.0094490 0.1333474
141 Q 141 0.0615792 0.0000000 0.0398027 0.0018771 0.0000000 0.1417200 0.0168423 0.1470316 0.0000000 0.0000000 0.0068921 0.0043845 0.0030473 0.0000000 0.2368843 0.1392102 0.0357456 0.0000000 0.0190817 0.0046126 0.1412889
142 S 142 0.0511853 0.0053544 0.0271779 0.0039725 0.0000000 0.0574840 0.0257189 0.2179978 0.0144545 0.0079383 0.0000000 0.0000000 0.0064891 0.0088573 0.1206490 0.1791231 0.0320811 0.0043845 0.0647600 0.0143963 0.1579759
143 Y 143 0.0405244 0.0062757 0.0000000 0.0021829 0.0000000 0.1079523 0.0125727 0.1123510 0.0101217 0.0069864 0.0000000 0.0000000 0.0035005 0.0460963 0.0601499 0.0518831 0.0173332 0.0000000 0.3441460 0.0044920 0.1734319
144 G 144 0.0216538 0.0310588 0.0186925 0.0324492 0.0000000 0.1366116 0.0087903 0.3290753 0.0122567 0.0000000 0.0027449 0.0031866 0.0000000 0.0063502 0.0868700 0.0733163 0.0093999 0.0000000 0.0552648 0.0021608 0.1701183
145 Q 145 0.0446450 0.0153829 0.0435141 0.0129743 0.0000000 0.2400986 0.0271337 0.1334799 0.0152757 0.0000000 0.0043195 0.0080029 0.0116250 0.0084901 0.0736545 0.1042098 0.0155391 0.0000000 0.0522864 0.0096208 0.1797479
146 Q 146 0.0424153 0.0197855 0.0461627 0.0075718 0.0000000 0.2836203 0.0072572 0.0359825 0.0119969 0.0000000 0.0048757 0.0063812 0.0000000 0.0000000 0.1724141 0.0741569 0.0236607 0.0176593 0.0670281 0.0036717 0.1753602
147 Q 147 0.0466357 0.0096392 0.0407245 0.0260187 0.0000000 0.1017248 0.0130534 0.1505688 0.0000000 0.0000000 0.0163620 0.0102296 0.0000000 0.0032887 0.1820805 0.1090835 0.0287149 0.0000000 0.0304042 0.0075491 0.2239223
148 S 148 0.0536142 0.0247168 0.0306078 0.0120303 0.0000000 0.0888453 0.0107842 0.2008989 0.0104503 0.0000000 0.0053295 0.0192082 0.0040076 0.0067322 0.0810791 0.1591244 0.0400293 0.0000000 0.0162166 0.0094146 0.2269108
149 Y 149 0.0280340 0.0201739 0.0266040 0.0185242 0.0069646 0.1343918 0.0000000 0.0529966 0.0089351 0.0029048 0.0237894 0.0000000 0.0188373 0.0338561 0.0418214 0.0668480 0.0102646 0.0021829 0.2812228 0.0028839 0.2187644
150 N 150 0.0784112 0.0069989 0.0862436 0.0509619 0.0000000 0.1021169 0.0250380 0.1733777 0.0116063 0.0028434 0.0028743 0.0060060 0.0000000 0.0000000 0.0970333 0.0655240 0.0192958 0.0000000 0.0289992 0.0102923 0.2323771
151 P 151 0.0470140 0.0208354 0.0360791 0.0124921 0.0029218 0.2593346 0.0346667 0.0418145 0.0037121 0.0000000 0.0053269 0.0078132 0.0073502 0.0069172 0.1856247 0.0731606 0.0124008 0.0000000 0.0114906 0.0035427 0.2275028
152 P 152 0.0470994 0.0499912 0.0111378 0.0103951 0.0000000 0.1724280 0.0070786 0.0358497 0.0273071 0.0000000 0.0000000 0.0084192 0.0000000 0.0000000 0.2896137 0.0529188 0.0096624 0.0033265 0.0232658 0.0000000 0.2515070
153 Q 153 0.0596866 0.0141355 0.0029915 0.0279261 0.0000000 0.1222922 0.0093605 0.0819590 0.0110243 0.0000000 0.0083589 0.0042961 0.0159208 0.0025134 0.1771300 0.1438433 0.0224949 0.0000000 0.0204551 0.0032855 0.2723265
154 G 154 0.0394039 0.0118259 0.0274036 0.0243798 0.0000000 0.0362725 0.0072069 0.3346738 0.0000000 0.0025517 0.0000000 0.0074926 0.0056670 0.0000000 0.0344166 0.1235936 0.0180429 0.0000000 0.0027346 0.0139681 0.3103664
155 Y 155 0.0163332 0.0060163 0.0190483 0.0000000 0.0000000 0.0399719 0.0000000 0.0108456 0.0204668 0.0000000 0.0000000 0.0000000 0.0051494 0.0341138 0.0598351 0.0151899 0.0083575 0.0000000 0.4216842 0.0092346 0.3337533
156 G 156 0.0416125 0.0037760 0.0108452 0.0149823 0.0000000 0.0876449 0.0050082 0.3182149 0.0000000 0.0000000 0.0000000 0.0039445 0.0000000 0.0000000 0.1024869 0.0488031 0.0068658 0.0000000 0.0156281 0.0000000 0.3401877
157 Q 157 0.0546782 0.0124435 0.0511860 0.0028247 0.0000000 0.2065807 0.0127594 0.0885231 0.0117605 0.0000000 0.0000000 0.0047417 0.0089966 0.0000000 0.0651875 0.0717447 0.0079765 0.0000000 0.0088722 0.0044920 0.3872329
158 Q 158 0.0172572 0.0300299 0.0099126 0.0123692 0.0000000 0.3175554 0.0189702 0.0122620 0.0049301 0.0043733 0.0000000 0.0000000 0.0041193 0.0000000 0.0188194 0.0358151 0.0211880 0.0000000 0.0241347 0.0036412 0.4646224
159 N 159 0.0229193 0.0174842 0.0610332 0.0086387 0.0000000 0.0798555 0.0102187 0.0882727 0.0052325 0.0000000 0.0000000 0.0000000 0.0000000 0.0000000 0.0805225 0.1081031 0.0181649 0.0000000 0.0072047 0.0027859 0.4895642
160 Q 160 0.0240087 0.0000000 0.0127495 0.0110162 0.0000000 0.1233025 0.0153157 0.0730566 0.0204268 0.0000000 0.0000000 0.0095360 0.0000000 0.0000000 0.0139601 0.1106210 0.0108901 0.0000000 0.0050088 0.0022419 0.5678661
161 Y 161 0.0081457 0.0040616 0.0000000 0.0020003 0.0000000 0.0732104 0.0044187 0.0000000 0.0000000 0.0000000 0.0000000 0.0000000 0.0000000 0.0144252 0.0055504 0.0014430 0.0000000 0.0036412 0.1712714 0.0000000 0.7118321
162 N 162 0.0000000 0.0000000 0.0431782 0.0093582 0.0000000 0.0211322 0.0036412 0.0737326 0.0000000 0.0000000 0.0000000 0.0000000 0.0000000 0.0000000 0.0172621 0.0673015 0.0041691 0.0000000 0.0000000 0.0000000 0.7602250
163 S 163 0.0192262 0.0000000 0.0262100 0.0000000 0.0000000 0.0000000 0.0000000 0.0000000 0.0000000 0.0000000 0.0000000 0.0000000 0.0000000 0.0000000 0.0000000 0.0480119 0.0000000 0.0000000 0.0000000 0.0000000 0.9065518
