   72         A         R         N         D         C         Q         E         G         H         I         L         K         M         F         P         S         T         W         Y         V         X    
  1 M   1 0.0000000 0.0000000 0.0000000 0.0000000 0.0000000 0.0000000 0.0000000 0.0000000 0.0000000 0.0000000 0.0000000 0.0000000 0.3698677 0.0000000 0.0000000 0.0000000 0.0000000 0.0000000 0.0000000 0.0000000 0.6301323
  2 A   2 0.3698677 0.0000000 0.0000000 0.0000000 0.0000000 0.0000000 0.0000000 0.0000000 0.0000000 0.0000000 0.0000000 0.0000000 0.0000000 0.0000000 0.0000000 0.0000000 0.0000000 0.0000000 0.0000000 0.0000000 0.6301323
  3 A   3 0.2999534 0.0000000 0.0000000 0.0000000 0.0000000 0.0000000 0.0000000 0.0000000 0.0000000 0.0000000 0.0000000 0.0000000 0.0000000 0.0000000 0.0000000 0.0000000 0.0699142 0.0000000 0.0000000 0.0000000 0.6301323
  4 V   4 0.1887879 0.0000000 0.0000000 0.0000000 0.0000000 0.0000000 0.0000000 0.0000000 0.0000000 0.0000000 0.0000000 0.0000000 0.0000000 0.0000000 0.0000000 0.0000000 0.0000000 0.0000000 0.0000000 0.1810798 0.6301323
  5 Q   5 0.1887879 0.0699142 0.0000000 0.0000000 0.0000000 0.0543611 0.0000000 0.0000000 0.0568045 0.0000000 0.0000000 0.0000000 0.0000000 0.0000000 0.0000000 0.0000000 0.0000000 0.0000000 0.0000000 0.0000000 0.6301323
  6 A   6 0.1458496 0.0000000 0.0000000 0.0000000 0.0000000 0.0000000 0.0972993 0.1267187 0.0000000 0.0000000 0.0000000 0.0000000 0.0000000 0.0000000 0.0000000 0.0000000 0.0000000 0.0000000 0.0000000 0.0000000 0.6301323
  7 A   7 0.1810798 0.1887879 0.0000000 0.0000000 0.0000000 0.0000000 0.0000000 0.0000000 0.0000000 0.0000000 0.0000000 0.0000000 0.0000000 0.0000000 0.0000000 0.0000000 0.0000000 0.0000000 0.0000000 0.0000000 0.6301323
  8 E   8 0.0000000 0.0000000 0.0000000 0.0000000 0.0000000 0.0000000 0.3611512 0.0000000 0.0000000 0.0000000 0.0000000 0.0699142 0.0000000 0.0000000 0.0000000 0.0000000 0.0000000 0.0000000 0.0000000 0.0000000 0.5689346
  9 V   9 0.0000000 0.0000000 0.0000000 0.0000000 0.0914886 0.0000000 0.0611978 0.0000000 0.0000000 0.0000000 0.0972993 0.0000000 0.0000000 0.0000000 0.0000000 0.0000000 0.0000000 0.0000000 0.0000000 0.1810798 0.5689346
 10 K  10 0.0000000 0.0000000 0.0914886 0.0972993 0.0000000 0.0568045 0.0000000 0.0611978 0.0000000 0.0000000 0.0000000 0.1242753 0.0000000 0.0000000 0.0000000 0.0000000 0.0000000 0.0000000 0.0000000 0.0000000 0.5689346
 11 V  11 0.1614028 0.0000000 0.0000000 0.0000000 0.0000000 0.0000000 0.0000000 0.0000000 0.0000000 0.0000000 0.0611978 0.0000000 0.0000000 0.0000000 0.0972993 0.0000000 0.0000000 0.0000000 0.0000000 0.1111655 0.5689346
 12 D  12 0.0972993 0.0000000 0.0000000 0.1810798 0.0000000 0.0000000 0.0914886 0.0000000 0.0000000 0.0000000 0.0000000 0.0000000 0.0000000 0.0000000 0.0000000 0.0000000 0.0611978 0.0000000 0.0000000 0.0000000 0.5689346
 13 G  13 0.0000000 0.0000000 0.0000000 0.1887879 0.0000000 0.0000000 0.0000000 0.1723633 0.0000000 0.0000000 0.0000000 0.0000000 0.0000000 0.0000000 0.0000000 0.0000000 0.0000000 0.0000000 0.0000000 0.0000000 0.6388488
 14 S  14 0.0611978 0.0000000 0.0000000 0.0000000 0.0000000 0.0000000 0.0000000 0.0000000 0.0000000 0.0914886 0.0000000 0.0000000 0.0000000 0.0000000 0.0000000 0.2215746 0.0568045 0.0000000 0.0000000 0.0000000 0.5689346
 15 E  15 0.0000000 0.0000000 0.0000000 0.0000000 0.0000000 0.0000000 0.3698677 0.0000000 0.0000000 0.0000000 0.0000000 0.0000000 0.0000000 0.0000000 0.0000000 0.0611978 0.0000000 0.0000000 0.0000000 0.0000000 0.5689346
 16 P  16 0.0000000 0.0000000 0.0000000 0.0000000 0.0000000 0.0000000 0.0000000 0.0000000 0.0000000 0.0000000 0.0000000 0.0000000 0.0000000 0.0000000 0.2422775 0.1887879 0.0000000 0.0000000 0.0000000 0.0000000 0.5689346
 17 K  17 0.0000000 0.0972993 0.0000000 0.0000000 0.0000000 0.0000000 0.0000000 0.0000000 0.2089894 0.0000000 0.0000000 0.1810798 0.0000000 0.0000000 0.0000000 0.0611978 0.0000000 0.0000000 0.0000000 0.0000000 0.4514338
 18 L  18 0.0000000 0.0000000 0.0000000 0.0000000 0.0000000 0.0000000 0.0000000 0.1175008 0.0000000 0.0000000 0.2999534 0.0000000 0.0000000 0.0000000 0.0699142 0.0000000 0.0000000 0.0000000 0.0000000 0.0000000 0.5126315
 19 S  19 0.0000000 0.0537949 0.0000000 0.0000000 0.0000000 0.0424918 0.0000000 0.0000000 0.0000000 0.0000000 0.0000000 0.2452067 0.0000000 0.0000000 0.0000000 0.3698677 0.0000000 0.0000000 0.0000000 0.0000000 0.2886388
 20 K  20 0.0000000 0.2939070 0.0000000 0.0000000 0.0000000 0.0638419 0.0000000 0.0000000 0.0000000 0.0000000 0.0000000 0.4174543 0.0000000 0.0000000 0.0000000 0.0000000 0.0000000 0.0000000 0.0000000 0.0000000 0.2247969
 21 N  21 0.0000000 0.0000000 0.2725683 0.0000000 0.0000000 0.0000000 0.0000000 0.0000000 0.0000000 0.0000000 0.0000000 0.0000000 0.0000000 0.0000000 0.0000000 0.5638325 0.0000000 0.0000000 0.0000000 0.0000000 0.1635992
 22 E  22 0.0000000 0.0000000 0.0000000 0.0000000 0.0000000 0.0000000 0.8364008 0.0000000 0.0000000 0.0000000 0.0000000 0.0000000 0.0000000 0.0000000 0.0000000 0.0000000 0.0000000 0.0000000 0.0000000 0.0000000 0.1635992
 23 L  23 0.0000000 0.0000000 0.0000000 0.0000000 0.0000000 0.1175008 0.0000000 0.0000000 0.0000000 0.0000000 0.7189000 0.0000000 0.0000000 0.0000000 0.0000000 0.0000000 0.0000000 0.0000000 0.0000000 0.0000000 0.1635992
 24 K  24 0.0000000 0.0000000 0.0000000 0.0000000 0.0000000 0.0000000 0.0000000 0.0000000 0.0000000 0.0000000 0.0000000 0.8364008 0.0000000 0.0000000 0.0000000 0.0000000 0.0000000 0.0000000 0.0000000 0.0000000 0.1635992
 25 R  25 0.0000000 0.8364008 0.0000000 0.0000000 0.0000000 0.0000000 0.0000000 0.0000000 0.0000000 0.0000000 0.0000000 0.0000000 0.0000000 0.0000000 0.0000000 0.0000000 0.0000000 0.0000000 0.0000000 0.0000000 0.1635992
 26 R  26 0.0000000 0.7041527 0.0000000 0.0000000 0.1322481 0.0000000 0.0000000 0.0000000 0.0000000 0.0000000 0.0000000 0.0000000 0.0000000 0.0000000 0.0000000 0.0000000 0.0000000 0.0000000 0.0000000 0.0000000 0.1635992
 27 L  27 0.0000000 0.0000000 0.0000000 0.0000000 0.0000000 0.0000000 0.0000000 0.0000000 0.0000000 0.0000000 0.8364008 0.0000000 0.0000000 0.0000000 0.0000000 0.0000000 0.0000000 0.0000000 0.0000000 0.0000000 0.1635992
 28 K  28 0.0000000 0.0000000 0.0000000 0.0000000 0.0000000 0.0000000 0.0000000 0.0000000 0.0000000 0.0000000 0.0000000 1.0000000 0.0000000 0.0000000 0.0000000 0.0000000 0.0000000 0.0000000 0.0000000 0.0000000 0.0000000
 29 A  29 0.8364008 0.0000000 0.0000000 0.0000000 0.0000000 0.0000000 0.0000000 0.0000000 0.0000000 0.0000000 0.0000000 0.0000000 0.0000000 0.0000000 0.1635992 0.0000000 0.0000000 0.0000000 0.0000000 0.0000000 0.0000000
 30 E  30 0.0000000 0.1635992 0.0000000 0.0000000 0.0000000 0.0000000 0.7664866 0.0699142 0.0000000 0.0000000 0.0000000 0.0000000 0.0000000 0.0000000 0.0000000 0.0000000 0.0000000 0.0000000 0.0000000 0.0000000 0.0000000
 31 K  31 0.0000000 0.3523871 0.0000000 0.0000000 0.0000000 0.0000000 0.0000000 0.0000000 0.0000000 0.0000000 0.0000000 0.6476129 0.0000000 0.0000000 0.0000000 0.0000000 0.0000000 0.0000000 0.0000000 0.0000000 0.0000000
 32 K  32 0.0000000 0.0000000 0.0000000 0.0000000 0.0000000 0.0000000 0.0000000 0.0000000 0.0000000 0.0000000 0.0000000 1.0000000 0.0000000 0.0000000 0.0000000 0.0000000 0.0000000 0.0000000 0.0000000 0.0000000 0.0000000
 33 V  33 0.1175008 0.0000000 0.0000000 0.0000000 0.0000000 0.0000000 0.0000000 0.0000000 0.0000000 0.0972993 0.1176368 0.0000000 0.0000000 0.0000000 0.0000000 0.0000000 0.0914886 0.1635992 0.0000000 0.4124753 0.0000000
 34 A  34 0.7189000 0.0000000 0.0000000 0.0000000 0.0000000 0.1635992 0.0000000 0.0000000 0.0000000 0.1175008 0.0000000 0.0000000 0.0000000 0.0000000 0.0000000 0.0000000 0.0000000 0.0000000 0.0000000 0.0000000 0.0000000
 35 E  35 0.0000000 0.1635992 0.0000000 0.0000000 0.0000000 0.0000000 0.8364008 0.0000000 0.0000000 0.0000000 0.0000000 0.0000000 0.0000000 0.0000000 0.0000000 0.0000000 0.0000000 0.0000000 0.0000000 0.0000000 0.0000000
 36 K  36 0.0000000 0.1635992 0.0000000 0.0000000 0.0000000 0.0000000 0.0000000 0.0000000 0.0000000 0.0000000 0.0000000 0.8364008 0.0000000 0.0000000 0.0000000 0.0000000 0.0000000 0.0000000 0.0000000 0.0000000 0.0000000
 37 E  37 0.0000000 0.1635992 0.0000000 0.0000000 0.0000000 0.0000000 0.8364008 0.0000000 0.0000000 0.0000000 0.0000000 0.0000000 0.0000000 0.0000000 0.0000000 0.0000000 0.0000000 0.0000000 0.0000000 0.0000000 0.0000000
 38 A  38 0.6565661 0.0000000 0.0000000 0.0000000 0.0000000 0.0000000 0.0000000 0.0000000 0.0000000 0.0000000 0.0000000 0.0000000 0.0000000 0.0000000 0.1635992 0.0000000 0.1798347 0.0000000 0.0000000 0.0000000 0.0000000
 39 K  39 0.0000000 0.0000000 0.0000000 0.0000000 0.0000000 0.0000000 0.0000000 0.0000000 0.0000000 0.0000000 0.0000000 0.8364008 0.0000000 0.0000000 0.0000000 0.1635992 0.0000000 0.0000000 0.0000000 0.0000000 0.0000000
 40 Q  40 0.0000000 0.1635992 0.0000000 0.0000000 0.0000000 0.5577588 0.0000000 0.0000000 0.2786420 0.0000000 0.0000000 0.0000000 0.0000000 0.0000000 0.0000000 0.0000000 0.0000000 0.0000000 0.0000000 0.0000000 0.0000000
 41 K  41 0.0000000 0.0000000 0.0000000 0.0000000 0.0000000 0.0000000 0.0000000 0.0000000 0.0000000 0.0000000 0.0000000 1.0000000 0.0000000 0.0000000 0.0000000 0.0000000 0.0000000 0.0000000 0.0000000 0.0000000 0.0000000
 42 E  42 0.0000000 0.0000000 0.1635992 0.0000000 0.0000000 0.0000000 0.8364008 0.0000000 0.0000000 0.0000000 0.0000000 0.0000000 0.0000000 0.0000000 0.0000000 0.0000000 0.0000000 0.0000000 0.0000000 0.0000000 0.0000000
 43 L  43 0.0000000 0.0000000 0.0000000 0.0000000 0.0000000 0.3062887 0.0000000 0.0000000 0.0000000 0.0000000 0.5301121 0.0000000 0.0000000 0.0000000 0.0000000 0.0000000 0.0000000 0.0000000 0.0000000 0.0000000 0.1635992
 44 S  44 0.0000000 0.0623339 0.1175008 0.0000000 0.0000000 0.0000000 0.0000000 0.0000000 0.0000000 0.0000000 0.0000000 0.0000000 0.0000000 0.0000000 0.0000000 0.8201653 0.0000000 0.0000000 0.0000000 0.0000000 0.0000000
 45 E  45 0.0000000 0.0000000 0.0000000 0.0000000 0.0000000 0.0000000 0.8364008 0.0000000 0.0000000 0.0000000 0.0000000 0.0000000 0.0000000 0.0000000 0.0000000 0.0000000 0.0000000 0.0000000 0.0000000 0.1635992 0.0000000
 46 K  46 0.0000000 0.1635992 0.0000000 0.0000000 0.0000000 0.0000000 0.0000000 0.0000000 0.0000000 0.0000000 0.0000000 0.8364008 0.0000000 0.0000000 0.0000000 0.0000000 0.0000000 0.0000000 0.0000000 0.0000000 0.0000000
 47 Q  47 0.0000000 0.0000000 0.0000000 0.0000000 0.0000000 0.5301121 0.0000000 0.0000000 0.1887879 0.0000000 0.1175008 0.1635992 0.0000000 0.0000000 0.0000000 0.0000000 0.0000000 0.0000000 0.0000000 0.0000000 0.0000000
 48 L  48 0.0914886 0.0000000 0.0000000 0.0000000 0.0000000 0.1175008 0.0000000 0.0000000 0.0000000 0.0000000 0.6937113 0.0000000 0.0000000 0.0000000 0.0972993 0.0000000 0.0000000 0.0000000 0.0000000 0.0000000 0.0000000
 49 S  49 0.0000000 0.0000000 0.5353959 0.0000000 0.0000000 0.0000000 0.0000000 0.0000000 0.0000000 0.0000000 0.0000000 0.0000000 0.0000000 0.0000000 0.0000000 0.3471032 0.1175008 0.0000000 0.0000000 0.0000000 0.0000000
 50 Q  50 0.0000000 0.0000000 0.0000000 0.0000000 0.0000000 0.6937113 0.1175008 0.0000000 0.0000000 0.0000000 0.0000000 0.1887879 0.0000000 0.0000000 0.0000000 0.0000000 0.0000000 0.0000000 0.0000000 0.0000000 0.0000000
 51 A  51 0.6399163 0.0000000 0.0000000 0.0000000 0.0000000 0.0000000 0.1175008 0.0000000 0.0000000 0.0000000 0.0000000 0.0000000 0.0000000 0.0000000 0.1887879 0.0000000 0.0000000 0.0000000 0.0000000 0.0000000 0.0537949
 52 T  52 0.1175008 0.0000000 0.0000000 0.0000000 0.0000000 0.0000000 0.0000000 0.0000000 0.0000000 0.0000000 0.0000000 0.0000000 0.0000000 0.0000000 0.1626714 0.1553305 0.5644973 0.0000000 0.0000000 0.0000000 0.0000000
 53 A  53 0.6819982 0.0000000 0.0000000 0.0000000 0.0000000 0.0000000 0.0000000 0.0000000 0.0000000 0.0000000 0.0914886 0.0000000 0.0000000 0.0972993 0.0000000 0.0000000 0.0000000 0.0000000 0.0000000 0.0653721 0.0638419
 54 A  54 0.6733738 0.0000000 0.0000000 0.0000000 0.0000000 0.0000000 0.0000000 0.0000000 0.0000000 0.1175008 0.0000000 0.0000000 0.0000000 0.0000000 0.0000000 0.0537949 0.0000000 0.0000000 0.0000000 0.0000000 0.1553305
 55 A  55 0.4358636 0.0000000 0.0000000 0.0000000 0.0000000 0.0000000 0.0000000 0.0000000 0.0000000 0.0000000 0.0000000 0.0000000 0.0000000 0.0000000 0.0000000 0.0000000 0.0638419 0.0000000 0.0000000 0.2259330 0.2743615
 56 T  56 0.0000000 0.0000000 0.0000000 0.0000000 0.0000000 0.0000000 0.0000000 0.0000000 0.0000000 0.0000000 0.0000000 0.0000000 0.0000000 0.0000000 0.0537949 0.0000000 0.5745443 0.0000000 0.0000000 0.0000000 0.3716608
 57 N  57 0.0000000 0.0000000 0.6937113 0.0000000 0.0000000 0.0000000 0.0000000 0.0000000 0.0000000 0.0000000 0.0000000 0.0000000 0.0000000 0.0000000 0.0000000 0.0000000 0.0000000 0.0000000 0.0000000 0.0000000 0.3062887
 58 H  58 0.0000000 0.0000000 0.0000000 0.0000000 0.0000000 0.0000000 0.0000000 0.0000000 0.6937113 0.0000000 0.0000000 0.0000000 0.0000000 0.0000000 0.0000000 0.0000000 0.0000000 0.0000000 0.0000000 0.0000000 0.3062887
 59 T  59 0.0000000 0.0000000 0.0000000 0.0972993 0.0000000 0.0000000 0.0000000 0.0000000 0.0000000 0.0000000 0.0000000 0.0000000 0.0000000 0.0000000 0.0000000 0.0638419 0.7213580 0.0000000 0.0000000 0.0000000 0.1175008
 60 T  60 0.1759715 0.0000000 0.0000000 0.0000000 0.0000000 0.0000000 0.0000000 0.0000000 0.0000000 0.0638419 0.0000000 0.0000000 0.0000000 0.0000000 0.0000000 0.1887879 0.4538979 0.0000000 0.0000000 0.0000000 0.1175008
 61 D  61 0.0000000 0.0000000 0.0000000 0.6313774 0.0000000 0.0000000 0.2511218 0.0000000 0.0000000 0.0000000 0.0000000 0.0000000 0.0000000 0.0000000 0.0000000 0.0000000 0.0000000 0.0000000 0.0000000 0.0000000 0.1175008
 62 N  62 0.0000000 0.0000000 0.5574972 0.0914886 0.0000000 0.0000000 0.0000000 0.0000000 0.0000000 0.0000000 0.0000000 0.0000000 0.0000000 0.0000000 0.0000000 0.2335134 0.0000000 0.0000000 0.0000000 0.0000000 0.1175008
 63 G  63 0.0000000 0.0000000 0.1887879 0.0000000 0.0000000 0.0000000 0.0000000 0.6937113 0.0000000 0.0000000 0.0000000 0.0000000 0.0000000 0.0000000 0.0000000 0.0000000 0.0000000 0.0000000 0.0000000 0.0000000 0.1175008
 64 V  64 0.0000000 0.0000000 0.0000000 0.0000000 0.0000000 0.0000000 0.0000000 0.0000000 0.0000000 0.0972993 0.0000000 0.0000000 0.0000000 0.0000000 0.0000000 0.0000000 0.0000000 0.0000000 0.0000000 0.7851999 0.1175008
 65 G  65 0.0000000 0.0000000 0.0000000 0.0653721 0.0000000 0.0000000 0.0000000 0.7532852 0.0000000 0.0000000 0.0638419 0.0000000 0.0000000 0.0000000 0.0000000 0.0000000 0.0000000 0.0000000 0.0000000 0.0000000 0.1175008
 66 P  66 0.2149361 0.0000000 0.0000000 0.0000000 0.0000000 0.0000000 0.0000000 0.0000000 0.0000000 0.0000000 0.0000000 0.0000000 0.0000000 0.0000000 0.2148551 0.0000000 0.4527079 0.0000000 0.0000000 0.0000000 0.1175008
 67 E  67 0.0000000 0.0000000 0.0000000 0.4355027 0.0000000 0.0000000 0.5021635 0.0000000 0.0000000 0.0000000 0.0000000 0.0623339 0.0000000 0.0000000 0.0000000 0.0000000 0.0000000 0.0000000 0.0000000 0.0000000 0.0000000
 68 E  68 0.0000000 0.0000000 0.0000000 0.0000000 0.0000000 0.0000000 0.9376661 0.0000000 0.0000000 0.0000000 0.0000000 0.0623339 0.0000000 0.0000000 0.0000000 0.0000000 0.0000000 0.0000000 0.0000000 0.0000000 0.0000000
 69 E  69 0.0000000 0.0000000 0.0000000 0.0000000 0.0000000 0.0000000 0.7710288 0.0000000 0.0000000 0.0000000 0.0000000 0.1635992 0.0000000 0.0000000 0.0000000 0.0000000 0.0000000 0.0000000 0.0000000 0.0000000 0.0653721
 70 S  70 0.0000000 0.0000000 0.0000000 0.0000000 0.0000000 0.0000000 0.0000000 0.0623339 0.0000000 0.0638419 0.0000000 0.0000000 0.0000000 0.0000000 0.0000000 0.5672422 0.2412100 0.0000000 0.0000000 0.0000000 0.0653721
 71 V  71 0.0000000 0.0000000 0.0000000 0.0000000 0.0000000 0.0000000 0.0000000 0.0000000 0.0000000 0.0000000 0.7765773 0.0000000 0.0000000 0.0000000 0.0000000 0.0000000 0.0000000 0.0000000 0.0000000 0.1580507 0.0653721
 72 D  72 0.0000000 0.0000000 0.0000000 0.9346279 0.0000000 0.0000000 0.0000000 0.0000000 0.0000000 0.0000000 0.0000000 0.0000000 0.0000000 0.0000000 0.0000000 0.0000000 0.0000000 0.0000000 0.0000000 0.0000000 0.0653721
