   95         A         R         N         D         C         Q         E         G         H         I         L         K         M         F         P         S         T         W         Y         V    
  1 P   1 0.0000000 0.0000000 0.0000000 0.0000000 0.0000000 0.0000000 0.0000000 0.0000000 0.0000000 0.0000000 0.0000000 0.0000000 0.0000000 0.0000000 1.0000000 0.0000000 0.0000000 0.0000000 0.0000000 0.0000000
  2 Q   2 0.0000000 0.0000000 0.0000000 0.0000000 0.0000000 1.0000000 0.0000000 0.0000000 0.0000000 0.0000000 0.0000000 0.0000000 0.0000000 0.0000000 0.0000000 0.0000000 0.0000000 0.0000000 0.0000000 0.0000000
  3 I   3 0.0000000 0.0000000 0.0000000 0.0000000 0.0000000 0.0000000 0.0000000 0.0000000 0.0000000 0.9821575 0.0000000 0.0100848 0.0000000 0.0027249 0.0000000 0.0000000 0.0000000 0.0000000 0.0000000 0.0050328
  4 T   4 0.0025965 0.0000000 0.0000000 0.0000000 0.0000000 0.0000000 0.0000000 0.0000000 0.0000000 0.0000000 0.0000000 0.0100270 0.0000000 0.0000000 0.0065584 0.0086595 0.9721586 0.0000000 0.0000000 0.0000000
  5 L   5 0.0000000 0.0000000 0.0000000 0.0000000 0.0000000 0.0000000 0.0000000 0.0000000 0.0000000 0.0000000 0.9795834 0.0000000 0.0000000 0.0036582 0.0000000 0.0000000 0.0000000 0.0000000 0.0000000 0.0167584
  6 W   6 0.0000000 0.0000000 0.0000000 0.0000000 0.0045129 0.0000000 0.0000000 0.0000000 0.0000000 0.0000000 0.0000000 0.0000000 0.0000000 0.0000000 0.0000000 0.0000000 0.0000000 0.9954871 0.0000000 0.0000000
  7 K   7 0.0000000 0.0000000 0.0000000 0.0000000 0.0000000 0.9867180 0.0031540 0.0000000 0.0000000 0.0000000 0.0000000 0.0101280 0.0000000 0.0000000 0.0000000 0.0000000 0.0000000 0.0000000 0.0000000 0.0000000
  8 R   8 0.0000000 0.9841647 0.0000000 0.0000000 0.0000000 0.0085126 0.0000000 0.0038867 0.0000000 0.0000000 0.0000000 0.0000000 0.0000000 0.0000000 0.0034360 0.0000000 0.0000000 0.0000000 0.0000000 0.0000000
  9 P   9 0.0000000 0.0000000 0.0000000 0.0000000 0.0000000 0.0000000 0.0000000 0.0000000 0.0000000 0.0000000 0.0000000 0.0000000 0.0000000 0.0000000 0.9945263 0.0000000 0.0054737 0.0000000 0.0000000 0.0000000
 10 L  10 0.0036272 0.0011573 0.0000000 0.0000000 0.0018485 0.0000000 0.0000000 0.0032968 0.0000000 0.3704460 0.4089669 0.0103681 0.0019928 0.1311751 0.0000000 0.0000000 0.0010681 0.0000000 0.0063935 0.0596596
 11 V  11 0.0000000 0.0000000 0.0000000 0.0000000 0.0000000 0.0000000 0.0000000 0.0031562 0.0000000 0.0365877 0.0094460 0.0000000 0.0025598 0.0000000 0.0000000 0.0000000 0.0017127 0.0000000 0.0000000 0.9465376
 12 T  12 0.0203856 0.0010267 0.0061144 0.0046501 0.0000000 0.0055295 0.0087732 0.0000000 0.0000000 0.0090364 0.0000000 0.0190796 0.0009936 0.0000000 0.0194652 0.0504517 0.8511705 0.0000000 0.0000000 0.0033236
 13 I  13 0.0045846 0.0000000 0.0000000 0.0000000 0.0000000 0.0000000 0.0000000 0.0000000 0.0000000 0.6379225 0.0036549 0.0000000 0.0069088 0.0000000 0.0000000 0.0038022 0.0000000 0.0000000 0.0000000 0.3431270
 14 R  14 0.0000000 0.1223197 0.0055410 0.0000000 0.0000000 0.0000000 0.0000000 0.0000000 0.0000000 0.0000000 0.0000000 0.8656236 0.0029749 0.0000000 0.0000000 0.0000000 0.0035409 0.0000000 0.0000000 0.0000000
 15 I  15 0.0000000 0.0000000 0.0000000 0.0000000 0.0000000 0.0000000 0.0000000 0.0000000 0.0000000 0.6967370 0.0044571 0.0000000 0.0000000 0.0000000 0.0000000 0.0000000 0.0000000 0.0000000 0.0000000 0.2988059
 16 G  16 0.0351824 0.0000000 0.0000000 0.0000000 0.0000000 0.0057779 0.0462123 0.9128275 0.0000000 0.0000000 0.0000000 0.0000000 0.0000000 0.0000000 0.0000000 0.0000000 0.0000000 0.0000000 0.0000000 0.0000000
 17 G  17 0.0000000 0.0000000 0.0000000 0.0036216 0.0000000 0.0000000 0.0077203 0.9886581 0.0000000 0.0000000 0.0000000 0.0000000 0.0000000 0.0000000 0.0000000 0.0000000 0.0000000 0.0000000 0.0000000 0.0000000
 18 Q  18 0.0000000 0.0038256 0.0000000 0.0000000 0.0000000 0.9687088 0.0077104 0.0000000 0.0087075 0.0000000 0.0022015 0.0064191 0.0024272 0.0000000 0.0000000 0.0000000 0.0000000 0.0000000 0.0000000 0.0000000
 19 L  19 0.0000000 0.0000000 0.0000000 0.0000000 0.0000000 0.0171996 0.0017630 0.0000000 0.0000000 0.1136077 0.8034682 0.0029880 0.0062443 0.0000000 0.0113442 0.0012429 0.0142123 0.0000000 0.0000000 0.0279297
 20 K  20 0.0020077 0.1994111 0.0000000 0.0000000 0.0000000 0.0000000 0.0000000 0.0000000 0.0000000 0.1085774 0.0014866 0.6100007 0.0207736 0.0000000 0.0000000 0.0000000 0.0397181 0.0000000 0.0000000 0.0180248
 21 E  21 0.0000000 0.0000000 0.0000000 0.0000000 0.0000000 0.0000000 0.9940675 0.0000000 0.0000000 0.0000000 0.0000000 0.0059325 0.0000000 0.0000000 0.0000000 0.0000000 0.0000000 0.0000000 0.0000000 0.0000000
 22 A  22 0.9892404 0.0000000 0.0000000 0.0000000 0.0000000 0.0000000 0.0000000 0.0000000 0.0000000 0.0000000 0.0000000 0.0000000 0.0000000 0.0000000 0.0000000 0.0000000 0.0000000 0.0000000 0.0000000 0.0107596
 23 L  23 0.0000000 0.0000000 0.0000000 0.0000000 0.0000000 0.0000000 0.0000000 0.0000000 0.0000000 0.0205208 0.9794792 0.0000000 0.0000000 0.0000000 0.0000000 0.0000000 0.0000000 0.0000000 0.0000000 0.0000000
 24 L  24 0.0000000 0.0000000 0.0000000 0.0000000 0.0000000 0.0000000 0.0000000 0.0000000 0.0000000 0.0498677 0.9411067 0.0000000 0.0000000 0.0090256 0.0000000 0.0000000 0.0000000 0.0000000 0.0000000 0.0000000
 25 N  25 0.0000000 0.0000000 0.0100486 0.9833167 0.0000000 0.0000000 0.0041192 0.0000000 0.0000000 0.0000000 0.0000000 0.0000000 0.0000000 0.0000000 0.0000000 0.0000000 0.0000000 0.0000000 0.0000000 0.0025154
 26 T  26 0.0000000 0.0000000 0.0000000 0.0000000 0.0000000 0.0000000 0.0000000 0.0000000 0.0000000 0.0000000 0.0000000 0.0000000 0.0000000 0.0000000 0.0000000 0.0000000 1.0000000 0.0000000 0.0000000 0.0000000
 27 G  27 0.0000000 0.0000000 0.0000000 0.0000000 0.0000000 0.0000000 0.0000000 1.0000000 0.0000000 0.0000000 0.0000000 0.0000000 0.0000000 0.0000000 0.0000000 0.0000000 0.0000000 0.0000000 0.0000000 0.0000000
 28 A  28 1.0000000 0.0000000 0.0000000 0.0000000 0.0000000 0.0000000 0.0000000 0.0000000 0.0000000 0.0000000 0.0000000 0.0000000 0.0000000 0.0000000 0.0000000 0.0000000 0.0000000 0.0000000 0.0000000 0.0000000
 29 D  29 0.0000000 0.0000000 0.0000000 0.9901564 0.0000000 0.0000000 0.0098436 0.0000000 0.0000000 0.0000000 0.0000000 0.0000000 0.0000000 0.0000000 0.0000000 0.0000000 0.0000000 0.0000000 0.0000000 0.0000000
 30 D  30 0.0000000 0.0000000 0.0354865 0.9645135 0.0000000 0.0000000 0.0000000 0.0000000 0.0000000 0.0000000 0.0000000 0.0000000 0.0000000 0.0000000 0.0000000 0.0000000 0.0000000 0.0000000 0.0000000 0.0000000
 31 T  31 0.0000000 0.0000000 0.0000000 0.0000000 0.0000000 0.0000000 0.0000000 0.0000000 0.0000000 0.0000000 0.0000000 0.0000000 0.0000000 0.0000000 0.0000000 0.0000000 1.0000000 0.0000000 0.0000000 0.0000000
 32 V  32 0.0000000 0.0000000 0.0000000 0.0000000 0.0000000 0.0000000 0.0000000 0.0000000 0.0000000 0.0611778 0.0000000 0.0000000 0.0000000 0.0000000 0.0000000 0.0000000 0.0000000 0.0000000 0.0000000 0.9388222
 33 L  33 0.0000000 0.0000000 0.0000000 0.0000000 0.0000000 0.0000000 0.0000000 0.0000000 0.0000000 0.0269670 0.7726978 0.0000000 0.0028975 0.1913121 0.0000000 0.0000000 0.0000000 0.0000000 0.0000000 0.0061255
 34 E  34 0.0036539 0.0000000 0.0018613 0.0000000 0.0000000 0.0341532 0.9460766 0.0028907 0.0000000 0.0000000 0.0000000 0.0093692 0.0000000 0.0000000 0.0000000 0.0000000 0.0019950 0.0000000 0.0000000 0.0000000
 35 E  35 0.0000000 0.0000000 0.0143417 0.4071344 0.0000000 0.0036286 0.5643378 0.0065490 0.0000000 0.0000000 0.0000000 0.0040085 0.0000000 0.0000000 0.0000000 0.0000000 0.0000000 0.0000000 0.0000000 0.0000000
 36 M  36 0.0025152 0.0000000 0.0000000 0.0000000 0.0000000 0.0000000 0.0000000 0.0000000 0.0000000 0.5042363 0.0385488 0.0000000 0.4340718 0.0000000 0.0000000 0.0000000 0.0017863 0.0000000 0.0000000 0.0188415
 37 N  37 0.0039863 0.0000000 0.6609448 0.1850799 0.0062280 0.0028153 0.0293200 0.0000000 0.0082572 0.0000000 0.0000000 0.0086605 0.0000000 0.0000000 0.0000000 0.0793161 0.0130887 0.0000000 0.0023031 0.0000000
 38 L  38 0.0000000 0.0000000 0.0000000 0.0000000 0.0000000 0.0000000 0.0000000 0.0000000 0.0000000 0.0037330 0.9873983 0.0000000 0.0000000 0.0000000 0.0000000 0.0000000 0.0000000 0.0088687 0.0000000 0.0000000
 39 P  39 0.0028589 0.0000000 0.0000000 0.0000000 0.0000000 0.0090662 0.0000000 0.0000000 0.0000000 0.0000000 0.0029165 0.0000000 0.0000000 0.0000000 0.9664050 0.0137912 0.0049622 0.0000000 0.0000000 0.0000000
 40 G  40 0.0000000 0.0055978 0.0000000 0.0000000 0.0000000 0.0000000 0.0000000 0.9944022 0.0000000 0.0000000 0.0000000 0.0000000 0.0000000 0.0000000 0.0000000 0.0000000 0.0000000 0.0000000 0.0000000 0.0000000
 41 K  41 0.0000000 0.5826901 0.0037725 0.0000000 0.0000000 0.0000000 0.0000000 0.0000000 0.0035623 0.0015543 0.0000000 0.4027343 0.0000000 0.0000000 0.0017261 0.0000000 0.0039603 0.0000000 0.0000000 0.0000000
 42 W  42 0.0000000 0.0000000 0.0000000 0.0000000 0.0000000 0.0000000 0.0000000 0.0000000 0.0000000 0.0000000 0.0000000 0.0000000 0.0000000 0.0000000 0.0000000 0.0000000 0.0000000 0.9950568 0.0049432 0.0000000
 43 K  43 0.0000000 0.0113829 0.0000000 0.0000000 0.0000000 0.0022793 0.0041079 0.0000000 0.0000000 0.0015857 0.0000000 0.9209700 0.0000000 0.0000000 0.0000000 0.0027174 0.0569566 0.0000000 0.0000000 0.0000000
 44 P  44 0.0000000 0.0000000 0.0000000 0.0000000 0.0000000 0.0000000 0.0000000 0.0000000 0.0000000 0.0000000 0.0000000 0.0000000 0.0000000 0.0000000 1.0000000 0.0000000 0.0000000 0.0000000 0.0000000 0.0000000
 45 K  45 0.0000000 0.0245367 0.0000000 0.0000000 0.0000000 0.0085492 0.0000000 0.0000000 0.0000000 0.0023621 0.0000000 0.9603200 0.0000000 0.0000000 0.0000000 0.0000000 0.0000000 0.0000000 0.0000000 0.0042321
 46 M  46 0.0000000 0.0000000 0.0000000 0.0000000 0.0000000 0.0000000 0.0000000 0.0000000 0.0000000 0.1959601 0.1008323 0.0000000 0.6967715 0.0000000 0.0000000 0.0000000 0.0000000 0.0000000 0.0000000 0.0064360
 47 I  47 0.0075295 0.0000000 0.0000000 0.0000000 0.0000000 0.0000000 0.0000000 0.0000000 0.0000000 0.9359372 0.0000000 0.0000000 0.0000000 0.0000000 0.0000000 0.0000000 0.0000000 0.0000000 0.0000000 0.0565333
 48 G  48 0.0056637 0.0194126 0.0000000 0.0000000 0.0000000 0.0000000 0.0023157 0.9269593 0.0000000 0.0000000 0.0013631 0.0000000 0.0034237 0.0000000 0.0000000 0.0042460 0.0029767 0.0000000 0.0000000 0.0336393
 49 G  49 0.0000000 0.0193025 0.0000000 0.0000000 0.0000000 0.0000000 0.0032853 0.9774122 0.0000000 0.0000000 0.0000000 0.0000000 0.0000000 0.0000000 0.0000000 0.0000000 0.0000000 0.0000000 0.0000000 0.0000000
 50 I  50 0.0000000 0.0000000 0.0000000 0.0000000 0.0000000 0.0000000 0.0000000 0.0000000 0.0000000 0.9627033 0.0053188 0.0000000 0.0000000 0.0000000 0.0000000 0.0000000 0.0031748 0.0000000 0.0000000 0.0288031
 51 G  51 0.0000000 0.0193025 0.0000000 0.0000000 0.0000000 0.0000000 0.0000000 0.9806975 0.0000000 0.0000000 0.0000000 0.0000000 0.0000000 0.0000000 0.0000000 0.0000000 0.0000000 0.0000000 0.0000000 0.0000000
 52 G  52 0.0000000 0.0000000 0.0000000 0.0000000 0.0000000 0.0000000 0.0000000 0.9805765 0.0000000 0.0000000 0.0000000 0.0000000 0.0000000 0.0000000 0.0000000 0.0194235 0.0000000 0.0000000 0.0000000 0.0000000
 53 F  53 0.0000000 0.0000000 0.0000000 0.0000000 0.0000000 0.0000000 0.0000000 0.0000000 0.0000000 0.0020613 0.0535171 0.0000000 0.0000000 0.9391185 0.0000000 0.0000000 0.0000000 0.0030350 0.0022681 0.0000000
 54 I  54 0.0130975 0.0000000 0.0000000 0.0000000 0.0000000 0.0000000 0.0000000 0.0000000 0.0000000 0.5652762 0.0435057 0.0000000 0.0386204 0.0013999 0.0000000 0.0080112 0.0075542 0.0000000 0.0000000 0.3225349
 55 K  55 0.0000000 0.0641695 0.0063614 0.0000000 0.0000000 0.0000000 0.0000000 0.0000000 0.0033324 0.0000000 0.0000000 0.9261367 0.0000000 0.0000000 0.0000000 0.0000000 0.0000000 0.0000000 0.0000000 0.0000000
 56 V  56 0.0000000 0.0000000 0.0000000 0.0000000 0.0000000 0.0000000 0.0000000 0.0000000 0.0000000 0.0000000 0.0000000 0.0000000 0.0000000 0.0000000 0.0000000 0.0000000 0.0000000 0.0000000 0.0000000 1.0000000
 57 R  57 0.0000000 0.8137959 0.0000000 0.0000000 0.0000000 0.0000000 0.0000000 0.0000000 0.0000000 0.0000000 0.0000000 0.1862041 0.0000000 0.0000000 0.0000000 0.0000000 0.0000000 0.0000000 0.0000000 0.0000000
 58 Q  58 0.0000000 0.0000000 0.0000000 0.0000000 0.0000000 0.9335944 0.0664056 0.0000000 0.0000000 0.0000000 0.0000000 0.0000000 0.0000000 0.0000000 0.0000000 0.0000000 0.0000000 0.0000000 0.0000000 0.0000000
 59 Y  59 0.0000000 0.0000000 0.0000000 0.0000000 0.0000000 0.0000000 0.0000000 0.0000000 0.0000000 0.0000000 0.0000000 0.0000000 0.0000000 0.0000000 0.0000000 0.0078191 0.0000000 0.0000000 0.9921809 0.0000000
 60 D  60 0.0094117 0.0000000 0.0073376 0.8791615 0.0000000 0.0000000 0.1040892 0.0000000 0.0000000 0.0000000 0.0000000 0.0000000 0.0000000 0.0000000 0.0000000 0.0000000 0.0000000 0.0000000 0.0000000 0.0000000
 61 Q  61 0.0000000 0.0030934 0.0441777 0.0148944 0.0000000 0.8516221 0.0453286 0.0000000 0.0200402 0.0000000 0.0013717 0.0194719 0.0000000 0.0000000 0.0000000 0.0000000 0.0000000 0.0000000 0.0000000 0.0000000
 62 I  62 0.0000000 0.0000000 0.0000000 0.0000000 0.0000000 0.0000000 0.0000000 0.0000000 0.0000000 0.5725442 0.0000000 0.0000000 0.0000000 0.0000000 0.0000000 0.0000000 0.0000000 0.0000000 0.0000000 0.4274558
 63 P  63 0.0463618 0.0012212 0.0010987 0.0016006 0.0063503 0.0043021 0.0000000 0.0000000 0.0042048 0.0029778 0.1256999 0.0013275 0.0017432 0.0015558 0.7314817 0.0259649 0.0320565 0.0000000 0.0000000 0.0120534
 64 V  64 0.0000000 0.0000000 0.0000000 0.0000000 0.0000000 0.0000000 0.0000000 0.0000000 0.0000000 0.8345895 0.0301283 0.0000000 0.0165229 0.0000000 0.0000000 0.0000000 0.0000000 0.0000000 0.0000000 0.1187593
 65 E  65 0.0000000 0.0000000 0.0000000 0.0186740 0.0000000 0.0000000 0.9813260 0.0000000 0.0000000 0.0000000 0.0000000 0.0000000 0.0000000 0.0000000 0.0000000 0.0000000 0.0000000 0.0000000 0.0000000 0.0000000
 66 I  66 0.0000000 0.0000000 0.0000000 0.0000000 0.0000000 0.0000000 0.0000000 0.0000000 0.0000000 0.9743919 0.0000000 0.0000000 0.0000000 0.0151121 0.0000000 0.0000000 0.0000000 0.0000000 0.0000000 0.0104960
 67 A  67 0.0100960 0.0000000 0.0000000 0.0025861 0.9567108 0.0000000 0.0119787 0.0000000 0.0012048 0.0000000 0.0020897 0.0000000 0.0000000 0.0055935 0.0000000 0.0052149 0.0000000 0.0000000 0.0032841 0.0012413
 68 G  68 0.0000000 0.0194680 0.0000000 0.0024458 0.0000000 0.0000000 0.0060920 0.9719942 0.0000000 0.0000000 0.0000000 0.0000000 0.0000000 0.0000000 0.0000000 0.0000000 0.0000000 0.0000000 0.0000000 0.0000000
 69 H  69 0.0000000 0.0097260 0.0015127 0.0000000 0.0000000 0.0297868 0.0000000 0.0000000 0.7836128 0.0019101 0.0000000 0.1597677 0.0000000 0.0000000 0.0000000 0.0000000 0.0000000 0.0000000 0.0136839 0.0000000
 70 K  70 0.0000000 0.0276976 0.0036221 0.0000000 0.0000000 0.0000000 0.0066879 0.0000000 0.0000000 0.0000000 0.0000000 0.9532871 0.0000000 0.0000000 0.0000000 0.0000000 0.0087052 0.0000000 0.0000000 0.0000000
 71 A  71 0.5398046 0.0000000 0.0000000 0.0000000 0.0000000 0.0000000 0.0000000 0.0000000 0.0000000 0.0331117 0.0067521 0.0000000 0.0000000 0.0000000 0.0000000 0.0000000 0.0820633 0.0000000 0.0000000 0.3382682
 72 I  72 0.0000000 0.0067868 0.0000000 0.0000000 0.0000000 0.0000000 0.0079093 0.0000000 0.0000000 0.7886168 0.0433876 0.0031590 0.0150666 0.0000000 0.0000000 0.0000000 0.0537539 0.0000000 0.0000000 0.0813201
 73 G  73 0.0040658 0.0000000 0.0000000 0.0045543 0.0164804 0.0000000 0.0000000 0.8547477 0.0000000 0.0035812 0.0000000 0.0000000 0.0000000 0.0000000 0.0000000 0.0881349 0.0284358 0.0000000 0.0000000 0.0000000
 74 T  74 0.0122285 0.0000000 0.0000000 0.0000000 0.0000000 0.0000000 0.0000000 0.0000000 0.0000000 0.0000000 0.0000000 0.0020827 0.0000000 0.0000000 0.0243686 0.0662805 0.8950398 0.0000000 0.0000000 0.0000000
 75 V  75 0.0000000 0.0000000 0.0000000 0.0000000 0.0000000 0.0000000 0.0000000 0.0000000 0.0000000 0.0078038 0.0096657 0.0000000 0.0000000 0.0000000 0.0000000 0.0000000 0.0000000 0.0000000 0.0000000 0.9825305
 76 L  76 0.0000000 0.0000000 0.0000000 0.0000000 0.0000000 0.0000000 0.0000000 0.0000000 0.0000000 0.0000000 0.9541849 0.0000000 0.0000000 0.0000000 0.0000000 0.0000000 0.0000000 0.0000000 0.0000000 0.0458151
 77 V  77 0.0000000 0.0000000 0.0000000 0.0000000 0.0000000 0.0000000 0.0000000 0.0000000 0.0000000 0.2339334 0.0041909 0.0062071 0.0000000 0.0000000 0.0000000 0.0000000 0.0031026 0.0000000 0.0000000 0.7525661
 78 G  78 0.0000000 0.0000000 0.0000000 0.0000000 0.0000000 0.0000000 0.0000000 1.0000000 0.0000000 0.0000000 0.0000000 0.0000000 0.0000000 0.0000000 0.0000000 0.0000000 0.0000000 0.0000000 0.0000000 0.0000000
 79 P  79 0.0062332 0.0000000 0.0026024 0.0025957 0.0000000 0.0000000 0.0015955 0.0000000 0.0022258 0.0000000 0.0000000 0.0000000 0.0000000 0.0000000 0.9782332 0.0065144 0.0000000 0.0000000 0.0000000 0.0000000
 80 T  80 0.0000000 0.0000000 0.0000000 0.0000000 0.0000000 0.0000000 0.0000000 0.0000000 0.0000000 0.0000000 0.0000000 0.0000000 0.0000000 0.0000000 0.0000000 0.0000000 1.0000000 0.0000000 0.0000000 0.0000000
 81 P  81 0.0000000 0.0000000 0.0000000 0.0000000 0.0000000 0.0000000 0.0000000 0.0000000 0.0000000 0.0000000 0.0000000 0.0000000 0.0000000 0.0000000 1.0000000 0.0000000 0.0000000 0.0000000 0.0000000 0.0000000
 82 V  82 0.2702785 0.0000000 0.0000000 0.0000000 0.0087245 0.0000000 0.0000000 0.0019489 0.0000000 0.0429363 0.0023854 0.0000000 0.0051838 0.0206197 0.0000000 0.0138404 0.0206544 0.0000000 0.0000000 0.6134282
 83 N  83 0.0000000 0.0000000 0.9853847 0.0067547 0.0000000 0.0000000 0.0000000 0.0000000 0.0000000 0.0020981 0.0000000 0.0019338 0.0000000 0.0000000 0.0000000 0.0038287 0.0000000 0.0000000 0.0000000 0.0000000
 84 I  84 0.0024861 0.0000000 0.0000000 0.0000000 0.0000000 0.0000000 0.0000000 0.0000000 0.0000000 0.8317202 0.0000000 0.0062696 0.0000000 0.0000000 0.0000000 0.0000000 0.0000000 0.0000000 0.0000000 0.1595242
 85 I  85 0.0000000 0.0000000 0.0000000 0.0000000 0.0000000 0.0000000 0.0000000 0.0000000 0.0000000 0.9416000 0.0000000 0.0000000 0.0062951 0.0000000 0.0000000 0.0000000 0.0105741 0.0000000 0.0000000 0.0415307
 86 G  86 0.0000000 0.0194364 0.0000000 0.0000000 0.0000000 0.0000000 0.0000000 0.9805636 0.0000000 0.0000000 0.0000000 0.0000000 0.0000000 0.0000000 0.0000000 0.0000000 0.0000000 0.0000000 0.0000000 0.0000000
 87 R  87 0.0000000 0.9949044 0.0000000 0.0000000 0.0000000 0.0000000 0.0000000 0.0000000 0.0000000 0.0000000 0.0000000 0.0000000 0.0000000 0.0000000 0.0000000 0.0050956 0.0000000 0.0000000 0.0000000 0.0000000
 88 N  88 0.0000000 0.0000000 0.9607215 0.0316067 0.0000000 0.0000000 0.0000000 0.0033872 0.0000000 0.0000000 0.0000000 0.0000000 0.0000000 0.0000000 0.0000000 0.0042846 0.0000000 0.0000000 0.0000000 0.0000000
 89 L  89 0.0000000 0.0036293 0.0000000 0.0000000 0.0000000 0.0000000 0.0000000 0.0000000 0.0000000 0.0225362 0.7415105 0.0000000 0.1782045 0.0000000 0.0000000 0.0000000 0.0021786 0.0000000 0.0000000 0.0519408
 90 L  90 0.0000000 0.0000000 0.0000000 0.0000000 0.0000000 0.0000000 0.0000000 0.0000000 0.0000000 0.0000000 0.5987815 0.0000000 0.3979369 0.0000000 0.0000000 0.0032817 0.0000000 0.0000000 0.0000000 0.0000000
 91 T  91 0.0052946 0.0000000 0.0019786 0.0000000 0.0000000 0.0000000 0.0000000 0.0000000 0.0000000 0.0000000 0.0000000 0.0000000 0.0000000 0.0000000 0.0000000 0.0198208 0.9695702 0.0000000 0.0000000 0.0033358
 92 Q  92 0.0022396 0.0096337 0.0000000 0.0000000 0.0000000 0.9516155 0.0026330 0.0000000 0.0000000 0.0000000 0.0000000 0.0338782 0.0000000 0.0000000 0.0000000 0.0000000 0.0000000 0.0000000 0.0000000 0.0000000
 93 I  93 0.0000000 0.0015213 0.0000000 0.0000000 0.0000000 0.0000000 0.0000000 0.0000000 0.0000000 0.6120960 0.3665376 0.0000000 0.0122326 0.0023148 0.0000000 0.0000000 0.0036411 0.0000000 0.0000000 0.0016566
 94 G  94 0.0000000 0.0000000 0.0037320 0.0000000 0.0000000 0.0000000 0.0031070 0.9931610 0.0000000 0.0000000 0.0000000 0.0000000 0.0000000 0.0000000 0.0000000 0.0000000 0.0000000 0.0000000 0.0000000 0.0000000
 95 A  95 0.0101878 0.0000000 0.0000000 0.0000000 0.9898122 0.0000000 0.0000000 0.0000000 0.0000000 0.0000000 0.0000000 0.0000000 0.0000000 0.0000000 0.0000000 0.0000000 0.0000000 0.0000000 0.0000000 0.0000000
