   95         A         R         N         D         C         Q         E         G         H         I         L         K         M         F         P         S         T         W         Y         V         X    
  1 P   1 0.0000000 0.0000000 0.0000000 0.0000000 0.0000000 0.0000000 0.0000000 0.0000000 0.0000000 0.0000000 0.0000000 0.0000000 0.0000000 0.0000000 0.9585691 0.0000000 0.0000000 0.0000000 0.0000000 0.0000000 0.0414309
  2 Q   2 0.0000000 0.0000000 0.0000000 0.0000000 0.0000000 0.9648901 0.0000000 0.0000000 0.0000000 0.0000000 0.0000000 0.0000000 0.0000000 0.0000000 0.0000000 0.0000000 0.0000000 0.0000000 0.0000000 0.0000000 0.0351099
  3 I   3 0.0000000 0.0000000 0.0000000 0.0000000 0.0000000 0.0000000 0.0000000 0.0000000 0.0000000 0.9423194 0.0000000 0.0094037 0.0000000 0.0027092 0.0000000 0.0000000 0.0000000 0.0000000 0.0000000 0.0049686 0.0405991
  4 T   4 0.0026406 0.0000000 0.0000000 0.0000000 0.0000000 0.0000000 0.0000000 0.0000000 0.0000000 0.0000000 0.0000000 0.0094037 0.0000000 0.0000000 0.0067720 0.0086663 0.9466207 0.0000000 0.0000000 0.0000000 0.0258967
  5 L   5 0.0000000 0.0000000 0.0000000 0.0000000 0.0000000 0.0000000 0.0000000 0.0000000 0.0000000 0.0000000 0.9647829 0.0000000 0.0000000 0.0034772 0.0000000 0.0000000 0.0000000 0.0000000 0.0000000 0.0151246 0.0166153
  6 W   6 0.0000000 0.0000000 0.0000000 0.0000000 0.0039267 0.0000000 0.0000000 0.0000000 0.0000000 0.0000000 0.0000000 0.0000000 0.0000000 0.0000000 0.0000000 0.0000000 0.0000000 0.9912895 0.0000000 0.0000000 0.0047838
  7 K   7 0.0000000 0.0000000 0.0000000 0.0000000 0.0000000 0.9780604 0.0030066 0.0000000 0.0000000 0.0000000 0.0000000 0.0095234 0.0000000 0.0000000 0.0000000 0.0000000 0.0000000 0.0000000 0.0000000 0.0000000 0.0094097
  8 R   8 0.0000000 0.9799388 0.0000000 0.0000000 0.0000000 0.0099741 0.0000000 0.0038816 0.0000000 0.0000000 0.0000000 0.0000000 0.0000000 0.0000000 0.0035505 0.0000000 0.0000000 0.0000000 0.0000000 0.0000000 0.0026552
  9 P   9 0.0000000 0.0000000 0.0000000 0.0000000 0.0000000 0.0000000 0.0000000 0.0000000 0.0000000 0.0000000 0.0000000 0.0000000 0.0000000 0.0000000 0.9931457 0.0000000 0.0068543 0.0000000 0.0000000 0.0000000 0.0000000
 10 L  10 0.0035762 0.0013351 0.0000000 0.0000000 0.0019186 0.0000000 0.0000000 0.0034298 0.0000000 0.3506351 0.3912210 0.0094718 0.0019764 0.1248331 0.0000000 0.0000000 0.0010822 0.0000000 0.0062043 0.0568559 0.0474605
 11 V  11 0.0000000 0.0000000 0.0000000 0.0000000 0.0000000 0.0000000 0.0000000 0.0034051 0.0000000 0.0368951 0.0096268 0.0000000 0.0027272 0.0000000 0.0000000 0.0000000 0.0018259 0.0000000 0.0000000 0.9320977 0.0134221
 12 T  12 0.0222222 0.0011458 0.0061259 0.0052579 0.0000000 0.0063368 0.0086860 0.0000000 0.0000000 0.0090021 0.0000000 0.0185263 0.0010993 0.0000000 0.0199594 0.0502018 0.8401046 0.0000000 0.0000000 0.0034431 0.0078888
 13 I  13 0.0044782 0.0000000 0.0000000 0.0000000 0.0000000 0.0000000 0.0000000 0.0000000 0.0000000 0.6191783 0.0037635 0.0000000 0.0072193 0.0000000 0.0000000 0.0040521 0.0000000 0.0000000 0.0000000 0.3429499 0.0183586
 14 R  14 0.0000000 0.1179759 0.0055413 0.0000000 0.0000000 0.0000000 0.0000000 0.0000000 0.0000000 0.0000000 0.0000000 0.8518475 0.0031033 0.0000000 0.0000000 0.0000000 0.0036518 0.0000000 0.0000000 0.0000000 0.0178802
 15 I  15 0.0000000 0.0000000 0.0000000 0.0000000 0.0000000 0.0000000 0.0000000 0.0000000 0.0000000 0.6760569 0.0042295 0.0000000 0.0000000 0.0000000 0.0000000 0.0000000 0.0000000 0.0000000 0.0000000 0.2968039 0.0229097
 16 G  16 0.0351683 0.0000000 0.0000000 0.0000000 0.0000000 0.0060814 0.0469487 0.9047888 0.0000000 0.0000000 0.0000000 0.0000000 0.0000000 0.0000000 0.0000000 0.0000000 0.0000000 0.0000000 0.0000000 0.0000000 0.0070127
 17 G  17 0.0000000 0.0000000 0.0000000 0.0035091 0.0000000 0.0000000 0.0077445 0.9853061 0.0000000 0.0000000 0.0000000 0.0000000 0.0000000 0.0000000 0.0000000 0.0000000 0.0000000 0.0000000 0.0000000 0.0000000 0.0034403
 18 Q  18 0.0000000 0.0041122 0.0000000 0.0000000 0.0000000 0.9639754 0.0076608 0.0000000 0.0089104 0.0000000 0.0023416 0.0067195 0.0025304 0.0000000 0.0000000 0.0000000 0.0000000 0.0000000 0.0000000 0.0000000 0.0037498
 19 L  19 0.0000000 0.0000000 0.0000000 0.0000000 0.0000000 0.0163574 0.0018272 0.0000000 0.0000000 0.1135056 0.7876374 0.0031121 0.0061760 0.0000000 0.0096805 0.0012816 0.0140169 0.0000000 0.0000000 0.0287998 0.0176054
 20 K  20 0.0019522 0.1943504 0.0000000 0.0000000 0.0000000 0.0000000 0.0000000 0.0000000 0.0000000 0.1068198 0.0015735 0.5823931 0.0206845 0.0000000 0.0000000 0.0000000 0.0388190 0.0000000 0.0000000 0.0176317 0.0357758
 21 E  21 0.0000000 0.0000000 0.0000000 0.0000000 0.0000000 0.0000000 0.9928921 0.0000000 0.0000000 0.0000000 0.0000000 0.0071079 0.0000000 0.0000000 0.0000000 0.0000000 0.0000000 0.0000000 0.0000000 0.0000000 0.0000000
 22 A  22 0.9830653 0.0000000 0.0000000 0.0000000 0.0000000 0.0000000 0.0000000 0.0000000 0.0000000 0.0000000 0.0000000 0.0000000 0.0000000 0.0000000 0.0000000 0.0000000 0.0000000 0.0000000 0.0000000 0.0106718 0.0062629
 23 L  23 0.0000000 0.0000000 0.0000000 0.0000000 0.0000000 0.0000000 0.0000000 0.0000000 0.0000000 0.0188074 0.9758019 0.0000000 0.0000000 0.0000000 0.0000000 0.0000000 0.0000000 0.0000000 0.0000000 0.0000000 0.0053906
 24 L  24 0.0000000 0.0000000 0.0000000 0.0000000 0.0000000 0.0000000 0.0000000 0.0000000 0.0000000 0.0503113 0.9371652 0.0000000 0.0000000 0.0088234 0.0000000 0.0000000 0.0000000 0.0000000 0.0000000 0.0000000 0.0037001
 25 N  25 0.0000000 0.0000000 0.0095234 0.9809605 0.0000000 0.0000000 0.0042824 0.0000000 0.0000000 0.0000000 0.0000000 0.0000000 0.0000000 0.0000000 0.0000000 0.0000000 0.0000000 0.0000000 0.0000000 0.0025723 0.0026614
 26 T  26 0.0000000 0.0000000 0.0000000 0.0000000 0.0000000 0.0000000 0.0000000 0.0000000 0.0000000 0.0000000 0.0000000 0.0000000 0.0000000 0.0000000 0.0000000 0.0000000 1.0000000 0.0000000 0.0000000 0.0000000 0.0000000
 27 G  27 0.0000000 0.0000000 0.0000000 0.0000000 0.0000000 0.0000000 0.0000000 0.9938421 0.0000000 0.0000000 0.0000000 0.0000000 0.0000000 0.0000000 0.0000000 0.0000000 0.0000000 0.0000000 0.0000000 0.0000000 0.0061579
 28 A  28 1.0000000 0.0000000 0.0000000 0.0000000 0.0000000 0.0000000 0.0000000 0.0000000 0.0000000 0.0000000 0.0000000 0.0000000 0.0000000 0.0000000 0.0000000 0.0000000 0.0000000 0.0000000 0.0000000 0.0000000 0.0000000
 29 D  29 0.0000000 0.0000000 0.0000000 0.9863059 0.0000000 0.0000000 0.0094037 0.0000000 0.0000000 0.0000000 0.0000000 0.0000000 0.0000000 0.0000000 0.0000000 0.0000000 0.0000000 0.0000000 0.0000000 0.0000000 0.0042904
 30 D  30 0.0000000 0.0000000 0.0358820 0.9601268 0.0000000 0.0000000 0.0000000 0.0000000 0.0000000 0.0000000 0.0000000 0.0000000 0.0000000 0.0000000 0.0000000 0.0000000 0.0000000 0.0000000 0.0000000 0.0000000 0.0039912
 31 T  31 0.0000000 0.0000000 0.0000000 0.0000000 0.0000000 0.0000000 0.0000000 0.0000000 0.0000000 0.0000000 0.0000000 0.0000000 0.0000000 0.0000000 0.0000000 0.0000000 1.0000000 0.0000000 0.0000000 0.0000000 0.0000000
 32 V  32 0.0000000 0.0000000 0.0000000 0.0000000 0.0000000 0.0000000 0.0000000 0.0000000 0.0000000 0.0611741 0.0000000 0.0000000 0.0000000 0.0000000 0.0000000 0.0000000 0.0000000 0.0000000 0.0000000 0.9274210 0.0114050
 33 L  33 0.0000000 0.0000000 0.0000000 0.0000000 0.0000000 0.0000000 0.0000000 0.0000000 0.0000000 0.0256462 0.7597011 0.0000000 0.0027016 0.1913092 0.0000000 0.0000000 0.0000000 0.0000000 0.0000000 0.0059780 0.0146640
 34 E  34 0.0036183 0.0000000 0.0018465 0.0000000 0.0000000 0.0334787 0.9386496 0.0030005 0.0000000 0.0000000 0.0000000 0.0093943 0.0000000 0.0000000 0.0000000 0.0000000 0.0019999 0.0000000 0.0000000 0.0000000 0.0080122
 35 E  35 0.0000000 0.0000000 0.0144627 0.4067813 0.0000000 0.0035860 0.5439420 0.0064135 0.0000000 0.0000000 0.0000000 0.0040391 0.0000000 0.0000000 0.0000000 0.0000000 0.0000000 0.0000000 0.0000000 0.0000000 0.0207754
 36 M  36 0.0025864 0.0000000 0.0000000 0.0000000 0.0000000 0.0000000 0.0000000 0.0000000 0.0000000 0.4853996 0.0369699 0.0000000 0.4189828 0.0000000 0.0000000 0.0000000 0.0018657 0.0000000 0.0000000 0.0190023 0.0351933
 37 N  37 0.0039661 0.0000000 0.6553273 0.1864224 0.0060167 0.0028878 0.0297114 0.0000000 0.0091251 0.0000000 0.0000000 0.0088291 0.0000000 0.0000000 0.0000000 0.0693594 0.0130125 0.0000000 0.0023743 0.0000000 0.0129681
 38 L  38 0.0000000 0.0000000 0.0000000 0.0000000 0.0000000 0.0000000 0.0000000 0.0000000 0.0000000 0.0036766 0.9825314 0.0000000 0.0000000 0.0000000 0.0000000 0.0000000 0.0000000 0.0087184 0.0000000 0.0000000 0.0050737
 39 P  39 0.0029863 0.0000000 0.0000000 0.0000000 0.0000000 0.0110341 0.0000000 0.0000000 0.0000000 0.0000000 0.0030777 0.0000000 0.0000000 0.0000000 0.9619665 0.0140130 0.0049926 0.0000000 0.0000000 0.0000000 0.0019298
 40 G  40 0.0000000 0.0050125 0.0000000 0.0000000 0.0000000 0.0000000 0.0000000 0.9891212 0.0000000 0.0000000 0.0000000 0.0000000 0.0000000 0.0000000 0.0000000 0.0000000 0.0000000 0.0000000 0.0000000 0.0000000 0.0058663
 41 K  41 0.0000000 0.5685086 0.0038954 0.0000000 0.0000000 0.0000000 0.0000000 0.0000000 0.0035835 0.0016740 0.0000000 0.4006765 0.0000000 0.0000000 0.0018568 0.0000000 0.0040141 0.0000000 0.0000000 0.0000000 0.0157911
 42 W  42 0.0000000 0.0000000 0.0000000 0.0000000 0.0000000 0.0000000 0.0000000 0.0000000 0.0000000 0.0000000 0.0000000 0.0000000 0.0000000 0.0000000 0.0000000 0.0000000 0.0000000 0.9916669 0.0043351 0.0000000 0.0039980
 43 K  43 0.0000000 0.0113817 0.0000000 0.0000000 0.0000000 0.0024146 0.0043783 0.0000000 0.0000000 0.0016977 0.0000000 0.9007497 0.0000000 0.0000000 0.0000000 0.0027258 0.0562690 0.0000000 0.0000000 0.0000000 0.0203833
 44 P  44 0.0000000 0.0000000 0.0000000 0.0000000 0.0000000 0.0000000 0.0000000 0.0000000 0.0000000 0.0000000 0.0000000 0.0000000 0.0000000 0.0000000 1.0000000 0.0000000 0.0000000 0.0000000 0.0000000 0.0000000 0.0000000
 45 K  45 0.0000000 0.0252146 0.0000000 0.0000000 0.0000000 0.0080023 0.0000000 0.0000000 0.0000000 0.0024696 0.0000000 0.9573187 0.0000000 0.0000000 0.0000000 0.0000000 0.0000000 0.0000000 0.0000000 0.0045246 0.0024702
 46 M  46 0.0000000 0.0000000 0.0000000 0.0000000 0.0000000 0.0000000 0.0000000 0.0000000 0.0000000 0.1940394 0.0987360 0.0000000 0.6845530 0.0000000 0.0000000 0.0000000 0.0000000 0.0000000 0.0000000 0.0061255 0.0165461
 47 I  47 0.0073481 0.0000000 0.0000000 0.0000000 0.0000000 0.0000000 0.0000000 0.0000000 0.0000000 0.9305576 0.0000000 0.0000000 0.0000000 0.0000000 0.0000000 0.0000000 0.0000000 0.0000000 0.0000000 0.0564645 0.0056298
 48 G  48 0.0056820 0.0201952 0.0000000 0.0000000 0.0000000 0.0000000 0.0023185 0.9174654 0.0000000 0.0000000 0.0015068 0.0000000 0.0035873 0.0000000 0.0000000 0.0045246 0.0031157 0.0000000 0.0000000 0.0351555 0.0064492
 49 G  49 0.0000000 0.0201952 0.0000000 0.0000000 0.0000000 0.0000000 0.0040428 0.9757620 0.0000000 0.0000000 0.0000000 0.0000000 0.0000000 0.0000000 0.0000000 0.0000000 0.0000000 0.0000000 0.0000000 0.0000000 0.0000000
 50 I  50 0.0000000 0.0000000 0.0000000 0.0000000 0.0000000 0.0000000 0.0000000 0.0000000 0.0000000 0.9562773 0.0053728 0.0000000 0.0000000 0.0000000 0.0000000 0.0000000 0.0031933 0.0000000 0.0000000 0.0284483 0.0067082
 51 G  51 0.0000000 0.0201952 0.0000000 0.0000000 0.0000000 0.0000000 0.0000000 0.9798048 0.0000000 0.0000000 0.0000000 0.0000000 0.0000000 0.0000000 0.0000000 0.0000000 0.0000000 0.0000000 0.0000000 0.0000000 0.0000000
 52 G  52 0.0000000 0.0000000 0.0000000 0.0000000 0.0000000 0.0000000 0.0000000 0.9735514 0.0000000 0.0000000 0.0000000 0.0000000 0.0000000 0.0000000 0.0000000 0.0201952 0.0000000 0.0000000 0.0000000 0.0000000 0.0062534
 53 F  53 0.0000000 0.0000000 0.0000000 0.0000000 0.0000000 0.0000000 0.0000000 0.0000000 0.0000000 0.0021676 0.0534198 0.0000000 0.0000000 0.9336548 0.0000000 0.0000000 0.0000000 0.0031742 0.0024056 0.0000000 0.0051780
 54 I  54 0.0130842 0.0000000 0.0000000 0.0000000 0.0000000 0.0000000 0.0000000 0.0000000 0.0000000 0.5592805 0.0440999 0.0000000 0.0387083 0.0015387 0.0000000 0.0084585 0.0075457 0.0000000 0.0000000 0.3209167 0.0063677
 55 K  55 0.0000000 0.0621223 0.0063250 0.0000000 0.0000000 0.0000000 0.0000000 0.0000000 0.0033221 0.0000000 0.0000000 0.9167305 0.0000000 0.0000000 0.0000000 0.0000000 0.0000000 0.0000000 0.0000000 0.0000000 0.0115001
 56 V  56 0.0000000 0.0000000 0.0000000 0.0000000 0.0000000 0.0000000 0.0000000 0.0000000 0.0000000 0.0000000 0.0000000 0.0000000 0.0000000 0.0000000 0.0000000 0.0000000 0.0000000 0.0000000 0.0000000 1.0000000 0.0000000
 57 R  57 0.0000000 0.7977608 0.0000000 0.0000000 0.0000000 0.0000000 0.0000000 0.0000000 0.0000000 0.0000000 0.0000000 0.1851506 0.0000000 0.0000000 0.0000000 0.0000000 0.0000000 0.0000000 0.0000000 0.0000000 0.0170886
 58 Q  58 0.0000000 0.0000000 0.0000000 0.0000000 0.0000000 0.9290750 0.0653649 0.0000000 0.0000000 0.0000000 0.0000000 0.0000000 0.0000000 0.0000000 0.0000000 0.0000000 0.0000000 0.0000000 0.0000000 0.0000000 0.0055601
 59 Y  59 0.0000000 0.0000000 0.0000000 0.0000000 0.0000000 0.0000000 0.0000000 0.0000000 0.0000000 0.0000000 0.0000000 0.0000000 0.0000000 0.0000000 0.0000000 0.0089857 0.0000000 0.0000000 0.9910143 0.0000000 0.0000000
 60 D  60 0.0105095 0.0000000 0.0067333 0.8681347 0.0000000 0.0000000 0.1050413 0.0000000 0.0000000 0.0000000 0.0000000 0.0000000 0.0000000 0.0000000 0.0000000 0.0000000 0.0000000 0.0000000 0.0000000 0.0000000 0.0095813
 61 Q  61 0.0000000 0.0032378 0.0429845 0.0147394 0.0000000 0.8491608 0.0438557 0.0000000 0.0198185 0.0000000 0.0012900 0.0202648 0.0000000 0.0000000 0.0000000 0.0000000 0.0000000 0.0000000 0.0000000 0.0000000 0.0046484
 62 I  62 0.0000000 0.0000000 0.0000000 0.0000000 0.0000000 0.0000000 0.0000000 0.0000000 0.0000000 0.5450029 0.0000000 0.0000000 0.0000000 0.0000000 0.0000000 0.0000000 0.0000000 0.0000000 0.0000000 0.4166360 0.0383612
 63 P  63 0.0370379 0.0012915 0.0012021 0.0016559 0.0062832 0.0043323 0.0000000 0.0000000 0.0041689 0.0035681 0.1217046 0.0014375 0.0018183 0.0016124 0.7341340 0.0236379 0.0267231 0.0000000 0.0000000 0.0118371 0.0175552
 64 V  64 0.0000000 0.0000000 0.0000000 0.0000000 0.0000000 0.0000000 0.0000000 0.0000000 0.0000000 0.8247259 0.0314051 0.0000000 0.0162216 0.0000000 0.0000000 0.0000000 0.0000000 0.0000000 0.0000000 0.1139402 0.0137072
 65 E  65 0.0000000 0.0000000 0.0000000 0.0175877 0.0000000 0.0000000 0.9768721 0.0000000 0.0000000 0.0000000 0.0000000 0.0000000 0.0000000 0.0000000 0.0000000 0.0000000 0.0000000 0.0000000 0.0000000 0.0000000 0.0055402
 66 I  66 0.0000000 0.0000000 0.0000000 0.0000000 0.0000000 0.0000000 0.0000000 0.0000000 0.0000000 0.9621786 0.0000000 0.0000000 0.0000000 0.0143251 0.0000000 0.0000000 0.0000000 0.0000000 0.0000000 0.0112241 0.0122722
 67 A  67 0.0095234 0.0000000 0.0000000 0.0027368 0.9492414 0.0000000 0.0114855 0.0000000 0.0013369 0.0000000 0.0022140 0.0000000 0.0000000 0.0057499 0.0000000 0.0053510 0.0000000 0.0000000 0.0034721 0.0013674 0.0075216
 68 G  68 0.0000000 0.0201952 0.0000000 0.0024767 0.0000000 0.0000000 0.0062741 0.9639094 0.0000000 0.0000000 0.0000000 0.0000000 0.0000000 0.0000000 0.0000000 0.0000000 0.0000000 0.0000000 0.0000000 0.0000000 0.0071447
 69 H  69 0.0000000 0.0101672 0.0016461 0.0000000 0.0000000 0.0302006 0.0000000 0.0000000 0.7732267 0.0020823 0.0000000 0.1642326 0.0000000 0.0000000 0.0000000 0.0000000 0.0000000 0.0000000 0.0146683 0.0000000 0.0037762
 70 K  70 0.0000000 0.0293530 0.0038550 0.0000000 0.0000000 0.0000000 0.0067764 0.0000000 0.0000000 0.0000000 0.0000000 0.9456108 0.0000000 0.0000000 0.0000000 0.0000000 0.0082494 0.0000000 0.0000000 0.0000000 0.0061553
 71 A  71 0.5226597 0.0000000 0.0000000 0.0000000 0.0000000 0.0000000 0.0000000 0.0000000 0.0000000 0.0327976 0.0066404 0.0000000 0.0000000 0.0000000 0.0000000 0.0000000 0.0797415 0.0000000 0.0000000 0.3314597 0.0267011
 72 I  72 0.0000000 0.0067214 0.0000000 0.0000000 0.0000000 0.0000000 0.0076400 0.0000000 0.0000000 0.7598119 0.0421547 0.0031318 0.0150030 0.0000000 0.0000000 0.0000000 0.0518849 0.0000000 0.0000000 0.0797340 0.0339183
 73 G  73 0.0042956 0.0000000 0.0000000 0.0047599 0.0169504 0.0000000 0.0000000 0.8463882 0.0000000 0.0034919 0.0000000 0.0000000 0.0000000 0.0000000 0.0000000 0.0864512 0.0272717 0.0000000 0.0000000 0.0000000 0.0103910
 74 T  74 0.0121953 0.0000000 0.0000000 0.0000000 0.0000000 0.0000000 0.0000000 0.0000000 0.0000000 0.0000000 0.0000000 0.0021603 0.0000000 0.0000000 0.0240837 0.0662635 0.8849568 0.0000000 0.0000000 0.0000000 0.0103404
 75 V  75 0.0000000 0.0000000 0.0000000 0.0000000 0.0000000 0.0000000 0.0000000 0.0000000 0.0000000 0.0076934 0.0107328 0.0000000 0.0000000 0.0000000 0.0000000 0.0000000 0.0000000 0.0000000 0.0000000 0.9760926 0.0054812
 76 L  76 0.0000000 0.0000000 0.0000000 0.0000000 0.0000000 0.0000000 0.0000000 0.0000000 0.0000000 0.0000000 0.9491060 0.0000000 0.0000000 0.0000000 0.0000000 0.0000000 0.0000000 0.0000000 0.0000000 0.0453147 0.0055793
 77 V  77 0.0000000 0.0000000 0.0000000 0.0000000 0.0000000 0.0000000 0.0000000 0.0000000 0.0000000 0.2248437 0.0042824 0.0047364 0.0000000 0.0000000 0.0000000 0.0000000 0.0030786 0.0000000 0.0000000 0.7441379 0.0189209
 78 G  78 0.0000000 0.0000000 0.0000000 0.0000000 0.0000000 0.0000000 0.0000000 0.9923165 0.0000000 0.0000000 0.0000000 0.0000000 0.0000000 0.0000000 0.0000000 0.0000000 0.0000000 0.0000000 0.0000000 0.0000000 0.0076835
 79 P  79 0.0063143 0.0000000 0.0027084 0.0027261 0.0000000 0.0000000 0.0017172 0.0000000 0.0023315 0.0000000 0.0000000 0.0000000 0.0000000 0.0000000 0.9718154 0.0066681 0.0000000 0.0000000 0.0000000 0.0000000 0.0057191
 80 T  80 0.0000000 0.0000000 0.0000000 0.0000000 0.0000000 0.0000000 0.0000000 0.0000000 0.0000000 0.0000000 0.0000000 0.0000000 0.0000000 0.0000000 0.0000000 0.0000000 1.0000000 0.0000000 0.0000000 0.0000000 0.0000000
 81 P  81 0.0000000 0.0000000 0.0000000 0.0000000 0.0000000 0.0000000 0.0000000 0.0000000 0.0000000 0.0000000 0.0000000 0.0000000 0.0000000 0.0000000 0.9935396 0.0000000 0.0000000 0.0000000 0.0000000 0.0000000 0.0064604
 82 V  82 0.2663716 0.0000000 0.0000000 0.0000000 0.0087313 0.0000000 0.0000000 0.0020591 0.0000000 0.0455849 0.0025015 0.0000000 0.0052295 0.0203549 0.0000000 0.0137331 0.0211772 0.0000000 0.0000000 0.6005468 0.0137102
 83 N  83 0.0000000 0.0000000 0.9828278 0.0075161 0.0000000 0.0000000 0.0000000 0.0000000 0.0000000 0.0025667 0.0000000 0.0028725 0.0000000 0.0000000 0.0000000 0.0042169 0.0000000 0.0000000 0.0000000 0.0000000 0.0000000
 84 I  84 0.0025105 0.0000000 0.0000000 0.0000000 0.0000000 0.0000000 0.0000000 0.0000000 0.0000000 0.8248803 0.0000000 0.0062276 0.0000000 0.0000000 0.0000000 0.0000000 0.0000000 0.0000000 0.0000000 0.1610364 0.0053452
 85 I  85 0.0000000 0.0000000 0.0000000 0.0000000 0.0000000 0.0000000 0.0000000 0.0000000 0.0000000 0.9312861 0.0000000 0.0000000 0.0062276 0.0000000 0.0000000 0.0000000 0.0116687 0.0000000 0.0000000 0.0412024 0.0096153
 86 G  86 0.0000000 0.0201952 0.0000000 0.0000000 0.0000000 0.0000000 0.0000000 0.9743236 0.0000000 0.0000000 0.0000000 0.0000000 0.0000000 0.0000000 0.0000000 0.0000000 0.0000000 0.0000000 0.0000000 0.0000000 0.0054812
 87 R  87 0.0000000 0.9904868 0.0000000 0.0000000 0.0000000 0.0000000 0.0000000 0.0000000 0.0000000 0.0000000 0.0000000 0.0000000 0.0000000 0.0000000 0.0000000 0.0044809 0.0000000 0.0000000 0.0000000 0.0000000 0.0050323
 88 N  88 0.0000000 0.0000000 0.9578291 0.0315795 0.0000000 0.0000000 0.0000000 0.0029780 0.0000000 0.0000000 0.0000000 0.0000000 0.0000000 0.0000000 0.0000000 0.0039385 0.0000000 0.0000000 0.0000000 0.0000000 0.0036749
 89 L  89 0.0000000 0.0038550 0.0000000 0.0000000 0.0000000 0.0000000 0.0000000 0.0000000 0.0000000 0.0215933 0.7327160 0.0000000 0.1801446 0.0000000 0.0000000 0.0000000 0.0023039 0.0000000 0.0000000 0.0517268 0.0076605
 90 L  90 0.0000000 0.0000000 0.0000000 0.0000000 0.0000000 0.0000000 0.0000000 0.0000000 0.0000000 0.0000000 0.5927338 0.0000000 0.3959340 0.0000000 0.0000000 0.0031743 0.0000000 0.0000000 0.0000000 0.0000000 0.0081580
 91 T  91 0.0052373 0.0000000 0.0020776 0.0000000 0.0000000 0.0000000 0.0000000 0.0000000 0.0000000 0.0000000 0.0000000 0.0000000 0.0000000 0.0000000 0.0000000 0.0204039 0.9616905 0.0000000 0.0000000 0.0034437 0.0071470
 92 Q  92 0.0023598 0.0095401 0.0000000 0.0000000 0.0000000 0.9412587 0.0026933 0.0000000 0.0000000 0.0000000 0.0000000 0.0347092 0.0000000 0.0000000 0.0000000 0.0000000 0.0000000 0.0000000 0.0000000 0.0000000 0.0094390
 93 I  93 0.0000000 0.0015093 0.0000000 0.0000000 0.0000000 0.0000000 0.0000000 0.0000000 0.0000000 0.6082617 0.3638898 0.0000000 0.0120995 0.0022921 0.0000000 0.0000000 0.0036474 0.0000000 0.0000000 0.0016419 0.0066583
 94 G  94 0.0000000 0.0000000 0.0036296 0.0000000 0.0000000 0.0000000 0.0029726 0.9826871 0.0000000 0.0000000 0.0000000 0.0000000 0.0000000 0.0000000 0.0000000 0.0000000 0.0000000 0.0000000 0.0000000 0.0000000 0.0107107
 95 A  95 0.0095234 0.0000000 0.0000000 0.0000000 0.9682832 0.0000000 0.0000000 0.0000000 0.0000000 0.0000000 0.0000000 0.0000000 0.0000000 0.0000000 0.0000000 0.0000000 0.0000000 0.0000000 0.0000000 0.0000000 0.0221935
