  103         A         R         N         D         C         Q         E         G         H         I         L         K         M         F         P         S         T         W         Y         V    
  1 G   1 0.2271079 0.0000000 0.0000000 0.0000000 0.0000000 0.0000000 0.0000000 0.7728921 0.0000000 0.0000000 0.0000000 0.0000000 0.0000000 0.0000000 0.0000000 0.0000000 0.0000000 0.0000000 0.0000000 0.0000000
  2 S   2 0.1943970 0.0000000 0.0260938 0.0216638 0.2368558 0.0023607 0.2436997 0.0023069 0.0021373 0.0030105 0.0025094 0.0056831 0.0000000 0.0034248 0.0075940 0.2344608 0.0116310 0.0000000 0.0021713 0.0000000
  3 K   3 0.0176939 0.0290644 0.3154604 0.0841918 0.0042690 0.0579110 0.0260231 0.0284360 0.0879196 0.0142546 0.0160544 0.0672919 0.0233611 0.0134923 0.0381731 0.0783915 0.0459525 0.0034727 0.0243938 0.0241927
  4 L   4 0.0208150 0.0189216 0.0141610 0.0047189 0.7437431 0.0061806 0.0388299 0.0058256 0.0021832 0.0040213 0.0097957 0.0079857 0.0024846 0.0085447 0.0061446 0.0438922 0.0551583 0.0012938 0.0013832 0.0039169
  5 E   5 0.0717952 0.0295013 0.0369049 0.0652945 0.0047047 0.0497959 0.1462337 0.0452527 0.0257332 0.0143360 0.0200452 0.0468473 0.0080195 0.0078194 0.1815157 0.0905271 0.1197327 0.0021871 0.0055145 0.0282395
  6 G   6 0.0898385 0.0394529 0.1099176 0.0429709 0.0018798 0.0456940 0.0974184 0.0709798 0.0352830 0.0156750 0.0149842 0.0427562 0.0123031 0.0167852 0.1630788 0.0855097 0.0440789 0.0014598 0.0412618 0.0286724
  7 K   7 0.0367608 0.1826383 0.0466129 0.0201354 0.0305623 0.0505358 0.0185692 0.0169669 0.0695620 0.0249396 0.0246622 0.0945492 0.0078305 0.0371041 0.1272901 0.0680086 0.0514891 0.0068625 0.0141248 0.0707955
  8 T   8 0.0504468 0.0188422 0.0653352 0.0285179 0.0142125 0.0383760 0.0749501 0.0191283 0.0233961 0.0101790 0.0164323 0.0521267 0.0065430 0.0046071 0.0951415 0.1055796 0.3209077 0.0012708 0.0037772 0.0502302
  9 C   9 0.0018498 0.0013312 0.0015543 0.0013942 0.9852849 0.0000000 0.0000000 0.0015977 0.0000000 0.0000000 0.0000000 0.0000000 0.0000000 0.0000000 0.0025515 0.0012586 0.0031778 0.0000000 0.0000000 0.0000000
 10 G  10 0.0660226 0.0832738 0.0438273 0.0650902 0.0031794 0.0541870 0.0563573 0.0867369 0.0255636 0.0030437 0.0501879 0.0448616 0.0057011 0.0124788 0.1340378 0.1722775 0.0729009 0.0007736 0.0103865 0.0091126
 11 P  11 0.1052905 0.0253686 0.0288193 0.0639182 0.0017274 0.0256016 0.1086423 0.0323914 0.0108284 0.0116764 0.0298123 0.0397516 0.0082829 0.0067660 0.2810322 0.1362048 0.0351673 0.0023910 0.0178904 0.0284373
 12 S  12 0.0253735 0.0226631 0.1529631 0.1917473 0.0011960 0.0174964 0.0488827 0.2092726 0.0330831 0.0015882 0.0128760 0.0214512 0.0109611 0.0170314 0.0124819 0.0976553 0.0759056 0.0200168 0.0234203 0.0039344
 13 S  13 0.0200158 0.0172771 0.0168965 0.0441048 0.0018254 0.3020496 0.3234214 0.0063129 0.0449202 0.0023199 0.0116539 0.0421414 0.0234343 0.0194823 0.0010937 0.0419308 0.0351505 0.0091007 0.0341880 0.0026808
 14 F  14 0.0092936 0.0082609 0.0008083 0.0008163 0.0000000 0.0060548 0.0024141 0.0015674 0.0214419 0.0213197 0.0214650 0.0063639 0.0100014 0.7735388 0.0000000 0.0028047 0.0048780 0.0370485 0.0587488 0.0131739
 15 S  15 0.0573251 0.1913047 0.0091681 0.0065828 0.0016745 0.2209852 0.0343649 0.0049593 0.0423949 0.0044466 0.0433894 0.1071034 0.0268589 0.0067748 0.0373083 0.0443385 0.1303667 0.0011536 0.0110171 0.0184833
 16 C  16 0.0026450 0.0000000 0.0000000 0.0000000 0.9888894 0.0000000 0.0000000 0.0000000 0.0000000 0.0000000 0.0000000 0.0000000 0.0000000 0.0000000 0.0018586 0.0000000 0.0023868 0.0000000 0.0016822 0.0025380
 17 P  17 0.1346738 0.0922910 0.0277801 0.1222682 0.0079511 0.0517290 0.0433899 0.0856127 0.0306893 0.0096430 0.0404516 0.1012722 0.0096862 0.0064023 0.0807952 0.0743317 0.0402571 0.0018227 0.0064524 0.0325004
 18 G  18 0.0169695 0.0188472 0.4848582 0.0786611 0.0016975 0.0076870 0.0295757 0.0959386 0.0116013 0.0065934 0.0081637 0.0145972 0.0080195 0.0024052 0.0056474 0.1213275 0.0654606 0.0011252 0.0085533 0.0122708
 19 T  19 0.0077050 0.0262372 0.1400171 0.1689856 0.0010752 0.0131376 0.0218630 0.1283255 0.0081668 0.0036778 0.0201394 0.0285197 0.0037691 0.0011144 0.0149422 0.2811642 0.1190411 0.0009497 0.0044158 0.0067535
 20 H  20 0.0164139 0.0521639 0.0439207 0.0185360 0.0016706 0.0304264 0.0277928 0.5470729 0.0424684 0.0076089 0.0143466 0.0607067 0.0023850 0.0085285 0.0053196 0.0616194 0.0367699 0.0024587 0.0139134 0.0058778
 21 V  21 0.0304877 0.2326627 0.0306891 0.0312279 0.0096350 0.0968700 0.0733302 0.0094735 0.0602736 0.0346538 0.0517345 0.1318246 0.0111859 0.0177771 0.0053977 0.0379151 0.0571698 0.0039520 0.0227311 0.0510088
 22 C  22 0.0000000 0.0000000 0.0010563 0.0017682 0.9728521 0.0047869 0.0000000 0.0000000 0.0000000 0.0027829 0.0074653 0.0000000 0.0000000 0.0021189 0.0013188 0.0018361 0.0026169 0.0000000 0.0013976 0.0000000
 23 V  23 0.0040969 0.0023979 0.0007668 0.0000000 0.0000000 0.0020120 0.0000000 0.0009227 0.0008409 0.6962506 0.0714560 0.0091829 0.0032788 0.0062160 0.0000000 0.0016672 0.0101910 0.0000000 0.0248311 0.1658893
 24 P  24 0.0499467 0.0288095 0.0452112 0.0517256 0.0027653 0.0277615 0.0212827 0.0062539 0.0324628 0.0034013 0.0357955 0.0171431 0.0066181 0.0139164 0.4882193 0.1207663 0.0228005 0.0028178 0.0162787 0.0060239
 25 E  25 0.0675016 0.0891430 0.0446251 0.0261020 0.0000000 0.0783370 0.0635973 0.0547764 0.0198937 0.0418039 0.1036361 0.1476809 0.0308875 0.0150750 0.0431320 0.1047526 0.0169261 0.0089705 0.0199901 0.0231693
 26 R  26 0.0788512 0.0935628 0.0467205 0.0530296 0.0006205 0.0344794 0.0666213 0.0227830 0.0466913 0.0231302 0.0339057 0.0443203 0.0078152 0.0249206 0.0108398 0.2481691 0.0692663 0.0336671 0.0309873 0.0296187
 27 W  27 0.0291583 0.0366539 0.0132656 0.0113861 0.0006473 0.0771384 0.0152274 0.0041752 0.0118146 0.0007589 0.0833740 0.0786071 0.0146563 0.0845208 0.0010852 0.0255410 0.0033169 0.4266403 0.0718729 0.0101598
 28 L  28 0.0182352 0.2546158 0.0020989 0.0000000 0.0006528 0.0690616 0.0147093 0.0011506 0.0390017 0.0529113 0.1095928 0.1167578 0.0229713 0.0181880 0.0019591 0.0026296 0.0171558 0.0122813 0.0147200 0.2313072
 29 C  29 0.0000000 0.0000000 0.0036051 0.0000000 0.9843511 0.0065465 0.0000000 0.0000000 0.0016509 0.0000000 0.0000000 0.0000000 0.0000000 0.0000000 0.0000000 0.0000000 0.0000000 0.0018760 0.0019704 0.0000000
 30 D  30 0.0000000 0.0000000 0.1413058 0.8514904 0.0000000 0.0000000 0.0031467 0.0000000 0.0000000 0.0000000 0.0000000 0.0000000 0.0000000 0.0000000 0.0000000 0.0040571 0.0000000 0.0000000 0.0000000 0.0000000
 31 G  31 0.0061188 0.0412635 0.0355656 0.0173671 0.0000000 0.0233185 0.0178656 0.6991926 0.0327656 0.0007934 0.0096098 0.0187447 0.0057111 0.0224778 0.0000000 0.0317427 0.0123237 0.0038587 0.0162668 0.0050141
 32 D  32 0.0245133 0.0468994 0.0335544 0.2051958 0.0000000 0.0657280 0.1597184 0.0048120 0.0577867 0.0673693 0.0148164 0.0442754 0.0151585 0.0314239 0.0000000 0.0237389 0.0446932 0.0123448 0.0387295 0.1092422
 33 K  33 0.0639555 0.0656844 0.2049342 0.1656837 0.0081322 0.0296205 0.0351511 0.0029406 0.0119754 0.0297655 0.0228278 0.0729006 0.0091879 0.0211573 0.1077062 0.0424733 0.0269645 0.0053801 0.0233963 0.0501629
 34 D  34 0.0015560 0.0011347 0.0368567 0.8620642 0.0000000 0.0222842 0.0360534 0.0000000 0.0321698 0.0007815 0.0000000 0.0000000 0.0000000 0.0016821 0.0000000 0.0015136 0.0019208 0.0000000 0.0009368 0.0010461
 35 C  35 0.0000000 0.0000000 0.0000000 0.0000000 0.9951148 0.0000000 0.0000000 0.0000000 0.0000000 0.0000000 0.0000000 0.0000000 0.0000000 0.0048852 0.0000000 0.0000000 0.0000000 0.0000000 0.0000000 0.0000000
 36 A  36 0.0717471 0.0590379 0.0190148 0.0351585 0.0096234 0.0309052 0.0691224 0.2469615 0.0198892 0.0171755 0.0481134 0.0476092 0.0094435 0.0161082 0.1292180 0.0974846 0.0244923 0.0047339 0.0106014 0.0335597
 37 D  37 0.0021352 0.0040469 0.0619052 0.8688777 0.0000000 0.0031980 0.0071758 0.0150795 0.0055738 0.0012510 0.0032365 0.0022047 0.0021522 0.0029271 0.0008400 0.0121458 0.0033336 0.0009066 0.0030104 0.0000000
 38 G  38 0.0461777 0.0320738 0.1342256 0.0177809 0.0000000 0.0188635 0.0195941 0.5393846 0.0438671 0.0037593 0.0118279 0.0273101 0.0265006 0.0174146 0.0000000 0.0278889 0.0028185 0.0090133 0.0198862 0.0016136
 39 A  39 0.0475563 0.0130462 0.0017978 0.0130042 0.0010844 0.0070745 0.0760137 0.0050737 0.0012936 0.0059146 0.0074140 0.0057515 0.0020399 0.0065319 0.0000000 0.7398027 0.0570371 0.0028399 0.0039338 0.0027903
 40 D  40 0.0000000 0.0000000 0.0040787 0.9877750 0.0000000 0.0000000 0.0021145 0.0000000 0.0021108 0.0000000 0.0000000 0.0000000 0.0039210 0.0000000 0.0000000 0.0000000 0.0000000 0.0000000 0.0000000 0.0000000
 41 E  41 0.0000000 0.0000000 0.0000000 0.0020865 0.0000000 0.0000000 0.9889247 0.0000000 0.0000000 0.0030534 0.0000000 0.0020133 0.0000000 0.0000000 0.0000000 0.0039222 0.0000000 0.0000000 0.0000000 0.0000000
 42 S  42 0.0960553 0.0732969 0.0391820 0.0798003 0.0000000 0.0689883 0.1076289 0.0172154 0.0243737 0.0390745 0.1051079 0.0794101 0.0283730 0.0121764 0.0301377 0.0840598 0.0431524 0.0128280 0.0128972 0.0462422
 43 I  43 0.0304574 0.0119907 0.2722306 0.1504924 0.0171716 0.0336815 0.0462351 0.1522744 0.0501412 0.0106617 0.0216711 0.0204563 0.0049058 0.0088180 0.0766289 0.0538664 0.0162429 0.0000000 0.0129731 0.0091010
 44 A  44 0.0247550 0.0112293 0.0363743 0.0121810 0.7422513 0.0127936 0.0588513 0.0098223 0.0101563 0.0036453 0.0067205 0.0063805 0.0044977 0.0033853 0.0026550 0.0258517 0.0203459 0.0007082 0.0009729 0.0064225
 45 A  45 0.0845603 0.0200871 0.0340023 0.0509487 0.0634280 0.0400692 0.0654028 0.0790641 0.0297037 0.0210936 0.0219655 0.0186258 0.0055038 0.0085154 0.1868503 0.0838148 0.0929638 0.0037207 0.0088887 0.0807913
 46 G  46 0.0406099 0.0193731 0.0749619 0.0410236 0.1256742 0.0308737 0.0368351 0.0872432 0.0080442 0.0057881 0.0159787 0.0410015 0.0084769 0.0098014 0.0702179 0.0830026 0.2673671 0.0033822 0.0077805 0.0225640
 47 C  47 0.0129235 0.0113952 0.0257439 0.0128790 0.7739497 0.0018095 0.0099180 0.0094799 0.0084241 0.0071658 0.0169022 0.0087510 0.0036212 0.0027276 0.0201038 0.0246489 0.0286800 0.0023868 0.0018113 0.0166784
 48 L  48 0.0790238 0.1112923 0.0399831 0.0405907 0.0081363 0.0619609 0.0548541 0.0678443 0.0229627 0.0073330 0.0480203 0.0496672 0.0115472 0.0099753 0.1235080 0.1395056 0.0901698 0.0022232 0.0090849 0.0223172
 49 Y  49 0.0974092 0.0180487 0.0346658 0.0604281 0.0468026 0.0293579 0.0968887 0.0367162 0.0280323 0.0170014 0.0317721 0.0285940 0.0074240 0.0322364 0.2227249 0.1176790 0.0352865 0.0021366 0.0216110 0.0351847
 50 N  50 0.0190969 0.0207831 0.1762771 0.1924272 0.0070432 0.0205525 0.0572310 0.1229503 0.0367683 0.0044110 0.0138448 0.0198056 0.0111670 0.0225022 0.0466254 0.1011143 0.0909738 0.0114439 0.0166743 0.0083079
 51 S  51 0.0290693 0.0297935 0.0367213 0.0422536 0.0465213 0.2372217 0.2839314 0.0206658 0.0322609 0.0084774 0.0145911 0.0500243 0.0178664 0.0136420 0.0102482 0.0482998 0.0388252 0.0045120 0.0245369 0.0105380
 52 T  52 0.0110057 0.0154850 0.0103804 0.0105646 0.0257148 0.0085447 0.0059723 0.0221379 0.0264072 0.0267693 0.0300027 0.0126848 0.0094776 0.5979853 0.0058178 0.0279959 0.0445023 0.0144790 0.0774364 0.0166360
 53 G  53 0.0513188 0.1495081 0.0136217 0.0268854 0.0169632 0.1656373 0.0450677 0.0298892 0.0444058 0.0086501 0.0444439 0.1092817 0.0191950 0.0066308 0.0459373 0.0511045 0.1362528 0.0030634 0.0096922 0.0224510
 54 S  54 0.0035909 0.0036849 0.0070038 0.0046117 0.8347046 0.0053210 0.0043595 0.0057899 0.0027246 0.0062663 0.0159191 0.0037201 0.0028014 0.0310600 0.0177095 0.0215248 0.0218825 0.0040722 0.0016180 0.0016353
 55 G  55 0.1074389 0.0642879 0.0939749 0.1009319 0.0077096 0.0623065 0.0458547 0.1237579 0.0246558 0.0064883 0.0418049 0.0819134 0.0019704 0.0046666 0.0804738 0.0830380 0.0419189 0.0013026 0.0053448 0.0201602
 56 S  56 0.0367376 0.0156524 0.3371750 0.1182376 0.0458124 0.0084143 0.0222315 0.0500430 0.0258834 0.0089053 0.0149141 0.0144198 0.0022528 0.0156016 0.0155232 0.1781802 0.0591808 0.0080357 0.0145353 0.0082641
 57 G  57 0.0319646 0.0351066 0.0315279 0.0354568 0.0037279 0.0202933 0.0241592 0.5509546 0.0296947 0.0028989 0.0086153 0.0295843 0.0026338 0.0040477 0.0212293 0.0722157 0.0791158 0.0007184 0.0061993 0.0098559
 58 S  58 0.0591107 0.0536938 0.1139224 0.0888909 0.0489484 0.0499125 0.0699034 0.0796233 0.0161543 0.0180743 0.0268477 0.0731439 0.0090153 0.0246268 0.0266159 0.1224128 0.0907347 0.0018530 0.0136874 0.0128284
 59 G  59 0.0345968 0.0970447 0.0342313 0.0229749 0.2096102 0.0504840 0.0399589 0.0556887 0.0471022 0.0332573 0.0341404 0.0679841 0.0203489 0.0560612 0.0194078 0.0429769 0.0458692 0.0187061 0.0286407 0.0409158
 60 S  60 0.0141164 0.0720661 0.0188697 0.0097440 0.4603610 0.0521240 0.0387532 0.0110401 0.0325932 0.0543278 0.0230452 0.0440255 0.0185526 0.0266048 0.0125972 0.0389229 0.0248298 0.0007003 0.0123025 0.0344236
 61 T  61 0.0160272 0.0097100 0.0584034 0.0981696 0.3163901 0.0137847 0.0090302 0.0145062 0.0164380 0.2076774 0.0308113 0.0113880 0.0095261 0.0316112 0.0204417 0.0435884 0.0168804 0.0050347 0.0153454 0.0552361
 62 E  62 0.0274952 0.0328976 0.0257789 0.0362799 0.0756432 0.0471361 0.0306061 0.1297655 0.0231125 0.1760626 0.0497394 0.0248873 0.0141360 0.0139627 0.1384080 0.0627982 0.0132057 0.0044340 0.0187910 0.0548599
 63 E  63 0.0471178 0.0772181 0.0803612 0.1217810 0.0449284 0.0675836 0.0563165 0.0279541 0.0360286 0.0272876 0.0196881 0.0879499 0.0135766 0.0156066 0.1594110 0.0595001 0.0315831 0.0038746 0.0081698 0.0140632
 64 L  64 0.0686597 0.0677713 0.0802783 0.0378980 0.0171345 0.0368195 0.0398167 0.0726041 0.0191727 0.0336727 0.0917979 0.0679925 0.0112974 0.0180726 0.0431909 0.1552390 0.0621012 0.0086841 0.0205750 0.0472220
 65 R  65 0.0221915 0.1090330 0.0669144 0.1648479 0.0024542 0.0386376 0.0531297 0.0398495 0.0222797 0.0200340 0.0250307 0.0350683 0.0087360 0.0151803 0.0128209 0.1204097 0.0339605 0.1549577 0.0249007 0.0295639
 66 V  66 0.0233717 0.0258446 0.0214906 0.0297594 0.2145921 0.0343479 0.0126042 0.0605752 0.0072242 0.0180896 0.0670613 0.0414013 0.0025236 0.0766872 0.0161478 0.0164340 0.0184706 0.1525425 0.0492117 0.1116202
 67 R  67 0.0216066 0.2321863 0.0145119 0.0517400 0.1816692 0.0573804 0.0700319 0.0233844 0.0454019 0.0280681 0.0373833 0.0998920 0.0178613 0.0057960 0.0093669 0.0222409 0.0089500 0.0091054 0.0097958 0.0536278
 68 L  68 0.0032887 0.0059405 0.0550930 0.2697766 0.5805758 0.0055111 0.0031915 0.0133257 0.0018201 0.0032355 0.0270127 0.0049578 0.0009452 0.0011534 0.0039786 0.0127937 0.0014846 0.0000000 0.0023331 0.0035825
 69 A  69 0.0355878 0.0129486 0.0195076 0.3357805 0.0097294 0.0033404 0.0082088 0.2697671 0.0181475 0.1611808 0.0207836 0.0105199 0.0069144 0.0130467 0.0024306 0.0261350 0.0073623 0.0000000 0.0122610 0.0263481
 70 S  70 0.0168125 0.0244760 0.0369347 0.0679352 0.0164590 0.0415849 0.0479176 0.2223879 0.0158133 0.0167398 0.0220454 0.0211832 0.0056367 0.0055501 0.1036931 0.2693883 0.0228064 0.0049951 0.0168300 0.0208108
 71 H  71 0.0185319 0.0470379 0.0787562 0.3589644 0.0072515 0.0276917 0.0797692 0.0184690 0.0752019 0.0051631 0.0316657 0.0561371 0.0083245 0.0167400 0.0683029 0.0439691 0.0083886 0.0037694 0.0349080 0.0109579
 72 L  72 0.0330095 0.0310333 0.0419284 0.1332734 0.0248172 0.0467614 0.3236173 0.0363454 0.0256339 0.0196789 0.0385843 0.0522329 0.0018102 0.0078972 0.0097347 0.1036492 0.0255556 0.0120050 0.0131062 0.0193259
 73 R  73 0.0428931 0.0739174 0.0265829 0.1344984 0.1490254 0.0584049 0.0458491 0.0159506 0.0243573 0.0083841 0.0322087 0.1038773 0.0087314 0.0572858 0.0214665 0.0351109 0.0149494 0.0930260 0.0433263 0.0101546
 74 K  74 0.0155247 0.0658705 0.1207369 0.1923900 0.0464732 0.0440505 0.0897708 0.0466255 0.0313898 0.0204232 0.0580092 0.0392469 0.0107300 0.0094166 0.0402075 0.0506161 0.0333927 0.0037602 0.0091262 0.0722395
 75 L  75 0.0286127 0.0111110 0.0070812 0.1261962 0.6461245 0.0207143 0.0488913 0.0251819 0.0118430 0.0026206 0.0076490 0.0181981 0.0038851 0.0029168 0.0040574 0.0122353 0.0048668 0.0014423 0.0133816 0.0029908
 76 R  76 0.0222846 0.0662012 0.1235976 0.2971682 0.0041748 0.0391787 0.0440752 0.0749808 0.0211896 0.0149686 0.0443394 0.0392918 0.0177730 0.0044764 0.0534710 0.0570449 0.0322944 0.0018800 0.0016996 0.0399102
 77 K  77 0.0281210 0.0176944 0.0344125 0.1967069 0.1030835 0.0493104 0.0397606 0.1871614 0.0363584 0.0069577 0.0064594 0.0452231 0.0073803 0.0081704 0.0353856 0.1293989 0.0526616 0.0080250 0.0014263 0.0063026
 78 R  78 0.0122608 0.1218842 0.0610948 0.2473644 0.0265862 0.0407341 0.1201701 0.0785487 0.0134286 0.0242261 0.0072217 0.0835340 0.0056322 0.0025877 0.0094486 0.0413134 0.0722267 0.0010565 0.0160685 0.0146126
 79 L  79 0.0384447 0.0338038 0.0550396 0.1070996 0.0699913 0.0306328 0.1874862 0.0141251 0.0107363 0.0407131 0.0588058 0.0270744 0.0381134 0.0302267 0.0424877 0.1025159 0.0426006 0.0043040 0.0219072 0.0438918
 80 L  80 0.0312562 0.0373682 0.0431013 0.3378567 0.0918765 0.0214500 0.0554204 0.0307170 0.0273550 0.0459734 0.0480154 0.0458293 0.0124966 0.0172794 0.0351277 0.0397618 0.0278802 0.0129172 0.0091652 0.0291525
 81 G  81 0.0414760 0.0033121 0.0847082 0.0493317 0.2643121 0.0190885 0.1450499 0.1765390 0.0045580 0.0119551 0.0105754 0.0254028 0.0077167 0.0038699 0.0430183 0.0439741 0.0507387 0.0010035 0.0015928 0.0117771
 82 S  82 0.0505974 0.0317409 0.0460090 0.0984774 0.2996820 0.0420659 0.0646371 0.0619705 0.0109434 0.0066783 0.0207805 0.0152907 0.0205042 0.0073554 0.0714346 0.0796039 0.0406384 0.0009129 0.0074740 0.0232033
 83 Y  83 0.0368350 0.0555984 0.1049825 0.2176651 0.0244241 0.0226190 0.0496997 0.0846979 0.0617064 0.0142398 0.0241020 0.0330291 0.0031287 0.0162133 0.0263913 0.1108544 0.0576796 0.0015005 0.0375351 0.0170981
 84 T  84 0.0573115 0.0118931 0.0389288 0.0280866 0.2107138 0.0099829 0.0579259 0.1931882 0.0085611 0.0171010 0.0195320 0.0106091 0.0073940 0.0137848 0.0586651 0.1563687 0.0732022 0.0026290 0.0101727 0.0139495
 85 E  85 0.0346506 0.0354807 0.0596353 0.2171005 0.0452971 0.0551511 0.1557267 0.0378548 0.0175511 0.0018236 0.0071045 0.0282676 0.0025364 0.0048892 0.0343921 0.2090034 0.0446747 0.0027612 0.0040812 0.0020181
 86 E  86 0.0235292 0.0191823 0.0777040 0.2280153 0.0591525 0.0908584 0.2989155 0.0251463 0.0141928 0.0064662 0.0150084 0.0362694 0.0019401 0.0050794 0.0351856 0.0273782 0.0162594 0.0042524 0.0054336 0.0100311
 87 L  87 0.0365021 0.0434385 0.0157552 0.0305380 0.0517435 0.0197441 0.1851471 0.0125013 0.0173822 0.0627156 0.1136762 0.0147405 0.0250211 0.2290386 0.0208138 0.0319400 0.0176286 0.0058120 0.0162281 0.0496334
 88 R  88 0.0363241 0.1810560 0.0681831 0.0375766 0.0414400 0.0723248 0.0755318 0.0508646 0.0373476 0.0047229 0.0284451 0.1034385 0.0122427 0.0033463 0.0467886 0.0861934 0.0828670 0.0055359 0.0018566 0.0239144
 89 V  89 0.0811122 0.0083512 0.0155159 0.0206995 0.5438875 0.0108506 0.0067437 0.0439608 0.0213682 0.0172849 0.0307147 0.0100233 0.0035453 0.0467545 0.0302644 0.0401518 0.0255800 0.0000000 0.0130595 0.0301320
 90 R  90 0.0543344 0.1881297 0.0421479 0.1053537 0.0147659 0.0631764 0.0713999 0.0909921 0.0176625 0.0144207 0.0163645 0.0788928 0.0109767 0.0142124 0.0565127 0.0908097 0.0462842 0.0000000 0.0171065 0.0064573
 91 L  91 0.0172257 0.0406607 0.0643062 0.0732851 0.2979971 0.0036315 0.0119106 0.0186616 0.0042695 0.0204141 0.1280431 0.0158595 0.0144102 0.0384284 0.0432559 0.0864596 0.0469173 0.0099626 0.0196709 0.0446304
 92 A  92 0.0965046 0.0287431 0.0442759 0.0979870 0.0814718 0.0285801 0.0716676 0.1933687 0.0119409 0.0191106 0.0144499 0.0691929 0.0132333 0.0159421 0.0219610 0.1143325 0.0445373 0.0033500 0.0214552 0.0078957
 93 S  93 0.0692919 0.0258798 0.1195498 0.0571544 0.0053039 0.1308219 0.0420193 0.0280772 0.0468233 0.0168543 0.0230203 0.0541661 0.0111952 0.0137770 0.0097248 0.2234480 0.0742810 0.0022943 0.0354933 0.0108242
 94 H  94 0.0064273 0.0980090 0.0160627 0.0364009 0.2468759 0.0347340 0.0190090 0.0078211 0.2218695 0.0037582 0.0124040 0.0628448 0.0038165 0.1485502 0.0088870 0.0147935 0.0331666 0.0077333 0.0130631 0.0037735
 95 L  95 0.0071485 0.1086481 0.0195524 0.0054795 0.1584242 0.0893855 0.0122306 0.0115235 0.0027239 0.1989939 0.1265528 0.0139951 0.0183077 0.0300633 0.0168780 0.0137355 0.0739897 0.0000000 0.0099335 0.0824343
 96 R  96 0.0140831 0.1260750 0.0052288 0.0052360 0.4133578 0.0181523 0.0394214 0.0092588 0.0284408 0.0597088 0.0172802 0.0552418 0.0111339 0.0078264 0.0878822 0.0602307 0.0046863 0.0000000 0.0110363 0.0257195
 97 K  97 0.0282063 0.0523852 0.1037995 0.0890333 0.0215519 0.0459815 0.1259995 0.0702605 0.0112460 0.0286000 0.0108205 0.2220101 0.0115842 0.0152056 0.0773927 0.0313883 0.0225228 0.0038077 0.0038711 0.0243331
 98 L  98 0.0488125 0.0368801 0.1796392 0.0556291 0.0126099 0.0622865 0.0143907 0.0752826 0.0314795 0.0469994 0.1559723 0.0443143 0.0290315 0.0162096 0.0257988 0.0720818 0.0404646 0.0000000 0.0137993 0.0383184
 99 R  99 0.0099013 0.3436396 0.1399581 0.0640989 0.0000000 0.0271879 0.0667140 0.0357445 0.0316153 0.0052078 0.0000000 0.1087196 0.0000000 0.0042782 0.0059700 0.0571079 0.0738644 0.0075728 0.0184197 0.0000000
100 K 100 0.0444608 0.1075479 0.0238318 0.0089675 0.0056997 0.2626386 0.0268280 0.0600733 0.0191787 0.0094341 0.0159603 0.2570344 0.0055546 0.0160480 0.0074914 0.0145128 0.0419748 0.0448743 0.0230051 0.0048839
101 R 101 0.0085707 0.5028267 0.0139463 0.0222889 0.0000000 0.1335214 0.0637647 0.0000000 0.0133318 0.0000000 0.0216013 0.1135948 0.0103493 0.0244456 0.0000000 0.0418190 0.0220761 0.0000000 0.0000000 0.0078633
102 L 102 0.0000000 0.0000000 0.0000000 0.0000000 0.7462849 0.0000000 0.0000000 0.0000000 0.0215089 0.1119539 0.0467142 0.0000000 0.0151084 0.0284144 0.0000000 0.0000000 0.0000000 0.0000000 0.0144830 0.0155324
103 L 103 0.0000000 0.0000000 0.0000000 0.0000000 0.0000000 0.0000000 0.0000000 0.0000000 0.0000000 0.5715572 0.2407356 0.0000000 0.0501543 0.0000000 0.0000000 0.0000000 0.0000000 0.0000000 0.0000000 0.1375528
