  103         A         R         N         D         C         Q         E         G         H         I         L         K         M         F         P         S         T         W         Y         V         X    
  1 G   1 0.0165996 0.0000000 0.0000000 0.0000000 0.0000000 0.0000000 0.0000000 0.0616607 0.0000000 0.0000000 0.0000000 0.0000000 0.0000000 0.0000000 0.0000000 0.0000000 0.0000000 0.0000000 0.0000000 0.0000000 0.9217397
  2 S   2 0.0597186 0.0000000 0.0079561 0.0064892 0.0727250 0.0007160 0.0758748 0.0006932 0.0006523 0.0009100 0.0007948 0.0017022 0.0000000 0.0010282 0.0022953 0.0715089 0.0034466 0.0000000 0.0006589 0.0000000 0.6928298
  3 K   3 0.0075521 0.0124430 0.1375545 0.0356432 0.0018298 0.0208050 0.0106486 0.0115773 0.0380356 0.0061415 0.0068193 0.0292525 0.0099436 0.0057636 0.0162228 0.0333910 0.0194957 0.0014706 0.0102769 0.0103581 0.5747754
  4 L   4 0.0113744 0.0105589 0.0076520 0.0025492 0.4081503 0.0034251 0.0210591 0.0031606 0.0012211 0.0022261 0.0053035 0.0045040 0.0013384 0.0046857 0.0033977 0.0242048 0.0300069 0.0006925 0.0007441 0.0021628 0.4515828
  5 E   5 0.0461375 0.0188907 0.0191712 0.0413206 0.0029923 0.0337326 0.0972061 0.0285450 0.0166724 0.0090526 0.0128179 0.0302436 0.0049437 0.0049907 0.1169377 0.0595230 0.0764672 0.0013574 0.0035709 0.0180306 0.3573963
  6 G   6 0.0633122 0.0278491 0.0787314 0.0260308 0.0013341 0.0342841 0.0674068 0.0507049 0.0243124 0.0107544 0.0107098 0.0304094 0.0086421 0.0118588 0.1147659 0.0611151 0.0314310 0.0010588 0.0288093 0.0195981 0.2968814
  7 K   7 0.0277962 0.1314573 0.0349191 0.0159427 0.0223017 0.0373219 0.0138659 0.0124546 0.0532845 0.0185720 0.0199870 0.0695798 0.0058686 0.0268285 0.0946909 0.0504063 0.0376802 0.0049757 0.0106159 0.0520698 0.2593813
  8 T   8 0.0410989 0.0154535 0.0525771 0.0227292 0.0112812 0.0309997 0.0611738 0.0167414 0.0195674 0.0082262 0.0131312 0.0381014 0.0052176 0.0036981 0.0795274 0.0855079 0.2578389 0.0010056 0.0030658 0.0405147 0.1925430
  9 C   9 0.0016033 0.0011452 0.0013426 0.0012006 0.9178320 0.0000000 0.0000000 0.0013894 0.0000000 0.0000000 0.0000000 0.0000000 0.0000000 0.0000000 0.0022540 0.0010819 0.0028511 0.0000000 0.0000000 0.0000000 0.0693000
 10 G  10 0.0621777 0.0793890 0.0408739 0.0564800 0.0027774 0.0521819 0.0517002 0.0799949 0.0236912 0.0027970 0.0481283 0.0417493 0.0054550 0.0116050 0.1255220 0.1613409 0.0692169 0.0007093 0.0094955 0.0081759 0.0665388
 11 P  11 0.1013345 0.0236586 0.0270335 0.0617567 0.0016318 0.0243722 0.1001536 0.0304177 0.0104811 0.0111563 0.0281957 0.0371038 0.0076737 0.0064241 0.2682812 0.1285887 0.0335927 0.0023047 0.0172171 0.0266944 0.0519280
 12 S  12 0.0239782 0.0214441 0.1471104 0.1841739 0.0011087 0.0165425 0.0478594 0.2012658 0.0331019 0.0014909 0.0123893 0.0204284 0.0102814 0.0162364 0.0115304 0.0929355 0.0687836 0.0184258 0.0220964 0.0037846 0.0450325
 13 S  13 0.0193280 0.0165157 0.0165286 0.0420340 0.0016273 0.2909251 0.3150291 0.0057733 0.0430344 0.0021076 0.0111364 0.0400297 0.0219909 0.0187529 0.0010153 0.0399810 0.0328831 0.0087255 0.0330760 0.0025730 0.0369329
 14 F  14 0.0090728 0.0080928 0.0007711 0.0007831 0.0000000 0.0057117 0.0021189 0.0014732 0.0208660 0.0205045 0.0211855 0.0061301 0.0096383 0.7564600 0.0000000 0.0026620 0.0047421 0.0360023 0.0571523 0.0128537 0.0237796
 15 S  15 0.0568826 0.1886043 0.0089929 0.0065939 0.0015716 0.2173348 0.0342946 0.0046569 0.0408496 0.0043185 0.0440852 0.1063667 0.0265428 0.0065862 0.0367473 0.0436431 0.1233535 0.0011686 0.0106928 0.0185215 0.0181929
 16 C  16 0.0023740 0.0000000 0.0000000 0.0000000 0.9778706 0.0000000 0.0000000 0.0000000 0.0000000 0.0000000 0.0000000 0.0000000 0.0000000 0.0000000 0.0016216 0.0000000 0.0021189 0.0000000 0.0014578 0.0022722 0.0122849
 17 P  17 0.1150120 0.0796002 0.0245626 0.1033016 0.0060584 0.0434458 0.0365090 0.0728895 0.0279032 0.0081515 0.0341832 0.0857320 0.0082888 0.0054313 0.0671688 0.0643912 0.0304331 0.0016385 0.0054537 0.0277770 0.1520688
 18 G  18 0.0108491 0.0164562 0.4228581 0.0682896 0.0013514 0.0067457 0.0249586 0.0843437 0.0101049 0.0057890 0.0073807 0.0129084 0.0066920 0.0020998 0.0052852 0.1054938 0.0575652 0.0009914 0.0075142 0.0118499 0.1304730
 19 T  19 0.0060554 0.0202246 0.1048661 0.1309362 0.0008044 0.0100082 0.0169324 0.0978814 0.0069177 0.0028726 0.0155047 0.0217453 0.0028433 0.0008636 0.0114568 0.2186977 0.0922749 0.0007148 0.0035213 0.0049504 0.2299282
 20 H  20 0.0149367 0.0476323 0.0421963 0.0171665 0.0015228 0.0272496 0.0255688 0.5025837 0.0382244 0.0070108 0.0130049 0.0512593 0.0021975 0.0077570 0.0048732 0.0557030 0.0334356 0.0022638 0.0127615 0.0052991 0.0873532
 21 V  21 0.0313754 0.2263193 0.0297549 0.0299294 0.0091067 0.0910076 0.0719128 0.0091238 0.0584854 0.0329858 0.0518780 0.1271542 0.0108953 0.0172093 0.0052782 0.0370139 0.0551644 0.0037819 0.0215402 0.0500315 0.0300521
 22 C  22 0.0000000 0.0000000 0.0010141 0.0016774 0.9699040 0.0046160 0.0000000 0.0000000 0.0000000 0.0026725 0.0072610 0.0000000 0.0000000 0.0021110 0.0012572 0.0017567 0.0025381 0.0000000 0.0013192 0.0000000 0.0038728
 23 V  23 0.0042052 0.0023951 0.0007323 0.0000000 0.0000000 0.0019633 0.0000000 0.0008866 0.0008027 0.6921347 0.0709937 0.0086566 0.0032491 0.0063429 0.0000000 0.0016039 0.0098860 0.0000000 0.0255098 0.1678884 0.0027496
 24 P  24 0.0504819 0.0286142 0.0446629 0.0519489 0.0026397 0.0273931 0.0211234 0.0065302 0.0324983 0.0032423 0.0360296 0.0171786 0.0066303 0.0140184 0.4844755 0.1223621 0.0227443 0.0027408 0.0157026 0.0056943 0.0032888
 25 E  25 0.0694340 0.0890176 0.0452563 0.0259393 0.0000000 0.0769687 0.0656636 0.0541123 0.0203168 0.0416895 0.1032161 0.1441278 0.0308618 0.0149892 0.0428433 0.1041631 0.0168505 0.0087107 0.0193734 0.0244872 0.0019789
 26 R  26 0.0784738 0.0939635 0.0464100 0.0530323 0.0006139 0.0357433 0.0664760 0.0235101 0.0467910 0.0229952 0.0335566 0.0406852 0.0076744 0.0245489 0.0108445 0.2479802 0.0692802 0.0328626 0.0304624 0.0297484 0.0043475
 27 W  27 0.0292299 0.0360264 0.0134556 0.0114671 0.0006270 0.0769562 0.0154322 0.0041095 0.0115825 0.0007483 0.0846647 0.0795205 0.0144322 0.0873371 0.0010444 0.0251184 0.0032653 0.4191324 0.0719355 0.0103242 0.0035905
 28 L  28 0.0175174 0.2551089 0.0021362 0.0000000 0.0006366 0.0686636 0.0146814 0.0010996 0.0393329 0.0549543 0.1050848 0.1160389 0.0226874 0.0178091 0.0019921 0.0026082 0.0169473 0.0119344 0.0147754 0.2324009 0.0035905
 29 C  29 0.0000000 0.0000000 0.0035822 0.0000000 0.9845898 0.0062934 0.0000000 0.0000000 0.0016855 0.0000000 0.0000000 0.0000000 0.0000000 0.0000000 0.0000000 0.0000000 0.0000000 0.0018800 0.0019691 0.0000000 0.0000000
 30 D  30 0.0000000 0.0000000 0.1422767 0.8504993 0.0000000 0.0000000 0.0031591 0.0000000 0.0000000 0.0000000 0.0000000 0.0000000 0.0000000 0.0000000 0.0000000 0.0040649 0.0000000 0.0000000 0.0000000 0.0000000 0.0000000
 31 G  31 0.0062099 0.0411736 0.0359477 0.0171899 0.0000000 0.0227429 0.0185869 0.6971175 0.0326858 0.0008178 0.0096756 0.0204676 0.0056369 0.0225962 0.0000000 0.0317610 0.0124522 0.0038660 0.0160146 0.0050578 0.0000000
 32 D  32 0.0241911 0.0481911 0.0330046 0.2006557 0.0000000 0.0665645 0.1596378 0.0048145 0.0579561 0.0691169 0.0145805 0.0450710 0.0144880 0.0318496 0.0000000 0.0236170 0.0450367 0.0128304 0.0388565 0.1095379 0.0000000
 33 K  33 0.0645442 0.0650157 0.2055335 0.1649797 0.0078368 0.0295103 0.0353953 0.0030215 0.0120020 0.0293804 0.0230224 0.0733833 0.0090038 0.0212950 0.1042998 0.0429189 0.0270479 0.0059213 0.0239068 0.0519814 0.0000000
 34 D  34 0.0016668 0.0011538 0.0366333 0.8614811 0.0000000 0.0223500 0.0356118 0.0000000 0.0331318 0.0008065 0.0000000 0.0000000 0.0000000 0.0016879 0.0000000 0.0015199 0.0019744 0.0000000 0.0009366 0.0010462 0.0000000
 35 C  35 0.0000000 0.0000000 0.0000000 0.0000000 0.9950773 0.0000000 0.0000000 0.0000000 0.0000000 0.0000000 0.0000000 0.0000000 0.0000000 0.0049227 0.0000000 0.0000000 0.0000000 0.0000000 0.0000000 0.0000000 0.0000000
 36 A  36 0.0721384 0.0590471 0.0192970 0.0345410 0.0091192 0.0314194 0.0695668 0.2457391 0.0200012 0.0175997 0.0476318 0.0471489 0.0095010 0.0156365 0.1316494 0.0987403 0.0253197 0.0062077 0.0107329 0.0289628 0.0000000
 37 D  37 0.0021090 0.0038023 0.0621790 0.8685148 0.0000000 0.0031469 0.0070565 0.0150850 0.0055499 0.0012083 0.0032525 0.0022104 0.0021000 0.0029482 0.0008101 0.0121925 0.0033155 0.0008755 0.0029764 0.0000000 0.0006671
 38 G  38 0.0444406 0.0323499 0.1347665 0.0177201 0.0000000 0.0189959 0.0197184 0.5347850 0.0439377 0.0037280 0.0124680 0.0274704 0.0284760 0.0172964 0.0000000 0.0287420 0.0028345 0.0090139 0.0216439 0.0016128 0.0000000
 39 A  39 0.0427603 0.0126493 0.0017877 0.0128510 0.0010588 0.0069264 0.0754856 0.0049186 0.0012825 0.0053909 0.0087131 0.0058020 0.0021430 0.0064077 0.0000000 0.7440335 0.0582144 0.0028417 0.0039794 0.0027539 0.0000000
 40 D  40 0.0000000 0.0000000 0.0034799 0.9866907 0.0000000 0.0000000 0.0018080 0.0000000 0.0018003 0.0000000 0.0000000 0.0000000 0.0033039 0.0000000 0.0000000 0.0000000 0.0000000 0.0000000 0.0000000 0.0000000 0.0029172
 41 E  41 0.0000000 0.0000000 0.0000000 0.0017691 0.0000000 0.0000000 0.9868562 0.0000000 0.0000000 0.0025887 0.0000000 0.0017193 0.0000000 0.0000000 0.0000000 0.0033039 0.0000000 0.0000000 0.0000000 0.0000000 0.0037628
 42 S  42 0.0959056 0.0734049 0.0337162 0.0777513 0.0000000 0.0678666 0.1067694 0.0169092 0.0243406 0.0384965 0.1037903 0.0789054 0.0279308 0.0123820 0.0295915 0.0833912 0.0426317 0.0124653 0.0125442 0.0460720 0.0151352
 43 I  43 0.0298808 0.0117876 0.2697476 0.1502921 0.0159315 0.0322032 0.0460770 0.1505383 0.0443437 0.0102196 0.0211862 0.0201026 0.0049081 0.0085296 0.0736142 0.0532442 0.0156298 0.0000000 0.0127363 0.0088704 0.0201570
 44 A  44 0.0238917 0.0107277 0.0343249 0.0124400 0.7251309 0.0123826 0.0572464 0.0089120 0.0057782 0.0035532 0.0077955 0.0061421 0.0042161 0.0032834 0.0025713 0.0248843 0.0193854 0.0006687 0.0009257 0.0060648 0.0296752
 45 A  45 0.0804497 0.0188657 0.0341906 0.0493274 0.0610647 0.0377496 0.0611493 0.0761970 0.0280898 0.0199936 0.0210859 0.0175300 0.0051922 0.0080961 0.1786086 0.0804492 0.0867431 0.0034560 0.0085522 0.0794639 0.0437453
 46 G  46 0.0377171 0.0181665 0.0701986 0.0389119 0.1168197 0.0287748 0.0343749 0.0820997 0.0073451 0.0053805 0.0144716 0.0376076 0.0078408 0.0093562 0.0640406 0.0775080 0.2485132 0.0045882 0.0072143 0.0211479 0.0679227
 47 C  47 0.0119103 0.0105441 0.0241137 0.0121785 0.7262716 0.0016672 0.0091539 0.0088832 0.0078421 0.0066153 0.0157890 0.0080618 0.0029263 0.0025116 0.0184670 0.0227530 0.0255831 0.0021681 0.0016874 0.0156151 0.0652576
 48 L  48 0.0731808 0.1039883 0.0376541 0.0384608 0.0074170 0.0586778 0.0533785 0.0629875 0.0216746 0.0068170 0.0446018 0.0464273 0.0106947 0.0093427 0.1158942 0.1306519 0.0834670 0.0020268 0.0083301 0.0206802 0.0636471
 49 Y  49 0.0921326 0.0168198 0.0320241 0.0586314 0.0434909 0.0275402 0.0914671 0.0337790 0.0259455 0.0159886 0.0296930 0.0275746 0.0069581 0.0302520 0.2093996 0.1094558 0.0327183 0.0020362 0.0198472 0.0321678 0.0620784
 50 N  50 0.0179944 0.0191583 0.1643643 0.1813125 0.0061185 0.0206191 0.0538702 0.1164651 0.0342840 0.0040351 0.0142779 0.0184422 0.0100362 0.0205707 0.0436315 0.0942112 0.0850198 0.0102564 0.0154449 0.0078280 0.0620597
 51 S  51 0.0273642 0.0265564 0.0345150 0.0387511 0.0429859 0.2228916 0.2678109 0.0189665 0.0316118 0.0078014 0.0136489 0.0465182 0.0162033 0.0127577 0.0096386 0.0458640 0.0359267 0.0041615 0.0228498 0.0098177 0.0633589
 52 T  52 0.0102285 0.0155785 0.0091344 0.0098363 0.0240508 0.0079631 0.0055041 0.0205600 0.0243637 0.0249315 0.0277730 0.0116353 0.0087293 0.5590569 0.0053109 0.0256275 0.0418953 0.0134427 0.0720364 0.0153839 0.0669576
 53 G  53 0.0478027 0.1434531 0.0125411 0.0251503 0.0169423 0.1556254 0.0422165 0.0274137 0.0413576 0.0080616 0.0418101 0.1016359 0.0179005 0.0063303 0.0432025 0.0474078 0.1286128 0.0028589 0.0092861 0.0219712 0.0584194
 54 S  54 0.0033363 0.0034229 0.0067027 0.0043941 0.7901310 0.0048530 0.0040291 0.0053392 0.0024644 0.0070981 0.0148904 0.0034483 0.0025919 0.0245548 0.0166558 0.0199341 0.0206312 0.0037458 0.0015058 0.0015352 0.0587359
 55 G  55 0.1017187 0.0596888 0.0871561 0.0934854 0.0071291 0.0571361 0.0429664 0.1165766 0.0227038 0.0060077 0.0388021 0.0748448 0.0018872 0.0044055 0.0748149 0.0779049 0.0344523 0.0011868 0.0051248 0.0188773 0.0731309
 56 S  56 0.0337206 0.0143466 0.3108489 0.1090943 0.0371921 0.0076120 0.0204765 0.0456095 0.0232947 0.0081736 0.0152467 0.0131551 0.0020751 0.0145504 0.0144586 0.1650021 0.0538214 0.0075310 0.0134647 0.0074802 0.0828458
 57 G  57 0.0279079 0.0298692 0.0287633 0.0301648 0.0032127 0.0178004 0.0209242 0.4809899 0.0221802 0.0024351 0.0076186 0.0257053 0.0023267 0.0035155 0.0187694 0.0636324 0.0688804 0.0006095 0.0054294 0.0082543 0.1310108
 58 S  58 0.0433051 0.0396379 0.0801241 0.0648146 0.0361847 0.0367678 0.0527008 0.0589926 0.0118982 0.0132704 0.0191226 0.0566668 0.0065268 0.0181297 0.0196913 0.0910911 0.0669030 0.0013398 0.0101243 0.0093749 0.2633335
 59 G  59 0.0258624 0.0737468 0.0263633 0.0169635 0.1585901 0.0377618 0.0297086 0.0425347 0.0359106 0.0250157 0.0259361 0.0522899 0.0165954 0.0394926 0.0146713 0.0328423 0.0349641 0.0140241 0.0217665 0.0317113 0.2432490
 60 S  60 0.0131602 0.0613722 0.0158881 0.0078200 0.3909878 0.0440432 0.0328254 0.0093009 0.0283335 0.0454526 0.0197142 0.0331333 0.0157629 0.0226690 0.0105513 0.0330794 0.0215711 0.0005824 0.0103593 0.0287344 0.1546588
 61 T  61 0.0136581 0.0083970 0.0510075 0.0859256 0.2722955 0.0118136 0.0077933 0.0125138 0.0143474 0.1795388 0.0256744 0.0094213 0.0083679 0.0269742 0.0175609 0.0380046 0.0144320 0.0040951 0.0130098 0.0486790 0.1364900
 62 E  62 0.0240869 0.0286171 0.0225975 0.0321155 0.0647678 0.0409987 0.0261895 0.1121451 0.0196212 0.1477825 0.0424270 0.0211288 0.0122386 0.0117895 0.1194936 0.0546132 0.0111476 0.0036828 0.0163782 0.0475129 0.1406659
 63 E  63 0.0402299 0.0615969 0.0672266 0.1029808 0.0380369 0.0587537 0.0478749 0.0229924 0.0307184 0.0233780 0.0166854 0.0743787 0.0116999 0.0132548 0.1363795 0.0518668 0.0282746 0.0033344 0.0069628 0.0118426 0.1515321
 64 L  64 0.0585858 0.0566149 0.0674359 0.0333619 0.0145179 0.0309445 0.0338766 0.0621043 0.0159326 0.0286428 0.0785946 0.0538733 0.0098046 0.0155584 0.0373718 0.1309432 0.0529302 0.0074260 0.0172023 0.0397309 0.1545475
 65 R  65 0.0187560 0.0908380 0.0558796 0.1386294 0.0020642 0.0283006 0.0436966 0.0328721 0.0199360 0.0167366 0.0208623 0.0304234 0.0069834 0.0126862 0.0102257 0.1022282 0.0285042 0.1289778 0.0205522 0.0242186 0.1666288
 66 V  66 0.0190072 0.0211459 0.0172115 0.0248532 0.1801505 0.0271094 0.0103669 0.0499227 0.0059319 0.0153840 0.0554467 0.0341665 0.0020787 0.0595627 0.0130689 0.0134201 0.0154629 0.1269492 0.0413469 0.0928141 0.1746001
 67 R  67 0.0185971 0.2037073 0.0126033 0.0447070 0.1565831 0.0497729 0.0620888 0.0199010 0.0351459 0.0241799 0.0338081 0.0866050 0.0156360 0.0050673 0.0081475 0.0194836 0.0078409 0.0079721 0.0085526 0.0467976 0.1328030
 68 L  68 0.0029632 0.0052870 0.0505845 0.2396427 0.5171718 0.0048561 0.0028378 0.0117900 0.0016011 0.0029038 0.0238008 0.0043902 0.0008360 0.0010088 0.0035538 0.0113019 0.0012943 0.0000000 0.0022070 0.0032635 0.1087056
 69 A  69 0.0314489 0.0119067 0.0172942 0.2953430 0.0084428 0.0029390 0.0071724 0.2374860 0.0157873 0.1439558 0.0183342 0.0091577 0.0061278 0.0113764 0.0021264 0.0231304 0.0064735 0.0000000 0.0111718 0.0232371 0.1170887
 70 S  70 0.0142612 0.0203438 0.0308130 0.0565988 0.0137733 0.0353460 0.0409286 0.1875284 0.0135142 0.0140218 0.0187696 0.0177287 0.0047351 0.0046943 0.0887290 0.2241506 0.0185928 0.0042379 0.0142820 0.0173632 0.1595877
 71 H  71 0.0150882 0.0368582 0.0621108 0.2802747 0.0058373 0.0215041 0.0643063 0.0144264 0.0600333 0.0040495 0.0247329 0.0445116 0.0064989 0.0131643 0.0538103 0.0354611 0.0065613 0.0029800 0.0277512 0.0083929 0.2116466
 72 L  72 0.0251345 0.0234935 0.0311968 0.1004808 0.0188156 0.0354754 0.2442179 0.0274036 0.0194122 0.0154263 0.0296364 0.0398575 0.0013618 0.0060759 0.0067700 0.0787129 0.0194648 0.0092095 0.0100884 0.0159571 0.2418092
 73 R  73 0.0314256 0.0553219 0.0195791 0.0947731 0.1093895 0.0432025 0.0350176 0.0115594 0.0186158 0.0062236 0.0239171 0.0776333 0.0064376 0.0425695 0.0157118 0.0259723 0.0111484 0.0687628 0.0329539 0.0074795 0.2623059
 74 K  74 0.0115672 0.0508000 0.0903101 0.1442160 0.0344153 0.0337934 0.0665933 0.0308548 0.0238540 0.0153217 0.0435169 0.0303366 0.0079846 0.0078069 0.0292700 0.0384325 0.0248388 0.0027080 0.0066955 0.0545188 0.2521658
 75 L  75 0.0210358 0.0081378 0.0051891 0.0940932 0.4835046 0.0154036 0.0369135 0.0186603 0.0088053 0.0019260 0.0056366 0.0128459 0.0028918 0.0021583 0.0030083 0.0090656 0.0036313 0.0010601 0.0098979 0.0022095 0.2539254
 76 R  76 0.0158399 0.0471530 0.0904513 0.2137892 0.0029633 0.0288538 0.0317710 0.0529040 0.0150089 0.0105333 0.0314230 0.0280511 0.0125822 0.0032150 0.0342210 0.0409867 0.0238385 0.0013144 0.0017354 0.0286194 0.2847454
 77 K  77 0.0208520 0.0127600 0.0244594 0.1393274 0.0736222 0.0356672 0.0289649 0.1339930 0.0259348 0.0048912 0.0045324 0.0318651 0.0052254 0.0057915 0.0203008 0.0913666 0.0371234 0.0057973 0.0009988 0.0044732 0.2920533
 78 R  78 0.0081456 0.0823829 0.0414603 0.1649860 0.0179184 0.0267184 0.0805023 0.0521940 0.0089861 0.0162848 0.0058076 0.0524737 0.0037424 0.0018072 0.0063062 0.0269964 0.0488317 0.0006940 0.0107758 0.0099611 0.3330251
 79 L  79 0.0264051 0.0216687 0.0359938 0.0691788 0.0448115 0.0198172 0.1205903 0.0092543 0.0069241 0.0273669 0.0384198 0.0173160 0.0205056 0.0197662 0.0273492 0.0658310 0.0275734 0.0027685 0.0142211 0.0286776 0.3555608
 80 L  80 0.0196886 0.0242570 0.0286940 0.2229926 0.0602051 0.0140223 0.0361923 0.0199989 0.0177749 0.0302045 0.0312010 0.0258264 0.0080746 0.0109393 0.0230930 0.0261134 0.0182234 0.0081670 0.0059813 0.0189170 0.3494336
 81 G  81 0.0274827 0.0021253 0.0521158 0.0329736 0.1761346 0.0125163 0.0948923 0.1166769 0.0030317 0.0078204 0.0069195 0.0167972 0.0046060 0.0025070 0.0280753 0.0288828 0.0327460 0.0006486 0.0010465 0.0075753 0.3444262
 82 S  82 0.0346966 0.0209038 0.0292870 0.0653019 0.1983613 0.0275514 0.0426562 0.0412103 0.0072204 0.0044092 0.0137964 0.0101335 0.0096591 0.0047417 0.0471661 0.0527104 0.0270437 0.0005932 0.0050375 0.0158616 0.3416585
 83 Y  83 0.0241340 0.0359877 0.0679563 0.1440242 0.0158736 0.0147438 0.0324340 0.0555392 0.0406021 0.0091038 0.0161450 0.0214157 0.0020195 0.0105822 0.0170788 0.0723036 0.0332646 0.0009736 0.0245535 0.0105721 0.3506927
 84 T  84 0.0375820 0.0077111 0.0252250 0.0182219 0.1312097 0.0065772 0.0382255 0.1264671 0.0055022 0.0110200 0.0125722 0.0073415 0.0047968 0.0088992 0.0378556 0.1004365 0.0473233 0.0017070 0.0065659 0.0089121 0.3558483
 85 E  85 0.0217792 0.0228204 0.0374538 0.1366726 0.0281230 0.0346540 0.0986870 0.0237122 0.0108523 0.0011484 0.0044277 0.0177004 0.0015660 0.0031831 0.0213533 0.1296857 0.0280195 0.0017034 0.0025270 0.0012742 0.3726569
 86 E  86 0.0147836 0.0116866 0.0438125 0.1422812 0.0363852 0.0553906 0.1830208 0.0153128 0.0085778 0.0038937 0.0085947 0.0220621 0.0011741 0.0031370 0.0212131 0.0166353 0.0098329 0.0025735 0.0031971 0.0060893 0.3903461
 87 L  87 0.0202180 0.0239839 0.0085999 0.0168069 0.0286407 0.0109656 0.1046996 0.0069171 0.0094545 0.0355736 0.0623945 0.0080603 0.0137566 0.1275921 0.0109966 0.0176865 0.0097097 0.0031587 0.0090036 0.0273360 0.4444456
 88 R  88 0.0196359 0.0992420 0.0369208 0.0202353 0.0222491 0.0391378 0.0403993 0.0274396 0.0203489 0.0025316 0.0152725 0.0570835 0.0065687 0.0017916 0.0259862 0.0462312 0.0449654 0.0030856 0.0009979 0.0128914 0.4569857
 89 V  89 0.0420457 0.0042903 0.0080461 0.0106160 0.2798358 0.0055558 0.0035484 0.0226074 0.0107161 0.0088550 0.0157518 0.0051231 0.0018212 0.0240180 0.0156837 0.0206930 0.0129532 0.0000000 0.0068285 0.0155062 0.4855047
 90 R  90 0.0245901 0.0863817 0.0192983 0.0489021 0.0066837 0.0290815 0.0326549 0.0413270 0.0080678 0.0065213 0.0074991 0.0363397 0.0050655 0.0064881 0.0257127 0.0422839 0.0212204 0.0000000 0.0078621 0.0029308 0.5410894
 91 L  91 0.0072860 0.0173676 0.0280215 0.0314875 0.1284841 0.0015400 0.0049737 0.0080563 0.0017959 0.0086485 0.0546637 0.0067751 0.0061404 0.0164765 0.0182313 0.0366731 0.0198262 0.0038557 0.0082691 0.0189432 0.5724847
 92 A  92 0.0392705 0.0117775 0.0177460 0.0394726 0.0332592 0.0117815 0.0289943 0.0792123 0.0048171 0.0078385 0.0058112 0.0282050 0.0051687 0.0060645 0.0088177 0.0463676 0.0180956 0.0013468 0.0085963 0.0032413 0.5941159
 93 S  93 0.0262995 0.0096994 0.0462588 0.0216548 0.0020474 0.0493776 0.0157875 0.0105863 0.0178834 0.0063941 0.0086854 0.0206702 0.0041606 0.0051753 0.0036754 0.0841503 0.0280746 0.0008607 0.0133918 0.0040625 0.6211043
 94 H  94 0.0021897 0.0332432 0.0055024 0.0124929 0.0848375 0.0118393 0.0064254 0.0026622 0.0756593 0.0012604 0.0041984 0.0213930 0.0012921 0.0496856 0.0029817 0.0049571 0.0112070 0.0025647 0.0043595 0.0012632 0.6599854
 95 L  95 0.0022484 0.0347261 0.0063053 0.0017516 0.0508227 0.0283936 0.0039147 0.0036966 0.0008742 0.0648355 0.0398202 0.0044098 0.0059136 0.0095029 0.0053509 0.0043308 0.0237665 0.0000000 0.0031167 0.0266698 0.6795500
 96 R  96 0.0040713 0.0369745 0.0014965 0.0015200 0.1192362 0.0053019 0.0114308 0.0026709 0.0083027 0.0173006 0.0049674 0.0161250 0.0031763 0.0022919 0.0256461 0.0169266 0.0013589 0.0000000 0.0031481 0.0073131 0.7107410
 97 K  97 0.0067578 0.0127696 0.0249293 0.0214978 0.0051737 0.0113246 0.0306765 0.0170919 0.0027267 0.0070380 0.0026216 0.0538045 0.0027995 0.0036796 0.0187361 0.0076244 0.0053140 0.0009250 0.0009454 0.0058205 0.7577435
 98 L  98 0.0098922 0.0074522 0.0364002 0.0112089 0.0025489 0.0125495 0.0029226 0.0149125 0.0062590 0.0095382 0.0316926 0.0088836 0.0058779 0.0033339 0.0052825 0.0147794 0.0081656 0.0000000 0.0028734 0.0077757 0.7976512
 99 R  99 0.0017932 0.0629009 0.0256526 0.0114608 0.0000000 0.0048965 0.0121521 0.0064082 0.0057884 0.0009480 0.0000000 0.0199195 0.0000000 0.0007746 0.0010749 0.0103267 0.0129975 0.0013809 0.0033531 0.0000000 0.8181721
100 K 100 0.0067834 0.0164292 0.0035559 0.0013679 0.0008719 0.0400054 0.0040103 0.0091598 0.0029300 0.0014647 0.0024746 0.0392272 0.0008532 0.0024572 0.0012477 0.0021573 0.0062754 0.0068816 0.0035004 0.0007450 0.8476018
101 R 101 0.0009319 0.0552874 0.0015206 0.0024084 0.0000000 0.0145420 0.0068709 0.0000000 0.0014609 0.0000000 0.0023147 0.0122499 0.0011171 0.0027038 0.0000000 0.0045980 0.0024149 0.0000000 0.0000000 0.0008604 0.8907192
102 L 102 0.0000000 0.0000000 0.0000000 0.0000000 0.0783645 0.0000000 0.0000000 0.0000000 0.0021747 0.0117763 0.0049305 0.0000000 0.0015281 0.0029205 0.0000000 0.0000000 0.0000000 0.0000000 0.0014600 0.0015714 0.8952740
103 L 103 0.0000000 0.0000000 0.0000000 0.0000000 0.0000000 0.0000000 0.0000000 0.0000000 0.0000000 0.0318305 0.0130562 0.0000000 0.0024535 0.0000000 0.0000000 0.0000000 0.0000000 0.0000000 0.0000000 0.0073621 0.9452976
