   85         A         R         N         D         C         Q         E         G         H         I         L         K         M         F         P         S         T         W         Y         V    
  1 S   1 0.0000000 0.0000000 0.0000000 0.0000000 0.0000000 0.0000000 0.0000000 0.0000000 0.0000000 0.0000000 0.0000000 0.0000000 0.0000000 0.0000000 0.0000000 1.0000000 0.0000000 0.0000000 0.0000000 0.0000000
  2 T   2 0.0000000 0.0000000 0.0000000 0.0000000 0.0000000 0.0000000 0.0000000 0.0000000 0.0000000 0.0000000 0.0000000 0.6763803 0.0000000 0.0000000 0.0000000 0.0000000 0.3236197 0.0000000 0.0000000 0.0000000
  3 S   3 0.0000000 0.0000000 0.0000000 0.0000000 0.0000000 0.0000000 0.0000000 0.0000000 0.0000000 0.0000000 0.0000000 0.0000000 0.0000000 0.0000000 0.0000000 1.0000000 0.0000000 0.0000000 0.0000000 0.0000000
  4 L   4 0.0000000 0.0000000 0.0000000 0.0000000 0.0000000 0.0000000 0.6763803 0.0000000 0.0000000 0.0000000 0.3236197 0.0000000 0.0000000 0.0000000 0.0000000 0.0000000 0.0000000 0.0000000 0.0000000 0.0000000
  5 P   5 0.0000000 0.0000000 0.0000000 0.0000000 0.0000000 0.0000000 0.0000000 0.0000000 0.0000000 0.0000000 0.0000000 0.0000000 0.0000000 0.0000000 0.3236197 0.0000000 0.6763803 0.0000000 0.0000000 0.0000000
  6 T   6 0.0000000 0.0000000 0.0000000 0.0000000 0.0000000 0.0000000 0.0000000 0.0000000 0.0000000 0.0000000 0.0000000 0.0000000 0.0000000 0.0000000 0.0000000 0.0000000 1.0000000 0.0000000 0.0000000 0.0000000
  7 S   7 0.3433077 0.0000000 0.0000000 0.0000000 0.0000000 0.2757423 0.0733380 0.0000000 0.0000000 0.0000000 0.0000000 0.0000000 0.0000000 0.0000000 0.0000000 0.3076120 0.0000000 0.0000000 0.0000000 0.0000000
  8 N   8 0.0000000 0.0000000 0.3463212 0.0000000 0.0000000 0.0000000 0.0000000 0.0000000 0.3045985 0.0000000 0.0000000 0.0000000 0.0000000 0.0000000 0.0000000 0.3490803 0.0000000 0.0000000 0.0000000 0.0000000
  9 E   9 0.0000000 0.0000000 0.0000000 0.0000000 0.0000000 0.0733380 0.5526727 0.0000000 0.0000000 0.0000000 0.0000000 0.0693908 0.0000000 0.0000000 0.0000000 0.0000000 0.3045985 0.0000000 0.0000000 0.0000000
 10 Y  10 0.0000000 0.0000000 0.0000000 0.0000000 0.0000000 0.0000000 0.0000000 0.0000000 0.0000000 0.0000000 0.0000000 0.0000000 0.0000000 0.2075117 0.0000000 0.0000000 0.0000000 0.0000000 0.7924883 0.0000000
 11 Q  11 0.0000000 0.0000000 0.0000000 0.0000000 0.0000000 0.4503361 0.0000000 0.0000000 0.3490803 0.0000000 0.0000000 0.0000000 0.0000000 0.0000000 0.0000000 0.0000000 0.0000000 0.0000000 0.2005836 0.0000000
 12 N  12 0.0000000 0.0000000 0.1457376 0.5496639 0.0000000 0.0000000 0.0000000 0.0000000 0.3045985 0.0000000 0.0000000 0.0000000 0.0000000 0.0000000 0.0000000 0.0000000 0.0000000 0.0000000 0.0000000 0.0000000
 13 E  13 0.0000000 0.0000000 0.0000000 0.0000000 0.0000000 0.5051821 0.1457376 0.0000000 0.0000000 0.0000000 0.0000000 0.3490803 0.0000000 0.0000000 0.0000000 0.0000000 0.0000000 0.0000000 0.0000000 0.0000000
 14 K  14 0.3045985 0.2075117 0.0000000 0.0000000 0.0000000 0.0721779 0.0000000 0.0000000 0.0000000 0.0000000 0.0000000 0.4157120 0.0000000 0.0000000 0.0000000 0.0000000 0.0000000 0.0000000 0.0000000 0.0000000
 15 L  15 0.0000000 0.0000000 0.0000000 0.0000000 0.0000000 0.0000000 0.0000000 0.0000000 0.0000000 0.3490803 0.6509197 0.0000000 0.0000000 0.0000000 0.0000000 0.0000000 0.0000000 0.0000000 0.0000000 0.0000000
 16 A  16 0.6954015 0.0000000 0.0000000 0.0000000 0.0000000 0.0000000 0.0000000 0.0000000 0.0000000 0.0000000 0.0000000 0.0000000 0.0000000 0.0000000 0.0000000 0.0000000 0.0000000 0.0000000 0.0000000 0.3045985
 17 N  17 0.0000000 0.0000000 0.1457376 0.3767764 0.0000000 0.0000000 0.2769024 0.0000000 0.0000000 0.0000000 0.0000000 0.2005836 0.0000000 0.0000000 0.0000000 0.0000000 0.0000000 0.0000000 0.0000000 0.0000000
 18 E  18 0.0000000 0.0000000 0.0000000 0.0000000 0.0000000 0.3045985 0.6954015 0.0000000 0.0000000 0.0000000 0.0000000 0.0000000 0.0000000 0.0000000 0.0000000 0.0000000 0.0000000 0.0000000 0.0000000 0.0000000
 19 L  19 0.0000000 0.0000000 0.0000000 0.0000000 0.0000000 0.0000000 0.0000000 0.0000000 0.0000000 0.0000000 1.0000000 0.0000000 0.0000000 0.0000000 0.0000000 0.0000000 0.0000000 0.0000000 0.0000000 0.0000000
 20 K  20 0.0000000 0.2100560 0.0000000 0.0000000 0.0000000 0.0000000 0.0000000 0.0000000 0.3045985 0.0000000 0.0000000 0.4853455 0.0000000 0.0000000 0.0000000 0.0000000 0.0000000 0.0000000 0.0000000 0.0000000
 21 S  21 0.0000000 0.0000000 0.0000000 0.1042904 0.0000000 0.0000000 0.1618744 0.0962932 0.0000000 0.0000000 0.0000000 0.0000000 0.1427241 0.0000000 0.0000000 0.3569398 0.1378782 0.0000000 0.0000000 0.0000000
 22 L  22 0.0000000 0.0000000 0.0000000 0.0000000 0.0000000 0.0000000 0.0000000 0.0000000 0.0000000 0.0000000 1.0000000 0.0000000 0.0000000 0.0000000 0.0000000 0.0000000 0.0000000 0.0000000 0.0000000 0.0000000
 23 L  23 0.0000000 0.0000000 0.0000000 0.0000000 0.0000000 0.0000000 0.0000000 0.0000000 0.0000000 0.3045985 0.6954015 0.0000000 0.0000000 0.0000000 0.0000000 0.0000000 0.0000000 0.0000000 0.0000000 0.0000000
 24 D  24 0.1618744 0.0693908 0.3143464 0.3116643 0.0000000 0.0000000 0.0000000 0.0000000 0.0000000 0.0000000 0.0000000 0.0000000 0.0000000 0.0000000 0.0000000 0.0000000 0.1427241 0.0000000 0.0000000 0.0000000
 25 E  25 0.0000000 0.0000000 0.3045985 0.0000000 0.0000000 0.1390243 0.3463212 0.0000000 0.0000000 0.0000000 0.0000000 0.2100560 0.0000000 0.0000000 0.0000000 0.0000000 0.0000000 0.0000000 0.0000000 0.0000000
 26 L  26 0.0000000 0.0000000 0.0000000 0.0000000 0.0000000 0.0000000 0.0000000 0.0000000 0.0000000 0.0000000 0.3463212 0.0000000 0.0000000 0.0000000 0.0000000 0.3490803 0.3045985 0.0000000 0.0000000 0.0000000
 27 N  27 0.0000000 0.0000000 0.6257680 0.3045985 0.0000000 0.0000000 0.0000000 0.0000000 0.0000000 0.0000000 0.0000000 0.0000000 0.0000000 0.0000000 0.0000000 0.0000000 0.0000000 0.0000000 0.0696335 0.0000000
 28 V  28 0.0000000 0.0000000 0.0000000 0.0000000 0.0000000 0.0000000 0.0000000 0.0000000 0.0000000 0.1427241 0.1618744 0.0000000 0.0000000 0.0000000 0.0000000 0.0000000 0.0000000 0.0000000 0.0000000 0.6954015
 29 N  29 0.0000000 0.0000000 0.7205532 0.0000000 0.0000000 0.0000000 0.0000000 0.0000000 0.0000000 0.0000000 0.0000000 0.0000000 0.0000000 0.0000000 0.0000000 0.0000000 0.0000000 0.0000000 0.2794468 0.0000000
 30 E  30 0.1378782 0.0000000 0.0000000 0.2112021 0.0000000 0.0000000 0.1457376 0.0000000 0.0000000 0.0000000 0.0000000 0.3045985 0.0000000 0.0000000 0.0000000 0.0000000 0.0000000 0.0000000 0.0000000 0.2005836
 31 L  31 0.0000000 0.0000000 0.0000000 0.0000000 0.0000000 0.0000000 0.0000000 0.0000000 0.0000000 0.0000000 1.0000000 0.0000000 0.0000000 0.0000000 0.0000000 0.0000000 0.0000000 0.0000000 0.0000000 0.0000000
 32 A  32 0.8381256 0.0000000 0.0000000 0.0000000 0.0000000 0.0000000 0.0000000 0.0000000 0.0000000 0.0000000 0.0000000 0.0000000 0.0000000 0.0000000 0.0000000 0.1618744 0.0000000 0.0000000 0.0000000 0.0000000
 33 T  33 0.3490803 0.0000000 0.0000000 0.0000000 0.0000000 0.0000000 0.0000000 0.0000000 0.1427241 0.0000000 0.0000000 0.0000000 0.0000000 0.0000000 0.0000000 0.0000000 0.3463212 0.0000000 0.1618744 0.0000000
 34 G  34 0.0000000 0.0000000 0.0000000 0.0000000 0.0000000 0.0000000 0.0000000 0.5911111 0.0000000 0.0000000 0.3045985 0.0000000 0.0000000 0.0000000 0.0000000 0.1042904 0.0000000 0.0000000 0.0000000 0.0000000
 35 S  35 0.0000000 0.0000000 0.1618744 0.0000000 0.0000000 0.0000000 0.0000000 0.0000000 0.1427241 0.0000000 0.0000000 0.0000000 0.0000000 0.0000000 0.0000000 0.6954015 0.0000000 0.0000000 0.0000000 0.0000000
 36 L  36 0.0000000 0.0000000 0.0000000 0.0000000 0.0000000 0.0000000 0.0000000 0.0000000 0.0000000 0.0000000 1.0000000 0.0000000 0.0000000 0.0000000 0.0000000 0.0000000 0.0000000 0.0000000 0.0000000 0.0000000
 37 N  37 0.0000000 0.0000000 0.4948179 0.5051821 0.0000000 0.0000000 0.0000000 0.0000000 0.0000000 0.0000000 0.0000000 0.0000000 0.0000000 0.0000000 0.0000000 0.0000000 0.0000000 0.0000000 0.0000000 0.0000000
 38 T  38 0.3045985 0.1415686 0.0000000 0.0000000 0.0000000 0.0000000 0.0000000 0.0000000 0.0000000 0.0000000 0.0000000 0.0000000 0.0000000 0.0000000 0.4080952 0.0000000 0.1457376 0.0000000 0.0000000 0.0000000
 39 Y  39 0.0000000 0.0000000 0.0000000 0.0000000 0.0000000 0.0000000 0.0000000 0.0000000 0.0000000 0.0000000 0.0000000 0.0000000 0.0000000 0.1618744 0.0000000 0.0000000 0.0000000 0.0000000 0.8381256 0.0000000
 40 Y  40 0.0000000 0.0000000 0.0000000 0.0000000 0.0000000 0.3045985 0.0000000 0.0000000 0.0000000 0.0000000 0.0000000 0.0000000 0.0000000 0.0000000 0.0000000 0.0000000 0.0000000 0.0000000 0.6954015 0.0000000
 41 K  41 0.0000000 0.0000000 0.0000000 0.0000000 0.0000000 0.0000000 0.0000000 0.0000000 0.0000000 0.0000000 0.0000000 1.0000000 0.0000000 0.0000000 0.0000000 0.0000000 0.0000000 0.0000000 0.0000000 0.0000000
 42 R  42 0.0000000 0.9278221 0.0000000 0.0000000 0.0000000 0.0721779 0.0000000 0.0000000 0.0000000 0.0000000 0.0000000 0.0000000 0.0000000 0.0000000 0.0000000 0.0000000 0.0000000 0.0000000 0.0000000 0.0000000
 43 T  43 0.0000000 0.0000000 0.2005836 0.3045985 0.0000000 0.0000000 0.0000000 0.0000000 0.0000000 0.0000000 0.0000000 0.0000000 0.0696335 0.0000000 0.0000000 0.0000000 0.4251844 0.0000000 0.0000000 0.0000000
 44 I  44 0.0000000 0.0000000 0.0000000 0.0000000 0.0000000 0.0000000 0.0000000 0.0000000 0.0000000 0.7994164 0.0000000 0.0000000 0.0000000 0.0000000 0.0000000 0.0000000 0.0000000 0.0000000 0.0000000 0.2005836
 45 K  45 0.0000000 0.0000000 0.0000000 0.0000000 0.0000000 0.1042904 0.0000000 0.0000000 0.0000000 0.0000000 0.2581676 0.1457376 0.4918044 0.0000000 0.0000000 0.0000000 0.0000000 0.0000000 0.0000000 0.0000000
 46 I  46 0.3045985 0.0000000 0.0000000 0.0000000 0.0000000 0.0000000 0.0000000 0.0000000 0.0000000 0.1457376 0.0000000 0.0000000 0.5496639 0.0000000 0.0000000 0.0000000 0.0000000 0.0000000 0.0000000 0.0000000
 47 S  47 0.3045985 0.0000000 0.3490803 0.0000000 0.0000000 0.0000000 0.0000000 0.0000000 0.0000000 0.0000000 0.0000000 0.0000000 0.0000000 0.0000000 0.0000000 0.1457376 0.0000000 0.0000000 0.2005836 0.0000000
 48 G  48 0.0000000 0.0000000 0.0000000 0.0000000 0.0000000 0.0696335 0.2794468 0.3463212 0.3045985 0.0000000 0.0000000 0.0000000 0.0000000 0.0000000 0.0000000 0.0000000 0.0000000 0.0000000 0.0000000 0.0000000
 49 Q  49 0.0000000 0.0000000 0.0000000 0.0000000 0.0000000 0.1457376 0.0000000 0.0000000 0.0721779 0.0000000 0.0000000 0.0000000 0.0000000 0.2005836 0.0000000 0.0000000 0.0000000 0.0000000 0.5815009 0.0000000
 50 K  50 0.0000000 0.3490803 0.0000000 0.0000000 0.0000000 0.0000000 0.0000000 0.0000000 0.0000000 0.3045985 0.0000000 0.3463212 0.0000000 0.0000000 0.0000000 0.0000000 0.0000000 0.0000000 0.0000000 0.0000000
 51 A  51 1.0000000 0.0000000 0.0000000 0.0000000 0.0000000 0.0000000 0.0000000 0.0000000 0.0000000 0.0000000 0.0000000 0.0000000 0.0000000 0.0000000 0.0000000 0.0000000 0.0000000 0.0000000 0.0000000 0.0000000
 52 M  52 0.0000000 0.0000000 0.0000000 0.0000000 0.0000000 0.0000000 0.0000000 0.0000000 0.0000000 0.0000000 0.0000000 0.8542624 0.1457376 0.0000000 0.0000000 0.0000000 0.0000000 0.0000000 0.0000000 0.0000000
 53 Y  53 0.3490803 0.0000000 0.0000000 0.0000000 0.0000000 0.0000000 0.0000000 0.0000000 0.0000000 0.0000000 0.0000000 0.0000000 0.2005836 0.0000000 0.0000000 0.3045985 0.0000000 0.0000000 0.1457376 0.0000000
 54 A  54 0.8957096 0.0000000 0.0000000 0.0000000 0.0000000 0.0000000 0.0000000 0.0000000 0.0000000 0.0000000 0.0000000 0.0000000 0.0000000 0.0000000 0.0000000 0.0000000 0.0000000 0.0000000 0.0000000 0.1042904
 55 L  55 0.0000000 0.0000000 0.0000000 0.0000000 0.0000000 0.0000000 0.0000000 0.0000000 0.0000000 0.3045985 0.5911111 0.0000000 0.0000000 0.0000000 0.0000000 0.0000000 0.0000000 0.0000000 0.0000000 0.1042904
 56 K  56 0.0000000 0.4413165 0.0000000 0.0000000 0.0000000 0.0000000 0.0000000 0.0000000 0.0000000 0.0000000 0.0000000 0.5586835 0.0000000 0.0000000 0.0000000 0.0000000 0.0000000 0.0000000 0.0000000 0.0000000
 57 S  57 0.0000000 0.0000000 0.0000000 0.0000000 0.0000000 0.0000000 0.0000000 0.0000000 0.0000000 0.0000000 0.0000000 0.1427288 0.0000000 0.0000000 0.0000000 0.5526727 0.3045985 0.0000000 0.0000000 0.0000000
 58 K  58 0.0000000 0.0000000 0.3490803 0.0000000 0.0000000 0.0000000 0.0000000 0.0000000 0.0000000 0.0000000 0.0000000 0.6509197 0.0000000 0.0000000 0.0000000 0.0000000 0.0000000 0.0000000 0.0000000 0.0000000
 59 D  59 0.0000000 0.0000000 0.7115336 0.2884664 0.0000000 0.0000000 0.0000000 0.0000000 0.0000000 0.0000000 0.0000000 0.0000000 0.0000000 0.0000000 0.0000000 0.0000000 0.0000000 0.0000000 0.0000000 0.0000000
 60 F  60 0.0000000 0.0000000 0.0000000 0.0000000 0.0000000 0.0000000 0.0000000 0.0000000 0.0000000 0.0000000 0.3045985 0.0000000 0.0000000 0.4948179 0.0000000 0.0000000 0.0000000 0.0000000 0.2005836 0.0000000
 61 K  61 0.1341737 0.0000000 0.0000000 0.3767764 0.0000000 0.0000000 0.0000000 0.0000000 0.0000000 0.0000000 0.0000000 0.2151284 0.0000000 0.0000000 0.0000000 0.2005836 0.0000000 0.0000000 0.0000000 0.0733380
 62 K  62 0.0000000 0.0000000 0.0000000 0.0000000 0.0000000 0.3045985 0.0000000 0.0000000 0.0000000 0.0000000 0.0000000 0.5526727 0.0000000 0.0000000 0.0000000 0.1427288 0.0000000 0.0000000 0.0000000 0.0000000
 63 M  63 0.0000000 0.0000000 0.0000000 0.0000000 0.0000000 0.0000000 0.0000000 0.0000000 0.0000000 0.0000000 0.0000000 0.0000000 1.0000000 0.0000000 0.0000000 0.0000000 0.0000000 0.0000000 0.0000000 0.0000000
 64 S  64 0.3490803 0.0000000 0.0000000 0.0000000 0.0000000 0.0000000 0.0000000 0.0000000 0.0000000 0.0000000 0.0000000 0.0000000 0.0000000 0.0000000 0.0000000 0.3463212 0.3045985 0.0000000 0.0000000 0.0000000
 65 E  65 0.0000000 0.0000000 0.0000000 0.1378782 0.0000000 0.0000000 0.3569398 0.0000000 0.0000000 0.2005836 0.0000000 0.3045985 0.0000000 0.0000000 0.0000000 0.0000000 0.0000000 0.0000000 0.0000000 0.0000000
 66 A  66 1.0000000 0.0000000 0.0000000 0.0000000 0.0000000 0.0000000 0.0000000 0.0000000 0.0000000 0.0000000 0.0000000 0.0000000 0.0000000 0.0000000 0.0000000 0.0000000 0.0000000 0.0000000 0.0000000 0.0000000
 67 K  67 0.0000000 0.0000000 0.0000000 0.0000000 0.0000000 0.0000000 0.0000000 0.0000000 0.0000000 0.0000000 0.0000000 1.0000000 0.0000000 0.0000000 0.0000000 0.0000000 0.0000000 0.0000000 0.0000000 0.0000000
 68 Y  68 0.0000000 0.0000000 0.0000000 0.0000000 0.0000000 0.1618744 0.2005836 0.0000000 0.0000000 0.0000000 0.0000000 0.0000000 0.0000000 0.0000000 0.0000000 0.0000000 0.0000000 0.0000000 0.2884617 0.3490803
 69 Q  69 0.2794468 0.3045985 0.0000000 0.0000000 0.0000000 0.1457376 0.2005836 0.0696335 0.0000000 0.0000000 0.0000000 0.0000000 0.0000000 0.0000000 0.0000000 0.0000000 0.0000000 0.0000000 0.0000000 0.0000000
 70 L  70 0.0000000 0.0000000 0.0000000 0.0000000 0.0000000 0.0000000 0.0000000 0.0000000 0.0000000 0.0000000 1.0000000 0.0000000 0.0000000 0.0000000 0.0000000 0.0000000 0.0000000 0.0000000 0.0000000 0.0000000
 71 Q  71 0.0000000 0.0000000 0.0000000 0.0000000 0.0000000 0.1457376 0.8542624 0.0000000 0.0000000 0.0000000 0.0000000 0.0000000 0.0000000 0.0000000 0.0000000 0.0000000 0.0000000 0.0000000 0.0000000 0.0000000
 72 K  72 0.0000000 0.0000000 0.4823319 0.0000000 0.0000000 0.0000000 0.0000000 0.0000000 0.0000000 0.0000000 0.0000000 0.3557937 0.0000000 0.0000000 0.0000000 0.1618744 0.0000000 0.0000000 0.0000000 0.0000000
 73 I  73 0.0000000 0.0000000 0.0000000 0.0000000 0.0000000 0.0000000 0.0000000 0.0000000 0.0000000 0.9037068 0.0000000 0.0000000 0.0000000 0.0962932 0.0000000 0.0000000 0.0000000 0.0000000 0.0000000 0.0000000
 74 Y  74 0.0000000 0.0000000 0.0000000 0.0000000 0.0000000 0.0000000 0.0000000 0.0000000 0.0000000 0.0000000 0.0000000 0.0000000 0.0000000 0.0000000 0.0000000 0.0000000 0.0000000 0.0000000 1.0000000 0.0000000
 75 N  75 0.0000000 0.2005836 0.3076120 0.0000000 0.0000000 0.0000000 0.0000000 0.0000000 0.0000000 0.0000000 0.0000000 0.3490803 0.0000000 0.0000000 0.0000000 0.1427241 0.0000000 0.0000000 0.0000000 0.0000000
 76 E  76 0.0000000 0.0000000 0.0000000 0.0000000 0.0000000 0.0000000 0.6954015 0.0000000 0.0000000 0.0000000 0.0000000 0.0000000 0.0000000 0.0000000 0.0000000 0.3045985 0.0000000 0.0000000 0.0000000 0.0000000
 77 I  77 0.0000000 0.0000000 0.0000000 0.0000000 0.0000000 0.0000000 0.0000000 0.0000000 0.0000000 0.8572759 0.1427241 0.0000000 0.0000000 0.0000000 0.0000000 0.0000000 0.0000000 0.0000000 0.0000000 0.0000000
 78 D  78 0.0000000 0.0000000 0.0645401 0.5586835 0.0000000 0.0000000 0.0000000 0.0000000 0.0000000 0.0000000 0.0000000 0.0000000 0.0000000 0.0000000 0.0000000 0.1618744 0.1427241 0.0000000 0.0721779 0.0000000
 79 E  79 0.0000000 0.0000000 0.1618744 0.0000000 0.0000000 0.0000000 0.6954015 0.0000000 0.0000000 0.0000000 0.0000000 0.0000000 0.0000000 0.0000000 0.0000000 0.1427241 0.0000000 0.0000000 0.0000000 0.0000000
 80 A  80 0.3463212 0.0000000 0.1427241 0.0000000 0.0000000 0.0000000 0.0000000 0.0000000 0.0000000 0.3490803 0.0000000 0.0000000 0.0000000 0.0000000 0.1618744 0.0000000 0.0000000 0.0000000 0.0000000 0.0000000
 81 L  81 0.0000000 0.0000000 0.0000000 0.0000000 0.0000000 0.0000000 0.0000000 0.0000000 0.0000000 0.4918044 0.5081956 0.0000000 0.0000000 0.0000000 0.0000000 0.0000000 0.0000000 0.0000000 0.0000000 0.0000000
 82 K  82 0.3081541 0.0000000 0.0000000 0.0000000 0.0000000 0.0000000 0.0000000 0.0000000 0.4679510 0.0000000 0.0000000 0.2238949 0.0000000 0.0000000 0.0000000 0.0000000 0.0000000 0.0000000 0.0000000 0.0000000
 83 S  83 0.0000000 0.0000000 0.3081541 0.0000000 0.0000000 0.0000000 0.0000000 0.0000000 0.0000000 0.0000000 0.0000000 0.0000000 0.0000000 0.0000000 0.0000000 0.6918459 0.0000000 0.0000000 0.0000000 0.0000000
 84 K  84 0.0000000 0.0000000 0.0000000 0.1894805 0.0000000 0.3185278 0.0000000 0.0000000 0.0000000 0.0000000 0.0000000 0.2867747 0.0000000 0.0000000 0.0000000 0.0000000 0.0000000 0.0000000 0.2052170 0.0000000
 85 Y  85 0.0000000 0.0000000 0.0000000 0.0000000 0.0000000 0.0000000 0.0000000 0.0000000 0.0000000 0.0000000 0.0000000 0.0000000 0.0000000 0.0000000 0.0000000 0.0000000 0.0000000 0.0000000 1.0000000 0.0000000
