  123         A         R         N         D         C         Q         E         G         H         I         L         K         M         F         P         S         T         W         Y         V    
  1 A   1 0.2630160 0.0000000 0.0000000 0.0000000 0.0000000 0.0000000 0.0000000 0.0906181 0.0000000 0.0000000 0.0000000 0.0000000 0.0000000 0.0000000 0.4261940 0.2201719 0.0000000 0.0000000 0.0000000 0.0000000
  2 S   2 0.0054518 0.0000000 0.0118305 0.0000000 0.0000000 0.0000000 0.0000000 0.0035577 0.0000000 0.0000000 0.0000000 0.0000000 0.0000000 0.0000000 0.0558405 0.4263507 0.4969687 0.0000000 0.0000000 0.0000000
  3 L   3 0.0177428 0.0000000 0.0000000 0.0000000 0.0000000 0.0045918 0.0000000 0.0000000 0.0084321 0.0935239 0.5906278 0.0000000 0.0366603 0.0966000 0.1042227 0.0000000 0.0072598 0.0000000 0.0037378 0.0366011
  4 Y   4 0.0017661 0.0000000 0.0043606 0.0000000 0.0000000 0.0000000 0.0000000 0.0000000 0.0036202 0.0189977 0.0451392 0.0000000 0.0000000 0.2653235 0.0000000 0.0000000 0.0000000 0.0116555 0.6447706 0.0043667
  5 E   5 0.0466959 0.0248362 0.0164796 0.2366815 0.0021260 0.1125935 0.4524308 0.0134164 0.0114574 0.0022471 0.0061305 0.0247885 0.0049628 0.0000000 0.0000000 0.0088115 0.0181202 0.0000000 0.0122531 0.0059689
  6 K   6 0.1543701 0.3259808 0.0054732 0.0223441 0.0013681 0.0978965 0.0513948 0.0074765 0.0094823 0.0260277 0.0635875 0.1180983 0.0128230 0.0045440 0.0000000 0.0156671 0.0215133 0.0502784 0.0024201 0.0092543
  7 L   7 0.0680980 0.0000000 0.0000000 0.0000000 0.0000000 0.0000000 0.0000000 0.0000000 0.0000000 0.2764001 0.3972540 0.0000000 0.0499147 0.0424208 0.0000000 0.0000000 0.0000000 0.0029411 0.0219087 0.1410625
  8 G   8 0.0000000 0.0013763 0.0076550 0.0043193 0.0000000 0.0000000 0.0042568 0.9677680 0.0035909 0.0000000 0.0023976 0.0027078 0.0000000 0.0041407 0.0000000 0.0017875 0.0000000 0.0000000 0.0000000 0.0000000
  9 G   9 0.0105909 0.0054489 0.0020855 0.0083108 0.0000000 0.0166914 0.0512479 0.8831218 0.0000000 0.0000000 0.0077910 0.0091452 0.0000000 0.0000000 0.0000000 0.0024708 0.0000000 0.0000000 0.0030957 0.0000000
 10 A  10 0.1041900 0.0676853 0.0111016 0.1002505 0.0000000 0.0621962 0.3594078 0.0045167 0.0366838 0.0209000 0.0436005 0.0532950 0.0163281 0.0134817 0.0161490 0.0240684 0.0220401 0.0038848 0.0216804 0.0185401
 11 A  11 0.2010106 0.0057256 0.0147480 0.1397900 0.0000000 0.0522379 0.2741429 0.0165627 0.0063089 0.0042768 0.0076251 0.0555451 0.0133307 0.0057971 0.1026654 0.0403733 0.0348952 0.0000000 0.0124649 0.0124996
 12 A  12 0.2347262 0.0386146 0.0392868 0.0421350 0.0009630 0.0257135 0.0103937 0.2574314 0.0031274 0.0084872 0.0025786 0.0294301 0.0072904 0.0157846 0.0127236 0.0422924 0.1406916 0.0000000 0.0051871 0.0831426
 13 V  13 0.0078880 0.0000000 0.0000000 0.0000000 0.0021713 0.0000000 0.0000000 0.0000000 0.0000000 0.4020666 0.2121108 0.0000000 0.0186510 0.1085599 0.0000000 0.0000000 0.0038044 0.0000000 0.0000000 0.2447480
 14 D  14 0.1108476 0.2453807 0.0385752 0.0510196 0.0030413 0.0571803 0.1409024 0.0201583 0.0341951 0.0080419 0.0170255 0.0708659 0.0106783 0.0013090 0.0000000 0.0682014 0.0596551 0.0017773 0.0207508 0.0403942
 15 L  15 0.2473762 0.2100486 0.0274321 0.0386021 0.0044026 0.0685785 0.0614760 0.0193993 0.0151445 0.0128329 0.0411183 0.1302706 0.0040469 0.0119466 0.0093028 0.0311558 0.0459775 0.0018572 0.0012778 0.0177537
 16 A  16 0.0824840 0.0000000 0.0000000 0.0000000 0.0055915 0.0014246 0.0000000 0.0000000 0.0000000 0.1422472 0.5262026 0.0000000 0.0399991 0.0466103 0.0000000 0.0133943 0.0153068 0.0026704 0.0000000 0.1240692
 17 V  17 0.0750554 0.0000000 0.0030225 0.0000000 0.0139344 0.0000000 0.0037725 0.0000000 0.0046946 0.0761301 0.0363203 0.0000000 0.0401448 0.0081119 0.0000000 0.0347258 0.0798603 0.0000000 0.0021461 0.6220812
 18 E  18 0.0499194 0.0537878 0.0670172 0.3644796 0.0000000 0.0118678 0.1947404 0.0218250 0.0659611 0.0014023 0.0039217 0.0421577 0.0044529 0.0000000 0.0060364 0.0343974 0.0526340 0.0029074 0.0139575 0.0085345
 19 K  19 0.1371821 0.2120551 0.0397861 0.1150073 0.0035347 0.0334791 0.0681496 0.0316442 0.0232021 0.0433962 0.0512927 0.0356742 0.0103519 0.0000000 0.0000000 0.0475090 0.0949158 0.0000000 0.0179846 0.0348353
 20 F  20 0.0126282 0.0000000 0.0000000 0.0000000 0.0000000 0.0000000 0.0000000 0.0000000 0.0067093 0.0085430 0.1163728 0.0000000 0.0365258 0.7605602 0.0000000 0.0089438 0.0121551 0.0097489 0.0058923 0.0219206
 21 Y  21 0.0071358 0.0000000 0.0000000 0.0000000 0.0052042 0.0000000 0.0000000 0.0018812 0.0163100 0.0350170 0.0505753 0.0036010 0.0089918 0.0399337 0.0000000 0.0055746 0.0028022 0.0045661 0.7720535 0.0463537
 22 G  22 0.1132698 0.0924532 0.0520153 0.2689554 0.0000000 0.0645922 0.1287877 0.0494761 0.0142984 0.0050454 0.0145577 0.0400695 0.0045609 0.0113597 0.0171881 0.0319740 0.0454566 0.0000000 0.0274023 0.0185376
 23 K  23 0.0209648 0.2968281 0.0471745 0.0050140 0.0043960 0.0424158 0.0306662 0.0486485 0.0132075 0.0419967 0.1372158 0.2230788 0.0070978 0.0125148 0.0000000 0.0094793 0.0162168 0.0000000 0.0213433 0.0217414
 24 V  24 0.0640782 0.0000000 0.0057011 0.0000000 0.0172356 0.0000000 0.0000000 0.0055746 0.0140916 0.1467089 0.1045988 0.0000000 0.1832994 0.0011995 0.0000000 0.0127755 0.0037638 0.0000000 0.0000000 0.4409729
 25 L  25 0.1274913 0.1223739 0.0080442 0.1043016 0.0057908 0.0459063 0.0766554 0.0278715 0.0091831 0.0138442 0.2116682 0.0208388 0.0379259 0.0313736 0.0140642 0.0305972 0.0200894 0.0012969 0.0560434 0.0346401
 26 A  26 0.2307544 0.0589699 0.0530034 0.0603535 0.0014239 0.0900007 0.1090173 0.0253314 0.0079030 0.0083826 0.0392636 0.0852534 0.0053080 0.0166921 0.0016872 0.0758753 0.0938750 0.0000000 0.0038046 0.0331008
 27 D  27 0.0055798 0.0079754 0.0753199 0.7092254 0.0000000 0.0014739 0.0606547 0.0015829 0.0581092 0.0104614 0.0461555 0.0000000 0.0000000 0.0000000 0.0000000 0.0133802 0.0088974 0.0000000 0.0000000 0.0011844
 28 E  28 0.0636581 0.0184200 0.0245478 0.1098575 0.0000000 0.0318444 0.1713501 0.0109775 0.0079649 0.0000000 0.0000000 0.0449230 0.0000000 0.0015536 0.4294860 0.0469434 0.0239880 0.0022549 0.0022115 0.0100191
 29 R  29 0.0561200 0.2208086 0.0111590 0.0668638 0.0013496 0.0821520 0.1331574 0.0082918 0.0063930 0.0343787 0.1489396 0.0282505 0.0089823 0.0033828 0.0018754 0.0262484 0.0502030 0.0071985 0.0090397 0.0952059
 30 V  30 0.0490843 0.0012123 0.0000000 0.0000000 0.0046414 0.0000000 0.0000000 0.0027239 0.0000000 0.3018537 0.4109254 0.0019289 0.0135920 0.0454683 0.0000000 0.0014569 0.0281846 0.0000000 0.0289875 0.1099410
 31 N  31 0.1845108 0.1767015 0.0689486 0.0051692 0.0055015 0.0300417 0.0205200 0.2061890 0.0065485 0.0167253 0.0215716 0.1334914 0.0000000 0.0071276 0.0010583 0.0689040 0.0072799 0.0011381 0.0096964 0.0288765
 32 R  32 0.0738164 0.0690074 0.0182337 0.0483545 0.0000000 0.0204452 0.0588411 0.0529301 0.1271342 0.0049729 0.0096269 0.0316061 0.0086713 0.0226283 0.3509787 0.0404526 0.0167705 0.0067353 0.0286888 0.0101061
 33 F  33 0.0222223 0.0219564 0.0016861 0.0014701 0.0000000 0.0058323 0.0000000 0.0045032 0.0342107 0.1729848 0.1834987 0.0118030 0.0958727 0.2298091 0.0049797 0.0056787 0.0092869 0.0000000 0.1039321 0.0902733
 34 F  34 0.0023254 0.0241257 0.0000000 0.0000000 0.0017538 0.0000000 0.0000000 0.0028560 0.0499491 0.0026544 0.0565158 0.0000000 0.0387531 0.6964128 0.0000000 0.0000000 0.0000000 0.0153438 0.1036632 0.0056471
 35 V  35 0.1636294 0.0404481 0.0549250 0.0684616 0.0000000 0.0234218 0.1194789 0.0082799 0.1345463 0.0154705 0.0160688 0.0746671 0.0027926 0.0000000 0.1713048 0.0457102 0.0310355 0.0000000 0.0000000 0.0297597
 36 N  36 0.0625160 0.0405217 0.1007227 0.1334536 0.0000000 0.0161724 0.1163486 0.2296673 0.0622687 0.0045486 0.0026638 0.0899496 0.0000000 0.0019648 0.0748006 0.0283355 0.0192608 0.0036852 0.0049622 0.0081579
 37 T  37 0.1332974 0.0357023 0.0034754 0.0554520 0.0000000 0.0271967 0.0640236 0.0243608 0.0358392 0.0724782 0.0192152 0.0456818 0.0496118 0.0107325 0.0505736 0.0901363 0.1290913 0.0000000 0.0016037 0.1515284
 38 D  38 0.0146568 0.0226577 0.1058274 0.5432524 0.0000000 0.0091803 0.0309231 0.0400448 0.0055090 0.0042080 0.0000000 0.0666790 0.0029126 0.0023819 0.0323079 0.0737023 0.0343363 0.0000000 0.0025548 0.0088657
 39 M  39 0.0190988 0.0264518 0.0022535 0.0062310 0.0000000 0.0250756 0.0251356 0.0025329 0.0118319 0.1169685 0.2973067 0.0377374 0.1562448 0.0304632 0.0448489 0.0066792 0.0141452 0.1300814 0.0000000 0.0469136
 40 A  40 0.1209130 0.0180308 0.0299528 0.1746764 0.0000000 0.0532226 0.1686030 0.0689713 0.0089862 0.0129699 0.0023611 0.0538647 0.0046015 0.0017691 0.0796578 0.0798298 0.0888399 0.0000000 0.0013883 0.0313621
 41 K  41 0.0701803 0.1282052 0.0141174 0.0360501 0.0021555 0.0581192 0.1227250 0.0816703 0.1112378 0.0143022 0.0303661 0.1125665 0.0105902 0.0035753 0.0932380 0.0483277 0.0373320 0.0000000 0.0097119 0.0155293
 42 Q  42 0.1547162 0.0025430 0.0000000 0.0000000 0.0020270 0.0914934 0.0027269 0.0032405 0.1660829 0.0876059 0.1785309 0.0000000 0.0219210 0.0480963 0.0038764 0.0814648 0.0562033 0.0042170 0.0144978 0.0807567
 43 K  43 0.0576078 0.2529906 0.0087871 0.0068338 0.0000000 0.0215210 0.1048301 0.0054369 0.0117239 0.0831920 0.1061407 0.2500713 0.0172286 0.0040231 0.0173559 0.0168587 0.0108347 0.0000000 0.0019948 0.0225692
 44 Q  44 0.1206962 0.0969913 0.0156763 0.1277371 0.0008825 0.1190037 0.2131562 0.0283561 0.0125215 0.0070575 0.0185722 0.0704815 0.0089710 0.0158420 0.0511220 0.0242109 0.0276550 0.0030852 0.0157010 0.0222807
 45 H  45 0.0279802 0.1686622 0.0352907 0.0000000 0.0028972 0.0508952 0.0141209 0.0349064 0.1598822 0.0167094 0.0462016 0.3297210 0.0236715 0.0000000 0.0000000 0.0317590 0.0269783 0.0000000 0.0012392 0.0290851
 46 Q  46 0.0013431 0.0019468 0.0107179 0.0000000 0.0000000 0.2623142 0.0060257 0.0000000 0.0017591 0.0578453 0.3778541 0.0035232 0.0967338 0.0728980 0.0000000 0.0077364 0.0104191 0.0000000 0.0058861 0.0829971
 47 K  47 0.1498594 0.0639480 0.0062314 0.0022483 0.0267181 0.0233002 0.0077586 0.0235688 0.0044316 0.0524223 0.0288096 0.1058139 0.0031332 0.1074196 0.0033503 0.0467767 0.1533635 0.0000000 0.0867649 0.1040815
 48 D  48 0.1362444 0.0364324 0.0389835 0.1267469 0.0081188 0.0966748 0.1465958 0.0221655 0.0077866 0.0106740 0.0789609 0.0573226 0.0696973 0.0073408 0.0000000 0.0446488 0.0403544 0.0420910 0.0099678 0.0191937
 49 F  49 0.0000000 0.0000000 0.0000000 0.0000000 0.0000000 0.0761273 0.0000000 0.0000000 0.0168008 0.0106570 0.0169181 0.0084863 0.0084312 0.7005469 0.0000000 0.0000000 0.0000000 0.0448139 0.1080434 0.0091750
 50 M  50 0.0035956 0.0000000 0.0035858 0.0000000 0.0045088 0.0033702 0.0000000 0.0000000 0.0000000 0.0831234 0.5201558 0.0000000 0.0479637 0.1070542 0.0000000 0.0047421 0.0092580 0.1577979 0.0041329 0.0507115
 51 T  51 0.0938586 0.0140378 0.0095056 0.0026042 0.1719839 0.0162026 0.0687918 0.0358154 0.0071619 0.0641094 0.0128584 0.0161640 0.0145201 0.0000000 0.0000000 0.2616500 0.1472352 0.0000000 0.0061856 0.0573155
 52 Y  52 0.0629255 0.0057373 0.0221216 0.0114519 0.0037032 0.2162272 0.1265808 0.1956420 0.0152304 0.0033169 0.0176262 0.0111033 0.0543876 0.0161754 0.0000000 0.1093054 0.0311978 0.0082478 0.0492883 0.0397312
 53 A  53 0.1506524 0.0244199 0.0037454 0.0017014 0.0062438 0.0113735 0.0089177 0.0143787 0.0122332 0.0712673 0.1319234 0.0046792 0.0377615 0.0583424 0.0000000 0.0147042 0.0139933 0.1524971 0.1068323 0.1743334
 54 F  54 0.0593383 0.0000000 0.0000000 0.0000000 0.0135244 0.0000000 0.0020593 0.0030513 0.0000000 0.0250957 0.3591099 0.0000000 0.0876877 0.1988128 0.0000000 0.0497746 0.0931792 0.0761060 0.0000000 0.0322610
 55 G  55 0.0028573 0.0109097 0.0059653 0.0291061 0.0000000 0.0015513 0.0053159 0.7981623 0.0019092 0.0000000 0.1060161 0.0016026 0.0000000 0.0224907 0.0000000 0.0056776 0.0054522 0.0014660 0.0015177 0.0000000
 56 G  56 0.0111167 0.0152896 0.0023333 0.0083115 0.0032384 0.0069139 0.0041757 0.8541268 0.0039631 0.0000000 0.0068831 0.0229679 0.0095507 0.0000000 0.0061764 0.0273921 0.0086400 0.0071643 0.0017563 0.0000000
 57 T  57 0.0281260 0.0203019 0.0117445 0.0135333 0.0000000 0.0111873 0.0413895 0.0217067 0.0037122 0.0033270 0.0033672 0.0162810 0.0000000 0.0000000 0.6915453 0.0404449 0.0872989 0.0000000 0.0000000 0.0060343
 58 D  58 0.0859220 0.0760266 0.0912163 0.0639671 0.1137594 0.0714010 0.0372861 0.0756235 0.0224072 0.0061036 0.0055030 0.1049317 0.0098237 0.0080593 0.0793428 0.0565110 0.0489449 0.0000000 0.0021483 0.0410226
 59 R  59 0.0521394 0.1103215 0.0399521 0.0561068 0.0063616 0.0485648 0.0735117 0.0221244 0.0367858 0.0156752 0.1782019 0.0643787 0.0070753 0.0058533 0.0232094 0.0352149 0.1587932 0.0028109 0.0183078 0.0446113
 60 F  60 0.0000000 0.0021166 0.0017873 0.0042488 0.0000000 0.0054074 0.0000000 0.0029734 0.0000000 0.0081388 0.0051895 0.0000000 0.0000000 0.1116449 0.0045261 0.0025427 0.0000000 0.0282970 0.8209194 0.0022080
 61 P  61 0.0432837 0.0644437 0.0369941 0.0634698 0.0000000 0.0450441 0.0445057 0.0264299 0.0233785 0.0319161 0.0124657 0.0858800 0.0064041 0.0131042 0.0321329 0.2007089 0.2190328 0.0013811 0.0084036 0.0410212
 62 G  62 0.0405045 0.0202784 0.0052682 0.0587299 0.0067233 0.0688616 0.1717682 0.5575801 0.0022110 0.0060212 0.0166620 0.0018152 0.0000000 0.0000000 0.0050746 0.0167008 0.0065248 0.0013734 0.0014036 0.0124992
 63 R  63 0.0840356 0.2044064 0.0642925 0.0485620 0.0000000 0.0810367 0.1163044 0.0180913 0.0449807 0.0107100 0.0222029 0.1786782 0.0270601 0.0027352 0.0170467 0.0382909 0.0163869 0.0000000 0.0082810 0.0168984
 64 S  64 0.0237440 0.0344767 0.1051494 0.1814892 0.0148902 0.0225341 0.0268352 0.0187309 0.1057455 0.0065607 0.0025259 0.0084649 0.0073195 0.0064303 0.1818145 0.1289721 0.0429745 0.0029270 0.0744178 0.0039976
 65 M  65 0.0081121 0.0000000 0.0074841 0.0000000 0.0000000 0.0012717 0.0057807 0.1115636 0.0000000 0.0522928 0.2230312 0.0000000 0.4613374 0.0037740 0.0517952 0.0024010 0.0075929 0.0018611 0.0033267 0.0583757
 66 R  66 0.0615009 0.2500404 0.0170130 0.0165403 0.0000000 0.0403510 0.0548004 0.0297911 0.0487066 0.0193888 0.0733451 0.1503405 0.0238818 0.0344993 0.0658810 0.0315693 0.0216416 0.0000000 0.0170263 0.0436826
 67 A  67 0.0884184 0.1373101 0.0154555 0.0609840 0.0046129 0.0626231 0.1450151 0.0371311 0.0045826 0.0247175 0.0441588 0.0763062 0.0216864 0.0327292 0.1089640 0.0439492 0.0592004 0.0022303 0.0107069 0.0192183
 68 A  68 0.2884358 0.0464184 0.0038739 0.0071416 0.0133323 0.0035834 0.0016292 0.2125353 0.0102539 0.0670911 0.0199401 0.0379476 0.0318435 0.0025811 0.0110873 0.1120275 0.0219721 0.0000000 0.0104052 0.0979010
 69 H  69 0.0106943 0.0000000 0.0000000 0.0000000 0.0000000 0.0079674 0.0000000 0.0046609 0.8530105 0.0195545 0.0389358 0.0000000 0.0456269 0.0000000 0.0000000 0.0015996 0.0029138 0.0000000 0.0063902 0.0086459
 70 Q  70 0.1593707 0.1922640 0.0020666 0.0075090 0.0032800 0.0727322 0.0399316 0.0048826 0.0121517 0.0184000 0.0472407 0.0970132 0.0207140 0.0167747 0.1932524 0.0420989 0.0268571 0.0000000 0.0273599 0.0161008
 71 D  71 0.0934866 0.2246518 0.0486626 0.0594181 0.0014963 0.0226693 0.0246220 0.1796985 0.1654078 0.0035354 0.0085111 0.0378648 0.0171262 0.0056016 0.0484519 0.0290600 0.0185571 0.0036159 0.0046095 0.0029534
 72 L  72 0.0229833 0.0590686 0.0023326 0.0000000 0.0000000 0.0086140 0.0000000 0.0000000 0.0011466 0.0228260 0.5633786 0.0014302 0.2447010 0.0299050 0.0059288 0.0045540 0.0000000 0.0012226 0.0000000 0.0319086
 73 V  73 0.0228669 0.2497040 0.0264848 0.0076557 0.0084731 0.0164735 0.0021334 0.0093596 0.2531122 0.0649590 0.0251121 0.0710884 0.0017214 0.0094074 0.1433137 0.0090880 0.0033030 0.0000000 0.0105649 0.0651789
 74 E  74 0.1820809 0.0536018 0.0025553 0.0172792 0.0000000 0.0459295 0.0411492 0.0331234 0.0141684 0.0423311 0.0693815 0.0543411 0.2410792 0.1035706 0.0048694 0.0306183 0.0108183 0.0000000 0.0105192 0.0425837
 75 N  75 0.0237958 0.3655860 0.0421727 0.0282864 0.0000000 0.0778475 0.0734759 0.0537940 0.0571291 0.0161801 0.0201809 0.0632484 0.0160600 0.0040841 0.0882606 0.0367370 0.0167476 0.0000000 0.0000000 0.0164138
 76 A  76 0.0314268 0.0812116 0.0094295 0.0149037 0.0000000 0.0366941 0.0244848 0.0147152 0.3731299 0.0566511 0.0502374 0.0524911 0.0164716 0.1027191 0.0038633 0.0212348 0.0068603 0.0144244 0.0556041 0.0334474
 77 G  77 0.1356261 0.0170294 0.1757858 0.0612835 0.0000000 0.0180711 0.0397893 0.2805292 0.0261873 0.0013854 0.0016881 0.0258147 0.0060283 0.0000000 0.1338572 0.0424455 0.0274399 0.0000000 0.0019552 0.0050840
 78 L  78 0.0048102 0.0000000 0.0000000 0.0000000 0.0000000 0.0000000 0.0028951 0.0029451 0.0000000 0.5840006 0.2181701 0.0000000 0.0159869 0.0308183 0.0047582 0.0000000 0.0017786 0.0000000 0.0022942 0.1315429
 79 T  79 0.0276490 0.0347597 0.1097340 0.1090379 0.0028964 0.0351350 0.0295318 0.1342500 0.0088822 0.0021435 0.0037415 0.0267664 0.0035501 0.0000000 0.0048224 0.1163489 0.3438288 0.0000000 0.0016602 0.0052622
 80 D  80 0.0562541 0.0301254 0.0689999 0.1859763 0.0000000 0.0465338 0.2161283 0.0223862 0.0190479 0.0086009 0.0239980 0.0298933 0.0150985 0.0042984 0.1877433 0.0286595 0.0299602 0.0034306 0.0047981 0.0180674
 81 V  81 0.2394703 0.0381240 0.0116077 0.0413904 0.0000000 0.0533844 0.1914997 0.0175560 0.0260123 0.0181488 0.0214913 0.0583865 0.0069576 0.0376106 0.0319345 0.0681998 0.0506612 0.0033182 0.0404885 0.0437581
 82 H  82 0.0942687 0.0298323 0.0103845 0.1117991 0.0000000 0.1161354 0.1947479 0.0023339 0.3046104 0.0036189 0.0521586 0.0081152 0.0263958 0.0046768 0.0000000 0.0080658 0.0101609 0.0028759 0.0087298 0.0110902
 83 F  83 0.0826466 0.2490141 0.0000000 0.0052091 0.0000000 0.0014775 0.0028927 0.0000000 0.0121116 0.0034445 0.0198245 0.0201057 0.0020161 0.5237775 0.0000000 0.0141748 0.0028479 0.0269606 0.0216102 0.0118866
 84 D  84 0.0394181 0.0367385 0.1329756 0.4835771 0.0000000 0.0427223 0.1371134 0.0156635 0.0031556 0.0110113 0.0079145 0.0181766 0.0024951 0.0010829 0.0043894 0.0175885 0.0268491 0.0000000 0.0085382 0.0105904
 85 A  85 0.3291025 0.2438252 0.0108912 0.0000000 0.0234904 0.0981971 0.0429214 0.0073876 0.0279052 0.0478394 0.0597765 0.0226163 0.0100207 0.0032697 0.0000000 0.0132535 0.0175103 0.0000000 0.0072323 0.0347607
 86 I  86 0.0238822 0.0104313 0.0023000 0.0000000 0.0058921 0.0000000 0.0000000 0.0137730 0.0000000 0.0413138 0.0960270 0.0000000 0.0212819 0.1145132 0.0000000 0.0018470 0.0170339 0.5195861 0.0088405 0.1232781
 87 A  87 0.0932933 0.0015650 0.0028430 0.0000000 0.0138863 0.0080140 0.0072132 0.0103187 0.0000000 0.0562210 0.4539304 0.0482794 0.0854028 0.0085513 0.0000000 0.0062972 0.0075762 0.0000000 0.0019243 0.1946839
 88 E  88 0.1215714 0.0659720 0.0473673 0.0939890 0.0027126 0.0515634 0.2166131 0.0883830 0.0311565 0.0047116 0.0527457 0.0369828 0.0223123 0.0129945 0.0000000 0.0620606 0.0421044 0.0013673 0.0258434 0.0195494
 89 N  89 0.0315815 0.0009043 0.0622730 0.0806066 0.2448601 0.0102189 0.0146124 0.0029271 0.1895269 0.0217160 0.2492757 0.0000000 0.0062988 0.0023744 0.0000000 0.0040454 0.0201256 0.0000000 0.0364959 0.0221573
 90 L  90 0.0179333 0.0000000 0.0000000 0.0000000 0.0095830 0.0000000 0.0000000 0.0000000 0.0000000 0.0577292 0.2941660 0.0000000 0.3436533 0.2006828 0.0000000 0.0025754 0.0039715 0.0402167 0.0092973 0.0201916
 91 V  91 0.0874931 0.1406982 0.0384635 0.0588453 0.0074034 0.0951101 0.0861434 0.0411513 0.0373338 0.0571193 0.0635706 0.0713554 0.0220758 0.0109881 0.0000000 0.0502447 0.0525458 0.0000000 0.0077085 0.0717496
 92 L  92 0.1566166 0.0827711 0.0409292 0.0872869 0.0046095 0.1513836 0.1570638 0.0398515 0.0076047 0.0161702 0.0363127 0.0978624 0.0093463 0.0032654 0.0012983 0.0213988 0.0499011 0.0092915 0.0015714 0.0254648
 93 T  93 0.5527653 0.0000000 0.0046914 0.0000000 0.0220411 0.0000000 0.0021703 0.0130590 0.0016338 0.0171310 0.0000000 0.0000000 0.0000000 0.0000000 0.0000000 0.1017195 0.2521325 0.0000000 0.0000000 0.0326560
 94 L  94 0.0857215 0.0000000 0.0000000 0.0028540 0.0141444 0.0000000 0.0000000 0.0018204 0.0000000 0.0727573 0.4451432 0.0000000 0.2182707 0.0324245 0.0000000 0.0020356 0.0190694 0.0025063 0.0077434 0.0955094
 95 Q  95 0.1037740 0.0726593 0.0425936 0.3135084 0.0018865 0.0641345 0.1223203 0.0208504 0.0159583 0.0141415 0.0228446 0.0932730 0.0097923 0.0061142 0.0050049 0.0286154 0.0415193 0.0000000 0.0085184 0.0124910
 96 E  96 0.0844415 0.0254967 0.0137727 0.1575015 0.0020240 0.0504376 0.4028593 0.0301656 0.0208134 0.0037545 0.0118348 0.0828508 0.0085969 0.0028496 0.0011591 0.0583567 0.0317142 0.0000000 0.0036075 0.0077638
 97 L  97 0.0794671 0.0311153 0.0553946 0.0052748 0.0310221 0.0626187 0.0419810 0.0021590 0.0678999 0.0725490 0.2396998 0.0031231 0.0480793 0.0476183 0.0070061 0.0096051 0.0656210 0.0030383 0.0128074 0.1139202
 98 N  98 0.0370862 0.0127520 0.0809675 0.0974555 0.0175161 0.0256020 0.0948627 0.4030663 0.0214487 0.0224191 0.0096220 0.0550104 0.0075742 0.0246992 0.0254589 0.0196352 0.0099735 0.0000000 0.0129279 0.0219222
 99 V  99 0.0646220 0.0037570 0.0100241 0.0074212 0.0016611 0.0076291 0.0158256 0.0012405 0.0077501 0.1598537 0.2359846 0.0197312 0.0381627 0.0313451 0.0208441 0.0099393 0.0190928 0.0016635 0.0376194 0.3058328
100 S 100 0.0892440 0.0031614 0.0329351 0.1985091 0.0000000 0.0164183 0.0924313 0.0491967 0.0124562 0.0000000 0.0031317 0.0250754 0.0000000 0.0020264 0.3455445 0.0964276 0.0300894 0.0000000 0.0000000 0.0033530
101 Q 101 0.1330898 0.0162121 0.0160952 0.1318722 0.0000000 0.0633404 0.1993495 0.0535516 0.0209100 0.0093416 0.0137999 0.0334296 0.0026733 0.0210425 0.1834314 0.0283850 0.0347722 0.0050858 0.0062418 0.0273762
102 D 102 0.1529031 0.0547107 0.0232718 0.1745389 0.0000000 0.0641099 0.2391033 0.0344475 0.0190700 0.0088339 0.0204659 0.0334392 0.0042153 0.0000000 0.0853150 0.0397726 0.0298952 0.0012552 0.0012880 0.0133643
103 L 103 0.1397879 0.0038263 0.0193944 0.0560595 0.0000000 0.0322770 0.0794662 0.0018658 0.0509148 0.0509578 0.2578236 0.0026752 0.0145204 0.0757585 0.0056216 0.0317633 0.0827581 0.0012395 0.0168620 0.0764280
104 I 104 0.1122998 0.2331911 0.0041072 0.0137569 0.0021150 0.1142004 0.0176810 0.0172830 0.0146226 0.1821800 0.0229770 0.1189244 0.0108496 0.0071627 0.0000000 0.0070558 0.0168196 0.0017304 0.0037140 0.0993294
105 D 105 0.1150269 0.0705959 0.1396361 0.1705675 0.0000000 0.0713671 0.1763877 0.0325058 0.0064044 0.0178116 0.0150868 0.0505309 0.0024671 0.0048428 0.0048474 0.0566431 0.0371315 0.0000000 0.0036165 0.0245309
106 E 106 0.1306990 0.1260024 0.0081792 0.0727288 0.0000000 0.1037951 0.2735165 0.0042359 0.0079273 0.0174959 0.0213641 0.0628139 0.0111985 0.0117775 0.0197602 0.0174685 0.0383907 0.0020227 0.0578246 0.0127989
107 V 107 0.1356248 0.0025866 0.0000000 0.0000000 0.0127949 0.0000000 0.0000000 0.0000000 0.0000000 0.1308574 0.3508334 0.0000000 0.0576558 0.1195690 0.0000000 0.0020660 0.0083795 0.0105855 0.0035211 0.1655261
108 V 108 0.0737619 0.0421757 0.0123478 0.0107129 0.0018436 0.0166147 0.0228870 0.0248546 0.0120409 0.0891512 0.2970407 0.0119553 0.1198991 0.0297253 0.0000000 0.0184885 0.0279020 0.0690036 0.0385537 0.0810414
109 T 109 0.2561664 0.0958853 0.0465792 0.0691290 0.0000000 0.0950412 0.0986825 0.0791765 0.0106262 0.0214901 0.0078721 0.0740956 0.0119157 0.0061267 0.0022443 0.0603776 0.0268691 0.0027708 0.0044246 0.0305272
110 I 110 0.1213520 0.1499686 0.0024566 0.0030545 0.0050310 0.0365113 0.0145396 0.0015374 0.0288268 0.1433225 0.0794668 0.0621161 0.0215944 0.0484795 0.0065261 0.0093287 0.0531967 0.0000000 0.1282215 0.0844699
111 V 111 0.2088174 0.0000000 0.0039096 0.0000000 0.0054754 0.0000000 0.0000000 0.0035093 0.0000000 0.1006110 0.3904597 0.0000000 0.0675699 0.1020246 0.0000000 0.0025992 0.0064258 0.0032835 0.0000000 0.1053144
112 G 112 0.2148121 0.0677778 0.0235039 0.1240522 0.0000000 0.0680792 0.3136732 0.0474749 0.0115263 0.0043272 0.0159742 0.0092075 0.0000000 0.0051483 0.0015258 0.0282428 0.0280897 0.0115058 0.0178983 0.0071810
113 S 113 0.0543408 0.0739666 0.0141874 0.0111490 0.0076051 0.0161046 0.0068335 0.0616590 0.0674306 0.0215888 0.0091153 0.0240321 0.0266115 0.0238670 0.1677083 0.2080897 0.0782577 0.0890481 0.0033235 0.0350815
114 V 114 0.0352710 0.0021299 0.0041344 0.0000000 0.0000000 0.0037362 0.0036657 0.0145891 0.0000000 0.0587111 0.3019736 0.0064900 0.2784413 0.0179897 0.0639209 0.0083309 0.0978198 0.0000000 0.0210217 0.0817746
115 Q 115 0.3411974 0.2283818 0.0083044 0.0000000 0.0039584 0.1075477 0.0404633 0.0229729 0.0224324 0.0067055 0.0069964 0.1269055 0.0016264 0.0124183 0.0000000 0.0351216 0.0076889 0.0035859 0.0078660 0.0158272
116 H 116 0.0179787 0.1155395 0.1657309 0.0162299 0.0000000 0.0600193 0.0760922 0.0154314 0.1512673 0.0104021 0.0045474 0.0190058 0.0128893 0.0242150 0.0981934 0.0292219 0.0206933 0.0084542 0.1424670 0.0116214
117 R 117 0.0258714 0.6638614 0.0043215 0.0000000 0.0000000 0.0635583 0.0026770 0.0032270 0.0189359 0.0000000 0.0103693 0.1446003 0.0000000 0.0071213 0.0000000 0.0000000 0.0083146 0.0000000 0.0373907 0.0097513
118 N 118 0.1388498 0.0083736 0.0652572 0.1655284 0.0047186 0.0253672 0.0210439 0.1506693 0.0105721 0.0564661 0.0173982 0.1042346 0.0203068 0.0051693 0.0335578 0.1286764 0.0085465 0.0000000 0.0075797 0.0276847
119 D 119 0.0634490 0.0147964 0.0162649 0.4484101 0.0192607 0.0845526 0.1373901 0.0066901 0.0111047 0.0197566 0.0148100 0.0061325 0.0000000 0.0000000 0.0049886 0.0195219 0.0195037 0.0000000 0.0171746 0.0961932
120 V 120 0.0000000 0.0000000 0.0000000 0.0000000 0.0042785 0.0481891 0.0000000 0.0000000 0.0000000 0.5155580 0.0069929 0.0000000 0.0517878 0.0000000 0.0000000 0.0043603 0.0106025 0.0000000 0.0069331 0.3512976
121 L 121 0.0113927 0.0000000 0.0128733 0.0000000 0.0000000 0.0110559 0.0093727 0.0000000 0.0000000 0.1282882 0.2528730 0.0000000 0.0068291 0.0000000 0.0085537 0.0085998 0.0766108 0.0000000 0.0000000 0.4735509
122 N 122 0.0115840 0.0055695 0.2583454 0.0457868 0.0062019 0.0285553 0.0316099 0.1721576 0.0050450 0.0039374 0.0046440 0.0000000 0.0000000 0.0107894 0.0000000 0.1505616 0.1575394 0.0000000 0.0825410 0.0251318
123 R 123 0.0000000 0.4590995 0.0000000 0.0000000 0.0000000 0.2438769 0.0000000 0.0000000 0.0000000 0.0000000 0.0000000 0.2970236 0.0000000 0.0000000 0.0000000 0.0000000 0.0000000 0.0000000 0.0000000 0.0000000
