  187         A         R         N         D         C         Q         E         G         H         I         L         K         M         F         P         S         T         W         Y         V         X    
  1 S   1 0.0155065 0.0000000 0.0000000 0.0000000 0.0000000 0.0000000 0.0000000 0.0000000 0.0000000 0.0000000 0.0000000 0.0000000 0.0000000 0.0000000 0.0000000 0.0397601 0.0000000 0.0000000 0.0000000 0.0000000 0.9447334
  2 E   2 0.0000000 0.0000000 0.0000000 0.0000000 0.0000000 0.0751756 0.0424152 0.0000000 0.0126513 0.0000000 0.0000000 0.0028211 0.0000000 0.0000000 0.0348574 0.0000000 0.0000000 0.0000000 0.0000000 0.0000000 0.8320794
  3 F   3 0.0267350 0.0000000 0.0000000 0.0000000 0.0000000 0.0028280 0.0000000 0.0000000 0.0000000 0.0871254 0.0532615 0.0000000 0.0000000 0.0287082 0.0000000 0.0000000 0.0215032 0.0000000 0.0201670 0.0028211 0.7568507
  4 I   4 0.0000000 0.2152133 0.0000000 0.0000000 0.0000000 0.0038796 0.0000000 0.0000000 0.0000000 0.1519831 0.0144565 0.0079125 0.0000000 0.0042028 0.0000000 0.0189844 0.0000000 0.0000000 0.0000000 0.0202094 0.5631583
  5 V   5 0.0000000 0.1181764 0.2103379 0.0000000 0.0000000 0.0000000 0.0103226 0.0000000 0.0000000 0.0415330 0.0000000 0.0190741 0.0047519 0.0000000 0.0037071 0.0126114 0.0057856 0.0000000 0.0000000 0.0702225 0.5034774
  6 T   6 0.0040656 0.0117816 0.0000000 0.0000000 0.0000000 0.0046758 0.0157277 0.0000000 0.0000000 0.0155065 0.0385993 0.0031342 0.0228436 0.0000000 0.1849901 0.0000000 0.2021647 0.0000000 0.0000000 0.0080634 0.4884473
  7 G   7 0.0000000 0.0729111 0.0000000 0.0000000 0.0000000 0.0055786 0.0000000 0.1818709 0.0232571 0.0124530 0.0117826 0.0038435 0.1894097 0.0080111 0.0000000 0.0000000 0.0000000 0.0000000 0.0000000 0.0847474 0.4061350
  8 E   8 0.0438576 0.0000000 0.0422770 0.0673311 0.0000000 0.0000000 0.2491068 0.0000000 0.0781566 0.0000000 0.0049415 0.0627053 0.0000000 0.0000000 0.0088438 0.0243733 0.0077506 0.0000000 0.0000000 0.0171523 0.3935042
  9 R   9 0.0369228 0.3284805 0.0000000 0.0000000 0.0051588 0.0169226 0.0157617 0.0174184 0.0000000 0.0062491 0.2385768 0.0459171 0.0074610 0.0000000 0.0125744 0.0074596 0.0049442 0.0031691 0.0000000 0.0095990 0.2433850
 10 L  10 0.0000000 0.0000000 0.0000000 0.0000000 0.0000000 0.0000000 0.0000000 0.0000000 0.0000000 0.1281654 0.2702105 0.0000000 0.2869139 0.0077506 0.0000000 0.0000000 0.0187688 0.0000000 0.0000000 0.0752082 0.2129826
 11 P  11 0.0069105 0.0242993 0.0156004 0.2057738 0.0049442 0.0129169 0.0731203 0.0049415 0.0185808 0.0000000 0.0000000 0.0718421 0.0000000 0.0000000 0.1089129 0.0720082 0.0560602 0.0000000 0.1156522 0.0000000 0.2084366
 12 A  12 0.0546410 0.0898406 0.0000000 0.0058289 0.0000000 0.0687428 0.0984342 0.0000000 0.0078264 0.0155065 0.0086818 0.0255045 0.0000000 0.0100028 0.3096239 0.0082124 0.0046974 0.0000000 0.0682523 0.0157678 0.2084366
 13 N  13 0.0141010 0.0532490 0.0473550 0.0962193 0.0022448 0.0184393 0.1267171 0.0643694 0.0756356 0.0069048 0.0082073 0.0560217 0.0058289 0.0346835 0.0072676 0.0206394 0.0637905 0.0591141 0.0188349 0.0141444 0.2062324
 14 F  14 0.0158695 0.0000000 0.0077506 0.0124528 0.0000000 0.0251041 0.1533497 0.0000000 0.0000000 0.0691021 0.0129338 0.0569389 0.0088438 0.0479256 0.0000000 0.0066947 0.3250841 0.0000000 0.0137439 0.0379741 0.2062324
 15 F  15 0.0000000 0.0000000 0.0000000 0.0000000 0.0000000 0.0000000 0.0000000 0.0000000 0.0000000 0.0000000 0.0045460 0.0000000 0.0000000 0.7892216 0.0000000 0.0000000 0.0000000 0.0000000 0.0000000 0.0000000 0.2062324
 16 K  16 0.0089423 0.0304467 0.0190324 0.0160025 0.0233832 0.0098866 0.0483581 0.0000000 0.0178764 0.0295347 0.0633149 0.1109944 0.0066947 0.0354228 0.0000000 0.0694166 0.0986972 0.0000000 0.1870326 0.0187315 0.2062324
 17 F  17 0.0254301 0.0217165 0.0000000 0.0116913 0.0000000 0.0711030 0.0374505 0.0218288 0.0057856 0.0074879 0.0517190 0.0281924 0.0000000 0.2760168 0.0063189 0.0482808 0.0000000 0.0000000 0.1598742 0.0283411 0.1987632
 18 Q  18 0.0153189 0.0000000 0.2000657 0.0124379 0.0062491 0.2325560 0.0049442 0.0227706 0.1617015 0.0232950 0.0056632 0.0000000 0.0000000 0.0464432 0.0000000 0.0344196 0.0197235 0.0000000 0.0156483 0.0000000 0.1987632
 19 F  19 0.0058289 0.0000000 0.0000000 0.0000000 0.0000000 0.0000000 0.0000000 0.0000000 0.0000000 0.0000000 0.0000000 0.0000000 0.0000000 0.7598091 0.0000000 0.0000000 0.0000000 0.0062491 0.0293497 0.0000000 0.1987632
 20 R  20 0.0058060 0.0728011 0.1330745 0.0036119 0.0074268 0.0000000 0.0756254 0.1041498 0.0122598 0.0037090 0.0168540 0.1595298 0.0000000 0.0155065 0.0326873 0.0068418 0.0312755 0.0000000 0.0429044 0.0058289 0.2701077
 21 N  21 0.0045460 0.0074692 0.6144398 0.0058289 0.0150200 0.0000000 0.0000000 0.0053785 0.0077506 0.0000000 0.0000000 0.0000000 0.0000000 0.0322942 0.0000000 0.0000000 0.0000000 0.0000000 0.0000000 0.0000000 0.3072727
 22 V  22 0.0071919 0.1058759 0.0392946 0.0426774 0.0000000 0.0434774 0.0418995 0.0214253 0.0000000 0.0000000 0.1463664 0.0337396 0.0120759 0.0175313 0.0322942 0.0088786 0.0053785 0.0000000 0.0000000 0.1542965 0.2875970
 23 E  23 0.0113527 0.1862864 0.0134179 0.0748320 0.0143955 0.0020185 0.0934699 0.0068139 0.0300274 0.0021155 0.0259220 0.0277146 0.0000000 0.0000000 0.2467935 0.0123976 0.0000000 0.0241653 0.0056632 0.0091608 0.2134530
 24 Y  24 0.0119607 0.0770583 0.0085292 0.0046974 0.0166254 0.0132330 0.0200183 0.0190000 0.0000000 0.0943896 0.0038167 0.0845740 0.0000000 0.0690717 0.0822322 0.0757856 0.0071936 0.0729521 0.1548822 0.0038796 0.1801005
 25 S  25 0.1993472 0.0695385 0.0062491 0.0000000 0.0000000 0.0149046 0.0000000 0.0090763 0.0000000 0.0027238 0.1147210 0.0045076 0.0104521 0.0000000 0.1512626 0.1103715 0.0327777 0.0000000 0.0072455 0.0927139 0.1741086
 26 S  26 0.0056488 0.0536393 0.0222932 0.0124731 0.0060397 0.0463549 0.0782547 0.0000000 0.0145638 0.0107130 0.0324338 0.0486051 0.0051355 0.0181668 0.0116302 0.1844523 0.0356990 0.0074836 0.2074251 0.0155065 0.1834816
 27 G  27 0.0141010 0.0664911 0.0133909 0.0441594 0.0000000 0.0000000 0.0058289 0.4049518 0.0605610 0.0000000 0.0687843 0.0000000 0.0000000 0.0195400 0.0145880 0.0000000 0.0233300 0.0000000 0.0668787 0.0000000 0.1973949
 28 R  28 0.0000000 0.5311738 0.0000000 0.0040449 0.0102585 0.0750999 0.0000000 0.0628959 0.0069075 0.0000000 0.0091681 0.0260895 0.0000000 0.0000000 0.0819433 0.0155065 0.0000000 0.0142007 0.0000000 0.0000000 0.1627114
 29 N  29 0.0000000 0.1471150 0.2914541 0.0175626 0.0000000 0.0056632 0.0132845 0.0063193 0.1618327 0.0000000 0.0000000 0.1267114 0.0072455 0.0000000 0.0069075 0.0394956 0.0278484 0.0000000 0.0074634 0.0000000 0.1410970
 30 K  30 0.0029118 0.0510378 0.0223887 0.0125931 0.0335359 0.0526686 0.1932659 0.0093515 0.0699756 0.0094783 0.0501117 0.2484877 0.0000000 0.0000000 0.0000000 0.0049442 0.0612145 0.0000000 0.0450441 0.0134401 0.1195505
 31 T  31 0.0438845 0.0000000 0.0074836 0.0000000 0.0254231 0.0084114 0.0000000 0.0000000 0.0255941 0.0030863 0.0000000 0.0056632 0.0000000 0.0000000 0.1121805 0.0539123 0.5363278 0.0000000 0.0000000 0.0584826 0.1195505
 32 F  32 0.0000000 0.0046082 0.0000000 0.0000000 0.0637299 0.0000000 0.0000000 0.0000000 0.0056632 0.0066947 0.0915356 0.0000000 0.0000000 0.2352126 0.0000000 0.0082124 0.0071407 0.1354195 0.3128813 0.0093515 0.1195505
 33 L  33 0.0235491 0.0000000 0.0000000 0.0000000 0.0000000 0.0000000 0.0000000 0.0584664 0.0000000 0.0459276 0.6608646 0.0000000 0.0052334 0.0000000 0.0000000 0.0000000 0.0184005 0.0000000 0.0000000 0.0310879 0.1564705
 34 C  34 0.0511086 0.0000000 0.0000000 0.0000000 0.6180972 0.0000000 0.0000000 0.0000000 0.0000000 0.0000000 0.1100847 0.0000000 0.0000000 0.0409130 0.0000000 0.0269737 0.0000000 0.0000000 0.0000000 0.0000000 0.1528227
 35 Y  35 0.0000000 0.0000000 0.0000000 0.0000000 0.0144031 0.0000000 0.0000000 0.0000000 0.0000000 0.0273897 0.0258693 0.0000000 0.0000000 0.1379683 0.0000000 0.0225232 0.0000000 0.0000000 0.6330635 0.0303597 0.1084232
 36 V  36 0.0041131 0.0383205 0.0100028 0.0000000 0.0000000 0.1248736 0.4247393 0.0000000 0.0000000 0.0179971 0.1062999 0.0231964 0.0097346 0.0000000 0.0000000 0.0000000 0.0443401 0.0040656 0.0093515 0.0843155 0.0986500
 37 V  37 0.0144778 0.0000000 0.0000000 0.0000000 0.0000000 0.0000000 0.0000000 0.0000000 0.0000000 0.0816472 0.2082076 0.0000000 0.0231140 0.0000000 0.0062491 0.0000000 0.0000000 0.0000000 0.0000000 0.5710538 0.0952507
 38 E  38 0.0243246 0.0461294 0.0194880 0.0946314 0.0000000 0.0414430 0.2352997 0.0000000 0.0070363 0.0000000 0.0046454 0.3375697 0.0034322 0.0000000 0.0000000 0.0000000 0.0486258 0.0062491 0.0000000 0.0033431 0.1277822
 39 A  39 0.0456366 0.1806093 0.0000000 0.0126538 0.0000000 0.0257782 0.0104727 0.1047340 0.0374415 0.0544608 0.0340052 0.0124283 0.0285698 0.0000000 0.0439407 0.0266709 0.1262843 0.0894470 0.0000000 0.0488987 0.1179683
 40 Q  40 0.0267604 0.1377219 0.0128687 0.0115823 0.0000000 0.0966653 0.0396553 0.0328685 0.0062210 0.0337889 0.0857337 0.1147081 0.0205785 0.0336228 0.0641919 0.0660276 0.0134150 0.0120635 0.0000000 0.0019394 0.1895870
 41 G  41 0.0000000 0.0466343 0.1246324 0.1879761 0.0000000 0.0068174 0.0266765 0.2271955 0.0375116 0.0097474 0.0166789 0.0852622 0.0000000 0.0062491 0.0000000 0.0794720 0.0200089 0.0000000 0.0041567 0.0149402 0.1060409
 42 K  42 0.0392950 0.0377092 0.0766405 0.1119693 0.0394568 0.0206396 0.0193498 0.2913224 0.0245873 0.0000000 0.0049442 0.0403387 0.0108529 0.0000000 0.0501447 0.0825023 0.0129710 0.0106443 0.0099296 0.0000000 0.1167025
 43 G  43 0.0633477 0.0702729 0.0770181 0.0989677 0.0000000 0.0192852 0.0503747 0.1007001 0.0452967 0.0000000 0.0000000 0.0000000 0.0000000 0.0263392 0.0821344 0.2003412 0.0343043 0.0000000 0.0000000 0.0055630 0.1260546
 44 G  44 0.0186374 0.0696820 0.0163849 0.0280830 0.0000000 0.0031394 0.0148569 0.0328399 0.0133949 0.0314041 0.0643439 0.0143455 0.0106776 0.0000000 0.0218881 0.2410487 0.1517182 0.0045076 0.0062001 0.1210874 0.1357604
 45 Q  45 0.0204293 0.0602200 0.0149914 0.0071255 0.0035134 0.0212078 0.0122836 0.0084114 0.0038310 0.0284764 0.0650106 0.0680535 0.0000000 0.0000000 0.1675159 0.0839258 0.0553295 0.0666809 0.0126522 0.1059062 0.1944353
 46 V  46 0.0358064 0.0171667 0.0170198 0.0131606 0.0311275 0.0812555 0.0000000 0.0294480 0.0000000 0.0464957 0.1709230 0.0000000 0.0283104 0.0217755 0.0311518 0.0064537 0.0851628 0.0000000 0.0000000 0.1890868 0.1956557
 47 Q  47 0.0114778 0.0546434 0.0378086 0.0404233 0.0000000 0.0330670 0.0919530 0.0311669 0.0078297 0.0000000 0.0432846 0.0653773 0.0032808 0.0398849 0.1425931 0.1206492 0.0126153 0.0771844 0.0026932 0.0000000 0.1840675
 48 A  48 0.0532913 0.0761713 0.0000000 0.0026527 0.0028541 0.1004925 0.0219778 0.0795051 0.0093515 0.0440480 0.2158017 0.0127020 0.0058841 0.0245041 0.0225191 0.0311844 0.0175323 0.1025606 0.0000000 0.0000000 0.1769673
 49 S  49 0.0246797 0.0203657 0.0207836 0.2003390 0.0154229 0.0407206 0.0679330 0.0325687 0.1785763 0.0119176 0.0405782 0.0382252 0.0128764 0.0147058 0.0000000 0.0364995 0.0224900 0.0138018 0.0116374 0.0382797 0.1575991
 50 R  50 0.1215413 0.2131556 0.1038038 0.0000000 0.0000000 0.0490646 0.0000000 0.0000000 0.0309175 0.0000000 0.0000000 0.1346553 0.0038167 0.0530379 0.0000000 0.0539421 0.0888712 0.0248899 0.0155065 0.0093515 0.0974461
 51 G  51 0.0254017 0.0036479 0.0420814 0.0275075 0.0033431 0.0000000 0.0085873 0.6070990 0.0000000 0.0058289 0.0000000 0.0500173 0.0068991 0.0000000 0.0000000 0.0756651 0.0202421 0.0071407 0.0000000 0.0157449 0.1007940
 52 Y  52 0.0000000 0.0072532 0.0216323 0.0000000 0.0652262 0.0084114 0.0092896 0.0042202 0.0361348 0.0856631 0.0235747 0.0000000 0.0055630 0.1061057 0.0000000 0.0572467 0.0097130 0.0179602 0.1965841 0.2082810 0.1371408
 53 L  53 0.0291972 0.0050758 0.0326653 0.0000000 0.0786617 0.0051355 0.0033431 0.0000000 0.0000000 0.0397341 0.2932095 0.0100801 0.0299210 0.2666965 0.0055630 0.0093088 0.0000000 0.0000000 0.0000000 0.0452547 0.1461536
 54 E  54 0.0105553 0.2656342 0.0000000 0.0000000 0.0372074 0.0775046 0.1236862 0.0000000 0.0325056 0.0000000 0.0599139 0.0688843 0.0035361 0.0024671 0.0466644 0.0172572 0.0959816 0.0000000 0.0174725 0.0128700 0.1278595
 55 D  55 0.0051219 0.0000000 0.4205440 0.1326682 0.0000000 0.0000000 0.0451784 0.1712582 0.0000000 0.0000000 0.0069910 0.0183733 0.0000000 0.0000000 0.0182763 0.0294025 0.0084274 0.0000000 0.0119702 0.0000000 0.1317886
 56 E  56 0.0000000 0.0446062 0.0435335 0.0075926 0.0000000 0.3301867 0.1452747 0.0349502 0.0185373 0.0190389 0.0044479 0.2204138 0.0000000 0.0041613 0.0176324 0.0185149 0.0078471 0.0000000 0.0078264 0.0000000 0.0754360
 57 H  57 0.0669656 0.0034607 0.0985558 0.1902313 0.0000000 0.0019959 0.0855114 0.0307974 0.0961635 0.0018653 0.0000000 0.0213717 0.0000000 0.0000000 0.0247218 0.0309766 0.0039483 0.0034170 0.0271433 0.1075267 0.2053477
 58 A  58 0.1027076 0.0129295 0.0179154 0.0000000 0.0092896 0.0071407 0.0000000 0.0819261 0.0074697 0.0112512 0.0029788 0.0966056 0.0468890 0.0139517 0.1684597 0.0904207 0.1825354 0.0000000 0.0205927 0.0116521 0.1152845
 59 A  59 0.0404345 0.0337486 0.0775889 0.0031921 0.0079125 0.0413124 0.0443524 0.1303827 0.0625104 0.0045387 0.0000000 0.0761068 0.0000000 0.0000000 0.0509146 0.0730061 0.2109901 0.0000000 0.0000000 0.0000000 0.1430092
 60 A  60 0.1434760 0.1585196 0.0668387 0.0244036 0.1494968 0.0338399 0.0000000 0.0551783 0.0547326 0.0676140 0.0232177 0.0179200 0.0000000 0.0000000 0.0000000 0.0249731 0.0074725 0.0000000 0.0399981 0.0032750 0.1290441
 61 H  61 0.0000000 0.0056251 0.0046082 0.0034150 0.0056673 0.0000000 0.0000000 0.0000000 0.9298922 0.0000000 0.0000000 0.0000000 0.0000000 0.0000000 0.0000000 0.0000000 0.0000000 0.0000000 0.0000000 0.0000000 0.0507923
 62 A  62 0.6713797 0.0000000 0.0000000 0.0000000 0.0000000 0.0037602 0.0000000 0.0000000 0.0000000 0.0000000 0.0000000 0.0000000 0.0000000 0.0000000 0.1290099 0.0038512 0.0087529 0.0056673 0.0000000 0.1267865 0.0507923
 63 E  63 0.0056085 0.0000000 0.0000000 0.0000000 0.0000000 0.0000000 0.9340534 0.0000000 0.0037602 0.0000000 0.0000000 0.0057856 0.0000000 0.0000000 0.0000000 0.0000000 0.0000000 0.0000000 0.0000000 0.0000000 0.0507923
 64 E  64 0.0078471 0.1100742 0.0056673 0.0000000 0.0034876 0.0478417 0.0619130 0.0000000 0.0000000 0.1841432 0.1959029 0.0029506 0.1382981 0.0092380 0.0000000 0.0956549 0.0203154 0.0072015 0.0000000 0.0586723 0.0507923
 65 A  65 0.1002256 0.1229638 0.0859920 0.0000000 0.2565943 0.0051340 0.0027213 0.0000000 0.0000000 0.0311152 0.1335494 0.0225101 0.0783598 0.0312199 0.0000000 0.0316191 0.0040449 0.0074697 0.0165806 0.0191080 0.0507923
 66 F  66 0.0402407 0.0000000 0.0000000 0.0000000 0.0000000 0.0000000 0.0000000 0.0000000 0.0000000 0.0229211 0.1981689 0.0000000 0.0000000 0.6485105 0.0000000 0.0155065 0.0000000 0.0000000 0.0000000 0.0238601 0.0507923
 67 F  67 0.0496920 0.0000000 0.0000000 0.0056673 0.0000000 0.0000000 0.0000000 0.0000000 0.0000000 0.1723436 0.4688722 0.0000000 0.0419651 0.1761165 0.0000000 0.0000000 0.0000000 0.0000000 0.0000000 0.0307910 0.0545525
 68 N  68 0.0139972 0.1220581 0.0415901 0.1718607 0.0000000 0.0251857 0.1874259 0.0161846 0.0682646 0.0000000 0.0090330 0.0216082 0.0000000 0.0032884 0.0000000 0.1700486 0.0688637 0.0000000 0.0314457 0.0000000 0.0491455
 69 T  69 0.0235119 0.0962588 0.0000000 0.0177412 0.0056251 0.0756998 0.0595638 0.0055630 0.0173710 0.0070363 0.0725670 0.1651583 0.0000000 0.0000000 0.0000000 0.0125682 0.0350582 0.2634782 0.0380019 0.0048315 0.0999657
 70 I  70 0.1523896 0.0000000 0.0000000 0.0000000 0.0075533 0.0000000 0.0119154 0.0000000 0.0056736 0.2574185 0.0376206 0.0000000 0.0319634 0.3056445 0.0000000 0.0000000 0.0090330 0.0000000 0.0067409 0.0981645 0.0758826
 71 L  71 0.0360041 0.0719368 0.0706097 0.0141010 0.1251572 0.0201907 0.0865863 0.0171720 0.0780318 0.0000000 0.1279765 0.0210546 0.0000000 0.0303984 0.0210194 0.1674682 0.0127536 0.0164706 0.0000000 0.0146875 0.0683816
 72 P  72 0.0553480 0.1407525 0.0310536 0.0827882 0.0000000 0.0230075 0.0341045 0.1459838 0.0042202 0.0000000 0.0084114 0.0619979 0.0090627 0.0045706 0.0838606 0.0686735 0.0407498 0.1467076 0.0000000 0.0133225 0.0453853
 73 A  73 0.0561608 0.0597501 0.1275811 0.0700338 0.0000000 0.1065432 0.0328865 0.0479728 0.0686734 0.0055630 0.0056651 0.1414099 0.0000000 0.0100028 0.0000000 0.0533545 0.0483839 0.0126707 0.1103108 0.0059632 0.0370742
 74 F  74 0.0000000 0.0303960 0.0000000 0.0140746 0.0213512 0.0315440 0.0000000 0.0000000 0.0125681 0.0115258 0.6277843 0.0045706 0.0230172 0.0801848 0.0000000 0.0000000 0.0000000 0.0020446 0.0957283 0.0051028 0.0401076
 75 D  75 0.0110982 0.0679409 0.0388977 0.3879228 0.0601292 0.0059973 0.0423435 0.0327079 0.0630874 0.0000000 0.0692201 0.0083993 0.0000000 0.0000000 0.0113509 0.1170460 0.0232445 0.0000000 0.0205067 0.0000000 0.0401076
 76 P  76 0.0617102 0.0574147 0.0064101 0.0271706 0.0000000 0.0618640 0.0195631 0.0237432 0.0050381 0.0000000 0.0763410 0.0272513 0.0000000 0.0061248 0.4684948 0.0974696 0.0178271 0.0000000 0.0000000 0.0029788 0.0405987
 77 A  77 0.2314162 0.0341369 0.0820101 0.1846948 0.0000000 0.0023368 0.0248195 0.0810902 0.0250598 0.0040449 0.0087204 0.0366270 0.0074836 0.0000000 0.0048323 0.1477140 0.0304246 0.0121647 0.0118877 0.0299378 0.0405987
 78 L  78 0.0128371 0.0817481 0.0000000 0.0000000 0.0038433 0.2756269 0.1144072 0.0309215 0.0089560 0.0916422 0.0804717 0.0662148 0.0025049 0.0428806 0.0000000 0.0068991 0.0601781 0.0083111 0.0059600 0.0659986 0.0405987
 79 R  79 0.0111239 0.1868555 0.0431825 0.0358000 0.0885597 0.0387264 0.0817245 0.0106157 0.0818944 0.0109263 0.1015487 0.0537264 0.0102388 0.0078471 0.0132845 0.0842484 0.0415701 0.0000000 0.0313815 0.0000000 0.0667457
 80 Y  80 0.0919698 0.0059600 0.0454877 0.0000000 0.0998226 0.0000000 0.0000000 0.0000000 0.0203315 0.0000000 0.0101910 0.0026334 0.0000000 0.0986369 0.0029726 0.0200965 0.0000000 0.0034607 0.5038795 0.0357896 0.0587682
 81 N  81 0.0131937 0.1818474 0.0821461 0.0376436 0.0129768 0.1521974 0.1113667 0.0258244 0.0224474 0.0000000 0.0058060 0.0941979 0.0057065 0.0087694 0.0000000 0.0837654 0.0846157 0.0000000 0.0054075 0.0028433 0.0692448
 82 V  82 0.0280792 0.0000000 0.0000000 0.0000000 0.0983870 0.0000000 0.0000000 0.0000000 0.0000000 0.3400638 0.0274620 0.0000000 0.0052334 0.0075525 0.0000000 0.0145066 0.0097189 0.0000000 0.0000000 0.4202161 0.0487803
 83 T  83 0.0027995 0.0164660 0.0255093 0.0025679 0.0000000 0.0000000 0.0068991 0.0000000 0.0000000 0.0738222 0.0000000 0.0000000 0.0000000 0.0036354 0.0000000 0.0000000 0.8061759 0.0000000 0.0000000 0.0158588 0.0462660
 84 W  84 0.0000000 0.0000000 0.0000000 0.0000000 0.2081791 0.0000000 0.0000000 0.0000000 0.0000000 0.0000000 0.1992626 0.0000000 0.0329970 0.0000000 0.0000000 0.0054070 0.0000000 0.4984348 0.0000000 0.0094535 0.0462660
 85 Y  85 0.0000000 0.0000000 0.0000000 0.0000000 0.0000000 0.0000000 0.0000000 0.0000000 0.0000000 0.0000000 0.0000000 0.0000000 0.0000000 0.3589225 0.0054070 0.0073702 0.0000000 0.0000000 0.5820343 0.0000000 0.0462660
 86 V  86 0.0364239 0.0000000 0.0000000 0.0000000 0.0175251 0.0000000 0.0000000 0.0000000 0.0000000 0.1377174 0.1826592 0.0000000 0.0629728 0.0051340 0.0000000 0.1249756 0.1576591 0.0000000 0.0000000 0.2258165 0.0491163
 87 S  87 0.0000000 0.0000000 0.0744480 0.0054070 0.0000000 0.0000000 0.0000000 0.0000000 0.0000000 0.0000000 0.0000000 0.0000000 0.0000000 0.0000000 0.0062482 0.7226050 0.1421755 0.0000000 0.0000000 0.0000000 0.0491163
 88 S  88 0.0605449 0.0000000 0.0512969 0.0000000 0.0210609 0.0073702 0.0000000 0.0072532 0.0000000 0.0000000 0.0265967 0.0020829 0.0000000 0.0000000 0.0000000 0.0775542 0.0186800 0.6318274 0.0548287 0.0000000 0.0409040
 89 S  89 0.0000000 0.0000000 0.0249184 0.0000000 0.0078264 0.0077286 0.1284901 0.0082124 0.0000000 0.0000000 0.0000000 0.0000000 0.0000000 0.0077506 0.0000000 0.7216509 0.0525187 0.0000000 0.0000000 0.0000000 0.0409040
 90 P  90 0.0000000 0.0000000 0.0000000 0.0000000 0.0000000 0.0000000 0.0000000 0.0000000 0.0072532 0.0000000 0.0000000 0.0000000 0.0000000 0.0000000 0.9392952 0.0071407 0.0000000 0.0000000 0.0000000 0.0000000 0.0463110
 91 C  91 0.0000000 0.0000000 0.0000000 0.0000000 0.9454767 0.0000000 0.0000000 0.0000000 0.0000000 0.0000000 0.0000000 0.0000000 0.0000000 0.0000000 0.0000000 0.0082124 0.0000000 0.0000000 0.0000000 0.0000000 0.0463110
 92 A  92 0.1635565 0.0232091 0.0835530 0.0067409 0.0109705 0.0000000 0.0072015 0.0253871 0.0134414 0.0041539 0.0283428 0.0000000 0.0069790 0.1186506 0.2215832 0.0684274 0.0321028 0.0511995 0.0464909 0.0416988 0.0463110
 93 A  93 0.0624636 0.0221178 0.0902737 0.1099193 0.0033415 0.0000000 0.2385936 0.0020849 0.0067896 0.0000000 0.0113086 0.0503921 0.1362187 0.0037071 0.0178893 0.0989982 0.0610178 0.0000000 0.0130090 0.0255642 0.0463110
 94 C  94 0.0000000 0.0000000 0.0000000 0.0000000 0.9536890 0.0000000 0.0000000 0.0000000 0.0000000 0.0000000 0.0000000 0.0000000 0.0000000 0.0000000 0.0000000 0.0000000 0.0000000 0.0000000 0.0000000 0.0000000 0.0463110
 95 A  95 0.6748608 0.0000000 0.0000000 0.0000000 0.0129755 0.0000000 0.0000000 0.0000000 0.0000000 0.0798638 0.0000000 0.0000000 0.0000000 0.0068991 0.0000000 0.0815262 0.0248503 0.0000000 0.0060226 0.0666908 0.0463110
 96 D  96 0.0846011 0.1193582 0.0217451 0.0370113 0.0055786 0.1363988 0.1395012 0.1736937 0.0064623 0.0134532 0.0032750 0.0612898 0.0040977 0.0000000 0.0000000 0.0919520 0.0171333 0.0231175 0.0098961 0.0051242 0.0463110
 97 R  97 0.1914639 0.0654015 0.0247245 0.0025874 0.0000000 0.0966723 0.2324689 0.0056078 0.0252090 0.0000000 0.0073873 0.2619669 0.0022495 0.0000000 0.0000000 0.0160360 0.0000000 0.0000000 0.0093515 0.0000000 0.0588735
 98 I  98 0.0000000 0.0000000 0.0000000 0.0000000 0.0000000 0.0000000 0.0000000 0.0000000 0.0000000 0.2679702 0.2015804 0.0000000 0.1254004 0.0000000 0.0000000 0.0000000 0.0073170 0.0000000 0.0000000 0.3221226 0.0756094
 99 I  99 0.3546742 0.0671550 0.0000000 0.0000000 0.0169075 0.0093515 0.0037328 0.0091209 0.0000000 0.0469283 0.0375109 0.0000000 0.0000000 0.0051355 0.0000000 0.0148677 0.0634651 0.0000000 0.1334136 0.1358498 0.1018871
100 K 100 0.0785053 0.0507273 0.0907984 0.0737083 0.0000000 0.0347372 0.2802734 0.0215214 0.0149462 0.0000000 0.0000000 0.0764382 0.0000000 0.0000000 0.0000000 0.0330936 0.0658845 0.0000000 0.0055630 0.0075649 0.1662382
101 T 101 0.0216168 0.0000000 0.0000000 0.0000000 0.0066947 0.0000000 0.0000000 0.0000000 0.0000000 0.0196281 0.0086317 0.0000000 0.0000000 0.7143475 0.0000000 0.0000000 0.0244521 0.0155065 0.0000000 0.0143337 0.1747890
102 L 102 0.0109821 0.0000000 0.0000000 0.0000000 0.0000000 0.0046758 0.0000000 0.0000000 0.0000000 0.0546503 0.6783074 0.0255125 0.0063130 0.0000000 0.0000000 0.0000000 0.0090108 0.0080532 0.0000000 0.0196655 0.1828294
103 S 103 0.1922382 0.1251618 0.0167332 0.0212625 0.0000000 0.0845217 0.0313018 0.0442932 0.0186495 0.0201628 0.0325153 0.0894254 0.0353006 0.0000000 0.0000000 0.1015597 0.0133964 0.0000000 0.0000000 0.0000000 0.1734779
104 K 104 0.0710964 0.1022575 0.0520138 0.0490042 0.0000000 0.0840317 0.2054561 0.0654532 0.0086546 0.0100028 0.0043793 0.0800951 0.0205573 0.0000000 0.0000000 0.0229242 0.0554871 0.0033212 0.0000000 0.0000000 0.1652655
105 T 105 0.0058251 0.0647514 0.1942813 0.0422618 0.0041323 0.0197415 0.0000000 0.0000000 0.3123405 0.0080532 0.0000000 0.0000000 0.0033953 0.0055786 0.0000000 0.0093515 0.0295126 0.0000000 0.1236492 0.0036479 0.1734779
106 K 106 0.0000000 0.1094998 0.0104127 0.0214808 0.0073702 0.0123360 0.0206968 0.0360020 0.0506453 0.0000000 0.0000000 0.0871106 0.0000000 0.0000000 0.3632439 0.0714662 0.0288968 0.0000000 0.0000000 0.0073610 0.1734779
107 N 107 0.0037749 0.0256824 0.3494418 0.0685953 0.0000000 0.0000000 0.0286891 0.0338535 0.2004442 0.0000000 0.0055630 0.0737913 0.0000000 0.0000000 0.0000000 0.0177618 0.0206793 0.0000000 0.0033479 0.0000000 0.1683755
108 L 108 0.0051024 0.0000000 0.0000000 0.0000000 0.0000000 0.0000000 0.0000000 0.0000000 0.0000000 0.0761337 0.2388451 0.0000000 0.0119494 0.0041567 0.0000000 0.0000000 0.0156050 0.0000000 0.0000000 0.4681813 0.1800264
109 R 109 0.0055630 0.1557556 0.0958718 0.0000000 0.0051340 0.0039384 0.0137612 0.0000000 0.0142914 0.0198569 0.0000000 0.0435171 0.0051450 0.0056251 0.0000000 0.1832790 0.2771134 0.0000000 0.0000000 0.0111926 0.1599554
110 L 110 0.0000000 0.0000000 0.0000000 0.0000000 0.0000000 0.0000000 0.0000000 0.0000000 0.0000000 0.0066947 0.7741455 0.0000000 0.0309207 0.0080532 0.0083111 0.0000000 0.0000000 0.0000000 0.0000000 0.0093515 0.1625233
111 L 111 0.0302420 0.1555787 0.0309072 0.0189848 0.0441529 0.0334839 0.0185522 0.0132713 0.0534596 0.0040977 0.0212078 0.0280664 0.0000000 0.0097831 0.0000000 0.1160253 0.1965870 0.0000000 0.0060226 0.0570542 0.1625233
112 I 112 0.0000000 0.0000000 0.0000000 0.0000000 0.0000000 0.0000000 0.0000000 0.0000000 0.0000000 0.6897502 0.0923994 0.0000000 0.0042202 0.0000000 0.0000000 0.0000000 0.0000000 0.0000000 0.0000000 0.0491918 0.1644385
113 L 113 0.0100549 0.0046842 0.0000000 0.0033690 0.0000000 0.0000000 0.0000000 0.0000000 0.0174149 0.0000000 0.0542459 0.0197323 0.0069048 0.4438968 0.0000000 0.0542911 0.0000000 0.0155065 0.2054611 0.0000000 0.1644385
114 V 114 0.2994102 0.0000000 0.0000000 0.0000000 0.0276506 0.0000000 0.0000000 0.0000000 0.0000000 0.0276847 0.0036479 0.0000000 0.0088507 0.0867713 0.0000000 0.0435143 0.1422795 0.0000000 0.0000000 0.1983203 0.1618706
115 G 115 0.4540678 0.0000000 0.0000000 0.0000000 0.0248580 0.0000000 0.0046842 0.0314728 0.0000000 0.0000000 0.0000000 0.0000000 0.0000000 0.0000000 0.0037090 0.3126709 0.0041323 0.0000000 0.0000000 0.0000000 0.1644051
116 R 116 0.0000000 0.6914731 0.0000000 0.0000000 0.0071407 0.1053877 0.0000000 0.0000000 0.0032408 0.0000000 0.0000000 0.0255093 0.0000000 0.0000000 0.0000000 0.0000000 0.0000000 0.0000000 0.0000000 0.0000000 0.1672484
117 L 117 0.0000000 0.0000000 0.0000000 0.0000000 0.0000000 0.0000000 0.0000000 0.0000000 0.0000000 0.1151679 0.6781348 0.0000000 0.0000000 0.0000000 0.0224121 0.0000000 0.0071407 0.0000000 0.0000000 0.0062482 0.1708963
118 F 118 0.0000000 0.0000000 0.0000000 0.0000000 0.0043283 0.0000000 0.0000000 0.0000000 0.0000000 0.0000000 0.0036440 0.0000000 0.0000000 0.1176148 0.0000000 0.0000000 0.0039984 0.0000000 0.6986837 0.0000000 0.1717308
119 M 119 0.0000000 0.0036119 0.0172808 0.0884427 0.0097560 0.0257255 0.0419146 0.0189547 0.0963296 0.0000000 0.0139552 0.0218213 0.0320217 0.1176527 0.0000000 0.0000000 0.0203422 0.0401480 0.2737603 0.0037071 0.1745755
120 W 120 0.0000000 0.0142857 0.0000000 0.0000000 0.0700438 0.0000000 0.0155065 0.0000000 0.1941572 0.0172799 0.0093515 0.0029118 0.0118857 0.1309273 0.0062482 0.0184003 0.0737007 0.0866217 0.1232122 0.0222501 0.2032174
121 E 121 0.0000000 0.0579411 0.0116395 0.0327723 0.0000000 0.0564502 0.1966239 0.0063898 0.0000000 0.0000000 0.0198496 0.0328855 0.0448662 0.0000000 0.0000000 0.0160136 0.0127652 0.2594443 0.0238035 0.0143109 0.2142444
122 E 122 0.0022766 0.0286322 0.0560836 0.2570193 0.0152595 0.0240892 0.1217059 0.0208335 0.0172936 0.0280810 0.0208334 0.0906928 0.0000000 0.0107373 0.0000000 0.0445353 0.0000000 0.0000000 0.0074957 0.0210153 0.2334158
123 P 123 0.0491589 0.1264402 0.0093515 0.0201319 0.0000000 0.0630791 0.0286769 0.0615933 0.0206396 0.0000000 0.0156778 0.0399411 0.0000000 0.0051991 0.2689027 0.0629513 0.0311814 0.0148639 0.0000000 0.0000000 0.1822112
124 E 124 0.0153331 0.1021463 0.0512936 0.1222895 0.0205564 0.0644057 0.1005856 0.0540067 0.0271356 0.0046758 0.0280863 0.0508718 0.0017020 0.0000000 0.0347437 0.0196310 0.0189634 0.0867713 0.0042015 0.0108324 0.1817684
125 I 125 0.0253673 0.0093515 0.2167286 0.0000000 0.0114453 0.0109403 0.0216791 0.0046842 0.0216178 0.0570264 0.0072734 0.0000000 0.0069048 0.0517312 0.0000000 0.0120208 0.0263194 0.0300873 0.2971319 0.0066257 0.1830650
126 Q 126 0.0000000 0.2915358 0.0000000 0.0000000 0.0032808 0.3220957 0.0758310 0.0135163 0.0000000 0.0083747 0.0000000 0.0833794 0.0000000 0.0000000 0.0039984 0.0000000 0.0000000 0.0000000 0.0000000 0.0149228 0.1830650
127 A 127 0.0645918 0.0699008 0.0085758 0.0078375 0.0000000 0.2028488 0.3403152 0.0039458 0.0000000 0.0194352 0.0036135 0.0774304 0.0052677 0.0000000 0.0042990 0.0033284 0.0031645 0.0051242 0.0000000 0.0060226 0.1742987
128 A 128 0.2154543 0.0122995 0.0105733 0.0042990 0.0000000 0.0000000 0.0222221 0.5304074 0.0000000 0.0000000 0.0000000 0.0181028 0.0000000 0.0000000 0.0000000 0.0000000 0.0000000 0.0000000 0.0000000 0.0051242 0.1815174
129 L 129 0.0000000 0.0000000 0.0000000 0.0000000 0.0000000 0.0000000 0.0000000 0.0000000 0.0000000 0.0000000 0.8120906 0.0000000 0.0000000 0.0000000 0.0000000 0.0000000 0.0000000 0.0000000 0.0000000 0.0063920 0.1815174
130 K 130 0.0000000 0.4648551 0.0090330 0.0000000 0.1059169 0.0941191 0.0000000 0.0000000 0.0346507 0.0000000 0.0166394 0.0606074 0.0000000 0.0000000 0.0000000 0.0000000 0.0000000 0.0195721 0.0090904 0.0000000 0.1855158
131 K 131 0.0458017 0.1878745 0.0386676 0.0706569 0.0125574 0.0122195 0.0151188 0.0170029 0.0145293 0.0180617 0.0424976 0.0352023 0.0520780 0.0000000 0.0000000 0.1887486 0.0554728 0.0000000 0.0079944 0.0000000 0.1855158
132 L 132 0.0000000 0.0000000 0.0000000 0.0000000 0.0000000 0.0000000 0.0000000 0.0000000 0.0000000 0.0000000 0.7978273 0.0000000 0.0102650 0.0000000 0.0000000 0.0000000 0.0000000 0.0000000 0.0000000 0.0063920 0.1855158
133 K 133 0.1170746 0.0767014 0.0145759 0.0239183 0.0906841 0.0829170 0.0000000 0.0070363 0.0624483 0.0400796 0.0041323 0.0431184 0.0000000 0.0000000 0.0000000 0.1001369 0.0032441 0.0468033 0.0146712 0.0833306 0.1891277
134 E 134 0.0536422 0.1026549 0.0590672 0.0767670 0.0000000 0.1641001 0.0796838 0.0321754 0.0045889 0.0000000 0.0093328 0.0653739 0.0000000 0.0000000 0.0000000 0.1388427 0.0243041 0.0039511 0.0000000 0.0000000 0.1855158
135 A 135 0.3098708 0.0274721 0.0366112 0.0045706 0.0000000 0.0069790 0.0865320 0.0199623 0.0034900 0.0000000 0.1030525 0.0301195 0.0000000 0.0000000 0.0229428 0.1424030 0.0134199 0.0000000 0.0000000 0.0070587 0.1855158
136 G 136 0.0000000 0.0626288 0.0000000 0.0138543 0.0000000 0.0355122 0.0087720 0.5736781 0.0144044 0.0000000 0.0000000 0.0000000 0.0000000 0.0000000 0.0000000 0.0107140 0.0000000 0.0816358 0.0000000 0.0000000 0.1988003
137 C 137 0.3345941 0.0093515 0.0000000 0.0000000 0.0686882 0.0000000 0.0000000 0.0000000 0.0000000 0.0690496 0.0000000 0.0000000 0.0000000 0.0000000 0.0296454 0.0000000 0.0105206 0.0000000 0.0000000 0.2724696 0.2056810
138 K 138 0.0073829 0.1223703 0.0096283 0.0250335 0.0038512 0.1717679 0.0077029 0.0155065 0.0415544 0.0000000 0.0126157 0.0851533 0.0000000 0.0000000 0.0763933 0.0623641 0.1575165 0.0000000 0.0000000 0.0000000 0.2011591
139 L 139 0.0000000 0.0000000 0.0000000 0.0000000 0.0000000 0.0000000 0.0000000 0.0000000 0.0000000 0.1694213 0.1931571 0.0000000 0.0782957 0.0093515 0.0000000 0.0000000 0.0000000 0.0000000 0.0000000 0.3551281 0.1946463
140 R 140 0.1173595 0.1124552 0.0233329 0.0507787 0.0000000 0.0594634 0.0569554 0.0187621 0.0056251 0.0000000 0.0042202 0.1068769 0.0000000 0.0000000 0.0000000 0.1705045 0.0640415 0.0032750 0.0061248 0.0055786 0.1946463
141 I 141 0.0392489 0.0000000 0.0000000 0.0000000 0.0000000 0.0000000 0.0000000 0.0000000 0.0000000 0.3911293 0.0162590 0.0000000 0.0738291 0.0000000 0.0635744 0.0000000 0.0061248 0.0000000 0.0083111 0.2151882 0.1863352
142 M 142 0.0039984 0.0000000 0.0084114 0.0000000 0.0000000 0.0069075 0.0000000 0.0000000 0.0000000 0.0681144 0.0071936 0.0000000 0.7190395 0.0000000 0.0000000 0.0000000 0.0000000 0.0000000 0.0000000 0.0000000 0.1863352
143 K 143 0.0095398 0.0358499 0.0488692 0.1229907 0.0134722 0.0000000 0.0153023 0.0865039 0.0000000 0.0000000 0.0030900 0.0889442 0.0000000 0.0247093 0.0267327 0.1588108 0.1586274 0.0000000 0.0000000 0.0182652 0.1882924
144 P 144 0.0143029 0.0154430 0.0000000 0.0211566 0.0068018 0.0000000 0.0097831 0.0758438 0.0118020 0.0057856 0.1222005 0.0000000 0.0071936 0.0846020 0.0895784 0.0572742 0.0033001 0.0000000 0.2691958 0.0174440 0.1882924
145 Q 145 0.0101117 0.0499879 0.0093413 0.0627785 0.0000000 0.0663017 0.1065947 0.0933983 0.0043587 0.0000000 0.0116279 0.0859576 0.0239244 0.0024424 0.1310990 0.1140097 0.0161010 0.0065312 0.0080590 0.0080634 0.1893116
146 D 146 0.0058060 0.0000000 0.0000000 0.2685057 0.0000000 0.0249394 0.3867147 0.0083196 0.0204976 0.0520324 0.0078471 0.0000000 0.0043793 0.0000000 0.0000000 0.0000000 0.0224121 0.0000000 0.0000000 0.0000000 0.1985462
147 F 147 0.0000000 0.0071936 0.0000000 0.0000000 0.0000000 0.0000000 0.0000000 0.0110621 0.0082124 0.0073702 0.0058060 0.0000000 0.0000000 0.5353407 0.0000000 0.0000000 0.0061248 0.0711662 0.1346472 0.0000000 0.2130768
148 E 148 0.0743038 0.0441493 0.0000000 0.0167809 0.0279818 0.0972456 0.1473401 0.0030378 0.0586547 0.0194648 0.0234691 0.1322107 0.0000000 0.0443991 0.0058060 0.0161835 0.0394708 0.0000000 0.0221976 0.0142280 0.2130768
149 Y 149 0.0129826 0.0133967 0.0057856 0.1024772 0.0155065 0.0000000 0.0173730 0.0000000 0.1894683 0.0000000 0.0000000 0.0349818 0.0058060 0.0000000 0.0000000 0.0538007 0.0000000 0.0000000 0.3297766 0.0000000 0.2186449
150 V 150 0.0000000 0.0000000 0.0083111 0.0000000 0.6051993 0.0000000 0.0000000 0.0000000 0.0000000 0.0175698 0.0626819 0.0000000 0.0000000 0.0000000 0.0000000 0.0000000 0.0204771 0.0000000 0.0000000 0.0671161 0.2186449
151 W 151 0.0061248 0.0155065 0.0000000 0.0000000 0.0073702 0.0000000 0.0000000 0.0000000 0.0000000 0.0000000 0.0783598 0.0000000 0.0000000 0.0183139 0.0000000 0.0000000 0.0000000 0.6614407 0.0000000 0.0000000 0.2128841
152 Q 152 0.0000000 0.1014563 0.0835585 0.1512768 0.0000000 0.0560743 0.2002865 0.0073702 0.0110417 0.0000000 0.0000000 0.0802753 0.0000000 0.0000000 0.0000000 0.0335093 0.0351666 0.0057856 0.0178293 0.0034855 0.2128841
153 N 153 0.0148399 0.0051588 0.3700643 0.0000000 0.0000000 0.0121925 0.0157137 0.0000000 0.0078264 0.0192667 0.0056251 0.1132125 0.0000000 0.0100028 0.0058060 0.0148933 0.1925139 0.0000000 0.0000000 0.0000000 0.2128841
154 F 154 0.0000000 0.0000000 0.0000000 0.0000000 0.0000000 0.0000000 0.0000000 0.0000000 0.0000000 0.0000000 0.0084114 0.0000000 0.0000000 0.7651772 0.0000000 0.0000000 0.0000000 0.0000000 0.0135273 0.0000000 0.2128841
155 V 155 0.0055786 0.0000000 0.0000000 0.0000000 0.0000000 0.0000000 0.0000000 0.0000000 0.0000000 0.0208850 0.0157817 0.0000000 0.0084637 0.0061248 0.0000000 0.0000000 0.0000000 0.0000000 0.0000000 0.7161651 0.2270011
156 E 156 0.0173122 0.0000000 0.0841012 0.2603225 0.0145435 0.0155065 0.0942292 0.0000000 0.0193277 0.0000000 0.0063323 0.0118990 0.0077506 0.0000000 0.0000000 0.0756161 0.0000000 0.0000000 0.1457860 0.0070363 0.2402370
157 Q 157 0.0000000 0.0210788 0.2787900 0.0190962 0.0032441 0.0348681 0.0000000 0.0626863 0.1377898 0.0042451 0.0000000 0.0174015 0.0000000 0.0052334 0.0435907 0.0449003 0.0041567 0.0000000 0.0624638 0.0000000 0.2604552
158 E 158 0.0000000 0.0478724 0.0123487 0.0880009 0.0000000 0.0481975 0.0668906 0.0043793 0.0110361 0.0376371 0.0000000 0.0471807 0.0000000 0.0000000 0.0559173 0.0515765 0.0100028 0.0000000 0.0000000 0.0363435 0.4826166
159 E 159 0.0000000 0.0219085 0.0053014 0.0493844 0.0000000 0.0146041 0.0768049 0.0189134 0.0237297 0.0000000 0.0041664 0.0269003 0.0000000 0.0000000 0.0728601 0.0642660 0.0000000 0.0000000 0.0087204 0.0000000 0.6124405
160 G 160 0.0102516 0.0000000 0.0279579 0.0164922 0.0020915 0.0038433 0.0067409 0.1841080 0.0000000 0.0000000 0.0090330 0.0000000 0.0128764 0.0000000 0.0177357 0.0243853 0.0079442 0.0041664 0.0000000 0.0000000 0.6723734
161 E 161 0.0160942 0.0066283 0.0414572 0.0030452 0.0000000 0.1792810 0.1132723 0.0401260 0.0000000 0.0000000 0.0141529 0.0312862 0.0000000 0.0000000 0.0122438 0.0147546 0.0000000 0.0056632 0.0000000 0.0000000 0.5219952
162 S 162 0.0068370 0.0306680 0.0020946 0.0121674 0.0000000 0.0058656 0.0995190 0.2521741 0.0066947 0.0078264 0.0195731 0.0000000 0.0000000 0.0150405 0.0318091 0.0673943 0.0027698 0.0000000 0.0000000 0.0000000 0.4395662
163 K 163 0.0474854 0.1605413 0.0091147 0.0187397 0.0186345 0.0849241 0.1094051 0.0000000 0.0296620 0.0033002 0.0111297 0.0882704 0.0226743 0.0000000 0.0036119 0.0067029 0.0106519 0.0000000 0.0000000 0.0064352 0.3687169
164 A 164 0.0521139 0.0380292 0.0000000 0.0106234 0.0075532 0.0108300 0.0185190 0.0094785 0.0343413 0.0053785 0.0427145 0.0032153 0.0000000 0.0000000 0.2743100 0.0519058 0.0690709 0.0000000 0.0322150 0.0179165 0.3217850
165 F 165 0.0000000 0.0000000 0.0000000 0.0000000 0.0000000 0.0078264 0.0000000 0.0000000 0.0000000 0.0000000 0.0047030 0.0000000 0.0000000 0.5919332 0.0000000 0.0000000 0.0000000 0.0789786 0.0162784 0.0000000 0.3002804
166 Q 166 0.0061300 0.0640030 0.0258764 0.0149172 0.0000000 0.1773374 0.0414713 0.0000000 0.0000000 0.0252130 0.0044820 0.1348942 0.0352373 0.0000000 0.0957610 0.0030900 0.0354020 0.0103850 0.0051588 0.0203610 0.3002804
167 P 167 0.0570821 0.0598880 0.0000000 0.0051588 0.0000000 0.0078775 0.0000000 0.0096330 0.0000000 0.0000000 0.0125294 0.0045889 0.0000000 0.0000000 0.5056340 0.0257336 0.0041539 0.0000000 0.0036575 0.0000000 0.3040632
168 W 168 0.0000000 0.0093413 0.0000000 0.0000000 0.0100028 0.0000000 0.0000000 0.0176744 0.0045076 0.0000000 0.0000000 0.0000000 0.0000000 0.0129686 0.0000000 0.0186640 0.0000000 0.5255025 0.0523174 0.0048323 0.3441891
169 E 169 0.0104550 0.0281694 0.0709217 0.0877757 0.0000000 0.0098810 0.1855057 0.0000000 0.0082124 0.0044820 0.0000000 0.1158153 0.0124278 0.0000000 0.0806097 0.0120205 0.0100028 0.0000000 0.0333251 0.0000000 0.3303959
170 D 170 0.0058002 0.0489655 0.0696183 0.0951873 0.0000000 0.0000000 0.0358603 0.1620283 0.0133507 0.0078471 0.0120205 0.1474399 0.0070130 0.0034876 0.0360671 0.0031921 0.0067409 0.0000000 0.0045889 0.0058584 0.3349339
171 I 171 0.0000000 0.0040977 0.0000000 0.0000000 0.0393867 0.0000000 0.0000000 0.0000000 0.0000000 0.0631000 0.4981560 0.0000000 0.0094785 0.0466139 0.0000000 0.0000000 0.0000000 0.0000000 0.0000000 0.0197397 0.3194274
172 Q 172 0.0078471 0.0222213 0.0652647 0.1365175 0.0027695 0.0826874 0.0822597 0.0037090 0.0659647 0.0000000 0.0309433 0.0356146 0.0000000 0.0000000 0.0529895 0.0036575 0.0190476 0.0637299 0.0028447 0.0000000 0.3219321
173 E 173 0.0155920 0.0232321 0.0000000 0.0798393 0.0042202 0.0411534 0.2131543 0.0036575 0.0000000 0.0264641 0.0000000 0.1129869 0.0369747 0.0000000 0.0070363 0.0051340 0.0660173 0.0000000 0.0107769 0.0209920 0.3327691
174 N 174 0.0070363 0.0252218 0.3430771 0.0064032 0.0100028 0.0000000 0.0126591 0.0035134 0.1145128 0.0072455 0.0000000 0.0068139 0.0000000 0.0000000 0.0000000 0.0183861 0.0000000 0.0048323 0.0656060 0.0000000 0.3746896
175 F 175 0.0074054 0.0034170 0.0039287 0.0000000 0.0000000 0.0025046 0.0000000 0.0000000 0.0000000 0.0116252 0.0045076 0.0000000 0.0000000 0.1060416 0.0000000 0.2835260 0.0064561 0.0000000 0.1733203 0.0000000 0.3972674
176 L 176 0.0444686 0.1454954 0.0262477 0.0191823 0.0000000 0.1208115 0.0629899 0.0000000 0.0024671 0.0185909 0.0524360 0.0377225 0.0193672 0.0000000 0.0000000 0.0107371 0.0467709 0.0042028 0.0000000 0.0386669 0.3498432
177 Y 177 0.0841640 0.0529366 0.0179559 0.0045779 0.0063929 0.0072015 0.0000000 0.0105228 0.0142198 0.0000000 0.1430412 0.0098178 0.0141266 0.0884867 0.0000000 0.0493935 0.0115561 0.0155065 0.1166527 0.0128672 0.3405804
178 Y 178 0.0000000 0.0000000 0.0000000 0.0000000 0.0000000 0.0306089 0.0000000 0.0000000 0.0112347 0.0810574 0.3081370 0.0000000 0.0041664 0.0145446 0.0000000 0.0000000 0.0177292 0.0138990 0.1780424 0.0000000 0.3405804
179 E 179 0.0966524 0.0248559 0.0349414 0.0508373 0.0068139 0.0320788 0.0913613 0.0050246 0.0777719 0.0000000 0.0031786 0.0583559 0.0000000 0.0024916 0.0000000 0.1326536 0.0068410 0.0000000 0.0093789 0.0261822 0.3405804
180 E 180 0.0313817 0.2004304 0.0035226 0.0069776 0.0127511 0.0072015 0.0959087 0.0662530 0.0152413 0.0375524 0.0736378 0.0319080 0.0063268 0.0000000 0.0000000 0.0395009 0.0162377 0.0000000 0.0000000 0.0000000 0.3551684
