  187         A         R         N         D         C         Q         E         G         H         I         L         K         M         F         P         S         T         W         Y         V    
  1 S   1 0.2858330 0.0000000 0.0000000 0.0000000 0.0000000 0.0000000 0.0000000 0.0000000 0.0000000 0.0000000 0.0000000 0.0000000 0.0000000 0.0000000 0.0000000 0.7141670 0.0000000 0.0000000 0.0000000 0.0000000
  2 E   2 0.0000000 0.0000000 0.0000000 0.0000000 0.0000000 0.4618841 0.2588138 0.0000000 0.0489353 0.0000000 0.0000000 0.0158515 0.0000000 0.0000000 0.2145154 0.0000000 0.0000000 0.0000000 0.0000000 0.0000000
  3 F   3 0.1148558 0.0000000 0.0000000 0.0000000 0.0000000 0.0121194 0.0000000 0.0000000 0.0000000 0.3751882 0.2077022 0.0000000 0.0000000 0.0970584 0.0000000 0.0000000 0.0927171 0.0000000 0.0891813 0.0111777
  4 I   4 0.0000000 0.4889813 0.0000000 0.0000000 0.0000000 0.0035067 0.0000000 0.0000000 0.0000000 0.3508183 0.0335264 0.0185642 0.0000000 0.0097803 0.0000000 0.0453756 0.0000000 0.0000000 0.0000000 0.0494473
  5 V   5 0.0000000 0.2443419 0.4083868 0.0000000 0.0000000 0.0000000 0.0215816 0.0000000 0.0000000 0.0867683 0.0000000 0.0399228 0.0100125 0.0000000 0.0076104 0.0257481 0.0123603 0.0000000 0.0000000 0.1432673
  6 T   6 0.0081322 0.0233314 0.0000000 0.0000000 0.0000000 0.0093064 0.0320194 0.0000000 0.0000000 0.0328525 0.0726490 0.0063581 0.0482692 0.0000000 0.3592587 0.0000000 0.3915544 0.0000000 0.0000000 0.0162685
  7 G   7 0.0000000 0.1282639 0.0000000 0.0000000 0.0000000 0.0097612 0.0000000 0.3112143 0.0415483 0.0176104 0.0207853 0.0066452 0.3115828 0.0138360 0.0000000 0.0000000 0.0000000 0.0000000 0.0000000 0.1387526
  8 E   8 0.0687284 0.0000000 0.0736111 0.1117455 0.0000000 0.0000000 0.4004798 0.0000000 0.1310624 0.0000000 0.0086506 0.1069809 0.0000000 0.0000000 0.0151217 0.0410519 0.0130424 0.0000000 0.0000000 0.0295255
  9 R   9 0.0440105 0.4355091 0.0000000 0.0000000 0.0067392 0.0232385 0.0212499 0.0238597 0.0000000 0.0086114 0.3156430 0.0634403 0.0101470 0.0000000 0.0171664 0.0094412 0.0066183 0.0010437 0.0000000 0.0132817
 10 L  10 0.0000000 0.0000000 0.0000000 0.0000000 0.0000000 0.0000000 0.0000000 0.0000000 0.0000000 0.1699702 0.3491447 0.0000000 0.3559703 0.0100205 0.0000000 0.0000000 0.0185983 0.0000000 0.0000000 0.0962961
 11 P  11 0.0089046 0.0309753 0.0164817 0.2623817 0.0063264 0.0165579 0.0934267 0.0066071 0.0239811 0.0000000 0.0000000 0.0982896 0.0000000 0.0000000 0.1394869 0.0946699 0.0698470 0.0000000 0.1320643 0.0000000
 12 A  12 0.0685688 0.1019881 0.0000000 0.0068853 0.0000000 0.0880183 0.1264211 0.0000000 0.0100182 0.0211227 0.0110203 0.0333694 0.0000000 0.0128313 0.3909092 0.0153075 0.0060704 0.0000000 0.0871416 0.0203278
 13 N  13 0.0180811 0.0648195 0.0610568 0.1163573 0.0028790 0.0239077 0.1641915 0.0813220 0.0920607 0.0091718 0.0080327 0.0686862 0.0068662 0.0454998 0.0062962 0.0264725 0.0809017 0.0798288 0.0252978 0.0182707
 14 F  14 0.0203898 0.0000000 0.0099337 0.0159370 0.0000000 0.0323718 0.1995065 0.0000000 0.0000000 0.0844632 0.0165869 0.0680715 0.0115175 0.0623133 0.0000000 0.0086875 0.4051783 0.0000000 0.0180290 0.0470139
 15 F  15 0.0000000 0.0000000 0.0000000 0.0000000 0.0000000 0.0000000 0.0000000 0.0000000 0.0000000 0.0000000 0.0058858 0.0000000 0.0000000 0.9941142 0.0000000 0.0000000 0.0000000 0.0000000 0.0000000 0.0000000
 16 K  16 0.0115983 0.0387130 0.0262297 0.0203831 0.0298873 0.0106394 0.0612853 0.0000000 0.0228887 0.0380693 0.0762674 0.1454226 0.0086875 0.0444634 0.0000000 0.0814930 0.1304984 0.0000000 0.2282176 0.0252560
 17 F  17 0.0320562 0.0275230 0.0000000 0.0149606 0.0000000 0.0891392 0.0455278 0.0278682 0.0076368 0.0094270 0.0597124 0.0372545 0.0000000 0.3511417 0.0081940 0.0653530 0.0000000 0.0000000 0.1885234 0.0356822
 18 Q  18 0.0198234 0.0000000 0.2417302 0.0160270 0.0081528 0.2919073 0.0062659 0.0289441 0.1983223 0.0287202 0.0070855 0.0000000 0.0000000 0.0630676 0.0000000 0.0437776 0.0248606 0.0000000 0.0213155 0.0000000
 19 F  19 0.0068195 0.0000000 0.0000000 0.0000000 0.0000000 0.0000000 0.0000000 0.0000000 0.0000000 0.0000000 0.0000000 0.0000000 0.0000000 0.9479879 0.0000000 0.0000000 0.0000000 0.0081528 0.0370398 0.0000000
 20 R  20 0.0082322 0.1034933 0.1870096 0.0050369 0.0105322 0.0000000 0.1003439 0.1457465 0.0171127 0.0052604 0.0206890 0.2132573 0.0000000 0.0231068 0.0458734 0.0096523 0.0444921 0.0000000 0.0526293 0.0075321
 21 N  21 0.0068077 0.0079217 0.8883256 0.0079417 0.0222173 0.0000000 0.0000000 0.0078426 0.0114896 0.0000000 0.0000000 0.0000000 0.0000000 0.0474539 0.0000000 0.0000000 0.0000000 0.0000000 0.0000000 0.0000000
 22 V  22 0.0104106 0.1384890 0.0589850 0.0616422 0.0000000 0.0624858 0.0563207 0.0307546 0.0000000 0.0000000 0.2083046 0.0429053 0.0176638 0.0255806 0.0465695 0.0128959 0.0076965 0.0000000 0.0000000 0.2192959
 23 E  23 0.0138595 0.2259490 0.0176562 0.1018663 0.0204912 0.0026762 0.1223468 0.0088509 0.0388391 0.0025691 0.0310928 0.0365509 0.0000000 0.0000000 0.3116019 0.0143814 0.0000000 0.0318132 0.0072883 0.0121673
 24 Y  24 0.0101278 0.0947741 0.0104802 0.0059287 0.0202651 0.0165042 0.0254560 0.0236897 0.0000000 0.1107316 0.0042035 0.1018578 0.0000000 0.0844526 0.1069274 0.0901963 0.0090281 0.0875798 0.1959030 0.0018942
 25 S  25 0.2392640 0.0794735 0.0079927 0.0000000 0.0000000 0.0175012 0.0000000 0.0112570 0.0000000 0.0035325 0.1302626 0.0055982 0.0105856 0.0000000 0.1863819 0.1433810 0.0407673 0.0000000 0.0089547 0.1150479
 26 S  26 0.0052518 0.0656942 0.0285378 0.0146719 0.0078069 0.0611053 0.0919540 0.0000000 0.0185563 0.0137681 0.0396871 0.0591343 0.0062654 0.0233986 0.0117046 0.2259561 0.0411720 0.0097945 0.2547667 0.0207744
 27 G  27 0.0182179 0.0796536 0.0153016 0.0547276 0.0000000 0.0000000 0.0069181 0.5041246 0.0713927 0.0000000 0.0928609 0.0000000 0.0000000 0.0247048 0.0188195 0.0000000 0.0289377 0.0000000 0.0843410 0.0000000
 28 R  28 0.0000000 0.6444209 0.0000000 0.0040499 0.0124117 0.0903762 0.0000000 0.0605716 0.0085443 0.0000000 0.0114950 0.0320915 0.0000000 0.0000000 0.0978382 0.0203070 0.0000000 0.0178936 0.0000000 0.0000000
 29 N  29 0.0000000 0.1710886 0.3340256 0.0151346 0.0000000 0.0067101 0.0158891 0.0057717 0.1940065 0.0000000 0.0000000 0.1570512 0.0086502 0.0000000 0.0083362 0.0422085 0.0324915 0.0000000 0.0086360 0.0000000
 30 K  30 0.0034134 0.0615136 0.0268027 0.0165971 0.0398222 0.0623338 0.2194572 0.0108387 0.0631824 0.0125246 0.0581783 0.2913588 0.0000000 0.0000000 0.0000000 0.0058185 0.0653067 0.0000000 0.0470221 0.0158301
 31 T  31 0.0494474 0.0000000 0.0091591 0.0000000 0.0311170 0.0102339 0.0000000 0.0000000 0.0301437 0.0037308 0.0000000 0.0065795 0.0000000 0.0000000 0.1080447 0.0585221 0.6286984 0.0000000 0.0000000 0.0643232
 32 F  32 0.0000000 0.0056726 0.0000000 0.0000000 0.0743023 0.0000000 0.0000000 0.0000000 0.0065795 0.0080122 0.1067298 0.0000000 0.0000000 0.2544624 0.0000000 0.0140785 0.0086382 0.1450040 0.3656819 0.0108387
 33 L  33 0.0204776 0.0000000 0.0000000 0.0000000 0.0000000 0.0000000 0.0000000 0.0550569 0.0000000 0.0563694 0.7993421 0.0000000 0.0064818 0.0000000 0.0000000 0.0000000 0.0226175 0.0000000 0.0000000 0.0396547
 34 C  34 0.0465498 0.0000000 0.0000000 0.0000000 0.7346136 0.0000000 0.0000000 0.0000000 0.0000000 0.0000000 0.1397703 0.0000000 0.0000000 0.0505570 0.0000000 0.0285092 0.0000000 0.0000000 0.0000000 0.0000000
 35 Y  35 0.0000000 0.0000000 0.0000000 0.0000000 0.0180802 0.0000000 0.0000000 0.0000000 0.0000000 0.0211863 0.0231918 0.0000000 0.0000000 0.1570000 0.0000000 0.0305463 0.0000000 0.0000000 0.7210414 0.0289541
 36 V  36 0.0048213 0.0449385 0.0115646 0.0000000 0.0000000 0.1426313 0.4871942 0.0000000 0.0000000 0.0197882 0.0963992 0.0265667 0.0114224 0.0000000 0.0000000 0.0000000 0.0467535 0.0047125 0.0106214 0.0925864
 37 V  37 0.0133178 0.0000000 0.0000000 0.0000000 0.0000000 0.0000000 0.0000000 0.0000000 0.0000000 0.0933252 0.2349143 0.0000000 0.0245126 0.0000000 0.0074069 0.0000000 0.0000000 0.0000000 0.0000000 0.6265232
 38 E  38 0.0264837 0.0553842 0.0237811 0.0960330 0.0000000 0.0490901 0.2801471 0.0000000 0.0083461 0.0000000 0.0034468 0.3866214 0.0041083 0.0000000 0.0000000 0.0000000 0.0559099 0.0076975 0.0000000 0.0029508
 39 A  39 0.0447055 0.2108287 0.0000000 0.0121684 0.0000000 0.0302092 0.0124006 0.1139062 0.0419883 0.0596264 0.0405980 0.0150074 0.0331282 0.0000000 0.0497829 0.0311477 0.1442651 0.1094284 0.0000000 0.0508090
 40 Q  40 0.0332900 0.1667682 0.0125433 0.0149042 0.0000000 0.1199242 0.0449992 0.0401668 0.0079605 0.0371523 0.1078774 0.1440540 0.0270221 0.0433403 0.0771161 0.0843746 0.0155385 0.0204035 0.0000000 0.0025647
 41 G  41 0.0000000 0.0548131 0.1385231 0.2024976 0.0000000 0.0080616 0.0308733 0.2571119 0.0429079 0.0116522 0.0196949 0.0886778 0.0000000 0.0075243 0.0000000 0.0919844 0.0239255 0.0000000 0.0049833 0.0167692
 42 K  42 0.0452243 0.0433193 0.0887836 0.1230171 0.0488302 0.0226681 0.0240110 0.3230028 0.0257368 0.0000000 0.0058263 0.0466284 0.0125449 0.0000000 0.0560204 0.0978376 0.0151070 0.0097022 0.0117402 0.0000000
 43 G  43 0.0705708 0.0786803 0.0883690 0.1167423 0.0000000 0.0229883 0.0509669 0.1189553 0.0504867 0.0000000 0.0000000 0.0000000 0.0000000 0.0318589 0.0895183 0.2358834 0.0391442 0.0000000 0.0000000 0.0058357
 44 G  44 0.0226861 0.0788357 0.0200627 0.0339476 0.0000000 0.0037621 0.0165220 0.0418664 0.0160645 0.0310940 0.0767628 0.0177097 0.0130698 0.0000000 0.0266038 0.2876818 0.1770845 0.0054663 0.0075220 0.1232581
 45 Q  45 0.0270400 0.0766325 0.0196340 0.0092218 0.0045754 0.0280076 0.0160446 0.0113405 0.0046428 0.0286839 0.0667802 0.0862313 0.0000000 0.0000000 0.2147845 0.1049695 0.0687748 0.0861459 0.0167681 0.1297225
 46 V  46 0.0406638 0.0216223 0.0221979 0.0173275 0.0421577 0.1048751 0.0000000 0.0372614 0.0000000 0.0566753 0.2083956 0.0000000 0.0288077 0.0241840 0.0395782 0.0079136 0.1087038 0.0000000 0.0000000 0.2396362
 47 Q  47 0.0141067 0.0620374 0.0495050 0.0501903 0.0000000 0.0427362 0.0946836 0.0386193 0.0101782 0.0000000 0.0562530 0.0833519 0.0042326 0.0514097 0.1761112 0.1449046 0.0146894 0.1035744 0.0034166 0.0000000
 48 A  48 0.0558197 0.1014697 0.0000000 0.0022694 0.0024823 0.1117231 0.0267612 0.0985378 0.0117437 0.0561078 0.2672330 0.0153483 0.0077567 0.0309527 0.0288600 0.0399204 0.0214534 0.1215608 0.0000000 0.0000000
 49 S  49 0.0307153 0.0238064 0.0248873 0.2339990 0.0175037 0.0496688 0.0748282 0.0352238 0.2158298 0.0128024 0.0510875 0.0424960 0.0163488 0.0185237 0.0000000 0.0497084 0.0273923 0.0160706 0.0144317 0.0446763
 50 R  50 0.1361789 0.2429484 0.0893077 0.0000000 0.0000000 0.0577610 0.0000000 0.0000000 0.0371213 0.0000000 0.0000000 0.1577604 0.0039135 0.0576147 0.0000000 0.0597040 0.0986416 0.0291271 0.0192060 0.0107155
 51 G  51 0.0281073 0.0034382 0.0488456 0.0324701 0.0028802 0.0000000 0.0092319 0.6809640 0.0000000 0.0062847 0.0000000 0.0525804 0.0061188 0.0000000 0.0000000 0.0841296 0.0188912 0.0085730 0.0000000 0.0174850
 52 Y  52 0.0000000 0.0072958 0.0266935 0.0000000 0.0798818 0.0106023 0.0098734 0.0050339 0.0413531 0.0995174 0.0290184 0.0000000 0.0059671 0.1265391 0.0000000 0.0679586 0.0099555 0.0218419 0.2205828 0.2378854
 53 L  53 0.0315564 0.0041691 0.0385087 0.0000000 0.0964172 0.0061506 0.0030466 0.0000000 0.0000000 0.0451600 0.3440105 0.0123457 0.0329531 0.3155449 0.0060465 0.0097250 0.0000000 0.0000000 0.0000000 0.0543657
 54 E  54 0.0119640 0.2922320 0.0000000 0.0000000 0.0489397 0.0936292 0.1437846 0.0000000 0.0392843 0.0000000 0.0729083 0.0823375 0.0042717 0.0030256 0.0448988 0.0198763 0.1060251 0.0000000 0.0211762 0.0156467
 55 D  55 0.0045125 0.0000000 0.4996870 0.1442689 0.0000000 0.0000000 0.0497460 0.1882211 0.0000000 0.0000000 0.0065861 0.0225261 0.0000000 0.0000000 0.0231780 0.0392679 0.0083222 0.0000000 0.0136842 0.0000000
 56 E  56 0.0000000 0.0431544 0.0471992 0.0054809 0.0000000 0.3613555 0.1670162 0.0334972 0.0157389 0.0219364 0.0032188 0.2409602 0.0000000 0.0028093 0.0202090 0.0195057 0.0089816 0.0000000 0.0089366 0.0000000
 57 H  57 0.0836853 0.0036316 0.1334048 0.2085853 0.0000000 0.0027182 0.1118272 0.0405789 0.1286111 0.0025216 0.0000000 0.0284898 0.0000000 0.0000000 0.0300053 0.0432532 0.0053227 0.0041959 0.0366051 0.1365641
 58 A  58 0.1158306 0.0134304 0.0213108 0.0000000 0.0095602 0.0086653 0.0000000 0.0972190 0.0088262 0.0103690 0.0024220 0.1148639 0.0416223 0.0145546 0.1795645 0.1117035 0.2133671 0.0000000 0.0248830 0.0118076
 59 A  59 0.0490866 0.0387371 0.0978156 0.0039065 0.0098153 0.0510698 0.0535325 0.1565448 0.0781748 0.0043334 0.0000000 0.0931836 0.0000000 0.0000000 0.0589959 0.0856618 0.2191423 0.0000000 0.0000000 0.0000000
 60 A  60 0.1425126 0.1876183 0.0757012 0.0286987 0.1799107 0.0393099 0.0000000 0.0526317 0.0708249 0.0845379 0.0280581 0.0213134 0.0000000 0.0000000 0.0000000 0.0286422 0.0091618 0.0000000 0.0476561 0.0034226
 61 H  61 0.0000000 0.0063339 0.0052847 0.0038550 0.0044644 0.0000000 0.0000000 0.0000000 0.9800620 0.0000000 0.0000000 0.0000000 0.0000000 0.0000000 0.0000000 0.0000000 0.0000000 0.0000000 0.0000000 0.0000000
 62 A  62 0.7000427 0.0000000 0.0000000 0.0000000 0.0000000 0.0041746 0.0000000 0.0000000 0.0000000 0.0000000 0.0000000 0.0000000 0.0000000 0.0000000 0.1349350 0.0042760 0.0097922 0.0044644 0.0000000 0.1423151
 63 E  63 0.0064167 0.0000000 0.0000000 0.0000000 0.0000000 0.0000000 0.9828023 0.0000000 0.0041746 0.0000000 0.0000000 0.0066064 0.0000000 0.0000000 0.0000000 0.0000000 0.0000000 0.0000000 0.0000000 0.0000000
 64 E  64 0.0086269 0.1070843 0.0044644 0.0000000 0.0038270 0.0570943 0.0672051 0.0000000 0.0000000 0.1949461 0.2087574 0.0032910 0.1450596 0.0076273 0.0000000 0.1036462 0.0183616 0.0075779 0.0000000 0.0624307
 65 A  65 0.1073249 0.1334840 0.0874816 0.0000000 0.2835015 0.0056562 0.0020084 0.0000000 0.0000000 0.0312565 0.1265568 0.0191304 0.0851356 0.0327745 0.0000000 0.0385235 0.0036094 0.0081969 0.0182898 0.0170701
 66 F  66 0.0325817 0.0000000 0.0000000 0.0000000 0.0000000 0.0000000 0.0000000 0.0000000 0.0000000 0.0221037 0.1937601 0.0000000 0.0000000 0.7165212 0.0000000 0.0180982 0.0000000 0.0000000 0.0000000 0.0169351
 67 F  67 0.0395673 0.0000000 0.0000000 0.0044831 0.0000000 0.0000000 0.0000000 0.0000000 0.0000000 0.1820524 0.5164715 0.0000000 0.0362827 0.1930864 0.0000000 0.0000000 0.0000000 0.0000000 0.0000000 0.0280566
 68 N  68 0.0145731 0.1147473 0.0461054 0.1919950 0.0000000 0.0266885 0.2030771 0.0171475 0.0733998 0.0000000 0.0101714 0.0198474 0.0000000 0.0036164 0.0000000 0.1839837 0.0580999 0.0000000 0.0365476 0.0000000
 69 T  69 0.0218787 0.0980491 0.0000000 0.0209341 0.0067012 0.0799870 0.0628546 0.0056770 0.0233915 0.0080906 0.0790550 0.1873182 0.0000000 0.0000000 0.0000000 0.0147901 0.0404097 0.3019644 0.0432544 0.0056446
 70 I  70 0.1292178 0.0000000 0.0000000 0.0000000 0.0070274 0.0000000 0.0116618 0.0000000 0.0064265 0.2879478 0.0402481 0.0000000 0.0356600 0.3516235 0.0000000 0.0000000 0.0104716 0.0000000 0.0076377 0.1120777
 71 L  71 0.0278821 0.0794532 0.0784542 0.0158610 0.1314358 0.0272045 0.0973514 0.0142761 0.0892432 0.0000000 0.1421556 0.0234114 0.0000000 0.0337189 0.0215057 0.1719747 0.0138248 0.0189863 0.0000000 0.0132611
 72 P  72 0.0595680 0.1419738 0.0332683 0.0932372 0.0000000 0.0178431 0.0377730 0.1575807 0.0045063 0.0000000 0.0094911 0.0525743 0.0099419 0.0050312 0.0885904 0.0751135 0.0403510 0.1584696 0.0000000 0.0146867
 73 A  73 0.0552503 0.0594617 0.1362260 0.0750404 0.0000000 0.1191325 0.0297202 0.0522971 0.0673906 0.0053043 0.0044967 0.1462328 0.0000000 0.0108679 0.0000000 0.0525261 0.0479224 0.0140000 0.1186556 0.0054757
 74 F  74 0.0000000 0.0348231 0.0000000 0.0153421 0.0240734 0.0335443 0.0000000 0.0000000 0.0141050 0.0108697 0.6589826 0.0050184 0.0250385 0.0831469 0.0000000 0.0000000 0.0000000 0.0013511 0.0890607 0.0046442
 75 D  75 0.0080902 0.0706534 0.0403340 0.4034488 0.0650494 0.0055648 0.0422395 0.0299362 0.0721632 0.0000000 0.0746147 0.0071139 0.0000000 0.0000000 0.0109766 0.1265626 0.0209137 0.0000000 0.0223389 0.0000000
 76 P  76 0.0627005 0.0596280 0.0038430 0.0280637 0.0000000 0.0652746 0.0195908 0.0248258 0.0044713 0.0000000 0.0821656 0.0276112 0.0000000 0.0062734 0.4906817 0.1059000 0.0167272 0.0000000 0.0000000 0.0022434
 77 A  77 0.2432997 0.0377824 0.0917383 0.1879446 0.0000000 0.0014377 0.0219363 0.0864818 0.0252063 0.0035999 0.0096449 0.0378860 0.0085102 0.0000000 0.0052809 0.1554369 0.0332977 0.0068380 0.0120077 0.0316708
 78 L  78 0.0134992 0.0780763 0.0000000 0.0000000 0.0042295 0.2977612 0.1204972 0.0351398 0.0071857 0.0978818 0.0868977 0.0714709 0.0019668 0.0345591 0.0000000 0.0057285 0.0634872 0.0070679 0.0047521 0.0697992
 79 R  79 0.0096284 0.1985509 0.0490175 0.0397653 0.0995300 0.0421992 0.0951529 0.0122373 0.0916275 0.0108314 0.0817003 0.0578645 0.0107714 0.0088560 0.0148997 0.0944866 0.0473947 0.0000000 0.0354865 0.0000000
 80 Y  80 0.0771036 0.0048399 0.0409515 0.0000000 0.1096757 0.0000000 0.0000000 0.0000000 0.0217091 0.0000000 0.0103662 0.0020644 0.0000000 0.1116835 0.0024732 0.0216011 0.0000000 0.0030261 0.5579842 0.0365216
 81 N  81 0.0110802 0.1980933 0.0916183 0.0343554 0.0146371 0.1613654 0.1236303 0.0206774 0.0241471 0.0000000 0.0066291 0.1020398 0.0079154 0.0098877 0.0000000 0.0925619 0.0922688 0.0000000 0.0061506 0.0029421
 82 V  82 0.0244771 0.0000000 0.0000000 0.0000000 0.0773525 0.0000000 0.0000000 0.0000000 0.0000000 0.3733695 0.0299897 0.0000000 0.0058130 0.0084305 0.0000000 0.0145240 0.0067423 0.0000000 0.0000000 0.4593015
 83 T  83 0.0022183 0.0174918 0.0291451 0.0018143 0.0000000 0.0000000 0.0057542 0.0000000 0.0000000 0.0803075 0.0000000 0.0000000 0.0000000 0.0039683 0.0000000 0.0000000 0.8429239 0.0000000 0.0000000 0.0163767
 84 W  84 0.0000000 0.0000000 0.0000000 0.0000000 0.2268383 0.0000000 0.0000000 0.0000000 0.0000000 0.0000000 0.1894530 0.0000000 0.0237987 0.0000000 0.0000000 0.0045364 0.0000000 0.5472178 0.0000000 0.0081559
 85 Y  85 0.0000000 0.0000000 0.0000000 0.0000000 0.0000000 0.0000000 0.0000000 0.0000000 0.0000000 0.0000000 0.0000000 0.0000000 0.0000000 0.3886449 0.0045364 0.0082605 0.0000000 0.0000000 0.5985582 0.0000000
 86 V  86 0.0376608 0.0000000 0.0000000 0.0000000 0.0189420 0.0000000 0.0000000 0.0000000 0.0000000 0.1488301 0.1972327 0.0000000 0.0703469 0.0056750 0.0000000 0.1330472 0.1521127 0.0000000 0.0000000 0.2361527
 87 S  87 0.0000000 0.0000000 0.0816987 0.0045432 0.0000000 0.0000000 0.0000000 0.0000000 0.0000000 0.0000000 0.0000000 0.0000000 0.0000000 0.0000000 0.0068899 0.7637835 0.1430847 0.0000000 0.0000000 0.0000000
 88 S  88 0.0487443 0.0000000 0.0550186 0.0000000 0.0166454 0.0081654 0.0000000 0.0064970 0.0000000 0.0000000 0.0177043 0.0011498 0.0000000 0.0000000 0.0000000 0.0861020 0.0139048 0.6864503 0.0596180 0.0000000
 89 S  89 0.0000000 0.0000000 0.0266754 0.0000000 0.0085003 0.0055961 0.0990494 0.0129883 0.0000000 0.0000000 0.0000000 0.0000000 0.0000000 0.0084521 0.0000000 0.7821737 0.0565646 0.0000000 0.0000000 0.0000000
 90 P  90 0.0000000 0.0000000 0.0000000 0.0000000 0.0000000 0.0000000 0.0000000 0.0000000 0.0065263 0.0000000 0.0000000 0.0000000 0.0000000 0.0000000 0.9854685 0.0080052 0.0000000 0.0000000 0.0000000 0.0000000
 91 C  91 0.0000000 0.0000000 0.0000000 0.0000000 0.9869532 0.0000000 0.0000000 0.0000000 0.0000000 0.0000000 0.0000000 0.0000000 0.0000000 0.0000000 0.0000000 0.0130468 0.0000000 0.0000000 0.0000000 0.0000000
 92 A  92 0.1558863 0.0252017 0.0907477 0.0073824 0.0112886 0.0000000 0.0075381 0.0247890 0.0144457 0.0046385 0.0307667 0.0000000 0.0076937 0.1301220 0.2244511 0.0746569 0.0399817 0.0553593 0.0497228 0.0453280
 93 A  93 0.0691882 0.0250154 0.0986880 0.1199832 0.0034152 0.0000000 0.2589668 0.0022940 0.0073806 0.0000000 0.0125114 0.0547287 0.1051169 0.0040463 0.0189609 0.1063972 0.0712411 0.0000000 0.0142807 0.0277852
 94 C  94 0.0000000 0.0000000 0.0000000 0.0000000 1.0000000 0.0000000 0.0000000 0.0000000 0.0000000 0.0000000 0.0000000 0.0000000 0.0000000 0.0000000 0.0000000 0.0000000 0.0000000 0.0000000 0.0000000 0.0000000
 95 A  95 0.7020731 0.0000000 0.0000000 0.0000000 0.0133584 0.0000000 0.0000000 0.0000000 0.0000000 0.0865974 0.0000000 0.0000000 0.0000000 0.0057136 0.0000000 0.0836715 0.0297301 0.0000000 0.0067795 0.0720765
 96 D  96 0.0900091 0.1287767 0.0250102 0.0404994 0.0062242 0.1455250 0.1553778 0.1528193 0.0070609 0.0184057 0.0031097 0.0655854 0.0044556 0.0000000 0.0000000 0.0988696 0.0179713 0.0247870 0.0100416 0.0054714
 97 R  97 0.1719338 0.0718054 0.0264693 0.0029444 0.0000000 0.1063170 0.2564577 0.0042433 0.0273909 0.0000000 0.0082356 0.2922844 0.0025511 0.0000000 0.0000000 0.0191603 0.0000000 0.0000000 0.0102069 0.0000000
 98 I  98 0.0000000 0.0000000 0.0000000 0.0000000 0.0000000 0.0000000 0.0000000 0.0000000 0.0000000 0.2749231 0.2222267 0.0000000 0.1380477 0.0000000 0.0000000 0.0000000 0.0084269 0.0000000 0.0000000 0.3563757
 99 I  99 0.4049918 0.0760605 0.0000000 0.0000000 0.0196049 0.0105798 0.0041916 0.0105362 0.0000000 0.0513713 0.0438569 0.0000000 0.0000000 0.0057190 0.0000000 0.0169634 0.0705540 0.0000000 0.1379227 0.1476477
100 K 100 0.0951943 0.0615493 0.1088174 0.0893257 0.0000000 0.0370334 0.3390948 0.0264860 0.0169549 0.0000000 0.0000000 0.0925289 0.0000000 0.0000000 0.0000000 0.0407155 0.0779513 0.0000000 0.0059423 0.0084063
101 T 101 0.0261641 0.0000000 0.0000000 0.0000000 0.0082904 0.0000000 0.0000000 0.0000000 0.0000000 0.0242996 0.0107346 0.0000000 0.0000000 0.8646879 0.0000000 0.0000000 0.0302814 0.0201013 0.0000000 0.0154405
102 L 102 0.0136660 0.0000000 0.0000000 0.0000000 0.0000000 0.0057473 0.0000000 0.0000000 0.0000000 0.0662329 0.8325611 0.0311840 0.0077836 0.0000000 0.0000000 0.0000000 0.0112343 0.0079013 0.0000000 0.0236895
103 S 103 0.2355092 0.1533878 0.0200559 0.0253890 0.0000000 0.0992343 0.0380208 0.0534284 0.0228933 0.0238809 0.0399756 0.1091661 0.0428155 0.0000000 0.0000000 0.1207064 0.0155367 0.0000000 0.0000000 0.0000000
104 K 104 0.0848650 0.1219276 0.0608756 0.0577310 0.0000000 0.1005521 0.2470509 0.0783887 0.0103279 0.0120121 0.0051014 0.0970653 0.0244786 0.0000000 0.0000000 0.0277610 0.0681835 0.0036793 0.0000000 0.0000000
105 T 105 0.0068833 0.0790510 0.2353614 0.0521049 0.0050100 0.0242251 0.0000000 0.0000000 0.3782358 0.0078128 0.0000000 0.0000000 0.0041327 0.0069359 0.0000000 0.0111928 0.0360120 0.0000000 0.1494648 0.0035776
106 K 106 0.0000000 0.1329937 0.0127531 0.0250527 0.0091400 0.0145674 0.0255547 0.0423360 0.0607152 0.0000000 0.0000000 0.1076198 0.0000000 0.0000000 0.4380216 0.0878887 0.0343838 0.0000000 0.0000000 0.0089732
107 N 107 0.0046382 0.0290206 0.4253707 0.0825205 0.0000000 0.0000000 0.0348683 0.0406117 0.2387124 0.0000000 0.0059239 0.0874679 0.0000000 0.0000000 0.0000000 0.0214783 0.0253891 0.0000000 0.0039985 0.0000000
108 L 108 0.0041173 0.0000000 0.0000000 0.0000000 0.0000000 0.0000000 0.0000000 0.0000000 0.0000000 0.0909722 0.2960872 0.0000000 0.0151428 0.0052508 0.0000000 0.0000000 0.0196209 0.0000000 0.0000000 0.5688087
109 R 109 0.0058480 0.1881837 0.1151492 0.0000000 0.0061644 0.0047212 0.0166156 0.0000000 0.0171705 0.0236102 0.0000000 0.0530508 0.0062501 0.0069030 0.0000000 0.2173784 0.3275683 0.0000000 0.0000000 0.0113868
110 L 110 0.0000000 0.0000000 0.0000000 0.0000000 0.0000000 0.0000000 0.0000000 0.0000000 0.0000000 0.0081510 0.9278441 0.0000000 0.0375434 0.0076967 0.0077385 0.0000000 0.0000000 0.0000000 0.0000000 0.0110264
111 L 111 0.0368504 0.1812098 0.0368123 0.0248745 0.0524643 0.0405137 0.0221506 0.0129170 0.0643493 0.0048912 0.0257124 0.0348493 0.0000000 0.0115539 0.0000000 0.1378579 0.2378798 0.0000000 0.0074423 0.0676714
112 I 112 0.0000000 0.0000000 0.0000000 0.0000000 0.0000000 0.0000000 0.0000000 0.0000000 0.0000000 0.8276337 0.1083637 0.0000000 0.0049547 0.0000000 0.0000000 0.0000000 0.0000000 0.0000000 0.0000000 0.0590479
113 L 113 0.0123876 0.0047064 0.0000000 0.0030082 0.0000000 0.0000000 0.0000000 0.0000000 0.0208617 0.0000000 0.0643170 0.0235915 0.0086255 0.5290651 0.0000000 0.0645264 0.0000000 0.0198094 0.2491011 0.0000000
114 V 114 0.3525205 0.0000000 0.0000000 0.0000000 0.0348826 0.0000000 0.0000000 0.0000000 0.0000000 0.0331616 0.0035256 0.0000000 0.0109073 0.1034158 0.0000000 0.0532545 0.1709851 0.0000000 0.0000000 0.2373470
115 G 115 0.5401788 0.0000000 0.0000000 0.0000000 0.0308630 0.0000000 0.0047067 0.0386173 0.0000000 0.0000000 0.0000000 0.0000000 0.0000000 0.0000000 0.0045099 0.3761771 0.0049473 0.0000000 0.0000000 0.0000000
116 R 116 0.0000000 0.8294986 0.0000000 0.0000000 0.0088365 0.1256539 0.0000000 0.0000000 0.0040665 0.0000000 0.0000000 0.0319445 0.0000000 0.0000000 0.0000000 0.0000000 0.0000000 0.0000000 0.0000000 0.0000000
117 L 117 0.0000000 0.0000000 0.0000000 0.0000000 0.0000000 0.0000000 0.0000000 0.0000000 0.0000000 0.1369501 0.8216867 0.0000000 0.0000000 0.0000000 0.0249281 0.0000000 0.0088679 0.0000000 0.0000000 0.0075672
118 F 118 0.0000000 0.0000000 0.0000000 0.0000000 0.0054418 0.0000000 0.0000000 0.0000000 0.0000000 0.0000000 0.0045929 0.0000000 0.0000000 0.1440317 0.0000000 0.0000000 0.0048567 0.0000000 0.8410769 0.0000000
119 M 119 0.0000000 0.0043643 0.0227827 0.1059301 0.0121142 0.0311968 0.0514967 0.0211638 0.1161469 0.0000000 0.0174124 0.0265541 0.0397159 0.1414621 0.0000000 0.0000000 0.0244001 0.0528839 0.3278759 0.0044999
120 W 120 0.0000000 0.0179177 0.0000000 0.0000000 0.0868088 0.0000000 0.0207053 0.0000000 0.2463299 0.0219654 0.0115520 0.0036381 0.0135888 0.1634910 0.0078564 0.0208698 0.0904568 0.1112995 0.1536494 0.0298711
121 E 121 0.0000000 0.0745319 0.0124367 0.0405770 0.0000000 0.0721747 0.2510270 0.0075990 0.0000000 0.0000000 0.0254710 0.0421583 0.0612631 0.0000000 0.0000000 0.0205128 0.0160023 0.3275976 0.0304310 0.0182180
122 E 122 0.0030159 0.0365592 0.0745050 0.3346269 0.0189259 0.0306738 0.1614846 0.0258071 0.0228409 0.0375442 0.0277284 0.1181949 0.0000000 0.0140287 0.0000000 0.0572908 0.0000000 0.0000000 0.0099875 0.0267861
123 P 123 0.0606657 0.1536656 0.0112697 0.0239749 0.0000000 0.0749156 0.0351904 0.0742335 0.0255191 0.0000000 0.0193998 0.0480039 0.0000000 0.0066363 0.3328251 0.0769969 0.0392702 0.0174332 0.0000000 0.0000000
124 E 124 0.0177546 0.1250075 0.0635428 0.1519535 0.0252615 0.0827876 0.1244149 0.0653484 0.0308442 0.0057182 0.0333186 0.0601948 0.0019721 0.0000000 0.0415655 0.0239888 0.0223985 0.1055895 0.0052178 0.0131210
125 I 125 0.0305718 0.0112806 0.2661290 0.0000000 0.0130416 0.0132055 0.0263010 0.0048037 0.0233234 0.0715324 0.0084114 0.0000000 0.0088038 0.0631231 0.0000000 0.0147988 0.0373924 0.0365995 0.3622900 0.0083921
126 Q 126 0.0000000 0.3515410 0.0000000 0.0000000 0.0040307 0.3980999 0.0922263 0.0201110 0.0000000 0.0104564 0.0000000 0.1004582 0.0000000 0.0000000 0.0049190 0.0000000 0.0000000 0.0000000 0.0000000 0.0181576
127 A 127 0.0791024 0.0847757 0.0099047 0.0093635 0.0000000 0.2494081 0.4096758 0.0043826 0.0000000 0.0247894 0.0044279 0.0909511 0.0063775 0.0000000 0.0052952 0.0040206 0.0039137 0.0060791 0.0000000 0.0075325
128 A 128 0.2635783 0.0150976 0.0147391 0.0053315 0.0000000 0.0000000 0.0241683 0.6483953 0.0000000 0.0000000 0.0000000 0.0225693 0.0000000 0.0000000 0.0000000 0.0000000 0.0000000 0.0000000 0.0000000 0.0061207
129 L 129 0.0000000 0.0000000 0.0000000 0.0000000 0.0000000 0.0000000 0.0000000 0.0000000 0.0000000 0.0000000 0.9908834 0.0000000 0.0000000 0.0000000 0.0000000 0.0000000 0.0000000 0.0000000 0.0000000 0.0091166
130 K 130 0.0000000 0.5663575 0.0113786 0.0000000 0.1322717 0.1154131 0.0000000 0.0000000 0.0427308 0.0000000 0.0204145 0.0753340 0.0000000 0.0000000 0.0000000 0.0000000 0.0000000 0.0252489 0.0108509 0.0000000
131 K 131 0.0538716 0.2270539 0.0532957 0.0859804 0.0155928 0.0153409 0.0181030 0.0211333 0.0178748 0.0236641 0.0515758 0.0440524 0.0633582 0.0000000 0.0000000 0.2318601 0.0673899 0.0000000 0.0098529 0.0000000
132 L 132 0.0000000 0.0000000 0.0000000 0.0000000 0.0000000 0.0000000 0.0000000 0.0000000 0.0000000 0.0000000 0.9777170 0.0000000 0.0131215 0.0000000 0.0000000 0.0000000 0.0000000 0.0000000 0.0000000 0.0091615
133 K 133 0.1443432 0.0949619 0.0180602 0.0279725 0.1099923 0.1001717 0.0000000 0.0085896 0.0756352 0.0493431 0.0050768 0.0535329 0.0000000 0.0000000 0.0000000 0.1244583 0.0039922 0.0576900 0.0177189 0.1084613
134 E 134 0.0669350 0.1233233 0.0727140 0.0947353 0.0000000 0.2016261 0.0961119 0.0394499 0.0055608 0.0000000 0.0114834 0.0845453 0.0000000 0.0000000 0.0000000 0.1695771 0.0290048 0.0049330 0.0000000 0.0000000
135 A 135 0.3757846 0.0337505 0.0460952 0.0056519 0.0000000 0.0086492 0.1086681 0.0287843 0.0042403 0.0000000 0.1258708 0.0385326 0.0000000 0.0000000 0.0274414 0.1710043 0.0168488 0.0000000 0.0000000 0.0086780
136 G 136 0.0000000 0.0784980 0.0000000 0.0174224 0.0000000 0.0440866 0.0105290 0.7191999 0.0155367 0.0000000 0.0000000 0.0000000 0.0000000 0.0000000 0.0000000 0.0133173 0.0000000 0.1014100 0.0000000 0.0000000
137 C 137 0.4183753 0.0115434 0.0000000 0.0000000 0.0883351 0.0000000 0.0000000 0.0000000 0.0000000 0.0861344 0.0000000 0.0000000 0.0000000 0.0000000 0.0372076 0.0000000 0.0127911 0.0000000 0.0000000 0.3456130
138 K 138 0.0094094 0.1524193 0.0106848 0.0357670 0.0048692 0.2148553 0.0096393 0.0206087 0.0517272 0.0000000 0.0158157 0.1072892 0.0000000 0.0000000 0.0951610 0.0776392 0.1941147 0.0000000 0.0000000 0.0000000
139 L 139 0.0000000 0.0000000 0.0000000 0.0000000 0.0000000 0.0000000 0.0000000 0.0000000 0.0000000 0.2061596 0.2407753 0.0000000 0.0956271 0.0113866 0.0000000 0.0000000 0.0000000 0.0000000 0.0000000 0.4460514
140 R 140 0.1461866 0.1459796 0.0300884 0.0623915 0.0000000 0.0729123 0.0712477 0.0231315 0.0071426 0.0000000 0.0051046 0.1297869 0.0000000 0.0000000 0.0000000 0.2082393 0.0801148 0.0035253 0.0070931 0.0070559
141 I 141 0.0489361 0.0000000 0.0000000 0.0000000 0.0000000 0.0000000 0.0000000 0.0000000 0.0000000 0.4813003 0.0198154 0.0000000 0.0911826 0.0000000 0.0772417 0.0000000 0.0070369 0.0000000 0.0079280 0.2665591
142 M 142 0.0049258 0.0000000 0.0106660 0.0000000 0.0000000 0.0085191 0.0000000 0.0000000 0.0000000 0.0799671 0.0088607 0.0000000 0.8870613 0.0000000 0.0000000 0.0000000 0.0000000 0.0000000 0.0000000 0.0000000
143 K 143 0.0113676 0.0439875 0.0613929 0.1506898 0.0167637 0.0000000 0.0191813 0.1115555 0.0000000 0.0000000 0.0038143 0.1108577 0.0000000 0.0304803 0.0331625 0.1910419 0.1920145 0.0000000 0.0000000 0.0236905
144 P 144 0.0173002 0.0179025 0.0000000 0.0261161 0.0083638 0.0000000 0.0118555 0.0924287 0.0144842 0.0074026 0.1517520 0.0000000 0.0088748 0.1018851 0.1167979 0.0726704 0.0039938 0.0000000 0.3269342 0.0212385
145 Q 145 0.0122687 0.0594581 0.0129259 0.0779847 0.0000000 0.0833532 0.1336195 0.1113563 0.0042323 0.0000000 0.0145793 0.1027628 0.0300999 0.0030196 0.1615519 0.1444290 0.0199762 0.0081233 0.0101775 0.0100817
146 D 146 0.0073491 0.0000000 0.0000000 0.3342964 0.0000000 0.0310506 0.4850762 0.0099709 0.0271441 0.0641744 0.0098328 0.0000000 0.0053216 0.0000000 0.0000000 0.0000000 0.0257839 0.0000000 0.0000000 0.0000000
147 F 147 0.0000000 0.0091811 0.0000000 0.0000000 0.0000000 0.0000000 0.0000000 0.0142148 0.0152034 0.0095580 0.0074742 0.0000000 0.0000000 0.6759801 0.0000000 0.0000000 0.0072913 0.0895062 0.1715910 0.0000000
148 E 148 0.0915471 0.0567463 0.0000000 0.0210922 0.0354650 0.1233621 0.1890405 0.0039968 0.0737158 0.0240652 0.0301589 0.1694366 0.0000000 0.0555354 0.0074742 0.0211083 0.0469229 0.0000000 0.0324526 0.0178800
149 Y 149 0.0164545 0.0166313 0.0077177 0.1280767 0.0211426 0.0000000 0.0224759 0.0000000 0.2405110 0.0000000 0.0000000 0.0472329 0.0075324 0.0000000 0.0000000 0.0685509 0.0000000 0.0000000 0.4236741 0.0000000
150 V 150 0.0000000 0.0000000 0.0082787 0.0000000 0.7758122 0.0000000 0.0000000 0.0000000 0.0000000 0.0226590 0.0794646 0.0000000 0.0000000 0.0000000 0.0000000 0.0000000 0.0260660 0.0000000 0.0000000 0.0877196
151 W 151 0.0072901 0.0209758 0.0000000 0.0000000 0.0095565 0.0000000 0.0000000 0.0000000 0.0000000 0.0000000 0.0986721 0.0000000 0.0000000 0.0209555 0.0000000 0.0000000 0.0000000 0.8425500 0.0000000 0.0000000
152 Q 152 0.0000000 0.1328566 0.1083713 0.1888881 0.0000000 0.0717853 0.2486690 0.0095565 0.0138563 0.0000000 0.0000000 0.1038547 0.0000000 0.0000000 0.0000000 0.0429361 0.0444674 0.0076569 0.0226907 0.0044112
153 N 153 0.0190567 0.0063972 0.4662024 0.0000000 0.0000000 0.0156952 0.0216386 0.0000000 0.0099485 0.0258141 0.0073410 0.1441285 0.0000000 0.0127421 0.0074730 0.0184897 0.2450730 0.0000000 0.0000000 0.0000000
154 F 154 0.0000000 0.0000000 0.0000000 0.0000000 0.0000000 0.0000000 0.0000000 0.0000000 0.0000000 0.0000000 0.0110499 0.0000000 0.0000000 0.9714224 0.0000000 0.0000000 0.0000000 0.0000000 0.0175276 0.0000000
155 V 155 0.0073675 0.0000000 0.0000000 0.0000000 0.0000000 0.0000000 0.0000000 0.0000000 0.0000000 0.0281699 0.0209348 0.0000000 0.0084361 0.0074063 0.0000000 0.0000000 0.0000000 0.0000000 0.0000000 0.9276853
156 E 156 0.0230886 0.0000000 0.1096640 0.3445797 0.0155353 0.0216868 0.1260476 0.0000000 0.0256418 0.0000000 0.0077422 0.0158327 0.0102274 0.0000000 0.0000000 0.0977375 0.0000000 0.0000000 0.1930531 0.0091635
157 Q 157 0.0000000 0.0282732 0.3755237 0.0254024 0.0043809 0.0480818 0.0000000 0.0837252 0.1817830 0.0057152 0.0000000 0.0241166 0.0000000 0.0071222 0.0588812 0.0625853 0.0057576 0.0000000 0.0886519 0.0000000
158 E 158 0.0000000 0.0933203 0.0242119 0.1725000 0.0000000 0.0876744 0.1317619 0.0082167 0.0213704 0.0724272 0.0000000 0.0850389 0.0000000 0.0000000 0.1068415 0.1081077 0.0193478 0.0000000 0.0000000 0.0691813
159 E 159 0.0000000 0.0659053 0.0138850 0.1284178 0.0000000 0.0370000 0.1932794 0.0479673 0.0625576 0.0000000 0.0107063 0.0692401 0.0000000 0.0000000 0.1855229 0.1629145 0.0000000 0.0000000 0.0226039 0.0000000
160 G 160 0.0308292 0.0000000 0.0872483 0.0510228 0.0051492 0.0117079 0.0204893 0.5707293 0.0000000 0.0000000 0.0280917 0.0000000 0.0390393 0.0000000 0.0461600 0.0728411 0.0240460 0.0126458 0.0000000 0.0000000
161 E 161 0.0329306 0.0138097 0.0864076 0.0060134 0.0000000 0.3773585 0.2390687 0.0872831 0.0000000 0.0000000 0.0297429 0.0648097 0.0000000 0.0000000 0.0200987 0.0308388 0.0000000 0.0116383 0.0000000 0.0000000
162 S 162 0.0121607 0.0554898 0.0037865 0.0218439 0.0000000 0.0105625 0.1838229 0.4486459 0.0121161 0.0139332 0.0349200 0.0000000 0.0000000 0.0265250 0.0565916 0.1150977 0.0045041 0.0000000 0.0000000 0.0000000
163 K 163 0.0744065 0.2515606 0.0145571 0.0292595 0.0282122 0.1308545 0.1807459 0.0000000 0.0473720 0.0049899 0.0175348 0.1423117 0.0356557 0.0000000 0.0056702 0.0105586 0.0163094 0.0000000 0.0000000 0.0100013
164 A 164 0.0774786 0.0553722 0.0000000 0.0157937 0.0111232 0.0160368 0.0328404 0.0139455 0.0499650 0.0078009 0.0600697 0.0047125 0.0000000 0.0000000 0.4035274 0.0770934 0.1019089 0.0000000 0.0468643 0.0254675
165 F 165 0.0000000 0.0000000 0.0000000 0.0000000 0.0000000 0.0111776 0.0000000 0.0000000 0.0000000 0.0000000 0.0069460 0.0000000 0.0000000 0.8445286 0.0000000 0.0000000 0.0000000 0.1171753 0.0201724 0.0000000
166 Q 166 0.0086309 0.0944314 0.0339179 0.0214047 0.0000000 0.2512687 0.0600683 0.0000000 0.0000000 0.0363739 0.0062311 0.1924361 0.0465399 0.0000000 0.1412495 0.0044327 0.0514030 0.0147168 0.0071875 0.0297078
167 P 167 0.0822178 0.0908803 0.0000000 0.0072261 0.0000000 0.0110781 0.0000000 0.0138796 0.0000000 0.0000000 0.0182209 0.0065099 0.0000000 0.0000000 0.7216363 0.0369115 0.0061047 0.0000000 0.0053347 0.0000000
168 W 168 0.0000000 0.0159394 0.0000000 0.0000000 0.0152507 0.0000000 0.0000000 0.0270831 0.0068526 0.0000000 0.0000000 0.0000000 0.0000000 0.0197069 0.0000000 0.0246026 0.0000000 0.7988462 0.0843736 0.0073449
169 E 169 0.0151246 0.0416439 0.1034340 0.1306287 0.0000000 0.0139759 0.2764730 0.0000000 0.0178291 0.0065047 0.0000000 0.1784979 0.0189678 0.0000000 0.1191551 0.0179909 0.0149450 0.0000000 0.0448294 0.0000000
170 D 170 0.0088776 0.0794615 0.1079667 0.1449355 0.0000000 0.0000000 0.0539167 0.2437917 0.0200035 0.0118069 0.0181132 0.2110690 0.0106791 0.0052377 0.0537368 0.0047920 0.0101569 0.0000000 0.0068055 0.0086497
171 I 171 0.0000000 0.0059821 0.0000000 0.0000000 0.0590338 0.0000000 0.0000000 0.0000000 0.0000000 0.0940503 0.7288826 0.0000000 0.0139092 0.0638510 0.0000000 0.0000000 0.0000000 0.0000000 0.0000000 0.0342911
172 Q 172 0.0115636 0.0332106 0.0976976 0.1981726 0.0040671 0.1233518 0.1163985 0.0055227 0.0967394 0.0000000 0.0472156 0.0537753 0.0000000 0.0000000 0.0819336 0.0054619 0.0285752 0.0927838 0.0035307 0.0000000
173 E 173 0.0223133 0.0340509 0.0000000 0.1167712 0.0061653 0.0616151 0.3181983 0.0055499 0.0000000 0.0456660 0.0000000 0.1667768 0.0544483 0.0000000 0.0104154 0.0077037 0.1025194 0.0000000 0.0163744 0.0314319
174 N 174 0.0111021 0.0397653 0.5463947 0.0102268 0.0159612 0.0000000 0.0195935 0.0055845 0.1861525 0.0114717 0.0000000 0.0108068 0.0000000 0.0000000 0.0000000 0.0298287 0.0000000 0.0076871 0.1054250 0.0000000
175 F 175 0.0124284 0.0052240 0.0065729 0.0000000 0.0000000 0.0041311 0.0000000 0.0000000 0.0000000 0.0191533 0.0074975 0.0000000 0.0000000 0.1827856 0.0000000 0.4670779 0.0109623 0.0000000 0.2841670 0.0000000
176 L 176 0.0639101 0.2301826 0.0408428 0.0292120 0.0000000 0.1827235 0.0975648 0.0000000 0.0038542 0.0292103 0.0814967 0.0581322 0.0294228 0.0000000 0.0000000 0.0169822 0.0701684 0.0065150 0.0000000 0.0597825
177 Y 177 0.1227759 0.0803444 0.0274310 0.0071010 0.0095730 0.0104405 0.0000000 0.0160891 0.0213826 0.0000000 0.2200758 0.0141456 0.0212558 0.1348274 0.0000000 0.0709167 0.0175625 0.0249350 0.1813776 0.0197663
178 Y 178 0.0000000 0.0000000 0.0000000 0.0000000 0.0000000 0.0468927 0.0000000 0.0000000 0.0191069 0.1195032 0.4631892 0.0000000 0.0063107 0.0269721 0.0000000 0.0000000 0.0266831 0.0204639 0.2708783 0.0000000
179 E 179 0.1453870 0.0378120 0.0535062 0.0861609 0.0102557 0.0487968 0.1412531 0.0076666 0.1121059 0.0000000 0.0048805 0.0854562 0.0000000 0.0037088 0.0000000 0.1991724 0.0103263 0.0000000 0.0138413 0.0396702
180 E 180 0.0503205 0.3048833 0.0056055 0.0109097 0.0203171 0.0106766 0.1496801 0.1018743 0.0221116 0.0551065 0.1187027 0.0509264 0.0099118 0.0000000 0.0000000 0.0636207 0.0253529 0.0000000 0.0000000 0.0000000
181 K 181 0.0000000 0.2917732 0.0122509 0.0000000 0.0046543 0.0306978 0.1847671 0.0000000 0.0000000 0.0353985 0.0000000 0.2932014 0.0167751 0.0000000 0.0000000 0.0000000 0.1304817 0.0000000 0.0000000 0.0000000
182 L 182 0.0000000 0.0000000 0.0000000 0.0000000 0.0000000 0.0000000 0.0000000 0.0000000 0.0000000 0.0000000 1.0000000 0.0000000 0.0000000 0.0000000 0.0000000 0.0000000 0.0000000 0.0000000 0.0000000 0.0000000
183 A 183 0.0934689 0.1376483 0.0347498 0.0150152 0.0000000 0.2662458 0.0798082 0.0776189 0.0836475 0.0067593 0.0061504 0.1053407 0.0000000 0.0000000 0.0000000 0.0300598 0.0000000 0.0252814 0.0382059 0.0000000
184 D 184 0.1270256 0.1880071 0.0332088 0.1124445 0.1239124 0.0287931 0.2880700 0.0000000 0.0078689 0.0000000 0.0000000 0.0517179 0.0000000 0.0000000 0.0000000 0.0228487 0.0161030 0.0000000 0.0000000 0.0000000
185 I 185 0.0000000 0.0000000 0.0000000 0.0000000 0.0000000 0.0000000 0.0000000 0.0000000 0.0000000 0.8925895 0.0454103 0.0000000 0.0000000 0.0100176 0.0000000 0.0047307 0.0000000 0.0000000 0.0000000 0.0472519
186 L 186 0.0000000 0.0000000 0.0000000 0.0000000 0.0000000 0.0000000 0.0000000 0.0000000 0.0000000 0.0058961 0.9606998 0.0069367 0.0179523 0.0085151 0.0000000 0.0000000 0.0000000 0.0000000 0.0000000 0.0000000
187 K 187 0.0000000 0.3106351 0.0000000 0.0000000 0.0000000 0.4443818 0.0682093 0.0000000 0.0000000 0.0000000 0.0000000 0.1767738 0.0000000 0.0000000 0.0000000 0.0000000 0.0000000 0.0000000 0.0000000 0.0000000
