  164         A         R         N         D         C         Q         E         G         H         I         L         K         M         F         P         S         T         W         Y         V         X    
  1 G   1 0.0000000 0.0000000 0.0131438 0.0000000 0.0000000 0.0000000 0.0000000 0.0181802 0.0000000 0.0000000 0.0000000 0.0000000 0.0000000 0.0000000 0.0000000 0.0081101 0.0000000 0.0000000 0.0000000 0.0000000 0.9605660
  2 M   2 0.0035942 0.0000000 0.0012670 0.0000000 0.0000000 0.0000000 0.0026317 0.0028705 0.0000000 0.0016344 0.0000000 0.0000000 0.3228114 0.0000000 0.0000000 0.0000000 0.0000000 0.0000000 0.0016084 0.0000000 0.6635823
  3 S   3 0.0683937 0.0000000 0.0277843 0.0036505 0.0000000 0.0033256 0.0086667 0.0030845 0.0009843 0.0042993 0.0000000 0.0402650 0.0000000 0.0016046 0.0096170 0.1445289 0.1079925 0.0000000 0.0000000 0.0040705 0.5717325
  4 D   4 0.0277456 0.0319838 0.0217706 0.0544896 0.0000000 0.0608935 0.0826056 0.0080373 0.0044571 0.0012440 0.0022388 0.0870572 0.0081103 0.0000000 0.0241769 0.0155364 0.0478876 0.0000000 0.0011705 0.0029202 0.5176749
  5 P   5 0.0063131 0.0213646 0.0039756 0.0015611 0.0000000 0.0359564 0.0054180 0.0016887 0.0014731 0.0092579 0.0079027 0.1885047 0.0088115 0.0000000 0.1688666 0.0289274 0.0235130 0.0000000 0.0000000 0.0077053 0.4787603
  6 L   6 0.0068026 0.0041099 0.0067301 0.0015193 0.0038437 0.0080117 0.0015334 0.0018306 0.0100478 0.1567103 0.0754434 0.1335012 0.0808631 0.0289449 0.0138609 0.0116304 0.0463451 0.0000000 0.0984266 0.1315523 0.1782924
  7 H   7 0.0262846 0.2123299 0.0590571 0.0010098 0.0000000 0.0059230 0.0035813 0.0178981 0.0713615 0.0000000 0.0000000 0.3038581 0.0000000 0.0000000 0.0000000 0.1960774 0.0202821 0.0000000 0.0013361 0.0011718 0.0798293
  8 V   8 0.0073412 0.0000000 0.0000000 0.0000000 0.0000000 0.0000000 0.0000000 0.0000000 0.0000000 0.3179234 0.0679207 0.0000000 0.0027559 0.0025516 0.0000000 0.0033687 0.0000000 0.0000000 0.0000000 0.5457709 0.0523676
  9 T   9 0.0367905 0.0000000 0.0000000 0.0014342 0.0504020 0.0015060 0.0027034 0.0000000 0.0000000 0.0253126 0.7190521 0.0000000 0.0340305 0.0000000 0.0000000 0.0113140 0.0331944 0.0000000 0.0000000 0.0410804 0.0431798
 10 F  10 0.0057003 0.0000000 0.0000000 0.0000000 0.0121998 0.0000000 0.0000000 0.0027254 0.0000000 0.0181384 0.0098034 0.0000000 0.0878548 0.7483770 0.0000000 0.0000000 0.0257646 0.0000000 0.0050361 0.0471518 0.0372482
 11 V  11 0.0000000 0.0000000 0.0000000 0.0000000 0.0060742 0.0000000 0.0000000 0.0000000 0.0000000 0.0852122 0.0082017 0.0000000 0.0000000 0.0000000 0.0000000 0.0000000 0.0000000 0.0000000 0.0000000 0.8649047 0.0356071
 12 C  12 0.0024152 0.0000000 0.0000000 0.0000000 0.9617769 0.0000000 0.0000000 0.0000000 0.0000000 0.0000000 0.0000000 0.0000000 0.0000000 0.0000000 0.0000000 0.0033687 0.0000000 0.0000000 0.0000000 0.0000000 0.0324393
 13 T  13 0.0033576 0.0000000 0.0033687 0.0000000 0.0000000 0.0000000 0.0000000 0.0000000 0.0719404 0.0091569 0.5754395 0.0040579 0.1126909 0.0028680 0.0000000 0.0230234 0.1496352 0.0041530 0.0020844 0.0139747 0.0242494
 14 G  14 0.0104679 0.0000000 0.0000000 0.0031943 0.0000000 0.0000000 0.0000000 0.9602610 0.0000000 0.0000000 0.0000000 0.0000000 0.0000000 0.0000000 0.0000000 0.0038558 0.0000000 0.0000000 0.0000000 0.0000000 0.0222211
 15 N  15 0.0000000 0.0000000 0.9746565 0.0000000 0.0000000 0.0000000 0.0000000 0.0000000 0.0000000 0.0000000 0.0000000 0.0000000 0.0000000 0.0000000 0.0000000 0.0031224 0.0000000 0.0000000 0.0000000 0.0000000 0.0222211
 16 I  16 0.0000000 0.0000000 0.0000000 0.0000000 0.0000000 0.0000000 0.0000000 0.0000000 0.0000000 0.9230264 0.0098875 0.0000000 0.0000000 0.0085680 0.0000000 0.0126185 0.0193454 0.0000000 0.0013778 0.0047621 0.0204142
 17 C  17 0.0036411 0.0000000 0.0000000 0.0000000 0.9759446 0.0000000 0.0000000 0.0000000 0.0000000 0.0000000 0.0000000 0.0000000 0.0000000 0.0000000 0.0000000 0.0000000 0.0000000 0.0000000 0.0000000 0.0000000 0.0204142
 18 R  18 0.0000000 0.9713070 0.0000000 0.0000000 0.0000000 0.0027254 0.0000000 0.0000000 0.0016976 0.0000000 0.0000000 0.0000000 0.0000000 0.0000000 0.0000000 0.0000000 0.0000000 0.0038558 0.0000000 0.0000000 0.0204142
 19 S  19 0.0000000 0.0000000 0.0000000 0.0000000 0.0000000 0.0000000 0.0000000 0.0000000 0.0000000 0.0000000 0.0000000 0.0000000 0.0000000 0.0000000 0.0000000 0.9795858 0.0000000 0.0000000 0.0000000 0.0000000 0.0204142
 20 P  20 0.0077826 0.0000000 0.0000000 0.0000000 0.0000000 0.0000000 0.0000000 0.0000000 0.0000000 0.0000000 0.0000000 0.0000000 0.0000000 0.0000000 0.9083132 0.0133423 0.0483862 0.0000000 0.0000000 0.0017614 0.0204142
 21 M  21 0.0882557 0.0000000 0.0000000 0.0000000 0.0021278 0.0000000 0.0000000 0.0015642 0.0000000 0.0955332 0.1212288 0.0000000 0.4623352 0.0000000 0.0000000 0.0433814 0.1697560 0.0000000 0.0000000 0.0078119 0.0080056
 22 A  22 0.9082851 0.0000000 0.0000000 0.0000000 0.0015714 0.0000000 0.0000000 0.0639669 0.0000000 0.0000000 0.0000000 0.0000000 0.0000000 0.0000000 0.0000000 0.0163839 0.0017870 0.0000000 0.0000000 0.0000000 0.0080056
 23 E  23 0.0141054 0.0035986 0.0034029 0.0165991 0.0000000 0.0377695 0.8499360 0.0013328 0.0461120 0.0000000 0.0027745 0.0103842 0.0000000 0.0000000 0.0000000 0.0000000 0.0021235 0.0000000 0.0000000 0.0000000 0.0118614
 24 K  24 0.3601068 0.0116690 0.0194204 0.0000000 0.0042387 0.0042826 0.0099150 0.3181613 0.0032992 0.0417079 0.0121651 0.0332604 0.0043910 0.0556934 0.0000000 0.0220391 0.0017188 0.0030882 0.0327655 0.0502163 0.0118614
 25 M  25 0.0457580 0.0000000 0.0000000 0.0000000 0.0000000 0.0000000 0.0000000 0.0000000 0.0000000 0.2657186 0.0546406 0.0000000 0.0619227 0.0017589 0.0000000 0.0000000 0.0045926 0.0013237 0.0110797 0.5451997 0.0080056
 26 F  26 0.0359859 0.0000000 0.0000000 0.0000000 0.0054877 0.0000000 0.0000000 0.0000000 0.0000000 0.0071343 0.2404122 0.0000000 0.1878206 0.4859878 0.0000000 0.0000000 0.0077630 0.0000000 0.0051388 0.0162641 0.0080056
 27 A  27 0.0583996 0.5295747 0.0322485 0.0018866 0.0021332 0.0775640 0.0210204 0.0051943 0.0061577 0.0055429 0.0280820 0.1681377 0.0000000 0.0000000 0.0000000 0.0102848 0.0326810 0.0014374 0.0043213 0.0073282 0.0080056
 28 Q  28 0.1060906 0.0385523 0.0335509 0.1432543 0.0008867 0.0935938 0.0555366 0.0060551 0.2506247 0.0000000 0.0009350 0.1475402 0.0013833 0.0011786 0.0000000 0.0666549 0.0184491 0.0000000 0.0180693 0.0050078 0.0126368
 29 Q  29 0.0601288 0.0668225 0.0000000 0.0025365 0.0024730 0.0616849 0.0473141 0.0023954 0.0422817 0.0448611 0.3019326 0.1361948 0.0981218 0.0204093 0.0000000 0.0000000 0.0216507 0.0015642 0.0244240 0.0456518 0.0195527
 30 L  30 0.1605231 0.0015922 0.0000000 0.0000000 0.0167132 0.0000000 0.0000000 0.0000000 0.0000000 0.1277434 0.2216178 0.0000000 0.0095687 0.0272042 0.0000000 0.0041277 0.0116453 0.0021802 0.0000000 0.3973677 0.0197164
 31 R  31 0.1556510 0.0914277 0.0390547 0.0667362 0.0016844 0.0775260 0.1860404 0.0089597 0.0172147 0.0109838 0.0149405 0.1564137 0.0037545 0.0025350 0.0246094 0.0474904 0.0484407 0.0012262 0.0056086 0.0155650 0.0241376
 32 H  32 0.0787202 0.0889094 0.0272883 0.1194463 0.0049192 0.1420709 0.2284769 0.0073163 0.0193678 0.0060298 0.0097287 0.1726183 0.0000000 0.0000000 0.0010834 0.0304662 0.0152915 0.0000000 0.0010766 0.0033536 0.0438368
 33 R  33 0.3494522 0.1761669 0.0333758 0.0099936 0.0000000 0.0387866 0.1078966 0.0056822 0.0596144 0.0059132 0.0420795 0.0586081 0.0095792 0.0000000 0.0085616 0.0288980 0.0102531 0.0000000 0.0046495 0.0040495 0.0464400
 34 G  34 0.0073519 0.0180174 0.0950805 0.0193233 0.0000000 0.0318614 0.0144426 0.6704852 0.0233065 0.0000000 0.0019027 0.0259275 0.0048085 0.0000000 0.0283956 0.0050128 0.0038573 0.0000000 0.0000000 0.0000000 0.0502267
 35 L  35 0.0137979 0.0107160 0.0010440 0.0045082 0.0032921 0.0056632 0.0015695 0.0017628 0.0055490 0.0546736 0.6812752 0.0194749 0.0204159 0.0075824 0.0021325 0.0027452 0.0038485 0.0066646 0.0225298 0.0721813 0.0585734
 36 G  36 0.1576540 0.0117443 0.0403080 0.1269432 0.0000000 0.0378135 0.1627632 0.0744930 0.0070292 0.0091854 0.0094764 0.0254433 0.0015247 0.0030114 0.0148651 0.1778019 0.0723370 0.0000000 0.0019893 0.0105945 0.0550225
 37 D  37 0.0444304 0.0148751 0.0632327 0.3466408 0.0000000 0.0170006 0.0842236 0.0850186 0.0649879 0.0009750 0.0094370 0.0313597 0.0013272 0.0011400 0.0042820 0.0699011 0.0107816 0.0000000 0.0013776 0.0043842 0.1446250
 38 A  38 0.0857656 0.1585996 0.0378337 0.0334426 0.0034304 0.1115964 0.0775303 0.0067281 0.0339980 0.0084572 0.0561633 0.0988843 0.0054945 0.0139866 0.0061198 0.0342089 0.0155972 0.0020902 0.0113852 0.0325682 0.1661199
 39 V  39 0.0089990 0.0000000 0.0000000 0.0000000 0.0013149 0.0000000 0.0000000 0.0108992 0.0000000 0.2598658 0.0494056 0.0000000 0.0103079 0.2008681 0.0013686 0.0028979 0.0015370 0.1106652 0.0308994 0.2809642 0.0300072
 40 R  40 0.0301477 0.1217303 0.0199755 0.0224026 0.0026111 0.0575952 0.2217002 0.0088973 0.0382428 0.0514395 0.0567030 0.0710127 0.0096844 0.0330383 0.0013950 0.0379498 0.0811437 0.0023481 0.0408509 0.0739686 0.0171633
 41 V  41 0.0272436 0.0000000 0.0000000 0.0000000 0.0291246 0.0000000 0.0000000 0.0000000 0.0000000 0.3379470 0.0338094 0.0000000 0.0018931 0.0089082 0.0000000 0.0068100 0.0446232 0.0000000 0.0000000 0.5021639 0.0074771
 42 T  42 0.0605254 0.0045827 0.0126007 0.6991782 0.0000000 0.0070110 0.0677994 0.0133776 0.0074825 0.0000000 0.0000000 0.0000000 0.0028165 0.0019691 0.0000000 0.0595863 0.0481438 0.0000000 0.0020426 0.0054072 0.0074771
 43 S  43 0.0061529 0.0015550 0.0000000 0.0000000 0.0027737 0.0000000 0.0000000 0.0021217 0.0000000 0.0000000 0.0000000 0.0000000 0.0000000 0.0000000 0.0000000 0.9799196 0.0000000 0.0000000 0.0000000 0.0000000 0.0074771
 44 A  44 0.7769701 0.0272950 0.0000000 0.0000000 0.0847830 0.0000000 0.0046788 0.0122989 0.0000000 0.0000000 0.0027075 0.0094136 0.0017248 0.0213467 0.0000000 0.0414710 0.0053850 0.0000000 0.0020818 0.0098438 0.0000000
 45 G  45 0.2063742 0.0000000 0.0000000 0.0000000 0.0000000 0.0000000 0.0000000 0.7855252 0.0000000 0.0000000 0.0000000 0.0000000 0.0000000 0.0000000 0.0000000 0.0081007 0.0000000 0.0000000 0.0000000 0.0000000 0.0000000
 46 T  46 0.0030307 0.0000000 0.0000000 0.0000000 0.0031468 0.0000000 0.0044889 0.0046788 0.0000000 0.1248897 0.0526535 0.0000000 0.0121281 0.0016090 0.0000000 0.0000000 0.7688045 0.0000000 0.0000000 0.0245700 0.0000000
 47 G  47 0.0845792 0.0120297 0.0044872 0.0014944 0.0038918 0.0026190 0.0106574 0.3753384 0.0910656 0.0613127 0.0156966 0.0074771 0.0012482 0.0052471 0.0000000 0.2757252 0.0306278 0.0046788 0.0081673 0.0036565 0.0000000
 48 N  48 0.1302641 0.0374626 0.0830719 0.1924647 0.0009639 0.0064852 0.0103861 0.2977572 0.0202928 0.0000000 0.0000000 0.0055608 0.0000000 0.0000000 0.0223095 0.1195425 0.0643226 0.0040579 0.0050582 0.0000000 0.0000000
 49 W  49 0.0107534 0.0044889 0.0015193 0.0162853 0.0000000 0.0000000 0.0931809 0.0154786 0.0140786 0.0058316 0.0009636 0.0000000 0.0049418 0.0299689 0.0000000 0.0039400 0.0000000 0.4732427 0.3206522 0.0046742 0.0000000
 50 H  50 0.0081541 0.0026230 0.0561201 0.0000000 0.0000000 0.0020686 0.1806973 0.0000000 0.7276122 0.0000000 0.0074771 0.0000000 0.0000000 0.0061529 0.0033888 0.0015536 0.0000000 0.0000000 0.0018336 0.0000000 0.0023189
 51 V  51 0.1051269 0.0110611 0.0000000 0.0178789 0.0000000 0.0391825 0.0735831 0.0000000 0.0291922 0.2463835 0.0433181 0.0030912 0.0036411 0.0000000 0.0111629 0.0153367 0.0484378 0.0018738 0.0040848 0.3419715 0.0046742
 52 G  52 0.0023645 0.0000000 0.0132854 0.0157928 0.0000000 0.0000000 0.0000000 0.9510843 0.0058421 0.0000000 0.0041420 0.0015878 0.0000000 0.0000000 0.0000000 0.0059012 0.0000000 0.0000000 0.0000000 0.0000000 0.0000000
 53 S  53 0.0245058 0.0381712 0.2237608 0.0895630 0.0087515 0.0640817 0.3215378 0.0112750 0.0353602 0.0014331 0.0028553 0.0981678 0.0061473 0.0000000 0.0000000 0.0656293 0.0041015 0.0014544 0.0015417 0.0016624 0.0000000
 54 C  54 0.0987595 0.0391709 0.0096071 0.0434332 0.0143164 0.0297076 0.0270438 0.0596751 0.0102947 0.0031980 0.0891047 0.0297293 0.0049494 0.0012637 0.4506038 0.0691477 0.0187468 0.0000000 0.0000000 0.0012482 0.0000000
 55 A  55 0.2016801 0.0000000 0.0000000 0.0000000 0.0023977 0.0000000 0.0000000 0.0018336 0.0018644 0.0516480 0.0027737 0.0000000 0.0442019 0.0000000 0.6223451 0.0031154 0.0136365 0.0000000 0.0024458 0.0520577 0.0000000
 56 D  56 0.0000000 0.0000000 0.0035503 0.7547066 0.0104129 0.0083472 0.0126863 0.0000000 0.1691936 0.0000000 0.0000000 0.0000000 0.0000000 0.0000000 0.0000000 0.0046742 0.0015142 0.0000000 0.0349147 0.0000000 0.0000000
 57 E  57 0.0698171 0.1337501 0.0147360 0.0286617 0.0100063 0.0293376 0.1047853 0.0201530 0.0543397 0.0102695 0.0162503 0.0554638 0.0013724 0.0031943 0.2540161 0.1093689 0.0149630 0.0043685 0.0504505 0.0146959 0.0000000
 58 R  58 0.0046221 0.7555769 0.0026613 0.0028516 0.0000000 0.0046742 0.0045216 0.1669515 0.0080657 0.0000000 0.0037126 0.0039269 0.0074771 0.0000000 0.0254243 0.0040650 0.0023189 0.0000000 0.0031504 0.0000000 0.0000000
 59 A  59 0.3438763 0.0017705 0.0000000 0.0000000 0.0019235 0.0000000 0.0000000 0.0370183 0.0000000 0.0017903 0.0000000 0.0000000 0.1360224 0.0000000 0.0000000 0.1935825 0.2747621 0.0000000 0.0000000 0.0092540 0.0000000
 60 A  60 0.0573837 0.2420956 0.0121968 0.0020188 0.0074656 0.2306535 0.0027452 0.0093533 0.0000000 0.1209010 0.0690010 0.0448170 0.0559399 0.0000000 0.0000000 0.0145464 0.0304413 0.0000000 0.0000000 0.1004408 0.0000000
 61 G  61 0.3042723 0.0970874 0.0355890 0.0567856 0.0017365 0.0883927 0.0952577 0.0065494 0.0190731 0.0060431 0.0245149 0.1193410 0.0079879 0.0000000 0.0000000 0.0931664 0.0307379 0.0000000 0.0038314 0.0096337 0.0000000
 62 V  62 0.1825159 0.0117264 0.0042994 0.0000000 0.0626281 0.0117399 0.0496886 0.0000000 0.0685471 0.1044236 0.0244509 0.0549010 0.0087115 0.0080056 0.0000000 0.0094286 0.1751855 0.0000000 0.0028116 0.2209363 0.0000000
 63 L  63 0.3692959 0.0000000 0.0000000 0.0000000 0.0407744 0.0022742 0.0000000 0.0703330 0.0000000 0.0063444 0.4437423 0.0000000 0.0483553 0.0053644 0.0000000 0.0081372 0.0000000 0.0000000 0.0000000 0.0053789 0.0000000
 64 R  64 0.1608146 0.2508482 0.0132649 0.0334061 0.0000000 0.0530328 0.0935753 0.0176859 0.0132438 0.0047843 0.0638965 0.2049844 0.0103366 0.0020160 0.0000000 0.0311091 0.0314935 0.0039354 0.0026983 0.0088742 0.0000000
 65 L  65 0.1362748 0.2071857 0.0238362 0.0195106 0.0014180 0.0891830 0.1472210 0.0202466 0.0094514 0.0059896 0.0148488 0.2592289 0.0041763 0.0037681 0.0012677 0.0423956 0.0091252 0.0000000 0.0000000 0.0048725 0.0000000
 66 H  66 0.0295234 0.3341610 0.0780390 0.0042587 0.0014773 0.0172040 0.0247679 0.0071355 0.3626691 0.0010512 0.0088224 0.0270973 0.0103256 0.0155502 0.0000000 0.0042326 0.0022443 0.0018296 0.0552589 0.0143519 0.0000000
 67 G  67 0.0051300 0.0077577 0.0560287 0.0466679 0.0000000 0.0148643 0.0045675 0.8134180 0.0215489 0.0000000 0.0018274 0.0191665 0.0000000 0.0000000 0.0000000 0.0060536 0.0011052 0.0000000 0.0000000 0.0000000 0.0018644
 68 Y  68 0.0116343 0.0000000 0.0000000 0.0000000 0.0074164 0.0000000 0.0011390 0.0000000 0.0126338 0.4096489 0.0930465 0.0000000 0.0048284 0.0111716 0.0000000 0.0000000 0.0031224 0.0013290 0.3182824 0.1257472 0.0000000
 69 P  69 0.0186485 0.0146060 0.0528737 0.3779791 0.0027961 0.0209517 0.0587160 0.0066737 0.0216160 0.0034167 0.0087736 0.0424483 0.0023578 0.0094260 0.1822223 0.1239039 0.0343336 0.0000000 0.0070465 0.0112104 0.0000000
 70 T  70 0.0200782 0.0033347 0.0046179 0.0173656 0.0274986 0.0044948 0.0056634 0.0084482 0.0059284 0.1957674 0.2273874 0.0007896 0.0489733 0.1099043 0.0060445 0.0578463 0.1007886 0.0058489 0.1010779 0.0463519 0.0017903
 71 D  71 0.0457266 0.0228669 0.0934162 0.2074350 0.0000000 0.0300912 0.0772132 0.0576562 0.0185450 0.0028833 0.0051721 0.0386444 0.0008382 0.0023661 0.0331606 0.2574511 0.0970513 0.0000000 0.0016390 0.0052120 0.0026317
 72 H  72 0.0220863 0.0202421 0.0296815 0.0021648 0.0010153 0.0566832 0.0000000 0.2000485 0.4505525 0.0000000 0.0617586 0.0272193 0.0113388 0.0053171 0.0012149 0.0855394 0.0132223 0.0036411 0.0059098 0.0023645 0.0000000
 73 R  73 0.0265952 0.5217942 0.0038906 0.0029953 0.0094795 0.0422044 0.0042453 0.0022183 0.0213004 0.0782612 0.0244109 0.0819346 0.0298360 0.0233459 0.0010578 0.0190503 0.0342625 0.0000000 0.0036669 0.0694508 0.0000000
 74 A  74 0.7384993 0.0015196 0.0000000 0.0000000 0.0124926 0.0000000 0.0000000 0.0697885 0.0000000 0.0098724 0.0000000 0.0016038 0.0000000 0.0000000 0.0000000 0.1465210 0.0041852 0.0000000 0.0000000 0.0155176 0.0000000
 75 A  75 0.0710184 0.7374838 0.0000000 0.0016844 0.0038258 0.0641539 0.0072605 0.0000000 0.0149187 0.0035671 0.0054121 0.0304008 0.0000000 0.0000000 0.0000000 0.0356646 0.0081833 0.0000000 0.0000000 0.0164266 0.0000000
 76 Q  76 0.0189235 0.0718100 0.0000000 0.0000000 0.0016422 0.6193404 0.0336679 0.0052363 0.0060363 0.0061047 0.0156724 0.1117142 0.0158833 0.0015959 0.0605482 0.0025607 0.0138462 0.0000000 0.0000000 0.0154178 0.0000000
 77 V  77 0.0034898 0.0020315 0.0000000 0.0015959 0.0000000 0.0021648 0.0018441 0.0000000 0.0000000 0.2634464 0.1758680 0.0028675 0.0326917 0.1518281 0.0000000 0.0000000 0.0066192 0.0113243 0.0016815 0.3425472 0.0000000
 78 G  78 0.0340750 0.0988498 0.0547921 0.0707085 0.0166125 0.0363330 0.0490128 0.0566319 0.0174935 0.0135569 0.0233249 0.0814892 0.0039777 0.0148527 0.0000000 0.1052743 0.2833331 0.0042189 0.0000000 0.0354630 0.0000000
 79 T  79 0.1970600 0.0999947 0.0195623 0.0559967 0.0000000 0.0209152 0.0806972 0.0163580 0.0092668 0.0054348 0.0075013 0.1203418 0.0035928 0.0025130 0.1688000 0.0833286 0.0725170 0.0047432 0.0013386 0.0300382 0.0000000
 80 E  80 0.0910048 0.0126445 0.0067744 0.4085966 0.0000000 0.0718626 0.2486703 0.0143202 0.0009276 0.0016765 0.0064345 0.0184210 0.0000000 0.0024499 0.0056023 0.0943811 0.0069152 0.0030908 0.0014503 0.0028818 0.0018957
 81 H  81 0.0000000 0.0000000 0.0017193 0.5272708 0.0000000 0.0025145 0.0118878 0.0027799 0.0963597 0.0067439 0.0350382 0.0000000 0.0053347 0.2099320 0.0011870 0.0021223 0.0060690 0.0333799 0.0576611 0.0000000 0.0000000
 82 L  82 0.0306896 0.0251458 0.0019036 0.1168891 0.0088264 0.0101907 0.0931435 0.0000000 0.0024245 0.0310722 0.1372689 0.0057355 0.0162946 0.4474927 0.0013370 0.0039762 0.0081050 0.0014773 0.0377619 0.0190325 0.0012330
 83 A  83 0.0493920 0.1734592 0.0693926 0.1378183 0.0042339 0.0790564 0.1010565 0.0222942 0.0680433 0.0072021 0.0017644 0.0827191 0.0120639 0.0075693 0.0060037 0.0443471 0.0678720 0.0074246 0.0518790 0.0053568 0.0010514
 84 A  84 0.1384226 0.0191308 0.0072354 0.0018142 0.0017282 0.0047255 0.0043578 0.0010386 0.0064933 0.0039210 0.0000000 0.0019667 0.0000000 0.6720078 0.0011451 0.0071610 0.0094999 0.0024507 0.1147525 0.0021491 0.0000000
 85 D  85 0.0011313 0.0013233 0.0228106 0.9260396 0.0000000 0.0021192 0.0139152 0.0035004 0.0069222 0.0000000 0.0000000 0.0021217 0.0000000 0.0000000 0.0000000 0.0018685 0.0182480 0.0000000 0.0000000 0.0000000 0.0000000
 86 L  86 0.0013890 0.0093307 0.0000000 0.0000000 0.0032858 0.0026299 0.0000000 0.0000000 0.0561086 0.0104658 0.4150906 0.0078100 0.0143614 0.0187200 0.0000000 0.0015047 0.0039793 0.0601560 0.3911954 0.0039728 0.0000000
 87 L  87 0.0000000 0.0000000 0.0000000 0.0000000 0.0000000 0.0000000 0.0000000 0.0000000 0.0000000 0.6718788 0.1333652 0.0000000 0.0031025 0.0445749 0.0000000 0.0000000 0.0000000 0.0000000 0.0000000 0.1470786 0.0000000
 88 V  88 0.0035353 0.0019911 0.0000000 0.0000000 0.0000000 0.0000000 0.0000000 0.0000000 0.0000000 0.2740689 0.4537648 0.0000000 0.0044948 0.1061037 0.0000000 0.0000000 0.0046788 0.0000000 0.0247348 0.1266278 0.0000000
 89 A  89 0.5403391 0.0000000 0.0000000 0.0000000 0.0836287 0.0000000 0.0000000 0.1928056 0.0000000 0.0064794 0.0000000 0.0000000 0.0012704 0.0000000 0.0150482 0.0026592 0.0319758 0.0000000 0.0000000 0.1257937 0.0000000
 90 L  90 0.0804738 0.0000000 0.0000000 0.0000000 0.0000000 0.0000000 0.0000000 0.0000000 0.0000000 0.0000000 0.1003664 0.0000000 0.8016530 0.0074542 0.0000000 0.0079292 0.0000000 0.0000000 0.0000000 0.0021235 0.0000000
 91 D  91 0.0090495 0.0000000 0.0000000 0.9152766 0.0000000 0.0000000 0.0249273 0.0204677 0.0027742 0.0000000 0.0000000 0.0000000 0.0000000 0.0000000 0.0000000 0.0000000 0.0275048 0.0000000 0.0000000 0.0000000 0.0000000
 92 R  92 0.0749919 0.1673899 0.0630757 0.1160245 0.0029473 0.0834116 0.1702322 0.0287627 0.0538765 0.0022443 0.0133084 0.0777709 0.0000000 0.0013386 0.0094633 0.0626667 0.0383308 0.0149228 0.0084322 0.0061309 0.0046788
 93 N  93 0.0795155 0.0282816 0.0780635 0.1229682 0.0027139 0.0895342 0.1201367 0.0998757 0.0151044 0.0010599 0.0025162 0.0161755 0.0190954 0.0020931 0.0028064 0.2697438 0.0105559 0.0119145 0.0217549 0.0014120 0.0046788
 94 H  94 0.0000000 0.0000000 0.7954850 0.0000000 0.0000000 0.0037808 0.0000000 0.0000000 0.1785552 0.0065211 0.0000000 0.0000000 0.0000000 0.0000000 0.0000000 0.0019920 0.0000000 0.0000000 0.0000000 0.0089871 0.0046788
 95 A  95 0.0336352 0.0315979 0.0000000 0.0080439 0.0011555 0.0091777 0.0253538 0.0021586 0.0079789 0.1180357 0.4220977 0.0173402 0.0560765 0.0404333 0.0000000 0.0019299 0.0050930 0.0010517 0.1237166 0.0951242 0.0000000
 96 R  96 0.1719876 0.2937289 0.0334848 0.0739675 0.0026736 0.0589713 0.0902828 0.0236063 0.0221915 0.0024125 0.0153226 0.0684098 0.0043712 0.0049580 0.0000000 0.0773088 0.0274171 0.0046788 0.0126907 0.0115363 0.0000000
 97 L  97 0.1057175 0.0170709 0.2062164 0.3473944 0.0012945 0.0108266 0.0986174 0.0134273 0.0349401 0.0227816 0.0233423 0.0050449 0.0264836 0.0020886 0.0064854 0.0242634 0.0195741 0.0090853 0.0187959 0.0065497 0.0000000
 98 L  98 0.0193372 0.0000000 0.0000000 0.0000000 0.0000000 0.0000000 0.0014647 0.0000000 0.0000000 0.1534909 0.6691903 0.0000000 0.0557980 0.0017705 0.0000000 0.0011928 0.0049421 0.0000000 0.0000000 0.0928136 0.0000000
 99 R  99 0.0317443 0.2217886 0.0669418 0.0066388 0.0068540 0.1225979 0.0648962 0.0054378 0.0336871 0.0467103 0.1130516 0.1574271 0.0239812 0.0021390 0.0000000 0.0276261 0.0414315 0.0000000 0.0082348 0.0188117 0.0000000
100 Q 100 0.1239892 0.3641227 0.0271580 0.0520849 0.0007861 0.1048313 0.0654805 0.0197370 0.0255741 0.0018024 0.0097504 0.0717544 0.0017997 0.0030045 0.0056032 0.0890941 0.0177454 0.0000000 0.0074021 0.0082799 0.0000000
101 L 101 0.0344752 0.0822831 0.0048103 0.0044934 0.0016861 0.0322358 0.0043290 0.0055735 0.0094286 0.1615594 0.3507983 0.0439328 0.1553030 0.0231605 0.0000000 0.0120305 0.0125508 0.0086986 0.0014935 0.0447123 0.0064453
102 G 102 0.3250269 0.0523748 0.0218355 0.0198662 0.1231382 0.0421115 0.0009194 0.1624695 0.0056518 0.0098584 0.0201281 0.0787814 0.0083726 0.0422271 0.0325040 0.0207272 0.0101172 0.0031531 0.0026889 0.0154592 0.0025891
103 V 103 0.0264843 0.0396150 0.0434565 0.1017922 0.0021294 0.0107910 0.0551247 0.0613314 0.0140117 0.0148163 0.0000000 0.0201672 0.0000000 0.0150377 0.5048452 0.0154747 0.0239038 0.0000000 0.0020053 0.0448127 0.0042010
104 E 104 0.1275923 0.0295200 0.0327343 0.1524307 0.0316840 0.0570206 0.1162866 0.0179516 0.0639639 0.0029920 0.0088018 0.0604352 0.0000000 0.0023614 0.1495457 0.0641859 0.0192871 0.0021336 0.0435020 0.0124308 0.0051404
105 A 105 0.1842774 0.0996627 0.0437552 0.0892993 0.0009303 0.0570492 0.1049675 0.0896549 0.0262311 0.0047983 0.0090625 0.1360204 0.0023358 0.0015887 0.0585388 0.0346325 0.0275055 0.0063795 0.0043208 0.0173356 0.0016540
106 A 106 0.2465852 0.0247435 0.0294933 0.1290622 0.0189841 0.0301835 0.0830030 0.1321857 0.0731870 0.0013422 0.0108715 0.0430386 0.0036610 0.0049441 0.0120332 0.1103585 0.0102508 0.0000000 0.0291583 0.0026119 0.0043024
107 R 107 0.0076224 0.2064558 0.0179367 0.0064444 0.0000000 0.0622210 0.0314307 0.0117992 0.0161475 0.0011853 0.0059216 0.5568570 0.0000000 0.0000000 0.0034451 0.0111667 0.0340043 0.0028024 0.0050969 0.0071913 0.0122718
108 V 108 0.1034643 0.0175825 0.0071878 0.0193459 0.0021605 0.0040468 0.0136518 0.0122949 0.0426845 0.2762027 0.0947322 0.0107718 0.0048274 0.0000000 0.0059444 0.0086998 0.0294850 0.0009589 0.0014031 0.3375068 0.0070491
109 R 109 0.0339025 0.3047148 0.0011305 0.0044848 0.0094543 0.0442179 0.1012285 0.0094455 0.0768407 0.0044210 0.0111889 0.1882087 0.0258842 0.0709579 0.0033045 0.0318941 0.0099654 0.0026196 0.0303060 0.0329164 0.0029140
110 M 110 0.0043362 0.0656128 0.0000000 0.0000000 0.0011312 0.0085959 0.0027955 0.0000000 0.0000000 0.0528966 0.5850611 0.0896932 0.0774792 0.0059638 0.0156007 0.0090767 0.0067025 0.0000000 0.0010529 0.0619472 0.0120545
111 L 111 0.0346017 0.0148956 0.0016383 0.0039076 0.0040569 0.0069900 0.0038274 0.0186937 0.0366279 0.0599756 0.3961564 0.0092592 0.1559063 0.1584018 0.0048273 0.0329360 0.0023054 0.0101814 0.0218482 0.0139305 0.0090327
112 R 112 0.0159020 0.2042899 0.0028837 0.0080423 0.0365296 0.0072198 0.0000000 0.1695084 0.0000000 0.0017626 0.3456902 0.0109440 0.0711610 0.0021094 0.0000000 0.0279321 0.0705870 0.0000000 0.0080492 0.0042577 0.0131313
113 S 113 0.0296662 0.0040077 0.0079177 0.2006123 0.0078004 0.0186602 0.1548099 0.0011078 0.0087891 0.0217237 0.0976223 0.0217414 0.0187168 0.0808227 0.0055362 0.2607947 0.0067066 0.0016376 0.0014503 0.0059831 0.0438932
114 F 114 0.0058618 0.0016003 0.0000000 0.0000000 0.0000000 0.0000000 0.0011593 0.0324160 0.0184776 0.0012961 0.1209169 0.0000000 0.0590941 0.4180994 0.0000000 0.0013005 0.0154329 0.0400990 0.2411794 0.0027482 0.0403187
115 D 115 0.1298146 0.0145440 0.0429055 0.3730237 0.0674356 0.0061839 0.0284481 0.0175778 0.0016768 0.0166792 0.0627249 0.0041122 0.0000000 0.0030763 0.0016376 0.0430331 0.0414469 0.0000000 0.0000000 0.0222441 0.1234356
116 P 116 0.0115462 0.0465160 0.0024454 0.0336481 0.0009604 0.0109758 0.0547969 0.0714446 0.0213639 0.0134182 0.0263348 0.0170848 0.0020095 0.0812059 0.3333825 0.0376939 0.0281269 0.0086296 0.0525080 0.0088009 0.1371075
117 R 117 0.1145882 0.1017267 0.0316072 0.0747503 0.0137951 0.0650286 0.0844472 0.0416289 0.0335126 0.0217870 0.0274446 0.0366717 0.0017821 0.0069401 0.0034522 0.0353315 0.0634237 0.0092984 0.0064488 0.0571508 0.1691845
118 S 118 0.1537921 0.0085833 0.0156468 0.0199309 0.0055583 0.0327578 0.0247629 0.1028726 0.0534807 0.0103506 0.0238295 0.0219595 0.0074447 0.0280781 0.1076599 0.1262245 0.0315832 0.0000000 0.0314543 0.0110939 0.1829367
119 G 119 0.0275651 0.0208528 0.0480836 0.1354902 0.0024045 0.0197188 0.0485387 0.1987310 0.0283330 0.0000000 0.0064907 0.0339216 0.0014011 0.0055048 0.0885774 0.0613184 0.0203341 0.0057173 0.0052622 0.0258382 0.2159166
120 T 120 0.0810521 0.0521032 0.0322936 0.0223833 0.0035299 0.0271234 0.0323974 0.0764184 0.0210360 0.0328005 0.0749958 0.0637021 0.0246309 0.0273074 0.0520979 0.0540788 0.0392289 0.0030822 0.0215358 0.0212149 0.2369873
121 H 121 0.0524909 0.0300588 0.0224565 0.1185341 0.0000000 0.0532245 0.1747454 0.0929339 0.0553259 0.0032130 0.0120385 0.1116803 0.0024454 0.0067733 0.0322567 0.0382176 0.0164994 0.0000000 0.0056956 0.0109712 0.1604390
122 A 122 0.0816448 0.0211903 0.0574144 0.0873247 0.0035903 0.0678972 0.1229484 0.1486906 0.0060523 0.0172743 0.0328201 0.0182635 0.0007328 0.0106429 0.0286228 0.0280719 0.0318661 0.0059814 0.0406360 0.0645268 0.1238084
123 L 123 0.0733357 0.1594684 0.0056902 0.0647464 0.0033513 0.0644049 0.0549867 0.0070261 0.0144244 0.0170204 0.1222019 0.0823885 0.0077130 0.0024954 0.0258739 0.0494337 0.0842290 0.0000000 0.0000000 0.0243099 0.1369003
124 D 124 0.0154878 0.0000000 0.0226414 0.3130987 0.0031966 0.0009611 0.3105143 0.0115487 0.0385313 0.1167555 0.0010116 0.0000000 0.0010893 0.0000000 0.0096481 0.0350584 0.0094372 0.0016988 0.0022895 0.0284528 0.0785790
125 V 125 0.0000000 0.0000000 0.0000000 0.0000000 0.0000000 0.0000000 0.0000000 0.0000000 0.0000000 0.2974973 0.0181091 0.0000000 0.0022607 0.0000000 0.0000000 0.0000000 0.0026323 0.0000000 0.0000000 0.6726589 0.0068418
126 E 126 0.1162066 0.0282218 0.0015858 0.0450495 0.0000000 0.0192581 0.0993475 0.0049682 0.0000000 0.0048301 0.0010622 0.0133912 0.0000000 0.0019235 0.6155417 0.0213922 0.0066590 0.0000000 0.0019762 0.0185863 0.0000000
127 D 127 0.0000000 0.0000000 0.0000000 1.0000000 0.0000000 0.0000000 0.0000000 0.0000000 0.0000000 0.0000000 0.0000000 0.0000000 0.0000000 0.0000000 0.0000000 0.0000000 0.0000000 0.0000000 0.0000000 0.0000000 0.0000000
128 P 128 0.0000000 0.0000000 0.0000000 0.0000000 0.0000000 0.0000000 0.0000000 0.0000000 0.0000000 0.0000000 0.0000000 0.0000000 0.0000000 0.0000000 1.0000000 0.0000000 0.0000000 0.0000000 0.0000000 0.0000000 0.0000000
129 Y 129 0.0000000 0.0000000 0.0000000 0.0000000 0.0000000 0.0000000 0.0000000 0.0000000 0.0000000 0.0000000 0.0060016 0.0000000 0.0000000 0.0105606 0.0000000 0.0000000 0.0000000 0.1713474 0.8120904 0.0000000 0.0000000
130 Y 130 0.0026230 0.0097960 0.0011926 0.0000000 0.0000000 0.0037396 0.0000000 0.0080998 0.0069524 0.0033153 0.0031703 0.0020686 0.0000000 0.0880495 0.0000000 0.0020122 0.0093841 0.0042943 0.8540871 0.0000000 0.0012151
131 G 131 0.0049569 0.0104511 0.0069812 0.0390219 0.0033888 0.0220858 0.0234699 0.6437314 0.0055103 0.0000000 0.0000000 0.0118040 0.0030682 0.0000000 0.0000000 0.0219380 0.1928583 0.0000000 0.0000000 0.0000000 0.0107342
132 D 132 0.0128670 0.0088847 0.0655954 0.0976983 0.0000000 0.0070625 0.0207967 0.6247127 0.0220151 0.0000000 0.0078722 0.0013833 0.0020448 0.0000000 0.0200299 0.0524599 0.0269672 0.0000000 0.0000000 0.0000000 0.0296104
133 H 133 0.1159207 0.0579001 0.0237754 0.1354351 0.0000000 0.0411658 0.1095875 0.0227789 0.0214102 0.0368782 0.0299807 0.0264796 0.0287653 0.0083074 0.0941793 0.0397357 0.0224533 0.0000000 0.0012294 0.0157336 0.1682837
134 S 134 0.1043913 0.0517218 0.0306235 0.1610511 0.0000000 0.0918921 0.1847690 0.0216806 0.0168882 0.0000000 0.0008836 0.0522627 0.0000000 0.0010079 0.0039060 0.0773073 0.0043259 0.0024458 0.0055189 0.0034130 0.1859115
135 D 135 0.0379494 0.0029847 0.0907766 0.2738506 0.0000000 0.0052654 0.0147833 0.5000212 0.0097192 0.0000000 0.0040277 0.0000000 0.0060382 0.0000000 0.0026089 0.0045704 0.0046742 0.0000000 0.0000000 0.0034645 0.0392658
136 F 136 0.0000000 0.0000000 0.0000000 0.0000000 0.0069893 0.0000000 0.0000000 0.0000000 0.0000000 0.0000000 0.0000000 0.0000000 0.0000000 0.9844446 0.0000000 0.0000000 0.0000000 0.0000000 0.0085661 0.0000000 0.0000000
137 E 137 0.0255039 0.0235534 0.0305582 0.1988482 0.0000000 0.0338743 0.5904529 0.0063662 0.0106890 0.0012171 0.0081288 0.0127564 0.0000000 0.0015047 0.0011043 0.0060305 0.0278255 0.0000000 0.0077272 0.0138595 0.0000000
138 E 138 0.0598545 0.1120279 0.0297011 0.0503556 0.0009434 0.0707399 0.1825539 0.0245954 0.0643363 0.0153406 0.0968608 0.0955602 0.0010055 0.0038303 0.0020610 0.0073204 0.0818183 0.0034137 0.0516126 0.0460685 0.0000000
139 V 139 0.1174723 0.0000000 0.0253418 0.0000000 0.0493649 0.0000000 0.0000000 0.0000000 0.0000000 0.0153438 0.0023638 0.0000000 0.0087356 0.0000000 0.0000000 0.0046553 0.2067932 0.0000000 0.0000000 0.5666274 0.0033020
140 F 140 0.0071489 0.0433839 0.0027559 0.0000000 0.0009323 0.0025096 0.0068797 0.0012524 0.0051106 0.0389151 0.3162232 0.0013762 0.0076383 0.1233576 0.0000000 0.0017840 0.0019762 0.0542491 0.3785866 0.0012691 0.0046514
141 A 141 0.0617036 0.0948704 0.0419954 0.3666914 0.0000000 0.1279195 0.1376893 0.0145898 0.0169430 0.0023889 0.0191460 0.0371410 0.0031719 0.0000000 0.0000000 0.0136378 0.0415381 0.0054380 0.0033769 0.0071076 0.0046514
142 V 142 0.0075064 0.0094622 0.0051388 0.0921369 0.0000000 0.2393502 0.0342995 0.0000000 0.0041429 0.0485659 0.3283229 0.0015890 0.1685595 0.0000000 0.0000000 0.0098531 0.0057394 0.0000000 0.0132025 0.0274795 0.0046514
143 I 143 0.0152457 0.0000000 0.0000000 0.0000000 0.1168710 0.0000000 0.0000000 0.0000000 0.0000000 0.3558462 0.2323720 0.0000000 0.0023426 0.0000000 0.0000000 0.0053748 0.0047533 0.0000000 0.0027559 0.2587065 0.0057319
144 E 144 0.0239039 0.0239284 0.0175255 0.1064550 0.0075171 0.0296505 0.4490389 0.0017532 0.0122929 0.0093706 0.0715351 0.0319048 0.0136701 0.0037838 0.0000000 0.0440349 0.0610497 0.0055004 0.0125849 0.0676024 0.0068980
145 S 145 0.2161147 0.1811819 0.0094905 0.1825247 0.0000000 0.0370231 0.1523674 0.0038702 0.0150380 0.0122188 0.0092287 0.0328808 0.0060894 0.0012175 0.0031005 0.0544476 0.0481287 0.0000000 0.0110361 0.0162576 0.0077837
146 A 146 0.4686067 0.0020610 0.0015712 0.0000000 0.0868501 0.0000000 0.0000000 0.2000021 0.0031720 0.0013220 0.0113861 0.0046742 0.0012414 0.0452355 0.0000000 0.1235957 0.0185863 0.0000000 0.0075615 0.0143133 0.0098210
147 L 147 0.1272295 0.0000000 0.0044029 0.0000000 0.4507938 0.0000000 0.0000000 0.0079939 0.0000000 0.0374591 0.0799046 0.0000000 0.0225474 0.0000000 0.0000000 0.1514312 0.0344225 0.0000000 0.0000000 0.0739941 0.0098210
148 P 148 0.0529433 0.1090626 0.0352353 0.1376061 0.0029728 0.0721131 0.2005265 0.0192199 0.0178949 0.0061460 0.0102421 0.1097495 0.0000000 0.0000000 0.1338973 0.0312961 0.0355044 0.0000000 0.0019316 0.0115091 0.0121495
149 G 149 0.2284207 0.0364312 0.0691854 0.0051177 0.0048466 0.0279251 0.0307849 0.4232151 0.0135586 0.0074844 0.0109738 0.0280211 0.0028209 0.0059040 0.0013950 0.0493938 0.0093469 0.0000000 0.0116106 0.0214149 0.0121495
150 L 150 0.0029803 0.0000000 0.0000000 0.0000000 0.0018957 0.0000000 0.0000000 0.0000000 0.0000000 0.1014623 0.5518045 0.0000000 0.0040546 0.2090763 0.0000000 0.0057940 0.0045293 0.0659992 0.0000000 0.0384944 0.0139094
151 H 151 0.0501908 0.0011413 0.0013762 0.0000000 0.0031812 0.0009796 0.0010501 0.0000000 0.0212653 0.1064213 0.6145738 0.0018610 0.0205269 0.0180730 0.0000000 0.0021278 0.0034836 0.0019282 0.0046714 0.1262554 0.0208931
152 D 152 0.1439823 0.0349196 0.0594680 0.1846748 0.0000000 0.0713469 0.2495743 0.0142656 0.0082116 0.0079635 0.0099645 0.1164631 0.0020122 0.0008380 0.0036673 0.0156041 0.0292744 0.0000000 0.0019412 0.0103097 0.0355189
153 W 153 0.0408538 0.1066337 0.0066284 0.0214812 0.0000000 0.0729767 0.0954978 0.0000000 0.0945069 0.0144338 0.0107138 0.1768690 0.0062764 0.0333062 0.0000000 0.0445798 0.0269210 0.0904777 0.0823616 0.0096551 0.0658271
154 V 154 0.0152122 0.0000000 0.0000000 0.0000000 0.0040340 0.0000000 0.0000000 0.0000000 0.0071317 0.2665112 0.3453436 0.0000000 0.0033410 0.0149478 0.0000000 0.0000000 0.0027742 0.0000000 0.0000000 0.1711990 0.1695054
155 D 155 0.0239636 0.1901124 0.0255434 0.0238184 0.0027088 0.0429586 0.0772457 0.0046430 0.0021805 0.0140143 0.0212181 0.1510190 0.0052436 0.0013136 0.0000000 0.0235142 0.0367776 0.0000000 0.0026317 0.0288362 0.3222573
156 E 156 0.0499731 0.0701515 0.0181439 0.0344921 0.0000000 0.0978547 0.1447394 0.0207652 0.0048722 0.0000000 0.0068962 0.1229421 0.0000000 0.0000000 0.0057364 0.0187947 0.0120260 0.0000000 0.0000000 0.0000000 0.3926124
157 R 157 0.0246236 0.1265804 0.0407340 0.0102856 0.0000000 0.0858151 0.0966000 0.0028876 0.0073356 0.0015008 0.0032100 0.0807517 0.0000000 0.0010568 0.0000000 0.0068826 0.0073044 0.0000000 0.0000000 0.0000000 0.5044320
158 L 158 0.0082164 0.0000000 0.0000000 0.0000000 0.0000000 0.0061686 0.0053374 0.0030508 0.0274542 0.0211899 0.1878851 0.0000000 0.0101306 0.0083909 0.0000000 0.0025316 0.0034727 0.0000000 0.0072840 0.0268188 0.6820687
159 A 159 0.0557267 0.0083865 0.0036890 0.0241562 0.0000000 0.0171624 0.0297137 0.0386414 0.0014411 0.0000000 0.0043603 0.0308551 0.0000000 0.0021332 0.0039767 0.0197592 0.0119927 0.0000000 0.0000000 0.0000000 0.7480058
160 R 160 0.0182937 0.0306010 0.0000000 0.0022858 0.0016768 0.0266152 0.0211715 0.0054939 0.0080056 0.0072639 0.0072749 0.0248523 0.0035012 0.0000000 0.0027075 0.0119786 0.0000000 0.0000000 0.0000000 0.0027794 0.8254986
161 N 161 0.0046653 0.0357756 0.0263720 0.0114584 0.0000000 0.0072550 0.0132720 0.0029981 0.0014270 0.0030104 0.0037375 0.0010058 0.0000000 0.0000000 0.0048193 0.0112623 0.0026643 0.0000000 0.0000000 0.0000000 0.8702771
162 G 162 0.0299143 0.0019723 0.0000000 0.0027075 0.0000000 0.0057900 0.0053625 0.0476260 0.0044851 0.0021332 0.0000000 0.0000000 0.0000000 0.0000000 0.0000000 0.0016564 0.0036919 0.0000000 0.0000000 0.0000000 0.8946610
163 P 163 0.0000000 0.0000000 0.0060697 0.0000000 0.0000000 0.0000000 0.0000000 0.0049317 0.0000000 0.0000000 0.0000000 0.0000000 0.0000000 0.0000000 0.0353683 0.0036242 0.0025162 0.0000000 0.0000000 0.0000000 0.9474900
164 S 164 0.0108836 0.0000000 0.0000000 0.0000000 0.0000000 0.0054105 0.0035353 0.0000000 0.0000000 0.0000000 0.0000000 0.0000000 0.0000000 0.0000000 0.0000000 0.0120684 0.0022495 0.0000000 0.0000000 0.0000000 0.9658526
