  164         A         R         N         D         C         Q         E         G         H         I         L         K         M         F         P         S         T         W         Y         V    
  1 G   1 0.0000000 0.0000000 0.3317265 0.0000000 0.0000000 0.0000000 0.0000000 0.4553526 0.0000000 0.0000000 0.0000000 0.0000000 0.0000000 0.0000000 0.0000000 0.2129209 0.0000000 0.0000000 0.0000000 0.0000000
  2 M   2 0.0111986 0.0000000 0.0040679 0.0000000 0.0000000 0.0000000 0.0072264 0.0088626 0.0000000 0.0052253 0.0000000 0.0000000 0.9583694 0.0000000 0.0000000 0.0000000 0.0000000 0.0000000 0.0050498 0.0000000
  3 S   3 0.1628885 0.0000000 0.0654282 0.0086741 0.0000000 0.0077863 0.0198556 0.0071596 0.0022923 0.0096424 0.0000000 0.0946976 0.0000000 0.0038831 0.0225353 0.3379667 0.2475648 0.0000000 0.0000000 0.0096257
  4 D   4 0.0571243 0.0672706 0.0449983 0.1136523 0.0000000 0.1259209 0.1732655 0.0164560 0.0103544 0.0026278 0.0046985 0.1730541 0.0168045 0.0000000 0.0515144 0.0328993 0.1008415 0.0000000 0.0024600 0.0060575
  5 P   5 0.0125257 0.0403537 0.0076252 0.0029775 0.0000000 0.0683041 0.0103726 0.0032970 0.0028133 0.0173469 0.0149677 0.3602332 0.0172502 0.0000000 0.3239439 0.0582024 0.0450612 0.0000000 0.0000000 0.0147254
  6 L   6 0.0082986 0.0051236 0.0081919 0.0018487 0.0047604 0.0092850 0.0016938 0.0022865 0.0124351 0.1902384 0.0929833 0.1625977 0.0976513 0.0358683 0.0169401 0.0142387 0.0562141 0.0000000 0.1198262 0.1595182
  7 H   7 0.0289075 0.2330581 0.0642702 0.0011352 0.0000000 0.0065737 0.0040656 0.0186066 0.0787494 0.0000000 0.0000000 0.3264291 0.0000000 0.0000000 0.0000000 0.2135317 0.0218601 0.0000000 0.0015002 0.0013126
  8 V   8 0.0077170 0.0000000 0.0000000 0.0000000 0.0000000 0.0000000 0.0000000 0.0000000 0.0000000 0.3325437 0.0730183 0.0000000 0.0030536 0.0027741 0.0000000 0.0041675 0.0000000 0.0000000 0.0000000 0.5767258
  9 T   9 0.0385879 0.0000000 0.0000000 0.0015464 0.0531757 0.0016333 0.0028781 0.0000000 0.0000000 0.0268057 0.7491132 0.0000000 0.0359148 0.0000000 0.0000000 0.0122512 0.0358947 0.0000000 0.0000000 0.0421990
 10 F  10 0.0061865 0.0000000 0.0000000 0.0000000 0.0119766 0.0000000 0.0000000 0.0031652 0.0000000 0.0180120 0.0106507 0.0000000 0.0907690 0.7790988 0.0000000 0.0000000 0.0274827 0.0000000 0.0055728 0.0470858
 11 V  11 0.0000000 0.0000000 0.0000000 0.0000000 0.0066575 0.0000000 0.0000000 0.0000000 0.0000000 0.0891940 0.0084747 0.0000000 0.0000000 0.0000000 0.0000000 0.0000000 0.0000000 0.0000000 0.0000000 0.8956737
 12 C  12 0.0030141 0.0000000 0.0000000 0.0000000 0.9928943 0.0000000 0.0000000 0.0000000 0.0000000 0.0000000 0.0000000 0.0000000 0.0000000 0.0000000 0.0000000 0.0040917 0.0000000 0.0000000 0.0000000 0.0000000
 13 T  13 0.0034493 0.0000000 0.0040662 0.0000000 0.0000000 0.0000000 0.0000000 0.0000000 0.0731725 0.0094340 0.5881997 0.0040758 0.1146757 0.0029941 0.0000000 0.0243884 0.1565443 0.0042746 0.0022319 0.0124937
 14 G  14 0.0115110 0.0000000 0.0000000 0.0035930 0.0000000 0.0000000 0.0000000 0.9808010 0.0000000 0.0000000 0.0000000 0.0000000 0.0000000 0.0000000 0.0000000 0.0040950 0.0000000 0.0000000 0.0000000 0.0000000
 15 N  15 0.0000000 0.0000000 0.9958313 0.0000000 0.0000000 0.0000000 0.0000000 0.0000000 0.0000000 0.0000000 0.0000000 0.0000000 0.0000000 0.0000000 0.0000000 0.0041687 0.0000000 0.0000000 0.0000000 0.0000000
 16 I  16 0.0000000 0.0000000 0.0000000 0.0000000 0.0000000 0.0000000 0.0000000 0.0000000 0.0000000 0.9409952 0.0106749 0.0000000 0.0000000 0.0098845 0.0000000 0.0119916 0.0199098 0.0000000 0.0015135 0.0050306
 17 C  17 0.0046299 0.0000000 0.0000000 0.0000000 0.9953701 0.0000000 0.0000000 0.0000000 0.0000000 0.0000000 0.0000000 0.0000000 0.0000000 0.0000000 0.0000000 0.0000000 0.0000000 0.0000000 0.0000000 0.0000000
 18 R  18 0.0000000 0.9907669 0.0000000 0.0000000 0.0000000 0.0031274 0.0000000 0.0000000 0.0020143 0.0000000 0.0000000 0.0000000 0.0000000 0.0000000 0.0000000 0.0000000 0.0000000 0.0040915 0.0000000 0.0000000
 19 S  19 0.0000000 0.0000000 0.0000000 0.0000000 0.0000000 0.0000000 0.0000000 0.0000000 0.0000000 0.0000000 0.0000000 0.0000000 0.0000000 0.0000000 0.0000000 1.0000000 0.0000000 0.0000000 0.0000000 0.0000000
 20 P  20 0.0082118 0.0000000 0.0000000 0.0000000 0.0000000 0.0000000 0.0000000 0.0000000 0.0000000 0.0000000 0.0000000 0.0000000 0.0000000 0.0000000 0.9247169 0.0136179 0.0514454 0.0000000 0.0000000 0.0020081
 21 M  21 0.0891584 0.0000000 0.0000000 0.0000000 0.0022796 0.0000000 0.0000000 0.0016286 0.0000000 0.0969636 0.1212636 0.0000000 0.4665928 0.0000000 0.0000000 0.0446861 0.1694026 0.0000000 0.0000000 0.0080248
 22 A  22 0.9156068 0.0000000 0.0000000 0.0000000 0.0017834 0.0000000 0.0000000 0.0636230 0.0000000 0.0000000 0.0000000 0.0000000 0.0000000 0.0000000 0.0000000 0.0169850 0.0020018 0.0000000 0.0000000 0.0000000
 23 E  23 0.0149268 0.0037750 0.0035601 0.0167543 0.0000000 0.0380247 0.8569087 0.0013913 0.0479121 0.0000000 0.0028985 0.0116349 0.0000000 0.0000000 0.0000000 0.0000000 0.0022136 0.0000000 0.0000000 0.0000000
 24 K  24 0.3682236 0.0072774 0.0200270 0.0000000 0.0044061 0.0044902 0.0106622 0.3219756 0.0034897 0.0428686 0.0128723 0.0289165 0.0044670 0.0563047 0.0000000 0.0234116 0.0017611 0.0033867 0.0337478 0.0517118
 25 M  25 0.0464160 0.0000000 0.0000000 0.0000000 0.0000000 0.0000000 0.0000000 0.0000000 0.0000000 0.2615577 0.0559572 0.0000000 0.0611227 0.0018556 0.0000000 0.0000000 0.0050073 0.0013744 0.0110751 0.5556341
 26 F  26 0.0359070 0.0000000 0.0000000 0.0000000 0.0057085 0.0000000 0.0000000 0.0000000 0.0000000 0.0077053 0.2394345 0.0000000 0.1909441 0.4931001 0.0000000 0.0000000 0.0079723 0.0000000 0.0053616 0.0138667
 27 A  27 0.0514030 0.5382780 0.0334869 0.0019646 0.0022900 0.0794223 0.0206343 0.0053092 0.0064214 0.0055555 0.0275836 0.1702616 0.0000000 0.0000000 0.0000000 0.0096883 0.0339706 0.0014615 0.0047880 0.0074812
 28 Q  28 0.1066912 0.0395324 0.0333224 0.1398287 0.0009214 0.0957661 0.0570694 0.0060849 0.2583844 0.0000000 0.0009448 0.1514210 0.0014596 0.0012160 0.0000000 0.0647109 0.0188085 0.0000000 0.0188784 0.0049599
 29 Q  29 0.0633266 0.0688394 0.0000000 0.0026485 0.0026094 0.0604745 0.0492423 0.0022541 0.0414340 0.0440388 0.3103781 0.1396647 0.1024739 0.0211527 0.0000000 0.0000000 0.0222745 0.0016451 0.0245700 0.0429735
 30 L  30 0.1647725 0.0016399 0.0000000 0.0000000 0.0165867 0.0000000 0.0000000 0.0000000 0.0000000 0.1319865 0.2173335 0.0000000 0.0098363 0.0289065 0.0000000 0.0043003 0.0122341 0.0023242 0.0000000 0.4100795
 31 R  31 0.1640134 0.0898660 0.0406421 0.0689330 0.0017190 0.0791711 0.1907745 0.0094666 0.0182882 0.0118861 0.0158418 0.1594844 0.0038828 0.0020826 0.0221963 0.0503548 0.0509164 0.0012707 0.0027671 0.0164432
 32 H  32 0.0835056 0.0862199 0.0275579 0.1273846 0.0020497 0.1488765 0.2435034 0.0077361 0.0199553 0.0064560 0.0104958 0.1822773 0.0000000 0.0000000 0.0011518 0.0323365 0.0157406 0.0000000 0.0011442 0.0036086
 33 R  33 0.3686197 0.1825529 0.0348712 0.0108493 0.0000000 0.0402223 0.1138231 0.0059434 0.0636337 0.0063327 0.0451987 0.0586116 0.0090803 0.0000000 0.0092120 0.0307596 0.0112837 0.0000000 0.0048013 0.0042046
 34 G  34 0.0078387 0.0194376 0.1007052 0.0207172 0.0000000 0.0322126 0.0155695 0.7041835 0.0254664 0.0000000 0.0020622 0.0274979 0.0052431 0.0000000 0.0306663 0.0054140 0.0029857 0.0000000 0.0000000 0.0000000
 35 L  35 0.0142690 0.0116857 0.0010983 0.0050100 0.0036084 0.0062270 0.0017805 0.0019427 0.0059761 0.0575616 0.7219304 0.0208252 0.0219332 0.0081835 0.0023440 0.0029807 0.0042254 0.0073194 0.0246117 0.0764871
 36 G  36 0.1579027 0.0127076 0.0422112 0.1338452 0.0000000 0.0408168 0.1756408 0.0802429 0.0076707 0.0097769 0.0100101 0.0264060 0.0016529 0.0032256 0.0159098 0.1907736 0.0774719 0.0000000 0.0021913 0.0115441
 37 D  37 0.0527253 0.0178739 0.0713046 0.4056489 0.0000000 0.0204123 0.0988125 0.1003916 0.0791281 0.0010462 0.0113627 0.0365038 0.0015950 0.0013749 0.0051227 0.0784316 0.0125648 0.0000000 0.0016411 0.0040600
 38 A  38 0.0998437 0.1918675 0.0450788 0.0390691 0.0038534 0.1365619 0.0959698 0.0082409 0.0367237 0.0102812 0.0690913 0.1185719 0.0067300 0.0164666 0.0076779 0.0396571 0.0187603 0.0025496 0.0140230 0.0389824
 39 V  39 0.0095945 0.0000000 0.0000000 0.0000000 0.0013719 0.0000000 0.0000000 0.0093107 0.0000000 0.2692397 0.0511935 0.0000000 0.0110151 0.2084856 0.0014717 0.0031025 0.0016672 0.1171585 0.0314832 0.2849058
 40 R  40 0.0307483 0.1169239 0.0191549 0.0217158 0.0027201 0.0603835 0.2277563 0.0093526 0.0399038 0.0514643 0.0567314 0.0738425 0.0098585 0.0349694 0.0014423 0.0403402 0.0823742 0.0024699 0.0419965 0.0758515
 41 V  41 0.0269492 0.0000000 0.0000000 0.0000000 0.0299428 0.0000000 0.0000000 0.0000000 0.0000000 0.3459117 0.0351706 0.0000000 0.0019288 0.0093017 0.0000000 0.0072306 0.0458090 0.0000000 0.0000000 0.4977556
 42 T  42 0.0621920 0.0047597 0.0134928 0.7063691 0.0000000 0.0068182 0.0689963 0.0138845 0.0076806 0.0000000 0.0000000 0.0000000 0.0029283 0.0020379 0.0000000 0.0558862 0.0473542 0.0000000 0.0020791 0.0055212
 43 S  43 0.0069028 0.0017793 0.0000000 0.0000000 0.0031519 0.0000000 0.0000000 0.0023416 0.0000000 0.0000000 0.0000000 0.0000000 0.0000000 0.0000000 0.0000000 0.9858244 0.0000000 0.0000000 0.0000000 0.0000000
 44 A  44 0.7739756 0.0263317 0.0000000 0.0000000 0.0864427 0.0000000 0.0032349 0.0128543 0.0000000 0.0000000 0.0028726 0.0095695 0.0017392 0.0214871 0.0000000 0.0431643 0.0055810 0.0000000 0.0021519 0.0105950
 45 G  45 0.2107814 0.0000000 0.0000000 0.0000000 0.0000000 0.0000000 0.0000000 0.7819817 0.0000000 0.0000000 0.0000000 0.0000000 0.0000000 0.0000000 0.0000000 0.0072369 0.0000000 0.0000000 0.0000000 0.0000000
 46 T  46 0.0030708 0.0000000 0.0000000 0.0000000 0.0031772 0.0000000 0.0035400 0.0032349 0.0000000 0.1292105 0.0532802 0.0000000 0.0126395 0.0016431 0.0000000 0.0000000 0.7645275 0.0000000 0.0000000 0.0256761
 47 G  47 0.0859888 0.0123022 0.0044506 0.0015404 0.0040625 0.0027248 0.0112414 0.3691029 0.0928900 0.0610094 0.0162724 0.0055915 0.0012661 0.0053668 0.0000000 0.2824338 0.0283373 0.0032349 0.0084052 0.0037792
 48 N  48 0.1308240 0.0383309 0.0823606 0.1953348 0.0009843 0.0070210 0.0104232 0.2936019 0.0218833 0.0000000 0.0000000 0.0056936 0.0000000 0.0000000 0.0235221 0.1148064 0.0659435 0.0040459 0.0052247 0.0000000
 49 W  49 0.0111915 0.0035400 0.0015623 0.0166253 0.0000000 0.0000000 0.0970941 0.0147730 0.0152392 0.0061728 0.0009844 0.0000000 0.0045922 0.0308572 0.0000000 0.0040151 0.0000000 0.4660298 0.3228866 0.0044365
 50 H  50 0.0083172 0.0027952 0.0583270 0.0000000 0.0000000 0.0021859 0.1854501 0.0000000 0.7234663 0.0000000 0.0056016 0.0000000 0.0000000 0.0068766 0.0034613 0.0016252 0.0000000 0.0000000 0.0018936 0.0000000
 51 V  51 0.0992249 0.0114508 0.0000000 0.0181387 0.0000000 0.0393402 0.0732030 0.0000000 0.0289113 0.2535414 0.0422561 0.0032316 0.0046284 0.0000000 0.0108319 0.0158742 0.0505052 0.0019694 0.0043050 0.3425879
 52 G  52 0.0024459 0.0000000 0.0140535 0.0158559 0.0000000 0.0000000 0.0000000 0.9501111 0.0060826 0.0000000 0.0042300 0.0015972 0.0000000 0.0000000 0.0000000 0.0056238 0.0000000 0.0000000 0.0000000 0.0000000
 53 S  53 0.0223236 0.0389814 0.2264716 0.0873918 0.0099558 0.0636635 0.3206236 0.0115442 0.0358677 0.0014790 0.0028517 0.0966586 0.0059526 0.0000000 0.0000000 0.0672883 0.0041705 0.0014885 0.0015989 0.0016887
 54 C  54 0.0992341 0.0414009 0.0099467 0.0412480 0.0120581 0.0310100 0.0267973 0.0614812 0.0102201 0.0031138 0.0926635 0.0301125 0.0038189 0.0012679 0.4447524 0.0714290 0.0181793 0.0000000 0.0000000 0.0012661
 55 A  55 0.1932981 0.0000000 0.0000000 0.0000000 0.0025608 0.0000000 0.0000000 0.0018902 0.0014266 0.0524542 0.0031343 0.0000000 0.0450466 0.0000000 0.6268216 0.0032236 0.0138547 0.0000000 0.0024978 0.0537914
 56 D  56 0.0000000 0.0000000 0.0037039 0.7522259 0.0098566 0.0085407 0.0129783 0.0000000 0.1721021 0.0000000 0.0000000 0.0000000 0.0000000 0.0000000 0.0000000 0.0044365 0.0015580 0.0000000 0.0345982 0.0000000
 57 E  57 0.0717129 0.1309298 0.0146195 0.0249833 0.0101695 0.0282243 0.1069079 0.0200194 0.0529456 0.0101935 0.0154469 0.0559486 0.0013853 0.0035729 0.2567296 0.1103152 0.0147842 0.0045048 0.0520072 0.0145997
 58 R  58 0.0046682 0.7552110 0.0023889 0.0027697 0.0000000 0.0044365 0.0044978 0.1698481 0.0085633 0.0000000 0.0037311 0.0040938 0.0055915 0.0000000 0.0253363 0.0041157 0.0018020 0.0000000 0.0029463 0.0000000
 59 A  59 0.3413143 0.0017763 0.0000000 0.0000000 0.0019502 0.0000000 0.0000000 0.0381395 0.0000000 0.0015154 0.0000000 0.0000000 0.1366092 0.0000000 0.0000000 0.1938653 0.2753366 0.0000000 0.0000000 0.0094931
 60 A  60 0.0587904 0.2404929 0.0096369 0.0020618 0.0076550 0.2310280 0.0028470 0.0098833 0.0000000 0.1227687 0.0700784 0.0453032 0.0579036 0.0000000 0.0000000 0.0151500 0.0267110 0.0000000 0.0000000 0.0996896
 61 G  61 0.2999937 0.1003937 0.0371940 0.0483703 0.0017731 0.0876797 0.0967941 0.0065304 0.0200283 0.0059498 0.0231840 0.1232494 0.0083976 0.0000000 0.0000000 0.0947324 0.0319122 0.0000000 0.0039099 0.0099076
 62 V  62 0.1818110 0.0122044 0.0045147 0.0000000 0.0660932 0.0121748 0.0511848 0.0000000 0.0701498 0.1058954 0.0248975 0.0568561 0.0088101 0.0011972 0.0000000 0.0098480 0.1709140 0.0000000 0.0029797 0.2204694
 63 L  63 0.3608183 0.0000000 0.0000000 0.0000000 0.0413020 0.0023327 0.0000000 0.0710552 0.0000000 0.0064809 0.4509830 0.0000000 0.0485562 0.0045392 0.0000000 0.0081846 0.0000000 0.0000000 0.0000000 0.0057477
 64 R  64 0.1645228 0.2462545 0.0134520 0.0337041 0.0000000 0.0525608 0.0941716 0.0111073 0.0134218 0.0049449 0.0633978 0.2088085 0.0108806 0.0020428 0.0000000 0.0324117 0.0320736 0.0043968 0.0027987 0.0090498
 65 L  65 0.1362089 0.2071143 0.0243339 0.0201763 0.0014256 0.0923396 0.1498855 0.0207221 0.0099039 0.0058376 0.0152134 0.2495081 0.0041074 0.0035585 0.0012154 0.0442509 0.0091939 0.0000000 0.0000000 0.0050048
 66 H  66 0.0303150 0.3313147 0.0792203 0.0044620 0.0014485 0.0172949 0.0257465 0.0073295 0.3611612 0.0010811 0.0089262 0.0274158 0.0105920 0.0162045 0.0000000 0.0040326 0.0023425 0.0017104 0.0544015 0.0150009
 67 G  67 0.0049711 0.0080630 0.0560939 0.0485892 0.0000000 0.0163517 0.0046722 0.8107367 0.0218030 0.0000000 0.0019326 0.0195982 0.0000000 0.0000000 0.0000000 0.0060406 0.0011478 0.0000000 0.0000000 0.0000000
 68 Y  68 0.0119867 0.0000000 0.0000000 0.0000000 0.0075546 0.0000000 0.0011511 0.0000000 0.0132380 0.4177595 0.0945180 0.0000000 0.0048620 0.0112694 0.0000000 0.0000000 0.0041454 0.0013694 0.3099543 0.1221915
 69 P  69 0.0191913 0.0151490 0.0544670 0.3808848 0.0030360 0.0201539 0.0593799 0.0069754 0.0228331 0.0035410 0.0090264 0.0444110 0.0024009 0.0026446 0.1789820 0.1212883 0.0365235 0.0000000 0.0073965 0.0117152
 70 T  70 0.0206424 0.0034989 0.0047707 0.0179220 0.0282331 0.0049565 0.0058986 0.0086572 0.0060344 0.1952420 0.2207524 0.0008036 0.0507116 0.1123231 0.0062556 0.0603542 0.0961168 0.0055639 0.1030764 0.0481866
 71 D  71 0.0473557 0.0232136 0.0964382 0.2057210 0.0000000 0.0311674 0.0760013 0.0559690 0.0192288 0.0030098 0.0051591 0.0392825 0.0008767 0.0023056 0.0338694 0.2584043 0.0949336 0.0000000 0.0017171 0.0053469
 72 H  72 0.0224288 0.0212959 0.0297162 0.0021279 0.0010313 0.0560544 0.0000000 0.2021696 0.4478868 0.0000000 0.0631779 0.0265090 0.0108509 0.0054661 0.0012272 0.0834433 0.0135135 0.0046079 0.0060475 0.0024459
 73 R  73 0.0275164 0.5173241 0.0039533 0.0031547 0.0097743 0.0403380 0.0038200 0.0022410 0.0217735 0.0799905 0.0238076 0.0839784 0.0305106 0.0239217 0.0010800 0.0198311 0.0345567 0.0000000 0.0038248 0.0686031
 74 A  74 0.7388881 0.0015255 0.0000000 0.0000000 0.0125857 0.0000000 0.0000000 0.0714601 0.0000000 0.0098084 0.0000000 0.0015740 0.0000000 0.0000000 0.0000000 0.1442108 0.0039744 0.0000000 0.0000000 0.0159731
 75 A  75 0.0675423 0.7432130 0.0000000 0.0016906 0.0039055 0.0631501 0.0042500 0.0000000 0.0154728 0.0039451 0.0054676 0.0304176 0.0000000 0.0000000 0.0000000 0.0361041 0.0084922 0.0000000 0.0000000 0.0163490
 76 Q  76 0.0192735 0.0733547 0.0000000 0.0000000 0.0016873 0.6181451 0.0349100 0.0054364 0.0058619 0.0062095 0.0164569 0.1123716 0.0159452 0.0016112 0.0593817 0.0026604 0.0137308 0.0000000 0.0000000 0.0129639
 77 V  77 0.0032116 0.0020545 0.0000000 0.0016112 0.0000000 0.0021279 0.0020197 0.0000000 0.0000000 0.2661484 0.1748406 0.0028419 0.0339857 0.1526381 0.0000000 0.0000000 0.0068470 0.0114559 0.0017719 0.3384456
 78 G  78 0.0335587 0.1032162 0.0526771 0.0698484 0.0164521 0.0378369 0.0507279 0.0554677 0.0178498 0.0138180 0.0230928 0.0811919 0.0040418 0.0148557 0.0000000 0.1052618 0.2802968 0.0044014 0.0000000 0.0354049
 79 T  79 0.1977086 0.1031937 0.0194910 0.0533782 0.0000000 0.0206022 0.0826759 0.0135143 0.0097345 0.0054144 0.0077631 0.1233792 0.0036950 0.0025616 0.1631543 0.0822236 0.0745757 0.0050229 0.0013782 0.0305337
 80 E  80 0.0921550 0.0121808 0.0069508 0.4032863 0.0000000 0.0715738 0.2562657 0.0114491 0.0009627 0.0016301 0.0051636 0.0192224 0.0000000 0.0022518 0.0056674 0.0963459 0.0071796 0.0032321 0.0015045 0.0029785
 81 H  81 0.0000000 0.0000000 0.0018311 0.5288030 0.0000000 0.0026253 0.0124650 0.0028540 0.0904832 0.0069199 0.0331876 0.0000000 0.0047472 0.2128716 0.0011775 0.0021443 0.0062648 0.0347958 0.0588297 0.0000000
 82 L  82 0.0317131 0.0224559 0.0019665 0.1182857 0.0060810 0.0103672 0.0943800 0.0000000 0.0025361 0.0321307 0.1348810 0.0060515 0.0171929 0.4494898 0.0011059 0.0040483 0.0080059 0.0014499 0.0386988 0.0191600
 83 A  83 0.0482075 0.1730626 0.0704580 0.1390616 0.0043393 0.0721455 0.1024797 0.0231188 0.0688226 0.0070184 0.0018039 0.0850893 0.0132056 0.0078216 0.0059530 0.0428723 0.0680232 0.0084851 0.0525594 0.0054726
 84 A  84 0.1345057 0.0200690 0.0073347 0.0019120 0.0018187 0.0047750 0.0046417 0.0010791 0.0069517 0.0042854 0.0000000 0.0020840 0.0000000 0.6715329 0.0011845 0.0069337 0.0099443 0.0025239 0.1165275 0.0018962
 85 D  85 0.0011338 0.0013569 0.0230990 0.9249902 0.0000000 0.0021856 0.0143013 0.0035824 0.0071551 0.0000000 0.0000000 0.0023285 0.0000000 0.0000000 0.0000000 0.0019070 0.0179601 0.0000000 0.0000000 0.0000000
 86 L  86 0.0014327 0.0094131 0.0000000 0.0000000 0.0033165 0.0026134 0.0000000 0.0000000 0.0562669 0.0107368 0.4050879 0.0078519 0.0146998 0.0186713 0.0000000 0.0015137 0.0040785 0.0610964 0.3993819 0.0038393
 87 L  87 0.0000000 0.0000000 0.0000000 0.0000000 0.0000000 0.0000000 0.0000000 0.0000000 0.0000000 0.6746459 0.1375924 0.0000000 0.0031320 0.0463074 0.0000000 0.0000000 0.0000000 0.0000000 0.0000000 0.1383223
 88 V  88 0.0038869 0.0020430 0.0000000 0.0000000 0.0000000 0.0000000 0.0000000 0.0000000 0.0000000 0.2787829 0.4517014 0.0000000 0.0045917 0.1083155 0.0000000 0.0000000 0.0032349 0.0000000 0.0236711 0.1237728
 89 A  89 0.5336234 0.0000000 0.0000000 0.0000000 0.0865351 0.0000000 0.0000000 0.1967774 0.0000000 0.0066314 0.0000000 0.0000000 0.0012880 0.0000000 0.0157367 0.0027160 0.0322940 0.0000000 0.0000000 0.1243979
 90 L  90 0.0801791 0.0000000 0.0000000 0.0000000 0.0000000 0.0000000 0.0000000 0.0000000 0.0000000 0.0000000 0.0940552 0.0000000 0.8078516 0.0076100 0.0000000 0.0081022 0.0000000 0.0000000 0.0000000 0.0022019
 91 D  91 0.0092776 0.0000000 0.0000000 0.9180510 0.0000000 0.0000000 0.0231899 0.0183700 0.0029052 0.0000000 0.0000000 0.0000000 0.0000000 0.0000000 0.0000000 0.0000000 0.0282063 0.0000000 0.0000000 0.0000000
 92 R  92 0.0767460 0.1596233 0.0626488 0.1171458 0.0031814 0.0852430 0.1742081 0.0292578 0.0545083 0.0023501 0.0136732 0.0775259 0.0000000 0.0013826 0.0097585 0.0654092 0.0366014 0.0154634 0.0087832 0.0064901
 93 N  93 0.0815626 0.0286302 0.0767276 0.1189043 0.0024380 0.0908462 0.1220656 0.0960918 0.0157410 0.0011149 0.0028316 0.0163750 0.0194329 0.0021389 0.0029225 0.2764684 0.0110311 0.0127700 0.0204257 0.0014820
 94 H  94 0.0000000 0.0000000 0.8028168 0.0000000 0.0000000 0.0040090 0.0000000 0.0000000 0.1746479 0.0071607 0.0000000 0.0000000 0.0000000 0.0000000 0.0000000 0.0019870 0.0000000 0.0000000 0.0000000 0.0093786
 95 A  95 0.0316345 0.0324153 0.0000000 0.0052271 0.0011830 0.0096297 0.0260176 0.0022125 0.0080400 0.1202625 0.4207548 0.0156728 0.0581971 0.0404830 0.0000000 0.0020864 0.0053920 0.0010805 0.1232988 0.0964125
 96 R  96 0.1674734 0.2925553 0.0334630 0.0750148 0.0027186 0.0589448 0.0900577 0.0245646 0.0230545 0.0023969 0.0157082 0.0697283 0.0044954 0.0054084 0.0000000 0.0787963 0.0271940 0.0032349 0.0133189 0.0118719
 97 L  97 0.1054192 0.0161383 0.2035493 0.3522910 0.0013278 0.0106812 0.0955377 0.0136100 0.0355776 0.0240123 0.0248276 0.0050286 0.0243240 0.0021408 0.0068272 0.0241203 0.0194361 0.0092298 0.0191450 0.0067763
 98 L  98 0.0192537 0.0000000 0.0000000 0.0000000 0.0000000 0.0000000 0.0015277 0.0000000 0.0000000 0.1530122 0.6694631 0.0000000 0.0571190 0.0017763 0.0000000 0.0012127 0.0050011 0.0000000 0.0000000 0.0916343
 99 R  99 0.0297486 0.2221073 0.0675852 0.0066224 0.0073962 0.1188577 0.0647788 0.0056195 0.0315822 0.0464130 0.1147235 0.1617696 0.0243646 0.0021787 0.0000000 0.0273394 0.0414093 0.0000000 0.0081424 0.0193615
100 Q 100 0.1215738 0.3676643 0.0268207 0.0518951 0.0007783 0.1003523 0.0657693 0.0195454 0.0257364 0.0018227 0.0104130 0.0725568 0.0018934 0.0030814 0.0040261 0.0911310 0.0185857 0.0000000 0.0076262 0.0087281
101 L 101 0.0361536 0.0815929 0.0050144 0.0046798 0.0017746 0.0322685 0.0045116 0.0058373 0.0099056 0.1631193 0.3545679 0.0436744 0.1502920 0.0218531 0.0000000 0.0128761 0.0131930 0.0093284 0.0015454 0.0478121
102 G 102 0.3288199 0.0509219 0.0220421 0.0206537 0.1186295 0.0443931 0.0009546 0.1572914 0.0058270 0.0102049 0.0207882 0.0820113 0.0081261 0.0428346 0.0325589 0.0212514 0.0106783 0.0032759 0.0025893 0.0161477
103 V 103 0.0248300 0.0405186 0.0443375 0.1045343 0.0019875 0.0109216 0.0556225 0.0638775 0.0143295 0.0121870 0.0000000 0.0203929 0.0000000 0.0151625 0.5049000 0.0158465 0.0247025 0.0000000 0.0020717 0.0437779
104 E 104 0.1312624 0.0291103 0.0326858 0.1534708 0.0332598 0.0575235 0.1146777 0.0182613 0.0576362 0.0030952 0.0087423 0.0621544 0.0000000 0.0024407 0.1514857 0.0665315 0.0200060 0.0021871 0.0427748 0.0126943
105 A 105 0.1820110 0.1002767 0.0444304 0.0914331 0.0009738 0.0509337 0.1052046 0.0906904 0.0260126 0.0048118 0.0094291 0.1401023 0.0024633 0.0016316 0.0572944 0.0346100 0.0287443 0.0067107 0.0044946 0.0177414
106 A 106 0.2523802 0.0255888 0.0298098 0.1288738 0.0196918 0.0301966 0.0795829 0.1327533 0.0741941 0.0013643 0.0112052 0.0446897 0.0038148 0.0051775 0.0122552 0.1050351 0.0105796 0.0000000 0.0300792 0.0027283
107 R 107 0.0077477 0.2033537 0.0182595 0.0065853 0.0000000 0.0627235 0.0316265 0.0124093 0.0169360 0.0009530 0.0062181 0.5676474 0.0000000 0.0000000 0.0033329 0.0116050 0.0349043 0.0029333 0.0052552 0.0075094
108 V 108 0.1051968 0.0150693 0.0074070 0.0198752 0.0022353 0.0042175 0.0145105 0.0125210 0.0431588 0.2875985 0.0923614 0.0111566 0.0049602 0.0000000 0.0061606 0.0087873 0.0276120 0.0010058 0.0012295 0.3349370
109 R 109 0.0337794 0.2957250 0.0011486 0.0046147 0.0099732 0.0448484 0.1045301 0.0097632 0.0791457 0.0045446 0.0112409 0.1921282 0.0241980 0.0723173 0.0032337 0.0309732 0.0101292 0.0027110 0.0312662 0.0337292
110 M 110 0.0045414 0.0672977 0.0000000 0.0000000 0.0011976 0.0087123 0.0028469 0.0000000 0.0000000 0.0540602 0.5898551 0.0916538 0.0786151 0.0061195 0.0152664 0.0095547 0.0062859 0.0000000 0.0010762 0.0629174
111 L 111 0.0360614 0.0154959 0.0017134 0.0041840 0.0031756 0.0073488 0.0040477 0.0193064 0.0374965 0.0607948 0.3998817 0.0097299 0.1586878 0.1538251 0.0050309 0.0328979 0.0024142 0.0103530 0.0227821 0.0147730
112 R 112 0.0166423 0.2060227 0.0029669 0.0081455 0.0372022 0.0075379 0.0000000 0.1727641 0.0000000 0.0018830 0.3472224 0.0112694 0.0745444 0.0022134 0.0000000 0.0275511 0.0708490 0.0000000 0.0087298 0.0044559
113 S 113 0.0317250 0.0042799 0.0084255 0.2126161 0.0077490 0.0178218 0.1650909 0.0012038 0.0084016 0.0228143 0.1034583 0.0236427 0.0198930 0.0859163 0.0060095 0.2639214 0.0072196 0.0017891 0.0015693 0.0064531
114 F 114 0.0062551 0.0015482 0.0000000 0.0000000 0.0000000 0.0000000 0.0012585 0.0340174 0.0189380 0.0013815 0.1280723 0.0000000 0.0629140 0.4293509 0.0000000 0.0014051 0.0163808 0.0407457 0.2547606 0.0029719
115 D 115 0.1410705 0.0169741 0.0495337 0.4293877 0.0758461 0.0076467 0.0299047 0.0199325 0.0020349 0.0190544 0.0717246 0.0048970 0.0000000 0.0034957 0.0019491 0.0515006 0.0488878 0.0000000 0.0000000 0.0261599
116 P 116 0.0135652 0.0546962 0.0028783 0.0390041 0.0011556 0.0129275 0.0627079 0.0836257 0.0244180 0.0168678 0.0296829 0.0188420 0.0023578 0.0949379 0.3848183 0.0418773 0.0335810 0.0091131 0.0628449 0.0100987
117 R 117 0.1405555 0.1187933 0.0394862 0.0849356 0.0172010 0.0799152 0.1027594 0.0509433 0.0409202 0.0261746 0.0341655 0.0424266 0.0021911 0.0083973 0.0042777 0.0434382 0.0765382 0.0115317 0.0078311 0.0675184
118 S 118 0.1870856 0.0110105 0.0194987 0.0259282 0.0067451 0.0397480 0.0298553 0.1293702 0.0654657 0.0129992 0.0297947 0.0279909 0.0094366 0.0329185 0.1337586 0.1464127 0.0392473 0.0000000 0.0386861 0.0140480
119 G 119 0.0356754 0.0278445 0.0614386 0.1689546 0.0031831 0.0257182 0.0635751 0.2541996 0.0379236 0.0000000 0.0082754 0.0426921 0.0018672 0.0071209 0.1137893 0.0729065 0.0266985 0.0075553 0.0068598 0.0337224
120 T 120 0.1065528 0.0701123 0.0338271 0.0280830 0.0047651 0.0375011 0.0438940 0.0962725 0.0284781 0.0420471 0.0979224 0.0848286 0.0318637 0.0358420 0.0704203 0.0718617 0.0538128 0.0042001 0.0283180 0.0293973
121 H 121 0.0647964 0.0368451 0.0261844 0.1365554 0.0000000 0.0639769 0.2049638 0.1112828 0.0644586 0.0039254 0.0147078 0.1336433 0.0029585 0.0082989 0.0393175 0.0469832 0.0202331 0.0000000 0.0070736 0.0137951
122 A 122 0.0913008 0.0261818 0.0658108 0.1037283 0.0040661 0.0784079 0.1328536 0.1677268 0.0069207 0.0195709 0.0385345 0.0212226 0.0008645 0.0107499 0.0315821 0.0330208 0.0370705 0.0070226 0.0466367 0.0767279
123 L 123 0.0854963 0.1807564 0.0063921 0.0768614 0.0039291 0.0747146 0.0640193 0.0084040 0.0169934 0.0200480 0.1432700 0.0961520 0.0089925 0.0029926 0.0278703 0.0572317 0.0981152 0.0000000 0.0000000 0.0277610
124 D 124 0.0166948 0.0000000 0.0257033 0.3366650 0.0035740 0.0010876 0.3340464 0.0130020 0.0422026 0.1305265 0.0011469 0.0000000 0.0012560 0.0000000 0.0104109 0.0377946 0.0100182 0.0018102 0.0025751 0.0314858
125 V 125 0.0000000 0.0000000 0.0000000 0.0000000 0.0000000 0.0000000 0.0000000 0.0000000 0.0000000 0.3046843 0.0187477 0.0000000 0.0025305 0.0000000 0.0000000 0.0000000 0.0029450 0.0000000 0.0000000 0.6710924
126 E 126 0.1157108 0.0288625 0.0016186 0.0460124 0.0000000 0.0207400 0.1005852 0.0051630 0.0000000 0.0049833 0.0010492 0.0138312 0.0000000 0.0019502 0.6090811 0.0221841 0.0067673 0.0000000 0.0020626 0.0193986
127 D 127 0.0000000 0.0000000 0.0000000 1.0000000 0.0000000 0.0000000 0.0000000 0.0000000 0.0000000 0.0000000 0.0000000 0.0000000 0.0000000 0.0000000 0.0000000 0.0000000 0.0000000 0.0000000 0.0000000 0.0000000
128 P 128 0.0000000 0.0000000 0.0000000 0.0000000 0.0000000 0.0000000 0.0000000 0.0000000 0.0000000 0.0000000 0.0000000 0.0000000 0.0000000 0.0000000 1.0000000 0.0000000 0.0000000 0.0000000 0.0000000 0.0000000
129 Y 129 0.0000000 0.0000000 0.0000000 0.0000000 0.0000000 0.0000000 0.0000000 0.0000000 0.0000000 0.0000000 0.0061523 0.0000000 0.0000000 0.0111266 0.0000000 0.0000000 0.0000000 0.1765291 0.8061921 0.0000000
130 Y 130 0.0027925 0.0073997 0.0012271 0.0000000 0.0000000 0.0039061 0.0000000 0.0079662 0.0071334 0.0033532 0.0032771 0.0021838 0.0000000 0.0892144 0.0000000 0.0021409 0.0098525 0.0044849 0.8550683 0.0000000
131 G 131 0.0052573 0.0105340 0.0071011 0.0404990 0.0034920 0.0204551 0.0243607 0.6477686 0.0058563 0.0000000 0.0000000 0.0111336 0.0032580 0.0000000 0.0000000 0.0229069 0.1973774 0.0000000 0.0000000 0.0000000
132 D 132 0.0135452 0.0099023 0.0694967 0.0967606 0.0000000 0.0078420 0.0217972 0.6448507 0.0229101 0.0000000 0.0084557 0.0014956 0.0021355 0.0000000 0.0184283 0.0535428 0.0288372 0.0000000 0.0000000 0.0000000
133 H 133 0.1372699 0.0702985 0.0291871 0.1627110 0.0000000 0.0513234 0.1339789 0.0285914 0.0273205 0.0467471 0.0367323 0.0315015 0.0311840 0.0094557 0.1067587 0.0487061 0.0277122 0.0000000 0.0015865 0.0189350
134 S 134 0.1312840 0.0640206 0.0378185 0.2004281 0.0000000 0.1032380 0.2310065 0.0272405 0.0215977 0.0000000 0.0011418 0.0672433 0.0000000 0.0012579 0.0048629 0.0885074 0.0055444 0.0030813 0.0070180 0.0047092
135 D 135 0.0383792 0.0032130 0.0969248 0.2874237 0.0000000 0.0057744 0.0165546 0.5135075 0.0107883 0.0000000 0.0043162 0.0000000 0.0066253 0.0000000 0.0028833 0.0051619 0.0046250 0.0000000 0.0000000 0.0038229
136 F 136 0.0000000 0.0000000 0.0000000 0.0000000 0.0072203 0.0000000 0.0000000 0.0000000 0.0000000 0.0000000 0.0000000 0.0000000 0.0000000 0.9844900 0.0000000 0.0000000 0.0000000 0.0000000 0.0082898 0.0000000
137 E 137 0.0263190 0.0240417 0.0309568 0.2012071 0.0000000 0.0342458 0.5835203 0.0063053 0.0108714 0.0012453 0.0081277 0.0130364 0.0000000 0.0015137 0.0010481 0.0062037 0.0290153 0.0000000 0.0077153 0.0146272
138 E 138 0.0608735 0.1136641 0.0294678 0.0490242 0.0009674 0.0721392 0.1811223 0.0241970 0.0555164 0.0157146 0.0947634 0.0964126 0.0010328 0.0039696 0.0020563 0.0070381 0.0861085 0.0035452 0.0540909 0.0482963
139 V 139 0.1189224 0.0000000 0.0264708 0.0000000 0.0502321 0.0000000 0.0000000 0.0000000 0.0000000 0.0153829 0.0025836 0.0000000 0.0089166 0.0000000 0.0000000 0.0046755 0.2114609 0.0000000 0.0000000 0.5613552
140 F 140 0.0070205 0.0387676 0.0029615 0.0000000 0.0009720 0.0026067 0.0069551 0.0013131 0.0053110 0.0399457 0.3150789 0.0013535 0.0080715 0.1239157 0.0000000 0.0018899 0.0020654 0.0552868 0.3851548 0.0013301
141 A 141 0.0619517 0.0966794 0.0428056 0.3620797 0.0000000 0.1317536 0.1430074 0.0153546 0.0174504 0.0024718 0.0164198 0.0362899 0.0032218 0.0000000 0.0000000 0.0140856 0.0400117 0.0056371 0.0036309 0.0071489
142 V 142 0.0074476 0.0091160 0.0054913 0.0940128 0.0000000 0.2411890 0.0367554 0.0000000 0.0043016 0.0500090 0.3229089 0.0016528 0.1713476 0.0000000 0.0000000 0.0101276 0.0059976 0.0000000 0.0136806 0.0259622
143 I 143 0.0158218 0.0000000 0.0000000 0.0000000 0.1208707 0.0000000 0.0000000 0.0000000 0.0000000 0.3544281 0.2362976 0.0000000 0.0024291 0.0000000 0.0000000 0.0056575 0.0050353 0.0000000 0.0029632 0.2564966
144 E 144 0.0249937 0.0244087 0.0178991 0.1064340 0.0077472 0.0307346 0.4422758 0.0018133 0.0120204 0.0100141 0.0732193 0.0325576 0.0144014 0.0038665 0.0000000 0.0455583 0.0633563 0.0056732 0.0128641 0.0701622
145 S 145 0.2138952 0.1887454 0.0098260 0.1802074 0.0000000 0.0360608 0.1547055 0.0039546 0.0144510 0.0125708 0.0094550 0.0332814 0.0063144 0.0012427 0.0031594 0.0548209 0.0491217 0.0000000 0.0119210 0.0162671
146 A 146 0.4679002 0.0020663 0.0016357 0.0000000 0.0914073 0.0000000 0.0000000 0.2056321 0.0033471 0.0014013 0.0115428 0.0044581 0.0013052 0.0464735 0.0000000 0.1203256 0.0198105 0.0000000 0.0079389 0.0147554
147 L 147 0.1293994 0.0000000 0.0048249 0.0000000 0.4557466 0.0000000 0.0000000 0.0085163 0.0000000 0.0358181 0.0763444 0.0000000 0.0234147 0.0000000 0.0000000 0.1549229 0.0357044 0.0000000 0.0000000 0.0753083
148 P 148 0.0537860 0.1130308 0.0359136 0.1413861 0.0027205 0.0721234 0.1968162 0.0202296 0.0178240 0.0063567 0.0102937 0.1164083 0.0000000 0.0000000 0.1313470 0.0315464 0.0363116 0.0000000 0.0019927 0.0119135
149 G 149 0.2340037 0.0376066 0.0701602 0.0053785 0.0050443 0.0289261 0.0312190 0.4232555 0.0139620 0.0075091 0.0109902 0.0279512 0.0029577 0.0061972 0.0014376 0.0512274 0.0095870 0.0000000 0.0117579 0.0208289
150 L 150 0.0031536 0.0000000 0.0000000 0.0000000 0.0016647 0.0000000 0.0000000 0.0000000 0.0000000 0.1043693 0.5543021 0.0000000 0.0041900 0.2173198 0.0000000 0.0060800 0.0048025 0.0642231 0.0000000 0.0398947
151 H 151 0.0496492 0.0011440 0.0013727 0.0000000 0.0033223 0.0009484 0.0010260 0.0000000 0.0197608 0.1099701 0.6382085 0.0014888 0.0211051 0.0188577 0.0000000 0.0023123 0.0036676 0.0020588 0.0049292 0.1201784
152 D 152 0.1459986 0.0369753 0.0623504 0.1887954 0.0000000 0.0729288 0.2595797 0.0149996 0.0087150 0.0086348 0.0100490 0.1223787 0.0022056 0.0009047 0.0039973 0.0163808 0.0313274 0.0000000 0.0020247 0.0117543
153 W 153 0.0437586 0.1150960 0.0072465 0.0233010 0.0000000 0.0809718 0.1039921 0.0000000 0.0973702 0.0146266 0.0115771 0.1906687 0.0069594 0.0359354 0.0000000 0.0484869 0.0285796 0.0906363 0.0904518 0.0103421
154 V 154 0.0190630 0.0000000 0.0000000 0.0000000 0.0052343 0.0000000 0.0000000 0.0000000 0.0090801 0.3241172 0.4203861 0.0000000 0.0039969 0.0173805 0.0000000 0.0000000 0.0034963 0.0000000 0.0000000 0.1972457
155 D 155 0.0361883 0.2691711 0.0378170 0.0325648 0.0041357 0.0642465 0.1154245 0.0067260 0.0032512 0.0211639 0.0326854 0.2271658 0.0079108 0.0020262 0.0000000 0.0359911 0.0553772 0.0000000 0.0037328 0.0444217
156 E 156 0.0854947 0.1198230 0.0299093 0.0533769 0.0000000 0.1636097 0.2318474 0.0352903 0.0083381 0.0000000 0.0068162 0.2049764 0.0000000 0.0000000 0.0097575 0.0306139 0.0201465 0.0000000 0.0000000 0.0000000
157 R 157 0.0464300 0.2603471 0.0786649 0.0232124 0.0000000 0.1649414 0.1945010 0.0060728 0.0146126 0.0031242 0.0068340 0.1687560 0.0000000 0.0022641 0.0000000 0.0147677 0.0154718 0.0000000 0.0000000 0.0000000
158 L 158 0.0276991 0.0000000 0.0000000 0.0000000 0.0000000 0.0208391 0.0180416 0.0098370 0.0918547 0.0708515 0.5771227 0.0000000 0.0235013 0.0267713 0.0000000 0.0084504 0.0116391 0.0000000 0.0247023 0.0886899
159 A 159 0.2183427 0.0343193 0.0157385 0.1005430 0.0000000 0.0708761 0.1245513 0.1483551 0.0052157 0.0000000 0.0193325 0.1039710 0.0000000 0.0091320 0.0165757 0.0832123 0.0498348 0.0000000 0.0000000 0.0000000
160 R 160 0.0964088 0.1713749 0.0000000 0.0137982 0.0105797 0.1624837 0.1314306 0.0337115 0.0070846 0.0461537 0.0470473 0.1471700 0.0227020 0.0000000 0.0169988 0.0758299 0.0000000 0.0000000 0.0000000 0.0172263
161 N 161 0.0411808 0.2459854 0.1978477 0.0988329 0.0000000 0.0616306 0.1145870 0.0241244 0.0123265 0.0262200 0.0332175 0.0083645 0.0000000 0.0000000 0.0155164 0.0976532 0.0225129 0.0000000 0.0000000 0.0000000
162 G 162 0.3233803 0.0211491 0.0000000 0.0292462 0.0000000 0.0300350 0.0589922 0.4045415 0.0507593 0.0232868 0.0000000 0.0000000 0.0000000 0.0000000 0.0000000 0.0185142 0.0400954 0.0000000 0.0000000 0.0000000
163 P 163 0.0000000 0.0000000 0.1248301 0.0000000 0.0000000 0.0000000 0.0000000 0.1010297 0.0000000 0.0000000 0.0000000 0.0000000 0.0000000 0.0000000 0.6481122 0.0736244 0.0524035 0.0000000 0.0000000 0.0000000
164 S 164 0.3166223 0.0000000 0.0000000 0.0000000 0.0000000 0.1582746 0.1037415 0.0000000 0.0000000 0.0000000 0.0000000 0.0000000 0.0000000 0.0000000 0.0000000 0.3527952 0.0685664 0.0000000 0.0000000 0.0000000
