  266         A         R         N         D         C         Q         E         G         H         I         L         K         M         F         P         S         T         W         Y         V    
  1 G   1 0.0000000 0.0000000 0.2032293 0.0000000 0.0000000 0.0000000 0.0000000 0.2497004 0.0000000 0.0000000 0.0000000 0.0000000 0.0000000 0.0000000 0.0000000 0.5470702 0.0000000 0.0000000 0.0000000 0.0000000
  2 D   2 0.0165819 0.0242317 0.0721255 0.2458145 0.0000000 0.0834387 0.1666728 0.0122534 0.0025887 0.0024512 0.0000000 0.0210231 0.0048620 0.0000000 0.0312134 0.1712396 0.1455034 0.0000000 0.0000000 0.0000000
  3 L   3 0.0117833 0.0000000 0.0000000 0.0000000 0.0000000 0.0000000 0.0000000 0.0000000 0.0092428 0.0859012 0.6696530 0.0000000 0.0292416 0.0553062 0.0033702 0.0000000 0.0070232 0.0118178 0.0014243 0.1152363
  4 A   4 0.0980675 0.0544093 0.0451298 0.0604513 0.0000000 0.1604803 0.2047500 0.0081993 0.0246531 0.0052458 0.0293465 0.1218331 0.0019014 0.0022523 0.0043488 0.0661040 0.0758058 0.0010023 0.0060604 0.0299590
  5 D   5 0.1374256 0.0720297 0.0602287 0.1039164 0.0000000 0.1466605 0.1548201 0.0132243 0.0084531 0.0026742 0.0050578 0.1387335 0.0061155 0.0000000 0.0197246 0.0736516 0.0456232 0.0025679 0.0033483 0.0057450
  6 R   6 0.1051459 0.2013640 0.0137588 0.0738150 0.0000000 0.1638031 0.1536899 0.0064156 0.0047846 0.0071409 0.0137004 0.1234723 0.0024159 0.0025026 0.0043952 0.0453455 0.0565750 0.0000000 0.0024001 0.0192751
  7 F   7 0.0087225 0.0000000 0.0000000 0.0000000 0.0000000 0.0000000 0.0000000 0.0000000 0.0000000 0.3420083 0.3830013 0.0000000 0.0194315 0.0726213 0.0000000 0.0000000 0.0066941 0.0382828 0.0022380 0.1270003
  8 A   8 0.2158972 0.1081958 0.0558153 0.0481103 0.0020515 0.1236167 0.1324913 0.0167135 0.0165917 0.0024531 0.0205880 0.1089053 0.0096350 0.0061711 0.0000000 0.0618225 0.0494217 0.0000000 0.0060847 0.0154354
  9 E   9 0.2474822 0.0809192 0.0541762 0.0943052 0.0000000 0.0839052 0.1687451 0.0364130 0.0077645 0.0000000 0.0065993 0.0885633 0.0032048 0.0017304 0.0186045 0.0514659 0.0510058 0.0000000 0.0000000 0.0051155
 10 L  10 0.0573304 0.0242226 0.0000000 0.0050593 0.0000000 0.0110633 0.0273438 0.0017188 0.0048065 0.2406044 0.3914099 0.0039224 0.0222172 0.0208548 0.0032929 0.0140145 0.0158371 0.0017709 0.0633192 0.0912119
 11 E  11 0.1110994 0.0026209 0.0013498 0.0208645 0.0150929 0.0106470 0.3246106 0.0216776 0.0000000 0.1359783 0.1747632 0.0018990 0.0149362 0.0437836 0.0043905 0.0094293 0.0280804 0.0063886 0.0000000 0.0723881
 12 R  12 0.1918129 0.1278401 0.0486899 0.0726533 0.0000000 0.0650923 0.0769450 0.0360311 0.0192298 0.0030858 0.0081802 0.1626524 0.0073732 0.0037122 0.0112122 0.1049874 0.0435711 0.0000000 0.0087723 0.0081587
 13 R  13 0.1099915 0.1089681 0.0261918 0.0943045 0.0029655 0.1217202 0.1197612 0.1316268 0.0110984 0.0040500 0.0084542 0.0854924 0.0010846 0.0022266 0.0137189 0.0897030 0.0365414 0.0052852 0.0201976 0.0066182
 14 Y  14 0.1014108 0.0244337 0.0288744 0.0152006 0.0172628 0.0326110 0.0074727 0.0123084 0.0640585 0.0251922 0.0939178 0.0712715 0.0120986 0.1114531 0.0122593 0.1411733 0.0484098 0.0144767 0.1273402 0.0387748
 15 D  15 0.0407940 0.0402671 0.0883089 0.1296877 0.0000000 0.0389772 0.0345421 0.2633071 0.0179068 0.0101177 0.0011037 0.0980258 0.0000000 0.0015891 0.1392438 0.0675489 0.0140028 0.0026907 0.0052817 0.0066047
 16 A  16 0.2619142 0.0007809 0.0222308 0.0210142 0.0083883 0.0052050 0.0190011 0.5039910 0.0000000 0.0087372 0.0520244 0.0041911 0.0000000 0.0139220 0.0027667 0.0177188 0.0173406 0.0000000 0.0062134 0.0345604
 17 R  17 0.0145357 0.3357106 0.0489186 0.0664208 0.0013194 0.0710291 0.0677554 0.0038307 0.0274176 0.0094749 0.0152588 0.1007832 0.0034735 0.0063827 0.0078973 0.0284329 0.1463176 0.0000000 0.0108684 0.0341727
 18 L  18 0.0519897 0.0000000 0.0053545 0.0000000 0.0096818 0.0000000 0.0017334 0.0400425 0.0000000 0.1624565 0.2340025 0.0021978 0.0223297 0.0406843 0.0150743 0.0106739 0.0370811 0.0462321 0.0649595 0.2555064
 19 G  19 0.0853033 0.0132093 0.0013219 0.0047678 0.0124484 0.0116036 0.0061262 0.6121827 0.0093562 0.0000000 0.0000000 0.0022590 0.0034822 0.0055983 0.0000000 0.2021275 0.0039830 0.0178085 0.0060759 0.0023460
 20 V  20 0.0529587 0.0017074 0.0020948 0.0000000 0.0023811 0.0000000 0.0000000 0.0056962 0.0000000 0.1885521 0.1020435 0.0000000 0.0203850 0.0586712 0.0000000 0.0026003 0.0008517 0.0087664 0.0273980 0.5258935
 21 Y  21 0.2698478 0.0030441 0.0042395 0.0046275 0.0204561 0.0032994 0.0047407 0.0054692 0.0514352 0.0224440 0.0550704 0.0024499 0.0138768 0.0882321 0.0025920 0.0912376 0.0234787 0.0137658 0.2695844 0.0501087
 22 V  22 0.2388884 0.0000000 0.0000000 0.0031970 0.0071523 0.0013720 0.0152712 0.0063507 0.0000000 0.0977545 0.1355316 0.0000000 0.0156054 0.0892976 0.0021664 0.0000000 0.0057679 0.0035597 0.0385325 0.3395527
 23 P  23 0.0361471 0.1045575 0.0049758 0.0083627 0.0081929 0.0321818 0.0516907 0.0148658 0.0291400 0.1345704 0.1796392 0.1088462 0.0449389 0.0217024 0.0024647 0.0197013 0.0256740 0.0193053 0.0652693 0.0877740
 24 A  24 0.0132736 0.0358607 0.1527945 0.5601522 0.0033078 0.0359065 0.0270042 0.0207081 0.0313199 0.0118855 0.0119769 0.0030919 0.0026768 0.0013784 0.0143017 0.0415079 0.0030478 0.0010669 0.0105754 0.0181631
 25 T  25 0.0392437 0.0114530 0.0124948 0.0033792 0.0056722 0.0053252 0.0063569 0.0101305 0.0017318 0.0589944 0.4298197 0.0124736 0.0291407 0.0288983 0.0515280 0.0300576 0.1958414 0.0000000 0.0059273 0.0615316
 26 G  26 0.1440309 0.0313642 0.0778654 0.1989605 0.0000000 0.0510044 0.0984999 0.1541218 0.0143487 0.0000000 0.0076183 0.0772061 0.0033201 0.0000000 0.0068562 0.0728701 0.0466568 0.0000000 0.0000000 0.0152767
 27 T  27 0.0238037 0.0241527 0.0572592 0.1140557 0.0013303 0.0117340 0.0205725 0.0673003 0.0148452 0.0000000 0.0066950 0.0191639 0.0022537 0.0021745 0.0039816 0.2232977 0.4037209 0.0000000 0.0023855 0.0012739
 28 T  28 0.0217333 0.0223312 0.1102728 0.0693635 0.0000000 0.0326702 0.0202631 0.6063366 0.0082149 0.0031840 0.0056305 0.0409614 0.0061141 0.0000000 0.0190614 0.0217947 0.0095582 0.0012642 0.0000000 0.0012458
 29 A  29 0.1102094 0.1542388 0.0272146 0.0456471 0.0019027 0.1007670 0.1716183 0.0182712 0.0119993 0.0223552 0.0238738 0.1113793 0.0034595 0.0139212 0.0224004 0.0382594 0.0606809 0.0242958 0.0123305 0.0251759
 30 A  30 0.0477696 0.0653953 0.0091708 0.0079310 0.0083999 0.0603085 0.1354705 0.0162126 0.0133773 0.0553407 0.0451243 0.0256089 0.0110950 0.0109234 0.0076521 0.0818901 0.2217273 0.0032691 0.0621330 0.1112005
 31 I  31 0.1022771 0.0046786 0.0013095 0.0017125 0.0185086 0.0037912 0.0000000 0.0041705 0.0051753 0.1633727 0.1715257 0.0008630 0.0108372 0.1316664 0.0073265 0.0088373 0.0137304 0.0427291 0.0714186 0.2360697
 32 E  32 0.1850534 0.0145731 0.0166642 0.0648299 0.0088678 0.0341499 0.0827330 0.2011407 0.0190744 0.0040398 0.0522784 0.0139808 0.0080007 0.0163337 0.0000000 0.1613724 0.0897913 0.0013379 0.0103005 0.0154779
 33 Y  33 0.0123731 0.0294105 0.0097449 0.0020670 0.0000000 0.0169864 0.0154728 0.0049281 0.1382018 0.1733234 0.0960593 0.0311865 0.0101217 0.0692239 0.0000000 0.0196639 0.0025399 0.0396179 0.2083574 0.1207215
 34 R  34 0.0187123 0.2882848 0.4044705 0.0652604 0.0000000 0.0306794 0.0224434 0.0652109 0.0503696 0.0014172 0.0082308 0.0225215 0.0000000 0.0000000 0.0000000 0.0107075 0.0013701 0.0000000 0.0076441 0.0026775
 35 A  35 0.3106176 0.0079794 0.0437599 0.0361956 0.0061280 0.0314621 0.1139509 0.2174446 0.0000000 0.0069604 0.0153738 0.0056939 0.0042713 0.0031259 0.1073548 0.0669792 0.0111300 0.0000000 0.0033176 0.0082551
 36 D  36 0.0302297 0.0280415 0.1408480 0.5027900 0.0000000 0.0300385 0.0840573 0.0229190 0.0376819 0.0000000 0.0058336 0.0236453 0.0044537 0.0034385 0.0014273 0.0351136 0.0388181 0.0000000 0.0106639 0.0000000
 37 E  37 0.0472754 0.0832505 0.0101793 0.0707316 0.0026370 0.1043067 0.3505739 0.0223728 0.0149492 0.0186336 0.0177184 0.0742503 0.0102058 0.0065617 0.0000000 0.0278087 0.0795652 0.0000000 0.0049236 0.0540561
 38 R  38 0.0566405 0.3364362 0.0081775 0.0061070 0.0008126 0.0605411 0.0430057 0.0025746 0.0270680 0.0300702 0.0652713 0.0618798 0.0061798 0.0035401 0.1253693 0.0399441 0.0367028 0.0012279 0.0157384 0.0727131
 39 F  39 0.0076593 0.0154248 0.0015584 0.0000000 0.0083380 0.0077430 0.0000000 0.0000000 0.0254108 0.0234716 0.0898712 0.0017387 0.0957297 0.5326051 0.0033843 0.0012248 0.0131622 0.0225842 0.0713707 0.0787233
 40 A  40 0.1351926 0.0258211 0.0054338 0.0171947 0.0058897 0.0263265 0.0206977 0.0074500 0.0248685 0.0214248 0.0178525 0.0108015 0.0063433 0.0151565 0.4507920 0.0413538 0.0301059 0.0000000 0.0778002 0.0594950
 41 F  41 0.2093696 0.0000000 0.0000000 0.0000000 0.0000000 0.0220922 0.0000000 0.0074506 0.0031069 0.0329886 0.1147013 0.0000000 0.2280777 0.0337735 0.0772367 0.1382217 0.0837483 0.0000000 0.0343551 0.0148777
 42 C  42 0.6229031 0.0000000 0.0126570 0.0021199 0.1666755 0.0553418 0.0014245 0.0253115 0.0027595 0.0000000 0.0190220 0.0000000 0.0615777 0.0000000 0.0031251 0.0083404 0.0066384 0.0031284 0.0039943 0.0049807
 43 S  43 0.0034344 0.0000000 0.0000000 0.0032564 0.0000000 0.0000000 0.0000000 0.0208763 0.0000000 0.0000000 0.0000000 0.0000000 0.0000000 0.0000000 0.0000000 0.9658563 0.0065768 0.0000000 0.0000000 0.0000000
 44 T  44 0.0166532 0.0000000 0.0023539 0.0045220 0.0107391 0.0000000 0.0000000 0.0015575 0.0000000 0.0664898 0.1409173 0.0000000 0.0403967 0.0000000 0.0010943 0.0317525 0.4759235 0.0000000 0.0000000 0.2076002
 45 F  45 0.0252531 0.0119668 0.0051900 0.0000000 0.0050914 0.0070187 0.0000000 0.0116660 0.0205783 0.2952344 0.0104400 0.0000000 0.0502273 0.2648611 0.0000000 0.0738450 0.0520217 0.0009358 0.0712806 0.0943898
 46 K  46 0.0084408 0.0160016 0.0000000 0.0000000 0.0000000 0.0015297 0.0000000 0.0000000 0.0000000 0.0000000 0.0000000 0.9685887 0.0000000 0.0000000 0.0000000 0.0018744 0.0035648 0.0000000 0.0000000 0.0000000
 47 A  47 0.1037226 0.0000000 0.0000000 0.0000000 0.0000000 0.0000000 0.0000000 0.0121544 0.0000000 0.0994604 0.2919318 0.0000000 0.0154399 0.0754691 0.0117107 0.0105010 0.0940914 0.0038473 0.0029157 0.2787557
 48 P  48 0.0799458 0.0018668 0.0000000 0.0000000 0.0048281 0.0000000 0.0000000 0.0074236 0.0436247 0.0193956 0.1966234 0.0029520 0.0987348 0.0905248 0.3155046 0.0259940 0.0109757 0.0207507 0.0441510 0.0367045
 49 L  49 0.1451625 0.0000000 0.0099572 0.0000000 0.0000000 0.0174219 0.0025292 0.0014086 0.0000000 0.2773595 0.2582582 0.0000000 0.0083602 0.0043458 0.0014725 0.0063749 0.0579776 0.0023376 0.0160021 0.1910321
 50 V  50 0.3990079 0.0000000 0.0114736 0.0000000 0.0627062 0.0027359 0.0000000 0.0179502 0.0000000 0.0025868 0.2460646 0.0000000 0.1141357 0.0053441 0.0000000 0.0316703 0.0075038 0.0000000 0.0099902 0.0888306
 51 A  51 0.3120646 0.0000000 0.0056742 0.0062511 0.0065156 0.0037147 0.0030993 0.1017380 0.0102293 0.0763209 0.2067492 0.0025660 0.0590869 0.0116575 0.0000000 0.0131735 0.0165297 0.0059957 0.0604108 0.0982229
 52 A  52 0.4360531 0.0116255 0.0150462 0.0066712 0.0182873 0.0182628 0.0902727 0.0227515 0.0069625 0.0282875 0.0489571 0.0245821 0.0133788 0.0137659 0.0000000 0.0296235 0.0738314 0.0023925 0.0763107 0.0629377
 53 V  53 0.1382095 0.0035380 0.0000000 0.0108015 0.0019446 0.0016572 0.0030246 0.0066871 0.0031397 0.0714732 0.1768675 0.0030837 0.0243243 0.0742807 0.0000000 0.0064818 0.0576961 0.0105354 0.0220476 0.3842075
 54 L  54 0.0461222 0.0020941 0.0036536 0.0000000 0.0236317 0.0249575 0.0115539 0.0000000 0.0063666 0.0113419 0.5854853 0.0000000 0.0428457 0.1121616 0.0000000 0.0029734 0.0085037 0.0021746 0.1094424 0.0066918
 55 H  55 0.1101258 0.1674091 0.0259998 0.1547023 0.0045713 0.0782830 0.1566596 0.0037343 0.0585464 0.0077333 0.0207813 0.1080548 0.0044657 0.0027842 0.0000000 0.0549208 0.0158930 0.0038069 0.0076599 0.0138685
 56 Q  56 0.1012162 0.1691539 0.0210065 0.0731264 0.0000000 0.2448154 0.1158258 0.0188931 0.0095986 0.0031653 0.0298805 0.1334487 0.0294074 0.0070990 0.0000000 0.0120870 0.0079465 0.0030799 0.0179246 0.0023250
 57 N  57 0.1431587 0.0269701 0.0322396 0.0092663 0.0060013 0.0312682 0.0099067 0.0062369 0.0241473 0.1172285 0.0928675 0.0175272 0.0270794 0.0212076 0.0000000 0.0585105 0.0184784 0.0026736 0.0267182 0.3285138
 58 P  58 0.0660517 0.0294736 0.0448984 0.3194253 0.0000000 0.0554515 0.1547621 0.0993322 0.0304265 0.0041175 0.0035005 0.0587160 0.0000000 0.0032516 0.0353720 0.0609280 0.0228192 0.0000000 0.0072977 0.0041761
 59 L  59 0.1665525 0.1108410 0.0420825 0.0427339 0.0017210 0.1268197 0.1222766 0.0117796 0.0172805 0.0141140 0.0392004 0.1735123 0.0045195 0.0023347 0.0318328 0.0402029 0.0375442 0.0009416 0.0092575 0.0044526
 60 T  60 0.0388812 0.0135053 0.0441996 0.0466934 0.0039443 0.0164866 0.0844171 0.5913184 0.0000000 0.0327826 0.0622125 0.0203623 0.0024066 0.0030312 0.0024248 0.0106783 0.0051352 0.0000000 0.0016940 0.0198266
 61 H  61 0.0286515 0.1465664 0.0333225 0.0976744 0.0000000 0.0651938 0.1028582 0.0234744 0.0313301 0.0071894 0.0477088 0.1961299 0.0047823 0.0108025 0.0328580 0.1087817 0.0393605 0.0015483 0.0096662 0.0121012
 62 L  62 0.0095307 0.0040408 0.0014934 0.0016380 0.0020604 0.0000000 0.0082376 0.0000000 0.0000000 0.0516882 0.8057467 0.0000000 0.0393645 0.0218149 0.0076617 0.0051074 0.0026768 0.0254559 0.0044554 0.0090277
 63 D  63 0.0355476 0.0091481 0.1285876 0.5145680 0.0000000 0.0330374 0.0681768 0.0212305 0.0074371 0.0000000 0.0018568 0.0139504 0.0010957 0.0019217 0.0062374 0.1012506 0.0496068 0.0010701 0.0024067 0.0028707
 64 K  64 0.0337994 0.1174341 0.0051891 0.1536823 0.0000000 0.1689368 0.1883708 0.0077366 0.0102220 0.0000000 0.0683387 0.0745586 0.0049281 0.0049077 0.0403230 0.0371004 0.0676236 0.0107885 0.0060604 0.0000000
 65 L  65 0.0320214 0.2390099 0.0391797 0.0194026 0.0038868 0.0426610 0.0451218 0.0146178 0.0138948 0.0218151 0.0450763 0.1281440 0.0391589 0.0031869 0.0682436 0.0504658 0.1093856 0.0032299 0.0043808 0.0771172
 66 I  66 0.0275074 0.0090953 0.0077796 0.0207229 0.0013775 0.0105749 0.0434375 0.0013628 0.0059944 0.2937235 0.1943406 0.0101372 0.0226469 0.0145905 0.0000000 0.0106846 0.0228435 0.0000000 0.0128352 0.2903458
 67 T  67 0.0410802 0.0867812 0.0131352 0.0182061 0.0026615 0.0292385 0.0778727 0.0036989 0.0623178 0.0276758 0.0404088 0.0710921 0.0236048 0.0182586 0.0968802 0.0550937 0.2488710 0.0000000 0.0162919 0.0668311
 68 Y  68 0.0211250 0.0099832 0.0015355 0.0023052 0.0000000 0.0037842 0.0000000 0.0000000 0.0022358 0.2305854 0.1541365 0.0000000 0.0307382 0.0516675 0.0018962 0.0000000 0.0025251 0.0098933 0.2629344 0.2146546
 69 T  69 0.0381253 0.1207421 0.0460693 0.0541302 0.0000000 0.0207834 0.0788525 0.0564795 0.0162219 0.0073250 0.0074941 0.1141113 0.0078935 0.0000000 0.0435312 0.1178983 0.2559598 0.0000000 0.0051487 0.0092340
 70 S  70 0.1520471 0.0810900 0.0170637 0.0527259 0.0000000 0.0716849 0.1406929 0.0200081 0.0012890 0.0118097 0.0212572 0.1827035 0.0042493 0.0000000 0.1113273 0.0638195 0.0189330 0.0030086 0.0080908 0.0381995
 71 D  71 0.1751231 0.0441084 0.0383647 0.1987008 0.0000000 0.0316610 0.1607865 0.0323841 0.0162169 0.0039887 0.0017453 0.0834407 0.0013977 0.0055732 0.0023927 0.1549820 0.0213362 0.0000000 0.0146285 0.0131695
 72 D  72 0.0591508 0.0525141 0.0266875 0.5091000 0.0048894 0.0370883 0.0680985 0.0142580 0.0259168 0.0159630 0.0233447 0.0474567 0.0203399 0.0192151 0.0151057 0.0163920 0.0063649 0.0026882 0.0079473 0.0274789
 73 I  73 0.0362156 0.0697760 0.0049762 0.0035971 0.0013319 0.0060049 0.0110037 0.0110614 0.0152041 0.1301756 0.2951792 0.0606444 0.0261108 0.0214372 0.0325814 0.0224327 0.0648714 0.0426860 0.0458286 0.0988817
 74 R  74 0.0486440 0.0529573 0.0298828 0.0692917 0.0018868 0.0177315 0.0940761 0.0262027 0.0031973 0.0289308 0.1014921 0.0176673 0.0085012 0.0007698 0.0242094 0.0386360 0.0346698 0.0000000 0.0267076 0.3745458
 75 S  75 0.0664725 0.0157394 0.0486871 0.0998495 0.0012133 0.0054855 0.0766608 0.2383968 0.0032758 0.0045161 0.0059336 0.0178341 0.0179885 0.0262651 0.1169361 0.0747611 0.1287475 0.0062344 0.0186035 0.0263994
 76 I  76 0.0195827 0.0016478 0.0376652 0.0263307 0.0042476 0.0090548 0.0320790 0.3349234 0.0661823 0.0099946 0.0167321 0.0032519 0.0037955 0.0122655 0.0459252 0.0467409 0.0199615 0.0675123 0.2210850 0.0210221
 77 S  77 0.1693883 0.0043850 0.0399002 0.0232609 0.0140196 0.0265057 0.0040041 0.1598861 0.0028893 0.0034120 0.0019024 0.0082835 0.0042298 0.0099472 0.0000000 0.4366973 0.0687471 0.0090979 0.0093444 0.0040992
 78 P  78 0.0129133 0.0031957 0.0177767 0.0176762 0.0016132 0.0013938 0.0083102 0.3554920 0.0039795 0.0155677 0.0064360 0.0138443 0.0000000 0.0022684 0.4443508 0.0689477 0.0078006 0.0017310 0.0009157 0.0157873
 79 V  79 0.0393736 0.0241863 0.0088493 0.0092385 0.0111826 0.0035287 0.0176630 0.0279726 0.0012363 0.2665812 0.1617055 0.0141988 0.0426703 0.0165118 0.0027415 0.0195887 0.0520479 0.0019787 0.0029512 0.2757934
 80 A  80 0.1317280 0.0776955 0.0153854 0.0021743 0.0072036 0.0193517 0.0020563 0.0132095 0.0070680 0.0516593 0.1708527 0.0052353 0.0813772 0.0085317 0.0103409 0.0921422 0.2660696 0.0051865 0.0101722 0.0225601
 81 Q  81 0.0501709 0.0466850 0.0153361 0.0592089 0.0027288 0.1292476 0.2225201 0.0743150 0.0213854 0.0037639 0.0046473 0.1213937 0.0072958 0.0662931 0.0074979 0.0610027 0.0210410 0.0412873 0.0391319 0.0050477
 82 Q  82 0.0426931 0.0877116 0.0228241 0.0418710 0.0170101 0.0699178 0.0559951 0.0158093 0.0087275 0.0555115 0.1103390 0.2276435 0.0542910 0.0469477 0.0205103 0.0277028 0.0375541 0.0048111 0.0258724 0.0262567
 83 H  83 0.0721234 0.1149276 0.0498408 0.0378640 0.0000000 0.0222976 0.0403066 0.0193196 0.2030714 0.0038523 0.0753606 0.0452917 0.0161625 0.0523906 0.0499696 0.0506830 0.0179918 0.0085797 0.1079845 0.0119830
 84 V  84 0.0801451 0.0204494 0.0149785 0.1178284 0.0015653 0.0189569 0.0246869 0.0154558 0.0229468 0.0502925 0.0952193 0.0346783 0.0067075 0.0027121 0.2153689 0.0452017 0.0160164 0.0000000 0.0051888 0.2116013
 85 Q  85 0.0786292 0.0104711 0.0830651 0.1216453 0.0000000 0.0294881 0.0505823 0.4927710 0.0033301 0.0081845 0.0039068 0.0240483 0.0020086 0.0000000 0.0476641 0.0166129 0.0151551 0.0011145 0.0007584 0.0105648
 86 T  86 0.0799803 0.0733278 0.0239077 0.0795056 0.0000000 0.0415138 0.0456410 0.1078441 0.0202155 0.0322070 0.0268402 0.1216844 0.0059779 0.0043301 0.0172732 0.0828669 0.1712516 0.0035803 0.0023719 0.0596810
 87 G  87 0.0309726 0.0630603 0.0330043 0.0472422 0.0039211 0.0792958 0.1095032 0.2174092 0.0184204 0.0069090 0.0063981 0.0821450 0.0024902 0.0000000 0.0362065 0.0767317 0.1335428 0.0021352 0.0148928 0.0357195
 88 M  88 0.0187907 0.0064336 0.0000000 0.0025126 0.0018199 0.0019932 0.0085277 0.0037680 0.0041097 0.0953751 0.1990068 0.0032727 0.2523334 0.0938517 0.0156867 0.0071645 0.0169563 0.0198041 0.1366011 0.1119924
 89 T  89 0.0322516 0.0249586 0.0049556 0.0030137 0.0000000 0.0095345 0.0026916 0.0055382 0.0000000 0.0014493 0.0018189 0.0255223 0.0000000 0.0020329 0.1020509 0.3134330 0.4707491 0.0000000 0.0000000 0.0000000
 90 I  90 0.0505013 0.0126485 0.0028845 0.0013935 0.0000000 0.0036942 0.0029149 0.0087298 0.0020499 0.1572783 0.3553678 0.0000000 0.0066514 0.0175591 0.0015776 0.0044600 0.0155307 0.0177586 0.0278914 0.3111087
 91 G  91 0.1425558 0.2363106 0.0105760 0.0642645 0.0000000 0.0492153 0.0908485 0.0984982 0.0184534 0.0109658 0.0453760 0.0881568 0.0051019 0.0126270 0.0011249 0.0846563 0.0093778 0.0041447 0.0237983 0.0039483
 92 Q  92 0.0385991 0.0075411 0.0282319 0.3039970 0.0000000 0.0925363 0.3891653 0.0037887 0.0165114 0.0054452 0.0032535 0.0141422 0.0027204 0.0030730 0.0043011 0.0212790 0.0248777 0.0120296 0.0186519 0.0098557
 93 L  93 0.0738946 0.0020387 0.0029093 0.0000000 0.0049015 0.0056441 0.0000000 0.0000000 0.0039676 0.0452007 0.7176364 0.0000000 0.0263240 0.0025958 0.0000000 0.0009573 0.0224536 0.0044665 0.0027655 0.0842444
 94 C  94 0.2155603 0.0000000 0.0033195 0.0000000 0.1985711 0.0029139 0.0023846 0.0010058 0.0000000 0.1295720 0.3067035 0.0000000 0.0489431 0.0020925 0.0000000 0.0301477 0.0119290 0.0000000 0.0000000 0.0468568
 95 D  95 0.0952986 0.1072202 0.0323850 0.0877439 0.0013030 0.0524014 0.1747591 0.0092564 0.0428911 0.0138505 0.0186182 0.0700004 0.0148819 0.0131316 0.0000000 0.0405031 0.1387160 0.0049640 0.0469902 0.0350853
 96 A  96 0.3318564 0.0534829 0.0149304 0.0114920 0.0012104 0.0312041 0.0301114 0.0622630 0.0135714 0.0094938 0.2358520 0.0376185 0.0125081 0.0180411 0.0049575 0.0206622 0.0105844 0.0121411 0.0731809 0.0148383
 97 A  97 0.2411947 0.0000000 0.0000000 0.0000000 0.0000000 0.0000000 0.0000000 0.0027665 0.0000000 0.0306714 0.0305343 0.0000000 0.4380425 0.0000000 0.0006226 0.0822300 0.1299095 0.0000000 0.0000000 0.0440284
 98 I  98 0.0327239 0.0000000 0.0037007 0.0000000 0.0035632 0.0066445 0.0075232 0.0103799 0.0000000 0.4600357 0.1858480 0.0000000 0.1211276 0.0023428 0.0000000 0.0071368 0.0188050 0.0000000 0.0000000 0.1401687
 99 R  99 0.0652554 0.0981790 0.0054324 0.0061752 0.0090641 0.0965063 0.0450618 0.0194297 0.0041887 0.1366043 0.0507334 0.0212377 0.0149096 0.0000000 0.0000000 0.0917773 0.2374146 0.0000000 0.0014290 0.0966015
100 Y 100 0.0155172 0.0494119 0.0228924 0.0310608 0.0053370 0.1203196 0.0642933 0.0031243 0.0288088 0.0672551 0.0898925 0.0234465 0.0385379 0.0270719 0.0031197 0.0188765 0.0345358 0.0061792 0.1421448 0.2081747
101 S 101 0.0000000 0.0000000 0.0077592 0.0079083 0.0000000 0.0030750 0.0000000 0.0121733 0.0000000 0.0000000 0.0000000 0.0000000 0.0000000 0.0000000 0.0000000 0.9690842 0.0000000 0.0000000 0.0000000 0.0000000
102 D 102 0.0056660 0.0000000 0.0057872 0.8830907 0.0041568 0.0000000 0.0123487 0.0483172 0.0013681 0.0000000 0.0000000 0.0000000 0.0000000 0.0000000 0.0034448 0.0358205 0.0000000 0.0000000 0.0000000 0.0000000
103 G 103 0.0034595 0.0025785 0.9327199 0.0031356 0.0000000 0.0000000 0.0065174 0.0221492 0.0000000 0.0000000 0.0000000 0.0050428 0.0000000 0.0000000 0.0000000 0.0167666 0.0032638 0.0000000 0.0043668 0.0000000
104 T 104 0.0775966 0.0101181 0.0611516 0.0842041 0.0072875 0.0045092 0.0334093 0.0189117 0.0012851 0.0324529 0.0402571 0.0000000 0.0010466 0.0098261 0.0106259 0.0519021 0.4639861 0.0016926 0.0058178 0.0839196
105 A 105 0.8801058 0.0000000 0.0000000 0.0000000 0.0374756 0.0000000 0.0000000 0.0313757 0.0000000 0.0000000 0.0012844 0.0000000 0.0000000 0.0011164 0.0023220 0.0275975 0.0167098 0.0000000 0.0000000 0.0020129
106 A 106 0.3532482 0.0017276 0.0282048 0.0006965 0.0622798 0.0061579 0.0000000 0.0549044 0.0103112 0.0062067 0.0106379 0.0045942 0.0166575 0.0062789 0.0036802 0.0812574 0.3233345 0.0018921 0.0073527 0.0205774
107 N 107 0.0076194 0.0146055 0.6539691 0.1988681 0.0000000 0.0025751 0.0058270 0.0063854 0.0050420 0.0111590 0.0117276 0.0149557 0.0015489 0.0000000 0.0000000 0.0142152 0.0139818 0.0000000 0.0113562 0.0261641
108 L 108 0.1094177 0.0143198 0.0039539 0.0033652 0.0015485 0.0212030 0.0281780 0.0070665 0.0011142 0.1591807 0.3221694 0.0412784 0.1306710 0.0094286 0.0000000 0.0072773 0.0387520 0.0208255 0.0035633 0.0766871
109 L 109 0.0135232 0.0000000 0.0033352 0.0000000 0.0204397 0.0009125 0.0000000 0.0000000 0.0000000 0.1012697 0.7165870 0.0000000 0.0481896 0.0052358 0.0007622 0.0010708 0.0000000 0.0036670 0.0000000 0.0850075
110 L 110 0.0696954 0.0032843 0.0000000 0.0000000 0.0026348 0.0157813 0.0017671 0.0190116 0.0017186 0.2995019 0.3528969 0.0000000 0.0530842 0.1066946 0.0000000 0.0052693 0.0074135 0.0081821 0.0097699 0.0432945
111 A 111 0.0883100 0.2121476 0.0445855 0.2099964 0.0000000 0.0311565 0.1629505 0.0325538 0.0182472 0.0000000 0.0017291 0.0982829 0.0022056 0.0021867 0.0087318 0.0369642 0.0346391 0.0046069 0.0081944 0.0025118
112 D 112 0.0578962 0.1959872 0.0115162 0.0231058 0.0021097 0.0690228 0.0768829 0.0121871 0.0628084 0.0329823 0.1750917 0.0438731 0.0290718 0.0270546 0.0009520 0.0322861 0.0475239 0.0084758 0.0532026 0.0379697
113 L 113 0.0632226 0.0000000 0.0000000 0.0022357 0.0054827 0.0115093 0.0017598 0.0022165 0.0010459 0.1862137 0.3878879 0.0000000 0.0183130 0.0416504 0.0000000 0.0045815 0.0127834 0.0000000 0.0160919 0.2450059
114 G 114 0.0024185 0.0000000 0.0051466 0.0092907 0.0000000 0.0000000 0.0022751 0.9481657 0.0022704 0.0017703 0.0025410 0.0000000 0.0028217 0.0000000 0.0118540 0.0045073 0.0048994 0.0012647 0.0000000 0.0007746
115 G 115 0.0017346 0.0031703 0.0104544 0.0438930 0.0000000 0.0019133 0.0062424 0.7989073 0.0000000 0.0076558 0.0355843 0.0000000 0.0026533 0.0076899 0.0127536 0.0471828 0.0105054 0.0000000 0.0029395 0.0067200
116 P 116 0.0231350 0.0131286 0.0066110 0.0184383 0.0023642 0.0056964 0.0600766 0.0512858 0.0124932 0.0080118 0.0233931 0.0205510 0.0069704 0.0183752 0.5886863 0.0138397 0.0391476 0.0059915 0.0517298 0.0300745
117 G 117 0.1517428 0.0450191 0.0566075 0.0926438 0.0000000 0.0823094 0.1355597 0.0513436 0.0135678 0.0086024 0.0131573 0.0664662 0.0000000 0.0060578 0.0563915 0.1043192 0.0433049 0.0000000 0.0491547 0.0237523
118 G 118 0.1740014 0.0235062 0.0227631 0.0217601 0.0000000 0.0349987 0.0357955 0.2620009 0.0036698 0.0426796 0.0148876 0.0138758 0.0111012 0.0183286 0.0122915 0.0328809 0.1038426 0.0042108 0.0100158 0.1573900
119 G 119 0.0936530 0.0057697 0.0386765 0.0294441 0.0105426 0.0101111 0.0000000 0.0898339 0.0110334 0.0325577 0.1794002 0.0112497 0.0087817 0.1665794 0.0361021 0.0215502 0.0760487 0.0000000 0.0114378 0.1672281
120 T 120 0.1335926 0.0449015 0.0802096 0.0356508 0.0000000 0.0261207 0.0396613 0.0189098 0.0084126 0.0790070 0.1119256 0.0554273 0.1015997 0.0282022 0.0324827 0.0011008 0.1069242 0.0110186 0.0108977 0.0739554
121 A 121 0.2402945 0.0222344 0.0127102 0.1869089 0.0000000 0.1243110 0.1931214 0.0327815 0.0017894 0.0037535 0.0118653 0.0951447 0.0000000 0.0057678 0.0000000 0.0294001 0.0309271 0.0000000 0.0000000 0.0089903
122 A 122 0.3132096 0.0553977 0.0844452 0.0108992 0.0021664 0.0212274 0.0876194 0.0162182 0.0131819 0.0083115 0.0359314 0.0994163 0.0356873 0.0049518 0.0049035 0.0665383 0.0695542 0.0140097 0.0227764 0.0335545
123 F 123 0.0302004 0.0116877 0.0040857 0.0224418 0.0000000 0.0067329 0.0097864 0.0024119 0.0036482 0.1971025 0.1621827 0.0000000 0.1108228 0.0584273 0.0024744 0.0033984 0.0154896 0.0020877 0.0089248 0.3480951
124 T 124 0.0516024 0.0530492 0.3615157 0.0427709 0.0000000 0.0760405 0.0391653 0.0083652 0.0175058 0.0073133 0.0153321 0.0459023 0.0042385 0.0011339 0.0039070 0.0240137 0.2281306 0.0043651 0.0066518 0.0089966
125 G 125 0.2496011 0.1068767 0.0333728 0.0732582 0.0031795 0.1216591 0.0853207 0.0318198 0.0216166 0.0037494 0.0305849 0.0865550 0.0083901 0.0122176 0.0113786 0.0642199 0.0402135 0.0000000 0.0000000 0.0159866
126 Y 126 0.0066212 0.0832223 0.0068351 0.0257190 0.0147749 0.0150899 0.0320819 0.0247724 0.0195640 0.0271211 0.0554323 0.0316261 0.0128000 0.2688439 0.0014991 0.0067953 0.0643777 0.0792248 0.1957917 0.0278075
127 L 127 0.2211394 0.0072194 0.0000000 0.0028763 0.0479957 0.0155684 0.0017734 0.0078528 0.0013563 0.1167358 0.3067509 0.0044717 0.1085615 0.0530261 0.0064844 0.0083399 0.0156044 0.0146200 0.0115417 0.0480819
128 R 128 0.0865090 0.3950937 0.0144832 0.0329056 0.0019780 0.0927969 0.0532277 0.0205354 0.0487790 0.0085629 0.0186895 0.1403955 0.0000000 0.0019665 0.0041973 0.0320359 0.0255990 0.0000000 0.0111839 0.0110610
129 S 129 0.1228437 0.0962653 0.0251756 0.0643873 0.0000000 0.0637463 0.1495542 0.0859812 0.0076888 0.0030795 0.0164645 0.0706169 0.0049521 0.0009238 0.0017823 0.2241048 0.0583698 0.0022351 0.0000000 0.0018286
130 L 130 0.0309433 0.0319825 0.0278324 0.0000000 0.0009441 0.0240922 0.0088136 0.0032803 0.0229026 0.1755503 0.4559917 0.0327382 0.0645749 0.0133020 0.0000000 0.0206552 0.0211260 0.0334033 0.0139705 0.0178969
131 G 131 0.0064297 0.0080822 0.0120176 0.0208171 0.0000000 0.0153585 0.0034516 0.8603281 0.0132009 0.0000000 0.0000000 0.0163998 0.0014405 0.0000000 0.0091634 0.0118946 0.0104681 0.0015700 0.0073839 0.0019939
132 D 132 0.0547541 0.0127639 0.0080393 0.2873948 0.0199573 0.0010984 0.0061219 0.0263934 0.0000000 0.0936527 0.2194766 0.0000000 0.0832789 0.0742357 0.0040085 0.0083271 0.0060420 0.0093682 0.0526226 0.0324647
133 T 133 0.0691337 0.0665668 0.0585913 0.0570640 0.0011890 0.0403169 0.0967797 0.0258915 0.0507494 0.0063191 0.0167289 0.1457682 0.0064192 0.0012944 0.0426530 0.0959751 0.1873407 0.0000000 0.0154383 0.0157810
134 V 134 0.0582098 0.0383895 0.1093100 0.1575221 0.0014579 0.0434921 0.0576105 0.0851984 0.0517622 0.0176093 0.0101899 0.0413460 0.0036372 0.0085929 0.0014733 0.0669642 0.0877598 0.0046955 0.0067527 0.1480267
135 S 135 0.0103292 0.0000000 0.0000000 0.0017341 0.0051633 0.0063143 0.0039925 0.0023160 0.0000000 0.0821126 0.0157666 0.0077110 0.0193605 0.1127976 0.0032482 0.0760071 0.6196718 0.0021370 0.0044980 0.0268403
136 R 136 0.0566537 0.3747787 0.0456774 0.0226937 0.0043558 0.0724335 0.0355246 0.0138421 0.0784880 0.0158146 0.0110789 0.0649207 0.0140942 0.0171630 0.0027438 0.0521790 0.0319554 0.0023837 0.0066019 0.0766173
137 L 137 0.0493144 0.0017472 0.0007977 0.0041890 0.0021181 0.0034941 0.0035282 0.0051720 0.0082257 0.1511778 0.4267592 0.0011758 0.0419624 0.0743413 0.0319453 0.0231313 0.0079252 0.0050389 0.0122128 0.1457436
138 D 138 0.0580227 0.0915852 0.0923343 0.3101114 0.0012095 0.0719209 0.0782599 0.0604867 0.0232520 0.0169983 0.0256729 0.0247715 0.0045141 0.0000000 0.0074046 0.0250107 0.0303062 0.0000000 0.0128438 0.0652955
139 A 139 0.0584790 0.5381226 0.0820289 0.0212846 0.0030477 0.0052558 0.0214772 0.0349933 0.0529462 0.0015218 0.0059710 0.0157039 0.0051214 0.0105375 0.0308496 0.0494239 0.0219173 0.0109461 0.0225892 0.0077832
140 E 140 0.0202973 0.0735074 0.0512568 0.0278173 0.0029153 0.0203067 0.0322096 0.0584262 0.0181184 0.0452639 0.0626680 0.1149802 0.0224239 0.0392040 0.0723075 0.0274397 0.1161356 0.1028113 0.0682281 0.0236829
141 E 141 0.0235740 0.0134965 0.0128077 0.0108326 0.0050874 0.0134970 0.4222361 0.0294648 0.0170678 0.0405154 0.1084332 0.0195210 0.0950683 0.0222941 0.0281184 0.0323834 0.0619847 0.0000000 0.0120520 0.0315658
142 P 142 0.0600859 0.0750557 0.0081292 0.0284883 0.0037240 0.0161973 0.0660544 0.0708618 0.0169909 0.0116437 0.0521861 0.0191298 0.1221902 0.0124999 0.3250566 0.0102246 0.0699846 0.0051975 0.0137391 0.0125603
143 E 143 0.0748243 0.0323102 0.0128266 0.2610500 0.0000000 0.0326896 0.1986185 0.0507502 0.0179352 0.0220570 0.0610209 0.0203521 0.0237706 0.0161702 0.0286320 0.0296679 0.0547679 0.0264889 0.0195913 0.0164768
144 L 144 0.0581045 0.0306511 0.0039407 0.0449682 0.0093955 0.0172682 0.0150375 0.0042756 0.0000000 0.0287369 0.4468056 0.0043659 0.1339433 0.0477979 0.0328053 0.0476798 0.0366589 0.0021700 0.0141981 0.0211971
145 N 145 0.0787504 0.0174017 0.4109485 0.0258439 0.0039682 0.0296813 0.0675273 0.0471570 0.0730906 0.0130656 0.0290046 0.0239428 0.0026453 0.0170250 0.0271449 0.0573885 0.0323750 0.0000000 0.0137018 0.0293377
146 R 146 0.1752692 0.1177315 0.0070331 0.0607036 0.0000000 0.0486679 0.1909238 0.0162920 0.0084095 0.0087313 0.0367519 0.0392792 0.0053387 0.0041407 0.0555289 0.0882611 0.0852420 0.0000000 0.0410373 0.0106582
147 D 147 0.3413534 0.0274560 0.0641792 0.1297711 0.0055464 0.0147335 0.0119322 0.0551192 0.0013934 0.0136014 0.0317725 0.0331839 0.0011368 0.0289233 0.0132261 0.0471738 0.0688103 0.0152749 0.0131919 0.0822206
148 P 148 0.0961458 0.0561311 0.0171328 0.0382165 0.0000000 0.0295092 0.0503413 0.0593470 0.0363148 0.0987471 0.0834709 0.0618633 0.0098615 0.0387259 0.0887993 0.0435740 0.0619958 0.0439883 0.0412801 0.0445552
149 P 149 0.1198625 0.0243231 0.0291567 0.1170370 0.0000000 0.0387541 0.0814060 0.0170945 0.0060020 0.0042927 0.0661156 0.0778362 0.0089327 0.0006871 0.3040431 0.0359574 0.0184901 0.0099057 0.0312001 0.0089034
150 G 150 0.0751540 0.0350382 0.0560562 0.0711692 0.0000000 0.0070696 0.0216137 0.4018446 0.0142724 0.0221168 0.0445498 0.0554998 0.0026525 0.0123053 0.0696530 0.0276125 0.0213396 0.0174956 0.0070260 0.0375312
151 D 151 0.0425595 0.0793993 0.0212950 0.3241004 0.0102968 0.0507673 0.0802217 0.0865739 0.0136463 0.0316773 0.0231555 0.0360432 0.0135588 0.0108211 0.0150806 0.0494970 0.0384644 0.0247262 0.0359658 0.0121499
152 E 152 0.0331525 0.0263217 0.0164967 0.0648183 0.0000000 0.0055834 0.1088257 0.1694459 0.0154374 0.0275821 0.0628464 0.0671468 0.0102312 0.0257605 0.1862902 0.0066300 0.0462603 0.0000000 0.0900774 0.0370935
153 R 153 0.0318460 0.3639547 0.0435615 0.0611654 0.0023247 0.0393011 0.0749412 0.0184083 0.0241117 0.0119342 0.0575015 0.0450612 0.0106845 0.0063241 0.0134320 0.0479741 0.1005513 0.0168906 0.0120213 0.0180106
154 D 154 0.0101538 0.0094233 0.4552627 0.3478922 0.0024667 0.0011289 0.0000000 0.0302616 0.0336607 0.0000000 0.0036935 0.0011543 0.0000000 0.0021742 0.0028408 0.0509255 0.0423894 0.0000000 0.0046853 0.0018869
155 T 155 0.0331136 0.0430466 0.0025546 0.0046936 0.0012937 0.0398116 0.0172770 0.0216211 0.0164631 0.0256157 0.0407928 0.0307184 0.0188312 0.0156165 0.0033532 0.0575337 0.4009868 0.0602294 0.1149102 0.0515371
156 T 156 0.0969276 0.0000000 0.0020009 0.0000000 0.0070831 0.0000000 0.0000000 0.0430590 0.0016290 0.0474036 0.0178020 0.0000000 0.0051828 0.0096464 0.0000000 0.1998346 0.5428695 0.0000000 0.0000000 0.0265616
157 T 157 0.0108898 0.0050660 0.0059541 0.0063503 0.0207339 0.0016762 0.0059191 0.0030941 0.0014256 0.0013435 0.0029459 0.0019991 0.0043941 0.0017831 0.0025178 0.3128187 0.6050597 0.0000000 0.0032955 0.0027336
158 P 158 0.3009175 0.0000000 0.0016878 0.0000000 0.0000000 0.0000000 0.0000000 0.0052261 0.0000000 0.0030970 0.0201494 0.0034016 0.0095449 0.0000000 0.5644425 0.0218483 0.0134096 0.0000000 0.0000000 0.0562751
159 H 159 0.1471988 0.2880902 0.0546731 0.0413092 0.0017230 0.0198231 0.0570191 0.0178952 0.0373026 0.0122915 0.0712963 0.1045895 0.0118424 0.0025661 0.0059141 0.0482255 0.0178800 0.0021224 0.0296841 0.0285539
160 A 160 0.3628564 0.0041327 0.0041212 0.3709149 0.0000000 0.0147418 0.1256426 0.0455787 0.0012134 0.0048977 0.0022794 0.0011509 0.0138989 0.0000000 0.0011124 0.0307078 0.0156891 0.0000000 0.0000000 0.0010621
161 I 161 0.0996681 0.0000000 0.0000000 0.0000000 0.0325969 0.0413537 0.0082460 0.0022379 0.0016267 0.0898883 0.2097507 0.0013649 0.3676918 0.0305151 0.0000000 0.0125839 0.0265120 0.0049356 0.0274084 0.0436201
162 A 162 0.4238693 0.0035826 0.0202892 0.0013177 0.0045255 0.0072997 0.0065893 0.1397492 0.0069256 0.0247385 0.0586905 0.0010682 0.0131889 0.0065706 0.0000000 0.0501679 0.0768223 0.0000000 0.0052438 0.1493610
163 L 163 0.0935785 0.1841035 0.0502871 0.0509133 0.0000000 0.0808538 0.0564442 0.0395076 0.0260448 0.0224917 0.0659891 0.1156773 0.0184142 0.0125413 0.0000000 0.0489267 0.0987440 0.0018926 0.0049477 0.0286428
164 V 164 0.0382382 0.0000000 0.0249898 0.0434138 0.0038059 0.0030593 0.0017806 0.0206753 0.0026527 0.0788576 0.4118177 0.0000000 0.0314131 0.0581142 0.0013166 0.0614450 0.1286129 0.0043635 0.0249094 0.0605347
165 L 165 0.0275492 0.0018183 0.0000000 0.0000000 0.0030738 0.0000000 0.0000000 0.0021384 0.0081201 0.0466817 0.6260862 0.0000000 0.0977359 0.0768145 0.0016287 0.0062458 0.0047067 0.0229881 0.0391820 0.0352306
166 Q 166 0.1279413 0.2151875 0.0434357 0.0230508 0.0052146 0.1155142 0.1609296 0.0331918 0.0185568 0.0096054 0.0212696 0.0945530 0.0041300 0.0032301 0.0000000 0.0312075 0.0555894 0.0009799 0.0126339 0.0237790
167 Q 167 0.2286721 0.1537525 0.0433594 0.0200233 0.0012251 0.0490581 0.0497612 0.0158965 0.0291508 0.0162506 0.0971692 0.1750262 0.0257288 0.0000000 0.0000000 0.0277585 0.0407636 0.0045749 0.0070230 0.0148062
168 L 168 0.0385450 0.0000000 0.0000000 0.0000000 0.0026338 0.0000000 0.0000000 0.0000000 0.0031848 0.2506015 0.4740782 0.0000000 0.0214936 0.0733103 0.0000000 0.0000000 0.0069908 0.0000000 0.0165882 0.1125736
169 V 169 0.1098645 0.0291908 0.0243913 0.0362449 0.0079921 0.0147646 0.0300313 0.0100884 0.0305752 0.0538367 0.1315500 0.0123842 0.0219933 0.0361531 0.0025877 0.0196651 0.0656082 0.0739555 0.1978378 0.0912854
170 L 170 0.0441719 0.1267594 0.0855329 0.0543064 0.0088852 0.0894327 0.0669116 0.0071895 0.0098141 0.0134110 0.1850230 0.0783755 0.0039687 0.0264792 0.0046876 0.0371091 0.0988171 0.0038213 0.0315438 0.0237601
171 G 171 0.0211884 0.0352476 0.0553762 0.0955394 0.0130911 0.0367502 0.0503132 0.5182455 0.0303632 0.0010919 0.0091344 0.0386882 0.0000000 0.0182273 0.0232386 0.0327733 0.0026029 0.0000000 0.0148793 0.0032494
172 N 172 0.0387507 0.0704023 0.1039531 0.1701690 0.0033590 0.0479768 0.1842528 0.0420185 0.0128309 0.0021784 0.0036214 0.1182896 0.0040645 0.0096937 0.0486964 0.0714117 0.0546078 0.0000000 0.0090287 0.0046947
173 A 173 0.2140917 0.0226504 0.0126115 0.0257637 0.0249639 0.0085692 0.0083280 0.0555556 0.0070829 0.0686943 0.2117971 0.0271329 0.0254539 0.0262785 0.0272749 0.0131830 0.0467531 0.0087776 0.0165450 0.1484928
174 L 174 0.0529487 0.0085756 0.0145465 0.0038570 0.0050335 0.0047415 0.0092759 0.0304949 0.0014200 0.0837895 0.5837688 0.0142105 0.0140392 0.0433617 0.0025111 0.0090352 0.0056143 0.0066071 0.0015378 0.1046313
175 P 175 0.0593688 0.0275659 0.0640915 0.0758247 0.0008855 0.0209604 0.0176428 0.0842951 0.0551910 0.0029244 0.0032991 0.0388140 0.0007448 0.0000000 0.0811069 0.3820876 0.0833252 0.0000000 0.0000000 0.0018722
176 P 176 0.1336972 0.0377902 0.0193563 0.0629450 0.0000000 0.0325070 0.1174218 0.0268458 0.0106736 0.0104757 0.0230854 0.0915836 0.0072170 0.0000000 0.3024286 0.0493616 0.0315533 0.0000000 0.0318240 0.0112340
177 D 177 0.1640802 0.0633217 0.0157932 0.1008517 0.0000000 0.0455114 0.2334445 0.0277277 0.0064313 0.0099808 0.0126099 0.0621315 0.0019468 0.0070461 0.0728474 0.0823584 0.0549332 0.0056683 0.0195285 0.0137875
178 K 178 0.1208685 0.0156777 0.0366968 0.0470493 0.0012379 0.0813602 0.0408545 0.0311432 0.0363267 0.0258408 0.0396713 0.0507113 0.0160406 0.0106366 0.0103337 0.3005823 0.0306403 0.0126428 0.0655100 0.0261755
179 R 179 0.0491137 0.3538769 0.0175665 0.0475186 0.0859551 0.0524287 0.0029762 0.0255802 0.0104707 0.0021256 0.0041222 0.0609348 0.0017242 0.0044964 0.0037171 0.1102816 0.1145720 0.0028636 0.0478346 0.0018415
180 A 180 0.2622548 0.0609651 0.0261533 0.1478273 0.0000000 0.1069271 0.1491154 0.0370346 0.0101318 0.0072651 0.0126470 0.0576732 0.0029437 0.0011594 0.0038134 0.0479363 0.0451586 0.0022644 0.0031003 0.0156292
181 L 181 0.0399670 0.1218252 0.0000000 0.0313637 0.0000000 0.1938726 0.0865603 0.0017463 0.0190844 0.0341920 0.1436278 0.0637612 0.0354430 0.0880918 0.0118535 0.0147232 0.0322807 0.0136935 0.0370858 0.0308280
182 L 182 0.0608569 0.0000000 0.0000000 0.0026671 0.0000000 0.0000000 0.0050152 0.0012859 0.0000000 0.1058200 0.4942474 0.0010595 0.1788212 0.0556474 0.0076888 0.0047261 0.0021949 0.0015235 0.0108252 0.0676209
183 T 183 0.0220421 0.1343134 0.0074772 0.0034231 0.0124416 0.0191277 0.0231858 0.0056210 0.0072081 0.1225698 0.2921723 0.0666968 0.0330249 0.0199826 0.0027359 0.0090225 0.0837744 0.0326619 0.0399451 0.0625737
184 D 184 0.0793408 0.0760622 0.0764976 0.2386531 0.0000000 0.0716683 0.1139571 0.1021998 0.0105940 0.0052674 0.0031389 0.0743303 0.0006536 0.0057378 0.0019581 0.0605106 0.0661472 0.0014923 0.0045978 0.0071930
185 W 185 0.0384685 0.0043834 0.0096864 0.0139657 0.0018496 0.0053788 0.0000000 0.0027922 0.0064835 0.2025564 0.1554411 0.0036298 0.0280714 0.0282203 0.0022582 0.0117503 0.0484405 0.2985495 0.0609620 0.0771121
186 M 186 0.0074777 0.0052773 0.0161571 0.0054471 0.0000000 0.0045152 0.0065976 0.0062337 0.0028728 0.0017507 0.4153376 0.0098958 0.4474146 0.0239753 0.0107857 0.0102441 0.0139107 0.0015972 0.0084247 0.0020851
187 A 187 0.0639015 0.0990352 0.0120634 0.0067626 0.0080785 0.0358917 0.0694115 0.0491141 0.0043572 0.0538871 0.1563355 0.1547321 0.0184823 0.0241014 0.0098531 0.0882889 0.0584642 0.0086041 0.0169267 0.0617088
188 R 188 0.1572497 0.1722740 0.0844359 0.0837295 0.0040156 0.0528946 0.0865263 0.1521720 0.0306278 0.0062834 0.0183644 0.0513616 0.0092285 0.0032063 0.0000000 0.0443055 0.0286620 0.0034932 0.0081746 0.0029952
189 N 189 0.0260810 0.0051555 0.3315886 0.0312105 0.0642196 0.1579883 0.0000000 0.0293834 0.0037199 0.0120244 0.0142978 0.0184059 0.0035327 0.0000000 0.0064600 0.0935391 0.1699674 0.0000000 0.0000000 0.0324259
