  114         A         R         N         D         C         Q         E         G         H         I         L         K         M         F         P         S         T         W         Y         V         X    
  1 P   1 0.0000000 0.0000000 0.0000000 0.0000000 0.0000000 0.0000000 0.0000000 0.0000000 0.0000000 0.0000000 0.0000000 0.0000000 0.0000000 0.0000000 0.7643693 0.0000000 0.0000000 0.0000000 0.0000000 0.0000000 0.2356307
  2 M   2 0.0115882 0.0036895 0.0043582 0.0000000 0.0854085 0.0040510 0.0063418 0.0000000 0.0204711 0.0819102 0.1392652 0.0102253 0.0498231 0.1686268 0.0000000 0.0321419 0.0522977 0.0000000 0.1132488 0.0785383 0.1380143
  3 F   3 0.0548578 0.0000000 0.0000000 0.0000000 0.0454708 0.0000000 0.0000000 0.0000000 0.0000000 0.2904871 0.2423927 0.0000000 0.0037221 0.0890385 0.0000000 0.0000000 0.0026643 0.0000000 0.0000000 0.1403844 0.1309823
  4 I   4 0.0190143 0.0500946 0.1194167 0.0379770 0.0000000 0.0686818 0.1809275 0.0048509 0.0258317 0.0390999 0.0117444 0.0743888 0.0185935 0.0125294 0.0000000 0.0626356 0.0875779 0.0000000 0.0144293 0.0547379 0.1174687
  5 V   5 0.0127511 0.0038904 0.0000000 0.0000000 0.0036482 0.0000000 0.0000000 0.0000000 0.0000000 0.2480440 0.2547605 0.0000000 0.0292241 0.0313310 0.0019901 0.0411996 0.0327710 0.0000000 0.0000000 0.2215163 0.1188735
  6 N   6 0.0246395 0.0793476 0.0693744 0.0461565 0.0019585 0.0911971 0.0531118 0.0000000 0.0507375 0.0222219 0.0091036 0.1714815 0.0000000 0.0459024 0.0000000 0.0848181 0.0910149 0.0000000 0.0248224 0.0194419 0.1146704
  7 T   7 0.0101359 0.0000000 0.0000000 0.0000000 0.0088936 0.0000000 0.0000000 0.0000000 0.0000000 0.0179067 0.0303164 0.0000000 0.0030392 0.0000000 0.0000000 0.0706556 0.6849332 0.0000000 0.0000000 0.0604294 0.1136900
  8 N   8 0.0082670 0.0000000 0.7024706 0.0000000 0.0000000 0.0000000 0.0000000 0.0041781 0.0000000 0.0000000 0.0000000 0.0155946 0.0000000 0.0000000 0.0093192 0.1114365 0.0279977 0.0000000 0.0000000 0.0043524 0.1163839
  9 V   9 0.0214212 0.0030392 0.0000000 0.0000000 0.0041635 0.0311689 0.0139887 0.0000000 0.0082052 0.0693394 0.1540267 0.0387673 0.0046250 0.0154902 0.0000000 0.0176645 0.0195098 0.0000000 0.0075222 0.4623291 0.1287391
 10 P  10 0.1005732 0.0216900 0.0419664 0.0214548 0.0094707 0.0367035 0.0138407 0.0000000 0.0000000 0.0116947 0.0199677 0.1469034 0.0000000 0.0028318 0.2348375 0.1327321 0.0449250 0.0000000 0.0000000 0.0070599 0.1533487
 11 R  11 0.1536352 0.0463320 0.0056747 0.0137288 0.0098339 0.0224344 0.0504936 0.0024808 0.0101343 0.0935787 0.1772136 0.0660446 0.0218255 0.0225663 0.0177577 0.0515596 0.0314704 0.0000000 0.0027443 0.0772857 0.1232058
 12 A  12 0.0905133 0.0028058 0.0254762 0.2011124 0.0064219 0.0155243 0.0468752 0.0221163 0.0000000 0.0341894 0.0087383 0.0235482 0.0000000 0.0020502 0.0394707 0.2144442 0.0874285 0.0000000 0.0032364 0.0472136 0.1288350
 13 S  13 0.0812685 0.0991166 0.0540186 0.1481545 0.0000000 0.0519058 0.0782288 0.0514630 0.0043865 0.0000000 0.0042552 0.1434703 0.0000000 0.0021601 0.0273153 0.1185735 0.0111082 0.0000000 0.0071039 0.0259980 0.0914732
 14 V  14 0.0639812 0.0042818 0.0156398 0.1369895 0.0035908 0.0297224 0.1517645 0.0138812 0.0043865 0.1068881 0.0467768 0.0158954 0.0041186 0.0334808 0.0036508 0.0086756 0.0162183 0.0000000 0.0000000 0.2329054 0.1071524
 15 P  15 0.0400054 0.0181168 0.0115319 0.0275460 0.0024198 0.0918788 0.0839304 0.0090310 0.0000000 0.0202123 0.0019177 0.1321576 0.0053678 0.0091079 0.2565208 0.0567882 0.0996111 0.0018406 0.0000000 0.0342826 0.0977333
 16 D  16 0.0966172 0.0311151 0.0412686 0.0990535 0.0000000 0.0570234 0.1938108 0.0049371 0.0128406 0.0117897 0.0030342 0.1359157 0.0000000 0.0293351 0.0226035 0.1147781 0.0200819 0.0000000 0.0142683 0.0197342 0.0917930
 17 G  17 0.1552809 0.0082514 0.0314155 0.1753161 0.0000000 0.0174957 0.1590912 0.1177792 0.0105974 0.0043291 0.0023241 0.0651326 0.0024446 0.0018074 0.0121087 0.0829052 0.0566888 0.0000000 0.0000000 0.0081709 0.0888612
 18 F  18 0.0347633 0.0143373 0.0079580 0.0000000 0.0049693 0.0000000 0.0058542 0.0000000 0.0000000 0.1307246 0.3140315 0.0027499 0.0030890 0.3180177 0.0000000 0.0106388 0.0291078 0.0000000 0.0000000 0.0377366 0.0860220
 19 L  19 0.0727394 0.0068328 0.0105080 0.0114329 0.0213399 0.0099238 0.0658773 0.0050163 0.0188892 0.0684350 0.4002772 0.0808006 0.0398608 0.0272421 0.0057972 0.0129154 0.0069131 0.0000000 0.0023257 0.0595884 0.0732851
 20 S  20 0.0613094 0.0266355 0.0077505 0.0156876 0.0014875 0.0434818 0.0685100 0.0077051 0.0000000 0.0120481 0.0572448 0.2825371 0.0028804 0.0000000 0.0046807 0.1889296 0.1082322 0.0000000 0.0000000 0.0403459 0.0705340
 21 E  21 0.0776497 0.0945531 0.0253378 0.1374153 0.0000000 0.0507727 0.2594244 0.0224573 0.0000000 0.0072235 0.0141667 0.1029472 0.0000000 0.0000000 0.0000000 0.0581077 0.0424965 0.0108017 0.0025412 0.0213921 0.0727131
 22 L  22 0.1322368 0.0000000 0.0000000 0.0000000 0.0157462 0.0000000 0.0017995 0.0000000 0.0000000 0.1037117 0.4187398 0.0000000 0.0175595 0.0943667 0.0000000 0.0113490 0.0588426 0.0000000 0.0025574 0.0703779 0.0727131
 23 T  23 0.0755707 0.0074884 0.0047160 0.0036309 0.0674301 0.0000000 0.0268413 0.1260002 0.0055782 0.0245859 0.0033694 0.0040888 0.0035514 0.0000000 0.0040842 0.3648949 0.1670056 0.0000000 0.0147907 0.0236601 0.0727131
 24 Q  24 0.1128710 0.0530466 0.0450885 0.0401924 0.0021061 0.0919998 0.0797550 0.0147829 0.0265152 0.0165993 0.0163034 0.2232415 0.0000000 0.0167626 0.0067621 0.0942452 0.0325484 0.0000000 0.0303177 0.0180781 0.0787843
 25 Q  25 0.2450616 0.0281795 0.0159081 0.0036378 0.0043502 0.0524422 0.0587080 0.0158028 0.0393343 0.0482706 0.1661367 0.0311332 0.0234258 0.0492161 0.0000000 0.0351227 0.0479976 0.0000000 0.0056509 0.0579912 0.0716308
 26 L  26 0.0650111 0.0078227 0.0000000 0.0000000 0.0087514 0.0000000 0.0000000 0.0044130 0.0000000 0.1990310 0.3013689 0.0000000 0.0552474 0.0286757 0.0000000 0.0058856 0.0412695 0.0036878 0.0000000 0.2057680 0.0730679
 27 A  27 0.4851179 0.0137958 0.0036914 0.0000000 0.0284044 0.0069065 0.0283710 0.0213486 0.0000000 0.0033694 0.0036456 0.0173714 0.0032202 0.0000000 0.0088097 0.2365789 0.0471900 0.0000000 0.0112389 0.0137847 0.0671556
 28 Q  28 0.0627534 0.0351441 0.0388393 0.0535798 0.0019960 0.0736111 0.1602986 0.0170907 0.0030537 0.0337100 0.0445224 0.1958257 0.0101032 0.0111744 0.0058542 0.0704546 0.0839942 0.0000000 0.0000000 0.0287144 0.0692800
 29 A  29 0.0995101 0.0557403 0.0156255 0.0070989 0.0030515 0.0245206 0.0190049 0.0123560 0.0367019 0.2492048 0.1469491 0.0127833 0.0212559 0.0142500 0.0000000 0.0443409 0.0477439 0.0037290 0.0000000 0.1205867 0.0655467
 30 T  30 0.0097431 0.0000000 0.0000000 0.0036508 0.0036359 0.0000000 0.0000000 0.0000000 0.0000000 0.0807623 0.3822880 0.0000000 0.0697851 0.0407720 0.1323902 0.0127751 0.0967756 0.0036914 0.0695788 0.0286049 0.0655467
 31 G  31 0.0121133 0.0161876 0.0736953 0.0564698 0.0027555 0.0796106 0.0289864 0.5228917 0.0096816 0.0035514 0.0000000 0.0686877 0.0000000 0.0000000 0.0068328 0.0379691 0.0168054 0.0000000 0.0000000 0.0034470 0.0603148
 32 K  32 0.0000000 0.1177759 0.0073826 0.0068328 0.0000000 0.0000000 0.0064493 0.0066762 0.0000000 0.0000000 0.0119829 0.7391303 0.0101277 0.0079183 0.0000000 0.0046250 0.0152383 0.0000000 0.0000000 0.0098575 0.0560033
 33 P  33 0.0068840 0.0112583 0.0103822 0.0335844 0.0000000 0.0024752 0.0119660 0.0030515 0.0111315 0.0000000 0.0113752 0.0267766 0.0000000 0.0000000 0.6315180 0.1490115 0.0327869 0.0000000 0.0051849 0.0000000 0.0526139
 34 P  34 0.0806153 0.0233712 0.0086854 0.0069697 0.0000000 0.0279519 0.5448880 0.0056706 0.0000000 0.0241378 0.0376516 0.0398936 0.0096867 0.0000000 0.0400577 0.0146916 0.0246924 0.0000000 0.0000000 0.0564705 0.0545660
 35 Q  35 0.0947518 0.0451295 0.0521161 0.0841485 0.0000000 0.0875574 0.0971974 0.0289816 0.0076160 0.0071180 0.0079524 0.0749924 0.0066859 0.0021643 0.0220628 0.2771481 0.0339797 0.0032162 0.0000000 0.0059960 0.0611861
 36 Y  36 0.0283480 0.1020906 0.0147556 0.0135028 0.0110779 0.0158116 0.0071353 0.0148096 0.0200823 0.0064219 0.0331586 0.0297854 0.0030394 0.0709985 0.0000000 0.0923411 0.0041772 0.0872428 0.3518717 0.0321635 0.0611861
 37 I  37 0.0089818 0.0000000 0.0000000 0.0000000 0.0281979 0.0000000 0.0000000 0.0000000 0.0000000 0.2759407 0.1440333 0.0000000 0.0704993 0.0309048 0.0000000 0.0043933 0.0210824 0.0000000 0.0000000 0.3767711 0.0391953
 38 A  38 0.1016018 0.0000000 0.0550728 0.0000000 0.0373953 0.0028259 0.0075757 0.0036014 0.0000000 0.0287855 0.0482083 0.0000000 0.4488458 0.0174466 0.0000000 0.0563017 0.0643272 0.0064219 0.0000000 0.0908498 0.0307403
 39 V  39 0.0376237 0.0000000 0.0000000 0.0000000 0.0177905 0.0000000 0.0000000 0.0045690 0.0000000 0.1189812 0.0562149 0.0000000 0.0261403 0.0000000 0.0000000 0.0208988 0.0967524 0.0000000 0.0000000 0.5834561 0.0375731
 40 H  40 0.0555502 0.0376854 0.0629527 0.0124675 0.0175727 0.0589271 0.0359612 0.0602635 0.1126692 0.0280221 0.0575542 0.0152741 0.0435049 0.0032658 0.0112942 0.1137975 0.1776727 0.0000000 0.0062761 0.0605505 0.0287385
 41 V  41 0.0078568 0.0000000 0.0000000 0.0000000 0.0020824 0.0000000 0.0058542 0.0034012 0.0000000 0.1933763 0.2838974 0.0000000 0.0115103 0.1468939 0.0000000 0.0090383 0.0021096 0.0057456 0.0351122 0.2643832 0.0287385
 42 V  42 0.0176987 0.0875393 0.0930622 0.0945223 0.0042456 0.0920878 0.2132758 0.0000000 0.0448321 0.0291052 0.0271726 0.0645340 0.0114177 0.0000000 0.0000000 0.0361091 0.0614747 0.0000000 0.0057572 0.0803699 0.0367957
 43 P  43 0.0539259 0.0073784 0.0000000 0.1922287 0.0070907 0.0231119 0.0183052 0.1004031 0.0932709 0.0000000 0.0191770 0.0116212 0.0028702 0.0043375 0.2200473 0.0633746 0.0871729 0.0000000 0.0472618 0.0163157 0.0321070
 44 D  44 0.0390377 0.0090302 0.1874345 0.2155192 0.0045044 0.0170052 0.0689897 0.2534953 0.0108255 0.0027823 0.0019642 0.0121418 0.0000000 0.0000000 0.0025414 0.1131581 0.0098276 0.0000000 0.0000000 0.0151262 0.0366165
 45 Q  45 0.1372087 0.0182393 0.0000000 0.0101153 0.0491650 0.1814253 0.0400505 0.0193676 0.0085980 0.0310590 0.0773135 0.0615655 0.0256403 0.0017075 0.0276893 0.0244965 0.0493444 0.0000000 0.0417591 0.1636626 0.0315924
 46 L  46 0.0677131 0.0824365 0.0245883 0.0579721 0.0841454 0.0513352 0.0162352 0.0192037 0.0287368 0.0267614 0.0579470 0.0496070 0.0437916 0.0117864 0.1781477 0.0838710 0.0468498 0.0056412 0.0100869 0.0183144 0.0348294
 47 M  47 0.0000000 0.0020221 0.0000000 0.0000000 0.0000000 0.0070989 0.0048147 0.0000000 0.0000000 0.1839342 0.2192966 0.0000000 0.4951000 0.0248627 0.0000000 0.0000000 0.0096341 0.0000000 0.0033281 0.0241133 0.0257953
 48 A  48 0.0566936 0.0588146 0.0033446 0.0082560 0.0334077 0.0084922 0.0039972 0.0140290 0.0182337 0.0413615 0.1176259 0.0000000 0.0422005 0.0553269 0.0000000 0.1305862 0.1601356 0.0339151 0.1270383 0.0565224 0.0300190
 49 F  49 0.0000000 0.0682254 0.0000000 0.0000000 0.0000000 0.0000000 0.0000000 0.0000000 0.0469993 0.0111579 0.1032426 0.0132980 0.0515026 0.6017607 0.0000000 0.0046014 0.0000000 0.0258100 0.0228579 0.0317656 0.0187785
 50 G  50 0.1795368 0.0421599 0.0451928 0.0077271 0.0100659 0.0323936 0.0232066 0.4777262 0.0102355 0.0070989 0.0046592 0.0319700 0.0068373 0.0043865 0.0052861 0.0759319 0.0057572 0.0000000 0.0032364 0.0024621 0.0241301
 51 G  51 0.0396789 0.0210569 0.0293663 0.0201203 0.0114459 0.0028702 0.0106952 0.7644811 0.0000000 0.0032427 0.0169377 0.0116520 0.0000000 0.0000000 0.0050784 0.0144333 0.0130422 0.0000000 0.0000000 0.0000000 0.0358989
 52 S  52 0.0114959 0.0076127 0.0753036 0.0415631 0.0000000 0.0113191 0.0428146 0.0042552 0.0077372 0.0000000 0.0133967 0.0707386 0.0075322 0.0000000 0.0103427 0.3955730 0.2599123 0.0000000 0.0000000 0.0107526 0.0296505
 53 S  53 0.0439373 0.0110709 0.0622127 0.1702383 0.0218850 0.0320497 0.1263139 0.0358589 0.0321406 0.0052564 0.0108190 0.0608481 0.0027467 0.0911062 0.0242275 0.0770365 0.1507790 0.0000000 0.0117764 0.0145019 0.0151951
 54 E  54 0.0898989 0.0187990 0.0097984 0.3241359 0.0052861 0.0296839 0.3565250 0.0181738 0.0047245 0.0101678 0.0182214 0.0167760 0.0048451 0.0032113 0.0078861 0.0206306 0.0272170 0.0000000 0.0000000 0.0167151 0.0173042
 55 P  55 0.0230773 0.0000000 0.0214787 0.0372466 0.0000000 0.0119137 0.0055935 0.0135904 0.0045690 0.0000000 0.0131588 0.0487475 0.0000000 0.0000000 0.7638337 0.0141731 0.0176324 0.0000000 0.0119695 0.0000000 0.0130159
 56 C  56 0.3166998 0.0037523 0.0056721 0.0000000 0.2948007 0.0000000 0.0000000 0.0551271 0.0061943 0.0212373 0.0388089 0.0057572 0.0324869 0.0091178 0.0000000 0.0476389 0.0562034 0.0080262 0.0217679 0.0663333 0.0103759
 57 A  57 0.5200289 0.0000000 0.0000000 0.0000000 0.1087290 0.0000000 0.0000000 0.0395207 0.0000000 0.0322917 0.0102161 0.0000000 0.0223070 0.0420834 0.0049292 0.0000000 0.0362674 0.0000000 0.1160839 0.0571670 0.0103759
 58 L  58 0.0054495 0.0095602 0.0046533 0.0000000 0.0133424 0.0711500 0.0000000 0.0000000 0.0140119 0.0979142 0.1811742 0.0048451 0.0561294 0.1754173 0.0000000 0.0262542 0.0212444 0.0046014 0.2304053 0.0734712 0.0103759
 59 C  59 0.0862303 0.0020117 0.0000000 0.0000000 0.0971063 0.0000000 0.0000000 0.0686764 0.0000000 0.1299946 0.1920823 0.0000000 0.0888228 0.0156826 0.0000000 0.0124839 0.0025757 0.0000000 0.0068328 0.2845836 0.0129170
 60 S  60 0.0069301 0.0578278 0.0655978 0.0577963 0.0111898 0.0209151 0.3344320 0.0000000 0.0339935 0.0049156 0.0191571 0.0445611 0.0071931 0.0209137 0.0000000 0.1507929 0.1041605 0.0000000 0.0129254 0.0363223 0.0103759
 61 L  61 0.0136841 0.0000000 0.0000000 0.0000000 0.0146478 0.0000000 0.0000000 0.0000000 0.0000000 0.2536215 0.3252234 0.0000000 0.0075574 0.0371984 0.0000000 0.0000000 0.0042658 0.0000000 0.0048568 0.3234249 0.0155197
 62 H  62 0.0305101 0.0817253 0.0297604 0.0134462 0.0049584 0.0408796 0.0392984 0.0131666 0.0766475 0.0306406 0.0108644 0.2069839 0.0326757 0.0257381 0.0000000 0.1346891 0.1155862 0.0000000 0.0412929 0.0577164 0.0134199
 63 S  63 0.1592248 0.0082164 0.0218875 0.0077299 0.0202159 0.0000000 0.0000000 0.0160019 0.0000000 0.0657348 0.0510109 0.0028451 0.0000000 0.0095901 0.0000000 0.5203438 0.0364391 0.0000000 0.0112092 0.0524888 0.0170618
 64 I  64 0.0041436 0.0054566 0.0000000 0.0000000 0.0026801 0.0033894 0.0070989 0.0000000 0.0040888 0.4729125 0.1947476 0.0088773 0.0182400 0.0714905 0.0000000 0.0167377 0.0344139 0.0035714 0.0476640 0.0682234 0.0362644
 65 G  65 0.0176465 0.0157843 0.0319610 0.0264807 0.0229609 0.0065129 0.0054566 0.6587429 0.0048451 0.0000000 0.0064701 0.0061364 0.0000000 0.0000000 0.0603883 0.0404786 0.0240902 0.0038695 0.0048820 0.0133741 0.0499200
 66 K  66 0.0742058 0.0340147 0.0788470 0.0254955 0.0153106 0.0173467 0.0248715 0.1804255 0.0317463 0.0039394 0.0259376 0.1293702 0.0085774 0.0000000 0.0220187 0.1142720 0.0451992 0.0000000 0.0000000 0.0967376 0.0716844
 67 I  67 0.0273361 0.0054566 0.0096805 0.0000000 0.0046592 0.0043703 0.0142736 0.0048901 0.0072510 0.2235611 0.3088381 0.0000000 0.0553671 0.0679416 0.0185873 0.0227524 0.0458276 0.0000000 0.0152575 0.1316498 0.0323001
 68 G  68 0.0546043 0.0259695 0.1064550 0.1020517 0.0099453 0.0372938 0.0344450 0.2360089 0.0075703 0.0035835 0.0021583 0.0438011 0.0000000 0.0000000 0.0558817 0.1600282 0.0879032 0.0000000 0.0000000 0.0000000 0.0323001
 69 G  69 0.1270185 0.0727184 0.0143608 0.0508926 0.0000000 0.0199266 0.0543467 0.1018665 0.0204697 0.0220024 0.0255110 0.0389922 0.0030342 0.0060074 0.3092961 0.0441285 0.0131695 0.0000000 0.0148322 0.0219909 0.0394358
 70 A  70 0.1249386 0.0239782 0.0235115 0.0979925 0.0000000 0.0431605 0.2765381 0.0348491 0.0000000 0.0363315 0.0232046 0.0403230 0.0000000 0.0000000 0.0184871 0.1239064 0.0774449 0.0000000 0.0000000 0.0199309 0.0354032
 71 Q  71 0.0860280 0.0503501 0.0493770 0.0531682 0.0128901 0.1512159 0.1305954 0.0354621 0.0110395 0.0036014 0.0574087 0.0862025 0.0086572 0.0075044 0.0042687 0.0143040 0.1018963 0.0000000 0.0151556 0.0750187 0.0458563
 72 N  72 0.0176402 0.0054566 0.5560541 0.0063894 0.0398465 0.0052861 0.0000000 0.0000000 0.0062530 0.0195019 0.0100404 0.0846459 0.0000000 0.0162258 0.0196771 0.0193214 0.0750218 0.0130724 0.0310745 0.0073520 0.0671411
 73 R  73 0.0238281 0.1395589 0.0377346 0.0320390 0.0210580 0.0335342 0.1316110 0.0417408 0.0073979 0.0284416 0.0403231 0.2778202 0.0025305 0.0037918 0.0597617 0.0336832 0.0137199 0.0000000 0.0135606 0.0168008 0.0410644
 74 S  74 0.0986181 0.1543947 0.0501387 0.0186330 0.0030072 0.0566153 0.1222735 0.0376757 0.0106824 0.0184780 0.0111883 0.2335869 0.0105142 0.0000000 0.0000000 0.0750247 0.0532044 0.0000000 0.0000000 0.0139668 0.0319980
 75 Y  75 0.0237494 0.0103990 0.0671876 0.0000000 0.0032427 0.0052861 0.0000000 0.0000000 0.1305480 0.0668179 0.2158647 0.0050784 0.0884165 0.0821079 0.0000000 0.0131633 0.0282958 0.0123988 0.1939420 0.0316788 0.0218231
 76 S  76 0.1916281 0.0000000 0.0216447 0.0048901 0.0235292 0.0000000 0.0000000 0.0191421 0.0045525 0.0456883 0.0000000 0.0043933 0.0000000 0.0000000 0.0000000 0.4032443 0.2274220 0.0000000 0.0041436 0.0278986 0.0218231
 77 K  77 0.2903174 0.0238123 0.0091024 0.0623571 0.0000000 0.0417777 0.0702833 0.0344612 0.0078481 0.0175806 0.0139527 0.2319587 0.0000000 0.0035074 0.0107211 0.0877178 0.0352175 0.0000000 0.0055718 0.0319897 0.0218231
 78 L  78 0.2203691 0.0553777 0.0233523 0.0344895 0.0000000 0.0313020 0.0869681 0.0164340 0.0200217 0.0277434 0.1829367 0.1348414 0.0145909 0.0033248 0.0128041 0.0268683 0.0416116 0.0000000 0.0045567 0.0368930 0.0255145
 79 L  79 0.0000000 0.0000000 0.0000000 0.0000000 0.0000000 0.0000000 0.0000000 0.0000000 0.0000000 0.3771542 0.3490192 0.0000000 0.0394170 0.1443368 0.0000000 0.0000000 0.0000000 0.0000000 0.0038055 0.0644440 0.0218231
 80 C  80 0.0764961 0.0056721 0.0000000 0.0000000 0.2221122 0.1110850 0.0064219 0.0274231 0.0090337 0.0104663 0.0298768 0.0048289 0.0372857 0.1292162 0.0025414 0.1057685 0.1393383 0.0000000 0.0517013 0.0089093 0.0218231
 81 G  81 0.1098602 0.0331639 0.0387114 0.1458673 0.0077310 0.0519605 0.2318467 0.0684517 0.0089935 0.0042456 0.0032937 0.1176495 0.0043404 0.0000000 0.0163100 0.0631414 0.0673240 0.0000000 0.0000000 0.0000000 0.0271092
 82 L  82 0.0799559 0.0033686 0.0000000 0.0077766 0.0047261 0.0116331 0.0403864 0.0035564 0.0680968 0.1372114 0.2146488 0.0084527 0.0160023 0.2215240 0.0036698 0.0077148 0.0366264 0.0135397 0.0417369 0.0522642 0.0271092
 83 L  83 0.0192638 0.0000000 0.0000000 0.0046592 0.0214472 0.0000000 0.0000000 0.0000000 0.0000000 0.2022774 0.4514284 0.0000000 0.0783818 0.0750077 0.0000000 0.0000000 0.0068328 0.0048147 0.0283612 0.0804165 0.0271092
 84 A  84 0.0795301 0.0237875 0.0689754 0.0087191 0.0123250 0.1200063 0.2348750 0.0160635 0.0584812 0.0020399 0.0183987 0.0714264 0.0109931 0.0028318 0.0000000 0.0976391 0.1053650 0.0000000 0.0245369 0.0127481 0.0312580
 85 E  85 0.0668563 0.0168281 0.0477060 0.1218280 0.0000000 0.0892837 0.2332556 0.0258402 0.0026783 0.0088521 0.0033686 0.2221924 0.0048451 0.0000000 0.0000000 0.0498420 0.0748225 0.0000000 0.0000000 0.0024198 0.0293812
 86 R  86 0.0517626 0.0436596 0.0473392 0.0047000 0.0033894 0.0608085 0.2504228 0.0066631 0.1034764 0.0548539 0.0159441 0.1432496 0.0027511 0.0043933 0.0097043 0.0281410 0.0657730 0.0000000 0.0092546 0.0582937 0.0354199
 87 L  87 0.0114832 0.0000000 0.0000000 0.0000000 0.0171700 0.0000000 0.0000000 0.0000000 0.0000000 0.0407757 0.7577307 0.0000000 0.0230716 0.0517542 0.0000000 0.0000000 0.0512262 0.0000000 0.0041781 0.0051617 0.0374486
 88 R  88 0.0503869 0.0251761 0.0463875 0.0490355 0.0062464 0.0129738 0.0064184 0.5040346 0.0688768 0.0000000 0.0053578 0.0909092 0.0000000 0.0026766 0.0088208 0.0778984 0.0066516 0.0000000 0.0072587 0.0000000 0.0308910
 89 I  89 0.0024229 0.0000000 0.0070989 0.0000000 0.0000000 0.0000000 0.0000000 0.0000000 0.0000000 0.4544150 0.1220566 0.0000000 0.0065564 0.0057281 0.0000000 0.0000000 0.0118678 0.0000000 0.0140089 0.3432614 0.0325839
 90 S  90 0.0667358 0.0066123 0.0286107 0.0963662 0.0016278 0.0350390 0.0580977 0.0398642 0.0091006 0.0000000 0.0284020 0.0576723 0.0000000 0.0000000 0.3880791 0.1192365 0.0254270 0.0000000 0.0000000 0.0065448 0.0325839
 91 P  91 0.1231398 0.0216575 0.0150531 0.0064236 0.0025815 0.0833905 0.0244902 0.0704501 0.0030394 0.0237390 0.0236619 0.1436027 0.0018641 0.0029995 0.3031671 0.0870032 0.0094189 0.0000000 0.0073446 0.0143892 0.0325839
 92 D  92 0.0676686 0.0164059 0.1378029 0.3682364 0.0043933 0.0217712 0.1208104 0.0319334 0.0120353 0.0000000 0.0062990 0.0208613 0.0031223 0.0024198 0.0000000 0.0955679 0.0467526 0.0000000 0.0080573 0.0022008 0.0336616
 93 R  93 0.0300948 0.7173509 0.0447645 0.0172912 0.0021621 0.0337959 0.0000000 0.0000000 0.0418355 0.0000000 0.0000000 0.0300457 0.0000000 0.0000000 0.0038904 0.0302199 0.0000000 0.0036456 0.0023083 0.0070989 0.0354961
 94 V  94 0.0107909 0.0000000 0.0065956 0.0000000 0.0419160 0.0186570 0.0000000 0.1576000 0.0000000 0.3134299 0.0274080 0.0000000 0.0611202 0.0822842 0.0000000 0.0128562 0.0202572 0.0000000 0.0035670 0.1964617 0.0470562
 95 Y  95 0.0000000 0.0050784 0.0096440 0.0000000 0.0036456 0.0000000 0.0041285 0.0000000 0.0038695 0.0674066 0.0559310 0.0098323 0.0217719 0.1145439 0.0000000 0.0098249 0.0126704 0.0000000 0.5446715 0.0809048 0.0560766
 96 I  96 0.0028451 0.0000000 0.0000000 0.0000000 0.0027702 0.0000000 0.0000000 0.0020674 0.0000000 0.5241385 0.1302064 0.0000000 0.0448134 0.0247801 0.0000000 0.0000000 0.0202986 0.0000000 0.0000000 0.1883122 0.0597680
 97 N  97 0.0490253 0.1166855 0.1376865 0.0121548 0.0062064 0.0342776 0.0941935 0.0094253 0.0276919 0.0219199 0.0565252 0.1586077 0.0097493 0.0081404 0.0000000 0.0623566 0.0866427 0.0000000 0.0109844 0.0362231 0.0615039
 98 Y  98 0.0000000 0.0000000 0.0000000 0.0000000 0.0064219 0.0000000 0.0000000 0.0000000 0.0036878 0.0500591 0.0450053 0.0000000 0.0199713 0.5791244 0.0000000 0.0027657 0.0000000 0.0000000 0.1996043 0.0195532 0.0738068
 99 Y  99 0.0553120 0.0256994 0.0280760 0.0635353 0.0048745 0.0577402 0.0839258 0.0067706 0.0756496 0.0460328 0.0323254 0.0049893 0.0021635 0.0785046 0.0000000 0.0691572 0.0767112 0.0042331 0.1092203 0.0952646 0.0798147
100 D 100 0.0446388 0.0137666 0.0774586 0.3843112 0.0000000 0.0025187 0.1293492 0.0033694 0.0097043 0.0068328 0.0025412 0.0000000 0.0000000 0.0140935 0.1427300 0.0385243 0.0104513 0.0000000 0.0047000 0.0099685 0.1050417
101 M 101 0.0729413 0.0128338 0.0083145 0.0000000 0.0263662 0.0098612 0.0034176 0.0000000 0.0100256 0.1215752 0.1672517 0.0224850 0.1118561 0.0100758 0.0544021 0.0298575 0.0353827 0.0000000 0.0108525 0.1863658 0.1061353
102 N 102 0.0772403 0.0109508 0.0949299 0.0955200 0.0040888 0.0483949 0.1166225 0.0396209 0.0000000 0.0036895 0.0024589 0.0697685 0.0000000 0.0000000 0.1681028 0.0977085 0.0443310 0.0000000 0.0034801 0.0029220 0.1201707
103 A 103 0.2208534 0.1044519 0.0041544 0.0073592 0.0000000 0.0107884 0.0943663 0.0888790 0.0000000 0.0036290 0.0081063 0.0111700 0.0074664 0.0095074 0.1531194 0.0283989 0.0498604 0.0000000 0.0095001 0.0145450 0.1738443
104 A 104 0.1664647 0.0020123 0.0186376 0.0429796 0.0033894 0.0437516 0.1475522 0.0221889 0.0725143 0.0050776 0.0188866 0.0407226 0.0016510 0.0090557 0.0121565 0.1247746 0.0297955 0.0426110 0.0191356 0.0079234 0.1687194
105 N 105 0.0047813 0.0095256 0.3169708 0.1208309 0.0213042 0.0684768 0.0324586 0.0075356 0.0601788 0.0036698 0.0522921 0.0000000 0.0414868 0.0456746 0.0000000 0.0473914 0.0155395 0.0018105 0.0154321 0.0000000 0.1346406
106 V 106 0.0027254 0.0000000 0.0000000 0.0000000 0.0242231 0.0025932 0.0000000 0.0000000 0.0000000 0.1094448 0.0720053 0.0000000 0.0360812 0.1214974 0.0000000 0.0031223 0.0117291 0.2917246 0.0183496 0.1853294 0.1211746
107 G 107 0.2071363 0.0000000 0.0000000 0.0097043 0.0000000 0.0064219 0.0000000 0.6424014 0.0000000 0.0000000 0.0000000 0.0000000 0.0000000 0.0000000 0.0000000 0.0118426 0.0000000 0.0000000 0.0000000 0.0031653 0.1193281
108 W 108 0.0077590 0.0107523 0.0107736 0.0000000 0.0227874 0.0100963 0.0000000 0.0043524 0.0105369 0.0325246 0.0045309 0.0578478 0.0289886 0.1099020 0.0000000 0.0116189 0.0699415 0.3202395 0.1064188 0.0270361 0.1538934
109 N 109 0.0074054 0.0090761 0.4914521 0.0545631 0.0000000 0.0413309 0.0051810 0.0769119 0.0000000 0.0031604 0.0072803 0.0862681 0.0026719 0.0000000 0.0057572 0.0413451 0.0000000 0.0000000 0.0000000 0.0000000 0.1675965
110 N 110 0.0092544 0.0085902 0.0210003 0.0062959 0.0000000 0.0000000 0.0045525 0.6946089 0.0086624 0.0000000 0.0000000 0.0127277 0.0000000 0.0000000 0.0000000 0.0423582 0.0000000 0.0000000 0.0097587 0.0000000 0.1821909
111 S 111 0.0177720 0.0635582 0.0182627 0.0091495 0.0000000 0.0048700 0.0000000 0.0536672 0.0044007 0.0139847 0.0000000 0.0947335 0.0128093 0.0046520 0.0000000 0.1920388 0.2410778 0.0000000 0.0093714 0.0152303 0.2444217
112 T 112 0.0045567 0.0000000 0.0779732 0.0000000 0.0000000 0.0000000 0.0000000 0.0000000 0.0000000 0.0053783 0.0265668 0.0000000 0.0044984 0.0000000 0.0045525 0.0082606 0.5415170 0.0000000 0.0000000 0.0479388 0.2787576
113 F 113 0.0030072 0.0000000 0.0000000 0.0000000 0.0000000 0.0000000 0.0000000 0.0045619 0.0000000 0.0534934 0.0062957 0.0000000 0.0720402 0.4621639 0.0000000 0.0000000 0.0084024 0.0000000 0.0070254 0.0398897 0.3431203
114 A 114 0.1853854 0.0000000 0.0000000 0.0000000 0.0000000 0.0000000 0.0000000 0.1250067 0.0000000 0.0000000 0.0000000 0.0000000 0.0000000 0.0000000 0.0000000 0.0000000 0.0327132 0.0000000 0.0000000 0.0000000 0.6568946
