  140         A         R         N         D         C         Q         E         G         H         I         L         K         M         F         P         S         T         W         Y         V         X    
  1 P   1 0.0000000 0.0000000 0.0000000 0.0000000 0.0000000 0.0000000 0.0000000 0.0000000 0.0000000 0.0000000 0.0000000 0.0000000 0.0000000 0.0000000 0.4502781 0.0000000 0.0000000 0.0000000 0.0000000 0.0000000 0.5497219
  2 V   2 0.0120503 0.0194846 0.0000000 0.0000000 0.0000000 0.0000000 0.0000000 0.0000000 0.0000000 0.0192338 0.0513231 0.0000000 0.0000000 0.0576527 0.0000000 0.0000000 0.0000000 0.0000000 0.0000000 0.3527856 0.4874698
  3 T   3 0.0920342 0.0000000 0.0000000 0.0000000 0.0299900 0.0192338 0.0000000 0.0000000 0.0000000 0.0451917 0.0185320 0.0083532 0.0000000 0.0897972 0.0160093 0.0000000 0.1133031 0.0000000 0.0000000 0.1587175 0.4088380
  4 E   4 0.1055517 0.0000000 0.0000000 0.0120503 0.0000000 0.0000000 0.1811917 0.0000000 0.0000000 0.0587583 0.0229824 0.0000000 0.0000000 0.1265046 0.0000000 0.0000000 0.0000000 0.0000000 0.0522176 0.0120467 0.4286967
  5 T   5 0.0000000 0.0000000 0.0699529 0.0192338 0.0000000 0.0000000 0.0000000 0.0731383 0.0000000 0.0185320 0.0000000 0.0708050 0.0454830 0.0000000 0.2001751 0.0000000 0.0903206 0.0000000 0.0000000 0.0252144 0.3871449
  6 V   6 0.0973881 0.0111211 0.0000000 0.0000000 0.0000000 0.0361148 0.0120503 0.0147764 0.0000000 0.0000000 0.0429724 0.0000000 0.0073408 0.0000000 0.0661516 0.0000000 0.1367838 0.0000000 0.0000000 0.2356077 0.3396930
  7 D   7 0.0406801 0.0705105 0.0231714 0.0864794 0.0000000 0.0000000 0.1293469 0.0774351 0.0533252 0.0230634 0.0000000 0.0045191 0.0000000 0.0406328 0.0192338 0.0198587 0.0000000 0.0000000 0.0000000 0.1021426 0.3096011
  8 G   8 0.0722992 0.0902622 0.0132863 0.0000000 0.0000000 0.1168638 0.0303032 0.1504224 0.0000000 0.0104693 0.0134006 0.0105442 0.0000000 0.0000000 0.0805017 0.0381116 0.0080469 0.0000000 0.0299900 0.0536891 0.2818095
  9 Q   9 0.0404543 0.0155862 0.0091470 0.0875626 0.0000000 0.1340260 0.0971857 0.0605725 0.0000000 0.0307066 0.0000000 0.0000000 0.0194846 0.0000000 0.1258296 0.0712741 0.0000000 0.0000000 0.0000000 0.0000000 0.3081706
 10 G  10 0.1511314 0.0484535 0.0301294 0.0801027 0.0000000 0.0214217 0.0455021 0.2290858 0.0000000 0.0000000 0.0126740 0.0266052 0.0000000 0.0000000 0.0406992 0.0085131 0.0000000 0.0000000 0.0000000 0.0000000 0.3056819
 11 Q  11 0.0549987 0.0769608 0.0535921 0.0147764 0.0000000 0.1633621 0.1030110 0.0947526 0.0151176 0.0000000 0.0000000 0.0000000 0.0000000 0.0000000 0.0160093 0.0000000 0.0658663 0.0000000 0.0000000 0.0000000 0.3415529
 12 A  12 0.0541088 0.0190633 0.0656795 0.0147764 0.0000000 0.0697341 0.0950302 0.1469391 0.0000000 0.0000000 0.0171379 0.0611275 0.0000000 0.0000000 0.0450089 0.0104693 0.0000000 0.0000000 0.0000000 0.0657112 0.3352138
 13 W  13 0.0627366 0.0669856 0.0230634 0.0299900 0.0000000 0.1433816 0.0428317 0.1328567 0.0000000 0.0000000 0.0630761 0.0000000 0.0000000 0.0246708 0.0518574 0.0000000 0.0280627 0.0281738 0.0000000 0.0194743 0.2828393
 14 R  14 0.0682355 0.3172099 0.0000000 0.0000000 0.0202680 0.0126740 0.0000000 0.0000000 0.0000000 0.0194846 0.0151176 0.0000000 0.0000000 0.0000000 0.1723290 0.0000000 0.0492729 0.0000000 0.0233352 0.0000000 0.3020731
 15 H  15 0.0307066 0.0849462 0.0111211 0.0000000 0.0000000 0.0661434 0.0494746 0.0357374 0.0654385 0.0313356 0.0000000 0.0000000 0.0000000 0.0072504 0.0415518 0.0185320 0.0198587 0.0000000 0.0933842 0.1424463 0.3020731
 16 H  16 0.0000000 0.0233352 0.0000000 0.0091470 0.0259350 0.0000000 0.0102829 0.0000000 0.1757014 0.0000000 0.0000000 0.0000000 0.0000000 0.0072504 0.0000000 0.0000000 0.0000000 0.3901687 0.1787992 0.0000000 0.1793802
 17 N  17 0.0836547 0.0237950 0.0204785 0.0000000 0.0000000 0.0541994 0.1835039 0.0000000 0.0000000 0.0432028 0.0000000 0.0686060 0.0000000 0.0000000 0.0000000 0.0291883 0.2717117 0.0000000 0.0000000 0.0350291 0.1866306
 18 G  18 0.0376848 0.0187249 0.0000000 0.0000000 0.0000000 0.0484535 0.0000000 0.0705790 0.0160093 0.0000000 0.0000000 0.0168811 0.0000000 0.0198587 0.5617452 0.0187552 0.0119281 0.0000000 0.0000000 0.0000000 0.1793802
 19 F  19 0.0000000 0.0000000 0.0000000 0.0000000 0.0000000 0.0000000 0.0000000 0.0000000 0.0000000 0.1639477 0.4074279 0.0000000 0.0000000 0.0757875 0.0259796 0.0000000 0.0246708 0.0000000 0.0000000 0.1228064 0.1793802
 20 D  20 0.0000000 0.0000000 0.0539074 0.2465238 0.0000000 0.0233352 0.1552665 0.0000000 0.0000000 0.0000000 0.0000000 0.0266032 0.0000000 0.0000000 0.2232667 0.0574287 0.0342882 0.0000000 0.0000000 0.0000000 0.1793802
 21 F  21 0.0000000 0.0000000 0.0000000 0.0000000 0.0000000 0.0510258 0.0000000 0.0000000 0.0230634 0.0686545 0.0857679 0.0000000 0.0342882 0.1676272 0.1692797 0.0319054 0.0000000 0.0302909 0.1587167 0.0000000 0.1793802
 22 A  22 0.0641078 0.0289314 0.0416650 0.0000000 0.0000000 0.0369966 0.0000000 0.0192338 0.0000000 0.0000000 0.0192424 0.5276550 0.0000000 0.0000000 0.0000000 0.0155862 0.0391743 0.0000000 0.0000000 0.0280271 0.1793802
 23 V  23 0.0203999 0.0185320 0.0139293 0.0992230 0.0000000 0.1313540 0.0484535 0.0229824 0.0000000 0.0323640 0.1230341 0.0000000 0.0797301 0.0722077 0.0000000 0.0000000 0.0682994 0.0000000 0.0126740 0.0847333 0.1720833
 24 I  24 0.0000000 0.0000000 0.0000000 0.0000000 0.0000000 0.0000000 0.0000000 0.0000000 0.0000000 0.3783254 0.2941660 0.0000000 0.0000000 0.0000000 0.0000000 0.0000000 0.0000000 0.0000000 0.0000000 0.1676213 0.1598872
 25 K  25 0.0530970 0.0354396 0.0000000 0.0000000 0.0000000 0.0358203 0.0476563 0.0000000 0.0000000 0.0000000 0.0000000 0.5281853 0.0000000 0.0000000 0.0246708 0.0192338 0.0960098 0.0000000 0.0000000 0.0000000 0.1598872
 26 E  26 0.0301960 0.1307511 0.0000000 0.0975960 0.0000000 0.0194846 0.3631139 0.0220518 0.0233352 0.0000000 0.0000000 0.0476563 0.0246708 0.0000000 0.0000000 0.0535781 0.0185320 0.0000000 0.0000000 0.0091470 0.1598872
 27 L  27 0.0000000 0.0000000 0.0000000 0.0000000 0.0000000 0.0000000 0.0000000 0.0000000 0.0000000 0.1358108 0.5895343 0.0000000 0.0335401 0.0283808 0.0000000 0.0045552 0.0000000 0.0000000 0.0000000 0.0482916 0.1598872
 28 K  28 0.2094353 0.0744276 0.0000000 0.0000000 0.0327242 0.0378399 0.0000000 0.0000000 0.0139293 0.0229824 0.0000000 0.4077698 0.0000000 0.0183016 0.0000000 0.0120467 0.0000000 0.0000000 0.0000000 0.0240614 0.1464818
 29 T  29 0.0453316 0.0000000 0.0299900 0.0839631 0.0000000 0.0230634 0.2822778 0.0115825 0.0000000 0.0233152 0.0000000 0.2068248 0.0278800 0.0000000 0.0000000 0.0434598 0.0758301 0.0000000 0.0000000 0.0000000 0.1464818
 30 A  30 0.5266118 0.0000000 0.0000000 0.0000000 0.0000000 0.0000000 0.0000000 0.0364926 0.0000000 0.0120467 0.0000000 0.0000000 0.0000000 0.0000000 0.0000000 0.1586466 0.0923163 0.0000000 0.0000000 0.0274041 0.1464818
 31 A  31 0.0754019 0.0000000 0.0000000 0.0000000 0.1461701 0.0510258 0.0000000 0.0000000 0.0000000 0.0686532 0.0000000 0.0000000 0.0111211 0.0000000 0.0000000 0.0246708 0.0000000 0.0000000 0.0000000 0.4817237 0.1412334
 32 S  32 0.0817874 0.2213417 0.0198587 0.0000000 0.0000000 0.0672188 0.0229824 0.0115825 0.0072969 0.0000000 0.0000000 0.2184193 0.0000000 0.0000000 0.0000000 0.0796267 0.0933889 0.0000000 0.0000000 0.0352633 0.1412334
 33 Q  33 0.0218654 0.0000000 0.0260208 0.1238562 0.0000000 0.1660564 0.1309310 0.0000000 0.0209815 0.0000000 0.0557026 0.1124117 0.0000000 0.0000000 0.0000000 0.0275599 0.1733810 0.0000000 0.0000000 0.0000000 0.1412334
 34 Y  34 0.0000000 0.0000000 0.0000000 0.0000000 0.0000000 0.0000000 0.0247330 0.0314412 0.0185320 0.0000000 0.0000000 0.1430537 0.0147764 0.0661434 0.0000000 0.0246708 0.0000000 0.0000000 0.5354160 0.0000000 0.1412334
 35 G  35 0.0000000 0.0000000 0.0000000 0.0000000 0.0000000 0.0000000 0.0000000 0.8587666 0.0000000 0.0000000 0.0000000 0.0000000 0.0000000 0.0000000 0.0000000 0.0000000 0.0000000 0.0000000 0.0000000 0.0000000 0.1412334
 36 A  36 0.0392948 0.0788262 0.0000000 0.0000000 0.0084668 0.0183016 0.0000000 0.0000000 0.0000000 0.0627161 0.1800253 0.0000000 0.0000000 0.0000000 0.3042986 0.0506058 0.0667542 0.0000000 0.0000000 0.0595830 0.1311274
 37 T  37 0.0052484 0.1075923 0.1600470 0.0582886 0.0000000 0.0277682 0.0719769 0.0000000 0.0463986 0.0132863 0.0299900 0.0229824 0.0178075 0.0000000 0.0000000 0.0568461 0.2506403 0.0000000 0.0000000 0.0000000 0.1311274
 38 A  38 0.3300258 0.0000000 0.0000000 0.0000000 0.0000000 0.0000000 0.0000000 0.0297675 0.0000000 0.0000000 0.0219592 0.0000000 0.0000000 0.0000000 0.0000000 0.4727247 0.0143954 0.0000000 0.0000000 0.0000000 0.1311274
 39 P  39 0.0709424 0.0160093 0.0776645 0.0000000 0.0000000 0.0000000 0.0510258 0.0000000 0.0000000 0.0000000 0.0111211 0.0000000 0.0000000 0.0000000 0.5753328 0.0483175 0.0083532 0.0000000 0.0101060 0.0000000 0.1311274
 40 Y  40 0.0000000 0.0000000 0.0000000 0.0072969 0.0000000 0.0000000 0.0000000 0.0000000 0.0000000 0.0923699 0.0424671 0.0000000 0.0142577 0.3086562 0.0000000 0.0000000 0.0000000 0.0000000 0.3735502 0.0302745 0.1311274
 41 T  41 0.0310671 0.0000000 0.0000000 0.0000000 0.0326392 0.0000000 0.0000000 0.0000000 0.0000000 0.0322741 0.0000000 0.0000000 0.0105576 0.1501242 0.0000000 0.0101060 0.5201664 0.0000000 0.0000000 0.0819380 0.1311274
 42 L  42 0.0000000 0.0976244 0.0000000 0.0000000 0.0000000 0.0888716 0.0246708 0.0000000 0.0000000 0.0651068 0.1966209 0.1111634 0.1404220 0.0000000 0.0000000 0.0337423 0.0359450 0.0000000 0.0000000 0.0747054 0.1311274
 43 A  43 0.3650908 0.0000000 0.0775513 0.0000000 0.0000000 0.0977588 0.0326392 0.0670352 0.0000000 0.0096984 0.0072959 0.0000000 0.0000000 0.0000000 0.0134006 0.0698795 0.0723129 0.0000000 0.0000000 0.0562100 0.1311274
 44 I  44 0.0489584 0.0000000 0.0000000 0.0000000 0.0000000 0.1171354 0.0892115 0.0115825 0.0000000 0.0790029 0.3266162 0.0000000 0.0267296 0.0326392 0.0000000 0.0000000 0.0000000 0.0000000 0.0000000 0.1369969 0.1311274
 45 V  45 0.0147968 0.0000000 0.0000000 0.0000000 0.0000000 0.0000000 0.0000000 0.0000000 0.0000000 0.0829937 0.5264866 0.0000000 0.0111211 0.0000000 0.0000000 0.0000000 0.0071353 0.0000000 0.0000000 0.2263391 0.1311274
 46 E  46 0.0000000 0.0519580 0.0000000 0.3160028 0.0000000 0.0000000 0.3869420 0.0000000 0.0233352 0.0000000 0.0000000 0.0705264 0.0000000 0.0000000 0.0000000 0.0000000 0.0294147 0.0000000 0.0000000 0.0000000 0.1218210
 47 S  47 0.2411864 0.0735704 0.0754053 0.0000000 0.0000000 0.0441554 0.0000000 0.0567006 0.0000000 0.0299900 0.0000000 0.0000000 0.0147764 0.0000000 0.0000000 0.2239462 0.1184483 0.0000000 0.0000000 0.0000000 0.1218210
 48 V  48 0.0000000 0.0000000 0.0000000 0.0000000 0.0000000 0.0289314 0.0000000 0.0000000 0.0000000 0.1300501 0.4959735 0.0000000 0.0000000 0.0678552 0.0077015 0.0000000 0.0000000 0.0806451 0.0000000 0.0670222 0.1218210
 49 A  49 0.2820861 0.0000000 0.0227830 0.0171379 0.0000000 0.0220417 0.0332593 0.0882917 0.0194846 0.0000000 0.0000000 0.0000000 0.1128407 0.0000000 0.0000000 0.2472986 0.0210272 0.0000000 0.0000000 0.0119281 0.1218210
 50 D  50 0.0656488 0.0812434 0.0859374 0.0642387 0.0000000 0.0615359 0.0433270 0.1568632 0.0000000 0.0000000 0.0000000 0.0000000 0.0000000 0.0000000 0.0000000 0.2046964 0.1146883 0.0000000 0.0000000 0.0000000 0.1218210
 51 N  51 0.0292956 0.0966234 0.1375544 0.0460419 0.0000000 0.1110223 0.0151176 0.0369117 0.0722025 0.0277407 0.0085131 0.0155862 0.0367254 0.0209319 0.0000000 0.1547588 0.0104693 0.0000000 0.0397869 0.0105442 0.1301742
 52 W  52 0.1212417 0.0639293 0.0278800 0.0333679 0.0613847 0.0000000 0.0510258 0.0331694 0.0119281 0.0000000 0.0246708 0.0000000 0.0000000 0.0185320 0.1220056 0.0201854 0.0855487 0.1810273 0.0139293 0.0000000 0.1301742
 53 L  53 0.0000000 0.0000000 0.0000000 0.0000000 0.0000000 0.0246708 0.0000000 0.0000000 0.0000000 0.0151176 0.5645555 0.0000000 0.2080507 0.0000000 0.0000000 0.0000000 0.0000000 0.0000000 0.0510258 0.0233352 0.1132444
 54 T  54 0.0000000 0.0000000 0.0000000 0.0000000 0.0000000 0.0000000 0.0000000 0.0000000 0.0000000 0.0420853 0.2124122 0.0000000 0.0000000 0.0000000 0.0493638 0.0000000 0.4079784 0.0000000 0.0000000 0.1361613 0.1519990
 55 P  55 0.0000000 0.0000000 0.0000000 0.0000000 0.0000000 0.0484535 0.0000000 0.0000000 0.0246708 0.0126740 0.0160093 0.0000000 0.0000000 0.0000000 0.7519561 0.0268765 0.0000000 0.0000000 0.0000000 0.0000000 0.1193598
 56 T  56 0.1337883 0.0000000 0.1064978 0.0101060 0.0000000 0.0000000 0.0230634 0.0139293 0.1691063 0.0000000 0.0119281 0.0147682 0.0000000 0.0849152 0.0000000 0.1247055 0.0536812 0.0000000 0.1341509 0.0000000 0.1193598
 57 D  57 0.0000000 0.0000000 0.0000000 0.8401421 0.0000000 0.0000000 0.0404981 0.0000000 0.0000000 0.0000000 0.0000000 0.0000000 0.0000000 0.0000000 0.0000000 0.0000000 0.0000000 0.0000000 0.0000000 0.0000000 0.1193598
 58 W  58 0.0000000 0.0132825 0.0000000 0.0000000 0.0198587 0.0000000 0.0000000 0.0000000 0.0000000 0.1260559 0.0285871 0.0000000 0.0354396 0.0326392 0.0000000 0.0000000 0.0000000 0.5027895 0.0000000 0.1128407 0.1285068
 59 N  59 0.0104693 0.0993817 0.0281738 0.0289314 0.0000000 0.0974513 0.1259435 0.0000000 0.0147764 0.0527368 0.0000000 0.1391480 0.0188844 0.0513641 0.0000000 0.0235654 0.1197083 0.0000000 0.0223588 0.0386000 0.1285068
 60 T  60 0.0429724 0.0605834 0.1989007 0.0147682 0.0000000 0.1509235 0.0000000 0.0336181 0.0198587 0.0449856 0.0126740 0.0209137 0.0105442 0.0476563 0.0000000 0.0552331 0.1094078 0.0000000 0.0484535 0.0000000 0.1285068
 61 L  61 0.0000000 0.0000000 0.0000000 0.0000000 0.0000000 0.0000000 0.0000000 0.0000000 0.0000000 0.1183646 0.5738168 0.0000000 0.0000000 0.0000000 0.0115825 0.0000000 0.0550859 0.0000000 0.0000000 0.1118580 0.1292922
 62 V  62 0.3809744 0.0000000 0.0000000 0.0000000 0.0117589 0.0000000 0.0000000 0.0333679 0.0000000 0.0000000 0.0246708 0.0000000 0.1358232 0.0818034 0.0000000 0.0439393 0.0000000 0.0000000 0.0000000 0.1447340 0.1429282
 63 R  63 0.0000000 0.3742361 0.0000000 0.0000000 0.0085131 0.0132825 0.0000000 0.0160093 0.0120467 0.0000000 0.0183016 0.3387642 0.0000000 0.0000000 0.0000000 0.0560594 0.0198587 0.0000000 0.0000000 0.0000000 0.1429282
 64 A  64 0.3878455 0.0000000 0.0000000 0.0000000 0.0657940 0.0000000 0.0000000 0.0000000 0.0000000 0.0194846 0.0000000 0.0000000 0.1049989 0.0000000 0.0000000 0.1133463 0.0422175 0.0000000 0.0000000 0.1233849 0.1429282
 65 V  65 0.1191380 0.0000000 0.0000000 0.0000000 0.1557205 0.0000000 0.0000000 0.0000000 0.0000000 0.1622180 0.1142476 0.0000000 0.0000000 0.0280563 0.0000000 0.0491666 0.0267045 0.0000000 0.0000000 0.2018203 0.1429282
 66 L  66 0.0000000 0.0000000 0.0000000 0.0000000 0.0000000 0.0000000 0.0000000 0.0000000 0.0000000 0.0327242 0.7966893 0.0000000 0.0000000 0.0000000 0.0142577 0.0000000 0.0000000 0.0000000 0.0000000 0.0134006 0.1429282
 67 S  67 0.0261698 0.0000000 0.0496334 0.0333679 0.0000000 0.0000000 0.0353819 0.1077937 0.0000000 0.0000000 0.0364296 0.0229824 0.0000000 0.0000000 0.0215334 0.3782645 0.1377634 0.0000000 0.0000000 0.0000000 0.1506799
 68 G  68 0.0000000 0.0766069 0.0000000 0.0198587 0.0000000 0.0183016 0.0000000 0.2046886 0.0000000 0.0000000 0.0155862 0.0233352 0.0697836 0.0000000 0.3653234 0.0691072 0.0000000 0.0000000 0.0000000 0.0000000 0.1374085
 69 G  69 0.2117413 0.0000000 0.0000000 0.0000000 0.0000000 0.0326392 0.0000000 0.3961182 0.0000000 0.0000000 0.0000000 0.0000000 0.0000000 0.0000000 0.0246708 0.0944548 0.0484535 0.0000000 0.0000000 0.0545138 0.1374085
 70 D  70 0.0000000 0.0000000 0.0000000 0.1928195 0.0233352 0.3237520 0.1142476 0.0451268 0.0000000 0.0000000 0.0000000 0.0719404 0.0194846 0.0000000 0.0421608 0.0297247 0.0000000 0.0000000 0.0000000 0.0000000 0.1374085
 71 H  71 0.0194846 0.0000000 0.0372569 0.0000000 0.0000000 0.0233352 0.0000000 0.0000000 0.0397563 0.0000000 0.0810927 0.0000000 0.0333679 0.1969261 0.0000000 0.0000000 0.0000000 0.0000000 0.4236200 0.0000000 0.1451602
 72 L  72 0.1202787 0.0000000 0.0000000 0.0000000 0.0000000 0.0000000 0.0147682 0.0000000 0.0000000 0.0952867 0.3735800 0.0000000 0.0868466 0.0155862 0.0000000 0.0246708 0.0350291 0.0000000 0.0000000 0.0887934 0.1451602
 73 L  73 0.0171379 0.0000000 0.0000000 0.0356447 0.0000000 0.0938026 0.1016320 0.0000000 0.0000000 0.0776282 0.4171675 0.0000000 0.0062091 0.0000000 0.0000000 0.0126740 0.0256881 0.0000000 0.0000000 0.0672558 0.1451602
 74 W  74 0.0000000 0.0000000 0.0000000 0.0000000 0.0000000 0.0000000 0.0000000 0.0000000 0.0000000 0.0000000 0.0000000 0.0000000 0.0000000 0.0885147 0.0000000 0.0062070 0.0000000 0.7684895 0.0000000 0.0000000 0.1367889
 75 K  75 0.0083713 0.1885646 0.0160093 0.0317868 0.0000000 0.0326392 0.1051451 0.0000000 0.0000000 0.0000000 0.0271533 0.3223618 0.0788469 0.0000000 0.0000000 0.0217541 0.0000000 0.0000000 0.0120467 0.0185320 0.1367889
 76 S  76 0.2938635 0.0000000 0.0147682 0.1085484 0.0000000 0.0333679 0.0229824 0.0042923 0.0000000 0.0000000 0.0198587 0.0000000 0.0472463 0.0000000 0.0000000 0.2068019 0.0630279 0.0000000 0.0000000 0.0484535 0.1367889
 77 E  77 0.2087948 0.0000000 0.0000000 0.0440490 0.0000000 0.0484535 0.2745500 0.0000000 0.0000000 0.0000000 0.1014901 0.0346269 0.0000000 0.0268429 0.0000000 0.0246708 0.0000000 0.0864468 0.0132863 0.0000000 0.1367889
 78 F  78 0.0000000 0.0144867 0.0365488 0.0000000 0.0000000 0.0080469 0.0000000 0.0000000 0.0000000 0.0085131 0.0336181 0.0000000 0.0000000 0.1196935 0.0000000 0.0000000 0.0000000 0.4312880 0.2037261 0.0134054 0.1306735
 79 F  79 0.0278800 0.1329638 0.0225159 0.0332491 0.0000000 0.0352150 0.1173690 0.0792268 0.0652276 0.0751799 0.0132825 0.1115326 0.0000000 0.0363713 0.0000000 0.0509189 0.0194846 0.0000000 0.0169943 0.0203327 0.1422560
 80 E  80 0.0101060 0.0708845 0.0000000 0.1901278 0.0000000 0.0601374 0.3091809 0.0000000 0.0000000 0.0190194 0.0147682 0.0705782 0.0000000 0.0000000 0.0000000 0.0000000 0.0350291 0.0000000 0.0139293 0.0639831 0.1422560
 81 N  81 0.1028399 0.0936980 0.0615417 0.0000000 0.0000000 0.1533451 0.1316709 0.0364926 0.0256881 0.0476563 0.0730461 0.0377589 0.0198587 0.0433514 0.0134006 0.0000000 0.0069263 0.0000000 0.0104693 0.0000000 0.1422560
 82 C  82 0.2867538 0.0083713 0.0000000 0.0000000 0.1704689 0.0000000 0.0000000 0.0233352 0.0000000 0.0000000 0.2329211 0.0000000 0.0000000 0.0000000 0.0000000 0.0454294 0.0000000 0.0000000 0.0000000 0.0904643 0.1422560
 83 R  83 0.0280563 0.1677300 0.0183297 0.0000000 0.0000000 0.2580594 0.0612347 0.0383493 0.0000000 0.0117589 0.0062091 0.2235041 0.0000000 0.0132863 0.0000000 0.0083713 0.0000000 0.0000000 0.0000000 0.0068457 0.1582653
 84 D  84 0.1082564 0.0081975 0.0265688 0.0932378 0.0000000 0.0863968 0.1479912 0.0198587 0.0000000 0.0278800 0.0233352 0.0733037 0.0000000 0.0000000 0.0545689 0.0185320 0.1536075 0.0000000 0.0000000 0.0000000 0.1582653
 85 T  85 0.0761197 0.0194846 0.0000000 0.0000000 0.0000000 0.2540076 0.0146071 0.0000000 0.0000000 0.0424595 0.0828291 0.0085987 0.0556216 0.0187249 0.0000000 0.0151176 0.1012903 0.0000000 0.0096628 0.1592204 0.1422560
 86 A  86 0.3061932 0.0000000 0.0000000 0.0000000 0.0000000 0.0000000 0.0372645 0.0080469 0.0000000 0.1247589 0.1420031 0.0000000 0.0326392 0.0000000 0.0000000 0.0330551 0.0228129 0.0000000 0.0000000 0.1324383 0.1607880
 87 K  87 0.2157467 0.1260285 0.0000000 0.0487515 0.0000000 0.0316575 0.0656200 0.0000000 0.0276366 0.0865058 0.0000000 0.1175397 0.0000000 0.0000000 0.0354396 0.0246708 0.0663885 0.0000000 0.0000000 0.0117589 0.1422560
 88 R  88 0.2281237 0.0853479 0.0380761 0.0363717 0.0000000 0.1033723 0.0236835 0.0000000 0.0126740 0.0519362 0.0132825 0.1337775 0.0000000 0.0000000 0.0000000 0.0304601 0.0851450 0.0000000 0.0000000 0.0154935 0.1422560
 89 N  89 0.0849125 0.0000000 0.4416566 0.0000000 0.0000000 0.0326392 0.0000000 0.1197903 0.0545689 0.0000000 0.0354396 0.0000000 0.0000000 0.0000000 0.0000000 0.0288648 0.0400135 0.0000000 0.0198587 0.0000000 0.1422560
 90 Q  90 0.1900088 0.1136548 0.0678514 0.0147682 0.0000000 0.2109886 0.0000000 0.0000000 0.0101060 0.0384528 0.0185320 0.0168811 0.0000000 0.0000000 0.0000000 0.0593475 0.0623520 0.0354396 0.0096628 0.0096984 0.1422560
 91 Q  91 0.2224202 0.1065305 0.0000000 0.0077015 0.0325201 0.0987264 0.0224320 0.2168192 0.0258441 0.0000000 0.0454664 0.0290469 0.0000000 0.0091025 0.0000000 0.0217766 0.0360096 0.0000000 0.0000000 0.0104689 0.1151350
 92 A  92 0.2875200 0.1455680 0.0134006 0.1160101 0.0134054 0.0664896 0.0104693 0.0000000 0.0068457 0.0000000 0.0160093 0.0147764 0.0000000 0.0000000 0.0462070 0.0872894 0.0298439 0.0000000 0.0246708 0.0000000 0.1214945
 93 G  93 0.0322089 0.0907723 0.0206119 0.0146071 0.0000000 0.1040022 0.0377816 0.3810194 0.0000000 0.0000000 0.0000000 0.0139969 0.0000000 0.0000000 0.0370358 0.0660599 0.0741939 0.0000000 0.0062155 0.0000000 0.1214945
 94 N  94 0.0654920 0.1753520 0.0998566 0.0200935 0.0000000 0.0696653 0.0892115 0.0354396 0.0000000 0.0328683 0.0215206 0.0792449 0.0000000 0.0209055 0.0104689 0.0284039 0.0701551 0.0000000 0.0000000 0.0598279 0.1214945
 95 G  95 0.1094869 0.1012582 0.1585755 0.1383787 0.0000000 0.0543467 0.0000000 0.0595775 0.0000000 0.0171379 0.0600887 0.0000000 0.0183016 0.0000000 0.0874199 0.0000000 0.0520307 0.0000000 0.0000000 0.0000000 0.1433975
 96 W  96 0.0233352 0.0000000 0.0000000 0.0000000 0.0000000 0.0185320 0.0000000 0.0545689 0.0000000 0.0682377 0.1251511 0.0255865 0.0000000 0.0000000 0.0000000 0.0229824 0.1465625 0.2980257 0.0000000 0.0882275 0.1287904
 97 D  97 0.0185320 0.0000000 0.1417920 0.1914145 0.0000000 0.0000000 0.0000000 0.0000000 0.0000000 0.0246708 0.0000000 0.0132825 0.0000000 0.0000000 0.0384528 0.0734798 0.3695851 0.0000000 0.0000000 0.0000000 0.1287904
 98 F  98 0.0525020 0.0380341 0.0000000 0.0000000 0.0000000 0.0000000 0.0331694 0.0650378 0.0000000 0.1005353 0.2560936 0.0273537 0.0000000 0.1354770 0.0000000 0.0119281 0.0000000 0.0000000 0.0960069 0.0550717 0.1287904
 99 D  99 0.0315313 0.0000000 0.0320187 0.5243195 0.0000000 0.0648497 0.1028392 0.0000000 0.0147682 0.0000000 0.0000000 0.0371874 0.0000000 0.0000000 0.0104689 0.0532266 0.0000000 0.0000000 0.0000000 0.0000000 0.1287904
100 M 100 0.0146071 0.1618829 0.0000000 0.0160093 0.0000000 0.0364926 0.0696865 0.0000000 0.0657940 0.0326392 0.0809186 0.1307360 0.2692642 0.0000000 0.0000000 0.0000000 0.0142577 0.0000000 0.0000000 0.0194846 0.0882271
101 L 101 0.0000000 0.0000000 0.0000000 0.0000000 0.0000000 0.0000000 0.0000000 0.0000000 0.0192338 0.0707962 0.6968409 0.0000000 0.0215206 0.0419057 0.0000000 0.0000000 0.0000000 0.0000000 0.0000000 0.0614758 0.0882271
102 T 102 0.0230317 0.0000000 0.0277313 0.0000000 0.0657940 0.0120467 0.0000000 0.0000000 0.0000000 0.0512283 0.2756870 0.0896747 0.1009015 0.0054763 0.0104689 0.0000000 0.2016431 0.0000000 0.0000000 0.0480894 0.0882271
103 G 103 0.0000000 0.0000000 0.0000000 0.0135496 0.0000000 0.0000000 0.0000000 0.8451523 0.0000000 0.0000000 0.0000000 0.0000000 0.0000000 0.0000000 0.0000000 0.0379533 0.0000000 0.0000000 0.0000000 0.0000000 0.1033448
104 S 104 0.0187249 0.0473438 0.0229824 0.1722511 0.0000000 0.1498965 0.1388882 0.0000000 0.0389285 0.0208405 0.0124725 0.0317842 0.0317070 0.0171379 0.0000000 0.0542495 0.1238619 0.0000000 0.0000000 0.0155862 0.1033448
105 G 105 0.0665209 0.0323207 0.0000000 0.0327672 0.0000000 0.0000000 0.0000000 0.6930949 0.0333679 0.0000000 0.0000000 0.0000000 0.0000000 0.0000000 0.0198587 0.0187249 0.0151176 0.0000000 0.0000000 0.0000000 0.0882271
106 N 106 0.1105053 0.1076772 0.0656079 0.1037661 0.0085131 0.0398996 0.1000217 0.0000000 0.0062155 0.0480060 0.0000000 0.0000000 0.1012582 0.0000000 0.1908876 0.0134054 0.0160093 0.0000000 0.0000000 0.0000000 0.0882271
107 Y 107 0.0563785 0.0000000 0.0000000 0.0291652 0.0000000 0.0000000 0.0000000 0.0000000 0.0201676 0.0307776 0.0229824 0.0000000 0.0663815 0.2598774 0.0000000 0.0000000 0.0062070 0.1172432 0.2541160 0.0386728 0.0980309
108 S 108 0.2229497 0.0143856 0.0416054 0.0699054 0.0000000 0.0488256 0.0593326 0.1411512 0.0000000 0.0523291 0.0377589 0.0213267 0.0093065 0.0000000 0.0000000 0.1338487 0.0101060 0.0000000 0.0000000 0.0000000 0.1371687
109 S 109 0.0973169 0.0000000 0.1890874 0.0774902 0.0147682 0.0691760 0.0000000 0.0119281 0.0000000 0.0093065 0.0236276 0.0349763 0.0000000 0.0000000 0.0000000 0.1008861 0.1573644 0.0000000 0.0246708 0.0183016 0.1710998
110 T 110 0.0626083 0.0000000 0.0846357 0.0000000 0.0000000 0.0119281 0.0580023 0.0000000 0.0000000 0.0789518 0.0132863 0.0000000 0.0326392 0.0151176 0.3098713 0.0000000 0.0941017 0.0000000 0.0000000 0.0239208 0.2149369
111 D 111 0.0331473 0.0219529 0.1003077 0.0795639 0.0000000 0.1930745 0.1833477 0.0185320 0.0134006 0.0000000 0.0151176 0.0139293 0.0000000 0.0000000 0.0198507 0.0501991 0.0784551 0.0000000 0.0000000 0.0000000 0.1791216
112 A 112 0.0645616 0.0000000 0.0592526 0.1409947 0.0000000 0.1910609 0.0343336 0.1128407 0.0198587 0.0000000 0.0194846 0.1079382 0.0000000 0.0000000 0.0000000 0.0698523 0.0411063 0.0000000 0.0000000 0.0425690 0.0961467
113 Q 113 0.0000000 0.0000000 0.0000000 0.0000000 0.0000000 0.9083566 0.0000000 0.0000000 0.0000000 0.0000000 0.0000000 0.0105442 0.0000000 0.0000000 0.0000000 0.0000000 0.0000000 0.0000000 0.0000000 0.0000000 0.0810992
114 M 114 0.3532263 0.0139293 0.0000000 0.0000000 0.0000000 0.0160093 0.0000000 0.0000000 0.0000000 0.0965621 0.1269186 0.0000000 0.0480474 0.0000000 0.0000000 0.0259350 0.1869728 0.0000000 0.0000000 0.0314493 0.1009499
115 Q 115 0.1353117 0.0908154 0.1709914 0.0119281 0.0000000 0.1862582 0.0233352 0.0921875 0.0423340 0.0000000 0.0281269 0.0797315 0.0000000 0.0000000 0.0000000 0.0000000 0.0000000 0.0000000 0.0000000 0.0343167 0.1046634
116 Y 116 0.0000000 0.0371479 0.0000000 0.0000000 0.0134006 0.0000000 0.0000000 0.0000000 0.0104693 0.1145448 0.2845901 0.0000000 0.0364926 0.0950342 0.0000000 0.0160093 0.0000000 0.0000000 0.2876478 0.0000000 0.1046634
117 D 117 0.0000000 0.0229824 0.0000000 0.0741095 0.0000000 0.0470368 0.0000000 0.0246708 0.0484606 0.0096984 0.1248956 0.0151176 0.0194846 0.0000000 0.3869885 0.0759701 0.0459217 0.0000000 0.0000000 0.0000000 0.1046634
118 P 118 0.0185320 0.1081338 0.0650109 0.0655529 0.0000000 0.0281325 0.0000000 0.0083713 0.0102829 0.0843811 0.0203564 0.0492422 0.0000000 0.0000000 0.2487453 0.0126740 0.0461565 0.0687032 0.0000000 0.0610616 0.1046634
119 G 119 0.0953617 0.0071349 0.0000000 0.0147764 0.0000000 0.1280305 0.0959037 0.3741130 0.0233352 0.0000000 0.0000000 0.0251513 0.0198587 0.0000000 0.0722321 0.0147682 0.0000000 0.0000000 0.0000000 0.0246708 0.1046634
120 L 120 0.2196636 0.0194846 0.0000000 0.0185320 0.0000000 0.0176632 0.1181599 0.0000000 0.0000000 0.0105442 0.2066780 0.0000000 0.0559744 0.0000000 0.0000000 0.0000000 0.0000000 0.0000000 0.0000000 0.2135189 0.1197810
121 F 121 0.0000000 0.0000000 0.0000000 0.0000000 0.0000000 0.0000000 0.0371479 0.0000000 0.0000000 0.0364926 0.4638858 0.0000000 0.0000000 0.1073039 0.0000000 0.0146071 0.0000000 0.0000000 0.2207816 0.0000000 0.1197810
122 A 122 0.1493876 0.0000000 0.0000000 0.1208239 0.0000000 0.0146071 0.1274396 0.0000000 0.0503024 0.0424671 0.0457290 0.0221323 0.0132825 0.0000000 0.0683225 0.0466167 0.0187249 0.0000000 0.0000000 0.1357125 0.1444518
123 Q 123 0.1520478 0.0000000 0.0000000 0.0892040 0.0000000 0.4510910 0.0000000 0.0000000 0.0000000 0.0477544 0.0418673 0.0147682 0.0000000 0.0326392 0.0000000 0.0000000 0.0176632 0.0000000 0.0000000 0.0000000 0.1529649
124 I 124 0.0146071 0.0000000 0.0000000 0.0000000 0.0233352 0.0000000 0.0000000 0.0000000 0.0000000 0.4753824 0.0000000 0.0000000 0.0000000 0.0192338 0.0000000 0.0503874 0.0684959 0.0000000 0.0000000 0.1655645 0.1829938
125 Q 125 0.1361114 0.1333588 0.1240233 0.0055198 0.0147682 0.0595727 0.0101060 0.0233352 0.0000000 0.0000000 0.0000000 0.0661545 0.0000000 0.0000000 0.0000000 0.0915753 0.1524811 0.0000000 0.0000000 0.0000000 0.1829938
126 A 126 0.1873874 0.0598436 0.0660027 0.0229824 0.0000000 0.0815562 0.1112750 0.0000000 0.0266032 0.0147682 0.0000000 0.0756311 0.0102829 0.0000000 0.0000000 0.0731135 0.0875600 0.0000000 0.0000000 0.0000000 0.1829938
127 A 127 0.3854615 0.0000000 0.0147764 0.0000000 0.0596903 0.0000000 0.0000000 0.0000000 0.0000000 0.1657224 0.0266869 0.0000000 0.0383908 0.0000000 0.0000000 0.0831308 0.0459347 0.0000000 0.0000000 0.0065911 0.1736151
128 A 128 0.6003667 0.0120503 0.0000000 0.0000000 0.0364926 0.0000000 0.0000000 0.0961825 0.0000000 0.0000000 0.0000000 0.0000000 0.0000000 0.0000000 0.0158504 0.0521238 0.0064100 0.0000000 0.0000000 0.0069085 0.1736151
129 T 129 0.0176632 0.0999405 0.0139293 0.0000000 0.0605906 0.0065911 0.0486561 0.0000000 0.0000000 0.1886993 0.2742446 0.0171379 0.0132825 0.0062091 0.0000000 0.0000000 0.0646642 0.0000000 0.0000000 0.0147764 0.1736151
130 K 130 0.1036527 0.2836967 0.0306760 0.0229824 0.0000000 0.1759770 0.0000000 0.0677928 0.0000000 0.0000000 0.0147764 0.1268307 0.0000000 0.0000000 0.0000000 0.0000000 0.0000000 0.0000000 0.0000000 0.0000000 0.1736151
131 A 131 0.7643600 0.0069263 0.0000000 0.0000000 0.0000000 0.0000000 0.0153014 0.0000000 0.0000000 0.0000000 0.0000000 0.0000000 0.0000000 0.0000000 0.0073657 0.0000000 0.0324315 0.0000000 0.0000000 0.0000000 0.1736151
132 W 132 0.0000000 0.0073559 0.0000000 0.0000000 0.0000000 0.0000000 0.0000000 0.0073657 0.0000000 0.0000000 0.1114823 0.0000000 0.0000000 0.1629086 0.0000000 0.0000000 0.0000000 0.5122680 0.0000000 0.0000000 0.1986195
133 R 133 0.0326392 0.2862808 0.0077015 0.0233352 0.0000000 0.0126740 0.0105576 0.0378631 0.0000000 0.0000000 0.0652183 0.2501074 0.0000000 0.0510258 0.0092094 0.0000000 0.0000000 0.0000000 0.0147682 0.0000000 0.1986195
134 K 134 0.0945264 0.0604507 0.0000000 0.0000000 0.0000000 0.0667538 0.0951775 0.0273018 0.0000000 0.0134006 0.0073559 0.2990812 0.0117589 0.0000000 0.0000000 0.0797157 0.0000000 0.0000000 0.0000000 0.0281949 0.2162828
135 L 135 0.0000000 0.0000000 0.0000000 0.0000000 0.0000000 0.0000000 0.0000000 0.0000000 0.0000000 0.2140429 0.3686915 0.0000000 0.0000000 0.0254366 0.0000000 0.0000000 0.0000000 0.0000000 0.0000000 0.1598093 0.2320198
136 P 136 0.1540070 0.0560594 0.0000000 0.0000000 0.0000000 0.0563513 0.0000000 0.0000000 0.0000000 0.0000000 0.0000000 0.0183016 0.0000000 0.0000000 0.3655297 0.0667501 0.0096984 0.0000000 0.0000000 0.0000000 0.2733025
137 V 137 0.0224919 0.1645481 0.0939850 0.0818522 0.0000000 0.0476563 0.0233352 0.0186046 0.0000000 0.0060920 0.0000000 0.0397837 0.0000000 0.0000000 0.1002680 0.0592810 0.0000000 0.0000000 0.0000000 0.0540311 0.2880708
138 K 138 0.0870046 0.0942117 0.0000000 0.0000000 0.0000000 0.0132863 0.0064100 0.0238164 0.0000000 0.0000000 0.0831308 0.1549407 0.0000000 0.0000000 0.0977475 0.0385687 0.0256881 0.0000000 0.0000000 0.0120467 0.3631484
139 G 139 0.1061132 0.0000000 0.0000000 0.0096984 0.0000000 0.0000000 0.0000000 0.4546018 0.0000000 0.0000000 0.0000000 0.0185320 0.0000000 0.0000000 0.0000000 0.0000000 0.0266538 0.0060625 0.0000000 0.0000000 0.3783383
140 D 140 0.0000000 0.0000000 0.0000000 0.0399326 0.0000000 0.0000000 0.3400764 0.0000000 0.0000000 0.0000000 0.0000000 0.0000000 0.0000000 0.0000000 0.0000000 0.0000000 0.0000000 0.0000000 0.0000000 0.0000000 0.6199910
