  140         A         R         N         D         C         Q         E         G         H         I         L         K         M         F         P         S         T         W         Y         V    
  1 P   1 0.0000000 0.0000000 0.0000000 0.0000000 0.0000000 0.0000000 0.0000000 0.0000000 0.0000000 0.0000000 0.0000000 0.0000000 0.0000000 0.0000000 1.0000000 0.0000000 0.0000000 0.0000000 0.0000000 0.0000000
  2 V   2 0.0244389 0.0386338 0.0000000 0.0000000 0.0000000 0.0000000 0.0000000 0.0000000 0.0000000 0.0386940 0.0912065 0.0000000 0.0000000 0.1165604 0.0000000 0.0000000 0.0000000 0.0000000 0.0000000 0.6904664
  3 T   3 0.1606251 0.0000000 0.0000000 0.0000000 0.0412049 0.0334148 0.0000000 0.0000000 0.0000000 0.0788754 0.0322350 0.0074688 0.0000000 0.1498784 0.0274336 0.0000000 0.1920351 0.0000000 0.0000000 0.2768288
  4 E   4 0.1911489 0.0000000 0.0000000 0.0218549 0.0000000 0.0000000 0.3075494 0.0000000 0.0000000 0.1057360 0.0412250 0.0000000 0.0000000 0.2164475 0.0000000 0.0000000 0.0000000 0.0000000 0.0942065 0.0218319
  5 T   5 0.0000000 0.0000000 0.1100021 0.0322482 0.0000000 0.0000000 0.0000000 0.1163977 0.0000000 0.0311096 0.0000000 0.1188879 0.0778364 0.0000000 0.3239523 0.0000000 0.1469104 0.0000000 0.0000000 0.0426554
  6 V   6 0.1487636 0.0111857 0.0000000 0.0000000 0.0000000 0.0556419 0.0189039 0.0229681 0.0000000 0.0000000 0.0659931 0.0000000 0.0118187 0.0000000 0.1044105 0.0000000 0.2032385 0.0000000 0.0000000 0.3570761
  7 D   7 0.0592740 0.1047737 0.0287606 0.1302684 0.0000000 0.0000000 0.1835657 0.1103183 0.0699906 0.0342250 0.0000000 0.0068398 0.0000000 0.0605645 0.0286084 0.0293888 0.0000000 0.0000000 0.0000000 0.1534223
  8 G   8 0.0972673 0.1285925 0.0193332 0.0000000 0.0000000 0.1668389 0.0437723 0.2122273 0.0000000 0.0146347 0.0192276 0.0150806 0.0000000 0.0000000 0.1048212 0.0545288 0.0116095 0.0000000 0.0339472 0.0781190
  9 Q   9 0.0591020 0.0234111 0.0081761 0.1235071 0.0000000 0.1948179 0.1404755 0.0897193 0.0000000 0.0472971 0.0000000 0.0000000 0.0286849 0.0000000 0.1877465 0.0970627 0.0000000 0.0000000 0.0000000 0.0000000
 10 G  10 0.2172855 0.0720442 0.0389166 0.1135154 0.0000000 0.0317668 0.0671772 0.3289277 0.0000000 0.0000000 0.0184556 0.0406810 0.0000000 0.0000000 0.0600375 0.0111926 0.0000000 0.0000000 0.0000000 0.0000000
 11 Q  11 0.0846628 0.1205978 0.0801615 0.0231223 0.0000000 0.2472007 0.1455464 0.1479609 0.0217943 0.0000000 0.0000000 0.0000000 0.0000000 0.0000000 0.0247379 0.0000000 0.1042156 0.0000000 0.0000000 0.0000000
 12 A  12 0.0857043 0.0297825 0.0967149 0.0230240 0.0000000 0.1015592 0.1388612 0.2193194 0.0000000 0.0000000 0.0268541 0.0951717 0.0000000 0.0000000 0.0642844 0.0159498 0.0000000 0.0000000 0.0000000 0.1027745
 13 W  13 0.0909163 0.0976247 0.0334657 0.0344953 0.0000000 0.1948331 0.0566553 0.1915451 0.0000000 0.0000000 0.0921874 0.0000000 0.0000000 0.0349926 0.0730013 0.0000000 0.0411119 0.0424641 0.0000000 0.0167071
 14 R  14 0.0972677 0.4533627 0.0000000 0.0000000 0.0189455 0.0186163 0.0000000 0.0000000 0.0000000 0.0287341 0.0208160 0.0000000 0.0000000 0.0000000 0.2582460 0.0000000 0.0690923 0.0000000 0.0349195 0.0000000
 15 H  15 0.0473782 0.1268796 0.0107553 0.0000000 0.0000000 0.0974799 0.0642221 0.0530451 0.0999292 0.0407192 0.0000000 0.0000000 0.0000000 0.0117348 0.0607219 0.0277627 0.0295639 0.0000000 0.1236753 0.2061328
 16 H  16 0.0000000 0.0295257 0.0000000 0.0069251 0.0325706 0.0000000 0.0129442 0.0000000 0.2150059 0.0000000 0.0000000 0.0000000 0.0000000 0.0099222 0.0000000 0.0000000 0.0000000 0.4844858 0.2086205 0.0000000
 17 N  17 0.1077071 0.0250837 0.0271499 0.0000000 0.0000000 0.0688666 0.2210392 0.0000000 0.0000000 0.0544537 0.0000000 0.0849769 0.0000000 0.0000000 0.0000000 0.0375207 0.3284143 0.0000000 0.0000000 0.0447878
 18 G  18 0.0475077 0.0229366 0.0000000 0.0000000 0.0000000 0.0614465 0.0000000 0.0857349 0.0199779 0.0000000 0.0000000 0.0209036 0.0000000 0.0249974 0.6778424 0.0235553 0.0150977 0.0000000 0.0000000 0.0000000
 19 F  19 0.0000000 0.0000000 0.0000000 0.0000000 0.0000000 0.0000000 0.0000000 0.0000000 0.0000000 0.2008593 0.4916848 0.0000000 0.0000000 0.0918672 0.0328519 0.0000000 0.0304390 0.0000000 0.0000000 0.1522977
 20 D  20 0.0000000 0.0000000 0.0591261 0.2991522 0.0000000 0.0295257 0.1982657 0.0000000 0.0000000 0.0000000 0.0000000 0.0332237 0.0000000 0.0000000 0.2785226 0.0641744 0.0380096 0.0000000 0.0000000 0.0000000
 21 F  21 0.0000000 0.0000000 0.0000000 0.0000000 0.0000000 0.0648222 0.0000000 0.0000000 0.0291109 0.0853242 0.1074082 0.0000000 0.0380096 0.1941829 0.2118873 0.0403502 0.0000000 0.0384530 0.1904516 0.0000000
 22 A  22 0.0817965 0.0362726 0.0490852 0.0000000 0.0000000 0.0467769 0.0000000 0.0243336 0.0000000 0.0000000 0.0247437 0.6362907 0.0000000 0.0000000 0.0000000 0.0198289 0.0452410 0.0000000 0.0000000 0.0356309
 23 V  23 0.0207019 0.0233729 0.0174074 0.1158957 0.0000000 0.1558859 0.0611809 0.0288653 0.0000000 0.0365530 0.1542369 0.0000000 0.0998485 0.0830076 0.0000000 0.0000000 0.0795154 0.0000000 0.0156727 0.1078558
 24 I  24 0.0000000 0.0000000 0.0000000 0.0000000 0.0000000 0.0000000 0.0000000 0.0000000 0.0000000 0.4611038 0.3412498 0.0000000 0.0000000 0.0000000 0.0000000 0.0000000 0.0000000 0.0000000 0.0000000 0.1976463
 25 K  25 0.0644203 0.0442447 0.0000000 0.0000000 0.0000000 0.0413740 0.0582242 0.0000000 0.0000000 0.0000000 0.0000000 0.6163147 0.0000000 0.0000000 0.0299326 0.0239287 0.1215607 0.0000000 0.0000000 0.0000000
 26 E  26 0.0271381 0.1647984 0.0000000 0.1213957 0.0000000 0.0238915 0.4268402 0.0255487 0.0290345 0.0000000 0.0000000 0.0582242 0.0299326 0.0000000 0.0000000 0.0633022 0.0230839 0.0000000 0.0000000 0.0068099
 27 L  27 0.0000000 0.0000000 0.0000000 0.0000000 0.0000000 0.0000000 0.0000000 0.0000000 0.0000000 0.1647204 0.7048171 0.0000000 0.0415520 0.0307386 0.0000000 0.0058371 0.0000000 0.0000000 0.0000000 0.0523348
 28 K  28 0.2399394 0.0892063 0.0000000 0.0000000 0.0402890 0.0462689 0.0000000 0.0000000 0.0169286 0.0280714 0.0000000 0.4757167 0.0000000 0.0224777 0.0000000 0.0148660 0.0000000 0.0000000 0.0000000 0.0262362
 29 T  29 0.0456197 0.0000000 0.0290550 0.1048315 0.0000000 0.0281878 0.3282164 0.0126315 0.0000000 0.0270073 0.0000000 0.2465729 0.0321121 0.0000000 0.0000000 0.0526671 0.0930987 0.0000000 0.0000000 0.0000000
 30 A  30 0.6198777 0.0000000 0.0000000 0.0000000 0.0000000 0.0000000 0.0000000 0.0443815 0.0000000 0.0148660 0.0000000 0.0000000 0.0000000 0.0000000 0.0000000 0.1773007 0.1100980 0.0000000 0.0000000 0.0334761
 31 A  31 0.0909570 0.0000000 0.0000000 0.0000000 0.1669424 0.0624183 0.0000000 0.0000000 0.0000000 0.0791057 0.0000000 0.0000000 0.0087568 0.0000000 0.0000000 0.0293102 0.0000000 0.0000000 0.0000000 0.5625095
 32 S  32 0.0888674 0.2590838 0.0240704 0.0000000 0.0000000 0.0807363 0.0279156 0.0125614 0.0041803 0.0000000 0.0000000 0.2542042 0.0000000 0.0000000 0.0000000 0.0927514 0.1126606 0.0000000 0.0000000 0.0429686
 33 Q  33 0.0250256 0.0000000 0.0282062 0.1472492 0.0000000 0.1904786 0.1477548 0.0000000 0.0261400 0.0000000 0.0667054 0.1373243 0.0000000 0.0000000 0.0000000 0.0336693 0.1974467 0.0000000 0.0000000 0.0000000
 34 Y  34 0.0000000 0.0000000 0.0000000 0.0000000 0.0000000 0.0000000 0.0289447 0.0366318 0.0226039 0.0000000 0.0000000 0.1730393 0.0179807 0.0793664 0.0000000 0.0293102 0.0000000 0.0000000 0.6121230 0.0000000
 35 G  35 0.0000000 0.0000000 0.0000000 0.0000000 0.0000000 0.0000000 0.0000000 1.0000000 0.0000000 0.0000000 0.0000000 0.0000000 0.0000000 0.0000000 0.0000000 0.0000000 0.0000000 0.0000000 0.0000000 0.0000000
 36 A  36 0.0438792 0.0935255 0.0000000 0.0000000 0.0101271 0.0221280 0.0000000 0.0000000 0.0000000 0.0710947 0.2151564 0.0000000 0.0000000 0.0000000 0.3474569 0.0600625 0.0807100 0.0000000 0.0000000 0.0558598
 37 T  37 0.0054941 0.1302702 0.1868448 0.0698771 0.0000000 0.0333214 0.0849187 0.0000000 0.0558940 0.0162896 0.0286030 0.0276346 0.0194348 0.0000000 0.0000000 0.0683583 0.2730594 0.0000000 0.0000000 0.0000000
 38 A  38 0.3736941 0.0000000 0.0000000 0.0000000 0.0000000 0.0000000 0.0000000 0.0354981 0.0000000 0.0000000 0.0254022 0.0000000 0.0000000 0.0000000 0.0000000 0.5533103 0.0120953 0.0000000 0.0000000 0.0000000
 39 P  39 0.0691763 0.0190435 0.0915253 0.0000000 0.0000000 0.0000000 0.0617902 0.0000000 0.0000000 0.0000000 0.0086687 0.0000000 0.0000000 0.0000000 0.6777328 0.0568153 0.0051846 0.0000000 0.0100634 0.0000000
 40 Y  40 0.0000000 0.0000000 0.0000000 0.0041383 0.0000000 0.0000000 0.0000000 0.0000000 0.0000000 0.1081427 0.0507939 0.0000000 0.0160309 0.3549560 0.0000000 0.0000000 0.0000000 0.0000000 0.4285194 0.0374188
 41 T  41 0.0355943 0.0000000 0.0000000 0.0000000 0.0382848 0.0000000 0.0000000 0.0000000 0.0000000 0.0343338 0.0000000 0.0000000 0.0126439 0.1786240 0.0000000 0.0100634 0.5950632 0.0000000 0.0000000 0.0953926
 42 L  42 0.0000000 0.1155447 0.0000000 0.0000000 0.0000000 0.1044595 0.0290153 0.0000000 0.0000000 0.0648143 0.2249082 0.1321638 0.1688703 0.0000000 0.0000000 0.0391902 0.0341723 0.0000000 0.0000000 0.0868615
 43 A  43 0.4113538 0.0000000 0.0916249 0.0000000 0.0000000 0.1155654 0.0382848 0.0808337 0.0000000 0.0117154 0.0060585 0.0000000 0.0000000 0.0000000 0.0162006 0.0765623 0.0837970 0.0000000 0.0000000 0.0680035
 44 I  44 0.0589345 0.0000000 0.0000000 0.0000000 0.0000000 0.1257493 0.1086947 0.0124350 0.0000000 0.0946613 0.3781317 0.0000000 0.0321861 0.0382848 0.0000000 0.0000000 0.0000000 0.0000000 0.0000000 0.1509226
 45 V  45 0.0181930 0.0000000 0.0000000 0.0000000 0.0000000 0.0000000 0.0000000 0.0000000 0.0000000 0.0872200 0.6218193 0.0000000 0.0086687 0.0000000 0.0000000 0.0000000 0.0086332 0.0000000 0.0000000 0.2554658
 46 E  46 0.0000000 0.0623676 0.0000000 0.3508255 0.0000000 0.0000000 0.4411154 0.0000000 0.0279253 0.0000000 0.0000000 0.0838995 0.0000000 0.0000000 0.0000000 0.0000000 0.0338668 0.0000000 0.0000000 0.0000000
 47 S  47 0.2730016 0.0825340 0.0878909 0.0000000 0.0000000 0.0517678 0.0000000 0.0636130 0.0000000 0.0283800 0.0000000 0.0000000 0.0176610 0.0000000 0.0000000 0.2565771 0.1385747 0.0000000 0.0000000 0.0000000
 48 V  48 0.0000000 0.0000000 0.0000000 0.0000000 0.0000000 0.0343064 0.0000000 0.0000000 0.0000000 0.1483145 0.5529588 0.0000000 0.0000000 0.0796540 0.0092983 0.0000000 0.0000000 0.0947007 0.0000000 0.0807673
 49 A  49 0.3270811 0.0000000 0.0139167 0.0205989 0.0000000 0.0264092 0.0397167 0.1010183 0.0229788 0.0000000 0.0000000 0.0000000 0.1347059 0.0000000 0.0000000 0.2792635 0.0200317 0.0000000 0.0000000 0.0142793
 50 D  50 0.0776161 0.0827026 0.0919373 0.0720109 0.0000000 0.0661017 0.0508602 0.1861458 0.0000000 0.0000000 0.0000000 0.0000000 0.0000000 0.0000000 0.0000000 0.2432205 0.1294050 0.0000000 0.0000000 0.0000000
 51 N  51 0.0352389 0.1090558 0.1658631 0.0485606 0.0000000 0.1291928 0.0167327 0.0441817 0.0811411 0.0326963 0.0090754 0.0188511 0.0447246 0.0134475 0.0000000 0.1782822 0.0122979 0.0000000 0.0479858 0.0126727
 52 W  52 0.1432438 0.0767430 0.0315283 0.0335961 0.0593656 0.0000000 0.0616255 0.0377118 0.0143531 0.0000000 0.0289379 0.0000000 0.0000000 0.0223168 0.1455974 0.0245650 0.0962299 0.2075650 0.0166208 0.0000000
 53 L  53 0.0000000 0.0000000 0.0000000 0.0000000 0.0000000 0.0283478 0.0000000 0.0000000 0.0000000 0.0163915 0.6520591 0.0000000 0.2153356 0.0000000 0.0000000 0.0000000 0.0000000 0.0000000 0.0603687 0.0274973
 54 T  54 0.0000000 0.0000000 0.0000000 0.0000000 0.0000000 0.0000000 0.0000000 0.0000000 0.0000000 0.0495323 0.2520769 0.0000000 0.0000000 0.0000000 0.0588990 0.0000000 0.4751776 0.0000000 0.0000000 0.1643142
 55 P  55 0.0000000 0.0000000 0.0000000 0.0000000 0.0000000 0.0575295 0.0000000 0.0000000 0.0284986 0.0147374 0.0187044 0.0000000 0.0000000 0.0000000 0.8500277 0.0305024 0.0000000 0.0000000 0.0000000 0.0000000
 56 T  56 0.1591723 0.0000000 0.1234794 0.0098842 0.0000000 0.0000000 0.0272552 0.0163685 0.1999062 0.0000000 0.0141353 0.0150662 0.0000000 0.0920872 0.0000000 0.1315402 0.0609788 0.0000000 0.1501266 0.0000000
 57 D  57 0.0000000 0.0000000 0.0000000 0.9536824 0.0000000 0.0000000 0.0463176 0.0000000 0.0000000 0.0000000 0.0000000 0.0000000 0.0000000 0.0000000 0.0000000 0.0000000 0.0000000 0.0000000 0.0000000 0.0000000
 58 W  58 0.0000000 0.0140406 0.0000000 0.0000000 0.0235566 0.0000000 0.0000000 0.0000000 0.0000000 0.1416733 0.0335993 0.0000000 0.0424000 0.0378485 0.0000000 0.0000000 0.0000000 0.5726644 0.0000000 0.1342172
 59 N  59 0.0121902 0.1160511 0.0348093 0.0341820 0.0000000 0.1124123 0.1432553 0.0000000 0.0175969 0.0633566 0.0000000 0.1640727 0.0127718 0.0594632 0.0000000 0.0262388 0.1352007 0.0000000 0.0232393 0.0451599
 60 T  60 0.0505604 0.0658812 0.2245725 0.0151645 0.0000000 0.1713067 0.0000000 0.0400222 0.0235566 0.0534862 0.0148335 0.0190784 0.0125617 0.0557966 0.0000000 0.0656469 0.1296274 0.0000000 0.0579049 0.0000000
 61 L  61 0.0000000 0.0000000 0.0000000 0.0000000 0.0000000 0.0000000 0.0000000 0.0000000 0.0000000 0.1348884 0.6626191 0.0000000 0.0000000 0.0000000 0.0122896 0.0000000 0.0614344 0.0000000 0.0000000 0.1287685
 62 V  62 0.4427500 0.0000000 0.0000000 0.0000000 0.0142154 0.0000000 0.0000000 0.0335383 0.0000000 0.0000000 0.0288882 0.0000000 0.1626831 0.0957517 0.0000000 0.0523147 0.0000000 0.0000000 0.0000000 0.1698586
 63 R  63 0.0000000 0.4374025 0.0000000 0.0000000 0.0090598 0.0141403 0.0000000 0.0189600 0.0145706 0.0000000 0.0220310 0.3926020 0.0000000 0.0000000 0.0000000 0.0675099 0.0237238 0.0000000 0.0000000 0.0000000
 64 A  64 0.4544134 0.0000000 0.0000000 0.0000000 0.0767916 0.0000000 0.0000000 0.0000000 0.0000000 0.0230579 0.0000000 0.0000000 0.1181290 0.0000000 0.0000000 0.1326597 0.0471280 0.0000000 0.0000000 0.1478204
 65 V  65 0.1423680 0.0000000 0.0000000 0.0000000 0.1754125 0.0000000 0.0000000 0.0000000 0.0000000 0.1876679 0.1351074 0.0000000 0.0000000 0.0334905 0.0000000 0.0584384 0.0320502 0.0000000 0.0000000 0.2354650
 66 L  66 0.0000000 0.0000000 0.0000000 0.0000000 0.0000000 0.0000000 0.0000000 0.0000000 0.0000000 0.0394885 0.9284213 0.0000000 0.0000000 0.0000000 0.0159606 0.0000000 0.0000000 0.0000000 0.0000000 0.0161296
 67 S  67 0.0325947 0.0000000 0.0561339 0.0337310 0.0000000 0.0000000 0.0428368 0.1265606 0.0000000 0.0000000 0.0433513 0.0276717 0.0000000 0.0000000 0.0262910 0.4472780 0.1635510 0.0000000 0.0000000 0.0000000
 68 G  68 0.0000000 0.0888759 0.0000000 0.0236521 0.0000000 0.0219644 0.0000000 0.2346119 0.0000000 0.0000000 0.0187618 0.0279367 0.0777904 0.0000000 0.4275404 0.0788664 0.0000000 0.0000000 0.0000000 0.0000000
 69 G  69 0.2465203 0.0000000 0.0000000 0.0000000 0.0000000 0.0380019 0.0000000 0.4534093 0.0000000 0.0000000 0.0000000 0.0000000 0.0000000 0.0000000 0.0288009 0.1101830 0.0581396 0.0000000 0.0000000 0.0649451
 70 D  70 0.0000000 0.0000000 0.0000000 0.2234415 0.0279367 0.3739126 0.1346991 0.0476094 0.0000000 0.0000000 0.0000000 0.0859262 0.0229882 0.0000000 0.0491960 0.0342903 0.0000000 0.0000000 0.0000000 0.0000000
 71 H  71 0.0231199 0.0000000 0.0441649 0.0000000 0.0000000 0.0280968 0.0000000 0.0000000 0.0475643 0.0000000 0.0966922 0.0000000 0.0336285 0.2325131 0.0000000 0.0000000 0.0000000 0.0000000 0.4942203 0.0000000
 72 L  72 0.1440432 0.0000000 0.0000000 0.0000000 0.0000000 0.0000000 0.0153132 0.0000000 0.0000000 0.1073394 0.4383646 0.0000000 0.0985863 0.0188693 0.0000000 0.0289659 0.0421973 0.0000000 0.0000000 0.1063208
 73 L  73 0.0207254 0.0000000 0.0000000 0.0397771 0.0000000 0.1108021 0.1154170 0.0000000 0.0000000 0.0895555 0.4956490 0.0000000 0.0076164 0.0000000 0.0000000 0.0149790 0.0308904 0.0000000 0.0000000 0.0745880
 74 W  74 0.0000000 0.0000000 0.0000000 0.0000000 0.0000000 0.0000000 0.0000000 0.0000000 0.0000000 0.0000000 0.0000000 0.0000000 0.0000000 0.0953240 0.0000000 0.0079433 0.0000000 0.8967328 0.0000000 0.0000000
 75 K  75 0.0063278 0.2174516 0.0188907 0.0379132 0.0000000 0.0379778 0.1238731 0.0000000 0.0000000 0.0000000 0.0325080 0.3707523 0.0933873 0.0000000 0.0000000 0.0242040 0.0000000 0.0000000 0.0145173 0.0221970
 76 S  76 0.3340863 0.0000000 0.0152163 0.1294552 0.0000000 0.0334157 0.0274130 0.0052203 0.0000000 0.0000000 0.0236371 0.0000000 0.0556034 0.0000000 0.0000000 0.2426889 0.0751611 0.0000000 0.0000000 0.0581026
 77 E  77 0.2476429 0.0000000 0.0000000 0.0509416 0.0000000 0.0581026 0.3176596 0.0000000 0.0000000 0.0000000 0.1119877 0.0388534 0.0000000 0.0309699 0.0000000 0.0287826 0.0000000 0.0989006 0.0161590 0.0000000
 78 F  78 0.0000000 0.0116396 0.0403746 0.0000000 0.0000000 0.0096515 0.0000000 0.0000000 0.0000000 0.0089784 0.0399441 0.0000000 0.0000000 0.1397058 0.0000000 0.0000000 0.0000000 0.4977893 0.2370281 0.0148884
 79 F  79 0.0315788 0.1549968 0.0269367 0.0407896 0.0000000 0.0416773 0.1298152 0.0943548 0.0754431 0.0901257 0.0141873 0.1295726 0.0000000 0.0449722 0.0000000 0.0602425 0.0231346 0.0000000 0.0177550 0.0244177
 80 E  80 0.0100527 0.0855270 0.0000000 0.2125886 0.0000000 0.0718802 0.3618543 0.0000000 0.0000000 0.0237314 0.0153230 0.0829452 0.0000000 0.0000000 0.0000000 0.0000000 0.0422242 0.0000000 0.0166474 0.0772260
 81 N  81 0.1157787 0.1091718 0.0688229 0.0000000 0.0000000 0.1835990 0.1570673 0.0436444 0.0309101 0.0563796 0.0803468 0.0453859 0.0238028 0.0481112 0.0161833 0.0000000 0.0084786 0.0000000 0.0123176 0.0000000
 82 C  82 0.3316091 0.0063721 0.0000000 0.0000000 0.1940814 0.0000000 0.0000000 0.0281147 0.0000000 0.0000000 0.2769853 0.0000000 0.0000000 0.0000000 0.0000000 0.0539974 0.0000000 0.0000000 0.0000000 0.1088400
 83 R  83 0.0342536 0.1977061 0.0225255 0.0000000 0.0000000 0.3108083 0.0688952 0.0447477 0.0000000 0.0145393 0.0077691 0.2701794 0.0000000 0.0165878 0.0000000 0.0064957 0.0000000 0.0000000 0.0000000 0.0054923
 84 D  84 0.1267984 0.0099892 0.0310502 0.1154967 0.0000000 0.1043083 0.1709539 0.0242644 0.0000000 0.0321912 0.0286599 0.0835480 0.0000000 0.0000000 0.0651616 0.0227860 0.1847921 0.0000000 0.0000000 0.0000000
 85 T  85 0.0908505 0.0231346 0.0000000 0.0000000 0.0000000 0.2818032 0.0177492 0.0000000 0.0000000 0.0508643 0.0977918 0.0101214 0.0658491 0.0218405 0.0000000 0.0167596 0.1212613 0.0000000 0.0115363 0.1904382
 86 A  86 0.3581199 0.0000000 0.0000000 0.0000000 0.0000000 0.0000000 0.0457855 0.0099948 0.0000000 0.1525570 0.1658114 0.0000000 0.0391184 0.0000000 0.0000000 0.0387269 0.0269388 0.0000000 0.0000000 0.1629474
 87 K  87 0.2516645 0.1437542 0.0000000 0.0563665 0.0000000 0.0376854 0.0721254 0.0000000 0.0335158 0.1034270 0.0000000 0.1369913 0.0000000 0.0000000 0.0428430 0.0289843 0.0783799 0.0000000 0.0000000 0.0142627
 88 R  88 0.2667644 0.0993585 0.0440576 0.0439093 0.0000000 0.1155794 0.0285090 0.0000000 0.0149885 0.0603734 0.0141873 0.1590292 0.0000000 0.0000000 0.0000000 0.0367287 0.1006634 0.0000000 0.0000000 0.0158513
 89 N  89 0.0964906 0.0000000 0.5100542 0.0000000 0.0000000 0.0382440 0.0000000 0.1455504 0.0639220 0.0000000 0.0428430 0.0000000 0.0000000 0.0000000 0.0000000 0.0337630 0.0453301 0.0000000 0.0238028 0.0000000
 90 Q  90 0.2178229 0.1305590 0.0781094 0.0153230 0.0000000 0.2552339 0.0000000 0.0000000 0.0100527 0.0448742 0.0223525 0.0199046 0.0000000 0.0000000 0.0000000 0.0649318 0.0747536 0.0428430 0.0115363 0.0117029
 91 Q  91 0.2586459 0.1206231 0.0000000 0.0092086 0.0387994 0.1062338 0.0238732 0.2499758 0.0275197 0.0000000 0.0522398 0.0328619 0.0000000 0.0106393 0.0000000 0.0210956 0.0362570 0.0000000 0.0000000 0.0120269
 92 A  92 0.3129599 0.1742971 0.0159955 0.1354299 0.0148983 0.0729982 0.0121746 0.0000000 0.0053253 0.0000000 0.0188023 0.0175744 0.0000000 0.0000000 0.0537357 0.1026708 0.0344900 0.0000000 0.0286479 0.0000000
 93 G  93 0.0374945 0.1006889 0.0247148 0.0175432 0.0000000 0.1207732 0.0389840 0.4411975 0.0000000 0.0000000 0.0000000 0.0088398 0.0000000 0.0000000 0.0433706 0.0783862 0.0847682 0.0000000 0.0032391 0.0000000
 94 N  94 0.0740957 0.1953604 0.1175713 0.0241074 0.0000000 0.0702131 0.1073184 0.0423457 0.0000000 0.0383333 0.0264270 0.0935728 0.0000000 0.0131538 0.0120845 0.0326484 0.0818422 0.0000000 0.0000000 0.0709262
 95 G  95 0.1171478 0.1247014 0.1921095 0.1660332 0.0000000 0.0650901 0.0000000 0.0697813 0.0000000 0.0209917 0.0677809 0.0000000 0.0223741 0.0000000 0.0970476 0.0000000 0.0569424 0.0000000 0.0000000 0.0000000
 96 W  96 0.0279556 0.0000000 0.0000000 0.0000000 0.0000000 0.0222260 0.0000000 0.0635602 0.0000000 0.0816675 0.1356292 0.0288219 0.0000000 0.0000000 0.0000000 0.0274489 0.1776047 0.3304863 0.0000000 0.1045997
 97 D  97 0.0222260 0.0000000 0.1658390 0.2130972 0.0000000 0.0000000 0.0000000 0.0000000 0.0000000 0.0288203 0.0000000 0.0141070 0.0000000 0.0000000 0.0446203 0.0815046 0.4297856 0.0000000 0.0000000 0.0000000
 98 F  98 0.0623129 0.0308462 0.0000000 0.0000000 0.0000000 0.0000000 0.0375585 0.0757174 0.0000000 0.1182421 0.3019766 0.0276225 0.0000000 0.1554310 0.0000000 0.0142948 0.0000000 0.0000000 0.1132480 0.0627499
 99 D  99 0.0375400 0.0000000 0.0387948 0.5973105 0.0000000 0.0776305 0.1202999 0.0000000 0.0152363 0.0000000 0.0000000 0.0439033 0.0000000 0.0000000 0.0121572 0.0571275 0.0000000 0.0000000 0.0000000 0.0000000
100 M 100 0.0173458 0.1864552 0.0000000 0.0185908 0.0000000 0.0426525 0.0788478 0.0000000 0.0752961 0.0373747 0.0870567 0.1506174 0.2675045 0.0000000 0.0000000 0.0000000 0.0156498 0.0000000 0.0000000 0.0226088
101 L 101 0.0000000 0.0000000 0.0000000 0.0000000 0.0000000 0.0000000 0.0000000 0.0000000 0.0226440 0.0812048 0.7519128 0.0000000 0.0261296 0.0476187 0.0000000 0.0000000 0.0000000 0.0000000 0.0000000 0.0704900
102 T 102 0.0268390 0.0000000 0.0307022 0.0000000 0.0752961 0.0142868 0.0000000 0.0000000 0.0000000 0.0537357 0.2842276 0.1058967 0.1055016 0.0020677 0.0119485 0.0000000 0.2336013 0.0000000 0.0000000 0.0558969
103 G 103 0.0000000 0.0000000 0.0000000 0.0084141 0.0000000 0.0000000 0.0000000 0.9486930 0.0000000 0.0000000 0.0000000 0.0000000 0.0000000 0.0000000 0.0000000 0.0428930 0.0000000 0.0000000 0.0000000 0.0000000
104 S 104 0.0216995 0.0521559 0.0274269 0.2050239 0.0000000 0.1413395 0.1612298 0.0000000 0.0447076 0.0247949 0.0061266 0.0324141 0.0369376 0.0206048 0.0000000 0.0613113 0.1454682 0.0000000 0.0000000 0.0187594
105 G 105 0.0780776 0.0376223 0.0000000 0.0364737 0.0000000 0.0000000 0.0000000 0.7539569 0.0328851 0.0000000 0.0000000 0.0000000 0.0000000 0.0000000 0.0232618 0.0213441 0.0163786 0.0000000 0.0000000 0.0000000
106 N 106 0.1278476 0.0865787 0.0770341 0.1137281 0.0088834 0.0425459 0.1166667 0.0000000 0.0032027 0.0558012 0.0000000 0.0000000 0.1203977 0.0000000 0.2139925 0.0147307 0.0185908 0.0000000 0.0000000 0.0000000
107 Y 107 0.0675143 0.0000000 0.0000000 0.0312315 0.0000000 0.0000000 0.0000000 0.0000000 0.0237013 0.0338896 0.0272382 0.0000000 0.0763637 0.2622052 0.0000000 0.0000000 0.0078926 0.1380183 0.2857918 0.0461534
108 S 108 0.2399101 0.0182999 0.0501522 0.0854593 0.0000000 0.0563295 0.0727888 0.1715184 0.0000000 0.0619530 0.0459583 0.0246883 0.0079485 0.0000000 0.0000000 0.1548142 0.0101794 0.0000000 0.0000000 0.0000000
109 S 109 0.1127039 0.0000000 0.2259728 0.0979631 0.0159341 0.0849284 0.0000000 0.0149495 0.0000000 0.0081625 0.0294810 0.0421800 0.0000000 0.0000000 0.0000000 0.1243364 0.1902621 0.0000000 0.0301403 0.0229859
110 T 110 0.0820468 0.0000000 0.1115635 0.0000000 0.0000000 0.0159081 0.0720357 0.0000000 0.0000000 0.0994491 0.0180062 0.0000000 0.0423192 0.0185454 0.4046296 0.0000000 0.1198221 0.0000000 0.0000000 0.0156745
111 D 111 0.0427399 0.0275076 0.1144290 0.0969684 0.0000000 0.2265056 0.2305293 0.0240267 0.0173955 0.0000000 0.0180148 0.0178943 0.0000000 0.0000000 0.0220811 0.0612910 0.1006168 0.0000000 0.0000000 0.0000000
112 A 112 0.0767622 0.0000000 0.0670865 0.1533128 0.0000000 0.1764583 0.0399537 0.1337221 0.0234697 0.0000000 0.0228109 0.1234275 0.0000000 0.0000000 0.0000000 0.0834702 0.0489581 0.0000000 0.0000000 0.0505678
113 Q 113 0.0000000 0.0000000 0.0000000 0.0000000 0.0000000 0.9876420 0.0000000 0.0000000 0.0000000 0.0000000 0.0000000 0.0123580 0.0000000 0.0000000 0.0000000 0.0000000 0.0000000 0.0000000 0.0000000 0.0000000
114 M 114 0.4178899 0.0165388 0.0000000 0.0000000 0.0000000 0.0188991 0.0000000 0.0000000 0.0000000 0.1138053 0.1491932 0.0000000 0.0524182 0.0000000 0.0000000 0.0308117 0.1629685 0.0000000 0.0000000 0.0374754
115 Q 115 0.1622925 0.1006371 0.1975326 0.0143297 0.0000000 0.2090366 0.0280237 0.0698069 0.0478143 0.0000000 0.0334539 0.0958414 0.0000000 0.0000000 0.0000000 0.0000000 0.0000000 0.0000000 0.0000000 0.0412311
116 Y 116 0.0000000 0.0419835 0.0000000 0.0000000 0.0161310 0.0000000 0.0000000 0.0000000 0.0122778 0.1361321 0.3348064 0.0000000 0.0435033 0.1095590 0.0000000 0.0189616 0.0000000 0.0000000 0.2866453 0.0000000
117 D 117 0.0000000 0.0275158 0.0000000 0.0854356 0.0000000 0.0561552 0.0000000 0.0288906 0.0509498 0.0116651 0.1526754 0.0167053 0.0230598 0.0000000 0.4054974 0.0891883 0.0522617 0.0000000 0.0000000 0.0000000
118 P 118 0.0222802 0.1241898 0.0763396 0.0786707 0.0000000 0.0312015 0.0000000 0.0063515 0.0122858 0.0830539 0.0120868 0.0591408 0.0000000 0.0000000 0.2990217 0.0149400 0.0505010 0.0752668 0.0000000 0.0546698
119 G 119 0.1080057 0.0086373 0.0000000 0.0177233 0.0000000 0.1051026 0.1153456 0.4362893 0.0280237 0.0000000 0.0000000 0.0303437 0.0237258 0.0000000 0.0826390 0.0152734 0.0000000 0.0000000 0.0000000 0.0288906
120 L 120 0.2608249 0.0234515 0.0000000 0.0226588 0.0000000 0.0192453 0.1462155 0.0000000 0.0000000 0.0128669 0.2246656 0.0000000 0.0672677 0.0000000 0.0000000 0.0000000 0.0000000 0.0000000 0.0000000 0.2228039
121 F 121 0.0000000 0.0000000 0.0000000 0.0000000 0.0000000 0.0000000 0.0426968 0.0000000 0.0000000 0.0442424 0.5565990 0.0000000 0.0000000 0.1012819 0.0000000 0.0179924 0.0000000 0.0000000 0.2371875 0.0000000
122 A 122 0.1847703 0.0000000 0.0000000 0.1264284 0.0000000 0.0185370 0.1321877 0.0000000 0.0597693 0.0529918 0.0551955 0.0236244 0.0148170 0.0000000 0.0771406 0.0590841 0.0228099 0.0000000 0.0000000 0.1726442
123 Q 123 0.1953004 0.0000000 0.0000000 0.1112445 0.0000000 0.5031048 0.0000000 0.0000000 0.0000000 0.0606393 0.0532124 0.0161565 0.0000000 0.0403242 0.0000000 0.0000000 0.0200179 0.0000000 0.0000000 0.0000000
124 I 124 0.0194494 0.0000000 0.0000000 0.0000000 0.0308078 0.0000000 0.0000000 0.0000000 0.0000000 0.5847205 0.0000000 0.0000000 0.0000000 0.0253902 0.0000000 0.0642189 0.0882596 0.0000000 0.0000000 0.1871536
125 Q 125 0.1684407 0.1736353 0.1121282 0.0033330 0.0167908 0.0788990 0.0110156 0.0308078 0.0000000 0.0000000 0.0000000 0.0852567 0.0000000 0.0000000 0.0000000 0.1194147 0.2002783 0.0000000 0.0000000 0.0000000
126 A 126 0.2472595 0.0759299 0.0783580 0.0302494 0.0000000 0.0576895 0.1414912 0.0000000 0.0346663 0.0167908 0.0000000 0.0995722 0.0135063 0.0000000 0.0000000 0.0938237 0.1106632 0.0000000 0.0000000 0.0000000
127 A 127 0.4845030 0.0000000 0.0192086 0.0000000 0.0742607 0.0000000 0.0000000 0.0000000 0.0000000 0.1626739 0.0350619 0.0000000 0.0498617 0.0000000 0.0000000 0.1102074 0.0605474 0.0000000 0.0000000 0.0036753
128 A 128 0.7312034 0.0158097 0.0000000 0.0000000 0.0471493 0.0000000 0.0000000 0.1147031 0.0000000 0.0000000 0.0000000 0.0000000 0.0000000 0.0000000 0.0165875 0.0663075 0.0035244 0.0000000 0.0000000 0.0047152
129 T 129 0.0205098 0.1277493 0.0179843 0.0000000 0.0772361 0.0036753 0.0608304 0.0000000 0.0000000 0.1900018 0.3513224 0.0224040 0.0153266 0.0082333 0.0000000 0.0000000 0.0855180 0.0000000 0.0000000 0.0192086
130 K 130 0.1302331 0.3140623 0.0402566 0.0298219 0.0000000 0.2283562 0.0000000 0.0806723 0.0000000 0.0000000 0.0192086 0.1573890 0.0000000 0.0000000 0.0000000 0.0000000 0.0000000 0.0000000 0.0000000 0.0000000
131 A 131 0.9286681 0.0091594 0.0000000 0.0000000 0.0000000 0.0000000 0.0153102 0.0000000 0.0000000 0.0000000 0.0000000 0.0000000 0.0000000 0.0000000 0.0097991 0.0000000 0.0370632 0.0000000 0.0000000 0.0000000
132 W 132 0.0000000 0.0053804 0.0000000 0.0000000 0.0000000 0.0000000 0.0000000 0.0100842 0.0000000 0.0000000 0.1442556 0.0000000 0.0000000 0.2204342 0.0000000 0.0000000 0.0000000 0.6198456 0.0000000 0.0000000
133 R 133 0.0425174 0.3787184 0.0104074 0.0312563 0.0000000 0.0166634 0.0140417 0.0504622 0.0000000 0.0000000 0.0850198 0.2727493 0.0000000 0.0686214 0.0125075 0.0000000 0.0000000 0.0000000 0.0170352 0.0000000
134 K 134 0.1124986 0.0789962 0.0000000 0.0000000 0.0000000 0.0841424 0.1324631 0.0372837 0.0000000 0.0183796 0.0054964 0.4070333 0.0161984 0.0000000 0.0000000 0.0690204 0.0000000 0.0000000 0.0000000 0.0384880
135 L 135 0.0000000 0.0000000 0.0000000 0.0000000 0.0000000 0.0000000 0.0000000 0.0000000 0.0000000 0.2697399 0.4738601 0.0000000 0.0000000 0.0355693 0.0000000 0.0000000 0.0000000 0.0000000 0.0000000 0.2208306
136 P 136 0.2256156 0.0829202 0.0000000 0.0000000 0.0000000 0.0825684 0.0000000 0.0000000 0.0000000 0.0000000 0.0000000 0.0270600 0.0000000 0.0000000 0.4732823 0.0942269 0.0143267 0.0000000 0.0000000 0.0000000
137 V 137 0.0317360 0.2502327 0.0930711 0.1201635 0.0000000 0.0703389 0.0350757 0.0245160 0.0000000 0.0036452 0.0000000 0.0542468 0.0000000 0.0000000 0.1510302 0.0833575 0.0000000 0.0000000 0.0000000 0.0825865
138 K 138 0.1453322 0.1360346 0.0000000 0.0000000 0.0000000 0.0228435 0.0045799 0.0407107 0.0000000 0.0000000 0.1432126 0.2140789 0.0000000 0.0000000 0.1640327 0.0652593 0.0433928 0.0000000 0.0000000 0.0205228
139 G 139 0.1854872 0.0000000 0.0000000 0.0167470 0.0000000 0.0000000 0.0000000 0.7153045 0.0000000 0.0000000 0.0000000 0.0319866 0.0000000 0.0000000 0.0000000 0.0000000 0.0463192 0.0041557 0.0000000 0.0000000
140 D 140 0.0000000 0.0000000 0.0000000 0.1168134 0.0000000 0.0000000 0.8831866 0.0000000 0.0000000 0.0000000 0.0000000 0.0000000 0.0000000 0.0000000 0.0000000 0.0000000 0.0000000 0.0000000 0.0000000 0.0000000
