  114         A         R         N         D         C         Q         E         G         H         I         L         K         M         F         P         S         T         W         Y         V    
  1 P   1 0.0000000 0.0000000 0.0000000 0.0000000 0.0000000 0.0000000 0.0000000 0.0000000 0.0000000 0.0000000 0.0000000 0.0000000 0.0000000 0.0000000 1.0000000 0.0000000 0.0000000 0.0000000 0.0000000 0.0000000
  2 M   2 0.0133407 0.0043934 0.0051286 0.0000000 0.0989188 0.0048349 0.0074880 0.0000000 0.0241365 0.0958262 0.1548138 0.0123372 0.0634359 0.1912576 0.0000000 0.0374972 0.0622214 0.0000000 0.1323789 0.0919908
  3 F   3 0.0622009 0.0000000 0.0000000 0.0000000 0.0537237 0.0000000 0.0000000 0.0000000 0.0000000 0.3284763 0.2761986 0.0000000 0.0041056 0.1108983 0.0000000 0.0000000 0.0031388 0.0000000 0.0000000 0.1612579
  4 I   4 0.0217812 0.0575359 0.1326454 0.0436514 0.0000000 0.0785536 0.2039746 0.0056077 0.0298080 0.0501217 0.0131177 0.0810767 0.0215535 0.0122208 0.0000000 0.0701865 0.0995105 0.0000000 0.0159104 0.0627444
  5 V   5 0.0146761 0.0044597 0.0000000 0.0000000 0.0042020 0.0000000 0.0000000 0.0000000 0.0000000 0.2795183 0.2865220 0.0000000 0.0336588 0.0361560 0.0020345 0.0455087 0.0379783 0.0000000 0.0000000 0.2552856
  6 N   6 0.0261280 0.0873813 0.0852667 0.0520906 0.0022884 0.1021238 0.0613022 0.0000000 0.0577599 0.0265011 0.0106098 0.1888018 0.0000000 0.0528490 0.0000000 0.0935839 0.1023138 0.0000000 0.0286233 0.0223765
  7 T   7 0.0118671 0.0000000 0.0000000 0.0000000 0.0103606 0.0000000 0.0000000 0.0000000 0.0000000 0.0206269 0.0350194 0.0000000 0.0035641 0.0000000 0.0000000 0.0785520 0.7726221 0.0000000 0.0000000 0.0673877
  8 N   8 0.0096351 0.0000000 0.7976809 0.0000000 0.0000000 0.0000000 0.0000000 0.0049041 0.0000000 0.0000000 0.0000000 0.0177055 0.0000000 0.0000000 0.0086712 0.1240498 0.0322987 0.0000000 0.0000000 0.0050547
  9 V   9 0.0248045 0.0036175 0.0000000 0.0000000 0.0048134 0.0366523 0.0164190 0.0000000 0.0095199 0.0799277 0.1739755 0.0447446 0.0054000 0.0169625 0.0000000 0.0203213 0.0226556 0.0000000 0.0086451 0.5315412
 10 P  10 0.1198519 0.0257138 0.0490510 0.0258013 0.0114471 0.0437955 0.0167582 0.0000000 0.0000000 0.0134741 0.0239251 0.1759374 0.0000000 0.0033236 0.2715339 0.1600301 0.0512434 0.0000000 0.0000000 0.0081135
 11 R  11 0.1741993 0.0589011 0.0063945 0.0144199 0.0114338 0.0263694 0.0504713 0.0029207 0.0116310 0.1056767 0.2016723 0.0757813 0.0251479 0.0260596 0.0207348 0.0588002 0.0365220 0.0000000 0.0031924 0.0896718
 12 A  12 0.1091594 0.0032236 0.0284567 0.2320114 0.0076941 0.0162597 0.0541658 0.0257828 0.0000000 0.0381235 0.0098886 0.0248509 0.0000000 0.0023582 0.0446691 0.2455877 0.1004031 0.0000000 0.0037925 0.0535729
 13 S  13 0.0899009 0.1080339 0.0592688 0.1634680 0.0000000 0.0580407 0.0872756 0.0566443 0.0049348 0.0000000 0.0025652 0.1577485 0.0000000 0.0023241 0.0305965 0.1308652 0.0124860 0.0000000 0.0078798 0.0279675
 14 V  14 0.0709799 0.0049162 0.0173732 0.1530802 0.0041132 0.0312589 0.1706408 0.0133293 0.0050230 0.1214342 0.0512804 0.0182557 0.0046364 0.0361639 0.0038960 0.0098635 0.0184095 0.0000000 0.0000000 0.2653456
 15 P  15 0.0460093 0.0200181 0.0128476 0.0308579 0.0026756 0.1019772 0.0904067 0.0102880 0.0000000 0.0223071 0.0021965 0.1491237 0.0059299 0.0099937 0.2875837 0.0642092 0.1097039 0.0020723 0.0000000 0.0317998
 16 D  16 0.1069400 0.0346998 0.0461361 0.1170557 0.0000000 0.0624798 0.2065214 0.0052985 0.0137947 0.0126096 0.0033814 0.1499502 0.0000000 0.0314629 0.0254818 0.1241084 0.0224992 0.0000000 0.0157440 0.0218365
 17 G  17 0.1665182 0.0091186 0.0357180 0.1902415 0.0000000 0.0195852 0.1750013 0.1343214 0.0117708 0.0046429 0.0023866 0.0717447 0.0027118 0.0020270 0.0129714 0.0905733 0.0617716 0.0000000 0.0000000 0.0088956
 18 F  18 0.0385173 0.0159333 0.0089101 0.0000000 0.0054831 0.0000000 0.0063857 0.0000000 0.0000000 0.1454367 0.3356524 0.0030546 0.0035208 0.3549087 0.0000000 0.0117984 0.0289297 0.0000000 0.0000000 0.0414693
 19 L  19 0.0793207 0.0073403 0.0114678 0.0098127 0.0237255 0.0109726 0.0713811 0.0042923 0.0209570 0.0732514 0.4340675 0.0866113 0.0432153 0.0280728 0.0062507 0.0137171 0.0077098 0.0000000 0.0024700 0.0653643
 20 S  20 0.0657263 0.0298860 0.0082715 0.0169893 0.0016500 0.0472893 0.0722701 0.0084007 0.0000000 0.0130542 0.0626430 0.2991400 0.0032123 0.0000000 0.0047969 0.2109250 0.1139775 0.0000000 0.0000000 0.0417678
 21 E  21 0.0824372 0.1011962 0.0273061 0.1473176 0.0000000 0.0516503 0.2886175 0.0249336 0.0000000 0.0079338 0.0138772 0.1077909 0.0000000 0.0000000 0.0000000 0.0622650 0.0469013 0.0116667 0.0033247 0.0227818
 22 L  22 0.1443063 0.0000000 0.0000000 0.0000000 0.0172914 0.0000000 0.0020195 0.0000000 0.0000000 0.1129080 0.4485272 0.0000000 0.0192084 0.0987748 0.0000000 0.0129674 0.0648140 0.0000000 0.0028444 0.0763387
 23 T  23 0.0814291 0.0080629 0.0047502 0.0039974 0.0703773 0.0000000 0.0302620 0.1342316 0.0059369 0.0270890 0.0037183 0.0043966 0.0037378 0.0000000 0.0109911 0.3889364 0.1807456 0.0000000 0.0160975 0.0252404
 24 Q  24 0.1176760 0.0591200 0.0498851 0.0454410 0.0022759 0.0989133 0.0861107 0.0165222 0.0292269 0.0174645 0.0179909 0.2443777 0.0000000 0.0183500 0.0075986 0.1018318 0.0350902 0.0000000 0.0324430 0.0196820
 25 Q  25 0.2610516 0.0301432 0.0172296 0.0040142 0.0048286 0.0559204 0.0621089 0.0175123 0.0418464 0.0531621 0.1806084 0.0346243 0.0259490 0.0535118 0.0000000 0.0357871 0.0525766 0.0000000 0.0058883 0.0632372
 26 L  26 0.0690595 0.0083582 0.0000000 0.0000000 0.0094871 0.0000000 0.0000000 0.0049820 0.0000000 0.2151491 0.3239912 0.0000000 0.0582602 0.0308430 0.0000000 0.0065978 0.0456480 0.0041074 0.0000000 0.2235164
 27 A  27 0.5157911 0.0150421 0.0038005 0.0000000 0.0309774 0.0068359 0.0314376 0.0242471 0.0000000 0.0037250 0.0041042 0.0178819 0.0035919 0.0000000 0.0098794 0.2550201 0.0505750 0.0000000 0.0120483 0.0150426
 28 Q  28 0.0687479 0.0382195 0.0437060 0.0577361 0.0022107 0.0782027 0.1729658 0.0188985 0.0032403 0.0367840 0.0443535 0.2113932 0.0112361 0.0124136 0.0063132 0.0724211 0.0900722 0.0000000 0.0000000 0.0310855
 29 A  29 0.1091356 0.0591939 0.0161253 0.0079273 0.0033577 0.0242514 0.0209895 0.0121066 0.0358924 0.2683114 0.1590186 0.0137372 0.0210957 0.0155806 0.0000000 0.0479523 0.0515509 0.0040885 0.0000000 0.1296851
 30 T  30 0.0108622 0.0000000 0.0000000 0.0037530 0.0037591 0.0000000 0.0000000 0.0000000 0.0000000 0.0869782 0.4096677 0.0000000 0.0771011 0.0436680 0.1413001 0.0136460 0.1043609 0.0037938 0.0735139 0.0275958
 31 G  31 0.0115389 0.0175779 0.0769418 0.0607542 0.0030213 0.0855999 0.0312586 0.5583208 0.0106394 0.0037221 0.0000000 0.0724729 0.0000000 0.0000000 0.0072940 0.0391278 0.0179018 0.0000000 0.0000000 0.0038287
 32 K  32 0.0000000 0.1238385 0.0080084 0.0072684 0.0000000 0.0000000 0.0058036 0.0067979 0.0000000 0.0000000 0.0128788 0.7848063 0.0106935 0.0082510 0.0000000 0.0050552 0.0162123 0.0000000 0.0000000 0.0103862
 33 P  33 0.0074353 0.0119601 0.0112814 0.0360343 0.0000000 0.0024798 0.0130067 0.0033217 0.0114846 0.0000000 0.0101991 0.0288850 0.0000000 0.0000000 0.6668100 0.1557968 0.0357751 0.0000000 0.0055301 0.0000000
 34 P  34 0.0864951 0.0239101 0.0092959 0.0071269 0.0000000 0.0295867 0.5756949 0.0070750 0.0000000 0.0255478 0.0404477 0.0425605 0.0106813 0.0000000 0.0426003 0.0155307 0.0248884 0.0000000 0.0000000 0.0585586
 35 Q  35 0.0974211 0.0484613 0.0566528 0.0907605 0.0000000 0.0987904 0.1035670 0.0316410 0.0081555 0.0077399 0.0082651 0.0801412 0.0073529 0.0023425 0.0238602 0.2897892 0.0354667 0.0035122 0.0000000 0.0060807
 36 Y  36 0.0299772 0.1052191 0.0161068 0.0146704 0.0119523 0.0169016 0.0077726 0.0162511 0.0215279 0.0071924 0.0355387 0.0321871 0.0033392 0.0752346 0.0000000 0.0966941 0.0045591 0.0931568 0.3791023 0.0326167
 37 I  37 0.0092646 0.0000000 0.0000000 0.0000000 0.0299317 0.0000000 0.0000000 0.0000000 0.0000000 0.2932096 0.1493797 0.0000000 0.0722624 0.0328483 0.0000000 0.0046585 0.0225702 0.0000000 0.0000000 0.3858751
 38 A  38 0.1129449 0.0000000 0.0537128 0.0000000 0.0389559 0.0028990 0.0079817 0.0038443 0.0000000 0.0307378 0.0460009 0.0000000 0.4580015 0.0179821 0.0000000 0.0582456 0.0672880 0.0070001 0.0000000 0.0944053
 39 V  39 0.0393364 0.0000000 0.0000000 0.0000000 0.0191383 0.0000000 0.0000000 0.0047936 0.0000000 0.1218369 0.0578628 0.0000000 0.0244551 0.0000000 0.0000000 0.0224280 0.0958203 0.0000000 0.0000000 0.6143285
 40 H  40 0.0525711 0.0396999 0.0654720 0.0132956 0.0185036 0.0608590 0.0361957 0.0620714 0.1251288 0.0290706 0.0585325 0.0153496 0.0455547 0.0034007 0.0120184 0.1170266 0.1784683 0.0000000 0.0064495 0.0603319
 41 V  41 0.0080290 0.0000000 0.0000000 0.0000000 0.0022133 0.0000000 0.0060732 0.0036360 0.0000000 0.2037123 0.2888230 0.0000000 0.0118337 0.1461880 0.0000000 0.0082464 0.0022768 0.0060743 0.0357145 0.2771794
 42 V  42 0.0189140 0.0900523 0.0990022 0.0982089 0.0045082 0.0938797 0.2164289 0.0000000 0.0448584 0.0306235 0.0287514 0.0652402 0.0121581 0.0000000 0.0000000 0.0389666 0.0627133 0.0000000 0.0061462 0.0895481
 43 P  43 0.0543615 0.0078633 0.0000000 0.1965314 0.0075905 0.0242892 0.0191641 0.1004534 0.0930242 0.0000000 0.0200557 0.0124685 0.0030344 0.0046303 0.2310297 0.0662119 0.0926840 0.0000000 0.0500777 0.0165301
 44 D  44 0.0403278 0.0096455 0.1886682 0.2318564 0.0048200 0.0185049 0.0706222 0.2599222 0.0116869 0.0027543 0.0020162 0.0128914 0.0000000 0.0000000 0.0027216 0.1166915 0.0106767 0.0000000 0.0000000 0.0161943
 45 Q  45 0.1367123 0.0189709 0.0000000 0.0109404 0.0513872 0.1974872 0.0426868 0.0207836 0.0091679 0.0310354 0.0779454 0.0628062 0.0272586 0.0018010 0.0291472 0.0258264 0.0500684 0.0000000 0.0422895 0.1636858
 46 L  46 0.0703302 0.0855210 0.0257318 0.0613609 0.0847270 0.0531050 0.0165113 0.0193556 0.0305953 0.0287336 0.0676355 0.0515965 0.0451634 0.0125975 0.1784074 0.0855593 0.0475761 0.0060498 0.0106889 0.0187539
 47 M  47 0.0000000 0.0019110 0.0000000 0.0000000 0.0000000 0.0076532 0.0050206 0.0000000 0.0000000 0.1878173 0.2261088 0.0000000 0.5086123 0.0249748 0.0000000 0.0000000 0.0102822 0.0000000 0.0035749 0.0240449
 48 A  48 0.0635527 0.0611590 0.0035998 0.0086255 0.0354114 0.0082732 0.0028361 0.0146768 0.0182583 0.0417776 0.1218964 0.0000000 0.0432473 0.0586399 0.0000000 0.1334639 0.1613771 0.0329854 0.1322408 0.0579787
 49 F  49 0.0000000 0.0715345 0.0000000 0.0000000 0.0000000 0.0000000 0.0000000 0.0000000 0.0474979 0.0117871 0.1026659 0.0140876 0.0537289 0.6104759 0.0000000 0.0049283 0.0000000 0.0268884 0.0243172 0.0320883
 50 G  50 0.1828415 0.0427426 0.0460326 0.0080945 0.0090144 0.0338353 0.0233373 0.4945452 0.0109351 0.0076505 0.0041348 0.0316294 0.0071855 0.0046697 0.0044687 0.0768823 0.0060889 0.0000000 0.0034436 0.0024680
 51 G  51 0.0429871 0.0218361 0.0306501 0.0209849 0.0115869 0.0030561 0.0106988 0.7943552 0.0000000 0.0032765 0.0161720 0.0122257 0.0000000 0.0000000 0.0054365 0.0150605 0.0116735 0.0000000 0.0000000 0.0000000
 52 S  52 0.0094353 0.0080465 0.0796551 0.0439581 0.0000000 0.0121242 0.0457516 0.0024454 0.0077198 0.0000000 0.0141721 0.0731524 0.0057617 0.0000000 0.0101184 0.4133384 0.2633943 0.0000000 0.0000000 0.0109268
 53 S  53 0.0455504 0.0075562 0.0616055 0.1758496 0.0230347 0.0305574 0.1284367 0.0359699 0.0341182 0.0053324 0.0101882 0.0630167 0.0028613 0.0919516 0.0258771 0.0812417 0.1507269 0.0000000 0.0120511 0.0140746
 54 E  54 0.0923597 0.0197601 0.0112480 0.3214720 0.0044527 0.0283674 0.3710154 0.0191018 0.0049325 0.0106996 0.0186289 0.0174943 0.0048597 0.0018094 0.0062628 0.0214751 0.0287905 0.0000000 0.0000000 0.0172701
 55 P  55 0.0241214 0.0000000 0.0215319 0.0384832 0.0000000 0.0125708 0.0051147 0.0144996 0.0047132 0.0000000 0.0137069 0.0489747 0.0000000 0.0000000 0.7743256 0.0120930 0.0183419 0.0000000 0.0115233 0.0000000
 56 C  56 0.3203663 0.0037395 0.0056620 0.0000000 0.2996573 0.0000000 0.0000000 0.0577332 0.0064966 0.0222714 0.0386259 0.0060389 0.0300805 0.0096268 0.0000000 0.0465275 0.0589489 0.0084791 0.0212289 0.0645171
 57 A  57 0.5333013 0.0000000 0.0000000 0.0000000 0.1051286 0.0000000 0.0000000 0.0408349 0.0000000 0.0337570 0.0092255 0.0000000 0.0227832 0.0422793 0.0053245 0.0000000 0.0366984 0.0000000 0.1150794 0.0555879
 58 L  58 0.0057017 0.0099568 0.0049501 0.0000000 0.0129258 0.0698545 0.0000000 0.0000000 0.0147267 0.0984829 0.1821290 0.0048371 0.0580916 0.1822986 0.0000000 0.0267344 0.0214599 0.0049138 0.2281206 0.0748163
 59 C  59 0.0877316 0.0021708 0.0000000 0.0000000 0.1012851 0.0000000 0.0000000 0.0677509 0.0000000 0.1305302 0.1960301 0.0000000 0.0883321 0.0164236 0.0000000 0.0128645 0.0027534 0.0000000 0.0070334 0.2870943
 60 S  60 0.0072451 0.0589631 0.0680629 0.0603812 0.0116158 0.0219760 0.3350810 0.0000000 0.0351615 0.0053199 0.0183186 0.0420252 0.0076073 0.0207601 0.0000000 0.1539279 0.1071664 0.0000000 0.0115157 0.0348723
 61 L  61 0.0141866 0.0000000 0.0000000 0.0000000 0.0152347 0.0000000 0.0000000 0.0000000 0.0000000 0.2546640 0.3341251 0.0000000 0.0080410 0.0388833 0.0000000 0.0000000 0.0045763 0.0000000 0.0051156 0.3251735
 62 H  62 0.0319140 0.0834755 0.0305740 0.0134422 0.0052550 0.0427482 0.0400849 0.0128870 0.0804282 0.0311141 0.0097343 0.2081350 0.0349942 0.0258457 0.0000000 0.1333381 0.1167064 0.0000000 0.0419787 0.0573444
 63 S  63 0.1600005 0.0084267 0.0233580 0.0081128 0.0211229 0.0000000 0.0000000 0.0161054 0.0000000 0.0651281 0.0512089 0.0030657 0.0000000 0.0101516 0.0000000 0.5315238 0.0354678 0.0000000 0.0116429 0.0546849
 64 I  64 0.0041250 0.0057875 0.0000000 0.0000000 0.0028862 0.0029787 0.0077043 0.0000000 0.0042730 0.4936896 0.1996927 0.0095252 0.0187451 0.0742121 0.0000000 0.0175699 0.0363053 0.0038237 0.0507709 0.0679109
 65 G  65 0.0184485 0.0170141 0.0341028 0.0272020 0.0240587 0.0068770 0.0058676 0.6960602 0.0049794 0.0000000 0.0067494 0.0066363 0.0000000 0.0000000 0.0626185 0.0410623 0.0260992 0.0042391 0.0050354 0.0129495
 66 K  66 0.0792995 0.0360748 0.0849090 0.0277695 0.0169941 0.0187595 0.0262448 0.1944220 0.0329827 0.0043552 0.0273451 0.1430590 0.0091682 0.0000000 0.0243262 0.1225439 0.0483567 0.0000000 0.0000000 0.1033897
 67 I  67 0.0292543 0.0057915 0.0102082 0.0000000 0.0041667 0.0046418 0.0152888 0.0052229 0.0077536 0.2323132 0.3160155 0.0000000 0.0565352 0.0696772 0.0198374 0.0242953 0.0488792 0.0000000 0.0163042 0.1338152
 68 G  68 0.0557631 0.0260210 0.1094228 0.1090555 0.0086699 0.0375898 0.0371797 0.2458405 0.0080827 0.0018854 0.0022686 0.0467595 0.0000000 0.0000000 0.0596284 0.1614396 0.0903935 0.0000000 0.0000000 0.0000000
 69 G  69 0.1305202 0.0782553 0.0146301 0.0540688 0.0000000 0.0212404 0.0563604 0.1042426 0.0220642 0.0232032 0.0266189 0.0419197 0.0032361 0.0064617 0.3221425 0.0467405 0.0139260 0.0000000 0.0113712 0.0229981
 70 A  70 0.1324522 0.0253422 0.0207565 0.1007006 0.0000000 0.0440925 0.2850466 0.0365391 0.0000000 0.0371507 0.0227387 0.0431462 0.0000000 0.0000000 0.0205027 0.1332646 0.0793679 0.0000000 0.0000000 0.0188995
 71 Q  71 0.0931330 0.0540662 0.0517344 0.0554860 0.0128416 0.1623913 0.1358589 0.0389664 0.0120437 0.0039158 0.0613855 0.0874556 0.0091660 0.0080943 0.0044261 0.0152382 0.1042007 0.0000000 0.0163125 0.0732840
 72 N  72 0.0196474 0.0059978 0.5901522 0.0064228 0.0423612 0.0046637 0.0000000 0.0000000 0.0066608 0.0216062 0.0112044 0.0917937 0.0000000 0.0179499 0.0206536 0.0207068 0.0833068 0.0145088 0.0344407 0.0079233
 73 R  73 0.0245015 0.1414647 0.0411493 0.0346210 0.0212834 0.0359009 0.1413561 0.0433003 0.0078774 0.0295738 0.0418629 0.2788249 0.0026683 0.0040435 0.0683698 0.0367699 0.0149743 0.0000000 0.0132067 0.0182515
 74 S  74 0.1054523 0.1558561 0.0472611 0.0206186 0.0032972 0.0591004 0.1286958 0.0389161 0.0115934 0.0153184 0.0122826 0.2437810 0.0111996 0.0000000 0.0000000 0.0809620 0.0515659 0.0000000 0.0000000 0.0140994
 75 Y  75 0.0253703 0.0110561 0.0653619 0.0000000 0.0032339 0.0044618 0.0000000 0.0000000 0.1351137 0.0703488 0.2244604 0.0053658 0.0922507 0.0861996 0.0000000 0.0128518 0.0254649 0.0127918 0.1951916 0.0304770
 76 S  76 0.1949732 0.0000000 0.0227935 0.0051748 0.0230181 0.0000000 0.0000000 0.0200778 0.0049361 0.0477763 0.0000000 0.0046122 0.0000000 0.0000000 0.0000000 0.4168688 0.2266632 0.0000000 0.0040898 0.0290161
 77 K  77 0.2972929 0.0248413 0.0092986 0.0651848 0.0000000 0.0439934 0.0727722 0.0365700 0.0076179 0.0177652 0.0148071 0.2363762 0.0000000 0.0037013 0.0112886 0.0897657 0.0341415 0.0000000 0.0014297 0.0331536
 78 L  78 0.2287748 0.0571579 0.0238676 0.0367538 0.0000000 0.0335513 0.0917843 0.0171700 0.0194347 0.0278784 0.1764924 0.1429887 0.0152696 0.0035567 0.0127029 0.0264371 0.0437172 0.0000000 0.0049306 0.0375322
 79 L  79 0.0000000 0.0000000 0.0000000 0.0000000 0.0000000 0.0000000 0.0000000 0.0000000 0.0000000 0.3819134 0.3568387 0.0000000 0.0415241 0.1483569 0.0000000 0.0000000 0.0000000 0.0000000 0.0038370 0.0675297
 80 C  80 0.0775760 0.0057000 0.0000000 0.0000000 0.2255011 0.1107855 0.0069754 0.0275358 0.0092647 0.0106027 0.0315548 0.0049729 0.0389959 0.1348656 0.0026926 0.1063849 0.1450921 0.0000000 0.0520421 0.0094581
 81 G  81 0.1122532 0.0340962 0.0397632 0.1491503 0.0081861 0.0539195 0.2387551 0.0725801 0.0096362 0.0044792 0.0034838 0.1203847 0.0045454 0.0000000 0.0175823 0.0613112 0.0698735 0.0000000 0.0000000 0.0000000
 82 L  82 0.0807045 0.0035377 0.0000000 0.0082000 0.0049910 0.0118141 0.0414063 0.0037666 0.0698858 0.1434995 0.2231412 0.0090134 0.0116503 0.2276409 0.0039059 0.0083793 0.0377642 0.0134595 0.0429804 0.0542596
 83 L  83 0.0200672 0.0000000 0.0000000 0.0041469 0.0229109 0.0000000 0.0000000 0.0000000 0.0000000 0.2066054 0.4679184 0.0000000 0.0775049 0.0783212 0.0000000 0.0000000 0.0070898 0.0050335 0.0257498 0.0846520
 84 A  84 0.0844748 0.0249410 0.0748169 0.0092732 0.0129242 0.1263118 0.2368943 0.0172269 0.0594037 0.0021925 0.0189084 0.0734887 0.0116680 0.0029531 0.0000000 0.0973616 0.1093795 0.0000000 0.0253575 0.0124239
 85 E  85 0.0703776 0.0181595 0.0503227 0.1228036 0.0000000 0.0931419 0.2443684 0.0270346 0.0028601 0.0094696 0.0035420 0.2227769 0.0048974 0.0000000 0.0000000 0.0505763 0.0771477 0.0000000 0.0000000 0.0025216
 86 R  86 0.0529697 0.0472098 0.0503299 0.0050802 0.0029871 0.0636677 0.2577403 0.0052339 0.1059182 0.0570996 0.0165748 0.1490197 0.0027405 0.0046651 0.0088760 0.0290969 0.0690802 0.0000000 0.0098825 0.0618279
 87 L  87 0.0106284 0.0000000 0.0000000 0.0000000 0.0176782 0.0000000 0.0000000 0.0000000 0.0000000 0.0406525 0.7893728 0.0000000 0.0238123 0.0533919 0.0000000 0.0000000 0.0541852 0.0000000 0.0045805 0.0056981
 88 R  88 0.0518790 0.0322950 0.0493917 0.0455443 0.0065775 0.0133658 0.0068384 0.5230357 0.0603993 0.0000000 0.0057350 0.0963985 0.0000000 0.0028267 0.0094024 0.0811688 0.0071278 0.0000000 0.0080140 0.0000000
 89 I  89 0.0026514 0.0000000 0.0076939 0.0000000 0.0000000 0.0000000 0.0000000 0.0000000 0.0000000 0.4724185 0.1263780 0.0000000 0.0067229 0.0060758 0.0000000 0.0000000 0.0111999 0.0000000 0.0151708 0.3516887
 90 S  90 0.0691375 0.0071795 0.0289703 0.0996108 0.0017713 0.0369235 0.0604076 0.0407501 0.0096180 0.0000000 0.0275447 0.0608169 0.0000000 0.0000000 0.4021286 0.1214854 0.0266959 0.0000000 0.0000000 0.0069602
 91 P  91 0.1221203 0.0225156 0.0162737 0.0069273 0.0024935 0.0865462 0.0254565 0.0705501 0.0032618 0.0247045 0.0234021 0.1529103 0.0020022 0.0031758 0.3131045 0.0916970 0.0100150 0.0000000 0.0077807 0.0150631
 92 D  92 0.0691130 0.0173631 0.1444512 0.3783284 0.0046491 0.0214457 0.1288315 0.0326409 0.0119920 0.0000000 0.0065295 0.0217355 0.0033053 0.0025273 0.0000000 0.0987548 0.0475177 0.0000000 0.0085029 0.0023120
 93 R  93 0.0321508 0.7460174 0.0478258 0.0184872 0.0023357 0.0338416 0.0000000 0.0000000 0.0420311 0.0000000 0.0000000 0.0318311 0.0000000 0.0000000 0.0041257 0.0271594 0.0000000 0.0039855 0.0024972 0.0077117
 94 V  94 0.0109824 0.0000000 0.0072280 0.0000000 0.0430656 0.0199520 0.0000000 0.1597440 0.0000000 0.3307209 0.0298556 0.0000000 0.0652596 0.0865902 0.0000000 0.0140009 0.0218099 0.0000000 0.0039370 0.2068538
 95 Y  95 0.0000000 0.0055216 0.0099209 0.0000000 0.0040623 0.0000000 0.0044440 0.0000000 0.0042659 0.0679037 0.0588366 0.0105076 0.0222934 0.1225787 0.0000000 0.0106179 0.0135769 0.0000000 0.5790602 0.0864103
 96 I  96 0.0031809 0.0000000 0.0000000 0.0000000 0.0030437 0.0000000 0.0000000 0.0022409 0.0000000 0.5573261 0.1369825 0.0000000 0.0465459 0.0268019 0.0000000 0.0000000 0.0223006 0.0000000 0.0000000 0.2015774
 97 N  97 0.0534254 0.1229047 0.1464268 0.0131916 0.0066815 0.0341211 0.1045713 0.0100522 0.0308947 0.0237575 0.0594607 0.1670303 0.0102862 0.0088296 0.0000000 0.0671879 0.0903517 0.0000000 0.0118336 0.0389933
 98 Y  98 0.0000000 0.0000000 0.0000000 0.0000000 0.0073237 0.0000000 0.0000000 0.0000000 0.0041229 0.0549640 0.0470284 0.0000000 0.0217282 0.6278553 0.0000000 0.0031668 0.0000000 0.0000000 0.2128855 0.0209252
 99 Y  99 0.0624137 0.0287648 0.0310102 0.0708906 0.0046747 0.0634982 0.0917530 0.0075903 0.0831664 0.0484848 0.0324140 0.0056790 0.0024776 0.0805672 0.0000000 0.0714468 0.0838660 0.0047128 0.1209777 0.1056121
100 D 100 0.0491236 0.0159742 0.0863297 0.4314566 0.0000000 0.0029429 0.1438282 0.0038935 0.0095359 0.0076698 0.0034814 0.0000000 0.0000000 0.0161464 0.1572008 0.0435096 0.0119954 0.0000000 0.0054579 0.0114541
101 M 101 0.0834042 0.0131249 0.0096334 0.0000000 0.0308352 0.0109607 0.0039641 0.0000000 0.0113982 0.1298094 0.1898190 0.0250375 0.1264846 0.0116585 0.0603553 0.0341388 0.0394252 0.0000000 0.0122193 0.2077315
102 N 102 0.0849873 0.0128161 0.1050018 0.1069985 0.0046628 0.0570049 0.1358343 0.0460932 0.0000000 0.0043465 0.0028637 0.0803595 0.0000000 0.0000000 0.1912162 0.1113810 0.0491437 0.0000000 0.0038119 0.0034787
103 A 103 0.2652630 0.1267318 0.0051650 0.0087727 0.0000000 0.0135955 0.1088262 0.1106195 0.0000000 0.0040224 0.0101805 0.0139058 0.0089851 0.0117050 0.1861165 0.0347335 0.0614891 0.0000000 0.0120703 0.0178181
104 A 104 0.1984591 0.0025539 0.0228263 0.0516204 0.0034606 0.0550364 0.1741040 0.0277462 0.0875839 0.0063607 0.0227176 0.0503385 0.0020802 0.0096231 0.0158349 0.1469377 0.0371770 0.0519149 0.0236952 0.0099295
105 N 105 0.0055619 0.0092884 0.3653899 0.1356809 0.0236516 0.0803353 0.0379147 0.0090129 0.0700227 0.0043687 0.0615650 0.0000000 0.0494399 0.0547400 0.0000000 0.0556501 0.0187312 0.0021305 0.0165164 0.0000000
106 V 106 0.0031161 0.0000000 0.0000000 0.0000000 0.0277233 0.0030537 0.0000000 0.0000000 0.0000000 0.1255609 0.0804635 0.0000000 0.0416839 0.1375763 0.0000000 0.0036233 0.0120865 0.3346128 0.0206510 0.2098487
107 G 107 0.2340935 0.0000000 0.0000000 0.0096760 0.0000000 0.0076913 0.0000000 0.7316617 0.0000000 0.0000000 0.0000000 0.0000000 0.0000000 0.0000000 0.0000000 0.0131032 0.0000000 0.0000000 0.0000000 0.0037743
108 W 108 0.0095817 0.0125778 0.0130268 0.0000000 0.0259965 0.0122356 0.0000000 0.0053474 0.0127888 0.0382123 0.0055543 0.0698022 0.0347008 0.1285332 0.0000000 0.0125301 0.0788654 0.3785650 0.1289013 0.0327807
109 N 109 0.0092678 0.0103901 0.5917050 0.0634579 0.0000000 0.0508099 0.0064988 0.0932518 0.0000000 0.0031808 0.0090567 0.1042153 0.0033145 0.0000000 0.0070887 0.0477628 0.0000000 0.0000000 0.0000000 0.0000000
110 N 110 0.0117096 0.0109667 0.0335141 0.0081231 0.0000000 0.0000000 0.0058507 0.8379083 0.0106365 0.0000000 0.0000000 0.0160522 0.0000000 0.0000000 0.0000000 0.0530664 0.0000000 0.0000000 0.0121724 0.0000000
111 S 111 0.0238995 0.0851109 0.0245110 0.0123906 0.0000000 0.0067534 0.0000000 0.0727920 0.0060853 0.0166188 0.0000000 0.1181686 0.0173770 0.0062355 0.0000000 0.2556666 0.3220587 0.0000000 0.0127192 0.0196130
112 T 112 0.0066031 0.0000000 0.1110765 0.0000000 0.0000000 0.0000000 0.0000000 0.0000000 0.0000000 0.0075307 0.0323116 0.0000000 0.0065080 0.0000000 0.0066348 0.0106981 0.7500728 0.0000000 0.0000000 0.0685643
113 F 113 0.0048067 0.0000000 0.0000000 0.0000000 0.0000000 0.0000000 0.0000000 0.0072190 0.0000000 0.0829735 0.0098772 0.0000000 0.1094341 0.7051567 0.0000000 0.0000000 0.0130009 0.0000000 0.0098380 0.0576939
114 A 114 0.5337838 0.0000000 0.0000000 0.0000000 0.0000000 0.0000000 0.0000000 0.3679245 0.0000000 0.0000000 0.0000000 0.0000000 0.0000000 0.0000000 0.0000000 0.0000000 0.0982917 0.0000000 0.0000000 0.0000000
