  128         A         R         N         D         C         Q         E         G         H         I         L         K         M         F         P         S         T         W         Y         V    
  1 M   1 0.0000000 0.0000000 0.0000000 0.0000000 0.0000000 0.0000000 0.0000000 0.0000000 0.0000000 0.0808708 0.0810074 0.0000000 0.8381219 0.0000000 0.0000000 0.0000000 0.0000000 0.0000000 0.0000000 0.0000000
  2 A   2 0.2328323 0.0000000 0.0026970 0.0064063 0.0000000 0.0804699 0.0074241 0.0523433 0.0000000 0.0160844 0.0202630 0.0000000 0.4553399 0.0045036 0.0135424 0.0979266 0.0101672 0.0000000 0.0000000 0.0000000
  3 Y   3 0.0000000 0.0000000 0.0000000 0.0000000 0.0000000 0.0000000 0.0000000 0.0000000 0.0000000 0.0000000 0.0000000 0.0000000 0.0000000 0.0110563 0.0000000 0.0000000 0.0000000 0.0000000 0.9889437 0.0000000
  4 S   4 0.0146154 0.1569150 0.0442248 0.0024532 0.0011325 0.2237771 0.0066678 0.0056068 0.1111705 0.0000000 0.0000000 0.0151144 0.0154739 0.0000000 0.0000000 0.2810140 0.1218345 0.0000000 0.0000000 0.0000000
  5 E   5 0.0404419 0.0152701 0.0076201 0.1894804 0.0000000 0.1415070 0.4836277 0.0046842 0.0000000 0.0000000 0.0011634 0.0501511 0.0032162 0.0000000 0.0363860 0.0205142 0.0041400 0.0000000 0.0000000 0.0017977
  6 K   6 0.0082873 0.0384465 0.0456690 0.0000000 0.0000000 0.0297591 0.0088993 0.0008632 0.0093001 0.1052569 0.0450319 0.3645432 0.0157847 0.0095230 0.0000000 0.0050068 0.0365663 0.0000000 0.0031984 0.2738643
  7 V   7 0.0023508 0.0000000 0.0000000 0.0019774 0.0000000 0.0000000 0.0000000 0.0000000 0.0000000 0.4017564 0.0597294 0.0000000 0.0000000 0.0000000 0.0000000 0.0000000 0.0075886 0.0000000 0.0000000 0.5265974
  8 I   8 0.0116010 0.0094213 0.0062467 0.0000000 0.0000000 0.0164222 0.0031359 0.0013901 0.0108009 0.1522440 0.4484276 0.0727171 0.1903299 0.0117439 0.0000000 0.0042852 0.0126707 0.0030639 0.0000000 0.0454996
  9 D   9 0.0014063 0.0043150 0.0066251 0.7625130 0.0000000 0.0109066 0.1930164 0.0000000 0.0000000 0.0000000 0.0000000 0.0116752 0.0000000 0.0000000 0.0000000 0.0040626 0.0028904 0.0000000 0.0025894 0.0000000
 10 H  10 0.0070315 0.0198529 0.0034659 0.0000000 0.0000000 0.0000000 0.0071851 0.0000000 0.8834513 0.0031962 0.0168797 0.0022072 0.0000000 0.0054267 0.0000000 0.0000000 0.0000000 0.0000000 0.0513035 0.0000000
 11 Y  11 0.0503101 0.0025467 0.0462508 0.0000000 0.0114751 0.0000000 0.0000000 0.0255687 0.0021382 0.0046213 0.0000000 0.0081043 0.0168988 0.2931283 0.0000000 0.0800998 0.0000000 0.0000000 0.4545237 0.0043342
 12 E  12 0.0226912 0.1483769 0.0828274 0.0168208 0.0000000 0.0543510 0.1608794 0.0000000 0.0051646 0.0059416 0.0433585 0.2580511 0.0693562 0.0306760 0.0000000 0.0404410 0.0376592 0.0015260 0.0189833 0.0028959
 13 N  13 0.0078701 0.0457770 0.6219222 0.0140456 0.0136310 0.0046873 0.0097815 0.0000000 0.1789730 0.0000000 0.0000000 0.0434030 0.0026249 0.0024453 0.0000000 0.0391412 0.0112249 0.0000000 0.0044730 0.0000000
 14 P  14 0.0000000 0.0102065 0.0000000 0.0000000 0.0000000 0.0030525 0.0000000 0.0000000 0.0000000 0.0000000 0.0000000 0.0070337 0.0000000 0.0000000 0.9731978 0.0065095 0.0000000 0.0000000 0.0000000 0.0000000
 15 R  15 0.0028306 0.6476032 0.0026266 0.0000000 0.0000000 0.0667475 0.0019198 0.0000000 0.1482813 0.0039582 0.0068593 0.0819100 0.0077420 0.0000000 0.0036900 0.0047504 0.0065492 0.0000000 0.0064616 0.0080703
 16 N  16 0.0020287 0.0084312 0.7747250 0.0000000 0.0000000 0.0000000 0.0000000 0.0409305 0.1503681 0.0000000 0.0000000 0.0000000 0.0000000 0.0096308 0.0000000 0.0000000 0.0000000 0.0000000 0.0138857 0.0000000
 17 V  17 0.0920342 0.1358024 0.0072754 0.0000000 0.0048485 0.0332992 0.0000000 0.0000000 0.0339283 0.0367160 0.0180261 0.0944814 0.0235936 0.0860881 0.0052239 0.0117961 0.0107793 0.0039403 0.0406572 0.3615101
 18 G  18 0.0000000 0.0490111 0.0018372 0.0000000 0.0035930 0.0051819 0.0000000 0.8764630 0.0217072 0.0000000 0.0175968 0.0048889 0.0019614 0.0000000 0.0000000 0.0000000 0.0000000 0.0023047 0.0154547 0.0000000
 19 S  19 0.0732131 0.0434502 0.0075025 0.0112249 0.0000000 0.0240086 0.1863416 0.0063411 0.0170574 0.0094753 0.1198644 0.0692748 0.0066935 0.0036117 0.0249869 0.2214347 0.0925960 0.0000000 0.0000000 0.0829231
 20 F  20 0.0000000 0.0936655 0.0000000 0.0022708 0.0000000 0.0024536 0.0055382 0.0125556 0.0000000 0.2076425 0.3979230 0.0028175 0.1045105 0.0990786 0.0068158 0.0016107 0.0078489 0.0000000 0.0011846 0.0540842
 21 D  21 0.0484242 0.0000000 0.0307093 0.3008586 0.0000000 0.0100306 0.3931156 0.0049102 0.0000000 0.0000000 0.0046159 0.0276261 0.0000000 0.0000000 0.1054977 0.0193721 0.0438040 0.0000000 0.0000000 0.0110357
 22 N  22 0.0263288 0.0116325 0.1499180 0.2682229 0.0000000 0.0247517 0.0897236 0.0531804 0.0140303 0.0000000 0.0037757 0.2173506 0.0052415 0.0000000 0.1114901 0.0182248 0.0061291 0.0000000 0.0000000 0.0000000
 23 N  23 0.3587392 0.0000000 0.0937052 0.0471905 0.0044825 0.0054491 0.0359432 0.0209345 0.0110220 0.0028346 0.0009475 0.0434435 0.0000000 0.0794996 0.1478269 0.0703564 0.0399995 0.0000000 0.0294533 0.0081728
 24 D  24 0.0374458 0.0000000 0.1546153 0.4923636 0.0000000 0.0156165 0.0545159 0.0389676 0.0012085 0.0000000 0.0093973 0.0096349 0.0012347 0.0067563 0.0000000 0.1015438 0.0748445 0.0000000 0.0000000 0.0018553
 25 E  25 0.2608348 0.0448108 0.0137463 0.0402373 0.0121262 0.0133425 0.0646363 0.0435191 0.0133027 0.0253644 0.0532146 0.0710720 0.0043595 0.0396313 0.1371380 0.0428238 0.0256207 0.0000000 0.0109212 0.0832984
 26 N  26 0.0565497 0.0360390 0.1610615 0.1023428 0.0133450 0.1074359 0.1624303 0.0312573 0.0169402 0.0000000 0.0066160 0.0829738 0.0015529 0.0287605 0.0029853 0.0872612 0.0578395 0.0000000 0.0211787 0.0234304
 27 V  27 0.0672513 0.0000000 0.0022545 0.0352432 0.0024989 0.0165522 0.0132729 0.0091473 0.0199682 0.0423588 0.0339143 0.0000000 0.0181714 0.0089940 0.0000000 0.0255895 0.0618644 0.0000000 0.0326446 0.6102745
 28 G  28 0.0359692 0.0147431 0.0028666 0.0000000 0.0031390 0.0014561 0.0139322 0.5768312 0.1945085 0.0612260 0.0203957 0.0072047 0.0087193 0.0040216 0.0000000 0.0171338 0.0000000 0.0000000 0.0054802 0.0323728
 29 S  29 0.0073608 0.0194808 0.0028614 0.0000000 0.0000000 0.0248480 0.0752216 0.0032376 0.1156724 0.0891226 0.0014543 0.0158299 0.0147777 0.0047407 0.0000000 0.0616438 0.3464261 0.0000000 0.0170468 0.2002755
 30 G  30 0.1247393 0.0082720 0.0000000 0.0000000 0.0000000 0.0129618 0.0254737 0.5497469 0.0460431 0.0310863 0.0063769 0.0029388 0.0052665 0.0072925 0.0000000 0.0273657 0.0031313 0.0000000 0.0000000 0.1493054
 31 M  31 0.0031103 0.0252843 0.0316793 0.0854173 0.0000000 0.0569656 0.2545863 0.0000000 0.0616246 0.0356656 0.1885721 0.0439772 0.0727594 0.0078839 0.0030924 0.0190316 0.0767930 0.0000000 0.0000000 0.0335571
 32 V  32 0.0327719 0.0055536 0.0000000 0.0267175 0.0085561 0.0171256 0.0394295 0.2024058 0.0050053 0.0395737 0.0976277 0.0013260 0.0318914 0.0246467 0.0000000 0.0000000 0.0111457 0.0053825 0.0089072 0.4419338
 33 G  33 0.0017551 0.0144519 0.0948549 0.0242397 0.0000000 0.0000000 0.0291680 0.5827590 0.0849753 0.0050924 0.0128748 0.0272106 0.0024715 0.0264415 0.0000000 0.0217813 0.0062343 0.0000000 0.0224715 0.0432181
 34 A  34 0.2259623 0.0000000 0.5648687 0.0352083 0.0000000 0.0000000 0.0078909 0.0000000 0.0000000 0.0044370 0.0000000 0.0103662 0.0000000 0.0000000 0.0000000 0.1226272 0.0144678 0.0000000 0.0000000 0.0141714
 35 P  35 0.0535209 0.0000000 0.0000000 0.0000000 0.0000000 0.0032587 0.0192583 0.0106066 0.0000000 0.0426215 0.0661898 0.0000000 0.0061893 0.0000000 0.7875192 0.0023927 0.0065785 0.0000000 0.0000000 0.0018644
 36 A  36 0.2799076 0.0036601 0.0000000 0.0135733 0.0000000 0.0184819 0.0348974 0.0136650 0.0000000 0.0106574 0.1237748 0.0431052 0.0177688 0.0023869 0.0000000 0.1860410 0.2181892 0.0000000 0.0000000 0.0338916
 37 C  37 0.0000000 0.0000000 0.0000000 0.0028961 0.9729051 0.0000000 0.0000000 0.0000000 0.0062007 0.0000000 0.0000000 0.0000000 0.0000000 0.0000000 0.0000000 0.0038538 0.0000000 0.0000000 0.0141442 0.0000000
 38 G  38 0.0000000 0.0000000 0.0000000 0.0000000 0.0000000 0.0000000 0.0000000 0.9858558 0.0000000 0.0141442 0.0000000 0.0000000 0.0000000 0.0000000 0.0000000 0.0000000 0.0000000 0.0000000 0.0000000 0.0000000
 39 A  39 0.0029249 0.0000000 0.0000000 0.9790771 0.0000000 0.0000000 0.0179981 0.0000000 0.0000000 0.0000000 0.0000000 0.0000000 0.0000000 0.0000000 0.0000000 0.0000000 0.0000000 0.0000000 0.0000000 0.0000000
 40 V  40 0.1163353 0.0781803 0.0108821 0.0363013 0.0000000 0.0638575 0.1567973 0.0000000 0.0153762 0.0663534 0.0111482 0.0182433 0.0358873 0.0000000 0.0000000 0.0297113 0.0448470 0.0000000 0.0064222 0.3096574
 41 M  41 0.0000000 0.0000000 0.0000000 0.0000000 0.0118211 0.0000000 0.0000000 0.0000000 0.0000000 0.2751667 0.2101240 0.0000000 0.3336385 0.0029109 0.0016660 0.0000000 0.0073756 0.0000000 0.0028469 0.1544503
 42 K  42 0.0134346 0.1805138 0.0139624 0.0147110 0.0027447 0.0556053 0.0680066 0.0000000 0.0296107 0.0102784 0.0219404 0.2846228 0.0139885 0.0000000 0.0000000 0.0370887 0.2205554 0.0035803 0.0035879 0.0257684
 43 L  43 0.0000000 0.0000000 0.0000000 0.0000000 0.0000000 0.0000000 0.0000000 0.0000000 0.0000000 0.1921640 0.6137329 0.0000000 0.0489283 0.0203768 0.0000000 0.0000000 0.0000000 0.0000000 0.0030213 0.1217769
 44 Q  44 0.0159225 0.1016610 0.0029473 0.0455110 0.0000000 0.3108794 0.0317813 0.0024291 0.0317964 0.0000000 0.0062489 0.0000000 0.0310391 0.0815069 0.0000000 0.0315372 0.0850645 0.0175658 0.1940810 0.0100285
 45 I  45 0.0099386 0.0000000 0.0000000 0.0000000 0.0000000 0.0000000 0.0000000 0.0000000 0.0000000 0.3329977 0.3467605 0.0000000 0.0450810 0.0132637 0.0000000 0.0000000 0.0000000 0.0168414 0.0000000 0.2351171
 46 K  46 0.0455185 0.1186800 0.0164423 0.0304772 0.0000000 0.0871744 0.0446120 0.0000000 0.0179051 0.0035498 0.0368239 0.5550697 0.0032632 0.0026081 0.0000000 0.0124340 0.0091644 0.0000000 0.0018816 0.0143957
 47 V  47 0.0000000 0.0000000 0.0000000 0.0000000 0.0017892 0.0000000 0.0000000 0.0000000 0.0000000 0.2230529 0.1993098 0.0000000 0.0175314 0.0346722 0.0000000 0.0000000 0.0048778 0.0000000 0.0072715 0.5114953
 48 N  48 0.0218039 0.0236492 0.1265300 0.3650423 0.0000000 0.0235341 0.2097884 0.0336446 0.0000000 0.0000000 0.0012289 0.0913378 0.0000000 0.0000000 0.0000000 0.0897736 0.0068111 0.0000000 0.0000000 0.0068563
 49 D  49 0.0259735 0.0027030 0.0661044 0.4650048 0.0000000 0.0041891 0.1534938 0.1321767 0.0116639 0.0000000 0.0000000 0.0245287 0.0000000 0.0000000 0.0995818 0.0074717 0.0013798 0.0000000 0.0057286 0.0000000
 50 E  50 0.0211190 0.0022581 0.2231773 0.3450970 0.0000000 0.0466652 0.1233223 0.0106717 0.0115739 0.0036465 0.0000000 0.1054819 0.0009608 0.0000000 0.0050665 0.0441066 0.0558787 0.0000000 0.0009745 0.0000000
 51 G  51 0.0099718 0.0109546 0.0351536 0.0837152 0.0000000 0.0530250 0.0658457 0.6183288 0.0273696 0.0000000 0.0017354 0.0386843 0.0013439 0.0000000 0.0132194 0.0073667 0.0302953 0.0000000 0.0029908 0.0000000
 52 I  52 0.0000000 0.1479120 0.0069527 0.0035012 0.0063478 0.0122978 0.0046806 0.0083516 0.0104654 0.2126071 0.0170345 0.1852364 0.0102030 0.0025356 0.0000000 0.0019201 0.1149226 0.0000000 0.0000000 0.2550318
 53 I  53 0.0000000 0.0000000 0.0000000 0.0000000 0.0000000 0.0000000 0.0000000 0.0000000 0.0061853 0.7660979 0.0166561 0.0000000 0.0000000 0.0000000 0.0000000 0.0000000 0.0000000 0.0000000 0.0000000 0.2110607
 54 E  54 0.1242649 0.0286775 0.0099081 0.0425373 0.0000000 0.0399123 0.2848875 0.0036173 0.0018367 0.0332703 0.0392536 0.1035139 0.0153951 0.0000000 0.0000000 0.0653536 0.1207062 0.0000000 0.0000000 0.0868657
 55 D  55 0.0304273 0.0211815 0.0337009 0.7476051 0.0000000 0.0147842 0.1103676 0.0095714 0.0036228 0.0000000 0.0022671 0.0171513 0.0000000 0.0017531 0.0000000 0.0036833 0.0000000 0.0000000 0.0038844 0.0000000
 56 A  56 0.3762594 0.0000000 0.0000000 0.0000000 0.0180598 0.0000000 0.0000000 0.0099855 0.0000000 0.2178808 0.0265317 0.0000000 0.0000000 0.0000000 0.0000000 0.0156862 0.0020418 0.0000000 0.0000000 0.3335549
 57 R  57 0.1075846 0.1660198 0.0062827 0.0000000 0.0225490 0.0163574 0.0000000 0.0395927 0.0055406 0.0000000 0.0000000 0.3844796 0.0032910 0.0000000 0.0000000 0.2073759 0.0282344 0.0064680 0.0027199 0.0035043
 58 F  58 0.0000000 0.0000000 0.0000000 0.0000000 0.0000000 0.0058013 0.0000000 0.0000000 0.0084678 0.0085203 0.0000000 0.0000000 0.0000000 0.8106017 0.0000000 0.0000000 0.0000000 0.0353379 0.1225407 0.0087302
 59 K  59 0.0125030 0.0382576 0.0162914 0.0905054 0.0000000 0.1372761 0.1328228 0.0000000 0.0094367 0.0068495 0.0474346 0.3562683 0.0101200 0.0000000 0.0000000 0.0450191 0.0592880 0.0105720 0.0000000 0.0273555
 60 T  60 0.0359617 0.0000000 0.0061269 0.0067844 0.0000000 0.0000000 0.0000000 0.4083127 0.0000000 0.0106993 0.0000000 0.0000000 0.0000000 0.0000000 0.0000000 0.0479811 0.4497067 0.0000000 0.0000000 0.0344272
 61 Y  61 0.0078755 0.0334287 0.0080140 0.0566321 0.0036476 0.0968361 0.0903896 0.0000000 0.0420879 0.0024333 0.0070809 0.0395524 0.0054033 0.3989928 0.0000000 0.0511866 0.0152063 0.0000000 0.1182145 0.0230183
 62 G  62 0.0000000 0.0000000 0.0000000 0.0000000 0.0000000 0.0000000 0.0000000 0.9937926 0.0000000 0.0000000 0.0000000 0.0000000 0.0000000 0.0000000 0.0000000 0.0062074 0.0000000 0.0000000 0.0000000 0.0000000
 63 C  63 0.0000000 0.0000000 0.0000000 0.0000000 1.0000000 0.0000000 0.0000000 0.0000000 0.0000000 0.0000000 0.0000000 0.0000000 0.0000000 0.0000000 0.0000000 0.0000000 0.0000000 0.0000000 0.0000000 0.0000000
 64 G  64 0.3074838 0.0000000 0.0000000 0.0000000 0.0159287 0.0000000 0.0046056 0.3820725 0.0000000 0.0047805 0.0020928 0.0000000 0.0000000 0.0000000 0.0120797 0.1832120 0.0753631 0.0000000 0.0000000 0.0123813
 65 S  65 0.1415841 0.0000000 0.0000000 0.0000000 0.0000000 0.0000000 0.0000000 0.0093460 0.0000000 0.4354976 0.0000000 0.0000000 0.0000000 0.0000000 0.0000000 0.3660944 0.0320148 0.0000000 0.0000000 0.0154630
 66 A  66 0.5087117 0.0000000 0.0193615 0.0028943 0.0204649 0.0000000 0.0000000 0.0000000 0.0000000 0.0000000 0.0067844 0.0000000 0.0000000 0.0000000 0.0000000 0.4286237 0.0131595 0.0000000 0.0000000 0.0000000
 67 I  67 0.0000000 0.0061296 0.0000000 0.0000000 0.0086699 0.2557635 0.0000000 0.0000000 0.0000000 0.5206340 0.0181164 0.0155046 0.0816880 0.0000000 0.0000000 0.0000000 0.0506567 0.0000000 0.0000000 0.0428372
 68 A  68 0.9436680 0.0000000 0.0000000 0.0000000 0.0000000 0.0000000 0.0000000 0.0000000 0.0000000 0.0000000 0.0000000 0.0000000 0.0000000 0.0000000 0.0000000 0.0563320 0.0000000 0.0000000 0.0000000 0.0000000
 69 S  69 0.0952329 0.0000000 0.0000000 0.0000000 0.0130294 0.0000000 0.0000000 0.0000000 0.0000000 0.0000000 0.0000000 0.0000000 0.0000000 0.0000000 0.0000000 0.7693980 0.1066525 0.0000000 0.0000000 0.0156873
 70 S  70 0.3572368 0.0000000 0.0000000 0.0000000 0.0000000 0.0000000 0.0000000 0.0180374 0.0000000 0.0025103 0.0061853 0.0000000 0.0000000 0.0000000 0.0000000 0.4676816 0.1341421 0.0000000 0.0000000 0.0142065
 71 S  71 0.0073121 0.0000000 0.0000000 0.0443128 0.0000000 0.0000000 0.0035667 0.0000000 0.0000000 0.0000000 0.0000000 0.0000000 0.0067844 0.0062074 0.0000000 0.9280322 0.0000000 0.0000000 0.0037844 0.0000000
 72 L  72 0.0783756 0.0000000 0.0000000 0.0000000 0.0000000 0.0020124 0.0067844 0.0000000 0.0000000 0.0849479 0.2259732 0.0000000 0.3418940 0.0037864 0.0000000 0.0000000 0.0122188 0.0000000 0.0634917 0.1805157
 73 V  73 0.1764436 0.0000000 0.0000000 0.0000000 0.0000000 0.0000000 0.0000000 0.0035701 0.0000000 0.0193779 0.3030621 0.0000000 0.3423124 0.0000000 0.0000000 0.0069129 0.0401183 0.0000000 0.0067844 0.1014183
 74 T  74 0.0539132 0.0000000 0.0149793 0.0000000 0.0139028 0.0000000 0.0000000 0.0022820 0.0079836 0.0229294 0.0133209 0.0000000 0.0040063 0.0042843 0.0000000 0.0999713 0.7518532 0.0000000 0.0067655 0.0038084
 75 E  75 0.0030868 0.0042603 0.0081296 0.1817270 0.0000000 0.0476217 0.6810311 0.0126722 0.0000000 0.0023982 0.0020310 0.0051889 0.0000000 0.0000000 0.0000000 0.0074207 0.0190500 0.0000000 0.0000000 0.0253824
 76 W  76 0.1320337 0.0317649 0.0016194 0.0035951 0.0000000 0.0391224 0.0437595 0.0000000 0.0018447 0.0445722 0.3219940 0.0160628 0.1648969 0.0028525 0.0000000 0.0189884 0.0173276 0.1374797 0.0014061 0.0206801
 77 V  77 0.0858626 0.0000000 0.0000000 0.0000000 0.0211008 0.0000000 0.0000000 0.0000000 0.0000000 0.2868020 0.1679284 0.0000000 0.0145949 0.0000000 0.0000000 0.0018832 0.0132408 0.0000000 0.0000000 0.4085873
 78 K  78 0.0098098 0.0725140 0.0045118 0.0000000 0.0000000 0.0174170 0.0232403 0.0000000 0.0058979 0.1526200 0.0225933 0.5769910 0.0221639 0.0000000 0.0122762 0.0034118 0.0165667 0.0000000 0.0019254 0.0580610
 79 G  79 0.0000000 0.0025984 0.0163574 0.0078434 0.0000000 0.0036016 0.0037264 0.9553023 0.0000000 0.0000000 0.0000000 0.0047889 0.0000000 0.0000000 0.0000000 0.0057815 0.0000000 0.0000000 0.0000000 0.0000000
 80 K  80 0.0058878 0.0624164 0.0000000 0.0000000 0.0000000 0.0421950 0.0024928 0.0000000 0.0159953 0.0039024 0.0407117 0.6942580 0.1074667 0.0000000 0.0000000 0.0116572 0.0095302 0.0000000 0.0000000 0.0034865
 81 S  81 0.0080997 0.0116652 0.0236875 0.0404264 0.0000000 0.0067343 0.0130996 0.0076177 0.0221147 0.0026469 0.0037689 0.0284239 0.0000000 0.0000000 0.0744899 0.1750809 0.5821443 0.0000000 0.0000000 0.0000000
 82 L  82 0.0073703 0.0143881 0.0000000 0.0000000 0.0139594 0.0039678 0.0192561 0.0000000 0.0000000 0.1867562 0.3905443 0.0463528 0.0081497 0.0044208 0.0093049 0.0025381 0.0142266 0.0030706 0.0019163 0.2737781
 83 D  83 0.1034670 0.0056464 0.0247878 0.3327990 0.0000000 0.0244049 0.3442394 0.0284027 0.0033810 0.0014212 0.0030571 0.0310259 0.0000000 0.0033138 0.0315477 0.0387088 0.0147018 0.0012599 0.0030448 0.0047908
 84 E  84 0.0129729 0.0031221 0.0051138 0.1122519 0.0000000 0.0855385 0.7362364 0.0000000 0.0069776 0.0000000 0.0000000 0.0069658 0.0000000 0.0000000 0.0000000 0.0024447 0.0073689 0.0000000 0.0186629 0.0023446
 85 A  85 0.8358152 0.0000000 0.0000000 0.0016129 0.0052017 0.0000000 0.0016956 0.0081112 0.0000000 0.0213738 0.0210351 0.0000000 0.0000000 0.0029029 0.0026193 0.0070250 0.0082935 0.0000000 0.0000000 0.0843139
 86 Q  86 0.0691487 0.0328109 0.0016011 0.0124947 0.0017656 0.0389149 0.1069371 0.0313849 0.0078626 0.0096196 0.4093409 0.0797184 0.0638824 0.0229335 0.0000000 0.0279659 0.0119709 0.0308333 0.0170269 0.0237878
 87 A  87 0.1611465 0.0610431 0.0411430 0.0415200 0.0000000 0.1114630 0.1548350 0.0224985 0.0191261 0.0015820 0.0127041 0.2619082 0.0092042 0.0000000 0.0017700 0.0382261 0.0530135 0.0000000 0.0000000 0.0088166
 88 I  88 0.0027309 0.0000000 0.0000000 0.0000000 0.0000000 0.0022722 0.0049883 0.0000000 0.0000000 0.4151469 0.3698517 0.0039856 0.0756379 0.0156913 0.0000000 0.0000000 0.0208543 0.0000000 0.0016707 0.0871702
 89 K  89 0.0342292 0.0274178 0.0111350 0.0596609 0.0025725 0.0206086 0.0221172 0.1245227 0.0089449 0.0143447 0.0102161 0.1895594 0.0080943 0.0397544 0.0067030 0.1000419 0.2701551 0.0000000 0.0061901 0.0437319
 90 N  90 0.0113240 0.0427722 0.4235591 0.2228408 0.0000000 0.0254533 0.0842715 0.0227767 0.0240773 0.0000000 0.0044334 0.0567052 0.0000000 0.0048824 0.0323658 0.0093410 0.0097469 0.0145341 0.0060714 0.0048448
 91 T  91 0.0980270 0.0522619 0.0275582 0.0921528 0.0025130 0.0651218 0.0982343 0.0362303 0.0079771 0.0323676 0.0618898 0.1601561 0.0194314 0.0000000 0.0000000 0.0453444 0.1941133 0.0000000 0.0000000 0.0066211
 92 D  92 0.1190673 0.0047304 0.0023227 0.3539142 0.0000000 0.0802784 0.1442937 0.0000000 0.0065197 0.0205715 0.0013636 0.0092774 0.0142053 0.1830308 0.0000000 0.0095662 0.0171593 0.0000000 0.0047587 0.0289409
 93 I  93 0.1161999 0.0023680 0.0021183 0.0000000 0.0032354 0.0068663 0.0000000 0.0000000 0.0000000 0.4261548 0.0699482 0.0060530 0.0275788 0.0177595 0.0016353 0.0105911 0.0047266 0.0000000 0.0000000 0.3047647
 94 A  94 0.4066719 0.0000000 0.0000000 0.0000000 0.0010928 0.0000000 0.0206231 0.0025503 0.0000000 0.0278438 0.2768441 0.0000000 0.0216733 0.1060815 0.0025937 0.0194529 0.0333545 0.0000000 0.0101425 0.0710755
 95 E  95 0.1535851 0.0152607 0.0174217 0.1337752 0.0018201 0.0750810 0.2706450 0.0276869 0.0094674 0.0000000 0.0000000 0.1671918 0.0186913 0.0000000 0.0046093 0.0884174 0.0137341 0.0000000 0.0000000 0.0026131
 96 E  96 0.1709822 0.0043666 0.0239211 0.0090256 0.0000000 0.0021928 0.2375774 0.3520896 0.0395485 0.0000000 0.0193023 0.0064508 0.0108298 0.0336659 0.0000000 0.0171423 0.0071405 0.0048350 0.0545743 0.0063553
 97 L  97 0.0000000 0.0000000 0.0000000 0.0000000 0.0000000 0.0000000 0.0000000 0.0171009 0.0000000 0.0641109 0.5499328 0.0000000 0.0068184 0.0000000 0.0118231 0.0000000 0.0027062 0.0000000 0.0000000 0.3475077
 98 E  98 0.1708172 0.0476130 0.0261437 0.1070494 0.0513183 0.0097115 0.0576105 0.2139656 0.0132817 0.0021655 0.0037895 0.0412200 0.0146205 0.0000000 0.0000000 0.2311188 0.0041594 0.0024015 0.0000000 0.0030140
 99 L  99 0.0164263 0.0147829 0.0142330 0.0108094 0.0000000 0.0670501 0.0461412 0.0092091 0.0147501 0.0405950 0.5538301 0.1839189 0.0000000 0.0025823 0.0000000 0.0037395 0.0000000 0.0000000 0.0000000 0.0219322
100 P 100 0.0000000 0.0000000 0.0000000 0.0000000 0.0000000 0.0050235 0.0058518 0.0109053 0.0000000 0.0049815 0.0237924 0.0000000 0.0281801 0.2035868 0.5483608 0.0277506 0.0119563 0.0000000 0.1296111 0.0000000
101 P 101 0.0254856 0.0056701 0.0000000 0.0201743 0.0000000 0.0066801 0.0858361 0.0011011 0.0046292 0.0000000 0.0048350 0.0208411 0.0000000 0.0000000 0.8168209 0.0030808 0.0032847 0.0000000 0.0000000 0.0015610
102 V 102 0.3164602 0.0014358 0.0359897 0.0068698 0.0000000 0.0797099 0.0853494 0.0072433 0.0151739 0.0269792 0.0000000 0.0053256 0.0489959 0.0040992 0.0019154 0.0305748 0.0170948 0.0000000 0.0000000 0.3167830
103 K 103 0.0000000 0.4513255 0.0000000 0.0000000 0.0000000 0.0000000 0.0000000 0.0000000 0.0000000 0.0000000 0.0000000 0.5380982 0.0000000 0.0000000 0.0000000 0.0105764 0.0000000 0.0000000 0.0000000 0.0000000
104 I 104 0.0055369 0.0031234 0.0000000 0.0000000 0.0000000 0.0084744 0.0045000 0.0033174 0.0000000 0.2895787 0.1632009 0.0191028 0.1623249 0.0088547 0.0093173 0.0031922 0.0020469 0.0000000 0.0157465 0.3016831
105 H 105 0.0000000 0.0130105 0.0060658 0.0061904 0.0000000 0.0000000 0.0061949 0.0000000 0.5307744 0.0000000 0.0026214 0.4324532 0.0000000 0.0000000 0.0026894 0.0000000 0.0000000 0.0000000 0.0000000 0.0000000
106 C 106 0.0141310 0.0000000 0.0000000 0.0000000 0.9858690 0.0000000 0.0000000 0.0000000 0.0000000 0.0000000 0.0000000 0.0000000 0.0000000 0.0000000 0.0000000 0.0000000 0.0000000 0.0000000 0.0000000 0.0000000
107 S 107 0.4462526 0.0000000 0.0000000 0.0000000 0.0064468 0.0000000 0.0000000 0.0000000 0.0000000 0.0000000 0.0000000 0.0000000 0.0000000 0.0047844 0.0000000 0.5206149 0.0219012 0.0000000 0.0000000 0.0000000
108 I 108 0.0083671 0.0000000 0.0771425 0.0000000 0.0000000 0.0076315 0.0000000 0.0000000 0.0000000 0.0712209 0.1998550 0.0000000 0.1271148 0.0157990 0.0000000 0.0138747 0.2025455 0.0000000 0.0000000 0.2764489
109 L 109 0.0000000 0.0000000 0.0000000 0.0000000 0.0000000 0.0000000 0.0000000 0.0000000 0.0000000 0.0113987 0.8842705 0.0018980 0.0982778 0.0000000 0.0000000 0.0000000 0.0000000 0.0000000 0.0000000 0.0041550
110 A 110 0.5953704 0.0000000 0.0000000 0.0000000 0.0069338 0.0000000 0.0000000 0.2432679 0.0000000 0.0177829 0.0000000 0.0000000 0.0000000 0.0000000 0.0291225 0.0973546 0.0035646 0.0000000 0.0000000 0.0066034
111 E 111 0.0720648 0.0338133 0.0000000 0.0256377 0.0000000 0.0483174 0.3124619 0.0000000 0.0021328 0.0103896 0.0441207 0.0012004 0.0038498 0.0048566 0.0000000 0.0000000 0.0030279 0.3852634 0.0201454 0.0327184
112 D 112 0.0069161 0.0251097 0.0518085 0.2773371 0.0000000 0.0308632 0.1530848 0.0168665 0.1288355 0.0000000 0.0052673 0.1751674 0.0741074 0.0000000 0.0000000 0.0344711 0.0054598 0.0147055 0.0000000 0.0000000
113 A 113 0.7337395 0.0017740 0.0000000 0.0000000 0.0025779 0.0000000 0.0000000 0.0278067 0.0000000 0.0064879 0.0000000 0.0000000 0.0000000 0.0000000 0.0000000 0.0040241 0.1486207 0.0000000 0.0000000 0.0749691
114 I 114 0.0273640 0.0000000 0.0000000 0.0000000 0.0052847 0.0000000 0.0000000 0.0000000 0.0000000 0.2850289 0.4770131 0.0000000 0.0372428 0.0745896 0.0000000 0.0031588 0.0041736 0.0226317 0.0059617 0.0575511
115 K 115 0.0059161 0.1123753 0.0169548 0.0179355 0.0000000 0.1099533 0.1581199 0.0042989 0.1040025 0.0040679 0.0118555 0.4193557 0.0038430 0.0000000 0.0062397 0.0021112 0.0113643 0.0000000 0.0064508 0.0051556
116 A 116 0.4282161 0.0404054 0.0303351 0.1221849 0.0000000 0.0558481 0.0616737 0.0034993 0.0098410 0.0000000 0.0152968 0.1230844 0.0047608 0.0025518 0.0000000 0.0786904 0.0037633 0.0000000 0.0037280 0.0161210
117 A 117 0.8512405 0.0000000 0.0000000 0.0000000 0.0098627 0.0000000 0.0029425 0.1005060 0.0000000 0.0093483 0.0056228 0.0000000 0.0072830 0.0000000 0.0000000 0.0044621 0.0036046 0.0000000 0.0000000 0.0051275
118 I 118 0.0464799 0.0000000 0.0000000 0.0000000 0.0000000 0.0000000 0.0000000 0.0000000 0.0000000 0.4537079 0.2902074 0.0000000 0.0049024 0.0059546 0.0000000 0.0033005 0.0317706 0.0000000 0.0000000 0.1636766
119 A 119 0.2186812 0.0519418 0.1094754 0.0603596 0.0000000 0.0371400 0.1389324 0.0087056 0.0388403 0.0019646 0.0127352 0.1521353 0.0076031 0.0090655 0.0000000 0.0639091 0.0153778 0.0131024 0.0407578 0.0192729
120 D 120 0.0133937 0.0113656 0.1888874 0.4568934 0.0018223 0.0922923 0.0883316 0.0073306 0.0124351 0.0233245 0.0035875 0.0554743 0.0000000 0.0011873 0.0039696 0.0199219 0.0170889 0.0000000 0.0026941 0.0000000
121 Y 121 0.0818550 0.0018503 0.0071862 0.0106436 0.0000000 0.0000000 0.0219681 0.0000000 0.0166979 0.0300876 0.0250934 0.0260055 0.0059297 0.0403866 0.0000000 0.0188609 0.0061454 0.0215102 0.6804924 0.0052872
122 K 122 0.0243284 0.2607559 0.0199348 0.0030797 0.0028626 0.0876006 0.1151725 0.0059479 0.0107374 0.0100660 0.1239953 0.1914809 0.0169577 0.0093399 0.0112073 0.0077621 0.0070474 0.0039299 0.0767100 0.0110839
123 S 123 0.0860064 0.0357313 0.0389295 0.0184816 0.0000000 0.0535407 0.1339529 0.2054524 0.0059362 0.0164177 0.0201395 0.1356063 0.0076859 0.0251600 0.0024232 0.1290429 0.0531309 0.0000000 0.0000000 0.0323626
124 K 124 0.0066763 0.0980070 0.0065706 0.0518290 0.0000000 0.0034126 0.1694266 0.0124522 0.0044481 0.0081151 0.0019783 0.5962879 0.0000000 0.0000000 0.0022617 0.0273342 0.0092395 0.0000000 0.0000000 0.0019611
125 R 125 0.0488855 0.1688927 0.0636180 0.0065128 0.0000000 0.3321345 0.0295869 0.0000000 0.1520774 0.0076064 0.0151925 0.1318469 0.0100949 0.0030940 0.0000000 0.0075640 0.0143517 0.0048395 0.0000000 0.0037025
126 E 126 0.0809783 0.0278507 0.1037847 0.1377997 0.0000000 0.0916537 0.2384885 0.1174346 0.0041018 0.0000000 0.0069177 0.0994750 0.0000000 0.0000000 0.0177484 0.0335420 0.0239388 0.0041053 0.0000000 0.0121809
127 A 127 0.1893971 0.0197278 0.0332318 0.0071603 0.0000000 0.0611572 0.0398319 0.1264709 0.0063737 0.0165004 0.0397217 0.2476320 0.0423973 0.0000000 0.0241466 0.1012207 0.0245907 0.0000000 0.0000000 0.0204401
128 K 128 0.0000000 0.1108983 0.0000000 0.0000000 0.0000000 0.0567087 0.2860426 0.0000000 0.0000000 0.0000000 0.0000000 0.5463504 0.0000000 0.0000000 0.0000000 0.0000000 0.0000000 0.0000000 0.0000000 0.0000000
