  128         A         R         N         D         C         Q         E         G         H         I         L         K         M         F         P         S         T         W         Y         V         X    
  1 M   1 0.0000000 0.0000000 0.0000000 0.0000000 0.0000000 0.0000000 0.0000000 0.0000000 0.0000000 0.0127040 0.0120765 0.0000000 0.1354696 0.0000000 0.0000000 0.0000000 0.0000000 0.0000000 0.0000000 0.0000000 0.8397499
  2 A   2 0.1008813 0.0000000 0.0011014 0.0026597 0.0000000 0.0317449 0.0035877 0.0220490 0.0000000 0.0065612 0.0084017 0.0000000 0.1933943 0.0018574 0.0054616 0.0448279 0.0047196 0.0000000 0.0000000 0.0000000 0.5727524
  3 Y   3 0.0000000 0.0000000 0.0000000 0.0000000 0.0000000 0.0000000 0.0000000 0.0000000 0.0000000 0.0000000 0.0000000 0.0000000 0.0000000 0.0084177 0.0000000 0.0000000 0.0000000 0.0000000 0.9309760 0.0000000 0.0606063
  4 S   4 0.0106422 0.1478601 0.0404528 0.0022378 0.0010282 0.2102023 0.0058259 0.0051862 0.1151702 0.0000000 0.0000000 0.0138877 0.0145965 0.0000000 0.0000000 0.2704721 0.1117580 0.0000000 0.0000000 0.0000000 0.0506800
  5 E   5 0.0386328 0.0145679 0.0069831 0.1741533 0.0000000 0.1332425 0.4592194 0.0043461 0.0000000 0.0000000 0.0010629 0.0526396 0.0029331 0.0000000 0.0442366 0.0192617 0.0037853 0.0000000 0.0000000 0.0016323 0.0433035
  6 K   6 0.0078104 0.0331569 0.0469027 0.0000000 0.0000000 0.0276717 0.0151772 0.0007957 0.0084389 0.0998337 0.0426612 0.3570402 0.0148765 0.0090659 0.0000000 0.0046215 0.0342950 0.0000000 0.0030089 0.2612698 0.0333739
  7 V   7 0.0020683 0.0000000 0.0000000 0.0017196 0.0000000 0.0000000 0.0000000 0.0000000 0.0000000 0.3838980 0.0567788 0.0000000 0.0000000 0.0000000 0.0000000 0.0000000 0.0070422 0.0000000 0.0000000 0.5160799 0.0324132
  8 I   8 0.0112014 0.0087985 0.0127464 0.0000000 0.0000000 0.0153578 0.0029287 0.0013288 0.0102659 0.1530006 0.4225392 0.0677953 0.1815739 0.0112476 0.0000000 0.0040218 0.0118013 0.0027656 0.0000000 0.0535622 0.0290650
  9 D   9 0.0012912 0.0040627 0.0062911 0.7492144 0.0000000 0.0100641 0.1829061 0.0000000 0.0000000 0.0000000 0.0000000 0.0112359 0.0000000 0.0000000 0.0000000 0.0045451 0.0026822 0.0000000 0.0025104 0.0000000 0.0251969
 10 H  10 0.0066570 0.0188177 0.0042377 0.0000000 0.0000000 0.0000000 0.0076924 0.0000000 0.8717912 0.0029205 0.0158222 0.0023787 0.0000000 0.0050466 0.0000000 0.0000000 0.0000000 0.0000000 0.0460244 0.0000000 0.0186115
 11 Y  11 0.0468972 0.0025284 0.0442142 0.0000000 0.0113561 0.0000000 0.0000000 0.0255989 0.0020230 0.0044259 0.0000000 0.0078162 0.0158034 0.2903788 0.0000000 0.0775055 0.0000000 0.0000000 0.4522778 0.0039892 0.0151853
 12 E  12 0.0215997 0.1437180 0.0820400 0.0200539 0.0000000 0.0526065 0.1697213 0.0000000 0.0049038 0.0079946 0.0409341 0.2488554 0.0647986 0.0291251 0.0000000 0.0402514 0.0369680 0.0014498 0.0177890 0.0027296 0.0144611
 13 N  13 0.0075190 0.0440888 0.6143621 0.0129328 0.0132453 0.0052950 0.0092837 0.0000000 0.1744984 0.0000000 0.0000000 0.0437515 0.0024703 0.0023042 0.0000000 0.0384326 0.0105961 0.0000000 0.0043804 0.0000000 0.0168398
 14 P  14 0.0000000 0.0119515 0.0000000 0.0000000 0.0000000 0.0027360 0.0000000 0.0000000 0.0000000 0.0000000 0.0000000 0.0065622 0.0000000 0.0000000 0.9582416 0.0060475 0.0000000 0.0000000 0.0000000 0.0000000 0.0144611
 15 R  15 0.0027163 0.6458205 0.0024642 0.0000000 0.0000000 0.0638638 0.0018218 0.0000000 0.1449010 0.0037083 0.0066566 0.0789688 0.0071559 0.0000000 0.0034346 0.0044719 0.0062630 0.0000000 0.0058259 0.0074661 0.0144611
 16 N  16 0.0018506 0.0079542 0.7668603 0.0000000 0.0000000 0.0000000 0.0000000 0.0395567 0.1462149 0.0000000 0.0000000 0.0000000 0.0000000 0.0089551 0.0000000 0.0000000 0.0000000 0.0000000 0.0131744 0.0000000 0.0154338
 17 V  17 0.0850054 0.1308745 0.0070959 0.0000000 0.0048194 0.0314716 0.0000000 0.0000000 0.0335997 0.0331437 0.0169184 0.0904529 0.0222117 0.0841720 0.0051235 0.0112309 0.0101370 0.0036946 0.0390271 0.3778756 0.0131461
 18 G  18 0.0000000 0.0473984 0.0017377 0.0000000 0.0033763 0.0050543 0.0000000 0.8674573 0.0207811 0.0000000 0.0164449 0.0046656 0.0018130 0.0000000 0.0000000 0.0000000 0.0000000 0.0021462 0.0145868 0.0000000 0.0145383
 19 S  19 0.0689949 0.0416282 0.0069769 0.0108204 0.0000000 0.0225263 0.1764286 0.0059332 0.0162771 0.0088896 0.1148258 0.0655752 0.0062913 0.0034656 0.0237892 0.2407970 0.0850725 0.0000000 0.0000000 0.0791295 0.0225788
 20 F  20 0.0000000 0.0903122 0.0000000 0.0021220 0.0000000 0.0023042 0.0051424 0.0116432 0.0000000 0.1954340 0.3893332 0.0026622 0.1049493 0.1140281 0.0064218 0.0015270 0.0074206 0.0000000 0.0011166 0.0513602 0.0142231
 21 D  21 0.0450543 0.0000000 0.0308204 0.3089057 0.0000000 0.0093026 0.3647433 0.0044886 0.0000000 0.0000000 0.0044406 0.0266351 0.0000000 0.0000000 0.0985007 0.0178042 0.0407137 0.0000000 0.0000000 0.0101176 0.0384731
 22 N  22 0.0250035 0.0146966 0.1477053 0.2501062 0.0000000 0.0242682 0.0809022 0.0500482 0.0132798 0.0000000 0.0034979 0.2224474 0.0051107 0.0000000 0.1040865 0.0164373 0.0055938 0.0000000 0.0000000 0.0000000 0.0368163
 23 N  23 0.3248035 0.0000000 0.0975045 0.0495054 0.0040774 0.0048280 0.0320541 0.0187900 0.0098685 0.0025805 0.0008428 0.0443187 0.0000000 0.0738880 0.1347570 0.0650975 0.0433220 0.0000000 0.0270773 0.0074036 0.0592813
 24 D  24 0.0376387 0.0000000 0.1405614 0.4641788 0.0000000 0.0137628 0.0489679 0.0349813 0.0010924 0.0000000 0.0095409 0.0085403 0.0010807 0.0059224 0.0000000 0.0957666 0.0665031 0.0000000 0.0000000 0.0016103 0.0698523
 25 E  25 0.1899538 0.0329022 0.0122274 0.0375804 0.0087353 0.0098223 0.0460713 0.0305397 0.0108553 0.0184411 0.0382348 0.0594830 0.0031056 0.0282769 0.1082385 0.0322237 0.0191248 0.0000000 0.0077747 0.0604253 0.2459838
 26 N  26 0.0321021 0.0209335 0.1134261 0.0646787 0.0078318 0.0576726 0.0938552 0.0176750 0.0096265 0.0000000 0.0038223 0.0471810 0.0021844 0.0161856 0.0017149 0.0571562 0.0329612 0.0000000 0.0103174 0.0136323 0.3970434
 27 V  27 0.0381390 0.0000000 0.0014732 0.0204543 0.0015138 0.0096579 0.0075658 0.0059998 0.0119626 0.0250079 0.0198419 0.0000000 0.0106157 0.0054469 0.0000000 0.0157294 0.0369810 0.0000000 0.0195636 0.3911335 0.3789135
 28 G  28 0.0253743 0.0107085 0.0019877 0.0000000 0.0022601 0.0010715 0.0099350 0.4277370 0.1378267 0.0423437 0.0145287 0.0054878 0.0060053 0.0027807 0.0000000 0.0101824 0.0000000 0.0000000 0.0039526 0.0226281 0.2751898
 29 S  29 0.0062866 0.0162327 0.0023513 0.0000000 0.0000000 0.0210556 0.0635175 0.0026291 0.0978390 0.0751962 0.0014007 0.0132310 0.0119843 0.0044393 0.0000000 0.0618245 0.3061207 0.0000000 0.0138289 0.1648800 0.1371825
 30 G  30 0.1120231 0.0068713 0.0000000 0.0000000 0.0000000 0.0111394 0.0206377 0.4813969 0.0379494 0.0274017 0.0052189 0.0023725 0.0044072 0.0060743 0.0000000 0.0225566 0.0025800 0.0000000 0.0000000 0.1268763 0.1324948
 31 M  31 0.0026697 0.0215746 0.0273920 0.0727211 0.0000000 0.0490300 0.2167270 0.0000000 0.0522251 0.0369594 0.1732679 0.0366525 0.0690761 0.0065846 0.0025800 0.0157972 0.0660396 0.0000000 0.0000000 0.0280906 0.1226127
 32 V  32 0.0271201 0.0049195 0.0000000 0.0231488 0.0072246 0.0145102 0.0335968 0.1749899 0.0043127 0.0310946 0.0852568 0.0011265 0.0282956 0.0208400 0.0000000 0.0000000 0.0097750 0.0046548 0.0075506 0.4139439 0.1076397
 33 G  33 0.0014891 0.0134269 0.0833243 0.0211054 0.0000000 0.0000000 0.0247591 0.5331923 0.0707789 0.0043054 0.0112499 0.0232746 0.0021204 0.0234326 0.0000000 0.0190107 0.0054806 0.0000000 0.0195456 0.0369010 0.1066033
 34 A  34 0.2404862 0.0000000 0.5444428 0.0332360 0.0000000 0.0000000 0.0074099 0.0000000 0.0000000 0.0042386 0.0000000 0.0166453 0.0000000 0.0000000 0.0000000 0.1175047 0.0116065 0.0000000 0.0000000 0.0106422 0.0137877
 35 P  35 0.0574033 0.0000000 0.0000000 0.0000000 0.0000000 0.0031026 0.0180068 0.0084177 0.0000000 0.0403194 0.0636653 0.0000000 0.0057688 0.0000000 0.7782168 0.0029959 0.0065366 0.0000000 0.0000000 0.0017789 0.0137877
 36 A  36 0.2908142 0.0034767 0.0000000 0.0128101 0.0000000 0.0212034 0.0300954 0.0129512 0.0000000 0.0102130 0.1170416 0.0414645 0.0168223 0.0022907 0.0000000 0.1772650 0.2092979 0.0000000 0.0000000 0.0314266 0.0228271
 37 C  37 0.0000000 0.0000000 0.0000000 0.0025092 0.9642172 0.0000000 0.0000000 0.0000000 0.0056131 0.0000000 0.0000000 0.0000000 0.0000000 0.0000000 0.0000000 0.0031888 0.0000000 0.0000000 0.0106422 0.0000000 0.0138296
 38 G  38 0.0000000 0.0000000 0.0000000 0.0000000 0.0000000 0.0000000 0.0000000 0.9755282 0.0000000 0.0106422 0.0000000 0.0000000 0.0000000 0.0000000 0.0000000 0.0000000 0.0000000 0.0000000 0.0000000 0.0000000 0.0138296
 39 A  39 0.0022435 0.0000000 0.0000000 0.9700959 0.0000000 0.0000000 0.0138309 0.0000000 0.0000000 0.0000000 0.0000000 0.0000000 0.0000000 0.0000000 0.0000000 0.0000000 0.0000000 0.0000000 0.0000000 0.0000000 0.0138296
 40 V  40 0.1137977 0.0765244 0.0105440 0.0343138 0.0000000 0.0607021 0.1508970 0.0000000 0.0146579 0.0644257 0.0111974 0.0182878 0.0340639 0.0000000 0.0000000 0.0282866 0.0413841 0.0000000 0.0061230 0.3243914 0.0104033
 41 M  41 0.0000000 0.0000000 0.0000000 0.0000000 0.0116815 0.0000000 0.0000000 0.0000000 0.0000000 0.2721823 0.2035812 0.0000000 0.3420725 0.0027551 0.0015305 0.0000000 0.0071773 0.0000000 0.0026761 0.1459400 0.0104033
 42 K  42 0.0128982 0.1710595 0.0132427 0.0141649 0.0026697 0.0521529 0.0651166 0.0000000 0.0295444 0.0098190 0.0208143 0.3043640 0.0131045 0.0000000 0.0000000 0.0360061 0.2133963 0.0033763 0.0034375 0.0244297 0.0104033
 43 L  43 0.0000000 0.0000000 0.0000000 0.0000000 0.0000000 0.0000000 0.0000000 0.0000000 0.0000000 0.1802938 0.6228622 0.0000000 0.0475736 0.0190891 0.0000000 0.0000000 0.0000000 0.0000000 0.0027656 0.1170124 0.0104033
 44 Q  44 0.0151025 0.0985453 0.0027942 0.0459056 0.0000000 0.3302606 0.0305323 0.0023208 0.0305608 0.0000000 0.0060417 0.0000000 0.0297185 0.0788778 0.0000000 0.0304330 0.0820719 0.0151442 0.1875965 0.0093595 0.0047348
 45 I  45 0.0094143 0.0000000 0.0000000 0.0000000 0.0000000 0.0000000 0.0000000 0.0000000 0.0000000 0.3411647 0.3330948 0.0000000 0.0438890 0.0128898 0.0000000 0.0000000 0.0000000 0.0158034 0.0000000 0.2437439 0.0000000
 46 K  46 0.0435781 0.1174641 0.0155692 0.0287968 0.0000000 0.0941021 0.0466743 0.0000000 0.0175414 0.0034298 0.0354374 0.5522286 0.0030616 0.0024839 0.0000000 0.0119910 0.0091628 0.0000000 0.0024732 0.0138279 0.0021777
 47 V  47 0.0000000 0.0000000 0.0000000 0.0000000 0.0021777 0.0000000 0.0000000 0.0000000 0.0000000 0.2217679 0.1908025 0.0000000 0.0167020 0.0374588 0.0000000 0.0000000 0.0046772 0.0000000 0.0069038 0.5135955 0.0059146
 48 N  48 0.0201856 0.0217032 0.1300647 0.3636992 0.0000000 0.0220318 0.2021377 0.0311050 0.0000000 0.0000000 0.0012078 0.0898071 0.0000000 0.0000000 0.0000000 0.0821392 0.0063503 0.0000000 0.0000000 0.0065196 0.0230489
 49 D  49 0.0239950 0.0025749 0.0618777 0.4572287 0.0000000 0.0044014 0.1566778 0.1277441 0.0110165 0.0000000 0.0000000 0.0225096 0.0000000 0.0000000 0.0899719 0.0069421 0.0012590 0.0000000 0.0059833 0.0000000 0.0278180
 50 E  50 0.0184355 0.0019111 0.1949056 0.2898539 0.0000000 0.0384935 0.1218118 0.0088410 0.0098401 0.0029205 0.0000000 0.0961023 0.0007897 0.0000000 0.0042386 0.0414107 0.0490575 0.0000000 0.0008037 0.0000000 0.1205846
 51 G  51 0.0072895 0.0085831 0.0261868 0.0599504 0.0000000 0.0404119 0.0473723 0.4823707 0.0172375 0.0000000 0.0013333 0.0284523 0.0009608 0.0000000 0.0096835 0.0056157 0.0220711 0.0000000 0.0023267 0.0000000 0.2401544
 52 I  52 0.0000000 0.1385983 0.0067858 0.0033191 0.0059478 0.0155655 0.0043846 0.0079801 0.0099884 0.2125033 0.0162082 0.1907784 0.0095721 0.0023081 0.0000000 0.0018284 0.1120297 0.0000000 0.0000000 0.2463412 0.0158611
 53 I  53 0.0000000 0.0000000 0.0000000 0.0000000 0.0000000 0.0000000 0.0000000 0.0000000 0.0059678 0.7719984 0.0160265 0.0000000 0.0000000 0.0000000 0.0000000 0.0000000 0.0000000 0.0000000 0.0000000 0.2060073 0.0000000
 54 E  54 0.1181672 0.0271581 0.0099412 0.0403406 0.0000000 0.0379889 0.2888296 0.0034279 0.0017334 0.0406317 0.0366699 0.0986904 0.0117342 0.0000000 0.0000000 0.0633858 0.1167334 0.0000000 0.0000000 0.0931530 0.0114149
 55 D  55 0.0292830 0.0218752 0.0325652 0.7521702 0.0000000 0.0124339 0.1063123 0.0089473 0.0033970 0.0000000 0.0023267 0.0200358 0.0000000 0.0016401 0.0000000 0.0035332 0.0000000 0.0000000 0.0036639 0.0000000 0.0018161
 56 A  56 0.3942529 0.0000000 0.0000000 0.0000000 0.0169385 0.0000000 0.0000000 0.0095300 0.0000000 0.2082901 0.0255754 0.0000000 0.0000000 0.0000000 0.0000000 0.0177742 0.0020791 0.0000000 0.0000000 0.3255599 0.0000000
 57 R  57 0.1058989 0.1778195 0.0064980 0.0000000 0.0286848 0.0154285 0.0000000 0.0377316 0.0054250 0.0000000 0.0000000 0.3755518 0.0030941 0.0000000 0.0000000 0.2013203 0.0250043 0.0058259 0.0025428 0.0033176 0.0058569
 58 F  58 0.0000000 0.0000000 0.0000000 0.0000000 0.0000000 0.0057067 0.0000000 0.0000000 0.0079867 0.0082709 0.0000000 0.0000000 0.0000000 0.8160434 0.0000000 0.0000000 0.0000000 0.0332359 0.1185420 0.0082024 0.0020121
 59 K  59 0.0121404 0.0365078 0.0153879 0.0877739 0.0000000 0.1311851 0.1298685 0.0000000 0.0089872 0.0066462 0.0454443 0.3780694 0.0096077 0.0000000 0.0000000 0.0445728 0.0568996 0.0084177 0.0000000 0.0264793 0.0020121
 60 T  60 0.0350850 0.0000000 0.0059474 0.0066606 0.0000000 0.0000000 0.0000000 0.3957554 0.0000000 0.0101664 0.0000000 0.0000000 0.0000000 0.0000000 0.0000000 0.0453135 0.4680108 0.0000000 0.0000000 0.0330609 0.0000000
 61 Y  61 0.0077589 0.0322816 0.0078180 0.0524074 0.0035870 0.0932329 0.0880189 0.0000000 0.0403126 0.0024087 0.0068411 0.0385421 0.0053529 0.4127707 0.0000000 0.0506900 0.0145523 0.0000000 0.1208968 0.0225281 0.0000000
 62 G  62 0.0000000 0.0000000 0.0000000 0.0000000 0.0000000 0.0000000 0.0000000 0.9940289 0.0000000 0.0000000 0.0000000 0.0000000 0.0000000 0.0000000 0.0000000 0.0059711 0.0000000 0.0000000 0.0000000 0.0000000 0.0000000
 63 C  63 0.0000000 0.0000000 0.0000000 0.0000000 1.0000000 0.0000000 0.0000000 0.0000000 0.0000000 0.0000000 0.0000000 0.0000000 0.0000000 0.0000000 0.0000000 0.0000000 0.0000000 0.0000000 0.0000000 0.0000000 0.0000000
 64 G  64 0.2963225 0.0000000 0.0000000 0.0000000 0.0153362 0.0000000 0.0044259 0.4028418 0.0000000 0.0044584 0.0020147 0.0000000 0.0000000 0.0000000 0.0115887 0.1781293 0.0734470 0.0000000 0.0000000 0.0114354 0.0000000
 65 S  65 0.1326977 0.0000000 0.0000000 0.0000000 0.0000000 0.0000000 0.0000000 0.0093304 0.0000000 0.4225944 0.0000000 0.0000000 0.0000000 0.0000000 0.0000000 0.3919172 0.0286471 0.0000000 0.0000000 0.0148133 0.0000000
 66 A  66 0.5264289 0.0000000 0.0181104 0.0028240 0.0198142 0.0000000 0.0000000 0.0000000 0.0000000 0.0000000 0.0066606 0.0000000 0.0000000 0.0000000 0.0000000 0.4152316 0.0109301 0.0000000 0.0000000 0.0000000 0.0000000
 67 I  67 0.0000000 0.0058011 0.0000000 0.0000000 0.0083935 0.2463174 0.0000000 0.0000000 0.0000000 0.5338269 0.0179927 0.0150021 0.0800207 0.0000000 0.0000000 0.0000000 0.0500749 0.0000000 0.0000000 0.0425708 0.0000000
 68 A  68 0.9450978 0.0000000 0.0000000 0.0000000 0.0000000 0.0000000 0.0000000 0.0000000 0.0000000 0.0000000 0.0000000 0.0000000 0.0000000 0.0000000 0.0000000 0.0549022 0.0000000 0.0000000 0.0000000 0.0000000 0.0000000
 69 S  69 0.0898160 0.0000000 0.0000000 0.0000000 0.0123864 0.0000000 0.0000000 0.0000000 0.0000000 0.0000000 0.0000000 0.0000000 0.0000000 0.0000000 0.0000000 0.7796776 0.1032644 0.0000000 0.0000000 0.0148555 0.0000000
 70 S  70 0.3462271 0.0000000 0.0000000 0.0000000 0.0000000 0.0000000 0.0000000 0.0155018 0.0000000 0.0024262 0.0059678 0.0000000 0.0000000 0.0000000 0.0000000 0.4910221 0.1248875 0.0000000 0.0000000 0.0139675 0.0000000
 71 S  71 0.0068086 0.0000000 0.0000000 0.0421552 0.0000000 0.0000000 0.0034401 0.0000000 0.0000000 0.0000000 0.0000000 0.0000000 0.0066606 0.0059711 0.0000000 0.9311588 0.0000000 0.0000000 0.0038056 0.0000000 0.0000000
 72 L  72 0.0748524 0.0000000 0.0000000 0.0000000 0.0000000 0.0019278 0.0066606 0.0000000 0.0000000 0.0782075 0.2443437 0.0000000 0.3274232 0.0036978 0.0000000 0.0000000 0.0115187 0.0000000 0.0764664 0.1749018 0.0000000
 73 V  73 0.1831195 0.0000000 0.0000000 0.0000000 0.0000000 0.0000000 0.0000000 0.0034129 0.0000000 0.0191031 0.3007606 0.0000000 0.3346099 0.0000000 0.0000000 0.0065282 0.0353924 0.0000000 0.0066606 0.1104127 0.0000000
 74 T  74 0.0519956 0.0000000 0.0184325 0.0000000 0.0132484 0.0000000 0.0000000 0.0022384 0.0078135 0.0211992 0.0127285 0.0000000 0.0041733 0.0041608 0.0000000 0.0950631 0.7585322 0.0000000 0.0067747 0.0036399 0.0000000
 75 E  75 0.0029914 0.0040253 0.0079327 0.1767342 0.0000000 0.0463673 0.6853240 0.0161436 0.0000000 0.0023046 0.0020123 0.0051476 0.0000000 0.0000000 0.0000000 0.0069449 0.0208070 0.0000000 0.0000000 0.0232652 0.0000000
 76 W  76 0.1290097 0.0308682 0.0016104 0.0034375 0.0000000 0.0386806 0.0422398 0.0000000 0.0017453 0.0428314 0.3138546 0.0153276 0.1658539 0.0026761 0.0000000 0.0182505 0.0165079 0.1486931 0.0013148 0.0206160 0.0064825
 77 V  77 0.0799385 0.0000000 0.0000000 0.0000000 0.0200451 0.0000000 0.0000000 0.0000000 0.0000000 0.2772826 0.1604178 0.0000000 0.0136591 0.0000000 0.0000000 0.0024732 0.0125232 0.0000000 0.0000000 0.4271780 0.0064825
 78 K  78 0.0118682 0.0725539 0.0055794 0.0000000 0.0000000 0.0166558 0.0218599 0.0000000 0.0056120 0.1467186 0.0229324 0.5802940 0.0211310 0.0000000 0.0114297 0.0032838 0.0154752 0.0000000 0.0018224 0.0563012 0.0064825
 79 G  79 0.0000000 0.0025124 0.0164288 0.0075138 0.0000000 0.0035307 0.0034639 0.9500337 0.0000000 0.0000000 0.0000000 0.0044931 0.0000000 0.0000000 0.0000000 0.0055411 0.0000000 0.0000000 0.0000000 0.0000000 0.0064825
 80 K  80 0.0056271 0.0600369 0.0000000 0.0000000 0.0000000 0.0407871 0.0023542 0.0000000 0.0152947 0.0049223 0.0401817 0.6914159 0.1093383 0.0000000 0.0000000 0.0111723 0.0091151 0.0000000 0.0000000 0.0032718 0.0064825
 81 S  81 0.0078900 0.0127885 0.0231485 0.0386740 0.0000000 0.0064314 0.0127147 0.0072132 0.0215689 0.0024728 0.0040998 0.0290136 0.0000000 0.0000000 0.0726121 0.1848682 0.5765041 0.0000000 0.0000000 0.0000000 0.0000000
 82 L  82 0.0083300 0.0178222 0.0000000 0.0000000 0.0206508 0.0037933 0.0188306 0.0000000 0.0000000 0.1791391 0.3869388 0.0446430 0.0079021 0.0042386 0.0097565 0.0025284 0.0138124 0.0029582 0.0019548 0.2767012 0.0000000
 83 D  83 0.1010909 0.0052805 0.0241691 0.3386272 0.0000000 0.0239795 0.3433195 0.0273671 0.0032070 0.0013600 0.0028669 0.0362937 0.0000000 0.0032459 0.0289391 0.0374441 0.0141654 0.0011993 0.0028574 0.0045874 0.0000000
 84 E  84 0.0125137 0.0030050 0.0087906 0.1144121 0.0000000 0.0811476 0.7371395 0.0000000 0.0066011 0.0000000 0.0000000 0.0068034 0.0000000 0.0000000 0.0000000 0.0024166 0.0072982 0.0000000 0.0176282 0.0022439 0.0000000
 85 A  85 0.8377853 0.0000000 0.0000000 0.0015819 0.0050096 0.0000000 0.0017771 0.0078365 0.0000000 0.0209333 0.0200830 0.0000000 0.0000000 0.0029161 0.0064825 0.0067448 0.0084367 0.0000000 0.0000000 0.0804132 0.0000000
 86 Q  86 0.0659011 0.0312293 0.0015453 0.0119481 0.0016896 0.0460496 0.1046651 0.0355101 0.0076101 0.0092964 0.4128315 0.0764723 0.0616932 0.0219126 0.0000000 0.0284266 0.0114563 0.0329419 0.0161294 0.0226915 0.0000000
 87 A  87 0.1716324 0.0567546 0.0399414 0.0399594 0.0000000 0.1074555 0.1473084 0.0216273 0.0180957 0.0020439 0.0123220 0.2694888 0.0088017 0.0000000 0.0017149 0.0364000 0.0578719 0.0000000 0.0000000 0.0085822 0.0000000
 88 I  88 0.0026513 0.0000000 0.0000000 0.0000000 0.0000000 0.0022626 0.0046830 0.0000000 0.0000000 0.4217356 0.3558317 0.0037377 0.0731818 0.0152696 0.0000000 0.0000000 0.0200936 0.0000000 0.0015832 0.0832292 0.0157408
 89 K  89 0.0330956 0.0327834 0.0104573 0.0536982 0.0023924 0.0221030 0.0215448 0.1213328 0.0084013 0.0139494 0.0097893 0.2006580 0.0076563 0.0394131 0.0063319 0.0953710 0.2569514 0.0000000 0.0060338 0.0422963 0.0157408
 90 N  90 0.0105452 0.0403379 0.4336043 0.2158295 0.0000000 0.0246337 0.0810702 0.0226719 0.0201913 0.0000000 0.0042386 0.0555008 0.0000000 0.0044243 0.0288720 0.0090257 0.0092789 0.0136862 0.0056942 0.0046548 0.0157408
 91 T  91 0.0956801 0.0485481 0.0264974 0.0880001 0.0024195 0.0624771 0.0932815 0.0355466 0.0083260 0.0315224 0.0596572 0.1582535 0.0155747 0.0000000 0.0000000 0.0469784 0.2112810 0.0000000 0.0000000 0.0066982 0.0092583
 92 D  92 0.1154276 0.0047649 0.0022131 0.3539114 0.0000000 0.0829907 0.1456954 0.0000000 0.0062547 0.0201113 0.0012513 0.0088165 0.0134935 0.1778563 0.0000000 0.0092804 0.0163017 0.0000000 0.0045184 0.0278547 0.0092583
 93 I  93 0.1136480 0.0022896 0.0020434 0.0000000 0.0031909 0.0068735 0.0000000 0.0000000 0.0000000 0.4373822 0.0675529 0.0057349 0.0263428 0.0172127 0.0015610 0.0102314 0.0045263 0.0000000 0.0000000 0.2921521 0.0092583
 94 A  94 0.4161496 0.0000000 0.0000000 0.0000000 0.0010298 0.0000000 0.0194954 0.0024399 0.0000000 0.0263756 0.2668826 0.0000000 0.0207596 0.1027090 0.0025124 0.0184594 0.0317191 0.0000000 0.0094966 0.0652612 0.0167098
 95 E  95 0.1491753 0.0148167 0.0205245 0.1267870 0.0017276 0.0745032 0.2559980 0.0267455 0.0085214 0.0000000 0.0000000 0.1814184 0.0178220 0.0000000 0.0044259 0.0853211 0.0130333 0.0000000 0.0000000 0.0024703 0.0167098
 96 E  96 0.1606073 0.0042362 0.0236995 0.0085568 0.0000000 0.0020559 0.2450657 0.3424323 0.0420123 0.0000000 0.0184124 0.0059612 0.0104988 0.0324648 0.0000000 0.0163925 0.0067799 0.0046548 0.0534325 0.0060273 0.0167098
 97 L  97 0.0000000 0.0000000 0.0000000 0.0000000 0.0000000 0.0000000 0.0000000 0.0169059 0.0000000 0.0607048 0.5475255 0.0000000 0.0063743 0.0000000 0.0108806 0.0000000 0.0024718 0.0000000 0.0000000 0.3384273 0.0167098
 98 E  98 0.1642838 0.0467512 0.0253730 0.1029104 0.0684820 0.0091933 0.0543555 0.2029741 0.0147793 0.0020387 0.0038056 0.0407656 0.0138519 0.0000000 0.0000000 0.2235765 0.0040252 0.0023046 0.0000000 0.0028468 0.0176825
 99 L  99 0.0160611 0.0147465 0.0131952 0.0103739 0.0000000 0.0659179 0.0450036 0.0087351 0.0142086 0.0388365 0.5507700 0.1786868 0.0000000 0.0024189 0.0000000 0.0035362 0.0000000 0.0000000 0.0000000 0.0208000 0.0167098
100 P 100 0.0000000 0.0000000 0.0000000 0.0000000 0.0000000 0.0047609 0.0056064 0.0105476 0.0000000 0.0046893 0.0226131 0.0000000 0.0265398 0.1987905 0.5456359 0.0266277 0.0109223 0.0000000 0.1265567 0.0000000 0.0167098
101 P 101 0.0244756 0.0052783 0.0000000 0.0188476 0.0000000 0.0062342 0.0801475 0.0010278 0.0043671 0.0000000 0.0046548 0.0209264 0.0000000 0.0000000 0.8092932 0.0034707 0.0030996 0.0000000 0.0000000 0.0014673 0.0167098
102 V 102 0.3049571 0.0012825 0.0338318 0.0065085 0.0000000 0.0761196 0.0809765 0.0066135 0.0142139 0.0256625 0.0000000 0.0049665 0.0467344 0.0039046 0.0018218 0.0294971 0.0168232 0.0000000 0.0000000 0.3293766 0.0167098
103 K 103 0.0000000 0.4374077 0.0000000 0.0000000 0.0000000 0.0000000 0.0000000 0.0000000 0.0000000 0.0000000 0.0000000 0.5374648 0.0000000 0.0000000 0.0000000 0.0084177 0.0000000 0.0000000 0.0000000 0.0000000 0.0167098
104 I 104 0.0052682 0.0029879 0.0000000 0.0000000 0.0000000 0.0076834 0.0042619 0.0030956 0.0000000 0.2731512 0.1816275 0.0183966 0.1553513 0.0082737 0.0088934 0.0030396 0.0019254 0.0000000 0.0148613 0.2885021 0.0226809
105 H 105 0.0000000 0.0124165 0.0055487 0.0059678 0.0000000 0.0000000 0.0056131 0.0000000 0.5253100 0.0000000 0.0064825 0.4194917 0.0000000 0.0000000 0.0024599 0.0000000 0.0000000 0.0000000 0.0000000 0.0000000 0.0167098
106 C 106 0.0106422 0.0000000 0.0000000 0.0000000 0.9726480 0.0000000 0.0000000 0.0000000 0.0000000 0.0000000 0.0000000 0.0000000 0.0000000 0.0000000 0.0000000 0.0000000 0.0000000 0.0000000 0.0000000 0.0000000 0.0167098
107 S 107 0.4307486 0.0000000 0.0000000 0.0000000 0.0058259 0.0000000 0.0000000 0.0000000 0.0000000 0.0000000 0.0000000 0.0000000 0.0000000 0.0044584 0.0000000 0.5243074 0.0179498 0.0000000 0.0000000 0.0000000 0.0167098
108 I 108 0.0078840 0.0000000 0.0741398 0.0000000 0.0000000 0.0071708 0.0000000 0.0000000 0.0000000 0.0644585 0.1949057 0.0000000 0.1433541 0.0133827 0.0000000 0.0136169 0.1982027 0.0000000 0.0000000 0.2625569 0.0203281
109 L 109 0.0000000 0.0000000 0.0000000 0.0000000 0.0000000 0.0000000 0.0000000 0.0000000 0.0000000 0.0104463 0.8657676 0.0020002 0.0940184 0.0000000 0.0000000 0.0000000 0.0000000 0.0000000 0.0000000 0.0036954 0.0240721
110 A 110 0.5900218 0.0000000 0.0000000 0.0000000 0.0069331 0.0000000 0.0000000 0.2326799 0.0000000 0.0140551 0.0000000 0.0000000 0.0000000 0.0000000 0.0281571 0.0928179 0.0035301 0.0000000 0.0000000 0.0062601 0.0255449
111 E 111 0.0660906 0.0316196 0.0000000 0.0240255 0.0000000 0.0462524 0.3173859 0.0000000 0.0020842 0.0102767 0.0422075 0.0011267 0.0036527 0.0046548 0.0000000 0.0000000 0.0027448 0.3728014 0.0188309 0.0307012 0.0255449
112 D 112 0.0064885 0.0243270 0.0481342 0.2823002 0.0000000 0.0294687 0.1455091 0.0157359 0.1242608 0.0000000 0.0051162 0.1683979 0.0713777 0.0000000 0.0000000 0.0323290 0.0051578 0.0138519 0.0000000 0.0000000 0.0275452
113 A 113 0.7195891 0.0016110 0.0000000 0.0000000 0.0023725 0.0000000 0.0000000 0.0260118 0.0000000 0.0058259 0.0000000 0.0000000 0.0000000 0.0000000 0.0000000 0.0037482 0.1424318 0.0000000 0.0000000 0.0708645 0.0275452
114 I 114 0.0264555 0.0000000 0.0000000 0.0000000 0.0050955 0.0000000 0.0000000 0.0000000 0.0000000 0.2927406 0.4525623 0.0000000 0.0362135 0.0716424 0.0000000 0.0029331 0.0036954 0.0217186 0.0057646 0.0515896 0.0295891
115 K 115 0.0059655 0.1075566 0.0162525 0.0171096 0.0000000 0.1035447 0.1528971 0.0042473 0.0961783 0.0038110 0.0118189 0.4173182 0.0036780 0.0000000 0.0059678 0.0020147 0.0108977 0.0000000 0.0062867 0.0048665 0.0295891
116 A 116 0.4213960 0.0375933 0.0282598 0.1151686 0.0000000 0.0533907 0.0557704 0.0033377 0.0092782 0.0000000 0.0145123 0.1192258 0.0044420 0.0024195 0.0000000 0.0763121 0.0035231 0.0000000 0.0035887 0.0150705 0.0367114
117 A 117 0.8207041 0.0000000 0.0000000 0.0000000 0.0091987 0.0000000 0.0028240 0.0960512 0.0000000 0.0087998 0.0052590 0.0000000 0.0068138 0.0000000 0.0000000 0.0040609 0.0033397 0.0000000 0.0000000 0.0051791 0.0377696
118 I 118 0.0426791 0.0000000 0.0000000 0.0000000 0.0000000 0.0000000 0.0000000 0.0000000 0.0000000 0.4240705 0.2819632 0.0000000 0.0046174 0.0054197 0.0000000 0.0029809 0.0298449 0.0000000 0.0000000 0.1588231 0.0496012
119 A 119 0.2041128 0.0473162 0.0955343 0.0547188 0.0000000 0.0334798 0.1235472 0.0077081 0.0346981 0.0017342 0.0112512 0.1424541 0.0066169 0.0079328 0.0000000 0.0592942 0.0139151 0.0115175 0.0364998 0.0169380 0.0907308
120 D 120 0.0105620 0.0089203 0.1573565 0.3750498 0.0014498 0.0756428 0.0710392 0.0057669 0.0098037 0.0183550 0.0028418 0.0440484 0.0000000 0.0009401 0.0032459 0.0157660 0.0136391 0.0000000 0.0020900 0.0000000 0.1834829
121 Y 121 0.0583248 0.0013241 0.0050518 0.0073748 0.0000000 0.0000000 0.0157973 0.0000000 0.0116178 0.0213785 0.0180059 0.0185694 0.0041327 0.0284665 0.0000000 0.0136453 0.0044055 0.0165308 0.4992224 0.0038476 0.2723048
122 K 122 0.0167652 0.1733066 0.0135379 0.0021043 0.0019539 0.0601875 0.0780001 0.0043016 0.0093501 0.0067589 0.0842246 0.1479439 0.0115951 0.0062860 0.0077211 0.0052593 0.0047203 0.0026116 0.0529055 0.0074543 0.3030122
123 S 123 0.0576715 0.0234897 0.0256213 0.0120863 0.0000000 0.0392512 0.0878531 0.1364586 0.0039046 0.0107369 0.0236246 0.0866882 0.0049608 0.0137378 0.0015931 0.0914783 0.0374830 0.0000000 0.0000000 0.0214933 0.3218678
124 K 124 0.0037902 0.0555448 0.0037174 0.0299211 0.0000000 0.0019186 0.0976606 0.0070727 0.0025554 0.0044835 0.0011249 0.3595549 0.0000000 0.0000000 0.0012768 0.0138025 0.0052347 0.0000000 0.0000000 0.0010988 0.4112429
125 R 125 0.0200388 0.0748130 0.0258566 0.0026721 0.0000000 0.1503590 0.0122762 0.0000000 0.0623642 0.0031105 0.0061199 0.0540918 0.0042053 0.0012818 0.0000000 0.0030802 0.0058051 0.0020147 0.0000000 0.0015453 0.5703657
126 E 126 0.0245294 0.0083858 0.0321027 0.0421771 0.0000000 0.0289952 0.0770228 0.0403039 0.0012471 0.0000000 0.0020407 0.0300641 0.0000000 0.0000000 0.0077845 0.0102099 0.0094880 0.0012377 0.0000000 0.0049244 0.6794866
127 A 127 0.0489115 0.0047214 0.0081356 0.0017007 0.0000000 0.0145869 0.0094967 0.0316837 0.0015304 0.0039732 0.0108034 0.0618992 0.0100713 0.0000000 0.0157516 0.0249620 0.0058974 0.0000000 0.0000000 0.0049274 0.7409475
128 K 128 0.0000000 0.0163251 0.0000000 0.0000000 0.0000000 0.0079781 0.0412857 0.0000000 0.0000000 0.0000000 0.0000000 0.0920223 0.0000000 0.0000000 0.0000000 0.0000000 0.0000000 0.0000000 0.0000000 0.0000000 0.8423887
