  141         A         R         N         D         C         Q         E         G         H         I         L         K         M         F         P         S         T         W         Y         V    
  1 M   1 0.0000000 0.0000000 0.0000000 0.0000000 0.0000000 0.0000000 0.0000000 0.0000000 0.0000000 0.0000000 0.3240704 0.0000000 0.5514999 0.0783667 0.0000000 0.0000000 0.0000000 0.0000000 0.0000000 0.0460630
  2 H   2 0.1037392 0.0732948 0.0885749 0.0000000 0.0107555 0.0197562 0.1553672 0.0119245 0.1031010 0.0374185 0.0000000 0.0172079 0.0234127 0.0000000 0.1504049 0.0812252 0.1078775 0.0000000 0.0000000 0.0159399
  3 H   3 0.0116540 0.0000000 0.0357278 0.0000000 0.0000000 0.0432598 0.0191539 0.0667149 0.2721007 0.0613088 0.0273752 0.0414891 0.0421368 0.1929900 0.0288208 0.0084250 0.0483298 0.0000000 0.0669235 0.0335899
  4 H   4 0.0000000 0.0046795 0.0230026 0.8059028 0.0000000 0.0368534 0.0113284 0.0169327 0.0439799 0.0000000 0.0038733 0.0423270 0.0000000 0.0000000 0.0049795 0.0000000 0.0000000 0.0000000 0.0022138 0.0039272
  5 H   5 0.1261003 0.0218036 0.0030002 0.0215370 0.0000000 0.0321983 0.0434273 0.0090358 0.0458059 0.1078304 0.0638482 0.1004259 0.0308891 0.0115568 0.0734644 0.0360603 0.0697587 0.0000000 0.0000000 0.2032578
  6 H   6 0.0057036 0.0270490 0.0872074 0.7119859 0.0000000 0.0116243 0.0296738 0.0033315 0.0233171 0.0067089 0.0000000 0.0279898 0.0037744 0.0000000 0.0000000 0.0109463 0.0115647 0.0000000 0.0000000 0.0391232
  7 H   7 0.0236091 0.0404591 0.1249984 0.0098796 0.0018214 0.0168513 0.0053062 0.5527669 0.0098711 0.0000000 0.0122327 0.0757095 0.0115439 0.0000000 0.0259539 0.0506616 0.0383352 0.0000000 0.0000000 0.0000000
  8 G   8 0.0470103 0.0127803 0.3304588 0.2161841 0.0074836 0.0044995 0.0074573 0.0666380 0.0060192 0.0100628 0.0026540 0.0135067 0.0000000 0.0000000 0.0000000 0.2337600 0.0397104 0.0000000 0.0000000 0.0017750
  9 G   9 0.0116071 0.0330273 0.0089160 0.0023808 0.0000000 0.0000000 0.0224426 0.8586372 0.0037293 0.0000000 0.0000000 0.0273486 0.0000000 0.0000000 0.0000000 0.0119071 0.0144584 0.0000000 0.0032202 0.0023253
 10 L  10 0.0406242 0.0965378 0.0215417 0.0076340 0.0170293 0.0210120 0.0735510 0.0071863 0.0171972 0.0133459 0.0996459 0.0891218 0.0191138 0.0181299 0.0014045 0.0633761 0.3207262 0.0000000 0.0252114 0.0476110
 11 V  11 0.0000000 0.0000000 0.0063676 0.0045664 0.0000000 0.0000000 0.0029008 0.0257707 0.0000000 0.5557044 0.1592199 0.0400340 0.0144099 0.0080017 0.0051753 0.0000000 0.0018569 0.0000000 0.0000000 0.1759923
 12 P  12 0.0214005 0.0061137 0.0574909 0.6369442 0.0000000 0.0389357 0.0420026 0.0182715 0.0021156 0.0000000 0.0043407 0.0000000 0.0000000 0.0037172 0.0184276 0.0945495 0.0198014 0.0000000 0.0358889 0.0000000
 13 R  13 0.0287903 0.0173976 0.0000000 0.0000000 0.0037477 0.0026621 0.0129171 0.0060624 0.0029734 0.0229948 0.0472125 0.0362813 0.0059485 0.5477473 0.0152792 0.0150371 0.0065364 0.0063035 0.2193481 0.0027607
 14 G  14 0.0157487 0.0440441 0.0395434 0.0906214 0.0000000 0.0588131 0.2524888 0.2034263 0.0000000 0.0115350 0.0098678 0.0398108 0.0025133 0.0037229 0.0909619 0.1100623 0.0156064 0.0000000 0.0038872 0.0073467
 15 S  15 0.0486811 0.0000000 0.0490321 0.0729615 0.0000000 0.0337082 0.5535042 0.0158949 0.0138872 0.0040720 0.0029250 0.0126880 0.0019331 0.0048322 0.0111685 0.0588685 0.0823951 0.0087120 0.0000000 0.0247363
 16 M  16 0.0098537 0.0000000 0.0000000 0.0000000 0.0085288 0.0000000 0.0065436 0.0000000 0.0000000 0.0097961 0.0100206 0.0026521 0.0558437 0.7758860 0.0081693 0.0000000 0.0000000 0.0020197 0.1053345 0.0053520
 17 D  17 0.0246221 0.0109887 0.0700791 0.0818800 0.0280799 0.0162940 0.0846766 0.0142755 0.0083677 0.0854712 0.2672193 0.0160547 0.0081481 0.0048563 0.0863268 0.0400952 0.0283804 0.0011089 0.0062072 0.1168685
 18 D  18 0.0470523 0.0226169 0.0637666 0.1221269 0.0070450 0.0598953 0.3827030 0.0120383 0.0182714 0.0123670 0.0111842 0.0261223 0.0093069 0.0071254 0.0839009 0.0435632 0.0462690 0.0000000 0.0111375 0.0135079
 19 I  19 0.0231925 0.0241651 0.0046978 0.0000000 0.0023847 0.0069868 0.0042860 0.0032466 0.0027122 0.1477962 0.1295780 0.0096953 0.1293401 0.4314455 0.0046052 0.0118981 0.0070793 0.0000000 0.0054443 0.0514463
 20 Y  20 0.0239605 0.0012564 0.0133594 0.0020941 0.0109018 0.0098733 0.0000000 0.0016030 0.0000000 0.0769588 0.4295697 0.0093510 0.2208772 0.0223621 0.0092265 0.0408817 0.0061808 0.0030291 0.0364177 0.0820969
 21 K  21 0.0965475 0.1701372 0.0166869 0.0178709 0.0024496 0.0789106 0.0401328 0.0211053 0.0312226 0.0123566 0.0264030 0.1580413 0.0086282 0.0032726 0.0019988 0.1025090 0.1812281 0.0009354 0.0111248 0.0184389
 22 A  22 0.1945959 0.0770661 0.0127329 0.0050918 0.0078453 0.0129392 0.0184039 0.0079507 0.0168709 0.0456893 0.0805231 0.0972350 0.1194671 0.0103851 0.0134996 0.0550361 0.0328995 0.0024846 0.0041805 0.1851034
 23 A  23 0.0901359 0.0256559 0.0080178 0.0068986 0.0014561 0.0378043 0.0069222 0.0046521 0.0024232 0.2047239 0.0193902 0.0737992 0.3652541 0.0033147 0.0057582 0.0193264 0.0559856 0.0025951 0.0044200 0.0614664
 24 V  24 0.3583412 0.0308235 0.0095827 0.0074642 0.0016309 0.0038745 0.0113119 0.0339344 0.0051707 0.0491858 0.0322978 0.0724311 0.1274781 0.0016175 0.0058392 0.0877445 0.1000905 0.0017310 0.0047569 0.0546936
 25 E  25 0.0389551 0.0909152 0.0324962 0.1358364 0.0075997 0.0619362 0.1757554 0.0418711 0.0702231 0.0426919 0.0264496 0.1382473 0.0070501 0.0063855 0.0378465 0.0370515 0.0223857 0.0000000 0.0055747 0.0207288
 26 Q  26 0.0173223 0.0555586 0.1009487 0.0696578 0.0212309 0.1266670 0.1598689 0.0422291 0.0860638 0.0050710 0.0126901 0.1480991 0.0261084 0.0224121 0.0085988 0.0548478 0.0243783 0.0023478 0.0088397 0.0070598
 27 L  27 0.0101284 0.0198300 0.0273160 0.0327937 0.0009393 0.0099645 0.0063530 0.0140604 0.0123333 0.0545705 0.5521399 0.0388275 0.0837772 0.0681636 0.0059823 0.0082804 0.0170443 0.0014750 0.0205450 0.0154756
 28 T  28 0.0358474 0.0490456 0.0807717 0.0535577 0.0000000 0.0184910 0.0154065 0.0227241 0.0024455 0.0041548 0.0084068 0.0818553 0.0015676 0.0000000 0.0249870 0.3225101 0.2722760 0.0000000 0.0012300 0.0047228
 29 E  29 0.0582140 0.0368973 0.0234263 0.1189444 0.0000000 0.0663173 0.4041475 0.0151050 0.0025230 0.0049854 0.0277362 0.0921609 0.0139856 0.0037711 0.0502884 0.0177181 0.0299192 0.0015319 0.0049647 0.0273637
 30 E  30 0.0325183 0.0101263 0.0186194 0.3004279 0.0025226 0.0396502 0.4605274 0.0309249 0.0023620 0.0100433 0.0102997 0.0216843 0.0107527 0.0016307 0.0036489 0.0202038 0.0102952 0.0000000 0.0037861 0.0099765
 31 Q  31 0.0112157 0.0415537 0.0113199 0.0284745 0.0007519 0.3428670 0.2923394 0.0044825 0.0107704 0.0000000 0.0145527 0.0373410 0.0202807 0.0030486 0.0474927 0.0694751 0.0553496 0.0000000 0.0044992 0.0041854
 32 K  32 0.0266198 0.0552143 0.0111434 0.0255238 0.0011133 0.0289087 0.1350060 0.0015367 0.0032598 0.3341955 0.0761717 0.1132835 0.0254649 0.0133539 0.0014777 0.0050965 0.0215729 0.0000000 0.0166551 0.1044025
 33 N  33 0.1907660 0.0355044 0.0415648 0.1125598 0.0021786 0.0890612 0.2686302 0.0236907 0.0052067 0.0087671 0.0134428 0.0919168 0.0134406 0.0018547 0.0014033 0.0565641 0.0199687 0.0000000 0.0005712 0.0229082
 34 E  34 0.0095926 0.0086284 0.0188891 0.1239382 0.0000000 0.0237907 0.5994551 0.1134573 0.0365730 0.0026647 0.0086555 0.0126383 0.0034348 0.0008501 0.0009468 0.0062050 0.0025919 0.0000000 0.0013701 0.0263183
 35 F  35 0.0050354 0.0000000 0.0000000 0.0000000 0.0023844 0.0000000 0.0021565 0.0000000 0.0000000 0.2243965 0.4027331 0.0000000 0.0337072 0.2418162 0.0000000 0.0012097 0.0008942 0.0013379 0.0705428 0.0137861
 36 K  36 0.0100934 0.2975836 0.0024236 0.0000000 0.0010442 0.0487379 0.0135611 0.0000000 0.0137709 0.0220415 0.0615047 0.3968056 0.0175547 0.0229752 0.0000000 0.0111637 0.0104340 0.0069564 0.0254464 0.0379030
 37 A  37 0.0900349 0.0241867 0.0187113 0.1044968 0.0007466 0.0516766 0.5389494 0.0044490 0.0028884 0.0047824 0.0152221 0.1013651 0.0045566 0.0017980 0.0000000 0.0104194 0.0160203 0.0016230 0.0000000 0.0080735
 38 A  38 0.7158725 0.0010004 0.0000000 0.0017140 0.0236782 0.0026509 0.0022965 0.0397907 0.0000000 0.0201027 0.0218339 0.0020081 0.0846792 0.0008715 0.0015103 0.0162702 0.0199561 0.0000000 0.0012808 0.0444841
 39 F  39 0.0016554 0.0000000 0.0000000 0.0000000 0.0000000 0.0000000 0.0000000 0.0000000 0.0000000 0.0027940 0.0407262 0.0000000 0.0099708 0.9356732 0.0000000 0.0000000 0.0000000 0.0026728 0.0039227 0.0025849
 40 D  40 0.0466663 0.2087322 0.0461840 0.1040086 0.0095823 0.0796506 0.0585364 0.0057363 0.0146928 0.0008600 0.0286587 0.1909181 0.0268408 0.0025187 0.0009237 0.1463143 0.0239476 0.0010392 0.0010945 0.0030946
 41 I  41 0.0221097 0.0110637 0.0287489 0.0012148 0.0000000 0.0117098 0.0397577 0.0084872 0.0177858 0.0623762 0.3319872 0.0086473 0.0889999 0.0400423 0.0000000 0.0292231 0.0165696 0.0033778 0.0561936 0.2217054
 42 F  42 0.0087488 0.0000000 0.0000000 0.0000000 0.0000000 0.0000000 0.0000000 0.0000000 0.0000000 0.0611397 0.0473640 0.0000000 0.0714714 0.7463382 0.0000000 0.0034712 0.0084829 0.0016911 0.0408892 0.0104035
 43 V  43 0.0012541 0.0000000 0.0010626 0.9704787 0.0000000 0.0021988 0.0082409 0.0016074 0.0000000 0.0013327 0.0000000 0.0000000 0.0000000 0.0000000 0.0000000 0.0014622 0.0010901 0.0000000 0.0000000 0.0112726
 44 L  44 0.0377400 0.1430947 0.0066400 0.0123654 0.0000000 0.0348903 0.0207496 0.0024993 0.0076287 0.0157107 0.0247868 0.4412587 0.0043130 0.0000000 0.0088324 0.0278629 0.1851767 0.0000000 0.0007835 0.0256673
 45 G  45 0.0045394 0.0090479 0.1363763 0.6716583 0.0000000 0.0137637 0.0880833 0.0061644 0.0084628 0.0000000 0.0000000 0.0144576 0.0000000 0.0000000 0.0000000 0.0083879 0.0293729 0.0000000 0.0000000 0.0096855
 46 A  46 0.0205145 0.0051179 0.1910605 0.0472782 0.0030683 0.0105423 0.0089986 0.6557223 0.0039410 0.0000000 0.0021116 0.0271712 0.0000000 0.0000000 0.0134917 0.0048285 0.0048496 0.0000000 0.0013040 0.0000000
 47 E  47 0.0199503 0.0995664 0.0124317 0.0174676 0.0089409 0.0631571 0.0651967 0.0355945 0.0225216 0.0032883 0.0075883 0.1797585 0.0000000 0.0000000 0.0075722 0.3819825 0.0693155 0.0000000 0.0000000 0.0056678
 48 D  48 0.0020381 0.0129848 0.2910772 0.4815372 0.0049808 0.0033651 0.0178606 0.0055465 0.0018522 0.0000000 0.0000000 0.0103112 0.0000000 0.0000000 0.0033530 0.0927746 0.0646363 0.0015108 0.0024524 0.0037193
 49 G  49 0.0013609 0.0000000 0.0058055 0.0000000 0.0022004 0.0000000 0.0039901 0.9714387 0.0000000 0.0000000 0.0000000 0.0016960 0.0109302 0.0000000 0.0000000 0.0025781 0.0000000 0.0000000 0.0000000 0.0000000
 50 S  50 0.0292987 0.0298130 0.0116020 0.0116995 0.0353156 0.0276952 0.0108020 0.0005849 0.0258951 0.0099602 0.0186536 0.1517411 0.0096336 0.1532896 0.0000000 0.0740160 0.2000377 0.0000000 0.1815342 0.0184279
 51 I  51 0.0026015 0.0000000 0.0000000 0.0000000 0.0000000 0.0000000 0.0000000 0.0000000 0.0014794 0.9018315 0.0203686 0.0000000 0.0063962 0.0020616 0.0000000 0.0017761 0.0011532 0.0000000 0.0000000 0.0623319
 52 S  52 0.0146278 0.0047786 0.0425092 0.1097635 0.0033333 0.0116560 0.0400931 0.0119776 0.0055645 0.0000000 0.0133554 0.0268054 0.0238184 0.0019848 0.0125659 0.2917936 0.3820372 0.0000000 0.0009447 0.0023910
 53 T  53 0.1941630 0.0321310 0.0044589 0.0024512 0.0150401 0.0169043 0.0106346 0.0222104 0.0045787 0.0553186 0.0816524 0.0600380 0.0139404 0.0702732 0.0289018 0.0570412 0.1426405 0.0044646 0.0693599 0.1137971
 54 K  54 0.1236020 0.0426874 0.0275307 0.1425813 0.0000000 0.0588190 0.1915513 0.0332484 0.0114558 0.0052728 0.0068600 0.1998201 0.0033485 0.0014486 0.0048688 0.1078692 0.0273725 0.0017038 0.0005801 0.0093797
 55 E  55 0.0049730 0.0000000 0.0359535 0.0844878 0.0014909 0.0558923 0.7786856 0.0021239 0.0009222 0.0017119 0.0000000 0.0149666 0.0026893 0.0015049 0.0000000 0.0038028 0.0063656 0.0000000 0.0000000 0.0044298
 56 L  56 0.0017223 0.0019805 0.0000000 0.0000000 0.0272592 0.0000000 0.0000000 0.0000000 0.0000000 0.0499198 0.8569422 0.0000000 0.0199896 0.0213724 0.0000000 0.0000000 0.0000000 0.0000000 0.0000000 0.0208141
 57 G  57 0.0335306 0.2423502 0.0127482 0.0018478 0.0036472 0.0472691 0.0463947 0.2963945 0.0077965 0.0098232 0.0135968 0.2483937 0.0040164 0.0031539 0.0014273 0.0173402 0.0041071 0.0007342 0.0024310 0.0029975
 58 K  58 0.0911965 0.0658645 0.0374358 0.0781126 0.0076527 0.0646046 0.0691909 0.0069394 0.1221255 0.0312896 0.0144892 0.0529469 0.0218165 0.0086566 0.0020836 0.0523365 0.1583889 0.0009722 0.0159011 0.0979965
 59 V  59 0.2249748 0.0025489 0.0009788 0.0000000 0.0217347 0.0000000 0.0007716 0.1140266 0.0000000 0.0613862 0.0559723 0.0149700 0.0160003 0.0072768 0.0000000 0.0089351 0.0113805 0.0000000 0.0016290 0.4574143
 60 M  60 0.0518120 0.0016909 0.0000000 0.0000000 0.0270329 0.0000000 0.0000000 0.0000000 0.0000000 0.0287835 0.3824586 0.0000000 0.4639325 0.0156042 0.0000000 0.0022166 0.0082857 0.0009282 0.0011243 0.0161306
 61 R  61 0.0752991 0.4059570 0.0137430 0.0088740 0.0042688 0.0368307 0.0305422 0.0128381 0.0178740 0.0157556 0.0100757 0.1424531 0.0191952 0.0027494 0.0107489 0.0318319 0.1395481 0.0033115 0.0009874 0.0171164
 62 M  62 0.1622568 0.0576265 0.0804566 0.0210187 0.0331724 0.0239077 0.1081837 0.0151266 0.0118422 0.0028762 0.0078296 0.0954941 0.0267685 0.0029491 0.0031376 0.2587066 0.0805648 0.0000000 0.0027273 0.0053551
 63 L  63 0.0085906 0.0014762 0.0016404 0.0049298 0.0049790 0.0188181 0.0075090 0.0000000 0.0062616 0.0449794 0.7010693 0.0077648 0.0516312 0.0498058 0.0027812 0.0071230 0.0130004 0.0013360 0.0193208 0.0469834
 64 G  64 0.0028653 0.0052372 0.0102662 0.0223736 0.0012203 0.0038420 0.0075683 0.9268695 0.0000000 0.0019975 0.0000000 0.0043691 0.0000000 0.0008818 0.0017011 0.0069012 0.0000000 0.0000000 0.0012838 0.0026230
 65 Q  65 0.0312584 0.0116597 0.0050587 0.0479039 0.0076232 0.2159509 0.2853204 0.0127106 0.0359971 0.0164600 0.0457796 0.0148814 0.0275428 0.0709276 0.0069856 0.0655550 0.0331457 0.0043295 0.0492715 0.0116382
 66 N  66 0.0133336 0.0493223 0.3054061 0.0487645 0.0095667 0.0377217 0.0911430 0.0219599 0.0157324 0.0059012 0.0078162 0.2239279 0.0416158 0.0115596 0.0220952 0.0420253 0.0389603 0.0000000 0.0076569 0.0054914
 67 P  67 0.0303225 0.0038344 0.0010844 0.0091140 0.0096762 0.0038881 0.0033049 0.0009240 0.0013044 0.0499844 0.3416305 0.0044996 0.0640144 0.0282120 0.3671531 0.0076041 0.0082521 0.0000000 0.0031796 0.0620174
 68 T  68 0.0189053 0.0180588 0.0345617 0.0503590 0.0011972 0.0066706 0.0092561 0.0155498 0.0009434 0.0038328 0.0059899 0.0720763 0.0082648 0.0012988 0.0219651 0.2194886 0.5044523 0.0000000 0.0000000 0.0071295
 69 P  69 0.0225503 0.0162376 0.0539448 0.2493265 0.0016430 0.0393575 0.3868459 0.0153039 0.0174824 0.0094821 0.0151402 0.0729497 0.0048023 0.0020053 0.0587221 0.0106024 0.0113966 0.0013054 0.0030765 0.0078256
 70 E  70 0.2185887 0.0223013 0.0145326 0.0938270 0.0025140 0.0384278 0.3058582 0.0223031 0.0055552 0.0074430 0.0065396 0.0463030 0.0190777 0.0040899 0.0180620 0.0968705 0.0243798 0.0023054 0.0026109 0.0484106
 71 E  71 0.0032528 0.0061051 0.0036794 0.1043078 0.0024783 0.0346224 0.7721116 0.0027221 0.0115757 0.0020826 0.0008351 0.0079876 0.0035342 0.0032543 0.0006129 0.0073228 0.0166831 0.0000000 0.0007702 0.0160622
 72 L  72 0.0260561 0.0000000 0.0000000 0.0000000 0.0139847 0.0000000 0.0009738 0.0029301 0.0000000 0.2455085 0.3795915 0.0000000 0.0106441 0.0196187 0.0000000 0.0011020 0.0060431 0.0000000 0.0000000 0.2935474
 73 Q  73 0.0400306 0.0904422 0.0418250 0.1610770 0.0018209 0.1960843 0.1550541 0.0060388 0.0166529 0.0189756 0.0463615 0.1502067 0.0097468 0.0044970 0.0037002 0.0113964 0.0142363 0.0000000 0.0200948 0.0117587
 74 E  74 0.0701225 0.0489195 0.0239947 0.2001093 0.0000000 0.1118637 0.3165091 0.0107892 0.0044336 0.0237481 0.0152637 0.0891498 0.0128401 0.0007178 0.0000000 0.0307310 0.0265268 0.0007241 0.0010590 0.0124978
 75 M  75 0.0060730 0.0008089 0.0000000 0.0000000 0.0038018 0.0012876 0.0026211 0.0000000 0.0162828 0.1644755 0.2777033 0.0000000 0.4477290 0.0080395 0.0000000 0.0026032 0.0019136 0.0074160 0.0050600 0.0541847
 76 I  76 0.0053008 0.0019329 0.0000000 0.0000000 0.0025456 0.0033373 0.0012683 0.0011209 0.0006041 0.4793653 0.1656041 0.0037746 0.1981119 0.0248895 0.0000000 0.0166361 0.0083051 0.0000000 0.0027584 0.0844450
 77 D  77 0.1158644 0.1455214 0.1208553 0.0934802 0.0027871 0.1152805 0.1032808 0.0416624 0.0237546 0.0034987 0.0113194 0.1250102 0.0014137 0.0017182 0.0000000 0.0636918 0.0193917 0.0000000 0.0056368 0.0058327
 78 E  78 0.1296148 0.0323937 0.0204619 0.1128350 0.0024782 0.0465594 0.4892707 0.0391215 0.0086995 0.0037410 0.0094304 0.0382440 0.0045565 0.0029614 0.0045777 0.0172566 0.0179686 0.0000000 0.0022284 0.0176008
 79 V  79 0.3379493 0.0000000 0.0031998 0.0000000 0.0024852 0.0016633 0.0017376 0.0180380 0.0392498 0.1096229 0.0500603 0.0014669 0.0115616 0.0186691 0.0203510 0.0191601 0.0081041 0.0000000 0.0133208 0.3433605
 80 D  80 0.0035951 0.0108218 0.0188546 0.8616175 0.0000000 0.0130829 0.0173053 0.0170571 0.0044834 0.0000000 0.0000000 0.0385402 0.0012212 0.0000000 0.0015342 0.0035220 0.0044556 0.0000000 0.0020433 0.0018657
 81 E  81 0.1127049 0.0395245 0.0032222 0.0060562 0.0034299 0.0535985 0.0898755 0.0091742 0.0040286 0.0964093 0.0800468 0.0983439 0.0412661 0.0114758 0.0412170 0.0430752 0.1034725 0.0000000 0.0025639 0.1605149
 82 D  82 0.0066924 0.0056362 0.1108245 0.7325122 0.0000000 0.0041743 0.0696989 0.0177813 0.0030324 0.0000000 0.0022786 0.0088075 0.0145563 0.0012956 0.0033173 0.0039101 0.0108722 0.0000000 0.0000000 0.0046102
 83 G  83 0.0167094 0.0229977 0.1576649 0.0088362 0.0054382 0.0263284 0.0185120 0.5477383 0.0097312 0.0013368 0.0145631 0.0861654 0.0096817 0.0009676 0.0120383 0.0564850 0.0022652 0.0010668 0.0000000 0.0014738
 84 S  84 0.0055357 0.0070386 0.2349737 0.4418287 0.0027917 0.0160972 0.0050726 0.0220533 0.0039433 0.0042569 0.0024213 0.0184004 0.0000000 0.0008352 0.0013751 0.1766012 0.0465776 0.0000000 0.0000000 0.0101975
 85 G  85 0.0094329 0.0147159 0.0092641 0.0066697 0.0000000 0.0026962 0.0060387 0.8936411 0.0050889 0.0000000 0.0010261 0.0328046 0.0011726 0.0009750 0.0027867 0.0117037 0.0007085 0.0000000 0.0000000 0.0012753
 86 T  86 0.0257691 0.1356852 0.0221925 0.0060972 0.0262174 0.1174950 0.0862469 0.0093805 0.0235742 0.0071380 0.0315644 0.1163000 0.0256587 0.0142517 0.0040054 0.0483262 0.2437440 0.0016559 0.0190019 0.0356957
 87 V  87 0.0027353 0.0000000 0.0000000 0.0000000 0.0000000 0.0000000 0.0023744 0.0038303 0.0000000 0.6351359 0.0931734 0.0000000 0.0127701 0.0094745 0.0000000 0.0000000 0.0018682 0.0000000 0.0000000 0.2386378
 88 D  88 0.0083142 0.0118330 0.1993291 0.5291549 0.0048079 0.0054022 0.0544672 0.0100695 0.0106151 0.0014097 0.0016888 0.0286699 0.0005351 0.0000000 0.0009758 0.1144096 0.0125294 0.0000000 0.0047739 0.0010148
 89 F  89 0.0074105 0.0017169 0.0000000 0.0000000 0.0077050 0.0092838 0.0210499 0.0014532 0.0019856 0.0067313 0.0223898 0.0059618 0.0063605 0.4931458 0.0036437 0.0005103 0.0009455 0.0036548 0.4006517 0.0053998
 90 D  90 0.0327728 0.0108313 0.0621921 0.1581514 0.0000000 0.0434819 0.3699193 0.0622650 0.0086614 0.0170374 0.0111086 0.0198958 0.0037992 0.0017257 0.0906766 0.0653507 0.0219556 0.0000000 0.0115604 0.0086149
 91 E  91 0.0087494 0.0041696 0.0067336 0.0977856 0.0000000 0.0216074 0.7839933 0.0096971 0.0067978 0.0000000 0.0013916 0.0036491 0.0011365 0.0000000 0.0000000 0.0060688 0.0367270 0.0000000 0.0006320 0.0108611
 92 F  92 0.0018839 0.0000000 0.0000000 0.0000000 0.0016644 0.0000000 0.0000000 0.0000000 0.0000000 0.0000000 0.0176183 0.0000000 0.0000000 0.9605925 0.0000000 0.0012183 0.0000000 0.0033081 0.0110045 0.0027099
 93 L  93 0.0313826 0.0093538 0.0025582 0.0011421 0.0370980 0.0041872 0.0103878 0.0039398 0.0015313 0.1345512 0.3488461 0.0154350 0.0374194 0.0163798 0.0000000 0.0098883 0.0105077 0.0010649 0.0070994 0.3172275
 94 V  94 0.1903370 0.1071656 0.0520808 0.0242403 0.0097868 0.0526524 0.0677459 0.0091802 0.0221979 0.0109198 0.0087446 0.0993487 0.0122403 0.0028545 0.0520207 0.0453811 0.1911712 0.0020363 0.0128171 0.0270787
 95 M  95 0.1015656 0.0047353 0.0000000 0.0000000 0.0031065 0.0000000 0.0026646 0.0000000 0.0020240 0.1651227 0.1827872 0.0094142 0.4208140 0.0115441 0.0028983 0.0032969 0.0127193 0.0027445 0.0031161 0.0714466
 96 M  96 0.0097371 0.0006557 0.0093648 0.0000000 0.0014009 0.0000000 0.0025800 0.0000000 0.0203725 0.0513612 0.1128637 0.0010394 0.6754525 0.0074274 0.0000000 0.0042506 0.0569294 0.0035486 0.0128864 0.0301297
 97 V  97 0.1709674 0.0492890 0.0263170 0.0027110 0.0082467 0.0813632 0.0135860 0.0691946 0.0400190 0.0222845 0.0660003 0.0832337 0.0358040 0.0035178 0.0000000 0.0951521 0.1639230 0.0018692 0.0083258 0.0581958
 98 R  98 0.0792098 0.2554419 0.0340315 0.0102537 0.0010785 0.0575559 0.0398750 0.0150037 0.0929822 0.0081486 0.0074394 0.1977778 0.0159136 0.0000000 0.0603202 0.0412603 0.0716282 0.0000000 0.0009121 0.0111677
 99 C  99 0.0094198 0.0654633 0.0190381 0.0049160 0.0149234 0.0822539 0.0149162 0.0320376 0.0338990 0.0621737 0.0661617 0.4409608 0.0514248 0.0127110 0.0128934 0.0156686 0.0101748 0.0013099 0.0161507 0.0335033
100 M 100 0.0506687 0.0457677 0.1012142 0.0205944 0.0000000 0.0258466 0.0179693 0.0070065 0.0082531 0.1006142 0.1434944 0.0281560 0.3038334 0.0025503 0.0039510 0.0623213 0.0378179 0.0000000 0.0118507 0.0280904
101 K 101 0.0483307 0.1055175 0.0435482 0.0202429 0.0021530 0.0746214 0.0433114 0.0580823 0.0093840 0.0064884 0.0755082 0.3867228 0.0045794 0.0056065 0.0034656 0.0761314 0.0216994 0.0000000 0.0042413 0.0103653
102 D 102 0.0346003 0.0393558 0.1167997 0.2099805 0.0017925 0.0332666 0.3123066 0.0260018 0.0090629 0.0207110 0.0372085 0.0413290 0.0261995 0.0032176 0.0103658 0.0183837 0.0412094 0.0000000 0.0000000 0.0182088
103 D 103 0.0145279 0.1142413 0.0148093 0.2741279 0.0012448 0.0339511 0.2037990 0.0203294 0.0012106 0.0016695 0.0143773 0.1153099 0.0027012 0.0071765 0.0220874 0.0268015 0.1236468 0.0033683 0.0031514 0.0014690
104 S 104 0.2595997 0.0771849 0.0266280 0.3034737 0.0000000 0.0139854 0.0670733 0.0262645 0.0022413 0.0119415 0.0030637 0.0241565 0.0026822 0.0160649 0.0320113 0.0817723 0.0411384 0.0000000 0.0013322 0.0093860
105 E 105 0.0314744 0.0086159 0.0067982 0.0447768 0.0000000 0.0644730 0.2492636 0.0097014 0.0011540 0.0046610 0.0052269 0.0493417 0.0041509 0.3877780 0.0137671 0.0738718 0.0293471 0.0000000 0.0109527 0.0046456
106 N 106 0.0227516 0.1599061 0.0582949 0.1169494 0.0000000 0.0600401 0.2902693 0.0616561 0.0297315 0.0000000 0.0035404 0.1246256 0.0102181 0.0000000 0.0000000 0.0316247 0.0266716 0.0000000 0.0018242 0.0018964
107 L 107 0.0145555 0.0056647 0.0090580 0.0179366 0.0000000 0.0125115 0.2696565 0.0063410 0.0816034 0.0590922 0.1404474 0.0030087 0.0348218 0.0371570 0.0000000 0.0058441 0.0185583 0.0000000 0.0408261 0.2429172
108 Y 108 0.0068368 0.0093417 0.0023434 0.0114234 0.0000000 0.0012244 0.0027593 0.0000000 0.0000000 0.0794280 0.0969138 0.0021541 0.0080359 0.7297607 0.0051281 0.0022449 0.0041754 0.0085668 0.0264572 0.0032061
109 F 109 0.0065996 0.0543823 0.0000000 0.7749442 0.0000000 0.0050065 0.0049785 0.0000000 0.0064735 0.0043822 0.0376325 0.0248023 0.0129268 0.0134433 0.0000000 0.0060835 0.0000000 0.0463305 0.0000000 0.0020143
110 Q 110 0.0287784 0.1098725 0.0113474 0.0706435 0.0000000 0.0747178 0.0853440 0.0066112 0.0053046 0.0111940 0.0255836 0.5008182 0.0016931 0.0000000 0.0026214 0.0136449 0.0375445 0.0000000 0.0019334 0.0123475
111 G 111 0.1282178 0.0019807 0.1525244 0.5211997 0.0163160 0.0028202 0.1018963 0.0089927 0.0062109 0.0024817 0.0028963 0.0123244 0.0000000 0.0228096 0.0023489 0.0093638 0.0025079 0.0000000 0.0000000 0.0051087
112 R 112 0.0360715 0.0275079 0.1116639 0.0585279 0.0031180 0.0507880 0.0299423 0.4544159 0.0088227 0.0024875 0.0045614 0.0682778 0.0000000 0.1099515 0.0000000 0.0256873 0.0039692 0.0000000 0.0000000 0.0042072
113 R 113 0.0062872 0.0942185 0.2507824 0.2154301 0.0000000 0.0027587 0.0076870 0.0000000 0.0024360 0.0000000 0.0113035 0.0471670 0.0364169 0.0056200 0.0000000 0.2407161 0.0791767 0.0000000 0.0000000 0.0000000
114 V 114 0.0000000 0.0103961 0.0025028 0.0017857 0.0000000 0.0423509 0.0017450 0.8664838 0.0000000 0.0049897 0.0044780 0.0042347 0.0042773 0.0039937 0.0000000 0.0074585 0.0076746 0.0014493 0.0000000 0.0361800
115 R 115 0.0082220 0.0378078 0.0047098 0.0062512 0.0080048 0.0266020 0.0282474 0.0000000 0.0287092 0.0048004 0.0256064 0.1192062 0.0083347 0.2272665 0.0000000 0.0379075 0.0769304 0.0000000 0.3411612 0.0102324
116 I 116 0.0042481 0.0000000 0.0036371 0.0148500 0.0000000 0.0000000 0.0032276 0.0000000 0.0000000 0.8114262 0.0385530 0.0019623 0.0083676 0.0042072 0.0000000 0.0000000 0.0000000 0.0000000 0.0085624 0.1009585
117 S 117 0.0094738 0.0000000 0.0374220 0.0641926 0.0069092 0.0075826 0.0471270 0.0065999 0.0046094 0.0000000 0.0090671 0.0174521 0.0614144 0.0017162 0.0169080 0.3962839 0.3117436 0.0000000 0.0000000 0.0014982
118 A 118 0.2479043 0.0766277 0.0032348 0.0086956 0.0030972 0.0265425 0.0150196 0.0567841 0.0063156 0.0631137 0.0862127 0.0310269 0.0205523 0.0604515 0.0420832 0.0559443 0.0586306 0.0085384 0.0072554 0.1219697
119 D 119 0.2249265 0.0211439 0.0324819 0.2136778 0.0000000 0.0369184 0.2020547 0.0236466 0.0047178 0.0081981 0.0042303 0.0807930 0.0021338 0.0020565 0.0066572 0.0994347 0.0252490 0.0011955 0.0014486 0.0090358
120 A 120 0.0140375 0.0150796 0.0745412 0.0743728 0.0028904 0.0031463 0.7643670 0.0068661 0.0033330 0.0000000 0.0000000 0.0135542 0.0000000 0.0000000 0.0000000 0.0074084 0.0112346 0.0000000 0.0000000 0.0091690
121 M 121 0.0044595 0.0046010 0.0033406 0.0000000 0.0000000 0.0000000 0.0000000 0.0000000 0.0000000 0.0590134 0.8389446 0.0000000 0.0374099 0.0443815 0.0000000 0.0000000 0.0000000 0.0000000 0.0000000 0.0078494
122 M 122 0.0111418 0.4276914 0.0035149 0.0039774 0.0093861 0.0935311 0.0902912 0.0175889 0.0140192 0.0110431 0.0076240 0.2648200 0.0053840 0.0048831 0.0000000 0.0118424 0.0048276 0.0019337 0.0034960 0.0130040
123 Q 123 0.0586709 0.1319843 0.0252241 0.0329708 0.0020020 0.1410522 0.0833772 0.0000000 0.2778894 0.0167349 0.0132267 0.0433678 0.0113894 0.0115959 0.0000000 0.0680504 0.0334049 0.0034801 0.0273370 0.0182420
124 A 124 0.2632840 0.0023253 0.0026145 0.0000000 0.0055563 0.0000000 0.0022073 0.0064142 0.0000000 0.0919920 0.0699969 0.0247512 0.0345321 0.0103746 0.0000000 0.0128739 0.0140761 0.0000000 0.0000000 0.4590016
125 L 125 0.0980616 0.0044424 0.0000000 0.0000000 0.0501886 0.0000000 0.0000000 0.0000000 0.0000000 0.0118482 0.4546130 0.0000000 0.3131846 0.0183025 0.0000000 0.0202585 0.0118390 0.0019244 0.0024564 0.0128809
126 L 126 0.0845204 0.1017220 0.0208754 0.0156629 0.0063837 0.0314701 0.0495984 0.0089191 0.0180491 0.0392311 0.0246331 0.1584364 0.0373749 0.0186776 0.0000000 0.0418244 0.2509469 0.0024856 0.0512038 0.0379851
127 G 127 0.0447742 0.0262512 0.1937497 0.0532965 0.0189716 0.0254686 0.2000952 0.0448584 0.0472254 0.0069298 0.0047910 0.0714819 0.0050457 0.0031009 0.0014793 0.1294263 0.1094788 0.0000000 0.0000000 0.0135755
128 A 128 0.0314491 0.0019336 0.0068547 0.0149147 0.0049462 0.0083498 0.0146411 0.0000000 0.0132679 0.0509391 0.5943553 0.0039500 0.0710675 0.0718955 0.0000000 0.0122201 0.0404041 0.0027784 0.0413445 0.0146882
129 R 129 0.0032733 0.0112733 0.0104706 0.0295153 0.0028350 0.0031589 0.0098832 0.8374594 0.0000000 0.0072011 0.0147937 0.0067407 0.0208247 0.0318368 0.0021088 0.0041928 0.0000000 0.0000000 0.0000000 0.0044326
130 H 130 0.0075136 0.0250555 0.0064839 0.1048668 0.0047813 0.0239325 0.6010226 0.0053435 0.0385479 0.0065280 0.0368345 0.0318084 0.0707325 0.0066780 0.0000000 0.0017733 0.0053492 0.0048410 0.0000000 0.0179075
131 K 131 0.0226164 0.0910822 0.1185578 0.1169734 0.0033783 0.0305988 0.0307964 0.0428018 0.0342876 0.0046639 0.0047898 0.3531017 0.0061548 0.0000000 0.0308860 0.0355892 0.0568266 0.0000000 0.0099967 0.0068985
132 E 132 0.0141213 0.0012780 0.0135943 0.1060956 0.0148038 0.0082986 0.0052896 0.0251753 0.0336659 0.0442862 0.4883196 0.0153512 0.1034222 0.0317508 0.0144793 0.0057474 0.0147333 0.0000000 0.0000000 0.0595877
133 S 133 0.0257314 0.0090159 0.0169563 0.0217730 0.0051151 0.0114473 0.0351444 0.0260684 0.0036537 0.0268258 0.0397721 0.0231429 0.0020658 0.0000000 0.0152374 0.2640038 0.4666705 0.0000000 0.0024432 0.0049332
134 L 134 0.0297813 0.0181206 0.0275202 0.3674274 0.0030482 0.0469400 0.2490954 0.0016547 0.0123553 0.0299658 0.0491771 0.0236617 0.0169639 0.0000000 0.0352128 0.0099796 0.0467288 0.0027437 0.0026502 0.0269729
135 D 135 0.0531636 0.0272790 0.0113631 0.2513816 0.0000000 0.0360170 0.4489533 0.0053585 0.0296298 0.0000000 0.0019310 0.0601153 0.0000000 0.0000000 0.0000000 0.0287182 0.0280719 0.0063586 0.0000000 0.0116591
136 L 136 0.0030205 0.0000000 0.0000000 0.0635351 0.0037403 0.0025892 0.7297701 0.0033733 0.0000000 0.0927006 0.0642286 0.0000000 0.0082746 0.0032775 0.0000000 0.0000000 0.0054720 0.0000000 0.0000000 0.0200183
137 R 137 0.0305692 0.0236198 0.0045011 0.0210267 0.0192699 0.0182705 0.0245963 0.0106611 0.0123314 0.1649763 0.1866357 0.0633418 0.0167527 0.0153456 0.0000000 0.0043055 0.0164612 0.0000000 0.0000000 0.3673354
138 A 138 0.0563450 0.0340944 0.0189359 0.3188014 0.0000000 0.1069710 0.3731884 0.0035907 0.0093791 0.0029210 0.0071645 0.0265470 0.0039010 0.0000000 0.0000000 0.0141205 0.0093300 0.0000000 0.0000000 0.0147102
139 H 139 0.0651396 0.0111995 0.0460087 0.1144280 0.0000000 0.0649347 0.3954364 0.0066079 0.0219041 0.0562011 0.0087873 0.0286540 0.0780055 0.0000000 0.0000000 0.0282972 0.0368720 0.0000000 0.0000000 0.0375240
140 L 140 0.0000000 0.0000000 0.0000000 0.0000000 0.0000000 0.0000000 0.0000000 0.0000000 0.0000000 0.1985764 0.2635150 0.0000000 0.5193443 0.0000000 0.0000000 0.0000000 0.0000000 0.0000000 0.0000000 0.0185642
141 K 141 0.0000000 0.1991106 0.0000000 0.0000000 0.0000000 0.1598212 0.0000000 0.0000000 0.0000000 0.0000000 0.0000000 0.6410683 0.0000000 0.0000000 0.0000000 0.0000000 0.0000000 0.0000000 0.0000000 0.0000000
