  141         A         R         N         D         C         Q         E         G         H         I         L         K         M         F         P         S         T         W         Y         V         X    
  1 M   1 0.0000000 0.0000000 0.0000000 0.0000000 0.0000000 0.0000000 0.0000000 0.0000000 0.0000000 0.0000000 0.0155642 0.0000000 0.0266044 0.0036536 0.0000000 0.0000000 0.0000000 0.0000000 0.0000000 0.0019895 0.9521883
  2 H   2 0.0097216 0.0066866 0.0079444 0.0000000 0.0010065 0.0018381 0.0150046 0.0010635 0.0094254 0.0033874 0.0000000 0.0016253 0.0021069 0.0000000 0.0133975 0.0071211 0.0097721 0.0000000 0.0000000 0.0014372 0.9084619
  3 H   3 0.0012222 0.0000000 0.0038221 0.0000000 0.0000000 0.0045864 0.0020252 0.0072658 0.0288096 0.0065209 0.0029016 0.0043454 0.0041833 0.0209624 0.0029816 0.0008937 0.0051710 0.0000000 0.0074223 0.0036572 0.8932292
  4 H   4 0.0000000 0.0017238 0.0086389 0.3218768 0.0000000 0.0137481 0.0041589 0.0063011 0.0159508 0.0000000 0.0014054 0.0159136 0.0000000 0.0000000 0.0018308 0.0000000 0.0000000 0.0000000 0.0008227 0.0014313 0.6061976
  5 H   5 0.0540083 0.0086628 0.0011536 0.0082379 0.0000000 0.0132539 0.0174553 0.0034100 0.0168799 0.0424496 0.0245637 0.0397165 0.0121325 0.0044841 0.0278192 0.0140722 0.0266227 0.0000000 0.0000000 0.0818373 0.6032406
  6 H   6 0.0021346 0.0104171 0.0347587 0.2919830 0.0000000 0.0044075 0.0122186 0.0012663 0.0087601 0.0027006 0.0000000 0.0107823 0.0014730 0.0000000 0.0000000 0.0042881 0.0044630 0.0000000 0.0000000 0.0145875 0.5957596
  7 H   7 0.0092678 0.0160073 0.0529423 0.0039642 0.0007445 0.0068127 0.0021212 0.2337873 0.0038702 0.0000000 0.0049561 0.0312527 0.0046523 0.0000000 0.0100655 0.0205051 0.0147550 0.0000000 0.0000000 0.0000000 0.5842957
  8 G   8 0.0190665 0.0052220 0.1467800 0.0918334 0.0029816 0.0018980 0.0030759 0.0275473 0.0023992 0.0040700 0.0010864 0.0056755 0.0000000 0.0000000 0.0000000 0.1020575 0.0168673 0.0000000 0.0000000 0.0007456 0.5686936
  9 G   9 0.0047654 0.0132416 0.0036736 0.0009863 0.0000000 0.0000000 0.0090896 0.3739739 0.0015497 0.0000000 0.0000000 0.0118981 0.0000000 0.0000000 0.0000000 0.0048614 0.0057727 0.0000000 0.0012877 0.0009462 0.5679538
 10 L  10 0.0177644 0.0414835 0.0094086 0.0032208 0.0072741 0.0092385 0.0316048 0.0030558 0.0076668 0.0060264 0.0414951 0.0388811 0.0085199 0.0079859 0.0006096 0.0283360 0.1501215 0.0000000 0.0110127 0.0207284 0.5555662
 11 V  11 0.0000000 0.0000000 0.0026031 0.0018951 0.0000000 0.0000000 0.0011900 0.0107376 0.0000000 0.2539119 0.0688729 0.0164544 0.0062057 0.0034655 0.0021346 0.0000000 0.0007793 0.0000000 0.0000000 0.0761837 0.5555662
 12 P  12 0.0089183 0.0025533 0.0243241 0.2807123 0.0000000 0.0157557 0.0180742 0.0074738 0.0008766 0.0000000 0.0017498 0.0000000 0.0000000 0.0014964 0.0074677 0.0394749 0.0082288 0.0000000 0.0144571 0.0000000 0.5684371
 13 R  13 0.0089600 0.0053381 0.0000000 0.0000000 0.0012078 0.0008578 0.0040418 0.0019778 0.0009494 0.0072467 0.0149191 0.0111974 0.0018918 0.1795953 0.0047811 0.0048467 0.0020351 0.0020611 0.0721497 0.0008803 0.6750626
 14 G  14 0.0051389 0.0133740 0.0127885 0.0285563 0.0000000 0.0191206 0.0808981 0.0649172 0.0000000 0.0038753 0.0030694 0.0126033 0.0007996 0.0011659 0.0302511 0.0346020 0.0049174 0.0000000 0.0012091 0.0023947 0.6803187
 15 S  15 0.0167837 0.0000000 0.0168701 0.0264972 0.0000000 0.0123517 0.2046088 0.0059458 0.0051810 0.0013991 0.0010189 0.0044025 0.0007280 0.0017165 0.0038435 0.0211565 0.0295985 0.0029816 0.0000000 0.0086316 0.6362850
 16 M  16 0.0045301 0.0000000 0.0000000 0.0000000 0.0040093 0.0000000 0.0029816 0.0000000 0.0000000 0.0047907 0.0047620 0.0016246 0.0251367 0.3832051 0.0037473 0.0000000 0.0000000 0.0009404 0.0540348 0.0024596 0.5077779
 17 D  17 0.0123618 0.0055581 0.0336435 0.0396298 0.0138099 0.0079480 0.0415146 0.0068838 0.0040075 0.0433249 0.1317390 0.0076927 0.0039520 0.0023260 0.0456942 0.0203097 0.0140271 0.0005470 0.0031676 0.0582063 0.5036565
 18 D  18 0.0223043 0.0103322 0.0300160 0.0563899 0.0032460 0.0270964 0.1875473 0.0055338 0.0084205 0.0056565 0.0056684 0.0120141 0.0043068 0.0032207 0.0400476 0.0200815 0.0217561 0.0000000 0.0050412 0.0064062 0.5249143
 19 I  19 0.0107292 0.0107879 0.0021501 0.0000000 0.0011085 0.0031965 0.0019650 0.0014601 0.0016246 0.0677535 0.0625074 0.0043647 0.0622360 0.2122163 0.0028085 0.0053555 0.0031688 0.0000000 0.0025883 0.0240752 0.5199037
 20 Y  20 0.0147209 0.0007385 0.0079766 0.0011927 0.0065694 0.0056179 0.0000000 0.0009351 0.0000000 0.0478730 0.2562765 0.0053744 0.1315128 0.0125228 0.0051728 0.0240176 0.0035075 0.0017113 0.0202103 0.0495267 0.4045433
 21 K  21 0.0607884 0.1059627 0.0109588 0.0111919 0.0016038 0.0499631 0.0253904 0.0133946 0.0193411 0.0078081 0.0164161 0.0973802 0.0053226 0.0019916 0.0012316 0.0651824 0.1215678 0.0005958 0.0070628 0.0121013 0.3647450
 22 A  22 0.1341101 0.0519198 0.0086968 0.0041848 0.0052079 0.0088164 0.0121275 0.0052528 0.0120316 0.0300841 0.0566331 0.0659503 0.0854597 0.0069246 0.0088329 0.0358743 0.0221815 0.0016450 0.0027169 0.1218050 0.3195446
 23 A  23 0.0684161 0.0198750 0.0060457 0.0051388 0.0011085 0.0287683 0.0051675 0.0038469 0.0019581 0.1542506 0.0150290 0.0566326 0.2875175 0.0025745 0.0044135 0.0146859 0.0464632 0.0020888 0.0033603 0.0472122 0.2254471
 24 V  24 0.2956729 0.0253172 0.0078357 0.0060868 0.0013510 0.0032308 0.0090669 0.0277502 0.0041315 0.0400812 0.0265326 0.0601084 0.1076952 0.0013303 0.0046889 0.0712631 0.0853587 0.0013896 0.0039258 0.0442993 0.1728840
 25 E  25 0.0330103 0.0821611 0.0281158 0.1157089 0.0062387 0.0522222 0.1460632 0.0345751 0.0626200 0.0353786 0.0237322 0.1179108 0.0059562 0.0046674 0.0318946 0.0310760 0.0187690 0.0000000 0.0046680 0.0176334 0.1475983
 26 Q  26 0.0150029 0.0500415 0.0870226 0.0599254 0.0178856 0.1092488 0.1382604 0.0368408 0.0753526 0.0045831 0.0113838 0.1357133 0.0247962 0.0190220 0.0076995 0.0470679 0.0221504 0.0020655 0.0077581 0.0061682 0.1220114
 27 L  27 0.0089690 0.0172843 0.0258688 0.0302883 0.0008019 0.0087693 0.0055793 0.0130225 0.0123868 0.0477519 0.4799968 0.0357858 0.0792880 0.0585491 0.0053225 0.0074109 0.0152853 0.0012860 0.0184303 0.0136419 0.1142813
 28 T  28 0.0314487 0.0462581 0.0742725 0.0494074 0.0000000 0.0172662 0.0138912 0.0205753 0.0022008 0.0036584 0.0077344 0.0787991 0.0013744 0.0000000 0.0220239 0.2853791 0.2404268 0.0000000 0.0011220 0.0042203 0.0999416
 29 E  29 0.0553271 0.0345818 0.0216429 0.1150319 0.0000000 0.0617352 0.3736637 0.0141004 0.0023334 0.0047289 0.0284080 0.0866753 0.0138876 0.0035516 0.0463107 0.0164281 0.0281657 0.0014060 0.0046372 0.0250328 0.0623515
 30 E  30 0.0308198 0.0093663 0.0171072 0.2852907 0.0023376 0.0363787 0.4268404 0.0295141 0.0023799 0.0098953 0.0104703 0.0197318 0.0099380 0.0015082 0.0036422 0.0188068 0.0096640 0.0000000 0.0034370 0.0095458 0.0633257
 31 Q  31 0.0108629 0.0395512 0.0102632 0.0262328 0.0007000 0.3084489 0.2650940 0.0044310 0.0104247 0.0000000 0.0132667 0.0351119 0.0189069 0.0028188 0.0434326 0.0691197 0.0513606 0.0000000 0.0039675 0.0038636 0.0821430
 32 K  32 0.0233893 0.0508293 0.0098515 0.0238896 0.0009687 0.0255422 0.1287163 0.0013883 0.0029169 0.2949911 0.0669676 0.1003872 0.0226610 0.0119311 0.0012822 0.0046890 0.0190828 0.0000000 0.0155144 0.0919757 0.1030257
 33 N  33 0.1727629 0.0321222 0.0361050 0.1032857 0.0019661 0.0810499 0.2559402 0.0210064 0.0046629 0.0079219 0.0122312 0.0843431 0.0117124 0.0016528 0.0012369 0.0509341 0.0178578 0.0000000 0.0009762 0.0208227 0.0814096
 34 E  34 0.0089025 0.0081391 0.0188646 0.1183489 0.0000000 0.0220871 0.5720256 0.1046680 0.0367261 0.0024993 0.0080643 0.0118587 0.0032788 0.0007864 0.0008940 0.0058611 0.0024444 0.0000000 0.0013122 0.0243735 0.0488654
 35 F  35 0.0046553 0.0000000 0.0000000 0.0000000 0.0022943 0.0000000 0.0019774 0.0000000 0.0000000 0.2187413 0.3905194 0.0000000 0.0326017 0.2279155 0.0000000 0.0011248 0.0008328 0.0012411 0.0672465 0.0136531 0.0371967
 36 K  36 0.0098587 0.2893434 0.0023553 0.0000000 0.0010066 0.0473478 0.0129476 0.0000000 0.0137068 0.0217794 0.0606397 0.3791209 0.0175637 0.0227224 0.0000000 0.0110973 0.0096174 0.0066287 0.0265341 0.0379753 0.0297549
 37 A  37 0.0870941 0.0241055 0.0181595 0.1008878 0.0008304 0.0497263 0.5239204 0.0049572 0.0027904 0.0046469 0.0147203 0.1020508 0.0043939 0.0017358 0.0000000 0.0105698 0.0163502 0.0014756 0.0000000 0.0079435 0.0236415
 38 A  38 0.7060112 0.0010000 0.0000000 0.0016233 0.0227006 0.0024752 0.0021583 0.0392455 0.0000000 0.0191938 0.0206297 0.0018837 0.0807434 0.0008277 0.0014252 0.0159115 0.0192753 0.0000000 0.0012199 0.0441969 0.0194789
 39 F  39 0.0015223 0.0000000 0.0000000 0.0000000 0.0000000 0.0000000 0.0000000 0.0000000 0.0000000 0.0026011 0.0401608 0.0000000 0.0095815 0.9182060 0.0000000 0.0000000 0.0000000 0.0025085 0.0037331 0.0023992 0.0192875
 40 D  40 0.0456497 0.2112849 0.0446994 0.0989276 0.0091875 0.0807569 0.0581428 0.0054993 0.0142805 0.0008213 0.0275383 0.1851973 0.0257021 0.0023801 0.0008949 0.1424823 0.0232684 0.0010336 0.0010568 0.0029783 0.0182180
 41 I  41 0.0217228 0.0107177 0.0278666 0.0011558 0.0000000 0.0113005 0.0396503 0.0078664 0.0181079 0.0598258 0.3226684 0.0084432 0.0860770 0.0396726 0.0000000 0.0277664 0.0160648 0.0032463 0.0587065 0.2233336 0.0158075
 42 F  42 0.0083984 0.0000000 0.0000000 0.0000000 0.0000000 0.0000000 0.0000000 0.0000000 0.0000000 0.0584297 0.0455794 0.0000000 0.0684457 0.7413019 0.0000000 0.0032827 0.0080895 0.0015921 0.0392046 0.0098685 0.0158075
 43 V  43 0.0014574 0.0000000 0.0009923 0.9550518 0.0000000 0.0019977 0.0078563 0.0014775 0.0000000 0.0012306 0.0000000 0.0000000 0.0000000 0.0000000 0.0000000 0.0013545 0.0010250 0.0000000 0.0000000 0.0097116 0.0178453
 44 L  44 0.0352370 0.1356047 0.0063687 0.0117497 0.0000000 0.0333994 0.0204002 0.0023649 0.0070351 0.0146594 0.0228552 0.4285810 0.0039739 0.0000000 0.0081935 0.0261142 0.1726624 0.0000000 0.0007565 0.0240703 0.0459742
 45 G  45 0.0042614 0.0087936 0.1313374 0.6540885 0.0000000 0.0129037 0.0848851 0.0047701 0.0081999 0.0000000 0.0000000 0.0136589 0.0000000 0.0000000 0.0000000 0.0078161 0.0273929 0.0000000 0.0000000 0.0089327 0.0329596
 46 A  46 0.0148238 0.0040662 0.1501801 0.0391968 0.0023854 0.0080471 0.0070555 0.5170213 0.0030113 0.0000000 0.0016286 0.0209289 0.0000000 0.0000000 0.0101826 0.0036492 0.0037262 0.0000000 0.0009913 0.0000000 0.2131056
 47 E  47 0.0130199 0.0625014 0.0079035 0.0111743 0.0059433 0.0411277 0.0400315 0.0229105 0.0141407 0.0019601 0.0048479 0.1114919 0.0000000 0.0000000 0.0046054 0.2402794 0.0431901 0.0000000 0.0000000 0.0033407 0.3715317
 48 D  48 0.0013326 0.0083158 0.1964707 0.3133716 0.0032522 0.0022066 0.0112814 0.0035403 0.0012076 0.0000000 0.0000000 0.0066760 0.0000000 0.0000000 0.0021069 0.0621984 0.0433669 0.0009942 0.0015539 0.0023322 0.3397926
 49 G  49 0.0012926 0.0000000 0.0054530 0.0000000 0.0019977 0.0000000 0.0036732 0.9479802 0.0000000 0.0000000 0.0000000 0.0016286 0.0102234 0.0000000 0.0000000 0.0024504 0.0000000 0.0000000 0.0000000 0.0000000 0.0253008
 50 S  50 0.0283959 0.0292362 0.0112283 0.0113867 0.0339750 0.0268933 0.0109133 0.0005848 0.0261536 0.0097810 0.0186623 0.1491480 0.0094228 0.1551256 0.0000000 0.0723499 0.1895269 0.0000000 0.1854298 0.0184541 0.0133327
 51 I  51 0.0025643 0.0000000 0.0000000 0.0000000 0.0000000 0.0000000 0.0000000 0.0000000 0.0010582 0.8903247 0.0199312 0.0000000 0.0062694 0.0019674 0.0000000 0.0015400 0.0010859 0.0000000 0.0000000 0.0619064 0.0133524
 52 S  52 0.0142197 0.0045919 0.0414729 0.1075851 0.0032888 0.0113491 0.0398096 0.0120127 0.0055381 0.0000000 0.0127677 0.0253443 0.0242586 0.0019186 0.0122026 0.2939367 0.3731243 0.0000000 0.0009026 0.0023242 0.0133524
 53 T  53 0.1970898 0.0337500 0.0044204 0.0024462 0.0144728 0.0167192 0.0103899 0.0228944 0.0042798 0.0555297 0.0801776 0.0589935 0.0141941 0.0697620 0.0284917 0.0562324 0.1329740 0.0043375 0.0673489 0.1135454 0.0119505
 54 K  54 0.1273669 0.0421275 0.0267675 0.1437904 0.0000000 0.0571773 0.1894171 0.0324636 0.0110629 0.0052381 0.0067073 0.1907565 0.0036820 0.0014123 0.0048668 0.1057263 0.0267964 0.0016321 0.0005792 0.0091867 0.0132431
 55 E  55 0.0048191 0.0000000 0.0370885 0.0830604 0.0014704 0.0538959 0.7700860 0.0020536 0.0008948 0.0016378 0.0000000 0.0149849 0.0025929 0.0014377 0.0000000 0.0035673 0.0061422 0.0000000 0.0000000 0.0043178 0.0119505
 56 L  56 0.0015828 0.0018381 0.0000000 0.0000000 0.0259320 0.0000000 0.0000000 0.0000000 0.0000000 0.0488915 0.8488882 0.0000000 0.0194183 0.0212050 0.0000000 0.0000000 0.0000000 0.0000000 0.0000000 0.0202936 0.0119505
 57 G  57 0.0326710 0.2477142 0.0123720 0.0018234 0.0035507 0.0484457 0.0482780 0.2840584 0.0079696 0.0095801 0.0131502 0.2455529 0.0038894 0.0031407 0.0014018 0.0171689 0.0040232 0.0007412 0.0024049 0.0029992 0.0090646
 58 K  58 0.0896491 0.0666611 0.0364847 0.0764041 0.0073273 0.0670004 0.0687783 0.0067116 0.1273951 0.0309544 0.0143453 0.0498796 0.0214554 0.0085563 0.0020184 0.0525061 0.1513874 0.0009539 0.0159083 0.0958785 0.0097445
 59 V  59 0.2261077 0.0023992 0.0010218 0.0000000 0.0213956 0.0000000 0.0007750 0.1099646 0.0000000 0.0610166 0.0542660 0.0145726 0.0161438 0.0073879 0.0000000 0.0092585 0.0112136 0.0000000 0.0015523 0.4501435 0.0127814
 60 M  60 0.0532308 0.0016233 0.0000000 0.0000000 0.0280715 0.0000000 0.0000000 0.0000000 0.0000000 0.0279001 0.3765706 0.0000000 0.4565791 0.0151690 0.0000000 0.0022221 0.0076762 0.0009039 0.0010823 0.0156030 0.0133682
 61 R  61 0.0747519 0.3912064 0.0136099 0.0090826 0.0042428 0.0366229 0.0301834 0.0128738 0.0174646 0.0162167 0.0099368 0.1427703 0.0189279 0.0027203 0.0105440 0.0314505 0.1418276 0.0032146 0.0009930 0.0173317 0.0140284
 62 M  62 0.1574941 0.0554890 0.0829124 0.0207396 0.0324142 0.0239121 0.1115497 0.0149744 0.0120254 0.0028032 0.0076828 0.0940408 0.0247695 0.0029563 0.0030693 0.2495141 0.0794347 0.0000000 0.0025681 0.0053023 0.0163482
 63 L  63 0.0082088 0.0014228 0.0016453 0.0050156 0.0048677 0.0178906 0.0073344 0.0000000 0.0062663 0.0443244 0.6827588 0.0075274 0.0520759 0.0485553 0.0026011 0.0069147 0.0132361 0.0012680 0.0196962 0.0452655 0.0231251
 64 G  64 0.0027207 0.0049966 0.0099660 0.0220769 0.0011831 0.0036775 0.0075131 0.9064629 0.0000000 0.0019110 0.0000000 0.0043226 0.0000000 0.0008695 0.0015921 0.0065245 0.0000000 0.0000000 0.0012199 0.0026127 0.0223509
 65 Q  65 0.0298094 0.0110106 0.0049162 0.0487380 0.0073443 0.2034920 0.2860437 0.0122846 0.0353230 0.0164973 0.0443825 0.0142894 0.0271167 0.0683249 0.0066908 0.0628131 0.0313868 0.0041207 0.0473462 0.0114223 0.0266474
 66 N  66 0.0128913 0.0482564 0.2880899 0.0482271 0.0091173 0.0363811 0.0877566 0.0222901 0.0156206 0.0053220 0.0074767 0.2197417 0.0395620 0.0111537 0.0215277 0.0405211 0.0391751 0.0000000 0.0075443 0.0052588 0.0340865
 67 P  67 0.0300516 0.0036968 0.0010826 0.0090649 0.0092801 0.0036350 0.0032805 0.0009442 0.0012561 0.0483125 0.3312283 0.0047223 0.0631523 0.0270349 0.3415259 0.0075264 0.0078258 0.0000000 0.0029609 0.0590691 0.0443496
 68 T  68 0.0182916 0.0173921 0.0334934 0.0504224 0.0012016 0.0064177 0.0090088 0.0156726 0.0008976 0.0037866 0.0057168 0.0692991 0.0077845 0.0013505 0.0216082 0.2139582 0.4923223 0.0000000 0.0000000 0.0068680 0.0245079
 69 P  69 0.0220663 0.0157086 0.0516347 0.2493164 0.0016226 0.0384433 0.3731731 0.0152018 0.0169052 0.0101672 0.0150004 0.0704229 0.0047673 0.0019153 0.0552594 0.0104791 0.0111976 0.0012551 0.0030398 0.0078204 0.0246036
 70 E  70 0.2062938 0.0221148 0.0146901 0.0928473 0.0023847 0.0376292 0.3019876 0.0215724 0.0053624 0.0073257 0.0064147 0.0447560 0.0185054 0.0038707 0.0172902 0.0938699 0.0236930 0.0023164 0.0025897 0.0472215 0.0272648
 71 E  71 0.0031597 0.0063872 0.0036447 0.1021490 0.0023443 0.0334795 0.7489082 0.0026390 0.0111965 0.0019745 0.0008774 0.0078908 0.0034600 0.0037322 0.0006160 0.0078378 0.0163957 0.0000000 0.0008441 0.0158122 0.0266512
 72 L  72 0.0258329 0.0000000 0.0000000 0.0000000 0.0139593 0.0000000 0.0009240 0.0027436 0.0000000 0.2446601 0.3690380 0.0000000 0.0103644 0.0195892 0.0000000 0.0010534 0.0058674 0.0000000 0.0000000 0.2916858 0.0142820
 73 Q  73 0.0387816 0.0889217 0.0409064 0.1638094 0.0017504 0.1868610 0.1537010 0.0058434 0.0161887 0.0186208 0.0447487 0.1489633 0.0094244 0.0044044 0.0035208 0.0111720 0.0138638 0.0000000 0.0191607 0.0113349 0.0180226
 74 E  74 0.0689228 0.0472434 0.0235746 0.1946688 0.0000000 0.1089459 0.3161273 0.0104325 0.0043534 0.0227607 0.0150419 0.0868109 0.0127255 0.0006953 0.0000000 0.0299803 0.0258610 0.0007009 0.0010283 0.0122236 0.0179029
 75 M  75 0.0060922 0.0007949 0.0000000 0.0000000 0.0037825 0.0013505 0.0024752 0.0000000 0.0156349 0.1644679 0.2695351 0.0000000 0.4402042 0.0079807 0.0000000 0.0025084 0.0018848 0.0071561 0.0048347 0.0533951 0.0179029
 76 I  76 0.0050456 0.0018481 0.0000000 0.0000000 0.0024948 0.0031918 0.0012017 0.0010518 0.0005913 0.4740855 0.1617466 0.0036214 0.1927690 0.0246045 0.0000000 0.0162951 0.0082538 0.0000000 0.0026292 0.0836224 0.0169472
 77 D  77 0.1145262 0.1478338 0.1145207 0.0922327 0.0026930 0.1116998 0.1008875 0.0406604 0.0241290 0.0034789 0.0111839 0.1238106 0.0013813 0.0016809 0.0000000 0.0635686 0.0193481 0.0000000 0.0053342 0.0057636 0.0152670
 78 E  78 0.1251134 0.0314242 0.0198289 0.1131629 0.0024027 0.0454531 0.4862795 0.0393417 0.0086248 0.0035711 0.0093996 0.0366349 0.0044134 0.0029238 0.0043978 0.0168363 0.0172580 0.0000000 0.0022309 0.0173199 0.0133832
 79 V  79 0.3308503 0.0000000 0.0030658 0.0000000 0.0023837 0.0015919 0.0016378 0.0178742 0.0379755 0.1090591 0.0479522 0.0014060 0.0110648 0.0182744 0.0191490 0.0182003 0.0077987 0.0000000 0.0128037 0.3315169 0.0273959
 80 D  80 0.0033444 0.0110822 0.0179498 0.8274922 0.0000000 0.0129490 0.0163309 0.0161443 0.0042917 0.0000000 0.0000000 0.0372093 0.0011555 0.0000000 0.0014698 0.0033189 0.0040545 0.0000000 0.0018963 0.0017421 0.0395690
 81 E  81 0.1052476 0.0405627 0.0030315 0.0057283 0.0034223 0.0537570 0.0866230 0.0090714 0.0040140 0.0950372 0.0787603 0.0965511 0.0406743 0.0114313 0.0396048 0.0423840 0.1052155 0.0000000 0.0025219 0.1559916 0.0203702
 82 D  82 0.0063708 0.0055116 0.1109755 0.7218547 0.0000000 0.0039938 0.0670219 0.0171820 0.0029257 0.0000000 0.0021227 0.0085157 0.0139352 0.0012349 0.0031924 0.0038618 0.0103361 0.0000000 0.0000000 0.0045183 0.0164470
 83 G  83 0.0164775 0.0224097 0.1577043 0.0086580 0.0052409 0.0258061 0.0181492 0.5354656 0.0103559 0.0013359 0.0149729 0.0851404 0.0092245 0.0009347 0.0116416 0.0553623 0.0022295 0.0010199 0.0000000 0.0014228 0.0164484
 84 S  84 0.0053478 0.0066316 0.2259724 0.4405680 0.0026011 0.0153433 0.0049026 0.0222361 0.0037648 0.0040199 0.0023220 0.0176285 0.0000000 0.0007945 0.0013154 0.1684152 0.0447101 0.0000000 0.0000000 0.0097200 0.0237065
 85 G  85 0.0092301 0.0141121 0.0089616 0.0064285 0.0000000 0.0025835 0.0058639 0.8766249 0.0049023 0.0000000 0.0010105 0.0311258 0.0011252 0.0009244 0.0026011 0.0112551 0.0006757 0.0000000 0.0000000 0.0012035 0.0213718
 86 T  86 0.0248389 0.1390949 0.0217130 0.0058877 0.0265817 0.1186126 0.0864147 0.0087017 0.0228246 0.0069624 0.0310862 0.1147858 0.0250382 0.0146756 0.0039744 0.0478762 0.2342234 0.0015759 0.0184319 0.0346094 0.0120908
 87 V  87 0.0028859 0.0000000 0.0000000 0.0000000 0.0000000 0.0000000 0.0022066 0.0035247 0.0000000 0.6260071 0.0899360 0.0000000 0.0122521 0.0100561 0.0000000 0.0000000 0.0017463 0.0000000 0.0000000 0.2384850 0.0129001
 88 D  88 0.0079743 0.0114426 0.2027805 0.5165414 0.0048304 0.0051692 0.0535213 0.0098586 0.0103614 0.0013361 0.0016286 0.0274656 0.0005358 0.0000000 0.0009698 0.1129386 0.0122196 0.0000000 0.0045729 0.0009691 0.0148844
 89 F  89 0.0072398 0.0016617 0.0000000 0.0000000 0.0082971 0.0093779 0.0213878 0.0013732 0.0019342 0.0068015 0.0217354 0.0057354 0.0061047 0.4784026 0.0036628 0.0004942 0.0009013 0.0035436 0.3996694 0.0053828 0.0162948
 90 D  90 0.0320247 0.0103452 0.0610750 0.1561641 0.0000000 0.0441351 0.3663482 0.0606500 0.0084424 0.0165457 0.0106632 0.0194433 0.0036990 0.0016973 0.0861553 0.0646621 0.0214568 0.0000000 0.0112351 0.0082893 0.0169681
 91 E  91 0.0086577 0.0040672 0.0063335 0.0943072 0.0000000 0.0206112 0.7648010 0.0090088 0.0063873 0.0000000 0.0013401 0.0034397 0.0010522 0.0000000 0.0000000 0.0065655 0.0343529 0.0000000 0.0006223 0.0105458 0.0279076
 92 F  92 0.0016866 0.0000000 0.0000000 0.0000000 0.0015367 0.0000000 0.0000000 0.0000000 0.0000000 0.0000000 0.0169472 0.0000000 0.0000000 0.9280240 0.0000000 0.0010935 0.0000000 0.0032169 0.0103406 0.0025562 0.0345982
 93 L  93 0.0315557 0.0092282 0.0024237 0.0010579 0.0365693 0.0040302 0.0097112 0.0038282 0.0014757 0.1269678 0.3323106 0.0148097 0.0356193 0.0154645 0.0000000 0.0095866 0.0101987 0.0009914 0.0070504 0.3111520 0.0359689
 94 V  94 0.1831959 0.1036097 0.0494554 0.0231413 0.0091100 0.0525864 0.0649049 0.0100953 0.0210615 0.0102799 0.0081025 0.0951479 0.0115858 0.0026929 0.0482670 0.0427841 0.1766584 0.0019732 0.0120894 0.0243893 0.0488692
 95 M  95 0.0929834 0.0042963 0.0000000 0.0000000 0.0028143 0.0000000 0.0024019 0.0000000 0.0018980 0.1536064 0.1705492 0.0085418 0.3926426 0.0108934 0.0028859 0.0029972 0.0118002 0.0024578 0.0028409 0.0659676 0.0704230
 96 M  96 0.0086353 0.0005926 0.0083388 0.0000000 0.0012496 0.0000000 0.0022066 0.0000000 0.0179608 0.0460575 0.1012692 0.0009088 0.6170824 0.0064647 0.0000000 0.0038171 0.0500398 0.0032116 0.0116923 0.0269669 0.0935059
 97 V  97 0.1380849 0.0427473 0.0211468 0.0022320 0.0067046 0.0670552 0.0112083 0.0569189 0.0326053 0.0181461 0.0535077 0.0698974 0.0296313 0.0026598 0.0000000 0.0793859 0.1372879 0.0015039 0.0066626 0.0464401 0.1761741
 98 R  98 0.0636749 0.1980873 0.0266502 0.0080319 0.0008645 0.0455088 0.0316965 0.0118496 0.0719483 0.0064768 0.0058707 0.1611430 0.0124137 0.0000000 0.0482152 0.0331852 0.0559894 0.0000000 0.0007065 0.0088073 0.2088803
 99 C  99 0.0064055 0.0455719 0.0128373 0.0033019 0.0090346 0.0560896 0.0100900 0.0216505 0.0234626 0.0424366 0.0445736 0.3047425 0.0348996 0.0086393 0.0086929 0.0106930 0.0069438 0.0008874 0.0109731 0.0225149 0.3155593
100 M 100 0.0320640 0.0287710 0.0631137 0.0126951 0.0000000 0.0161684 0.0111787 0.0045899 0.0050830 0.0625772 0.0913656 0.0176659 0.1873958 0.0015927 0.0025060 0.0390166 0.0238503 0.0000000 0.0073865 0.0185159 0.3744636
101 K 101 0.0299629 0.0654706 0.0263727 0.0125037 0.0013372 0.0475433 0.0278197 0.0358375 0.0058210 0.0040094 0.0473611 0.2370598 0.0037923 0.0035008 0.0021377 0.0476787 0.0135834 0.0000000 0.0027416 0.0064089 0.3790575
102 D 102 0.0214460 0.0255035 0.0711613 0.1264966 0.0010803 0.0205712 0.1928648 0.0174618 0.0055532 0.0124855 0.0228187 0.0252721 0.0160502 0.0019664 0.0063744 0.0112699 0.0251343 0.0000000 0.0000000 0.0110089 0.3854810
103 D 103 0.0088958 0.0709747 0.0094346 0.1682968 0.0007741 0.0215290 0.1256535 0.0134137 0.0007449 0.0010783 0.0086936 0.0709671 0.0016286 0.0043917 0.0137175 0.0166625 0.0747366 0.0020404 0.0019295 0.0008996 0.3835374
104 S 104 0.1618574 0.0469302 0.0163099 0.1868301 0.0000000 0.0085292 0.0410931 0.0159518 0.0013545 0.0072706 0.0018370 0.0148033 0.0016627 0.0099464 0.0195347 0.0491145 0.0254169 0.0000000 0.0008164 0.0058136 0.3849277
105 E 105 0.0193011 0.0051390 0.0051319 0.0275258 0.0000000 0.0394647 0.1525132 0.0060298 0.0007079 0.0028583 0.0032123 0.0301730 0.0024924 0.2327597 0.0083353 0.0506049 0.0182949 0.0000000 0.0068419 0.0029018 0.3857122
106 N 106 0.0137566 0.0976179 0.0351212 0.0707189 0.0000000 0.0357453 0.1829444 0.0369032 0.0181376 0.0000000 0.0020847 0.0776812 0.0061019 0.0000000 0.0000000 0.0189953 0.0161324 0.0000000 0.0011158 0.0011313 0.3858122
107 L 107 0.0089384 0.0034492 0.0055440 0.0109677 0.0000000 0.0075114 0.1723979 0.0038278 0.0498570 0.0357763 0.0858331 0.0018285 0.0215697 0.0224710 0.0000000 0.0035221 0.0112424 0.0000000 0.0245814 0.1430544 0.3876278
108 Y 108 0.0041342 0.0055857 0.0013943 0.0068569 0.0000000 0.0007458 0.0016799 0.0000000 0.0000000 0.0487316 0.0587329 0.0013262 0.0049664 0.4457795 0.0021771 0.0013589 0.0024924 0.0052031 0.0159121 0.0019645 0.3909585
109 F 109 0.0039262 0.0331928 0.0000000 0.4738067 0.0000000 0.0030114 0.0029667 0.0000000 0.0028559 0.0025614 0.0223879 0.0147626 0.0076430 0.0080710 0.0000000 0.0036105 0.0000000 0.0274826 0.0000000 0.0011935 0.3925280
110 Q 110 0.0173135 0.0665937 0.0068070 0.0431533 0.0000000 0.0452128 0.0517597 0.0039682 0.0032000 0.0067689 0.0154155 0.3024175 0.0010199 0.0000000 0.0015547 0.0083002 0.0238141 0.0000000 0.0011589 0.0074451 0.3940972
111 G 111 0.0776215 0.0011913 0.0921705 0.3154166 0.0099464 0.0016908 0.0617020 0.0053384 0.0039024 0.0014835 0.0017226 0.0074020 0.0000000 0.0135726 0.0013944 0.0055966 0.0015039 0.0000000 0.0000000 0.0030445 0.3953002
112 R 112 0.0207975 0.0164836 0.0669500 0.0347923 0.0018219 0.0312217 0.0180977 0.2718445 0.0052951 0.0014686 0.0027679 0.0406375 0.0000000 0.0659350 0.0000000 0.0152290 0.0023443 0.0000000 0.0000000 0.0024822 0.4018313
113 R 113 0.0036729 0.0558512 0.1535380 0.1286841 0.0000000 0.0016135 0.0044330 0.0000000 0.0014061 0.0000000 0.0065585 0.0284117 0.0213019 0.0032844 0.0000000 0.1410744 0.0471447 0.0000000 0.0000000 0.0000000 0.4030256
114 V 114 0.0000000 0.0060850 0.0014686 0.0010484 0.0000000 0.0250011 0.0010165 0.5156327 0.0000000 0.0029328 0.0026562 0.0024937 0.0024924 0.0023443 0.0000000 0.0043784 0.0044984 0.0008492 0.0000000 0.0215744 0.4055280
115 R 115 0.0048147 0.0222749 0.0027532 0.0036040 0.0048432 0.0156628 0.0174141 0.0000000 0.0170081 0.0027975 0.0154370 0.0706968 0.0049194 0.1387626 0.0000000 0.0225060 0.0454363 0.0000000 0.1971087 0.0060350 0.4079258
116 I 116 0.0025083 0.0000000 0.0020931 0.0086431 0.0000000 0.0000000 0.0018322 0.0000000 0.0000000 0.4786925 0.0225494 0.0011289 0.0048040 0.0023915 0.0000000 0.0000000 0.0000000 0.0000000 0.0048937 0.0596495 0.4108138
117 S 117 0.0055111 0.0000000 0.0215192 0.0366322 0.0039078 0.0043429 0.0272267 0.0039104 0.0026175 0.0000000 0.0051663 0.0099147 0.0350561 0.0009890 0.0096482 0.2372476 0.1810527 0.0000000 0.0000000 0.0008765 0.4143812
118 A 118 0.1453962 0.0448331 0.0018894 0.0050839 0.0018524 0.0153320 0.0088152 0.0330117 0.0036100 0.0366438 0.0503983 0.0181808 0.0119783 0.0357068 0.0246832 0.0330115 0.0337126 0.0056581 0.0043509 0.0719222 0.4139296
119 D 119 0.1316665 0.0124718 0.0190521 0.1245468 0.0000000 0.0216307 0.1172355 0.0139295 0.0027758 0.0047322 0.0024517 0.0474334 0.0012417 0.0011875 0.0038480 0.0579431 0.0147057 0.0006987 0.0008383 0.0051891 0.4164221
120 A 120 0.0078771 0.0085929 0.0434766 0.0429047 0.0016286 0.0017956 0.4464417 0.0038965 0.0018837 0.0000000 0.0000000 0.0077916 0.0000000 0.0000000 0.0000000 0.0042339 0.0071235 0.0000000 0.0000000 0.0052227 0.4171306
121 M 121 0.0024725 0.0028859 0.0018446 0.0000000 0.0000000 0.0000000 0.0000000 0.0000000 0.0000000 0.0338650 0.4890680 0.0000000 0.0214055 0.0259022 0.0000000 0.0000000 0.0000000 0.0000000 0.0000000 0.0044661 0.4180902
122 M 122 0.0064170 0.2534201 0.0020591 0.0021914 0.0056059 0.0541211 0.0515237 0.0100464 0.0080558 0.0062123 0.0043530 0.1517804 0.0030077 0.0028068 0.0000000 0.0067671 0.0027665 0.0010986 0.0020154 0.0074954 0.4182562
123 Q 123 0.0343719 0.0776243 0.0145620 0.0191381 0.0011729 0.0822213 0.0482862 0.0000000 0.1603379 0.0087450 0.0077214 0.0248295 0.0065976 0.0067220 0.0000000 0.0394382 0.0192422 0.0020184 0.0168642 0.0115909 0.4185158
124 A 124 0.1531106 0.0013392 0.0014977 0.0000000 0.0032026 0.0000000 0.0012680 0.0037067 0.0000000 0.0536681 0.0408455 0.0142957 0.0189434 0.0064123 0.0000000 0.0073655 0.0081997 0.0000000 0.0000000 0.2671911 0.4189539
125 L 125 0.0563335 0.0024752 0.0000000 0.0000000 0.0280842 0.0000000 0.0000000 0.0000000 0.0000000 0.0066501 0.2580021 0.0000000 0.1798755 0.0103059 0.0000000 0.0114690 0.0067010 0.0010564 0.0013732 0.0072692 0.4304045
126 L 126 0.0480084 0.0565278 0.0115857 0.0087302 0.0036442 0.0178467 0.0275410 0.0050148 0.0101222 0.0220219 0.0136914 0.0896822 0.0215844 0.0104286 0.0000000 0.0234517 0.1403868 0.0013724 0.0288981 0.0213829 0.4380786
127 G 127 0.0238561 0.0165759 0.1057284 0.0291289 0.0105662 0.0138820 0.1097035 0.0245191 0.0260736 0.0037579 0.0026168 0.0388522 0.0027506 0.0017078 0.0008185 0.0716761 0.0599545 0.0000000 0.0000000 0.0077561 0.4500760
128 A 128 0.0176309 0.0010489 0.0036773 0.0080781 0.0026802 0.0045251 0.0080200 0.0000000 0.0072893 0.0287042 0.3262147 0.0021280 0.0392060 0.0385662 0.0000000 0.0065738 0.0211757 0.0017049 0.0222951 0.0080173 0.4524643
129 R 129 0.0017754 0.0059232 0.0054229 0.0158037 0.0015113 0.0017374 0.0055849 0.4587554 0.0000000 0.0038109 0.0079038 0.0035816 0.0110853 0.0170364 0.0011316 0.0022310 0.0000000 0.0000000 0.0000000 0.0023553 0.4543498
130 H 130 0.0039244 0.0128868 0.0033990 0.0549000 0.0025115 0.0124508 0.3228874 0.0027680 0.0199748 0.0033252 0.0189575 0.0165005 0.0361800 0.0034239 0.0000000 0.0009230 0.0027814 0.0024752 0.0000000 0.0092810 0.4704496
131 K 131 0.0115282 0.0491228 0.0612365 0.0595670 0.0016703 0.0159286 0.0154350 0.0216965 0.0175409 0.0024053 0.0024178 0.1871204 0.0031221 0.0000000 0.0167398 0.0183483 0.0281469 0.0000000 0.0050854 0.0035764 0.4793115
132 E 132 0.0072850 0.0006584 0.0071458 0.0529658 0.0076666 0.0042093 0.0026270 0.0128137 0.0171460 0.0217184 0.2528188 0.0078902 0.0540504 0.0167490 0.0073130 0.0029858 0.0075167 0.0000000 0.0000000 0.0306369 0.4858033
133 S 133 0.0123611 0.0044617 0.0090065 0.0106035 0.0024962 0.0055477 0.0172367 0.0125923 0.0017706 0.0128779 0.0192521 0.0113510 0.0009912 0.0000000 0.0073188 0.1313585 0.2351835 0.0000000 0.0011875 0.0025895 0.5018139
134 L 134 0.0148606 0.0088297 0.0140605 0.1843806 0.0015113 0.0236247 0.1237931 0.0008251 0.0061511 0.0152722 0.0245144 0.0117756 0.0085084 0.0000000 0.0185204 0.0050130 0.0231563 0.0013560 0.0013233 0.0128135 0.4997102
135 D 135 0.0266754 0.0144904 0.0055042 0.1211192 0.0000000 0.0173898 0.2174839 0.0026244 0.0137421 0.0000000 0.0009292 0.0292488 0.0000000 0.0000000 0.0000000 0.0138889 0.0134689 0.0030385 0.0000000 0.0062544 0.5141420
136 L 136 0.0013708 0.0000000 0.0000000 0.0285263 0.0016703 0.0011702 0.3487998 0.0015363 0.0000000 0.0421121 0.0287548 0.0000000 0.0037941 0.0017049 0.0000000 0.0000000 0.0024924 0.0000000 0.0000000 0.0090305 0.5290377
137 R 137 0.0138384 0.0099686 0.0018169 0.0087074 0.0083581 0.0077490 0.0100054 0.0048113 0.0052881 0.0703109 0.0810837 0.0270120 0.0070616 0.0066438 0.0000000 0.0018328 0.0069876 0.0000000 0.0000000 0.1586013 0.5699231
138 A 138 0.0232876 0.0141306 0.0078216 0.1403867 0.0000000 0.0449420 0.1531150 0.0015078 0.0039483 0.0011828 0.0030257 0.0109518 0.0015897 0.0000000 0.0000000 0.0057969 0.0038062 0.0000000 0.0000000 0.0062220 0.5782855
139 H 139 0.0265846 0.0045160 0.0188066 0.0469397 0.0000000 0.0273032 0.1691445 0.0026991 0.0090409 0.0224143 0.0035452 0.0115507 0.0306883 0.0000000 0.0000000 0.0115816 0.0149378 0.0000000 0.0000000 0.0151374 0.5851099
140 L 140 0.0000000 0.0000000 0.0000000 0.0000000 0.0000000 0.0000000 0.0000000 0.0000000 0.0000000 0.0800960 0.1064024 0.0000000 0.2149233 0.0000000 0.0000000 0.0000000 0.0000000 0.0000000 0.0000000 0.0072554 0.5913229
141 K 141 0.0000000 0.0074911 0.0000000 0.0000000 0.0000000 0.0057870 0.0000000 0.0000000 0.0000000 0.0000000 0.0000000 0.0250853 0.0000000 0.0000000 0.0000000 0.0000000 0.0000000 0.0000000 0.0000000 0.0000000 0.9616366
