  130         A         R         N         D         C         Q         E         G         H         I         L         K         M         F         P         S         T         W         Y         V    
  1 G   1 0.2289748 0.0000000 0.0000000 0.0000000 0.0000000 0.0000000 0.0000000 0.7710252 0.0000000 0.0000000 0.0000000 0.0000000 0.0000000 0.0000000 0.0000000 0.0000000 0.0000000 0.0000000 0.0000000 0.0000000
  2 Q   2 0.0215484 0.0821100 0.0539846 0.0090421 0.0000000 0.6855361 0.0142249 0.0000000 0.0124464 0.0000000 0.0452446 0.0121797 0.0000000 0.0324720 0.0000000 0.0203591 0.0108521 0.0000000 0.0000000 0.0000000
  3 Y   3 0.0067362 0.0289261 0.0000000 0.0153815 0.0084897 0.0111814 0.1625480 0.0269953 0.0264942 0.0138416 0.1811204 0.0305697 0.1938909 0.0463175 0.0053458 0.0322461 0.0384819 0.0000000 0.1180576 0.0533763
  4 T   4 0.1387231 0.0062341 0.0461795 0.0206113 0.0000000 0.0057375 0.0803092 0.0000000 0.0048226 0.0905622 0.0747638 0.0000000 0.0062861 0.0000000 0.1255304 0.0901826 0.2476300 0.0000000 0.0000000 0.0624275
  5 F   5 0.0570260 0.0111754 0.0133194 0.0077891 0.0226649 0.0180373 0.0189657 0.0000000 0.0108748 0.1583364 0.1377750 0.0174833 0.0080519 0.1126560 0.1178239 0.0852239 0.0390617 0.0000000 0.0160953 0.1476399
  6 S   6 0.0271874 0.0388250 0.0341617 0.0062085 0.0095600 0.0447046 0.0315273 0.0105618 0.0040545 0.0894269 0.1944350 0.0280791 0.0042387 0.0154755 0.1223785 0.2256790 0.0914604 0.0000000 0.0000000 0.0220361
  7 M   7 0.0546430 0.0180134 0.0048053 0.0045307 0.0426601 0.0515269 0.0247089 0.0000000 0.0713704 0.0900977 0.2122679 0.0822211 0.0494292 0.0161407 0.1618717 0.0313896 0.0318628 0.0034835 0.0055614 0.0434157
  8 P   8 0.0568675 0.0105986 0.0194425 0.0082399 0.0000000 0.1363592 0.0049015 0.0193531 0.0070837 0.0135341 0.0355545 0.0111186 0.0066080 0.0000000 0.2556940 0.2628852 0.1334900 0.0000000 0.0000000 0.0182698
  9 S   9 0.0438209 0.0196806 0.1121110 0.0066259 0.0000000 0.0155074 0.0444791 0.0637024 0.0087497 0.0110176 0.0131575 0.1713690 0.0021327 0.0052382 0.0564568 0.1874116 0.2123583 0.0000000 0.0000000 0.0261812
 10 D  10 0.0766283 0.0222211 0.0415368 0.1321101 0.0340227 0.0333377 0.2064447 0.2180491 0.0013998 0.0087679 0.0134681 0.0140705 0.0000000 0.0064582 0.0754043 0.0264874 0.0633581 0.0000000 0.0000000 0.0262353
 11 S  11 0.0650764 0.0439786 0.0241135 0.0308096 0.0654500 0.0707266 0.0116491 0.0348890 0.0833829 0.0071878 0.0205501 0.0635445 0.0036354 0.0056146 0.0780622 0.2779327 0.0711194 0.0000000 0.0215373 0.0207404
 12 H  12 0.0486943 0.0398149 0.0337238 0.0920464 0.0114682 0.0345260 0.0862721 0.0321666 0.1078107 0.0173843 0.0683472 0.0392967 0.0075800 0.0185149 0.0936896 0.0857684 0.0726513 0.0050314 0.0545644 0.0506488
 13 V  13 0.0476576 0.0478834 0.0077915 0.0199009 0.3428663 0.0224093 0.0128385 0.0401649 0.0146614 0.0113936 0.0236839 0.0382439 0.0155938 0.0044457 0.0443509 0.0511892 0.0835608 0.0624525 0.0379649 0.0709469
 14 S  14 0.0960421 0.0701513 0.0650512 0.0196226 0.0328281 0.0192456 0.0542115 0.2221699 0.0189478 0.0105442 0.0183448 0.0547664 0.0062330 0.0068436 0.0557221 0.1526139 0.0707981 0.0000000 0.0106914 0.0151722
 15 S  15 0.0399634 0.0411148 0.0198618 0.0064717 0.1195397 0.0309810 0.0315758 0.1140518 0.0587048 0.0104940 0.0282956 0.0276100 0.0032264 0.0112369 0.1664083 0.1570918 0.0981682 0.0000000 0.0062894 0.0289146
 16 C  16 0.0000000 0.0000000 0.0023661 0.0000000 0.9743679 0.0000000 0.0000000 0.0000000 0.0000000 0.0000000 0.0022680 0.0000000 0.0000000 0.0031499 0.0000000 0.0053530 0.0020499 0.0014649 0.0048867 0.0040938
 17 S  17 0.0261983 0.0165854 0.0036130 0.0643787 0.0000000 0.0275752 0.0484757 0.0062928 0.0022488 0.0015864 0.0225817 0.0131014 0.0000000 0.0010064 0.6879717 0.0694373 0.0053508 0.0000000 0.0010046 0.0025916
 18 E  18 0.0406654 0.0429723 0.0427991 0.1091187 0.0015180 0.0471757 0.1651129 0.0260483 0.0170476 0.0103775 0.0255702 0.1442786 0.0135158 0.0113933 0.0774194 0.0818451 0.0443667 0.0362596 0.0164891 0.0460268
 19 D  19 0.0109690 0.0090937 0.1289954 0.1762639 0.0000000 0.0110291 0.0724928 0.3971698 0.0398898 0.0000000 0.0113363 0.0382326 0.0045504 0.0153637 0.0024320 0.0586077 0.0193540 0.0000000 0.0042198 0.0000000
 20 W  20 0.0025928 0.0000000 0.0000000 0.0000000 0.0000000 0.0000000 0.0022962 0.0032611 0.0000000 0.0019410 0.0000000 0.0000000 0.0000000 0.0196248 0.0000000 0.0062556 0.0027584 0.8966536 0.0646165 0.0000000
 21 V  21 0.0177478 0.0386498 0.0159958 0.0274255 0.0000000 0.0231737 0.0360966 0.0053770 0.0344296 0.2327266 0.1208626 0.1004758 0.0264624 0.0379404 0.0000000 0.0429567 0.1217577 0.0071120 0.0049490 0.1058612
 22 G  22 0.0373047 0.0592259 0.0214382 0.0063610 0.0400720 0.0315514 0.0721915 0.1237456 0.0320637 0.0264710 0.0610898 0.0792288 0.0170948 0.0597913 0.1010237 0.0810101 0.0497456 0.0363541 0.0391210 0.0251156
 23 Y  23 0.0018481 0.0061614 0.0285085 0.0061864 0.0128193 0.0000000 0.0000000 0.0015797 0.1382850 0.0129782 0.0184505 0.0097137 0.0018771 0.4030896 0.0000000 0.0221195 0.0000000 0.0121524 0.2873915 0.0368391
 24 Q  24 0.0254196 0.1241821 0.0681484 0.0362946 0.0000000 0.2224442 0.0814554 0.2448491 0.0239417 0.0022528 0.0186166 0.0339338 0.0035863 0.0017568 0.0054554 0.0855926 0.0107725 0.0017173 0.0038711 0.0057097
 25 R  25 0.0073102 0.0629444 0.1593416 0.1175609 0.0173769 0.0130909 0.0560336 0.3214220 0.0102877 0.0191693 0.0082442 0.0279421 0.0011628 0.0115221 0.0095893 0.1067829 0.0343564 0.0011340 0.0066548 0.0080738
 26 K  26 0.0212424 0.0519987 0.1667609 0.0021194 0.0012171 0.0204103 0.0010925 0.0088264 0.1138994 0.0283390 0.0040311 0.2235870 0.0051640 0.0232561 0.0000000 0.2550007 0.0101739 0.0013697 0.0534275 0.0080838
 27 C  27 0.0000000 0.0031152 0.0000000 0.0000000 0.9257962 0.0143485 0.0070302 0.0000000 0.0014702 0.0000000 0.0100915 0.0000000 0.0010318 0.0131343 0.0000000 0.0111291 0.0060732 0.0000000 0.0042973 0.0024826
 28 Y  28 0.0000000 0.0000000 0.0000000 0.0000000 0.0000000 0.0000000 0.0021489 0.0000000 0.0053212 0.0022967 0.0082986 0.0000000 0.0000000 0.1399440 0.0000000 0.0000000 0.0000000 0.0000000 0.8419906 0.0000000
 29 F  29 0.0064534 0.0652012 0.0074174 0.0000000 0.0011727 0.0409544 0.0019767 0.0121677 0.0176240 0.0058870 0.0728465 0.1673032 0.0075377 0.1848254 0.0000000 0.0341404 0.0054019 0.0572778 0.3080486 0.0037639
 30 I  30 0.0541506 0.0010903 0.0010637 0.0000000 0.0000000 0.0046830 0.0042226 0.0000000 0.0291744 0.1681330 0.0785352 0.0023717 0.0145715 0.4934710 0.0117963 0.0012986 0.0135451 0.0000000 0.0525690 0.0693240
 31 S  31 0.0098409 0.0029306 0.0347855 0.0012276 0.0018527 0.0114433 0.0120896 0.0536070 0.0204815 0.0415094 0.0215847 0.0021988 0.0101718 0.1770406 0.0009400 0.4783575 0.0204847 0.0000000 0.0424535 0.0570001
 32 T  32 0.0458249 0.0695725 0.1193352 0.0546839 0.0000000 0.0499910 0.1320245 0.0180324 0.0177674 0.0125775 0.0182847 0.1010998 0.0285551 0.0148590 0.0337248 0.0911856 0.1487459 0.0024494 0.0059963 0.0352901
 33 V  33 0.0202455 0.0147167 0.0330914 0.1490426 0.0000000 0.0436717 0.2720265 0.0292678 0.0452542 0.0135827 0.0154018 0.0314205 0.0034412 0.0042131 0.0061949 0.1442429 0.1304448 0.0000000 0.0149984 0.0287433
 34 K  34 0.0458460 0.1216020 0.0319567 0.0102741 0.0000000 0.0722696 0.0954556 0.0523739 0.0099325 0.0146884 0.0540968 0.1823342 0.0226677 0.0087689 0.0592998 0.0905103 0.0985967 0.0040632 0.0093091 0.0159543
 35 R  35 0.0581707 0.1489850 0.0322636 0.0106402 0.0000000 0.0317429 0.0330241 0.0258638 0.0078101 0.0041063 0.0787979 0.3935886 0.0565362 0.0026185 0.0000000 0.0462824 0.0168862 0.0000000 0.0102903 0.0423933
 36 S  36 0.0314332 0.0083835 0.1863606 0.0649922 0.0000000 0.0138410 0.0041269 0.0167521 0.0012385 0.0301151 0.0022143 0.0150898 0.0038932 0.0043229 0.0355342 0.2205018 0.3561316 0.0000000 0.0018571 0.0032121
 37 W  37 0.0000000 0.0000000 0.0015394 0.0000000 0.0022548 0.0076854 0.0000000 0.0000000 0.0070361 0.0000000 0.0000000 0.0000000 0.0171530 0.0720833 0.0000000 0.0000000 0.0000000 0.8581026 0.0341454 0.0000000
 38 T  38 0.0857200 0.0283754 0.1227656 0.0871906 0.0000000 0.0323857 0.1276400 0.0091341 0.0691170 0.0234791 0.0185106 0.0532696 0.0070378 0.0156354 0.0358910 0.0954179 0.1302939 0.0000000 0.0305821 0.0275543
 39 S  39 0.0609486 0.0157183 0.0349407 0.2179352 0.0000000 0.0783751 0.3063431 0.0482878 0.0073434 0.0026018 0.0221972 0.0387743 0.0024436 0.0308452 0.0000000 0.0892925 0.0375523 0.0000000 0.0028733 0.0035276
 40 A  40 0.5704578 0.0000000 0.0000000 0.0000000 0.0317444 0.0000000 0.0000000 0.0328913 0.0000000 0.0000000 0.0000000 0.0000000 0.0000000 0.0000000 0.0000000 0.3649065 0.0000000 0.0000000 0.0000000 0.0000000
 41 Q  41 0.0471369 0.2312664 0.0186637 0.0282605 0.0000000 0.1815169 0.1687297 0.0016160 0.0076542 0.0128866 0.0928680 0.1161937 0.0078664 0.0050942 0.0000000 0.0230051 0.0085225 0.0065912 0.0083372 0.0337908
 42 N  42 0.1013643 0.1210361 0.0593214 0.0737300 0.0000000 0.1177365 0.0805661 0.0141050 0.0155224 0.0179034 0.0521097 0.1255846 0.0145337 0.0139220 0.0000000 0.0686598 0.0895319 0.0016269 0.0197258 0.0130207
 43 A  43 0.1679622 0.0397662 0.0760214 0.0548408 0.0014903 0.0297010 0.0424657 0.0000000 0.0314807 0.0290084 0.0216919 0.0202169 0.0131254 0.1797436 0.0000000 0.1047332 0.0498595 0.0076223 0.0994564 0.0308143
 44 C  44 0.0000000 0.0000000 0.0000000 0.0000000 0.9917574 0.0000000 0.0000000 0.0000000 0.0000000 0.0000000 0.0000000 0.0000000 0.0000000 0.0045649 0.0000000 0.0036776 0.0000000 0.0000000 0.0000000 0.0000000
 45 S  45 0.0948816 0.1438632 0.0113623 0.0144191 0.0010859 0.1549740 0.0711461 0.0286589 0.0233484 0.0479423 0.0651600 0.0877466 0.0372677 0.0048113 0.0000000 0.1227291 0.0444242 0.0021473 0.0072249 0.0368073
 46 E  46 0.1008408 0.0706301 0.0459437 0.0742651 0.0000000 0.0639306 0.1520090 0.0527655 0.0124759 0.0026506 0.0642128 0.0730219 0.0118833 0.0053712 0.0000000 0.1980147 0.0535359 0.0069505 0.0020279 0.0094706
 47 H  47 0.0352548 0.0674898 0.0416316 0.0682986 0.0032040 0.1635018 0.0824290 0.0088045 0.0759085 0.0322034 0.1244173 0.0962657 0.0867213 0.0164675 0.0000000 0.0206501 0.0040281 0.0011316 0.0388545 0.0327378
 48 G  48 0.0171744 0.0271642 0.1799649 0.0561277 0.0000000 0.0382719 0.0675120 0.4812517 0.0222624 0.0000000 0.0000000 0.0398887 0.0014410 0.0119341 0.0000000 0.0423303 0.0035898 0.0000000 0.0110869 0.0000000
 49 A  49 0.4788703 0.0000000 0.0000000 0.0015596 0.0042110 0.0000000 0.0000000 0.2506360 0.0000000 0.0000000 0.0140078 0.0000000 0.0025206 0.0028646 0.0000000 0.2341691 0.0081360 0.0000000 0.0000000 0.0030249
 50 T  50 0.0150131 0.0201323 0.0845975 0.1319091 0.0000000 0.0797820 0.0520756 0.0041006 0.2598092 0.0050774 0.0150666 0.0068566 0.0065854 0.0060335 0.0000000 0.1378332 0.1420256 0.0011434 0.0202055 0.0117534
 51 L  51 0.0000000 0.0000000 0.0000000 0.0000000 0.0000000 0.0000000 0.0000000 0.0000000 0.0000000 0.0093992 0.9601227 0.0000000 0.0099964 0.0084989 0.0000000 0.0000000 0.0000000 0.0000000 0.0000000 0.0119829
 52 A  52 0.3398668 0.0000000 0.0000000 0.0000000 0.0000000 0.0000000 0.0000000 0.0000000 0.0000000 0.0203287 0.2265943 0.0000000 0.0113548 0.0024072 0.0097407 0.0215677 0.0706309 0.0013081 0.0000000 0.2962008
 53 V  53 0.0083410 0.0161764 0.0020006 0.0059003 0.0018434 0.0408438 0.0033494 0.0019031 0.0143992 0.1338046 0.0301795 0.0923194 0.0654902 0.0077472 0.0000000 0.3304129 0.0739869 0.0000000 0.0220923 0.1492097
 54 I  54 0.0029630 0.0000000 0.0000000 0.0000000 0.0000000 0.0000000 0.0028377 0.0000000 0.0022728 0.6240760 0.0580829 0.0000000 0.0035103 0.0669007 0.0498432 0.0028778 0.0014221 0.0000000 0.0000000 0.1852135
 55 D  55 0.0193822 0.0501580 0.1570228 0.1838901 0.0007807 0.0526414 0.0797827 0.0276033 0.1261060 0.0079003 0.0618771 0.0611480 0.0096935 0.0025049 0.0115932 0.0363192 0.0813527 0.0000000 0.0158931 0.0143510
 56 S  56 0.0012298 0.0031874 0.1637257 0.2113924 0.0010670 0.0000000 0.0168612 0.0179584 0.0025663 0.0021227 0.0000000 0.0033830 0.0017896 0.0000000 0.0017150 0.4142522 0.1560270 0.0000000 0.0027225 0.0000000
 57 E  57 0.0840280 0.0961818 0.0290160 0.0337437 0.0000000 0.1357855 0.1945595 0.0069138 0.0208108 0.0309224 0.0518412 0.0787857 0.0156801 0.0087082 0.0915530 0.0505978 0.0212460 0.0129814 0.0134368 0.0232084
 58 K  58 0.0778439 0.0145889 0.0249227 0.0975568 0.0010665 0.0459178 0.4688116 0.0102573 0.0264120 0.0080742 0.0171035 0.0623870 0.0121506 0.0114595 0.0023164 0.0337461 0.0185335 0.0042996 0.0525004 0.0100517
 59 D  59 0.0041043 0.0000000 0.0016417 0.0518986 0.0000000 0.0154253 0.7733856 0.0017205 0.0076104 0.0088259 0.0056045 0.0181303 0.0000000 0.0079349 0.0000000 0.0119591 0.0608344 0.0000000 0.0000000 0.0309245
 60 M  60 0.0041914 0.0201777 0.0980217 0.0151246 0.0000000 0.4079212 0.0244859 0.0011019 0.0335732 0.0050347 0.1773669 0.0201571 0.1211022 0.0079114 0.0000000 0.0116085 0.0058535 0.0092356 0.0215480 0.0155845
 61 N  61 0.1522534 0.0417132 0.1351906 0.1607488 0.0000000 0.0330456 0.1089041 0.0258481 0.0196075 0.0160187 0.0145083 0.1207631 0.0155034 0.0040184 0.0019900 0.0688951 0.0549927 0.0000000 0.0036843 0.0223145
 62 F  62 0.0065873 0.0014828 0.0033565 0.0016604 0.0028679 0.0012084 0.0009671 0.0031046 0.0024011 0.0009756 0.0436135 0.0000000 0.0042980 0.8062293 0.0013313 0.0028198 0.0027483 0.0238382 0.0776853 0.0128247
 63 L  63 0.0148296 0.0000000 0.0000000 0.0000000 0.0000000 0.0000000 0.0000000 0.0000000 0.0000000 0.2217504 0.5447146 0.0000000 0.0440727 0.0112722 0.0000000 0.0018531 0.0073282 0.0016629 0.0000000 0.1525162
 64 K  64 0.0449960 0.0534215 0.0742248 0.0035362 0.0025718 0.1554706 0.0243720 0.0152919 0.0065761 0.0544049 0.0381088 0.1505062 0.0472305 0.0230824 0.0018135 0.0578488 0.1160385 0.0513311 0.0228104 0.0563640
 65 R  65 0.0345374 0.1763124 0.0781825 0.0572995 0.0022185 0.1022134 0.0388426 0.0445577 0.0202444 0.0054087 0.0419786 0.1169490 0.0079739 0.0107499 0.0184539 0.1920223 0.0329087 0.0000000 0.0119301 0.0072167
 66 Y  66 0.0197190 0.0370275 0.0667740 0.0076423 0.0008311 0.1148671 0.0077313 0.0078919 0.1166144 0.0624171 0.2303015 0.0103859 0.0223468 0.0632744 0.0000000 0.0245200 0.0483294 0.0060417 0.1400192 0.0132656
 67 A  67 0.0783007 0.0276341 0.0104815 0.0069191 0.0017528 0.0165538 0.0052598 0.0131836 0.0093987 0.1394483 0.1722399 0.0996324 0.0348289 0.0086578 0.0111150 0.1323938 0.1223470 0.0000000 0.0094474 0.1004053
 68 G  68 0.0135365 0.0738536 0.0980659 0.0501905 0.0077533 0.0277251 0.0178300 0.2528086 0.0145539 0.0395080 0.0209721 0.1268300 0.0065621 0.0015336 0.0223268 0.1253272 0.0136363 0.0021969 0.0585988 0.0261910
 69 R  69 0.0409586 0.1203215 0.1032328 0.0279836 0.0010113 0.0571432 0.0550402 0.0868815 0.0421460 0.0221055 0.0183449 0.0997374 0.0073198 0.0101029 0.0966109 0.1320202 0.0564968 0.0028073 0.0105456 0.0091899
 70 E  70 0.0501232 0.0681174 0.0389931 0.1112427 0.0025828 0.0439133 0.1114341 0.0303404 0.0031944 0.0232067 0.0309574 0.0950535 0.0088026 0.0647428 0.0131907 0.1988214 0.0378355 0.0026927 0.0252325 0.0395227
 71 E  71 0.0481483 0.0388374 0.1243547 0.1111500 0.0000000 0.0102450 0.0553459 0.0745415 0.0365379 0.0116551 0.0136575 0.0249897 0.0114006 0.0741269 0.0821935 0.1000873 0.0382414 0.0029666 0.1252482 0.0162725
 72 H  72 0.0370455 0.0054407 0.0010223 0.0000000 0.0082488 0.0438601 0.0000000 0.0000000 0.1327941 0.0205423 0.0560279 0.0026749 0.0066657 0.2000135 0.0025280 0.0358832 0.1016681 0.0082000 0.2755124 0.0618725
 73 W  73 0.0000000 0.0000000 0.0000000 0.0000000 0.0000000 0.0000000 0.0000000 0.0000000 0.0000000 0.0000000 0.0054354 0.0000000 0.0000000 0.0531213 0.0000000 0.0000000 0.0000000 0.9136897 0.0277537 0.0000000
 74 V  74 0.0019549 0.0000000 0.0000000 0.0000000 0.0000000 0.0000000 0.0000000 0.0000000 0.0000000 0.7215408 0.0799279 0.0000000 0.0687661 0.0340771 0.0000000 0.0000000 0.0338922 0.0000000 0.0000000 0.0598409
 75 G  75 0.0126273 0.0041662 0.0000000 0.0000000 0.0000000 0.0061986 0.0000000 0.9697950 0.0000000 0.0000000 0.0000000 0.0000000 0.0000000 0.0000000 0.0028151 0.0000000 0.0000000 0.0000000 0.0000000 0.0043979
 76 L  76 0.0067867 0.0000000 0.0000000 0.0000000 0.0021194 0.0000000 0.0000000 0.0170543 0.0000000 0.0116100 0.8547198 0.0000000 0.0413631 0.0193962 0.0000000 0.0031465 0.0000000 0.0000000 0.0026342 0.0411697
 77 K  77 0.0042726 0.0874487 0.2081534 0.0028414 0.0014861 0.0248447 0.0051489 0.0000000 0.1034366 0.0126590 0.0138679 0.0424777 0.0072830 0.0393589 0.0000000 0.2920396 0.1231426 0.0043897 0.0166461 0.0105030
 78 K  78 0.0172906 0.2195284 0.0677283 0.4865172 0.0014737 0.0098995 0.0047734 0.0013690 0.0000000 0.0135417 0.0156704 0.0411046 0.0061143 0.0110966 0.0000000 0.0341978 0.0051996 0.0000000 0.0559235 0.0085714
 79 E  79 0.0263552 0.0729156 0.1464815 0.0399227 0.0000000 0.1258138 0.1788280 0.0172137 0.0391635 0.0196522 0.0268386 0.0860691 0.0088690 0.0024320 0.0431150 0.0797120 0.0609897 0.0016459 0.0000000 0.0239824
 80 P  80 0.0198738 0.0932900 0.0710005 0.0448300 0.0000000 0.0523086 0.0688825 0.0599188 0.0226302 0.0127789 0.0196965 0.1034556 0.0179844 0.0031713 0.0639550 0.1840998 0.1107699 0.0028885 0.0021887 0.0462769
 81 G  81 0.0087169 0.0216040 0.0921735 0.1207039 0.0000000 0.0125567 0.4295737 0.1285667 0.0369785 0.0075762 0.0000000 0.0382352 0.0034814 0.0094490 0.0000000 0.0459203 0.0256544 0.0030617 0.0014600 0.0142880
 82 H  82 0.0133961 0.0930021 0.0556303 0.0268688 0.0014255 0.0972867 0.0581362 0.4387500 0.0991814 0.0000000 0.0048236 0.0398705 0.0124933 0.0033867 0.0000000 0.0435636 0.0031258 0.0013325 0.0058999 0.0018271
 83 P  83 0.0228346 0.0405899 0.0326689 0.0877165 0.0000000 0.0793712 0.0586546 0.0663590 0.0425067 0.0143243 0.0149457 0.0744987 0.0247386 0.0022670 0.1142698 0.1444760 0.1293731 0.0000000 0.0046540 0.0457515
 84 W  84 0.0012419 0.0025645 0.0012314 0.0000000 0.0000000 0.0063100 0.0000000 0.0049238 0.0012768 0.0000000 0.0181997 0.0000000 0.0014299 0.2538337 0.0012006 0.0000000 0.0036593 0.6369379 0.0653793 0.0018111
 85 K  85 0.0220532 0.1654334 0.0069895 0.0016882 0.0000000 0.1270761 0.0893884 0.0031163 0.0402972 0.0266982 0.0955155 0.1912660 0.0580641 0.0100033 0.0000000 0.0329068 0.0324680 0.0000000 0.0127838 0.0842520
 86 W  86 0.0000000 0.0041716 0.0000000 0.0000000 0.0000000 0.0000000 0.0000000 0.0000000 0.0000000 0.0000000 0.0000000 0.0000000 0.0000000 0.0022088 0.0000000 0.0205017 0.0108059 0.9591293 0.0031827 0.0000000
 87 S  87 0.0377401 0.0040486 0.0072860 0.0032531 0.0018168 0.0128316 0.1086616 0.0034677 0.0044654 0.1137489 0.0574735 0.0040293 0.0340535 0.0000000 0.0088569 0.1715914 0.1576212 0.0000000 0.0012047 0.2678497
 88 N  88 0.0000000 0.0026407 0.1546394 0.7824486 0.0000000 0.0000000 0.0167990 0.0190845 0.0017256 0.0000000 0.0000000 0.0035682 0.0000000 0.0000000 0.0014394 0.0148892 0.0027654 0.0000000 0.0000000 0.0000000
 89 G  89 0.0037504 0.0252328 0.1252068 0.0243974 0.0000000 0.0444824 0.0240726 0.7060986 0.0078265 0.0000000 0.0000000 0.0120914 0.0000000 0.0010851 0.0000000 0.0237325 0.0000000 0.0000000 0.0020236 0.0000000
 90 K  90 0.0149556 0.0068815 0.0115858 0.0243832 0.0014950 0.0100670 0.0285472 0.0045613 0.0063042 0.0058964 0.0500727 0.0219541 0.0136823 0.0008220 0.0069888 0.4030466 0.3495339 0.0055351 0.0008542 0.0328333
 91 E  91 0.0640556 0.0142116 0.0334756 0.0947648 0.0000000 0.0327498 0.0620773 0.0107017 0.0044931 0.0186830 0.0194948 0.0291186 0.0000000 0.0088681 0.3450437 0.0661019 0.1511860 0.0000000 0.0056790 0.0392952
 92 F  92 0.0000000 0.0011096 0.0021131 0.0000000 0.0101049 0.0011864 0.0000000 0.0000000 0.0033156 0.0000000 0.1935577 0.0000000 0.0055716 0.3417549 0.0053590 0.0080368 0.0013923 0.0088727 0.3883831 0.0292422
 93 N  93 0.0062862 0.0156475 0.2355829 0.0281892 0.0000000 0.0133393 0.0716408 0.0051995 0.0042993 0.0058778 0.0332187 0.1000080 0.0011651 0.0066319 0.0066373 0.1886932 0.2471592 0.0000000 0.0032606 0.0271636
 94 N  94 0.0215808 0.0254227 0.3973273 0.0129032 0.0035779 0.0147143 0.0295577 0.0148485 0.0592195 0.0112496 0.0491410 0.0532063 0.0045966 0.0428362 0.0707085 0.0833193 0.0114071 0.0000000 0.0912144 0.0031691
 95 W  95 0.0079857 0.0100965 0.0029752 0.0261560 0.0037551 0.0211201 0.0185748 0.0073156 0.0051198 0.0250084 0.0455954 0.0243913 0.0233888 0.0094174 0.0021344 0.0925825 0.0175817 0.6385390 0.0031809 0.0150814
 96 F  96 0.1414827 0.0852347 0.1271554 0.0199518 0.0000000 0.0195315 0.0153716 0.0522920 0.0775852 0.0750051 0.0633505 0.0261278 0.0054442 0.1675682 0.0061259 0.0332201 0.0252782 0.0027594 0.0199575 0.0365580
 97 N  97 0.0239829 0.0322097 0.1700033 0.0299391 0.0000000 0.0453802 0.0908008 0.0161943 0.0140115 0.0108043 0.0319990 0.0528448 0.0010437 0.0274200 0.2645111 0.0842413 0.0420719 0.0377750 0.0052397 0.0195275
 98 V  98 0.0109932 0.0093468 0.1743632 0.0513848 0.0000000 0.0245325 0.0381846 0.3129246 0.0196258 0.1068750 0.0677547 0.0124650 0.0144127 0.0135668 0.0260877 0.0478792 0.0233196 0.0018973 0.0112297 0.0331568
 99 T  99 0.0319600 0.0627688 0.0442851 0.0255182 0.0011043 0.1960759 0.2570765 0.0596691 0.0253718 0.0181431 0.0256127 0.0362324 0.0143504 0.0087065 0.0284858 0.0798086 0.0510291 0.0034054 0.0135832 0.0168131
100 G 100 0.0092467 0.0305543 0.0364850 0.0357862 0.0000000 0.0202595 0.0346245 0.3566618 0.0095629 0.0000000 0.0055508 0.0184845 0.0009527 0.0018987 0.3999683 0.0254531 0.0064640 0.0016934 0.0000000 0.0063536
101 S 101 0.0071545 0.0325720 0.2942427 0.0891919 0.0000000 0.0218727 0.0815396 0.1694143 0.0121008 0.0054420 0.0027038 0.0499023 0.0026177 0.0033704 0.0170594 0.1512839 0.0306064 0.0000000 0.0014670 0.0274586
102 D 102 0.0075061 0.0235358 0.0319108 0.0228417 0.0000000 0.0675532 0.5331257 0.1470986 0.0486168 0.0000000 0.0033597 0.0493036 0.0083867 0.0146813 0.0105220 0.0162606 0.0047548 0.0000000 0.0105425 0.0000000
103 K 103 0.0060148 0.0316191 0.1882401 0.3928117 0.0136345 0.0292575 0.0581685 0.0352887 0.0671080 0.0020402 0.0077403 0.0548460 0.0023785 0.0042332 0.0062199 0.0585974 0.0192255 0.0000000 0.0135536 0.0090227
104 C 104 0.0091167 0.0019029 0.0000000 0.0000000 0.9548483 0.0000000 0.0000000 0.0015098 0.0046153 0.0018273 0.0016801 0.0000000 0.0000000 0.0101985 0.0000000 0.0011949 0.0000000 0.0000000 0.0131064 0.0000000
105 V 105 0.3320112 0.0000000 0.0000000 0.0000000 0.0030338 0.0000000 0.0000000 0.0970098 0.0000000 0.0246490 0.0191544 0.0017793 0.0071316 0.0000000 0.0036545 0.0082407 0.0191424 0.0000000 0.0101590 0.4740342
106 F 106 0.0598477 0.0055688 0.0141425 0.0049219 0.0020142 0.0245559 0.1276471 0.0092598 0.0748999 0.0193883 0.0450873 0.0063602 0.0636916 0.0744812 0.0000000 0.0386921 0.0716082 0.0225056 0.1757027 0.1596249
107 L 107 0.0123059 0.0000000 0.0041073 0.0013305 0.0015430 0.0062466 0.0000000 0.0067452 0.0021373 0.2148925 0.3066033 0.0018302 0.2068437 0.0840591 0.0000000 0.0095254 0.0199455 0.0023966 0.0537082 0.0657796
108 K 108 0.0229103 0.0725834 0.1701070 0.0616996 0.0009155 0.0363532 0.0684262 0.0292055 0.0907661 0.0067368 0.0255402 0.0558798 0.0016241 0.0139586 0.0038760 0.1925277 0.0502908 0.0220181 0.0567795 0.0178016
109 N 109 0.0482074 0.0439895 0.0922531 0.1796623 0.0000000 0.0282056 0.0397348 0.0903999 0.0383518 0.0046675 0.0342518 0.0957715 0.0228788 0.0076934 0.0331344 0.1771919 0.0261563 0.0027523 0.0148221 0.0198757
110 T 110 0.0152710 0.0251384 0.0640077 0.0985754 0.0027147 0.0060184 0.0133107 0.4253814 0.0049518 0.0143213 0.0155583 0.0480388 0.0094899 0.0142929 0.0027616 0.0929042 0.0827363 0.0467557 0.0149347 0.0028367
111 E 111 0.0078520 0.1228391 0.0270643 0.0341779 0.0063493 0.0787015 0.0455000 0.2672978 0.0118152 0.0072438 0.0548436 0.1766474 0.0095189 0.0180731 0.0016255 0.0600490 0.0340601 0.0022338 0.0237768 0.0103306
112 V 112 0.0210513 0.0000000 0.0013730 0.0000000 0.0026992 0.0000000 0.0000000 0.0078510 0.0000000 0.1030481 0.0938415 0.0000000 0.0038590 0.0127543 0.0000000 0.0000000 0.0133496 0.6674488 0.0000000 0.0727242
113 S 113 0.0422530 0.0392612 0.4320148 0.0398716 0.0000000 0.0309608 0.0256946 0.0245354 0.0357520 0.0093724 0.0152281 0.0425716 0.0061938 0.0253200 0.0000000 0.1109925 0.0284937 0.0000000 0.0568489 0.0346357
114 S 114 0.0531796 0.0071413 0.0384803 0.5631553 0.0000000 0.0008858 0.0031558 0.0047706 0.0008966 0.0115879 0.0124114 0.0024525 0.0012046 0.0013386 0.0201413 0.1753303 0.0690708 0.0000000 0.0050198 0.0297775
115 M 115 0.1778204 0.0359717 0.0335259 0.0930334 0.0021218 0.0380886 0.0813353 0.0408749 0.0134166 0.0583711 0.0452769 0.0336024 0.0236253 0.0249056 0.0000000 0.0874854 0.0551594 0.0052111 0.0196951 0.1304789
116 E 116 0.0244447 0.1152866 0.0964673 0.1064735 0.0000000 0.0295707 0.0508497 0.0238015 0.0263934 0.0057492 0.0251653 0.0409702 0.0082713 0.0485099 0.1668564 0.1438811 0.0253644 0.0031156 0.0258045 0.0330245
117 C 117 0.0021417 0.0026191 0.0045623 0.0101035 0.9409761 0.0000000 0.0030613 0.0129410 0.0041707 0.0026455 0.0000000 0.0000000 0.0000000 0.0000000 0.0000000 0.0046203 0.0023093 0.0000000 0.0000000 0.0098492
118 E 118 0.0177999 0.0226081 0.1282684 0.1359574 0.0000000 0.0432969 0.1378586 0.0908875 0.0294007 0.0108948 0.0371463 0.0216800 0.0016187 0.0235997 0.0042162 0.1678121 0.0566140 0.0016575 0.0648454 0.0038379
119 K 119 0.0567965 0.0630342 0.0782062 0.0409990 0.0018570 0.0496538 0.0619164 0.0139494 0.0183976 0.0540710 0.0492965 0.0838055 0.0187295 0.0321287 0.0000000 0.1216439 0.0987930 0.0104553 0.0796651 0.0666014
120 N 120 0.0306787 0.0523019 0.0549115 0.0489671 0.0000000 0.0391781 0.1031200 0.0105292 0.0612442 0.0119958 0.0672979 0.1422967 0.0089885 0.0125375 0.0984451 0.1032156 0.0899193 0.0071256 0.0230629 0.0341845
121 L 121 0.0272929 0.1334672 0.1108988 0.0009441 0.0018949 0.0437611 0.0172901 0.0000000 0.0731309 0.0424643 0.1879974 0.1046439 0.0292909 0.0641169 0.0000000 0.0228649 0.0154574 0.0018813 0.1182258 0.0043772
122 Y 122 0.0336050 0.1336276 0.0602839 0.0221208 0.0021567 0.0174525 0.0030203 0.1374829 0.0536634 0.0142573 0.0319268 0.1172792 0.0031001 0.0642998 0.1309759 0.0573135 0.0463912 0.0000000 0.0688843 0.0021591
123 W 123 0.0141791 0.0221827 0.0000000 0.0000000 0.0329225 0.0000000 0.0000000 0.0035773 0.0037813 0.0000000 0.0143504 0.0000000 0.0000000 0.2041625 0.0029786 0.0862612 0.0035923 0.3247178 0.2739106 0.0133836
124 I 124 0.0137129 0.0000000 0.0054392 0.0000000 0.0000000 0.0000000 0.0000000 0.0000000 0.0186248 0.6325434 0.0384238 0.0000000 0.0132626 0.0049888 0.0000000 0.0042023 0.0443034 0.0000000 0.0000000 0.2244989
125 C 125 0.0000000 0.0000000 0.0000000 0.0000000 0.9956862 0.0000000 0.0000000 0.0000000 0.0000000 0.0000000 0.0000000 0.0000000 0.0000000 0.0043138 0.0000000 0.0000000 0.0000000 0.0000000 0.0000000 0.0000000
126 N 126 0.0095062 0.0241535 0.0062246 0.0000000 0.0018148 0.1398546 0.2918419 0.0025903 0.0000000 0.0000000 0.0000000 0.3778960 0.0069578 0.0000000 0.0000000 0.1305667 0.0023326 0.0000000 0.0000000 0.0062611
127 K 127 0.0050578 0.1873872 0.0000000 0.0000000 0.0000000 0.0505824 0.0000000 0.0029114 0.0439855 0.0229780 0.0157820 0.5899474 0.0556623 0.0000000 0.0000000 0.0029219 0.0193683 0.0000000 0.0000000 0.0034157
128 P 128 0.0039687 0.1309483 0.0866589 0.0000000 0.0000000 0.0213362 0.0795584 0.0170908 0.0000000 0.0000000 0.0000000 0.2770910 0.0000000 0.0000000 0.3454074 0.0245716 0.0103932 0.0000000 0.0000000 0.0029756
129 Y 129 0.0439397 0.0000000 0.0000000 0.0000000 0.0000000 0.0325371 0.0054862 0.0000000 0.0000000 0.0192526 0.4857002 0.0049171 0.0519134 0.0519758 0.1534624 0.0349648 0.0241978 0.0074599 0.0644158 0.0197772
130 K 130 0.0000000 0.1921397 0.0000000 0.0000000 0.0000000 0.2010023 0.0000000 0.0000000 0.0000000 0.0000000 0.0000000 0.6068581 0.0000000 0.0000000 0.0000000 0.0000000 0.0000000 0.0000000 0.0000000 0.0000000
