  130         A         R         N         D         C         Q         E         G         H         I         L         K         M         F         P         S         T         W         Y         V         X    
  1 G   1 0.0122423 0.0000000 0.0000000 0.0000000 0.0000000 0.0000000 0.0000000 0.0434142 0.0000000 0.0000000 0.0000000 0.0000000 0.0000000 0.0000000 0.0000000 0.0000000 0.0000000 0.0000000 0.0000000 0.0000000 0.9443436
  2 Q   2 0.0031817 0.0116079 0.0080531 0.0013197 0.0000000 0.0999873 0.0020790 0.0000000 0.0018137 0.0000000 0.0062456 0.0017892 0.0000000 0.0045940 0.0000000 0.0029116 0.0015892 0.0000000 0.0000000 0.0000000 0.8548281
  3 Y   3 0.0012991 0.0066323 0.0000000 0.0028500 0.0015985 0.0021280 0.0301664 0.0050239 0.0047803 0.0026468 0.0359449 0.0057100 0.0307455 0.0087313 0.0010248 0.0061681 0.0071646 0.0000000 0.0216951 0.0103153 0.8153749
  4 T   4 0.0372913 0.0015839 0.0113958 0.0050441 0.0000000 0.0014423 0.0147623 0.0000000 0.0012327 0.0230112 0.0202538 0.0000000 0.0015760 0.0000000 0.0319795 0.0223312 0.0642669 0.0000000 0.0000000 0.0160327 0.7477964
  5 F   5 0.0157619 0.0031848 0.0037337 0.0022440 0.0064097 0.0051790 0.0054393 0.0000000 0.0043412 0.0455769 0.0334689 0.0048608 0.0023105 0.0318370 0.0337820 0.0255939 0.0122361 0.0000000 0.0045965 0.0419583 0.7174854
  6 S   6 0.0090680 0.0125712 0.0110358 0.0019463 0.0031949 0.0148670 0.0120861 0.0034416 0.0013718 0.0298214 0.0603015 0.0093073 0.0014183 0.0052617 0.0423120 0.0738408 0.0310917 0.0000000 0.0000000 0.0072495 0.6698131
  7 M   7 0.0201570 0.0065316 0.0018224 0.0017018 0.0163127 0.0194994 0.0090155 0.0000000 0.0212421 0.0352507 0.0791375 0.0314870 0.0194815 0.0060466 0.0618011 0.0117450 0.0125337 0.0013065 0.0021177 0.0162145 0.6265956
  8 P   8 0.0255414 0.0059742 0.0102196 0.0037048 0.0000000 0.0622116 0.0021543 0.0086837 0.0032856 0.0059464 0.0157203 0.0050603 0.0029397 0.0000000 0.1137577 0.1088628 0.0584454 0.0000000 0.0000000 0.0080774 0.5594147
  9 S   9 0.0213810 0.0097675 0.0507813 0.0032696 0.0000000 0.0076380 0.0231739 0.0311127 0.0035746 0.0051460 0.0063608 0.0865225 0.0010461 0.0025366 0.0274782 0.0915938 0.1053696 0.0000000 0.0000000 0.0127907 0.5104572
 10 D  10 0.0455348 0.0124814 0.0231158 0.0745776 0.0187920 0.0193063 0.1182705 0.1244477 0.0008083 0.0049105 0.0077431 0.0081877 0.0000000 0.0036861 0.0432615 0.0150901 0.0373407 0.0000000 0.0000000 0.0154319 0.4270140
 11 S  11 0.0404789 0.0282376 0.0142905 0.0183730 0.0408995 0.0431195 0.0069273 0.0208890 0.0493563 0.0043186 0.0122068 0.0381583 0.0020973 0.0033653 0.0488979 0.1610267 0.0428526 0.0000000 0.0129989 0.0123507 0.3991553
 12 H  12 0.0315055 0.0245672 0.0204581 0.0560857 0.0069268 0.0211319 0.0478891 0.0211402 0.0656603 0.0105756 0.0433014 0.0241339 0.0045957 0.0112216 0.0565506 0.0536542 0.0443784 0.0030508 0.0336138 0.0306667 0.3888926
 13 V  13 0.0317070 0.0254064 0.0050426 0.0120303 0.2241816 0.0143763 0.0081330 0.0259358 0.0091938 0.0072892 0.0147041 0.0245772 0.0115657 0.0028507 0.0282167 0.0329743 0.0544190 0.0399504 0.0239680 0.0448452 0.3586327
 14 S  14 0.0689642 0.0494890 0.0459321 0.0145657 0.0234084 0.0147910 0.0378489 0.1625211 0.0146566 0.0073932 0.0131924 0.0380862 0.0034067 0.0046903 0.0387223 0.1052555 0.0453696 0.0000000 0.0076340 0.0112608 0.2928118
 15 S  15 0.0301125 0.0308200 0.0148124 0.0047638 0.0851559 0.0232263 0.0224293 0.0871528 0.0455407 0.0078531 0.0209462 0.0219548 0.0024790 0.0088775 0.1265956 0.1224131 0.0769447 0.0000000 0.0048011 0.0213096 0.2418116
 16 C  16 0.0000000 0.0000000 0.0026837 0.0000000 0.8409123 0.0000000 0.0000000 0.0000000 0.0000000 0.0000000 0.0018438 0.0000000 0.0000000 0.0025292 0.0000000 0.0044482 0.0016685 0.0012040 0.0040700 0.0033694 0.1372708
 17 S  17 0.0241708 0.0142112 0.0031677 0.0564415 0.0000000 0.0243112 0.0424417 0.0065977 0.0019746 0.0013741 0.0209040 0.0112309 0.0000000 0.0016545 0.6012549 0.0600351 0.0052554 0.0000000 0.0008894 0.0029865 0.1210988
 18 E  18 0.0362390 0.0396733 0.0407541 0.1023616 0.0013524 0.0433679 0.1541572 0.0235453 0.0152023 0.0093579 0.0252975 0.1298286 0.0120080 0.0111528 0.0706044 0.0735039 0.0391761 0.0325214 0.0152743 0.0367437 0.0878785
 19 D  19 0.0109087 0.0082912 0.1136546 0.1583337 0.0000000 0.0099069 0.0682180 0.3737262 0.0373849 0.0000000 0.0112763 0.0340560 0.0041121 0.0140984 0.0022002 0.0540292 0.0183676 0.0000000 0.0047011 0.0000000 0.0767348
 20 W  20 0.0023196 0.0000000 0.0000000 0.0000000 0.0000000 0.0000000 0.0020102 0.0029042 0.0000000 0.0017447 0.0000000 0.0000000 0.0000000 0.0187625 0.0000000 0.0063428 0.0024713 0.8408055 0.0610492 0.0000000 0.0615900
 21 V  21 0.0180937 0.0366230 0.0152388 0.0255542 0.0000000 0.0215969 0.0351338 0.0051619 0.0329124 0.2190087 0.1136473 0.0953520 0.0252036 0.0352014 0.0000000 0.0431465 0.1143744 0.0066350 0.0052282 0.0995178 0.0523704
 22 G  22 0.0353162 0.0550300 0.0218215 0.0059911 0.0387487 0.0309878 0.0642747 0.1154416 0.0294145 0.0257493 0.0569428 0.0754416 0.0159301 0.0553924 0.0971845 0.0767126 0.0476992 0.0361754 0.0383052 0.0255842 0.0518566
 23 Y  23 0.0026951 0.0062652 0.0276467 0.0058679 0.0120721 0.0000000 0.0000000 0.0024329 0.1240096 0.0120457 0.0159257 0.0089983 0.0017148 0.3838893 0.0000000 0.0219664 0.0000000 0.0124124 0.2782232 0.0330961 0.0507387
 24 Q  24 0.0236754 0.1205962 0.0652235 0.0348993 0.0000000 0.2051205 0.0799453 0.2327005 0.0231669 0.0021510 0.0165254 0.0349506 0.0034275 0.0016601 0.0055732 0.0814591 0.0099495 0.0015991 0.0036618 0.0052821 0.0484329
 25 R  25 0.0068418 0.0616734 0.1548545 0.1124656 0.0179724 0.0123677 0.0526220 0.3034911 0.0096364 0.0178960 0.0076139 0.0253945 0.0010838 0.0108222 0.0089916 0.1015244 0.0322179 0.0010737 0.0062350 0.0091295 0.0460926
 26 K  26 0.0201962 0.0489303 0.1598576 0.0020482 0.0011512 0.0205483 0.0010616 0.0089956 0.1090364 0.0295231 0.0038848 0.2109616 0.0047876 0.0219182 0.0000000 0.2412175 0.0098162 0.0013138 0.0536811 0.0085134 0.0425571
 27 C  27 0.0000000 0.0029684 0.0000000 0.0000000 0.8858453 0.0141650 0.0060699 0.0000000 0.0013609 0.0000000 0.0107855 0.0000000 0.0009768 0.0126358 0.0000000 0.0101749 0.0057115 0.0000000 0.0039474 0.0024478 0.0429107
 28 Y  28 0.0000000 0.0000000 0.0000000 0.0000000 0.0000000 0.0000000 0.0020040 0.0000000 0.0048676 0.0020974 0.0076498 0.0000000 0.0000000 0.1310930 0.0000000 0.0000000 0.0000000 0.0000000 0.8194551 0.0000000 0.0328331
 29 F  29 0.0062165 0.0654580 0.0077682 0.0000000 0.0011149 0.0404908 0.0019261 0.0123321 0.0170179 0.0055701 0.0706890 0.1631310 0.0071457 0.1755122 0.0000000 0.0328822 0.0050726 0.0499427 0.3012752 0.0036217 0.0328331
 30 I  30 0.0545477 0.0010455 0.0010120 0.0000000 0.0000000 0.0045251 0.0040933 0.0000000 0.0283186 0.1622264 0.0744465 0.0022006 0.0139106 0.4749031 0.0110717 0.0012321 0.0126502 0.0000000 0.0515164 0.0694672 0.0328331
 31 S  31 0.0100663 0.0029822 0.0352896 0.0018319 0.0017347 0.0138823 0.0114897 0.0538453 0.0193321 0.0399357 0.0207098 0.0020440 0.0096658 0.1748007 0.0008911 0.4580612 0.0192442 0.0000000 0.0413643 0.0578145 0.0250145
 32 T  32 0.0464249 0.0630641 0.1215418 0.0535034 0.0000000 0.0497233 0.1267111 0.0157576 0.0183776 0.0120034 0.0190051 0.0999682 0.0275860 0.0139172 0.0328974 0.0892371 0.1435859 0.0023427 0.0057920 0.0347722 0.0237891
 33 V  33 0.0215681 0.0146517 0.0326283 0.1441313 0.0000000 0.0449415 0.2656108 0.0291103 0.0430610 0.0129366 0.0148261 0.0310569 0.0032271 0.0040254 0.0057890 0.1368891 0.1293143 0.0000000 0.0142104 0.0282331 0.0237891
 34 K  34 0.0477144 0.1192687 0.0325689 0.0129482 0.0000000 0.0705892 0.0927537 0.0461974 0.0092775 0.0138293 0.0539851 0.1789049 0.0230060 0.0084245 0.0579845 0.0863132 0.0940493 0.0038791 0.0090455 0.0156764 0.0235842
 35 R  35 0.0577524 0.1447326 0.0307026 0.0101899 0.0000000 0.0314322 0.0337074 0.0250310 0.0074656 0.0039005 0.0802862 0.3807765 0.0558017 0.0025074 0.0000000 0.0439819 0.0163691 0.0000000 0.0102995 0.0414793 0.0235842
 36 S  36 0.0251404 0.0090399 0.1780309 0.0635437 0.0000000 0.0130282 0.0056108 0.0157145 0.0011312 0.0307382 0.0022009 0.0147418 0.0037061 0.0041122 0.0341598 0.2172390 0.3542425 0.0000000 0.0027248 0.0030678 0.0218273
 37 W  37 0.0000000 0.0000000 0.0014131 0.0000000 0.0020673 0.0071796 0.0000000 0.0000000 0.0065713 0.0000000 0.0000000 0.0000000 0.0171070 0.0739814 0.0000000 0.0000000 0.0000000 0.8391505 0.0335076 0.0000000 0.0190223
 38 T  38 0.0769423 0.0287282 0.1181878 0.0879170 0.0000000 0.0316401 0.1276348 0.0087593 0.0704504 0.0237190 0.0188334 0.0516249 0.0067788 0.0149790 0.0369493 0.0946059 0.1248192 0.0000000 0.0299488 0.0266787 0.0208032
 39 S  39 0.0583047 0.0150936 0.0339744 0.2133209 0.0000000 0.0792944 0.3017055 0.0480776 0.0070578 0.0024903 0.0205273 0.0381662 0.0023300 0.0290580 0.0000000 0.0891025 0.0362180 0.0000000 0.0027535 0.0035029 0.0190223
 40 A  40 0.5598540 0.0000000 0.0000000 0.0000000 0.0313239 0.0000000 0.0000000 0.0317491 0.0000000 0.0000000 0.0000000 0.0000000 0.0000000 0.0000000 0.0000000 0.3580507 0.0000000 0.0000000 0.0000000 0.0000000 0.0190223
 41 Q  41 0.0487653 0.2325019 0.0187972 0.0231046 0.0000000 0.1749453 0.1647804 0.0015551 0.0091256 0.0126101 0.0927636 0.1123338 0.0076184 0.0049463 0.0000000 0.0218166 0.0081844 0.0064886 0.0090419 0.0315988 0.0190223
 42 N  42 0.1018744 0.1157456 0.0507327 0.0731497 0.0000000 0.1158289 0.0792896 0.0149589 0.0159546 0.0178862 0.0543290 0.1246445 0.0141561 0.0135165 0.0000000 0.0690245 0.0885249 0.0015328 0.0187088 0.0124881 0.0176543
 43 A  43 0.1662978 0.0391719 0.0725184 0.0521291 0.0014421 0.0292419 0.0429647 0.0000000 0.0323958 0.0280523 0.0224659 0.0196512 0.0124027 0.1735461 0.0000000 0.1064883 0.0501958 0.0073132 0.0930486 0.0322603 0.0184138
 44 C  44 0.0000000 0.0000000 0.0000000 0.0000000 0.9759327 0.0000000 0.0000000 0.0000000 0.0000000 0.0000000 0.0000000 0.0000000 0.0000000 0.0034067 0.0000000 0.0030064 0.0000000 0.0000000 0.0000000 0.0000000 0.0176543
 45 S  45 0.0930091 0.1393309 0.0125146 0.0142677 0.0010467 0.1600177 0.0693882 0.0299442 0.0231810 0.0468581 0.0636016 0.0829040 0.0358224 0.0054394 0.0000000 0.1175421 0.0418623 0.0020588 0.0067914 0.0367656 0.0176543
 46 E  46 0.1002912 0.0692568 0.0444467 0.0724042 0.0000000 0.0645157 0.1483122 0.0521332 0.0118917 0.0025663 0.0593708 0.0697874 0.0116025 0.0063046 0.0000000 0.2008205 0.0507551 0.0061390 0.0019562 0.0097917 0.0176543
 47 H  47 0.0336314 0.0654929 0.0410919 0.0687917 0.0030656 0.1627552 0.0801461 0.0092058 0.0728397 0.0319515 0.1224419 0.0945926 0.0823033 0.0148335 0.0000000 0.0204544 0.0038248 0.0010777 0.0398114 0.0321969 0.0194918
 48 G  48 0.0163688 0.0264340 0.1783693 0.0550879 0.0000000 0.0362590 0.0639967 0.4753693 0.0212258 0.0000000 0.0000000 0.0384579 0.0013513 0.0120660 0.0000000 0.0399510 0.0040194 0.0000000 0.0111813 0.0000000 0.0198623
 49 A  49 0.4694269 0.0000000 0.0000000 0.0014465 0.0039848 0.0000000 0.0000000 0.2490964 0.0000000 0.0000000 0.0129064 0.0000000 0.0023196 0.0026951 0.0000000 0.2283083 0.0086414 0.0000000 0.0000000 0.0030221 0.0181524
 50 T  50 0.0141703 0.0193943 0.0852429 0.1346395 0.0000000 0.0762766 0.0519644 0.0039297 0.2529876 0.0047630 0.0148307 0.0055182 0.0062915 0.0065808 0.0000000 0.1382674 0.1354635 0.0010817 0.0193004 0.0111451 0.0181524
 51 L  51 0.0000000 0.0000000 0.0000000 0.0000000 0.0000000 0.0000000 0.0000000 0.0000000 0.0000000 0.0087441 0.9449310 0.0000000 0.0093151 0.0077535 0.0000000 0.0000000 0.0000000 0.0000000 0.0000000 0.0111038 0.0181524
 52 A  52 0.3302360 0.0000000 0.0000000 0.0000000 0.0000000 0.0000000 0.0000000 0.0000000 0.0000000 0.0215229 0.2256618 0.0000000 0.0101895 0.0024132 0.0114264 0.0207307 0.0677981 0.0012300 0.0000000 0.2906392 0.0181524
 53 V  53 0.0088851 0.0154423 0.0020061 0.0061827 0.0017681 0.0399257 0.0032827 0.0018065 0.0135529 0.1281590 0.0282577 0.0906135 0.0684257 0.0072515 0.0000000 0.3317965 0.0715340 0.0000000 0.0207336 0.1448741 0.0155022
 54 I  54 0.0027665 0.0000000 0.0000000 0.0000000 0.0000000 0.0000000 0.0026862 0.0000000 0.0020790 0.6114763 0.0595172 0.0000000 0.0041904 0.0636732 0.0523551 0.0027037 0.0013341 0.0000000 0.0000000 0.1817162 0.0155022
 55 D  55 0.0200493 0.0509311 0.1523364 0.1751231 0.0007506 0.0495739 0.0802796 0.0264731 0.1233327 0.0076116 0.0606047 0.0610989 0.0094480 0.0023358 0.0113971 0.0360956 0.0817300 0.0000000 0.0152364 0.0155522 0.0200401
 56 S  56 0.0011585 0.0037538 0.1616779 0.2133350 0.0010189 0.0000000 0.0185119 0.0178098 0.0024187 0.0019815 0.0000000 0.0032165 0.0017239 0.0000000 0.0015985 0.4011060 0.1493529 0.0000000 0.0025221 0.0000000 0.0188140
 57 E  57 0.0848085 0.0949616 0.0279861 0.0330333 0.0000000 0.1277282 0.1901854 0.0068923 0.0211519 0.0330069 0.0499257 0.0764946 0.0166301 0.0087229 0.0899521 0.0517550 0.0200153 0.0123450 0.0135014 0.0219305 0.0189731
 58 K  58 0.0801199 0.0138957 0.0265978 0.0980161 0.0010138 0.0441666 0.4532563 0.0131096 0.0300971 0.0075805 0.0160353 0.0595601 0.0115371 0.0108444 0.0021537 0.0321115 0.0181959 0.0043703 0.0520636 0.0098637 0.0154111
 59 D  59 0.0039938 0.0000000 0.0020375 0.0477831 0.0000000 0.0145054 0.7654449 0.0016529 0.0071018 0.0096336 0.0056677 0.0187124 0.0000000 0.0018375 0.0000000 0.0118928 0.0611373 0.0000000 0.0000000 0.0314597 0.0171397
 60 M  60 0.0055322 0.0200715 0.1016265 0.0166193 0.0000000 0.3966298 0.0245541 0.0010595 0.0323465 0.0047359 0.1732110 0.0200580 0.1188203 0.0075585 0.0000000 0.0115616 0.0054518 0.0107717 0.0201916 0.0155593 0.0136409
 61 N  61 0.1561155 0.0404116 0.1366666 0.1611281 0.0000000 0.0328054 0.1075745 0.0244630 0.0186814 0.0152325 0.0165571 0.1089300 0.0153374 0.0038213 0.0020755 0.0675656 0.0535924 0.0000000 0.0036751 0.0210068 0.0143603
 62 F  62 0.0063347 0.0028944 0.0032133 0.0015529 0.0029755 0.0011730 0.0009478 0.0028347 0.0023256 0.0009426 0.0436701 0.0000000 0.0040184 0.7897013 0.0012888 0.0026949 0.0026396 0.0228404 0.0800850 0.0121931 0.0156736
 63 L  63 0.0149503 0.0000000 0.0000000 0.0000000 0.0000000 0.0000000 0.0000000 0.0000000 0.0000000 0.2118186 0.5364500 0.0000000 0.0444411 0.0108247 0.0000000 0.0018500 0.0068537 0.0015813 0.0000000 0.1548690 0.0163613
 64 K  64 0.0452564 0.0510018 0.0727386 0.0033984 0.0025489 0.1486341 0.0255204 0.0165125 0.0062536 0.0551547 0.0378135 0.1486669 0.0473963 0.0222441 0.0017338 0.0587530 0.1164494 0.0488864 0.0227667 0.0496672 0.0186033
 65 R  65 0.0324870 0.1699774 0.0790010 0.0528429 0.0020936 0.0923824 0.0378122 0.0450306 0.0193728 0.0051426 0.0388073 0.1118332 0.0073488 0.0098135 0.0173111 0.1896835 0.0324500 0.0000000 0.0111431 0.0068227 0.0386443
 66 Y  66 0.0192801 0.0356907 0.0622685 0.0072878 0.0007710 0.1075596 0.0071260 0.0073297 0.1013099 0.0590885 0.2272013 0.0098778 0.0216615 0.0597589 0.0000000 0.0232535 0.0446203 0.0056148 0.1360351 0.0122817 0.0519834
 67 A  67 0.0749937 0.0263639 0.0105326 0.0065127 0.0025961 0.0180501 0.0071774 0.0126667 0.0089292 0.1339777 0.1675018 0.0963412 0.0328928 0.0081021 0.0104754 0.1233830 0.1149945 0.0000000 0.0115297 0.0974512 0.0355282
 68 G  68 0.0131700 0.0731963 0.0900289 0.0469451 0.0073440 0.0259957 0.0167663 0.2428577 0.0145560 0.0372096 0.0200235 0.1237179 0.0060704 0.0014127 0.0209682 0.1204054 0.0127923 0.0020492 0.0572130 0.0245813 0.0426965
 69 R  69 0.0389909 0.1148831 0.0995250 0.0279266 0.0009593 0.0555895 0.0542255 0.0822389 0.0404449 0.0206968 0.0175646 0.0980229 0.0099774 0.0094728 0.0885515 0.1286643 0.0563090 0.0026475 0.0098969 0.0086638 0.0347490
 70 E  70 0.0491196 0.0654924 0.0404652 0.1123948 0.0024323 0.0420996 0.1071677 0.0292517 0.0059518 0.0220721 0.0331179 0.0904278 0.0104036 0.0563027 0.0131143 0.1937162 0.0369280 0.0025551 0.0239397 0.0384012 0.0246462
 71 E  71 0.0456826 0.0355969 0.1147409 0.1107685 0.0000000 0.0092480 0.0499193 0.0683217 0.0331047 0.0114499 0.0136091 0.0231248 0.0094898 0.0712988 0.0785280 0.0928226 0.0355865 0.0027023 0.1184374 0.0153537 0.0602146
 72 H  72 0.0336575 0.0049510 0.0009319 0.0000000 0.0084194 0.0407180 0.0000000 0.0000000 0.1253713 0.0198347 0.0545104 0.0024482 0.0066210 0.1891316 0.0024976 0.0336271 0.0902079 0.0068914 0.2511319 0.0585602 0.0704889
 73 W  73 0.0000000 0.0000000 0.0000000 0.0000000 0.0000000 0.0000000 0.0000000 0.0000000 0.0000000 0.0000000 0.0049117 0.0000000 0.0000000 0.0500810 0.0000000 0.0000000 0.0000000 0.9003580 0.0265483 0.0000000 0.0181010
 74 V  74 0.0017769 0.0000000 0.0000000 0.0000000 0.0000000 0.0000000 0.0000000 0.0000000 0.0000000 0.7108639 0.0789814 0.0000000 0.0653967 0.0332743 0.0000000 0.0000000 0.0330347 0.0000000 0.0000000 0.0570327 0.0196394
 75 G  75 0.0119160 0.0036833 0.0000000 0.0000000 0.0000000 0.0057047 0.0000000 0.9502880 0.0000000 0.0000000 0.0000000 0.0000000 0.0000000 0.0000000 0.0025292 0.0000000 0.0000000 0.0000000 0.0000000 0.0050089 0.0208698
 76 L  76 0.0067675 0.0000000 0.0000000 0.0000000 0.0019920 0.0000000 0.0000000 0.0170554 0.0000000 0.0110219 0.8415850 0.0000000 0.0396514 0.0186596 0.0000000 0.0028669 0.0000000 0.0000000 0.0026246 0.0388681 0.0189076
 77 K  77 0.0039808 0.0832150 0.2089477 0.0028161 0.0014961 0.0235053 0.0054051 0.0000000 0.1079418 0.0122976 0.0129305 0.0396982 0.0067014 0.0375366 0.0000000 0.2831595 0.1158088 0.0041713 0.0155095 0.0101953 0.0246834
 78 K  78 0.0160841 0.2183121 0.0641252 0.4740055 0.0013997 0.0090159 0.0054836 0.0012970 0.0000000 0.0126488 0.0148773 0.0394324 0.0057529 0.0104081 0.0000000 0.0342139 0.0047950 0.0000000 0.0530360 0.0082064 0.0269058
 79 E  79 0.0247799 0.0697976 0.1384620 0.0389174 0.0000000 0.1220136 0.1688211 0.0164174 0.0365856 0.0183363 0.0329122 0.0796625 0.0084103 0.0022643 0.0405980 0.0805618 0.0580094 0.0015416 0.0000000 0.0220866 0.0398223
 80 P  80 0.0209235 0.0885350 0.0680304 0.0450254 0.0000000 0.0486263 0.0679225 0.0580195 0.0218998 0.0120085 0.0188768 0.1011222 0.0173676 0.0030303 0.0594957 0.1733943 0.1071835 0.0036287 0.0020680 0.0460635 0.0367785
 81 G  81 0.0114538 0.0213682 0.0895643 0.1130001 0.0000000 0.0121986 0.4210145 0.1216941 0.0348317 0.0071236 0.0000000 0.0390568 0.0039166 0.0098340 0.0000000 0.0448535 0.0249559 0.0027883 0.0014063 0.0135138 0.0274259
 82 H  82 0.0115119 0.0919676 0.0556548 0.0270413 0.0013530 0.0932657 0.0548341 0.4143433 0.1015937 0.0000000 0.0044937 0.0370273 0.0125081 0.0036346 0.0000000 0.0435385 0.0029496 0.0012531 0.0056698 0.0017181 0.0356418
 83 P  83 0.0213195 0.0396010 0.0299977 0.0824684 0.0000000 0.0772309 0.0565116 0.0633729 0.0424842 0.0133891 0.0158673 0.0681453 0.0232078 0.0021086 0.1088393 0.1310984 0.1217317 0.0000000 0.0069505 0.0418452 0.0538309
 84 W  84 0.0011737 0.0023791 0.0011645 0.0000000 0.0000000 0.0056754 0.0000000 0.0046670 0.0011551 0.0000000 0.0170270 0.0000000 0.0015693 0.2515832 0.0011358 0.0000000 0.0035764 0.6134742 0.0662078 0.0017202 0.0274913
 85 K  85 0.0234308 0.1630949 0.0067479 0.0015991 0.0000000 0.1232689 0.0891732 0.0029738 0.0395048 0.0253178 0.0916398 0.1747189 0.0603937 0.0095090 0.0000000 0.0332352 0.0314562 0.0000000 0.0154057 0.0821207 0.0264096
 86 W  86 0.0000000 0.0036833 0.0000000 0.0000000 0.0000000 0.0000000 0.0000000 0.0000000 0.0000000 0.0000000 0.0000000 0.0000000 0.0000000 0.0019818 0.0000000 0.0195441 0.0104108 0.9356501 0.0030794 0.0000000 0.0256504
 87 S  87 0.0357402 0.0039064 0.0068827 0.0030783 0.0017437 0.0119282 0.1069772 0.0035661 0.0041720 0.1077613 0.0550573 0.0038716 0.0321797 0.0000000 0.0082843 0.1772992 0.1574815 0.0000000 0.0011610 0.2532588 0.0256504
 88 N  88 0.0000000 0.0026083 0.1452739 0.7648700 0.0000000 0.0000000 0.0165108 0.0197217 0.0016403 0.0000000 0.0000000 0.0033727 0.0000000 0.0000000 0.0013400 0.0152188 0.0025883 0.0000000 0.0000000 0.0000000 0.0268552
 89 G  89 0.0035569 0.0244141 0.1194072 0.0233637 0.0000000 0.0434495 0.0240191 0.6862561 0.0074203 0.0000000 0.0000000 0.0121149 0.0000000 0.0012137 0.0000000 0.0259426 0.0000000 0.0000000 0.0019869 0.0000000 0.0268552
 90 K  90 0.0144337 0.0065135 0.0120392 0.0231702 0.0014501 0.0095204 0.0278120 0.0044724 0.0063499 0.0056698 0.0482524 0.0210267 0.0130092 0.0008955 0.0067255 0.3966698 0.3372444 0.0052669 0.0009265 0.0316968 0.0268552
 91 E  91 0.0626937 0.0134229 0.0315002 0.0847793 0.0000000 0.0311780 0.0629925 0.0109835 0.0047714 0.0177725 0.0185831 0.0276578 0.0000000 0.0082062 0.3480564 0.0644500 0.1422262 0.0000000 0.0054064 0.0371496 0.0281702
 92 F  92 0.0000000 0.0010471 0.0019815 0.0000000 0.0092569 0.0011213 0.0000000 0.0000000 0.0031225 0.0000000 0.1865791 0.0000000 0.0053600 0.3330923 0.0050777 0.0076062 0.0013127 0.0088318 0.3811611 0.0281115 0.0263382
 93 N  93 0.0059145 0.0152752 0.2281831 0.0270642 0.0000000 0.0133944 0.0685849 0.0068594 0.0042365 0.0050826 0.0348142 0.0897365 0.0011093 0.0064296 0.0064878 0.1808895 0.2483272 0.0000000 0.0031172 0.0261193 0.0283747
 94 N  94 0.0202489 0.0259856 0.3864880 0.0123547 0.0032696 0.0139186 0.0278609 0.0141059 0.0572069 0.0106025 0.0463072 0.0511189 0.0043952 0.0407330 0.0668418 0.0786179 0.0137482 0.0000000 0.0910464 0.0029868 0.0321629
 95 W  95 0.0079087 0.0097548 0.0028187 0.0244560 0.0034881 0.0199561 0.0173990 0.0070071 0.0048883 0.0234186 0.0463311 0.0233931 0.0239508 0.0089325 0.0020191 0.0879138 0.0167177 0.6185954 0.0030343 0.0143658 0.0336509
 96 F  96 0.1372321 0.0837251 0.1263665 0.0187875 0.0000000 0.0221214 0.0147743 0.0499154 0.0684043 0.0717336 0.0613079 0.0247968 0.0051666 0.1590973 0.0058403 0.0324404 0.0236292 0.0026259 0.0224647 0.0350824 0.0344886
 97 N  97 0.0228006 0.0333462 0.1598126 0.0315750 0.0000000 0.0426514 0.0831834 0.0141104 0.0133520 0.0109842 0.0309511 0.0507042 0.0009927 0.0260999 0.2551841 0.0799192 0.0397999 0.0396749 0.0049777 0.0207928 0.0390877
 98 V  98 0.0110865 0.0116311 0.1664516 0.0483857 0.0000000 0.0266813 0.0365550 0.3038378 0.0185939 0.0989098 0.0576789 0.0144141 0.0137295 0.0128895 0.0250527 0.0468156 0.0224631 0.0018141 0.0124976 0.0314245 0.0390877
 99 T  99 0.0303618 0.0590867 0.0430005 0.0254497 0.0010465 0.1877451 0.2512177 0.0540623 0.0298541 0.0161541 0.0243158 0.0337845 0.0136463 0.0083169 0.0268684 0.0760689 0.0469202 0.0034420 0.0136561 0.0159146 0.0390877
100 G 100 0.0087699 0.0286866 0.0376763 0.0343064 0.0000000 0.0186430 0.0323576 0.3340271 0.0090524 0.0000000 0.0053447 0.0172253 0.0027914 0.0018181 0.3932607 0.0241456 0.0061639 0.0015837 0.0000000 0.0050596 0.0390877
101 S 101 0.0067226 0.0309474 0.2859708 0.0829788 0.0000000 0.0208986 0.0783330 0.1630049 0.0118685 0.0051460 0.0025700 0.0472896 0.0024554 0.0031644 0.0164237 0.1416783 0.0314516 0.0000000 0.0012958 0.0287130 0.0390877
102 D 102 0.0090079 0.0220010 0.0301735 0.0217205 0.0000000 0.0651134 0.5118792 0.1385927 0.0460095 0.0000000 0.0031699 0.0472028 0.0078024 0.0133670 0.0110683 0.0166030 0.0045160 0.0000000 0.0107878 0.0000000 0.0409850
103 K 103 0.0056438 0.0296541 0.1813723 0.3763096 0.0129238 0.0312431 0.0566317 0.0344167 0.0657512 0.0020422 0.0072866 0.0510038 0.0031847 0.0039321 0.0058752 0.0545306 0.0186268 0.0000000 0.0127429 0.0085713 0.0382576
104 C 104 0.0087450 0.0017773 0.0000000 0.0000000 0.9202106 0.0000000 0.0000000 0.0013983 0.0042985 0.0017133 0.0015505 0.0000000 0.0000000 0.0086639 0.0000000 0.0011215 0.0000000 0.0000000 0.0122636 0.0000000 0.0382576
105 V 105 0.3153167 0.0000000 0.0000000 0.0000000 0.0028101 0.0000000 0.0000000 0.0956088 0.0000000 0.0234399 0.0178841 0.0016171 0.0066047 0.0000000 0.0035004 0.0076195 0.0181604 0.0000000 0.0093857 0.4570037 0.0410490
106 F 106 0.0600596 0.0054457 0.0136893 0.0046779 0.0019215 0.0238722 0.1162251 0.0089930 0.0732654 0.0192833 0.0428355 0.0066401 0.0629651 0.0687091 0.0000000 0.0379732 0.0684568 0.0210122 0.1669880 0.1555579 0.0414290
107 L 107 0.0117295 0.0000000 0.0039367 0.0012578 0.0014522 0.0057047 0.0000000 0.0063931 0.0020152 0.2037757 0.2908993 0.0017133 0.2068642 0.0802559 0.0000000 0.0092454 0.0187509 0.0022680 0.0511319 0.0589070 0.0436991
108 K 108 0.0234261 0.0630984 0.1646073 0.0615871 0.0008816 0.0345791 0.0662144 0.0272894 0.0856568 0.0063384 0.0245714 0.0595936 0.0015324 0.0132278 0.0036636 0.1815183 0.0478654 0.0211560 0.0545841 0.0163357 0.0422732
109 N 109 0.0480147 0.0425232 0.0899106 0.1687403 0.0000000 0.0270073 0.0385872 0.0847969 0.0381368 0.0043887 0.0318864 0.0915985 0.0212066 0.0073767 0.0323032 0.1698075 0.0261903 0.0026026 0.0138924 0.0187571 0.0422732
110 T 110 0.0151937 0.0238810 0.0607870 0.0909628 0.0025553 0.0056035 0.0125502 0.4089031 0.0054001 0.0131528 0.0145634 0.0469252 0.0089918 0.0136064 0.0026442 0.0873129 0.0782658 0.0436042 0.0140232 0.0026973 0.0483760
111 E 111 0.0079859 0.1148107 0.0258342 0.0318235 0.0060540 0.0761390 0.0426879 0.2525800 0.0114080 0.0068461 0.0513570 0.1719335 0.0081602 0.0178835 0.0015324 0.0565716 0.0341911 0.0021346 0.0269913 0.0096599 0.0434155
112 V 112 0.0199508 0.0000000 0.0012814 0.0000000 0.0024655 0.0000000 0.0000000 0.0075124 0.0000000 0.0970128 0.0889052 0.0000000 0.0036316 0.0122820 0.0000000 0.0000000 0.0123015 0.6439846 0.0000000 0.0660689 0.0446034
113 S 113 0.0427751 0.0386650 0.4112588 0.0375469 0.0000000 0.0300959 0.0273142 0.0219208 0.0323607 0.0088333 0.0144271 0.0415125 0.0059066 0.0236538 0.0000000 0.1043361 0.0264013 0.0000000 0.0535270 0.0332942 0.0461707
114 S 114 0.0502765 0.0064120 0.0380972 0.5344895 0.0000000 0.0008424 0.0030472 0.0046046 0.0013609 0.0116817 0.0116561 0.0023215 0.0011348 0.0012459 0.0187843 0.1640580 0.0703213 0.0000000 0.0046226 0.0288728 0.0461707
115 M 115 0.1686484 0.0343271 0.0324556 0.0897413 0.0019977 0.0360111 0.0767465 0.0384639 0.0125345 0.0563000 0.0453852 0.0312517 0.0221196 0.0238880 0.0000000 0.0818064 0.0526730 0.0058117 0.0187633 0.1237422 0.0473326
116 E 116 0.0251126 0.1075525 0.0944234 0.1001697 0.0000000 0.0280826 0.0487289 0.0251665 0.0250284 0.0054735 0.0239046 0.0377846 0.0078311 0.0400394 0.1581871 0.1375721 0.0240880 0.0030006 0.0239051 0.0360992 0.0478500
117 C 117 0.0019815 0.0045109 0.0043713 0.0093746 0.8928344 0.0000000 0.0027766 0.0111384 0.0038488 0.0024721 0.0000000 0.0000000 0.0000000 0.0000000 0.0000000 0.0043289 0.0021697 0.0000000 0.0000000 0.0090335 0.0511594
118 E 118 0.0166951 0.0212175 0.1237250 0.1314650 0.0000000 0.0409800 0.1282901 0.0857741 0.0301204 0.0101549 0.0285659 0.0203668 0.0015052 0.0209615 0.0039646 0.1627209 0.0535182 0.0015044 0.0611648 0.0039308 0.0533749
119 K 119 0.0528022 0.0617017 0.0745306 0.0386281 0.0017647 0.0422156 0.0581011 0.0130610 0.0194411 0.0497718 0.0454009 0.0840722 0.0176518 0.0300469 0.0000000 0.1157099 0.0938278 0.0098958 0.0753261 0.0626758 0.0533749
120 N 120 0.0311712 0.0492597 0.0501175 0.0466066 0.0000000 0.0397550 0.0976631 0.0097738 0.0584145 0.0113388 0.0668679 0.1371808 0.0082973 0.0115803 0.0916214 0.0973189 0.0849986 0.0066676 0.0214199 0.0265723 0.0533749
121 L 121 0.0255347 0.1275022 0.1050256 0.0008845 0.0018499 0.0409322 0.0160854 0.0000000 0.0652057 0.0387639 0.1833068 0.0976035 0.0290282 0.0607992 0.0000000 0.0213963 0.0146343 0.0018448 0.1120316 0.0041964 0.0533749
122 Y 122 0.0311619 0.1186409 0.0563925 0.0205662 0.0020309 0.0164604 0.0028009 0.1379151 0.0490605 0.0132872 0.0298024 0.1083103 0.0029873 0.0590442 0.1284210 0.0561087 0.0441943 0.0000000 0.0647519 0.0019920 0.0560714
123 W 123 0.0133792 0.0201851 0.0000000 0.0000000 0.0301097 0.0000000 0.0000000 0.0032674 0.0042005 0.0000000 0.0133465 0.0000000 0.0000000 0.1984129 0.0027987 0.0836031 0.0033487 0.2947107 0.2628083 0.0122480 0.0575811
124 I 124 0.0127599 0.0000000 0.0049842 0.0000000 0.0000000 0.0000000 0.0000000 0.0000000 0.0171622 0.5968368 0.0361225 0.0000000 0.0123392 0.0046301 0.0000000 0.0037679 0.0422253 0.0000000 0.0000000 0.2101060 0.0590659
125 C 125 0.0000000 0.0000000 0.0000000 0.0000000 0.9361150 0.0000000 0.0000000 0.0000000 0.0000000 0.0000000 0.0000000 0.0000000 0.0000000 0.0029296 0.0000000 0.0000000 0.0000000 0.0000000 0.0000000 0.0000000 0.0609554
126 N 126 0.0088054 0.0222166 0.0053620 0.0000000 0.0015990 0.1275946 0.2556341 0.0023196 0.0000000 0.0000000 0.0000000 0.3485514 0.0062489 0.0000000 0.0000000 0.1171445 0.0020586 0.0000000 0.0000000 0.0054647 0.0970007
127 K 127 0.0035935 0.1368060 0.0000000 0.0000000 0.0000000 0.0367217 0.0000000 0.0020336 0.0308678 0.0160551 0.0109964 0.4176051 0.0393441 0.0000000 0.0000000 0.0020773 0.0138466 0.0000000 0.0000000 0.0023842 0.2876687
128 P 128 0.0017148 0.0527522 0.0380298 0.0000000 0.0000000 0.0094297 0.0350031 0.0078302 0.0000000 0.0000000 0.0000000 0.1258391 0.0000000 0.0000000 0.1501051 0.0118189 0.0045206 0.0000000 0.0000000 0.0012500 0.5617066
129 Y 129 0.0089227 0.0000000 0.0000000 0.0000000 0.0000000 0.0066427 0.0011684 0.0000000 0.0000000 0.0042144 0.1041899 0.0010385 0.0111701 0.0112227 0.0330928 0.0071551 0.0053604 0.0015837 0.0138140 0.0042618 0.7861629
130 K 130 0.0000000 0.0123093 0.0000000 0.0000000 0.0000000 0.0127760 0.0000000 0.0000000 0.0000000 0.0000000 0.0000000 0.0400565 0.0000000 0.0000000 0.0000000 0.0000000 0.0000000 0.0000000 0.0000000 0.0000000 0.9348581
