  146         A         R         N         D         C         Q         E         G         H         I         L         K         M         F         P         S         T         W         Y         V    
  1 M   1 0.0000000 0.0000000 0.0000000 0.0000000 0.0000000 0.0000000 0.0000000 0.0000000 0.0000000 0.0000000 0.0615743 0.0000000 0.9384257 0.0000000 0.0000000 0.0000000 0.0000000 0.0000000 0.0000000 0.0000000
  2 R   2 0.0355360 0.0772379 0.1814604 0.1014725 0.0000000 0.0103866 0.0741585 0.0296811 0.0000000 0.0142468 0.0159857 0.0506232 0.0000000 0.0000000 0.0095990 0.2641263 0.1172695 0.0000000 0.0000000 0.0182165
  3 Q   3 0.0086914 0.0345421 0.0498440 0.1444428 0.0000000 0.1390506 0.2667643 0.0226916 0.0442920 0.0163483 0.0055749 0.1524463 0.0168619 0.0000000 0.0221899 0.0178786 0.0297180 0.0104460 0.0032598 0.0149574
  4 L   4 0.0719308 0.0407545 0.0481611 0.0310007 0.0000000 0.0436152 0.0277378 0.0125388 0.0059664 0.0974638 0.2537982 0.0490572 0.0754798 0.0068093 0.0194140 0.0560248 0.0416704 0.0000000 0.0643779 0.0541995
  5 A   5 0.1487102 0.0354431 0.0435535 0.0768093 0.0000000 0.0212940 0.2376471 0.0180873 0.0115997 0.0763847 0.0266585 0.0151080 0.0424076 0.0332387 0.0388716 0.0665925 0.0600814 0.0000000 0.0197984 0.0277146
  6 K   6 0.0108086 0.0410578 0.0946861 0.0149097 0.0075533 0.0884263 0.2066466 0.0000000 0.0728986 0.0184823 0.0944088 0.1668395 0.0000000 0.0266432 0.0607185 0.0330646 0.0156630 0.0000000 0.0359960 0.0111969
  7 D   7 0.0167807 0.1142686 0.0153760 0.2002330 0.0020891 0.1520233 0.2382027 0.0063723 0.0038598 0.0251901 0.0193268 0.1251299 0.0023689 0.0000000 0.0123544 0.0311206 0.0176190 0.0000000 0.0000000 0.0176847
  8 I   8 0.0096119 0.0539979 0.0149972 0.0000000 0.0000000 0.0235385 0.0067699 0.0024653 0.0023161 0.1787486 0.5288330 0.0021207 0.0435989 0.0234013 0.0051923 0.0156644 0.0168398 0.0036234 0.0000000 0.0682808
  9 N   9 0.0187515 0.0148043 0.0823874 0.3558769 0.0000000 0.0212054 0.2504266 0.0228077 0.0050505 0.0131650 0.0173472 0.0285606 0.0188804 0.0091837 0.0114449 0.0724594 0.0319434 0.0000000 0.0071816 0.0185234
 10 A  10 0.0463403 0.0985955 0.1390619 0.1120164 0.0164745 0.1004622 0.1378634 0.0283358 0.0448403 0.0207211 0.0143191 0.0962112 0.0050459 0.0000000 0.0283859 0.0446670 0.0535053 0.0000000 0.0073204 0.0058339
 11 F  11 0.0277205 0.0199519 0.0222595 0.0150138 0.0390913 0.2096089 0.0291877 0.0096796 0.0412492 0.0127086 0.1478211 0.0313963 0.0224787 0.0622904 0.0178917 0.1935822 0.0346906 0.0057234 0.0355529 0.0221018
 12 L  12 0.0102209 0.0000000 0.0052828 0.0033945 0.0000000 0.0139438 0.0051931 0.0000000 0.0000000 0.2011509 0.4865996 0.0018710 0.0265709 0.0553860 0.0000000 0.0017839 0.0017109 0.0000000 0.0014379 0.1854538
 13 N  13 0.0372070 0.0436599 0.1718951 0.0059814 0.2162652 0.0169036 0.0302177 0.3012520 0.0129389 0.0040567 0.0060026 0.0151734 0.0031602 0.0172785 0.0128080 0.0501011 0.0257070 0.0000000 0.0100697 0.0193220
 14 E  14 0.0100223 0.0856988 0.0049829 0.0581624 0.0013032 0.0599978 0.0888928 0.0144648 0.0567685 0.0124510 0.0295649 0.0375947 0.0100384 0.3201610 0.0059195 0.0120624 0.0222146 0.0212888 0.1295543 0.0188570
 15 V  15 0.1735304 0.0186340 0.0030816 0.0024178 0.0027567 0.0282691 0.0037483 0.0022041 0.0085434 0.1519212 0.2911478 0.0159206 0.0150811 0.0150884 0.0427002 0.0486424 0.0205961 0.0244623 0.0389794 0.0922751
 16 I  16 0.0248393 0.0115703 0.0045067 0.0000000 0.0000000 0.0047273 0.0053917 0.0029278 0.0061065 0.1497134 0.5433048 0.0077118 0.0536749 0.0806642 0.0000000 0.0131110 0.0071553 0.0055091 0.0127394 0.0663466
 17 L  17 0.0837315 0.0657976 0.0618189 0.0074330 0.0000000 0.0168510 0.0231808 0.0434937 0.0467029 0.0241895 0.0728480 0.0410193 0.0134530 0.0230061 0.0000000 0.0990803 0.0691385 0.0087466 0.1912512 0.1082580
 18 Q  18 0.1029626 0.2373352 0.0199562 0.0449679 0.0036700 0.0493038 0.0547810 0.0132085 0.0165378 0.0306532 0.0544842 0.1298123 0.0283573 0.0218280 0.0000000 0.1056439 0.0194531 0.0000000 0.0079598 0.0590851
 19 A  19 0.3402970 0.0013212 0.0110882 0.0000000 0.0194510 0.0055062 0.0104797 0.0051016 0.0000000 0.1071577 0.1443377 0.0027846 0.0099599 0.0575906 0.0000000 0.0497306 0.0859752 0.0021043 0.0058397 0.1412746
 20 E  20 0.1664730 0.0381255 0.0766989 0.0101530 0.0044872 0.0466413 0.0574731 0.0239312 0.0359829 0.0101776 0.0296832 0.0365683 0.0377402 0.0886751 0.0035766 0.1798668 0.0454605 0.0058865 0.0899116 0.0124875
 21 N  21 0.0229697 0.2685449 0.1869896 0.0235501 0.0000000 0.0987339 0.0360712 0.0218236 0.0886196 0.0060304 0.0602843 0.0896053 0.0061892 0.0097133 0.0017489 0.0348714 0.0229756 0.0046485 0.0048863 0.0117441
 22 Q  22 0.1972563 0.0927021 0.0306204 0.0347247 0.0016822 0.0677738 0.0787502 0.0134494 0.0247721 0.0375002 0.1287096 0.1018289 0.0147342 0.0263631 0.0000000 0.0629735 0.0441166 0.0046823 0.0045047 0.0328557
 23 H  23 0.0462676 0.0229625 0.0120364 0.0015006 0.0012212 0.0096925 0.0200945 0.0270273 0.0804749 0.1488053 0.1489790 0.0290590 0.1477835 0.0640708 0.0000000 0.0136064 0.0162779 0.0015433 0.0352686 0.1733286
 24 E  24 0.0212727 0.1462605 0.0805961 0.0549493 0.0079640 0.0401233 0.0951049 0.0352132 0.0280692 0.0256764 0.0672760 0.0443054 0.0232082 0.0423124 0.0013683 0.1034760 0.1089091 0.0149264 0.0120731 0.0469154
 25 I  25 0.0804307 0.2089015 0.0476580 0.0437290 0.0030849 0.0849628 0.0748171 0.0349815 0.0225109 0.0399532 0.0461491 0.1182407 0.0272508 0.0039538 0.0018765 0.0661617 0.0454876 0.0121346 0.0058411 0.0318746
 26 L  26 0.1314301 0.0777208 0.0228703 0.0161573 0.0123264 0.0213150 0.0579050 0.0087537 0.0256361 0.1117938 0.1907765 0.0382551 0.0490257 0.0180241 0.0067856 0.0267533 0.0253067 0.0381394 0.0501679 0.0708574
 27 I  27 0.0560064 0.0087835 0.0057068 0.0064495 0.0077795 0.0115629 0.1082222 0.0208992 0.0082924 0.0506451 0.1478526 0.0036240 0.0463989 0.1272720 0.0094680 0.0239981 0.0286452 0.0088659 0.2438176 0.0757102
 28 G  28 0.0780097 0.1495801 0.0888160 0.1107615 0.0000000 0.0711916 0.1208408 0.0814747 0.0336200 0.0104447 0.0129364 0.1241540 0.0047753 0.0118038 0.0084670 0.0555033 0.0218262 0.0028436 0.0024178 0.0105335
 29 H  29 0.0986217 0.1302410 0.0238974 0.0411821 0.0020995 0.0928247 0.1190679 0.0189858 0.0389195 0.0052008 0.0080530 0.1228407 0.0056373 0.0066148 0.1696808 0.0694771 0.0332096 0.0000000 0.0035220 0.0099245
 30 C  30 0.1115578 0.0793683 0.0236370 0.0205582 0.0480476 0.0312772 0.0743054 0.0135174 0.0479304 0.0282722 0.1765145 0.0295894 0.0325363 0.0502002 0.0020756 0.0747788 0.0328746 0.0038501 0.0553121 0.0637971
 31 T  31 0.0485077 0.0042618 0.0065348 0.0083627 0.0156047 0.0306534 0.0095741 0.0321014 0.0032363 0.0607664 0.5149884 0.0052435 0.0464883 0.0737698 0.0000000 0.0146663 0.0414580 0.0000000 0.0138673 0.0699149
 32 S  32 0.1643514 0.1305364 0.0286083 0.0829488 0.0026481 0.0548457 0.1592101 0.0301938 0.0060439 0.0080829 0.0071594 0.1520476 0.0020840 0.0022642 0.0000000 0.1176704 0.0437080 0.0000000 0.0012991 0.0062979
 33 E  33 0.0682622 0.0580603 0.0186497 0.1217461 0.0088185 0.0607023 0.2124304 0.0651001 0.0123542 0.0077809 0.0026880 0.0924285 0.0000000 0.0128162 0.1949656 0.0346338 0.0212981 0.0000000 0.0019072 0.0053577
 34 V  34 0.0080498 0.0133098 0.0149836 0.0041481 0.0019946 0.0154522 0.0113479 0.0171770 0.1036043 0.0460456 0.2908002 0.0438979 0.0320640 0.1099821 0.0025441 0.0505314 0.0270175 0.0051665 0.1472184 0.0546651
 35 A  35 0.0148260 0.0065468 0.0638882 0.2533929 0.0000000 0.0303505 0.0367513 0.5050356 0.0081112 0.0054820 0.0012502 0.0342953 0.0000000 0.0000000 0.0204729 0.0175462 0.0020510 0.0000000 0.0000000 0.0000000
 36 L  36 0.0000000 0.0038928 0.0000000 0.0000000 0.0000000 0.0000000 0.0000000 0.0000000 0.0045460 0.2550245 0.5999771 0.0000000 0.0174014 0.0151107 0.0030864 0.0016723 0.0000000 0.0000000 0.0137859 0.0855028
 37 T  37 0.0041001 0.0049757 0.0565337 0.0071105 0.0023521 0.0103456 0.0000000 0.0119191 0.0240300 0.0000000 0.0018418 0.0022533 0.0000000 0.0012533 0.0028546 0.1574474 0.6620675 0.0000000 0.0492260 0.0016894
 38 N  38 0.0649187 0.0379910 0.0659680 0.0062232 0.0000000 0.0234131 0.0049950 0.0497890 0.0302803 0.0530245 0.0754438 0.0032105 0.0228175 0.0232067 0.2416331 0.0350673 0.0266780 0.0029659 0.1781152 0.0542591
 39 T  39 0.1313794 0.0100511 0.0272228 0.0106147 0.0000000 0.0392384 0.0195535 0.1234047 0.0012786 0.0028290 0.0041728 0.0320103 0.0096349 0.0062425 0.2706188 0.0945312 0.1888008 0.0031386 0.0000000 0.0252779
 40 Q  40 0.0070056 0.0073900 0.0000000 0.0356389 0.0000000 0.7162927 0.1906774 0.0038451 0.0076941 0.0000000 0.0111456 0.0127439 0.0000000 0.0018485 0.0000000 0.0038889 0.0000000 0.0000000 0.0000000 0.0018295
 41 E  41 0.0504842 0.0000000 0.0021111 0.0054467 0.0000000 0.0038736 0.0530765 0.0395238 0.0063653 0.0754229 0.0226673 0.0000000 0.0905892 0.2162835 0.0213607 0.0157485 0.0010366 0.1312619 0.2216079 0.0431402
 42 H  42 0.0461358 0.0672143 0.0106469 0.0422405 0.0021448 0.0274012 0.0125741 0.0940763 0.2419187 0.0450704 0.1717238 0.0434762 0.0193075 0.0210974 0.0358399 0.0359902 0.0115642 0.0055771 0.0120082 0.0539927
 43 I  43 0.1170379 0.0000000 0.0000000 0.0000000 0.0155208 0.0000000 0.0000000 0.0045634 0.0000000 0.1380358 0.1107061 0.0000000 0.0144026 0.0099477 0.0243314 0.0023033 0.1177236 0.0000000 0.0039209 0.4415065
 44 L  44 0.0000000 0.0000000 0.0000000 0.0000000 0.0032817 0.0000000 0.0000000 0.0000000 0.0000000 0.1805557 0.6164599 0.0000000 0.1703873 0.0068295 0.0000000 0.0000000 0.0000000 0.0000000 0.0000000 0.0224859
 45 M  45 0.0940137 0.0488352 0.0297578 0.0582609 0.0276052 0.0271247 0.1494725 0.0248741 0.0121787 0.0287285 0.1672612 0.0243296 0.1385288 0.0424548 0.0000000 0.0335613 0.0214215 0.0029470 0.0238299 0.0448145
 46 L  46 0.1722126 0.0266726 0.0030514 0.0018438 0.0663609 0.0238889 0.0132015 0.0015545 0.0279869 0.0485787 0.1927390 0.0135218 0.0405750 0.0266535 0.0000000 0.0331048 0.0635724 0.0315788 0.0237929 0.1891100
 47 L  47 0.0019824 0.0000000 0.0000000 0.0000000 0.0016242 0.0000000 0.0000000 0.0000000 0.0000000 0.2088068 0.7175872 0.0000000 0.0124487 0.0000000 0.0000000 0.0000000 0.0000000 0.0084797 0.0000000 0.0490710
 48 S  48 0.0948920 0.0655563 0.0249348 0.0099458 0.0014940 0.0123798 0.0269032 0.1867662 0.0512399 0.0000000 0.0056665 0.0122164 0.0154147 0.0069479 0.0000000 0.1185930 0.0178122 0.2852720 0.0565287 0.0074365
 49 E  49 0.0238090 0.0918418 0.0332179 0.0514767 0.0070694 0.0910544 0.2997096 0.0332713 0.1349535 0.0044905 0.0200225 0.1215899 0.0373199 0.0000000 0.0042839 0.0291388 0.0088071 0.0000000 0.0025939 0.0053497
 50 E  50 0.0212360 0.0213143 0.0416434 0.2106145 0.0000000 0.0418938 0.2591128 0.2513250 0.0277599 0.0000000 0.0013681 0.0462805 0.0015116 0.0048086 0.0102049 0.0477491 0.0066427 0.0000000 0.0046608 0.0018739
 51 S  51 0.0475972 0.0360312 0.0276100 0.0746526 0.0173401 0.0157198 0.0415858 0.3872966 0.0259408 0.0025680 0.0018899 0.0314066 0.0019823 0.0045402 0.2313844 0.0355300 0.0094188 0.0000000 0.0008282 0.0066775
 52 L  52 0.0479106 0.0470314 0.0145299 0.0074812 0.0507674 0.1090341 0.0036792 0.0026416 0.0029925 0.1323567 0.2583246 0.0324470 0.0976111 0.0000000 0.0262782 0.0216099 0.0310699 0.0000000 0.0150135 0.0992210
 53 T  53 0.0131353 0.0884905 0.0760109 0.0025306 0.0047986 0.0043601 0.0000000 0.0231528 0.0044395 0.0059575 0.0184080 0.0353954 0.0027098 0.0014991 0.0840668 0.1635856 0.4684501 0.0013648 0.0016445 0.0000000
 54 N  54 0.0413567 0.0000000 0.0545238 0.0000000 0.0032178 0.1851624 0.0000000 0.0089231 0.0020131 0.0804872 0.0382542 0.0000000 0.1505811 0.0076982 0.1606094 0.0191202 0.0141694 0.0000000 0.0000000 0.2338834
 55 S  55 0.0927156 0.0569461 0.0335129 0.0050438 0.0043307 0.0461514 0.0060476 0.1411267 0.0081038 0.0107771 0.0032362 0.1900392 0.0042450 0.0187165 0.0000000 0.2413484 0.1092004 0.0000000 0.0000000 0.0284584
 56 E  56 0.0610930 0.0294579 0.0035002 0.1461520 0.0016570 0.1185514 0.4816969 0.0181209 0.0104694 0.0000000 0.0043125 0.0277875 0.0022356 0.0118937 0.0000000 0.0305108 0.0303460 0.0000000 0.0053548 0.0168605
 57 M  57 0.0040268 0.0000000 0.0000000 0.0000000 0.0015623 0.0000000 0.0000000 0.0000000 0.0019353 0.2762260 0.6400879 0.0000000 0.0104444 0.0023740 0.0000000 0.0000000 0.0019644 0.0000000 0.0000000 0.0613788
 58 A  58 0.5348776 0.0050637 0.0000000 0.0015877 0.0254811 0.0030408 0.0027486 0.2301094 0.0000000 0.0182963 0.0051999 0.0125456 0.0026435 0.0009711 0.0000000 0.1323558 0.0059437 0.0000000 0.0107703 0.0083648
 59 R  59 0.0869608 0.1635557 0.0371652 0.0994316 0.0036656 0.0526322 0.2992303 0.0212083 0.0100719 0.0029436 0.0030345 0.1503889 0.0012445 0.0000000 0.0000000 0.0414786 0.0194421 0.0021170 0.0000000 0.0054290
 60 R  60 0.0752399 0.2363817 0.0123352 0.0166494 0.0024579 0.0338251 0.0748031 0.0016045 0.0350968 0.0329445 0.0728071 0.2437925 0.0295948 0.0043000 0.0015577 0.0354745 0.0397380 0.0027757 0.0171850 0.0314366
 61 L  61 0.0290810 0.0013997 0.0025779 0.0000000 0.0191112 0.0037939 0.0000000 0.0025571 0.0012302 0.0649094 0.5936456 0.0000000 0.1300278 0.0207098 0.0000000 0.0223275 0.0470756 0.0014286 0.0100824 0.0500423
 62 N  62 0.0383110 0.0404582 0.0878262 0.0695294 0.0116783 0.0310450 0.0479399 0.1963841 0.0657694 0.0010512 0.0971048 0.0570428 0.0528079 0.0459868 0.0000000 0.0661590 0.0049440 0.0011119 0.0710796 0.0137704
 63 V  63 0.0136246 0.0033346 0.0000000 0.0000000 0.0231341 0.0121096 0.0000000 0.0000000 0.0022646 0.2189344 0.3413972 0.0361386 0.0590564 0.0061322 0.0000000 0.0072281 0.0253895 0.0000000 0.0153274 0.2359287
 64 S  64 0.0676080 0.0154149 0.0073301 0.3556420 0.0000000 0.0139264 0.0943053 0.0111475 0.0028641 0.0000000 0.0032958 0.0373669 0.0000000 0.0000000 0.0000000 0.1111203 0.2640585 0.0000000 0.0000000 0.0159201
 65 Q  65 0.0633016 0.0652316 0.0358046 0.0000000 0.0190839 0.0561160 0.0070094 0.0302017 0.0000000 0.0038257 0.0336795 0.0996541 0.0143962 0.0055053 0.1851973 0.2470167 0.0875136 0.0000000 0.0074222 0.0390405
 66 A  66 0.1524854 0.0123456 0.0107115 0.0000000 0.0000000 0.0050660 0.0000000 0.4551728 0.0000000 0.0170173 0.0000000 0.0066952 0.0025266 0.0000000 0.0731075 0.2327940 0.0260366 0.0000000 0.0000000 0.0060417
 67 A  67 0.2061609 0.0028814 0.0682079 0.0000000 0.0000000 0.0045929 0.0000000 0.0281288 0.0021563 0.0000000 0.0106164 0.0000000 0.0000000 0.0000000 0.0020439 0.1315732 0.5423013 0.0013371 0.0000000 0.0000000
 68 V  68 0.0296055 0.0000000 0.0000000 0.0000000 0.0053893 0.0000000 0.0000000 0.0000000 0.0000000 0.1745074 0.3453967 0.0000000 0.1435735 0.0000000 0.0000000 0.0016176 0.0638657 0.0000000 0.0000000 0.2360442
 69 T  69 0.0320194 0.0000000 0.0069425 0.0000000 0.0043072 0.0062068 0.0000000 0.0190239 0.0000000 0.0000000 0.0000000 0.0000000 0.0000000 0.0000000 0.0000000 0.1665626 0.7455172 0.0000000 0.0000000 0.0194204
 70 K  70 0.0274547 0.2208299 0.0215316 0.0290937 0.0000000 0.0272475 0.0034234 0.1460561 0.0124003 0.0234506 0.0151413 0.0865899 0.0036286 0.0016377 0.1817667 0.0300430 0.0602472 0.0000000 0.0380690 0.0713887
 71 A  71 0.1172950 0.0348317 0.0026814 0.0000000 0.0023574 0.0248721 0.0000000 0.0053338 0.0000000 0.1250587 0.3281153 0.0017938 0.1303041 0.0000000 0.0000000 0.0565306 0.0494552 0.0000000 0.0027255 0.1186455
 72 I  72 0.0268185 0.0000000 0.0000000 0.0000000 0.0052148 0.0000000 0.0000000 0.0000000 0.0000000 0.2329811 0.4231860 0.0000000 0.0230252 0.0022649 0.0000000 0.0124037 0.0103729 0.0000000 0.0000000 0.2637328
 73 K  73 0.0100459 0.0319219 0.0751686 0.4911908 0.0030710 0.0282064 0.0196855 0.0047262 0.0000000 0.0000000 0.0000000 0.2988132 0.0000000 0.0046242 0.0000000 0.0207429 0.0102895 0.0000000 0.0000000 0.0015138
 74 S  74 0.0176098 0.5838453 0.0421517 0.0013918 0.0022928 0.0169200 0.0019812 0.0277394 0.0083324 0.0018848 0.0075167 0.2166040 0.0028814 0.0000000 0.0015241 0.0579233 0.0080579 0.0000000 0.0013434 0.0000000
 75 L  75 0.0015401 0.0000000 0.0000000 0.0000000 0.0000000 0.0000000 0.0000000 0.0000000 0.0000000 0.0064883 0.7770188 0.0000000 0.1929703 0.0042492 0.0000000 0.0024821 0.0068050 0.0000000 0.0000000 0.0084461
 76 V  76 0.0256145 0.0066041 0.0000000 0.0052784 0.0034075 0.0358821 0.6779558 0.0009839 0.0035634 0.0416436 0.0298749 0.0000000 0.0013930 0.0000000 0.0000000 0.0097102 0.0124202 0.0035400 0.0035084 0.1386200
 77 K  77 0.1913698 0.1062197 0.0349997 0.0400636 0.0074246 0.0702992 0.0899644 0.0282871 0.0060445 0.0026001 0.0046392 0.3091430 0.0011567 0.0013008 0.0012386 0.0658504 0.0287086 0.0000000 0.0000000 0.0106900
 78 E  78 0.1646980 0.1025365 0.0592619 0.0291858 0.0021187 0.0629179 0.0527123 0.0237069 0.0094833 0.0015931 0.0447545 0.3552542 0.0226883 0.0058884 0.0000000 0.0463606 0.0112049 0.0015706 0.0013411 0.0027230
 79 G  79 0.0087281 0.0053181 0.0317455 0.0397153 0.0000000 0.0235788 0.0734142 0.7886756 0.0040660 0.0000000 0.0000000 0.0155356 0.0000000 0.0000000 0.0018847 0.0073382 0.0000000 0.0000000 0.0000000 0.0000000
 80 M  80 0.0013965 0.0050358 0.0000000 0.0000000 0.0033658 0.0016467 0.0000000 0.0000000 0.0222586 0.0071577 0.5269204 0.0044730 0.0541985 0.1226525 0.0000000 0.0000000 0.0027358 0.0634748 0.1806280 0.0040560
 81 L  81 0.0256186 0.0000000 0.0000000 0.0000000 0.0074942 0.0000000 0.0000000 0.0000000 0.0000000 0.2530060 0.1735675 0.0000000 0.0048512 0.0000000 0.0000000 0.0000000 0.0024373 0.0000000 0.0000000 0.5330251
 82 E  82 0.0550179 0.1344497 0.0182761 0.0220939 0.0066184 0.0567025 0.2791680 0.0028618 0.0106759 0.0366685 0.0323523 0.0598362 0.0075622 0.0026639 0.0000000 0.0445316 0.1321559 0.0000000 0.0200436 0.0783214
 83 T  83 0.0094023 0.9034598 0.0000000 0.0000000 0.0000000 0.0053893 0.0065006 0.0066511 0.0000000 0.0000000 0.0015586 0.0269437 0.0000000 0.0000000 0.0044769 0.0185177 0.0138252 0.0000000 0.0000000 0.0032747
 84 S  84 0.0455305 0.1573886 0.0216230 0.0073496 0.0128911 0.0827262 0.1303965 0.0172438 0.0200107 0.0512670 0.0302505 0.0717830 0.0094875 0.0069135 0.0000000 0.0724624 0.1038695 0.0015877 0.0268869 0.1303320
 85 K  85 0.0756523 0.4397802 0.0102257 0.0071865 0.0000000 0.0455306 0.0057060 0.0021718 0.0138747 0.0098002 0.0085427 0.0734849 0.0035689 0.0030808 0.2123144 0.0242936 0.0371163 0.0016466 0.0000000 0.0260239
 86 D  86 0.0187774 0.0094012 0.0798196 0.4214681 0.0515093 0.0032188 0.0135765 0.0253009 0.0648953 0.0081837 0.0147885 0.0092734 0.0011716 0.0000000 0.0018256 0.2678699 0.0042536 0.0000000 0.0010730 0.0035937
 87 S  87 0.0780567 0.0192220 0.0174922 0.0350797 0.0040724 0.0438730 0.1873115 0.0064083 0.0055705 0.0083778 0.0151943 0.0615028 0.0022981 0.0016570 0.3870250 0.0595917 0.0495726 0.0000000 0.0000000 0.0176945
 88 K  88 0.0833436 0.0338990 0.1111483 0.1266193 0.0016933 0.0751843 0.2172308 0.0304153 0.0297035 0.0064223 0.0082443 0.0861230 0.0011235 0.0044225 0.0019552 0.0675907 0.0865000 0.0000000 0.0000000 0.0283812
 89 D  89 0.0000000 0.0000000 0.0798007 0.8935768 0.0049193 0.0000000 0.0000000 0.0000000 0.0050660 0.0000000 0.0000000 0.0000000 0.0000000 0.0000000 0.0000000 0.0144807 0.0000000 0.0000000 0.0000000 0.0021565
 90 A  90 0.0477293 0.5659068 0.0251417 0.0059583 0.0000000 0.0278165 0.1690173 0.0368577 0.0055216 0.0000000 0.0000000 0.0883949 0.0027797 0.0000000 0.0000000 0.0193438 0.0055325 0.0000000 0.0000000 0.0000000
 91 R  91 0.0000000 0.9636766 0.0000000 0.0000000 0.0000000 0.0000000 0.0000000 0.0000000 0.0000000 0.0000000 0.0000000 0.0212102 0.0000000 0.0000000 0.0000000 0.0052062 0.0032969 0.0000000 0.0000000 0.0066100
 92 V  92 0.1339578 0.0623117 0.0085866 0.0000000 0.0096647 0.0552650 0.0337814 0.0285695 0.0015601 0.0823364 0.0105809 0.0303593 0.0176600 0.0040632 0.0000000 0.1281278 0.0157272 0.0000000 0.0075325 0.3699159
 93 I  93 0.0042160 0.0242506 0.0254969 0.0016642 0.0050472 0.0244514 0.0000000 0.0000000 0.0117186 0.1171949 0.0577815 0.0348111 0.0142050 0.0475737 0.0000000 0.0351974 0.0792067 0.0145823 0.0355426 0.4670601
 94 F  94 0.0114079 0.2393953 0.0565701 0.0052447 0.0047956 0.0353355 0.0428681 0.0000000 0.0529573 0.0655103 0.1829514 0.0372592 0.0206766 0.0280995 0.0000000 0.0144233 0.0207882 0.0090159 0.1172065 0.0554947
 95 Y  95 0.0548004 0.0000000 0.0000000 0.0000000 0.0053267 0.0000000 0.0000000 0.0000000 0.0000000 0.2987000 0.2050800 0.0000000 0.0073093 0.0358923 0.0000000 0.0000000 0.0012672 0.0073925 0.0289304 0.3553012
 96 Q  96 0.0841135 0.1023725 0.0131602 0.0184146 0.0268180 0.0413856 0.1233569 0.0333382 0.0674541 0.0027731 0.0079275 0.0322169 0.0024382 0.0597962 0.0000000 0.1499483 0.0735860 0.0111924 0.1126087 0.0370991
 97 L  97 0.0273887 0.0000000 0.0000000 0.0000000 0.0000000 0.0000000 0.0000000 0.0000000 0.0000000 0.0610231 0.8620474 0.0023370 0.0055185 0.0013699 0.0122877 0.0013569 0.0073219 0.0000000 0.0023574 0.0169914
 98 T  98 0.0046908 0.0027674 0.0000000 0.0013323 0.0000000 0.0017596 0.0023842 0.0000000 0.0000000 0.0000000 0.0262484 0.0044425 0.0011779 0.0000000 0.0000000 0.0281676 0.9270294 0.0000000 0.0000000 0.0000000
 99 D  99 0.0818445 0.0100326 0.0062179 0.2265682 0.0011317 0.0229623 0.3512132 0.0316667 0.0093754 0.0000000 0.0000000 0.0622485 0.0016895 0.0000000 0.1532758 0.0263485 0.0143103 0.0000000 0.0000000 0.0011148
100 L 100 0.1563251 0.0680065 0.0119309 0.0341716 0.0000000 0.0670874 0.1869960 0.0068194 0.0106814 0.0028874 0.0369348 0.3434537 0.0017069 0.0033694 0.0042555 0.0323953 0.0263455 0.0000000 0.0040132 0.0026200
101 A 101 0.0737199 0.0000000 0.0000000 0.0017311 0.0017065 0.0000000 0.0000000 0.8902475 0.0000000 0.0023554 0.0000000 0.0000000 0.0017995 0.0062998 0.0000000 0.0171995 0.0000000 0.0000000 0.0017535 0.0031872
102 R 102 0.0605294 0.3391365 0.0156058 0.0157292 0.0026747 0.0984957 0.0863063 0.0057297 0.0311382 0.0278611 0.0443050 0.2001073 0.0088625 0.0044616 0.0000000 0.0167308 0.0214825 0.0009586 0.0040209 0.0158643
103 P 103 0.2620051 0.0778269 0.0095976 0.0520833 0.0000000 0.0718339 0.1718647 0.0208888 0.0099249 0.0049624 0.0403260 0.1180736 0.0051009 0.0000000 0.0554820 0.0389535 0.0352219 0.0000000 0.0022899 0.0235645
104 I 104 0.1284949 0.0049396 0.0025000 0.0000000 0.0000000 0.0066739 0.0040507 0.0017323 0.0047707 0.1335699 0.4638185 0.0190471 0.0420832 0.0295260 0.0000000 0.0048024 0.0285495 0.0041400 0.0012378 0.1200634
105 A 105 0.1609657 0.1278201 0.0029300 0.0143787 0.0295070 0.0487264 0.0356374 0.0029735 0.0287963 0.0993969 0.0658739 0.0827400 0.0250964 0.0695622 0.0000000 0.0228378 0.0099246 0.0152877 0.1053819 0.0521636
106 E 106 0.1034845 0.1298095 0.0219206 0.1212996 0.0077692 0.0700753 0.2657233 0.0336545 0.0207898 0.0043682 0.0228283 0.0773377 0.0025364 0.0053370 0.0275259 0.0435310 0.0235504 0.0020489 0.0093554 0.0070546
107 E 107 0.0856382 0.0985636 0.0124799 0.0359381 0.0012151 0.1138788 0.2592041 0.0109000 0.0514171 0.0438103 0.0426016 0.1251493 0.0041177 0.0030531 0.0094907 0.0254430 0.0321842 0.0000000 0.0087727 0.0361424
108 H 108 0.2420029 0.0054228 0.0000000 0.0022898 0.0179864 0.0029268 0.0000000 0.0089957 0.2449845 0.0950060 0.1726176 0.0051128 0.0329845 0.0115138 0.0000000 0.0107204 0.0119817 0.0031632 0.0062502 0.1260410
109 H 109 0.1046509 0.0527057 0.0313327 0.0809676 0.0076562 0.0423072 0.1446116 0.0104252 0.0409644 0.0423641 0.0724801 0.0610064 0.0256327 0.0625260 0.0748768 0.0318035 0.0490845 0.0073582 0.0092808 0.0479654
110 H 110 0.1328611 0.0867858 0.0165901 0.0683120 0.0264196 0.0767926 0.0737038 0.0347645 0.0645170 0.0060540 0.0061502 0.1141037 0.0018620 0.0075762 0.1779938 0.0526974 0.0275399 0.0000000 0.0108510 0.0144252
111 H 111 0.0504667 0.0192024 0.0077425 0.0070194 0.0062253 0.0110806 0.0143329 0.0100701 0.0405021 0.2191360 0.1923497 0.0273793 0.0312693 0.1178126 0.0062999 0.0208820 0.0094918 0.0061437 0.0374176 0.1651760
112 H 112 0.0207973 0.0683582 0.0155542 0.0117520 0.0000000 0.0220117 0.0068937 0.0224411 0.3876470 0.0167041 0.0440381 0.0038674 0.0106301 0.0436815 0.2035048 0.0333638 0.0109495 0.0169885 0.0252106 0.0356064
113 E 113 0.1026227 0.1239309 0.0548163 0.0541899 0.0044283 0.1157200 0.2351679 0.0451828 0.0264931 0.0050842 0.0148022 0.0928949 0.0064713 0.0055432 0.0160412 0.0461379 0.0321455 0.0000000 0.0032694 0.0150583
114 H 114 0.1158022 0.0740010 0.0269839 0.0872720 0.0337498 0.1034039 0.1911062 0.0270815 0.0286530 0.0258571 0.0259138 0.1213387 0.0213292 0.0018917 0.0142676 0.0464415 0.0351728 0.0000000 0.0013760 0.0183579
115 T 115 0.1336911 0.0247246 0.0018732 0.0012775 0.0143029 0.0128914 0.0040951 0.0274316 0.0111019 0.1313148 0.1342468 0.0084660 0.1887563 0.0199579 0.0000000 0.0225572 0.0788857 0.0303676 0.0185666 0.1354918
116 L 116 0.0937806 0.0419115 0.0330741 0.0472021 0.0179680 0.0558169 0.0484820 0.0278503 0.0175352 0.1003011 0.1997292 0.0246078 0.0338779 0.0375974 0.0116520 0.0300105 0.0300360 0.0039856 0.0119129 0.1326688
117 L 117 0.1532448 0.0908013 0.0539817 0.0838358 0.0642981 0.0904571 0.1580799 0.0557770 0.0423624 0.0018919 0.0059789 0.0683317 0.0000000 0.0037107 0.0038334 0.0649962 0.0382454 0.0000000 0.0024421 0.0177317
118 T 118 0.1592130 0.0898133 0.0559071 0.0236124 0.0246165 0.0258742 0.0333858 0.0231988 0.0397823 0.0385255 0.0983922 0.0529549 0.0202496 0.0565575 0.0047180 0.0357851 0.0547288 0.0043770 0.0369740 0.1213341
119 Y 119 0.0312936 0.0220587 0.0514086 0.0427216 0.0036179 0.0212411 0.0893232 0.0124993 0.0508826 0.1114487 0.1598358 0.0051922 0.0430344 0.0557351 0.0066524 0.0407072 0.0961994 0.0051269 0.0973396 0.0536816
120 E 120 0.0656241 0.0705690 0.0941501 0.0796338 0.0098612 0.0975268 0.2277954 0.0596665 0.0318267 0.0114321 0.0266380 0.1087622 0.0057981 0.0160431 0.0069649 0.0550806 0.0202540 0.0000000 0.0045287 0.0078446
121 Q 121 0.1120062 0.1179104 0.0265166 0.0890851 0.0167533 0.1314701 0.2454773 0.0194363 0.0202389 0.0077112 0.0126316 0.0746477 0.0096304 0.0000000 0.0087605 0.0684534 0.0222876 0.0000000 0.0000000 0.0169835
122 V 122 0.1285576 0.0264099 0.0039559 0.0071980 0.0145306 0.0166161 0.0058907 0.0059476 0.0040213 0.1285579 0.2456845 0.0054417 0.0589050 0.0883036 0.0217071 0.0185399 0.0618299 0.0000000 0.0118830 0.1460195
123 A 123 0.0273125 0.0060042 0.0014466 0.0000000 0.0141930 0.0043962 0.0014128 0.0053647 0.0000000 0.0669961 0.4445572 0.0045493 0.0489566 0.1931700 0.0081244 0.0075288 0.0929479 0.0082651 0.0095507 0.0552241
124 T 124 0.2156139 0.0505932 0.0458143 0.0918059 0.0042042 0.0541675 0.1249001 0.0668439 0.0132151 0.0037387 0.0040910 0.1045860 0.0027491 0.0030498 0.0013644 0.1838918 0.0234898 0.0000000 0.0000000 0.0058814
125 Q 125 0.0480172 0.0561426 0.0877407 0.0898962 0.0071704 0.0482711 0.0419667 0.3762391 0.0378878 0.0039021 0.0053428 0.0451919 0.0036890 0.0017466 0.0327237 0.0415760 0.0186171 0.0000000 0.0061149 0.0477640
126 F 126 0.0035588 0.0012763 0.0000000 0.0000000 0.0123952 0.0000000 0.0000000 0.0018006 0.0012104 0.0632765 0.4843676 0.0000000 0.0812013 0.2960091 0.0000000 0.0000000 0.0022221 0.0031148 0.0294684 0.0200989
127 T 127 0.0181009 0.0047323 0.0430945 0.1261704 0.0017006 0.0064021 0.0303312 0.0124833 0.0018428 0.0000000 0.0019096 0.0077003 0.0011525 0.0000000 0.0327097 0.4226829 0.2870358 0.0000000 0.0000000 0.0019511
128 P 128 0.1216749 0.0172187 0.0160379 0.1530259 0.0021068 0.0478310 0.2284684 0.0192809 0.0060484 0.0095333 0.0351207 0.0412831 0.0074858 0.0012740 0.2015641 0.0413148 0.0261560 0.0000000 0.0032740 0.0213013
129 N 129 0.1024942 0.0094149 0.0189814 0.1820386 0.0000000 0.0432648 0.4904066 0.0200208 0.0071322 0.0013382 0.0017576 0.0333603 0.0012503 0.0000000 0.0072401 0.0452899 0.0311303 0.0000000 0.0000000 0.0048799
130 E 130 0.0048126 0.0012519 0.0000000 0.1108142 0.0000000 0.0759220 0.7867554 0.0029841 0.0022475 0.0000000 0.0000000 0.0040636 0.0000000 0.0033959 0.0019006 0.0024452 0.0034072 0.0000000 0.0000000 0.0000000
131 Q 131 0.0498324 0.1602216 0.0010565 0.0032317 0.0014104 0.1370388 0.0230040 0.0023640 0.0083898 0.0984674 0.2170537 0.0928825 0.0308877 0.0349837 0.0000000 0.0107185 0.0244204 0.0104466 0.0148297 0.0787605
132 K 132 0.1869594 0.0628027 0.0295386 0.0945223 0.0054362 0.0900253 0.2198491 0.0309788 0.0055632 0.0145222 0.0316949 0.0851451 0.0078613 0.0020519 0.0113349 0.0247212 0.0413615 0.0000000 0.0010174 0.0546139
133 V 133 0.1246262 0.0215731 0.0108394 0.0222813 0.0014756 0.1758624 0.0788015 0.0058985 0.0249472 0.0467439 0.0687736 0.0230563 0.0257797 0.0313684 0.0000000 0.0363929 0.1648044 0.0000000 0.0000000 0.1367756
134 I 134 0.0436678 0.0000000 0.0000000 0.0000000 0.0042190 0.0000000 0.0000000 0.0000000 0.0072821 0.0851579 0.6301790 0.0023318 0.0453655 0.1290394 0.0000000 0.0045078 0.0126972 0.0013601 0.0000000 0.0341924
135 Q 135 0.0619269 0.1539894 0.0282308 0.0201174 0.0093566 0.0413403 0.0760495 0.0353636 0.0210672 0.1277534 0.1223743 0.1226018 0.0211423 0.0169438 0.0000000 0.0349401 0.0431702 0.0024709 0.0188362 0.0423252
136 R 136 0.0794491 0.2224645 0.0417199 0.1107386 0.0027569 0.0640628 0.1027607 0.0611512 0.0299820 0.0037133 0.0122378 0.1178253 0.0106403 0.0021450 0.0033059 0.0693443 0.0444245 0.0000000 0.0067200 0.0145580
137 F 137 0.0659501 0.0126731 0.0103110 0.0108083 0.0236481 0.0256011 0.0142523 0.0297508 0.0041829 0.0731707 0.3619045 0.0014985 0.0506975 0.1192772 0.0000000 0.0658405 0.0530269 0.0053818 0.0263078 0.0457166
138 L 138 0.0044038 0.0009694 0.0000000 0.0000000 0.0166150 0.0074815 0.0027666 0.0000000 0.0000000 0.0345310 0.8126126 0.0015994 0.0254597 0.0454967 0.0000000 0.0034439 0.0048100 0.0000000 0.0087514 0.0310590
139 T 139 0.0438240 0.1362475 0.0549987 0.0790209 0.0028740 0.0701615 0.1378847 0.0493828 0.0302098 0.0191087 0.0289934 0.1482551 0.0120118 0.0016815 0.0000000 0.0598844 0.0947906 0.0000000 0.0114042 0.0192663
140 A 140 0.0622175 0.2796617 0.0427838 0.0293884 0.0000000 0.0586633 0.0139159 0.0100949 0.0144360 0.0085942 0.0163008 0.3843930 0.0019941 0.0033513 0.0000000 0.0169739 0.0325074 0.0000000 0.0009509 0.0237729
141 L 141 0.0169844 0.0000000 0.0000000 0.0000000 0.0000000 0.0023928 0.0000000 0.0000000 0.0000000 0.1852228 0.4588534 0.0000000 0.1304317 0.0637927 0.0000000 0.0067626 0.0052232 0.0074085 0.0074296 0.1154983
142 V 142 0.0687359 0.1155526 0.0887262 0.0171358 0.0091109 0.0204492 0.0461679 0.0146711 0.0302683 0.1175818 0.1893025 0.0237638 0.0029644 0.0092756 0.0000000 0.0600057 0.0463484 0.0000000 0.0479213 0.0920186
143 G 143 0.1554199 0.0613273 0.0720181 0.1865383 0.0000000 0.0722461 0.1741437 0.0879509 0.0179838 0.0030722 0.0046859 0.0671715 0.0000000 0.0000000 0.0000000 0.0535293 0.0367061 0.0000000 0.0033747 0.0038322
144 E 144 0.0969066 0.0617521 0.3471625 0.0238454 0.0019584 0.0192072 0.1150924 0.0266043 0.0399507 0.0166129 0.0072462 0.0390159 0.0120813 0.0919174 0.0000000 0.0450466 0.0145628 0.0072816 0.0142445 0.0195112
145 I 145 0.0278542 0.0000000 0.0000000 0.0000000 0.0000000 0.0000000 0.0000000 0.0000000 0.0000000 0.1109343 0.5411390 0.0000000 0.0708636 0.1620687 0.0000000 0.0000000 0.0059082 0.0065061 0.0082680 0.0664580
146 K 146 0.0000000 0.1905466 0.0000000 0.0000000 0.0000000 0.1598236 0.4072693 0.0000000 0.0000000 0.0000000 0.0000000 0.2423605 0.0000000 0.0000000 0.0000000 0.0000000 0.0000000 0.0000000 0.0000000 0.0000000
