  133         A         R         N         D         C         Q         E         G         H         I         L         K         M         F         P         S         T         W         Y         V    
  1 M   1 0.0000000 0.0000000 0.0000000 0.0000000 0.0000000 0.0000000 0.0000000 0.0000000 0.0000000 0.2115253 0.1990664 0.0000000 0.0891714 0.0000000 0.0000000 0.0000000 0.0000000 0.0000000 0.0398639 0.4603730
  2 D   2 0.0083030 0.0000000 0.1020190 0.2957960 0.0000000 0.0091247 0.5328434 0.0000000 0.0000000 0.0000000 0.0000000 0.0212164 0.0000000 0.0000000 0.0000000 0.0306975 0.0000000 0.0000000 0.0000000 0.0000000
  3 N   3 0.0093570 0.0000000 0.0715586 0.1129422 0.0000000 0.0411027 0.1330589 0.0045475 0.0000000 0.0000000 0.0000000 0.5132465 0.0000000 0.0000000 0.0000000 0.0894501 0.0206618 0.0000000 0.0000000 0.0040747
  4 K   4 0.0381838 0.0079273 0.0458166 0.0602432 0.0143147 0.0305482 0.1785025 0.0277028 0.0000000 0.0091562 0.0000000 0.2094476 0.0101862 0.0037676 0.0086782 0.0724183 0.0499338 0.0000000 0.0079725 0.2252005
  5 T   5 0.0391712 0.1439775 0.0810006 0.0606004 0.0000000 0.0375484 0.1379533 0.0173831 0.0077095 0.0354414 0.0189866 0.1985032 0.0000000 0.0000000 0.0424492 0.0173032 0.0973959 0.0000000 0.0000000 0.0645766
  6 T   6 0.0620954 0.0070143 0.0262758 0.1242751 0.0000000 0.0347611 0.1200124 0.0372603 0.0184900 0.0116116 0.1808979 0.0517076 0.0052047 0.0000000 0.1153669 0.0529805 0.1350728 0.0000000 0.0000000 0.0169737
  7 N   7 0.1567979 0.0000000 0.0380856 0.2816928 0.0000000 0.0157430 0.0789902 0.0116230 0.0209954 0.0019776 0.0077699 0.1117984 0.0032214 0.0000000 0.0309603 0.1167715 0.0943187 0.0000000 0.0000000 0.0292540
  8 T   8 0.1157366 0.0132237 0.0525042 0.0221581 0.0291023 0.0099234 0.0383389 0.0174263 0.1215466 0.0047164 0.0019987 0.1003692 0.0032495 0.0074138 0.0977452 0.1870956 0.1717933 0.0000000 0.0023842 0.0032740
  9 T   9 0.1008136 0.0035910 0.0365841 0.0000000 0.0043465 0.0637143 0.0000000 0.0417788 0.0015075 0.0072807 0.0040131 0.3108635 0.0093707 0.0000000 0.0453183 0.0941858 0.2468192 0.0000000 0.0000000 0.0298130
 10 P  10 0.0235411 0.0000000 0.0033036 0.0000000 0.0000000 0.0158646 0.0000000 0.0282703 0.0030139 0.0000000 0.0032035 0.0061055 0.0000000 0.0000000 0.8540136 0.0430066 0.0196773 0.0000000 0.0000000 0.0000000
 11 S  11 0.3635488 0.0108446 0.0021798 0.0046449 0.0000000 0.0293323 0.0256554 0.0795704 0.0000000 0.0042128 0.0273846 0.0645535 0.0046864 0.0023909 0.0333896 0.2029510 0.0657833 0.0000000 0.0088363 0.0700353
 12 F  12 0.0054814 0.0000000 0.0043775 0.0000000 0.0000000 0.0000000 0.0000000 0.0000000 0.0000000 0.0137675 0.0354325 0.0000000 0.0000000 0.6455762 0.0048657 0.0100647 0.0047621 0.0000000 0.2682693 0.0074031
 13 S  13 0.0228382 0.0000000 0.0365820 0.0000000 0.0000000 0.0282103 0.0000000 0.0188209 0.0000000 0.0000000 0.0127559 0.0026031 0.0037201 0.0000000 0.0106781 0.6606090 0.1945353 0.0000000 0.0000000 0.0086471
 14 F  14 0.0000000 0.0000000 0.0000000 0.0139718 0.0000000 0.0046539 0.0000000 0.0030897 0.0000000 0.0213000 0.0358936 0.0000000 0.0283174 0.8259512 0.0060417 0.0109332 0.0058100 0.0000000 0.0245951 0.0194425
 15 G  15 0.0656525 0.0000000 0.0100472 0.0025310 0.0000000 0.0000000 0.0000000 0.7894783 0.0000000 0.0273000 0.0030978 0.0181039 0.0000000 0.0042801 0.0000000 0.0435629 0.0264083 0.0000000 0.0095380 0.0000000
 16 A  16 0.2042304 0.0106303 0.0279472 0.0077775 0.0000000 0.0375191 0.0096086 0.2131410 0.0092468 0.0426367 0.0459446 0.0491207 0.0231039 0.0251597 0.0144358 0.1042932 0.0863306 0.0000000 0.0000000 0.0888738
 17 K  17 0.0267919 0.1027439 0.0461143 0.0106571 0.0000000 0.0574493 0.0000000 0.0234720 0.0000000 0.0035154 0.0169114 0.3817946 0.0061843 0.0048373 0.1105531 0.1117408 0.0927022 0.0000000 0.0017921 0.0027402
 18 S  18 0.0891826 0.0089701 0.0534147 0.0184611 0.0023588 0.0196816 0.0480118 0.0454772 0.0759184 0.0025963 0.0388339 0.1271650 0.0057564 0.0000000 0.1145748 0.1475576 0.1597309 0.0000000 0.0210718 0.0212371
 19 D  19 0.1059105 0.0029989 0.1103816 0.2257653 0.0000000 0.1131985 0.1307222 0.0198089 0.0166416 0.0059316 0.0177756 0.0396337 0.0012863 0.0057961 0.0709102 0.0736645 0.0461463 0.0000000 0.0000000 0.0134281
 20 E  20 0.1192150 0.0234220 0.0377962 0.0918179 0.0000000 0.0664189 0.1085152 0.0289384 0.0180083 0.0336521 0.0709504 0.0481521 0.0055163 0.0000000 0.1663196 0.0527202 0.0701941 0.0000000 0.0000000 0.0583634
 21 N  21 0.0789714 0.0241705 0.0580115 0.1007739 0.0000000 0.0470855 0.2501134 0.0353107 0.0363678 0.0071533 0.0154047 0.1565952 0.0000000 0.0022262 0.0139017 0.0732690 0.0829263 0.0000000 0.0000000 0.0177189
 22 K  22 0.0267956 0.0182411 0.0183867 0.0437049 0.0000000 0.0349123 0.0793250 0.0187280 0.0412876 0.0059856 0.0208832 0.5147911 0.0023946 0.0000000 0.0479277 0.0316184 0.0661134 0.0000000 0.0045290 0.0243760
 23 A  23 0.0673133 0.0032622 0.0213627 0.0751086 0.0038074 0.0512179 0.1288236 0.0130223 0.0024675 0.0213513 0.0031906 0.1056311 0.0000000 0.0207317 0.2777412 0.0502731 0.0468128 0.0000000 0.0034617 0.1044210
 24 G  24 0.1082493 0.0694177 0.0993544 0.1037618 0.0000000 0.0083170 0.1126650 0.0378928 0.0041029 0.0183462 0.0073159 0.0780728 0.0000000 0.0055310 0.0657311 0.2085042 0.0582072 0.0000000 0.0000000 0.0145308
 25 A  25 0.1310262 0.0033884 0.0425790 0.1309278 0.0101466 0.0449378 0.0701692 0.0288251 0.0124096 0.0153070 0.0829034 0.0850368 0.0027339 0.0030134 0.0495770 0.1203366 0.1460220 0.0000000 0.0122704 0.0083900
 26 T  26 0.1551811 0.0000000 0.0338863 0.1529051 0.0000000 0.0176202 0.0264037 0.0087524 0.0036209 0.0350935 0.0072104 0.0420439 0.0000000 0.0097866 0.0604774 0.1357688 0.2466078 0.0000000 0.0057898 0.0588524
 27 S  27 0.1074245 0.0057018 0.0383992 0.0168818 0.0000000 0.0047071 0.0253918 0.0356988 0.0697978 0.0049900 0.0018180 0.0362909 0.0000000 0.0039174 0.3053295 0.2075081 0.1210047 0.0000000 0.0000000 0.0151388
 28 K  28 0.2360067 0.0035863 0.0446642 0.0047486 0.0000000 0.0327996 0.0061835 0.0476189 0.0000000 0.0075555 0.0109228 0.2775958 0.0025341 0.0073136 0.0429356 0.0971979 0.1783370 0.0000000 0.0000000 0.0000000
 29 P  29 0.0360592 0.0089718 0.0027241 0.0000000 0.0000000 0.0177333 0.0000000 0.0358346 0.0000000 0.0035314 0.0000000 0.0073439 0.0000000 0.0143211 0.7563255 0.0880552 0.0261659 0.0000000 0.0000000 0.0029342
 30 A  30 0.3539125 0.0094661 0.0050527 0.0081790 0.0000000 0.0172201 0.0147467 0.2212809 0.0000000 0.0045521 0.0154390 0.0423709 0.0120341 0.0177782 0.0229882 0.1630026 0.0536567 0.0000000 0.0017263 0.0365939
 31 F  31 0.0183403 0.0046525 0.0000000 0.0000000 0.0000000 0.0041739 0.0000000 0.0115924 0.0000000 0.0108637 0.0385940 0.0094243 0.0000000 0.6300565 0.0133036 0.0219551 0.0068174 0.0000000 0.2149131 0.0153131
 32 S  32 0.0191183 0.0000000 0.0181287 0.0043223 0.0039233 0.0220370 0.0039437 0.0459341 0.0017013 0.0000000 0.0096042 0.0028634 0.0000000 0.0126127 0.0142275 0.6352550 0.1990551 0.0000000 0.0041432 0.0031301
 33 F  33 0.0056018 0.0000000 0.0040565 0.0137226 0.0000000 0.0000000 0.0000000 0.0109243 0.0000000 0.0232971 0.0563848 0.0101096 0.0025925 0.8063766 0.0000000 0.0289723 0.0029133 0.0000000 0.0286840 0.0063647
 34 G  34 0.0916706 0.0063250 0.0270994 0.0200747 0.0000000 0.0039602 0.0078318 0.6661591 0.0034767 0.0296231 0.0128446 0.0125093 0.0060819 0.0099326 0.0000000 0.0724751 0.0183031 0.0000000 0.0116327 0.0000000
 35 A  35 0.1890693 0.0043847 0.0359734 0.0046195 0.0024016 0.0281675 0.0199357 0.1939249 0.0088346 0.0426791 0.0664934 0.0329432 0.0179072 0.0284269 0.0221452 0.1232152 0.1121098 0.0000000 0.0025697 0.0641991
 36 K  36 0.0771918 0.2001668 0.0147467 0.0038870 0.0000000 0.0406561 0.0046632 0.0143514 0.0000000 0.0000000 0.0133757 0.4198061 0.0048818 0.0092504 0.0742472 0.0804850 0.0308805 0.0000000 0.0031273 0.0082829
 37 P  37 0.0926918 0.0020303 0.0628461 0.0508439 0.0000000 0.0112342 0.0216844 0.0444343 0.0970081 0.0016453 0.0428811 0.1135313 0.0014173 0.0030263 0.1982584 0.0563150 0.1637570 0.0000000 0.0168358 0.0195592
 38 E  38 0.0858172 0.0067452 0.0576044 0.2431113 0.0000000 0.0762749 0.1215541 0.0490474 0.0156935 0.0090509 0.0262147 0.0621259 0.0059363 0.0091036 0.0540368 0.1086817 0.0448275 0.0000000 0.0026214 0.0215533
 39 E  39 0.1323975 0.0230787 0.0397877 0.0882681 0.0000000 0.0299386 0.1995737 0.0350054 0.0234902 0.0429104 0.1377189 0.0169538 0.0016278 0.0018697 0.0510457 0.0549900 0.0623838 0.0000000 0.0000000 0.0589601
 40 K  40 0.0668840 0.0072723 0.0536634 0.0948964 0.0000000 0.0550073 0.1659710 0.0140018 0.0788922 0.0124828 0.0264969 0.2155553 0.0000000 0.0000000 0.0189638 0.0767026 0.0977273 0.0000000 0.0011630 0.0143201
 41 K  41 0.0487257 0.0220367 0.0192339 0.0159812 0.0000000 0.0542323 0.0865074 0.0087205 0.0532344 0.0342590 0.0052218 0.4471958 0.0000000 0.0089561 0.0703862 0.0413295 0.0533621 0.0000000 0.0033836 0.0272338
 42 D  42 0.0399045 0.0074728 0.0110649 0.0990115 0.0015191 0.0506566 0.1035702 0.0230656 0.0048159 0.0287126 0.0016451 0.1066799 0.0000000 0.0067486 0.2912295 0.0996777 0.0564516 0.0000000 0.0066931 0.0610808
 43 D  43 0.0815901 0.0150555 0.1241454 0.1370193 0.0000000 0.0272561 0.1668969 0.0243441 0.0076859 0.0042991 0.0177205 0.0871556 0.0019619 0.0081552 0.0283722 0.1877521 0.0609210 0.0000000 0.0097086 0.0099604
 44 N  44 0.0681952 0.0055536 0.0596106 0.2246494 0.0088165 0.0640241 0.1110002 0.0429644 0.0178582 0.0070998 0.0276366 0.0852119 0.0080571 0.0051413 0.0633790 0.0732635 0.1007913 0.0000000 0.0136740 0.0130733
 45 S  45 0.1511912 0.0000000 0.0256061 0.0336506 0.0000000 0.0325921 0.0487296 0.0093416 0.0151216 0.0371531 0.0083914 0.0229889 0.0038788 0.0161902 0.0937691 0.1224278 0.3239462 0.0000000 0.0000000 0.0550219
 46 S  46 0.1108419 0.0055766 0.0162139 0.0233352 0.0000000 0.0294945 0.0198813 0.0210386 0.0024969 0.0000000 0.0000000 0.0455644 0.0000000 0.0100269 0.4033995 0.1511656 0.1508404 0.0000000 0.0000000 0.0101242
 47 K  47 0.3871160 0.0000000 0.0108674 0.0081747 0.0000000 0.0231486 0.0092414 0.0359532 0.0000000 0.0105192 0.0097566 0.2964418 0.0037845 0.0000000 0.0172480 0.0698078 0.1019450 0.0000000 0.0000000 0.0159957
 48 P  48 0.0490164 0.0000000 0.0043526 0.0000000 0.0000000 0.0000000 0.0138192 0.0410831 0.0000000 0.0042070 0.0000000 0.0171896 0.0000000 0.0097652 0.7786261 0.0451993 0.0349561 0.0000000 0.0000000 0.0017854
 49 A  49 0.2260466 0.0028754 0.0119831 0.0035448 0.0221332 0.0043430 0.0045194 0.3658821 0.0000000 0.0121581 0.0092464 0.0303693 0.0042265 0.0000000 0.0226088 0.1701011 0.0855198 0.0000000 0.0000000 0.0244423
 50 F  50 0.1671598 0.0000000 0.0085868 0.0622522 0.0032560 0.0000000 0.0089255 0.0027289 0.0000000 0.0081271 0.0650157 0.0000000 0.0000000 0.4693224 0.0070023 0.0444604 0.0624327 0.0000000 0.0660659 0.0246643
 51 S  51 0.0523112 0.0000000 0.0267067 0.0045841 0.0000000 0.0218706 0.0000000 0.0229681 0.0051312 0.0065825 0.0095700 0.0096136 0.0000000 0.0025263 0.0133020 0.4343552 0.0846992 0.0000000 0.2840557 0.0217235
 52 F  52 0.0373644 0.0000000 0.0031601 0.0188735 0.0318685 0.0025685 0.0000000 0.0108513 0.0197305 0.0187431 0.0267919 0.0103986 0.0000000 0.6659836 0.0266606 0.0960870 0.0000000 0.0000000 0.0309186 0.0000000
 53 G  53 0.0379061 0.0000000 0.0166780 0.0096397 0.0000000 0.0000000 0.0068411 0.5892709 0.0000000 0.0357260 0.0000000 0.0139765 0.0000000 0.0092662 0.2222624 0.0259938 0.0225335 0.0000000 0.0099057 0.0000000
 54 A  54 0.2439947 0.0000000 0.0337968 0.0065843 0.0000000 0.0393261 0.2210510 0.0688755 0.0000000 0.0099687 0.0109856 0.0702774 0.0238979 0.0216722 0.0189841 0.1030301 0.0870061 0.0000000 0.0000000 0.0405494
 55 K  55 0.0662611 0.0262547 0.0382506 0.0067466 0.0000000 0.1116367 0.0037803 0.0230626 0.0000000 0.0042400 0.0117562 0.4007876 0.0023573 0.0075559 0.0887628 0.0731232 0.1124474 0.0000000 0.0109435 0.0120336
 56 S  56 0.1285875 0.0017224 0.0451220 0.0164900 0.0091706 0.0257617 0.0339275 0.0380336 0.0174092 0.0118271 0.0405101 0.1206860 0.0048422 0.0085447 0.1065492 0.0869386 0.1198546 0.0000000 0.0274659 0.1565574
 57 N  57 0.0824380 0.1083969 0.1153675 0.1551209 0.0019604 0.0736584 0.0908178 0.0306123 0.0000000 0.0018808 0.0163868 0.0573899 0.0000000 0.0101131 0.0673536 0.1276580 0.0413323 0.0000000 0.0026414 0.0168718
 58 E  58 0.1076801 0.0293350 0.0369524 0.0723611 0.0016966 0.0798615 0.1468034 0.0430331 0.0196685 0.0046393 0.1127168 0.0358578 0.0056969 0.0048611 0.0868581 0.0564548 0.1231480 0.0000000 0.0000000 0.0323756
 59 D  59 0.0544563 0.0000000 0.0526015 0.2496264 0.0000000 0.0213203 0.2051781 0.0197510 0.0422623 0.0000000 0.0091434 0.1145361 0.0030878 0.0086234 0.0318386 0.0556058 0.1168999 0.0000000 0.0000000 0.0150691
 60 K  60 0.0968391 0.0047815 0.0396887 0.0202704 0.0000000 0.0297453 0.0398163 0.0343554 0.1450772 0.0297768 0.0023629 0.3942403 0.0000000 0.0126456 0.0446089 0.0425028 0.0390760 0.0000000 0.0025182 0.0216945
 61 Q  61 0.0688216 0.0047790 0.1173239 0.1086645 0.0137513 0.0571750 0.0866878 0.0228966 0.0065466 0.0020999 0.0088275 0.1024752 0.0043868 0.0078866 0.1808936 0.0640773 0.0730362 0.0000000 0.0017539 0.0679168
 62 D  62 0.1332372 0.0211353 0.0550621 0.1207249 0.0000000 0.0514769 0.1449252 0.0361640 0.0196927 0.0264999 0.0255651 0.1295632 0.0024972 0.0069639 0.0478038 0.0895685 0.0547959 0.0000000 0.0000000 0.0343243
 63 G  63 0.1170219 0.0000000 0.0194652 0.1303166 0.0103756 0.0367869 0.0519327 0.1046313 0.0171446 0.0204412 0.1239519 0.0535579 0.0033400 0.0034543 0.0567929 0.0880910 0.1490084 0.0000000 0.0000000 0.0136876
 64 T  64 0.1994107 0.0000000 0.0319797 0.1067027 0.0027729 0.0209166 0.0622789 0.0365746 0.0251583 0.0063442 0.0106166 0.0513915 0.0000000 0.0172787 0.1184014 0.1500216 0.1229806 0.0000000 0.0000000 0.0371709
 65 A  65 0.1677544 0.0108629 0.0367424 0.0170108 0.0000000 0.0508171 0.0118899 0.0467693 0.0335947 0.0000000 0.0000000 0.0341254 0.0079219 0.0097852 0.1674377 0.2016544 0.1841211 0.0000000 0.0000000 0.0195131
 66 K  66 0.0909346 0.0055258 0.0142297 0.0000000 0.0013139 0.0526277 0.0026144 0.0606415 0.0000000 0.0063202 0.0026356 0.3394771 0.0028620 0.0059372 0.0420647 0.1145571 0.2461101 0.0000000 0.0014397 0.0107086
 67 P  67 0.0320638 0.0000000 0.0048605 0.0000000 0.0000000 0.0047230 0.0000000 0.0351394 0.0000000 0.0000000 0.0084342 0.0057170 0.0000000 0.0063805 0.8230442 0.0574728 0.0174154 0.0000000 0.0000000 0.0047491
 68 A  68 0.4023519 0.0088314 0.0019389 0.0080953 0.0000000 0.0543205 0.0206334 0.0923939 0.0000000 0.0046311 0.0167229 0.0507682 0.0084078 0.0000000 0.0117102 0.1989076 0.0314286 0.0000000 0.0092753 0.0795832
 69 F  69 0.0177279 0.0000000 0.0000000 0.0000000 0.0000000 0.0000000 0.0000000 0.0019593 0.0000000 0.0134420 0.0472896 0.0045066 0.0000000 0.6291518 0.0056214 0.0060266 0.0157850 0.0000000 0.2469594 0.0115304
 70 S  70 0.0164354 0.0000000 0.0227640 0.0037785 0.0000000 0.0325483 0.0000000 0.0141621 0.0050369 0.0056027 0.0097919 0.0066829 0.0023144 0.0042216 0.0086108 0.6947620 0.1707382 0.0000000 0.0000000 0.0025503
 71 F  71 0.0000000 0.0056362 0.0066340 0.0122374 0.0000000 0.0000000 0.0000000 0.0133746 0.0000000 0.0275159 0.0574871 0.0000000 0.0422891 0.7956988 0.0067375 0.0065767 0.0000000 0.0000000 0.0230422 0.0027705
 72 G  72 0.0980944 0.0000000 0.0068844 0.0098988 0.0000000 0.0105630 0.0000000 0.7154444 0.0000000 0.0286589 0.0208090 0.0186251 0.0000000 0.0074745 0.0029206 0.0412410 0.0305073 0.0000000 0.0088786 0.0000000
 73 A  73 0.1831200 0.0026517 0.0358050 0.0000000 0.0030995 0.0300855 0.0198557 0.2165377 0.0032554 0.0348484 0.0533668 0.0416908 0.0488246 0.0262498 0.0074843 0.1490636 0.0863987 0.0000000 0.0000000 0.0576625
 74 K  74 0.0332206 0.1317576 0.0309912 0.0054369 0.0000000 0.0764170 0.0062696 0.0290400 0.0000000 0.0044898 0.0240725 0.4241010 0.0017979 0.0074637 0.0680926 0.0826831 0.0667430 0.0000000 0.0031945 0.0042291
 75 P  75 0.1152959 0.0048079 0.0376632 0.0149297 0.0026541 0.0000000 0.0267653 0.0288511 0.0953097 0.0089174 0.0576779 0.1177185 0.0000000 0.0058818 0.1809986 0.1095703 0.1448757 0.0000000 0.0144199 0.0336630
 76 A  76 0.0920713 0.0128432 0.0728064 0.1771509 0.0018616 0.0997639 0.1392236 0.0393566 0.0154211 0.0187671 0.0235921 0.0577161 0.0011740 0.0076740 0.0500337 0.1050185 0.0686861 0.0000000 0.0021875 0.0146523
 77 E  77 0.0859309 0.0307470 0.0303446 0.0938550 0.0000000 0.0700506 0.1379280 0.0170695 0.0320479 0.0404349 0.1058041 0.0499119 0.0029244 0.0000000 0.0612291 0.1075406 0.0691169 0.0000000 0.0045071 0.0605574
 78 K  78 0.0488882 0.0181236 0.0523384 0.0960517 0.0000000 0.0332930 0.1943617 0.0182880 0.0524733 0.0167206 0.0197639 0.2053712 0.0000000 0.0000000 0.0374379 0.1033718 0.0884894 0.0000000 0.0044296 0.0105977
 79 N  79 0.0463996 0.0285249 0.0526852 0.0311572 0.0000000 0.0347721 0.0746704 0.0137792 0.0473325 0.0319130 0.0209945 0.3746471 0.0016940 0.0048016 0.0833597 0.0749119 0.0294554 0.0000000 0.0000000 0.0489018
 80 N  80 0.0461218 0.0014285 0.0449327 0.0556072 0.0030541 0.0341943 0.0678154 0.0103393 0.0051771 0.0306683 0.0254131 0.0977842 0.0072168 0.0164029 0.2909991 0.1234218 0.0892216 0.0000000 0.0000000 0.0502018
 81 N  81 0.0955036 0.0079299 0.1545537 0.1299194 0.0000000 0.0268996 0.0959745 0.0447944 0.0010900 0.0125948 0.0163168 0.0598188 0.0022253 0.0000000 0.0370996 0.2405999 0.0651517 0.0000000 0.0000000 0.0095280
 82 E  82 0.0928670 0.0000000 0.0278228 0.2381058 0.0079460 0.0404877 0.1397371 0.0339344 0.0047717 0.0164128 0.0180460 0.0519089 0.0016520 0.0032485 0.0446527 0.1026388 0.1396954 0.0000000 0.0159962 0.0200761
 83 T  83 0.1506988 0.0000000 0.0520094 0.0440585 0.0000000 0.0232032 0.0265625 0.0155020 0.0071135 0.0534351 0.0068754 0.0482394 0.0038382 0.0052076 0.0548597 0.0993154 0.3475732 0.0000000 0.0000000 0.0615081
 84 S  84 0.0713712 0.0028188 0.0181450 0.0206711 0.0000000 0.0134019 0.0168790 0.0124539 0.0000000 0.0079962 0.0000000 0.0506033 0.0000000 0.0072405 0.4839622 0.1583083 0.1291513 0.0000000 0.0000000 0.0069972
 85 K  85 0.4053202 0.0000000 0.0092840 0.0000000 0.0032153 0.0565470 0.0038411 0.0606813 0.0000000 0.0000000 0.0066701 0.2880997 0.0000000 0.0000000 0.0248179 0.0585962 0.0685719 0.0000000 0.0000000 0.0143553
 86 P  86 0.0303998 0.0000000 0.0071557 0.0029775 0.0000000 0.0000000 0.0108034 0.0239702 0.0000000 0.0022038 0.0028278 0.0038880 0.0031780 0.0171250 0.7708504 0.0749697 0.0496507 0.0000000 0.0000000 0.0000000
 87 A  87 0.2922163 0.0000000 0.0366630 0.0000000 0.0237094 0.0000000 0.0056131 0.1697462 0.0000000 0.0107892 0.0177803 0.0350935 0.0081486 0.0051721 0.0317986 0.2346191 0.0977723 0.0000000 0.0000000 0.0308781
 88 F  88 0.0517693 0.0048650 0.0085271 0.0022404 0.0000000 0.0000000 0.0000000 0.0184073 0.0000000 0.0120860 0.0890414 0.0094605 0.0173942 0.6089395 0.0143270 0.0311585 0.0122858 0.0000000 0.0806603 0.0388377
 89 S  89 0.0441212 0.0000000 0.0378402 0.0000000 0.0000000 0.0239355 0.0000000 0.0590705 0.0000000 0.0048726 0.0157100 0.0249476 0.0000000 0.0100068 0.0128798 0.5851905 0.1504806 0.0000000 0.0163120 0.0146328
 90 F  90 0.0035383 0.0000000 0.0000000 0.0231658 0.0000000 0.0000000 0.0000000 0.0456950 0.0000000 0.0235857 0.0468783 0.0000000 0.0079719 0.7657687 0.0218768 0.0057456 0.0126616 0.0000000 0.0272943 0.0158181
 91 G  91 0.0274115 0.0000000 0.0128690 0.0156661 0.0000000 0.0029535 0.0043625 0.8019700 0.0000000 0.0354256 0.0043316 0.0122427 0.0000000 0.0037479 0.0180254 0.0395637 0.0089619 0.0000000 0.0096526 0.0028160
 92 A  92 0.3061192 0.0027801 0.0290594 0.0626000 0.0000000 0.0442405 0.0359734 0.0820397 0.0092308 0.0327318 0.0041408 0.0254215 0.0060876 0.0407675 0.0050205 0.1116673 0.1593494 0.0057758 0.0028591 0.0341355
 93 K  93 0.0991795 0.0239822 0.0232194 0.0048729 0.0027920 0.0539754 0.0087960 0.0371220 0.0038419 0.0042003 0.0059188 0.2204839 0.0044297 0.0360016 0.0397767 0.0951910 0.0551288 0.0000000 0.2617326 0.0193553
 94 S  94 0.0923264 0.0061998 0.0474408 0.0136246 0.0304992 0.0122626 0.0554539 0.0589767 0.0230106 0.0100093 0.0492399 0.1446717 0.0033577 0.0040895 0.1163129 0.1736535 0.1155285 0.0000000 0.0379420 0.0054005
 95 D  95 0.0962758 0.0000000 0.0389222 0.1696745 0.0000000 0.0582548 0.0977565 0.0223707 0.0000000 0.0041797 0.0088374 0.0201396 0.0000000 0.0078031 0.3063722 0.1237846 0.0379748 0.0000000 0.0000000 0.0076540
 96 E  96 0.0893304 0.0138379 0.0531827 0.0955085 0.0036657 0.0282997 0.4042387 0.0262027 0.0019008 0.0076152 0.0396525 0.0377029 0.0000000 0.0000000 0.0413669 0.0881466 0.0622859 0.0000000 0.0000000 0.0070628
 97 K  97 0.0260804 0.0130193 0.0726291 0.0689268 0.0000000 0.0323698 0.0798426 0.0123539 0.0370467 0.0076989 0.0196064 0.3984058 0.0000000 0.0036851 0.0656845 0.0412501 0.0965247 0.0000000 0.0000000 0.0248759
 98 K  98 0.0776479 0.0100824 0.0307385 0.0529211 0.0298846 0.0178970 0.0369133 0.0209540 0.0483399 0.0235047 0.0173014 0.2488095 0.0035420 0.0066374 0.0270239 0.1034683 0.0726093 0.0000000 0.0109882 0.1607366
 99 D  99 0.0463918 0.0958967 0.0694775 0.0683445 0.0028696 0.0471261 0.1079321 0.0148979 0.0039935 0.0181122 0.0270924 0.1534460 0.0023560 0.0000000 0.1116119 0.1018974 0.0654318 0.0000000 0.0022373 0.0608853
100 G 100 0.1123580 0.0024967 0.0610071 0.0781962 0.0000000 0.0312035 0.0825223 0.0356774 0.0171504 0.0205153 0.2039813 0.0688379 0.0059737 0.0026091 0.0471305 0.1083186 0.0821854 0.0000000 0.0059316 0.0339049
101 D 101 0.0786640 0.0000000 0.0625913 0.3123264 0.0000000 0.0450517 0.0986894 0.0458443 0.0206755 0.0144729 0.0387567 0.0396688 0.0036717 0.0036206 0.0319833 0.0902353 0.0881008 0.0000000 0.0017456 0.0239016
102 A 102 0.1741010 0.0196678 0.0108097 0.0436766 0.0000000 0.0227045 0.0509725 0.0290897 0.1061519 0.0099028 0.0066593 0.1031517 0.0036687 0.0026444 0.0775154 0.1887010 0.1301512 0.0000000 0.0043463 0.0160856
103 S 103 0.1012719 0.0095760 0.0838892 0.0253019 0.0000000 0.0439184 0.0232597 0.0657709 0.0206634 0.0000000 0.0074765 0.0589500 0.0059486 0.0034627 0.1761356 0.2115296 0.1580489 0.0000000 0.0000000 0.0047968
104 K 104 0.1507441 0.0013041 0.0058995 0.0015726 0.0000000 0.0306568 0.0034880 0.0226365 0.0000000 0.0063722 0.0072203 0.3054280 0.0086999 0.0044365 0.0520850 0.1080436 0.2498521 0.0000000 0.0000000 0.0415607
105 P 105 0.0571516 0.0000000 0.0000000 0.0000000 0.0000000 0.0039321 0.0067980 0.0365384 0.0015349 0.0000000 0.0032200 0.0024521 0.0000000 0.0036257 0.7882759 0.0520104 0.0397466 0.0000000 0.0000000 0.0047144
106 A 106 0.4745652 0.0081442 0.0160185 0.0000000 0.0000000 0.0540219 0.0076348 0.1168187 0.0016561 0.0038534 0.0052485 0.0420316 0.0038907 0.0033169 0.0091485 0.1671802 0.0560129 0.0000000 0.0039506 0.0265073
107 F 107 0.0176779 0.0000000 0.0000000 0.0000000 0.0000000 0.0000000 0.0042459 0.0000000 0.0000000 0.0171458 0.0358164 0.0048227 0.0000000 0.6026576 0.0104554 0.0083857 0.0127848 0.0000000 0.2807919 0.0052160
108 S 108 0.0258689 0.0000000 0.0168119 0.0000000 0.0000000 0.0248817 0.0028086 0.0218092 0.0068318 0.0000000 0.0090661 0.0054005 0.0043240 0.0033622 0.0042989 0.6520805 0.1846505 0.0000000 0.0000000 0.0378054
109 F 109 0.0056937 0.0000000 0.0044536 0.0134428 0.0000000 0.0000000 0.0000000 0.0075712 0.0000000 0.0311385 0.0354012 0.0000000 0.0123718 0.8433210 0.0031907 0.0057865 0.0073920 0.0000000 0.0225971 0.0076399
110 G 110 0.0789457 0.0000000 0.0182505 0.0150950 0.0000000 0.0067764 0.0000000 0.7541795 0.0000000 0.0292602 0.0057313 0.0086020 0.0000000 0.0000000 0.0054784 0.0379612 0.0235635 0.0000000 0.0104888 0.0056676
111 A 111 0.2019389 0.0022147 0.0308008 0.0048541 0.0028856 0.0780458 0.0206419 0.1822223 0.0092395 0.0348787 0.0726261 0.0295811 0.0467149 0.0075523 0.0039164 0.1066896 0.1025958 0.0000000 0.0000000 0.0626015
112 K 112 0.0680894 0.1475505 0.0180828 0.0043652 0.0000000 0.0810607 0.0000000 0.0155824 0.0000000 0.0000000 0.0125524 0.4118691 0.0000000 0.0138811 0.0785246 0.0862427 0.0573075 0.0000000 0.0000000 0.0048917
113 P 113 0.0839504 0.0020804 0.0527194 0.0028527 0.0018928 0.0081586 0.0092831 0.0386023 0.0816426 0.0089550 0.0550908 0.1131667 0.0000000 0.0051555 0.1841376 0.1297807 0.1842285 0.0000000 0.0119194 0.0263835
114 D 114 0.0682186 0.0063145 0.1589895 0.1996723 0.0013688 0.0940160 0.1158427 0.0330784 0.0027737 0.0119832 0.0185582 0.0372023 0.0000000 0.0017031 0.0392565 0.1208521 0.0774470 0.0000000 0.0016880 0.0110351
115 E 115 0.0566025 0.0286477 0.0358455 0.0847442 0.0000000 0.0429462 0.1167592 0.0171781 0.0335710 0.0646309 0.1612102 0.0320775 0.0057551 0.0017390 0.1051991 0.0774753 0.0818783 0.0000000 0.0033819 0.0503585
116 N 116 0.0755714 0.0149826 0.0262819 0.1147650 0.0047338 0.0399091 0.1794081 0.0270413 0.0674533 0.0273373 0.0159399 0.1318751 0.0083234 0.0000000 0.0276905 0.0765012 0.0950549 0.0000000 0.0030708 0.0640602
117 K 117 0.0388533 0.0166654 0.0389661 0.0188439 0.0000000 0.0460542 0.0639428 0.0042754 0.0423110 0.0096105 0.0209430 0.4083148 0.0027592 0.0052096 0.0577782 0.0967836 0.0788367 0.0000000 0.0000000 0.0498521
118 A 118 0.0724924 0.0020339 0.0212230 0.0810388 0.0013569 0.0363792 0.0565923 0.0174074 0.0057583 0.0117763 0.0172583 0.1160196 0.0065134 0.0205763 0.3124157 0.1065077 0.0629350 0.0000000 0.0000000 0.0517155
119 S 119 0.0892292 0.0058347 0.1496114 0.1069401 0.0000000 0.0367671 0.0705015 0.0152242 0.0066607 0.0097266 0.0150732 0.0666746 0.0106966 0.0123480 0.0492707 0.2493487 0.0896668 0.0000000 0.0000000 0.0164259
120 A 120 0.1604416 0.0000000 0.0620933 0.2180011 0.0091702 0.0233836 0.1170984 0.0454040 0.0104173 0.0049009 0.0105932 0.0443520 0.0061611 0.0041618 0.0619185 0.0920889 0.1198091 0.0000000 0.0072570 0.0027480
121 T 121 0.1450903 0.0000000 0.0305715 0.0482251 0.0097001 0.0078548 0.0376970 0.0179362 0.0082768 0.0869080 0.0128457 0.0357896 0.0062905 0.0670630 0.0213099 0.0921009 0.3255077 0.0000000 0.0000000 0.0468328
122 S 122 0.0634960 0.0024719 0.0096227 0.0080186 0.0000000 0.0000000 0.0078371 0.1188511 0.0000000 0.0048689 0.0048024 0.0107745 0.0000000 0.0042389 0.5180714 0.1100410 0.1321545 0.0000000 0.0000000 0.0047509
123 K 123 0.3894923 0.0051159 0.0403315 0.0031702 0.0000000 0.0556566 0.0000000 0.1033453 0.0000000 0.0118103 0.0000000 0.2574488 0.0000000 0.0000000 0.0147683 0.0588269 0.0528147 0.0000000 0.0000000 0.0072192
124 P 124 0.0110833 0.0000000 0.0062018 0.0032479 0.0000000 0.0000000 0.0079379 0.0246903 0.0000000 0.0043568 0.0072372 0.0027170 0.0000000 0.0797637 0.7604131 0.0613371 0.0260980 0.0000000 0.0000000 0.0049158
125 A 125 0.2504042 0.0098245 0.0163810 0.0000000 0.0060488 0.0042045 0.0022513 0.4152058 0.0000000 0.0026088 0.0040373 0.0113911 0.0000000 0.0000000 0.0064755 0.2005237 0.0418439 0.0000000 0.0000000 0.0287997
126 L 126 0.0888891 0.0029199 0.0000000 0.0141595 0.0000000 0.0000000 0.0000000 0.0087290 0.0191825 0.0073031 0.0831026 0.0000000 0.0158033 0.5684045 0.0033360 0.0415124 0.0256154 0.0000000 0.0821815 0.0388612
127 E 127 0.0394942 0.0000000 0.0219739 0.0000000 0.0000000 0.0245836 0.0084551 0.0465727 0.0000000 0.0000000 0.0132132 0.0095646 0.0000000 0.0000000 0.0073779 0.5171560 0.1228153 0.0000000 0.1742994 0.0144942
128 H 128 0.0290100 0.0000000 0.0204230 0.0124661 0.0000000 0.0661057 0.0251604 0.0397384 0.0593584 0.0040178 0.0093804 0.0117749 0.0000000 0.6465909 0.0000000 0.0187547 0.0076944 0.0000000 0.0495248 0.0000000
129 H 129 0.1878343 0.0000000 0.0000000 0.0000000 0.0000000 0.0000000 0.0000000 0.2344054 0.0146826 0.0000000 0.1084827 0.0753153 0.0000000 0.0000000 0.2706921 0.0201829 0.0277339 0.0000000 0.0295590 0.0311119
130 H 130 0.0195514 0.0000000 0.0000000 0.0206992 0.0000000 0.1679229 0.3179255 0.0076529 0.0160036 0.0126000 0.0000000 0.0280622 0.0000000 0.0000000 0.1663162 0.1982946 0.0449714 0.0000000 0.0000000 0.0000000
131 H 131 0.2973501 0.1970422 0.0000000 0.0331452 0.0000000 0.0372391 0.0000000 0.0000000 0.0539734 0.0000000 0.1676302 0.2136199 0.0000000 0.0000000 0.0000000 0.0000000 0.0000000 0.0000000 0.0000000 0.0000000
132 H 132 0.0000000 0.0000000 0.0610462 0.0000000 0.0649496 0.0000000 0.0000000 0.0000000 0.6796699 0.0000000 0.0000000 0.0000000 0.0000000 0.0000000 0.0000000 0.0000000 0.0000000 0.0000000 0.1211904 0.0731439
133 H 133 0.0000000 0.0000000 0.1460419 0.0000000 0.0000000 0.0000000 0.0000000 0.0000000 0.8539581 0.0000000 0.0000000 0.0000000 0.0000000 0.0000000 0.0000000 0.0000000 0.0000000 0.0000000 0.0000000 0.0000000
