  133         A         R         N         D         C         Q         E         G         H         I         L         K         M         F         P         S         T         W         Y         V         X    
  1 M   1 0.0000000 0.0000000 0.0000000 0.0000000 0.0000000 0.0000000 0.0000000 0.0000000 0.0000000 0.0171679 0.0161499 0.0000000 0.0071622 0.0000000 0.0000000 0.0000000 0.0000000 0.0000000 0.0030588 0.0380299 0.9184314
  2 D   2 0.0034872 0.0000000 0.0453291 0.1362512 0.0000000 0.0039910 0.2411719 0.0000000 0.0000000 0.0000000 0.0000000 0.0091946 0.0000000 0.0000000 0.0000000 0.0135766 0.0000000 0.0000000 0.0000000 0.0000000 0.5469985
  3 N   3 0.0056580 0.0000000 0.0451218 0.0750061 0.0000000 0.0254823 0.0840038 0.0027275 0.0000000 0.0000000 0.0000000 0.3242309 0.0000000 0.0000000 0.0000000 0.0569539 0.0129098 0.0000000 0.0000000 0.0025440 0.3653618
  4 K   4 0.0264027 0.0054196 0.0322192 0.0416080 0.0097969 0.0206805 0.1253679 0.0197145 0.0000000 0.0062274 0.0000000 0.1458379 0.0068819 0.0025415 0.0057615 0.0500377 0.0350444 0.0000000 0.0055360 0.1541337 0.3067887
  5 T   5 0.0288704 0.1027200 0.0579570 0.0452499 0.0000000 0.0267226 0.0989648 0.0124783 0.0056982 0.0251682 0.0133761 0.1470673 0.0000000 0.0000000 0.0309907 0.0122433 0.0695289 0.0000000 0.0000000 0.0456401 0.2773242
  6 T   6 0.0477736 0.0052719 0.0195953 0.0971715 0.0000000 0.0258347 0.0928249 0.0283752 0.0138893 0.0088734 0.1387768 0.0411422 0.0040038 0.0000000 0.0899542 0.0424811 0.1009219 0.0000000 0.0000000 0.0130463 0.2300639
  7 N   7 0.1243455 0.0000000 0.0300769 0.2266045 0.0000000 0.0127349 0.0629172 0.0092915 0.0167040 0.0016850 0.0061116 0.0904221 0.0025249 0.0000000 0.0257351 0.0946397 0.0758265 0.0000000 0.0000000 0.0230649 0.1973155
  8 T   8 0.0976234 0.0107245 0.0426167 0.0191302 0.0236814 0.0078706 0.0310211 0.0150307 0.0991292 0.0040521 0.0016521 0.0820424 0.0026379 0.0061048 0.0806578 0.1546407 0.1419807 0.0000000 0.0019655 0.0026287 0.1748093
  9 T   9 0.0851173 0.0028468 0.0302302 0.0000000 0.0035284 0.0532629 0.0000000 0.0339925 0.0012580 0.0060643 0.0033170 0.2627698 0.0070975 0.0000000 0.0362852 0.0764812 0.2064372 0.0000000 0.0000000 0.0245687 0.1667430
 10 P  10 0.0198991 0.0000000 0.0028473 0.0000000 0.0000000 0.0129452 0.0000000 0.0250857 0.0025329 0.0000000 0.0025853 0.0052553 0.0000000 0.0000000 0.7214991 0.0357414 0.0174925 0.0000000 0.0000000 0.0000000 0.1541164
 11 S  11 0.3194321 0.0092809 0.0018329 0.0038603 0.0000000 0.0254382 0.0227907 0.0713442 0.0000000 0.0037888 0.0237133 0.0571048 0.0040548 0.0023341 0.0288256 0.1781377 0.0581747 0.0000000 0.0076731 0.0602123 0.1220017
 12 F  12 0.0046872 0.0000000 0.0039764 0.0000000 0.0000000 0.0000000 0.0000000 0.0000000 0.0000000 0.0119645 0.0309175 0.0000000 0.0000000 0.5685503 0.0039857 0.0086713 0.0044351 0.0000000 0.2308730 0.0063641 0.1255747
 13 S  13 0.0199958 0.0000000 0.0323682 0.0000000 0.0000000 0.0243136 0.0000000 0.0168443 0.0000000 0.0000000 0.0116005 0.0023672 0.0031884 0.0000000 0.0093314 0.5875438 0.1730613 0.0000000 0.0000000 0.0074874 0.1118980
 14 F  14 0.0000000 0.0000000 0.0000000 0.0115421 0.0000000 0.0040773 0.0000000 0.0026374 0.0000000 0.0184473 0.0322660 0.0000000 0.0254253 0.7458181 0.0052127 0.0094310 0.0049503 0.0000000 0.0206775 0.0170921 0.1024230
 15 G  15 0.0577325 0.0000000 0.0091587 0.0023063 0.0000000 0.0000000 0.0000000 0.7112190 0.0000000 0.0225813 0.0026374 0.0161780 0.0000000 0.0039764 0.0000000 0.0386427 0.0229270 0.0000000 0.0080663 0.0000000 0.1045745
 16 A  16 0.1843032 0.0092759 0.0244285 0.0067375 0.0000000 0.0330386 0.0086571 0.1875290 0.0080377 0.0382907 0.0406406 0.0435991 0.0205292 0.0213785 0.0124946 0.0917862 0.0737455 0.0000000 0.0000000 0.0807933 0.1147347
 17 K  17 0.0252540 0.0941028 0.0424655 0.0097612 0.0000000 0.0504911 0.0000000 0.0222165 0.0000000 0.0031445 0.0152406 0.3563798 0.0055373 0.0044185 0.1046102 0.1044193 0.0848208 0.0000000 0.0017126 0.0024270 0.0729981
 18 S  18 0.0834608 0.0082167 0.0497789 0.0168758 0.0022199 0.0190628 0.0450256 0.0415388 0.0692668 0.0024869 0.0340143 0.1231528 0.0051623 0.0000000 0.1073779 0.1368343 0.1503398 0.0000000 0.0201791 0.0194856 0.0655211
 19 D  19 0.0986709 0.0027546 0.1041847 0.2159812 0.0000000 0.1027377 0.1228862 0.0185500 0.0155972 0.0054411 0.0160235 0.0384520 0.0012203 0.0052127 0.0665503 0.0688570 0.0432149 0.0000000 0.0000000 0.0123823 0.0612833
 20 E  20 0.1139020 0.0210283 0.0352865 0.0880554 0.0000000 0.0613842 0.1041002 0.0268374 0.0166166 0.0309877 0.0647707 0.0459003 0.0048769 0.0000000 0.1554582 0.0494953 0.0646462 0.0000000 0.0000000 0.0538632 0.0627908
 21 N  21 0.0738942 0.0225651 0.0536356 0.0951553 0.0000000 0.0433315 0.2364982 0.0335508 0.0315247 0.0064137 0.0139170 0.1480456 0.0000000 0.0022402 0.0129959 0.0678153 0.0767140 0.0000000 0.0000000 0.0165185 0.0651844
 22 K  22 0.0254346 0.0169296 0.0164894 0.0405389 0.0000000 0.0321373 0.0729528 0.0169492 0.0355167 0.0054531 0.0188764 0.4797070 0.0021646 0.0000000 0.0442152 0.0283745 0.0609278 0.0000000 0.0044351 0.0227854 0.0761124
 23 A  23 0.0640331 0.0031866 0.0191037 0.0709345 0.0035734 0.0470465 0.1186895 0.0126105 0.0022372 0.0200583 0.0029883 0.0989654 0.0000000 0.0186136 0.2572738 0.0460027 0.0430158 0.0000000 0.0035876 0.0968034 0.0712759
 24 G  24 0.1013385 0.0655286 0.0936104 0.0994138 0.0000000 0.0079692 0.1066710 0.0353819 0.0040477 0.0177507 0.0067848 0.0757472 0.0000000 0.0049503 0.0617722 0.1973113 0.0549065 0.0000000 0.0000000 0.0143433 0.0524726
 25 A  25 0.1223608 0.0033146 0.0401836 0.1213589 0.0094783 0.0415724 0.0660258 0.0260585 0.0114828 0.0149350 0.0779417 0.0791658 0.0026495 0.0027486 0.0468983 0.1119778 0.1349698 0.0000000 0.0114886 0.0083402 0.0670490
 26 T  26 0.1442691 0.0000000 0.0320744 0.1450603 0.0000000 0.0166435 0.0246347 0.0079521 0.0034202 0.0330681 0.0066441 0.0408441 0.0000000 0.0088141 0.0561320 0.1266347 0.2331221 0.0000000 0.0052127 0.0548968 0.0605771
 27 S  27 0.1018608 0.0055433 0.0357390 0.0157327 0.0000000 0.0042200 0.0230781 0.0339603 0.0640251 0.0045841 0.0017594 0.0341966 0.0000000 0.0036611 0.2838674 0.1907493 0.1123897 0.0000000 0.0000000 0.0137443 0.0708888
 28 K  28 0.2213061 0.0036252 0.0414954 0.0042675 0.0000000 0.0295744 0.0057250 0.0455626 0.0000000 0.0075279 0.0098621 0.2609684 0.0023561 0.0065186 0.0387584 0.0897112 0.1665621 0.0000000 0.0000000 0.0000000 0.0661790
 29 P  29 0.0337201 0.0081384 0.0025440 0.0000000 0.0000000 0.0169964 0.0000000 0.0351343 0.0000000 0.0033170 0.0000000 0.0069082 0.0000000 0.0142565 0.7209560 0.0835496 0.0243670 0.0000000 0.0000000 0.0027894 0.0473231
 30 A  30 0.3439291 0.0097276 0.0046795 0.0075910 0.0000000 0.0171098 0.0144967 0.2183374 0.0000000 0.0043190 0.0149810 0.0419683 0.0115340 0.0166977 0.0217481 0.1566121 0.0526491 0.0000000 0.0016332 0.0350178 0.0269686
 31 F  31 0.0178120 0.0042675 0.0000000 0.0000000 0.0000000 0.0038607 0.0000000 0.0110877 0.0000000 0.0100589 0.0372094 0.0089753 0.0000000 0.6074751 0.0124307 0.0203430 0.0063641 0.0000000 0.2014558 0.0148083 0.0438513
 32 S  32 0.0181478 0.0000000 0.0176916 0.0039406 0.0036198 0.0208251 0.0036553 0.0439569 0.0016403 0.0000000 0.0093712 0.0028565 0.0000000 0.0115720 0.0140930 0.6138142 0.1915669 0.0000000 0.0038607 0.0028468 0.0365413
 33 F  33 0.0049503 0.0000000 0.0036553 0.0119930 0.0000000 0.0000000 0.0000000 0.0101785 0.0000000 0.0213180 0.0524218 0.0090042 0.0023764 0.7606217 0.0000000 0.0266322 0.0031590 0.0000000 0.0248859 0.0055736 0.0632299
 34 G  34 0.0868368 0.0064635 0.0253565 0.0190067 0.0000000 0.0036198 0.0080390 0.6417157 0.0031573 0.0261286 0.0118682 0.0118702 0.0055765 0.0094025 0.0000000 0.0680860 0.0167315 0.0000000 0.0104902 0.0000000 0.0456508
 35 A  35 0.1836559 0.0043331 0.0332809 0.0042200 0.0022064 0.0271810 0.0188124 0.1800642 0.0084374 0.0411506 0.0640335 0.0320224 0.0169467 0.0265860 0.0211795 0.1167001 0.1039402 0.0000000 0.0024244 0.0625198 0.0503056
 36 K  36 0.0723978 0.1894563 0.0140559 0.0034951 0.0000000 0.0363335 0.0045098 0.0137675 0.0000000 0.0000000 0.0123753 0.4041289 0.0046831 0.0087534 0.0719417 0.0752972 0.0283439 0.0000000 0.0032617 0.0076949 0.0495040
 37 P  37 0.0886441 0.0020056 0.0598000 0.0473987 0.0000000 0.0106592 0.0209480 0.0413248 0.0924724 0.0015525 0.0384892 0.1123744 0.0013333 0.0029190 0.1903783 0.0535020 0.1603277 0.0000000 0.0157769 0.0184048 0.0416893
 38 E  38 0.0851596 0.0065282 0.0547917 0.2390595 0.0000000 0.0719367 0.1202390 0.0474092 0.0153480 0.0088071 0.0244035 0.0608125 0.0057950 0.0084705 0.0528383 0.1051598 0.0428359 0.0000000 0.0024614 0.0210386 0.0269054
 39 E  39 0.1281903 0.0210659 0.0390830 0.0885450 0.0000000 0.0288989 0.1954102 0.0331062 0.0229664 0.0412086 0.1311284 0.0167007 0.0015677 0.0017898 0.0493514 0.0530911 0.0599666 0.0000000 0.0000000 0.0560967 0.0318331
 40 K  40 0.0656296 0.0071837 0.0539342 0.0935890 0.0000000 0.0534351 0.1620728 0.0136044 0.0732196 0.0118639 0.0254525 0.2086625 0.0000000 0.0000000 0.0179722 0.0734203 0.0939218 0.0000000 0.0011078 0.0136764 0.0312541
 41 K  41 0.0463429 0.0215310 0.0180014 0.0164097 0.0000000 0.0529885 0.0815553 0.0082160 0.0482659 0.0323526 0.0050855 0.4354487 0.0000000 0.0080663 0.0668018 0.0393235 0.0504291 0.0000000 0.0032582 0.0254400 0.0404837
 42 D  42 0.0387361 0.0071917 0.0107095 0.0993410 0.0014427 0.0483726 0.0996734 0.0220188 0.0046258 0.0275076 0.0015673 0.1039070 0.0000000 0.0065455 0.2805419 0.0962579 0.0550571 0.0000000 0.0065783 0.0587137 0.0312119
 43 D  43 0.0751504 0.0140290 0.1165477 0.1319965 0.0000000 0.0263502 0.1586447 0.0232238 0.0074427 0.0043590 0.0164502 0.0839099 0.0019386 0.0081957 0.0271550 0.1780535 0.0578295 0.0000000 0.0088325 0.0092409 0.0506503
 44 N  44 0.0628737 0.0055806 0.0553023 0.2068455 0.0087546 0.0587838 0.1023849 0.0388164 0.0158314 0.0065202 0.0255962 0.0786767 0.0073419 0.0045033 0.0598140 0.0671262 0.0898294 0.0000000 0.0127083 0.0118066 0.0809039
 45 S  45 0.1445087 0.0000000 0.0243836 0.0326031 0.0000000 0.0305772 0.0456435 0.0086849 0.0133700 0.0354110 0.0080581 0.0224761 0.0034946 0.0146171 0.0882225 0.1167747 0.3099838 0.0000000 0.0000000 0.0518676 0.0493235
 46 S  46 0.1096409 0.0053322 0.0155718 0.0224058 0.0000000 0.0288125 0.0189820 0.0204106 0.0024244 0.0000000 0.0000000 0.0459497 0.0000000 0.0096319 0.3960161 0.1459433 0.1468711 0.0000000 0.0000000 0.0098796 0.0221279
 47 K  47 0.3789982 0.0000000 0.0103674 0.0076960 0.0000000 0.0217294 0.0085975 0.0348078 0.0000000 0.0097041 0.0099383 0.2897163 0.0036101 0.0000000 0.0158249 0.0656602 0.1041400 0.0000000 0.0000000 0.0151842 0.0240255
 48 P  48 0.0481742 0.0000000 0.0040959 0.0000000 0.0000000 0.0000000 0.0134246 0.0424336 0.0000000 0.0038709 0.0000000 0.0159291 0.0000000 0.0093859 0.7612335 0.0439574 0.0344025 0.0000000 0.0000000 0.0020002 0.0210921
 49 A  49 0.2208873 0.0028235 0.0121672 0.0032607 0.0206028 0.0042270 0.0042200 0.3582930 0.0000000 0.0119933 0.0087151 0.0297666 0.0038603 0.0000000 0.0213894 0.1645694 0.0820836 0.0000000 0.0000000 0.0235686 0.0275723
 50 F  50 0.1592378 0.0000000 0.0081500 0.0593071 0.0031962 0.0000000 0.0081232 0.0025249 0.0000000 0.0075370 0.0611301 0.0000000 0.0000000 0.4547598 0.0063745 0.0415478 0.0593469 0.0000000 0.0602873 0.0236821 0.0447954
 51 S  51 0.0492468 0.0000000 0.0258154 0.0042200 0.0000000 0.0200842 0.0000000 0.0224392 0.0046795 0.0064224 0.0094687 0.0094304 0.0000000 0.0023057 0.0121315 0.4195903 0.0807322 0.0000000 0.2707888 0.0209108 0.0417340
 52 F  52 0.0305180 0.0000000 0.0026439 0.0152428 0.0278000 0.0021270 0.0000000 0.0090436 0.0168825 0.0159634 0.0235256 0.0088935 0.0000000 0.5758482 0.0225572 0.0820375 0.0000000 0.0000000 0.0249384 0.0000000 0.1419783
 53 G  53 0.0322760 0.0000000 0.0145431 0.0079562 0.0000000 0.0000000 0.0063356 0.5175311 0.0000000 0.0287209 0.0000000 0.0119832 0.0000000 0.0078321 0.1916932 0.0222287 0.0191642 0.0000000 0.0080663 0.0000000 0.1316694
 54 A  54 0.2158017 0.0000000 0.0284676 0.0055788 0.0000000 0.0350677 0.1904606 0.0587887 0.0000000 0.0087549 0.0096376 0.0617387 0.0208569 0.0182790 0.0166142 0.0889122 0.0721589 0.0000000 0.0000000 0.0380061 0.1308764
 55 K  55 0.0587609 0.0227867 0.0340588 0.0058536 0.0000000 0.0952013 0.0033170 0.0198611 0.0000000 0.0036198 0.0102005 0.3633069 0.0020639 0.0066026 0.0810003 0.0651124 0.1001272 0.0000000 0.0100482 0.0103863 0.1076924
 56 S  56 0.1133799 0.0016183 0.0396666 0.0146165 0.0079726 0.0229148 0.0304898 0.0335475 0.0152946 0.0105316 0.0336717 0.1128418 0.0041968 0.0072162 0.0955370 0.0782322 0.1077826 0.0000000 0.0249738 0.1406236 0.1048921
 57 N  57 0.0798924 0.1035346 0.1100540 0.1546527 0.0021060 0.0686001 0.0890553 0.0289653 0.0000000 0.0017785 0.0152203 0.0562649 0.0000000 0.0092401 0.0644942 0.1234594 0.0409439 0.0000000 0.0024614 0.0164176 0.0328593
 58 E  58 0.1023768 0.0271843 0.0346411 0.0729077 0.0018918 0.0755383 0.1446734 0.0404972 0.0188550 0.0045499 0.1055384 0.0346573 0.0053322 0.0045841 0.0833332 0.0544119 0.1176132 0.0000000 0.0000000 0.0303514 0.0410628
 59 D  59 0.0514829 0.0000000 0.0501925 0.2339625 0.0000000 0.0197810 0.1968909 0.0191537 0.0370644 0.0000000 0.0080663 0.1088074 0.0027275 0.0077338 0.0299516 0.0512708 0.1098665 0.0000000 0.0000000 0.0141036 0.0589447
 60 K  60 0.0889799 0.0042932 0.0370068 0.0193393 0.0000000 0.0273379 0.0361034 0.0320359 0.1316431 0.0271879 0.0021270 0.3757293 0.0000000 0.0112788 0.0410570 0.0398644 0.0371658 0.0000000 0.0023692 0.0197977 0.0666832
 61 Q  61 0.0598079 0.0045750 0.1019482 0.0963467 0.0115803 0.0472734 0.0737686 0.0202955 0.0056223 0.0017898 0.0078317 0.0909348 0.0036198 0.0066733 0.1554571 0.0545538 0.0623614 0.0000000 0.0014851 0.0586689 0.1354065
 62 D  62 0.1020481 0.0166436 0.0440226 0.0958764 0.0000000 0.0395127 0.1148574 0.0277098 0.0156199 0.0199134 0.0199337 0.1016782 0.0019134 0.0052127 0.0377003 0.0703533 0.0433448 0.0000000 0.0000000 0.0268621 0.2167975
 63 G  63 0.0878588 0.0000000 0.0146921 0.0991212 0.0076066 0.0276889 0.0399921 0.0785641 0.0124839 0.0158218 0.0949233 0.0410925 0.0025754 0.0026248 0.0441999 0.0662075 0.1093582 0.0000000 0.0000000 0.0103685 0.2448204
 64 T  64 0.1547478 0.0000000 0.0249755 0.0836171 0.0021309 0.0162325 0.0478962 0.0281365 0.0196314 0.0052086 0.0080808 0.0401253 0.0000000 0.0136764 0.0916751 0.1195635 0.0958962 0.0000000 0.0000000 0.0290483 0.2193576
 65 A  65 0.1379597 0.0089795 0.0295528 0.0132120 0.0000000 0.0409159 0.0098706 0.0386067 0.0274979 0.0000000 0.0000000 0.0286385 0.0063635 0.0080199 0.1394367 0.1636100 0.1501244 0.0000000 0.0000000 0.0166610 0.1805510
 66 K  66 0.0837008 0.0047367 0.0131100 0.0000000 0.0012202 0.0467696 0.0023457 0.0556827 0.0000000 0.0061266 0.0024215 0.3090157 0.0026104 0.0051623 0.0386962 0.1023884 0.2255483 0.0000000 0.0012991 0.0093691 0.0897966
 67 P  67 0.0309995 0.0000000 0.0046228 0.0000000 0.0000000 0.0048312 0.0000000 0.0351084 0.0000000 0.0000000 0.0083643 0.0056113 0.0000000 0.0065042 0.8063189 0.0570579 0.0166688 0.0000000 0.0000000 0.0045841 0.0193285
 68 A  68 0.3949656 0.0085814 0.0022034 0.0079436 0.0000000 0.0534548 0.0213369 0.0925185 0.0000000 0.0044636 0.0162647 0.0514068 0.0083227 0.0000000 0.0112477 0.1948777 0.0308404 0.0000000 0.0090987 0.0762927 0.0161810
 69 F  69 0.0167456 0.0000000 0.0000000 0.0000000 0.0000000 0.0000000 0.0000000 0.0019320 0.0000000 0.0128811 0.0476492 0.0043463 0.0000000 0.6143202 0.0053322 0.0059106 0.0153679 0.0000000 0.2352285 0.0125131 0.0277733
 70 S  70 0.0162216 0.0000000 0.0215395 0.0034771 0.0000000 0.0305542 0.0000000 0.0140111 0.0046795 0.0057222 0.0096687 0.0063641 0.0023849 0.0038815 0.0084364 0.6798410 0.1685007 0.0000000 0.0000000 0.0023606 0.0223570
 71 F  71 0.0000000 0.0053322 0.0063996 0.0109159 0.0000000 0.0000000 0.0000000 0.0125471 0.0000000 0.0259392 0.0576859 0.0000000 0.0410461 0.7742984 0.0063641 0.0061148 0.0000000 0.0000000 0.0206916 0.0026222 0.0300428
 72 G  72 0.0955113 0.0000000 0.0064882 0.0093967 0.0000000 0.0098495 0.0000000 0.6997392 0.0000000 0.0254537 0.0193367 0.0174760 0.0000000 0.0068696 0.0027937 0.0398842 0.0284455 0.0000000 0.0080663 0.0000000 0.0306895
 73 A  73 0.1776218 0.0024614 0.0335779 0.0000000 0.0028387 0.0294424 0.0186616 0.2074988 0.0030669 0.0346251 0.0515703 0.0420147 0.0461100 0.0248672 0.0070838 0.1422187 0.0827481 0.0000000 0.0000000 0.0567117 0.0368810
 74 K  74 0.0320288 0.1268641 0.0300770 0.0057590 0.0000000 0.0712973 0.0057828 0.0281873 0.0000000 0.0043463 0.0239753 0.4181097 0.0018147 0.0070418 0.0694217 0.0798450 0.0627070 0.0000000 0.0032990 0.0038815 0.0255617
 75 P  75 0.1107998 0.0046637 0.0363215 0.0144951 0.0025463 0.0000000 0.0270561 0.0284066 0.0933798 0.0086982 0.0532071 0.1182529 0.0000000 0.0058105 0.1763688 0.1046247 0.1389152 0.0000000 0.0132731 0.0315924 0.0315882
 76 A  76 0.0879681 0.0126605 0.0693817 0.1749157 0.0017466 0.0924881 0.1347749 0.0383800 0.0154992 0.0179075 0.0217916 0.0559957 0.0011465 0.0074012 0.0492192 0.0994287 0.0651276 0.0000000 0.0020506 0.0152010 0.0369157
 77 E  77 0.0837344 0.0285801 0.0294298 0.0924490 0.0000000 0.0668278 0.1369807 0.0159793 0.0306615 0.0378097 0.1004794 0.0480975 0.0029712 0.0000000 0.0583371 0.1027700 0.0684886 0.0000000 0.0042199 0.0576216 0.0345626
 78 K  78 0.0471026 0.0171691 0.0511663 0.0935158 0.0000000 0.0317141 0.1873295 0.0175828 0.0480870 0.0156250 0.0189062 0.1989406 0.0000000 0.0000000 0.0363148 0.0987966 0.0857750 0.0000000 0.0040959 0.0098341 0.0380446
 79 N  79 0.0436215 0.0279926 0.0495595 0.0293294 0.0000000 0.0328161 0.0697191 0.0142991 0.0417579 0.0309699 0.0194795 0.3632924 0.0015881 0.0049140 0.0799876 0.0715367 0.0279809 0.0000000 0.0000000 0.0468421 0.0443135
 80 N  80 0.0436937 0.0015387 0.0411843 0.0554016 0.0030119 0.0316218 0.0647598 0.0102252 0.0050076 0.0279855 0.0238952 0.0921148 0.0067080 0.0150911 0.2743486 0.1169758 0.0836527 0.0000000 0.0000000 0.0470077 0.0557759
 81 N  81 0.0875365 0.0074509 0.1470223 0.1269754 0.0000000 0.0252690 0.0929525 0.0421510 0.0010092 0.0117939 0.0152746 0.0552468 0.0020642 0.0000000 0.0350739 0.2279044 0.0612900 0.0000000 0.0000000 0.0082222 0.0527633
 82 E  82 0.0899296 0.0000000 0.0264650 0.2289997 0.0075511 0.0383227 0.1329069 0.0329417 0.0043879 0.0149881 0.0180004 0.0505929 0.0015569 0.0029881 0.0438202 0.0979657 0.1328461 0.0000000 0.0159194 0.0188742 0.0409436
 83 T  83 0.1429966 0.0000000 0.0488826 0.0421584 0.0000000 0.0222113 0.0253025 0.0149009 0.0062022 0.0518043 0.0064543 0.0490374 0.0034951 0.0047367 0.0524932 0.0953439 0.3384942 0.0000000 0.0000000 0.0597319 0.0357547
 84 S  84 0.0685974 0.0030340 0.0178603 0.0193764 0.0000000 0.0128968 0.0160913 0.0122381 0.0000000 0.0076228 0.0000000 0.0501093 0.0000000 0.0072245 0.4699468 0.1517206 0.1212663 0.0000000 0.0000000 0.0071379 0.0348774
 85 K  85 0.3959378 0.0000000 0.0091531 0.0000000 0.0032990 0.0529070 0.0036001 0.0584374 0.0000000 0.0000000 0.0066943 0.2803716 0.0000000 0.0000000 0.0233549 0.0551918 0.0648481 0.0000000 0.0000000 0.0138272 0.0323777
 86 P  86 0.0304472 0.0000000 0.0066056 0.0026889 0.0000000 0.0000000 0.0104655 0.0232940 0.0000000 0.0023884 0.0030340 0.0036260 0.0032441 0.0164260 0.7428712 0.0713897 0.0482966 0.0000000 0.0000000 0.0000000 0.0352225
 87 A  87 0.2198852 0.0000000 0.0275483 0.0000000 0.0164240 0.0000000 0.0042270 0.1290607 0.0000000 0.0091029 0.0131340 0.0273848 0.0058829 0.0037434 0.0233584 0.1737512 0.0752555 0.0000000 0.0000000 0.0234834 0.2477582
 88 F  88 0.0351562 0.0033881 0.0057196 0.0022505 0.0000000 0.0000000 0.0000000 0.0133634 0.0000000 0.0083996 0.0594441 0.0063641 0.0116638 0.4257695 0.0102090 0.0212265 0.0091000 0.0000000 0.0528298 0.0270113 0.3081044
 89 S  89 0.0320963 0.0000000 0.0277817 0.0000000 0.0000000 0.0158667 0.0000000 0.0412324 0.0000000 0.0032267 0.0108492 0.0175981 0.0000000 0.0069875 0.0087139 0.4058619 0.1056474 0.0000000 0.0109149 0.0096780 0.3035452
 90 F  90 0.0022789 0.0000000 0.0000000 0.0146207 0.0000000 0.0000000 0.0000000 0.0301938 0.0000000 0.0156942 0.0337216 0.0000000 0.0051623 0.5213214 0.0149932 0.0037434 0.0087815 0.0000000 0.0169868 0.0110385 0.3214639
 91 G  91 0.0242025 0.0000000 0.0111002 0.0135395 0.0000000 0.0026349 0.0041014 0.7218320 0.0000000 0.0291301 0.0039764 0.0105789 0.0000000 0.0031154 0.0158155 0.0351860 0.0078244 0.0000000 0.0080663 0.0024428 0.1064538
 92 A  92 0.2934906 0.0025415 0.0267067 0.0584074 0.0000000 0.0418933 0.0333635 0.0761766 0.0085297 0.0307342 0.0039549 0.0252183 0.0054398 0.0373538 0.0045033 0.1050080 0.1502162 0.0052127 0.0026379 0.0342470 0.0543646
 93 K  93 0.0963000 0.0221392 0.0225466 0.0047652 0.0026379 0.0491789 0.0083501 0.0374029 0.0036001 0.0038703 0.0056129 0.2179108 0.0039857 0.0339254 0.0397614 0.0925414 0.0516809 0.0000000 0.2536939 0.0180979 0.0319984
 94 S  94 0.0894852 0.0061816 0.0457471 0.0136381 0.0301068 0.0122053 0.0546728 0.0555257 0.0219482 0.0097581 0.0461318 0.1440639 0.0033710 0.0041311 0.1108997 0.1709386 0.1108848 0.0000000 0.0368506 0.0049503 0.0285094
 95 D  95 0.0917934 0.0000000 0.0369328 0.1678949 0.0000000 0.0542062 0.0961629 0.0231731 0.0000000 0.0038703 0.0080663 0.0193048 0.0000000 0.0073041 0.2984515 0.1206412 0.0370505 0.0000000 0.0000000 0.0072421 0.0279059
 96 E  96 0.0875557 0.0125461 0.0512862 0.0941739 0.0035140 0.0270290 0.3910349 0.0248120 0.0017500 0.0070131 0.0359340 0.0375962 0.0000000 0.0000000 0.0393609 0.0828580 0.0622641 0.0000000 0.0000000 0.0064239 0.0348481
 97 K  97 0.0247545 0.0120565 0.0689222 0.0672930 0.0000000 0.0318075 0.0788833 0.0119621 0.0330536 0.0074287 0.0177839 0.3854631 0.0000000 0.0035659 0.0635615 0.0395325 0.0914194 0.0000000 0.0000000 0.0239293 0.0385830
 98 K  98 0.0738879 0.0093491 0.0292141 0.0503553 0.0280828 0.0168440 0.0353658 0.0197860 0.0431707 0.0218328 0.0160791 0.2386964 0.0030588 0.0061474 0.0257586 0.0976835 0.0697526 0.0000000 0.0098825 0.1542015 0.0508509
 99 D  99 0.0433795 0.0920992 0.0648725 0.0652188 0.0026379 0.0424474 0.0997298 0.0165231 0.0036070 0.0170997 0.0250083 0.1444340 0.0021646 0.0000000 0.1043410 0.0955717 0.0606493 0.0000000 0.0020506 0.0577202 0.0604453
100 G 100 0.1001945 0.0022372 0.0567987 0.0716491 0.0000000 0.0293817 0.0756939 0.0328428 0.0154814 0.0188366 0.1868453 0.0632160 0.0053196 0.0023547 0.0429073 0.0992610 0.0756148 0.0000000 0.0052127 0.0323816 0.0837712
101 D 101 0.0724353 0.0000000 0.0568954 0.2869516 0.0000000 0.0416744 0.0908630 0.0429351 0.0184687 0.0134243 0.0347331 0.0360863 0.0032267 0.0031154 0.0310455 0.0825387 0.0791423 0.0000000 0.0015754 0.0223270 0.0825618
102 A 102 0.1608046 0.0186025 0.0103084 0.0405273 0.0000000 0.0212223 0.0473004 0.0275690 0.1004624 0.0094904 0.0061734 0.0961412 0.0032607 0.0024364 0.0715618 0.1780148 0.1246695 0.0000000 0.0042163 0.0145850 0.0626536
103 S 103 0.0913549 0.0090715 0.0757589 0.0219548 0.0000000 0.0386067 0.0207330 0.0600727 0.0183838 0.0000000 0.0068711 0.0521532 0.0053530 0.0030586 0.1585077 0.1873938 0.1400518 0.0000000 0.0000000 0.0043786 0.1062961
104 K 104 0.1334606 0.0011387 0.0052446 0.0015965 0.0000000 0.0268701 0.0032441 0.0195952 0.0000000 0.0058621 0.0065591 0.2680423 0.0076966 0.0040477 0.0444387 0.0924011 0.2201065 0.0000000 0.0000000 0.0356267 0.1240696
105 P 105 0.0526178 0.0000000 0.0000000 0.0000000 0.0000000 0.0034946 0.0061605 0.0338866 0.0015587 0.0000000 0.0033520 0.0021855 0.0000000 0.0035922 0.7394920 0.0476286 0.0380043 0.0000000 0.0000000 0.0044943 0.0635330
106 A 106 0.4550221 0.0076534 0.0149779 0.0000000 0.0000000 0.0534052 0.0075210 0.1131298 0.0015551 0.0040198 0.0051370 0.0411830 0.0035085 0.0030918 0.0088806 0.1607799 0.0540500 0.0000000 0.0037855 0.0245497 0.0377495
107 F 107 0.0171327 0.0000000 0.0000000 0.0000000 0.0000000 0.0000000 0.0038703 0.0000000 0.0000000 0.0156738 0.0339709 0.0044082 0.0000000 0.5783112 0.0098152 0.0077791 0.0125949 0.0000000 0.2653088 0.0057217 0.0454132
108 S 108 0.0241789 0.0000000 0.0165956 0.0000000 0.0000000 0.0231247 0.0025453 0.0207045 0.0062364 0.0000000 0.0085941 0.0054775 0.0038709 0.0030918 0.0039838 0.6190653 0.1764849 0.0000000 0.0000000 0.0349984 0.0510479
109 F 109 0.0051623 0.0000000 0.0042270 0.0116512 0.0000000 0.0000000 0.0000000 0.0070158 0.0000000 0.0288768 0.0324266 0.0000000 0.0117270 0.8018844 0.0033520 0.0055105 0.0069606 0.0000000 0.0199563 0.0071728 0.0540768
110 G 110 0.0746677 0.0000000 0.0169469 0.0140810 0.0000000 0.0064850 0.0000000 0.7215001 0.0000000 0.0255639 0.0053322 0.0077640 0.0000000 0.0000000 0.0053200 0.0359415 0.0218281 0.0000000 0.0094219 0.0051623 0.0499853
111 A 111 0.1938397 0.0020506 0.0292361 0.0044082 0.0027125 0.0733576 0.0189435 0.1738713 0.0089223 0.0332228 0.0696846 0.0293350 0.0430876 0.0074265 0.0037888 0.1000733 0.0935829 0.0000000 0.0000000 0.0612060 0.0512507
112 K 112 0.0631342 0.1389923 0.0170922 0.0038815 0.0000000 0.0729012 0.0000000 0.0143007 0.0000000 0.0000000 0.0112658 0.3914739 0.0000000 0.0142623 0.0755453 0.0808541 0.0530663 0.0000000 0.0000000 0.0044082 0.0588220
113 P 113 0.0794500 0.0020056 0.0492291 0.0025453 0.0017673 0.0076221 0.0092478 0.0373282 0.0762442 0.0086808 0.0478523 0.1088346 0.0000000 0.0046872 0.1713827 0.1196736 0.1714442 0.0000000 0.0112213 0.0245681 0.0662155
114 D 114 0.0615209 0.0057130 0.1441144 0.1882411 0.0012448 0.0845960 0.1060993 0.0300514 0.0024614 0.0110831 0.0162983 0.0336738 0.0000000 0.0015245 0.0369946 0.1106418 0.0715349 0.0000000 0.0015144 0.0098311 0.0828611
115 E 115 0.0519686 0.0241378 0.0325840 0.0773198 0.0000000 0.0383481 0.1083667 0.0154651 0.0311675 0.0580244 0.1433294 0.0295432 0.0053200 0.0015677 0.0955565 0.0687743 0.0735010 0.0000000 0.0030341 0.0452045 0.0967874
116 N 116 0.0678103 0.0133262 0.0229853 0.1038230 0.0040959 0.0352519 0.1621543 0.0240166 0.0586333 0.0236547 0.0149767 0.1199971 0.0073451 0.0000000 0.0243516 0.0683538 0.0863816 0.0000000 0.0028337 0.0560096 0.1039992
117 K 117 0.0361037 0.0150415 0.0347416 0.0171233 0.0000000 0.0418009 0.0585194 0.0040477 0.0354131 0.0088952 0.0186030 0.3750225 0.0024240 0.0045033 0.0517625 0.0874177 0.0706668 0.0000000 0.0000000 0.0456759 0.0922379
118 A 118 0.0638606 0.0017728 0.0190747 0.0734005 0.0012075 0.0316910 0.0519533 0.0155222 0.0056690 0.0108354 0.0149483 0.1038590 0.0058436 0.0178192 0.2790595 0.0946668 0.0564092 0.0000000 0.0000000 0.0454514 0.1069560
119 S 119 0.0780042 0.0052827 0.1356912 0.0971250 0.0000000 0.0331344 0.0637058 0.0137602 0.0060406 0.0085916 0.0130220 0.0594720 0.0096612 0.0111434 0.0440344 0.2253815 0.0808217 0.0000000 0.0000000 0.0143999 0.1007281
120 A 120 0.1423049 0.0000000 0.0553050 0.1942783 0.0080622 0.0211005 0.1036153 0.0406163 0.0095989 0.0043950 0.0092275 0.0405940 0.0052555 0.0036001 0.0546148 0.0816106 0.1064188 0.0000000 0.0062043 0.0025804 0.1106175
121 T 121 0.1261984 0.0000000 0.0267084 0.0405586 0.0080663 0.0068456 0.0334593 0.0156729 0.0075625 0.0760453 0.0111953 0.0326191 0.0052813 0.0580327 0.0189984 0.0813783 0.2920048 0.0000000 0.0000000 0.0408923 0.1184807
122 S 122 0.0551387 0.0029731 0.0081594 0.0069274 0.0000000 0.0000000 0.0069148 0.1028622 0.0000000 0.0043367 0.0042270 0.0092345 0.0000000 0.0037888 0.4579903 0.0946791 0.1136134 0.0000000 0.0000000 0.0042120 0.1249427
123 K 123 0.3456524 0.0043687 0.0348019 0.0028235 0.0000000 0.0473418 0.0000000 0.0913231 0.0000000 0.0097899 0.0000000 0.2248741 0.0000000 0.0000000 0.0123251 0.0508912 0.0458765 0.0000000 0.0000000 0.0063421 0.1235895
124 P 124 0.0091859 0.0000000 0.0049800 0.0026569 0.0000000 0.0000000 0.0065119 0.0206600 0.0000000 0.0034946 0.0060353 0.0021855 0.0000000 0.0703647 0.6373651 0.0521019 0.0220678 0.0000000 0.0000000 0.0039406 0.1584499
125 A 125 0.1997814 0.0074278 0.0133604 0.0000000 0.0043514 0.0034200 0.0017722 0.3388323 0.0000000 0.0021255 0.0031445 0.0094144 0.0000000 0.0000000 0.0049503 0.1606525 0.0329494 0.0000000 0.0000000 0.0229744 0.1948435
126 L 126 0.0470544 0.0015571 0.0000000 0.0071373 0.0000000 0.0000000 0.0000000 0.0048175 0.0101627 0.0037719 0.0435675 0.0000000 0.0084225 0.3098808 0.0017237 0.0224124 0.0137987 0.0000000 0.0418539 0.0205757 0.4632637
127 E 127 0.0194682 0.0000000 0.0114831 0.0000000 0.0000000 0.0120891 0.0037911 0.0234534 0.0000000 0.0000000 0.0064336 0.0046872 0.0000000 0.0000000 0.0037888 0.2549647 0.0614256 0.0000000 0.0852555 0.0070430 0.5061167
128 H 128 0.0123015 0.0000000 0.0087085 0.0049951 0.0000000 0.0284556 0.0104200 0.0175062 0.0250521 0.0018791 0.0040695 0.0053200 0.0000000 0.2817970 0.0000000 0.0082728 0.0034200 0.0000000 0.0206446 0.0000000 0.5671580
129 H 129 0.0530420 0.0000000 0.0000000 0.0000000 0.0000000 0.0000000 0.0000000 0.0654950 0.0037911 0.0000000 0.0291301 0.0216702 0.0000000 0.0000000 0.0770700 0.0057272 0.0080041 0.0000000 0.0080663 0.0087085 0.7192955
130 H 130 0.0053200 0.0000000 0.0000000 0.0049951 0.0000000 0.0421066 0.0823946 0.0019278 0.0037911 0.0032305 0.0000000 0.0070775 0.0000000 0.0000000 0.0439231 0.0513323 0.0109116 0.0000000 0.0000000 0.0000000 0.7429898
131 H 131 0.0376421 0.0245266 0.0000000 0.0043515 0.0000000 0.0043514 0.0000000 0.0000000 0.0066006 0.0000000 0.0204671 0.0264640 0.0000000 0.0000000 0.0000000 0.0000000 0.0000000 0.0000000 0.0000000 0.0000000 0.8755969
132 H 132 0.0000000 0.0000000 0.0037638 0.0000000 0.0043514 0.0000000 0.0000000 0.0000000 0.0472045 0.0000000 0.0000000 0.0000000 0.0000000 0.0000000 0.0000000 0.0000000 0.0000000 0.0000000 0.0091133 0.0049951 0.9305719
133 H 133 0.0000000 0.0000000 0.0063829 0.0000000 0.0000000 0.0000000 0.0000000 0.0000000 0.0422676 0.0000000 0.0000000 0.0000000 0.0000000 0.0000000 0.0000000 0.0000000 0.0000000 0.0000000 0.0000000 0.0000000 0.9513494
