  119         A         R         N         D         C         Q         E         G         H         I         L         K         M         F         P         S         T         W         Y         V         X    
  1 M   1 0.0000000 0.0000000 0.0000000 0.0000000 0.0000000 0.0000000 0.0000000 0.0000000 0.0000000 0.0000000 0.0000000 0.0000000 0.4803375 0.0000000 0.0000000 0.0000000 0.0000000 0.0000000 0.0000000 0.0000000 0.5196625
  2 V   2 0.0093427 0.0020952 0.0000000 0.0010640 0.0000000 0.0013219 0.0025997 0.0368345 0.0020986 0.0028139 0.0009073 0.0081393 0.0017064 0.0000000 0.2685585 0.0176212 0.0382338 0.0000000 0.0000000 0.1494263 0.4572367
  3 Q   3 0.0283238 0.1773919 0.0584287 0.0081369 0.0031272 0.0251468 0.0039158 0.0195306 0.0238640 0.0245477 0.0168022 0.1236296 0.0043542 0.0090569 0.0087593 0.0139412 0.0253482 0.0058614 0.0145262 0.0188169 0.3864905
  4 S   4 0.0084548 0.1226605 0.0293944 0.0000000 0.0354816 0.0168563 0.0029730 0.0079742 0.0646244 0.0187386 0.0106606 0.1298573 0.0033679 0.0290617 0.0107668 0.1176394 0.0697636 0.0027253 0.0599262 0.0369799 0.2220935
  5 C   5 0.0000000 0.0018915 0.0000000 0.0000000 0.8947552 0.0000000 0.0000000 0.0000000 0.0000000 0.0000000 0.0000000 0.0023213 0.0000000 0.0025369 0.0000000 0.0000000 0.0000000 0.0000000 0.0019676 0.0000000 0.0965274
  6 S   6 0.1928190 0.0125078 0.0000000 0.0022361 0.2458863 0.0055374 0.0055177 0.0099978 0.0000000 0.0770738 0.0278141 0.0135660 0.0045914 0.0400224 0.0000000 0.1362589 0.0141312 0.0055637 0.0125051 0.0980801 0.0958912
  7 A   7 0.1991170 0.0000000 0.0000000 0.0000000 0.0037013 0.0000000 0.0000000 0.0014000 0.0000000 0.0970169 0.0657914 0.0013937 0.0056910 0.0373655 0.0000000 0.0029239 0.0011701 0.0011010 0.0330816 0.4537754 0.0964710
  8 Y   8 0.0558840 0.0566200 0.0226663 0.0065167 0.0487756 0.0138796 0.0430225 0.0159415 0.0124669 0.0437420 0.0338846 0.0821113 0.0045715 0.0330714 0.2363222 0.0495491 0.0137942 0.0016985 0.0391877 0.0589966 0.1272981
  9 G   9 0.0081391 0.0137899 0.1421825 0.0519023 0.0112797 0.0212169 0.0116970 0.3629911 0.0422399 0.0039434 0.0326012 0.0178143 0.0084292 0.0221720 0.0000000 0.0496303 0.0357855 0.0029632 0.0196009 0.0120093 0.1296125
 10 C  10 0.0000000 0.0103809 0.0062579 0.0000000 0.8563841 0.0000000 0.0000000 0.0000000 0.0018018 0.0000000 0.0030940 0.0038089 0.0000000 0.0032589 0.0000000 0.0011843 0.0071617 0.0017506 0.0021339 0.0000000 0.1027830
 11 K  11 0.0146180 0.0822570 0.0665211 0.0300942 0.0207808 0.0160568 0.0451929 0.0591194 0.0178432 0.0075179 0.0213147 0.1569063 0.0034828 0.0177218 0.0618156 0.1096714 0.1033017 0.0011877 0.0113173 0.0087920 0.1444875
 12 N  12 0.0292109 0.0296899 0.3431969 0.0156140 0.0000000 0.0122183 0.0070578 0.0074768 0.0294531 0.0032829 0.0045734 0.0256612 0.0059685 0.0107307 0.0009778 0.1753515 0.0702782 0.0000000 0.0115259 0.0346258 0.1831062
 13 R  13 0.0159079 0.2477358 0.0739210 0.0165129 0.0033688 0.0148089 0.0162939 0.0586473 0.0049926 0.0134228 0.0132536 0.0998895 0.0024408 0.0074072 0.0125123 0.1118107 0.1172707 0.0049705 0.0169569 0.0113710 0.1365050
 14 Y  14 0.0561273 0.1024235 0.0476263 0.0362626 0.0089503 0.0435756 0.0191256 0.0076936 0.0200722 0.0072870 0.0141674 0.0824273 0.0050052 0.0173932 0.0100899 0.1683250 0.0670550 0.0048721 0.1245760 0.0269134 0.1300317
 15 D  15 0.0444717 0.0815051 0.0564412 0.0685632 0.0039299 0.0363533 0.0533160 0.0778508 0.0247007 0.0294253 0.0233365 0.0917787 0.0019067 0.0073275 0.0305304 0.1099312 0.0708586 0.0014816 0.0335121 0.0336643 0.1191150
 16 K  16 0.0385107 0.1776889 0.0421613 0.0274465 0.0094092 0.0413229 0.0232106 0.0225730 0.0201729 0.0091956 0.0159354 0.1866351 0.0034664 0.0052449 0.0360345 0.1026801 0.0607958 0.0034628 0.0132168 0.0179097 0.1429267
 17 D  17 0.0432291 0.0440386 0.1355160 0.1213313 0.0009688 0.0256019 0.0892290 0.1199607 0.0394793 0.0142118 0.0256752 0.0537836 0.0065679 0.0118248 0.0088031 0.0479964 0.0281933 0.0000000 0.0122718 0.0401805 0.1311367
 18 K  18 0.0146555 0.0837195 0.0432062 0.0622317 0.0087842 0.0419476 0.0671978 0.0430398 0.0405432 0.0137759 0.0077574 0.1504659 0.0017651 0.0159158 0.1230046 0.0838201 0.0411709 0.0000000 0.0113536 0.0136994 0.1319457
 19 P  19 0.0144938 0.0348803 0.1283402 0.0888040 0.0052836 0.0382977 0.0374245 0.2243094 0.0066301 0.0008289 0.0123709 0.1254559 0.0012708 0.0116080 0.0232247 0.0591826 0.0241343 0.0000000 0.0083968 0.0049202 0.1501434
 20 V  20 0.0143370 0.0415159 0.0014597 0.0025556 0.0160068 0.0043530 0.0061092 0.0046603 0.0039310 0.1979536 0.1946908 0.0269563 0.0279773 0.0157142 0.0040157 0.0044855 0.0226484 0.0023963 0.0265767 0.2392959 0.1423606
 21 S  21 0.0208205 0.1018183 0.0117695 0.0000000 0.0038824 0.0532430 0.0080986 0.0140591 0.0533066 0.0357983 0.0246072 0.0809469 0.0059586 0.0052009 0.0202682 0.2804146 0.1389372 0.0030309 0.0042271 0.0218534 0.1117586
 22 F  22 0.0051221 0.0030540 0.0000000 0.0000000 0.0102310 0.0000000 0.0000000 0.0011396 0.0038382 0.0135006 0.2816396 0.0028393 0.0490889 0.4155996 0.0000000 0.0102119 0.0172606 0.0012532 0.0714425 0.0249029 0.0888761
 23 H  23 0.0012495 0.0009238 0.0061063 0.0000000 0.0036864 0.0033772 0.0027456 0.0000000 0.3722461 0.0146191 0.0073031 0.0028399 0.0000000 0.3350482 0.0000000 0.0032488 0.0056839 0.0000000 0.1622830 0.0049037 0.0737355
 24 K  24 0.0440329 0.3222138 0.0306942 0.0042289 0.0201741 0.0222731 0.0194654 0.0510436 0.0255130 0.0073305 0.0061493 0.1532391 0.0116442 0.0033784 0.0520825 0.0898498 0.0512331 0.0013895 0.0049344 0.0249282 0.0542019
 25 F  25 0.0122155 0.0031456 0.0016696 0.0000000 0.0020472 0.0000000 0.0000000 0.0000000 0.0000000 0.0717203 0.0813679 0.0017933 0.0091413 0.6738219 0.0020707 0.0021898 0.0015980 0.0000000 0.0199448 0.0568514 0.0604227
 26 P  26 0.0023215 0.0000000 0.0000000 0.0000000 0.0031352 0.0000000 0.0000000 0.0000000 0.0000000 0.0015257 0.0026442 0.0014044 0.0000000 0.0017082 0.9268268 0.0053026 0.0022299 0.0013690 0.0000000 0.0000000 0.0515325
 27 L  27 0.0513859 0.0508630 0.0212322 0.0049447 0.0062914 0.0071892 0.0049653 0.0135137 0.0145394 0.0137850 0.0933477 0.0862751 0.0076566 0.0406543 0.0268666 0.0359557 0.0719993 0.0014315 0.0010943 0.0347358 0.4112736
 28 T  28 0.0256296 0.1059126 0.0484051 0.0549813 0.0065733 0.0241020 0.0477273 0.0144234 0.0173778 0.0030837 0.0111359 0.3516947 0.0011621 0.0009612 0.0092662 0.1140366 0.0234360 0.0034291 0.0110706 0.0070313 0.1185603
 29 R  29 0.0010614 0.0678489 0.1793640 0.4259479 0.0116694 0.0190393 0.0960498 0.0124028 0.0065396 0.0074779 0.0014808 0.0367895 0.0015509 0.0000000 0.0121307 0.0161631 0.0107704 0.0000000 0.0032479 0.0064261 0.0840397
 30 P  30 0.0709702 0.0459300 0.0220673 0.0193409 0.0024221 0.0280263 0.1282119 0.0178941 0.0073519 0.0561718 0.0458867 0.0939731 0.0063104 0.0069042 0.2779578 0.0404373 0.0423132 0.0014898 0.0024297 0.0287766 0.0551350
 31 S  31 0.0692326 0.0327326 0.0560717 0.1037724 0.0047375 0.0543879 0.2059038 0.0275366 0.0229211 0.0309380 0.0251755 0.0782844 0.0016672 0.0076580 0.0362016 0.0676708 0.0531717 0.0031574 0.0138325 0.0576640 0.0472826
 32 L  32 0.0183776 0.2765231 0.0051898 0.0064675 0.0051579 0.0608093 0.0125657 0.0000000 0.0039404 0.0865239 0.2928844 0.0460701 0.0473352 0.0077493 0.0000000 0.0133041 0.0234052 0.0020565 0.0105231 0.0473537 0.0337629
 33 C  33 0.0382854 0.3319583 0.0051010 0.0000000 0.0725008 0.0265137 0.0034759 0.0047538 0.0131539 0.0559613 0.2423303 0.0493508 0.0154713 0.0481309 0.0000000 0.0117990 0.0053864 0.0104016 0.0177854 0.0078106 0.0398297
 34 K  34 0.0697951 0.1192756 0.0532283 0.0306181 0.0024217 0.1367581 0.1180991 0.0142513 0.0070304 0.0142961 0.0459066 0.2593975 0.0021314 0.0021618 0.0034962 0.0394681 0.0286682 0.0081528 0.0025325 0.0152640 0.0270470
 35 E  35 0.0581721 0.0781197 0.0184356 0.0108467 0.0028826 0.1257820 0.0760311 0.0000000 0.0090816 0.0626472 0.1154988 0.3109439 0.0169544 0.0000000 0.0000000 0.0118156 0.0158788 0.0165967 0.0077104 0.0220181 0.0405847
 36 W  36 0.0000000 0.0029766 0.0015865 0.0000000 0.0035393 0.0000000 0.0000000 0.0000000 0.0000000 0.0000000 0.0067857 0.0000000 0.0000000 0.0062228 0.0000000 0.0000000 0.0000000 0.9580425 0.0028487 0.0000000 0.0179979
 37 E  37 0.0394463 0.0428551 0.0098831 0.0073288 0.0569732 0.0265422 0.0421074 0.0014903 0.0038980 0.1749016 0.2898598 0.0485374 0.0469889 0.0140300 0.0008887 0.0176694 0.0144119 0.0065691 0.0044452 0.1366069 0.0145671
 38 A  38 0.0861409 0.0864210 0.0950460 0.0540733 0.0014326 0.0573851 0.1296502 0.0058779 0.0930604 0.0255059 0.0594780 0.1502103 0.0116054 0.0033741 0.0000000 0.0366573 0.0435687 0.0021339 0.0170774 0.0276218 0.0136799
 39 A  39 0.2572798 0.0338352 0.2833191 0.0024221 0.0022152 0.0420682 0.0080889 0.0046418 0.0130898 0.0369793 0.0357105 0.0391417 0.0052433 0.1074981 0.0000000 0.0436675 0.0132750 0.0000000 0.0095865 0.0444475 0.0174905
 40 V  40 0.0218964 0.0046449 0.0000000 0.0017594 0.1759124 0.0076173 0.0000000 0.0231474 0.0000000 0.2304790 0.2166504 0.0018269 0.0598840 0.0143551 0.0000000 0.0301943 0.0758203 0.0000000 0.0041674 0.1193852 0.0122595
 41 R  41 0.0175533 0.1758719 0.0825882 0.0091938 0.0067351 0.1063796 0.0134264 0.2560030 0.0275408 0.0024871 0.0088622 0.1434381 0.0000000 0.0026212 0.0594100 0.0461171 0.0072944 0.0022028 0.0057815 0.0085842 0.0179093
 42 R  42 0.0162319 0.3821970 0.0443333 0.0174943 0.0193030 0.0482597 0.0098308 0.0179825 0.0144999 0.0946911 0.1034374 0.0509143 0.0483385 0.0072901 0.0052239 0.0091959 0.0133912 0.0066794 0.0088303 0.0571158 0.0247597
 43 K  43 0.0646124 0.0233656 0.0330210 0.1311183 0.0046007 0.0260715 0.1217116 0.0290136 0.0190442 0.0148360 0.0292707 0.1395028 0.0064733 0.0194241 0.1191977 0.0630977 0.0630723 0.0000000 0.0187862 0.0367101 0.0370703
 44 N  44 0.0127968 0.0473876 0.1858761 0.2172476 0.0034640 0.0305033 0.0809779 0.0813076 0.0421243 0.0142915 0.0146561 0.0424314 0.0130509 0.0296493 0.0554449 0.0419214 0.0163958 0.0075784 0.0087219 0.0069593 0.0472139
 45 F  45 0.0322977 0.0364099 0.0111324 0.0504376 0.0166806 0.0037316 0.0445536 0.0397810 0.0137113 0.0517282 0.1103075 0.0584947 0.0043422 0.1430423 0.0304324 0.0152736 0.0206418 0.1792698 0.0349782 0.0439650 0.0587885
 46 K  46 0.0356405 0.0358367 0.0358878 0.0392701 0.0035046 0.0774478 0.1212255 0.0088543 0.0195697 0.0726922 0.0468924 0.1530061 0.0190516 0.0103928 0.0381326 0.0348317 0.0891980 0.0064297 0.0269504 0.0929527 0.0322328
 47 P  47 0.0422480 0.0389099 0.0575749 0.0519930 0.0123209 0.0226371 0.0222122 0.0250253 0.0055750 0.0637916 0.0843106 0.0501473 0.0172450 0.0232752 0.3118777 0.0384749 0.0069109 0.0000000 0.0085901 0.0850093 0.0318711
 48 T  48 0.0278336 0.0462125 0.0703528 0.0298049 0.0171931 0.0285677 0.0050874 0.0335238 0.0239665 0.0387163 0.0726004 0.0993643 0.0174142 0.0232502 0.0469326 0.1713573 0.1890734 0.0021735 0.0182306 0.0139151 0.0244297
 49 K  49 0.0486741 0.0694982 0.0382993 0.0813558 0.0226725 0.0657878 0.0614627 0.0339170 0.0116100 0.0111037 0.0229623 0.2542941 0.0073017 0.0157602 0.0639591 0.1102458 0.0250928 0.0123764 0.0084713 0.0109555 0.0241997
 50 Y  50 0.0142564 0.0657964 0.1875774 0.0357104 0.0081765 0.0408263 0.0115981 0.0630764 0.0989093 0.0038335 0.0199152 0.0594104 0.0058687 0.0171221 0.0197931 0.1093680 0.0689537 0.0410800 0.0938995 0.0063624 0.0284663
 51 S  51 0.0794383 0.0340780 0.0211607 0.0365841 0.0191065 0.0529277 0.0044487 0.0081885 0.0419540 0.0169659 0.0513100 0.0225824 0.0384689 0.0483118 0.0177930 0.2505673 0.0992452 0.0081907 0.0892836 0.0324589 0.0269358
 52 S  52 0.0368082 0.3602877 0.0111993 0.0000000 0.0173820 0.0247283 0.0017890 0.0105813 0.0290063 0.0164430 0.0438720 0.0952978 0.0159206 0.0683094 0.0027501 0.0169661 0.0146229 0.0010873 0.1061470 0.1130180 0.0137837
 53 I  53 0.0039707 0.0000000 0.0028848 0.0026573 0.0014186 0.0000000 0.0000000 0.0000000 0.0000000 0.3889554 0.2002400 0.0000000 0.0281868 0.0162003 0.0028992 0.0039969 0.0000000 0.0000000 0.0013136 0.3380054 0.0092711
 54 C  54 0.0026573 0.0000000 0.0000000 0.0000000 0.9794487 0.0000000 0.0000000 0.0000000 0.0000000 0.0000000 0.0000000 0.0000000 0.0000000 0.0023335 0.0000000 0.0018531 0.0000000 0.0000000 0.0044363 0.0000000 0.0092711
 55 S  55 0.0479972 0.0090595 0.0380897 0.0165414 0.0097266 0.0315950 0.1157292 0.0347586 0.0323840 0.0203347 0.0057696 0.0080037 0.0048752 0.0037270 0.0015835 0.5810509 0.0074018 0.0021476 0.0109742 0.0059163 0.0123344
 56 E  56 0.0700230 0.1698806 0.0412072 0.1167122 0.0088942 0.0309362 0.1248172 0.0070569 0.0094202 0.0258968 0.1121950 0.1347164 0.0189371 0.0077578 0.0000000 0.0267256 0.0216110 0.0032362 0.0049261 0.0502286 0.0148218
 57 H  57 0.0000000 0.0017379 0.0017895 0.0017392 0.0000000 0.0000000 0.0000000 0.0000000 0.9717384 0.0000000 0.0000000 0.0000000 0.0000000 0.0000000 0.0034075 0.0000000 0.0000000 0.0000000 0.0047657 0.0000000 0.0148218
 58 F  58 0.0000000 0.0000000 0.0000000 0.0000000 0.0000000 0.0000000 0.0000000 0.0000000 0.0000000 0.0060967 0.0018697 0.0000000 0.0000000 0.9565705 0.0000000 0.0000000 0.0000000 0.0141123 0.0017631 0.0000000 0.0195876
 59 T  59 0.0454151 0.0770316 0.0193154 0.0821804 0.0018503 0.0401458 0.2532058 0.0089062 0.0239880 0.0161285 0.0418906 0.0844053 0.0016416 0.0000000 0.0339543 0.0497815 0.1242517 0.0000000 0.0010051 0.0416760 0.0532267
 60 P  60 0.0582016 0.0449802 0.0247792 0.0815003 0.0021258 0.0237004 0.1790871 0.0165738 0.0079801 0.0085702 0.0133893 0.1080161 0.0015881 0.0010307 0.2611386 0.0565986 0.0386141 0.0000000 0.0030039 0.0149391 0.0541827
 61 D  61 0.0360043 0.0622927 0.0617434 0.1961327 0.0033467 0.0330254 0.1769880 0.0436880 0.0443898 0.0143631 0.0117648 0.0403431 0.0040080 0.0038055 0.0000000 0.1364706 0.0480603 0.0000000 0.0095217 0.0063768 0.0676750
 62 S  62 0.0328943 0.0000000 0.0188082 0.2815628 0.2843140 0.0498389 0.0149199 0.0022656 0.0095237 0.0010011 0.0183121 0.0116093 0.0367693 0.0223540 0.0000000 0.0679981 0.0010587 0.0018886 0.0375265 0.0088951 0.0984597
 63 F  63 0.0057659 0.0017678 0.0023410 0.0000000 0.0017965 0.0017832 0.0040332 0.0011875 0.0000000 0.1754225 0.0440199 0.0019860 0.0233632 0.4028061 0.0095763 0.0024638 0.0023453 0.0123123 0.1842656 0.0152980 0.1074660
 64 K  64 0.0100107 0.0274444 0.0502328 0.0833841 0.0235186 0.0418660 0.1201509 0.0060439 0.0190803 0.0620235 0.0523912 0.0869089 0.0247181 0.0172186 0.0054046 0.0691340 0.0414711 0.0041076 0.0272233 0.0516181 0.1760494
 65 R  65 0.0421621 0.1480442 0.0843927 0.0271398 0.0160991 0.0327632 0.0486832 0.0370999 0.0102488 0.0543768 0.0360528 0.0842478 0.0209637 0.0228174 0.0334307 0.0404719 0.0332093 0.0154361 0.0133927 0.0237399 0.1752279
 66 E  66 0.0255014 0.0768610 0.0363332 0.0353429 0.0104658 0.0247442 0.0343500 0.0347404 0.0090293 0.0139745 0.0129291 0.0925355 0.0047709 0.0424926 0.0621253 0.1224663 0.1136156 0.0000000 0.0506433 0.0432505 0.1538284
 67 S  67 0.0387109 0.0264777 0.0676090 0.0516682 0.0183812 0.0092975 0.0208516 0.1669159 0.0070441 0.0082647 0.0552467 0.0570959 0.0059760 0.0230947 0.0488259 0.1089312 0.0312800 0.0307070 0.0512644 0.0212549 0.1511023
 68 N  68 0.0166341 0.0591648 0.0972495 0.0330460 0.0068186 0.0592115 0.0155275 0.2321032 0.0134705 0.0174444 0.0356873 0.1282612 0.0112568 0.0013952 0.0311260 0.0504006 0.0322450 0.0010065 0.0166720 0.0198967 0.1213826
 69 N  69 0.0070601 0.2348104 0.0627840 0.0161918 0.0056702 0.0116054 0.0099917 0.0559820 0.0208764 0.0241488 0.0288443 0.1640836 0.0074852 0.0057096 0.0449511 0.0560814 0.0523676 0.0072340 0.0299533 0.0442507 0.1099186
 70 K  70 0.0200202 0.2649969 0.0234915 0.0234715 0.0194468 0.0250721 0.0035148 0.0098840 0.0178294 0.0425537 0.0442438 0.2015634 0.0067559 0.0115342 0.0466680 0.0144471 0.0361780 0.0169871 0.0112840 0.0436769 0.1163808
 71 L  71 0.0046912 0.2564051 0.0274942 0.0036177 0.0012882 0.0361144 0.0132826 0.0133685 0.0274068 0.0391842 0.0828922 0.1345396 0.0252461 0.0295414 0.0079869 0.0294974 0.0465665 0.0023139 0.0515115 0.0543883 0.1126633
 72 L  72 0.0000000 0.0032629 0.0038578 0.0011911 0.0000000 0.0000000 0.0087444 0.0000000 0.0000000 0.0290776 0.8195520 0.0018549 0.0153738 0.0034075 0.0029227 0.0019883 0.0010457 0.0000000 0.0000000 0.0172823 0.0904390
 73 K  73 0.0256623 0.1676896 0.0511897 0.0072543 0.0146434 0.0147461 0.0136313 0.0012665 0.0276158 0.0155529 0.0485384 0.3681754 0.0125425 0.0215552 0.0033424 0.0376070 0.0274344 0.0000000 0.0143111 0.0398231 0.0874184
 74 E  74 0.0495402 0.0527109 0.0244366 0.0502624 0.0076387 0.0419831 0.0672954 0.0205334 0.0271838 0.0158053 0.0224268 0.1174183 0.0080079 0.0064135 0.2726108 0.0657017 0.0273607 0.0090326 0.0264197 0.0120654 0.0751526
 75 N  75 0.0012284 0.0146727 0.1944071 0.2064721 0.0013054 0.0048233 0.0270414 0.2260975 0.0099767 0.0078921 0.0044337 0.0057682 0.0081024 0.0174061 0.0000000 0.0402295 0.0805187 0.0743139 0.0045214 0.0107458 0.0600435
 76 A  76 0.7088515 0.0024585 0.0063096 0.0066154 0.0012257 0.0047854 0.0000000 0.0009424 0.0089130 0.0022711 0.0000000 0.0031065 0.0010617 0.0028803 0.0032158 0.0919293 0.0140680 0.0228285 0.0223613 0.0392407 0.0569356
 77 V  77 0.0148889 0.0051124 0.0045385 0.0000000 0.0077464 0.0000000 0.0046514 0.0000000 0.0000000 0.2213566 0.0428507 0.0029125 0.0308298 0.0179149 0.0123924 0.0038691 0.0131850 0.0048105 0.0043466 0.5535121 0.0550822
 78 P  78 0.0000000 0.0000000 0.0000000 0.0000000 0.0000000 0.0000000 0.0000000 0.0000000 0.0000000 0.0000000 0.0000000 0.0000000 0.0000000 0.0000000 0.9491429 0.0000000 0.0031518 0.0000000 0.0000000 0.0000000 0.0477053
 79 T  79 0.0000000 0.0099637 0.0060729 0.0021781 0.0208452 0.0023696 0.0056299 0.0017130 0.0040022 0.0050866 0.0046538 0.0081595 0.0016250 0.0034051 0.0000000 0.2639280 0.5404930 0.0034498 0.0025201 0.0043896 0.1095150
 80 I  80 0.0000000 0.0253729 0.0017214 0.0000000 0.0042952 0.0133037 0.0038127 0.0000000 0.0028172 0.3064199 0.3230860 0.0184875 0.0064255 0.0143334 0.0048481 0.0025011 0.0016109 0.0000000 0.0000000 0.1429123 0.1280523
 81 F  81 0.0033774 0.0199419 0.1329741 0.0043944 0.0016138 0.0028969 0.0300487 0.0009096 0.0734119 0.0135201 0.0097821 0.0159349 0.0106451 0.4392972 0.0060185 0.0093304 0.0017754 0.0049657 0.0432999 0.0096578 0.1662044
 82 L  82 0.0357984 0.0067463 0.0274053 0.0438506 0.0049331 0.0070015 0.0329141 0.0140322 0.0089034 0.0278670 0.2880738 0.0316789 0.0152510 0.0046574 0.1203109 0.0693853 0.0257169 0.0012461 0.0000000 0.0383163 0.1959117
 83 E  83 0.0298369 0.0185394 0.0709277 0.0205498 0.0078462 0.0115581 0.0432912 0.1659599 0.0206996 0.0128153 0.0328000 0.0329378 0.0067097 0.0511051 0.1115272 0.0736602 0.0145955 0.0289587 0.0204854 0.0200869 0.2051095
 84 L  84 0.0268644 0.0616874 0.0449965 0.0202183 0.0119595 0.0405862 0.0413692 0.0196980 0.1054630 0.0263619 0.0268999 0.0477127 0.0059328 0.0188847 0.0768625 0.0632202 0.0874212 0.0011418 0.0137647 0.0312873 0.2276678
 85 V  85 0.0390081 0.0266492 0.0576438 0.0968949 0.0007637 0.0333328 0.0800658 0.0162060 0.0082381 0.0243092 0.0251812 0.0398820 0.0069717 0.0061653 0.1135240 0.0730419 0.0433813 0.0028920 0.0135565 0.0468352 0.2454573
 86 P  86 0.0353660 0.0203729 0.0379250 0.0491661 0.0141549 0.0333872 0.0456586 0.0156609 0.0338900 0.0021466 0.0127965 0.1082577 0.0025538 0.0091053 0.1479269 0.0625368 0.0460527 0.0012982 0.0012279 0.0434702 0.2770458
 87 R  87 0.0342464 0.0500197 0.0297413 0.0484485 0.0008656 0.0151676 0.0706132 0.0121595 0.0362127 0.0119332 0.0352912 0.0576762 0.0040948 0.0056239 0.0908345 0.0677152 0.0743570 0.0019665 0.0336052 0.0350355 0.2843921
 88 G  88 0.0574248 0.0383936 0.0246135 0.0463175 0.0052498 0.0706418 0.0576506 0.0359971 0.0137899 0.0141156 0.0463352 0.0796740 0.0089270 0.0099945 0.0510743 0.0777046 0.0358583 0.0000000 0.0082326 0.0181531 0.2998522
 89 C  89 0.0162516 0.0383817 0.0428282 0.0257383 0.0143059 0.0536655 0.0818580 0.0095335 0.0031891 0.0561231 0.0703940 0.1029442 0.0075483 0.0147216 0.0242268 0.0466944 0.0253346 0.0000000 0.0042730 0.0562669 0.3057215
 90 T  90 0.0319180 0.0497665 0.0332578 0.0150416 0.0065116 0.0308779 0.0551968 0.0109418 0.0101843 0.0400480 0.0457341 0.0496782 0.0112200 0.0114977 0.0772250 0.0977769 0.0498251 0.0035268 0.0122392 0.0361867 0.3213462
 91 T  91 0.0369830 0.0648895 0.0396604 0.0135394 0.0118214 0.0239397 0.0575767 0.0223797 0.0172445 0.0191741 0.0403424 0.0834167 0.0106556 0.0037161 0.0535697 0.0544903 0.0429885 0.0000000 0.0284926 0.0420733 0.3330463
 92 G  92 0.0627072 0.0436916 0.0301529 0.0299583 0.0070545 0.0243424 0.0910849 0.0387846 0.0065424 0.0164624 0.0417117 0.0815477 0.0080437 0.0051008 0.0574987 0.0422069 0.0397443 0.0023208 0.0038658 0.0179116 0.3492666
 93 T  93 0.0415915 0.0739347 0.0654661 0.0145902 0.0000000 0.0454595 0.0657535 0.0118171 0.0170735 0.0188915 0.0268989 0.0824910 0.0074353 0.0041932 0.0422850 0.0656946 0.0459573 0.0000000 0.0020907 0.0092191 0.3591574
 94 G  94 0.0233186 0.0690534 0.0432259 0.0342286 0.0031615 0.0230938 0.0557468 0.0397050 0.0255160 0.0276813 0.0171805 0.0531692 0.0036859 0.0135732 0.0436308 0.0681243 0.0452499 0.0020657 0.0041114 0.0243395 0.3801387
 95 T  95 0.0349590 0.0863523 0.0268726 0.0445201 0.0059203 0.0299990 0.0483284 0.0124939 0.0071870 0.0183196 0.0244912 0.0826875 0.0000000 0.0046385 0.0295850 0.0257710 0.0800908 0.0000000 0.0188882 0.0164185 0.4024770
 96 G  96 0.0280043 0.0366382 0.0294873 0.0189079 0.0019967 0.0308425 0.0371422 0.0467662 0.0122919 0.0132322 0.0362610 0.0832593 0.0211865 0.0046796 0.0562933 0.0727050 0.0200772 0.0040082 0.0015858 0.0216047 0.4230300
 97 G  97 0.0407494 0.1134030 0.0190921 0.0094924 0.0038577 0.0360855 0.0247732 0.0281569 0.0146381 0.0096307 0.0256323 0.0446565 0.0055463 0.0141913 0.0461559 0.0360271 0.0401335 0.0012821 0.0049665 0.0415533 0.4399762
 98 G  98 0.0383783 0.0248097 0.0168482 0.0317551 0.0000000 0.0216770 0.0350778 0.0286153 0.0027371 0.0242341 0.0201604 0.0391023 0.0026105 0.0067295 0.1148221 0.0552909 0.0323034 0.0019911 0.0065760 0.0324028 0.4638783
 99 C  99 0.0410346 0.0207633 0.0198932 0.0207693 0.0279024 0.0086971 0.0409888 0.0106837 0.0070797 0.0125299 0.0287767 0.0462680 0.0069958 0.0024064 0.0475170 0.0668057 0.0772266 0.0000000 0.0057985 0.0293030 0.4785604
100 A 100 0.0306897 0.0735331 0.0189676 0.0194354 0.0076918 0.0291526 0.0299882 0.0043315 0.0032653 0.0123602 0.0349295 0.0506026 0.0036793 0.0128163 0.0595249 0.0857478 0.0247022 0.0000000 0.0000000 0.0071525 0.4914295
101 G 101 0.0470877 0.0234368 0.0077998 0.0196696 0.0179615 0.0226715 0.0255661 0.0392318 0.0188683 0.0097903 0.0082748 0.0524006 0.0000000 0.0076525 0.0644896 0.0662478 0.0296137 0.0037759 0.0101075 0.0182188 0.5071354
102 C 102 0.0166209 0.0540099 0.0474289 0.0131458 0.0374888 0.0214682 0.0179791 0.0031637 0.0130970 0.0072757 0.0196179 0.0250691 0.0014406 0.0033233 0.0476349 0.0682893 0.0567095 0.0000000 0.0025556 0.0237245 0.5199571
103 G 103 0.0528175 0.0304153 0.0568618 0.0083707 0.0026352 0.0123055 0.0184155 0.0362233 0.0024788 0.0106088 0.0102052 0.0413656 0.0018988 0.0048939 0.0347163 0.0750705 0.0313571 0.0000000 0.0000000 0.0314072 0.5379529
104 C 104 0.0126810 0.0393215 0.0180025 0.0242114 0.0146097 0.0071499 0.0216723 0.0140983 0.0009787 0.0235792 0.0232430 0.0257750 0.0090634 0.0087427 0.0762114 0.0683746 0.0181190 0.0000000 0.0000000 0.0392416 0.5549249
105 G 105 0.0220012 0.0089775 0.0140446 0.0368931 0.0019349 0.0231921 0.0503164 0.0579936 0.0032721 0.0240630 0.0090987 0.0205206 0.0028479 0.0049076 0.0385478 0.0518228 0.0185127 0.0000000 0.0000000 0.0399979 0.5710555
106 C 106 0.0758092 0.0064419 0.0128571 0.0146225 0.0276488 0.0152972 0.0321145 0.0115818 0.0017540 0.0191917 0.0154129 0.0207483 0.0000000 0.0113082 0.0107619 0.0550749 0.0631411 0.0000000 0.0017698 0.0184439 0.5860204
107 T 107 0.0311676 0.0416914 0.0221397 0.0344653 0.0085866 0.0346751 0.0211666 0.0116141 0.0027457 0.0115977 0.0051063 0.0487122 0.0027918 0.0020234 0.0244993 0.0355653 0.0536455 0.0000000 0.0000000 0.0113331 0.5964733
108 G 108 0.0278089 0.0093677 0.0174592 0.0159996 0.0224287 0.0070882 0.0279964 0.0490377 0.0027531 0.0036855 0.0193707 0.0282702 0.0024900 0.0027242 0.0325855 0.0818258 0.0234651 0.0000000 0.0014418 0.0062332 0.6179685
109 C 109 0.0253784 0.0116995 0.0057098 0.0213058 0.0207321 0.0124177 0.0689897 0.0025240 0.0000000 0.0070821 0.0151575 0.0216328 0.0035189 0.0031904 0.0144265 0.0533954 0.0604275 0.0057083 0.0020825 0.0094349 0.6351861
110 C 110 0.0061682 0.0223973 0.0090485 0.0060572 0.0425954 0.0013517 0.0375235 0.0096038 0.0000000 0.0101314 0.0095521 0.0199020 0.0099176 0.0024257 0.0334229 0.0804315 0.0200479 0.0038816 0.0019911 0.0215091 0.6520416
111 C 111 0.0095358 0.0234291 0.0000000 0.0092310 0.0264113 0.0095972 0.0186297 0.0036475 0.0017570 0.0153690 0.0281089 0.0155537 0.0056390 0.0062761 0.0786844 0.0219535 0.0249456 0.0071320 0.0036316 0.0219316 0.6685363
112 A 112 0.0305011 0.0136214 0.0172847 0.0425232 0.0000000 0.0086922 0.0262424 0.0074441 0.0084663 0.0063553 0.0224572 0.0130133 0.0000000 0.0167508 0.0235990 0.0378665 0.0189961 0.0000000 0.0056224 0.0274598 0.6731042
113 C 113 0.0157304 0.0100430 0.0067014 0.0095543 0.0484780 0.0355202 0.0465260 0.0041751 0.0000000 0.0026577 0.0120697 0.0120958 0.0047573 0.0000000 0.0149936 0.0347297 0.0352217 0.0000000 0.0055320 0.0066119 0.6946022
114 A 114 0.0302840 0.0123396 0.0102433 0.0064239 0.0265045 0.0017270 0.0097272 0.0331642 0.0020234 0.0067577 0.0088728 0.0023715 0.0000000 0.0000000 0.0123993 0.0595583 0.0360876 0.0000000 0.0035473 0.0048932 0.7330752
115 C 115 0.0209940 0.0059137 0.0015623 0.0000000 0.0469618 0.0144526 0.0033947 0.0124080 0.0000000 0.0254025 0.0052027 0.0043198 0.0031708 0.0032715 0.0102723 0.0276598 0.0133316 0.0000000 0.0000000 0.0271960 0.7744860
116 A 116 0.0287593 0.0044524 0.0072911 0.0041690 0.0033394 0.0110915 0.0019220 0.0079385 0.0000000 0.0035680 0.0062531 0.0000000 0.0068833 0.0033827 0.0233557 0.0603163 0.0090159 0.0000000 0.0000000 0.0149878 0.8032740
117 A 117 0.0551315 0.0151093 0.0020744 0.0114871 0.0024064 0.0206882 0.0133154 0.0058579 0.0000000 0.0000000 0.0023208 0.0000000 0.0038788 0.0000000 0.0210789 0.0169590 0.0000000 0.0000000 0.0000000 0.0020063 0.8276862
118 G 118 0.0019472 0.0000000 0.0120397 0.0036968 0.0000000 0.0034144 0.0045363 0.0530833 0.0038816 0.0036414 0.0029121 0.0000000 0.0000000 0.0049821 0.0020505 0.0188585 0.0023187 0.0000000 0.0000000 0.0000000 0.8826374
119 C 119 0.0000000 0.0000000 0.0000000 0.0000000 0.0592674 0.0000000 0.0000000 0.0000000 0.0000000 0.0000000 0.0000000 0.0000000 0.0000000 0.0000000 0.0000000 0.0000000 0.0000000 0.0000000 0.0000000 0.0000000 0.9407326
