  119         A         R         N         D         C         Q         E         G         H         I         L         K         M         F         P         S         T         W         Y         V    
  1 M   1 0.0000000 0.0000000 0.0000000 0.0000000 0.0000000 0.0000000 0.0000000 0.0000000 0.0000000 0.0000000 0.0000000 0.0000000 1.0000000 0.0000000 0.0000000 0.0000000 0.0000000 0.0000000 0.0000000 0.0000000
  2 V   2 0.0167183 0.0038827 0.0000000 0.0019511 0.0000000 0.0024457 0.0047597 0.0669350 0.0038730 0.0052145 0.0016796 0.0148162 0.0031526 0.0000000 0.5081077 0.0326204 0.0683199 0.0000000 0.0000000 0.2655234
  3 Q   3 0.0462442 0.2848006 0.0928479 0.0141321 0.0053392 0.0396893 0.0061307 0.0312212 0.0381755 0.0404473 0.0270834 0.1995563 0.0070678 0.0141393 0.0132297 0.0220323 0.0551581 0.0097156 0.0225524 0.0304370
  4 S   4 0.0106253 0.1543542 0.0517070 0.0000000 0.0449912 0.0222543 0.0038625 0.0104007 0.0829198 0.0240033 0.0141277 0.1636152 0.0042329 0.0363584 0.0138343 0.1533539 0.0821353 0.0032980 0.0769019 0.0470241
  5 C   5 0.0000000 0.0023653 0.0000000 0.0000000 0.9892147 0.0000000 0.0000000 0.0000000 0.0000000 0.0000000 0.0000000 0.0028661 0.0000000 0.0031146 0.0000000 0.0000000 0.0000000 0.0000000 0.0024392 0.0000000
  6 S   6 0.2213565 0.0138769 0.0000000 0.0024872 0.2694116 0.0058572 0.0059415 0.0090646 0.0000000 0.0853105 0.0312837 0.0148996 0.0050033 0.0440294 0.0000000 0.1492313 0.0156792 0.0060325 0.0137639 0.1067712
  7 A   7 0.2327955 0.0000000 0.0000000 0.0000000 0.0043880 0.0000000 0.0000000 0.0016130 0.0000000 0.1070107 0.0704814 0.0015822 0.0054224 0.0390619 0.0000000 0.0032976 0.0011907 0.0011169 0.0362760 0.4957636
  8 Y   8 0.0762287 0.0652561 0.0256982 0.0074088 0.0553503 0.0156907 0.0482757 0.0177623 0.0144915 0.0488108 0.0382752 0.0918320 0.0051108 0.0369547 0.2668250 0.0564272 0.0162971 0.0019614 0.0444939 0.0668495
  9 G   9 0.0095769 0.0161487 0.1582750 0.0575462 0.0127389 0.0248332 0.0134447 0.4261511 0.0469056 0.0047432 0.0380155 0.0204433 0.0096521 0.0243465 0.0000000 0.0560263 0.0408698 0.0033373 0.0230819 0.0138637
 10 C  10 0.0000000 0.0115712 0.0067774 0.0000000 0.9538234 0.0000000 0.0000000 0.0000000 0.0020859 0.0000000 0.0034386 0.0043608 0.0000000 0.0037406 0.0000000 0.0013088 0.0083931 0.0020179 0.0024823 0.0000000
 11 K  11 0.0292245 0.0929699 0.0770940 0.0348718 0.0253943 0.0185043 0.0522854 0.0679320 0.0200855 0.0089154 0.0250175 0.1784538 0.0040473 0.0201157 0.0728537 0.1286615 0.1197678 0.0014056 0.0123812 0.0100187
 12 N  12 0.0490220 0.0357826 0.4173850 0.0195754 0.0000000 0.0150570 0.0077986 0.0092064 0.0360825 0.0039565 0.0055152 0.0300333 0.0072094 0.0106355 0.0011798 0.2095070 0.0859176 0.0000000 0.0141305 0.0420056
 13 R  13 0.0185405 0.2826803 0.0849866 0.0189807 0.0037266 0.0168447 0.0184351 0.0659176 0.0055949 0.0152910 0.0151894 0.1127089 0.0027971 0.0085229 0.0141379 0.1290018 0.1484571 0.0060097 0.0194875 0.0126898
 14 Y  14 0.0651234 0.1154252 0.0536458 0.0424506 0.0101446 0.0495741 0.0219793 0.0087738 0.0229227 0.0082222 0.0161868 0.0945528 0.0049642 0.0198111 0.0111564 0.1886832 0.0770076 0.0055415 0.1537898 0.0300449
 15 D  15 0.0490703 0.0894252 0.0758104 0.0770810 0.0043355 0.0421321 0.0593049 0.0875914 0.0276544 0.0328831 0.0256639 0.1042752 0.0020318 0.0086926 0.0342235 0.1242798 0.0797790 0.0015485 0.0359881 0.0382292
 16 K  16 0.0431354 0.2072507 0.0482275 0.0318868 0.0112219 0.0471546 0.0268351 0.0262717 0.0241207 0.0099777 0.0173018 0.2275942 0.0042994 0.0058331 0.0420704 0.1191087 0.0689684 0.0039358 0.0144305 0.0203755
 17 D  17 0.0497063 0.0511848 0.1534451 0.1369942 0.0010978 0.0300993 0.0990333 0.1357838 0.0582285 0.0163384 0.0293827 0.0620606 0.0074671 0.0128340 0.0102234 0.0548259 0.0312317 0.0000000 0.0143200 0.0457431
 18 K  18 0.0167763 0.0978627 0.0482908 0.0686459 0.0102181 0.0481770 0.0758411 0.0493420 0.0452387 0.0281262 0.0089896 0.1713465 0.0020506 0.0181990 0.1405454 0.0951697 0.0469509 0.0000000 0.0124153 0.0158144
 19 P  19 0.0167115 0.0413407 0.1568505 0.1029888 0.0060641 0.0451260 0.0433912 0.2625575 0.0077931 0.0009744 0.0140830 0.1469570 0.0015449 0.0140067 0.0274136 0.0685946 0.0283250 0.0000000 0.0098669 0.0054106
 20 V  20 0.0159022 0.0463606 0.0016390 0.0031904 0.0185305 0.0051578 0.0070450 0.0054964 0.0044065 0.2425876 0.2256176 0.0308912 0.0314758 0.0177121 0.0043893 0.0052983 0.0259896 0.0027595 0.0299172 0.2756332
 21 S  21 0.0238605 0.1119530 0.0132195 0.0000000 0.0043180 0.0584803 0.0091786 0.0158065 0.0574109 0.0406114 0.0279139 0.0893369 0.0067275 0.0056256 0.0227673 0.3219221 0.1576931 0.0034256 0.0047445 0.0250048
 22 F  22 0.0049860 0.0026784 0.0000000 0.0000000 0.0114836 0.0000000 0.0000000 0.0012737 0.0042591 0.0142997 0.3059800 0.0031576 0.0528413 0.4642038 0.0000000 0.0111827 0.0179725 0.0013671 0.0769213 0.0273931
 23 H  23 0.0012363 0.0010132 0.0061847 0.0000000 0.0039659 0.0036570 0.0029608 0.0000000 0.4135987 0.0156137 0.0077015 0.0030964 0.0000000 0.3539087 0.0000000 0.0034220 0.0061593 0.0000000 0.1721705 0.0053112
 24 K  24 0.0461900 0.3466237 0.0320225 0.0044408 0.0210973 0.0229879 0.0206116 0.0528840 0.0266067 0.0077203 0.0065092 0.1608067 0.0126960 0.0035787 0.0542472 0.0942056 0.0535733 0.0015043 0.0048760 0.0268181
 25 F  25 0.0116210 0.0034683 0.0018419 0.0000000 0.0021904 0.0000000 0.0000000 0.0000000 0.0000000 0.0752855 0.0859891 0.0019700 0.0095687 0.7228584 0.0021747 0.0022889 0.0017288 0.0000000 0.0201645 0.0588498
 26 P  26 0.0024997 0.0000000 0.0000000 0.0000000 0.0034299 0.0000000 0.0000000 0.0000000 0.0000000 0.0016656 0.0028682 0.0015598 0.0000000 0.0018651 0.9770704 0.0058892 0.0017455 0.0014067 0.0000000 0.0000000
 27 L  27 0.0864243 0.0848992 0.0363964 0.0083057 0.0100039 0.0119475 0.0082253 0.0226002 0.0237898 0.0227692 0.1730144 0.1389809 0.0130805 0.0711513 0.0456010 0.0609852 0.1193613 0.0022641 0.0018681 0.0583316
 28 T  28 0.0297182 0.1186018 0.0542349 0.0614185 0.0075910 0.0266777 0.0541740 0.0158644 0.0197807 0.0035482 0.0123317 0.4023113 0.0013165 0.0010897 0.0106406 0.1290147 0.0268251 0.0039798 0.0129074 0.0079739
 29 R  29 0.0011659 0.0757993 0.1946239 0.4686764 0.0127289 0.0208994 0.1039764 0.0129072 0.0070471 0.0082583 0.0014708 0.0401793 0.0017245 0.0000000 0.0111974 0.0175946 0.0118623 0.0000000 0.0036015 0.0062868
 30 P  30 0.0739325 0.0479429 0.0235913 0.0203754 0.0026211 0.0282784 0.1349638 0.0190265 0.0077095 0.0593370 0.0469390 0.0962334 0.0064471 0.0073770 0.3033968 0.0424608 0.0448620 0.0015488 0.0025848 0.0303719
 31 S  31 0.0733195 0.0342387 0.0593698 0.1059565 0.0047817 0.0556374 0.2113463 0.0289665 0.0241914 0.0317249 0.0255087 0.0923793 0.0017866 0.0078546 0.0383394 0.0714430 0.0561991 0.0033602 0.0146041 0.0589924
 32 L  32 0.0188900 0.2920578 0.0054203 0.0069787 0.0053246 0.0620471 0.0129668 0.0000000 0.0037466 0.0905650 0.2981174 0.0477060 0.0483747 0.0081971 0.0000000 0.0136730 0.0234105 0.0020697 0.0110296 0.0494250
 33 C  33 0.0396828 0.3522495 0.0055559 0.0000000 0.0733350 0.0275465 0.0037331 0.0049859 0.0137622 0.0598669 0.2476761 0.0511030 0.0155587 0.0498331 0.0000000 0.0123244 0.0058589 0.0105492 0.0185091 0.0078697
 34 K  34 0.0707564 0.1184357 0.0552839 0.0316129 0.0024693 0.1420654 0.1185319 0.0149010 0.0068640 0.0142406 0.0458445 0.2744384 0.0022332 0.0021652 0.0036315 0.0404433 0.0294257 0.0082574 0.0025922 0.0158075
 35 E  35 0.0603683 0.0780756 0.0198037 0.0111979 0.0030901 0.1298292 0.0925684 0.0000000 0.0094399 0.0659145 0.1205484 0.3148356 0.0174978 0.0000000 0.0000000 0.0121011 0.0168683 0.0174871 0.0080476 0.0223264
 36 W  36 0.0000000 0.0031773 0.0016770 0.0000000 0.0034913 0.0000000 0.0000000 0.0000000 0.0000000 0.0000000 0.0069796 0.0000000 0.0000000 0.0067074 0.0000000 0.0000000 0.0000000 0.9749129 0.0030544 0.0000000
 37 E  37 0.0391771 0.0424596 0.0101417 0.0076924 0.0556173 0.0259743 0.0423799 0.0015543 0.0039700 0.1763312 0.2916148 0.0477294 0.0467401 0.0143546 0.0008546 0.0172277 0.0146916 0.0071019 0.0045054 0.1498820
 38 A  38 0.0850945 0.0989579 0.0951044 0.0538823 0.0014657 0.0563203 0.1301541 0.0057757 0.0926098 0.0257023 0.0614569 0.1529881 0.0120807 0.0034705 0.0000000 0.0368054 0.0430589 0.0022717 0.0168295 0.0259711
 39 A  39 0.2565489 0.0342749 0.2837154 0.0025229 0.0023032 0.0433666 0.0082497 0.0050484 0.0137403 0.0373781 0.0470105 0.0388415 0.0053905 0.1088139 0.0000000 0.0444798 0.0133450 0.0000000 0.0100016 0.0449689
 40 V  40 0.0209188 0.0049664 0.0000000 0.0017436 0.1757583 0.0078164 0.0000000 0.0236947 0.0000000 0.2309746 0.2137916 0.0019866 0.0596895 0.0146703 0.0000000 0.0308871 0.0773534 0.0000000 0.0040684 0.1316802
 41 R  41 0.0178160 0.1855846 0.0843448 0.0095182 0.0066875 0.1069215 0.0139249 0.2580517 0.0281767 0.0025865 0.0090256 0.1442677 0.0000000 0.0026415 0.0598279 0.0466475 0.0074480 0.0022561 0.0058482 0.0084250
 42 R  42 0.0164103 0.3974806 0.0454137 0.0172682 0.0195778 0.0503130 0.0099221 0.0183115 0.0149511 0.0950337 0.1034355 0.0529679 0.0489306 0.0075166 0.0053973 0.0094547 0.0135245 0.0072565 0.0089413 0.0578932
 43 K  43 0.0675220 0.0243660 0.0334333 0.1355761 0.0048793 0.0268042 0.1222015 0.0307779 0.0200097 0.0150541 0.0310938 0.1549948 0.0061427 0.0202477 0.1219578 0.0651668 0.0630239 0.0000000 0.0190050 0.0377434
 44 N  44 0.0128976 0.0495821 0.2039395 0.2268996 0.0037099 0.0321016 0.0812885 0.0841836 0.0430679 0.0151999 0.0149448 0.0437938 0.0132046 0.0317341 0.0578722 0.0435335 0.0172763 0.0080705 0.0096226 0.0070774
 45 F  45 0.0342146 0.0390031 0.0110267 0.0514977 0.0173807 0.0038869 0.0462333 0.0427746 0.0145290 0.0543432 0.1142358 0.0622130 0.0045308 0.1634435 0.0322744 0.0165291 0.0215610 0.1887099 0.0358829 0.0457299
 46 K  46 0.0366797 0.0365257 0.0363614 0.0399063 0.0035347 0.0778652 0.1238724 0.0095806 0.0200726 0.0750418 0.0476468 0.1588982 0.0185158 0.0108529 0.0386993 0.0358218 0.0892265 0.0067517 0.0267228 0.1074237
 47 P  47 0.0436340 0.0395257 0.0596334 0.0543746 0.0119109 0.0236188 0.0229831 0.0262980 0.0058396 0.0649665 0.0888837 0.0521374 0.0180529 0.0247166 0.3211997 0.0401806 0.0073619 0.0000000 0.0086233 0.0860592
 48 T  48 0.0293318 0.0471706 0.0701614 0.0308505 0.0178928 0.0292671 0.0052531 0.0343086 0.0244662 0.0409843 0.0742196 0.1014471 0.0181388 0.0241901 0.0492601 0.1759990 0.1941323 0.0022008 0.0178793 0.0128465
 49 K  49 0.0496597 0.0727572 0.0383750 0.0848033 0.0236007 0.0691813 0.0628941 0.0335692 0.0113509 0.0116691 0.0241029 0.2579516 0.0074740 0.0166197 0.0664421 0.1128420 0.0244761 0.0123773 0.0086661 0.0111875
 50 Y  50 0.0144871 0.0670699 0.1905819 0.0364595 0.0084293 0.0400320 0.0118024 0.0623689 0.1132577 0.0039077 0.0204514 0.0604723 0.0061554 0.0175778 0.0197993 0.1112554 0.0717005 0.0419594 0.0957275 0.0065044
 51 S  51 0.0810425 0.0338110 0.0210510 0.0362987 0.0194412 0.0541606 0.0043681 0.0081966 0.0424055 0.0171726 0.0524665 0.0229762 0.0384340 0.0497365 0.0184675 0.2546622 0.1127415 0.0079654 0.0908633 0.0337388
 52 S  52 0.0371934 0.3592953 0.0118434 0.0000000 0.0174012 0.0248249 0.0014361 0.0109510 0.0288035 0.0177610 0.0443958 0.0943769 0.0158904 0.0795098 0.0027334 0.0170655 0.0143685 0.0011031 0.1066033 0.1144434
 53 I  53 0.0036975 0.0000000 0.0031711 0.0027738 0.0014647 0.0000000 0.0000000 0.0000000 0.0000000 0.3907454 0.2097992 0.0000000 0.0289865 0.0158422 0.0022604 0.0039143 0.0000000 0.0000000 0.0012997 0.3360451
 54 C  54 0.0027738 0.0000000 0.0000000 0.0000000 0.9883628 0.0000000 0.0000000 0.0000000 0.0000000 0.0000000 0.0000000 0.0000000 0.0000000 0.0025935 0.0000000 0.0021053 0.0000000 0.0000000 0.0041646 0.0000000
 55 S  55 0.0483917 0.0088850 0.0374774 0.0166245 0.0093662 0.0318854 0.1153939 0.0342595 0.0325707 0.0205613 0.0058032 0.0081110 0.0049968 0.0038547 0.0016245 0.5933883 0.0075119 0.0022029 0.0113229 0.0057681
 56 E  56 0.0695365 0.1703867 0.0401925 0.1172409 0.0088075 0.0323317 0.1267719 0.0067822 0.0093644 0.0262847 0.1110029 0.1464501 0.0191954 0.0081155 0.0000000 0.0272269 0.0221309 0.0029246 0.0049044 0.0503501
 57 H  57 0.0000000 0.0017187 0.0019952 0.0018916 0.0000000 0.0000000 0.0000000 0.0000000 0.9858727 0.0000000 0.0000000 0.0000000 0.0000000 0.0000000 0.0037432 0.0000000 0.0000000 0.0000000 0.0047787 0.0000000
 58 F  58 0.0000000 0.0000000 0.0000000 0.0000000 0.0000000 0.0000000 0.0000000 0.0000000 0.0000000 0.0063691 0.0020852 0.0000000 0.0000000 0.9745836 0.0000000 0.0000000 0.0000000 0.0149771 0.0019850 0.0000000
 59 T  59 0.0485172 0.0807715 0.0197081 0.0872094 0.0020134 0.0410479 0.2736389 0.0095423 0.0251310 0.0166591 0.0431085 0.0861910 0.0016497 0.0000000 0.0377531 0.0510566 0.1315596 0.0000000 0.0010716 0.0433711
 60 P  60 0.0722411 0.0472150 0.0255814 0.0843852 0.0021754 0.0241623 0.1868378 0.0174732 0.0082447 0.0087635 0.0141426 0.1119206 0.0016647 0.0011060 0.2750739 0.0598790 0.0408266 0.0000000 0.0030505 0.0152564
 61 D  61 0.0390999 0.0665065 0.0645384 0.2088801 0.0035846 0.0358027 0.1877122 0.0464121 0.0465977 0.0150495 0.0131022 0.0421532 0.0042415 0.0040783 0.0000000 0.1568014 0.0491388 0.0000000 0.0095824 0.0067185
 62 S  62 0.0372717 0.0000000 0.0206184 0.3108666 0.3159114 0.0549762 0.0163788 0.0025632 0.0105673 0.0011274 0.0206520 0.0131159 0.0393643 0.0251437 0.0000000 0.0767825 0.0014664 0.0020483 0.0418074 0.0093385
 63 F  63 0.0065055 0.0020189 0.0025766 0.0000000 0.0020874 0.0020389 0.0048574 0.0013529 0.0000000 0.1947052 0.0491629 0.0022073 0.0262173 0.4533686 0.0108062 0.0026373 0.0024251 0.0138164 0.2059739 0.0172422
 64 K  64 0.0119688 0.0319852 0.0614234 0.0997141 0.0288703 0.0514547 0.1477687 0.0069417 0.0236956 0.0736360 0.0628386 0.1066849 0.0301395 0.0204370 0.0065989 0.0852537 0.0501747 0.0051682 0.0324172 0.0628286
 65 R  65 0.0527771 0.1819808 0.1009567 0.0319677 0.0199314 0.0397194 0.0586321 0.0441168 0.0125510 0.0666042 0.0437463 0.1008514 0.0253466 0.0273638 0.0406957 0.0491249 0.0400533 0.0187524 0.0156977 0.0291307
 66 E  66 0.0299518 0.0927863 0.0427837 0.0417741 0.0116210 0.0298335 0.0395353 0.0401037 0.0109898 0.0157699 0.0156440 0.1084440 0.0055922 0.0518371 0.0724798 0.1446780 0.1350003 0.0000000 0.0605597 0.0506158
 67 S  67 0.0444766 0.0301249 0.0791543 0.0602655 0.0210306 0.0110940 0.0245385 0.1989510 0.0084696 0.0095558 0.0650758 0.0689888 0.0073353 0.0266420 0.0579177 0.1290490 0.0355764 0.0367267 0.0598004 0.0252269
 68 N  68 0.0188890 0.0674868 0.1119100 0.0376680 0.0076174 0.0690011 0.0175754 0.2632118 0.0148478 0.0200455 0.0404945 0.1455528 0.0129054 0.0014860 0.0338810 0.0579361 0.0364955 0.0011442 0.0196676 0.0221842
 69 N  69 0.0080728 0.2681873 0.0691707 0.0179151 0.0068347 0.0126292 0.0110754 0.0629328 0.0234778 0.0270584 0.0316981 0.1812300 0.0084579 0.0064041 0.0510815 0.0629615 0.0583905 0.0086072 0.0333374 0.0504775
 70 K  70 0.0225487 0.2991849 0.0261038 0.0268822 0.0209076 0.0285906 0.0039561 0.0113408 0.0205681 0.0469617 0.0505345 0.2290909 0.0077815 0.0125996 0.0523304 0.0164204 0.0411084 0.0196563 0.0127312 0.0507023
 71 L  71 0.0052722 0.2868040 0.0320148 0.0041737 0.0015097 0.0411958 0.0150680 0.0151155 0.0314759 0.0441646 0.0937232 0.1487982 0.0284662 0.0328653 0.0088644 0.0338904 0.0527099 0.0023101 0.0593106 0.0622677
 72 L  72 0.0000000 0.0036877 0.0042320 0.0012841 0.0000000 0.0000000 0.0098278 0.0000000 0.0000000 0.0323613 0.8997700 0.0021182 0.0166361 0.0040771 0.0034444 0.0021757 0.0011500 0.0000000 0.0000000 0.0192358
 73 K  73 0.0283068 0.1812181 0.0554332 0.0079628 0.0160766 0.0163641 0.0146972 0.0014007 0.0300062 0.0162555 0.0516112 0.4096167 0.0138883 0.0231826 0.0036988 0.0403767 0.0298242 0.0000000 0.0154658 0.0446144
 74 E  74 0.0531227 0.0573883 0.0263295 0.0541553 0.0081427 0.0443884 0.0716554 0.0223101 0.0290769 0.0169642 0.0237360 0.1245670 0.0202337 0.0068417 0.2906273 0.0699850 0.0289272 0.0097688 0.0287479 0.0130320
 75 N  75 0.0013336 0.0156886 0.2049944 0.2280680 0.0013418 0.0050668 0.0283756 0.2371897 0.0102512 0.0083774 0.0047301 0.0060991 0.0085225 0.0180480 0.0000000 0.0426910 0.0854262 0.0772895 0.0046386 0.0118681
 76 A  76 0.7542248 0.0026559 0.0067995 0.0071866 0.0013200 0.0048745 0.0000000 0.0010042 0.0099059 0.0024215 0.0000000 0.0031590 0.0011010 0.0030997 0.0033996 0.0962473 0.0143143 0.0238641 0.0241172 0.0403047
 77 V  77 0.0159899 0.0056401 0.0046728 0.0000000 0.0084159 0.0000000 0.0050677 0.0000000 0.0000000 0.2317308 0.0459097 0.0031386 0.0324720 0.0194915 0.0137106 0.0041974 0.0138867 0.0052305 0.0046727 0.5857730
 78 P  78 0.0000000 0.0000000 0.0000000 0.0000000 0.0000000 0.0000000 0.0000000 0.0000000 0.0000000 0.0000000 0.0000000 0.0000000 0.0000000 0.0000000 0.9954051 0.0000000 0.0045949 0.0000000 0.0000000 0.0000000
 79 T  79 0.0000000 0.0115470 0.0067490 0.0024021 0.0235925 0.0027249 0.0062326 0.0020144 0.0046045 0.0059729 0.0052446 0.0092331 0.0018354 0.0039187 0.0000000 0.2958404 0.6064932 0.0040292 0.0029000 0.0046655
 80 I  80 0.0000000 0.0294554 0.0019900 0.0000000 0.0048577 0.0148096 0.0044384 0.0000000 0.0031870 0.3590652 0.3636924 0.0203431 0.0073607 0.0163635 0.0056119 0.0028592 0.0019178 0.0000000 0.0000000 0.1640481
 81 F  81 0.0040094 0.0235998 0.1569880 0.0048202 0.0018374 0.0034186 0.0351158 0.0010960 0.0868290 0.0162035 0.0115521 0.0186759 0.0125076 0.5333109 0.0073287 0.0110937 0.0021307 0.0056991 0.0522160 0.0115677
 82 L  82 0.0449927 0.0079931 0.0321412 0.0668603 0.0060033 0.0085657 0.0403692 0.0173683 0.0107847 0.0341194 0.3508856 0.0392310 0.0190444 0.0057368 0.1479858 0.0867684 0.0323599 0.0015401 0.0000000 0.0472500
 83 E  83 0.0374479 0.0229213 0.0884945 0.0254954 0.0090542 0.0135412 0.0537445 0.2046438 0.0259118 0.0153898 0.0411152 0.0408008 0.0081541 0.0770500 0.1388694 0.0921519 0.0182306 0.0364399 0.0256088 0.0249349
 84 L  84 0.0345334 0.0790045 0.0579836 0.0259433 0.0290794 0.0525855 0.0531719 0.0249188 0.1331550 0.0341317 0.0349638 0.0597751 0.0076054 0.0243897 0.0964358 0.0810049 0.1114995 0.0014524 0.0178595 0.0405068
 85 V  85 0.0504722 0.0348419 0.0739587 0.1262795 0.0010103 0.0433899 0.1032047 0.0217516 0.0111941 0.0321284 0.0333694 0.0517481 0.0092704 0.0078550 0.1495587 0.0958875 0.0718583 0.0038802 0.0165514 0.0617898
 86 P  86 0.0495619 0.0272131 0.0516447 0.0657362 0.0194126 0.0460356 0.0621811 0.0210517 0.0602212 0.0029748 0.0174594 0.1465967 0.0035788 0.0127925 0.2020454 0.0866580 0.0623348 0.0018089 0.0016937 0.0589989
 87 R  87 0.0469917 0.0685528 0.0413648 0.0669700 0.0011681 0.0210509 0.0977799 0.0163746 0.0490037 0.0317314 0.0475130 0.0793267 0.0056880 0.0078401 0.1227493 0.0937637 0.1031043 0.0026597 0.0476930 0.0486741
 88 G  88 0.0816220 0.0538124 0.0343729 0.0648895 0.0071982 0.0991116 0.0813084 0.0509410 0.0186941 0.0200470 0.0657810 0.1270184 0.0128407 0.0135679 0.0714648 0.1091006 0.0511907 0.0000000 0.0115647 0.0254739
 89 C  89 0.0229857 0.0544826 0.0601429 0.0368600 0.0209888 0.0764888 0.1161506 0.0131252 0.0044426 0.0787891 0.0978816 0.1469916 0.0105527 0.0211886 0.0342948 0.0822183 0.0362967 0.0000000 0.0061791 0.0799404
 90 T  90 0.0463022 0.0725409 0.0479178 0.0219858 0.0096362 0.0453768 0.0810709 0.0157099 0.0140715 0.0571608 0.0805989 0.0710609 0.0164934 0.0171758 0.1119787 0.1425832 0.0724224 0.0053251 0.0179500 0.0526387
 91 T  91 0.0548067 0.0962570 0.0583230 0.0206500 0.0177628 0.0358071 0.0843726 0.0326225 0.0251733 0.0286870 0.0599843 0.1374805 0.0154863 0.0055774 0.0790202 0.0810789 0.0632816 0.0000000 0.0415005 0.0621284
 92 G  92 0.0947810 0.0674021 0.0455365 0.0458100 0.0098619 0.0367438 0.1381424 0.0593220 0.0098666 0.0249426 0.0793479 0.1232908 0.0122080 0.0076223 0.0860872 0.0614626 0.0605891 0.0038026 0.0061172 0.0270633
 93 T  93 0.0642329 0.1133220 0.1006027 0.0229287 0.0000000 0.0705010 0.1012400 0.0183135 0.0255234 0.0291352 0.0418838 0.1416436 0.0110888 0.0063833 0.0645934 0.1011417 0.0698068 0.0000000 0.0033409 0.0143184
 94 G  94 0.0369599 0.1103639 0.0679811 0.0547504 0.0051079 0.0364885 0.0876834 0.0629485 0.0407666 0.0452595 0.0261782 0.0834562 0.0059530 0.0216881 0.0676113 0.1249744 0.0732354 0.0033426 0.0066217 0.0386295
 95 T  95 0.0584109 0.1587104 0.0450431 0.0747008 0.0101929 0.0484268 0.0789756 0.0201584 0.0118371 0.0308093 0.0398560 0.1336393 0.0000000 0.0074291 0.0490961 0.0417282 0.1326124 0.0000000 0.0315079 0.0268657
 96 G  96 0.0477119 0.0625014 0.0686938 0.0334110 0.0032010 0.0530405 0.0615338 0.0799137 0.0208124 0.0224908 0.0613194 0.1418025 0.0366561 0.0079863 0.0957862 0.1228714 0.0338330 0.0065690 0.0027503 0.0371155
 97 G  97 0.0709207 0.1988012 0.0330724 0.0169713 0.0067524 0.0623348 0.0434187 0.0504904 0.0254207 0.0170239 0.0634890 0.0784914 0.0095716 0.0247680 0.0800169 0.0637093 0.0710440 0.0022590 0.0087737 0.0726704
 98 G  98 0.0702725 0.0462142 0.0308419 0.0592723 0.0000000 0.0394758 0.0636830 0.0535095 0.0050630 0.0434866 0.0574733 0.0713165 0.0051072 0.0122634 0.2085947 0.1009253 0.0579788 0.0036440 0.0118331 0.0590450
 99 C  99 0.0773681 0.0392852 0.0378477 0.0387619 0.0531339 0.0163842 0.0761539 0.0203173 0.0136368 0.0230377 0.0533861 0.1075768 0.0131450 0.0048525 0.0887089 0.1253572 0.1436900 0.0000000 0.0112440 0.0561127
100 A 100 0.0592414 0.1402602 0.0367092 0.0379339 0.0147404 0.0559753 0.0571749 0.0085637 0.0063376 0.0238975 0.0679672 0.1182617 0.0071525 0.0248475 0.1147374 0.1645891 0.0474653 0.0000000 0.0000000 0.0141451
101 G 101 0.0934121 0.0469520 0.0156675 0.0400835 0.0356449 0.0451960 0.0499020 0.0798822 0.0368338 0.0190686 0.0159858 0.1035982 0.0000000 0.0144586 0.1271790 0.1537172 0.0592543 0.0074480 0.0201165 0.0355999
102 C 102 0.0336650 0.1100711 0.1184707 0.0265450 0.0759698 0.0449054 0.0370482 0.0067580 0.0269371 0.0150168 0.0413986 0.0513028 0.0029201 0.0068353 0.0961032 0.1373876 0.1158770 0.0000000 0.0054951 0.0472933
103 G 103 0.1124954 0.0641227 0.1193461 0.0174848 0.0056672 0.0263637 0.0394052 0.0765766 0.0053253 0.0222451 0.0215406 0.0875760 0.0039492 0.0104589 0.0737861 0.1806876 0.0667450 0.0000000 0.0000000 0.0662245
104 C 104 0.0271359 0.0859370 0.0400120 0.0534158 0.0328430 0.0157563 0.0475360 0.0306832 0.0020981 0.0508670 0.0519172 0.0573175 0.0205626 0.0417001 0.1675043 0.1483503 0.0403107 0.0000000 0.0000000 0.0860528
105 G 105 0.0484405 0.0202771 0.0320772 0.0848292 0.0047590 0.0535622 0.1127681 0.1337451 0.0073083 0.0557249 0.0205519 0.0476304 0.0067296 0.0102731 0.0883617 0.1175294 0.0658609 0.0000000 0.0000000 0.0895715
106 C 106 0.1803397 0.0152020 0.0294754 0.0345475 0.0652374 0.0368705 0.0755636 0.0275598 0.0042943 0.0446255 0.0354416 0.0476768 0.0000000 0.0263797 0.0251665 0.1551058 0.1488555 0.0000000 0.0041569 0.0435014
107 T 107 0.1003498 0.1005279 0.0535005 0.0821567 0.0208952 0.0834362 0.0507657 0.0291690 0.0069947 0.0287828 0.0125384 0.1167198 0.0064293 0.0048487 0.0591254 0.0847519 0.1313105 0.0000000 0.0000000 0.0276975
108 G 108 0.0711806 0.0247876 0.0448373 0.0411905 0.0557720 0.0178983 0.0713566 0.1511874 0.0070127 0.0093787 0.0495775 0.0738572 0.0055200 0.0068074 0.0832092 0.2077585 0.0590355 0.0000000 0.0036443 0.0159888
109 C 109 0.0689654 0.0306539 0.0147152 0.0565517 0.0550944 0.0341613 0.1821093 0.0070449 0.0000000 0.0195412 0.0412750 0.0578001 0.0096649 0.0085035 0.0662014 0.1418592 0.1608652 0.0146903 0.0055782 0.0247249
110 C 110 0.0165306 0.0627287 0.0246138 0.0168253 0.1478979 0.0037797 0.1066437 0.0263323 0.0000000 0.0290615 0.0266791 0.0565110 0.0272541 0.0067146 0.0934703 0.2223436 0.0554776 0.0113893 0.0055045 0.0602423
111 C 111 0.0288722 0.0689250 0.0000000 0.0275950 0.0796233 0.0288175 0.0569260 0.0110875 0.0053360 0.0465523 0.0866576 0.0456460 0.0173211 0.0192465 0.2353982 0.0669088 0.0760662 0.0219426 0.0109904 0.0660879
112 A 112 0.0939545 0.0410098 0.0539589 0.1303272 0.0000000 0.0267890 0.0794579 0.0228498 0.0255457 0.0193453 0.0691940 0.0399446 0.0000000 0.0507028 0.0740461 0.1150526 0.0573658 0.0000000 0.0175574 0.0828984
113 C 113 0.0529340 0.0320025 0.0229060 0.0314122 0.1564746 0.1149290 0.1538341 0.0136952 0.0000000 0.0090880 0.0400431 0.0386383 0.0153437 0.0000000 0.0488615 0.1131385 0.1167139 0.0000000 0.0183398 0.0216456
114 A 114 0.1146591 0.0454575 0.0371729 0.0237791 0.1021411 0.0063946 0.0366409 0.1225560 0.0074345 0.0254119 0.0338734 0.0093105 0.0000000 0.0000000 0.0480503 0.2214464 0.1336596 0.0000000 0.0132021 0.0188102
115 C 115 0.0935541 0.0265461 0.0069553 0.0000000 0.2090996 0.0657004 0.0150202 0.0567391 0.0000000 0.1123398 0.0228228 0.0187010 0.0140496 0.0150634 0.0466310 0.1180084 0.0588322 0.0000000 0.0000000 0.1199370
116 A 116 0.1454459 0.0230586 0.0388144 0.0216462 0.0176214 0.0548372 0.0099852 0.0391728 0.0000000 0.0185109 0.0330304 0.0000000 0.0357489 0.0171217 0.1210383 0.3013363 0.0461998 0.0000000 0.0000000 0.0764318
117 A 117 0.3204227 0.0863750 0.0119946 0.0660759 0.0146186 0.1211879 0.0760648 0.0341180 0.0000000 0.0000000 0.0141467 0.0000000 0.0231228 0.0000000 0.1253784 0.0952296 0.0000000 0.0000000 0.0000000 0.0112650
118 G 118 0.0173993 0.0000000 0.1000565 0.0331723 0.0000000 0.0307000 0.0404594 0.4445369 0.0338479 0.0319407 0.0264513 0.0000000 0.0000000 0.0436862 0.0182264 0.1591726 0.0203503 0.0000000 0.0000000 0.0000000
119 C 119 0.0000000 0.0000000 0.0000000 0.0000000 1.0000000 0.0000000 0.0000000 0.0000000 0.0000000 0.0000000 0.0000000 0.0000000 0.0000000 0.0000000 0.0000000 0.0000000 0.0000000 0.0000000 0.0000000 0.0000000
