  271         A         R         N         D         C         Q         E         G         H         I         L         K         M         F         P         S         T         W         Y         V         X    
  1 S   1 0.0862905 0.0000000 0.0150926 0.0000000 0.0000000 0.0000000 0.0000000 0.0000000 0.0000000 0.0000000 0.0000000 0.0000000 0.0000000 0.0000000 0.0000000 0.0366900 0.0342642 0.0000000 0.0000000 0.0000000 0.8276628
  2 S   2 0.1042886 0.0012403 0.0142308 0.0106711 0.0009734 0.0235615 0.0085601 0.0116233 0.0036675 0.0000000 0.0000000 0.0064544 0.0012760 0.0000000 0.0068819 0.0633277 0.0173347 0.0000000 0.0000000 0.0056363 0.7202724
  3 S   3 0.0936354 0.0073255 0.0228664 0.0187941 0.0050506 0.0304309 0.0205813 0.0062470 0.0000000 0.0016520 0.0000000 0.0231357 0.0062447 0.0010181 0.0417932 0.0424304 0.0442296 0.0000000 0.0008444 0.0106023 0.6231185
  4 K   4 0.0358626 0.0370596 0.0194319 0.0522969 0.0000000 0.0529293 0.0514145 0.0175843 0.0052935 0.0030325 0.0256512 0.0208597 0.0031446 0.0013500 0.0381627 0.0359442 0.0180783 0.0053627 0.0055954 0.0051506 0.5657954
  5 F   5 0.0660124 0.0066658 0.0142286 0.0319591 0.0000000 0.0288292 0.0253393 0.0044494 0.0008206 0.0401149 0.0643763 0.0092049 0.0324525 0.0168017 0.0355902 0.0250076 0.0480473 0.0089894 0.0242511 0.0121958 0.5046637
  6 Q   6 0.1022740 0.0222901 0.0222282 0.0676273 0.0000000 0.0491209 0.0485744 0.0097721 0.0095719 0.0075502 0.0088269 0.0380260 0.0000000 0.0000000 0.0198336 0.0606817 0.0673131 0.0000000 0.0000000 0.0101139 0.4561958
  7 Q   7 0.0957691 0.0385072 0.0268950 0.0700478 0.0000000 0.0308571 0.0520765 0.0306188 0.0012032 0.0037595 0.0119436 0.0505519 0.0019932 0.0028396 0.0482899 0.0649440 0.0569917 0.0037365 0.0000000 0.0104335 0.3985421
  8 V   8 0.0433903 0.0008685 0.0000000 0.0000000 0.0000000 0.0000000 0.0062409 0.0000000 0.0000000 0.0601725 0.4007805 0.0000000 0.0038202 0.0293534 0.0034525 0.0008677 0.0068270 0.0063596 0.0022743 0.0765150 0.3590775
  9 E   9 0.0577777 0.0416535 0.0308845 0.0423545 0.0000000 0.1049593 0.1472518 0.0086134 0.0191615 0.0081130 0.0159148 0.0914224 0.0012200 0.0018952 0.0048199 0.0366231 0.0456665 0.0007688 0.0046482 0.0202321 0.3160197
 10 Q  10 0.1026775 0.0519780 0.0436800 0.0746733 0.0000000 0.1075313 0.0947643 0.0145988 0.0042286 0.0027367 0.0059953 0.0959423 0.0012280 0.0000000 0.0164352 0.0585618 0.0366940 0.0021919 0.0032276 0.0021239 0.2807315
 11 D  11 0.0676411 0.1560449 0.0155783 0.0548456 0.0000000 0.1196031 0.1026579 0.0039299 0.0026576 0.0063253 0.0173789 0.0873378 0.0022504 0.0021094 0.0030834 0.0333011 0.0516491 0.0000000 0.0022056 0.0152391 0.2561616
 12 V  12 0.0065379 0.0000000 0.0000000 0.0000000 0.0000000 0.0000000 0.0000000 0.0000000 0.0000000 0.2742689 0.3007482 0.0000000 0.0142632 0.0635204 0.0013583 0.0000000 0.0041009 0.0184730 0.0034485 0.0883877 0.2248930
 13 K  13 0.1802710 0.0909682 0.0396969 0.0372817 0.0000000 0.0750205 0.0954454 0.0106896 0.0125498 0.0022324 0.0210731 0.0906341 0.0092201 0.0051374 0.0000000 0.0554300 0.0370729 0.0000000 0.0046230 0.0129319 0.2197221
 14 A  14 0.1912808 0.0630917 0.0406170 0.0730972 0.0000000 0.0681392 0.1208905 0.0266084 0.0056166 0.0000000 0.0071815 0.0714930 0.0024348 0.0019637 0.0193755 0.0445532 0.0464850 0.0000000 0.0000000 0.0044457 0.2127262
 15 I  15 0.0462414 0.0111798 0.0000000 0.0044111 0.0000000 0.0062127 0.0241377 0.0017593 0.0034093 0.1914817 0.3157977 0.0037921 0.0141165 0.0182695 0.0058122 0.0111029 0.0129058 0.0028419 0.0504260 0.0651196 0.2109827
 16 E  16 0.0940230 0.0024385 0.0014686 0.0167131 0.0095354 0.0088917 0.2876323 0.0157401 0.0000000 0.1121399 0.0939168 0.0033743 0.0092316 0.0278406 0.0052189 0.0104343 0.0230921 0.0044034 0.0000000 0.0647136 0.2091919
 17 V  17 0.1614521 0.1060684 0.0317264 0.0481248 0.0000000 0.0589940 0.0530064 0.0287158 0.0185008 0.0029129 0.0093173 0.1277213 0.0046666 0.0025674 0.0133577 0.0875258 0.0321396 0.0000000 0.0060372 0.0073509 0.1998147
 18 S  18 0.0921515 0.0911765 0.0184643 0.0769400 0.0029954 0.0989029 0.1021998 0.0998989 0.0111080 0.0026720 0.0082083 0.0663741 0.0010358 0.0016833 0.0145289 0.0712557 0.0234653 0.0017956 0.0141945 0.0053101 0.1956390
 19 L  19 0.0849463 0.0163214 0.0220417 0.0121151 0.0167361 0.0225510 0.0060568 0.0048757 0.0558710 0.0241604 0.0740493 0.0577487 0.0053616 0.0984666 0.0111839 0.1102573 0.0495315 0.0000000 0.1064244 0.0314100 0.1898913
 20 S  20 0.0303867 0.0298941 0.0629610 0.1067190 0.0000000 0.0328289 0.0322152 0.2055481 0.0151053 0.0125759 0.0009928 0.0732432 0.0000000 0.0014567 0.1153403 0.0660672 0.0142038 0.0000000 0.0000000 0.0073639 0.1930980
 21 A  21 0.2318535 0.0009465 0.0164918 0.0147666 0.0066899 0.0031183 0.0113200 0.4307086 0.0000000 0.0057898 0.0350902 0.0000000 0.0000000 0.0082339 0.0012657 0.0107413 0.0100051 0.0000000 0.0055719 0.0257794 0.1816275
 22 R  22 0.0192147 0.2926477 0.0297733 0.0552423 0.0000000 0.0576488 0.0494487 0.0017713 0.0183113 0.0092887 0.0131421 0.0948794 0.0043413 0.0029619 0.0033838 0.0248169 0.1235719 0.0000000 0.0045366 0.0247293 0.1702900
 23 I  23 0.0399180 0.0008923 0.0032683 0.0000000 0.0086663 0.0000000 0.0000000 0.0252535 0.0000000 0.1342266 0.2051114 0.0045696 0.0198690 0.0290645 0.0172971 0.0108645 0.0336991 0.0353585 0.0385225 0.2215344 0.1718843
 24 G  24 0.0692245 0.0108002 0.0000000 0.0000000 0.0096796 0.0085134 0.0022611 0.5839130 0.0055192 0.0000000 0.0000000 0.0014686 0.0035130 0.0062429 0.0010963 0.1871684 0.0024203 0.0123265 0.0039595 0.0021798 0.0897137
 25 V  25 0.0621887 0.0000000 0.0000000 0.0000000 0.0028045 0.0000000 0.0000000 0.0055329 0.0000000 0.1413252 0.0841248 0.0000000 0.0151318 0.0468236 0.0009992 0.0010165 0.0008339 0.0150863 0.0773518 0.4596105 0.0871701
 26 S  26 0.2390492 0.0034513 0.0038122 0.0000000 0.0177121 0.0018671 0.0022504 0.0053945 0.0431559 0.0632464 0.0354177 0.0000000 0.0082808 0.0828124 0.0026603 0.0732066 0.0248498 0.0104862 0.2195548 0.0817484 0.0810439
 27 V  27 0.2227363 0.0000000 0.0000000 0.0000000 0.0055227 0.0000000 0.0170737 0.0050666 0.0000000 0.0895201 0.2274539 0.0000000 0.0162112 0.0821546 0.0023049 0.0000000 0.0063096 0.0036580 0.0315571 0.2516217 0.0388096
 28 L  28 0.0192560 0.0704138 0.0015284 0.0071033 0.0083797 0.0301473 0.0563818 0.0114040 0.0248633 0.1513720 0.1902753 0.0712347 0.1124041 0.0176900 0.0024407 0.0134455 0.0205000 0.0204989 0.0418615 0.0906209 0.0381788
 29 D  29 0.0117989 0.0264433 0.1285460 0.5598118 0.0019223 0.0106689 0.0445463 0.0187292 0.0304550 0.0078255 0.0083869 0.0051161 0.0025843 0.0015056 0.0139601 0.0294397 0.0026663 0.0000000 0.0094329 0.0127795 0.0733815
 30 T  30 0.0740433 0.0154215 0.0111981 0.0000000 0.0038648 0.0067578 0.0066340 0.0087677 0.0046677 0.0498771 0.3418471 0.0051754 0.0228724 0.0471512 0.0472291 0.0269212 0.1890000 0.0010878 0.0358044 0.0601246 0.0415549
 31 Q  31 0.1456135 0.0260297 0.0947566 0.1888965 0.0000000 0.0547837 0.1017284 0.1391024 0.0164347 0.0000000 0.0060688 0.0557247 0.0043507 0.0009978 0.0042326 0.0566383 0.0532900 0.0000000 0.0057848 0.0160620 0.0295047
 32 N  32 0.0220715 0.0205992 0.0612256 0.0902803 0.0000000 0.0073900 0.0207230 0.0590731 0.0034600 0.0000000 0.0042709 0.0116610 0.0000000 0.0027788 0.0024872 0.2610414 0.3865704 0.0000000 0.0030655 0.0014131 0.0418891
 33 G  33 0.0154975 0.0195837 0.0965611 0.0584114 0.0000000 0.0240190 0.0200040 0.6279491 0.0065277 0.0000000 0.0063600 0.0367755 0.0064024 0.0000000 0.0166645 0.0197667 0.0086836 0.0013416 0.0000000 0.0015554 0.0338966
 34 E  34 0.1136531 0.1497610 0.0238715 0.0511633 0.0000000 0.1254117 0.1581493 0.0149014 0.0144214 0.0095922 0.0203624 0.1207972 0.0052381 0.0138835 0.0124789 0.0333095 0.0520654 0.0233417 0.0058079 0.0135516 0.0382387
 35 Y  35 0.0382587 0.0611857 0.0100805 0.0073522 0.0055005 0.0540974 0.1044022 0.0154213 0.0125259 0.0974598 0.0318812 0.0251635 0.0115499 0.0117163 0.0072766 0.0796557 0.2034901 0.0000000 0.0570954 0.1400732 0.0258140
 36 W  36 0.0725119 0.0031167 0.0000000 0.0019054 0.0177958 0.0041150 0.0000000 0.0036848 0.0038295 0.1519645 0.2203795 0.0009050 0.0113393 0.1228734 0.0058151 0.0094698 0.0101950 0.0441001 0.0508095 0.2379986 0.0271911
 37 D  37 0.2086294 0.0131163 0.0153714 0.0587024 0.0074439 0.0278446 0.1123388 0.1532655 0.0143197 0.0053434 0.0497383 0.0104349 0.0077406 0.0167290 0.0000000 0.1511208 0.0874198 0.0014247 0.0093217 0.0126780 0.0370169
 38 Y  38 0.0227397 0.0280905 0.0177829 0.0000000 0.0000000 0.0246605 0.0139202 0.0029379 0.1436954 0.1403153 0.0832474 0.0596161 0.0096965 0.0581665 0.0000000 0.0177408 0.0017631 0.0400150 0.1979794 0.1126400 0.0249929
 39 N  39 0.0193234 0.2736301 0.4564072 0.0338911 0.0000000 0.0322926 0.0152002 0.0563665 0.0388170 0.0018503 0.0088817 0.0203258 0.0000000 0.0000000 0.0000000 0.0066707 0.0000000 0.0000000 0.0052764 0.0016430 0.0294243
 40 G  40 0.3291216 0.0075519 0.0359222 0.0281637 0.0030062 0.0210945 0.0914400 0.2082962 0.0000000 0.0072499 0.0141225 0.0052454 0.0040007 0.0032475 0.1039887 0.0717496 0.0084452 0.0000000 0.0038733 0.0061423 0.0473385
 41 N  41 0.0223325 0.0238884 0.1131945 0.5274369 0.0000000 0.0220521 0.0773283 0.0231058 0.0539217 0.0000000 0.0042106 0.0218642 0.0048908 0.0041584 0.0000000 0.0332323 0.0378362 0.0000000 0.0070211 0.0000000 0.0235264
 42 Q  42 0.0454992 0.0665216 0.0108551 0.0664382 0.0026487 0.1136713 0.4043713 0.0156561 0.0092335 0.0130149 0.0125448 0.0621332 0.0185625 0.0055113 0.0000000 0.0250717 0.0624420 0.0000000 0.0059432 0.0347615 0.0251196
 43 R  43 0.0425469 0.3888128 0.0087204 0.0047097 0.0008460 0.0555406 0.0302605 0.0054314 0.0299793 0.0318969 0.0559957 0.0649166 0.0059215 0.0039035 0.1161285 0.0390671 0.0320892 0.0012969 0.0106957 0.0487119 0.0225289
 44 F  44 0.0079644 0.0325374 0.0000000 0.0000000 0.0011824 0.0142469 0.0000000 0.0000000 0.0138554 0.0353084 0.1327134 0.0016008 0.0784102 0.4911880 0.0040348 0.0000000 0.0126076 0.0196656 0.0562028 0.0775912 0.0208908
 45 P  45 0.1444270 0.0212251 0.0206967 0.0116247 0.0061091 0.0221056 0.0361189 0.0082830 0.0273959 0.0160212 0.0195996 0.0097922 0.0041752 0.0128721 0.4651900 0.0297214 0.0155558 0.0000000 0.0502678 0.0556436 0.0231753
 46 L  46 0.1687193 0.0000000 0.0000000 0.0000000 0.0012783 0.0218602 0.0000000 0.0000000 0.0034223 0.0207091 0.1064451 0.0000000 0.2403420 0.0386440 0.1711400 0.1038164 0.0584569 0.0000000 0.0381288 0.0092852 0.0177524
 47 T  47 0.6058134 0.0000000 0.0129896 0.0023049 0.1710826 0.0616722 0.0016430 0.0229577 0.0034628 0.0000000 0.0158465 0.0000000 0.0634586 0.0000000 0.0000000 0.0111786 0.0047740 0.0000000 0.0022907 0.0027729 0.0177524
 48 S  48 0.0000000 0.0000000 0.0000000 0.0038733 0.0000000 0.0000000 0.0000000 0.0219356 0.0000000 0.0000000 0.0000000 0.0000000 0.0000000 0.0000000 0.0000000 0.9564388 0.0000000 0.0000000 0.0000000 0.0000000 0.0177524
 49 T  49 0.0174957 0.0000000 0.0022927 0.0047240 0.0076305 0.0000000 0.0000000 0.0017713 0.0000000 0.0542453 0.1898522 0.0000000 0.0526262 0.0014880 0.0009995 0.0328649 0.4371103 0.0000000 0.0000000 0.1791471 0.0177524
 50 F  50 0.0125825 0.0092483 0.0000000 0.0000000 0.0055577 0.0056861 0.0000000 0.0009933 0.0220579 0.2546870 0.0011258 0.0000000 0.0428667 0.2869482 0.0000000 0.0584392 0.1573627 0.0009468 0.0652741 0.0584714 0.0177524
 51 K  51 0.0057164 0.0093184 0.0000000 0.0000000 0.0000000 0.0017045 0.0000000 0.0000000 0.0000000 0.0000000 0.0000000 0.9606308 0.0000000 0.0000000 0.0000000 0.0021830 0.0028365 0.0000000 0.0000000 0.0000000 0.0176105
 52 T  52 0.1044687 0.0000000 0.0000000 0.0000000 0.0000000 0.0000000 0.0000000 0.0096660 0.0000000 0.1199441 0.2843216 0.0000000 0.0341447 0.0815050 0.0100618 0.0125995 0.0887109 0.0039188 0.0028729 0.2301757 0.0176105
 53 I  53 0.0569589 0.0000000 0.0000000 0.0000000 0.0051464 0.0000000 0.0000000 0.0000000 0.0466497 0.0203776 0.1890795 0.0045585 0.1956273 0.0738735 0.2707657 0.0204875 0.0045952 0.0201068 0.0436504 0.0303708 0.0177524
 54 A  54 0.1446942 0.0000000 0.0061299 0.0000000 0.0000000 0.0238272 0.0027935 0.0029078 0.0000000 0.2386521 0.2199126 0.0000000 0.0096887 0.0018392 0.0000000 0.0104355 0.1590736 0.0000000 0.0043384 0.1589128 0.0167946
 55 C  55 0.3806542 0.0000000 0.0208645 0.0000000 0.0670048 0.0032691 0.0000000 0.0311376 0.0000000 0.0044196 0.2036157 0.0000000 0.1247988 0.0060012 0.0000000 0.0464123 0.0109012 0.0000000 0.0000000 0.0841263 0.0167946
 56 A  56 0.2843963 0.0000000 0.0036830 0.0045283 0.0077581 0.0013921 0.0017301 0.1044932 0.0020297 0.0788885 0.1813933 0.0000000 0.0577902 0.0105719 0.0000000 0.0149379 0.0113723 0.0022978 0.1300695 0.0877749 0.0148928
 57 K  57 0.4131614 0.0117445 0.0103975 0.0064971 0.0171245 0.0153929 0.0894583 0.0202761 0.0045980 0.0367198 0.0915109 0.0190590 0.0145015 0.0126530 0.0000000 0.0216673 0.0651685 0.0011075 0.0316072 0.1024623 0.0148928
 58 L  58 0.1252877 0.0000000 0.0000000 0.0000000 0.0016189 0.0000000 0.0014744 0.0065196 0.0000000 0.0996772 0.1837760 0.0000000 0.0198127 0.0690358 0.0000000 0.0068209 0.0451455 0.0015424 0.0115680 0.4118947 0.0158262
 59 L  59 0.0437392 0.0000000 0.0081948 0.0133211 0.0223254 0.0045853 0.0165508 0.0179927 0.0045973 0.0135176 0.4985370 0.0000000 0.0559121 0.1637105 0.0000000 0.0072146 0.0103716 0.0029616 0.0973291 0.0017858 0.0173535
 60 Y  60 0.1114544 0.1764388 0.0332709 0.1292957 0.0018069 0.1013757 0.1468435 0.0054471 0.0579349 0.0008272 0.0169341 0.0994051 0.0041020 0.0016359 0.0000000 0.0611069 0.0137715 0.0032587 0.0129917 0.0049752 0.0171239
 61 D  61 0.1518254 0.1445749 0.0140765 0.0639161 0.0000000 0.2038143 0.1284815 0.0204793 0.0078078 0.0032706 0.0547309 0.1014490 0.0294142 0.0000000 0.0000000 0.0138867 0.0090529 0.0035191 0.0245933 0.0000000 0.0251073
 62 A  62 0.1309445 0.0108261 0.0231881 0.0055825 0.0055472 0.0053463 0.0056362 0.0032908 0.0129237 0.1458672 0.1282114 0.0156518 0.0316295 0.0161338 0.0016587 0.0623907 0.0098623 0.0008795 0.0223516 0.3324881 0.0295899
 63 E  63 0.0827846 0.0342341 0.0157793 0.3501240 0.0000000 0.0724206 0.1500216 0.0214095 0.0282140 0.0005436 0.0058460 0.0894665 0.0069661 0.0047482 0.0141680 0.0487674 0.0214056 0.0000000 0.0031195 0.0115303 0.0384509
 64 Q  64 0.1962003 0.1040324 0.0374183 0.0428259 0.0012446 0.1265908 0.1166320 0.0113429 0.0218981 0.0185201 0.0317610 0.1001071 0.0054388 0.0013679 0.0026258 0.0691594 0.0470222 0.0031069 0.0072547 0.0087635 0.0466875
 65 G  65 0.0134463 0.0232021 0.0434999 0.0652155 0.0000000 0.0246614 0.0419522 0.6418297 0.0200453 0.0000000 0.0000000 0.0457708 0.0007538 0.0000000 0.0000000 0.0134856 0.0054721 0.0000000 0.0000000 0.0032530 0.0574124
 66 K  66 0.0313413 0.1496165 0.0568037 0.0447518 0.0006423 0.0731619 0.1053962 0.0537371 0.0293939 0.0148683 0.0142601 0.2527828 0.0028101 0.0010724 0.0353899 0.0206145 0.0455612 0.0000000 0.0036645 0.0110543 0.0530772
 67 V  67 0.0455243 0.0101314 0.0132812 0.0163613 0.0021124 0.0122088 0.0947335 0.0361995 0.0068019 0.1889974 0.3694888 0.0070443 0.0101791 0.0391674 0.0011706 0.0151323 0.0131205 0.0081374 0.0054126 0.0485202 0.0562750
 68 N  68 0.0526901 0.0914918 0.0589824 0.1574542 0.0000000 0.0465395 0.0240303 0.0248823 0.0284039 0.0042589 0.0644363 0.0785169 0.0027639 0.0160367 0.0142584 0.2151644 0.0497496 0.0016017 0.0105108 0.0103096 0.0479182
 69 P  69 0.0090960 0.0098035 0.0028092 0.0019706 0.0000000 0.0000000 0.0128591 0.0071020 0.0000000 0.0122781 0.6815952 0.0102274 0.0396784 0.0295735 0.0738738 0.0024647 0.0017742 0.0503879 0.0219148 0.0041530 0.0284388
 70 N  70 0.0423708 0.0171751 0.1299381 0.3853538 0.0014470 0.0413386 0.0855954 0.0280243 0.0118920 0.0010302 0.0076305 0.0235489 0.0046747 0.0025388 0.0057164 0.0876388 0.0923112 0.0011906 0.0044213 0.0015867 0.0245768
 71 S  71 0.0384012 0.1143866 0.0046704 0.2381978 0.0000000 0.1659037 0.2138303 0.0068122 0.0097014 0.0000000 0.0027707 0.0677907 0.0072459 0.0012828 0.0000000 0.0419827 0.0600593 0.0000000 0.0014139 0.0000000 0.0255504
 72 T  72 0.0225994 0.2125322 0.0109426 0.0042380 0.0032724 0.0493447 0.0544793 0.0084011 0.0121168 0.0257862 0.0492878 0.1416899 0.0568583 0.0022776 0.0877088 0.0423126 0.1018582 0.0029874 0.0018249 0.0784985 0.0309832
 73 V  73 0.0180608 0.0053145 0.0023118 0.0017639 0.0015056 0.0000000 0.0000000 0.0013980 0.0036157 0.2861022 0.1858568 0.0018851 0.0185702 0.0194359 0.0000000 0.0009898 0.0160687 0.0023687 0.0273505 0.3749300 0.0324718
 74 E  74 0.0359605 0.0993353 0.0104923 0.0103226 0.0028569 0.0141692 0.0636123 0.0018094 0.0559597 0.0296531 0.0453340 0.0584673 0.0187357 0.0195112 0.0894012 0.0389949 0.2968420 0.0014880 0.0179070 0.0602969 0.0288505
 75 I  75 0.0167452 0.0013582 0.0000000 0.0012210 0.0032669 0.0000000 0.0000000 0.0000000 0.0015311 0.2328863 0.1531126 0.0000000 0.0344355 0.0431983 0.0000000 0.0017351 0.0155488 0.0087573 0.2292418 0.2297703 0.0271918
 76 K  76 0.0291550 0.1118823 0.0369206 0.0491105 0.0000000 0.0183133 0.0692843 0.0708041 0.0210541 0.0023118 0.0089348 0.1079436 0.0052748 0.0000000 0.0406387 0.2077792 0.1815186 0.0000000 0.0060212 0.0041020 0.0289511
 77 K  77 0.1239020 0.1012465 0.0290541 0.0595151 0.0000000 0.0771466 0.1827648 0.0161740 0.0036642 0.0038989 0.0067337 0.1878048 0.0000000 0.0000000 0.0928569 0.0494380 0.0177488 0.0029231 0.0022056 0.0134265 0.0294967
 78 A  78 0.1539117 0.0606308 0.0548204 0.1403660 0.0000000 0.0270619 0.1636362 0.0291760 0.0243869 0.0057950 0.0042003 0.0904313 0.0015950 0.0072176 0.0051771 0.1467074 0.0201230 0.0000000 0.0175629 0.0153351 0.0318654
 79 D  79 0.1844022 0.0144411 0.0241846 0.4737284 0.0008144 0.0245102 0.0601322 0.0111534 0.0209204 0.0074259 0.0292030 0.0181702 0.0220380 0.0169477 0.0048824 0.0142890 0.0044534 0.0000000 0.0084220 0.0252044 0.0346770
 80 L  80 0.0556082 0.0729854 0.0015328 0.0084264 0.0059694 0.0095543 0.0028914 0.0050336 0.0091390 0.1070430 0.2789990 0.0765855 0.0313054 0.0207337 0.0086310 0.0128197 0.0096056 0.1232532 0.0426193 0.0815950 0.0356694
 81 V  81 0.0469477 0.0739458 0.0282219 0.0297676 0.0000000 0.0238175 0.0590094 0.0335586 0.0102898 0.0332973 0.0784764 0.0371014 0.0051425 0.0221319 0.0124090 0.0512125 0.0563888 0.0012527 0.0283009 0.3324838 0.0362445
 82 T  82 0.0658297 0.0076345 0.0405693 0.0786214 0.0016084 0.0125435 0.0743424 0.1763232 0.0000000 0.0035128 0.0105488 0.0131462 0.0574630 0.0137184 0.1279477 0.0717775 0.1678693 0.0000000 0.0116470 0.0273595 0.0375372
 83 Y  83 0.0059798 0.0018139 0.0325075 0.0266673 0.0000000 0.0053652 0.0246683 0.4215505 0.0550562 0.0057347 0.0038421 0.0055532 0.0011257 0.0221080 0.0277842 0.0209697 0.0049878 0.0752665 0.2099315 0.0137265 0.0353615
 84 S  84 0.1625942 0.0000000 0.0390742 0.0134131 0.0081290 0.0064957 0.0054812 0.1508024 0.0105860 0.0044834 0.0000000 0.0015311 0.0007881 0.0094448 0.0099313 0.4557768 0.0727252 0.0090843 0.0015397 0.0013248 0.0367950
 85 P  85 0.0180752 0.0016241 0.0000000 0.0093868 0.0000000 0.0118216 0.0025907 0.3182052 0.0015221 0.0111422 0.0022978 0.0025680 0.0018069 0.0000000 0.4087567 0.1628852 0.0063692 0.0000000 0.0011393 0.0064090 0.0334003
 86 V  86 0.0374111 0.0589950 0.0141042 0.0123798 0.0025388 0.0312676 0.0186210 0.0114783 0.0000000 0.2174907 0.1078930 0.0496060 0.0232678 0.0173425 0.0174363 0.0152074 0.0364376 0.0218188 0.0044851 0.2689703 0.0332488
 87 I  87 0.0828611 0.0560047 0.0032676 0.0014582 0.0052738 0.0061095 0.0019322 0.0095262 0.0022978 0.0729996 0.1939329 0.0024888 0.1849284 0.0080462 0.0017505 0.0422602 0.2553688 0.0000000 0.0047091 0.0298837 0.0349007
 88 E  88 0.0451513 0.0465188 0.0148355 0.0600306 0.0056376 0.1315599 0.2126868 0.0531657 0.0157162 0.0031327 0.0049945 0.0878123 0.0048330 0.1556608 0.0062781 0.0358581 0.0144341 0.0344895 0.0285662 0.0050512 0.0335873
 89 K  89 0.0622948 0.0595930 0.0218045 0.0338942 0.0148131 0.0527660 0.0541383 0.0161842 0.0037285 0.0678839 0.1514244 0.2105294 0.0207940 0.0327352 0.0197842 0.0381672 0.0274853 0.0081278 0.0354516 0.0364796 0.0319209
 90 Q  90 0.0365451 0.1087720 0.0484131 0.0277148 0.0000000 0.0380258 0.1073393 0.0073297 0.2010802 0.0023180 0.0569110 0.0748264 0.0302599 0.0472436 0.0202553 0.0297386 0.0086318 0.0098294 0.1062625 0.0046309 0.0338725
 91 V  91 0.0973119 0.0074009 0.0136143 0.0690857 0.0017789 0.0171321 0.0290505 0.0172072 0.0054530 0.0424680 0.0881363 0.0220794 0.0064037 0.0100098 0.2579005 0.0258408 0.0132313 0.0000000 0.0000000 0.2396004 0.0362952
 92 G  92 0.0633863 0.0092918 0.0796677 0.1158241 0.0000000 0.0139199 0.0330126 0.5452777 0.0034664 0.0063640 0.0014800 0.0183405 0.0000000 0.0000000 0.0233159 0.0200121 0.0186692 0.0011416 0.0008319 0.0088226 0.0371755
 93 Q  93 0.0634488 0.0448990 0.0140064 0.1003524 0.0000000 0.0425111 0.0814873 0.0743146 0.0179871 0.0400467 0.0247284 0.1126844 0.0065814 0.0078667 0.0192862 0.0800337 0.1827674 0.0013501 0.0083052 0.0530144 0.0243290
 94 A  94 0.0322938 0.0823762 0.0228211 0.0274468 0.0038129 0.1081548 0.1169508 0.2026267 0.0156657 0.0058085 0.0082488 0.0906670 0.0032592 0.0009337 0.0380429 0.0666407 0.1102643 0.0012219 0.0126808 0.0256364 0.0244470
 95 I  95 0.0207687 0.0065239 0.0000000 0.0031409 0.0000000 0.0014189 0.0047074 0.0015308 0.0026848 0.0942637 0.1643738 0.0042229 0.2849025 0.0833280 0.0153034 0.0096447 0.0192607 0.0034458 0.0876318 0.1636678 0.0291795
 96 T  96 0.0125781 0.0236431 0.0030724 0.0047458 0.0000000 0.0055616 0.0017593 0.0060657 0.0000000 0.0016241 0.0034021 0.0266457 0.0000000 0.0016189 0.1043353 0.3114710 0.4731424 0.0000000 0.0000000 0.0000000 0.0203345
 97 L  97 0.0432621 0.0052753 0.0015146 0.0000000 0.0000000 0.0015424 0.0000000 0.0057709 0.0021919 0.1367088 0.3321682 0.0000000 0.0064624 0.0186317 0.0025846 0.0010914 0.0117974 0.0146137 0.0297923 0.3707374 0.0158548
 98 D  98 0.1394994 0.2244745 0.0181009 0.0644975 0.0000000 0.0439895 0.1172105 0.0817197 0.0211113 0.0123021 0.0468384 0.0927508 0.0048880 0.0111938 0.0011704 0.0768087 0.0058971 0.0045675 0.0155187 0.0047626 0.0126984
 99 D  99 0.0383237 0.0084045 0.0351204 0.3203125 0.0000000 0.0784705 0.3891836 0.0043020 0.0097491 0.0062917 0.0034808 0.0203462 0.0026237 0.0000000 0.0019787 0.0169552 0.0227964 0.0081894 0.0150986 0.0067134 0.0116596
100 A 100 0.0718355 0.0000000 0.0017598 0.0000000 0.0016359 0.0000000 0.0000000 0.0000000 0.0043746 0.0479566 0.7307115 0.0000000 0.0328154 0.0025949 0.0000000 0.0010799 0.0215801 0.0015221 0.0037752 0.0685313 0.0098272
101 C 101 0.1883833 0.0000000 0.0147558 0.0000000 0.2156610 0.0034450 0.0023283 0.0008005 0.0010013 0.1087133 0.2986538 0.0000000 0.0449875 0.0034150 0.0000000 0.0477010 0.0115297 0.0000000 0.0000000 0.0483347 0.0102898
102 F 102 0.0880087 0.1437044 0.0262155 0.0830461 0.0015016 0.0536254 0.1595298 0.0066185 0.0298998 0.0126841 0.0167704 0.1100665 0.0160041 0.0130962 0.0000000 0.0338206 0.1283805 0.0060543 0.0360856 0.0267957 0.0080922
103 A 103 0.3236137 0.0451769 0.0081461 0.0124865 0.0027063 0.0268170 0.0289104 0.1548695 0.0088450 0.0046067 0.1927507 0.0245733 0.0087495 0.0163879 0.0040440 0.0187570 0.0049381 0.0136962 0.0753632 0.0164697 0.0080922
104 T 104 0.2309598 0.0000000 0.0000000 0.0015563 0.0000000 0.0000000 0.0000000 0.0019976 0.0000000 0.0656548 0.0248763 0.0000000 0.3947061 0.0000000 0.0000000 0.0822547 0.1353960 0.0000000 0.0000000 0.0545063 0.0080922
105 M 105 0.0445828 0.0000000 0.0041051 0.0009740 0.0040249 0.0070669 0.0045856 0.0041120 0.0000000 0.4925858 0.1497774 0.0000000 0.1146922 0.0000000 0.0000000 0.0029693 0.0082166 0.0000000 0.0000000 0.1542153 0.0080922
106 T 106 0.0419599 0.0881717 0.0022950 0.0057766 0.0064564 0.0813655 0.0347927 0.0104977 0.0020650 0.2079891 0.0402899 0.0109358 0.0081966 0.0000000 0.0000000 0.0756674 0.2410275 0.0000000 0.0000000 0.1303964 0.0121167
107 T 107 0.0262306 0.0430112 0.0146224 0.0410404 0.0055787 0.1701953 0.0547135 0.0107645 0.0236414 0.0575763 0.0833102 0.0155167 0.0370659 0.0237902 0.0031398 0.0185884 0.0363921 0.0061622 0.1394366 0.1789784 0.0102451
108 S 108 0.0000000 0.0000000 0.0054455 0.0021830 0.0000000 0.0032475 0.0000000 0.0100382 0.0000000 0.0000000 0.0000000 0.0000000 0.0000000 0.0000000 0.0000000 0.9680240 0.0000000 0.0000000 0.0000000 0.0000000 0.0110618
109 D 109 0.0215577 0.0000000 0.0047615 0.7943896 0.0046454 0.0000000 0.0000000 0.1374748 0.0016594 0.0000000 0.0000000 0.0000000 0.0000000 0.0000000 0.0000000 0.0274195 0.0000000 0.0000000 0.0000000 0.0000000 0.0080922
110 N 110 0.0000000 0.0000000 0.9493650 0.0000000 0.0000000 0.0000000 0.0032475 0.0152915 0.0000000 0.0000000 0.0000000 0.0057164 0.0000000 0.0000000 0.0000000 0.0125124 0.0038733 0.0000000 0.0019018 0.0000000 0.0080922
111 T 111 0.0603995 0.0000000 0.0615036 0.1753762 0.0085378 0.0060993 0.0214847 0.0169349 0.0014796 0.0389099 0.0306947 0.0000000 0.0012219 0.0044527 0.0097161 0.0442588 0.4427211 0.0000000 0.0047899 0.0633271 0.0080922
112 A 112 0.8902915 0.0030888 0.0000000 0.0000000 0.0296274 0.0000000 0.0000000 0.0313628 0.0000000 0.0000000 0.0014572 0.0000000 0.0000000 0.0013500 0.0000000 0.0189643 0.0157658 0.0000000 0.0000000 0.0000000 0.0080922
113 A 113 0.3224984 0.0020987 0.0262739 0.0008058 0.1153828 0.0059361 0.0000000 0.0589329 0.0058273 0.0014334 0.0121243 0.0063058 0.0175375 0.0029946 0.0000000 0.1231625 0.2684769 0.0000000 0.0059179 0.0161990 0.0080922
114 N 114 0.0000000 0.0072923 0.6023417 0.1766201 0.0000000 0.0000000 0.0048256 0.0018392 0.0031601 0.0244237 0.0138918 0.0121968 0.0017858 0.0000000 0.0000000 0.0024199 0.0045309 0.0000000 0.0083278 0.1282521 0.0080922
115 I 115 0.1858546 0.0075005 0.0016084 0.0000000 0.0000000 0.0090915 0.0210951 0.0058656 0.0000000 0.1469720 0.3224798 0.0396762 0.1265879 0.0110063 0.0000000 0.0050294 0.0131395 0.0191589 0.0038135 0.0730288 0.0080922
116 I 116 0.0134110 0.0000000 0.0033619 0.0000000 0.0181320 0.0009311 0.0000000 0.0000000 0.0000000 0.0993350 0.6904790 0.0000000 0.0774818 0.0021118 0.0000000 0.0013248 0.0013707 0.0000000 0.0000000 0.0839689 0.0080922
117 L 117 0.1583964 0.0013499 0.0000000 0.0000000 0.0000000 0.0164028 0.0020987 0.0151008 0.0028609 0.2678950 0.3209582 0.0000000 0.0509143 0.0937786 0.0000000 0.0057923 0.0071470 0.0018794 0.0072569 0.0370740 0.0110948
118 S 118 0.0709146 0.1851289 0.0355733 0.2001137 0.0000000 0.0242977 0.2528205 0.0258098 0.0148197 0.0000000 0.0019736 0.0921199 0.0000000 0.0023049 0.0088022 0.0291806 0.0326872 0.0012874 0.0045853 0.0026126 0.0149681
119 A 119 0.0655590 0.1818776 0.0031843 0.0169342 0.0025277 0.0566095 0.0697334 0.0092730 0.0993936 0.0225904 0.1505279 0.0492444 0.0130422 0.0321050 0.0009094 0.0307216 0.0477504 0.0076652 0.0905498 0.0256689 0.0241326
120 V 120 0.0475447 0.0000000 0.0000000 0.0000000 0.0020258 0.0068261 0.0000000 0.0023049 0.0011075 0.2492694 0.3671954 0.0018851 0.0140087 0.0319113 0.0000000 0.0084775 0.0074580 0.0000000 0.0030669 0.2411180 0.0158006
121 G 121 0.1175113 0.0000000 0.0044431 0.0191444 0.0015475 0.0000000 0.0060320 0.5941065 0.0000000 0.0000000 0.0015651 0.0036736 0.0000000 0.0000000 0.0000000 0.0259126 0.0264256 0.0014492 0.0000000 0.0061711 0.1920181
122 G 122 0.0014366 0.0038456 0.0130645 0.0090923 0.0000000 0.0020258 0.0016241 0.8849113 0.0018285 0.0015447 0.0093364 0.0033415 0.0000000 0.0191972 0.0022225 0.0035429 0.0014470 0.0000000 0.0000000 0.0000000 0.0415391
123 P 123 0.0403377 0.0153562 0.0042948 0.0111126 0.0000000 0.0127687 0.0058373 0.0306918 0.0037426 0.0560927 0.0631483 0.0357243 0.0733410 0.0054734 0.3703781 0.0892343 0.0623755 0.0087403 0.0064683 0.0743715 0.0305107
124 K 124 0.1530467 0.0200617 0.0246856 0.1592696 0.0000000 0.0927732 0.2735414 0.0393028 0.0046566 0.0016841 0.0073001 0.0819584 0.0015726 0.0000000 0.0256971 0.0551668 0.0301444 0.0000000 0.0046443 0.0032393 0.0212548
125 G 125 0.2744938 0.0425315 0.0828276 0.0216226 0.0020213 0.0472611 0.0938400 0.1249226 0.0114787 0.0093036 0.0122963 0.0593031 0.0206675 0.0067770 0.0058738 0.0504205 0.0539237 0.0000000 0.0095618 0.0526711 0.0182025
126 V 126 0.0228661 0.0000000 0.0026848 0.0000000 0.0000000 0.0000000 0.0000000 0.0026092 0.0000000 0.1618827 0.1999154 0.0000000 0.1529093 0.0502127 0.0000000 0.0032629 0.0188240 0.0018976 0.0064402 0.3598374 0.0166578
127 T 127 0.0186898 0.0448493 0.4383936 0.0513284 0.0000000 0.0465742 0.0417213 0.0066750 0.0168989 0.0042717 0.0042650 0.0271199 0.0052084 0.0090774 0.0022695 0.0023339 0.2592260 0.0014002 0.0032613 0.0032289 0.0132071
128 D 128 0.2757778 0.0950603 0.0254909 0.0629651 0.0015197 0.1365161 0.1062746 0.0298457 0.0151449 0.0017704 0.0156995 0.1016107 0.0030449 0.0057700 0.0118885 0.0629656 0.0283174 0.0000000 0.0000000 0.0071306 0.0132071
129 F 129 0.0316798 0.0831286 0.0020538 0.0148022 0.0155141 0.0309801 0.0440373 0.0007650 0.0227681 0.0097854 0.0507896 0.0429480 0.0117885 0.2510478 0.0000000 0.0189070 0.0692238 0.0683366 0.1910356 0.0260414 0.0143672
130 L 130 0.2613531 0.0017130 0.0000000 0.0000000 0.0440713 0.0000000 0.0000000 0.0098092 0.0000000 0.1258656 0.2659232 0.0000000 0.1105050 0.0624903 0.0022784 0.0033203 0.0168677 0.0153322 0.0088638 0.0583998 0.0132071
131 R 131 0.1062716 0.3781921 0.0214591 0.0352339 0.0020213 0.1048310 0.0633822 0.0121354 0.0449558 0.0106810 0.0197025 0.1274551 0.0021341 0.0021830 0.0026701 0.0156520 0.0150065 0.0000000 0.0034450 0.0125880 0.0200004
132 Q 132 0.1145862 0.1061353 0.0308875 0.0506924 0.0000000 0.0783401 0.1487493 0.0571992 0.0067441 0.0023803 0.0178975 0.0860760 0.0106462 0.0010799 0.0000000 0.2199274 0.0468879 0.0007856 0.0000000 0.0065544 0.0144308
133 I 133 0.0242010 0.0175452 0.0292557 0.0051236 0.0009514 0.0257300 0.0106991 0.0030822 0.0203070 0.1455270 0.4863334 0.0220983 0.0588385 0.0140172 0.0000000 0.0215956 0.0152912 0.0398420 0.0215699 0.0186825 0.0193092
134 G 134 0.0080074 0.0039585 0.0202618 0.0159263 0.0000000 0.0062309 0.0040621 0.8786621 0.0095392 0.0071707 0.0000000 0.0079561 0.0056276 0.0000000 0.0000000 0.0018745 0.0047987 0.0000000 0.0045658 0.0050978 0.0162604
135 D 135 0.0340822 0.0000000 0.0037452 0.2898471 0.0165225 0.0043759 0.0015563 0.0231411 0.0000000 0.0833718 0.2455475 0.0000000 0.1275959 0.0488678 0.0130936 0.0015554 0.0020213 0.0053641 0.0473535 0.0301518 0.0218067
136 K 136 0.0609247 0.0701277 0.0542290 0.0618405 0.0011539 0.0501869 0.0661540 0.0292894 0.0468955 0.0040681 0.0094985 0.1778020 0.0057761 0.0012128 0.0357844 0.0881894 0.1854479 0.0000000 0.0120670 0.0163361 0.0230162
137 E 137 0.0554112 0.0371385 0.1510747 0.1543400 0.0017631 0.0418939 0.0499975 0.0856456 0.0398201 0.0167503 0.0070944 0.0311644 0.0040273 0.0007163 0.0030298 0.0583732 0.0921362 0.0022019 0.0029923 0.1406270 0.0238022
138 T 138 0.0029217 0.0000000 0.0000000 0.0000000 0.0061335 0.0031390 0.0000000 0.0000000 0.0000000 0.0724582 0.0171728 0.0010782 0.0240001 0.0941815 0.0000000 0.1005411 0.6160038 0.0013220 0.0034583 0.0288620 0.0287276
139 R 139 0.0333354 0.3628842 0.0398851 0.0112331 0.0022786 0.0615532 0.0305187 0.0068412 0.1339452 0.0143882 0.0117118 0.0597174 0.0110586 0.0082534 0.0000000 0.0486875 0.0321223 0.0037769 0.0077758 0.0792572 0.0407760
140 L 140 0.0286196 0.0032391 0.0007213 0.0000000 0.0023472 0.0044644 0.0048627 0.0011891 0.0089515 0.1296396 0.3693078 0.0000000 0.0337362 0.0991528 0.0270307 0.0212873 0.0159561 0.0024388 0.0182763 0.1118185 0.1169609
141 D 141 0.0432062 0.0734506 0.0797033 0.2831861 0.0012040 0.0656183 0.0789100 0.0772072 0.0173076 0.0103227 0.0208730 0.0312622 0.0044622 0.0000000 0.0000000 0.0216518 0.0199729 0.0000000 0.0093829 0.0469640 0.1153149
142 R 142 0.0476184 0.4503389 0.0800301 0.0207517 0.0055169 0.0055434 0.0120566 0.0185092 0.0476404 0.0030435 0.0045725 0.0072623 0.0037857 0.0094355 0.0169968 0.0349632 0.0414517 0.0037589 0.0190001 0.0068814 0.1608430
143 I 143 0.0116218 0.0543341 0.0511621 0.0373528 0.0014278 0.0079539 0.0057555 0.0548907 0.0086149 0.0383242 0.0557232 0.1014921 0.0167716 0.0314806 0.0375763 0.0205355 0.1159773 0.0957274 0.0567914 0.0332034 0.1632836
144 E 144 0.0049116 0.0054714 0.0037970 0.0000000 0.0024855 0.0073367 0.4334379 0.0028672 0.0120561 0.0343488 0.1110030 0.0026443 0.0947577 0.0129205 0.0069430 0.0095386 0.0465686 0.0000000 0.0038834 0.0198926 0.1851362
145 P 145 0.0517387 0.0514904 0.0032963 0.0171712 0.0016833 0.0077936 0.0662713 0.0208326 0.0141252 0.0147051 0.0483109 0.0128953 0.0920649 0.0075459 0.2949164 0.0147083 0.0711684 0.0000000 0.0094516 0.0091200 0.1907106
146 D 146 0.0527140 0.0188414 0.0101423 0.2477204 0.0000000 0.0383613 0.1847130 0.0370927 0.0125067 0.0054089 0.0307260 0.0104826 0.0091341 0.0828611 0.0314602 0.0270226 0.0444913 0.0126359 0.0111163 0.0174475 0.1151218
147 L 147 0.0404479 0.0254002 0.0000000 0.0148741 0.0011318 0.0079622 0.0118876 0.0049776 0.0010597 0.0351623 0.4045916 0.0015308 0.1225571 0.0606484 0.0211077 0.0367769 0.0432350 0.0020213 0.0054026 0.0474976 0.1117275
148 N 148 0.0625569 0.0168857 0.4498436 0.0271336 0.0000000 0.0361875 0.0895751 0.0192247 0.0648750 0.0085559 0.0114488 0.0301939 0.0000000 0.0068379 0.0201901 0.0389010 0.0114615 0.0000000 0.0047480 0.0144984 0.0868825
149 E 149 0.2231678 0.0597251 0.0065360 0.0472431 0.0047712 0.0298293 0.1628404 0.0210198 0.0046880 0.0085986 0.0166438 0.0243038 0.0037875 0.0040042 0.0599201 0.1127209 0.0783491 0.0000000 0.0169070 0.0145614 0.1003829
150 G 150 0.2568943 0.0354768 0.0741650 0.1048351 0.0057121 0.0095429 0.0067520 0.0442183 0.0560143 0.0178669 0.0241651 0.0207402 0.0026711 0.0261797 0.0082224 0.0392979 0.0941688 0.0121549 0.0189394 0.0553400 0.0866427
151 K 151 0.0613412 0.0384927 0.0200666 0.0388632 0.0000000 0.0234021 0.0460868 0.1820154 0.0327496 0.0913418 0.0484824 0.0692978 0.0078744 0.0213659 0.0518716 0.0342655 0.0595778 0.0264592 0.0252184 0.0343127 0.0869151
152 L 152 0.0783629 0.0274654 0.0289680 0.0433921 0.0000000 0.0235953 0.0556813 0.0145856 0.0072258 0.0043175 0.1826680 0.0522172 0.0128232 0.0042165 0.2811736 0.0248699 0.0137626 0.0079558 0.0273364 0.0107396 0.0986432
153 G 153 0.0379441 0.0209457 0.0334722 0.0910401 0.0000000 0.0048979 0.0115702 0.4090059 0.0133426 0.0136296 0.0344573 0.0356997 0.0000000 0.0037552 0.1157093 0.0160186 0.0210346 0.0069121 0.0065958 0.0262669 0.0977022
154 D 154 0.0664559 0.0493739 0.0191178 0.3326395 0.0108755 0.0562690 0.0536787 0.0380792 0.0168343 0.0313664 0.0272224 0.0393162 0.0131370 0.0145707 0.0208815 0.0295605 0.0330640 0.0078413 0.0329042 0.0179011 0.0889107
155 L 155 0.0275967 0.0167125 0.0231314 0.0382295 0.0000000 0.0065780 0.1427230 0.1063906 0.0084132 0.0253742 0.0627856 0.0474360 0.0035040 0.0156441 0.2097562 0.0131388 0.0391235 0.0021169 0.0798958 0.0339455 0.0975045
156 R 156 0.0177859 0.3115390 0.1100896 0.0994360 0.0035398 0.0417904 0.0661707 0.0616259 0.0202035 0.0098002 0.0253305 0.0272351 0.0017118 0.0028978 0.0045072 0.0270026 0.0779316 0.0312913 0.0122900 0.0119350 0.0358859
157 D 157 0.0111721 0.0178871 0.3163751 0.3228587 0.0015397 0.0406178 0.0018285 0.0285098 0.1022690 0.0202366 0.0172413 0.0050981 0.0032832 0.0056861 0.0100545 0.0228643 0.0169409 0.0000000 0.0027844 0.0073591 0.0453937
158 T 158 0.0186454 0.0503852 0.0060687 0.0031518 0.0014800 0.0523084 0.0081279 0.0061190 0.0266715 0.0118214 0.0186037 0.0219692 0.0139739 0.0260387 0.0060368 0.0396788 0.3763938 0.0584508 0.1760051 0.0369860 0.0410839
159 T 159 0.0831855 0.0000000 0.0000000 0.0000000 0.0048322 0.0000000 0.0017566 0.0140256 0.0012453 0.0253697 0.0038461 0.0000000 0.0128834 0.0075298 0.0000000 0.2312607 0.5842613 0.0000000 0.0030067 0.0189671 0.0078300
160 T 160 0.0175762 0.0011508 0.0045283 0.0000000 0.0201892 0.0000000 0.0050767 0.0000000 0.0018069 0.0015040 0.0037683 0.0025657 0.0069356 0.0000000 0.0011275 0.3021749 0.6178718 0.0000000 0.0052803 0.0021535 0.0062905
161 P 161 0.3294498 0.0016406 0.0000000 0.0000000 0.0011333 0.0022784 0.0000000 0.0061376 0.0000000 0.0000000 0.0081352 0.0000000 0.0076530 0.0000000 0.5551041 0.0161905 0.0164300 0.0000000 0.0000000 0.0496920 0.0061555
162 K 162 0.1354141 0.2994720 0.0584742 0.0390715 0.0022978 0.0204803 0.0500752 0.0201413 0.0398906 0.0144176 0.0768734 0.0989102 0.0055913 0.0028586 0.0000000 0.0424234 0.0107936 0.0016478 0.0542549 0.0218256 0.0050865
163 A 163 0.3419284 0.0046378 0.0058013 0.4272979 0.0000000 0.0139353 0.0961113 0.0377620 0.0035530 0.0046351 0.0048627 0.0010953 0.0021465 0.0000000 0.0012277 0.0351540 0.0128693 0.0000000 0.0000000 0.0000000 0.0069822
164 I 164 0.0807814 0.0016406 0.0017566 0.0015196 0.0325468 0.0235699 0.0057025 0.0040739 0.0000000 0.1036886 0.2257349 0.0016587 0.3967007 0.0170924 0.0000000 0.0070025 0.0225195 0.0013589 0.0177398 0.0479306 0.0069822
165 A 165 0.4967948 0.0034959 0.0197947 0.0034984 0.0040952 0.0056595 0.0040686 0.1148370 0.0068872 0.0213629 0.0580227 0.0011688 0.0133248 0.0053399 0.0000000 0.0450497 0.0619408 0.0000000 0.0028609 0.1248162 0.0069822
166 S 166 0.0855115 0.1682295 0.0400006 0.0389617 0.0000000 0.0758860 0.0543069 0.0353983 0.0225970 0.0566557 0.0839271 0.1098571 0.0252496 0.0109741 0.0000000 0.0402535 0.0990358 0.0021942 0.0075086 0.0364706 0.0069822
167 T 167 0.0333926 0.0026848 0.0273391 0.0433149 0.0045949 0.0024507 0.0000000 0.0188921 0.0024844 0.0609514 0.4483383 0.0000000 0.0395707 0.0371831 0.0025847 0.0703003 0.1263479 0.0052178 0.0226741 0.0446959 0.0069822
168 L 168 0.0703710 0.0000000 0.0000000 0.0014880 0.0015999 0.0000000 0.0000000 0.0220011 0.0029398 0.0507913 0.5571727 0.0026848 0.0800289 0.0612202 0.0000000 0.0493799 0.0104817 0.0141319 0.0364320 0.0322944 0.0069822
169 N 169 0.1208188 0.2407388 0.0425896 0.0222696 0.0057556 0.1173297 0.1223842 0.0316489 0.0157862 0.0100504 0.0243060 0.1134547 0.0042966 0.0023027 0.0000000 0.0395865 0.0487194 0.0009321 0.0094267 0.0206213 0.0069822
170 K 170 0.2535074 0.1481419 0.0294193 0.0139694 0.0012335 0.0388545 0.0585118 0.0172589 0.0374561 0.0177825 0.0920482 0.1699045 0.0257720 0.0000000 0.0000000 0.0231839 0.0364910 0.0053982 0.0102325 0.0138520 0.0069822
171 F 171 0.0258158 0.0010752 0.0000000 0.0000000 0.0019850 0.0000000 0.0000000 0.0000000 0.0000000 0.2467525 0.4798927 0.0000000 0.0264307 0.0756477 0.0000000 0.0000000 0.0067718 0.0000000 0.0249845 0.1023119 0.0083322
172 L 172 0.1022367 0.0338388 0.0255512 0.0372508 0.0058218 0.0172466 0.0312019 0.0074684 0.0303930 0.1149568 0.1607122 0.0116648 0.0120417 0.0273442 0.0023536 0.0144888 0.0608384 0.0486689 0.1575884 0.0899990 0.0083336
173 F 173 0.0304619 0.1330484 0.0753280 0.0558036 0.0079167 0.0837161 0.0702591 0.0151480 0.0186371 0.0155899 0.1877494 0.0833840 0.0026866 0.0265379 0.0017185 0.0361979 0.0905494 0.0034872 0.0194850 0.0293074 0.0129878
174 G 174 0.0124172 0.0237333 0.0564575 0.1305765 0.0056778 0.0215129 0.0470946 0.5069425 0.0414616 0.0015815 0.0081221 0.0396288 0.0027861 0.0167563 0.0133930 0.0279061 0.0050321 0.0000000 0.0232147 0.0000000 0.0157053
175 S 175 0.0264140 0.0622982 0.0829968 0.1784523 0.0046141 0.0390655 0.2040586 0.0302129 0.0212251 0.0000000 0.0006905 0.1057198 0.0036637 0.0085560 0.0840399 0.0551620 0.0567322 0.0000000 0.0079499 0.0049672 0.0231813
176 A 176 0.2157208 0.0209530 0.0091703 0.0374187 0.0284023 0.0202120 0.0396652 0.0355086 0.0043264 0.0576772 0.1816309 0.0196295 0.0239341 0.0267796 0.0456762 0.0183544 0.0358538 0.0111060 0.0094597 0.1272320 0.0312893
177 L 177 0.0370656 0.0062448 0.0197394 0.0036860 0.0052264 0.0033095 0.0344349 0.0221218 0.0107109 0.0777661 0.5088603 0.0067521 0.0148367 0.0551905 0.0027849 0.0071547 0.0073279 0.0000000 0.0306958 0.1108632 0.0352286
178 S 178 0.0523510 0.0287748 0.0625502 0.0701844 0.0007285 0.0213904 0.0166557 0.0684348 0.0291296 0.0047063 0.0057679 0.0316861 0.0007137 0.0036311 0.0877388 0.3373263 0.0798350 0.0000000 0.0724800 0.0026714 0.0232439
179 E 179 0.1452285 0.0356625 0.0139020 0.0538679 0.0000000 0.0333602 0.1124555 0.0244424 0.0288688 0.0062785 0.0248667 0.0916181 0.0095245 0.0021995 0.2606301 0.0519793 0.0313159 0.0019132 0.0347174 0.0100979 0.0270712
180 M 180 0.1490918 0.0648668 0.0132342 0.0794228 0.0000000 0.0323598 0.1947746 0.0241827 0.0114437 0.0239748 0.0236869 0.0694532 0.0156972 0.0171924 0.0712764 0.0625193 0.0514621 0.0153922 0.0438675 0.0168262 0.0192754
