  271         A         R         N         D         C         Q         E         G         H         I         L         K         M         F         P         S         T         W         Y         V    
  1 S   1 0.5045764 0.0000000 0.0870393 0.0000000 0.0000000 0.0000000 0.0000000 0.0000000 0.0000000 0.0000000 0.0000000 0.0000000 0.0000000 0.0000000 0.0000000 0.2113476 0.1970367 0.0000000 0.0000000 0.0000000
  2 S   2 0.3718205 0.0044404 0.0511816 0.0358991 0.0035591 0.0857649 0.0301362 0.0422004 0.0123102 0.0000000 0.0000000 0.0231106 0.0046961 0.0000000 0.0247806 0.2273773 0.0621982 0.0000000 0.0000000 0.0205248
  3 S   3 0.2645200 0.0189730 0.0589985 0.0479255 0.0135628 0.0792699 0.0525861 0.0160532 0.0000000 0.0043688 0.0000000 0.0597638 0.0164989 0.0027049 0.1081799 0.1113372 0.1152828 0.0000000 0.0021745 0.0278001
  4 K   4 0.0817610 0.0830084 0.0440028 0.1176724 0.0000000 0.1407058 0.1162143 0.0398474 0.0121379 0.0070479 0.0576431 0.0470064 0.0071726 0.0031716 0.0858663 0.0800911 0.0395043 0.0121669 0.0130311 0.0119488
  5 F   5 0.1333519 0.0133707 0.0278952 0.0646181 0.0000000 0.0580273 0.0508592 0.0090959 0.0016764 0.0788202 0.1251524 0.0186141 0.0624487 0.0339628 0.0720102 0.0504029 0.1120177 0.0171466 0.0471680 0.0233616
  6 Q   6 0.1997856 0.0411084 0.0395449 0.1221495 0.0000000 0.0899994 0.0879890 0.0177643 0.0180484 0.0137672 0.0164198 0.0684542 0.0000000 0.0000000 0.0365116 0.1080352 0.1217863 0.0000000 0.0000000 0.0186362
  7 Q   7 0.1577885 0.0636520 0.0429593 0.1287856 0.0000000 0.0505844 0.0854431 0.0507589 0.0020156 0.0056092 0.0198164 0.0822392 0.0032847 0.0047942 0.0783490 0.1071626 0.0934676 0.0062445 0.0000000 0.0170452
  8 V   8 0.0680978 0.0013775 0.0000000 0.0000000 0.0000000 0.0000000 0.0096209 0.0000000 0.0000000 0.0923001 0.6163804 0.0000000 0.0059820 0.0451467 0.0054601 0.0013705 0.0106188 0.0098348 0.0035819 0.1302286
  9 E   9 0.0893747 0.0608841 0.0428295 0.0611331 0.0000000 0.1618015 0.2116803 0.0126264 0.0278340 0.0112184 0.0224098 0.1299359 0.0015804 0.0027591 0.0071150 0.0526235 0.0667213 0.0011338 0.0067528 0.0295864
 10 Q  10 0.1415582 0.0718032 0.0589256 0.1005431 0.0000000 0.1595292 0.1294153 0.0202183 0.0058770 0.0038374 0.0081307 0.1356713 0.0016997 0.0000000 0.0221786 0.0802327 0.0500256 0.0030119 0.0045278 0.0028144
 11 D  11 0.0901988 0.2084082 0.0205561 0.0734834 0.0000000 0.1581852 0.1421204 0.0053611 0.0035423 0.0084277 0.0224369 0.1226923 0.0030681 0.0028394 0.0041225 0.0428919 0.0690153 0.0000000 0.0028975 0.0197530
 12 V  12 0.0080888 0.0000000 0.0000000 0.0000000 0.0000000 0.0000000 0.0000000 0.0000000 0.0000000 0.3500767 0.4009887 0.0000000 0.0182496 0.0797057 0.0016906 0.0000000 0.0051036 0.0236697 0.0040983 0.1083284
 13 K  13 0.2379167 0.1162689 0.0559420 0.0466893 0.0000000 0.0953347 0.1208126 0.0134598 0.0161414 0.0029014 0.0256021 0.1112514 0.0116001 0.0066478 0.0000000 0.0711312 0.0461502 0.0000000 0.0058389 0.0163114
 14 A  14 0.2417974 0.0803591 0.0514185 0.0934816 0.0000000 0.0857906 0.1626039 0.0327812 0.0072368 0.0000000 0.0092735 0.0874548 0.0031140 0.0022843 0.0238605 0.0559125 0.0569071 0.0000000 0.0000000 0.0057245
 15 I  15 0.0545428 0.0141222 0.0000000 0.0055369 0.0000000 0.0075847 0.0304527 0.0021962 0.0043519 0.2423710 0.4098494 0.0041579 0.0169524 0.0227697 0.0065727 0.0137077 0.0164184 0.0036446 0.0616124 0.0831564
 16 E  16 0.1170102 0.0030537 0.0018510 0.0213270 0.0118765 0.0112358 0.3731203 0.0202344 0.0000000 0.1402285 0.1146312 0.0042527 0.0115586 0.0353872 0.0065739 0.0126496 0.0284794 0.0055861 0.0000000 0.0809438
 17 V  17 0.2007508 0.1416917 0.0385085 0.0566614 0.0000000 0.0740276 0.0657075 0.0342733 0.0223327 0.0037124 0.0115263 0.1618401 0.0057721 0.0029124 0.0157388 0.1078815 0.0398577 0.0000000 0.0074739 0.0093314
 18 S  18 0.1129764 0.1139514 0.0229886 0.0941836 0.0036817 0.1290788 0.1245877 0.1227059 0.0139419 0.0032866 0.0100295 0.0862393 0.0012810 0.0021097 0.0177815 0.0871829 0.0284115 0.0021660 0.0167632 0.0066526
 19 L  19 0.1041802 0.0200047 0.0256953 0.0143190 0.0196117 0.0274895 0.0070492 0.0061429 0.0694919 0.0298362 0.0880174 0.0707547 0.0062033 0.1190718 0.0136804 0.1464890 0.0604869 0.0000000 0.1327397 0.0387363
 20 S  20 0.0374211 0.0374549 0.0819039 0.1285221 0.0000000 0.0397410 0.0395872 0.2599936 0.0188549 0.0155028 0.0012439 0.0903169 0.0000000 0.0018295 0.1416854 0.0799488 0.0174442 0.0000000 0.0000000 0.0085497
 21 A  21 0.2825890 0.0011015 0.0190014 0.0165386 0.0081162 0.0036618 0.0131732 0.5310022 0.0000000 0.0070631 0.0425876 0.0000000 0.0000000 0.0100010 0.0015078 0.0129569 0.0122784 0.0000000 0.0067357 0.0316856
 22 R  22 0.0230995 0.3580351 0.0340421 0.0654812 0.0000000 0.0694798 0.0595031 0.0021593 0.0272425 0.0110687 0.0157494 0.1111586 0.0051835 0.0035426 0.0038820 0.0288381 0.1468742 0.0000000 0.0054043 0.0292561
 23 I  23 0.0477635 0.0010497 0.0039552 0.0000000 0.0103374 0.0000000 0.0000000 0.0308649 0.0000000 0.1673437 0.2546868 0.0053428 0.0234176 0.0341821 0.0206188 0.0129531 0.0397082 0.0386047 0.0456741 0.2634974
 24 G  24 0.0739209 0.0118689 0.0000000 0.0000000 0.0105866 0.0090597 0.0021990 0.6504875 0.0061006 0.0000000 0.0000000 0.0016183 0.0038701 0.0069017 0.0011906 0.1991096 0.0026364 0.0136215 0.0043969 0.0024317
 25 V  25 0.0666899 0.0000000 0.0000000 0.0000000 0.0030003 0.0000000 0.0000000 0.0060530 0.0000000 0.1508886 0.0920731 0.0000000 0.0166251 0.0511232 0.0010918 0.0011196 0.0009328 0.0160392 0.0785991 0.5157642
 26 S  26 0.2714387 0.0039280 0.0041221 0.0000000 0.0188313 0.0020302 0.0025034 0.0056588 0.0473923 0.0629529 0.0379398 0.0000000 0.0089529 0.0899406 0.0026615 0.0800027 0.0262338 0.0112821 0.2378091 0.0863199
 27 V  27 0.2350219 0.0000000 0.0000000 0.0000000 0.0058995 0.0000000 0.0148725 0.0053792 0.0000000 0.0920943 0.2384951 0.0000000 0.0168433 0.0843964 0.0024813 0.0000000 0.0066051 0.0034270 0.0322106 0.2622738
 28 L  28 0.0201221 0.0736540 0.0016089 0.0073021 0.0083230 0.0309664 0.0579818 0.0118874 0.0263922 0.1643808 0.1982731 0.0722135 0.1131435 0.0186898 0.0025703 0.0139221 0.0212889 0.0216396 0.0418381 0.0938024
 29 D  29 0.0127128 0.0287341 0.1480375 0.5956452 0.0020759 0.0110317 0.0469271 0.0202854 0.0333024 0.0085522 0.0092412 0.0054817 0.0027936 0.0016197 0.0151718 0.0314918 0.0029392 0.0000000 0.0100210 0.0139357
 30 T  30 0.0749394 0.0154534 0.0117916 0.0000000 0.0040586 0.0068893 0.0069289 0.0089613 0.0046448 0.0522323 0.3500114 0.0054502 0.0236809 0.0478967 0.0492286 0.0283552 0.2104659 0.0011579 0.0356953 0.0621585
 31 Q  31 0.1575852 0.0269600 0.0917733 0.1922728 0.0000000 0.0565394 0.1053660 0.1434772 0.0165432 0.0000000 0.0061771 0.0615372 0.0041416 0.0009716 0.0044108 0.0569312 0.0535175 0.0000000 0.0056681 0.0161279
 32 N  32 0.0234957 0.0212187 0.0645028 0.1027390 0.0000000 0.0078103 0.0215497 0.0618749 0.0035126 0.0000000 0.0045400 0.0118703 0.0000000 0.0027743 0.0026510 0.2681593 0.3986953 0.0000000 0.0030984 0.0015078
 33 G  33 0.0162047 0.0204736 0.1062697 0.0611391 0.0000000 0.0240111 0.0205524 0.6438129 0.0066264 0.0000000 0.0067673 0.0374076 0.0066431 0.0000000 0.0173501 0.0207441 0.0090656 0.0013938 0.0000000 0.0015383
 34 E  34 0.1169801 0.1528379 0.0245008 0.0535741 0.0000000 0.1265673 0.1640482 0.0156736 0.0151012 0.0100403 0.0213176 0.1248027 0.0054721 0.0147119 0.0129664 0.0431382 0.0532873 0.0248233 0.0059901 0.0141671
 35 Y  35 0.0398399 0.0622549 0.0104299 0.0073399 0.0057138 0.0645945 0.1090833 0.0158341 0.0131822 0.0953531 0.0329631 0.0259573 0.0116357 0.0118842 0.0073693 0.0807642 0.2072913 0.0000000 0.0581206 0.1403886
 36 W  36 0.0737223 0.0031823 0.0000000 0.0020076 0.0180669 0.0043119 0.0000000 0.0034179 0.0039637 0.1641431 0.2190030 0.0009374 0.0111245 0.1256699 0.0059550 0.0096197 0.0106260 0.0458986 0.0520692 0.2462812
 37 D  37 0.2143746 0.0137299 0.0159865 0.0609967 0.0077495 0.0285216 0.1130746 0.1585971 0.0151062 0.0050578 0.0605282 0.0151761 0.0078454 0.0174917 0.0000000 0.1535632 0.0884308 0.0014917 0.0095798 0.0126985
 38 Y  38 0.0226933 0.0286298 0.0178159 0.0000000 0.0000000 0.0246926 0.0139006 0.0029042 0.1464929 0.1411007 0.0845432 0.0587721 0.0099082 0.0612140 0.0000000 0.0174978 0.0018138 0.0417929 0.2124455 0.1137825
 39 N  39 0.0199719 0.2888821 0.4650329 0.0346272 0.0000000 0.0314103 0.0157992 0.0580464 0.0404746 0.0017354 0.0089754 0.0210423 0.0000000 0.0000000 0.0000000 0.0068563 0.0000000 0.0000000 0.0054428 0.0017031
 40 G  40 0.3510959 0.0077622 0.0382880 0.0291267 0.0031629 0.0211458 0.0952217 0.2187868 0.0000000 0.0074646 0.0147792 0.0051614 0.0043774 0.0035804 0.1038883 0.0764823 0.0089518 0.0000000 0.0044218 0.0063031
 41 N  41 0.0231163 0.0243240 0.1151228 0.5454316 0.0000000 0.0226232 0.0757888 0.0235871 0.0535882 0.0000000 0.0043989 0.0227161 0.0049507 0.0042405 0.0000000 0.0341751 0.0388082 0.0000000 0.0071285 0.0000000
 42 Q  42 0.0467615 0.0680841 0.0108267 0.0684074 0.0027968 0.1145154 0.4195765 0.0168148 0.0095483 0.0134986 0.0130049 0.0614664 0.0189490 0.0057587 0.0000000 0.0253863 0.0642728 0.0000000 0.0057050 0.0346267
 43 R  43 0.0428288 0.4047401 0.0090975 0.0046087 0.0008845 0.0554682 0.0305035 0.0054577 0.0312540 0.0328480 0.0575582 0.0651351 0.0060069 0.0040764 0.1168230 0.0386260 0.0324010 0.0013291 0.0107175 0.0496359
 44 F  44 0.0080277 0.0319564 0.0000000 0.0000000 0.0012487 0.0144389 0.0000000 0.0000000 0.0140497 0.0354941 0.1318405 0.0016473 0.0778169 0.5093696 0.0042839 0.0000000 0.0128481 0.0205124 0.0575273 0.0789386
 45 P  45 0.1550876 0.0216108 0.0206286 0.0114449 0.0063869 0.0214910 0.0351868 0.0086428 0.0277240 0.0157530 0.0202928 0.0095643 0.0043110 0.0131944 0.4755746 0.0304363 0.0157935 0.0000000 0.0503096 0.0565671
 46 L  46 0.1684237 0.0000000 0.0000000 0.0000000 0.0013003 0.0229946 0.0000000 0.0000000 0.0035982 0.0211171 0.1107023 0.0000000 0.2533699 0.0392805 0.1681972 0.1031425 0.0605885 0.0000000 0.0374839 0.0098013
 47 T  47 0.6049144 0.0000000 0.0135589 0.0024441 0.1849032 0.0642061 0.0016937 0.0237197 0.0035376 0.0000000 0.0165091 0.0000000 0.0625845 0.0000000 0.0000000 0.0115291 0.0050727 0.0000000 0.0023857 0.0029412
 48 S  48 0.0000000 0.0000000 0.0000000 0.0043191 0.0000000 0.0000000 0.0000000 0.0233966 0.0000000 0.0000000 0.0000000 0.0000000 0.0000000 0.0000000 0.0000000 0.9722843 0.0000000 0.0000000 0.0000000 0.0000000
 49 T  49 0.0182007 0.0000000 0.0023291 0.0046263 0.0080864 0.0000000 0.0000000 0.0018494 0.0000000 0.0539288 0.1871575 0.0000000 0.0529655 0.0015065 0.0010507 0.0337202 0.4505398 0.0000000 0.0000000 0.1840391
 50 F  50 0.0129288 0.0094518 0.0000000 0.0000000 0.0057094 0.0058258 0.0000000 0.0010476 0.0209824 0.2562159 0.0011723 0.0000000 0.0438313 0.2930687 0.0000000 0.0680407 0.1535122 0.0009775 0.0676343 0.0596012
 51 K  51 0.0061070 0.0100367 0.0000000 0.0000000 0.0000000 0.0018210 0.0000000 0.0000000 0.0000000 0.0000000 0.0000000 0.9766329 0.0000000 0.0000000 0.0000000 0.0023950 0.0030073 0.0000000 0.0000000 0.0000000
 52 T  52 0.1092580 0.0000000 0.0000000 0.0000000 0.0000000 0.0000000 0.0000000 0.0100047 0.0000000 0.1198863 0.2833647 0.0000000 0.0335341 0.0842289 0.0104733 0.0122404 0.0910515 0.0040699 0.0029818 0.2389064
 53 I  53 0.0583167 0.0000000 0.0000000 0.0000000 0.0054429 0.0000000 0.0000000 0.0000000 0.0482924 0.0212374 0.1904691 0.0043063 0.2011865 0.0729503 0.2757622 0.0212533 0.0048450 0.0211527 0.0439174 0.0308678
 54 A  54 0.1558631 0.0000000 0.0104358 0.0000000 0.0000000 0.0247232 0.0029237 0.0030016 0.0000000 0.2403603 0.2194348 0.0000000 0.0094973 0.0019055 0.0000000 0.0106508 0.1550274 0.0000000 0.0040011 0.1621753
 55 C  55 0.3859190 0.0000000 0.0201041 0.0000000 0.0660335 0.0034332 0.0000000 0.0312946 0.0000000 0.0044981 0.2055627 0.0000000 0.1225118 0.0061751 0.0000000 0.0502813 0.0110625 0.0000000 0.0000000 0.0931242
 56 A  56 0.3023750 0.0000000 0.0035890 0.0043660 0.0079946 0.0012130 0.0017725 0.1014751 0.0019645 0.0800970 0.1824120 0.0000000 0.0573733 0.0106962 0.0000000 0.0148922 0.0116427 0.0023865 0.1261770 0.0895734
 57 K  57 0.4255725 0.0119541 0.0106319 0.0065947 0.0171367 0.0158273 0.0908675 0.0214167 0.0047007 0.0398229 0.0893943 0.0191473 0.0146128 0.0128930 0.0000000 0.0225604 0.0658469 0.0011349 0.0308973 0.0989882
 58 L  58 0.1253459 0.0000000 0.0000000 0.0000000 0.0016619 0.0000000 0.0015332 0.0066935 0.0000000 0.1000482 0.1895565 0.0000000 0.0204712 0.0701080 0.0000000 0.0067818 0.0447261 0.0015821 0.0118803 0.4196114
 59 L  59 0.0439458 0.0000000 0.0080525 0.0129745 0.0229988 0.0041532 0.0164156 0.0175689 0.0047524 0.0139418 0.5189676 0.0000000 0.0558306 0.1633149 0.0000000 0.0069999 0.0102517 0.0030233 0.0950705 0.0017378
 60 Y  60 0.1136232 0.1796827 0.0335962 0.1300784 0.0018525 0.1010880 0.1492692 0.0054864 0.0578807 0.0008193 0.0168769 0.1090556 0.0040491 0.0016765 0.0000000 0.0592151 0.0138982 0.0033040 0.0133131 0.0052349
 61 D  61 0.1535650 0.1481140 0.0135392 0.0657111 0.0000000 0.2064142 0.1307508 0.0207442 0.0083074 0.0034116 0.0554062 0.1112502 0.0303014 0.0000000 0.0000000 0.0142871 0.0091913 0.0033748 0.0256315 0.0000000
 62 A  62 0.1360177 0.0112210 0.0239655 0.0058289 0.0058217 0.0053288 0.0057145 0.0034869 0.0134133 0.1457039 0.1281312 0.0142521 0.0325806 0.0166755 0.0017122 0.0720526 0.0101613 0.0009277 0.0226024 0.3444023
 63 E  63 0.0849883 0.0351995 0.0159444 0.3598533 0.0000000 0.0750971 0.1637993 0.0224682 0.0290687 0.0005739 0.0060994 0.0898613 0.0073347 0.0044492 0.0191523 0.0494523 0.0223063 0.0000000 0.0032395 0.0111125
 64 Q  64 0.2008119 0.1092658 0.0384183 0.0451327 0.0013364 0.1307325 0.1209959 0.0118237 0.0229693 0.0182175 0.0334864 0.1051244 0.0057099 0.0011279 0.0027881 0.0793116 0.0489771 0.0034477 0.0117850 0.0085380
 65 G  65 0.0144079 0.0241695 0.0496606 0.0680453 0.0000000 0.0262326 0.0533318 0.6716658 0.0204267 0.0000000 0.0000000 0.0483457 0.0008176 0.0000000 0.0000000 0.0140524 0.0057814 0.0000000 0.0000000 0.0030626
 66 K  66 0.0334322 0.1573424 0.0592881 0.0481358 0.0006852 0.0738343 0.1120416 0.0576319 0.0310824 0.0159604 0.0148282 0.2622350 0.0029196 0.0011378 0.0449906 0.0213784 0.0474804 0.0000000 0.0039004 0.0116951
 67 V  67 0.0474951 0.0108035 0.0226825 0.0164843 0.0022032 0.0129568 0.0976726 0.0387122 0.0072737 0.1958335 0.3910049 0.0074364 0.0104505 0.0416930 0.0012754 0.0160564 0.0141872 0.0084452 0.0057838 0.0515497
 68 N  68 0.0544962 0.0959575 0.0618132 0.1642950 0.0000000 0.0456287 0.0249282 0.0257714 0.0292593 0.0045661 0.0751898 0.0817052 0.0029596 0.0172546 0.0153631 0.2253574 0.0522014 0.0017241 0.0111991 0.0103298
 69 P  69 0.0095354 0.0099262 0.0028134 0.0020186 0.0000000 0.0000000 0.0119742 0.0074038 0.0000000 0.0128317 0.7046981 0.0106256 0.0402111 0.0309808 0.0750075 0.0024704 0.0018355 0.0509420 0.0224112 0.0043145
 70 N  70 0.0437124 0.0175968 0.1418544 0.3918745 0.0014939 0.0413238 0.0871740 0.0258356 0.0124513 0.0010533 0.0081204 0.0240906 0.0047763 0.0026693 0.0061608 0.0892950 0.0931079 0.0012659 0.0044906 0.0016533
 71 S  71 0.0393853 0.1155677 0.0047355 0.2391798 0.0000000 0.1765813 0.2182377 0.0069245 0.0095603 0.0000000 0.0029128 0.0728320 0.0073888 0.0013525 0.0000000 0.0427496 0.0617324 0.0000000 0.0008598 0.0000000
 72 T  72 0.0233200 0.2233216 0.0112919 0.0043310 0.0032693 0.0504670 0.0557254 0.0085535 0.0127658 0.0259163 0.0503413 0.1480339 0.0574302 0.0024100 0.0901450 0.0439861 0.1035351 0.0031763 0.0018383 0.0801419
 73 V  73 0.0186065 0.0056132 0.0015550 0.0017771 0.0015546 0.0000000 0.0000000 0.0014874 0.0037958 0.2983359 0.1903545 0.0018753 0.0195981 0.0198039 0.0000000 0.0010475 0.0164683 0.0023122 0.0286482 0.3871664
 74 E  74 0.0373274 0.1018835 0.0106626 0.0108868 0.0029966 0.0145610 0.0726626 0.0018678 0.0594433 0.0298383 0.0449853 0.0597116 0.0196223 0.0204815 0.0907098 0.0401927 0.3004206 0.0015187 0.0183481 0.0618795
 75 I  75 0.0167876 0.0013320 0.0000000 0.0012970 0.0034290 0.0000000 0.0000000 0.0000000 0.0014953 0.2514217 0.1572336 0.0000000 0.0352418 0.0444827 0.0000000 0.0014347 0.0155911 0.0090920 0.2290051 0.2321564
 76 K  76 0.0302051 0.1161823 0.0414234 0.0513902 0.0000000 0.0189891 0.0707928 0.0721282 0.0210838 0.0015499 0.0087243 0.1191783 0.0052365 0.0000000 0.0419295 0.2053603 0.1854349 0.0000000 0.0061506 0.0042406
 77 K  77 0.1270944 0.1015809 0.0298736 0.0613999 0.0000000 0.0765600 0.1859896 0.0166883 0.0036191 0.0039939 0.0069851 0.2029287 0.0000000 0.0000000 0.0963966 0.0494999 0.0183880 0.0030175 0.0022516 0.0137330
 78 A  78 0.1575796 0.0621897 0.0521052 0.1473167 0.0000000 0.0270568 0.1664990 0.0302385 0.0244602 0.0060131 0.0039783 0.0921733 0.0016508 0.0075024 0.0054124 0.1609918 0.0208388 0.0000000 0.0180093 0.0159840
 79 D  79 0.1845163 0.0152745 0.0252420 0.4985357 0.0008626 0.0250106 0.0626894 0.0117300 0.0211376 0.0077870 0.0305323 0.0175264 0.0222200 0.0175556 0.0050633 0.0147207 0.0046190 0.0000000 0.0087716 0.0262054
 80 L  80 0.0562254 0.0769840 0.0013652 0.0087332 0.0061667 0.0096056 0.0030470 0.0052533 0.0097368 0.1111818 0.2965621 0.0800568 0.0322837 0.0215262 0.0086491 0.0131237 0.0099307 0.1232907 0.0428911 0.0833868
 81 V  81 0.0484466 0.0748779 0.0285860 0.0316331 0.0000000 0.0242292 0.0585648 0.0347211 0.0107853 0.0351481 0.0815824 0.0376694 0.0053293 0.0219713 0.0130520 0.0521526 0.0595139 0.0013196 0.0298022 0.3506154
 82 T  82 0.0730562 0.0079637 0.0479175 0.0823480 0.0014634 0.0130189 0.0723770 0.1793099 0.0000000 0.0035204 0.0111834 0.0138022 0.0576662 0.0145940 0.1334442 0.0750117 0.1720959 0.0000000 0.0126239 0.0286034
 83 Y  83 0.0062033 0.0018874 0.0342943 0.0273876 0.0000000 0.0053407 0.0244791 0.4308571 0.0566850 0.0058934 0.0040667 0.0057690 0.0011476 0.0234083 0.0284009 0.0210135 0.0052437 0.0783378 0.2252448 0.0143396
 84 S  84 0.1676188 0.0000000 0.0467285 0.0140016 0.0080829 0.0069286 0.0058753 0.1507683 0.0112912 0.0047454 0.0000000 0.0015109 0.0008153 0.0097450 0.0103073 0.4739936 0.0751176 0.0094213 0.0016290 0.0014195
 85 P  85 0.0190514 0.0017493 0.0000000 0.0097629 0.0000000 0.0125583 0.0026090 0.3265886 0.0013236 0.0116695 0.0024352 0.0027260 0.0018857 0.0000000 0.4321401 0.1610613 0.0065413 0.0000000 0.0012000 0.0066978
 86 V  86 0.0391553 0.0585635 0.0135880 0.0127867 0.0026939 0.0312406 0.0192058 0.0118988 0.0000000 0.2338753 0.1129393 0.0493625 0.0241268 0.0172457 0.0185054 0.0157014 0.0369855 0.0227527 0.0044138 0.2749592
 87 I  87 0.0941351 0.0595128 0.0033989 0.0013974 0.0053685 0.0065476 0.0019829 0.0101344 0.0024387 0.0739170 0.2035312 0.0026085 0.1861642 0.0084516 0.0018501 0.0437134 0.2589384 0.0000000 0.0048627 0.0310464
 88 E  88 0.0472089 0.0482333 0.0154247 0.0624286 0.0057434 0.1338258 0.2282981 0.0553705 0.0165333 0.0031202 0.0051074 0.0895568 0.0042775 0.1551886 0.0067287 0.0376961 0.0152072 0.0354541 0.0292822 0.0053147
 89 K  89 0.0630299 0.0615725 0.0219537 0.0355662 0.0153964 0.0547298 0.0565885 0.0163578 0.0039460 0.0670630 0.1535723 0.2248890 0.0215011 0.0343385 0.0205275 0.0396772 0.0287433 0.0084999 0.0355832 0.0364641
 90 Q  90 0.0379056 0.1141482 0.0505467 0.0289191 0.0000000 0.0385329 0.1078614 0.0076739 0.2061288 0.0024641 0.0593797 0.0767607 0.0315916 0.0502250 0.0209364 0.0303819 0.0087709 0.0098477 0.1129613 0.0049640
 91 V  91 0.1017864 0.0076907 0.0139788 0.0724766 0.0017052 0.0169354 0.0293214 0.0176493 0.0058711 0.0431994 0.0887649 0.0236089 0.0068888 0.0103935 0.2678380 0.0266076 0.0139175 0.0000000 0.0000000 0.2513666
 92 G  92 0.0666942 0.0094561 0.0822980 0.1211602 0.0000000 0.0145217 0.0349423 0.5669517 0.0036778 0.0063772 0.0015847 0.0186645 0.0000000 0.0000000 0.0248608 0.0212254 0.0166504 0.0011973 0.0009050 0.0088327
 93 Q  93 0.0656861 0.0449485 0.0144365 0.0981686 0.0000000 0.0433530 0.0829722 0.0783220 0.0186111 0.0415092 0.0253810 0.1182447 0.0067876 0.0081654 0.0198078 0.0813485 0.1870405 0.0014499 0.0083455 0.0554219
 94 A  94 0.0329433 0.0835099 0.0236764 0.0324623 0.0038934 0.1078251 0.1190054 0.2061190 0.0155845 0.0058879 0.0084346 0.0930231 0.0033902 0.0009434 0.0383546 0.0683105 0.1157149 0.0012687 0.0129047 0.0267480
 95 I  95 0.0217020 0.0067904 0.0000000 0.0028260 0.0000000 0.0014751 0.0047634 0.0016383 0.0028701 0.1020633 0.1714223 0.0045212 0.2909671 0.0848086 0.0156345 0.0095984 0.0206152 0.0035166 0.0888010 0.1659865
 96 T  96 0.0129324 0.0245461 0.0031291 0.0049614 0.0000000 0.0056445 0.0018086 0.0062285 0.0000000 0.0017415 0.0034231 0.0268960 0.0000000 0.0016869 0.1075665 0.3179860 0.4814496 0.0000000 0.0000000 0.0000000
 97 L  97 0.0437266 0.0054920 0.0015557 0.0000000 0.0000000 0.0015994 0.0000000 0.0058540 0.0022651 0.1414343 0.3434112 0.0000000 0.0065615 0.0187490 0.0020909 0.0011239 0.0118498 0.0152158 0.0310741 0.3679967
 98 D  98 0.1444002 0.2256444 0.0174396 0.0639537 0.0000000 0.0432588 0.1181627 0.0822980 0.0218310 0.0127543 0.0473867 0.0953294 0.0049816 0.0117930 0.0012250 0.0780695 0.0061876 0.0047187 0.0156352 0.0049307
 99 D  99 0.0392595 0.0087977 0.0355654 0.3231483 0.0000000 0.0772207 0.3962127 0.0042066 0.0099527 0.0064727 0.0034801 0.0205503 0.0027328 0.0000000 0.0019366 0.0168806 0.0228378 0.0083774 0.0154303 0.0069378
100 A 100 0.0725226 0.0000000 0.0016177 0.0000000 0.0016886 0.0000000 0.0000000 0.0000000 0.0042889 0.0490198 0.7365870 0.0000000 0.0332910 0.0027379 0.0000000 0.0011136 0.0216889 0.0013097 0.0035285 0.0706057
101 C 101 0.1900191 0.0000000 0.0146517 0.0000000 0.2181679 0.0034495 0.0022412 0.0008444 0.0010021 0.1135455 0.2997953 0.0000000 0.0462211 0.0035511 0.0000000 0.0453314 0.0115881 0.0000000 0.0000000 0.0495917
102 F 102 0.0878902 0.1439730 0.0258616 0.0814001 0.0015709 0.0534766 0.1675693 0.0068853 0.0297703 0.0122783 0.0170260 0.1095162 0.0167894 0.0134999 0.0000000 0.0323750 0.1300732 0.0060383 0.0362349 0.0277714
103 A 103 0.3267283 0.0464785 0.0080956 0.0133519 0.0027971 0.0267999 0.0292635 0.1520710 0.0089911 0.0048414 0.1954785 0.0244871 0.0088267 0.0164345 0.0039859 0.0183492 0.0048966 0.0136915 0.0773636 0.0170681
104 T 104 0.2326112 0.0000000 0.0000000 0.0015431 0.0000000 0.0000000 0.0000000 0.0021076 0.0000000 0.0646783 0.0242788 0.0000000 0.3990854 0.0000000 0.0000000 0.0847774 0.1369825 0.0000000 0.0000000 0.0539357
105 M 105 0.0438349 0.0000000 0.0042962 0.0009878 0.0039494 0.0075147 0.0048291 0.0042768 0.0000000 0.4873612 0.1502971 0.0000000 0.1227184 0.0000000 0.0000000 0.0030344 0.0084438 0.0000000 0.0000000 0.1584561
106 T 106 0.0483049 0.0878039 0.0023461 0.0060284 0.0064180 0.0809119 0.0355362 0.0110804 0.0021742 0.2090379 0.0417795 0.0107997 0.0084042 0.0000000 0.0000000 0.0772672 0.2416498 0.0000000 0.0000000 0.1304578
107 T 107 0.0260108 0.0445053 0.0140378 0.0419379 0.0057152 0.1717303 0.0547675 0.0106663 0.0231382 0.0583509 0.0858649 0.0158234 0.0356428 0.0234314 0.0031746 0.0190087 0.0372070 0.0064591 0.1422250 0.1803029
108 S 108 0.0000000 0.0000000 0.0060568 0.0024153 0.0000000 0.0035107 0.0000000 0.0106547 0.0000000 0.0000000 0.0000000 0.0000000 0.0000000 0.0000000 0.0000000 0.9773626 0.0000000 0.0000000 0.0000000 0.0000000
109 D 109 0.0212784 0.0000000 0.0049323 0.8055914 0.0044646 0.0000000 0.0000000 0.1345193 0.0017821 0.0000000 0.0000000 0.0000000 0.0000000 0.0000000 0.0000000 0.0274318 0.0000000 0.0000000 0.0000000 0.0000000
110 N 110 0.0000000 0.0000000 0.9555192 0.0000000 0.0000000 0.0000000 0.0035024 0.0160811 0.0000000 0.0000000 0.0000000 0.0061441 0.0000000 0.0000000 0.0000000 0.0130791 0.0043255 0.0000000 0.0013485 0.0000000
111 T 111 0.0600831 0.0000000 0.0637747 0.1708708 0.0088142 0.0062950 0.0202024 0.0178401 0.0015656 0.0382808 0.0314179 0.0000000 0.0012553 0.0046295 0.0100857 0.0451243 0.4521671 0.0000000 0.0050419 0.0625517
112 A 112 0.8961982 0.0032434 0.0000000 0.0000000 0.0301643 0.0000000 0.0000000 0.0328077 0.0000000 0.0000000 0.0014824 0.0000000 0.0000000 0.0014433 0.0000000 0.0185830 0.0160776 0.0000000 0.0000000 0.0000000
113 A 113 0.3227686 0.0021496 0.0318134 0.0008135 0.1158978 0.0047306 0.0000000 0.0602711 0.0054583 0.0014778 0.0131444 0.0060048 0.0160000 0.0027437 0.0000000 0.1231783 0.2715207 0.0000000 0.0055681 0.0164593
114 N 114 0.0000000 0.0069451 0.6065381 0.1825510 0.0000000 0.0000000 0.0049815 0.0019186 0.0033573 0.0240888 0.0146523 0.0117662 0.0017673 0.0000000 0.0000000 0.0022290 0.0044418 0.0000000 0.0089988 0.1257643
115 I 115 0.1831166 0.0078785 0.0014403 0.0000000 0.0000000 0.0091480 0.0207290 0.0059085 0.0000000 0.1497207 0.3223084 0.0445015 0.1265470 0.0115850 0.0000000 0.0052333 0.0125692 0.0201859 0.0039357 0.0751924
116 I 116 0.0138795 0.0000000 0.0035404 0.0000000 0.0189253 0.0009761 0.0000000 0.0000000 0.0000000 0.1031527 0.6911179 0.0000000 0.0781867 0.0021517 0.0000000 0.0013980 0.0013914 0.0000000 0.0000000 0.0852802
117 L 117 0.1551948 0.0012802 0.0000000 0.0000000 0.0000000 0.0173114 0.0021551 0.0148181 0.0025697 0.2764514 0.3253413 0.0000000 0.0520846 0.0943425 0.0000000 0.0058277 0.0071699 0.0020441 0.0074410 0.0359681
118 S 118 0.0712260 0.1902011 0.0351945 0.2050651 0.0000000 0.0255044 0.2530857 0.0269431 0.0145662 0.0000000 0.0017814 0.0958572 0.0000000 0.0024648 0.0090557 0.0301468 0.0307028 0.0013549 0.0042052 0.0026449
119 A 119 0.0668421 0.1879537 0.0034002 0.0169733 0.0022383 0.0560287 0.0765154 0.0094707 0.0999361 0.0239692 0.1562277 0.0488852 0.0129105 0.0333730 0.0009740 0.0323534 0.0466840 0.0077199 0.0903575 0.0271870
120 V 120 0.0500523 0.0000000 0.0000000 0.0000000 0.0020595 0.0071064 0.0000000 0.0024651 0.0011523 0.2547418 0.3679075 0.0018699 0.0146053 0.0327053 0.0000000 0.0088782 0.0078783 0.0000000 0.0032399 0.2453385
121 G 121 0.1417099 0.0000000 0.0055550 0.0227783 0.0018461 0.0000000 0.0075886 0.7404404 0.0000000 0.0000000 0.0020247 0.0043788 0.0000000 0.0000000 0.0000000 0.0313606 0.0324621 0.0019186 0.0000000 0.0079369
122 G 122 0.0015843 0.0039872 0.0137641 0.0097821 0.0000000 0.0021145 0.0017871 0.9219143 0.0019060 0.0016057 0.0099496 0.0035952 0.0000000 0.0202377 0.0024382 0.0037935 0.0015405 0.0000000 0.0000000 0.0000000
123 P 123 0.0414867 0.0163954 0.0044256 0.0111633 0.0000000 0.0125727 0.0061844 0.0317321 0.0036107 0.0618360 0.0652091 0.0371027 0.0739091 0.0055247 0.3818150 0.0895083 0.0647987 0.0092752 0.0069141 0.0765360
124 K 124 0.1570785 0.0200951 0.0251582 0.1640148 0.0000000 0.0949028 0.2778137 0.0408115 0.0039541 0.0018091 0.0077413 0.0862590 0.0016618 0.0000000 0.0263837 0.0530644 0.0311599 0.0000000 0.0046976 0.0033945
125 G 125 0.2796193 0.0431856 0.0843069 0.0220421 0.0020743 0.0468080 0.0895256 0.1282546 0.0108775 0.0095763 0.0122709 0.0649637 0.0205758 0.0070591 0.0060110 0.0531662 0.0558064 0.0000000 0.0096697 0.0542069
126 V 126 0.0223382 0.0000000 0.0028403 0.0000000 0.0000000 0.0000000 0.0000000 0.0027501 0.0000000 0.1660026 0.2015912 0.0000000 0.1511277 0.0493575 0.0000000 0.0032882 0.0197476 0.0020071 0.0066460 0.3723035
127 T 127 0.0192726 0.0461481 0.4386432 0.0534245 0.0000000 0.0480046 0.0419904 0.0067823 0.0164044 0.0036916 0.0043385 0.0304956 0.0053760 0.0091187 0.0023747 0.0024157 0.2634616 0.0014521 0.0032838 0.0033219
128 D 128 0.2799476 0.0977420 0.0260158 0.0637188 0.0015582 0.1413676 0.1064729 0.0298575 0.0155811 0.0018362 0.0162494 0.0997402 0.0031909 0.0057389 0.0122010 0.0628954 0.0286324 0.0000000 0.0000000 0.0072539
129 F 129 0.0324042 0.0888131 0.0021149 0.0155957 0.0156139 0.0309837 0.0431489 0.0007940 0.0221443 0.0101046 0.0519154 0.0428321 0.0122340 0.2531122 0.0000000 0.0178721 0.0703354 0.0703286 0.1929956 0.0266573
130 L 130 0.2605014 0.0018024 0.0000000 0.0000000 0.0437939 0.0000000 0.0000000 0.0099837 0.0000000 0.1274230 0.2723508 0.0000000 0.1133352 0.0636843 0.0024091 0.0033001 0.0173077 0.0161371 0.0085508 0.0594204
131 R 131 0.1079638 0.3838689 0.0220059 0.0368008 0.0020769 0.1041976 0.0644664 0.0118231 0.0448906 0.0111246 0.0210890 0.1341042 0.0021871 0.0024301 0.0028111 0.0163293 0.0155368 0.0000000 0.0034710 0.0128226
132 Q 132 0.1164209 0.1057292 0.0286793 0.0519499 0.0000000 0.0799233 0.1537103 0.0595602 0.0070927 0.0023208 0.0174458 0.0876336 0.0109039 0.0011250 0.0000000 0.2234541 0.0465646 0.0008085 0.0000000 0.0066780
133 I 133 0.0248218 0.0182273 0.0290406 0.0052746 0.0010132 0.0270026 0.0105351 0.0031941 0.0192394 0.1485026 0.5015674 0.0232366 0.0561288 0.0144101 0.0000000 0.0217046 0.0159712 0.0404396 0.0208089 0.0188816
134 G 134 0.0083111 0.0040832 0.0200447 0.0164070 0.0000000 0.0062232 0.0041992 0.8929266 0.0091623 0.0075619 0.0000000 0.0082999 0.0059505 0.0000000 0.0000000 0.0019798 0.0048487 0.0000000 0.0046472 0.0053548
135 D 135 0.0354276 0.0000000 0.0030505 0.2991364 0.0170321 0.0039911 0.0015600 0.0236122 0.0000000 0.0856686 0.2522319 0.0000000 0.1279159 0.0487606 0.0139011 0.0015412 0.0020820 0.0054558 0.0471134 0.0315198
136 K 136 0.0635980 0.0721490 0.0553651 0.0637403 0.0012239 0.0512974 0.0697554 0.0306746 0.0436245 0.0042885 0.0097700 0.1851763 0.0060577 0.0012551 0.0375418 0.0892562 0.1860170 0.0000000 0.0122290 0.0169801
137 E 137 0.0566886 0.0383105 0.1534393 0.1588175 0.0018366 0.0433954 0.0506898 0.0886003 0.0405138 0.0170018 0.0075370 0.0313961 0.0042662 0.0007585 0.0031481 0.0585360 0.0941189 0.0023468 0.0031687 0.1454299
138 T 138 0.0030674 0.0000000 0.0000000 0.0000000 0.0064591 0.0034086 0.0000000 0.0000000 0.0000000 0.0762150 0.0181869 0.0010817 0.0252442 0.0975393 0.0000000 0.1016780 0.6316733 0.0014235 0.0037234 0.0302999
139 R 139 0.0345016 0.3800694 0.0445526 0.0119802 0.0024162 0.0643297 0.0318140 0.0071392 0.1357386 0.0154479 0.0113833 0.0617966 0.0110255 0.0086239 0.0000000 0.0508570 0.0334577 0.0040576 0.0077312 0.0830778
140 L 140 0.0321152 0.0036556 0.0008309 0.0000000 0.0026991 0.0041685 0.0053079 0.0013237 0.0102015 0.1485795 0.4177814 0.0000000 0.0373265 0.1100097 0.0339604 0.0236795 0.0177437 0.0026835 0.0206061 0.1273274
141 D 141 0.0490990 0.0827731 0.0914157 0.3194416 0.0012248 0.0735299 0.0871689 0.0859432 0.0194082 0.0119108 0.0233984 0.0351038 0.0050945 0.0000000 0.0000000 0.0249221 0.0221569 0.0000000 0.0107638 0.0566453
142 R 142 0.0564092 0.5379194 0.0946505 0.0244663 0.0057048 0.0058979 0.0146875 0.0217374 0.0568038 0.0033559 0.0054898 0.0088442 0.0043660 0.0113553 0.0209576 0.0417495 0.0495085 0.0045602 0.0232534 0.0082825
143 I 143 0.0144145 0.0662887 0.0600562 0.0457180 0.0017429 0.0092610 0.0067375 0.0664500 0.0104001 0.0467954 0.0629459 0.1214604 0.0200009 0.0357742 0.0442874 0.0240044 0.1419763 0.1134901 0.0690669 0.0391291
144 E 144 0.0056442 0.0067558 0.0044886 0.0000000 0.0031344 0.0095284 0.5374810 0.0034485 0.0143395 0.0411049 0.1325242 0.0032766 0.1148682 0.0156825 0.0086459 0.0115901 0.0580252 0.0000000 0.0047835 0.0246786
145 P 145 0.0630409 0.0645376 0.0040586 0.0217012 0.0021293 0.0098757 0.0823623 0.0251280 0.0168562 0.0182334 0.0573707 0.0163040 0.1121669 0.0094601 0.3679447 0.0181633 0.0878408 0.0000000 0.0114078 0.0114185
146 D 146 0.0593960 0.0216903 0.0114429 0.2756125 0.0000000 0.0433105 0.2094907 0.0417678 0.0137171 0.0053320 0.0351121 0.0113187 0.0100284 0.0904689 0.0349877 0.0307033 0.0594643 0.0140745 0.0120404 0.0200418
147 L 147 0.0447071 0.0298569 0.0000000 0.0161050 0.0013214 0.0088843 0.0137311 0.0057043 0.0012225 0.0390634 0.4580715 0.0017942 0.1381101 0.0682061 0.0228530 0.0406067 0.0480232 0.0022920 0.0061930 0.0532540
148 N 148 0.0679108 0.0190609 0.4915397 0.0291066 0.0000000 0.0406811 0.0987283 0.0215013 0.0714085 0.0090118 0.0125882 0.0322188 0.0000000 0.0077236 0.0225139 0.0423278 0.0122592 0.0000000 0.0053186 0.0161009
149 E 149 0.2465952 0.0672768 0.0061360 0.0534634 0.0052010 0.0325055 0.1738335 0.0223016 0.0053468 0.0094483 0.0183533 0.0275067 0.0043362 0.0046027 0.0650479 0.1242541 0.0940449 0.0000000 0.0236660 0.0160800
150 G 150 0.2856738 0.0387023 0.0814354 0.1162606 0.0063290 0.0104021 0.0075486 0.0486871 0.0591248 0.0198808 0.0267181 0.0227201 0.0026900 0.0286085 0.0091594 0.0433375 0.1004597 0.0132026 0.0203791 0.0586807
151 K 151 0.0674160 0.0429052 0.0211426 0.0419903 0.0000000 0.0261441 0.0514883 0.1946512 0.0339403 0.1016555 0.0523294 0.0757953 0.0088309 0.0240347 0.0571399 0.0377802 0.0663876 0.0301093 0.0281679 0.0380910
152 L 152 0.0882366 0.0307984 0.0326419 0.0484455 0.0000000 0.0246352 0.0619045 0.0165757 0.0075125 0.0041454 0.1958686 0.0592202 0.0143783 0.0045059 0.3186431 0.0271434 0.0150492 0.0081811 0.0299785 0.0121360
153 G 153 0.0426379 0.0237300 0.0321778 0.0992217 0.0000000 0.0055594 0.0131542 0.4581321 0.0148061 0.0149185 0.0378821 0.0451225 0.0000000 0.0042803 0.1240905 0.0181959 0.0227567 0.0078123 0.0070197 0.0285023
154 D 154 0.0719072 0.0539780 0.0209848 0.3653297 0.0123099 0.0606142 0.0598873 0.0397493 0.0182483 0.0347751 0.0299716 0.0430544 0.0142300 0.0159579 0.0228488 0.0368512 0.0351886 0.0084343 0.0365479 0.0191316
155 L 155 0.0307642 0.0184651 0.0248012 0.0415970 0.0000000 0.0074989 0.1539378 0.1170576 0.0059965 0.0278185 0.0699573 0.0577692 0.0040082 0.0177477 0.2363982 0.0142192 0.0441102 0.0007495 0.0890529 0.0380506
156 R 156 0.0186449 0.3276820 0.1128272 0.0994965 0.0028706 0.0412012 0.0679204 0.0616808 0.0212059 0.0104414 0.0264294 0.0325990 0.0018295 0.0031091 0.0048115 0.0277639 0.0808458 0.0336450 0.0127863 0.0122096
157 D 157 0.0120075 0.0185032 0.3277726 0.3456931 0.0016524 0.0421626 0.0018985 0.0306079 0.1033300 0.0209131 0.0176151 0.0051662 0.0032231 0.0060090 0.0107068 0.0239015 0.0180256 0.0000000 0.0029827 0.0078293
158 T 158 0.0196017 0.0524674 0.0057210 0.0033916 0.0015893 0.0546717 0.0085576 0.0065940 0.0277395 0.0121088 0.0187922 0.0225113 0.0137666 0.0264855 0.0064487 0.0421301 0.3997383 0.0609617 0.1782993 0.0384236
159 T 159 0.0846378 0.0000000 0.0000000 0.0000000 0.0049993 0.0000000 0.0018335 0.0145261 0.0012864 0.0251927 0.0039373 0.0000000 0.0124906 0.0074663 0.0000000 0.2326079 0.5889375 0.0000000 0.0030858 0.0189989
160 T 160 0.0181080 0.0011909 0.0045080 0.0000000 0.0201629 0.0000000 0.0053279 0.0000000 0.0018454 0.0015599 0.0039252 0.0026695 0.0047963 0.0000000 0.0011650 0.3069080 0.6201249 0.0000000 0.0054967 0.0022114
161 P 161 0.3254520 0.0017177 0.0000000 0.0000000 0.0011282 0.0023805 0.0000000 0.0062868 0.0000000 0.0000000 0.0083830 0.0000000 0.0065235 0.0000000 0.5676799 0.0163162 0.0160277 0.0000000 0.0000000 0.0481045
162 K 162 0.1365422 0.3057609 0.0561907 0.0400832 0.0023806 0.0203847 0.0504548 0.0202792 0.0392509 0.0144093 0.0788999 0.0964578 0.0057965 0.0028777 0.0000000 0.0414886 0.0106675 0.0016877 0.0536328 0.0227548
163 A 163 0.3542176 0.0047931 0.0059627 0.4215561 0.0000000 0.0140234 0.0967544 0.0378349 0.0036255 0.0040457 0.0049515 0.0011340 0.0017533 0.0000000 0.0012557 0.0363124 0.0117796 0.0000000 0.0000000 0.0000000
164 I 164 0.0812458 0.0017165 0.0018297 0.0015471 0.0297250 0.0235781 0.0054438 0.0042081 0.0000000 0.1039456 0.2215255 0.0016818 0.4050449 0.0217693 0.0000000 0.0070270 0.0231696 0.0013670 0.0180665 0.0471086
165 A 165 0.4966927 0.0032838 0.0201144 0.0034937 0.0038992 0.0055514 0.0042391 0.1154203 0.0070447 0.0215726 0.0590908 0.0011920 0.0137771 0.0051329 0.0000000 0.0452864 0.0628729 0.0000000 0.0025366 0.1287995
166 S 166 0.0837775 0.1689670 0.0370543 0.0393726 0.0000000 0.0847222 0.0545621 0.0359141 0.0225304 0.0549874 0.0838506 0.1125918 0.0256663 0.0103483 0.0000000 0.0411258 0.0987692 0.0022323 0.0074948 0.0360334
167 T 167 0.0344619 0.0027951 0.0271714 0.0419946 0.0046090 0.0025476 0.0000000 0.0195077 0.0025546 0.0603364 0.4487761 0.0000000 0.0389289 0.0353471 0.0026473 0.0662562 0.1408705 0.0052314 0.0224702 0.0434941
168 L 168 0.0684604 0.0000000 0.0000000 0.0014932 0.0016543 0.0000000 0.0000000 0.0215314 0.0029849 0.0503319 0.5664104 0.0027951 0.0798678 0.0618298 0.0000000 0.0480602 0.0100788 0.0145810 0.0369020 0.0330188
169 N 169 0.1215374 0.2482914 0.0443319 0.0224615 0.0058000 0.1177380 0.1228376 0.0322610 0.0158202 0.0101983 0.0239602 0.1091875 0.0042735 0.0021184 0.0000000 0.0387467 0.0498800 0.0009676 0.0087049 0.0208838
170 K 170 0.2512307 0.1497674 0.0383251 0.0138057 0.0012536 0.0386887 0.0575410 0.0174518 0.0362316 0.0178823 0.0936452 0.1725556 0.0250947 0.0000000 0.0000000 0.0233425 0.0373828 0.0054590 0.0102128 0.0101293
171 F 171 0.0259407 0.0011003 0.0000000 0.0000000 0.0019482 0.0000000 0.0000000 0.0000000 0.0000000 0.2453040 0.4871652 0.0000000 0.0265068 0.0763056 0.0000000 0.0000000 0.0068765 0.0000000 0.0254836 0.1033690
172 L 172 0.1030856 0.0346533 0.0247735 0.0382208 0.0055631 0.0175204 0.0307096 0.0075847 0.0310208 0.1159565 0.1630267 0.0120814 0.0116849 0.0272800 0.0023786 0.0146269 0.0657762 0.0497407 0.1552095 0.0891068
173 F 173 0.0350833 0.1335461 0.0753005 0.0564949 0.0081866 0.0827531 0.0710817 0.0150168 0.0182720 0.0126538 0.1962461 0.0833679 0.0026622 0.0271321 0.0017669 0.0359621 0.0922327 0.0035260 0.0194367 0.0292785
174 G 174 0.0126561 0.0236060 0.0552875 0.1306400 0.0058914 0.0208441 0.0477891 0.5230391 0.0416160 0.0015442 0.0082239 0.0397356 0.0029007 0.0165499 0.0137137 0.0281208 0.0050899 0.0000000 0.0227519 0.0000000
175 S 175 0.0270404 0.0638653 0.0818139 0.1781489 0.0046269 0.0401349 0.2088160 0.0355173 0.0213743 0.0000000 0.0007308 0.1167302 0.0035404 0.0083766 0.0832586 0.0562490 0.0571387 0.0000000 0.0078614 0.0047764
176 A 176 0.2273659 0.0213075 0.0092992 0.0367389 0.0287782 0.0191043 0.0395729 0.0363531 0.0044954 0.0589158 0.1871243 0.0242542 0.0250380 0.0282171 0.0457413 0.0157608 0.0375266 0.0113052 0.0096774 0.1334238
177 L 177 0.0382647 0.0062222 0.0192220 0.0035839 0.0055901 0.0031282 0.0345901 0.0228996 0.0103548 0.0807633 0.5405107 0.0067908 0.0119271 0.0566320 0.0023295 0.0071991 0.0074965 0.0000000 0.0303972 0.1120982
178 S 178 0.0535846 0.0296814 0.0626115 0.0710705 0.0007662 0.0215599 0.0170097 0.0780585 0.0289956 0.0046268 0.0059473 0.0312796 0.0007548 0.0036207 0.0841774 0.3525764 0.0794924 0.0000000 0.0714367 0.0027499
179 E 179 0.1460004 0.0368356 0.0112415 0.0631427 0.0000000 0.0340767 0.1152491 0.0248055 0.0287906 0.0064391 0.0245384 0.0968462 0.0090634 0.0021478 0.2683500 0.0532634 0.0317786 0.0019034 0.0350186 0.0105090
180 M 180 0.1499557 0.0660512 0.0136550 0.0769038 0.0000000 0.0329917 0.2039200 0.0245948 0.0113382 0.0236338 0.0234133 0.0707501 0.0155515 0.0169125 0.0727696 0.0727379 0.0503056 0.0149996 0.0424285 0.0170871
181 N 181 0.1169812 0.0073999 0.0393705 0.0481715 0.0013266 0.0815980 0.0280065 0.0181736 0.0340158 0.0076645 0.0458940 0.0453581 0.0113500 0.0110400 0.0055378 0.2939456 0.0190040 0.0066158 0.1682220 0.0103246
182 Q 182 0.0366700 0.3429900 0.0117024 0.0441742 0.0670220 0.0623622 0.0096308 0.0327296 0.0131062 0.0000000 0.0067578 0.0726250 0.0011737 0.0048019 0.0052900 0.1624224 0.0973557 0.0047486 0.0244375 0.0000000
183 K 183 0.2145989 0.0625985 0.0241233 0.1514972 0.0000000 0.1146184 0.1862361 0.0416446 0.0060859 0.0165704 0.0145812 0.0553206 0.0014029 0.0014306 0.0000000 0.0429895 0.0408131 0.0040560 0.0075787 0.0138541
184 K 184 0.0398219 0.1342052 0.0000000 0.0227182 0.0000000 0.1804759 0.0709117 0.0000000 0.0137327 0.0441189 0.1332816 0.1189204 0.0244535 0.0886296 0.0022459 0.0166402 0.0225907 0.0154067 0.0437202 0.0281268
185 L 185 0.0541045 0.0009595 0.0032018 0.0077305 0.0000000 0.0022217 0.0290543 0.0025695 0.0020083 0.0723505 0.5044431 0.0038623 0.1629483 0.0519312 0.0015287 0.0311432 0.0047642 0.0076439 0.0220506 0.0354840
186 E 186 0.0160171 0.1129148 0.0084597 0.0039073 0.0062356 0.0133162 0.0383306 0.0064440 0.0045629 0.1090564 0.2754573 0.0573863 0.0327849 0.0751165 0.0000000 0.0082134 0.0850819 0.0365865 0.0473300 0.0627987
187 S 187 0.0736324 0.0655751 0.0602847 0.2407120 0.0017655 0.0706446 0.0969722 0.1043795 0.0143717 0.0063510 0.0054290 0.0672491 0.0006529 0.0073886 0.0017637 0.0471542 0.1231878 0.0000000 0.0061113 0.0063748
188 W 188 0.0306185 0.0044734 0.0193951 0.0143147 0.0026955 0.0009681 0.0032372 0.0043606 0.0049732 0.2167792 0.0959895 0.0058416 0.0161161 0.0295806 0.0000000 0.0078400 0.0506821 0.3446410 0.0886305 0.0588631
189 M 189 0.0056557 0.0081159 0.0851025 0.0116787 0.0000000 0.0027937 0.0037806 0.0050899 0.0068417 0.0015979 0.3986898 0.0080609 0.4063667 0.0136084 0.0131907 0.0029151 0.0126182 0.0018142 0.0059180 0.0061612
