  162         A         R         N         D         C         Q         E         G         H         I         L         K         M         F         P         S         T         W         Y         V    
  1 M   1 0.0000000 0.0000000 0.0000000 0.0000000 0.0000000 0.0000000 0.0000000 0.0000000 0.0000000 0.1236373 0.2469638 0.0000000 0.5912057 0.0000000 0.0000000 0.0000000 0.0000000 0.0000000 0.0000000 0.0381931
  2 Q   2 0.0117194 0.0573756 0.0071935 0.0186637 0.0000000 0.0788246 0.5459138 0.0000000 0.0051349 0.0144142 0.0067507 0.0711703 0.0000000 0.0000000 0.0000000 0.1179305 0.0447040 0.0000000 0.0000000 0.0202049
  3 F   3 0.0162372 0.0000000 0.0000000 0.0000000 0.0027310 0.0000000 0.0000000 0.0000000 0.0054668 0.2305946 0.1220693 0.0000000 0.0000000 0.3492996 0.0000000 0.0000000 0.0000000 0.0000000 0.0341468 0.2394546
  4 D   4 0.0000000 0.0066960 0.5718875 0.1604226 0.0017308 0.0099705 0.0280300 0.0000000 0.0438929 0.0150064 0.0026189 0.0066290 0.0022633 0.0015842 0.0020263 0.0079635 0.0198732 0.0000000 0.1194050 0.0000000
  5 V   5 0.1842827 0.0000000 0.0000000 0.0000000 0.0572688 0.0000000 0.0000000 0.0105967 0.0000000 0.0137553 0.0269381 0.0000000 0.1623600 0.0112046 0.0000000 0.0040629 0.0145537 0.0000000 0.0000000 0.5149771
  6 T   6 0.0149145 0.0000000 0.0000000 0.0034957 0.0018914 0.0000000 0.0000000 0.0000000 0.0000000 0.2711870 0.1095203 0.0063156 0.0132853 0.0370152 0.0000000 0.0000000 0.0809842 0.0000000 0.0000000 0.4613908
  7 I   7 0.0000000 0.0000000 0.0075379 0.0000000 0.0058596 0.0000000 0.0000000 0.0000000 0.0000000 0.5793375 0.0025716 0.0000000 0.0000000 0.0000000 0.0000000 0.0000000 0.0130095 0.0000000 0.0000000 0.3916838
  8 E   8 0.0000000 0.0000000 0.0000000 0.0000000 0.0000000 0.0061822 0.9938178 0.0000000 0.0000000 0.0000000 0.0000000 0.0000000 0.0000000 0.0000000 0.0000000 0.0000000 0.0000000 0.0000000 0.0000000 0.0000000
  9 I   9 0.0018186 0.0000000 0.0069726 0.0000000 0.0080937 0.0000000 0.0000000 0.0000000 0.0000000 0.7977289 0.0159761 0.0000000 0.0059849 0.0000000 0.0000000 0.0095634 0.0000000 0.0000000 0.0000000 0.1538618
 10 P  10 0.0182406 0.0029094 0.0172204 0.0000000 0.0000000 0.0074813 0.0042978 0.0179695 0.0000000 0.0000000 0.0086429 0.0015249 0.0000000 0.0000000 0.8200200 0.0716711 0.0282362 0.0000000 0.0000000 0.0017859
 11 K  11 0.1919079 0.2258154 0.0015073 0.0000000 0.0020896 0.0630677 0.0144334 0.0500164 0.0024085 0.0014122 0.0150775 0.3073665 0.0489417 0.0032524 0.0000000 0.0323129 0.0263886 0.0000000 0.0108325 0.0031695
 12 G  12 0.0030493 0.0041810 0.1075110 0.0253229 0.0000000 0.0069280 0.0122458 0.6279451 0.0280123 0.0000000 0.0020728 0.0041237 0.0039431 0.0063170 0.0000000 0.0058056 0.0019135 0.1561465 0.0044825 0.0000000
 13 Q  13 0.0137988 0.0000000 0.0122483 0.0446700 0.0110504 0.0319391 0.0704522 0.0317153 0.0109172 0.0000000 0.0000000 0.0026619 0.0010128 0.0000000 0.0000000 0.6148762 0.1525942 0.0000000 0.0000000 0.0020636
 14 R  14 0.0070397 0.2604609 0.2467194 0.0011826 0.0030151 0.0135933 0.0034532 0.0119496 0.0060448 0.0240936 0.0000000 0.1524873 0.0068190 0.0068697 0.1976522 0.0473367 0.0023755 0.0000000 0.0039661 0.0049413
 15 N  15 0.1731776 0.0000000 0.3031419 0.0022991 0.0073611 0.0015672 0.0000000 0.0067914 0.0193446 0.1847956 0.0088565 0.0140608 0.0014255 0.0000000 0.0000000 0.0056390 0.0221125 0.0000000 0.0019105 0.2475168
 16 K  16 0.0000000 0.0000000 0.0000000 0.0000000 0.0000000 0.0000000 0.0000000 0.0000000 0.0000000 0.0000000 0.0000000 1.0000000 0.0000000 0.0000000 0.0000000 0.0000000 0.0000000 0.0000000 0.0000000 0.0000000
 17 Y  17 0.0000000 0.0000000 0.0000000 0.0000000 0.0059515 0.0081468 0.0000000 0.0000000 0.0000000 0.0236416 0.0215704 0.0000000 0.1027232 0.0423414 0.0000000 0.0000000 0.0073041 0.0000000 0.7865545 0.0017666
 18 E  18 0.0000000 0.0037205 0.0000000 0.0000000 0.0000000 0.0058027 0.9857995 0.0000000 0.0000000 0.0000000 0.0000000 0.0000000 0.0000000 0.0000000 0.0000000 0.0000000 0.0000000 0.0000000 0.0000000 0.0046774
 19 V  19 0.0061867 0.0000000 0.0000000 0.0000000 0.0000000 0.0000000 0.0000000 0.0000000 0.0000000 0.2389550 0.1925664 0.0000000 0.0719778 0.0952353 0.0000000 0.0000000 0.0120802 0.0248981 0.1727966 0.1853039
 20 D  20 0.0047110 0.0000000 0.0470377 0.8651693 0.0058831 0.0018571 0.0141758 0.0000000 0.0124372 0.0160005 0.0016949 0.0108812 0.0000000 0.0055460 0.0000000 0.0128954 0.0000000 0.0000000 0.0017108 0.0000000
 21 H  21 0.0218174 0.0570564 0.0015690 0.0056142 0.0000000 0.0109450 0.0562800 0.0029012 0.1070311 0.0358853 0.0062567 0.4920208 0.0023746 0.0289372 0.0167975 0.0162219 0.0765217 0.0000000 0.0038898 0.0578802
 22 E  22 0.0650729 0.0190959 0.0124314 0.1545476 0.0000000 0.0211437 0.3279506 0.0063768 0.0057406 0.0027496 0.0036971 0.3326749 0.0000000 0.0000000 0.0077734 0.0158115 0.0165946 0.0000000 0.0000000 0.0083396
 23 T  23 0.0472302 0.0277352 0.0285632 0.0236129 0.0025918 0.0000000 0.0056608 0.0010628 0.0057941 0.0146464 0.1091069 0.1461596 0.0162504 0.0090292 0.0000000 0.2171739 0.3176610 0.0008683 0.0159750 0.0108782
 24 G  24 0.0117485 0.0075876 0.0572176 0.0328782 0.0035548 0.0135426 0.0267550 0.7748625 0.0163492 0.0000000 0.0000000 0.0403367 0.0000000 0.0000000 0.0105130 0.0046542 0.0000000 0.0000000 0.0000000 0.0000000
 25 R  25 0.2103678 0.1212891 0.0280361 0.0000000 0.0068509 0.0233558 0.0056763 0.0105130 0.0219563 0.0217023 0.1724060 0.1676763 0.0508178 0.0170648 0.0000000 0.0092805 0.0327559 0.0000000 0.0043376 0.0959134
 26 V  26 0.0034289 0.0000000 0.0000000 0.0000000 0.0012162 0.0000000 0.0000000 0.0000000 0.0000000 0.2954590 0.3921363 0.0000000 0.0838001 0.0773790 0.0108469 0.0000000 0.0000000 0.0000000 0.0033878 0.1323458
 27 R  27 0.0466741 0.3342582 0.0000000 0.0000000 0.0177460 0.0098797 0.0126468 0.0000000 0.0097875 0.0356156 0.0187999 0.1839703 0.0307178 0.1615684 0.0000000 0.0069601 0.0104496 0.0077998 0.0236419 0.0894842
 28 L  28 0.0114156 0.0000000 0.0000000 0.0000000 0.0000000 0.0000000 0.0000000 0.0068808 0.0000000 0.0026299 0.3726998 0.0000000 0.0080542 0.1150442 0.0000000 0.0000000 0.0000000 0.0000000 0.0839560 0.3993196
 29 D  29 0.0000000 0.0000000 0.0095974 0.8163905 0.0000000 0.0000000 0.0129430 0.0000000 0.0000000 0.0052660 0.0000000 0.0000000 0.0000000 0.0000000 0.0000000 0.0044954 0.0049532 0.0000000 0.0000000 0.1463546
 30 R  30 0.0563640 0.8807067 0.0056576 0.0087415 0.0000000 0.0000000 0.0000000 0.0000000 0.0135639 0.0000000 0.0000000 0.0187199 0.0000000 0.0000000 0.0048443 0.0035716 0.0060013 0.0000000 0.0018292 0.0000000
 31 Y  31 0.0023754 0.0117502 0.1563385 0.0000000 0.0055329 0.0046974 0.0010556 0.0000000 0.0013380 0.1436542 0.0070724 0.0000000 0.0683144 0.2353987 0.0000000 0.0066034 0.0282247 0.0000000 0.0401223 0.2875219
 32 L  32 0.0000000 0.0000000 0.0029326 0.0017074 0.0692786 0.0199770 0.0190209 0.0161033 0.0000000 0.0870800 0.6334640 0.0000000 0.1035492 0.0027767 0.0000000 0.0017834 0.0016152 0.0000000 0.0000000 0.0407118
 33 Y  33 0.0346096 0.0245093 0.0105708 0.0068514 0.0000000 0.0049362 0.0000000 0.0258401 0.1084047 0.0000000 0.0198798 0.0000000 0.0076534 0.3438766 0.0469423 0.0747450 0.0130367 0.0000000 0.2781439 0.0000000
 34 T  34 0.0297806 0.0000000 0.0026921 0.0000000 0.0024267 0.0073172 0.0053666 0.0558629 0.0000000 0.0016837 0.0027413 0.0000000 0.0211125 0.0000000 0.1578606 0.3098523 0.3868213 0.0000000 0.0042736 0.0122085
 35 P  35 0.2220739 0.0000000 0.0118714 0.0196364 0.0052597 0.0026787 0.0029321 0.0086732 0.1185348 0.0162554 0.0034076 0.0000000 0.0029049 0.0051043 0.1717155 0.3683014 0.0122642 0.0000000 0.0266420 0.0017442
 36 M  36 0.0123460 0.0050042 0.0111076 0.0000000 0.0000000 0.0077825 0.0083286 0.0000000 0.0669502 0.0191804 0.0295209 0.0841896 0.3735212 0.0824294 0.0000000 0.0061078 0.0681694 0.0000000 0.0055422 0.2198201
 37 A  37 0.0746470 0.1035119 0.0060191 0.0000000 0.0012255 0.0509139 0.0000000 0.1849846 0.1592248 0.0051704 0.0115749 0.0127389 0.0285985 0.1092862 0.0000000 0.0461453 0.0150544 0.0000000 0.0565401 0.1343644
 38 Y  38 0.0000000 0.0000000 0.0000000 0.0000000 0.0023836 0.0000000 0.0000000 0.0000000 0.0000000 0.0042736 0.0000000 0.0205327 0.0000000 0.0174509 0.0000000 0.0000000 0.0000000 0.0000000 0.9553592 0.0000000
 39 P  39 0.0000000 0.0000000 0.0042736 0.0000000 0.0027505 0.0000000 0.0000000 0.0000000 0.0000000 0.1257071 0.0173052 0.0000000 0.0015964 0.0000000 0.8451289 0.0000000 0.0000000 0.0000000 0.0000000 0.0032383
 40 T  40 0.2943531 0.0000000 0.0008634 0.0114480 0.1351373 0.0118234 0.0012171 0.0974020 0.0925266 0.0021601 0.0100528 0.0000000 0.0047635 0.0710224 0.0000000 0.0262578 0.0713963 0.1243203 0.0309981 0.0142578
 41 D  41 0.0242635 0.0000000 0.6699828 0.2651791 0.0000000 0.0000000 0.0216119 0.0026387 0.0112843 0.0000000 0.0000000 0.0000000 0.0000000 0.0000000 0.0000000 0.0017996 0.0032401 0.0000000 0.0000000 0.0000000
 42 Y  42 0.0000000 0.0000000 0.0000000 0.0000000 0.0000000 0.0000000 0.0000000 0.0000000 0.0000000 0.0000000 0.0000000 0.0000000 0.0000000 0.0000000 0.0000000 0.0000000 0.0000000 0.0000000 1.0000000 0.0000000
 43 G  43 0.0040569 0.0000000 0.0000000 0.0000000 0.0000000 0.0000000 0.0000000 0.9959431 0.0000000 0.0000000 0.0000000 0.0000000 0.0000000 0.0000000 0.0000000 0.0000000 0.0000000 0.0000000 0.0000000 0.0000000
 44 F  44 0.1504580 0.0000000 0.0000000 0.0000000 0.0186301 0.0000000 0.0000000 0.0000000 0.0000000 0.0054946 0.0207219 0.0000000 0.0053838 0.6091800 0.0000000 0.0285851 0.0022647 0.0000000 0.1579586 0.0013231
 45 I  45 0.0050776 0.0000000 0.0000000 0.0000000 0.0000000 0.0000000 0.0000000 0.0000000 0.0000000 0.6175503 0.0972950 0.0000000 0.0122617 0.0824942 0.0000000 0.0000000 0.0000000 0.0000000 0.0000000 0.1853213
 46 E  46 0.0040144 0.0000000 0.0492424 0.0383633 0.0017932 0.0021256 0.0745274 0.0000000 0.0000000 0.0000000 0.0112256 0.0136469 0.0000000 0.0000000 0.7809641 0.0051197 0.0167104 0.0000000 0.0000000 0.0022670
 47 D  47 0.0007960 0.1250971 0.1694920 0.0562691 0.0000000 0.2998025 0.0767286 0.0713524 0.1202337 0.0033074 0.0063962 0.0321135 0.0009062 0.0000000 0.0000000 0.0332172 0.0023379 0.0000000 0.0019502 0.0000000
 48 T  48 0.0251738 0.0000000 0.0000000 0.0000000 0.0000000 0.0000000 0.0000000 0.0000000 0.0000000 0.0000000 0.0000000 0.0000000 0.0000000 0.0000000 0.0000000 0.0309203 0.9439059 0.0000000 0.0000000 0.0000000
 49 L  49 0.0017885 0.0034758 0.0000000 0.0000000 0.0056667 0.0000000 0.0039314 0.0000000 0.0073446 0.0251681 0.6710320 0.0088533 0.0115528 0.0073484 0.0000000 0.0000000 0.0010764 0.1770212 0.0602755 0.0154654
 50 G  50 0.2685252 0.0000000 0.0023992 0.0841181 0.1403770 0.0000000 0.1329124 0.1650450 0.0017346 0.0000000 0.0000000 0.0000000 0.0000000 0.0000000 0.0000000 0.1680358 0.0016418 0.0028541 0.0323566 0.0000000
 51 D  51 0.0192470 0.0082628 0.0099779 0.2934393 0.0000000 0.0171968 0.3233791 0.1547567 0.0025642 0.0000000 0.0815231 0.0142527 0.0022061 0.0000000 0.0204342 0.0064082 0.0015414 0.0418723 0.0029383 0.0000000
 52 D  52 0.0000000 0.0000000 0.0038645 0.9934303 0.0000000 0.0000000 0.0000000 0.0027051 0.0000000 0.0000000 0.0000000 0.0000000 0.0000000 0.0000000 0.0000000 0.0000000 0.0000000 0.0000000 0.0000000 0.0000000
 53 G  53 0.0009630 0.0036312 0.2217446 0.0172123 0.0000000 0.0033336 0.0130228 0.6812328 0.0159965 0.0000000 0.0021423 0.0149692 0.0000000 0.0000000 0.0000000 0.0205136 0.0052381 0.0000000 0.0000000 0.0000000
 54 D  54 0.0123066 0.0059797 0.0052381 0.9518312 0.0000000 0.0000000 0.0095551 0.0000000 0.0000000 0.0000000 0.0000000 0.0000000 0.0000000 0.0000000 0.0000000 0.0150894 0.0000000 0.0000000 0.0000000 0.0000000
 55 P  55 0.0177843 0.0000000 0.0000000 0.0000000 0.0000000 0.0000000 0.0556834 0.0000000 0.0024539 0.0000000 0.0000000 0.0000000 0.0000000 0.0000000 0.9212380 0.0028404 0.0000000 0.0000000 0.0000000 0.0000000
 56 L  56 0.0286555 0.0000000 0.0000000 0.0000000 0.0157172 0.0000000 0.0000000 0.0000000 0.0000000 0.1414054 0.6243845 0.0000000 0.0347328 0.0115061 0.0000000 0.0022257 0.0080212 0.0000000 0.0000000 0.1333517
 57 D  57 0.0000000 0.0000000 0.0000000 0.9931440 0.0000000 0.0000000 0.0000000 0.0068560 0.0000000 0.0000000 0.0000000 0.0000000 0.0000000 0.0000000 0.0000000 0.0000000 0.0000000 0.0000000 0.0000000 0.0000000
 58 A  58 0.2385134 0.0000000 0.0000000 0.0000000 0.0241395 0.0000000 0.0000000 0.0257141 0.0000000 0.1331023 0.0026806 0.0000000 0.0052598 0.0022327 0.0000000 0.0016677 0.0000000 0.0000000 0.0000000 0.5666899
 59 L  59 0.0022047 0.0000000 0.0000000 0.0000000 0.1190139 0.0000000 0.0000000 0.0000000 0.0000000 0.0686113 0.6655600 0.0000000 0.0944324 0.0099314 0.0000000 0.0000000 0.0017993 0.0000000 0.0000000 0.0384469
 60 V  60 0.0000000 0.0000000 0.0000000 0.0175061 0.0030015 0.0000000 0.1489613 0.0000000 0.0000000 0.0682516 0.0260234 0.0000000 0.0015282 0.0093989 0.0000000 0.0063032 0.0028853 0.0000000 0.0019755 0.7141650
 61 L  61 0.0192403 0.0000000 0.0034282 0.0000000 0.0095477 0.0023812 0.0000000 0.0108439 0.0024013 0.3464055 0.3494719 0.0033968 0.0399273 0.0262818 0.0356231 0.0014110 0.0049770 0.0011089 0.0533189 0.0902352
 62 L  62 0.0414138 0.0000000 0.0399140 0.0000000 0.0614899 0.0000000 0.0000000 0.1924995 0.0000000 0.0172667 0.1131958 0.0000000 0.1320026 0.0044633 0.0000000 0.1204050 0.2020388 0.0000000 0.0000000 0.0753105
 63 P  63 0.0157747 0.0664445 0.0371759 0.0975097 0.0000000 0.1396790 0.1105466 0.0119526 0.0190326 0.0000000 0.0023972 0.0104735 0.0000000 0.0011292 0.2013777 0.1475850 0.1032746 0.0098094 0.0225282 0.0033097
 64 Q  64 0.0462708 0.0768457 0.0180265 0.0326487 0.0076945 0.0803626 0.3492593 0.0042348 0.0209113 0.0201726 0.0309241 0.0556668 0.0025701 0.0609680 0.0046514 0.0250045 0.0251817 0.0000000 0.0925729 0.0460336
 65 P  65 0.0491713 0.0098081 0.0081604 0.0218644 0.0000000 0.0246059 0.0172927 0.0056741 0.0000000 0.0325477 0.0044440 0.0153785 0.0000000 0.0000000 0.5976896 0.0721462 0.0152490 0.0000000 0.0000000 0.1259680
 66 V  66 0.0569466 0.0036669 0.0010947 0.0000000 0.0290705 0.0000000 0.0000000 0.0347220 0.0066318 0.0962320 0.2507511 0.0015124 0.0127626 0.0610994 0.0026797 0.0139456 0.2201969 0.0041240 0.0000000 0.2045637
 67 F  67 0.0596764 0.0070699 0.0083446 0.0120623 0.0000000 0.0579791 0.0208688 0.0034302 0.0166390 0.0690546 0.1013292 0.0384347 0.0287738 0.2453959 0.0428412 0.0375523 0.0185116 0.0012139 0.0845404 0.1462819
 68 P  68 0.0675693 0.0679067 0.0008863 0.0000000 0.0050776 0.0012433 0.0020872 0.0010666 0.0179081 0.0183036 0.0000000 0.0000000 0.0053340 0.0000000 0.6661568 0.0427606 0.0808168 0.0000000 0.0000000 0.0228832
 69 G  69 0.0038862 0.0052365 0.0088944 0.0029241 0.0000000 0.0023079 0.0000000 0.8630400 0.0000000 0.0000000 0.0497146 0.0044211 0.0511636 0.0027155 0.0000000 0.0019921 0.0017532 0.0000000 0.0019509 0.0000000
 70 V  70 0.0770613 0.0010389 0.0000000 0.0285382 0.3120329 0.0469210 0.0652678 0.0000000 0.0000000 0.0445528 0.0000000 0.0000000 0.0034524 0.0000000 0.0000000 0.2010410 0.0784275 0.0000000 0.0000000 0.1416661
 71 L  71 0.0053202 0.0031128 0.0000000 0.0000000 0.0000000 0.0120443 0.0089905 0.0029347 0.0014744 0.1550015 0.2052733 0.0038118 0.0173284 0.0679196 0.0000000 0.0042450 0.0071452 0.0095522 0.0115649 0.4842809
 72 V  72 0.0121425 0.0027699 0.0000000 0.0000000 0.0046497 0.0042804 0.0032508 0.0000000 0.0000000 0.4069647 0.1516124 0.0636419 0.0542822 0.0000000 0.0000000 0.0000000 0.0020944 0.0000000 0.0014581 0.2928529
 73 A  73 0.0329961 0.3124542 0.0466243 0.0291132 0.0081143 0.1114499 0.1796772 0.0013980 0.0191317 0.0011233 0.0030798 0.1282576 0.0028845 0.0000000 0.0470074 0.0372599 0.0364217 0.0000000 0.0000000 0.0030070
 74 A  74 0.3784023 0.0000000 0.0000000 0.0000000 0.2186012 0.0000000 0.0000000 0.0026558 0.0000000 0.0068514 0.0113710 0.0000000 0.0000000 0.0046102 0.0000000 0.0409924 0.0204908 0.0000000 0.0000000 0.3160248
 75 R  75 0.0000000 0.6770218 0.0022183 0.0000000 0.0011652 0.0030063 0.0000000 0.0000000 0.0093062 0.0030384 0.0019107 0.2670291 0.0000000 0.0018354 0.0000000 0.0033359 0.0000000 0.0042703 0.0219770 0.0038854
 76 P  76 0.1529083 0.0000000 0.0000000 0.0000000 0.0000000 0.0000000 0.0000000 0.0000000 0.0000000 0.1089173 0.0303420 0.0000000 0.0000000 0.0000000 0.4811643 0.0021897 0.0078479 0.0000000 0.0000000 0.2166304
 77 V  77 0.0033359 0.0000000 0.0000000 0.0000000 0.0000000 0.0000000 0.0000000 0.0000000 0.0000000 0.5435627 0.2263129 0.0000000 0.0000000 0.0000000 0.0000000 0.0000000 0.0000000 0.0000000 0.0000000 0.2267884
 78 G  78 0.0696543 0.0000000 0.0000000 0.0000000 0.0024285 0.0000000 0.0000000 0.9217423 0.0000000 0.0000000 0.0000000 0.0000000 0.0000000 0.0000000 0.0000000 0.0000000 0.0000000 0.0000000 0.0000000 0.0061750
 79 M  79 0.0651301 0.0000000 0.0021387 0.0000000 0.0060617 0.0011370 0.0000000 0.0062388 0.0000000 0.1226371 0.1306339 0.0018531 0.1486762 0.0075627 0.0000000 0.0243773 0.0393361 0.0000000 0.0084169 0.4358005
 80 F  80 0.0086852 0.0000000 0.0000000 0.0000000 0.0000000 0.0000000 0.0000000 0.0000000 0.0000000 0.0551309 0.4747850 0.0000000 0.2661612 0.1482778 0.0000000 0.0095852 0.0000000 0.0000000 0.0203305 0.0170441
 81 R  81 0.1568536 0.0887544 0.0722019 0.0403838 0.0059827 0.0311835 0.0780136 0.0248545 0.0520296 0.0214154 0.0331017 0.1890889 0.0224890 0.0138511 0.0579439 0.0073454 0.0359542 0.0176916 0.0190211 0.0318400
 82 M  82 0.0000000 0.0000000 0.0000000 0.0000000 0.0000000 0.0000000 0.0000000 0.0000000 0.0000000 0.0118488 0.1543334 0.0000000 0.7757660 0.0366871 0.0000000 0.0047034 0.0123629 0.0000000 0.0000000 0.0042983
 83 V  83 0.0184108 0.0420806 0.0160550 0.0332638 0.0013520 0.0092689 0.1614141 0.0095522 0.0277181 0.3103345 0.0708917 0.0174390 0.0054425 0.0024006 0.0000000 0.0380981 0.1437859 0.0055434 0.0022679 0.0846809
 84 D  84 0.0000000 0.0000000 0.0112144 0.9792334 0.0000000 0.0000000 0.0000000 0.0000000 0.0000000 0.0000000 0.0000000 0.0000000 0.0000000 0.0000000 0.0000000 0.0000000 0.0095522 0.0000000 0.0000000 0.0000000
 85 E  85 0.0112977 0.0147160 0.0462232 0.1428290 0.0103398 0.0672972 0.5287628 0.0994323 0.0097379 0.0000000 0.0000000 0.0128963 0.0042135 0.0000000 0.0042703 0.0419560 0.0044682 0.0000000 0.0015600 0.0000000
 86 H  86 0.1507097 0.0102501 0.0203769 0.0181981 0.0000000 0.0031874 0.0437682 0.5172949 0.0139863 0.0000000 0.0000000 0.1120529 0.0029674 0.0000000 0.0000000 0.0976595 0.0095486 0.0000000 0.0000000 0.0000000
 87 G  87 0.0160674 0.0021409 0.0014152 0.0417572 0.0000000 0.0038155 0.4069916 0.4732153 0.0082795 0.0000000 0.0024659 0.0300768 0.0000000 0.0000000 0.0000000 0.0042706 0.0000000 0.0000000 0.0000000 0.0095041
 88 G  88 0.0160282 0.0589430 0.0209307 0.0129882 0.0016129 0.0615963 0.0785589 0.1381170 0.0124176 0.0496634 0.0635531 0.0902681 0.0308808 0.0024276 0.0802917 0.0185656 0.1641640 0.0000000 0.0203199 0.0786733
 89 D  89 0.0000000 0.0000000 0.0042687 0.9817066 0.0000000 0.0000000 0.0140247 0.0000000 0.0000000 0.0000000 0.0000000 0.0000000 0.0000000 0.0000000 0.0000000 0.0000000 0.0000000 0.0000000 0.0000000 0.0000000
 90 D  90 0.1468203 0.0036944 0.0184009 0.2680306 0.0022691 0.0093878 0.2310109 0.0300124 0.0134776 0.0034584 0.0000000 0.0036935 0.0013075 0.0051100 0.0000000 0.0192824 0.0529622 0.1622346 0.0194834 0.0093640
 91 K  91 0.0000000 0.0000000 0.0032479 0.0000000 0.0000000 0.0068514 0.0000000 0.0000000 0.0000000 0.0000000 0.0000000 0.9899007 0.0000000 0.0000000 0.0000000 0.0000000 0.0000000 0.0000000 0.0000000 0.0000000
 92 V  92 0.0000000 0.0000000 0.0000000 0.0000000 0.0000000 0.0000000 0.0000000 0.0000000 0.0000000 0.4630868 0.2527760 0.0000000 0.0034430 0.0066421 0.0000000 0.0000000 0.0000000 0.0000000 0.0000000 0.2740520
 93 L  93 0.0000000 0.0000000 0.0000000 0.0000000 0.0000000 0.0000000 0.0000000 0.0000000 0.0000000 0.4836180 0.3903553 0.0000000 0.0098173 0.0071497 0.0000000 0.0000000 0.0000000 0.0000000 0.0000000 0.1090597
 94 C  94 0.5903560 0.0000000 0.0000000 0.0000000 0.2468715 0.0000000 0.0000000 0.0470703 0.0000000 0.0000000 0.0000000 0.0000000 0.0023956 0.0000000 0.0000000 0.0105147 0.0173786 0.0000000 0.0000000 0.0854133
 95 V  95 0.0050173 0.0016778 0.0000000 0.0000000 0.0000000 0.0000000 0.0000000 0.0000000 0.0000000 0.1854500 0.0066527 0.0000000 0.0022174 0.0000000 0.0000000 0.0000000 0.0030690 0.0000000 0.0000000 0.7959158
 96 P  96 0.0626954 0.0071471 0.0449109 0.1012685 0.0495937 0.0016489 0.0000000 0.0070957 0.0435653 0.0183902 0.0240386 0.0000000 0.0030730 0.0059156 0.6012337 0.0226191 0.0010074 0.0000000 0.0000000 0.0057968
 97 A  97 0.2456421 0.0010019 0.0186276 0.0471063 0.0025825 0.0032378 0.0262713 0.0023603 0.0899367 0.0754561 0.0296791 0.0219961 0.0059096 0.0135240 0.0000000 0.0420172 0.0808795 0.0015339 0.0059918 0.2862461
 98 G  98 0.0542668 0.0181592 0.1218271 0.3298757 0.0107401 0.0136659 0.0850136 0.0708634 0.0194857 0.0000000 0.0019071 0.0733605 0.0000000 0.0065131 0.0169237 0.1108793 0.0468694 0.0000000 0.0053662 0.0142832
 99 D  99 0.0014477 0.0000000 0.0200242 0.7672985 0.0000000 0.0000000 0.0000000 0.0020140 0.0236693 0.0000000 0.0000000 0.1575740 0.0000000 0.0000000 0.0000000 0.0211322 0.0068401 0.0000000 0.0000000 0.0000000
100 P 100 0.0133864 0.0293215 0.0014196 0.0023653 0.0000000 0.0304414 0.0161818 0.0020987 0.0066061 0.0222010 0.0242065 0.0698271 0.0153042 0.0042021 0.6717410 0.0184720 0.0111042 0.0024865 0.0224891 0.0361456
101 R 101 0.0180007 0.3173453 0.0335945 0.0183609 0.0168654 0.0163772 0.1292289 0.0116694 0.0146936 0.0458516 0.1394302 0.0135212 0.0298178 0.0160199 0.0057087 0.0526844 0.0550119 0.0000000 0.0463855 0.0194327
102 W 102 0.1681471 0.0069243 0.0127324 0.0000000 0.0020753 0.0403653 0.0000000 0.0011967 0.0068113 0.0000000 0.0318613 0.0047373 0.0371966 0.1256968 0.0000000 0.0204469 0.0177445 0.0750395 0.4210940 0.0279307
103 D 103 0.1130906 0.0689254 0.1229372 0.2208195 0.0000000 0.0126584 0.0870885 0.0335196 0.0136860 0.0031846 0.0105224 0.1036006 0.0000000 0.0017150 0.0318947 0.1443590 0.0278153 0.0000000 0.0000000 0.0041832
104 H 104 0.0151537 0.0261824 0.1240269 0.1281034 0.0030391 0.0430548 0.0540178 0.0598734 0.2549904 0.0062677 0.0098811 0.1477494 0.0088374 0.0085405 0.0057750 0.0558224 0.0136995 0.0072430 0.0277421 0.0000000
105 V 105 0.0018504 0.0078513 0.0019002 0.0000000 0.0056013 0.0000000 0.0000000 0.0000000 0.0000000 0.4066508 0.1437242 0.0032713 0.0198889 0.0658066 0.0000000 0.0038442 0.0047946 0.0127192 0.1262368 0.1958601
106 Q 106 0.0077874 0.0963016 0.2689482 0.0093810 0.0047012 0.1384377 0.0592951 0.0093935 0.0839369 0.0042683 0.0038033 0.2041442 0.0000000 0.0067681 0.0000000 0.0100983 0.0797843 0.0040419 0.0038206 0.0050883
107 D 107 0.0070115 0.0069980 0.0824270 0.4978700 0.0044007 0.0050230 0.0870642 0.0112590 0.0134835 0.0000000 0.0000000 0.0295339 0.0000000 0.0000000 0.0000000 0.1635148 0.0914143 0.0000000 0.0000000 0.0000000
108 I 108 0.0214536 0.0043314 0.0000000 0.0000000 0.0022515 0.0000000 0.0039522 0.0000000 0.0125752 0.4284047 0.2517272 0.0046104 0.0052032 0.0182274 0.0227238 0.0047601 0.0055519 0.0042326 0.0948113 0.1151835
109 G 109 0.0609079 0.0468913 0.0843255 0.1590988 0.0035838 0.0238920 0.1845314 0.0534144 0.0275590 0.0017667 0.0034406 0.1037302 0.0033192 0.0011087 0.0000000 0.1579261 0.0780671 0.0000000 0.0033866 0.0030507
110 D 110 0.0032646 0.0000000 0.0033214 0.7499404 0.0000000 0.0859529 0.1160839 0.0088803 0.0264762 0.0000000 0.0022361 0.0038442 0.0000000 0.0000000 0.0000000 0.0000000 0.0000000 0.0000000 0.0000000 0.0000000
111 V 111 0.0031499 0.0000000 0.0000000 0.0000000 0.0069979 0.0000000 0.0000000 0.0000000 0.0000000 0.1727175 0.4782387 0.0000000 0.0181941 0.0101086 0.0000000 0.0038442 0.0000000 0.0000000 0.0000000 0.3067493
112 P 112 0.0643369 0.0205819 0.0456443 0.0490445 0.0043618 0.0138974 0.0964078 0.0348257 0.0081153 0.0018124 0.0000000 0.0289405 0.0000000 0.0028834 0.5128865 0.0926818 0.0088381 0.0000000 0.0085691 0.0061726
113 A 113 0.0513552 0.0490429 0.0071487 0.0513668 0.0000000 0.0986986 0.1950599 0.0111058 0.0048116 0.0072669 0.0161172 0.1081274 0.0042844 0.0077056 0.3224004 0.0364430 0.0171923 0.0000000 0.0017566 0.0101168
114 F 114 0.0364520 0.0042730 0.0276320 0.0056662 0.0000000 0.0393048 0.0240293 0.0939696 0.4012766 0.0971508 0.0759687 0.0000000 0.0210259 0.0738586 0.0173291 0.0322746 0.0132553 0.0061614 0.0235046 0.0068676
115 E 115 0.0093814 0.1235817 0.0047218 0.0238360 0.0000000 0.0501705 0.0456322 0.0000000 0.0208664 0.0539607 0.3016596 0.0185341 0.0155512 0.0672917 0.0000000 0.0019616 0.1061429 0.0390024 0.0579121 0.0597937
116 L 116 0.0095486 0.0914242 0.0045813 0.0000000 0.0038738 0.0192883 0.0010413 0.0011456 0.0000000 0.1014966 0.5597782 0.1001776 0.0244045 0.0281883 0.0041596 0.0021786 0.0154068 0.0010094 0.0000000 0.0322973
117 D 117 0.0939210 0.1001608 0.0761890 0.1534354 0.0000000 0.0771724 0.1562344 0.0038460 0.0093896 0.0061464 0.0440401 0.1965115 0.0137499 0.0042687 0.0000000 0.0432696 0.0135929 0.0000000 0.0016407 0.0064315
118 A 118 0.1739038 0.0637388 0.0037920 0.0282760 0.0013335 0.1888676 0.4203533 0.0016657 0.0033442 0.0061450 0.0000000 0.0497298 0.0179921 0.0000000 0.0025584 0.0239188 0.0082807 0.0000000 0.0000000 0.0061005
119 I 119 0.0000000 0.0000000 0.0000000 0.0000000 0.0000000 0.0000000 0.0000000 0.0000000 0.0000000 0.6388940 0.0639992 0.0000000 0.0241163 0.0069056 0.0000000 0.0093941 0.1697384 0.0000000 0.0017826 0.0851697
120 K 120 0.1007925 0.1338063 0.0531074 0.0061216 0.0014359 0.0872356 0.2298913 0.0226794 0.0065587 0.0207061 0.0186866 0.1306350 0.0039614 0.0055744 0.0009695 0.0496163 0.0508756 0.0053800 0.0049817 0.0669847
121 H 121 0.0198898 0.0766333 0.0590163 0.0513601 0.0010488 0.0364932 0.1425666 0.0040186 0.5137312 0.0080936 0.0014259 0.0036359 0.0000000 0.0255095 0.0000000 0.0042288 0.0167077 0.0000000 0.0317965 0.0038442
122 F 122 0.0000000 0.0000000 0.0000000 0.0000000 0.0000000 0.0000000 0.0000000 0.0000000 0.0205327 0.0000000 0.0000000 0.0000000 0.0017853 0.7974779 0.0000000 0.0000000 0.0000000 0.1601782 0.0200258 0.0000000
123 F 123 0.0000000 0.0000000 0.0000000 0.0000000 0.0000000 0.0000000 0.0000000 0.0000000 0.0000000 0.0000000 0.0188552 0.0000000 0.0026234 0.9499861 0.0000000 0.0030690 0.0000000 0.0159514 0.0095150 0.0000000
124 V 124 0.0295804 0.1942950 0.0317951 0.0085393 0.0000000 0.0706249 0.3804013 0.0128711 0.0000000 0.0083082 0.0168708 0.0753284 0.0035125 0.0000000 0.0000000 0.0802792 0.0608877 0.0000000 0.0000000 0.0267061
125 H 125 0.0000000 0.0546971 0.0726480 0.1357072 0.0029818 0.0187043 0.0137351 0.0000000 0.2748529 0.1094866 0.0111201 0.0071447 0.0000000 0.0124112 0.0000000 0.0156023 0.1178681 0.0000000 0.0133872 0.1396534
126 Y 126 0.0000000 0.0000000 0.0000000 0.0000000 0.0132353 0.0000000 0.0000000 0.0000000 0.0000000 0.0000000 0.0000000 0.0000000 0.0000000 0.0000000 0.0000000 0.0049367 0.0000000 0.0000000 0.9818280 0.0000000
127 K 127 0.0000000 0.0091176 0.0037148 0.0000000 0.0000000 0.0000000 0.0043010 0.0000000 0.0000000 0.0024376 0.0000000 0.9766828 0.0000000 0.0000000 0.0000000 0.0000000 0.0037462 0.0000000 0.0000000 0.0000000
128 D 128 0.0677124 0.0075974 0.0880866 0.3870679 0.0000000 0.0360065 0.0810176 0.0100459 0.0038122 0.0929669 0.0189260 0.0914482 0.0175060 0.0000000 0.0000000 0.0138402 0.0226861 0.0000000 0.0013521 0.0599279
129 L 129 0.0032949 0.0000000 0.0465442 0.0000000 0.0000000 0.0017990 0.0000000 0.0068423 0.0000000 0.0038251 0.7325446 0.0018461 0.0072556 0.0150444 0.1478208 0.0000000 0.0047192 0.0222302 0.0062336 0.0000000
130 E 130 0.0043154 0.0027179 0.0069647 0.1483124 0.0000000 0.0252015 0.6908887 0.0000000 0.0000000 0.0000000 0.0000000 0.0724169 0.0000000 0.0000000 0.0423237 0.0000000 0.0068588 0.0000000 0.0000000 0.0000000
131 P 131 0.0402906 0.0327648 0.0083339 0.0081500 0.0000000 0.0089006 0.0874280 0.1786679 0.0271378 0.0055544 0.0026779 0.2581550 0.0011160 0.0041950 0.3015067 0.0259424 0.0050144 0.0000000 0.0021571 0.0020074
132 G 132 0.0192384 0.0014155 0.3425002 0.0300014 0.0041587 0.0021873 0.0193289 0.4665687 0.0000000 0.0000000 0.0000000 0.0626847 0.0000000 0.0000000 0.0401753 0.0033052 0.0013301 0.0000000 0.0000000 0.0071056
133 K 133 0.0047906 0.0481353 0.0179370 0.0051314 0.0000000 0.0847737 0.0130429 0.0602299 0.0012614 0.0015326 0.0000000 0.7180237 0.0000000 0.0000000 0.0023747 0.0158871 0.0157412 0.0000000 0.0000000 0.0111384
134 F 134 0.0112842 0.0159716 0.0063386 0.0165855 0.0000000 0.0200971 0.1054762 0.0000000 0.0149530 0.0235003 0.0052515 0.0567995 0.0000000 0.1948056 0.0101745 0.0772161 0.0941220 0.2835424 0.0096597 0.0542222
135 V 135 0.1660073 0.0000000 0.0000000 0.0000000 0.0191825 0.0000000 0.0000000 0.0243793 0.0000000 0.0137092 0.0030922 0.0000000 0.0104641 0.0023779 0.0026432 0.0071238 0.1400003 0.0000000 0.0000000 0.6110201
136 K 136 0.0569052 0.0428575 0.0045991 0.0301829 0.0000000 0.0292635 0.1694614 0.0047094 0.0050289 0.0227501 0.0310015 0.3190737 0.0015533 0.1511649 0.0000000 0.0399111 0.0465551 0.0000000 0.0054897 0.0394926
137 A 137 0.0286848 0.0000000 0.0820410 0.0337280 0.0051452 0.0000000 0.0085910 0.0521775 0.0009722 0.2054411 0.0355126 0.0013628 0.0061773 0.0236711 0.0248185 0.0395500 0.0382158 0.0000000 0.0000000 0.4139111
138 A 138 0.0650690 0.0198037 0.0919902 0.0974945 0.0012265 0.0438969 0.1641613 0.2391838 0.0102651 0.0243200 0.0605944 0.0758395 0.0010343 0.0092236 0.0000000 0.0462580 0.0327699 0.0000000 0.0011374 0.0157318
139 D 139 0.0131774 0.0186150 0.0197313 0.1126258 0.0018356 0.0208792 0.1792146 0.4880164 0.0344961 0.0011493 0.0018800 0.0422030 0.0048174 0.0000000 0.0000000 0.0298557 0.0288080 0.0000000 0.0000000 0.0026954
140 W 140 0.0428373 0.0000000 0.0000000 0.0000000 0.0242130 0.0096209 0.0015591 0.0000000 0.0000000 0.0152470 0.0084667 0.0000000 0.0080908 0.2671560 0.0186190 0.0015232 0.0034126 0.5494184 0.0299536 0.0198823
141 V 141 0.0553272 0.0546182 0.0107540 0.0165360 0.0000000 0.0668118 0.1521534 0.1685380 0.0148773 0.0075607 0.0797182 0.2291837 0.0120502 0.0281764 0.0000000 0.0158145 0.0182703 0.0000000 0.0075345 0.0620756
142 D 142 0.0000000 0.0033625 0.1758628 0.3489020 0.0011931 0.0012233 0.0039953 0.2997857 0.0089936 0.0000000 0.0024621 0.0048737 0.0000000 0.0000000 0.0630191 0.0689652 0.0173616 0.0000000 0.0000000 0.0000000
143 R 143 0.2633411 0.1710373 0.0056408 0.0045040 0.0027397 0.0075265 0.0207889 0.0026879 0.0120246 0.0423472 0.0471229 0.1897957 0.0012979 0.0103538 0.0433576 0.0465087 0.0172796 0.0000000 0.0054290 0.1062169
144 A 144 0.1803972 0.0128696 0.0311422 0.1994587 0.0028022 0.0409831 0.3193001 0.0120828 0.0067837 0.0077727 0.0015531 0.0899795 0.0000000 0.0041226 0.0060122 0.0394594 0.0272272 0.0000000 0.0000000 0.0180535
145 E 145 0.1771139 0.0107445 0.0049083 0.0715010 0.0030652 0.0244393 0.2845772 0.0076235 0.0071477 0.0073954 0.0045159 0.0610609 0.0080919 0.0988825 0.0012306 0.0460284 0.0432012 0.0308173 0.0630305 0.0446250
146 A 146 0.9065800 0.0000000 0.0000000 0.0000000 0.0019667 0.0000000 0.0000000 0.0073065 0.0000000 0.0000000 0.0000000 0.0000000 0.0000000 0.0000000 0.0000000 0.0062067 0.0324811 0.0000000 0.0000000 0.0454588
147 E 147 0.0301299 0.1071539 0.0093208 0.0076879 0.0056553 0.0263452 0.1505072 0.0069808 0.0520476 0.0968546 0.1159491 0.1888001 0.0356457 0.0246868 0.0094451 0.0081794 0.0239198 0.0056051 0.0288540 0.0662317
148 A 148 0.1323708 0.0828065 0.0367333 0.0938387 0.0000000 0.0737592 0.2317099 0.0150962 0.0095122 0.0016088 0.0050826 0.2318378 0.0018291 0.0013628 0.0345278 0.0243571 0.0202719 0.0000000 0.0016287 0.0016667
149 E 149 0.0980142 0.0117673 0.0000000 0.0034086 0.0057067 0.0069859 0.2592910 0.0000000 0.0000000 0.2359847 0.1204717 0.0107066 0.0109398 0.0057547 0.0000000 0.0069997 0.0228586 0.0000000 0.0022395 0.1988711
150 V 150 0.0044260 0.0000000 0.0000000 0.0000000 0.0000000 0.0000000 0.0000000 0.0000000 0.0019184 0.6192685 0.1423894 0.0000000 0.0018300 0.0062966 0.0000000 0.0000000 0.0027445 0.0011559 0.0428306 0.1771401
151 Q 151 0.0666693 0.0854028 0.0447372 0.0421495 0.0012409 0.1052064 0.1603528 0.0060867 0.0237169 0.0240027 0.1014299 0.1772910 0.0248084 0.0023655 0.0000000 0.0316754 0.0384807 0.0023187 0.0042720 0.0577932
152 R 152 0.1195439 0.0616105 0.0358017 0.0784809 0.0023305 0.0519683 0.3532791 0.0118526 0.0469920 0.0028264 0.0046278 0.0875428 0.0000000 0.0000000 0.0000000 0.0829884 0.0248498 0.0000000 0.0283036 0.0070017
153 S 153 0.2824249 0.0000000 0.0033214 0.0087964 0.2141814 0.0022812 0.0000000 0.0736498 0.0019589 0.0000000 0.0000000 0.0000000 0.0000000 0.0016748 0.0000000 0.3098164 0.0851436 0.0053688 0.0000000 0.0113825
154 V 154 0.0314115 0.0561763 0.0277924 0.0000000 0.0039087 0.0499444 0.0211614 0.0009205 0.1251315 0.3046170 0.0565106 0.0181270 0.0704960 0.0479248 0.0000000 0.0102140 0.0051813 0.0071706 0.0341841 0.1291279
155 E 155 0.1081060 0.0399466 0.0355916 0.1333731 0.0000000 0.0965871 0.3683271 0.0060806 0.0032142 0.0087466 0.0113790 0.1384860 0.0000000 0.0000000 0.0000000 0.0167399 0.0174770 0.0000000 0.0000000 0.0159451
156 R 156 0.1698702 0.4218520 0.0741612 0.0063587 0.0090778 0.0110161 0.0010821 0.0000000 0.0292783 0.0015007 0.1365928 0.0129191 0.0170377 0.0394845 0.0017086 0.0351651 0.0082441 0.0000000 0.0201594 0.0044916
157 F 157 0.1317542 0.0023331 0.0025543 0.0000000 0.0018190 0.0000000 0.0059115 0.0077202 0.0162073 0.0000000 0.0185655 0.0061924 0.0295506 0.1155607 0.0000000 0.0000000 0.0000000 0.2148783 0.4441446 0.0028082
158 K 158 0.0723928 0.1030585 0.0938345 0.0477683 0.0000000 0.1101341 0.1160865 0.0035344 0.0031479 0.0000000 0.0067290 0.4149369 0.0025337 0.0000000 0.0000000 0.0125876 0.0072126 0.0000000 0.0000000 0.0060433
159 A 159 0.2235926 0.0122617 0.0370799 0.0916427 0.0000000 0.0275791 0.1468070 0.0653373 0.0000000 0.0000000 0.0000000 0.3300385 0.0000000 0.0000000 0.0021966 0.0471250 0.0163395 0.0000000 0.0000000 0.0000000
160 G 160 0.1737278 0.0000000 0.0548532 0.0048915 0.0000000 0.0549358 0.0532511 0.0790583 0.0000000 0.0000000 0.0805928 0.0212704 0.0042674 0.0129014 0.0000000 0.2144272 0.0335695 0.0070518 0.2027073 0.0024945
161 T 161 0.0772072 0.0000000 0.0289471 0.0139382 0.0000000 0.0124730 0.1627984 0.4081153 0.0140185 0.0050991 0.0266334 0.0145023 0.0000000 0.0000000 0.0060194 0.1233550 0.0047847 0.0000000 0.0000000 0.1021085
162 H 162 0.0000000 0.0000000 0.0431736 0.0000000 0.0000000 0.0927302 0.0000000 0.0000000 0.7457611 0.0000000 0.0000000 0.0000000 0.0000000 0.0000000 0.0000000 0.0000000 0.0000000 0.0000000 0.1183350 0.0000000
