  162         A         R         N         D         C         Q         E         G         H         I         L         K         M         F         P         S         T         W         Y         V         X    
  1 M   1 0.0000000 0.0000000 0.0000000 0.0000000 0.0000000 0.0000000 0.0000000 0.0000000 0.0000000 0.0182305 0.0365010 0.0000000 0.0885570 0.0000000 0.0000000 0.0000000 0.0000000 0.0000000 0.0000000 0.0058255 0.8508861
  2 Q   2 0.0039627 0.0191292 0.0031747 0.0061897 0.0000000 0.0253930 0.1884315 0.0000000 0.0016907 0.0047899 0.0022784 0.0238110 0.0000000 0.0000000 0.0000000 0.0393648 0.0148790 0.0000000 0.0000000 0.0067717 0.6601336
  3 F   3 0.0146923 0.0000000 0.0000000 0.0000000 0.0024010 0.0000000 0.0000000 0.0000000 0.0056823 0.2084882 0.1091222 0.0000000 0.0000000 0.3424434 0.0000000 0.0000000 0.0000000 0.0000000 0.0301619 0.2170912 0.0699176
  4 D   4 0.0000000 0.0061162 0.5365754 0.1460777 0.0015689 0.0091753 0.0263008 0.0000000 0.0525149 0.0136194 0.0023447 0.0059412 0.0020604 0.0014444 0.0018485 0.0078704 0.0180210 0.0000000 0.1096432 0.0000000 0.0588778
  5 V   5 0.1734508 0.0000000 0.0000000 0.0000000 0.0566608 0.0000000 0.0000000 0.0098103 0.0000000 0.0128326 0.0253476 0.0000000 0.1635469 0.0129627 0.0000000 0.0037632 0.0136040 0.0000000 0.0000000 0.4932257 0.0347954
  6 T   6 0.0139078 0.0000000 0.0000000 0.0032588 0.0017549 0.0000000 0.0000000 0.0000000 0.0000000 0.2555840 0.1053055 0.0058375 0.0126914 0.0354246 0.0000000 0.0000000 0.0775554 0.0000000 0.0000000 0.4660801 0.0226000
  7 I   7 0.0000000 0.0000000 0.0071265 0.0000000 0.0054182 0.0000000 0.0000000 0.0000000 0.0000000 0.5565087 0.0023539 0.0000000 0.0000000 0.0000000 0.0000000 0.0000000 0.0138747 0.0000000 0.0000000 0.4053881 0.0093299
  8 E   8 0.0000000 0.0000000 0.0000000 0.0000000 0.0000000 0.0087592 0.9842690 0.0000000 0.0000000 0.0000000 0.0000000 0.0000000 0.0000000 0.0000000 0.0000000 0.0000000 0.0000000 0.0000000 0.0000000 0.0000000 0.0069718
  9 I   9 0.0016626 0.0000000 0.0066305 0.0000000 0.0076002 0.0000000 0.0000000 0.0000000 0.0000000 0.7887077 0.0152119 0.0000000 0.0053362 0.0000000 0.0000000 0.0085714 0.0000000 0.0000000 0.0000000 0.1593077 0.0069718
 10 P  10 0.0178848 0.0027927 0.0164041 0.0000000 0.0000000 0.0070461 0.0041861 0.0177626 0.0000000 0.0000000 0.0081215 0.0014206 0.0000000 0.0000000 0.8048270 0.0696747 0.0412243 0.0000000 0.0000000 0.0016835 0.0069718
 11 K  11 0.1850642 0.2274743 0.0014426 0.0000000 0.0019632 0.0615016 0.0134897 0.0481165 0.0023126 0.0013636 0.0144645 0.3140313 0.0470910 0.0030695 0.0000000 0.0310671 0.0271354 0.0000000 0.0104143 0.0030267 0.0069718
 12 G  12 0.0037046 0.0040326 0.1026721 0.0253433 0.0000000 0.0067240 0.0144750 0.6195987 0.0274917 0.0000000 0.0020195 0.0039005 0.0037457 0.0064239 0.0000000 0.0055726 0.0019042 0.1611496 0.0042701 0.0000000 0.0069718
 13 Q  13 0.0136457 0.0000000 0.0115708 0.0427461 0.0105534 0.0311644 0.0674108 0.0315825 0.0104840 0.0000000 0.0000000 0.0025130 0.0009698 0.0000000 0.0000000 0.6196537 0.1487899 0.0000000 0.0000000 0.0019442 0.0069718
 14 R  14 0.0067733 0.2506976 0.2494873 0.0011206 0.0028640 0.0131375 0.0024010 0.0115590 0.0058778 0.0246801 0.0000000 0.1609299 0.0065097 0.0070176 0.1901722 0.0489417 0.0022825 0.0000000 0.0038160 0.0047603 0.0069718
 15 N  15 0.1807355 0.0000000 0.2925265 0.0022504 0.0071931 0.0015300 0.0000000 0.0066361 0.0186730 0.1845240 0.0096640 0.0136602 0.0013933 0.0000000 0.0000000 0.0054578 0.0218359 0.0000000 0.0019042 0.2520161 0.0000000
 16 K  16 0.0000000 0.0000000 0.0000000 0.0000000 0.0000000 0.0000000 0.0000000 0.0000000 0.0000000 0.0000000 0.0000000 1.0000000 0.0000000 0.0000000 0.0000000 0.0000000 0.0000000 0.0000000 0.0000000 0.0000000 0.0000000
 17 Y  17 0.0000000 0.0000000 0.0000000 0.0000000 0.0058370 0.0078603 0.0000000 0.0000000 0.0000000 0.0227816 0.0207054 0.0000000 0.1130932 0.0406037 0.0000000 0.0000000 0.0067489 0.0000000 0.7806655 0.0017044 0.0000000
 18 E  18 0.0000000 0.0036209 0.0000000 0.0000000 0.0000000 0.0055858 0.9863511 0.0000000 0.0000000 0.0000000 0.0000000 0.0000000 0.0000000 0.0000000 0.0000000 0.0000000 0.0000000 0.0000000 0.0000000 0.0044422 0.0000000
 19 V  19 0.0059861 0.0000000 0.0000000 0.0000000 0.0000000 0.0000000 0.0000000 0.0000000 0.0000000 0.2421976 0.1985401 0.0000000 0.0740108 0.0924810 0.0000000 0.0000000 0.0130713 0.0241018 0.1666816 0.1829299 0.0000000
 20 D  20 0.0045284 0.0000000 0.0460303 0.8666635 0.0057959 0.0017656 0.0130924 0.0000000 0.0120207 0.0152119 0.0015983 0.0106027 0.0000000 0.0052798 0.0000000 0.0123123 0.0000000 0.0000000 0.0016125 0.0000000 0.0034858
 21 H  21 0.0225903 0.0542511 0.0015227 0.0053104 0.0000000 0.0103617 0.0548366 0.0027482 0.1033712 0.0333269 0.0059075 0.4907032 0.0022524 0.0275643 0.0157390 0.0156938 0.0750728 0.0000000 0.0035814 0.0680979 0.0070686
 22 E  22 0.0676916 0.0187660 0.0118478 0.1498607 0.0000000 0.0203874 0.3159516 0.0065673 0.0054476 0.0025947 0.0033719 0.3490726 0.0000000 0.0000000 0.0075915 0.0147933 0.0161791 0.0000000 0.0000000 0.0079484 0.0019286
 23 T  23 0.0481913 0.0260364 0.0272697 0.0232865 0.0024848 0.0000000 0.0054310 0.0010077 0.0055288 0.0135001 0.1047572 0.1539174 0.0155012 0.0086786 0.0000000 0.2111097 0.3214091 0.0008314 0.0151403 0.0104824 0.0054366
 24 G  24 0.0113208 0.0074068 0.0558299 0.0317903 0.0034737 0.0129503 0.0257946 0.7811908 0.0165603 0.0000000 0.0000000 0.0392440 0.0000000 0.0000000 0.0099366 0.0045019 0.0000000 0.0000000 0.0000000 0.0000000 0.0000000
 25 R  25 0.2088483 0.1170817 0.0262575 0.0000000 0.0066240 0.0223646 0.0053445 0.0099366 0.0209662 0.0210014 0.1699154 0.1773140 0.0600124 0.0170036 0.0000000 0.0088695 0.0315539 0.0000000 0.0042393 0.0926669 0.0000000
 26 V  26 0.0033095 0.0000000 0.0000000 0.0000000 0.0012035 0.0000000 0.0000000 0.0000000 0.0000000 0.2979952 0.3983410 0.0000000 0.0805397 0.0763326 0.0102302 0.0000000 0.0000000 0.0000000 0.0032657 0.1287825 0.0000000
 27 R  27 0.0458848 0.3348608 0.0000000 0.0000000 0.0172499 0.0095201 0.0122514 0.0000000 0.0097202 0.0344184 0.0176988 0.1925689 0.0295238 0.1563891 0.0000000 0.0065758 0.0090807 0.0077409 0.0233430 0.0931732 0.0000000
 28 L  28 0.0123767 0.0000000 0.0000000 0.0000000 0.0000000 0.0000000 0.0000000 0.0057358 0.0000000 0.0024518 0.3607492 0.0000000 0.0076542 0.1097639 0.0000000 0.0000000 0.0000000 0.0000000 0.0919135 0.4025911 0.0067638
 29 D  29 0.0000000 0.0000000 0.0091498 0.8068167 0.0000000 0.0000000 0.0118296 0.0000000 0.0000000 0.0048632 0.0000000 0.0000000 0.0000000 0.0000000 0.0000000 0.0042905 0.0045178 0.0000000 0.0000000 0.1517686 0.0067638
 30 R  30 0.0656751 0.8681141 0.0057534 0.0081967 0.0000000 0.0000000 0.0000000 0.0000000 0.0129655 0.0000000 0.0000000 0.0175721 0.0000000 0.0000000 0.0045721 0.0033555 0.0053362 0.0000000 0.0016956 0.0000000 0.0067638
 31 Y  31 0.0022784 0.0105416 0.1611861 0.0000000 0.0059947 0.0044422 0.0010338 0.0000000 0.0012608 0.1372018 0.0073762 0.0000000 0.0652446 0.2318896 0.0000000 0.0061201 0.0263950 0.0000000 0.0389042 0.2933671 0.0067638
 32 L  32 0.0000000 0.0000000 0.0027927 0.0016254 0.0653901 0.0213510 0.0181700 0.0152119 0.0000000 0.0830762 0.6398246 0.0000000 0.0983476 0.0026624 0.0000000 0.0017044 0.0015032 0.0000000 0.0000000 0.0380365 0.0103039
 33 Y  33 0.0331303 0.0235932 0.0099747 0.0057358 0.0000000 0.0047997 0.0000000 0.0252448 0.1045724 0.0000000 0.0192371 0.0000000 0.0069989 0.3461987 0.0444039 0.0746249 0.0125968 0.0000000 0.2888888 0.0000000 0.0000000
 34 T  34 0.0289857 0.0000000 0.0027759 0.0000000 0.0023085 0.0070882 0.0051928 0.0544253 0.0000000 0.0016481 0.0026655 0.0000000 0.0222222 0.0000000 0.1630388 0.3132935 0.3774835 0.0000000 0.0067638 0.0121083 0.0000000
 35 P  35 0.2164750 0.0000000 0.0111628 0.0189887 0.0050858 0.0025566 0.0028074 0.0084079 0.1131160 0.0156247 0.0033374 0.0000000 0.0027927 0.0049119 0.1737189 0.3694336 0.0121732 0.0000000 0.0377288 0.0016786 0.0000000
 36 M  36 0.0112796 0.0047357 0.0110828 0.0000000 0.0000000 0.0074429 0.0078483 0.0000000 0.0634482 0.0187008 0.0280475 0.0924245 0.3667934 0.0819388 0.0000000 0.0058067 0.0651299 0.0000000 0.0079527 0.2238280 0.0035401
 37 A  37 0.0736327 0.1048520 0.0084805 0.0000000 0.0011955 0.0503991 0.0000000 0.1895868 0.1538408 0.0049926 0.0112011 0.0123853 0.0275083 0.1056933 0.0000000 0.0444073 0.0145778 0.0000000 0.0540347 0.1432121 0.0000000
 38 Y  38 0.0000000 0.0000000 0.0000000 0.0000000 0.0023295 0.0000000 0.0000000 0.0000000 0.0000000 0.0067638 0.0000000 0.0197954 0.0000000 0.0161824 0.0000000 0.0000000 0.0000000 0.0000000 0.9549289 0.0000000 0.0000000
 39 P  39 0.0000000 0.0000000 0.0067638 0.0000000 0.0026624 0.0000000 0.0000000 0.0000000 0.0000000 0.1320567 0.0166699 0.0000000 0.0015665 0.0000000 0.8371540 0.0000000 0.0000000 0.0000000 0.0000000 0.0031267 0.0000000
 40 T  40 0.2848365 0.0000000 0.0008508 0.0110919 0.1309852 0.0112576 0.0011864 0.0994899 0.0994740 0.0021312 0.0097764 0.0000000 0.0046193 0.0683552 0.0000000 0.0252196 0.0699547 0.1337025 0.0334168 0.0136520 0.0000000
 41 D  41 0.0231740 0.0000000 0.6798562 0.2554397 0.0000000 0.0000000 0.0214310 0.0025877 0.0119273 0.0000000 0.0000000 0.0000000 0.0000000 0.0000000 0.0000000 0.0017715 0.0038126 0.0000000 0.0000000 0.0000000 0.0000000
 42 Y  42 0.0000000 0.0000000 0.0000000 0.0000000 0.0000000 0.0000000 0.0000000 0.0000000 0.0000000 0.0000000 0.0000000 0.0000000 0.0000000 0.0000000 0.0000000 0.0000000 0.0000000 0.0000000 1.0000000 0.0000000 0.0000000
 43 G  43 0.0042455 0.0000000 0.0000000 0.0000000 0.0000000 0.0000000 0.0000000 0.9957545 0.0000000 0.0000000 0.0000000 0.0000000 0.0000000 0.0000000 0.0000000 0.0000000 0.0000000 0.0000000 0.0000000 0.0000000 0.0000000
 44 F  44 0.1559027 0.0000000 0.0000000 0.0000000 0.0177685 0.0000000 0.0000000 0.0000000 0.0000000 0.0052964 0.0231365 0.0000000 0.0057826 0.6050892 0.0000000 0.0295223 0.0021921 0.0000000 0.1540178 0.0012918 0.0000000
 45 I  45 0.0049518 0.0000000 0.0000000 0.0000000 0.0000000 0.0000000 0.0000000 0.0000000 0.0000000 0.6251362 0.0972196 0.0000000 0.0122457 0.0798401 0.0000000 0.0000000 0.0000000 0.0000000 0.0000000 0.1806066 0.0000000
 46 E  46 0.0038952 0.0000000 0.0472192 0.0377613 0.0017216 0.0020487 0.0731305 0.0000000 0.0000000 0.0000000 0.0110045 0.0129358 0.0000000 0.0000000 0.7850119 0.0055318 0.0175183 0.0000000 0.0000000 0.0022212 0.0000000
 47 D  47 0.0007835 0.1346623 0.1643947 0.0553220 0.0000000 0.3041029 0.0727666 0.0683525 0.1220448 0.0037519 0.0061786 0.0308676 0.0008906 0.0000000 0.0000000 0.0317686 0.0022192 0.0000000 0.0018943 0.0000000 0.0000000
 48 T  48 0.0240794 0.0000000 0.0000000 0.0000000 0.0000000 0.0000000 0.0000000 0.0000000 0.0000000 0.0000000 0.0000000 0.0000000 0.0000000 0.0000000 0.0000000 0.0306858 0.9319797 0.0000000 0.0000000 0.0000000 0.0132551
 49 L  49 0.0016751 0.0033954 0.0000000 0.0000000 0.0056552 0.0000000 0.0038421 0.0000000 0.0070581 0.0239567 0.6694597 0.0092503 0.0111909 0.0071831 0.0000000 0.0000000 0.0010099 0.1712883 0.0579876 0.0137925 0.0132551
 50 G  50 0.2594889 0.0000000 0.0022184 0.0811989 0.1475705 0.0000000 0.1301175 0.1616952 0.0016358 0.0000000 0.0000000 0.0000000 0.0000000 0.0000000 0.0000000 0.1674222 0.0016469 0.0027227 0.0310280 0.0000000 0.0132551
 51 D  51 0.0189089 0.0107997 0.0099264 0.2891526 0.0000000 0.0156067 0.3251205 0.1505250 0.0023539 0.0000000 0.0780730 0.0138282 0.0020723 0.0000000 0.0191261 0.0061631 0.0014786 0.0408363 0.0027737 0.0000000 0.0132551
 52 D  52 0.0000000 0.0000000 0.0032619 0.9813164 0.0000000 0.0000000 0.0000000 0.0021666 0.0000000 0.0000000 0.0000000 0.0000000 0.0000000 0.0000000 0.0000000 0.0000000 0.0000000 0.0000000 0.0000000 0.0000000 0.0132551
 53 G  53 0.0009068 0.0037222 0.2170555 0.0162692 0.0000000 0.0031343 0.0124864 0.6768754 0.0154695 0.0000000 0.0020604 0.0144836 0.0000000 0.0000000 0.0000000 0.0195522 0.0047294 0.0000000 0.0000000 0.0000000 0.0132551
 54 D  54 0.0122732 0.0053362 0.0047294 0.9413741 0.0000000 0.0000000 0.0085714 0.0000000 0.0000000 0.0000000 0.0000000 0.0000000 0.0000000 0.0000000 0.0000000 0.0144606 0.0000000 0.0000000 0.0000000 0.0000000 0.0132551
 55 P  55 0.0173061 0.0000000 0.0000000 0.0000000 0.0000000 0.0000000 0.0533294 0.0000000 0.0022201 0.0000000 0.0000000 0.0000000 0.0000000 0.0000000 0.9113114 0.0025779 0.0000000 0.0000000 0.0000000 0.0000000 0.0132551
 56 L  56 0.0273667 0.0000000 0.0000000 0.0000000 0.0178150 0.0000000 0.0000000 0.0000000 0.0000000 0.1404669 0.6046163 0.0000000 0.0445135 0.0109092 0.0000000 0.0020948 0.0077519 0.0000000 0.0000000 0.1312106 0.0132551
 57 D  57 0.0000000 0.0000000 0.0000000 0.9810092 0.0000000 0.0000000 0.0000000 0.0057358 0.0000000 0.0000000 0.0000000 0.0000000 0.0000000 0.0000000 0.0000000 0.0000000 0.0000000 0.0000000 0.0000000 0.0000000 0.0132551
 58 A  58 0.2317094 0.0000000 0.0000000 0.0000000 0.0221680 0.0000000 0.0000000 0.0253742 0.0000000 0.1271599 0.0025566 0.0000000 0.0057319 0.0021968 0.0000000 0.0015209 0.0000000 0.0000000 0.0000000 0.5683272 0.0132551
 59 L  59 0.0020593 0.0000000 0.0000000 0.0000000 0.1132235 0.0000000 0.0000000 0.0000000 0.0000000 0.0661282 0.6594327 0.0000000 0.0931737 0.0094205 0.0000000 0.0000000 0.0017010 0.0000000 0.0000000 0.0416060 0.0132551
 60 V  60 0.0000000 0.0000000 0.0000000 0.0154519 0.0029164 0.0000000 0.1449422 0.0000000 0.0000000 0.0690572 0.0246348 0.0000000 0.0014361 0.0105386 0.0000000 0.0067090 0.0027482 0.0000000 0.0018382 0.7064723 0.0132551
 61 L  61 0.0213679 0.0000000 0.0032555 0.0000000 0.0119485 0.0022705 0.0000000 0.0103524 0.0022985 0.3340274 0.3509496 0.0032406 0.0388948 0.0258698 0.0338444 0.0013636 0.0049401 0.0010620 0.0536137 0.0874457 0.0132551
 62 L  62 0.0395636 0.0000000 0.0438726 0.0000000 0.0599858 0.0000000 0.0000000 0.1864010 0.0000000 0.0166382 0.1089476 0.0000000 0.1417781 0.0041379 0.0000000 0.1168764 0.1958648 0.0000000 0.0000000 0.0726790 0.0132551
 63 P  63 0.0149112 0.0666113 0.0361475 0.0926888 0.0000000 0.1507682 0.1088811 0.0111507 0.0183054 0.0000000 0.0023283 0.0100513 0.0000000 0.0010650 0.1948707 0.1423156 0.1019692 0.0096110 0.0213176 0.0037519 0.0132551
 64 Q  64 0.0463559 0.0816550 0.0174091 0.0310909 0.0074275 0.0764389 0.3391961 0.0042268 0.0205948 0.0193343 0.0302586 0.0530407 0.0024375 0.0595290 0.0050799 0.0243894 0.0242384 0.0000000 0.0892610 0.0432870 0.0247493
 65 P  65 0.0496958 0.0095189 0.0079291 0.0218798 0.0000000 0.0263097 0.0166593 0.0082365 0.0000000 0.0312878 0.0042740 0.0152024 0.0000000 0.0000000 0.5796133 0.0709516 0.0145357 0.0000000 0.0000000 0.1324117 0.0114943
 66 V  66 0.0564932 0.0035618 0.0010497 0.0000000 0.0397571 0.0000000 0.0000000 0.0333986 0.0063268 0.0952051 0.2467850 0.0014345 0.0145745 0.0586950 0.0025566 0.0132908 0.2123340 0.0038924 0.0000000 0.1991507 0.0114943
 67 F  67 0.0709940 0.0068247 0.0078988 0.0116179 0.0000000 0.0552606 0.0200376 0.0033095 0.0164942 0.0674721 0.1010039 0.0391436 0.0282130 0.2396745 0.0412380 0.0357188 0.0183726 0.0011550 0.0806952 0.1433817 0.0114943
 68 P  68 0.0651515 0.0772726 0.0008480 0.0000000 0.0048929 0.0011795 0.0019632 0.0010230 0.0177327 0.0203772 0.0000000 0.0000000 0.0051133 0.0000000 0.6515739 0.0411274 0.0780580 0.0000000 0.0000000 0.0221926 0.0114943
 69 G  69 0.0037124 0.0047294 0.0084572 0.0028286 0.0000000 0.0021961 0.0000000 0.8561844 0.0000000 0.0000000 0.0486122 0.0042685 0.0494311 0.0025991 0.0000000 0.0019114 0.0016812 0.0000000 0.0018943 0.0000000 0.0114943
 70 V  70 0.0790065 0.0009852 0.0000000 0.0268188 0.3015785 0.0447083 0.0769811 0.0000000 0.0000000 0.0422982 0.0000000 0.0000000 0.0032375 0.0000000 0.0000000 0.1939894 0.0783107 0.0000000 0.0000000 0.1368395 0.0152462
 71 L  71 0.0052519 0.0029916 0.0000000 0.0000000 0.0000000 0.0116951 0.0091743 0.0027750 0.0013957 0.1648254 0.1994843 0.0035593 0.0167150 0.0673982 0.0000000 0.0041479 0.0064253 0.0085714 0.0119932 0.4721021 0.0114943
 72 V  72 0.0120555 0.0026185 0.0000000 0.0000000 0.0051454 0.0041395 0.0031267 0.0000000 0.0000000 0.4086311 0.1511798 0.0605041 0.0518604 0.0000000 0.0000000 0.0000000 0.0019632 0.0000000 0.0013664 0.2835141 0.0138953
 73 A  73 0.0339093 0.3028089 0.0477140 0.0296202 0.0077595 0.1063395 0.1728331 0.0139453 0.0180764 0.0010969 0.0033341 0.1281278 0.0027482 0.0000000 0.0452932 0.0357887 0.0362720 0.0000000 0.0000000 0.0028386 0.0114943
 74 A  74 0.3661970 0.0000000 0.0000000 0.0000000 0.2159384 0.0000000 0.0000000 0.0025047 0.0000000 0.0071546 0.0123767 0.0000000 0.0000000 0.0049603 0.0000000 0.0402669 0.0195919 0.0000000 0.0000000 0.3195153 0.0114943
 75 R  75 0.0000000 0.6630347 0.0021425 0.0000000 0.0011049 0.0028825 0.0000000 0.0000000 0.0095066 0.0029284 0.0018087 0.2711577 0.0000000 0.0017387 0.0000000 0.0029681 0.0000000 0.0041926 0.0213032 0.0037372 0.0114943
 76 P  76 0.1502745 0.0000000 0.0000000 0.0000000 0.0000000 0.0000000 0.0000000 0.0000000 0.0000000 0.1053549 0.0289143 0.0000000 0.0000000 0.0000000 0.4736845 0.0020198 0.0074039 0.0000000 0.0000000 0.2208538 0.0114943
 77 V  77 0.0029681 0.0000000 0.0000000 0.0000000 0.0000000 0.0000000 0.0000000 0.0000000 0.0000000 0.5331830 0.2285358 0.0000000 0.0000000 0.0000000 0.0000000 0.0000000 0.0000000 0.0000000 0.0000000 0.2238188 0.0114943
 78 G  78 0.0688518 0.0000000 0.0000000 0.0000000 0.0021070 0.0000000 0.0000000 0.9087877 0.0000000 0.0000000 0.0000000 0.0000000 0.0000000 0.0000000 0.0000000 0.0000000 0.0000000 0.0000000 0.0000000 0.0087592 0.0114943
 79 M  79 0.0636257 0.0000000 0.0020468 0.0000000 0.0057504 0.0010908 0.0000000 0.0059008 0.0000000 0.1297740 0.1278969 0.0017725 0.1453669 0.0072870 0.0000000 0.0243581 0.0369024 0.0000000 0.0084424 0.4282910 0.0114943
 80 F  80 0.0084839 0.0000000 0.0000000 0.0000000 0.0000000 0.0000000 0.0000000 0.0000000 0.0000000 0.0534207 0.4798846 0.0000000 0.2569490 0.1428849 0.0000000 0.0085714 0.0000000 0.0000000 0.0200159 0.0158943 0.0138953
 81 R  81 0.1648232 0.0859462 0.0701674 0.0399381 0.0059413 0.0308324 0.0754370 0.0232966 0.0500428 0.0205685 0.0352421 0.1835911 0.0215781 0.0132475 0.0577429 0.0071382 0.0347673 0.0157317 0.0182891 0.0341843 0.0114943
 82 M  82 0.0000000 0.0000000 0.0000000 0.0000000 0.0000000 0.0000000 0.0000000 0.0000000 0.0000000 0.0106227 0.1458111 0.0000000 0.7731263 0.0350073 0.0000000 0.0044422 0.0120577 0.0000000 0.0000000 0.0038984 0.0150344
 83 V  83 0.0175485 0.0405597 0.0153193 0.0317988 0.0013450 0.0088276 0.1598721 0.0085714 0.0261049 0.3166070 0.0681426 0.0168585 0.0053192 0.0022985 0.0000000 0.0362260 0.1417065 0.0053718 0.0022212 0.0838071 0.0114943
 84 D  84 0.0000000 0.0000000 0.0100656 0.9698687 0.0000000 0.0000000 0.0000000 0.0000000 0.0000000 0.0000000 0.0000000 0.0000000 0.0000000 0.0000000 0.0000000 0.0000000 0.0085714 0.0000000 0.0000000 0.0000000 0.0114943
 85 E  85 0.0114215 0.0135025 0.0443025 0.1410681 0.0099881 0.0638871 0.5257543 0.1018694 0.0093892 0.0000000 0.0000000 0.0123119 0.0040139 0.0000000 0.0041926 0.0410479 0.0042342 0.0000000 0.0015227 0.0000000 0.0114943
 86 H  86 0.1462185 0.0092346 0.0191249 0.0176854 0.0000000 0.0031366 0.0423395 0.5336938 0.0133318 0.0000000 0.0000000 0.1092415 0.0027643 0.0000000 0.0000000 0.0946579 0.0085714 0.0000000 0.0000000 0.0000000 0.0000000
 87 G  87 0.0159124 0.0020604 0.0013956 0.0409054 0.0000000 0.0037765 0.4221774 0.4609879 0.0078987 0.0000000 0.0023923 0.0292553 0.0000000 0.0000000 0.0000000 0.0040911 0.0000000 0.0000000 0.0000000 0.0091469 0.0000000
 88 G  88 0.0160253 0.0581151 0.0201204 0.0125321 0.0015781 0.0597549 0.0757677 0.1395268 0.0128094 0.0472917 0.0632887 0.1023650 0.0295782 0.0021070 0.0761631 0.0175606 0.1693431 0.0000000 0.0194141 0.0766586 0.0000000
 89 D  89 0.0000000 0.0000000 0.0041926 0.9829455 0.0000000 0.0000000 0.0128619 0.0000000 0.0000000 0.0000000 0.0000000 0.0000000 0.0000000 0.0000000 0.0000000 0.0000000 0.0000000 0.0000000 0.0000000 0.0000000 0.0000000
 90 D  90 0.1406690 0.0037937 0.0178238 0.2735453 0.0021821 0.0089584 0.2301006 0.0292879 0.0129774 0.0033565 0.0000000 0.0034121 0.0012887 0.0047331 0.0000000 0.0175911 0.0512473 0.1704572 0.0194342 0.0091418 0.0000000
 91 K  91 0.0000000 0.0000000 0.0031718 0.0000000 0.0000000 0.0057358 0.0000000 0.0000000 0.0000000 0.0000000 0.0000000 0.9910924 0.0000000 0.0000000 0.0000000 0.0000000 0.0000000 0.0000000 0.0000000 0.0000000 0.0000000
 92 V  92 0.0000000 0.0000000 0.0000000 0.0000000 0.0000000 0.0000000 0.0000000 0.0000000 0.0000000 0.4671542 0.2443467 0.0000000 0.0033623 0.0067200 0.0000000 0.0000000 0.0000000 0.0000000 0.0000000 0.2784168 0.0000000
 93 L  93 0.0000000 0.0000000 0.0000000 0.0000000 0.0000000 0.0000000 0.0000000 0.0000000 0.0000000 0.4957590 0.3767326 0.0000000 0.0095467 0.0075113 0.0000000 0.0000000 0.0000000 0.0000000 0.0000000 0.1104504 0.0000000
 94 C  94 0.6028750 0.0000000 0.0000000 0.0000000 0.2388082 0.0000000 0.0000000 0.0468370 0.0000000 0.0000000 0.0000000 0.0000000 0.0023283 0.0000000 0.0000000 0.0102017 0.0171253 0.0000000 0.0000000 0.0818244 0.0000000
 95 V  95 0.0048429 0.0016627 0.0000000 0.0000000 0.0000000 0.0000000 0.0000000 0.0000000 0.0000000 0.1927917 0.0064264 0.0000000 0.0021425 0.0000000 0.0000000 0.0000000 0.0034395 0.0000000 0.0000000 0.7886945 0.0000000
 96 P  96 0.0597253 0.0069487 0.0544530 0.0956212 0.0602941 0.0015463 0.0000000 0.0068239 0.0426410 0.0172937 0.0228028 0.0000000 0.0035496 0.0062355 0.5827771 0.0240024 0.0009484 0.0000000 0.0000000 0.0053856 0.0089516
 97 A  97 0.2400665 0.0009523 0.0186128 0.0453398 0.0024977 0.0031408 0.0256394 0.0023167 0.0856378 0.0723407 0.0292450 0.0213770 0.0058477 0.0130797 0.0000000 0.0427839 0.0798027 0.0015271 0.0056691 0.2999642 0.0041593
 98 G  98 0.0526856 0.0175723 0.1155816 0.3438276 0.0101200 0.0130101 0.0795762 0.0667911 0.0186884 0.0000000 0.0017631 0.0698796 0.0000000 0.0068985 0.0188397 0.1107616 0.0443390 0.0000000 0.0051606 0.0123674 0.0121376
 99 D  99 0.0014282 0.0000000 0.0201146 0.7701279 0.0000000 0.0000000 0.0000000 0.0023581 0.0228245 0.0000000 0.0000000 0.1537934 0.0000000 0.0000000 0.0000000 0.0199617 0.0093917 0.0000000 0.0000000 0.0000000 0.0000000
100 P 100 0.0122720 0.0309984 0.0013728 0.0022784 0.0000000 0.0288094 0.0154552 0.0020105 0.0062695 0.0213061 0.0267397 0.0707092 0.0148129 0.0044697 0.6752262 0.0178492 0.0105488 0.0024219 0.0216975 0.0347526 0.0000000
101 R 101 0.0174030 0.3127218 0.0325100 0.0300286 0.0152750 0.0157823 0.1365234 0.0112981 0.0142516 0.0441281 0.1320294 0.0157591 0.0287052 0.0154122 0.0055251 0.0504658 0.0548297 0.0000000 0.0455008 0.0180383 0.0038126
102 W 102 0.1750341 0.0064839 0.0122198 0.0000000 0.0019982 0.0382672 0.0000000 0.0011299 0.0069701 0.0000000 0.0311438 0.0045199 0.0352997 0.1327152 0.0000000 0.0193339 0.0171796 0.0720226 0.4146101 0.0272595 0.0038126
103 D 103 0.1214677 0.0772924 0.1174715 0.2177494 0.0000000 0.0127097 0.0879021 0.0324081 0.0130961 0.0031009 0.0101292 0.1036290 0.0000000 0.0016633 0.0305757 0.1391622 0.0276219 0.0000000 0.0000000 0.0040210 0.0000000
104 H 104 0.0140892 0.0254885 0.1329219 0.1232125 0.0029532 0.0418234 0.0528829 0.0573321 0.2625785 0.0061036 0.0121391 0.1414410 0.0086515 0.0079886 0.0063022 0.0566322 0.0132564 0.0068627 0.0273405 0.0000000 0.0000000
105 V 105 0.0017949 0.0073798 0.0018182 0.0000000 0.0054847 0.0000000 0.0000000 0.0000000 0.0000000 0.3976947 0.1365726 0.0031178 0.0190689 0.0780486 0.0000000 0.0038220 0.0045200 0.0123358 0.1339978 0.1943441 0.0000000
106 Q 106 0.0075426 0.0934402 0.2840592 0.0089326 0.0052177 0.1342172 0.0575245 0.0091770 0.0819587 0.0041450 0.0036642 0.2019458 0.0000000 0.0064700 0.0000000 0.0097053 0.0795137 0.0039131 0.0036878 0.0048854 0.0000000
107 D 107 0.0069356 0.0066360 0.0876281 0.5017608 0.0042307 0.0048439 0.0850412 0.0107883 0.0133386 0.0000000 0.0000000 0.0285235 0.0000000 0.0000000 0.0000000 0.1575798 0.0926935 0.0000000 0.0000000 0.0000000 0.0000000
108 I 108 0.0211053 0.0041608 0.0000000 0.0000000 0.0022167 0.0000000 0.0038829 0.0000000 0.0124069 0.4258848 0.2531925 0.0044532 0.0050469 0.0174850 0.0223339 0.0046987 0.0053602 0.0040558 0.0997415 0.1139751 0.0000000
109 G 109 0.0614661 0.0455713 0.0939679 0.1531470 0.0034241 0.0228378 0.1787572 0.0520054 0.0267644 0.0016710 0.0032592 0.1118422 0.0031697 0.0010734 0.0000000 0.1537977 0.0809801 0.0000000 0.0033234 0.0029420 0.0000000
110 D 110 0.0031943 0.0000000 0.0031861 0.7444512 0.0000000 0.0836306 0.1251371 0.0087129 0.0257058 0.0000000 0.0021600 0.0038220 0.0000000 0.0000000 0.0000000 0.0000000 0.0000000 0.0000000 0.0000000 0.0000000 0.0000000
111 V 111 0.0030516 0.0000000 0.0000000 0.0000000 0.0094338 0.0000000 0.0000000 0.0000000 0.0000000 0.1667171 0.4926692 0.0000000 0.0175710 0.0102185 0.0000000 0.0038220 0.0000000 0.0000000 0.0000000 0.2965167 0.0000000
112 P 112 0.0628199 0.0194757 0.0445964 0.0490060 0.0041721 0.0134413 0.0949949 0.0331510 0.0078282 0.0017376 0.0000000 0.0401402 0.0000000 0.0027482 0.5009420 0.0995210 0.0083893 0.0000000 0.0082768 0.0087592 0.0000000
113 A 113 0.0522472 0.0493649 0.0068690 0.0494355 0.0000000 0.0949595 0.1923613 0.0112609 0.0045736 0.0070194 0.0151932 0.1059245 0.0038984 0.0074801 0.3341751 0.0347901 0.0164038 0.0000000 0.0016812 0.0097927 0.0025695
114 F 114 0.0351104 0.0041211 0.0271201 0.0055799 0.0000000 0.0376865 0.0231264 0.1018471 0.4030859 0.1009289 0.0717299 0.0000000 0.0209095 0.0714439 0.0166530 0.0310102 0.0128992 0.0072486 0.0228331 0.0066663 0.0000000
115 E 115 0.0090105 0.1293418 0.0044883 0.0230901 0.0000000 0.0472976 0.0462034 0.0000000 0.0198435 0.0519613 0.2913929 0.0175941 0.0149066 0.0652295 0.0000000 0.0046112 0.1045172 0.0377323 0.0678866 0.0561341 0.0087592
116 L 116 0.0085714 0.0897144 0.0044233 0.0000000 0.0037572 0.0200268 0.0010217 0.0011225 0.0000000 0.1065100 0.5638101 0.0973060 0.0234452 0.0274953 0.0040575 0.0021047 0.0147510 0.0009946 0.0000000 0.0308882 0.0000000
117 D 117 0.1018585 0.0961576 0.0729262 0.1474361 0.0000000 0.0772603 0.1656952 0.0037022 0.0086136 0.0056153 0.0426189 0.1896523 0.0160710 0.0041926 0.0000000 0.0444944 0.0157993 0.0000000 0.0016469 0.0062595 0.0000000
118 A 118 0.1806021 0.0639805 0.0036733 0.0271618 0.0013205 0.1875983 0.4198682 0.0016154 0.0031825 0.0066053 0.0000000 0.0480105 0.0169093 0.0000000 0.0024800 0.0230984 0.0079144 0.0000000 0.0000000 0.0059796 0.0000000
119 I 119 0.0000000 0.0000000 0.0000000 0.0000000 0.0000000 0.0000000 0.0000000 0.0000000 0.0000000 0.6349973 0.0641941 0.0000000 0.0233669 0.0062438 0.0000000 0.0091863 0.1750290 0.0000000 0.0017617 0.0852208 0.0000000
120 K 120 0.0982725 0.1478404 0.0506770 0.0058523 0.0013945 0.0840129 0.2278170 0.0216856 0.0065062 0.0199853 0.0179732 0.1263055 0.0038126 0.0059731 0.0009439 0.0463690 0.0491503 0.0049702 0.0048592 0.0755992 0.0000000
121 H 121 0.0211047 0.0845266 0.0585522 0.0639494 0.0010175 0.0339999 0.1375116 0.0038124 0.5038103 0.0077500 0.0015426 0.0034916 0.0000000 0.0245445 0.0000000 0.0039959 0.0159920 0.0000000 0.0305770 0.0038220 0.0000000
122 F 122 0.0000000 0.0000000 0.0000000 0.0000000 0.0000000 0.0000000 0.0000000 0.0000000 0.0197954 0.0000000 0.0000000 0.0000000 0.0017732 0.7913801 0.0000000 0.0000000 0.0000000 0.1679135 0.0191379 0.0000000 0.0000000
123 F 123 0.0000000 0.0000000 0.0000000 0.0000000 0.0000000 0.0000000 0.0000000 0.0000000 0.0000000 0.0000000 0.0177758 0.0000000 0.0025038 0.9519330 0.0000000 0.0034395 0.0000000 0.0152119 0.0091360 0.0000000 0.0000000
124 V 124 0.0308848 0.2050193 0.0308673 0.0077041 0.0000000 0.0690996 0.3825967 0.0117968 0.0000000 0.0084549 0.0168503 0.0716378 0.0033825 0.0000000 0.0000000 0.0775860 0.0586795 0.0000000 0.0000000 0.0254404 0.0000000
125 H 125 0.0000000 0.0648993 0.0700329 0.1466885 0.0028420 0.0189030 0.0133420 0.0000000 0.2712943 0.1041979 0.0106391 0.0066466 0.0000000 0.0120082 0.0000000 0.0161466 0.1134637 0.0000000 0.0132077 0.1356883 0.0000000
126 Y 126 0.0000000 0.0000000 0.0000000 0.0000000 0.0155076 0.0000000 0.0000000 0.0000000 0.0000000 0.0000000 0.0000000 0.0000000 0.0000000 0.0000000 0.0000000 0.0049025 0.0000000 0.0000000 0.9795899 0.0000000 0.0000000
127 K 127 0.0000000 0.0086635 0.0033719 0.0000000 0.0000000 0.0000000 0.0038984 0.0000000 0.0000000 0.0022214 0.0000000 0.9696112 0.0000000 0.0000000 0.0000000 0.0000000 0.0034745 0.0000000 0.0000000 0.0000000 0.0087592
128 D 128 0.0655779 0.0075303 0.0850728 0.3770036 0.0000000 0.0344229 0.0798139 0.0095783 0.0035971 0.0909489 0.0177159 0.0982836 0.0164575 0.0000000 0.0000000 0.0132239 0.0217125 0.0000000 0.0012814 0.0690201 0.0087592
129 L 129 0.0031186 0.0000000 0.0548574 0.0000000 0.0000000 0.0016835 0.0000000 0.0063642 0.0000000 0.0038210 0.7089642 0.0016976 0.0072841 0.0139996 0.1552362 0.0000000 0.0044422 0.0212025 0.0057937 0.0000000 0.0115351
130 E 130 0.0038984 0.0027759 0.0065119 0.1550265 0.0000000 0.0244468 0.6773131 0.0000000 0.0000000 0.0000000 0.0000000 0.0688336 0.0000000 0.0000000 0.0422532 0.0000000 0.0064295 0.0000000 0.0000000 0.0000000 0.0125111
131 P 131 0.0308922 0.0246571 0.0062935 0.0061119 0.0000000 0.0065741 0.0684527 0.1517435 0.0207857 0.0043994 0.0020225 0.1966732 0.0008478 0.0037519 0.2313999 0.0193376 0.0037768 0.0000000 0.0016421 0.0015220 0.2191159
132 G 132 0.0168569 0.0012588 0.3331279 0.0270854 0.0032619 0.0019330 0.0172593 0.4214856 0.0000000 0.0000000 0.0000000 0.0567599 0.0000000 0.0000000 0.0359681 0.0057045 0.0011767 0.0000000 0.0000000 0.0063032 0.0718188
133 K 133 0.0044650 0.0481818 0.0169911 0.0046949 0.0000000 0.0802191 0.0250196 0.0575532 0.0012072 0.0014560 0.0000000 0.7085644 0.0000000 0.0000000 0.0022524 0.0150459 0.0147996 0.0000000 0.0000000 0.0107906 0.0087592
134 F 134 0.0105054 0.0148539 0.0058461 0.0161711 0.0000000 0.0185987 0.1094339 0.0000000 0.0136207 0.0218199 0.0048619 0.0525902 0.0000000 0.1951382 0.0104427 0.0710684 0.0865721 0.2676765 0.0086428 0.0512507 0.0409069
135 V 135 0.1717199 0.0000000 0.0000000 0.0000000 0.0181589 0.0000000 0.0000000 0.0252354 0.0000000 0.0130660 0.0034395 0.0000000 0.0101196 0.0022524 0.0025038 0.0064725 0.1342909 0.0000000 0.0000000 0.6009963 0.0117449
136 K 136 0.0643289 0.0441107 0.0043349 0.0283974 0.0000000 0.0294133 0.1603529 0.0042995 0.0047506 0.0212271 0.0319277 0.3053217 0.0015690 0.1544402 0.0000000 0.0383970 0.0438784 0.0000000 0.0051260 0.0374920 0.0206326
137 A 137 0.0274417 0.0000000 0.0900606 0.0313919 0.0075934 0.0000000 0.0079142 0.0504804 0.0009172 0.2003682 0.0348699 0.0012583 0.0059111 0.0229131 0.0241927 0.0377364 0.0360611 0.0000000 0.0000000 0.4091448 0.0117449
138 A 138 0.0744479 0.0182713 0.1024050 0.0951701 0.0011610 0.0417395 0.1575629 0.2291771 0.0099506 0.0232660 0.0604522 0.0712004 0.0009898 0.0094555 0.0000000 0.0451518 0.0313695 0.0000000 0.0011072 0.0153771 0.0117449
139 D 139 0.0126626 0.0178181 0.0194462 0.1181477 0.0016659 0.0195766 0.1837371 0.4709583 0.0353718 0.0010532 0.0017852 0.0427821 0.0045479 0.0000000 0.0000000 0.0283605 0.0277902 0.0000000 0.0000000 0.0025516 0.0117449
140 W 140 0.0404989 0.0000000 0.0000000 0.0000000 0.0231420 0.0085714 0.0014786 0.0000000 0.0000000 0.0144711 0.0080244 0.0000000 0.0077078 0.2786728 0.0201911 0.0014345 0.0032847 0.5334586 0.0283062 0.0190129 0.0117449
141 V 141 0.0563431 0.0521422 0.0101735 0.0157957 0.0000000 0.0634992 0.1426894 0.1676092 0.0139549 0.0076042 0.0876305 0.2311447 0.0114554 0.0270611 0.0000000 0.0147631 0.0178238 0.0000000 0.0072300 0.0594579 0.0136220
142 D 142 0.0000000 0.0032042 0.1679088 0.3497542 0.0011195 0.0011490 0.0037297 0.2872042 0.0111713 0.0000000 0.0023458 0.0046407 0.0000000 0.0000000 0.0702442 0.0651355 0.0166164 0.0000000 0.0000000 0.0000000 0.0157765
143 R 143 0.2551947 0.1617944 0.0053157 0.0048478 0.0025921 0.0070761 0.0190460 0.0025130 0.0119090 0.0403957 0.0450268 0.1951715 0.0012403 0.0101083 0.0528954 0.0445510 0.0163199 0.0000000 0.0052214 0.1011827 0.0175981
144 A 144 0.1855830 0.0119567 0.0289336 0.2057641 0.0026251 0.0380841 0.3027391 0.0115177 0.0063709 0.0072712 0.0015271 0.0850853 0.0000000 0.0039605 0.0055999 0.0367639 0.0254417 0.0000000 0.0000000 0.0176768 0.0230993
145 E 145 0.1674129 0.0101776 0.0046562 0.0669556 0.0028582 0.0235331 0.2722877 0.0073306 0.0067546 0.0069070 0.0042363 0.0603601 0.0076787 0.1055567 0.0011490 0.0440674 0.0512387 0.0289829 0.0621312 0.0416794 0.0240461
146 A 146 0.8861275 0.0000000 0.0000000 0.0000000 0.0017592 0.0000000 0.0000000 0.0073961 0.0000000 0.0000000 0.0000000 0.0000000 0.0000000 0.0000000 0.0000000 0.0057546 0.0313916 0.0000000 0.0000000 0.0435250 0.0240461
147 E 147 0.0282734 0.1025659 0.0088797 0.0072377 0.0054790 0.0386842 0.1421046 0.0066143 0.0489922 0.1035881 0.1133580 0.1801477 0.0338470 0.0225761 0.0093709 0.0074003 0.0224396 0.0051771 0.0276227 0.0615953 0.0240461
148 A 148 0.1279601 0.0770423 0.0348678 0.1003200 0.0000000 0.0698503 0.2304720 0.0141081 0.0088896 0.0014830 0.0048058 0.2210258 0.0017037 0.0012845 0.0331221 0.0264675 0.0193357 0.0000000 0.0015287 0.0016869 0.0240461
149 E 149 0.1025544 0.0112338 0.0000000 0.0032539 0.0054103 0.0067414 0.2437609 0.0000000 0.0000000 0.2385299 0.1181446 0.0108456 0.0103380 0.0055349 0.0000000 0.0066605 0.0212592 0.0000000 0.0020593 0.1896272 0.0240461
150 V 150 0.0041329 0.0000000 0.0000000 0.0000000 0.0000000 0.0000000 0.0000000 0.0000000 0.0018267 0.6174283 0.1338497 0.0000000 0.0017037 0.0051086 0.0000000 0.0000000 0.0025585 0.0010598 0.0402846 0.1673774 0.0246698
151 Q 151 0.0644965 0.0803415 0.0416591 0.0395982 0.0011711 0.0978194 0.1512765 0.0059199 0.0222772 0.0261265 0.0953246 0.1893876 0.0258303 0.0022146 0.0000000 0.0298640 0.0358469 0.0022212 0.0040375 0.0539963 0.0305912
152 R 152 0.1141817 0.0577992 0.0337719 0.0732588 0.0021686 0.0486726 0.3373521 0.0106048 0.0435729 0.0026251 0.0043113 0.0817282 0.0000000 0.0000000 0.0000000 0.0897180 0.0234404 0.0000000 0.0377852 0.0065820 0.0324272
153 S 153 0.2673239 0.0000000 0.0031267 0.0082108 0.2009032 0.0020948 0.0000000 0.0693656 0.0018087 0.0000000 0.0000000 0.0000000 0.0000000 0.0015736 0.0000000 0.3029112 0.0940386 0.0047294 0.0000000 0.0105351 0.0333784
154 V 154 0.0285637 0.0503089 0.0276058 0.0000000 0.0035830 0.0461211 0.0192935 0.0008472 0.1272179 0.2800078 0.0577054 0.0174972 0.0754881 0.0435502 0.0000000 0.0092010 0.0047409 0.0064316 0.0313423 0.1191854 0.0513087
155 E 155 0.0987111 0.0356647 0.0318897 0.1466400 0.0000000 0.0889448 0.3389697 0.0055590 0.0028926 0.0079508 0.0103716 0.1312406 0.0000000 0.0000000 0.0000000 0.0152724 0.0186482 0.0000000 0.0000000 0.0137761 0.0534688
156 R 156 0.1577430 0.3892817 0.0680779 0.0058488 0.0082867 0.0101693 0.0009819 0.0000000 0.0391538 0.0013751 0.1348238 0.0117626 0.0156716 0.0353814 0.0015553 0.0318152 0.0074759 0.0000000 0.0185867 0.0041926 0.0578168
157 F 157 0.1192715 0.0020150 0.0021961 0.0000000 0.0015728 0.0000000 0.0051067 0.0067000 0.0134999 0.0000000 0.0158310 0.0053704 0.0254788 0.0988186 0.0000000 0.0000000 0.0000000 0.2004418 0.3977205 0.0024465 0.1035305
158 K 158 0.0658171 0.0746767 0.0685110 0.0346638 0.0000000 0.0808354 0.0879120 0.0053174 0.0022985 0.0000000 0.0048921 0.3136998 0.0018076 0.0000000 0.0000000 0.0092811 0.0052837 0.0000000 0.0000000 0.0043792 0.2406245
159 A 159 0.1532390 0.0074016 0.0229489 0.0564484 0.0000000 0.0170949 0.1015791 0.0429394 0.0000000 0.0000000 0.0000000 0.2087809 0.0000000 0.0000000 0.0013528 0.0290476 0.0107112 0.0000000 0.0000000 0.0000000 0.3484561
160 G 160 0.0616605 0.0000000 0.0183666 0.0016364 0.0000000 0.0188177 0.0179091 0.0266976 0.0000000 0.0000000 0.0266514 0.0071818 0.0014190 0.0043928 0.0000000 0.0710182 0.0112221 0.0024219 0.0786903 0.0008373 0.6510773
161 T 161 0.0145078 0.0000000 0.0054559 0.0026373 0.0000000 0.0022842 0.0298377 0.0770219 0.0027075 0.0009397 0.0049820 0.0025779 0.0000000 0.0000000 0.0011009 0.0226394 0.0008795 0.0000000 0.0000000 0.0187514 0.8136768
162 H 162 0.0000000 0.0000000 0.0040135 0.0000000 0.0000000 0.0089095 0.0000000 0.0000000 0.0734510 0.0000000 0.0000000 0.0000000 0.0000000 0.0000000 0.0000000 0.0000000 0.0000000 0.0000000 0.0113272 0.0000000 0.9022988
