  128         A         R         N         D         C         Q         E         G         H         I         L         K         M         F         P         S         T         W         Y         V         X    
  1 M   1 0.0000000 0.0000000 0.0000000 0.0000000 0.0000000 0.0000000 0.0000000 0.0000000 0.0000000 0.0136588 0.0122406 0.0000000 0.1240325 0.0000000 0.0000000 0.0000000 0.0000000 0.0000000 0.0000000 0.0000000 0.8500681
  2 A   2 0.0891540 0.0000000 0.0010692 0.0027505 0.0000000 0.0307535 0.0037047 0.0219464 0.0000000 0.0065775 0.0082808 0.0000000 0.1923849 0.0018695 0.0066042 0.0450461 0.0046520 0.0000000 0.0000000 0.0000000 0.5852068
  3 Y   3 0.0000000 0.0000000 0.0000000 0.0000000 0.0000000 0.0000000 0.0000000 0.0000000 0.0000000 0.0000000 0.0000000 0.0000000 0.0000000 0.0085561 0.0000000 0.0000000 0.0000000 0.0000000 0.9347037 0.0000000 0.0567402
  4 S   4 0.0111130 0.1593612 0.0401858 0.0022337 0.0010451 0.2077626 0.0060394 0.0052625 0.1154683 0.0000000 0.0000000 0.0128187 0.0147199 0.0000000 0.0000000 0.2597300 0.1130010 0.0000000 0.0000000 0.0000000 0.0512588
  5 E   5 0.0383077 0.0142179 0.0047322 0.1744018 0.0000000 0.1395195 0.4473103 0.0042413 0.0000000 0.0000000 0.0011074 0.0528224 0.0029281 0.0000000 0.0509228 0.0202153 0.0037982 0.0000000 0.0000000 0.0015854 0.0438899
  6 K   6 0.0078707 0.0297025 0.0478071 0.0000000 0.0000000 0.0281559 0.0208059 0.0007915 0.0086422 0.1014751 0.0420761 0.3413378 0.0146697 0.0090925 0.0000000 0.0046136 0.0337351 0.0000000 0.0031449 0.2728940 0.0331852
  7 V   7 0.0020446 0.0000000 0.0000000 0.0016811 0.0000000 0.0000000 0.0000000 0.0000000 0.0000000 0.3890587 0.0583043 0.0000000 0.0000000 0.0000000 0.0000000 0.0000000 0.0070011 0.0000000 0.0000000 0.5096312 0.0322791
  8 I   8 0.0112265 0.0094382 0.0188402 0.0000000 0.0000000 0.0094628 0.0029114 0.0013588 0.0058902 0.1380754 0.4253991 0.0691128 0.1920519 0.0111475 0.0000000 0.0050829 0.0133520 0.0033351 0.0000000 0.0535229 0.0297924
  9 D   9 0.0012989 0.0040919 0.0062354 0.7485635 0.0000000 0.0094195 0.1852344 0.0000000 0.0000000 0.0000000 0.0000000 0.0107857 0.0000000 0.0000000 0.0000000 0.0046392 0.0024140 0.0000000 0.0024855 0.0000000 0.0248319
 10 H  10 0.0000000 0.0132779 0.0044387 0.0000000 0.0000000 0.0000000 0.0075474 0.0000000 0.8824648 0.0030006 0.0176588 0.0024956 0.0000000 0.0049813 0.0000000 0.0000000 0.0000000 0.0000000 0.0457939 0.0000000 0.0183409
 11 Y  11 0.0480751 0.0025540 0.0439072 0.0000000 0.0112889 0.0000000 0.0000000 0.0262722 0.0020512 0.0000000 0.0000000 0.0075772 0.0098438 0.2989580 0.0000000 0.0775379 0.0000000 0.0000000 0.4527415 0.0045597 0.0146333
 12 E  12 0.0170122 0.1461661 0.0827212 0.0203579 0.0000000 0.0508863 0.1584086 0.0000000 0.0049118 0.0083755 0.0415904 0.2613709 0.0644255 0.0296919 0.0000000 0.0407885 0.0369015 0.0014479 0.0183343 0.0027559 0.0138535
 13 N  13 0.0071119 0.0434204 0.6167740 0.0129890 0.0128808 0.0054550 0.0109689 0.0000000 0.1724676 0.0000000 0.0000000 0.0445039 0.0019838 0.0022139 0.0000000 0.0383446 0.0098677 0.0000000 0.0046695 0.0000000 0.0163491
 14 P  14 0.0000000 0.0120545 0.0000000 0.0000000 0.0000000 0.0026342 0.0000000 0.0000000 0.0000000 0.0000000 0.0000000 0.0079898 0.0000000 0.0000000 0.9575833 0.0058846 0.0000000 0.0000000 0.0000000 0.0000000 0.0138535
 15 R  15 0.0027448 0.6561408 0.0024653 0.0000000 0.0000000 0.0625029 0.0018752 0.0000000 0.1466901 0.0036507 0.0063076 0.0694561 0.0070341 0.0000000 0.0032841 0.0042938 0.0065573 0.0000000 0.0060394 0.0071044 0.0138535
 16 N  16 0.0015631 0.0079782 0.7710111 0.0000000 0.0000000 0.0000000 0.0000000 0.0416331 0.1439110 0.0000000 0.0000000 0.0000000 0.0000000 0.0082478 0.0000000 0.0000000 0.0000000 0.0000000 0.0107031 0.0000000 0.0149526
 17 V  17 0.0854862 0.1385704 0.0071331 0.0000000 0.0048498 0.0320740 0.0000000 0.0000000 0.0335848 0.0328730 0.0106646 0.0964522 0.0176720 0.0837077 0.0053257 0.0128248 0.0100526 0.0037109 0.0386951 0.3739495 0.0123737
 18 G  18 0.0000000 0.0479094 0.0016869 0.0000000 0.0033543 0.0048969 0.0000000 0.8689009 0.0209549 0.0000000 0.0151212 0.0047871 0.0017905 0.0000000 0.0000000 0.0000000 0.0000000 0.0021283 0.0145862 0.0000000 0.0138836
 19 S  19 0.0706545 0.0415884 0.0066787 0.0108457 0.0000000 0.0220064 0.1681021 0.0058019 0.0164774 0.0083522 0.1158105 0.0664451 0.0051478 0.0036150 0.0240043 0.2368864 0.0922770 0.0000000 0.0000000 0.0832783 0.0220283
 20 F  20 0.0000000 0.0887869 0.0000000 0.0021478 0.0000000 0.0022139 0.0050700 0.0132034 0.0000000 0.1948433 0.4032555 0.0025499 0.0981078 0.1050936 0.0065698 0.0017244 0.0077328 0.0000000 0.0011132 0.0510915 0.0164962
 21 D  21 0.0453972 0.0000000 0.0366364 0.3049468 0.0000000 0.0083351 0.3659586 0.0073875 0.0000000 0.0000000 0.0041864 0.0268567 0.0000000 0.0000000 0.0994944 0.0180866 0.0349808 0.0000000 0.0000000 0.0101932 0.0375404
 22 N  22 0.0275290 0.0150903 0.1319412 0.2500972 0.0000000 0.0249280 0.0854767 0.0505295 0.0143629 0.0000000 0.0034977 0.2269929 0.0050750 0.0000000 0.1083158 0.0182109 0.0054047 0.0000000 0.0000000 0.0000000 0.0325481
 23 N  23 0.3213171 0.0000000 0.0855764 0.0716430 0.0041480 0.0041848 0.0301335 0.0174372 0.0102948 0.0062738 0.0008405 0.0448043 0.0000000 0.0711520 0.1325562 0.0679325 0.0435668 0.0000000 0.0279213 0.0126569 0.0475608
 24 D  24 0.0422423 0.0000000 0.1432208 0.4499513 0.0000000 0.0090922 0.0495495 0.0333196 0.0059641 0.0000000 0.0096560 0.0083627 0.0010165 0.0059260 0.0038403 0.0959233 0.0545665 0.0016142 0.0000000 0.0016200 0.0841347
 25 E  25 0.1814633 0.0343327 0.0109413 0.0277404 0.0019147 0.0097478 0.0554404 0.0326332 0.0153668 0.0143774 0.0277242 0.0597661 0.0038774 0.0284932 0.1093727 0.0292429 0.0179207 0.0000000 0.0068396 0.0575328 0.2752725
 26 N  26 0.0307594 0.0180182 0.1060747 0.0669799 0.0080872 0.0583193 0.0895621 0.0175047 0.0167292 0.0000000 0.0089736 0.0398373 0.0023987 0.0177955 0.0017194 0.0663952 0.0429174 0.0000000 0.0104487 0.0140945 0.3833851
 27 V  27 0.0359177 0.0038403 0.0014989 0.0208723 0.0018623 0.0201320 0.0000000 0.0057287 0.0126546 0.0399873 0.0157688 0.0000000 0.0108231 0.0041004 0.0000000 0.0103967 0.0583685 0.0000000 0.0196778 0.3757617 0.3626088
 28 G  28 0.0307089 0.0054388 0.0034819 0.0000000 0.0082884 0.0010962 0.0068443 0.4256347 0.1284715 0.0452075 0.0244238 0.0045442 0.0060562 0.0026827 0.0000000 0.0152249 0.0048946 0.0000000 0.0033535 0.0368434 0.2468045
 29 S  29 0.0040026 0.0195000 0.0023074 0.0036503 0.0000000 0.0202053 0.0628032 0.0048946 0.0848312 0.0730483 0.0012903 0.0141358 0.0121351 0.0027300 0.0000000 0.0516378 0.3056720 0.0000000 0.0136680 0.1648229 0.1586653
 30 G  30 0.1162646 0.0070520 0.0000000 0.0000000 0.0000000 0.0044390 0.0313690 0.4690745 0.0386003 0.0210139 0.0051869 0.0022397 0.0041426 0.0076114 0.0000000 0.0304636 0.0022196 0.0000000 0.0000000 0.1150920 0.1452311
 31 M  31 0.0026016 0.0214718 0.0322333 0.0692946 0.0000000 0.0495208 0.2183299 0.0000000 0.0571405 0.0483838 0.1744800 0.0353112 0.0581756 0.0062693 0.0022196 0.0128590 0.0577930 0.0000000 0.0020913 0.0284898 0.1233349
 32 V  32 0.0276793 0.0048956 0.0000000 0.0201266 0.0069116 0.0204602 0.0351133 0.1695943 0.0032737 0.0312654 0.0844494 0.0011174 0.0403449 0.0161922 0.0000000 0.0000000 0.0097987 0.0045975 0.0075906 0.4049699 0.1116197
 33 G  33 0.0015140 0.0133012 0.0951260 0.0214758 0.0000000 0.0000000 0.0252805 0.5152039 0.0685948 0.0042349 0.0112777 0.0231637 0.0021612 0.0232275 0.0000000 0.0158478 0.0059860 0.0000000 0.0191212 0.0438601 0.1106240
 34 A  34 0.2262084 0.0000000 0.5565347 0.0332325 0.0000000 0.0000000 0.0074675 0.0000000 0.0000000 0.0000000 0.0000000 0.0231051 0.0000000 0.0000000 0.0000000 0.1110902 0.0121098 0.0000000 0.0000000 0.0111130 0.0191386
 35 P  35 0.0636842 0.0000000 0.0000000 0.0000000 0.0000000 0.0031300 0.0121013 0.0085561 0.0000000 0.0412357 0.0630298 0.0000000 0.0057628 0.0000000 0.7769998 0.0030625 0.0064271 0.0000000 0.0000000 0.0017667 0.0142441
 36 A  36 0.2826931 0.0034370 0.0000000 0.0091469 0.0000000 0.0223040 0.0304314 0.0125853 0.0000000 0.0103241 0.1178873 0.0413498 0.0176020 0.0022766 0.0000000 0.1732900 0.2217961 0.0000000 0.0000000 0.0312700 0.0236065
 37 C  37 0.0000000 0.0000000 0.0000000 0.0024995 0.9625316 0.0000000 0.0000000 0.0000000 0.0056548 0.0000000 0.0000000 0.0000000 0.0000000 0.0000000 0.0000000 0.0035537 0.0000000 0.0000000 0.0111130 0.0000000 0.0146474
 38 G  38 0.0000000 0.0000000 0.0000000 0.0000000 0.0000000 0.0000000 0.0000000 0.9742396 0.0000000 0.0111130 0.0000000 0.0000000 0.0000000 0.0000000 0.0000000 0.0000000 0.0000000 0.0000000 0.0000000 0.0000000 0.0146474
 39 D  39 0.0000000 0.0000000 0.0000000 0.9706859 0.0000000 0.0000000 0.0146668 0.0000000 0.0000000 0.0000000 0.0000000 0.0000000 0.0000000 0.0000000 0.0000000 0.0000000 0.0000000 0.0000000 0.0000000 0.0000000 0.0146474
 40 V  40 0.1076754 0.0879795 0.0108852 0.0336648 0.0000000 0.0601312 0.1524221 0.0000000 0.0148641 0.0647063 0.0111754 0.0180615 0.0298977 0.0000000 0.0000000 0.0286323 0.0420425 0.0000000 0.0060763 0.3208458 0.0109397
 41 M  41 0.0000000 0.0000000 0.0000000 0.0000000 0.0116079 0.0000000 0.0000000 0.0000000 0.0000000 0.2886273 0.1991112 0.0000000 0.3314456 0.0027643 0.0015305 0.0000000 0.0072331 0.0000000 0.0025757 0.1441648 0.0109397
 42 K  42 0.0131578 0.1614544 0.0130051 0.0138047 0.0026016 0.0588357 0.0695166 0.0000000 0.0295914 0.0097257 0.0235193 0.3007440 0.0130537 0.0000000 0.0000000 0.0359083 0.2125580 0.0033543 0.0034503 0.0247792 0.0109397
 43 L  43 0.0000000 0.0000000 0.0000000 0.0000000 0.0000000 0.0000000 0.0000000 0.0000000 0.0000000 0.1816790 0.6231960 0.0000000 0.0437432 0.0190596 0.0000000 0.0000000 0.0000000 0.0000000 0.0033351 0.1180474 0.0109397
 44 Q  44 0.0150175 0.0965241 0.0027794 0.0469055 0.0000000 0.3290198 0.0318307 0.0024453 0.0303289 0.0000000 0.0064912 0.0000000 0.0298792 0.0809053 0.0000000 0.0364377 0.0867412 0.0110219 0.1794932 0.0092751 0.0049039
 45 I  45 0.0094784 0.0000000 0.0000000 0.0000000 0.0000000 0.0000000 0.0000000 0.0000000 0.0000000 0.3302772 0.3470803 0.0000000 0.0426357 0.0128059 0.0000000 0.0000000 0.0000000 0.0098438 0.0000000 0.2478787 0.0000000
 46 K  46 0.0413519 0.1184651 0.0148923 0.0310812 0.0000000 0.0942394 0.0474719 0.0000000 0.0186597 0.0033152 0.0286131 0.5544954 0.0037288 0.0026613 0.0000000 0.0118734 0.0091807 0.0000000 0.0025531 0.0152111 0.0022064
 47 V  47 0.0000000 0.0000000 0.0000000 0.0000000 0.0022064 0.0000000 0.0000000 0.0000000 0.0000000 0.2254567 0.1889377 0.0000000 0.0166819 0.0338462 0.0000000 0.0000000 0.0046446 0.0000000 0.0070459 0.5155004 0.0056802
 48 N  48 0.0200118 0.0219093 0.1181102 0.3613886 0.0000000 0.0236091 0.2097830 0.0316592 0.0000000 0.0000000 0.0011828 0.0958140 0.0000000 0.0000000 0.0000000 0.0808617 0.0067653 0.0000000 0.0000000 0.0051376 0.0237675
 49 D  49 0.0218031 0.0027626 0.0563340 0.4616156 0.0000000 0.0040806 0.1524359 0.1234029 0.0121071 0.0000000 0.0000000 0.0277171 0.0000000 0.0000000 0.0948795 0.0056554 0.0012994 0.0000000 0.0057609 0.0000000 0.0301457
 50 E  50 0.0248725 0.0019894 0.1985676 0.2922422 0.0000000 0.0380802 0.1212274 0.0135674 0.0108294 0.0030006 0.0000000 0.0859024 0.0007873 0.0000000 0.0048946 0.0308100 0.0384172 0.0000000 0.0008027 0.0000000 0.1340089
 51 G  51 0.0073060 0.0196664 0.0258306 0.0553834 0.0000000 0.0423518 0.0327155 0.4792845 0.0018623 0.0000000 0.0013444 0.0258835 0.0009394 0.0000000 0.0109613 0.0165823 0.0343568 0.0000000 0.0023289 0.0000000 0.2432029
 52 I  52 0.0000000 0.1404177 0.0065383 0.0026649 0.0058226 0.0162075 0.0043709 0.0079511 0.0127853 0.1985721 0.0177357 0.1933526 0.0096554 0.0022992 0.0000000 0.0021617 0.1101243 0.0000000 0.0000000 0.2562510 0.0130898
 53 I  53 0.0000000 0.0000000 0.0000000 0.0000000 0.0000000 0.0000000 0.0000000 0.0000000 0.0059432 0.7601593 0.0161501 0.0000000 0.0000000 0.0000000 0.0000000 0.0000000 0.0000000 0.0000000 0.0000000 0.2177474 0.0000000
 54 E  54 0.1209310 0.0306684 0.0099097 0.0355784 0.0000000 0.0386873 0.2816629 0.0035313 0.0017467 0.0360794 0.0393174 0.0977892 0.0121476 0.0000000 0.0000000 0.0637814 0.1175606 0.0000000 0.0000000 0.0982400 0.0123687
 55 D  55 0.0305554 0.0182661 0.0311759 0.7526587 0.0000000 0.0125682 0.1075515 0.0114554 0.0032702 0.0000000 0.0023289 0.0197026 0.0000000 0.0016439 0.0000000 0.0034182 0.0000000 0.0000000 0.0036229 0.0000000 0.0017820
 56 A  56 0.3895157 0.0000000 0.0000000 0.0000000 0.0166810 0.0000000 0.0000000 0.0095494 0.0000000 0.2083031 0.0282108 0.0000000 0.0000000 0.0000000 0.0000000 0.0196209 0.0020778 0.0000000 0.0000000 0.3260413 0.0000000
 57 R  57 0.1068403 0.1754592 0.0064056 0.0000000 0.0345773 0.0155411 0.0000000 0.0380560 0.0054063 0.0000000 0.0000000 0.3774773 0.0027286 0.0000000 0.0000000 0.1980948 0.0216326 0.0060394 0.0026112 0.0032763 0.0058539
 58 F  58 0.0000000 0.0000000 0.0000000 0.0000000 0.0000000 0.0055914 0.0000000 0.0000000 0.0077853 0.0079249 0.0000000 0.0000000 0.0000000 0.8164100 0.0000000 0.0000000 0.0000000 0.0355625 0.1165512 0.0081641 0.0020107
 59 K  59 0.0121516 0.0363888 0.0147430 0.0962055 0.0000000 0.1281822 0.1346002 0.0000000 0.0088791 0.0063855 0.0461953 0.3700154 0.0097324 0.0000000 0.0000000 0.0432810 0.0569727 0.0085561 0.0000000 0.0257006 0.0020107
 60 T  60 0.0354907 0.0000000 0.0062826 0.0063049 0.0000000 0.0000000 0.0000000 0.4081218 0.0000000 0.0105982 0.0000000 0.0000000 0.0000000 0.0000000 0.0000000 0.0394506 0.4611442 0.0000000 0.0000000 0.0326070 0.0000000
 61 Y  61 0.0074332 0.0327773 0.0080339 0.0521029 0.0035809 0.0943832 0.0973157 0.0000000 0.0391957 0.0022184 0.0060309 0.0404771 0.0049758 0.4111973 0.0000000 0.0520493 0.0146724 0.0000000 0.1096967 0.0238595 0.0000000
 62 G  62 0.0000000 0.0000000 0.0000000 0.0000000 0.0000000 0.0000000 0.0000000 0.9941418 0.0000000 0.0000000 0.0000000 0.0000000 0.0000000 0.0000000 0.0000000 0.0058582 0.0000000 0.0000000 0.0000000 0.0000000 0.0000000
 63 C  63 0.0000000 0.0000000 0.0000000 0.0000000 1.0000000 0.0000000 0.0000000 0.0000000 0.0000000 0.0000000 0.0000000 0.0000000 0.0000000 0.0000000 0.0000000 0.0000000 0.0000000 0.0000000 0.0000000 0.0000000 0.0000000
 64 G  64 0.2967474 0.0000000 0.0000000 0.0000000 0.0149867 0.0000000 0.0000000 0.3952695 0.0000000 0.0043096 0.0020741 0.0000000 0.0000000 0.0000000 0.0112828 0.1899191 0.0735995 0.0000000 0.0000000 0.0118114 0.0000000
 65 S  65 0.1335082 0.0000000 0.0000000 0.0060664 0.0000000 0.0000000 0.0000000 0.0092523 0.0000000 0.4292148 0.0000000 0.0000000 0.0000000 0.0000000 0.0000000 0.3888701 0.0183999 0.0000000 0.0000000 0.0146884 0.0000000
 66 A  66 0.5250224 0.0000000 0.0185749 0.0038403 0.0197347 0.0000000 0.0000000 0.0000000 0.0000000 0.0000000 0.0063049 0.0000000 0.0000000 0.0000000 0.0000000 0.4153523 0.0111705 0.0000000 0.0000000 0.0000000 0.0000000
 67 I  67 0.0000000 0.0057242 0.0000000 0.0000000 0.0082298 0.2483917 0.0000000 0.0000000 0.0000000 0.5213235 0.0228263 0.0143425 0.0794615 0.0055396 0.0000000 0.0000000 0.0511231 0.0000000 0.0000000 0.0430378 0.0000000
 68 A  68 0.9353589 0.0000000 0.0000000 0.0000000 0.0000000 0.0000000 0.0000000 0.0000000 0.0000000 0.0000000 0.0000000 0.0116060 0.0000000 0.0000000 0.0000000 0.0530351 0.0000000 0.0000000 0.0000000 0.0000000 0.0000000
 69 S  69 0.0912975 0.0000000 0.0000000 0.0000000 0.0121496 0.0000000 0.0000000 0.0000000 0.0000000 0.0000000 0.0060664 0.0000000 0.0055396 0.0000000 0.0000000 0.7719324 0.1028269 0.0000000 0.0000000 0.0101875 0.0000000
 70 S  70 0.3478124 0.0000000 0.0000000 0.0000000 0.0000000 0.0000000 0.0000000 0.0157155 0.0000000 0.0023314 0.0059432 0.0000000 0.0000000 0.0000000 0.0000000 0.4861268 0.1256808 0.0000000 0.0000000 0.0163900 0.0000000
 71 S  71 0.0065155 0.0000000 0.0000000 0.0361229 0.0000000 0.0000000 0.0035321 0.0000000 0.0055396 0.0000000 0.0000000 0.0060664 0.0063049 0.0058582 0.0000000 0.9265060 0.0000000 0.0000000 0.0035545 0.0000000 0.0000000
 72 L  72 0.0760663 0.0000000 0.0000000 0.0000000 0.0000000 0.0018928 0.0063049 0.0000000 0.0000000 0.0921808 0.2338942 0.0000000 0.3248883 0.0036938 0.0000000 0.0000000 0.0093408 0.0000000 0.0812718 0.1704664 0.0000000
 73 V  73 0.1801341 0.0000000 0.0000000 0.0000000 0.0000000 0.0000000 0.0000000 0.0033017 0.0000000 0.0192140 0.3052456 0.0000000 0.3268725 0.0116060 0.0000000 0.0065160 0.0356417 0.0000000 0.0063049 0.1051636 0.0000000
 74 T  74 0.0491751 0.0000000 0.0195650 0.0000000 0.0129538 0.0000000 0.0000000 0.0023696 0.0103528 0.0209509 0.0131111 0.0000000 0.0041280 0.0036306 0.0000000 0.1072795 0.7485829 0.0000000 0.0064646 0.0014363 0.0000000
 75 E  75 0.0030227 0.0041327 0.0075580 0.1853893 0.0000000 0.0462605 0.6757797 0.0166619 0.0000000 0.0023373 0.0020079 0.0049068 0.0000000 0.0000000 0.0000000 0.0074410 0.0212716 0.0000000 0.0000000 0.0232304 0.0000000
 76 W  76 0.1273211 0.0321581 0.0015846 0.0034503 0.0000000 0.0369834 0.0420085 0.0000000 0.0017277 0.0428237 0.3072727 0.0151637 0.1839362 0.0025757 0.0000000 0.0187365 0.0167226 0.1379746 0.0013179 0.0210131 0.0072295
 77 V  77 0.0788291 0.0000000 0.0000000 0.0000000 0.0161486 0.0000000 0.0000000 0.0000000 0.0000000 0.2713430 0.1626167 0.0000000 0.0251438 0.0000000 0.0000000 0.0025531 0.0099852 0.0000000 0.0000000 0.4261510 0.0072295
 78 K  78 0.0077922 0.0715553 0.0056625 0.0000000 0.0000000 0.0287959 0.0222321 0.0000000 0.0057089 0.1422921 0.0257996 0.5747028 0.0214178 0.0000000 0.0113051 0.0031923 0.0150474 0.0000000 0.0018193 0.0554473 0.0072295
 79 G  79 0.0000000 0.0026144 0.0162474 0.0106780 0.0000000 0.0034637 0.0034410 0.9464514 0.0000000 0.0000000 0.0000000 0.0042612 0.0000000 0.0000000 0.0000000 0.0056132 0.0000000 0.0000000 0.0000000 0.0000000 0.0072295
 80 K  80 0.0055770 0.0578865 0.0000000 0.0000000 0.0000000 0.0418093 0.0026902 0.0000000 0.0151554 0.0051205 0.0392826 0.6927181 0.1091339 0.0000000 0.0000000 0.0116753 0.0086614 0.0000000 0.0000000 0.0030604 0.0072295
 81 S  81 0.0078582 0.0129389 0.0226520 0.0390539 0.0000000 0.0063882 0.0247988 0.0076787 0.0210221 0.0025416 0.0040219 0.0276150 0.0000000 0.0000000 0.0737933 0.1721864 0.5774510 0.0000000 0.0000000 0.0000000 0.0000000
 82 L  82 0.0067621 0.0188418 0.0000000 0.0000000 0.0266445 0.0042409 0.0190354 0.0000000 0.0000000 0.1747932 0.3795528 0.0443398 0.0077305 0.0048946 0.0094470 0.0025540 0.0135946 0.0029315 0.0132815 0.2713558 0.0000000
 83 D  83 0.1002552 0.0053560 0.0248442 0.3325197 0.0000000 0.0236824 0.3449117 0.0283843 0.0031498 0.0012890 0.0028887 0.0419000 0.0000000 0.0032275 0.0282252 0.0361253 0.0140651 0.0012128 0.0028125 0.0051505 0.0000000
 84 E  84 0.0128429 0.0029778 0.0095287 0.1171054 0.0000000 0.0820754 0.7322933 0.0000000 0.0065342 0.0000000 0.0000000 0.0074774 0.0000000 0.0000000 0.0000000 0.0020464 0.0072017 0.0000000 0.0175204 0.0023965 0.0000000
 85 A  85 0.8237464 0.0000000 0.0000000 0.0072820 0.0049649 0.0029139 0.0015967 0.0078389 0.0000000 0.0201407 0.0205274 0.0000000 0.0000000 0.0027897 0.0072295 0.0112807 0.0080344 0.0000000 0.0000000 0.0816549 0.0000000
 86 Q  86 0.0654272 0.0310751 0.0010753 0.0184441 0.0017523 0.0413819 0.1027191 0.0339768 0.0080426 0.0166401 0.4114554 0.0791105 0.0596553 0.0193266 0.0000000 0.0287135 0.0123828 0.0342498 0.0164225 0.0181490 0.0000000
 87 A  87 0.1708391 0.0577245 0.0391670 0.0571500 0.0000000 0.1034141 0.1439607 0.0230053 0.0173258 0.0050570 0.0117942 0.2636666 0.0088054 0.0000000 0.0017194 0.0284262 0.0589154 0.0000000 0.0000000 0.0090292 0.0000000
 88 I  88 0.0000000 0.0000000 0.0000000 0.0000000 0.0000000 0.0023309 0.0040944 0.0000000 0.0000000 0.4288767 0.4018221 0.0014861 0.0479144 0.0156762 0.0000000 0.0000000 0.0108111 0.0000000 0.0016354 0.0781232 0.0072295
 89 K  89 0.0192372 0.0363532 0.0107798 0.0539344 0.0022642 0.0228764 0.0299420 0.1898644 0.0069203 0.0081185 0.0084205 0.2051108 0.0019425 0.0324406 0.0023984 0.0734884 0.2509516 0.0000000 0.0076935 0.0300340 0.0072295
 90 N  90 0.0097140 0.0387372 0.4332871 0.2626531 0.0000000 0.0175502 0.0642361 0.0133442 0.0198024 0.0000000 0.0048946 0.0531487 0.0000000 0.0044738 0.0294284 0.0080383 0.0091857 0.0141011 0.0055781 0.0045975 0.0072295
 91 T  91 0.1175236 0.0455576 0.0197616 0.0829868 0.0023852 0.0629450 0.0719437 0.0488699 0.0073901 0.0498971 0.0659707 0.1483025 0.0160984 0.0000000 0.0000000 0.0406061 0.2123249 0.0000000 0.0000000 0.0074369 0.0000000
 92 D  92 0.1349008 0.0047435 0.0021660 0.3374997 0.0000000 0.0871865 0.1643479 0.0000000 0.0066568 0.0367544 0.0012779 0.0086306 0.0111892 0.1343392 0.0000000 0.0095955 0.0185426 0.0000000 0.0045915 0.0375779 0.0000000
 93 I  93 0.1586279 0.0025787 0.0000000 0.0000000 0.0034073 0.0000000 0.0000000 0.0000000 0.0000000 0.4355004 0.0615581 0.0000000 0.0260634 0.0174345 0.0000000 0.0096181 0.0025281 0.0000000 0.0000000 0.2826835 0.0000000
 94 A  94 0.3933886 0.0000000 0.0000000 0.0000000 0.0011411 0.0000000 0.0113537 0.0000000 0.0000000 0.0289817 0.2776630 0.0000000 0.0227929 0.1254849 0.0026144 0.0164939 0.0315108 0.0000000 0.0092554 0.0657992 0.0135204
 95 E  95 0.1588736 0.0132022 0.0212661 0.1275893 0.0017554 0.0881738 0.2453516 0.0219696 0.0095265 0.0000000 0.0000000 0.1794724 0.0065951 0.0000000 0.0000000 0.0880923 0.0197192 0.0000000 0.0000000 0.0048925 0.0135204
 96 E  96 0.1561624 0.0000000 0.0231364 0.0085643 0.0000000 0.0020789 0.2403334 0.3651462 0.0421803 0.0000000 0.0169416 0.0059399 0.0052311 0.0333176 0.0000000 0.0163198 0.0070466 0.0045975 0.0546783 0.0048054 0.0135204
 97 L  97 0.0000000 0.0000000 0.0000000 0.0000000 0.0000000 0.0000000 0.0000000 0.0153314 0.0000000 0.0638265 0.5375765 0.0000000 0.0036092 0.0000000 0.0093257 0.0000000 0.0023091 0.0000000 0.0000000 0.3545013 0.0135204
 98 E  98 0.1582374 0.0487544 0.0243979 0.1040725 0.0708628 0.0090130 0.0527221 0.2057528 0.0153731 0.0021880 0.0035545 0.0416975 0.0131891 0.0000000 0.0000000 0.2265115 0.0039323 0.0023373 0.0000000 0.0027844 0.0146195
 99 L  99 0.0170995 0.0153699 0.0127069 0.0119237 0.0000000 0.0659661 0.0460669 0.0078368 0.0143355 0.0379669 0.5419559 0.1929201 0.0000000 0.0000000 0.0000000 0.0033826 0.0000000 0.0000000 0.0000000 0.0189488 0.0135204
100 P 100 0.0000000 0.0000000 0.0000000 0.0000000 0.0000000 0.0046409 0.0048946 0.0110672 0.0000000 0.0047080 0.0261810 0.0000000 0.0262177 0.2062574 0.5366153 0.0268800 0.0111453 0.0000000 0.1278722 0.0000000 0.0135204
101 P 101 0.0250909 0.0057008 0.0000000 0.0184913 0.0000000 0.0061838 0.0812902 0.0009899 0.0046004 0.0000000 0.0045975 0.0194152 0.0018142 0.0000000 0.8075694 0.0060909 0.0031564 0.0000000 0.0000000 0.0014886 0.0135204
102 V 102 0.3157095 0.0012705 0.0344389 0.0064011 0.0000000 0.0701178 0.0813910 0.0066299 0.0138623 0.0249027 0.0000000 0.0048691 0.0426742 0.0038542 0.0018752 0.0305610 0.0169483 0.0000000 0.0000000 0.3309739 0.0135204
103 K 103 0.0000000 0.4499696 0.0000000 0.0000000 0.0000000 0.0000000 0.0000000 0.0000000 0.0000000 0.0000000 0.0000000 0.5279539 0.0000000 0.0000000 0.0000000 0.0085561 0.0000000 0.0000000 0.0000000 0.0000000 0.0135204
104 I 104 0.0052855 0.0029802 0.0000000 0.0000000 0.0000000 0.0079089 0.0040985 0.0030994 0.0000000 0.2779892 0.1835166 0.0179037 0.1503528 0.0082334 0.0094921 0.0031175 0.0019906 0.0000000 0.0149055 0.2897477 0.0193785
105 H 105 0.0000000 0.0131509 0.0056170 0.0059432 0.0000000 0.0000000 0.0056548 0.0000000 0.5151830 0.0000000 0.0072295 0.4312218 0.0000000 0.0000000 0.0024794 0.0000000 0.0000000 0.0000000 0.0000000 0.0000000 0.0135204
106 C 106 0.0111130 0.0000000 0.0000000 0.0000000 0.9753666 0.0000000 0.0000000 0.0000000 0.0000000 0.0000000 0.0000000 0.0000000 0.0000000 0.0000000 0.0000000 0.0000000 0.0000000 0.0000000 0.0000000 0.0000000 0.0135204
107 A 107 0.4391024 0.0000000 0.0000000 0.0000000 0.0060394 0.0000000 0.0000000 0.0000000 0.0000000 0.0000000 0.0000000 0.0000000 0.0000000 0.0043096 0.0000000 0.5184225 0.0186057 0.0000000 0.0000000 0.0000000 0.0135204
108 I 108 0.0078608 0.0000000 0.0735759 0.0000000 0.0000000 0.0028301 0.0000000 0.0000000 0.0000000 0.0628970 0.1957674 0.0000000 0.1459455 0.0136642 0.0000000 0.0136577 0.2088668 0.0000000 0.0000000 0.2574210 0.0175135
109 L 109 0.0000000 0.0000000 0.0000000 0.0000000 0.0000000 0.0000000 0.0000000 0.0000000 0.0000000 0.0102988 0.8741220 0.0020321 0.0883922 0.0000000 0.0000000 0.0000000 0.0000000 0.0000000 0.0000000 0.0037366 0.0214184
110 A 110 0.5881009 0.0000000 0.0000000 0.0000000 0.0069939 0.0000000 0.0000000 0.2343887 0.0000000 0.0144147 0.0000000 0.0000000 0.0000000 0.0000000 0.0295026 0.0979090 0.0035869 0.0000000 0.0000000 0.0021404 0.0229628
111 E 111 0.0667399 0.0320355 0.0000000 0.0243740 0.0000000 0.0461627 0.3126059 0.0000000 0.0020727 0.0101985 0.0436466 0.0011112 0.0037860 0.0045975 0.0000000 0.0000000 0.0028301 0.3834790 0.0129547 0.0304427 0.0229628
112 D 112 0.0061766 0.0250210 0.0474053 0.2751403 0.0000000 0.0290496 0.1467108 0.0114576 0.1243465 0.0000000 0.0047481 0.1805941 0.0690702 0.0000000 0.0000000 0.0344231 0.0047590 0.0131891 0.0000000 0.0029139 0.0249949
113 A 113 0.7285020 0.0016319 0.0000000 0.0000000 0.0022397 0.0000000 0.0000000 0.0255283 0.0000000 0.0060394 0.0000000 0.0000000 0.0000000 0.0000000 0.0000000 0.0036944 0.1415511 0.0000000 0.0000000 0.0658184 0.0249949
114 I 114 0.0269071 0.0000000 0.0000000 0.0000000 0.0049985 0.0000000 0.0000000 0.0000000 0.0000000 0.2856478 0.4527566 0.0000000 0.0474531 0.0686899 0.0000000 0.0029281 0.0037366 0.0218436 0.0056539 0.0526253 0.0267595
115 K 115 0.0062601 0.1035670 0.0191055 0.0160451 0.0000000 0.1041339 0.1636002 0.0045185 0.0974924 0.0018209 0.0126364 0.4099070 0.0039732 0.0000000 0.0059432 0.0020741 0.0107496 0.0000000 0.0062979 0.0051155 0.0267595
116 A 116 0.4185751 0.0370921 0.0281261 0.1179490 0.0000000 0.0494550 0.0524682 0.0034070 0.0094270 0.0000000 0.0143769 0.1336661 0.0044213 0.0023852 0.0000000 0.0730948 0.0030250 0.0000000 0.0034101 0.0154116 0.0337096
117 A 117 0.8089224 0.0000000 0.0000000 0.0000000 0.0092723 0.0000000 0.0038403 0.1080313 0.0000000 0.0085630 0.0053560 0.0000000 0.0068046 0.0000000 0.0000000 0.0055081 0.0034951 0.0000000 0.0000000 0.0054714 0.0347355
118 I 118 0.0375503 0.0000000 0.0000000 0.0000000 0.0000000 0.0000000 0.0000000 0.0000000 0.0000000 0.4235585 0.2897145 0.0000000 0.0047981 0.0054471 0.0000000 0.0019064 0.0284779 0.0000000 0.0000000 0.1614801 0.0470671
119 A 119 0.1958078 0.0460843 0.1017069 0.0563217 0.0000000 0.0330545 0.1236220 0.0059342 0.0336602 0.0045661 0.0104111 0.1492487 0.0066712 0.0079003 0.0000000 0.0606893 0.0148526 0.0113240 0.0363085 0.0148243 0.0870124
120 D 120 0.0113942 0.0085726 0.1594390 0.3726404 0.0014479 0.0736640 0.0801383 0.0058205 0.0074575 0.0199496 0.0030686 0.0433397 0.0000000 0.0009590 0.0032275 0.0140689 0.0133417 0.0000000 0.0021122 0.0000000 0.1793583
121 Y 121 0.0415116 0.0012351 0.0048567 0.0086752 0.0000000 0.0073868 0.0239531 0.0000000 0.0115490 0.0204083 0.0186347 0.0188485 0.0040496 0.0286968 0.0000000 0.0120337 0.0075814 0.0152980 0.4961674 0.0036646 0.2754493
122 K 122 0.0164610 0.1764267 0.0135699 0.0020408 0.0018110 0.0569010 0.0848270 0.0071866 0.0096252 0.0068775 0.0832614 0.1483252 0.0102386 0.0064917 0.0076210 0.0061379 0.0043220 0.0026765 0.0527164 0.0065990 0.2958839
123 S 123 0.0577582 0.0232282 0.0240968 0.0127311 0.0000000 0.0457405 0.0855060 0.1314777 0.0036497 0.0105060 0.0241318 0.0891738 0.0048703 0.0142124 0.0015630 0.0930574 0.0376190 0.0000000 0.0000000 0.0213364 0.3193417
124 K 124 0.0032914 0.0576640 0.0036949 0.0329579 0.0000000 0.0018952 0.0952804 0.0067951 0.0014583 0.0019099 0.0017857 0.3572940 0.0000000 0.0000000 0.0012023 0.0131516 0.0083755 0.0000000 0.0000000 0.0010723 0.4121716
125 R 125 0.0200950 0.0732917 0.0467285 0.0018151 0.0000000 0.1486766 0.0246407 0.0000000 0.0609152 0.0048219 0.0087955 0.0507387 0.0041581 0.0012434 0.0010498 0.0043504 0.0038193 0.0020741 0.0000000 0.0033351 0.5394512
126 E 126 0.0266152 0.0089876 0.0361201 0.0449611 0.0000000 0.0291676 0.0725521 0.0680138 0.0011925 0.0000000 0.0017038 0.0280958 0.0000000 0.0000000 0.0080431 0.0090174 0.0097950 0.0012579 0.0000000 0.0049027 0.6495744
127 A 127 0.0494787 0.0040890 0.0079043 0.0016624 0.0000000 0.0134913 0.0114015 0.0344230 0.0019979 0.0083816 0.0382855 0.0187769 0.0116712 0.0000000 0.0163580 0.0311533 0.0076416 0.0000000 0.0000000 0.0088199 0.7344639
128 K 128 0.0000000 0.0138999 0.0000000 0.0000000 0.0000000 0.0079415 0.0831055 0.0000000 0.0000000 0.0000000 0.0000000 0.0894201 0.0000000 0.0000000 0.0000000 0.0000000 0.0000000 0.0000000 0.0000000 0.0000000 0.8056330
