  128         A         R         N         D         C         Q         E         G         H         I         L         K         M         F         P         S         T         W         Y         V    
  1 M   1 0.0000000 0.0000000 0.0000000 0.0000000 0.0000000 0.0000000 0.0000000 0.0000000 0.0000000 0.0879255 0.0825986 0.0000000 0.8294759 0.0000000 0.0000000 0.0000000 0.0000000 0.0000000 0.0000000 0.0000000
  2 A   2 0.2289115 0.0000000 0.0026488 0.0067354 0.0000000 0.0789050 0.0076887 0.0522674 0.0000000 0.0163113 0.0203852 0.0000000 0.4572517 0.0045811 0.0166062 0.0975021 0.0102056 0.0000000 0.0000000 0.0000000
  3 Y   3 0.0000000 0.0000000 0.0000000 0.0000000 0.0000000 0.0000000 0.0000000 0.0000000 0.0000000 0.0000000 0.0000000 0.0000000 0.0000000 0.0111546 0.0000000 0.0000000 0.0000000 0.0000000 0.9888454 0.0000000
  4 S   4 0.0154695 0.1684852 0.0438863 0.0024487 0.0011508 0.2210594 0.0069083 0.0057049 0.1100283 0.0000000 0.0000000 0.0138885 0.0156286 0.0000000 0.0000000 0.2721118 0.1232296 0.0000000 0.0000000 0.0000000
  5 E   5 0.0400902 0.0146773 0.0051479 0.1897092 0.0000000 0.1477934 0.4800185 0.0045730 0.0000000 0.0000000 0.0012196 0.0499668 0.0032112 0.0000000 0.0361874 0.0215037 0.0041547 0.0000000 0.0000000 0.0017470
  6 K   6 0.0083508 0.0348552 0.0457222 0.0000000 0.0000000 0.0302936 0.0084579 0.0008583 0.0095213 0.1068779 0.0444477 0.3561994 0.0155551 0.0095285 0.0000000 0.0049957 0.0359076 0.0000000 0.0033426 0.2850864
  7 V   7 0.0023249 0.0000000 0.0000000 0.0019352 0.0000000 0.0000000 0.0000000 0.0000000 0.0000000 0.4062126 0.0609677 0.0000000 0.0000000 0.0000000 0.0000000 0.0000000 0.0075807 0.0000000 0.0000000 0.5209790
  8 I   8 0.0116650 0.0101065 0.0062809 0.0000000 0.0000000 0.0100565 0.0031019 0.0014182 0.0061846 0.1453451 0.4516882 0.0740257 0.2006636 0.0116708 0.0000000 0.0054206 0.0143558 0.0036890 0.0000000 0.0443276
  9 D   9 0.0014141 0.0043347 0.0065614 0.7619569 0.0000000 0.0102092 0.1951658 0.0000000 0.0000000 0.0000000 0.0000000 0.0111887 0.0000000 0.0000000 0.0000000 0.0040311 0.0025955 0.0000000 0.0025426 0.0000000
 10 H  10 0.0000000 0.0140691 0.0035188 0.0000000 0.0000000 0.0000000 0.0070249 0.0000000 0.8941965 0.0032847 0.0188639 0.0023107 0.0000000 0.0053651 0.0000000 0.0000000 0.0000000 0.0000000 0.0513663 0.0000000
 11 Y  11 0.0514538 0.0025796 0.0459744 0.0000000 0.0114078 0.0000000 0.0000000 0.0262948 0.0021700 0.0000000 0.0000000 0.0077821 0.0105466 0.2952788 0.0000000 0.0800326 0.0000000 0.0000000 0.4615265 0.0049533
 12 E  12 0.0178446 0.1509045 0.0772238 0.0162853 0.0000000 0.0525083 0.1571231 0.0000000 0.0051685 0.0060708 0.0440549 0.2705011 0.0687704 0.0312650 0.0000000 0.0407419 0.0375166 0.0015236 0.0195673 0.0029304
 13 N  13 0.0073714 0.0450563 0.6253374 0.0141195 0.0131338 0.0047323 0.0115691 0.0000000 0.1759359 0.0000000 0.0000000 0.0442462 0.0021056 0.0023483 0.0000000 0.0388788 0.0104355 0.0000000 0.0047298 0.0000000
 14 P  14 0.0000000 0.0100504 0.0000000 0.0000000 0.0000000 0.0029505 0.0000000 0.0000000 0.0000000 0.0000000 0.0000000 0.0085331 0.0000000 0.0000000 0.9721179 0.0063481 0.0000000 0.0000000 0.0000000 0.0000000
 15 R  15 0.0028638 0.6587926 0.0026264 0.0000000 0.0000000 0.0653185 0.0019857 0.0000000 0.1497230 0.0038967 0.0064660 0.0713637 0.0076174 0.0000000 0.0035384 0.0045775 0.0068614 0.0000000 0.0066925 0.0076766
 16 N  16 0.0017149 0.0084442 0.7791435 0.0000000 0.0000000 0.0000000 0.0000000 0.0430350 0.1476254 0.0000000 0.0000000 0.0000000 0.0000000 0.0087950 0.0000000 0.0000000 0.0000000 0.0000000 0.0112420 0.0000000
 17 V  17 0.0929975 0.1428414 0.0073074 0.0000000 0.0048388 0.0339580 0.0000000 0.0000000 0.0338647 0.0364082 0.0114743 0.1005320 0.0187871 0.0856936 0.0054016 0.0134898 0.0106650 0.0039513 0.0402401 0.3575492
 18 G  18 0.0000000 0.0495474 0.0017842 0.0000000 0.0035679 0.0050193 0.0000000 0.8773258 0.0219292 0.0000000 0.0161642 0.0050288 0.0019335 0.0000000 0.0000000 0.0000000 0.0000000 0.0022798 0.0154199 0.0000000
 19 S  19 0.0752760 0.0434664 0.0071733 0.0113028 0.0000000 0.0234486 0.1773669 0.0062018 0.0171564 0.0089554 0.1206087 0.0702467 0.0054542 0.0037582 0.0252120 0.2172527 0.0999952 0.0000000 0.0000000 0.0871246
 20 F  20 0.0000000 0.0920024 0.0000000 0.0023107 0.0000000 0.0023619 0.0054560 0.0142077 0.0000000 0.2075636 0.4117166 0.0027026 0.0981335 0.0912985 0.0069880 0.0018193 0.0082141 0.0000000 0.0011842 0.0540409
 21 D  21 0.0487129 0.0000000 0.0363146 0.2969622 0.0000000 0.0089955 0.3947756 0.0080378 0.0000000 0.0000000 0.0043431 0.0278059 0.0000000 0.0000000 0.1059919 0.0196258 0.0373189 0.0000000 0.0000000 0.0111158
 22 N  22 0.0288978 0.0114575 0.1414178 0.2679986 0.0000000 0.0250754 0.0936851 0.0534229 0.0151405 0.0000000 0.0037617 0.2126601 0.0051814 0.0000000 0.1154443 0.0199862 0.0058708 0.0000000 0.0000000 0.0000000
 23 N  23 0.3511849 0.0000000 0.0885982 0.0636108 0.0045306 0.0045730 0.0332347 0.0191659 0.0113640 0.0067755 0.0009329 0.0426350 0.0000000 0.0753182 0.1434324 0.0717347 0.0391735 0.0000000 0.0300338 0.0137021
 24 D  24 0.0430199 0.0000000 0.1613139 0.4848508 0.0000000 0.0104687 0.0560769 0.0376013 0.0067152 0.0000000 0.0094325 0.0095674 0.0011759 0.0068655 0.0043304 0.1028735 0.0620373 0.0017706 0.0000000 0.0019001
 25 E  25 0.2614760 0.0488001 0.0121116 0.0408432 0.0028128 0.0137590 0.0796847 0.0483004 0.0184999 0.0205487 0.0399549 0.0739328 0.0056389 0.0417615 0.1356642 0.0396623 0.0248959 0.0000000 0.0100124 0.0816407
 26 N  26 0.0530038 0.0304265 0.1565812 0.1025296 0.0134865 0.1073732 0.1510105 0.0302825 0.0288261 0.0000000 0.0150128 0.0684318 0.0015200 0.0300049 0.0029346 0.0905402 0.0731709 0.0000000 0.0209819 0.0238831
 27 V  27 0.0613500 0.0062979 0.0022673 0.0348522 0.0030377 0.0328865 0.0000000 0.0085178 0.0206759 0.0646365 0.0261755 0.0000000 0.0180525 0.0065725 0.0000000 0.0167253 0.0956892 0.0000000 0.0319459 0.5703171
 28 G  28 0.0417436 0.0069999 0.0048075 0.0000000 0.0112910 0.0014221 0.0091871 0.5512093 0.1743678 0.0624077 0.0334669 0.0056558 0.0084397 0.0037170 0.0000000 0.0234123 0.0064200 0.0000000 0.0046217 0.0508306
 29 S  29 0.0048103 0.0239386 0.0028656 0.0045199 0.0000000 0.0244998 0.0765508 0.0057114 0.1022713 0.0901776 0.0013376 0.0174770 0.0153521 0.0034139 0.0000000 0.0605947 0.3444190 0.0000000 0.0172272 0.2048332
 30 G  30 0.1241681 0.0086342 0.0000000 0.0000000 0.0000000 0.0051926 0.0391399 0.5509698 0.0474830 0.0242056 0.0064300 0.0028167 0.0049617 0.0092848 0.0000000 0.0371925 0.0027193 0.0000000 0.0000000 0.1368019
 31 M  31 0.0030359 0.0253659 0.0370651 0.0811614 0.0000000 0.0573019 0.2580068 0.0000000 0.0676290 0.0416446 0.1873911 0.0422683 0.0700256 0.0074920 0.0026497 0.0154709 0.0671069 0.0000000 0.0023436 0.0340414
 32 V  32 0.0336782 0.0055116 0.0000000 0.0233184 0.0082000 0.0240293 0.0414529 0.1969811 0.0037494 0.0401884 0.0966991 0.0013201 0.0454920 0.0192411 0.0000000 0.0000000 0.0111981 0.0053324 0.0089824 0.4346253
 33 G  33 0.0017810 0.0142612 0.1081487 0.0246580 0.0000000 0.0000000 0.0299473 0.5655377 0.0832623 0.0050178 0.0129807 0.0271927 0.0025234 0.0262651 0.0000000 0.0182045 0.0067493 0.0000000 0.0221054 0.0513648
 34 A  34 0.2180840 0.0000000 0.5793784 0.0353602 0.0000000 0.0000000 0.0079832 0.0000000 0.0000000 0.0000000 0.0000000 0.0108757 0.0000000 0.0000000 0.0000000 0.1178489 0.0153943 0.0000000 0.0000000 0.0150752
 35 P  35 0.0538185 0.0000000 0.0000000 0.0000000 0.0000000 0.0032862 0.0129733 0.0107546 0.0000000 0.0435160 0.0667723 0.0000000 0.0061792 0.0000000 0.7919882 0.0023720 0.0064854 0.0000000 0.0000000 0.0018544
 36 A  36 0.2739713 0.0036946 0.0000000 0.0094486 0.0000000 0.0187246 0.0355744 0.0132478 0.0000000 0.0107495 0.1247380 0.0429705 0.0186488 0.0023677 0.0000000 0.1816630 0.2304534 0.0000000 0.0000000 0.0337477
 37 C  37 0.0000000 0.0000000 0.0000000 0.0028864 0.9713302 0.0000000 0.0000000 0.0000000 0.0062526 0.0000000 0.0000000 0.0000000 0.0000000 0.0000000 0.0000000 0.0045565 0.0000000 0.0000000 0.0149743 0.0000000
 38 G  38 0.0000000 0.0000000 0.0000000 0.0000000 0.0000000 0.0000000 0.0000000 0.9850257 0.0000000 0.0149743 0.0000000 0.0000000 0.0000000 0.0000000 0.0000000 0.0000000 0.0000000 0.0000000 0.0000000 0.0000000
 39 D  39 0.0000000 0.0000000 0.0000000 0.9804692 0.0000000 0.0000000 0.0195308 0.0000000 0.0000000 0.0000000 0.0000000 0.0000000 0.0000000 0.0000000 0.0000000 0.0000000 0.0000000 0.0000000 0.0000000 0.0000000
 40 V  40 0.1108953 0.0894498 0.0113037 0.0356472 0.0000000 0.0630640 0.1580889 0.0000000 0.0156339 0.0667002 0.0110682 0.0180093 0.0315966 0.0000000 0.0000000 0.0301051 0.0456494 0.0000000 0.0063807 0.3064078
 41 M  41 0.0000000 0.0000000 0.0000000 0.0000000 0.0117712 0.0000000 0.0000000 0.0000000 0.0000000 0.2850354 0.2068544 0.0000000 0.3291722 0.0029216 0.0016673 0.0000000 0.0073926 0.0000000 0.0027458 0.1524396
 42 K  42 0.0136544 0.1707692 0.0137111 0.0144700 0.0026799 0.0622623 0.0723889 0.0000000 0.0295344 0.0101787 0.0247350 0.2824665 0.0139248 0.0000000 0.0000000 0.0368101 0.2191244 0.0035569 0.0036021 0.0261315
 43 L  43 0.0000000 0.0000000 0.0000000 0.0000000 0.0000000 0.0000000 0.0000000 0.0000000 0.0000000 0.1940236 0.6145809 0.0000000 0.0448719 0.0203379 0.0000000 0.0000000 0.0000000 0.0000000 0.0036372 0.1225486
 44 Q  44 0.0158465 0.0992924 0.0029342 0.0463438 0.0000000 0.3096120 0.0330314 0.0025601 0.0315117 0.0000000 0.0065987 0.0000000 0.0311901 0.0836221 0.0000000 0.0375848 0.0899487 0.0132764 0.1867192 0.0099280
 45 I  45 0.0100290 0.0000000 0.0000000 0.0000000 0.0000000 0.0000000 0.0000000 0.0000000 0.0000000 0.3290142 0.3618470 0.0000000 0.0437340 0.0131753 0.0000000 0.0000000 0.0000000 0.0105165 0.0000000 0.2316839
 46 K  46 0.0430645 0.1191275 0.0157158 0.0329273 0.0000000 0.0864840 0.0454016 0.0000000 0.0191002 0.0034308 0.0295639 0.5592595 0.0038228 0.0027986 0.0000000 0.0122942 0.0092108 0.0000000 0.0018743 0.0159240
 47 V  47 0.0000000 0.0000000 0.0000000 0.0000000 0.0018162 0.0000000 0.0000000 0.0000000 0.0000000 0.2214647 0.1972274 0.0000000 0.0175101 0.0300572 0.0000000 0.0000000 0.0048311 0.0000000 0.0074163 0.5196769
 48 N  48 0.0216372 0.0239351 0.1236343 0.3603480 0.0000000 0.0252274 0.2173865 0.0342487 0.0000000 0.0000000 0.0012088 0.0912179 0.0000000 0.0000000 0.0000000 0.0885600 0.0072346 0.0000000 0.0000000 0.0053616
 49 D  49 0.0235173 0.0029017 0.0604140 0.4730736 0.0000000 0.0038414 0.1477898 0.1270868 0.0129103 0.0000000 0.0000000 0.0300096 0.0000000 0.0000000 0.1054663 0.0060530 0.0014271 0.0000000 0.0055092 0.0000000
 50 E  50 0.0293015 0.0023949 0.2301542 0.3530766 0.0000000 0.0473275 0.1290034 0.0164761 0.0129527 0.0038087 0.0000000 0.0937361 0.0009731 0.0000000 0.0056352 0.0308534 0.0433173 0.0000000 0.0009892 0.0000000
 51 G  51 0.0099288 0.0305283 0.0344928 0.0764635 0.0000000 0.0555358 0.0452718 0.6201057 0.0025237 0.0000000 0.0017663 0.0347215 0.0013065 0.0000000 0.0149333 0.0224249 0.0470163 0.0000000 0.0029808 0.0000000
 52 I  52 0.0000000 0.1493046 0.0066871 0.0027764 0.0062004 0.0121022 0.0046532 0.0082887 0.0133658 0.2073811 0.0186430 0.1854086 0.0103008 0.0025091 0.0000000 0.0022475 0.1123889 0.0000000 0.0000000 0.2577425
 53 I  53 0.0000000 0.0000000 0.0000000 0.0000000 0.0000000 0.0000000 0.0000000 0.0000000 0.0061587 0.7548038 0.0167900 0.0000000 0.0000000 0.0000000 0.0000000 0.0000000 0.0000000 0.0000000 0.0000000 0.2222475
 54 E  54 0.1270817 0.0324856 0.0099014 0.0377459 0.0000000 0.0406182 0.2806116 0.0037265 0.0018535 0.0272602 0.0421740 0.1025327 0.0161915 0.0000000 0.0000000 0.0653128 0.1214394 0.0000000 0.0000000 0.0910649
 55 D  55 0.0314314 0.0174159 0.0321769 0.7475065 0.0000000 0.0149334 0.1114772 0.0121898 0.0034908 0.0000000 0.0022700 0.0179178 0.0000000 0.0017574 0.0000000 0.0035871 0.0000000 0.0000000 0.0038459 0.0000000
 56 A  56 0.3723223 0.0000000 0.0000000 0.0000000 0.0177850 0.0000000 0.0000000 0.0100110 0.0000000 0.2176179 0.0293616 0.0000000 0.0000000 0.0000000 0.0000000 0.0173979 0.0020348 0.0000000 0.0000000 0.3334695
 57 R  57 0.1082605 0.1713146 0.0062237 0.0000000 0.0223397 0.0164272 0.0000000 0.0399932 0.0055201 0.0000000 0.0000000 0.3846189 0.0028948 0.0000000 0.0000000 0.2047313 0.0247197 0.0067027 0.0027945 0.0034591
 58 F  58 0.0000000 0.0000000 0.0000000 0.0000000 0.0000000 0.0056786 0.0000000 0.0000000 0.0082526 0.0081853 0.0000000 0.0000000 0.0000000 0.8113408 0.0000000 0.0000000 0.0000000 0.0376264 0.1202246 0.0086917
 59 K  59 0.0125307 0.0381062 0.0155854 0.0990913 0.0000000 0.1343962 0.1385118 0.0000000 0.0093362 0.0066125 0.0481208 0.3475218 0.0102506 0.0000000 0.0000000 0.0436225 0.0591226 0.0107200 0.0000000 0.0264714
 60 T  60 0.0363169 0.0000000 0.0064588 0.0064360 0.0000000 0.0000000 0.0000000 0.4201872 0.0000000 0.0111728 0.0000000 0.0000000 0.0000000 0.0000000 0.0000000 0.0417774 0.4437041 0.0000000 0.0000000 0.0339470
 61 Y  61 0.0075744 0.0339544 0.0082548 0.0564550 0.0036282 0.0975323 0.0993058 0.0000000 0.0409708 0.0022309 0.0061927 0.0415884 0.0049864 0.3894867 0.0000000 0.0525213 0.0153244 0.0000000 0.1154813 0.0245120
 62 G  62 0.0000000 0.0000000 0.0000000 0.0000000 0.0000000 0.0000000 0.0000000 0.9939950 0.0000000 0.0000000 0.0000000 0.0000000 0.0000000 0.0000000 0.0000000 0.0060050 0.0000000 0.0000000 0.0000000 0.0000000
 63 C  63 0.0000000 0.0000000 0.0000000 0.0000000 1.0000000 0.0000000 0.0000000 0.0000000 0.0000000 0.0000000 0.0000000 0.0000000 0.0000000 0.0000000 0.0000000 0.0000000 0.0000000 0.0000000 0.0000000 0.0000000
 64 G  64 0.3095593 0.0000000 0.0000000 0.0000000 0.0155568 0.0000000 0.0000000 0.3739108 0.0000000 0.0046359 0.0021489 0.0000000 0.0000000 0.0000000 0.0117599 0.1944534 0.0751910 0.0000000 0.0000000 0.0127840
 65 S  65 0.1426252 0.0000000 0.0000000 0.0060949 0.0000000 0.0000000 0.0000000 0.0092916 0.0000000 0.4414949 0.0000000 0.0000000 0.0000000 0.0000000 0.0000000 0.3639295 0.0212323 0.0000000 0.0000000 0.0153314
 66 A  66 0.5079780 0.0000000 0.0199274 0.0039795 0.0203672 0.0000000 0.0000000 0.0000000 0.0000000 0.0000000 0.0064360 0.0000000 0.0000000 0.0000000 0.0000000 0.4278937 0.0134183 0.0000000 0.0000000 0.0000000
 67 I  67 0.0000000 0.0060563 0.0000000 0.0000000 0.0085004 0.2574801 0.0000000 0.0000000 0.0000000 0.5086175 0.0229621 0.0148657 0.0808911 0.0055635 0.0000000 0.0000000 0.0517439 0.0000000 0.0000000 0.0433194
 68 A  68 0.9341189 0.0000000 0.0000000 0.0000000 0.0000000 0.0000000 0.0000000 0.0000000 0.0000000 0.0000000 0.0000000 0.0116584 0.0000000 0.0000000 0.0000000 0.0542227 0.0000000 0.0000000 0.0000000 0.0000000
 69 S  69 0.0963138 0.0000000 0.0000000 0.0000000 0.0128151 0.0000000 0.0000000 0.0000000 0.0000000 0.0000000 0.0060949 0.0000000 0.0055635 0.0000000 0.0000000 0.7622000 0.1061699 0.0000000 0.0000000 0.0108428
 70 S  70 0.3581970 0.0000000 0.0000000 0.0000000 0.0000000 0.0000000 0.0000000 0.0182547 0.0000000 0.0024116 0.0061587 0.0000000 0.0000000 0.0000000 0.0000000 0.4629209 0.1352928 0.0000000 0.0000000 0.0167643
 71 S  71 0.0070180 0.0000000 0.0000000 0.0380785 0.0000000 0.0000000 0.0036640 0.0000000 0.0055635 0.0000000 0.0000000 0.0060949 0.0064360 0.0060050 0.0000000 0.9236097 0.0000000 0.0000000 0.0035304 0.0000000
 72 L  72 0.0796854 0.0000000 0.0000000 0.0000000 0.0000000 0.0019775 0.0064360 0.0000000 0.0000000 0.0991688 0.2220910 0.0000000 0.3388505 0.0037784 0.0000000 0.0000000 0.0099451 0.0000000 0.0610406 0.1770266
 73 V  73 0.1727928 0.0000000 0.0000000 0.0000000 0.0000000 0.0000000 0.0000000 0.0034560 0.0000000 0.0194737 0.3068798 0.0000000 0.3333864 0.0116584 0.0000000 0.0068853 0.0406913 0.0000000 0.0064360 0.0983403
 74 T  74 0.0509642 0.0000000 0.0153347 0.0000000 0.0136085 0.0000000 0.0000000 0.0024064 0.0106502 0.0226739 0.0137524 0.0000000 0.0039581 0.0037127 0.0000000 0.1118435 0.7432322 0.0000000 0.0063945 0.0014688
 75 E  75 0.0031233 0.0043906 0.0077594 0.1913417 0.0000000 0.0474432 0.6712926 0.0123798 0.0000000 0.0024345 0.0020190 0.0049465 0.0000000 0.0000000 0.0000000 0.0079552 0.0192731 0.0000000 0.0000000 0.0256411
 76 W  76 0.1299328 0.0327650 0.0016206 0.0036091 0.0000000 0.0372094 0.0434593 0.0000000 0.0018278 0.0445931 0.3140987 0.0158847 0.1780909 0.0027512 0.0000000 0.0194778 0.0175158 0.1346461 0.0014098 0.0211079
 77 V  77 0.0846968 0.0000000 0.0000000 0.0000000 0.0169962 0.0000000 0.0000000 0.0000000 0.0000000 0.2803338 0.1703609 0.0000000 0.0261119 0.0000000 0.0000000 0.0018757 0.0105330 0.0000000 0.0000000 0.4090917
 78 K  78 0.0052936 0.0711956 0.0043651 0.0000000 0.0000000 0.0296108 0.0236670 0.0000000 0.0060098 0.1473310 0.0255576 0.5737359 0.0226350 0.0000000 0.0121419 0.0033175 0.0161193 0.0000000 0.0019039 0.0571158
 79 G  79 0.0000000 0.0027094 0.0161865 0.0111317 0.0000000 0.0035429 0.0037085 0.9523620 0.0000000 0.0000000 0.0000000 0.0045398 0.0000000 0.0000000 0.0000000 0.0058192 0.0000000 0.0000000 0.0000000 0.0000000
 80 K  80 0.0058345 0.0601274 0.0000000 0.0000000 0.0000000 0.0432387 0.0028648 0.0000000 0.0158196 0.0038796 0.0395718 0.6964905 0.1079548 0.0000000 0.0000000 0.0119178 0.0090452 0.0000000 0.0000000 0.0032554
 81 S  81 0.0080606 0.0115785 0.0231870 0.0408858 0.0000000 0.0066817 0.0252271 0.0081219 0.0216092 0.0027277 0.0037263 0.0281402 0.0000000 0.0000000 0.0755522 0.1691969 0.5753050 0.0000000 0.0000000 0.0000000
 82 L  82 0.0069785 0.0146338 0.0000000 0.0000000 0.0139262 0.0044457 0.0194595 0.0000000 0.0000000 0.1822607 0.3906289 0.0460729 0.0079514 0.0048406 0.0089740 0.0025722 0.0139685 0.0030250 0.0132303 0.2670318
 83 D  83 0.1021220 0.0057340 0.0253473 0.3335688 0.0000000 0.0240408 0.3458276 0.0294528 0.0033179 0.0013312 0.0030716 0.0305532 0.0000000 0.0033023 0.0308677 0.0372026 0.0145874 0.0012764 0.0030014 0.0053949
 84 E  84 0.0132160 0.0030936 0.0050456 0.1154432 0.0000000 0.0867574 0.7314796 0.0000000 0.0068987 0.0000000 0.0000000 0.0076333 0.0000000 0.0000000 0.0000000 0.0020754 0.0072920 0.0000000 0.0185570 0.0025083
 85 A  85 0.8221940 0.0000000 0.0000000 0.0073408 0.0051706 0.0030605 0.0015583 0.0081248 0.0000000 0.0205719 0.0215422 0.0000000 0.0000000 0.0028180 0.0025701 0.0115968 0.0078877 0.0000000 0.0000000 0.0855642
 86 Q  86 0.0685419 0.0326152 0.0010983 0.0189518 0.0018366 0.0427369 0.1047118 0.0291624 0.0083163 0.0167804 0.4018125 0.0825228 0.0617101 0.0203143 0.0000000 0.0282546 0.0128648 0.0315921 0.0172178 0.0189592
 87 A  87 0.1624636 0.0621335 0.0404135 0.0589325 0.0000000 0.1076284 0.1512356 0.0238830 0.0182652 0.0044408 0.0121727 0.2545849 0.0092227 0.0000000 0.0017757 0.0300049 0.0535483 0.0000000 0.0000000 0.0092948
 88 I  88 0.0000000 0.0000000 0.0000000 0.0000000 0.0000000 0.0023327 0.0044133 0.0000000 0.0000000 0.4127017 0.4181133 0.0015732 0.0498982 0.0160735 0.0000000 0.0000000 0.0113002 0.0000000 0.0017341 0.0818599
 89 K  89 0.0197611 0.0306140 0.0114751 0.0599998 0.0024304 0.0210949 0.0307405 0.1940797 0.0073980 0.0084628 0.0088055 0.1856706 0.0020107 0.0328706 0.0024881 0.0778234 0.2648343 0.0000000 0.0080177 0.0314227
 90 N  90 0.0104684 0.0411534 0.4151987 0.2703077 0.0000000 0.0179959 0.0673153 0.0131552 0.0239768 0.0000000 0.0048531 0.0538671 0.0000000 0.0049099 0.0328222 0.0085060 0.0096640 0.0150688 0.0059562 0.0047813
 91 T  91 0.1207268 0.0494435 0.0207800 0.0867149 0.0024402 0.0656224 0.0758058 0.0500296 0.0069805 0.0509494 0.0678851 0.1503266 0.0202994 0.0000000 0.0000000 0.0384093 0.1863217 0.0000000 0.0000000 0.0072648
 92 D  92 0.1390060 0.0046709 0.0022439 0.3287372 0.0000000 0.0834948 0.1630918 0.0000000 0.0069245 0.0377488 0.0013620 0.0090496 0.0117670 0.1388077 0.0000000 0.0098299 0.0195960 0.0000000 0.0048118 0.0388579
 93 I  93 0.1623429 0.0026208 0.0000000 0.0000000 0.0034222 0.0000000 0.0000000 0.0000000 0.0000000 0.4157883 0.0636491 0.0000000 0.0269707 0.0179378 0.0000000 0.0098773 0.0025803 0.0000000 0.0000000 0.2948105
 94 A  94 0.3808987 0.0000000 0.0000000 0.0000000 0.0012240 0.0000000 0.0119922 0.0000000 0.0000000 0.0303479 0.2869204 0.0000000 0.0237789 0.1298861 0.0027041 0.0173694 0.0330526 0.0000000 0.0098946 0.0719311
 95 E  95 0.1636187 0.0133152 0.0177212 0.1343112 0.0018550 0.0887692 0.2601765 0.0226118 0.0108656 0.0000000 0.0000000 0.1627753 0.0069699 0.0000000 0.0000000 0.0911601 0.0207788 0.0000000 0.0000000 0.0050715
 96 E  96 0.1679780 0.0000000 0.0230912 0.0090362 0.0000000 0.0022220 0.2298583 0.3747304 0.0388968 0.0000000 0.0177878 0.0064314 0.0053750 0.0343529 0.0000000 0.0170426 0.0074417 0.0047719 0.0559018 0.0050819
 97 L  97 0.0000000 0.0000000 0.0000000 0.0000000 0.0000000 0.0000000 0.0000000 0.0154353 0.0000000 0.0672739 0.5374329 0.0000000 0.0038758 0.0000000 0.0101940 0.0000000 0.0025264 0.0000000 0.0000000 0.3632618
 98 E  98 0.1642664 0.0496124 0.0250597 0.1082832 0.0517431 0.0094995 0.0552813 0.2180146 0.0136174 0.0023313 0.0035346 0.0421794 0.0139149 0.0000000 0.0000000 0.2332125 0.0040613 0.0024374 0.0000000 0.0029508
 99 L  99 0.0175260 0.0151351 0.0137217 0.0124424 0.0000000 0.0671033 0.0472200 0.0082649 0.0148360 0.0397877 0.5427671 0.1977457 0.0000000 0.0000000 0.0000000 0.0035830 0.0000000 0.0000000 0.0000000 0.0198671
100 P 100 0.0000000 0.0000000 0.0000000 0.0000000 0.0000000 0.0049035 0.0048435 0.0114862 0.0000000 0.0049737 0.0274448 0.0000000 0.0278375 0.2105452 0.5368519 0.0280550 0.0121933 0.0000000 0.1308655 0.0000000
101 P 101 0.0258321 0.0061153 0.0000000 0.0197520 0.0000000 0.0066324 0.0870923 0.0010574 0.0048338 0.0000000 0.0047719 0.0205808 0.0019380 0.0000000 0.8106809 0.0057795 0.0033539 0.0000000 0.0000000 0.0015797
102 V 102 0.3266952 0.0014132 0.0365116 0.0067657 0.0000000 0.0733541 0.0870961 0.0072654 0.0147680 0.0263614 0.0000000 0.0052064 0.0448391 0.0040488 0.0019818 0.0316675 0.0171864 0.0000000 0.0000000 0.3148395
103 K 103 0.0000000 0.4632008 0.0000000 0.0000000 0.0000000 0.0000000 0.0000000 0.0000000 0.0000000 0.0000000 0.0000000 0.5260770 0.0000000 0.0000000 0.0000000 0.0107223 0.0000000 0.0000000 0.0000000 0.0000000
104 I 104 0.0055565 0.0031112 0.0000000 0.0000000 0.0000000 0.0087187 0.0043280 0.0033276 0.0000000 0.2937519 0.1621017 0.0185770 0.1583122 0.0087959 0.0096735 0.0032696 0.0021130 0.0000000 0.0157632 0.3025999
105 H 105 0.0000000 0.0135055 0.0061331 0.0061624 0.0000000 0.0000000 0.0062453 0.0000000 0.5189368 0.0000000 0.0025716 0.4437425 0.0000000 0.0000000 0.0027028 0.0000000 0.0000000 0.0000000 0.0000000 0.0000000
106 C 106 0.0149570 0.0000000 0.0000000 0.0000000 0.9850430 0.0000000 0.0000000 0.0000000 0.0000000 0.0000000 0.0000000 0.0000000 0.0000000 0.0000000 0.0000000 0.0000000 0.0000000 0.0000000 0.0000000 0.0000000
107 A 107 0.4537359 0.0000000 0.0000000 0.0000000 0.0066794 0.0000000 0.0000000 0.0000000 0.0000000 0.0000000 0.0000000 0.0000000 0.0000000 0.0046387 0.0000000 0.5120201 0.0229259 0.0000000 0.0000000 0.0000000
108 I 108 0.0083489 0.0000000 0.0764935 0.0000000 0.0000000 0.0030930 0.0000000 0.0000000 0.0000000 0.0694340 0.2002727 0.0000000 0.1274709 0.0160890 0.0000000 0.0138811 0.2126422 0.0000000 0.0000000 0.2722747
109 L 109 0.0000000 0.0000000 0.0000000 0.0000000 0.0000000 0.0000000 0.0000000 0.0000000 0.0000000 0.0112263 0.8890361 0.0018978 0.0936344 0.0000000 0.0000000 0.0000000 0.0000000 0.0000000 0.0000000 0.0042054
110 A 110 0.5894752 0.0000000 0.0000000 0.0000000 0.0070021 0.0000000 0.0000000 0.2461101 0.0000000 0.0184973 0.0000000 0.0000000 0.0000000 0.0000000 0.0305524 0.1023979 0.0036434 0.0000000 0.0000000 0.0023216
111 E 111 0.0728653 0.0342784 0.0000000 0.0258736 0.0000000 0.0498925 0.3044794 0.0000000 0.0021219 0.0103333 0.0454089 0.0011830 0.0039897 0.0047932 0.0000000 0.0000000 0.0031036 0.3953847 0.0138726 0.0324201
112 D 112 0.0065942 0.0255551 0.0507283 0.2668987 0.0000000 0.0303558 0.1559416 0.0123827 0.1290975 0.0000000 0.0048577 0.1873139 0.0714699 0.0000000 0.0000000 0.0367097 0.0050175 0.0139956 0.0000000 0.0030819
113 A 113 0.7407802 0.0017966 0.0000000 0.0000000 0.0024381 0.0000000 0.0000000 0.0273041 0.0000000 0.0067220 0.0000000 0.0000000 0.0000000 0.0000000 0.0000000 0.0039695 0.1473822 0.0000000 0.0000000 0.0696072
114 I 114 0.0278700 0.0000000 0.0000000 0.0000000 0.0051641 0.0000000 0.0000000 0.0000000 0.0000000 0.2742523 0.4780964 0.0000000 0.0484426 0.0712552 0.0000000 0.0031530 0.0042231 0.0226849 0.0058517 0.0590066
115 K 115 0.0061798 0.1076046 0.0199426 0.0168523 0.0000000 0.1107982 0.1701034 0.0045634 0.1058114 0.0019310 0.0126916 0.4080853 0.0041049 0.0000000 0.0062098 0.0021667 0.0111137 0.0000000 0.0064335 0.0054079
116 A 116 0.4235786 0.0397757 0.0301815 0.1249296 0.0000000 0.0516114 0.0580970 0.0036588 0.0100050 0.0000000 0.0151363 0.1375937 0.0047401 0.0024767 0.0000000 0.0748812 0.0032189 0.0000000 0.0036059 0.0165095
117 A 117 0.8362827 0.0000000 0.0000000 0.0000000 0.0099285 0.0000000 0.0040429 0.1124742 0.0000000 0.0090972 0.0057294 0.0000000 0.0072685 0.0000000 0.0000000 0.0060146 0.0037716 0.0000000 0.0000000 0.0053905
118 I 118 0.0408302 0.0000000 0.0000000 0.0000000 0.0000000 0.0000000 0.0000000 0.0000000 0.0000000 0.4525254 0.2974598 0.0000000 0.0050908 0.0059843 0.0000000 0.0021328 0.0302748 0.0000000 0.0000000 0.1657019
119 A 119 0.2069453 0.0519410 0.1161621 0.0617549 0.0000000 0.0369148 0.1387076 0.0066973 0.0375975 0.0051593 0.0117434 0.1578370 0.0076471 0.0090176 0.0000000 0.0652681 0.0163840 0.0129000 0.0405044 0.0168185
120 D 120 0.0140938 0.0108700 0.1899981 0.4506828 0.0018167 0.0911370 0.0985792 0.0073544 0.0094348 0.0253303 0.0039572 0.0544696 0.0000000 0.0012092 0.0039478 0.0177113 0.0166940 0.0000000 0.0027138 0.0000000
121 Y 121 0.0587491 0.0017396 0.0069642 0.0124859 0.0000000 0.0101544 0.0332394 0.0000000 0.0167252 0.0288769 0.0261814 0.0264816 0.0058589 0.0410125 0.0000000 0.0166971 0.0107277 0.0217773 0.6772834 0.0050454
122 K 122 0.0237210 0.2641160 0.0198842 0.0029632 0.0026271 0.0816345 0.1239125 0.0100978 0.0107093 0.0101893 0.1215898 0.1883678 0.0148339 0.0095970 0.0109704 0.0090086 0.0064029 0.0039905 0.0756281 0.0097562
123 S 123 0.0856620 0.0354110 0.0364453 0.0195154 0.0000000 0.0617255 0.1303871 0.1994825 0.0055939 0.0160654 0.0199402 0.1395287 0.0075249 0.0263383 0.0023692 0.1291016 0.0527191 0.0000000 0.0000000 0.0321900
124 K 124 0.0058034 0.1022961 0.0065516 0.0573934 0.0000000 0.0033899 0.1681672 0.0120015 0.0025843 0.0033932 0.0031317 0.5899131 0.0000000 0.0000000 0.0021290 0.0263202 0.0150032 0.0000000 0.0000000 0.0019221
125 R 125 0.0454445 0.1502106 0.1130957 0.0040743 0.0000000 0.3019694 0.0553588 0.0000000 0.1385360 0.0109296 0.0202417 0.1145377 0.0092871 0.0027806 0.0023977 0.0099109 0.0088019 0.0046158 0.0000000 0.0078078
126 E 126 0.0799808 0.0269726 0.1055177 0.1333571 0.0000000 0.0844797 0.2006124 0.1981086 0.0035566 0.0000000 0.0052217 0.0840827 0.0000000 0.0000000 0.0160405 0.0265517 0.0214800 0.0037837 0.0000000 0.0102543
127 A 127 0.1803940 0.0163785 0.0310497 0.0067035 0.0000000 0.0544359 0.0459393 0.1319913 0.0079249 0.0337279 0.1603047 0.0729793 0.0470967 0.0000000 0.0234352 0.1218075 0.0305485 0.0000000 0.0000000 0.0352831
128 K 128 0.0000000 0.0740100 0.0000000 0.0000000 0.0000000 0.0445940 0.4722713 0.0000000 0.0000000 0.0000000 0.0000000 0.4091247 0.0000000 0.0000000 0.0000000 0.0000000 0.0000000 0.0000000 0.0000000 0.0000000
