  148         A         R         N         D         C         Q         E         G         H         I         L         K         M         F         P         S         T         W         Y         V    
  1 A   1 0.9322518 0.0000000 0.0000000 0.0000000 0.0000000 0.0000000 0.0000000 0.0000000 0.0000000 0.0000000 0.0000000 0.0000000 0.0000000 0.0000000 0.0000000 0.0677482 0.0000000 0.0000000 0.0000000 0.0000000
  2 D   2 0.0094341 0.1030167 0.0351264 0.2379011 0.0000000 0.0532095 0.3398162 0.0321897 0.0499932 0.0028403 0.0054379 0.1039612 0.0000000 0.0000000 0.0000000 0.0129599 0.0101698 0.0000000 0.0000000 0.0039441
  3 Q   3 0.0159456 0.0520397 0.1235136 0.0411298 0.0261361 0.1207661 0.2639412 0.0226733 0.0868010 0.0017181 0.0193310 0.0628597 0.0021137 0.0441112 0.0022882 0.0900281 0.0139869 0.0027950 0.0032721 0.0045497
  4 L   4 0.0000000 0.0000000 0.0000000 0.0000000 0.0020127 0.0000000 0.0000000 0.0000000 0.0000000 0.0350463 0.8234305 0.0000000 0.0270606 0.1040749 0.0000000 0.0000000 0.0017681 0.0026587 0.0000000 0.0039481
  5 T   5 0.0056194 0.0258092 0.0610812 0.0364295 0.0022342 0.0013194 0.0119595 0.0152961 0.0000000 0.0021065 0.0204224 0.0050689 0.0015714 0.0000000 0.0357932 0.4201699 0.3517661 0.0000000 0.0000000 0.0033532
  6 E   6 0.0420792 0.0134692 0.0284572 0.1110205 0.0000000 0.0821357 0.4849743 0.0102677 0.0045820 0.0044777 0.0132820 0.0754172 0.0050272 0.0014985 0.0685759 0.0049755 0.0188896 0.0000000 0.0013063 0.0295642
  7 E   7 0.0319496 0.0026275 0.0115695 0.1847261 0.0000000 0.0506349 0.6068845 0.0106048 0.0011634 0.0052908 0.0039430 0.0238148 0.0025096 0.0017758 0.0037042 0.0274124 0.0245000 0.0000000 0.0019356 0.0049536
  8 Q   8 0.0021344 0.0111791 0.0042814 0.0204975 0.0000000 0.5657171 0.3212823 0.0000000 0.0037344 0.0000000 0.0087559 0.0345244 0.0104651 0.0000000 0.0049108 0.0026487 0.0070129 0.0000000 0.0000000 0.0028562
  9 I   9 0.0124570 0.0474097 0.0026473 0.0051438 0.0012233 0.0241054 0.0256690 0.0022030 0.0020904 0.4514561 0.0896655 0.1460014 0.0369819 0.0017634 0.0028328 0.0000000 0.0157522 0.0000000 0.0069997 0.1255983
 10 A  10 0.2647967 0.0369517 0.0432248 0.0515827 0.0024388 0.1595090 0.1605503 0.0223730 0.0131425 0.0122603 0.0135848 0.0887142 0.0146531 0.0019743 0.0000000 0.0626932 0.0181141 0.0000000 0.0000000 0.0334366
 11 E  11 0.0113900 0.0036491 0.0074601 0.1017483 0.0000000 0.0317894 0.5972538 0.1466309 0.0116955 0.0051513 0.0126346 0.0160441 0.0078907 0.0014313 0.0020958 0.0125824 0.0000000 0.0029155 0.0000000 0.0276372
 12 F  12 0.0104112 0.0000000 0.0000000 0.0000000 0.0000000 0.0030711 0.0000000 0.0000000 0.0000000 0.2552972 0.3042107 0.0000000 0.0320594 0.2806242 0.0000000 0.0000000 0.0028521 0.0000000 0.1015723 0.0099018
 13 K  13 0.0067535 0.2754776 0.0052456 0.0000000 0.0016800 0.0505318 0.0167102 0.0051418 0.0084937 0.0062226 0.0186322 0.5514989 0.0028119 0.0027542 0.0000000 0.0063239 0.0076395 0.0080663 0.0239058 0.0021103
 14 E  14 0.0553130 0.0236109 0.0282473 0.1102228 0.0000000 0.0594127 0.6287786 0.0094812 0.0029102 0.0037975 0.0060625 0.0395584 0.0010645 0.0026377 0.0000000 0.0040963 0.0140778 0.0022211 0.0000000 0.0085073
 15 A  15 0.6718799 0.0000000 0.0000000 0.0022709 0.0280342 0.0040460 0.0000000 0.0129323 0.0000000 0.0259066 0.0217536 0.0051585 0.1342039 0.0029266 0.0000000 0.0078481 0.0281066 0.0000000 0.0015395 0.0533933
 16 F  16 0.0000000 0.0000000 0.0000000 0.0000000 0.0000000 0.0000000 0.0000000 0.0000000 0.0000000 0.0064988 0.0078716 0.0000000 0.0000000 0.9791253 0.0000000 0.0000000 0.0000000 0.0000000 0.0065043 0.0000000
 17 S  17 0.0757145 0.0990383 0.0795693 0.1285524 0.0165927 0.0727137 0.0936384 0.0123322 0.0116998 0.0036596 0.0135663 0.1410638 0.0215528 0.0020862 0.0000000 0.1884428 0.0334572 0.0019825 0.0000000 0.0043375
 18 L  18 0.0308438 0.0189431 0.0329566 0.0021071 0.0114131 0.0126358 0.0473047 0.0080306 0.0083273 0.0518933 0.4562863 0.0189366 0.1143603 0.0172812 0.0000000 0.0421564 0.0181909 0.0022820 0.0300529 0.0759979
 19 F  19 0.0057423 0.0000000 0.0000000 0.0000000 0.0000000 0.0000000 0.0000000 0.0000000 0.0000000 0.0889014 0.0371669 0.0000000 0.1179443 0.6816217 0.0000000 0.0061749 0.0000000 0.0000000 0.0452831 0.0171653
 20 D  20 0.0046916 0.0019694 0.0045230 0.9675172 0.0000000 0.0027751 0.0043277 0.0028426 0.0000000 0.0000000 0.0000000 0.0000000 0.0000000 0.0000000 0.0000000 0.0029103 0.0038383 0.0000000 0.0000000 0.0046047
 21 K  21 0.0340920 0.0990516 0.0095953 0.0123371 0.0000000 0.0463051 0.0272087 0.0013897 0.0083905 0.0233464 0.0212343 0.3547220 0.0266444 0.0000000 0.0110190 0.0311563 0.2561163 0.0000000 0.0000000 0.0373913
 22 D  22 0.0051427 0.0126846 0.1619938 0.6339717 0.0000000 0.0132854 0.0815620 0.0121064 0.0071812 0.0000000 0.0000000 0.0299235 0.0000000 0.0000000 0.0000000 0.0127400 0.0198836 0.0000000 0.0000000 0.0095251
 23 G  23 0.0136471 0.0627197 0.1835976 0.0083854 0.0129371 0.0339402 0.0271081 0.4596688 0.0181285 0.0018339 0.0029139 0.1309199 0.0000000 0.0000000 0.0014516 0.0379225 0.0000000 0.0000000 0.0015367 0.0032892
 24 D  24 0.0031793 0.0307636 0.0979348 0.4484581 0.0000000 0.0045934 0.0163544 0.0152105 0.0000000 0.0021551 0.0000000 0.0356476 0.0000000 0.0000000 0.0000000 0.2680973 0.0750191 0.0000000 0.0000000 0.0025868
 25 G  25 0.0028553 0.0047398 0.0145731 0.0031834 0.0019691 0.0068039 0.0094171 0.9397604 0.0019808 0.0000000 0.0000000 0.0031756 0.0040205 0.0000000 0.0000000 0.0056771 0.0000000 0.0000000 0.0018437 0.0000000
 26 T  26 0.0491286 0.0488724 0.0194925 0.0158083 0.0475350 0.0252816 0.0124253 0.0000000 0.0283208 0.0139418 0.0176968 0.1474927 0.0136999 0.0940600 0.0047082 0.0896582 0.2374196 0.0000000 0.1100672 0.0243911
 27 I  27 0.0030095 0.0000000 0.0000000 0.0000000 0.0000000 0.0000000 0.0000000 0.0000000 0.0000000 0.8693615 0.0533709 0.0000000 0.0134491 0.0000000 0.0000000 0.0000000 0.0039082 0.0000000 0.0000000 0.0569008
 28 T  28 0.0206317 0.0067383 0.0580262 0.1849910 0.0007321 0.0147703 0.0259935 0.0193557 0.0121451 0.0018484 0.0132027 0.0264094 0.0034947 0.0000000 0.0112431 0.1717943 0.4256087 0.0000000 0.0000000 0.0030148
 29 T  29 0.1460494 0.0196910 0.0100414 0.0000000 0.0191066 0.0114352 0.0158698 0.0079095 0.0040150 0.0748621 0.0589137 0.0574492 0.0197599 0.0890705 0.0234983 0.0472549 0.1643547 0.0000000 0.1255970 0.1051220
 30 K  30 0.0474630 0.0595749 0.0209974 0.1225049 0.0000000 0.0492459 0.2203560 0.0255342 0.0624445 0.0010399 0.0146482 0.2487806 0.0007369 0.0007771 0.0060789 0.0809423 0.0253425 0.0012737 0.0009710 0.0112881
 31 E  31 0.0000000 0.0029843 0.0126089 0.1301315 0.0000000 0.0489327 0.7679971 0.0000000 0.0024326 0.0024841 0.0000000 0.0132491 0.0090882 0.0019588 0.0000000 0.0027683 0.0000000 0.0000000 0.0043656 0.0009987
 32 L  32 0.0000000 0.0000000 0.0000000 0.0000000 0.0212525 0.0000000 0.0000000 0.0000000 0.0000000 0.0330465 0.8627442 0.0000000 0.0205746 0.0317047 0.0000000 0.0000000 0.0022359 0.0000000 0.0000000 0.0284417
 33 G  33 0.0528803 0.1279130 0.0210256 0.0031667 0.0006351 0.0185400 0.0286726 0.3547551 0.0189922 0.0137942 0.0205737 0.3017583 0.0050553 0.0015094 0.0028772 0.0210662 0.0026720 0.0000000 0.0025859 0.0015272
 34 T  34 0.1188447 0.0259055 0.0315040 0.0907537 0.0048124 0.0427885 0.0617294 0.0147012 0.0354324 0.0542041 0.0185604 0.0294876 0.0066212 0.0073241 0.0062763 0.0442181 0.2119231 0.0018917 0.0092873 0.1837343
 35 V  35 0.2174710 0.0000000 0.0000000 0.0000000 0.0297619 0.0000000 0.0016789 0.1690415 0.0000000 0.0474406 0.0916099 0.0034732 0.0326468 0.0105322 0.0000000 0.0122231 0.0145542 0.0000000 0.0000000 0.3695668
 36 M  36 0.0166448 0.0022545 0.0000000 0.0000000 0.0110629 0.0000000 0.0000000 0.0000000 0.0000000 0.0457118 0.3497040 0.0022664 0.5161598 0.0332609 0.0000000 0.0011498 0.0049399 0.0000000 0.0024702 0.0143751
 37 R  37 0.0645597 0.5711472 0.0089267 0.0066585 0.0019794 0.0454443 0.0295069 0.0105768 0.0221462 0.0062624 0.0110797 0.1064891 0.0042552 0.0018207 0.0128058 0.0221003 0.0569527 0.0069293 0.0027508 0.0076083
 38 S  38 0.2457482 0.0675100 0.0324621 0.0082116 0.0386024 0.0176720 0.0303233 0.0071904 0.0027471 0.0043841 0.0148776 0.1193936 0.0234843 0.0037214 0.0028517 0.3082846 0.0648156 0.0000000 0.0036255 0.0040943
 39 L  39 0.0021399 0.0000000 0.0027168 0.0000000 0.0040897 0.0185339 0.0022743 0.0000000 0.0070274 0.0447396 0.7409973 0.0068247 0.0591531 0.0344507 0.0000000 0.0031141 0.0041827 0.0000000 0.0176033 0.0521525
 40 G  40 0.0054681 0.0114505 0.0108611 0.0175689 0.0017704 0.0054756 0.0078699 0.9232941 0.0000000 0.0016679 0.0000000 0.0072655 0.0015039 0.0000000 0.0000000 0.0042852 0.0000000 0.0000000 0.0000000 0.0015189
 41 Q  41 0.0378041 0.0206733 0.0024561 0.0233617 0.0088290 0.2575089 0.0823309 0.0181805 0.0539307 0.0188212 0.0615071 0.0432537 0.0225593 0.1572821 0.0083105 0.0941726 0.0311593 0.0073366 0.0436846 0.0068377
 42 N  42 0.0141881 0.0362722 0.3446209 0.0757531 0.0058067 0.0618833 0.1343123 0.0139792 0.0197041 0.0062620 0.0046762 0.1144414 0.0286584 0.0200482 0.0208244 0.0503270 0.0373515 0.0000000 0.0055099 0.0053813
 43 P  43 0.0397671 0.0018504 0.0000000 0.0108595 0.0046594 0.0062494 0.0025528 0.0000000 0.0011607 0.0481342 0.2265952 0.0029500 0.0434330 0.0300160 0.4839432 0.0077121 0.0086386 0.0000000 0.0018806 0.0795978
 44 T  44 0.0245837 0.0275342 0.0194923 0.0338587 0.0000000 0.0050061 0.0132409 0.0068444 0.0076834 0.0043818 0.0126777 0.1289878 0.0092915 0.0000000 0.0500342 0.1785556 0.4714085 0.0000000 0.0000000 0.0064193
 45 E  45 0.0179379 0.0213266 0.0426163 0.1848821 0.0000000 0.0432757 0.4201354 0.0158341 0.0070899 0.0055512 0.0066871 0.1634050 0.0031614 0.0037578 0.0360346 0.0046160 0.0098840 0.0000000 0.0020168 0.0117882
 46 A  46 0.2785624 0.0261553 0.0193549 0.0490781 0.0013369 0.0389861 0.2499575 0.0335926 0.0070211 0.0102635 0.0103680 0.0392395 0.0282272 0.0010615 0.0311599 0.1154546 0.0393503 0.0000000 0.0047329 0.0160977
 47 E  47 0.0009053 0.0073190 0.0031724 0.1239573 0.0042704 0.0545094 0.7343060 0.0029868 0.0088377 0.0026626 0.0000000 0.0127962 0.0043286 0.0023285 0.0010302 0.0029424 0.0170259 0.0000000 0.0111800 0.0054412
 48 L  48 0.0089653 0.0000000 0.0000000 0.0000000 0.0079788 0.0000000 0.0015344 0.0017124 0.0000000 0.2791020 0.4169615 0.0000000 0.0179363 0.0133305 0.0000000 0.0000000 0.0056670 0.0000000 0.0061596 0.2406520
 49 Q  49 0.0320367 0.1181433 0.0225827 0.0901521 0.0012351 0.2313480 0.0960353 0.0074587 0.0188911 0.0282052 0.0948142 0.1886431 0.0097602 0.0071826 0.0000000 0.0104864 0.0125750 0.0018857 0.0229390 0.0056257
 50 D  50 0.0732668 0.0549395 0.0231228 0.2201040 0.0000000 0.1151883 0.2304186 0.0185321 0.0024283 0.0246399 0.0166550 0.1173062 0.0247859 0.0011572 0.0000000 0.0421096 0.0303906 0.0015918 0.0000000 0.0033636
 51 M  51 0.0191203 0.0000000 0.0000000 0.0000000 0.0058743 0.0022444 0.0039779 0.0000000 0.0200591 0.1593993 0.2992098 0.0000000 0.4100787 0.0022512 0.0000000 0.0024447 0.0041019 0.0083485 0.0114430 0.0514469
 52 I  52 0.0180717 0.0019588 0.0000000 0.0000000 0.0044036 0.0051334 0.0020900 0.0018406 0.0016116 0.4173105 0.1384604 0.0116916 0.2355757 0.0308939 0.0000000 0.0279483 0.0098259 0.0000000 0.0052231 0.0879610
 53 N  53 0.1018682 0.0943519 0.1730970 0.0904457 0.0043814 0.0995664 0.1355910 0.0274322 0.0274226 0.0037808 0.0060322 0.1226839 0.0034521 0.0018858 0.0021657 0.0740723 0.0203024 0.0000000 0.0050653 0.0064032
 54 E  54 0.1626682 0.0195320 0.0191729 0.1267427 0.0000000 0.0488552 0.4612511 0.0113075 0.0152865 0.0028821 0.0098159 0.0324818 0.0049231 0.0009952 0.0021341 0.0282011 0.0256872 0.0000000 0.0065751 0.0214882
 55 V  55 0.2658520 0.0000000 0.0030104 0.0000000 0.0026559 0.0014811 0.0061124 0.0145295 0.0324472 0.1404403 0.0396492 0.0012022 0.0107799 0.0412108 0.0202655 0.0083826 0.0069322 0.0000000 0.0466150 0.3584338
 56 D  56 0.0041386 0.0078526 0.0175284 0.8585452 0.0015918 0.0046383 0.0112507 0.0104024 0.0016701 0.0000000 0.0023997 0.0552595 0.0016301 0.0000000 0.0126984 0.0000000 0.0029936 0.0000000 0.0020629 0.0053377
 57 A  57 0.1435807 0.0454241 0.0070498 0.0089586 0.0043369 0.0335651 0.0467911 0.0085215 0.0038823 0.0828017 0.0614594 0.1298917 0.0288153 0.0076389 0.0504635 0.0566791 0.0998524 0.0000000 0.0051008 0.1751870
 58 D  58 0.0027061 0.0135800 0.1065133 0.7030096 0.0000000 0.0083435 0.1052211 0.0105478 0.0070078 0.0016893 0.0000000 0.0117598 0.0000000 0.0019286 0.0049901 0.0097168 0.0117255 0.0000000 0.0000000 0.0012607
 59 G  59 0.0166109 0.0271172 0.1468408 0.0137803 0.0061151 0.0093935 0.0273898 0.5929722 0.0079912 0.0020334 0.0212658 0.0659692 0.0127732 0.0000000 0.0046273 0.0356224 0.0052800 0.0011575 0.0000000 0.0030600
 60 N  60 0.0025281 0.0298077 0.2937436 0.2388284 0.0000000 0.0070677 0.0090930 0.0302839 0.0042567 0.0086268 0.0063608 0.0355006 0.0046644 0.0009165 0.0213894 0.2234155 0.0721319 0.0000000 0.0016145 0.0097705
 61 G  61 0.0113936 0.0151860 0.0157773 0.0094921 0.0000000 0.0031768 0.0061901 0.8793957 0.0072036 0.0000000 0.0000000 0.0250483 0.0029819 0.0000000 0.0027994 0.0147590 0.0022078 0.0000000 0.0000000 0.0043885
 62 T  62 0.0377476 0.1005317 0.0208146 0.0027956 0.0133095 0.0463321 0.0687858 0.0063413 0.0177945 0.0049396 0.0523160 0.0907426 0.0228344 0.0323721 0.0308201 0.0761784 0.2965567 0.0046223 0.0301010 0.0440639
 63 I  63 0.0059482 0.0000000 0.0000000 0.0000000 0.0000000 0.0000000 0.0000000 0.0000000 0.0000000 0.6389870 0.1353658 0.0000000 0.0223390 0.0292450 0.0000000 0.0000000 0.0023077 0.0000000 0.0000000 0.1658073
 64 D  64 0.0122378 0.0061049 0.1288333 0.5565752 0.0028528 0.0063554 0.0885714 0.0122962 0.0125645 0.0000000 0.0013053 0.0084336 0.0000000 0.0000000 0.0014980 0.1251400 0.0273418 0.0000000 0.0081596 0.0017302
 65 F  65 0.0117243 0.0040752 0.0000000 0.0000000 0.0173613 0.0025442 0.0060969 0.0022824 0.0019234 0.0080988 0.0376326 0.0029776 0.0080091 0.5892601 0.0000000 0.0029285 0.0035803 0.0059373 0.2806849 0.0148831
 66 P  66 0.0524589 0.0109325 0.0607577 0.1537106 0.0000000 0.0422660 0.2600744 0.0853143 0.0046448 0.0251416 0.0153218 0.0284141 0.0000000 0.0016061 0.1137779 0.0755721 0.0486320 0.0000000 0.0076531 0.0137221
 67 E  67 0.0058807 0.0107040 0.0129595 0.1382344 0.0013536 0.0167595 0.6994921 0.0157941 0.0067501 0.0000000 0.0025583 0.0076803 0.0174880 0.0000000 0.0000000 0.0079747 0.0414593 0.0000000 0.0016656 0.0132456
 68 F  68 0.0000000 0.0000000 0.0000000 0.0000000 0.0000000 0.0000000 0.0000000 0.0000000 0.0000000 0.0000000 0.0224808 0.0000000 0.0032088 0.9566000 0.0000000 0.0017534 0.0000000 0.0000000 0.0131060 0.0028509
 69 L  69 0.0196350 0.0194657 0.0133083 0.0010729 0.0322737 0.0063746 0.0124502 0.0121838 0.0000000 0.1339033 0.4201117 0.0110485 0.0216156 0.0255720 0.0000000 0.0104675 0.0198558 0.0015230 0.0141903 0.2249482
 70 T  70 0.2025821 0.0527293 0.0523585 0.0435671 0.0137100 0.0493416 0.0842145 0.0185817 0.0301745 0.0095426 0.0102110 0.0582091 0.0097389 0.0033598 0.0400890 0.0714241 0.2001701 0.0000000 0.0204267 0.0295694
 71 M  71 0.1601209 0.0039579 0.0020699 0.0000000 0.0030384 0.0000000 0.0047152 0.0009806 0.0038320 0.1645741 0.2464952 0.0050758 0.2557628 0.0067678 0.0059369 0.0042646 0.0031948 0.0029715 0.0020386 0.1242031
 72 M  72 0.0182820 0.0000000 0.0103645 0.0000000 0.0041581 0.0011985 0.0011359 0.0000000 0.0054061 0.0542720 0.0836564 0.0018729 0.6132880 0.0295679 0.0000000 0.0030781 0.0845170 0.0019515 0.0206388 0.0666121
 73 A  73 0.2025741 0.0316081 0.0119927 0.0019462 0.0061217 0.0445943 0.0257201 0.1026874 0.0211594 0.0197966 0.0280896 0.0385410 0.0679441 0.0000000 0.0029611 0.1486442 0.1912721 0.0000000 0.0028591 0.0514880
 74 R  74 0.0557630 0.2072404 0.0384131 0.0337966 0.0011842 0.0567157 0.0916758 0.0136363 0.1089356 0.0317053 0.0483181 0.1241601 0.0135108 0.0022967 0.0431484 0.0466607 0.0447206 0.0009832 0.0045948 0.0325406
 75 K  75 0.0058077 0.1071480 0.0181665 0.0119964 0.0064552 0.0897437 0.0160695 0.0460257 0.1157300 0.0230066 0.0092811 0.4246144 0.0320507 0.0210866 0.0209896 0.0101158 0.0133553 0.0079203 0.0124411 0.0079956
 76 M  76 0.0116067 0.0132263 0.0466376 0.0117999 0.0022903 0.0210571 0.0209508 0.0140020 0.0216956 0.1134474 0.2650976 0.0245275 0.2898361 0.0116093 0.0063461 0.0332873 0.0294708 0.0000000 0.0256451 0.0374664
 77 K  77 0.0495047 0.1255640 0.1276902 0.0124987 0.0011443 0.0789494 0.0145010 0.0570288 0.0092769 0.0151012 0.0890824 0.2739388 0.0021162 0.0079817 0.0092842 0.0775084 0.0204094 0.0000000 0.0009919 0.0274277
 78 D  78 0.0637642 0.0474721 0.0371769 0.2136290 0.0000000 0.0616776 0.2529855 0.0607596 0.0108452 0.0010988 0.0035192 0.1360639 0.0017617 0.0018383 0.0282046 0.0459728 0.0215563 0.0000000 0.0084958 0.0031785
 79 T  79 0.0448963 0.1261538 0.0355319 0.0417542 0.0006618 0.0474591 0.1511304 0.0229429 0.0083854 0.0444904 0.0796240 0.0772923 0.0592414 0.0036852 0.0324755 0.0291321 0.1504398 0.0038449 0.0074385 0.0334202
 80 D  80 0.0298670 0.0036851 0.0510111 0.4663822 0.0000000 0.0215217 0.1821810 0.0807703 0.0026680 0.0036786 0.0173447 0.0145425 0.0013472 0.0048209 0.0178827 0.0369593 0.0432523 0.0000000 0.0127313 0.0093539
 81 S  81 0.0709912 0.0937035 0.0740495 0.0318092 0.0076091 0.0933397 0.0626552 0.0109896 0.0092032 0.0100851 0.0056221 0.0471788 0.0009517 0.0175748 0.1402559 0.1696683 0.1192123 0.0000000 0.0094881 0.0256127
 82 E  82 0.0292985 0.0488080 0.0087899 0.1345636 0.0000000 0.0364760 0.4276234 0.0050601 0.0193898 0.0385005 0.0323968 0.1400375 0.0150621 0.0048028 0.0036679 0.0055641 0.0151964 0.0000000 0.0160412 0.0187216
 83 E  83 0.0437795 0.0397279 0.0167206 0.1630032 0.0000000 0.0925711 0.5230312 0.0081357 0.0019314 0.0000000 0.0044667 0.0724740 0.0008593 0.0000000 0.0000000 0.0152810 0.0099284 0.0000000 0.0000000 0.0080900
 84 E  84 0.0000000 0.0043904 0.0386467 0.1339766 0.0015428 0.0300958 0.5769624 0.0088421 0.1222535 0.0077288 0.0063992 0.0063895 0.0150266 0.0000000 0.0020141 0.0054872 0.0136131 0.0000000 0.0037064 0.0229249
 85 I  85 0.0000000 0.0013017 0.0000000 0.0000000 0.0022994 0.0000000 0.0000000 0.0000000 0.0000000 0.3259549 0.4818947 0.0000000 0.0430314 0.0857971 0.0000000 0.0022173 0.0022980 0.0015562 0.0323807 0.0212685
 86 R  86 0.0184294 0.3277225 0.0037450 0.0012263 0.0000000 0.0506568 0.0120455 0.0011119 0.0228701 0.0384653 0.1262063 0.1988766 0.0338648 0.0338164 0.0039781 0.0182819 0.0119297 0.0073916 0.0415318 0.0478499
 87 E  87 0.1003403 0.0664696 0.0389086 0.1104336 0.0000000 0.0276007 0.3824810 0.0014280 0.0022489 0.0124026 0.0205607 0.1944879 0.0032876 0.0000000 0.0000000 0.0099692 0.0223936 0.0011772 0.0000000 0.0058107
 88 A  88 0.8386809 0.0023703 0.0000000 0.0036769 0.0099471 0.0000000 0.0019004 0.0422241 0.0000000 0.0199172 0.0122727 0.0000000 0.0128256 0.0023358 0.0000000 0.0119479 0.0111753 0.0000000 0.0009869 0.0297390
 89 F  89 0.0000000 0.0000000 0.0000000 0.0000000 0.0000000 0.0000000 0.0000000 0.0000000 0.0000000 0.0075791 0.0463403 0.0000000 0.0179292 0.9184456 0.0000000 0.0000000 0.0000000 0.0040367 0.0026209 0.0030481
 90 R  90 0.0542668 0.3253305 0.0372003 0.0681094 0.0069485 0.0930490 0.0532095 0.0087320 0.0124771 0.0008226 0.0210213 0.1919910 0.0128744 0.0008438 0.0026216 0.0882644 0.0173903 0.0000000 0.0015257 0.0033217
 91 V  91 0.0219739 0.0064958 0.0056239 0.0000000 0.0151288 0.0057257 0.0502571 0.0000000 0.0245340 0.0674439 0.2679478 0.0055937 0.0583011 0.0504374 0.0029831 0.0072644 0.0107088 0.0017867 0.1010590 0.2967348
 92 F  92 0.0127997 0.0000000 0.0000000 0.0000000 0.0017910 0.0000000 0.0000000 0.0000000 0.0000000 0.0268563 0.0335996 0.0000000 0.0102705 0.8631817 0.0000000 0.0049426 0.0102744 0.0000000 0.0288743 0.0074099
 93 D  93 0.0018728 0.0000000 0.0015123 0.9829225 0.0000000 0.0015391 0.0036873 0.0027376 0.0000000 0.0000000 0.0000000 0.0000000 0.0000000 0.0000000 0.0000000 0.0023008 0.0020867 0.0000000 0.0000000 0.0013408
 94 K  94 0.0175191 0.1036897 0.0059378 0.1007967 0.0000000 0.0524707 0.0531070 0.0052880 0.0069892 0.0186024 0.0317809 0.4670062 0.0087084 0.0000000 0.0128885 0.0158090 0.0807732 0.0000000 0.0014913 0.0171418
 95 D  95 0.0066808 0.0009967 0.1600273 0.6701347 0.0000000 0.0099771 0.1124371 0.0077698 0.0123489 0.0000000 0.0023825 0.0071378 0.0000000 0.0000000 0.0023010 0.0055498 0.0010414 0.0000000 0.0000000 0.0012151
 96 G  96 0.0327573 0.0379865 0.1311361 0.0335555 0.0083395 0.0624954 0.0342419 0.5075271 0.0154262 0.0027399 0.0013002 0.0956298 0.0000000 0.0000000 0.0000000 0.0347196 0.0021451 0.0000000 0.0000000 0.0000000
 97 N  97 0.0030700 0.0203726 0.2337787 0.2653776 0.0000000 0.0062920 0.0059860 0.0044541 0.0053854 0.0016503 0.0018144 0.0429269 0.0000000 0.0000000 0.0000000 0.2396024 0.1672225 0.0000000 0.0000000 0.0020672
 98 G  98 0.0007978 0.0023442 0.0025783 0.0016127 0.0000000 0.0008999 0.0016727 0.9798224 0.0012546 0.0000000 0.0000000 0.0027309 0.0000000 0.0000000 0.0000000 0.0036457 0.0015759 0.0010651 0.0000000 0.0000000
 99 Y  99 0.0199340 0.0353979 0.0055084 0.0040098 0.0193746 0.0136523 0.0181499 0.0055451 0.0273804 0.0111014 0.0275079 0.1492624 0.0054611 0.1818780 0.0000000 0.0564137 0.1083714 0.0023825 0.2930557 0.0156134
100 I 100 0.0043643 0.0000000 0.0000000 0.0000000 0.0000000 0.0000000 0.0000000 0.0000000 0.0026162 0.8899307 0.0254137 0.0000000 0.0097622 0.0043914 0.0000000 0.0000000 0.0000000 0.0000000 0.0000000 0.0635215
101 S 101 0.0208104 0.0010897 0.0443436 0.1007617 0.0030989 0.0132053 0.0618566 0.0134947 0.0106244 0.0000000 0.0050066 0.0129657 0.0318822 0.0020432 0.0139352 0.3740721 0.2880684 0.0000000 0.0000000 0.0027412
102 A 102 0.2393715 0.0456930 0.0034584 0.0038336 0.0081506 0.0161564 0.0214149 0.0269944 0.0081278 0.0694291 0.0940236 0.0451978 0.0233259 0.0720160 0.0472180 0.0493192 0.0631188 0.0057462 0.0321202 0.1252845
103 A 103 0.1783807 0.0623990 0.0419513 0.1593513 0.0000000 0.0464696 0.1592683 0.0259210 0.0250170 0.0050409 0.0058852 0.1427513 0.0026483 0.0010399 0.0049273 0.0940001 0.0328327 0.0008551 0.0009084 0.0103526
104 E 104 0.0066201 0.0054109 0.1121203 0.0982269 0.0000000 0.0063008 0.7148019 0.0000000 0.0033450 0.0000000 0.0000000 0.0121168 0.0017325 0.0000000 0.0000000 0.0134186 0.0071244 0.0000000 0.0137982 0.0049836
105 L 105 0.0000000 0.0055415 0.0000000 0.0000000 0.0000000 0.0000000 0.0000000 0.0000000 0.0000000 0.0580588 0.8603760 0.0000000 0.0252154 0.0388476 0.0000000 0.0000000 0.0000000 0.0000000 0.0000000 0.0119607
106 R 106 0.0314846 0.3987210 0.0063410 0.0037072 0.0117603 0.0702908 0.0554154 0.0862876 0.0182143 0.0076439 0.0090056 0.2554021 0.0053827 0.0027471 0.0023490 0.0137428 0.0062251 0.0000000 0.0029890 0.0122906
107 H 107 0.0534915 0.1553793 0.0302872 0.0449788 0.0050087 0.1065547 0.0980966 0.0059258 0.1844054 0.0263219 0.0156436 0.0353000 0.0088855 0.0129131 0.0000000 0.0499134 0.0639918 0.0028404 0.0248043 0.0752580
108 V 108 0.2604005 0.0000000 0.0000000 0.0000000 0.0226010 0.0000000 0.0000000 0.0095815 0.0000000 0.0962620 0.0565025 0.0186929 0.0298507 0.0135174 0.0000000 0.0132779 0.0181288 0.0000000 0.0000000 0.4611849
109 M 109 0.1389934 0.0037070 0.0000000 0.0000000 0.0486881 0.0000000 0.0000000 0.0000000 0.0000000 0.0179803 0.3337149 0.0000000 0.4002106 0.0151801 0.0011494 0.0108409 0.0108107 0.0010572 0.0038193 0.0138483
110 T 110 0.0902985 0.2275689 0.0174097 0.0068188 0.0076384 0.0337787 0.0409567 0.0176585 0.0128625 0.0364044 0.0062181 0.1845953 0.0322415 0.0038917 0.0012770 0.0394967 0.2126464 0.0009610 0.0026397 0.0246376
111 N 111 0.1116939 0.0148811 0.1311893 0.0477999 0.0166071 0.0216075 0.2340498 0.0138496 0.0157203 0.0063701 0.0149608 0.0767382 0.0075919 0.0028166 0.0095797 0.1800365 0.0849386 0.0000000 0.0022649 0.0073044
112 L 112 0.0053635 0.0020929 0.0017048 0.0165901 0.0047998 0.0095457 0.0180982 0.0000000 0.0116571 0.0577780 0.6698391 0.0073085 0.0663838 0.0561205 0.0032155 0.0080424 0.0136734 0.0000000 0.0283227 0.0194641
113 G 113 0.0063893 0.0056314 0.0097048 0.0237211 0.0054018 0.0020541 0.0127620 0.8971576 0.0000000 0.0045370 0.0038558 0.0071797 0.0000000 0.0023652 0.0000000 0.0103910 0.0000000 0.0018071 0.0000000 0.0070420
114 E 114 0.0069179 0.0099514 0.0042865 0.0826367 0.0080010 0.0741034 0.5454394 0.0149208 0.0384126 0.0067140 0.0333189 0.0071565 0.0412768 0.0682596 0.0032863 0.0061495 0.0059944 0.0039186 0.0177368 0.0215190
115 K 115 0.0196639 0.0842941 0.2116253 0.0727571 0.0016606 0.0394216 0.0674566 0.0427837 0.0211721 0.0029541 0.0025544 0.2740687 0.0186429 0.0062521 0.0449540 0.0281713 0.0543029 0.0000000 0.0040422 0.0032222
116 L 116 0.0238498 0.0072733 0.0092021 0.0094226 0.0140211 0.0097159 0.0010627 0.0042291 0.0034058 0.0574338 0.4646225 0.0016643 0.1098144 0.0498256 0.1391362 0.0113888 0.0132222 0.0000000 0.0045853 0.0661246
117 T 117 0.0119175 0.0115020 0.0328501 0.0903778 0.0042384 0.0056629 0.0343111 0.0243505 0.0033968 0.0032073 0.0020310 0.0458624 0.0000000 0.0013629 0.0178880 0.1986350 0.5057641 0.0000000 0.0009290 0.0057132
118 D 118 0.0289412 0.0108222 0.0288068 0.4148785 0.0027081 0.0292956 0.2673246 0.0149880 0.0190400 0.0103900 0.0123847 0.0719029 0.0061470 0.0014152 0.0373267 0.0086394 0.0116045 0.0000000 0.0059039 0.0174807
119 E 119 0.1222567 0.0449181 0.0124541 0.1485169 0.0000000 0.0406589 0.4361980 0.0109997 0.0041079 0.0101238 0.0072153 0.0522569 0.0153631 0.0007408 0.0086623 0.0300508 0.0183013 0.0000000 0.0015060 0.0356692
120 E 120 0.0057718 0.0102567 0.0078392 0.0775331 0.0017031 0.0250984 0.7412494 0.0027262 0.0184672 0.0024964 0.0041466 0.0087899 0.0024362 0.0072846 0.0026707 0.0112648 0.0199536 0.0019032 0.0036811 0.0447277
121 V 121 0.0329390 0.0000000 0.0000000 0.0000000 0.0191724 0.0000000 0.0000000 0.0066265 0.0000000 0.2650066 0.3494830 0.0000000 0.0123260 0.0256852 0.0000000 0.0023313 0.0108016 0.0000000 0.0000000 0.2756283
122 D 122 0.0227306 0.0849729 0.0424934 0.2896861 0.0016391 0.1429675 0.1885938 0.0024905 0.0108995 0.0138220 0.0298449 0.1123166 0.0046516 0.0083513 0.0053429 0.0133980 0.0134150 0.0017073 0.0046070 0.0060701
123 E 123 0.1054557 0.0249520 0.0160731 0.1798039 0.0000000 0.0688167 0.4532235 0.0149482 0.0086027 0.0018574 0.0113358 0.0592610 0.0064002 0.0000000 0.0000000 0.0254655 0.0206150 0.0000000 0.0000000 0.0031894
124 M 124 0.0180310 0.0000000 0.0000000 0.0000000 0.0023495 0.0013477 0.0000000 0.0000000 0.0024395 0.1946530 0.1532351 0.0000000 0.5795855 0.0025052 0.0000000 0.0000000 0.0009953 0.0112185 0.0010968 0.0325429
125 I 125 0.0015092 0.0011469 0.0000000 0.0000000 0.0000000 0.0000000 0.0000000 0.0017737 0.0029469 0.6043962 0.1559776 0.0023638 0.0912840 0.0571630 0.0000000 0.0111123 0.0032348 0.0000000 0.0088164 0.0582754
126 R 126 0.0968820 0.2585960 0.0569118 0.1234563 0.0041755 0.0876064 0.0495348 0.0127073 0.0253067 0.0011098 0.0144844 0.1576850 0.0027097 0.0044712 0.0000000 0.0665738 0.0228190 0.0000000 0.0041805 0.0107897
127 E 127 0.0337668 0.0090974 0.0120248 0.1408654 0.0000000 0.0235757 0.6630606 0.0407756 0.0139003 0.0024445 0.0122809 0.0094174 0.0031305 0.0059160 0.0031517 0.0082263 0.0048483 0.0000000 0.0007828 0.0127350
128 A 128 0.4237065 0.0000000 0.0010885 0.0000000 0.0015114 0.0127916 0.0000000 0.0170218 0.0192408 0.0842847 0.0116668 0.0000000 0.0078779 0.0786767 0.0000000 0.0108935 0.0062116 0.0000000 0.0219638 0.3030645
129 D 129 0.0018583 0.0018057 0.0237367 0.8715498 0.0016188 0.0065129 0.0219061 0.0113781 0.0097613 0.0000000 0.0000000 0.0139636 0.0000000 0.0000000 0.0235775 0.0054299 0.0026575 0.0000000 0.0027094 0.0015343
130 I 130 0.0592438 0.0718288 0.0000000 0.0018321 0.0066997 0.0693260 0.0387765 0.0123464 0.0114831 0.1076859 0.1314472 0.1099732 0.0279507 0.0099775 0.0238007 0.0489383 0.1499861 0.0000000 0.0042201 0.1144838
131 D 131 0.0054558 0.0057030 0.1491585 0.7345991 0.0000000 0.0080493 0.0457556 0.0222880 0.0013286 0.0000000 0.0000000 0.0136908 0.0012184 0.0000000 0.0000000 0.0071537 0.0055992 0.0000000 0.0000000 0.0000000
132 G 132 0.0124053 0.0193939 0.1375022 0.0096908 0.0041242 0.0396054 0.0213524 0.5204358 0.0149160 0.0000000 0.0117420 0.1061987 0.0077646 0.0023930 0.0161845 0.0649624 0.0036950 0.0000000 0.0000000 0.0076337
133 D 133 0.0040976 0.0031396 0.1169117 0.6943379 0.0032014 0.0128221 0.0136842 0.0123725 0.0023877 0.0020768 0.0020033 0.0200459 0.0000000 0.0006308 0.0020566 0.0807178 0.0279813 0.0000000 0.0000000 0.0015328
134 G 134 0.0035124 0.0064692 0.0138494 0.0029513 0.0000000 0.0000000 0.0046037 0.9471638 0.0027622 0.0000000 0.0029478 0.0023631 0.0009160 0.0000000 0.0031883 0.0072884 0.0019844 0.0000000 0.0000000 0.0000000
135 Q 135 0.0244102 0.1911677 0.0404475 0.0039077 0.0232183 0.1402461 0.1519287 0.0090616 0.0225766 0.0031557 0.0453131 0.1337738 0.0261810 0.0127572 0.0052990 0.0340363 0.0950908 0.0000000 0.0144660 0.0229625
136 V 136 0.0015112 0.0000000 0.0000000 0.0000000 0.0000000 0.0000000 0.0000000 0.0056292 0.0000000 0.6413267 0.0533347 0.0000000 0.0104659 0.0204152 0.0000000 0.0028298 0.0021248 0.0000000 0.0000000 0.2623626
137 N 137 0.0039159 0.0147341 0.3430646 0.3516189 0.0093224 0.0035459 0.0287381 0.0082551 0.0124648 0.0020432 0.0032564 0.0305537 0.0022872 0.0024261 0.0010773 0.1595446 0.0197559 0.0000000 0.0022608 0.0011348
138 Y 138 0.0193191 0.0053424 0.0000000 0.0000000 0.0035576 0.0259550 0.0758804 0.0009652 0.0024644 0.0092014 0.0240281 0.0070453 0.0046471 0.2982988 0.0071280 0.0007202 0.0027689 0.0030612 0.5007443 0.0088725
139 E 139 0.0367347 0.0101885 0.0555181 0.1836518 0.0000000 0.0651353 0.4572878 0.0225033 0.0136914 0.0090404 0.0071236 0.0248772 0.0015972 0.0015388 0.0324527 0.0437614 0.0159157 0.0000000 0.0103416 0.0086405
140 E 140 0.0130987 0.0049704 0.0084086 0.1175314 0.0011510 0.0087700 0.8159419 0.0044094 0.0000000 0.0019151 0.0010554 0.0040144 0.0022252 0.0013607 0.0000000 0.0017846 0.0091197 0.0000000 0.0025591 0.0016845
141 L 141 0.0000000 0.0000000 0.0000000 0.0000000 0.0000000 0.0000000 0.0000000 0.0000000 0.0000000 0.0025725 0.0299389 0.0000000 0.0000000 0.9563262 0.0000000 0.0000000 0.0000000 0.0024507 0.0070315 0.0016801
142 V 142 0.0709389 0.0205923 0.0072790 0.0009006 0.0319460 0.0078130 0.0084161 0.0028464 0.0034323 0.1090851 0.1979334 0.0317587 0.0383632 0.0147187 0.0000000 0.0159151 0.0350605 0.0020973 0.0202926 0.3806107
143 Q 143 0.1998440 0.1976954 0.0491491 0.0165374 0.0040631 0.0632247 0.0569865 0.0088995 0.0356634 0.0127077 0.0086344 0.1430865 0.0125949 0.0020635 0.0012387 0.0585356 0.0925179 0.0045002 0.0146116 0.0174461
144 M 144 0.0171529 0.0174882 0.0000000 0.0000000 0.0009005 0.0021333 0.0000000 0.0000000 0.0120579 0.2112322 0.1366437 0.0143948 0.4697901 0.0158962 0.0016049 0.0024353 0.0076338 0.0000000 0.0023452 0.0882909
145 M 145 0.0023619 0.0000000 0.0000000 0.0000000 0.0150911 0.0000000 0.0000000 0.0000000 0.0000000 0.0879752 0.0979084 0.0060927 0.7275403 0.0053175 0.0000000 0.0000000 0.0000000 0.0000000 0.0000000 0.0577129
146 T 146 0.0844011 0.1289916 0.0118990 0.0000000 0.0012491 0.0330090 0.0014011 0.0203373 0.0028523 0.0090230 0.0528833 0.1977986 0.0930229 0.0000000 0.0019521 0.0923367 0.2440984 0.0000000 0.0000000 0.0247447
147 A 147 0.1565459 0.1245164 0.0138288 0.0063887 0.0014248 0.0442273 0.0251551 0.0936792 0.0079958 0.0080075 0.0050959 0.2567797 0.0090078 0.0012217 0.0353756 0.1670010 0.0344057 0.0015007 0.0000000 0.0078423
148 K 148 0.0000000 0.1264994 0.0000000 0.0000000 0.0000000 0.0672221 0.0000000 0.0000000 0.0000000 0.0000000 0.0000000 0.8062785 0.0000000 0.0000000 0.0000000 0.0000000 0.0000000 0.0000000 0.0000000 0.0000000
