  148         A         R         N         D         C         Q         E         G         H         I         L         K         M         F         P         S         T         W         Y         V         X    
  1 A   1 0.2584163 0.0000000 0.0000000 0.0000000 0.0000000 0.0000000 0.0000000 0.0000000 0.0000000 0.0000000 0.0000000 0.0000000 0.0000000 0.0000000 0.0000000 0.0176592 0.0000000 0.0000000 0.0000000 0.0000000 0.7239245
  2 D   2 0.0039307 0.0438232 0.0147323 0.0985431 0.0000000 0.0220359 0.1415074 0.0134629 0.0208828 0.0011794 0.0022636 0.0438342 0.0000000 0.0000000 0.0000000 0.0053030 0.0046588 0.0000000 0.0000000 0.0016467 0.5821959
  3 Q   3 0.0084192 0.0275400 0.0652527 0.0217624 0.0139641 0.0640669 0.1391317 0.0120111 0.0475677 0.0009139 0.0103039 0.0350652 0.0011329 0.0233475 0.0012206 0.0481708 0.0075241 0.0014849 0.0017525 0.0024170 0.4669509
  4 L   4 0.0000000 0.0000000 0.0000000 0.0000000 0.0012218 0.0000000 0.0000000 0.0000000 0.0000000 0.0222684 0.5154701 0.0000000 0.0178582 0.0646950 0.0000000 0.0000000 0.0012024 0.0016163 0.0000000 0.0024392 0.3732286
  5 T   5 0.0037223 0.0172367 0.0405417 0.0235921 0.0014478 0.0008502 0.0082395 0.0100460 0.0000000 0.0013496 0.0130622 0.0034135 0.0010103 0.0000000 0.0226073 0.2711280 0.2257460 0.0000000 0.0000000 0.0021513 0.3538557
  6 E   6 0.0280151 0.0090728 0.0190301 0.0781574 0.0000000 0.0547492 0.3230753 0.0068717 0.0030407 0.0029841 0.0088632 0.0527355 0.0033653 0.0010010 0.0458072 0.0033295 0.0126557 0.0000000 0.0008755 0.0198359 0.3265349
  7 E   7 0.0216946 0.0017856 0.0078126 0.1270998 0.0000000 0.0366591 0.4123828 0.0073810 0.0007997 0.0040644 0.0028115 0.0163578 0.0018428 0.0012114 0.0027906 0.0180422 0.0169971 0.0000000 0.0013034 0.0034911 0.3154727
  8 Q   8 0.0015949 0.0077176 0.0030576 0.0146378 0.0000000 0.3845940 0.2249604 0.0000000 0.0025661 0.0000000 0.0059562 0.0236023 0.0072022 0.0000000 0.0035364 0.0019409 0.0056180 0.0000000 0.0000000 0.0023858 0.3106298
  9 I   9 0.0089616 0.0336340 0.0018451 0.0041375 0.0008622 0.0168894 0.0223184 0.0016732 0.0015949 0.3137651 0.0639678 0.1022776 0.0260372 0.0012435 0.0019578 0.0000000 0.0110162 0.0000000 0.0048068 0.0887199 0.2942918
 10 A  10 0.1945223 0.0295670 0.0320290 0.0401013 0.0017927 0.1178361 0.1277503 0.0164073 0.0096268 0.0089721 0.0101112 0.0668459 0.0108325 0.0014586 0.0000000 0.0463089 0.0133056 0.0000000 0.0000000 0.0242695 0.2482631
 11 E  11 0.0084511 0.0027302 0.0059757 0.0786772 0.0000000 0.0237610 0.4557958 0.1092034 0.0099095 0.0037816 0.0095509 0.0118893 0.0064399 0.0010574 0.0015606 0.0093336 0.0000000 0.0021500 0.0000000 0.0204113 0.2393215
 12 F  12 0.0078235 0.0000000 0.0000000 0.0000000 0.0000000 0.0022011 0.0000000 0.0000000 0.0000000 0.1977978 0.2437434 0.0000000 0.0250320 0.2121910 0.0000000 0.0000000 0.0021344 0.0000000 0.0764135 0.0076917 0.2249716
 13 K  13 0.0053733 0.2198190 0.0039168 0.0000000 0.0012851 0.0392124 0.0126800 0.0037821 0.0067270 0.0056309 0.0149593 0.4194906 0.0025686 0.0020815 0.0000000 0.0054054 0.0059296 0.0062305 0.0200306 0.0016070 0.2232703
 14 E  14 0.0443044 0.0198679 0.0218951 0.0874297 0.0000000 0.0455913 0.4842255 0.0070909 0.0022392 0.0040877 0.0050550 0.0327113 0.0009624 0.0020166 0.0000000 0.0032911 0.0109486 0.0017173 0.0000000 0.0069695 0.2195964
 15 A  15 0.5469202 0.0000000 0.0000000 0.0018956 0.0216398 0.0031283 0.0000000 0.0101392 0.0000000 0.0203889 0.0169936 0.0039616 0.1044112 0.0023104 0.0000000 0.0062595 0.0216023 0.0000000 0.0012085 0.0416195 0.1975215
 16 F  16 0.0000000 0.0000000 0.0000000 0.0000000 0.0000000 0.0000000 0.0000000 0.0000000 0.0000000 0.0050366 0.0061277 0.0000000 0.0000000 0.7872219 0.0000000 0.0000000 0.0000000 0.0000000 0.0047650 0.0000000 0.1968488
 17 S  17 0.0607557 0.0890748 0.0619675 0.1004932 0.0129020 0.0612559 0.0731236 0.0096790 0.0094865 0.0028687 0.0105941 0.1137321 0.0168437 0.0016296 0.0000000 0.1486464 0.0263041 0.0015559 0.0000000 0.0035341 0.1955529
 18 L  18 0.0250617 0.0146611 0.0260427 0.0016467 0.0097557 0.0098196 0.0385177 0.0062789 0.0076990 0.0407522 0.3564043 0.0148566 0.0896501 0.0142409 0.0000000 0.0326964 0.0146171 0.0017540 0.0296263 0.0708046 0.1951144
 19 F  19 0.0044817 0.0000000 0.0000000 0.0000000 0.0000000 0.0000000 0.0000000 0.0000000 0.0000000 0.0692728 0.0291115 0.0000000 0.0920262 0.5539748 0.0000000 0.0048128 0.0000000 0.0000000 0.0358839 0.0133124 0.1971237
 20 D  20 0.0034774 0.0015250 0.0034972 0.7802389 0.0000000 0.0021500 0.0033471 0.0022100 0.0000000 0.0000000 0.0000000 0.0000000 0.0000000 0.0000000 0.0000000 0.0022434 0.0028738 0.0000000 0.0000000 0.0036238 0.1948133
 21 K  21 0.0265324 0.0804791 0.0075051 0.0109858 0.0000000 0.0383259 0.0225281 0.0010823 0.0066310 0.0182103 0.0172490 0.2928091 0.0208279 0.0000000 0.0085861 0.0242711 0.2003975 0.0000000 0.0000000 0.0290368 0.1945425
 22 D  22 0.0041051 0.0100670 0.1279996 0.5139419 0.0000000 0.0102923 0.0648919 0.0097292 0.0080978 0.0000000 0.0000000 0.0235144 0.0000000 0.0000000 0.0000000 0.0102387 0.0153798 0.0000000 0.0000000 0.0074169 0.1943253
 23 G  23 0.0115560 0.0500153 0.1510576 0.0071077 0.0101110 0.0285975 0.0216053 0.3689279 0.0146539 0.0014322 0.0023104 0.1031651 0.0000000 0.0000000 0.0011446 0.0307969 0.0000000 0.0000000 0.0012077 0.0025626 0.1937482
 24 D  24 0.0024279 0.0265912 0.0841208 0.3540413 0.0000000 0.0035715 0.0126572 0.0119977 0.0000000 0.0016814 0.0000000 0.0281575 0.0000000 0.0000000 0.0000000 0.2175295 0.0616781 0.0000000 0.0000000 0.0021424 0.1934036
 25 G  25 0.0017909 0.0037067 0.0113098 0.0024755 0.0015250 0.0052503 0.0073079 0.7594662 0.0015480 0.0000000 0.0000000 0.0024798 0.0031304 0.0000000 0.0000000 0.0042465 0.0000000 0.0000000 0.0014424 0.0000000 0.1943206
 26 T  26 0.0383915 0.0395664 0.0150959 0.0122185 0.0371610 0.0193076 0.0096859 0.0000000 0.0229874 0.0110230 0.0143609 0.1164295 0.0108374 0.0786842 0.0034774 0.0703474 0.1854907 0.0000000 0.0980972 0.0198909 0.1969472
 27 I  27 0.0025524 0.0000000 0.0000000 0.0000000 0.0000000 0.0000000 0.0000000 0.0000000 0.0000000 0.7017488 0.0417366 0.0000000 0.0105215 0.0000000 0.0000000 0.0000000 0.0022885 0.0000000 0.0000000 0.0450752 0.1960769
 28 T  28 0.0162043 0.0052433 0.0452766 0.1431810 0.0007195 0.0120395 0.0208185 0.0152356 0.0098515 0.0014424 0.0101202 0.0203858 0.0027658 0.0000000 0.0089476 0.1431669 0.3461854 0.0000000 0.0000000 0.0023391 0.1960769
 29 T  29 0.1237462 0.0179467 0.0077806 0.0000000 0.0149423 0.0100512 0.0138080 0.0064713 0.0034091 0.0602589 0.0471766 0.0456049 0.0159716 0.0699911 0.0190801 0.0369675 0.1285551 0.0000000 0.0985135 0.0836485 0.1960769
 30 K  30 0.0424304 0.0472152 0.0168034 0.1023917 0.0000000 0.0399817 0.1764849 0.0198211 0.0485470 0.0009615 0.0115688 0.1934175 0.0005741 0.0007620 0.0049793 0.0669202 0.0201023 0.0011340 0.0008996 0.0089285 0.1960769
 31 E  31 0.0000000 0.0025904 0.0115720 0.1048105 0.0000000 0.0383217 0.6166113 0.0000000 0.0021778 0.0019286 0.0000000 0.0104550 0.0070786 0.0015156 0.0000000 0.0021344 0.0000000 0.0000000 0.0039626 0.0009210 0.1959206
 32 L  32 0.0000000 0.0000000 0.0000000 0.0000000 0.0165491 0.0000000 0.0000000 0.0000000 0.0000000 0.0258319 0.6952663 0.0000000 0.0165852 0.0260115 0.0000000 0.0000000 0.0016775 0.0000000 0.0000000 0.0221581 0.1959206
 33 G  33 0.0408742 0.1143854 0.0166831 0.0024504 0.0006461 0.0180573 0.0260088 0.2748741 0.0152168 0.0106558 0.0160913 0.2365841 0.0038852 0.0011977 0.0022302 0.0166739 0.0020798 0.0000000 0.0020166 0.0011802 0.1982090
 34 T  34 0.0950938 0.0225036 0.0250017 0.0710497 0.0037671 0.0396760 0.0503904 0.0114617 0.0344869 0.0427121 0.0145822 0.0244494 0.0052567 0.0058495 0.0048364 0.0357894 0.1663100 0.0014800 0.0078242 0.1437543 0.1937251
 35 V  35 0.1785095 0.0000000 0.0000000 0.0000000 0.0234999 0.0000000 0.0013101 0.1326794 0.0000000 0.0388718 0.0728727 0.0027658 0.0257369 0.0093681 0.0000000 0.0099102 0.0118466 0.0000000 0.0000000 0.3011923 0.1914367
 36 M  36 0.0161189 0.0018956 0.0000000 0.0000000 0.0117458 0.0000000 0.0000000 0.0000000 0.0000000 0.0357679 0.2829751 0.0017714 0.4140156 0.0259938 0.0000000 0.0010410 0.0040328 0.0000000 0.0019250 0.0114720 0.1912453
 37 R  37 0.0524949 0.4477975 0.0075882 0.0059889 0.0017038 0.0386168 0.0250642 0.0087940 0.0179982 0.0055069 0.0088171 0.0864083 0.0039120 0.0014256 0.0113307 0.0179650 0.0528393 0.0046818 0.0022998 0.0062415 0.1925255
 38 S  38 0.1916575 0.0535065 0.0314899 0.0072788 0.0328014 0.0154169 0.0299030 0.0059210 0.0025965 0.0035644 0.0116294 0.0953187 0.0183170 0.0029154 0.0022302 0.2440381 0.0526339 0.0000000 0.0028872 0.0033689 0.1925255
 39 L  39 0.0016773 0.0000000 0.0022800 0.0000000 0.0031868 0.0149579 0.0017597 0.0000000 0.0062957 0.0366342 0.5933905 0.0057794 0.0491269 0.0299123 0.0000000 0.0025533 0.0034205 0.0000000 0.0149436 0.0412502 0.1928318
 40 G  40 0.0041654 0.0082980 0.0084348 0.0138215 0.0016789 0.0044073 0.0066278 0.7442674 0.0000000 0.0012899 0.0000000 0.0058471 0.0011611 0.0000000 0.0000000 0.0033061 0.0000000 0.0000000 0.0000000 0.0011802 0.1955147
 41 Q  41 0.0289637 0.0159276 0.0019057 0.0202649 0.0072538 0.2011691 0.0786147 0.0140338 0.0419618 0.0155244 0.0492953 0.0335455 0.0209451 0.1209885 0.0067535 0.0735634 0.0242006 0.0058077 0.0342686 0.0054295 0.1995828
 42 N  42 0.0109950 0.0300598 0.2683570 0.0630001 0.0046491 0.0490036 0.1045020 0.0128459 0.0158154 0.0051493 0.0036218 0.0952142 0.0224205 0.0156862 0.0182254 0.0391940 0.0294055 0.0000000 0.0045885 0.0041810 0.2030855
 43 P  43 0.0312128 0.0014256 0.0000000 0.0088107 0.0044748 0.0053182 0.0019544 0.0000000 0.0010438 0.0381077 0.1887005 0.0022434 0.0352299 0.0255212 0.3704865 0.0058992 0.0067885 0.0000000 0.0014607 0.0619333 0.2093888
 44 T  44 0.0200880 0.0217203 0.0156799 0.0317067 0.0000000 0.0039129 0.0107902 0.0062017 0.0062692 0.0034991 0.0099482 0.0993696 0.0072921 0.0000000 0.0396118 0.1446424 0.3768725 0.0000000 0.0000000 0.0054472 0.1969482
 45 E  45 0.0143387 0.0168191 0.0343231 0.1572647 0.0000000 0.0344226 0.3363762 0.0145044 0.0057857 0.0046411 0.0057995 0.1268212 0.0024980 0.0029235 0.0288249 0.0037775 0.0078734 0.0000000 0.0015686 0.0097890 0.1916490
 46 A  46 0.2219936 0.0217154 0.0153968 0.0413480 0.0010617 0.0314975 0.2075425 0.0267100 0.0055683 0.0083900 0.0080762 0.0314573 0.0224205 0.0008393 0.0250975 0.0912672 0.0317177 0.0000000 0.0038960 0.0151848 0.1888198
 47 E  47 0.0007195 0.0061774 0.0027990 0.1011227 0.0035109 0.0431870 0.5930755 0.0023684 0.0087021 0.0020916 0.0000000 0.0106367 0.0034255 0.0019797 0.0009609 0.0024225 0.0152961 0.0000000 0.0088358 0.0045861 0.1881028
 48 L  48 0.0076623 0.0000000 0.0000000 0.0000000 0.0073009 0.0000000 0.0012021 0.0013515 0.0000000 0.2278145 0.3377789 0.0000000 0.0145177 0.0112048 0.0000000 0.0000000 0.0047802 0.0000000 0.0048784 0.1974737 0.1840351
 49 Q  49 0.0256925 0.0950149 0.0179323 0.0812865 0.0011202 0.1837199 0.0822764 0.0061494 0.0150723 0.0223699 0.0747163 0.1524478 0.0076826 0.0063776 0.0000000 0.0082757 0.0098601 0.0014792 0.0177358 0.0044672 0.1863236
 50 D  50 0.0595298 0.0440137 0.0186688 0.1799816 0.0000000 0.0922954 0.1992154 0.0146260 0.0019134 0.0194674 0.0132861 0.0918570 0.0197910 0.0009180 0.0000000 0.0330473 0.0239419 0.0012706 0.0000000 0.0026685 0.1835081
 51 M  51 0.0152263 0.0000000 0.0000000 0.0000000 0.0046685 0.0017714 0.0031283 0.0000000 0.0157386 0.1316469 0.2377046 0.0000000 0.3416461 0.0017783 0.0000000 0.0019286 0.0034111 0.0067625 0.0088362 0.0422444 0.1835081
 52 I  52 0.0141781 0.0015556 0.0000000 0.0000000 0.0034895 0.0040411 0.0016505 0.0014806 0.0014098 0.3486116 0.1130555 0.0091990 0.1876365 0.0255516 0.0000000 0.0223049 0.0077154 0.0000000 0.0047243 0.0698879 0.1835081
 53 N  53 0.0806824 0.0847450 0.1378262 0.0739212 0.0036107 0.0798466 0.1077656 0.0219989 0.0224721 0.0029734 0.0047979 0.1020153 0.0030319 0.0016401 0.0017019 0.0620702 0.0163317 0.0000000 0.0041669 0.0051189 0.1832832
 54 E  54 0.1300013 0.0153092 0.0153255 0.1024722 0.0000000 0.0390695 0.3852289 0.0092417 0.0124519 0.0023580 0.0077142 0.0259885 0.0038488 0.0009342 0.0017173 0.0222961 0.0203659 0.0000000 0.0051885 0.0172050 0.1832832
 55 V  55 0.2190096 0.0000000 0.0023530 0.0000000 0.0020802 0.0011627 0.0047725 0.0113380 0.0252739 0.1106973 0.0308941 0.0009497 0.0084274 0.0338954 0.0158671 0.0065569 0.0053670 0.0000000 0.0363862 0.2929523 0.1920167
 56 D  56 0.0031647 0.0060272 0.0133873 0.6781506 0.0012268 0.0036012 0.0085535 0.0080350 0.0012743 0.0000000 0.0018262 0.0423502 0.0012520 0.0000000 0.0104446 0.0000000 0.0022894 0.0000000 0.0017257 0.0040768 0.2126144
 57 A  57 0.1114932 0.0353438 0.0054014 0.0068381 0.0036878 0.0286248 0.0365831 0.0072953 0.0029986 0.0663387 0.0505452 0.1000875 0.0222307 0.0058497 0.0387300 0.0458160 0.0792380 0.0000000 0.0038977 0.1399510 0.2090495
 58 D  58 0.0022259 0.0105582 0.0844510 0.5583254 0.0000000 0.0063294 0.0783693 0.0084309 0.0052768 0.0014181 0.0000000 0.0090513 0.0000000 0.0014710 0.0037548 0.0074141 0.0089223 0.0000000 0.0000000 0.0009608 0.2130407
 59 G  59 0.0127281 0.0207411 0.1196580 0.0107949 0.0046722 0.0077965 0.0215656 0.4672171 0.0068715 0.0015606 0.0163781 0.0520683 0.0098393 0.0000000 0.0035939 0.0279440 0.0040907 0.0008873 0.0000000 0.0025524 0.2090405
 60 N  60 0.0021323 0.0232750 0.2315960 0.2120760 0.0000000 0.0056223 0.0073137 0.0240073 0.0033311 0.0060207 0.0049380 0.0285766 0.0034774 0.0007253 0.0168865 0.1756314 0.0557874 0.0000000 0.0012697 0.0075952 0.1897381
 61 G  61 0.0089277 0.0120585 0.0124364 0.0073816 0.0000000 0.0025035 0.0054643 0.7167190 0.0055729 0.0000000 0.0000000 0.0196223 0.0023322 0.0000000 0.0021990 0.0116762 0.0017297 0.0000000 0.0000000 0.0034424 0.1879344
 62 T  62 0.0301454 0.0905802 0.0177290 0.0023689 0.0106960 0.0430493 0.0569387 0.0050375 0.0141921 0.0040846 0.0416906 0.0728813 0.0187980 0.0257977 0.0243882 0.0605179 0.2356676 0.0034774 0.0242691 0.0350789 0.1826116
 63 I  63 0.0044839 0.0000000 0.0000000 0.0000000 0.0000000 0.0000000 0.0000000 0.0000000 0.0000000 0.5256260 0.1078052 0.0000000 0.0176806 0.0241365 0.0000000 0.0000000 0.0017597 0.0000000 0.0000000 0.1362712 0.1822369
 64 D  64 0.0096629 0.0051050 0.1131825 0.4530568 0.0022593 0.0050587 0.0703632 0.0097084 0.0102400 0.0000000 0.0010345 0.0070172 0.0000000 0.0000000 0.0011785 0.1002184 0.0219343 0.0000000 0.0063856 0.0013578 0.1822369
 65 F  65 0.0095859 0.0031712 0.0000000 0.0000000 0.0137864 0.0023197 0.0060065 0.0018709 0.0015237 0.0064296 0.0307362 0.0023312 0.0063151 0.4718857 0.0000000 0.0023402 0.0028299 0.0048715 0.2396510 0.0118355 0.1825098
 66 P  66 0.0422321 0.0090311 0.0500641 0.1266517 0.0000000 0.0350313 0.2152131 0.0678110 0.0036920 0.0205281 0.0123759 0.0231714 0.0000000 0.0014113 0.0900880 0.0612010 0.0393221 0.0000000 0.0084153 0.0112506 0.1825098
 67 E  67 0.0046709 0.0086043 0.0101334 0.1087007 0.0010662 0.0132447 0.5792565 0.0124874 0.0053790 0.0000000 0.0020351 0.0060242 0.0138791 0.0000000 0.0000000 0.0063237 0.0327926 0.0000000 0.0014676 0.0105061 0.1834281
 68 F  68 0.0000000 0.0000000 0.0000000 0.0000000 0.0000000 0.0000000 0.0000000 0.0000000 0.0000000 0.0000000 0.0180189 0.0000000 0.0024887 0.7822307 0.0000000 0.0012895 0.0000000 0.0000000 0.0102390 0.0023216 0.1834116
 69 L  69 0.0170369 0.0163695 0.0106995 0.0008584 0.0270948 0.0053706 0.0099694 0.0097196 0.0000000 0.1082824 0.3337199 0.0098706 0.0172644 0.0192991 0.0000000 0.0083944 0.0171157 0.0012019 0.0111903 0.1952645 0.1812782
 70 T  70 0.1672442 0.0466216 0.0425452 0.0353320 0.0104253 0.0412669 0.0678040 0.0148631 0.0264011 0.0077269 0.0081039 0.0501219 0.0090927 0.0027269 0.0318484 0.0575471 0.1603391 0.0000000 0.0164673 0.0240080 0.1795143
 71 M  71 0.1295390 0.0032414 0.0016493 0.0000000 0.0024085 0.0000000 0.0037291 0.0008472 0.0022885 0.1333673 0.1979427 0.0040775 0.2184627 0.0055083 0.0044839 0.0036928 0.0024979 0.0023312 0.0016114 0.1018423 0.1804790
 72 M  72 0.0137038 0.0000000 0.0079099 0.0000000 0.0040122 0.0009741 0.0009228 0.0000000 0.0044097 0.0420035 0.0694292 0.0014060 0.4798908 0.0230378 0.0000000 0.0023218 0.0642986 0.0014697 0.0151216 0.0511607 0.2179279
 73 A  73 0.1665846 0.0306964 0.0106949 0.0015789 0.0051177 0.0386326 0.0205534 0.0869132 0.0172893 0.0163250 0.0235862 0.0333186 0.0572763 0.0000000 0.0025398 0.1216021 0.1591519 0.0000000 0.0023089 0.0429127 0.1629174
 74 R  74 0.0487464 0.1685367 0.0315558 0.0281132 0.0009576 0.0462182 0.0784882 0.0111948 0.0892619 0.0254373 0.0389549 0.1059690 0.0107952 0.0014074 0.0358448 0.0397142 0.0376893 0.0009325 0.0029305 0.0257189 0.1715332
 75 K  75 0.0042893 0.0798918 0.0139784 0.0090882 0.0048596 0.0670141 0.0121697 0.0411583 0.0875620 0.0176319 0.0069596 0.3184747 0.0245547 0.0156683 0.0172012 0.0079361 0.0101228 0.0059110 0.0092270 0.0059462 0.2403549
 76 M  76 0.0099534 0.0120277 0.0398403 0.0107340 0.0019596 0.0172387 0.0178829 0.0124053 0.0173567 0.0903559 0.2107549 0.0192555 0.2323797 0.0093304 0.0052640 0.0283298 0.0252976 0.0000000 0.0204956 0.0305256 0.1886123
 77 K  77 0.0409117 0.1022016 0.1018607 0.0102966 0.0009044 0.0654933 0.0119777 0.0465144 0.0074922 0.0125550 0.0745018 0.2190362 0.0017689 0.0070773 0.0091862 0.0617005 0.0171851 0.0000000 0.0007978 0.0220912 0.1864472
 78 D  78 0.0497464 0.0371527 0.0290420 0.1706547 0.0000000 0.0495149 0.1996001 0.0490496 0.0085071 0.0008530 0.0027654 0.1051900 0.0013671 0.0014117 0.0223041 0.0374675 0.0182899 0.0000000 0.0065748 0.0024891 0.2080200
 79 T  79 0.0384510 0.1039794 0.0303481 0.0346574 0.0005384 0.0409989 0.1319285 0.0185533 0.0069481 0.0363287 0.0666241 0.0628768 0.0485989 0.0030594 0.0269452 0.0240488 0.1242860 0.0031182 0.0060831 0.0275312 0.1640964
 80 D  80 0.0248945 0.0036006 0.0429300 0.3871118 0.0000000 0.0182921 0.1608348 0.0680688 0.0021531 0.0035640 0.0158381 0.0120862 0.0013214 0.0040917 0.0147882 0.0309599 0.0364942 0.0000000 0.0104171 0.0079875 0.1545659
 81 S  81 0.0586831 0.0771340 0.0614298 0.0284401 0.0062246 0.0879626 0.0540568 0.0093643 0.0077022 0.0084326 0.0048655 0.0416655 0.0007889 0.0144180 0.1171920 0.1405051 0.0996937 0.0000000 0.0076523 0.0214807 0.1523080
 82 E  82 0.0240671 0.0425475 0.0073811 0.1112633 0.0000000 0.0304868 0.3559908 0.0043231 0.0158995 0.0355767 0.0267178 0.1227232 0.0131070 0.0039308 0.0030785 0.0047201 0.0126899 0.0000000 0.0131760 0.0167709 0.1555499
 83 E  83 0.0387812 0.0340596 0.0144547 0.1364495 0.0000000 0.0844118 0.4399796 0.0068807 0.0016522 0.0000000 0.0036892 0.0639986 0.0007760 0.0000000 0.0000000 0.0131707 0.0083504 0.0000000 0.0000000 0.0066539 0.1466919
 84 E  84 0.0000000 0.0039625 0.0326664 0.1153776 0.0013044 0.0265071 0.5096109 0.0080094 0.1032426 0.0065224 0.0054224 0.0055300 0.0129411 0.0000000 0.0016918 0.0048898 0.0116647 0.0000000 0.0031239 0.0195002 0.1280328
 85 I  85 0.0000000 0.0010950 0.0000000 0.0000000 0.0019544 0.0000000 0.0000000 0.0000000 0.0000000 0.2894321 0.4183429 0.0000000 0.0376085 0.0833651 0.0000000 0.0019974 0.0019534 0.0014350 0.0293479 0.0185539 0.1149143
 86 R  86 0.0158520 0.2916802 0.0033527 0.0010876 0.0000000 0.0460054 0.0106912 0.0009472 0.0196286 0.0329225 0.1067135 0.1860569 0.0291279 0.0284402 0.0034214 0.0158588 0.0103427 0.0066335 0.0360444 0.0410679 0.1141255
 87 E  87 0.0866878 0.0567802 0.0340928 0.0962924 0.0000000 0.0248528 0.3513429 0.0012161 0.0019125 0.0107176 0.0174616 0.1652520 0.0028209 0.0000000 0.0000000 0.0088424 0.0194199 0.0010906 0.0000000 0.0055429 0.1156746
 88 A  88 0.7444456 0.0021376 0.0000000 0.0031283 0.0087988 0.0000000 0.0016296 0.0360955 0.0000000 0.0173940 0.0106121 0.0000000 0.0118612 0.0019052 0.0000000 0.0103762 0.0104034 0.0000000 0.0009145 0.0261408 0.1141571
 89 F  89 0.0000000 0.0000000 0.0000000 0.0000000 0.0000000 0.0000000 0.0000000 0.0000000 0.0000000 0.0064096 0.0394706 0.0000000 0.0151541 0.8117626 0.0000000 0.0000000 0.0000000 0.0033656 0.0021737 0.0025680 0.1190957
 90 R  90 0.0483812 0.2797335 0.0338357 0.0678712 0.0068696 0.0807704 0.0487570 0.0076806 0.0107842 0.0007785 0.0181468 0.1628954 0.0115837 0.0008023 0.0022302 0.0803747 0.0151731 0.0000000 0.0013160 0.0029201 0.1190957
 91 V  91 0.0191063 0.0057203 0.0054593 0.0000000 0.0129244 0.0050559 0.0460583 0.0000000 0.0210414 0.0590167 0.2480931 0.0049612 0.0510138 0.0435846 0.0024887 0.0064200 0.0094004 0.0016790 0.0859790 0.2531094 0.1188881
 92 F  92 0.0107266 0.0000000 0.0000000 0.0000000 0.0015013 0.0000000 0.0000000 0.0000000 0.0000000 0.0238018 0.0288391 0.0000000 0.0096461 0.7598567 0.0000000 0.0042280 0.0086576 0.0000000 0.0247517 0.0065671 0.1214241
 93 D  93 0.0016070 0.0000000 0.0014117 0.8672879 0.0000000 0.0013648 0.0031618 0.0023155 0.0000000 0.0000000 0.0000000 0.0000000 0.0000000 0.0000000 0.0000000 0.0019201 0.0017374 0.0000000 0.0000000 0.0012732 0.1179205
 94 K  94 0.0169187 0.0904865 0.0055544 0.0846785 0.0000000 0.0457638 0.0455164 0.0046297 0.0059569 0.0166921 0.0272619 0.4097354 0.0078841 0.0000000 0.0114406 0.0140634 0.0783495 0.0000000 0.0012702 0.0160421 0.1177558
 95 D  95 0.0057152 0.0008555 0.1390035 0.5948426 0.0000000 0.0086777 0.0985377 0.0067175 0.0106837 0.0000000 0.0020406 0.0060813 0.0000000 0.0000000 0.0019201 0.0049332 0.0009486 0.0000000 0.0000000 0.0011126 0.1179301
 96 G  96 0.0285201 0.0351850 0.1138720 0.0278828 0.0079736 0.0539859 0.0295010 0.4501963 0.0136271 0.0023155 0.0011054 0.0849770 0.0000000 0.0000000 0.0000000 0.0303316 0.0017828 0.0000000 0.0000000 0.0000000 0.1187438
 97 N  97 0.0025757 0.0175586 0.2004355 0.2417794 0.0000000 0.0053752 0.0053063 0.0046597 0.0045443 0.0015597 0.0015559 0.0366136 0.0000000 0.0000000 0.0000000 0.2123473 0.1452948 0.0000000 0.0000000 0.0018267 0.1185672
 98 G  98 0.0007488 0.0020449 0.0024786 0.0014451 0.0000000 0.0008323 0.0014910 0.8639148 0.0011356 0.0000000 0.0000000 0.0024582 0.0000000 0.0000000 0.0000000 0.0031795 0.0013374 0.0008999 0.0000000 0.0000000 0.1180339
 99 Y  99 0.0186270 0.0315983 0.0052374 0.0042669 0.0196000 0.0120031 0.0160418 0.0046720 0.0234338 0.0096808 0.0238869 0.1284901 0.0050683 0.1568757 0.0000000 0.0513308 0.1032434 0.0020406 0.2527403 0.0134518 0.1177109
100 I 100 0.0036868 0.0000000 0.0000000 0.0000000 0.0000000 0.0000000 0.0000000 0.0000000 0.0017909 0.7868913 0.0223476 0.0000000 0.0086422 0.0036618 0.0000000 0.0000000 0.0000000 0.0000000 0.0000000 0.0547252 0.1182543
101 S 101 0.0181291 0.0010051 0.0390111 0.0969520 0.0026791 0.0113280 0.0537578 0.0133923 0.0091237 0.0000000 0.0042488 0.0108008 0.0272213 0.0017476 0.0118336 0.3222921 0.2560922 0.0000000 0.0000000 0.0024199 0.1179656
102 A 102 0.2091304 0.0392577 0.0030622 0.0032841 0.0083923 0.0139552 0.0182715 0.0231516 0.0066303 0.0610056 0.0803079 0.0406949 0.0203334 0.0613491 0.0401763 0.0430595 0.0602263 0.0048898 0.0312211 0.1122377 0.1193631
103 A 103 0.1518363 0.0566075 0.0354712 0.1372123 0.0000000 0.0399706 0.1407625 0.0220270 0.0235782 0.0043228 0.0052357 0.1368112 0.0023912 0.0008893 0.0041877 0.0813053 0.0274921 0.0007353 0.0007765 0.0090238 0.1193631
104 E 104 0.0055991 0.0046184 0.0948837 0.0871444 0.0000000 0.0057022 0.6351951 0.0000000 0.0028251 0.0000000 0.0000000 0.0103848 0.0016297 0.0000000 0.0000000 0.0105980 0.0060634 0.0000000 0.0117422 0.0042508 0.1193631
105 L 105 0.0000000 0.0044839 0.0000000 0.0000000 0.0000000 0.0000000 0.0000000 0.0000000 0.0000000 0.0487725 0.7618687 0.0000000 0.0218359 0.0332379 0.0000000 0.0000000 0.0000000 0.0000000 0.0000000 0.0104380 0.1193631
106 R 106 0.0291251 0.3403357 0.0068330 0.0032966 0.0097638 0.0596839 0.0476364 0.0873424 0.0159456 0.0065095 0.0076138 0.2261435 0.0046436 0.0024131 0.0020449 0.0124514 0.0052862 0.0000000 0.0026245 0.0107061 0.1196011
107 H 107 0.0477240 0.1314968 0.0267987 0.0400942 0.0043051 0.0910880 0.0847560 0.0051646 0.1559180 0.0240091 0.0137565 0.0299062 0.0075832 0.0111885 0.0000000 0.0430333 0.0627291 0.0024085 0.0211175 0.0761004 0.1208223
108 V 108 0.2335452 0.0000000 0.0000000 0.0000000 0.0219143 0.0000000 0.0000000 0.0088107 0.0000000 0.0819281 0.0493155 0.0157386 0.0261522 0.0107894 0.0000000 0.0114242 0.0154952 0.0000000 0.0000000 0.4037960 0.1210905
109 M 109 0.1171050 0.0031283 0.0000000 0.0000000 0.0411049 0.0000000 0.0000000 0.0000000 0.0000000 0.0183812 0.2863477 0.0000000 0.3639581 0.0137853 0.0009847 0.0091640 0.0089114 0.0008933 0.0032110 0.0121253 0.1208998
110 T 110 0.0772980 0.2187537 0.0149900 0.0058024 0.0065065 0.0294988 0.0347500 0.0153559 0.0111230 0.0308092 0.0053499 0.1565522 0.0270902 0.0033156 0.0010865 0.0335790 0.1793425 0.0008893 0.0022364 0.0209867 0.1246843
111 N 111 0.1073665 0.0129126 0.1108971 0.0403769 0.0142898 0.0182556 0.1980111 0.0118230 0.0134346 0.0053493 0.0127890 0.0645840 0.0070414 0.0024889 0.0081354 0.1641813 0.0749711 0.0000000 0.0020711 0.0063370 0.1246843
112 L 112 0.0044680 0.0017525 0.0014227 0.0137832 0.0041036 0.0079292 0.0150687 0.0000000 0.0096529 0.0483990 0.5843064 0.0061413 0.0567152 0.0464224 0.0026461 0.0066049 0.0114634 0.0000000 0.0236588 0.0164064 0.1390551
113 G 113 0.0052381 0.0046778 0.0080530 0.0207277 0.0044767 0.0017102 0.0103624 0.7674724 0.0000000 0.0037305 0.0031710 0.0059427 0.0000000 0.0019444 0.0000000 0.0085119 0.0000000 0.0014989 0.0000000 0.0058822 0.1466001
114 E 114 0.0056900 0.0083818 0.0034471 0.0666109 0.0065537 0.0704920 0.4363316 0.0124592 0.0316055 0.0057344 0.0281628 0.0063128 0.0336526 0.0665521 0.0026503 0.0058290 0.0047610 0.0031283 0.0173928 0.0175974 0.1666547
115 K 115 0.0161201 0.0685269 0.1786388 0.0605902 0.0014054 0.0323456 0.0640342 0.0346748 0.0173957 0.0024079 0.0021197 0.2205983 0.0177723 0.0066303 0.0363762 0.0234232 0.0442171 0.0000000 0.0032108 0.0025956 0.1669171
116 L 116 0.0218117 0.0059247 0.0074974 0.0075890 0.0114279 0.0078617 0.0008637 0.0034342 0.0027623 0.0469959 0.3749597 0.0013654 0.0901943 0.0404534 0.1353074 0.0093445 0.0109365 0.0000000 0.0037218 0.0551360 0.1624126
117 T 117 0.0099584 0.0121848 0.0280639 0.0760865 0.0035458 0.0047737 0.0284614 0.0203566 0.0028556 0.0026874 0.0017769 0.0462661 0.0000000 0.0012213 0.0155816 0.1703235 0.4361839 0.0000000 0.0007821 0.0047989 0.1340916
118 D 118 0.0250024 0.0100490 0.0247911 0.3480873 0.0022636 0.0253575 0.2366778 0.0127632 0.0160883 0.0089631 0.0106906 0.0708054 0.0052444 0.0011822 0.0317168 0.0074512 0.0098803 0.0000000 0.0049519 0.0157009 0.1323332
119 E 119 0.1100046 0.0383029 0.0108823 0.1243964 0.0000000 0.0356480 0.3767986 0.0094963 0.0034394 0.0085797 0.0060999 0.0448325 0.0156939 0.0006246 0.0075610 0.0267298 0.0162563 0.0000000 0.0012706 0.0296329 0.1337500
120 E 120 0.0049337 0.0088729 0.0066345 0.0665343 0.0014406 0.0236080 0.6462730 0.0024591 0.0152675 0.0021653 0.0034542 0.0077744 0.0021341 0.0061676 0.0022576 0.0095026 0.0169743 0.0016070 0.0035280 0.0377647 0.1306466
121 V 121 0.0278515 0.0000000 0.0000000 0.0000000 0.0163629 0.0000000 0.0000000 0.0053820 0.0000000 0.2346438 0.3107376 0.0000000 0.0110225 0.0217170 0.0000000 0.0019578 0.0091792 0.0000000 0.0000000 0.2367547 0.1243911
122 D 122 0.0198387 0.0747041 0.0364592 0.2449013 0.0013766 0.1277955 0.1599621 0.0022518 0.0098704 0.0142550 0.0279722 0.1027224 0.0040449 0.0070456 0.0044749 0.0115872 0.0115835 0.0014478 0.0043061 0.0051913 0.1282096
123 E 123 0.0904108 0.0228830 0.0143192 0.1604634 0.0000000 0.0612519 0.3879576 0.0128790 0.0073406 0.0019586 0.0098898 0.0571004 0.0054546 0.0000000 0.0000000 0.0222114 0.0183687 0.0000000 0.0000000 0.0027720 0.1247389
124 M 124 0.0153877 0.0000000 0.0000000 0.0000000 0.0019691 0.0012213 0.0000000 0.0000000 0.0021125 0.1701961 0.1347716 0.0000000 0.5076598 0.0021194 0.0000000 0.0000000 0.0008342 0.0094668 0.0009926 0.0285300 0.1247389
125 I 125 0.0014314 0.0010356 0.0000000 0.0000000 0.0000000 0.0000000 0.0000000 0.0016378 0.0024721 0.5283802 0.1344390 0.0020449 0.0808783 0.0483373 0.0000000 0.0115723 0.0029739 0.0000000 0.0075513 0.0521343 0.1251116
126 R 126 0.0875496 0.2196550 0.0551311 0.1037409 0.0036916 0.0777123 0.0434688 0.0109932 0.0219998 0.0009461 0.0126306 0.1355067 0.0023890 0.0037971 0.0000000 0.0606818 0.0201834 0.0000000 0.0037528 0.0094888 0.1266815
127 E 127 0.0294732 0.0079481 0.0105233 0.1257898 0.0000000 0.0221107 0.5755695 0.0350032 0.0125314 0.0021125 0.0104271 0.0082710 0.0026887 0.0050216 0.0027410 0.0073395 0.0043125 0.0000000 0.0007236 0.0107319 0.1266815
128 A 128 0.3575051 0.0000000 0.0009805 0.0000000 0.0013518 0.0108839 0.0000000 0.0143012 0.0166697 0.0807819 0.0106169 0.0000000 0.0069659 0.0669039 0.0000000 0.0091986 0.0053946 0.0000000 0.0201459 0.2702992 0.1280010
129 D 129 0.0016930 0.0016378 0.0206925 0.7482240 0.0014960 0.0053831 0.0185741 0.0095192 0.0081116 0.0000000 0.0000000 0.0123992 0.0000000 0.0000000 0.0203706 0.0045786 0.0023684 0.0000000 0.0023147 0.0013518 0.1412854
130 I 130 0.0542807 0.0601676 0.0000000 0.0017991 0.0057230 0.0570419 0.0333022 0.0105959 0.0088244 0.0900890 0.1094939 0.0994286 0.0247562 0.0084004 0.0202739 0.0415978 0.1258925 0.0000000 0.0035148 0.0969096 0.1479083
131 D 131 0.0047711 0.0054925 0.1267158 0.6258939 0.0000000 0.0071678 0.0415914 0.0185406 0.0011524 0.0000000 0.0000000 0.0113389 0.0009991 0.0000000 0.0000000 0.0066045 0.0050592 0.0000000 0.0000000 0.0000000 0.1446727
132 G 132 0.0107676 0.0164968 0.1159168 0.0085875 0.0036762 0.0331960 0.0182834 0.4523294 0.0126953 0.0000000 0.0110983 0.0897534 0.0072277 0.0020035 0.0133537 0.0552659 0.0030202 0.0000000 0.0000000 0.0063049 0.1400235
133 D 133 0.0035623 0.0029251 0.1064163 0.5818874 0.0026461 0.0108816 0.0117144 0.0125724 0.0021276 0.0019568 0.0019710 0.0173037 0.0000000 0.0006036 0.0019467 0.0767628 0.0266781 0.0000000 0.0000000 0.0014351 0.1366090
134 G 134 0.0030273 0.0055893 0.0120401 0.0026997 0.0000000 0.0000000 0.0038975 0.8219354 0.0027349 0.0000000 0.0024591 0.0021428 0.0008418 0.0000000 0.0026461 0.0062870 0.0017388 0.0000000 0.0000000 0.0000000 0.1319602
135 Q 135 0.0223605 0.1628217 0.0355104 0.0033561 0.0197165 0.1184115 0.1285539 0.0072537 0.0198481 0.0029724 0.0394012 0.1164769 0.0223793 0.0114285 0.0051329 0.0313920 0.0916659 0.0000000 0.0123949 0.0206546 0.1282688
136 V 136 0.0013345 0.0000000 0.0000000 0.0000000 0.0000000 0.0000000 0.0000000 0.0044839 0.0000000 0.5577143 0.0460012 0.0000000 0.0099749 0.0175233 0.0000000 0.0023641 0.0017597 0.0000000 0.0000000 0.2261059 0.1327382
137 N 137 0.0041415 0.0123464 0.2876417 0.3118332 0.0079301 0.0033224 0.0286403 0.0076869 0.0105153 0.0016786 0.0026915 0.0252444 0.0019043 0.0020406 0.0009584 0.1378721 0.0176271 0.0000000 0.0019687 0.0010208 0.1329357
138 Y 138 0.0163341 0.0045229 0.0000000 0.0000000 0.0030884 0.0217827 0.0621277 0.0008801 0.0021420 0.0076135 0.0208532 0.0058693 0.0040146 0.2763102 0.0059812 0.0006776 0.0023453 0.0028412 0.4202296 0.0074827 0.1349036
139 E 139 0.0325483 0.0086536 0.0494339 0.1586030 0.0000000 0.0557202 0.3884987 0.0196325 0.0114506 0.0077377 0.0060946 0.0212715 0.0013406 0.0013678 0.0324752 0.0385539 0.0145101 0.0000000 0.0087775 0.0076243 0.1357061
140 E 140 0.0107596 0.0041692 0.0069808 0.1047856 0.0010168 0.0077765 0.6880142 0.0038091 0.0000000 0.0015617 0.0009287 0.0034235 0.0021758 0.0011174 0.0000000 0.0016872 0.0078314 0.0000000 0.0020694 0.0016351 0.1502581
141 L 141 0.0000000 0.0000000 0.0000000 0.0000000 0.0000000 0.0000000 0.0000000 0.0000000 0.0000000 0.0020694 0.0247631 0.0000000 0.0000000 0.8093145 0.0000000 0.0000000 0.0000000 0.0019052 0.0060698 0.0012822 0.1545958
142 V 142 0.0581244 0.0168202 0.0064971 0.0008071 0.0267009 0.0064403 0.0074181 0.0023453 0.0028884 0.0889395 0.1777799 0.0261151 0.0321275 0.0128056 0.0000000 0.0131101 0.0287394 0.0017818 0.0169481 0.3155532 0.1580581
143 Q 143 0.1631205 0.1587744 0.0423590 0.0153816 0.0034870 0.0527491 0.0512081 0.0075705 0.0307009 0.0106892 0.0070817 0.1156380 0.0105445 0.0017396 0.0010671 0.0482761 0.0812203 0.0036034 0.0123820 0.0150436 0.1673636
144 M 144 0.0142218 0.0135863 0.0000000 0.0000000 0.0007064 0.0016702 0.0000000 0.0000000 0.0094654 0.1709588 0.1188092 0.0113398 0.3807489 0.0125099 0.0013345 0.0019958 0.0059911 0.0000000 0.0018465 0.0722447 0.1825706
145 M 145 0.0017828 0.0000000 0.0000000 0.0000000 0.0115798 0.0000000 0.0000000 0.0000000 0.0000000 0.0688603 0.0767267 0.0044839 0.5879445 0.0040899 0.0000000 0.0000000 0.0000000 0.0000000 0.0000000 0.0463005 0.1982315
146 T 146 0.0691012 0.0942185 0.0086119 0.0000000 0.0008957 0.0241456 0.0010870 0.0175663 0.0021125 0.0067393 0.0388233 0.1432689 0.0673143 0.0000000 0.0014060 0.0722931 0.1847781 0.0000000 0.0000000 0.0185964 0.2490418
147 A 147 0.0909546 0.0787619 0.0085212 0.0042258 0.0007638 0.0280224 0.0151768 0.0535729 0.0052650 0.0051893 0.0034442 0.1487072 0.0058029 0.0006969 0.0230611 0.0961943 0.0208762 0.0008633 0.0000000 0.0056203 0.4042800
148 K 148 0.0000000 0.0336425 0.0000000 0.0000000 0.0000000 0.0184559 0.0000000 0.0000000 0.0000000 0.0000000 0.0000000 0.2291423 0.0000000 0.0000000 0.0000000 0.0000000 0.0000000 0.0000000 0.0000000 0.0000000 0.7187593
