  135         A         R         N         D         C         Q         E         G         H         I         L         K         M         F         P         S         T         W         Y         V    
  1 M   1 0.0000000 0.0000000 0.0000000 0.0000000 0.0000000 0.0000000 0.0000000 0.0000000 0.0000000 0.0000000 0.0966472 0.0000000 0.8160331 0.0000000 0.0000000 0.0000000 0.0000000 0.0000000 0.0000000 0.0873198
  2 R   2 0.4333760 0.0870964 0.0000000 0.0000000 0.0000000 0.0000000 0.0000000 0.0236377 0.0133236 0.0000000 0.0000000 0.0355508 0.0000000 0.0000000 0.2110603 0.1121329 0.0611292 0.0000000 0.0000000 0.0226930
  3 G   3 0.0519955 0.0000000 0.0208618 0.0000000 0.0000000 0.0300229 0.0161891 0.1417004 0.0000000 0.0644143 0.0134081 0.0301238 0.3425823 0.0314885 0.0000000 0.1452335 0.0600161 0.0000000 0.0000000 0.0519636
  4 S   4 0.1670096 0.0000000 0.0120653 0.0385944 0.0000000 0.0170410 0.0210902 0.0179893 0.0000000 0.0157826 0.0594970 0.0563911 0.0306169 0.0000000 0.3698950 0.1373123 0.0075716 0.0000000 0.0000000 0.0491437
  5 M   5 0.0692534 0.0000000 0.0089543 0.0153806 0.0000000 0.0679340 0.0553998 0.0000000 0.0000000 0.0199790 0.0121937 0.0294467 0.4287487 0.0000000 0.0442797 0.0037878 0.0321845 0.0000000 0.0000000 0.2124579
  6 S   6 0.3252772 0.0000000 0.1434918 0.2185924 0.0000000 0.0664969 0.0292012 0.0026815 0.0042448 0.0000000 0.0084172 0.0255484 0.0000000 0.0000000 0.0098302 0.1377626 0.0195430 0.0057445 0.0031684 0.0000000
  7 F   7 0.0000000 0.0000000 0.0000000 0.0000000 0.0000000 0.0050044 0.0000000 0.0000000 0.0000000 0.0595149 0.1864120 0.0000000 0.0272471 0.6657578 0.0000000 0.0000000 0.0000000 0.0059712 0.0500926 0.0000000
  8 S   8 0.0960874 0.0025415 0.1157313 0.0300841 0.0293879 0.0013802 0.0507766 0.0035419 0.0000000 0.0343254 0.0985670 0.0026799 0.0098125 0.0283998 0.0000000 0.1909621 0.1352581 0.0000000 0.0276326 0.1428318
  9 G   9 0.0193962 0.0000000 0.0026169 0.0025514 0.0062769 0.0038450 0.0000000 0.9428884 0.0000000 0.0000000 0.0000000 0.0187020 0.0000000 0.0000000 0.0000000 0.0016581 0.0000000 0.0000000 0.0000000 0.0020650
 10 K  10 0.0039205 0.0729108 0.0246475 0.0040406 0.0000000 0.0038036 0.0092876 0.0000000 0.0057303 0.0090632 0.0038744 0.3204543 0.0015257 0.0048863 0.0000000 0.0537408 0.4251285 0.0000000 0.0325730 0.0244128
 11 Y  11 0.0000000 0.0000000 0.0000000 0.0000000 0.0025116 0.0000000 0.0000000 0.0000000 0.0000000 0.0000000 0.0000000 0.0000000 0.0000000 0.0758170 0.0000000 0.0048536 0.0000000 0.6390891 0.2777288 0.0000000
 12 Q  12 0.0109010 0.0881409 0.0432334 0.0234036 0.0067639 0.0971720 0.1052708 0.0000000 0.0137673 0.0096814 0.0058005 0.4947990 0.0036761 0.0000000 0.0000000 0.0208337 0.0480908 0.0000000 0.0000000 0.0284657
 13 L  13 0.0089928 0.0360702 0.0000000 0.0000000 0.0036474 0.0441571 0.0000000 0.0000000 0.0441383 0.0275500 0.4726763 0.0115306 0.1194004 0.0692150 0.0069761 0.0142157 0.0274555 0.0073235 0.0292562 0.0773949
 14 Q  14 0.0301033 0.0046271 0.0039286 0.1290953 0.0024843 0.0439020 0.1809131 0.0197345 0.0069329 0.0845142 0.0231217 0.0513388 0.0116405 0.0030761 0.0000000 0.0510715 0.0730450 0.0000000 0.0339457 0.2465254
 15 S  15 0.0290781 0.1263958 0.0072335 0.0695837 0.0000000 0.0089285 0.0734413 0.0265055 0.0637897 0.0000000 0.0000000 0.1532241 0.0000000 0.0000000 0.0000000 0.4024887 0.0351566 0.0000000 0.0020135 0.0021610
 16 Q  16 0.0058077 0.0113623 0.1343081 0.0469462 0.0170816 0.1472186 0.0339397 0.0116241 0.0242262 0.0110632 0.0042100 0.0036350 0.0000000 0.0000000 0.0000000 0.4843734 0.0487778 0.0000000 0.0030182 0.0124079
 17 E  17 0.0057051 0.0042184 0.0120208 0.1635139 0.0061112 0.0293843 0.6241020 0.0000000 0.0253024 0.0062545 0.0014770 0.0649859 0.0017247 0.0000000 0.0000000 0.0252864 0.0106577 0.0000000 0.0000000 0.0192557
 18 N  18 0.0000000 0.0069412 0.8114065 0.0132983 0.0000000 0.0030164 0.0000000 0.0877939 0.0062931 0.0000000 0.0000000 0.0350624 0.0000000 0.0000000 0.0000000 0.0256969 0.0104914 0.0000000 0.0000000 0.0000000
 19 F  19 0.0038199 0.0000000 0.0000000 0.0050239 0.0000000 0.0077947 0.0000000 0.0089952 0.0036853 0.0224341 0.0659505 0.0000000 0.0416983 0.6123836 0.0000000 0.0073803 0.0112809 0.0063820 0.1923593 0.0108118
 20 E  20 0.0056944 0.0000000 0.0219220 0.5326211 0.0000000 0.0052448 0.3604800 0.0120495 0.0013739 0.0000000 0.0140876 0.0155838 0.0000000 0.0000000 0.0045609 0.0108393 0.0039232 0.0000000 0.0000000 0.0116196
 21 A  21 0.1390977 0.0045766 0.0239440 0.1990261 0.0056987 0.0150767 0.3919324 0.0573426 0.0000000 0.0000000 0.0019066 0.0806920 0.0032522 0.0030362 0.0421706 0.0198562 0.0023088 0.0000000 0.0000000 0.0100826
 22 F  22 0.0000000 0.0000000 0.0000000 0.0000000 0.0061535 0.0041737 0.0000000 0.0000000 0.0000000 0.0362750 0.0775255 0.0000000 0.0094998 0.3706496 0.0000000 0.0000000 0.0080305 0.0073468 0.4492280 0.0311175
 23 M  23 0.0058605 0.0022772 0.0075007 0.0000000 0.0128278 0.0000000 0.0000000 0.0000000 0.0000000 0.0140325 0.4427628 0.0000000 0.4519859 0.0256081 0.0000000 0.0031117 0.0025169 0.0019088 0.0045782 0.0250289
 24 K  24 0.0620166 0.0746774 0.0080846 0.0268407 0.0000000 0.0374835 0.1201565 0.0049141 0.0101014 0.0082899 0.0207581 0.4868643 0.0027716 0.0000000 0.0062753 0.0434244 0.0559742 0.0000000 0.0042112 0.0271561
 25 A  25 0.4694847 0.0238409 0.0046195 0.0091783 0.0056102 0.0302160 0.1762760 0.0137447 0.0056330 0.0000000 0.0293014 0.1156759 0.0000000 0.0045678 0.0000000 0.0658714 0.0083959 0.0000000 0.0000000 0.0375843
 26 I  26 0.0360185 0.0203222 0.0037102 0.0000000 0.0054132 0.0207036 0.0070169 0.0000000 0.0039894 0.1470149 0.4727849 0.0311931 0.0771384 0.0139594 0.0000000 0.0190730 0.0194617 0.0000000 0.0049659 0.1172346
 27 G  27 0.0085897 0.0017472 0.0271061 0.0819264 0.0013049 0.0158655 0.0079305 0.8265986 0.0000000 0.0000000 0.0000000 0.0165075 0.0000000 0.0000000 0.0026887 0.0097349 0.0000000 0.0000000 0.0000000 0.0000000
 28 L  28 0.0321722 0.0000000 0.0058686 0.0000000 0.0045225 0.0000000 0.0000000 0.0000000 0.0027099 0.2119307 0.1509811 0.0028473 0.0146182 0.0206428 0.0040915 0.0129611 0.0234320 0.0000000 0.0308122 0.4824098
 29 P  29 0.0265421 0.0139089 0.1960381 0.0718766 0.0052076 0.0024654 0.0044291 0.2820580 0.0098848 0.0036958 0.0023811 0.0075067 0.0000000 0.0000000 0.2639131 0.0988281 0.0067826 0.0000000 0.0000000 0.0044821
 30 E  30 0.0749916 0.0199874 0.0137667 0.0690288 0.0020402 0.0312807 0.0872791 0.0000000 0.0044862 0.0391887 0.1058317 0.0325530 0.0460578 0.1882400 0.0340793 0.0372920 0.0119785 0.0942625 0.0443181 0.0633378
 31 E  31 0.2738613 0.0102839 0.0041494 0.1500304 0.0000000 0.0065129 0.0988784 0.0027687 0.0112583 0.0693816 0.0759933 0.0000000 0.0580080 0.0789885 0.0140323 0.0235458 0.0165324 0.0000000 0.0042239 0.1015509
 32 L  32 0.0589991 0.0169525 0.0108223 0.0000000 0.0000000 0.0182897 0.0072031 0.0046329 0.0124531 0.0715213 0.2142624 0.1584264 0.0592610 0.0121215 0.0081408 0.0208494 0.2211588 0.0022317 0.0172142 0.0854598
 33 I  33 0.0195029 0.6829553 0.0000000 0.0000000 0.0000000 0.0106751 0.0000000 0.0104744 0.0106791 0.1602602 0.0179846 0.0133834 0.0031103 0.0136335 0.0000000 0.0000000 0.0047912 0.0097197 0.0024001 0.0404302
 34 Q  34 0.0483975 0.0235012 0.0324012 0.0375114 0.0000000 0.1759718 0.0581513 0.0052598 0.0056846 0.0000000 0.0074868 0.4967895 0.0185266 0.0040301 0.0258998 0.0166122 0.0404864 0.0000000 0.0000000 0.0032899
 35 K  35 0.1224084 0.0217130 0.0147208 0.0000000 0.0000000 0.0178890 0.0063400 0.0076977 0.0058059 0.1694724 0.1878738 0.1267877 0.1589655 0.0036838 0.0171290 0.0088817 0.0171312 0.0024411 0.0000000 0.1110592
 36 G  36 0.4503459 0.0056489 0.0000000 0.0043905 0.0000000 0.0109938 0.0085087 0.2432192 0.0000000 0.0606862 0.0465228 0.0050101 0.0269460 0.0174444 0.0000000 0.0253706 0.0054932 0.0000000 0.0109167 0.0785031
 37 K  37 0.1355583 0.0618056 0.1360723 0.0173514 0.0631524 0.0378634 0.0140427 0.0387604 0.0063511 0.0106985 0.0876744 0.2003686 0.0058515 0.0000000 0.0037036 0.0578621 0.0799436 0.0000000 0.0000000 0.0429402
 38 D  38 0.0895217 0.0273811 0.0639948 0.1091138 0.0043745 0.0223740 0.0240076 0.0073942 0.0562744 0.0269306 0.1572957 0.0785910 0.0931177 0.0315817 0.0000000 0.0936405 0.0691633 0.0000000 0.0064366 0.0388066
 39 I  39 0.2302271 0.0000000 0.0086575 0.0430593 0.0070881 0.0056812 0.0117801 0.0157259 0.0048430 0.0665057 0.1792147 0.0128153 0.0389337 0.0729442 0.0051258 0.0811411 0.1001807 0.0000000 0.0282592 0.0878174
 40 K  40 0.0175035 0.0414937 0.0859808 0.0338790 0.0000000 0.0024971 0.0290849 0.0186500 0.0219192 0.0034843 0.0000000 0.4759087 0.0016105 0.0132198 0.0036060 0.1429064 0.0954165 0.0000000 0.0016142 0.0112254
 41 G  41 0.0229406 0.0000000 0.0027833 0.0044124 0.0033257 0.0350322 0.0028873 0.0221997 0.0068764 0.0304821 0.0896276 0.0154184 0.0103355 0.0288003 0.5745539 0.0584014 0.0137734 0.0000000 0.0071355 0.0710143
 42 V  42 0.0120544 0.0296525 0.0389461 0.0885199 0.0040566 0.0469477 0.0212086 0.0000000 0.0253711 0.0796234 0.0136457 0.0838524 0.0105156 0.0050808 0.0144186 0.0516623 0.2917566 0.0000000 0.0145362 0.1681515
 43 S  43 0.0015512 0.0014640 0.0148088 0.0079622 0.0288531 0.0356567 0.0174084 0.0000000 0.0187506 0.1039299 0.1427133 0.1384417 0.0419931 0.0268869 0.0014983 0.0568852 0.1181783 0.0000000 0.0192043 0.2238140
 44 E  44 0.0015899 0.0054570 0.0105002 0.0340629 0.0038608 0.0208809 0.4250972 0.0044040 0.0064074 0.1638603 0.0098251 0.0435139 0.0010091 0.0000000 0.0000000 0.0185429 0.1482108 0.0000000 0.0035775 0.0992000
 45 I  45 0.0029922 0.0029811 0.0000000 0.0000000 0.0128615 0.0022397 0.0000000 0.0000000 0.0186349 0.6153232 0.0689581 0.0026938 0.0075223 0.0986953 0.0000000 0.0030008 0.0052879 0.0020199 0.0213251 0.1354644
 46 V  46 0.0261730 0.0567666 0.0114226 0.0381923 0.0069832 0.0773867 0.1227109 0.0029812 0.0028504 0.0348728 0.0152160 0.0725520 0.0039661 0.0015857 0.0000000 0.2258654 0.2072591 0.0000000 0.0071525 0.0860633
 47 Q  47 0.0178602 0.0338792 0.0209771 0.0192227 0.0397094 0.3628556 0.0343326 0.0057823 0.0565637 0.0343503 0.0562864 0.1316049 0.0178395 0.0091532 0.0000000 0.0135943 0.0155579 0.0000000 0.0036034 0.1268274
 48 N  48 0.0166698 0.0104571 0.2525770 0.3175055 0.0000000 0.0298222 0.1242906 0.0088304 0.0000000 0.0022474 0.0083742 0.0623132 0.0000000 0.0015676 0.0000000 0.0838120 0.0520683 0.0000000 0.0053006 0.0241641
 49 G  49 0.0287350 0.0025180 0.0138787 0.0754642 0.0041458 0.0000000 0.0444585 0.7466762 0.0000000 0.0000000 0.0055985 0.0041009 0.0000000 0.0000000 0.0477104 0.0104393 0.0108410 0.0000000 0.0000000 0.0054335
 50 K  50 0.0098127 0.0000000 0.1921132 0.5010561 0.0051471 0.0400629 0.0625396 0.0853670 0.0019137 0.0049324 0.0000000 0.0618637 0.0000000 0.0000000 0.0047185 0.0202030 0.0102700 0.0000000 0.0000000 0.0000000
 51 H  51 0.0091037 0.0388124 0.0826024 0.0795452 0.0100669 0.0576127 0.0505711 0.0260724 0.0977664 0.0161666 0.0212440 0.1793471 0.0075674 0.0000000 0.0000000 0.0929677 0.1508312 0.0123785 0.0141794 0.0531650
 52 F  52 0.0010943 0.0000000 0.0000000 0.0000000 0.0033098 0.0000000 0.0011883 0.0000000 0.0036610 0.1235099 0.0976877 0.0000000 0.0783975 0.3501448 0.0000000 0.0041145 0.0000000 0.0938576 0.1592825 0.0837523
 53 K  53 0.0093385 0.0191400 0.0431261 0.0441274 0.0150226 0.0019026 0.0221624 0.0030600 0.0465001 0.0455721 0.0072865 0.1222383 0.0000000 0.0052379 0.0000000 0.0494223 0.4113389 0.0044398 0.0398883 0.1101961
 54 F  54 0.0000000 0.0000000 0.0028800 0.0121670 0.0096066 0.0057246 0.0140941 0.0000000 0.0000000 0.3808009 0.1189746 0.0055640 0.0858017 0.0684004 0.0000000 0.0094247 0.0192033 0.0598905 0.0405954 0.1668720
 55 T  55 0.0126384 0.1171447 0.0322316 0.0070012 0.0070495 0.0227391 0.0315976 0.0051719 0.0182435 0.0282959 0.0088129 0.4007956 0.0000000 0.0000000 0.0000000 0.0788630 0.1879932 0.0000000 0.0000000 0.0414219
 56 I  56 0.0085101 0.0297192 0.0535659 0.0012006 0.0036633 0.0584311 0.0483589 0.0059771 0.0020495 0.0730444 0.0217056 0.0000000 0.0305054 0.0243916 0.0000000 0.1290247 0.4415278 0.0000000 0.0086442 0.0596807
 57 T  57 0.0203105 0.0189973 0.0278236 0.0268945 0.0032161 0.0600627 0.1276189 0.0112417 0.0214952 0.0674845 0.1241768 0.0802634 0.0067023 0.0029268 0.0000000 0.1182607 0.1431189 0.0213131 0.0566091 0.0614840
 58 A  58 0.0503924 0.0067490 0.0398817 0.0113876 0.0060834 0.0000000 0.0071112 0.0146005 0.0000000 0.0266419 0.0147173 0.0141601 0.0149584 0.0142167 0.0179839 0.4406859 0.2920927 0.0064525 0.0135646 0.0083202
 59 G  59 0.0412107 0.0284097 0.0153776 0.0100127 0.0000000 0.0118751 0.0262747 0.1733551 0.0000000 0.0293352 0.0218808 0.0309721 0.0257830 0.0138804 0.1271017 0.0892948 0.3341929 0.0074504 0.0000000 0.0135934
 60 S  60 0.0204607 0.0209905 0.0306504 0.0401204 0.0020111 0.0086802 0.0258943 0.0954976 0.0111822 0.0631335 0.1192540 0.0563164 0.0263470 0.3291907 0.0157127 0.0359887 0.0148441 0.0000000 0.0000000 0.0837256
 61 K  61 0.0174678 0.2173187 0.0220060 0.0000000 0.0051717 0.0401189 0.0131202 0.0619644 0.0222838 0.0169383 0.0103746 0.5017775 0.0081502 0.0170532 0.0022512 0.0173350 0.0137778 0.0075037 0.0000000 0.0053872
 62 V  62 0.0153400 0.0122781 0.2890294 0.0381677 0.0000000 0.0102834 0.0364584 0.0000000 0.0091013 0.0176520 0.0015781 0.0345530 0.0019001 0.0018973 0.0128548 0.1372268 0.3112129 0.0000000 0.0000000 0.0704668
 63 I  63 0.0261279 0.0257281 0.0399732 0.0152497 0.0000000 0.0159558 0.0241102 0.0053923 0.0236639 0.0648368 0.0630221 0.0635331 0.0356778 0.0495186 0.0039285 0.0741645 0.2794495 0.0129808 0.0927195 0.0839677
 64 Q  64 0.0124360 0.0087321 0.0347147 0.0636371 0.0000000 0.0521768 0.3268249 0.0019868 0.0321984 0.0240478 0.0232394 0.0360559 0.0095855 0.0097519 0.0000000 0.0569353 0.1916284 0.0000000 0.0213006 0.0947483
 65 N  65 0.0251112 0.0086169 0.2199465 0.0121276 0.0057327 0.0157626 0.0040686 0.0000000 0.0258838 0.2377273 0.0651843 0.0321167 0.0740880 0.0572558 0.0000000 0.0179263 0.0500669 0.0100743 0.0211518 0.1171586
 66 E  66 0.0301683 0.0162039 0.0656531 0.0732530 0.0058584 0.0164895 0.1083264 0.0068643 0.0233099 0.0063871 0.0027817 0.1668942 0.0000000 0.0030627 0.0055690 0.2261799 0.2079996 0.0000000 0.0000000 0.0349990
 67 F  67 0.0015772 0.0000000 0.0051488 0.0000000 0.0287641 0.0000000 0.0000000 0.0017128 0.0000000 0.0269257 0.0330406 0.0000000 0.0112432 0.7678771 0.0000000 0.0024200 0.0076520 0.0334025 0.0500767 0.0301593
 68 T  68 0.0157889 0.0545169 0.0332625 0.0216895 0.0031581 0.0334416 0.0665883 0.0113511 0.0105965 0.0220902 0.0020367 0.3373408 0.0068009 0.0068708 0.0119168 0.0437194 0.2881926 0.0000000 0.0042849 0.0263536
 69 V  69 0.0000000 0.0000000 0.0070442 0.0042730 0.0000000 0.0000000 0.0037244 0.0000000 0.0000000 0.1766732 0.5057892 0.0000000 0.0076052 0.0494847 0.0273255 0.0265308 0.0104228 0.0048007 0.0073822 0.1689440
 70 G  70 0.0143454 0.0102356 0.0488987 0.0496190 0.0000000 0.0032131 0.0188166 0.8284164 0.0000000 0.0000000 0.0000000 0.0026913 0.0026066 0.0000000 0.0000000 0.0137608 0.0073967 0.0000000 0.0000000 0.0000000
 71 E  71 0.0099294 0.0185473 0.0059581 0.0136067 0.0000000 0.1626020 0.3997859 0.0205715 0.0096525 0.0041802 0.0024875 0.1411194 0.0098184 0.0110866 0.0036187 0.0055544 0.0307297 0.0000000 0.0000000 0.1507515
 72 E  72 0.0309841 0.0000000 0.0091407 0.0310873 0.0000000 0.0178885 0.6628661 0.0042682 0.0000000 0.0000000 0.0161906 0.0572244 0.0057043 0.0000000 0.0658043 0.0428604 0.0378779 0.0000000 0.0000000 0.0181033
 73 C  73 0.0493125 0.0000000 0.0023700 0.0000000 0.0624574 0.0131801 0.0138017 0.0124095 0.0000000 0.0132122 0.0197458 0.0012313 0.0031225 0.6071113 0.0130236 0.0710602 0.0292735 0.0091871 0.0379972 0.0415042
 74 E  74 0.0029030 0.0000000 0.0438143 0.3252064 0.0000000 0.0225398 0.4018400 0.0034052 0.0000000 0.0098291 0.0070917 0.0535519 0.0000000 0.0000000 0.0081513 0.0239614 0.0336982 0.0000000 0.0070261 0.0569816
 75 L  75 0.0228998 0.0031093 0.0044242 0.0552074 0.0036904 0.0353275 0.5475785 0.0208147 0.0076338 0.0683100 0.0545117 0.0098034 0.0440497 0.0247699 0.0000000 0.0037493 0.0164229 0.0000000 0.0403004 0.0373970
 76 E  76 0.0229794 0.0150075 0.0406173 0.0967205 0.0096362 0.0436668 0.2197578 0.0038938 0.0202989 0.0253680 0.0237556 0.0905278 0.0050172 0.0103747 0.0110381 0.0322969 0.2427365 0.0028367 0.0143607 0.0691094
 77 T  77 0.0199462 0.0467127 0.0372141 0.0266241 0.0000000 0.0034327 0.0054695 0.1175610 0.0000000 0.0285159 0.0967686 0.0147911 0.0362374 0.0066309 0.0073129 0.0546941 0.4795994 0.0021023 0.0000000 0.0163873
 78 M  78 0.2137944 0.0000000 0.0083526 0.0062151 0.0000000 0.0103764 0.0035762 0.0326090 0.0045613 0.0766487 0.1890344 0.0040180 0.0861135 0.0434398 0.1704587 0.0194549 0.0117445 0.0032859 0.0084673 0.1078493
 79 T  79 0.0153968 0.0180762 0.0179005 0.6146552 0.0000000 0.0031730 0.0155459 0.0952280 0.0015728 0.0077846 0.0124077 0.0092305 0.0243177 0.0097279 0.0126736 0.0437502 0.0779885 0.0080823 0.0034807 0.0090080
 80 G  80 0.0145482 0.0038380 0.1080251 0.1408311 0.0022332 0.0064919 0.0254512 0.6324334 0.0000000 0.0089905 0.0000000 0.0120588 0.0000000 0.0036767 0.0034754 0.0352931 0.0000000 0.0000000 0.0000000 0.0026533
 81 E  81 0.0190583 0.4391028 0.0316047 0.0079433 0.0019649 0.0331988 0.0919249 0.0256722 0.0141304 0.0098714 0.0178370 0.1308869 0.0103885 0.0027777 0.0036770 0.0268417 0.0904823 0.0000000 0.0066979 0.0359392
 82 K  82 0.0177240 0.0278855 0.0339776 0.0183201 0.0000000 0.0376330 0.0575621 0.0039057 0.0411652 0.0415506 0.0049486 0.5043384 0.0247346 0.0000000 0.0381649 0.0371317 0.0803793 0.0000000 0.0052638 0.0253150
 83 V  83 0.0339508 0.0410584 0.0032589 0.0064609 0.1275821 0.0025302 0.0082766 0.0017273 0.0469305 0.0724902 0.0802949 0.0056846 0.0193549 0.0688350 0.0027344 0.0138711 0.0854628 0.0000000 0.0212053 0.3582911
 84 K  84 0.0111427 0.0616707 0.0353558 0.0219808 0.0000000 0.0827912 0.0523759 0.0050590 0.0119546 0.0196321 0.0030580 0.5716540 0.0374922 0.0000000 0.0064011 0.0347693 0.0418877 0.0000000 0.0000000 0.0027749
 85 T  85 0.1044699 0.0063163 0.0097721 0.0145575 0.0342899 0.0041994 0.0041821 0.0637262 0.0015643 0.0427815 0.0163168 0.0027049 0.0050882 0.0050788 0.0000000 0.3347577 0.2434230 0.0000000 0.0119797 0.0947916
 86 V  86 0.0142898 0.0091387 0.0135846 0.0034961 0.0020475 0.0053232 0.0071322 0.0008454 0.0040496 0.1358632 0.1109508 0.0150232 0.0147732 0.0179708 0.0073416 0.0439716 0.3576845 0.0000000 0.0000000 0.2365141
 87 V  87 0.0749762 0.0000000 0.0000000 0.0000000 0.0541313 0.0038204 0.0000000 0.0000000 0.0064103 0.1287800 0.0197826 0.0041650 0.0282958 0.0932093 0.0241861 0.0232009 0.0332243 0.0440883 0.0612935 0.4004359
 88 Q  88 0.0171827 0.0504748 0.0965140 0.0341491 0.0000000 0.0377429 0.0250529 0.0023989 0.0236690 0.0121287 0.0019062 0.0688086 0.0022750 0.0214998 0.0031130 0.0824969 0.4591154 0.0046548 0.0119108 0.0449066
 89 L  89 0.0079002 0.0269811 0.0000000 0.0056613 0.0024038 0.0348398 0.0139304 0.0027484 0.0000000 0.0545283 0.3164689 0.0549528 0.1226633 0.0855493 0.0040160 0.0109070 0.0000000 0.1838596 0.0302853 0.0423046
 90 E  90 0.0168187 0.0033357 0.0162652 0.2916475 0.0000000 0.0192831 0.4749202 0.0000000 0.0077395 0.0097128 0.0053548 0.0558579 0.0038452 0.0067274 0.0000000 0.0172934 0.0271562 0.0068803 0.0089321 0.0282299
 91 G  91 0.0045085 0.0115640 0.0901247 0.1371079 0.0000000 0.0000000 0.0420982 0.5993216 0.0070876 0.0000000 0.0029108 0.0211665 0.0028468 0.0000000 0.0000000 0.0561818 0.0250816 0.0000000 0.0000000 0.0000000
 92 D  92 0.0048188 0.0009562 0.1422557 0.3682104 0.0000000 0.0038328 0.0963910 0.2956451 0.0000000 0.0000000 0.0089301 0.0148383 0.0000000 0.0042028 0.0188004 0.0225060 0.0086780 0.0000000 0.0041213 0.0058132
 93 N  93 0.0849138 0.0330891 0.1984587 0.0472217 0.0099189 0.0097542 0.0097857 0.0808210 0.0335696 0.0063179 0.0097223 0.2077758 0.0071420 0.0082860 0.0000000 0.0799552 0.1116347 0.0016212 0.0000000 0.0600122
 94 K  94 0.0058005 0.0426551 0.0014113 0.0032730 0.0000000 0.0321697 0.0045523 0.0040811 0.0066529 0.0162825 0.3847198 0.3571907 0.0470699 0.0172660 0.0000000 0.0017413 0.0119076 0.0218306 0.0056449 0.0357507
 95 L  95 0.0037135 0.0113809 0.0100516 0.0000000 0.0000000 0.0053508 0.0047460 0.0109656 0.0090400 0.1732257 0.3260666 0.0300213 0.0377238 0.0307486 0.0000000 0.0047184 0.0677069 0.0110696 0.0000000 0.2634706
 96 V  96 0.0074318 0.0174445 0.0000000 0.0029813 0.0080017 0.1705759 0.0375562 0.0000000 0.1034213 0.1040658 0.0481615 0.0469155 0.0165625 0.0125551 0.0010142 0.0436966 0.1090997 0.0000000 0.0105355 0.2599811
 97 T  97 0.0469444 0.0030664 0.0054492 0.0201273 0.1422040 0.0609923 0.0490117 0.0267927 0.0922190 0.0534764 0.0306784 0.0350450 0.0135881 0.0141072 0.0000000 0.0276978 0.1339582 0.0000000 0.0084401 0.2362017
 98 A  98 0.0157669 0.0289748 0.0705214 0.0601220 0.0000000 0.2714734 0.1131570 0.0219335 0.0236954 0.0265217 0.0000000 0.0638133 0.0092294 0.0040487 0.0095782 0.0357362 0.1061151 0.0000000 0.0062480 0.1330650
 99 F  99 0.0146194 0.0227063 0.0482675 0.0552329 0.0009155 0.2318631 0.0313311 0.0694469 0.0087190 0.0214241 0.0253565 0.2066041 0.0239690 0.0830799 0.0055325 0.0419702 0.0693446 0.0000000 0.0244728 0.0151445
100 K 100 0.0239128 0.0347771 0.0214167 0.0251875 0.0000000 0.0062308 0.0274289 0.0660188 0.0187934 0.0066044 0.0149885 0.3882410 0.0117670 0.0019761 0.1433582 0.0000000 0.0085716 0.1838947 0.0076163 0.0092162
101 N 101 0.0068128 0.0132010 0.1314495 0.2320487 0.0000000 0.0188573 0.0965168 0.2319114 0.0066709 0.0020555 0.0413857 0.0966901 0.0128608 0.0000000 0.0124810 0.0602705 0.0177691 0.0021381 0.0000000 0.0168809
102 I 102 0.0218293 0.0163497 0.0213602 0.0637525 0.0006951 0.0000000 0.1178163 0.2369850 0.0025449 0.0711533 0.0747275 0.0019440 0.0093545 0.0465685 0.0195936 0.0652746 0.1086839 0.0060050 0.0528804 0.0624818
103 K 103 0.0029656 0.0477877 0.0238680 0.0592350 0.0063408 0.0235063 0.0477077 0.0224860 0.0584184 0.0111299 0.0000000 0.3897309 0.0172956 0.0067486 0.0012377 0.0479120 0.1448399 0.0000000 0.0090310 0.0797590
104 S 104 0.0439860 0.0172215 0.0214950 0.0215572 0.0022287 0.0271116 0.1720418 0.0347294 0.0523125 0.1253781 0.0363720 0.0097421 0.0211836 0.0513103 0.0230464 0.0806575 0.0813373 0.0854327 0.0247824 0.0680739
105 V 105 0.0078200 0.0074602 0.0486599 0.0103932 0.0035904 0.0063358 0.0514623 0.0000000 0.0012880 0.0839163 0.0122857 0.0242685 0.0028067 0.0088748 0.0071783 0.0450260 0.4919174 0.0000000 0.0054233 0.1812931
106 T 106 0.0179722 0.6922773 0.0000000 0.0000000 0.0026124 0.0370460 0.0000000 0.0000000 0.0664929 0.0036948 0.0092169 0.0108946 0.0000000 0.0025678 0.0038881 0.0274901 0.0714798 0.0052385 0.0381876 0.0109409
107 E 107 0.0090174 0.0172389 0.0020760 0.0206676 0.0032959 0.0223323 0.5335516 0.0000000 0.0067898 0.0107545 0.0021557 0.1126363 0.0000000 0.0127652 0.0000000 0.0295034 0.0224682 0.1170440 0.0411949 0.0365083
108 L 108 0.0015104 0.0092411 0.0029176 0.0000000 0.0000000 0.0000000 0.0029694 0.0000000 0.0000000 0.2873052 0.2666367 0.0000000 0.0243289 0.1935147 0.0042590 0.0000000 0.0031747 0.0116092 0.0270966 0.1654366
109 N 109 0.0121448 0.0183112 0.0580121 0.1194011 0.0067327 0.0369621 0.1762147 0.0200569 0.0000000 0.0335825 0.0068122 0.1016391 0.0008956 0.0073979 0.0000000 0.1171829 0.0792418 0.0000000 0.0019000 0.2035123
110 G 110 0.0178766 0.0018720 0.0751070 0.3332387 0.0000000 0.0029551 0.0617499 0.4544800 0.0000000 0.0000000 0.0000000 0.0146821 0.0000000 0.0000000 0.0209359 0.0012131 0.0055126 0.0000000 0.0050224 0.0053547
111 D 111 0.0093112 0.0038918 0.1141653 0.4089268 0.0000000 0.0000000 0.0597670 0.3203544 0.0000000 0.0000000 0.0000000 0.0255812 0.0000000 0.0000000 0.0000000 0.0268987 0.0311037 0.0000000 0.0000000 0.0000000
112 I 112 0.0119984 0.0255944 0.0132354 0.0225225 0.0000000 0.1114883 0.2189593 0.0533758 0.0106047 0.0146200 0.0212674 0.3158225 0.0087733 0.0070234 0.0082059 0.0042911 0.1069056 0.0035908 0.0318300 0.0098913
113 I 113 0.0000000 0.0000000 0.0020806 0.0000000 0.0052027 0.0055405 0.0000000 0.0000000 0.0000000 0.0758630 0.6057492 0.0032852 0.2439050 0.0061964 0.0000000 0.0018519 0.0061357 0.0062176 0.0000000 0.0379724
114 T 114 0.0028592 0.0285518 0.0081848 0.0140719 0.0047507 0.0000000 0.0051065 0.0000000 0.1167062 0.1865623 0.0463518 0.0898189 0.0160120 0.0114546 0.0000000 0.0048375 0.1033913 0.0000000 0.0350244 0.3263160
115 N 115 0.0496011 0.0043110 0.0221566 0.0061168 0.0039665 0.0792406 0.1045820 0.0000000 0.0152228 0.0701297 0.2077742 0.0000000 0.0958214 0.0038530 0.0000000 0.0255671 0.0630662 0.0022838 0.0020259 0.2442811
116 T 116 0.0090145 0.0219632 0.0066058 0.0255141 0.0000000 0.0080292 0.2078612 0.0026404 0.0086184 0.0920890 0.0040824 0.0592993 0.0075307 0.0019146 0.0023986 0.0209367 0.4494090 0.0000000 0.0000000 0.0720931
117 M 117 0.0244291 0.0141222 0.0000000 0.0000000 0.1383161 0.0275225 0.0000000 0.0041355 0.0000000 0.0796313 0.2423801 0.0000000 0.2032345 0.0397998 0.0000000 0.0574722 0.0357874 0.0137581 0.0662421 0.0531692
118 T 118 0.0182320 0.0546608 0.0207548 0.0180787 0.0077810 0.0205377 0.0382018 0.0136633 0.0116361 0.0735029 0.0020917 0.0852256 0.0078661 0.0187898 0.0000000 0.1037114 0.4336132 0.0105814 0.0040343 0.0570376
119 L 119 0.1299036 0.0113839 0.0178285 0.0000000 0.1155755 0.0062923 0.0060271 0.0000000 0.0254389 0.0706893 0.0679597 0.0351709 0.1152163 0.0577404 0.0056516 0.0389806 0.0451123 0.0208128 0.0527454 0.1774708
120 G 120 0.0153254 0.0243216 0.1592430 0.1504554 0.0078316 0.0230227 0.1275706 0.3266114 0.0000000 0.0000000 0.0024859 0.1227493 0.0000000 0.0000000 0.0132985 0.0270844 0.0000000 0.0000000 0.0000000 0.0000000
121 D 121 0.0111379 0.0000000 0.1365394 0.3462088 0.0000000 0.0119380 0.0332416 0.3407273 0.0082223 0.0000000 0.0000000 0.0245993 0.0000000 0.0000000 0.0132880 0.0665013 0.0075959 0.0000000 0.0000000 0.0000000
122 I 122 0.0644843 0.0035104 0.0065493 0.0012957 0.0000000 0.0516809 0.0106166 0.0323620 0.0057862 0.1263520 0.0408190 0.0136729 0.0030529 0.0000000 0.0000000 0.0015557 0.0461359 0.0000000 0.0000000 0.5921261
123 V 123 0.0191690 0.0082313 0.0035801 0.0076456 0.0060126 0.0138917 0.0520242 0.0024479 0.0020505 0.0723902 0.0047567 0.0679043 0.0065075 0.0008070 0.0106136 0.0515298 0.2997492 0.0000000 0.0000000 0.3706888
124 F 124 0.2746774 0.0000000 0.0000000 0.0000000 0.3465484 0.0000000 0.0000000 0.0574456 0.0090434 0.0111858 0.0333655 0.0000000 0.0158444 0.0557864 0.0000000 0.1051469 0.0179194 0.0000000 0.0584712 0.0145656
125 K 125 0.0079651 0.0846333 0.0289037 0.0000000 0.0057401 0.0087346 0.0377547 0.0000000 0.0198407 0.0602505 0.0067522 0.3183125 0.0084561 0.0000000 0.0000000 0.0233913 0.2637859 0.0073436 0.0049793 0.1131564
126 R 126 0.0172740 0.7510507 0.0043553 0.0000000 0.0056320 0.1247661 0.0060969 0.0095387 0.0159321 0.0067208 0.0182613 0.0025452 0.0074456 0.0064180 0.0000000 0.0111096 0.0061185 0.0000000 0.0000000 0.0067353
127 I 127 0.0036922 0.0175571 0.0195223 0.0000000 0.0010415 0.0095556 0.0212781 0.0000000 0.0317097 0.2582773 0.0064530 0.0498645 0.0080356 0.0722121 0.0016632 0.0034292 0.1419887 0.0247682 0.0912719 0.2376798
128 S 128 0.0041426 0.0000000 0.0057619 0.0000000 0.0030858 0.0000000 0.0000000 0.0017966 0.0151007 0.0000000 0.0201946 0.0000000 0.0000000 0.3113749 0.0000000 0.1308178 0.0000000 0.0032295 0.5044955 0.0000000
129 K 129 0.0147051 0.0575075 0.0220486 0.0269554 0.0000000 0.0464794 0.1974650 0.0035260 0.0130854 0.0079237 0.0075554 0.4918713 0.0026460 0.0000000 0.0000000 0.0225192 0.0297745 0.0000000 0.0036740 0.0522632
130 R 130 0.0054705 0.5131510 0.0085790 0.0000000 0.0000000 0.0020838 0.0000000 0.0000000 0.0000000 0.0000000 0.0106014 0.4495733 0.0000000 0.0000000 0.0073702 0.0031708 0.0000000 0.0000000 0.0000000 0.0000000
131 I 131 0.0240620 0.0000000 0.0000000 0.0000000 0.0294308 0.0000000 0.0000000 0.0000000 0.0000000 0.2583071 0.1410229 0.0093549 0.0747680 0.0000000 0.0000000 0.0000000 0.0046425 0.0000000 0.0000000 0.4584119
132 L 132 0.0000000 0.0000000 0.0000000 0.0000000 0.0657803 0.0000000 0.0000000 0.1400797 0.0000000 0.0188896 0.2169052 0.0000000 0.0000000 0.0000000 0.2461645 0.0709848 0.0555462 0.0000000 0.0703010 0.1153488
133 V 133 0.1089816 0.0000000 0.0606666 0.1541322 0.0000000 0.0000000 0.0000000 0.0000000 0.0000000 0.0000000 0.0000000 0.1045247 0.0000000 0.0000000 0.0000000 0.2408682 0.0409179 0.0000000 0.0000000 0.2899088
134 P 134 0.0000000 0.0000000 0.0000000 0.0000000 0.0000000 0.2036131 0.0000000 0.0000000 0.0000000 0.0000000 0.0000000 0.0000000 0.0000000 0.0000000 0.6583067 0.0000000 0.1380802 0.0000000 0.0000000 0.0000000
135 R 135 0.0000000 1.0000000 0.0000000 0.0000000 0.0000000 0.0000000 0.0000000 0.0000000 0.0000000 0.0000000 0.0000000 0.0000000 0.0000000 0.0000000 0.0000000 0.0000000 0.0000000 0.0000000 0.0000000 0.0000000
