  108         A         R         N         D         C         Q         E         G         H         I         L         K         M         F         P         S         T         W         Y         V         X    
  1 M   1 0.0000000 0.0000000 0.0000000 0.0000000 0.0000000 0.0000000 0.0000000 0.0000000 0.0000000 0.0000000 0.0000000 0.0000000 0.2048605 0.0000000 0.0000000 0.0000000 0.0000000 0.0000000 0.0000000 0.0000000 0.7951395
  2 A   2 0.0092357 0.0000000 0.0256152 0.0000000 0.0000000 0.0000000 0.0000000 0.0000000 0.0000000 0.0059306 0.0000000 0.0375406 0.0000000 0.0000000 0.0000000 0.0076970 0.1257724 0.0000000 0.0000000 0.0000000 0.7882084
  3 Q   3 0.0114665 0.0087404 0.0134790 0.0064158 0.0000000 0.1112633 0.0030886 0.0051337 0.0000000 0.0048548 0.0041573 0.0113818 0.0000000 0.0000000 0.0211829 0.0114754 0.0026829 0.0000000 0.0000000 0.0038341 0.7808434
  4 Q   4 0.0000000 0.0392548 0.0336612 0.0037181 0.0000000 0.0157114 0.0079665 0.0000000 0.0471820 0.0044513 0.0125319 0.0176186 0.0000000 0.0000000 0.0191056 0.0048548 0.0053703 0.0000000 0.0144426 0.0000000 0.7741309
  5 S   5 0.0032098 0.0079319 0.0107539 0.0051764 0.0000000 0.0038453 0.0084769 0.0000000 0.0130506 0.0000000 0.0000000 0.0048548 0.0000000 0.0049895 0.0306726 0.1216394 0.0097010 0.0000000 0.0069227 0.0000000 0.7687752
  6 P   6 0.0291932 0.0049486 0.0000000 0.0000000 0.0000000 0.0038453 0.0000000 0.0103102 0.0035514 0.0031383 0.0496460 0.0000000 0.0093707 0.0049895 0.0610249 0.0164201 0.0171956 0.0000000 0.0000000 0.0271355 0.7592308
  7 Y   7 0.0025606 0.0043705 0.0209899 0.0049486 0.0000000 0.0025904 0.0084769 0.0051764 0.0110010 0.0198261 0.0082255 0.0090195 0.0041324 0.0000000 0.0101866 0.0142331 0.0223082 0.0027927 0.0626475 0.0137729 0.7727411
  8 S   8 0.0000000 0.0050645 0.0030022 0.0845464 0.0000000 0.0000000 0.0000000 0.0155039 0.0031213 0.0000000 0.0000000 0.0084769 0.0000000 0.0000000 0.0252855 0.0794901 0.0256949 0.0000000 0.0000000 0.0000000 0.7498143
  9 A   9 0.0323700 0.0000000 0.0000000 0.0000000 0.0000000 0.0000000 0.0236838 0.0053703 0.0000000 0.0000000 0.0000000 0.0085029 0.0051337 0.0000000 0.1230377 0.0619165 0.0238668 0.0000000 0.0000000 0.0025658 0.7135525
 10 A  10 0.1581836 0.0000000 0.0154075 0.0039496 0.0051938 0.0145153 0.0254713 0.0093337 0.0048982 0.0043705 0.0049012 0.0030022 0.0030558 0.0000000 0.0000000 0.0033048 0.0183586 0.0000000 0.0000000 0.0132149 0.7128391
 11 M  11 0.0177291 0.0000000 0.0000000 0.0000000 0.0000000 0.0167917 0.0054000 0.0053703 0.0000000 0.0373705 0.0872922 0.0201711 0.0391586 0.0071558 0.0196561 0.0329950 0.0363105 0.0000000 0.0000000 0.0080379 0.6665612
 12 A  12 0.1021793 0.0000000 0.0075727 0.0486786 0.0000000 0.0187772 0.0190801 0.0036193 0.0000000 0.0000000 0.0000000 0.0325005 0.0000000 0.0041648 0.0060315 0.0882843 0.0350838 0.0000000 0.0000000 0.0140920 0.6199360
 13 E  13 0.0253180 0.0237739 0.0151633 0.0035877 0.0000000 0.0696578 0.1349448 0.0000000 0.0035020 0.0000000 0.0000000 0.0292579 0.0000000 0.0000000 0.0752976 0.0127235 0.0297830 0.0000000 0.0000000 0.0000000 0.5769905
 14 Q  14 0.0378662 0.0542359 0.0047210 0.0293473 0.0000000 0.1020484 0.0458876 0.0000000 0.0000000 0.0089649 0.0376812 0.0000000 0.0000000 0.0000000 0.0832467 0.0350039 0.0000000 0.0000000 0.0000000 0.0084769 0.5525201
 15 R  15 0.0289809 0.0877384 0.0294456 0.0902074 0.0000000 0.0198132 0.0901346 0.0185869 0.0081377 0.0084769 0.0083725 0.0368301 0.0038848 0.0048982 0.0035877 0.0364382 0.0071196 0.0000000 0.0063807 0.0254162 0.4855505
 16 H  16 0.0126046 0.0133449 0.1632758 0.0819327 0.0000000 0.0123777 0.0726366 0.0057290 0.0165526 0.0169131 0.0101957 0.0000000 0.0000000 0.0176902 0.0256876 0.0314938 0.0147315 0.0000000 0.0460663 0.0041324 0.4546354
 17 Q  17 0.0487589 0.0047413 0.0156168 0.0968704 0.0000000 0.1242965 0.1465688 0.0000000 0.0000000 0.0000000 0.0049890 0.0826755 0.0035805 0.0000000 0.0124615 0.0426166 0.0479883 0.0000000 0.0000000 0.0094423 0.3593936
 18 E  18 0.0448735 0.0105825 0.0643657 0.1594694 0.0000000 0.0523422 0.1946196 0.0488920 0.0603628 0.0000000 0.0049890 0.0000000 0.0000000 0.0000000 0.0000000 0.0217466 0.0190806 0.0000000 0.0066309 0.0000000 0.3120452
 19 W  19 0.0068432 0.0045890 0.0000000 0.0000000 0.0000000 0.0065489 0.0048391 0.0032612 0.0000000 0.0217597 0.0913975 0.0000000 0.0084317 0.0167095 0.0000000 0.0000000 0.0189282 0.3591308 0.0556674 0.0967493 0.3051443
 20 L  20 0.0129126 0.0405727 0.0396582 0.2795431 0.0000000 0.1882272 0.0424261 0.0153197 0.0119814 0.0000000 0.1157105 0.0581425 0.0117398 0.0000000 0.0000000 0.0247479 0.0130028 0.0000000 0.0039791 0.0031610 0.1388753
 21 R  21 0.1085455 0.1607695 0.0196637 0.0445645 0.0138829 0.2103671 0.1139209 0.0143661 0.0236781 0.0000000 0.0442552 0.0137569 0.0080987 0.0103335 0.0000000 0.0612508 0.0174943 0.0000000 0.0123928 0.0088288 0.1138306
 22 F  22 0.0000000 0.0000000 0.0000000 0.0000000 0.0000000 0.0000000 0.0000000 0.0000000 0.0000000 0.0393719 0.5144835 0.0000000 0.0089009 0.2930940 0.0000000 0.0057682 0.0000000 0.0000000 0.0042348 0.0785675 0.0555792
 23 V  23 0.0605565 0.0000000 0.0000000 0.0000000 0.0673044 0.0000000 0.0000000 0.0000000 0.0044971 0.0779639 0.1630523 0.0047465 0.0264295 0.2368903 0.0000000 0.0162315 0.0058269 0.0000000 0.0406574 0.2422468 0.0535971
 24 D  24 0.0695249 0.0986081 0.0393876 0.1873691 0.0049073 0.0551334 0.2919416 0.0096807 0.0184667 0.0000000 0.0012323 0.0829452 0.0050788 0.0039119 0.0000000 0.0195068 0.0537510 0.0000000 0.0000000 0.0035020 0.0550525
 25 L  25 0.3465584 0.0025120 0.0000000 0.0000000 0.0042348 0.0000000 0.0000000 0.0231200 0.0279315 0.0466701 0.3343231 0.0309138 0.0194339 0.0163737 0.0000000 0.0211169 0.0234511 0.0000000 0.0060623 0.0437011 0.0535971
 26 L  26 0.0044922 0.0000000 0.0000000 0.0000000 0.0216731 0.0000000 0.0000000 0.0000000 0.0000000 0.2986561 0.4132914 0.0000000 0.0275912 0.0535532 0.0000000 0.0000000 0.0031054 0.0000000 0.0000000 0.1148753 0.0627620
 27 K  27 0.0867647 0.1053367 0.0000000 0.0074730 0.0128219 0.1259179 0.0075057 0.0125913 0.0124736 0.0000000 0.3706793 0.0644189 0.0127288 0.0000000 0.0000000 0.0748838 0.0133773 0.0000000 0.0000000 0.0280164 0.0650108
 28 N  28 0.0544072 0.0183844 0.0425363 0.0163415 0.0207754 0.2108392 0.0482344 0.0090627 0.0210655 0.0059960 0.0758923 0.0734598 0.0173613 0.0000000 0.0000000 0.1926269 0.1245344 0.0000000 0.0000000 0.0057204 0.0627620
 29 A  29 0.2702207 0.0000000 0.0046731 0.0000000 0.0101348 0.0060272 0.0049722 0.0052975 0.0273986 0.0542360 0.3969500 0.0000000 0.0180893 0.0059043 0.0052850 0.0599350 0.0404213 0.0000000 0.0000000 0.0276928 0.0627620
 30 Y  30 0.0279799 0.0244986 0.0359901 0.0672900 0.0093769 0.0606490 0.1408862 0.0368463 0.0096786 0.0180041 0.0000000 0.1970364 0.0107614 0.0981143 0.0069995 0.0591299 0.0408460 0.0000000 0.0690012 0.0359687 0.0509429
 31 Q  31 0.1363533 0.0062935 0.1350483 0.2617141 0.0036930 0.0340515 0.0912951 0.0231243 0.0000000 0.0049895 0.0035105 0.0108226 0.0000000 0.0000000 0.0000000 0.1005011 0.1420577 0.0000000 0.0000000 0.0000000 0.0465456
 32 N  32 0.0392091 0.0757614 0.0121169 0.0392424 0.0000000 0.0925564 0.1995265 0.0092207 0.0208144 0.0463957 0.0570825 0.0562272 0.0196721 0.0000000 0.1113254 0.0596066 0.0319963 0.0000000 0.0088972 0.0738037 0.0465456
 33 D  33 0.0171803 0.0000000 0.0596771 0.2669095 0.0000000 0.0590038 0.4028268 0.0813053 0.0047210 0.0000000 0.0000000 0.0409936 0.0000000 0.0045944 0.0000000 0.0070644 0.0066986 0.0000000 0.0000000 0.0058639 0.0431613
 34 L  34 0.0421461 0.0181737 0.0049535 0.0928079 0.0000000 0.0731438 0.4027479 0.0027414 0.0109316 0.0076794 0.1592063 0.0577255 0.0121825 0.0217831 0.0000000 0.0159738 0.0085829 0.0044513 0.0000000 0.0216081 0.0431613
 35 H  35 0.0856318 0.0000000 0.0000000 0.0146121 0.2759055 0.0461049 0.0333225 0.0023624 0.1486240 0.0924340 0.0956347 0.0000000 0.0626935 0.0122718 0.0000000 0.0045928 0.0101279 0.0000000 0.0074634 0.0676093 0.0406094
 36 L  36 0.0618197 0.0418578 0.0150406 0.0730630 0.0000000 0.0772094 0.0977489 0.0108623 0.0243272 0.0115389 0.1284541 0.0330310 0.0078613 0.0348984 0.0000000 0.0138831 0.0095352 0.0000000 0.3096645 0.0085951 0.0406094
 37 P  37 0.1355762 0.1206823 0.0253905 0.0866959 0.0023883 0.0583207 0.0894090 0.0014435 0.0012919 0.0103493 0.0421318 0.0353891 0.0550255 0.0000000 0.1738845 0.0507625 0.0469188 0.0000000 0.0000000 0.0267165 0.0376236
 38 L  38 0.0165175 0.0075423 0.0000000 0.0000000 0.0000000 0.0000000 0.0000000 0.0000000 0.0000000 0.0489323 0.3217390 0.0060573 0.0193662 0.5136375 0.0000000 0.0000000 0.0000000 0.0000000 0.0042348 0.0287141 0.0332591
 39 L  39 0.0000000 0.0000000 0.0000000 0.0000000 0.0130404 0.0000000 0.0000000 0.0000000 0.0000000 0.0071086 0.5182000 0.0000000 0.0187229 0.4038422 0.0000000 0.0000000 0.0000000 0.0000000 0.0000000 0.0058269 0.0332591
 40 N  40 0.0336918 0.0431246 0.0124848 0.1142475 0.0000000 0.2061262 0.2924490 0.0345373 0.0237340 0.0049073 0.0074529 0.0258284 0.0052975 0.0000000 0.0105734 0.0368487 0.1119393 0.0000000 0.0034984 0.0000000 0.0332591
 41 L  41 0.0290343 0.0000000 0.0000000 0.4719884 0.0365523 0.0025385 0.0338632 0.0028879 0.0000000 0.0000000 0.2840711 0.0000000 0.0621315 0.0130404 0.0000000 0.0202691 0.0000000 0.0000000 0.0000000 0.0103643 0.0332591
 42 M  42 0.0043989 0.0000000 0.0000000 0.0000000 0.0000000 0.0000000 0.0000000 0.0000000 0.0000000 0.1239220 0.5889561 0.0000000 0.1155882 0.0448850 0.0000000 0.0000000 0.0000000 0.0000000 0.0000000 0.0889908 0.0332591
 43 L  43 0.0497095 0.0000000 0.0000000 0.0000000 0.3792605 0.0000000 0.0000000 0.0000000 0.0000000 0.0000000 0.4010891 0.0000000 0.0589783 0.0662255 0.0000000 0.0026414 0.0088365 0.0000000 0.0000000 0.0000000 0.0332591
 44 T  44 0.0000000 0.0000000 0.0000000 0.0000000 0.0000000 0.0000000 0.0000000 0.0000000 0.0000000 0.0000000 0.0000000 0.0000000 0.0000000 0.0000000 0.0000000 0.0377504 0.9289906 0.0000000 0.0000000 0.0000000 0.0332591
 45 P  45 0.0457847 0.0097114 0.0000000 0.0118136 0.0000000 0.0050365 0.0414453 0.0000000 0.0090236 0.1447670 0.0074221 0.0230914 0.0235630 0.0104612 0.4415436 0.0120579 0.0107261 0.0000000 0.0148726 0.1554210 0.0332591
 46 D  46 0.1500637 0.0388513 0.1424693 0.3103337 0.0000000 0.0099763 0.0594670 0.0673318 0.0040973 0.0043645 0.0000000 0.0718522 0.0000000 0.0000000 0.0129828 0.0793085 0.0097382 0.0000000 0.0000000 0.0059043 0.0332591
 47 E  47 0.0000000 0.0000000 0.0000000 0.0059043 0.0000000 0.0000000 0.9608367 0.0000000 0.0000000 0.0000000 0.0000000 0.0000000 0.0000000 0.0000000 0.0000000 0.0000000 0.0000000 0.0000000 0.0000000 0.0000000 0.0332591
 48 R  48 0.0061492 0.3535147 0.0000000 0.0000000 0.0000000 0.0238239 0.0000000 0.0000000 0.0000000 0.2014848 0.2705420 0.0273210 0.0211719 0.0000000 0.0000000 0.0000000 0.0092127 0.0000000 0.0134592 0.0400616 0.0332591
 49 E  49 0.0359354 0.0605271 0.0300129 0.0710389 0.0123991 0.0979994 0.2518794 0.0089783 0.0094718 0.0017440 0.0512387 0.1821875 0.0069274 0.0091712 0.0000000 0.0650757 0.0662695 0.0000000 0.0000000 0.0058845 0.0332591
 50 A  50 0.5188011 0.0041105 0.0000000 0.1053313 0.0000000 0.0182342 0.0783296 0.0034984 0.0000000 0.0000000 0.0000000 0.0032747 0.0049722 0.0000000 0.0000000 0.1974625 0.0214997 0.0000000 0.0000000 0.0112268 0.0332591
 51 L  51 0.0000000 0.0000000 0.0000000 0.0000000 0.0000000 0.0000000 0.0000000 0.0000000 0.0000000 0.1573543 0.4842686 0.0000000 0.1942586 0.0773657 0.0000000 0.0000000 0.0128871 0.0000000 0.0000000 0.0510761 0.0227896
 52 G  52 0.3851715 0.0000000 0.0146820 0.0000000 0.0064227 0.0140308 0.0283326 0.1938496 0.0000000 0.0333296 0.0180837 0.0122218 0.0027342 0.0052094 0.0000000 0.1950198 0.0247399 0.0000000 0.0000000 0.0433829 0.0227896
 53 T  53 0.0904457 0.0045944 0.0459478 0.0588455 0.0000000 0.3521928 0.0389303 0.0424766 0.0056795 0.0000000 0.0805619 0.0452970 0.0040291 0.0000000 0.0000000 0.0242130 0.1824702 0.0000000 0.0000000 0.0015264 0.0227896
 54 R  54 0.0000000 0.9772104 0.0000000 0.0000000 0.0000000 0.0000000 0.0000000 0.0000000 0.0000000 0.0000000 0.0000000 0.0000000 0.0000000 0.0000000 0.0000000 0.0000000 0.0000000 0.0000000 0.0000000 0.0000000 0.0227896
 55 V  55 0.0025696 0.0000000 0.0000000 0.0000000 0.0000000 0.0000000 0.0000000 0.0000000 0.0000000 0.0462671 0.3909593 0.0000000 0.0110724 0.0790020 0.0000000 0.0000000 0.0079055 0.1642874 0.0418584 0.2332886 0.0227896
 56 R  56 0.0461025 0.2601580 0.0872344 0.0115383 0.0034397 0.1568611 0.2244028 0.0000000 0.0241897 0.0000000 0.0683233 0.0650114 0.0041257 0.0000000 0.0000000 0.0154227 0.0030610 0.0000000 0.0021678 0.0051720 0.0227896
 57 I  57 0.0163179 0.0000000 0.0000000 0.0000000 0.0000000 0.0000000 0.0000000 0.0000000 0.0000000 0.3647067 0.0793285 0.0000000 0.0351094 0.0000000 0.0000000 0.0000000 0.0000000 0.0000000 0.0000000 0.4744553 0.0300822
 58 V  58 0.4023106 0.0000000 0.0000000 0.0000000 0.0398663 0.0000000 0.0000000 0.0000000 0.0000000 0.1291594 0.0351501 0.0000000 0.0144109 0.0982519 0.0000000 0.0018743 0.0130404 0.0000000 0.0152846 0.2248009 0.0258506
 59 E  59 0.0335689 0.2039027 0.0209919 0.0152532 0.0133066 0.1393610 0.0983014 0.0050987 0.0333533 0.0000000 0.0028792 0.2583904 0.0095576 0.0012239 0.0506359 0.0179745 0.0122492 0.0019821 0.0011932 0.0098376 0.0709388
 60 E  60 0.0656484 0.0187588 0.0000000 0.0174767 0.0000000 0.0360782 0.2587547 0.0063391 0.0031590 0.0000000 0.1818927 0.0088092 0.2538012 0.0087404 0.0000000 0.0076233 0.0172388 0.0000000 0.0074918 0.0025997 0.1055880
 61 L  61 0.0000000 0.0000000 0.0000000 0.0000000 0.0000000 0.0000000 0.0000000 0.0000000 0.0000000 0.0166866 0.9254143 0.0000000 0.0000000 0.0000000 0.0000000 0.0000000 0.0000000 0.0000000 0.0000000 0.0000000 0.0578990
 62 L  62 0.0232234 0.0602791 0.0037478 0.1009830 0.0000000 0.0245013 0.0233024 0.0049572 0.0258300 0.0287304 0.3325581 0.0379593 0.1089304 0.0104735 0.0000000 0.0199460 0.0171483 0.0000000 0.0318433 0.0262189 0.1193673
 63 R  63 0.0709651 0.2105577 0.0640415 0.0994764 0.0000000 0.0795625 0.1935623 0.0058303 0.0145401 0.0000000 0.0153312 0.1686250 0.0000000 0.0000000 0.0000000 0.0136384 0.0000000 0.0000000 0.0000000 0.0014865 0.0623830
 64 G  64 0.0153002 0.0026414 0.0258092 0.0081218 0.0016847 0.0278008 0.0497763 0.6660065 0.0087189 0.0108587 0.0023726 0.1000621 0.0021011 0.0000000 0.0000000 0.0043766 0.0058660 0.0000000 0.0000000 0.0000000 0.0685030
 65 E  65 0.0355213 0.0376638 0.0776479 0.0744036 0.0023985 0.0502414 0.2489718 0.0409232 0.0263977 0.0000000 0.0049890 0.0679561 0.0000000 0.0000000 0.0000000 0.0192425 0.0351488 0.0000000 0.0026615 0.0000000 0.2758329
 66 M  66 0.0048548 0.0236912 0.0138735 0.0030512 0.0077154 0.0052850 0.0000000 0.0000000 0.0074254 0.0612756 0.1348274 0.1827508 0.2098030 0.0146409 0.0000000 0.0102755 0.0049823 0.0023100 0.0331891 0.1018368 0.1782122
 67 S  67 0.0033394 0.0000000 0.0000000 0.0000000 0.0000000 0.0000000 0.0000000 0.0018267 0.0000000 0.0050785 0.0000000 0.0021160 0.0000000 0.0000000 0.1818291 0.3785905 0.3317708 0.0000000 0.0049823 0.0000000 0.0904666
 68 Q  68 0.0000000 0.0000000 0.0000000 0.0000000 0.0000000 0.4811136 0.0000000 0.0000000 0.0109207 0.0000000 0.0000000 0.0000000 0.0000000 0.0123113 0.0000000 0.0000000 0.0000000 0.0000000 0.4605450 0.0000000 0.0351094
 69 R  69 0.0163513 0.5632414 0.0499787 0.0422038 0.0000000 0.0066255 0.0276564 0.0088667 0.0283719 0.0189003 0.0469114 0.0018430 0.0036549 0.0000000 0.0181122 0.0427001 0.0441354 0.0000000 0.0277618 0.0175756 0.0351094
 70 E  70 0.0330824 0.0074804 0.0000000 0.1024544 0.0000000 0.1699202 0.5007252 0.0100249 0.0107929 0.0000000 0.0000000 0.0653756 0.0000000 0.0021543 0.0000000 0.0200189 0.0243995 0.0000000 0.0000000 0.0134795 0.0400917
 71 L  71 0.0000000 0.0000000 0.0000000 0.0000000 0.0000000 0.0000000 0.0000000 0.0000000 0.0000000 0.7680849 0.1432380 0.0000000 0.0069906 0.0000000 0.0000000 0.0000000 0.0000000 0.0000000 0.0000000 0.0465771 0.0351094
 72 K  72 0.3240163 0.0027654 0.0060516 0.0000000 0.0016918 0.0664053 0.1117538 0.0000000 0.0639795 0.0048677 0.0100676 0.1451572 0.0114883 0.0000000 0.0000000 0.1309748 0.0108113 0.0000000 0.0030301 0.0718299 0.0351094
 73 N  73 0.1161361 0.0234811 0.1252138 0.0396876 0.0026284 0.1525888 0.2373642 0.0097655 0.0064688 0.0045890 0.0022284 0.1583489 0.0000000 0.0000000 0.0000000 0.0590655 0.0273245 0.0000000 0.0000000 0.0000000 0.0351094
 74 E  74 0.0525430 0.0706826 0.0524503 0.0374745 0.0020152 0.1023747 0.2993350 0.0000000 0.0164668 0.0171027 0.0646778 0.1254507 0.0508512 0.0000000 0.0000000 0.0358277 0.0237375 0.0000000 0.0000000 0.0139009 0.0351094
 75 L  75 0.0122137 0.0000000 0.0000000 0.0000000 0.0000000 0.0000000 0.0000000 0.0000000 0.0170508 0.0177409 0.3752887 0.0000000 0.0000000 0.0259128 0.0000000 0.0072336 0.4384880 0.0000000 0.0557592 0.0152028 0.0351094
 76 G  76 0.0087404 0.0027953 0.0859366 0.0000000 0.0000000 0.0452795 0.0242400 0.7380278 0.0124418 0.0000000 0.0000000 0.0216020 0.0000000 0.0000000 0.0031276 0.0226997 0.0000000 0.0000000 0.0000000 0.0000000 0.0351094
 77 V  77 0.4599303 0.0000000 0.0000000 0.0000000 0.0057825 0.0000000 0.0000000 0.0000000 0.0000000 0.0979591 0.0233437 0.0048677 0.0220679 0.0000000 0.0000000 0.0000000 0.0555226 0.0000000 0.0000000 0.2954168 0.0351094
 78 G  78 0.0000000 0.0000000 0.0000000 0.0000000 0.0000000 0.0000000 0.0000000 0.2640308 0.0000000 0.0000000 0.0000000 0.0000000 0.0000000 0.0000000 0.0000000 0.7008598 0.0000000 0.0000000 0.0000000 0.0000000 0.0351094
 79 I  79 0.0509812 0.0000000 0.0000000 0.0000000 0.0000000 0.0000000 0.0000000 0.0000000 0.0000000 0.3381337 0.1016926 0.0000000 0.0057825 0.0000000 0.0198756 0.0775392 0.2947446 0.0000000 0.0000000 0.0761412 0.0351094
 80 A  80 0.7143955 0.0000000 0.0000000 0.0000000 0.1088287 0.0000000 0.0000000 0.0057825 0.0000000 0.0000000 0.0000000 0.0000000 0.0000000 0.0000000 0.0000000 0.0000000 0.1358839 0.0000000 0.0000000 0.0000000 0.0351094
 81 T  81 0.0000000 0.0000000 0.0050788 0.0000000 0.0000000 0.0123472 0.0000000 0.0000000 0.0000000 0.0185315 0.0000000 0.0769848 0.0000000 0.0000000 0.0000000 0.0277618 0.8241864 0.0000000 0.0000000 0.0000000 0.0351094
 82 I  82 0.0000000 0.0000000 0.0000000 0.0000000 0.0000000 0.0000000 0.0000000 0.0000000 0.0000000 0.8230973 0.0052237 0.0000000 0.0000000 0.0000000 0.0000000 0.0000000 0.0043973 0.0000000 0.0000000 0.1321722 0.0351094
 83 T  83 0.0128871 0.0000000 0.0000000 0.0000000 0.0049073 0.0000000 0.0000000 0.0494353 0.0000000 0.0000000 0.0000000 0.0000000 0.0000000 0.0048677 0.0000000 0.3893513 0.4877298 0.0000000 0.0000000 0.0157120 0.0351094
 84 R  84 0.0000000 0.9648906 0.0000000 0.0000000 0.0000000 0.0000000 0.0000000 0.0000000 0.0000000 0.0000000 0.0000000 0.0000000 0.0000000 0.0000000 0.0000000 0.0000000 0.0000000 0.0000000 0.0000000 0.0000000 0.0351094
 85 G  85 0.0052850 0.0000000 0.0000000 0.0000000 0.0464662 0.0000000 0.0000000 0.4353008 0.0000000 0.0421336 0.0000000 0.0000000 0.0000000 0.0000000 0.0000000 0.0000000 0.0027682 0.0000000 0.0000000 0.4329368 0.0351094
 86 S  86 0.1671139 0.0150050 0.1611443 0.0000000 0.0000000 0.0000000 0.0000000 0.0000000 0.0000000 0.0000000 0.0000000 0.1522430 0.0000000 0.0000000 0.0000000 0.4693844 0.0000000 0.0000000 0.0000000 0.0000000 0.0351094
 87 N  87 0.0080098 0.4853931 0.3398351 0.0000000 0.0000000 0.0000000 0.0000000 0.0000000 0.0000000 0.0000000 0.0000000 0.1264288 0.0000000 0.0000000 0.0000000 0.0000000 0.0052237 0.0000000 0.0000000 0.0000000 0.0351094
 88 S  88 0.1182225 0.0000000 0.0205696 0.0000000 0.2104923 0.0000000 0.1364751 0.0068563 0.0000000 0.0243533 0.0052975 0.0000000 0.0380941 0.0604280 0.0000000 0.2401648 0.0332647 0.0000000 0.0524708 0.0182015 0.0351094
 89 L  89 0.0000000 0.0000000 0.0000000 0.0000000 0.0000000 0.0000000 0.0000000 0.0000000 0.0000000 0.0488755 0.8599062 0.0000000 0.0119180 0.0113244 0.0000000 0.0000000 0.0000000 0.0000000 0.0081015 0.0217586 0.0381158
 90 K  90 0.0098993 0.0189249 0.2079951 0.0167440 0.0000000 0.0514349 0.0419525 0.0088682 0.0282879 0.0048548 0.0039791 0.4717791 0.0015382 0.0012738 0.0000000 0.0246876 0.0115871 0.0000000 0.0072282 0.0078704 0.0810948
 91 A  91 0.0480922 0.0119896 0.0357224 0.0470499 0.0000000 0.0365197 0.0352281 0.0307716 0.0605225 0.0159563 0.0098627 0.0847778 0.0088254 0.0175738 0.0000000 0.1156180 0.0679968 0.0072336 0.2826263 0.0000000 0.0836333
 92 A  92 0.1410517 0.0179934 0.0139863 0.0116346 0.0130404 0.0415914 0.0435214 0.3776611 0.0213435 0.0154935 0.0385519 0.0506152 0.0928905 0.0000000 0.0076909 0.0114127 0.0051938 0.0000000 0.0000000 0.0052061 0.0911215
 93 P  93 0.1653416 0.0048677 0.1264346 0.1232037 0.0049073 0.0108673 0.0285781 0.0145823 0.0102833 0.0000000 0.0019894 0.0081961 0.0000000 0.0034984 0.1527454 0.1752679 0.0627349 0.0000000 0.0074918 0.0000000 0.0990102
 94 V  94 0.0459432 0.0043973 0.0206868 0.2673655 0.0000000 0.0200996 0.0569002 0.1199550 0.0270278 0.0101277 0.0079793 0.0071973 0.0000000 0.0000000 0.1346740 0.1166640 0.0072571 0.0000000 0.0035652 0.0227862 0.1273737
 95 E  95 0.1330018 0.0201962 0.0081052 0.0682874 0.0000000 0.0518657 0.1095689 0.3491798 0.0053518 0.0106699 0.0000000 0.0265394 0.0020476 0.0000000 0.0128878 0.0114115 0.0147510 0.0000000 0.0141852 0.0243119 0.1376389
 96 L  96 0.0104062 0.0000000 0.0000000 0.0096654 0.0062031 0.0193689 0.0696437 0.0228596 0.0088972 0.0122635 0.1517633 0.0038848 0.0000000 0.1028815 0.0000000 0.0040973 0.0217710 0.0000000 0.3764523 0.0445122 0.1353300
 97 R  97 0.0660719 0.2168803 0.0237531 0.0273486 0.0000000 0.0342163 0.0287890 0.0000000 0.0000000 0.0135671 0.0251383 0.3243575 0.0149193 0.0044922 0.0000000 0.0000000 0.0255866 0.0041105 0.0228596 0.0078954 0.1600144
 98 Q  98 0.1233950 0.0817558 0.0287676 0.0404358 0.0000000 0.0813046 0.0710834 0.0021011 0.0079821 0.0260567 0.1182945 0.0806746 0.0460324 0.0049823 0.0000000 0.0310414 0.0402791 0.0000000 0.0000000 0.0568896 0.1589239
 99 W  99 0.1127635 0.0064088 0.0051207 0.0000000 0.0000000 0.0094921 0.0039953 0.0000000 0.0000000 0.1639954 0.0820023 0.0267102 0.0193031 0.0330759 0.0000000 0.0023240 0.0162722 0.2011526 0.0000000 0.1617340 0.1556499
100 L 100 0.0064584 0.0000000 0.0000000 0.0000000 0.0000000 0.0000000 0.0000000 0.0000000 0.0000000 0.0907515 0.6042013 0.0000000 0.0184881 0.0418495 0.0000000 0.0000000 0.0000000 0.0000000 0.0000000 0.0787165 0.1595346
101 E 101 0.0498321 0.0384547 0.0336012 0.1296849 0.0000000 0.0490234 0.2596528 0.0134868 0.0000000 0.0134464 0.0277150 0.0932000 0.0048851 0.0043645 0.0098491 0.0623202 0.0095207 0.0000000 0.0000000 0.0108784 0.1900847
102 E 102 0.0890872 0.2744083 0.0231925 0.0534503 0.0000000 0.0666738 0.0670374 0.0086538 0.0209625 0.0037212 0.0107218 0.1104311 0.0049125 0.0084769 0.0000000 0.0213426 0.0277387 0.0000000 0.0000000 0.0078007 0.2013887
103 V 103 0.0096087 0.0356273 0.0194951 0.0000000 0.0000000 0.1420622 0.0088205 0.0107127 0.0176502 0.0093366 0.3236179 0.0334492 0.0341870 0.0037386 0.0000000 0.0041321 0.0026582 0.0000000 0.0358586 0.0215466 0.2874986
104 L 104 0.0119283 0.0067063 0.0052129 0.0023883 0.0025133 0.0223329 0.0072016 0.0038325 0.0000000 0.0781421 0.3183724 0.0099355 0.0022079 0.0059845 0.0000000 0.0050645 0.0032247 0.0000000 0.0014717 0.0132190 0.5002616
105 L 105 0.0187970 0.0038782 0.0082505 0.0175455 0.0000000 0.0035241 0.0398619 0.0084032 0.0000000 0.0242250 0.1558084 0.0832630 0.0315584 0.0000000 0.0031054 0.0128112 0.0057693 0.0000000 0.0000000 0.0106490 0.5725500
106 K 106 0.0270505 0.0265483 0.0463711 0.0015750 0.0000000 0.0360598 0.0120446 0.0070900 0.0226452 0.0000000 0.0039156 0.1068134 0.0000000 0.0000000 0.0365656 0.0065627 0.0148981 0.0000000 0.0000000 0.0052975 0.6465625
107 S 107 0.0194841 0.0000000 0.0676556 0.0016973 0.0000000 0.0195629 0.0156528 0.0062977 0.0065457 0.0000000 0.0000000 0.0551703 0.0000000 0.0022599 0.0109563 0.0319359 0.0088961 0.0000000 0.0000000 0.0101268 0.7437586
108 D 108 0.0000000 0.0000000 0.0423367 0.0529389 0.0000000 0.0000000 0.0282520 0.0000000 0.0000000 0.0000000 0.0000000 0.0000000 0.0000000 0.0000000 0.0000000 0.0000000 0.0000000 0.0000000 0.0000000 0.0000000 0.8764724
