  108         A         R         N         D         C         Q         E         G         H         I         L         K         M         F         P         S         T         W         Y         V    
  1 M   1 0.0000000 0.0000000 0.0000000 0.0000000 0.0000000 0.0000000 0.0000000 0.0000000 0.0000000 0.0000000 0.0000000 0.0000000 1.0000000 0.0000000 0.0000000 0.0000000 0.0000000 0.0000000 0.0000000 0.0000000
  2 A   2 0.0522263 0.0000000 0.1416297 0.0000000 0.0000000 0.0000000 0.0000000 0.0000000 0.0000000 0.0336887 0.0000000 0.2045193 0.0000000 0.0000000 0.0000000 0.0430996 0.5248365 0.0000000 0.0000000 0.0000000
  3 Q   3 0.0611095 0.0449497 0.0720139 0.0341157 0.0000000 0.4282308 0.0160631 0.0273304 0.0000000 0.0252642 0.0222270 0.0601145 0.0000000 0.0000000 0.1131232 0.0607044 0.0144377 0.0000000 0.0000000 0.0203159
  4 Q   4 0.0000000 0.2001788 0.1742043 0.0193576 0.0000000 0.0822904 0.0401388 0.0000000 0.0810086 0.0230072 0.0662397 0.0891176 0.0000000 0.0000000 0.0984401 0.0244003 0.0274979 0.0000000 0.0741186 0.0000000
  5 S   5 0.0163983 0.0398821 0.0526318 0.0255502 0.0000000 0.0191991 0.0420432 0.0000000 0.0666504 0.0000000 0.0000000 0.0237757 0.0000000 0.0250295 0.1530003 0.4547538 0.0468501 0.0000000 0.0342356 0.0000000
  6 P   6 0.1387693 0.0229268 0.0000000 0.0000000 0.0000000 0.0183605 0.0000000 0.0490311 0.0171372 0.0151622 0.2392372 0.0000000 0.0431513 0.0239363 0.1428715 0.0786746 0.0810143 0.0000000 0.0000000 0.1297277
  7 Y   7 0.0129337 0.0216659 0.1090628 0.0245397 0.0000000 0.0124200 0.0430355 0.0261533 0.0565041 0.1026356 0.0417462 0.0454564 0.0204643 0.0000000 0.0510399 0.0719254 0.1149319 0.0144213 0.1613638 0.0697001
  8 S   8 0.0000000 0.0233123 0.0131757 0.3887488 0.0000000 0.0000000 0.0000000 0.0703174 0.0147174 0.0000000 0.0000000 0.0386114 0.0000000 0.0000000 0.1149457 0.2201654 0.1160059 0.0000000 0.0000000 0.0000000
  9 A   9 0.1284594 0.0000000 0.0000000 0.0000000 0.0000000 0.0000000 0.0921136 0.0211494 0.0000000 0.0000000 0.0000000 0.0324879 0.0203017 0.0000000 0.4833469 0.1203512 0.0919113 0.0000000 0.0000000 0.0098785
 10 A  10 0.5004439 0.0000000 0.0600382 0.0152206 0.0199321 0.0563826 0.0988672 0.0366132 0.0181128 0.0166775 0.0188992 0.0113042 0.0117406 0.0000000 0.0000000 0.0130913 0.0709459 0.0000000 0.0000000 0.0517308
 11 M  11 0.0589340 0.0000000 0.0000000 0.0000000 0.0000000 0.0559292 0.0178751 0.0179135 0.0000000 0.0192155 0.2912655 0.0650219 0.1310708 0.0240697 0.0643648 0.1086908 0.1185715 0.0000000 0.0000000 0.0270777
 12 A  12 0.2051541 0.0000000 0.0211314 0.1398441 0.0000000 0.0534460 0.0549755 0.0102157 0.0000000 0.0000000 0.0000000 0.0906218 0.0000000 0.0119832 0.0170931 0.2536927 0.1020071 0.0000000 0.0000000 0.0398353
 13 E  13 0.0656968 0.0603000 0.0389641 0.0092852 0.0000000 0.1775736 0.2669070 0.0000000 0.0088744 0.0000000 0.0000000 0.0730189 0.0000000 0.0000000 0.1916369 0.0317891 0.0759540 0.0000000 0.0000000 0.0000000
 14 Q  14 0.0910001 0.1297242 0.0111815 0.0715608 0.0000000 0.1750869 0.1104864 0.0000000 0.0000000 0.0215649 0.0891695 0.0000000 0.0000000 0.0000000 0.1979306 0.0817669 0.0000000 0.0000000 0.0000000 0.0205281
 15 R  15 0.0599922 0.1176200 0.0626571 0.1878717 0.0000000 0.0413310 0.1874446 0.0398589 0.0171523 0.0177497 0.0173688 0.0721965 0.0079636 0.0097050 0.0075745 0.0733777 0.0149465 0.0000000 0.0132440 0.0519461
 16 H  16 0.0245010 0.0259151 0.2568936 0.1587844 0.0000000 0.0247227 0.1426640 0.0113278 0.0338274 0.0323776 0.0193916 0.0000000 0.0000000 0.0343114 0.0497647 0.0597314 0.0277081 0.0000000 0.0901364 0.0079429
 17 Q  17 0.0812917 0.0076272 0.0256173 0.1584087 0.0000000 0.1553372 0.2399923 0.0000000 0.0000000 0.0000000 0.0076775 0.1331245 0.0058378 0.0000000 0.0199049 0.0697512 0.0794180 0.0000000 0.0000000 0.0160116
 18 E  18 0.0658634 0.0164142 0.0991830 0.2470279 0.0000000 0.0792454 0.2474835 0.0736816 0.0910194 0.0000000 0.0071346 0.0000000 0.0000000 0.0000000 0.0000000 0.0335946 0.0290626 0.0000000 0.0102898 0.0000000
 19 W  19 0.0104470 0.0069901 0.0000000 0.0000000 0.0000000 0.0097774 0.0074701 0.0048722 0.0000000 0.0328740 0.1349614 0.0000000 0.0125619 0.0254486 0.0000000 0.0000000 0.0281010 0.5028366 0.0809140 0.1427456
 20 L  20 0.0156254 0.0489339 0.0477368 0.3294832 0.0000000 0.2296873 0.0504076 0.0184582 0.0148010 0.0000000 0.1057013 0.0701680 0.0143061 0.0000000 0.0000000 0.0302805 0.0158445 0.0000000 0.0047336 0.0038325
 21 R  21 0.1264276 0.1553857 0.0238257 0.0516391 0.0167002 0.2439812 0.1332460 0.0168099 0.0268662 0.0000000 0.0507338 0.0155844 0.0096529 0.0117045 0.0000000 0.0720248 0.0210387 0.0000000 0.0141302 0.0102490
 22 F  22 0.0000000 0.0000000 0.0000000 0.0000000 0.0000000 0.0000000 0.0000000 0.0000000 0.0000000 0.0437312 0.5566850 0.0000000 0.0096666 0.2917344 0.0000000 0.0066332 0.0000000 0.0000000 0.0046983 0.0868514
 23 V  23 0.0667975 0.0000000 0.0000000 0.0000000 0.0738509 0.0000000 0.0000000 0.0000000 0.0050677 0.0842250 0.1790351 0.0053152 0.0289254 0.2522112 0.0000000 0.0176868 0.0065959 0.0000000 0.0450498 0.2352393
 24 D  24 0.0780994 0.1070200 0.0430466 0.2059863 0.0054297 0.0592833 0.2848996 0.0107970 0.0200758 0.0000000 0.0013085 0.0887916 0.0057353 0.0045022 0.0000000 0.0217439 0.0593965 0.0000000 0.0000000 0.0038843
 25 L  25 0.3722331 0.0027314 0.0000000 0.0000000 0.0046890 0.0000000 0.0000000 0.0235824 0.0290282 0.0515018 0.3390368 0.0336720 0.0216324 0.0175024 0.0000000 0.0229776 0.0259051 0.0000000 0.0064751 0.0490326
 26 L  26 0.0050481 0.0000000 0.0000000 0.0000000 0.0241454 0.0000000 0.0000000 0.0000000 0.0000000 0.3230380 0.4271309 0.0000000 0.0306585 0.0600980 0.0000000 0.0000000 0.0034958 0.0000000 0.0000000 0.1263853
 27 K  27 0.0969890 0.0831122 0.0000000 0.0085071 0.0142154 0.1441818 0.0082941 0.0143420 0.0135954 0.0000000 0.4003117 0.0738651 0.0138591 0.0000000 0.0000000 0.0834156 0.0146095 0.0000000 0.0000000 0.0307020
 28 N  28 0.0590551 0.0207445 0.0478293 0.0185962 0.0229445 0.2022902 0.0521319 0.0100821 0.0232227 0.0066217 0.0827068 0.0827044 0.0191704 0.0000000 0.0000000 0.2087206 0.1372472 0.0000000 0.0000000 0.0059325
 29 A  29 0.2696236 0.0000000 0.0052429 0.0000000 0.0109726 0.0066322 0.0054232 0.0059002 0.0301565 0.0588132 0.4292855 0.0000000 0.0203160 0.0076194 0.0060815 0.0682293 0.0450259 0.0000000 0.0000000 0.0306778
 30 Y  30 0.0308876 0.0263941 0.0382465 0.0720938 0.0105655 0.0662955 0.1516260 0.0407974 0.0102463 0.0202630 0.0000000 0.2097029 0.0124213 0.1099585 0.0077428 0.0652999 0.0447669 0.0000000 0.0427893 0.0399026
 31 Q  31 0.1176828 0.0071228 0.1443377 0.2813854 0.0039845 0.0380253 0.1003505 0.0254030 0.0000000 0.0056275 0.0038520 0.0120842 0.0000000 0.0000000 0.0000000 0.1075520 0.1525922 0.0000000 0.0000000 0.0000000
 32 N  32 0.0436860 0.0828676 0.0136132 0.0429790 0.0000000 0.1031465 0.1839137 0.0099782 0.0229440 0.0485064 0.0607948 0.0588113 0.0204998 0.0000000 0.1200037 0.0655789 0.0344683 0.0000000 0.0096241 0.0785844
 33 D  33 0.0184638 0.0000000 0.0657266 0.2562051 0.0000000 0.0642867 0.4299867 0.0899217 0.0051313 0.0000000 0.0000000 0.0441763 0.0000000 0.0051537 0.0000000 0.0072432 0.0074474 0.0000000 0.0000000 0.0062575
 34 L  34 0.0451131 0.0198370 0.0053592 0.1016359 0.0000000 0.0793801 0.4266874 0.0028938 0.0121574 0.0085859 0.1438193 0.0628477 0.0129971 0.0238021 0.0000000 0.0171011 0.0093631 0.0050232 0.0000000 0.0233967
 35 H  35 0.0933117 0.0000000 0.0000000 0.0162137 0.2892469 0.0520850 0.0365589 0.0025643 0.1306350 0.1006051 0.1032121 0.0000000 0.0666836 0.0136876 0.0000000 0.0048879 0.0112309 0.0000000 0.0077695 0.0713077
 36 L  36 0.0679768 0.0450201 0.0158841 0.0787658 0.0000000 0.0849254 0.1055131 0.0118652 0.0271922 0.0125761 0.1058958 0.0366333 0.0081016 0.0376408 0.0000000 0.0151055 0.0105424 0.0000000 0.3268940 0.0094678
 37 P  37 0.1442864 0.1282719 0.0259046 0.0921048 0.0025510 0.0628969 0.0958707 0.0015115 0.0013385 0.0112265 0.0464016 0.0351028 0.0604680 0.0000000 0.1597106 0.0549771 0.0485574 0.0000000 0.0000000 0.0288197
 38 L  38 0.0165231 0.0076803 0.0000000 0.0000000 0.0000000 0.0000000 0.0000000 0.0000000 0.0000000 0.0536046 0.3183836 0.0062283 0.0214678 0.5401935 0.0000000 0.0000000 0.0000000 0.0000000 0.0046181 0.0313008
 39 L  39 0.0000000 0.0000000 0.0000000 0.0000000 0.0142786 0.0000000 0.0000000 0.0000000 0.0000000 0.0077807 0.5256048 0.0000000 0.0211808 0.4246588 0.0000000 0.0000000 0.0000000 0.0000000 0.0000000 0.0064962
 40 N  40 0.0353570 0.0451564 0.0137456 0.1213055 0.0000000 0.1928005 0.3055681 0.0379692 0.0258208 0.0053380 0.0081878 0.0271100 0.0057502 0.0000000 0.0117311 0.0398096 0.1205918 0.0000000 0.0037585 0.0000000
 41 L  41 0.0304738 0.0000000 0.0000000 0.4937717 0.0402918 0.0025401 0.0365478 0.0030197 0.0000000 0.0000000 0.2792112 0.0000000 0.0678069 0.0142786 0.0000000 0.0208747 0.0000000 0.0000000 0.0000000 0.0111837
 42 M  42 0.0045482 0.0000000 0.0000000 0.0000000 0.0000000 0.0000000 0.0000000 0.0000000 0.0000000 0.1269401 0.6341852 0.0000000 0.0930784 0.0491782 0.0000000 0.0000000 0.0000000 0.0000000 0.0000000 0.0920699
 43 L  43 0.0512359 0.0000000 0.0000000 0.0000000 0.3955137 0.0000000 0.0000000 0.0000000 0.0000000 0.0000000 0.4036022 0.0000000 0.0646882 0.0723623 0.0000000 0.0028722 0.0097255 0.0000000 0.0000000 0.0000000
 44 T  44 0.0000000 0.0000000 0.0000000 0.0000000 0.0000000 0.0000000 0.0000000 0.0000000 0.0000000 0.0000000 0.0000000 0.0000000 0.0000000 0.0000000 0.0000000 0.0415189 0.9584811 0.0000000 0.0000000 0.0000000
 45 P  45 0.0502434 0.0107136 0.0000000 0.0126106 0.0000000 0.0054198 0.0445415 0.0000000 0.0099728 0.1496494 0.0079906 0.0252023 0.0253719 0.0114967 0.4448143 0.0113495 0.0114274 0.0000000 0.0155329 0.1636633
 46 D  46 0.1584795 0.0416612 0.1459898 0.3084587 0.0000000 0.0099546 0.0647089 0.0719048 0.0044268 0.0029781 0.0000000 0.0762669 0.0000000 0.0000000 0.0135738 0.0839502 0.0102212 0.0000000 0.0000000 0.0074257
 47 E  47 0.0000000 0.0000000 0.0000000 0.0074257 0.0000000 0.0000000 0.9925743 0.0000000 0.0000000 0.0000000 0.0000000 0.0000000 0.0000000 0.0000000 0.0000000 0.0000000 0.0000000 0.0000000 0.0000000 0.0000000
 48 R  48 0.0066112 0.3547212 0.0000000 0.0000000 0.0000000 0.0252113 0.0000000 0.0000000 0.0000000 0.2133167 0.2825225 0.0299128 0.0224029 0.0000000 0.0000000 0.0000000 0.0099385 0.0000000 0.0132690 0.0420939
 49 E  49 0.0395450 0.0641408 0.0326150 0.0769954 0.0133526 0.1042483 0.2388641 0.0095423 0.0099559 0.0018480 0.0522640 0.1885567 0.0084026 0.0097162 0.0000000 0.0691854 0.0743112 0.0000000 0.0000000 0.0064565
 50 A  50 0.5251219 0.0044576 0.0000000 0.1130484 0.0000000 0.0199121 0.0826617 0.0037585 0.0000000 0.0000000 0.0000000 0.0035424 0.0052853 0.0000000 0.0000000 0.2073216 0.0227563 0.0000000 0.0000000 0.0121342
 51 L  51 0.0000000 0.0000000 0.0000000 0.0000000 0.0000000 0.0000000 0.0000000 0.0000000 0.0000000 0.1662325 0.4853782 0.0000000 0.1964272 0.0826665 0.0000000 0.0000000 0.0140274 0.0000000 0.0000000 0.0552682
 52 G  52 0.4079880 0.0000000 0.0162183 0.0000000 0.0067997 0.0141362 0.0294843 0.1797753 0.0000000 0.0360703 0.0193267 0.0028266 0.0029457 0.0054905 0.0000000 0.2047563 0.0271792 0.0000000 0.0000000 0.0470031
 53 T  53 0.0991202 0.0051170 0.0489522 0.0617577 0.0000000 0.3657725 0.0311341 0.0460209 0.0058116 0.0000000 0.0871645 0.0481665 0.0043344 0.0000000 0.0000000 0.0260537 0.1689905 0.0000000 0.0000000 0.0016040
 54 R  54 0.0000000 1.0000000 0.0000000 0.0000000 0.0000000 0.0000000 0.0000000 0.0000000 0.0000000 0.0000000 0.0000000 0.0000000 0.0000000 0.0000000 0.0000000 0.0000000 0.0000000 0.0000000 0.0000000 0.0000000
 55 V  55 0.0028091 0.0000000 0.0000000 0.0000000 0.0000000 0.0000000 0.0000000 0.0000000 0.0000000 0.0509041 0.4114783 0.0000000 0.0116457 0.0812228 0.0000000 0.0000000 0.0086390 0.1664980 0.0434566 0.2233463
 56 R  56 0.0495693 0.2533119 0.0947324 0.0124208 0.0035965 0.1660629 0.2319675 0.0000000 0.0234707 0.0000000 0.0645081 0.0692281 0.0044095 0.0000000 0.0000000 0.0169720 0.0027345 0.0000000 0.0019747 0.0050411
 57 I  57 0.0179866 0.0000000 0.0000000 0.0000000 0.0000000 0.0000000 0.0000000 0.0000000 0.0000000 0.4001368 0.0871601 0.0000000 0.0038403 0.0000000 0.0000000 0.0000000 0.0000000 0.0000000 0.0000000 0.4908762
 58 V  58 0.4122828 0.0000000 0.0000000 0.0000000 0.0089885 0.0000000 0.0000000 0.0000000 0.0000000 0.1449090 0.0383032 0.0000000 0.0156125 0.1042061 0.0000000 0.0020010 0.0143038 0.0000000 0.0169165 0.2424765
 59 E  59 0.0342988 0.2213933 0.0232947 0.0164818 0.0150161 0.1441177 0.1109877 0.0055086 0.0365075 0.0000000 0.0032173 0.2791824 0.0101517 0.0011215 0.0537890 0.0194710 0.0132119 0.0019811 0.0011431 0.0091248
 60 E  60 0.0750455 0.0200953 0.0000000 0.0199911 0.0000000 0.0413744 0.3034190 0.0068248 0.0036050 0.0000000 0.1916870 0.0100015 0.2784935 0.0099517 0.0000000 0.0089743 0.0191258 0.0000000 0.0084667 0.0029444
 61 L  61 0.0000000 0.0000000 0.0000000 0.0000000 0.0000000 0.0000000 0.0000000 0.0000000 0.0000000 0.0204015 0.9795985 0.0000000 0.0000000 0.0000000 0.0000000 0.0000000 0.0000000 0.0000000 0.0000000 0.0000000
 62 L  62 0.0269710 0.0669578 0.0039882 0.1149397 0.0000000 0.0275451 0.0255263 0.0056889 0.0162924 0.0338367 0.3823918 0.0454529 0.1289829 0.0115772 0.0000000 0.0226224 0.0197590 0.0000000 0.0370041 0.0304636
 63 R  63 0.0757851 0.2252468 0.0700471 0.0968347 0.0000000 0.0860933 0.2051365 0.0059852 0.0160906 0.0000000 0.0169621 0.1851321 0.0000000 0.0000000 0.0000000 0.0151080 0.0000000 0.0000000 0.0000000 0.0015784
 64 G  64 0.0155693 0.0029128 0.0276862 0.0084074 0.0018071 0.0286533 0.0503734 0.7196353 0.0071588 0.0117661 0.0025864 0.1103458 0.0022573 0.0000000 0.0000000 0.0044028 0.0064379 0.0000000 0.0000000 0.0000000
 65 E  65 0.0501754 0.0488147 0.1071796 0.1048247 0.0028727 0.0711915 0.3573172 0.0540674 0.0347591 0.0000000 0.0066612 0.0803392 0.0000000 0.0000000 0.0000000 0.0274296 0.0509496 0.0000000 0.0034181 0.0000000
 66 M  66 0.0062464 0.0293202 0.0150608 0.0038576 0.0096672 0.0069922 0.0000000 0.0000000 0.0091786 0.0752937 0.1610407 0.2293826 0.2459657 0.0188760 0.0000000 0.0129053 0.0057167 0.0025031 0.0435095 0.1244839
 67 S  67 0.0039196 0.0000000 0.0000000 0.0000000 0.0000000 0.0000000 0.0000000 0.0020682 0.0000000 0.0055091 0.0000000 0.0024187 0.0000000 0.0000000 0.1807862 0.4282663 0.3719073 0.0000000 0.0051245 0.0000000
 68 Q  68 0.0000000 0.0000000 0.0000000 0.0000000 0.0000000 0.5038976 0.0000000 0.0000000 0.0107344 0.0000000 0.0000000 0.0000000 0.0000000 0.0128228 0.0000000 0.0000000 0.0000000 0.0000000 0.4725452 0.0000000
 69 R  69 0.0177666 0.6023195 0.0520400 0.0453165 0.0000000 0.0069682 0.0285784 0.0092427 0.0294638 0.0194427 0.0474527 0.0019842 0.0038427 0.0000000 0.0189081 0.0435483 0.0463183 0.0000000 0.0076144 0.0191930
 70 E  70 0.0359034 0.0082105 0.0000000 0.1055779 0.0000000 0.1749523 0.5232246 0.0101836 0.0116983 0.0000000 0.0000000 0.0673200 0.0000000 0.0023499 0.0000000 0.0199161 0.0265450 0.0000000 0.0000000 0.0141183
 71 L  71 0.0000000 0.0000000 0.0000000 0.0000000 0.0000000 0.0000000 0.0000000 0.0000000 0.0000000 0.7819247 0.1605743 0.0000000 0.0078603 0.0000000 0.0000000 0.0000000 0.0000000 0.0000000 0.0000000 0.0496406
 72 K  72 0.3205125 0.0030003 0.0058666 0.0000000 0.0018019 0.0722791 0.1193955 0.0000000 0.0581621 0.0053759 0.0102902 0.1627717 0.0121528 0.0000000 0.0000000 0.1420933 0.0118443 0.0000000 0.0031784 0.0712752
 73 N  73 0.1260472 0.0253522 0.1386335 0.0308807 0.0028202 0.1658580 0.2476733 0.0104538 0.0069565 0.0050215 0.0023584 0.1469559 0.0000000 0.0000000 0.0000000 0.0638769 0.0271120 0.0000000 0.0000000 0.0000000
 74 E  74 0.0541395 0.0744127 0.0566802 0.0386541 0.0021318 0.1095410 0.3157497 0.0000000 0.0164353 0.0179723 0.0712592 0.1315838 0.0557653 0.0000000 0.0000000 0.0164388 0.0243896 0.0000000 0.0000000 0.0148467
 75 L  75 0.0134181 0.0000000 0.0000000 0.0000000 0.0000000 0.0000000 0.0000000 0.0000000 0.0187126 0.0192530 0.3880043 0.0000000 0.0000000 0.0283080 0.0000000 0.0095904 0.4459890 0.0000000 0.0604730 0.0162516
 76 G  76 0.0094252 0.0030628 0.0712108 0.0000000 0.0000000 0.0497514 0.0260299 0.7747054 0.0137305 0.0000000 0.0000000 0.0235447 0.0000000 0.0000000 0.0034029 0.0251363 0.0000000 0.0000000 0.0000000 0.0000000
 77 V  77 0.4639244 0.0000000 0.0000000 0.0000000 0.0066151 0.0000000 0.0000000 0.0000000 0.0000000 0.1046016 0.0253400 0.0053759 0.0243721 0.0000000 0.0000000 0.0000000 0.0604185 0.0000000 0.0000000 0.3093524
 78 G  78 0.0000000 0.0000000 0.0000000 0.0000000 0.0000000 0.0000000 0.0000000 0.2897456 0.0000000 0.0000000 0.0000000 0.0000000 0.0000000 0.0000000 0.0000000 0.7102544 0.0000000 0.0000000 0.0000000 0.0000000
 79 I  79 0.0552792 0.0000000 0.0000000 0.0000000 0.0000000 0.0000000 0.0000000 0.0000000 0.0000000 0.3595813 0.0893328 0.0000000 0.0066151 0.0000000 0.0215419 0.0812767 0.3053937 0.0000000 0.0000000 0.0809794
 80 A  80 0.7522773 0.0000000 0.0000000 0.0000000 0.0961892 0.0000000 0.0000000 0.0066151 0.0000000 0.0000000 0.0000000 0.0000000 0.0000000 0.0000000 0.0000000 0.0000000 0.1449184 0.0000000 0.0000000 0.0000000
 81 T  81 0.0000000 0.0000000 0.0056412 0.0000000 0.0000000 0.0132986 0.0000000 0.0000000 0.0000000 0.0198697 0.0000000 0.0840510 0.0000000 0.0000000 0.0000000 0.0076144 0.8695250 0.0000000 0.0000000 0.0000000
 82 I  82 0.0000000 0.0000000 0.0000000 0.0000000 0.0000000 0.0000000 0.0000000 0.0000000 0.0000000 0.8510788 0.0061516 0.0000000 0.0000000 0.0000000 0.0000000 0.0000000 0.0042883 0.0000000 0.0000000 0.1384812
 83 T  83 0.0140483 0.0000000 0.0000000 0.0000000 0.0053407 0.0000000 0.0000000 0.0518801 0.0000000 0.0000000 0.0000000 0.0000000 0.0000000 0.0053759 0.0000000 0.4052773 0.5008990 0.0000000 0.0000000 0.0171786
 84 R  84 0.0000000 1.0000000 0.0000000 0.0000000 0.0000000 0.0000000 0.0000000 0.0000000 0.0000000 0.0000000 0.0000000 0.0000000 0.0000000 0.0000000 0.0000000 0.0000000 0.0000000 0.0000000 0.0000000 0.0000000
 85 G  85 0.0059299 0.0000000 0.0000000 0.0000000 0.0501578 0.0000000 0.0000000 0.4536961 0.0000000 0.0449207 0.0000000 0.0000000 0.0000000 0.0000000 0.0000000 0.0000000 0.0028615 0.0000000 0.0000000 0.4424340
 86 S  86 0.1457583 0.0159085 0.1622518 0.0000000 0.0000000 0.0000000 0.0000000 0.0000000 0.0000000 0.0000000 0.0000000 0.1617141 0.0000000 0.0000000 0.0000000 0.5143673 0.0000000 0.0000000 0.0000000 0.0000000
 87 N  87 0.0088444 0.4753253 0.3745734 0.0000000 0.0000000 0.0000000 0.0000000 0.0000000 0.0000000 0.0000000 0.0000000 0.1351052 0.0000000 0.0000000 0.0000000 0.0000000 0.0061516 0.0000000 0.0000000 0.0000000
 88 S  88 0.1241897 0.0000000 0.0228254 0.0000000 0.2193718 0.0000000 0.1268214 0.0077352 0.0000000 0.0264006 0.0057532 0.0000000 0.0412308 0.0533688 0.0000000 0.2596442 0.0368409 0.0000000 0.0564462 0.0193718
 89 L  89 0.0000000 0.0000000 0.0000000 0.0000000 0.0000000 0.0000000 0.0000000 0.0000000 0.0000000 0.0525650 0.8894806 0.0000000 0.0128397 0.0124066 0.0000000 0.0000000 0.0000000 0.0000000 0.0084704 0.0242377
 90 K  90 0.0112098 0.0217132 0.2222649 0.0187053 0.0000000 0.0586985 0.0458447 0.0095654 0.0312256 0.0054911 0.0043928 0.5109970 0.0016902 0.0013557 0.0000000 0.0274843 0.0127428 0.0000000 0.0079938 0.0086249
 91 A  91 0.0555975 0.0134014 0.0396360 0.0508377 0.0000000 0.0408010 0.0395484 0.0349579 0.0661259 0.0173908 0.0111963 0.0727914 0.0099475 0.0193964 0.0000000 0.1335899 0.0773067 0.0099673 0.3075081 0.0000000
 92 A  92 0.1659764 0.0206956 0.0158586 0.0131174 0.0149589 0.0236209 0.0489038 0.4156916 0.0237309 0.0174574 0.0430832 0.0576262 0.1056564 0.0000000 0.0087131 0.0131158 0.0059019 0.0000000 0.0000000 0.0058920
 93 P  93 0.1852176 0.0056771 0.1407223 0.1166120 0.0056399 0.0123484 0.0325577 0.0168366 0.0111126 0.0000000 0.0022398 0.0092966 0.0000000 0.0039711 0.1797699 0.1995647 0.0699655 0.0000000 0.0084680 0.0000000
 94 V  94 0.0553997 0.0046779 0.0236792 0.3079236 0.0000000 0.0235286 0.0672227 0.1392054 0.0319237 0.0121871 0.0095431 0.0085888 0.0000000 0.0000000 0.1616510 0.1138612 0.0087588 0.0000000 0.0034377 0.0284117
 95 E  95 0.1379616 0.0246224 0.0093717 0.0822346 0.0000000 0.0623577 0.1339157 0.4024853 0.0065480 0.0128115 0.0000000 0.0322251 0.0024535 0.0000000 0.0158480 0.0136026 0.0179379 0.0000000 0.0169275 0.0286968
 96 L  96 0.0122881 0.0000000 0.0000000 0.0116915 0.0073767 0.0229051 0.0839118 0.0267736 0.0104942 0.0146608 0.1609997 0.0046246 0.0000000 0.1235644 0.0000000 0.0048734 0.0259713 0.0000000 0.4355138 0.0543512
 97 R  97 0.0542449 0.2641536 0.0281739 0.0321353 0.0000000 0.0409867 0.0350732 0.0000000 0.0000000 0.0164702 0.0306072 0.3992043 0.0182686 0.0055536 0.0000000 0.0000000 0.0330238 0.0050319 0.0274533 0.0096196
 98 Q  98 0.1511607 0.1009781 0.0340346 0.0497030 0.0000000 0.1017571 0.0876533 0.0025195 0.0100972 0.0312778 0.1431054 0.0973413 0.0548965 0.0054851 0.0000000 0.0386676 0.0477247 0.0000000 0.0000000 0.0435982
 99 W  99 0.1372634 0.0077650 0.0061810 0.0000000 0.0000000 0.0115877 0.0049502 0.0000000 0.0000000 0.1725768 0.0999262 0.0324584 0.0234125 0.0404052 0.0000000 0.0028198 0.0192109 0.2514185 0.0000000 0.1900245
100 L 100 0.0080109 0.0000000 0.0000000 0.0000000 0.0000000 0.0000000 0.0000000 0.0000000 0.0000000 0.1073410 0.7413035 0.0000000 0.0226372 0.0515569 0.0000000 0.0000000 0.0000000 0.0000000 0.0000000 0.0691505
101 E 101 0.0638199 0.0495530 0.0420303 0.1383477 0.0000000 0.0611530 0.3309051 0.0170040 0.0000000 0.0173436 0.0344994 0.1181682 0.0061853 0.0034963 0.0102305 0.0809802 0.0124150 0.0000000 0.0000000 0.0138685
102 E 102 0.1159746 0.3494815 0.0299824 0.0676055 0.0000000 0.0881439 0.0872194 0.0112648 0.0273815 0.0048124 0.0138298 0.1142319 0.0044362 0.0111543 0.0000000 0.0279341 0.0362324 0.0000000 0.0000000 0.0103155
103 V 103 0.0143644 0.0488655 0.0282249 0.0000000 0.0000000 0.2103534 0.0132068 0.0153827 0.0260221 0.0136010 0.4618931 0.0490321 0.0489609 0.0054228 0.0000000 0.0061739 0.0040763 0.0000000 0.0219583 0.0324619
104 L 104 0.0221242 0.0139704 0.0134237 0.0048781 0.0052354 0.0463680 0.0145602 0.0077030 0.0000000 0.1623168 0.6253902 0.0203869 0.0045052 0.0126036 0.0000000 0.0108422 0.0066307 0.0000000 0.0029672 0.0260941
105 L 105 0.0460892 0.0096205 0.0201919 0.0428645 0.0000000 0.0083194 0.0972153 0.0206216 0.0000000 0.0623043 0.3915316 0.1977332 0.0238275 0.0000000 0.0076698 0.0316740 0.0144228 0.0000000 0.0000000 0.0259144
106 K 106 0.0820222 0.0806860 0.0771552 0.0047525 0.0000000 0.1089433 0.0348968 0.0220157 0.0688367 0.0000000 0.0115236 0.3201984 0.0000000 0.0000000 0.1074456 0.0201075 0.0455757 0.0000000 0.0000000 0.0158409
107 S 107 0.0837897 0.0000000 0.1993323 0.0072586 0.0000000 0.0824147 0.0672662 0.0269775 0.0274429 0.0000000 0.0000000 0.2266586 0.0000000 0.0093071 0.0471151 0.1357774 0.0431899 0.0000000 0.0000000 0.0434701
108 D 108 0.0000000 0.0000000 0.3409000 0.4295038 0.0000000 0.0000000 0.2295961 0.0000000 0.0000000 0.0000000 0.0000000 0.0000000 0.0000000 0.0000000 0.0000000 0.0000000 0.0000000 0.0000000 0.0000000 0.0000000
