   99         A         R         N         D         C         Q         E         G         H         I         L         K         M         F         P         S         T         W         Y         V    
  1 K   1 0.0000000 0.0974001 0.0000000 0.0000000 0.0000000 0.2775042 0.0849892 0.0000000 0.0000000 0.0000000 0.0000000 0.5401065 0.0000000 0.0000000 0.0000000 0.0000000 0.0000000 0.0000000 0.0000000 0.0000000
  2 P   2 0.0108637 0.0000000 0.0215968 0.0441009 0.0000000 0.0000000 0.0637238 0.0383427 0.0000000 0.0354958 0.0183445 0.0094025 0.0102474 0.0000000 0.7053810 0.0256545 0.0043199 0.0000000 0.0000000 0.0125264
  3 G   3 0.0646912 0.0276340 0.0078558 0.0181311 0.0066956 0.0294806 0.0381896 0.5032600 0.0025924 0.0141062 0.0278420 0.0103684 0.0080242 0.0076963 0.1088726 0.0627458 0.0072122 0.0033108 0.0125358 0.0387553
  4 D   4 0.0033287 0.0406858 0.0672297 0.1174119 0.0126117 0.0893694 0.4438318 0.0475518 0.0066575 0.0125554 0.0000000 0.0926366 0.0000000 0.0014916 0.0264778 0.0065740 0.0104204 0.0000000 0.0047638 0.0164022
  5 T   5 0.0160559 0.0333356 0.0015192 0.0062579 0.0048545 0.0340295 0.0743060 0.0021890 0.0050641 0.1821093 0.1335528 0.0380176 0.0236287 0.0392471 0.0963214 0.0110894 0.1171374 0.0014213 0.0443609 0.1355021
  6 F   6 0.0024887 0.1690813 0.0019402 0.0030511 0.0025803 0.0423886 0.0779647 0.0000000 0.0525902 0.1089832 0.1141907 0.0244803 0.0436237 0.1519090 0.0021278 0.0098106 0.0486701 0.0018021 0.0707709 0.0715466
  7 E   7 0.0111808 0.0355461 0.0250051 0.0927175 0.0124582 0.0168251 0.2263079 0.0009495 0.0498764 0.0365637 0.0342870 0.0440675 0.0135978 0.0162267 0.0255308 0.0424327 0.2270263 0.0000000 0.0143373 0.0750637
  8 V   8 0.0164279 0.0000000 0.0000000 0.0000000 0.0013122 0.0000000 0.0000000 0.0000000 0.0000000 0.3467660 0.0388702 0.0000000 0.0082154 0.0025080 0.0019752 0.0021138 0.0386149 0.0000000 0.0012555 0.5419409
  9 E   9 0.0159867 0.0408500 0.0284697 0.0506301 0.0140777 0.0411434 0.2558968 0.0014447 0.0387414 0.0274980 0.0135968 0.0913523 0.0044674 0.0083420 0.0206050 0.0320907 0.2065779 0.0000000 0.0043070 0.1039222
 10 L  10 0.0014343 0.0027915 0.0020136 0.0000000 0.0052508 0.0000000 0.0000000 0.0000000 0.0000000 0.1700950 0.6948486 0.0000000 0.0182747 0.0333490 0.0000000 0.0012982 0.0000000 0.0000000 0.0012018 0.0694424
 11 A  11 0.0217357 0.0616644 0.0567954 0.0191185 0.0074452 0.0612818 0.1462090 0.0019435 0.0770785 0.0618203 0.0282360 0.1032671 0.0211211 0.0236755 0.0372343 0.0489270 0.0757776 0.0117173 0.0194109 0.1155408
 12 K  12 0.0073713 0.2666008 0.0338244 0.0130455 0.0090773 0.0013875 0.0061480 0.0080169 0.0023268 0.0012684 0.0012938 0.6341355 0.0075216 0.0000000 0.0024715 0.0014933 0.0040174 0.0000000 0.0000000 0.0000000
 13 T  13 0.0196692 0.0120533 0.0659464 0.1475334 0.0000000 0.0422843 0.1322172 0.3431584 0.0106120 0.0051859 0.0015803 0.0350140 0.0035543 0.0014142 0.0192936 0.1005635 0.0413282 0.0000000 0.0084797 0.0101119
 14 D  14 0.0768867 0.0199137 0.1148339 0.0879626 0.0030784 0.0417129 0.0727333 0.1074304 0.0163139 0.0035304 0.0050635 0.0254681 0.0018915 0.0042156 0.2135958 0.1433531 0.0463957 0.0000000 0.0019448 0.0136755
 15 G  15 0.0512304 0.0436490 0.0684618 0.0481807 0.0019179 0.0436477 0.1186003 0.2505276 0.0102145 0.0030991 0.0152133 0.1045230 0.0212398 0.0013358 0.0019838 0.1375863 0.0671199 0.0000000 0.0047453 0.0067238
 16 S  16 0.0113563 0.0178978 0.0041532 0.0097156 0.0039245 0.0049725 0.0187752 0.6942565 0.0010189 0.0000000 0.0000000 0.0242459 0.0000000 0.0073104 0.0581158 0.1168211 0.0222509 0.0000000 0.0030096 0.0021757
 17 L  17 0.0021011 0.0000000 0.0000000 0.0000000 0.0000000 0.0000000 0.0031549 0.0009868 0.0015121 0.0138376 0.7455374 0.0000000 0.0138448 0.1887320 0.0014640 0.0022980 0.0000000 0.0013581 0.0171948 0.0079785
 18 G  18 0.0016932 0.0000000 0.0022534 0.0019686 0.0000000 0.0038598 0.0000000 0.9845176 0.0025563 0.0000000 0.0000000 0.0000000 0.0000000 0.0000000 0.0000000 0.0000000 0.0000000 0.0000000 0.0000000 0.0031511
 19 I  19 0.0027494 0.0000000 0.0000000 0.0000000 0.0015087 0.0000000 0.0000000 0.0000000 0.0000000 0.2409523 0.1589602 0.0000000 0.0343496 0.5302386 0.0000000 0.0015177 0.0000000 0.0000000 0.0000000 0.0297235
 20 S  20 0.0249592 0.0400279 0.0678131 0.0048977 0.0049788 0.0204002 0.0049491 0.0633207 0.0359649 0.0048156 0.0000000 0.0100179 0.0076765 0.0103418 0.0025428 0.5202562 0.1300766 0.0000000 0.0013699 0.0455910
 21 V  21 0.0090418 0.0000000 0.0035272 0.0000000 0.0000000 0.0000000 0.0000000 0.0000000 0.0000000 0.6037321 0.1643137 0.0000000 0.0000000 0.0223290 0.0000000 0.0000000 0.0018017 0.0000000 0.0000000 0.1952545
 22 T  22 0.2245658 0.0454880 0.0037453 0.0059948 0.0247612 0.0080092 0.0278368 0.0014476 0.0000000 0.0967232 0.0515876 0.0479044 0.0167808 0.0013241 0.0000000 0.0721059 0.0847811 0.0000000 0.0000000 0.2869443
 23 V  23 0.0449449 0.0153623 0.0063228 0.0773551 0.0122910 0.0080673 0.0228079 0.6296109 0.0015102 0.0057459 0.0133567 0.0130852 0.0000000 0.0000000 0.0397124 0.0567382 0.0328857 0.0000000 0.0082458 0.0119579
 24 L  24 0.0287407 0.0508065 0.0500475 0.0254544 0.0078605 0.0231216 0.0303909 0.4827085 0.0056796 0.0059643 0.0417972 0.0153494 0.0293801 0.0185153 0.0099530 0.0779221 0.0343552 0.0016210 0.0529230 0.0074091
 25 F  25 0.0187653 0.1054055 0.0359515 0.1172330 0.0018771 0.0491631 0.0588073 0.0420736 0.0125513 0.0480200 0.0262047 0.1479683 0.0077065 0.0140738 0.0273929 0.0586950 0.1002613 0.0000000 0.0086266 0.1192233
 26 D  26 0.0252212 0.0162013 0.0912749 0.2928457 0.0109525 0.0125674 0.1000877 0.1373544 0.0066780 0.0053886 0.0309663 0.0167479 0.0031626 0.0084625 0.0181992 0.1339814 0.0345358 0.0000000 0.0092787 0.0460941
 27 K  27 0.0575267 0.1128866 0.0316044 0.0198787 0.0216431 0.0410027 0.1073909 0.0934733 0.0788015 0.0089605 0.0266366 0.0995989 0.0174074 0.0066316 0.1023970 0.0807096 0.0395621 0.0000000 0.0236707 0.0302177
 28 G  28 0.0436277 0.0236887 0.0222068 0.0490237 0.0050770 0.0193074 0.0182137 0.5159051 0.0121791 0.0371298 0.0361741 0.0174392 0.0022827 0.0033830 0.0491022 0.0958079 0.0146297 0.0000000 0.0021039 0.0327182
 29 G  29 0.0191708 0.0059080 0.0423788 0.0367281 0.0318110 0.0053527 0.0223906 0.6603619 0.0131912 0.0026778 0.0037304 0.0167456 0.0079965 0.0035939 0.0118225 0.0868115 0.0092421 0.0000000 0.0144825 0.0056041
 30 V  30 0.0819631 0.0892710 0.1688586 0.0150391 0.0209132 0.0883341 0.0285646 0.0133679 0.0446182 0.0429690 0.0224825 0.0543973 0.0296284 0.0142523 0.0625062 0.0745640 0.0704759 0.0000000 0.0128278 0.0649668
 31 N  31 0.0215364 0.0217140 0.0559886 0.1969451 0.0058413 0.0645734 0.0929364 0.1054162 0.0633253 0.0036206 0.0322203 0.0277454 0.0042048 0.0040077 0.2402197 0.0315414 0.0108265 0.0000000 0.0079313 0.0094055
 32 T  32 0.0294892 0.0379300 0.0451625 0.0233080 0.0151738 0.0126135 0.0553059 0.0150101 0.1063285 0.0139420 0.0506370 0.0275383 0.0096377 0.1091651 0.0072373 0.2056777 0.1371810 0.0017743 0.0607425 0.0361457
 33 S  33 0.0376900 0.0526716 0.0632771 0.0805364 0.0039918 0.0365026 0.0519379 0.1253535 0.0119077 0.0804458 0.0270107 0.1096710 0.0041679 0.0077179 0.1086319 0.0924578 0.0478232 0.0000000 0.0019702 0.0562348
 34 V  34 0.0382927 0.0518027 0.0433342 0.0312108 0.0018376 0.0415380 0.1045659 0.0799858 0.0663973 0.0259084 0.1500177 0.0576236 0.0117605 0.0159923 0.0966575 0.0667361 0.0315216 0.0023586 0.0116992 0.0707596
 35 R  35 0.0339398 0.0466662 0.0786184 0.0948323 0.0104199 0.0485912 0.1026405 0.2838885 0.0211271 0.0023012 0.0402133 0.0412133 0.0055301 0.0125233 0.0163285 0.0868985 0.0464499 0.0034129 0.0017173 0.0226879
 36 H  36 0.0540148 0.0399120 0.0828985 0.3446544 0.0114897 0.0184537 0.0847322 0.0073445 0.0392025 0.0176729 0.0210897 0.0522274 0.0031773 0.0099870 0.0574080 0.0798538 0.0217150 0.0040487 0.0096690 0.0404488
 37 G  37 0.0330057 0.0257343 0.0492581 0.0377150 0.0120806 0.0429311 0.1150905 0.0732291 0.0123337 0.0262004 0.1462785 0.0294436 0.0837617 0.0059968 0.1024403 0.0827276 0.0738833 0.0000000 0.0068381 0.0410517
 38 G  38 0.0167766 0.0153349 0.0060203 0.0149515 0.0036156 0.0118797 0.0077348 0.5863416 0.0126657 0.0114246 0.0099108 0.0066750 0.0023686 0.0258843 0.1736177 0.0733916 0.0033749 0.0000000 0.0020144 0.0160174
 39 I  39 0.0000000 0.0000000 0.0000000 0.0000000 0.0059958 0.0174273 0.0021752 0.0000000 0.0291810 0.6121760 0.1129780 0.0000000 0.0083668 0.0064300 0.0071569 0.0010809 0.0042886 0.0000000 0.0161486 0.1765949
 40 Y  40 0.0082506 0.0347746 0.0010959 0.0000000 0.0018377 0.0209274 0.0018998 0.0000000 0.0008127 0.0449514 0.0636075 0.0271846 0.0067960 0.3783043 0.0000000 0.0035836 0.0167057 0.0014833 0.2928249 0.0949600
 41 V  41 0.0000000 0.0000000 0.0000000 0.0034655 0.0031754 0.0000000 0.0000000 0.0000000 0.0000000 0.5153310 0.0033327 0.0000000 0.0023416 0.0000000 0.0000000 0.0000000 0.0000000 0.0000000 0.0000000 0.4723538
 42 K  42 0.0352645 0.0758239 0.0114924 0.0070982 0.0065071 0.0370965 0.0107723 0.0553186 0.0421063 0.0011308 0.0278439 0.2998820 0.0000000 0.0020848 0.0000000 0.2595097 0.0983353 0.0000000 0.0008043 0.0289294
 43 A  43 0.0406726 0.1390557 0.0606362 0.0716068 0.0055859 0.0297659 0.0801161 0.0448791 0.0406551 0.0010193 0.0017815 0.1494635 0.0166278 0.0170563 0.0000000 0.2140224 0.0676059 0.0036243 0.0125918 0.0032341
 44 I  44 0.0000000 0.0000000 0.0000000 0.0000000 0.0000000 0.0000000 0.0000000 0.0000000 0.0000000 0.5228263 0.1541811 0.0000000 0.0188903 0.0025027 0.0000000 0.0000000 0.0022978 0.0000000 0.0000000 0.2993019
 45 I  45 0.0475518 0.0259077 0.0359805 0.0270846 0.0070315 0.0484711 0.0476136 0.0019103 0.0119710 0.1551633 0.1632551 0.0299258 0.0223229 0.0854911 0.0000000 0.0403423 0.0806166 0.0011021 0.0158288 0.1524297
 46 P  46 0.0636950 0.0232072 0.0113873 0.0612695 0.0000000 0.0290103 0.1708029 0.0067938 0.0216358 0.0014682 0.0117316 0.0850395 0.0019805 0.0007940 0.4538885 0.0429427 0.0100560 0.0000000 0.0010715 0.0032258
 47 K  47 0.0138510 0.0374206 0.1064693 0.1438657 0.0012601 0.0101674 0.0544839 0.4986969 0.0179283 0.0008480 0.0078117 0.0366716 0.0035120 0.0008178 0.0018218 0.0335480 0.0152723 0.0007544 0.0074921 0.0073071
 48 G  48 0.0038790 0.0014565 0.0000000 0.0010582 0.0063482 0.0265037 0.0013639 0.7089562 0.0017429 0.0000000 0.0077727 0.0104167 0.0041296 0.0000000 0.0000000 0.2118937 0.0121604 0.0000000 0.0023183 0.0000000
 49 A  49 0.3648168 0.0216773 0.0000000 0.0017050 0.0034663 0.0164750 0.0054794 0.0036642 0.0029234 0.0530121 0.0397414 0.0110503 0.0048739 0.0000000 0.3220493 0.0262797 0.0053647 0.0000000 0.0000000 0.1174211
 50 A  50 0.8611829 0.0000000 0.0000000 0.0000000 0.0033285 0.0018287 0.0000000 0.0058411 0.0000000 0.0219282 0.0121092 0.0000000 0.0000000 0.0000000 0.0016343 0.0167183 0.0061788 0.0014001 0.0000000 0.0678499
 51 E  51 0.2679018 0.0137633 0.0012320 0.2041801 0.0051730 0.0478371 0.1459143 0.0672043 0.0518996 0.0239332 0.0096507 0.0299268 0.0019341 0.0162156 0.0026169 0.0688576 0.0021662 0.0061583 0.0188846 0.0145506
 52 S  52 0.0506671 0.2965126 0.0127512 0.0114198 0.0063701 0.1125707 0.0684282 0.0059108 0.0255514 0.0191416 0.1024731 0.1841354 0.0138512 0.0016307 0.0016397 0.0252856 0.0222978 0.0055382 0.0009581 0.0328667
 53 D  53 0.0518223 0.0000000 0.0471063 0.5271717 0.0787633 0.0143618 0.0676992 0.0089063 0.0134350 0.0000000 0.0098200 0.0042682 0.0029091 0.0000000 0.0010549 0.1154891 0.0551448 0.0000000 0.0000000 0.0020478
 54 G  54 0.0075773 0.0154275 0.0242753 0.0097549 0.0016316 0.0264271 0.0068600 0.8535851 0.0055048 0.0000000 0.0008617 0.0238647 0.0008834 0.0000000 0.0040404 0.0162846 0.0020495 0.0000000 0.0000000 0.0009721
 55 R  55 0.0271930 0.4887285 0.0306740 0.0054495 0.0100724 0.0581950 0.0336088 0.0449607 0.0056565 0.0101843 0.0494882 0.1310687 0.0104366 0.0031365 0.0040493 0.0302421 0.0426957 0.0000000 0.0000000 0.0141601
 56 I  56 0.0017574 0.0000000 0.0000000 0.0000000 0.0000000 0.0000000 0.0000000 0.0000000 0.0015040 0.1823029 0.7192566 0.0000000 0.0403613 0.0206077 0.0026415 0.0000000 0.0000000 0.0000000 0.0000000 0.0315686
 57 H  57 0.0325205 0.2392470 0.0115047 0.0138260 0.0158165 0.2130402 0.0437059 0.0055260 0.0528228 0.0074313 0.0310875 0.2173777 0.0270869 0.0223986 0.0000000 0.0251243 0.0101283 0.0114221 0.0097475 0.0101863
 58 K  58 0.0747297 0.0468999 0.0012468 0.0012587 0.0023168 0.0195221 0.1100909 0.0020422 0.0025820 0.0958738 0.0387827 0.0357619 0.0254615 0.0032743 0.1588638 0.0481292 0.0449027 0.0000000 0.0043988 0.2838624
 59 G  59 0.0168734 0.0025550 0.0991697 0.0105628 0.0018553 0.0066241 0.0086556 0.8001393 0.0167858 0.0000000 0.0121326 0.0009929 0.0008284 0.0000000 0.0000000 0.0091463 0.0039744 0.0000000 0.0097045 0.0000000
 60 D  60 0.0000000 0.0000000 0.0010644 0.9400082 0.0012806 0.0046101 0.0116667 0.0098833 0.0012817 0.0015796 0.0037797 0.0014596 0.0132409 0.0000000 0.0000000 0.0032004 0.0047198 0.0000000 0.0011872 0.0010379
 61 R  61 0.0199566 0.3053838 0.0037869 0.0000000 0.0341424 0.1921843 0.1503621 0.0009683 0.0278465 0.0511015 0.0252328 0.0961625 0.0162508 0.0052545 0.0000000 0.0035972 0.0064907 0.0000000 0.0072233 0.0540559
 62 V  62 0.0000000 0.0027889 0.0020400 0.0000000 0.0000000 0.0000000 0.0000000 0.0000000 0.0000000 0.6139869 0.2939029 0.0000000 0.0023096 0.0000000 0.0000000 0.0000000 0.0020455 0.0000000 0.0000000 0.0829262
 63 L  63 0.0046169 0.0024432 0.0000000 0.0000000 0.0016082 0.0033751 0.0014486 0.0000000 0.0126256 0.1469124 0.5918220 0.0111241 0.0334942 0.0011575 0.0000000 0.0042394 0.0154921 0.0000000 0.0018644 0.1677764
 64 A  64 0.2057611 0.0385761 0.0136178 0.0071159 0.0097793 0.0695682 0.2796331 0.0035602 0.0030712 0.0045221 0.0021573 0.0879533 0.0213977 0.0172542 0.0000000 0.1741226 0.0198762 0.0000000 0.0375985 0.0044355
 65 V  65 0.0135158 0.0000000 0.0000000 0.0000000 0.0000000 0.0000000 0.0000000 0.0000000 0.0018271 0.2781672 0.0191837 0.0000000 0.0039681 0.0000000 0.0000000 0.0000000 0.0000000 0.0000000 0.0000000 0.6833380
 66 N  66 0.0000000 0.0021727 0.8030601 0.1226945 0.0198063 0.0029111 0.0021978 0.0257699 0.0052167 0.0000000 0.0000000 0.0000000 0.0014114 0.0000000 0.0000000 0.0097707 0.0000000 0.0000000 0.0049888 0.0000000
 67 G  67 0.0048887 0.0063841 0.0678563 0.1153658 0.0009754 0.0157954 0.0463492 0.6385322 0.0314190 0.0000000 0.0022552 0.0102595 0.0019985 0.0000000 0.0000000 0.0432906 0.0135120 0.0000000 0.0011182 0.0000000
 68 V  68 0.0231812 0.0537016 0.0195918 0.0093162 0.0135165 0.1198497 0.1053094 0.0083789 0.0469844 0.1366619 0.0124476 0.0587839 0.0145325 0.0050938 0.0000000 0.0169967 0.1277720 0.0020291 0.0153036 0.2105491
 69 S  69 0.0265763 0.0374712 0.1130966 0.2317141 0.0372290 0.0107439 0.0187025 0.0077523 0.0158722 0.0180682 0.0122014 0.0125498 0.0034278 0.0007222 0.0701271 0.3294723 0.0192641 0.0029947 0.0012972 0.0307171
 70 L  70 0.0037373 0.0000000 0.0000000 0.0000000 0.0104938 0.0000000 0.0000000 0.0000000 0.0000000 0.0593824 0.5152296 0.0000000 0.0671538 0.0318152 0.0000000 0.0045056 0.0889910 0.0000000 0.0000000 0.2186912
 71 E  71 0.0288772 0.1491796 0.0132184 0.0346889 0.0108520 0.1024582 0.1497328 0.0020003 0.0191459 0.0558608 0.1161352 0.0589327 0.0115574 0.0041503 0.0030379 0.0527656 0.0844730 0.0008775 0.0215035 0.0805527
 72 G  72 0.0106366 0.0130952 0.2010908 0.0907556 0.0008753 0.0120983 0.0487243 0.4826501 0.0312524 0.0014659 0.0041116 0.0350244 0.0025283 0.0014378 0.0025653 0.0312507 0.0202845 0.0006419 0.0077522 0.0017587
 73 A  73 0.1901232 0.0447655 0.0022366 0.0022860 0.0173501 0.0062093 0.0190320 0.0045963 0.0123474 0.0674588 0.1776937 0.0703932 0.1376404 0.0351639 0.0000000 0.0272396 0.0085573 0.0018434 0.0251473 0.1499158
 74 T  74 0.0165513 0.0276689 0.0284672 0.0280163 0.0082231 0.0033291 0.0324531 0.0156603 0.0155875 0.0047270 0.0142910 0.0148188 0.0073409 0.0010963 0.0443109 0.2909279 0.4352310 0.0000000 0.0018432 0.0094563
 75 H  75 0.0042171 0.0300705 0.0602434 0.0033100 0.0066912 0.0968696 0.0056455 0.0000000 0.5658309 0.0097617 0.0737844 0.0000000 0.0109690 0.0488162 0.0070117 0.0253237 0.0028755 0.0000000 0.0343441 0.0142355
 76 K  76 0.1202063 0.0288900 0.0360408 0.1047243 0.0058840 0.1490651 0.2433111 0.0230216 0.0314433 0.0072353 0.0280005 0.0460324 0.0051110 0.0079541 0.0056533 0.0920310 0.0412084 0.0000000 0.0107330 0.0134545
 77 Q  77 0.0318968 0.0427606 0.0240229 0.1616331 0.0000000 0.2112321 0.3480184 0.0032063 0.0101362 0.0024881 0.0150398 0.0489674 0.0095327 0.0224469 0.0000000 0.0168403 0.0291458 0.0000000 0.0140027 0.0086297
 78 A  78 0.6733797 0.0000000 0.0000000 0.0000000 0.0065127 0.0000000 0.0000000 0.0044305 0.0000000 0.0365654 0.0131183 0.0000000 0.0049689 0.0086200 0.0000000 0.0076310 0.0141305 0.0000000 0.0000000 0.2306431
 79 V  79 0.0944220 0.0406782 0.0127014 0.0000000 0.0055919 0.0362425 0.0065276 0.0013592 0.0040802 0.1134263 0.0435462 0.0125049 0.0225944 0.0000000 0.0000000 0.0256406 0.0147506 0.0083254 0.0106998 0.5469087
 80 E  80 0.1474156 0.0677091 0.0992792 0.0980034 0.0013535 0.1233482 0.1719978 0.0153232 0.0356461 0.0014452 0.0217316 0.0408648 0.0062439 0.0022198 0.0073431 0.1159948 0.0382251 0.0008358 0.0016056 0.0034143
 81 T  81 0.1641331 0.0068187 0.0010333 0.0000000 0.0176060 0.0117295 0.0130528 0.0017753 0.0042009 0.1694829 0.2934229 0.0037438 0.0653631 0.0267832 0.0000000 0.0076267 0.0464908 0.0016641 0.0081868 0.1568863
 82 L  82 0.0000000 0.0000000 0.0000000 0.0000000 0.0059062 0.0000000 0.0000000 0.0000000 0.0000000 0.1550196 0.6943151 0.0000000 0.0340348 0.0944470 0.0000000 0.0000000 0.0000000 0.0000000 0.0000000 0.0162773
 83 R  83 0.0134137 0.3386367 0.0068247 0.0100378 0.0027097 0.0988159 0.0214321 0.0059734 0.0080582 0.0071102 0.0343935 0.3745020 0.0024492 0.0000000 0.0000000 0.0287716 0.0327686 0.0030184 0.0000000 0.0110842
 84 N  84 0.0794827 0.0960038 0.1624803 0.0444447 0.0167099 0.1038975 0.0888721 0.0692731 0.0280108 0.0024390 0.0143688 0.0833397 0.0100305 0.0000000 0.0000000 0.1458508 0.0485775 0.0000000 0.0009790 0.0052399
 85 T  85 0.3309799 0.0009165 0.0068706 0.0050864 0.0806853 0.0103973 0.0042391 0.0436374 0.0034502 0.0281754 0.0395372 0.0081505 0.0022959 0.0093732 0.0433365 0.1659640 0.1562833 0.0000000 0.0010170 0.0596041
 86 G  86 0.0227675 0.0395385 0.0207992 0.0149749 0.0125724 0.0429427 0.0323596 0.4071041 0.0055746 0.0008875 0.0211286 0.0795422 0.0082524 0.0025462 0.1568280 0.0904348 0.0286740 0.0000000 0.0039534 0.0091195
 87 Q  87 0.0375762 0.0403547 0.1100886 0.1167586 0.0047868 0.0962517 0.0779449 0.2330548 0.0062486 0.0118989 0.0175364 0.0423453 0.0074694 0.0000000 0.0666571 0.0879352 0.0243563 0.0000000 0.0128668 0.0058698
 88 V  88 0.0320025 0.0731321 0.0326768 0.0334204 0.0096155 0.0349712 0.1110295 0.0022030 0.0330845 0.0360930 0.0298880 0.0864758 0.0189247 0.0112948 0.0806119 0.0850468 0.1800250 0.0033687 0.0077658 0.0983700
 89 V  89 0.0379274 0.0000000 0.0011460 0.0000000 0.0038636 0.0000000 0.0011046 0.0031536 0.0000000 0.1404540 0.1029476 0.0010449 0.0136305 0.0110693 0.0034545 0.0034179 0.0091210 0.0000000 0.0010576 0.6666074
 90 H  90 0.0151229 0.1621119 0.0355123 0.0512247 0.0190096 0.0650828 0.0508880 0.0049086 0.0435272 0.0224975 0.0231957 0.1076922 0.0045686 0.0027277 0.0056032 0.0721317 0.2086463 0.0010205 0.0178137 0.0867149
 91 L  91 0.0043149 0.0000000 0.0000000 0.0000000 0.0031264 0.0000000 0.0000000 0.0000000 0.0000000 0.1057236 0.7377354 0.0000000 0.0547055 0.0528899 0.0000000 0.0000000 0.0063489 0.0000000 0.0000000 0.0351554
 92 L  92 0.0080777 0.0411878 0.0024293 0.0051418 0.0053876 0.0415392 0.0639065 0.0264612 0.0213731 0.0849477 0.1678870 0.0683539 0.0137586 0.0090859 0.0000000 0.0119492 0.1359440 0.0000000 0.0119005 0.2806688
 93 L  93 0.0319543 0.0012410 0.0000000 0.0000000 0.0312120 0.0000000 0.0000000 0.0013493 0.0000000 0.2618426 0.1450019 0.0000000 0.0044523 0.0142807 0.0000000 0.0000000 0.0028890 0.0000000 0.0015003 0.5042767
 94 E  94 0.1822431 0.1164589 0.0021545 0.0041657 0.1226532 0.1133655 0.0547785 0.0652625 0.0124750 0.0218006 0.0700548 0.0519035 0.0085813 0.0093625 0.0037350 0.0848800 0.0281734 0.0038285 0.0236967 0.0204266
 95 K  95 0.0019133 0.6985363 0.0028867 0.0195001 0.0000000 0.0302817 0.0017752 0.0015003 0.0598898 0.0000000 0.0000000 0.1362886 0.0000000 0.0000000 0.0052843 0.0126551 0.0055805 0.0000000 0.0215388 0.0023694
 96 G  96 0.0045920 0.1692263 0.0346743 0.1161324 0.0117960 0.0711563 0.1174447 0.1854583 0.0272178 0.0000000 0.0079116 0.0262353 0.0026154 0.0020778 0.1749768 0.0418482 0.0041982 0.0000000 0.0000000 0.0024387
 97 Q  97 0.0052362 0.1105641 0.0103096 0.0841143 0.0000000 0.0381660 0.1633355 0.0522732 0.0105979 0.0030873 0.0160370 0.1353306 0.0014561 0.0073398 0.2651060 0.0237433 0.0168962 0.0152860 0.0096748 0.0314462
 98 V  98 0.0270359 0.0092859 0.0394226 0.1825872 0.0082920 0.0211293 0.0171846 0.0078294 0.0240488 0.0493596 0.2088556 0.0083910 0.0117029 0.0031532 0.1665326 0.0280327 0.0792828 0.0000000 0.0000000 0.1078737
 99 P  99 0.0000000 0.0000000 0.0000000 0.0000000 0.0000000 0.0000000 0.0000000 0.0000000 0.0000000 0.0000000 0.0000000 0.0000000 0.0000000 0.0000000 1.0000000 0.0000000 0.0000000 0.0000000 0.0000000 0.0000000
