   99         A         R         N         D         C         Q         E         G         H         I         L         K         M         F         P         S         T         W         Y         V         X    
  1 K   1 0.0000000 0.0132265 0.0000000 0.0000000 0.0000000 0.0365366 0.0107677 0.0000000 0.0000000 0.0000000 0.0000000 0.0710253 0.0000000 0.0000000 0.0000000 0.0000000 0.0000000 0.0000000 0.0000000 0.0000000 0.8684440
  2 P   2 0.0025893 0.0000000 0.0050075 0.0102987 0.0000000 0.0000000 0.0157717 0.0091132 0.0000000 0.0081880 0.0042546 0.0022009 0.0023277 0.0000000 0.1709368 0.0061853 0.0010074 0.0000000 0.0000000 0.0029117 0.7592073
  3 G   3 0.0196860 0.0094651 0.0032629 0.0054825 0.0020331 0.0090448 0.0115963 0.1593490 0.0007893 0.0041888 0.0085326 0.0031209 0.0024584 0.0023623 0.0333096 0.0189134 0.0022004 0.0009893 0.0037563 0.0118278 0.6876311
  4 D   4 0.0020227 0.0256469 0.0417852 0.0752012 0.0101169 0.0570421 0.2844897 0.0291822 0.0042339 0.0076658 0.0000000 0.0579007 0.0000000 0.0009175 0.0167288 0.0040061 0.0065194 0.0000000 0.0030842 0.0098563 0.3636003
  5 T   5 0.0120061 0.0247912 0.0011409 0.0045181 0.0037395 0.0260814 0.0601942 0.0016279 0.0037367 0.1363708 0.1043837 0.0302025 0.0175580 0.0305364 0.0761364 0.0085115 0.0887684 0.0010456 0.0340328 0.1044328 0.2301851
  6 F   6 0.0019031 0.1376547 0.0015121 0.0024220 0.0020074 0.0333155 0.0619361 0.0000000 0.0412429 0.0865391 0.0904398 0.0194073 0.0357818 0.1196748 0.0015666 0.0076483 0.0400986 0.0013868 0.0570147 0.0578317 0.2006168
  7 E   7 0.0094054 0.0317936 0.0217940 0.0769419 0.0104128 0.0138522 0.1918852 0.0007807 0.0425028 0.0307951 0.0287423 0.0373938 0.0114383 0.0134182 0.0212529 0.0356198 0.1981084 0.0000000 0.0118914 0.0622763 0.1496950
  8 V   8 0.0142984 0.0000000 0.0000000 0.0000000 0.0019685 0.0000000 0.0000000 0.0000000 0.0000000 0.3134098 0.0361772 0.0000000 0.0069356 0.0021432 0.0016899 0.0018437 0.0336752 0.0000000 0.0010642 0.4883194 0.0984747
  9 E   9 0.0161973 0.0372928 0.0250605 0.0452760 0.0131852 0.0386348 0.2340748 0.0013175 0.0350070 0.0246315 0.0126128 0.0835447 0.0039837 0.0073708 0.0188449 0.0283690 0.1869267 0.0000000 0.0038504 0.0929075 0.0909119
 10 L  10 0.0013655 0.0024796 0.0017892 0.0000000 0.0048501 0.0000000 0.0000000 0.0000000 0.0000000 0.1619818 0.6375330 0.0000000 0.0170314 0.0308081 0.0000000 0.0011293 0.0000000 0.0000000 0.0010476 0.0651306 0.0748537
 11 A  11 0.0211736 0.0564966 0.0512253 0.0176006 0.0069652 0.0575818 0.1354161 0.0017804 0.0721045 0.0585249 0.0262318 0.0984316 0.0187611 0.0227561 0.0344718 0.0476015 0.0688427 0.0117017 0.0177429 0.1074194 0.0671701
 12 K  12 0.0068240 0.2493323 0.0322960 0.0120148 0.0081804 0.0012776 0.0055851 0.0073138 0.0020843 0.0011462 0.0011636 0.5958321 0.0066312 0.0000000 0.0022645 0.0014754 0.0036917 0.0000000 0.0000000 0.0000000 0.0628869
 13 T  13 0.0194415 0.0111399 0.0604808 0.1380730 0.0000000 0.0394049 0.1219170 0.3309587 0.0103235 0.0047954 0.0014609 0.0333915 0.0032495 0.0012846 0.0176174 0.0927355 0.0390417 0.0000000 0.0077799 0.0095409 0.0573634
 14 D  14 0.0712044 0.0206011 0.1092535 0.0818294 0.0028177 0.0397271 0.0685040 0.1013076 0.0149893 0.0032763 0.0054489 0.0232013 0.0017502 0.0038749 0.2026067 0.1365203 0.0430664 0.0000000 0.0017568 0.0126417 0.0556224
 15 G  15 0.0469451 0.0396909 0.0647099 0.0481116 0.0017473 0.0417382 0.1089577 0.2325870 0.0092057 0.0028153 0.0140841 0.0998593 0.0200675 0.0012143 0.0018104 0.1285178 0.0663995 0.0000000 0.0043640 0.0060985 0.0610758
 16 S  16 0.0114060 0.0163577 0.0036892 0.0088066 0.0036129 0.0047904 0.0171796 0.6575719 0.0009331 0.0000000 0.0000000 0.0226117 0.0000000 0.0064978 0.0549472 0.1117878 0.0202769 0.0000000 0.0027297 0.0020593 0.0547423
 17 L  17 0.0021860 0.0000000 0.0000000 0.0000000 0.0000000 0.0000000 0.0027689 0.0008938 0.0013754 0.0125837 0.7129505 0.0000000 0.0127912 0.1790401 0.0013460 0.0021816 0.0000000 0.0012156 0.0160128 0.0075531 0.0471012
 18 G  18 0.0014521 0.0000000 0.0019853 0.0017066 0.0000000 0.0035123 0.0000000 0.9403927 0.0022581 0.0000000 0.0000000 0.0000000 0.0000000 0.0000000 0.0000000 0.0000000 0.0000000 0.0000000 0.0000000 0.0027689 0.0459240
 19 I  19 0.0025558 0.0000000 0.0000000 0.0000000 0.0013287 0.0000000 0.0000000 0.0000000 0.0000000 0.2300463 0.1547021 0.0000000 0.0330693 0.5081806 0.0000000 0.0013274 0.0000000 0.0000000 0.0000000 0.0300665 0.0387232
 20 S  20 0.0240825 0.0385879 0.0665044 0.0045546 0.0047757 0.0191230 0.0045339 0.0591680 0.0347731 0.0043145 0.0000000 0.0089864 0.0071024 0.0098002 0.0022581 0.5016474 0.1250267 0.0000000 0.0013342 0.0428846 0.0405425
 21 V  21 0.0082925 0.0000000 0.0029798 0.0000000 0.0000000 0.0000000 0.0000000 0.0000000 0.0000000 0.5809603 0.1539657 0.0000000 0.0000000 0.0210189 0.0000000 0.0000000 0.0015962 0.0000000 0.0000000 0.1859136 0.0452729
 22 T  22 0.2083423 0.0403833 0.0032506 0.0054287 0.0220560 0.0070647 0.0257122 0.0012967 0.0000000 0.0845558 0.0458800 0.0431375 0.0151048 0.0011448 0.0000000 0.0654744 0.0756014 0.0000000 0.0000000 0.2657867 0.0897803
 23 V  23 0.0356397 0.0116039 0.0050135 0.0624479 0.0092581 0.0062567 0.0179904 0.5034096 0.0011550 0.0045659 0.0105313 0.0101728 0.0000000 0.0000000 0.0320672 0.0443289 0.0254423 0.0000000 0.0070179 0.0095283 0.2035705
 24 L  24 0.0210870 0.0377793 0.0383321 0.0189162 0.0059616 0.0171880 0.0223948 0.3668259 0.0041735 0.0043658 0.0312054 0.0119859 0.0213985 0.0153306 0.0072338 0.0595202 0.0266074 0.0011861 0.0395546 0.0065241 0.2424289
 25 F  25 0.0135449 0.0749450 0.0253348 0.0823254 0.0013012 0.0346949 0.0432126 0.0295816 0.0086023 0.0346040 0.0185054 0.1054223 0.0055161 0.0097977 0.0197990 0.0439784 0.0722646 0.0000000 0.0061760 0.0865226 0.2838713
 26 D  26 0.0181031 0.0108026 0.0598390 0.2022403 0.0073527 0.0082704 0.0674488 0.0917343 0.0047942 0.0037299 0.0213804 0.0120156 0.0021080 0.0055548 0.0120063 0.0896200 0.0236114 0.0000000 0.0062448 0.0305696 0.3225737
 27 K  27 0.0354479 0.0700289 0.0190423 0.0121600 0.0128814 0.0253724 0.0670251 0.0613425 0.0474391 0.0054586 0.0163984 0.0611338 0.0113182 0.0045782 0.0615166 0.0488867 0.0261363 0.0000000 0.0140761 0.0181499 0.3816075
 28 G  28 0.0235784 0.0129374 0.0122025 0.0276724 0.0027985 0.0117197 0.0097766 0.2939868 0.0066536 0.0205714 0.0200150 0.0097777 0.0012547 0.0018388 0.0268705 0.0528020 0.0080222 0.0000000 0.0011526 0.0179233 0.4384457
 29 G  29 0.0104324 0.0036139 0.0230034 0.0198145 0.0173377 0.0028509 0.0121325 0.3663643 0.0070222 0.0014383 0.0020274 0.0089576 0.0051486 0.0018863 0.0062438 0.0493614 0.0048090 0.0000000 0.0077454 0.0029646 0.4468457
 30 V  30 0.0460863 0.0524689 0.0971860 0.0085618 0.0118243 0.0514393 0.0166533 0.0075561 0.0255363 0.0236595 0.0135855 0.0315541 0.0169683 0.0078208 0.0354053 0.0420915 0.0407432 0.0000000 0.0090887 0.0397925 0.4219783
 31 N  31 0.0121338 0.0128976 0.0327172 0.1111865 0.0036077 0.0375327 0.0554095 0.0625790 0.0355482 0.0019778 0.0194143 0.0159333 0.0024829 0.0022065 0.1364100 0.0179016 0.0061985 0.0000000 0.0042547 0.0061061 0.4235021
 32 T  32 0.0167127 0.0222358 0.0261583 0.0141138 0.0089272 0.0076303 0.0316341 0.0086147 0.0627888 0.0079761 0.0292999 0.0158206 0.0055255 0.0636031 0.0049619 0.1238819 0.0795755 0.0010124 0.0354612 0.0237024 0.4103639
 33 S  33 0.0231917 0.0339280 0.0396273 0.0512961 0.0024728 0.0226112 0.0319468 0.0775681 0.0073771 0.0511942 0.0171981 0.0687352 0.0025533 0.0047547 0.0711316 0.0581615 0.0298030 0.0000000 0.0012103 0.0345464 0.3706926
 34 V  34 0.0248753 0.0340829 0.0284791 0.0204939 0.0011829 0.0265128 0.0693230 0.0538084 0.0451449 0.0169432 0.0995733 0.0373493 0.0077241 0.0106019 0.0655795 0.0443880 0.0205467 0.0015799 0.0077653 0.0470379 0.3370076
 35 R  35 0.0235118 0.0320956 0.0547638 0.0675564 0.0069524 0.0344035 0.0727747 0.2022775 0.0159262 0.0018815 0.0275957 0.0290348 0.0038865 0.0102079 0.0111652 0.0616818 0.0319608 0.0024107 0.0011767 0.0156294 0.2931073
 36 H  36 0.0397131 0.0292686 0.0626410 0.2642250 0.0083289 0.0140642 0.0633729 0.0054478 0.0316968 0.0130296 0.0160973 0.0388528 0.0023372 0.0076070 0.0436268 0.0601257 0.0182144 0.0027657 0.0068784 0.0309220 0.2407846
 37 G  37 0.0252842 0.0205048 0.0396870 0.0297138 0.0091626 0.0330611 0.0907252 0.0588794 0.0094609 0.0220217 0.1176229 0.0226486 0.0656469 0.0046213 0.0785590 0.0639566 0.0586167 0.0000000 0.0055130 0.0325118 0.2118027
 38 G  38 0.0142615 0.0121931 0.0048545 0.0118457 0.0028916 0.0097048 0.0063801 0.4783434 0.0116789 0.0090027 0.0083014 0.0052762 0.0018840 0.0202467 0.1425768 0.0609729 0.0029287 0.0000000 0.0016148 0.0127485 0.1822939
 39 I  39 0.0000000 0.0000000 0.0000000 0.0000000 0.0054287 0.0164061 0.0018863 0.0000000 0.0274601 0.5545293 0.1022246 0.0000000 0.0082938 0.0057177 0.0064537 0.0009386 0.0045114 0.0000000 0.0143864 0.1589469 0.0928164
 40 Y  40 0.0076868 0.0327500 0.0010292 0.0000000 0.0016865 0.0190196 0.0018081 0.0000000 0.0007430 0.0429636 0.0611759 0.0256759 0.0069023 0.3580759 0.0000000 0.0032715 0.0154967 0.0014336 0.2770210 0.0890128 0.0542476
 41 V  41 0.0000000 0.0000000 0.0000000 0.0029798 0.0027657 0.0000000 0.0000000 0.0000000 0.0000000 0.5010994 0.0030592 0.0000000 0.0020282 0.0000000 0.0000000 0.0000000 0.0000000 0.0000000 0.0000000 0.4605025 0.0275653
 42 K  42 0.0360290 0.0747185 0.0113478 0.0069018 0.0062208 0.0346094 0.0105832 0.0534996 0.0399875 0.0010576 0.0262801 0.2948084 0.0000000 0.0019645 0.0000000 0.2546540 0.0958127 0.0000000 0.0007577 0.0282169 0.0225505
 43 A  43 0.0389832 0.1348793 0.0578432 0.0695476 0.0052934 0.0296597 0.0775402 0.0442160 0.0409504 0.0009794 0.0017231 0.1462891 0.0178308 0.0184488 0.0000000 0.2081615 0.0677489 0.0033239 0.0119599 0.0030907 0.0215310
 44 I  44 0.0000000 0.0000000 0.0000000 0.0000000 0.0000000 0.0000000 0.0000000 0.0000000 0.0000000 0.5133297 0.1495057 0.0000000 0.0214492 0.0021895 0.0000000 0.0000000 0.0022148 0.0000000 0.0000000 0.2912738 0.0200372
 45 I  45 0.0465642 0.0250245 0.0340823 0.0267241 0.0072176 0.0476685 0.0474026 0.0018104 0.0128162 0.1514929 0.1610236 0.0281643 0.0213098 0.0839362 0.0000000 0.0386874 0.0783626 0.0010808 0.0154541 0.1492379 0.0219401
 46 P  46 0.0641180 0.0219923 0.0113055 0.0582559 0.0000000 0.0279624 0.1658502 0.0064915 0.0227681 0.0013671 0.0107613 0.0821599 0.0026311 0.0007542 0.4378116 0.0404458 0.0094442 0.0000000 0.0010077 0.0030214 0.0318517
 47 K  47 0.0133795 0.0352155 0.1025421 0.1397981 0.0011829 0.0101587 0.0528409 0.4861459 0.0182563 0.0007816 0.0075444 0.0364010 0.0033071 0.0007610 0.0016733 0.0317629 0.0151083 0.0007089 0.0080862 0.0068304 0.0275148
 48 G  48 0.0035708 0.0013422 0.0000000 0.0010755 0.0062239 0.0255042 0.0012358 0.6805163 0.0016398 0.0000000 0.0071758 0.0104703 0.0038142 0.0000000 0.0000000 0.2006186 0.0117325 0.0000000 0.0023113 0.0000000 0.0427689
 49 A  49 0.3507995 0.0210202 0.0000000 0.0016148 0.0040692 0.0156854 0.0054551 0.0034725 0.0027516 0.0509178 0.0381602 0.0115547 0.0053934 0.0000000 0.3162543 0.0258072 0.0050684 0.0000000 0.0000000 0.1119578 0.0300180
 50 A  50 0.8315982 0.0000000 0.0000000 0.0000000 0.0031752 0.0016733 0.0000000 0.0054852 0.0000000 0.0223172 0.0124712 0.0000000 0.0000000 0.0000000 0.0017752 0.0160432 0.0057119 0.0012609 0.0000000 0.0661175 0.0323709
 51 E  51 0.2566502 0.0138801 0.0011983 0.2005173 0.0047962 0.0461080 0.1400541 0.0673171 0.0501268 0.0222948 0.0096056 0.0279224 0.0019769 0.0156060 0.0025902 0.0671884 0.0024461 0.0058090 0.0176598 0.0135816 0.0326709
 52 S  52 0.0478636 0.2834917 0.0119882 0.0112303 0.0058153 0.1093177 0.0649162 0.0054699 0.0260683 0.0181318 0.1030243 0.1792639 0.0127051 0.0015460 0.0017752 0.0233142 0.0232370 0.0054805 0.0008917 0.0309815 0.0334878
 53 D  53 0.0479190 0.0000000 0.0459952 0.4980352 0.0746347 0.0139420 0.0636597 0.0081734 0.0132111 0.0000000 0.0104611 0.0039064 0.0027306 0.0000000 0.0012909 0.1105576 0.0538309 0.0000000 0.0000000 0.0026504 0.0490018
 54 G  54 0.0071266 0.0152511 0.0254270 0.0091432 0.0014938 0.0262621 0.0064705 0.8166840 0.0053387 0.0000000 0.0007880 0.0230626 0.0007983 0.0000000 0.0039114 0.0152652 0.0019136 0.0000000 0.0000000 0.0009177 0.0401462
 55 R  55 0.0253747 0.4573401 0.0305916 0.0049407 0.0093424 0.0533537 0.0325063 0.0424944 0.0057727 0.0096557 0.0482231 0.1227315 0.0096740 0.0028637 0.0036667 0.0270362 0.0401194 0.0000000 0.0000000 0.0130724 0.0612408
 56 I  56 0.0018735 0.0000000 0.0000000 0.0000000 0.0000000 0.0000000 0.0000000 0.0000000 0.0014151 0.1795539 0.7130729 0.0000000 0.0384064 0.0209963 0.0027115 0.0000000 0.0000000 0.0000000 0.0000000 0.0304188 0.0115517
 57 H  57 0.0322279 0.2409438 0.0112670 0.0133060 0.0165382 0.2086346 0.0416912 0.0060045 0.0523544 0.0071576 0.0306816 0.2139104 0.0271647 0.0217570 0.0000000 0.0239773 0.0095637 0.0112879 0.0092946 0.0100787 0.0121589
 58 K  58 0.0721845 0.0469120 0.0011972 0.0011855 0.0021939 0.0196343 0.1108599 0.0019418 0.0025006 0.0936329 0.0388194 0.0359677 0.0259640 0.0030987 0.1548713 0.0463492 0.0449749 0.0000000 0.0038961 0.2781177 0.0156984
 59 G  59 0.0164475 0.0031096 0.1001165 0.0100955 0.0017526 0.0061704 0.0099051 0.7872812 0.0163951 0.0000000 0.0116053 0.0009326 0.0007808 0.0000000 0.0000000 0.0084741 0.0037101 0.0000000 0.0093124 0.0000000 0.0139110
 60 D  60 0.0000000 0.0000000 0.0010112 0.9294444 0.0012043 0.0043378 0.0110647 0.0092498 0.0012309 0.0014682 0.0035768 0.0014790 0.0124810 0.0000000 0.0000000 0.0029801 0.0044606 0.0000000 0.0011182 0.0009821 0.0139110
 61 R  61 0.0193496 0.2967590 0.0037077 0.0000000 0.0353434 0.1927975 0.1481288 0.0009687 0.0279584 0.0511285 0.0261814 0.0940347 0.0156506 0.0051837 0.0000000 0.0034674 0.0062440 0.0000000 0.0069558 0.0522299 0.0139110
 62 V  62 0.0000000 0.0025643 0.0018136 0.0000000 0.0000000 0.0000000 0.0000000 0.0000000 0.0000000 0.6058271 0.2911393 0.0000000 0.0020823 0.0000000 0.0000000 0.0000000 0.0018163 0.0000000 0.0000000 0.0808462 0.0139110
 63 L  63 0.0045358 0.0023479 0.0000000 0.0000000 0.0015766 0.0031936 0.0014481 0.0000000 0.0120792 0.1452961 0.5849714 0.0110546 0.0325795 0.0010864 0.0000000 0.0040769 0.0149954 0.0000000 0.0018257 0.1670396 0.0118931
 64 A  64 0.2053278 0.0395286 0.0143434 0.0068813 0.0097407 0.0686957 0.2755324 0.0034372 0.0030015 0.0043731 0.0036390 0.0865371 0.0214065 0.0167257 0.0000000 0.1722130 0.0199808 0.0000000 0.0357162 0.0042019 0.0087182
 65 V  65 0.0130527 0.0000000 0.0000000 0.0000000 0.0000000 0.0000000 0.0000000 0.0000000 0.0015833 0.2750582 0.0184430 0.0000000 0.0035975 0.0000000 0.0000000 0.0000000 0.0000000 0.0000000 0.0000000 0.6761105 0.0121547
 66 N  66 0.0000000 0.0027778 0.7922275 0.1193664 0.0185299 0.0027819 0.0021410 0.0258025 0.0047270 0.0000000 0.0000000 0.0000000 0.0012930 0.0000000 0.0000000 0.0094976 0.0000000 0.0000000 0.0050754 0.0000000 0.0157800
 67 G  67 0.0048708 0.0065635 0.0677416 0.1125327 0.0009163 0.0156497 0.0452689 0.6294249 0.0305989 0.0000000 0.0021152 0.0109193 0.0019259 0.0000000 0.0000000 0.0414946 0.0134027 0.0000000 0.0010523 0.0000000 0.0155228
 68 V  68 0.0224431 0.0521233 0.0187175 0.0089148 0.0131708 0.1181643 0.1072205 0.0092375 0.0452184 0.1361099 0.0120049 0.0577624 0.0143735 0.0048574 0.0000000 0.0163784 0.1255960 0.0019426 0.0158073 0.2063272 0.0136302
 69 S  69 0.0263442 0.0371990 0.1113717 0.2310943 0.0353692 0.0118134 0.0184985 0.0072226 0.0158849 0.0178138 0.0121734 0.0121236 0.0040407 0.0006936 0.0697394 0.3212046 0.0188144 0.0027605 0.0012427 0.0302356 0.0143599
 70 L  70 0.0036098 0.0000000 0.0000000 0.0000000 0.0101664 0.0000000 0.0000000 0.0000000 0.0000000 0.0585656 0.5048604 0.0000000 0.0662689 0.0313113 0.0000000 0.0046149 0.0887083 0.0000000 0.0000000 0.2175345 0.0143599
 71 E  71 0.0284580 0.1520978 0.0128403 0.0340361 0.0102810 0.1009743 0.1468376 0.0019010 0.0192113 0.0558816 0.1146478 0.0563841 0.0110726 0.0040297 0.0029317 0.0512814 0.0818104 0.0008365 0.0222358 0.0786208 0.0136302
 72 G  72 0.0107790 0.0128454 0.1992785 0.0878768 0.0008453 0.0116953 0.0485413 0.4727312 0.0305100 0.0014102 0.0038627 0.0364501 0.0024147 0.0014255 0.0025444 0.0316974 0.0197798 0.0006188 0.0076462 0.0019550 0.0150926
 73 A  73 0.1874639 0.0449070 0.0021562 0.0022619 0.0170312 0.0068263 0.0186115 0.0046445 0.0114464 0.0658424 0.1733557 0.0707936 0.1339766 0.0336319 0.0000000 0.0263586 0.0081872 0.0017504 0.0247653 0.1468524 0.0191369
 74 T  74 0.0156491 0.0284469 0.0286156 0.0271296 0.0080034 0.0033028 0.0311836 0.0155034 0.0149644 0.0048904 0.0133954 0.0139557 0.0069729 0.0010533 0.0433507 0.2844753 0.4190451 0.0000000 0.0017451 0.0096067 0.0287103
 75 H  75 0.0039773 0.0310751 0.0614133 0.0031966 0.0063865 0.0929260 0.0054071 0.0000000 0.5526365 0.0092591 0.0703365 0.0000000 0.0104924 0.0481199 0.0066170 0.0252638 0.0027128 0.0000000 0.0326757 0.0138648 0.0236396
 76 K  76 0.1198731 0.0295319 0.0350728 0.1035835 0.0056513 0.1425795 0.2407600 0.0228453 0.0322603 0.0071392 0.0279257 0.0440746 0.0048977 0.0075929 0.0054982 0.0899556 0.0406216 0.0000000 0.0104029 0.0130541 0.0166795
 77 Q  77 0.0312323 0.0413429 0.0236399 0.1569059 0.0000000 0.2077699 0.3440875 0.0030366 0.0103447 0.0023899 0.0148537 0.0495187 0.0089223 0.0222753 0.0000000 0.0166199 0.0283887 0.0000000 0.0131460 0.0083209 0.0172051
 78 A  78 0.6625289 0.0000000 0.0000000 0.0000000 0.0062125 0.0000000 0.0000000 0.0040973 0.0000000 0.0358145 0.0127294 0.0000000 0.0048017 0.0082872 0.0000000 0.0073938 0.0139434 0.0000000 0.0000000 0.2267605 0.0174309
 79 V  79 0.0917693 0.0411964 0.0120863 0.0000000 0.0053436 0.0366593 0.0060766 0.0015041 0.0037422 0.1128323 0.0418473 0.0121811 0.0248817 0.0000000 0.0000000 0.0251154 0.0142514 0.0079845 0.0098768 0.5352210 0.0174309
 80 E  80 0.1471516 0.0642952 0.0985814 0.0949586 0.0012881 0.1213280 0.1695857 0.0145524 0.0351934 0.0014400 0.0218477 0.0390727 0.0058449 0.0021720 0.0071303 0.1145114 0.0379219 0.0007963 0.0015192 0.0033781 0.0174309
 81 T  81 0.1571667 0.0069284 0.0009881 0.0000000 0.0165753 0.0115173 0.0121114 0.0017188 0.0040641 0.1654888 0.2880292 0.0036071 0.0656188 0.0279698 0.0000000 0.0083352 0.0473430 0.0015731 0.0082837 0.1537713 0.0189099
 82 L  82 0.0000000 0.0000000 0.0000000 0.0000000 0.0052447 0.0000000 0.0000000 0.0000000 0.0000000 0.1506924 0.6836494 0.0000000 0.0333550 0.0906976 0.0000000 0.0000000 0.0000000 0.0000000 0.0000000 0.0154848 0.0208761
 83 R  83 0.0129032 0.3330313 0.0065069 0.0094939 0.0025625 0.0940545 0.0206341 0.0057180 0.0076910 0.0076985 0.0334177 0.3653805 0.0022915 0.0000000 0.0000000 0.0276019 0.0329620 0.0027605 0.0000000 0.0105992 0.0246928
 84 N  84 0.0761040 0.0956862 0.1575115 0.0436025 0.0163446 0.1042303 0.0892402 0.0660761 0.0268913 0.0024400 0.0137394 0.0822017 0.0095801 0.0000000 0.0000000 0.1412511 0.0466871 0.0000000 0.0009253 0.0053492 0.0221394
 85 T  85 0.3185358 0.0008609 0.0067739 0.0050489 0.0788965 0.0111713 0.0046109 0.0416598 0.0032374 0.0268354 0.0383365 0.0080682 0.0021388 0.0092859 0.0404076 0.1608780 0.1504153 0.0000000 0.0009809 0.0586872 0.0331709
 86 G  86 0.0210627 0.0402384 0.0201041 0.0146650 0.0115988 0.0406154 0.0319791 0.3804179 0.0056060 0.0008014 0.0195278 0.0742894 0.0076270 0.0024094 0.1517996 0.0849304 0.0266744 0.0000000 0.0037808 0.0084877 0.0533847
 87 Q  87 0.0354912 0.0373677 0.1050513 0.1095859 0.0041623 0.0923004 0.0731267 0.2215608 0.0058708 0.0110798 0.0161649 0.0399382 0.0069112 0.0000000 0.0637902 0.0825363 0.0224488 0.0000000 0.0120723 0.0054258 0.0551154
 88 V  88 0.0296512 0.0706451 0.0303781 0.0317768 0.0095405 0.0322605 0.1053677 0.0019901 0.0308429 0.0333074 0.0276494 0.0808248 0.0193447 0.0106435 0.0762618 0.0797278 0.1694381 0.0031887 0.0071546 0.0921826 0.0578238
 89 V  89 0.0355635 0.0000000 0.0010437 0.0000000 0.0035338 0.0000000 0.0010202 0.0029386 0.0000000 0.1334164 0.0969278 0.0009592 0.0121062 0.0122350 0.0031260 0.0031096 0.0093252 0.0000000 0.0009593 0.6255966 0.0581392
 90 H  90 0.0141607 0.1524840 0.0328977 0.0489467 0.0187082 0.0633615 0.0480922 0.0044608 0.0395472 0.0208450 0.0214582 0.0999543 0.0042313 0.0025325 0.0054825 0.0669239 0.1976863 0.0009854 0.0176268 0.0802511 0.0593637
 91 L  91 0.0039177 0.0000000 0.0000000 0.0000000 0.0027605 0.0000000 0.0000000 0.0000000 0.0000000 0.0990527 0.6940333 0.0000000 0.0518731 0.0480695 0.0000000 0.0000000 0.0056935 0.0000000 0.0000000 0.0324035 0.0621962
 92 L  92 0.0073414 0.0375499 0.0031256 0.0047357 0.0049373 0.0382726 0.0590491 0.0244151 0.0195975 0.0774742 0.1575069 0.0636379 0.0129693 0.0082256 0.0000000 0.0110992 0.1279319 0.0000000 0.0111632 0.2623307 0.0686370
 93 L  93 0.0283387 0.0010788 0.0000000 0.0000000 0.0305725 0.0000000 0.0000000 0.0011757 0.0000000 0.2406210 0.1332834 0.0000000 0.0039543 0.0130875 0.0000000 0.0000000 0.0027749 0.0000000 0.0012993 0.4628107 0.0810033
 94 E  94 0.1579677 0.0991175 0.0017827 0.0035603 0.1035809 0.0965626 0.0456692 0.0570957 0.0106932 0.0185143 0.0616572 0.0448488 0.0070119 0.0081932 0.0030198 0.0705747 0.0234102 0.0033441 0.0226052 0.0174355 0.1433555
 95 K  95 0.0014555 0.5586945 0.0021894 0.0147301 0.0000000 0.0232916 0.0013465 0.0011535 0.0464349 0.0000000 0.0000000 0.1059231 0.0000000 0.0000000 0.0040723 0.0098837 0.0042689 0.0000000 0.0160978 0.0018216 0.2086367
 96 G  96 0.0030936 0.1187622 0.0237864 0.0834765 0.0078366 0.0482081 0.0814658 0.1284591 0.0180346 0.0000000 0.0052876 0.0182929 0.0017568 0.0013905 0.1226752 0.0289824 0.0028304 0.0000000 0.0000000 0.0016362 0.3040251
 97 Q  97 0.0025003 0.0541926 0.0049349 0.0417803 0.0000000 0.0183050 0.0834457 0.0260296 0.0053287 0.0014743 0.0078277 0.0661027 0.0006960 0.0034515 0.1281783 0.0115324 0.0081802 0.0071904 0.0045983 0.0160593 0.5081918
 98 V  98 0.0115693 0.0031790 0.0131044 0.0631678 0.0028390 0.0071337 0.0058182 0.0026704 0.0082723 0.0179697 0.0722515 0.0028381 0.0050887 0.0010547 0.0590666 0.0094238 0.0276954 0.0000000 0.0000000 0.0378019 0.6490555
 99 P  99 0.0000000 0.0000000 0.0000000 0.0000000 0.0000000 0.0000000 0.0000000 0.0000000 0.0000000 0.0000000 0.0000000 0.0000000 0.0000000 0.0000000 0.2008410 0.0000000 0.0000000 0.0000000 0.0000000 0.0000000 0.7991590
