  137         A         R         N         D         C         Q         E         G         H         I         L         K         M         F         P         S         T         W         Y         V         X    
  1 G   1 0.0925489 0.0000000 0.0000000 0.0000000 0.0000000 0.0000000 0.0000000 0.0190132 0.0000000 0.0000000 0.0000000 0.0000000 0.0000000 0.0000000 0.0000000 0.0000000 0.0000000 0.0000000 0.0000000 0.0000000 0.8884379
  2 F   2 0.0000000 0.0000000 0.0000000 0.0015495 0.0000000 0.0000000 0.0014985 0.0000000 0.0000000 0.1800865 0.1351996 0.0000000 0.0049645 0.0152511 0.0000000 0.0000000 0.0000000 0.0000000 0.0000000 0.0209793 0.6404711
  3 K   3 0.0062264 0.1663563 0.0059629 0.0030377 0.0000000 0.1376073 0.0366883 0.0000000 0.0028919 0.0000000 0.0000000 0.2322201 0.0000000 0.0000000 0.0000000 0.0026894 0.0105746 0.0000000 0.0033337 0.0028552 0.3895561
  4 Q   4 0.1012496 0.0549727 0.0207718 0.0629050 0.0000000 0.0841375 0.0809885 0.0118675 0.0133342 0.0011810 0.0076131 0.0726160 0.0000000 0.0000000 0.0000000 0.1368475 0.0289372 0.0000000 0.0000000 0.0017011 0.3208775
  5 D   5 0.0766842 0.0000000 0.0180449 0.0165542 0.0025096 0.0282500 0.0024733 0.0000000 0.0052181 0.0116747 0.0078910 0.0012289 0.0011009 0.0044886 0.0000000 0.3679433 0.1712781 0.0000000 0.0000000 0.0172083 0.2674520
  6 I   6 0.0073321 0.0000000 0.0000000 0.0000000 0.0000000 0.0000000 0.0000000 0.0030534 0.0000000 0.0641026 0.0078200 0.0000000 0.0080307 0.0779796 0.0000000 0.0000000 0.0027786 0.6245824 0.0043855 0.0194465 0.1804887
  7 A   7 0.2185494 0.0228451 0.0693551 0.0607473 0.0027169 0.0339855 0.0848688 0.0859530 0.0038626 0.0000000 0.0081787 0.0854114 0.0030244 0.0021890 0.0273024 0.0741752 0.0429166 0.0000000 0.0000000 0.0047817 0.1691369
  8 T   8 0.0865753 0.0287054 0.0147329 0.0130387 0.0000000 0.0509673 0.0433376 0.0265334 0.0119694 0.0541648 0.0894042 0.1571887 0.0195305 0.0109536 0.0387099 0.0606062 0.0561496 0.0000000 0.0028193 0.0720821 0.1625311
  9 I   9 0.0579738 0.0000000 0.0009504 0.0035055 0.0000000 0.0000000 0.0051688 0.0000000 0.0000000 0.1546781 0.1610657 0.0000000 0.0520281 0.0368569 0.0067450 0.0038322 0.0089923 0.0000000 0.0019249 0.3503381 0.1559402
 10 R  10 0.0927686 0.0887305 0.0113654 0.0131133 0.0022924 0.0135636 0.0975974 0.0496655 0.0090551 0.0031334 0.0084649 0.1747280 0.0088817 0.0333000 0.0018405 0.0731748 0.0347734 0.0562364 0.0503482 0.0121819 0.1647851
 11 G  11 0.1412477 0.0404409 0.0213680 0.0260205 0.0027320 0.0565659 0.0187691 0.1785013 0.0020905 0.0057547 0.0085482 0.1042167 0.0083120 0.0028325 0.1121196 0.0655520 0.0276287 0.0000000 0.0020172 0.0070149 0.1682676
 12 D  12 0.0152035 0.0371467 0.2027334 0.2746068 0.0036823 0.0395080 0.0368827 0.0502080 0.0561983 0.0154181 0.0064281 0.0513739 0.0000000 0.0097972 0.0025293 0.0298487 0.0232601 0.0000000 0.0112407 0.0100818 0.1238524
 13 L  13 0.1083962 0.0903223 0.0066657 0.0089704 0.0158772 0.0188045 0.0357905 0.0360059 0.0042545 0.0743578 0.1284073 0.0460276 0.0267088 0.0170829 0.0590055 0.0556530 0.0120862 0.0143836 0.0397498 0.0813030 0.1201474
 14 R  14 0.0746649 0.0474355 0.0659068 0.1229533 0.0019450 0.0477373 0.1712977 0.0597057 0.0066914 0.0148713 0.0135506 0.0514894 0.0123185 0.0017191 0.0436408 0.0416094 0.0458736 0.0000000 0.0071716 0.0657571 0.1036611
 15 T  15 0.1268343 0.0382928 0.0300906 0.0864171 0.0000000 0.0649615 0.1768978 0.0953797 0.0365670 0.0066697 0.0190463 0.0755007 0.0019249 0.0030587 0.0162160 0.0459917 0.0613300 0.0000000 0.0017398 0.0197052 0.0933763
 16 Y  16 0.0936235 0.0024625 0.0971696 0.0162740 0.0100729 0.0015317 0.0000000 0.0017454 0.0991317 0.1252512 0.0915145 0.0070438 0.0166211 0.0840810 0.0000000 0.0229218 0.0533324 0.0010116 0.0622201 0.1341235 0.0798676
 17 A  17 0.1257969 0.0000000 0.0000000 0.0015969 0.0077821 0.0000000 0.0283718 0.6278094 0.0000000 0.0013540 0.0000000 0.0000000 0.0031688 0.0041348 0.0093856 0.0431087 0.0367474 0.0027019 0.0000000 0.0403113 0.0677305
 18 Q  18 0.1451616 0.0440602 0.0170433 0.0198526 0.0053208 0.0644322 0.0207447 0.0631383 0.0202881 0.0394521 0.0831380 0.0533084 0.0223012 0.0078212 0.0501071 0.0620366 0.0649006 0.0000000 0.0058975 0.1447141 0.0662814
 19 D  19 0.1160884 0.0407836 0.0591971 0.1080586 0.0033635 0.0359743 0.2095715 0.0119532 0.0168307 0.0330494 0.0641604 0.0718365 0.0100194 0.0141353 0.0000000 0.0501622 0.0239685 0.0000000 0.0220044 0.0437148 0.0651281
 20 I  20 0.1369725 0.0014331 0.0000000 0.0000000 0.0000000 0.0000000 0.0000000 0.0016448 0.0000000 0.1865761 0.1496869 0.0000000 0.0524769 0.2107035 0.0000000 0.0123549 0.0389918 0.0000000 0.0065511 0.1454621 0.0571463
 21 F  21 0.0000000 0.0000000 0.0000000 0.0000000 0.0000000 0.0000000 0.0000000 0.0000000 0.0035238 0.0050599 0.3203769 0.0000000 0.0374259 0.3648563 0.0000000 0.0000000 0.0016265 0.0172629 0.1759946 0.0335241 0.0403491
 22 L  22 0.1172345 0.0411556 0.0203420 0.0183868 0.0093846 0.0323356 0.0845485 0.0692606 0.0117142 0.0693590 0.1186483 0.0569904 0.0235367 0.0213100 0.0011763 0.0563065 0.0756435 0.0008533 0.0759590 0.0566813 0.0391733
 23 A  23 0.0751001 0.4123317 0.0347406 0.0151399 0.0014690 0.0178251 0.0335317 0.0154820 0.0217737 0.0169263 0.0405563 0.1275741 0.0201874 0.0108748 0.0000000 0.0329073 0.0403779 0.0290221 0.0163646 0.0078866 0.0299287
 24 F  24 0.0061688 0.0000000 0.0000000 0.0000000 0.0178609 0.0000000 0.0000000 0.0000000 0.0000000 0.0908236 0.5529781 0.0027019 0.1124795 0.0972466 0.0000000 0.0000000 0.0072850 0.0060075 0.0349430 0.0521619 0.0193431
 25 L  25 0.0057331 0.0000000 0.0000000 0.0000000 0.0000000 0.0032990 0.0000000 0.0000000 0.0000000 0.0191238 0.1816161 0.0014726 0.0045113 0.7422320 0.0000000 0.0000000 0.0056763 0.0000000 0.0017546 0.0152381 0.0193431
 26 N  26 0.1031055 0.0273753 0.0611333 0.0344598 0.0052404 0.0367413 0.1936940 0.0077852 0.0196648 0.0433646 0.0433450 0.1375641 0.0032783 0.0060025 0.0000000 0.0445774 0.1298073 0.0026460 0.0014486 0.0798285 0.0189382
 27 K  27 0.1194229 0.0498601 0.0708770 0.0713457 0.0081870 0.0431314 0.1092245 0.0163820 0.0242658 0.0603916 0.0720770 0.0665218 0.0217906 0.0000000 0.0000000 0.0708463 0.0583376 0.0000000 0.0076063 0.1091352 0.0205972
 28 Y  28 0.1195831 0.0056878 0.0857023 0.0686184 0.0093193 0.0059251 0.0244758 0.0000000 0.2222232 0.0065728 0.0048706 0.0200636 0.0015560 0.0896583 0.0000000 0.0228304 0.0202418 0.0022493 0.2421707 0.0347739 0.0134777
 29 P  29 0.0080852 0.0000000 0.0014679 0.0018172 0.0014813 0.0034414 0.0115346 0.0054479 0.0000000 0.0027599 0.0009046 0.0052148 0.0000000 0.0000000 0.9164603 0.0075967 0.0027840 0.0015904 0.0056671 0.0026709 0.0210756
 30 D  30 0.0767433 0.0267315 0.0459051 0.1665178 0.0000000 0.0848506 0.2461103 0.0373855 0.0138987 0.0021805 0.0031587 0.0114576 0.0015392 0.0013419 0.0089703 0.1019459 0.0478667 0.0998781 0.0033557 0.0063409 0.0138219
 31 E  31 0.1564022 0.0000000 0.0099424 0.0040916 0.0132997 0.0008636 0.0049093 0.0034178 0.0039049 0.0702715 0.1260999 0.0000000 0.0371610 0.0195961 0.0000000 0.0552876 0.2935473 0.0046507 0.1055440 0.0760893 0.0149211
 32 R  32 0.0144634 0.2154081 0.0011008 0.0000000 0.0000000 0.2662408 0.0089488 0.0130458 0.0030754 0.0254424 0.0774334 0.2956819 0.0182416 0.0029986 0.0044216 0.0050945 0.0041873 0.0000000 0.0104464 0.0155037 0.0182656
 33 R  33 0.0944839 0.1275242 0.0580370 0.1129920 0.0000000 0.0605090 0.0823956 0.0309725 0.0082343 0.0125272 0.0198642 0.1187241 0.0000000 0.0048807 0.0582778 0.0625974 0.1092650 0.0000000 0.0086159 0.0088073 0.0212919
 34 Y  34 0.0155260 0.0361608 0.0073364 0.0029993 0.0000000 0.0147068 0.0074632 0.0000000 0.0331988 0.0199679 0.3031830 0.0818874 0.1011667 0.0967084 0.0047311 0.0095575 0.0012109 0.0013585 0.2113619 0.0343418 0.0171335
 35 F  35 0.0000000 0.0000000 0.0000000 0.0000000 0.0000000 0.0000000 0.0000000 0.0000000 0.0000000 0.0000000 0.0044793 0.0000000 0.0000000 0.9518023 0.0000000 0.0018167 0.0000000 0.0162575 0.0071305 0.0027599 0.0157536
 36 K  36 0.0568541 0.0323389 0.0189124 0.0524853 0.0000000 0.0086204 0.0296407 0.0331085 0.0162142 0.0042456 0.0019613 0.0963959 0.0031991 0.0085982 0.3218972 0.1602259 0.0749704 0.0000000 0.0000000 0.0097915 0.0705404
 37 N  37 0.0379926 0.0805313 0.0515162 0.0227030 0.0007942 0.0867829 0.0306810 0.0357929 0.0949284 0.0040182 0.0106344 0.1561448 0.0119466 0.0799428 0.0145337 0.0728429 0.0191752 0.0019203 0.0120287 0.0065333 0.1685565
 38 Y  38 0.0130911 0.0090775 0.0000000 0.0029478 0.0011924 0.0000000 0.0011644 0.0081988 0.0034150 0.0167896 0.1053694 0.0000000 0.0187743 0.5171907 0.0000000 0.0154818 0.0083023 0.0091357 0.0217797 0.0506950 0.1973946
 39 V  39 0.1334645 0.1049493 0.0302619 0.0335835 0.0000000 0.0201622 0.0349939 0.1556214 0.0073938 0.0013741 0.0049706 0.1382919 0.0097557 0.0000000 0.0000000 0.0375927 0.0146773 0.0000000 0.0000000 0.0179318 0.2549753
 40 G  40 0.0201696 0.0061834 0.1486358 0.1673878 0.0032916 0.0118631 0.0287134 0.2234090 0.0339474 0.0014529 0.0117414 0.0299352 0.0052726 0.0047572 0.0000000 0.0204616 0.0166577 0.0000000 0.0011786 0.0070007 0.2579410
 41 K  41 0.0101028 0.0126637 0.0071255 0.0265791 0.0000000 0.0245815 0.0257829 0.0129310 0.0167640 0.0683108 0.1605402 0.1272697 0.0324674 0.0111985 0.0044158 0.0410791 0.0290818 0.0021966 0.0157804 0.1261503 0.2449789
 42 S  42 0.0408726 0.0000000 0.0772411 0.1891725 0.0000000 0.0206972 0.0222452 0.0090208 0.0105004 0.0000000 0.0000000 0.0246470 0.0011844 0.0000000 0.1032802 0.2279051 0.0758033 0.0000000 0.0024687 0.0030095 0.1919517
 43 D  43 0.0807475 0.0069922 0.0213660 0.0516912 0.0036250 0.0206220 0.0261334 0.0074739 0.0068615 0.0629188 0.1731171 0.0231851 0.0228603 0.0257114 0.0924361 0.0345723 0.0207562 0.0034445 0.0163309 0.0892518 0.2099027
 44 Q  44 0.1149999 0.0031123 0.0236039 0.2194807 0.0000000 0.0353507 0.1576902 0.0539496 0.0030274 0.0018230 0.0098154 0.0186482 0.0018190 0.0000000 0.0069598 0.0861020 0.0312375 0.0000000 0.0087571 0.0082542 0.2153691
 45 E  45 0.1478565 0.0100188 0.0449333 0.1007385 0.0008610 0.0447337 0.1861536 0.0118096 0.0149422 0.0040032 0.0276690 0.0259804 0.0032808 0.0020306 0.0268495 0.0898492 0.0163020 0.0000000 0.0010140 0.0304128 0.2105612
 46 L  46 0.0065296 0.0035178 0.0010449 0.0099004 0.0146207 0.0172850 0.0015318 0.0074523 0.0143725 0.1451794 0.3148949 0.0085456 0.0628848 0.0096746 0.0107303 0.0214173 0.0093579 0.0019112 0.0048464 0.0781688 0.2561337
 47 K  47 0.0682680 0.0726569 0.0065266 0.0099382 0.0055249 0.0479980 0.0666838 0.0185881 0.0235858 0.0168895 0.0617065 0.1672254 0.0633573 0.0088729 0.0741172 0.0239260 0.0123322 0.0000000 0.0042175 0.0138109 0.2337741
 48 S  48 0.0610690 0.0275666 0.0863943 0.0903308 0.0000000 0.0463798 0.0435423 0.2372705 0.0257359 0.0000000 0.0024687 0.0607770 0.0040058 0.0046169 0.0000000 0.0851772 0.0449691 0.0036418 0.0189344 0.0054668 0.1516529
 49 M  49 0.0156691 0.0014300 0.3092431 0.0856353 0.0076126 0.0038787 0.0025137 0.0072712 0.0151919 0.0052565 0.0080359 0.0000000 0.0059943 0.0000000 0.0042700 0.3226659 0.0598524 0.0000000 0.0000000 0.0030013 0.1424782
 50 A  50 0.2279474 0.0348506 0.0244622 0.0317365 0.0000000 0.0186714 0.0698249 0.0470994 0.0139550 0.0076710 0.0086282 0.0420255 0.0071526 0.0000000 0.2725100 0.0509553 0.0292657 0.0013899 0.0000000 0.0353081 0.0765463
 51 K  51 0.1126459 0.0620122 0.0459277 0.1072221 0.0048073 0.1213872 0.1624168 0.0218754 0.0080778 0.0014495 0.0091653 0.1793343 0.0062028 0.0108540 0.0168310 0.0479009 0.0160837 0.0000000 0.0091029 0.0105920 0.0461111
 52 F  52 0.0081492 0.0017448 0.0000000 0.0000000 0.0000000 0.0000000 0.0000000 0.0075416 0.0000000 0.0658612 0.2651931 0.0000000 0.1032918 0.2916083 0.0026062 0.0067936 0.0077371 0.0012082 0.0190586 0.1789211 0.0402852
 53 G  53 0.1315490 0.1735026 0.0223257 0.0353786 0.0033635 0.0882387 0.0446523 0.0252473 0.0414041 0.0284460 0.0615660 0.2269948 0.0081703 0.0025807 0.0020136 0.0289493 0.0191473 0.0000000 0.0058733 0.0172395 0.0333571
 54 D  54 0.3669407 0.0278170 0.0418450 0.0286153 0.0000000 0.0283082 0.0463007 0.0625339 0.0168945 0.0084217 0.0154724 0.1165716 0.0064353 0.0157021 0.0142816 0.0502855 0.0683972 0.0079596 0.0151838 0.0359988 0.0260351
 55 H  55 0.0026440 0.0000000 0.0000000 0.0000000 0.0000000 0.2412684 0.0061601 0.0000000 0.6951749 0.0021529 0.0153704 0.0000000 0.0000000 0.0074219 0.0000000 0.0039486 0.0000000 0.0000000 0.0067548 0.0048810 0.0142230
 56 T  56 0.2814671 0.0458116 0.0057978 0.0000000 0.0331962 0.0122642 0.0041545 0.3748193 0.0012570 0.0314563 0.0095549 0.0070485 0.0158029 0.0000000 0.0068745 0.0522160 0.0195360 0.0000000 0.0000000 0.0789132 0.0198302
 57 E  57 0.0854661 0.0677834 0.0343151 0.0493022 0.0075416 0.0472708 0.0595775 0.0588483 0.0146547 0.0595408 0.0875913 0.1694628 0.0340753 0.0114751 0.0000000 0.0545395 0.0608679 0.0000000 0.0178974 0.0600039 0.0197864
 58 K  58 0.0319078 0.3271160 0.0403335 0.0018417 0.0000000 0.0070796 0.0035910 0.0059151 0.0064422 0.0110706 0.0308508 0.2929359 0.0076036 0.0000000 0.0000000 0.0346962 0.1312955 0.0026440 0.0035785 0.0435669 0.0175309
 59 V  59 0.0053290 0.0000000 0.0000000 0.0000000 0.0102456 0.0000000 0.0000000 0.0000000 0.0000000 0.1641278 0.1545617 0.0000000 0.0055561 0.0724122 0.0000000 0.0033635 0.0058196 0.0000000 0.0141062 0.5514740 0.0130043
 60 F  60 0.0701049 0.0060814 0.0000000 0.0000000 0.0075209 0.0076991 0.0022827 0.0169147 0.0000000 0.0955865 0.2572999 0.0026766 0.2358871 0.1059176 0.0000000 0.0035832 0.0243154 0.0064634 0.0074125 0.1359775 0.0142765
 61 N  61 0.1038137 0.0564657 0.1102287 0.0935787 0.0023313 0.0485483 0.0329749 0.1383946 0.0325030 0.0043217 0.0325857 0.0679318 0.0101017 0.0000000 0.0000000 0.1027691 0.1044209 0.0017933 0.0246543 0.0191005 0.0134820
 62 L  62 0.3424548 0.0283596 0.0000000 0.0000000 0.0017476 0.0112628 0.0094496 0.1542626 0.0053520 0.0072161 0.0294125 0.0305818 0.0578790 0.0633935 0.0000000 0.1035951 0.0680603 0.0000000 0.0114826 0.0616717 0.0138185
 63 M  63 0.0061952 0.0000000 0.0000000 0.0000000 0.0095002 0.0000000 0.0000000 0.0019843 0.0000000 0.1609346 0.5281489 0.0000000 0.0225451 0.1035173 0.0000000 0.0016240 0.0261390 0.0000000 0.0000000 0.1315136 0.0078980
 64 M  64 0.0385341 0.0132724 0.1057445 0.2385563 0.0258885 0.0208620 0.0627219 0.2098053 0.0238179 0.0068110 0.0387955 0.0180458 0.0109482 0.0000000 0.0000000 0.0625845 0.0583574 0.0016734 0.0024250 0.0453345 0.0158217
 65 E  65 0.0548232 0.0460311 0.0727045 0.0927879 0.0000000 0.0326478 0.1710547 0.0230651 0.0265592 0.0277465 0.0587692 0.0798557 0.0244508 0.0187759 0.0000000 0.0857492 0.1048407 0.0040365 0.0207267 0.0424494 0.0129258
 66 V  66 0.3142409 0.0000000 0.0033337 0.0000000 0.0195196 0.0022827 0.0000000 0.0407350 0.0027786 0.1290679 0.1396738 0.0000000 0.0232753 0.0508158 0.0011427 0.0476392 0.0263063 0.0087955 0.0145007 0.1653210 0.0105715
 67 A  67 0.1069303 0.0000000 0.0014448 0.0000000 0.0040307 0.0000000 0.0000000 0.0049523 0.0000000 0.3205595 0.1142970 0.0019843 0.0259356 0.0000000 0.0027786 0.0057103 0.0065613 0.0000000 0.0000000 0.3995179 0.0052975
 68 D  68 0.0827597 0.0523683 0.1120370 0.1130941 0.0043381 0.0673501 0.0996303 0.0558574 0.0102214 0.0105665 0.0141217 0.1921947 0.0043388 0.0011517 0.0107103 0.0907477 0.0431987 0.0030118 0.0031496 0.0232808 0.0058712
 69 R  69 0.0718852 0.0362130 0.2131051 0.0020542 0.0033315 0.0653266 0.0321303 0.0597201 0.1316740 0.0013174 0.0894839 0.0438507 0.0210444 0.0097336 0.0000000 0.1395065 0.0304263 0.0000000 0.0183733 0.0234926 0.0073313
 70 A  70 0.0405946 0.0119564 0.0018931 0.0000000 0.0029765 0.0040053 0.0000000 0.0096813 0.0000000 0.1134871 0.5567578 0.0223810 0.0954025 0.0102469 0.0086133 0.0099543 0.0022827 0.0000000 0.0106882 0.0654343 0.0336449
 71 T  71 0.0128068 0.0588514 0.0628831 0.5250815 0.0011446 0.0153100 0.0463573 0.1181472 0.0268383 0.0000000 0.0026352 0.0159788 0.0000000 0.0095903 0.0116754 0.0397616 0.0175053 0.0000000 0.0050094 0.0000000 0.0304236
 72 D  72 0.0132361 0.0239253 0.2555855 0.4321893 0.0013004 0.0362376 0.0639882 0.0134775 0.0176869 0.0018417 0.0017539 0.0568824 0.0000000 0.0024417 0.0021381 0.0314305 0.0081641 0.0021966 0.0021546 0.0020685 0.0313009
 73 C  73 0.0669572 0.0183502 0.0175123 0.0195770 0.0101318 0.0403512 0.0564238 0.0177275 0.0221823 0.0254784 0.1246928 0.0623723 0.0271464 0.0055833 0.2192573 0.0397336 0.0370579 0.0058315 0.0084864 0.0347157 0.1404312
 74 V  74 0.0900019 0.0092505 0.0096476 0.1740637 0.0000000 0.0229118 0.1503952 0.1217287 0.0114011 0.0137636 0.0231756 0.0252808 0.0012854 0.0000000 0.0911441 0.0616703 0.0291166 0.0000000 0.0034985 0.0201137 0.1415509
 75 P  75 0.1199623 0.0405691 0.0334445 0.0441056 0.0074099 0.0507025 0.0615928 0.0562839 0.0240979 0.0237581 0.0510016 0.1112275 0.0143062 0.0095120 0.0093835 0.0452033 0.0629491 0.0043731 0.0089999 0.0754144 0.1457027
 76 L  76 0.0585227 0.0079368 0.0014930 0.0028623 0.0049895 0.0021952 0.0000000 0.0017243 0.0162132 0.1187122 0.4712189 0.0000000 0.0525990 0.0949670 0.0028919 0.0013460 0.0120890 0.0017409 0.0031986 0.1165730 0.0287264
 77 A  77 0.0700216 0.0314144 0.0345237 0.0679363 0.0061785 0.0622249 0.1179928 0.0177750 0.0200021 0.0335862 0.0973274 0.1501505 0.0091713 0.0154866 0.0145742 0.0489186 0.0295489 0.0000000 0.0108378 0.1363984 0.0259308
 78 S  78 0.1842955 0.0195943 0.0391166 0.0546008 0.0209891 0.0229150 0.0907212 0.1206243 0.0034467 0.0041076 0.0236237 0.0430429 0.0090737 0.0072695 0.1089474 0.1439476 0.0526218 0.0000000 0.0134806 0.0168184 0.0207632
 79 D  79 0.1230482 0.0083249 0.0434205 0.0278179 0.0057962 0.0525755 0.0393510 0.0148720 0.0138213 0.0470589 0.1170586 0.0352263 0.0496759 0.0575998 0.0077931 0.0444969 0.1273548 0.0000000 0.0854527 0.0827156 0.0165398
 80 A  80 0.0690778 0.0000000 0.0020830 0.0084059 0.0169435 0.0000000 0.0017448 0.0015949 0.0000000 0.0890628 0.5756995 0.0000000 0.0221010 0.0637198 0.0000000 0.0082098 0.0096510 0.0086653 0.0413347 0.0681424 0.0135638
 81 N  81 0.1650082 0.0855723 0.0764364 0.0455956 0.0038888 0.0556942 0.0731624 0.0210638 0.0429749 0.0149599 0.0314189 0.1386940 0.0090321 0.0047885 0.0036853 0.1223110 0.0566718 0.0000000 0.0147451 0.0204455 0.0138514
 82 T  82 0.0652893 0.0836150 0.0627349 0.1076558 0.0000000 0.0997563 0.1025817 0.0246157 0.0720366 0.0070512 0.0177929 0.1759898 0.0046690 0.0041436 0.0251642 0.0503669 0.0462569 0.0017539 0.0194538 0.0126061 0.0164664
 83 L  83 0.0015196 0.0024687 0.0117739 0.0021660 0.0000000 0.0059951 0.0000000 0.0016890 0.0184240 0.0595123 0.7225808 0.0044247 0.0515376 0.0345285 0.0000000 0.0017923 0.0148798 0.0000000 0.0039897 0.0528126 0.0099054
 84 V  84 0.2066936 0.0155066 0.0148880 0.0000000 0.0016920 0.0013376 0.0000000 0.4370680 0.0414870 0.0139988 0.0064551 0.0197231 0.0060350 0.0000000 0.0000000 0.1691213 0.0110014 0.0000000 0.0000000 0.0364931 0.0184993
 85 Q  85 0.1439025 0.1560130 0.0294602 0.0565258 0.0009118 0.0688669 0.1187341 0.0316796 0.0199565 0.0067478 0.0216466 0.1209388 0.0039287 0.0016163 0.0036067 0.0610348 0.0590733 0.0000000 0.0203102 0.0576041 0.0174422
 86 M  86 0.0557704 0.1472154 0.0563010 0.0922294 0.0000000 0.0747296 0.0208783 0.0185743 0.0063666 0.0326080 0.1124977 0.0957989 0.0255431 0.0090409 0.0021529 0.0863879 0.0754329 0.0025807 0.0107509 0.0329200 0.0422208
 87 K  87 0.0000000 0.0000000 0.0000000 0.0000000 0.0000000 0.0000000 0.0000000 0.0000000 0.9647466 0.0000000 0.0000000 0.0124168 0.0000000 0.0000000 0.0062236 0.0000000 0.0000000 0.0000000 0.0051150 0.0000000 0.0114980
 88 Q  88 0.1777606 0.0995691 0.0127901 0.0539237 0.0079023 0.0486686 0.0255581 0.0121147 0.0192748 0.0770200 0.0555833 0.1552561 0.0014999 0.0373469 0.0029476 0.0472888 0.0396989 0.0000000 0.0100487 0.1041998 0.0115479
 89 H  89 0.0919437 0.0811212 0.0721835 0.0330371 0.0025164 0.0481486 0.0710046 0.0670191 0.0374346 0.0253360 0.0304329 0.2405470 0.0033665 0.0090292 0.0424377 0.0424326 0.0517219 0.0000000 0.0049321 0.0166642 0.0286911
 90 S  90 0.0085464 0.3007002 0.0114919 0.0023165 0.0056671 0.0054430 0.0000000 0.0000000 0.0565624 0.0034355 0.1438174 0.0806963 0.0216790 0.0651252 0.0256461 0.0115044 0.0011347 0.0102706 0.1904046 0.0172973 0.0382616
 91 S  91 0.0183832 0.0556875 0.0688215 0.0207471 0.0025611 0.0306957 0.0038204 0.4498576 0.1049501 0.0000000 0.0062797 0.0912974 0.0087217 0.0017566 0.0123644 0.0397467 0.0049429 0.0030159 0.0015983 0.0000000 0.0747524
 92 L  92 0.0632412 0.0020895 0.0000000 0.0000000 0.0000000 0.0098552 0.0000000 0.0042272 0.0028118 0.1838185 0.0473157 0.0016663 0.0175123 0.0289085 0.0000000 0.0017516 0.0430301 0.0000000 0.0000000 0.5758328 0.0179392
 93 T  93 0.0261598 0.0445874 0.0296894 0.2312393 0.0068865 0.0354955 0.0522860 0.0694440 0.0068091 0.0172522 0.0348552 0.0854268 0.0078920 0.0000000 0.0736161 0.0634619 0.1507837 0.0000000 0.0069751 0.0392010 0.0179392
 94 T  94 0.0784948 0.0748472 0.0114006 0.0735389 0.0000000 0.0233952 0.0280033 0.0184281 0.0131793 0.0296123 0.0453983 0.0891063 0.0028919 0.0056755 0.3817067 0.0412975 0.0246906 0.0033337 0.0019725 0.0340716 0.0189560
 95 G  95 0.1318288 0.0185998 0.0259814 0.1102639 0.0037578 0.0521453 0.2662564 0.0419627 0.0222490 0.0141553 0.0039422 0.0661827 0.0027001 0.0016163 0.0355820 0.0580534 0.0228740 0.0000000 0.0059663 0.0958277 0.0200552
 96 N  96 0.0126641 0.0058618 0.2375749 0.0358910 0.0000000 0.0907140 0.0220075 0.0075279 0.2855744 0.0000000 0.0254610 0.0105213 0.0253038 0.0209378 0.0041486 0.0306280 0.0064011 0.0012507 0.1469812 0.0091962 0.0213547
 97 F  97 0.0060657 0.0000000 0.0018278 0.0000000 0.0000000 0.0000000 0.0000000 0.0000000 0.0000000 0.0350671 0.0460852 0.0000000 0.0101084 0.6143962 0.0000000 0.0044220 0.0000000 0.0366254 0.1978632 0.0261503 0.0213888
 98 E  98 0.0418964 0.0816171 0.0444736 0.1131355 0.0015765 0.0542988 0.1552602 0.0683775 0.0055387 0.0064056 0.0263690 0.1843532 0.0099340 0.0014198 0.0626606 0.0336314 0.0346880 0.0182958 0.0016438 0.0296713 0.0247535
 99 K  99 0.1485771 0.0133377 0.0499374 0.0416347 0.0035659 0.0289719 0.0545283 0.0042497 0.0267545 0.0422661 0.2380278 0.0352713 0.0095611 0.0264566 0.0494022 0.0194119 0.0453842 0.0086183 0.0123979 0.1138165 0.0278291
100 L 100 0.0373997 0.0000000 0.0000000 0.0000000 0.0000000 0.0000000 0.0000000 0.0040759 0.0000000 0.0956589 0.3194894 0.0000000 0.0624713 0.2155535 0.0038430 0.0029099 0.0165760 0.0000000 0.0072833 0.2051855 0.0295534
101 F 101 0.1006688 0.0630003 0.0128846 0.0039101 0.0086065 0.0416084 0.0501517 0.3225576 0.0066656 0.0191202 0.0270556 0.1150819 0.0020895 0.0298685 0.0030667 0.1124442 0.0204341 0.0099647 0.0050346 0.0143973 0.0313892
102 V 102 0.0718990 0.0389949 0.0708368 0.0738212 0.0014486 0.0892864 0.2295302 0.0633264 0.0699904 0.0073940 0.0072240 0.0497912 0.0023111 0.0156761 0.0373577 0.0293805 0.0536829 0.0000000 0.0092437 0.0473349 0.0314700
103 A 103 0.3020667 0.0000000 0.0146700 0.0026164 0.1134300 0.0118288 0.0111655 0.0137460 0.0116348 0.0529984 0.0368561 0.0048376 0.0166765 0.0000000 0.0446466 0.0774324 0.0392770 0.0000000 0.0098418 0.2043008 0.0319746
104 L 104 0.0022714 0.0000000 0.0014701 0.0000000 0.0000000 0.0000000 0.0000000 0.0014902 0.0000000 0.1921570 0.5272247 0.0000000 0.0487294 0.1481959 0.0000000 0.0000000 0.0047568 0.0044986 0.0069316 0.0302997 0.0319746
105 V 105 0.0745336 0.0060350 0.0022516 0.0109068 0.0034792 0.0152029 0.0214717 0.0096963 0.0216990 0.1437945 0.3539224 0.0173566 0.0590730 0.0155923 0.0065793 0.0141576 0.0502294 0.0000000 0.0101585 0.1299746 0.0338858
106 E 106 0.1025351 0.0266039 0.0107959 0.0835951 0.0097357 0.0301829 0.2020499 0.0332780 0.0300148 0.0508479 0.0149358 0.0894439 0.0073471 0.0144149 0.0236857 0.0646597 0.0363772 0.0191758 0.0268660 0.0887045 0.0347502
107 Y 107 0.1292988 0.0033779 0.0071047 0.0000000 0.0072056 0.0000000 0.0215585 0.0126197 0.0130891 0.0245683 0.0387710 0.0054441 0.0302549 0.0642771 0.0009532 0.0538096 0.1566701 0.0000000 0.1195058 0.2723456 0.0391458
108 M 108 0.0316439 0.0021859 0.0013956 0.0000000 0.0043069 0.0016577 0.0009419 0.0086585 0.0020895 0.1131174 0.5235512 0.0016879 0.0996135 0.0415248 0.0000000 0.0035169 0.0025392 0.0000000 0.0044535 0.1138296 0.0432862
109 R 109 0.2177726 0.0579743 0.0130501 0.0138485 0.0026418 0.0689848 0.0925168 0.1190870 0.0085943 0.0073675 0.0133886 0.1590867 0.0008706 0.0000000 0.0914718 0.0551998 0.0201228 0.0000000 0.0030638 0.0111193 0.0438389
110 A 110 0.1837832 0.0385350 0.0331759 0.0577117 0.0093617 0.0731277 0.1682447 0.0295456 0.0345759 0.0169408 0.0145091 0.0650305 0.0055943 0.0000000 0.0097995 0.1352842 0.0555129 0.0000000 0.0000000 0.0254285 0.0438389
111 S 111 0.1386385 0.0391531 0.0231287 0.0368784 0.0066883 0.0207662 0.0576627 0.0303276 0.1569128 0.0179268 0.0971132 0.0861310 0.0289054 0.0223558 0.0000000 0.0647974 0.0449755 0.0000000 0.0086926 0.0725751 0.0463709
112 G 112 0.0152988 0.0000000 0.0050046 0.0000000 0.0189487 0.0050094 0.0015185 0.1244861 0.0146227 0.0151763 0.2444569 0.0000000 0.0415647 0.1883271 0.0088135 0.0183989 0.0159593 0.1860294 0.0081299 0.0388586 0.0493967
113 Q 113 0.0106948 0.0095926 0.0784873 0.1064415 0.0036001 0.0165615 0.0247456 0.2888503 0.0168827 0.0021488 0.0040565 0.0203205 0.0000000 0.0013798 0.0864812 0.0952729 0.1626666 0.0000000 0.0000000 0.0207629 0.0510544
114 S 114 0.1766093 0.0199234 0.0279555 0.1483602 0.0337547 0.0223000 0.0716103 0.0542535 0.0146028 0.0000000 0.0178736 0.0860881 0.0027978 0.0012004 0.1285531 0.1096683 0.0135321 0.0057747 0.0012951 0.0143091 0.0495380
115 F 115 0.0817641 0.0289837 0.0478755 0.1334712 0.0080412 0.0536706 0.2658793 0.0389593 0.0104833 0.0042222 0.0076494 0.0392226 0.0038749 0.0940473 0.0191677 0.0537963 0.0221704 0.0014250 0.0154002 0.0182376 0.0516582
116 D 116 0.1027855 0.0044039 0.0386953 0.0923015 0.0079060 0.0141489 0.0380446 0.0253873 0.0095578 0.0102507 0.0760887 0.0025683 0.0462603 0.0984455 0.0014552 0.0189249 0.1117727 0.0141691 0.0598480 0.1754590 0.0515269
117 S 117 0.0796411 0.0498309 0.0077625 0.0601036 0.0025204 0.1262904 0.1188714 0.0162318 0.0313393 0.0092759 0.0217586 0.1183798 0.0013428 0.0085904 0.0442124 0.0933245 0.1435949 0.0000000 0.0028547 0.0189351 0.0451395
118 Q 118 0.2395478 0.0429796 0.0342428 0.0952298 0.0033973 0.0850306 0.1463937 0.0395340 0.0114594 0.0060491 0.0118204 0.0450161 0.0009729 0.0023481 0.1006074 0.0458750 0.0240456 0.0009992 0.0000000 0.0109646 0.0534868
119 S 119 0.6453540 0.0021859 0.0181640 0.0091457 0.0011584 0.0087876 0.0666062 0.0114843 0.0017148 0.0000000 0.0068325 0.0057064 0.0025807 0.0020953 0.0066503 0.1210827 0.0304630 0.0000000 0.0000000 0.0067299 0.0532580
120 W 120 0.0247595 0.0000000 0.0027142 0.0000000 0.0044003 0.0024689 0.0000000 0.0048226 0.0019781 0.0213575 0.0690775 0.0000000 0.0378298 0.0207633 0.0000000 0.0016334 0.0133724 0.6463455 0.0067613 0.0833798 0.0583358
121 D 121 0.0808478 0.0607572 0.0527377 0.0809402 0.0014152 0.0965353 0.1037809 0.0494870 0.0703314 0.0121954 0.0109777 0.0966167 0.0061994 0.0016290 0.0060334 0.0537320 0.1028885 0.0044175 0.0026885 0.0396963 0.0660928
122 R 122 0.1407600 0.0634408 0.0391532 0.0570598 0.0021197 0.0626082 0.0996492 0.0435583 0.0204400 0.0100795 0.0108950 0.2729800 0.0036661 0.0000000 0.0026196 0.0387790 0.0320918 0.0019062 0.0025922 0.0295085 0.0660928
123 F 123 0.3415896 0.0000000 0.0021197 0.0000000 0.0580023 0.0000000 0.0017327 0.0551736 0.0000000 0.0295528 0.1639693 0.0000000 0.0146004 0.1031686 0.0000000 0.0368938 0.0335718 0.0015882 0.0000000 0.0912776 0.0667597
124 G 124 0.0062556 0.0092739 0.0039531 0.0046548 0.0048490 0.0000000 0.0029163 0.0133401 0.0018260 0.0403320 0.2764143 0.0020068 0.0431069 0.1454291 0.0000000 0.0051823 0.0119718 0.0712594 0.2417693 0.0419533 0.0735059
125 K 125 0.0959213 0.0315047 0.0519003 0.2342736 0.0086720 0.0697208 0.0599138 0.1086837 0.0086902 0.0034351 0.0160404 0.0797949 0.0062691 0.0000000 0.0033215 0.0512623 0.0706884 0.0087422 0.0000000 0.0038707 0.0872952
126 N 126 0.1382891 0.0262952 0.0512422 0.0000000 0.0056885 0.0355569 0.0289349 0.0217941 0.0333761 0.0558267 0.1138710 0.1156655 0.0077294 0.0267641 0.0012066 0.0139286 0.0397768 0.0000000 0.0282594 0.1564006 0.0993941
127 L 127 0.0286426 0.0000000 0.0000000 0.0000000 0.0000000 0.0000000 0.0000000 0.0000000 0.0025072 0.2458426 0.1856901 0.0000000 0.0532715 0.1563976 0.0000000 0.0040786 0.0262837 0.0029834 0.0000000 0.1959147 0.0983880
128 V 128 0.1673955 0.0243851 0.0292961 0.0000000 0.0277098 0.0096080 0.0117166 0.0131362 0.0038992 0.0780729 0.0808588 0.0078161 0.0238817 0.0529934 0.0000000 0.0701328 0.0486973 0.0026782 0.0585778 0.1629896 0.1261548
129 S 129 0.1554779 0.0185818 0.0945266 0.0804490 0.0055417 0.0492721 0.0593425 0.0632349 0.0182739 0.0085627 0.0031117 0.0701598 0.0000000 0.0066523 0.0073679 0.1216501 0.0827717 0.0029802 0.0091529 0.0076689 0.1352213
130 A 130 0.1709737 0.0094196 0.0016330 0.0364261 0.0021546 0.0092299 0.0144131 0.1084551 0.0243053 0.0583301 0.0383195 0.0254935 0.0227406 0.0238760 0.0052421 0.0246195 0.0735099 0.0000000 0.0205214 0.1775635 0.1527736
131 L 131 0.0037136 0.0000000 0.0000000 0.0000000 0.0023111 0.0000000 0.0000000 0.0000000 0.0017791 0.2576693 0.1946561 0.0000000 0.2025401 0.0065759 0.0000000 0.0000000 0.0021760 0.0000000 0.0000000 0.1607547 0.1678241
132 S 132 0.1231710 0.0165497 0.0089260 0.0169316 0.0022750 0.0254035 0.0223401 0.0234741 0.0000000 0.0718422 0.0194600 0.1129397 0.0025150 0.0386439 0.0000000 0.1130997 0.0633620 0.0000000 0.0053364 0.0319885 0.3017417
133 S 133 0.1498598 0.0076895 0.0176441 0.0343979 0.0000000 0.0067710 0.0381099 0.0256187 0.0069895 0.0010846 0.0042999 0.0755286 0.0010978 0.0000000 0.0000000 0.1218479 0.0553603 0.0000000 0.0000000 0.0041712 0.4495293
134 A 134 0.2012733 0.0000000 0.0000000 0.0000000 0.0030159 0.0289592 0.0013895 0.0508823 0.0088884 0.0016040 0.0000000 0.0000000 0.0021890 0.0000000 0.0026782 0.0216844 0.0020996 0.0000000 0.0000000 0.0021381 0.6731980
135 G 135 0.0126877 0.0000000 0.0000000 0.0000000 0.0030638 0.0000000 0.0000000 0.0461483 0.0000000 0.0025139 0.0101835 0.0000000 0.0051243 0.0000000 0.0000000 0.0065719 0.0024625 0.0000000 0.0000000 0.0000000 0.9112440
136 M 136 0.0021587 0.0000000 0.0000000 0.0000000 0.0000000 0.0000000 0.0044849 0.0000000 0.0030534 0.0000000 0.0382874 0.0000000 0.0184356 0.0000000 0.0000000 0.0017100 0.0000000 0.0000000 0.0000000 0.0045340 0.9273360
137 K 137 0.0000000 0.0055025 0.0000000 0.0000000 0.0000000 0.0102519 0.0087890 0.0000000 0.0000000 0.0000000 0.0000000 0.0374954 0.0000000 0.0000000 0.0000000 0.0000000 0.0000000 0.0000000 0.0000000 0.0000000 0.9379612
