  137         A         R         N         D         C         Q         E         G         H         I         L         K         M         F         P         S         T         W         Y         V    
  1 G   1 0.8198830 0.0000000 0.0000000 0.0000000 0.0000000 0.0000000 0.0000000 0.1801170 0.0000000 0.0000000 0.0000000 0.0000000 0.0000000 0.0000000 0.0000000 0.0000000 0.0000000 0.0000000 0.0000000 0.0000000
  2 F   2 0.0000000 0.0000000 0.0000000 0.0048366 0.0000000 0.0000000 0.0047111 0.0000000 0.0000000 0.5019132 0.3697891 0.0000000 0.0141489 0.0444549 0.0000000 0.0000000 0.0000000 0.0000000 0.0000000 0.0601462
  3 K   3 0.0105794 0.2726381 0.0078603 0.0051773 0.0000000 0.2259367 0.0564311 0.0000000 0.0049181 0.0000000 0.0000000 0.3842958 0.0000000 0.0000000 0.0000000 0.0045404 0.0170657 0.0000000 0.0056617 0.0048953
  4 Q   4 0.1497588 0.0826375 0.0313534 0.0925767 0.0000000 0.1215358 0.1229877 0.0175501 0.0189640 0.0017954 0.0115105 0.1041713 0.0000000 0.0000000 0.0000000 0.2010124 0.0415641 0.0000000 0.0000000 0.0025823
  5 D   5 0.1033591 0.0000000 0.0244349 0.0233112 0.0019205 0.0397222 0.0032966 0.0000000 0.0077416 0.0161686 0.0107488 0.0017396 0.0015770 0.0061644 0.0000000 0.5037536 0.2331882 0.0000000 0.0000000 0.0228736
  6 I   6 0.0085189 0.0000000 0.0000000 0.0000000 0.0000000 0.0000000 0.0000000 0.0039671 0.0000000 0.0783535 0.0093670 0.0000000 0.0101070 0.0935652 0.0000000 0.0000000 0.0030953 0.7639387 0.0054608 0.0236265
  7 A   7 0.2623278 0.0296104 0.0834960 0.0726064 0.0033314 0.0417976 0.1038115 0.1002463 0.0047125 0.0000000 0.0098373 0.1025194 0.0037816 0.0027553 0.0322291 0.0890872 0.0519624 0.0000000 0.0000000 0.0058876
  8 T   8 0.1028761 0.0338473 0.0188314 0.0159124 0.0000000 0.0613810 0.0533425 0.0315624 0.0145693 0.0646331 0.1065539 0.1855059 0.0232361 0.0131374 0.0439405 0.0745088 0.0659887 0.0000000 0.0033737 0.0867997
  9 I   9 0.0701376 0.0000000 0.0011437 0.0041332 0.0000000 0.0000000 0.0060077 0.0000000 0.0000000 0.1845789 0.1903822 0.0000000 0.0625106 0.0446442 0.0081981 0.0045374 0.0109329 0.0000000 0.0023421 0.4104513
 10 R  10 0.1105317 0.1075181 0.0125941 0.0144967 0.0027805 0.0180294 0.1158666 0.0593944 0.0110305 0.0037794 0.0103254 0.2096120 0.0108133 0.0404173 0.0022074 0.0859097 0.0427810 0.0671426 0.0601461 0.0146238
 11 G  11 0.1684850 0.0452072 0.0270057 0.0309783 0.0032227 0.0682692 0.0226106 0.2158485 0.0045080 0.0072233 0.0104678 0.1262463 0.0097871 0.0034130 0.1326761 0.0799625 0.0333366 0.0000000 0.0021331 0.0086191
 12 D  12 0.0175360 0.0423728 0.2292549 0.3177730 0.0042228 0.0439743 0.0426924 0.0598611 0.0630327 0.0174406 0.0067889 0.0574427 0.0000000 0.0115367 0.0029170 0.0338821 0.0255984 0.0000000 0.0120050 0.0116686
 13 L  13 0.1213212 0.1039775 0.0073338 0.0102224 0.0180759 0.0206997 0.0402601 0.0402377 0.0043000 0.0861338 0.1502845 0.0533400 0.0292508 0.0187010 0.0680747 0.0646463 0.0135578 0.0153841 0.0426632 0.0915355
 14 R  14 0.0862094 0.0541957 0.0716664 0.1350329 0.0016059 0.0520903 0.1896925 0.0675554 0.0073447 0.0162264 0.0154894 0.0580749 0.0138337 0.0020123 0.0482828 0.0461040 0.0518514 0.0000000 0.0079381 0.0747937
 15 T  15 0.1395550 0.0428663 0.0323708 0.0928878 0.0000000 0.0702326 0.1948083 0.1089525 0.0399888 0.0071038 0.0210843 0.0838795 0.0021879 0.0035301 0.0185151 0.0505332 0.0685570 0.0000000 0.0019107 0.0210363
 16 Y  16 0.1010897 0.0029335 0.1078438 0.0177771 0.0111873 0.0016440 0.0000000 0.0019187 0.1090130 0.1351507 0.1017091 0.0074478 0.0177801 0.0892740 0.0000000 0.0253002 0.0580768 0.0011256 0.0672316 0.1434971
 17 A  17 0.1302650 0.0000000 0.0000000 0.0017525 0.0084293 0.0000000 0.0307111 0.6789715 0.0000000 0.0015079 0.0000000 0.0000000 0.0030845 0.0045715 0.0101558 0.0463503 0.0382323 0.0030272 0.0000000 0.0429409
 18 Q  18 0.1542752 0.0478499 0.0182250 0.0199968 0.0052195 0.0715927 0.0214587 0.0637031 0.0219782 0.0430019 0.0920471 0.0569016 0.0235335 0.0087080 0.0525496 0.0671721 0.0699631 0.0000000 0.0060741 0.1557498
 19 D  19 0.1228774 0.0446317 0.0621960 0.1187427 0.0037669 0.0392818 0.2202222 0.0128365 0.0184015 0.0373673 0.0667224 0.0765197 0.0108474 0.0152314 0.0000000 0.0545712 0.0253552 0.0000000 0.0238074 0.0466213
 20 I  20 0.1437516 0.0014958 0.0000000 0.0000000 0.0000000 0.0000000 0.0000000 0.0017744 0.0000000 0.1970386 0.1645582 0.0000000 0.0556042 0.2227886 0.0000000 0.0129260 0.0401800 0.0000000 0.0069185 0.1529642
 21 F  21 0.0000000 0.0000000 0.0000000 0.0000000 0.0000000 0.0000000 0.0000000 0.0000000 0.0034389 0.0050684 0.3326362 0.0000000 0.0396895 0.3825198 0.0000000 0.0000000 0.0017684 0.0184687 0.1797794 0.0366306
 22 L  22 0.1224709 0.0437482 0.0204385 0.0187954 0.0094570 0.0326977 0.0851065 0.0711859 0.0123371 0.0733507 0.1263503 0.0580271 0.0255571 0.0228995 0.0011907 0.0586181 0.0784440 0.0008543 0.0776599 0.0608110
 23 A  23 0.0761519 0.4220187 0.0353692 0.0151116 0.0015405 0.0189044 0.0330927 0.0163335 0.0224861 0.0177504 0.0428332 0.1350417 0.0180518 0.0113818 0.0000000 0.0346584 0.0421648 0.0314934 0.0171820 0.0084339
 24 F  24 0.0065169 0.0000000 0.0000000 0.0000000 0.0179686 0.0000000 0.0000000 0.0000000 0.0000000 0.0922550 0.5621417 0.0028888 0.1162082 0.1000796 0.0000000 0.0000000 0.0074616 0.0062959 0.0354541 0.0527296
 25 L  25 0.0060531 0.0000000 0.0000000 0.0000000 0.0000000 0.0034690 0.0000000 0.0000000 0.0000000 0.0206178 0.1848140 0.0015450 0.0047755 0.7550941 0.0000000 0.0000000 0.0059854 0.0000000 0.0018771 0.0157690
 26 N  26 0.1038198 0.0270339 0.0624984 0.0352330 0.0053217 0.0367467 0.1992908 0.0077568 0.0205998 0.0436100 0.0442251 0.1427952 0.0036771 0.0060744 0.0000000 0.0457270 0.1312609 0.0027513 0.0014959 0.0800822
 27 K  27 0.1207430 0.0503825 0.0722723 0.0738862 0.0083942 0.0424839 0.1114341 0.0194735 0.0238812 0.0628575 0.0724274 0.0698390 0.0217164 0.0000000 0.0000000 0.0712942 0.0608157 0.0000000 0.0076386 0.1104603
 28 Y  28 0.1216701 0.0055764 0.0879117 0.0687790 0.0083877 0.0060967 0.0251651 0.0000000 0.2271513 0.0070206 0.0051259 0.0198398 0.0016404 0.0911083 0.0000000 0.0213235 0.0216835 0.0023771 0.2437029 0.0354401
 29 P  29 0.0081443 0.0000000 0.0015509 0.0019131 0.0015560 0.0035993 0.0122643 0.0056922 0.0000000 0.0030302 0.0009409 0.0053871 0.0000000 0.0000000 0.9346881 0.0080605 0.0028118 0.0016815 0.0059365 0.0027434
 30 D  30 0.0763986 0.0288124 0.0481272 0.1690423 0.0000000 0.0847504 0.2515436 0.0377696 0.0146167 0.0022897 0.0032901 0.0117095 0.0016045 0.0013960 0.0090808 0.1028887 0.0482433 0.0981665 0.0035563 0.0067139
 31 E  31 0.1555125 0.0000000 0.0104017 0.0042995 0.0143784 0.0008947 0.0054658 0.0035210 0.0039355 0.0714223 0.1267727 0.0000000 0.0396056 0.0202677 0.0000000 0.0561017 0.2954531 0.0048646 0.1099954 0.0771079
 32 R  32 0.0152785 0.2183196 0.0009826 0.0000000 0.0000000 0.2689273 0.0091970 0.0138152 0.0032263 0.0267605 0.0805744 0.3001554 0.0190208 0.0031275 0.0046695 0.0054630 0.0044021 0.0000000 0.0104397 0.0156406
 33 R  33 0.0962018 0.1271143 0.0600776 0.1160197 0.0000000 0.0610963 0.0880859 0.0314553 0.0087438 0.0130690 0.0199476 0.1233255 0.0000000 0.0052231 0.0588749 0.0633753 0.1097665 0.0000000 0.0085186 0.0091047
 34 Y  34 0.0160632 0.0376843 0.0076090 0.0031551 0.0000000 0.0153516 0.0078481 0.0000000 0.0335112 0.0211506 0.3049706 0.0862810 0.0996436 0.0989319 0.0050190 0.0098199 0.0012710 0.0022935 0.2127613 0.0366349
 35 F  35 0.0000000 0.0000000 0.0000000 0.0000000 0.0000000 0.0000000 0.0000000 0.0000000 0.0000000 0.0000000 0.0045161 0.0000000 0.0000000 0.9668012 0.0000000 0.0020187 0.0000000 0.0161464 0.0075052 0.0030124
 36 K  36 0.0615225 0.0356040 0.0186191 0.0575640 0.0000000 0.0088183 0.0316303 0.0355488 0.0178769 0.0047734 0.0020543 0.1070563 0.0034356 0.0108523 0.3383238 0.1733622 0.0819820 0.0000000 0.0000000 0.0109761
 37 N  37 0.0432270 0.0972483 0.0630302 0.0277133 0.0009561 0.1022669 0.0369307 0.0434617 0.1128786 0.0049124 0.0135632 0.1906431 0.0140506 0.0984964 0.0174156 0.0849881 0.0227068 0.0024189 0.0150919 0.0080003
 38 Y  38 0.0157988 0.0117166 0.0000000 0.0037023 0.0015447 0.0000000 0.0015090 0.0104416 0.0042450 0.0199740 0.1346957 0.0000000 0.0235088 0.6407439 0.0000000 0.0190189 0.0107825 0.0121835 0.0275880 0.0625467
 39 V  39 0.1749224 0.1443930 0.0409502 0.0457999 0.0000000 0.0263212 0.0479534 0.2070963 0.0100755 0.0016109 0.0068831 0.1884848 0.0114817 0.0000000 0.0000000 0.0511397 0.0187685 0.0000000 0.0000000 0.0241196
 40 G  40 0.0277677 0.0087089 0.2008208 0.2292852 0.0046077 0.0168381 0.0388461 0.2940590 0.0486206 0.0019950 0.0156570 0.0405870 0.0056052 0.0057826 0.0000000 0.0276723 0.0222872 0.0000000 0.0016245 0.0092351
 41 K  41 0.0135244 0.0171096 0.0087172 0.0338523 0.0000000 0.0341769 0.0344978 0.0176193 0.0223038 0.0884066 0.2093412 0.1712092 0.0429896 0.0149752 0.0058610 0.0548915 0.0366724 0.0028990 0.0212372 0.1697158
 42 S  42 0.0489219 0.0000000 0.0940886 0.2319439 0.0000000 0.0244860 0.0272125 0.0117491 0.0128749 0.0000000 0.0000000 0.0309734 0.0012893 0.0000000 0.1288299 0.2824504 0.0985369 0.0000000 0.0031879 0.0034551
 43 D  43 0.0993351 0.0085187 0.0283529 0.0675561 0.0046715 0.0263797 0.0326357 0.0090334 0.0077922 0.0788472 0.2212572 0.0288895 0.0265843 0.0333011 0.1161130 0.0443502 0.0262009 0.0044277 0.0192523 0.1165014
 44 Q  44 0.1462317 0.0041064 0.0312761 0.2778716 0.0000000 0.0466261 0.2022100 0.0669932 0.0039906 0.0024294 0.0120020 0.0226546 0.0022339 0.0000000 0.0091921 0.1116612 0.0381238 0.0000000 0.0116717 0.0107256
 45 E  45 0.1875712 0.0124355 0.0584734 0.1266566 0.0011195 0.0568052 0.2353843 0.0154291 0.0187593 0.0047417 0.0341835 0.0318888 0.0042182 0.0026199 0.0357920 0.1130533 0.0212754 0.0000000 0.0012905 0.0383030
 46 L  46 0.0089568 0.0049714 0.0013628 0.0120051 0.0203385 0.0225335 0.0021229 0.0102357 0.0184358 0.1931447 0.4256724 0.0112272 0.0868933 0.0133499 0.0150019 0.0278125 0.0122770 0.0023641 0.0068229 0.1044719
 47 K  47 0.0886120 0.0960927 0.0083014 0.0135964 0.0069796 0.0635753 0.0892603 0.0244967 0.0299542 0.0223332 0.0833664 0.2167204 0.0801825 0.0117951 0.0954969 0.0296870 0.0155374 0.0000000 0.0055953 0.0184171
 48 S  48 0.0791576 0.0321046 0.1013983 0.1066724 0.0000000 0.0552236 0.0525644 0.2730267 0.0294519 0.0000000 0.0030346 0.0702186 0.0040968 0.0056886 0.0000000 0.1014559 0.0517730 0.0044208 0.0230388 0.0066734
 49 M  49 0.0187227 0.0017128 0.3610612 0.1004082 0.0089459 0.0045813 0.0029977 0.0080184 0.0177311 0.0064933 0.0095275 0.0000000 0.0073913 0.0000000 0.0047648 0.3767901 0.0672504 0.0000000 0.0000000 0.0036033
 50 A  50 0.2443591 0.0375169 0.0245101 0.0344348 0.0000000 0.0201825 0.0784751 0.0523482 0.0142635 0.0085330 0.0096581 0.0462828 0.0074912 0.0000000 0.2954644 0.0544985 0.0320498 0.0015621 0.0000000 0.0383699
 51 K  51 0.1153523 0.0669485 0.0483233 0.1138506 0.0046384 0.1258434 0.1700258 0.0229971 0.0084811 0.0015704 0.0093855 0.1891351 0.0063418 0.0117256 0.0184463 0.0493123 0.0176735 0.0000000 0.0087113 0.0112377
 52 F  52 0.0088034 0.0018036 0.0000000 0.0000000 0.0000000 0.0000000 0.0000000 0.0082108 0.0000000 0.0682264 0.2822272 0.0000000 0.1087283 0.3006411 0.0022084 0.0073873 0.0080967 0.0012998 0.0202957 0.1820712
 53 G  53 0.1308682 0.1787723 0.0236831 0.0368107 0.0036678 0.0922245 0.0471962 0.0270473 0.0427569 0.0291727 0.0639669 0.2375688 0.0080732 0.0027733 0.0021279 0.0292457 0.0200684 0.0000000 0.0060061 0.0179699
 54 D  54 0.3763330 0.0283127 0.0423510 0.0298000 0.0000000 0.0289445 0.0481701 0.0641681 0.0158950 0.0086144 0.0163524 0.1238850 0.0063590 0.0134150 0.0149984 0.0532378 0.0669918 0.0080899 0.0163594 0.0377224
 55 H  55 0.0026924 0.0000000 0.0000000 0.0000000 0.0000000 0.2468314 0.0064402 0.0000000 0.7043318 0.0022651 0.0145319 0.0000000 0.0000000 0.0078860 0.0000000 0.0027584 0.0000000 0.0000000 0.0070748 0.0051879
 56 T  56 0.2840544 0.0470678 0.0060215 0.0000000 0.0312321 0.0129532 0.0041813 0.3810059 0.0012269 0.0335260 0.0098824 0.0071695 0.0163300 0.0000000 0.0067463 0.0538000 0.0204180 0.0000000 0.0000000 0.0843847
 57 E  57 0.0835874 0.0695146 0.0383642 0.0515429 0.0071975 0.0496341 0.0615384 0.0566471 0.0155548 0.0608154 0.0913987 0.1725174 0.0350770 0.0119351 0.0000000 0.0554423 0.0612962 0.0000000 0.0176015 0.0603354
 58 K  58 0.0341450 0.3326358 0.0420448 0.0019673 0.0000000 0.0074957 0.0037389 0.0060702 0.0068298 0.0107355 0.0328421 0.2934024 0.0075559 0.0000000 0.0000000 0.0336660 0.1347441 0.0026995 0.0038430 0.0455840
 59 V  59 0.0051019 0.0000000 0.0000000 0.0000000 0.0089580 0.0000000 0.0000000 0.0000000 0.0000000 0.1673952 0.1546885 0.0000000 0.0057459 0.0715588 0.0000000 0.0035992 0.0052543 0.0000000 0.0149450 0.5627532
 60 F  60 0.0732811 0.0063211 0.0000000 0.0000000 0.0075736 0.0054230 0.0022331 0.0174933 0.0000000 0.0955559 0.2601159 0.0027867 0.2393256 0.1113477 0.0000000 0.0038534 0.0251620 0.0067687 0.0077162 0.1350426
 61 N  61 0.1032584 0.0573396 0.1118699 0.0952864 0.0024208 0.0460451 0.0340995 0.1377121 0.0313816 0.0045412 0.0338529 0.0683046 0.0104213 0.0000000 0.0000000 0.1073156 0.1076917 0.0016633 0.0258867 0.0209095
 62 L  62 0.3464991 0.0301758 0.0000000 0.0000000 0.0018536 0.0119081 0.0098195 0.1574869 0.0050035 0.0075998 0.0305815 0.0290559 0.0596783 0.0639003 0.0000000 0.1048680 0.0688752 0.0000000 0.0110581 0.0616364
 63 M  63 0.0063942 0.0000000 0.0000000 0.0000000 0.0097616 0.0000000 0.0000000 0.0020979 0.0000000 0.1603339 0.5271108 0.0000000 0.0231366 0.1064104 0.0000000 0.0017030 0.0272960 0.0000000 0.0000000 0.1357556
 64 M  64 0.0382698 0.0138554 0.1042365 0.2434872 0.0272936 0.0214250 0.0638475 0.2138789 0.0249063 0.0070222 0.0382340 0.0190570 0.0116958 0.0000000 0.0000000 0.0622020 0.0592888 0.0014418 0.0025362 0.0473218
 65 E  65 0.0549091 0.0463082 0.0747750 0.0929992 0.0000000 0.0331778 0.1715943 0.0258319 0.0263632 0.0288920 0.0605048 0.0827763 0.0207337 0.0192348 0.0000000 0.0866330 0.1077579 0.0041728 0.0203721 0.0429638
 66 V  66 0.3144505 0.0000000 0.0035460 0.0000000 0.0198537 0.0022274 0.0000000 0.0405459 0.0025953 0.1328156 0.1389728 0.0000000 0.0241066 0.0520559 0.0011954 0.0507101 0.0257180 0.0091139 0.0146647 0.1674281
 67 A  67 0.1083852 0.0000000 0.0014477 0.0000000 0.0041569 0.0000000 0.0000000 0.0051188 0.0000000 0.3184833 0.1168272 0.0020955 0.0247037 0.0000000 0.0025849 0.0059325 0.0067125 0.0000000 0.0000000 0.4035517
 68 D  68 0.0836392 0.0530648 0.1125654 0.1146114 0.0045520 0.0669945 0.1008386 0.0544580 0.0104518 0.0110924 0.0143250 0.1912042 0.0046619 0.0011478 0.0093036 0.0936734 0.0429825 0.0030127 0.0033655 0.0240552
 69 R  69 0.0705091 0.0388773 0.2114114 0.0021093 0.0034717 0.0679354 0.0334592 0.0598147 0.1312644 0.0014049 0.0872514 0.0482791 0.0218613 0.0093676 0.0000000 0.1405795 0.0308027 0.0000000 0.0171181 0.0244828
 70 A  70 0.0445759 0.0103986 0.0020098 0.0000000 0.0032162 0.0040716 0.0000000 0.0105132 0.0000000 0.1191150 0.5763013 0.0204773 0.0970329 0.0107565 0.0080784 0.0099240 0.0022881 0.0000000 0.0113314 0.0699098
 71 T  71 0.0151478 0.0621088 0.0675695 0.5380166 0.0012338 0.0160004 0.0479962 0.1183280 0.0277486 0.0000000 0.0028336 0.0164127 0.0000000 0.0104320 0.0121606 0.0406643 0.0182939 0.0000000 0.0050534 0.0000000
 72 D  72 0.0134861 0.0245485 0.2586366 0.4478388 0.0013926 0.0370848 0.0687020 0.0136330 0.0168298 0.0020017 0.0018888 0.0600181 0.0000000 0.0025663 0.0020869 0.0337503 0.0087369 0.0022734 0.0023065 0.0022188
 73 C  73 0.0778563 0.0215763 0.0213860 0.0236801 0.0144652 0.0468579 0.0643696 0.0203950 0.0247522 0.0274650 0.1405777 0.0752740 0.0314520 0.0067434 0.2553525 0.0457772 0.0436327 0.0067222 0.0099248 0.0417398
 74 V  74 0.1038905 0.0107335 0.0109011 0.2015410 0.0000000 0.0269379 0.1769450 0.1469148 0.0138459 0.0159923 0.0269808 0.0294526 0.0015530 0.0000000 0.1038330 0.0674917 0.0343230 0.0000000 0.0042797 0.0243841
 75 P  75 0.1386856 0.0499661 0.0364230 0.0518995 0.0091327 0.0596574 0.0729558 0.0615340 0.0314916 0.0281619 0.0617678 0.1300491 0.0165626 0.0116567 0.0113769 0.0528955 0.0719398 0.0049550 0.0098486 0.0890403
 76 L  76 0.0584783 0.0089951 0.0016164 0.0030709 0.0051440 0.0022336 0.0000000 0.0011251 0.0192781 0.1189046 0.4862393 0.0000000 0.0522746 0.0984270 0.0031282 0.0014304 0.0121998 0.0018821 0.0032798 0.1222926
 77 A  77 0.0748871 0.0299646 0.0339271 0.0678346 0.0065113 0.0651789 0.1274989 0.0180762 0.0208986 0.0341393 0.0994175 0.1509431 0.0094963 0.0155800 0.0141307 0.0484925 0.0303857 0.0000000 0.0104784 0.1421593
 78 S  78 0.1881370 0.0178212 0.0391240 0.0563423 0.0213867 0.0242312 0.0951836 0.1239507 0.0032926 0.0043496 0.0246360 0.0445062 0.0094233 0.0068927 0.1096476 0.1479932 0.0524749 0.0000000 0.0145207 0.0160863
 79 D  79 0.1236731 0.0082700 0.0459032 0.0267749 0.0059417 0.0549027 0.0409562 0.0155183 0.0138537 0.0477039 0.1205028 0.0355802 0.0485360 0.0586706 0.0074729 0.0452877 0.1285583 0.0000000 0.0879364 0.0839575
 80 A  80 0.0710392 0.0000000 0.0021755 0.0088110 0.0171780 0.0000000 0.0017547 0.0017020 0.0000000 0.0911489 0.5840238 0.0000000 0.0234074 0.0627091 0.0000000 0.0087980 0.0095825 0.0091395 0.0402931 0.0682374
 81 N  81 0.1624375 0.0865959 0.0775084 0.0448353 0.0040736 0.0558279 0.0749596 0.0209971 0.0440898 0.0157319 0.0335789 0.1453481 0.0090179 0.0049694 0.0038841 0.1225306 0.0572294 0.0000000 0.0152927 0.0210920
 82 T  82 0.0672385 0.0863379 0.0618430 0.1093705 0.0000000 0.1004189 0.1032629 0.0233972 0.0710720 0.0067086 0.0177717 0.1808655 0.0045877 0.0043873 0.0278185 0.0514512 0.0471294 0.0018514 0.0211773 0.0133107
 83 L  83 0.0015938 0.0026040 0.0122468 0.0023290 0.0000000 0.0061720 0.0000000 0.0017584 0.0185872 0.0588662 0.7302373 0.0044774 0.0503700 0.0356723 0.0000000 0.0018698 0.0154465 0.0000000 0.0039898 0.0537796
 84 V  84 0.2120033 0.0168062 0.0142719 0.0000000 0.0017304 0.0013996 0.0000000 0.4448223 0.0417159 0.0144830 0.0068315 0.0202305 0.0058337 0.0000000 0.0000000 0.1703600 0.0115780 0.0000000 0.0000000 0.0379336
 85 Q  85 0.1436401 0.1598969 0.0299429 0.0589387 0.0009497 0.0728811 0.1215730 0.0318380 0.0190549 0.0067490 0.0221844 0.1212947 0.0041346 0.0016876 0.0037111 0.0608857 0.0589510 0.0000000 0.0219357 0.0597509
 86 M  86 0.0597514 0.1528120 0.0590575 0.0966295 0.0000000 0.0772928 0.0220159 0.0195549 0.0035122 0.0332177 0.1157511 0.0989924 0.0261050 0.0098575 0.0023255 0.0931738 0.0806312 0.0027981 0.0108529 0.0356686
 87 K  87 0.0000000 0.0000000 0.0000000 0.0000000 0.0000000 0.0000000 0.0000000 0.0000000 0.9756992 0.0000000 0.0000000 0.0128195 0.0000000 0.0000000 0.0058655 0.0000000 0.0000000 0.0000000 0.0056158 0.0000000
 88 Q  88 0.1778514 0.1005014 0.0126113 0.0533027 0.0081275 0.0501063 0.0255872 0.0123422 0.0202307 0.0811771 0.0581221 0.1551745 0.0015794 0.0357986 0.0028083 0.0465504 0.0414443 0.0000000 0.0125700 0.1041146
 89 H  89 0.0948742 0.0852225 0.0739058 0.0340382 0.0025196 0.0499557 0.0727304 0.0685237 0.0382209 0.0262482 0.0313246 0.2498223 0.0035946 0.0068405 0.0444758 0.0424107 0.0530511 0.0000000 0.0051709 0.0170702
 90 S  90 0.0089633 0.3148220 0.0122919 0.0025025 0.0060406 0.0055924 0.0000000 0.0000000 0.0604192 0.0035552 0.1457237 0.0823027 0.0229477 0.0679644 0.0265648 0.0135066 0.0012204 0.0111171 0.1963908 0.0180749
 91 S  91 0.0197384 0.0595640 0.0752749 0.0206486 0.0027853 0.0334902 0.0042348 0.4864903 0.1101394 0.0000000 0.0067048 0.1012477 0.0095681 0.0018188 0.0132063 0.0444252 0.0055169 0.0034334 0.0017129 0.0000000
 92 L  92 0.0638726 0.0021716 0.0000000 0.0000000 0.0000000 0.0101333 0.0000000 0.0045256 0.0029641 0.1928863 0.0483852 0.0016809 0.0181170 0.0289634 0.0000000 0.0012801 0.0446927 0.0000000 0.0000000 0.5803273
 93 T  93 0.0262261 0.0451477 0.0304527 0.2307018 0.0045659 0.0361460 0.0537366 0.0720783 0.0069481 0.0176983 0.0355825 0.0871537 0.0077070 0.0000000 0.0787188 0.0654178 0.1541562 0.0000000 0.0073518 0.0402106
 94 T  94 0.0790291 0.0788016 0.0114689 0.0761423 0.0000000 0.0242526 0.0267914 0.0191806 0.0125581 0.0329801 0.0477475 0.0906964 0.0030858 0.0060427 0.3842764 0.0412282 0.0259541 0.0035523 0.0020183 0.0341937
 95 G  95 0.1341011 0.0212630 0.0255319 0.1092557 0.0039449 0.0532936 0.2717729 0.0437251 0.0220638 0.0147644 0.0039760 0.0709106 0.0028709 0.0016850 0.0338122 0.0600626 0.0237732 0.0000000 0.0061517 0.0970413
 96 N  96 0.0128320 0.0061960 0.2371677 0.0372170 0.0000000 0.0905669 0.0222906 0.0071707 0.2906401 0.0000000 0.0265113 0.0110251 0.0263730 0.0221428 0.0046690 0.0323348 0.0064739 0.0012548 0.1553948 0.0097397
 97 F  97 0.0064404 0.0000000 0.0019620 0.0000000 0.0000000 0.0000000 0.0000000 0.0000000 0.0000000 0.0356887 0.0497503 0.0000000 0.0103622 0.6273521 0.0000000 0.0047195 0.0000000 0.0380854 0.1979025 0.0277369
 98 E  98 0.0423301 0.0809462 0.0447279 0.1170575 0.0016438 0.0592817 0.1596648 0.0714110 0.0056913 0.0068529 0.0277619 0.1873547 0.0103195 0.0014355 0.0625929 0.0349004 0.0351381 0.0186173 0.0017320 0.0305405
 99 K  99 0.1552161 0.0136641 0.0527403 0.0446197 0.0034584 0.0306530 0.0566387 0.0044317 0.0266714 0.0438113 0.2377427 0.0370782 0.0097720 0.0271417 0.0515075 0.0207002 0.0468424 0.0091873 0.0145826 0.1135409
100 L 100 0.0389116 0.0000000 0.0000000 0.0000000 0.0000000 0.0000000 0.0000000 0.0043389 0.0000000 0.0978977 0.3265502 0.0000000 0.0645947 0.2219968 0.0038202 0.0030381 0.0182170 0.0000000 0.0077613 0.2128734
101 F 101 0.1036942 0.0654183 0.0133739 0.0037256 0.0081946 0.0415867 0.0528506 0.3328175 0.0066934 0.0190150 0.0285884 0.1214420 0.0021968 0.0307762 0.0032666 0.1148591 0.0207422 0.0104877 0.0050438 0.0152275
102 V 102 0.0729140 0.0401742 0.0718462 0.0710019 0.0015064 0.0923611 0.2407350 0.0655719 0.0713013 0.0076460 0.0075325 0.0513376 0.0025092 0.0173218 0.0392464 0.0302726 0.0577219 0.0000000 0.0099213 0.0490789
103 A 103 0.3123102 0.0000000 0.0159339 0.0027574 0.1131109 0.0123149 0.0132459 0.0140721 0.0122611 0.0539693 0.0398753 0.0051455 0.0174023 0.0000000 0.0466637 0.0791619 0.0401486 0.0000000 0.0107899 0.2108370
104 L 104 0.0024046 0.0000000 0.0015806 0.0000000 0.0000000 0.0000000 0.0000000 0.0015958 0.0000000 0.2012670 0.5381622 0.0000000 0.0498708 0.1564028 0.0000000 0.0000000 0.0049491 0.0046654 0.0073506 0.0317510
105 V 105 0.0757245 0.0065038 0.0023644 0.0116811 0.0034093 0.0147214 0.0225150 0.0100879 0.0222446 0.1546017 0.3639746 0.0184359 0.0617296 0.0162348 0.0070554 0.0148944 0.0502572 0.0000000 0.0107133 0.1328509
106 E 106 0.1052550 0.0280272 0.0114317 0.0879757 0.0094600 0.0306701 0.2076421 0.0343016 0.0343816 0.0506520 0.0165277 0.0916290 0.0076374 0.0153677 0.0250369 0.0685741 0.0376522 0.0190586 0.0284196 0.0902997
107 Y 107 0.1354424 0.0035462 0.0076706 0.0000000 0.0074564 0.0000000 0.0231326 0.0130107 0.0129483 0.0266214 0.0407377 0.0057776 0.0338672 0.0681050 0.0010145 0.0528118 0.1608579 0.0000000 0.1258233 0.2811765
108 M 108 0.0331893 0.0023440 0.0014791 0.0000000 0.0043721 0.0017259 0.0009848 0.0087777 0.0022175 0.1207171 0.5482777 0.0017923 0.1006523 0.0433952 0.0000000 0.0037203 0.0026786 0.0000000 0.0047320 0.1189442
109 R 109 0.2240945 0.0611273 0.0137990 0.0144993 0.0028477 0.0727930 0.0975125 0.1220593 0.0106994 0.0080250 0.0142459 0.1651554 0.0008611 0.0000000 0.0979646 0.0584377 0.0212210 0.0000000 0.0033356 0.0113216
110 A 110 0.1912722 0.0389026 0.0351567 0.0614494 0.0098259 0.0771949 0.1771922 0.0309225 0.0363479 0.0179036 0.0126316 0.0679634 0.0062482 0.0000000 0.0100797 0.1430942 0.0570659 0.0000000 0.0000000 0.0267491
111 S 111 0.1452572 0.0401575 0.0251283 0.0384448 0.0072666 0.0215534 0.0626500 0.0311874 0.1603744 0.0192249 0.1016148 0.0921214 0.0311821 0.0231586 0.0000000 0.0696899 0.0476545 0.0000000 0.0091712 0.0741629
112 G 112 0.0159269 0.0000000 0.0050471 0.0000000 0.0204802 0.0054914 0.0016010 0.1303158 0.0150365 0.0164047 0.2572486 0.0000000 0.0429416 0.1982861 0.0094604 0.0199565 0.0167945 0.1959595 0.0083982 0.0406511
113 Q 113 0.0109294 0.0091729 0.0815348 0.1114479 0.0036857 0.0178113 0.0261687 0.3058243 0.0177766 0.0023251 0.0044120 0.0217134 0.0000000 0.0014071 0.0919211 0.1012480 0.1700016 0.0000000 0.0000000 0.0226201
114 S 114 0.1878102 0.0214112 0.0294588 0.1555800 0.0346347 0.0235526 0.0763090 0.0545021 0.0148778 0.0000000 0.0192071 0.0899563 0.0030051 0.0011903 0.1337116 0.1179372 0.0142886 0.0060628 0.0013835 0.0151211
115 F 115 0.0856979 0.0307132 0.0508782 0.1421420 0.0083305 0.0562982 0.2799240 0.0373876 0.0111090 0.0044571 0.0084083 0.0424320 0.0049188 0.0984942 0.0204361 0.0576605 0.0237646 0.0014243 0.0164312 0.0190926
116 D 116 0.1122259 0.0047790 0.0408033 0.0954218 0.0086004 0.0149864 0.0415947 0.0264748 0.0100579 0.0107390 0.0802448 0.0027296 0.0485874 0.1016144 0.0014450 0.0198922 0.1169344 0.0153295 0.0628688 0.1846709
117 S 117 0.0838552 0.0535813 0.0082351 0.0634727 0.0025459 0.1321084 0.1250190 0.0168759 0.0311447 0.0094406 0.0229701 0.1245334 0.0014597 0.0092301 0.0460592 0.0974848 0.1490538 0.0000000 0.0031004 0.0198296
118 Q 118 0.2506615 0.0460611 0.0370990 0.1009569 0.0036495 0.0873467 0.1559035 0.0446224 0.0119433 0.0065212 0.0125258 0.0486748 0.0010315 0.0025268 0.1035505 0.0489661 0.0251280 0.0010586 0.0000000 0.0117727
119 S 119 0.6825316 0.0023659 0.0189555 0.0098672 0.0012351 0.0088800 0.0690678 0.0124147 0.0018061 0.0000000 0.0074158 0.0063602 0.0028041 0.0022756 0.0072396 0.1281396 0.0313385 0.0000000 0.0000000 0.0073027
120 W 120 0.0262430 0.0000000 0.0029350 0.0000000 0.0044507 0.0027538 0.0000000 0.0048441 0.0021742 0.0226260 0.0731322 0.0000000 0.0429784 0.0215509 0.0000000 0.0017503 0.0141153 0.6866905 0.0073032 0.0864524
121 D 121 0.0880027 0.0642452 0.0597086 0.0845707 0.0015445 0.0997369 0.1113939 0.0527881 0.0741774 0.0131849 0.0120077 0.1056850 0.0065912 0.0017301 0.0067675 0.0584685 0.1102478 0.0048296 0.0026361 0.0416835
122 R 122 0.1475068 0.0678634 0.0421123 0.0610738 0.0023457 0.0678202 0.1067873 0.0486990 0.0221062 0.0108460 0.0115076 0.2921340 0.0036466 0.0000000 0.0027175 0.0411553 0.0346109 0.0020722 0.0027672 0.0322280
123 F 123 0.3660216 0.0000000 0.0023470 0.0000000 0.0621955 0.0000000 0.0016749 0.0609191 0.0000000 0.0313187 0.1788102 0.0000000 0.0155365 0.1083658 0.0000000 0.0396122 0.0349685 0.0017781 0.0000000 0.0964520
124 G 124 0.0066975 0.0098395 0.0042706 0.0051946 0.0053457 0.0000000 0.0032385 0.0148538 0.0020053 0.0441995 0.2972554 0.0022214 0.0461495 0.1588941 0.0000000 0.0043302 0.0132092 0.0780857 0.2583122 0.0458973
125 K 125 0.1058830 0.0341883 0.0570323 0.2566233 0.0094443 0.0755435 0.0677706 0.1180252 0.0096641 0.0036603 0.0175235 0.0890945 0.0065374 0.0000000 0.0035413 0.0555470 0.0771362 0.0087767 0.0000000 0.0040085
126 N 126 0.1533420 0.0294730 0.0575811 0.0000000 0.0062212 0.0396188 0.0313551 0.0239558 0.0377324 0.0607460 0.1281301 0.1256457 0.0087459 0.0299770 0.0012945 0.0155541 0.0445779 0.0000000 0.0336397 0.1724098
127 L 127 0.0324323 0.0000000 0.0000000 0.0000000 0.0000000 0.0000000 0.0000000 0.0000000 0.0025429 0.2749568 0.2074959 0.0000000 0.0587920 0.1743967 0.0000000 0.0045992 0.0286662 0.0034524 0.0000000 0.2126657
128 V 128 0.1878396 0.0306391 0.0348258 0.0000000 0.0338648 0.0113329 0.0138157 0.0150444 0.0046204 0.0880978 0.0913273 0.0091323 0.0265595 0.0613697 0.0000000 0.0794931 0.0542740 0.0031672 0.0677306 0.1868659
129 S 129 0.1764068 0.0218290 0.1087815 0.0939824 0.0061412 0.0566410 0.0677401 0.0722654 0.0206946 0.0098218 0.0035612 0.0855022 0.0000000 0.0078110 0.0086784 0.1389616 0.0975194 0.0034730 0.0108088 0.0093806
130 A 130 0.1980845 0.0100366 0.0023782 0.0450967 0.0025846 0.0109276 0.0167708 0.1277407 0.0289100 0.0677112 0.0447576 0.0304322 0.0273501 0.0284819 0.0062818 0.0288779 0.0866793 0.0000000 0.0242140 0.2126845
131 L 131 0.0043229 0.0000000 0.0000000 0.0000000 0.0028988 0.0000000 0.0000000 0.0000000 0.0022100 0.3164679 0.2322103 0.0000000 0.2412462 0.0081740 0.0000000 0.0000000 0.0027913 0.0000000 0.0000000 0.1896787
132 S 132 0.1779781 0.0233130 0.0122986 0.0239595 0.0033536 0.0363719 0.0324273 0.0334092 0.0000000 0.1007250 0.0280331 0.1646826 0.0035764 0.0557567 0.0000000 0.1624725 0.0889932 0.0000000 0.0078070 0.0448423
133 S 133 0.2734916 0.0132872 0.0318801 0.0609850 0.0000000 0.0124751 0.0704595 0.0464312 0.0125061 0.0019581 0.0086016 0.1382074 0.0019983 0.0000000 0.0000000 0.2208609 0.0990378 0.0000000 0.0000000 0.0078200
134 A 134 0.6090748 0.0000000 0.0000000 0.0000000 0.0096177 0.0881338 0.0044524 0.1603289 0.0290816 0.0051291 0.0000000 0.0000000 0.0069680 0.0000000 0.0084698 0.0661146 0.0065623 0.0000000 0.0000000 0.0060671
135 G 135 0.1439739 0.0000000 0.0000000 0.0000000 0.0340716 0.0000000 0.0000000 0.5142059 0.0000000 0.0281261 0.1155360 0.0000000 0.0586879 0.0000000 0.0000000 0.0766010 0.0287976 0.0000000 0.0000000 0.0000000
136 M 136 0.0308824 0.0000000 0.0000000 0.0000000 0.0000000 0.0000000 0.0611558 0.0000000 0.0421192 0.0000000 0.5248450 0.0000000 0.2553939 0.0000000 0.0000000 0.0225508 0.0000000 0.0000000 0.0000000 0.0630527
137 K 137 0.0000000 0.0913488 0.0000000 0.0000000 0.0000000 0.1645271 0.1430330 0.0000000 0.0000000 0.0000000 0.0000000 0.6010911 0.0000000 0.0000000 0.0000000 0.0000000 0.0000000 0.0000000 0.0000000 0.0000000
